season,week,player_id,player_name,position,recent_team,opponent_team,completions,attempts,passing_yards,passing_tds,interceptions,sacks,sack_yards,carries,rushing_yards,rushing_tds,targets,receptions,receiving_yards,receiving_tds,fantasy_points,fantasy_points_ppr,offense_snaps,offense_pct,height,weight,age,years_exp,college,entry_year,rookie_year,draft_club,draft_number,team_strength,target_share
2015,4,00-0007091,,QB,IND,JAX,30,47,282.0,1,0.0,3.0,16.0,3,1.0,0,0,0,0.0,0,15.38,15.38,,,76.0,235.0,40.1190625,17.0,Boston College,1998.0,1998.0,GB,187,3.0,
2015,5,00-0007091,,QB,IND,HOU,18,29,213.0,2,0.0,0.0,-0.0,3,-3.0,0,0,0,0.0,0,16.22,16.22,,,76.0,235.0,40.1190625,17.0,Boston College,1998.0,1998.0,GB,187,,
2015,11,00-0007091,,QB,IND,ATL,23,32,213.0,2,2.0,2.0,11.0,3,8.0,0,0,0,0.0,0,13.32,13.32,,,76.0,235.0,40.1190625,17.0,Boston College,1998.0,1998.0,GB,187,,
2015,12,00-0007091,,QB,IND,TB,26,42,315.0,2,0.0,3.0,6.0,3,-3.0,0,0,0,0.0,0,20.3,20.3,,,76.0,235.0,40.1190625,17.0,Boston College,1998.0,1998.0,GB,187,13.0,
2015,13,00-0007091,,QB,IND,PIT,16,26,169.0,1,2.0,2.0,14.0,2,1.0,0,0,0,0.0,0,4.86,4.86,,,76.0,235.0,40.1190625,17.0,Boston College,1998.0,1998.0,GB,187,,
2015,14,00-0007091,,QB,IND,JAX,18,35,252.0,0,0.0,3.0,33.0,1,10.0,0,0,0,0.0,0,9.08,9.08,,,76.0,235.0,40.1190625,17.0,Boston College,1998.0,1998.0,GB,187,,
2015,15,00-0007091,,QB,IND,HOU,17,30,147.0,1,1.0,2.0,20.0,1,1.0,0,0,0,0.0,0,7.98,7.98,,,76.0,235.0,40.1190625,17.0,Boston College,1998.0,1998.0,GB,187,-6.0,
2015,16,00-0007091,,QB,IND,MIA,8,15,99.0,0,0.0,1.0,1.0,0,0.0,0,0,0,0.0,0,3.96,3.96,,,76.0,235.0,40.1190625,17.0,Boston College,1998.0,1998.0,GB,187,,
2015,1,00-0010346,,QB,DEN,BAL,24,40,175.0,0,1.0,4.0,25.0,1,-1.0,0,0,0,0.0,0,4.9,4.9,,,77.0,230.0,39.661,17.0,Tennessee,1998.0,1998.0,IND,1,6.0,
2015,2,00-0010346,,QB,DEN,KC,26,45,256.0,3,1.0,3.0,18.0,0,0.0,0,0,0,0.0,0,20.24,20.24,,,77.0,230.0,39.661,17.0,Tennessee,1998.0,1998.0,IND,1,,
2015,3,00-0010346,,QB,DEN,DET,31,42,324.0,2,1.0,1.0,11.0,1,-1.0,0,0,0,0.0,0,18.86,18.86,,,77.0,230.0,39.661,17.0,Tennessee,1998.0,1998.0,IND,1,,
2015,4,00-0010346,,QB,DEN,MIN,17,27,213.0,1,2.0,2.0,13.0,2,-2.0,0,0,0,0.0,0,8.32,8.32,,,77.0,230.0,39.661,17.0,Tennessee,1998.0,1998.0,IND,1,3.0,
2015,5,00-0010346,,QB,DEN,LV,22,35,266.0,0,2.0,2.0,12.0,0,0.0,0,0,0,0.0,0,6.64,6.64,,,77.0,230.0,39.661,17.0,Tennessee,1998.0,1998.0,IND,1,,
2015,6,00-0010346,,QB,DEN,CLE,26,48,290.0,1,3.0,0.0,-0.0,0,0.0,0,0,0,0.0,0,9.6,9.6,,,77.0,230.0,39.661,17.0,Tennessee,1998.0,1998.0,IND,1,,
2015,8,00-0010346,,QB,DEN,GB,21,29,340.0,0,1.0,0.0,-0.0,0,0.0,0,0,0,0.0,0,11.6,11.6,,,77.0,230.0,39.661,17.0,Tennessee,1998.0,1998.0,IND,1,19.0,
2015,9,00-0010346,,QB,DEN,IND,21,36,281.0,2,2.0,1.0,7.0,0,0.0,0,0,0,0.0,0,15.24,15.24,,,77.0,230.0,39.661,17.0,Tennessee,1998.0,1998.0,IND,1,,
2015,10,00-0010346,,QB,DEN,KC,5,20,35.0,0,4.0,2.0,9.0,0,0.0,0,0,0,0.0,0,-6.6,-6.6,,,77.0,230.0,39.661,17.0,Tennessee,1998.0,1998.0,IND,1,-16.0,
2015,17,00-0010346,,QB,DEN,LAC,5,9,69.0,0,0.0,1.0,-0.0,2,-2.0,0,0,0,0.0,0,2.56,2.56,,,77.0,230.0,39.661,17.0,Tennessee,1998.0,1998.0,IND,1,7.0,
2015,19,00-0010346,,QB,DEN,PIT,21,37,222.0,0,0.0,1.0,7.0,2,-1.0,0,0,0,0.0,0,10.78,10.78,,,77.0,230.0,39.661,17.0,Tennessee,1998.0,1998.0,IND,1,7.0,
2015,20,00-0010346,,QB,DEN,NE,17,32,176.0,2,0.0,3.0,31.0,3,11.0,0,0,0,0.0,0,14.14,14.14,,,77.0,230.0,39.661,17.0,Tennessee,1998.0,1998.0,IND,1,2.0,
2015,21,00-0010346,,QB,DEN,CAR,13,23,141.0,0,1.0,5.0,37.0,0,0.0,0,0,0,0.0,0,3.64,3.64,,,77.0,230.0,39.661,17.0,Tennessee,1998.0,1998.0,IND,1,14.0,
2015,16,00-0018227,,FS,LV,LAC,0,0,0.0,0,0.0,0.0,0.0,1,-3.0,0,0,0,0.0,0,-0.3,-0.3,,,73.0,210.0,39.088625,17.0,Michigan,1998.0,1998.0,OAK,4,,
2015,1,00-0019596,T.Brady,QB,NE,PIT,25,32,288.0,4,0.0,2.0,7.0,3,1.0,0,0,0,0.0,0,27.62,27.62,,,76.0,225.0,38.291000000000004,15.0,Michigan,2000.0,2000.0,NE,199,7.0,
2015,2,00-0019596,T.Brady,QB,NE,BUF,38,59,466.0,3,0.0,2.0,15.0,3,-4.0,0,0,0,0.0,0,28.24,28.24,,,76.0,225.0,38.291000000000004,15.0,Michigan,2000.0,2000.0,NE,199,,
2015,3,00-0019596,T.Brady,QB,NE,JAX,33,42,358.0,2,0.0,2.0,12.0,2,4.0,0,0,0,0.0,0,22.72,22.72,,,76.0,225.0,38.291000000000004,15.0,Michigan,2000.0,2000.0,NE,199,34.0,
2015,5,00-0019596,T.Brady,QB,NE,DAL,20,27,275.0,2,0.0,5.0,28.0,2,3.0,1,0,0,0.0,0,25.3,25.3,,,76.0,225.0,38.291000000000004,15.0,Michigan,2000.0,2000.0,NE,199,,
2015,6,00-0019596,T.Brady,QB,NE,IND,23,37,312.0,3,1.0,2.0,11.0,4,0.0,0,0,0,0.0,0,22.48,22.48,,,76.0,225.0,38.291000000000004,15.0,Michigan,2000.0,2000.0,NE,199,,
2015,7,00-0019596,T.Brady,QB,NE,NYJ,34,54,355.0,2,0.0,3.0,18.0,4,15.0,1,0,0,0.0,0,29.7,29.7,,,76.0,225.0,38.291000000000004,15.0,Michigan,2000.0,2000.0,NE,199,7.0,
2015,8,00-0019596,T.Brady,QB,NE,MIA,26,38,356.0,4,0.0,2.0,14.0,1,1.0,0,0,0,0.0,0,30.34,30.34,,,76.0,225.0,38.291000000000004,15.0,Michigan,2000.0,2000.0,NE,199,29.0,
2015,9,00-0019596,T.Brady,QB,NE,WAS,26,39,299.0,2,1.0,0.0,-0.0,1,-1.0,0,0,0,0.0,0,17.86,17.86,,,76.0,225.0,38.291000000000004,15.0,Michigan,2000.0,2000.0,NE,199,17.0,
2015,10,00-0019596,T.Brady,QB,NE,NYG,26,42,334.0,2,1.0,3.0,5.0,2,9.0,0,0,0,0.0,0,18.26,18.26,,,76.0,225.0,38.291000000000004,15.0,Michigan,2000.0,2000.0,NE,199,,
2015,11,00-0019596,T.Brady,QB,NE,BUF,20,39,277.0,1,1.0,1.0,6.0,0,0.0,0,0,0,0.0,0,13.08,13.08,,,76.0,225.0,38.291000000000004,15.0,Michigan,2000.0,2000.0,NE,199,7.0,
2015,12,00-0019596,T.Brady,QB,NE,DEN,23,42,280.0,3,0.0,3.0,18.0,0,0.0,0,0,0,0.0,0,23.2,23.2,,,76.0,225.0,38.291000000000004,15.0,Michigan,2000.0,2000.0,NE,199,,
2015,13,00-0019596,T.Brady,QB,NE,PHI,29,56,312.0,3,2.0,4.0,24.0,6,17.0,1,1,1,36.0,0,31.78,32.78,,,76.0,225.0,38.291000000000004,15.0,Michigan,2000.0,2000.0,NE,199,-7.0,0.017857144
2015,14,00-0019596,T.Brady,QB,NE,HOU,22,30,226.0,2,0.0,3.0,29.0,4,10.0,0,0,0,0.0,0,18.04,18.04,,,76.0,225.0,38.291000000000004,15.0,Michigan,2000.0,2000.0,NE,199,,
2015,15,00-0019596,T.Brady,QB,NE,TEN,23,35,267.0,2,0.0,2.0,14.0,0,0.0,0,0,0,0.0,0,18.68,18.68,,,76.0,225.0,38.291000000000004,15.0,Michigan,2000.0,2000.0,NE,199,17.0,
2015,16,00-0019596,T.Brady,QB,NE,NYJ,22,31,231.0,1,1.0,2.0,10.0,1,-1.0,0,0,0,0.0,0,11.14,11.14,,,76.0,225.0,38.291000000000004,15.0,Michigan,2000.0,2000.0,NE,199,,
2015,17,00-0019596,T.Brady,QB,NE,MIA,12,21,134.0,0,0.0,2.0,14.0,1,-1.0,0,0,0,0.0,0,5.26,5.26,,,76.0,225.0,38.291000000000004,15.0,Michigan,2000.0,2000.0,NE,199,,
2015,19,00-0019596,T.Brady,QB,NE,KC,28,42,302.0,2,0.0,0.0,-0.0,6,6.0,1,0,0,0.0,0,26.68,26.68,,,76.0,225.0,38.291000000000004,15.0,Michigan,2000.0,2000.0,NE,199,7.0,
2015,20,00-0019596,T.Brady,QB,NE,DEN,27,56,310.0,1,2.0,4.0,18.0,3,13.0,0,0,0,0.0,0,13.7,13.7,,,76.0,225.0,38.291000000000004,15.0,Michigan,2000.0,2000.0,NE,199,,
2015,2,00-0020245,,QB,PIT,SF,0,0,0.0,0,0.0,0.0,0.0,3,-3.0,0,0,0,0.0,0,-0.3,-0.3,,,72.0,210.0,35.38477777777778,14.0,Virginia Tech,2001.0,2001.0,ATL,1,25.0,
2015,3,00-0020245,,QB,PIT,LA,5,6,38.0,0,0.0,2.0,11.0,2,-2.0,0,0,0,0.0,0,1.32,1.32,,,72.0,210.0,35.38477777777778,14.0,Virginia Tech,2001.0,2001.0,ATL,1,,
2015,4,00-0020245,,QB,PIT,BAL,19,26,124.0,1,0.0,4.0,28.0,9,33.0,0,0,0,0.0,0,12.26,12.26,,,72.0,210.0,35.38477777777778,14.0,Virginia Tech,2001.0,2001.0,ATL,1,-3.0,
2015,5,00-0020245,,QB,PIT,LAC,13,26,203.0,1,1.0,3.0,9.0,1,24.0,0,0,0,0.0,0,12.52,12.52,,,72.0,210.0,35.38477777777778,14.0,Virginia Tech,2001.0,2001.0,ATL,1,,
2015,6,00-0020245,,QB,PIT,ARI,3,8,6.0,0,0.0,1.0,5.0,5,47.0,0,0,0,0.0,0,4.94,4.94,,,72.0,210.0,35.38477777777778,14.0,Virginia Tech,2001.0,2001.0,ATL,1,12.0,
2015,1,00-0020337,,WR,BAL,DEN,0,0,0.0,0,0.0,0.0,0.0,0,0.0,0,7,2,13.0,0,1.3,3.3,,,69.0,195.0,,14.0,Utah,2001.0,2001.0,CAR,74,,0.21875
2015,2,00-0020337,,WR,BAL,LV,0,0,0.0,0,0.0,0.0,0.0,0,0.0,0,16,10,150.0,0,15.0,25.0,,,69.0,195.0,,14.0,Utah,2001.0,2001.0,CAR,74,,0.35555556
2015,3,00-0020337,,WR,BAL,CIN,0,0,0.0,0,0.0,0.0,0.0,0,0.0,0,17,13,186.0,2,30.6,43.6,,,69.0,195.0,,14.0,Utah,2001.0,2001.0,CAR,74,-4.0,0.35416666
2015,4,00-0020337,,WR,BAL,PIT,0,0,0.0,0,0.0,0.0,0.0,0,0.0,0,7,4,24.0,0,2.4,6.4,,,69.0,195.0,,14.0,Utah,2001.0,2001.0,CAR,74,,0.21212122
2015,6,00-0020337,,WR,BAL,SF,0,0,0.0,0,0.0,0.0,0.0,0,0.0,0,10,7,137.0,1,19.7,26.7,,,69.0,195.0,,14.0,Utah,2001.0,2001.0,CAR,74,,0.1923077
2015,7,00-0020337,,WR,BAL,ARI,0,0,0.0,0,0.0,0.0,0.0,0,0.0,0,9,5,78.0,0,7.8,12.8,,,69.0,195.0,,14.0,Utah,2001.0,2001.0,CAR,74,,0.23076923
2015,8,00-0020337,,WR,BAL,LAC,0,0,0.0,0,0.0,0.0,0.0,0,0.0,0,7,5,82.0,0,8.2,13.2,,,69.0,195.0,,14.0,Utah,2001.0,2001.0,CAR,74,3.0,0.1891892
2015,1,00-0020531,D.Brees,QB,NO,ARI,30,48,355.0,1,1.0,2.0,1.0,1,3.0,0,0,0,0.0,0,16.5,16.5,,,72.0,209.0,36.8103125,14.0,Purdue,2001.0,2001.0,SD,32,,
2015,2,00-0020531,D.Brees,QB,NO,TB,24,38,255.0,1,1.0,4.0,36.0,1,-1.0,0,0,0,0.0,0,12.1,12.1,,,72.0,209.0,36.8103125,14.0,Purdue,2001.0,2001.0,SD,32,-7.0,
2015,4,00-0020531,D.Brees,QB,NO,DAL,33,41,359.0,2,0.0,3.0,24.0,0,0.0,0,0,0,0.0,0,22.36,22.36,,,72.0,209.0,36.8103125,14.0,Purdue,2001.0,2001.0,SD,32,6.0,
2015,5,00-0020531,D.Brees,QB,NO,PHI,26,43,335.0,2,1.0,5.0,43.0,1,-1.0,0,0,0,0.0,0,15.3,15.3,,,72.0,209.0,36.8103125,14.0,Purdue,2001.0,2001.0,SD,32,,
2015,6,00-0020531,D.Brees,QB,NO,ATL,30,39,312.0,1,0.0,1.0,8.0,2,2.0,0,0,0,0.0,0,16.68,16.68,,,72.0,209.0,36.8103125,14.0,Purdue,2001.0,2001.0,SD,32,10.0,
2015,7,00-0020531,D.Brees,QB,NO,IND,28,44,255.0,1,1.0,2.0,14.0,4,-4.0,0,0,0,0.0,0,11.8,11.8,,,72.0,209.0,36.8103125,14.0,Purdue,2001.0,2001.0,SD,32,,
2015,8,00-0020531,D.Brees,QB,NO,NYG,39,50,505.0,7,2.0,0.0,-0.0,1,1.0,0,0,0,0.0,0,44.3,44.3,,,72.0,209.0,36.8103125,14.0,Purdue,2001.0,2001.0,SD,32,3.0,
2015,9,00-0020531,D.Brees,QB,NO,TEN,28,39,387.0,3,1.0,4.0,32.0,3,-1.0,1,0,0,0.0,0,31.38,31.38,,,72.0,209.0,36.8103125,14.0,Purdue,2001.0,2001.0,SD,32,-6.0,
2015,10,00-0020531,D.Brees,QB,NO,WAS,19,28,209.0,2,2.0,2.0,17.0,0,0.0,0,0,0,0.0,0,12.36,12.36,,,72.0,209.0,36.8103125,14.0,Purdue,2001.0,2001.0,SD,32,,
2015,12,00-0020531,D.Brees,QB,NO,HOU,25,44,228.0,0,1.0,2.0,10.0,0,0.0,0,0,0,0.0,0,7.12,7.12,,,72.0,209.0,36.8103125,14.0,Purdue,2001.0,2001.0,SD,32,,
2015,13,00-0020531,D.Brees,QB,NO,CAR,24,42,282.0,3,1.0,2.0,18.0,1,12.0,0,0,0,0.0,0,22.48,22.48,,,72.0,209.0,36.8103125,14.0,Purdue,2001.0,2001.0,SD,32,-3.0,
2015,14,00-0020531,D.Brees,QB,NO,TB,31,41,312.0,2,0.0,2.0,11.0,3,0.0,0,0,0,0.0,0,20.48,20.48,,,72.0,209.0,36.8103125,14.0,Purdue,2001.0,2001.0,SD,32,,
2015,15,00-0020531,D.Brees,QB,NO,DET,34,52,341.0,3,0.0,1.0,11.0,1,11.0,0,0,0,0.0,0,26.74,26.74,,,72.0,209.0,36.8103125,14.0,Purdue,2001.0,2001.0,SD,32,-8.0,
2015,16,00-0020531,D.Brees,QB,NO,JAX,25,36,412.0,3,0.0,1.0,10.0,3,-3.0,0,0,0,0.0,0,28.18,28.18,,,72.0,209.0,36.8103125,14.0,Purdue,2001.0,2001.0,SD,32,11.0,
2015,17,00-0020531,D.Brees,QB,NO,ATL,32,42,323.0,1,0.0,0.0,-0.0,3,-5.0,0,0,0,0.0,0,16.42,16.42,,,72.0,209.0,36.8103125,14.0,Purdue,2001.0,2001.0,SD,32,,
2015,9,00-0020679,,QB,MIN,LA,2,6,15.0,0,0.0,1.0,11.0,1,-1.0,0,0,0,0.0,0,0.5,0.5,,,75.0,230.0,35.84458823529411,13.0,Maryland,2002.0,2002.0,,,3.0,
2015,11,00-0020679,,QB,MIN,GB,0,1,0.0,0,0.0,0.0,-0.0,0,0.0,0,0,0,0.0,0,0.0,0.0,,,75.0,230.0,35.84458823529411,13.0,Maryland,2002.0,2002.0,,,-17.0,
2015,16,00-0020679,,QB,MIN,NYG,0,0,0.0,0,0.0,0.0,0.0,3,-4.0,0,0,0,0.0,0,-0.4,-0.4,,,75.0,230.0,35.84458823529411,13.0,Maryland,2002.0,2002.0,,,32.0,
2015,1,00-0021206,J.McCown,QB,CLE,NYJ,5,8,49.0,0,0.0,0.0,-0.0,3,23.0,0,0,0,0.0,0,2.26,2.26,,,76.0,218.0,,13.0,Sam Houston State,2002.0,2002.0,ARZ,81,,
2015,3,00-0021206,J.McCown,QB,CLE,LV,28,49,341.0,2,1.0,5.0,25.0,0,0.0,0,0,0,0.0,0,19.64,19.64,,,76.0,218.0,,13.0,Sam Houston State,2002.0,2002.0,ARZ,81,-7.0,
2015,4,00-0021206,J.McCown,QB,CLE,LAC,32,41,356.0,2,0.0,4.0,24.0,0,0.0,0,0,0,0.0,0,22.24,22.24,,,76.0,218.0,,13.0,Sam Houston State,2002.0,2002.0,ARZ,81,,
2015,5,00-0021206,J.McCown,QB,CLE,BAL,36,51,457.0,2,0.0,4.0,35.0,3,12.0,1,0,0,0.0,0,35.48,35.48,,,76.0,218.0,,13.0,Sam Houston State,2002.0,2002.0,ARZ,81,,
2015,6,00-0021206,J.McCown,QB,CLE,DEN,20,39,213.0,2,2.0,4.0,24.0,3,12.0,0,0,0,0.0,0,11.72,11.72,,,76.0,218.0,,13.0,Sam Houston State,2002.0,2002.0,ARZ,81,-3.0,
2015,7,00-0021206,J.McCown,QB,CLE,LA,26,32,270.0,0,0.0,4.0,15.0,4,21.0,0,0,0,0.0,0,8.9,8.9,,,76.0,218.0,,13.0,Sam Houston State,2002.0,2002.0,ARZ,81,,
2015,8,00-0021206,J.McCown,QB,CLE,ARI,18,34,211.0,3,1.0,1.0,8.0,5,18.0,0,0,0,0.0,0,18.24,18.24,,,76.0,218.0,,13.0,Sam Houston State,2002.0,2002.0,ARZ,81,-14.0,
2015,12,00-0021206,J.McCown,QB,CLE,BAL,21,38,212.0,1,0.0,1.0,6.0,2,12.0,0,0,0,0.0,0,13.68,13.68,,,76.0,218.0,,13.0,Sam Houston State,2002.0,2002.0,ARZ,81,-6.0,
2015,1,00-0021429,C.Palmer,QB,ARI,NO,19,32,307.0,3,0.0,0.0,-0.0,3,14.0,0,0,0,0.0,0,25.68,25.68,,,77.0,235.0,,12.0,USC,2003.0,2003.0,CIN,1,12.0,
2015,2,00-0021429,C.Palmer,QB,ARI,CHI,17,24,185.0,4,1.0,0.0,-0.0,2,-2.0,0,0,0,0.0,0,21.2,21.2,,,77.0,235.0,,12.0,USC,2003.0,2003.0,CIN,1,,
2015,3,00-0021429,C.Palmer,QB,ARI,SF,20,32,311.0,2,1.0,1.0,4.0,1,1.0,0,0,0,0.0,0,18.54,18.54,,,77.0,235.0,,12.0,USC,2003.0,2003.0,CIN,1,40.0,
2015,4,00-0021429,C.Palmer,QB,ARI,LA,29,46,352.0,1,1.0,4.0,18.0,1,-1.0,0,0,0,0.0,0,15.98,15.98,,,77.0,235.0,,12.0,USC,2003.0,2003.0,CIN,1,-2.0,
2015,5,00-0021429,C.Palmer,QB,ARI,DET,11,14,161.0,3,0.0,2.0,13.0,1,-1.0,0,0,0,0.0,0,18.34,18.34,,,77.0,235.0,,12.0,USC,2003.0,2003.0,CIN,1,,
2015,6,00-0021429,C.Palmer,QB,ARI,PIT,29,45,421.0,1,2.0,1.0,7.0,2,-1.0,0,0,0,0.0,0,16.74,16.74,,,77.0,235.0,,12.0,USC,2003.0,2003.0,CIN,1,,
2015,7,00-0021429,C.Palmer,QB,ARI,BAL,20,29,275.0,2,0.0,2.0,11.0,2,2.0,0,0,0,0.0,0,19.2,19.2,,,77.0,235.0,,12.0,USC,2003.0,2003.0,CIN,1,8.0,
2015,8,00-0021429,C.Palmer,QB,ARI,CLE,23,38,374.0,4,1.0,1.0,2.0,3,6.0,0,0,0,0.0,0,29.56,29.56,,,77.0,235.0,,12.0,USC,2003.0,2003.0,CIN,1,,
2015,10,00-0021429,C.Palmer,QB,ARI,SEA,29,47,363.0,3,1.0,3.0,29.0,3,-2.0,0,0,0,0.0,0,20.32,20.32,,,77.0,235.0,,12.0,USC,2003.0,2003.0,CIN,1,,
2015,11,00-0021429,C.Palmer,QB,ARI,CIN,20,31,317.0,4,2.0,2.0,16.0,1,-1.0,0,0,0,0.0,0,24.58,24.58,,,77.0,235.0,,12.0,USC,2003.0,2003.0,CIN,1,3.0,
2015,12,00-0021429,C.Palmer,QB,ARI,SF,24,40,271.0,0,0.0,1.0,4.0,3,6.0,1,0,0,0.0,0,17.44,17.44,,,77.0,235.0,,12.0,USC,2003.0,2003.0,CIN,1,,
2015,13,00-0021429,C.Palmer,QB,ARI,LA,26,40,356.0,2,0.0,2.0,13.0,0,0.0,0,0,0,0.0,0,22.24,22.24,,,77.0,235.0,,12.0,USC,2003.0,2003.0,CIN,1,,
2015,14,00-0021429,C.Palmer,QB,ARI,MIN,25,35,310.0,2,0.0,2.0,14.0,3,3.0,0,0,0,0.0,0,20.7,20.7,,,77.0,235.0,,12.0,USC,2003.0,2003.0,CIN,1,3.0,
2015,15,00-0021429,C.Palmer,QB,ARI,PHI,20,32,274.0,1,0.0,2.0,11.0,0,0.0,0,0,0,0.0,0,14.96,14.96,,,77.0,235.0,,12.0,USC,2003.0,2003.0,CIN,1,,
2015,16,00-0021429,C.Palmer,QB,ARI,GB,18,27,265.0,2,1.0,2.0,9.0,0,0.0,0,0,0,0.0,0,16.6,16.6,,,77.0,235.0,,12.0,USC,2003.0,2003.0,CIN,1,30.0,
2015,17,00-0021429,C.Palmer,QB,ARI,SEA,12,25,129.0,1,1.0,0.0,-0.0,0,0.0,0,0,0,0.0,0,7.16,7.16,,,77.0,235.0,,12.0,USC,2003.0,2003.0,CIN,1,-30.0,
2015,19,00-0021429,C.Palmer,QB,ARI,GB,25,41,349.0,3,2.0,3.0,21.0,0,0.0,0,0,0,0.0,0,21.96,21.96,,,77.0,235.0,,12.0,USC,2003.0,2003.0,CIN,1,6.0,
2015,20,00-0021429,C.Palmer,QB,ARI,CAR,23,40,235.0,1,4.0,3.0,8.0,0,0.0,0,0,0,0.0,0,1.4,1.4,,,77.0,235.0,,12.0,USC,2003.0,2003.0,CIN,1,,
2015,5,00-0021547,A.Gates,TE,LAC,PIT,0,0,0.0,0,0.0,0.0,0.0,0,0.0,0,11,9,92.0,2,21.2,30.2,,,76.0,255.0,35.42908333333333,12.0,Kent State,2003.0,2003.0,,,,0.22916667
2015,6,00-0021547,A.Gates,TE,LAC,GB,0,0,0.0,0,0.0,0.0,0.0,0,0.0,0,16,9,95.0,0,9.5,18.5,,,76.0,255.0,35.42908333333333,12.0,Kent State,2003.0,2003.0,,,,0.24615385
2015,8,00-0021547,A.Gates,TE,LAC,BAL,0,0,0.0,0,0.0,0.0,0.0,0,0.0,0,5,4,56.0,0,5.6,9.6,,,76.0,255.0,35.42908333333333,12.0,Kent State,2003.0,2003.0,,,,0.1388889
2015,9,00-0021547,A.Gates,TE,LAC,CHI,0,0,0.0,0,0.0,0.0,0.0,0,0.0,0,11,6,69.0,0,6.9,12.9,,,76.0,255.0,35.42908333333333,12.0,Kent State,2003.0,2003.0,,,,0.26190478
2015,11,00-0021547,A.Gates,TE,LAC,KC,0,0,0.0,0,0.0,0.0,0.0,0,0.0,0,3,1,6.0,0,0.6,1.6,,,76.0,255.0,35.42908333333333,12.0,Kent State,2003.0,2003.0,,,,0.1
2015,12,00-0021547,A.Gates,TE,LAC,JAX,0,0,0.0,0,0.0,0.0,0.0,0,0.0,0,6,4,53.0,2,17.3,21.3,,,76.0,255.0,35.42908333333333,12.0,Kent State,2003.0,2003.0,,,,0.13953489
2015,13,00-0021547,A.Gates,TE,LAC,DEN,0,0,0.0,0,0.0,0.0,0.0,0,0.0,0,9,6,50.0,0,5.0,11.0,,,76.0,255.0,35.42908333333333,12.0,Kent State,2003.0,2003.0,,,,0.27272728
2015,14,00-0021547,A.Gates,TE,LAC,KC,0,0,0.0,0,0.0,0.0,0.0,0,0.0,0,8,6,76.0,0,7.6,13.6,,,76.0,255.0,35.42908333333333,12.0,Kent State,2003.0,2003.0,,,,0.1904762
2015,15,00-0021547,A.Gates,TE,LAC,MIA,0,0,0.0,0,0.0,0.0,0.0,0,0.0,0,9,6,88.0,0,8.8,14.8,,,76.0,255.0,35.42908333333333,12.0,Kent State,2003.0,2003.0,,,,0.25
2015,16,00-0021547,A.Gates,TE,LAC,LV,0,0,0.0,0,0.0,0.0,0.0,0,0.0,0,2,2,11.0,0,1.1,3.1,,,76.0,255.0,35.42908333333333,12.0,Kent State,2003.0,2003.0,,,,0.040816326
2015,17,00-0021547,A.Gates,TE,LAC,DEN,0,0,0.0,0,0.0,0.0,0.0,0,0.0,0,5,3,34.0,1,9.4,12.4,,,76.0,255.0,35.42908333333333,12.0,Kent State,2003.0,2003.0,,,,0.14285715
2015,1,00-0021678,,QB,DAL,NYG,36,45,356.0,3,2.0,0.0,-0.0,1,-1.0,0,0,0,0.0,0,22.14,22.14,,,74.0,230.0,35.561,12.0,Eastern Illinois,2003.0,2003.0,,,1.0,
2015,2,00-0021678,,QB,DAL,PHI,18,27,195.0,0,0.0,3.0,18.0,1,12.0,0,0,0,0.0,0,7.0,7.0,,,74.0,230.0,35.561,12.0,Eastern Illinois,2003.0,2003.0,,,,
2015,11,00-0021678,,QB,DAL,MIA,18,28,227.0,2,2.0,2.0,7.0,2,2.0,0,0,0,0.0,0,13.28,13.28,,,74.0,230.0,35.561,12.0,Eastern Illinois,2003.0,2003.0,,,,
2015,12,00-0021678,,QB,DAL,CAR,11,21,106.0,0,3.0,1.0,10.0,0,0.0,0,0,0,0.0,0,-1.76,-1.76,,,74.0,230.0,35.561,12.0,Eastern Illinois,2003.0,2003.0,,,-19.0,
2015,1,00-0022044,,WR,IND,BUF,0,0,0.0,0,0.0,0.0,0.0,0,0.0,0,10,4,24.0,0,2.4,6.4,,,75.0,229.0,34.3258125,12.0,,2003.0,2003.0,HST,3,,0.20408164
2015,2,00-0022044,,WR,IND,NYJ,0,0,0.0,0,0.0,0.0,0.0,0,0.0,0,7,3,27.0,0,2.7,5.7,,,75.0,229.0,34.3258125,12.0,,2003.0,2003.0,HST,3,-13.0,0.2
2015,3,00-0022044,,WR,IND,TEN,0,0,0.0,0,0.0,0.0,0.0,0,0.0,0,1,0,0.0,0,0.0,0.0,,,75.0,229.0,34.3258125,12.0,,2003.0,2003.0,HST,3,,0.033333335
2015,4,00-0022044,,WR,IND,JAX,0,0,0.0,0,0.0,0.0,0.0,0,0.0,0,2,0,0.0,0,0.0,0.0,,,75.0,229.0,34.3258125,12.0,,2003.0,2003.0,HST,3,3.0,0.04255319
2015,5,00-0022044,,WR,IND,HOU,0,0,0.0,0,0.0,0.0,0.0,0,0.0,0,7,6,77.0,2,19.7,25.7,,,75.0,229.0,34.3258125,12.0,,2003.0,2003.0,HST,3,,0.2413793
2015,6,00-0022044,,WR,IND,NE,0,0,0.0,0,0.0,0.0,0.0,0,0.0,0,6,3,35.0,0,3.5,6.5,,,75.0,229.0,34.3258125,12.0,,2003.0,2003.0,HST,3,-7.0,0.125
2015,7,00-0022044,,WR,IND,NO,0,0,0.0,0,0.0,0.0,0.0,0,0.0,0,4,4,44.0,0,4.4,8.4,,,75.0,229.0,34.3258125,12.0,,2003.0,2003.0,HST,3,-6.0,0.093023255
2015,8,00-0022044,,WR,IND,CAR,0,0,0.0,0,0.0,0.0,0.0,0,0.0,0,8,4,81.0,1,14.1,18.1,,,75.0,229.0,34.3258125,12.0,,2003.0,2003.0,HST,3,,0.17777778
2015,9,00-0022044,,WR,IND,DEN,0,0,0.0,0,0.0,0.0,0.0,0,0.0,0,3,0,0.0,0,0.0,0.0,,,75.0,229.0,34.3258125,12.0,,2003.0,2003.0,HST,3,3.0,0.08571429
2015,11,00-0022044,,WR,IND,ATL,0,0,0.0,0,0.0,0.0,0.0,0,0.0,0,2,1,13.0,0,1.3,2.3,,,75.0,229.0,34.3258125,12.0,,2003.0,2003.0,HST,3,,0.0625
2015,12,00-0022044,,WR,IND,TB,0,0,0.0,0,0.0,0.0,0.0,0,0.0,0,3,1,22.0,0,2.2,3.2,,,75.0,229.0,34.3258125,12.0,,2003.0,2003.0,HST,3,13.0,0.07692308
2015,13,00-0022044,,WR,IND,PIT,0,0,0.0,0,0.0,0.0,0.0,0,0.0,0,3,2,44.0,0,4.4,6.4,,,75.0,229.0,34.3258125,12.0,,2003.0,2003.0,HST,3,,0.0882353
2015,14,00-0022044,,WR,IND,JAX,0,0,0.0,0,0.0,0.0,0.0,0,0.0,0,5,3,19.0,0,1.9,4.9,,,75.0,229.0,34.3258125,12.0,,2003.0,2003.0,HST,3,,0.11627907
2015,15,00-0022044,,WR,IND,HOU,0,0,0.0,0,0.0,0.0,0.0,0,0.0,0,5,3,32.0,0,3.2,6.2,,,75.0,229.0,34.3258125,12.0,,2003.0,2003.0,HST,3,-6.0,0.1724138
2015,16,00-0022044,,WR,IND,MIA,0,0,0.0,0,0.0,0.0,0.0,0,0.0,0,5,3,39.0,0,3.9,6.9,,,75.0,229.0,34.3258125,12.0,,2003.0,2003.0,HST,3,,0.1724138
2015,17,00-0022044,,WR,IND,TEN,0,0,0.0,0,0.0,0.0,0.0,0,0.0,0,6,4,46.0,1,10.6,14.6,,,75.0,229.0,34.3258125,12.0,,2003.0,2003.0,HST,3,6.0,0.16216215
2015,1,00-0022084,,WR,SF,MIN,0,0,0.0,0,0.0,0.0,0.0,0,0.0,0,5,4,36.0,0,3.6,7.6,,,73.0,220.0,35.095,12.0,Florida State,2003.0,2003.0,ARZ,54,17.0,0.1923077
2015,2,00-0022084,,WR,SF,PIT,0,0,0.0,0,0.0,0.0,0.0,0,0.0,0,10,6,60.0,1,12.0,18.0,,,73.0,220.0,35.095,12.0,Florida State,2003.0,2003.0,ARZ,54,,0.2173913
2015,3,00-0022084,,WR,SF,ARI,0,0,0.0,0,0.0,0.0,0.0,0,0.0,0,4,2,16.0,0,1.6,3.6,,,73.0,220.0,35.095,12.0,Florida State,2003.0,2003.0,ARZ,54,,0.21052632
2015,4,00-0022084,,WR,SF,GB,0,0,0.0,0,0.0,0.0,0.0,0,0.0,0,7,3,12.0,0,1.2,4.2,,,73.0,220.0,35.095,12.0,Florida State,2003.0,2003.0,ARZ,54,-14.0,0.28
2015,5,00-0022084,,WR,SF,NYG,0,0,0.0,0,0.0,0.0,0.0,0,0.0,0,12,8,107.0,1,16.7,24.7,,,73.0,220.0,35.095,12.0,Florida State,2003.0,2003.0,ARZ,54,,0.34285715
2015,6,00-0022084,,WR,SF,BAL,0,0,0.0,0,0.0,0.0,0.0,0,0.0,0,9,5,102.0,0,10.2,15.2,,,73.0,220.0,35.095,12.0,Florida State,2003.0,2003.0,ARZ,54,5.0,0.33333334
2015,7,00-0022084,,WR,SF,SEA,0,0,0.0,0,0.0,0.0,0.0,0,0.0,0,7,3,39.0,0,3.9,6.9,,,73.0,220.0,35.095,12.0,Florida State,2003.0,2003.0,ARZ,54,-17.0,0.29166666
2015,11,00-0022084,,WR,SF,SEA,0,0,0.0,0,0.0,0.0,0.0,0,0.0,0,7,5,93.0,0,9.3,14.3,,,73.0,220.0,35.095,12.0,Florida State,2003.0,2003.0,ARZ,54,,0.21212122
2015,12,00-0022084,,WR,SF,ARI,0,0,0.0,0,0.0,0.0,0.0,0,0.0,0,11,8,93.0,0,9.3,17.3,,,73.0,220.0,35.095,12.0,Florida State,2003.0,2003.0,ARZ,54,-6.0,0.30555555
2015,13,00-0022084,,WR,SF,CHI,0,0,0.0,0,0.0,0.0,0.0,0,0.0,0,13,5,37.0,0,3.7,8.7,,,73.0,220.0,35.095,12.0,Florida State,2003.0,2003.0,ARZ,54,,0.40625
2015,14,00-0022084,,WR,SF,CLE,0,0,0.0,0,0.0,0.0,0.0,0,0.0,0,3,2,22.0,0,2.2,4.2,,,73.0,220.0,35.095,12.0,Florida State,2003.0,2003.0,ARZ,54,,0.10714286
2015,15,00-0022084,,WR,SF,CIN,0,0,0.0,0,0.0,0.0,0.0,0,0.0,0,10,8,74.0,1,11.4,19.4,,,73.0,220.0,35.095,12.0,Florida State,2003.0,2003.0,ARZ,54,-10.0,0.2
2015,16,00-0022084,,WR,SF,DET,0,0,0.0,0,0.0,0.0,0.0,0,0.0,0,5,5,27.0,0,2.7,7.7,,,73.0,220.0,35.095,12.0,Florida State,2003.0,2003.0,ARZ,54,,0.15151516
2015,17,00-0022084,,WR,SF,LA,0,0,0.0,0,0.0,0.0,0.0,0,0.0,0,8,5,71.0,1,13.1,18.1,,,73.0,220.0,35.095,12.0,Florida State,2003.0,2003.0,ARZ,54,3.0,0.18181819
2015,1,00-0022127,J.Witten,TE,DAL,NYG,0,0,0.0,0,0.0,0.0,0.0,0,0.0,0,9,8,60.0,2,18.0,26.0,,,78.0,263.0,33.5116875,12.0,Tennessee,2003.0,2003.0,DAL,69,1.0,0.2
2015,2,00-0022127,J.Witten,TE,DAL,PHI,0,0,0.0,0,0.0,0.0,0.0,0,0.0,0,8,7,56.0,0,5.6,12.6,,,78.0,263.0,33.5116875,12.0,Tennessee,2003.0,2003.0,DAL,69,,0.23529412
2015,3,00-0022127,J.Witten,TE,DAL,ATL,0,0,0.0,0,0.0,0.0,0.0,0,0.0,0,8,6,65.0,0,6.5,12.5,,,78.0,263.0,33.5116875,12.0,Tennessee,2003.0,2003.0,DAL,69,-11.0,0.30769232
2015,4,00-0022127,J.Witten,TE,DAL,NO,0,0,0.0,0,0.0,0.0,0.0,0,0.0,0,6,4,57.0,0,5.7,9.7,,,78.0,263.0,33.5116875,12.0,Tennessee,2003.0,2003.0,DAL,69,,0.23076923
2015,5,00-0022127,J.Witten,TE,DAL,NE,0,0,0.0,0,0.0,0.0,0.0,0,0.0,0,6,5,33.0,0,1.3,6.3,,,78.0,263.0,33.5116875,12.0,Tennessee,2003.0,2003.0,DAL,69,-24.0,0.15384616
2015,7,00-0022127,J.Witten,TE,DAL,NYG,0,0,0.0,0,0.0,0.0,0.0,0,0.0,0,8,6,73.0,0,7.3,13.3,,,78.0,263.0,33.5116875,12.0,Tennessee,2003.0,2003.0,DAL,69,,0.2962963
2015,8,00-0022127,J.Witten,TE,DAL,SEA,0,0,0.0,0,0.0,0.0,0.0,0,0.0,0,4,2,16.0,0,1.6,3.6,,,78.0,263.0,33.5116875,12.0,Tennessee,2003.0,2003.0,DAL,69,-1.0,0.15384616
2015,9,00-0022127,J.Witten,TE,DAL,PHI,0,0,0.0,0,0.0,0.0,0.0,0,0.0,0,8,6,43.0,0,4.3,10.3,,,78.0,263.0,33.5116875,12.0,Tennessee,2003.0,2003.0,DAL,69,-6.0,0.21621622
2015,10,00-0022127,J.Witten,TE,DAL,TB,0,0,0.0,0,0.0,0.0,0.0,0,0.0,0,5,5,42.0,0,4.2,9.2,,,78.0,263.0,33.5116875,12.0,Tennessee,2003.0,2003.0,DAL,69,,0.17857143
2015,11,00-0022127,J.Witten,TE,DAL,MIA,0,0,0.0,0,0.0,0.0,0.0,0,0.0,0,3,2,27.0,0,2.7,4.7,,,78.0,263.0,33.5116875,12.0,Tennessee,2003.0,2003.0,DAL,69,,0.10714286
2015,12,00-0022127,J.Witten,TE,DAL,CAR,0,0,0.0,0,0.0,0.0,0.0,0,0.0,0,6,4,36.0,0,3.6,7.6,,,78.0,263.0,33.5116875,12.0,Tennessee,2003.0,2003.0,DAL,69,-19.0,0.15789473
2015,13,00-0022127,J.Witten,TE,DAL,WAS,0,0,0.0,0,0.0,0.0,0.0,0,0.0,0,9,5,46.0,0,4.6,9.6,,,78.0,263.0,33.5116875,12.0,Tennessee,2003.0,2003.0,DAL,69,,0.32142857
2015,14,00-0022127,J.Witten,TE,DAL,GB,0,0,0.0,0,0.0,0.0,0.0,0,0.0,0,9,5,40.0,0,4.0,9.0,,,78.0,263.0,33.5116875,12.0,Tennessee,2003.0,2003.0,DAL,69,,0.32142857
2015,15,00-0022127,J.Witten,TE,DAL,NYJ,0,0,0.0,0,0.0,0.0,0.0,0,0.0,0,5,5,49.0,0,4.9,9.9,,,78.0,263.0,33.5116875,12.0,Tennessee,2003.0,2003.0,DAL,69,-3.0,0.16129032
2015,16,00-0022127,J.Witten,TE,DAL,BUF,0,0,0.0,0,0.0,0.0,0.0,0,0.0,0,2,1,12.0,0,1.2,2.2,,,78.0,263.0,33.5116875,12.0,Tennessee,2003.0,2003.0,DAL,69,,0.06666667
2015,17,00-0022127,J.Witten,TE,DAL,WAS,0,0,0.0,0,0.0,0.0,0.0,0,0.0,0,8,6,58.0,1,11.8,17.8,,,78.0,263.0,33.5116875,12.0,Tennessee,2003.0,2003.0,DAL,69,-11.0,0.16666667
2015,1,00-0022414,,WR,LAC,DET,0,0,0.0,0,0.0,0.0,0.0,0,0.0,0,2,1,29.0,0,2.9,3.9,,,77.0,225.0,34.1641875,11.0,Wyoming,2004.0,2004.0,,,,0.048780486
2015,2,00-0022414,,WR,LAC,CIN,0,0,0.0,0,0.0,0.0,0.0,0,0.0,0,4,2,55.0,1,11.5,13.5,,,77.0,225.0,34.1641875,11.0,Wyoming,2004.0,2004.0,,,,0.14814815
2015,3,00-0022414,,WR,LAC,MIN,0,0,0.0,0,0.0,0.0,0.0,0,0.0,0,7,4,63.0,0,6.3,10.3,,,77.0,225.0,34.1641875,11.0,Wyoming,2004.0,2004.0,,,,0.175
2015,4,00-0022414,,WR,LAC,CLE,0,0,0.0,0,0.0,0.0,0.0,0,0.0,0,2,1,20.0,0,2.0,3.0,,,77.0,225.0,34.1641875,11.0,Wyoming,2004.0,2004.0,,,,0.054054055
2015,5,00-0022414,,WR,LAC,PIT,0,0,0.0,0,0.0,0.0,0.0,0,0.0,0,4,3,48.0,0,4.8,7.8,,,77.0,225.0,34.1641875,11.0,Wyoming,2004.0,2004.0,,,,0.083333336
2015,6,00-0022414,,WR,LAC,GB,0,0,0.0,0,0.0,0.0,0.0,0,0.0,0,12,5,95.0,0,9.5,14.5,,,77.0,225.0,34.1641875,11.0,Wyoming,2004.0,2004.0,,,,0.18461539
2015,7,00-0022414,,WR,LAC,LV,0,0,0.0,0,0.0,0.0,0.0,0,0.0,0,3,1,7.0,0,0.7,1.7,,,77.0,225.0,34.1641875,11.0,Wyoming,2004.0,2004.0,,,,0.054545455
2015,8,00-0022414,,WR,LAC,BAL,0,0,0.0,0,0.0,0.0,0.0,0,0.0,0,6,4,92.0,2,21.2,25.2,,,77.0,225.0,34.1641875,11.0,Wyoming,2004.0,2004.0,,,,0.16666667
2015,9,00-0022414,,WR,LAC,CHI,0,0,0.0,0,0.0,0.0,0.0,0,0.0,0,1,0,0.0,0,0.0,0.0,,,77.0,225.0,34.1641875,11.0,Wyoming,2004.0,2004.0,,,,0.023809524
2015,12,00-0022414,,WR,LAC,JAX,0,0,0.0,0,0.0,0.0,0.0,0,0.0,0,4,1,12.0,0,1.2,2.2,,,77.0,225.0,34.1641875,11.0,Wyoming,2004.0,2004.0,,,,0.093023255
2015,13,00-0022414,,WR,LAC,DEN,0,0,0.0,0,0.0,0.0,0.0,0,0.0,0,4,1,15.0,0,-0.5,0.5,,,77.0,225.0,34.1641875,11.0,Wyoming,2004.0,2004.0,,,,0.121212125
2015,14,00-0022414,,WR,LAC,KC,0,0,0.0,0,0.0,0.0,0.0,0,0.0,0,9,3,56.0,0,5.6,8.6,,,77.0,225.0,34.1641875,11.0,Wyoming,2004.0,2004.0,,,,0.21428572
2015,15,00-0022414,,WR,LAC,MIA,0,0,0.0,0,0.0,0.0,0.0,0,0.0,0,3,1,27.0,0,2.7,3.7,,,77.0,225.0,34.1641875,11.0,Wyoming,2004.0,2004.0,,,,0.083333336
2015,16,00-0022414,,WR,LAC,LV,0,0,0.0,0,0.0,0.0,0.0,0,0.0,0,6,3,42.0,0,4.2,7.2,,,77.0,225.0,34.1641875,11.0,Wyoming,2004.0,2004.0,,,,0.12244898
2015,17,00-0022414,,WR,LAC,DEN,0,0,0.0,0,0.0,0.0,0.0,0,0.0,0,2,0,0.0,0,0.0,0.0,,,77.0,225.0,34.1641875,11.0,Wyoming,2004.0,2004.0,,,,0.057142857
2015,10,00-0022427,,WR,LA,CHI,0,0,0.0,0,0.0,0.0,0.0,0,0.0,0,6,3,32.0,0,3.2,6.2,,,69.0,185.0,,11.0,Texas Tech,2004.0,2004.0,,,,0.16216215
2015,11,00-0022427,,WR,LA,BAL,0,0,0.0,0,0.0,0.0,0.0,0,0.0,0,4,2,13.0,0,1.3,3.3,,,69.0,185.0,,11.0,Texas Tech,2004.0,2004.0,,,,0.15384616
2015,12,00-0022427,,WR,LA,CIN,0,0,0.0,0,0.0,0.0,0.0,0,0.0,0,3,2,12.0,0,1.2,3.2,,,69.0,185.0,,11.0,Texas Tech,2004.0,2004.0,,,,0.056603774
2015,13,00-0022427,,WR,LA,ARI,0,0,0.0,0,0.0,0.0,0.0,0,0.0,0,3,2,15.0,0,1.5,3.5,,,69.0,185.0,,11.0,Texas Tech,2004.0,2004.0,,,,0.0882353
2015,14,00-0022427,,WR,LA,DET,0,0,0.0,0,0.0,0.0,0.0,0,0.0,0,2,1,11.0,0,1.1,2.1,,,69.0,185.0,,11.0,Texas Tech,2004.0,2004.0,,,,0.09090909
2015,16,00-0022427,,WR,LA,SEA,0,0,0.0,0,0.0,0.0,0.0,0,0.0,0,1,1,3.0,0,0.3,1.3,,,69.0,185.0,,11.0,Texas Tech,2004.0,2004.0,,,,0.04347826
2015,17,00-0022427,,WR,LA,SF,0,0,0.0,0,0.0,0.0,0.0,0,0.0,0,3,2,16.0,0,1.6,3.6,,,69.0,185.0,,11.0,Texas Tech,2004.0,2004.0,,,,0.078947365
2015,16,00-0022736,,RB,NE,NYJ,0,0,0.0,0,0.0,0.0,0.0,7,15.0,0,0,0,0.0,0,1.5,1.5,,,74.0,240.0,32.47025,11.0,Oregon State,2004.0,2004.0,SL,24,,
2015,17,00-0022736,,RB,NE,MIA,0,0,0.0,0,0.0,0.0,0.0,14,35.0,1,1,1,20.0,0,11.5,12.5,,,74.0,240.0,32.47025,11.0,Oregon State,2004.0,2004.0,SL,24,,0.04
2015,19,00-0022736,,RB,NE,KC,0,0,0.0,0,0.0,0.0,0.0,6,16.0,0,1,1,2.0,0,1.8,2.8,,,74.0,240.0,32.47025,11.0,Oregon State,2004.0,2004.0,SL,24,7.0,0.024390243
2015,20,00-0022736,,RB,NE,DEN,0,0,0.0,0,0.0,0.0,0.0,4,8.0,1,0,0,0.0,0,6.8,6.8,,,74.0,240.0,32.47025,11.0,Oregon State,2004.0,2004.0,SL,24,,
2015,12,00-0022787,M.Schaub,QB,BAL,CLE,20,34,232.0,2,2.0,0.0,-0.0,3,10.0,0,0,0,0.0,0,14.28,14.28,,,78.0,245.0,,11.0,Virginia,2004.0,2004.0,ATL,90,,
2015,13,00-0022787,M.Schaub,QB,BAL,MIA,32,46,308.0,1,2.0,3.0,27.0,1,0.0,0,0,0,0.0,0,12.32,12.32,,,78.0,245.0,,11.0,Virginia,2004.0,2004.0,ATL,90,,
2015,1,00-0022803,E.Manning,QB,NYG,DAL,20,36,189.0,0,0.0,1.0,3.0,1,8.0,0,0,0,0.0,0,8.36,8.36,,,76.0,218.0,34.842,11.0,Mississippi,2004.0,2004.0,SD,1,,
2015,2,00-0022803,E.Manning,QB,NYG,ATL,27,40,292.0,2,0.0,2.0,1.0,2,23.0,0,0,0,0.0,0,19.98,19.98,,,76.0,218.0,34.842,11.0,Mississippi,2004.0,2004.0,SD,1,-4.0,
2015,3,00-0022803,E.Manning,QB,NYG,WAS,23,32,279.0,2,0.0,0.0,-0.0,0,0.0,0,0,0,0.0,0,19.16,19.16,,,76.0,218.0,34.842,11.0,Mississippi,2004.0,2004.0,SD,1,11.0,
2015,4,00-0022803,E.Manning,QB,NYG,BUF,20,35,212.0,3,1.0,1.0,1.0,3,-2.0,0,0,0,0.0,0,18.28,18.28,,,76.0,218.0,34.842,11.0,Mississippi,2004.0,2004.0,SD,1,,
2015,5,00-0022803,E.Manning,QB,NYG,SF,41,54,441.0,3,1.0,0.0,-0.0,1,11.0,0,0,0,0.0,0,28.74,28.74,,,76.0,218.0,34.842,11.0,Mississippi,2004.0,2004.0,SD,1,3.0,
2015,6,00-0022803,E.Manning,QB,NYG,PHI,24,38,189.0,1,2.0,3.0,23.0,1,12.0,0,0,0,0.0,0,8.76,8.76,,,76.0,218.0,34.842,11.0,Mississippi,2004.0,2004.0,SD,1,,
2015,7,00-0022803,E.Manning,QB,NYG,DAL,13,24,170.0,0,0.0,2.0,13.0,4,-4.0,0,0,0,0.0,0,6.4,6.4,,,76.0,218.0,34.842,11.0,Mississippi,2004.0,2004.0,SD,1,7.0,
2015,8,00-0022803,E.Manning,QB,NYG,NO,30,41,350.0,6,0.0,3.0,21.0,0,0.0,0,0,0,0.0,0,38.0,38.0,,,76.0,218.0,34.842,11.0,Mississippi,2004.0,2004.0,SD,1,,
2015,9,00-0022803,E.Manning,QB,NYG,TB,26,40,213.0,2,2.0,0.0,-0.0,1,-1.0,0,0,0,0.0,0,12.42,12.42,,,76.0,218.0,34.842,11.0,Mississippi,2004.0,2004.0,SD,1,,
2015,10,00-0022803,E.Manning,QB,NYG,NE,24,44,361.0,2,0.0,3.0,19.0,1,10.0,0,0,0,0.0,0,21.44,21.44,,,76.0,218.0,34.842,11.0,Mississippi,2004.0,2004.0,SD,1,-1.0,
2015,12,00-0022803,E.Manning,QB,NYG,WAS,26,51,321.0,2,3.0,3.0,22.0,0,0.0,0,0,0,0.0,0,14.84,14.84,,,76.0,218.0,34.842,11.0,Mississippi,2004.0,2004.0,SD,1,,
2015,13,00-0022803,E.Manning,QB,NYG,NYJ,18,34,297.0,1,1.0,3.0,16.0,1,2.0,0,0,0,0.0,0,14.08,14.08,,,76.0,218.0,34.842,11.0,Mississippi,2004.0,2004.0,SD,1,-3.0,
2015,14,00-0022803,E.Manning,QB,NYG,MIA,27,31,337.0,4,0.0,0.0,-0.0,3,-2.0,0,0,0,0.0,0,27.28,27.28,,,76.0,218.0,34.842,11.0,Mississippi,2004.0,2004.0,SD,1,,
2015,15,00-0022803,E.Manning,QB,NYG,CAR,29,46,245.0,4,1.0,0.0,-0.0,1,4.0,0,0,0,0.0,0,24.2,24.2,,,76.0,218.0,34.842,11.0,Mississippi,2004.0,2004.0,SD,1,-3.0,
2015,16,00-0022803,E.Manning,QB,NYG,MIN,15,29,234.0,1,3.0,4.0,30.0,1,0.0,0,0,0,0.0,0,7.36,7.36,,,76.0,218.0,34.842,11.0,Mississippi,2004.0,2004.0,SD,1,,
2015,17,00-0022803,E.Manning,QB,NYG,PHI,24,43,302.0,2,0.0,2.0,8.0,0,0.0,0,0,0,0.0,0,18.08,18.08,,,76.0,218.0,34.842,11.0,Mississippi,2004.0,2004.0,SD,1,-5.0,
2015,1,00-0022811,,WR,CAR,JAX,0,0,0.0,0,0.0,0.0,0.0,0,0.0,0,6,4,45.0,1,10.5,14.5,,,73.0,205.0,33.43426315789473,11.0,North Carolina State,2004.0,2004.0,NYJ,108,,0.19354838
2015,2,00-0022811,,WR,CAR,HOU,0,0,0.0,0,0.0,0.0,0.0,0,0.0,0,1,1,11.0,0,1.1,2.1,,,73.0,205.0,33.43426315789473,11.0,North Carolina State,2004.0,2004.0,NYJ,108,7.0,0.027027028
2015,6,00-0022811,,WR,CAR,SEA,0,0,0.0,0,0.0,0.0,0.0,0,0.0,0,4,2,21.0,0,2.1,4.1,,,73.0,205.0,33.43426315789473,11.0,North Carolina State,2004.0,2004.0,NYJ,108,,0.114285715
2015,7,00-0022811,,WR,CAR,PHI,0,0,0.0,0,0.0,0.0,0.0,0,0.0,0,1,1,13.0,0,1.3,2.3,,,73.0,205.0,33.43426315789473,11.0,North Carolina State,2004.0,2004.0,NYJ,108,11.0,0.041666668
2015,8,00-0022811,,WR,CAR,IND,0,0,0.0,0,0.0,0.0,0.0,0,0.0,0,3,2,18.0,0,1.8,3.8,,,73.0,205.0,33.43426315789473,11.0,North Carolina State,2004.0,2004.0,NYJ,108,3.0,0.08571429
2015,9,00-0022811,,WR,CAR,GB,0,0,0.0,0,0.0,0.0,0.0,0,0.0,0,6,3,82.0,0,8.2,11.2,,,73.0,205.0,33.43426315789473,11.0,North Carolina State,2004.0,2004.0,NYJ,108,8.0,0.20689656
2015,10,00-0022811,,WR,CAR,TEN,0,0,0.0,0,0.0,0.0,0.0,0,0.0,0,3,2,6.0,0,0.6,2.6,,,73.0,205.0,33.43426315789473,11.0,North Carolina State,2004.0,2004.0,NYJ,108,,0.12
2015,11,00-0022811,,WR,CAR,WAS,0,0,0.0,0,0.0,0.0,0.0,0,0.0,0,6,4,57.0,0,5.7,9.7,,,73.0,205.0,33.43426315789473,11.0,North Carolina State,2004.0,2004.0,NYJ,108,28.0,0.1764706
2015,12,00-0022811,,WR,CAR,DAL,0,0,0.0,0,0.0,0.0,0.0,0,0.0,0,6,5,73.0,0,7.3,12.3,,,73.0,205.0,33.43426315789473,11.0,North Carolina State,2004.0,2004.0,NYJ,108,,0.22222222
2015,13,00-0022811,,WR,CAR,NO,0,0,0.0,0,0.0,0.0,0.0,0,0.0,0,3,3,26.0,1,8.6,11.6,,,73.0,205.0,33.43426315789473,11.0,North Carolina State,2004.0,2004.0,NYJ,108,,0.07317073
2015,14,00-0022811,,WR,CAR,ATL,0,0,0.0,0,0.0,0.0,0.0,0,0.0,0,2,2,10.0,0,1.0,3.0,,,73.0,205.0,33.43426315789473,11.0,North Carolina State,2004.0,2004.0,NYJ,108,38.0,0.07692308
2015,15,00-0022811,,WR,CAR,NYG,0,0,0.0,0,0.0,0.0,0.0,0,0.0,0,6,4,47.0,0,4.7,8.7,,,73.0,205.0,33.43426315789473,11.0,North Carolina State,2004.0,2004.0,NYJ,108,,0.13953489
2015,16,00-0022811,,WR,CAR,ATL,0,0,0.0,0,0.0,0.0,0.0,1,16.0,0,5,4,24.0,0,4.0,8.0,,,73.0,205.0,33.43426315789473,11.0,North Carolina State,2004.0,2004.0,NYJ,108,,0.17857143
2015,17,00-0022811,,WR,CAR,TB,0,0,0.0,0,0.0,0.0,0.0,0,0.0,0,2,2,52.0,1,11.2,13.2,,,73.0,205.0,33.43426315789473,11.0,North Carolina State,2004.0,2004.0,NYJ,108,28.0,0.07692308
2015,19,00-0022811,,WR,CAR,SEA,0,0,0.0,0,0.0,0.0,0.0,0,0.0,0,4,3,22.0,0,2.2,5.2,,,73.0,205.0,33.43426315789473,11.0,North Carolina State,2004.0,2004.0,NYJ,108,7.0,0.18181819
2015,20,00-0022811,,WR,CAR,ARI,0,0,0.0,0,0.0,0.0,0.0,0,0.0,0,2,2,17.0,0,1.7,3.7,,,73.0,205.0,33.43426315789473,11.0,North Carolina State,2004.0,2004.0,NYJ,108,34.0,0.071428575
2015,21,00-0022811,,WR,CAR,DEN,0,0,0.0,0,0.0,0.0,0.0,0,0.0,0,5,2,17.0,0,1.7,3.7,,,73.0,205.0,33.43426315789473,11.0,North Carolina State,2004.0,2004.0,NYJ,108,,0.125
2015,3,00-0022864,L.McCown,QB,NO,CAR,31,38,310.0,0,1.0,1.0,-0.0,0,0.0,0,0,0,0.0,0,10.4,10.4,,,76.0,217.0,34.24677777777778,11.0,Louisiana Tech,2004.0,2004.0,CLV,106,,
2015,7,00-0022864,L.McCown,QB,NO,IND,1,1,25.0,0,0.0,0.0,-0.0,0,0.0,0,0,0,0.0,0,1.0,1.0,,,76.0,217.0,34.24677777777778,11.0,Louisiana Tech,2004.0,2004.0,CLV,106,,
2015,1,00-0022921,L.Fitzgerald,WR,ARI,NO,0,0,0.0,0,0.0,0.0,0.0,0,0.0,0,8,6,87.0,0,8.7,14.7,,,75.0,218.0,,11.0,Pittsburgh,2004.0,2004.0,ARZ,3,12.0,0.25
2015,2,00-0022921,L.Fitzgerald,WR,ARI,CHI,0,0,0.0,0,0.0,0.0,0.0,0,0.0,0,9,8,112.0,3,29.2,37.2,,,75.0,218.0,,11.0,Pittsburgh,2004.0,2004.0,ARZ,3,,0.39130434
2015,3,00-0022921,L.Fitzgerald,WR,ARI,SF,0,0,0.0,0,0.0,0.0,0.0,0,0.0,0,11,9,134.0,2,25.4,34.4,,,75.0,218.0,,11.0,Pittsburgh,2004.0,2004.0,ARZ,3,40.0,0.3548387
2015,4,00-0022921,L.Fitzgerald,WR,ARI,LA,0,0,0.0,0,0.0,0.0,0.0,0,0.0,0,9,7,99.0,0,7.9,14.9,,,75.0,218.0,,11.0,Pittsburgh,2004.0,2004.0,ARZ,3,-2.0,0.2
2015,5,00-0022921,L.Fitzgerald,WR,ARI,DET,0,0,0.0,0,0.0,0.0,0.0,0,0.0,0,7,5,58.0,1,11.8,16.8,,,75.0,218.0,,11.0,Pittsburgh,2004.0,2004.0,ARZ,3,,0.3888889
2015,6,00-0022921,L.Fitzgerald,WR,ARI,PIT,0,0,0.0,0,0.0,0.0,0.0,0,0.0,0,10,8,93.0,0,9.3,17.3,,,75.0,218.0,,11.0,Pittsburgh,2004.0,2004.0,ARZ,3,,0.22727273
2015,7,00-0022921,L.Fitzgerald,WR,ARI,BAL,0,0,0.0,0,0.0,0.0,0.0,0,0.0,0,5,3,39.0,0,3.9,6.9,,,75.0,218.0,,11.0,Pittsburgh,2004.0,2004.0,ARZ,3,8.0,0.17857143
2015,8,00-0022921,L.Fitzgerald,WR,ARI,CLE,0,0,0.0,0,0.0,0.0,0.0,0,0.0,0,11,9,84.0,1,12.4,21.4,,,75.0,218.0,,11.0,Pittsburgh,2004.0,2004.0,ARZ,3,,0.2972973
2015,10,00-0022921,L.Fitzgerald,WR,ARI,SEA,0,0,0.0,0,0.0,0.0,0.0,0,0.0,0,14,10,130.0,0,13.0,23.0,,,75.0,218.0,,11.0,Pittsburgh,2004.0,2004.0,ARZ,3,,0.31111112
2015,11,00-0022921,L.Fitzgerald,WR,ARI,CIN,0,0,0.0,0,0.0,0.0,0.0,0,0.0,0,13,8,90.0,0,9.0,17.0,,,75.0,218.0,,11.0,Pittsburgh,2004.0,2004.0,ARZ,3,3.0,0.43333334
2015,12,00-0022921,L.Fitzgerald,WR,ARI,SF,0,0,0.0,0,0.0,0.0,0.0,0,0.0,0,14,10,66.0,0,6.6,16.6,,,75.0,218.0,,11.0,Pittsburgh,2004.0,2004.0,ARZ,3,,0.35
2015,13,00-0022921,L.Fitzgerald,WR,ARI,LA,0,0,0.0,0,0.0,0.0,0.0,0,0.0,0,11,8,55.0,0,5.5,13.5,,,75.0,218.0,,11.0,Pittsburgh,2004.0,2004.0,ARZ,3,,0.275
2015,14,00-0022921,L.Fitzgerald,WR,ARI,MIN,0,0,0.0,0,0.0,0.0,0.0,0,0.0,0,6,5,41.0,0,4.1,9.1,,,75.0,218.0,,11.0,Pittsburgh,2004.0,2004.0,ARZ,3,3.0,0.17142858
2015,15,00-0022921,L.Fitzgerald,WR,ARI,PHI,0,0,0.0,0,0.0,0.0,0.0,0,0.0,0,5,3,43.0,0,4.3,7.3,,,75.0,218.0,,11.0,Pittsburgh,2004.0,2004.0,ARZ,3,,0.15625
2015,16,00-0022921,L.Fitzgerald,WR,ARI,GB,0,0,0.0,0,0.0,0.0,0.0,0,0.0,0,5,4,29.0,1,8.9,12.9,,,75.0,218.0,,11.0,Pittsburgh,2004.0,2004.0,ARZ,3,30.0,0.18518518
2015,17,00-0022921,L.Fitzgerald,WR,ARI,SEA,0,0,0.0,0,0.0,0.0,0.0,0,0.0,0,7,6,55.0,1,11.5,17.5,,,75.0,218.0,,11.0,Pittsburgh,2004.0,2004.0,ARZ,3,-30.0,0.1627907
2015,19,00-0022921,L.Fitzgerald,WR,ARI,GB,0,0,0.0,0,0.0,0.0,0.0,0,0.0,0,12,8,176.0,1,23.6,31.6,,,75.0,218.0,,11.0,Pittsburgh,2004.0,2004.0,ARZ,3,6.0,0.29268292
2015,20,00-0022921,L.Fitzgerald,WR,ARI,CAR,0,1,0.0,0,0.0,0.0,-0.0,0,0.0,0,7,4,30.0,0,3.0,7.0,,,75.0,218.0,,11.0,Pittsburgh,2004.0,2004.0,ARZ,3,,0.17073171
2015,1,00-0022924,B.Roethlisberger,QB,PIT,NE,26,38,351.0,1,1.0,2.0,13.0,0,0.0,0,0,0,0.0,0,18.04,18.04,,,77.0,240.0,33.703722222222225,11.0,"Miami, O.",2004.0,2004.0,PIT,11,,
2015,2,00-0022924,B.Roethlisberger,QB,PIT,SF,21,27,369.0,3,0.0,0.0,-0.0,1,-1.0,0,0,0,0.0,0,30.66,30.66,,,77.0,240.0,33.703722222222225,11.0,"Miami, O.",2004.0,2004.0,PIT,11,25.0,
2015,3,00-0022924,B.Roethlisberger,QB,PIT,LA,20,24,192.0,0,1.0,3.0,22.0,0,0.0,0,0,0,0.0,0,5.68,5.68,,,77.0,240.0,33.703722222222225,11.0,"Miami, O.",2004.0,2004.0,PIT,11,,
2015,8,00-0022924,B.Roethlisberger,QB,PIT,CIN,28,45,262.0,1,3.0,3.0,22.0,0,0.0,0,0,0,0.0,0,8.48,8.48,,,77.0,240.0,33.703722222222225,11.0,"Miami, O.",2004.0,2004.0,PIT,11,-6.0,
2015,9,00-0022924,B.Roethlisberger,QB,PIT,LV,24,44,334.0,2,1.0,1.0,11.0,0,0.0,0,0,0,0.0,0,21.36,21.36,,,77.0,240.0,33.703722222222225,11.0,"Miami, O.",2004.0,2004.0,PIT,11,3.0,
2015,10,00-0022924,B.Roethlisberger,QB,PIT,CLE,22,33,379.0,3,1.0,1.0,3.0,2,-2.0,0,0,0,0.0,0,26.96,26.96,,,77.0,240.0,33.703722222222225,11.0,"Miami, O.",2004.0,2004.0,PIT,11,21.0,
2015,12,00-0022924,B.Roethlisberger,QB,PIT,SEA,36,55,456.0,1,2.0,2.0,10.0,5,18.0,0,0,0,0.0,0,22.04,22.04,,,77.0,240.0,33.703722222222225,11.0,"Miami, O.",2004.0,2004.0,PIT,11,,
2015,13,00-0022924,B.Roethlisberger,QB,PIT,IND,24,39,364.0,4,0.0,0.0,-0.0,1,13.0,0,0,0,0.0,0,33.86,33.86,,,77.0,240.0,33.703722222222225,11.0,"Miami, O.",2004.0,2004.0,PIT,11,35.0,
2015,14,00-0022924,B.Roethlisberger,QB,PIT,CIN,30,39,282.0,0,1.0,2.0,12.0,1,6.0,0,0,0,0.0,0,9.88,9.88,,,77.0,240.0,33.703722222222225,11.0,"Miami, O.",2004.0,2004.0,PIT,11,,
2015,15,00-0022924,B.Roethlisberger,QB,PIT,DEN,40,55,380.0,3,2.0,3.0,26.0,3,-3.0,0,0,0,0.0,0,22.9,22.9,,,77.0,240.0,33.703722222222225,11.0,"Miami, O.",2004.0,2004.0,PIT,11,7.0,
2015,16,00-0022924,B.Roethlisberger,QB,PIT,BAL,24,34,220.0,0,2.0,3.0,22.0,0,0.0,0,0,0,0.0,0,4.8,4.8,,,77.0,240.0,33.703722222222225,11.0,"Miami, O.",2004.0,2004.0,PIT,11,,
2015,17,00-0022924,B.Roethlisberger,QB,PIT,CLE,24,36,349.0,3,2.0,0.0,-0.0,2,-2.0,0,0,0,0.0,0,23.76,23.76,,,77.0,240.0,33.703722222222225,11.0,"Miami, O.",2004.0,2004.0,PIT,11,,
2015,18,00-0022924,B.Roethlisberger,QB,PIT,CIN,18,31,229.0,1,0.0,3.0,27.0,0,0.0,0,0,0,0.0,0,13.16,13.16,,,77.0,240.0,33.703722222222225,11.0,"Miami, O.",2004.0,2004.0,PIT,11,,
2015,19,00-0022924,B.Roethlisberger,QB,PIT,DEN,24,37,339.0,0,0.0,3.0,28.0,0,0.0,0,0,0,0.0,0,13.56,13.56,,,77.0,240.0,33.703722222222225,11.0,"Miami, O.",2004.0,2004.0,PIT,11,,
2015,1,00-0022942,P.Rivers,QB,LAC,DET,34,41,403.0,2,2.0,2.0,16.0,2,-2.0,0,0,0,0.0,0,19.92,19.92,,,77.0,228.0,33.9150625,11.0,North Carolina State,2004.0,2004.0,NYG,4,,
2015,2,00-0022942,P.Rivers,QB,LAC,CIN,21,27,241.0,2,1.0,4.0,18.0,1,5.0,0,0,0,0.0,0,14.14,14.14,,,77.0,228.0,33.9150625,11.0,North Carolina State,2004.0,2004.0,NYG,4,,
2015,3,00-0022942,P.Rivers,QB,LAC,MIN,21,34,246.0,1,1.0,4.0,30.0,0,0.0,0,0,0,0.0,0,9.84,9.84,,,77.0,228.0,33.9150625,11.0,North Carolina State,2004.0,2004.0,NYG,4,,
2015,4,00-0022942,P.Rivers,QB,LAC,CLE,23,38,358.0,3,0.0,2.0,11.0,1,-1.0,0,0,0,0.0,0,26.22,26.22,,,77.0,228.0,33.9150625,11.0,North Carolina State,2004.0,2004.0,NYG,4,,
2015,5,00-0022942,P.Rivers,QB,LAC,PIT,35,48,365.0,2,1.0,2.0,11.0,0,0.0,0,0,0,0.0,0,20.6,20.6,,,77.0,228.0,33.9150625,11.0,North Carolina State,2004.0,2004.0,NYG,4,,
2015,6,00-0022942,P.Rivers,QB,LAC,GB,43,65,503.0,2,0.0,3.0,15.0,0,0.0,0,0,0,0.0,0,28.12,28.12,,,77.0,228.0,33.9150625,11.0,North Carolina State,2004.0,2004.0,NYG,4,,
2015,7,00-0022942,P.Rivers,QB,LAC,LV,38,58,336.0,3,2.0,1.0,9.0,0,0.0,0,0,0,0.0,0,25.44,25.44,,,77.0,228.0,33.9150625,11.0,North Carolina State,2004.0,2004.0,NYG,4,,
2015,8,00-0022942,P.Rivers,QB,LAC,BAL,28,37,301.0,3,0.0,1.0,11.0,1,0.0,0,0,0,0.0,0,24.04,24.04,,,77.0,228.0,33.9150625,11.0,North Carolina State,2004.0,2004.0,NYG,4,,
2015,9,00-0022942,P.Rivers,QB,LAC,CHI,26,42,280.0,1,0.0,2.0,18.0,0,0.0,0,0,0,0.0,0,15.2,15.2,,,77.0,228.0,33.9150625,11.0,North Carolina State,2004.0,2004.0,NYG,4,,
2015,11,00-0022942,P.Rivers,QB,LAC,KC,19,30,178.0,0,1.0,3.0,29.0,4,8.0,0,0,0,0.0,0,5.92,5.92,,,77.0,228.0,33.9150625,11.0,North Carolina State,2004.0,2004.0,NYG,4,,
2015,12,00-0022942,P.Rivers,QB,LAC,JAX,29,43,300.0,4,0.0,2.0,10.0,5,9.0,0,0,0,0.0,0,28.9,28.9,,,77.0,228.0,33.9150625,11.0,North Carolina State,2004.0,2004.0,NYG,4,,
2015,13,00-0022942,P.Rivers,QB,LAC,DEN,18,35,202.0,0,1.0,4.0,23.0,0,0.0,0,0,0,0.0,0,6.08,6.08,,,77.0,228.0,33.9150625,11.0,North Carolina State,2004.0,2004.0,NYG,4,,
2015,14,00-0022942,P.Rivers,QB,LAC,KC,24,43,263.0,0,1.0,5.0,27.0,1,4.0,0,0,0,0.0,0,8.92,8.92,,,77.0,228.0,33.9150625,11.0,North Carolina State,2004.0,2004.0,NYG,4,,
2015,15,00-0022942,P.Rivers,QB,LAC,MIA,26,36,311.0,3,2.0,1.0,9.0,0,0.0,0,0,0,0.0,0,20.44,20.44,,,77.0,228.0,33.9150625,11.0,North Carolina State,2004.0,2004.0,NYG,4,,
2015,16,00-0022942,P.Rivers,QB,LAC,LV,31,49,277.0,1,0.0,1.0,6.0,0,0.0,0,0,0,0.0,0,15.08,15.08,,,77.0,228.0,33.9150625,11.0,North Carolina State,2004.0,2004.0,NYG,4,,
2015,17,00-0022942,P.Rivers,QB,LAC,DEN,21,35,228.0,2,1.0,3.0,21.0,2,5.0,0,0,0,0.0,0,15.62,15.62,,,77.0,228.0,33.9150625,11.0,North Carolina State,2004.0,2004.0,NYG,4,,
2015,1,00-0022943,B.Watson,TE,NO,ARI,0,0,0.0,0,0.0,0.0,0.0,0,0.0,0,5,3,19.0,0,1.9,4.9,,,75.0,255.0,34.8856875,11.0,Georgia,2004.0,2004.0,NE,32,,0.104166664
2015,2,00-0022943,B.Watson,TE,NO,TB,0,0,0.0,0,0.0,0.0,0.0,0,0.0,0,4,2,12.0,0,1.2,3.2,,,75.0,255.0,34.8856875,11.0,Georgia,2004.0,2004.0,NE,32,-7.0,0.10526316
2015,3,00-0022943,B.Watson,TE,NO,CAR,0,0,0.0,0,0.0,0.0,0.0,0,0.0,0,4,4,42.0,0,2.2,6.2,,,75.0,255.0,34.8856875,11.0,Georgia,2004.0,2004.0,NE,32,,0.10526316
2015,4,00-0022943,B.Watson,TE,NO,DAL,0,0,0.0,0,0.0,0.0,0.0,0,0.0,0,3,3,30.0,0,3.0,6.0,,,75.0,255.0,34.8856875,11.0,Georgia,2004.0,2004.0,NE,32,6.0,0.07317073
2015,5,00-0022943,B.Watson,TE,NO,PHI,0,0,0.0,0,0.0,0.0,0.0,0,0.0,0,5,3,36.0,1,9.6,12.6,,,75.0,255.0,34.8856875,11.0,Georgia,2004.0,2004.0,NE,32,,0.11627907
2015,6,00-0022943,B.Watson,TE,NO,ATL,0,0,0.0,0,0.0,0.0,0.0,0,0.0,0,12,10,127.0,1,18.7,28.7,,,75.0,255.0,34.8856875,11.0,Georgia,2004.0,2004.0,NE,32,10.0,0.30769232
2015,7,00-0022943,B.Watson,TE,NO,IND,0,0,0.0,0,0.0,0.0,0.0,0,0.0,0,5,4,59.0,0,5.9,9.9,,,75.0,255.0,34.8856875,11.0,Georgia,2004.0,2004.0,NE,32,,0.11363637
2015,8,00-0022943,B.Watson,TE,NO,NYG,0,0,0.0,0,0.0,0.0,0.0,0,0.0,0,10,9,147.0,1,20.7,29.7,,,75.0,255.0,34.8856875,11.0,Georgia,2004.0,2004.0,NE,32,3.0,0.2
2015,9,00-0022943,B.Watson,TE,NO,TEN,0,0,0.0,0,0.0,0.0,0.0,0,0.0,0,5,5,60.0,0,6.0,11.0,,,75.0,255.0,34.8856875,11.0,Georgia,2004.0,2004.0,NE,32,-6.0,0.12820514
2015,10,00-0022943,B.Watson,TE,NO,WAS,0,0,0.0,0,0.0,0.0,0.0,0,0.0,0,5,3,19.0,0,1.9,4.9,,,75.0,255.0,34.8856875,11.0,Georgia,2004.0,2004.0,NE,32,,0.17857143
2015,12,00-0022943,B.Watson,TE,NO,HOU,0,0,0.0,0,0.0,0.0,0.0,0,0.0,0,9,4,53.0,0,5.3,9.3,,,75.0,255.0,34.8856875,11.0,Georgia,2004.0,2004.0,NE,32,,0.20930232
2015,13,00-0022943,B.Watson,TE,NO,CAR,0,0,0.0,0,0.0,0.0,0.0,0,0.0,0,8,4,38.0,1,9.8,13.8,,,75.0,255.0,34.8856875,11.0,Georgia,2004.0,2004.0,NE,32,-3.0,0.19512194
2015,14,00-0022943,B.Watson,TE,NO,TB,0,0,0.0,0,0.0,0.0,0.0,0,0.0,0,11,7,70.0,0,7.0,14.0,,,75.0,255.0,34.8856875,11.0,Georgia,2004.0,2004.0,NE,32,,0.2682927
2015,15,00-0022943,B.Watson,TE,NO,DET,0,0,0.0,0,0.0,0.0,0.0,0,0.0,0,12,6,49.0,1,10.9,16.9,,,75.0,255.0,34.8856875,11.0,Georgia,2004.0,2004.0,NE,32,-8.0,0.23076923
2015,16,00-0022943,B.Watson,TE,NO,JAX,0,0,0.0,0,0.0,0.0,0.0,0,0.0,0,2,1,5.0,0,0.5,1.5,,,75.0,255.0,34.8856875,11.0,Georgia,2004.0,2004.0,NE,32,11.0,0.057142857
2015,17,00-0022943,B.Watson,TE,NO,ATL,0,0,0.0,0,0.0,0.0,0.0,0,0.0,0,10,6,59.0,1,11.9,17.9,,,75.0,255.0,34.8856875,11.0,Georgia,2004.0,2004.0,NE,32,,0.23255815
2015,4,00-0022999,J.Kuhn,FB,GB,SF,0,0,0.0,0,0.0,0.0,0.0,1,1.0,1,1,1,8.0,0,6.9,7.9,,,72.0,250.0,33.185,10.0,Shippensburg,2005.0,2005.0,,,,0.03125
2015,5,00-0022999,J.Kuhn,FB,GB,LA,0,0,0.0,0,0.0,0.0,0.0,1,3.0,0,1,0,0.0,0,0.3,0.3,,,72.0,250.0,33.185,10.0,Shippensburg,2005.0,2005.0,,,14.0,0.033333335
2015,6,00-0022999,J.Kuhn,FB,GB,LAC,0,0,0.0,0,0.0,0.0,0.0,0,0.0,0,2,2,20.0,0,2.0,4.0,,,72.0,250.0,33.185,10.0,Shippensburg,2005.0,2005.0,,,7.0,0.06896552
2015,10,00-0022999,J.Kuhn,FB,GB,DET,0,0,0.0,0,0.0,0.0,0.0,0,0.0,0,1,0,0.0,0,0.0,0.0,,,72.0,250.0,33.185,10.0,Shippensburg,2005.0,2005.0,,,-2.0,0.016666668
2015,11,00-0022999,J.Kuhn,FB,GB,MIN,0,0,0.0,0,0.0,0.0,0.0,1,4.0,0,0,0,0.0,0,0.4,0.4,,,72.0,250.0,33.185,10.0,Shippensburg,2005.0,2005.0,,,,
2015,14,00-0022999,J.Kuhn,FB,GB,DAL,0,0,0.0,0,0.0,0.0,0.0,1,2.0,0,2,1,14.0,0,1.6,2.6,,,72.0,250.0,33.185,10.0,Shippensburg,2005.0,2005.0,,,21.0,0.060606062
2015,15,00-0022999,J.Kuhn,FB,GB,LV,0,0,0.0,0,0.0,0.0,0.0,3,12.0,1,1,0,0.0,0,7.2,7.2,,,72.0,250.0,33.185,10.0,Shippensburg,2005.0,2005.0,,,,0.02631579
2015,16,00-0022999,J.Kuhn,FB,GB,ARI,0,0,0.0,0,0.0,0.0,0.0,1,3.0,0,0,0,0.0,0,0.3,0.3,,,72.0,250.0,33.185,10.0,Shippensburg,2005.0,2005.0,,,,
2015,17,00-0022999,J.Kuhn,FB,GB,MIN,0,0,0.0,0,0.0,0.0,0.0,1,3.0,0,2,2,14.0,0,1.7,3.7,,,72.0,250.0,33.185,10.0,Shippensburg,2005.0,2005.0,,,-7.0,0.046511628
2015,18,00-0022999,J.Kuhn,FB,GB,WAS,0,0,0.0,0,0.0,0.0,0.0,2,2.0,0,1,1,6.0,0,0.8,1.8,,,72.0,250.0,33.185,10.0,Shippensburg,2005.0,2005.0,,,,0.029411765
2015,19,00-0022999,J.Kuhn,FB,GB,ARI,0,0,0.0,0,0.0,0.0,0.0,1,2.0,0,2,2,10.0,0,1.2,3.2,,,72.0,250.0,33.185,10.0,Shippensburg,2005.0,2005.0,,,,0.04761905
2015,1,00-0023310,,WR,DET,LAC,0,0,0.0,0,0.0,0.0,0.0,0,0.0,0,2,1,22.0,0,2.2,3.2,,,69.0,187.0,32.18825,10.0,Toledo,2005.0,2005.0,,,,0.071428575
2015,2,00-0023310,,WR,DET,MIN,0,0,0.0,0,0.0,0.0,0.0,0,0.0,0,6,3,14.0,0,-0.6,2.4,,,69.0,187.0,32.18825,10.0,Toledo,2005.0,2005.0,,,,0.115384616
2015,3,00-0023310,,WR,DET,DEN,0,0,0.0,0,0.0,0.0,0.0,0,0.0,0,3,2,10.0,0,1.0,3.0,,,69.0,187.0,32.18825,10.0,Toledo,2005.0,2005.0,,,-12.0,0.06666667
2015,4,00-0023310,,WR,DET,SEA,0,0,0.0,0,0.0,0.0,0.0,0,0.0,0,3,2,21.0,0,2.1,4.1,,,69.0,187.0,32.18825,10.0,Toledo,2005.0,2005.0,,,,0.08571429
2015,5,00-0023310,,WR,DET,ARI,0,0,0.0,0,0.0,0.0,0.0,0,0.0,0,8,6,55.0,1,11.5,17.5,,,69.0,187.0,32.18825,10.0,Toledo,2005.0,2005.0,,,-25.0,0.11764706
2015,6,00-0023310,,WR,DET,CHI,0,0,0.0,0,0.0,0.0,0.0,0,0.0,0,6,5,106.0,1,16.6,21.6,,,69.0,187.0,32.18825,10.0,Toledo,2005.0,2005.0,,,3.0,0.15
2015,7,00-0023310,,WR,DET,MIN,0,0,0.0,0,0.0,0.0,0.0,0,0.0,0,1,0,0.0,0,0.0,0.0,,,69.0,187.0,32.18825,10.0,Toledo,2005.0,2005.0,,,-9.0,0.03846154
2015,8,00-0023310,,WR,DET,KC,0,0,0.0,0,0.0,0.0,0.0,0,0.0,0,3,3,29.0,1,8.9,11.9,,,69.0,187.0,32.18825,10.0,Toledo,2005.0,2005.0,,,,0.078947365
2015,10,00-0023310,,WR,DET,GB,0,0,0.0,0,0.0,0.0,0.0,0,0.0,0,6,3,29.0,1,8.9,11.9,,,69.0,187.0,32.18825,10.0,Toledo,2005.0,2005.0,,,,0.15789473
2015,11,00-0023310,,WR,DET,LV,0,0,0.0,0,0.0,0.0,0.0,0,0.0,0,2,1,21.0,0,2.1,3.1,,,69.0,187.0,32.18825,10.0,Toledo,2005.0,2005.0,,,5.0,0.05882353
2015,12,00-0023310,,WR,DET,PHI,0,0,0.0,0,0.0,0.0,0.0,0,0.0,0,1,1,14.0,0,1.4,2.4,,,69.0,187.0,32.18825,10.0,Toledo,2005.0,2005.0,,,31.0,0.02631579
2015,15,00-0023310,,WR,DET,NO,0,0,0.0,0,0.0,0.0,0.0,0,0.0,0,1,1,10.0,0,1.0,2.0,,,69.0,187.0,32.18825,10.0,Toledo,2005.0,2005.0,,,,0.04
2015,16,00-0023310,,WR,DET,SF,0,0,0.0,0,0.0,0.0,0.0,0,0.0,0,1,1,6.0,0,0.6,1.6,,,69.0,187.0,32.18825,10.0,Toledo,2005.0,2005.0,,,15.0,0.027027028
2015,1,00-0023367,,WR,HOU,KC,0,0,0.0,0,0.0,0.0,0.0,0,0.0,0,11,6,105.0,0,10.5,16.5,,,73.0,183.0,,10.0,,2005.0,2005.0,,,-7.0,0.23913044
2015,2,00-0023367,,WR,HOU,CAR,0,0,0.0,0,0.0,0.0,0.0,0,0.0,0,8,3,63.0,0,6.3,9.3,,,73.0,183.0,,10.0,,2005.0,2005.0,,,,0.14035088
2015,3,00-0023367,,WR,HOU,TB,0,0,0.0,0,0.0,0.0,0.0,0,0.0,0,9,4,42.0,0,4.2,8.2,,,73.0,183.0,,10.0,,2005.0,2005.0,,,10.0,0.23076923
2015,7,00-0023367,,WR,HOU,MIA,0,0,0.0,0,0.0,0.0,0.0,0,0.0,0,16,9,127.0,2,24.7,33.7,,,73.0,183.0,,10.0,,2005.0,2005.0,,,,0.3265306
2015,8,00-0023367,,WR,HOU,TEN,0,0,0.0,0,0.0,0.0,0.0,0,0.0,0,6,4,74.0,1,13.4,17.4,,,73.0,183.0,,10.0,,2005.0,2005.0,,,14.0,0.1764706
2015,10,00-0023367,,WR,HOU,CIN,0,0,0.0,0,0.0,0.0,0.0,0,0.0,0,5,2,32.0,0,3.2,5.2,,,73.0,183.0,,10.0,,2005.0,2005.0,,,,0.15151516
2015,11,00-0023367,,WR,HOU,NYJ,0,0,0.0,0,0.0,0.0,0.0,0,0.0,0,6,2,13.0,0,1.3,3.3,,,73.0,183.0,,10.0,,2005.0,2005.0,,,7.0,0.1764706
2015,12,00-0023367,,WR,HOU,NO,0,0,0.0,0,0.0,0.0,0.0,0,0.0,0,4,3,43.0,0,4.3,7.3,,,73.0,183.0,,10.0,,2005.0,2005.0,,,18.0,0.14814815
2015,13,00-0023367,,WR,HOU,BUF,0,0,0.0,0,0.0,0.0,0.0,0,0.0,0,11,6,44.0,0,4.4,10.4,,,73.0,183.0,,10.0,,2005.0,2005.0,,,,0.25581396
2015,14,00-0023367,,WR,HOU,NE,0,0,0.0,0,0.0,0.0,0.0,0,0.0,0,4,1,49.0,0,4.9,5.9,,,73.0,183.0,,10.0,,2005.0,2005.0,,,-21.0,0.16666667
2015,15,00-0023367,,WR,HOU,IND,0,0,0.0,0,0.0,0.0,0.0,0,0.0,0,6,3,18.0,0,1.8,4.8,,,73.0,183.0,,10.0,,2005.0,2005.0,,,,0.22222222
2015,16,00-0023367,,WR,HOU,TEN,0,0,0.0,0,0.0,0.0,0.0,0,0.0,0,5,3,42.0,1,10.2,13.2,,,73.0,183.0,,10.0,,2005.0,2005.0,,,,0.1923077
2015,17,00-0023367,,WR,HOU,JAX,0,0,0.0,0,0.0,0.0,0.0,0,0.0,0,3,1,6.0,0,0.6,1.6,,,73.0,183.0,,10.0,,2005.0,2005.0,,,24.0,0.07317073
2015,18,00-0023367,,WR,HOU,KC,0,0,0.0,0,0.0,0.0,0.0,0,0.0,0,6,1,3.0,0,0.3,1.3,,,73.0,183.0,,10.0,,2005.0,2005.0,,,-30.0,0.1764706
2015,1,00-0023436,A.Smith,QB,KC,HOU,22,33,243.0,3,0.0,2.0,10.0,9,15.0,0,0,0,0.0,0,23.22,23.22,,,76.0,217.0,31.524055555555556,10.0,Utah,2005.0,2005.0,SF,1,,
2015,2,00-0023436,A.Smith,QB,KC,DEN,16,25,191.0,0,2.0,4.0,21.0,3,15.0,0,0,0,0.0,0,5.14,5.14,,,76.0,217.0,31.524055555555556,10.0,Utah,2005.0,2005.0,SF,1,-7.0,
2015,3,00-0023436,A.Smith,QB,KC,GB,24,40,290.0,1,1.0,7.0,39.0,6,33.0,0,0,0,0.0,0,18.9,18.9,,,76.0,217.0,31.524055555555556,10.0,Utah,2005.0,2005.0,SF,1,,
2015,4,00-0023436,A.Smith,QB,KC,CIN,31,45,386.0,0,0.0,5.0,38.0,5,25.0,0,0,0,0.0,0,17.94,17.94,,,76.0,217.0,31.524055555555556,10.0,Utah,2005.0,2005.0,SF,1,,
2015,5,00-0023436,A.Smith,QB,KC,CHI,16,30,181.0,1,0.0,3.0,11.0,3,21.0,0,0,0,0.0,0,13.34,13.34,,,76.0,217.0,31.524055555555556,10.0,Utah,2005.0,2005.0,SF,1,-1.0,
2015,6,00-0023436,A.Smith,QB,KC,MIN,22,37,282.0,1,0.0,2.0,11.0,2,10.0,0,0,0,0.0,0,16.28,16.28,,,76.0,217.0,31.524055555555556,10.0,Utah,2005.0,2005.0,SF,1,,
2015,7,00-0023436,A.Smith,QB,KC,PIT,21,32,251.0,1,0.0,2.0,12.0,3,5.0,0,0,0,0.0,0,14.54,14.54,,,76.0,217.0,31.524055555555556,10.0,Utah,2005.0,2005.0,SF,1,10.0,
2015,8,00-0023436,A.Smith,QB,KC,DET,18,26,145.0,2,0.0,3.0,15.0,5,78.0,1,0,0,0.0,0,27.6,27.6,,,76.0,217.0,31.524055555555556,10.0,Utah,2005.0,2005.0,SF,1,35.0,
2015,10,00-0023436,A.Smith,QB,KC,DEN,17,31,204.0,1,0.0,2.0,7.0,6,33.0,0,0,0,0.0,0,15.46,15.46,,,76.0,217.0,31.524055555555556,10.0,Utah,2005.0,2005.0,SF,1,,
2015,11,00-0023436,A.Smith,QB,KC,LAC,20,25,253.0,0,0.0,3.0,21.0,7,33.0,0,0,0,0.0,0,13.42,13.42,,,76.0,217.0,31.524055555555556,10.0,Utah,2005.0,2005.0,SF,1,,
2015,12,00-0023436,A.Smith,QB,KC,BUF,19,30,255.0,2,0.0,1.0,-0.0,6,35.0,0,0,0,0.0,0,21.7,21.7,,,76.0,217.0,31.524055555555556,10.0,Utah,2005.0,2005.0,SF,1,8.0,
2015,13,00-0023436,A.Smith,QB,KC,LV,16,22,162.0,2,0.0,4.0,19.0,5,23.0,1,0,0,0.0,0,24.78,24.78,,,76.0,217.0,31.524055555555556,10.0,Utah,2005.0,2005.0,SF,1,,
2015,14,00-0023436,A.Smith,QB,KC,LAC,15,23,191.0,1,1.0,2.0,12.0,5,40.0,0,0,0,0.0,0,13.64,13.64,,,76.0,217.0,31.524055555555556,10.0,Utah,2005.0,2005.0,SF,1,7.0,
2015,15,00-0023436,A.Smith,QB,KC,BAL,21,25,171.0,1,0.0,3.0,7.0,4,17.0,0,0,0,0.0,0,12.54,12.54,,,76.0,217.0,31.524055555555556,10.0,Utah,2005.0,2005.0,SF,1,,
2015,16,00-0023436,A.Smith,QB,KC,CLE,15,22,125.0,2,1.0,1.0,3.0,6,54.0,0,0,0,0.0,0,16.4,16.4,,,76.0,217.0,31.524055555555556,10.0,Utah,2005.0,2005.0,SF,1,4.0,
2015,17,00-0023436,A.Smith,QB,KC,LV,14,24,156.0,2,2.0,1.0,9.0,9,61.0,0,0,0,0.0,0,16.34,16.34,,,76.0,217.0,31.524055555555556,10.0,Utah,2005.0,2005.0,SF,1,6.0,
2015,18,00-0023436,A.Smith,QB,KC,HOU,17,22,190.0,1,1.0,3.0,17.0,5,27.0,0,0,0,0.0,0,12.3,12.3,,,76.0,217.0,31.524055555555556,10.0,Utah,2005.0,2005.0,SF,1,,
2015,19,00-0023436,A.Smith,QB,KC,NE,29,50,246.0,1,0.0,1.0,3.0,9,44.0,0,0,0,0.0,0,18.24,18.24,,,76.0,217.0,31.524055555555556,10.0,Utah,2005.0,2005.0,SF,1,,
2015,1,00-0023459,A.Rodgers,QB,GB,CHI,18,23,189.0,3,0.0,0.0,-0.0,8,35.0,0,0,0,0.0,0,23.06,23.06,,,74.0,225.0,31.95572222222222,10.0,California,2005.0,2005.0,GB,24,,
2015,2,00-0023459,A.Rodgers,QB,GB,SEA,25,33,249.0,2,0.0,2.0,15.0,6,23.0,0,0,0,0.0,0,22.26,22.26,,,74.0,225.0,31.95572222222222,10.0,California,2005.0,2005.0,GB,24,10.0,
2015,3,00-0023459,A.Rodgers,QB,GB,KC,24,35,333.0,5,0.0,1.0,8.0,2,16.0,0,0,0,0.0,0,34.92,34.92,,,74.0,225.0,31.95572222222222,10.0,California,2005.0,2005.0,GB,24,10.0,
2015,4,00-0023459,A.Rodgers,QB,GB,SF,22,32,224.0,1,0.0,3.0,24.0,3,33.0,0,0,0,0.0,0,16.26,16.26,,,74.0,225.0,31.95572222222222,10.0,California,2005.0,2005.0,GB,24,,
2015,5,00-0023459,A.Rodgers,QB,GB,LA,19,30,241.0,2,2.0,2.0,5.0,8,39.0,0,0,0,0.0,0,15.54,15.54,,,74.0,225.0,31.95572222222222,10.0,California,2005.0,2005.0,GB,24,14.0,
2015,6,00-0023459,A.Rodgers,QB,GB,LAC,16,29,255.0,2,0.0,3.0,18.0,2,14.0,0,0,0,0.0,0,19.6,19.6,,,74.0,225.0,31.95572222222222,10.0,California,2005.0,2005.0,GB,24,7.0,
2015,8,00-0023459,A.Rodgers,QB,GB,DEN,14,22,77.0,0,0.0,3.0,27.0,2,31.0,0,0,0,0.0,0,6.18,6.18,,,74.0,225.0,31.95572222222222,10.0,California,2005.0,2005.0,GB,24,,
2015,9,00-0023459,A.Rodgers,QB,GB,CAR,25,48,369.0,4,1.0,5.0,38.0,4,22.0,0,0,0,0.0,0,32.96,32.96,,,74.0,225.0,31.95572222222222,10.0,California,2005.0,2005.0,GB,24,,
2015,10,00-0023459,A.Rodgers,QB,GB,DET,35,61,333.0,2,0.0,3.0,8.0,2,8.0,0,0,0,0.0,0,22.12,22.12,,,74.0,225.0,31.95572222222222,10.0,California,2005.0,2005.0,GB,24,-2.0,
2015,11,00-0023459,A.Rodgers,QB,GB,MIN,16,34,212.0,2,0.0,2.0,16.0,3,6.0,0,0,0,0.0,0,19.08,19.08,,,74.0,225.0,31.95572222222222,10.0,California,2005.0,2005.0,GB,24,,
2015,12,00-0023459,A.Rodgers,QB,GB,CHI,22,43,202.0,1,1.0,2.0,14.0,4,33.0,0,0,0,0.0,0,13.38,13.38,,,74.0,225.0,31.95572222222222,10.0,California,2005.0,2005.0,GB,24,-4.0,
2015,13,00-0023459,A.Rodgers,QB,GB,DET,24,36,273.0,2,1.0,3.0,27.0,4,27.0,1,0,0,0.0,0,25.62,25.62,,,74.0,225.0,31.95572222222222,10.0,California,2005.0,2005.0,GB,24,,
2015,14,00-0023459,A.Rodgers,QB,GB,DAL,22,35,218.0,2,0.0,2.0,13.0,3,27.0,0,0,0,0.0,0,19.42,19.42,,,74.0,225.0,31.95572222222222,10.0,California,2005.0,2005.0,GB,24,21.0,
2015,15,00-0023459,A.Rodgers,QB,GB,LV,22,39,204.0,1,1.0,2.0,14.0,1,-1.0,0,0,0,0.0,0,10.06,10.06,,,74.0,225.0,31.95572222222222,10.0,California,2005.0,2005.0,GB,24,,
2015,16,00-0023459,A.Rodgers,QB,GB,ARI,15,28,151.0,1,1.0,8.0,70.0,3,19.0,0,0,0,0.0,0,7.94,7.94,,,74.0,225.0,31.95572222222222,10.0,California,2005.0,2005.0,GB,24,,
2015,17,00-0023459,A.Rodgers,QB,GB,MIN,28,44,291.0,1,1.0,5.0,17.0,3,12.0,0,0,0,0.0,0,12.84,12.84,,,74.0,225.0,31.95572222222222,10.0,California,2005.0,2005.0,GB,24,-7.0,
2015,18,00-0023459,A.Rodgers,QB,GB,WAS,21,36,210.0,2,0.0,1.0,5.0,1,-1.0,0,0,0,0.0,0,18.3,18.3,,,74.0,225.0,31.95572222222222,10.0,California,2005.0,2005.0,GB,24,,
2015,19,00-0023459,A.Rodgers,QB,GB,ARI,24,44,261.0,2,1.0,1.0,10.0,2,21.0,0,0,0,0.0,0,18.54,18.54,,,74.0,225.0,31.95572222222222,10.0,California,2005.0,2005.0,GB,24,,
2015,1,00-0023462,,WR,ATL,PHI,0,0,0.0,0,0.0,0.0,0.0,0,0.0,0,8,4,84.0,0,8.4,12.4,,,72.0,211.0,34.0134375,10.0,Alabama-Birmingham,2005.0,2005.0,ATL,27,2.0,0.23529412
2015,2,00-0023462,,WR,ATL,NYG,0,0,0.0,0,0.0,0.0,0.0,0,0.0,0,1,0,0.0,0,0.0,0.0,,,72.0,211.0,34.0134375,10.0,Alabama-Birmingham,2005.0,2005.0,ATL,27,,0.02173913
2015,4,00-0023462,,WR,ATL,HOU,0,0,0.0,0,0.0,0.0,0.0,0,0.0,0,4,2,8.0,0,0.8,2.8,,,72.0,211.0,34.0134375,10.0,Alabama-Birmingham,2005.0,2005.0,ATL,27,27.0,0.14814815
2015,5,00-0023462,,WR,ATL,WAS,0,0,0.0,0,0.0,0.0,0.0,0,0.0,0,4,2,23.0,0,2.3,4.3,,,72.0,211.0,34.0134375,10.0,Alabama-Birmingham,2005.0,2005.0,ATL,27,6.0,0.0952381
2015,6,00-0023462,,WR,ATL,NO,0,0,0.0,0,0.0,0.0,0.0,0,0.0,0,4,3,23.0,1,8.3,11.3,,,72.0,211.0,34.0134375,10.0,Alabama-Birmingham,2005.0,2005.0,ATL,27,,0.093023255
2015,7,00-0023462,,WR,ATL,TEN,0,0,0.0,0,0.0,0.0,0.0,0,0.0,0,4,3,48.0,0,4.8,7.8,,,72.0,211.0,34.0134375,10.0,Alabama-Birmingham,2005.0,2005.0,ATL,27,,0.10526316
2015,8,00-0023462,,WR,ATL,TB,0,0,0.0,0,0.0,0.0,0.0,0,0.0,0,3,2,24.0,0,2.4,4.4,,,72.0,211.0,34.0134375,10.0,Alabama-Birmingham,2005.0,2005.0,ATL,27,-3.0,0.06666667
2015,9,00-0023462,,WR,ATL,SF,0,0,0.0,0,0.0,0.0,0.0,0,0.0,0,2,1,20.0,0,2.0,3.0,,,72.0,211.0,34.0134375,10.0,Alabama-Birmingham,2005.0,2005.0,ATL,27,,0.044444446
2015,11,00-0023462,,WR,ATL,IND,0,0,0.0,0,0.0,0.0,0.0,0,0.0,0,9,4,24.0,0,2.4,6.4,,,72.0,211.0,34.0134375,10.0,Alabama-Birmingham,2005.0,2005.0,ATL,27,-3.0,0.19565217
2015,12,00-0023462,,WR,ATL,MIN,0,0,0.0,0,0.0,0.0,0.0,0,0.0,0,8,6,60.0,0,6.0,12.0,,,72.0,211.0,34.0134375,10.0,Alabama-Birmingham,2005.0,2005.0,ATL,27,-10.0,0.2580645
2015,13,00-0023462,,WR,ATL,TB,0,0,0.0,0,0.0,0.0,0.0,0,0.0,0,4,3,33.0,0,3.3,6.3,,,72.0,211.0,34.0134375,10.0,Alabama-Birmingham,2005.0,2005.0,ATL,27,,0.09090909
2015,14,00-0023462,,WR,ATL,CAR,0,0,0.0,0,0.0,0.0,0.0,0,0.0,0,5,4,35.0,0,3.5,7.5,,,72.0,211.0,34.0134375,10.0,Alabama-Birmingham,2005.0,2005.0,ATL,27,,0.12195122
2015,15,00-0023462,,WR,ATL,JAX,0,0,0.0,0,0.0,0.0,0.0,0,0.0,0,4,3,47.0,0,4.7,7.7,,,72.0,211.0,34.0134375,10.0,Alabama-Birmingham,2005.0,2005.0,ATL,27,,0.114285715
2015,16,00-0023462,,WR,ATL,CAR,0,0,0.0,0,0.0,0.0,0.0,0,0.0,0,6,5,67.0,0,6.7,11.7,,,72.0,211.0,34.0134375,10.0,Alabama-Birmingham,2005.0,2005.0,ATL,27,7.0,0.20689656
2015,17,00-0023462,,WR,ATL,NO,0,0,0.0,0,0.0,0.0,0.0,0,0.0,0,4,1,10.0,0,1.0,2.0,,,72.0,211.0,34.0134375,10.0,Alabama-Birmingham,2005.0,2005.0,ATL,27,-3.0,0.11111111
2015,1,00-0023465,,TE,PIT,NE,0,0,0.0,0,0.0,0.0,0.0,0,0.0,0,11,8,84.0,0,8.4,16.4,,,77.0,256.0,33.06316666666666,10.0,Virginia,2005.0,2005.0,PIT,30,,0.28947368
2015,2,00-0023465,,TE,PIT,SF,0,0,0.0,0,0.0,0.0,0.0,0,0.0,0,2,2,15.0,1,9.5,11.5,,,77.0,256.0,33.06316666666666,10.0,Virginia,2005.0,2005.0,PIT,30,25.0,0.074074075
2015,3,00-0023465,,TE,PIT,LA,0,0,0.0,0,0.0,0.0,0.0,0,0.0,0,3,2,17.0,0,1.7,3.7,,,77.0,256.0,33.06316666666666,10.0,Virginia,2005.0,2005.0,PIT,30,,0.1
2015,4,00-0023465,,TE,PIT,BAL,0,0,0.0,0,0.0,0.0,0.0,0,0.0,0,2,1,1.0,0,0.1,1.1,,,77.0,256.0,33.06316666666666,10.0,Virginia,2005.0,2005.0,PIT,30,-3.0,0.07692308
2015,5,00-0023465,,TE,PIT,LAC,0,0,0.0,0,0.0,0.0,0.0,0,0.0,0,3,3,46.0,0,4.6,7.6,,,77.0,256.0,33.06316666666666,10.0,Virginia,2005.0,2005.0,PIT,30,,0.125
2015,6,00-0023465,,TE,PIT,ARI,0,0,0.0,0,0.0,0.0,0.0,0,0.0,0,1,1,5.0,0,0.5,1.5,,,77.0,256.0,33.06316666666666,10.0,Virginia,2005.0,2005.0,PIT,30,12.0,0.05
2015,7,00-0023465,,TE,PIT,KC,0,0,0.0,0,0.0,0.0,0.0,0,0.0,0,2,0,0.0,0,0.0,0.0,,,77.0,256.0,33.06316666666666,10.0,Virginia,2005.0,2005.0,PIT,30,,0.071428575
2015,8,00-0023465,,TE,PIT,CIN,0,0,0.0,0,0.0,0.0,0.0,0,0.0,0,13,10,105.0,0,10.5,20.5,,,77.0,256.0,33.06316666666666,10.0,Virginia,2005.0,2005.0,PIT,30,-6.0,0.2888889
2015,9,00-0023465,,TE,PIT,LV,0,0,0.0,0,0.0,0.0,0.0,0,0.0,0,6,3,32.0,0,3.2,6.2,,,77.0,256.0,33.06316666666666,10.0,Virginia,2005.0,2005.0,PIT,30,3.0,0.12
2015,10,00-0023465,,TE,PIT,CLE,0,0,0.0,0,0.0,0.0,0.0,0,0.0,0,7,4,40.0,0,4.0,8.0,,,77.0,256.0,33.06316666666666,10.0,Virginia,2005.0,2005.0,PIT,30,21.0,0.1891892
2015,12,00-0023465,,TE,PIT,SEA,0,0,0.0,0,0.0,0.0,0.0,0,0.0,0,6,5,45.0,0,4.5,9.5,,,77.0,256.0,33.06316666666666,10.0,Virginia,2005.0,2005.0,PIT,30,,0.10344828
2015,14,00-0023465,,TE,PIT,CIN,0,0,0.0,0,0.0,0.0,0.0,1,2.0,0,10,10,66.0,0,6.8,16.8,,,77.0,256.0,33.06316666666666,10.0,Virginia,2005.0,2005.0,PIT,30,,0.2631579
2015,15,00-0023465,,TE,PIT,DEN,0,0,0.0,0,0.0,0.0,0.0,0,0.0,0,5,3,12.0,0,1.2,4.2,,,77.0,256.0,33.06316666666666,10.0,Virginia,2005.0,2005.0,PIT,30,7.0,0.09259259
2015,16,00-0023465,,TE,PIT,BAL,0,0,0.0,0,0.0,0.0,0.0,0,0.0,0,6,5,49.0,0,4.9,9.9,,,77.0,256.0,33.06316666666666,10.0,Virginia,2005.0,2005.0,PIT,30,,0.1764706
2015,17,00-0023465,,TE,PIT,CLE,0,0,0.0,0,0.0,0.0,0.0,0,0.0,0,4,3,18.0,1,7.8,10.8,,,77.0,256.0,33.06316666666666,10.0,Virginia,2005.0,2005.0,PIT,30,,0.11111111
2015,18,00-0023465,,TE,PIT,CIN,0,0,0.0,0,0.0,0.0,0.0,0,0.0,0,3,2,9.0,0,0.9,2.9,,,77.0,256.0,33.06316666666666,10.0,Virginia,2005.0,2005.0,PIT,30,,0.083333336
2015,19,00-0023465,,TE,PIT,DEN,0,0,0.0,0,0.0,0.0,0.0,0,0.0,0,3,1,5.0,0,0.5,1.5,,,77.0,256.0,33.06316666666666,10.0,Virginia,2005.0,2005.0,PIT,30,,0.083333336
2015,1,00-0023496,,WR,TB,TEN,0,0,0.0,0,0.0,0.0,0.0,0,0.0,0,11,4,51.0,0,5.1,9.1,,,77.0,230.0,32.809066666666666,10.0,Northern Colorado,2005.0,2005.0,SD,61,-28.0,0.33333334
2015,2,00-0023496,,WR,TB,NO,0,0,0.0,0,0.0,0.0,0.0,0,0.0,0,5,3,54.0,1,11.4,14.4,,,77.0,230.0,32.809066666666666,10.0,Northern Colorado,2005.0,2005.0,SD,61,,0.23809524
2015,3,00-0023496,,WR,TB,HOU,0,0,0.0,0,0.0,0.0,0.0,0,0.0,0,4,2,40.0,0,4.0,6.0,,,77.0,230.0,32.809066666666666,10.0,Northern Colorado,2005.0,2005.0,SD,61,,0.11764706
2015,4,00-0023496,,WR,TB,CAR,0,0,0.0,0,0.0,0.0,0.0,0,0.0,0,15,10,147.0,1,20.7,30.7,,,77.0,230.0,32.809066666666666,10.0,Northern Colorado,2005.0,2005.0,SD,61,-14.0,0.36585367
2015,5,00-0023496,,WR,TB,JAX,0,0,0.0,0,0.0,0.0,0.0,0,0.0,0,3,1,14.0,0,3.4,4.4,,,77.0,230.0,32.809066666666666,10.0,Northern Colorado,2005.0,2005.0,SD,61,7.0,0.16666667
2015,7,00-0023496,,WR,TB,WAS,0,0,0.0,0,0.0,0.0,0.0,0,0.0,0,2,1,13.0,0,1.3,2.3,,,77.0,230.0,32.809066666666666,10.0,Northern Colorado,2005.0,2005.0,SD,61,,0.06896552
2015,11,00-0023496,,WR,TB,PHI,0,0,0.0,0,0.0,0.0,0.0,0,0.0,0,6,4,56.0,1,11.6,15.6,,,77.0,230.0,32.809066666666666,10.0,Northern Colorado,2005.0,2005.0,SD,61,,0.21428572
2015,12,00-0023496,,WR,TB,IND,0,0,0.0,0,0.0,0.0,0.0,0,0.0,0,10,4,76.0,0,7.6,11.6,,,77.0,230.0,32.809066666666666,10.0,Northern Colorado,2005.0,2005.0,SD,61,,0.2777778
2015,13,00-0023496,,WR,TB,ATL,0,0,0.0,0,0.0,0.0,0.0,0,0.0,0,5,3,87.0,0,8.7,11.7,,,77.0,230.0,32.809066666666666,10.0,Northern Colorado,2005.0,2005.0,SD,61,4.0,0.18518518
2015,14,00-0023496,,WR,TB,NO,0,0,0.0,0,0.0,0.0,0.0,0,0.0,0,1,1,5.0,0,0.5,1.5,,,77.0,230.0,32.809066666666666,10.0,Northern Colorado,2005.0,2005.0,SD,61,-7.0,0.032258064
2015,1,00-0023500,F.Gore,RB,IND,BUF,0,0,0.0,0,0.0,0.0,0.0,8,31.0,0,3,2,0.0,0,3.1,5.1,,,69.0,217.0,32.4859375,10.0,Miami,2005.0,2005.0,SF,65,,0.06122449
2015,2,00-0023500,F.Gore,RB,IND,NYJ,0,0,0.0,0,0.0,0.0,0.0,15,57.0,0,1,1,4.0,0,4.1,5.1,,,69.0,217.0,32.4859375,10.0,Miami,2005.0,2005.0,SF,65,-13.0,0.028571429
2015,3,00-0023500,F.Gore,RB,IND,TEN,0,0,0.0,0,0.0,0.0,0.0,14,86.0,2,2,1,8.0,0,21.4,22.4,,,69.0,217.0,32.4859375,10.0,Miami,2005.0,2005.0,SF,65,,0.06666667
2015,4,00-0023500,F.Gore,RB,IND,JAX,0,0,0.0,0,0.0,0.0,0.0,17,53.0,0,7,5,34.0,0,6.7,11.7,,,69.0,217.0,32.4859375,10.0,Miami,2005.0,2005.0,SF,65,3.0,0.14893617
2015,5,00-0023500,F.Gore,RB,IND,HOU,0,0,0.0,0,0.0,0.0,0.0,22,98.0,1,0,0,0.0,0,15.8,15.8,,,69.0,217.0,32.4859375,10.0,Miami,2005.0,2005.0,SF,65,,
2015,6,00-0023500,F.Gore,RB,IND,NE,0,0,0.0,0,0.0,0.0,0.0,13,78.0,0,3,2,16.0,0,9.4,11.4,,,69.0,217.0,32.4859375,10.0,Miami,2005.0,2005.0,SF,65,-7.0,0.0625
2015,7,00-0023500,F.Gore,RB,IND,NO,0,0,0.0,0,0.0,0.0,0.0,9,43.0,0,8,5,32.0,0,7.5,12.5,,,69.0,217.0,32.4859375,10.0,Miami,2005.0,2005.0,SF,65,-6.0,0.18604651
2015,8,00-0023500,F.Gore,RB,IND,CAR,0,0,0.0,0,0.0,0.0,0.0,22,70.0,0,3,3,22.0,0,9.2,12.2,,,69.0,217.0,32.4859375,10.0,Miami,2005.0,2005.0,SF,65,,0.06666667
2015,9,00-0023500,F.Gore,RB,IND,DEN,0,0,0.0,0,0.0,0.0,0.0,28,83.0,1,3,1,19.0,0,16.2,17.2,,,69.0,217.0,32.4859375,10.0,Miami,2005.0,2005.0,SF,65,3.0,0.08571429
2015,11,00-0023500,F.Gore,RB,IND,ATL,0,0,0.0,0,0.0,0.0,0.0,14,34.0,0,5,5,46.0,0,6.0,11.0,,,69.0,217.0,32.4859375,10.0,Miami,2005.0,2005.0,SF,65,,0.15625
2015,12,00-0023500,F.Gore,RB,IND,TB,0,0,0.0,0,0.0,0.0,0.0,19,24.0,0,3,2,13.0,0,3.7,5.7,,,69.0,217.0,32.4859375,10.0,Miami,2005.0,2005.0,SF,65,13.0,0.07692308
2015,13,00-0023500,F.Gore,RB,IND,PIT,0,0,0.0,0,0.0,0.0,0.0,13,45.0,0,5,3,49.0,1,15.4,18.4,,,69.0,217.0,32.4859375,10.0,Miami,2005.0,2005.0,SF,65,,0.14705883
2015,14,00-0023500,F.Gore,RB,IND,JAX,0,0,0.0,0,0.0,0.0,0.0,16,60.0,0,5,1,-1.0,0,5.9,6.9,,,69.0,217.0,32.4859375,10.0,Miami,2005.0,2005.0,SF,65,,0.11627907
2015,15,00-0023500,F.Gore,RB,IND,HOU,0,0,0.0,0,0.0,0.0,0.0,16,44.0,0,2,1,15.0,0,5.9,6.9,,,69.0,217.0,32.4859375,10.0,Miami,2005.0,2005.0,SF,65,-6.0,0.06896552
2015,16,00-0023500,F.Gore,RB,IND,MIA,0,0,0.0,0,0.0,0.0,0.0,15,85.0,2,4,2,10.0,0,21.5,23.5,,,69.0,217.0,32.4859375,10.0,Miami,2005.0,2005.0,SF,65,,0.13793103
2015,17,00-0023500,F.Gore,RB,IND,TEN,0,0,0.0,0,0.0,0.0,0.0,19,76.0,0,4,0,0.0,0,7.6,7.6,,,69.0,217.0,32.4859375,10.0,Miami,2005.0,2005.0,SF,65,6.0,0.10810811
2015,16,00-0023506,,TE,WAS,PHI,0,0,0.0,0,0.0,0.0,0.0,0,0.0,0,1,0,0.0,0,0.0,0.0,,,76.0,250.0,33.607749999999996,10.0,Stanford,2005.0,2005.0,TB,71,,0.02173913
2015,17,00-0023506,,TE,WAS,DAL,0,0,0.0,0,0.0,0.0,0.0,0,0.0,0,1,0,0.0,0,0.0,0.0,,,76.0,250.0,33.607749999999996,10.0,Stanford,2005.0,2005.0,TB,71,,0.03846154
2015,18,00-0023506,,TE,WAS,GB,0,0,0.0,0,0.0,0.0,0.0,0,0.0,0,1,1,16.0,0,1.6,2.6,,,76.0,250.0,33.607749999999996,10.0,Stanford,2005.0,2005.0,TB,71,-17.0,0.02173913
2015,1,00-0023564,D.Sproles,RB,PHI,ATL,0,0,0.0,0,0.0,0.0,0.0,5,50.0,0,9,7,76.0,0,12.6,19.6,,,66.0,190.0,32.38675,10.0,Kansas State,2005.0,2005.0,SD,130,,0.17307693
2015,2,00-0023564,D.Sproles,RB,PHI,DAL,0,0,0.0,0,0.0,0.0,0.0,1,-4.0,0,4,4,23.0,0,1.9,5.9,,,66.0,190.0,32.38675,10.0,Kansas State,2005.0,2005.0,SD,130,-10.0,0.10810811
2015,3,00-0023564,D.Sproles,RB,PHI,NYJ,0,0,0.0,0,0.0,0.0,0.0,11,17.0,1,6,4,19.0,0,15.6,19.6,,,66.0,190.0,32.38675,10.0,Kansas State,2005.0,2005.0,SD,130,,0.21428572
2015,4,00-0023564,D.Sproles,RB,PHI,WAS,0,0,0.0,0,0.0,0.0,0.0,4,17.0,0,3,0,0.0,0,1.7,1.7,,,66.0,190.0,32.38675,10.0,Kansas State,2005.0,2005.0,SD,130,,0.10714286
2015,5,00-0023564,D.Sproles,RB,PHI,NO,0,0,0.0,0,0.0,0.0,0.0,5,27.0,0,2,1,10.0,0,3.7,4.7,,,66.0,190.0,32.38675,10.0,Kansas State,2005.0,2005.0,SD,130,22.0,0.044444446
2015,6,00-0023564,D.Sproles,RB,PHI,NYG,0,0,0.0,0,0.0,0.0,0.0,2,4.0,0,2,1,3.0,0,0.7,1.7,,,66.0,190.0,32.38675,10.0,Kansas State,2005.0,2005.0,SD,130,20.0,0.054054055
2015,7,00-0023564,D.Sproles,RB,PHI,CAR,0,0,0.0,0,0.0,0.0,0.0,3,9.0,0,10,5,31.0,0,4.0,9.0,,,66.0,190.0,32.38675,10.0,Kansas State,2005.0,2005.0,SD,130,,0.2173913
2015,9,00-0023564,D.Sproles,RB,PHI,DAL,0,0,0.0,0,0.0,0.0,0.0,5,23.0,0,3,2,3.0,0,2.6,4.6,,,66.0,190.0,32.38675,10.0,Kansas State,2005.0,2005.0,SD,130,,0.083333336
2015,10,00-0023564,D.Sproles,RB,PHI,MIA,0,0,0.0,0,0.0,0.0,0.0,3,0.0,0,6,5,34.0,0,3.4,8.4,,,66.0,190.0,32.38675,10.0,Kansas State,2005.0,2005.0,SD,130,-1.0,0.125
2015,11,00-0023564,D.Sproles,RB,PHI,TB,0,0,0.0,0,0.0,0.0,0.0,6,21.0,0,7,3,38.0,1,11.9,14.9,,,66.0,190.0,32.38675,10.0,Kansas State,2005.0,2005.0,SD,130,-28.0,0.17073171
2015,12,00-0023564,D.Sproles,RB,PHI,DET,0,0,0.0,0,0.0,0.0,0.0,2,4.0,0,6,4,21.0,0,2.5,6.5,,,66.0,190.0,32.38675,10.0,Kansas State,2005.0,2005.0,SD,130,,0.22222222
2015,13,00-0023564,D.Sproles,RB,PHI,NE,0,0,0.0,0,0.0,0.0,0.0,15,66.0,0,6,4,34.0,0,16.0,20.0,,,66.0,190.0,32.38675,10.0,Kansas State,2005.0,2005.0,SD,130,,0.25
2015,14,00-0023564,D.Sproles,RB,PHI,BUF,0,0,0.0,0,0.0,0.0,0.0,7,41.0,1,3,2,4.0,0,10.5,12.5,,,66.0,190.0,32.38675,10.0,Kansas State,2005.0,2005.0,SD,130,3.0,0.08108108
2015,15,00-0023564,D.Sproles,RB,PHI,ARI,0,0,0.0,0,0.0,0.0,0.0,6,9.0,0,4,3,16.0,0,2.5,5.5,,,66.0,190.0,32.38675,10.0,Kansas State,2005.0,2005.0,SD,130,-23.0,0.09756097
2015,16,00-0023564,D.Sproles,RB,PHI,WAS,0,0,0.0,0,0.0,0.0,0.0,5,9.0,0,9,7,56.0,0,6.5,13.5,,,66.0,190.0,32.38675,10.0,Kansas State,2005.0,2005.0,SD,130,-14.0,0.16363636
2015,17,00-0023564,D.Sproles,RB,PHI,NYG,0,0,0.0,0,0.0,0.0,0.0,3,24.0,1,3,3,20.0,0,10.4,13.4,,,66.0,190.0,32.38675,10.0,Kansas State,2005.0,2005.0,SD,130,,0.078947365
2015,5,00-0023578,D.Orlovsky,QB,DET,ARI,21,38,191.0,1,1.0,0.0,-0.0,0,0.0,0,0,0,0.0,0,9.64,9.64,,,77.0,215.0,32.2238125,10.0,Connecticut,2005.0,2005.0,DET,145,-25.0,
2015,8,00-0023578,D.Orlovsky,QB,DET,KC,1,2,10.0,0,0.0,0.0,-0.0,0,0.0,0,0,0,0.0,0,0.4,0.4,,,77.0,215.0,32.2238125,10.0,Connecticut,2005.0,2005.0,DET,145,,
2015,11,00-0023645,D.Anderson,QB,CAR,WAS,0,0,0.0,0,0.0,0.0,0.0,2,2.0,0,0,0,0.0,0,0.2,0.2,,,78.0,230.0,32.43778947368421,10.0,Oregon State,2005.0,2005.0,BLT,213,28.0,
2015,14,00-0023645,D.Anderson,QB,CAR,ATL,4,6,36.0,0,0.0,0.0,-0.0,3,-2.0,0,0,0,0.0,0,1.24,1.24,,,78.0,230.0,32.43778947368421,10.0,Oregon State,2005.0,2005.0,BLT,213,38.0,
2015,17,00-0023645,D.Anderson,QB,CAR,TB,0,0,0.0,0,0.0,0.0,0.0,2,-2.0,0,0,0,0.0,0,-0.2,-0.2,,,78.0,230.0,32.43778947368421,10.0,Oregon State,2005.0,2005.0,BLT,213,28.0,
2015,20,00-0023645,D.Anderson,QB,CAR,ARI,0,0,0.0,0,0.0,0.0,0.0,2,-2.0,0,0,0,0.0,0,-0.2,-0.2,,,78.0,230.0,32.43778947368421,10.0,Oregon State,2005.0,2005.0,BLT,213,34.0,
2015,7,00-0023662,M.Cassel,QB,DAL,NYG,17,27,227.0,1,3.0,1.0,-0.0,1,4.0,0,0,0,0.0,0,7.48,7.48,,,76.0,228.0,33.4815625,10.0,USC,2005.0,2005.0,NE,230,,
2015,8,00-0023662,M.Cassel,QB,DAL,SEA,13,25,97.0,0,0.0,1.0,6.0,4,43.0,0,0,0,0.0,0,8.18,8.18,,,76.0,228.0,33.4815625,10.0,USC,2005.0,2005.0,NE,230,-1.0,
2015,9,00-0023662,M.Cassel,QB,DAL,PHI,25,38,299.0,3,1.0,4.0,22.0,2,17.0,0,0,0,0.0,0,23.66,23.66,,,76.0,228.0,33.4815625,10.0,USC,2005.0,2005.0,NE,230,-6.0,
2015,10,00-0023662,M.Cassel,QB,DAL,TB,19,29,186.0,0,1.0,3.0,12.0,1,2.0,0,0,0,0.0,0,5.64,5.64,,,76.0,228.0,33.4815625,10.0,USC,2005.0,2005.0,NE,230,,
2015,12,00-0023662,M.Cassel,QB,DAL,CAR,13,19,93.0,1,0.0,1.0,10.0,2,9.0,0,0,0,0.0,0,10.62,10.62,,,76.0,228.0,33.4815625,10.0,USC,2005.0,2005.0,NE,230,-19.0,
2015,13,00-0023662,M.Cassel,QB,DAL,WAS,16,29,223.0,0,0.0,1.0,2.0,2,-3.0,0,0,0,0.0,0,8.62,8.62,,,76.0,228.0,33.4815625,10.0,USC,2005.0,2005.0,NE,230,,
2015,14,00-0023662,M.Cassel,QB,DAL,GB,13,29,114.0,0,1.0,2.0,15.0,3,6.0,0,0,0,0.0,0,3.16,3.16,,,76.0,228.0,33.4815625,10.0,USC,2005.0,2005.0,NE,230,,
2015,15,00-0023662,M.Cassel,QB,DAL,NYJ,3,8,37.0,0,1.0,1.0,19.0,0,0.0,0,0,0,0.0,0,-0.52,-0.52,,,76.0,228.0,33.4815625,10.0,USC,2005.0,2005.0,NE,230,-3.0,
2015,1,00-0023682,R.Fitzpatrick,QB,NYJ,CLE,15,24,179.0,2,1.0,0.0,-0.0,2,-1.0,0,0,0,0.0,0,13.06,13.06,,,74.0,223.0,32.9598125,10.0,Harvard,2005.0,2005.0,SL,250,21.0,
2015,2,00-0023682,R.Fitzpatrick,QB,NYJ,IND,22,34,244.0,2,1.0,1.0,1.0,1,6.0,0,0,0,0.0,0,16.36,16.36,,,74.0,223.0,32.9598125,10.0,Harvard,2005.0,2005.0,SL,250,,
2015,3,00-0023682,R.Fitzpatrick,QB,NYJ,PHI,35,58,283.0,2,3.0,1.0,7.0,4,13.0,0,0,0,0.0,0,14.62,14.62,,,74.0,223.0,32.9598125,10.0,Harvard,2005.0,2005.0,SL,250,-7.0,
2015,4,00-0023682,R.Fitzpatrick,QB,NYJ,MIA,16,29,218.0,1,1.0,0.0,-0.0,9,34.0,0,0,0,0.0,0,14.12,14.12,,,74.0,223.0,32.9598125,10.0,Harvard,2005.0,2005.0,SL,250,,
2015,6,00-0023682,R.Fitzpatrick,QB,NYJ,WAS,19,26,253.0,2,1.0,0.0,-0.0,4,31.0,1,0,0,0.0,0,25.22,25.22,,,74.0,223.0,32.9598125,10.0,Harvard,2005.0,2005.0,SL,250,14.0,
2015,7,00-0023682,R.Fitzpatrick,QB,NYJ,NE,22,39,295.0,2,0.0,2.0,12.0,5,29.0,0,0,0,0.0,0,20.7,20.7,,,74.0,223.0,32.9598125,10.0,Harvard,2005.0,2005.0,SL,250,,
2015,8,00-0023682,R.Fitzpatrick,QB,NYJ,LV,4,5,46.0,0,0.0,0.0,-0.0,1,12.0,0,0,0,0.0,0,3.04,3.04,,,74.0,223.0,32.9598125,10.0,Harvard,2005.0,2005.0,SL,250,,
2015,9,00-0023682,R.Fitzpatrick,QB,NYJ,JAX,21,34,272.0,2,0.0,2.0,11.0,4,0.0,0,0,0,0.0,0,18.88,18.88,,,74.0,223.0,32.9598125,10.0,Harvard,2005.0,2005.0,SL,250,5.0,
2015,10,00-0023682,R.Fitzpatrick,QB,NYJ,BUF,15,34,193.0,2,2.0,1.0,3.0,3,30.0,0,0,0,0.0,0,14.72,14.72,,,74.0,223.0,32.9598125,10.0,Harvard,2005.0,2005.0,SL,250,-5.0,
2015,11,00-0023682,R.Fitzpatrick,QB,NYJ,HOU,19,39,216.0,1,2.0,3.0,19.0,5,12.0,1,0,0,0.0,0,15.84,15.84,,,74.0,223.0,32.9598125,10.0,Harvard,2005.0,2005.0,SL,250,,
2015,12,00-0023682,R.Fitzpatrick,QB,NYJ,MIA,22,37,277.0,4,0.0,1.0,3.0,5,21.0,0,0,0,0.0,0,29.18,29.18,,,74.0,223.0,32.9598125,10.0,Harvard,2005.0,2005.0,SL,250,18.0,
2015,13,00-0023682,R.Fitzpatrick,QB,NYJ,NYG,36,50,390.0,2,0.0,3.0,17.0,5,22.0,0,0,0,0.0,0,25.8,25.8,,,74.0,223.0,32.9598125,10.0,Harvard,2005.0,2005.0,SL,250,,
2015,14,00-0023682,R.Fitzpatrick,QB,NYJ,TEN,21,36,263.0,3,0.0,1.0,7.0,3,23.0,0,0,0,0.0,0,24.82,24.82,,,74.0,223.0,32.9598125,10.0,Harvard,2005.0,2005.0,SL,250,22.0,
2015,15,00-0023682,R.Fitzpatrick,QB,NYJ,DAL,26,39,299.0,1,1.0,2.0,-0.0,5,13.0,0,0,0,0.0,0,15.26,15.26,,,74.0,223.0,32.9598125,10.0,Harvard,2005.0,2005.0,SL,250,,
2015,16,00-0023682,R.Fitzpatrick,QB,NYJ,NE,26,41,296.0,3,0.0,1.0,11.0,2,13.0,0,0,0,0.0,0,23.14,23.14,,,74.0,223.0,32.9598125,10.0,Harvard,2005.0,2005.0,SL,250,6.0,
2015,17,00-0023682,R.Fitzpatrick,QB,NYJ,BUF,16,37,181.0,2,3.0,1.0,3.0,2,12.0,0,0,0,0.0,0,10.44,10.44,,,74.0,223.0,32.9598125,10.0,Harvard,2005.0,2005.0,SL,250,,
2015,18,00-0023742,J.Ryan,P,SEA,MIN,0,0,0.0,0,0.0,0.0,0.0,1,4.0,0,0,0,0.0,0,0.4,0.4,,,72.0,217.0,33.96933333333333,9.0,Regina (Canada),2006.0,2006.0,,,,
2015,1,00-0023752,,TE,NYG,DAL,0,0,0.0,0,0.0,0.0,0.0,0,0.0,0,4,3,33.0,0,3.3,6.3,,,76.0,260.0,31.9995,9.0,California-Davis,2006.0,2006.0,,,,0.121212125
2015,3,00-0023752,,TE,NYG,WAS,0,0,0.0,0,0.0,0.0,0.0,0,0.0,0,3,3,27.0,0,2.7,5.7,,,76.0,260.0,31.9995,9.0,California-Davis,2006.0,2006.0,,,11.0,0.09375
2015,5,00-0023894,D.Penn,T,LV,DEN,0,0,0.0,0,0.0,0.0,0.0,0,0.0,0,1,1,3.0,0,0.3,1.3,,,76.0,315.0,32.5370625,9.0,Utah State,2006.0,2006.0,,,,0.025641026
2015,1,00-0023921,,WR,PHI,ATL,0,0,0.0,0,0.0,0.0,0.0,0,0.0,0,3,2,22.0,0,2.2,4.2,,,74.0,215.0,31.3165,9.0,"Monmouth, N.J.",2006.0,2006.0,,,,0.057692308
2015,2,00-0023921,,WR,PHI,DAL,0,0,0.0,0,0.0,0.0,0.0,0,0.0,0,1,0,0.0,0,0.0,0.0,,,74.0,215.0,31.3165,9.0,"Monmouth, N.J.",2006.0,2006.0,,,-10.0,0.027027028
2015,3,00-0023921,,WR,PHI,NYJ,0,0,0.0,0,0.0,0.0,0.0,0,0.0,0,4,0,0.0,0,0.0,0.0,,,74.0,215.0,31.3165,9.0,"Monmouth, N.J.",2006.0,2006.0,,,,0.14285715
2015,4,00-0023921,,WR,PHI,WAS,0,0,0.0,0,0.0,0.0,0.0,0,0.0,0,3,2,51.0,1,11.1,13.1,,,74.0,215.0,31.3165,9.0,"Monmouth, N.J.",2006.0,2006.0,,,,0.10714286
2015,5,00-0023921,,WR,PHI,NO,0,0,0.0,0,0.0,0.0,0.0,0,0.0,0,1,0,0.0,0,0.0,0.0,,,74.0,215.0,31.3165,9.0,"Monmouth, N.J.",2006.0,2006.0,,,22.0,0.022222223
2015,6,00-0023921,,WR,PHI,NYG,0,0,0.0,0,0.0,0.0,0.0,0,0.0,0,3,3,60.0,0,6.0,9.0,,,74.0,215.0,31.3165,9.0,"Monmouth, N.J.",2006.0,2006.0,,,20.0,0.08108108
2015,7,00-0023921,,WR,PHI,CAR,0,0,0.0,0,0.0,0.0,0.0,0,0.0,0,6,4,52.0,0,5.2,9.2,,,74.0,215.0,31.3165,9.0,"Monmouth, N.J.",2006.0,2006.0,,,,0.13043478
2015,9,00-0023921,,WR,PHI,DAL,0,0,0.0,0,0.0,0.0,0.0,0,0.0,0,3,1,27.0,0,2.7,3.7,,,74.0,215.0,31.3165,9.0,"Monmouth, N.J.",2006.0,2006.0,,,,0.083333336
2015,10,00-0023921,,WR,PHI,MIA,0,0,0.0,0,0.0,0.0,0.0,0,0.0,0,4,0,0.0,0,0.0,0.0,,,74.0,215.0,31.3165,9.0,"Monmouth, N.J.",2006.0,2006.0,,,-1.0,0.083333336
2015,11,00-0023921,,WR,PHI,TB,0,0,0.0,0,0.0,0.0,0.0,0,0.0,0,1,0,0.0,0,0.0,0.0,,,74.0,215.0,31.3165,9.0,"Monmouth, N.J.",2006.0,2006.0,,,-28.0,0.024390243
2015,12,00-0023921,,WR,PHI,DET,0,0,0.0,0,0.0,0.0,0.0,0,0.0,0,2,1,12.0,0,1.2,2.2,,,74.0,215.0,31.3165,9.0,"Monmouth, N.J.",2006.0,2006.0,,,,0.074074075
2015,1,00-0024204,,RB,SEA,LA,0,0,0.0,0,0.0,0.0,0.0,3,13.0,0,1,1,16.0,0,2.9,3.9,,,73.0,215.0,34.733222222222224,10.0,Coe,2005.0,2006.0,,,,0.024390243
2015,2,00-0024204,,RB,SEA,GB,0,0,0.0,0,0.0,0.0,0.0,0,0.0,0,2,2,16.0,1,5.6,7.6,,,73.0,215.0,34.733222222222224,10.0,Coe,2005.0,2006.0,,,,0.06896552
2015,3,00-0024204,,RB,SEA,CHI,0,0,0.0,0,0.0,0.0,0.0,2,13.0,0,2,2,9.0,0,2.2,4.2,,,73.0,215.0,34.733222222222224,10.0,Coe,2005.0,2006.0,,,26.0,0.07692308
2015,4,00-0024204,,RB,SEA,DET,0,0,0.0,0,0.0,0.0,0.0,3,21.0,0,4,2,33.0,0,5.4,7.4,,,73.0,215.0,34.733222222222224,10.0,Coe,2005.0,2006.0,,,3.0,0.15384616
2015,5,00-0024204,,RB,SEA,CIN,0,0,0.0,0,0.0,0.0,0.0,2,5.0,0,3,3,29.0,0,3.4,6.4,,,73.0,215.0,34.733222222222224,10.0,Coe,2005.0,2006.0,,,,0.13636364
2015,6,00-0024204,,RB,SEA,CAR,0,0,0.0,0,0.0,0.0,0.0,0,0.0,0,2,2,7.0,0,0.7,2.7,,,73.0,215.0,34.733222222222224,10.0,Coe,2005.0,2006.0,,,-4.0,0.06666667
2015,7,00-0024204,,RB,SEA,SF,0,0,0.0,0,0.0,0.0,0.0,1,2.0,0,4,4,33.0,0,3.5,7.5,,,73.0,215.0,34.733222222222224,10.0,Coe,2005.0,2006.0,,,,0.16666667
2015,8,00-0024204,,RB,SEA,DAL,0,0,0.0,0,0.0,0.0,0.0,0,0.0,0,1,1,9.0,0,0.9,1.9,,,73.0,215.0,34.733222222222224,10.0,Coe,2005.0,2006.0,,,,0.03448276
2015,11,00-0024204,,RB,SEA,SF,0,0,0.0,0,0.0,0.0,0.0,4,11.0,0,2,2,11.0,0,2.2,4.2,,,73.0,215.0,34.733222222222224,10.0,Coe,2005.0,2006.0,,,16.0,0.074074075
2015,12,00-0024204,,RB,SEA,PIT,0,0,0.0,0,0.0,0.0,0.0,1,4.0,0,2,2,7.0,0,1.1,3.1,,,73.0,215.0,34.733222222222224,10.0,Coe,2005.0,2006.0,,,9.0,0.06896552
2015,13,00-0024204,,RB,SEA,MIN,0,0,0.0,0,0.0,0.0,0.0,1,5.0,0,2,2,13.0,1,7.8,9.8,,,73.0,215.0,34.733222222222224,10.0,Coe,2005.0,2006.0,,,,0.071428575
2015,14,00-0024204,,RB,SEA,BAL,0,0,0.0,0,0.0,0.0,0.0,7,15.0,0,4,1,8.0,0,2.3,3.3,,,73.0,215.0,34.733222222222224,10.0,Coe,2005.0,2006.0,,,,0.121212125
2015,15,00-0024204,,RB,SEA,CLE,0,0,0.0,0,0.0,0.0,0.0,0,0.0,0,3,2,17.0,0,1.7,3.7,,,73.0,215.0,34.733222222222224,10.0,Coe,2005.0,2006.0,,,17.0,0.10344828
2015,16,00-0024204,,RB,SEA,LA,0,0,0.0,0,0.0,0.0,0.0,2,11.0,0,8,5,43.0,0,5.4,10.4,,,73.0,215.0,34.733222222222224,10.0,Coe,2005.0,2006.0,,,-6.0,0.2
2015,17,00-0024204,,RB,SEA,ARI,0,0,0.0,0,0.0,0.0,0.0,0,0.0,0,1,1,6.0,0,0.6,1.6,,,73.0,215.0,34.733222222222224,10.0,Coe,2005.0,2006.0,,,,0.03125
2015,18,00-0024204,,RB,SEA,MIN,0,0,0.0,0,0.0,0.0,0.0,1,2.0,0,5,2,19.0,0,2.1,4.1,,,73.0,215.0,34.733222222222224,10.0,Coe,2005.0,2006.0,,,,0.1923077
2015,19,00-0024204,,RB,SEA,CAR,0,0,0.0,0,0.0,0.0,0.0,2,9.0,0,3,2,23.0,0,3.2,5.2,,,73.0,215.0,34.733222222222224,10.0,Coe,2005.0,2006.0,,,,0.06521739
2015,1,00-0024217,,RB,SF,MIN,0,0,0.0,0,0.0,0.0,0.0,2,8.0,0,1,0,0.0,0,0.8,0.8,,,72.0,205.0,30.598875,9.0,USC,2006.0,2006.0,NO,2,17.0,0.03846154
2015,4,00-0024217,,RB,SF,GB,0,0,0.0,0,0.0,0.0,0.0,1,0.0,0,3,1,6.0,0,0.6,1.6,,,72.0,205.0,30.598875,9.0,USC,2006.0,2006.0,NO,2,-14.0,0.12
2015,5,00-0024217,,RB,SF,NYG,0,0,0.0,0,0.0,0.0,0.0,1,-1.0,0,0,0,0.0,0,-0.1,-0.1,,,72.0,205.0,30.598875,9.0,USC,2006.0,2006.0,NO,2,,
2015,7,00-0024217,,RB,SF,SEA,0,0,0.0,0,0.0,0.0,0.0,4,21.0,0,5,3,13.0,0,3.4,6.4,,,72.0,205.0,30.598875,9.0,USC,2006.0,2006.0,NO,2,-17.0,0.20833333
2015,8,00-0024217,,RB,SF,LA,0,0,0.0,0,0.0,0.0,0.0,0,0.0,0,1,0,0.0,0,0.0,0.0,,,72.0,205.0,30.598875,9.0,USC,2006.0,2006.0,NO,2,,0.024390243
2015,1,00-0024221,V.Davis,TE,SF,MIN,0,0,0.0,0,0.0,0.0,0.0,0,0.0,0,6,3,47.0,0,4.7,7.7,,,75.0,250.0,31.80245,9.0,Maryland,2006.0,2006.0,SF,6,17.0,0.23076923
2015,2,00-0024221,V.Davis,TE,SF,PIT,0,0,0.0,0,0.0,0.0,0.0,0,0.0,0,7,5,62.0,0,6.2,11.2,,,75.0,250.0,31.80245,9.0,Maryland,2006.0,2006.0,SF,6,,0.1521739
2015,3,00-0024221,V.Davis,TE,SF,ARI,0,0,0.0,0,0.0,0.0,0.0,0,0.0,0,2,0,0.0,0,0.0,0.0,,,75.0,250.0,31.80245,9.0,Maryland,2006.0,2006.0,SF,6,,0.10526316
2015,6,00-0024221,V.Davis,TE,SF,BAL,0,0,0.0,0,0.0,0.0,0.0,0,0.0,0,1,0,0.0,0,0.0,0.0,,,75.0,250.0,31.80245,9.0,Maryland,2006.0,2006.0,SF,6,5.0,0.037037037
2015,7,00-0024221,V.Davis,TE,SF,SEA,0,0,0.0,0,0.0,0.0,0.0,0,0.0,0,6,4,61.0,0,6.1,10.1,,,75.0,250.0,31.80245,9.0,Maryland,2006.0,2006.0,SF,6,-17.0,0.25
2015,8,00-0024221,V.Davis,TE,SF,LA,0,0,0.0,0,0.0,0.0,0.0,0,0.0,0,8,6,24.0,0,2.4,8.4,,,75.0,250.0,31.80245,9.0,Maryland,2006.0,2006.0,SF,6,,0.19512194
2015,9,00-0024221,V.Davis,TE,DEN,IND,0,0,0.0,0,0.0,0.0,0.0,0,0.0,0,1,0,0.0,0,0.0,0.0,,,75.0,250.0,31.80245,9.0,Maryland,2006.0,2006.0,SF,6,,0.027777778
2015,10,00-0024221,V.Davis,TE,DEN,KC,0,0,0.0,0,0.0,0.0,0.0,0,0.0,0,4,2,19.0,0,1.9,3.9,,,75.0,250.0,31.80245,9.0,Maryland,2006.0,2006.0,SF,6,-16.0,0.093023255
2015,11,00-0024221,V.Davis,TE,DEN,CHI,0,0,0.0,0,0.0,0.0,0.0,0,0.0,0,6,6,68.0,0,6.8,12.8,,,75.0,250.0,31.80245,9.0,Maryland,2006.0,2006.0,SF,6,,0.22222222
2015,12,00-0024221,V.Davis,TE,DEN,NE,0,0,0.0,0,0.0,0.0,0.0,0,0.0,0,2,2,10.0,0,1.0,3.0,,,75.0,250.0,31.80245,9.0,Maryland,2006.0,2006.0,SF,6,6.0,0.04761905
2015,13,00-0024221,V.Davis,TE,DEN,LAC,0,0,0.0,0,0.0,0.0,0.0,0,0.0,0,3,2,25.0,0,2.5,4.5,,,75.0,250.0,31.80245,9.0,Maryland,2006.0,2006.0,SF,6,,0.115384616
2015,14,00-0024221,V.Davis,TE,DEN,LV,0,0,0.0,0,0.0,0.0,0.0,0,0.0,0,9,7,74.0,0,7.4,14.4,,,75.0,250.0,31.80245,9.0,Maryland,2006.0,2006.0,SF,6,-3.0,0.1764706
2015,15,00-0024221,V.Davis,TE,DEN,PIT,0,0,0.0,0,0.0,0.0,0.0,0,0.0,0,3,1,5.0,0,0.5,1.5,,,75.0,250.0,31.80245,9.0,Maryland,2006.0,2006.0,SF,6,,0.06818182
2015,20,00-0024221,V.Davis,TE,DEN,NE,0,0,0.0,0,0.0,0.0,0.0,0,0.0,0,1,0,0.0,0,0.0,0.0,,,75.0,250.0,31.80245,9.0,Maryland,2006.0,2006.0,SF,6,2.0,0.032258064
2015,1,00-0024226,J.Cutler,QB,CHI,GB,18,36,225.0,1,1.0,2.0,12.0,4,31.0,0,0,0,0.0,0,14.1,14.1,,,75.0,220.0,32.530499999999996,9.0,Vanderbilt,2006.0,2006.0,DEN,11,-8.0,
2015,2,00-0024226,J.Cutler,QB,CHI,ARI,8,9,120.0,1,1.0,0.0,-0.0,3,24.0,0,0,0,0.0,0,9.2,9.2,,,75.0,220.0,32.530499999999996,9.0,Vanderbilt,2006.0,2006.0,DEN,11,-25.0,
2015,4,00-0024226,J.Cutler,QB,CHI,LV,28,43,281.0,2,1.0,3.0,8.0,1,0.0,0,0,0,0.0,0,17.24,17.24,,,75.0,220.0,32.530499999999996,9.0,Vanderbilt,2006.0,2006.0,DEN,11,2.0,
2015,5,00-0024226,J.Cutler,QB,CHI,KC,26,45,252.0,2,0.0,2.0,11.0,4,15.0,0,0,0,0.0,0,17.58,17.58,,,75.0,220.0,32.530499999999996,9.0,Vanderbilt,2006.0,2006.0,DEN,11,,
2015,6,00-0024226,J.Cutler,QB,CHI,DET,26,41,353.0,1,1.0,1.0,-0.0,2,12.0,0,0,0,0.0,0,19.32,19.32,,,75.0,220.0,32.530499999999996,9.0,Vanderbilt,2006.0,2006.0,DEN,11,,
2015,8,00-0024226,J.Cutler,QB,CHI,MIN,22,33,211.0,1,0.0,1.0,3.0,2,11.0,1,0,0,0.0,0,19.54,19.54,,,75.0,220.0,32.530499999999996,9.0,Vanderbilt,2006.0,2006.0,DEN,11,-3.0,
2015,9,00-0024226,J.Cutler,QB,CHI,LAC,27,40,345.0,2,1.0,1.0,8.0,3,-2.0,0,0,0,0.0,0,17.6,17.6,,,75.0,220.0,32.530499999999996,9.0,Vanderbilt,2006.0,2006.0,DEN,11,,
2015,10,00-0024226,J.Cutler,QB,CHI,LA,19,24,258.0,3,0.0,2.0,14.0,3,24.0,0,0,0,0.0,0,24.72,24.72,,,75.0,220.0,32.530499999999996,9.0,Vanderbilt,2006.0,2006.0,DEN,11,,
2015,11,00-0024226,J.Cutler,QB,CHI,DEN,18,32,265.0,0,1.0,2.0,4.0,3,29.0,0,0,0,0.0,0,9.5,9.5,,,75.0,220.0,32.530499999999996,9.0,Vanderbilt,2006.0,2006.0,DEN,11,-2.0,
2015,12,00-0024226,J.Cutler,QB,CHI,GB,19,31,200.0,1,0.0,1.0,11.0,4,9.0,0,0,0,0.0,0,12.9,12.9,,,75.0,220.0,32.530499999999996,9.0,Vanderbilt,2006.0,2006.0,DEN,11,,
2015,13,00-0024226,J.Cutler,QB,CHI,SF,18,31,202.0,0,1.0,1.0,8.0,4,10.0,0,0,0,0.0,0,7.08,7.08,,,75.0,220.0,32.530499999999996,9.0,Vanderbilt,2006.0,2006.0,DEN,11,-6.0,
2015,14,00-0024226,J.Cutler,QB,CHI,WAS,19,31,315.0,2,0.0,3.0,25.0,1,5.0,0,0,0,0.0,0,19.1,19.1,,,75.0,220.0,32.530499999999996,9.0,Vanderbilt,2006.0,2006.0,DEN,11,-3.0,
2015,15,00-0024226,J.Cutler,QB,CHI,MIN,26,37,231.0,2,1.0,5.0,32.0,1,1.0,0,0,0,0.0,0,13.34,13.34,,,75.0,220.0,32.530499999999996,9.0,Vanderbilt,2006.0,2006.0,DEN,11,,
2015,16,00-0024226,J.Cutler,QB,CHI,TB,20,27,156.0,1,0.0,1.0,3.0,2,21.0,0,0,0,0.0,0,12.34,12.34,,,75.0,220.0,32.530499999999996,9.0,Vanderbilt,2006.0,2006.0,DEN,11,,
2015,17,00-0024226,J.Cutler,QB,CHI,DET,17,23,245.0,2,3.0,4.0,11.0,1,11.0,0,0,0,0.0,0,12.9,12.9,,,75.0,220.0,32.530499999999996,9.0,Vanderbilt,2006.0,2006.0,DEN,11,-4.0,
2015,1,00-0024242,,RB,PIT,NE,0,0,0.0,0,0.0,0.0,0.0,21,127.0,0,1,1,5.0,0,13.2,14.2,,,69.0,207.0,32.5565,9.0,Memphis,2006.0,2006.0,CAR,27,,0.02631579
2015,2,00-0024242,,RB,PIT,SF,0,0,0.0,0,0.0,0.0,0.0,20,77.0,3,5,4,15.0,0,27.2,31.2,,,69.0,207.0,32.5565,9.0,Memphis,2006.0,2006.0,CAR,27,25.0,0.18518518
2015,3,00-0024242,,RB,PIT,LA,0,0,0.0,0,0.0,0.0,0.0,1,2.0,0,0,0,0.0,0,0.2,0.2,,,69.0,207.0,32.5565,9.0,Memphis,2006.0,2006.0,CAR,27,,
2015,4,00-0024242,,RB,PIT,BAL,0,0,0.0,0,0.0,0.0,0.0,2,5.0,0,0,0,0.0,0,0.5,0.5,,,69.0,207.0,32.5565,9.0,Memphis,2006.0,2006.0,CAR,27,-3.0,
2015,5,00-0024242,,RB,PIT,LAC,0,0,0.0,0,0.0,0.0,0.0,5,20.0,0,0,0,0.0,0,2.0,2.0,,,69.0,207.0,32.5565,9.0,Memphis,2006.0,2006.0,CAR,27,,
2015,6,00-0024242,,RB,PIT,ARI,0,0,0.0,0,0.0,0.0,0.0,1,-1.0,0,0,0,0.0,0,-0.1,-0.1,,,69.0,207.0,32.5565,9.0,Memphis,2006.0,2006.0,CAR,27,12.0,
2015,7,00-0024242,,RB,PIT,KC,0,0,0.0,0,0.0,0.0,0.0,4,9.0,0,2,1,8.0,0,1.7,2.7,,,69.0,207.0,32.5565,9.0,Memphis,2006.0,2006.0,CAR,27,,0.071428575
2015,8,00-0024242,,RB,PIT,CIN,0,0,0.0,0,0.0,0.0,0.0,9,71.0,0,4,4,39.0,0,11.0,15.0,,,69.0,207.0,32.5565,9.0,Memphis,2006.0,2006.0,CAR,27,-6.0,0.08888889
2015,9,00-0024242,,RB,PIT,LV,0,0,0.0,0,0.0,0.0,0.0,27,170.0,2,4,2,55.0,0,36.5,38.5,,,69.0,207.0,32.5565,9.0,Memphis,2006.0,2006.0,CAR,27,3.0,0.08
2015,10,00-0024242,,RB,PIT,CLE,0,0,0.0,0,0.0,0.0,0.0,17,54.0,0,2,1,15.0,0,6.9,7.9,,,69.0,207.0,32.5565,9.0,Memphis,2006.0,2006.0,CAR,27,21.0,0.054054055
2015,12,00-0024242,,RB,PIT,SEA,0,0,0.0,0,0.0,0.0,0.0,8,29.0,1,7,7,88.0,0,17.7,24.7,,,69.0,207.0,32.5565,9.0,Memphis,2006.0,2006.0,CAR,27,,0.12068965
2015,13,00-0024242,,RB,PIT,IND,0,0,0.0,0,0.0,0.0,0.0,26,134.0,0,6,5,31.0,0,14.5,19.5,,,69.0,207.0,32.5565,9.0,Memphis,2006.0,2006.0,CAR,27,35.0,0.15384616
2015,14,00-0024242,,RB,PIT,CIN,0,0,0.0,0,0.0,0.0,0.0,23,76.0,2,2,2,15.0,0,21.1,23.1,,,69.0,207.0,32.5565,9.0,Memphis,2006.0,2006.0,CAR,27,,0.05263158
2015,15,00-0024242,,RB,PIT,DEN,0,0,0.0,0,0.0,0.0,0.0,14,26.0,1,6,5,30.0,0,11.6,16.6,,,69.0,207.0,32.5565,9.0,Memphis,2006.0,2006.0,CAR,27,7.0,0.11111111
2015,16,00-0024242,,RB,PIT,BAL,0,0,0.0,0,0.0,0.0,0.0,17,100.0,2,6,6,53.0,0,27.3,33.3,,,69.0,207.0,32.5565,9.0,Memphis,2006.0,2006.0,CAR,27,,0.1764706
2015,17,00-0024242,,RB,PIT,CLE,0,0,0.0,0,0.0,0.0,0.0,5,8.0,0,2,2,13.0,0,2.1,4.1,,,69.0,207.0,32.5565,9.0,Memphis,2006.0,2006.0,CAR,27,,0.055555556
2015,2,00-0024243,M.Lewis,TE,JAX,MIA,0,0,0.0,0,0.0,0.0,0.0,0,0.0,0,4,0,0.0,0,0.0,0.0,,,78.0,275.0,31.4723125,9.0,UCLA,2006.0,2006.0,JAX,28,3.0,0.121212125
2015,3,00-0024243,M.Lewis,TE,JAX,NE,0,0,0.0,0,0.0,0.0,0.0,0,0.0,0,2,0,0.0,0,0.0,0.0,,,78.0,275.0,31.4723125,9.0,UCLA,2006.0,2006.0,JAX,28,,0.060606062
2015,4,00-0024243,M.Lewis,TE,JAX,IND,0,0,0.0,0,0.0,0.0,0.0,0,0.0,0,8,5,40.0,0,4.0,9.0,,,78.0,275.0,31.4723125,9.0,UCLA,2006.0,2006.0,JAX,28,,0.17021276
2015,5,00-0024243,M.Lewis,TE,JAX,TB,0,0,0.0,0,0.0,0.0,0.0,0,0.0,0,4,0,0.0,0,0.0,0.0,,,78.0,275.0,31.4723125,9.0,UCLA,2006.0,2006.0,JAX,28,,0.125
2015,6,00-0024243,M.Lewis,TE,JAX,HOU,0,0,0.0,0,0.0,0.0,0.0,0,0.0,0,2,1,8.0,0,0.8,1.8,,,78.0,275.0,31.4723125,9.0,UCLA,2006.0,2006.0,JAX,28,-11.0,0.03773585
2015,7,00-0024243,M.Lewis,TE,JAX,BUF,0,0,0.0,0,0.0,0.0,0.0,0,0.0,0,2,2,13.0,0,1.3,3.3,,,78.0,275.0,31.4723125,9.0,UCLA,2006.0,2006.0,JAX,28,3.0,0.06896552
2015,9,00-0024243,M.Lewis,TE,JAX,NYJ,0,0,0.0,0,0.0,0.0,0.0,0,0.0,0,1,1,27.0,0,2.7,3.7,,,78.0,275.0,31.4723125,9.0,UCLA,2006.0,2006.0,JAX,28,,0.025
2015,10,00-0024243,M.Lewis,TE,JAX,BAL,0,0,0.0,0,0.0,0.0,0.0,0,0.0,0,2,1,9.0,0,0.9,1.9,,,78.0,275.0,31.4723125,9.0,UCLA,2006.0,2006.0,JAX,28,,0.044444446
2015,11,00-0024243,M.Lewis,TE,JAX,TEN,0,0,0.0,0,0.0,0.0,0.0,0,0.0,0,2,0,0.0,0,0.0,0.0,,,78.0,275.0,31.4723125,9.0,UCLA,2006.0,2006.0,JAX,28,6.0,0.06451613
2015,12,00-0024243,M.Lewis,TE,JAX,LAC,0,0,0.0,0,0.0,0.0,0.0,0,0.0,0,2,1,24.0,0,2.4,3.4,,,78.0,275.0,31.4723125,9.0,UCLA,2006.0,2006.0,JAX,28,-6.0,0.040816326
2015,13,00-0024243,M.Lewis,TE,JAX,TEN,0,0,0.0,0,0.0,0.0,0.0,0,0.0,0,1,1,7.0,0,0.7,1.7,,,78.0,275.0,31.4723125,9.0,UCLA,2006.0,2006.0,JAX,28,,0.027777778
2015,14,00-0024243,M.Lewis,TE,JAX,IND,0,0,0.0,0,0.0,0.0,0.0,0,0.0,0,2,1,14.0,0,1.4,2.4,,,78.0,275.0,31.4723125,9.0,UCLA,2006.0,2006.0,JAX,28,35.0,0.06666667
2015,15,00-0024243,M.Lewis,TE,JAX,ATL,0,0,0.0,0,0.0,0.0,0.0,0,0.0,0,3,1,26.0,0,2.6,3.6,,,78.0,275.0,31.4723125,9.0,UCLA,2006.0,2006.0,JAX,28,-6.0,0.08108108
2015,16,00-0024243,M.Lewis,TE,JAX,NO,0,0,0.0,0,0.0,0.0,0.0,0,0.0,0,1,1,13.0,0,1.3,2.3,,,78.0,275.0,31.4723125,9.0,UCLA,2006.0,2006.0,JAX,28,,0.028571429
2015,17,00-0024243,M.Lewis,TE,JAX,HOU,0,0,0.0,0,0.0,0.0,0.0,0,0.0,0,1,1,45.0,0,4.5,5.5,,,78.0,275.0,31.4723125,9.0,UCLA,2006.0,2006.0,JAX,28,,0.03125
2015,3,00-0024264,K.Clemens,QB,LAC,MIN,5,6,63.0,1,0.0,0.0,-0.0,0,0.0,0,0,0,0.0,0,6.52,6.52,,,74.0,220.0,32.4229375,9.0,Oregon,2006.0,2006.0,NYJ,49,,
2015,15,00-0024264,K.Clemens,QB,LAC,MIA,0,0,0.0,0,0.0,0.0,0.0,1,-1.0,0,0,0,0.0,0,-0.1,-0.1,,,74.0,220.0,32.4229375,9.0,Oregon,2006.0,2006.0,NYJ,49,,
2015,1,00-0024267,,WR,MIA,WAS,0,0,0.0,0,0.0,0.0,0.0,0,0.0,0,3,3,29.0,0,2.9,5.9,,,72.0,198.0,32.135875,9.0,Western Michigan,2006.0,2006.0,GB,52,,0.0882353
2015,2,00-0024267,,WR,MIA,JAX,0,0,0.0,0,0.0,0.0,0.0,0,0.0,0,5,0,0.0,0,0.0,0.0,,,72.0,198.0,32.135875,9.0,Western Michigan,2006.0,2006.0,GB,52,,0.11627907
2015,3,00-0024267,,WR,MIA,BUF,0,0,0.0,0,0.0,0.0,0.0,0,0.0,0,3,1,10.0,0,1.0,2.0,,,72.0,198.0,32.135875,9.0,Western Michigan,2006.0,2006.0,GB,52,-27.0,0.06122449
2015,4,00-0024267,,WR,MIA,NYJ,0,0,0.0,0,0.0,0.0,0.0,0,0.0,0,7,3,15.0,0,1.5,4.5,,,72.0,198.0,32.135875,9.0,Western Michigan,2006.0,2006.0,GB,52,-13.0,0.1590909
2015,6,00-0024267,,WR,MIA,TEN,0,0,0.0,0,0.0,0.0,0.0,0,0.0,0,1,1,13.0,0,1.3,2.3,,,72.0,198.0,32.135875,9.0,Western Michigan,2006.0,2006.0,GB,52,,0.03448276
2015,7,00-0024267,,WR,MIA,HOU,0,0,0.0,0,0.0,0.0,0.0,0,0.0,0,2,2,37.0,0,3.7,5.7,,,72.0,198.0,32.135875,9.0,Western Michigan,2006.0,2006.0,GB,52,18.0,0.1
2015,9,00-0024267,,WR,MIA,BUF,0,0,0.0,0,0.0,0.0,0.0,0,0.0,0,2,0,0.0,0,0.0,0.0,,,72.0,198.0,32.135875,9.0,Western Michigan,2006.0,2006.0,GB,52,,0.057142857
2015,10,00-0024267,,WR,MIA,PHI,0,0,0.0,0,0.0,0.0,0.0,0,0.0,0,1,1,9.0,0,0.9,1.9,,,72.0,198.0,32.135875,9.0,Western Michigan,2006.0,2006.0,GB,52,,0.027777778
2015,11,00-0024267,,WR,MIA,DAL,0,0,0.0,0,0.0,0.0,0.0,0,0.0,0,1,0,0.0,0,0.0,0.0,,,72.0,198.0,32.135875,9.0,Western Michigan,2006.0,2006.0,GB,52,-10.0,0.04347826
2015,12,00-0024267,,WR,MIA,NYJ,0,0,0.0,0,0.0,0.0,0.0,0,0.0,0,3,2,9.0,1,6.9,8.9,,,72.0,198.0,32.135875,9.0,Western Michigan,2006.0,2006.0,GB,52,,0.05172414
2015,14,00-0024267,,WR,MIA,NYG,0,0,0.0,0,0.0,0.0,0.0,0,0.0,0,3,2,12.0,0,1.2,3.2,,,72.0,198.0,32.135875,9.0,Western Michigan,2006.0,2006.0,GB,52,-7.0,0.07317073
2015,17,00-0024267,,WR,MIA,NE,0,0,0.0,0,0.0,0.0,0.0,0,0.0,0,5,4,74.0,0,7.4,11.4,,,72.0,198.0,32.135875,9.0,Western Michigan,2006.0,2006.0,GB,52,10.0,0.13157895
2015,1,00-0024268,A.Fasano,TE,TEN,TB,0,0,0.0,0,0.0,0.0,0.0,0,0.0,0,1,1,18.0,0,1.8,2.8,,,76.0,255.0,31.5564375,9.0,Notre Dame,2006.0,2006.0,DAL,53,,0.06666667
2015,2,00-0024268,A.Fasano,TE,TEN,CLE,0,0,0.0,0,0.0,0.0,0.0,0,0.0,0,7,5,84.0,1,14.4,19.4,,,76.0,255.0,31.5564375,9.0,Notre Dame,2006.0,2006.0,DAL,53,,0.1891892
2015,3,00-0024268,A.Fasano,TE,TEN,IND,0,0,0.0,0,0.0,0.0,0.0,0,0.0,0,2,1,26.0,0,2.6,3.6,,,76.0,255.0,31.5564375,9.0,Notre Dame,2006.0,2006.0,DAL,53,-2.0,0.046511628
2015,5,00-0024268,A.Fasano,TE,TEN,BUF,0,0,0.0,0,0.0,0.0,0.0,0,0.0,0,1,0,0.0,0,0.0,0.0,,,76.0,255.0,31.5564375,9.0,Notre Dame,2006.0,2006.0,DAL,53,-1.0,0.03125
2015,6,00-0024268,A.Fasano,TE,TEN,MIA,0,0,0.0,0,0.0,0.0,0.0,0,0.0,0,3,2,1.0,0,0.1,2.1,,,76.0,255.0,31.5564375,9.0,Notre Dame,2006.0,2006.0,DAL,53,-28.0,0.075
2015,7,00-0024268,A.Fasano,TE,TEN,ATL,0,0,0.0,0,0.0,0.0,0.0,0,0.0,0,4,3,21.0,0,2.1,5.1,,,76.0,255.0,31.5564375,9.0,Notre Dame,2006.0,2006.0,DAL,53,-3.0,0.114285715
2015,8,00-0024268,A.Fasano,TE,TEN,HOU,0,0,0.0,0,0.0,0.0,0.0,0,0.0,0,1,1,9.0,0,0.9,1.9,,,76.0,255.0,31.5564375,9.0,Notre Dame,2006.0,2006.0,DAL,53,,0.032258064
2015,9,00-0024268,A.Fasano,TE,TEN,NO,0,0,0.0,0,0.0,0.0,0.0,0,0.0,0,3,3,33.0,1,9.3,12.3,,,76.0,255.0,31.5564375,9.0,Notre Dame,2006.0,2006.0,DAL,53,,0.07692308
2015,10,00-0024268,A.Fasano,TE,TEN,CAR,0,0,0.0,0,0.0,0.0,0.0,0,0.0,0,4,1,19.0,0,1.9,2.9,,,76.0,255.0,31.5564375,9.0,Notre Dame,2006.0,2006.0,DAL,53,-17.0,0.16666667
2015,11,00-0024268,A.Fasano,TE,TEN,JAX,0,0,0.0,0,0.0,0.0,0.0,0,0.0,0,2,2,14.0,0,1.4,3.4,,,76.0,255.0,31.5564375,9.0,Notre Dame,2006.0,2006.0,DAL,53,,0.060606062
2015,12,00-0024268,A.Fasano,TE,TEN,LV,0,0,0.0,0,0.0,0.0,0.0,0,0.0,0,2,2,22.0,0,2.2,4.2,,,76.0,255.0,31.5564375,9.0,Notre Dame,2006.0,2006.0,DAL,53,-3.0,0.055555556
2015,14,00-0024268,A.Fasano,TE,TEN,NYJ,0,0,0.0,0,0.0,0.0,0.0,0,0.0,0,1,0,0.0,0,0.0,0.0,,,76.0,255.0,31.5564375,9.0,Notre Dame,2006.0,2006.0,DAL,53,,0.025
2015,15,00-0024268,A.Fasano,TE,TEN,NE,0,0,0.0,0,0.0,0.0,0.0,0,0.0,0,4,3,21.0,0,2.1,5.1,,,76.0,255.0,31.5564375,9.0,Notre Dame,2006.0,2006.0,DAL,53,,0.121212125
2015,16,00-0024268,A.Fasano,TE,TEN,HOU,0,0,0.0,0,0.0,0.0,0.0,0,0.0,0,7,2,21.0,0,2.1,4.1,,,76.0,255.0,31.5564375,9.0,Notre Dame,2006.0,2006.0,DAL,53,-28.0,0.13725491
2015,13,00-0024279,,QB,SEA,MIN,0,1,0.0,0,0.0,1.0,6.0,2,-2.0,0,0,0,0.0,0,-0.2,-0.2,,,74.0,225.0,32.57022222222222,9.0,Alabama State,2006.0,2006.0,MIN,64,,
2015,14,00-0024279,,QB,SEA,BAL,1,1,9.0,0,0.0,0.0,-0.0,3,-3.0,0,0,0,0.0,0,0.06,0.06,,,74.0,225.0,32.57022222222222,9.0,Alabama State,2006.0,2006.0,MIN,64,,
2015,15,00-0024279,,QB,SEA,CLE,0,0,0.0,0,0.0,0.0,0.0,1,-1.0,0,0,0,0.0,0,-0.1,-0.1,,,74.0,225.0,32.57022222222222,9.0,Alabama State,2006.0,2006.0,MIN,64,17.0,
2015,17,00-0024279,,QB,SEA,ARI,3,4,28.0,0,0.0,0.0,-0.0,2,-2.0,0,0,0,0.0,0,0.92,0.92,,,74.0,225.0,32.57022222222222,9.0,Alabama State,2006.0,2006.0,MIN,64,,
2015,13,00-0024296,,QB,IND,PIT,4,8,51.0,0,0.0,3.0,20.0,0,0.0,0,0,0,0.0,0,2.04,2.04,,,77.0,226.0,33.25121428571428,9.0,,2006.0,2006.0,SD,81,,
2015,14,00-0024296,,QB,IND,JAX,2,8,8.0,0,1.0,0.0,-0.0,1,2.0,0,0,0,0.0,0,-1.48,-1.48,,,77.0,226.0,33.25121428571428,9.0,,2006.0,2006.0,SD,81,,
2015,15,00-0024296,,QB,IND,HOU,1,2,13.0,0,0.0,1.0,-0.0,0,0.0,0,0,0,0.0,0,0.52,0.52,,,77.0,226.0,33.25121428571428,9.0,,2006.0,2006.0,SD,81,-6.0,
2015,16,00-0024296,,QB,IND,MIA,9,14,78.0,0,0.0,1.0,8.0,1,-1.0,0,0,0,0.0,0,3.02,3.02,,,77.0,226.0,33.25121428571428,9.0,,2006.0,2006.0,SD,81,,
2015,1,00-0024313,,TE,DEN,BAL,0,0,0.0,0,0.0,0.0,0.0,0,0.0,0,2,2,5.0,0,0.5,2.5,,,75.0,245.0,33.03257894736842,9.0,Wisconsin,2006.0,2006.0,HST,98,6.0,0.05
2015,2,00-0024313,,TE,DEN,KC,0,0,0.0,0,0.0,0.0,0.0,0,0.0,0,5,3,19.0,0,1.9,4.9,,,75.0,245.0,33.03257894736842,9.0,Wisconsin,2006.0,2006.0,HST,98,,0.11111111
2015,3,00-0024313,,TE,DEN,DET,0,0,0.0,0,0.0,0.0,0.0,0,0.0,0,9,5,28.0,1,8.8,13.8,,,75.0,245.0,33.03257894736842,9.0,Wisconsin,2006.0,2006.0,HST,98,,0.21428572
2015,4,00-0024313,,TE,DEN,MIN,0,0,0.0,0,0.0,0.0,0.0,0,0.0,0,5,2,9.0,1,6.9,8.9,,,75.0,245.0,33.03257894736842,9.0,Wisconsin,2006.0,2006.0,HST,98,3.0,0.18518518
2015,5,00-0024313,,TE,DEN,LV,0,0,0.0,0,0.0,0.0,0.0,0,0.0,0,5,0,0.0,0,0.0,0.0,,,75.0,245.0,33.03257894736842,9.0,Wisconsin,2006.0,2006.0,HST,98,,0.14285715
2015,6,00-0024313,,TE,DEN,CLE,0,0,0.0,0,0.0,0.0,0.0,0,0.0,0,3,2,24.0,0,2.4,4.4,,,75.0,245.0,33.03257894736842,9.0,Wisconsin,2006.0,2006.0,HST,98,,0.06382979
2015,8,00-0024313,,TE,DEN,GB,0,0,0.0,0,0.0,0.0,0.0,0,0.0,0,3,3,44.0,0,4.4,7.4,,,75.0,245.0,33.03257894736842,9.0,Wisconsin,2006.0,2006.0,HST,98,19.0,0.10344828
2015,9,00-0024313,,TE,DEN,IND,0,0,0.0,0,0.0,0.0,0.0,0,0.0,0,9,6,102.0,1,16.2,22.2,,,75.0,245.0,33.03257894736842,9.0,Wisconsin,2006.0,2006.0,HST,98,,0.25
2015,10,00-0024313,,TE,DEN,KC,0,0,0.0,0,0.0,0.0,0.0,0,0.0,0,5,1,14.0,0,1.4,2.4,,,75.0,245.0,33.03257894736842,9.0,Wisconsin,2006.0,2006.0,HST,98,-16.0,0.11627907
2015,11,00-0024313,,TE,DEN,CHI,0,0,0.0,0,0.0,0.0,0.0,0,0.0,0,5,4,69.0,0,6.9,10.9,,,75.0,245.0,33.03257894736842,9.0,Wisconsin,2006.0,2006.0,HST,98,,0.18518518
2015,12,00-0024313,,TE,DEN,NE,0,0,0.0,0,0.0,0.0,0.0,0,0.0,0,6,5,48.0,0,4.8,9.8,,,75.0,245.0,33.03257894736842,9.0,Wisconsin,2006.0,2006.0,HST,98,6.0,0.14285715
2015,13,00-0024313,,TE,DEN,LAC,0,0,0.0,0,0.0,0.0,0.0,0,0.0,0,3,2,13.0,0,1.3,3.3,,,75.0,245.0,33.03257894736842,9.0,Wisconsin,2006.0,2006.0,HST,98,,0.115384616
2015,14,00-0024313,,TE,DEN,LV,0,0,0.0,0,0.0,0.0,0.0,0,0.0,0,4,3,43.0,0,4.3,7.3,,,75.0,245.0,33.03257894736842,9.0,Wisconsin,2006.0,2006.0,HST,98,-3.0,0.078431375
2015,15,00-0024313,,TE,DEN,PIT,0,0,0.0,0,0.0,0.0,0.0,0,0.0,0,5,2,14.0,0,1.4,3.4,,,75.0,245.0,33.03257894736842,9.0,Wisconsin,2006.0,2006.0,HST,98,,0.11363637
2015,16,00-0024313,,TE,DEN,CIN,0,0,0.0,0,0.0,0.0,0.0,0,0.0,0,7,5,70.0,0,7.0,12.0,,,75.0,245.0,33.03257894736842,9.0,Wisconsin,2006.0,2006.0,HST,98,3.0,0.17948718
2015,17,00-0024313,,TE,DEN,LAC,0,0,0.0,0,0.0,0.0,0.0,0,0.0,0,1,1,15.0,0,1.5,2.5,,,75.0,245.0,33.03257894736842,9.0,Wisconsin,2006.0,2006.0,HST,98,7.0,0.032258064
2015,19,00-0024313,,TE,DEN,PIT,0,0,0.0,0,0.0,0.0,0.0,0,0.0,0,3,2,10.0,0,1.0,3.0,,,75.0,245.0,33.03257894736842,9.0,Wisconsin,2006.0,2006.0,HST,98,7.0,0.08108108
2015,20,00-0024313,,TE,DEN,NE,0,0,0.0,0,0.0,0.0,0.0,0,0.0,0,3,2,33.0,2,15.3,17.3,,,75.0,245.0,33.03257894736842,9.0,Wisconsin,2006.0,2006.0,HST,98,2.0,0.09677419
2015,21,00-0024313,,TE,DEN,CAR,0,0,0.0,0,0.0,0.0,0.0,0,0.0,0,2,1,18.0,0,1.8,2.8,,,75.0,245.0,33.03257894736842,9.0,Wisconsin,2006.0,2006.0,HST,98,14.0,0.08695652
2015,3,00-0024324,,WR,KC,GB,0,0,0.0,0,0.0,0.0,0.0,0,0.0,0,4,2,8.0,0,0.8,2.8,,,72.0,210.0,32.57272222222222,9.0,Michigan,2006.0,2006.0,PHI,109,,0.1
2015,4,00-0024324,,WR,KC,CIN,0,0,0.0,0,0.0,0.0,0.0,0,0.0,0,5,4,43.0,0,4.3,8.3,,,72.0,210.0,32.57272222222222,9.0,Michigan,2006.0,2006.0,PHI,109,,0.11627907
2015,6,00-0024324,,WR,KC,MIN,0,0,0.0,0,0.0,0.0,0.0,0,0.0,0,3,1,4.0,0,0.4,1.4,,,72.0,210.0,32.57272222222222,9.0,Michigan,2006.0,2006.0,PHI,109,,0.08108108
2015,7,00-0024324,,WR,KC,PIT,0,0,0.0,0,0.0,0.0,0.0,0,0.0,0,2,2,11.0,0,1.1,3.1,,,72.0,210.0,32.57272222222222,9.0,Michigan,2006.0,2006.0,PHI,109,10.0,0.06451613
2015,10,00-0024324,,WR,KC,DEN,0,0,0.0,0,0.0,0.0,0.0,0,0.0,0,1,0,0.0,0,0.0,0.0,,,72.0,210.0,32.57272222222222,9.0,Michigan,2006.0,2006.0,PHI,109,,0.032258064
2015,11,00-0024324,,WR,KC,LAC,0,0,0.0,0,0.0,0.0,0.0,0,0.0,0,2,2,26.0,0,2.6,4.6,,,72.0,210.0,32.57272222222222,9.0,Michigan,2006.0,2006.0,PHI,109,,0.08
2015,12,00-0024324,,WR,KC,BUF,0,0,0.0,0,0.0,0.0,0.0,0,0.0,0,2,0,0.0,0,0.0,0.0,,,72.0,210.0,32.57272222222222,9.0,Michigan,2006.0,2006.0,PHI,109,8.0,0.074074075
2015,15,00-0024324,,WR,KC,BAL,0,0,0.0,0,0.0,0.0,0.0,0,0.0,0,2,2,12.0,0,1.2,3.2,,,72.0,210.0,32.57272222222222,9.0,Michigan,2006.0,2006.0,PHI,109,,0.08
2015,16,00-0024324,,WR,KC,CLE,0,0,0.0,0,0.0,0.0,0.0,0,0.0,0,1,0,0.0,0,0.0,0.0,,,72.0,210.0,32.57272222222222,9.0,Michigan,2006.0,2006.0,PHI,109,4.0,0.045454547
2015,17,00-0024324,,WR,KC,LV,0,0,0.0,0,0.0,0.0,0.0,0,0.0,0,2,2,15.0,0,1.5,3.5,,,72.0,210.0,32.57272222222222,9.0,Michigan,2006.0,2006.0,PHI,109,6.0,0.08695652
2015,19,00-0024324,,WR,KC,NE,0,0,0.0,0,0.0,0.0,0.0,0,0.0,0,5,4,69.0,0,6.9,10.9,,,72.0,210.0,32.57272222222222,9.0,Michigan,2006.0,2006.0,PHI,109,,0.10638298
2015,1,00-0024334,B.Marshall,WR,NYJ,CLE,0,0,0.0,0,0.0,0.0,0.0,0,0.0,0,9,6,62.0,1,12.2,18.2,,,76.0,230.0,31.631875,9.0,Central Florida,2006.0,2006.0,DEN,119,21.0,0.375
2015,2,00-0024334,B.Marshall,WR,NYJ,IND,0,0,0.0,0,0.0,0.0,0.0,0,0.0,0,10,7,101.0,1,16.1,23.1,,,76.0,230.0,31.631875,9.0,Central Florida,2006.0,2006.0,DEN,119,,0.29411766
2015,3,00-0024334,B.Marshall,WR,NYJ,PHI,0,0,0.0,0,0.0,0.0,0.0,0,0.0,0,14,10,109.0,1,14.9,24.9,,,76.0,230.0,31.631875,9.0,Central Florida,2006.0,2006.0,DEN,119,-7.0,0.2413793
2015,4,00-0024334,B.Marshall,WR,NYJ,MIA,0,0,0.0,0,0.0,0.0,0.0,0,0.0,0,11,7,128.0,0,12.8,19.8,,,76.0,230.0,31.631875,9.0,Central Florida,2006.0,2006.0,DEN,119,,0.37931034
2015,6,00-0024334,B.Marshall,WR,NYJ,WAS,0,0,0.0,0,0.0,0.0,0.0,0,0.0,0,9,7,111.0,1,15.1,22.1,,,76.0,230.0,31.631875,9.0,Central Florida,2006.0,2006.0,DEN,119,14.0,0.34615386
2015,7,00-0024334,B.Marshall,WR,NYJ,NE,0,0,0.0,0,0.0,0.0,0.0,0,0.0,0,7,4,67.0,0,6.7,10.7,,,76.0,230.0,31.631875,9.0,Central Florida,2006.0,2006.0,DEN,119,,0.17948718
2015,8,00-0024334,B.Marshall,WR,NYJ,LV,0,0,0.0,0,0.0,0.0,0.0,0,0.0,0,18,9,108.0,0,10.8,19.8,,,76.0,230.0,31.631875,9.0,Central Florida,2006.0,2006.0,DEN,119,,0.38297874
2015,9,00-0024334,B.Marshall,WR,NYJ,JAX,0,0,0.0,0,0.0,0.0,0.0,0,0.0,0,8,4,44.0,1,10.4,14.4,,,76.0,230.0,31.631875,9.0,Central Florida,2006.0,2006.0,DEN,119,5.0,0.23529412
2015,10,00-0024334,B.Marshall,WR,NYJ,BUF,0,0,0.0,0,0.0,0.0,0.0,0,0.0,0,10,3,23.0,1,8.3,11.3,,,76.0,230.0,31.631875,9.0,Central Florida,2006.0,2006.0,DEN,119,-5.0,0.29411766
2015,11,00-0024334,B.Marshall,WR,NYJ,HOU,0,0,0.0,0,0.0,0.0,0.0,0,0.0,0,10,5,47.0,1,10.7,15.7,,,76.0,230.0,31.631875,9.0,Central Florida,2006.0,2006.0,DEN,119,,0.25641027
2015,12,00-0024334,B.Marshall,WR,NYJ,MIA,0,0,0.0,0,0.0,0.0,0.0,0,0.0,0,11,9,131.0,2,25.1,34.1,,,76.0,230.0,31.631875,9.0,Central Florida,2006.0,2006.0,DEN,119,18.0,0.2972973
2015,13,00-0024334,B.Marshall,WR,NYJ,NYG,0,0,0.0,0,0.0,0.0,0.0,0,0.0,0,13,12,131.0,1,19.1,31.1,,,76.0,230.0,31.631875,9.0,Central Florida,2006.0,2006.0,DEN,119,,0.26
2015,14,00-0024334,B.Marshall,WR,NYJ,TEN,0,0,0.0,0,0.0,0.0,0.0,0,0.0,0,10,6,125.0,1,18.5,24.5,,,76.0,230.0,31.631875,9.0,Central Florida,2006.0,2006.0,DEN,119,22.0,0.2777778
2015,15,00-0024334,B.Marshall,WR,NYJ,DAL,0,0,0.0,0,0.0,0.0,0.0,0,0.0,0,7,4,74.0,0,7.4,11.4,,,76.0,230.0,31.631875,9.0,Central Florida,2006.0,2006.0,DEN,119,,0.17948718
2015,16,00-0024334,B.Marshall,WR,NYJ,NE,0,0,0.0,0,0.0,0.0,0.0,0,0.0,0,10,8,115.0,2,23.5,31.5,,,76.0,230.0,31.631875,9.0,Central Florida,2006.0,2006.0,DEN,119,6.0,0.25
2015,17,00-0024334,B.Marshall,WR,NYJ,BUF,0,0,0.0,0,0.0,0.0,0.0,0,0.0,0,16,8,126.0,1,18.6,26.6,,,76.0,230.0,31.631875,9.0,Central Florida,2006.0,2006.0,DEN,119,,0.44444445
2015,1,00-0024389,De.Walker,TE,TEN,TB,0,0,0.0,0,0.0,0.0,0.0,0,0.0,0,3,3,43.0,1,10.3,13.3,,,72.0,248.0,31.2444375,9.0,Central Missouri State,2006.0,2006.0,SF,175,,0.2
2015,3,00-0024389,De.Walker,TE,TEN,IND,0,0,0.0,0,0.0,0.0,0.0,0,0.0,0,10,7,68.0,0,6.8,13.8,,,72.0,248.0,31.2444375,9.0,Central Missouri State,2006.0,2006.0,SF,175,-2.0,0.23255815
2015,5,00-0024389,De.Walker,TE,TEN,BUF,0,0,0.0,0,0.0,0.0,0.0,0,0.0,0,6,4,36.0,0,3.6,7.6,,,72.0,248.0,31.2444375,9.0,Central Missouri State,2006.0,2006.0,SF,175,-1.0,0.1875
2015,6,00-0024389,De.Walker,TE,TEN,MIA,0,0,0.0,0,0.0,0.0,0.0,0,0.0,0,10,8,97.0,0,9.7,17.7,,,72.0,248.0,31.2444375,9.0,Central Missouri State,2006.0,2006.0,SF,175,-28.0,0.25
2015,7,00-0024389,De.Walker,TE,TEN,ATL,0,0,0.0,0,0.0,0.0,0.0,0,0.0,0,9,7,55.0,0,5.5,12.5,,,72.0,248.0,31.2444375,9.0,Central Missouri State,2006.0,2006.0,SF,175,-3.0,0.25714287
2015,8,00-0024389,De.Walker,TE,TEN,HOU,0,0,0.0,0,0.0,0.0,0.0,0,0.0,0,6,6,62.0,0,6.2,12.2,,,72.0,248.0,31.2444375,9.0,Central Missouri State,2006.0,2006.0,SF,175,,0.19354838
2015,9,00-0024389,De.Walker,TE,TEN,NO,0,0,0.0,0,0.0,0.0,0.0,0,0.0,0,8,7,95.0,2,23.5,30.5,,,72.0,248.0,31.2444375,9.0,Central Missouri State,2006.0,2006.0,SF,175,,0.20512821
2015,10,00-0024389,De.Walker,TE,TEN,CAR,0,0,0.0,0,0.0,0.0,0.0,0,0.0,0,4,3,52.0,0,5.2,8.2,,,72.0,248.0,31.2444375,9.0,Central Missouri State,2006.0,2006.0,SF,175,-17.0,0.16666667
2015,11,00-0024389,De.Walker,TE,TEN,JAX,0,0,0.0,0,0.0,0.0,0.0,0,0.0,0,10,8,109.0,0,10.9,18.9,,,72.0,248.0,31.2444375,9.0,Central Missouri State,2006.0,2006.0,SF,175,,0.3030303
2015,12,00-0024389,De.Walker,TE,TEN,LV,0,0,0.0,0,0.0,0.0,0.0,0,0.0,0,8,6,91.0,0,9.1,15.1,,,72.0,248.0,31.2444375,9.0,Central Missouri State,2006.0,2006.0,SF,175,-3.0,0.22222222
2015,13,00-0024389,De.Walker,TE,TEN,JAX,0,0,0.0,0,0.0,0.0,0.0,0,0.0,0,12,8,92.0,1,15.2,23.2,,,72.0,248.0,31.2444375,9.0,Central Missouri State,2006.0,2006.0,SF,175,3.0,0.41379312
2015,14,00-0024389,De.Walker,TE,TEN,NYJ,0,0,0.0,0,0.0,0.0,0.0,0,0.0,0,13,7,71.0,0,7.1,14.1,,,72.0,248.0,31.2444375,9.0,Central Missouri State,2006.0,2006.0,SF,175,,0.325
2015,15,00-0024389,De.Walker,TE,TEN,NE,0,0,0.0,0,0.0,0.0,0.0,0,0.0,0,5,2,64.0,2,18.4,20.4,,,72.0,248.0,31.2444375,9.0,Central Missouri State,2006.0,2006.0,SF,175,,0.15151516
2015,16,00-0024389,De.Walker,TE,TEN,HOU,0,0,0.0,0,0.0,0.0,0.0,0,0.0,0,15,9,59.0,0,5.9,14.9,,,72.0,248.0,31.2444375,9.0,Central Missouri State,2006.0,2006.0,SF,175,-28.0,0.29411766
2015,17,00-0024389,De.Walker,TE,TEN,IND,0,0,0.0,0,0.0,0.0,0.0,1,36.0,0,14,9,94.0,0,13.0,22.0,,,72.0,248.0,31.2444375,9.0,Central Missouri State,2006.0,2006.0,SF,175,,0.56
2015,4,00-0024417,S.Koch,P,BAL,PIT,1,1,-3.0,0,0.0,0.0,-0.0,0,0.0,0,0,0,0.0,0,-0.12,-0.12,,,73.0,219.0,,9.0,Nebraska,2006.0,2006.0,BLT,203,,
2015,15,00-0024417,S.Koch,P,BAL,KC,0,0,0.0,0,0.0,0.0,0.0,1,7.0,0,0,0,0.0,0,0.7,0.7,,,73.0,219.0,,9.0,Nebraska,2006.0,2006.0,BLT,203,-20.0,
2015,1,00-0024466,,WR,NO,ARI,0,0,0.0,0,0.0,0.0,0.0,0,0.0,0,7,3,29.0,0,2.9,5.9,,,76.0,225.0,32.4243125,9.0,Hofstra,2006.0,2006.0,NO,252,,0.14583333
2015,2,00-0024466,,WR,NO,TB,0,0,0.0,0,0.0,0.0,0.0,0,0.0,0,5,4,69.0,0,6.9,10.9,,,76.0,225.0,32.4243125,9.0,Hofstra,2006.0,2006.0,NO,252,-7.0,0.13157895
2015,3,00-0024466,,WR,NO,CAR,0,0,0.0,0,0.0,0.0,0.0,0,0.0,0,6,4,47.0,0,4.7,8.7,,,76.0,225.0,32.4243125,9.0,Hofstra,2006.0,2006.0,NO,252,,0.15789473
2015,4,00-0024466,,WR,NO,DAL,0,0,0.0,0,0.0,0.0,0.0,0,0.0,0,5,4,19.0,0,1.9,5.9,,,76.0,225.0,32.4243125,9.0,Hofstra,2006.0,2006.0,NO,252,6.0,0.12195122
2015,5,00-0024466,,WR,NO,PHI,0,0,0.0,0,0.0,0.0,0.0,0,0.0,0,5,3,36.0,0,3.6,6.6,,,76.0,225.0,32.4243125,9.0,Hofstra,2006.0,2006.0,NO,252,,0.11627907
2015,7,00-0024466,,WR,NO,IND,0,0,0.0,0,0.0,0.0,0.0,0,0.0,0,3,1,20.0,0,2.0,3.0,,,76.0,225.0,32.4243125,9.0,Hofstra,2006.0,2006.0,NO,252,,0.06818182
2015,8,00-0024466,,WR,NO,NYG,0,0,0.0,0,0.0,0.0,0.0,0,0.0,0,9,8,114.0,1,17.4,25.4,,,76.0,225.0,32.4243125,9.0,Hofstra,2006.0,2006.0,NO,252,3.0,0.18
2015,9,00-0024466,,WR,NO,TEN,0,0,0.0,0,0.0,0.0,0.0,0,0.0,0,3,3,37.0,0,3.7,6.7,,,76.0,225.0,32.4243125,9.0,Hofstra,2006.0,2006.0,NO,252,-6.0,0.07692308
2015,10,00-0024466,,WR,NO,WAS,0,0,0.0,0,0.0,0.0,0.0,0,0.0,0,5,3,22.0,0,2.2,5.2,,,76.0,225.0,32.4243125,9.0,Hofstra,2006.0,2006.0,NO,252,,0.17857143
2015,12,00-0024466,,WR,NO,HOU,0,0,0.0,0,0.0,0.0,0.0,0,0.0,0,4,3,38.0,0,3.8,6.8,,,76.0,225.0,32.4243125,9.0,Hofstra,2006.0,2006.0,NO,252,,0.093023255
2015,13,00-0024466,,WR,NO,CAR,0,0,0.0,0,0.0,0.0,0.0,0,0.0,0,3,1,14.0,0,1.4,2.4,,,76.0,225.0,32.4243125,9.0,Hofstra,2006.0,2006.0,NO,252,-3.0,0.07317073
2015,14,00-0024466,,WR,NO,TB,0,0,0.0,0,0.0,0.0,0.0,0,0.0,0,8,6,36.0,2,15.6,21.6,,,76.0,225.0,32.4243125,9.0,Hofstra,2006.0,2006.0,NO,252,,0.19512194
2015,15,00-0024466,,WR,NO,DET,0,0,0.0,0,0.0,0.0,0.0,0,0.0,0,4,2,39.0,1,9.9,11.9,,,76.0,225.0,32.4243125,9.0,Hofstra,2006.0,2006.0,NO,252,-8.0,0.07692308
2015,8,00-0024535,E.Weems,WR,ATL,TB,0,0,0.0,0,0.0,0.0,0.0,0,0.0,0,1,1,11.0,0,1.1,2.1,,,69.0,195.0,30.3448125,8.0,Bethune-Cookman,2007.0,2007.0,,,-3.0,0.022222223
2015,15,00-0024535,E.Weems,WR,ATL,JAX,0,0,0.0,0,0.0,0.0,0.0,1,4.0,0,0,0,0.0,0,0.4,0.4,,,69.0,195.0,30.3448125,8.0,Bethune-Cookman,2007.0,2007.0,,,,
2015,9,00-0024813,,RB,SF,ATL,0,0,0.0,0,0.0,0.0,0.0,4,12.0,0,0,0,0.0,0,1.2,1.2,,,71.0,215.0,30.999666666666666,8.0,Illinois,2007.0,2007.0,,,1.0,
2015,14,00-0024813,,RB,WAS,CHI,0,0,0.0,0,0.0,0.0,0.0,0,0.0,0,1,1,12.0,0,1.2,2.2,,,71.0,215.0,30.999666666666666,8.0,Illinois,2007.0,2007.0,,,,0.032258064
2015,16,00-0024813,,RB,WAS,PHI,0,0,0.0,0,0.0,0.0,0.0,4,22.0,0,8,7,67.0,0,8.9,15.9,,,71.0,215.0,30.999666666666666,8.0,Illinois,2007.0,2007.0,,,,0.17391305
2015,17,00-0024813,,RB,WAS,DAL,0,0,0.0,0,0.0,0.0,0.0,7,30.0,0,2,1,5.0,0,3.5,4.5,,,71.0,215.0,30.999666666666666,8.0,Illinois,2007.0,2007.0,,,,0.07692308
2015,18,00-0024813,,RB,WAS,GB,0,0,0.0,0,0.0,0.0,0.0,4,7.0,0,0,0,0.0,0,0.7,0.7,,,71.0,215.0,30.999666666666666,8.0,Illinois,2007.0,2007.0,,,-17.0,
2015,1,00-0025389,,WR,DET,LAC,0,0,0.0,0,0.0,0.0,0.0,0,0.0,0,4,2,39.0,0,3.9,5.9,,,77.0,237.0,30.107375,8.0,Georgia Tech,2007.0,2007.0,DET,2,,0.14285715
2015,2,00-0025389,,WR,DET,MIN,0,0,0.0,0,0.0,0.0,0.0,0,0.0,0,17,10,83.0,1,14.3,24.3,,,77.0,237.0,30.107375,8.0,Georgia Tech,2007.0,2007.0,DET,2,,0.32692307
2015,3,00-0025389,,WR,DET,DEN,0,0,0.0,0,0.0,0.0,0.0,0,0.0,0,13,8,77.0,0,7.7,15.7,,,77.0,237.0,30.107375,8.0,Georgia Tech,2007.0,2007.0,DET,2,-12.0,0.2888889
2015,4,00-0025389,,WR,DET,SEA,0,0,0.0,0,0.0,0.0,0.0,0,0.0,0,11,7,56.0,0,5.6,12.6,,,77.0,237.0,30.107375,8.0,Georgia Tech,2007.0,2007.0,DET,2,,0.31428573
2015,5,00-0025389,,WR,DET,ARI,0,0,0.0,0,0.0,0.0,0.0,0,0.0,0,7,5,67.0,0,6.7,11.7,,,77.0,237.0,30.107375,8.0,Georgia Tech,2007.0,2007.0,DET,2,-25.0,0.10294118
2015,6,00-0025389,,WR,DET,CHI,0,0,0.0,0,0.0,0.0,0.0,0,0.0,0,9,6,166.0,1,22.6,28.6,,,77.0,237.0,30.107375,8.0,Georgia Tech,2007.0,2007.0,DET,2,3.0,0.225
2015,7,00-0025389,,WR,DET,MIN,0,0,0.0,0,0.0,0.0,0.0,0,0.0,0,7,5,86.0,1,14.6,19.6,,,77.0,237.0,30.107375,8.0,Georgia Tech,2007.0,2007.0,DET,2,-9.0,0.26923078
2015,8,00-0025389,,WR,DET,KC,0,0,0.0,0,0.0,0.0,0.0,0,0.0,0,10,5,85.0,0,8.5,13.5,,,77.0,237.0,30.107375,8.0,Georgia Tech,2007.0,2007.0,DET,2,,0.2631579
2015,10,00-0025389,,WR,DET,GB,0,0,0.0,0,0.0,0.0,0.0,0,0.0,0,9,6,81.0,0,8.1,14.1,,,77.0,237.0,30.107375,8.0,Georgia Tech,2007.0,2007.0,DET,2,,0.23684211
2015,11,00-0025389,,WR,DET,LV,0,0,0.0,0,0.0,0.0,0.0,0,0.0,0,9,5,88.0,0,8.8,13.8,,,77.0,237.0,30.107375,8.0,Georgia Tech,2007.0,2007.0,DET,2,5.0,0.2647059
2015,12,00-0025389,,WR,DET,PHI,0,0,0.0,0,0.0,0.0,0.0,0,0.0,0,14,8,93.0,3,27.3,35.3,,,77.0,237.0,30.107375,8.0,Georgia Tech,2007.0,2007.0,DET,2,31.0,0.36842105
2015,13,00-0025389,,WR,DET,GB,0,0,0.0,0,0.0,0.0,0.0,0,0.0,0,8,3,44.0,1,10.4,13.4,,,77.0,237.0,30.107375,8.0,Georgia Tech,2007.0,2007.0,DET,2,-4.0,0.23529412
2015,14,00-0025389,,WR,DET,LA,0,0,0.0,0,0.0,0.0,0.0,0,0.0,0,5,1,16.0,0,1.6,2.6,,,77.0,237.0,30.107375,8.0,Georgia Tech,2007.0,2007.0,DET,2,,0.11111111
2015,15,00-0025389,,WR,DET,NO,0,0,0.0,0,0.0,0.0,0.0,0,0.0,0,1,1,19.0,0,1.9,2.9,,,77.0,237.0,30.107375,8.0,Georgia Tech,2007.0,2007.0,DET,2,,0.04
2015,16,00-0025389,,WR,DET,SF,0,0,0.0,0,0.0,0.0,0.0,0,0.0,0,10,6,77.0,1,13.7,19.7,,,77.0,237.0,30.107375,8.0,Georgia Tech,2007.0,2007.0,DET,2,15.0,0.27027026
2015,17,00-0025389,,WR,DET,CHI,0,0,0.0,0,0.0,0.0,0.0,0,0.0,0,15,10,137.0,1,19.7,29.7,,,77.0,237.0,30.107375,8.0,Georgia Tech,2007.0,2007.0,DET,2,,0.3846154
2015,1,00-0025394,A.Peterson,RB,MIN,SF,0,0,0.0,0,0.0,0.0,0.0,10,31.0,0,3,3,21.0,0,5.2,8.2,,,73.0,220.0,30.648058823529414,8.0,Oklahoma,2007.0,2007.0,MIN,7,,0.09677419
2015,2,00-0025394,A.Peterson,RB,MIN,DET,0,0,0.0,0,0.0,0.0,0.0,29,134.0,0,2,2,58.0,0,17.2,19.2,,,73.0,220.0,30.648058823529414,8.0,Oklahoma,2007.0,2007.0,MIN,7,10.0,0.11111111
2015,3,00-0025394,A.Peterson,RB,MIN,LAC,0,0,0.0,0,0.0,0.0,0.0,20,126.0,2,0,0,0.0,0,24.6,24.6,,,73.0,220.0,30.648058823529414,8.0,Oklahoma,2007.0,2007.0,MIN,7,17.0,
2015,4,00-0025394,A.Peterson,RB,MIN,DEN,0,0,0.0,0,0.0,0.0,0.0,16,81.0,1,6,4,13.0,0,15.4,19.4,,,73.0,220.0,30.648058823529414,8.0,Oklahoma,2007.0,2007.0,MIN,7,,0.14634146
2015,6,00-0025394,A.Peterson,RB,MIN,KC,0,0,0.0,0,0.0,0.0,0.0,26,60.0,0,1,1,-3.0,0,5.7,6.7,,,73.0,220.0,30.648058823529414,8.0,Oklahoma,2007.0,2007.0,MIN,7,6.0,0.032258064
2015,7,00-0025394,A.Peterson,RB,MIN,DET,0,0,0.0,0,0.0,0.0,0.0,19,98.0,0,3,3,12.0,0,11.0,14.0,,,73.0,220.0,30.648058823529414,8.0,Oklahoma,2007.0,2007.0,MIN,7,,0.0882353
2015,8,00-0025394,A.Peterson,RB,MIN,CHI,0,0,0.0,0,0.0,0.0,0.0,20,103.0,0,2,2,6.0,0,10.9,12.9,,,73.0,220.0,30.648058823529414,8.0,Oklahoma,2007.0,2007.0,MIN,7,,0.06896552
2015,9,00-0025394,A.Peterson,RB,MIN,LA,0,0,0.0,0,0.0,0.0,0.0,29,125.0,1,2,2,18.0,0,20.3,22.3,,,73.0,220.0,30.648058823529414,8.0,Oklahoma,2007.0,2007.0,MIN,7,3.0,0.074074075
2015,10,00-0025394,A.Peterson,RB,MIN,LV,0,0,0.0,0,0.0,0.0,0.0,26,203.0,1,3,2,13.0,0,27.6,29.6,,,73.0,220.0,30.648058823529414,8.0,Oklahoma,2007.0,2007.0,MIN,7,,0.14285715
2015,11,00-0025394,A.Peterson,RB,MIN,GB,0,0,0.0,0,0.0,0.0,0.0,13,45.0,1,2,2,16.0,0,10.1,12.1,,,73.0,220.0,30.648058823529414,8.0,Oklahoma,2007.0,2007.0,MIN,7,-17.0,0.054054055
2015,12,00-0025394,A.Peterson,RB,MIN,ATL,0,0,0.0,0,0.0,0.0,0.0,29,158.0,2,4,2,29.0,0,30.7,32.7,,,73.0,220.0,30.648058823529414,8.0,Oklahoma,2007.0,2007.0,MIN,7,,0.14814815
2015,13,00-0025394,A.Peterson,RB,MIN,SEA,0,0,0.0,0,0.0,0.0,0.0,8,18.0,0,4,4,6.0,0,2.4,6.4,,,73.0,220.0,30.648058823529414,8.0,Oklahoma,2007.0,2007.0,MIN,7,-31.0,0.14285715
2015,14,00-0025394,A.Peterson,RB,MIN,ARI,0,0,0.0,0,0.0,0.0,0.0,23,69.0,1,1,1,17.0,0,12.6,13.6,,,73.0,220.0,30.648058823529414,8.0,Oklahoma,2007.0,2007.0,MIN,7,,0.030303031
2015,15,00-0025394,A.Peterson,RB,MIN,CHI,0,0,0.0,0,0.0,0.0,0.0,18,63.0,0,0,0,0.0,0,6.3,6.3,,,73.0,220.0,30.648058823529414,8.0,Oklahoma,2007.0,2007.0,MIN,7,21.0,
2015,16,00-0025394,A.Peterson,RB,MIN,NYG,0,0,0.0,0,0.0,0.0,0.0,22,104.0,1,2,1,15.0,0,17.9,18.9,,,73.0,220.0,30.648058823529414,8.0,Oklahoma,2007.0,2007.0,MIN,7,32.0,0.08
2015,17,00-0025394,A.Peterson,RB,MIN,GB,0,0,0.0,0,0.0,0.0,0.0,19,67.0,1,1,1,1.0,0,12.8,13.8,,,73.0,220.0,30.648058823529414,8.0,Oklahoma,2007.0,2007.0,MIN,7,,0.05882353
2015,18,00-0025394,A.Peterson,RB,MIN,SEA,0,0,0.0,0,0.0,0.0,0.0,23,45.0,0,2,2,13.0,0,3.8,5.8,,,73.0,220.0,30.648058823529414,8.0,Oklahoma,2007.0,2007.0,MIN,7,-1.0,0.083333336
2015,1,00-0025396,T.Ginn,WR,CAR,JAX,0,0,0.0,0,0.0,0.0,0.0,0,0.0,0,7,2,54.0,0,5.4,7.4,,,71.0,185.0,30.611631578947367,8.0,Ohio State,2007.0,2007.0,MIA,9,,0.22580644
2015,2,00-0025396,T.Ginn,WR,CAR,HOU,0,0,0.0,0,0.0,0.0,0.0,0,0.0,0,9,4,41.0,1,10.1,14.1,,,71.0,185.0,30.611631578947367,8.0,Ohio State,2007.0,2007.0,MIA,9,7.0,0.24324325
2015,3,00-0025396,T.Ginn,WR,CAR,NO,0,0,0.0,0,0.0,0.0,0.0,0,0.0,0,6,4,93.0,0,9.3,13.3,,,71.0,185.0,30.611631578947367,8.0,Ohio State,2007.0,2007.0,MIA,9,5.0,0.19354838
2015,4,00-0025396,T.Ginn,WR,CAR,TB,0,0,0.0,0,0.0,0.0,0.0,0,0.0,0,3,2,18.0,2,13.8,15.8,,,71.0,185.0,30.611631578947367,8.0,Ohio State,2007.0,2007.0,MIA,9,,0.13636364
2015,6,00-0025396,T.Ginn,WR,CAR,SEA,0,0,0.0,0,0.0,0.0,0.0,0,0.0,0,4,1,18.0,0,1.8,2.8,,,71.0,185.0,30.611631578947367,8.0,Ohio State,2007.0,2007.0,MIA,9,,0.114285715
2015,7,00-0025396,T.Ginn,WR,CAR,PHI,0,0,0.0,0,0.0,0.0,0.0,1,43.0,0,8,5,59.0,0,10.2,15.2,,,71.0,185.0,30.611631578947367,8.0,Ohio State,2007.0,2007.0,MIA,9,11.0,0.33333334
2015,8,00-0025396,T.Ginn,WR,CAR,IND,0,0,0.0,0,0.0,0.0,0.0,0,0.0,0,10,2,60.0,0,6.0,8.0,,,71.0,185.0,30.611631578947367,8.0,Ohio State,2007.0,2007.0,MIA,9,3.0,0.2857143
2015,9,00-0025396,T.Ginn,WR,CAR,GB,0,0,0.0,0,0.0,0.0,0.0,0,0.0,0,4,1,20.0,0,2.0,3.0,,,71.0,185.0,30.611631578947367,8.0,Ohio State,2007.0,2007.0,MIA,9,8.0,0.13793103
2015,10,00-0025396,T.Ginn,WR,CAR,TEN,0,0,0.0,0,0.0,0.0,0.0,0,0.0,0,7,4,45.0,0,4.5,8.5,,,71.0,185.0,30.611631578947367,8.0,Ohio State,2007.0,2007.0,MIA,9,,0.28
2015,11,00-0025396,T.Ginn,WR,CAR,WAS,0,0,0.0,0,0.0,0.0,0.0,2,12.0,0,8,5,37.0,1,10.9,15.9,,,71.0,185.0,30.611631578947367,8.0,Ohio State,2007.0,2007.0,MIA,9,28.0,0.23529412
2015,13,00-0025396,T.Ginn,WR,CAR,NO,0,0,0.0,0,0.0,0.0,0.0,0,0.0,0,10,5,80.0,2,20.0,25.0,,,71.0,185.0,30.611631578947367,8.0,Ohio State,2007.0,2007.0,MIA,9,,0.24390244
2015,14,00-0025396,T.Ginn,WR,CAR,ATL,0,0,0.0,0,0.0,0.0,0.0,1,5.0,0,3,2,120.0,2,24.5,26.5,,,71.0,185.0,30.611631578947367,8.0,Ohio State,2007.0,2007.0,MIA,9,38.0,0.115384616
2015,15,00-0025396,T.Ginn,WR,CAR,NYG,0,0,0.0,0,0.0,0.0,0.0,0,0.0,0,14,6,85.0,2,20.5,26.5,,,71.0,185.0,30.611631578947367,8.0,Ohio State,2007.0,2007.0,MIA,9,,0.3255814
2015,16,00-0025396,T.Ginn,WR,CAR,ATL,0,0,0.0,0,0.0,0.0,0.0,0,0.0,0,3,1,9.0,0,0.9,1.9,,,71.0,185.0,30.611631578947367,8.0,Ohio State,2007.0,2007.0,MIA,9,,0.10714286
2015,19,00-0025396,T.Ginn,WR,CAR,SEA,0,0,0.0,0,0.0,0.0,0.0,1,11.0,0,1,0,0.0,0,1.1,1.1,,,71.0,185.0,30.611631578947367,8.0,Ohio State,2007.0,2007.0,MIA,9,7.0,0.045454547
2015,20,00-0025396,T.Ginn,WR,CAR,ARI,0,0,0.0,0,0.0,0.0,0.0,1,22.0,1,2,2,52.0,0,13.4,15.4,,,71.0,185.0,30.611631578947367,8.0,Ohio State,2007.0,2007.0,MIA,9,34.0,0.071428575
2015,21,00-0025396,T.Ginn,WR,CAR,DEN,0,0,0.0,0,0.0,1.0,4.0,0,0.0,0,10,4,74.0,0,7.4,11.4,,,71.0,185.0,30.611631578947367,8.0,Ohio State,2007.0,2007.0,MIA,9,,0.25
2015,1,00-0025399,M.Lynch,RB,SEA,LA,0,0,0.0,0,0.0,0.0,0.0,18,73.0,0,7,5,31.0,0,12.4,17.4,,,71.0,215.0,29.56683333333333,8.0,California,2007.0,2007.0,BUF,12,,0.17073171
2015,2,00-0025399,M.Lynch,RB,SEA,GB,0,0,0.0,0,0.0,0.0,0.0,15,41.0,0,6,3,21.0,0,6.2,9.2,,,71.0,215.0,29.56683333333333,8.0,California,2007.0,2007.0,BUF,12,,0.20689656
2015,3,00-0025399,M.Lynch,RB,SEA,CHI,0,0,0.0,0,0.0,0.0,0.0,5,14.0,0,1,1,9.0,0,2.3,3.3,,,71.0,215.0,29.56683333333333,8.0,California,2007.0,2007.0,BUF,12,26.0,0.03846154
2015,6,00-0025399,M.Lynch,RB,SEA,CAR,0,0,0.0,0,0.0,0.0,0.0,17,54.0,1,3,1,0.0,0,11.4,12.4,,,71.0,215.0,29.56683333333333,8.0,California,2007.0,2007.0,BUF,12,-4.0,0.1
2015,7,00-0025399,M.Lynch,RB,SEA,SF,0,0,0.0,0,0.0,0.0,0.0,27,122.0,1,0,0,0.0,0,18.2,18.2,,,71.0,215.0,29.56683333333333,8.0,California,2007.0,2007.0,BUF,12,,
2015,8,00-0025399,M.Lynch,RB,SEA,DAL,0,0,0.0,0,0.0,0.0,0.0,21,71.0,0,2,2,11.0,0,8.2,10.2,,,71.0,215.0,29.56683333333333,8.0,California,2007.0,2007.0,BUF,12,,0.06896552
2015,10,00-0025399,M.Lynch,RB,SEA,ARI,0,0,0.0,0,0.0,0.0,0.0,8,42.0,1,2,1,8.0,0,11.0,12.0,,,71.0,215.0,29.56683333333333,8.0,California,2007.0,2007.0,BUF,12,-7.0,0.074074075
2015,19,00-0025399,M.Lynch,RB,SEA,CAR,0,0,0.0,0,0.0,0.0,0.0,6,20.0,0,3,2,15.0,0,3.5,5.5,,,71.0,215.0,29.56683333333333,8.0,California,2007.0,2007.0,BUF,12,,0.06521739
2015,2,00-0025410,,WR,CLE,TEN,0,0,0.0,0,0.0,0.0,0.0,0,0.0,0,1,0,0.0,0,0.0,0.0,,,74.0,222.0,,8.0,LSU,2007.0,2007.0,KC,23,14.0,0.06666667
2015,4,00-0025410,,WR,CLE,LAC,0,0,0.0,0,0.0,0.0,0.0,0,0.0,0,1,0,0.0,0,0.0,0.0,,,74.0,222.0,,8.0,LSU,2007.0,2007.0,KC,23,,0.025
2015,8,00-0025410,,WR,CLE,ARI,0,0,0.0,0,0.0,0.0,0.0,0,0.0,0,1,0,0.0,0,0.0,0.0,,,74.0,222.0,,8.0,LSU,2007.0,2007.0,KC,23,-14.0,0.025
2015,9,00-0025410,,WR,CLE,CIN,0,0,0.0,0,0.0,0.0,0.0,0,0.0,0,5,3,31.0,0,3.1,6.1,,,74.0,222.0,,8.0,LSU,2007.0,2007.0,KC,23,,0.15151516
2015,12,00-0025410,,WR,CLE,BAL,0,0,0.0,0,0.0,0.0,0.0,0,0.0,0,1,0,0.0,0,0.0,0.0,,,74.0,222.0,,8.0,LSU,2007.0,2007.0,KC,23,-6.0,0.020833334
2015,15,00-0025410,,WR,CLE,SEA,0,0,0.0,0,0.0,0.0,0.0,0,0.0,0,3,2,22.0,0,2.2,4.2,,,74.0,222.0,,8.0,LSU,2007.0,2007.0,KC,23,,0.09677419
2015,16,00-0025410,,WR,CLE,KC,0,0,0.0,0,0.0,0.0,0.0,0,0.0,0,1,0,0.0,0,0.0,0.0,,,74.0,222.0,,8.0,LSU,2007.0,2007.0,KC,23,,0.03448276
2015,1,00-0025418,G.Olsen,TE,CAR,JAX,0,0,0.0,0,0.0,0.0,0.0,0,0.0,0,3,1,11.0,0,1.1,2.1,,,77.0,253.0,30.699210526315788,8.0,Miami,2007.0,2007.0,CHI,31,,0.09677419
2015,2,00-0025418,G.Olsen,TE,CAR,HOU,0,0,0.0,0,0.0,0.0,0.0,0,0.0,0,14,6,70.0,0,7.0,13.0,,,77.0,253.0,30.699210526315788,8.0,Miami,2007.0,2007.0,CHI,31,7.0,0.3783784
2015,3,00-0025418,G.Olsen,TE,CAR,NO,0,0,0.0,0,0.0,0.0,0.0,0,0.0,0,11,8,134.0,2,25.4,33.4,,,77.0,253.0,30.699210526315788,8.0,Miami,2007.0,2007.0,CHI,31,5.0,0.3548387
2015,4,00-0025418,G.Olsen,TE,CAR,TB,0,0,0.0,0,0.0,0.0,0.0,0,0.0,0,6,2,28.0,0,2.8,4.8,,,77.0,253.0,30.699210526315788,8.0,Miami,2007.0,2007.0,CHI,31,,0.27272728
2015,6,00-0025418,G.Olsen,TE,CAR,SEA,0,0,0.0,0,0.0,0.0,0.0,0,0.0,0,11,7,131.0,1,19.1,26.1,,,77.0,253.0,30.699210526315788,8.0,Miami,2007.0,2007.0,CHI,31,,0.31428573
2015,7,00-0025418,G.Olsen,TE,CAR,PHI,0,0,0.0,0,0.0,0.0,0.0,0,0.0,0,5,3,65.0,0,6.5,9.5,,,77.0,253.0,30.699210526315788,8.0,Miami,2007.0,2007.0,CHI,31,11.0,0.20833333
2015,8,00-0025418,G.Olsen,TE,CAR,IND,0,0,0.0,0,0.0,0.0,0.0,0,0.0,0,12,6,79.0,1,13.9,19.9,,,77.0,253.0,30.699210526315788,8.0,Miami,2007.0,2007.0,CHI,31,3.0,0.34285715
2015,9,00-0025418,G.Olsen,TE,CAR,GB,0,0,0.0,0,0.0,0.0,0.0,0,0.0,0,7,4,66.0,1,12.6,16.6,,,77.0,253.0,30.699210526315788,8.0,Miami,2007.0,2007.0,CHI,31,8.0,0.2413793
2015,10,00-0025418,G.Olsen,TE,CAR,TEN,0,0,0.0,0,0.0,0.0,0.0,0,0.0,0,8,8,80.0,0,8.0,16.0,,,77.0,253.0,30.699210526315788,8.0,Miami,2007.0,2007.0,CHI,31,,0.32
2015,11,00-0025418,G.Olsen,TE,CAR,WAS,0,0,0.0,0,0.0,0.0,0.0,0,0.0,0,6,3,54.0,1,11.4,14.4,,,77.0,253.0,30.699210526315788,8.0,Miami,2007.0,2007.0,CHI,31,28.0,0.1764706
2015,12,00-0025418,G.Olsen,TE,CAR,DAL,0,0,0.0,0,0.0,0.0,0.0,0,0.0,0,9,5,70.0,0,7.0,12.0,,,77.0,253.0,30.699210526315788,8.0,Miami,2007.0,2007.0,CHI,31,,0.33333334
2015,13,00-0025418,G.Olsen,TE,CAR,NO,0,0,0.0,0,0.0,0.0,0.0,0,0.0,0,12,9,129.0,0,10.9,19.9,,,77.0,253.0,30.699210526315788,8.0,Miami,2007.0,2007.0,CHI,31,,0.29268292
2015,14,00-0025418,G.Olsen,TE,CAR,ATL,0,0,0.0,0,0.0,0.0,0.0,0,0.0,0,4,3,52.0,0,5.2,8.2,,,77.0,253.0,30.699210526315788,8.0,Miami,2007.0,2007.0,CHI,31,38.0,0.15384616
2015,15,00-0025418,G.Olsen,TE,CAR,NYG,0,0,0.0,0,0.0,0.0,0.0,0,0.0,0,8,6,79.0,1,13.9,19.9,,,77.0,253.0,30.699210526315788,8.0,Miami,2007.0,2007.0,CHI,31,,0.18604651
2015,16,00-0025418,G.Olsen,TE,CAR,ATL,0,0,0.0,0,0.0,0.0,0.0,0,0.0,0,6,4,40.0,0,4.0,8.0,,,77.0,253.0,30.699210526315788,8.0,Miami,2007.0,2007.0,CHI,31,,0.21428572
2015,17,00-0025418,G.Olsen,TE,CAR,TB,0,0,0.0,0,0.0,0.0,0.0,0,0.0,0,2,2,16.0,0,1.6,3.6,,,77.0,253.0,30.699210526315788,8.0,Miami,2007.0,2007.0,CHI,31,28.0,0.07692308
2015,19,00-0025418,G.Olsen,TE,CAR,SEA,0,0,0.0,0,0.0,0.0,0.0,0,0.0,0,6,6,77.0,1,13.7,19.7,,,77.0,253.0,30.699210526315788,8.0,Miami,2007.0,2007.0,CHI,31,7.0,0.27272728
2015,20,00-0025418,G.Olsen,TE,CAR,ARI,0,0,0.0,0,0.0,0.0,0.0,0,0.0,0,8,6,113.0,0,11.3,17.3,,,77.0,253.0,30.699210526315788,8.0,Miami,2007.0,2007.0,CHI,31,34.0,0.2857143
2015,21,00-0025418,G.Olsen,TE,CAR,DEN,0,0,0.0,0,0.0,0.0,0.0,0,0.0,0,9,4,41.0,0,4.1,8.1,,,77.0,253.0,30.699210526315788,8.0,Miami,2007.0,2007.0,CHI,31,,0.225
2015,3,00-0025430,D.Stanton,QB,ARI,SF,0,0,0.0,0,0.0,0.0,0.0,3,-3.0,0,0,0,0.0,0,-0.3,-0.3,,,75.0,243.0,,8.0,Michigan State,2007.0,2007.0,DET,43,40.0,
2015,5,00-0025430,D.Stanton,QB,ARI,DET,1,4,10.0,0,0.0,0.0,-0.0,3,-3.0,0,0,0,0.0,0,0.1,0.1,,,75.0,243.0,,8.0,Michigan State,2007.0,2007.0,DET,43,,
2015,13,00-0025430,D.Stanton,QB,ARI,LA,1,1,6.0,0,0.0,0.0,-0.0,3,-3.0,0,0,0,0.0,0,-0.06,-0.06,,,75.0,243.0,,8.0,Michigan State,2007.0,2007.0,DET,43,,
2015,15,00-0025430,D.Stanton,QB,ARI,PHI,0,1,0.0,0,0.0,0.0,-0.0,2,-2.0,0,0,0,0.0,0,-0.2,-0.2,,,75.0,243.0,,8.0,Michigan State,2007.0,2007.0,DET,43,,
2015,16,00-0025430,D.Stanton,QB,ARI,GB,1,1,4.0,0,0.0,0.0,-0.0,2,-2.0,0,0,0,0.0,0,-0.04,-0.04,,,75.0,243.0,,8.0,Michigan State,2007.0,2007.0,DET,43,30.0,
2015,17,00-0025430,D.Stanton,QB,ARI,SEA,8,18,84.0,0,2.0,2.0,8.0,0,0.0,0,0,0,0.0,0,-0.64,-0.64,,,75.0,243.0,,8.0,Michigan State,2007.0,2007.0,DET,43,-30.0,
2015,5,00-0025464,,TE,PIT,LAC,0,0,0.0,0,0.0,0.0,0.0,0,0.0,0,1,0,0.0,0,0.0,0.0,,,79.0,262.0,31.973388888888888,8.0,Minnesota,2007.0,2007.0,PIT,77,,0.041666668
2015,8,00-0025464,,TE,PIT,CIN,0,0,0.0,0,0.0,0.0,0.0,0,0.0,0,1,1,4.0,0,0.4,1.4,,,79.0,262.0,31.973388888888888,8.0,Minnesota,2007.0,2007.0,PIT,77,-6.0,0.022222223
2015,12,00-0025464,,TE,PIT,SEA,0,0,0.0,0,0.0,0.0,0.0,0,0.0,0,1,1,6.0,0,0.6,1.6,,,79.0,262.0,31.973388888888888,8.0,Minnesota,2007.0,2007.0,PIT,77,,0.01724138
2015,19,00-0025464,,TE,PIT,DEN,0,0,0.0,0,0.0,0.0,0.0,0,0.0,0,1,1,1.0,0,0.1,1.1,,,79.0,262.0,31.973388888888888,8.0,Minnesota,2007.0,2007.0,PIT,77,,0.027777778
2015,1,00-0025465,,WR,GB,CHI,0,0,0.0,0,0.0,0.0,0.0,0,0.0,0,4,4,51.0,2,17.1,21.1,,,73.0,208.0,31.62722222222222,8.0,,2007.0,2007.0,GB,78,,0.17391305
2015,2,00-0025465,,WR,GB,SEA,0,0,0.0,0,0.0,0.0,0.0,0,0.0,0,3,1,29.0,1,8.9,9.9,,,73.0,208.0,31.62722222222222,8.0,,2007.0,2007.0,GB,78,10.0,0.09677419
2015,3,00-0025465,,WR,GB,KC,0,0,0.0,0,0.0,0.0,0.0,0,0.0,0,8,7,139.0,1,19.9,26.9,,,73.0,208.0,31.62722222222222,8.0,,2007.0,2007.0,GB,78,10.0,0.22857143
2015,4,00-0025465,,WR,GB,SF,0,0,0.0,0,0.0,0.0,0.0,0,0.0,0,6,5,98.0,0,9.8,14.8,,,73.0,208.0,31.62722222222222,8.0,,2007.0,2007.0,GB,78,,0.1875
2015,5,00-0025465,,WR,GB,LA,0,0,0.0,0,0.0,0.0,0.0,0,0.0,0,3,2,77.0,1,13.7,15.7,,,73.0,208.0,31.62722222222222,8.0,,2007.0,2007.0,GB,78,14.0,0.1
2015,6,00-0025465,,WR,GB,LAC,0,0,0.0,0,0.0,0.0,0.0,0,0.0,0,5,2,30.0,1,9.0,11.0,,,73.0,208.0,31.62722222222222,8.0,,2007.0,2007.0,GB,78,7.0,0.1724138
2015,8,00-0025465,,WR,GB,DEN,0,0,0.0,0,0.0,0.0,0.0,0,0.0,0,2,1,2.0,0,0.2,1.2,,,73.0,208.0,31.62722222222222,8.0,,2007.0,2007.0,GB,78,,0.09090909
2015,9,00-0025465,,WR,GB,CAR,0,0,0.0,0,0.0,0.0,0.0,0,0.0,0,6,2,57.0,0,5.7,7.7,,,73.0,208.0,31.62722222222222,8.0,,2007.0,2007.0,GB,78,,0.125
2015,10,00-0025465,,WR,GB,DET,0,0,0.0,0,0.0,0.0,0.0,0,0.0,0,2,0,0.0,0,0.0,0.0,,,73.0,208.0,31.62722222222222,8.0,,2007.0,2007.0,GB,78,-2.0,0.033333335
2015,11,00-0025465,,WR,GB,MIN,0,0,0.0,0,0.0,0.0,0.0,0,0.0,0,11,6,109.0,1,18.9,24.9,,,73.0,208.0,31.62722222222222,8.0,,2007.0,2007.0,GB,78,,0.32352942
2015,12,00-0025465,,WR,GB,CHI,0,0,0.0,0,0.0,0.0,0.0,0,0.0,0,6,0,0.0,0,0.0,0.0,,,73.0,208.0,31.62722222222222,8.0,,2007.0,2007.0,GB,78,-4.0,0.13953489
2015,13,00-0025465,,WR,GB,DET,0,0,0.0,0,0.0,0.0,0.0,0,0.0,0,3,1,19.0,0,1.9,2.9,,,73.0,208.0,31.62722222222222,8.0,,2007.0,2007.0,GB,78,,0.08571429
2015,14,00-0025465,,WR,GB,DAL,0,0,0.0,0,0.0,0.0,0.0,0,0.0,0,7,4,49.0,0,4.9,8.9,,,73.0,208.0,31.62722222222222,8.0,,2007.0,2007.0,GB,78,21.0,0.21212122
2015,15,00-0025465,,WR,GB,LV,0,0,0.0,0,0.0,0.0,0.0,0,0.0,0,9,6,82.0,1,14.2,20.2,,,73.0,208.0,31.62722222222222,8.0,,2007.0,2007.0,GB,78,,0.23684211
2015,16,00-0025465,,WR,GB,ARI,0,0,0.0,0,0.0,0.0,0.0,0,0.0,0,11,5,46.0,0,6.6,11.6,,,73.0,208.0,31.62722222222222,8.0,,2007.0,2007.0,GB,78,,0.37931034
2015,17,00-0025465,,WR,GB,MIN,0,0,0.0,0,0.0,0.0,0.0,0,0.0,0,13,4,102.0,0,10.2,14.2,,,73.0,208.0,31.62722222222222,8.0,,2007.0,2007.0,GB,78,-7.0,0.30232558
2015,18,00-0025465,,WR,GB,WAS,0,0,0.0,0,0.0,0.0,0.0,0,0.0,0,11,7,81.0,0,8.1,15.1,,,73.0,208.0,31.62722222222222,8.0,,2007.0,2007.0,GB,78,,0.32352942
2015,19,00-0025465,,WR,GB,ARI,0,0,0.0,0,0.0,0.0,0.0,0,0.0,0,2,0,0.0,0,0.0,0.0,,,73.0,208.0,31.62722222222222,8.0,,2007.0,2007.0,GB,78,,0.04761905
2015,1,00-0025516,,TE,NE,PIT,0,0,0.0,0,0.0,0.0,0.0,0,0.0,0,1,1,1.0,1,6.1,7.1,,,79.0,260.0,30.321,8.0,Iowa,2007.0,2007.0,SD,129,7.0,0.03125
2015,2,00-0025516,,TE,NE,BUF,0,0,0.0,0,0.0,0.0,0.0,0,0.0,0,5,3,23.0,0,2.3,5.3,,,79.0,260.0,30.321,8.0,Iowa,2007.0,2007.0,SD,129,,0.084745765
2015,3,00-0025516,,TE,NE,JAX,0,0,0.0,0,0.0,0.0,0.0,0,0.0,0,2,2,25.0,0,2.5,4.5,,,79.0,260.0,30.321,8.0,Iowa,2007.0,2007.0,SD,129,34.0,0.048780486
2015,6,00-0025516,,TE,NE,IND,0,0,0.0,0,0.0,0.0,0.0,0,0.0,0,3,2,39.0,0,3.9,5.9,,,79.0,260.0,30.321,8.0,Iowa,2007.0,2007.0,SD,129,,0.08108108
2015,7,00-0025516,,TE,NE,NYJ,0,0,0.0,0,0.0,0.0,0.0,0,0.0,0,2,2,34.0,0,3.4,5.4,,,79.0,260.0,30.321,8.0,Iowa,2007.0,2007.0,SD,129,7.0,0.037037037
2015,8,00-0025516,,TE,NE,MIA,0,0,0.0,0,0.0,0.0,0.0,0,0.0,0,2,1,9.0,0,0.9,1.9,,,79.0,260.0,30.321,8.0,Iowa,2007.0,2007.0,SD,129,29.0,0.05263158
2015,9,00-0025516,,TE,NE,WAS,0,0,0.0,0,0.0,0.0,0.0,0,0.0,0,3,1,5.0,0,0.5,1.5,,,79.0,260.0,30.321,8.0,Iowa,2007.0,2007.0,SD,129,17.0,0.07692308
2015,10,00-0025516,,TE,NE,NYG,0,0,0.0,0,0.0,0.0,0.0,0,0.0,0,3,1,1.0,1,6.1,7.1,,,79.0,260.0,30.321,8.0,Iowa,2007.0,2007.0,SD,129,,0.07317073
2015,11,00-0025516,,TE,NE,BUF,0,0,0.0,0,0.0,0.0,0.0,0,0.0,0,2,1,3.0,0,0.3,1.3,,,79.0,260.0,30.321,8.0,Iowa,2007.0,2007.0,SD,129,7.0,0.05263158
2015,12,00-0025516,,TE,NE,DEN,0,0,0.0,0,0.0,0.0,0.0,0,0.0,0,11,5,58.0,1,11.8,16.8,,,79.0,260.0,30.321,8.0,Iowa,2007.0,2007.0,SD,129,,0.26190478
2015,13,00-0025516,,TE,NE,PHI,0,0,0.0,0,0.0,0.0,0.0,0,0.0,0,7,4,61.0,1,12.1,16.1,,,79.0,260.0,30.321,8.0,Iowa,2007.0,2007.0,SD,129,-7.0,0.125
2015,17,00-0025516,,TE,NE,MIA,0,0,0.0,0,0.0,0.0,0.0,0,0.0,0,1,0,0.0,0,0.0,0.0,,,79.0,260.0,30.321,8.0,Iowa,2007.0,2007.0,SD,129,,0.04
2015,1,00-0025549,B.Celek,TE,PHI,ATL,0,0,0.0,0,0.0,0.0,0.0,0,0.0,0,1,1,6.0,0,0.6,1.6,,,76.0,255.0,30.7853125,8.0,Cincinnati,2007.0,2007.0,PHI,162,,0.01923077
2015,4,00-0025549,B.Celek,TE,PHI,WAS,0,0,0.0,0,0.0,0.0,0.0,0,0.0,0,2,1,10.0,1,7.0,8.0,,,76.0,255.0,30.7853125,8.0,Cincinnati,2007.0,2007.0,PHI,162,,0.071428575
2015,5,00-0025549,B.Celek,TE,PHI,NO,0,0,0.0,0,0.0,0.0,0.0,0,0.0,0,3,3,44.0,1,10.4,13.4,,,76.0,255.0,30.7853125,8.0,Cincinnati,2007.0,2007.0,PHI,162,22.0,0.06666667
2015,7,00-0025549,B.Celek,TE,PHI,CAR,0,0,0.0,0,0.0,0.0,0.0,0,0.0,0,3,2,11.0,0,1.1,3.1,,,76.0,255.0,30.7853125,8.0,Cincinnati,2007.0,2007.0,PHI,162,,0.06521739
2015,10,00-0025549,B.Celek,TE,PHI,MIA,0,0,0.0,0,0.0,0.0,0.0,0,0.0,0,4,4,134.0,0,13.4,17.4,,,76.0,255.0,30.7853125,8.0,Cincinnati,2007.0,2007.0,PHI,162,-1.0,0.083333336
2015,11,00-0025549,B.Celek,TE,PHI,TB,0,0,0.0,0,0.0,0.0,0.0,0,0.0,0,10,7,79.0,0,7.9,14.9,,,76.0,255.0,30.7853125,8.0,Cincinnati,2007.0,2007.0,PHI,162,-28.0,0.24390244
2015,12,00-0025549,B.Celek,TE,PHI,DET,0,0,0.0,0,0.0,0.0,0.0,0,0.0,0,4,2,10.0,1,7.0,9.0,,,76.0,255.0,30.7853125,8.0,Cincinnati,2007.0,2007.0,PHI,162,,0.14814815
2015,13,00-0025549,B.Celek,TE,PHI,NE,0,0,0.0,0,0.0,0.0,0.0,0,0.0,0,1,1,16.0,0,1.6,2.6,,,76.0,255.0,30.7853125,8.0,Cincinnati,2007.0,2007.0,PHI,162,,0.041666668
2015,14,00-0025549,B.Celek,TE,PHI,BUF,0,0,0.0,0,0.0,0.0,0.0,0,0.0,0,2,1,1.0,0,0.1,1.1,,,76.0,255.0,30.7853125,8.0,Cincinnati,2007.0,2007.0,PHI,162,3.0,0.054054055
2015,15,00-0025549,B.Celek,TE,PHI,ARI,0,0,0.0,0,0.0,0.0,0.0,0,0.0,0,2,2,31.0,0,3.1,5.1,,,76.0,255.0,30.7853125,8.0,Cincinnati,2007.0,2007.0,PHI,162,-23.0,0.048780486
2015,16,00-0025549,B.Celek,TE,PHI,WAS,0,0,0.0,0,0.0,0.0,0.0,0,0.0,0,1,1,18.0,0,1.8,2.8,,,76.0,255.0,30.7853125,8.0,Cincinnati,2007.0,2007.0,PHI,162,-14.0,0.018181818
2015,17,00-0025549,B.Celek,TE,PHI,NYG,0,0,0.0,0,0.0,0.0,0.0,0,0.0,0,2,2,38.0,0,3.8,5.8,,,76.0,255.0,30.7853125,8.0,Cincinnati,2007.0,2007.0,PHI,162,,0.05263158
2015,6,00-0025637,,RB,IND,NE,0,0,0.0,0,0.0,0.0,0.0,4,8.0,0,1,1,8.0,0,1.6,2.6,,,70.0,217.0,29.63716666666667,8.0,Marshall,2007.0,2007.0,NYG,250,-7.0,0.020833334
2015,7,00-0025637,,RB,IND,NO,0,0,0.0,0,0.0,0.0,0.0,1,5.0,0,2,1,8.0,0,1.3,2.3,,,70.0,217.0,29.63716666666667,8.0,Marshall,2007.0,2007.0,NYG,250,-6.0,0.046511628
2015,8,00-0025637,,RB,IND,CAR,0,0,0.0,0,0.0,0.0,0.0,7,31.0,0,1,0,0.0,0,3.1,3.1,,,70.0,217.0,29.63716666666667,8.0,Marshall,2007.0,2007.0,NYG,250,,0.022222223
2015,9,00-0025637,,RB,IND,DEN,0,0,0.0,0,0.0,0.0,0.0,6,3.0,0,2,1,8.0,1,7.1,8.1,,,70.0,217.0,29.63716666666667,8.0,Marshall,2007.0,2007.0,NYG,250,3.0,0.057142857
2015,11,00-0025637,,RB,IND,ATL,0,0,0.0,0,0.0,0.0,0.0,9,32.0,0,4,4,20.0,2,17.2,21.2,,,70.0,217.0,29.63716666666667,8.0,Marshall,2007.0,2007.0,NYG,250,,0.125
2015,12,00-0025637,,RB,IND,TB,0,0,0.0,0,0.0,0.0,0.0,4,6.0,0,4,3,20.0,0,2.6,5.6,,,70.0,217.0,29.63716666666667,8.0,Marshall,2007.0,2007.0,NYG,250,13.0,0.102564104
2015,7,00-0025708,M.Moore,QB,MIA,HOU,1,1,14.0,0,0.0,0.0,-0.0,3,-2.0,0,0,0,0.0,0,0.36,0.36,,,75.0,220.0,31.2515625,8.0,Oregon State,2007.0,2007.0,,,18.0,
2015,2,00-0026008,,TE,BUF,NE,0,0,0.0,0,0.0,0.0,0.0,0,0.0,0,1,1,2.0,0,0.2,1.2,,,76.0,267.0,30.76325,7.0,Maine,2008.0,2008.0,,,-8.0,0.033333335
2015,1,00-0026019,D.Woodhead,RB,LAC,DET,0,0,0.0,0,0.0,0.0,0.0,13,43.0,2,6,3,19.0,0,18.2,21.2,,,68.0,200.0,30.7829375,7.0,Chadron State,2008.0,2008.0,,,,0.14634146
2015,2,00-0026019,D.Woodhead,RB,LAC,CIN,0,0,0.0,0,0.0,0.0,0.0,7,36.0,0,6,6,68.0,0,10.4,16.4,,,68.0,200.0,30.7829375,7.0,Chadron State,2008.0,2008.0,,,,0.22222222
2015,3,00-0026019,D.Woodhead,RB,LAC,MIN,0,0,0.0,0,0.0,0.0,0.0,5,11.0,0,4,3,32.0,0,4.3,7.3,,,68.0,200.0,30.7829375,7.0,Chadron State,2008.0,2008.0,,,,0.1
2015,4,00-0026019,D.Woodhead,RB,LAC,CLE,0,0,0.0,0,0.0,0.0,0.0,8,54.0,0,4,4,84.0,0,13.8,17.8,,,68.0,200.0,30.7829375,7.0,Chadron State,2008.0,2008.0,,,,0.10810811
2015,5,00-0026019,D.Woodhead,RB,LAC,PIT,0,0,0.0,0,0.0,0.0,0.0,4,10.0,0,7,5,66.0,0,7.6,12.6,,,68.0,200.0,30.7829375,7.0,Chadron State,2008.0,2008.0,,,,0.14583333
2015,6,00-0026019,D.Woodhead,RB,LAC,GB,0,0,0.0,0,0.0,0.0,0.0,7,8.0,0,7,5,63.0,0,7.1,12.1,,,68.0,200.0,30.7829375,7.0,Chadron State,2008.0,2008.0,,,,0.10769231
2015,7,00-0026019,D.Woodhead,RB,LAC,LV,0,0,0.0,0,0.0,0.0,0.0,5,26.0,0,12,11,75.0,2,22.1,33.1,,,68.0,200.0,30.7829375,7.0,Chadron State,2008.0,2008.0,,,,0.21818182
2015,8,00-0026019,D.Woodhead,RB,LAC,BAL,0,0,0.0,0,0.0,0.0,0.0,3,9.0,0,3,2,36.0,0,4.5,6.5,,,68.0,200.0,30.7829375,7.0,Chadron State,2008.0,2008.0,,,,0.083333336
2015,9,00-0026019,D.Woodhead,RB,LAC,CHI,0,0,0.0,0,0.0,0.0,0.0,6,33.0,0,10,6,78.0,1,17.1,23.1,,,68.0,200.0,30.7829375,7.0,Chadron State,2008.0,2008.0,,,,0.23809524
2015,11,00-0026019,D.Woodhead,RB,LAC,KC,0,0,0.0,0,0.0,0.0,0.0,6,7.0,0,2,1,9.0,0,1.6,2.6,,,68.0,200.0,30.7829375,7.0,Chadron State,2008.0,2008.0,,,,0.06666667
2015,12,00-0026019,D.Woodhead,RB,LAC,JAX,0,0,0.0,0,0.0,0.0,0.0,4,8.0,0,6,6,39.0,0,4.7,10.7,,,68.0,200.0,30.7829375,7.0,Chadron State,2008.0,2008.0,,,,0.13953489
2015,13,00-0026019,D.Woodhead,RB,LAC,DEN,0,0,0.0,0,0.0,0.0,0.0,3,10.0,0,7,3,24.0,0,3.4,6.4,,,68.0,200.0,30.7829375,7.0,Chadron State,2008.0,2008.0,,,,0.21212122
2015,14,00-0026019,D.Woodhead,RB,LAC,KC,0,0,0.0,0,0.0,0.0,0.0,3,5.0,0,6,3,8.0,0,1.3,4.3,,,68.0,200.0,30.7829375,7.0,Chadron State,2008.0,2008.0,,,,0.14285715
2015,15,00-0026019,D.Woodhead,RB,LAC,MIA,0,0,0.0,0,0.0,0.0,0.0,8,10.0,1,6,6,50.0,3,30.0,36.0,,,68.0,200.0,30.7829375,7.0,Chadron State,2008.0,2008.0,,,,0.16666667
2015,16,00-0026019,D.Woodhead,RB,LAC,LV,0,0,0.0,0,0.0,0.0,0.0,11,55.0,0,10,8,53.0,0,10.8,18.8,,,68.0,200.0,30.7829375,7.0,Chadron State,2008.0,2008.0,,,,0.20408164
2015,17,00-0026019,D.Woodhead,RB,LAC,DEN,0,0,0.0,0,0.0,0.0,0.0,5,11.0,0,10,8,51.0,0,6.2,14.2,,,68.0,200.0,30.7829375,7.0,Chadron State,2008.0,2008.0,,,,0.2857143
2015,1,00-0026035,D.Amendola,WR,NE,PIT,0,0,0.0,0,0.0,0.0,0.0,0,0.0,0,3,2,24.0,0,2.4,4.4,,,71.0,190.0,30.04188888888889,7.0,Texas Tech,2008.0,2008.0,,,7.0,0.09375
2015,2,00-0026035,D.Amendola,WR,NE,BUF,0,0,0.0,0,0.0,0.0,0.0,1,3.0,0,2,1,29.0,0,3.2,4.2,,,71.0,190.0,30.04188888888889,7.0,Texas Tech,2008.0,2008.0,,,,0.033898305
2015,3,00-0026035,D.Amendola,WR,NE,JAX,0,0,0.0,0,0.0,0.0,0.0,0,0.0,0,5,5,39.0,1,9.9,14.9,,,71.0,190.0,30.04188888888889,7.0,Texas Tech,2008.0,2008.0,,,34.0,0.12195122
2015,5,00-0026035,D.Amendola,WR,NE,DAL,0,0,0.0,0,0.0,0.0,0.0,0,0.0,0,3,2,6.0,0,0.6,2.6,,,71.0,190.0,30.04188888888889,7.0,Texas Tech,2008.0,2008.0,,,,0.11111111
2015,6,00-0026035,D.Amendola,WR,NE,IND,0,0,0.0,0,0.0,0.0,0.0,0,0.0,0,9,7,105.0,0,10.5,17.5,,,71.0,190.0,30.04188888888889,7.0,Texas Tech,2008.0,2008.0,,,,0.24324325
2015,7,00-0026035,D.Amendola,WR,NE,NYJ,0,0,0.0,0,0.0,0.0,0.0,0,0.0,0,9,8,86.0,1,14.6,22.6,,,71.0,190.0,30.04188888888889,7.0,Texas Tech,2008.0,2008.0,,,7.0,0.16666667
2015,8,00-0026035,D.Amendola,WR,NE,MIA,0,0,0.0,0,0.0,0.0,0.0,0,0.0,0,1,1,11.0,0,1.1,2.1,,,71.0,190.0,30.04188888888889,7.0,Texas Tech,2008.0,2008.0,,,29.0,0.02631579
2015,9,00-0026035,D.Amendola,WR,NE,WAS,0,0,0.0,0,0.0,0.0,0.0,1,8.0,0,5,4,24.0,0,3.2,7.2,,,71.0,190.0,30.04188888888889,7.0,Texas Tech,2008.0,2008.0,,,17.0,0.12820514
2015,10,00-0026035,D.Amendola,WR,NE,NYG,0,0,0.0,0,0.0,0.0,0.0,0,0.0,0,11,10,79.0,0,7.9,17.9,,,71.0,190.0,30.04188888888889,7.0,Texas Tech,2008.0,2008.0,,,,0.2682927
2015,11,00-0026035,D.Amendola,WR,NE,BUF,0,0,0.0,0,0.0,0.0,0.0,0,0.0,0,12,9,117.0,0,11.7,20.7,,,71.0,190.0,30.04188888888889,7.0,Texas Tech,2008.0,2008.0,,,7.0,0.31578946
2015,13,00-0026035,D.Amendola,WR,NE,PHI,1,1,36.0,0,0.0,0.0,-0.0,0,0.0,0,13,7,62.0,1,13.64,20.64,,,71.0,190.0,30.04188888888889,7.0,Texas Tech,2008.0,2008.0,,,-7.0,0.23214285
2015,14,00-0026035,D.Amendola,WR,NE,HOU,0,0,0.0,0,0.0,0.0,0.0,0,0.0,0,8,6,46.0,0,4.6,10.6,,,71.0,190.0,30.04188888888889,7.0,Texas Tech,2008.0,2008.0,,,,0.26666668
2015,15,00-0026035,D.Amendola,WR,NE,TEN,0,0,0.0,0,0.0,0.0,0.0,0,0.0,0,2,1,3.0,0,0.3,1.3,,,71.0,190.0,30.04188888888889,7.0,Texas Tech,2008.0,2008.0,,,17.0,0.05882353
2015,17,00-0026035,D.Amendola,WR,NE,MIA,0,0,0.0,0,0.0,0.0,0.0,0,0.0,0,4,2,17.0,0,1.7,3.7,,,71.0,190.0,30.04188888888889,7.0,Texas Tech,2008.0,2008.0,,,,0.16
2015,19,00-0026035,D.Amendola,WR,NE,KC,0,0,0.0,0,0.0,0.0,0.0,0,0.0,0,3,2,18.0,0,1.8,3.8,,,71.0,190.0,30.04188888888889,7.0,Texas Tech,2008.0,2008.0,,,7.0,0.07317073
2015,20,00-0026035,D.Amendola,WR,NE,DEN,0,0,0.0,0,0.0,0.0,0.0,0,0.0,0,8,5,39.0,0,3.9,8.9,,,71.0,190.0,30.04188888888889,7.0,Texas Tech,2008.0,2008.0,,,,0.14285715
2015,1,00-0026069,M.Tolbert,FB,CAR,JAX,0,0,0.0,0,0.0,0.0,0.0,1,12.0,0,2,1,6.0,0,1.8,2.8,,,69.0,250.0,29.99563157894737,7.0,Coastal Carolina,2008.0,2008.0,,,,0.06451613
2015,2,00-0026069,M.Tolbert,FB,CAR,HOU,0,0,0.0,0,0.0,0.0,0.0,5,31.0,0,3,2,4.0,0,3.5,5.5,,,69.0,250.0,29.99563157894737,7.0,Coastal Carolina,2008.0,2008.0,,,7.0,0.08108108
2015,3,00-0026069,M.Tolbert,FB,CAR,NO,0,0,0.0,0,0.0,0.0,0.0,5,16.0,0,3,3,28.0,0,4.4,7.4,,,69.0,250.0,29.99563157894737,7.0,Coastal Carolina,2008.0,2008.0,,,5.0,0.09677419
2015,4,00-0026069,M.Tolbert,FB,CAR,TB,0,0,0.0,0,0.0,0.0,0.0,3,7.0,0,0,0,0.0,0,0.7,0.7,,,69.0,250.0,29.99563157894737,7.0,Coastal Carolina,2008.0,2008.0,,,,
2015,6,00-0026069,M.Tolbert,FB,CAR,SEA,0,0,0.0,0,0.0,0.0,0.0,3,10.0,0,0,0,0.0,0,1.0,1.0,,,69.0,250.0,29.99563157894737,7.0,Coastal Carolina,2008.0,2008.0,,,,
2015,7,00-0026069,M.Tolbert,FB,CAR,PHI,0,0,0.0,0,0.0,0.0,0.0,3,16.0,1,1,1,2.0,1,13.8,14.8,,,69.0,250.0,29.99563157894737,7.0,Coastal Carolina,2008.0,2008.0,,,11.0,0.041666668
2015,8,00-0026069,M.Tolbert,FB,CAR,IND,0,0,0.0,0,0.0,0.0,0.0,0,0.0,0,1,1,40.0,0,4.0,5.0,,,69.0,250.0,29.99563157894737,7.0,Coastal Carolina,2008.0,2008.0,,,3.0,0.028571429
2015,9,00-0026069,M.Tolbert,FB,CAR,GB,0,0,0.0,0,0.0,0.0,0.0,3,7.0,0,0,0,0.0,0,0.7,0.7,,,69.0,250.0,29.99563157894737,7.0,Coastal Carolina,2008.0,2008.0,,,8.0,
2015,10,00-0026069,M.Tolbert,FB,CAR,TEN,0,0,0.0,0,0.0,0.0,0.0,3,5.0,0,1,1,16.0,0,2.1,3.1,,,69.0,250.0,29.99563157894737,7.0,Coastal Carolina,2008.0,2008.0,,,,0.04
2015,11,00-0026069,M.Tolbert,FB,CAR,WAS,0,0,0.0,0,0.0,0.0,0.0,7,5.0,0,2,2,5.0,1,7.0,9.0,,,69.0,250.0,29.99563157894737,7.0,Coastal Carolina,2008.0,2008.0,,,28.0,0.05882353
2015,12,00-0026069,M.Tolbert,FB,CAR,DAL,0,0,0.0,0,0.0,0.0,0.0,4,16.0,0,1,0,0.0,0,1.6,1.6,,,69.0,250.0,29.99563157894737,7.0,Coastal Carolina,2008.0,2008.0,,,,0.037037037
2015,13,00-0026069,M.Tolbert,FB,CAR,NO,0,0,0.0,0,0.0,0.0,0.0,2,33.0,0,3,2,18.0,1,11.1,13.1,,,69.0,250.0,29.99563157894737,7.0,Coastal Carolina,2008.0,2008.0,,,,0.07317073
2015,14,00-0026069,M.Tolbert,FB,CAR,ATL,0,0,0.0,0,0.0,0.0,0.0,6,17.0,0,2,2,13.0,0,3.0,5.0,,,69.0,250.0,29.99563157894737,7.0,Coastal Carolina,2008.0,2008.0,,,38.0,0.07692308
2015,15,00-0026069,M.Tolbert,FB,CAR,NYG,0,0,0.0,0,0.0,0.0,0.0,5,10.0,0,0,0,0.0,0,1.0,1.0,,,69.0,250.0,29.99563157894737,7.0,Coastal Carolina,2008.0,2008.0,,,,
2015,16,00-0026069,M.Tolbert,FB,CAR,ATL,0,0,0.0,0,0.0,0.0,0.0,2,12.0,0,3,2,17.0,0,2.9,4.9,,,69.0,250.0,29.99563157894737,7.0,Coastal Carolina,2008.0,2008.0,,,,0.10714286
2015,17,00-0026069,M.Tolbert,FB,CAR,TB,0,0,0.0,0,0.0,0.0,0.0,10,59.0,0,1,1,5.0,0,6.4,7.4,,,69.0,250.0,29.99563157894737,7.0,Coastal Carolina,2008.0,2008.0,,,28.0,0.03846154
2015,19,00-0026069,M.Tolbert,FB,CAR,SEA,0,0,0.0,0,0.0,0.0,0.0,7,17.0,0,1,0,0.0,0,1.7,1.7,,,69.0,250.0,29.99563157894737,7.0,Coastal Carolina,2008.0,2008.0,,,7.0,0.045454547
2015,20,00-0026069,M.Tolbert,FB,CAR,ARI,0,0,0.0,0,0.0,0.0,0.0,3,4.0,0,1,1,14.0,0,3.8,4.8,,,69.0,250.0,29.99563157894737,7.0,Coastal Carolina,2008.0,2008.0,,,34.0,0.035714287
2015,21,00-0026069,M.Tolbert,FB,CAR,DEN,0,0,0.0,0,0.0,0.0,0.0,5,18.0,0,1,0,0.0,0,-0.2,-0.2,,,69.0,250.0,29.99563157894737,7.0,Coastal Carolina,2008.0,2008.0,,,,0.025
2015,1,00-0026143,M.Ryan,QB,ATL,PHI,23,34,298.0,2,2.0,1.0,8.0,5,7.0,0,0,0,0.0,0,16.62,16.62,,,76.0,217.0,30.47625,7.0,Boston College,2008.0,2008.0,ATL,3,2.0,
2015,2,00-0026143,M.Ryan,QB,ATL,NYG,30,46,363.0,1,0.0,2.0,17.0,1,-1.0,0,0,0,0.0,0,18.42,18.42,,,76.0,217.0,30.47625,7.0,Boston College,2008.0,2008.0,ATL,3,,
2015,3,00-0026143,M.Ryan,QB,ATL,DAL,24,36,285.0,2,0.0,1.0,5.0,2,17.0,0,0,0,0.0,0,23.1,23.1,,,76.0,217.0,30.47625,7.0,Boston College,2008.0,2008.0,ATL,3,,
2015,4,00-0026143,M.Ryan,QB,ATL,HOU,19,27,256.0,1,0.0,2.0,13.0,1,-1.0,0,0,0,0.0,0,14.14,14.14,,,76.0,217.0,30.47625,7.0,Boston College,2008.0,2008.0,ATL,3,27.0,
2015,5,00-0026143,M.Ryan,QB,ATL,WAS,24,42,254.0,0,2.0,3.0,12.0,3,20.0,0,0,0,0.0,0,6.16,6.16,,,76.0,217.0,30.47625,7.0,Boston College,2008.0,2008.0,ATL,3,6.0,
2015,6,00-0026143,M.Ryan,QB,ATL,NO,30,44,295.0,2,0.0,5.0,32.0,4,10.0,0,0,0,0.0,0,18.8,18.8,,,76.0,217.0,30.47625,7.0,Boston College,2008.0,2008.0,ATL,3,,
2015,7,00-0026143,M.Ryan,QB,ATL,TEN,22,38,251.0,1,2.0,0.0,-0.0,2,-3.0,0,0,0,0.0,0,9.74,9.74,,,76.0,217.0,30.47625,7.0,Boston College,2008.0,2008.0,ATL,3,,
2015,8,00-0026143,M.Ryan,QB,ATL,TB,37,45,397.0,2,1.0,1.0,2.0,3,2.0,0,0,0,0.0,0,20.08,20.08,,,76.0,217.0,30.47625,7.0,Boston College,2008.0,2008.0,ATL,3,-3.0,
2015,9,00-0026143,M.Ryan,QB,ATL,SF,30,45,303.0,1,0.0,2.0,18.0,1,2.0,0,0,0,0.0,0,16.32,16.32,,,76.0,217.0,30.47625,7.0,Boston College,2008.0,2008.0,ATL,3,,
2015,11,00-0026143,M.Ryan,QB,ATL,IND,25,46,280.0,3,3.0,1.0,5.0,2,7.0,0,0,0,0.0,0,17.9,17.9,,,76.0,217.0,30.47625,7.0,Boston College,2008.0,2008.0,ATL,3,-3.0,
2015,12,00-0026143,M.Ryan,QB,ATL,MIN,22,31,230.0,1,2.0,2.0,20.0,1,-1.0,0,0,0,0.0,0,9.1,9.1,,,76.0,217.0,30.47625,7.0,Boston College,2008.0,2008.0,ATL,3,-10.0,
2015,13,00-0026143,M.Ryan,QB,ATL,TB,30,45,269.0,1,1.0,3.0,14.0,1,4.0,0,0,0,0.0,0,13.16,13.16,,,76.0,217.0,30.47625,7.0,Boston College,2008.0,2008.0,ATL,3,,
2015,14,00-0026143,M.Ryan,QB,ATL,CAR,22,34,224.0,0,1.0,3.0,42.0,1,-1.0,0,0,0,0.0,0,4.86,4.86,,,76.0,217.0,30.47625,7.0,Boston College,2008.0,2008.0,ATL,3,,
2015,15,00-0026143,M.Ryan,QB,ATL,JAX,22,35,246.0,1,1.0,1.0,1.0,3,0.0,0,0,0,0.0,0,11.84,11.84,,,76.0,217.0,30.47625,7.0,Boston College,2008.0,2008.0,ATL,3,,
2015,16,00-0026143,M.Ryan,QB,ATL,CAR,23,30,306.0,1,0.0,2.0,10.0,6,1.0,0,0,0,0.0,0,14.34,14.34,,,76.0,217.0,30.47625,7.0,Boston College,2008.0,2008.0,ATL,3,7.0,
2015,17,00-0026143,M.Ryan,QB,ATL,NO,24,36,334.0,2,1.0,1.0,7.0,0,0.0,0,0,0,0.0,0,19.36,19.36,,,76.0,217.0,30.47625,7.0,Boston College,2008.0,2008.0,ATL,3,-3.0,
2015,1,00-0026144,D.McFadden,RB,DAL,NYG,0,0,0.0,0,0.0,0.0,0.0,6,16.0,0,1,1,19.0,0,3.5,4.5,,,73.0,220.0,28.203,7.0,Arkansas,2008.0,2008.0,OAK,4,1.0,0.022222223
2015,2,00-0026144,D.McFadden,RB,DAL,PHI,0,0,0.0,0,0.0,0.0,0.0,10,31.0,0,2,2,21.0,0,5.2,7.2,,,73.0,220.0,28.203,7.0,Arkansas,2008.0,2008.0,OAK,4,,0.05882353
2015,3,00-0026144,D.McFadden,RB,DAL,ATL,0,0,0.0,0,0.0,0.0,0.0,6,35.0,1,0,0,0.0,0,9.5,9.5,,,73.0,220.0,28.203,7.0,Arkansas,2008.0,2008.0,OAK,4,-11.0,
2015,4,00-0026144,D.McFadden,RB,DAL,NO,0,0,0.0,0,0.0,0.0,0.0,10,31.0,0,0,0,0.0,0,3.1,3.1,,,73.0,220.0,28.203,7.0,Arkansas,2008.0,2008.0,OAK,4,,
2015,5,00-0026144,D.McFadden,RB,DAL,NE,0,0,0.0,0,0.0,0.0,0.0,5,16.0,0,10,9,62.0,0,7.8,16.8,,,73.0,220.0,28.203,7.0,Arkansas,2008.0,2008.0,OAK,4,-24.0,0.25641027
2015,7,00-0026144,D.McFadden,RB,DAL,NYG,0,0,0.0,0,0.0,0.0,0.0,29,152.0,1,2,2,10.0,0,22.2,24.2,,,73.0,220.0,28.203,7.0,Arkansas,2008.0,2008.0,OAK,4,,0.074074075
2015,8,00-0026144,D.McFadden,RB,DAL,SEA,0,1,0.0,0,0.0,0.0,-0.0,20,64.0,0,8,6,49.0,0,11.3,17.3,,,73.0,220.0,28.203,7.0,Arkansas,2008.0,2008.0,OAK,4,-1.0,0.30769232
2015,9,00-0026144,D.McFadden,RB,DAL,PHI,0,0,0.0,0,0.0,0.0,0.0,27,117.0,0,2,1,5.0,0,12.2,13.2,,,73.0,220.0,28.203,7.0,Arkansas,2008.0,2008.0,OAK,4,-6.0,0.054054055
2015,10,00-0026144,D.McFadden,RB,DAL,TB,0,0,0.0,0,0.0,0.0,0.0,17,32.0,0,4,3,26.0,0,5.8,8.8,,,73.0,220.0,28.203,7.0,Arkansas,2008.0,2008.0,OAK,4,,0.14285715
2015,11,00-0026144,D.McFadden,RB,DAL,MIA,0,0,0.0,0,0.0,0.0,0.0,29,129.0,0,3,3,20.0,0,14.9,17.9,,,73.0,220.0,28.203,7.0,Arkansas,2008.0,2008.0,OAK,4,,0.10714286
2015,12,00-0026144,D.McFadden,RB,DAL,CAR,0,0,0.0,0,0.0,0.0,0.0,10,11.0,0,6,4,45.0,0,7.6,11.6,,,73.0,220.0,28.203,7.0,Arkansas,2008.0,2008.0,OAK,4,-19.0,0.15789473
2015,13,00-0026144,D.McFadden,RB,DAL,WAS,0,0,0.0,0,0.0,0.0,0.0,14,53.0,1,1,1,6.0,0,7.9,8.9,,,73.0,220.0,28.203,7.0,Arkansas,2008.0,2008.0,OAK,4,,0.035714287
2015,14,00-0026144,D.McFadden,RB,DAL,GB,0,0,0.0,0,0.0,0.0,0.0,9,111.0,0,2,0,0.0,0,11.1,11.1,,,73.0,220.0,28.203,7.0,Arkansas,2008.0,2008.0,OAK,4,,0.071428575
2015,15,00-0026144,D.McFadden,RB,DAL,NYJ,0,0,0.0,0,0.0,0.0,0.0,16,100.0,0,3,2,13.0,0,11.3,13.3,,,73.0,220.0,28.203,7.0,Arkansas,2008.0,2008.0,OAK,4,-3.0,0.09677419
2015,16,00-0026144,D.McFadden,RB,DAL,BUF,0,0,0.0,0,0.0,0.0,0.0,19,99.0,0,1,1,-1.0,0,9.8,10.8,,,73.0,220.0,28.203,7.0,Arkansas,2008.0,2008.0,OAK,4,,0.033333335
2015,17,00-0026144,D.McFadden,RB,DAL,WAS,0,0,0.0,0,0.0,0.0,0.0,12,92.0,0,8,5,53.0,0,14.5,19.5,,,73.0,220.0,28.203,7.0,Arkansas,2008.0,2008.0,OAK,4,-11.0,0.16666667
2015,1,00-0026153,J.Stewart,RB,CAR,JAX,0,0,0.0,0,0.0,0.0,0.0,18,56.0,0,4,4,25.0,0,8.1,12.1,,,70.0,235.0,28.673210526315792,7.0,Oregon,2008.0,2008.0,CAR,13,,0.12903225
2015,2,00-0026153,J.Stewart,RB,CAR,HOU,0,0,0.0,0,0.0,0.0,0.0,17,62.0,0,1,1,-3.0,0,5.9,6.9,,,70.0,235.0,28.673210526315792,7.0,Oregon,2008.0,2008.0,CAR,13,7.0,0.027027028
2015,3,00-0026153,J.Stewart,RB,CAR,NO,0,0,0.0,0,0.0,0.0,0.0,14,52.0,0,1,0,0.0,0,5.2,5.2,,,70.0,235.0,28.673210526315792,7.0,Oregon,2008.0,2008.0,CAR,13,5.0,0.032258064
2015,4,00-0026153,J.Stewart,RB,CAR,TB,0,0,0.0,0,0.0,0.0,0.0,10,50.0,0,0,0,0.0,0,5.0,5.0,,,70.0,235.0,28.673210526315792,7.0,Oregon,2008.0,2008.0,CAR,13,,
2015,6,00-0026153,J.Stewart,RB,CAR,SEA,0,0,0.0,0,0.0,0.0,0.0,20,78.0,2,1,1,8.0,0,20.6,21.6,,,70.0,235.0,28.673210526315792,7.0,Oregon,2008.0,2008.0,CAR,13,,0.028571429
2015,7,00-0026153,J.Stewart,RB,CAR,PHI,0,0,0.0,0,0.0,0.0,0.0,24,125.0,0,1,0,0.0,0,12.5,12.5,,,70.0,235.0,28.673210526315792,7.0,Oregon,2008.0,2008.0,CAR,13,11.0,0.041666668
2015,8,00-0026153,J.Stewart,RB,CAR,IND,0,0,0.0,0,0.0,0.0,0.0,24,82.0,1,2,1,1.0,0,12.3,13.3,,,70.0,235.0,28.673210526315792,7.0,Oregon,2008.0,2008.0,CAR,13,3.0,0.057142857
2015,9,00-0026153,J.Stewart,RB,CAR,GB,0,0,0.0,0,0.0,0.0,0.0,20,66.0,0,2,1,2.0,0,6.8,7.8,,,70.0,235.0,28.673210526315792,7.0,Oregon,2008.0,2008.0,CAR,13,8.0,0.06896552
2015,10,00-0026153,J.Stewart,RB,CAR,TEN,0,0,0.0,0,0.0,0.0,0.0,22,91.0,1,0,0,0.0,0,15.1,15.1,,,70.0,235.0,28.673210526315792,7.0,Oregon,2008.0,2008.0,CAR,13,,
2015,11,00-0026153,J.Stewart,RB,CAR,WAS,0,0,0.0,0,0.0,0.0,0.0,21,102.0,0,1,1,12.0,1,17.4,18.4,,,70.0,235.0,28.673210526315792,7.0,Oregon,2008.0,2008.0,CAR,13,28.0,0.029411765
2015,12,00-0026153,J.Stewart,RB,CAR,DAL,0,0,0.0,0,0.0,0.0,0.0,21,68.0,0,4,3,9.0,0,7.7,10.7,,,70.0,235.0,28.673210526315792,7.0,Oregon,2008.0,2008.0,CAR,13,,0.14814815
2015,13,00-0026153,J.Stewart,RB,CAR,NO,0,0,0.0,0,0.0,0.0,0.0,21,82.0,1,3,3,31.0,0,15.3,18.3,,,70.0,235.0,28.673210526315792,7.0,Oregon,2008.0,2008.0,CAR,13,,0.07317073
2015,14,00-0026153,J.Stewart,RB,CAR,ATL,0,0,0.0,0,0.0,0.0,0.0,10,75.0,1,1,1,14.0,0,14.9,15.9,,,70.0,235.0,28.673210526315792,7.0,Oregon,2008.0,2008.0,CAR,13,38.0,0.03846154
2015,19,00-0026153,J.Stewart,RB,CAR,SEA,0,0,0.0,0,0.0,0.0,0.0,19,106.0,2,1,1,5.0,0,23.1,24.1,,,70.0,235.0,28.673210526315792,7.0,Oregon,2008.0,2008.0,CAR,13,7.0,0.045454547
2015,20,00-0026153,J.Stewart,RB,CAR,ARI,0,0,0.0,0,0.0,0.0,0.0,19,83.0,0,2,2,5.0,0,8.8,10.8,,,70.0,235.0,28.673210526315792,7.0,Oregon,2008.0,2008.0,CAR,13,34.0,0.071428575
2015,21,00-0026153,J.Stewart,RB,CAR,DEN,0,0,0.0,0,0.0,0.0,0.0,12,29.0,1,2,1,-1.0,0,8.8,9.8,,,70.0,235.0,28.673210526315792,7.0,Oregon,2008.0,2008.0,CAR,13,,0.05
2015,1,00-0026158,J.Flacco,QB,BAL,DEN,18,32,117.0,0,2.0,2.0,17.0,0,0.0,0,0,0,0.0,0,0.68,0.68,,,78.0,245.0,,7.0,Delaware,2008.0,2008.0,BLT,18,,
2015,2,00-0026158,J.Flacco,QB,BAL,LV,32,45,384.0,2,1.0,0.0,-0.0,2,2.0,0,0,0,0.0,0,21.56,21.56,,,78.0,245.0,,7.0,Delaware,2008.0,2008.0,BLT,18,,
2015,3,00-0026158,J.Flacco,QB,BAL,CIN,32,49,362.0,2,1.0,0.0,-0.0,0,0.0,0,0,0,0.0,0,20.48,20.48,,,78.0,245.0,,7.0,Delaware,2008.0,2008.0,BLT,18,-4.0,
2015,4,00-0026158,J.Flacco,QB,BAL,PIT,20,33,189.0,1,1.0,5.0,21.0,3,0.0,0,0,0,0.0,0,7.56,7.56,,,78.0,245.0,,7.0,Delaware,2008.0,2008.0,BLT,18,,
2015,5,00-0026158,J.Flacco,QB,BAL,CLE,19,35,210.0,1,0.0,1.0,14.0,2,2.0,2,0,0,0.0,0,24.6,24.6,,,78.0,245.0,,7.0,Delaware,2008.0,2008.0,BLT,18,-3.0,
2015,6,00-0026158,J.Flacco,QB,BAL,SF,33,53,343.0,2,2.0,0.0,-0.0,0,0.0,0,0,0,0.0,0,17.72,17.72,,,78.0,245.0,,7.0,Delaware,2008.0,2008.0,BLT,18,,
2015,7,00-0026158,J.Flacco,QB,BAL,ARI,26,40,252.0,1,1.0,3.0,31.0,0,0.0,0,0,0,0.0,0,14.08,14.08,,,78.0,245.0,,7.0,Delaware,2008.0,2008.0,BLT,18,,
2015,8,00-0026158,J.Flacco,QB,BAL,LAC,25,37,319.0,1,0.0,3.0,26.0,4,2.0,1,0,0,0.0,0,22.96,22.96,,,78.0,245.0,,7.0,Delaware,2008.0,2008.0,BLT,18,3.0,
2015,10,00-0026158,J.Flacco,QB,BAL,JAX,34,45,316.0,3,2.0,1.0,8.0,2,17.0,0,0,0,0.0,0,20.34,20.34,,,78.0,245.0,,7.0,Delaware,2008.0,2008.0,BLT,18,-2.0,
2015,11,00-0026158,J.Flacco,QB,BAL,LA,27,44,299.0,1,2.0,1.0,7.0,0,0.0,0,0,0,0.0,0,11.96,11.96,,,78.0,245.0,,7.0,Delaware,2008.0,2008.0,BLT,18,3.0,
2015,1,00-0026164,C.Johnson,RB,ARI,NO,0,0,0.0,0,0.0,0.0,0.0,10,37.0,0,1,0,0.0,0,3.7,3.7,,,71.0,203.0,,7.0,East Carolina,2008.0,2008.0,TEN,24,12.0,0.03125
2015,2,00-0026164,C.Johnson,RB,ARI,CHI,0,0,0.0,0,0.0,0.0,0.0,20,72.0,0,1,0,0.0,0,7.2,7.2,,,71.0,203.0,,7.0,East Carolina,2008.0,2008.0,TEN,24,,0.04347826
2015,3,00-0026164,C.Johnson,RB,ARI,SF,0,0,0.0,0,0.0,0.0,0.0,22,110.0,2,2,1,40.0,0,27.0,28.0,,,71.0,203.0,,7.0,East Carolina,2008.0,2008.0,TEN,24,40.0,0.06451613
2015,4,00-0026164,C.Johnson,RB,ARI,LA,0,0,0.0,0,0.0,0.0,0.0,16,83.0,0,3,3,11.0,0,9.4,12.4,,,71.0,203.0,,7.0,East Carolina,2008.0,2008.0,TEN,24,-2.0,0.06666667
2015,5,00-0026164,C.Johnson,RB,ARI,DET,0,0,0.0,0,0.0,0.0,0.0,11,103.0,0,0,0,0.0,0,10.3,10.3,,,71.0,203.0,,7.0,East Carolina,2008.0,2008.0,TEN,24,,
2015,6,00-0026164,C.Johnson,RB,ARI,PIT,0,0,0.0,0,0.0,0.0,0.0,14,40.0,0,1,1,5.0,0,4.5,5.5,,,71.0,203.0,,7.0,East Carolina,2008.0,2008.0,TEN,24,,0.022727273
2015,7,00-0026164,C.Johnson,RB,ARI,BAL,0,0,0.0,0,0.0,0.0,0.0,18,122.0,1,0,0,0.0,0,18.2,18.2,,,71.0,203.0,,7.0,East Carolina,2008.0,2008.0,TEN,24,8.0,
2015,8,00-0026164,C.Johnson,RB,ARI,CLE,0,0,0.0,0,0.0,0.0,0.0,30,109.0,0,1,0,0.0,0,6.9,6.9,,,71.0,203.0,,7.0,East Carolina,2008.0,2008.0,TEN,24,,0.027027028
2015,10,00-0026164,C.Johnson,RB,ARI,SEA,0,0,0.0,0,0.0,0.0,0.0,25,58.0,0,2,0,0.0,0,5.8,5.8,,,71.0,203.0,,7.0,East Carolina,2008.0,2008.0,TEN,24,,0.044444446
2015,11,00-0026164,C.Johnson,RB,ARI,CIN,0,0,0.0,0,0.0,0.0,0.0,18,63.0,0,2,1,2.0,0,6.5,7.5,,,71.0,203.0,,7.0,East Carolina,2008.0,2008.0,TEN,24,3.0,0.06666667
2015,12,00-0026164,C.Johnson,RB,ARI,SF,0,0,0.0,0,0.0,0.0,0.0,12,17.0,0,0,0,0.0,0,1.7,1.7,,,71.0,203.0,,7.0,East Carolina,2008.0,2008.0,TEN,24,,
2015,1,00-0026182,,WR,CHI,GB,0,0,0.0,0,0.0,0.0,0.0,0,0.0,0,5,1,8.0,0,0.8,1.8,,,70.0,185.0,29.4695,7.0,Virginia Tech,2008.0,2008.0,DEN,42,-8.0,0.14285715
2015,2,00-0026182,,WR,CHI,ARI,0,0,0.0,0,0.0,0.0,0.0,0,0.0,0,8,7,41.0,0,4.1,11.1,,,70.0,185.0,29.4695,7.0,Virginia Tech,2008.0,2008.0,DEN,42,-25.0,0.25
2015,3,00-0026182,,WR,CHI,SEA,0,0,0.0,0,0.0,0.0,0.0,0,0.0,0,3,3,17.0,0,1.7,4.7,,,70.0,185.0,29.4695,7.0,Virginia Tech,2008.0,2008.0,DEN,42,,0.1764706
2015,4,00-0026182,,WR,CHI,LV,0,0,0.0,0,0.0,0.0,0.0,0,0.0,0,10,7,54.0,1,11.4,18.4,,,70.0,185.0,29.4695,7.0,Virginia Tech,2008.0,2008.0,DEN,42,2.0,0.23255815
2015,6,00-0026182,,WR,CHI,DET,0,0,0.0,0,0.0,0.0,0.0,0,0.0,0,7,5,49.0,0,4.9,9.9,,,70.0,185.0,29.4695,7.0,Virginia Tech,2008.0,2008.0,DEN,42,,0.17073171
2015,8,00-0026182,,WR,CHI,MIN,0,0,0.0,0,0.0,0.0,0.0,1,-1.0,0,3,3,2.0,0,0.1,3.1,,,70.0,185.0,29.4695,7.0,Virginia Tech,2008.0,2008.0,DEN,42,-3.0,0.09090909
2015,14,00-0026182,,WR,CHI,WAS,0,0,0.0,0,0.0,0.0,0.0,0,0.0,0,2,1,15.0,0,1.5,2.5,,,70.0,185.0,29.4695,7.0,Virginia Tech,2008.0,2008.0,DEN,42,-3.0,0.06451613
2015,15,00-0026182,,WR,CHI,MIN,0,0,0.0,0,0.0,0.0,0.0,0,0.0,0,6,5,31.0,0,3.1,8.1,,,70.0,185.0,29.4695,7.0,Virginia Tech,2008.0,2008.0,DEN,42,,0.16666667
2015,16,00-0026182,,WR,CHI,TB,0,0,0.0,0,0.0,0.0,0.0,0,0.0,0,6,5,21.0,0,2.1,7.1,,,70.0,185.0,29.4695,7.0,Virginia Tech,2008.0,2008.0,DEN,42,,0.22222222
2015,1,00-0026184,M.Forte,RB,CHI,GB,0,0,0.0,0,0.0,0.0,0.0,24,141.0,1,8,5,25.0,0,22.6,27.6,,,74.0,218.0,29.9130625,7.0,Tulane,2008.0,2008.0,CHI,44,-8.0,0.22857143
2015,2,00-0026184,M.Forte,RB,CHI,ARI,0,0,0.0,0,0.0,0.0,0.0,15,61.0,0,5,4,44.0,0,10.5,14.5,,,74.0,218.0,29.9130625,7.0,Tulane,2008.0,2008.0,CHI,44,-25.0,0.15625
2015,3,00-0026184,M.Forte,RB,CHI,SEA,0,0,0.0,0,0.0,0.0,0.0,20,74.0,0,3,0,0.0,0,7.4,7.4,,,74.0,218.0,29.9130625,7.0,Tulane,2008.0,2008.0,CHI,44,,0.1764706
2015,4,00-0026184,M.Forte,RB,CHI,LV,0,0,0.0,0,0.0,0.0,0.0,25,91.0,0,4,4,64.0,0,13.5,17.5,,,74.0,218.0,29.9130625,7.0,Tulane,2008.0,2008.0,CHI,44,2.0,0.093023255
2015,5,00-0026184,M.Forte,RB,CHI,KC,0,0,0.0,0,0.0,0.0,0.0,18,71.0,0,7,5,38.0,1,16.9,21.9,,,74.0,218.0,29.9130625,7.0,Tulane,2008.0,2008.0,CHI,44,,0.15555556
2015,6,00-0026184,M.Forte,RB,CHI,DET,0,0,0.0,0,0.0,0.0,0.0,24,69.0,1,5,3,20.0,0,16.9,19.9,,,74.0,218.0,29.9130625,7.0,Tulane,2008.0,2008.0,CHI,44,,0.12195122
2015,8,00-0026184,M.Forte,RB,CHI,MIN,0,0,0.0,0,0.0,0.0,0.0,10,41.0,0,4,4,28.0,0,6.9,10.9,,,74.0,218.0,29.9130625,7.0,Tulane,2008.0,2008.0,CHI,44,-3.0,0.121212125
2015,12,00-0026184,M.Forte,RB,CHI,GB,0,0,0.0,0,0.0,0.0,0.0,15,44.0,0,1,1,9.0,0,5.3,6.3,,,74.0,218.0,29.9130625,7.0,Tulane,2008.0,2008.0,CHI,44,,0.032258064
2015,13,00-0026184,M.Forte,RB,CHI,SF,0,0,0.0,0,0.0,0.0,0.0,21,84.0,1,5,5,39.0,0,18.3,23.3,,,74.0,218.0,29.9130625,7.0,Tulane,2008.0,2008.0,CHI,44,-6.0,0.16129032
2015,14,00-0026184,M.Forte,RB,CHI,WAS,0,0,0.0,0,0.0,0.0,0.0,10,45.0,1,2,1,8.0,0,11.3,12.3,,,74.0,218.0,29.9130625,7.0,Tulane,2008.0,2008.0,CHI,44,-3.0,0.06451613
2015,15,00-0026184,M.Forte,RB,CHI,MIN,0,0,0.0,0,0.0,0.0,0.0,8,47.0,0,7,6,57.0,1,16.4,22.4,,,74.0,218.0,29.9130625,7.0,Tulane,2008.0,2008.0,CHI,44,,0.19444445
2015,16,00-0026184,M.Forte,RB,CHI,TB,0,0,0.0,0,0.0,0.0,0.0,11,54.0,0,4,3,23.0,0,7.7,10.7,,,74.0,218.0,29.9130625,7.0,Tulane,2008.0,2008.0,CHI,44,,0.14814815
2015,17,00-0026184,M.Forte,RB,CHI,DET,0,0,0.0,0,0.0,0.0,0.0,17,76.0,0,3,3,34.0,1,17.0,20.0,,,74.0,218.0,29.9130625,7.0,Tulane,2008.0,2008.0,CHI,44,-4.0,0.13043478
2015,8,00-0026186,,WR,SF,LA,0,0,0.0,0,0.0,0.0,0.0,0,0.0,0,10,3,34.0,0,3.4,6.4,,,74.0,190.0,29.83022222222222,7.0,,2008.0,2008.0,CIN,46,,0.24390244
2015,9,00-0026186,,WR,SF,ATL,0,0,0.0,0,0.0,0.0,0.0,0,0.0,0,3,0,0.0,0,0.0,0.0,,,74.0,190.0,29.83022222222222,7.0,,2008.0,2008.0,CIN,46,1.0,0.115384616
2015,12,00-0026186,,WR,SF,ARI,0,0,0.0,0,0.0,0.0,0.0,0,0.0,0,1,0,0.0,0,0.0,0.0,,,74.0,190.0,29.83022222222222,7.0,,2008.0,2008.0,CIN,46,-6.0,0.027777778
2015,14,00-0026186,,WR,SF,CLE,0,0,0.0,0,0.0,0.0,0.0,0,0.0,0,4,2,20.0,1,8.0,10.0,,,74.0,190.0,29.83022222222222,7.0,,2008.0,2008.0,CIN,46,,0.14285715
2015,15,00-0026186,,WR,SF,CIN,0,0,0.0,0,0.0,0.0,0.0,0,0.0,0,1,0,0.0,0,0.0,0.0,,,74.0,190.0,29.83022222222222,7.0,,2008.0,2008.0,CIN,46,-10.0,0.02
2015,1,00-0026189,D.Jackson,WR,WAS,MIA,0,0,0.0,0,0.0,0.0,0.0,0,0.0,0,1,0,0.0,0,0.0,0.0,,,70.0,178.0,28.947235294117647,7.0,California,2008.0,2008.0,PHI,49,-7.0,0.032258064
2015,9,00-0026189,D.Jackson,WR,WAS,NE,0,0,0.0,0,0.0,0.0,0.0,0,0.0,0,6,3,15.0,0,1.5,4.5,,,70.0,178.0,28.947235294117647,7.0,California,2008.0,2008.0,PHI,49,,0.15
2015,10,00-0026189,D.Jackson,WR,WAS,NO,0,0,0.0,0,0.0,0.0,0.0,0,0.0,0,5,2,44.0,0,4.4,6.4,,,70.0,178.0,28.947235294117647,7.0,California,2008.0,2008.0,PHI,49,33.0,0.2
2015,11,00-0026189,D.Jackson,WR,WAS,CAR,0,0,0.0,0,0.0,0.0,0.0,0,0.0,0,8,5,87.0,1,14.7,19.7,,,70.0,178.0,28.947235294117647,7.0,California,2008.0,2008.0,PHI,49,,0.26666668
2015,12,00-0026189,D.Jackson,WR,WAS,NYG,0,0,0.0,0,0.0,0.0,0.0,0,0.0,0,4,2,66.0,1,12.6,14.6,,,70.0,178.0,28.947235294117647,7.0,California,2008.0,2008.0,PHI,49,6.0,0.13793103
2015,13,00-0026189,D.Jackson,WR,WAS,DAL,0,0,0.0,0,0.0,0.0,0.0,0,0.0,0,7,6,80.0,1,14.0,20.0,,,70.0,178.0,28.947235294117647,7.0,California,2008.0,2008.0,PHI,49,-3.0,0.22580644
2015,14,00-0026189,D.Jackson,WR,WAS,CHI,0,0,0.0,0,0.0,0.0,0.0,0,0.0,0,4,2,43.0,0,4.3,6.3,,,70.0,178.0,28.947235294117647,7.0,California,2008.0,2008.0,PHI,49,,0.12903225
2015,15,00-0026189,D.Jackson,WR,WAS,BUF,0,0,0.0,0,0.0,0.0,0.0,0,0.0,0,8,6,153.0,1,21.3,27.3,,,70.0,178.0,28.947235294117647,7.0,California,2008.0,2008.0,PHI,49,10.0,0.2857143
2015,16,00-0026189,D.Jackson,WR,WAS,PHI,0,0,0.0,0,0.0,0.0,0.0,0,0.0,0,6,4,40.0,0,4.0,8.0,,,70.0,178.0,28.947235294117647,7.0,California,2008.0,2008.0,PHI,49,,0.13043478
2015,18,00-0026189,D.Jackson,WR,WAS,GB,0,0,0.0,0,0.0,0.0,0.0,0,0.0,0,5,2,17.0,0,1.7,3.7,,,70.0,178.0,28.947235294117647,7.0,California,2008.0,2008.0,PHI,49,-17.0,0.10869565
2015,1,00-0026201,M.Bennett,TE,CHI,GB,0,0,0.0,0,0.0,0.0,0.0,0,0.0,0,7,5,55.0,1,11.5,16.5,,,78.0,273.0,28.626500000000004,7.0,Texas A&M,2008.0,2008.0,DAL,61,-8.0,0.2
2015,2,00-0026201,M.Bennett,TE,CHI,ARI,0,0,0.0,0,0.0,0.0,0.0,0,0.0,0,6,4,48.0,0,4.8,8.8,,,78.0,273.0,28.626500000000004,7.0,Texas A&M,2008.0,2008.0,DAL,61,-25.0,0.1875
2015,3,00-0026201,M.Bennett,TE,CHI,SEA,0,0,0.0,0,0.0,0.0,0.0,0,0.0,0,5,4,15.0,0,1.5,5.5,,,78.0,273.0,28.626500000000004,7.0,Texas A&M,2008.0,2008.0,DAL,61,,0.29411766
2015,4,00-0026201,M.Bennett,TE,CHI,LV,0,0,0.0,0,0.0,0.0,0.0,0,0.0,0,13,11,83.0,1,14.3,25.3,,,78.0,273.0,28.626500000000004,7.0,Texas A&M,2008.0,2008.0,DAL,61,2.0,0.30232558
2015,5,00-0026201,M.Bennett,TE,CHI,KC,0,0,0.0,0,0.0,0.0,0.0,0,0.0,0,11,4,32.0,0,3.2,7.2,,,78.0,273.0,28.626500000000004,7.0,Texas A&M,2008.0,2008.0,DAL,61,,0.24444444
2015,6,00-0026201,M.Bennett,TE,CHI,DET,0,0,0.0,0,0.0,0.0,0.0,0,0.0,0,11,6,59.0,0,5.9,11.9,,,78.0,273.0,28.626500000000004,7.0,Texas A&M,2008.0,2008.0,DAL,61,,0.2682927
2015,8,00-0026201,M.Bennett,TE,CHI,MIN,0,0,0.0,0,0.0,0.0,0.0,0,0.0,0,5,3,32.0,0,3.2,6.2,,,78.0,273.0,28.626500000000004,7.0,Texas A&M,2008.0,2008.0,DAL,61,-3.0,0.15151516
2015,9,00-0026201,M.Bennett,TE,CHI,LAC,0,0,0.0,0,0.0,0.0,0.0,0,0.0,0,9,8,57.0,1,11.7,19.7,,,78.0,273.0,28.626500000000004,7.0,Texas A&M,2008.0,2008.0,DAL,61,,0.23684211
2015,10,00-0026201,M.Bennett,TE,CHI,LA,0,0,0.0,0,0.0,0.0,0.0,0,0.0,0,3,3,18.0,0,1.8,4.8,,,78.0,273.0,28.626500000000004,7.0,Texas A&M,2008.0,2008.0,DAL,61,,0.125
2015,11,00-0026201,M.Bennett,TE,CHI,DEN,0,0,0.0,0,0.0,0.0,0.0,0,0.0,0,6,2,26.0,0,2.6,4.6,,,78.0,273.0,28.626500000000004,7.0,Texas A&M,2008.0,2008.0,DAL,61,-2.0,0.1875
2015,13,00-0026201,M.Bennett,TE,CHI,SF,0,0,0.0,0,0.0,0.0,0.0,0,0.0,0,4,3,14.0,0,1.4,4.4,,,78.0,273.0,28.626500000000004,7.0,Texas A&M,2008.0,2008.0,DAL,61,-6.0,0.12903225
2015,1,00-0026213,J.Charles,RB,KC,HOU,0,0,0.0,0,0.0,0.0,0.0,16,57.0,0,8,5,46.0,1,16.3,21.3,,,71.0,199.0,28.749200000000002,7.0,Texas,2008.0,2008.0,KC,73,,0.2580645
2015,2,00-0026213,J.Charles,RB,KC,DEN,0,0,0.0,0,0.0,0.0,0.0,21,125.0,1,5,4,2.0,0,14.7,18.7,,,71.0,199.0,28.749200000000002,7.0,Texas,2008.0,2008.0,KC,73,-7.0,0.2
2015,3,00-0026213,J.Charles,RB,KC,GB,0,0,0.0,0,0.0,0.0,0.0,11,49.0,3,7,5,33.0,0,26.2,31.2,,,71.0,199.0,28.749200000000002,7.0,Texas,2008.0,2008.0,KC,73,,0.175
2015,4,00-0026213,J.Charles,RB,KC,CIN,0,0,0.0,0,0.0,0.0,0.0,11,75.0,0,6,6,70.0,0,14.5,20.5,,,71.0,199.0,28.749200000000002,7.0,Texas,2008.0,2008.0,KC,73,,0.13953489
2015,5,00-0026213,J.Charles,RB,KC,CHI,0,0,0.0,0,0.0,0.0,0.0,12,58.0,0,4,1,26.0,0,8.4,9.4,,,71.0,199.0,28.749200000000002,7.0,Texas,2008.0,2008.0,KC,73,-1.0,0.13333334
2015,1,00-0026224,H.Douglas,WR,TEN,TB,0,0,0.0,0,0.0,0.0,0.0,0,0.0,0,2,2,24.0,1,8.4,10.4,,,72.0,183.0,31.1485625,7.0,Louisville,2008.0,2008.0,ATL,84,,0.13333334
2015,2,00-0026224,H.Douglas,WR,TEN,CLE,0,0,0.0,0,0.0,0.0,0.0,1,-6.0,0,8,1,9.0,0,0.3,1.3,,,72.0,183.0,31.1485625,7.0,Louisville,2008.0,2008.0,ATL,84,,0.21621622
2015,3,00-0026224,H.Douglas,WR,TEN,IND,0,0,0.0,0,0.0,0.0,0.0,0,0.0,0,6,3,20.0,0,2.0,5.0,,,72.0,183.0,31.1485625,7.0,Louisville,2008.0,2008.0,ATL,84,-2.0,0.13953489
2015,5,00-0026224,H.Douglas,WR,TEN,BUF,0,0,0.0,0,0.0,0.0,0.0,0,0.0,0,3,2,17.0,0,1.7,3.7,,,72.0,183.0,31.1485625,7.0,Louisville,2008.0,2008.0,ATL,84,-1.0,0.09375
2015,6,00-0026224,H.Douglas,WR,TEN,MIA,0,0,0.0,0,0.0,0.0,0.0,0,0.0,0,4,1,11.0,0,1.1,2.1,,,72.0,183.0,31.1485625,7.0,Louisville,2008.0,2008.0,ATL,84,-28.0,0.1
2015,9,00-0026224,H.Douglas,WR,TEN,NO,0,0,0.0,0,0.0,0.0,0.0,0,0.0,0,5,5,73.0,0,7.3,12.3,,,72.0,183.0,31.1485625,7.0,Louisville,2008.0,2008.0,ATL,84,,0.12820514
2015,10,00-0026224,H.Douglas,WR,TEN,CAR,0,0,0.0,0,0.0,0.0,0.0,0,0.0,0,3,3,26.0,0,2.6,5.6,,,72.0,183.0,31.1485625,7.0,Louisville,2008.0,2008.0,ATL,84,-17.0,0.125
2015,11,00-0026224,H.Douglas,WR,TEN,JAX,0,0,0.0,0,0.0,0.0,0.0,0,0.0,0,5,2,16.0,0,1.6,3.6,,,72.0,183.0,31.1485625,7.0,Louisville,2008.0,2008.0,ATL,84,,0.15151516
2015,12,00-0026224,H.Douglas,WR,TEN,LV,0,0,0.0,0,0.0,0.0,0.0,0,0.0,0,8,3,29.0,1,8.9,11.9,,,72.0,183.0,31.1485625,7.0,Louisville,2008.0,2008.0,ATL,84,-3.0,0.22222222
2015,13,00-0026224,H.Douglas,WR,TEN,JAX,0,0,0.0,0,0.0,0.0,0.0,0,0.0,0,3,1,8.0,0,0.8,1.8,,,72.0,183.0,31.1485625,7.0,Louisville,2008.0,2008.0,ATL,84,3.0,0.10344828
2015,14,00-0026224,H.Douglas,WR,TEN,NYJ,0,0,0.0,0,0.0,0.0,0.0,0,0.0,0,7,3,65.0,0,6.5,9.5,,,72.0,183.0,31.1485625,7.0,Louisville,2008.0,2008.0,ATL,84,,0.175
2015,15,00-0026224,H.Douglas,WR,TEN,NE,0,0,0.0,0,0.0,0.0,0.0,0,0.0,0,4,2,15.0,0,1.5,3.5,,,72.0,183.0,31.1485625,7.0,Louisville,2008.0,2008.0,ATL,84,,0.121212125
2015,16,00-0026224,H.Douglas,WR,TEN,HOU,0,0,0.0,0,0.0,0.0,0.0,0,0.0,0,12,6,79.0,0,7.9,13.9,,,72.0,183.0,31.1485625,7.0,Louisville,2008.0,2008.0,ATL,84,-28.0,0.23529412
2015,17,00-0026224,H.Douglas,WR,TEN,IND,0,0,0.0,0,0.0,0.0,0.0,0,0.0,0,2,2,19.0,0,1.9,3.9,,,72.0,183.0,31.1485625,7.0,Louisville,2008.0,2008.0,ATL,84,,0.08
2015,2,00-0026225,,TE,TEN,CLE,0,0,0.0,0,0.0,0.0,0.0,0,0.0,0,1,1,13.0,0,1.3,2.3,,,75.0,263.0,31.1895625,7.0,,2008.0,2008.0,TEN,85,,0.027027028
2015,3,00-0026225,,TE,TEN,IND,0,0,0.0,0,0.0,0.0,0.0,0,0.0,0,2,2,29.0,0,2.9,4.9,,,75.0,263.0,31.1895625,7.0,,2008.0,2008.0,TEN,85,-2.0,0.046511628
2015,5,00-0026225,,TE,TEN,BUF,0,0,0.0,0,0.0,0.0,0.0,0,0.0,0,2,1,1.0,0,0.1,1.1,,,75.0,263.0,31.1895625,7.0,,2008.0,2008.0,TEN,85,-1.0,0.0625
2015,8,00-0026225,,TE,TEN,HOU,0,0,0.0,0,0.0,0.0,0.0,0,0.0,0,1,1,9.0,0,0.9,1.9,,,75.0,263.0,31.1895625,7.0,,2008.0,2008.0,TEN,85,,0.032258064
2015,9,00-0026225,,TE,TEN,NO,0,0,0.0,0,0.0,0.0,0.0,0,0.0,0,3,2,25.0,0,2.5,4.5,,,75.0,263.0,31.1895625,7.0,,2008.0,2008.0,TEN,85,,0.07692308
2015,11,00-0026225,,TE,TEN,JAX,0,0,0.0,0,0.0,0.0,0.0,0,0.0,0,1,0,0.0,0,0.0,0.0,,,75.0,263.0,31.1895625,7.0,,2008.0,2008.0,TEN,85,,0.030303031
2015,12,00-0026225,,TE,TEN,LV,0,0,0.0,0,0.0,0.0,0.0,0,0.0,0,2,1,20.0,1,8.0,9.0,,,75.0,263.0,31.1895625,7.0,,2008.0,2008.0,TEN,85,-3.0,0.055555556
2015,13,00-0026225,,TE,TEN,JAX,0,0,0.0,0,0.0,0.0,0.0,0,0.0,0,2,2,11.0,1,7.1,9.1,,,75.0,263.0,31.1895625,7.0,,2008.0,2008.0,TEN,85,3.0,0.06896552
2015,15,00-0026225,,TE,TEN,NE,0,0,0.0,0,0.0,0.0,0.0,0,0.0,0,1,1,5.0,0,0.5,1.5,,,75.0,263.0,31.1895625,7.0,,2008.0,2008.0,TEN,85,,0.030303031
2015,16,00-0026225,,TE,TEN,HOU,0,0,0.0,0,0.0,0.0,0.0,0,0.0,0,1,1,8.0,0,0.8,1.8,,,75.0,263.0,31.1895625,7.0,,2008.0,2008.0,TEN,85,-28.0,0.019607844
2015,1,00-0026237,,WR,DEN,BAL,0,0,0.0,0,0.0,0.0,0.0,0,0.0,0,1,1,1.0,0,0.1,1.1,,,72.0,200.0,30.60142105263158,7.0,,2008.0,2008.0,CIN,97,6.0,0.025
2015,2,00-0026237,,WR,DEN,KC,0,0,0.0,0,0.0,0.0,0.0,0,0.0,0,2,1,6.0,0,0.6,1.6,,,72.0,200.0,30.60142105263158,7.0,,2008.0,2008.0,CIN,97,,0.044444446
2015,3,00-0026237,,WR,DEN,DET,0,0,0.0,0,0.0,0.0,0.0,0,0.0,0,1,1,2.0,0,0.2,1.2,,,72.0,200.0,30.60142105263158,7.0,,2008.0,2008.0,CIN,97,,0.023809524
2015,4,00-0026237,,WR,DEN,MIN,0,0,0.0,0,0.0,0.0,0.0,0,0.0,0,1,0,0.0,0,0.0,0.0,,,72.0,200.0,30.60142105263158,7.0,,2008.0,2008.0,CIN,97,3.0,0.037037037
2015,6,00-0026237,,WR,DEN,CLE,0,0,0.0,0,0.0,0.0,0.0,0,0.0,0,2,2,18.0,0,1.8,3.8,,,72.0,200.0,30.60142105263158,7.0,,2008.0,2008.0,CIN,97,,0.04255319
2015,8,00-0026237,,WR,DEN,GB,0,0,0.0,0,0.0,0.0,0.0,0,0.0,0,2,1,24.0,0,2.4,3.4,,,72.0,200.0,30.60142105263158,7.0,,2008.0,2008.0,CIN,97,19.0,0.06896552
2015,9,00-0026237,,WR,DEN,IND,0,0,0.0,0,0.0,0.0,0.0,0,0.0,0,1,0,0.0,0,0.0,0.0,,,72.0,200.0,30.60142105263158,7.0,,2008.0,2008.0,CIN,97,,0.027777778
2015,10,00-0026237,,WR,DEN,KC,0,0,0.0,0,0.0,0.0,0.0,0,0.0,0,5,2,13.0,1,7.3,9.3,,,72.0,200.0,30.60142105263158,7.0,,2008.0,2008.0,CIN,97,-16.0,0.11627907
2015,12,00-0026237,,WR,DEN,NE,0,0,0.0,0,0.0,0.0,0.0,0,0.0,0,4,2,8.0,1,6.8,8.8,,,72.0,200.0,30.60142105263158,7.0,,2008.0,2008.0,CIN,97,6.0,0.0952381
2015,13,00-0026237,,WR,DEN,LAC,0,0,0.0,0,0.0,0.0,0.0,1,3.0,0,0,0,0.0,0,0.3,0.3,,,72.0,200.0,30.60142105263158,7.0,,2008.0,2008.0,CIN,97,,
2015,15,00-0026237,,WR,DEN,PIT,0,0,0.0,0,0.0,0.0,0.0,0,0.0,0,2,0,0.0,0,0.0,0.0,,,72.0,200.0,30.60142105263158,7.0,,2008.0,2008.0,CIN,97,,0.045454547
2015,16,00-0026237,,WR,DEN,CIN,0,0,0.0,0,0.0,0.0,0.0,0,0.0,0,1,0,0.0,0,0.0,0.0,,,72.0,200.0,30.60142105263158,7.0,,2008.0,2008.0,CIN,97,3.0,0.025641026
2015,19,00-0026237,,WR,DEN,PIT,0,0,0.0,0,0.0,0.0,0.0,0,0.0,0,2,1,-1.0,0,-0.1,0.9,,,72.0,200.0,30.60142105263158,7.0,,2008.0,2008.0,CIN,97,7.0,0.054054055
2015,20,00-0026237,,WR,DEN,NE,0,0,0.0,0,0.0,0.0,0.0,0,0.0,0,1,1,15.0,0,1.5,2.5,,,72.0,200.0,30.60142105263158,7.0,,2008.0,2008.0,CIN,97,2.0,0.032258064
2015,21,00-0026237,,WR,DEN,CAR,0,0,0.0,0,0.0,0.0,0.0,0,0.0,0,1,1,22.0,0,2.2,3.2,,,72.0,200.0,30.60142105263158,7.0,,2008.0,2008.0,CIN,97,14.0,0.04347826
2015,1,00-0026267,,TE,ATL,PHI,0,0,0.0,0,0.0,0.0,0.0,0,0.0,0,3,3,19.0,0,1.9,4.9,,,75.0,230.0,30.64875,7.0,Kentucky,2008.0,2008.0,IND,127,2.0,0.0882353
2015,2,00-0026267,,TE,ATL,NYG,0,0,0.0,0,0.0,0.0,0.0,0,0.0,0,6,4,77.0,0,7.7,11.7,,,75.0,230.0,30.64875,7.0,Kentucky,2008.0,2008.0,IND,127,,0.13043478
2015,3,00-0026267,,TE,ATL,DAL,0,0,0.0,0,0.0,0.0,0.0,0,0.0,0,1,1,8.0,0,0.8,1.8,,,75.0,230.0,30.64875,7.0,Kentucky,2008.0,2008.0,IND,127,,0.028571429
2015,5,00-0026267,,TE,ATL,WAS,0,0,0.0,0,0.0,0.0,0.0,0,0.0,0,10,8,94.0,0,9.4,17.4,,,75.0,230.0,30.64875,7.0,Kentucky,2008.0,2008.0,IND,127,6.0,0.23809524
2015,6,00-0026267,,TE,ATL,NO,0,0,0.0,0,0.0,0.0,0.0,0,0.0,0,5,3,32.0,0,3.2,6.2,,,75.0,230.0,30.64875,7.0,Kentucky,2008.0,2008.0,IND,127,,0.11627907
2015,7,00-0026267,,TE,ATL,TEN,0,0,0.0,0,0.0,0.0,0.0,0,0.0,0,6,3,36.0,0,3.6,6.6,,,75.0,230.0,30.64875,7.0,Kentucky,2008.0,2008.0,IND,127,,0.15789473
2015,8,00-0026267,,TE,ATL,TB,0,0,0.0,0,0.0,0.0,0.0,0,0.0,0,12,10,103.0,1,16.3,26.3,,,75.0,230.0,30.64875,7.0,Kentucky,2008.0,2008.0,IND,127,-3.0,0.26666668
2015,9,00-0026267,,TE,ATL,SF,0,0,0.0,0,0.0,0.0,0.0,0,0.0,0,10,6,61.0,0,6.1,12.1,,,75.0,230.0,30.64875,7.0,Kentucky,2008.0,2008.0,IND,127,,0.22222222
2015,11,00-0026267,,TE,ATL,IND,0,0,0.0,0,0.0,0.0,0.0,0,0.0,0,3,1,16.0,0,1.6,2.6,,,75.0,230.0,30.64875,7.0,Kentucky,2008.0,2008.0,IND,127,-3.0,0.06521739
2015,12,00-0026267,,TE,ATL,MIN,0,0,0.0,0,0.0,0.0,0.0,0,0.0,0,6,5,69.0,0,6.9,11.9,,,75.0,230.0,30.64875,7.0,Kentucky,2008.0,2008.0,IND,127,-10.0,0.19354838
2015,13,00-0026267,,TE,ATL,TB,0,0,0.0,0,0.0,0.0,0.0,0,0.0,0,4,3,26.0,0,2.6,5.6,,,75.0,230.0,30.64875,7.0,Kentucky,2008.0,2008.0,IND,127,,0.09090909
2015,14,00-0026267,,TE,ATL,CAR,0,0,0.0,0,0.0,0.0,0.0,0,0.0,0,5,4,26.0,0,2.6,6.6,,,75.0,230.0,30.64875,7.0,Kentucky,2008.0,2008.0,IND,127,,0.12195122
2015,15,00-0026267,,TE,ATL,JAX,0,0,0.0,0,0.0,0.0,0.0,0,0.0,0,1,0,0.0,0,0.0,0.0,,,75.0,230.0,30.64875,7.0,Kentucky,2008.0,2008.0,IND,127,,0.028571429
2015,16,00-0026267,,TE,ATL,CAR,0,0,0.0,0,0.0,0.0,0.0,0,0.0,0,4,4,29.0,0,2.9,6.9,,,75.0,230.0,30.64875,7.0,Kentucky,2008.0,2008.0,IND,127,7.0,0.13793103
2015,17,00-0026267,,TE,ATL,NO,0,0,0.0,0,0.0,0.0,0.0,0,0.0,0,5,4,61.0,0,6.1,10.1,,,75.0,230.0,30.64875,7.0,Kentucky,2008.0,2008.0,IND,127,-3.0,0.1388889
2015,1,00-0026281,,TE,CLE,NYJ,0,0,0.0,0,0.0,0.0,0.0,0,0.0,0,5,3,38.0,0,3.8,6.8,,,78.0,250.0,,7.0,Louisville,2008.0,2008.0,CAR,141,,0.15625
2015,2,00-0026281,,TE,CLE,TEN,0,0,0.0,0,0.0,0.0,0.0,0,0.0,0,1,1,17.0,0,1.7,2.7,,,78.0,250.0,,7.0,Louisville,2008.0,2008.0,CAR,141,14.0,0.06666667
2015,3,00-0026281,,TE,CLE,LV,0,0,0.0,0,0.0,0.0,0.0,0,0.0,0,10,6,105.0,1,16.5,22.5,,,78.0,250.0,,7.0,Louisville,2008.0,2008.0,CAR,141,-7.0,0.20408164
2015,4,00-0026281,,TE,CLE,LAC,0,0,0.0,0,0.0,0.0,0.0,0,0.0,0,6,6,75.0,1,13.5,19.5,,,78.0,250.0,,7.0,Louisville,2008.0,2008.0,CAR,141,,0.15
2015,5,00-0026281,,TE,CLE,BAL,0,0,0.0,0,0.0,0.0,0.0,0,0.0,0,10,8,139.0,1,19.9,27.9,,,78.0,250.0,,7.0,Louisville,2008.0,2008.0,CAR,141,,0.19607843
2015,6,00-0026281,,TE,CLE,DEN,0,0,0.0,0,0.0,0.0,0.0,0,0.0,0,9,3,39.0,2,15.9,18.9,,,78.0,250.0,,7.0,Louisville,2008.0,2008.0,CAR,141,-3.0,0.23076923
2015,7,00-0026281,,TE,CLE,LA,0,0,0.0,0,0.0,0.0,0.0,0,0.0,0,7,6,101.0,0,10.1,16.1,,,78.0,250.0,,7.0,Louisville,2008.0,2008.0,CAR,141,,0.19444445
2015,8,00-0026281,,TE,CLE,ARI,0,0,0.0,0,0.0,0.0,0.0,0,0.0,0,11,7,53.0,1,11.3,18.3,,,78.0,250.0,,7.0,Louisville,2008.0,2008.0,CAR,141,-14.0,0.275
2015,9,00-0026281,,TE,CLE,CIN,0,0,0.0,0,0.0,0.0,0.0,0,0.0,0,7,2,35.0,0,3.5,5.5,,,78.0,250.0,,7.0,Louisville,2008.0,2008.0,CAR,141,,0.21212122
2015,10,00-0026281,,TE,CLE,PIT,0,0,0.0,0,0.0,0.0,0.0,0,0.0,0,8,6,65.0,1,12.5,18.5,,,78.0,250.0,,7.0,Louisville,2008.0,2008.0,CAR,141,,0.17777778
2015,12,00-0026281,,TE,CLE,BAL,0,0,0.0,0,0.0,0.0,0.0,0,0.0,0,11,7,91.0,0,9.1,16.1,,,78.0,250.0,,7.0,Louisville,2008.0,2008.0,CAR,141,-6.0,0.22916667
2015,13,00-0026281,,TE,CLE,CIN,0,0,0.0,0,0.0,0.0,0.0,0,0.0,0,8,5,59.0,0,5.9,10.9,,,78.0,250.0,,7.0,Louisville,2008.0,2008.0,CAR,141,-34.0,0.22222222
2015,14,00-0026281,,TE,CLE,SF,0,0,0.0,0,0.0,0.0,0.0,0,0.0,0,7,5,84.0,1,14.4,19.4,,,78.0,250.0,,7.0,Louisville,2008.0,2008.0,CAR,141,14.0,0.22580644
2015,15,00-0026281,,TE,CLE,SEA,0,0,0.0,0,0.0,0.0,0.0,0,0.0,0,4,3,29.0,1,8.9,11.9,,,78.0,250.0,,7.0,Louisville,2008.0,2008.0,CAR,141,,0.12903225
2015,16,00-0026281,,TE,CLE,KC,0,0,0.0,0,0.0,0.0,0.0,0,0.0,0,8,3,47.0,0,4.7,7.7,,,78.0,250.0,,7.0,Louisville,2008.0,2008.0,CAR,141,,0.27586207
2015,17,00-0026281,,TE,CLE,PIT,0,0,0.0,0,0.0,0.0,0.0,0,0.0,0,13,8,66.0,0,6.6,14.6,,,78.0,250.0,,7.0,Louisville,2008.0,2008.0,CAR,141,-16.0,0.2826087
2015,1,00-0026286,,FB,BUF,IND,0,0,0.0,0,0.0,0.0,0.0,0,0.0,0,1,0,0.0,0,0.0,0.0,,,72.0,248.0,29.350625,7.0,Furman,2008.0,2008.0,DET,146,13.0,0.05263158
2015,5,00-0026286,,FB,BUF,TEN,0,0,0.0,0,0.0,0.0,0.0,1,2.0,0,0,0,0.0,0,0.2,0.2,,,72.0,248.0,29.350625,7.0,Furman,2008.0,2008.0,DET,146,,
2015,12,00-0026286,,FB,BUF,KC,0,0,0.0,0,0.0,0.0,0.0,0,0.0,0,1,1,12.0,0,1.2,2.2,,,72.0,248.0,29.350625,7.0,Furman,2008.0,2008.0,DET,146,,0.02631579
2015,10,00-0026289,T.Hightower,RB,NO,WAS,0,0,0.0,0,0.0,0.0,0.0,11,46.0,0,0,0,0.0,0,4.6,4.6,,,72.0,220.0,29.543875,7.0,Richmond,2008.0,2008.0,ARZ,149,,
2015,13,00-0026289,T.Hightower,RB,NO,CAR,0,0,0.0,0,0.0,0.0,0.0,1,2.0,0,0,0,0.0,0,0.2,0.2,,,72.0,220.0,29.543875,7.0,Richmond,2008.0,2008.0,ARZ,149,-3.0,
2015,14,00-0026289,T.Hightower,RB,NO,TB,0,0,0.0,0,0.0,0.0,0.0,28,85.0,1,1,1,10.0,0,15.5,16.5,,,72.0,220.0,29.543875,7.0,Richmond,2008.0,2008.0,ARZ,149,,0.024390243
2015,15,00-0026289,T.Hightower,RB,NO,DET,0,0,0.0,0,0.0,0.0,0.0,13,54.0,0,4,3,31.0,0,8.5,11.5,,,72.0,220.0,29.543875,7.0,Richmond,2008.0,2008.0,ARZ,149,-8.0,0.07692308
2015,16,00-0026289,T.Hightower,RB,NO,JAX,0,0,0.0,0,0.0,0.0,0.0,27,122.0,2,3,3,47.0,0,28.9,31.9,,,72.0,220.0,29.543875,7.0,Richmond,2008.0,2008.0,ARZ,149,11.0,0.08571429
2015,17,00-0026289,T.Hightower,RB,NO,ATL,0,0,0.0,0,0.0,0.0,0.0,16,66.0,1,5,5,41.0,0,16.7,21.7,,,72.0,220.0,29.543875,7.0,Richmond,2008.0,2008.0,ARZ,149,,0.11627907
2015,5,00-0026293,M.Slater,WR,NE,DAL,0,0,0.0,0,0.0,0.0,0.0,0,0.0,0,1,0,0.0,0,0.0,0.0,,,72.0,205.0,30.18972222222222,7.0,UCLA,2008.0,2008.0,NE,153,,0.037037037
2015,1,00-0026298,,TE,NYJ,CLE,0,0,0.0,0,0.0,0.0,0.0,0,0.0,0,1,0,0.0,0,0.0,0.0,,,79.0,265.0,30.0795625,7.0,Michigan State,2008.0,2008.0,CHI,158,21.0,0.041666668
2015,6,00-0026298,,TE,NYJ,WAS,0,0,0.0,0,0.0,0.0,0.0,0,0.0,0,1,0,0.0,0,0.0,0.0,,,79.0,265.0,30.0795625,7.0,Michigan State,2008.0,2008.0,CHI,158,14.0,0.03846154
2015,8,00-0026298,,TE,NYJ,LV,0,0,0.0,0,0.0,0.0,0.0,0,0.0,0,1,1,1.0,1,6.1,7.1,,,79.0,265.0,30.0795625,7.0,Michigan State,2008.0,2008.0,CHI,158,,0.021276595
2015,9,00-0026298,,TE,NYJ,JAX,0,0,0.0,0,0.0,0.0,0.0,0,0.0,0,1,0,0.0,0,0.0,0.0,,,79.0,265.0,30.0795625,7.0,Michigan State,2008.0,2008.0,CHI,158,5.0,0.029411765
2015,10,00-0026298,,TE,NYJ,BUF,0,0,0.0,0,0.0,0.0,0.0,0,0.0,0,1,0,0.0,0,0.0,0.0,,,79.0,265.0,30.0795625,7.0,Michigan State,2008.0,2008.0,CHI,158,-5.0,0.029411765
2015,13,00-0026298,,TE,NYJ,NYG,0,0,0.0,0,0.0,0.0,0.0,0,0.0,0,3,1,8.0,0,0.8,1.8,,,79.0,265.0,30.0795625,7.0,Michigan State,2008.0,2008.0,CHI,158,,0.06
2015,15,00-0026298,,TE,NYJ,DAL,0,0,0.0,0,0.0,0.0,0.0,0,0.0,0,2,1,9.0,0,0.9,1.9,,,79.0,265.0,30.0795625,7.0,Michigan State,2008.0,2008.0,CHI,158,,0.051282052
2015,17,00-0026298,,TE,NYJ,BUF,0,0,0.0,0,0.0,0.0,0.0,0,0.0,0,1,0,0.0,0,0.0,0.0,,,79.0,265.0,30.0795625,7.0,Michigan State,2008.0,2008.0,CHI,158,,0.027777778
2015,1,00-0026345,P.Garcon,WR,WAS,MIA,0,0,0.0,0,0.0,0.0,0.0,0,0.0,0,8,6,74.0,0,7.4,13.4,,,72.0,216.0,29.262117647058826,7.0,Mount Union,2008.0,2008.0,IND,205,-7.0,0.2580645
2015,2,00-0026345,P.Garcon,WR,WAS,LA,0,0,0.0,0,0.0,0.0,0.0,0,0.0,0,7,6,23.0,1,8.3,14.3,,,72.0,216.0,29.262117647058826,7.0,Mount Union,2008.0,2008.0,IND,205,14.0,0.25925925
2015,3,00-0026345,P.Garcon,WR,WAS,NYG,0,0,0.0,0,0.0,0.0,0.0,0,0.0,0,12,5,64.0,0,6.4,11.4,,,72.0,216.0,29.262117647058826,7.0,Mount Union,2008.0,2008.0,IND,205,,0.24489796
2015,4,00-0026345,P.Garcon,WR,WAS,PHI,0,0,0.0,0,0.0,0.0,0.0,0,0.0,0,8,7,55.0,1,11.5,18.5,,,72.0,216.0,29.262117647058826,7.0,Mount Union,2008.0,2008.0,IND,205,3.0,0.17391305
2015,5,00-0026345,P.Garcon,WR,WAS,ATL,0,0,0.0,0,0.0,0.0,0.0,0,0.0,0,8,3,51.0,0,5.1,8.1,,,72.0,216.0,29.262117647058826,7.0,Mount Union,2008.0,2008.0,IND,205,,0.25
2015,6,00-0026345,P.Garcon,WR,WAS,NYJ,0,0,0.0,0,0.0,0.0,0.0,0,0.0,0,8,5,28.0,1,8.8,13.8,,,72.0,216.0,29.262117647058826,7.0,Mount Union,2008.0,2008.0,IND,205,,0.18181819
2015,7,00-0026345,P.Garcon,WR,WAS,TB,0,0,0.0,0,0.0,0.0,0.0,0,0.0,0,6,5,55.0,0,5.5,10.5,,,72.0,216.0,29.262117647058826,7.0,Mount Union,2008.0,2008.0,IND,205,1.0,0.15
2015,9,00-0026345,P.Garcon,WR,WAS,NE,0,0,0.0,0,0.0,0.0,0.0,0,0.0,0,8,4,70.0,0,7.0,11.0,,,72.0,216.0,29.262117647058826,7.0,Mount Union,2008.0,2008.0,IND,205,,0.2
2015,10,00-0026345,P.Garcon,WR,WAS,NO,0,0,0.0,0,0.0,0.0,0.0,0,0.0,0,2,2,10.0,0,1.0,3.0,,,72.0,216.0,29.262117647058826,7.0,Mount Union,2008.0,2008.0,IND,205,33.0,0.08
2015,11,00-0026345,P.Garcon,WR,WAS,CAR,0,0,0.0,0,0.0,0.0,0.0,0,0.0,0,4,3,43.0,0,4.3,7.3,,,72.0,216.0,29.262117647058826,7.0,Mount Union,2008.0,2008.0,IND,205,,0.13333334
2015,12,00-0026345,P.Garcon,WR,WAS,NYG,0,0,0.0,0,0.0,0.0,0.0,0,0.0,0,6,3,35.0,0,3.5,6.5,,,72.0,216.0,29.262117647058826,7.0,Mount Union,2008.0,2008.0,IND,205,6.0,0.20689656
2015,13,00-0026345,P.Garcon,WR,WAS,DAL,0,0,0.0,0,0.0,0.0,0.0,0,0.0,0,7,5,54.0,0,5.4,10.4,,,72.0,216.0,29.262117647058826,7.0,Mount Union,2008.0,2008.0,IND,205,-3.0,0.22580644
2015,14,00-0026345,P.Garcon,WR,WAS,CHI,0,0,0.0,0,0.0,0.0,0.0,0,0.0,0,7,5,52.0,0,5.2,10.2,,,72.0,216.0,29.262117647058826,7.0,Mount Union,2008.0,2008.0,IND,205,,0.22580644
2015,15,00-0026345,P.Garcon,WR,WAS,BUF,0,0,0.0,0,0.0,0.0,0.0,0,0.0,0,4,3,34.0,1,9.4,12.4,,,72.0,216.0,29.262117647058826,7.0,Mount Union,2008.0,2008.0,IND,205,10.0,0.14285715
2015,16,00-0026345,P.Garcon,WR,WAS,PHI,0,0,0.0,0,0.0,0.0,0.0,0,0.0,0,12,7,80.0,1,14.0,21.0,,,72.0,216.0,29.262117647058826,7.0,Mount Union,2008.0,2008.0,IND,205,,0.26086956
2015,17,00-0026345,P.Garcon,WR,WAS,DAL,0,0,0.0,0,0.0,0.0,0.0,0,0.0,0,4,3,49.0,1,10.9,13.9,,,72.0,216.0,29.262117647058826,7.0,Mount Union,2008.0,2008.0,IND,205,,0.15384616
2015,18,00-0026345,P.Garcon,WR,WAS,GB,0,0,0.0,0,0.0,0.0,0.0,0,0.0,0,8,5,70.0,0,7.0,12.0,,,72.0,216.0,29.262117647058826,7.0,Mount Union,2008.0,2008.0,IND,205,-17.0,0.17391305
2015,1,00-0026364,,WR,LAC,DET,0,0,0.0,0,0.0,0.0,0.0,0,0.0,0,6,6,82.0,1,14.2,20.2,,,74.0,207.0,29.296375,7.0,Kentucky,2008.0,2008.0,BUF,224,,0.14634146
2015,2,00-0026364,,WR,LAC,CIN,0,0,0.0,0,0.0,0.0,0.0,0,0.0,0,6,5,45.0,1,10.5,15.5,,,74.0,207.0,29.296375,7.0,Kentucky,2008.0,2008.0,BUF,224,,0.22222222
2015,3,00-0026364,,WR,LAC,MIN,0,0,0.0,0,0.0,0.0,0.0,0,0.0,0,5,3,46.0,0,4.6,7.6,,,74.0,207.0,29.296375,7.0,Kentucky,2008.0,2008.0,BUF,224,,0.125
2015,4,00-0026364,,WR,LAC,CLE,0,0,0.0,0,0.0,0.0,0.0,0,0.0,0,8,4,32.0,0,3.2,7.2,,,74.0,207.0,29.296375,7.0,Kentucky,2008.0,2008.0,BUF,224,,0.21621622
2015,7,00-0026364,,WR,LAC,LV,0,0,0.0,0,0.0,0.0,0.0,0,0.0,0,8,4,50.0,0,5.0,9.0,,,74.0,207.0,29.296375,7.0,Kentucky,2008.0,2008.0,BUF,224,,0.14545454
2015,8,00-0026364,,WR,LAC,BAL,0,0,0.0,0,0.0,0.0,0.0,0,0.0,0,4,2,28.0,0,2.8,4.8,,,74.0,207.0,29.296375,7.0,Kentucky,2008.0,2008.0,BUF,224,,0.11111111
2015,9,00-0026364,,WR,LAC,CHI,0,0,0.0,0,0.0,0.0,0.0,0,0.0,0,10,7,68.0,0,6.8,13.8,,,74.0,207.0,29.296375,7.0,Kentucky,2008.0,2008.0,BUF,224,,0.23809524
2015,11,00-0026364,,WR,LAC,KC,0,0,0.0,0,0.0,0.0,0.0,0,0.0,0,8,7,54.0,0,5.4,12.4,,,74.0,207.0,29.296375,7.0,Kentucky,2008.0,2008.0,BUF,224,,0.26666668
2015,12,00-0026364,,WR,LAC,JAX,0,0,0.0,0,0.0,0.0,0.0,0,0.0,0,10,7,92.0,1,15.2,22.2,,,74.0,207.0,29.296375,7.0,Kentucky,2008.0,2008.0,BUF,224,,0.23255815
2015,1,00-0026373,,RB,BAL,DEN,0,0,0.0,0,0.0,0.0,0.0,14,43.0,0,7,4,13.0,0,5.6,9.6,,,68.0,195.0,,7.0,California,2008.0,2008.0,SEA,233,,0.21875
2015,2,00-0026373,,RB,BAL,LV,0,0,0.0,0,0.0,0.0,0.0,15,68.0,0,4,4,12.0,0,8.0,12.0,,,68.0,195.0,,7.0,California,2008.0,2008.0,SEA,233,,0.08888889
2015,3,00-0026373,,RB,BAL,CIN,0,0,0.0,0,0.0,0.0,0.0,10,13.0,0,7,4,16.0,0,2.9,6.9,,,68.0,195.0,,7.0,California,2008.0,2008.0,SEA,233,-4.0,0.14583333
2015,4,00-0026373,,RB,BAL,PIT,0,0,0.0,0,0.0,0.0,0.0,27,150.0,0,1,0,0.0,0,15.0,15.0,,,68.0,195.0,,7.0,California,2008.0,2008.0,SEA,233,,0.030303031
2015,5,00-0026373,,RB,BAL,CLE,0,0,0.0,0,0.0,0.0,0.0,21,121.0,1,5,4,49.0,0,23.0,27.0,,,68.0,195.0,,7.0,California,2008.0,2008.0,SEA,233,-3.0,0.14285715
2015,6,00-0026373,,RB,BAL,SF,0,0,0.0,0,0.0,0.0,0.0,17,62.0,0,8,7,39.0,0,10.1,17.1,,,68.0,195.0,,7.0,California,2008.0,2008.0,SEA,233,,0.15384616
2015,7,00-0026373,,RB,BAL,ARI,0,0,0.0,0,0.0,0.0,0.0,12,36.0,1,4,3,8.0,0,10.4,13.4,,,68.0,195.0,,7.0,California,2008.0,2008.0,SEA,233,,0.102564104
2015,8,00-0026373,,RB,BAL,LAC,0,0,0.0,0,0.0,0.0,0.0,17,69.0,0,1,1,5.0,0,7.4,8.4,,,68.0,195.0,,7.0,California,2008.0,2008.0,SEA,233,3.0,0.027027028
2015,10,00-0026373,,RB,BAL,JAX,0,0,0.0,0,0.0,0.0,0.0,14,53.0,0,4,4,11.0,0,6.4,10.4,,,68.0,195.0,,7.0,California,2008.0,2008.0,SEA,233,-2.0,0.08888889
2015,11,00-0026373,,RB,BAL,LA,0,0,0.0,0,0.0,0.0,0.0,4,26.0,0,0,0,0.0,0,2.6,2.6,,,68.0,195.0,,7.0,California,2008.0,2008.0,SEA,233,3.0,
2015,1,00-0026393,M.Reece,FB,LV,CIN,0,0,0.0,0,0.0,0.0,0.0,0,0.0,0,4,3,26.0,2,14.6,17.6,,,73.0,250.0,30.3694,7.0,Washington,2008.0,2008.0,,,,0.093023255
2015,2,00-0026393,M.Reece,FB,LV,BAL,0,0,0.0,0,0.0,0.0,0.0,0,0.0,0,2,1,16.0,0,1.6,2.6,,,73.0,250.0,30.3694,7.0,Washington,2008.0,2008.0,,,,0.04347826
2015,3,00-0026393,M.Reece,FB,LV,CLE,0,0,0.0,0,0.0,0.0,0.0,1,1.0,0,2,1,55.0,0,5.6,6.6,,,73.0,250.0,30.3694,7.0,Washington,2008.0,2008.0,,,,0.0625
2015,4,00-0026393,M.Reece,FB,LV,CHI,0,0,0.0,0,0.0,0.0,0.0,0,0.0,0,2,2,16.0,0,1.6,3.6,,,73.0,250.0,30.3694,7.0,Washington,2008.0,2008.0,,,,0.060606062
2015,5,00-0026393,M.Reece,FB,LV,DEN,0,0,0.0,0,0.0,0.0,0.0,1,6.0,0,8,7,49.0,1,11.5,18.5,,,73.0,250.0,30.3694,7.0,Washington,2008.0,2008.0,,,,0.20512821
2015,7,00-0026393,M.Reece,FB,LV,LAC,0,0,0.0,0,0.0,0.0,0.0,0,0.0,0,3,3,15.0,0,1.5,4.5,,,73.0,250.0,30.3694,7.0,Washington,2008.0,2008.0,,,,0.09677419
2015,8,00-0026393,M.Reece,FB,LV,NYJ,0,0,0.0,0,0.0,0.0,0.0,0,0.0,0,3,3,26.0,0,2.6,5.6,,,73.0,250.0,30.3694,7.0,Washington,2008.0,2008.0,,,,0.083333336
2015,9,00-0026393,M.Reece,FB,LV,PIT,0,0,0.0,0,0.0,0.0,0.0,3,21.0,0,0,0,0.0,0,2.1,2.1,,,73.0,250.0,30.3694,7.0,Washington,2008.0,2008.0,,,,
2015,10,00-0026393,M.Reece,FB,LV,MIN,0,0,0.0,0,0.0,0.0,0.0,0,0.0,0,2,1,0.0,0,0.0,1.0,,,73.0,250.0,30.3694,7.0,Washington,2008.0,2008.0,,,,0.048780486
2015,11,00-0026393,M.Reece,FB,LV,DET,0,0,0.0,0,0.0,0.0,0.0,2,2.0,0,1,0,0.0,0,0.2,0.2,,,73.0,250.0,30.3694,7.0,Washington,2008.0,2008.0,,,,0.04
2015,12,00-0026393,M.Reece,FB,LV,TEN,0,0,0.0,0,0.0,0.0,0.0,0,0.0,0,1,1,7.0,0,0.7,1.7,,,73.0,250.0,30.3694,7.0,Washington,2008.0,2008.0,,,,0.02631579
2015,13,00-0026393,M.Reece,FB,LV,KC,0,0,0.0,0,0.0,0.0,0.0,1,4.0,0,3,3,19.0,0,2.3,5.3,,,73.0,250.0,30.3694,7.0,Washington,2008.0,2008.0,,,,0.0625
2015,14,00-0026393,M.Reece,FB,LV,DEN,0,0,0.0,0,0.0,0.0,0.0,2,2.0,0,0,0,0.0,0,0.2,0.2,,,73.0,250.0,30.3694,7.0,Washington,2008.0,2008.0,,,,
2015,15,00-0026393,M.Reece,FB,LV,GB,0,0,0.0,0,0.0,0.0,0.0,0,0.0,0,3,3,37.0,0,3.7,6.7,,,73.0,250.0,30.3694,7.0,Washington,2008.0,2008.0,,,,0.06382979
2015,16,00-0026393,M.Reece,FB,LV,LAC,0,0,0.0,0,0.0,0.0,0.0,0,0.0,0,3,2,3.0,0,0.3,2.3,,,73.0,250.0,30.3694,7.0,Washington,2008.0,2008.0,,,,0.08108108
2015,2,00-0026408,,OT,IND,NYJ,0,0,0.0,0,0.0,0.0,0.0,0,0.0,0,1,0,0.0,0,0.0,0.0,,,79.0,323.0,30.2053125,7.0,Western Michigan,2008.0,2008.0,,,-13.0,0.028571429
2015,11,00-0026408,,OT,IND,ATL,0,0,0.0,0,0.0,0.0,0.0,1,0.0,0,0,0,0.0,0,0.0,0.0,,,79.0,323.0,30.2053125,7.0,Western Michigan,2008.0,2008.0,,,,
2015,1,00-0026498,M.Stafford,QB,DET,LAC,19,30,246.0,2,2.0,1.0,13.0,1,-1.0,0,0,0,0.0,0,13.74,13.74,,,75.0,226.0,27.75025,6.0,Georgia,2009.0,2009.0,DET,1,,
2015,2,00-0026498,M.Stafford,QB,DET,MIN,32,53,286.0,2,1.0,1.0,1.0,4,20.0,0,0,0,0.0,0,19.44,19.44,,,75.0,226.0,27.75025,6.0,Georgia,2009.0,2009.0,DET,1,,
2015,3,00-0026498,M.Stafford,QB,DET,DEN,31,45,282.0,1,2.0,4.0,20.0,1,-1.0,0,1,1,-6.0,0,8.58,9.58,,,75.0,226.0,27.75025,6.0,Georgia,2009.0,2009.0,DET,1,-12.0,0.022222223
2015,4,00-0026498,M.Stafford,QB,DET,SEA,24,35,203.0,0,0.0,0.0,-0.0,0,0.0,0,0,0,0.0,0,8.12,8.12,,,75.0,226.0,27.75025,6.0,Georgia,2009.0,2009.0,DET,1,,
2015,5,00-0026498,M.Stafford,QB,DET,ARI,20,32,188.0,1,3.0,1.0,-0.0,1,2.0,0,0,0,0.0,0,5.72,5.72,,,75.0,226.0,27.75025,6.0,Georgia,2009.0,2009.0,DET,1,-25.0,
2015,6,00-0026498,M.Stafford,QB,DET,CHI,27,42,405.0,4,1.0,2.0,14.0,6,37.0,0,0,0,0.0,0,33.9,33.9,,,75.0,226.0,27.75025,6.0,Georgia,2009.0,2009.0,DET,1,3.0,
2015,7,00-0026498,M.Stafford,QB,DET,MIN,18,26,256.0,2,0.0,7.0,59.0,1,5.0,0,0,0,0.0,0,18.74,18.74,,,75.0,226.0,27.75025,6.0,Georgia,2009.0,2009.0,DET,1,-9.0,
2015,8,00-0026498,M.Stafford,QB,DET,KC,22,36,217.0,1,2.0,6.0,32.0,1,5.0,0,0,0,0.0,0,9.18,9.18,,,75.0,226.0,27.75025,6.0,Georgia,2009.0,2009.0,DET,1,,
2015,10,00-0026498,M.Stafford,QB,DET,GB,24,38,242.0,2,1.0,0.0,-0.0,2,1.0,0,0,0,0.0,0,15.78,15.78,,,75.0,226.0,27.75025,6.0,Georgia,2009.0,2009.0,DET,1,,
2015,11,00-0026498,M.Stafford,QB,DET,LV,22,35,282.0,0,0.0,4.0,16.0,6,31.0,1,0,0,0.0,0,20.38,20.38,,,75.0,226.0,27.75025,6.0,Georgia,2009.0,2009.0,DET,1,5.0,
2015,12,00-0026498,M.Stafford,QB,DET,PHI,27,38,337.0,5,0.0,2.0,15.0,2,13.0,0,0,0,0.0,0,34.78,34.78,,,75.0,226.0,27.75025,6.0,Georgia,2009.0,2009.0,DET,1,31.0,
2015,13,00-0026498,M.Stafford,QB,DET,GB,23,35,220.0,2,0.0,3.0,15.0,2,22.0,0,0,0,0.0,0,17.0,17.0,,,75.0,226.0,27.75025,6.0,Georgia,2009.0,2009.0,DET,1,-4.0,
2015,14,00-0026498,M.Stafford,QB,DET,LA,30,46,245.0,2,1.0,4.0,25.0,2,5.0,0,0,0,0.0,0,16.3,16.3,,,75.0,226.0,27.75025,6.0,Georgia,2009.0,2009.0,DET,1,,
2015,15,00-0026498,M.Stafford,QB,DET,NO,22,25,254.0,3,0.0,3.0,8.0,4,-1.0,0,0,0,0.0,0,22.06,22.06,,,75.0,226.0,27.75025,6.0,Georgia,2009.0,2009.0,DET,1,,
2015,16,00-0026498,M.Stafford,QB,DET,SF,29,37,301.0,2,0.0,2.0,17.0,5,11.0,0,0,0,0.0,0,21.14,21.14,,,75.0,226.0,27.75025,6.0,Georgia,2009.0,2009.0,DET,1,15.0,
2015,17,00-0026498,M.Stafford,QB,DET,CHI,28,39,298.0,3,0.0,4.0,16.0,6,10.0,0,0,0,0.0,0,24.92,24.92,,,75.0,226.0,27.75025,6.0,Georgia,2009.0,2009.0,DET,1,,
2015,8,00-0026544,C.Daniel,QB,KC,DET,2,2,4.0,0,0.0,0.0,-0.0,0,0.0,0,0,0,0.0,0,0.16,0.16,,,72.0,225.0,29.10661111111111,6.0,Missouri,2009.0,2009.0,,,35.0,
2015,15,00-0026544,C.Daniel,QB,KC,BAL,0,0,0.0,0,0.0,0.0,0.0,2,-2.0,0,0,0,0.0,0,-0.2,-0.2,,,72.0,225.0,29.10661111111111,6.0,Missouri,2009.0,2009.0,,,,
2015,18,00-0026544,C.Daniel,QB,KC,HOU,0,0,0.0,0,0.0,0.0,0.0,2,-2.0,0,0,0,0.0,0,-0.2,-0.2,,,72.0,225.0,29.10661111111111,6.0,Missouri,2009.0,2009.0,,,,
2015,15,00-0026577,,WR,BUF,WAS,0,0,0.0,0,0.0,0.0,0.0,1,-1.0,0,0,0,0.0,0,-0.1,-0.1,,,69.0,200.0,29.467,6.0,Indiana,2009.0,2009.0,,,,
2015,6,00-0026578,C.Anderson,DB,IND,NE,0,0,0.0,0,0.0,0.0,0.0,1,-1.0,0,0,0,0.0,0,-0.1,-0.1,,,70.0,195.0,30.035625,6.0,Montana,2009.0,2009.0,,,-7.0,
2015,1,00-0026625,B.Hoyer,QB,HOU,KC,18,34,236.0,1,1.0,4.0,29.0,0,0.0,0,0,0,0.0,0,9.44,9.44,,,74.0,215.0,,6.0,Michigan State,2009.0,2009.0,,,-7.0,
2015,4,00-0026625,B.Hoyer,QB,HOU,ATL,17,30,232.0,2,0.0,1.0,8.0,0,0.0,0,0,0,0.0,0,17.28,17.28,,,74.0,215.0,,6.0,Michigan State,2009.0,2009.0,,,,
2015,5,00-0026625,B.Hoyer,QB,HOU,IND,24,31,312.0,2,1.0,0.0,-0.0,1,14.0,0,0,0,0.0,0,19.88,19.88,,,74.0,215.0,,6.0,Michigan State,2009.0,2009.0,,,-7.0,
2015,6,00-0026625,B.Hoyer,QB,HOU,JAX,24,36,293.0,3,0.0,1.0,6.0,5,5.0,0,0,0,0.0,0,24.22,24.22,,,74.0,215.0,,6.0,Michigan State,2009.0,2009.0,,,,
2015,7,00-0026625,B.Hoyer,QB,HOU,MIA,23,49,273.0,3,1.0,4.0,22.0,0,0.0,0,0,0,0.0,0,20.92,20.92,,,74.0,215.0,,6.0,Michigan State,2009.0,2009.0,,,,
2015,8,00-0026625,B.Hoyer,QB,HOU,TEN,23,35,235.0,2,0.0,3.0,21.0,1,-1.0,0,0,0,0.0,0,17.3,17.3,,,74.0,215.0,,6.0,Michigan State,2009.0,2009.0,,,14.0,
2015,10,00-0026625,B.Hoyer,QB,HOU,CIN,12,22,123.0,0,1.0,2.0,10.0,1,15.0,0,0,0,0.0,0,4.42,4.42,,,74.0,215.0,,6.0,Michigan State,2009.0,2009.0,,,,
2015,12,00-0026625,B.Hoyer,QB,HOU,NO,21,27,205.0,2,1.0,1.0,10.0,3,-3.0,0,0,0,0.0,0,13.9,13.9,,,74.0,215.0,,6.0,Michigan State,2009.0,2009.0,,,18.0,
2015,13,00-0026625,B.Hoyer,QB,HOU,BUF,26,43,293.0,3,1.0,2.0,18.0,3,15.0,0,0,0,0.0,0,23.22,23.22,,,74.0,215.0,,6.0,Michigan State,2009.0,2009.0,,,,
2015,14,00-0026625,B.Hoyer,QB,HOU,NE,11,22,155.0,0,0.0,5.0,54.0,1,-1.0,0,0,0,0.0,0,4.1,4.1,,,74.0,215.0,,6.0,Michigan State,2009.0,2009.0,,,-21.0,
2015,17,00-0026625,B.Hoyer,QB,HOU,JAX,25,40,249.0,1,1.0,2.0,7.0,0,0.0,0,0,0,0.0,0,11.96,11.96,,,74.0,215.0,,6.0,Michigan State,2009.0,2009.0,,,24.0,
2015,18,00-0026625,B.Hoyer,QB,HOU,KC,15,34,136.0,0,4.0,3.0,24.0,1,-1.0,0,0,0,0.0,0,-4.66,-4.66,,,74.0,215.0,,6.0,Michigan State,2009.0,2009.0,,,-30.0,
2015,16,00-0026664,,P,GB,ARI,0,0,0.0,0,0.0,0.0,0.0,1,7.0,0,0,0,0.0,0,0.7,0.7,,,73.0,200.0,28.670333333333335,6.0,,2009.0,2009.0,,,,
2015,1,00-0026739,,WR,DEN,BAL,0,0,0.0,0,0.0,0.0,0.0,0,0.0,0,5,2,25.0,0,2.5,4.5,,,71.0,180.0,29.14757894736842,6.0,Penn State,2009.0,2009.0,,,6.0,0.125
2015,2,00-0026739,,WR,DEN,KC,0,0,0.0,0,0.0,0.0,0.0,0,0.0,0,5,3,14.0,0,1.4,4.4,,,71.0,180.0,29.14757894736842,6.0,Penn State,2009.0,2009.0,,,,0.11111111
2015,3,00-0026739,,WR,DEN,DET,0,0,0.0,0,0.0,0.0,0.0,0,0.0,0,3,3,27.0,0,2.7,5.7,,,71.0,180.0,29.14757894736842,6.0,Penn State,2009.0,2009.0,,,,0.071428575
2015,5,00-0026739,,WR,DEN,LV,0,0,0.0,0,0.0,0.0,0.0,0,0.0,0,3,2,15.0,0,1.5,3.5,,,71.0,180.0,29.14757894736842,6.0,Penn State,2009.0,2009.0,,,,0.08571429
2015,6,00-0026739,,WR,DEN,CLE,0,0,0.0,0,0.0,0.0,0.0,0,0.0,0,2,1,-1.0,0,-0.1,0.9,,,71.0,180.0,29.14757894736842,6.0,Penn State,2009.0,2009.0,,,,0.04255319
2015,11,00-0026739,,WR,DEN,CHI,0,0,0.0,0,0.0,0.0,0.0,0,0.0,0,1,1,8.0,0,0.8,1.8,,,71.0,180.0,29.14757894736842,6.0,Penn State,2009.0,2009.0,,,,0.037037037
2015,14,00-0026739,,WR,DEN,LV,0,0,0.0,0,0.0,0.0,0.0,0,0.0,0,1,1,5.0,0,0.5,1.5,,,71.0,180.0,29.14757894736842,6.0,Penn State,2009.0,2009.0,,,-3.0,0.019607844
2015,15,00-0026739,,WR,DEN,PIT,0,0,0.0,0,0.0,0.0,0.0,0,0.0,0,2,2,29.0,0,2.9,4.9,,,71.0,180.0,29.14757894736842,6.0,Penn State,2009.0,2009.0,,,,0.045454547
2015,16,00-0026739,,WR,DEN,CIN,0,0,0.0,0,0.0,0.0,0.0,0,0.0,0,6,4,37.0,0,3.7,7.7,,,71.0,180.0,29.14757894736842,6.0,Penn State,2009.0,2009.0,,,3.0,0.15384616
2015,17,00-0026739,,WR,DEN,LAC,0,0,0.0,0,0.0,0.0,0.0,0,0.0,0,4,3,48.0,0,4.8,7.8,,,71.0,180.0,29.14757894736842,6.0,Penn State,2009.0,2009.0,,,7.0,0.12903225
2015,19,00-0026739,,WR,DEN,PIT,0,0,0.0,0,0.0,0.0,0.0,0,0.0,0,4,1,10.0,0,1.0,2.0,,,71.0,180.0,29.14757894736842,6.0,Penn State,2009.0,2009.0,,,7.0,0.10810811
2015,20,00-0026739,,WR,DEN,NE,0,0,0.0,0,0.0,0.0,0.0,0,0.0,0,3,2,16.0,0,1.6,3.6,,,71.0,180.0,29.14757894736842,6.0,Penn State,2009.0,2009.0,,,2.0,0.09677419
2015,21,00-0026739,,WR,DEN,CAR,0,0,0.0,0,0.0,0.0,0.0,0,0.0,0,1,0,0.0,0,0.0,0.0,,,71.0,180.0,29.14757894736842,6.0,Penn State,2009.0,2009.0,,,14.0,0.04347826
2015,4,00-0026796,,RB,HOU,ATL,0,0,0.0,0,0.0,0.0,0.0,8,10.0,0,5,3,25.0,0,1.5,4.5,,,73.0,227.0,,6.0,,2009.0,2009.0,,,,0.0877193
2015,5,00-0026796,,RB,HOU,IND,0,0,0.0,0,0.0,0.0,0.0,19,41.0,0,10,9,77.0,0,11.8,20.8,,,73.0,227.0,,6.0,,2009.0,2009.0,,,-7.0,0.24390244
2015,6,00-0026796,,RB,HOU,JAX,0,0,0.0,0,0.0,0.0,0.0,18,53.0,0,6,5,59.0,1,17.2,22.2,,,73.0,227.0,,6.0,,2009.0,2009.0,,,,0.16666667
2015,7,00-0026796,,RB,HOU,MIA,0,0,0.0,0,0.0,0.0,0.0,18,59.0,1,7,5,66.0,1,24.5,29.5,,,73.0,227.0,,6.0,,2009.0,2009.0,,,,0.14285715
2015,1,00-0026852,D.Young,FB,WAS,MIA,0,0,0.0,0,0.0,0.0,0.0,0,0.0,0,1,1,0.0,0,0.0,1.0,,,71.0,251.0,28.596647058823528,6.0,Villanova,2009.0,2009.0,,,-7.0,0.032258064
2015,3,00-0026852,D.Young,FB,WAS,NYG,0,0,0.0,0,0.0,0.0,0.0,1,2.0,0,0,0,0.0,0,0.2,0.2,,,71.0,251.0,28.596647058823528,6.0,Villanova,2009.0,2009.0,,,,
2015,4,00-0026852,D.Young,FB,WAS,PHI,0,0,0.0,0,0.0,0.0,0.0,1,0.0,0,0,0,0.0,0,0.0,0.0,,,71.0,251.0,28.596647058823528,6.0,Villanova,2009.0,2009.0,,,3.0,
2015,6,00-0026852,D.Young,FB,WAS,NYJ,0,0,0.0,0,0.0,0.0,0.0,0,0.0,0,1,1,8.0,0,0.8,1.8,,,71.0,251.0,28.596647058823528,6.0,Villanova,2009.0,2009.0,,,,0.022727273
2015,7,00-0026852,D.Young,FB,WAS,TB,0,0,0.0,0,0.0,0.0,0.0,1,1.0,0,0,0,0.0,0,0.1,0.1,,,71.0,251.0,28.596647058823528,6.0,Villanova,2009.0,2009.0,,,1.0,
2015,10,00-0026852,D.Young,FB,WAS,NO,0,0,0.0,0,0.0,0.0,0.0,3,7.0,0,1,1,-1.0,0,0.6,1.6,,,71.0,251.0,28.596647058823528,6.0,Villanova,2009.0,2009.0,,,33.0,0.04
2015,14,00-0026852,D.Young,FB,WAS,CHI,0,0,0.0,0,0.0,0.0,0.0,0,0.0,0,1,1,2.0,0,0.2,1.2,,,71.0,251.0,28.596647058823528,6.0,Villanova,2009.0,2009.0,,,,0.032258064
2015,15,00-0026852,D.Young,FB,WAS,BUF,0,0,0.0,0,0.0,0.0,0.0,0,0.0,0,1,1,6.0,0,0.6,1.6,,,71.0,251.0,28.596647058823528,6.0,Villanova,2009.0,2009.0,,,10.0,0.035714287
2015,17,00-0026852,D.Young,FB,WAS,DAL,0,0,0.0,0,0.0,0.0,0.0,0,0.0,0,1,1,7.0,0,0.7,1.7,,,71.0,251.0,28.596647058823528,6.0,Villanova,2009.0,2009.0,,,,0.03846154
2015,9,00-0026855,,RB,CHI,LAC,0,0,0.0,0,0.0,0.0,0.0,1,11.0,0,0,0,0.0,0,1.1,1.1,,,69.0,192.0,30.176666666666662,6.0,Florida State,2009.0,2009.0,,,,
2015,10,00-0026898,M.Sanchez,QB,PHI,MIA,14,23,156.0,0,1.0,0.0,-0.0,2,4.0,0,0,0,0.0,0,4.64,4.64,,,74.0,225.0,28.991875,6.0,USC,2009.0,2009.0,NYJ,5,-1.0,
2015,11,00-0026898,M.Sanchez,QB,PHI,TB,26,41,261.0,2,3.0,3.0,14.0,2,14.0,0,0,0,0.0,0,13.84,13.84,,,74.0,225.0,28.991875,6.0,USC,2009.0,2009.0,NYJ,5,-28.0,
2015,12,00-0026898,M.Sanchez,QB,PHI,DET,19,27,199.0,2,0.0,6.0,40.0,2,4.0,0,0,0,0.0,0,14.36,14.36,,,74.0,225.0,28.991875,6.0,USC,2009.0,2009.0,NYJ,5,,
2015,1,00-0026901,M.Wallace,WR,MIN,SF,0,0,0.0,0,0.0,0.0,0.0,0,0.0,0,7,6,63.0,0,6.3,12.3,,,72.0,205.0,29.284764705882353,6.0,Mississippi,2009.0,2009.0,PIT,84,,0.22580644
2015,2,00-0026901,M.Wallace,WR,MIN,DET,0,0,0.0,0,0.0,0.0,0.0,0,0.0,0,3,3,38.0,0,3.8,6.8,,,72.0,205.0,29.284764705882353,6.0,Mississippi,2009.0,2009.0,PIT,84,10.0,0.16666667
2015,3,00-0026901,M.Wallace,WR,MIN,LAC,0,0,0.0,0,0.0,0.0,0.0,0,0.0,0,4,3,49.0,0,4.9,7.9,,,72.0,205.0,29.284764705882353,6.0,Mississippi,2009.0,2009.0,PIT,84,17.0,0.16666667
2015,4,00-0026901,M.Wallace,WR,MIN,DEN,0,0,0.0,0,0.0,0.0,0.0,0,0.0,0,10,8,83.0,1,14.3,22.3,,,72.0,205.0,29.284764705882353,6.0,Mississippi,2009.0,2009.0,PIT,84,,0.24390244
2015,6,00-0026901,M.Wallace,WR,MIN,KC,0,0,0.0,0,0.0,0.0,0.0,0,0.0,0,9,2,23.0,0,2.3,4.3,,,72.0,205.0,29.284764705882353,6.0,Mississippi,2009.0,2009.0,PIT,84,6.0,0.29032257
2015,7,00-0026901,M.Wallace,WR,MIN,DET,0,0,0.0,0,0.0,0.0,0.0,0,0.0,0,5,4,36.0,0,3.6,7.6,,,72.0,205.0,29.284764705882353,6.0,Mississippi,2009.0,2009.0,PIT,84,,0.14705883
2015,8,00-0026901,M.Wallace,WR,MIN,CHI,0,0,0.0,0,0.0,0.0,0.0,0,0.0,0,4,0,0.0,0,0.0,0.0,,,72.0,205.0,29.284764705882353,6.0,Mississippi,2009.0,2009.0,PIT,84,,0.13793103
2015,9,00-0026901,M.Wallace,WR,MIN,LA,0,0,0.0,0,0.0,0.0,0.0,0,0.0,0,6,1,4.0,0,0.4,1.4,,,72.0,205.0,29.284764705882353,6.0,Mississippi,2009.0,2009.0,PIT,84,3.0,0.22222222
2015,10,00-0026901,M.Wallace,WR,MIN,LV,0,0,0.0,0,0.0,0.0,0.0,0,0.0,0,2,1,22.0,0,2.2,3.2,,,72.0,205.0,29.284764705882353,6.0,Mississippi,2009.0,2009.0,PIT,84,,0.0952381
2015,11,00-0026901,M.Wallace,WR,MIN,GB,0,0,0.0,0,0.0,0.0,0.0,1,6.0,0,2,0,0.0,0,0.6,0.6,,,72.0,205.0,29.284764705882353,6.0,Mississippi,2009.0,2009.0,PIT,84,-17.0,0.054054055
2015,13,00-0026901,M.Wallace,WR,MIN,SEA,0,0,0.0,0,0.0,0.0,0.0,0,0.0,0,3,2,43.0,0,4.3,6.3,,,72.0,205.0,29.284764705882353,6.0,Mississippi,2009.0,2009.0,PIT,84,-31.0,0.10714286
2015,14,00-0026901,M.Wallace,WR,MIN,ARI,0,0,0.0,0,0.0,0.0,0.0,0,0.0,0,5,3,42.0,1,10.2,13.2,,,72.0,205.0,29.284764705882353,6.0,Mississippi,2009.0,2009.0,PIT,84,,0.15151516
2015,15,00-0026901,M.Wallace,WR,MIN,CHI,0,0,0.0,0,0.0,0.0,0.0,0,0.0,0,3,3,37.0,0,3.7,6.7,,,72.0,205.0,29.284764705882353,6.0,Mississippi,2009.0,2009.0,PIT,84,21.0,0.15
2015,16,00-0026901,M.Wallace,WR,MIN,NYG,0,0,0.0,0,0.0,0.0,0.0,0,0.0,0,6,2,11.0,0,1.1,3.1,,,72.0,205.0,29.284764705882353,6.0,Mississippi,2009.0,2009.0,PIT,84,32.0,0.24
2015,17,00-0026901,M.Wallace,WR,MIN,GB,0,0,0.0,0,0.0,0.0,0.0,0,0.0,0,3,1,22.0,0,2.2,3.2,,,72.0,205.0,29.284764705882353,6.0,Mississippi,2009.0,2009.0,PIT,84,,0.1764706
2015,18,00-0026901,M.Wallace,WR,MIN,SEA,0,0,0.0,0,0.0,0.0,0.0,0,0.0,0,1,1,10.0,0,1.0,2.0,,,72.0,205.0,29.284764705882353,6.0,Mississippi,2009.0,2009.0,PIT,84,-1.0,0.041666668
2015,3,00-0026957,D.Johnson,TE,LAC,MIN,0,0,0.0,0,0.0,0.0,0.0,1,2.0,0,0,0,0.0,0,0.2,0.2,,,74.0,260.0,28.2011875,6.0,Arkansas State,2009.0,2009.0,PIT,241,,
2015,4,00-0026957,D.Johnson,TE,LAC,CLE,0,0,0.0,0,0.0,0.0,0.0,0,0.0,0,1,0,0.0,0,0.0,0.0,,,74.0,260.0,28.2011875,6.0,Arkansas State,2009.0,2009.0,PIT,241,,0.027027028
2015,13,00-0026957,D.Johnson,TE,LAC,DEN,0,0,0.0,0,0.0,0.0,0.0,1,2.0,0,0,0,0.0,0,0.2,0.2,,,74.0,260.0,28.2011875,6.0,Arkansas State,2009.0,2009.0,PIT,241,,
2015,16,00-0026957,D.Johnson,TE,LAC,LV,0,0,0.0,0,0.0,0.0,0.0,0,0.0,0,1,1,4.0,0,-1.6,-0.6,,,74.0,260.0,28.2011875,6.0,Arkansas State,2009.0,2009.0,PIT,241,,0.020408163
2015,1,00-0026983,D.Heyward-Bey,WR,PIT,NE,0,0,0.0,0,0.0,0.0,0.0,0,0.0,0,7,4,58.0,0,5.8,9.8,,,74.0,210.0,28.715333333333334,6.0,Maryland,2009.0,2009.0,OAK,7,,0.18421052
2015,2,00-0026983,D.Heyward-Bey,WR,PIT,SF,0,0,0.0,0,0.0,0.0,0.0,0,0.0,0,5,4,77.0,1,13.7,17.7,,,74.0,210.0,28.715333333333334,6.0,Maryland,2009.0,2009.0,OAK,7,25.0,0.18518518
2015,3,00-0026983,D.Heyward-Bey,WR,PIT,LA,0,0,0.0,0,0.0,0.0,0.0,0,0.0,0,3,3,19.0,0,1.9,4.9,,,74.0,210.0,28.715333333333334,6.0,Maryland,2009.0,2009.0,OAK,7,,0.1
2015,4,00-0026983,D.Heyward-Bey,WR,PIT,BAL,0,0,0.0,0,0.0,0.0,0.0,0,0.0,0,5,4,31.0,1,9.1,13.1,,,74.0,210.0,28.715333333333334,6.0,Maryland,2009.0,2009.0,OAK,7,-3.0,0.1923077
2015,5,00-0026983,D.Heyward-Bey,WR,PIT,LAC,0,0,0.0,0,0.0,0.0,0.0,0,0.0,0,6,2,24.0,0,2.4,4.4,,,74.0,210.0,28.715333333333334,6.0,Maryland,2009.0,2009.0,OAK,7,,0.25
2015,6,00-0026983,D.Heyward-Bey,WR,PIT,ARI,0,0,0.0,0,0.0,0.0,0.0,0,0.0,0,1,0,0.0,0,0.0,0.0,,,74.0,210.0,28.715333333333334,6.0,Maryland,2009.0,2009.0,OAK,7,12.0,0.05
2015,8,00-0026983,D.Heyward-Bey,WR,PIT,CIN,0,0,0.0,0,0.0,0.0,0.0,0,0.0,0,2,0,0.0,0,0.0,0.0,,,74.0,210.0,28.715333333333334,6.0,Maryland,2009.0,2009.0,OAK,7,-6.0,0.044444446
2015,9,00-0026983,D.Heyward-Bey,WR,PIT,LV,0,0,0.0,0,0.0,0.0,0.0,0,0.0,0,2,0,0.0,0,0.0,0.0,,,74.0,210.0,28.715333333333334,6.0,Maryland,2009.0,2009.0,OAK,7,3.0,0.04
2015,13,00-0026983,D.Heyward-Bey,WR,PIT,IND,0,0,0.0,0,0.0,0.0,0.0,0,0.0,0,2,1,21.0,0,2.1,3.1,,,74.0,210.0,28.715333333333334,6.0,Maryland,2009.0,2009.0,OAK,7,35.0,0.051282052
2015,16,00-0026983,D.Heyward-Bey,WR,PIT,BAL,0,0,0.0,0,0.0,0.0,0.0,0,0.0,0,1,1,10.0,0,1.0,2.0,,,74.0,210.0,28.715333333333334,6.0,Maryland,2009.0,2009.0,OAK,7,,0.029411765
2015,17,00-0026983,D.Heyward-Bey,WR,PIT,CLE,0,0,0.0,0,0.0,0.0,0.0,0,0.0,0,5,2,74.0,0,7.4,9.4,,,74.0,210.0,28.715333333333334,6.0,Maryland,2009.0,2009.0,OAK,7,,0.1388889
2015,18,00-0026983,D.Heyward-Bey,WR,PIT,CIN,0,0,0.0,0,0.0,0.0,0.0,0,0.0,0,2,0,0.0,0,0.0,0.0,,,74.0,210.0,28.715333333333334,6.0,Maryland,2009.0,2009.0,OAK,7,,0.055555556
2015,19,00-0026983,D.Heyward-Bey,WR,PIT,DEN,0,0,0.0,0,0.0,0.0,0.0,0,0.0,0,2,2,64.0,0,6.4,8.4,,,74.0,210.0,28.715333333333334,6.0,Maryland,2009.0,2009.0,OAK,7,,0.055555556
2015,1,00-0026986,M.Crabtree,WR,LV,CIN,0,0,0.0,0,0.0,0.0,0.0,0,0.0,0,8,5,37.0,0,3.7,8.7,,,73.0,215.0,28.1536875,6.0,Texas Tech,2009.0,2009.0,SF,10,,0.18604651
2015,2,00-0026986,M.Crabtree,WR,LV,BAL,0,0,0.0,0,0.0,0.0,0.0,0,0.0,0,16,9,111.0,1,17.1,26.1,,,73.0,215.0,28.1536875,6.0,Texas Tech,2009.0,2009.0,SF,10,,0.3478261
2015,3,00-0026986,M.Crabtree,WR,LV,CLE,0,0,0.0,0,0.0,0.0,0.0,0,0.0,0,9,4,36.0,0,3.6,7.6,,,73.0,215.0,28.1536875,6.0,Texas Tech,2009.0,2009.0,SF,10,,0.28125
2015,4,00-0026986,M.Crabtree,WR,LV,CHI,0,0,0.0,0,0.0,0.0,0.0,0,0.0,0,6,5,80.0,0,8.0,13.0,,,73.0,215.0,28.1536875,6.0,Texas Tech,2009.0,2009.0,SF,10,,0.18181819
2015,5,00-0026986,M.Crabtree,WR,LV,DEN,0,0,0.0,0,0.0,0.0,0.0,0,0.0,0,9,4,54.0,0,5.4,9.4,,,73.0,215.0,28.1536875,6.0,Texas Tech,2009.0,2009.0,SF,10,,0.23076923
2015,7,00-0026986,M.Crabtree,WR,LV,LAC,0,0,0.0,0,0.0,0.0,0.0,0,0.0,0,8,6,63.0,1,12.3,18.3,,,73.0,215.0,28.1536875,6.0,Texas Tech,2009.0,2009.0,SF,10,,0.2580645
2015,8,00-0026986,M.Crabtree,WR,LV,NYJ,0,0,0.0,0,0.0,0.0,0.0,0,0.0,0,12,7,102.0,1,16.2,23.2,,,73.0,215.0,28.1536875,6.0,Texas Tech,2009.0,2009.0,SF,10,,0.33333334
2015,9,00-0026986,M.Crabtree,WR,LV,PIT,0,0,0.0,0,0.0,0.0,0.0,0,0.0,0,12,7,108.0,2,22.8,29.8,,,73.0,215.0,28.1536875,6.0,Texas Tech,2009.0,2009.0,SF,10,,0.27272728
2015,10,00-0026986,M.Crabtree,WR,LV,MIN,0,0,0.0,0,0.0,0.0,0.0,0,0.0,0,5,4,55.0,0,5.5,9.5,,,73.0,215.0,28.1536875,6.0,Texas Tech,2009.0,2009.0,SF,10,,0.12195122
2015,11,00-0026986,M.Crabtree,WR,LV,DET,0,0,0.0,0,0.0,0.0,0.0,0,0.0,0,11,6,50.0,0,5.0,11.0,,,73.0,215.0,28.1536875,6.0,Texas Tech,2009.0,2009.0,SF,10,,0.44
2015,12,00-0026986,M.Crabtree,WR,LV,TEN,0,0,0.0,0,0.0,0.0,0.0,0,0.0,0,8,4,19.0,1,7.9,11.9,,,73.0,215.0,28.1536875,6.0,Texas Tech,2009.0,2009.0,SF,10,,0.21052632
2015,13,00-0026986,M.Crabtree,WR,LV,KC,0,0,0.0,0,0.0,0.0,0.0,0,0.0,0,11,5,45.0,1,10.5,15.5,,,73.0,215.0,28.1536875,6.0,Texas Tech,2009.0,2009.0,SF,10,,0.22916667
2015,14,00-0026986,M.Crabtree,WR,LV,DEN,0,0,0.0,0,0.0,0.0,0.0,0,0.0,0,5,4,19.0,0,1.9,5.9,,,73.0,215.0,28.1536875,6.0,Texas Tech,2009.0,2009.0,SF,10,,0.1724138
2015,15,00-0026986,M.Crabtree,WR,LV,GB,0,0,0.0,0,0.0,0.0,0.0,0,0.0,0,11,6,70.0,0,7.0,13.0,,,73.0,215.0,28.1536875,6.0,Texas Tech,2009.0,2009.0,SF,10,,0.23404256
2015,16,00-0026986,M.Crabtree,WR,LV,LAC,0,0,0.0,0,0.0,0.0,0.0,0,0.0,0,8,6,39.0,1,9.9,15.9,,,73.0,215.0,28.1536875,6.0,Texas Tech,2009.0,2009.0,SF,10,,0.21621622
2015,17,00-0026986,M.Crabtree,WR,LV,KC,0,0,0.0,0,0.0,0.0,0.0,0,0.0,0,7,3,34.0,1,9.4,12.4,,,73.0,215.0,28.1536875,6.0,Texas Tech,2009.0,2009.0,SF,10,,0.21875
2015,17,00-0026993,,QB,IND,TEN,15,28,149.0,1,1.0,1.0,7.0,8,24.0,0,0,0,0.0,0,10.36,10.36,,,78.0,240.0,27.973,6.0,Kansas State,2009.0,2009.0,TB,17,6.0,
2015,1,00-0026995,J.Maclin,WR,KC,HOU,0,0,0.0,0,0.0,0.0,0.0,0,0.0,0,9,5,52.0,0,5.2,10.2,,,72.0,198.0,27.513055555555557,6.0,Missouri,2009.0,2009.0,PHI,19,,0.29032257
2015,2,00-0026995,J.Maclin,WR,KC,DEN,0,0,0.0,0,0.0,1.0,3.0,1,-2.0,0,7,4,57.0,0,5.5,9.5,,,72.0,198.0,27.513055555555557,6.0,Missouri,2009.0,2009.0,PHI,19,-7.0,0.28
2015,3,00-0026995,J.Maclin,WR,KC,GB,0,0,0.0,0,0.0,0.0,0.0,0,0.0,0,11,8,141.0,1,20.1,28.1,,,72.0,198.0,27.513055555555557,6.0,Missouri,2009.0,2009.0,PHI,19,,0.275
2015,4,00-0026995,J.Maclin,WR,KC,CIN,0,0,0.0,0,0.0,0.0,0.0,0,0.0,0,13,11,148.0,0,14.8,25.8,,,72.0,198.0,27.513055555555557,6.0,Missouri,2009.0,2009.0,PHI,19,,0.30232558
2015,5,00-0026995,J.Maclin,WR,KC,CHI,0,0,0.0,0,0.0,0.0,0.0,0,0.0,0,12,8,85.0,0,8.5,16.5,,,72.0,198.0,27.513055555555557,6.0,Missouri,2009.0,2009.0,PHI,19,-1.0,0.4
2015,6,00-0026995,J.Maclin,WR,KC,MIN,0,0,0.0,0,0.0,0.0,0.0,0,0.0,0,4,3,48.0,0,4.8,7.8,,,72.0,198.0,27.513055555555557,6.0,Missouri,2009.0,2009.0,PHI,19,,0.10810811
2015,8,00-0026995,J.Maclin,WR,KC,DET,0,0,0.0,0,0.0,0.0,0.0,0,0.0,0,5,3,35.0,1,9.5,12.5,,,72.0,198.0,27.513055555555557,6.0,Missouri,2009.0,2009.0,PHI,19,35.0,0.17857143
2015,10,00-0026995,J.Maclin,WR,KC,DEN,0,0,0.0,0,0.0,0.0,0.0,0,0.0,0,6,3,17.0,0,1.7,4.7,,,72.0,198.0,27.513055555555557,6.0,Missouri,2009.0,2009.0,PHI,19,,0.19354838
2015,11,00-0026995,J.Maclin,WR,KC,LAC,0,0,0.0,0,0.0,0.0,0.0,0,0.0,0,6,3,29.0,0,2.9,5.9,,,72.0,198.0,27.513055555555557,6.0,Missouri,2009.0,2009.0,PHI,19,,0.24
2015,12,00-0026995,J.Maclin,WR,KC,BUF,0,0,0.0,0,0.0,0.0,0.0,0,0.0,0,11,9,160.0,1,22.0,31.0,,,72.0,198.0,27.513055555555557,6.0,Missouri,2009.0,2009.0,PHI,19,8.0,0.4074074
2015,13,00-0026995,J.Maclin,WR,KC,LV,0,0,0.0,0,0.0,0.0,0.0,0,0.0,0,10,9,95.0,2,19.5,28.5,,,72.0,198.0,27.513055555555557,6.0,Missouri,2009.0,2009.0,PHI,19,,0.45454547
2015,14,00-0026995,J.Maclin,WR,KC,LAC,0,0,0.0,0,0.0,0.0,0.0,1,-2.0,0,9,6,68.0,0,6.6,12.6,,,72.0,198.0,27.513055555555557,6.0,Missouri,2009.0,2009.0,PHI,19,7.0,0.39130434
2015,15,00-0026995,J.Maclin,WR,KC,BAL,0,0,0.0,0,0.0,0.0,0.0,0,0.0,0,10,7,50.0,1,11.0,18.0,,,72.0,198.0,27.513055555555557,6.0,Missouri,2009.0,2009.0,PHI,19,,0.4
2015,16,00-0026995,J.Maclin,WR,KC,CLE,0,0,0.0,0,0.0,0.0,0.0,0,0.0,0,7,5,49.0,1,10.9,15.9,,,72.0,198.0,27.513055555555557,6.0,Missouri,2009.0,2009.0,PHI,19,4.0,0.3181818
2015,17,00-0026995,J.Maclin,WR,KC,LV,0,0,0.0,0,0.0,0.0,0.0,1,18.0,0,4,3,54.0,1,13.2,16.2,,,72.0,198.0,27.513055555555557,6.0,Missouri,2009.0,2009.0,PHI,19,6.0,0.17391305
2015,18,00-0026995,J.Maclin,WR,KC,HOU,0,0,0.0,0,0.0,0.0,0.0,0,0.0,0,4,3,29.0,0,2.9,5.9,,,72.0,198.0,27.513055555555557,6.0,Missouri,2009.0,2009.0,PHI,19,,0.18181819
2015,19,00-0026995,J.Maclin,WR,KC,NE,0,0,0.0,0,0.0,0.0,0.0,0,0.0,0,3,2,23.0,0,2.3,4.3,,,72.0,198.0,27.513055555555557,6.0,Missouri,2009.0,2009.0,PHI,19,,0.06382979
2015,1,00-0026996,,TE,DET,LAC,0,0,0.0,0,0.0,0.0,0.0,0,0.0,0,1,0,0.0,0,0.0,0.0,,,77.0,278.0,30.673000000000002,6.0,,2009.0,2009.0,DET,20,,0.035714287
2015,5,00-0026996,,TE,DET,ARI,0,0,0.0,0,0.0,0.0,0.0,0,0.0,0,5,3,29.0,0,2.9,5.9,,,77.0,278.0,30.673000000000002,6.0,,2009.0,2009.0,DET,20,-25.0,0.073529415
2015,8,00-0026996,,TE,DET,KC,0,0,0.0,0,0.0,0.0,0.0,0,0.0,0,1,0,0.0,0,0.0,0.0,,,77.0,278.0,30.673000000000002,6.0,,2009.0,2009.0,DET,20,,0.02631579
2015,10,00-0026996,,TE,DET,GB,0,0,0.0,0,0.0,0.0,0.0,0,0.0,0,4,1,2.0,1,6.2,7.2,,,77.0,278.0,30.673000000000002,6.0,,2009.0,2009.0,DET,20,,0.10526316
2015,11,00-0026996,,TE,DET,LV,0,0,0.0,0,0.0,0.0,0.0,0,0.0,0,1,1,8.0,0,0.8,1.8,,,77.0,278.0,30.673000000000002,6.0,,2009.0,2009.0,DET,20,5.0,0.029411765
2015,12,00-0026996,,TE,DET,PHI,0,0,0.0,0,0.0,0.0,0.0,0,0.0,0,2,1,21.0,0,2.1,3.1,,,77.0,278.0,30.673000000000002,6.0,,2009.0,2009.0,DET,20,31.0,0.05263158
2015,14,00-0026996,,TE,DET,LA,0,0,0.0,0,0.0,0.0,0.0,0,0.0,0,1,1,7.0,0,0.7,1.7,,,77.0,278.0,30.673000000000002,6.0,,2009.0,2009.0,DET,20,,0.022222223
2015,1,00-0026998,,WR,BUF,IND,0,0,0.0,0,0.0,0.0,0.0,1,9.0,0,5,5,79.0,1,14.8,19.8,,,71.0,184.0,27.351142857142857,6.0,Florida,2009.0,2009.0,MIN,22,13.0,0.2631579
2015,2,00-0026998,,WR,BUF,NE,0,0,0.0,0,0.0,0.0,0.0,1,7.0,0,5,4,47.0,0,5.4,9.4,,,71.0,184.0,27.351142857142857,6.0,Florida,2009.0,2009.0,MIN,22,-8.0,0.16666667
2015,3,00-0026998,,WR,BUF,MIA,0,0,0.0,0,0.0,0.0,0.0,2,16.0,0,8,7,66.0,0,8.2,15.2,,,71.0,184.0,27.351142857142857,6.0,Florida,2009.0,2009.0,MIN,22,,0.27586207
2015,4,00-0026998,,WR,BUF,NYG,0,0,0.0,0,0.0,0.0,0.0,0,0.0,0,8,3,26.0,0,2.6,5.6,,,71.0,184.0,27.351142857142857,6.0,Florida,2009.0,2009.0,MIN,22,-14.0,0.1904762
2015,5,00-0026998,,WR,BUF,TEN,0,0,0.0,0,0.0,0.0,0.0,1,-1.0,0,4,0,0.0,0,-0.1,-0.1,,,71.0,184.0,27.351142857142857,6.0,Florida,2009.0,2009.0,MIN,22,,0.22222222
2015,9,00-0027003,,RB,LAC,CHI,0,0,0.0,0,0.0,0.0,0.0,2,13.0,0,0,0,0.0,0,1.3,1.3,,,70.0,207.0,28.582666666666668,6.0,,2009.0,2009.0,IND,27,,
2015,12,00-0027003,,RB,LAC,JAX,0,0,0.0,0,0.0,0.0,0.0,3,2.0,0,2,0,0.0,0,0.2,0.2,,,70.0,207.0,28.582666666666668,6.0,,2009.0,2009.0,IND,27,,0.046511628
2015,13,00-0027003,,RB,LAC,DEN,0,0,0.0,0,0.0,0.0,0.0,7,26.0,0,1,1,31.0,0,5.7,6.7,,,70.0,207.0,28.582666666666668,6.0,,2009.0,2009.0,IND,27,,0.030303031
2015,15,00-0027003,,RB,LAC,MIA,0,0,0.0,0,0.0,0.0,0.0,12,90.0,0,3,2,14.0,0,10.4,12.4,,,70.0,207.0,28.582666666666668,6.0,,2009.0,2009.0,IND,27,,0.083333336
2015,16,00-0027003,,RB,LAC,LV,0,0,0.0,0,0.0,0.0,0.0,14,17.0,1,4,3,33.0,0,11.0,14.0,,,70.0,207.0,28.582666666666668,6.0,,2009.0,2009.0,IND,27,,0.08163265
2015,17,00-0027003,,RB,LAC,DEN,0,0,0.0,0,0.0,0.0,0.0,21,81.0,0,3,2,10.0,0,9.1,11.1,,,70.0,207.0,28.582666666666668,6.0,,2009.0,2009.0,IND,27,,0.08571429
2015,12,00-0027005,,WR,NYG,WAS,0,0,0.0,0,0.0,0.0,0.0,0,0.0,0,2,1,4.0,0,0.4,1.4,,,73.0,208.0,27.9225,6.0,North Carolina,2009.0,2009.0,NYG,29,,0.039215688
2015,13,00-0027005,,WR,NYG,NYJ,0,0,0.0,0,0.0,0.0,0.0,0,0.0,0,1,1,7.0,0,0.7,1.7,,,73.0,208.0,27.9225,6.0,North Carolina,2009.0,2009.0,NYG,29,-3.0,0.029411765
2015,14,00-0027005,,WR,NYG,MIA,0,0,0.0,0,0.0,0.0,0.0,0,0.0,0,1,1,5.0,0,0.5,1.5,,,73.0,208.0,27.9225,6.0,North Carolina,2009.0,2009.0,NYG,29,,0.032258064
2015,15,00-0027005,,WR,NYG,CAR,0,0,0.0,0,0.0,0.0,0.0,0,0.0,0,3,1,10.0,0,1.0,2.0,,,73.0,208.0,27.9225,6.0,North Carolina,2009.0,2009.0,NYG,29,-3.0,0.06666667
2015,16,00-0027005,,WR,NYG,MIN,0,0,0.0,0,0.0,0.0,0.0,0,0.0,0,3,1,4.0,0,0.4,1.4,,,73.0,208.0,27.9225,6.0,North Carolina,2009.0,2009.0,NYG,29,,0.0882353
2015,17,00-0027005,,WR,NYG,PHI,0,0,0.0,0,0.0,0.0,0.0,0,0.0,0,4,2,24.0,0,2.4,4.4,,,73.0,208.0,27.9225,6.0,North Carolina,2009.0,2009.0,NYG,29,-5.0,0.0952381
2015,1,00-0027006,K.Britt,WR,LA,SEA,0,0,0.0,0,0.0,0.0,0.0,0,0.0,0,3,2,37.0,0,3.7,5.7,,,75.0,223.0,,6.0,Rutgers,2009.0,2009.0,TEN,30,,0.11111111
2015,2,00-0027006,K.Britt,WR,LA,WAS,0,0,0.0,0,0.0,0.0,0.0,0,0.0,0,4,2,44.0,1,10.4,12.4,,,75.0,223.0,,6.0,Rutgers,2009.0,2009.0,TEN,30,,0.125
2015,3,00-0027006,K.Britt,WR,LA,PIT,0,0,0.0,0,0.0,0.0,0.0,0,0.0,0,10,7,102.0,0,10.2,17.2,,,75.0,223.0,,6.0,Rutgers,2009.0,2009.0,TEN,30,,0.3448276
2015,4,00-0027006,K.Britt,WR,LA,ARI,0,0,0.0,0,0.0,0.0,0.0,0,0.0,0,1,0,0.0,0,0.0,0.0,,,75.0,223.0,,6.0,Rutgers,2009.0,2009.0,TEN,30,,0.041666668
2015,5,00-0027006,K.Britt,WR,LA,GB,0,0,0.0,0,0.0,0.0,0.0,0,0.0,0,4,0,0.0,0,0.0,0.0,,,75.0,223.0,,6.0,Rutgers,2009.0,2009.0,TEN,30,,0.13793103
2015,7,00-0027006,K.Britt,WR,LA,CLE,0,0,0.0,0,0.0,0.0,0.0,0,0.0,0,2,1,41.0,0,4.1,5.1,,,75.0,223.0,,6.0,Rutgers,2009.0,2009.0,TEN,30,,0.08695652
2015,8,00-0027006,K.Britt,WR,LA,SF,0,0,0.0,0,0.0,0.0,0.0,0,0.0,0,2,0,0.0,0,0.0,0.0,,,75.0,223.0,,6.0,Rutgers,2009.0,2009.0,TEN,30,,0.08695652
2015,9,00-0027006,K.Britt,WR,LA,MIN,0,0,0.0,0,0.0,0.0,0.0,0,0.0,0,5,3,87.0,0,8.7,11.7,,,75.0,223.0,,6.0,Rutgers,2009.0,2009.0,TEN,30,,0.16129032
2015,10,00-0027006,K.Britt,WR,LA,CHI,0,0,0.0,0,0.0,0.0,0.0,0,0.0,0,3,1,6.0,0,0.6,1.6,,,75.0,223.0,,6.0,Rutgers,2009.0,2009.0,TEN,30,,0.08108108
2015,11,00-0027006,K.Britt,WR,LA,BAL,0,0,0.0,0,0.0,0.0,0.0,0,0.0,0,5,2,24.0,0,2.4,4.4,,,75.0,223.0,,6.0,Rutgers,2009.0,2009.0,TEN,30,,0.1923077
2015,12,00-0027006,K.Britt,WR,LA,CIN,0,0,0.0,0,0.0,0.0,0.0,0,0.0,0,11,6,63.0,0,6.3,12.3,,,75.0,223.0,,6.0,Rutgers,2009.0,2009.0,TEN,30,,0.20754717
2015,13,00-0027006,K.Britt,WR,LA,ARI,0,0,0.0,0,0.0,0.0,0.0,0,0.0,0,6,2,41.0,0,4.1,6.1,,,75.0,223.0,,6.0,Rutgers,2009.0,2009.0,TEN,30,,0.1764706
2015,14,00-0027006,K.Britt,WR,LA,DET,0,0,0.0,0,0.0,0.0,0.0,0,0.0,0,5,2,35.0,0,3.5,5.5,,,75.0,223.0,,6.0,Rutgers,2009.0,2009.0,TEN,30,,0.22727273
2015,15,00-0027006,K.Britt,WR,LA,TB,0,0,0.0,0,0.0,0.0,0.0,0,0.0,0,2,2,71.0,1,13.1,15.1,,,75.0,223.0,,6.0,Rutgers,2009.0,2009.0,TEN,30,,0.11764706
2015,16,00-0027006,K.Britt,WR,LA,SEA,0,0,0.0,0,0.0,0.0,0.0,0,0.0,0,4,3,49.0,1,10.9,13.9,,,75.0,223.0,,6.0,Rutgers,2009.0,2009.0,TEN,30,,0.17391305
2015,17,00-0027006,K.Britt,WR,LA,SF,0,0,0.0,0,0.0,0.0,0.0,0,0.0,0,5,3,81.0,0,8.1,11.1,,,75.0,223.0,,6.0,Rutgers,2009.0,2009.0,TEN,30,,0.13157895
2015,1,00-0027029,L.McCoy,RB,BUF,IND,0,0,0.0,0,0.0,0.0,0.0,17,41.0,0,4,3,46.0,0,8.7,11.7,,,71.0,208.0,27.324625,6.0,Pittsburgh,2009.0,2009.0,PHI,53,13.0,0.21052632
2015,2,00-0027029,L.McCoy,RB,BUF,NE,0,0,0.0,0,0.0,0.0,0.0,15,89.0,0,4,3,27.0,0,11.6,14.6,,,71.0,208.0,27.324625,6.0,Pittsburgh,2009.0,2009.0,PHI,53,-8.0,0.13333334
2015,3,00-0027029,L.McCoy,RB,BUF,MIA,0,0,0.0,0,0.0,0.0,0.0,11,16.0,0,3,1,10.0,1,8.6,9.6,,,71.0,208.0,27.324625,6.0,Pittsburgh,2009.0,2009.0,PHI,53,,0.10344828
2015,6,00-0027029,L.McCoy,RB,BUF,CIN,0,0,0.0,0,0.0,0.0,0.0,17,90.0,1,4,2,4.0,0,15.4,17.4,,,71.0,208.0,27.324625,6.0,Pittsburgh,2009.0,2009.0,PHI,53,-13.0,0.1
2015,7,00-0027029,L.McCoy,RB,BUF,JAX,0,0,0.0,0,0.0,0.0,0.0,18,68.0,0,4,2,36.0,0,10.4,12.4,,,71.0,208.0,27.324625,6.0,Pittsburgh,2009.0,2009.0,PHI,53,,0.0952381
2015,9,00-0027029,L.McCoy,RB,BUF,MIA,0,0,0.0,0,0.0,0.0,0.0,16,112.0,1,2,2,7.0,0,17.9,19.9,,,71.0,208.0,27.324625,6.0,Pittsburgh,2009.0,2009.0,PHI,53,16.0,0.16666667
2015,10,00-0027029,L.McCoy,RB,BUF,NYJ,0,0,0.0,0,0.0,0.0,0.0,19,112.0,0,5,5,47.0,0,15.9,20.9,,,71.0,208.0,27.324625,6.0,Pittsburgh,2009.0,2009.0,PHI,53,,0.1923077
2015,11,00-0027029,L.McCoy,RB,BUF,NE,0,0,0.0,0,0.0,0.0,0.0,20,82.0,1,10,6,41.0,0,18.3,24.3,,,71.0,208.0,27.324625,6.0,Pittsburgh,2009.0,2009.0,PHI,53,,0.2777778
2015,12,00-0027029,L.McCoy,RB,BUF,KC,0,0,0.0,0,0.0,0.0,0.0,19,70.0,0,5,3,31.0,1,14.1,17.1,,,71.0,208.0,27.324625,6.0,Pittsburgh,2009.0,2009.0,PHI,53,,0.13157895
2015,13,00-0027029,L.McCoy,RB,BUF,HOU,0,0,0.0,0,0.0,0.0,0.0,21,112.0,0,1,0,0.0,0,11.2,11.2,,,71.0,208.0,27.324625,6.0,Pittsburgh,2009.0,2009.0,PHI,53,9.0,0.04761905
2015,14,00-0027029,L.McCoy,RB,BUF,PHI,0,0,0.0,0,0.0,0.0,0.0,20,74.0,0,7,4,35.0,0,10.9,14.9,,,71.0,208.0,27.324625,6.0,Pittsburgh,2009.0,2009.0,PHI,53,,0.19444445
2015,15,00-0027029,L.McCoy,RB,BUF,WAS,0,0,0.0,0,0.0,0.0,0.0,10,29.0,0,1,1,8.0,0,3.7,4.7,,,71.0,208.0,27.324625,6.0,Pittsburgh,2009.0,2009.0,PHI,53,,0.037037037
2015,4,00-0027057,B.Tate,WR,CIN,KC,0,0,0.0,0,0.0,0.0,0.0,0,0.0,0,1,1,55.0,1,11.5,12.5,,,73.0,195.0,28.105176470588237,6.0,North Carolina,2009.0,2009.0,NE,83,15.0,0.041666668
2015,9,00-0027057,B.Tate,WR,CIN,CLE,0,0,0.0,0,0.0,0.0,0.0,0,0.0,0,1,1,4.0,0,0.4,1.4,,,73.0,195.0,28.105176470588237,6.0,North Carolina,2009.0,2009.0,NE,83,21.0,0.04
2015,13,00-0027057,B.Tate,WR,CIN,CLE,0,0,0.0,0,0.0,0.0,0.0,0,0.0,0,1,0,0.0,0,0.0,0.0,,,73.0,195.0,28.105176470588237,6.0,North Carolina,2009.0,2009.0,NE,83,,0.045454547
2015,1,00-0027061,J.Cook,TE,LA,SEA,0,0,0.0,0,0.0,0.0,0.0,0,0.0,0,6,5,85.0,0,8.5,13.5,,,77.0,254.0,,6.0,South Carolina,2009.0,2009.0,TEN,89,,0.22222222
2015,2,00-0027061,J.Cook,TE,LA,WAS,0,0,0.0,0,0.0,0.0,0.0,0,0.0,0,7,5,47.0,0,4.7,9.7,,,77.0,254.0,,6.0,South Carolina,2009.0,2009.0,TEN,89,,0.21875
2015,3,00-0027061,J.Cook,TE,LA,PIT,0,0,0.0,0,0.0,0.0,0.0,0,0.0,0,3,1,7.0,0,0.7,1.7,,,77.0,254.0,,6.0,South Carolina,2009.0,2009.0,TEN,89,,0.10344828
2015,4,00-0027061,J.Cook,TE,LA,ARI,0,0,0.0,0,0.0,0.0,0.0,0,0.0,0,6,3,22.0,0,2.2,5.2,,,77.0,254.0,,6.0,South Carolina,2009.0,2009.0,TEN,89,,0.25
2015,5,00-0027061,J.Cook,TE,LA,GB,0,0,0.0,0,0.0,0.0,0.0,0,0.0,0,6,1,8.0,0,0.8,1.8,,,77.0,254.0,,6.0,South Carolina,2009.0,2009.0,TEN,89,,0.20689656
2015,7,00-0027061,J.Cook,TE,LA,CLE,0,0,0.0,0,0.0,0.0,0.0,0,0.0,0,4,2,19.0,0,-0.1,1.9,,,77.0,254.0,,6.0,South Carolina,2009.0,2009.0,TEN,89,,0.17391305
2015,8,00-0027061,J.Cook,TE,LA,SF,0,0,0.0,0,0.0,0.0,0.0,0,0.0,0,3,2,57.0,0,7.7,9.7,,,77.0,254.0,,6.0,South Carolina,2009.0,2009.0,TEN,89,,0.13043478
2015,9,00-0027061,J.Cook,TE,LA,MIN,0,0,0.0,0,0.0,0.0,0.0,0,0.0,0,3,1,10.0,0,1.0,2.0,,,77.0,254.0,,6.0,South Carolina,2009.0,2009.0,TEN,89,,0.09677419
2015,10,00-0027061,J.Cook,TE,LA,CHI,0,0,0.0,0,0.0,0.0,0.0,0,0.0,0,3,2,35.0,0,3.5,5.5,,,77.0,254.0,,6.0,South Carolina,2009.0,2009.0,TEN,89,,0.08108108
2015,11,00-0027061,J.Cook,TE,LA,BAL,0,0,0.0,0,0.0,0.0,0.0,0,0.0,0,6,4,31.0,0,3.1,7.1,,,77.0,254.0,,6.0,South Carolina,2009.0,2009.0,TEN,89,,0.23076923
2015,12,00-0027061,J.Cook,TE,LA,CIN,0,0,0.0,0,0.0,0.0,0.0,0,0.0,0,6,4,58.0,0,5.8,9.8,,,77.0,254.0,,6.0,South Carolina,2009.0,2009.0,TEN,89,,0.11320755
2015,13,00-0027061,J.Cook,TE,LA,ARI,0,0,0.0,0,0.0,0.0,0.0,0,0.0,0,9,3,22.0,0,2.2,5.2,,,77.0,254.0,,6.0,South Carolina,2009.0,2009.0,TEN,89,,0.2647059
2015,14,00-0027061,J.Cook,TE,LA,DET,0,0,0.0,0,0.0,0.0,0.0,0,0.0,0,1,1,11.0,0,1.1,2.1,,,77.0,254.0,,6.0,South Carolina,2009.0,2009.0,TEN,89,,0.045454547
2015,15,00-0027061,J.Cook,TE,LA,TB,0,0,0.0,0,0.0,0.0,0.0,0,0.0,0,6,4,64.0,0,6.4,10.4,,,77.0,254.0,,6.0,South Carolina,2009.0,2009.0,TEN,89,,0.3529412
2015,16,00-0027061,J.Cook,TE,LA,SEA,0,0,0.0,0,0.0,0.0,0.0,0,0.0,0,2,1,5.0,0,0.5,1.5,,,77.0,254.0,,6.0,South Carolina,2009.0,2009.0,TEN,89,,0.08695652
2015,17,00-0027061,J.Cook,TE,LA,SF,0,0,0.0,0,0.0,0.0,0.0,0,0.0,0,4,0,0.0,0,0.0,0.0,,,77.0,254.0,,6.0,South Carolina,2009.0,2009.0,TEN,89,,0.10526316
2015,2,00-0027069,,TE,TEN,CLE,0,0,0.0,0,0.0,0.0,0.0,0,0.0,0,6,4,42.0,0,4.2,8.2,,,78.0,250.0,29.021636363636365,6.0,,2009.0,2009.0,CIN,98,,0.16216215
2015,17,00-0027069,,TE,SEA,ARI,0,0,0.0,0,0.0,0.0,0.0,0,0.0,0,5,4,29.0,1,8.9,12.9,,,78.0,250.0,29.021636363636365,6.0,,2009.0,2009.0,CIN,98,,0.15625
2015,18,00-0027069,,TE,SEA,MIN,0,0,0.0,0,0.0,0.0,0.0,0,0.0,0,3,0,0.0,0,0.0,0.0,,,78.0,250.0,29.021636363636365,6.0,,2009.0,2009.0,CIN,98,,0.115384616
2015,1,00-0027077,,WR,CLE,NYJ,0,0,0.0,0,0.0,0.0,0.0,0,0.0,0,5,2,20.0,0,2.0,4.0,,,74.0,200.0,,6.0,Ohio State,2009.0,2009.0,MIA,108,,0.15625
2015,2,00-0027077,,WR,CLE,TEN,0,0,0.0,0,0.0,0.0,0.0,0,0.0,0,3,0,0.0,0,0.0,0.0,,,74.0,200.0,,6.0,Ohio State,2009.0,2009.0,MIA,108,14.0,0.2
2015,3,00-0027077,,WR,CLE,LV,0,0,0.0,0,0.0,0.0,0.0,0,0.0,0,7,5,96.0,0,9.6,14.6,,,74.0,200.0,,6.0,Ohio State,2009.0,2009.0,MIA,108,-7.0,0.14285715
2015,4,00-0027077,,WR,CLE,LAC,0,0,0.0,0,0.0,0.0,0.0,0,0.0,0,1,1,7.0,0,0.7,1.7,,,74.0,200.0,,6.0,Ohio State,2009.0,2009.0,MIA,108,,0.025
2015,5,00-0027077,,WR,CLE,BAL,0,0,0.0,0,0.0,0.0,0.0,0,0.0,0,3,1,5.0,0,0.5,1.5,,,74.0,200.0,,6.0,Ohio State,2009.0,2009.0,MIA,108,,0.05882353
2015,6,00-0027077,,WR,CLE,DEN,0,0,0.0,0,0.0,0.0,0.0,0,0.0,0,3,0,0.0,0,0.0,0.0,,,74.0,200.0,,6.0,Ohio State,2009.0,2009.0,MIA,108,-3.0,0.07692308
2015,7,00-0027077,,WR,CLE,LA,0,0,0.0,0,0.0,0.0,0.0,0,0.0,0,3,3,22.0,0,2.2,5.2,,,74.0,200.0,,6.0,Ohio State,2009.0,2009.0,MIA,108,,0.083333336
2015,8,00-0027077,,WR,CLE,ARI,0,0,0.0,0,0.0,0.0,0.0,0,0.0,0,10,4,32.0,2,15.2,19.2,,,74.0,200.0,,6.0,Ohio State,2009.0,2009.0,MIA,108,-14.0,0.25
2015,10,00-0027077,,WR,CLE,PIT,0,0,0.0,0,0.0,0.0,0.0,0,0.0,0,9,6,77.0,0,7.7,13.7,,,74.0,200.0,,6.0,Ohio State,2009.0,2009.0,MIA,108,,0.2
2015,12,00-0027077,,WR,CLE,BAL,0,0,0.0,0,0.0,0.0,0.0,0,0.0,0,12,8,74.0,0,7.4,15.4,,,74.0,200.0,,6.0,Ohio State,2009.0,2009.0,MIA,108,-6.0,0.25
2015,13,00-0027077,,WR,CLE,CIN,0,0,0.0,0,0.0,0.0,0.0,0,0.0,0,11,8,83.0,0,8.3,16.3,,,74.0,200.0,,6.0,Ohio State,2009.0,2009.0,MIA,108,-34.0,0.30555555
2015,14,00-0027077,,WR,CLE,SF,0,0,0.0,0,0.0,0.0,0.0,0,0.0,0,10,8,107.0,0,10.7,18.7,,,74.0,200.0,,6.0,Ohio State,2009.0,2009.0,MIA,108,14.0,0.32258064
2015,1,00-0027089,L.Murphy,WR,TB,TEN,0,0,0.0,0,0.0,0.0,0.0,0,0.0,0,3,0,0.0,0,0.0,0.0,,,74.0,200.0,28.393333333333334,6.0,Florida,2009.0,2009.0,OAK,124,-28.0,0.09090909
2015,2,00-0027089,L.Murphy,WR,TB,NO,0,0,0.0,0,0.0,0.0,0.0,0,0.0,0,4,3,82.0,0,8.2,11.2,,,74.0,200.0,28.393333333333334,6.0,Florida,2009.0,2009.0,OAK,124,,0.1904762
2015,3,00-0027089,L.Murphy,WR,TB,HOU,0,0,0.0,0,0.0,0.0,0.0,0,0.0,0,6,3,61.0,0,6.1,9.1,,,74.0,200.0,28.393333333333334,6.0,Florida,2009.0,2009.0,OAK,124,,0.1764706
2015,4,00-0027089,L.Murphy,WR,TB,CAR,0,0,0.0,0,0.0,0.0,0.0,0,0.0,0,4,3,26.0,0,2.6,5.6,,,74.0,200.0,28.393333333333334,6.0,Florida,2009.0,2009.0,OAK,124,-14.0,0.09756097
2015,7,00-0027089,L.Murphy,WR,TB,WAS,0,0,0.0,0,0.0,0.0,0.0,0,0.0,0,1,1,29.0,0,2.9,3.9,,,74.0,200.0,28.393333333333334,6.0,Florida,2009.0,2009.0,OAK,124,,0.03448276
2015,1,00-0027125,Z.Miller,TE,CHI,GB,0,0,0.0,0,0.0,0.0,0.0,0,0.0,0,1,0,0.0,0,0.0,0.0,,,77.0,240.0,31.095875,6.0,Nebraska-Omaha,2009.0,2009.0,JAX,180,-8.0,0.028571429
2015,2,00-0027125,Z.Miller,TE,CHI,ARI,0,0,0.0,0,0.0,0.0,0.0,0,0.0,0,2,2,14.0,0,1.4,3.4,,,77.0,240.0,31.095875,6.0,Nebraska-Omaha,2009.0,2009.0,JAX,180,-25.0,0.0625
2015,3,00-0027125,Z.Miller,TE,CHI,SEA,0,0,0.0,0,0.0,0.0,0.0,0,0.0,0,1,1,21.0,0,2.1,3.1,,,77.0,240.0,31.095875,6.0,Nebraska-Omaha,2009.0,2009.0,JAX,180,,0.05882353
2015,5,00-0027125,Z.Miller,TE,CHI,KC,0,0,0.0,0,0.0,0.0,0.0,0,0.0,0,1,0,0.0,0,0.0,0.0,,,77.0,240.0,31.095875,6.0,Nebraska-Omaha,2009.0,2009.0,JAX,180,,0.022222223
2015,9,00-0027125,Z.Miller,TE,CHI,LAC,0,0,0.0,0,0.0,0.0,0.0,0,0.0,0,2,2,23.0,1,8.3,10.3,,,77.0,240.0,31.095875,6.0,Nebraska-Omaha,2009.0,2009.0,JAX,180,,0.05263158
2015,10,00-0027125,Z.Miller,TE,CHI,LA,0,0,0.0,0,0.0,0.0,0.0,0,0.0,0,5,5,107.0,2,22.7,27.7,,,77.0,240.0,31.095875,6.0,Nebraska-Omaha,2009.0,2009.0,JAX,180,,0.20833333
2015,11,00-0027125,Z.Miller,TE,CHI,DEN,0,0,0.0,0,0.0,0.0,0.0,0,0.0,0,6,3,47.0,0,4.7,7.7,,,77.0,240.0,31.095875,6.0,Nebraska-Omaha,2009.0,2009.0,JAX,180,-2.0,0.1875
2015,12,00-0027125,Z.Miller,TE,CHI,GB,0,0,0.0,0,0.0,0.0,0.0,0,0.0,0,7,2,10.0,1,7.0,9.0,,,77.0,240.0,31.095875,6.0,Nebraska-Omaha,2009.0,2009.0,JAX,180,,0.22580644
2015,13,00-0027125,Z.Miller,TE,CHI,SF,0,0,0.0,0,0.0,0.0,0.0,0,0.0,0,1,1,6.0,0,0.6,1.6,,,77.0,240.0,31.095875,6.0,Nebraska-Omaha,2009.0,2009.0,JAX,180,-6.0,0.032258064
2015,14,00-0027125,Z.Miller,TE,CHI,WAS,0,0,0.0,0,0.0,0.0,0.0,0,0.0,0,6,5,85.0,1,14.5,19.5,,,77.0,240.0,31.095875,6.0,Nebraska-Omaha,2009.0,2009.0,JAX,180,-3.0,0.19354838
2015,15,00-0027125,Z.Miller,TE,CHI,MIN,0,0,0.0,0,0.0,0.0,0.0,0,0.0,0,6,6,57.0,0,5.7,11.7,,,77.0,240.0,31.095875,6.0,Nebraska-Omaha,2009.0,2009.0,JAX,180,,0.16666667
2015,16,00-0027125,Z.Miller,TE,CHI,TB,0,0,0.0,0,0.0,0.0,0.0,0,0.0,0,8,7,69.0,0,6.9,13.9,,,77.0,240.0,31.095875,6.0,Nebraska-Omaha,2009.0,2009.0,JAX,180,,0.2962963
2015,3,00-0027135,,TE,TB,HOU,0,0,0.0,0,0.0,0.0,0.0,0,0.0,0,4,3,18.0,0,1.8,4.8,,,75.0,256.0,30.179625,6.0,Iowa,2009.0,2009.0,OAK,202,,0.11764706
2015,4,00-0027135,,TE,TB,CAR,0,0,0.0,0,0.0,0.0,0.0,0,0.0,0,3,1,8.0,0,0.8,1.8,,,75.0,256.0,30.179625,6.0,Iowa,2009.0,2009.0,OAK,202,-14.0,0.07317073
2015,5,00-0027135,,TE,TB,JAX,0,0,0.0,0,0.0,0.0,0.0,0,0.0,0,2,2,34.0,0,3.4,5.4,,,75.0,256.0,30.179625,6.0,Iowa,2009.0,2009.0,OAK,202,7.0,0.11111111
2015,7,00-0027135,,TE,TB,WAS,0,0,0.0,0,0.0,0.0,0.0,0,0.0,0,1,0,0.0,0,0.0,0.0,,,75.0,256.0,30.179625,6.0,Iowa,2009.0,2009.0,OAK,202,,0.03448276
2015,8,00-0027135,,TE,TB,ATL,0,0,0.0,0,0.0,0.0,0.0,0,0.0,0,3,3,32.0,0,3.2,6.2,,,75.0,256.0,30.179625,6.0,Iowa,2009.0,2009.0,OAK,202,,0.10344828
2015,10,00-0027135,,TE,TB,DAL,0,0,0.0,0,0.0,0.0,0.0,0,0.0,0,4,3,35.0,0,3.5,6.5,,,75.0,256.0,30.179625,6.0,Iowa,2009.0,2009.0,OAK,202,4.0,0.10526316
2015,3,00-0027139,J.Phillips,TE,LAC,MIN,0,0,0.0,0,0.0,0.0,0.0,0,0.0,0,4,4,35.0,0,3.5,7.5,,,77.0,251.0,28.409375,6.0,Virginia,2009.0,2009.0,DAL,208,,0.1
2015,4,00-0027139,J.Phillips,TE,LAC,CLE,0,0,0.0,0,0.0,0.0,0.0,0,0.0,0,2,1,1.0,1,6.1,7.1,,,77.0,251.0,28.409375,6.0,Virginia,2009.0,2009.0,DAL,208,,0.054054055
2015,7,00-0027139,J.Phillips,TE,LAC,LV,0,0,0.0,0,0.0,0.0,0.0,0,0.0,0,1,1,5.0,0,0.5,1.5,,,77.0,251.0,28.409375,6.0,Virginia,2009.0,2009.0,DAL,208,,0.018181818
2015,8,00-0027139,J.Phillips,TE,LAC,BAL,0,0,0.0,0,0.0,0.0,0.0,0,0.0,0,2,2,11.0,0,1.1,3.1,,,77.0,251.0,28.409375,6.0,Virginia,2009.0,2009.0,DAL,208,,0.055555556
2015,13,00-0027139,J.Phillips,TE,LAC,DEN,0,0,0.0,0,0.0,0.0,0.0,0,0.0,0,1,1,8.0,0,0.8,1.8,,,77.0,251.0,28.409375,6.0,Virginia,2009.0,2009.0,DAL,208,,0.030303031
2015,16,00-0027139,J.Phillips,TE,LAC,LV,0,0,0.0,0,0.0,0.0,0.0,0,0.0,0,1,1,9.0,0,0.9,1.9,,,77.0,251.0,28.409375,6.0,Virginia,2009.0,2009.0,DAL,208,,0.020408163
2015,3,00-0027145,,P,IND,TEN,0,0,0.0,0,0.0,0.0,0.0,1,18.0,0,0,0,0.0,0,1.8,1.8,,,73.0,233.0,28.518875,6.0,West Virginia,2009.0,2009.0,IND,222,,
2015,1,00-0027150,J.Edelman,WR,NE,PIT,0,0,0.0,0,0.0,0.0,0.0,1,9.0,0,12,11,97.0,0,10.6,21.6,,,70.0,200.0,29.491555555555554,6.0,Kent State,2009.0,2009.0,NE,232,7.0,0.375
2015,2,00-0027150,J.Edelman,WR,NE,BUF,0,0,0.0,0,0.0,0.0,0.0,1,12.0,0,19,11,97.0,2,22.9,33.9,,,70.0,200.0,29.491555555555554,6.0,Kent State,2009.0,2009.0,NE,232,,0.3220339
2015,3,00-0027150,J.Edelman,WR,NE,JAX,0,0,0.0,0,0.0,0.0,0.0,0,0.0,0,11,8,85.0,0,8.5,16.5,,,70.0,200.0,29.491555555555554,6.0,Kent State,2009.0,2009.0,NE,232,34.0,0.2682927
2015,5,00-0027150,J.Edelman,WR,NE,DAL,0,0,0.0,0,0.0,0.0,0.0,0,0.0,0,5,4,120.0,1,18.0,22.0,,,70.0,200.0,29.491555555555554,6.0,Kent State,2009.0,2009.0,NE,232,,0.18518518
2015,6,00-0027150,J.Edelman,WR,NE,IND,0,0,0.0,0,0.0,0.0,0.0,1,2.0,0,10,6,50.0,1,11.2,17.2,,,70.0,200.0,29.491555555555554,6.0,Kent State,2009.0,2009.0,NE,232,,0.27027026
2015,7,00-0027150,J.Edelman,WR,NE,NYJ,0,0,0.0,0,0.0,0.0,0.0,0,0.0,0,9,5,54.0,0,5.4,10.4,,,70.0,200.0,29.491555555555554,6.0,Kent State,2009.0,2009.0,NE,232,7.0,0.16666667
2015,8,00-0027150,J.Edelman,WR,NE,MIA,0,0,0.0,0,0.0,0.0,0.0,0,0.0,0,9,7,81.0,2,20.1,27.1,,,70.0,200.0,29.491555555555554,6.0,Kent State,2009.0,2009.0,NE,232,29.0,0.23684211
2015,9,00-0027150,J.Edelman,WR,NE,WAS,0,0,0.0,0,0.0,0.0,0.0,0,0.0,0,8,5,55.0,1,9.5,14.5,,,70.0,200.0,29.491555555555554,6.0,Kent State,2009.0,2009.0,NE,232,17.0,0.20512821
2015,10,00-0027150,J.Edelman,WR,NE,NYG,0,0,0.0,0,0.0,0.0,0.0,0,0.0,0,5,4,53.0,0,5.3,9.3,,,70.0,200.0,29.491555555555554,6.0,Kent State,2009.0,2009.0,NE,232,,0.12195122
2015,19,00-0027150,J.Edelman,WR,NE,KC,0,0,0.0,0,0.0,0.0,0.0,1,11.0,0,16,10,100.0,0,11.1,21.1,,,70.0,200.0,29.491555555555554,6.0,Kent State,2009.0,2009.0,NE,232,7.0,0.3902439
2015,20,00-0027150,J.Edelman,WR,NE,DEN,0,0,0.0,0,0.0,0.0,0.0,0,0.0,0,13,7,53.0,0,5.3,12.3,,,70.0,200.0,29.491555555555554,6.0,Kent State,2009.0,2009.0,NE,232,,0.23214285
2015,1,00-0027155,,RB,NYG,DAL,0,0,0.0,0,0.0,0.0,0.0,13,52.0,1,1,0,0.0,0,11.2,11.2,,,73.0,231.0,30.6175,6.0,Liberty,2009.0,2009.0,JAX,250,,0.030303031
2015,2,00-0027155,,RB,NYG,ATL,0,0,0.0,0,0.0,0.0,0.0,9,12.0,0,2,2,12.0,0,2.4,4.4,,,73.0,231.0,30.6175,6.0,Liberty,2009.0,2009.0,JAX,250,-4.0,0.05
2015,3,00-0027155,,RB,NYG,WAS,0,0,0.0,0,0.0,0.0,0.0,11,32.0,0,3,3,25.0,0,5.7,8.7,,,73.0,231.0,30.6175,6.0,Liberty,2009.0,2009.0,JAX,250,11.0,0.09375
2015,4,00-0027155,,RB,NYG,BUF,0,0,0.0,0,0.0,0.0,0.0,9,38.0,0,2,2,54.0,1,15.2,17.2,,,73.0,231.0,30.6175,6.0,Liberty,2009.0,2009.0,JAX,250,,0.057142857
2015,5,00-0027155,,RB,NYG,SF,0,0,0.0,0,0.0,0.0,0.0,11,46.0,0,4,4,21.0,0,6.7,10.7,,,73.0,231.0,30.6175,6.0,Liberty,2009.0,2009.0,JAX,250,3.0,0.0754717
2015,6,00-0027155,,RB,NYG,PHI,0,0,0.0,0,0.0,0.0,0.0,13,63.0,0,3,3,20.0,0,6.3,9.3,,,73.0,231.0,30.6175,6.0,Liberty,2009.0,2009.0,JAX,250,,0.083333336
2015,7,00-0027155,,RB,NYG,DAL,0,0,0.0,0,0.0,0.0,0.0,5,19.0,0,0,0,0.0,0,1.9,1.9,,,73.0,231.0,30.6175,6.0,Liberty,2009.0,2009.0,JAX,250,7.0,
2015,8,00-0027155,,RB,NYG,NO,0,0,0.0,0,0.0,0.0,0.0,10,54.0,0,3,2,31.0,0,8.5,10.5,,,73.0,231.0,30.6175,6.0,Liberty,2009.0,2009.0,JAX,250,,0.07317073
2015,9,00-0027155,,RB,NYG,TB,0,0,0.0,0,0.0,0.0,0.0,13,48.0,0,1,1,-1.0,0,4.7,5.7,,,73.0,231.0,30.6175,6.0,Liberty,2009.0,2009.0,JAX,250,,0.025
2015,10,00-0027155,,RB,NYG,NE,0,0,0.0,0,0.0,0.0,0.0,11,39.0,0,3,2,12.0,0,5.1,7.1,,,73.0,231.0,30.6175,6.0,Liberty,2009.0,2009.0,JAX,250,-1.0,0.06818182
2015,12,00-0027155,,RB,NYG,WAS,0,0,0.0,0,0.0,0.0,0.0,6,14.0,0,3,2,14.0,0,2.8,4.8,,,73.0,231.0,30.6175,6.0,Liberty,2009.0,2009.0,JAX,250,,0.05882353
2015,13,00-0027155,,RB,NYG,NYJ,0,0,0.0,0,0.0,0.0,0.0,5,14.0,0,2,1,19.0,0,3.3,4.3,,,73.0,231.0,30.6175,6.0,Liberty,2009.0,2009.0,JAX,250,-3.0,0.05882353
2015,14,00-0027155,,RB,NYG,MIA,0,0,0.0,0,0.0,0.0,0.0,22,81.0,0,2,2,21.0,0,10.2,12.2,,,73.0,231.0,30.6175,6.0,Liberty,2009.0,2009.0,JAX,250,,0.06451613
2015,15,00-0027155,,RB,NYG,CAR,0,0,0.0,0,0.0,0.0,0.0,16,107.0,1,3,1,0.0,0,14.7,15.7,,,73.0,231.0,30.6175,6.0,Liberty,2009.0,2009.0,JAX,250,-3.0,0.06666667
2015,16,00-0027155,,RB,NYG,MIN,0,0,0.0,0,0.0,0.0,0.0,14,74.0,0,3,2,62.0,0,13.6,15.6,,,73.0,231.0,30.6175,6.0,Liberty,2009.0,2009.0,JAX,250,,0.0882353
2015,17,00-0027155,,RB,NYG,PHI,0,0,0.0,0,0.0,0.0,0.0,27,170.0,1,5,2,6.0,0,23.6,25.6,,,73.0,231.0,30.6175,6.0,Liberty,2009.0,2009.0,JAX,250,-5.0,0.11904762
2015,1,00-0027218,,RB,DET,LAC,0,0,0.0,0,0.0,0.0,0.0,6,14.0,0,2,2,27.0,0,4.1,6.1,,,71.0,231.0,29.261375,5.0,Wayne State (Mich.),2010.0,2010.0,,,,0.071428575
2015,2,00-0027218,,RB,DET,MIN,0,0,0.0,0,0.0,0.0,0.0,4,2.0,0,2,2,16.0,0,1.8,3.8,,,71.0,231.0,29.261375,5.0,Wayne State (Mich.),2010.0,2010.0,,,,0.03846154
2015,3,00-0027218,,RB,DET,DEN,0,0,0.0,0,0.0,0.0,0.0,10,6.0,1,1,1,-2.0,0,6.4,7.4,,,71.0,231.0,29.261375,5.0,Wayne State (Mich.),2010.0,2010.0,,,-12.0,0.022222223
2015,7,00-0027218,,RB,DET,MIN,0,0,0.0,0,0.0,0.0,0.0,3,21.0,0,2,2,14.0,0,3.5,5.5,,,71.0,231.0,29.261375,5.0,Wayne State (Mich.),2010.0,2010.0,,,-9.0,0.07692308
2015,8,00-0027218,,RB,DET,KC,0,0,0.0,0,0.0,0.0,0.0,7,56.0,0,1,0,0.0,0,5.6,5.6,,,71.0,231.0,29.261375,5.0,Wayne State (Mich.),2010.0,2010.0,,,,0.02631579
2015,10,00-0027218,,RB,DET,GB,0,0,0.0,0,0.0,0.0,0.0,14,17.0,0,3,2,18.0,0,3.5,5.5,,,71.0,231.0,29.261375,5.0,Wayne State (Mich.),2010.0,2010.0,,,,0.078947365
2015,11,00-0027218,,RB,DET,LV,0,0,0.0,0,0.0,0.0,0.0,6,22.0,0,1,1,18.0,0,4.0,5.0,,,71.0,231.0,29.261375,5.0,Wayne State (Mich.),2010.0,2010.0,,,5.0,0.029411765
2015,12,00-0027218,,RB,DET,PHI,0,0,0.0,0,0.0,0.0,0.0,7,25.0,1,3,2,57.0,0,14.2,16.2,,,71.0,231.0,29.261375,5.0,Wayne State (Mich.),2010.0,2010.0,,,31.0,0.078947365
2015,13,00-0027218,,RB,DET,GB,0,0,0.0,0,0.0,0.0,0.0,8,5.0,0,2,2,25.0,0,3.0,5.0,,,71.0,231.0,29.261375,5.0,Wayne State (Mich.),2010.0,2010.0,,,-4.0,0.05882353
2015,14,00-0027218,,RB,DET,LA,0,0,0.0,0,0.0,0.0,0.0,7,50.0,0,2,2,25.0,0,7.5,9.5,,,71.0,231.0,29.261375,5.0,Wayne State (Mich.),2010.0,2010.0,,,,0.044444446
2015,15,00-0027218,,RB,DET,NO,0,0,0.0,0,0.0,0.0,0.0,8,71.0,1,3,2,30.0,0,16.1,18.1,,,71.0,231.0,29.261375,5.0,Wayne State (Mich.),2010.0,2010.0,,,,0.12
2015,16,00-0027218,,RB,DET,SF,0,0,0.0,0,0.0,0.0,0.0,7,13.0,1,3,2,9.0,0,8.2,10.2,,,71.0,231.0,29.261375,5.0,Wayne State (Mich.),2010.0,2010.0,,,15.0,0.08108108
2015,17,00-0027218,,RB,DET,CHI,0,0,0.0,0,0.0,0.0,0.0,3,9.0,0,2,2,49.0,0,5.8,7.8,,,71.0,231.0,29.261375,5.0,Wayne State (Mich.),2010.0,2010.0,,,,0.051282052
2015,3,00-0027321,J.Cumberland,TE,NYJ,PHI,0,0,0.0,0,0.0,0.0,0.0,0,0.0,0,4,2,10.0,0,1.0,3.0,,,76.0,260.0,28.5245,5.0,Illinois,2010.0,2010.0,,,-7.0,0.06896552
2015,7,00-0027321,J.Cumberland,TE,NYJ,NE,0,0,0.0,0,0.0,0.0,0.0,0,0.0,0,3,1,16.0,0,1.6,2.6,,,76.0,260.0,28.5245,5.0,Illinois,2010.0,2010.0,,,,0.07692308
2015,8,00-0027321,J.Cumberland,TE,NYJ,LV,0,0,0.0,0,0.0,0.0,0.0,0,0.0,0,3,1,7.0,0,0.7,1.7,,,76.0,260.0,28.5245,5.0,Illinois,2010.0,2010.0,,,,0.06382979
2015,9,00-0027321,J.Cumberland,TE,NYJ,JAX,0,0,0.0,0,0.0,0.0,0.0,0,0.0,0,3,1,44.0,0,4.4,5.4,,,76.0,260.0,28.5245,5.0,Illinois,2010.0,2010.0,,,5.0,0.0882353
2015,14,00-0027321,J.Cumberland,TE,NYJ,TEN,0,0,0.0,0,0.0,0.0,0.0,0,0.0,0,1,0,0.0,0,0.0,0.0,,,76.0,260.0,28.5245,5.0,Illinois,2010.0,2010.0,,,22.0,0.027777778
2015,2,00-0027325,L.Blount,RB,NE,BUF,0,0,0.0,0,0.0,0.0,0.0,2,4.0,0,0,0,0.0,0,0.4,0.4,,,72.0,250.0,28.91208333333333,5.0,Oregon,2010.0,2010.0,,,,
2015,3,00-0027325,L.Blount,RB,NE,JAX,0,0,0.0,0,0.0,0.0,0.0,18,78.0,3,1,1,14.0,0,27.2,28.2,,,72.0,250.0,28.91208333333333,5.0,Oregon,2010.0,2010.0,,,34.0,0.024390243
2015,5,00-0027325,L.Blount,RB,NE,DAL,0,0,0.0,0,0.0,0.0,0.0,13,74.0,0,0,0,0.0,0,7.4,7.4,,,72.0,250.0,28.91208333333333,5.0,Oregon,2010.0,2010.0,,,,
2015,6,00-0027325,L.Blount,RB,NE,IND,0,0,0.0,0,0.0,0.0,0.0,16,93.0,1,1,1,11.0,1,22.4,23.4,,,72.0,250.0,28.91208333333333,5.0,Oregon,2010.0,2010.0,,,,0.027027028
2015,7,00-0027325,L.Blount,RB,NE,NYJ,0,0,0.0,0,0.0,0.0,0.0,3,-3.0,0,0,0,0.0,0,-0.3,-0.3,,,72.0,250.0,28.91208333333333,5.0,Oregon,2010.0,2010.0,,,7.0,
2015,8,00-0027325,L.Blount,RB,NE,MIA,0,0,0.0,0,0.0,0.0,0.0,17,72.0,0,1,1,2.0,0,7.4,8.4,,,72.0,250.0,28.91208333333333,5.0,Oregon,2010.0,2010.0,,,29.0,0.02631579
2015,9,00-0027325,L.Blount,RB,NE,WAS,0,0,0.0,0,0.0,0.0,0.0,29,129.0,1,0,0,0.0,0,18.9,18.9,,,72.0,250.0,28.91208333333333,5.0,Oregon,2010.0,2010.0,,,17.0,
2015,10,00-0027325,L.Blount,RB,NE,NYG,0,0,0.0,0,0.0,0.0,0.0,19,66.0,1,2,2,11.0,0,13.7,15.7,,,72.0,250.0,28.91208333333333,5.0,Oregon,2010.0,2010.0,,,,0.048780486
2015,11,00-0027325,L.Blount,RB,NE,BUF,0,0,0.0,0,0.0,0.0,0.0,16,56.0,0,2,1,5.0,0,6.1,7.1,,,72.0,250.0,28.91208333333333,5.0,Oregon,2010.0,2010.0,,,7.0,0.05263158
2015,12,00-0027325,L.Blount,RB,NE,DEN,0,0,0.0,0,0.0,0.0,0.0,9,27.0,0,0,0,0.0,0,2.7,2.7,,,72.0,250.0,28.91208333333333,5.0,Oregon,2010.0,2010.0,,,,
2015,13,00-0027325,L.Blount,RB,NE,PHI,0,0,0.0,0,0.0,0.0,0.0,13,54.0,0,0,0,0.0,0,5.4,5.4,,,72.0,250.0,28.91208333333333,5.0,Oregon,2010.0,2010.0,,,-7.0,
2015,14,00-0027325,L.Blount,RB,NE,HOU,0,0,0.0,0,0.0,0.0,0.0,10,53.0,0,0,0,0.0,0,5.3,5.3,,,72.0,250.0,28.91208333333333,5.0,Oregon,2010.0,2010.0,,,,
2015,3,00-0027356,,WR,CLE,LV,0,0,0.0,0,0.0,0.0,0.0,0,0.0,0,1,1,15.0,0,1.5,2.5,,,72.0,190.0,,5.0,,2010.0,2010.0,,,-7.0,0.020408163
2015,12,00-0027356,,WR,CLE,BAL,0,0,0.0,0,0.0,0.0,0.0,0,0.0,0,2,1,10.0,1,7.0,8.0,,,72.0,190.0,,5.0,,2010.0,2010.0,,,-6.0,0.041666668
2015,13,00-0027356,,WR,CLE,CIN,0,0,0.0,0,0.0,0.0,0.0,0,0.0,0,1,1,14.0,0,1.4,2.4,,,72.0,190.0,,5.0,,2010.0,2010.0,,,-34.0,0.027777778
2015,14,00-0027356,,WR,CLE,SF,0,0,0.0,0,0.0,0.0,0.0,0,0.0,0,3,2,23.0,0,2.3,4.3,,,72.0,190.0,,5.0,,2010.0,2010.0,,,14.0,0.09677419
2015,15,00-0027356,,WR,CLE,SEA,0,0,0.0,0,0.0,0.0,0.0,0,0.0,0,2,1,20.0,0,2.0,3.0,,,72.0,190.0,,5.0,,2010.0,2010.0,,,,0.06451613
2015,16,00-0027356,,WR,CLE,KC,0,0,0.0,0,0.0,0.0,0.0,0,0.0,0,1,1,-1.0,0,-0.1,0.9,,,72.0,190.0,,5.0,,2010.0,2010.0,,,,0.03448276
2015,1,00-0027450,,WR,NYG,DAL,0,0,0.0,0,0.0,0.0,0.0,0,0.0,0,6,2,23.0,0,2.3,4.3,,,72.0,200.0,28.59,5.0,North Alabama,2010.0,2010.0,,,,0.18181819
2015,2,00-0027450,,WR,NYG,ATL,0,0,0.0,0,0.0,0.0,0.0,0,0.0,0,6,3,17.0,0,1.7,4.7,,,72.0,200.0,28.59,5.0,North Alabama,2010.0,2010.0,,,-4.0,0.15
2015,1,00-0027531,C.Ivory,RB,NYJ,CLE,0,0,0.0,0,0.0,0.0,0.0,20,91.0,2,1,1,9.0,0,22.0,23.0,,,72.0,222.0,27.6346875,5.0,Tiffin University,2010.0,2010.0,,,21.0,0.041666668
2015,2,00-0027531,C.Ivory,RB,NYJ,IND,0,0,0.0,0,0.0,0.0,0.0,14,57.0,0,2,2,3.0,0,6.0,8.0,,,72.0,222.0,27.6346875,5.0,Tiffin University,2010.0,2010.0,,,,0.05882353
2015,4,00-0027531,C.Ivory,RB,NYJ,MIA,0,0,0.0,0,0.0,0.0,0.0,29,166.0,1,2,0,0.0,0,22.6,22.6,,,72.0,222.0,27.6346875,5.0,Tiffin University,2010.0,2010.0,,,,0.06896552
2015,6,00-0027531,C.Ivory,RB,NYJ,WAS,0,0,0.0,0,0.0,0.0,0.0,20,146.0,1,3,3,50.0,0,25.6,28.6,,,72.0,222.0,27.6346875,5.0,Tiffin University,2010.0,2010.0,,,14.0,0.115384616
2015,7,00-0027531,C.Ivory,RB,NYJ,NE,0,0,0.0,0,0.0,0.0,0.0,17,41.0,0,2,2,12.0,1,11.3,13.3,,,72.0,222.0,27.6346875,5.0,Tiffin University,2010.0,2010.0,,,,0.051282052
2015,8,00-0027531,C.Ivory,RB,NYJ,LV,0,0,0.0,0,0.0,0.0,0.0,15,17.0,0,5,3,24.0,0,4.1,7.1,,,72.0,222.0,27.6346875,5.0,Tiffin University,2010.0,2010.0,,,,0.10638298
2015,9,00-0027531,C.Ivory,RB,NYJ,JAX,0,0,0.0,0,0.0,0.0,0.0,23,26.0,2,3,3,22.0,0,16.8,19.8,,,72.0,222.0,27.6346875,5.0,Tiffin University,2010.0,2010.0,,,5.0,0.0882353
2015,10,00-0027531,C.Ivory,RB,NYJ,BUF,0,0,0.0,0,0.0,0.0,0.0,18,99.0,0,3,2,36.0,0,11.5,13.5,,,72.0,222.0,27.6346875,5.0,Tiffin University,2010.0,2010.0,,,-5.0,0.0882353
2015,11,00-0027531,C.Ivory,RB,NYJ,HOU,0,0,0.0,0,0.0,0.0,0.0,8,36.0,0,1,1,9.0,0,4.5,5.5,,,72.0,222.0,27.6346875,5.0,Tiffin University,2010.0,2010.0,,,,0.025641026
2015,12,00-0027531,C.Ivory,RB,NYJ,MIA,0,0,0.0,0,0.0,0.0,0.0,21,87.0,1,2,2,15.0,0,16.2,18.2,,,72.0,222.0,27.6346875,5.0,Tiffin University,2010.0,2010.0,,,18.0,0.054054055
2015,13,00-0027531,C.Ivory,RB,NYJ,NYG,0,0,0.0,0,0.0,0.0,0.0,10,47.0,0,5,5,22.0,0,4.9,9.9,,,72.0,222.0,27.6346875,5.0,Tiffin University,2010.0,2010.0,,,,0.1
2015,14,00-0027531,C.Ivory,RB,NYJ,TEN,0,0,0.0,0,0.0,0.0,0.0,22,101.0,0,2,1,6.0,0,10.7,11.7,,,72.0,222.0,27.6346875,5.0,Tiffin University,2010.0,2010.0,,,22.0,0.055555556
2015,15,00-0027531,C.Ivory,RB,NYJ,DAL,0,0,0.0,0,0.0,0.0,0.0,13,37.0,0,2,1,5.0,0,4.2,5.2,,,72.0,222.0,27.6346875,5.0,Tiffin University,2010.0,2010.0,,,,0.051282052
2015,16,00-0027531,C.Ivory,RB,NYJ,NE,0,0,0.0,0,0.0,0.0,0.0,11,38.0,0,4,4,4.0,0,4.2,8.2,,,72.0,222.0,27.6346875,5.0,Tiffin University,2010.0,2010.0,,,6.0,0.1
2015,17,00-0027531,C.Ivory,RB,NYJ,BUF,0,0,0.0,0,0.0,0.0,0.0,6,81.0,0,0,0,0.0,0,8.1,8.1,,,72.0,222.0,27.6346875,5.0,Tiffin University,2010.0,2010.0,,,,
2015,3,00-0027539,A.Levine,SS,BAL,CIN,0,0,0.0,0,0.0,0.0,0.0,1,3.0,0,0,0,0.0,0,0.3,0.3,,,71.0,200.0,,5.0,Tennessee State,2010.0,2010.0,,,-4.0,
2015,8,00-0027547,M.Sherels,CB,MIN,MIN,0,0,0.0,0,0.0,0.0,0.0,0,0.0,0,0,0,0.0,0,6.0,6.0,,,70.0,175.0,28.12105882352941,5.0,Minnesota,2010.0,2010.0,,,,
2015,12,00-0027581,,WR,PHI,DET,0,0,0.0,0,0.0,0.0,0.0,0,0.0,0,2,1,4.0,0,0.4,1.4,,,75.0,215.0,28.40875,5.0,Fresno State,2010.0,2010.0,,,,0.074074075
2015,14,00-0027581,,WR,PHI,BUF,0,0,0.0,0,0.0,0.0,0.0,0,0.0,0,1,0,0.0,0,0.0,0.0,,,75.0,215.0,28.40875,5.0,Fresno State,2010.0,2010.0,,,3.0,0.027027028
2015,1,00-0027595,,WR,JAX,CAR,0,0,0.0,0,0.0,0.0,0.0,0,0.0,0,2,2,17.0,0,1.7,3.7,,,72.0,195.0,28.0206,5.0,,2010.0,2010.0,,,-11.0,0.051282052
2015,3,00-0027595,,WR,JAX,NE,0,0,0.0,0,0.0,0.0,0.0,0,0.0,0,3,2,28.0,0,2.8,4.8,,,72.0,195.0,28.0206,5.0,,2010.0,2010.0,,,,0.09090909
2015,4,00-0027595,,WR,JAX,IND,0,0,0.0,0,0.0,0.0,0.0,0,0.0,0,3,2,27.0,0,2.7,4.7,,,72.0,195.0,28.0206,5.0,,2010.0,2010.0,,,,0.06382979
2015,5,00-0027595,,WR,JAX,TB,0,0,0.0,0,0.0,0.0,0.0,0,0.0,0,4,4,64.0,0,6.4,10.4,,,72.0,195.0,28.0206,5.0,,2010.0,2010.0,,,,0.125
2015,6,00-0027595,,WR,JAX,HOU,0,0,0.0,0,0.0,0.0,0.0,0,0.0,0,12,8,87.0,0,8.7,16.7,,,72.0,195.0,28.0206,5.0,,2010.0,2010.0,,,-11.0,0.2264151
2015,7,00-0027595,,WR,JAX,BUF,0,0,0.0,0,0.0,0.0,0.0,0,0.0,0,1,1,5.0,0,0.5,1.5,,,72.0,195.0,28.0206,5.0,,2010.0,2010.0,,,3.0,0.03448276
2015,9,00-0027595,,WR,JAX,NYJ,0,0,0.0,0,0.0,0.0,0.0,0,0.0,0,7,5,54.0,1,11.4,16.4,,,72.0,195.0,28.0206,5.0,,2010.0,2010.0,,,,0.175
2015,10,00-0027595,,WR,JAX,BAL,0,0,0.0,0,0.0,0.0,0.0,0,0.0,0,5,3,29.0,0,2.9,5.9,,,72.0,195.0,28.0206,5.0,,2010.0,2010.0,,,,0.11111111
2015,11,00-0027595,,WR,JAX,TEN,0,1,0.0,0,0.0,0.0,-0.0,0,0.0,0,3,2,35.0,0,3.5,5.5,,,72.0,195.0,28.0206,5.0,,2010.0,2010.0,,,6.0,0.09677419
2015,12,00-0027595,,WR,JAX,LAC,0,0,0.0,0,0.0,0.0,0.0,0,0.0,0,3,1,4.0,0,0.4,1.4,,,72.0,195.0,28.0206,5.0,,2010.0,2010.0,,,-6.0,0.06122449
2015,13,00-0027595,,WR,JAX,TEN,0,0,0.0,0,0.0,0.0,0.0,0,0.0,0,2,2,18.0,0,1.8,3.8,,,72.0,195.0,28.0206,5.0,,2010.0,2010.0,,,,0.055555556
2015,1,00-0027651,,WR,TEN,TB,0,0,0.0,0,0.0,0.0,0.0,2,8.0,0,0,0,0.0,0,0.8,0.8,,,68.0,170.0,27.179,5.0,Mississippi,2010.0,2010.0,KC,36,,
2015,2,00-0027651,,WR,TEN,CLE,0,0,0.0,0,0.0,0.0,0.0,10,98.0,0,4,4,26.0,0,12.4,16.4,,,68.0,170.0,27.179,5.0,Mississippi,2010.0,2010.0,KC,36,,0.10810811
2015,3,00-0027651,,WR,TEN,IND,0,0,0.0,0,0.0,0.0,0.0,5,7.0,0,2,1,35.0,0,4.2,5.2,,,68.0,170.0,27.179,5.0,Mississippi,2010.0,2010.0,KC,36,-2.0,0.046511628
2015,5,00-0027651,,WR,TEN,BUF,0,0,0.0,0,0.0,0.0,0.0,8,20.0,0,1,1,-2.0,0,1.8,2.8,,,68.0,170.0,27.179,5.0,Mississippi,2010.0,2010.0,KC,36,-1.0,0.03125
2015,6,00-0027651,,WR,TEN,MIA,0,0,0.0,0,0.0,0.0,0.0,5,23.0,0,4,3,19.0,1,10.2,13.2,,,68.0,170.0,27.179,5.0,Mississippi,2010.0,2010.0,KC,36,-28.0,0.1
2015,7,00-0027651,,WR,TEN,ATL,0,0,0.0,0,0.0,0.0,0.0,5,20.0,0,8,6,48.0,0,6.8,12.8,,,68.0,170.0,27.179,5.0,Mississippi,2010.0,2010.0,KC,36,-3.0,0.22857143
2015,8,00-0027651,,WR,TEN,HOU,0,0,0.0,0,0.0,0.0,0.0,3,15.0,0,6,4,23.0,0,3.8,7.8,,,68.0,170.0,27.179,5.0,Mississippi,2010.0,2010.0,KC,36,,0.19354838
2015,9,00-0027651,,WR,TEN,NO,0,0,0.0,0,0.0,0.0,0.0,8,19.0,0,4,2,28.0,0,2.7,4.7,,,68.0,170.0,27.179,5.0,Mississippi,2010.0,2010.0,KC,36,,0.102564104
2015,10,00-0027651,,WR,TEN,CAR,0,0,0.0,0,0.0,0.0,0.0,3,25.0,1,5,4,27.0,0,9.2,13.2,,,68.0,170.0,27.179,5.0,Mississippi,2010.0,2010.0,KC,36,-17.0,0.20833333
2015,11,00-0027651,,WR,TEN,JAX,0,0,0.0,0,0.0,0.0,0.0,2,0.0,0,2,2,18.0,0,1.8,3.8,,,68.0,170.0,27.179,5.0,Mississippi,2010.0,2010.0,KC,36,,0.060606062
2015,14,00-0027651,,WR,TEN,NYJ,0,0,0.0,0,0.0,0.0,0.0,4,12.0,0,5,4,38.0,0,7.0,11.0,,,68.0,170.0,27.179,5.0,Mississippi,2010.0,2010.0,KC,36,,0.125
2015,1,00-0027656,R.Gronkowski,TE,NE,PIT,0,0,0.0,0,0.0,0.0,0.0,0,0.0,0,8,5,94.0,3,27.4,32.4,,,78.0,265.0,26.512722222222223,5.0,Arizona,2010.0,2010.0,NE,42,7.0,0.25
2015,2,00-0027656,R.Gronkowski,TE,NE,BUF,0,0,0.0,0,0.0,0.0,0.0,0,0.0,0,13,7,113.0,1,17.3,24.3,,,78.0,265.0,26.512722222222223,5.0,Arizona,2010.0,2010.0,NE,42,,0.22033899
2015,3,00-0027656,R.Gronkowski,TE,NE,JAX,0,0,0.0,0,0.0,0.0,0.0,0,0.0,0,7,4,101.0,0,10.1,14.1,,,78.0,265.0,26.512722222222223,5.0,Arizona,2010.0,2010.0,NE,42,34.0,0.17073171
2015,5,00-0027656,R.Gronkowski,TE,NE,DAL,0,0,0.0,0,0.0,0.0,0.0,0,0.0,0,5,4,67.0,0,6.7,10.7,,,78.0,265.0,26.512722222222223,5.0,Arizona,2010.0,2010.0,NE,42,,0.18518518
2015,6,00-0027656,R.Gronkowski,TE,NE,IND,0,0,0.0,0,0.0,0.0,0.0,0,0.0,0,5,3,50.0,1,11.0,14.0,,,78.0,265.0,26.512722222222223,5.0,Arizona,2010.0,2010.0,NE,42,,0.13513513
2015,7,00-0027656,R.Gronkowski,TE,NE,NYJ,0,0,0.0,0,0.0,0.0,0.0,0,0.0,0,16,11,108.0,1,16.8,27.8,,,78.0,265.0,26.512722222222223,5.0,Arizona,2010.0,2010.0,NE,42,7.0,0.2962963
2015,8,00-0027656,R.Gronkowski,TE,NE,MIA,0,0,0.0,0,0.0,0.0,0.0,0,0.0,0,9,6,113.0,1,17.3,23.3,,,78.0,265.0,26.512722222222223,5.0,Arizona,2010.0,2010.0,NE,42,29.0,0.23684211
2015,9,00-0027656,R.Gronkowski,TE,NE,WAS,0,0,0.0,0,0.0,0.0,0.0,0,0.0,0,5,4,47.0,0,4.7,8.7,,,78.0,265.0,26.512722222222223,5.0,Arizona,2010.0,2010.0,NE,42,17.0,0.12820514
2015,10,00-0027656,R.Gronkowski,TE,NE,NYG,0,0,0.0,0,0.0,0.0,0.0,0,0.0,0,7,5,113.0,1,17.3,22.3,,,78.0,265.0,26.512722222222223,5.0,Arizona,2010.0,2010.0,NE,42,,0.17073171
2015,11,00-0027656,R.Gronkowski,TE,NE,BUF,0,0,0.0,0,0.0,0.0,0.0,0,0.0,0,7,2,37.0,0,3.7,5.7,,,78.0,265.0,26.512722222222223,5.0,Arizona,2010.0,2010.0,NE,42,7.0,0.18421052
2015,12,00-0027656,R.Gronkowski,TE,NE,DEN,0,0,0.0,0,0.0,0.0,0.0,0,0.0,0,10,6,88.0,1,14.8,20.8,,,78.0,265.0,26.512722222222223,5.0,Arizona,2010.0,2010.0,NE,42,,0.23809524
2015,14,00-0027656,R.Gronkowski,TE,NE,HOU,0,0,0.0,0,0.0,0.0,0.0,0,0.0,0,4,4,87.0,1,14.7,18.7,,,78.0,265.0,26.512722222222223,5.0,Arizona,2010.0,2010.0,NE,42,,0.13333334
2015,15,00-0027656,R.Gronkowski,TE,NE,TEN,0,0,0.0,0,0.0,0.0,0.0,0,0.0,0,11,5,54.0,1,11.4,16.4,,,78.0,265.0,26.512722222222223,5.0,Arizona,2010.0,2010.0,NE,42,17.0,0.32352942
2015,16,00-0027656,R.Gronkowski,TE,NE,NYJ,0,0,0.0,0,0.0,0.0,0.0,0,0.0,0,6,4,86.0,0,8.6,12.6,,,78.0,265.0,26.512722222222223,5.0,Arizona,2010.0,2010.0,NE,42,,0.19354838
2015,17,00-0027656,R.Gronkowski,TE,NE,MIA,0,0,0.0,0,0.0,0.0,0.0,0,0.0,0,7,2,18.0,0,1.8,3.8,,,78.0,265.0,26.512722222222223,5.0,Arizona,2010.0,2010.0,NE,42,,0.28
2015,19,00-0027656,R.Gronkowski,TE,NE,KC,0,0,0.0,0,0.0,0.0,0.0,0,0.0,0,8,7,83.0,2,20.3,27.3,,,78.0,265.0,26.512722222222223,5.0,Arizona,2010.0,2010.0,NE,42,7.0,0.19512194
2015,20,00-0027656,R.Gronkowski,TE,NE,DEN,0,0,0.0,0,0.0,0.0,0.0,0,0.0,0,15,8,144.0,1,20.4,28.4,,,78.0,265.0,26.512722222222223,5.0,Arizona,2010.0,2010.0,NE,42,,0.26785713
2015,2,00-0027659,,QB,CHI,ARI,14,23,121.0,0,1.0,2.0,15.0,2,-5.0,0,0,0,0.0,0,2.34,2.34,,,74.0,210.0,28.072300000000002,5.0,Notre Dame,2010.0,2010.0,CAR,48,-25.0,
2015,3,00-0027659,,QB,CHI,SEA,9,17,63.0,0,0.0,2.0,15.0,3,13.0,0,0,0,0.0,0,3.82,3.82,,,74.0,210.0,28.072300000000002,5.0,Notre Dame,2010.0,2010.0,CAR,48,,
2015,14,00-0027659,,QB,BAL,SEA,23,40,274.0,0,1.0,1.0,-0.0,1,-2.0,0,0,0,0.0,0,8.76,8.76,,,74.0,210.0,28.072300000000002,5.0,Notre Dame,2010.0,2010.0,CAR,48,-29.0,
2015,15,00-0027659,,QB,BAL,KC,26,45,281.0,2,2.0,2.0,8.0,5,30.0,0,0,0,0.0,0,18.24,18.24,,,74.0,210.0,28.072300000000002,5.0,Notre Dame,2010.0,2010.0,CAR,48,-20.0,
2015,1,00-0027675,E.Dickson,TE,CAR,JAX,0,0,0.0,0,0.0,0.0,0.0,0,0.0,0,2,1,9.0,0,0.9,1.9,,,76.0,255.0,28.32821052631579,5.0,Oregon,2010.0,2010.0,BLT,70,,0.06451613
2015,3,00-0027675,E.Dickson,TE,CAR,NO,0,0,0.0,0,0.0,0.0,0.0,0,0.0,0,3,2,19.0,0,1.9,3.9,,,76.0,255.0,28.32821052631579,5.0,Oregon,2010.0,2010.0,BLT,70,5.0,0.09677419
2015,4,00-0027675,E.Dickson,TE,CAR,TB,0,0,0.0,0,0.0,0.0,0.0,0,0.0,0,2,1,11.0,0,1.1,2.1,,,76.0,255.0,28.32821052631579,5.0,Oregon,2010.0,2010.0,BLT,70,,0.09090909
2015,6,00-0027675,E.Dickson,TE,CAR,SEA,0,0,0.0,0,0.0,0.0,0.0,0,0.0,0,4,3,24.0,0,2.4,5.4,,,76.0,255.0,28.32821052631579,5.0,Oregon,2010.0,2010.0,BLT,70,,0.114285715
2015,9,00-0027675,E.Dickson,TE,CAR,GB,0,0,0.0,0,0.0,0.0,0.0,0,0.0,0,2,1,6.0,0,0.6,1.6,,,76.0,255.0,28.32821052631579,5.0,Oregon,2010.0,2010.0,BLT,70,8.0,0.06896552
2015,10,00-0027675,E.Dickson,TE,CAR,TEN,0,0,0.0,0,0.0,0.0,0.0,0,0.0,0,3,3,21.0,1,8.1,11.1,,,76.0,255.0,28.32821052631579,5.0,Oregon,2010.0,2010.0,BLT,70,,0.12
2015,11,00-0027675,E.Dickson,TE,CAR,WAS,0,0,0.0,0,0.0,0.0,0.0,0,0.0,0,1,0,0.0,0,0.0,0.0,,,76.0,255.0,28.32821052631579,5.0,Oregon,2010.0,2010.0,BLT,70,28.0,0.029411765
2015,12,00-0027675,E.Dickson,TE,CAR,DAL,0,0,0.0,0,0.0,0.0,0.0,0,0.0,0,1,0,0.0,0,0.0,0.0,,,76.0,255.0,28.32821052631579,5.0,Oregon,2010.0,2010.0,BLT,70,,0.037037037
2015,13,00-0027675,E.Dickson,TE,CAR,NO,0,0,0.0,0,0.0,0.0,0.0,0,0.0,0,3,3,27.0,0,2.7,5.7,,,76.0,255.0,28.32821052631579,5.0,Oregon,2010.0,2010.0,BLT,70,,0.07317073
2015,14,00-0027675,E.Dickson,TE,CAR,ATL,0,0,0.0,0,0.0,0.0,0.0,0,0.0,0,1,1,4.0,1,6.4,7.4,,,76.0,255.0,28.32821052631579,5.0,Oregon,2010.0,2010.0,BLT,70,38.0,0.03846154
2015,16,00-0027675,E.Dickson,TE,CAR,ATL,0,0,0.0,0,0.0,0.0,0.0,0,0.0,0,1,0,0.0,0,0.0,0.0,,,76.0,255.0,28.32821052631579,5.0,Oregon,2010.0,2010.0,BLT,70,,0.035714287
2015,17,00-0027675,E.Dickson,TE,CAR,TB,0,0,0.0,0,0.0,0.0,0.0,0,0.0,0,3,2,0.0,0,0.0,2.0,,,76.0,255.0,28.32821052631579,5.0,Oregon,2010.0,2010.0,BLT,70,28.0,0.115384616
2015,19,00-0027675,E.Dickson,TE,CAR,SEA,0,0,0.0,0,0.0,0.0,0.0,0,0.0,0,2,2,22.0,0,2.2,4.2,,,76.0,255.0,28.32821052631579,5.0,Oregon,2010.0,2010.0,BLT,70,7.0,0.09090909
2015,20,00-0027675,E.Dickson,TE,CAR,ARI,0,0,0.0,0,0.0,0.0,0.0,0,0.0,0,2,0,0.0,0,0.0,0.0,,,76.0,255.0,28.32821052631579,5.0,Oregon,2010.0,2010.0,BLT,70,34.0,0.071428575
2015,7,00-0027681,B.LaFell,WR,NE,NYJ,0,0,0.0,0,0.0,0.0,0.0,0,0.0,0,8,2,25.0,0,2.5,4.5,,,75.0,210.0,29.089153846153845,5.0,LSU,2010.0,2010.0,CAR,78,7.0,0.14814815
2015,8,00-0027681,B.LaFell,WR,NE,MIA,0,0,0.0,0,0.0,0.0,0.0,0,0.0,0,7,4,47.0,0,4.7,8.7,,,75.0,210.0,29.089153846153845,5.0,LSU,2010.0,2010.0,CAR,78,29.0,0.18421052
2015,9,00-0027681,B.LaFell,WR,NE,WAS,0,0,0.0,0,0.0,0.0,0.0,0,0.0,0,9,5,102.0,0,10.2,15.2,,,75.0,210.0,29.089153846153845,5.0,LSU,2010.0,2010.0,CAR,78,17.0,0.23076923
2015,10,00-0027681,B.LaFell,WR,NE,NYG,0,0,0.0,0,0.0,0.0,0.0,0,0.0,0,6,2,66.0,0,6.6,8.6,,,75.0,210.0,29.089153846153845,5.0,LSU,2010.0,2010.0,CAR,78,,0.14634146
2015,11,00-0027681,B.LaFell,WR,NE,BUF,0,0,0.0,0,0.0,0.0,0.0,0,0.0,0,8,4,66.0,0,6.6,10.6,,,75.0,210.0,29.089153846153845,5.0,LSU,2010.0,2010.0,CAR,78,7.0,0.21052632
2015,12,00-0027681,B.LaFell,WR,NE,DEN,0,0,0.0,0,0.0,0.0,0.0,0,0.0,0,9,4,36.0,0,3.6,7.6,,,75.0,210.0,29.089153846153845,5.0,LSU,2010.0,2010.0,CAR,78,,0.21428572
2015,13,00-0027681,B.LaFell,WR,NE,PHI,0,0,0.0,0,0.0,0.0,0.0,0,0.0,0,9,4,27.0,0,2.7,6.7,,,75.0,210.0,29.089153846153845,5.0,LSU,2010.0,2010.0,CAR,78,-7.0,0.16071428
2015,14,00-0027681,B.LaFell,WR,NE,HOU,0,0,0.0,0,0.0,0.0,0.0,0,0.0,0,8,5,32.0,0,3.2,8.2,,,75.0,210.0,29.089153846153845,5.0,LSU,2010.0,2010.0,CAR,78,,0.26666668
2015,15,00-0027681,B.LaFell,WR,NE,TEN,0,0,0.0,0,0.0,0.0,0.0,1,0.0,0,5,4,88.0,0,8.8,12.8,,,75.0,210.0,29.089153846153845,5.0,LSU,2010.0,2010.0,CAR,78,17.0,0.14705883
2015,16,00-0027681,B.LaFell,WR,NE,NYJ,0,0,0.0,0,0.0,0.0,0.0,1,9.0,0,1,1,19.0,0,2.8,3.8,,,75.0,210.0,29.089153846153845,5.0,LSU,2010.0,2010.0,CAR,78,,0.032258064
2015,17,00-0027681,B.LaFell,WR,NE,MIA,0,0,0.0,0,0.0,0.0,0.0,0,0.0,0,4,2,7.0,0,0.7,2.7,,,75.0,210.0,29.089153846153845,5.0,LSU,2010.0,2010.0,CAR,78,,0.16
2015,19,00-0027681,B.LaFell,WR,NE,KC,0,0,0.0,0,0.0,0.0,0.0,0,0.0,0,5,3,6.0,0,0.6,3.6,,,75.0,210.0,29.089153846153845,5.0,LSU,2010.0,2010.0,CAR,78,7.0,0.12195122
2015,1,00-0027685,E.Sanders,WR,DEN,BAL,0,0,0.0,0,0.0,0.0,0.0,0,0.0,0,12,8,65.0,0,6.5,14.5,,,71.0,180.0,28.682105263157897,5.0,Southern Methodist,2010.0,2010.0,PIT,82,6.0,0.3
2015,2,00-0027685,E.Sanders,WR,DEN,KC,0,0,0.0,0,0.0,0.0,0.0,1,0.0,0,14,8,87.0,2,20.7,28.7,,,71.0,180.0,28.682105263157897,5.0,Southern Methodist,2010.0,2010.0,PIT,82,,0.31111112
2015,3,00-0027685,E.Sanders,WR,DEN,DET,0,0,0.0,0,0.0,0.0,0.0,0,0.0,0,9,6,87.0,0,8.7,14.7,,,71.0,180.0,28.682105263157897,5.0,Southern Methodist,2010.0,2010.0,PIT,82,,0.21428572
2015,4,00-0027685,E.Sanders,WR,DEN,MIN,0,0,0.0,0,0.0,0.0,0.0,0,0.0,0,6,3,68.0,0,6.8,9.8,,,71.0,180.0,28.682105263157897,5.0,Southern Methodist,2010.0,2010.0,PIT,82,3.0,0.22222222
2015,5,00-0027685,E.Sanders,WR,DEN,LV,0,0,0.0,0,0.0,0.0,0.0,0,0.0,0,12,9,111.0,0,11.1,20.1,,,71.0,180.0,28.682105263157897,5.0,Southern Methodist,2010.0,2010.0,PIT,82,,0.34285715
2015,6,00-0027685,E.Sanders,WR,DEN,CLE,0,0,0.0,0,0.0,0.0,0.0,0,0.0,0,12,4,109.0,1,16.9,20.9,,,71.0,180.0,28.682105263157897,5.0,Southern Methodist,2010.0,2010.0,PIT,82,,0.25531915
2015,8,00-0027685,E.Sanders,WR,DEN,GB,0,0,0.0,0,0.0,0.0,0.0,0,0.0,0,5,2,22.0,0,2.2,4.2,,,71.0,180.0,28.682105263157897,5.0,Southern Methodist,2010.0,2010.0,PIT,82,19.0,0.1724138
2015,9,00-0027685,E.Sanders,WR,DEN,IND,0,0,0.0,0,0.0,0.0,0.0,0,0.0,0,11,6,90.0,1,15.0,21.0,,,71.0,180.0,28.682105263157897,5.0,Southern Methodist,2010.0,2010.0,PIT,82,,0.30555555
2015,10,00-0027685,E.Sanders,WR,DEN,KC,0,0,0.0,0,0.0,0.0,0.0,0,0.0,0,4,0,0.0,0,0.0,0.0,,,71.0,180.0,28.682105263157897,5.0,Southern Methodist,2010.0,2010.0,PIT,82,-16.0,0.093023255
2015,12,00-0027685,E.Sanders,WR,DEN,NE,0,0,0.0,0,0.0,0.0,0.0,0,0.0,0,9,6,113.0,0,11.3,17.3,,,71.0,180.0,28.682105263157897,5.0,Southern Methodist,2010.0,2010.0,PIT,82,6.0,0.21428572
2015,13,00-0027685,E.Sanders,WR,DEN,LAC,0,0,0.0,0,0.0,0.0,0.0,1,5.0,0,8,3,19.0,0,2.4,5.4,,,71.0,180.0,28.682105263157897,5.0,Southern Methodist,2010.0,2010.0,PIT,82,,0.30769232
2015,14,00-0027685,E.Sanders,WR,DEN,LV,0,0,0.0,0,0.0,0.0,0.0,0,0.0,0,6,2,17.0,0,1.7,3.7,,,71.0,180.0,28.682105263157897,5.0,Southern Methodist,2010.0,2010.0,PIT,82,-3.0,0.11764706
2015,15,00-0027685,E.Sanders,WR,DEN,PIT,0,0,0.0,0,0.0,0.0,0.0,1,24.0,0,16,10,181.0,1,26.5,36.5,,,71.0,180.0,28.682105263157897,5.0,Southern Methodist,2010.0,2010.0,PIT,82,,0.36363637
2015,16,00-0027685,E.Sanders,WR,DEN,CIN,0,0,0.0,0,0.0,0.0,0.0,0,0.0,0,5,4,67.0,1,12.7,16.7,,,71.0,180.0,28.682105263157897,5.0,Southern Methodist,2010.0,2010.0,PIT,82,3.0,0.12820514
2015,17,00-0027685,E.Sanders,WR,DEN,LAC,0,0,0.0,0,0.0,0.0,0.0,0,0.0,0,8,5,99.0,0,7.9,12.9,,,71.0,180.0,28.682105263157897,5.0,Southern Methodist,2010.0,2010.0,PIT,82,7.0,0.2580645
2015,19,00-0027685,E.Sanders,WR,DEN,PIT,0,0,0.0,0,0.0,0.0,0.0,0,0.0,0,8,5,85.0,0,8.5,13.5,,,71.0,180.0,28.682105263157897,5.0,Southern Methodist,2010.0,2010.0,PIT,82,7.0,0.21621622
2015,20,00-0027685,E.Sanders,WR,DEN,NE,0,0,0.0,0,0.0,0.0,0.0,0,0.0,0,8,5,62.0,0,6.2,11.2,,,71.0,180.0,28.682105263157897,5.0,Southern Methodist,2010.0,2010.0,PIT,82,2.0,0.2580645
2015,21,00-0027685,E.Sanders,WR,DEN,CAR,0,0,0.0,0,0.0,0.0,0.0,0,0.0,0,8,6,83.0,0,8.3,14.3,,,71.0,180.0,28.682105263157897,5.0,Southern Methodist,2010.0,2010.0,PIT,82,14.0,0.3478261
2015,17,00-0027688,C.McCoy,QB,WAS,DAL,7,11,128.0,1,0.0,1.0,13.0,3,-3.0,0,0,0,0.0,0,8.82,8.82,,,73.0,215.0,29.185352941176472,5.0,Texas,2010.0,2010.0,CLV,85,,
2015,1,00-0027690,E.Decker,WR,NYJ,CLE,0,0,0.0,0,0.0,0.0,0.0,0,0.0,0,3,2,37.0,1,9.7,11.7,,,75.0,214.0,28.655875,5.0,Minnesota,2010.0,2010.0,DEN,87,21.0,0.125
2015,2,00-0027690,E.Decker,WR,NYJ,IND,0,0,0.0,0,0.0,0.0,0.0,0,0.0,0,11,8,97.0,1,15.7,23.7,,,75.0,214.0,28.655875,5.0,Minnesota,2010.0,2010.0,DEN,87,,0.32352942
2015,4,00-0027690,E.Decker,WR,NYJ,MIA,0,0,0.0,0,0.0,0.0,0.0,0,0.0,0,5,4,46.0,1,10.6,14.6,,,75.0,214.0,28.655875,5.0,Minnesota,2010.0,2010.0,DEN,87,,0.1724138
2015,6,00-0027690,E.Decker,WR,NYJ,WAS,0,0,0.0,0,0.0,0.0,0.0,0,0.0,0,7,4,59.0,1,9.9,13.9,,,75.0,214.0,28.655875,5.0,Minnesota,2010.0,2010.0,DEN,87,14.0,0.26923078
2015,7,00-0027690,E.Decker,WR,NYJ,NE,0,0,0.0,0,0.0,0.0,0.0,0,0.0,0,12,6,94.0,0,9.4,15.4,,,75.0,214.0,28.655875,5.0,Minnesota,2010.0,2010.0,DEN,87,,0.30769232
2015,8,00-0027690,E.Decker,WR,NYJ,LV,0,0,0.0,0,0.0,0.0,0.0,0,0.0,0,7,6,60.0,1,12.0,18.0,,,75.0,214.0,28.655875,5.0,Minnesota,2010.0,2010.0,DEN,87,,0.14893617
2015,9,00-0027690,E.Decker,WR,NYJ,JAX,0,0,0.0,0,0.0,0.0,0.0,0,0.0,0,9,6,79.0,1,13.9,19.9,,,75.0,214.0,28.655875,5.0,Minnesota,2010.0,2010.0,DEN,87,5.0,0.2647059
2015,10,00-0027690,E.Decker,WR,NYJ,BUF,0,0,0.0,0,0.0,0.0,0.0,0,0.0,0,11,6,85.0,1,14.5,20.5,,,75.0,214.0,28.655875,5.0,Minnesota,2010.0,2010.0,DEN,87,-5.0,0.32352942
2015,11,00-0027690,E.Decker,WR,NYJ,HOU,0,0,0.0,0,0.0,0.0,0.0,0,0.0,0,11,4,81.0,0,8.1,12.1,,,75.0,214.0,28.655875,5.0,Minnesota,2010.0,2010.0,DEN,87,,0.2820513
2015,12,00-0027690,E.Decker,WR,NYJ,MIA,0,0,0.0,0,0.0,0.0,0.0,0,0.0,0,9,5,62.0,1,12.2,17.2,,,75.0,214.0,28.655875,5.0,Minnesota,2010.0,2010.0,DEN,87,18.0,0.24324325
2015,13,00-0027690,E.Decker,WR,NYJ,NYG,0,0,0.0,0,0.0,0.0,0.0,0,0.0,0,12,8,101.0,0,10.1,18.1,,,75.0,214.0,28.655875,5.0,Minnesota,2010.0,2010.0,DEN,87,,0.24
2015,14,00-0027690,E.Decker,WR,NYJ,TEN,0,0,0.0,0,0.0,0.0,0.0,0,0.0,0,10,7,74.0,1,13.4,20.4,,,75.0,214.0,28.655875,5.0,Minnesota,2010.0,2010.0,DEN,87,22.0,0.2777778
2015,15,00-0027690,E.Decker,WR,NYJ,DAL,0,0,0.0,0,0.0,0.0,0.0,0,0.0,0,10,6,55.0,1,11.5,17.5,,,75.0,214.0,28.655875,5.0,Minnesota,2010.0,2010.0,DEN,87,,0.25641027
2015,16,00-0027690,E.Decker,WR,NYJ,NE,0,0,0.0,0,0.0,0.0,0.0,0,0.0,0,6,3,47.0,1,10.7,13.7,,,75.0,214.0,28.655875,5.0,Minnesota,2010.0,2010.0,DEN,87,6.0,0.15
2015,17,00-0027690,E.Decker,WR,NYJ,BUF,0,0,0.0,0,0.0,0.0,0.0,0,0.0,0,9,5,50.0,1,11.0,16.0,,,75.0,214.0,28.655875,5.0,Minnesota,2010.0,2010.0,DEN,87,,0.25
2015,1,00-0027691,A.Roberts,WR,WAS,MIA,0,0,0.0,0,0.0,0.0,0.0,0,0.0,0,4,3,36.0,0,3.6,6.6,,,71.0,187.0,27.810714285714287,5.0,Citadel,2010.0,2010.0,ARZ,88,-7.0,0.12903225
2015,2,00-0027691,A.Roberts,WR,WAS,LA,0,0,0.0,0,0.0,0.0,0.0,0,0.0,0,1,1,0.0,0,0.0,1.0,,,71.0,187.0,27.810714285714287,5.0,Citadel,2010.0,2010.0,ARZ,88,14.0,0.037037037
2015,3,00-0027691,A.Roberts,WR,WAS,NYG,0,0,0.0,0,0.0,0.0,0.0,0,0.0,0,3,1,18.0,0,1.8,2.8,,,71.0,187.0,27.810714285714287,5.0,Citadel,2010.0,2010.0,ARZ,88,,0.06122449
2015,6,00-0027691,A.Roberts,WR,WAS,NYJ,0,0,0.0,0,0.0,0.0,0.0,0,0.0,0,4,1,6.0,0,0.6,1.6,,,71.0,187.0,27.810714285714287,5.0,Citadel,2010.0,2010.0,ARZ,88,,0.09090909
2015,7,00-0027691,A.Roberts,WR,WAS,TB,0,0,0.0,0,0.0,0.0,0.0,0,0.0,0,6,3,49.0,0,4.9,7.9,,,71.0,187.0,27.810714285714287,5.0,Citadel,2010.0,2010.0,ARZ,88,1.0,0.15
2015,9,00-0027691,A.Roberts,WR,WAS,NE,0,0,0.0,0,0.0,0.0,0.0,0,0.0,0,2,2,26.0,0,2.6,4.6,,,71.0,187.0,27.810714285714287,5.0,Citadel,2010.0,2010.0,ARZ,88,,0.05
2015,11,00-0027691,A.Roberts,WR,WAS,CAR,0,0,0.0,0,0.0,0.0,0.0,0,0.0,0,0,0,0.0,0,6.0,6.0,,,71.0,187.0,27.810714285714287,5.0,Citadel,2010.0,2010.0,ARZ,88,,
2015,12,00-0027691,A.Roberts,WR,WAS,NYG,0,0,0.0,0,0.0,0.0,0.0,0,0.0,0,1,0,0.0,0,0.0,0.0,,,71.0,187.0,27.810714285714287,5.0,Citadel,2010.0,2010.0,ARZ,88,6.0,0.03448276
2015,7,00-0027695,,TE,ATL,TEN,0,0,0.0,0,0.0,0.0,0.0,0,0.0,0,1,1,11.0,0,1.1,2.1,,,75.0,252.0,28.458166666666667,5.0,,2010.0,2010.0,KC,93,,0.02631579
2015,15,00-0027695,,TE,ATL,JAX,0,0,0.0,0,0.0,0.0,0.0,0,0.0,0,1,0,0.0,0,0.0,0.0,,,75.0,252.0,28.458166666666667,5.0,,2010.0,2010.0,KC,93,,0.028571429
2015,17,00-0027695,,TE,ATL,NO,0,0,0.0,0,0.0,0.0,0.0,0,0.0,0,3,2,47.0,1,10.7,12.7,,,75.0,252.0,28.458166666666667,5.0,,2010.0,2010.0,KC,93,-3.0,0.083333336
2015,1,00-0027696,J.Graham,TE,SEA,LA,0,0,0.0,0,0.0,0.0,0.0,0,0.0,0,8,6,51.0,1,11.1,17.1,,,79.0,265.0,28.902727272727272,5.0,Miami,2010.0,2010.0,NO,95,,0.19512194
2015,2,00-0027696,J.Graham,TE,SEA,GB,0,0,0.0,0,0.0,0.0,0.0,0,0.0,0,2,1,11.0,0,1.1,2.1,,,79.0,265.0,28.902727272727272,5.0,Miami,2010.0,2010.0,NO,95,,0.06896552
2015,3,00-0027696,J.Graham,TE,SEA,CHI,0,0,0.0,0,0.0,0.0,0.0,0,0.0,0,8,7,83.0,1,14.3,21.3,,,79.0,265.0,28.902727272727272,5.0,Miami,2010.0,2010.0,NO,95,26.0,0.30769232
2015,4,00-0027696,J.Graham,TE,SEA,DET,0,0,0.0,0,0.0,0.0,0.0,0,0.0,0,5,4,29.0,0,2.9,6.9,,,79.0,265.0,28.902727272727272,5.0,Miami,2010.0,2010.0,NO,95,3.0,0.1923077
2015,5,00-0027696,J.Graham,TE,SEA,CIN,0,0,0.0,0,0.0,0.0,0.0,0,0.0,0,5,3,30.0,0,3.0,6.0,,,79.0,265.0,28.902727272727272,5.0,Miami,2010.0,2010.0,NO,95,,0.22727273
2015,6,00-0027696,J.Graham,TE,SEA,CAR,0,0,0.0,0,0.0,0.0,0.0,0,0.0,0,12,8,140.0,0,14.0,22.0,,,79.0,265.0,28.902727272727272,5.0,Miami,2010.0,2010.0,NO,95,-4.0,0.4
2015,7,00-0027696,J.Graham,TE,SEA,SF,0,0,0.0,0,0.0,0.0,0.0,0,0.0,0,5,2,31.0,0,3.1,5.1,,,79.0,265.0,28.902727272727272,5.0,Miami,2010.0,2010.0,NO,95,,0.20833333
2015,8,00-0027696,J.Graham,TE,SEA,DAL,0,0,0.0,0,0.0,0.0,0.0,0,0.0,0,10,7,75.0,0,7.5,14.5,,,79.0,265.0,28.902727272727272,5.0,Miami,2010.0,2010.0,NO,95,,0.3448276
2015,10,00-0027696,J.Graham,TE,SEA,ARI,0,0,0.0,0,0.0,0.0,0.0,0,0.0,0,8,3,41.0,0,4.1,7.1,,,79.0,265.0,28.902727272727272,5.0,Miami,2010.0,2010.0,NO,95,-7.0,0.2962963
2015,11,00-0027696,J.Graham,TE,SEA,SF,0,0,0.0,0,0.0,0.0,0.0,0,0.0,0,3,3,39.0,0,3.9,6.9,,,79.0,265.0,28.902727272727272,5.0,Miami,2010.0,2010.0,NO,95,16.0,0.11111111
2015,12,00-0027696,J.Graham,TE,SEA,PIT,0,0,0.0,0,0.0,0.0,0.0,0,0.0,0,8,4,75.0,0,7.5,11.5,,,79.0,265.0,28.902727272727272,5.0,Miami,2010.0,2010.0,NO,95,9.0,0.27586207
2015,4,00-0027708,,WR,BUF,NYG,0,0,0.0,0,0.0,0.0,0.0,0,0.0,0,1,0,0.0,0,0.0,0.0,,,74.0,217.0,28.007,5.0,Connecticut,2010.0,2010.0,BUF,107,-14.0,0.023809524
2015,7,00-0027708,,WR,BUF,JAX,0,0,0.0,0,0.0,0.0,0.0,0,0.0,0,1,1,58.0,1,11.8,12.8,,,74.0,217.0,28.007,5.0,Connecticut,2010.0,2010.0,BUF,107,,0.023809524
2015,15,00-0027708,,WR,BUF,WAS,0,0,0.0,0,0.0,0.0,0.0,0,0.0,0,1,0,0.0,0,0.0,0.0,,,74.0,217.0,28.007,5.0,Connecticut,2010.0,2010.0,BUF,107,,0.037037037
2015,1,00-0027718,,TE,HOU,KC,0,0,0.0,0,0.0,0.0,0.0,0,0.0,0,1,0,0.0,0,0.0,0.0,,,75.0,243.0,,5.0,,2010.0,2010.0,HST,118,-7.0,0.02173913
2015,2,00-0027718,,TE,HOU,CAR,0,0,0.0,0,0.0,0.0,0.0,0,0.0,0,5,1,7.0,1,6.7,7.7,,,75.0,243.0,,5.0,,2010.0,2010.0,HST,118,,0.0877193
2015,3,00-0027718,,TE,HOU,TB,0,0,0.0,0,0.0,0.0,0.0,0,0.0,0,1,1,9.0,0,0.9,1.9,,,75.0,243.0,,5.0,,2010.0,2010.0,HST,118,10.0,0.025641026
2015,4,00-0027718,,TE,HOU,ATL,0,0,0.0,0,0.0,0.0,0.0,0,0.0,0,6,1,6.0,0,0.6,1.6,,,75.0,243.0,,5.0,,2010.0,2010.0,HST,118,,0.10526316
2015,5,00-0027718,,TE,HOU,IND,0,0,0.0,0,0.0,0.0,0.0,0,0.0,0,1,1,8.0,0,0.8,1.8,,,75.0,243.0,,5.0,,2010.0,2010.0,HST,118,-7.0,0.024390243
2015,7,00-0027718,,TE,HOU,MIA,0,0,0.0,0,0.0,0.0,0.0,0,0.0,0,4,0,0.0,0,0.0,0.0,,,75.0,243.0,,5.0,,2010.0,2010.0,HST,118,,0.08163265
2015,8,00-0027718,,TE,HOU,TEN,0,0,0.0,0,0.0,0.0,0.0,0,0.0,0,1,0,0.0,0,0.0,0.0,,,75.0,243.0,,5.0,,2010.0,2010.0,HST,118,14.0,0.029411765
2015,1,00-0027725,C.Harbor,TE,JAX,CAR,0,0,0.0,0,0.0,0.0,0.0,0,0.0,0,1,0,0.0,0,0.0,0.0,,,75.0,250.0,28.353875000000002,5.0,Missouri State,2010.0,2010.0,PHI,125,-11.0,0.025641026
2015,3,00-0027725,C.Harbor,TE,JAX,NE,0,0,0.0,0,0.0,0.0,0.0,0,0.0,0,5,3,43.0,1,10.3,13.3,,,75.0,250.0,28.353875000000002,5.0,Missouri State,2010.0,2010.0,PHI,125,,0.15151516
2015,4,00-0027725,C.Harbor,TE,JAX,IND,0,0,0.0,0,0.0,0.0,0.0,0,0.0,0,6,4,31.0,0,3.1,7.1,,,75.0,250.0,28.353875000000002,5.0,Missouri State,2010.0,2010.0,PHI,125,,0.12765957
2015,11,00-0027725,C.Harbor,TE,JAX,TEN,0,0,0.0,0,0.0,0.0,0.0,0,0.0,0,2,2,17.0,0,1.7,3.7,,,75.0,250.0,28.353875000000002,5.0,Missouri State,2010.0,2010.0,PHI,125,6.0,0.06451613
2015,12,00-0027725,C.Harbor,TE,JAX,LAC,0,0,0.0,0,0.0,0.0,0.0,0,0.0,0,2,1,12.0,0,1.2,2.2,,,75.0,250.0,28.353875000000002,5.0,Missouri State,2010.0,2010.0,PHI,125,-6.0,0.040816326
2015,14,00-0027725,C.Harbor,TE,JAX,IND,0,0,0.0,0,0.0,0.0,0.0,0,0.0,0,2,2,21.0,0,2.1,4.1,,,75.0,250.0,28.353875000000002,5.0,Missouri State,2010.0,2010.0,PHI,125,35.0,0.06666667
2015,16,00-0027725,C.Harbor,TE,JAX,NO,0,0,0.0,0,0.0,0.0,0.0,0,0.0,0,1,1,7.0,0,2.7,3.7,,,75.0,250.0,28.353875000000002,5.0,Missouri State,2010.0,2010.0,PHI,125,,0.028571429
2015,17,00-0027725,C.Harbor,TE,JAX,HOU,0,0,0.0,0,0.0,0.0,0.0,0,0.0,0,1,1,18.0,0,1.8,2.8,,,75.0,250.0,28.353875000000002,5.0,Missouri State,2010.0,2010.0,PHI,125,,0.03125
2015,5,00-0027732,M.Hoomanawanui,TE,NO,PHI,0,0,0.0,0,0.0,0.0,0.0,0,0.0,0,2,2,4.0,0,-1.6,0.4,,,76.0,265.0,27.3423125,5.0,Illinois,2010.0,2010.0,SL,132,,0.046511628
2015,6,00-0027732,M.Hoomanawanui,TE,NO,ATL,0,0,0.0,0,0.0,0.0,0.0,0,0.0,0,1,0,0.0,0,0.0,0.0,,,76.0,265.0,27.3423125,5.0,Illinois,2010.0,2010.0,SL,132,10.0,0.025641026
2015,7,00-0027732,M.Hoomanawanui,TE,NO,IND,0,0,0.0,0,0.0,0.0,0.0,0,0.0,0,5,5,31.0,1,9.1,14.1,,,76.0,265.0,27.3423125,5.0,Illinois,2010.0,2010.0,SL,132,,0.11363637
2015,8,00-0027732,M.Hoomanawanui,TE,NO,NYG,0,0,0.0,0,0.0,0.0,0.0,0,0.0,0,1,0,0.0,0,0.0,0.0,,,76.0,265.0,27.3423125,5.0,Illinois,2010.0,2010.0,SL,132,3.0,0.02
2015,9,00-0027732,M.Hoomanawanui,TE,NO,TEN,0,0,0.0,0,0.0,0.0,0.0,0,0.0,0,3,1,1.0,1,6.1,7.1,,,76.0,265.0,27.3423125,5.0,Illinois,2010.0,2010.0,SL,132,-6.0,0.07692308
2015,12,00-0027732,M.Hoomanawanui,TE,NO,HOU,0,0,0.0,0,0.0,0.0,0.0,0,0.0,0,1,0,0.0,0,0.0,0.0,,,76.0,265.0,27.3423125,5.0,Illinois,2010.0,2010.0,SL,132,,0.023255814
2015,13,00-0027732,M.Hoomanawanui,TE,NO,CAR,0,0,0.0,0,0.0,0.0,0.0,0,0.0,0,1,1,19.0,0,1.9,2.9,,,76.0,265.0,27.3423125,5.0,Illinois,2010.0,2010.0,SL,132,-3.0,0.024390243
2015,15,00-0027732,M.Hoomanawanui,TE,NO,DET,0,0,0.0,0,0.0,0.0,0.0,1,0.0,0,0,0,0.0,0,0.0,0.0,,,76.0,265.0,27.3423125,5.0,Illinois,2010.0,2010.0,SL,132,-8.0,
2015,16,00-0027732,M.Hoomanawanui,TE,NO,JAX,0,0,0.0,0,0.0,0.0,0.0,0,0.0,0,1,1,17.0,1,7.7,8.7,,,76.0,265.0,27.3423125,5.0,Illinois,2010.0,2010.0,SL,132,11.0,0.028571429
2015,17,00-0027732,M.Hoomanawanui,TE,NO,ATL,0,0,0.0,0,0.0,0.0,0.0,0,0.0,0,1,1,4.0,0,0.4,1.4,,,76.0,265.0,27.3423125,5.0,Illinois,2010.0,2010.0,SL,132,,0.023255814
2015,3,00-0027753,,TE,GB,KC,0,0,0.0,0,0.0,0.0,0.0,0,0.0,0,2,2,14.0,0,1.4,3.4,,,76.0,252.0,27.098333333333333,5.0,,2010.0,2010.0,GB,154,10.0,0.057142857
2015,16,00-0027753,,TE,GB,ARI,0,0,0.0,0,0.0,0.0,0.0,0,0.0,0,2,2,17.0,0,1.7,3.7,,,76.0,252.0,27.098333333333333,5.0,,2010.0,2010.0,GB,154,,0.06896552
2015,17,00-0027753,,TE,GB,MIN,0,0,0.0,0,0.0,0.0,0.0,0,0.0,0,1,0,0.0,0,0.0,0.0,,,76.0,252.0,27.098333333333333,5.0,,2010.0,2010.0,GB,154,-7.0,0.023255814
2015,1,00-0027758,,WR,PHI,ATL,0,0,0.0,0,0.0,0.0,0.0,0,0.0,0,4,3,25.0,0,2.5,5.5,,,76.0,230.0,28.165187500000002,5.0,Florida,2010.0,2010.0,PHI,159,,0.07692308
2015,2,00-0027758,,WR,PHI,DAL,0,0,0.0,0,0.0,0.0,0.0,0,0.0,0,2,0,0.0,0,0.0,0.0,,,76.0,230.0,28.165187500000002,5.0,Florida,2010.0,2010.0,PHI,159,-10.0,0.054054055
2015,4,00-0027758,,WR,PHI,WAS,0,0,0.0,0,0.0,0.0,0.0,0,0.0,0,3,2,72.0,1,13.2,15.2,,,76.0,230.0,28.165187500000002,5.0,Florida,2010.0,2010.0,PHI,159,,0.10714286
2015,5,00-0027758,,WR,PHI,NO,0,0,0.0,0,0.0,0.0,0.0,0,0.0,0,8,3,32.0,0,3.2,6.2,,,76.0,230.0,28.165187500000002,5.0,Florida,2010.0,2010.0,PHI,159,22.0,0.17777778
2015,6,00-0027758,,WR,PHI,NYG,0,0,0.0,0,0.0,0.0,0.0,0,0.0,0,6,3,76.0,1,13.6,16.6,,,76.0,230.0,28.165187500000002,5.0,Florida,2010.0,2010.0,PHI,159,20.0,0.16216215
2015,11,00-0027758,,WR,PHI,TB,0,0,0.0,0,0.0,0.0,0.0,0,0.0,0,3,2,42.0,0,4.2,6.2,,,76.0,230.0,28.165187500000002,5.0,Florida,2010.0,2010.0,PHI,159,-28.0,0.07317073
2015,12,00-0027758,,WR,PHI,DET,0,0,0.0,0,0.0,0.0,0.0,0,0.0,0,2,2,16.0,0,1.6,3.6,,,76.0,230.0,28.165187500000002,5.0,Florida,2010.0,2010.0,PHI,159,,0.074074075
2015,13,00-0027758,,WR,PHI,NE,0,0,0.0,0,0.0,0.0,0.0,0,0.0,0,1,1,14.0,0,1.4,2.4,,,76.0,230.0,28.165187500000002,5.0,Florida,2010.0,2010.0,PHI,159,,0.041666668
2015,14,00-0027758,,WR,PHI,BUF,0,0,0.0,0,0.0,0.0,0.0,0,0.0,0,6,3,28.0,0,2.8,5.8,,,76.0,230.0,28.165187500000002,5.0,Florida,2010.0,2010.0,PHI,159,3.0,0.16216215
2015,15,00-0027758,,WR,PHI,ARI,0,0,0.0,0,0.0,0.0,0.0,0,0.0,0,4,2,22.0,0,2.2,4.2,,,76.0,230.0,28.165187500000002,5.0,Florida,2010.0,2010.0,PHI,159,-23.0,0.09756097
2015,16,00-0027758,,WR,PHI,WAS,0,0,0.0,0,0.0,0.0,0.0,0,0.0,0,1,0,0.0,0,0.0,0.0,,,76.0,230.0,28.165187500000002,5.0,Florida,2010.0,2010.0,PHI,159,-14.0,0.018181818
2015,17,00-0027758,,WR,PHI,NYG,0,0,0.0,0,0.0,0.0,0.0,0,0.0,0,1,0,0.0,0,0.0,0.0,,,76.0,230.0,28.165187500000002,5.0,Florida,2010.0,2010.0,PHI,159,,0.02631579
2015,1,00-0027772,,RB,BUF,IND,0,0,0.0,0,0.0,0.0,0.0,3,1.0,1,0,0,0.0,0,6.1,6.1,,,73.0,233.0,28.1240625,5.0,Mississippi State,2010.0,2010.0,SF,173,13.0,
2015,3,00-0027772,,RB,BUF,MIA,0,0,0.0,0,0.0,0.0,0.0,5,-1.0,0,0,0,0.0,0,-0.1,-0.1,,,73.0,233.0,28.1240625,5.0,Mississippi State,2010.0,2010.0,SF,173,,
2015,4,00-0027772,,RB,BUF,NYG,0,0,0.0,0,0.0,0.0,0.0,0,0.0,0,3,2,20.0,0,2.0,4.0,,,73.0,233.0,28.1240625,5.0,Mississippi State,2010.0,2010.0,SF,173,-14.0,0.071428575
2015,5,00-0027772,,RB,BUF,TEN,0,0,0.0,0,0.0,0.0,0.0,7,19.0,0,3,3,20.0,0,3.9,6.9,,,73.0,233.0,28.1240625,5.0,Mississippi State,2010.0,2010.0,SF,173,,0.16666667
2015,12,00-0027772,,RB,BUF,KC,0,0,0.0,0,0.0,0.0,0.0,2,8.0,0,0,0,0.0,0,0.8,0.8,,,73.0,233.0,28.1240625,5.0,Mississippi State,2010.0,2010.0,SF,173,,
2015,13,00-0027772,,RB,BUF,HOU,0,0,0.0,0,0.0,0.0,0.0,1,6.0,0,0,0,0.0,0,0.6,0.6,,,73.0,233.0,28.1240625,5.0,Mississippi State,2010.0,2010.0,SF,173,9.0,
2015,15,00-0027772,,RB,BUF,WAS,0,0,0.0,0,0.0,0.0,0.0,1,5.0,0,1,1,4.0,0,0.9,1.9,,,73.0,233.0,28.1240625,5.0,Mississippi State,2010.0,2010.0,SF,173,,0.037037037
2015,17,00-0027772,,RB,BUF,NYJ,0,0,0.0,0,0.0,0.0,0.0,2,6.0,0,0,0,0.0,0,0.6,0.6,,,73.0,233.0,28.1240625,5.0,Mississippi State,2010.0,2010.0,SF,173,5.0,
2015,1,00-0027791,,RB,GB,CHI,0,0,0.0,0,0.0,0.0,0.0,2,2.0,0,0,0,0.0,0,0.2,0.2,,,74.0,218.0,29.721666666666668,5.0,Buffalo,2010.0,2010.0,GB,193,,
2015,2,00-0027791,,RB,GB,SEA,0,0,0.0,0,0.0,0.0,0.0,20,95.0,0,4,4,11.0,0,8.6,12.6,,,74.0,218.0,29.721666666666668,5.0,Buffalo,2010.0,2010.0,GB,193,10.0,0.12903225
2015,3,00-0027791,,RB,GB,KC,0,0,0.0,0,0.0,0.0,0.0,17,32.0,0,1,1,19.0,0,5.1,6.1,,,74.0,218.0,29.721666666666668,5.0,Buffalo,2010.0,2010.0,GB,193,10.0,0.028571429
2015,4,00-0027791,,RB,GB,SF,0,0,0.0,0,0.0,0.0,0.0,9,28.0,0,2,2,11.0,0,3.9,5.9,,,74.0,218.0,29.721666666666668,5.0,Buffalo,2010.0,2010.0,GB,193,,0.0625
2015,5,00-0027791,,RB,GB,LA,0,0,0.0,0,0.0,0.0,0.0,5,17.0,0,6,3,29.0,0,4.6,7.6,,,74.0,218.0,29.721666666666668,5.0,Buffalo,2010.0,2010.0,GB,193,14.0,0.2
2015,6,00-0027791,,RB,GB,LAC,0,0,0.0,0,0.0,0.0,0.0,10,112.0,1,2,1,5.0,1,23.7,24.7,,,74.0,218.0,29.721666666666668,5.0,Buffalo,2010.0,2010.0,GB,193,7.0,0.06896552
2015,8,00-0027791,,RB,GB,DEN,0,0,0.0,0,0.0,0.0,0.0,5,9.0,0,2,2,9.0,0,1.8,3.8,,,74.0,218.0,29.721666666666668,5.0,Buffalo,2010.0,2010.0,GB,193,,0.09090909
2015,9,00-0027791,,RB,GB,CAR,0,0,0.0,0,0.0,0.0,0.0,10,39.0,0,8,6,83.0,1,18.2,24.2,,,74.0,218.0,29.721666666666668,5.0,Buffalo,2010.0,2010.0,GB,193,,0.16666667
2015,10,00-0027791,,RB,GB,DET,0,0,0.0,0,0.0,0.0,0.0,15,42.0,0,7,6,54.0,0,9.6,15.6,,,74.0,218.0,29.721666666666668,5.0,Buffalo,2010.0,2010.0,GB,193,-2.0,0.11666667
2015,11,00-0027791,,RB,GB,MIN,0,0,0.0,0,0.0,0.0,0.0,8,14.0,0,1,1,30.0,0,4.4,5.4,,,74.0,218.0,29.721666666666668,5.0,Buffalo,2010.0,2010.0,GB,193,,0.029411765
2015,12,00-0027791,,RB,GB,CHI,0,0,0.0,0,0.0,0.0,0.0,7,39.0,0,5,4,41.0,0,8.0,12.0,,,74.0,218.0,29.721666666666668,5.0,Buffalo,2010.0,2010.0,GB,193,-4.0,0.11627907
2015,13,00-0027791,,RB,GB,DET,0,0,0.0,0,0.0,0.0,0.0,9,15.0,0,7,5,45.0,0,6.0,11.0,,,74.0,218.0,29.721666666666668,5.0,Buffalo,2010.0,2010.0,GB,193,,0.2
2015,14,00-0027791,,RB,GB,DAL,0,0,0.0,0,0.0,0.0,0.0,11,71.0,1,4,4,32.0,1,22.3,26.3,,,74.0,218.0,29.721666666666668,5.0,Buffalo,2010.0,2010.0,GB,193,21.0,0.121212125
2015,15,00-0027791,,RB,GB,LV,0,0,0.0,0,0.0,0.0,0.0,9,51.0,0,1,1,5.0,0,3.6,4.6,,,74.0,218.0,29.721666666666668,5.0,Buffalo,2010.0,2010.0,GB,193,,0.02631579
2015,16,00-0027791,,RB,GB,ARI,0,0,0.0,0,0.0,0.0,0.0,3,11.0,0,0,0,0.0,0,-0.9,-0.9,,,74.0,218.0,29.721666666666668,5.0,Buffalo,2010.0,2010.0,GB,193,,
2015,17,00-0027791,,RB,GB,MIN,0,0,0.0,0,0.0,0.0,0.0,8,24.0,0,3,3,18.0,0,4.2,7.2,,,74.0,218.0,29.721666666666668,5.0,Buffalo,2010.0,2010.0,GB,193,-7.0,0.069767445
2015,18,00-0027791,,RB,GB,WAS,0,0,0.0,0,0.0,0.0,0.0,12,53.0,1,2,2,12.0,0,12.5,14.5,,,74.0,218.0,29.721666666666668,5.0,Buffalo,2010.0,2010.0,GB,193,,0.05882353
2015,19,00-0027791,,RB,GB,ARI,0,0,0.0,0,0.0,0.0,0.0,7,23.0,0,4,4,4.0,0,2.7,6.7,,,74.0,218.0,29.721666666666668,5.0,Buffalo,2010.0,2010.0,GB,193,,0.0952381
2015,1,00-0027793,A.Brown,WR,PIT,NE,0,0,0.0,0,0.0,1.0,8.0,0,0.0,0,11,9,133.0,1,19.3,28.3,,,70.0,181.0,27.34638888888889,5.0,Central Michigan,2010.0,2010.0,PIT,195,,0.28947368
2015,2,00-0027793,A.Brown,WR,PIT,SF,0,0,0.0,0,0.0,0.0,0.0,0,0.0,0,11,9,195.0,1,27.5,36.5,,,70.0,181.0,27.34638888888889,5.0,Central Michigan,2010.0,2010.0,PIT,195,25.0,0.4074074
2015,3,00-0027793,A.Brown,WR,PIT,LA,0,0,0.0,0,0.0,0.0,0.0,0,0.0,0,13,11,108.0,0,10.8,21.8,,,70.0,181.0,27.34638888888889,5.0,Central Michigan,2010.0,2010.0,PIT,195,,0.43333334
2015,4,00-0027793,A.Brown,WR,PIT,BAL,0,0,0.0,0,0.0,0.0,0.0,0,0.0,0,9,5,42.0,0,4.2,9.2,,,70.0,181.0,27.34638888888889,5.0,Central Michigan,2010.0,2010.0,PIT,195,-3.0,0.34615386
2015,5,00-0027793,A.Brown,WR,PIT,LAC,0,0,0.0,0,0.0,0.0,0.0,0,0.0,0,6,3,45.0,0,4.5,7.5,,,70.0,181.0,27.34638888888889,5.0,Central Michigan,2010.0,2010.0,PIT,195,,0.25
2015,6,00-0027793,A.Brown,WR,PIT,ARI,0,0,0.0,0,0.0,0.0,0.0,0,0.0,0,8,3,24.0,0,2.4,5.4,,,70.0,181.0,27.34638888888889,5.0,Central Michigan,2010.0,2010.0,PIT,195,12.0,0.4
2015,7,00-0027793,A.Brown,WR,PIT,KC,0,0,0.0,0,0.0,0.0,0.0,1,6.0,0,8,6,124.0,0,13.0,19.0,,,70.0,181.0,27.34638888888889,5.0,Central Michigan,2010.0,2010.0,PIT,195,,0.2857143
2015,8,00-0027793,A.Brown,WR,PIT,CIN,0,0,0.0,0,0.0,0.0,0.0,0,0.0,0,11,6,47.0,1,10.7,16.7,,,70.0,181.0,27.34638888888889,5.0,Central Michigan,2010.0,2010.0,PIT,195,-6.0,0.24444444
2015,9,00-0027793,A.Brown,WR,PIT,LV,0,0,0.0,0,0.0,0.0,0.0,2,22.0,0,23,17,284.0,0,30.6,47.6,,,70.0,181.0,27.34638888888889,5.0,Central Michigan,2010.0,2010.0,PIT,195,3.0,0.46
2015,10,00-0027793,A.Brown,WR,PIT,CLE,0,0,0.0,0,0.0,0.0,0.0,0,0.0,0,14,10,139.0,2,27.9,37.9,,,70.0,181.0,27.34638888888889,5.0,Central Michigan,2010.0,2010.0,PIT,195,21.0,0.3783784
2015,12,00-0027793,A.Brown,WR,PIT,SEA,0,0,0.0,0,0.0,0.0,0.0,0,0.0,0,12,6,51.0,0,5.1,11.1,,,70.0,181.0,27.34638888888889,5.0,Central Michigan,2010.0,2010.0,PIT,195,,0.20689656
2015,13,00-0027793,A.Brown,WR,PIT,IND,0,0,0.0,0,0.0,0.0,0.0,0,0.0,0,11,8,118.0,2,29.8,37.8,,,70.0,181.0,27.34638888888889,5.0,Central Michigan,2010.0,2010.0,PIT,195,35.0,0.2820513
2015,14,00-0027793,A.Brown,WR,PIT,CIN,0,0,0.0,0,0.0,0.0,0.0,0,0.0,0,10,7,87.0,0,8.7,15.7,,,70.0,181.0,27.34638888888889,5.0,Central Michigan,2010.0,2010.0,PIT,195,,0.2631579
2015,15,00-0027793,A.Brown,WR,PIT,DEN,0,0,0.0,0,0.0,0.0,0.0,0,0.0,0,18,16,189.0,2,30.9,46.9,,,70.0,181.0,27.34638888888889,5.0,Central Michigan,2010.0,2010.0,PIT,195,7.0,0.33333334
2015,16,00-0027793,A.Brown,WR,PIT,BAL,0,0,0.0,0,0.0,0.0,0.0,0,0.0,0,11,7,61.0,0,6.1,13.1,,,70.0,181.0,27.34638888888889,5.0,Central Michigan,2010.0,2010.0,PIT,195,,0.32352942
2015,17,00-0027793,A.Brown,WR,PIT,CLE,0,0,0.0,0,0.0,0.0,0.0,0,0.0,0,17,13,187.0,1,22.7,35.7,,,70.0,181.0,27.34638888888889,5.0,Central Michigan,2010.0,2010.0,PIT,195,,0.4722222
2015,18,00-0027793,A.Brown,WR,PIT,CIN,0,0,0.0,0,0.0,0.0,0.0,0,0.0,0,12,7,119.0,0,11.9,18.9,,,70.0,181.0,27.34638888888889,5.0,Central Michigan,2010.0,2010.0,PIT,195,,0.33333334
2015,9,00-0027796,J.Webb,QB,CAR,GB,0,0,0.0,0,0.0,0.0,0.0,1,-1.0,0,0,0,0.0,0,-0.1,-0.1,,,76.0,235.0,29.021,5.0,Alabama-Birmingham,2010.0,2010.0,MIN,199,8.0,
2015,4,00-0027816,,WR,CHI,LV,0,0,0.0,0,0.0,0.0,0.0,0,0.0,0,1,0,0.0,0,0.0,0.0,,,73.0,187.0,28.52225,5.0,Montana,2010.0,2010.0,TEN,222,2.0,0.023255814
2015,5,00-0027816,,WR,CHI,KC,0,0,0.0,0,0.0,0.0,0.0,0,0.0,0,3,0,0.0,0,0.0,0.0,,,73.0,187.0,28.52225,5.0,Montana,2010.0,2010.0,TEN,222,,0.06666667
2015,8,00-0027816,,WR,CHI,MIN,0,0,0.0,0,0.0,0.0,0.0,0,0.0,0,2,1,19.0,0,1.9,2.9,,,73.0,187.0,28.52225,5.0,Montana,2010.0,2010.0,TEN,222,-3.0,0.060606062
2015,9,00-0027816,,WR,CHI,LAC,0,0,0.0,0,0.0,0.0,0.0,0,0.0,0,3,2,23.0,0,2.3,4.3,,,73.0,187.0,28.52225,5.0,Montana,2010.0,2010.0,TEN,222,,0.078947365
2015,11,00-0027816,,WR,CHI,DEN,0,0,0.0,0,0.0,0.0,0.0,0,0.0,0,1,1,10.0,0,1.0,2.0,,,73.0,187.0,28.52225,5.0,Montana,2010.0,2010.0,TEN,222,-2.0,0.03125
2015,12,00-0027816,,WR,CHI,GB,0,0,0.0,0,0.0,0.0,0.0,0,0.0,0,3,3,35.0,0,3.5,6.5,,,73.0,187.0,28.52225,5.0,Montana,2010.0,2010.0,TEN,222,,0.09677419
2015,13,00-0027816,,WR,CHI,SF,0,0,0.0,0,0.0,0.0,0.0,0,0.0,0,2,2,33.0,0,3.3,5.3,,,73.0,187.0,28.52225,5.0,Montana,2010.0,2010.0,TEN,222,-6.0,0.06451613
2015,14,00-0027816,,WR,CHI,WAS,0,0,0.0,0,0.0,0.0,0.0,0,0.0,0,3,2,37.0,0,3.7,5.7,,,73.0,187.0,28.52225,5.0,Montana,2010.0,2010.0,TEN,222,-3.0,0.09677419
2015,15,00-0027816,,WR,CHI,MIN,0,0,0.0,0,0.0,0.0,0.0,0,0.0,0,4,3,31.0,0,3.1,6.1,,,73.0,187.0,28.52225,5.0,Montana,2010.0,2010.0,TEN,222,,0.11111111
2015,16,00-0027816,,WR,CHI,TB,0,0,0.0,0,0.0,0.0,0.0,0,0.0,0,3,2,32.0,0,3.2,5.2,,,73.0,187.0,28.52225,5.0,Montana,2010.0,2010.0,TEN,222,,0.11111111
2015,17,00-0027816,,WR,CHI,DET,0,0,0.0,0,0.0,1.0,3.0,0,0.0,0,8,6,80.0,0,8.0,14.0,,,73.0,187.0,28.52225,5.0,Montana,2010.0,2010.0,TEN,222,-4.0,0.3478261
2015,1,00-0027825,J.Dray,TE,CLE,NYJ,0,0,0.0,0,0.0,0.0,0.0,0,0.0,0,3,1,13.0,0,1.3,2.3,,,77.0,255.0,,5.0,Stanford,2010.0,2010.0,ARZ,233,,0.09375
2015,5,00-0027825,J.Dray,TE,CLE,BAL,0,0,0.0,0,0.0,0.0,0.0,0,0.0,0,1,1,7.0,0,0.7,1.7,,,77.0,255.0,,5.0,Stanford,2010.0,2010.0,ARZ,233,,0.019607844
2015,7,00-0027825,J.Dray,TE,CLE,LA,0,0,0.0,0,0.0,0.0,0.0,0,0.0,0,2,2,10.0,0,1.0,3.0,,,77.0,255.0,,5.0,Stanford,2010.0,2010.0,ARZ,233,,0.055555556
2015,8,00-0027825,J.Dray,TE,CLE,ARI,0,0,0.0,0,0.0,0.0,0.0,0,0.0,0,2,0,0.0,0,0.0,0.0,,,77.0,255.0,,5.0,Stanford,2010.0,2010.0,ARZ,233,-14.0,0.05
2015,9,00-0027825,J.Dray,TE,CLE,CIN,0,0,0.0,0,0.0,0.0,0.0,0,0.0,0,1,1,13.0,0,1.3,2.3,,,77.0,255.0,,5.0,Stanford,2010.0,2010.0,ARZ,233,,0.030303031
2015,12,00-0027825,J.Dray,TE,CLE,BAL,0,0,0.0,0,0.0,0.0,0.0,0,0.0,0,1,0,0.0,0,0.0,0.0,,,77.0,255.0,,5.0,Stanford,2010.0,2010.0,ARZ,233,-6.0,0.020833334
2015,15,00-0027825,J.Dray,TE,CLE,SEA,0,0,0.0,0,0.0,0.0,0.0,0,0.0,0,3,0,0.0,0,0.0,0.0,,,77.0,255.0,,5.0,Stanford,2010.0,2010.0,ARZ,233,,0.09677419
2015,16,00-0027825,J.Dray,TE,CLE,KC,0,0,0.0,0,0.0,0.0,0.0,0,0.0,0,3,1,18.0,0,1.8,2.8,,,77.0,255.0,,5.0,Stanford,2010.0,2010.0,ARZ,233,,0.10344828
2015,1,00-0027854,S.Bradford,QB,PHI,ATL,36,52,336.0,1,2.0,0.0,-0.0,0,0.0,0,0,0,0.0,0,13.44,13.44,,,76.0,224.0,28.00075,5.0,Oklahoma,2010.0,2010.0,SL,1,,
2015,2,00-0027854,S.Bradford,QB,PHI,DAL,23,37,224.0,1,2.0,1.0,5.0,2,9.0,0,0,0,0.0,0,7.86,7.86,,,76.0,224.0,28.00075,5.0,Oklahoma,2010.0,2010.0,SL,1,-10.0,
2015,3,00-0027854,S.Bradford,QB,PHI,NYJ,14,28,118.0,1,0.0,1.0,10.0,3,-2.0,0,0,0,0.0,0,8.52,8.52,,,76.0,224.0,28.00075,5.0,Oklahoma,2010.0,2010.0,SL,1,,
2015,4,00-0027854,S.Bradford,QB,PHI,WAS,15,28,270.0,3,0.0,5.0,37.0,1,14.0,0,0,0,0.0,0,24.2,24.2,,,76.0,224.0,28.00075,5.0,Oklahoma,2010.0,2010.0,SL,1,,
2015,5,00-0027854,S.Bradford,QB,PHI,NO,32,45,333.0,2,2.0,0.0,-0.0,1,3.0,0,0,0,0.0,0,17.62,17.62,,,76.0,224.0,28.00075,5.0,Oklahoma,2010.0,2010.0,SL,1,22.0,
2015,6,00-0027854,S.Bradford,QB,PHI,NYG,24,38,280.0,1,3.0,1.0,10.0,5,2.0,0,0,0,0.0,0,9.4,9.4,,,76.0,224.0,28.00075,5.0,Oklahoma,2010.0,2010.0,SL,1,20.0,
2015,7,00-0027854,S.Bradford,QB,PHI,CAR,26,46,205.0,0,1.0,5.0,33.0,3,6.0,0,0,0,0.0,0,6.8,6.8,,,76.0,224.0,28.00075,5.0,Oklahoma,2010.0,2010.0,SL,1,,
2015,9,00-0027854,S.Bradford,QB,PHI,DAL,25,36,295.0,1,0.0,1.0,8.0,1,-1.0,0,0,0,0.0,0,15.7,15.7,,,76.0,224.0,28.00075,5.0,Oklahoma,2010.0,2010.0,SL,1,,
2015,10,00-0027854,S.Bradford,QB,PHI,MIA,19,25,236.0,1,0.0,4.0,39.0,1,0.0,0,0,0,0.0,0,13.44,13.44,,,76.0,224.0,28.00075,5.0,Oklahoma,2010.0,2010.0,SL,1,-1.0,
2015,13,00-0027854,S.Bradford,QB,PHI,NE,14,24,120.0,2,0.0,1.0,-0.0,1,-1.0,0,0,0,0.0,0,12.7,12.7,,,76.0,224.0,28.00075,5.0,Oklahoma,2010.0,2010.0,SL,1,,
2015,14,00-0027854,S.Bradford,QB,PHI,BUF,23,38,247.0,1,1.0,1.0,15.0,3,3.0,0,0,0,0.0,0,12.18,12.18,,,76.0,224.0,28.00075,5.0,Oklahoma,2010.0,2010.0,SL,1,3.0,
2015,15,00-0027854,S.Bradford,QB,PHI,ARI,28,41,361.0,2,2.0,2.0,11.0,1,4.0,0,0,0,0.0,0,16.84,16.84,,,76.0,224.0,28.00075,5.0,Oklahoma,2010.0,2010.0,SL,1,-23.0,
2015,16,00-0027854,S.Bradford,QB,PHI,WAS,37,56,380.0,1,0.0,5.0,27.0,2,4.0,0,0,0,0.0,0,17.6,17.6,,,76.0,224.0,28.00075,5.0,Oklahoma,2010.0,2010.0,SL,1,-14.0,
2015,17,00-0027854,S.Bradford,QB,PHI,NYG,30,38,320.0,2,1.0,1.0,5.0,2,-2.0,0,0,0,0.0,0,18.6,18.6,,,76.0,224.0,28.00075,5.0,Oklahoma,2010.0,2010.0,SL,1,,
2015,2,00-0027861,C.Spiller,RB,NO,TB,0,0,0.0,0,0.0,0.0,0.0,3,7.0,0,1,1,19.0,0,2.6,3.6,,,71.0,200.0,28.246933333333335,5.0,Clemson,2010.0,2010.0,BUF,9,-7.0,0.02631579
2015,3,00-0027861,C.Spiller,RB,NO,CAR,0,0,0.0,0,0.0,0.0,0.0,1,4.0,0,2,2,22.0,0,2.6,4.6,,,71.0,200.0,28.246933333333335,5.0,Clemson,2010.0,2010.0,BUF,9,,0.05263158
2015,4,00-0027861,C.Spiller,RB,NO,DAL,0,0,0.0,0,0.0,0.0,0.0,2,10.0,0,5,5,99.0,1,16.9,21.9,,,71.0,200.0,28.246933333333335,5.0,Clemson,2010.0,2010.0,BUF,9,6.0,0.12195122
2015,5,00-0027861,C.Spiller,RB,NO,PHI,0,0,0.0,0,0.0,0.0,0.0,3,10.0,0,4,3,-8.0,0,0.2,3.2,,,71.0,200.0,28.246933333333335,5.0,Clemson,2010.0,2010.0,BUF,9,,0.093023255
2015,6,00-0027861,C.Spiller,RB,NO,ATL,0,0,0.0,0,0.0,0.0,0.0,3,10.0,0,5,4,17.0,0,2.7,6.7,,,71.0,200.0,28.246933333333335,5.0,Clemson,2010.0,2010.0,BUF,9,10.0,0.12820514
2015,7,00-0027861,C.Spiller,RB,NO,IND,0,0,0.0,0,0.0,0.0,0.0,4,16.0,0,6,6,32.0,0,4.8,10.8,,,71.0,200.0,28.246933333333335,5.0,Clemson,2010.0,2010.0,BUF,9,,0.13636364
2015,8,00-0027861,C.Spiller,RB,NO,NYG,0,0,0.0,0,0.0,0.0,0.0,4,21.0,0,4,2,15.0,1,9.6,11.6,,,71.0,200.0,28.246933333333335,5.0,Clemson,2010.0,2010.0,BUF,9,3.0,0.08
2015,9,00-0027861,C.Spiller,RB,NO,TEN,0,0,0.0,0,0.0,0.0,0.0,2,8.0,0,2,1,2.0,0,1.0,2.0,,,71.0,200.0,28.246933333333335,5.0,Clemson,2010.0,2010.0,BUF,9,-6.0,0.051282052
2015,10,00-0027861,C.Spiller,RB,NO,WAS,0,0,0.0,0,0.0,0.0,0.0,8,24.0,0,2,2,10.0,0,3.4,5.4,,,71.0,200.0,28.246933333333335,5.0,Clemson,2010.0,2010.0,BUF,9,,0.071428575
2015,12,00-0027861,C.Spiller,RB,NO,HOU,0,0,0.0,0,0.0,0.0,0.0,1,-2.0,0,3,2,8.0,0,0.6,2.6,,,71.0,200.0,28.246933333333335,5.0,Clemson,2010.0,2010.0,BUF,9,,0.069767445
2015,13,00-0027861,C.Spiller,RB,NO,CAR,0,0,0.0,0,0.0,0.0,0.0,0,0.0,0,2,1,0.0,0,0.0,1.0,,,71.0,200.0,28.246933333333335,5.0,Clemson,2010.0,2010.0,BUF,9,-3.0,0.048780486
2015,14,00-0027861,C.Spiller,RB,NO,TB,0,0,0.0,0,0.0,0.0,0.0,3,2.0,0,3,3,7.0,0,0.9,3.9,,,71.0,200.0,28.246933333333335,5.0,Clemson,2010.0,2010.0,BUF,9,,0.07317073
2015,15,00-0027861,C.Spiller,RB,NO,DET,0,0,0.0,0,0.0,0.0,0.0,2,2.0,0,5,2,16.0,0,1.8,3.8,,,71.0,200.0,28.246933333333335,5.0,Clemson,2010.0,2010.0,BUF,9,-8.0,0.09615385
2015,2,00-0027862,T.Alualu,NT,JAX,MIA,0,0,0.0,0,0.0,0.0,0.0,0,0.0,0,1,1,3.0,0,0.3,1.3,,,75.0,310.0,28.4934375,5.0,California,2010.0,2010.0,JAX,10,3.0,0.030303031
2015,7,00-0027862,T.Alualu,NT,JAX,BUF,0,0,0.0,0,0.0,0.0,0.0,1,0.0,0,0,0,0.0,0,0.0,0.0,,,75.0,310.0,28.4934375,5.0,California,2010.0,2010.0,JAX,10,3.0,
2015,12,00-0027862,T.Alualu,NT,JAX,LAC,0,0,0.0,0,0.0,0.0,0.0,0,0.0,0,1,0,0.0,0,0.0,0.0,,,75.0,310.0,28.4934375,5.0,California,2010.0,2010.0,JAX,10,-6.0,0.020408163
2015,13,00-0027862,T.Alualu,NT,JAX,TEN,0,0,0.0,0,0.0,0.0,0.0,0,0.0,0,1,1,16.0,0,1.6,2.6,,,75.0,310.0,28.4934375,5.0,California,2010.0,2010.0,JAX,10,,0.027777778
2015,1,00-0027864,,RB,PHI,ATL,0,0,0.0,0,0.0,0.0,0.0,3,4.0,1,4,3,24.0,0,8.8,11.8,,,72.0,220.0,28.080312499999998,5.0,Fresno State,2010.0,2010.0,SD,12,,0.07692308
2015,2,00-0027864,,RB,PHI,DAL,0,0,0.0,0,0.0,0.0,0.0,1,0.0,0,0,0,0.0,0,0.0,0.0,,,72.0,220.0,28.080312499999998,5.0,Fresno State,2010.0,2010.0,SD,12,-10.0,
2015,3,00-0027864,,RB,PHI,NYJ,0,0,0.0,0,0.0,0.0,0.0,24,108.0,0,4,2,20.0,1,16.8,18.8,,,72.0,220.0,28.080312499999998,5.0,Fresno State,2010.0,2010.0,SD,12,,0.14285715
2015,4,00-0027864,,RB,PHI,WAS,0,0,0.0,0,0.0,0.0,0.0,5,20.0,0,0,0,0.0,0,0.0,0.0,,,72.0,220.0,28.080312499999998,5.0,Fresno State,2010.0,2010.0,SD,12,,
2015,5,00-0027864,,RB,PHI,NO,0,0,0.0,0,0.0,0.0,0.0,8,73.0,1,3,3,23.0,0,15.6,18.6,,,72.0,220.0,28.080312499999998,5.0,Fresno State,2010.0,2010.0,SD,12,22.0,0.06666667
2015,6,00-0027864,,RB,PHI,NYG,0,0,0.0,0,0.0,0.0,0.0,9,40.0,0,1,1,6.0,0,4.6,5.6,,,72.0,220.0,28.080312499999998,5.0,Fresno State,2010.0,2010.0,SD,12,20.0,0.027027028
2015,7,00-0027864,,RB,PHI,CAR,0,0,0.0,0,0.0,0.0,0.0,6,97.0,1,3,3,24.0,0,18.1,21.1,,,72.0,220.0,28.080312499999998,5.0,Fresno State,2010.0,2010.0,SD,12,,0.06521739
2015,9,00-0027864,,RB,PHI,DAL,0,0,0.0,0,0.0,0.0,0.0,11,67.0,1,1,0,0.0,0,12.7,12.7,,,72.0,220.0,28.080312499999998,5.0,Fresno State,2010.0,2010.0,SD,12,,0.027777778
2015,10,00-0027864,,RB,PHI,MIA,0,0,0.0,0,0.0,0.0,0.0,7,18.0,1,3,2,22.0,0,10.0,12.0,,,72.0,220.0,28.080312499999998,5.0,Fresno State,2010.0,2010.0,SD,12,-1.0,0.0625
2015,14,00-0027864,,RB,PHI,BUF,0,0,0.0,0,0.0,0.0,0.0,13,38.0,0,2,2,4.0,0,4.2,6.2,,,72.0,220.0,28.080312499999998,5.0,Fresno State,2010.0,2010.0,SD,12,3.0,0.054054055
2015,15,00-0027864,,RB,PHI,ARI,0,0,0.0,0,0.0,0.0,0.0,11,58.0,0,2,1,3.0,0,4.1,5.1,,,72.0,220.0,28.080312499999998,5.0,Fresno State,2010.0,2010.0,SD,12,-23.0,0.048780486
2015,16,00-0027864,,RB,PHI,WAS,0,0,0.0,0,0.0,0.0,0.0,4,5.0,1,3,2,13.0,0,7.8,9.8,,,72.0,220.0,28.080312499999998,5.0,Fresno State,2010.0,2010.0,SD,12,-14.0,0.054545455
2015,17,00-0027864,,RB,PHI,NYG,0,0,0.0,0,0.0,0.0,0.0,4,11.0,0,2,1,7.0,0,1.8,2.8,,,72.0,220.0,28.080312499999998,5.0,Fresno State,2010.0,2010.0,SD,12,,0.05263158
2015,14,00-0027869,M.Iupati,G,ARI,MIN,0,0,0.0,0,0.0,0.0,0.0,0,0.0,0,1,1,10.0,0,1.0,2.0,,,77.0,331.0,,5.0,Idaho,2010.0,2010.0,SF,17,3.0,0.028571429
2015,1,00-0027873,J.Gresham,TE,ARI,NO,0,0,0.0,0,0.0,0.0,0.0,0,0.0,0,1,1,4.0,0,0.4,1.4,,,77.0,260.0,,5.0,Oklahoma,2010.0,2010.0,CIN,21,12.0,0.03125
2015,2,00-0027873,J.Gresham,TE,ARI,CHI,0,0,0.0,0,0.0,0.0,0.0,0,0.0,0,1,1,5.0,0,0.5,1.5,,,77.0,260.0,,5.0,Oklahoma,2010.0,2010.0,CIN,21,,0.04347826
2015,3,00-0027873,J.Gresham,TE,ARI,SF,0,0,0.0,0,0.0,0.0,0.0,0,0.0,0,3,2,34.0,0,3.4,5.4,,,77.0,260.0,,5.0,Oklahoma,2010.0,2010.0,CIN,21,40.0,0.09677419
2015,4,00-0027873,J.Gresham,TE,ARI,LA,0,0,0.0,0,0.0,0.0,0.0,0,0.0,0,3,1,8.0,0,0.8,1.8,,,77.0,260.0,,5.0,Oklahoma,2010.0,2010.0,CIN,21,-2.0,0.06666667
2015,5,00-0027873,J.Gresham,TE,ARI,DET,0,0,0.0,0,0.0,0.0,0.0,0,0.0,0,1,0,0.0,0,0.0,0.0,,,77.0,260.0,,5.0,Oklahoma,2010.0,2010.0,CIN,21,,0.055555556
2015,6,00-0027873,J.Gresham,TE,ARI,PIT,0,0,0.0,0,0.0,0.0,0.0,0,0.0,0,1,0,0.0,0,0.0,0.0,,,77.0,260.0,,5.0,Oklahoma,2010.0,2010.0,CIN,21,,0.022727273
2015,7,00-0027873,J.Gresham,TE,ARI,BAL,0,0,0.0,0,0.0,0.0,0.0,0,0.0,0,6,4,62.0,0,6.2,10.2,,,77.0,260.0,,5.0,Oklahoma,2010.0,2010.0,CIN,21,8.0,0.21428572
2015,8,00-0027873,J.Gresham,TE,ARI,CLE,0,0,0.0,0,0.0,0.0,0.0,0,0.0,0,4,2,19.0,0,1.9,3.9,,,77.0,260.0,,5.0,Oklahoma,2010.0,2010.0,CIN,21,,0.10810811
2015,10,00-0027873,J.Gresham,TE,ARI,SEA,0,0,0.0,0,0.0,0.0,0.0,0,0.0,0,3,2,26.0,1,8.6,10.6,,,77.0,260.0,,5.0,Oklahoma,2010.0,2010.0,CIN,21,,0.06666667
2015,12,00-0027873,J.Gresham,TE,ARI,SF,0,0,0.0,0,0.0,0.0,0.0,0,0.0,0,3,1,9.0,0,0.9,1.9,,,77.0,260.0,,5.0,Oklahoma,2010.0,2010.0,CIN,21,,0.075
2015,13,00-0027873,J.Gresham,TE,ARI,LA,0,0,0.0,0,0.0,0.0,0.0,0,0.0,0,1,1,13.0,0,1.3,2.3,,,77.0,260.0,,5.0,Oklahoma,2010.0,2010.0,CIN,21,,0.025
2015,16,00-0027873,J.Gresham,TE,ARI,GB,0,0,0.0,0,0.0,0.0,0.0,0,0.0,0,2,1,7.0,0,0.7,1.7,,,77.0,260.0,,5.0,Oklahoma,2010.0,2010.0,CIN,21,30.0,0.074074075
2015,17,00-0027873,J.Gresham,TE,ARI,SEA,0,0,0.0,0,0.0,0.0,0.0,0,0.0,0,3,2,36.0,0,3.6,5.6,,,77.0,260.0,,5.0,Oklahoma,2010.0,2010.0,CIN,21,-30.0,0.069767445
2015,1,00-0027874,D.Thomas,WR,DEN,BAL,0,0,0.0,0,0.0,0.0,0.0,0,0.0,0,11,7,60.0,0,6.0,13.0,,,75.0,229.0,27.907263157894732,5.0,Georgia Tech,2010.0,2010.0,DEN,22,6.0,0.275
2015,2,00-0027874,D.Thomas,WR,DEN,KC,0,0,0.0,0,0.0,0.0,0.0,0,0.0,0,14,8,116.0,0,11.6,19.6,,,75.0,229.0,27.907263157894732,5.0,Georgia Tech,2010.0,2010.0,DEN,22,,0.31111112
2015,3,00-0027874,D.Thomas,WR,DEN,DET,0,0,0.0,0,0.0,0.0,0.0,0,0.0,0,13,9,92.0,1,13.2,22.2,,,75.0,229.0,27.907263157894732,5.0,Georgia Tech,2010.0,2010.0,DEN,22,,0.30952382
2015,4,00-0027874,D.Thomas,WR,DEN,MIN,0,0,0.0,0,0.0,0.0,0.0,0,0.0,0,12,9,93.0,0,9.3,18.3,,,75.0,229.0,27.907263157894732,5.0,Georgia Tech,2010.0,2010.0,DEN,22,3.0,0.44444445
2015,5,00-0027874,D.Thomas,WR,DEN,LV,0,0,0.0,0,0.0,0.0,0.0,0,0.0,0,8,5,55.0,0,5.5,10.5,,,75.0,229.0,27.907263157894732,5.0,Georgia Tech,2010.0,2010.0,DEN,22,,0.22857143
2015,6,00-0027874,D.Thomas,WR,DEN,CLE,0,0,0.0,0,0.0,0.0,0.0,0,0.0,0,17,10,111.0,0,11.1,21.1,,,75.0,229.0,27.907263157894732,5.0,Georgia Tech,2010.0,2010.0,DEN,22,,0.3617021
2015,8,00-0027874,D.Thomas,WR,DEN,GB,0,0,0.0,0,0.0,0.0,0.0,0,0.0,0,11,8,168.0,0,16.8,24.8,,,75.0,229.0,27.907263157894732,5.0,Georgia Tech,2010.0,2010.0,DEN,22,19.0,0.37931034
2015,9,00-0027874,D.Thomas,WR,DEN,IND,0,0,0.0,0,0.0,0.0,0.0,0,0.0,0,7,5,50.0,0,5.0,10.0,,,75.0,229.0,27.907263157894732,5.0,Georgia Tech,2010.0,2010.0,DEN,22,,0.19444445
2015,10,00-0027874,D.Thomas,WR,DEN,KC,0,0,0.0,0,0.0,0.0,0.0,0,0.0,0,10,7,71.0,0,7.1,14.1,,,75.0,229.0,27.907263157894732,5.0,Georgia Tech,2010.0,2010.0,DEN,22,-16.0,0.23255815
2015,11,00-0027874,D.Thomas,WR,DEN,CHI,0,0,0.0,0,0.0,0.0,0.0,0,0.0,0,8,3,59.0,1,11.9,14.9,,,75.0,229.0,27.907263157894732,5.0,Georgia Tech,2010.0,2010.0,DEN,22,,0.2962963
2015,12,00-0027874,D.Thomas,WR,DEN,NE,0,0,0.0,0,0.0,0.0,0.0,0,0.0,0,13,1,36.0,0,3.6,4.6,,,75.0,229.0,27.907263157894732,5.0,Georgia Tech,2010.0,2010.0,DEN,22,6.0,0.30952382
2015,13,00-0027874,D.Thomas,WR,DEN,LAC,0,0,0.0,0,0.0,0.0,0.0,0,0.0,0,6,6,61.0,1,12.1,18.1,,,75.0,229.0,27.907263157894732,5.0,Georgia Tech,2010.0,2010.0,DEN,22,,0.23076923
2015,14,00-0027874,D.Thomas,WR,DEN,LV,0,0,0.0,0,0.0,0.0,0.0,0,0.0,0,14,10,95.0,0,7.5,17.5,,,75.0,229.0,27.907263157894732,5.0,Georgia Tech,2010.0,2010.0,DEN,22,-3.0,0.27450982
2015,15,00-0027874,D.Thomas,WR,DEN,PIT,0,0,0.0,0,0.0,0.0,0.0,0,0.0,0,12,5,61.0,2,18.1,23.1,,,75.0,229.0,27.907263157894732,5.0,Georgia Tech,2010.0,2010.0,DEN,22,,0.27272728
2015,16,00-0027874,D.Thomas,WR,DEN,CIN,0,0,0.0,0,0.0,0.0,0.0,0,0.0,0,12,7,59.0,0,5.9,12.9,,,75.0,229.0,27.907263157894732,5.0,Georgia Tech,2010.0,2010.0,DEN,22,3.0,0.30769232
2015,17,00-0027874,D.Thomas,WR,DEN,LAC,0,0,0.0,0,0.0,0.0,0.0,0,0.0,0,9,5,117.0,1,17.7,22.7,,,75.0,229.0,27.907263157894732,5.0,Georgia Tech,2010.0,2010.0,DEN,22,7.0,0.29032257
2015,19,00-0027874,D.Thomas,WR,DEN,PIT,0,0,0.0,0,0.0,0.0,0.0,0,0.0,0,8,4,40.0,0,6.0,10.0,,,75.0,229.0,27.907263157894732,5.0,Georgia Tech,2010.0,2010.0,DEN,22,7.0,0.21621622
2015,20,00-0027874,D.Thomas,WR,DEN,NE,0,0,0.0,0,0.0,0.0,0.0,0,0.0,0,7,2,12.0,0,1.2,3.2,,,75.0,229.0,27.907263157894732,5.0,Georgia Tech,2010.0,2010.0,DEN,22,2.0,0.22580644
2015,21,00-0027874,D.Thomas,WR,DEN,CAR,0,0,0.0,0,0.0,0.0,0.0,0,0.0,0,6,1,8.0,0,0.8,1.8,,,75.0,229.0,27.907263157894732,5.0,Georgia Tech,2010.0,2010.0,DEN,22,14.0,0.26086956
2015,3,00-0027888,,RB,JAX,NE,0,0,0.0,0,0.0,0.0,0.0,3,10.0,0,0,0,0.0,0,1.0,1.0,,,72.0,235.0,28.564818181818183,5.0,Stanford,2010.0,2010.0,MIN,51,,
2015,4,00-0027888,,RB,JAX,IND,0,0,0.0,0,0.0,0.0,0.0,1,-2.0,0,0,0,0.0,0,-0.2,-0.2,,,72.0,235.0,28.564818181818183,5.0,Stanford,2010.0,2010.0,MIN,51,,
2015,5,00-0027888,,RB,JAX,TB,0,0,0.0,0,0.0,0.0,0.0,1,2.0,0,1,0,0.0,0,0.2,0.2,,,72.0,235.0,28.564818181818183,5.0,Stanford,2010.0,2010.0,MIN,51,,0.03125
2015,6,00-0027888,,RB,JAX,HOU,0,0,0.0,0,0.0,0.0,0.0,9,26.0,0,4,3,23.0,0,4.9,7.9,,,72.0,235.0,28.564818181818183,5.0,Stanford,2010.0,2010.0,MIN,51,-11.0,0.0754717
2015,7,00-0027888,,RB,JAX,BUF,0,0,0.0,0,0.0,0.0,0.0,6,8.0,0,0,0,0.0,0,0.8,0.8,,,72.0,235.0,28.564818181818183,5.0,Stanford,2010.0,2010.0,MIN,51,3.0,
2015,1,00-0027891,G.Tate,WR,DET,LAC,0,0,0.0,0,0.0,0.0,0.0,0,0.0,0,8,4,24.0,0,2.4,6.4,,,70.0,198.0,27.265625,5.0,Notre Dame,2010.0,2010.0,SEA,60,,0.2857143
2015,2,00-0027891,G.Tate,WR,DET,MIN,0,0,0.0,0,0.0,0.0,0.0,0,0.0,0,10,6,80.0,0,8.0,14.0,,,70.0,198.0,27.265625,5.0,Notre Dame,2010.0,2010.0,SEA,60,,0.1923077
2015,3,00-0027891,G.Tate,WR,DET,DEN,0,0,0.0,0,0.0,0.0,0.0,0,0.0,0,7,5,57.0,0,5.7,10.7,,,70.0,198.0,27.265625,5.0,Notre Dame,2010.0,2010.0,SEA,60,-12.0,0.15555556
2015,4,00-0027891,G.Tate,WR,DET,SEA,0,0,0.0,0,0.0,0.0,0.0,1,6.0,0,4,3,29.0,0,3.5,6.5,,,70.0,198.0,27.265625,5.0,Notre Dame,2010.0,2010.0,SEA,60,,0.114285715
2015,5,00-0027891,G.Tate,WR,DET,ARI,0,0,0.0,0,0.0,0.0,0.0,1,8.0,0,18,8,74.0,0,6.2,14.2,,,70.0,198.0,27.265625,5.0,Notre Dame,2010.0,2010.0,SEA,60,-25.0,0.2647059
2015,6,00-0027891,G.Tate,WR,DET,CHI,0,0,0.0,0,0.0,0.0,0.0,0,0.0,0,8,6,40.0,1,10.0,16.0,,,70.0,198.0,27.265625,5.0,Notre Dame,2010.0,2010.0,SEA,60,3.0,0.2
2015,7,00-0027891,G.Tate,WR,DET,MIN,0,0,0.0,0,0.0,0.0,0.0,0,0.0,0,6,2,14.0,0,1.4,3.4,,,70.0,198.0,27.265625,5.0,Notre Dame,2010.0,2010.0,SEA,60,-9.0,0.23076923
2015,8,00-0027891,G.Tate,WR,DET,KC,0,0,0.0,0,0.0,0.0,0.0,0,0.0,0,7,6,59.0,0,5.9,11.9,,,70.0,198.0,27.265625,5.0,Notre Dame,2010.0,2010.0,SEA,60,,0.18421052
2015,10,00-0027891,G.Tate,WR,DET,GB,0,0,0.0,0,0.0,0.0,0.0,1,11.0,0,4,4,52.0,0,6.3,10.3,,,70.0,198.0,27.265625,5.0,Notre Dame,2010.0,2010.0,SEA,60,,0.10526316
2015,11,00-0027891,G.Tate,WR,DET,LV,0,0,0.0,0,0.0,0.0,0.0,1,-2.0,0,11,8,73.0,0,7.1,15.1,,,70.0,198.0,27.265625,5.0,Notre Dame,2010.0,2010.0,SEA,60,5.0,0.32352942
2015,12,00-0027891,G.Tate,WR,DET,PHI,0,0,0.0,0,0.0,0.0,0.0,0,0.0,0,8,7,50.0,1,11.0,18.0,,,70.0,198.0,27.265625,5.0,Notre Dame,2010.0,2010.0,SEA,60,31.0,0.21052632
2015,13,00-0027891,G.Tate,WR,DET,GB,0,0,0.0,0,0.0,0.0,0.0,1,3.0,0,10,8,63.0,0,6.6,14.6,,,70.0,198.0,27.265625,5.0,Notre Dame,2010.0,2010.0,SEA,60,-4.0,0.29411766
2015,14,00-0027891,G.Tate,WR,DET,LA,0,0,0.0,0,0.0,0.0,0.0,1,15.0,0,10,9,60.0,2,19.5,28.5,,,70.0,198.0,27.265625,5.0,Notre Dame,2010.0,2010.0,SEA,60,,0.22222222
2015,15,00-0027891,G.Tate,WR,DET,NO,0,0,0.0,0,0.0,0.0,0.0,0,0.0,0,6,6,45.0,2,16.5,22.5,,,70.0,198.0,27.265625,5.0,Notre Dame,2010.0,2010.0,SEA,60,,0.24
2015,16,00-0027891,G.Tate,WR,DET,SF,0,0,0.0,0,0.0,0.0,0.0,0,0.0,0,5,4,59.0,0,5.9,9.9,,,70.0,198.0,27.265625,5.0,Notre Dame,2010.0,2010.0,SEA,60,15.0,0.13513513
2015,17,00-0027891,G.Tate,WR,DET,CHI,0,0,0.0,0,0.0,0.0,0.0,0,0.0,0,6,4,34.0,0,3.4,7.4,,,70.0,198.0,27.265625,5.0,Notre Dame,2010.0,2010.0,SEA,60,,0.15384616
2015,1,00-0027902,D.Bryant,WR,DAL,NYG,0,0,0.0,0,0.0,0.0,0.0,0,0.0,0,7,5,48.0,0,4.8,9.8,,,74.0,220.0,27.002,5.0,Oklahoma State,2010.0,2010.0,DAL,24,1.0,0.15555556
2015,8,00-0027902,D.Bryant,WR,DAL,SEA,0,0,0.0,0,0.0,0.0,0.0,0,0.0,0,6,2,12.0,0,1.2,3.2,,,74.0,220.0,27.002,5.0,Oklahoma State,2010.0,2010.0,DAL,24,-1.0,0.23076923
2015,9,00-0027902,D.Bryant,WR,DAL,PHI,0,0,0.0,0,0.0,0.0,0.0,0,0.0,0,8,5,104.0,1,16.4,21.4,,,74.0,220.0,27.002,5.0,Oklahoma State,2010.0,2010.0,DAL,24,-6.0,0.21621622
2015,10,00-0027902,D.Bryant,WR,DAL,TB,0,0,0.0,0,0.0,0.0,0.0,0,0.0,0,12,5,45.0,0,4.5,9.5,,,74.0,220.0,27.002,5.0,Oklahoma State,2010.0,2010.0,DAL,24,,0.42857143
2015,11,00-0027902,D.Bryant,WR,DAL,MIA,0,0,0.0,0,0.0,0.0,0.0,0,0.0,0,9,4,45.0,1,10.5,14.5,,,74.0,220.0,27.002,5.0,Oklahoma State,2010.0,2010.0,DAL,24,,0.32142857
2015,12,00-0027902,D.Bryant,WR,DAL,CAR,0,0,0.0,0,0.0,0.0,0.0,0,0.0,0,8,2,26.0,0,2.6,4.6,,,74.0,220.0,27.002,5.0,Oklahoma State,2010.0,2010.0,DAL,24,-19.0,0.21052632
2015,13,00-0027902,D.Bryant,WR,DAL,WAS,0,0,0.0,0,0.0,0.0,0.0,0,0.0,0,7,3,62.0,0,6.2,9.2,,,74.0,220.0,27.002,5.0,Oklahoma State,2010.0,2010.0,DAL,24,,0.25
2015,14,00-0027902,D.Bryant,WR,DAL,GB,0,0,0.0,0,0.0,0.0,0.0,0,0.0,0,6,1,9.0,0,0.9,1.9,,,74.0,220.0,27.002,5.0,Oklahoma State,2010.0,2010.0,DAL,24,,0.21428572
2015,15,00-0027902,D.Bryant,WR,DAL,NYJ,0,0,0.0,0,0.0,0.0,0.0,0,0.0,0,9,4,50.0,1,11.0,15.0,,,74.0,220.0,27.002,5.0,Oklahoma State,2010.0,2010.0,DAL,24,-3.0,0.29032257
2015,10,00-0027905,,FB,SEA,ARI,0,0,0.0,0,0.0,0.0,0.0,2,2.0,1,0,0,0.0,0,6.2,6.2,,,74.0,280.0,31.866666666666667,5.0,Oregon,2010.0,2010.0,,,-7.0,
2015,13,00-0027905,,FB,SEA,MIN,0,0,0.0,0,0.0,0.0,0.0,1,4.0,0,0,0,0.0,0,0.4,0.4,,,74.0,280.0,31.866666666666667,5.0,Oregon,2010.0,2010.0,,,,
2015,16,00-0027905,,FB,SEA,LA,0,0,0.0,0,0.0,0.0,0.0,1,-5.0,0,0,0,0.0,0,-2.5,-2.5,,,74.0,280.0,31.866666666666667,5.0,Oregon,2010.0,2010.0,,,-6.0,
2015,17,00-0027905,,FB,SEA,ARI,0,0,0.0,0,0.0,0.0,0.0,0,0.0,0,1,1,7.0,1,6.7,7.7,,,74.0,280.0,31.866666666666667,5.0,Oregon,2010.0,2010.0,,,,0.03125
2015,4,00-0027917,,FB,DAL,NO,0,0,0.0,0,0.0,0.0,0.0,0,0.0,0,1,1,4.0,0,0.4,1.4,,,74.0,250.0,30.99825,7.0,Fresno State,2008.0,2011.0,,,,0.03846154
2015,1,00-0027918,,WR,CLE,NYJ,0,0,0.0,0,0.0,0.0,0.0,0,0.0,0,6,3,24.0,0,2.4,5.4,,,67.0,180.0,,4.0,Toledo,2011.0,2011.0,,,,0.1875
2015,2,00-0027918,,WR,CLE,TEN,0,0,0.0,0,0.0,0.0,0.0,0,0.0,0,4,3,43.0,0,4.3,7.3,,,67.0,180.0,,4.0,Toledo,2011.0,2011.0,,,14.0,0.26666668
2015,3,00-0027918,,WR,CLE,LV,0,0,0.0,0,0.0,0.0,0.0,0,0.0,0,6,2,18.0,0,1.8,3.8,,,67.0,180.0,,4.0,Toledo,2011.0,2011.0,,,-7.0,0.12244898
2015,4,00-0027918,,WR,CLE,LAC,0,0,0.0,0,0.0,0.0,0.0,0,0.0,0,3,2,27.0,0,2.7,4.7,,,67.0,180.0,,4.0,Toledo,2011.0,2011.0,,,,0.075
2015,5,00-0027918,,WR,CLE,BAL,0,0,0.0,0,0.0,0.0,0.0,0,0.0,0,9,7,49.0,0,6.9,13.9,,,67.0,180.0,,4.0,Toledo,2011.0,2011.0,,,,0.1764706
2015,6,00-0027918,,WR,CLE,DEN,0,0,0.0,0,0.0,0.0,0.0,0,0.0,0,4,1,25.0,0,2.5,3.5,,,67.0,180.0,,4.0,Toledo,2011.0,2011.0,,,-3.0,0.102564104
2015,7,00-0027918,,WR,CLE,LA,0,0,0.0,0,0.0,0.0,0.0,0,0.0,0,3,2,21.0,0,2.1,4.1,,,67.0,180.0,,4.0,Toledo,2011.0,2011.0,,,,0.083333336
2015,10,00-0027918,,WR,CLE,PIT,0,0,0.0,0,0.0,0.0,0.0,0,0.0,0,8,7,69.0,0,4.9,11.9,,,67.0,180.0,,4.0,Toledo,2011.0,2011.0,,,,0.17777778
2015,1,00-0027939,C.Newton,QB,CAR,JAX,18,31,175.0,1,1.0,2.0,17.0,14,35.0,0,0,0,0.0,0,12.5,12.5,,,77.0,245.0,26.53221052631579,4.0,Auburn,2011.0,2011.0,CAR,1,,
2015,2,00-0027939,C.Newton,QB,CAR,HOU,18,37,195.0,2,1.0,2.0,17.0,10,76.0,1,0,0,0.0,0,27.4,27.4,,,77.0,245.0,26.53221052631579,4.0,Auburn,2011.0,2011.0,CAR,1,7.0,
2015,3,00-0027939,C.Newton,QB,CAR,NO,20,31,315.0,2,0.0,1.0,3.0,7,33.0,1,0,0,0.0,0,29.9,29.9,,,77.0,245.0,26.53221052631579,4.0,Auburn,2011.0,2011.0,CAR,1,5.0,
2015,4,00-0027939,C.Newton,QB,CAR,TB,11,22,124.0,2,0.0,2.0,13.0,12,51.0,0,0,0,0.0,0,16.06,16.06,,,77.0,245.0,26.53221052631579,4.0,Auburn,2011.0,2011.0,CAR,1,,
2015,6,00-0027939,C.Newton,QB,CAR,SEA,20,36,269.0,1,2.0,3.0,21.0,7,30.0,1,0,0,0.0,0,19.76,19.76,,,77.0,245.0,26.53221052631579,4.0,Auburn,2011.0,2011.0,CAR,1,,
2015,7,00-0027939,C.Newton,QB,CAR,PHI,14,24,197.0,1,3.0,1.0,7.0,4,20.0,1,0,0,0.0,0,13.88,13.88,,,77.0,245.0,26.53221052631579,4.0,Auburn,2011.0,2011.0,CAR,1,11.0,
2015,8,00-0027939,C.Newton,QB,CAR,IND,16,35,248.0,2,1.0,2.0,9.0,10,41.0,0,0,0,0.0,0,18.02,18.02,,,77.0,245.0,26.53221052631579,4.0,Auburn,2011.0,2011.0,CAR,1,3.0,
2015,9,00-0027939,C.Newton,QB,CAR,GB,15,30,297.0,3,1.0,0.0,-0.0,9,57.0,1,0,0,0.0,0,33.58,33.58,,,77.0,245.0,26.53221052631579,4.0,Auburn,2011.0,2011.0,CAR,1,8.0,
2015,10,00-0027939,C.Newton,QB,CAR,TEN,21,25,217.0,1,0.0,5.0,33.0,9,23.0,1,0,0,0.0,0,20.98,20.98,,,77.0,245.0,26.53221052631579,4.0,Auburn,2011.0,2011.0,CAR,1,,
2015,11,00-0027939,C.Newton,QB,CAR,WAS,21,34,246.0,5,0.0,2.0,20.0,4,16.0,0,0,0,0.0,0,31.44,31.44,,,77.0,245.0,26.53221052631579,4.0,Auburn,2011.0,2011.0,CAR,1,28.0,
2015,12,00-0027939,C.Newton,QB,CAR,DAL,16,27,183.0,0,0.0,1.0,18.0,12,45.0,1,0,0,0.0,0,17.82,17.82,,,77.0,245.0,26.53221052631579,4.0,Auburn,2011.0,2011.0,CAR,1,,
2015,13,00-0027939,C.Newton,QB,CAR,NO,28,41,331.0,5,1.0,1.0,9.0,10,49.0,0,0,0,0.0,0,36.14,36.14,,,77.0,245.0,26.53221052631579,4.0,Auburn,2011.0,2011.0,CAR,1,,
2015,14,00-0027939,C.Newton,QB,CAR,ATL,15,21,265.0,3,0.0,2.0,19.0,3,4.0,0,0,0,0.0,0,23.0,23.0,,,77.0,245.0,26.53221052631579,4.0,Auburn,2011.0,2011.0,CAR,1,38.0,
2015,15,00-0027939,C.Newton,QB,CAR,NYG,25,45,340.0,5,0.0,3.0,31.0,8,100.0,0,0,0,0.0,0,41.6,41.6,,,77.0,245.0,26.53221052631579,4.0,Auburn,2011.0,2011.0,CAR,1,,
2015,16,00-0027939,C.Newton,QB,CAR,ATL,17,30,142.0,0,0.0,2.0,29.0,7,46.0,1,0,0,0.0,0,14.28,14.28,,,77.0,245.0,26.53221052631579,4.0,Auburn,2011.0,2011.0,CAR,1,,
2015,17,00-0027939,C.Newton,QB,CAR,TB,21,26,293.0,2,0.0,4.0,38.0,6,10.0,2,0,0,0.0,0,32.72,32.72,,,77.0,245.0,26.53221052631579,4.0,Auburn,2011.0,2011.0,CAR,1,28.0,
2015,19,00-0027939,C.Newton,QB,CAR,SEA,16,22,161.0,1,0.0,1.0,10.0,11,3.0,0,0,0,0.0,0,10.74,10.74,,,77.0,245.0,26.53221052631579,4.0,Auburn,2011.0,2011.0,CAR,1,7.0,
2015,20,00-0027939,C.Newton,QB,CAR,ARI,19,28,335.0,2,1.0,1.0,11.0,10,47.0,2,0,0,0.0,0,38.1,38.1,,,77.0,245.0,26.53221052631579,4.0,Auburn,2011.0,2011.0,CAR,1,34.0,
2015,21,00-0027939,C.Newton,QB,CAR,DEN,18,41,265.0,0,1.0,6.0,64.0,6,45.0,0,0,0,0.0,0,9.1,9.1,,,77.0,245.0,26.53221052631579,4.0,Auburn,2011.0,2011.0,CAR,1,,
2015,1,00-0027942,A.Green,WR,CIN,LV,0,0,0.0,0,0.0,0.0,0.0,0,0.0,0,8,5,63.0,0,6.3,11.3,,,76.0,207.0,27.283882352941177,4.0,Georgia,2011.0,2011.0,CIN,4,,0.23529412
2015,2,00-0027942,A.Green,WR,CIN,LAC,0,0,0.0,0,0.0,0.0,0.0,0,0.0,0,4,3,45.0,1,10.5,13.5,,,76.0,207.0,27.283882352941177,4.0,Georgia,2011.0,2011.0,CIN,4,5.0,0.16666667
2015,3,00-0027942,A.Green,WR,CIN,BAL,0,0,0.0,0,0.0,0.0,0.0,0,0.0,0,13,10,227.0,2,34.7,44.7,,,76.0,207.0,27.283882352941177,4.0,Georgia,2011.0,2011.0,CIN,4,,0.40625
2015,4,00-0027942,A.Green,WR,CIN,KC,0,0,0.0,0,0.0,0.0,0.0,0,0.0,0,10,7,82.0,0,8.2,15.2,,,76.0,207.0,27.283882352941177,4.0,Georgia,2011.0,2011.0,CIN,4,15.0,0.41666666
2015,5,00-0027942,A.Green,WR,CIN,SEA,0,0,0.0,0,0.0,0.0,0.0,0,0.0,0,8,6,78.0,0,7.8,13.8,,,76.0,207.0,27.283882352941177,4.0,Georgia,2011.0,2011.0,CIN,4,3.0,0.18604651
2015,6,00-0027942,A.Green,WR,CIN,BUF,0,0,0.0,0,0.0,0.0,0.0,0,0.0,0,7,4,36.0,0,3.6,7.6,,,76.0,207.0,27.283882352941177,4.0,Georgia,2011.0,2011.0,CIN,4,,0.21212122
2015,8,00-0027942,A.Green,WR,CIN,PIT,0,0,0.0,0,0.0,0.0,0.0,0,0.0,0,17,11,118.0,1,17.8,28.8,,,76.0,207.0,27.283882352941177,4.0,Georgia,2011.0,2011.0,CIN,4,,0.4473684
2015,9,00-0027942,A.Green,WR,CIN,CLE,0,0,0.0,0,0.0,0.0,0.0,0,0.0,0,6,4,53.0,0,5.3,9.3,,,76.0,207.0,27.283882352941177,4.0,Georgia,2011.0,2011.0,CIN,4,21.0,0.24
2015,10,00-0027942,A.Green,WR,CIN,HOU,0,0,0.0,0,0.0,0.0,0.0,0,0.0,0,7,5,67.0,0,4.7,9.7,,,76.0,207.0,27.283882352941177,4.0,Georgia,2011.0,2011.0,CIN,4,-4.0,0.18421052
2015,11,00-0027942,A.Green,WR,CIN,ARI,0,0,0.0,0,0.0,0.0,0.0,0,0.0,0,12,4,79.0,0,7.9,11.9,,,76.0,207.0,27.283882352941177,4.0,Georgia,2011.0,2011.0,CIN,4,,0.30769232
2015,12,00-0027942,A.Green,WR,CIN,LA,0,0,0.0,0,0.0,0.0,0.0,0,0.0,0,8,6,61.0,2,18.1,24.1,,,76.0,207.0,27.283882352941177,4.0,Georgia,2011.0,2011.0,CIN,4,24.0,0.2857143
2015,13,00-0027942,A.Green,WR,CIN,CLE,0,0,0.0,0,0.0,0.0,0.0,0,0.0,0,6,5,128.0,1,18.8,23.8,,,76.0,207.0,27.283882352941177,4.0,Georgia,2011.0,2011.0,CIN,4,,0.27272728
2015,14,00-0027942,A.Green,WR,CIN,PIT,0,0,0.0,0,0.0,0.0,0.0,0,0.0,0,9,6,132.0,1,19.2,25.2,,,76.0,207.0,27.283882352941177,4.0,Georgia,2011.0,2011.0,CIN,4,-13.0,0.25
2015,15,00-0027942,A.Green,WR,CIN,SF,0,0,0.0,0,0.0,0.0,0.0,0,0.0,0,3,1,37.0,0,3.7,4.7,,,76.0,207.0,27.283882352941177,4.0,Georgia,2011.0,2011.0,CIN,4,,0.14285715
2015,16,00-0027942,A.Green,WR,CIN,DEN,0,0,0.0,0,0.0,0.0,0.0,0,0.0,0,9,5,57.0,1,11.7,16.7,,,76.0,207.0,27.283882352941177,4.0,Georgia,2011.0,2011.0,CIN,4,,0.2647059
2015,17,00-0027942,A.Green,WR,CIN,BAL,0,0,0.0,0,0.0,0.0,0.0,0,0.0,0,5,4,34.0,1,9.4,13.4,,,76.0,207.0,27.283882352941177,4.0,Georgia,2011.0,2011.0,CIN,4,8.0,0.20833333
2015,18,00-0027942,A.Green,WR,CIN,PIT,0,0,0.0,0,0.0,0.0,0.0,0,0.0,0,8,5,71.0,1,13.1,18.1,,,76.0,207.0,27.283882352941177,4.0,Georgia,2011.0,2011.0,CIN,4,-2.0,0.20512821
2015,1,00-0027944,J.Jones,WR,ATL,PHI,0,0,0.0,0,0.0,0.0,0.0,0,0.0,0,11,9,141.0,2,26.1,35.1,,,75.0,220.0,26.7444375,4.0,Alabama,2011.0,2011.0,ATL,6,2.0,0.32352942
2015,2,00-0027944,J.Jones,WR,ATL,NYG,0,0,0.0,0,0.0,0.0,0.0,0,0.0,0,15,13,135.0,0,13.5,26.5,,,75.0,220.0,26.7444375,4.0,Alabama,2011.0,2011.0,ATL,6,,0.32608697
2015,3,00-0027944,J.Jones,WR,ATL,DAL,0,0,0.0,0,0.0,0.0,0.0,0,0.0,0,20,12,164.0,2,28.4,40.4,,,75.0,220.0,26.7444375,4.0,Alabama,2011.0,2011.0,ATL,6,,0.5714286
2015,4,00-0027944,J.Jones,WR,ATL,HOU,0,0,0.0,0,0.0,0.0,0.0,0,0.0,0,6,4,38.0,0,3.8,7.8,,,75.0,220.0,26.7444375,4.0,Alabama,2011.0,2011.0,ATL,6,27.0,0.22222222
2015,5,00-0027944,J.Jones,WR,ATL,WAS,0,0,0.0,0,0.0,0.0,0.0,0,0.0,0,10,5,67.0,0,6.7,11.7,,,75.0,220.0,26.7444375,4.0,Alabama,2011.0,2011.0,ATL,6,6.0,0.23809524
2015,6,00-0027944,J.Jones,WR,ATL,NO,0,0,0.0,0,0.0,0.0,0.0,0,0.0,0,10,6,93.0,0,9.3,15.3,,,75.0,220.0,26.7444375,4.0,Alabama,2011.0,2011.0,ATL,6,,0.23255815
2015,7,00-0027944,J.Jones,WR,ATL,TEN,0,0,0.0,0,0.0,0.0,0.0,0,0.0,0,17,9,92.0,1,15.2,24.2,,,75.0,220.0,26.7444375,4.0,Alabama,2011.0,2011.0,ATL,6,,0.4473684
2015,8,00-0027944,J.Jones,WR,ATL,TB,0,0,0.0,0,0.0,0.0,0.0,0,0.0,0,13,12,162.0,1,20.2,32.2,,,75.0,220.0,26.7444375,4.0,Alabama,2011.0,2011.0,ATL,6,-3.0,0.2888889
2015,9,00-0027944,J.Jones,WR,ATL,SF,0,0,0.0,0,0.0,0.0,0.0,0,0.0,0,17,10,137.0,0,13.7,23.7,,,75.0,220.0,26.7444375,4.0,Alabama,2011.0,2011.0,ATL,6,,0.37777779
2015,11,00-0027944,J.Jones,WR,ATL,IND,0,0,0.0,0,0.0,0.0,0.0,0,0.0,0,15,9,160.0,0,16.0,25.0,,,75.0,220.0,26.7444375,4.0,Alabama,2011.0,2011.0,ATL,6,-3.0,0.32608697
2015,12,00-0027944,J.Jones,WR,ATL,MIN,0,0,0.0,0,0.0,0.0,0.0,0,0.0,0,7,5,56.0,0,5.6,10.6,,,75.0,220.0,26.7444375,4.0,Alabama,2011.0,2011.0,ATL,6,-10.0,0.22580644
2015,13,00-0027944,J.Jones,WR,ATL,TB,0,0,0.0,0,0.0,0.0,0.0,0,0.0,0,17,8,93.0,0,9.3,17.3,,,75.0,220.0,26.7444375,4.0,Alabama,2011.0,2011.0,ATL,6,,0.38636363
2015,14,00-0027944,J.Jones,WR,ATL,CAR,0,0,0.0,0,0.0,0.0,0.0,0,0.0,0,10,7,88.0,0,8.8,15.8,,,75.0,220.0,26.7444375,4.0,Alabama,2011.0,2011.0,ATL,6,,0.24390244
2015,15,00-0027944,J.Jones,WR,ATL,JAX,0,0,0.0,0,0.0,0.0,0.0,0,0.0,0,13,9,118.0,1,17.8,26.8,,,75.0,220.0,26.7444375,4.0,Alabama,2011.0,2011.0,ATL,6,,0.37142858
2015,16,00-0027944,J.Jones,WR,ATL,CAR,0,0,0.0,0,0.0,0.0,0.0,0,0.0,0,11,9,178.0,1,23.8,32.8,,,75.0,220.0,26.7444375,4.0,Alabama,2011.0,2011.0,ATL,6,7.0,0.37931034
2015,17,00-0027944,J.Jones,WR,ATL,NO,0,0,0.0,0,0.0,0.0,0.0,0,0.0,0,11,9,149.0,0,14.9,23.9,,,75.0,220.0,26.7444375,4.0,Alabama,2011.0,2011.0,ATL,6,-3.0,0.30555555
2015,9,00-0027948,B.Gabbert,QB,SF,ATL,15,25,185.0,2,2.0,0.0,-0.0,8,32.0,0,0,0,0.0,0,14.6,14.6,,,76.0,235.0,26.0628125,4.0,Missouri,2011.0,2011.0,JAX,10,1.0,
2015,11,00-0027948,B.Gabbert,QB,SF,SEA,22,34,264.0,1,0.0,2.0,17.0,4,22.0,0,0,0,0.0,0,16.76,16.76,,,76.0,235.0,26.0628125,4.0,Missouri,2011.0,2011.0,JAX,10,,
2015,12,00-0027948,B.Gabbert,QB,SF,ARI,25,36,318.0,1,1.0,2.0,17.0,1,11.0,0,0,0,0.0,0,15.82,15.82,,,76.0,235.0,26.0628125,4.0,Missouri,2011.0,2011.0,JAX,10,-6.0,
2015,13,00-0027948,B.Gabbert,QB,SF,CHI,18,32,196.0,1,0.0,4.0,26.0,6,75.0,1,0,0,0.0,0,25.34,25.34,,,76.0,235.0,26.0628125,4.0,Missouri,2011.0,2011.0,JAX,10,,
2015,14,00-0027948,B.Gabbert,QB,SF,CLE,18,28,194.0,1,0.0,9.0,44.0,3,19.0,0,0,0,0.0,0,13.66,13.66,,,76.0,235.0,26.0628125,4.0,Missouri,2011.0,2011.0,JAX,10,,
2015,15,00-0027948,B.Gabbert,QB,SF,CIN,30,50,295.0,1,3.0,4.0,32.0,2,10.0,0,0,0,0.0,0,10.8,10.8,,,76.0,235.0,26.0628125,4.0,Missouri,2011.0,2011.0,JAX,10,-10.0,
2015,16,00-0027948,B.Gabbert,QB,SF,DET,22,33,225.0,2,0.0,3.0,24.0,1,9.0,0,0,0,0.0,0,15.9,15.9,,,76.0,235.0,26.0628125,4.0,Missouri,2011.0,2011.0,JAX,10,,
2015,17,00-0027948,B.Gabbert,QB,SF,LA,28,44,354.0,1,1.0,1.0,4.0,7,7.0,0,0,0,0.0,0,16.86,16.86,,,76.0,235.0,26.0628125,4.0,Missouri,2011.0,2011.0,JAX,10,3.0,
2015,11,00-0027949,J.Watt,DE,HOU,NYJ,0,0,0.0,0,0.0,0.0,0.0,0,0.0,0,1,0,0.0,0,0.0,0.0,,,77.0,289.0,,4.0,Wisconsin,2011.0,2011.0,HST,11,7.0,0.029411765
2015,18,00-0027949,J.Watt,DE,HOU,KC,0,0,0.0,0,0.0,0.0,0.0,1,-1.0,0,0,0,0.0,0,-0.1,-0.1,,,77.0,289.0,,4.0,Wisconsin,2011.0,2011.0,HST,11,-30.0,
2015,1,00-0027966,M.Ingram,RB,NO,ARI,0,0,0.0,0,0.0,0.0,0.0,9,24.0,0,9,8,98.0,0,12.2,20.2,,,69.0,215.0,25.835583333333332,4.0,Alabama,2011.0,2011.0,NO,28,,0.1875
2015,2,00-0027966,M.Ingram,RB,NO,TB,0,0,0.0,0,0.0,0.0,0.0,16,53.0,1,3,3,5.0,0,9.8,12.8,,,69.0,215.0,25.835583333333332,4.0,Alabama,2011.0,2011.0,NO,28,-7.0,0.078947365
2015,3,00-0027966,M.Ingram,RB,NO,CAR,0,0,0.0,0,0.0,0.0,0.0,14,50.0,1,5,5,49.0,0,15.9,20.9,,,69.0,215.0,25.835583333333332,4.0,Alabama,2011.0,2011.0,NO,28,,0.13157895
2015,4,00-0027966,M.Ingram,RB,NO,DAL,0,0,0.0,0,0.0,0.0,0.0,17,77.0,0,7,6,51.0,0,12.8,18.8,,,69.0,215.0,25.835583333333332,4.0,Alabama,2011.0,2011.0,NO,28,6.0,0.17073171
2015,5,00-0027966,M.Ingram,RB,NO,PHI,0,0,0.0,0,0.0,0.0,0.0,12,57.0,0,3,2,17.0,0,7.4,9.4,,,69.0,215.0,25.835583333333332,4.0,Alabama,2011.0,2011.0,NO,28,,0.069767445
2015,6,00-0027966,M.Ingram,RB,NO,ATL,0,0,0.0,0,0.0,0.0,0.0,20,46.0,2,3,3,10.0,0,17.6,20.6,,,69.0,215.0,25.835583333333332,4.0,Alabama,2011.0,2011.0,NO,28,10.0,0.07692308
2015,7,00-0027966,M.Ingram,RB,NO,IND,0,0,0.0,0,0.0,0.0,0.0,14,143.0,1,2,2,5.0,0,20.8,22.8,,,69.0,215.0,25.835583333333332,4.0,Alabama,2011.0,2011.0,NO,28,,0.045454547
2015,8,00-0027966,M.Ingram,RB,NO,NYG,0,0,0.0,0,0.0,0.0,0.0,16,80.0,0,5,4,39.0,0,11.9,15.9,,,69.0,215.0,25.835583333333332,4.0,Alabama,2011.0,2011.0,NO,28,3.0,0.1
2015,9,00-0027966,M.Ingram,RB,NO,TEN,0,0,0.0,0,0.0,0.0,0.0,22,54.0,0,5,4,42.0,0,9.6,13.6,,,69.0,215.0,25.835583333333332,4.0,Alabama,2011.0,2011.0,NO,28,-6.0,0.12820514
2015,10,00-0027966,M.Ingram,RB,NO,WAS,0,0,0.0,0,0.0,0.0,0.0,5,77.0,0,4,3,21.0,0,9.8,12.8,,,69.0,215.0,25.835583333333332,4.0,Alabama,2011.0,2011.0,NO,28,,0.14285715
2015,12,00-0027966,M.Ingram,RB,NO,HOU,0,0,0.0,0,0.0,0.0,0.0,9,52.0,0,8,6,45.0,0,9.7,15.7,,,69.0,215.0,25.835583333333332,4.0,Alabama,2011.0,2011.0,NO,28,,0.18604651
2015,13,00-0027966,M.Ingram,RB,NO,CAR,0,0,0.0,0,0.0,0.0,0.0,12,56.0,1,6,4,23.0,0,15.9,19.9,,,69.0,215.0,25.835583333333332,4.0,Alabama,2011.0,2011.0,NO,28,-3.0,0.14634146
2015,1,00-0027973,A.Dalton,QB,CIN,LV,25,34,269.0,2,0.0,0.0,-0.0,4,1.0,0,0,0,0.0,0,18.86,18.86,,,74.0,216.0,28.039411764705882,4.0,Texas Christian,2011.0,2011.0,CIN,35,,
2015,2,00-0027973,A.Dalton,QB,CIN,LAC,16,26,214.0,3,0.0,0.0,-0.0,5,10.0,0,0,0,0.0,0,21.56,21.56,,,74.0,216.0,28.039411764705882,4.0,Texas Christian,2011.0,2011.0,CIN,35,5.0,
2015,3,00-0027973,A.Dalton,QB,CIN,BAL,20,32,383.0,3,1.0,2.0,11.0,5,10.0,1,0,0,0.0,0,30.32,30.32,,,74.0,216.0,28.039411764705882,4.0,Texas Christian,2011.0,2011.0,CIN,35,,
2015,4,00-0027973,A.Dalton,QB,CIN,KC,17,24,321.0,1,0.0,0.0,-0.0,3,16.0,0,0,0,0.0,0,18.44,18.44,,,74.0,216.0,28.039411764705882,4.0,Texas Christian,2011.0,2011.0,CIN,35,15.0,
2015,5,00-0027973,A.Dalton,QB,CIN,SEA,30,44,331.0,2,1.0,4.0,21.0,7,18.0,1,0,0,0.0,0,27.04,27.04,,,74.0,216.0,28.039411764705882,4.0,Texas Christian,2011.0,2011.0,CIN,35,3.0,
2015,6,00-0027973,A.Dalton,QB,CIN,BUF,22,33,243.0,3,0.0,0.0,-0.0,3,-2.0,0,0,0,0.0,0,21.52,21.52,,,74.0,216.0,28.039411764705882,4.0,Texas Christian,2011.0,2011.0,CIN,35,,
2015,8,00-0027973,A.Dalton,QB,CIN,PIT,23,38,231.0,1,2.0,3.0,13.0,6,4.0,0,0,0,0.0,0,9.64,9.64,,,74.0,216.0,28.039411764705882,4.0,Texas Christian,2011.0,2011.0,CIN,35,,
2015,9,00-0027973,A.Dalton,QB,CIN,CLE,21,27,234.0,3,0.0,2.0,15.0,6,5.0,0,0,0,0.0,0,21.86,21.86,,,74.0,216.0,28.039411764705882,4.0,Texas Christian,2011.0,2011.0,CIN,35,21.0,
2015,10,00-0027973,A.Dalton,QB,CIN,HOU,22,38,197.0,0,1.0,4.0,15.0,4,31.0,0,0,0,0.0,0,8.98,8.98,,,74.0,216.0,28.039411764705882,4.0,Texas Christian,2011.0,2011.0,CIN,35,-4.0,
2015,11,00-0027973,A.Dalton,QB,CIN,ARI,22,39,315.0,2,0.0,4.0,37.0,8,34.0,0,0,0,0.0,0,22.0,22.0,,,74.0,216.0,28.039411764705882,4.0,Texas Christian,2011.0,2011.0,CIN,35,,
2015,12,00-0027973,A.Dalton,QB,CIN,LA,20,27,233.0,3,1.0,0.0,-0.0,2,4.0,0,0,0,0.0,0,19.72,19.72,,,74.0,216.0,28.039411764705882,4.0,Texas Christian,2011.0,2011.0,CIN,35,24.0,
2015,13,00-0027973,A.Dalton,QB,CIN,CLE,14,19,220.0,2,0.0,1.0,6.0,4,11.0,1,0,0,0.0,0,23.9,23.9,,,74.0,216.0,28.039411764705882,4.0,Texas Christian,2011.0,2011.0,CIN,35,,
2015,14,00-0027973,A.Dalton,QB,CIN,PIT,3,5,59.0,0,1.0,0.0,-0.0,0,0.0,0,0,0,0.0,0,0.36,0.36,,,74.0,216.0,28.039411764705882,4.0,Texas Christian,2011.0,2011.0,CIN,35,-13.0,
2015,1,00-0027974,,QB,SF,MIN,17,26,165.0,0,0.0,1.0,-0.0,7,41.0,0,0,0,0.0,0,10.7,10.7,,,76.0,230.0,27.936555555555557,4.0,Nevada,2011.0,2011.0,SF,36,17.0,
2015,2,00-0027974,,QB,SF,PIT,33,46,335.0,2,0.0,5.0,37.0,9,51.0,0,0,0,0.0,0,26.5,26.5,,,76.0,230.0,27.936555555555557,4.0,Nevada,2011.0,2011.0,SF,36,,
2015,3,00-0027974,,QB,SF,ARI,9,19,67.0,0,4.0,2.0,14.0,7,46.0,1,0,0,0.0,0,5.28,5.28,,,76.0,230.0,27.936555555555557,4.0,Nevada,2011.0,2011.0,SF,36,,
2015,4,00-0027974,,QB,SF,GB,13,25,160.0,0,1.0,6.0,41.0,10,57.0,0,0,0,0.0,0,10.1,10.1,,,76.0,230.0,27.936555555555557,4.0,Nevada,2011.0,2011.0,SF,36,-14.0,
2015,5,00-0027974,,QB,SF,NYG,23,35,262.0,2,0.0,2.0,6.0,3,23.0,0,0,0,0.0,0,20.78,20.78,,,76.0,230.0,27.936555555555557,4.0,Nevada,2011.0,2011.0,SF,36,,
2015,6,00-0027974,,QB,SF,BAL,16,27,340.0,2,0.0,3.0,14.0,3,10.0,0,0,0,0.0,0,22.6,22.6,,,76.0,230.0,27.936555555555557,4.0,Nevada,2011.0,2011.0,SF,36,5.0,
2015,7,00-0027974,,QB,SF,SEA,13,24,124.0,0,0.0,6.0,43.0,0,0.0,0,0,0,0.0,0,4.96,4.96,,,76.0,230.0,27.936555555555557,4.0,Nevada,2011.0,2011.0,SF,36,-17.0,
2015,8,00-0027974,,QB,SF,LA,20,41,162.0,0,0.0,3.0,11.0,6,28.0,0,0,0,0.0,0,9.28,9.28,,,76.0,230.0,27.936555555555557,4.0,Nevada,2011.0,2011.0,SF,36,,
2015,9,00-0027974,,QB,SF,ATL,0,1,0.0,0,0.0,0.0,-0.0,0,0.0,0,0,0,0.0,0,0.0,0.0,,,76.0,230.0,27.936555555555557,4.0,Nevada,2011.0,2011.0,SF,36,1.0,
2015,1,00-0027981,K.Rudolph,TE,MIN,SF,0,0,0.0,0,0.0,0.0,0.0,0,0.0,0,7,5,53.0,0,5.3,10.3,,,78.0,265.0,26.010235294117646,4.0,Notre Dame,2011.0,2011.0,MIN,43,,0.22580644
2015,2,00-0027981,K.Rudolph,TE,MIN,DET,0,0,0.0,0,0.0,0.0,0.0,0,0.0,0,7,5,30.0,1,9.0,14.0,,,78.0,265.0,26.010235294117646,4.0,Notre Dame,2011.0,2011.0,MIN,43,10.0,0.3888889
2015,3,00-0027981,K.Rudolph,TE,MIN,LAC,0,0,0.0,0,0.0,0.0,0.0,0,0.0,0,5,2,14.0,0,1.4,3.4,,,78.0,265.0,26.010235294117646,4.0,Notre Dame,2011.0,2011.0,MIN,43,17.0,0.20833333
2015,4,00-0027981,K.Rudolph,TE,MIN,DEN,0,0,0.0,0,0.0,0.0,0.0,0,0.0,0,4,2,7.0,0,0.7,2.7,,,78.0,265.0,26.010235294117646,4.0,Notre Dame,2011.0,2011.0,MIN,43,,0.09756097
2015,6,00-0027981,K.Rudolph,TE,MIN,KC,0,0,0.0,0,0.0,0.0,0.0,0,0.0,0,5,2,9.0,1,6.9,8.9,,,78.0,265.0,26.010235294117646,4.0,Notre Dame,2011.0,2011.0,MIN,43,6.0,0.16129032
2015,7,00-0027981,K.Rudolph,TE,MIN,DET,0,0,0.0,0,0.0,0.0,0.0,0,0.0,0,2,2,10.0,1,7.0,9.0,,,78.0,265.0,26.010235294117646,4.0,Notre Dame,2011.0,2011.0,MIN,43,,0.05882353
2015,8,00-0027981,K.Rudolph,TE,MIN,CHI,0,0,0.0,0,0.0,0.0,0.0,0,0.0,0,2,2,22.0,0,2.2,4.2,,,78.0,265.0,26.010235294117646,4.0,Notre Dame,2011.0,2011.0,MIN,43,,0.06896552
2015,9,00-0027981,K.Rudolph,TE,MIN,LA,0,0,0.0,0,0.0,0.0,0.0,0,0.0,0,2,2,30.0,0,3.0,5.0,,,78.0,265.0,26.010235294117646,4.0,Notre Dame,2011.0,2011.0,MIN,43,3.0,0.074074075
2015,10,00-0027981,K.Rudolph,TE,MIN,LV,0,0,0.0,0,0.0,0.0,0.0,0,0.0,0,4,1,7.0,0,0.7,1.7,,,78.0,265.0,26.010235294117646,4.0,Notre Dame,2011.0,2011.0,MIN,43,,0.1904762
2015,11,00-0027981,K.Rudolph,TE,MIN,GB,0,0,0.0,0,0.0,0.0,0.0,0,0.0,0,9,6,106.0,1,16.6,22.6,,,78.0,265.0,26.010235294117646,4.0,Notre Dame,2011.0,2011.0,MIN,43,-17.0,0.24324325
2015,12,00-0027981,K.Rudolph,TE,MIN,ATL,0,0,0.0,0,0.0,0.0,0.0,0,0.0,0,10,7,53.0,0,5.3,12.3,,,78.0,265.0,26.010235294117646,4.0,Notre Dame,2011.0,2011.0,MIN,43,,0.37037036
2015,13,00-0027981,K.Rudolph,TE,MIN,SEA,0,0,0.0,0,0.0,0.0,0.0,0,0.0,0,4,3,13.0,0,1.3,4.3,,,78.0,265.0,26.010235294117646,4.0,Notre Dame,2011.0,2011.0,MIN,43,-31.0,0.14285715
2015,14,00-0027981,K.Rudolph,TE,MIN,ARI,0,0,0.0,0,0.0,0.0,0.0,0,0.0,0,6,6,67.0,0,6.7,12.7,,,78.0,265.0,26.010235294117646,4.0,Notre Dame,2011.0,2011.0,MIN,43,,0.18181819
2015,15,00-0027981,K.Rudolph,TE,MIN,CHI,0,0,0.0,0,0.0,0.0,0.0,0,0.0,0,2,2,21.0,0,2.1,4.1,,,78.0,265.0,26.010235294117646,4.0,Notre Dame,2011.0,2011.0,MIN,43,21.0,0.1
2015,16,00-0027981,K.Rudolph,TE,MIN,NYG,0,0,0.0,0,0.0,0.0,0.0,0,0.0,0,3,2,53.0,1,11.3,13.3,,,78.0,265.0,26.010235294117646,4.0,Notre Dame,2011.0,2011.0,MIN,43,32.0,0.12
2015,17,00-0027981,K.Rudolph,TE,MIN,GB,0,0,0.0,0,0.0,0.0,0.0,0,0.0,0,1,0,0.0,0,0.0,0.0,,,78.0,265.0,26.010235294117646,4.0,Notre Dame,2011.0,2011.0,MIN,43,,0.05882353
2015,18,00-0027981,K.Rudolph,TE,MIN,SEA,0,0,0.0,0,0.0,0.0,0.0,0,0.0,0,1,1,24.0,0,2.4,3.4,,,78.0,265.0,26.010235294117646,4.0,Notre Dame,2011.0,2011.0,MIN,43,-1.0,0.041666668
2015,1,00-0027985,L.Kendricks,TE,LA,SEA,0,0,0.0,0,0.0,0.0,0.0,0,0.0,0,2,2,42.0,1,10.2,12.2,,,75.0,250.0,,4.0,Wisconsin,2011.0,2011.0,SL,47,,0.074074075
2015,2,00-0027985,L.Kendricks,TE,LA,WAS,0,0,0.0,0,0.0,0.0,0.0,0,0.0,0,2,1,15.0,0,1.5,2.5,,,75.0,250.0,,4.0,Wisconsin,2011.0,2011.0,SL,47,,0.0625
2015,3,00-0027985,L.Kendricks,TE,LA,PIT,0,0,0.0,0,0.0,0.0,0.0,0,0.0,0,5,2,12.0,0,1.2,3.2,,,75.0,250.0,,4.0,Wisconsin,2011.0,2011.0,SL,47,,0.1724138
2015,4,00-0027985,L.Kendricks,TE,LA,ARI,0,0,0.0,0,0.0,0.0,0.0,0,0.0,0,2,0,0.0,0,0.0,0.0,,,75.0,250.0,,4.0,Wisconsin,2011.0,2011.0,SL,47,,0.083333336
2015,5,00-0027985,L.Kendricks,TE,LA,GB,0,0,0.0,0,0.0,0.0,0.0,0,0.0,0,3,2,16.0,0,1.6,3.6,,,75.0,250.0,,4.0,Wisconsin,2011.0,2011.0,SL,47,,0.10344828
2015,8,00-0027985,L.Kendricks,TE,LA,SF,0,0,0.0,0,0.0,0.0,0.0,0,0.0,0,2,2,7.0,0,0.7,2.7,,,75.0,250.0,,4.0,Wisconsin,2011.0,2011.0,SL,47,,0.08695652
2015,9,00-0027985,L.Kendricks,TE,LA,MIN,0,0,0.0,0,0.0,0.0,0.0,0,0.0,0,2,2,25.0,0,2.5,4.5,,,75.0,250.0,,4.0,Wisconsin,2011.0,2011.0,SL,47,,0.06451613
2015,10,00-0027985,L.Kendricks,TE,LA,CHI,0,0,0.0,0,0.0,0.0,0.0,0,0.0,0,3,1,4.0,0,0.4,1.4,,,75.0,250.0,,4.0,Wisconsin,2011.0,2011.0,SL,47,,0.08108108
2015,11,00-0027985,L.Kendricks,TE,LA,BAL,0,0,0.0,0,0.0,0.0,0.0,0,0.0,0,4,2,43.0,1,10.3,12.3,,,75.0,250.0,,4.0,Wisconsin,2011.0,2011.0,SL,47,,0.15384616
2015,12,00-0027985,L.Kendricks,TE,LA,CIN,0,0,0.0,0,0.0,0.0,0.0,0,0.0,0,4,3,17.0,0,1.7,4.7,,,75.0,250.0,,4.0,Wisconsin,2011.0,2011.0,SL,47,,0.0754717
2015,14,00-0027985,L.Kendricks,TE,LA,DET,0,0,0.0,0,0.0,0.0,0.0,0,0.0,0,1,0,0.0,0,0.0,0.0,,,75.0,250.0,,4.0,Wisconsin,2011.0,2011.0,SL,47,,0.045454547
2015,15,00-0027985,L.Kendricks,TE,LA,TB,0,0,0.0,0,0.0,0.0,0.0,0,0.0,0,3,3,27.0,0,2.7,5.7,,,75.0,250.0,,4.0,Wisconsin,2011.0,2011.0,SL,47,,0.1764706
2015,16,00-0027985,L.Kendricks,TE,LA,SEA,0,0,0.0,0,0.0,0.0,0.0,0,0.0,0,2,0,0.0,0,0.0,0.0,,,75.0,250.0,,4.0,Wisconsin,2011.0,2011.0,SL,47,,0.08695652
2015,17,00-0027985,L.Kendricks,TE,LA,SF,0,0,0.0,0,0.0,0.0,0.0,0,0.0,0,5,5,37.0,0,3.7,8.7,,,75.0,250.0,,4.0,Wisconsin,2011.0,2011.0,SL,47,,0.13157895
2015,1,00-0027994,S.Vereen,RB,NYG,DAL,0,0,0.0,0,0.0,0.0,0.0,3,14.0,0,5,4,45.0,0,5.9,9.9,,,70.0,205.0,26.6833125,4.0,California,2011.0,2011.0,NE,56,,0.15151516
2015,2,00-0027994,S.Vereen,RB,NYG,ATL,0,0,0.0,0,0.0,0.0,0.0,6,19.0,0,8,8,76.0,0,9.5,17.5,,,70.0,205.0,26.6833125,4.0,California,2011.0,2011.0,NE,56,-4.0,0.2
2015,3,00-0027994,S.Vereen,RB,NYG,WAS,0,0,0.0,0,0.0,0.0,0.0,6,23.0,0,3,0,0.0,0,2.3,2.3,,,70.0,205.0,26.6833125,4.0,California,2011.0,2011.0,NE,56,11.0,0.09375
2015,4,00-0027994,S.Vereen,RB,NYG,BUF,0,0,0.0,0,0.0,0.0,0.0,5,21.0,0,0,0,0.0,0,2.1,2.1,,,70.0,205.0,26.6833125,4.0,California,2011.0,2011.0,NE,56,,
2015,5,00-0027994,S.Vereen,RB,NYG,SF,0,0,0.0,0,0.0,0.0,0.0,5,24.0,0,8,8,86.0,1,17.0,25.0,,,70.0,205.0,26.6833125,4.0,California,2011.0,2011.0,NE,56,3.0,0.1509434
2015,6,00-0027994,S.Vereen,RB,NYG,PHI,0,0,0.0,0,0.0,0.0,0.0,4,0.0,0,4,1,6.0,0,0.6,1.6,,,70.0,205.0,26.6833125,4.0,California,2011.0,2011.0,NE,56,,0.11111111
2015,7,00-0027994,S.Vereen,RB,NYG,DAL,0,0,0.0,0,0.0,0.0,0.0,4,56.0,0,3,1,6.0,0,6.2,7.2,,,70.0,205.0,26.6833125,4.0,California,2011.0,2011.0,NE,56,7.0,0.125
2015,8,00-0027994,S.Vereen,RB,NYG,NO,0,0,0.0,0,0.0,0.0,0.0,2,3.0,0,9,8,60.0,1,12.3,20.3,,,70.0,205.0,26.6833125,4.0,California,2011.0,2011.0,NE,56,,0.2195122
2015,9,00-0027994,S.Vereen,RB,NYG,TB,0,0,0.0,0,0.0,0.0,0.0,6,14.0,0,4,4,29.0,1,10.3,14.3,,,70.0,205.0,26.6833125,4.0,California,2011.0,2011.0,NE,56,,0.1
2015,10,00-0027994,S.Vereen,RB,NYG,NE,0,0,0.0,0,0.0,0.0,0.0,4,14.0,0,4,2,12.0,0,2.6,4.6,,,70.0,205.0,26.6833125,4.0,California,2011.0,2011.0,NE,56,-1.0,0.09090909
2015,12,00-0027994,S.Vereen,RB,NYG,WAS,0,0,0.0,0,0.0,0.0,0.0,2,15.0,0,5,4,21.0,0,3.6,7.6,,,70.0,205.0,26.6833125,4.0,California,2011.0,2011.0,NE,56,,0.09803922
2015,13,00-0027994,S.Vereen,RB,NYG,NYJ,0,0,0.0,0,0.0,0.0,0.0,4,13.0,0,3,2,7.0,0,2.0,4.0,,,70.0,205.0,26.6833125,4.0,California,2011.0,2011.0,NE,56,-3.0,0.0882353
2015,14,00-0027994,S.Vereen,RB,NYG,MIA,0,0,0.0,0,0.0,0.0,0.0,1,0.0,0,2,1,10.0,0,1.0,2.0,,,70.0,205.0,26.6833125,4.0,California,2011.0,2011.0,NE,56,,0.06451613
2015,15,00-0027994,S.Vereen,RB,NYG,CAR,0,0,0.0,0,0.0,0.0,0.0,4,29.0,0,10,8,43.0,1,13.2,21.2,,,70.0,205.0,26.6833125,4.0,California,2011.0,2011.0,NE,56,-3.0,0.22222222
2015,16,00-0027994,S.Vereen,RB,NYG,MIN,0,0,0.0,0,0.0,0.0,0.0,1,3.0,0,5,2,21.0,0,2.4,4.4,,,70.0,205.0,26.6833125,4.0,California,2011.0,2011.0,NE,56,,0.14705883
2015,17,00-0027994,S.Vereen,RB,NYG,PHI,0,0,0.0,0,0.0,0.0,0.0,4,12.0,0,8,6,72.0,0,8.4,14.4,,,70.0,205.0,26.6833125,4.0,California,2011.0,2011.0,NE,56,-5.0,0.1904762
2015,1,00-0027996,T.Smith,WR,SF,MIN,0,0,0.0,0,0.0,0.0,0.0,0,0.0,0,3,1,11.0,0,1.1,2.1,,,72.0,205.0,26.780124999999998,4.0,Maryland,2011.0,2011.0,BLT,58,17.0,0.115384616
2015,2,00-0027996,T.Smith,WR,SF,PIT,0,0,0.0,0,0.0,0.0,0.0,0,0.0,0,7,6,120.0,1,20.0,26.0,,,72.0,205.0,26.780124999999998,4.0,Maryland,2011.0,2011.0,BLT,58,,0.1521739
2015,3,00-0027996,T.Smith,WR,SF,ARI,0,0,0.0,0,0.0,0.0,0.0,0,0.0,0,2,0,0.0,0,0.0,0.0,,,72.0,205.0,26.780124999999998,4.0,Maryland,2011.0,2011.0,BLT,58,,0.10526316
2015,4,00-0027996,T.Smith,WR,SF,GB,0,0,0.0,0,0.0,0.0,0.0,0,0.0,0,5,2,54.0,0,5.4,7.4,,,72.0,205.0,26.780124999999998,4.0,Maryland,2011.0,2011.0,BLT,58,-14.0,0.2
2015,5,00-0027996,T.Smith,WR,SF,NYG,0,0,0.0,0,0.0,0.0,0.0,0,0.0,0,2,2,42.0,0,4.2,6.2,,,72.0,205.0,26.780124999999998,4.0,Maryland,2011.0,2011.0,BLT,58,,0.057142857
2015,6,00-0027996,T.Smith,WR,SF,BAL,0,0,0.0,0,0.0,0.0,0.0,0,0.0,0,6,3,96.0,1,15.6,18.6,,,72.0,205.0,26.780124999999998,4.0,Maryland,2011.0,2011.0,BLT,58,5.0,0.22222222
2015,7,00-0027996,T.Smith,WR,SF,SEA,0,0,0.0,0,0.0,0.0,0.0,0,0.0,0,1,0,0.0,0,0.0,0.0,,,72.0,205.0,26.780124999999998,4.0,Maryland,2011.0,2011.0,BLT,58,-17.0,0.041666668
2015,8,00-0027996,T.Smith,WR,SF,LA,0,0,0.0,0,0.0,0.0,0.0,0,0.0,0,5,2,19.0,0,1.9,3.9,,,72.0,205.0,26.780124999999998,4.0,Maryland,2011.0,2011.0,BLT,58,,0.12195122
2015,9,00-0027996,T.Smith,WR,SF,ATL,0,0,0.0,0,0.0,0.0,0.0,0,0.0,0,4,2,44.0,0,4.4,6.4,,,72.0,205.0,26.780124999999998,4.0,Maryland,2011.0,2011.0,BLT,58,1.0,0.15384616
2015,11,00-0027996,T.Smith,WR,SF,SEA,0,0,0.0,0,0.0,0.0,0.0,0,0.0,0,3,1,16.0,0,1.6,2.6,,,72.0,205.0,26.780124999999998,4.0,Maryland,2011.0,2011.0,BLT,58,,0.09090909
2015,12,00-0027996,T.Smith,WR,SF,ARI,0,0,0.0,0,0.0,0.0,0.0,0,0.0,0,3,2,51.0,0,5.1,7.1,,,72.0,205.0,26.780124999999998,4.0,Maryland,2011.0,2011.0,BLT,58,-6.0,0.083333336
2015,13,00-0027996,T.Smith,WR,SF,CHI,0,0,0.0,0,0.0,0.0,0.0,0,0.0,0,3,2,76.0,1,13.6,15.6,,,72.0,205.0,26.780124999999998,4.0,Maryland,2011.0,2011.0,BLT,58,,0.09375
2015,14,00-0027996,T.Smith,WR,SF,CLE,0,0,0.0,0,0.0,0.0,0.0,0,0.0,0,2,1,17.0,0,1.7,2.7,,,72.0,205.0,26.780124999999998,4.0,Maryland,2011.0,2011.0,BLT,58,,0.071428575
2015,15,00-0027996,T.Smith,WR,SF,CIN,0,0,0.0,0,0.0,0.0,0.0,0,0.0,0,5,2,33.0,0,3.3,5.3,,,72.0,205.0,26.780124999999998,4.0,Maryland,2011.0,2011.0,BLT,58,-10.0,0.1
2015,16,00-0027996,T.Smith,WR,SF,DET,0,0,0.0,0,0.0,0.0,0.0,0,0.0,0,3,2,23.0,1,8.3,10.3,,,72.0,205.0,26.780124999999998,4.0,Maryland,2011.0,2011.0,BLT,58,,0.09090909
2015,17,00-0027996,T.Smith,WR,SF,LA,0,0,0.0,0,0.0,0.0,0.0,0,0.0,0,8,5,61.0,0,6.1,11.1,,,72.0,205.0,26.780124999999998,4.0,Maryland,2011.0,2011.0,BLT,58,3.0,0.18181819
2015,1,00-0028002,R.Cobb,WR,GB,CHI,0,0,0.0,0,0.0,0.0,0.0,0,0.0,0,5,5,38.0,1,9.8,14.8,,,70.0,192.0,25.234333333333336,4.0,Kentucky,2011.0,2011.0,GB,64,,0.2173913
2015,2,00-0028002,R.Cobb,WR,GB,SEA,0,0,0.0,0,0.0,0.0,0.0,0,0.0,0,11,8,116.0,0,11.6,19.6,,,70.0,192.0,25.234333333333336,4.0,Kentucky,2011.0,2011.0,GB,64,10.0,0.3548387
2015,3,00-0028002,R.Cobb,WR,GB,KC,0,0,0.0,0,0.0,0.0,0.0,1,12.0,0,12,7,91.0,3,28.3,35.3,,,70.0,192.0,25.234333333333336,4.0,Kentucky,2011.0,2011.0,GB,64,10.0,0.34285715
2015,4,00-0028002,R.Cobb,WR,GB,SF,0,0,0.0,0,0.0,0.0,0.0,0,0.0,0,8,5,44.0,0,4.4,9.4,,,70.0,192.0,25.234333333333336,4.0,Kentucky,2011.0,2011.0,GB,64,,0.25
2015,5,00-0028002,R.Cobb,WR,GB,LA,0,0,0.0,0,0.0,0.0,0.0,0,0.0,0,6,3,23.0,0,2.3,5.3,,,70.0,192.0,25.234333333333336,4.0,Kentucky,2011.0,2011.0,GB,64,14.0,0.2
2015,6,00-0028002,R.Cobb,WR,GB,LAC,0,0,0.0,0,0.0,0.0,0.0,0,0.0,0,5,2,38.0,0,3.8,5.8,,,70.0,192.0,25.234333333333336,4.0,Kentucky,2011.0,2011.0,GB,64,7.0,0.1724138
2015,8,00-0028002,R.Cobb,WR,GB,DEN,0,0,0.0,0,0.0,0.0,0.0,1,10.0,0,9,6,27.0,0,3.7,9.7,,,70.0,192.0,25.234333333333336,4.0,Kentucky,2011.0,2011.0,GB,64,,0.4090909
2015,9,00-0028002,R.Cobb,WR,GB,CAR,0,0,0.0,0,0.0,0.0,0.0,0,0.0,0,12,4,99.0,1,15.9,19.9,,,70.0,192.0,25.234333333333336,4.0,Kentucky,2011.0,2011.0,GB,64,,0.25
2015,10,00-0028002,R.Cobb,WR,GB,DET,0,0,0.0,0,0.0,0.0,0.0,1,-3.0,0,10,5,53.0,0,5.0,10.0,,,70.0,192.0,25.234333333333336,4.0,Kentucky,2011.0,2011.0,GB,64,-2.0,0.16666667
2015,11,00-0028002,R.Cobb,WR,GB,MIN,0,0,0.0,0,0.0,0.0,0.0,0,0.0,0,9,2,24.0,1,8.4,10.4,,,70.0,192.0,25.234333333333336,4.0,Kentucky,2011.0,2011.0,GB,64,,0.2647059
2015,12,00-0028002,R.Cobb,WR,GB,CHI,0,0,0.0,0,0.0,0.0,0.0,0,0.0,0,7,6,74.0,0,7.4,13.4,,,70.0,192.0,25.234333333333336,4.0,Kentucky,2011.0,2011.0,GB,64,-4.0,0.1627907
2015,13,00-0028002,R.Cobb,WR,GB,DET,0,0,0.0,0,0.0,0.0,0.0,1,-1.0,0,5,4,29.0,0,2.8,6.8,,,70.0,192.0,25.234333333333336,4.0,Kentucky,2011.0,2011.0,GB,64,,0.14285715
2015,14,00-0028002,R.Cobb,WR,GB,DAL,0,0,0.0,0,0.0,0.0,0.0,3,9.0,0,12,8,81.0,0,9.0,17.0,,,70.0,192.0,25.234333333333336,4.0,Kentucky,2011.0,2011.0,GB,64,21.0,0.36363637
2015,15,00-0028002,R.Cobb,WR,GB,LV,0,0,0.0,0,0.0,0.0,0.0,4,18.0,0,7,5,40.0,0,5.8,10.8,,,70.0,192.0,25.234333333333336,4.0,Kentucky,2011.0,2011.0,GB,64,,0.18421052
2015,16,00-0028002,R.Cobb,WR,GB,ARI,0,0,0.0,0,0.0,0.0,0.0,1,2.0,0,3,3,15.0,0,1.7,4.7,,,70.0,192.0,25.234333333333336,4.0,Kentucky,2011.0,2011.0,GB,64,,0.10344828
2015,17,00-0028002,R.Cobb,WR,GB,MIN,0,0,0.0,0,0.0,0.0,0.0,1,3.0,0,8,6,37.0,0,4.0,10.0,,,70.0,192.0,25.234333333333336,4.0,Kentucky,2011.0,2011.0,GB,64,-7.0,0.18604651
2015,18,00-0028002,R.Cobb,WR,GB,WAS,0,0,0.0,0,0.0,0.0,0.0,5,24.0,0,8,3,38.0,1,12.2,15.2,,,70.0,192.0,25.234333333333336,4.0,Kentucky,2011.0,2011.0,GB,64,,0.23529412
2015,19,00-0028002,R.Cobb,WR,GB,ARI,0,0,0.0,0,0.0,0.0,0.0,0,0.0,0,1,0,0.0,0,0.0,0.0,,,70.0,192.0,25.234333333333336,4.0,Kentucky,2011.0,2011.0,GB,64,,0.023809524
2015,1,00-0028007,,TE,CLE,NYJ,0,0,0.0,0,0.0,0.0,0.0,0,0.0,0,1,0,0.0,0,0.0,0.0,,,77.0,250.0,27.7685,4.0,Florida Atlantic,2011.0,2011.0,ARZ,69,,0.03125
2015,3,00-0028007,,TE,CLE,LV,0,0,0.0,0,0.0,0.0,0.0,0,0.0,0,2,0,0.0,0,0.0,0.0,,,77.0,250.0,27.7685,4.0,Florida Atlantic,2011.0,2011.0,ARZ,69,-7.0,0.040816326
2015,5,00-0028007,,TE,CLE,BAL,0,0,0.0,0,0.0,0.0,0.0,0,0.0,0,1,1,6.0,0,0.6,1.6,,,77.0,250.0,27.7685,4.0,Florida Atlantic,2011.0,2011.0,ARZ,69,,0.019607844
2015,15,00-0028007,,TE,CHI,MIN,0,0,0.0,0,0.0,0.0,0.0,0,0.0,0,1,1,9.0,0,0.9,1.9,,,77.0,250.0,27.7685,4.0,Florida Atlantic,2011.0,2011.0,ARZ,69,,0.027777778
2015,17,00-0028007,,TE,CHI,DET,0,0,0.0,0,0.0,0.0,0.0,0,0.0,0,2,2,18.0,0,1.8,3.8,,,77.0,250.0,27.7685,4.0,Florida Atlantic,2011.0,2011.0,ARZ,69,-4.0,0.08695652
2015,1,00-0028009,D.Murray,RB,PHI,ATL,0,0,0.0,0,0.0,0.0,0.0,8,9.0,1,5,4,11.0,1,14.0,18.0,,,72.0,217.0,27.7379375,4.0,Oklahoma,2011.0,2011.0,DAL,71,,0.09615385
2015,2,00-0028009,D.Murray,RB,PHI,DAL,0,0,0.0,0,0.0,0.0,0.0,13,2.0,0,5,5,53.0,0,5.5,10.5,,,72.0,217.0,27.7379375,4.0,Oklahoma,2011.0,2011.0,DAL,71,-10.0,0.13513513
2015,4,00-0028009,D.Murray,RB,PHI,WAS,0,0,0.0,0,0.0,0.0,0.0,8,36.0,0,2,2,12.0,0,4.8,6.8,,,72.0,217.0,27.7379375,4.0,Oklahoma,2011.0,2011.0,DAL,71,,0.071428575
2015,5,00-0028009,D.Murray,RB,PHI,NO,0,0,0.0,0,0.0,0.0,0.0,20,83.0,1,8,7,37.0,0,18.0,25.0,,,72.0,217.0,27.7379375,4.0,Oklahoma,2011.0,2011.0,DAL,71,22.0,0.17777778
2015,6,00-0028009,D.Murray,RB,PHI,NYG,0,0,0.0,0,0.0,0.0,0.0,21,112.0,1,4,3,14.0,0,18.6,21.6,,,72.0,217.0,27.7379375,4.0,Oklahoma,2011.0,2011.0,DAL,71,20.0,0.10810811
2015,7,00-0028009,D.Murray,RB,PHI,CAR,0,0,0.0,0,0.0,0.0,0.0,18,65.0,0,4,2,5.0,0,7.0,9.0,,,72.0,217.0,27.7379375,4.0,Oklahoma,2011.0,2011.0,DAL,71,,0.08695652
2015,9,00-0028009,D.Murray,RB,PHI,DAL,0,0,0.0,0,0.0,0.0,0.0,18,83.0,1,7,6,78.0,0,22.1,28.1,,,72.0,217.0,27.7379375,4.0,Oklahoma,2011.0,2011.0,DAL,71,,0.19444445
2015,10,00-0028009,D.Murray,RB,PHI,MIA,0,0,0.0,0,0.0,0.0,0.0,22,61.0,0,8,6,58.0,0,11.9,17.9,,,72.0,217.0,27.7379375,4.0,Oklahoma,2011.0,2011.0,DAL,71,-1.0,0.16666667
2015,11,00-0028009,D.Murray,RB,PHI,TB,0,0,0.0,0,0.0,0.0,0.0,13,64.0,0,5,4,27.0,0,7.1,11.1,,,72.0,217.0,27.7379375,4.0,Oklahoma,2011.0,2011.0,DAL,71,-28.0,0.12195122
2015,12,00-0028009,D.Murray,RB,PHI,DET,0,0,0.0,0,0.0,0.0,0.0,14,30.0,0,0,0,0.0,0,3.0,3.0,,,72.0,217.0,27.7379375,4.0,Oklahoma,2011.0,2011.0,DAL,71,,
2015,13,00-0028009,D.Murray,RB,PHI,NE,0,0,0.0,0,0.0,0.0,0.0,8,24.0,0,0,0,0.0,0,2.4,2.4,,,72.0,217.0,27.7379375,4.0,Oklahoma,2011.0,2011.0,DAL,71,,
2015,14,00-0028009,D.Murray,RB,PHI,BUF,0,0,0.0,0,0.0,0.0,0.0,11,34.0,0,2,2,3.0,0,3.7,5.7,,,72.0,217.0,27.7379375,4.0,Oklahoma,2011.0,2011.0,DAL,71,3.0,0.054054055
2015,15,00-0028009,D.Murray,RB,PHI,ARI,0,0,0.0,0,0.0,0.0,0.0,2,3.0,0,0,0,0.0,0,0.3,0.3,,,72.0,217.0,27.7379375,4.0,Oklahoma,2011.0,2011.0,DAL,71,-23.0,
2015,16,00-0028009,D.Murray,RB,PHI,WAS,0,0,0.0,0,0.0,0.0,0.0,5,27.0,1,4,3,24.0,0,11.1,14.1,,,72.0,217.0,27.7379375,4.0,Oklahoma,2011.0,2011.0,DAL,71,-14.0,0.07272727
2015,17,00-0028009,D.Murray,RB,PHI,NYG,0,0,0.0,0,0.0,0.0,0.0,12,69.0,1,1,0,0.0,0,10.9,10.9,,,72.0,217.0,27.7379375,4.0,Oklahoma,2011.0,2011.0,DAL,71,,0.02631579
2015,10,00-0028011,S.Ridley,RB,NYJ,BUF,0,0,0.0,0,0.0,0.0,0.0,3,-1.0,0,0,0,0.0,0,-0.1,-0.1,,,71.0,220.0,26.844900000000003,4.0,LSU,2011.0,2011.0,NE,73,-5.0,
2015,11,00-0028011,S.Ridley,RB,NYJ,HOU,0,0,0.0,0,0.0,0.0,0.0,4,0.0,0,1,1,-5.0,0,-0.5,0.5,,,71.0,220.0,26.844900000000003,4.0,LSU,2011.0,2011.0,NE,73,,0.025641026
2015,12,00-0028011,S.Ridley,RB,NYJ,MIA,0,0,0.0,0,0.0,0.0,0.0,2,1.0,0,0,0,0.0,0,0.1,0.1,,,71.0,220.0,26.844900000000003,4.0,LSU,2011.0,2011.0,NE,73,18.0,
2015,13,00-0028011,S.Ridley,RB,NYJ,NYG,0,0,0.0,0,0.0,0.0,0.0,3,4.0,0,0,0,0.0,0,0.4,0.4,,,71.0,220.0,26.844900000000003,4.0,LSU,2011.0,2011.0,NE,73,,
2015,14,00-0028011,S.Ridley,RB,NYJ,TEN,0,0,0.0,0,0.0,0.0,0.0,6,23.0,0,0,0,0.0,0,2.3,2.3,,,71.0,220.0,26.844900000000003,4.0,LSU,2011.0,2011.0,NE,73,22.0,
2015,15,00-0028011,S.Ridley,RB,NYJ,DAL,0,0,0.0,0,0.0,0.0,0.0,2,-2.0,0,2,1,3.0,0,0.1,1.1,,,71.0,220.0,26.844900000000003,4.0,LSU,2011.0,2011.0,NE,73,,0.051282052
2015,16,00-0028011,S.Ridley,RB,NYJ,NE,0,0,0.0,0,0.0,0.0,0.0,7,36.0,0,0,0,0.0,0,3.6,3.6,,,71.0,220.0,26.844900000000003,4.0,LSU,2011.0,2011.0,NE,73,6.0,
2015,17,00-0028011,S.Ridley,RB,NYJ,BUF,0,0,0.0,0,0.0,0.0,0.0,9,29.0,0,2,2,0.0,0,2.9,4.9,,,71.0,220.0,26.844900000000003,4.0,LSU,2011.0,2011.0,NE,73,,0.055555556
2015,1,00-0028012,R.Mallett,QB,HOU,KC,8,13,98.0,1,0.0,1.0,7.0,1,6.0,0,0,0,0.0,0,10.52,10.52,,,78.0,245.0,,4.0,Arkansas,2011.0,2011.0,NE,74,-7.0,
2015,2,00-0028012,R.Mallett,QB,HOU,CAR,27,58,244.0,1,1.0,1.0,5.0,1,6.0,1,0,0,0.0,0,18.36,18.36,,,78.0,245.0,,4.0,Arkansas,2011.0,2011.0,NE,74,,
2015,3,00-0028012,R.Mallett,QB,HOU,TB,24,39,228.0,1,1.0,1.0,1.0,1,-1.0,0,0,0,0.0,0,11.02,11.02,,,78.0,245.0,,4.0,Arkansas,2011.0,2011.0,NE,74,10.0,
2015,4,00-0028012,R.Mallett,QB,HOU,ATL,12,27,150.0,0,1.0,0.0,-0.0,0,0.0,0,0,0,0.0,0,4.0,4.0,,,78.0,245.0,,4.0,Arkansas,2011.0,2011.0,NE,74,,
2015,5,00-0028012,R.Mallett,QB,HOU,IND,7,10,50.0,0,1.0,1.0,-0.0,1,0.0,0,0,0,0.0,0,0.0,0.0,,,78.0,245.0,,4.0,Arkansas,2011.0,2011.0,NE,74,-7.0,
2015,16,00-0028012,R.Mallett,QB,BAL,PIT,28,41,274.0,1,0.0,1.0,9.0,0,0.0,0,0,0,0.0,0,14.96,14.96,,,78.0,245.0,,4.0,Arkansas,2011.0,2011.0,NE,74,3.0,
2015,17,00-0028012,R.Mallett,QB,BAL,CIN,30,56,292.0,1,2.0,1.0,10.0,1,4.0,0,0,0,0.0,0,12.08,12.08,,,78.0,245.0,,4.0,Arkansas,2011.0,2011.0,NE,74,,
2015,1,00-0028017,,WR,ATL,PHI,0,0,0.0,0,0.0,0.0,0.0,0,0.0,0,4,2,16.0,0,1.6,3.6,,,74.0,211.0,26.745307692307694,4.0,,2011.0,2011.0,WAS,79,2.0,0.11764706
2015,2,00-0028017,,WR,ATL,NYG,0,0,0.0,0,0.0,0.0,0.0,0,0.0,0,11,6,77.0,1,13.7,19.7,,,74.0,211.0,26.745307692307694,4.0,,2011.0,2011.0,WAS,79,,0.23913044
2015,3,00-0028017,,WR,ATL,DAL,0,0,0.0,0,0.0,0.0,0.0,0,0.0,0,6,3,45.0,0,4.5,7.5,,,74.0,211.0,26.745307692307694,4.0,,2011.0,2011.0,WAS,79,,0.17142858
2015,4,00-0028017,,WR,ATL,HOU,0,0,0.0,0,0.0,0.0,0.0,0,0.0,0,8,6,103.0,1,16.3,22.3,,,74.0,211.0,26.745307692307694,4.0,,2011.0,2011.0,WAS,79,27.0,0.2962963
2015,5,00-0028017,,WR,ATL,WAS,0,0,0.0,0,0.0,0.0,0.0,0,0.0,0,4,1,13.0,0,1.3,2.3,,,74.0,211.0,26.745307692307694,4.0,,2011.0,2011.0,WAS,79,6.0,0.0952381
2015,6,00-0028017,,WR,ATL,NO,0,0,0.0,0,0.0,0.0,0.0,0,0.0,0,6,4,37.0,0,3.7,7.7,,,74.0,211.0,26.745307692307694,4.0,,2011.0,2011.0,WAS,79,,0.13953489
2015,11,00-0028017,,WR,ATL,IND,0,0,0.0,0,0.0,0.0,0.0,0,0.0,0,7,4,36.0,1,9.6,13.6,,,74.0,211.0,26.745307692307694,4.0,,2011.0,2011.0,WAS,79,-3.0,0.1521739
2015,14,00-0028020,,WR,LAC,KC,0,0,0.0,0,0.0,0.0,0.0,0,0.0,0,2,1,22.0,0,2.2,3.2,,,71.0,190.0,26.89633333333333,4.0,San Diego State,2011.0,2011.0,SD,82,,0.04761905
2015,1,00-0028040,,TE,MIA,WAS,0,0,0.0,0,0.0,0.0,0.0,0,0.0,0,7,4,73.0,0,7.3,11.3,,,77.0,260.0,27.2570625,4.0,USC,2011.0,2011.0,CLV,102,,0.20588236
2015,2,00-0028040,,TE,MIA,JAX,0,0,0.0,0,0.0,0.0,0.0,0,0.0,0,4,3,62.0,0,6.2,9.2,,,77.0,260.0,27.2570625,4.0,USC,2011.0,2011.0,CLV,102,,0.093023255
2015,3,00-0028040,,TE,MIA,BUF,0,0,0.0,0,0.0,0.0,0.0,0,0.0,0,8,3,16.0,0,1.6,4.6,,,77.0,260.0,27.2570625,4.0,USC,2011.0,2011.0,CLV,102,-27.0,0.1632653
2015,4,00-0028040,,TE,MIA,NYJ,0,0,0.0,0,0.0,0.0,0.0,0,0.0,0,9,2,19.0,0,1.9,3.9,,,77.0,260.0,27.2570625,4.0,USC,2011.0,2011.0,CLV,102,-13.0,0.20454545
2015,6,00-0028040,,TE,MIA,TEN,0,0,0.0,0,0.0,0.0,0.0,0,0.0,0,8,3,30.0,1,9.0,12.0,,,77.0,260.0,27.2570625,4.0,USC,2011.0,2011.0,CLV,102,,0.27586207
2015,7,00-0028040,,TE,MIA,HOU,0,0,0.0,0,0.0,0.0,0.0,0,0.0,0,2,2,23.0,0,2.3,4.3,,,77.0,260.0,27.2570625,4.0,USC,2011.0,2011.0,CLV,102,18.0,0.1
2015,8,00-0028040,,TE,MIA,NE,0,0,0.0,0,0.0,0.0,0.0,0,0.0,0,5,2,34.0,0,3.4,5.4,,,77.0,260.0,27.2570625,4.0,USC,2011.0,2011.0,CLV,102,,0.11627907
2015,9,00-0028040,,TE,MIA,BUF,0,0,0.0,0,0.0,0.0,0.0,0,0.0,0,1,1,6.0,0,0.6,1.6,,,77.0,260.0,27.2570625,4.0,USC,2011.0,2011.0,CLV,102,,0.028571429
2015,10,00-0028040,,TE,MIA,PHI,0,0,0.0,0,0.0,0.0,0.0,0,0.0,0,3,1,5.0,0,0.5,1.5,,,77.0,260.0,27.2570625,4.0,USC,2011.0,2011.0,CLV,102,,0.083333336
2015,11,00-0028040,,TE,MIA,DAL,0,0,0.0,0,0.0,0.0,0.0,0,0.0,0,5,2,21.0,1,8.1,10.1,,,77.0,260.0,27.2570625,4.0,USC,2011.0,2011.0,CLV,102,-10.0,0.2173913
2015,12,00-0028040,,TE,MIA,NYJ,0,0,0.0,0,0.0,0.0,0.0,0,0.0,0,3,2,13.0,0,1.3,3.3,,,77.0,260.0,27.2570625,4.0,USC,2011.0,2011.0,CLV,102,,0.05172414
2015,13,00-0028040,,TE,MIA,BAL,0,0,0.0,0,0.0,0.0,0.0,0,0.0,0,3,1,4.0,0,0.4,1.4,,,77.0,260.0,27.2570625,4.0,USC,2011.0,2011.0,CLV,102,2.0,0.15789473
2015,14,00-0028040,,TE,MIA,NYG,0,0,0.0,0,0.0,0.0,0.0,0,0.0,0,4,3,35.0,0,3.5,6.5,,,77.0,260.0,27.2570625,4.0,USC,2011.0,2011.0,CLV,102,-7.0,0.09756097
2015,15,00-0028040,,TE,MIA,LAC,0,0,0.0,0,0.0,0.0,0.0,0,0.0,0,1,1,5.0,0,0.5,1.5,,,77.0,260.0,27.2570625,4.0,USC,2011.0,2011.0,CLV,102,,0.032258064
2015,16,00-0028040,,TE,MIA,IND,0,0,0.0,0,0.0,0.0,0.0,0,0.0,0,3,3,34.0,0,3.4,6.4,,,77.0,260.0,27.2570625,4.0,USC,2011.0,2011.0,CLV,102,-6.0,0.078947365
2015,17,00-0028040,,TE,MIA,NE,0,0,0.0,0,0.0,0.0,0.0,0,0.0,0,4,2,6.0,1,6.6,8.6,,,77.0,260.0,27.2570625,4.0,USC,2011.0,2011.0,CLV,102,10.0,0.10526316
2015,7,00-0028042,L.Stocker,TE,TB,WAS,0,0,0.0,0,0.0,0.0,0.0,0,0.0,0,4,3,22.0,0,2.2,5.2,,,78.0,253.0,27.313125,4.0,Tennessee,2011.0,2011.0,TB,104,,0.13793103
2015,8,00-0028042,L.Stocker,TE,TB,ATL,0,0,0.0,0,0.0,0.0,0.0,0,0.0,0,1,0,0.0,0,0.0,0.0,,,78.0,253.0,27.313125,4.0,Tennessee,2011.0,2011.0,TB,104,,0.03448276
2015,10,00-0028042,L.Stocker,TE,TB,DAL,0,0,0.0,0,0.0,0.0,0.0,0,0.0,0,1,0,0.0,0,0.0,0.0,,,78.0,253.0,27.313125,4.0,Tennessee,2011.0,2011.0,TB,104,4.0,0.02631579
2015,12,00-0028042,L.Stocker,TE,TB,IND,0,0,0.0,0,0.0,0.0,0.0,0,0.0,0,1,0,0.0,0,0.0,0.0,,,78.0,253.0,27.313125,4.0,Tennessee,2011.0,2011.0,TB,104,,0.027777778
2015,13,00-0028042,L.Stocker,TE,TB,ATL,0,0,0.0,0,0.0,0.0,0.0,0,0.0,0,1,1,4.0,0,0.4,1.4,,,78.0,253.0,27.313125,4.0,Tennessee,2011.0,2011.0,TB,104,4.0,0.037037037
2015,15,00-0028042,L.Stocker,TE,TB,LA,0,0,0.0,0,0.0,0.0,0.0,0,0.0,0,3,3,25.0,1,8.5,11.5,,,78.0,253.0,27.313125,4.0,Tennessee,2011.0,2011.0,TB,104,,0.06122449
2015,16,00-0028042,L.Stocker,TE,TB,CHI,0,0,0.0,0,0.0,0.0,0.0,0,0.0,0,1,1,7.0,0,0.7,1.7,,,78.0,253.0,27.313125,4.0,Tennessee,2011.0,2011.0,TB,104,-5.0,0.035714287
2015,17,00-0028042,L.Stocker,TE,TB,CAR,0,0,0.0,0,0.0,0.0,0.0,0,0.0,0,1,1,3.0,0,0.3,1.3,,,78.0,253.0,27.313125,4.0,Tennessee,2011.0,2011.0,TB,104,,0.021276595
2015,3,00-0028043,,RB,LV,CLE,0,0,0.0,0,0.0,0.0,0.0,0,0.0,0,1,1,12.0,0,1.2,2.2,,,71.0,220.0,26.921625,4.0,Nebraska,2011.0,2011.0,WAS,105,,0.03125
2015,4,00-0028043,,RB,LV,CHI,0,0,0.0,0,0.0,0.0,0.0,5,22.0,0,2,2,13.0,1,9.5,11.5,,,71.0,220.0,26.921625,4.0,Nebraska,2011.0,2011.0,WAS,105,,0.060606062
2015,5,00-0028043,,RB,LV,DEN,0,0,0.0,0,0.0,0.0,0.0,3,6.0,0,6,3,12.0,0,1.8,4.8,,,71.0,220.0,26.921625,4.0,Nebraska,2011.0,2011.0,WAS,105,,0.15384616
2015,7,00-0028043,,RB,LV,LAC,0,0,0.0,0,0.0,0.0,0.0,4,3.0,0,0,0,0.0,0,0.3,0.3,,,71.0,220.0,26.921625,4.0,Nebraska,2011.0,2011.0,WAS,105,,
2015,8,00-0028043,,RB,LV,NYJ,0,0,0.0,0,0.0,0.0,0.0,0,0.0,0,1,0,0.0,0,0.0,0.0,,,71.0,220.0,26.921625,4.0,Nebraska,2011.0,2011.0,WAS,105,,0.027777778
2015,12,00-0028043,,RB,LV,TEN,0,0,0.0,0,0.0,0.0,0.0,2,3.0,0,0,0,0.0,0,0.3,0.3,,,71.0,220.0,26.921625,4.0,Nebraska,2011.0,2011.0,WAS,105,,
2015,13,00-0028043,,RB,LV,KC,0,0,0.0,0,0.0,0.0,0.0,0,0.0,0,2,1,15.0,0,1.5,2.5,,,71.0,220.0,26.921625,4.0,Nebraska,2011.0,2011.0,WAS,105,,0.041666668
2015,17,00-0028043,,RB,LV,KC,0,0,0.0,0,0.0,0.0,0.0,3,5.0,0,4,2,23.0,0,2.8,4.8,,,71.0,220.0,26.921625,4.0,Nebraska,2011.0,2011.0,WAS,105,,0.125
2015,17,00-0028050,,WR,BUF,NYJ,0,0,0.0,0,0.0,0.0,0.0,0,0.0,0,5,3,41.0,0,4.1,7.1,,,74.0,210.0,27.347,4.0,,2011.0,2011.0,SL,112,5.0,0.17857143
2015,1,00-0028052,,WR,HOU,KC,0,0,0.0,0,0.0,0.0,0.0,0,0.0,0,8,4,57.0,0,5.7,9.7,,,72.0,202.0,,4.0,Mount Union,2011.0,2011.0,JAX,114,-7.0,0.17391305
2015,2,00-0028052,,WR,HOU,CAR,0,0,0.0,0,0.0,0.0,0.0,0,0.0,0,12,6,34.0,0,3.4,9.4,,,72.0,202.0,,4.0,Mount Union,2011.0,2011.0,JAX,114,,0.21052632
2015,3,00-0028052,,WR,HOU,TB,0,0,0.0,0,0.0,0.0,0.0,0,0.0,0,9,6,58.0,0,5.8,11.8,,,72.0,202.0,,4.0,Mount Union,2011.0,2011.0,JAX,114,10.0,0.23076923
2015,4,00-0028052,,WR,HOU,ATL,0,0,0.0,0,0.0,0.0,0.0,0,0.0,0,10,6,87.0,1,12.7,18.7,,,72.0,202.0,,4.0,Mount Union,2011.0,2011.0,JAX,114,,0.1754386
2015,6,00-0028052,,WR,HOU,JAX,0,0,0.0,0,0.0,0.0,0.0,0,0.0,0,6,4,63.0,0,6.3,10.3,,,72.0,202.0,,4.0,Mount Union,2011.0,2011.0,JAX,114,,0.16666667
2015,10,00-0028052,,WR,HOU,CIN,0,0,0.0,0,0.0,0.0,0.0,0,0.0,0,7,3,16.0,0,1.6,4.6,,,72.0,202.0,,4.0,Mount Union,2011.0,2011.0,JAX,114,,0.21212122
2015,11,00-0028052,,WR,HOU,NYJ,1,1,21.0,1,0.0,0.0,-0.0,4,26.0,0,5,2,51.0,0,12.54,14.54,,,72.0,202.0,,4.0,Mount Union,2011.0,2011.0,JAX,114,7.0,0.14705883
2015,12,00-0028052,,WR,HOU,NO,0,0,0.0,0,0.0,0.0,0.0,3,20.0,0,4,3,18.0,1,9.8,12.8,,,72.0,202.0,,4.0,Mount Union,2011.0,2011.0,JAX,114,18.0,0.14814815
2015,13,00-0028052,,WR,HOU,BUF,0,0,0.0,0,0.0,0.0,0.0,1,1.0,0,10,6,91.0,0,9.2,15.2,,,72.0,202.0,,4.0,Mount Union,2011.0,2011.0,JAX,114,,0.23255815
2015,14,00-0028052,,WR,HOU,NE,0,0,0.0,0,0.0,0.0,0.0,2,0.0,0,3,2,9.0,0,0.9,2.9,,,72.0,202.0,,4.0,Mount Union,2011.0,2011.0,JAX,114,-21.0,0.125
2015,15,00-0028052,,WR,HOU,IND,0,0,0.0,0,0.0,0.0,0.0,0,0.0,0,1,0,0.0,0,0.0,0.0,,,72.0,202.0,,4.0,Mount Union,2011.0,2011.0,JAX,114,,0.037037037
2015,18,00-0028052,,WR,HOU,KC,0,0,0.0,0,0.0,0.0,0.0,0,0.0,0,3,1,5.0,0,0.5,1.5,,,72.0,202.0,,4.0,Mount Union,2011.0,2011.0,JAX,114,-30.0,0.0882353
2015,15,00-0028053,,RB,NO,DET,0,0,0.0,0,0.0,0.0,0.0,1,2.0,0,0,0,0.0,0,0.2,0.2,,,67.0,199.0,27.269,4.0,Oklahoma State,2011.0,2011.0,SF,115,-8.0,
2015,1,00-0028063,T.Jones,RB,LV,CIN,0,0,0.0,0,0.0,0.0,0.0,3,5.0,0,1,1,13.0,0,1.8,2.8,,,72.0,195.0,27.2884375,4.0,Eastern Washington,2011.0,2011.0,OAK,125,,0.023255814
2015,2,00-0028063,T.Jones,RB,LV,BAL,0,0,0.0,0,0.0,0.0,0.0,2,9.0,0,1,1,6.0,0,1.5,2.5,,,72.0,195.0,27.2884375,4.0,Eastern Washington,2011.0,2011.0,OAK,125,,0.02173913
2015,3,00-0028063,T.Jones,RB,LV,CLE,0,0,0.0,0,0.0,0.0,0.0,2,16.0,0,0,0,0.0,0,1.6,1.6,,,72.0,195.0,27.2884375,4.0,Eastern Washington,2011.0,2011.0,OAK,125,,
2015,7,00-0028063,T.Jones,RB,LV,LAC,0,0,0.0,0,0.0,0.0,0.0,3,35.0,0,3,2,17.0,0,5.2,7.2,,,72.0,195.0,27.2884375,4.0,Eastern Washington,2011.0,2011.0,OAK,125,,0.09677419
2015,8,00-0028063,T.Jones,RB,LV,NYJ,0,0,0.0,0,0.0,0.0,0.0,2,5.0,0,1,1,59.0,1,12.4,13.4,,,72.0,195.0,27.2884375,4.0,Eastern Washington,2011.0,2011.0,OAK,125,,0.027777778
2015,9,00-0028063,T.Jones,RB,LV,PIT,0,0,0.0,0,0.0,0.0,0.0,2,0.0,0,1,1,6.0,0,0.6,1.6,,,72.0,195.0,27.2884375,4.0,Eastern Washington,2011.0,2011.0,OAK,125,,0.022727273
2015,11,00-0028063,T.Jones,RB,LV,DET,0,0,0.0,0,0.0,0.0,0.0,1,2.0,0,0,0,0.0,0,0.2,0.2,,,72.0,195.0,27.2884375,4.0,Eastern Washington,2011.0,2011.0,OAK,125,,
2015,14,00-0028063,T.Jones,RB,LV,DEN,0,0,0.0,0,0.0,0.0,0.0,1,2.0,0,0,0,0.0,0,0.2,0.2,,,72.0,195.0,27.2884375,4.0,Eastern Washington,2011.0,2011.0,OAK,125,,
2015,16,00-0028063,T.Jones,RB,LV,LAC,0,0,0.0,0,0.0,0.0,0.0,0,0.0,0,2,1,5.0,0,0.5,1.5,,,72.0,195.0,27.2884375,4.0,Eastern Washington,2011.0,2011.0,OAK,125,,0.054054055
2015,1,00-0028064,B.Powell,RB,NYJ,CLE,0,0,0.0,0,0.0,0.0,0.0,12,62.0,0,4,2,16.0,0,7.8,9.8,,,70.0,204.0,27.035,4.0,Louisville,2011.0,2011.0,NYJ,126,21.0,0.16666667
2015,2,00-0028064,B.Powell,RB,NYJ,IND,0,0,0.0,0,0.0,0.0,0.0,12,38.0,0,5,4,16.0,0,5.4,9.4,,,70.0,204.0,27.035,4.0,Louisville,2011.0,2011.0,NYJ,126,,0.14705883
2015,3,00-0028064,B.Powell,RB,NYJ,PHI,0,0,0.0,0,0.0,0.0,0.0,10,31.0,0,8,7,44.0,0,7.5,14.5,,,70.0,204.0,27.035,4.0,Louisville,2011.0,2011.0,NYJ,126,-7.0,0.13793103
2015,4,00-0028064,B.Powell,RB,NYJ,MIA,0,0,0.0,0,0.0,0.0,0.0,0,0.0,0,1,1,12.0,0,1.2,2.2,,,70.0,204.0,27.035,4.0,Louisville,2011.0,2011.0,NYJ,126,,0.03448276
2015,6,00-0028064,B.Powell,RB,NYJ,WAS,0,0,0.0,0,0.0,0.0,0.0,4,-2.0,0,1,1,1.0,0,-0.1,0.9,,,70.0,204.0,27.035,4.0,Louisville,2011.0,2011.0,NYJ,126,14.0,0.03846154
2015,11,00-0028064,B.Powell,RB,NYJ,HOU,0,0,0.0,0,0.0,0.0,0.0,4,22.0,0,7,5,67.0,0,8.9,13.9,,,70.0,204.0,27.035,4.0,Louisville,2011.0,2011.0,NYJ,126,,0.17948718
2015,12,00-0028064,B.Powell,RB,NYJ,MIA,0,0,0.0,0,0.0,0.0,0.0,6,28.0,0,5,2,7.0,0,3.5,5.5,,,70.0,204.0,27.035,4.0,Louisville,2011.0,2011.0,NYJ,126,18.0,0.13513513
2015,13,00-0028064,B.Powell,RB,NYJ,NYG,0,0,0.0,0,0.0,0.0,0.0,6,17.0,0,13,8,91.0,1,16.8,24.8,,,70.0,204.0,27.035,4.0,Louisville,2011.0,2011.0,NYJ,126,,0.26
2015,14,00-0028064,B.Powell,RB,NYJ,TEN,0,0,0.0,0,0.0,0.0,0.0,3,36.0,0,5,5,46.0,1,14.2,19.2,,,70.0,204.0,27.035,4.0,Louisville,2011.0,2011.0,NYJ,126,22.0,0.1388889
2015,15,00-0028064,B.Powell,RB,NYJ,DAL,0,0,0.0,0,0.0,0.0,0.0,6,25.0,1,7,7,54.0,0,13.9,20.9,,,70.0,204.0,27.035,4.0,Louisville,2011.0,2011.0,NYJ,126,,0.17948718
2015,16,00-0028064,B.Powell,RB,NYJ,NE,0,0,0.0,0,0.0,0.0,0.0,7,56.0,0,7,5,34.0,0,9.0,14.0,,,70.0,204.0,27.035,4.0,Louisville,2011.0,2011.0,NYJ,126,6.0,0.175
2015,5,00-0028067,J.Thomas,TE,JAX,TB,0,0,0.0,0,0.0,0.0,0.0,0,0.0,0,2,2,20.0,0,2.0,4.0,,,77.0,260.0,27.3654375,4.0,Portland State,2011.0,2011.0,DEN,129,,0.0625
2015,6,00-0028067,J.Thomas,TE,JAX,HOU,0,0,0.0,0,0.0,0.0,0.0,0,0.0,0,13,7,78.0,1,13.8,20.8,,,77.0,260.0,27.3654375,4.0,Portland State,2011.0,2011.0,DEN,129,-11.0,0.24528302
2015,7,00-0028067,J.Thomas,TE,JAX,BUF,0,0,0.0,0,0.0,0.0,0.0,0,0.0,0,5,1,4.0,0,0.4,1.4,,,77.0,260.0,27.3654375,4.0,Portland State,2011.0,2011.0,DEN,129,3.0,0.1724138
2015,9,00-0028067,J.Thomas,TE,JAX,NYJ,0,0,0.0,0,0.0,0.0,0.0,0,0.0,0,8,3,14.0,0,1.4,4.4,,,77.0,260.0,27.3654375,4.0,Portland State,2011.0,2011.0,DEN,129,,0.2
2015,10,00-0028067,J.Thomas,TE,JAX,BAL,0,0,0.0,0,0.0,0.0,0.0,0,0.0,0,5,2,23.0,0,2.3,4.3,,,77.0,260.0,27.3654375,4.0,Portland State,2011.0,2011.0,DEN,129,,0.11111111
2015,11,00-0028067,J.Thomas,TE,JAX,TEN,0,0,0.0,0,0.0,0.0,0.0,0,0.0,0,8,5,28.0,1,8.8,13.8,,,77.0,260.0,27.3654375,4.0,Portland State,2011.0,2011.0,DEN,129,6.0,0.2580645
2015,12,00-0028067,J.Thomas,TE,JAX,LAC,0,0,0.0,0,0.0,0.0,0.0,0,0.0,0,10,9,116.0,1,17.6,26.6,,,77.0,260.0,27.3654375,4.0,Portland State,2011.0,2011.0,DEN,129,-6.0,0.20408164
2015,13,00-0028067,J.Thomas,TE,JAX,TEN,0,0,0.0,0,0.0,0.0,0.0,0,0.0,0,5,2,15.0,1,7.5,9.5,,,77.0,260.0,27.3654375,4.0,Portland State,2011.0,2011.0,DEN,129,,0.1388889
2015,14,00-0028067,J.Thomas,TE,JAX,IND,0,0,0.0,0,0.0,0.0,0.0,0,0.0,0,7,5,54.0,1,11.4,16.4,,,77.0,260.0,27.3654375,4.0,Portland State,2011.0,2011.0,DEN,129,35.0,0.23333333
2015,15,00-0028067,J.Thomas,TE,JAX,ATL,0,0,0.0,0,0.0,0.0,0.0,0,0.0,0,9,6,79.0,0,7.9,13.9,,,77.0,260.0,27.3654375,4.0,Portland State,2011.0,2011.0,DEN,129,-6.0,0.24324325
2015,16,00-0028067,J.Thomas,TE,JAX,NO,0,0,0.0,0,0.0,0.0,0.0,0,0.0,0,2,2,12.0,0,1.2,3.2,,,77.0,260.0,27.3654375,4.0,Portland State,2011.0,2011.0,DEN,129,,0.057142857
2015,17,00-0028067,J.Thomas,TE,JAX,HOU,0,0,0.0,0,0.0,0.0,0.0,0,0.0,0,6,2,12.0,0,1.2,3.2,,,77.0,260.0,27.3654375,4.0,Portland State,2011.0,2011.0,DEN,129,,0.1875
2015,1,00-0028074,A.Sherman,RB,KC,HOU,0,0,0.0,0,0.0,0.0,0.0,0,0.0,0,1,1,0.0,0,0.0,1.0,,,70.0,242.0,26.92716666666667,4.0,Connecticut,2011.0,2011.0,ARZ,136,,0.032258064
2015,6,00-0028074,A.Sherman,RB,KC,MIN,0,0,0.0,0,0.0,0.0,0.0,1,0.0,0,1,1,13.0,0,1.3,2.3,,,70.0,242.0,26.92716666666667,4.0,Connecticut,2011.0,2011.0,ARZ,136,,0.027027028
2015,13,00-0028074,A.Sherman,RB,KC,LV,0,0,0.0,0,0.0,0.0,0.0,0,0.0,0,1,0,0.0,0,0.0,0.0,,,70.0,242.0,26.92716666666667,4.0,Connecticut,2011.0,2011.0,ARZ,136,,0.045454547
2015,17,00-0028074,A.Sherman,RB,KC,LV,0,0,0.0,0,0.0,0.0,0.0,0,0.0,0,2,2,21.0,0,2.1,4.1,,,70.0,242.0,26.92716666666667,4.0,Connecticut,2011.0,2011.0,ARZ,136,6.0,0.08695652
2015,18,00-0028074,A.Sherman,RB,KC,HOU,0,0,0.0,0,0.0,0.0,0.0,0,0.0,0,1,1,3.0,0,0.3,1.3,,,70.0,242.0,26.92716666666667,4.0,Connecticut,2011.0,2011.0,ARZ,136,,0.045454547
2015,19,00-0028074,A.Sherman,RB,KC,NE,0,0,0.0,0,0.0,0.0,0.0,0,0.0,0,1,1,1.0,0,0.1,1.1,,,70.0,242.0,26.92716666666667,4.0,Connecticut,2011.0,2011.0,ARZ,136,,0.021276595
2015,1,00-0028083,J.Rodgers,RB,CHI,GB,0,0,0.0,0,0.0,0.0,0.0,4,16.0,0,1,0,0.0,0,1.6,1.6,,,66.0,199.0,25.6372,4.0,Oregon State,2011.0,2011.0,ATL,145,-8.0,0.028571429
2015,2,00-0028083,J.Rodgers,RB,CHI,ARI,0,0,0.0,0,0.0,0.0,0.0,2,8.0,0,0,0,0.0,0,0.8,0.8,,,66.0,199.0,25.6372,4.0,Oregon State,2011.0,2011.0,ATL,145,-25.0,
2015,3,00-0028083,J.Rodgers,RB,CHI,SEA,0,0,0.0,0,0.0,0.0,0.0,4,11.0,0,1,1,10.0,0,2.1,3.1,,,66.0,199.0,25.6372,4.0,Oregon State,2011.0,2011.0,ATL,145,,0.05882353
2015,4,00-0028083,J.Rodgers,RB,CHI,LV,0,0,0.0,0,0.0,0.0,0.0,2,3.0,0,1,0,0.0,0,0.3,0.3,,,66.0,199.0,25.6372,4.0,Oregon State,2011.0,2011.0,ATL,145,2.0,0.023255814
2015,5,00-0028083,J.Rodgers,RB,CHI,KC,0,0,0.0,0,0.0,0.0,0.0,2,3.0,0,0,0,0.0,0,0.3,0.3,,,66.0,199.0,25.6372,4.0,Oregon State,2011.0,2011.0,ATL,145,,
2015,1,00-0028087,D.Lewis,RB,NE,PIT,0,0,0.0,0,0.0,0.0,0.0,15,69.0,0,5,4,51.0,0,12.0,16.0,,,68.0,195.0,25.038,4.0,Pittsburgh,2011.0,2011.0,PHI,149,7.0,0.15625
2015,2,00-0028087,D.Lewis,RB,NE,BUF,0,0,0.0,0,0.0,0.0,0.0,7,40.0,1,9,6,98.0,0,17.8,23.8,,,68.0,195.0,25.038,4.0,Pittsburgh,2011.0,2011.0,PHI,149,,0.15254237
2015,3,00-0028087,D.Lewis,RB,NE,JAX,0,0,0.0,0,0.0,0.0,0.0,8,37.0,1,5,5,30.0,0,12.7,17.7,,,68.0,195.0,25.038,4.0,Pittsburgh,2011.0,2011.0,PHI,149,34.0,0.12195122
2015,5,00-0028087,D.Lewis,RB,NE,DAL,0,0,0.0,0,0.0,0.0,0.0,6,34.0,0,11,8,59.0,1,15.3,23.3,,,68.0,195.0,25.038,4.0,Pittsburgh,2011.0,2011.0,PHI,149,,0.4074074
2015,6,00-0028087,D.Lewis,RB,NE,IND,0,0,0.0,0,0.0,0.0,0.0,4,21.0,0,6,3,18.0,0,3.9,6.9,,,68.0,195.0,25.038,4.0,Pittsburgh,2011.0,2011.0,PHI,149,,0.16216215
2015,8,00-0028087,D.Lewis,RB,NE,MIA,0,0,0.0,0,0.0,0.0,0.0,5,19.0,0,9,6,93.0,1,17.2,23.2,,,68.0,195.0,25.038,4.0,Pittsburgh,2011.0,2011.0,PHI,149,29.0,0.23684211
2015,9,00-0028087,D.Lewis,RB,NE,WAS,0,0,0.0,0,0.0,0.0,0.0,4,14.0,0,5,4,39.0,0,5.3,9.3,,,68.0,195.0,25.038,4.0,Pittsburgh,2011.0,2011.0,PHI,149,17.0,0.12820514
2015,10,00-0028090,T.Yates,QB,HOU,CIN,5,11,69.0,1,0.0,1.0,8.0,2,-2.0,0,0,0,0.0,0,6.56,6.56,,,76.0,217.0,,4.0,North Carolina,2011.0,2011.0,HST,152,,
2015,11,00-0028090,T.Yates,QB,HOU,NYJ,16,34,229.0,2,0.0,1.0,9.0,3,-5.0,0,0,0,0.0,0,14.66,14.66,,,76.0,217.0,,4.0,North Carolina,2011.0,2011.0,HST,152,7.0,
2015,14,00-0028090,T.Yates,QB,HOU,NE,1,2,4.0,0,0.0,1.0,3.0,0,0.0,0,0,0,0.0,0,0.16,0.16,,,76.0,217.0,,4.0,North Carolina,2011.0,2011.0,HST,152,-21.0,
2015,15,00-0028090,T.Yates,QB,HOU,IND,6,10,68.0,0,1.0,2.0,13.0,1,7.0,0,0,0,0.0,0,1.42,1.42,,,76.0,217.0,,4.0,North Carolina,2011.0,2011.0,HST,152,,
2015,3,00-0028091,J.Kerley,WR,NYJ,PHI,0,0,0.0,0,0.0,0.0,0.0,0,0.0,0,11,6,33.0,1,9.3,15.3,,,69.0,188.0,27.00225,4.0,Texas Christian,2011.0,2011.0,NYJ,153,-7.0,0.18965517
2015,7,00-0028091,J.Kerley,WR,NYJ,NE,0,0,0.0,0,0.0,0.0,0.0,0,0.0,0,4,3,27.0,1,8.7,11.7,,,69.0,188.0,27.00225,4.0,Texas Christian,2011.0,2011.0,NYJ,153,,0.102564104
2015,8,00-0028091,J.Kerley,WR,NYJ,LV,0,0,0.0,0,0.0,0.0,0.0,0,0.0,0,5,4,63.0,0,6.3,10.3,,,69.0,188.0,27.00225,4.0,Texas Christian,2011.0,2011.0,NYJ,153,,0.10638298
2015,9,00-0028091,J.Kerley,WR,NYJ,JAX,0,0,0.0,0,0.0,0.0,0.0,0,0.0,0,3,2,22.0,0,2.2,4.2,,,69.0,188.0,27.00225,4.0,Texas Christian,2011.0,2011.0,NYJ,153,5.0,0.0882353
2015,10,00-0028091,J.Kerley,WR,NYJ,BUF,0,0,0.0,0,0.0,0.0,0.0,0,0.0,0,3,1,7.0,0,0.7,1.7,,,69.0,188.0,27.00225,4.0,Texas Christian,2011.0,2011.0,NYJ,153,-5.0,0.0882353
2015,2,00-0028097,L.Smith,TE,LV,BAL,0,0,0.0,0,0.0,0.0,0.0,0,0.0,0,1,1,6.0,0,0.6,1.6,,,78.0,265.0,27.9674375,4.0,Marshall,2011.0,2011.0,NE,159,,0.02173913
2015,3,00-0028097,L.Smith,TE,LV,CLE,0,0,0.0,0,0.0,0.0,0.0,0,0.0,0,1,1,8.0,0,0.8,1.8,,,78.0,265.0,27.9674375,4.0,Marshall,2011.0,2011.0,NE,159,,0.03125
2015,4,00-0028097,L.Smith,TE,LV,CHI,0,0,0.0,0,0.0,0.0,0.0,0,0.0,0,2,2,14.0,0,1.4,3.4,,,78.0,265.0,27.9674375,4.0,Marshall,2011.0,2011.0,NE,159,,0.060606062
2015,7,00-0028097,L.Smith,TE,LV,LAC,0,0,0.0,0,0.0,0.0,0.0,0,0.0,0,2,2,1.0,0,0.1,2.1,,,78.0,265.0,27.9674375,4.0,Marshall,2011.0,2011.0,NE,159,,0.06451613
2015,8,00-0028097,L.Smith,TE,LV,NYJ,0,0,0.0,0,0.0,0.0,0.0,0,0.0,0,1,1,6.0,0,0.6,1.6,,,78.0,265.0,27.9674375,4.0,Marshall,2011.0,2011.0,NE,159,,0.027777778
2015,9,00-0028097,L.Smith,TE,LV,PIT,0,0,0.0,0,0.0,0.0,0.0,0,0.0,0,2,1,10.0,0,1.0,2.0,,,78.0,265.0,27.9674375,4.0,Marshall,2011.0,2011.0,NE,159,,0.045454547
2015,10,00-0028097,L.Smith,TE,LV,MIN,0,0,0.0,0,0.0,0.0,0.0,0,0.0,0,1,1,1.0,0,0.1,1.1,,,78.0,265.0,27.9674375,4.0,Marshall,2011.0,2011.0,NE,159,,0.024390243
2015,12,00-0028097,L.Smith,TE,LV,TEN,0,0,0.0,0,0.0,0.0,0.0,0,0.0,0,1,1,2.0,0,0.2,1.2,,,78.0,265.0,27.9674375,4.0,Marshall,2011.0,2011.0,NE,159,,0.02631579
2015,13,00-0028097,L.Smith,TE,LV,KC,0,0,0.0,0,0.0,0.0,0.0,0,0.0,0,1,1,5.0,1,6.5,7.5,,,78.0,265.0,27.9674375,4.0,Marshall,2011.0,2011.0,NE,159,,0.020833334
2015,16,00-0028097,L.Smith,TE,LV,LAC,0,0,0.0,0,0.0,0.0,0.0,0,0.0,0,1,1,17.0,0,1.7,2.7,,,78.0,265.0,27.9674375,4.0,Marshall,2011.0,2011.0,NE,159,,0.027027028
2015,1,00-0028112,C.Clay,TE,BUF,IND,0,0,0.0,0,0.0,0.0,0.0,0,0.0,0,4,4,43.0,0,4.3,8.3,,,75.0,255.0,26.723000000000003,4.0,Tulsa,2011.0,2011.0,MIA,174,13.0,0.21052632
2015,2,00-0028112,C.Clay,TE,BUF,NE,0,0,0.0,0,0.0,0.0,0.0,0,0.0,0,5,3,19.0,1,7.9,10.9,,,75.0,255.0,26.723000000000003,4.0,Tulsa,2011.0,2011.0,MIA,174,-8.0,0.16666667
2015,3,00-0028112,C.Clay,TE,BUF,MIA,0,0,0.0,0,0.0,0.0,0.0,0,0.0,0,7,5,82.0,1,14.2,19.2,,,75.0,255.0,26.723000000000003,4.0,Tulsa,2011.0,2011.0,MIA,174,,0.2413793
2015,4,00-0028112,C.Clay,TE,BUF,NYG,0,0,0.0,0,0.0,0.0,0.0,0,0.0,0,13,9,111.0,0,11.1,20.1,,,75.0,255.0,26.723000000000003,4.0,Tulsa,2011.0,2011.0,MIA,174,-14.0,0.30952382
2015,5,00-0028112,C.Clay,TE,BUF,TEN,0,0,0.0,0,0.0,0.0,0.0,0,0.0,0,3,1,7.0,0,0.7,1.7,,,75.0,255.0,26.723000000000003,4.0,Tulsa,2011.0,2011.0,MIA,174,,0.16666667
2015,6,00-0028112,C.Clay,TE,BUF,CIN,0,0,0.0,0,0.0,0.0,0.0,0,0.0,0,13,9,62.0,0,6.2,15.2,,,75.0,255.0,26.723000000000003,4.0,Tulsa,2011.0,2011.0,MIA,174,-13.0,0.325
2015,7,00-0028112,C.Clay,TE,BUF,JAX,0,0,0.0,0,0.0,0.0,0.0,0,0.0,0,5,3,26.0,0,2.6,5.6,,,75.0,255.0,26.723000000000003,4.0,Tulsa,2011.0,2011.0,MIA,174,,0.11904762
2015,9,00-0028112,C.Clay,TE,BUF,MIA,0,0,0.0,0,0.0,0.0,0.0,0,0.0,0,1,1,6.0,0,0.6,1.6,,,75.0,255.0,26.723000000000003,4.0,Tulsa,2011.0,2011.0,MIA,174,16.0,0.083333336
2015,10,00-0028112,C.Clay,TE,BUF,NYJ,0,0,0.0,0,0.0,0.0,0.0,0,0.0,0,6,5,52.0,0,5.2,10.2,,,75.0,255.0,26.723000000000003,4.0,Tulsa,2011.0,2011.0,MIA,174,,0.23076923
2015,11,00-0028112,C.Clay,TE,BUF,NE,0,0,0.0,0,0.0,0.0,0.0,0,0.0,0,3,1,14.0,0,1.4,2.4,,,75.0,255.0,26.723000000000003,4.0,Tulsa,2011.0,2011.0,MIA,174,,0.083333336
2015,12,00-0028112,C.Clay,TE,BUF,KC,0,0,0.0,0,0.0,0.0,0.0,0,0.0,0,8,5,31.0,0,3.1,8.1,,,75.0,255.0,26.723000000000003,4.0,Tulsa,2011.0,2011.0,MIA,174,,0.21052632
2015,13,00-0028112,C.Clay,TE,BUF,HOU,0,0,0.0,0,0.0,0.0,0.0,0,0.0,0,7,4,66.0,1,12.6,16.6,,,75.0,255.0,26.723000000000003,4.0,Tulsa,2011.0,2011.0,MIA,174,9.0,0.33333334
2015,14,00-0028112,C.Clay,TE,BUF,PHI,0,0,0.0,0,0.0,0.0,0.0,0,0.0,0,2,1,9.0,0,0.9,1.9,,,75.0,255.0,26.723000000000003,4.0,Tulsa,2011.0,2011.0,MIA,174,,0.055555556
2015,1,00-0028114,D.Harris,WR,NYG,DAL,0,0,0.0,0,0.0,0.0,0.0,1,11.0,0,0,0,0.0,0,1.1,1.1,,,70.0,202.0,28.1425,4.0,East Carolina,2011.0,2011.0,DAL,176,,
2015,3,00-0028114,D.Harris,WR,NYG,WAS,0,0,0.0,0,0.0,0.0,0.0,0,0.0,0,1,0,0.0,0,0.0,0.0,,,70.0,202.0,28.1425,4.0,East Carolina,2011.0,2011.0,DAL,176,11.0,0.03125
2015,4,00-0028114,D.Harris,WR,NYG,BUF,0,0,0.0,0,0.0,0.0,0.0,0,0.0,0,6,5,51.0,1,11.1,16.1,,,70.0,202.0,28.1425,4.0,East Carolina,2011.0,2011.0,DAL,176,,0.17142858
2015,5,00-0028114,D.Harris,WR,NYG,SF,0,0,0.0,0,0.0,0.0,0.0,0,0.0,0,8,6,72.0,0,7.2,13.2,,,70.0,202.0,28.1425,4.0,East Carolina,2011.0,2011.0,DAL,176,3.0,0.1509434
2015,6,00-0028114,D.Harris,WR,NYG,PHI,0,0,0.0,0,0.0,0.0,0.0,0,0.0,0,4,2,18.0,0,1.8,3.8,,,70.0,202.0,28.1425,4.0,East Carolina,2011.0,2011.0,DAL,176,,0.11111111
2015,7,00-0028114,D.Harris,WR,NYG,DAL,0,0,0.0,0,0.0,0.0,0.0,0,0.0,0,2,2,43.0,0,10.3,12.3,,,70.0,202.0,28.1425,4.0,East Carolina,2011.0,2011.0,DAL,176,7.0,0.083333336
2015,8,00-0028114,D.Harris,WR,NYG,NO,0,0,0.0,0,0.0,0.0,0.0,0,0.0,0,7,3,37.0,2,15.7,18.7,,,70.0,202.0,28.1425,4.0,East Carolina,2011.0,2011.0,DAL,176,,0.17073171
2015,9,00-0028114,D.Harris,WR,NYG,TB,0,0,0.0,0,0.0,0.0,0.0,0,0.0,0,3,1,1.0,0,0.1,1.1,,,70.0,202.0,28.1425,4.0,East Carolina,2011.0,2011.0,DAL,176,,0.075
2015,10,00-0028114,D.Harris,WR,NYG,NE,0,0,0.0,0,0.0,0.0,0.0,0,0.0,0,9,6,82.0,1,14.2,20.2,,,70.0,202.0,28.1425,4.0,East Carolina,2011.0,2011.0,DAL,176,-1.0,0.20454545
2015,12,00-0028114,D.Harris,WR,NYG,WAS,0,0,0.0,0,0.0,0.0,0.0,1,1.0,0,5,2,28.0,0,2.9,4.9,,,70.0,202.0,28.1425,4.0,East Carolina,2011.0,2011.0,DAL,176,,0.09803922
2015,13,00-0028114,D.Harris,WR,NYG,NYJ,0,0,0.0,0,0.0,0.0,0.0,0,0.0,0,2,1,8.0,0,6.8,7.8,,,70.0,202.0,28.1425,4.0,East Carolina,2011.0,2011.0,DAL,176,-3.0,0.05882353
2015,14,00-0028114,D.Harris,WR,NYG,MIA,0,0,0.0,0,0.0,0.0,0.0,0,0.0,0,5,5,41.0,0,4.1,9.1,,,70.0,202.0,28.1425,4.0,East Carolina,2011.0,2011.0,DAL,176,,0.16129032
2015,15,00-0028114,D.Harris,WR,NYG,CAR,0,0,0.0,0,0.0,0.0,0.0,0,0.0,0,3,2,9.0,0,0.9,2.9,,,70.0,202.0,28.1425,4.0,East Carolina,2011.0,2011.0,DAL,176,-3.0,0.06666667
2015,16,00-0028114,D.Harris,WR,NYG,MIN,0,0,0.0,0,0.0,0.0,0.0,0,0.0,0,2,1,6.0,0,0.6,1.6,,,70.0,202.0,28.1425,4.0,East Carolina,2011.0,2011.0,DAL,176,,0.05882353
2015,1,00-0028118,T.Taylor,QB,BUF,IND,14,19,195.0,1,0.0,0.0,-0.0,9,41.0,0,0,0,0.0,0,15.9,15.9,,,73.0,215.0,26.2650625,4.0,Virginia Tech,2011.0,2011.0,BLT,180,13.0,
2015,2,00-0028118,T.Taylor,QB,BUF,NE,23,30,242.0,3,3.0,8.0,53.0,5,43.0,1,0,0,0.0,0,25.98,25.98,,,73.0,215.0,26.2650625,4.0,Virginia Tech,2011.0,2011.0,BLT,180,-8.0,
2015,3,00-0028118,T.Taylor,QB,BUF,MIA,21,29,277.0,3,0.0,0.0,-0.0,3,12.0,0,0,0,0.0,0,24.28,24.28,,,73.0,215.0,26.2650625,4.0,Virginia Tech,2011.0,2011.0,BLT,180,,
2015,4,00-0028118,T.Taylor,QB,BUF,NYG,28,42,274.0,1,1.0,2.0,16.0,6,15.0,0,0,0,0.0,0,14.46,14.46,,,73.0,215.0,26.2650625,4.0,Virginia Tech,2011.0,2011.0,BLT,180,-14.0,
2015,5,00-0028118,T.Taylor,QB,BUF,TEN,10,17,109.0,1,0.0,4.0,31.0,8,76.0,1,1,1,4.0,0,22.36,23.36,,,73.0,215.0,26.2650625,4.0,Virginia Tech,2011.0,2011.0,BLT,180,,0.055555556
2015,9,00-0028118,T.Taylor,QB,BUF,MIA,11,12,181.0,1,0.0,3.0,27.0,10,44.0,0,0,0,0.0,0,15.64,15.64,,,73.0,215.0,26.2650625,4.0,Virginia Tech,2011.0,2011.0,BLT,180,16.0,
2015,10,00-0028118,T.Taylor,QB,BUF,NYJ,17,27,158.0,1,0.0,4.0,26.0,6,12.0,0,0,0,0.0,0,11.52,11.52,,,73.0,215.0,26.2650625,4.0,Virginia Tech,2011.0,2011.0,BLT,180,,
2015,11,00-0028118,T.Taylor,QB,BUF,NE,20,36,233.0,0,0.0,2.0,8.0,4,1.0,0,0,0,0.0,0,9.42,9.42,,,73.0,215.0,26.2650625,4.0,Virginia Tech,2011.0,2011.0,BLT,180,,
2015,12,00-0028118,T.Taylor,QB,BUF,KC,21,38,291.0,3,0.0,1.0,5.0,5,46.0,0,0,0,0.0,0,26.24,26.24,,,73.0,215.0,26.2650625,4.0,Virginia Tech,2011.0,2011.0,BLT,180,,
2015,13,00-0028118,T.Taylor,QB,BUF,HOU,11,21,211.0,3,0.0,1.0,8.0,7,28.0,1,0,0,0.0,0,29.24,29.24,,,73.0,215.0,26.2650625,4.0,Virginia Tech,2011.0,2011.0,BLT,180,9.0,
2015,14,00-0028118,T.Taylor,QB,BUF,PHI,19,36,268.0,1,1.0,1.0,8.0,8,53.0,0,0,0,0.0,0,18.02,18.02,,,73.0,215.0,26.2650625,4.0,Virginia Tech,2011.0,2011.0,BLT,180,,
2015,15,00-0028118,T.Taylor,QB,BUF,WAS,16,27,235.0,2,0.0,5.0,23.0,9,79.0,0,0,0,0.0,0,27.3,27.3,,,73.0,215.0,26.2650625,4.0,Virginia Tech,2011.0,2011.0,BLT,180,,
2015,16,00-0028118,T.Taylor,QB,BUF,DAL,13,18,179.0,0,1.0,3.0,7.0,14,67.0,0,0,0,0.0,0,11.86,11.86,,,73.0,215.0,26.2650625,4.0,Virginia Tech,2011.0,2011.0,BLT,180,10.0,
2015,17,00-0028118,T.Taylor,QB,BUF,NYJ,18,28,182.0,0,0.0,2.0,-0.0,10,51.0,1,0,0,0.0,0,18.38,18.38,,,73.0,215.0,26.2650625,4.0,Virginia Tech,2011.0,2011.0,BLT,180,5.0,
2015,2,00-0028121,J.Todman,RB,PIT,SF,0,0,0.0,0,0.0,0.0,0.0,1,11.0,0,0,0,0.0,0,1.1,1.1,,,69.0,203.0,25.720166666666668,4.0,Connecticut,2011.0,2011.0,SD,183,25.0,
2015,9,00-0028121,J.Todman,RB,PIT,LV,0,0,0.0,0,0.0,0.0,0.0,1,3.0,0,2,0,0.0,0,0.3,0.3,,,69.0,203.0,25.720166666666668,4.0,Connecticut,2011.0,2011.0,SD,183,3.0,0.04
2015,10,00-0028121,J.Todman,RB,PIT,CLE,0,0,0.0,0,0.0,0.0,0.0,2,8.0,0,0,0,0.0,0,0.8,0.8,,,69.0,203.0,25.720166666666668,4.0,Connecticut,2011.0,2011.0,SD,183,21.0,
2015,18,00-0028121,J.Todman,RB,PIT,CIN,0,0,0.0,0,0.0,0.0,0.0,11,65.0,0,0,0,0.0,0,6.5,6.5,,,69.0,203.0,25.720166666666668,4.0,Connecticut,2011.0,2011.0,SD,183,,
2015,19,00-0028121,J.Todman,RB,PIT,DEN,0,0,0.0,0,0.0,0.0,0.0,5,6.0,0,0,0,0.0,0,0.6,0.6,,,69.0,203.0,25.720166666666668,4.0,Connecticut,2011.0,2011.0,SD,183,,
2015,1,00-0028142,V.Green,TE,DEN,BAL,0,0,0.0,0,0.0,0.0,0.0,0,0.0,0,1,0,0.0,0,0.0,0.0,,,77.0,255.0,27.29957894736842,4.0,Nevada,2011.0,2011.0,DEN,204,6.0,0.025
2015,2,00-0028142,V.Green,TE,DEN,KC,0,0,0.0,0,0.0,0.0,0.0,0,0.0,0,3,2,12.0,1,7.2,9.2,,,77.0,255.0,27.29957894736842,4.0,Nevada,2011.0,2011.0,DEN,204,,0.06666667
2015,3,00-0028142,V.Green,TE,DEN,DET,0,0,0.0,0,0.0,0.0,0.0,0,0.0,0,1,1,26.0,0,2.6,3.6,,,77.0,255.0,27.29957894736842,4.0,Nevada,2011.0,2011.0,DEN,204,,0.023809524
2015,8,00-0028142,V.Green,TE,DEN,GB,0,0,0.0,0,0.0,0.0,0.0,0,0.0,0,3,3,61.0,0,6.1,9.1,,,77.0,255.0,27.29957894736842,4.0,Nevada,2011.0,2011.0,DEN,204,19.0,0.10344828
2015,9,00-0028142,V.Green,TE,DEN,IND,0,0,0.0,0,0.0,0.0,0.0,0,0.0,0,1,1,13.0,0,1.3,2.3,,,77.0,255.0,27.29957894736842,4.0,Nevada,2011.0,2011.0,DEN,204,,0.027777778
2015,10,00-0028142,V.Green,TE,DEN,KC,0,0,0.0,0,0.0,0.0,0.0,0,0.0,0,1,1,8.0,0,0.8,1.8,,,77.0,255.0,27.29957894736842,4.0,Nevada,2011.0,2011.0,DEN,204,-16.0,0.023255814
2015,11,00-0028142,V.Green,TE,DEN,CHI,0,0,0.0,0,0.0,0.0,0.0,0,0.0,0,1,1,9.0,0,0.9,1.9,,,77.0,255.0,27.29957894736842,4.0,Nevada,2011.0,2011.0,DEN,204,,0.037037037
2015,13,00-0028142,V.Green,TE,DEN,LAC,0,0,0.0,0,0.0,0.0,0.0,0,0.0,0,1,1,22.0,0,2.2,3.2,,,77.0,255.0,27.29957894736842,4.0,Nevada,2011.0,2011.0,DEN,204,,0.03846154
2015,14,00-0028142,V.Green,TE,DEN,LV,0,0,0.0,0,0.0,0.0,0.0,0,0.0,0,1,0,0.0,0,0.0,0.0,,,77.0,255.0,27.29957894736842,4.0,Nevada,2011.0,2011.0,DEN,204,-3.0,0.019607844
2015,16,00-0028142,V.Green,TE,DEN,CIN,0,0,0.0,0,0.0,0.0,0.0,0,0.0,0,1,1,8.0,0,0.8,1.8,,,77.0,255.0,27.29957894736842,4.0,Nevada,2011.0,2011.0,DEN,204,3.0,0.025641026
2015,17,00-0028142,V.Green,TE,DEN,LAC,0,0,0.0,0,0.0,0.0,0.0,0,0.0,0,1,1,14.0,0,1.4,2.4,,,77.0,255.0,27.29957894736842,4.0,Nevada,2011.0,2011.0,DEN,204,7.0,0.032258064
2015,19,00-0028142,V.Green,TE,DEN,PIT,0,0,0.0,0,0.0,0.0,0.0,0,0.0,0,2,2,14.0,0,1.4,3.4,,,77.0,255.0,27.29957894736842,4.0,Nevada,2011.0,2011.0,DEN,204,7.0,0.054054055
2015,20,00-0028142,V.Green,TE,DEN,NE,0,0,0.0,0,0.0,0.0,0.0,0,0.0,0,1,0,0.0,0,0.0,0.0,,,77.0,255.0,27.29957894736842,4.0,Nevada,2011.0,2011.0,DEN,204,2.0,0.032258064
2015,2,00-0028149,B.Miller,FB,SF,PIT,0,0,0.0,0,0.0,0.0,0.0,0,0.0,0,2,1,7.0,0,0.7,1.7,,,74.0,248.0,28.255875,4.0,Central Florida,2011.0,2011.0,SF,211,,0.04347826
2015,5,00-0028149,B.Miller,FB,SF,NYG,0,0,0.0,0,0.0,0.0,0.0,0,0.0,0,2,2,23.0,0,2.3,4.3,,,74.0,248.0,28.255875,4.0,Central Florida,2011.0,2011.0,SF,211,,0.057142857
2015,6,00-0028149,B.Miller,FB,SF,BAL,0,0,0.0,0,0.0,0.0,0.0,0,0.0,0,3,3,89.0,0,8.9,11.9,,,74.0,248.0,28.255875,4.0,Central Florida,2011.0,2011.0,SF,211,5.0,0.11111111
2015,8,00-0028149,B.Miller,FB,SF,LA,0,0,0.0,0,0.0,0.0,0.0,0,0.0,0,1,0,0.0,0,0.0,0.0,,,74.0,248.0,28.255875,4.0,Central Florida,2011.0,2011.0,SF,211,,0.024390243
2015,9,00-0028149,B.Miller,FB,SF,ATL,0,0,0.0,0,0.0,0.0,0.0,2,4.0,0,0,0,0.0,0,0.4,0.4,,,74.0,248.0,28.255875,4.0,Central Florida,2011.0,2011.0,SF,211,1.0,
2015,13,00-0028149,B.Miller,FB,SF,CHI,0,0,0.0,0,0.0,0.0,0.0,1,4.0,0,1,1,4.0,0,0.8,1.8,,,74.0,248.0,28.255875,4.0,Central Florida,2011.0,2011.0,SF,211,,0.03125
2015,14,00-0028149,B.Miller,FB,SF,CLE,0,0,0.0,0,0.0,0.0,0.0,1,3.0,0,0,0,0.0,0,0.3,0.3,,,74.0,248.0,28.255875,4.0,Central Florida,2011.0,2011.0,SF,211,,
2015,15,00-0028149,B.Miller,FB,SF,CIN,0,0,0.0,0,0.0,0.0,0.0,2,3.0,1,1,1,10.0,0,7.3,8.3,,,74.0,248.0,28.255875,4.0,Central Florida,2011.0,2011.0,SF,211,-10.0,0.02
2015,16,00-0028149,B.Miller,FB,SF,DET,0,0,0.0,0,0.0,0.0,0.0,0,0.0,0,1,0,0.0,0,0.0,0.0,,,74.0,248.0,28.255875,4.0,Central Florida,2011.0,2011.0,SF,211,,0.030303031
2015,17,00-0028149,B.Miller,FB,SF,LA,0,0,0.0,0,0.0,0.0,0.0,0,0.0,0,3,2,2.0,0,0.2,2.2,,,74.0,248.0,28.255875,4.0,Central Florida,2011.0,2011.0,SF,211,3.0,0.06818182
2015,1,00-0028198,,RB,MIN,SF,0,0,0.0,0,0.0,0.0,0.0,1,4.0,0,2,2,28.0,0,3.2,5.2,,,72.0,219.0,28.307235294117646,4.0,Utah,2011.0,2011.0,,,,0.06451613
2015,2,00-0028198,,RB,MIN,DET,0,0,0.0,0,0.0,0.0,0.0,2,8.0,0,0,0,0.0,0,0.8,0.8,,,72.0,219.0,28.307235294117646,4.0,Utah,2011.0,2011.0,,,10.0,
2015,3,00-0028198,,RB,MIN,LAC,0,0,0.0,0,0.0,0.0,0.0,2,10.0,0,2,2,5.0,0,1.5,3.5,,,72.0,219.0,28.307235294117646,4.0,Utah,2011.0,2011.0,,,17.0,0.083333336
2015,4,00-0028198,,RB,MIN,DEN,0,0,0.0,0,0.0,0.0,0.0,1,3.0,0,0,0,0.0,0,0.3,0.3,,,72.0,219.0,28.307235294117646,4.0,Utah,2011.0,2011.0,,,,
2015,6,00-0028198,,RB,MIN,KC,0,0,0.0,0,0.0,0.0,0.0,5,27.0,0,1,1,8.0,0,3.5,4.5,,,72.0,219.0,28.307235294117646,4.0,Utah,2011.0,2011.0,,,6.0,0.032258064
2015,7,00-0028198,,RB,MIN,DET,0,0,0.0,0,0.0,0.0,0.0,0,0.0,0,2,2,5.0,0,0.5,2.5,,,72.0,219.0,28.307235294117646,4.0,Utah,2011.0,2011.0,,,,0.05882353
2015,8,00-0028198,,RB,MIN,CHI,0,0,0.0,0,0.0,0.0,0.0,1,5.0,0,3,3,6.0,0,1.1,4.1,,,72.0,219.0,28.307235294117646,4.0,Utah,2011.0,2011.0,,,,0.10344828
2015,9,00-0028198,,RB,MIN,LA,0,0,0.0,0,0.0,0.0,0.0,2,4.0,0,0,0,0.0,0,0.4,0.4,,,72.0,219.0,28.307235294117646,4.0,Utah,2011.0,2011.0,,,3.0,
2015,10,00-0028198,,RB,MIN,LV,0,0,0.0,0,0.0,0.0,0.0,2,7.0,0,2,2,18.0,0,2.5,4.5,,,72.0,219.0,28.307235294117646,4.0,Utah,2011.0,2011.0,,,,0.0952381
2015,11,00-0028198,,RB,MIN,GB,0,0,0.0,0,0.0,0.0,0.0,0,0.0,0,1,1,9.0,0,0.9,1.9,,,72.0,219.0,28.307235294117646,4.0,Utah,2011.0,2011.0,,,-17.0,0.027027028
2015,12,00-0028198,,RB,MIN,ATL,0,0,0.0,0,0.0,0.0,0.0,1,3.0,0,3,3,17.0,0,2.0,5.0,,,72.0,219.0,28.307235294117646,4.0,Utah,2011.0,2011.0,,,,0.11111111
2015,13,00-0028198,,RB,MIN,SEA,0,0,0.0,0,0.0,0.0,0.0,2,-1.0,0,1,0,0.0,0,-0.1,-0.1,,,72.0,219.0,28.307235294117646,4.0,Utah,2011.0,2011.0,,,-31.0,0.035714287
2015,14,00-0028198,,RB,MIN,ARI,0,0,0.0,0,0.0,0.0,0.0,0,0.0,0,2,2,30.0,0,3.0,5.0,,,72.0,219.0,28.307235294117646,4.0,Utah,2011.0,2011.0,,,,0.060606062
2015,15,00-0028198,,RB,MIN,CHI,0,0,0.0,0,0.0,0.0,0.0,5,28.0,0,2,1,6.0,0,3.4,4.4,,,72.0,219.0,28.307235294117646,4.0,Utah,2011.0,2011.0,,,21.0,0.1
2015,16,00-0028198,,RB,MIN,NYG,0,0,0.0,0,0.0,0.0,0.0,5,14.0,0,1,0,0.0,0,1.4,1.4,,,72.0,219.0,28.307235294117646,4.0,Utah,2011.0,2011.0,,,32.0,0.04
2015,18,00-0028198,,RB,MIN,SEA,0,0,0.0,0,0.0,0.0,0.0,0,0.0,0,1,1,13.0,0,1.3,2.3,,,72.0,219.0,28.307235294117646,4.0,Utah,2011.0,2011.0,,,-1.0,0.041666668
2015,1,00-0028202,S.Draughn,RB,CLE,NYJ,0,0,0.0,0,0.0,0.0,0.0,1,4.0,0,1,0,0.0,0,0.4,0.4,,,71.0,205.0,27.994571428571426,4.0,North Carolina,2011.0,2011.0,,,,0.03125
2015,3,00-0028202,S.Draughn,RB,CLE,LV,0,0,0.0,0,0.0,0.0,0.0,0,0.0,0,1,1,2.0,0,0.2,1.2,,,71.0,205.0,27.994571428571426,4.0,North Carolina,2011.0,2011.0,,,-7.0,0.020408163
2015,4,00-0028202,S.Draughn,RB,CLE,LAC,0,0,0.0,0,0.0,0.0,0.0,1,6.0,0,1,1,-1.0,0,0.5,1.5,,,71.0,205.0,27.994571428571426,4.0,North Carolina,2011.0,2011.0,,,,0.025
2015,9,00-0028202,S.Draughn,RB,SF,ATL,0,0,0.0,0,0.0,0.0,0.0,16,58.0,0,5,4,38.0,0,9.6,13.6,,,71.0,205.0,27.994571428571426,4.0,North Carolina,2011.0,2011.0,,,1.0,0.1923077
2015,11,00-0028202,S.Draughn,RB,SF,SEA,0,0,0.0,0,0.0,0.0,0.0,12,37.0,0,11,8,40.0,0,7.7,15.7,,,71.0,205.0,27.994571428571426,4.0,North Carolina,2011.0,2011.0,,,,0.33333334
2015,12,00-0028202,S.Draughn,RB,SF,ARI,0,0,0.0,0,0.0,0.0,0.0,15,51.0,0,5,5,35.0,0,8.6,13.6,,,71.0,205.0,27.994571428571426,4.0,North Carolina,2011.0,2011.0,,,-6.0,0.1388889
2015,13,00-0028202,S.Draughn,RB,SF,CHI,0,0,0.0,0,0.0,0.0,0.0,13,36.0,1,6,5,50.0,0,14.6,19.6,,,71.0,205.0,27.994571428571426,4.0,North Carolina,2011.0,2011.0,,,,0.1875
2015,14,00-0028202,S.Draughn,RB,SF,CLE,0,0,0.0,0,0.0,0.0,0.0,11,43.0,0,3,2,8.0,0,5.1,7.1,,,71.0,205.0,27.994571428571426,4.0,North Carolina,2011.0,2011.0,,,,0.10714286
2015,15,00-0028202,S.Draughn,RB,SF,CIN,0,0,0.0,0,0.0,0.0,0.0,9,38.0,0,2,1,4.0,0,4.2,5.2,,,71.0,205.0,27.994571428571426,4.0,North Carolina,2011.0,2011.0,,,-10.0,0.04
2015,2,00-0028237,C.Hogan,WR,BUF,NE,0,0,0.0,0,0.0,0.0,0.0,0,0.0,0,1,1,11.0,0,1.1,2.1,,,73.0,220.0,28.0419375,4.0,"Monmouth, N.J.",2011.0,2011.0,,,-8.0,0.033333335
2015,3,00-0028237,C.Hogan,WR,BUF,MIA,0,0,0.0,0,0.0,0.0,0.0,0,0.0,0,4,3,42.0,1,10.2,13.2,,,73.0,220.0,28.0419375,4.0,"Monmouth, N.J.",2011.0,2011.0,,,,0.13793103
2015,4,00-0028237,C.Hogan,WR,BUF,NYG,0,0,0.0,0,0.0,0.0,0.0,0,0.0,0,5,5,43.0,0,4.3,9.3,,,73.0,220.0,28.0419375,4.0,"Monmouth, N.J.",2011.0,2011.0,,,-14.0,0.11904762
2015,5,00-0028237,C.Hogan,WR,BUF,TEN,1,1,4.0,0,0.0,0.0,-0.0,0,0.0,0,3,3,52.0,1,11.36,14.36,,,73.0,220.0,28.0419375,4.0,"Monmouth, N.J.",2011.0,2011.0,,,,0.16666667
2015,6,00-0028237,C.Hogan,WR,BUF,CIN,0,0,0.0,0,0.0,0.0,0.0,0,0.0,0,5,2,31.0,0,3.1,5.1,,,73.0,220.0,28.0419375,4.0,"Monmouth, N.J.",2011.0,2011.0,,,-13.0,0.125
2015,7,00-0028237,C.Hogan,WR,BUF,JAX,0,0,0.0,0,0.0,0.0,0.0,0,0.0,0,11,6,56.0,0,5.6,11.6,,,73.0,220.0,28.0419375,4.0,"Monmouth, N.J.",2011.0,2011.0,,,,0.26190478
2015,11,00-0028237,C.Hogan,WR,BUF,NE,0,0,0.0,0,0.0,0.0,0.0,0,0.0,0,7,6,95.0,0,9.5,15.5,,,73.0,220.0,28.0419375,4.0,"Monmouth, N.J.",2011.0,2011.0,,,,0.19444445
2015,12,00-0028237,C.Hogan,WR,BUF,KC,0,0,0.0,0,0.0,0.0,0.0,0,0.0,0,5,3,34.0,0,3.4,6.4,,,73.0,220.0,28.0419375,4.0,"Monmouth, N.J.",2011.0,2011.0,,,,0.13157895
2015,13,00-0028237,C.Hogan,WR,BUF,HOU,0,0,0.0,0,0.0,0.0,0.0,0,0.0,0,3,1,12.0,0,1.2,2.2,,,73.0,220.0,28.0419375,4.0,"Monmouth, N.J.",2011.0,2011.0,,,9.0,0.14285715
2015,14,00-0028237,C.Hogan,WR,BUF,PHI,0,0,0.0,0,0.0,0.0,0.0,0,0.0,0,5,2,20.0,0,2.0,4.0,,,73.0,220.0,28.0419375,4.0,"Monmouth, N.J.",2011.0,2011.0,,,,0.1388889
2015,15,00-0028237,C.Hogan,WR,BUF,WAS,0,0,0.0,0,0.0,0.0,0.0,0,0.0,0,3,1,13.0,0,1.3,2.3,,,73.0,220.0,28.0419375,4.0,"Monmouth, N.J.",2011.0,2011.0,,,,0.11111111
2015,16,00-0028237,C.Hogan,WR,BUF,DAL,0,0,0.0,0,0.0,0.0,0.0,0,0.0,0,4,2,39.0,0,3.9,5.9,,,73.0,220.0,28.0419375,4.0,"Monmouth, N.J.",2011.0,2011.0,,,10.0,0.22222222
2015,17,00-0028237,C.Hogan,WR,BUF,NYJ,0,0,0.0,0,0.0,0.0,0.0,1,4.0,0,3,1,2.0,0,0.6,1.6,,,73.0,220.0,28.0419375,4.0,"Monmouth, N.J.",2011.0,2011.0,,,5.0,0.10714286
2015,5,00-0028249,J.Ross,WR,BAL,CLE,0,0,0.0,0,0.0,0.0,0.0,0,0.0,0,2,2,24.0,0,2.4,4.4,,,72.0,215.0,27.750833333333333,4.0,California,2011.0,2011.0,,,-3.0,0.057142857
2015,6,00-0028249,J.Ross,WR,BAL,SF,0,0,0.0,0,0.0,0.0,0.0,1,2.0,0,5,3,34.0,0,3.6,6.6,,,72.0,215.0,27.750833333333333,4.0,California,2011.0,2011.0,,,,0.09615385
2015,7,00-0028249,J.Ross,WR,BAL,ARI,0,0,0.0,0,0.0,0.0,0.0,0,0.0,0,1,1,9.0,0,0.9,1.9,,,72.0,215.0,27.750833333333333,4.0,California,2011.0,2011.0,,,,0.025641026
2015,8,00-0028249,J.Ross,WR,BAL,LAC,0,0,0.0,0,0.0,0.0,0.0,0,0.0,0,6,3,21.0,0,2.1,5.1,,,72.0,215.0,27.750833333333333,4.0,California,2011.0,2011.0,,,3.0,0.16216215
2015,2,00-0028263,A.Holmes,WR,LV,BAL,0,0,0.0,0,0.0,0.0,0.0,0,0.0,0,4,3,50.0,0,5.0,8.0,,,76.0,210.0,27.3980625,4.0,Hillsdale,2011.0,2011.0,,,,0.08695652
2015,3,00-0028263,A.Holmes,WR,LV,CLE,0,0,0.0,0,0.0,0.0,0.0,0,0.0,0,1,1,3.0,1,6.3,7.3,,,76.0,210.0,27.3980625,4.0,Hillsdale,2011.0,2011.0,,,,0.03125
2015,4,00-0028263,A.Holmes,WR,LV,CHI,0,0,0.0,0,0.0,0.0,0.0,0,0.0,0,1,0,0.0,0,0.0,0.0,,,76.0,210.0,27.3980625,4.0,Hillsdale,2011.0,2011.0,,,,0.030303031
2015,5,00-0028263,A.Holmes,WR,LV,DEN,0,0,0.0,0,0.0,0.0,0.0,0,0.0,0,1,0,0.0,0,0.0,0.0,,,76.0,210.0,27.3980625,4.0,Hillsdale,2011.0,2011.0,,,,0.025641026
2015,7,00-0028263,A.Holmes,WR,LV,LAC,0,0,0.0,0,0.0,0.0,0.0,0,0.0,0,1,0,0.0,0,0.0,0.0,,,76.0,210.0,27.3980625,4.0,Hillsdale,2011.0,2011.0,,,,0.032258064
2015,8,00-0028263,A.Holmes,WR,LV,NYJ,0,0,0.0,0,0.0,0.0,0.0,0,0.0,0,3,2,54.0,2,17.4,19.4,,,76.0,210.0,27.3980625,4.0,Hillsdale,2011.0,2011.0,,,,0.083333336
2015,9,00-0028263,A.Holmes,WR,LV,PIT,0,0,0.0,0,0.0,0.0,0.0,0,0.0,0,2,0,0.0,0,0.0,0.0,,,76.0,210.0,27.3980625,4.0,Hillsdale,2011.0,2011.0,,,,0.045454547
2015,10,00-0028263,A.Holmes,WR,LV,MIN,0,0,0.0,0,0.0,0.0,0.0,0,0.0,0,2,1,34.0,1,9.4,10.4,,,76.0,210.0,27.3980625,4.0,Hillsdale,2011.0,2011.0,,,,0.048780486
2015,11,00-0028263,A.Holmes,WR,LV,DET,0,0,0.0,0,0.0,0.0,0.0,0,0.0,0,1,0,0.0,0,0.0,0.0,,,76.0,210.0,27.3980625,4.0,Hillsdale,2011.0,2011.0,,,,0.04
2015,12,00-0028263,A.Holmes,WR,LV,TEN,0,0,0.0,0,0.0,0.0,0.0,0,0.0,0,1,1,9.0,0,0.9,1.9,,,76.0,210.0,27.3980625,4.0,Hillsdale,2011.0,2011.0,,,,0.02631579
2015,13,00-0028263,A.Holmes,WR,LV,KC,0,0,0.0,0,0.0,0.0,0.0,0,0.0,0,2,1,1.0,0,0.1,1.1,,,76.0,210.0,27.3980625,4.0,Hillsdale,2011.0,2011.0,,,,0.041666668
2015,15,00-0028263,A.Holmes,WR,LV,GB,0,0,0.0,0,0.0,0.0,0.0,0,0.0,0,8,2,17.0,0,1.7,3.7,,,76.0,210.0,27.3980625,4.0,Hillsdale,2011.0,2011.0,,,,0.17021276
2015,16,00-0028263,A.Holmes,WR,LV,LAC,0,0,0.0,0,0.0,0.0,0.0,0,0.0,0,6,3,33.0,0,3.3,6.3,,,76.0,210.0,27.3980625,4.0,Hillsdale,2011.0,2011.0,,,,0.16216215
2015,13,00-0028409,D.Harris,RB,SEA,MIN,0,0,0.0,0,0.0,0.0,0.0,3,7.0,0,0,0,0.0,0,0.7,0.7,,,68.0,203.0,27.2935,4.0,Troy,2011.0,2011.0,,,,
2015,14,00-0028409,D.Harris,RB,SEA,BAL,0,0,0.0,0,0.0,0.0,0.0,18,42.0,0,0,0,0.0,0,2.2,2.2,,,68.0,203.0,27.2935,4.0,Troy,2011.0,2011.0,,,,
2015,16,00-0028409,D.Harris,RB,SF,DET,0,0,0.0,0,0.0,0.0,0.0,11,73.0,0,2,1,11.0,0,8.4,9.4,,,68.0,203.0,27.2935,4.0,Troy,2011.0,2011.0,,,,0.060606062
2015,17,00-0028409,D.Harris,RB,SF,LA,0,0,0.0,0,0.0,0.0,0.0,16,67.0,0,12,8,86.0,0,15.3,23.3,,,68.0,203.0,27.2935,4.0,Troy,2011.0,2011.0,,,3.0,0.27272728
2015,4,00-0028411,D.Inman,WR,LAC,CLE,0,0,0.0,0,0.0,0.0,0.0,0,0.0,0,5,3,88.0,0,8.8,11.8,,,75.0,205.0,26.766625,4.0,Virginia,2011.0,2011.0,,,,0.13513513
2015,5,00-0028411,D.Inman,WR,LAC,PIT,0,0,0.0,0,0.0,0.0,0.0,0,0.0,0,2,0,0.0,0,0.0,0.0,,,75.0,205.0,26.766625,4.0,Virginia,2011.0,2011.0,,,,0.041666668
2015,6,00-0028411,D.Inman,WR,LAC,GB,0,0,0.0,0,0.0,0.0,0.0,0,0.0,0,7,3,18.0,1,7.8,10.8,,,75.0,205.0,26.766625,4.0,Virginia,2011.0,2011.0,,,,0.10769231
2015,7,00-0028411,D.Inman,WR,LAC,LV,0,0,0.0,0,0.0,0.0,0.0,0,0.0,0,2,2,26.0,0,2.6,4.6,,,75.0,205.0,26.766625,4.0,Virginia,2011.0,2011.0,,,,0.036363635
2015,8,00-0028411,D.Inman,WR,LAC,BAL,0,0,0.0,0,0.0,0.0,0.0,0,0.0,0,2,1,10.0,0,1.0,2.0,,,75.0,205.0,26.766625,4.0,Virginia,2011.0,2011.0,,,,0.055555556
2015,9,00-0028411,D.Inman,WR,LAC,CHI,0,0,0.0,0,0.0,0.0,0.0,0,0.0,0,5,3,28.0,0,0.8,3.8,,,75.0,205.0,26.766625,4.0,Virginia,2011.0,2011.0,,,,0.11904762
2015,11,00-0028411,D.Inman,WR,LAC,KC,0,0,0.0,0,0.0,0.0,0.0,0,0.0,0,5,3,51.0,0,5.1,8.1,,,75.0,205.0,26.766625,4.0,Virginia,2011.0,2011.0,,,,0.16666667
2015,12,00-0028411,D.Inman,WR,LAC,JAX,0,0,0.0,0,0.0,0.0,0.0,0,0.0,0,9,5,65.0,1,12.5,17.5,,,75.0,205.0,26.766625,4.0,Virginia,2011.0,2011.0,,,,0.20930232
2015,13,00-0028411,D.Inman,WR,LAC,DEN,0,0,0.0,0,0.0,0.0,0.0,0,0.0,0,2,1,15.0,0,1.5,2.5,,,75.0,205.0,26.766625,4.0,Virginia,2011.0,2011.0,,,,0.060606062
2015,15,00-0028411,D.Inman,WR,LAC,MIA,0,0,0.0,0,0.0,0.0,0.0,0,0.0,0,5,3,78.0,0,7.8,10.8,,,75.0,205.0,26.766625,4.0,Virginia,2011.0,2011.0,,,,0.1388889
2015,16,00-0028411,D.Inman,WR,LAC,LV,0,0,0.0,0,0.0,0.0,0.0,0,0.0,0,13,8,82.0,1,14.2,22.2,,,75.0,205.0,26.766625,4.0,Virginia,2011.0,2011.0,,,,0.26530612
2015,17,00-0028411,D.Inman,WR,LAC,DEN,0,0,0.0,0,0.0,0.0,0.0,0,0.0,0,6,3,25.0,0,2.5,5.5,,,75.0,205.0,26.766625,4.0,Virginia,2011.0,2011.0,,,,0.17142858
2015,1,00-0028434,D.Baldwin,WR,SEA,LA,0,0,0.0,0,0.0,0.0,0.0,0,0.0,0,9,7,35.0,0,3.5,10.5,,,70.0,189.0,27.14933333333333,4.0,Stanford,2011.0,2011.0,,,,0.2195122
2015,2,00-0028434,D.Baldwin,WR,SEA,GB,0,0,0.0,0,0.0,0.0,0.0,0,0.0,0,8,7,92.0,1,15.2,22.2,,,70.0,189.0,27.14933333333333,4.0,Stanford,2011.0,2011.0,,,,0.27586207
2015,3,00-0028434,D.Baldwin,WR,SEA,CHI,0,0,0.0,0,0.0,0.0,0.0,0,0.0,0,3,3,35.0,0,3.5,6.5,,,70.0,189.0,27.14933333333333,4.0,Stanford,2011.0,2011.0,,,26.0,0.115384616
2015,4,00-0028434,D.Baldwin,WR,SEA,DET,0,0,0.0,0,0.0,0.0,0.0,0,0.0,0,4,3,36.0,1,9.6,12.6,,,70.0,189.0,27.14933333333333,4.0,Stanford,2011.0,2011.0,,,3.0,0.15384616
2015,5,00-0028434,D.Baldwin,WR,SEA,CIN,0,0,0.0,0,0.0,0.0,0.0,0,0.0,0,3,3,70.0,0,7.0,10.0,,,70.0,189.0,27.14933333333333,4.0,Stanford,2011.0,2011.0,,,,0.13636364
2015,6,00-0028434,D.Baldwin,WR,SEA,CAR,0,0,0.0,0,0.0,0.0,0.0,0,0.0,0,4,3,23.0,0,2.3,5.3,,,70.0,189.0,27.14933333333333,4.0,Stanford,2011.0,2011.0,,,-4.0,0.13333334
2015,7,00-0028434,D.Baldwin,WR,SEA,SF,0,0,0.0,0,0.0,0.0,0.0,0,0.0,0,3,2,19.0,0,1.9,3.9,,,70.0,189.0,27.14933333333333,4.0,Stanford,2011.0,2011.0,,,,0.125
2015,8,00-0028434,D.Baldwin,WR,SEA,DAL,0,0,0.0,0,0.0,0.0,0.0,0,0.0,0,6,3,35.0,0,3.5,6.5,,,70.0,189.0,27.14933333333333,4.0,Stanford,2011.0,2011.0,,,,0.20689656
2015,10,00-0028434,D.Baldwin,WR,SEA,ARI,0,0,0.0,0,0.0,0.0,0.0,0,0.0,0,10,7,134.0,1,19.4,26.4,,,70.0,189.0,27.14933333333333,4.0,Stanford,2011.0,2011.0,,,-7.0,0.37037036
2015,11,00-0028434,D.Baldwin,WR,SEA,SF,0,0,0.0,0,0.0,0.0,0.0,0,0.0,0,6,6,60.0,0,6.0,12.0,,,70.0,189.0,27.14933333333333,4.0,Stanford,2011.0,2011.0,,,16.0,0.22222222
2015,12,00-0028434,D.Baldwin,WR,SEA,PIT,0,0,0.0,0,0.0,0.0,0.0,0,0.0,0,8,6,145.0,3,32.5,38.5,,,70.0,189.0,27.14933333333333,4.0,Stanford,2011.0,2011.0,,,9.0,0.27586207
2015,13,00-0028434,D.Baldwin,WR,SEA,MIN,0,0,0.0,0,0.0,0.0,0.0,0,0.0,0,7,5,94.0,2,21.4,26.4,,,70.0,189.0,27.14933333333333,4.0,Stanford,2011.0,2011.0,,,,0.25
2015,14,00-0028434,D.Baldwin,WR,SEA,BAL,0,0,0.0,0,0.0,0.0,0.0,0,0.0,0,9,6,82.0,3,26.2,32.2,,,70.0,189.0,27.14933333333333,4.0,Stanford,2011.0,2011.0,,,,0.27272728
2015,15,00-0028434,D.Baldwin,WR,SEA,CLE,0,0,0.0,0,0.0,0.0,0.0,0,0.0,0,6,4,45.0,2,16.5,20.5,,,70.0,189.0,27.14933333333333,4.0,Stanford,2011.0,2011.0,,,17.0,0.20689656
2015,16,00-0028434,D.Baldwin,WR,SEA,LA,0,0,0.0,0,0.0,0.0,0.0,0,0.0,0,10,8,118.0,1,17.8,25.8,,,70.0,189.0,27.14933333333333,4.0,Stanford,2011.0,2011.0,,,-6.0,0.25
2015,17,00-0028434,D.Baldwin,WR,SEA,ARI,0,0,0.0,0,0.0,0.0,0.0,0,0.0,0,7,5,46.0,0,4.6,9.6,,,70.0,189.0,27.14933333333333,4.0,Stanford,2011.0,2011.0,,,,0.21875
2015,18,00-0028434,D.Baldwin,WR,SEA,MIN,0,0,0.0,0,0.0,0.0,0.0,0,0.0,0,7,5,42.0,1,10.2,15.2,,,70.0,189.0,27.14933333333333,4.0,Stanford,2011.0,2011.0,,,,0.26923078
2015,19,00-0028434,D.Baldwin,WR,SEA,CAR,0,0,0.0,0,0.0,0.0,0.0,0,0.0,0,12,8,82.0,0,8.2,16.2,,,70.0,189.0,27.14933333333333,4.0,Stanford,2011.0,2011.0,,,,0.26086956
2015,3,00-0028442,,WR,SEA,CHI,0,0,0.0,0,0.0,0.0,0.0,0,0.0,0,2,1,23.0,0,2.3,3.3,,,74.0,211.0,29.380375,4.0,Fort Valley State,2011.0,2011.0,,,26.0,0.07692308
2015,6,00-0028442,,WR,SEA,CAR,0,0,0.0,0,0.0,0.0,0.0,0,0.0,0,2,2,45.0,1,10.5,12.5,,,74.0,211.0,29.380375,4.0,Fort Valley State,2011.0,2011.0,,,-4.0,0.06666667
2015,7,00-0028442,,WR,SEA,SF,0,0,0.0,0,0.0,0.0,0.0,0,0.0,0,1,0,0.0,0,0.0,0.0,,,74.0,211.0,29.380375,4.0,Fort Valley State,2011.0,2011.0,,,,0.041666668
2015,8,00-0028442,,WR,SEA,DAL,0,0,0.0,0,0.0,0.0,0.0,0,0.0,0,2,1,3.0,0,0.3,1.3,,,74.0,211.0,29.380375,4.0,Fort Valley State,2011.0,2011.0,,,,0.06896552
2015,1,00-0028497,K.Aiken,WR,BAL,DEN,0,0,0.0,0,0.0,0.0,0.0,0,0.0,0,3,1,-1.0,0,-0.1,0.9,,,74.0,215.0,,4.0,Central Florida,2011.0,2011.0,,,,0.09375
2015,2,00-0028497,K.Aiken,WR,BAL,LV,0,0,0.0,0,0.0,0.0,0.0,0,0.0,0,7,5,89.0,0,6.9,11.9,,,74.0,215.0,,4.0,Central Florida,2011.0,2011.0,,,,0.15555556
2015,3,00-0028497,K.Aiken,WR,BAL,CIN,0,0,0.0,0,0.0,0.0,0.0,0,0.0,0,1,0,0.0,0,0.0,0.0,,,74.0,215.0,,4.0,Central Florida,2011.0,2011.0,,,-4.0,0.020833334
2015,4,00-0028497,K.Aiken,WR,BAL,PIT,0,0,0.0,0,0.0,0.0,0.0,0,0.0,0,7,5,77.0,1,13.7,18.7,,,74.0,215.0,,4.0,Central Florida,2011.0,2011.0,,,,0.21212122
2015,5,00-0028497,K.Aiken,WR,BAL,CLE,0,0,0.0,0,0.0,0.0,0.0,0,0.0,0,9,4,78.0,0,7.8,11.8,,,74.0,215.0,,4.0,Central Florida,2011.0,2011.0,,,-3.0,0.25714287
2015,6,00-0028497,K.Aiken,WR,BAL,SF,0,0,0.0,0,0.0,0.0,0.0,0,0.0,0,8,3,22.0,1,8.2,11.2,,,74.0,215.0,,4.0,Central Florida,2011.0,2011.0,,,,0.15384616
2015,7,00-0028497,K.Aiken,WR,BAL,ARI,0,0,0.0,0,0.0,0.0,0.0,0,0.0,0,3,1,6.0,0,0.6,1.6,,,74.0,215.0,,4.0,Central Florida,2011.0,2011.0,,,,0.07692308
2015,8,00-0028497,K.Aiken,WR,BAL,LAC,0,0,0.0,0,0.0,0.0,0.0,0,0.0,0,6,6,62.0,0,6.2,12.2,,,74.0,215.0,,4.0,Central Florida,2011.0,2011.0,,,3.0,0.16216215
2015,10,00-0028497,K.Aiken,WR,BAL,JAX,0,0,0.0,0,0.0,0.0,0.0,0,0.0,0,14,7,73.0,0,7.3,14.3,,,74.0,215.0,,4.0,Central Florida,2011.0,2011.0,,,-2.0,0.31111112
2015,11,00-0028497,K.Aiken,WR,BAL,LA,0,0,0.0,0,0.0,0.0,0.0,0,0.0,0,8,5,50.0,1,11.0,16.0,,,74.0,215.0,,4.0,Central Florida,2011.0,2011.0,,,3.0,0.18604651
2015,12,00-0028497,K.Aiken,WR,BAL,CLE,0,0,0.0,0,0.0,0.0,0.0,0,0.0,0,10,6,80.0,1,14.0,20.0,,,74.0,215.0,,4.0,Central Florida,2011.0,2011.0,,,,0.29411766
2015,13,00-0028497,K.Aiken,WR,BAL,MIA,0,0,0.0,0,0.0,0.0,0.0,0,0.0,0,11,6,48.0,0,4.8,10.8,,,74.0,215.0,,4.0,Central Florida,2011.0,2011.0,,,,0.23913044
2015,14,00-0028497,K.Aiken,WR,BAL,SEA,0,0,0.0,0,0.0,0.0,0.0,0,0.0,0,7,5,90.0,0,9.0,14.0,,,74.0,215.0,,4.0,Central Florida,2011.0,2011.0,,,-29.0,0.175
2015,15,00-0028497,K.Aiken,WR,BAL,KC,0,0,0.0,0,0.0,0.0,0.0,0,0.0,0,12,8,128.0,1,18.8,26.8,,,74.0,215.0,,4.0,Central Florida,2011.0,2011.0,,,-20.0,0.26666668
2015,16,00-0028497,K.Aiken,WR,BAL,PIT,0,0,0.0,0,0.0,0.0,0.0,0,0.0,0,8,8,66.0,0,6.6,14.6,,,74.0,215.0,,4.0,Central Florida,2011.0,2011.0,,,3.0,0.2
2015,17,00-0028497,K.Aiken,WR,BAL,CIN,0,0,0.0,0,0.0,0.0,0.0,0,0.0,0,13,5,76.0,0,7.6,12.6,,,74.0,215.0,,4.0,Central Florida,2011.0,2011.0,,,,0.24074075
2015,6,00-0028564,,SS,DET,CHI,0,0,0.0,0,0.0,0.0,0.0,1,30.0,0,0,0,0.0,0,3.0,3.0,,,73.0,201.0,26.2635625,4.0,Fordham,2011.0,2011.0,,,3.0,
2015,16,00-0028564,,SS,DET,SF,0,0,0.0,0,0.0,0.0,0.0,1,4.0,0,0,0,0.0,0,0.4,0.4,,,73.0,201.0,26.2635625,4.0,Fordham,2011.0,2011.0,,,15.0,
2015,2,00-0028581,P.DiMarco,FB,ATL,NYG,0,0,0.0,0,0.0,0.0,0.0,0,0.0,0,1,1,19.0,0,1.9,2.9,,,73.0,234.0,26.52275,4.0,South Carolina,2011.0,2011.0,,,,0.02173913
2015,3,00-0028581,P.DiMarco,FB,ATL,DAL,0,0,0.0,0,0.0,0.0,0.0,0,0.0,0,1,1,4.0,0,0.4,1.4,,,73.0,234.0,26.52275,4.0,South Carolina,2011.0,2011.0,,,,0.028571429
2015,4,00-0028581,P.DiMarco,FB,ATL,HOU,0,0,0.0,0,0.0,0.0,0.0,0,0.0,0,1,0,0.0,0,0.0,0.0,,,73.0,234.0,26.52275,4.0,South Carolina,2011.0,2011.0,,,27.0,0.037037037
2015,6,00-0028581,P.DiMarco,FB,ATL,NO,0,0,0.0,0,0.0,0.0,0.0,0,0.0,0,3,2,18.0,0,1.8,3.8,,,73.0,234.0,26.52275,4.0,South Carolina,2011.0,2011.0,,,,0.069767445
2015,7,00-0028581,P.DiMarco,FB,ATL,TEN,0,0,0.0,0,0.0,0.0,0.0,1,0.0,0,0,0,0.0,0,0.0,0.0,,,73.0,234.0,26.52275,4.0,South Carolina,2011.0,2011.0,,,,
2015,8,00-0028581,P.DiMarco,FB,ATL,TB,0,0,0.0,0,0.0,0.0,0.0,0,0.0,0,1,1,8.0,0,0.8,1.8,,,73.0,234.0,26.52275,4.0,South Carolina,2011.0,2011.0,,,-3.0,0.022222223
2015,11,00-0028581,P.DiMarco,FB,ATL,IND,0,0,0.0,0,0.0,0.0,0.0,0,0.0,0,4,3,21.0,2,14.1,17.1,,,73.0,234.0,26.52275,4.0,South Carolina,2011.0,2011.0,,,-3.0,0.08695652
2015,13,00-0028581,P.DiMarco,FB,ATL,TB,0,0,0.0,0,0.0,0.0,0.0,0,0.0,0,2,2,18.0,0,1.8,3.8,,,73.0,234.0,26.52275,4.0,South Carolina,2011.0,2011.0,,,,0.045454547
2015,14,00-0028581,P.DiMarco,FB,ATL,CAR,0,0,0.0,0,0.0,0.0,0.0,0,0.0,0,3,2,15.0,0,1.5,3.5,,,73.0,234.0,26.52275,4.0,South Carolina,2011.0,2011.0,,,,0.07317073
2015,17,00-0028581,P.DiMarco,FB,ATL,NO,0,0,0.0,0,0.0,0.0,0.0,0,0.0,0,1,1,7.0,0,0.7,1.7,,,73.0,234.0,26.52275,4.0,South Carolina,2011.0,2011.0,,,-3.0,0.027777778
2015,14,00-0028595,S.Tolzien,QB,GB,DAL,0,0,0.0,0,0.0,0.0,0.0,2,-3.0,0,0,0,0.0,0,-0.3,-0.3,,,74.0,213.0,28.199333333333335,4.0,Wisconsin,2011.0,2011.0,,,21.0,
2015,16,00-0028595,S.Tolzien,QB,GB,ARI,1,1,4.0,0,0.0,1.0,8.0,1,0.0,0,0,0,0.0,0,0.16,0.16,,,74.0,213.0,28.199333333333335,4.0,Wisconsin,2011.0,2011.0,,,,
2015,1,00-0028702,C.Matthews,WR,SEA,LA,0,0,0.0,0,0.0,0.0,0.0,0,0.0,0,1,1,8.0,0,0.8,1.8,,,77.0,218.0,26.013777777777776,4.0,Kentucky,2011.0,2011.0,,,,0.024390243
2015,2,00-0028702,C.Matthews,WR,SEA,GB,0,0,0.0,0,0.0,0.0,0.0,0,0.0,0,2,1,13.0,0,1.3,2.3,,,77.0,218.0,26.013777777777776,4.0,Kentucky,2011.0,2011.0,,,,0.06896552
2015,3,00-0028702,C.Matthews,WR,SEA,CHI,0,0,0.0,0,0.0,0.0,0.0,0,0.0,0,1,0,0.0,0,0.0,0.0,,,77.0,218.0,26.013777777777776,4.0,Kentucky,2011.0,2011.0,,,26.0,0.03846154
2015,4,00-0028702,C.Matthews,WR,SEA,DET,0,0,0.0,0,0.0,0.0,0.0,0,0.0,0,1,1,21.0,0,2.1,3.1,,,77.0,218.0,26.013777777777776,4.0,Kentucky,2011.0,2011.0,,,3.0,0.03846154
2015,6,00-0028702,C.Matthews,WR,SEA,CAR,0,0,0.0,0,0.0,0.0,0.0,0,0.0,0,1,1,12.0,0,1.2,2.2,,,77.0,218.0,26.013777777777776,4.0,Kentucky,2011.0,2011.0,,,-4.0,0.033333335
2015,8,00-0028702,C.Matthews,WR,SEA,DAL,0,0,0.0,0,0.0,0.0,0.0,0,0.0,0,1,0,0.0,0,0.0,0.0,,,77.0,218.0,26.013777777777776,4.0,Kentucky,2011.0,2011.0,,,,0.03448276
2015,10,00-0028702,C.Matthews,WR,SEA,ARI,0,0,0.0,0,0.0,0.0,0.0,0,0.0,0,2,0,0.0,0,0.0,0.0,,,77.0,218.0,26.013777777777776,4.0,Kentucky,2011.0,2011.0,,,-7.0,0.074074075
2015,14,00-0028702,C.Matthews,WR,BAL,SEA,0,0,0.0,0,0.0,0.0,0.0,0,0.0,0,2,1,21.0,0,2.1,3.1,,,77.0,218.0,26.013777777777776,4.0,Kentucky,2011.0,2011.0,,,-29.0,0.05
2015,15,00-0028702,C.Matthews,WR,BAL,KC,0,0,0.0,0,0.0,0.0,0.0,0,0.0,0,4,1,6.0,0,0.6,1.6,,,77.0,218.0,26.013777777777776,4.0,Kentucky,2011.0,2011.0,,,-20.0,0.08888889
2015,16,00-0028702,C.Matthews,WR,BAL,PIT,0,0,0.0,0,0.0,0.0,0.0,0,0.0,0,5,3,19.0,1,7.9,10.9,,,77.0,218.0,26.013777777777776,4.0,Kentucky,2011.0,2011.0,,,3.0,0.125
2015,17,00-0028702,C.Matthews,WR,BAL,CIN,0,0,0.0,0,0.0,0.0,0.0,0,0.0,0,5,4,51.0,0,5.1,9.1,,,77.0,218.0,26.013777777777776,4.0,Kentucky,2011.0,2011.0,,,,0.09259259
2015,15,00-0028825,T.Pryor,WR,CLE,SEA,0,0,0.0,0,0.0,0.0,0.0,1,-1.0,0,2,0,0.0,0,-0.1,-0.1,,,76.0,233.0,,4.0,Ohio State,2011.0,2011.0,OAK,82,,0.06451613
2015,17,00-0028825,T.Pryor,WR,CLE,PIT,0,0,0.0,0,0.0,0.0,0.0,0,0.0,0,6,1,42.0,0,4.2,5.2,,,76.0,233.0,,4.0,Ohio State,2011.0,2011.0,OAK,82,-16.0,0.13043478
2015,1,00-0028838,L.Donnell,TE,NYG,DAL,0,0,0.0,0,0.0,0.0,0.0,0,0.0,0,4,3,21.0,0,2.1,5.1,,,78.0,265.0,26.97191666666667,3.0,Grambling State,2012.0,2012.0,,,,0.121212125
2015,2,00-0028838,L.Donnell,TE,NYG,ATL,0,0,0.0,0,0.0,0.0,0.0,0,0.0,0,6,4,28.0,1,8.8,12.8,,,78.0,265.0,26.97191666666667,3.0,Grambling State,2012.0,2012.0,,,-4.0,0.15
2015,3,00-0028838,L.Donnell,TE,NYG,WAS,0,0,0.0,0,0.0,0.0,0.0,0,0.0,0,6,3,32.0,0,3.2,6.2,,,78.0,265.0,26.97191666666667,3.0,Grambling State,2012.0,2012.0,,,11.0,0.1875
2015,4,00-0028838,L.Donnell,TE,NYG,BUF,0,0,0.0,0,0.0,0.0,0.0,0,0.0,0,7,5,38.0,0,3.8,8.8,,,78.0,265.0,26.97191666666667,3.0,Grambling State,2012.0,2012.0,,,,0.2
2015,5,00-0028838,L.Donnell,TE,NYG,SF,0,0,0.0,0,0.0,0.0,0.0,0,0.0,0,7,6,35.0,1,9.5,15.5,,,78.0,265.0,26.97191666666667,3.0,Grambling State,2012.0,2012.0,,,3.0,0.13207547
2015,6,00-0028838,L.Donnell,TE,NYG,PHI,0,0,0.0,0,0.0,0.0,0.0,0,0.0,0,5,3,29.0,0,2.9,5.9,,,78.0,265.0,26.97191666666667,3.0,Grambling State,2012.0,2012.0,,,,0.1388889
2015,7,00-0028838,L.Donnell,TE,NYG,DAL,0,0,0.0,0,0.0,0.0,0.0,0,0.0,0,5,4,18.0,0,1.8,5.8,,,78.0,265.0,26.97191666666667,3.0,Grambling State,2012.0,2012.0,,,7.0,0.20833333
2015,8,00-0028838,L.Donnell,TE,NYG,NO,0,0,0.0,0,0.0,0.0,0.0,0,0.0,0,1,1,22.0,0,2.2,3.2,,,78.0,265.0,26.97191666666667,3.0,Grambling State,2012.0,2012.0,,,,0.024390243
2015,1,00-0028841,,RB,PIT,NE,0,0,0.0,0,0.0,0.0,0.0,4,7.0,1,0,0,0.0,0,6.7,6.7,,,74.0,240.0,26.998722222222224,3.0,West Virginia,2012.0,2012.0,,,,
2015,8,00-0028841,,RB,PIT,CIN,0,0,0.0,0,0.0,0.0,0.0,0,0.0,0,1,0,0.0,0,0.0,0.0,,,74.0,240.0,26.998722222222224,3.0,West Virginia,2012.0,2012.0,,,-6.0,0.022222223
2015,12,00-0028841,,RB,PIT,SEA,0,0,0.0,0,0.0,0.0,0.0,0,0.0,0,2,2,16.0,0,1.6,3.6,,,74.0,240.0,26.998722222222224,3.0,West Virginia,2012.0,2012.0,,,,0.03448276
2015,13,00-0028841,,RB,PIT,IND,0,0,0.0,0,0.0,0.0,0.0,0,0.0,0,0,0,0.0,0,2.0,2.0,,,74.0,240.0,26.998722222222224,3.0,West Virginia,2012.0,2012.0,,,35.0,
2015,16,00-0028841,,RB,PIT,BAL,0,0,0.0,0,0.0,0.0,0.0,0,0.0,0,1,0,0.0,0,0.0,0.0,,,74.0,240.0,26.998722222222224,3.0,West Virginia,2012.0,2012.0,,,,0.029411765
2015,3,00-0028872,J.Hekker,P,LA,PIT,0,1,0.0,0,0.0,0.0,-0.0,0,0.0,0,0,0,0.0,0,0.0,0.0,,,77.0,236.0,,3.0,Oregon State,2012.0,2012.0,,,,
2015,5,00-0028872,J.Hekker,P,LA,GB,1,1,20.0,0,0.0,0.0,-0.0,0,0.0,0,0,0,0.0,0,0.8,0.8,,,77.0,236.0,,3.0,Oregon State,2012.0,2012.0,,,,
2015,10,00-0028872,J.Hekker,P,LA,CHI,0,1,0.0,0,0.0,0.0,-0.0,0,0.0,0,0,0,0.0,0,0.0,0.0,,,77.0,236.0,,3.0,Oregon State,2012.0,2012.0,,,,
2015,17,00-0028872,J.Hekker,P,LA,SF,0,1,0.0,0,0.0,0.0,-0.0,0,0.0,0,0,0,0.0,0,0.0,0.0,,,77.0,236.0,,3.0,Oregon State,2012.0,2012.0,,,,
2015,1,00-0028903,G.Celek,TE,SF,MIN,0,0,0.0,0,0.0,0.0,0.0,0,0.0,0,4,3,40.0,0,4.0,7.0,,,77.0,252.0,27.40075,3.0,Michigan State,2012.0,2012.0,,,17.0,0.15384616
2015,2,00-0028903,G.Celek,TE,SF,PIT,0,0,0.0,0,0.0,0.0,0.0,0,0.0,0,2,2,10.0,0,1.0,3.0,,,77.0,252.0,27.40075,3.0,Michigan State,2012.0,2012.0,,,,0.04347826
2015,3,00-0028903,G.Celek,TE,SF,ARI,0,0,0.0,0,0.0,0.0,0.0,0,0.0,0,3,3,29.0,0,2.9,5.9,,,77.0,252.0,27.40075,3.0,Michigan State,2012.0,2012.0,,,,0.15789473
2015,4,00-0028903,G.Celek,TE,SF,GB,0,0,0.0,0,0.0,0.0,0.0,0,0.0,0,5,3,26.0,0,2.6,5.6,,,77.0,252.0,27.40075,3.0,Michigan State,2012.0,2012.0,,,-14.0,0.2
2015,5,00-0028903,G.Celek,TE,SF,NYG,0,0,0.0,0,0.0,0.0,0.0,0,0.0,0,5,3,26.0,1,8.6,11.6,,,77.0,252.0,27.40075,3.0,Michigan State,2012.0,2012.0,,,,0.14285715
2015,6,00-0028903,G.Celek,TE,SF,BAL,0,0,0.0,0,0.0,0.0,0.0,0,0.0,0,2,0,0.0,0,0.0,0.0,,,77.0,252.0,27.40075,3.0,Michigan State,2012.0,2012.0,,,5.0,0.074074075
2015,7,00-0028903,G.Celek,TE,SF,SEA,0,0,0.0,0,0.0,0.0,0.0,0,0.0,0,1,1,8.0,0,0.8,1.8,,,77.0,252.0,27.40075,3.0,Michigan State,2012.0,2012.0,,,-17.0,0.041666668
2015,8,00-0028903,G.Celek,TE,SF,LA,0,0,0.0,0,0.0,0.0,0.0,0,0.0,0,1,0,0.0,0,0.0,0.0,,,77.0,252.0,27.40075,3.0,Michigan State,2012.0,2012.0,,,,0.024390243
2015,9,00-0028903,G.Celek,TE,SF,ATL,0,0,0.0,0,0.0,0.0,0.0,0,0.0,0,2,2,12.0,2,13.2,15.2,,,77.0,252.0,27.40075,3.0,Michigan State,2012.0,2012.0,,,1.0,0.07692308
2015,11,00-0028903,G.Celek,TE,SF,SEA,0,0,0.0,0,0.0,0.0,0.0,0,0.0,0,3,2,35.0,0,3.5,5.5,,,77.0,252.0,27.40075,3.0,Michigan State,2012.0,2012.0,,,,0.09090909
2015,1,00-0028905,,WR,NYJ,CLE,0,0,0.0,0,0.0,0.0,0.0,0,0.0,0,6,4,55.0,0,5.5,9.5,,,74.0,200.0,25.73866666666667,3.0,Stanford,2012.0,2012.0,,,21.0,0.25
2015,2,00-0028905,,WR,NYJ,IND,0,0,0.0,0,0.0,0.0,0.0,0,0.0,0,3,0,0.0,0,0.0,0.0,,,74.0,200.0,25.73866666666667,3.0,Stanford,2012.0,2012.0,,,,0.0882353
2015,7,00-0028905,,WR,NYJ,NE,0,0,0.0,0,0.0,0.0,0.0,0,0.0,0,4,2,25.0,0,2.5,4.5,,,74.0,200.0,25.73866666666667,3.0,Stanford,2012.0,2012.0,,,,0.102564104
2015,12,00-0028957,A.Davis,QB,CLE,BAL,7,10,77.0,1,0.0,1.0,8.0,1,7.0,0,0,0,0.0,0,7.78,7.78,,,74.0,221.0,,3.0,Southern Mississippi,2012.0,2012.0,,,-6.0,
2015,13,00-0028957,A.Davis,QB,CLE,CIN,25,38,230.0,0,1.0,3.0,25.0,3,4.0,0,0,0,0.0,0,5.6,5.6,,,74.0,221.0,,3.0,Southern Mississippi,2012.0,2012.0,,,-34.0,
2015,17,00-0028957,A.Davis,QB,CLE,PIT,24,46,240.0,0,2.0,7.0,63.0,3,22.0,0,0,0,0.0,0,5.8,5.8,,,74.0,221.0,,3.0,Southern Mississippi,2012.0,2012.0,,,-16.0,
2015,3,00-0028958,C.Harkey,TE,LA,PIT,0,0,0.0,0,0.0,0.0,0.0,0,0.0,0,1,0,0.0,0,0.0,0.0,,,76.0,259.0,,3.0,UCLA,2012.0,2012.0,,,,0.03448276
2015,4,00-0028958,C.Harkey,TE,LA,ARI,0,0,0.0,0,0.0,0.0,0.0,0,0.0,0,1,1,4.0,0,0.4,1.4,,,76.0,259.0,,3.0,UCLA,2012.0,2012.0,,,,0.041666668
2015,7,00-0028958,C.Harkey,TE,LA,CLE,0,0,0.0,0,0.0,0.0,0.0,0,0.0,0,1,1,4.0,0,0.4,1.4,,,76.0,259.0,,3.0,UCLA,2012.0,2012.0,,,,0.04347826
2015,12,00-0028958,C.Harkey,TE,LA,CIN,0,0,0.0,0,0.0,0.0,0.0,0,0.0,0,1,1,2.0,0,0.2,1.2,,,76.0,259.0,,3.0,UCLA,2012.0,2012.0,,,,0.018867925
2015,13,00-0028958,C.Harkey,TE,LA,ARI,0,0,0.0,0,0.0,0.0,0.0,0,0.0,0,1,1,4.0,0,0.4,1.4,,,76.0,259.0,,3.0,UCLA,2012.0,2012.0,,,,0.029411765
2015,17,00-0028958,C.Harkey,TE,LA,SF,0,0,0.0,0,0.0,0.0,0.0,0,0.0,0,1,1,12.0,0,1.2,2.2,,,76.0,259.0,,3.0,UCLA,2012.0,2012.0,,,,0.02631579
2015,11,00-0028986,C.Keenum,QB,LA,BAL,12,26,136.0,1,0.0,1.0,5.0,2,0.0,0,0,0,0.0,0,5.44,5.44,,,73.0,205.0,,3.0,Houston,2012.0,2012.0,,,,
2015,14,00-0028986,C.Keenum,QB,LA,DET,14,22,124.0,0,1.0,1.0,10.0,2,2.0,0,0,0,0.0,0,3.16,3.16,,,73.0,205.0,,3.0,Houston,2012.0,2012.0,,,,
2015,15,00-0028986,C.Keenum,QB,LA,TB,14,17,234.0,2,0.0,2.0,13.0,3,-3.0,0,0,0,0.0,0,17.06,17.06,,,73.0,205.0,,3.0,Houston,2012.0,2012.0,,,,
2015,16,00-0028986,C.Keenum,QB,LA,SEA,14,23,103.0,1,0.0,0.0,-0.0,4,4.0,0,0,0,0.0,0,8.52,8.52,,,73.0,205.0,,3.0,Houston,2012.0,2012.0,,,,
2015,17,00-0028986,C.Keenum,QB,LA,SF,22,37,231.0,0,0.0,0.0,-0.0,1,2.0,0,0,0,0.0,0,9.44,9.44,,,73.0,205.0,,3.0,Houston,2012.0,2012.0,,,,
2015,11,00-0028987,P.Supernaw,TE,TEN,JAX,0,0,0.0,0,0.0,0.0,0.0,0,0.0,0,2,2,16.0,0,-0.4,1.6,,,77.0,248.0,25.776875,3.0,Ouachita Baptist,2012.0,2012.0,,,,0.060606062
2015,14,00-0028987,P.Supernaw,TE,TEN,NYJ,0,0,0.0,0,0.0,0.0,0.0,0,0.0,0,2,1,16.0,0,1.6,2.6,,,77.0,248.0,25.776875,3.0,Ouachita Baptist,2012.0,2012.0,,,,0.05
2015,1,00-0029000,C.Beasley,WR,DAL,NYG,0,0,0.0,0,0.0,0.0,0.0,0,0.0,0,6,4,49.0,0,2.9,6.9,,,68.0,180.0,26.538375,3.0,Southern Methodist,2012.0,2012.0,,,1.0,0.13333334
2015,2,00-0029000,C.Beasley,WR,DAL,PHI,0,0,0.0,0,0.0,0.0,0.0,0,0.0,0,5,4,14.0,0,1.4,5.4,,,68.0,180.0,26.538375,3.0,Southern Methodist,2012.0,2012.0,,,,0.14705883
2015,3,00-0029000,C.Beasley,WR,DAL,ATL,0,0,0.0,0,0.0,0.0,0.0,0,0.0,0,4,4,49.0,0,4.9,8.9,,,68.0,180.0,26.538375,3.0,Southern Methodist,2012.0,2012.0,,,-11.0,0.15384616
2015,4,00-0029000,C.Beasley,WR,DAL,NO,0,0,0.0,0,0.0,0.0,0.0,0,0.0,0,6,6,62.0,0,6.2,12.2,,,68.0,180.0,26.538375,3.0,Southern Methodist,2012.0,2012.0,,,,0.23076923
2015,5,00-0029000,C.Beasley,WR,DAL,NE,0,0,0.0,0,0.0,0.0,0.0,0,0.0,0,6,4,40.0,0,4.0,8.0,,,68.0,180.0,26.538375,3.0,Southern Methodist,2012.0,2012.0,,,-24.0,0.15384616
2015,7,00-0029000,C.Beasley,WR,DAL,NYG,0,0,0.0,0,0.0,0.0,0.0,0,0.0,0,2,0,0.0,0,0.0,0.0,,,68.0,180.0,26.538375,3.0,Southern Methodist,2012.0,2012.0,,,,0.074074075
2015,8,00-0029000,C.Beasley,WR,DAL,SEA,0,0,0.0,0,0.0,0.0,0.0,0,0.0,0,1,0,0.0,0,0.0,0.0,,,68.0,180.0,26.538375,3.0,Southern Methodist,2012.0,2012.0,,,-1.0,0.03846154
2015,9,00-0029000,C.Beasley,WR,DAL,PHI,0,0,0.0,0,0.0,0.0,0.0,0,0.0,0,11,9,112.0,2,23.2,32.2,,,68.0,180.0,26.538375,3.0,Southern Methodist,2012.0,2012.0,,,-6.0,0.2972973
2015,10,00-0029000,C.Beasley,WR,DAL,TB,0,0,0.0,0,0.0,0.0,0.0,0,0.0,0,1,1,8.0,0,0.8,1.8,,,68.0,180.0,26.538375,3.0,Southern Methodist,2012.0,2012.0,,,,0.035714287
2015,11,00-0029000,C.Beasley,WR,DAL,MIA,0,0,0.0,0,0.0,0.0,0.0,0,0.0,0,3,1,14.0,0,1.4,2.4,,,68.0,180.0,26.538375,3.0,Southern Methodist,2012.0,2012.0,,,,0.10714286
2015,12,00-0029000,C.Beasley,WR,DAL,CAR,0,0,0.0,0,0.0,0.0,0.0,0,0.0,0,7,6,44.0,1,10.4,16.4,,,68.0,180.0,26.538375,3.0,Southern Methodist,2012.0,2012.0,,,-19.0,0.18421052
2015,13,00-0029000,C.Beasley,WR,DAL,WAS,0,0,0.0,0,0.0,0.0,0.0,0,0.0,0,3,0,0.0,0,0.0,0.0,,,68.0,180.0,26.538375,3.0,Southern Methodist,2012.0,2012.0,,,,0.10714286
2015,14,00-0029000,C.Beasley,WR,DAL,GB,0,0,0.0,0,0.0,0.0,0.0,0,0.0,0,4,3,25.0,0,2.5,5.5,,,68.0,180.0,26.538375,3.0,Southern Methodist,2012.0,2012.0,,,,0.14285715
2015,15,00-0029000,C.Beasley,WR,DAL,NYJ,0,0,0.0,0,0.0,0.0,0.0,0,0.0,0,7,3,37.0,0,3.7,6.7,,,68.0,180.0,26.538375,3.0,Southern Methodist,2012.0,2012.0,,,-3.0,0.22580644
2015,16,00-0029000,C.Beasley,WR,DAL,BUF,0,0,0.0,0,0.0,0.0,0.0,0,0.0,0,2,2,29.0,0,2.9,4.9,,,68.0,180.0,26.538375,3.0,Southern Methodist,2012.0,2012.0,,,,0.06666667
2015,17,00-0029000,C.Beasley,WR,DAL,WAS,0,0,0.0,0,0.0,0.0,0.0,0,0.0,0,7,5,53.0,2,17.3,22.3,,,68.0,180.0,26.538375,3.0,Southern Methodist,2012.0,2012.0,,,-11.0,0.14583333
2015,1,00-0029004,L.Dunbar,RB,DAL,NYG,0,0,0.0,0,0.0,0.0,0.0,0,0.0,0,8,8,70.0,0,7.0,15.0,,,68.0,195.0,25.6605,3.0,North Texas,2012.0,2012.0,,,1.0,0.17777778
2015,2,00-0029004,L.Dunbar,RB,DAL,PHI,0,0,0.0,0,0.0,0.0,0.0,1,8.0,0,5,3,45.0,0,5.3,8.3,,,68.0,195.0,25.6605,3.0,North Texas,2012.0,2012.0,,,,0.14705883
2015,3,00-0029004,L.Dunbar,RB,DAL,ATL,0,0,0.0,0,0.0,0.0,0.0,1,5.0,0,10,10,100.0,0,10.5,20.5,,,68.0,195.0,25.6605,3.0,North Texas,2012.0,2012.0,,,-11.0,0.3846154
2015,4,00-0029004,L.Dunbar,RB,DAL,NO,0,0,0.0,0,0.0,0.0,0.0,3,54.0,0,0,0,0.0,0,5.4,5.4,,,68.0,195.0,25.6605,3.0,North Texas,2012.0,2012.0,,,,
2015,4,00-0029033,G.Whalen,WR,IND,JAX,0,0,0.0,0,0.0,0.0,0.0,0,0.0,0,1,1,16.0,0,1.6,2.6,,,71.0,190.0,25.667142857142856,3.0,Stanford,2012.0,2012.0,,,3.0,0.021276595
2015,6,00-0029033,G.Whalen,WR,IND,NE,0,0,0.0,0,0.0,0.0,0.0,0,0.0,0,3,2,30.0,1,9.0,11.0,,,71.0,190.0,25.667142857142856,3.0,Stanford,2012.0,2012.0,,,-7.0,0.0625
2015,8,00-0029033,G.Whalen,WR,IND,CAR,0,0,0.0,0,0.0,0.0,0.0,0,0.0,0,5,5,48.0,0,4.8,9.8,,,71.0,190.0,25.667142857142856,3.0,Stanford,2012.0,2012.0,,,,0.11111111
2015,9,00-0029033,G.Whalen,WR,IND,DEN,0,0,0.0,0,0.0,0.0,0.0,0,0.0,0,6,5,73.0,0,7.3,12.3,,,71.0,190.0,25.667142857142856,3.0,Stanford,2012.0,2012.0,,,3.0,0.17142858
2015,11,00-0029033,G.Whalen,WR,IND,ATL,0,0,0.0,0,0.0,0.0,0.0,0,0.0,0,3,2,20.0,0,2.0,4.0,,,71.0,190.0,25.667142857142856,3.0,Stanford,2012.0,2012.0,,,,0.09375
2015,13,00-0029033,G.Whalen,WR,IND,PIT,0,0,0.0,0,0.0,0.0,0.0,0,0.0,0,6,2,9.0,0,0.9,2.9,,,71.0,190.0,25.667142857142856,3.0,Stanford,2012.0,2012.0,,,,0.1764706
2015,15,00-0029033,G.Whalen,WR,IND,HOU,0,0,0.0,0,0.0,0.0,0.0,0,0.0,0,2,2,9.0,0,-1.1,0.9,,,71.0,190.0,25.667142857142856,3.0,Stanford,2012.0,2012.0,,,-6.0,0.06896552
2015,1,00-0029068,D.Coleman,FB,SEA,LA,0,0,0.0,0,0.0,0.0,0.0,1,2.0,0,0,0,0.0,0,0.2,0.2,,,72.0,233.0,25.081235294117647,3.0,UCLA,2012.0,2012.0,,,,
2015,2,00-0029068,D.Coleman,FB,SEA,GB,0,0,0.0,0,0.0,0.0,0.0,0,0.0,0,1,1,0.0,0,0.0,1.0,,,72.0,233.0,25.081235294117647,3.0,UCLA,2012.0,2012.0,,,,0.03448276
2015,12,00-0029068,D.Coleman,FB,SEA,PIT,0,0,0.0,0,0.0,0.0,0.0,1,1.0,0,0,0,0.0,0,0.1,0.1,,,72.0,233.0,25.081235294117647,3.0,UCLA,2012.0,2012.0,,,9.0,
2015,14,00-0029068,D.Coleman,FB,SEA,BAL,0,0,0.0,0,0.0,0.0,0.0,1,19.0,0,0,0,0.0,0,1.9,1.9,,,72.0,233.0,25.081235294117647,3.0,UCLA,2012.0,2012.0,,,,
2015,15,00-0029068,D.Coleman,FB,SEA,CLE,0,0,0.0,0,0.0,0.0,0.0,5,10.0,0,0,0,0.0,0,1.0,1.0,,,72.0,233.0,25.081235294117647,3.0,UCLA,2012.0,2012.0,,,17.0,
2015,3,00-0029104,,RB,MIA,BUF,0,0,0.0,0,0.0,0.0,0.0,9,49.0,0,0,0,0.0,0,4.9,4.9,,,70.0,225.0,25.3577,3.0,,2012.0,2012.0,,,-27.0,
2015,4,00-0029104,,RB,MIA,NYJ,0,0,0.0,0,0.0,0.0,0.0,1,0.0,0,0,0,0.0,0,0.0,0.0,,,70.0,225.0,25.3577,3.0,,2012.0,2012.0,,,-13.0,
2015,6,00-0029104,,RB,MIA,TEN,0,0,0.0,0,0.0,0.0,0.0,7,24.0,0,1,1,12.0,0,3.6,4.6,,,70.0,225.0,25.3577,3.0,,2012.0,2012.0,,,,0.03448276
2015,7,00-0029104,,RB,MIA,HOU,0,0,0.0,0,0.0,0.0,0.0,12,48.0,0,1,1,10.0,0,5.8,6.8,,,70.0,225.0,25.3577,3.0,,2012.0,2012.0,,,18.0,0.05
2015,8,00-0029104,,RB,MIA,NE,0,0,0.0,0,0.0,0.0,0.0,2,1.0,0,5,4,50.0,0,5.1,9.1,,,70.0,225.0,25.3577,3.0,,2012.0,2012.0,,,,0.11627907
2015,16,00-0029104,,RB,JAX,NO,0,0,0.0,0,0.0,0.0,0.0,5,31.0,0,0,0,0.0,0,3.1,3.1,,,70.0,225.0,25.3577,3.0,,2012.0,2012.0,,,,
2015,17,00-0029104,,RB,JAX,HOU,0,0,0.0,0,0.0,0.0,0.0,9,23.0,0,1,1,4.0,0,2.7,3.7,,,70.0,225.0,25.3577,3.0,,2012.0,2012.0,,,,0.03125
2015,1,00-0029119,D.Carrier,TE,WAS,MIA,0,0,0.0,0,0.0,0.0,0.0,0,0.0,0,2,2,8.0,0,0.8,2.8,,,76.0,241.0,25.259615384615383,3.0,Beloit,2012.0,2012.0,,,-7.0,0.06451613
2015,3,00-0029119,D.Carrier,TE,WAS,NYG,0,0,0.0,0,0.0,0.0,0.0,0,0.0,0,1,0,0.0,0,0.0,0.0,,,76.0,241.0,25.259615384615383,3.0,Beloit,2012.0,2012.0,,,,0.020408163
2015,4,00-0029119,D.Carrier,TE,WAS,PHI,0,0,0.0,0,0.0,0.0,0.0,0,0.0,0,2,2,18.0,0,1.8,3.8,,,76.0,241.0,25.259615384615383,3.0,Beloit,2012.0,2012.0,,,3.0,0.04347826
2015,5,00-0029119,D.Carrier,TE,WAS,ATL,0,0,0.0,0,0.0,0.0,0.0,0,0.0,0,3,2,27.0,1,8.7,10.7,,,76.0,241.0,25.259615384615383,3.0,Beloit,2012.0,2012.0,,,,0.09375
2015,6,00-0029119,D.Carrier,TE,WAS,NYJ,0,0,0.0,0,0.0,0.0,0.0,0,0.0,0,4,4,39.0,0,3.9,7.9,,,76.0,241.0,25.259615384615383,3.0,Beloit,2012.0,2012.0,,,,0.09090909
2015,7,00-0029119,D.Carrier,TE,WAS,TB,0,0,0.0,0,0.0,0.0,0.0,0,0.0,0,2,2,15.0,0,1.5,3.5,,,76.0,241.0,25.259615384615383,3.0,Beloit,2012.0,2012.0,,,1.0,0.05
2015,9,00-0029119,D.Carrier,TE,WAS,NE,0,0,0.0,0,0.0,0.0,0.0,0,0.0,0,2,0,0.0,0,0.0,0.0,,,76.0,241.0,25.259615384615383,3.0,Beloit,2012.0,2012.0,,,,0.05
2015,10,00-0029119,D.Carrier,TE,WAS,NO,0,0,0.0,0,0.0,0.0,0.0,0,0.0,0,1,1,14.0,0,1.4,2.4,,,76.0,241.0,25.259615384615383,3.0,Beloit,2012.0,2012.0,,,33.0,0.04
2015,11,00-0029119,D.Carrier,TE,WAS,CAR,0,0,0.0,0,0.0,0.0,0.0,0,0.0,0,3,2,7.0,0,0.7,2.7,,,76.0,241.0,25.259615384615383,3.0,Beloit,2012.0,2012.0,,,,0.1
2015,12,00-0029119,D.Carrier,TE,WAS,NYG,0,0,0.0,0,0.0,0.0,0.0,0,0.0,0,1,1,6.0,0,0.6,1.6,,,76.0,241.0,25.259615384615383,3.0,Beloit,2012.0,2012.0,,,6.0,0.03448276
2015,14,00-0029119,D.Carrier,TE,WAS,CHI,0,0,0.0,0,0.0,0.0,0.0,0,0.0,0,1,1,7.0,0,0.7,1.7,,,76.0,241.0,25.259615384615383,3.0,Beloit,2012.0,2012.0,,,,0.032258064
2015,1,00-0029129,R.Streater,WR,LV,CIN,0,0,0.0,0,0.0,0.0,0.0,0,0.0,0,1,1,8.0,0,0.8,1.8,,,74.0,195.0,27.7484375,3.0,Temple,2012.0,2012.0,,,,0.023255814
2015,1,00-0029137,A.Jeffery,WR,CHI,GB,0,0,0.0,0,0.0,0.0,0.0,0,0.0,0,11,5,78.0,0,7.8,12.8,,,75.0,216.0,25.722199999999997,3.0,South Carolina,2012.0,2012.0,CHI,45,-8.0,0.31428573
2015,6,00-0029137,A.Jeffery,WR,CHI,DET,0,0,0.0,0,0.0,0.0,0.0,0,0.0,0,11,8,147.0,1,20.7,28.7,,,75.0,216.0,25.722199999999997,3.0,South Carolina,2012.0,2012.0,CHI,45,,0.2682927
2015,8,00-0029137,A.Jeffery,WR,CHI,MIN,0,0,0.0,0,0.0,0.0,0.0,0,0.0,0,15,10,116.0,1,17.6,27.6,,,75.0,216.0,25.722199999999997,3.0,South Carolina,2012.0,2012.0,CHI,45,-3.0,0.45454547
2015,9,00-0029137,A.Jeffery,WR,CHI,LAC,0,0,0.0,0,0.0,0.0,0.0,0,0.0,0,16,10,151.0,0,15.1,25.1,,,75.0,216.0,25.722199999999997,3.0,South Carolina,2012.0,2012.0,CHI,45,,0.42105263
2015,10,00-0029137,A.Jeffery,WR,CHI,LA,0,0,0.0,0,0.0,0.0,0.0,0,0.0,0,4,3,23.0,0,2.3,5.3,,,75.0,216.0,25.722199999999997,3.0,South Carolina,2012.0,2012.0,CHI,45,,0.16666667
2015,12,00-0029137,A.Jeffery,WR,CHI,GB,0,0,0.0,0,0.0,0.0,0.0,0,0.0,0,11,7,90.0,0,9.0,16.0,,,75.0,216.0,25.722199999999997,3.0,South Carolina,2012.0,2012.0,CHI,45,,0.3548387
2015,13,00-0029137,A.Jeffery,WR,CHI,SF,0,0,0.0,0,0.0,0.0,0.0,0,0.0,0,12,4,85.0,0,8.5,12.5,,,75.0,216.0,25.722199999999997,3.0,South Carolina,2012.0,2012.0,CHI,45,-6.0,0.38709676
2015,14,00-0029137,A.Jeffery,WR,CHI,WAS,0,0,0.0,0,0.0,0.0,0.0,0,0.0,0,9,6,107.0,1,16.7,22.7,,,75.0,216.0,25.722199999999997,3.0,South Carolina,2012.0,2012.0,CHI,45,-3.0,0.29032257
2015,15,00-0029137,A.Jeffery,WR,CHI,MIN,0,0,0.0,0,0.0,0.0,0.0,0,0.0,0,5,1,10.0,1,7.0,8.0,,,75.0,216.0,25.722199999999997,3.0,South Carolina,2012.0,2012.0,CHI,45,,0.1388889
2015,1,00-0029141,A.Morris,RB,WAS,MIA,0,0,0.0,0,0.0,0.0,0.0,25,121.0,0,0,0,0.0,0,12.1,12.1,,,70.0,224.0,26.91564705882353,3.0,Florida Atlantic,2012.0,2012.0,WAS,173,-7.0,
2015,2,00-0029141,A.Morris,RB,WAS,LA,0,0,0.0,0,0.0,0.0,0.0,18,59.0,0,2,2,13.0,0,7.2,9.2,,,70.0,224.0,26.91564705882353,3.0,Florida Atlantic,2012.0,2012.0,WAS,173,14.0,0.074074075
2015,3,00-0029141,A.Morris,RB,WAS,NYG,0,0,0.0,0,0.0,0.0,0.0,6,19.0,0,0,0,0.0,0,1.9,1.9,,,70.0,224.0,26.91564705882353,3.0,Florida Atlantic,2012.0,2012.0,WAS,173,,
2015,4,00-0029141,A.Morris,RB,WAS,PHI,0,0,0.0,0,0.0,0.0,0.0,17,62.0,0,3,2,3.0,0,6.5,8.5,,,70.0,224.0,26.91564705882353,3.0,Florida Atlantic,2012.0,2012.0,WAS,173,3.0,0.06521739
2015,5,00-0029141,A.Morris,RB,WAS,ATL,0,0,0.0,0,0.0,0.0,0.0,8,15.0,0,0,0,0.0,0,1.5,1.5,,,70.0,224.0,26.91564705882353,3.0,Florida Atlantic,2012.0,2012.0,WAS,173,,
2015,6,00-0029141,A.Morris,RB,WAS,NYJ,0,0,0.0,0,0.0,0.0,0.0,11,21.0,0,1,1,11.0,0,3.2,4.2,,,70.0,224.0,26.91564705882353,3.0,Florida Atlantic,2012.0,2012.0,WAS,173,,0.022727273
2015,7,00-0029141,A.Morris,RB,WAS,TB,0,0,0.0,0,0.0,0.0,0.0,6,5.0,0,1,1,2.0,0,0.7,1.7,,,70.0,224.0,26.91564705882353,3.0,Florida Atlantic,2012.0,2012.0,WAS,173,1.0,0.025
2015,9,00-0029141,A.Morris,RB,WAS,NE,0,0,0.0,0,0.0,0.0,0.0,4,10.0,0,0,0,0.0,0,1.0,1.0,,,70.0,224.0,26.91564705882353,3.0,Florida Atlantic,2012.0,2012.0,WAS,173,,
2015,10,00-0029141,A.Morris,RB,WAS,NO,0,0,0.0,0,0.0,0.0,0.0,15,92.0,0,3,3,14.0,0,10.6,13.6,,,70.0,224.0,26.91564705882353,3.0,Florida Atlantic,2012.0,2012.0,WAS,173,33.0,0.12
2015,11,00-0029141,A.Morris,RB,WAS,CAR,0,0,0.0,0,0.0,0.0,0.0,2,0.0,0,0,0,0.0,0,0.0,0.0,,,70.0,224.0,26.91564705882353,3.0,Florida Atlantic,2012.0,2012.0,WAS,173,,
2015,12,00-0029141,A.Morris,RB,WAS,NYG,0,0,0.0,0,0.0,0.0,0.0,23,78.0,0,1,1,12.0,0,9.0,10.0,,,70.0,224.0,26.91564705882353,3.0,Florida Atlantic,2012.0,2012.0,WAS,173,6.0,0.03448276
2015,13,00-0029141,A.Morris,RB,WAS,DAL,0,0,0.0,0,0.0,0.0,0.0,6,12.0,0,0,0,0.0,0,1.2,1.2,,,70.0,224.0,26.91564705882353,3.0,Florida Atlantic,2012.0,2012.0,WAS,173,-3.0,
2015,14,00-0029141,A.Morris,RB,WAS,CHI,0,0,0.0,0,0.0,0.0,0.0,11,24.0,1,1,0,0.0,0,8.4,8.4,,,70.0,224.0,26.91564705882353,3.0,Florida Atlantic,2012.0,2012.0,WAS,173,,0.032258064
2015,15,00-0029141,A.Morris,RB,WAS,BUF,0,0,0.0,0,0.0,0.0,0.0,14,84.0,0,0,0,0.0,0,8.4,8.4,,,70.0,224.0,26.91564705882353,3.0,Florida Atlantic,2012.0,2012.0,WAS,173,10.0,
2015,16,00-0029141,A.Morris,RB,WAS,PHI,0,0,0.0,0,0.0,0.0,0.0,17,49.0,0,1,0,0.0,0,4.9,4.9,,,70.0,224.0,26.91564705882353,3.0,Florida Atlantic,2012.0,2012.0,WAS,173,,0.02173913
2015,17,00-0029141,A.Morris,RB,WAS,DAL,0,0,0.0,0,0.0,0.0,0.0,19,100.0,0,0,0,0.0,0,10.0,10.0,,,70.0,224.0,26.91564705882353,3.0,Florida Atlantic,2012.0,2012.0,WAS,173,,
2015,18,00-0029141,A.Morris,RB,WAS,GB,0,0,0.0,0,0.0,0.0,0.0,11,50.0,0,0,0,0.0,0,5.0,5.0,,,70.0,224.0,26.91564705882353,3.0,Florida Atlantic,2012.0,2012.0,WAS,173,-17.0,
2015,1,00-0029159,J.Kearse,WR,SEA,LA,0,0,0.0,0,0.0,0.0,0.0,0,0.0,0,10,8,76.0,0,7.6,15.6,,,73.0,209.0,25.772222222222222,3.0,Washington,2012.0,2012.0,,,,0.24390244
2015,2,00-0029159,J.Kearse,WR,SEA,GB,0,0,0.0,0,0.0,0.0,0.0,0,0.0,0,2,0,0.0,0,0.0,0.0,,,73.0,209.0,25.772222222222222,3.0,Washington,2012.0,2012.0,,,,0.06896552
2015,3,00-0029159,J.Kearse,WR,SEA,CHI,0,0,0.0,0,0.0,0.0,0.0,0,0.0,0,6,6,76.0,0,7.6,13.6,,,73.0,209.0,25.772222222222222,3.0,Washington,2012.0,2012.0,,,26.0,0.23076923
2015,4,00-0029159,J.Kearse,WR,SEA,DET,0,0,0.0,0,0.0,0.0,0.0,0,0.0,0,2,2,84.0,0,8.4,10.4,,,73.0,209.0,25.772222222222222,3.0,Washington,2012.0,2012.0,,,3.0,0.07692308
2015,5,00-0029159,J.Kearse,WR,SEA,CIN,0,0,0.0,0,0.0,0.0,0.0,0,0.0,0,3,2,38.0,1,9.8,11.8,,,73.0,209.0,25.772222222222222,3.0,Washington,2012.0,2012.0,,,,0.13636364
2015,6,00-0029159,J.Kearse,WR,SEA,CAR,0,0,0.0,0,0.0,0.0,0.0,0,0.0,0,3,0,0.0,0,0.0,0.0,,,73.0,209.0,25.772222222222222,3.0,Washington,2012.0,2012.0,,,-4.0,0.1
2015,7,00-0029159,J.Kearse,WR,SEA,SF,0,0,0.0,0,0.0,0.0,0.0,0,0.0,0,4,3,64.0,0,6.4,9.4,,,73.0,209.0,25.772222222222222,3.0,Washington,2012.0,2012.0,,,,0.16666667
2015,8,00-0029159,J.Kearse,WR,SEA,DAL,0,0,0.0,0,0.0,0.0,0.0,0,0.0,0,1,0,0.0,0,0.0,0.0,,,73.0,209.0,25.772222222222222,3.0,Washington,2012.0,2012.0,,,,0.03448276
2015,10,00-0029159,J.Kearse,WR,SEA,ARI,0,0,0.0,0,0.0,0.0,0.0,0,0.0,0,2,1,10.0,0,1.0,2.0,,,73.0,209.0,25.772222222222222,3.0,Washington,2012.0,2012.0,,,-7.0,0.074074075
2015,11,00-0029159,J.Kearse,WR,SEA,SF,0,0,0.0,0,0.0,0.0,0.0,0,0.0,0,5,3,34.0,0,3.4,6.4,,,73.0,209.0,25.772222222222222,3.0,Washington,2012.0,2012.0,,,16.0,0.18518518
2015,12,00-0029159,J.Kearse,WR,SEA,PIT,0,0,0.0,0,0.0,0.0,0.0,0,0.0,0,5,4,47.0,2,16.7,20.7,,,73.0,209.0,25.772222222222222,3.0,Washington,2012.0,2012.0,,,9.0,0.1724138
2015,13,00-0029159,J.Kearse,WR,SEA,MIN,0,0,0.0,0,0.0,0.0,0.0,0,0.0,0,1,0,0.0,0,0.0,0.0,,,73.0,209.0,25.772222222222222,3.0,Washington,2012.0,2012.0,,,,0.035714287
2015,14,00-0029159,J.Kearse,WR,SEA,BAL,0,0,0.0,0,0.0,0.0,0.0,0,0.0,0,8,7,74.0,0,7.4,14.4,,,73.0,209.0,25.772222222222222,3.0,Washington,2012.0,2012.0,,,,0.24242425
2015,15,00-0029159,J.Kearse,WR,SEA,CLE,0,0,0.0,0,0.0,0.0,0.0,0,0.0,0,8,7,110.0,0,11.0,18.0,,,73.0,209.0,25.772222222222222,3.0,Washington,2012.0,2012.0,,,17.0,0.27586207
2015,16,00-0029159,J.Kearse,WR,SEA,LA,0,0,0.0,0,0.0,0.0,0.0,0,0.0,0,5,3,38.0,1,9.8,12.8,,,73.0,209.0,25.772222222222222,3.0,Washington,2012.0,2012.0,,,-6.0,0.125
2015,17,00-0029159,J.Kearse,WR,SEA,ARI,0,0,0.0,0,0.0,0.0,0.0,0,0.0,0,3,3,34.0,1,9.4,12.4,,,73.0,209.0,25.772222222222222,3.0,Washington,2012.0,2012.0,,,,0.09375
2015,18,00-0029159,J.Kearse,WR,SEA,MIN,0,0,0.0,0,0.0,0.0,0.0,0,0.0,0,4,3,18.0,0,1.8,4.8,,,73.0,209.0,25.772222222222222,3.0,Washington,2012.0,2012.0,,,,0.15384616
2015,19,00-0029159,J.Kearse,WR,SEA,CAR,0,0,0.0,0,0.0,0.0,0.0,0,0.0,0,15,11,110.0,2,23.0,34.0,,,73.0,209.0,25.772222222222222,3.0,Washington,2012.0,2012.0,,,,0.32608697
2015,19,00-0029191,D.Shead,CB,SEA,CAR,0,0,0.0,0,0.0,0.0,0.0,1,17.0,0,0,0,0.0,0,1.7,1.7,,,74.0,220.0,26.382666666666665,3.0,Portland State,2012.0,2012.0,,,,
2015,2,00-0029205,T.Cadet,RB,NE,BUF,0,0,0.0,0,0.0,0.0,0.0,0,0.0,0,1,1,2.0,0,0.2,1.2,,,73.0,210.0,26.7913,3.0,Appalachian State,2012.0,2012.0,,,,0.016949153
2015,13,00-0029205,T.Cadet,RB,SF,CHI,0,0,0.0,0,0.0,0.0,0.0,3,6.0,0,2,1,6.0,0,1.2,2.2,,,73.0,210.0,26.7913,3.0,Appalachian State,2012.0,2012.0,,,,0.0625
2015,14,00-0029205,T.Cadet,RB,SF,CLE,0,0,0.0,0,0.0,0.0,0.0,2,6.0,0,2,2,28.0,0,3.4,5.4,,,73.0,210.0,26.7913,3.0,Appalachian State,2012.0,2012.0,,,,0.071428575
2015,15,00-0029205,T.Cadet,RB,SF,CIN,0,0,0.0,0,0.0,0.0,0.0,2,4.0,0,6,4,32.0,0,3.6,7.6,,,73.0,210.0,26.7913,3.0,Appalachian State,2012.0,2012.0,,,-10.0,0.12
2015,16,00-0029205,T.Cadet,RB,NO,JAX,0,0,0.0,0,0.0,0.0,0.0,1,6.0,0,5,3,69.0,1,13.5,16.5,,,73.0,210.0,26.7913,3.0,Appalachian State,2012.0,2012.0,,,11.0,0.14285715
2015,17,00-0029205,T.Cadet,RB,NO,ATL,0,1,0.0,0,0.0,0.0,-0.0,3,6.0,0,6,6,77.0,0,6.3,12.3,,,73.0,210.0,26.7913,3.0,Appalachian State,2012.0,2012.0,,,,0.13953489
2015,15,00-0029234,K.Moore,QB,DAL,NYJ,15,25,158.0,1,3.0,1.0,-0.0,0,0.0,0,0,0,0.0,0,4.32,4.32,,,72.0,200.0,27.363818181818182,3.0,Boise State,2012.0,2012.0,,,-3.0,
2015,16,00-0029234,K.Moore,QB,DAL,BUF,13,31,186.0,0,1.0,0.0,-0.0,1,-1.0,0,0,0,0.0,0,5.34,5.34,,,72.0,200.0,27.363818181818182,3.0,Boise State,2012.0,2012.0,,,,
2015,17,00-0029234,K.Moore,QB,DAL,WAS,33,48,435.0,3,2.0,4.0,23.0,1,0.0,0,0,0,0.0,0,23.4,23.4,,,72.0,200.0,27.363818181818182,3.0,Boise State,2012.0,2012.0,,,-11.0,
2015,1,00-0029239,B.Bolden,RB,NE,PIT,0,0,0.0,0,0.0,0.0,0.0,5,1.0,0,2,1,12.0,0,1.3,2.3,,,71.0,220.0,25.809055555555556,3.0,Mississippi,2012.0,2012.0,,,7.0,0.0625
2015,2,00-0029239,B.Bolden,RB,NE,BUF,0,0,0.0,0,0.0,0.0,0.0,1,1.0,0,1,1,2.0,0,0.3,1.3,,,71.0,220.0,25.809055555555556,3.0,Mississippi,2012.0,2012.0,,,,0.016949153
2015,9,00-0029239,B.Bolden,RB,NE,WAS,0,0,0.0,0,0.0,0.0,0.0,1,12.0,0,4,3,27.0,1,9.9,12.9,,,71.0,220.0,25.809055555555556,3.0,Mississippi,2012.0,2012.0,,,17.0,0.102564104
2015,10,00-0029239,B.Bolden,RB,NE,NYG,0,0,0.0,0,0.0,0.0,0.0,1,-3.0,0,1,0,0.0,0,-0.3,-0.3,,,71.0,220.0,25.809055555555556,3.0,Mississippi,2012.0,2012.0,,,,0.024390243
2015,11,00-0029239,B.Bolden,RB,NE,BUF,0,0,0.0,0,0.0,0.0,0.0,4,15.0,0,1,0,0.0,0,1.5,1.5,,,71.0,220.0,25.809055555555556,3.0,Mississippi,2012.0,2012.0,,,7.0,0.02631579
2015,12,00-0029239,B.Bolden,RB,NE,DEN,0,0,0.0,0,0.0,0.0,0.0,4,11.0,0,4,4,84.0,1,15.5,19.5,,,71.0,220.0,25.809055555555556,3.0,Mississippi,2012.0,2012.0,,,,0.0952381
2015,13,00-0029239,B.Bolden,RB,NE,PHI,0,0,0.0,0,0.0,0.0,0.0,3,22.0,0,5,1,2.0,0,2.4,3.4,,,71.0,220.0,25.809055555555556,3.0,Mississippi,2012.0,2012.0,,,-7.0,0.08928572
2015,14,00-0029239,B.Bolden,RB,NE,HOU,0,0,0.0,0,0.0,0.0,0.0,16,51.0,0,0,0,0.0,0,5.1,5.1,,,71.0,220.0,25.809055555555556,3.0,Mississippi,2012.0,2012.0,,,,
2015,15,00-0029239,B.Bolden,RB,NE,TEN,0,0,0.0,0,0.0,0.0,0.0,10,36.0,0,3,2,18.0,0,5.4,7.4,,,71.0,220.0,25.809055555555556,3.0,Mississippi,2012.0,2012.0,,,17.0,0.0882353
2015,16,00-0029239,B.Bolden,RB,NE,NYJ,0,0,0.0,0,0.0,0.0,0.0,9,30.0,0,7,5,30.0,0,6.0,11.0,,,71.0,220.0,25.809055555555556,3.0,Mississippi,2012.0,2012.0,,,,0.22580644
2015,17,00-0029239,B.Bolden,RB,NE,MIA,0,0,0.0,0,0.0,0.0,0.0,9,31.0,0,2,2,5.0,0,3.6,5.6,,,71.0,220.0,25.809055555555556,3.0,Mississippi,2012.0,2012.0,,,,0.08
2015,19,00-0029239,B.Bolden,RB,NE,KC,0,0,0.0,0,0.0,0.0,0.0,0,0.0,0,1,1,-3.0,0,-0.3,0.7,,,71.0,220.0,25.809055555555556,3.0,Mississippi,2012.0,2012.0,,,7.0,0.024390243
2015,20,00-0029239,B.Bolden,RB,NE,DEN,0,0,0.0,0,0.0,0.0,0.0,5,12.0,0,3,2,29.0,0,4.1,6.1,,,71.0,220.0,25.809055555555556,3.0,Mississippi,2012.0,2012.0,,,,0.05357143
2015,16,00-0029253,M.Schwartz,T,CLE,KC,0,0,0.0,0,0.0,0.0,0.0,0,0.0,0,1,0,0.0,0,0.0,0.0,,,77.0,320.0,,3.0,California,2012.0,2012.0,CLV,37,,0.03448276
2015,1,00-0029262,R.Randle,WR,NYG,DAL,0,0,0.0,0,0.0,0.0,0.0,0,0.0,0,5,3,23.0,0,2.3,5.3,,,74.0,208.0,24.5039375,3.0,LSU,2012.0,2012.0,NYG,63,,0.15151516
2015,2,00-0029262,R.Randle,WR,NYG,ATL,0,0,0.0,0,0.0,0.0,0.0,0,0.0,0,2,1,5.0,0,0.5,1.5,,,74.0,208.0,24.5039375,3.0,LSU,2012.0,2012.0,NYG,63,-4.0,0.05
2015,3,00-0029262,R.Randle,WR,NYG,WAS,0,0,0.0,0,0.0,0.0,0.0,0,0.0,0,7,7,116.0,1,17.6,24.6,,,74.0,208.0,24.5039375,3.0,LSU,2012.0,2012.0,NYG,63,11.0,0.21875
2015,4,00-0029262,R.Randle,WR,NYG,BUF,0,0,0.0,0,0.0,0.0,0.0,0,0.0,0,6,3,31.0,1,9.1,12.1,,,74.0,208.0,24.5039375,3.0,LSU,2012.0,2012.0,NYG,63,,0.17142858
2015,5,00-0029262,R.Randle,WR,NYG,SF,0,0,0.0,0,0.0,0.0,0.0,0,0.0,0,6,5,42.0,0,4.2,9.2,,,74.0,208.0,24.5039375,3.0,LSU,2012.0,2012.0,NYG,63,3.0,0.11320755
2015,6,00-0029262,R.Randle,WR,NYG,PHI,0,0,0.0,0,0.0,0.0,0.0,0,0.0,0,6,5,44.0,0,4.4,9.4,,,74.0,208.0,24.5039375,3.0,LSU,2012.0,2012.0,NYG,63,,0.16666667
2015,7,00-0029262,R.Randle,WR,NYG,DAL,0,0,0.0,0,0.0,0.0,0.0,0,0.0,0,5,2,68.0,0,6.8,8.8,,,74.0,208.0,24.5039375,3.0,LSU,2012.0,2012.0,NYG,63,7.0,0.20833333
2015,8,00-0029262,R.Randle,WR,NYG,NO,0,0,0.0,0,0.0,0.0,0.0,0,0.0,0,9,5,55.0,0,5.5,10.5,,,74.0,208.0,24.5039375,3.0,LSU,2012.0,2012.0,NYG,63,,0.2195122
2015,9,00-0029262,R.Randle,WR,NYG,TB,0,0,0.0,0,0.0,0.0,0.0,0,0.0,0,5,5,40.0,1,10.0,15.0,,,74.0,208.0,24.5039375,3.0,LSU,2012.0,2012.0,NYG,63,,0.125
2015,10,00-0029262,R.Randle,WR,NYG,NE,0,0,0.0,0,0.0,0.0,0.0,0,0.0,0,4,3,51.0,0,5.1,8.1,,,74.0,208.0,24.5039375,3.0,LSU,2012.0,2012.0,NYG,63,-1.0,0.09090909
2015,12,00-0029262,R.Randle,WR,NYG,WAS,0,0,0.0,0,0.0,0.0,0.0,0,0.0,0,6,1,40.0,1,10.0,11.0,,,74.0,208.0,24.5039375,3.0,LSU,2012.0,2012.0,NYG,63,,0.11764706
2015,13,00-0029262,R.Randle,WR,NYG,NYJ,0,0,0.0,0,0.0,0.0,0.0,0,0.0,0,6,2,22.0,0,2.2,4.2,,,74.0,208.0,24.5039375,3.0,LSU,2012.0,2012.0,NYG,63,-3.0,0.1764706
2015,14,00-0029262,R.Randle,WR,NYG,MIA,0,0,0.0,0,0.0,0.0,0.0,0,0.0,0,6,5,58.0,1,11.8,16.8,,,74.0,208.0,24.5039375,3.0,LSU,2012.0,2012.0,NYG,63,,0.19354838
2015,15,00-0029262,R.Randle,WR,NYG,CAR,0,0,0.0,0,0.0,0.0,0.0,0,0.0,0,5,4,47.0,1,10.7,14.7,,,74.0,208.0,24.5039375,3.0,LSU,2012.0,2012.0,NYG,63,-3.0,0.11111111
2015,16,00-0029262,R.Randle,WR,NYG,MIN,0,0,0.0,0,0.0,0.0,0.0,0,0.0,0,5,2,80.0,1,14.0,16.0,,,74.0,208.0,24.5039375,3.0,LSU,2012.0,2012.0,NYG,63,,0.14705883
2015,17,00-0029262,R.Randle,WR,NYG,PHI,0,0,0.0,0,0.0,0.0,0.0,0,0.0,0,7,4,79.0,1,13.9,17.9,,,74.0,208.0,24.5039375,3.0,LSU,2012.0,2012.0,NYG,63,-5.0,0.16666667
2015,1,00-0029263,R.Wilson,QB,SEA,LA,32,41,251.0,1,1.0,6.0,32.0,8,31.0,0,0,0,0.0,0,15.14,15.14,,,71.0,206.0,26.960333333333335,3.0,Wisconsin,2012.0,2012.0,SEA,75,,
2015,2,00-0029263,R.Wilson,QB,SEA,GB,19,30,206.0,2,1.0,2.0,1.0,10,78.0,0,0,0,0.0,0,22.04,22.04,,,71.0,206.0,26.960333333333335,3.0,Wisconsin,2012.0,2012.0,SEA,75,,
2015,3,00-0029263,R.Wilson,QB,SEA,CHI,20,30,235.0,1,0.0,4.0,23.0,6,28.0,0,0,0,0.0,0,16.2,16.2,,,71.0,206.0,26.960333333333335,3.0,Wisconsin,2012.0,2012.0,SEA,75,26.0,
2015,4,00-0029263,R.Wilson,QB,SEA,DET,20,26,287.0,1,0.0,6.0,52.0,10,40.0,0,0,0,0.0,0,15.48,15.48,,,71.0,206.0,26.960333333333335,3.0,Wisconsin,2012.0,2012.0,SEA,75,3.0,
2015,5,00-0029263,R.Wilson,QB,SEA,CIN,15,23,213.0,1,1.0,4.0,16.0,3,21.0,0,0,0,0.0,0,12.62,12.62,,,71.0,206.0,26.960333333333335,3.0,Wisconsin,2012.0,2012.0,SEA,75,,
2015,6,00-0029263,R.Wilson,QB,SEA,CAR,18,30,241.0,1,0.0,4.0,22.0,8,53.0,0,0,0,0.0,0,18.94,18.94,,,71.0,206.0,26.960333333333335,3.0,Wisconsin,2012.0,2012.0,SEA,75,-4.0,
2015,7,00-0029263,R.Wilson,QB,SEA,SF,18,24,235.0,1,2.0,5.0,23.0,7,20.0,0,0,0,0.0,0,11.4,11.4,,,71.0,206.0,26.960333333333335,3.0,Wisconsin,2012.0,2012.0,SEA,75,,
2015,8,00-0029263,R.Wilson,QB,SEA,DAL,19,30,210.0,1,1.0,0.0,-0.0,6,32.0,0,0,0,0.0,0,13.6,13.6,,,71.0,206.0,26.960333333333335,3.0,Wisconsin,2012.0,2012.0,SEA,75,,
2015,10,00-0029263,R.Wilson,QB,SEA,ARI,14,32,240.0,1,1.0,2.0,12.0,6,52.0,0,0,0,0.0,0,16.8,16.8,,,71.0,206.0,26.960333333333335,3.0,Wisconsin,2012.0,2012.0,SEA,75,-7.0,
2015,11,00-0029263,R.Wilson,QB,SEA,SF,24,29,260.0,3,0.0,2.0,7.0,9,30.0,0,0,0,0.0,0,25.4,25.4,,,71.0,206.0,26.960333333333335,3.0,Wisconsin,2012.0,2012.0,SEA,75,16.0,
2015,12,00-0029263,R.Wilson,QB,SEA,PIT,21,30,345.0,5,0.0,2.0,9.0,4,14.0,0,0,0,0.0,0,35.2,35.2,,,71.0,206.0,26.960333333333335,3.0,Wisconsin,2012.0,2012.0,SEA,75,9.0,
2015,13,00-0029263,R.Wilson,QB,SEA,MIN,21,27,274.0,3,0.0,1.0,8.0,9,51.0,1,0,0,0.0,0,34.06,34.06,,,71.0,206.0,26.960333333333335,3.0,Wisconsin,2012.0,2012.0,SEA,75,,
2015,14,00-0029263,R.Wilson,QB,SEA,BAL,23,32,292.0,5,0.0,0.0,-0.0,1,6.0,0,0,0,0.0,0,32.28,32.28,,,71.0,206.0,26.960333333333335,3.0,Wisconsin,2012.0,2012.0,SEA,75,,
2015,15,00-0029263,R.Wilson,QB,SEA,CLE,21,30,249.0,3,0.0,2.0,8.0,5,46.0,0,0,0,0.0,0,26.56,26.56,,,71.0,206.0,26.960333333333335,3.0,Wisconsin,2012.0,2012.0,SEA,75,17.0,
2015,16,00-0029263,R.Wilson,QB,SEA,LA,25,41,289.0,2,1.0,4.0,36.0,6,38.0,0,0,0,0.0,0,19.36,19.36,,,71.0,206.0,26.960333333333335,3.0,Wisconsin,2012.0,2012.0,SEA,75,-6.0,
2015,17,00-0029263,R.Wilson,QB,SEA,ARI,19,28,197.0,3,0.0,1.0,16.0,5,13.0,0,0,0,0.0,0,21.18,21.18,,,71.0,206.0,26.960333333333335,3.0,Wisconsin,2012.0,2012.0,SEA,75,,
2015,18,00-0029263,R.Wilson,QB,SEA,MIN,13,26,142.0,1,1.0,2.0,13.0,5,21.0,0,0,0,0.0,0,9.78,9.78,,,71.0,206.0,26.960333333333335,3.0,Wisconsin,2012.0,2012.0,SEA,75,,
2015,19,00-0029263,R.Wilson,QB,SEA,CAR,31,48,366.0,3,2.0,5.0,41.0,3,32.0,0,0,0,0.0,0,25.84,25.84,,,71.0,206.0,26.960333333333335,3.0,Wisconsin,2012.0,2012.0,SEA,75,,
2015,1,00-0029264,B.Pierce,RB,JAX,CAR,0,0,0.0,0,0.0,0.0,0.0,0,0.0,0,2,1,4.0,0,0.4,1.4,,,72.0,222.0,24.457583333333332,3.0,Temple,2012.0,2012.0,BLT,84,-11.0,0.051282052
2015,2,00-0029264,B.Pierce,RB,JAX,MIA,0,0,0.0,0,0.0,0.0,0.0,3,4.0,0,0,0,0.0,0,0.4,0.4,,,72.0,222.0,24.457583333333332,3.0,Temple,2012.0,2012.0,BLT,84,3.0,
2015,3,00-0029264,B.Pierce,RB,JAX,NE,0,0,0.0,0,0.0,0.0,0.0,1,1.0,0,3,2,3.0,0,0.4,2.4,,,72.0,222.0,24.457583333333332,3.0,Temple,2012.0,2012.0,BLT,84,,0.09090909
2015,5,00-0029264,B.Pierce,RB,JAX,TB,0,0,0.0,0,0.0,0.0,0.0,2,6.0,0,0,0,0.0,0,0.6,0.6,,,72.0,222.0,24.457583333333332,3.0,Temple,2012.0,2012.0,BLT,84,,
2015,1,00-0029269,T.Benjamin,WR,CLE,NYJ,0,0,0.0,0,0.0,0.0,0.0,0,0.0,0,3,3,89.0,1,14.9,17.9,,,70.0,175.0,,3.0,Miami,2012.0,2012.0,CLV,100,,0.09375
2015,2,00-0029269,T.Benjamin,WR,CLE,TEN,0,0,0.0,0,0.0,0.0,0.0,0,0.0,0,4,3,115.0,2,29.5,32.5,,,70.0,175.0,,3.0,Miami,2012.0,2012.0,CLV,100,14.0,0.26666668
2015,3,00-0029269,T.Benjamin,WR,CLE,LV,0,0,0.0,0,0.0,0.0,0.0,0,0.0,0,10,4,45.0,1,10.5,14.5,,,70.0,175.0,,3.0,Miami,2012.0,2012.0,CLV,100,-7.0,0.20408164
2015,4,00-0029269,T.Benjamin,WR,CLE,LAC,0,0,0.0,0,0.0,0.0,0.0,0,0.0,0,10,6,79.0,0,7.9,13.9,,,70.0,175.0,,3.0,Miami,2012.0,2012.0,CLV,100,,0.25
2015,5,00-0029269,T.Benjamin,WR,CLE,BAL,0,0,0.0,0,0.0,0.0,0.0,0,0.0,0,12,6,83.0,0,8.3,14.3,,,70.0,175.0,,3.0,Miami,2012.0,2012.0,CLV,100,,0.23529412
2015,6,00-0029269,T.Benjamin,WR,CLE,DEN,0,0,0.0,0,0.0,0.0,0.0,0,0.0,0,13,9,117.0,0,11.7,20.7,,,70.0,175.0,,3.0,Miami,2012.0,2012.0,CLV,100,-3.0,0.33333334
2015,7,00-0029269,T.Benjamin,WR,CLE,LA,0,0,0.0,0,0.0,0.0,0.0,0,0.0,0,8,4,47.0,0,2.7,6.7,,,70.0,175.0,,3.0,Miami,2012.0,2012.0,CLV,100,,0.22222222
2015,8,00-0029269,T.Benjamin,WR,CLE,ARI,0,0,0.0,0,0.0,0.0,0.0,0,0.0,0,5,3,26.0,0,2.6,5.6,,,70.0,175.0,,3.0,Miami,2012.0,2012.0,CLV,100,-14.0,0.125
2015,9,00-0029269,T.Benjamin,WR,CLE,CIN,0,0,0.0,0,0.0,0.0,0.0,0,0.0,0,6,3,22.0,0,2.2,5.2,,,70.0,175.0,,3.0,Miami,2012.0,2012.0,CLV,100,,0.18181819
2015,10,00-0029269,T.Benjamin,WR,CLE,PIT,0,0,0.0,0,0.0,0.0,0.0,1,-7.0,0,11,7,113.0,0,10.6,17.6,,,70.0,175.0,,3.0,Miami,2012.0,2012.0,CLV,100,,0.24444444
2015,12,00-0029269,T.Benjamin,WR,CLE,BAL,0,0,0.0,0,0.0,0.0,0.0,1,10.0,0,13,6,90.0,1,16.0,22.0,,,70.0,175.0,,3.0,Miami,2012.0,2012.0,CLV,100,-6.0,0.27083334
2015,13,00-0029269,T.Benjamin,WR,CLE,CIN,0,0,0.0,0,0.0,0.0,0.0,0,0.0,0,2,0,0.0,0,0.0,0.0,,,70.0,175.0,,3.0,Miami,2012.0,2012.0,CLV,100,-34.0,0.055555556
2015,14,00-0029269,T.Benjamin,WR,CLE,SF,0,0,0.0,0,0.0,0.0,0.0,0,0.0,0,7,4,41.0,0,4.1,8.1,,,70.0,175.0,,3.0,Miami,2012.0,2012.0,CLV,100,14.0,0.22580644
2015,15,00-0029269,T.Benjamin,WR,CLE,SEA,0,0,0.0,0,0.0,0.0,0.0,1,9.0,0,5,3,26.0,0,3.5,6.5,,,70.0,175.0,,3.0,Miami,2012.0,2012.0,CLV,100,,0.16129032
2015,16,00-0029269,T.Benjamin,WR,CLE,KC,0,0,0.0,0,0.0,0.0,0.0,0,0.0,0,5,2,20.0,0,2.0,4.0,,,70.0,175.0,,3.0,Miami,2012.0,2012.0,CLV,100,,0.1724138
2015,17,00-0029269,T.Benjamin,WR,CLE,PIT,0,0,0.0,0,0.0,0.0,0.0,1,0.0,0,11,5,53.0,0,5.3,10.3,,,70.0,175.0,,3.0,Miami,2012.0,2012.0,CLV,100,-16.0,0.23913044
2015,6,00-0029273,R.Turbin,RB,CLE,DEN,0,0,0.0,0,0.0,0.0,0.0,10,27.0,0,1,0,0.0,0,2.7,2.7,,,70.0,222.0,26.027428571428572,3.0,Utah State,2012.0,2012.0,SEA,106,-3.0,0.025641026
2015,7,00-0029273,R.Turbin,RB,CLE,LA,0,0,0.0,0,0.0,0.0,0.0,5,30.0,0,2,2,8.0,0,3.8,5.8,,,70.0,222.0,26.027428571428572,3.0,Utah State,2012.0,2012.0,SEA,106,,0.055555556
2015,8,00-0029273,R.Turbin,RB,CLE,ARI,0,0,0.0,0,0.0,0.0,0.0,3,3.0,0,0,0,0.0,0,0.3,0.3,,,70.0,222.0,26.027428571428572,3.0,Utah State,2012.0,2012.0,SEA,106,-14.0,
2015,11,00-0029273,R.Turbin,RB,DAL,MIA,0,0,0.0,0,0.0,0.0,0.0,7,35.0,0,2,1,3.0,0,3.8,4.8,,,70.0,222.0,26.027428571428572,3.0,Utah State,2012.0,2012.0,SEA,106,,0.071428575
2015,12,00-0029273,R.Turbin,RB,DAL,CAR,0,0,0.0,0,0.0,0.0,0.0,2,11.0,0,1,1,1.0,0,1.2,2.2,,,70.0,222.0,26.027428571428572,3.0,Utah State,2012.0,2012.0,SEA,106,-19.0,0.02631579
2015,13,00-0029273,R.Turbin,RB,DAL,WAS,0,0,0.0,0,0.0,0.0,0.0,6,12.0,0,2,2,12.0,0,2.4,4.4,,,70.0,222.0,26.027428571428572,3.0,Utah State,2012.0,2012.0,SEA,106,,0.071428575
2015,14,00-0029273,R.Turbin,RB,DAL,GB,0,0,0.0,0,0.0,0.0,0.0,7,51.0,1,0,0,0.0,0,11.1,11.1,,,70.0,222.0,26.027428571428572,3.0,Utah State,2012.0,2012.0,SEA,106,,
2015,15,00-0029273,R.Turbin,RB,DAL,NYJ,0,0,0.0,0,0.0,0.0,0.0,3,1.0,0,0,0,0.0,0,0.1,0.1,,,70.0,222.0,26.027428571428572,3.0,Utah State,2012.0,2012.0,SEA,106,-3.0,
2015,16,00-0029273,R.Turbin,RB,DAL,BUF,0,0,0.0,0,0.0,0.0,0.0,5,23.0,0,1,0,0.0,0,2.3,2.3,,,70.0,222.0,26.027428571428572,3.0,Utah State,2012.0,2012.0,SEA,106,,0.033333335
2015,17,00-0029273,R.Turbin,RB,DAL,WAS,0,0,0.0,0,0.0,0.0,0.0,2,6.0,0,1,1,-1.0,0,0.5,1.5,,,70.0,222.0,26.027428571428572,3.0,Utah State,2012.0,2012.0,SEA,106,-11.0,0.020833334
2015,1,00-0029275,,TE,LAC,DET,0,0,0.0,0,0.0,0.0,0.0,0,0.0,0,6,5,74.0,1,13.4,18.4,,,78.0,240.0,25.433866666666667,3.0,Louisiana-Lafayette,2012.0,2012.0,SD,110,,0.14634146
2015,2,00-0029275,,TE,LAC,CIN,0,0,0.0,0,0.0,0.0,0.0,0,0.0,0,6,5,47.0,0,4.7,9.7,,,78.0,240.0,25.433866666666667,3.0,Louisiana-Lafayette,2012.0,2012.0,SD,110,,0.22222222
2015,4,00-0029275,,TE,LAC,CLE,0,0,0.0,0,0.0,0.0,0.0,0,0.0,0,6,4,53.0,1,11.3,15.3,,,78.0,240.0,25.433866666666667,3.0,Louisiana-Lafayette,2012.0,2012.0,SD,110,,0.16216215
2015,5,00-0029275,,TE,LAC,PIT,0,0,0.0,0,0.0,0.0,0.0,0,0.0,0,5,5,50.0,0,5.0,10.0,,,78.0,240.0,25.433866666666667,3.0,Louisiana-Lafayette,2012.0,2012.0,SD,110,,0.104166664
2015,6,00-0029275,,TE,LAC,GB,0,0,0.0,0,0.0,0.0,0.0,0,0.0,0,4,3,35.0,1,9.5,12.5,,,78.0,240.0,25.433866666666667,3.0,Louisiana-Lafayette,2012.0,2012.0,SD,110,,0.06153846
2015,7,00-0029275,,TE,LAC,LV,0,0,0.0,0,0.0,0.0,0.0,0,0.0,0,9,4,45.0,1,14.5,18.5,,,78.0,240.0,25.433866666666667,3.0,Louisiana-Lafayette,2012.0,2012.0,SD,110,,0.16363636
2015,8,00-0029275,,TE,LAC,BAL,0,0,0.0,0,0.0,0.0,0.0,0,0.0,0,1,1,10.0,0,1.0,2.0,,,78.0,240.0,25.433866666666667,3.0,Louisiana-Lafayette,2012.0,2012.0,SD,110,,0.027777778
2015,11,00-0029275,,TE,LAC,KC,0,0,0.0,0,0.0,0.0,0.0,0,0.0,0,3,1,9.0,0,0.9,1.9,,,78.0,240.0,25.433866666666667,3.0,Louisiana-Lafayette,2012.0,2012.0,SD,110,,0.1
2015,12,00-0029275,,TE,LAC,JAX,0,0,0.0,0,0.0,0.0,0.0,0,0.0,0,1,1,19.0,0,1.9,2.9,,,78.0,240.0,25.433866666666667,3.0,Louisiana-Lafayette,2012.0,2012.0,SD,110,,0.023255814
2015,13,00-0029275,,TE,LAC,DEN,0,0,0.0,0,0.0,0.0,0.0,0,0.0,0,6,2,21.0,0,2.1,4.1,,,78.0,240.0,25.433866666666667,3.0,Louisiana-Lafayette,2012.0,2012.0,SD,110,,0.18181819
2015,14,00-0029275,,TE,LAC,KC,0,0,0.0,0,0.0,0.0,0.0,0,0.0,0,6,2,26.0,0,2.6,4.6,,,78.0,240.0,25.433866666666667,3.0,Louisiana-Lafayette,2012.0,2012.0,SD,110,,0.14285715
2015,15,00-0029275,,TE,LAC,MIA,0,0,0.0,0,0.0,0.0,0.0,0,0.0,0,3,2,13.0,0,1.3,3.3,,,78.0,240.0,25.433866666666667,3.0,Louisiana-Lafayette,2012.0,2012.0,SD,110,,0.083333336
2015,16,00-0029275,,TE,LAC,LV,0,0,0.0,0,0.0,0.0,0.0,0,0.0,0,7,2,27.0,0,2.7,4.7,,,78.0,240.0,25.433866666666667,3.0,Louisiana-Lafayette,2012.0,2012.0,SD,110,,0.14285715
2015,1,00-0029293,M.Jones,WR,CIN,LV,0,0,0.0,0,0.0,0.0,0.0,0,0.0,0,3,2,19.0,0,1.9,3.9,,,74.0,198.0,25.671176470588236,3.0,California,2012.0,2012.0,CIN,166,,0.0882353
2015,2,00-0029293,M.Jones,WR,CIN,LAC,0,0,0.0,0,0.0,0.0,0.0,1,3.0,0,5,2,48.0,1,11.1,13.1,,,74.0,198.0,25.671176470588236,3.0,California,2012.0,2012.0,CIN,166,5.0,0.20833333
2015,3,00-0029293,M.Jones,WR,CIN,BAL,0,0,0.0,0,0.0,0.0,0.0,0,0.0,0,8,5,94.0,1,15.4,20.4,,,74.0,198.0,25.671176470588236,3.0,California,2012.0,2012.0,CIN,166,,0.25
2015,4,00-0029293,M.Jones,WR,CIN,KC,0,0,0.0,0,0.0,0.0,0.0,1,6.0,0,2,1,4.0,0,1.0,2.0,,,74.0,198.0,25.671176470588236,3.0,California,2012.0,2012.0,CIN,166,15.0,0.083333336
2015,5,00-0029293,M.Jones,WR,CIN,SEA,0,0,0.0,0,0.0,0.0,0.0,0,0.0,0,8,5,61.0,0,6.1,11.1,,,74.0,198.0,25.671176470588236,3.0,California,2012.0,2012.0,CIN,166,3.0,0.18604651
2015,6,00-0029293,M.Jones,WR,CIN,BUF,0,0,0.0,0,0.0,0.0,0.0,0,0.0,0,12,9,95.0,1,15.5,24.5,,,74.0,198.0,25.671176470588236,3.0,California,2012.0,2012.0,CIN,166,,0.36363637
2015,8,00-0029293,M.Jones,WR,CIN,PIT,0,0,0.0,0,0.0,0.0,0.0,1,2.0,0,5,2,12.0,0,1.4,3.4,,,74.0,198.0,25.671176470588236,3.0,California,2012.0,2012.0,CIN,166,,0.13157895
2015,9,00-0029293,M.Jones,WR,CIN,CLE,0,0,0.0,0,0.0,0.0,0.0,0,0.0,0,6,5,78.0,0,7.8,12.8,,,74.0,198.0,25.671176470588236,3.0,California,2012.0,2012.0,CIN,166,21.0,0.24
2015,10,00-0029293,M.Jones,WR,CIN,HOU,0,0,0.0,0,0.0,0.0,0.0,1,-8.0,0,9,4,44.0,0,3.6,7.6,,,74.0,198.0,25.671176470588236,3.0,California,2012.0,2012.0,CIN,166,-4.0,0.23684211
2015,11,00-0029293,M.Jones,WR,CIN,ARI,0,0,0.0,0,0.0,0.0,0.0,0,0.0,0,9,4,60.0,0,6.0,10.0,,,74.0,198.0,25.671176470588236,3.0,California,2012.0,2012.0,CIN,166,,0.23076923
2015,12,00-0029293,M.Jones,WR,CIN,LA,0,0,0.0,0,0.0,0.0,0.0,1,30.0,0,5,3,25.0,0,5.5,8.5,,,74.0,198.0,25.671176470588236,3.0,California,2012.0,2012.0,CIN,166,24.0,0.17857143
2015,13,00-0029293,M.Jones,WR,CIN,CLE,0,0,0.0,0,0.0,0.0,0.0,0,0.0,0,5,5,55.0,1,11.5,16.5,,,74.0,198.0,25.671176470588236,3.0,California,2012.0,2012.0,CIN,166,,0.22727273
2015,14,00-0029293,M.Jones,WR,CIN,PIT,0,0,0.0,0,0.0,0.0,0.0,0,0.0,0,8,6,61.0,0,6.1,12.1,,,74.0,198.0,25.671176470588236,3.0,California,2012.0,2012.0,CIN,166,-13.0,0.22222222
2015,15,00-0029293,M.Jones,WR,CIN,SF,0,0,0.0,0,0.0,0.0,0.0,0,0.0,0,6,4,89.0,0,8.9,12.9,,,74.0,198.0,25.671176470588236,3.0,California,2012.0,2012.0,CIN,166,,0.2857143
2015,16,00-0029293,M.Jones,WR,CIN,DEN,0,0,0.0,0,0.0,0.0,0.0,0,0.0,0,7,3,33.0,0,3.3,6.3,,,74.0,198.0,25.671176470588236,3.0,California,2012.0,2012.0,CIN,166,,0.20588236
2015,17,00-0029293,M.Jones,WR,CIN,BAL,0,0,0.0,0,0.0,0.0,0.0,0,0.0,0,5,5,38.0,0,3.8,8.8,,,74.0,198.0,25.671176470588236,3.0,California,2012.0,2012.0,CIN,166,8.0,0.20833333
2015,18,00-0029293,M.Jones,WR,CIN,PIT,0,0,0.0,0,0.0,0.0,0.0,0,0.0,0,7,4,32.0,0,3.2,7.2,,,74.0,198.0,25.671176470588236,3.0,California,2012.0,2012.0,CIN,166,-2.0,0.17948718
2015,11,00-0029304,B.Nortman,P,CAR,WAS,0,0,0.0,0,0.0,0.0,0.0,1,-1.0,0,0,0,0.0,0,-0.1,-0.1,,,74.0,215.0,26.19278947368421,3.0,Wisconsin,2012.0,2012.0,CAR,207,28.0,
2015,2,00-0029319,J.Bellamy,WR,CHI,ARI,0,0,0.0,0,0.0,0.0,0.0,0,0.0,0,2,1,48.0,1,10.8,11.8,,,72.0,208.0,26.4770625,3.0,Louisville,2012.0,2012.0,,,-25.0,0.0625
2015,3,00-0029319,J.Bellamy,WR,CHI,SEA,0,0,0.0,0,0.0,0.0,0.0,0,0.0,0,2,0,0.0,0,0.0,0.0,,,72.0,208.0,26.4770625,3.0,Louisville,2012.0,2012.0,,,,0.11764706
2015,4,00-0029319,J.Bellamy,WR,CHI,LV,0,0,0.0,0,0.0,0.0,0.0,0,0.0,0,3,0,0.0,0,0.0,0.0,,,72.0,208.0,26.4770625,3.0,Louisville,2012.0,2012.0,,,2.0,0.069767445
2015,5,00-0029319,J.Bellamy,WR,CHI,KC,0,0,0.0,0,0.0,0.0,0.0,0,0.0,0,8,6,31.0,0,3.1,9.1,,,72.0,208.0,26.4770625,3.0,Louisville,2012.0,2012.0,,,,0.17777778
2015,9,00-0029319,J.Bellamy,WR,CHI,LAC,0,0,0.0,0,0.0,0.0,0.0,0,0.0,0,1,1,6.0,0,0.6,1.6,,,72.0,208.0,26.4770625,3.0,Louisville,2012.0,2012.0,,,,0.02631579
2015,11,00-0029319,J.Bellamy,WR,CHI,DEN,0,0,0.0,0,0.0,0.0,0.0,0,0.0,0,5,4,57.0,0,5.7,9.7,,,72.0,208.0,26.4770625,3.0,Louisville,2012.0,2012.0,,,-2.0,0.15625
2015,13,00-0029319,J.Bellamy,WR,CHI,SF,0,0,0.0,0,0.0,0.0,0.0,0,0.0,0,4,1,16.0,0,1.6,2.6,,,72.0,208.0,26.4770625,3.0,Louisville,2012.0,2012.0,,,-6.0,0.12903225
2015,15,00-0029319,J.Bellamy,WR,CHI,MIN,0,0,0.0,0,0.0,0.0,0.0,0,0.0,0,2,1,7.0,0,0.7,1.7,,,72.0,208.0,26.4770625,3.0,Louisville,2012.0,2012.0,,,,0.055555556
2015,16,00-0029319,J.Bellamy,WR,CHI,TB,0,0,0.0,0,0.0,0.0,0.0,0,0.0,0,3,2,10.0,0,1.0,3.0,,,72.0,208.0,26.4770625,3.0,Louisville,2012.0,2012.0,,,,0.11111111
2015,17,00-0029319,J.Bellamy,WR,CHI,DET,0,0,0.0,0,0.0,0.0,0.0,0,0.0,0,4,3,49.0,1,10.9,13.9,,,72.0,208.0,26.4770625,3.0,Louisville,2012.0,2012.0,,,-4.0,0.17391305
2015,17,00-0029336,B.Golden,WR,ARI,SEA,0,0,0.0,0,0.0,0.0,0.0,0,0.0,0,1,1,5.0,0,0.5,1.5,,,71.0,186.0,,3.0,West Texas A&M,2012.0,2012.0,,,-30.0,0.023255814
2015,1,00-0029384,B.Rainey,RB,TB,TEN,0,0,0.0,0,0.0,0.0,0.0,3,10.0,0,1,1,4.0,0,1.4,2.4,,,68.0,212.0,28.0660625,3.0,Western Kentucky,2012.0,2012.0,,,-28.0,0.030303031
2015,2,00-0029384,B.Rainey,RB,TB,NO,0,0,0.0,0,0.0,0.0,0.0,0,0.0,0,1,1,8.0,0,0.8,1.8,,,68.0,212.0,28.0660625,3.0,Western Kentucky,2012.0,2012.0,,,,0.04761905
2015,7,00-0029384,B.Rainey,RB,TB,WAS,0,0,0.0,0,0.0,0.0,0.0,0,0.0,0,1,1,4.0,0,0.4,1.4,,,68.0,212.0,28.0660625,3.0,Western Kentucky,2012.0,2012.0,,,,0.03448276
2015,9,00-0029384,B.Rainey,RB,TB,NYG,0,0,0.0,0,0.0,0.0,0.0,1,3.0,0,0,0,0.0,0,0.3,0.3,,,68.0,212.0,28.0660625,3.0,Western Kentucky,2012.0,2012.0,,,-14.0,
2015,11,00-0029384,B.Rainey,RB,TB,PHI,0,0,0.0,0,0.0,0.0,0.0,1,5.0,0,0,0,0.0,0,0.5,0.5,,,68.0,212.0,28.0660625,3.0,Western Kentucky,2012.0,2012.0,,,,
2015,14,00-0029388,D.Thompson,WR,CHI,WAS,0,0,0.0,0,0.0,0.0,0.0,0,0.0,0,1,1,36.0,0,3.6,4.6,,,72.0,203.0,26.814875,3.0,Florida,2012.0,2012.0,,,-3.0,0.032258064
2015,17,00-0029388,D.Thompson,WR,CHI,DET,0,0,0.0,0,0.0,0.0,0.0,0,0.0,0,2,1,45.0,0,4.5,5.5,,,72.0,203.0,26.814875,3.0,Florida,2012.0,2012.0,,,-4.0,0.08695652
2015,3,00-0029394,B.Bersin,WR,CAR,NO,0,0,0.0,0,0.0,0.0,0.0,0,0.0,0,2,1,13.0,0,1.3,2.3,,,75.0,210.0,25.559764705882355,3.0,Wofford,2012.0,2012.0,,,5.0,0.06451613
2015,4,00-0029394,B.Bersin,WR,CAR,TB,0,0,0.0,0,0.0,0.0,0.0,0,0.0,0,4,4,54.0,0,5.4,9.4,,,75.0,210.0,25.559764705882355,3.0,Wofford,2012.0,2012.0,,,,0.18181819
2015,11,00-0029394,B.Bersin,WR,CAR,WAS,0,0,0.0,0,0.0,0.0,0.0,0,0.0,0,1,1,15.0,0,1.5,2.5,,,75.0,210.0,25.559764705882355,3.0,Wofford,2012.0,2012.0,,,28.0,0.029411765
2015,12,00-0029394,B.Bersin,WR,CAR,DAL,0,0,0.0,0,0.0,0.0,0.0,0,0.0,0,2,1,12.0,0,1.2,2.2,,,75.0,210.0,25.559764705882355,3.0,Wofford,2012.0,2012.0,,,,0.074074075
2015,17,00-0029394,B.Bersin,WR,CAR,TB,0,0,0.0,0,0.0,0.0,0.0,0,0.0,0,2,2,25.0,0,0.5,2.5,,,75.0,210.0,25.559764705882355,3.0,Wofford,2012.0,2012.0,,,28.0,0.07692308
2015,12,00-0029407,,SS,BAL,BAL,0,0,0.0,0,0.0,0.0,0.0,0,0.0,0,0,0,0.0,0,6.0,6.0,,,73.0,228.0,,3.0,Florida,2012.0,2012.0,,,,
2015,3,00-0029415,K.Martin,WR,NE,JAX,0,0,0.0,0,0.0,0.0,0.0,0,0.0,0,3,3,33.0,1,9.3,12.3,,,71.0,194.0,25.688823529411764,3.0,Michigan State,2012.0,2012.0,HST,121,34.0,0.07317073
2015,5,00-0029415,K.Martin,WR,NE,DAL,0,0,0.0,0,0.0,0.0,0.0,0,0.0,0,2,2,23.0,0,2.3,4.3,,,71.0,194.0,25.688823529411764,3.0,Michigan State,2012.0,2012.0,HST,121,,0.074074075
2015,6,00-0029415,K.Martin,WR,NE,IND,0,0,0.0,0,0.0,0.0,0.0,0,0.0,0,2,1,39.0,0,3.9,4.9,,,71.0,194.0,25.688823529411764,3.0,Michigan State,2012.0,2012.0,HST,121,,0.054054055
2015,12,00-0029415,K.Martin,WR,NE,DEN,0,0,0.0,0,0.0,0.0,0.0,0,0.0,0,1,1,8.0,0,0.8,1.8,,,71.0,194.0,25.688823529411764,3.0,Michigan State,2012.0,2012.0,HST,121,,0.023809524
2015,13,00-0029415,K.Martin,WR,NE,PHI,0,0,0.0,0,0.0,0.0,0.0,0,0.0,0,8,3,45.0,0,4.5,7.5,,,71.0,194.0,25.688823529411764,3.0,Michigan State,2012.0,2012.0,HST,121,-7.0,0.14285715
2015,14,00-0029415,K.Martin,WR,NE,HOU,0,0,0.0,0,0.0,0.0,0.0,0,0.0,0,4,3,23.0,1,8.3,11.3,,,71.0,194.0,25.688823529411764,3.0,Michigan State,2012.0,2012.0,HST,121,,0.13333334
2015,15,00-0029415,K.Martin,WR,NE,TEN,0,0,0.0,0,0.0,0.0,0.0,0,0.0,0,4,3,26.0,0,2.6,5.6,,,71.0,194.0,25.688823529411764,3.0,Michigan State,2012.0,2012.0,HST,121,17.0,0.11764706
2015,16,00-0029415,K.Martin,WR,NE,NYJ,0,0,0.0,0,0.0,0.0,0.0,1,6.0,0,11,7,68.0,0,7.4,14.4,,,71.0,194.0,25.688823529411764,3.0,Michigan State,2012.0,2012.0,HST,121,,0.3548387
2015,17,00-0029415,K.Martin,WR,NE,MIA,0,0,0.0,0,0.0,0.0,0.0,0,0.0,0,2,1,4.0,0,0.4,1.4,,,71.0,194.0,25.688823529411764,3.0,Michigan State,2012.0,2012.0,HST,121,,0.08
2015,19,00-0029415,K.Martin,WR,NE,KC,0,0,0.0,0,0.0,0.0,0.0,0,0.0,0,4,2,57.0,0,5.7,7.7,,,71.0,194.0,25.688823529411764,3.0,Michigan State,2012.0,2012.0,HST,121,7.0,0.09756097
2015,20,00-0029415,K.Martin,WR,NE,DEN,0,0,0.0,0,0.0,0.0,0.0,0,0.0,0,1,0,0.0,0,0.0,0.0,,,71.0,194.0,25.688823529411764,3.0,Michigan State,2012.0,2012.0,HST,121,,0.017857144
2015,13,00-0029418,N.Goode,OLB,PHI,PHI,0,0,0.0,0,0.0,0.0,0.0,0,0.0,0,0,0,0.0,0,6.0,6.0,,,72.0,244.0,26.449785714285717,3.0,West Virginia,2012.0,2012.0,TB,140,,
2015,15,00-0029429,,RB,SEA,CLE,0,0,0.0,0,0.0,0.0,0.0,9,43.0,0,1,0,0.0,0,4.3,4.3,,,72.0,220.0,24.564,3.0,Kansas State,2012.0,2012.0,PHI,229,17.0,0.03448276
2015,16,00-0029429,,RB,SEA,LA,0,0,0.0,0,0.0,0.0,0.0,7,9.0,0,1,0,0.0,0,0.9,0.9,,,72.0,220.0,24.564,3.0,Kansas State,2012.0,2012.0,PHI,229,-6.0,0.025
2015,17,00-0029429,,RB,SEA,ARI,0,0,0.0,0,0.0,0.0,0.0,9,20.0,1,0,0,0.0,0,8.0,8.0,,,72.0,220.0,24.564,3.0,Kansas State,2012.0,2012.0,PHI,229,,
2015,13,00-0029435,,WR,NE,PHI,0,0,0.0,0,0.0,0.0,0.0,1,6.0,0,0,0,0.0,0,0.6,0.6,,,68.0,175.0,26.075200000000002,3.0,Tulsa,2012.0,2012.0,,,-7.0,
2015,1,00-0029438,,RB,HOU,KC,0,0,0.0,0,0.0,0.0,0.0,5,22.0,0,1,1,9.0,0,3.1,4.1,,,71.0,222.0,,3.0,Washington,2012.0,2012.0,,,-7.0,0.02173913
2015,2,00-0029438,,RB,HOU,CAR,0,0,0.0,0,0.0,0.0,0.0,14,38.0,0,8,2,9.0,0,4.7,6.7,,,71.0,222.0,,3.0,Washington,2012.0,2012.0,,,,0.14035088
2015,3,00-0029438,,RB,HOU,TB,0,0,0.0,0,0.0,0.0,0.0,5,5.0,0,0,0,0.0,0,0.5,0.5,,,71.0,222.0,,3.0,Washington,2012.0,2012.0,,,10.0,
2015,4,00-0029438,,RB,HOU,ATL,0,0,0.0,0,0.0,0.0,0.0,3,27.0,1,4,3,23.0,0,11.0,14.0,,,71.0,222.0,,3.0,Washington,2012.0,2012.0,,,,0.07017544
2015,5,00-0029438,,RB,HOU,IND,0,0,0.0,0,0.0,0.0,0.0,1,5.0,0,3,2,17.0,0,2.2,4.2,,,71.0,222.0,,3.0,Washington,2012.0,2012.0,,,-7.0,0.07317073
2015,6,00-0029438,,RB,HOU,JAX,0,0,0.0,0,0.0,0.0,0.0,8,37.0,0,2,1,2.0,0,3.9,4.9,,,71.0,222.0,,3.0,Washington,2012.0,2012.0,,,,0.055555556
2015,7,00-0029438,,RB,HOU,MIA,0,0,0.0,0,0.0,0.0,0.0,4,4.0,0,3,2,14.0,0,1.8,3.8,,,71.0,222.0,,3.0,Washington,2012.0,2012.0,,,,0.06122449
2015,8,00-0029438,,RB,HOU,TEN,0,0,0.0,0,0.0,0.0,0.0,8,18.0,0,2,1,4.0,0,2.2,3.2,,,71.0,222.0,,3.0,Washington,2012.0,2012.0,,,14.0,0.05882353
2015,10,00-0029438,,RB,HOU,CIN,0,0,0.0,0,0.0,0.0,0.0,4,14.0,0,0,0,0.0,0,1.4,1.4,,,71.0,222.0,,3.0,Washington,2012.0,2012.0,,,,
2015,12,00-0029438,,RB,HOU,NO,0,0,0.0,0,0.0,0.0,0.0,6,21.0,0,1,1,6.0,0,2.7,3.7,,,71.0,222.0,,3.0,Washington,2012.0,2012.0,,,18.0,0.037037037
2015,13,00-0029438,,RB,HOU,BUF,0,0,0.0,0,0.0,0.0,0.0,12,61.0,0,1,1,11.0,1,13.2,14.2,,,71.0,222.0,,3.0,Washington,2012.0,2012.0,,,,0.023255814
2015,14,00-0029438,,RB,HOU,NE,0,0,0.0,0,0.0,0.0,0.0,11,34.0,0,2,2,14.0,0,4.8,6.8,,,71.0,222.0,,3.0,Washington,2012.0,2012.0,,,-21.0,0.083333336
2015,15,00-0029438,,RB,HOU,IND,0,0,0.0,0,0.0,0.0,0.0,4,6.0,0,0,0,0.0,0,0.6,0.6,,,71.0,222.0,,3.0,Washington,2012.0,2012.0,,,,
2015,16,00-0029438,,RB,HOU,TEN,0,0,0.0,0,0.0,0.0,0.0,11,38.0,0,0,0,0.0,0,3.8,3.8,,,71.0,222.0,,3.0,Washington,2012.0,2012.0,,,,
2015,17,00-0029438,,RB,HOU,JAX,0,0,0.0,0,0.0,0.0,0.0,3,4.0,0,1,0,0.0,0,0.4,0.4,,,71.0,222.0,,3.0,Washington,2012.0,2012.0,,,24.0,0.024390243
2015,1,00-0029492,J.Olawale,FB,LV,CIN,0,0,0.0,0,0.0,0.0,0.0,1,6.0,0,3,3,19.0,0,2.5,5.5,,,73.0,240.0,26.5630625,3.0,North Texas,2012.0,2012.0,,,,0.069767445
2015,4,00-0029492,J.Olawale,FB,LV,CHI,0,0,0.0,0,0.0,0.0,0.0,1,-1.0,0,0,0,0.0,0,-0.1,-0.1,,,73.0,240.0,26.5630625,3.0,North Texas,2012.0,2012.0,,,,
2015,5,00-0029492,J.Olawale,FB,LV,DEN,0,0,0.0,0,0.0,0.0,0.0,6,13.0,0,0,0,0.0,0,1.3,1.3,,,73.0,240.0,26.5630625,3.0,North Texas,2012.0,2012.0,,,,
2015,7,00-0029492,J.Olawale,FB,LV,LAC,0,0,0.0,0,0.0,0.0,0.0,2,4.0,0,0,0,0.0,0,0.4,0.4,,,73.0,240.0,26.5630625,3.0,North Texas,2012.0,2012.0,,,,
2015,9,00-0029492,J.Olawale,FB,LV,PIT,0,0,0.0,0,0.0,0.0,0.0,1,19.0,1,0,0,0.0,0,7.9,7.9,,,73.0,240.0,26.5630625,3.0,North Texas,2012.0,2012.0,,,,
2015,10,00-0029492,J.Olawale,FB,LV,MIN,0,0,0.0,0,0.0,0.0,0.0,5,24.0,0,3,3,35.0,0,5.9,8.9,,,73.0,240.0,26.5630625,3.0,North Texas,2012.0,2012.0,,,,0.07317073
2015,11,00-0029492,J.Olawale,FB,LV,DET,0,0,0.0,0,0.0,0.0,0.0,4,12.0,0,1,1,15.0,0,2.7,3.7,,,73.0,240.0,26.5630625,3.0,North Texas,2012.0,2012.0,,,,0.04
2015,12,00-0029492,J.Olawale,FB,LV,TEN,0,0,0.0,0,0.0,0.0,0.0,2,17.0,0,1,0,0.0,0,1.7,1.7,,,73.0,240.0,26.5630625,3.0,North Texas,2012.0,2012.0,,,,0.02631579
2015,13,00-0029492,J.Olawale,FB,LV,KC,0,0,0.0,0,0.0,0.0,0.0,2,16.0,0,2,1,1.0,0,1.7,2.7,,,73.0,240.0,26.5630625,3.0,North Texas,2012.0,2012.0,,,,0.041666668
2015,17,00-0029492,J.Olawale,FB,LV,KC,0,0,0.0,0,0.0,0.0,0.0,0,0.0,0,1,1,14.0,0,1.4,2.4,,,73.0,240.0,26.5630625,3.0,North Texas,2012.0,2012.0,,,,0.03125
2015,1,00-0029510,J.Grimes,RB,HOU,KC,0,0,0.0,0,0.0,0.0,0.0,6,28.0,0,2,1,2.0,0,3.0,4.0,,,70.0,209.0,,3.0,William & Mary,2012.0,2012.0,,,-7.0,0.04347826
2015,2,00-0029510,J.Grimes,RB,HOU,CAR,0,0,0.0,0,0.0,0.0,0.0,2,7.0,0,7,6,40.0,0,4.7,10.7,,,70.0,209.0,,3.0,William & Mary,2012.0,2012.0,,,,0.12280702
2015,3,00-0029510,J.Grimes,RB,HOU,TB,0,0,0.0,0,0.0,0.0,0.0,6,19.0,0,4,4,19.0,0,3.8,7.8,,,70.0,209.0,,3.0,William & Mary,2012.0,2012.0,,,10.0,0.102564104
2015,7,00-0029510,J.Grimes,RB,HOU,MIA,0,0,0.0,0,0.0,0.0,0.0,0,0.0,0,1,0,0.0,0,0.0,0.0,,,70.0,209.0,,3.0,William & Mary,2012.0,2012.0,,,,0.020408163
2015,8,00-0029510,J.Grimes,RB,HOU,TEN,0,0,0.0,0,0.0,0.0,0.0,0,0.0,0,3,2,12.0,0,1.2,3.2,,,70.0,209.0,,3.0,William & Mary,2012.0,2012.0,,,14.0,0.0882353
2015,10,00-0029510,J.Grimes,RB,HOU,CIN,0,0,0.0,0,0.0,0.0,0.0,6,33.0,0,1,1,12.0,0,4.5,5.5,,,70.0,209.0,,3.0,William & Mary,2012.0,2012.0,,,,0.030303031
2015,11,00-0029510,J.Grimes,RB,HOU,NYJ,0,0,0.0,0,0.0,0.0,0.0,6,37.0,0,3,3,28.0,0,6.5,9.5,,,70.0,209.0,,3.0,William & Mary,2012.0,2012.0,,,7.0,0.0882353
2015,12,00-0029510,J.Grimes,RB,HOU,NO,0,0,0.0,0,0.0,0.0,0.0,7,25.0,0,1,1,8.0,0,3.3,4.3,,,70.0,209.0,,3.0,William & Mary,2012.0,2012.0,,,18.0,0.037037037
2015,13,00-0029510,J.Grimes,RB,HOU,BUF,0,0,0.0,0,0.0,0.0,0.0,5,28.0,0,2,2,15.0,0,6.3,8.3,,,70.0,209.0,,3.0,William & Mary,2012.0,2012.0,,,,0.046511628
2015,14,00-0029510,J.Grimes,RB,HOU,NE,0,0,0.0,0,0.0,0.0,0.0,7,53.0,0,2,2,9.0,0,6.2,8.2,,,70.0,209.0,,3.0,William & Mary,2012.0,2012.0,,,-21.0,0.083333336
2015,15,00-0029510,J.Grimes,RB,HOU,IND,0,0,0.0,0,0.0,0.0,0.0,1,1.0,0,0,0,0.0,0,0.1,0.1,,,70.0,209.0,,3.0,William & Mary,2012.0,2012.0,,,,
2015,16,00-0029510,J.Grimes,RB,HOU,TEN,0,0,0.0,0,0.0,0.0,0.0,6,25.0,0,0,0,0.0,0,2.5,2.5,,,70.0,209.0,,3.0,William & Mary,2012.0,2012.0,,,,
2015,17,00-0029510,J.Grimes,RB,HOU,JAX,0,1,0.0,0,0.0,0.0,-0.0,4,26.0,1,5,4,28.0,1,17.4,21.4,,,70.0,209.0,,3.0,William & Mary,2012.0,2012.0,,,24.0,0.12195122
2015,18,00-0029510,J.Grimes,RB,HOU,KC,0,0,0.0,0,0.0,0.0,0.0,4,15.0,0,2,2,12.0,0,2.7,4.7,,,70.0,209.0,,3.0,William & Mary,2012.0,2012.0,,,-30.0,0.05882353
2015,17,00-0029531,,QB,IND,TEN,6,10,58.0,1,0.0,0.0,-0.0,0,0.0,0,0,0,0.0,0,6.32,6.32,,,75.0,232.0,26.533,3.0,San Diego State,2012.0,2012.0,ARZ,185,6.0,
2015,3,00-0029534,C.Helfet,TE,SEA,CHI,0,0,0.0,0,0.0,0.0,0.0,0,0.0,0,1,0,0.0,0,0.0,0.0,,,75.0,239.0,26.453833333333332,3.0,Duke,2012.0,2012.0,,,26.0,0.03846154
2015,11,00-0029534,C.Helfet,TE,SEA,SF,0,0,0.0,0,0.0,0.0,0.0,0,0.0,0,1,1,7.0,0,0.7,1.7,,,75.0,239.0,26.453833333333332,3.0,Duke,2012.0,2012.0,,,16.0,0.037037037
2015,13,00-0029534,C.Helfet,TE,SEA,MIN,0,0,0.0,0,0.0,0.0,0.0,0,0.0,0,4,1,13.0,0,1.3,2.3,,,75.0,239.0,26.453833333333332,3.0,Duke,2012.0,2012.0,,,,0.14285715
2015,14,00-0029534,C.Helfet,TE,SEA,BAL,0,0,0.0,0,0.0,0.0,0.0,0,0.0,0,2,2,20.0,0,2.0,4.0,,,75.0,239.0,26.453833333333332,3.0,Duke,2012.0,2012.0,,,,0.060606062
2015,15,00-0029534,C.Helfet,TE,SEA,CLE,0,0,0.0,0,0.0,0.0,0.0,0,0.0,0,2,1,5.0,0,0.5,1.5,,,75.0,239.0,26.453833333333332,3.0,Duke,2012.0,2012.0,,,17.0,0.06896552
2015,16,00-0029534,C.Helfet,TE,SEA,LA,0,0,0.0,0,0.0,0.0,0.0,0,0.0,0,6,4,43.0,0,4.3,8.3,,,75.0,239.0,26.453833333333332,3.0,Duke,2012.0,2012.0,,,-6.0,0.15
2015,17,00-0029534,C.Helfet,TE,SEA,ARI,0,0,0.0,0,0.0,0.0,0.0,0,0.0,0,6,4,42.0,0,4.2,8.2,,,75.0,239.0,26.453833333333332,3.0,Duke,2012.0,2012.0,,,,0.1875
2015,9,00-0029563,,FS,DEN,DEN,0,0,0.0,0,0.0,0.0,0.0,0,0.0,0,0,0,0.0,0,6.0,6.0,,,70.0,195.0,26.896176470588237,3.0,Arizona State,2012.0,2012.0,DEN,101,,
2015,1,00-0029567,N.Foles,QB,LA,SEA,18,27,297.0,1,0.0,2.0,21.0,4,11.0,1,0,0,0.0,0,18.98,18.98,,,78.0,243.0,,3.0,Arizona,2012.0,2012.0,PHI,88,,
2015,2,00-0029567,N.Foles,QB,LA,WAS,17,32,150.0,1,0.0,1.0,4.0,1,1.0,0,0,0,0.0,0,10.1,10.1,,,78.0,243.0,,3.0,Arizona,2012.0,2012.0,PHI,88,,
2015,3,00-0029567,N.Foles,QB,LA,PIT,19,28,197.0,0,1.0,2.0,10.0,1,10.0,0,0,0,0.0,0,6.88,6.88,,,78.0,243.0,,3.0,Arizona,2012.0,2012.0,PHI,88,,
2015,4,00-0029567,N.Foles,QB,LA,ARI,16,24,171.0,3,0.0,1.0,7.0,1,-1.0,0,0,0,0.0,0,18.74,18.74,,,78.0,243.0,,3.0,Arizona,2012.0,2012.0,PHI,88,,
2015,5,00-0029567,N.Foles,QB,LA,GB,11,30,141.0,1,4.0,3.0,18.0,1,2.0,0,0,0,0.0,0,1.84,1.84,,,78.0,243.0,,3.0,Arizona,2012.0,2012.0,PHI,88,,
2015,7,00-0029567,N.Foles,QB,LA,CLE,15,23,163.0,0,0.0,2.0,13.0,2,-2.0,0,0,0,0.0,0,6.32,6.32,,,78.0,243.0,,3.0,Arizona,2012.0,2012.0,PHI,88,,
2015,8,00-0029567,N.Foles,QB,LA,SF,14,23,191.0,1,0.0,0.0,-0.0,3,-3.0,0,0,0,0.0,0,13.34,13.34,,,78.0,243.0,,3.0,Arizona,2012.0,2012.0,PHI,88,,
2015,9,00-0029567,N.Foles,QB,LA,MIN,18,33,168.0,0,0.0,1.0,8.0,1,2.0,0,0,0,0.0,0,6.92,6.92,,,78.0,243.0,,3.0,Arizona,2012.0,2012.0,PHI,88,,
2015,10,00-0029567,N.Foles,QB,LA,CHI,17,36,200.0,0,1.0,1.0,9.0,0,0.0,0,0,0,0.0,0,6.0,6.0,,,78.0,243.0,,3.0,Arizona,2012.0,2012.0,PHI,88,,
2015,12,00-0029567,N.Foles,QB,LA,CIN,30,46,228.0,0,3.0,1.0,8.0,1,2.0,0,0,0,0.0,0,3.32,3.32,,,78.0,243.0,,3.0,Arizona,2012.0,2012.0,PHI,88,,
2015,13,00-0029567,N.Foles,QB,LA,ARI,15,35,146.0,0,1.0,0.0,-0.0,2,-2.0,0,0,0,0.0,0,3.64,3.64,,,78.0,243.0,,3.0,Arizona,2012.0,2012.0,PHI,88,,
2015,1,00-0029572,J.Wright,WR,MIN,SF,0,0,0.0,0,0.0,0.0,0.0,0,0.0,0,4,1,27.0,0,2.7,3.7,,,70.0,191.0,25.966470588235296,3.0,Arkansas,2012.0,2012.0,MIN,118,,0.12903225
2015,2,00-0029572,J.Wright,WR,MIN,DET,0,0,0.0,0,0.0,0.0,0.0,1,29.0,0,2,1,17.0,0,4.6,5.6,,,70.0,191.0,25.966470588235296,3.0,Arkansas,2012.0,2012.0,MIN,118,10.0,0.11111111
2015,3,00-0029572,J.Wright,WR,MIN,LAC,0,0,0.0,0,0.0,0.0,0.0,0,0.0,0,4,3,28.0,0,2.8,5.8,,,70.0,191.0,25.966470588235296,3.0,Arkansas,2012.0,2012.0,MIN,118,17.0,0.16666667
2015,6,00-0029572,J.Wright,WR,MIN,KC,0,0,0.0,0,0.0,0.0,0.0,0,0.0,0,3,2,69.0,0,6.9,8.9,,,70.0,191.0,25.966470588235296,3.0,Arkansas,2012.0,2012.0,MIN,118,6.0,0.09677419
2015,7,00-0029572,J.Wright,WR,MIN,DET,0,0,0.0,0,0.0,0.0,0.0,0,0.0,0,6,3,31.0,0,3.1,6.1,,,70.0,191.0,25.966470588235296,3.0,Arkansas,2012.0,2012.0,MIN,118,,0.1764706
2015,8,00-0029572,J.Wright,WR,MIN,CHI,0,0,0.0,0,0.0,0.0,0.0,0,0.0,0,2,1,8.0,0,0.8,1.8,,,70.0,191.0,25.966470588235296,3.0,Arkansas,2012.0,2012.0,MIN,118,,0.06896552
2015,9,00-0029572,J.Wright,WR,MIN,LA,0,0,0.0,0,0.0,0.0,0.0,0,0.0,0,3,1,12.0,0,1.2,2.2,,,70.0,191.0,25.966470588235296,3.0,Arkansas,2012.0,2012.0,MIN,118,3.0,0.11111111
2015,10,00-0029572,J.Wright,WR,MIN,LV,0,0,0.0,0,0.0,0.0,0.0,0,0.0,0,2,1,2.0,0,0.2,1.2,,,70.0,191.0,25.966470588235296,3.0,Arkansas,2012.0,2012.0,MIN,118,,0.0952381
2015,11,00-0029572,J.Wright,WR,MIN,GB,0,0,0.0,0,0.0,0.0,0.0,0,0.0,0,5,4,50.0,0,5.0,9.0,,,70.0,191.0,25.966470588235296,3.0,Arkansas,2012.0,2012.0,MIN,118,-17.0,0.13513513
2015,12,00-0029572,J.Wright,WR,MIN,ATL,0,0,0.0,0,0.0,0.0,0.0,0,0.0,0,2,2,13.0,0,1.3,3.3,,,70.0,191.0,25.966470588235296,3.0,Arkansas,2012.0,2012.0,MIN,118,,0.074074075
2015,13,00-0029572,J.Wright,WR,MIN,SEA,0,0,0.0,0,0.0,0.0,0.0,0,0.0,0,2,2,24.0,0,2.4,4.4,,,70.0,191.0,25.966470588235296,3.0,Arkansas,2012.0,2012.0,MIN,118,-31.0,0.071428575
2015,14,00-0029572,J.Wright,WR,MIN,ARI,0,0,0.0,0,0.0,0.0,0.0,0,0.0,0,6,5,51.0,0,3.1,8.1,,,70.0,191.0,25.966470588235296,3.0,Arkansas,2012.0,2012.0,MIN,118,,0.18181819
2015,15,00-0029572,J.Wright,WR,MIN,CHI,0,0,0.0,0,0.0,0.0,0.0,0,0.0,0,3,3,32.0,0,3.2,6.2,,,70.0,191.0,25.966470588235296,3.0,Arkansas,2012.0,2012.0,MIN,118,21.0,0.15
2015,16,00-0029572,J.Wright,WR,MIN,NYG,0,0,0.0,0,0.0,0.0,0.0,0,0.0,0,3,3,57.0,0,5.7,8.7,,,70.0,191.0,25.966470588235296,3.0,Arkansas,2012.0,2012.0,MIN,118,32.0,0.12
2015,17,00-0029572,J.Wright,WR,MIN,GB,0,0,0.0,0,0.0,0.0,0.0,0,0.0,0,3,2,21.0,0,2.1,4.1,,,70.0,191.0,25.966470588235296,3.0,Arkansas,2012.0,2012.0,MIN,118,,0.1764706
2015,18,00-0029572,J.Wright,WR,MIN,SEA,0,0,0.0,0,0.0,0.0,0.0,0,0.0,0,3,1,9.0,0,0.9,1.9,,,70.0,191.0,25.966470588235296,3.0,Arkansas,2012.0,2012.0,MIN,118,-1.0,0.125
2015,1,00-0029580,R.Matthews,WR,MIA,WAS,0,0,0.0,0,0.0,0.0,0.0,0,0.0,0,6,4,34.0,1,9.4,13.4,,,72.0,217.0,26.067133333333334,3.0,Nevada,2012.0,2012.0,MIA,227,,0.1764706
2015,2,00-0029580,R.Matthews,WR,MIA,JAX,0,0,0.0,0,0.0,0.0,0.0,0,0.0,0,7,6,115.0,0,11.5,17.5,,,72.0,217.0,26.067133333333334,3.0,Nevada,2012.0,2012.0,MIA,227,,0.1627907
2015,3,00-0029580,R.Matthews,WR,MIA,BUF,0,0,0.0,0,0.0,0.0,0.0,0,0.0,0,10,6,113.0,2,23.3,29.3,,,72.0,217.0,26.067133333333334,3.0,Nevada,2012.0,2012.0,MIA,227,-27.0,0.20408164
2015,4,00-0029580,R.Matthews,WR,MIA,NYJ,0,0,0.0,0,0.0,0.0,0.0,0,0.0,0,3,1,16.0,0,1.6,2.6,,,72.0,217.0,26.067133333333334,3.0,Nevada,2012.0,2012.0,MIA,227,-13.0,0.06818182
2015,6,00-0029580,R.Matthews,WR,MIA,TEN,0,0,0.0,0,0.0,0.0,0.0,0,0.0,0,6,6,85.0,0,8.5,14.5,,,72.0,217.0,26.067133333333334,3.0,Nevada,2012.0,2012.0,MIA,227,,0.20689656
2015,7,00-0029580,R.Matthews,WR,MIA,HOU,0,0,0.0,0,0.0,0.0,0.0,0,0.0,0,3,3,75.0,1,13.5,16.5,,,72.0,217.0,26.067133333333334,3.0,Nevada,2012.0,2012.0,MIA,227,18.0,0.15
2015,8,00-0029580,R.Matthews,WR,MIA,NE,0,0,0.0,0,0.0,0.0,0.0,0,0.0,0,12,7,62.0,0,6.2,13.2,,,72.0,217.0,26.067133333333334,3.0,Nevada,2012.0,2012.0,MIA,227,,0.27906978
2015,9,00-0029580,R.Matthews,WR,MIA,BUF,0,0,0.0,0,0.0,0.0,0.0,0,0.0,0,4,4,54.0,0,5.4,9.4,,,72.0,217.0,26.067133333333334,3.0,Nevada,2012.0,2012.0,MIA,227,,0.114285715
2015,10,00-0029580,R.Matthews,WR,MIA,PHI,0,0,0.0,0,0.0,0.0,0.0,1,4.0,0,6,5,93.0,0,9.7,14.7,,,72.0,217.0,26.067133333333334,3.0,Nevada,2012.0,2012.0,MIA,227,,0.16666667
2015,11,00-0029580,R.Matthews,WR,MIA,DAL,0,0,0.0,0,0.0,0.0,0.0,0,0.0,0,3,1,15.0,0,1.5,2.5,,,72.0,217.0,26.067133333333334,3.0,Nevada,2012.0,2012.0,MIA,227,-10.0,0.13043478
2015,12,00-0029580,R.Matthews,WR,MIA,NYJ,0,0,0.0,0,0.0,0.0,0.0,0,0.0,0,1,0,0.0,0,0.0,0.0,,,72.0,217.0,26.067133333333334,3.0,Nevada,2012.0,2012.0,MIA,227,,0.01724138
2015,1,00-0029587,R.Ellison,TE,MIN,SF,0,0,0.0,0,0.0,0.0,0.0,0,0.0,0,2,1,3.0,0,0.3,1.3,,,77.0,250.0,27.101,3.0,USC,2012.0,2012.0,MIN,128,,0.06451613
2015,2,00-0029587,R.Ellison,TE,MIN,DET,0,0,0.0,0,0.0,0.0,0.0,0,0.0,0,1,0,0.0,0,0.0,0.0,,,77.0,250.0,27.101,3.0,USC,2012.0,2012.0,MIN,128,10.0,0.055555556
2015,6,00-0029587,R.Ellison,TE,MIN,KC,0,0,0.0,0,0.0,0.0,0.0,0,0.0,0,2,1,11.0,0,1.1,2.1,,,77.0,250.0,27.101,3.0,USC,2012.0,2012.0,MIN,128,6.0,0.06451613
2015,9,00-0029587,R.Ellison,TE,MIN,LA,0,0,0.0,0,0.0,0.0,0.0,0,0.0,0,3,2,11.0,0,1.1,3.1,,,77.0,250.0,27.101,3.0,USC,2012.0,2012.0,MIN,128,3.0,0.11111111
2015,10,00-0029587,R.Ellison,TE,MIN,LV,0,0,0.0,0,0.0,0.0,0.0,0,0.0,0,2,2,18.0,1,7.8,9.8,,,77.0,250.0,27.101,3.0,USC,2012.0,2012.0,MIN,128,,0.0952381
2015,11,00-0029587,R.Ellison,TE,MIN,GB,0,0,0.0,0,0.0,0.0,0.0,0,0.0,0,3,2,19.0,0,1.9,3.9,,,77.0,250.0,27.101,3.0,USC,2012.0,2012.0,MIN,128,-17.0,0.08108108
2015,12,00-0029587,R.Ellison,TE,MIN,ATL,0,0,0.0,0,0.0,0.0,0.0,0,0.0,0,2,1,23.0,0,2.3,3.3,,,77.0,250.0,27.101,3.0,USC,2012.0,2012.0,MIN,128,,0.074074075
2015,13,00-0029587,R.Ellison,TE,MIN,SEA,0,0,0.0,0,0.0,0.0,0.0,0,0.0,0,1,0,0.0,0,0.0,0.0,,,77.0,250.0,27.101,3.0,USC,2012.0,2012.0,MIN,128,-31.0,0.035714287
2015,14,00-0029587,R.Ellison,TE,MIN,ARI,0,0,0.0,0,0.0,0.0,0.0,0,0.0,0,1,1,41.0,0,4.1,5.1,,,77.0,250.0,27.101,3.0,USC,2012.0,2012.0,MIN,128,,0.030303031
2015,16,00-0029587,R.Ellison,TE,MIN,NYG,0,0,0.0,0,0.0,0.0,0.0,0,0.0,0,1,0,0.0,0,0.0,0.0,,,77.0,250.0,27.101,3.0,USC,2012.0,2012.0,MIN,128,32.0,0.04
2015,17,00-0029587,R.Ellison,TE,MIN,GB,0,0,0.0,0,0.0,0.0,0.0,0,0.0,0,1,1,-2.0,0,-0.2,0.8,,,77.0,250.0,27.101,3.0,USC,2012.0,2012.0,MIN,128,,0.05882353
2015,5,00-0029588,,RB,BUF,TEN,0,0,0.0,0,0.0,0.0,0.0,9,28.0,0,0,0,0.0,0,2.8,2.8,,,70.0,212.0,26.676416666666668,3.0,,2012.0,2012.0,CIN,191,,
2015,6,00-0029588,,RB,BUF,CIN,0,0,0.0,0,0.0,0.0,0.0,0,0.0,0,2,2,17.0,0,1.7,3.7,,,70.0,212.0,26.676416666666668,3.0,,2012.0,2012.0,CIN,191,-13.0,0.05
2015,7,00-0029588,,RB,BUF,JAX,0,0,0.0,0,0.0,0.0,0.0,2,9.0,0,1,1,3.0,0,1.2,2.2,,,70.0,212.0,26.676416666666668,3.0,,2012.0,2012.0,CIN,191,,0.023809524
2015,13,00-0029588,,RB,IND,PIT,0,0,0.0,0,0.0,0.0,0.0,2,8.0,0,3,3,16.0,0,2.4,5.4,,,70.0,212.0,26.676416666666668,3.0,,2012.0,2012.0,CIN,191,,0.0882353
2015,14,00-0029588,,RB,IND,JAX,0,0,0.0,0,0.0,0.0,0.0,4,16.0,0,2,2,5.0,0,2.1,4.1,,,70.0,212.0,26.676416666666668,3.0,,2012.0,2012.0,CIN,191,,0.046511628
2015,15,00-0029588,,RB,IND,HOU,0,0,0.0,0,0.0,0.0,0.0,0,0.0,0,1,1,6.0,0,0.6,1.6,,,70.0,212.0,26.676416666666668,3.0,,2012.0,2012.0,CIN,191,-6.0,0.03448276
2015,16,00-0029588,,RB,IND,MIA,0,0,0.0,0,0.0,0.0,0.0,6,14.0,0,0,0,0.0,0,1.4,1.4,,,70.0,212.0,26.676416666666668,3.0,,2012.0,2012.0,CIN,191,,
2015,17,00-0029588,,RB,IND,TEN,0,0,0.0,0,0.0,0.0,0.0,2,4.0,0,1,0,0.0,0,0.4,0.4,,,70.0,212.0,26.676416666666668,3.0,,2012.0,2012.0,CIN,191,6.0,0.027027028
2015,1,00-0029604,K.Cousins,QB,WAS,MIA,21,31,196.0,1,2.0,1.0,8.0,2,-1.0,0,0,0,0.0,0,7.74,7.74,,,75.0,202.0,27.230529411764707,3.0,Michigan State,2012.0,2012.0,WAS,102,-7.0,
2015,2,00-0029604,K.Cousins,QB,WAS,LA,23,27,203.0,1,0.0,2.0,12.0,0,0.0,0,0,0,0.0,0,12.12,12.12,,,75.0,202.0,27.230529411764707,3.0,Michigan State,2012.0,2012.0,WAS,102,14.0,
2015,3,00-0029604,K.Cousins,QB,WAS,NYG,30,49,316.0,1,2.0,1.0,11.0,0,0.0,0,0,0,0.0,0,14.64,14.64,,,75.0,202.0,27.230529411764707,3.0,Michigan State,2012.0,2012.0,WAS,102,,
2015,4,00-0029604,K.Cousins,QB,WAS,PHI,31,46,290.0,1,0.0,1.0,-0.0,1,1.0,1,0,0,0.0,0,21.7,21.7,,,75.0,202.0,27.230529411764707,3.0,Michigan State,2012.0,2012.0,WAS,102,3.0,
2015,5,00-0029604,K.Cousins,QB,WAS,ATL,21,32,219.0,1,2.0,1.0,-0.0,1,1.0,0,0,0,0.0,0,8.86,8.86,,,75.0,202.0,27.230529411764707,3.0,Michigan State,2012.0,2012.0,WAS,102,,
2015,6,00-0029604,K.Cousins,QB,WAS,NYJ,25,43,196.0,1,2.0,1.0,5.0,1,1.0,0,0,0,0.0,0,7.94,7.94,,,75.0,202.0,27.230529411764707,3.0,Michigan State,2012.0,2012.0,WAS,102,,
2015,7,00-0029604,K.Cousins,QB,WAS,TB,33,40,317.0,3,0.0,1.0,12.0,3,15.0,1,0,0,0.0,0,30.18,30.18,,,75.0,202.0,27.230529411764707,3.0,Michigan State,2012.0,2012.0,WAS,102,1.0,
2015,9,00-0029604,K.Cousins,QB,WAS,NE,22,40,217.0,1,1.0,1.0,4.0,0,0.0,0,0,0,0.0,0,10.68,10.68,,,75.0,202.0,27.230529411764707,3.0,Michigan State,2012.0,2012.0,WAS,102,,
2015,10,00-0029604,K.Cousins,QB,WAS,NO,20,25,324.0,4,0.0,3.0,23.0,0,0.0,0,0,0,0.0,0,28.96,28.96,,,75.0,202.0,27.230529411764707,3.0,Michigan State,2012.0,2012.0,WAS,102,33.0,
2015,11,00-0029604,K.Cousins,QB,WAS,CAR,22,30,207.0,1,1.0,5.0,35.0,1,4.0,0,0,0,0.0,0,6.68,6.68,,,75.0,202.0,27.230529411764707,3.0,Michigan State,2012.0,2012.0,WAS,102,,
2015,12,00-0029604,K.Cousins,QB,WAS,NYG,20,29,302.0,1,0.0,0.0,-0.0,4,1.0,1,0,0,0.0,0,22.18,22.18,,,75.0,202.0,27.230529411764707,3.0,Michigan State,2012.0,2012.0,WAS,102,6.0,
2015,13,00-0029604,K.Cousins,QB,WAS,DAL,22,31,219.0,1,0.0,3.0,26.0,1,6.0,0,0,0,0.0,0,13.36,13.36,,,75.0,202.0,27.230529411764707,3.0,Michigan State,2012.0,2012.0,WAS,102,-3.0,
2015,14,00-0029604,K.Cousins,QB,WAS,CHI,24,31,300.0,1,1.0,3.0,25.0,4,13.0,1,0,0,0.0,0,21.3,21.3,,,75.0,202.0,27.230529411764707,3.0,Michigan State,2012.0,2012.0,WAS,102,,
2015,15,00-0029604,K.Cousins,QB,WAS,BUF,22,28,319.0,4,0.0,1.0,11.0,3,11.0,1,0,0,0.0,0,35.86,35.86,,,75.0,202.0,27.230529411764707,3.0,Michigan State,2012.0,2012.0,WAS,102,10.0,
2015,16,00-0029604,K.Cousins,QB,WAS,PHI,31,46,365.0,4,0.0,2.0,14.0,5,-4.0,0,0,0,0.0,0,32.2,32.2,,,75.0,202.0,27.230529411764707,3.0,Michigan State,2012.0,2012.0,WAS,102,,
2015,17,00-0029604,K.Cousins,QB,WAS,DAL,12,15,176.0,3,0.0,0.0,-0.0,0,0.0,0,0,0,0.0,0,19.04,19.04,,,75.0,202.0,27.230529411764707,3.0,Michigan State,2012.0,2012.0,WAS,102,,
2015,18,00-0029604,K.Cousins,QB,WAS,GB,29,46,329.0,1,0.0,6.0,59.0,2,2.0,1,0,0,0.0,0,21.36,21.36,,,75.0,202.0,27.230529411764707,3.0,Michigan State,2012.0,2012.0,WAS,102,-17.0,
2015,1,00-0029608,T.Hilton,WR,IND,BUF,0,0,0.0,0,0.0,0.0,0.0,0,0.0,0,14,7,88.0,0,8.8,15.8,,,69.0,180.0,25.980875,3.0,Florida International,2012.0,2012.0,IND,92,,0.2857143
2015,2,00-0029608,T.Hilton,WR,IND,NYJ,0,0,0.0,0,0.0,0.0,0.0,0,0.0,0,7,4,45.0,0,4.5,8.5,,,69.0,180.0,25.980875,3.0,Florida International,2012.0,2012.0,IND,92,-13.0,0.2
2015,3,00-0029608,T.Hilton,WR,IND,TEN,0,0,0.0,0,0.0,0.0,0.0,0,0.0,0,7,4,94.0,0,9.4,13.4,,,69.0,180.0,25.980875,3.0,Florida International,2012.0,2012.0,IND,92,,0.23333333
2015,4,00-0029608,T.Hilton,WR,IND,JAX,0,0,0.0,0,0.0,0.0,0.0,0,0.0,0,13,7,67.0,0,6.7,13.7,,,69.0,180.0,25.980875,3.0,Florida International,2012.0,2012.0,IND,92,3.0,0.27659574
2015,5,00-0029608,T.Hilton,WR,IND,HOU,0,0,0.0,0,0.0,0.0,0.0,0,0.0,0,9,5,88.0,0,8.8,13.8,,,69.0,180.0,25.980875,3.0,Florida International,2012.0,2012.0,IND,92,,0.31034482
2015,6,00-0029608,T.Hilton,WR,IND,NE,0,0,0.0,0,0.0,0.0,0.0,0,0.0,0,9,6,74.0,1,13.4,19.4,,,69.0,180.0,25.980875,3.0,Florida International,2012.0,2012.0,IND,92,-7.0,0.1875
2015,7,00-0029608,T.Hilton,WR,IND,NO,0,0,0.0,0,0.0,0.0,0.0,0,0.0,0,15,4,150.0,2,27.0,31.0,,,69.0,180.0,25.980875,3.0,Florida International,2012.0,2012.0,IND,92,-6.0,0.3488372
2015,8,00-0029608,T.Hilton,WR,IND,CAR,0,0,0.0,0,0.0,0.0,0.0,0,0.0,0,7,1,15.0,0,1.5,2.5,,,69.0,180.0,25.980875,3.0,Florida International,2012.0,2012.0,IND,92,,0.15555556
2015,9,00-0029608,T.Hilton,WR,IND,DEN,0,0,0.0,0,0.0,0.0,0.0,0,0.0,0,6,5,82.0,0,8.2,13.2,,,69.0,180.0,25.980875,3.0,Florida International,2012.0,2012.0,IND,92,3.0,0.17142858
2015,11,00-0029608,T.Hilton,WR,IND,ATL,0,0,0.0,0,0.0,0.0,0.0,0,0.0,0,4,2,21.0,0,2.1,4.1,,,69.0,180.0,25.980875,3.0,Florida International,2012.0,2012.0,IND,92,,0.125
2015,12,00-0029608,T.Hilton,WR,IND,TB,0,0,0.0,0,0.0,0.0,0.0,0,0.0,0,12,6,95.0,2,21.5,27.5,,,69.0,180.0,25.980875,3.0,Florida International,2012.0,2012.0,IND,92,13.0,0.30769232
2015,13,00-0029608,T.Hilton,WR,IND,PIT,0,0,0.0,0,0.0,0.0,0.0,0,0.0,0,5,3,36.0,0,3.6,6.6,,,69.0,180.0,25.980875,3.0,Florida International,2012.0,2012.0,IND,92,,0.14705883
2015,14,00-0029608,T.Hilton,WR,IND,JAX,0,0,0.0,0,0.0,0.0,0.0,0,0.0,0,7,4,132.0,0,13.2,17.2,,,69.0,180.0,25.980875,3.0,Florida International,2012.0,2012.0,IND,92,,0.1627907
2015,15,00-0029608,T.Hilton,WR,IND,HOU,0,0,0.0,0,0.0,0.0,0.0,0,0.0,0,5,3,29.0,0,2.9,5.9,,,69.0,180.0,25.980875,3.0,Florida International,2012.0,2012.0,IND,92,-6.0,0.1724138
2015,16,00-0029608,T.Hilton,WR,IND,MIA,0,0,0.0,0,0.0,0.0,0.0,0,0.0,0,7,4,64.0,0,6.4,10.4,,,69.0,180.0,25.980875,3.0,Florida International,2012.0,2012.0,IND,92,,0.2413793
2015,17,00-0029608,T.Hilton,WR,IND,TEN,0,0,0.0,0,0.0,0.0,0.0,0,0.0,0,7,4,44.0,0,4.4,8.4,,,69.0,180.0,25.980875,3.0,Florida International,2012.0,2012.0,IND,92,6.0,0.1891892
2015,1,00-0029613,D.Martin,RB,TB,TEN,0,0,0.0,0,0.0,0.0,0.0,11,52.0,0,1,1,2.0,0,5.4,6.4,,,69.0,223.0,26.8203125,3.0,Boise State,2012.0,2012.0,TB,31,-28.0,0.030303031
2015,2,00-0029613,D.Martin,RB,TB,NO,0,0,0.0,0,0.0,0.0,0.0,21,78.0,0,2,2,20.0,0,7.8,9.8,,,69.0,223.0,26.8203125,3.0,Boise State,2012.0,2012.0,TB,31,,0.0952381
2015,3,00-0029613,D.Martin,RB,TB,HOU,0,0,0.0,0,0.0,0.0,0.0,14,46.0,0,0,0,0.0,0,4.6,4.6,,,69.0,223.0,26.8203125,3.0,Boise State,2012.0,2012.0,TB,31,,
2015,4,00-0029613,D.Martin,RB,TB,CAR,0,0,0.0,0,0.0,0.0,0.0,20,106.0,1,5,5,37.0,0,20.3,25.3,,,69.0,223.0,26.8203125,3.0,Boise State,2012.0,2012.0,TB,31,-14.0,0.12195122
2015,5,00-0029613,D.Martin,RB,TB,JAX,0,0,0.0,0,0.0,0.0,0.0,24,123.0,2,3,3,35.0,1,33.8,36.8,,,69.0,223.0,26.8203125,3.0,Boise State,2012.0,2012.0,TB,31,7.0,0.16666667
2015,7,00-0029613,D.Martin,RB,TB,WAS,0,0,0.0,0,0.0,0.0,0.0,19,136.0,0,3,3,35.0,0,17.1,20.1,,,69.0,223.0,26.8203125,3.0,Boise State,2012.0,2012.0,TB,31,,0.10344828
2015,8,00-0029613,D.Martin,RB,TB,ATL,0,0,0.0,0,0.0,0.0,0.0,23,71.0,0,1,1,7.0,0,7.8,8.8,,,69.0,223.0,26.8203125,3.0,Boise State,2012.0,2012.0,TB,31,,0.03448276
2015,9,00-0029613,D.Martin,RB,TB,NYG,0,0,0.0,0,0.0,0.0,0.0,11,31.0,0,4,2,12.0,0,2.3,4.3,,,69.0,223.0,26.8203125,3.0,Boise State,2012.0,2012.0,TB,31,-14.0,0.11111111
2015,10,00-0029613,D.Martin,RB,TB,DAL,0,0,0.0,0,0.0,0.0,0.0,18,63.0,0,4,4,40.0,0,10.3,14.3,,,69.0,223.0,26.8203125,3.0,Boise State,2012.0,2012.0,TB,31,4.0,0.10526316
2015,11,00-0029613,D.Martin,RB,TB,PHI,0,0,0.0,0,0.0,0.0,0.0,27,235.0,0,1,0,0.0,0,23.5,23.5,,,69.0,223.0,26.8203125,3.0,Boise State,2012.0,2012.0,TB,31,,0.035714287
2015,12,00-0029613,D.Martin,RB,TB,IND,0,0,0.0,0,0.0,0.0,0.0,14,97.0,0,3,1,1.0,0,9.8,10.8,,,69.0,223.0,26.8203125,3.0,Boise State,2012.0,2012.0,TB,31,,0.083333336
2015,13,00-0029613,D.Martin,RB,TB,ATL,0,0,0.0,0,0.0,0.0,0.0,25,95.0,1,2,1,5.0,0,14.0,15.0,,,69.0,223.0,26.8203125,3.0,Boise State,2012.0,2012.0,TB,31,4.0,0.074074075
2015,14,00-0029613,D.Martin,RB,TB,NO,0,0,0.0,0,0.0,0.0,0.0,11,81.0,1,3,1,5.0,0,14.6,15.6,,,69.0,223.0,26.8203125,3.0,Boise State,2012.0,2012.0,TB,31,-7.0,0.09677419
2015,15,00-0029613,D.Martin,RB,TB,LA,0,0,0.0,0,0.0,0.0,0.0,18,91.0,0,2,1,6.0,0,9.7,10.7,,,69.0,223.0,26.8203125,3.0,Boise State,2012.0,2012.0,TB,31,,0.040816326
2015,16,00-0029613,D.Martin,RB,TB,CHI,0,0,0.0,0,0.0,0.0,0.0,17,49.0,1,3,1,6.0,0,7.5,8.5,,,69.0,223.0,26.8203125,3.0,Boise State,2012.0,2012.0,TB,31,-5.0,0.10714286
2015,17,00-0029613,D.Martin,RB,TB,CAR,0,0,0.0,0,0.0,0.0,0.0,15,48.0,0,7,7,60.0,0,10.8,17.8,,,69.0,223.0,26.8203125,3.0,Boise State,2012.0,2012.0,TB,31,,0.14893617
2015,2,00-0029614,,WR,LA,WAS,0,0,0.0,0,0.0,0.0,0.0,0,0.0,0,1,1,7.0,0,0.7,1.7,,,72.0,203.0,,3.0,,2012.0,2012.0,SL,96,,0.03125
2015,3,00-0029614,,WR,LA,PIT,0,0,0.0,0,0.0,0.0,0.0,1,24.0,0,0,0,0.0,0,2.4,2.4,,,72.0,203.0,,3.0,,2012.0,2012.0,SL,96,,
2015,5,00-0029614,,WR,BAL,CLE,0,0,0.0,0,0.0,0.0,0.0,0,0.0,0,2,0,0.0,0,0.0,0.0,,,72.0,203.0,,3.0,,2012.0,2012.0,SL,96,-3.0,0.057142857
2015,6,00-0029614,,WR,BAL,SF,0,0,0.0,0,0.0,0.0,0.0,0,0.0,0,2,2,18.0,0,1.8,3.8,,,72.0,203.0,,3.0,,2012.0,2012.0,SL,96,,0.03846154
2015,7,00-0029614,,WR,BAL,ARI,0,0,0.0,0,0.0,0.0,0.0,1,-6.0,0,2,1,31.0,0,2.5,3.5,,,72.0,203.0,,3.0,,2012.0,2012.0,SL,96,,0.051282052
2015,8,00-0029614,,WR,BAL,LAC,0,0,0.0,0,0.0,0.0,0.0,0,0.0,0,4,3,57.0,0,5.7,8.7,,,72.0,203.0,,3.0,,2012.0,2012.0,SL,96,3.0,0.10810811
2015,10,00-0029614,,WR,BAL,JAX,0,0,0.0,0,0.0,0.0,0.0,0,0.0,0,7,4,37.0,1,9.7,13.7,,,72.0,203.0,,3.0,,2012.0,2012.0,SL,96,-2.0,0.15555556
2015,11,00-0029614,,WR,BAL,LA,0,0,0.0,0,0.0,0.0,0.0,0,0.0,0,7,2,25.0,0,2.5,4.5,,,72.0,203.0,,3.0,,2012.0,2012.0,SL,96,3.0,0.1627907
2015,12,00-0029614,,WR,BAL,CLE,0,0,0.0,0,0.0,0.0,0.0,1,2.0,0,3,1,48.0,0,5.0,6.0,,,72.0,203.0,,3.0,,2012.0,2012.0,SL,96,,0.0882353
2015,13,00-0029614,,WR,BAL,MIA,0,0,0.0,0,0.0,0.0,0.0,0,0.0,0,8,3,68.0,0,6.8,9.8,,,72.0,203.0,,3.0,,2012.0,2012.0,SL,96,,0.17391305
2015,14,00-0029614,,WR,BAL,SEA,0,0,0.0,0,0.0,0.0,0.0,0,0.0,0,5,0,0.0,0,0.0,0.0,,,72.0,203.0,,3.0,,2012.0,2012.0,SL,96,-29.0,0.125
2015,15,00-0029614,,WR,BAL,KC,0,0,0.0,0,0.0,0.0,0.0,1,-2.0,0,5,1,17.0,0,1.5,2.5,,,72.0,203.0,,3.0,,2012.0,2012.0,SL,96,-20.0,0.11111111
2015,16,00-0029614,,WR,BAL,PIT,0,0,0.0,0,0.0,0.0,0.0,0,0.0,0,4,2,45.0,0,4.5,6.5,,,72.0,203.0,,3.0,,2012.0,2012.0,SL,96,3.0,0.1
2015,17,00-0029614,,WR,BAL,CIN,0,0,0.0,0,0.0,0.0,0.0,0,0.0,0,4,0,0.0,0,0.0,0.0,,,72.0,203.0,,3.0,,2012.0,2012.0,SL,96,,0.074074075
2015,1,00-0029615,L.Miller,RB,MIA,WAS,0,0,0.0,0,0.0,0.0,0.0,13,53.0,0,1,1,22.0,0,7.5,8.5,,,70.0,225.0,24.543875,3.0,Miami,2012.0,2012.0,MIA,97,,0.029411765
2015,2,00-0029615,L.Miller,RB,MIA,JAX,0,0,0.0,0,0.0,0.0,0.0,10,14.0,0,6,5,28.0,0,4.2,9.2,,,70.0,225.0,24.543875,3.0,Miami,2012.0,2012.0,MIA,97,,0.13953489
2015,3,00-0029615,L.Miller,RB,MIA,BUF,0,0,0.0,0,0.0,0.0,0.0,7,38.0,0,3,3,27.0,0,6.5,9.5,,,70.0,225.0,24.543875,3.0,Miami,2012.0,2012.0,MIA,97,-27.0,0.06122449
2015,4,00-0029615,L.Miller,RB,MIA,NYJ,0,0,0.0,0,0.0,0.0,0.0,7,26.0,0,2,1,10.0,0,3.6,4.6,,,70.0,225.0,24.543875,3.0,Miami,2012.0,2012.0,MIA,97,-13.0,0.045454547
2015,6,00-0029615,L.Miller,RB,MIA,TEN,0,0,0.0,0,0.0,0.0,0.0,19,113.0,1,3,2,5.0,0,17.8,19.8,,,70.0,225.0,24.543875,3.0,Miami,2012.0,2012.0,MIA,97,,0.10344828
2015,7,00-0029615,L.Miller,RB,MIA,HOU,0,0,0.0,0,0.0,0.0,0.0,14,175.0,1,3,3,61.0,1,35.6,38.6,,,70.0,225.0,24.543875,3.0,Miami,2012.0,2012.0,MIA,97,18.0,0.15
2015,8,00-0029615,L.Miller,RB,MIA,NE,0,0,0.0,0,0.0,0.0,0.0,9,15.0,1,5,5,19.0,0,9.4,14.4,,,70.0,225.0,24.543875,3.0,Miami,2012.0,2012.0,MIA,97,,0.11627907
2015,9,00-0029615,L.Miller,RB,MIA,BUF,0,0,0.0,0,0.0,0.0,0.0,12,44.0,2,7,7,97.0,0,26.1,33.1,,,70.0,225.0,24.543875,3.0,Miami,2012.0,2012.0,MIA,97,,0.2
2015,10,00-0029615,L.Miller,RB,MIA,PHI,0,0,0.0,0,0.0,0.0,0.0,16,43.0,0,8,6,50.0,1,15.3,21.3,,,70.0,225.0,24.543875,3.0,Miami,2012.0,2012.0,MIA,97,,0.22222222
2015,11,00-0029615,L.Miller,RB,MIA,DAL,0,0,0.0,0,0.0,0.0,0.0,7,44.0,0,3,2,11.0,0,5.5,7.5,,,70.0,225.0,24.543875,3.0,Miami,2012.0,2012.0,MIA,97,-10.0,0.13043478
2015,12,00-0029615,L.Miller,RB,MIA,NYJ,0,0,0.0,0,0.0,0.0,0.0,5,2.0,0,4,3,11.0,0,1.3,4.3,,,70.0,225.0,24.543875,3.0,Miami,2012.0,2012.0,MIA,97,,0.06896552
2015,13,00-0029615,L.Miller,RB,MIA,BAL,0,0,0.0,0,0.0,0.0,0.0,20,113.0,0,2,1,5.0,0,9.8,10.8,,,70.0,225.0,24.543875,3.0,Miami,2012.0,2012.0,MIA,97,2.0,0.10526316
2015,14,00-0029615,L.Miller,RB,MIA,NYG,0,0,0.0,0,0.0,0.0,0.0,12,89.0,2,0,0,0.0,0,20.9,20.9,,,70.0,225.0,24.543875,3.0,Miami,2012.0,2012.0,MIA,97,-7.0,
2015,15,00-0029615,L.Miller,RB,MIA,LAC,0,0,0.0,0,0.0,0.0,0.0,9,12.0,0,2,2,12.0,0,2.4,4.4,,,70.0,225.0,24.543875,3.0,Miami,2012.0,2012.0,MIA,97,,0.06451613
2015,16,00-0029615,L.Miller,RB,MIA,IND,0,0,0.0,0,0.0,0.0,0.0,15,31.0,1,6,5,36.0,0,12.7,17.7,,,70.0,225.0,24.543875,3.0,Miami,2012.0,2012.0,MIA,97,-6.0,0.15789473
2015,17,00-0029615,L.Miller,RB,MIA,NE,0,0,0.0,0,0.0,0.0,0.0,19,60.0,0,2,1,3.0,0,6.3,7.3,,,70.0,225.0,24.543875,3.0,Miami,2012.0,2012.0,MIA,97,10.0,0.05263158
2015,1,00-0029619,,FB,TB,TEN,0,0,0.0,0,0.0,0.0,0.0,1,0.0,0,0,0,0.0,0,0.0,0.0,,,71.0,258.0,28.761499999999998,3.0,Texas A&M,2012.0,2012.0,,,-28.0,
2015,9,00-0029619,,FB,TB,NYG,0,0,0.0,0,0.0,0.0,0.0,0,0.0,0,1,1,5.0,0,0.5,1.5,,,71.0,258.0,28.761499999999998,3.0,Texas A&M,2012.0,2012.0,,,-14.0,0.027777778
2015,10,00-0029619,,FB,TB,DAL,0,0,0.0,0,0.0,0.0,0.0,0,0.0,0,1,1,8.0,0,0.8,1.8,,,71.0,258.0,28.761499999999998,3.0,Texas A&M,2012.0,2012.0,,,4.0,0.02631579
2015,17,00-0029623,A.Tanney,QB,TEN,IND,10,14,99.0,1,0.0,3.0,34.0,0,0.0,0,0,0,0.0,0,7.96,7.96,,,76.0,220.0,28.1355,3.0,"Monmouth, Ill.",2012.0,2012.0,,,,
2015,1,00-0029626,,RB,LA,SEA,0,0,0.0,0,0.0,0.0,0.0,2,3.0,0,0,0,0.0,0,-1.7,-1.7,,,70.0,204.0,25.9095,3.0,,2012.0,2012.0,SL,50,,
2015,1,00-0029632,M.Sanu,WR,CIN,LV,0,0,0.0,0,0.0,0.0,0.0,0,0.0,0,3,2,34.0,0,3.4,5.4,,,74.0,210.0,26.224352941176473,3.0,Rutgers,2012.0,2012.0,CIN,83,,0.0882353
2015,2,00-0029632,M.Sanu,WR,CIN,LAC,0,0,0.0,0,0.0,0.0,0.0,0,0.0,0,2,1,15.0,0,1.5,2.5,,,74.0,210.0,26.224352941176473,3.0,Rutgers,2012.0,2012.0,CIN,83,5.0,0.083333336
2015,3,00-0029632,M.Sanu,WR,CIN,BAL,0,0,0.0,0,0.0,0.0,0.0,1,6.0,0,4,2,28.0,0,3.4,5.4,,,74.0,210.0,26.224352941176473,3.0,Rutgers,2012.0,2012.0,CIN,83,,0.125
2015,4,00-0029632,M.Sanu,WR,CIN,KC,0,0,0.0,0,0.0,0.0,0.0,0,0.0,0,6,4,84.0,0,8.4,12.4,,,74.0,210.0,26.224352941176473,3.0,Rutgers,2012.0,2012.0,CIN,83,15.0,0.25
2015,5,00-0029632,M.Sanu,WR,CIN,SEA,0,0,0.0,0,0.0,0.0,0.0,0,0.0,0,5,5,69.0,0,6.9,11.9,,,74.0,210.0,26.224352941176473,3.0,Rutgers,2012.0,2012.0,CIN,83,3.0,0.11627907
2015,6,00-0029632,M.Sanu,WR,CIN,BUF,0,0,0.0,0,0.0,0.0,0.0,1,8.0,0,4,2,30.0,0,3.8,5.8,,,74.0,210.0,26.224352941176473,3.0,Rutgers,2012.0,2012.0,CIN,83,,0.121212125
2015,8,00-0029632,M.Sanu,WR,CIN,PIT,0,0,0.0,0,0.0,0.0,0.0,0,0.0,0,3,2,10.0,0,1.0,3.0,,,74.0,210.0,26.224352941176473,3.0,Rutgers,2012.0,2012.0,CIN,83,,0.078947365
2015,9,00-0029632,M.Sanu,WR,CIN,CLE,0,0,0.0,0,0.0,0.0,0.0,1,25.0,1,3,3,25.0,0,11.0,14.0,,,74.0,210.0,26.224352941176473,3.0,Rutgers,2012.0,2012.0,CIN,83,21.0,0.12
2015,10,00-0029632,M.Sanu,WR,CIN,HOU,0,0,0.0,0,0.0,0.0,0.0,0,0.0,0,2,1,5.0,0,0.5,1.5,,,74.0,210.0,26.224352941176473,3.0,Rutgers,2012.0,2012.0,CIN,83,-4.0,0.05263158
2015,11,00-0029632,M.Sanu,WR,CIN,ARI,0,0,0.0,0,0.0,0.0,0.0,1,2.0,0,3,2,19.0,0,2.1,4.1,,,74.0,210.0,26.224352941176473,3.0,Rutgers,2012.0,2012.0,CIN,83,,0.07692308
2015,12,00-0029632,M.Sanu,WR,CIN,LA,0,0,0.0,0,0.0,0.0,0.0,0,0.0,0,1,1,8.0,0,0.8,1.8,,,74.0,210.0,26.224352941176473,3.0,Rutgers,2012.0,2012.0,CIN,83,24.0,0.035714287
2015,13,00-0029632,M.Sanu,WR,CIN,CLE,0,0,0.0,0,0.0,0.0,0.0,1,7.0,0,1,0,0.0,0,0.7,0.7,,,74.0,210.0,26.224352941176473,3.0,Rutgers,2012.0,2012.0,CIN,83,,0.045454547
2015,14,00-0029632,M.Sanu,WR,CIN,PIT,0,0,0.0,0,0.0,0.0,0.0,0,0.0,0,5,2,24.0,0,2.4,4.4,,,74.0,210.0,26.224352941176473,3.0,Rutgers,2012.0,2012.0,CIN,83,-13.0,0.1388889
2015,15,00-0029632,M.Sanu,WR,CIN,SF,0,0,0.0,0,0.0,0.0,0.0,1,2.0,0,2,2,8.0,0,1.0,3.0,,,74.0,210.0,26.224352941176473,3.0,Rutgers,2012.0,2012.0,CIN,83,,0.0952381
2015,16,00-0029632,M.Sanu,WR,CIN,DEN,0,0,0.0,0,0.0,0.0,0.0,2,10.0,1,3,3,29.0,0,9.9,12.9,,,74.0,210.0,26.224352941176473,3.0,Rutgers,2012.0,2012.0,CIN,83,,0.0882353
2015,17,00-0029632,M.Sanu,WR,CIN,BAL,0,0,0.0,0,0.0,0.0,0.0,2,11.0,0,2,1,6.0,0,1.7,2.7,,,74.0,210.0,26.224352941176473,3.0,Rutgers,2012.0,2012.0,CIN,83,8.0,0.083333336
2015,18,00-0029632,M.Sanu,WR,CIN,PIT,0,0,0.0,0,0.0,0.0,0.0,0,0.0,0,5,3,17.0,0,1.7,4.7,,,74.0,210.0,26.224352941176473,3.0,Rutgers,2012.0,2012.0,CIN,83,-2.0,0.12820514
2015,4,00-0029634,J.Hanna,TE,DAL,NO,0,0,0.0,0,0.0,0.0,0.0,0,0.0,0,1,1,7.0,0,0.7,1.7,,,76.0,260.0,26.322,3.0,Oklahoma,2012.0,2012.0,DAL,186,,0.03846154
2015,7,00-0029634,J.Hanna,TE,DAL,NYG,0,0,0.0,0,0.0,0.0,0.0,0,0.0,0,1,1,6.0,0,0.6,1.6,,,76.0,260.0,26.322,3.0,Oklahoma,2012.0,2012.0,DAL,186,,0.037037037
2015,8,00-0029634,J.Hanna,TE,DAL,SEA,0,0,0.0,0,0.0,0.0,0.0,0,0.0,0,2,1,0.0,0,0.0,1.0,,,76.0,260.0,26.322,3.0,Oklahoma,2012.0,2012.0,DAL,186,-1.0,0.07692308
2015,9,00-0029634,J.Hanna,TE,DAL,PHI,0,0,0.0,0,0.0,0.0,0.0,0,0.0,0,1,0,0.0,0,0.0,0.0,,,76.0,260.0,26.322,3.0,Oklahoma,2012.0,2012.0,DAL,186,-6.0,0.027027028
2015,13,00-0029634,J.Hanna,TE,DAL,WAS,0,0,0.0,0,0.0,0.0,0.0,0,0.0,0,1,1,11.0,0,1.1,2.1,,,76.0,260.0,26.322,3.0,Oklahoma,2012.0,2012.0,DAL,186,,0.035714287
2015,15,00-0029634,J.Hanna,TE,DAL,NYJ,0,0,0.0,0,0.0,0.0,0.0,0,0.0,0,1,1,17.0,0,1.7,2.7,,,76.0,260.0,26.322,3.0,Oklahoma,2012.0,2012.0,DAL,186,-3.0,0.032258064
2015,16,00-0029634,J.Hanna,TE,DAL,BUF,0,0,0.0,0,0.0,0.0,0.0,0,0.0,0,4,1,10.0,0,1.0,2.0,,,76.0,260.0,26.322,3.0,Oklahoma,2012.0,2012.0,DAL,186,,0.13333334
2015,17,00-0029634,J.Hanna,TE,DAL,WAS,0,0,0.0,0,0.0,0.0,0.0,0,0.0,0,3,3,28.0,0,2.8,5.8,,,76.0,260.0,26.322,3.0,Oklahoma,2012.0,2012.0,DAL,186,-11.0,0.0625
2015,1,00-0029638,M.Floyd,WR,ARI,NO,0,0,0.0,0,0.0,0.0,0.0,0,0.0,0,1,1,18.0,0,1.8,2.8,,,74.0,220.0,,3.0,Notre Dame,2012.0,2012.0,ARZ,13,12.0,0.03125
2015,2,00-0029638,M.Floyd,WR,ARI,CHI,0,0,0.0,0,0.0,0.0,0.0,0,0.0,0,1,0,0.0,0,0.0,0.0,,,74.0,220.0,,3.0,Notre Dame,2012.0,2012.0,ARZ,13,,0.04347826
2015,3,00-0029638,M.Floyd,WR,ARI,SF,0,0,0.0,0,0.0,0.0,0.0,0,0.0,0,5,1,12.0,0,1.2,2.2,,,74.0,220.0,,3.0,Notre Dame,2012.0,2012.0,ARZ,13,40.0,0.16129032
2015,4,00-0029638,M.Floyd,WR,ARI,LA,0,0,0.0,0,0.0,0.0,0.0,0,0.0,0,7,5,59.0,0,5.9,10.9,,,74.0,220.0,,3.0,Notre Dame,2012.0,2012.0,ARZ,13,-2.0,0.15555556
2015,5,00-0029638,M.Floyd,WR,ARI,DET,0,0,0.0,0,0.0,0.0,0.0,0,0.0,0,3,1,15.0,0,1.5,2.5,,,74.0,220.0,,3.0,Notre Dame,2012.0,2012.0,ARZ,13,,0.16666667
2015,6,00-0029638,M.Floyd,WR,ARI,PIT,0,0,0.0,0,0.0,0.0,0.0,0,0.0,0,8,5,50.0,1,11.0,16.0,,,74.0,220.0,,3.0,Notre Dame,2012.0,2012.0,ARZ,13,,0.18181819
2015,7,00-0029638,M.Floyd,WR,ARI,BAL,0,0,0.0,0,0.0,0.0,0.0,0,0.0,0,4,3,59.0,1,11.9,14.9,,,74.0,220.0,,3.0,Notre Dame,2012.0,2012.0,ARZ,13,8.0,0.14285715
2015,8,00-0029638,M.Floyd,WR,ARI,CLE,0,0,0.0,0,0.0,0.0,0.0,0,0.0,0,8,4,106.0,1,16.6,20.6,,,74.0,220.0,,3.0,Notre Dame,2012.0,2012.0,ARZ,13,,0.21621622
2015,10,00-0029638,M.Floyd,WR,ARI,SEA,0,0,0.0,0,0.0,0.0,0.0,0,0.0,0,9,7,113.0,2,23.3,30.3,,,74.0,220.0,,3.0,Notre Dame,2012.0,2012.0,ARZ,13,,0.2
2015,12,00-0029638,M.Floyd,WR,ARI,SF,0,0,0.0,0,0.0,0.0,0.0,0,0.0,0,2,1,14.0,0,1.4,2.4,,,74.0,220.0,,3.0,Notre Dame,2012.0,2012.0,ARZ,13,,0.05
2015,13,00-0029638,M.Floyd,WR,ARI,LA,0,0,0.0,0,0.0,0.0,0.0,0,0.0,0,12,7,104.0,0,10.4,17.4,,,74.0,220.0,,3.0,Notre Dame,2012.0,2012.0,ARZ,13,,0.3
2015,14,00-0029638,M.Floyd,WR,ARI,MIN,0,0,0.0,0,0.0,0.0,0.0,0,0.0,0,9,5,102.0,1,16.2,21.2,,,74.0,220.0,,3.0,Notre Dame,2012.0,2012.0,ARZ,13,3.0,0.25714287
2015,15,00-0029638,M.Floyd,WR,ARI,PHI,0,0,0.0,0,0.0,0.0,0.0,0,0.0,0,8,5,70.0,0,7.0,12.0,,,74.0,220.0,,3.0,Notre Dame,2012.0,2012.0,ARZ,13,,0.25
2015,16,00-0029638,M.Floyd,WR,ARI,GB,0,0,0.0,0,0.0,0.0,0.0,0,0.0,0,8,6,111.0,0,11.1,17.1,,,74.0,220.0,,3.0,Notre Dame,2012.0,2012.0,ARZ,13,30.0,0.2962963
2015,17,00-0029638,M.Floyd,WR,ARI,SEA,0,0,0.0,0,0.0,0.0,0.0,0,0.0,0,4,1,16.0,0,1.6,2.6,,,74.0,220.0,,3.0,Notre Dame,2012.0,2012.0,ARZ,13,-30.0,0.093023255
2015,19,00-0029638,M.Floyd,WR,ARI,GB,0,0,0.0,0,0.0,0.0,0.0,0,0.0,0,7,3,26.0,2,14.6,17.6,,,74.0,220.0,,3.0,Notre Dame,2012.0,2012.0,ARZ,13,6.0,0.17073171
2015,20,00-0029638,M.Floyd,WR,ARI,CAR,0,0,0.0,0,0.0,0.0,0.0,0,0.0,0,8,3,37.0,0,3.7,6.7,,,74.0,220.0,,3.0,Notre Dame,2012.0,2012.0,ARZ,13,,0.19512194
2015,5,00-0029640,B.Quick,WR,LA,GB,0,0,0.0,0,0.0,0.0,0.0,0,0.0,0,3,1,10.0,0,1.0,2.0,,,75.0,218.0,,3.0,Appalachian State,2012.0,2012.0,SL,33,,0.10344828
2015,7,00-0029640,B.Quick,WR,LA,CLE,0,0,0.0,0,0.0,0.0,0.0,0,0.0,0,1,0,0.0,0,0.0,0.0,,,75.0,218.0,,3.0,Appalachian State,2012.0,2012.0,SL,33,,0.04347826
2015,8,00-0029640,B.Quick,WR,LA,SF,0,0,0.0,0,0.0,0.0,0.0,0,0.0,0,1,1,5.0,0,0.5,1.5,,,75.0,218.0,,3.0,Appalachian State,2012.0,2012.0,SL,33,,0.04347826
2015,9,00-0029640,B.Quick,WR,LA,MIN,0,0,0.0,0,0.0,0.0,0.0,0,0.0,0,3,1,-1.0,0,-0.1,0.9,,,75.0,218.0,,3.0,Appalachian State,2012.0,2012.0,SL,33,,0.09677419
2015,10,00-0029640,B.Quick,WR,LA,CHI,0,0,0.0,0,0.0,0.0,0.0,0,0.0,0,7,1,37.0,0,3.7,4.7,,,75.0,218.0,,3.0,Appalachian State,2012.0,2012.0,SL,33,,0.1891892
2015,12,00-0029640,B.Quick,WR,LA,CIN,0,0,0.0,0,0.0,0.0,0.0,0,0.0,0,5,2,8.0,0,0.8,2.8,,,75.0,218.0,,3.0,Appalachian State,2012.0,2012.0,SL,33,,0.094339624
2015,13,00-0029640,B.Quick,WR,LA,ARI,0,0,0.0,0,0.0,0.0,0.0,0,0.0,0,6,1,14.0,0,1.4,2.4,,,75.0,218.0,,3.0,Appalachian State,2012.0,2012.0,SL,33,,0.1764706
2015,16,00-0029640,B.Quick,WR,LA,SEA,0,0,0.0,0,0.0,0.0,0.0,0,0.0,0,1,1,6.0,0,0.6,1.6,,,75.0,218.0,,3.0,Appalachian State,2012.0,2012.0,SL,33,,0.04347826
2015,17,00-0029640,B.Quick,WR,LA,SF,0,0,0.0,0,0.0,0.0,0.0,0,0.0,0,5,2,23.0,0,2.3,4.3,,,75.0,218.0,,3.0,Appalachian State,2012.0,2012.0,SL,33,,0.13157895
2015,2,00-0029647,K.Wilber,OLB,DAL,DAL,0,0,0.0,0,0.0,0.0,0.0,0,0.0,0,0,0,0.0,0,6.0,6.0,,,76.0,245.0,26.538375,3.0,Wake Forest,2012.0,2012.0,DAL,113,,
2015,10,00-0029660,T.Graham,WR,NO,WAS,0,0,0.0,0,0.0,0.0,0.0,0,0.0,0,2,2,25.0,0,2.5,4.5,,,71.0,188.0,26.3445,3.0,North Carolina State,2012.0,2012.0,BUF,69,,0.071428575
2015,12,00-0029660,T.Graham,WR,NO,HOU,0,0,0.0,0,0.0,0.0,0.0,0,0.0,0,1,1,-1.0,0,-0.1,0.9,,,71.0,188.0,26.3445,3.0,North Carolina State,2012.0,2012.0,BUF,69,,0.023255814
2015,13,00-0029660,T.Graham,WR,NO,CAR,0,0,0.0,0,0.0,0.0,0.0,0,0.0,0,1,1,0.0,0,0.0,1.0,,,71.0,188.0,26.3445,3.0,North Carolina State,2012.0,2012.0,BUF,69,-3.0,0.024390243
2015,1,00-0029668,A.Luck,QB,IND,BUF,26,49,243.0,2,2.0,2.0,3.0,4,20.0,0,0,0,0.0,0,17.72,17.72,,,76.0,240.0,26.153312500000002,3.0,Stanford,2012.0,2012.0,IND,1,,
2015,2,00-0029668,A.Luck,QB,IND,NYJ,21,37,250.0,1,3.0,0.0,-0.0,4,24.0,0,0,0,0.0,0,8.4,8.4,,,76.0,240.0,26.153312500000002,3.0,Stanford,2012.0,2012.0,IND,1,-13.0,
2015,3,00-0029668,A.Luck,QB,IND,TEN,18,30,260.0,2,2.0,3.0,15.0,6,21.0,0,0,0,0.0,0,16.5,16.5,,,76.0,240.0,26.153312500000002,3.0,Stanford,2012.0,2012.0,IND,1,,
2015,6,00-0029668,A.Luck,QB,IND,NE,30,50,312.0,3,0.0,3.0,23.0,4,35.0,0,0,0,0.0,0,27.98,27.98,,,76.0,240.0,26.153312500000002,3.0,Stanford,2012.0,2012.0,IND,1,-7.0,
2015,7,00-0029668,A.Luck,QB,IND,NO,23,44,333.0,3,2.0,4.0,32.0,3,27.0,0,0,0,0.0,0,24.02,24.02,,,76.0,240.0,26.153312500000002,3.0,Stanford,2012.0,2012.0,IND,1,-6.0,
2015,8,00-0029668,A.Luck,QB,IND,CAR,23,47,231.0,2,3.0,2.0,8.0,6,35.0,0,0,0,0.0,0,14.74,14.74,,,76.0,240.0,26.153312500000002,3.0,Stanford,2012.0,2012.0,IND,1,,
2015,9,00-0029668,A.Luck,QB,IND,DEN,21,36,252.0,2,0.0,1.0,7.0,6,34.0,0,0,0,0.0,0,21.48,21.48,,,76.0,240.0,26.153312500000002,3.0,Stanford,2012.0,2012.0,IND,1,3.0,
2015,2,00-0029677,B.Weeden,QB,DAL,PHI,7,7,73.0,1,0.0,0.0,-0.0,3,7.0,0,0,0,0.0,0,7.62,7.62,,,76.0,228.0,32.00022222222222,3.0,Oklahoma State,2012.0,2012.0,CLV,22,,
2015,3,00-0029677,B.Weeden,QB,DAL,ATL,22,26,232.0,0,1.0,2.0,12.0,0,0.0,0,0,0,0.0,0,7.28,7.28,,,76.0,228.0,32.00022222222222,3.0,Oklahoma State,2012.0,2012.0,CLV,22,-11.0,
2015,4,00-0029677,B.Weeden,QB,DAL,NO,16,26,246.0,1,0.0,3.0,26.0,3,5.0,0,0,0,0.0,0,14.34,14.34,,,76.0,228.0,32.00022222222222,3.0,Oklahoma State,2012.0,2012.0,CLV,22,,
2015,5,00-0029677,B.Weeden,QB,DAL,NE,26,39,187.0,0,1.0,3.0,24.0,3,18.0,0,0,0,0.0,0,7.28,7.28,,,76.0,228.0,32.00022222222222,3.0,Oklahoma State,2012.0,2012.0,CLV,22,-24.0,
2015,15,00-0029677,B.Weeden,QB,HOU,IND,11,18,105.0,1,0.0,1.0,10.0,5,6.0,0,0,0,0.0,0,8.8,8.8,,,76.0,228.0,32.00022222222222,3.0,Oklahoma State,2012.0,2012.0,CLV,22,,
2015,16,00-0029677,B.Weeden,QB,HOU,TEN,15,24,200.0,2,0.0,1.0,5.0,2,11.0,1,0,0,0.0,0,21.1,21.1,,,76.0,228.0,32.00022222222222,3.0,Oklahoma State,2012.0,2012.0,CLV,22,,
2015,10,00-0029682,B.Osweiler,QB,DEN,KC,14,24,146.0,1,1.0,3.0,20.0,3,18.0,0,0,0,0.0,0,9.64,9.64,,,80.0,240.0,24.997,3.0,Arizona State,2012.0,2012.0,DEN,57,-16.0,
2015,11,00-0029682,B.Osweiler,QB,DEN,CHI,20,27,250.0,2,0.0,5.0,31.0,2,4.0,0,0,0,0.0,0,18.4,18.4,,,80.0,240.0,24.997,3.0,Arizona State,2012.0,2012.0,DEN,57,,
2015,12,00-0029682,B.Osweiler,QB,DEN,NE,23,42,270.0,1,1.0,3.0,16.0,2,4.0,0,0,0,0.0,0,13.2,13.2,,,80.0,240.0,24.997,3.0,Arizona State,2012.0,2012.0,DEN,57,6.0,
2015,13,00-0029682,B.Osweiler,QB,DEN,LAC,16,26,166.0,1,1.0,1.0,7.0,3,1.0,0,0,0,0.0,0,8.74,8.74,,,80.0,240.0,24.997,3.0,Arizona State,2012.0,2012.0,DEN,57,,
2015,14,00-0029682,B.Osweiler,QB,DEN,LV,35,51,308.0,0,0.0,5.0,32.0,3,10.0,0,0,0,0.0,0,13.32,13.32,,,80.0,240.0,24.997,3.0,Arizona State,2012.0,2012.0,DEN,57,-3.0,
2015,15,00-0029682,B.Osweiler,QB,DEN,PIT,21,44,296.0,3,1.0,2.0,15.0,5,19.0,1,0,0,0.0,0,29.74,29.74,,,80.0,240.0,24.997,3.0,Arizona State,2012.0,2012.0,DEN,57,,
2015,16,00-0029682,B.Osweiler,QB,DEN,CIN,27,39,299.0,1,0.0,3.0,22.0,3,5.0,0,0,0,0.0,0,16.46,16.46,,,80.0,240.0,24.997,3.0,Arizona State,2012.0,2012.0,DEN,57,3.0,
2015,17,00-0029682,B.Osweiler,QB,DEN,LAC,14,22,232.0,1,2.0,1.0,8.0,0,0.0,0,0,0,0.0,0,7.28,7.28,,,80.0,240.0,24.997,3.0,Arizona State,2012.0,2012.0,DEN,57,7.0,
2015,1,00-0029683,R.Hillman,RB,DEN,BAL,0,0,0.0,0,0.0,0.0,0.0,12,41.0,0,0,0,0.0,0,4.1,4.1,,,70.0,195.0,24.18657894736842,3.0,San Diego State,2012.0,2012.0,DEN,67,6.0,
2015,2,00-0029683,R.Hillman,RB,DEN,KC,0,0,0.0,0,0.0,0.0,0.0,9,34.0,0,1,0,0.0,0,3.4,3.4,,,70.0,195.0,24.18657894736842,3.0,San Diego State,2012.0,2012.0,DEN,67,,0.022222223
2015,3,00-0029683,R.Hillman,RB,DEN,DET,0,0,0.0,0,0.0,0.0,0.0,7,13.0,1,1,1,3.0,0,7.6,8.6,,,70.0,195.0,24.18657894736842,3.0,San Diego State,2012.0,2012.0,DEN,67,,0.023809524
2015,4,00-0029683,R.Hillman,RB,DEN,MIN,0,0,0.0,0,0.0,0.0,0.0,11,103.0,1,1,1,5.0,0,16.8,17.8,,,70.0,195.0,24.18657894736842,3.0,San Diego State,2012.0,2012.0,DEN,67,3.0,0.037037037
2015,5,00-0029683,R.Hillman,RB,DEN,LV,0,0,0.0,0,0.0,0.0,0.0,7,21.0,0,2,1,5.0,0,2.6,3.6,,,70.0,195.0,24.18657894736842,3.0,San Diego State,2012.0,2012.0,DEN,67,,0.057142857
2015,6,00-0029683,R.Hillman,RB,DEN,CLE,0,0,0.0,0,0.0,0.0,0.0,20,111.0,0,5,3,4.0,0,11.5,14.5,,,70.0,195.0,24.18657894736842,3.0,San Diego State,2012.0,2012.0,DEN,67,,0.10638298
2015,8,00-0029683,R.Hillman,RB,DEN,GB,0,0,0.0,0,0.0,0.0,0.0,19,60.0,2,2,1,-5.0,0,17.5,18.5,,,70.0,195.0,24.18657894736842,3.0,San Diego State,2012.0,2012.0,DEN,67,19.0,0.06896552
2015,9,00-0029683,R.Hillman,RB,DEN,IND,0,0,0.0,0,0.0,0.0,0.0,7,1.0,0,0,0,0.0,0,0.1,0.1,,,70.0,195.0,24.18657894736842,3.0,San Diego State,2012.0,2012.0,DEN,67,,
2015,10,00-0029683,R.Hillman,RB,DEN,KC,0,0,0.0,0,0.0,0.0,0.0,11,42.0,1,4,2,9.0,0,11.1,13.1,,,70.0,195.0,24.18657894736842,3.0,San Diego State,2012.0,2012.0,DEN,67,-16.0,0.093023255
2015,11,00-0029683,R.Hillman,RB,DEN,CHI,0,0,0.0,0,0.0,0.0,0.0,21,102.0,0,1,1,2.0,0,10.4,11.4,,,70.0,195.0,24.18657894736842,3.0,San Diego State,2012.0,2012.0,DEN,67,,0.037037037
2015,12,00-0029683,R.Hillman,RB,DEN,NE,0,0,0.0,0,0.0,0.0,0.0,14,59.0,1,1,1,0.0,0,11.9,12.9,,,70.0,195.0,24.18657894736842,3.0,San Diego State,2012.0,2012.0,DEN,67,6.0,0.023809524
2015,13,00-0029683,R.Hillman,RB,DEN,LAC,0,0,0.0,0,0.0,0.0,0.0,19,56.0,0,1,0,0.0,0,5.6,5.6,,,70.0,195.0,24.18657894736842,3.0,San Diego State,2012.0,2012.0,DEN,67,,0.03846154
2015,14,00-0029683,R.Hillman,RB,DEN,LV,0,0,0.0,0,0.0,0.0,0.0,12,20.0,0,9,7,41.0,0,6.1,13.1,,,70.0,195.0,24.18657894736842,3.0,San Diego State,2012.0,2012.0,DEN,67,-3.0,0.1764706
2015,15,00-0029683,R.Hillman,RB,DEN,PIT,0,0,0.0,0,0.0,0.0,0.0,14,48.0,0,0,0,0.0,0,2.8,2.8,,,70.0,195.0,24.18657894736842,3.0,San Diego State,2012.0,2012.0,DEN,67,,
2015,16,00-0029683,R.Hillman,RB,DEN,CIN,0,0,0.0,0,0.0,0.0,0.0,9,35.0,0,4,4,37.0,0,7.2,11.2,,,70.0,195.0,24.18657894736842,3.0,San Diego State,2012.0,2012.0,DEN,67,3.0,0.102564104
2015,17,00-0029683,R.Hillman,RB,DEN,LAC,0,0,0.0,0,0.0,0.0,0.0,15,117.0,1,3,2,10.0,0,18.7,20.7,,,70.0,195.0,24.18657894736842,3.0,San Diego State,2012.0,2012.0,DEN,67,7.0,0.09677419
2015,19,00-0029683,R.Hillman,RB,DEN,PIT,0,0,0.0,0,0.0,0.0,0.0,16,38.0,0,1,0,0.0,0,3.8,3.8,,,70.0,195.0,24.18657894736842,3.0,San Diego State,2012.0,2012.0,DEN,67,7.0,0.027027028
2015,20,00-0029683,R.Hillman,RB,DEN,NE,0,0,0.0,0,0.0,0.0,0.0,11,16.0,0,2,1,7.0,0,2.3,3.3,,,70.0,195.0,24.18657894736842,3.0,San Diego State,2012.0,2012.0,DEN,67,2.0,0.06451613
2015,21,00-0029683,R.Hillman,RB,DEN,CAR,0,0,0.0,0,0.0,0.0,0.0,5,0.0,0,1,0,0.0,0,0.0,0.0,,,70.0,195.0,24.18657894736842,3.0,San Diego State,2012.0,2012.0,DEN,67,14.0,0.04347826
2015,11,00-0029688,D.Poe,DT,KC,LAC,0,0,0.0,0,0.0,0.0,0.0,1,1.0,1,0,0,0.0,0,6.1,6.1,,,75.0,346.0,25.243388888888887,3.0,Memphis,2012.0,2012.0,KC,11,,
2015,1,00-0029689,D.Allen,TE,IND,BUF,0,0,0.0,0,0.0,0.0,0.0,0,0.0,0,6,3,17.0,1,7.7,10.7,,,75.0,265.0,25.691333333333333,3.0,Clemson,2012.0,2012.0,IND,64,,0.12244898
2015,5,00-0029689,D.Allen,TE,IND,HOU,0,0,0.0,0,0.0,0.0,0.0,0,0.0,0,1,1,21.0,0,2.1,3.1,,,75.0,265.0,25.691333333333333,3.0,Clemson,2012.0,2012.0,IND,64,,0.03448276
2015,6,00-0029689,D.Allen,TE,IND,NE,0,0,0.0,0,0.0,0.0,0.0,0,0.0,0,3,3,23.0,0,2.3,5.3,,,75.0,265.0,25.691333333333333,3.0,Clemson,2012.0,2012.0,IND,64,-7.0,0.0625
2015,7,00-0029689,D.Allen,TE,IND,NO,0,0,0.0,0,0.0,0.0,0.0,0,0.0,0,1,1,10.0,0,1.0,2.0,,,75.0,265.0,25.691333333333333,3.0,Clemson,2012.0,2012.0,IND,64,-6.0,0.023255814
2015,8,00-0029689,D.Allen,TE,IND,CAR,0,0,0.0,0,0.0,0.0,0.0,0,0.0,0,3,1,4.0,0,0.4,1.4,,,75.0,265.0,25.691333333333333,3.0,Clemson,2012.0,2012.0,IND,64,,0.06666667
2015,9,00-0029689,D.Allen,TE,IND,DEN,0,0,0.0,0,0.0,0.0,0.0,0,0.0,0,3,0,0.0,0,0.0,0.0,,,75.0,265.0,25.691333333333333,3.0,Clemson,2012.0,2012.0,IND,64,3.0,0.08571429
2015,11,00-0029689,D.Allen,TE,IND,ATL,0,0,0.0,0,0.0,0.0,0.0,0,0.0,0,1,1,7.0,0,0.7,1.7,,,75.0,265.0,25.691333333333333,3.0,Clemson,2012.0,2012.0,IND,64,,0.03125
2015,12,00-0029689,D.Allen,TE,IND,TB,0,0,0.0,0,0.0,0.0,0.0,0,0.0,0,4,2,19.0,0,1.9,3.9,,,75.0,265.0,25.691333333333333,3.0,Clemson,2012.0,2012.0,IND,64,13.0,0.102564104
2015,13,00-0029689,D.Allen,TE,IND,PIT,0,0,0.0,0,0.0,0.0,0.0,0,0.0,0,1,1,6.0,0,0.6,1.6,,,75.0,265.0,25.691333333333333,3.0,Clemson,2012.0,2012.0,IND,64,,0.029411765
2015,14,00-0029689,D.Allen,TE,IND,JAX,0,0,0.0,0,0.0,0.0,0.0,0,0.0,0,3,2,-3.0,0,-0.3,1.7,,,75.0,265.0,25.691333333333333,3.0,Clemson,2012.0,2012.0,IND,64,,0.069767445
2015,15,00-0029689,D.Allen,TE,IND,HOU,0,0,0.0,0,0.0,0.0,0.0,1,1.0,0,2,1,5.0,0,0.6,1.6,,,75.0,265.0,25.691333333333333,3.0,Clemson,2012.0,2012.0,IND,64,-6.0,0.06896552
2015,16,00-0029689,D.Allen,TE,IND,MIA,0,0,0.0,0,0.0,0.0,0.0,0,0.0,0,1,0,0.0,0,0.0,0.0,,,75.0,265.0,25.691333333333333,3.0,Clemson,2012.0,2012.0,IND,64,,0.03448276
2015,1,00-0029697,C.Fleener,TE,IND,BUF,0,0,0.0,0,0.0,0.0,0.0,0,0.0,0,1,1,5.0,0,2.5,3.5,,,78.0,251.0,27.13075,3.0,Stanford,2012.0,2012.0,IND,34,,0.020408163
2015,3,00-0029697,C.Fleener,TE,IND,TEN,0,0,0.0,0,0.0,0.0,0.0,0,0.0,0,6,4,51.0,0,5.1,9.1,,,78.0,251.0,27.13075,3.0,Stanford,2012.0,2012.0,IND,34,,0.2
2015,4,00-0029697,C.Fleener,TE,IND,JAX,0,0,0.0,0,0.0,0.0,0.0,0,0.0,0,12,9,83.0,1,14.3,23.3,,,78.0,251.0,27.13075,3.0,Stanford,2012.0,2012.0,IND,34,3.0,0.25531915
2015,5,00-0029697,C.Fleener,TE,IND,HOU,0,0,0.0,0,0.0,0.0,0.0,0,0.0,0,3,2,9.0,0,0.9,2.9,,,78.0,251.0,27.13075,3.0,Stanford,2012.0,2012.0,IND,34,,0.10344828
2015,6,00-0029697,C.Fleener,TE,IND,NE,0,0,0.0,0,0.0,0.0,0.0,0,0.0,0,6,3,20.0,0,2.0,5.0,,,78.0,251.0,27.13075,3.0,Stanford,2012.0,2012.0,IND,34,-7.0,0.125
2015,7,00-0029697,C.Fleener,TE,IND,NO,0,0,0.0,0,0.0,0.0,0.0,0,0.0,0,5,3,47.0,0,4.7,7.7,,,78.0,251.0,27.13075,3.0,Stanford,2012.0,2012.0,IND,34,-6.0,0.11627907
2015,8,00-0029697,C.Fleener,TE,IND,CAR,0,0,0.0,0,0.0,0.0,0.0,0,0.0,0,11,7,43.0,1,10.3,17.3,,,78.0,251.0,27.13075,3.0,Stanford,2012.0,2012.0,IND,34,,0.24444444
2015,9,00-0029697,C.Fleener,TE,IND,DEN,0,0,0.0,0,0.0,0.0,0.0,0,0.0,0,6,4,22.0,0,2.2,6.2,,,78.0,251.0,27.13075,3.0,Stanford,2012.0,2012.0,IND,34,3.0,0.17142858
2015,11,00-0029697,C.Fleener,TE,IND,ATL,0,0,0.0,0,0.0,0.0,0.0,0,0.0,0,5,3,45.0,0,4.5,7.5,,,78.0,251.0,27.13075,3.0,Stanford,2012.0,2012.0,IND,34,,0.15625
2015,12,00-0029697,C.Fleener,TE,IND,TB,0,0,0.0,0,0.0,0.0,0.0,0,0.0,0,3,3,27.0,0,2.7,5.7,,,78.0,251.0,27.13075,3.0,Stanford,2012.0,2012.0,IND,34,13.0,0.07692308
2015,13,00-0029697,C.Fleener,TE,IND,PIT,0,0,0.0,0,0.0,0.0,0.0,0,0.0,0,8,4,20.0,0,2.0,6.0,,,78.0,251.0,27.13075,3.0,Stanford,2012.0,2012.0,IND,34,,0.23529412
2015,14,00-0029697,C.Fleener,TE,IND,JAX,0,0,0.0,0,0.0,0.0,0.0,0,0.0,0,4,1,6.0,0,0.6,1.6,,,78.0,251.0,27.13075,3.0,Stanford,2012.0,2012.0,IND,34,,0.093023255
2015,15,00-0029697,C.Fleener,TE,IND,HOU,0,0,0.0,0,0.0,0.0,0.0,0,0.0,0,3,1,12.0,0,1.2,2.2,,,78.0,251.0,27.13075,3.0,Stanford,2012.0,2012.0,IND,34,-6.0,0.10344828
2015,16,00-0029697,C.Fleener,TE,IND,MIA,0,0,0.0,0,0.0,0.0,0.0,0,0.0,0,4,2,13.0,0,1.3,3.3,,,78.0,251.0,27.13075,3.0,Stanford,2012.0,2012.0,IND,34,,0.13793103
2015,17,00-0029697,C.Fleener,TE,IND,TEN,0,0,0.0,0,0.0,0.0,0.0,0,0.0,0,7,7,88.0,1,14.8,21.8,,,78.0,251.0,27.13075,3.0,Stanford,2012.0,2012.0,IND,34,6.0,0.1891892
2015,1,00-0029701,R.Tannehill,QB,MIA,WAS,22,34,226.0,1,0.0,3.0,44.0,3,7.0,0,0,0,0.0,0,11.74,11.74,,,76.0,220.0,27.287125,3.0,Texas A&amp;M,2012.0,2012.0,MIA,8,,
2015,2,00-0029701,R.Tannehill,QB,MIA,JAX,30,44,359.0,2,0.0,2.0,15.0,3,17.0,0,0,0,0.0,0,24.06,24.06,,,76.0,220.0,27.287125,3.0,Texas A&amp;M,2012.0,2012.0,MIA,8,,
2015,3,00-0029701,R.Tannehill,QB,MIA,BUF,26,49,297.0,2,3.0,2.0,8.0,1,-1.0,0,0,0,0.0,0,15.78,15.78,,,76.0,220.0,27.287125,3.0,Texas A&amp;M,2012.0,2012.0,MIA,8,-27.0,
2015,4,00-0029701,R.Tannehill,QB,MIA,NYJ,19,44,198.0,2,2.0,3.0,31.0,1,4.0,0,0,0,0.0,0,12.32,12.32,,,76.0,220.0,27.287125,3.0,Texas A&amp;M,2012.0,2012.0,MIA,8,-13.0,
2015,6,00-0029701,R.Tannehill,QB,MIA,TEN,22,29,266.0,2,2.0,2.0,12.0,2,14.0,0,0,0,0.0,0,16.04,16.04,,,76.0,220.0,27.287125,3.0,Texas A&amp;M,2012.0,2012.0,MIA,8,,
2015,7,00-0029701,R.Tannehill,QB,MIA,HOU,18,19,282.0,4,0.0,4.0,41.0,1,3.0,0,0,0,0.0,0,27.58,27.58,,,76.0,220.0,27.287125,3.0,Texas A&amp;M,2012.0,2012.0,MIA,8,18.0,
2015,8,00-0029701,R.Tannehill,QB,MIA,NE,28,44,300.0,0,2.0,5.0,45.0,2,-1.0,0,0,0,0.0,0,7.9,7.9,,,76.0,220.0,27.287125,3.0,Texas A&amp;M,2012.0,2012.0,MIA,8,,
2015,9,00-0029701,R.Tannehill,QB,MIA,BUF,26,35,307.0,0,0.0,2.0,27.0,2,3.0,0,1,1,9.0,0,11.48,12.48,,,76.0,220.0,27.287125,3.0,Texas A&amp;M,2012.0,2012.0,MIA,8,,0.028571429
2015,10,00-0029701,R.Tannehill,QB,MIA,PHI,21,36,217.0,2,0.0,4.0,27.0,2,-2.0,0,0,0,0.0,0,16.48,16.48,,,76.0,220.0,27.287125,3.0,Texas A&amp;M,2012.0,2012.0,MIA,8,,
2015,11,00-0029701,R.Tannehill,QB,MIA,DAL,13,24,188.0,2,1.0,3.0,48.0,3,13.0,0,0,0,0.0,0,14.82,14.82,,,76.0,220.0,27.287125,3.0,Texas A&amp;M,2012.0,2012.0,MIA,8,-10.0,
2015,12,00-0029701,R.Tannehill,QB,MIA,NYJ,33,58,351.0,3,1.0,3.0,30.0,0,0.0,0,0,0,0.0,0,22.04,22.04,,,76.0,220.0,27.287125,3.0,Texas A&amp;M,2012.0,2012.0,MIA,8,,
2015,13,00-0029701,R.Tannehill,QB,MIA,BAL,9,19,86.0,1,0.0,1.0,4.0,1,11.0,0,0,0,0.0,0,8.54,8.54,,,76.0,220.0,27.287125,3.0,Texas A&amp;M,2012.0,2012.0,MIA,8,2.0,
2015,14,00-0029701,R.Tannehill,QB,MIA,NYG,25,41,236.0,1,0.0,1.0,1.0,4,24.0,0,0,0,0.0,0,15.84,15.84,,,76.0,220.0,27.287125,3.0,Texas A&amp;M,2012.0,2012.0,MIA,8,-7.0,
2015,15,00-0029701,R.Tannehill,QB,MIA,LAC,20,34,216.0,0,0.0,3.0,29.0,3,4.0,1,0,0,0.0,0,15.04,15.04,,,76.0,220.0,27.287125,3.0,Texas A&amp;M,2012.0,2012.0,MIA,8,,
2015,16,00-0029701,R.Tannehill,QB,MIA,IND,26,38,329.0,0,1.0,6.0,50.0,1,28.0,0,0,0,0.0,0,13.96,13.96,,,76.0,220.0,27.287125,3.0,Texas A&amp;M,2012.0,2012.0,MIA,8,-6.0,
2015,17,00-0029701,R.Tannehill,QB,MIA,NE,25,38,350.0,2,0.0,1.0,8.0,3,17.0,0,0,0,0.0,0,23.7,23.7,,,76.0,220.0,27.287125,3.0,Texas A&amp;M,2012.0,2012.0,MIA,8,10.0,
2015,1,00-0029708,K.Wright,WR,TEN,TB,0,0,0.0,0,0.0,0.0,0.0,0,0.0,0,4,4,101.0,1,16.1,20.1,,,70.0,191.0,25.99325,3.0,Baylor,2012.0,2012.0,TEN,20,,0.26666668
2015,2,00-0029708,K.Wright,WR,TEN,CLE,0,0,0.0,0,0.0,0.0,0.0,0,0.0,0,4,2,17.0,0,1.7,3.7,,,70.0,191.0,25.99325,3.0,Baylor,2012.0,2012.0,TEN,20,,0.10810811
2015,3,00-0029708,K.Wright,WR,TEN,IND,0,0,0.0,0,0.0,0.0,0.0,1,13.0,0,12,7,95.0,1,16.8,23.8,,,70.0,191.0,25.99325,3.0,Baylor,2012.0,2012.0,TEN,20,-2.0,0.27906978
2015,5,00-0029708,K.Wright,WR,TEN,BUF,0,0,0.0,0,0.0,0.0,0.0,1,1.0,0,6,3,29.0,0,3.0,6.0,,,70.0,191.0,25.99325,3.0,Baylor,2012.0,2012.0,TEN,20,-1.0,0.1875
2015,6,00-0029708,K.Wright,WR,TEN,MIA,0,0,0.0,0,0.0,0.0,0.0,0,0.0,0,5,4,34.0,0,3.4,7.4,,,70.0,191.0,25.99325,3.0,Baylor,2012.0,2012.0,TEN,20,-28.0,0.125
2015,7,00-0029708,K.Wright,WR,TEN,ATL,0,0,0.0,0,0.0,0.0,0.0,0,0.0,0,8,4,46.0,1,10.6,14.6,,,70.0,191.0,25.99325,3.0,Baylor,2012.0,2012.0,TEN,20,-3.0,0.22857143
2015,8,00-0029708,K.Wright,WR,TEN,HOU,0,0,0.0,0,0.0,0.0,0.0,1,7.0,0,7,4,21.0,0,2.8,6.8,,,70.0,191.0,25.99325,3.0,Baylor,2012.0,2012.0,TEN,20,,0.22580644
2015,12,00-0029708,K.Wright,WR,TEN,LV,0,0,0.0,0,0.0,0.0,0.0,2,-4.0,0,7,2,19.0,0,1.5,3.5,,,70.0,191.0,25.99325,3.0,Baylor,2012.0,2012.0,TEN,20,-3.0,0.19444445
2015,13,00-0029708,K.Wright,WR,TEN,JAX,0,0,0.0,0,0.0,0.0,0.0,0,0.0,0,4,3,28.0,0,2.8,5.8,,,70.0,191.0,25.99325,3.0,Baylor,2012.0,2012.0,TEN,20,3.0,0.13793103
2015,16,00-0029708,K.Wright,WR,TEN,HOU,0,0,0.0,0,0.0,0.0,0.0,0,0.0,0,3,3,18.0,0,1.8,4.8,,,70.0,191.0,25.99325,3.0,Baylor,2012.0,2012.0,TEN,20,-28.0,0.05882353
2015,1,00-0029729,A.Johnson,FB,NO,ARI,0,0,0.0,0,0.0,0.0,0.0,1,4.0,0,3,2,5.0,0,0.9,2.9,,,74.0,240.0,26.37908333333333,3.0,Tennessee,2012.0,2013.0,,,,0.0625
2015,2,00-0029729,A.Johnson,FB,NO,TB,0,0,0.0,0,0.0,0.0,0.0,1,1.0,1,1,0,0.0,0,6.1,6.1,,,74.0,240.0,26.37908333333333,3.0,Tennessee,2012.0,2013.0,,,-7.0,0.02631579
2015,3,00-0029729,A.Johnson,FB,NO,CAR,0,0,0.0,0,0.0,0.0,0.0,2,4.0,0,0,0,0.0,0,0.4,0.4,,,74.0,240.0,26.37908333333333,3.0,Tennessee,2012.0,2013.0,,,,
2015,15,00-0029729,A.Johnson,FB,NO,DET,0,0,0.0,0,0.0,0.0,0.0,0,0.0,0,1,1,6.0,0,0.6,1.6,,,74.0,240.0,26.37908333333333,3.0,Tennessee,2012.0,2013.0,,,-8.0,0.01923077
2015,16,00-0029729,A.Johnson,FB,NO,JAX,0,0,0.0,0,0.0,0.0,0.0,0,0.0,0,3,2,19.0,0,1.9,3.9,,,74.0,240.0,26.37908333333333,3.0,Tennessee,2012.0,2013.0,,,11.0,0.08571429
2015,1,00-0029731,F.Whittaker,RB,CAR,JAX,0,0,0.0,0,0.0,0.0,0.0,2,2.0,0,2,2,3.0,0,0.5,2.5,,,70.0,205.0,26.800526315789472,3.0,Texas,2012.0,2013.0,,,,0.06451613
2015,2,00-0029731,F.Whittaker,RB,CAR,HOU,0,0,0.0,0,0.0,0.0,0.0,1,3.0,0,0,0,0.0,0,0.3,0.3,,,70.0,205.0,26.800526315789472,3.0,Texas,2012.0,2013.0,,,7.0,
2015,3,00-0029731,F.Whittaker,RB,CAR,NO,0,0,0.0,0,0.0,0.0,0.0,0,0.0,0,1,1,14.0,0,1.4,2.4,,,70.0,205.0,26.800526315789472,3.0,Texas,2012.0,2013.0,,,5.0,0.032258064
2015,4,00-0029731,F.Whittaker,RB,CAR,TB,0,0,0.0,0,0.0,0.0,0.0,0,0.0,0,2,1,10.0,0,1.0,2.0,,,70.0,205.0,26.800526315789472,3.0,Texas,2012.0,2013.0,,,,0.09090909
2015,6,00-0029731,F.Whittaker,RB,CAR,SEA,0,0,0.0,0,0.0,0.0,0.0,1,2.0,0,2,2,21.0,0,2.3,4.3,,,70.0,205.0,26.800526315789472,3.0,Texas,2012.0,2013.0,,,,0.057142857
2015,7,00-0029731,F.Whittaker,RB,CAR,PHI,0,0,0.0,0,0.0,0.0,0.0,0,0.0,0,1,0,0.0,0,0.0,0.0,,,70.0,205.0,26.800526315789472,3.0,Texas,2012.0,2013.0,,,11.0,0.041666668
2015,8,00-0029731,F.Whittaker,RB,CAR,IND,0,0,0.0,0,0.0,0.0,0.0,1,3.0,0,1,0,0.0,0,0.3,0.3,,,70.0,205.0,26.800526315789472,3.0,Texas,2012.0,2013.0,,,3.0,0.028571429
2015,9,00-0029731,F.Whittaker,RB,CAR,GB,0,0,0.0,0,0.0,0.0,0.0,2,13.0,0,0,0,0.0,0,1.3,1.3,,,70.0,205.0,26.800526315789472,3.0,Texas,2012.0,2013.0,,,8.0,
2015,11,00-0029731,F.Whittaker,RB,CAR,WAS,0,0,0.0,0,0.0,0.0,0.0,2,6.0,0,1,1,2.0,0,0.8,1.8,,,70.0,205.0,26.800526315789472,3.0,Texas,2012.0,2013.0,,,28.0,0.029411765
2015,13,00-0029731,F.Whittaker,RB,CAR,NO,0,0,0.0,0,0.0,0.0,0.0,1,11.0,0,0,0,0.0,0,1.1,1.1,,,70.0,205.0,26.800526315789472,3.0,Texas,2012.0,2013.0,,,,
2015,14,00-0029731,F.Whittaker,RB,CAR,ATL,0,0,0.0,0,0.0,0.0,0.0,8,34.0,1,1,1,-6.0,0,8.8,9.8,,,70.0,205.0,26.800526315789472,3.0,Texas,2012.0,2013.0,,,38.0,0.03846154
2015,15,00-0029731,F.Whittaker,RB,CAR,NYG,0,0,0.0,0,0.0,0.0,0.0,2,2.0,0,2,2,14.0,0,1.6,3.6,,,70.0,205.0,26.800526315789472,3.0,Texas,2012.0,2013.0,,,,0.046511628
2015,16,00-0029731,F.Whittaker,RB,CAR,ATL,0,0,0.0,0,0.0,0.0,0.0,5,32.0,0,2,2,6.0,0,3.8,5.8,,,70.0,205.0,26.800526315789472,3.0,Texas,2012.0,2013.0,,,,0.071428575
2015,20,00-0029731,F.Whittaker,RB,CAR,ARI,0,0,0.0,0,0.0,0.0,0.0,2,-2.0,0,1,0,0.0,0,-0.2,-0.2,,,70.0,205.0,26.800526315789472,3.0,Texas,2012.0,2013.0,,,34.0,0.035714287
2015,21,00-0029731,F.Whittaker,RB,CAR,DEN,0,0,0.0,0,0.0,0.0,0.0,4,26.0,0,1,1,14.0,0,4.0,5.0,,,70.0,205.0,26.800526315789472,3.0,Texas,2012.0,2013.0,,,,0.025
2015,1,00-0029738,D.Fells,TE,ARI,NO,0,0,0.0,0,0.0,0.0,0.0,0,0.0,0,5,4,82.0,1,14.2,18.2,,,79.0,281.0,,2.0,California-Irvine,2013.0,2013.0,,,12.0,0.15625
2015,3,00-0029738,D.Fells,TE,ARI,SF,0,0,0.0,0,0.0,0.0,0.0,0,0.0,0,2,1,13.0,0,1.3,2.3,,,79.0,281.0,,2.0,California-Irvine,2013.0,2013.0,,,40.0,0.06451613
2015,4,00-0029738,D.Fells,TE,ARI,LA,0,0,0.0,0,0.0,0.0,0.0,0,0.0,0,1,1,17.0,0,1.7,2.7,,,79.0,281.0,,2.0,California-Irvine,2013.0,2013.0,,,-2.0,0.022222223
2015,5,00-0029738,D.Fells,TE,ARI,DET,0,0,0.0,0,0.0,0.0,0.0,0,0.0,0,2,2,25.0,1,8.5,10.5,,,79.0,281.0,,2.0,California-Irvine,2013.0,2013.0,,,,0.11111111
2015,6,00-0029738,D.Fells,TE,ARI,PIT,0,0,0.0,0,0.0,0.0,0.0,0,0.0,0,2,1,9.0,0,0.9,1.9,,,79.0,281.0,,2.0,California-Irvine,2013.0,2013.0,,,,0.045454547
2015,10,00-0029738,D.Fells,TE,ARI,SEA,0,0,0.0,0,0.0,0.0,0.0,0,0.0,0,4,3,21.0,0,2.1,5.1,,,79.0,281.0,,2.0,California-Irvine,2013.0,2013.0,,,,0.08888889
2015,11,00-0029738,D.Fells,TE,ARI,CIN,0,0,0.0,0,0.0,0.0,0.0,0,0.0,0,2,1,18.0,1,7.8,8.8,,,79.0,281.0,,2.0,California-Irvine,2013.0,2013.0,,,3.0,0.06666667
2015,13,00-0029738,D.Fells,TE,ARI,LA,0,0,0.0,0,0.0,0.0,0.0,0,0.0,0,1,1,22.0,0,2.2,3.2,,,79.0,281.0,,2.0,California-Irvine,2013.0,2013.0,,,,0.025
2015,14,00-0029738,D.Fells,TE,ARI,MIN,0,0,0.0,0,0.0,0.0,0.0,0,0.0,0,4,3,43.0,0,4.3,7.3,,,79.0,281.0,,2.0,California-Irvine,2013.0,2013.0,,,3.0,0.114285715
2015,15,00-0029738,D.Fells,TE,ARI,PHI,0,0,0.0,0,0.0,0.0,0.0,0,0.0,0,3,3,54.0,0,5.4,8.4,,,79.0,281.0,,2.0,California-Irvine,2013.0,2013.0,,,,0.09375
2015,17,00-0029738,D.Fells,TE,ARI,SEA,0,0,0.0,0,0.0,0.0,0.0,0,0.0,0,2,1,7.0,0,0.7,1.7,,,79.0,281.0,,2.0,California-Irvine,2013.0,2013.0,,,-30.0,0.046511628
2015,19,00-0029738,D.Fells,TE,ARI,GB,0,0,0.0,0,0.0,0.0,0.0,0,0.0,0,2,2,14.0,0,1.4,3.4,,,79.0,281.0,,2.0,California-Irvine,2013.0,2013.0,,,6.0,0.048780486
2015,20,00-0029738,D.Fells,TE,ARI,CAR,0,0,0.0,0,0.0,0.0,0.0,0,0.0,0,4,2,36.0,1,9.6,11.6,,,79.0,281.0,,2.0,California-Irvine,2013.0,2013.0,,,,0.09756097
2015,14,00-0029755,,TE,SF,CLE,0,0,0.0,0,0.0,0.0,0.0,0,0.0,0,1,1,4.0,0,0.4,1.4,,,77.0,255.0,25.72625,2.0,,2013.0,2013.0,,,,0.035714287
2015,5,00-0029764,C.Davis,FS,LA,GB,0,0,0.0,0,0.0,0.0,0.0,0,0.0,0,1,1,20.0,0,2.0,3.0,,,73.0,206.0,,2.0,Texas Tech,2013.0,2013.0,,,,0.03448276
2015,10,00-0029764,C.Davis,FS,LA,CHI,0,0,0.0,0,0.0,0.0,0.0,0,0.0,0,1,0,0.0,0,0.0,0.0,,,73.0,206.0,,2.0,Texas Tech,2013.0,2013.0,,,,0.027027028
2015,1,00-0029795,B.Cunningham,RB,LA,SEA,0,0,0.0,0,0.0,0.0,0.0,16,45.0,0,7,4,77.0,0,12.2,16.2,,,70.0,217.0,,2.0,Middle Tennessee State,2013.0,2013.0,,,,0.25925925
2015,2,00-0029795,B.Cunningham,RB,LA,WAS,0,0,0.0,0,0.0,0.0,0.0,1,0.0,0,6,4,27.0,0,2.7,6.7,,,70.0,217.0,,2.0,Middle Tennessee State,2013.0,2013.0,,,,0.1875
2015,3,00-0029795,B.Cunningham,RB,LA,PIT,0,0,0.0,0,0.0,0.0,0.0,1,12.0,0,2,2,18.0,0,3.0,5.0,,,70.0,217.0,,2.0,Middle Tennessee State,2013.0,2013.0,,,,0.06896552
2015,4,00-0029795,B.Cunningham,RB,LA,ARI,0,0,0.0,0,0.0,0.0,0.0,2,0.0,0,2,2,4.0,0,0.4,2.4,,,70.0,217.0,,2.0,Middle Tennessee State,2013.0,2013.0,,,,0.083333336
2015,5,00-0029795,B.Cunningham,RB,LA,GB,0,0,0.0,0,0.0,0.0,0.0,0,0.0,0,2,2,28.0,0,2.8,4.8,,,70.0,217.0,,2.0,Middle Tennessee State,2013.0,2013.0,,,,0.06896552
2015,7,00-0029795,B.Cunningham,RB,LA,CLE,0,0,0.0,0,0.0,0.0,0.0,4,11.0,0,2,2,13.0,0,2.4,4.4,,,70.0,217.0,,2.0,Middle Tennessee State,2013.0,2013.0,,,,0.08695652
2015,10,00-0029795,B.Cunningham,RB,LA,CHI,0,0,0.0,0,0.0,0.0,0.0,0,0.0,0,2,1,2.0,0,0.2,1.2,,,70.0,217.0,,2.0,Middle Tennessee State,2013.0,2013.0,,,,0.054054055
2015,11,00-0029795,B.Cunningham,RB,LA,BAL,0,0,0.0,0,0.0,0.0,0.0,1,0.0,0,2,1,20.0,0,2.0,3.0,,,70.0,217.0,,2.0,Middle Tennessee State,2013.0,2013.0,,,,0.07692308
2015,12,00-0029795,B.Cunningham,RB,LA,CIN,0,0,0.0,0,0.0,0.0,0.0,2,12.0,0,3,1,5.0,0,1.7,2.7,,,70.0,217.0,,2.0,Middle Tennessee State,2013.0,2013.0,,,,0.056603774
2015,13,00-0029795,B.Cunningham,RB,LA,ARI,0,0,0.0,0,0.0,0.0,0.0,0,0.0,0,1,0,0.0,0,0.0,0.0,,,70.0,217.0,,2.0,Middle Tennessee State,2013.0,2013.0,,,,0.029411765
2015,14,00-0029795,B.Cunningham,RB,LA,DET,0,0,0.0,0,0.0,0.0,0.0,3,14.0,0,1,1,8.0,0,2.2,3.2,,,70.0,217.0,,2.0,Middle Tennessee State,2013.0,2013.0,,,,0.045454547
2015,15,00-0029795,B.Cunningham,RB,LA,TB,0,0,0.0,0,0.0,0.0,0.0,2,8.0,0,0,0,0.0,0,0.8,0.8,,,70.0,217.0,,2.0,Middle Tennessee State,2013.0,2013.0,,,,
2015,16,00-0029795,B.Cunningham,RB,LA,SEA,0,0,0.0,0,0.0,0.0,0.0,1,0.0,0,3,3,14.0,0,1.4,4.4,,,70.0,217.0,,2.0,Middle Tennessee State,2013.0,2013.0,,,,0.13043478
2015,17,00-0029795,B.Cunningham,RB,LA,SF,0,0,0.0,0,0.0,0.0,0.0,4,38.0,0,3,3,34.0,0,7.2,10.2,,,70.0,217.0,,2.0,Middle Tennessee State,2013.0,2013.0,,,,0.078947365
2015,1,00-0029848,N.Williams,WR,ATL,PHI,0,0,0.0,0,0.0,0.0,0.0,0,0.0,0,1,1,5.0,0,0.5,1.5,,,70.0,184.0,24.95675,2.0,Connecticut,2013.0,2013.0,,,2.0,0.029411765
2015,2,00-0029848,N.Williams,WR,ATL,NYG,0,0,0.0,0,0.0,0.0,0.0,0,0.0,0,1,1,12.0,0,1.2,2.2,,,70.0,184.0,24.95675,2.0,Connecticut,2013.0,2013.0,,,,0.02173913
2015,3,00-0029848,N.Williams,WR,ATL,DAL,0,0,0.0,0,0.0,0.0,0.0,0,0.0,0,1,1,6.0,0,0.6,1.6,,,70.0,184.0,24.95675,2.0,Connecticut,2013.0,2013.0,,,,0.028571429
2015,4,00-0029848,N.Williams,WR,ATL,HOU,0,0,0.0,0,0.0,0.0,0.0,0,0.0,0,1,1,8.0,0,0.8,1.8,,,70.0,184.0,24.95675,2.0,Connecticut,2013.0,2013.0,,,27.0,0.037037037
2015,5,00-0029848,N.Williams,WR,ATL,WAS,0,0,0.0,0,0.0,0.0,0.0,0,0.0,0,4,1,13.0,0,1.3,2.3,,,70.0,184.0,24.95675,2.0,Connecticut,2013.0,2013.0,,,6.0,0.0952381
2015,6,00-0029848,N.Williams,WR,ATL,NO,0,0,0.0,0,0.0,0.0,0.0,0,0.0,0,1,1,11.0,0,1.1,2.1,,,70.0,184.0,24.95675,2.0,Connecticut,2013.0,2013.0,,,,0.023255814
2015,7,00-0029848,N.Williams,WR,ATL,TEN,0,0,0.0,0,0.0,0.0,0.0,0,0.0,0,5,3,43.0,0,4.3,7.3,,,70.0,184.0,24.95675,2.0,Connecticut,2013.0,2013.0,,,,0.13157895
2015,9,00-0029848,N.Williams,WR,ATL,SF,0,0,0.0,0,0.0,0.0,0.0,0,0.0,0,1,0,0.0,0,0.0,0.0,,,70.0,184.0,24.95675,2.0,Connecticut,2013.0,2013.0,,,,0.022222223
2015,12,00-0029848,N.Williams,WR,ATL,MIN,0,0,0.0,0,0.0,0.0,0.0,0,0.0,0,4,3,16.0,1,7.6,10.6,,,70.0,184.0,24.95675,2.0,Connecticut,2013.0,2013.0,,,-10.0,0.12903225
2015,13,00-0029848,N.Williams,WR,ATL,TB,0,0,0.0,0,0.0,0.0,0.0,0,0.0,0,2,1,5.0,1,6.5,7.5,,,70.0,184.0,24.95675,2.0,Connecticut,2013.0,2013.0,,,,0.045454547
2015,14,00-0029848,N.Williams,WR,ATL,CAR,0,0,0.0,0,0.0,0.0,0.0,0,0.0,0,4,4,40.0,0,4.0,8.0,,,70.0,184.0,24.95675,2.0,Connecticut,2013.0,2013.0,,,,0.09756097
2015,1,00-0029854,C.Anderson,RB,DEN,BAL,0,0,0.0,0,0.0,0.0,0.0,12,29.0,0,8,4,19.0,0,4.8,8.8,,,68.0,224.0,24.778,2.0,California,2013.0,2013.0,,,6.0,0.2
2015,2,00-0029854,C.Anderson,RB,DEN,KC,0,0,0.0,0,0.0,0.0,0.0,12,27.0,0,1,1,2.0,0,2.9,3.9,,,68.0,224.0,24.778,2.0,California,2013.0,2013.0,,,,0.022222223
2015,3,00-0029854,C.Anderson,RB,DEN,DET,0,0,0.0,0,0.0,0.0,0.0,8,18.0,0,1,1,9.0,0,2.7,3.7,,,68.0,224.0,24.778,2.0,California,2013.0,2013.0,,,,0.023809524
2015,4,00-0029854,C.Anderson,RB,DEN,MIN,0,0,0.0,0,0.0,0.0,0.0,11,43.0,0,1,1,27.0,0,7.0,8.0,,,68.0,224.0,24.778,2.0,California,2013.0,2013.0,,,3.0,0.037037037
2015,5,00-0029854,C.Anderson,RB,DEN,LV,0,0,0.0,0,0.0,0.0,0.0,11,22.0,0,2,2,18.0,0,4.0,6.0,,,68.0,224.0,24.778,2.0,California,2013.0,2013.0,,,,0.057142857
2015,6,00-0029854,C.Anderson,RB,DEN,CLE,0,0,0.0,0,0.0,0.0,0.0,13,41.0,0,4,4,25.0,0,6.6,10.6,,,68.0,224.0,24.778,2.0,California,2013.0,2013.0,,,,0.08510638
2015,8,00-0029854,C.Anderson,RB,DEN,GB,0,0,0.0,0,0.0,0.0,0.0,14,101.0,1,1,1,5.0,0,16.6,17.6,,,68.0,224.0,24.778,2.0,California,2013.0,2013.0,,,19.0,0.03448276
2015,9,00-0029854,C.Anderson,RB,DEN,IND,0,0,0.0,0,0.0,0.0,0.0,7,34.0,0,2,1,4.0,0,3.8,4.8,,,68.0,224.0,24.778,2.0,California,2013.0,2013.0,,,,0.055555556
2015,10,00-0029854,C.Anderson,RB,DEN,KC,0,0,0.0,0,0.0,0.0,0.0,2,9.0,0,1,0,0.0,0,0.9,0.9,,,68.0,224.0,24.778,2.0,California,2013.0,2013.0,,,-16.0,0.023255814
2015,11,00-0029854,C.Anderson,RB,DEN,CHI,0,0,0.0,0,0.0,0.0,0.0,12,59.0,0,2,2,13.0,0,7.2,9.2,,,68.0,224.0,24.778,2.0,California,2013.0,2013.0,,,,0.074074075
2015,12,00-0029854,C.Anderson,RB,DEN,NE,0,0,0.0,0,0.0,0.0,0.0,15,113.0,2,4,4,40.0,0,27.3,31.3,,,68.0,224.0,24.778,2.0,California,2013.0,2013.0,,,6.0,0.0952381
2015,13,00-0029854,C.Anderson,RB,DEN,LAC,0,0,0.0,0,0.0,0.0,0.0,7,42.0,0,1,1,12.0,0,5.4,6.4,,,68.0,224.0,24.778,2.0,California,2013.0,2013.0,,,,0.03846154
2015,15,00-0029854,C.Anderson,RB,DEN,PIT,0,0,0.0,0,0.0,0.0,0.0,4,14.0,0,3,1,6.0,0,2.0,3.0,,,68.0,224.0,24.778,2.0,California,2013.0,2013.0,,,,0.06818182
2015,16,00-0029854,C.Anderson,RB,DEN,CIN,0,0,0.0,0,0.0,0.0,0.0,9,73.0,1,2,1,8.0,0,12.1,13.1,,,68.0,224.0,24.778,2.0,California,2013.0,2013.0,,,3.0,0.051282052
2015,17,00-0029854,C.Anderson,RB,DEN,LAC,0,0,0.0,0,0.0,0.0,0.0,15,95.0,1,3,1,-5.0,0,13.0,14.0,,,68.0,224.0,24.778,2.0,California,2013.0,2013.0,,,7.0,0.09677419
2015,19,00-0029854,C.Anderson,RB,DEN,PIT,0,0,0.0,0,0.0,0.0,0.0,15,72.0,1,3,2,11.0,0,14.3,16.3,,,68.0,224.0,24.778,2.0,California,2013.0,2013.0,,,7.0,0.08108108
2015,20,00-0029854,C.Anderson,RB,DEN,NE,0,0,0.0,0,0.0,0.0,0.0,16,72.0,0,3,3,18.0,0,9.0,12.0,,,68.0,224.0,24.778,2.0,California,2013.0,2013.0,,,2.0,0.09677419
2015,21,00-0029854,C.Anderson,RB,DEN,CAR,0,0,0.0,0,0.0,0.0,0.0,23,90.0,1,4,4,10.0,0,16.0,20.0,,,68.0,224.0,24.778,2.0,California,2013.0,2013.0,,,14.0,0.17391305
2015,4,00-0029878,M.Gray,TE,BUF,NYG,0,0,0.0,0,0.0,0.0,0.0,0,0.0,0,1,1,2.0,0,0.2,1.2,,,76.0,242.0,25.87675,2.0,Minnesota,2013.0,2013.0,,,-14.0,0.023809524
2015,1,00-0029892,K.Juszczyk,FB,BAL,DEN,0,0,0.0,0,0.0,0.0,0.0,0,0.0,0,4,4,17.0,0,1.7,5.7,,,73.0,248.0,,2.0,Harvard,2013.0,2013.0,BLT,130,,0.125
2015,2,00-0029892,K.Juszczyk,FB,BAL,LV,0,0,0.0,0,0.0,0.0,0.0,0,0.0,0,1,1,11.0,0,1.1,2.1,,,73.0,248.0,,2.0,Harvard,2013.0,2013.0,BLT,130,,0.022222223
2015,3,00-0029892,K.Juszczyk,FB,BAL,CIN,0,0,0.0,0,0.0,0.0,0.0,0,0.0,0,3,2,11.0,0,1.1,3.1,,,73.0,248.0,,2.0,Harvard,2013.0,2013.0,BLT,130,-4.0,0.0625
2015,4,00-0029892,K.Juszczyk,FB,BAL,PIT,0,0,0.0,0,0.0,0.0,0.0,0,0.0,0,1,1,3.0,0,0.3,1.3,,,73.0,248.0,,2.0,Harvard,2013.0,2013.0,BLT,130,,0.030303031
2015,5,00-0029892,K.Juszczyk,FB,BAL,CLE,0,0,0.0,0,0.0,0.0,0.0,0,0.0,0,6,3,31.0,1,9.1,12.1,,,73.0,248.0,,2.0,Harvard,2013.0,2013.0,BLT,130,-3.0,0.17142858
2015,6,00-0029892,K.Juszczyk,FB,BAL,SF,0,0,0.0,0,0.0,0.0,0.0,0,0.0,0,2,2,22.0,0,2.2,4.2,,,73.0,248.0,,2.0,Harvard,2013.0,2013.0,BLT,130,,0.03846154
2015,7,00-0029892,K.Juszczyk,FB,BAL,ARI,0,0,0.0,0,0.0,0.0,0.0,0,0.0,0,5,4,15.0,1,7.5,11.5,,,73.0,248.0,,2.0,Harvard,2013.0,2013.0,BLT,130,,0.12820514
2015,8,00-0029892,K.Juszczyk,FB,BAL,LAC,0,0,0.0,0,0.0,0.0,0.0,0,0.0,0,2,1,39.0,0,3.9,4.9,,,73.0,248.0,,2.0,Harvard,2013.0,2013.0,BLT,130,3.0,0.054054055
2015,10,00-0029892,K.Juszczyk,FB,BAL,JAX,0,0,0.0,0,0.0,0.0,0.0,0,0.0,0,5,5,47.0,0,4.7,9.7,,,73.0,248.0,,2.0,Harvard,2013.0,2013.0,BLT,130,-2.0,0.11111111
2015,11,00-0029892,K.Juszczyk,FB,BAL,LA,0,0,0.0,0,0.0,0.0,0.0,2,3.0,0,5,3,10.0,0,1.3,4.3,,,73.0,248.0,,2.0,Harvard,2013.0,2013.0,BLT,130,3.0,0.11627907
2015,12,00-0029892,K.Juszczyk,FB,BAL,CLE,0,0,0.0,0,0.0,0.0,0.0,0,0.0,0,4,2,18.0,0,1.8,3.8,,,73.0,248.0,,2.0,Harvard,2013.0,2013.0,BLT,130,,0.11764706
2015,13,00-0029892,K.Juszczyk,FB,BAL,MIA,0,0,0.0,0,0.0,0.0,0.0,0,0.0,0,2,1,-2.0,0,-0.2,0.8,,,73.0,248.0,,2.0,Harvard,2013.0,2013.0,BLT,130,,0.04347826
2015,14,00-0029892,K.Juszczyk,FB,BAL,SEA,0,0,0.0,0,0.0,0.0,0.0,0,0.0,0,1,0,0.0,0,0.0,0.0,,,73.0,248.0,,2.0,Harvard,2013.0,2013.0,BLT,130,-29.0,0.025
2015,15,00-0029892,K.Juszczyk,FB,BAL,KC,0,0,0.0,0,0.0,0.0,0.0,0,0.0,0,6,5,26.0,1,8.6,13.6,,,73.0,248.0,,2.0,Harvard,2013.0,2013.0,BLT,130,-20.0,0.13333334
2015,16,00-0029892,K.Juszczyk,FB,BAL,PIT,0,0,0.0,0,0.0,0.0,0.0,0,0.0,0,7,5,55.0,0,5.5,10.5,,,73.0,248.0,,2.0,Harvard,2013.0,2013.0,BLT,130,3.0,0.175
2015,17,00-0029892,K.Juszczyk,FB,BAL,CIN,0,0,0.0,0,0.0,0.0,0.0,0,0.0,0,2,2,18.0,1,7.8,9.8,,,73.0,248.0,,2.0,Harvard,2013.0,2013.0,BLT,130,,0.037037037
2015,4,00-0029910,T.Wright,TE,DET,SEA,0,0,0.0,0,0.0,0.0,0.0,0,0.0,0,2,1,26.0,0,2.6,3.6,,,76.0,220.0,25.58725,2.0,Rutgers,2013.0,2013.0,,,,0.057142857
2015,5,00-0029910,T.Wright,TE,DET,ARI,0,0,0.0,0,0.0,0.0,0.0,0,0.0,0,5,3,12.0,0,1.2,4.2,,,76.0,220.0,25.58725,2.0,Rutgers,2013.0,2013.0,,,-25.0,0.073529415
2015,6,00-0029910,T.Wright,TE,DET,CHI,0,0,0.0,0,0.0,0.0,0.0,0,0.0,0,6,3,17.0,1,7.7,10.7,,,76.0,220.0,25.58725,2.0,Rutgers,2013.0,2013.0,,,3.0,0.15
2015,7,00-0029910,T.Wright,TE,DET,MIN,0,0,0.0,0,0.0,0.0,0.0,0,0.0,0,1,1,13.0,0,1.3,2.3,,,76.0,220.0,25.58725,2.0,Rutgers,2013.0,2013.0,,,-9.0,0.03846154
2015,15,00-0029910,T.Wright,TE,DET,NO,0,0,0.0,0,0.0,0.0,0.0,0,0.0,0,1,0,0.0,0,0.0,0.0,,,76.0,220.0,25.58725,2.0,Rutgers,2013.0,2013.0,,,,0.04
2015,17,00-0029910,T.Wright,TE,DET,CHI,0,0,0.0,0,0.0,0.0,0.0,0,0.0,0,1,1,9.0,1,6.9,7.9,,,76.0,220.0,25.58725,2.0,Rutgers,2013.0,2013.0,,,,0.025641026
2015,2,00-0029931,Z.Line,FB,MIN,DET,0,0,0.0,0,0.0,0.0,0.0,1,1.0,1,0,0,0.0,0,6.1,6.1,,,73.0,233.0,25.550235294117645,2.0,Southern Methodist,2013.0,2013.0,,,10.0,
2015,3,00-0029931,Z.Line,FB,MIN,LAC,0,0,0.0,0,0.0,0.0,0.0,1,1.0,1,0,0,0.0,0,6.1,6.1,,,73.0,233.0,25.550235294117645,2.0,Southern Methodist,2013.0,2013.0,,,17.0,
2015,4,00-0029931,Z.Line,FB,MIN,DEN,0,0,0.0,0,0.0,0.0,0.0,0,0.0,0,1,0,0.0,0,0.0,0.0,,,73.0,233.0,25.550235294117645,2.0,Southern Methodist,2013.0,2013.0,,,,0.024390243
2015,6,00-0029931,Z.Line,FB,MIN,KC,0,0,0.0,0,0.0,0.0,0.0,0,0.0,0,1,1,3.0,0,0.3,1.3,,,73.0,233.0,25.550235294117645,2.0,Southern Methodist,2013.0,2013.0,,,6.0,0.032258064
2015,7,00-0029931,Z.Line,FB,MIN,DET,0,0,0.0,0,0.0,0.0,0.0,2,2.0,0,1,1,49.0,0,5.1,6.1,,,73.0,233.0,25.550235294117645,2.0,Southern Methodist,2013.0,2013.0,,,,0.029411765
2015,11,00-0029931,Z.Line,FB,MIN,GB,0,0,0.0,0,0.0,0.0,0.0,0,0.0,0,1,1,7.0,0,0.7,1.7,,,73.0,233.0,25.550235294117645,2.0,Southern Methodist,2013.0,2013.0,,,-17.0,0.027027028
2015,12,00-0029931,Z.Line,FB,MIN,ATL,0,0,0.0,0,0.0,0.0,0.0,0,0.0,0,2,1,8.0,0,0.8,1.8,,,73.0,233.0,25.550235294117645,2.0,Southern Methodist,2013.0,2013.0,,,,0.074074075
2015,14,00-0029931,Z.Line,FB,MIN,ARI,0,0,0.0,0,0.0,0.0,0.0,0,0.0,0,1,1,24.0,0,2.4,3.4,,,73.0,233.0,25.550235294117645,2.0,Southern Methodist,2013.0,2013.0,,,,0.030303031
2015,15,00-0029931,Z.Line,FB,MIN,CHI,0,0,0.0,0,0.0,0.0,0.0,1,3.0,0,2,1,4.0,1,6.7,7.7,,,73.0,233.0,25.550235294117645,2.0,Southern Methodist,2013.0,2013.0,,,21.0,0.1
2015,16,00-0029931,Z.Line,FB,MIN,NYG,0,0,0.0,0,0.0,0.0,0.0,1,3.0,0,0,0,0.0,0,0.3,0.3,,,73.0,233.0,25.550235294117645,2.0,Southern Methodist,2013.0,2013.0,,,32.0,
2015,18,00-0029931,Z.Line,FB,MIN,SEA,0,0,0.0,0,0.0,0.0,0.0,0,0.0,0,2,2,7.0,0,0.7,2.7,,,73.0,233.0,25.550235294117645,2.0,Southern Methodist,2013.0,2013.0,,,-1.0,0.083333336
2015,8,00-0030000,K.Thompkins,WR,NYJ,LV,0,0,0.0,0,0.0,0.0,0.0,0,0.0,0,7,6,41.0,0,4.1,10.1,,,73.0,195.0,27.333727272727273,2.0,Cincinnati,2013.0,2013.0,,,,0.14893617
2015,9,00-0030000,K.Thompkins,WR,NYJ,JAX,0,0,0.0,0,0.0,0.0,0.0,0,0.0,0,4,4,45.0,0,4.5,8.5,,,73.0,195.0,27.333727272727273,2.0,Cincinnati,2013.0,2013.0,,,5.0,0.11764706
2015,10,00-0030000,K.Thompkins,WR,NYJ,BUF,0,0,0.0,0,0.0,0.0,0.0,0,0.0,0,4,1,2.0,0,0.2,1.2,,,73.0,195.0,27.333727272727273,2.0,Cincinnati,2013.0,2013.0,,,-5.0,0.11764706
2015,15,00-0030000,K.Thompkins,WR,NYJ,DAL,0,0,0.0,0,0.0,0.0,0.0,0,0.0,0,5,2,50.0,0,5.0,7.0,,,73.0,195.0,27.333727272727273,2.0,Cincinnati,2013.0,2013.0,,,,0.12820514
2015,16,00-0030000,K.Thompkins,WR,NYJ,NE,0,0,0.0,0,0.0,0.0,0.0,0,0.0,0,9,4,27.0,0,2.7,6.7,,,73.0,195.0,27.333727272727273,2.0,Cincinnati,2013.0,2013.0,,,6.0,0.225
2015,17,00-0030000,K.Thompkins,WR,NYJ,BUF,0,0,0.0,0,0.0,0.0,0.0,0,0.0,0,4,0,0.0,0,0.0,0.0,,,73.0,195.0,27.333727272727273,2.0,Cincinnati,2013.0,2013.0,,,,0.11111111
2015,3,00-0030035,A.Thielen,WR,MIN,LAC,0,0,0.0,0,0.0,0.0,0.0,0,0.0,0,4,2,16.0,0,1.6,3.6,,,74.0,200.0,25.227176470588237,2.0,Minn. State-Mankato,2013.0,2013.0,,,17.0,0.16666667
2015,4,00-0030035,A.Thielen,WR,MIN,DEN,0,0,0.0,0,0.0,0.0,0.0,0,0.0,0,8,6,70.0,0,7.0,13.0,,,74.0,200.0,25.227176470588237,2.0,Minn. State-Mankato,2013.0,2013.0,,,,0.19512194
2015,7,00-0030035,A.Thielen,WR,MIN,DET,0,0,0.0,0,0.0,0.0,0.0,0,0.0,0,2,1,30.0,0,3.0,4.0,,,74.0,200.0,25.227176470588237,2.0,Minn. State-Mankato,2013.0,2013.0,,,,0.05882353
2015,10,00-0030035,A.Thielen,WR,MIN,LV,0,0,0.0,0,0.0,0.0,0.0,1,14.0,0,0,0,0.0,0,1.4,1.4,,,74.0,200.0,25.227176470588237,2.0,Minn. State-Mankato,2013.0,2013.0,,,,
2015,11,00-0030035,A.Thielen,WR,MIN,GB,0,0,0.0,0,0.0,0.0,0.0,0,0.0,0,1,0,0.0,0,0.0,0.0,,,74.0,200.0,25.227176470588237,2.0,Minn. State-Mankato,2013.0,2013.0,,,-17.0,0.027027028
2015,14,00-0030035,A.Thielen,WR,MIN,ARI,0,0,0.0,0,0.0,0.0,0.0,0,0.0,0,1,1,7.0,0,0.7,1.7,,,74.0,200.0,25.227176470588237,2.0,Minn. State-Mankato,2013.0,2013.0,,,,0.030303031
2015,15,00-0030035,A.Thielen,WR,MIN,CHI,0,0,0.0,0,0.0,0.0,0.0,1,8.0,0,0,0,0.0,0,0.8,0.8,,,74.0,200.0,25.227176470588237,2.0,Minn. State-Mankato,2013.0,2013.0,,,21.0,
2015,16,00-0030035,A.Thielen,WR,MIN,NYG,0,0,0.0,0,0.0,0.0,0.0,0,0.0,0,1,1,5.0,0,0.5,1.5,,,74.0,200.0,25.227176470588237,2.0,Minn. State-Mankato,2013.0,2013.0,,,32.0,0.04
2015,17,00-0030035,A.Thielen,WR,MIN,GB,0,0,0.0,0,0.0,0.0,0.0,2,67.0,0,1,1,16.0,0,8.3,9.3,,,74.0,200.0,25.227176470588237,2.0,Minn. State-Mankato,2013.0,2013.0,,,,0.05882353
2015,18,00-0030035,A.Thielen,WR,MIN,SEA,0,0,0.0,0,0.0,0.0,0.0,0,0.0,0,1,0,0.0,0,0.0,0.0,,,74.0,200.0,25.227176470588237,2.0,Minn. State-Mankato,2013.0,2013.0,,,-1.0,0.041666668
2015,8,00-0030039,,RB,SF,LA,0,0,0.0,0,0.0,0.0,0.0,5,6.0,0,3,2,17.0,0,2.3,4.3,,,73.0,238.0,25.082666666666668,2.0,,2013.0,2013.0,,,,0.07317073
2015,9,00-0030039,,RB,SF,ATL,0,0,0.0,0,0.0,0.0,0.0,7,20.0,0,0,0,0.0,0,2.0,2.0,,,73.0,238.0,25.082666666666668,2.0,,2013.0,2013.0,,,1.0,
2015,15,00-0030039,,RB,SF,CIN,0,0,0.0,0,0.0,0.0,0.0,2,0.0,0,7,6,52.0,0,5.2,11.2,,,73.0,238.0,25.082666666666668,2.0,,2013.0,2013.0,,,-10.0,0.14
2015,16,00-0030039,,RB,SF,DET,0,0,0.0,0,0.0,0.0,0.0,2,12.0,0,0,0,0.0,0,1.2,1.2,,,73.0,238.0,25.082666666666668,2.0,,2013.0,2013.0,,,,
2015,1,00-0030047,M.Wilson,WR,CHI,GB,0,0,0.0,0,0.0,0.0,0.0,0,0.0,0,2,2,59.0,0,5.9,7.9,,,76.0,199.0,23.109750000000002,2.0,Washington State,2013.0,2013.0,CHI,236,-8.0,0.057142857
2015,2,00-0030047,M.Wilson,WR,CHI,ARI,0,0,0.0,0,0.0,0.0,0.0,0,0.0,0,5,1,10.0,0,1.0,2.0,,,76.0,199.0,23.109750000000002,2.0,Washington State,2013.0,2013.0,CHI,236,-25.0,0.15625
2015,3,00-0030047,M.Wilson,WR,CHI,SEA,0,0,0.0,0,0.0,0.0,0.0,0,0.0,0,2,0,0.0,0,0.0,0.0,,,76.0,199.0,23.109750000000002,2.0,Washington State,2013.0,2013.0,CHI,236,,0.11764706
2015,4,00-0030047,M.Wilson,WR,CHI,LV,0,0,0.0,0,0.0,0.0,0.0,0,0.0,0,9,6,80.0,0,8.0,14.0,,,76.0,199.0,23.109750000000002,2.0,Washington State,2013.0,2013.0,CHI,236,2.0,0.20930232
2015,5,00-0030047,M.Wilson,WR,CHI,KC,0,0,0.0,0,0.0,0.0,0.0,0,0.0,0,8,6,85.0,1,14.5,20.5,,,76.0,199.0,23.109750000000002,2.0,Washington State,2013.0,2013.0,CHI,236,,0.17777778
2015,6,00-0030047,M.Wilson,WR,CHI,DET,0,0,0.0,0,0.0,0.0,0.0,0,0.0,0,4,2,54.0,0,5.4,7.4,,,76.0,199.0,23.109750000000002,2.0,Washington State,2013.0,2013.0,CHI,236,,0.09756097
2015,8,00-0030047,M.Wilson,WR,CHI,MIN,0,0,0.0,0,0.0,0.0,0.0,0,0.0,0,3,1,14.0,0,1.4,2.4,,,76.0,199.0,23.109750000000002,2.0,Washington State,2013.0,2013.0,CHI,236,-3.0,0.09090909
2015,9,00-0030047,M.Wilson,WR,CHI,LAC,0,0,0.0,0,0.0,0.0,0.0,0,0.0,0,3,1,15.0,0,1.5,2.5,,,76.0,199.0,23.109750000000002,2.0,Washington State,2013.0,2013.0,CHI,236,,0.078947365
2015,10,00-0030047,M.Wilson,WR,CHI,LA,0,0,0.0,0,0.0,0.0,0.0,0,0.0,0,3,1,1.0,0,0.1,1.1,,,76.0,199.0,23.109750000000002,2.0,Washington State,2013.0,2013.0,CHI,236,,0.125
2015,11,00-0030047,M.Wilson,WR,CHI,DEN,0,0,0.0,0,0.0,0.0,0.0,0,0.0,0,7,4,102.0,0,10.2,14.2,,,76.0,199.0,23.109750000000002,2.0,Washington State,2013.0,2013.0,CHI,236,-2.0,0.21875
2015,12,00-0030047,M.Wilson,WR,CHI,GB,0,0,0.0,0,0.0,0.0,0.0,0,0.0,0,5,4,44.0,0,4.4,8.4,,,76.0,199.0,23.109750000000002,2.0,Washington State,2013.0,2013.0,CHI,236,,0.16129032
2015,4,00-0030049,C.Gragg,TE,BUF,NYG,0,0,0.0,0,0.0,0.0,0.0,0,0.0,0,1,1,15.0,0,1.5,2.5,,,75.0,244.0,25.3588125,2.0,Arkansas,2013.0,2013.0,BUF,222,-14.0,0.023809524
2015,6,00-0030049,C.Gragg,TE,BUF,CIN,0,0,0.0,0,0.0,0.0,0.0,0,0.0,0,5,5,54.0,0,5.4,10.4,,,75.0,244.0,25.3588125,2.0,Arkansas,2013.0,2013.0,BUF,222,-13.0,0.125
2015,7,00-0030049,C.Gragg,TE,BUF,JAX,0,0,0.0,0,0.0,0.0,0.0,0,0.0,0,7,2,35.0,0,3.5,5.5,,,75.0,244.0,25.3588125,2.0,Arkansas,2013.0,2013.0,BUF,222,,0.16666667
2015,11,00-0030049,C.Gragg,TE,BUF,NE,0,0,0.0,0,0.0,0.0,0.0,0,0.0,0,1,0,0.0,0,0.0,0.0,,,75.0,244.0,25.3588125,2.0,Arkansas,2013.0,2013.0,BUF,222,,0.027777778
2015,14,00-0030049,C.Gragg,TE,BUF,PHI,0,0,0.0,0,0.0,0.0,0.0,0,0.0,0,2,1,11.0,0,1.1,2.1,,,75.0,244.0,25.3588125,2.0,Arkansas,2013.0,2013.0,BUF,222,,0.055555556
2015,15,00-0030049,C.Gragg,TE,BUF,WAS,0,0,0.0,0,0.0,0.0,0.0,0,0.0,0,1,1,16.0,0,1.6,2.6,,,75.0,244.0,25.3588125,2.0,Arkansas,2013.0,2013.0,BUF,222,,0.037037037
2015,16,00-0030049,C.Gragg,TE,BUF,DAL,0,0,0.0,0,0.0,0.0,0.0,0,0.0,0,3,2,19.0,0,1.9,3.9,,,75.0,244.0,25.3588125,2.0,Arkansas,2013.0,2013.0,BUF,222,10.0,0.16666667
2015,1,00-0030061,Z.Ertz,TE,PHI,ATL,0,0,0.0,0,0.0,0.0,0.0,0,0.0,0,8,3,46.0,0,4.6,7.6,,,77.0,250.0,24.9946875,2.0,Stanford,2013.0,2013.0,PHI,35,,0.15384616
2015,2,00-0030061,Z.Ertz,TE,PHI,DAL,0,0,0.0,0,0.0,0.0,0.0,0,0.0,0,7,3,17.0,0,1.7,4.7,,,77.0,250.0,24.9946875,2.0,Stanford,2013.0,2013.0,PHI,35,-10.0,0.1891892
2015,3,00-0030061,Z.Ertz,TE,PHI,NYJ,0,0,0.0,0,0.0,0.0,0.0,0,0.0,0,2,2,30.0,0,3.0,5.0,,,77.0,250.0,24.9946875,2.0,Stanford,2013.0,2013.0,PHI,35,,0.071428575
2015,4,00-0030061,Z.Ertz,TE,PHI,WAS,0,0,0.0,0,0.0,0.0,0.0,0,0.0,0,3,2,11.0,0,1.1,3.1,,,77.0,250.0,24.9946875,2.0,Stanford,2013.0,2013.0,PHI,35,,0.10714286
2015,5,00-0030061,Z.Ertz,TE,PHI,NO,0,0,0.0,0,0.0,0.0,0.0,0,0.0,0,7,5,60.0,0,6.0,11.0,,,77.0,250.0,24.9946875,2.0,Stanford,2013.0,2013.0,PHI,35,22.0,0.15555556
2015,6,00-0030061,Z.Ertz,TE,PHI,NYG,0,0,0.0,0,0.0,0.0,0.0,0,0.0,0,7,4,43.0,0,4.3,8.3,,,77.0,250.0,24.9946875,2.0,Stanford,2013.0,2013.0,PHI,35,20.0,0.1891892
2015,7,00-0030061,Z.Ertz,TE,PHI,CAR,0,0,0.0,0,0.0,0.0,0.0,0,0.0,0,8,5,63.0,0,6.3,11.3,,,77.0,250.0,24.9946875,2.0,Stanford,2013.0,2013.0,PHI,35,,0.17391305
2015,9,00-0030061,Z.Ertz,TE,PHI,DAL,0,0,0.0,0,0.0,0.0,0.0,0,0.0,0,6,5,44.0,0,4.4,9.4,,,77.0,250.0,24.9946875,2.0,Stanford,2013.0,2013.0,PHI,35,,0.16666667
2015,10,00-0030061,Z.Ertz,TE,PHI,MIA,0,0,0.0,0,0.0,0.0,0.0,0,0.0,0,10,7,68.0,0,6.8,13.8,,,77.0,250.0,24.9946875,2.0,Stanford,2013.0,2013.0,PHI,35,-1.0,0.20833333
2015,11,00-0030061,Z.Ertz,TE,PHI,TB,0,0,0.0,0,0.0,0.0,0.0,0,0.0,0,4,2,12.0,0,1.2,3.2,,,77.0,250.0,24.9946875,2.0,Stanford,2013.0,2013.0,PHI,35,-28.0,0.09756097
2015,13,00-0030061,Z.Ertz,TE,PHI,NE,0,0,0.0,0,0.0,0.0,0.0,0,0.0,0,4,2,9.0,1,6.9,8.9,,,77.0,250.0,24.9946875,2.0,Stanford,2013.0,2013.0,PHI,35,,0.16666667
2015,14,00-0030061,Z.Ertz,TE,PHI,BUF,0,0,0.0,0,0.0,0.0,0.0,0,0.0,0,7,5,98.0,0,9.8,14.8,,,77.0,250.0,24.9946875,2.0,Stanford,2013.0,2013.0,PHI,35,3.0,0.1891892
2015,15,00-0030061,Z.Ertz,TE,PHI,ARI,0,0,0.0,0,0.0,0.0,0.0,0,0.0,0,13,8,78.0,1,13.8,21.8,,,77.0,250.0,24.9946875,2.0,Stanford,2013.0,2013.0,PHI,35,-23.0,0.31707317
2015,16,00-0030061,Z.Ertz,TE,PHI,WAS,0,0,0.0,0,0.0,0.0,0.0,0,0.0,0,17,13,122.0,0,10.2,23.2,,,77.0,250.0,24.9946875,2.0,Stanford,2013.0,2013.0,PHI,35,-14.0,0.3090909
2015,17,00-0030061,Z.Ertz,TE,PHI,NYG,0,0,0.0,0,0.0,0.0,0.0,0,0.0,0,9,9,152.0,0,15.2,24.2,,,77.0,250.0,24.9946875,2.0,Stanford,2013.0,2013.0,PHI,35,,0.23684211
2015,5,00-0030068,M.Goodwin,WR,BUF,TEN,0,0,0.0,0,0.0,0.0,0.0,0,0.0,0,2,2,24.0,0,2.4,4.4,,,69.0,179.0,24.863833333333332,2.0,Texas,2013.0,2013.0,BUF,78,,0.11111111
2015,10,00-0030073,,SS,BUF,BUF,0,0,0.0,0,0.0,0.0,0.0,0,0.0,0,0,0,0.0,0,6.0,6.0,,,71.0,201.0,25.0659375,2.0,Nevada,2013.0,2013.0,BUF,105,,
2015,1,00-0030085,K.Stills,WR,MIA,WAS,0,0,0.0,0,0.0,0.0,0.0,0,0.0,0,3,1,12.0,0,1.2,2.2,,,72.0,198.0,23.5500625,2.0,Oklahoma,2013.0,2013.0,NO,144,,0.0882353
2015,2,00-0030085,K.Stills,WR,MIA,JAX,0,0,0.0,0,0.0,0.0,0.0,0,0.0,0,4,2,8.0,0,0.8,2.8,,,72.0,198.0,23.5500625,2.0,Oklahoma,2013.0,2013.0,NO,144,,0.093023255
2015,3,00-0030085,K.Stills,WR,MIA,BUF,0,0,0.0,0,0.0,0.0,0.0,0,0.0,0,1,0,0.0,0,0.0,0.0,,,72.0,198.0,23.5500625,2.0,Oklahoma,2013.0,2013.0,NO,144,-27.0,0.020408163
2015,4,00-0030085,K.Stills,WR,MIA,NYJ,0,0,0.0,0,0.0,0.0,0.0,0,0.0,0,8,5,81.0,1,14.1,19.1,,,72.0,198.0,23.5500625,2.0,Oklahoma,2013.0,2013.0,NO,144,-13.0,0.18181819
2015,6,00-0030085,K.Stills,WR,MIA,TEN,0,0,0.0,0,0.0,0.0,0.0,0,0.0,0,2,2,46.0,0,4.6,6.6,,,72.0,198.0,23.5500625,2.0,Oklahoma,2013.0,2013.0,NO,144,,0.06896552
2015,8,00-0030085,K.Stills,WR,MIA,NE,0,0,0.0,0,0.0,0.0,0.0,0,0.0,0,7,3,58.0,0,5.8,8.8,,,72.0,198.0,23.5500625,2.0,Oklahoma,2013.0,2013.0,NO,144,,0.1627907
2015,9,00-0030085,K.Stills,WR,MIA,BUF,0,0,0.0,0,0.0,0.0,0.0,0,0.0,0,5,3,74.0,0,7.4,10.4,,,72.0,198.0,23.5500625,2.0,Oklahoma,2013.0,2013.0,NO,144,,0.14285715
2015,10,00-0030085,K.Stills,WR,MIA,PHI,0,0,0.0,0,0.0,0.0,0.0,0,0.0,0,4,0,0.0,0,0.0,0.0,,,72.0,198.0,23.5500625,2.0,Oklahoma,2013.0,2013.0,NO,144,,0.11111111
2015,11,00-0030085,K.Stills,WR,MIA,DAL,0,0,0.0,0,0.0,0.0,0.0,0,0.0,0,2,2,52.0,1,11.2,13.2,,,72.0,198.0,23.5500625,2.0,Oklahoma,2013.0,2013.0,NO,144,-10.0,0.08695652
2015,12,00-0030085,K.Stills,WR,MIA,NYJ,0,0,0.0,0,0.0,0.0,0.0,0,0.0,0,10,2,12.0,0,1.2,3.2,,,72.0,198.0,23.5500625,2.0,Oklahoma,2013.0,2013.0,NO,144,,0.1724138
2015,13,00-0030085,K.Stills,WR,MIA,BAL,0,0,0.0,0,0.0,0.0,0.0,0,0.0,0,1,0,0.0,0,0.0,0.0,,,72.0,198.0,23.5500625,2.0,Oklahoma,2013.0,2013.0,NO,144,2.0,0.05263158
2015,14,00-0030085,K.Stills,WR,MIA,NYG,0,0,0.0,0,0.0,0.0,0.0,0,0.0,0,3,2,49.0,1,10.9,12.9,,,72.0,198.0,23.5500625,2.0,Oklahoma,2013.0,2013.0,NO,144,-7.0,0.07317073
2015,15,00-0030085,K.Stills,WR,MIA,LAC,0,0,0.0,0,0.0,0.0,0.0,0,0.0,0,6,1,23.0,0,2.3,3.3,,,72.0,198.0,23.5500625,2.0,Oklahoma,2013.0,2013.0,NO,144,,0.19354838
2015,16,00-0030085,K.Stills,WR,MIA,IND,0,0,0.0,0,0.0,0.0,0.0,0,0.0,0,3,3,14.0,0,1.4,4.4,,,72.0,198.0,23.5500625,2.0,Oklahoma,2013.0,2013.0,NO,144,-6.0,0.078947365
2015,17,00-0030085,K.Stills,WR,MIA,NE,0,0,0.0,0,0.0,0.0,0.0,0,0.0,0,4,1,11.0,0,1.1,2.1,,,72.0,198.0,23.5500625,2.0,Oklahoma,2013.0,2013.0,NO,144,10.0,0.10526316
2015,1,00-0030089,L.Willson,TE,SEA,LA,0,0,0.0,0,0.0,0.0,0.0,0,0.0,0,1,0,0.0,0,0.0,0.0,,,77.0,252.0,25.83233333333333,2.0,Rice,2013.0,2013.0,SEA,158,,0.024390243
2015,2,00-0030089,L.Willson,TE,SEA,GB,0,0,0.0,0,0.0,0.0,0.0,0,0.0,0,4,2,36.0,0,3.6,5.6,,,77.0,252.0,25.83233333333333,2.0,Rice,2013.0,2013.0,SEA,158,,0.13793103
2015,4,00-0030089,L.Willson,TE,SEA,DET,0,0,0.0,0,0.0,0.0,0.0,0,0.0,0,3,2,15.0,0,1.5,3.5,,,77.0,252.0,25.83233333333333,2.0,Rice,2013.0,2013.0,SEA,158,3.0,0.115384616
2015,5,00-0030089,L.Willson,TE,SEA,CIN,0,0,0.0,0,0.0,0.0,0.0,0,0.0,0,3,2,17.0,0,1.7,3.7,,,77.0,252.0,25.83233333333333,2.0,Rice,2013.0,2013.0,SEA,158,,0.13636364
2015,6,00-0030089,L.Willson,TE,SEA,CAR,0,0,0.0,0,0.0,0.0,0.0,0,0.0,0,1,1,16.0,0,1.6,2.6,,,77.0,252.0,25.83233333333333,2.0,Rice,2013.0,2013.0,SEA,158,-4.0,0.033333335
2015,8,00-0030089,L.Willson,TE,SEA,DAL,0,0,0.0,0,0.0,0.0,0.0,0,0.0,0,2,2,41.0,1,10.1,12.1,,,77.0,252.0,25.83233333333333,2.0,Rice,2013.0,2013.0,SEA,158,,0.06896552
2015,10,00-0030089,L.Willson,TE,SEA,ARI,0,0,0.0,0,0.0,0.0,0.0,0,0.0,0,1,0,0.0,0,0.0,0.0,,,77.0,252.0,25.83233333333333,2.0,Rice,2013.0,2013.0,SEA,158,-7.0,0.037037037
2015,11,00-0030089,L.Willson,TE,SEA,SF,0,0,0.0,0,0.0,0.0,0.0,0,0.0,0,2,2,15.0,0,1.5,3.5,,,77.0,252.0,25.83233333333333,2.0,Rice,2013.0,2013.0,SEA,158,16.0,0.074074075
2015,12,00-0030089,L.Willson,TE,SEA,PIT,0,0,0.0,0,0.0,0.0,0.0,0,0.0,0,1,1,12.0,0,1.2,2.2,,,77.0,252.0,25.83233333333333,2.0,Rice,2013.0,2013.0,SEA,158,9.0,0.03448276
2015,13,00-0030089,L.Willson,TE,SEA,MIN,0,0,0.0,0,0.0,0.0,0.0,0,0.0,0,3,2,36.0,0,3.6,5.6,,,77.0,252.0,25.83233333333333,2.0,Rice,2013.0,2013.0,SEA,158,,0.10714286
2015,14,00-0030089,L.Willson,TE,SEA,BAL,0,0,0.0,0,0.0,0.0,0.0,0,0.0,0,2,1,8.0,0,0.8,1.8,,,77.0,252.0,25.83233333333333,2.0,Rice,2013.0,2013.0,SEA,158,,0.060606062
2015,15,00-0030089,L.Willson,TE,SEA,CLE,0,0,0.0,0,0.0,0.0,0.0,0,0.0,0,2,2,17.0,0,1.7,3.7,,,77.0,252.0,25.83233333333333,2.0,Rice,2013.0,2013.0,SEA,158,17.0,0.06896552
2015,16,00-0030089,L.Willson,TE,SEA,LA,0,0,0.0,0,0.0,0.0,0.0,0,0.0,0,1,0,0.0,0,0.0,0.0,,,77.0,252.0,25.83233333333333,2.0,Rice,2013.0,2013.0,SEA,158,-6.0,0.025
2015,19,00-0030089,L.Willson,TE,SEA,CAR,0,0,0.0,0,0.0,0.0,0.0,0,0.0,0,7,4,54.0,0,5.4,9.4,,,77.0,252.0,25.83233333333333,2.0,Rice,2013.0,2013.0,SEA,158,,0.1521739
2015,5,00-0030095,C.Fuller,WR,DET,ARI,0,0,0.0,0,0.0,0.0,0.0,0,0.0,0,4,2,56.0,0,5.6,7.6,,,74.0,200.0,25.376375,2.0,Virginia Tech,2013.0,2013.0,DET,171,-25.0,0.05882353
2015,6,00-0030095,C.Fuller,WR,DET,CHI,0,0,0.0,0,0.0,0.0,0.0,0,0.0,0,1,1,5.0,0,0.5,1.5,,,74.0,200.0,25.376375,2.0,Virginia Tech,2013.0,2013.0,DET,171,3.0,0.025
2015,8,00-0030095,C.Fuller,WR,DET,KC,0,0,0.0,0,0.0,0.0,0.0,0,0.0,0,2,0,0.0,0,0.0,0.0,,,74.0,200.0,25.376375,2.0,Virginia Tech,2013.0,2013.0,DET,171,,0.05263158
2015,13,00-0030095,C.Fuller,WR,DET,GB,0,0,0.0,0,0.0,0.0,0.0,0,0.0,0,2,1,15.0,0,1.5,2.5,,,74.0,200.0,25.376375,2.0,Virginia Tech,2013.0,2013.0,DET,171,-4.0,0.05882353
2015,1,00-0030107,T.Riddick,RB,DET,LAC,0,0,0.0,0,0.0,0.0,0.0,0,0.0,0,2,2,37.0,1,9.7,11.7,,,69.0,200.0,24.5140625,2.0,Notre Dame,2013.0,2013.0,DET,199,,0.071428575
2015,2,00-0030107,T.Riddick,RB,DET,MIN,0,0,0.0,0,0.0,0.0,0.0,1,5.0,0,6,5,41.0,0,2.6,7.6,,,69.0,200.0,24.5140625,2.0,Notre Dame,2013.0,2013.0,DET,199,,0.115384616
2015,3,00-0030107,T.Riddick,RB,DET,DEN,0,0,0.0,0,0.0,0.0,0.0,0,0.0,0,10,8,66.0,0,6.6,14.6,,,69.0,200.0,24.5140625,2.0,Notre Dame,2013.0,2013.0,DET,199,-12.0,0.22222222
2015,4,00-0030107,T.Riddick,RB,DET,SEA,0,0,0.0,0,0.0,0.0,0.0,1,5.0,0,5,5,31.0,0,3.6,8.6,,,69.0,200.0,24.5140625,2.0,Notre Dame,2013.0,2013.0,DET,199,,0.14285715
2015,5,00-0030107,T.Riddick,RB,DET,ARI,0,0,0.0,0,0.0,0.0,0.0,0,0.0,0,13,10,53.0,1,11.3,21.3,,,69.0,200.0,24.5140625,2.0,Notre Dame,2013.0,2013.0,DET,199,-25.0,0.19117647
2015,6,00-0030107,T.Riddick,RB,DET,CHI,0,0,0.0,0,0.0,0.0,0.0,7,28.0,0,6,3,50.0,0,7.8,10.8,,,69.0,200.0,24.5140625,2.0,Notre Dame,2013.0,2013.0,DET,199,3.0,0.15
2015,7,00-0030107,T.Riddick,RB,DET,MIN,0,0,0.0,0,0.0,0.0,0.0,3,8.0,0,4,3,40.0,0,4.8,7.8,,,69.0,200.0,24.5140625,2.0,Notre Dame,2013.0,2013.0,DET,199,-9.0,0.15384616
2015,8,00-0030107,T.Riddick,RB,DET,KC,0,0,0.0,0,0.0,0.0,0.0,5,17.0,0,7,6,30.0,0,4.7,10.7,,,69.0,200.0,24.5140625,2.0,Notre Dame,2013.0,2013.0,DET,199,,0.18421052
2015,10,00-0030107,T.Riddick,RB,DET,GB,0,0,0.0,0,0.0,0.0,0.0,3,1.0,0,3,3,25.0,0,2.6,5.6,,,69.0,200.0,24.5140625,2.0,Notre Dame,2013.0,2013.0,DET,199,,0.078947365
2015,11,00-0030107,T.Riddick,RB,DET,LV,0,0,0.0,0,0.0,0.0,0.0,6,14.0,0,6,5,72.0,0,8.6,13.6,,,69.0,200.0,24.5140625,2.0,Notre Dame,2013.0,2013.0,DET,199,5.0,0.1764706
2015,12,00-0030107,T.Riddick,RB,DET,PHI,0,0,0.0,0,0.0,0.0,0.0,2,6.0,0,5,5,62.0,1,12.8,17.8,,,69.0,200.0,24.5140625,2.0,Notre Dame,2013.0,2013.0,DET,199,31.0,0.13157895
2015,13,00-0030107,T.Riddick,RB,DET,GB,0,0,0.0,0,0.0,0.0,0.0,1,4.0,0,6,5,27.0,0,3.1,8.1,,,69.0,200.0,24.5140625,2.0,Notre Dame,2013.0,2013.0,DET,199,-4.0,0.1764706
2015,14,00-0030107,T.Riddick,RB,DET,LA,0,0,0.0,0,0.0,0.0,0.0,3,18.0,0,11,7,44.0,0,6.2,13.2,,,69.0,200.0,24.5140625,2.0,Notre Dame,2013.0,2013.0,DET,199,,0.24444444
2015,15,00-0030107,T.Riddick,RB,DET,NO,0,0,0.0,0,0.0,0.0,0.0,2,3.0,0,2,2,27.0,0,3.0,5.0,,,69.0,200.0,24.5140625,2.0,Notre Dame,2013.0,2013.0,DET,199,,0.08
2015,16,00-0030107,T.Riddick,RB,DET,SF,0,0,0.0,0,0.0,0.0,0.0,7,20.0,0,8,7,63.0,0,8.3,15.3,,,69.0,200.0,24.5140625,2.0,Notre Dame,2013.0,2013.0,DET,199,15.0,0.21621622
2015,17,00-0030107,T.Riddick,RB,DET,CHI,0,0,0.0,0,0.0,0.0,0.0,2,4.0,0,5,4,29.0,0,3.3,7.3,,,69.0,200.0,24.5140625,2.0,Notre Dame,2013.0,2013.0,DET,199,,0.12820514
2015,1,00-0030108,R.Griffin,TE,HOU,KC,0,0,0.0,0,0.0,0.0,0.0,0,0.0,0,4,1,18.0,0,1.8,2.8,,,78.0,254.0,,2.0,Connecticut,2013.0,2013.0,HST,201,-7.0,0.08695652
2015,10,00-0030108,R.Griffin,TE,HOU,CIN,0,0,0.0,0,0.0,0.0,0.0,0,0.0,0,6,3,36.0,0,3.6,6.6,,,78.0,254.0,,2.0,Connecticut,2013.0,2013.0,HST,201,,0.18181819
2015,11,00-0030108,R.Griffin,TE,HOU,NYJ,0,0,0.0,0,0.0,0.0,0.0,0,0.0,0,2,2,6.0,0,0.6,2.6,,,78.0,254.0,,2.0,Connecticut,2013.0,2013.0,HST,201,7.0,0.05882353
2015,12,00-0030108,R.Griffin,TE,HOU,NO,0,0,0.0,0,0.0,0.0,0.0,0,0.0,0,5,4,72.0,1,13.2,17.2,,,78.0,254.0,,2.0,Connecticut,2013.0,2013.0,HST,201,18.0,0.18518518
2015,13,00-0030108,R.Griffin,TE,HOU,BUF,0,0,0.0,0,0.0,0.0,0.0,0,0.0,0,5,3,29.0,1,8.9,11.9,,,78.0,254.0,,2.0,Connecticut,2013.0,2013.0,HST,201,,0.11627907
2015,14,00-0030108,R.Griffin,TE,HOU,NE,0,0,0.0,0,0.0,0.0,0.0,0,0.0,0,6,1,20.0,0,2.0,3.0,,,78.0,254.0,,2.0,Connecticut,2013.0,2013.0,HST,201,-21.0,0.25
2015,15,00-0030108,R.Griffin,TE,HOU,IND,0,0,0.0,0,0.0,0.0,0.0,0,0.0,0,2,2,30.0,0,3.0,5.0,,,78.0,254.0,,2.0,Connecticut,2013.0,2013.0,HST,201,,0.074074075
2015,16,00-0030108,R.Griffin,TE,HOU,TEN,0,0,0.0,0,0.0,0.0,0.0,0,0.0,0,1,1,13.0,0,1.3,2.3,,,78.0,254.0,,2.0,Connecticut,2013.0,2013.0,HST,201,,0.03846154
2015,17,00-0030108,R.Griffin,TE,HOU,JAX,0,0,0.0,0,0.0,0.0,0.0,0,0.0,0,3,3,27.0,0,2.7,5.7,,,78.0,254.0,,2.0,Connecticut,2013.0,2013.0,HST,201,24.0,0.07317073
2015,18,00-0030108,R.Griffin,TE,HOU,KC,0,0,0.0,0,0.0,0.0,0.0,0,0.0,0,8,3,29.0,0,2.9,5.9,,,78.0,254.0,,2.0,Connecticut,2013.0,2013.0,HST,201,-30.0,0.23529412
2015,2,00-0030110,,TE,NE,BUF,0,0,0.0,0,0.0,0.0,0.0,0,0.0,0,1,1,15.0,0,1.5,2.5,,,78.0,304.0,25.192999999999998,2.0,Alabama,2013.0,2013.0,DET,211,,0.016949153
2015,7,00-0030110,,TE,NE,NYJ,0,0,0.0,0,0.0,0.0,0.0,0,0.0,0,2,1,4.0,0,0.4,1.4,,,78.0,304.0,25.192999999999998,2.0,Alabama,2013.0,2013.0,DET,211,7.0,0.037037037
2015,10,00-0030110,,TE,NE,NYG,0,0,0.0,0,0.0,0.0,0.0,0,0.0,0,1,0,0.0,0,0.0,0.0,,,78.0,304.0,25.192999999999998,2.0,Alabama,2013.0,2013.0,DET,211,,0.024390243
2015,15,00-0030110,,TE,NE,TEN,0,0,0.0,0,0.0,0.0,0.0,0,0.0,0,1,1,7.0,0,0.7,1.7,,,78.0,304.0,25.192999999999998,2.0,Alabama,2013.0,2013.0,DET,211,17.0,0.029411765
2015,16,00-0030110,,TE,NE,NYJ,0,0,0.0,0,0.0,0.0,0.0,0,0.0,0,1,0,0.0,0,0.0,0.0,,,78.0,304.0,25.192999999999998,2.0,Alabama,2013.0,2013.0,DET,211,,0.032258064
2015,1,00-0030112,T.Bohanon,FB,NYJ,CLE,0,0,0.0,0,0.0,0.0,0.0,2,2.0,0,0,0,0.0,0,0.2,0.2,,,73.0,247.0,25.165187500000002,2.0,Wake Forest,2013.0,2013.0,NYJ,215,21.0,
2015,7,00-0030112,T.Bohanon,FB,NYJ,NE,0,0,0.0,0,0.0,0.0,0.0,0,0.0,0,4,2,36.0,0,3.6,5.6,,,73.0,247.0,25.165187500000002,2.0,Wake Forest,2013.0,2013.0,NYJ,215,,0.102564104
2015,10,00-0030112,T.Bohanon,FB,NYJ,BUF,0,0,0.0,0,0.0,0.0,0.0,0,0.0,0,1,1,18.0,0,1.8,2.8,,,73.0,247.0,25.165187500000002,2.0,Wake Forest,2013.0,2013.0,NYJ,215,-5.0,0.029411765
2015,12,00-0030112,T.Bohanon,FB,NYJ,MIA,0,0,0.0,0,0.0,0.0,0.0,0,0.0,0,1,0,0.0,0,0.0,0.0,,,73.0,247.0,25.165187500000002,2.0,Wake Forest,2013.0,2013.0,NYJ,215,18.0,0.027027028
2015,14,00-0030112,T.Bohanon,FB,NYJ,TEN,0,0,0.0,0,0.0,0.0,0.0,0,0.0,0,2,1,2.0,0,0.2,1.2,,,73.0,247.0,25.165187500000002,2.0,Wake Forest,2013.0,2013.0,NYJ,215,22.0,0.055555556
2015,1,00-0030113,C.Johnson,WR,MIN,SF,0,0,0.0,0,0.0,0.0,0.0,0,0.0,0,3,2,27.0,0,2.7,4.7,,,74.0,217.0,26.708411764705883,2.0,Grand Valley State,2013.0,2013.0,GB,216,,0.09677419
2015,2,00-0030113,C.Johnson,WR,MIN,DET,0,0,0.0,0,0.0,0.0,0.0,0,0.0,0,3,3,10.0,0,1.0,4.0,,,74.0,217.0,26.708411764705883,2.0,Grand Valley State,2013.0,2013.0,GB,216,10.0,0.16666667
2015,3,00-0030113,C.Johnson,WR,MIN,LAC,0,0,0.0,0,0.0,0.0,0.0,0,0.0,0,2,1,9.0,0,0.9,1.9,,,74.0,217.0,26.708411764705883,2.0,Grand Valley State,2013.0,2013.0,GB,216,17.0,0.083333336
2015,7,00-0030113,C.Johnson,WR,MIN,DET,0,0,0.0,0,0.0,0.0,0.0,0,0.0,0,2,1,21.0,0,2.1,3.1,,,74.0,217.0,26.708411764705883,2.0,Grand Valley State,2013.0,2013.0,GB,216,,0.05882353
2015,8,00-0030113,C.Johnson,WR,MIN,CHI,0,0,0.0,0,0.0,0.0,0.0,0,0.0,0,1,1,35.0,0,3.5,4.5,,,74.0,217.0,26.708411764705883,2.0,Grand Valley State,2013.0,2013.0,GB,216,,0.03448276
2015,9,00-0030113,C.Johnson,WR,MIN,LA,0,0,0.0,0,0.0,0.0,0.0,0,0.0,0,2,1,25.0,0,2.5,3.5,,,74.0,217.0,26.708411764705883,2.0,Grand Valley State,2013.0,2013.0,GB,216,3.0,0.074074075
2015,16,00-0030114,J.Poyer,SS,CLE,KC,0,0,0.0,0,0.0,0.0,0.0,1,10.0,0,0,0,0.0,0,1.0,1.0,,,72.0,191.0,,2.0,Oregon State,2013.0,2013.0,PHI,218,,
2015,2,00-0030117,K.Williams,RB,ARI,CHI,0,0,0.0,0,0.0,0.0,0.0,1,3.0,0,0,0,0.0,0,0.3,0.3,,,68.0,198.0,,2.0,Utah State,2013.0,2013.0,IND,230,,
2015,13,00-0030117,K.Williams,RB,ARI,LA,0,0,0.0,0,0.0,0.0,0.0,6,59.0,1,0,0,0.0,0,11.9,11.9,,,68.0,198.0,,2.0,Utah State,2013.0,2013.0,IND,230,,
2015,14,00-0030117,K.Williams,RB,ARI,MIN,0,0,0.0,0,0.0,0.0,0.0,6,2.0,0,0,0,0.0,0,0.2,0.2,,,68.0,198.0,,2.0,Utah State,2013.0,2013.0,IND,230,3.0,
2015,15,00-0030117,K.Williams,RB,ARI,PHI,0,0,0.0,0,0.0,0.0,0.0,6,34.0,0,1,1,12.0,0,4.6,5.6,,,68.0,198.0,,2.0,Utah State,2013.0,2013.0,IND,230,,0.03125
2015,16,00-0030117,K.Williams,RB,ARI,GB,0,0,0.0,0,0.0,0.0,0.0,8,44.0,0,1,1,4.0,0,2.8,3.8,,,68.0,198.0,,2.0,Utah State,2013.0,2013.0,IND,230,30.0,0.037037037
2015,4,00-0030120,,WR,SEA,DET,0,0,0.0,0,0.0,0.0,0.0,0,0.0,0,1,1,12.0,0,1.2,2.2,,,71.0,217.0,25.9951,2.0,South Florida,2013.0,2013.0,SF,237,3.0,0.03846154
2015,13,00-0030120,,WR,SEA,MIN,0,0,0.0,0,0.0,0.0,0.0,0,0.0,0,1,1,6.0,0,0.6,1.6,,,71.0,217.0,25.9951,2.0,South Florida,2013.0,2013.0,SF,237,,0.035714287
2015,16,00-0030120,,WR,HOU,TEN,1,2,7.0,0,0.0,0.0,-0.0,6,6.0,0,0,0,0.0,0,0.88,0.88,,,71.0,217.0,25.9951,2.0,South Florida,2013.0,2013.0,SF,237,,
2015,1,00-0030147,R.Shepard,WR,TB,TEN,0,0,0.0,0,0.0,0.0,0.0,0,0.0,0,1,1,6.0,0,0.6,1.6,,,73.0,195.0,25.1448125,2.0,LSU,2013.0,2013.0,,,-28.0,0.030303031
2015,3,00-0030147,R.Shepard,WR,TB,HOU,0,0,0.0,0,0.0,0.0,0.0,0,0.0,0,1,0,0.0,0,0.0,0.0,,,73.0,195.0,25.1448125,2.0,LSU,2013.0,2013.0,,,,0.029411765
2015,10,00-0030147,R.Shepard,WR,TB,DAL,0,0,0.0,0,0.0,0.0,0.0,0,0.0,0,2,0,0.0,0,0.0,0.0,,,73.0,195.0,25.1448125,2.0,LSU,2013.0,2013.0,,,4.0,0.05263158
2015,11,00-0030147,R.Shepard,WR,TB,PHI,0,0,0.0,0,0.0,0.0,0.0,0,0.0,0,1,1,4.0,1,6.4,7.4,,,73.0,195.0,25.1448125,2.0,LSU,2013.0,2013.0,,,,0.035714287
2015,15,00-0030147,R.Shepard,WR,TB,LA,0,0,0.0,0,0.0,0.0,0.0,0,0.0,0,2,0,0.0,0,0.0,0.0,,,73.0,195.0,25.1448125,2.0,LSU,2013.0,2013.0,,,,0.040816326
2015,16,00-0030147,R.Shepard,WR,TB,CHI,0,0,0.0,0,0.0,0.0,0.0,0,0.0,0,1,1,18.0,0,1.8,2.8,,,73.0,195.0,25.1448125,2.0,LSU,2013.0,2013.0,,,-5.0,0.035714287
2015,17,00-0030147,R.Shepard,WR,TB,CAR,0,0,0.0,0,0.0,0.0,0.0,0,0.0,0,1,0,0.0,0,0.0,0.0,,,73.0,195.0,25.1448125,2.0,LSU,2013.0,2013.0,,,,0.021276595
2015,18,00-0030154,F.Hammond,WR,KC,HOU,0,0,0.0,0,0.0,0.0,0.0,0,0.0,0,1,1,3.0,0,0.3,1.3,,,73.0,184.0,25.740625,2.0,Florida,2013.0,2013.0,,,,0.045454547
2015,19,00-0030154,F.Hammond,WR,KC,NE,0,0,0.0,0,0.0,0.0,0.0,0,0.0,0,1,1,2.0,0,0.2,1.2,,,73.0,184.0,25.740625,2.0,Florida,2013.0,2013.0,,,,0.021276595
2015,3,00-0030155,D.Harris,TE,KC,GB,0,0,0.0,0,0.0,0.0,0.0,0,0.0,0,1,0,0.0,0,0.0,0.0,,,79.0,230.0,24.29888888888889,2.0,Wisconsin-Milwaukee,2013.0,2013.0,,,,0.025
2015,6,00-0030155,D.Harris,TE,KC,MIN,0,0,0.0,0,0.0,0.0,0.0,0,0.0,0,2,2,15.0,0,1.5,3.5,,,79.0,230.0,24.29888888888889,2.0,Wisconsin-Milwaukee,2013.0,2013.0,,,,0.054054055
2015,8,00-0030155,D.Harris,TE,KC,DET,0,0,0.0,0,0.0,0.0,0.0,0,0.0,0,1,0,0.0,0,0.0,0.0,,,79.0,230.0,24.29888888888889,2.0,Wisconsin-Milwaukee,2013.0,2013.0,,,35.0,0.035714287
2015,11,00-0030155,D.Harris,TE,KC,LAC,0,0,0.0,0,0.0,0.0,0.0,0,0.0,0,2,2,26.0,0,2.6,4.6,,,79.0,230.0,24.29888888888889,2.0,Wisconsin-Milwaukee,2013.0,2013.0,,,,0.08
2015,14,00-0030155,D.Harris,TE,KC,LAC,0,0,0.0,0,0.0,0.0,0.0,0,0.0,0,2,2,18.0,0,1.8,3.8,,,79.0,230.0,24.29888888888889,2.0,Wisconsin-Milwaukee,2013.0,2013.0,,,7.0,0.08695652
2015,17,00-0030155,D.Harris,TE,KC,LV,0,0,0.0,0,0.0,0.0,0.0,0,0.0,0,3,1,15.0,1,7.5,8.5,,,79.0,230.0,24.29888888888889,2.0,Wisconsin-Milwaukee,2013.0,2013.0,,,6.0,0.13043478
2015,19,00-0030155,D.Harris,TE,KC,NE,0,0,0.0,0,0.0,0.0,0.0,0,0.0,0,1,1,10.0,0,1.0,2.0,,,79.0,230.0,24.29888888888889,2.0,Wisconsin-Milwaukee,2013.0,2013.0,,,,0.021276595
2015,8,00-0030162,,WR,TEN,HOU,0,0,0.0,0,0.0,0.0,0.0,0,0.0,0,2,0,0.0,0,0.0,0.0,,,73.0,185.0,24.354400000000002,2.0,,2013.0,2013.0,,,,0.06451613
2015,10,00-0030162,,WR,TEN,CAR,0,0,0.0,0,0.0,0.0,0.0,0,0.0,0,1,0,0.0,0,0.0,0.0,,,73.0,185.0,24.354400000000002,2.0,,2013.0,2013.0,,,-17.0,0.041666668
2015,11,00-0030162,,WR,TEN,JAX,0,0,0.0,0,0.0,0.0,0.0,0,0.0,0,2,0,0.0,0,0.0,0.0,,,73.0,185.0,24.354400000000002,2.0,,2013.0,2013.0,,,,0.060606062
2015,3,00-0030181,J.Doyle,TE,IND,TEN,0,0,0.0,0,0.0,0.0,0.0,0,0.0,0,3,3,32.0,0,3.2,6.2,,,78.0,267.0,25.509875,2.0,Western Kentucky,2013.0,2013.0,,,,0.1
2015,5,00-0030181,J.Doyle,TE,IND,HOU,0,0,0.0,0,0.0,0.0,0.0,0,0.0,0,2,1,0.0,0,0.0,1.0,,,78.0,267.0,25.509875,2.0,Western Kentucky,2013.0,2013.0,,,,0.06896552
2015,6,00-0030181,J.Doyle,TE,IND,NE,0,0,0.0,0,0.0,0.0,0.0,0,0.0,0,2,2,7.0,0,0.7,2.7,,,78.0,267.0,25.509875,2.0,Western Kentucky,2013.0,2013.0,,,-7.0,0.041666668
2015,9,00-0030181,J.Doyle,TE,IND,DEN,0,0,0.0,0,0.0,0.0,0.0,0,0.0,0,2,2,18.0,1,7.8,9.8,,,78.0,267.0,25.509875,2.0,Western Kentucky,2013.0,2013.0,,,3.0,0.057142857
2015,12,00-0030181,J.Doyle,TE,IND,TB,0,0,0.0,0,0.0,0.0,0.0,0,0.0,0,1,1,5.0,0,0.5,1.5,,,78.0,267.0,25.509875,2.0,Western Kentucky,2013.0,2013.0,,,13.0,0.025641026
2015,16,00-0030181,J.Doyle,TE,IND,MIA,0,0,0.0,0,0.0,0.0,0.0,0,0.0,0,3,2,7.0,0,0.7,2.7,,,78.0,267.0,25.509875,2.0,Western Kentucky,2013.0,2013.0,,,,0.10344828
2015,17,00-0030181,J.Doyle,TE,IND,TEN,0,0,0.0,0,0.0,0.0,0.0,0,0.0,0,1,1,3.0,0,0.3,1.3,,,78.0,267.0,25.509875,2.0,Western Kentucky,2013.0,2013.0,,,6.0,0.027027028
2015,3,00-0030187,R.Ross,WR,WAS,NYG,0,0,0.0,0,0.0,0.0,0.0,0,0.0,0,2,2,27.0,0,8.7,10.7,,,72.0,181.0,25.774058823529412,2.0,Arizona State,2013.0,2013.0,,,,0.040816326
2015,4,00-0030187,R.Ross,WR,WAS,PHI,0,0,0.0,0,0.0,0.0,0.0,0,0.0,0,3,1,43.0,0,4.3,5.3,,,72.0,181.0,25.774058823529412,2.0,Arizona State,2013.0,2013.0,,,3.0,0.06521739
2015,6,00-0030187,R.Ross,WR,WAS,NYJ,0,0,0.0,0,0.0,0.0,0.0,0,0.0,0,3,1,16.0,0,7.6,8.6,,,72.0,181.0,25.774058823529412,2.0,Arizona State,2013.0,2013.0,,,,0.06818182
2015,14,00-0030187,R.Ross,WR,WAS,CHI,0,0,0.0,0,0.0,0.0,0.0,0,0.0,0,2,2,27.0,0,2.7,4.7,,,72.0,181.0,25.774058823529412,2.0,Arizona State,2013.0,2013.0,,,,0.06451613
2015,17,00-0030187,R.Ross,WR,WAS,DAL,0,0,0.0,0,0.0,0.0,0.0,0,0.0,0,3,2,71.0,1,13.1,15.1,,,72.0,181.0,25.774058823529412,2.0,Arizona State,2013.0,2013.0,,,,0.115384616
2015,18,00-0030187,R.Ross,WR,WAS,GB,0,0,0.0,0,0.0,0.0,0.0,0,0.0,0,1,1,2.0,0,0.2,1.2,,,72.0,181.0,25.774058823529412,2.0,Arizona State,2013.0,2013.0,,,-17.0,0.02173913
2015,17,00-0030196,J.Heath,SS,DAL,WAS,0,0,0.0,0,0.0,0.0,0.0,1,2.0,0,0,0,0.0,0,0.2,0.2,,,73.0,212.0,24.4905,2.0,Saginaw Valley State,2013.0,2013.0,,,-11.0,
2015,2,00-0030216,J.Hill,TE,NO,TB,0,0,0.0,0,0.0,0.0,0.0,0,0.0,0,4,1,2.0,0,0.2,1.2,,,77.0,250.0,25.4646875,2.0,Idaho State,2013.0,2013.0,,,-7.0,0.10526316
2015,3,00-0030216,J.Hill,TE,NO,CAR,0,0,0.0,0,0.0,0.0,0.0,0,0.0,0,1,1,10.0,0,1.0,2.0,,,77.0,250.0,25.4646875,2.0,Idaho State,2013.0,2013.0,,,,0.02631579
2015,4,00-0030216,J.Hill,TE,NO,DAL,0,0,0.0,0,0.0,0.0,0.0,0,0.0,0,2,2,11.0,1,7.1,9.1,,,77.0,250.0,25.4646875,2.0,Idaho State,2013.0,2013.0,,,6.0,0.048780486
2015,5,00-0030216,J.Hill,TE,NO,PHI,0,0,0.0,0,0.0,0.0,0.0,0,0.0,0,1,0,0.0,0,0.0,0.0,,,77.0,250.0,25.4646875,2.0,Idaho State,2013.0,2013.0,,,,0.023255814
2015,6,00-0030216,J.Hill,TE,NO,ATL,0,0,0.0,0,0.0,0.0,0.0,0,0.0,0,5,3,38.0,0,3.8,6.8,,,77.0,250.0,25.4646875,2.0,Idaho State,2013.0,2013.0,,,10.0,0.12820514
2015,7,00-0030216,J.Hill,TE,NO,IND,0,0,0.0,0,0.0,0.0,0.0,0,0.0,0,1,0,0.0,0,0.0,0.0,,,77.0,250.0,25.4646875,2.0,Idaho State,2013.0,2013.0,,,,0.022727273
2015,8,00-0030216,J.Hill,TE,NO,NYG,0,0,0.0,0,0.0,0.0,0.0,0,0.0,0,2,1,5.0,0,0.5,1.5,,,77.0,250.0,25.4646875,2.0,Idaho State,2013.0,2013.0,,,3.0,0.04
2015,9,00-0030216,J.Hill,TE,NO,TEN,0,0,0.0,0,0.0,0.0,0.0,0,0.0,0,2,2,21.0,1,8.1,10.1,,,77.0,250.0,25.4646875,2.0,Idaho State,2013.0,2013.0,,,-6.0,0.051282052
2015,12,00-0030216,J.Hill,TE,NO,HOU,0,0,0.0,0,0.0,0.0,0.0,0,0.0,0,1,0,0.0,0,0.0,0.0,,,77.0,250.0,25.4646875,2.0,Idaho State,2013.0,2013.0,,,,0.023255814
2015,13,00-0030216,J.Hill,TE,NO,CAR,0,0,0.0,0,0.0,0.0,0.0,0,0.0,0,3,2,11.0,0,1.1,3.1,,,77.0,250.0,25.4646875,2.0,Idaho State,2013.0,2013.0,,,-3.0,0.07317073
2015,14,00-0030216,J.Hill,TE,NO,TB,0,0,0.0,0,0.0,0.0,0.0,0,0.0,0,2,1,6.0,0,0.6,1.6,,,77.0,250.0,25.4646875,2.0,Idaho State,2013.0,2013.0,,,,0.048780486
2015,16,00-0030216,J.Hill,TE,NO,JAX,0,0,0.0,0,0.0,0.0,0.0,0,0.0,0,3,2,12.0,0,1.2,3.2,,,77.0,250.0,25.4646875,2.0,Idaho State,2013.0,2013.0,,,11.0,0.08571429
2015,17,00-0030216,J.Hill,TE,NO,ATL,0,0,0.0,0,0.0,0.0,0.0,0,0.0,0,3,1,4.0,0,0.4,1.4,,,77.0,250.0,25.4646875,2.0,Idaho State,2013.0,2013.0,,,,0.069767445
2015,7,00-0030247,G.Winn,RB,DET,MIN,0,0,0.0,0,0.0,0.0,0.0,1,0.0,0,0,0,0.0,0,0.0,0.0,,,71.0,215.0,25.055799999999998,2.0,Cincinnati,2013.0,2013.0,,,-9.0,
2015,12,00-0030247,G.Winn,RB,DET,PHI,0,0,0.0,0,0.0,0.0,0.0,3,1.0,0,0,0,0.0,0,0.1,0.1,,,71.0,215.0,25.055799999999998,2.0,Cincinnati,2013.0,2013.0,,,31.0,
2015,4,00-0030248,,RB,BUF,NYG,0,0,0.0,0,0.0,0.0,0.0,0,0.0,0,1,1,-6.0,0,-0.6,0.4,,,71.0,226.0,24.625500000000002,2.0,Notre Dame,2013.0,2013.0,,,-14.0,0.023809524
2015,5,00-0030248,,RB,BUF,TEN,0,0,0.0,0,0.0,0.0,0.0,2,3.0,0,0,0,0.0,0,0.3,0.3,,,71.0,226.0,24.625500000000002,2.0,Notre Dame,2013.0,2013.0,,,,
2015,2,00-0030272,,TE,MIA,JAX,0,0,0.0,0,0.0,0.0,0.0,0,0.0,0,2,2,18.0,1,7.8,9.8,,,75.0,250.0,26.218933333333332,2.0,Ohio State,2013.0,2013.0,,,,0.046511628
2015,3,00-0030272,,TE,MIA,BUF,0,0,0.0,0,0.0,0.0,0.0,0,0.0,0,1,1,13.0,0,1.3,2.3,,,75.0,250.0,26.218933333333332,2.0,Ohio State,2013.0,2013.0,,,-27.0,0.020408163
2015,4,00-0030272,,TE,MIA,NYJ,0,0,0.0,0,0.0,0.0,0.0,0,0.0,0,2,2,16.0,1,7.6,9.6,,,75.0,250.0,26.218933333333332,2.0,Ohio State,2013.0,2013.0,,,-13.0,0.045454547
2015,5,00-0030274,M.White,WR,NYG,SF,0,0,0.0,0,0.0,0.0,0.0,0,0.0,0,4,0,0.0,0,0.0,0.0,,,72.0,190.0,25.648666666666667,2.0,Louisiana Tech,2013.0,2013.0,,,3.0,0.0754717
2015,6,00-0030274,M.White,WR,NYG,PHI,0,0,0.0,0,0.0,0.0,0.0,0,0.0,0,1,0,0.0,0,0.0,0.0,,,72.0,190.0,25.648666666666667,2.0,Louisiana Tech,2013.0,2013.0,,,,0.027777778
2015,8,00-0030274,M.White,WR,NYG,NO,0,0,0.0,0,0.0,0.0,0.0,0,0.0,0,1,1,8.0,0,0.8,1.8,,,72.0,190.0,25.648666666666667,2.0,Louisiana Tech,2013.0,2013.0,,,,0.024390243
2015,9,00-0030274,M.White,WR,NYG,TB,0,0,0.0,0,0.0,0.0,0.0,0,0.0,0,1,1,3.0,0,0.3,1.3,,,72.0,190.0,25.648666666666667,2.0,Louisiana Tech,2013.0,2013.0,,,,0.025
2015,10,00-0030274,M.White,WR,NYG,NE,0,0,0.0,0,0.0,0.0,0.0,0,0.0,0,3,1,28.0,0,2.8,3.8,,,72.0,190.0,25.648666666666667,2.0,Louisiana Tech,2013.0,2013.0,,,-1.0,0.06818182
2015,13,00-0030274,M.White,WR,NYG,NYJ,0,0,0.0,0,0.0,0.0,0.0,0,0.0,0,2,1,5.0,0,0.5,1.5,,,72.0,190.0,25.648666666666667,2.0,Louisiana Tech,2013.0,2013.0,,,-3.0,0.05882353
2015,15,00-0030274,M.White,WR,NYG,CAR,0,0,0.0,0,0.0,0.0,0.0,0,0.0,0,1,1,10.0,0,1.0,2.0,,,72.0,190.0,25.648666666666667,2.0,Louisiana Tech,2013.0,2013.0,,,-3.0,0.022222223
2015,16,00-0030274,M.White,WR,NYG,MIN,0,0,0.0,0,0.0,0.0,0.0,0,0.0,0,4,2,34.0,1,9.4,11.4,,,72.0,190.0,25.648666666666667,2.0,Louisiana Tech,2013.0,2013.0,,,,0.11764706
2015,17,00-0030274,M.White,WR,NYG,PHI,0,0,0.0,0,0.0,0.0,0.0,0,0.0,0,3,0,0.0,0,0.0,0.0,,,72.0,190.0,25.648666666666667,2.0,Louisiana Tech,2013.0,2013.0,,,-5.0,0.071428575
2015,1,00-0030279,K.Allen,WR,LAC,DET,0,0,0.0,0,0.0,0.0,0.0,0,0.0,0,17,15,166.0,0,16.6,31.6,,,74.0,211.0,23.446,2.0,California,2013.0,2013.0,SD,76,,0.41463414
2015,2,00-0030279,K.Allen,WR,LAC,CIN,0,0,0.0,0,0.0,0.0,0.0,0,0.0,0,4,2,16.0,0,1.6,3.6,,,74.0,211.0,23.446,2.0,California,2013.0,2013.0,SD,76,,0.14814815
2015,3,00-0030279,K.Allen,WR,LAC,MIN,0,0,0.0,0,0.0,0.0,0.0,0,0.0,0,18,12,133.0,2,25.3,37.3,,,74.0,211.0,23.446,2.0,California,2013.0,2013.0,SD,76,,0.45
2015,4,00-0030279,K.Allen,WR,LAC,CLE,0,0,0.0,0,0.0,0.0,0.0,0,0.0,0,7,4,72.0,1,13.2,17.2,,,74.0,211.0,23.446,2.0,California,2013.0,2013.0,SD,76,,0.1891892
2015,5,00-0030279,K.Allen,WR,LAC,PIT,0,0,0.0,0,0.0,0.0,0.0,0,0.0,0,10,6,57.0,0,5.7,11.7,,,74.0,211.0,23.446,2.0,California,2013.0,2013.0,SD,76,,0.20833333
2015,6,00-0030279,K.Allen,WR,LAC,GB,0,0,0.0,0,0.0,0.0,0.0,0,0.0,0,15,14,157.0,0,15.7,29.7,,,74.0,211.0,23.446,2.0,California,2013.0,2013.0,SD,76,,0.23076923
2015,7,00-0030279,K.Allen,WR,LAC,LV,0,0,0.0,0,0.0,0.0,0.0,0,0.0,0,13,9,89.0,0,8.9,17.9,,,74.0,211.0,23.446,2.0,California,2013.0,2013.0,SD,76,,0.23636363
2015,8,00-0030279,K.Allen,WR,LAC,BAL,0,0,0.0,0,0.0,0.0,0.0,0,0.0,0,5,5,35.0,1,9.5,14.5,,,74.0,211.0,23.446,2.0,California,2013.0,2013.0,SD,76,,0.1388889
2015,1,00-0030280,K.Davis,RB,KC,HOU,0,0,0.0,0,0.0,0.0,0.0,6,16.0,0,1,1,12.0,0,2.8,3.8,,,70.0,227.0,24.11272222222222,2.0,Arkansas,2013.0,2013.0,KC,96,,0.032258064
2015,2,00-0030280,K.Davis,RB,KC,DEN,0,0,0.0,0,0.0,0.0,0.0,3,9.0,1,1,0,0.0,0,6.9,6.9,,,70.0,227.0,24.11272222222222,2.0,Arkansas,2013.0,2013.0,KC,96,-7.0,0.04
2015,5,00-0030280,K.Davis,RB,KC,CHI,0,0,0.0,0,0.0,0.0,0.0,2,2.0,0,0,0,0.0,0,0.2,0.2,,,70.0,227.0,24.11272222222222,2.0,Arkansas,2013.0,2013.0,KC,96,-1.0,
2015,6,00-0030280,K.Davis,RB,KC,MIN,0,0,0.0,0,0.0,0.0,0.0,5,13.0,0,1,1,12.0,0,2.5,3.5,,,70.0,227.0,24.11272222222222,2.0,Arkansas,2013.0,2013.0,KC,96,,0.027027028
2015,7,00-0030280,K.Davis,RB,KC,PIT,0,0,0.0,0,0.0,0.0,0.0,1,2.0,0,0,0,0.0,0,0.2,0.2,,,70.0,227.0,24.11272222222222,2.0,Arkansas,2013.0,2013.0,KC,96,10.0,
2015,8,00-0030280,K.Davis,RB,KC,DET,0,0,0.0,0,0.0,0.0,0.0,4,9.0,0,0,0,0.0,0,0.9,0.9,,,70.0,227.0,24.11272222222222,2.0,Arkansas,2013.0,2013.0,KC,96,35.0,
2015,12,00-0030280,K.Davis,RB,KC,BUF,0,0,0.0,0,0.0,0.0,0.0,1,1.0,0,0,0,0.0,0,0.1,0.1,,,70.0,227.0,24.11272222222222,2.0,Arkansas,2013.0,2013.0,KC,96,8.0,
2015,14,00-0030280,K.Davis,RB,KC,LAC,0,0,0.0,0,0.0,0.0,0.0,1,6.0,0,0,0,0.0,0,0.6,0.6,,,70.0,227.0,24.11272222222222,2.0,Arkansas,2013.0,2013.0,KC,96,7.0,
2015,15,00-0030280,K.Davis,RB,KC,BAL,0,0,0.0,0,0.0,0.0,0.0,5,14.0,0,0,0,0.0,0,1.4,1.4,,,70.0,227.0,24.11272222222222,2.0,Arkansas,2013.0,2013.0,KC,96,,
2015,18,00-0030280,K.Davis,RB,KC,HOU,0,0,0.0,0,0.0,0.0,0.0,4,12.0,0,0,0,0.0,0,7.2,7.2,,,70.0,227.0,24.11272222222222,2.0,Arkansas,2013.0,2013.0,KC,96,,
2015,19,00-0030280,K.Davis,RB,KC,NE,0,0,0.0,0,0.0,0.0,0.0,6,30.0,0,3,2,13.0,0,2.3,4.3,,,70.0,227.0,24.11272222222222,2.0,Arkansas,2013.0,2013.0,KC,96,,0.06382979
2015,3,00-0030282,,RB,ARI,SF,0,0,0.0,0,0.0,0.0,0.0,4,6.0,0,0,0,0.0,0,0.6,0.6,,,69.0,216.0,,2.0,Stanford,2013.0,2013.0,ARZ,140,40.0,
2015,5,00-0030282,,RB,ARI,DET,0,0,0.0,0,0.0,0.0,0.0,4,19.0,0,1,0,0.0,0,1.9,1.9,,,69.0,216.0,,2.0,Stanford,2013.0,2013.0,ARZ,140,,0.055555556
2015,12,00-0030282,,RB,ARI,SF,0,0,0.0,0,0.0,0.0,0.0,1,2.0,0,0,0,0.0,0,0.2,0.2,,,69.0,216.0,,2.0,Stanford,2013.0,2013.0,ARZ,140,,
2015,13,00-0030282,,RB,ARI,LA,0,0,0.0,0,0.0,0.0,0.0,5,20.0,0,1,0,0.0,0,2.0,2.0,,,69.0,216.0,,2.0,Stanford,2013.0,2013.0,ARZ,140,,0.025
2015,14,00-0030282,,RB,ARI,MIN,0,0,0.0,0,0.0,0.0,0.0,1,0.0,0,1,1,4.0,0,0.4,1.4,,,69.0,216.0,,2.0,Stanford,2013.0,2013.0,ARZ,140,3.0,0.028571429
2015,15,00-0030282,,RB,ARI,PHI,0,0,0.0,0,0.0,0.0,0.0,2,11.0,0,0,0,0.0,0,1.1,1.1,,,69.0,216.0,,2.0,Stanford,2013.0,2013.0,ARZ,140,,
2015,1,00-0030287,A.Ellington,RB,ARI,NO,0,0,0.0,0,0.0,0.0,0.0,12,69.0,1,3,1,7.0,0,11.6,12.6,,,69.0,199.0,,2.0,Clemson,2013.0,2013.0,ARZ,187,12.0,0.09375
2015,5,00-0030287,A.Ellington,RB,ARI,DET,0,0,0.0,0,0.0,0.0,0.0,3,63.0,1,0,0,0.0,0,12.3,12.3,,,69.0,199.0,,2.0,Clemson,2013.0,2013.0,ARZ,187,,
2015,6,00-0030287,A.Ellington,RB,ARI,PIT,0,0,0.0,0,0.0,0.0,0.0,1,7.0,0,2,2,47.0,0,5.4,7.4,,,69.0,199.0,,2.0,Clemson,2013.0,2013.0,ARZ,187,,0.045454547
2015,7,00-0030287,A.Ellington,RB,ARI,BAL,0,0,0.0,0,0.0,0.0,0.0,5,21.0,0,4,3,28.0,0,4.9,7.9,,,69.0,199.0,,2.0,Clemson,2013.0,2013.0,ARZ,187,8.0,0.14285715
2015,8,00-0030287,A.Ellington,RB,ARI,CLE,0,0,0.0,0,0.0,0.0,0.0,3,0.0,0,1,0,0.0,0,0.0,0.0,,,69.0,199.0,,2.0,Clemson,2013.0,2013.0,ARZ,187,,0.027027028
2015,10,00-0030287,A.Ellington,RB,ARI,SEA,0,0,0.0,0,0.0,0.0,0.0,5,61.0,1,4,3,27.0,0,14.8,17.8,,,69.0,199.0,,2.0,Clemson,2013.0,2013.0,ARZ,187,,0.08888889
2015,11,00-0030287,A.Ellington,RB,ARI,CIN,0,0,0.0,0,0.0,0.0,0.0,2,2.0,0,2,1,5.0,0,0.7,1.7,,,69.0,199.0,,2.0,Clemson,2013.0,2013.0,ARZ,187,3.0,0.06666667
2015,12,00-0030287,A.Ellington,RB,ARI,SF,0,0,0.0,0,0.0,0.0,0.0,5,24.0,0,5,3,22.0,0,4.6,7.6,,,69.0,199.0,,2.0,Clemson,2013.0,2013.0,ARZ,187,,0.125
2015,16,00-0030287,A.Ellington,RB,ARI,GB,0,0,0.0,0,0.0,0.0,0.0,7,40.0,0,1,1,5.0,0,4.5,5.5,,,69.0,199.0,,2.0,Clemson,2013.0,2013.0,ARZ,187,30.0,0.037037037
2015,17,00-0030287,A.Ellington,RB,ARI,SEA,0,0,0.0,0,0.0,0.0,0.0,2,2.0,0,2,1,7.0,0,0.9,1.9,,,69.0,199.0,,2.0,Clemson,2013.0,2013.0,ARZ,187,-30.0,0.046511628
2015,19,00-0030287,A.Ellington,RB,ARI,GB,0,0,0.0,0,0.0,0.0,0.0,3,3.0,0,1,0,0.0,0,0.3,0.3,,,69.0,199.0,,2.0,Clemson,2013.0,2013.0,ARZ,187,6.0,0.024390243
2015,20,00-0030287,A.Ellington,RB,ARI,CAR,0,0,0.0,0,0.0,0.0,0.0,1,0.0,0,1,0,0.0,0,0.0,0.0,,,69.0,199.0,,2.0,Clemson,2013.0,2013.0,ARZ,187,,0.024390243
2015,1,00-0030288,R.Burkhead,RB,CIN,LV,0,0,0.0,0,0.0,0.0,0.0,0,0.0,0,1,1,24.0,0,2.4,3.4,,,70.0,210.0,25.364470588235296,2.0,Nebraska,2013.0,2013.0,CIN,190,,0.029411765
2015,2,00-0030288,R.Burkhead,RB,CIN,LAC,0,0,0.0,0,0.0,0.0,0.0,0,0.0,0,2,1,8.0,0,0.8,1.8,,,70.0,210.0,25.364470588235296,2.0,Nebraska,2013.0,2013.0,CIN,190,5.0,0.083333336
2015,4,00-0030288,R.Burkhead,RB,CIN,KC,0,0,0.0,0,0.0,0.0,0.0,0,0.0,0,1,1,27.0,0,2.7,3.7,,,70.0,210.0,25.364470588235296,2.0,Nebraska,2013.0,2013.0,CIN,190,15.0,0.041666668
2015,5,00-0030288,R.Burkhead,RB,CIN,SEA,0,0,0.0,0,0.0,0.0,0.0,1,-2.0,0,0,0,0.0,0,-2.2,-2.2,,,70.0,210.0,25.364470588235296,2.0,Nebraska,2013.0,2013.0,CIN,190,3.0,
2015,9,00-0030288,R.Burkhead,RB,CIN,CLE,0,0,0.0,0,0.0,0.0,0.0,0,0.0,0,1,1,7.0,0,0.7,1.7,,,70.0,210.0,25.364470588235296,2.0,Nebraska,2013.0,2013.0,CIN,190,21.0,0.04
2015,10,00-0030288,R.Burkhead,RB,CIN,HOU,0,0,0.0,0,0.0,0.0,0.0,0,0.0,0,1,0,0.0,0,0.0,0.0,,,70.0,210.0,25.364470588235296,2.0,Nebraska,2013.0,2013.0,CIN,190,-4.0,0.02631579
2015,11,00-0030288,R.Burkhead,RB,CIN,ARI,0,0,0.0,0,0.0,0.0,0.0,0,0.0,0,1,1,7.0,0,0.7,1.7,,,70.0,210.0,25.364470588235296,2.0,Nebraska,2013.0,2013.0,CIN,190,,0.025641026
2015,12,00-0030288,R.Burkhead,RB,CIN,LA,0,0,0.0,0,0.0,0.0,0.0,2,4.0,0,2,2,4.0,0,0.8,2.8,,,70.0,210.0,25.364470588235296,2.0,Nebraska,2013.0,2013.0,CIN,190,24.0,0.071428575
2015,13,00-0030288,R.Burkhead,RB,CIN,CLE,0,0,0.0,0,0.0,0.0,0.0,1,2.0,0,2,1,4.0,0,0.6,1.6,,,70.0,210.0,25.364470588235296,2.0,Nebraska,2013.0,2013.0,CIN,190,,0.09090909
2015,14,00-0030288,R.Burkhead,RB,CIN,PIT,0,0,0.0,0,0.0,0.0,0.0,0,0.0,0,1,1,5.0,1,6.5,7.5,,,70.0,210.0,25.364470588235296,2.0,Nebraska,2013.0,2013.0,CIN,190,-13.0,0.027777778
2015,16,00-0030288,R.Burkhead,RB,CIN,DEN,0,0,0.0,0,0.0,0.0,0.0,0,0.0,0,1,1,8.0,0,0.8,1.8,,,70.0,210.0,25.364470588235296,2.0,Nebraska,2013.0,2013.0,CIN,190,,0.029411765
2015,17,00-0030288,R.Burkhead,RB,CIN,BAL,0,0,0.0,0,0.0,0.0,0.0,0,0.0,0,2,0,0.0,0,0.0,0.0,,,70.0,210.0,25.364470588235296,2.0,Nebraska,2013.0,2013.0,CIN,190,8.0,0.083333336
2015,18,00-0030288,R.Burkhead,RB,CIN,PIT,0,0,0.0,0,0.0,0.0,0.0,1,4.0,0,1,1,5.0,0,0.9,1.9,,,70.0,210.0,25.364470588235296,2.0,Nebraska,2013.0,2013.0,CIN,190,-2.0,0.025641026
2015,1,00-0030300,J.Brown,WR,ARI,NO,0,0,0.0,0,0.0,0.0,0.0,0,0.0,0,1,1,8.0,0,0.8,1.8,,,74.0,205.0,,2.0,Clemson,2013.0,2013.0,,,12.0,0.03125
2015,2,00-0030300,J.Brown,WR,ARI,CHI,0,0,0.0,0,0.0,0.0,0.0,0,0.0,0,3,2,20.0,1,8.0,10.0,,,74.0,205.0,,2.0,Clemson,2013.0,2013.0,,,,0.13043478
2015,4,00-0030300,J.Brown,WR,ARI,LA,0,0,0.0,0,0.0,0.0,0.0,0,0.0,0,2,1,20.0,0,2.0,3.0,,,74.0,205.0,,2.0,Clemson,2013.0,2013.0,,,-2.0,0.044444446
2015,6,00-0030300,J.Brown,WR,ARI,PIT,0,0,0.0,0,0.0,0.0,0.0,0,0.0,0,4,0,0.0,0,0.0,0.0,,,74.0,205.0,,2.0,Clemson,2013.0,2013.0,,,,0.09090909
2015,7,00-0030300,J.Brown,WR,ARI,BAL,0,0,0.0,0,0.0,0.0,0.0,0,0.0,0,1,1,3.0,0,0.3,1.3,,,74.0,205.0,,2.0,Clemson,2013.0,2013.0,,,8.0,0.035714287
2015,8,00-0030300,J.Brown,WR,ARI,CLE,0,0,0.0,0,0.0,0.0,0.0,0,0.0,0,4,1,39.0,0,3.9,4.9,,,74.0,205.0,,2.0,Clemson,2013.0,2013.0,,,,0.10810811
2015,10,00-0030300,J.Brown,WR,ARI,SEA,0,0,0.0,0,0.0,0.0,0.0,0,0.0,0,5,3,38.0,0,3.8,6.8,,,74.0,205.0,,2.0,Clemson,2013.0,2013.0,,,,0.11111111
2015,14,00-0030300,J.Brown,WR,ARI,MIN,0,0,0.0,0,0.0,0.0,0.0,0,0.0,0,1,1,1.0,0,0.1,1.1,,,74.0,205.0,,2.0,Clemson,2013.0,2013.0,,,3.0,0.028571429
2015,15,00-0030300,J.Brown,WR,ARI,PHI,0,0,0.0,0,0.0,0.0,0.0,0,0.0,0,1,1,15.0,0,1.5,2.5,,,74.0,205.0,,2.0,Clemson,2013.0,2013.0,,,,0.03125
2015,17,00-0030300,J.Brown,WR,ARI,SEA,0,0,0.0,0,0.0,0.0,0.0,0,0.0,0,1,0,0.0,0,0.0,0.0,,,74.0,205.0,,2.0,Clemson,2013.0,2013.0,,,-30.0,0.023255814
2015,20,00-0030300,J.Brown,WR,ARI,CAR,0,0,0.0,0,0.0,0.0,0.0,0,0.0,0,1,1,16.0,0,1.6,2.6,,,74.0,205.0,,2.0,Clemson,2013.0,2013.0,,,,0.024390243
2015,1,00-0030348,,RB,NO,ARI,0,0,0.0,0,0.0,0.0,0.0,8,19.0,0,6,5,51.0,0,7.0,12.0,,,72.0,220.0,25.7745,2.0,West Texas A&M,2013.0,2013.0,,,,0.125
2015,2,00-0030348,,RB,NO,TB,0,0,0.0,0,0.0,0.0,0.0,5,48.0,0,1,1,9.0,0,5.7,6.7,,,72.0,220.0,25.7745,2.0,West Texas A&M,2013.0,2013.0,,,-7.0,0.02631579
2015,3,00-0030348,,RB,NO,CAR,0,0,0.0,0,0.0,0.0,0.0,7,12.0,1,2,2,8.0,0,8.0,10.0,,,72.0,220.0,25.7745,2.0,West Texas A&M,2013.0,2013.0,,,,0.05263158
2015,4,00-0030348,,RB,NO,DAL,0,0,0.0,0,0.0,0.0,0.0,6,16.0,1,4,2,5.0,0,8.1,10.1,,,72.0,220.0,25.7745,2.0,West Texas A&M,2013.0,2013.0,,,6.0,0.09756097
2015,5,00-0030348,,RB,NO,PHI,0,0,0.0,0,0.0,0.0,0.0,5,30.0,0,2,2,2.0,0,3.2,5.2,,,72.0,220.0,25.7745,2.0,West Texas A&M,2013.0,2013.0,,,,0.046511628
2015,6,00-0030348,,RB,NO,ATL,0,0,0.0,0,0.0,0.0,0.0,7,23.0,0,2,2,24.0,0,4.7,6.7,,,72.0,220.0,25.7745,2.0,West Texas A&M,2013.0,2013.0,,,10.0,0.051282052
2015,7,00-0030348,,RB,NO,IND,0,0,0.0,0,0.0,0.0,0.0,14,28.0,2,1,1,3.0,0,15.1,16.1,,,72.0,220.0,25.7745,2.0,West Texas A&M,2013.0,2013.0,,,,0.022727273
2015,8,00-0030348,,RB,NO,NYG,0,0,0.0,0,0.0,0.0,0.0,4,4.0,0,2,2,13.0,0,1.7,3.7,,,72.0,220.0,25.7745,2.0,West Texas A&M,2013.0,2013.0,,,3.0,0.04
2015,1,00-0030388,,RB,DAL,NYG,0,0,0.0,0,0.0,0.0,0.0,16,65.0,0,3,3,42.0,0,10.7,13.7,,,72.0,210.0,23.77,2.0,Oklahoma State,2013.0,2013.0,DAL,151,1.0,0.06666667
2015,2,00-0030388,,RB,DAL,PHI,0,0,0.0,0,0.0,0.0,0.0,18,51.0,0,1,1,14.0,0,6.5,7.5,,,72.0,210.0,23.77,2.0,Oklahoma State,2013.0,2013.0,DAL,151,,0.029411765
2015,3,00-0030388,,RB,DAL,ATL,0,0,0.0,0,0.0,0.0,0.0,14,87.0,3,2,2,18.0,0,28.5,30.5,,,72.0,210.0,23.77,2.0,Oklahoma State,2013.0,2013.0,DAL,151,-11.0,0.07692308
2015,4,00-0030388,,RB,DAL,NO,0,0,0.0,0,0.0,0.0,0.0,11,26.0,1,0,0,0.0,0,8.6,8.6,,,72.0,210.0,23.77,2.0,Oklahoma State,2013.0,2013.0,DAL,151,,
2015,5,00-0030388,,RB,DAL,NE,0,0,0.0,0,0.0,0.0,0.0,15,62.0,0,4,4,12.0,0,7.4,11.4,,,72.0,210.0,23.77,2.0,Oklahoma State,2013.0,2013.0,DAL,151,-24.0,0.102564104
2015,7,00-0030388,,RB,DAL,NYG,0,0,0.0,0,0.0,0.0,0.0,2,24.0,0,0,0,0.0,0,2.4,2.4,,,72.0,210.0,23.77,2.0,Oklahoma State,2013.0,2013.0,DAL,151,,
2015,6,00-0030392,M.Mauti,MLB,NO,NO,0,0,0.0,0,0.0,0.0,0.0,0,0.0,0,0,0,0.0,0,6.0,6.0,,,74.0,243.0,25.7988125,2.0,Penn State,2013.0,2013.0,MIN,213,10.0,
2015,1,00-0030400,M.Brown,WR,BAL,DEN,0,0,0.0,0,0.0,0.0,0.0,0,0.0,0,2,2,25.0,0,2.5,4.5,,,77.0,214.0,,2.0,Georgia,2013.0,2013.0,,,,0.0625
2015,2,00-0030400,M.Brown,WR,BAL,LV,0,0,0.0,0,0.0,0.0,0.0,0,0.0,0,4,2,12.0,0,1.2,3.2,,,77.0,214.0,,2.0,Georgia,2013.0,2013.0,,,,0.08888889
2015,3,00-0030400,M.Brown,WR,BAL,CIN,0,0,0.0,0,0.0,0.0,0.0,0,0.0,0,5,2,29.0,0,2.9,4.9,,,77.0,214.0,,2.0,Georgia,2013.0,2013.0,,,-4.0,0.104166664
2015,4,00-0030400,M.Brown,WR,BAL,PIT,0,0,0.0,0,0.0,0.0,0.0,0,0.0,0,4,2,9.0,0,0.9,2.9,,,77.0,214.0,,2.0,Georgia,2013.0,2013.0,,,,0.121212125
2015,5,00-0030400,M.Brown,WR,BAL,CLE,0,0,0.0,0,0.0,0.0,0.0,0,0.0,0,4,1,0.0,0,0.0,1.0,,,77.0,214.0,,2.0,Georgia,2013.0,2013.0,,,-3.0,0.114285715
2015,6,00-0030400,M.Brown,WR,BAL,SF,0,0,0.0,0,0.0,0.0,0.0,0,0.0,0,4,1,9.0,0,0.9,1.9,,,77.0,214.0,,2.0,Georgia,2013.0,2013.0,,,,0.07692308
2015,7,00-0030400,M.Brown,WR,BAL,ARI,0,0,0.0,0,0.0,0.0,0.0,0,0.0,0,5,3,22.0,0,2.2,5.2,,,77.0,214.0,,2.0,Georgia,2013.0,2013.0,,,,0.12820514
2015,8,00-0030400,M.Brown,WR,BAL,LAC,0,0,0.0,0,0.0,0.0,0.0,0,0.0,0,1,0,0.0,0,0.0,0.0,,,77.0,214.0,,2.0,Georgia,2013.0,2013.0,,,3.0,0.027027028
2015,10,00-0030400,M.Brown,WR,BAL,JAX,0,0,0.0,0,0.0,0.0,0.0,0,0.0,0,1,1,6.0,0,0.6,1.6,,,77.0,214.0,,2.0,Georgia,2013.0,2013.0,,,-2.0,0.022222223
2015,1,00-0030404,C.Thompson,RB,WAS,MIA,0,0,0.0,0,0.0,0.0,0.0,3,11.0,0,1,0,0.0,0,1.1,1.1,,,68.0,193.0,25.062176470588238,2.0,Florida State,2013.0,2013.0,WAS,154,-7.0,0.032258064
2015,2,00-0030404,C.Thompson,RB,WAS,LA,0,0,0.0,0,0.0,0.0,0.0,0,0.0,0,1,1,10.0,0,1.0,2.0,,,68.0,193.0,25.062176470588238,2.0,Florida State,2013.0,2013.0,WAS,154,14.0,0.037037037
2015,3,00-0030404,C.Thompson,RB,WAS,NYG,0,0,0.0,0,0.0,0.0,0.0,2,29.0,0,11,8,57.0,1,14.6,22.6,,,68.0,193.0,25.062176470588238,2.0,Florida State,2013.0,2013.0,WAS,154,,0.2244898
2015,4,00-0030404,C.Thompson,RB,WAS,PHI,0,0,0.0,0,0.0,0.0,0.0,6,53.0,0,3,2,24.0,0,7.7,9.7,,,68.0,193.0,25.062176470588238,2.0,Florida State,2013.0,2013.0,WAS,154,3.0,0.06521739
2015,5,00-0030404,C.Thompson,RB,WAS,ATL,0,0,0.0,0,0.0,0.0,0.0,3,15.0,0,7,6,33.0,0,4.8,10.8,,,68.0,193.0,25.062176470588238,2.0,Florida State,2013.0,2013.0,WAS,154,,0.21875
2015,6,00-0030404,C.Thompson,RB,WAS,NYJ,0,0,0.0,0,0.0,0.0,0.0,5,12.0,0,10,6,26.0,0,3.8,9.8,,,68.0,193.0,25.062176470588238,2.0,Florida State,2013.0,2013.0,WAS,154,,0.22727273
2015,9,00-0030404,C.Thompson,RB,WAS,NE,0,0,0.0,0,0.0,0.0,0.0,0,0.0,0,4,2,21.0,0,2.1,4.1,,,68.0,193.0,25.062176470588238,2.0,Florida State,2013.0,2013.0,WAS,154,,0.1
2015,10,00-0030404,C.Thompson,RB,WAS,NO,0,0,0.0,0,0.0,0.0,0.0,2,54.0,0,1,1,23.0,0,7.7,8.7,,,68.0,193.0,25.062176470588238,2.0,Florida State,2013.0,2013.0,WAS,154,33.0,0.04
2015,11,00-0030404,C.Thompson,RB,WAS,CAR,0,0,0.0,0,0.0,0.0,0.0,4,10.0,0,4,3,7.0,0,1.7,4.7,,,68.0,193.0,25.062176470588238,2.0,Florida State,2013.0,2013.0,WAS,154,,0.13333334
2015,12,00-0030404,C.Thompson,RB,WAS,NYG,0,0,0.0,0,0.0,0.0,0.0,2,7.0,0,1,1,9.0,0,1.6,2.6,,,68.0,193.0,25.062176470588238,2.0,Florida State,2013.0,2013.0,WAS,154,6.0,0.03448276
2015,13,00-0030404,C.Thompson,RB,WAS,DAL,0,0,0.0,0,0.0,0.0,0.0,1,6.0,0,4,4,18.0,0,2.4,6.4,,,68.0,193.0,25.062176470588238,2.0,Florida State,2013.0,2013.0,WAS,154,-3.0,0.12903225
2015,16,00-0030404,C.Thompson,RB,WAS,PHI,0,0,0.0,0,0.0,0.0,0.0,0,0.0,0,1,1,12.0,1,7.2,8.2,,,68.0,193.0,25.062176470588238,2.0,Florida State,2013.0,2013.0,WAS,154,,0.02173913
2015,17,00-0030404,C.Thompson,RB,WAS,DAL,0,0,0.0,0,0.0,0.0,0.0,7,19.0,0,0,0,0.0,0,1.9,1.9,,,68.0,193.0,25.062176470588238,2.0,Florida State,2013.0,2013.0,WAS,154,,
2015,18,00-0030404,C.Thompson,RB,WAS,GB,0,0,0.0,0,0.0,0.0,0.0,1,25.0,0,8,8,89.0,0,11.4,19.4,,,68.0,193.0,25.062176470588238,2.0,Florida State,2013.0,2013.0,WAS,154,-17.0,0.17391305
2015,7,00-0030405,J.Locke,P,MIN,DET,0,0,0.0,0,0.0,0.0,0.0,1,-6.0,0,0,0,0.0,0,-0.6,-0.6,,,72.0,195.0,26.12794117647059,2.0,UCLA,2013.0,2013.0,MIN,155,,
2015,7,00-0030414,S.Ware,RB,KC,PIT,0,0,0.0,0,0.0,0.0,0.0,2,8.0,0,0,0,0.0,0,0.8,0.8,,,70.0,228.0,24.03076923076923,2.0,Louisiana State,2013.0,2013.0,SEA,194,10.0,
2015,8,00-0030414,S.Ware,RB,KC,DET,0,0,0.0,0,0.0,0.0,0.0,2,12.0,1,0,0,0.0,0,7.2,7.2,,,70.0,228.0,24.03076923076923,2.0,Louisiana State,2013.0,2013.0,SEA,194,35.0,
2015,10,00-0030414,S.Ware,RB,KC,DEN,0,0,0.0,0,0.0,0.0,0.0,2,4.0,0,0,0,0.0,0,0.4,0.4,,,70.0,228.0,24.03076923076923,2.0,Louisiana State,2013.0,2013.0,SEA,194,,
2015,11,00-0030414,S.Ware,RB,KC,LAC,0,0,0.0,0,0.0,0.0,0.0,11,96.0,2,1,1,5.0,0,22.1,23.1,,,70.0,228.0,24.03076923076923,2.0,Louisiana State,2013.0,2013.0,SEA,194,,0.04
2015,12,00-0030414,S.Ware,RB,KC,BUF,0,0,0.0,0,0.0,0.0,0.0,19,114.0,1,3,3,1.0,0,17.5,20.5,,,70.0,228.0,24.03076923076923,2.0,Louisiana State,2013.0,2013.0,SEA,194,8.0,0.11111111
2015,13,00-0030414,S.Ware,RB,KC,LV,0,0,0.0,0,0.0,0.0,0.0,7,26.0,1,2,2,-1.0,0,8.5,10.5,,,70.0,228.0,24.03076923076923,2.0,Louisiana State,2013.0,2013.0,SEA,194,,0.09090909
2015,14,00-0030414,S.Ware,RB,KC,LAC,0,0,0.0,0,0.0,0.0,0.0,8,52.0,0,0,0,0.0,0,5.2,5.2,,,70.0,228.0,24.03076923076923,2.0,Louisiana State,2013.0,2013.0,SEA,194,7.0,
2015,16,00-0030414,S.Ware,RB,KC,CLE,0,0,0.0,0,0.0,0.0,0.0,5,15.0,0,0,0,0.0,0,1.5,1.5,,,70.0,228.0,24.03076923076923,2.0,Louisiana State,2013.0,2013.0,SEA,194,4.0,
2015,17,00-0030414,S.Ware,RB,KC,LV,0,0,0.0,0,0.0,0.0,0.0,16,76.0,1,0,0,0.0,0,13.6,13.6,,,70.0,228.0,24.03076923076923,2.0,Louisiana State,2013.0,2013.0,SEA,194,6.0,
2015,18,00-0030414,S.Ware,RB,KC,HOU,0,0,0.0,0,0.0,0.0,0.0,16,67.0,1,0,0,0.0,0,12.7,12.7,,,70.0,228.0,24.03076923076923,2.0,Louisiana State,2013.0,2013.0,SEA,194,,
2015,1,00-0030419,M.McGloin,QB,LV,CIN,23,31,142.0,2,1.0,2.0,20.0,0,0.0,0,0,0,0.0,0,9.68,9.68,,,73.0,210.0,25.9360625,2.0,Penn State,2013.0,2013.0,,,,
2015,12,00-0030419,M.McGloin,QB,LV,TEN,0,1,0.0,0,0.0,0.0,-0.0,0,0.0,0,0,0,0.0,0,0.0,0.0,,,73.0,210.0,25.9360625,2.0,Penn State,2013.0,2013.0,,,,
2015,1,00-0030422,D.Sims,TE,MIA,WAS,0,0,0.0,0,0.0,0.0,0.0,0,0.0,0,1,0,0.0,0,0.0,0.0,,,76.0,268.0,24.7245625,2.0,Michigan State,2013.0,2013.0,MIA,106,,0.029411765
2015,6,00-0030422,D.Sims,TE,MIA,TEN,0,0,0.0,0,0.0,0.0,0.0,0,0.0,0,4,4,33.0,1,9.3,13.3,,,76.0,268.0,24.7245625,2.0,Michigan State,2013.0,2013.0,MIA,106,,0.13793103
2015,7,00-0030422,D.Sims,TE,MIA,HOU,0,0,0.0,0,0.0,0.0,0.0,0,0.0,0,2,1,-3.0,0,-0.3,0.7,,,76.0,268.0,24.7245625,2.0,Michigan State,2013.0,2013.0,MIA,106,18.0,0.1
2015,8,00-0030422,D.Sims,TE,MIA,NE,0,0,0.0,0,0.0,0.0,0.0,0,0.0,0,1,1,6.0,0,0.6,1.6,,,76.0,268.0,24.7245625,2.0,Michigan State,2013.0,2013.0,MIA,106,,0.023255814
2015,9,00-0030422,D.Sims,TE,MIA,BUF,0,0,0.0,0,0.0,0.0,0.0,0,0.0,0,3,1,9.0,0,0.9,1.9,,,76.0,268.0,24.7245625,2.0,Michigan State,2013.0,2013.0,MIA,106,,0.08571429
2015,10,00-0030422,D.Sims,TE,MIA,PHI,0,0,0.0,0,0.0,0.0,0.0,0,0.0,0,1,1,8.0,0,0.8,1.8,,,76.0,268.0,24.7245625,2.0,Michigan State,2013.0,2013.0,MIA,106,,0.027777778
2015,12,00-0030422,D.Sims,TE,MIA,NYJ,0,0,0.0,0,0.0,0.0,0.0,0,0.0,0,1,1,-1.0,0,-0.1,0.9,,,76.0,268.0,24.7245625,2.0,Michigan State,2013.0,2013.0,MIA,106,,0.01724138
2015,13,00-0030422,D.Sims,TE,MIA,BAL,0,0,0.0,0,0.0,0.0,0.0,0,0.0,0,2,1,4.0,0,0.4,1.4,,,76.0,268.0,24.7245625,2.0,Michigan State,2013.0,2013.0,MIA,106,2.0,0.10526316
2015,14,00-0030422,D.Sims,TE,MIA,NYG,0,0,0.0,0,0.0,0.0,0.0,0,0.0,0,5,3,14.0,0,-0.6,2.4,,,76.0,268.0,24.7245625,2.0,Michigan State,2013.0,2013.0,MIA,106,-7.0,0.12195122
2015,15,00-0030422,D.Sims,TE,MIA,LAC,0,0,0.0,0,0.0,0.0,0.0,0,0.0,0,1,1,9.0,0,0.9,1.9,,,76.0,268.0,24.7245625,2.0,Michigan State,2013.0,2013.0,MIA,106,,0.032258064
2015,16,00-0030422,D.Sims,TE,MIA,IND,0,0,0.0,0,0.0,0.0,0.0,0,0.0,0,1,1,8.0,0,0.8,1.8,,,76.0,268.0,24.7245625,2.0,Michigan State,2013.0,2013.0,MIA,106,-6.0,0.02631579
2015,17,00-0030422,D.Sims,TE,MIA,NE,0,0,0.0,0,0.0,0.0,0.0,0,0.0,0,3,3,40.0,0,4.0,7.0,,,76.0,268.0,24.7245625,2.0,Michigan State,2013.0,2013.0,MIA,106,10.0,0.078947365
2015,1,00-0030431,R.Woods,WR,BUF,IND,0,0,0.0,0,0.0,0.0,0.0,0,0.0,0,2,2,27.0,0,2.7,4.7,,,72.0,190.0,23.558714285714284,2.0,Southern California,2013.0,2013.0,BUF,41,13.0,0.10526316
2015,2,00-0030431,R.Woods,WR,BUF,NE,0,0,0.0,0,0.0,0.0,0.0,0,0.0,0,3,3,60.0,1,12.0,15.0,,,72.0,190.0,23.558714285714284,2.0,Southern California,2013.0,2013.0,BUF,41,-8.0,0.1
2015,3,00-0030431,R.Woods,WR,BUF,MIA,0,0,0.0,0,0.0,0.0,0.0,0,0.0,0,5,4,38.0,0,3.8,7.8,,,72.0,190.0,23.558714285714284,2.0,Southern California,2013.0,2013.0,BUF,41,,0.1724138
2015,4,00-0030431,R.Woods,WR,BUF,NYG,0,0,0.0,0,0.0,0.0,0.0,0,0.0,0,5,3,33.0,0,1.3,4.3,,,72.0,190.0,23.558714285714284,2.0,Southern California,2013.0,2013.0,BUF,41,-14.0,0.11904762
2015,5,00-0030431,R.Woods,WR,BUF,TEN,0,0,0.0,0,0.0,0.0,0.0,0,0.0,0,2,1,6.0,0,0.6,1.6,,,72.0,190.0,23.558714285714284,2.0,Southern California,2013.0,2013.0,BUF,41,,0.11111111
2015,6,00-0030431,R.Woods,WR,BUF,CIN,0,0,0.0,0,0.0,0.0,0.0,0,0.0,0,6,4,47.0,0,4.7,8.7,,,72.0,190.0,23.558714285714284,2.0,Southern California,2013.0,2013.0,BUF,41,-13.0,0.15
2015,7,00-0030431,R.Woods,WR,BUF,JAX,0,0,0.0,0,0.0,0.0,0.0,0,0.0,0,13,9,84.0,1,14.4,23.4,,,72.0,190.0,23.558714285714284,2.0,Southern California,2013.0,2013.0,BUF,41,,0.30952382
2015,9,00-0030431,R.Woods,WR,BUF,MIA,0,0,0.0,0,0.0,0.0,0.0,1,0.0,0,1,0,0.0,0,0.0,0.0,,,72.0,190.0,23.558714285714284,2.0,Southern California,2013.0,2013.0,BUF,41,16.0,0.083333336
2015,10,00-0030431,R.Woods,WR,BUF,NYJ,0,0,0.0,0,0.0,0.0,0.0,0,0.0,0,7,3,19.0,0,1.9,4.9,,,72.0,190.0,23.558714285714284,2.0,Southern California,2013.0,2013.0,BUF,41,,0.26923078
2015,11,00-0030431,R.Woods,WR,BUF,NE,0,0,0.0,0,0.0,0.0,0.0,0,0.0,0,9,4,44.0,0,4.4,8.4,,,72.0,190.0,23.558714285714284,2.0,Southern California,2013.0,2013.0,BUF,41,,0.25
2015,12,00-0030431,R.Woods,WR,BUF,KC,0,0,0.0,0,0.0,0.0,0.0,0,0.0,0,9,3,25.0,0,2.5,5.5,,,72.0,190.0,23.558714285714284,2.0,Southern California,2013.0,2013.0,BUF,41,,0.23684211
2015,13,00-0030431,R.Woods,WR,BUF,HOU,0,0,0.0,0,0.0,0.0,0.0,0,0.0,0,5,2,19.0,1,7.9,9.9,,,72.0,190.0,23.558714285714284,2.0,Southern California,2013.0,2013.0,BUF,41,9.0,0.23809524
2015,14,00-0030431,R.Woods,WR,BUF,PHI,0,0,0.0,0,0.0,0.0,0.0,0,0.0,0,7,5,106.0,0,10.6,15.6,,,72.0,190.0,23.558714285714284,2.0,Southern California,2013.0,2013.0,BUF,41,,0.19444445
2015,15,00-0030431,R.Woods,WR,BUF,WAS,0,0,0.0,0,0.0,0.0,0.0,0,0.0,0,6,4,44.0,0,4.4,8.4,,,72.0,190.0,23.558714285714284,2.0,Southern California,2013.0,2013.0,BUF,41,,0.22222222
2015,4,00-0030432,C.Michael,RB,DAL,NO,0,0,0.0,0,0.0,0.0,0.0,1,-1.0,0,0,0,0.0,0,-0.1,-0.1,,,70.0,221.0,25.007571428571428,2.0,Texas A&M,2013.0,2013.0,SEA,62,,
2015,5,00-0030432,C.Michael,RB,DAL,NE,0,0,0.0,0,0.0,0.0,0.0,1,6.0,0,0,0,0.0,0,0.6,0.6,,,70.0,221.0,25.007571428571428,2.0,Texas A&M,2013.0,2013.0,SEA,62,-24.0,
2015,7,00-0030432,C.Michael,RB,DAL,NYG,0,0,0.0,0,0.0,0.0,0.0,5,18.0,0,1,1,2.0,0,2.0,3.0,,,70.0,221.0,25.007571428571428,2.0,Texas A&M,2013.0,2013.0,SEA,62,,0.037037037
2015,8,00-0030432,C.Michael,RB,DAL,SEA,0,0,0.0,0,0.0,0.0,0.0,5,20.0,0,2,0,0.0,0,2.0,2.0,,,70.0,221.0,25.007571428571428,2.0,Texas A&M,2013.0,2013.0,SEA,62,-1.0,0.07692308
2015,10,00-0030432,C.Michael,RB,DAL,TB,0,0,0.0,0,0.0,0.0,0.0,3,8.0,0,0,0,0.0,0,0.8,0.8,,,70.0,221.0,25.007571428571428,2.0,Texas A&M,2013.0,2013.0,SEA,62,,
2015,15,00-0030432,C.Michael,RB,SEA,CLE,0,0,0.0,0,0.0,0.0,0.0,16,84.0,0,0,0,0.0,0,8.4,8.4,,,70.0,221.0,25.007571428571428,2.0,Texas A&M,2013.0,2013.0,SEA,62,17.0,
2015,16,00-0030432,C.Michael,RB,SEA,LA,0,0,0.0,0,0.0,0.0,0.0,6,6.0,0,2,2,14.0,0,2.0,4.0,,,70.0,221.0,25.007571428571428,2.0,Texas A&M,2013.0,2013.0,SEA,62,-6.0,0.05
2015,17,00-0030432,C.Michael,RB,SEA,ARI,0,0,0.0,0,0.0,0.0,0.0,17,102.0,0,1,0,0.0,0,10.2,10.2,,,70.0,221.0,25.007571428571428,2.0,Texas A&M,2013.0,2013.0,SEA,62,,0.03125
2015,18,00-0030432,C.Michael,RB,SEA,MIN,0,0,0.0,0,0.0,0.0,0.0,21,70.0,0,1,1,14.0,0,8.4,9.4,,,70.0,221.0,25.007571428571428,2.0,Texas A&M,2013.0,2013.0,SEA,62,,0.03846154
2015,19,00-0030432,C.Michael,RB,SEA,CAR,0,0,0.0,0,0.0,0.0,0.0,0,0.0,0,1,0,0.0,0,0.0,0.0,,,70.0,221.0,25.007571428571428,2.0,Texas A&M,2013.0,2013.0,SEA,62,,0.02173913
2015,13,00-0030433,M.Gillislee,RB,BUF,HOU,0,0,0.0,0,0.0,0.0,0.0,7,41.0,0,1,1,5.0,0,4.6,5.6,,,71.0,219.0,25.1334,2.0,Florida,2013.0,2013.0,MIA,164,9.0,0.04761905
2015,14,00-0030433,M.Gillislee,RB,BUF,PHI,0,0,0.0,0,0.0,0.0,0.0,3,24.0,1,1,1,6.0,0,9.0,10.0,,,71.0,219.0,25.1334,2.0,Florida,2013.0,2013.0,MIA,164,,0.027777778
2015,15,00-0030433,M.Gillislee,RB,BUF,WAS,0,0,0.0,0,0.0,0.0,0.0,4,81.0,1,2,2,2.0,0,14.3,16.3,,,71.0,219.0,25.1334,2.0,Florida,2013.0,2013.0,MIA,164,,0.074074075
2015,16,00-0030433,M.Gillislee,RB,BUF,DAL,0,0,0.0,0,0.0,0.0,0.0,9,93.0,1,2,2,16.0,0,16.9,18.9,,,71.0,219.0,25.1334,2.0,Florida,2013.0,2013.0,MIA,164,10.0,0.11111111
2015,17,00-0030433,M.Gillislee,RB,BUF,NYJ,0,0,0.0,0,0.0,0.0,0.0,24,28.0,0,1,0,0.0,0,0.8,0.8,,,71.0,219.0,25.1334,2.0,Florida,2013.0,2013.0,MIA,164,5.0,0.035714287
2015,1,00-0030443,L.Toilolo,TE,ATL,PHI,0,0,0.0,0,0.0,0.0,0.0,0,0.0,0,1,1,4.0,0,0.4,1.4,,,80.0,265.0,24.2750625,2.0,Stanford,2013.0,2013.0,ATL,133,2.0,0.029411765
2015,2,00-0030443,L.Toilolo,TE,ATL,NYG,0,0,0.0,0,0.0,0.0,0.0,0,0.0,0,1,0,0.0,0,0.0,0.0,,,80.0,265.0,24.2750625,2.0,Stanford,2013.0,2013.0,ATL,133,,0.02173913
2015,3,00-0030443,L.Toilolo,TE,ATL,DAL,0,0,0.0,0,0.0,0.0,0.0,0,0.0,0,1,1,6.0,0,2.6,3.6,,,80.0,265.0,24.2750625,2.0,Stanford,2013.0,2013.0,ATL,133,,0.028571429
2015,6,00-0030443,L.Toilolo,TE,ATL,NO,0,0,0.0,0,0.0,0.0,0.0,0,0.0,0,3,2,18.0,0,1.8,3.8,,,80.0,265.0,24.2750625,2.0,Stanford,2013.0,2013.0,ATL,133,,0.069767445
2015,8,00-0030443,L.Toilolo,TE,ATL,TB,0,0,0.0,0,0.0,0.0,0.0,0,0.0,0,1,1,7.0,0,0.7,1.7,,,80.0,265.0,24.2750625,2.0,Stanford,2013.0,2013.0,ATL,133,-3.0,0.022222223
2015,9,00-0030443,L.Toilolo,TE,ATL,SF,0,0,0.0,0,0.0,0.0,0.0,0,0.0,0,1,1,1.0,0,0.1,1.1,,,80.0,265.0,24.2750625,2.0,Stanford,2013.0,2013.0,ATL,133,,0.022222223
2015,14,00-0030443,L.Toilolo,TE,ATL,CAR,0,0,0.0,0,0.0,0.0,0.0,0,0.0,0,1,0,0.0,0,0.0,0.0,,,80.0,265.0,24.2750625,2.0,Stanford,2013.0,2013.0,ATL,133,,0.024390243
2015,15,00-0030443,L.Toilolo,TE,ATL,JAX,0,0,0.0,0,0.0,0.0,0.0,0,0.0,0,1,0,0.0,0,0.0,0.0,,,80.0,265.0,24.2750625,2.0,Stanford,2013.0,2013.0,ATL,133,,0.028571429
2015,17,00-0030443,L.Toilolo,TE,ATL,NO,0,0,0.0,0,0.0,0.0,0.0,0,0.0,0,2,1,8.0,0,0.8,1.8,,,80.0,265.0,24.2750625,2.0,Stanford,2013.0,2013.0,ATL,133,-3.0,0.055555556
2015,1,00-0030450,,WR,SF,MIN,0,0,0.0,0,0.0,0.0,0.0,0,0.0,0,1,0,0.0,0,0.0,0.0,,,72.0,204.0,25.246875,2.0,,2013.0,2013.0,SF,128,17.0,0.03846154
2015,2,00-0030450,,WR,SF,PIT,0,0,0.0,0,0.0,0.0,0.0,0,0.0,0,4,4,25.0,0,2.5,6.5,,,72.0,204.0,25.246875,2.0,,2013.0,2013.0,SF,128,,0.08695652
2015,3,00-0030450,,WR,SF,ARI,0,0,0.0,0,0.0,0.0,0.0,0,0.0,0,3,1,7.0,0,0.7,1.7,,,72.0,204.0,25.246875,2.0,,2013.0,2013.0,SF,128,,0.15789473
2015,4,00-0030450,,WR,SF,GB,0,0,0.0,0,0.0,0.0,0.0,0,0.0,0,2,2,53.0,0,5.3,7.3,,,72.0,204.0,25.246875,2.0,,2013.0,2013.0,SF,128,-14.0,0.08
2015,5,00-0030450,,WR,SF,NYG,0,0,0.0,0,0.0,0.0,0.0,0,0.0,0,3,2,6.0,0,0.6,2.6,,,72.0,204.0,25.246875,2.0,,2013.0,2013.0,SF,128,,0.08571429
2015,6,00-0030450,,WR,SF,BAL,0,0,0.0,0,0.0,0.0,0.0,0,0.0,0,3,2,38.0,1,9.8,11.8,,,72.0,204.0,25.246875,2.0,,2013.0,2013.0,SF,128,5.0,0.11111111
2015,7,00-0030450,,WR,SF,SEA,0,0,0.0,0,0.0,0.0,0.0,0,0.0,0,3,1,2.0,0,0.2,1.2,,,72.0,204.0,25.246875,2.0,,2013.0,2013.0,SF,128,-17.0,0.125
2015,8,00-0030450,,WR,SF,LA,0,0,0.0,0,0.0,0.0,0.0,0,0.0,0,4,2,33.0,0,3.3,5.3,,,72.0,204.0,25.246875,2.0,,2013.0,2013.0,SF,128,,0.09756097
2015,9,00-0030450,,WR,SF,ATL,0,0,0.0,0,0.0,0.0,0.0,0,0.0,0,5,3,70.0,0,7.0,10.0,,,72.0,204.0,25.246875,2.0,,2013.0,2013.0,SF,128,1.0,0.1923077
2015,11,00-0030450,,WR,SF,SEA,0,0,0.0,0,0.0,0.0,0.0,0,0.0,0,3,2,15.0,0,1.5,3.5,,,72.0,204.0,25.246875,2.0,,2013.0,2013.0,SF,128,,0.09090909
2015,12,00-0030450,,WR,SF,ARI,0,0,0.0,0,0.0,0.0,0.0,1,5.0,0,6,1,1.0,0,0.6,1.6,,,72.0,204.0,25.246875,2.0,,2013.0,2013.0,SF,128,-6.0,0.16666667
2015,14,00-0030450,,WR,SF,CLE,0,0,0.0,0,0.0,0.0,0.0,0,0.0,0,9,5,46.0,0,4.6,9.6,,,72.0,204.0,25.246875,2.0,,2013.0,2013.0,SF,128,,0.32142857
2015,15,00-0030450,,WR,SF,CIN,0,0,0.0,0,0.0,0.0,0.0,0,0.0,0,5,3,37.0,0,3.7,6.7,,,72.0,204.0,25.246875,2.0,,2013.0,2013.0,SF,128,-10.0,0.1
2015,16,00-0030450,,WR,SF,DET,0,0,0.0,0,0.0,0.0,0.0,0,0.0,0,4,1,28.0,0,2.8,3.8,,,72.0,204.0,25.246875,2.0,,2013.0,2013.0,SF,128,,0.121212125
2015,17,00-0030450,,WR,SF,LA,0,0,0.0,0,0.0,0.0,0.0,0,0.0,0,2,1,33.0,0,3.3,4.3,,,72.0,204.0,25.246875,2.0,,2013.0,2013.0,SF,128,3.0,0.045454547
2015,1,00-0030456,G.Bernard,RB,CIN,LV,0,0,0.0,0,0.0,0.0,0.0,8,63.0,0,6,6,25.0,0,8.8,14.8,,,69.0,205.0,23.973764705882353,2.0,North Carolina,2013.0,2013.0,CIN,37,,0.1764706
2015,2,00-0030456,G.Bernard,RB,CIN,LAC,0,0,0.0,0,0.0,0.0,0.0,20,123.0,0,3,3,16.0,0,13.9,16.9,,,69.0,205.0,23.973764705882353,2.0,North Carolina,2013.0,2013.0,CIN,37,5.0,0.125
2015,3,00-0030456,G.Bernard,RB,CIN,BAL,0,0,0.0,0,0.0,0.0,0.0,13,49.0,0,4,3,34.0,0,8.3,11.3,,,69.0,205.0,23.973764705882353,2.0,North Carolina,2013.0,2013.0,CIN,37,,0.125
2015,4,00-0030456,G.Bernard,RB,CIN,KC,0,0,0.0,0,0.0,0.0,0.0,13,62.0,1,0,0,0.0,0,12.2,12.2,,,69.0,205.0,23.973764705882353,2.0,North Carolina,2013.0,2013.0,CIN,37,15.0,
2015,5,00-0030456,G.Bernard,RB,CIN,SEA,0,0,0.0,0,0.0,0.0,0.0,15,80.0,0,8,5,21.0,0,10.1,15.1,,,69.0,205.0,23.973764705882353,2.0,North Carolina,2013.0,2013.0,CIN,37,3.0,0.18604651
2015,6,00-0030456,G.Bernard,RB,CIN,BUF,0,0,0.0,0,0.0,0.0,0.0,8,50.0,1,2,1,23.0,0,13.3,14.3,,,69.0,205.0,23.973764705882353,2.0,North Carolina,2013.0,2013.0,CIN,37,,0.060606062
2015,8,00-0030456,G.Bernard,RB,CIN,PIT,0,0,0.0,0,0.0,0.0,0.0,1,12.0,0,3,2,22.0,0,3.4,5.4,,,69.0,205.0,23.973764705882353,2.0,North Carolina,2013.0,2013.0,CIN,37,,0.078947365
2015,9,00-0030456,G.Bernard,RB,CIN,CLE,0,0,0.0,0,0.0,0.0,0.0,13,72.0,0,1,1,14.0,0,8.6,9.6,,,69.0,205.0,23.973764705882353,2.0,North Carolina,2013.0,2013.0,CIN,37,21.0,0.04
2015,10,00-0030456,G.Bernard,RB,CIN,HOU,0,0,0.0,0,0.0,0.0,0.0,8,36.0,0,8,5,43.0,0,7.9,12.9,,,69.0,205.0,23.973764705882353,2.0,North Carolina,2013.0,2013.0,CIN,37,-4.0,0.21052632
2015,11,00-0030456,G.Bernard,RB,CIN,ARI,0,0,0.0,0,0.0,0.0,0.0,6,18.0,0,10,8,128.0,0,14.6,22.6,,,69.0,205.0,23.973764705882353,2.0,North Carolina,2013.0,2013.0,CIN,37,,0.25641027
2015,12,00-0030456,G.Bernard,RB,CIN,LA,0,0,0.0,0,0.0,0.0,0.0,10,16.0,0,3,2,51.0,0,6.7,8.7,,,69.0,205.0,23.973764705882353,2.0,North Carolina,2013.0,2013.0,CIN,37,24.0,0.10714286
2015,13,00-0030456,G.Bernard,RB,CIN,CLE,0,0,0.0,0,0.0,0.0,0.0,5,26.0,0,1,1,9.0,0,3.5,4.5,,,69.0,205.0,23.973764705882353,2.0,North Carolina,2013.0,2013.0,CIN,37,,0.045454547
2015,14,00-0030456,G.Bernard,RB,CIN,PIT,0,0,0.0,0,0.0,0.0,0.0,6,40.0,0,5,3,27.0,0,6.7,9.7,,,69.0,205.0,23.973764705882353,2.0,North Carolina,2013.0,2013.0,CIN,37,-13.0,0.1388889
2015,15,00-0030456,G.Bernard,RB,CIN,SF,0,0,0.0,0,0.0,0.0,0.0,14,33.0,0,4,4,18.0,0,5.1,9.1,,,69.0,205.0,23.973764705882353,2.0,North Carolina,2013.0,2013.0,CIN,37,,0.1904762
2015,16,00-0030456,G.Bernard,RB,CIN,DEN,0,0,0.0,0,0.0,0.0,0.0,8,14.0,0,5,4,29.0,0,4.3,8.3,,,69.0,205.0,23.973764705882353,2.0,North Carolina,2013.0,2013.0,CIN,37,,0.14705883
2015,17,00-0030456,G.Bernard,RB,CIN,BAL,0,0,0.0,0,0.0,0.0,0.0,6,36.0,0,3,1,12.0,0,4.8,5.8,,,69.0,205.0,23.973764705882353,2.0,North Carolina,2013.0,2013.0,CIN,37,8.0,0.125
2015,18,00-0030456,G.Bernard,RB,CIN,PIT,0,0,0.0,0,0.0,0.0,0.0,6,28.0,0,4,2,2.0,0,1.0,3.0,,,69.0,205.0,23.973764705882353,2.0,North Carolina,2013.0,2013.0,CIN,37,-2.0,0.102564104
2015,1,00-0030460,M.Wheaton,WR,PIT,NE,0,0,0.0,0,0.0,0.0,0.0,0,0.0,0,7,3,55.0,0,7.5,10.5,,,71.0,189.0,24.767333333333333,2.0,Oregon State,2013.0,2013.0,PIT,79,,0.18421052
2015,2,00-0030460,M.Wheaton,WR,PIT,SF,0,0,0.0,0,0.0,0.0,0.0,0,0.0,0,4,2,67.0,0,6.7,8.7,,,71.0,189.0,24.767333333333333,2.0,Oregon State,2013.0,2013.0,PIT,79,25.0,0.14814815
2015,3,00-0030460,M.Wheaton,WR,PIT,LA,0,0,0.0,0,0.0,0.0,0.0,0,0.0,0,3,2,16.0,0,1.6,3.6,,,71.0,189.0,24.767333333333333,2.0,Oregon State,2013.0,2013.0,PIT,79,,0.1
2015,4,00-0030460,M.Wheaton,WR,PIT,BAL,0,0,0.0,0,0.0,0.0,0.0,0,0.0,0,1,1,18.0,0,1.8,2.8,,,71.0,189.0,24.767333333333333,2.0,Oregon State,2013.0,2013.0,PIT,79,-3.0,0.03846154
2015,5,00-0030460,M.Wheaton,WR,PIT,LAC,0,0,0.0,0,0.0,0.0,0.0,0,0.0,0,3,1,72.0,1,13.2,14.2,,,71.0,189.0,24.767333333333333,2.0,Oregon State,2013.0,2013.0,PIT,79,,0.125
2015,6,00-0030460,M.Wheaton,WR,PIT,ARI,0,0,0.0,0,0.0,0.0,0.0,0,0.0,0,2,1,8.0,0,0.8,1.8,,,71.0,189.0,24.767333333333333,2.0,Oregon State,2013.0,2013.0,PIT,79,12.0,0.1
2015,7,00-0030460,M.Wheaton,WR,PIT,KC,0,0,0.0,0,0.0,0.0,0.0,0,0.0,0,4,2,16.0,0,1.6,3.6,,,71.0,189.0,24.767333333333333,2.0,Oregon State,2013.0,2013.0,PIT,79,,0.14285715
2015,8,00-0030460,M.Wheaton,WR,PIT,CIN,0,0,0.0,0,0.0,0.0,0.0,0,0.0,0,2,1,5.0,0,0.5,1.5,,,71.0,189.0,24.767333333333333,2.0,Oregon State,2013.0,2013.0,PIT,79,-6.0,0.044444446
2015,9,00-0030460,M.Wheaton,WR,PIT,LV,0,0,0.0,0,0.0,0.0,0.0,0,0.0,0,4,1,-2.0,0,-0.2,0.8,,,71.0,189.0,24.767333333333333,2.0,Oregon State,2013.0,2013.0,PIT,79,3.0,0.08
2015,10,00-0030460,M.Wheaton,WR,PIT,CLE,0,0,0.0,0,0.0,0.0,0.0,0,0.0,0,2,2,18.0,0,1.8,3.8,,,71.0,189.0,24.767333333333333,2.0,Oregon State,2013.0,2013.0,PIT,79,21.0,0.054054055
2015,12,00-0030460,M.Wheaton,WR,PIT,SEA,0,0,0.0,0,0.0,0.0,0.0,0,0.0,0,13,9,201.0,1,26.1,35.1,,,71.0,189.0,24.767333333333333,2.0,Oregon State,2013.0,2013.0,PIT,79,,0.22413793
2015,13,00-0030460,M.Wheaton,WR,PIT,IND,0,0,0.0,0,0.0,0.0,0.0,0,0.0,0,6,3,50.0,1,11.0,14.0,,,71.0,189.0,24.767333333333333,2.0,Oregon State,2013.0,2013.0,PIT,79,35.0,0.15384616
2015,14,00-0030460,M.Wheaton,WR,PIT,CIN,0,0,0.0,0,0.0,0.0,0.0,0,0.0,0,7,4,65.0,0,6.5,10.5,,,71.0,189.0,24.767333333333333,2.0,Oregon State,2013.0,2013.0,PIT,79,,0.18421052
2015,15,00-0030460,M.Wheaton,WR,PIT,DEN,0,0,0.0,0,0.0,0.0,0.0,0,0.0,0,11,6,62.0,1,12.2,18.2,,,71.0,189.0,24.767333333333333,2.0,Oregon State,2013.0,2013.0,PIT,79,7.0,0.2037037
2015,16,00-0030460,M.Wheaton,WR,PIT,BAL,0,0,0.0,0,0.0,0.0,0.0,0,0.0,0,5,3,41.0,0,4.1,7.1,,,71.0,189.0,24.767333333333333,2.0,Oregon State,2013.0,2013.0,PIT,79,,0.14705883
2015,17,00-0030460,M.Wheaton,WR,PIT,CLE,0,0,0.0,0,0.0,0.0,0.0,0,0.0,0,5,3,57.0,1,11.7,14.7,,,71.0,189.0,24.767333333333333,2.0,Oregon State,2013.0,2013.0,PIT,79,,0.1388889
2015,18,00-0030460,M.Wheaton,WR,PIT,CIN,0,0,0.0,0,0.0,0.0,0.0,0,0.0,0,5,2,23.0,0,0.3,2.3,,,71.0,189.0,24.767333333333333,2.0,Oregon State,2013.0,2013.0,PIT,79,,0.1388889
2015,19,00-0030460,M.Wheaton,WR,PIT,DEN,0,0,0.0,0,0.0,0.0,0.0,0,0.0,0,8,5,30.0,0,3.0,8.0,,,71.0,189.0,24.767333333333333,2.0,Oregon State,2013.0,2013.0,PIT,79,,0.22222222
2015,11,00-0030465,K.Barner,RB,PHI,TB,0,0,0.0,0,0.0,0.0,0.0,7,37.0,0,1,0,0.0,0,3.7,3.7,,,69.0,195.0,26.530625,2.0,Oregon,2013.0,2013.0,CAR,182,-28.0,0.024390243
2015,12,00-0030465,K.Barner,RB,PHI,DET,0,0,0.0,0,0.0,0.0,0.0,7,30.0,0,1,1,1.0,0,3.1,4.1,,,69.0,195.0,26.530625,2.0,Oregon,2013.0,2013.0,CAR,182,,0.037037037
2015,13,00-0030465,K.Barner,RB,PHI,NE,0,0,0.0,0,0.0,0.0,0.0,9,39.0,0,2,2,7.0,0,2.6,4.6,,,69.0,195.0,26.530625,2.0,Oregon,2013.0,2013.0,CAR,182,,0.083333336
2015,16,00-0030465,K.Barner,RB,PHI,WAS,0,0,0.0,0,0.0,0.0,0.0,0,0.0,0,3,1,-7.0,0,-0.7,0.3,,,69.0,195.0,26.530625,2.0,Oregon,2013.0,2013.0,CAR,182,-14.0,0.054545455
2015,17,00-0030465,K.Barner,RB,PHI,NYG,0,0,0.0,0,0.0,0.0,0.0,5,18.0,0,5,5,21.0,0,3.9,8.9,,,69.0,195.0,26.530625,2.0,Oregon,2013.0,2013.0,CAR,182,,0.13157895
2015,1,00-0030470,V.McDonald,TE,SF,MIN,0,0,0.0,0,0.0,0.0,0.0,0,0.0,0,1,1,5.0,0,0.5,1.5,,,76.0,267.0,25.4030625,2.0,Rice,2013.0,2013.0,SF,55,17.0,0.03846154
2015,2,00-0030470,V.McDonald,TE,SF,PIT,0,0,0.0,0,0.0,0.0,0.0,0,0.0,0,1,0,0.0,0,0.0,0.0,,,76.0,267.0,25.4030625,2.0,Rice,2013.0,2013.0,SF,55,,0.02173913
2015,4,00-0030470,V.McDonald,TE,SF,GB,0,0,0.0,0,0.0,0.0,0.0,0,0.0,0,2,1,7.0,0,0.7,1.7,,,76.0,267.0,25.4030625,2.0,Rice,2013.0,2013.0,SF,55,-14.0,0.08
2015,5,00-0030470,V.McDonald,TE,SF,NYG,0,0,0.0,0,0.0,0.0,0.0,0,0.0,0,3,2,9.0,0,0.9,2.9,,,76.0,267.0,25.4030625,2.0,Rice,2013.0,2013.0,SF,55,,0.08571429
2015,6,00-0030470,V.McDonald,TE,SF,BAL,0,0,0.0,0,0.0,0.0,0.0,0,0.0,0,1,1,10.0,0,1.0,2.0,,,76.0,267.0,25.4030625,2.0,Rice,2013.0,2013.0,SF,55,5.0,0.037037037
2015,7,00-0030470,V.McDonald,TE,SF,SEA,0,0,0.0,0,0.0,0.0,0.0,0,0.0,0,1,1,1.0,0,0.1,1.1,,,76.0,267.0,25.4030625,2.0,Rice,2013.0,2013.0,SF,55,-17.0,0.041666668
2015,8,00-0030470,V.McDonald,TE,SF,LA,0,0,0.0,0,0.0,0.0,0.0,0,0.0,0,2,1,13.0,0,1.3,2.3,,,76.0,267.0,25.4030625,2.0,Rice,2013.0,2013.0,SF,55,,0.048780486
2015,9,00-0030470,V.McDonald,TE,SF,ATL,0,0,0.0,0,0.0,0.0,0.0,0,0.0,0,5,2,19.0,0,1.9,3.9,,,76.0,267.0,25.4030625,2.0,Rice,2013.0,2013.0,SF,55,1.0,0.1923077
2015,11,00-0030470,V.McDonald,TE,SF,SEA,0,0,0.0,0,0.0,0.0,0.0,0,0.0,0,4,4,65.0,1,12.5,16.5,,,76.0,267.0,25.4030625,2.0,Rice,2013.0,2013.0,SF,55,,0.121212125
2015,12,00-0030470,V.McDonald,TE,SF,ARI,0,0,0.0,0,0.0,0.0,0.0,0,0.0,0,7,6,71.0,1,13.1,19.1,,,76.0,267.0,25.4030625,2.0,Rice,2013.0,2013.0,SF,55,-6.0,0.19444445
2015,13,00-0030470,V.McDonald,TE,SF,CHI,0,0,0.0,0,0.0,0.0,0.0,0,0.0,0,3,2,18.0,0,1.8,3.8,,,76.0,267.0,25.4030625,2.0,Rice,2013.0,2013.0,SF,55,,0.09375
2015,15,00-0030470,V.McDonald,TE,SF,CIN,0,0,0.0,0,0.0,0.0,0.0,0,0.0,0,4,1,10.0,0,1.0,2.0,,,76.0,267.0,25.4030625,2.0,Rice,2013.0,2013.0,SF,55,-10.0,0.08
2015,16,00-0030470,V.McDonald,TE,SF,DET,0,0,0.0,0,0.0,0.0,0.0,0,0.0,0,7,5,61.0,1,12.1,17.1,,,76.0,267.0,25.4030625,2.0,Rice,2013.0,2013.0,SF,55,,0.21212122
2015,17,00-0030470,V.McDonald,TE,SF,LA,0,0,0.0,0,0.0,0.0,0.0,0,0.0,0,5,3,37.0,0,3.7,6.7,,,76.0,267.0,25.4030625,2.0,Rice,2013.0,2013.0,SF,55,3.0,0.11363637
2015,1,00-0030472,J.Reed,TE,WAS,MIA,0,0,0.0,0,0.0,0.0,0.0,0,0.0,0,11,7,63.0,1,12.3,19.3,,,74.0,237.0,25.360529411764706,2.0,Florida,2013.0,2013.0,WAS,85,-7.0,0.3548387
2015,2,00-0030472,J.Reed,TE,WAS,LA,0,0,0.0,0,0.0,0.0,0.0,0,0.0,0,6,6,82.0,0,8.2,14.2,,,74.0,237.0,25.360529411764706,2.0,Florida,2013.0,2013.0,WAS,85,14.0,0.22222222
2015,3,00-0030472,J.Reed,TE,WAS,NYG,0,0,0.0,0,0.0,0.0,0.0,0,0.0,0,9,6,96.0,0,9.6,15.6,,,74.0,237.0,25.360529411764706,2.0,Florida,2013.0,2013.0,WAS,85,,0.18367347
2015,4,00-0030472,J.Reed,TE,WAS,PHI,0,0,0.0,0,0.0,0.0,0.0,0,0.0,0,8,5,37.0,0,1.7,6.7,,,74.0,237.0,25.360529411764706,2.0,Florida,2013.0,2013.0,WAS,85,3.0,0.17391305
2015,7,00-0030472,J.Reed,TE,WAS,TB,0,0,0.0,0,0.0,0.0,0.0,0,0.0,0,13,11,72.0,2,19.2,30.2,,,74.0,237.0,25.360529411764706,2.0,Florida,2013.0,2013.0,WAS,85,1.0,0.325
2015,9,00-0030472,J.Reed,TE,WAS,NE,0,0,0.0,0,0.0,0.0,0.0,0,0.0,0,7,3,18.0,1,7.8,10.8,,,74.0,237.0,25.360529411764706,2.0,Florida,2013.0,2013.0,WAS,85,,0.175
2015,10,00-0030472,J.Reed,TE,WAS,NO,0,0,0.0,0,0.0,0.0,0.0,0,0.0,0,4,3,29.0,2,14.9,17.9,,,74.0,237.0,25.360529411764706,2.0,Florida,2013.0,2013.0,WAS,85,33.0,0.16
2015,11,00-0030472,J.Reed,TE,WAS,CAR,0,0,0.0,0,0.0,0.0,0.0,0,0.0,0,8,6,46.0,0,2.6,8.6,,,74.0,237.0,25.360529411764706,2.0,Florida,2013.0,2013.0,WAS,85,,0.26666668
2015,12,00-0030472,J.Reed,TE,WAS,NYG,0,0,0.0,0,0.0,0.0,0.0,0,0.0,0,9,8,98.0,0,9.8,17.8,,,74.0,237.0,25.360529411764706,2.0,Florida,2013.0,2013.0,WAS,85,6.0,0.31034482
2015,13,00-0030472,J.Reed,TE,WAS,DAL,0,0,0.0,0,0.0,0.0,0.0,0,0.0,0,8,3,33.0,0,3.3,6.3,,,74.0,237.0,25.360529411764706,2.0,Florida,2013.0,2013.0,WAS,85,-3.0,0.2580645
2015,14,00-0030472,J.Reed,TE,WAS,CHI,0,0,0.0,0,0.0,0.0,0.0,0,0.0,0,9,9,120.0,1,18.0,27.0,,,74.0,237.0,25.360529411764706,2.0,Florida,2013.0,2013.0,WAS,85,,0.29032257
2015,15,00-0030472,J.Reed,TE,WAS,BUF,0,0,0.0,0,0.0,0.0,0.0,0,0.0,0,7,7,84.0,2,20.4,27.4,,,74.0,237.0,25.360529411764706,2.0,Florida,2013.0,2013.0,WAS,85,10.0,0.25
2015,16,00-0030472,J.Reed,TE,WAS,PHI,0,0,0.0,0,0.0,0.0,0.0,0,0.0,0,11,9,129.0,2,24.9,33.9,,,74.0,237.0,25.360529411764706,2.0,Florida,2013.0,2013.0,WAS,85,,0.23913044
2015,17,00-0030472,J.Reed,TE,WAS,DAL,0,0,0.0,0,0.0,0.0,0.0,0,0.0,0,4,4,45.0,0,4.5,8.5,,,74.0,237.0,25.360529411764706,2.0,Florida,2013.0,2013.0,WAS,85,,0.15384616
2015,18,00-0030472,J.Reed,TE,WAS,GB,0,0,0.0,0,0.0,0.0,0.0,0,0.0,0,17,9,120.0,1,18.0,27.0,,,74.0,237.0,25.360529411764706,2.0,Florida,2013.0,2013.0,WAS,85,-17.0,0.36956522
2015,1,00-0030485,E.Lacy,RB,GB,CHI,0,0,0.0,0,0.0,0.0,0.0,19,85.0,1,3,2,14.0,0,15.9,17.9,,,71.0,234.0,25.456055555555555,2.0,Alabama,2013.0,2013.0,GB,61,,0.13043478
2015,2,00-0030485,E.Lacy,RB,GB,SEA,0,0,0.0,0,0.0,0.0,0.0,3,9.0,0,0,0,0.0,0,0.9,0.9,,,71.0,234.0,25.456055555555555,2.0,Alabama,2013.0,2013.0,GB,61,10.0,
2015,3,00-0030485,E.Lacy,RB,GB,KC,0,0,0.0,0,0.0,0.0,0.0,10,46.0,0,3,3,41.0,0,8.7,11.7,,,71.0,234.0,25.456055555555555,2.0,Alabama,2013.0,2013.0,GB,61,10.0,0.08571429
2015,4,00-0030485,E.Lacy,RB,GB,SF,0,0,0.0,0,0.0,0.0,0.0,18,90.0,0,3,1,3.0,0,9.3,10.3,,,71.0,234.0,25.456055555555555,2.0,Alabama,2013.0,2013.0,GB,61,,0.09375
2015,5,00-0030485,E.Lacy,RB,GB,LA,0,0,0.0,0,0.0,0.0,0.0,13,27.0,0,1,1,8.0,0,3.5,4.5,,,71.0,234.0,25.456055555555555,2.0,Alabama,2013.0,2013.0,GB,61,14.0,0.033333335
2015,6,00-0030485,E.Lacy,RB,GB,LAC,0,0,0.0,0,0.0,0.0,0.0,4,3.0,0,2,2,17.0,0,2.0,4.0,,,71.0,234.0,25.456055555555555,2.0,Alabama,2013.0,2013.0,GB,61,7.0,0.06896552
2015,8,00-0030485,E.Lacy,RB,GB,DEN,0,0,0.0,0,0.0,0.0,0.0,11,38.0,1,2,1,9.0,0,10.7,11.7,,,71.0,234.0,25.456055555555555,2.0,Alabama,2013.0,2013.0,GB,61,,0.09090909
2015,9,00-0030485,E.Lacy,RB,GB,CAR,0,0,0.0,0,0.0,0.0,0.0,5,10.0,0,1,0,0.0,0,-1.0,-1.0,,,71.0,234.0,25.456055555555555,2.0,Alabama,2013.0,2013.0,GB,61,,0.020833334
2015,11,00-0030485,E.Lacy,RB,GB,MIN,0,0,0.0,0,0.0,0.0,0.0,22,100.0,0,2,1,6.0,0,10.6,11.6,,,71.0,234.0,25.456055555555555,2.0,Alabama,2013.0,2013.0,GB,61,,0.05882353
2015,12,00-0030485,E.Lacy,RB,GB,CHI,0,0,0.0,0,0.0,0.0,0.0,17,105.0,0,5,4,34.0,1,17.9,21.9,,,71.0,234.0,25.456055555555555,2.0,Alabama,2013.0,2013.0,GB,61,-4.0,0.11627907
2015,13,00-0030485,E.Lacy,RB,GB,DET,0,0,0.0,0,0.0,0.0,0.0,5,4.0,0,1,1,-3.0,0,0.1,1.1,,,71.0,234.0,25.456055555555555,2.0,Alabama,2013.0,2013.0,GB,61,,0.028571429
2015,14,00-0030485,E.Lacy,RB,GB,DAL,0,0,0.0,0,0.0,0.0,0.0,24,124.0,1,1,1,24.0,0,20.8,21.8,,,71.0,234.0,25.456055555555555,2.0,Alabama,2013.0,2013.0,GB,61,21.0,0.030303031
2015,15,00-0030485,E.Lacy,RB,GB,LV,0,0,0.0,0,0.0,0.0,0.0,11,23.0,0,0,0,0.0,0,2.3,2.3,,,71.0,234.0,25.456055555555555,2.0,Alabama,2013.0,2013.0,GB,61,,
2015,16,00-0030485,E.Lacy,RB,GB,ARI,0,0,0.0,0,0.0,0.0,0.0,12,60.0,0,2,1,28.0,1,14.8,15.8,,,71.0,234.0,25.456055555555555,2.0,Alabama,2013.0,2013.0,GB,61,,0.06896552
2015,17,00-0030485,E.Lacy,RB,GB,MIN,0,0,0.0,0,0.0,0.0,0.0,13,34.0,0,2,2,7.0,0,4.1,6.1,,,71.0,234.0,25.456055555555555,2.0,Alabama,2013.0,2013.0,GB,61,-7.0,0.046511628
2015,18,00-0030485,E.Lacy,RB,GB,WAS,0,0,0.0,0,0.0,0.0,0.0,12,63.0,1,0,0,0.0,0,10.3,10.3,,,71.0,234.0,25.456055555555555,2.0,Alabama,2013.0,2013.0,GB,61,,
2015,19,00-0030485,E.Lacy,RB,GB,ARI,0,0,0.0,0,0.0,0.0,0.0,12,89.0,0,2,2,2.0,0,9.1,11.1,,,71.0,234.0,25.456055555555555,2.0,Alabama,2013.0,2013.0,GB,61,,0.04761905
2015,3,00-0030496,L.Bell,RB,PIT,LA,0,0,0.0,0,0.0,0.0,0.0,19,62.0,1,8,7,70.0,0,19.2,26.2,,,73.0,244.0,23.652833333333334,2.0,Michigan State,2013.0,2013.0,PIT,48,,0.26666668
2015,4,00-0030496,L.Bell,RB,PIT,BAL,0,0,0.0,0,0.0,0.0,0.0,22,129.0,1,7,7,21.0,0,21.0,28.0,,,73.0,244.0,23.652833333333334,2.0,Michigan State,2013.0,2013.0,PIT,48,-3.0,0.26923078
2015,5,00-0030496,L.Bell,RB,PIT,LAC,0,0,0.0,0,0.0,0.0,0.0,21,111.0,1,5,4,16.0,0,18.7,22.7,,,73.0,244.0,23.652833333333334,2.0,Michigan State,2013.0,2013.0,PIT,48,,0.20833333
2015,6,00-0030496,L.Bell,RB,PIT,ARI,0,0,0.0,0,0.0,0.0,0.0,24,88.0,0,0,0,0.0,0,8.8,8.8,,,73.0,244.0,23.652833333333334,2.0,Michigan State,2013.0,2013.0,PIT,48,12.0,
2015,7,00-0030496,L.Bell,RB,PIT,KC,0,0,0.0,0,0.0,0.0,0.0,17,121.0,0,4,4,16.0,0,13.7,17.7,,,73.0,244.0,23.652833333333334,2.0,Michigan State,2013.0,2013.0,PIT,48,,0.14285715
2015,8,00-0030496,L.Bell,RB,PIT,CIN,0,0,0.0,0,0.0,0.0,0.0,10,45.0,0,2,2,13.0,0,5.8,7.8,,,73.0,244.0,23.652833333333334,2.0,Michigan State,2013.0,2013.0,PIT,48,-6.0,0.044444446
2015,1,00-0030506,T.Kelce,TE,KC,HOU,0,0,0.0,0,0.0,0.0,0.0,0,0.0,0,6,6,106.0,2,22.6,28.6,,,77.0,260.0,26.111277777777776,2.0,Cincinnati,2013.0,2013.0,KC,63,,0.19354838
2015,2,00-0030506,T.Kelce,TE,KC,DEN,0,0,0.0,0,0.0,0.0,0.0,0,0.0,0,5,4,58.0,0,5.8,9.8,,,77.0,260.0,26.111277777777776,2.0,Cincinnati,2013.0,2013.0,KC,63,-7.0,0.2
2015,3,00-0030506,T.Kelce,TE,KC,GB,0,0,0.0,0,0.0,0.0,0.0,0,0.0,0,10,6,80.0,0,10.0,16.0,,,77.0,260.0,26.111277777777776,2.0,Cincinnati,2013.0,2013.0,KC,63,,0.25
2015,4,00-0030506,T.Kelce,TE,KC,CIN,0,0,0.0,0,0.0,0.0,0.0,0,0.0,0,7,5,49.0,0,2.9,7.9,,,77.0,260.0,26.111277777777776,2.0,Cincinnati,2013.0,2013.0,KC,63,,0.1627907
2015,5,00-0030506,T.Kelce,TE,KC,CHI,0,0,0.0,0,0.0,0.0,0.0,0,0.0,0,6,3,35.0,0,3.5,6.5,,,77.0,260.0,26.111277777777776,2.0,Cincinnati,2013.0,2013.0,KC,63,-1.0,0.2
2015,6,00-0030506,T.Kelce,TE,KC,MIN,0,0,0.0,0,0.0,0.0,0.0,0,0.0,0,7,5,88.0,0,8.8,13.8,,,77.0,260.0,26.111277777777776,2.0,Cincinnati,2013.0,2013.0,KC,63,,0.1891892
2015,7,00-0030506,T.Kelce,TE,KC,PIT,0,0,0.0,0,0.0,0.0,0.0,0,0.0,0,6,5,73.0,0,7.3,12.3,,,77.0,260.0,26.111277777777776,2.0,Cincinnati,2013.0,2013.0,KC,63,10.0,0.19354838
2015,8,00-0030506,T.Kelce,TE,KC,DET,0,0,0.0,0,0.0,0.0,0.0,0,0.0,0,8,6,49.0,1,10.9,16.9,,,77.0,260.0,26.111277777777776,2.0,Cincinnati,2013.0,2013.0,KC,63,35.0,0.2857143
2015,10,00-0030506,T.Kelce,TE,KC,DEN,0,0,0.0,0,0.0,0.0,0.0,0,0.0,0,9,5,36.0,0,3.6,8.6,,,77.0,260.0,26.111277777777776,2.0,Cincinnati,2013.0,2013.0,KC,63,,0.29032257
2015,11,00-0030506,T.Kelce,TE,KC,LAC,0,0,0.0,0,0.0,0.0,0.0,0,0.0,0,7,5,46.0,0,4.6,9.6,,,77.0,260.0,26.111277777777776,2.0,Cincinnati,2013.0,2013.0,KC,63,,0.28
2015,12,00-0030506,T.Kelce,TE,KC,BUF,0,0,0.0,0,0.0,0.0,0.0,0,0.0,0,7,4,69.0,1,12.9,16.9,,,77.0,260.0,26.111277777777776,2.0,Cincinnati,2013.0,2013.0,KC,63,8.0,0.25925925
2015,13,00-0030506,T.Kelce,TE,KC,LV,0,0,0.0,0,0.0,0.0,0.0,0,0.0,0,3,2,42.0,0,4.2,6.2,,,77.0,260.0,26.111277777777776,2.0,Cincinnati,2013.0,2013.0,KC,63,,0.13636364
2015,14,00-0030506,T.Kelce,TE,KC,LAC,0,0,0.0,0,0.0,0.0,0.0,0,0.0,0,5,3,18.0,0,1.8,4.8,,,77.0,260.0,26.111277777777776,2.0,Cincinnati,2013.0,2013.0,KC,63,7.0,0.2173913
2015,15,00-0030506,T.Kelce,TE,KC,BAL,0,0,0.0,0,0.0,0.0,0.0,0,0.0,0,7,6,73.0,0,7.3,13.3,,,77.0,260.0,26.111277777777776,2.0,Cincinnati,2013.0,2013.0,KC,63,,0.28
2015,16,00-0030506,T.Kelce,TE,KC,CLE,0,0,0.0,0,0.0,0.0,0.0,0,0.0,0,8,6,43.0,1,10.3,16.3,,,77.0,260.0,26.111277777777776,2.0,Cincinnati,2013.0,2013.0,KC,63,4.0,0.36363637
2015,17,00-0030506,T.Kelce,TE,KC,LV,0,0,0.0,0,0.0,0.0,0.0,0,0.0,0,2,1,10.0,0,1.0,2.0,,,77.0,260.0,26.111277777777776,2.0,Cincinnati,2013.0,2013.0,KC,63,6.0,0.08695652
2015,18,00-0030506,T.Kelce,TE,KC,HOU,0,0,0.0,0,0.0,0.0,0.0,0,0.0,0,10,8,128.0,0,12.8,20.8,,,77.0,260.0,26.111277777777776,2.0,Cincinnati,2013.0,2013.0,KC,63,,0.45454547
2015,19,00-0030506,T.Kelce,TE,KC,NE,0,0,0.0,0,0.0,0.0,0.0,0,0.0,0,9,6,23.0,0,2.3,8.3,,,77.0,260.0,26.111277777777776,2.0,Cincinnati,2013.0,2013.0,KC,63,,0.19148937
2015,1,00-0030513,L.Murray,RB,LV,CIN,0,0,0.0,0,0.0,0.0,0.0,11,44.0,0,7,7,36.0,0,8.0,15.0,,,75.0,230.0,25.8073125,2.0,Central Florida,2013.0,2013.0,OAK,181,,0.1627907
2015,2,00-0030513,L.Murray,RB,LV,BAL,0,0,0.0,0,0.0,0.0,0.0,15,65.0,1,3,3,22.0,0,14.7,17.7,,,75.0,230.0,25.8073125,2.0,Central Florida,2013.0,2013.0,OAK,181,,0.06521739
2015,3,00-0030513,L.Murray,RB,LV,CLE,0,0,0.0,0,0.0,0.0,0.0,26,139.0,1,1,1,10.0,0,20.9,21.9,,,75.0,230.0,25.8073125,2.0,Central Florida,2013.0,2013.0,OAK,181,,0.03125
2015,4,00-0030513,L.Murray,RB,LV,CHI,0,0,0.0,0,0.0,0.0,0.0,15,49.0,0,5,3,12.0,0,6.1,9.1,,,75.0,230.0,25.8073125,2.0,Central Florida,2013.0,2013.0,OAK,181,,0.15151516
2015,5,00-0030513,L.Murray,RB,LV,DEN,0,0,0.0,0,0.0,0.0,0.0,13,39.0,0,4,3,18.0,0,5.7,8.7,,,75.0,230.0,25.8073125,2.0,Central Florida,2013.0,2013.0,OAK,181,,0.102564104
2015,7,00-0030513,L.Murray,RB,LV,LAC,0,0,0.0,0,0.0,0.0,0.0,15,85.0,1,1,1,1.0,0,14.6,15.6,,,75.0,230.0,25.8073125,2.0,Central Florida,2013.0,2013.0,OAK,181,,0.032258064
2015,8,00-0030513,L.Murray,RB,LV,NYJ,0,0,0.0,0,0.0,0.0,0.0,20,113.0,0,2,1,6.0,0,11.9,12.9,,,75.0,230.0,25.8073125,2.0,Central Florida,2013.0,2013.0,OAK,181,,0.055555556
2015,9,00-0030513,L.Murray,RB,LV,PIT,0,0,0.0,0,0.0,0.0,0.0,17,96.0,0,2,2,-1.0,0,7.5,9.5,,,75.0,230.0,25.8073125,2.0,Central Florida,2013.0,2013.0,OAK,181,,0.045454547
2015,10,00-0030513,L.Murray,RB,LV,MIN,0,0,0.0,0,0.0,0.0,0.0,12,48.0,0,5,5,29.0,0,7.7,12.7,,,75.0,230.0,25.8073125,2.0,Central Florida,2013.0,2013.0,OAK,181,,0.12195122
2015,11,00-0030513,L.Murray,RB,LV,DET,0,0,0.0,0,0.0,0.0,0.0,13,28.0,1,0,0,0.0,0,8.8,8.8,,,75.0,230.0,25.8073125,2.0,Central Florida,2013.0,2013.0,OAK,181,,
2015,12,00-0030513,L.Murray,RB,LV,TEN,0,0,0.0,0,0.0,0.0,0.0,22,59.0,0,3,1,23.0,0,8.2,9.2,,,75.0,230.0,25.8073125,2.0,Central Florida,2013.0,2013.0,OAK,181,,0.078947365
2015,13,00-0030513,L.Murray,RB,LV,KC,0,0,0.0,0,0.0,0.0,0.0,20,86.0,1,6,4,11.0,0,15.7,19.7,,,75.0,230.0,25.8073125,2.0,Central Florida,2013.0,2013.0,OAK,181,,0.125
2015,14,00-0030513,L.Murray,RB,LV,DEN,0,0,0.0,0,0.0,0.0,0.0,16,27.0,0,1,0,0.0,0,2.7,2.7,,,75.0,230.0,25.8073125,2.0,Central Florida,2013.0,2013.0,OAK,181,,0.03448276
2015,15,00-0030513,L.Murray,RB,LV,GB,0,0,0.0,0,0.0,0.0,0.0,21,78.0,0,2,1,2.0,0,8.0,9.0,,,75.0,230.0,25.8073125,2.0,Central Florida,2013.0,2013.0,OAK,181,,0.04255319
2015,16,00-0030513,L.Murray,RB,LV,LAC,0,0,0.0,0,0.0,0.0,0.0,19,79.0,1,5,5,38.0,0,17.7,22.7,,,75.0,230.0,25.8073125,2.0,Central Florida,2013.0,2013.0,OAK,181,,0.13513513
2015,17,00-0030513,L.Murray,RB,LV,KC,0,0,0.0,0,0.0,0.0,0.0,11,31.0,0,6,4,25.0,0,5.6,9.6,,,75.0,230.0,25.8073125,2.0,Central Florida,2013.0,2013.0,OAK,181,,0.1875
2015,1,00-0030514,M.Rivera,TE,LV,CIN,0,0,0.0,0,0.0,0.0,0.0,0,0.0,0,2,1,4.0,0,0.4,1.4,,,75.0,245.0,25.1693125,2.0,Tennessee,2013.0,2013.0,OAK,184,,0.046511628
2015,2,00-0030514,M.Rivera,TE,LV,BAL,0,0,0.0,0,0.0,0.0,0.0,0,0.0,0,5,3,15.0,0,1.5,4.5,,,75.0,245.0,25.1693125,2.0,Tennessee,2013.0,2013.0,OAK,184,,0.10869565
2015,3,00-0030514,M.Rivera,TE,LV,CLE,0,0,0.0,0,0.0,0.0,0.0,0,0.0,0,1,0,0.0,0,0.0,0.0,,,75.0,245.0,25.1693125,2.0,Tennessee,2013.0,2013.0,OAK,184,,0.03125
2015,4,00-0030514,M.Rivera,TE,LV,CHI,0,0,0.0,0,0.0,0.0,0.0,0,0.0,0,3,2,12.0,0,1.2,3.2,,,75.0,245.0,25.1693125,2.0,Tennessee,2013.0,2013.0,OAK,184,,0.09090909
2015,5,00-0030514,M.Rivera,TE,LV,DEN,0,0,0.0,0,0.0,0.0,0.0,0,0.0,0,3,3,33.0,0,3.3,6.3,,,75.0,245.0,25.1693125,2.0,Tennessee,2013.0,2013.0,OAK,184,,0.07692308
2015,7,00-0030514,M.Rivera,TE,LV,LAC,0,0,0.0,0,0.0,0.0,0.0,0,0.0,0,3,2,11.0,0,1.1,3.1,,,75.0,245.0,25.1693125,2.0,Tennessee,2013.0,2013.0,OAK,184,,0.09677419
2015,9,00-0030514,M.Rivera,TE,LV,PIT,0,0,0.0,0,0.0,0.0,0.0,0,0.0,0,3,2,16.0,0,1.6,3.6,,,75.0,245.0,25.1693125,2.0,Tennessee,2013.0,2013.0,OAK,184,,0.06818182
2015,10,00-0030514,M.Rivera,TE,LV,MIN,0,0,0.0,0,0.0,0.0,0.0,0,0.0,0,7,6,46.0,0,4.6,10.6,,,75.0,245.0,25.1693125,2.0,Tennessee,2013.0,2013.0,OAK,184,,0.17073171
2015,11,00-0030514,M.Rivera,TE,LV,DET,0,0,0.0,0,0.0,0.0,0.0,0,0.0,0,2,1,21.0,0,2.1,3.1,,,75.0,245.0,25.1693125,2.0,Tennessee,2013.0,2013.0,OAK,184,,0.08
2015,12,00-0030514,M.Rivera,TE,LV,TEN,0,0,0.0,0,0.0,0.0,0.0,0,0.0,0,2,2,28.0,0,2.8,4.8,,,75.0,245.0,25.1693125,2.0,Tennessee,2013.0,2013.0,OAK,184,,0.05263158
2015,13,00-0030514,M.Rivera,TE,LV,KC,0,0,0.0,0,0.0,0.0,0.0,0,0.0,0,3,2,13.0,0,1.3,3.3,,,75.0,245.0,25.1693125,2.0,Tennessee,2013.0,2013.0,OAK,184,,0.0625
2015,14,00-0030514,M.Rivera,TE,LV,DEN,0,0,0.0,0,0.0,0.0,0.0,0,0.0,0,4,3,49.0,1,10.9,13.9,,,75.0,245.0,25.1693125,2.0,Tennessee,2013.0,2013.0,OAK,184,,0.13793103
2015,15,00-0030514,M.Rivera,TE,LV,GB,0,0,0.0,0,0.0,0.0,0.0,0,0.0,0,6,3,20.0,0,2.0,5.0,,,75.0,245.0,25.1693125,2.0,Tennessee,2013.0,2013.0,OAK,184,,0.12765957
2015,17,00-0030514,M.Rivera,TE,LV,KC,0,0,0.0,0,0.0,0.0,0.0,0,0.0,0,2,2,12.0,0,1.2,3.2,,,75.0,245.0,25.1693125,2.0,Tennessee,2013.0,2013.0,OAK,184,,0.0625
2015,4,00-0030516,B.Butler,WR,DAL,NO,0,0,0.0,0,0.0,0.0,0.0,0,0.0,0,1,1,67.0,0,6.7,7.7,,,75.0,215.0,25.7770625,2.0,San Diego State,2013.0,2013.0,OAK,209,,0.03846154
2015,7,00-0030516,B.Butler,WR,DAL,NYG,0,0,0.0,0,0.0,0.0,0.0,0,0.0,0,5,2,41.0,0,4.1,6.1,,,75.0,215.0,25.7770625,2.0,San Diego State,2013.0,2013.0,OAK,209,,0.18518518
2015,15,00-0030516,B.Butler,WR,DAL,NYJ,0,0,0.0,0,0.0,0.0,0.0,0,0.0,0,1,1,16.0,0,1.6,2.6,,,75.0,215.0,25.7770625,2.0,San Diego State,2013.0,2013.0,OAK,209,-3.0,0.032258064
2015,16,00-0030516,B.Butler,WR,DAL,BUF,0,0,0.0,0,0.0,0.0,0.0,0,0.0,0,9,4,74.0,0,7.4,11.4,,,75.0,215.0,25.7770625,2.0,San Diego State,2013.0,2013.0,OAK,209,,0.3
2015,17,00-0030516,B.Butler,WR,DAL,WAS,0,0,0.0,0,0.0,0.0,0.0,0,0.0,0,10,4,60.0,0,6.0,10.0,,,75.0,215.0,25.7770625,2.0,San Diego State,2013.0,2013.0,OAK,209,-11.0,0.20833333
2015,1,00-0030521,J.Hunter,WR,TEN,TB,0,0,0.0,0,0.0,0.0,0.0,0,0.0,0,2,1,11.0,0,1.1,2.1,,,76.0,203.0,24.40711111111111,2.0,Tennessee,2013.0,2013.0,TEN,34,,0.13333334
2015,2,00-0030521,J.Hunter,WR,TEN,CLE,0,0,0.0,0,0.0,0.0,0.0,0,0.0,0,2,2,34.0,0,3.4,5.4,,,76.0,203.0,24.40711111111111,2.0,Tennessee,2013.0,2013.0,TEN,34,,0.054054055
2015,3,00-0030521,J.Hunter,WR,TEN,IND,0,0,0.0,0,0.0,0.0,0.0,0,0.0,0,2,1,29.0,0,2.9,3.9,,,76.0,203.0,24.40711111111111,2.0,Tennessee,2013.0,2013.0,TEN,34,-2.0,0.046511628
2015,5,00-0030521,J.Hunter,WR,TEN,BUF,0,0,0.0,0,0.0,0.0,0.0,0,0.0,0,6,4,38.0,0,3.8,7.8,,,76.0,203.0,24.40711111111111,2.0,Tennessee,2013.0,2013.0,TEN,34,-1.0,0.1875
2015,6,00-0030521,J.Hunter,WR,TEN,MIA,0,0,0.0,0,0.0,0.0,0.0,0,0.0,0,4,3,54.0,0,5.4,8.4,,,76.0,203.0,24.40711111111111,2.0,Tennessee,2013.0,2013.0,TEN,34,-28.0,0.1
2015,7,00-0030521,J.Hunter,WR,TEN,ATL,0,0,0.0,0,0.0,0.0,0.0,0,0.0,0,4,2,17.0,0,1.7,3.7,,,76.0,203.0,24.40711111111111,2.0,Tennessee,2013.0,2013.0,TEN,34,-3.0,0.114285715
2015,8,00-0030521,J.Hunter,WR,TEN,HOU,0,0,0.0,0,0.0,0.0,0.0,0,0.0,0,3,2,17.0,0,1.7,3.7,,,76.0,203.0,24.40711111111111,2.0,Tennessee,2013.0,2013.0,TEN,34,,0.09677419
2015,9,00-0030521,J.Hunter,WR,TEN,NO,0,0,0.0,0,0.0,0.0,0.0,0,0.0,0,4,3,17.0,1,7.7,10.7,,,76.0,203.0,24.40711111111111,2.0,Tennessee,2013.0,2013.0,TEN,34,,0.102564104
2015,10,00-0030521,J.Hunter,WR,TEN,CAR,0,0,0.0,0,0.0,0.0,0.0,0,0.0,0,4,4,47.0,0,4.7,8.7,,,76.0,203.0,24.40711111111111,2.0,Tennessee,2013.0,2013.0,TEN,34,-17.0,0.16666667
2015,6,00-0030524,L.Jones,QB,PIT,ARI,8,12,168.0,2,0.0,0.0,-0.0,1,-1.0,0,0,0,0.0,0,14.62,14.62,,,75.0,225.0,26.612555555555556,2.0,Oklahoma,2013.0,2013.0,PIT,115,12.0,
2015,7,00-0030524,L.Jones,QB,PIT,KC,16,29,209.0,1,2.0,2.0,17.0,1,-2.0,0,0,0,0.0,0,6.16,6.16,,,75.0,225.0,26.612555555555556,2.0,Oklahoma,2013.0,2013.0,PIT,115,,
2015,9,00-0030524,L.Jones,QB,PIT,LV,4,6,79.0,0,0.0,0.0,-0.0,0,0.0,0,0,0,0.0,0,3.16,3.16,,,75.0,225.0,26.612555555555556,2.0,Oklahoma,2013.0,2013.0,PIT,115,3.0,
2015,10,00-0030524,L.Jones,QB,PIT,CLE,3,4,23.0,0,0.0,0.0,-0.0,0,0.0,0,0,0,0.0,0,0.92,0.92,,,75.0,225.0,26.612555555555556,2.0,Oklahoma,2013.0,2013.0,PIT,115,21.0,
2015,12,00-0030524,L.Jones,QB,PIT,SEA,1,4,34.0,0,2.0,0.0,-0.0,0,0.0,0,0,0,0.0,0,-2.64,-2.64,,,75.0,225.0,26.612555555555556,2.0,Oklahoma,2013.0,2013.0,PIT,115,,
2015,13,00-0030524,L.Jones,QB,PIT,IND,0,0,0.0,0,0.0,0.0,0.0,1,-1.0,0,0,0,0.0,0,-0.1,-0.1,,,75.0,225.0,26.612555555555556,2.0,Oklahoma,2013.0,2013.0,PIT,115,35.0,
2015,14,00-0030524,L.Jones,QB,PIT,CIN,0,0,0.0,0,0.0,0.0,0.0,2,-1.0,0,0,0,0.0,0,-0.1,-0.1,,,75.0,225.0,26.612555555555556,2.0,Oklahoma,2013.0,2013.0,PIT,115,,
2015,18,00-0030524,L.Jones,QB,PIT,CIN,2,5,11.0,0,1.0,1.0,11.0,0,0.0,0,0,0,0.0,0,-1.56,-1.56,,,75.0,225.0,26.612555555555556,2.0,Oklahoma,2013.0,2013.0,PIT,115,,
2015,1,00-0030525,T.Austin,WR,LA,SEA,0,0,0.0,0,0.0,0.0,0.0,4,17.0,1,5,2,-2.0,0,13.5,15.5,,,68.0,176.0,,2.0,West Virginia,2013.0,2013.0,SL,8,,0.18518518
2015,2,00-0030525,T.Austin,WR,LA,WAS,0,0,0.0,0,0.0,0.0,0.0,4,40.0,0,3,1,6.0,0,4.6,5.6,,,68.0,176.0,,2.0,West Virginia,2013.0,2013.0,SL,8,,0.09375
2015,3,00-0030525,T.Austin,WR,LA,PIT,0,0,0.0,0,0.0,0.0,0.0,0,0.0,0,5,5,38.0,0,3.8,8.8,,,68.0,176.0,,2.0,West Virginia,2013.0,2013.0,SL,8,,0.1724138
2015,4,00-0030525,T.Austin,WR,LA,ARI,0,0,0.0,0,0.0,0.0,0.0,2,20.0,0,7,6,96.0,2,23.6,29.6,,,68.0,176.0,,2.0,West Virginia,2013.0,2013.0,SL,8,,0.29166666
2015,5,00-0030525,T.Austin,WR,LA,GB,0,0,0.0,0,0.0,0.0,0.0,3,22.0,0,5,2,6.0,1,8.8,10.8,,,68.0,176.0,,2.0,West Virginia,2013.0,2013.0,SL,8,,0.1724138
2015,7,00-0030525,T.Austin,WR,LA,CLE,0,0,0.0,0,0.0,0.0,0.0,1,21.0,0,7,4,43.0,0,6.4,10.4,,,68.0,176.0,,2.0,West Virginia,2013.0,2013.0,SL,8,,0.3043478
2015,8,00-0030525,T.Austin,WR,LA,SF,0,0,0.0,0,0.0,0.0,0.0,3,21.0,1,7,4,98.0,1,21.9,25.9,,,68.0,176.0,,2.0,West Virginia,2013.0,2013.0,SL,8,,0.3043478
2015,9,00-0030525,T.Austin,WR,LA,MIN,0,0,0.0,0,0.0,0.0,0.0,8,66.0,0,7,4,15.0,0,8.1,12.1,,,68.0,176.0,,2.0,West Virginia,2013.0,2013.0,SL,8,,0.22580644
2015,10,00-0030525,T.Austin,WR,LA,CHI,0,0,0.0,0,0.0,0.0,0.0,3,18.0,0,4,2,5.0,0,2.3,4.3,,,68.0,176.0,,2.0,West Virginia,2013.0,2013.0,SL,8,,0.10810811
2015,11,00-0030525,T.Austin,WR,LA,BAL,0,0,0.0,0,0.0,0.0,0.0,1,16.0,0,5,1,5.0,0,2.1,3.1,,,68.0,176.0,,2.0,West Virginia,2013.0,2013.0,SL,8,,0.1923077
2015,12,00-0030525,T.Austin,WR,LA,CIN,0,0,0.0,0,0.0,0.0,0.0,4,63.0,1,6,6,33.0,0,15.6,21.6,,,68.0,176.0,,2.0,West Virginia,2013.0,2013.0,SL,8,,0.11320755
2015,13,00-0030525,T.Austin,WR,LA,ARI,0,0,0.0,0,0.0,0.0,0.0,2,14.0,0,3,1,24.0,0,3.8,4.8,,,68.0,176.0,,2.0,West Virginia,2013.0,2013.0,SL,8,,0.0882353
2015,14,00-0030525,T.Austin,WR,LA,DET,0,0,0.0,0,0.0,0.0,0.0,4,40.0,0,5,3,19.0,0,5.9,8.9,,,68.0,176.0,,2.0,West Virginia,2013.0,2013.0,SL,8,,0.22727273
2015,15,00-0030525,T.Austin,WR,LA,TB,0,0,0.0,0,0.0,0.0,0.0,4,32.0,1,3,3,41.0,1,19.3,22.3,,,68.0,176.0,,2.0,West Virginia,2013.0,2013.0,SL,8,,0.1764706
2015,16,00-0030525,T.Austin,WR,LA,SEA,0,0,0.0,0,0.0,0.0,0.0,3,12.0,0,7,3,16.0,0,2.8,5.8,,,68.0,176.0,,2.0,West Virginia,2013.0,2013.0,SL,8,,0.3043478
2015,17,00-0030525,T.Austin,WR,LA,SF,0,0,0.0,0,0.0,0.0,0.0,6,32.0,0,8,5,30.0,0,6.2,11.2,,,68.0,176.0,,2.0,West Virginia,2013.0,2013.0,SL,8,,0.21052632
2015,3,00-0030526,E.Manuel,QB,BUF,MIA,0,0,0.0,0,0.0,0.0,0.0,1,-2.0,0,0,0,0.0,0,-0.2,-0.2,,,76.0,237.0,25.6408125,2.0,Florida State,2013.0,2013.0,BUF,16,,
2015,6,00-0030526,E.Manuel,QB,BUF,CIN,28,42,263.0,1,1.0,2.0,7.0,6,22.0,1,0,0,0.0,0,20.72,20.72,,,76.0,237.0,25.6408125,2.0,Florida State,2013.0,2013.0,BUF,16,-13.0,
2015,7,00-0030526,E.Manuel,QB,BUF,JAX,24,42,298.0,2,2.0,4.0,38.0,8,38.0,0,0,0,0.0,0,17.72,17.72,,,76.0,237.0,25.6408125,2.0,Florida State,2013.0,2013.0,BUF,16,,
2015,15,00-0030526,E.Manuel,QB,BUF,WAS,0,0,0.0,0,0.0,0.0,0.0,2,6.0,0,0,0,0.0,0,0.6,0.6,,,76.0,237.0,25.6408125,2.0,Florida State,2013.0,2013.0,BUF,16,,
2015,1,00-0030532,,WR,LA,SEA,0,0,0.0,0,0.0,0.0,0.0,0,0.0,0,4,3,58.0,0,5.8,8.8,,,70.0,194.0,,2.0,,2013.0,2013.0,SL,92,,0.14814815
2015,2,00-0030532,,WR,LA,WAS,0,0,0.0,0,0.0,0.0,0.0,0,0.0,0,4,1,0.0,0,0.0,1.0,,,70.0,194.0,,2.0,,2013.0,2013.0,SL,92,,0.125
2015,3,00-0030532,,WR,LA,PIT,0,0,0.0,0,0.0,0.0,0.0,0,0.0,0,1,0,0.0,0,0.0,0.0,,,70.0,194.0,,2.0,,2013.0,2013.0,SL,92,,0.03448276
2015,4,00-0030532,,WR,LA,ARI,0,0,0.0,0,0.0,0.0,0.0,0,0.0,0,3,2,30.0,1,9.0,11.0,,,70.0,194.0,,2.0,,2013.0,2013.0,SL,92,,0.125
2015,5,00-0030532,,WR,LA,GB,0,0,0.0,0,0.0,0.0,0.0,0,0.0,0,5,3,73.0,0,7.3,10.3,,,70.0,194.0,,2.0,,2013.0,2013.0,SL,92,,0.1724138
2015,7,00-0030532,,WR,LA,CLE,0,0,0.0,0,0.0,0.0,0.0,0,0.0,0,1,1,8.0,0,0.8,1.8,,,70.0,194.0,,2.0,,2013.0,2013.0,SL,92,,0.04347826
2015,8,00-0030532,,WR,LA,SF,0,0,0.0,0,0.0,0.0,0.0,0,0.0,0,3,0,0.0,0,0.0,0.0,,,70.0,194.0,,2.0,,2013.0,2013.0,SL,92,,0.13043478
2015,9,00-0030532,,WR,LA,MIN,0,0,0.0,0,0.0,0.0,0.0,0,0.0,0,4,2,13.0,0,1.3,3.3,,,70.0,194.0,,2.0,,2013.0,2013.0,SL,92,,0.12903225
2015,3,00-0030536,,RB,NYJ,PHI,0,0,0.0,0,0.0,0.0,0.0,2,3.0,0,2,2,-2.0,0,0.1,2.1,,,69.0,224.0,24.516555555555556,2.0,Vanderbilt,2013.0,2013.0,SL,160,-7.0,0.03448276
2015,4,00-0030536,,RB,NYJ,MIA,0,0,0.0,0,0.0,0.0,0.0,5,7.0,1,3,2,18.0,0,8.5,10.5,,,69.0,224.0,24.516555555555556,2.0,Vanderbilt,2013.0,2013.0,SL,160,,0.10344828
2015,6,00-0030536,,RB,NYJ,WAS,0,0,0.0,0,0.0,0.0,0.0,13,46.0,0,2,2,15.0,0,6.1,8.1,,,69.0,224.0,24.516555555555556,2.0,Vanderbilt,2013.0,2013.0,SL,160,14.0,0.07692308
2015,7,00-0030536,,RB,NYJ,NE,0,0,0.0,0,0.0,0.0,0.0,7,19.0,0,1,1,11.0,0,3.0,4.0,,,69.0,224.0,24.516555555555556,2.0,Vanderbilt,2013.0,2013.0,SL,160,,0.025641026
2015,8,00-0030536,,RB,NYJ,LV,0,0,0.0,0,0.0,0.0,0.0,3,11.0,0,1,1,7.0,0,1.8,2.8,,,69.0,224.0,24.516555555555556,2.0,Vanderbilt,2013.0,2013.0,SL,160,,0.021276595
2015,9,00-0030536,,RB,NYJ,JAX,0,0,0.0,0,0.0,0.0,0.0,1,3.0,0,3,1,16.0,0,1.9,2.9,,,69.0,224.0,24.516555555555556,2.0,Vanderbilt,2013.0,2013.0,SL,160,5.0,0.0882353
2015,1,00-0030540,A.Dobson,WR,NE,PIT,0,0,0.0,0,0.0,0.0,0.0,0,0.0,0,1,1,9.0,0,0.9,1.9,,,75.0,205.0,24.2407,2.0,Marshall,2013.0,2013.0,NE,59,7.0,0.03125
2015,2,00-0030540,A.Dobson,WR,NE,BUF,0,0,0.0,0,0.0,0.0,0.0,0,0.0,0,8,7,87.0,0,8.7,15.7,,,75.0,205.0,24.2407,2.0,Marshall,2013.0,2013.0,NE,59,,0.13559322
2015,3,00-0030540,A.Dobson,WR,NE,JAX,0,0,0.0,0,0.0,0.0,0.0,0,0.0,0,3,1,5.0,0,0.5,1.5,,,75.0,205.0,24.2407,2.0,Marshall,2013.0,2013.0,NE,59,34.0,0.07317073
2015,7,00-0030540,A.Dobson,WR,NE,NYJ,0,0,0.0,0,0.0,0.0,0.0,0,0.0,0,3,2,18.0,0,1.8,3.8,,,75.0,205.0,24.2407,2.0,Marshall,2013.0,2013.0,NE,59,7.0,0.055555556
2015,10,00-0030540,A.Dobson,WR,NE,NYG,0,0,0.0,0,0.0,0.0,0.0,0,0.0,0,4,1,5.0,0,0.5,1.5,,,75.0,205.0,24.2407,2.0,Marshall,2013.0,2013.0,NE,59,,0.09756097
2015,11,00-0030540,A.Dobson,WR,NE,BUF,0,0,0.0,0,0.0,0.0,0.0,0,0.0,0,2,1,17.0,0,1.7,2.7,,,75.0,205.0,24.2407,2.0,Marshall,2013.0,2013.0,NE,59,7.0,0.05263158
2015,1,00-0030542,T.Williams,WR,DAL,NYG,0,0,0.0,0,0.0,0.0,0.0,0,0.0,0,8,5,60.0,0,6.0,11.0,,,74.0,208.0,26.141375,2.0,Baylor,2013.0,2013.0,DAL,74,1.0,0.17777778
2015,2,00-0030542,T.Williams,WR,DAL,PHI,0,0,0.0,0,0.0,0.0,0.0,0,0.0,0,7,4,84.0,1,14.4,18.4,,,74.0,208.0,26.141375,2.0,Baylor,2013.0,2013.0,DAL,74,,0.20588236
2015,3,00-0030542,T.Williams,WR,DAL,ATL,0,0,0.0,0,0.0,0.0,0.0,0,0.0,0,2,0,0.0,0,0.0,0.0,,,74.0,208.0,26.141375,2.0,Baylor,2013.0,2013.0,DAL,74,-11.0,0.07692308
2015,4,00-0030542,T.Williams,WR,DAL,NO,0,0,0.0,0,0.0,0.0,0.0,0,0.0,0,10,3,49.0,1,10.9,13.9,,,74.0,208.0,26.141375,2.0,Baylor,2013.0,2013.0,DAL,74,,0.3846154
2015,5,00-0030542,T.Williams,WR,DAL,NE,0,0,0.0,0,0.0,0.0,0.0,0,0.0,0,6,2,30.0,0,3.0,5.0,,,74.0,208.0,26.141375,2.0,Baylor,2013.0,2013.0,DAL,74,-24.0,0.15384616
2015,7,00-0030542,T.Williams,WR,DAL,NYG,0,0,0.0,0,0.0,0.0,0.0,0,0.0,0,7,4,70.0,0,7.0,11.0,,,74.0,208.0,26.141375,2.0,Baylor,2013.0,2013.0,DAL,74,,0.25925925
2015,8,00-0030542,T.Williams,WR,DAL,SEA,0,0,0.0,0,0.0,0.0,0.0,0,0.0,0,2,2,20.0,0,2.0,4.0,,,74.0,208.0,26.141375,2.0,Baylor,2013.0,2013.0,DAL,74,-1.0,0.07692308
2015,9,00-0030542,T.Williams,WR,DAL,PHI,0,0,0.0,0,0.0,0.0,0.0,0,0.0,0,5,3,27.0,0,2.7,5.7,,,74.0,208.0,26.141375,2.0,Baylor,2013.0,2013.0,DAL,74,-6.0,0.13513513
2015,10,00-0030542,T.Williams,WR,DAL,TB,0,0,0.0,0,0.0,0.0,0.0,0,0.0,0,3,2,33.0,0,3.3,5.3,,,74.0,208.0,26.141375,2.0,Baylor,2013.0,2013.0,DAL,74,,0.10714286
2015,11,00-0030542,T.Williams,WR,DAL,MIA,0,0,0.0,0,0.0,0.0,0.0,0,0.0,0,4,4,79.0,1,13.9,17.9,,,74.0,208.0,26.141375,2.0,Baylor,2013.0,2013.0,DAL,74,,0.14285715
2015,12,00-0030542,T.Williams,WR,DAL,CAR,0,0,0.0,0,0.0,0.0,0.0,0,0.0,0,7,4,39.0,0,3.9,7.9,,,74.0,208.0,26.141375,2.0,Baylor,2013.0,2013.0,DAL,74,-19.0,0.18421052
2015,13,00-0030542,T.Williams,WR,DAL,WAS,0,0,0.0,0,0.0,0.0,0.0,0,0.0,0,3,2,63.0,0,6.3,8.3,,,74.0,208.0,26.141375,2.0,Baylor,2013.0,2013.0,DAL,74,,0.10714286
2015,14,00-0030542,T.Williams,WR,DAL,GB,0,0,0.0,0,0.0,0.0,0.0,0,0.0,0,5,3,38.0,0,3.8,6.8,,,74.0,208.0,26.141375,2.0,Baylor,2013.0,2013.0,DAL,74,,0.17857143
2015,15,00-0030542,T.Williams,WR,DAL,NYJ,0,0,0.0,0,0.0,0.0,0.0,0,0.0,0,5,2,13.0,0,1.3,3.3,,,74.0,208.0,26.141375,2.0,Baylor,2013.0,2013.0,DAL,74,-3.0,0.16129032
2015,16,00-0030542,T.Williams,WR,DAL,BUF,0,0,0.0,0,0.0,0.0,0.0,0,0.0,0,10,4,62.0,0,6.2,10.2,,,74.0,208.0,26.141375,2.0,Baylor,2013.0,2013.0,DAL,74,,0.33333334
2015,17,00-0030542,T.Williams,WR,DAL,WAS,0,0,0.0,0,0.0,0.0,0.0,0,0.0,0,9,8,173.0,0,17.3,25.3,,,74.0,208.0,26.141375,2.0,Baylor,2013.0,2013.0,DAL,74,-11.0,0.1875
2015,1,00-0030544,G.Escobar,TE,DAL,NYG,0,0,0.0,0,0.0,0.0,0.0,0,0.0,0,2,2,8.0,1,6.8,8.8,,,78.0,260.0,24.744,2.0,San Diego State,2013.0,2013.0,DAL,47,1.0,0.044444446
2015,2,00-0030544,G.Escobar,TE,DAL,PHI,0,0,0.0,0,0.0,0.0,0.0,0,0.0,0,3,2,16.0,0,-0.4,1.6,,,78.0,260.0,24.744,2.0,San Diego State,2013.0,2013.0,DAL,47,,0.0882353
2015,4,00-0030544,G.Escobar,TE,DAL,NO,0,0,0.0,0,0.0,0.0,0.0,0,0.0,0,1,0,0.0,0,0.0,0.0,,,78.0,260.0,24.744,2.0,San Diego State,2013.0,2013.0,DAL,47,,0.03846154
2015,5,00-0030544,G.Escobar,TE,DAL,NE,0,0,0.0,0,0.0,0.0,0.0,0,0.0,0,2,0,0.0,0,0.0,0.0,,,78.0,260.0,24.744,2.0,San Diego State,2013.0,2013.0,DAL,47,-24.0,0.051282052
2015,10,00-0030544,G.Escobar,TE,DAL,TB,0,0,0.0,0,0.0,0.0,0.0,0,0.0,0,1,1,22.0,0,2.2,3.2,,,78.0,260.0,24.744,2.0,San Diego State,2013.0,2013.0,DAL,47,,0.035714287
2015,11,00-0030544,G.Escobar,TE,DAL,MIA,0,0,0.0,0,0.0,0.0,0.0,0,0.0,0,3,2,20.0,0,2.0,4.0,,,78.0,260.0,24.744,2.0,San Diego State,2013.0,2013.0,DAL,47,,0.10714286
2015,12,00-0030544,G.Escobar,TE,DAL,CAR,0,0,0.0,0,0.0,0.0,0.0,0,0.0,0,1,1,-2.0,0,-0.2,0.8,,,78.0,260.0,24.744,2.0,San Diego State,2013.0,2013.0,DAL,47,-19.0,0.02631579
2015,1,00-0030547,,RB,JAX,CAR,0,0,0.0,0,0.0,0.0,0.0,5,19.0,0,2,2,26.0,0,4.5,6.5,,,72.0,215.0,25.128625,2.0,Michigan,2013.0,2013.0,JAX,135,-11.0,0.051282052
2015,2,00-0030547,,RB,JAX,MIA,0,0,0.0,0,0.0,0.0,0.0,1,9.0,0,0,0,0.0,0,0.9,0.9,,,72.0,215.0,25.128625,2.0,Michigan,2013.0,2013.0,JAX,135,3.0,
2015,6,00-0030547,,RB,JAX,HOU,0,0,0.0,0,0.0,0.0,0.0,7,19.0,0,3,3,19.0,0,3.8,6.8,,,72.0,215.0,25.128625,2.0,Michigan,2013.0,2013.0,JAX,135,-11.0,0.056603774
2015,9,00-0030547,,RB,JAX,NYJ,0,0,0.0,0,0.0,0.0,0.0,1,2.0,0,1,0,0.0,0,0.2,0.2,,,72.0,215.0,25.128625,2.0,Michigan,2013.0,2013.0,JAX,135,,0.025
2015,10,00-0030547,,RB,JAX,BAL,0,0,0.0,0,0.0,0.0,0.0,1,1.0,0,2,0,0.0,0,0.1,0.1,,,72.0,215.0,25.128625,2.0,Michigan,2013.0,2013.0,JAX,135,,0.044444446
2015,11,00-0030547,,RB,JAX,TEN,0,0,0.0,0,0.0,0.0,0.0,7,27.0,0,0,0,0.0,0,2.7,2.7,,,72.0,215.0,25.128625,2.0,Michigan,2013.0,2013.0,JAX,135,6.0,
2015,12,00-0030547,,RB,JAX,LAC,0,0,0.0,0,0.0,0.0,0.0,3,23.0,0,1,1,9.0,0,3.2,4.2,,,72.0,215.0,25.128625,2.0,Michigan,2013.0,2013.0,JAX,135,-6.0,0.020408163
2015,13,00-0030547,,RB,JAX,TEN,0,0,0.0,0,0.0,0.0,0.0,3,21.0,0,1,1,2.0,0,2.3,3.3,,,72.0,215.0,25.128625,2.0,Michigan,2013.0,2013.0,JAX,135,,0.027777778
2015,14,00-0030547,,RB,JAX,IND,0,0,0.0,0,0.0,0.0,0.0,14,75.0,1,2,1,12.0,0,14.7,15.7,,,72.0,215.0,25.128625,2.0,Michigan,2013.0,2013.0,JAX,135,35.0,0.06666667
2015,15,00-0030547,,RB,JAX,ATL,0,0,0.0,0,0.0,0.0,0.0,14,41.0,0,10,8,46.0,0,8.7,16.7,,,72.0,215.0,25.128625,2.0,Michigan,2013.0,2013.0,JAX,135,-6.0,0.27027026
2015,16,00-0030547,,RB,JAX,NO,0,0,0.0,0,0.0,0.0,0.0,6,20.0,0,7,5,50.0,0,7.0,12.0,,,72.0,215.0,25.128625,2.0,Michigan,2013.0,2013.0,JAX,135,,0.2
2015,17,00-0030547,,RB,JAX,HOU,0,0,0.0,0,0.0,0.0,0.0,5,9.0,0,1,0,0.0,0,-1.1,-1.1,,,72.0,215.0,25.128625,2.0,Michigan,2013.0,2013.0,JAX,135,,0.03125
2015,1,00-0030549,T.Eifert,TE,CIN,LV,0,0,0.0,0,0.0,0.0,0.0,0,0.0,0,12,9,104.0,2,22.4,31.4,,,78.0,250.0,25.17835294117647,2.0,Notre Dame,2013.0,2013.0,CIN,21,,0.3529412
2015,2,00-0030549,T.Eifert,TE,CIN,LAC,0,0,0.0,0,0.0,0.0,0.0,0,0.0,0,5,4,49.0,1,10.9,14.9,,,78.0,250.0,25.17835294117647,2.0,Notre Dame,2013.0,2013.0,CIN,21,5.0,0.20833333
2015,3,00-0030549,T.Eifert,TE,CIN,BAL,0,0,0.0,0,0.0,0.0,0.0,0,0.0,0,3,0,0.0,0,0.0,0.0,,,78.0,250.0,25.17835294117647,2.0,Notre Dame,2013.0,2013.0,CIN,21,,0.09375
2015,4,00-0030549,T.Eifert,TE,CIN,KC,0,0,0.0,0,0.0,0.0,0.0,0,0.0,0,4,3,69.0,0,6.9,9.9,,,78.0,250.0,25.17835294117647,2.0,Notre Dame,2013.0,2013.0,CIN,21,15.0,0.16666667
2015,5,00-0030549,T.Eifert,TE,CIN,SEA,0,0,0.0,0,0.0,0.0,0.0,0,0.0,0,12,8,90.0,2,21.0,29.0,,,78.0,250.0,25.17835294117647,2.0,Notre Dame,2013.0,2013.0,CIN,21,3.0,0.27906978
2015,6,00-0030549,T.Eifert,TE,CIN,BUF,0,0,0.0,0,0.0,0.0,0.0,0,0.0,0,4,4,30.0,1,9.0,13.0,,,78.0,250.0,25.17835294117647,2.0,Notre Dame,2013.0,2013.0,CIN,21,,0.121212125
2015,8,00-0030549,T.Eifert,TE,CIN,PIT,0,0,0.0,0,0.0,0.0,0.0,0,0.0,0,8,4,39.0,0,3.9,7.9,,,78.0,250.0,25.17835294117647,2.0,Notre Dame,2013.0,2013.0,CIN,21,,0.21052632
2015,9,00-0030549,T.Eifert,TE,CIN,CLE,0,0,0.0,0,0.0,0.0,0.0,0,0.0,0,6,5,53.0,3,23.3,28.3,,,78.0,250.0,25.17835294117647,2.0,Notre Dame,2013.0,2013.0,CIN,21,21.0,0.24
2015,10,00-0030549,T.Eifert,TE,CIN,HOU,0,0,0.0,0,0.0,0.0,0.0,0,0.0,0,7,3,26.0,0,2.6,5.6,,,78.0,250.0,25.17835294117647,2.0,Notre Dame,2013.0,2013.0,CIN,21,-4.0,0.18421052
2015,11,00-0030549,T.Eifert,TE,CIN,ARI,0,0,0.0,0,0.0,0.0,0.0,0,0.0,0,3,3,22.0,2,14.2,17.2,,,78.0,250.0,25.17835294117647,2.0,Notre Dame,2013.0,2013.0,CIN,21,,0.07692308
2015,12,00-0030549,T.Eifert,TE,CIN,LA,0,0,0.0,0,0.0,0.0,0.0,0,0.0,0,4,3,40.0,1,10.0,13.0,,,78.0,250.0,25.17835294117647,2.0,Notre Dame,2013.0,2013.0,CIN,21,24.0,0.14285715
2015,14,00-0030549,T.Eifert,TE,CIN,PIT,0,0,0.0,0,0.0,0.0,0.0,0,0.0,0,2,2,42.0,0,4.2,6.2,,,78.0,250.0,25.17835294117647,2.0,Notre Dame,2013.0,2013.0,CIN,21,-13.0,0.055555556
2015,17,00-0030549,T.Eifert,TE,CIN,BAL,0,0,0.0,0,0.0,0.0,0.0,0,0.0,0,4,4,51.0,1,11.1,15.1,,,78.0,250.0,25.17835294117647,2.0,Notre Dame,2013.0,2013.0,CIN,21,8.0,0.16666667
2015,18,00-0030549,T.Eifert,TE,CIN,PIT,0,0,0.0,0,0.0,0.0,0.0,0,0.0,0,9,5,58.0,0,5.8,10.8,,,78.0,250.0,25.17835294117647,2.0,Notre Dame,2013.0,2013.0,CIN,21,-2.0,0.23076923
2015,10,00-0030551,C.Schmidt,P,BUF,NYJ,0,0,0.0,0,0.0,0.0,0.0,1,0.0,0,0,0,0.0,0,0.0,0.0,,,71.0,224.0,25.033,2.0,California-Davis,2013.0,2013.0,,,,
2015,1,00-0030564,D.Hopkins,WR,HOU,KC,0,0,0.0,0,0.0,0.0,0.0,0,0.0,0,13,9,98.0,2,23.8,32.8,,,73.0,218.0,,2.0,Clemson,2013.0,2013.0,HST,27,-7.0,0.2826087
2015,2,00-0030564,D.Hopkins,WR,HOU,CAR,0,0,0.0,0,0.0,0.0,0.0,0,0.0,0,11,5,53.0,0,5.3,10.3,,,73.0,218.0,,2.0,Clemson,2013.0,2013.0,HST,27,,0.19298245
2015,3,00-0030564,D.Hopkins,WR,HOU,TB,0,0,0.0,0,0.0,0.0,0.0,0,0.0,0,14,8,101.0,1,16.1,24.1,,,73.0,218.0,,2.0,Clemson,2013.0,2013.0,HST,27,10.0,0.35897437
2015,4,00-0030564,D.Hopkins,WR,HOU,ATL,0,0,0.0,0,0.0,0.0,0.0,0,0.0,0,22,9,157.0,0,15.7,24.7,,,73.0,218.0,,2.0,Clemson,2013.0,2013.0,HST,27,,0.3859649
2015,5,00-0030564,D.Hopkins,WR,HOU,IND,0,0,0.0,0,0.0,0.0,0.0,0,0.0,0,14,11,169.0,0,16.9,27.9,,,73.0,218.0,,2.0,Clemson,2013.0,2013.0,HST,27,-7.0,0.34146342
2015,6,00-0030564,D.Hopkins,WR,HOU,JAX,0,0,0.0,0,0.0,0.0,0.0,0,0.0,0,15,10,148.0,2,26.8,36.8,,,73.0,218.0,,2.0,Clemson,2013.0,2013.0,HST,27,,0.41666666
2015,7,00-0030564,D.Hopkins,WR,HOU,MIA,0,0,0.0,0,0.0,0.0,0.0,0,0.0,0,12,6,50.0,0,5.0,11.0,,,73.0,218.0,,2.0,Clemson,2013.0,2013.0,HST,27,,0.24489796
2015,8,00-0030564,D.Hopkins,WR,HOU,TEN,0,0,0.0,0,0.0,0.0,0.0,0,0.0,0,11,8,94.0,1,15.4,23.4,,,73.0,218.0,,2.0,Clemson,2013.0,2013.0,HST,27,14.0,0.32352942
2015,10,00-0030564,D.Hopkins,WR,HOU,CIN,0,0,0.0,0,0.0,0.0,0.0,0,0.0,0,11,5,57.0,1,11.7,16.7,,,73.0,218.0,,2.0,Clemson,2013.0,2013.0,HST,27,,0.33333334
2015,11,00-0030564,D.Hopkins,WR,HOU,NYJ,0,0,0.0,0,0.0,0.0,0.0,0,0.0,0,12,5,118.0,2,23.8,28.8,,,73.0,218.0,,2.0,Clemson,2013.0,2013.0,HST,27,7.0,0.3529412
2015,12,00-0030564,D.Hopkins,WR,HOU,NO,0,0,0.0,0,0.0,0.0,0.0,0,0.0,0,8,5,36.0,0,3.6,8.6,,,73.0,218.0,,2.0,Clemson,2013.0,2013.0,HST,27,18.0,0.2962963
2015,13,00-0030564,D.Hopkins,WR,HOU,BUF,0,0,0.0,0,0.0,0.0,0.0,0,0.0,0,9,5,88.0,1,14.8,19.8,,,73.0,218.0,,2.0,Clemson,2013.0,2013.0,HST,27,,0.20930232
2015,14,00-0030564,D.Hopkins,WR,HOU,NE,0,0,0.0,0,0.0,0.0,0.0,0,0.0,0,6,3,52.0,0,5.2,8.2,,,73.0,218.0,,2.0,Clemson,2013.0,2013.0,HST,27,-21.0,0.25
2015,15,00-0030564,D.Hopkins,WR,HOU,IND,0,0,0.0,0,0.0,0.0,0.0,0,0.0,0,11,8,94.0,0,9.4,17.4,,,73.0,218.0,,2.0,Clemson,2013.0,2013.0,HST,27,,0.4074074
2015,16,00-0030564,D.Hopkins,WR,HOU,TEN,0,0,0.0,0,0.0,0.0,0.0,0,0.0,0,11,7,117.0,1,17.7,24.7,,,73.0,218.0,,2.0,Clemson,2013.0,2013.0,HST,27,,0.42307693
2015,17,00-0030564,D.Hopkins,WR,HOU,JAX,0,0,0.0,0,0.0,0.0,0.0,0,0.0,0,12,7,89.0,0,8.9,15.9,,,73.0,218.0,,2.0,Clemson,2013.0,2013.0,HST,27,24.0,0.29268292
2015,18,00-0030564,D.Hopkins,WR,HOU,KC,0,0,0.0,0,0.0,0.0,0.0,0,0.0,0,11,6,69.0,0,6.9,12.9,,,73.0,218.0,,2.0,Clemson,2013.0,2013.0,HST,27,-30.0,0.32352942
2015,8,00-0030565,G.Smith,QB,NYJ,LV,27,42,265.0,2,1.0,3.0,19.0,2,34.0,0,0,0,0.0,0,20.0,20.0,,,75.0,221.0,25.083,2.0,West Virginia,2013.0,2013.0,NYJ,39,,
2015,4,00-0030569,,QB,ATL,HOU,0,0,0.0,0,0.0,0.0,0.0,1,-4.0,0,0,0,0.0,0,-0.4,-0.4,,,77.0,225.0,25.528875,2.0,,2013.0,2013.0,ATL,249,27.0,
2015,14,00-0030569,,QB,ATL,CAR,3,7,11.0,0,1.0,2.0,17.0,0,0.0,0,0,0,0.0,0,-1.56,-1.56,,,77.0,225.0,25.528875,2.0,,2013.0,2013.0,ATL,249,,
2015,1,00-0030578,C.Patterson,RB,MIN,SF,0,0,0.0,0,0.0,0.0,0.0,0,0.0,0,1,1,1.0,0,0.1,1.1,,,74.0,220.0,24.660470588235295,2.0,Tennessee,2013.0,2013.0,MIN,29,,0.032258064
2015,3,00-0030578,C.Patterson,RB,MIN,LAC,0,0,0.0,0,0.0,0.0,0.0,1,9.0,0,0,0,0.0,0,0.9,0.9,,,74.0,220.0,24.660470588235295,2.0,Tennessee,2013.0,2013.0,MIN,29,17.0,
2015,4,00-0030578,C.Patterson,RB,MIN,DEN,0,0,0.0,0,0.0,0.0,0.0,0,0.0,0,1,1,9.0,0,0.9,1.9,,,74.0,220.0,24.660470588235295,2.0,Tennessee,2013.0,2013.0,MIN,29,,0.024390243
2015,10,00-0030578,C.Patterson,RB,MIN,LV,0,0,0.0,0,0.0,0.0,0.0,1,6.0,0,0,0,0.0,0,6.6,6.6,,,74.0,220.0,24.660470588235295,2.0,Tennessee,2013.0,2013.0,MIN,29,,
2015,13,00-0030578,C.Patterson,RB,MIN,SEA,0,0,0.0,0,0.0,0.0,0.0,0,0.0,0,0,0,0.0,0,6.0,6.0,,,74.0,220.0,24.660470588235295,2.0,Tennessee,2013.0,2013.0,MIN,29,-31.0,
2015,16,00-0030586,R.Nassib,QB,NYG,MIN,5,5,68.0,1,0.0,0.0,-0.0,0,0.0,0,0,0,0.0,0,6.72,6.72,,,74.0,223.0,25.662,2.0,Syracuse,2013.0,2013.0,NYG,110,,
2015,12,00-0030648,A.Villanueva,T,PIT,SEA,0,0,0.0,0,0.0,0.0,0.0,0,0.0,0,1,0,0.0,0,0.0,0.0,,,81.0,320.0,27.14377777777778,1.0,Army,2014.0,2014.0,,,,0.01724138
2015,1,00-0030656,I.Crowell,RB,CLE,NYJ,0,0,0.0,0,0.0,0.0,0.0,12,20.0,0,2,2,13.0,0,3.3,5.3,,,71.0,225.0,,1.0,Alabama State,2014.0,2014.0,,,,0.0625
2015,2,00-0030656,I.Crowell,RB,CLE,TEN,0,0,0.0,0,0.0,0.0,0.0,15,72.0,1,0,0,0.0,0,13.2,13.2,,,71.0,225.0,,1.0,Alabama State,2014.0,2014.0,,,14.0,
2015,3,00-0030656,I.Crowell,RB,CLE,LV,0,0,0.0,0,0.0,0.0,0.0,10,36.0,0,0,0,0.0,0,3.6,3.6,,,71.0,225.0,,1.0,Alabama State,2014.0,2014.0,,,-7.0,
2015,4,00-0030656,I.Crowell,RB,CLE,LAC,0,0,0.0,0,0.0,0.0,0.0,12,63.0,0,3,3,62.0,0,12.5,15.5,,,71.0,225.0,,1.0,Alabama State,2014.0,2014.0,,,,0.075
2015,5,00-0030656,I.Crowell,RB,CLE,BAL,0,0,0.0,0,0.0,0.0,0.0,13,49.0,0,2,2,38.0,1,14.7,16.7,,,71.0,225.0,,1.0,Alabama State,2014.0,2014.0,,,,0.039215688
2015,6,00-0030656,I.Crowell,RB,CLE,DEN,0,0,0.0,0,0.0,0.0,0.0,11,32.0,0,2,2,9.0,0,4.1,6.1,,,71.0,225.0,,1.0,Alabama State,2014.0,2014.0,,,-3.0,0.051282052
2015,7,00-0030656,I.Crowell,RB,CLE,LA,0,0,0.0,0,0.0,0.0,0.0,8,9.0,0,0,0,0.0,0,0.9,0.9,,,71.0,225.0,,1.0,Alabama State,2014.0,2014.0,,,,
2015,8,00-0030656,I.Crowell,RB,CLE,ARI,0,0,0.0,0,0.0,0.0,0.0,10,14.0,0,2,1,12.0,0,2.6,3.6,,,71.0,225.0,,1.0,Alabama State,2014.0,2014.0,,,-14.0,0.05
2015,9,00-0030656,I.Crowell,RB,CLE,CIN,0,0,0.0,0,0.0,0.0,0.0,10,38.0,0,4,3,26.0,0,6.4,9.4,,,71.0,225.0,,1.0,Alabama State,2014.0,2014.0,,,,0.121212125
2015,10,00-0030656,I.Crowell,RB,CLE,PIT,0,0,0.0,0,0.0,0.0,0.0,6,-5.0,0,2,1,4.0,0,-0.1,0.9,,,71.0,225.0,,1.0,Alabama State,2014.0,2014.0,,,,0.044444446
2015,12,00-0030656,I.Crowell,RB,CLE,BAL,0,0,0.0,0,0.0,0.0,0.0,7,7.0,0,0,0,0.0,0,0.7,0.7,,,71.0,225.0,,1.0,Alabama State,2014.0,2014.0,,,-6.0,
2015,13,00-0030656,I.Crowell,RB,CLE,CIN,0,0,0.0,0,0.0,0.0,0.0,11,62.0,0,1,1,2.0,0,6.4,7.4,,,71.0,225.0,,1.0,Alabama State,2014.0,2014.0,,,-34.0,0.027777778
2015,14,00-0030656,I.Crowell,RB,CLE,SF,0,0,0.0,0,0.0,0.0,0.0,20,145.0,2,1,1,9.0,0,27.4,28.4,,,71.0,225.0,,1.0,Alabama State,2014.0,2014.0,,,14.0,0.032258064
2015,15,00-0030656,I.Crowell,RB,CLE,SEA,0,0,0.0,0,0.0,0.0,0.0,9,23.0,0,3,3,7.0,0,3.0,6.0,,,71.0,225.0,,1.0,Alabama State,2014.0,2014.0,,,,0.09677419
2015,16,00-0030656,I.Crowell,RB,CLE,KC,0,0,0.0,0,0.0,0.0,0.0,16,88.0,1,0,0,0.0,0,14.8,14.8,,,71.0,225.0,,1.0,Alabama State,2014.0,2014.0,,,,
2015,17,00-0030656,I.Crowell,RB,CLE,PIT,0,0,0.0,0,0.0,0.0,0.0,15,53.0,0,0,0,0.0,0,5.3,5.3,,,71.0,225.0,,1.0,Alabama State,2014.0,2014.0,,,-16.0,
2015,13,00-0030659,J.Krause,WR,PHI,NE,0,0,0.0,0,0.0,0.0,0.0,0,0.0,0,2,1,4.0,0,0.4,1.4,,,71.0,190.0,23.909166666666668,1.0,Vanderbilt,2014.0,2014.0,,,,0.083333336
2015,16,00-0030659,J.Krause,WR,PHI,WAS,0,0,0.0,0,0.0,0.0,0.0,0,0.0,0,2,1,7.0,0,0.7,1.7,,,71.0,190.0,23.909166666666668,1.0,Vanderbilt,2014.0,2014.0,,,-14.0,0.036363635
2015,1,00-0030663,W.Snead,WR,NO,ARI,0,0,0.0,0,0.0,0.0,0.0,0,0.0,0,3,1,63.0,0,6.3,7.3,,,71.0,195.0,23.055375,1.0,Ball State,2014.0,2014.0,,,,0.0625
2015,2,00-0030663,W.Snead,WR,NO,TB,0,0,0.0,0,0.0,0.0,0.0,0,0.0,0,6,4,44.0,1,8.4,12.4,,,71.0,195.0,23.055375,1.0,Ball State,2014.0,2014.0,,,-7.0,0.15789473
2015,3,00-0030663,W.Snead,WR,NO,CAR,0,0,0.0,0,0.0,0.0,0.0,0,0.0,0,7,5,44.0,0,4.4,9.4,,,71.0,195.0,23.055375,1.0,Ball State,2014.0,2014.0,,,,0.18421052
2015,4,00-0030663,W.Snead,WR,NO,DAL,0,0,0.0,0,0.0,0.0,0.0,0,0.0,0,6,6,89.0,0,8.9,14.9,,,71.0,195.0,23.055375,1.0,Ball State,2014.0,2014.0,,,6.0,0.14634146
2015,5,00-0030663,W.Snead,WR,NO,PHI,0,0,0.0,0,0.0,0.0,0.0,0,0.0,0,11,6,141.0,0,14.1,20.1,,,71.0,195.0,23.055375,1.0,Ball State,2014.0,2014.0,,,,0.25581396
2015,6,00-0030663,W.Snead,WR,NO,ATL,0,0,0.0,0,0.0,0.0,0.0,0,0.0,0,5,4,55.0,0,5.5,9.5,,,71.0,195.0,23.055375,1.0,Ball State,2014.0,2014.0,,,10.0,0.12820514
2015,7,00-0030663,W.Snead,WR,NO,IND,0,0,0.0,0,0.0,0.0,0.0,0,0.0,0,7,3,25.0,0,2.5,5.5,,,71.0,195.0,23.055375,1.0,Ball State,2014.0,2014.0,,,,0.1590909
2015,8,00-0030663,W.Snead,WR,NO,NYG,0,0,0.0,0,0.0,0.0,0.0,0,0.0,0,8,6,70.0,2,19.0,25.0,,,71.0,195.0,23.055375,1.0,Ball State,2014.0,2014.0,,,3.0,0.16
2015,9,00-0030663,W.Snead,WR,NO,TEN,0,0,0.0,0,0.0,0.0,0.0,0,0.0,0,10,6,95.0,0,9.5,15.5,,,71.0,195.0,23.055375,1.0,Ball State,2014.0,2014.0,,,-6.0,0.25641027
2015,10,00-0030663,W.Snead,WR,NO,WAS,0,0,0.0,0,0.0,0.0,0.0,0,0.0,0,1,0,0.0,0,0.0,0.0,,,71.0,195.0,23.055375,1.0,Ball State,2014.0,2014.0,,,,0.035714287
2015,12,00-0030663,W.Snead,WR,NO,HOU,0,0,0.0,0,0.0,0.0,0.0,0,0.0,0,7,4,50.0,0,5.0,9.0,,,71.0,195.0,23.055375,1.0,Ball State,2014.0,2014.0,,,,0.1627907
2015,14,00-0030663,W.Snead,WR,NO,TB,0,0,0.0,0,0.0,0.0,0.0,0,0.0,0,8,7,122.0,0,12.2,19.2,,,71.0,195.0,23.055375,1.0,Ball State,2014.0,2014.0,,,,0.19512194
2015,15,00-0030663,W.Snead,WR,NO,DET,0,0,0.0,0,0.0,0.0,0.0,0,0.0,0,12,10,76.0,0,7.6,17.6,,,71.0,195.0,23.055375,1.0,Ball State,2014.0,2014.0,,,-8.0,0.23076923
2015,16,00-0030663,W.Snead,WR,NO,JAX,0,0,0.0,0,0.0,0.0,0.0,0,0.0,0,6,4,75.0,0,7.5,11.5,,,71.0,195.0,23.055375,1.0,Ball State,2014.0,2014.0,,,11.0,0.17142858
2015,17,00-0030663,W.Snead,WR,NO,ATL,0,0,0.0,0,0.0,0.0,0.0,0,0.0,0,4,3,35.0,0,3.5,6.5,,,71.0,195.0,23.055375,1.0,Ball State,2014.0,2014.0,,,,0.093023255
2015,3,00-0030668,C.West,RB,KC,GB,0,0,0.0,0,0.0,0.0,0.0,0,0.0,0,1,0,0.0,0,0.0,0.0,,,70.0,205.0,24.45488888888889,1.0,Abilene Christian,2014.0,2014.0,,,,0.025
2015,4,00-0030668,C.West,RB,KC,CIN,0,0,0.0,0,0.0,0.0,0.0,5,17.0,0,3,1,4.0,0,2.1,3.1,,,70.0,205.0,24.45488888888889,1.0,Abilene Christian,2014.0,2014.0,,,,0.069767445
2015,5,00-0030668,C.West,RB,KC,CHI,0,0,0.0,0,0.0,0.0,0.0,7,31.0,0,2,1,5.0,0,3.6,4.6,,,70.0,205.0,24.45488888888889,1.0,Abilene Christian,2014.0,2014.0,,,-1.0,0.06666667
2015,6,00-0030668,C.West,RB,KC,MIN,0,0,0.0,0,0.0,0.0,0.0,9,33.0,0,2,1,6.0,0,1.9,2.9,,,70.0,205.0,24.45488888888889,1.0,Abilene Christian,2014.0,2014.0,,,,0.054054055
2015,7,00-0030668,C.West,RB,KC,PIT,0,0,0.0,0,0.0,0.0,0.0,22,110.0,1,5,2,19.0,0,18.9,20.9,,,70.0,205.0,24.45488888888889,1.0,Abilene Christian,2014.0,2014.0,,,10.0,0.16129032
2015,8,00-0030668,C.West,RB,KC,DET,0,0,0.0,0,0.0,0.0,0.0,20,97.0,1,6,4,25.0,0,18.2,22.2,,,70.0,205.0,24.45488888888889,1.0,Abilene Christian,2014.0,2014.0,,,35.0,0.21428572
2015,10,00-0030668,C.West,RB,KC,DEN,0,0,0.0,0,0.0,0.0,0.0,24,69.0,1,5,3,92.0,1,28.1,31.1,,,70.0,205.0,24.45488888888889,1.0,Abilene Christian,2014.0,2014.0,,,,0.16129032
2015,11,00-0030668,C.West,RB,KC,LAC,0,0,0.0,0,0.0,0.0,0.0,11,16.0,0,2,2,48.0,0,6.4,8.4,,,70.0,205.0,24.45488888888889,1.0,Abilene Christian,2014.0,2014.0,,,,0.08
2015,13,00-0030668,C.West,RB,KC,LV,0,0,0.0,0,0.0,0.0,0.0,9,35.0,0,3,2,9.0,0,4.4,6.4,,,70.0,205.0,24.45488888888889,1.0,Abilene Christian,2014.0,2014.0,,,,0.13636364
2015,14,00-0030668,C.West,RB,KC,LAC,0,0,0.0,0,0.0,0.0,0.0,10,54.0,0,1,0,0.0,0,5.4,5.4,,,70.0,205.0,24.45488888888889,1.0,Abilene Christian,2014.0,2014.0,,,7.0,0.04347826
2015,15,00-0030668,C.West,RB,KC,BAL,0,0,0.0,0,0.0,0.0,0.0,16,76.0,1,2,2,9.0,0,14.5,16.5,,,70.0,205.0,24.45488888888889,1.0,Abilene Christian,2014.0,2014.0,,,,0.08
2015,16,00-0030668,C.West,RB,KC,CLE,0,0,0.0,0,0.0,0.0,0.0,14,62.0,0,1,1,-1.0,0,6.1,7.1,,,70.0,205.0,24.45488888888889,1.0,Abilene Christian,2014.0,2014.0,,,4.0,0.045454547
2015,17,00-0030668,C.West,RB,KC,LV,0,0,0.0,0,0.0,0.0,0.0,13,34.0,0,1,1,-2.0,0,3.2,4.2,,,70.0,205.0,24.45488888888889,1.0,Abilene Christian,2014.0,2014.0,,,6.0,0.04347826
2015,18,00-0030668,C.West,RB,KC,HOU,0,0,0.0,0,0.0,0.0,0.0,8,26.0,0,1,1,9.0,0,3.5,4.5,,,70.0,205.0,24.45488888888889,1.0,Abilene Christian,2014.0,2014.0,,,,0.045454547
2015,19,00-0030668,C.West,RB,KC,NE,0,0,0.0,0,0.0,0.0,0.0,17,61.0,1,4,2,15.0,0,13.6,15.6,,,70.0,205.0,24.45488888888889,1.0,Abilene Christian,2014.0,2014.0,,,,0.08510638
2015,1,00-0030669,A.Wilson,WR,KC,HOU,0,0,0.0,0,0.0,0.0,0.0,0,0.0,0,3,3,25.0,0,2.5,5.5,,,69.0,200.0,23.343277777777775,1.0,Georgia State,2014.0,2014.0,,,,0.09677419
2015,2,00-0030669,A.Wilson,WR,KC,DEN,0,0,0.0,0,0.0,0.0,0.0,0,0.0,0,1,0,0.0,0,0.0,0.0,,,69.0,200.0,23.343277777777775,1.0,Georgia State,2014.0,2014.0,,,-7.0,0.04
2015,3,00-0030669,A.Wilson,WR,KC,GB,0,0,0.0,0,0.0,0.0,0.0,0,0.0,0,3,0,0.0,0,0.0,0.0,,,69.0,200.0,23.343277777777775,1.0,Georgia State,2014.0,2014.0,,,,0.075
2015,6,00-0030669,A.Wilson,WR,KC,MIN,0,0,0.0,0,0.0,0.0,0.0,0,0.0,0,6,3,57.0,1,11.7,14.7,,,69.0,200.0,23.343277777777775,1.0,Georgia State,2014.0,2014.0,,,,0.16216215
2015,7,00-0030669,A.Wilson,WR,KC,PIT,0,0,0.0,0,0.0,0.0,0.0,0,0.0,0,6,3,71.0,0,7.1,10.1,,,69.0,200.0,23.343277777777775,1.0,Georgia State,2014.0,2014.0,,,10.0,0.19354838
2015,8,00-0030669,A.Wilson,WR,KC,DET,0,0,0.0,0,0.0,0.0,0.0,0,0.0,0,4,3,12.0,0,1.2,4.2,,,69.0,200.0,23.343277777777775,1.0,Georgia State,2014.0,2014.0,,,35.0,0.14285715
2015,10,00-0030669,A.Wilson,WR,KC,DEN,0,0,0.0,0,0.0,0.0,0.0,0,0.0,0,4,1,16.0,0,1.6,2.6,,,69.0,200.0,23.343277777777775,1.0,Georgia State,2014.0,2014.0,,,,0.12903225
2015,11,00-0030669,A.Wilson,WR,KC,LAC,0,0,0.0,0,0.0,0.0,0.0,0,0.0,0,4,4,56.0,0,5.6,9.6,,,69.0,200.0,23.343277777777775,1.0,Georgia State,2014.0,2014.0,,,,0.16
2015,12,00-0030669,A.Wilson,WR,KC,BUF,0,0,0.0,0,0.0,0.0,0.0,1,8.0,0,3,3,25.0,0,3.3,6.3,,,69.0,200.0,23.343277777777775,1.0,Georgia State,2014.0,2014.0,,,8.0,0.11111111
2015,13,00-0030669,A.Wilson,WR,KC,LV,0,0,0.0,0,0.0,0.0,0.0,1,5.0,0,3,1,17.0,0,2.2,3.2,,,69.0,200.0,23.343277777777775,1.0,Georgia State,2014.0,2014.0,,,,0.13636364
2015,14,00-0030669,A.Wilson,WR,KC,LAC,0,0,0.0,0,0.0,0.0,0.0,0,0.0,0,6,4,87.0,1,14.7,18.7,,,69.0,200.0,23.343277777777775,1.0,Georgia State,2014.0,2014.0,,,7.0,0.26086956
2015,15,00-0030669,A.Wilson,WR,KC,BAL,0,0,0.0,0,0.0,0.0,0.0,1,8.0,0,4,4,27.0,0,3.5,7.5,,,69.0,200.0,23.343277777777775,1.0,Georgia State,2014.0,2014.0,,,,0.16
2015,16,00-0030669,A.Wilson,WR,KC,CLE,0,0,0.0,0,0.0,0.0,0.0,2,5.0,0,4,3,34.0,0,3.9,6.9,,,69.0,200.0,23.343277777777775,1.0,Georgia State,2014.0,2014.0,,,4.0,0.18181819
2015,17,00-0030669,A.Wilson,WR,KC,LV,0,0,0.0,0,0.0,0.0,0.0,0,0.0,0,6,3,24.0,0,2.4,5.4,,,69.0,200.0,23.343277777777775,1.0,Georgia State,2014.0,2014.0,,,6.0,0.26086956
2015,18,00-0030669,A.Wilson,WR,KC,HOU,0,0,0.0,0,0.0,0.0,0.0,2,11.0,0,4,2,9.0,0,2.0,4.0,,,69.0,200.0,23.343277777777775,1.0,Georgia State,2014.0,2014.0,,,,0.18181819
2015,19,00-0030669,A.Wilson,WR,KC,NE,0,0,0.0,0,0.0,0.0,0.0,0,0.0,0,11,5,57.0,1,11.7,16.7,,,69.0,200.0,23.343277777777775,1.0,Georgia State,2014.0,2014.0,,,,0.23404256
2015,3,00-0030670,B.Fowler,WR,DEN,DET,0,0,0.0,0,0.0,0.0,0.0,0,0.0,0,4,4,50.0,0,5.0,9.0,,,73.0,212.0,24.44942105263158,1.0,Michigan State,2014.0,2014.0,,,,0.0952381
2015,4,00-0030670,B.Fowler,WR,DEN,MIN,0,0,0.0,0,0.0,0.0,0.0,0,0.0,0,1,1,11.0,0,1.1,2.1,,,73.0,212.0,24.44942105263158,1.0,Michigan State,2014.0,2014.0,,,3.0,0.037037037
2015,5,00-0030670,B.Fowler,WR,DEN,LV,0,0,0.0,0,0.0,0.0,0.0,0,0.0,0,2,2,46.0,0,4.6,6.6,,,73.0,212.0,24.44942105263158,1.0,Michigan State,2014.0,2014.0,,,,0.057142857
2015,6,00-0030670,B.Fowler,WR,DEN,CLE,0,0,0.0,0,0.0,0.0,0.0,0,0.0,0,1,0,0.0,0,0.0,0.0,,,73.0,212.0,24.44942105263158,1.0,Michigan State,2014.0,2014.0,,,,0.021276595
2015,8,00-0030670,B.Fowler,WR,DEN,GB,0,0,0.0,0,0.0,0.0,0.0,0,0.0,0,2,2,21.0,0,2.1,4.1,,,73.0,212.0,24.44942105263158,1.0,Michigan State,2014.0,2014.0,,,19.0,0.06896552
2015,9,00-0030670,B.Fowler,WR,DEN,IND,0,0,0.0,0,0.0,0.0,0.0,0,0.0,0,4,2,22.0,0,2.2,4.2,,,73.0,212.0,24.44942105263158,1.0,Michigan State,2014.0,2014.0,,,,0.11111111
2015,10,00-0030670,B.Fowler,WR,DEN,KC,0,0,0.0,0,0.0,0.0,0.0,0,0.0,0,3,1,17.0,0,1.7,2.7,,,73.0,212.0,24.44942105263158,1.0,Michigan State,2014.0,2014.0,,,-16.0,0.069767445
2015,12,00-0030670,B.Fowler,WR,DEN,NE,0,0,0.0,0,0.0,0.0,0.0,0,0.0,0,2,1,8.0,0,0.8,1.8,,,73.0,212.0,24.44942105263158,1.0,Michigan State,2014.0,2014.0,,,6.0,0.04761905
2015,13,00-0030670,B.Fowler,WR,DEN,LAC,0,0,0.0,0,0.0,0.0,0.0,0,0.0,0,2,0,0.0,0,0.0,0.0,,,73.0,212.0,24.44942105263158,1.0,Michigan State,2014.0,2014.0,,,,0.07692308
2015,14,00-0030670,B.Fowler,WR,DEN,LV,0,0,0.0,0,0.0,0.0,0.0,0,0.0,0,1,1,12.0,0,1.2,2.2,,,73.0,212.0,24.44942105263158,1.0,Michigan State,2014.0,2014.0,,,-3.0,0.019607844
2015,15,00-0030670,B.Fowler,WR,DEN,PIT,0,0,0.0,0,0.0,0.0,0.0,0,0.0,0,1,0,0.0,0,0.0,0.0,,,73.0,212.0,24.44942105263158,1.0,Michigan State,2014.0,2014.0,,,,0.022727273
2015,16,00-0030670,B.Fowler,WR,DEN,CIN,0,0,0.0,0,0.0,0.0,0.0,0,0.0,0,1,1,13.0,0,1.3,2.3,,,73.0,212.0,24.44942105263158,1.0,Michigan State,2014.0,2014.0,,,3.0,0.025641026
2015,17,00-0030670,B.Fowler,WR,DEN,LAC,0,0,0.0,0,0.0,0.0,0.0,0,0.0,0,1,1,3.0,0,0.3,1.3,,,73.0,212.0,24.44942105263158,1.0,Michigan State,2014.0,2014.0,,,7.0,0.032258064
2015,19,00-0030670,B.Fowler,WR,DEN,PIT,0,0,0.0,0,0.0,0.0,0.0,0,0.0,0,4,2,35.0,0,3.5,5.5,,,73.0,212.0,24.44942105263158,1.0,Michigan State,2014.0,2014.0,,,7.0,0.10810811
2015,20,00-0030670,B.Fowler,WR,DEN,NE,0,0,0.0,0,0.0,0.0,0.0,0,0.0,0,1,0,0.0,0,0.0,0.0,,,73.0,212.0,24.44942105263158,1.0,Michigan State,2014.0,2014.0,,,2.0,0.032258064
2015,21,00-0030670,B.Fowler,WR,DEN,CAR,0,0,0.0,0,0.0,0.0,0.0,0,0.0,0,0,0,0.0,0,2.0,2.0,,,73.0,212.0,24.44942105263158,1.0,Michigan State,2014.0,2014.0,,,14.0,
2015,10,00-0030691,J.Butler,WR,BAL,JAX,0,0,0.0,0,0.0,0.0,0.0,0,0.0,0,1,1,21.0,0,2.1,3.1,,,74.0,213.0,,1.0,Tennessee-Martin,2014.0,2014.0,,,-2.0,0.022222223
2015,11,00-0030691,J.Butler,WR,BAL,LA,0,0,0.0,0,0.0,0.0,0.0,0,0.0,0,5,4,45.0,0,4.5,8.5,,,74.0,213.0,,1.0,Tennessee-Martin,2014.0,2014.0,,,3.0,0.11627907
2015,12,00-0030691,J.Butler,WR,BAL,CLE,0,0,0.0,0,0.0,0.0,0.0,0,0.0,0,4,3,27.0,0,2.7,5.7,,,74.0,213.0,,1.0,Tennessee-Martin,2014.0,2014.0,,,,0.11764706
2015,13,00-0030691,J.Butler,WR,BAL,MIA,0,0,0.0,0,0.0,0.0,0.0,0,0.0,0,5,4,43.0,0,4.3,8.3,,,74.0,213.0,,1.0,Tennessee-Martin,2014.0,2014.0,,,,0.10869565
2015,14,00-0030691,J.Butler,WR,BAL,SEA,0,0,0.0,0,0.0,0.0,0.0,0,0.0,0,10,7,72.0,0,7.2,14.2,,,74.0,213.0,,1.0,Tennessee-Martin,2014.0,2014.0,,,-29.0,0.25
2015,15,00-0030691,J.Butler,WR,BAL,KC,0,0,0.0,0,0.0,0.0,0.0,0,0.0,0,5,3,60.0,0,6.0,9.0,,,74.0,213.0,,1.0,Tennessee-Martin,2014.0,2014.0,,,-20.0,0.11111111
2015,16,00-0030691,J.Butler,WR,BAL,PIT,0,0,0.0,0,0.0,0.0,0.0,0,0.0,0,6,3,38.0,0,3.8,6.8,,,74.0,213.0,,1.0,Tennessee-Martin,2014.0,2014.0,,,3.0,0.15
2015,17,00-0030691,J.Butler,WR,BAL,CIN,0,0,0.0,0,0.0,0.0,0.0,0,0.0,0,8,6,57.0,0,5.7,11.7,,,74.0,213.0,,1.0,Tennessee-Martin,2014.0,2014.0,,,,0.14814815
2015,3,00-0030705,J.Thompson,RB,DEN,DET,0,0,0.0,0,0.0,0.0,0.0,3,11.0,0,0,0,0.0,0,1.1,1.1,,,71.0,225.0,23.524105263157896,1.0,Duke,2014.0,2014.0,,,,
2015,5,00-0030705,J.Thompson,RB,DEN,LV,0,0,0.0,0,0.0,0.0,0.0,0,0.0,0,1,1,16.0,0,1.6,2.6,,,71.0,225.0,23.524105263157896,1.0,Duke,2014.0,2014.0,,,,0.028571429
2015,8,00-0030705,J.Thompson,RB,DEN,GB,0,0,0.0,0,0.0,0.0,0.0,1,-1.0,0,0,0,0.0,0,-0.1,-0.1,,,71.0,225.0,23.524105263157896,1.0,Duke,2014.0,2014.0,,,19.0,
2015,10,00-0030705,J.Thompson,RB,DEN,KC,0,0,0.0,0,0.0,0.0,0.0,0,0.0,0,1,0,0.0,0,0.0,0.0,,,71.0,225.0,23.524105263157896,1.0,Duke,2014.0,2014.0,,,-16.0,0.023255814
2015,12,00-0030705,J.Thompson,RB,DEN,NE,0,0,0.0,0,0.0,0.0,0.0,1,3.0,0,0,0,0.0,0,0.3,0.3,,,71.0,225.0,23.524105263157896,1.0,Duke,2014.0,2014.0,,,6.0,
2015,13,00-0030705,J.Thompson,RB,DEN,LAC,0,0,0.0,0,0.0,0.0,0.0,8,27.0,0,1,1,14.0,0,4.1,5.1,,,71.0,225.0,23.524105263157896,1.0,Duke,2014.0,2014.0,,,,0.03846154
2015,14,00-0030705,J.Thompson,RB,DEN,LV,0,0,0.0,0,0.0,0.0,0.0,5,8.0,0,6,4,21.0,0,2.9,6.9,,,71.0,225.0,23.524105263157896,1.0,Duke,2014.0,2014.0,,,-3.0,0.11764706
2015,11,00-0030710,T.Burton,TE,PHI,TB,0,0,0.0,0,0.0,0.0,0.0,0,0.0,0,1,0,0.0,0,0.0,0.0,,,75.0,235.0,24.0283125,1.0,Florida,2014.0,2014.0,,,-28.0,0.024390243
2015,12,00-0030710,T.Burton,TE,PHI,DET,0,0,0.0,0,0.0,0.0,0.0,0,0.0,0,2,2,49.0,0,4.9,6.9,,,75.0,235.0,24.0283125,1.0,Florida,2014.0,2014.0,,,,0.074074075
2015,17,00-0030710,T.Burton,TE,PHI,NYG,0,0,0.0,0,0.0,0.0,0.0,0,0.0,0,1,1,5.0,0,0.5,1.5,,,75.0,235.0,24.0283125,1.0,Florida,2014.0,2014.0,,,,0.02631579
2015,10,00-0030741,R.Nix,FB,PIT,CLE,0,0,0.0,0,0.0,0.0,0.0,0,0.0,0,1,1,10.0,0,1.0,2.0,,,71.0,248.0,23.59466666666667,1.0,Kent State,2014.0,2014.0,,,21.0,0.027027028
2015,12,00-0030741,R.Nix,FB,PIT,SEA,0,0,0.0,0,0.0,0.0,0.0,0,0.0,0,1,1,6.0,0,0.6,1.6,,,71.0,248.0,23.59466666666667,1.0,Kent State,2014.0,2014.0,,,,0.01724138
2015,13,00-0030741,R.Nix,FB,PIT,IND,0,0,0.0,0,0.0,0.0,0.0,0,0.0,0,1,0,0.0,0,0.0,0.0,,,71.0,248.0,23.59466666666667,1.0,Kent State,2014.0,2014.0,,,35.0,0.025641026
2015,6,00-0030758,,TE,GB,LAC,0,0,0.0,0,0.0,0.0,0.0,0,0.0,0,2,1,21.0,0,2.1,3.1,,,75.0,250.0,24.914307692307695,1.0,,2014.0,2014.0,,,7.0,0.06896552
2015,8,00-0030758,,TE,GB,DEN,0,0,0.0,0,0.0,0.0,0.0,0,0.0,0,1,1,6.0,0,0.6,1.6,,,75.0,250.0,24.914307692307695,1.0,,2014.0,2014.0,,,,0.045454547
2015,10,00-0030758,,TE,GB,DET,0,0,0.0,0,0.0,0.0,0.0,0,0.0,0,6,5,58.0,1,11.8,16.8,,,75.0,250.0,24.914307692307695,1.0,,2014.0,2014.0,,,-2.0,0.1
2015,12,00-0030758,,TE,GB,CHI,0,0,0.0,0,0.0,0.0,0.0,0,0.0,0,2,2,9.0,0,0.9,2.9,,,75.0,250.0,24.914307692307695,1.0,,2014.0,2014.0,,,-4.0,0.046511628
2015,14,00-0030758,,TE,GB,DAL,0,0,0.0,0,0.0,0.0,0.0,0,0.0,0,1,1,3.0,0,0.3,1.3,,,75.0,250.0,24.914307692307695,1.0,,2014.0,2014.0,,,21.0,0.030303031
2015,15,00-0030758,,TE,GB,LV,0,0,0.0,0,0.0,0.0,0.0,0,0.0,0,1,1,5.0,0,0.5,1.5,,,75.0,250.0,24.914307692307695,1.0,,2014.0,2014.0,,,,0.02631579
2015,1,00-0030780,R.Hewitt,TE,CIN,LV,0,0,0.0,0,0.0,0.0,0.0,0,0.0,0,1,0,0.0,0,0.0,0.0,,,76.0,254.0,24.800470588235296,1.0,Stanford,2014.0,2014.0,,,,0.029411765
2015,2,00-0030780,R.Hewitt,TE,CIN,LAC,0,0,0.0,0,0.0,0.0,0.0,0,0.0,0,1,0,0.0,0,0.0,0.0,,,76.0,254.0,24.800470588235296,1.0,Stanford,2014.0,2014.0,,,5.0,0.041666668
2015,6,00-0030780,R.Hewitt,TE,CIN,BUF,0,0,0.0,0,0.0,0.0,0.0,0,0.0,0,2,1,16.0,0,1.6,2.6,,,76.0,254.0,24.800470588235296,1.0,Stanford,2014.0,2014.0,,,,0.060606062
2015,8,00-0030780,R.Hewitt,TE,CIN,PIT,0,0,0.0,0,0.0,0.0,0.0,0,0.0,0,1,1,22.0,0,2.2,3.2,,,76.0,254.0,24.800470588235296,1.0,Stanford,2014.0,2014.0,,,,0.02631579
2015,10,00-0030780,R.Hewitt,TE,CIN,HOU,0,0,0.0,0,0.0,0.0,0.0,0,0.0,0,1,1,7.0,0,0.7,1.7,,,76.0,254.0,24.800470588235296,1.0,Stanford,2014.0,2014.0,,,-4.0,0.02631579
2015,12,00-0030780,R.Hewitt,TE,CIN,LA,0,0,0.0,0,0.0,0.0,0.0,0,0.0,0,2,2,29.0,0,2.9,4.9,,,76.0,254.0,24.800470588235296,1.0,Stanford,2014.0,2014.0,,,24.0,0.071428575
2015,13,00-0030780,R.Hewitt,TE,CIN,CLE,0,0,0.0,0,0.0,0.0,0.0,0,0.0,0,1,1,7.0,0,0.7,1.7,,,76.0,254.0,24.800470588235296,1.0,Stanford,2014.0,2014.0,,,,0.045454547
2015,14,00-0030780,R.Hewitt,TE,CIN,PIT,0,0,0.0,0,0.0,0.0,0.0,0,0.0,0,1,1,9.0,0,0.9,1.9,,,76.0,254.0,24.800470588235296,1.0,Stanford,2014.0,2014.0,,,-13.0,0.027777778
2015,15,00-0030780,R.Hewitt,TE,CIN,SF,0,0,0.0,0,0.0,0.0,0.0,0,0.0,0,2,1,9.0,0,0.9,1.9,,,76.0,254.0,24.800470588235296,1.0,Stanford,2014.0,2014.0,,,,0.0952381
2015,3,00-0030789,,RB,TEN,IND,0,0,0.0,0,0.0,0.0,0.0,12,49.0,1,2,1,12.0,0,12.1,13.1,,,70.0,225.0,23.230687500000002,1.0,Western Kentucky,2014.0,2014.0,,,-2.0,0.046511628
2015,5,00-0030789,,RB,TEN,BUF,0,0,0.0,0,0.0,0.0,0.0,7,9.0,1,4,3,45.0,0,11.4,14.4,,,70.0,225.0,23.230687500000002,1.0,Western Kentucky,2014.0,2014.0,,,-1.0,0.125
2015,6,00-0030789,,RB,TEN,MIA,0,0,0.0,0,0.0,0.0,0.0,9,23.0,0,1,1,2.0,0,2.5,3.5,,,70.0,225.0,23.230687500000002,1.0,Western Kentucky,2014.0,2014.0,,,-28.0,0.025
2015,7,00-0030789,,RB,TEN,ATL,0,0,0.0,0,0.0,0.0,0.0,10,57.0,0,0,0,0.0,0,5.7,5.7,,,70.0,225.0,23.230687500000002,1.0,Western Kentucky,2014.0,2014.0,,,-3.0,
2015,8,00-0030789,,RB,TEN,HOU,0,0,0.0,0,0.0,0.0,0.0,16,64.0,0,3,3,18.0,0,8.2,11.2,,,70.0,225.0,23.230687500000002,1.0,Western Kentucky,2014.0,2014.0,,,,0.09677419
2015,9,00-0030789,,RB,TEN,NO,0,0,0.0,0,0.0,0.0,0.0,19,88.0,0,2,1,23.0,0,11.1,12.1,,,70.0,225.0,23.230687500000002,1.0,Western Kentucky,2014.0,2014.0,,,,0.051282052
2015,10,00-0030789,,RB,TEN,CAR,0,0,0.0,0,0.0,0.0,0.0,11,8.0,0,0,0,0.0,0,0.8,0.8,,,70.0,225.0,23.230687500000002,1.0,Western Kentucky,2014.0,2014.0,,,-17.0,
2015,11,00-0030789,,RB,TEN,JAX,0,0,0.0,0,0.0,0.0,0.0,15,78.0,0,2,2,16.0,0,9.4,11.4,,,70.0,225.0,23.230687500000002,1.0,Western Kentucky,2014.0,2014.0,,,,0.060606062
2015,12,00-0030789,,RB,TEN,LV,0,0,0.0,0,0.0,0.0,0.0,11,32.0,0,2,1,14.0,0,4.6,5.6,,,70.0,225.0,23.230687500000002,1.0,Western Kentucky,2014.0,2014.0,,,-3.0,0.055555556
2015,13,00-0030789,,RB,TEN,JAX,0,0,0.0,0,0.0,0.0,0.0,13,58.0,1,1,1,10.0,0,12.8,13.8,,,70.0,225.0,23.230687500000002,1.0,Western Kentucky,2014.0,2014.0,,,3.0,0.03448276
2015,14,00-0030789,,RB,TEN,NYJ,1,1,41.0,1,0.0,0.0,-0.0,4,8.0,0,2,1,6.0,0,7.04,8.04,,,70.0,225.0,23.230687500000002,1.0,Western Kentucky,2014.0,2014.0,,,,0.05
2015,15,00-0030789,,RB,TEN,NE,0,0,0.0,0,0.0,0.0,0.0,14,45.0,0,6,5,25.0,0,7.0,12.0,,,70.0,225.0,23.230687500000002,1.0,Western Kentucky,2014.0,2014.0,,,,0.18181819
2015,16,00-0030789,,RB,TEN,HOU,0,0,0.0,0,0.0,0.0,0.0,2,1.0,0,2,0,0.0,0,-1.9,-1.9,,,70.0,225.0,23.230687500000002,1.0,Western Kentucky,2014.0,2014.0,,,-28.0,0.039215688
2015,17,00-0030789,,RB,TEN,IND,0,0,0.0,0,0.0,0.0,0.0,0,0.0,0,2,2,3.0,0,0.3,2.3,,,70.0,225.0,23.230687500000002,1.0,Western Kentucky,2014.0,2014.0,,,,0.08
2015,1,00-0030801,B.Coleman,WR,NO,ARI,0,0,0.0,0,0.0,0.0,0.0,0,0.0,0,7,4,41.0,1,10.1,14.1,,,78.0,225.0,23.3758125,1.0,Rutgers,2014.0,2014.0,,,,0.14583333
2015,2,00-0030801,B.Coleman,WR,NO,TB,0,0,0.0,0,0.0,0.0,0.0,0,0.0,0,6,3,33.0,0,3.3,6.3,,,78.0,225.0,23.3758125,1.0,Rutgers,2014.0,2014.0,,,-7.0,0.15789473
2015,3,00-0030801,B.Coleman,WR,NO,CAR,0,0,0.0,0,0.0,0.0,0.0,0,0.0,0,3,1,9.0,0,0.9,1.9,,,78.0,225.0,23.3758125,1.0,Rutgers,2014.0,2014.0,,,,0.078947365
2015,4,00-0030801,B.Coleman,WR,NO,DAL,0,0,0.0,0,0.0,0.0,0.0,0,0.0,0,1,1,30.0,0,3.0,4.0,,,78.0,225.0,23.3758125,1.0,Rutgers,2014.0,2014.0,,,6.0,0.024390243
2015,5,00-0030801,B.Coleman,WR,NO,PHI,0,0,0.0,0,0.0,0.0,0.0,0,0.0,0,1,0,0.0,0,0.0,0.0,,,78.0,225.0,23.3758125,1.0,Rutgers,2014.0,2014.0,,,,0.023255814
2015,6,00-0030801,B.Coleman,WR,NO,ATL,0,0,0.0,0,0.0,0.0,0.0,0,0.0,0,1,0,0.0,0,0.0,0.0,,,78.0,225.0,23.3758125,1.0,Rutgers,2014.0,2014.0,,,10.0,0.025641026
2015,7,00-0030801,B.Coleman,WR,NO,IND,0,0,0.0,0,0.0,0.0,0.0,0,0.0,0,1,1,24.0,0,2.4,3.4,,,78.0,225.0,23.3758125,1.0,Rutgers,2014.0,2014.0,,,,0.022727273
2015,8,00-0030801,B.Coleman,WR,NO,NYG,0,0,0.0,0,0.0,0.0,0.0,0,0.0,0,1,1,14.0,0,1.4,2.4,,,78.0,225.0,23.3758125,1.0,Rutgers,2014.0,2014.0,,,3.0,0.02
2015,9,00-0030801,B.Coleman,WR,NO,TEN,0,0,0.0,0,0.0,0.0,0.0,0,0.0,0,3,2,58.0,0,5.8,7.8,,,78.0,225.0,23.3758125,1.0,Rutgers,2014.0,2014.0,,,-6.0,0.07692308
2015,10,00-0030801,B.Coleman,WR,NO,WAS,0,0,0.0,0,0.0,0.0,0.0,0,0.0,0,1,1,14.0,0,1.4,2.4,,,78.0,225.0,23.3758125,1.0,Rutgers,2014.0,2014.0,,,,0.035714287
2015,12,00-0030801,B.Coleman,WR,NO,HOU,0,0,0.0,0,0.0,0.0,0.0,0,0.0,0,1,0,0.0,0,0.0,0.0,,,78.0,225.0,23.3758125,1.0,Rutgers,2014.0,2014.0,,,,0.023255814
2015,13,00-0030801,B.Coleman,WR,NO,CAR,0,0,0.0,0,0.0,0.0,0.0,0,0.0,0,7,4,73.0,1,13.3,17.3,,,78.0,225.0,23.3758125,1.0,Rutgers,2014.0,2014.0,,,-3.0,0.17073171
2015,14,00-0030801,B.Coleman,WR,NO,TB,0,0,0.0,0,0.0,0.0,0.0,0,0.0,0,3,3,32.0,0,3.2,6.2,,,78.0,225.0,23.3758125,1.0,Rutgers,2014.0,2014.0,,,,0.07317073
2015,15,00-0030801,B.Coleman,WR,NO,DET,0,0,0.0,0,0.0,0.0,0.0,0,0.0,0,1,0,0.0,0,0.0,0.0,,,78.0,225.0,23.3758125,1.0,Rutgers,2014.0,2014.0,,,-8.0,0.01923077
2015,16,00-0030801,B.Coleman,WR,NO,JAX,0,0,0.0,0,0.0,0.0,0.0,0,0.0,0,4,4,45.0,0,4.5,8.5,,,78.0,225.0,23.3758125,1.0,Rutgers,2014.0,2014.0,,,11.0,0.114285715
2015,17,00-0030801,B.Coleman,WR,NO,ATL,0,0,0.0,0,0.0,0.0,0.0,0,0.0,0,8,5,81.0,0,8.1,13.1,,,78.0,225.0,23.3758125,1.0,Rutgers,2014.0,2014.0,,,,0.18604651
2015,1,00-0030806,,TE,JAX,CAR,0,0,0.0,0,0.0,0.0,0.0,0,0.0,0,1,0,0.0,0,0.0,0.0,,,77.0,295.0,24.071875,1.0,,2014.0,2014.0,,,-11.0,0.025641026
2015,7,00-0030806,,TE,JAX,BUF,0,0,0.0,0,0.0,0.0,0.0,0,0.0,0,1,0,0.0,0,0.0,0.0,,,77.0,295.0,24.071875,1.0,,2014.0,2014.0,,,3.0,0.03448276
2015,9,00-0030806,,TE,JAX,NYJ,0,0,0.0,0,0.0,0.0,0.0,0,0.0,0,1,1,6.0,0,0.6,1.6,,,77.0,295.0,24.071875,1.0,,2014.0,2014.0,,,,0.025
2015,16,00-0030807,S.Jones,WR,NO,JAX,0,0,0.0,0,0.0,0.0,0.0,0,0.0,0,1,0,0.0,0,0.0,0.0,,,75.0,200.0,23.291666666666668,1.0,Valdosta State,2014.0,2014.0,,,11.0,0.028571429
2015,1,00-0030821,A.Hurns,WR,JAX,CAR,0,0,0.0,0,0.0,0.0,0.0,0,0.0,0,7,5,60.0,0,4.0,9.0,,,75.0,205.0,23.98975,1.0,Miami,2014.0,2014.0,,,-11.0,0.17948718
2015,2,00-0030821,A.Hurns,WR,JAX,MIA,0,0,0.0,0,0.0,0.0,0.0,0,0.0,0,4,4,68.0,0,6.8,10.8,,,75.0,205.0,23.98975,1.0,Miami,2014.0,2014.0,,,3.0,0.121212125
2015,3,00-0030821,A.Hurns,WR,JAX,NE,0,0,0.0,0,0.0,0.0,0.0,0,0.0,0,4,2,70.0,1,13.0,15.0,,,75.0,205.0,23.98975,1.0,Miami,2014.0,2014.0,,,,0.121212125
2015,4,00-0030821,A.Hurns,WR,JAX,IND,0,0,0.0,0,0.0,0.0,0.0,0,0.0,0,15,11,116.0,1,17.6,28.6,,,75.0,205.0,23.98975,1.0,Miami,2014.0,2014.0,,,,0.31914893
2015,5,00-0030821,A.Hurns,WR,JAX,TB,0,0,0.0,0,0.0,0.0,0.0,0,0.0,0,6,5,116.0,1,17.6,22.6,,,75.0,205.0,23.98975,1.0,Miami,2014.0,2014.0,,,,0.1875
2015,6,00-0030821,A.Hurns,WR,JAX,HOU,0,0,0.0,0,0.0,0.0,0.0,0,0.0,0,7,2,30.0,1,9.0,11.0,,,75.0,205.0,23.98975,1.0,Miami,2014.0,2014.0,,,-11.0,0.13207547
2015,7,00-0030821,A.Hurns,WR,JAX,BUF,0,0,0.0,0,0.0,0.0,0.0,0,0.0,0,8,2,53.0,1,11.3,13.3,,,75.0,205.0,23.98975,1.0,Miami,2014.0,2014.0,,,3.0,0.27586207
2015,9,00-0030821,A.Hurns,WR,JAX,NYJ,0,0,0.0,0,0.0,0.0,0.0,0,0.0,0,8,5,122.0,1,18.2,23.2,,,75.0,205.0,23.98975,1.0,Miami,2014.0,2014.0,,,,0.2
2015,10,00-0030821,A.Hurns,WR,JAX,BAL,0,0,0.0,0,0.0,0.0,0.0,0,0.0,0,9,5,62.0,1,12.2,17.2,,,75.0,205.0,23.98975,1.0,Miami,2014.0,2014.0,,,,0.2
2015,11,00-0030821,A.Hurns,WR,JAX,TEN,0,0,0.0,0,0.0,0.0,0.0,0,0.0,0,4,3,19.0,0,1.9,4.9,,,75.0,205.0,23.98975,1.0,Miami,2014.0,2014.0,,,6.0,0.12903225
2015,12,00-0030821,A.Hurns,WR,JAX,LAC,0,0,0.0,0,0.0,0.0,0.0,0,0.0,0,9,4,42.0,0,4.2,8.2,,,75.0,205.0,23.98975,1.0,Miami,2014.0,2014.0,,,-6.0,0.18367347
2015,14,00-0030821,A.Hurns,WR,JAX,IND,0,0,0.0,0,0.0,0.0,0.0,0,0.0,0,4,3,105.0,1,16.5,19.5,,,75.0,205.0,23.98975,1.0,Miami,2014.0,2014.0,,,35.0,0.13333334
2015,15,00-0030821,A.Hurns,WR,JAX,ATL,0,0,0.0,0,0.0,0.0,0.0,0,0.0,0,5,2,44.0,0,4.4,6.4,,,75.0,205.0,23.98975,1.0,Miami,2014.0,2014.0,,,-6.0,0.13513513
2015,16,00-0030821,A.Hurns,WR,JAX,NO,0,0,0.0,0,0.0,0.0,0.0,0,0.0,0,10,8,107.0,2,22.7,30.7,,,75.0,205.0,23.98975,1.0,Miami,2014.0,2014.0,,,,0.2857143
2015,17,00-0030821,A.Hurns,WR,JAX,HOU,0,0,0.0,0,0.0,0.0,0.0,0,0.0,0,5,3,17.0,0,1.7,4.7,,,75.0,205.0,23.98975,1.0,Miami,2014.0,2014.0,,,,0.15625
2015,12,00-0030832,A.Cleveland,TE,NE,DEN,0,0,0.0,0,0.0,0.0,0.0,0,0.0,0,1,1,1.0,0,0.1,1.1,,,77.0,260.0,23.7328,1.0,Miami (Fla.),2014.0,2014.0,,,,0.023809524
2015,5,00-0030855,,RB,IND,HOU,0,0,0.0,0,0.0,0.0,0.0,2,9.0,0,1,0,0.0,0,0.9,0.9,,,72.0,231.0,26.535899999999998,1.0,Central Michigan,2014.0,2014.0,,,,0.03448276
2015,13,00-0030855,,RB,IND,PIT,0,0,0.0,0,0.0,0.0,0.0,1,0.0,0,2,1,7.0,0,0.7,1.7,,,72.0,231.0,26.535899999999998,1.0,Central Michigan,2014.0,2014.0,,,,0.05882353
2015,14,00-0030855,,RB,IND,JAX,0,0,0.0,0,0.0,0.0,0.0,1,7.0,0,5,4,50.0,0,5.7,9.7,,,72.0,231.0,26.535899999999998,1.0,Central Michigan,2014.0,2014.0,,,,0.11627907
2015,15,00-0030855,,RB,IND,HOU,0,0,0.0,0,0.0,0.0,0.0,1,4.0,0,0,0,0.0,0,0.4,0.4,,,72.0,231.0,26.535899999999998,1.0,Central Michigan,2014.0,2014.0,,,-6.0,
2015,4,00-0030856,T.Washington,WR,JAX,IND,0,0,0.0,0,0.0,0.0,0.0,1,8.0,0,0,0,0.0,0,0.8,0.8,,,70.0,198.0,24.9705,1.0,Appalachian State,2014.0,2014.0,,,,
2015,7,00-0030860,O.Darkwa,RB,NYG,DAL,0,0,0.0,0,0.0,0.0,0.0,8,48.0,1,1,0,0.0,0,10.8,10.8,,,72.0,215.0,23.690875000000002,1.0,Tulane,2014.0,2014.0,,,7.0,0.041666668
2015,8,00-0030860,O.Darkwa,RB,NYG,NO,0,0,0.0,0,0.0,0.0,0.0,4,23.0,0,0,0,0.0,0,2.3,2.3,,,72.0,215.0,23.690875000000002,1.0,Tulane,2014.0,2014.0,,,,
2015,9,00-0030860,O.Darkwa,RB,NYG,TB,0,0,0.0,0,0.0,0.0,0.0,6,23.0,0,0,0,0.0,0,2.3,2.3,,,72.0,215.0,23.690875000000002,1.0,Tulane,2014.0,2014.0,,,,
2015,10,00-0030860,O.Darkwa,RB,NYG,NE,0,0,0.0,0,0.0,0.0,0.0,5,15.0,0,0,0,0.0,0,1.5,1.5,,,72.0,215.0,23.690875000000002,1.0,Tulane,2014.0,2014.0,,,-1.0,
2015,12,00-0030860,O.Darkwa,RB,NYG,WAS,0,0,0.0,0,0.0,0.0,0.0,2,2.0,0,0,0,0.0,0,0.2,0.2,,,72.0,215.0,23.690875000000002,1.0,Tulane,2014.0,2014.0,,,,
2015,13,00-0030860,O.Darkwa,RB,NYG,NYJ,0,0,0.0,0,0.0,0.0,0.0,8,23.0,0,2,1,10.0,0,3.3,4.3,,,72.0,215.0,23.690875000000002,1.0,Tulane,2014.0,2014.0,,,-3.0,0.05882353
2015,14,00-0030860,O.Darkwa,RB,NYG,MIA,0,0,0.0,0,0.0,0.0,0.0,2,10.0,0,1,1,6.0,0,1.6,2.6,,,72.0,215.0,23.690875000000002,1.0,Tulane,2014.0,2014.0,,,,0.032258064
2015,16,00-0030860,O.Darkwa,RB,NYG,MIN,0,0,0.0,0,0.0,0.0,0.0,1,9.0,0,1,1,15.0,0,2.4,3.4,,,72.0,215.0,23.690875000000002,1.0,Tulane,2014.0,2014.0,,,,0.029411765
2015,1,00-0030874,D.Williams,RB,MIA,WAS,0,0,0.0,0,0.0,0.0,0.0,1,0.0,0,1,1,3.0,0,0.3,1.3,,,71.0,225.0,23.6020625,1.0,Oklahoma,2014.0,2014.0,,,,0.029411765
2015,2,00-0030874,D.Williams,RB,MIA,JAX,0,0,0.0,0,0.0,0.0,0.0,2,5.0,0,4,3,15.0,1,8.0,11.0,,,71.0,225.0,23.6020625,1.0,Oklahoma,2014.0,2014.0,,,,0.093023255
2015,3,00-0030874,D.Williams,RB,MIA,BUF,0,0,0.0,0,0.0,0.0,0.0,2,17.0,0,3,1,5.0,0,2.2,3.2,,,71.0,225.0,23.6020625,1.0,Oklahoma,2014.0,2014.0,,,-27.0,0.06122449
2015,4,00-0030874,D.Williams,RB,MIA,NYJ,0,0,0.0,0,0.0,0.0,0.0,0,0.0,0,1,1,1.0,0,0.1,1.1,,,71.0,225.0,23.6020625,1.0,Oklahoma,2014.0,2014.0,,,-13.0,0.022727273
2015,6,00-0030874,D.Williams,RB,MIA,TEN,0,0,0.0,0,0.0,0.0,0.0,2,5.0,0,0,0,0.0,0,0.5,0.5,,,71.0,225.0,23.6020625,1.0,Oklahoma,2014.0,2014.0,,,,
2015,7,00-0030874,D.Williams,RB,MIA,HOU,0,0,0.0,0,0.0,0.0,0.0,4,19.0,0,2,2,10.0,0,0.9,2.9,,,71.0,225.0,23.6020625,1.0,Oklahoma,2014.0,2014.0,,,18.0,0.1
2015,10,00-0030874,D.Williams,RB,MIA,PHI,0,0,0.0,0,0.0,0.0,0.0,0,0.0,0,1,0,0.0,0,0.0,0.0,,,71.0,225.0,23.6020625,1.0,Oklahoma,2014.0,2014.0,,,,0.027777778
2015,12,00-0030874,D.Williams,RB,MIA,NYJ,0,0,0.0,0,0.0,0.0,0.0,0,0.0,0,4,2,10.0,0,1.0,3.0,,,71.0,225.0,23.6020625,1.0,Oklahoma,2014.0,2014.0,,,,0.06896552
2015,13,00-0030874,D.Williams,RB,MIA,BAL,0,0,0.0,0,0.0,0.0,0.0,1,1.0,0,1,1,5.0,0,0.6,1.6,,,71.0,225.0,23.6020625,1.0,Oklahoma,2014.0,2014.0,,,2.0,0.05263158
2015,14,00-0030874,D.Williams,RB,MIA,NYG,0,0,0.0,0,0.0,0.0,0.0,0,0.0,0,3,2,11.0,0,1.1,3.1,,,71.0,225.0,23.6020625,1.0,Oklahoma,2014.0,2014.0,,,-7.0,0.07317073
2015,15,00-0030874,D.Williams,RB,MIA,LAC,0,0,0.0,0,0.0,0.0,0.0,1,1.0,0,2,2,11.0,0,1.2,3.2,,,71.0,225.0,23.6020625,1.0,Oklahoma,2014.0,2014.0,,,,0.06451613
2015,16,00-0030874,D.Williams,RB,MIA,IND,0,0,0.0,0,0.0,0.0,0.0,0,0.0,0,3,3,33.0,0,3.3,6.3,,,71.0,225.0,23.6020625,1.0,Oklahoma,2014.0,2014.0,,,-6.0,0.078947365
2015,17,00-0030874,D.Williams,RB,MIA,NE,0,0,0.0,0,0.0,0.0,0.0,3,11.0,0,3,3,38.0,0,4.9,7.9,,,71.0,225.0,23.6020625,1.0,Oklahoma,2014.0,2014.0,,,10.0,0.078947365
2015,9,00-0030920,,WR,LAC,CHI,0,0,0.0,0,0.0,0.0,0.0,0,0.0,0,2,1,12.0,0,1.2,2.2,,,72.0,194.0,24.444499999999998,1.0,Arkansas,2014.0,2014.0,,,,0.04761905
2015,11,00-0030920,,WR,LAC,KC,0,0,0.0,0,0.0,0.0,0.0,0,0.0,0,7,5,37.0,0,3.7,8.7,,,72.0,194.0,24.444499999999998,1.0,Arkansas,2014.0,2014.0,,,,0.23333333
2015,13,00-0030920,,WR,LAC,DEN,0,0,0.0,0,0.0,0.0,0.0,0,0.0,0,2,2,30.0,0,3.0,5.0,,,72.0,194.0,24.444499999999998,1.0,Arkansas,2014.0,2014.0,,,,0.060606062
2015,14,00-0030920,,WR,LAC,KC,0,0,0.0,0,0.0,0.0,0.0,0,0.0,0,7,5,47.0,0,4.7,9.7,,,72.0,194.0,24.444499999999998,1.0,Arkansas,2014.0,2014.0,,,,0.16666667
2015,15,00-0030920,,WR,LAC,MIA,0,0,0.0,0,0.0,0.0,0.0,0,0.0,0,6,5,35.0,0,3.5,8.5,,,72.0,194.0,24.444499999999998,1.0,Arkansas,2014.0,2014.0,,,,0.16666667
2015,16,00-0030920,,WR,LAC,LV,0,0,0.0,0,0.0,0.0,0.0,0,0.0,0,5,3,16.0,0,1.6,4.6,,,72.0,194.0,24.444499999999998,1.0,Arkansas,2014.0,2014.0,,,,0.10204082
2015,17,00-0030920,,WR,LAC,DEN,0,0,0.0,0,0.0,0.0,0.0,1,13.0,0,4,3,18.0,0,3.1,6.1,,,72.0,194.0,24.444499999999998,1.0,Arkansas,2014.0,2014.0,,,,0.114285715
2015,1,00-0030990,J.Huff,WR,PHI,ATL,0,0,0.0,0,0.0,0.0,0.0,0,0.0,0,3,2,19.0,0,1.9,3.9,,,71.0,206.0,24.0693125,1.0,Oregon,2014.0,2014.0,PHI,86,,0.057692308
2015,2,00-0030990,J.Huff,WR,PHI,DAL,0,0,0.0,0,0.0,0.0,0.0,0,0.0,0,3,2,20.0,0,2.0,4.0,,,71.0,206.0,24.0693125,1.0,Oregon,2014.0,2014.0,PHI,86,-10.0,0.08108108
2015,5,00-0030990,J.Huff,WR,PHI,NO,0,0,0.0,0,0.0,0.0,0.0,0,0.0,0,5,4,78.0,1,13.8,17.8,,,71.0,206.0,24.0693125,1.0,Oregon,2014.0,2014.0,PHI,86,22.0,0.11111111
2015,6,00-0030990,J.Huff,WR,PHI,NYG,0,0,0.0,0,0.0,0.0,0.0,0,0.0,0,3,3,19.0,0,1.9,4.9,,,71.0,206.0,24.0693125,1.0,Oregon,2014.0,2014.0,PHI,86,20.0,0.08108108
2015,7,00-0030990,J.Huff,WR,PHI,CAR,0,0,0.0,0,0.0,0.0,0.0,0,0.0,0,5,2,5.0,0,0.5,2.5,,,71.0,206.0,24.0693125,1.0,Oregon,2014.0,2014.0,PHI,86,,0.10869565
2015,9,00-0030990,J.Huff,WR,PHI,DAL,0,0,0.0,0,0.0,0.0,0.0,0,0.0,0,4,2,10.0,0,1.0,3.0,,,71.0,206.0,24.0693125,1.0,Oregon,2014.0,2014.0,PHI,86,,0.11111111
2015,10,00-0030990,J.Huff,WR,PHI,MIA,0,0,0.0,0,0.0,0.0,0.0,0,0.0,0,4,3,23.0,1,8.3,11.3,,,71.0,206.0,24.0693125,1.0,Oregon,2014.0,2014.0,PHI,86,-1.0,0.083333336
2015,11,00-0030990,J.Huff,WR,PHI,TB,0,0,0.0,0,0.0,0.0,0.0,0,0.0,0,1,1,39.0,1,9.9,10.9,,,71.0,206.0,24.0693125,1.0,Oregon,2014.0,2014.0,PHI,86,-28.0,0.024390243
2015,12,00-0030990,J.Huff,WR,PHI,DET,0,0,0.0,0,0.0,0.0,0.0,0,0.0,0,1,1,11.0,0,1.1,2.1,,,71.0,206.0,24.0693125,1.0,Oregon,2014.0,2014.0,PHI,86,,0.037037037
2015,14,00-0030990,J.Huff,WR,PHI,BUF,0,0,0.0,0,0.0,0.0,0.0,0,0.0,0,3,2,28.0,0,2.8,4.8,,,71.0,206.0,24.0693125,1.0,Oregon,2014.0,2014.0,PHI,86,3.0,0.08108108
2015,15,00-0030990,J.Huff,WR,PHI,ARI,0,0,0.0,0,0.0,0.0,0.0,0,0.0,0,4,4,52.0,0,5.2,9.2,,,71.0,206.0,24.0693125,1.0,Oregon,2014.0,2014.0,PHI,86,-23.0,0.09756097
2015,16,00-0030990,J.Huff,WR,PHI,WAS,0,0,0.0,0,0.0,0.0,0.0,0,0.0,0,2,1,8.0,0,0.8,1.8,,,71.0,206.0,24.0693125,1.0,Oregon,2014.0,2014.0,PHI,86,-14.0,0.036363635
2015,17,00-0030990,J.Huff,WR,PHI,NYG,0,0,0.0,0,0.0,0.0,0.0,0,0.0,0,2,0,0.0,0,0.0,0.0,,,71.0,206.0,24.0693125,1.0,Oregon,2014.0,2014.0,PHI,86,,0.05263158
2015,1,00-0030992,C.Gillmore,TE,BAL,DEN,0,0,0.0,0,0.0,0.0,0.0,0,0.0,0,4,2,23.0,0,2.3,4.3,,,78.0,270.0,,1.0,Colorado State,2014.0,2014.0,BLT,99,,0.125
2015,2,00-0030992,C.Gillmore,TE,BAL,LV,0,0,0.0,0,0.0,0.0,0.0,0,0.0,0,6,5,88.0,2,20.8,25.8,,,78.0,270.0,,1.0,Colorado State,2014.0,2014.0,BLT,99,,0.13333334
2015,3,00-0030992,C.Gillmore,TE,BAL,CIN,0,0,0.0,0,0.0,0.0,0.0,0,0.0,0,3,3,40.0,0,4.0,7.0,,,78.0,270.0,,1.0,Colorado State,2014.0,2014.0,BLT,99,-4.0,0.0625
2015,6,00-0030992,C.Gillmore,TE,BAL,SF,0,0,0.0,0,0.0,0.0,0.0,0,0.0,0,6,3,30.0,0,3.0,6.0,,,78.0,270.0,,1.0,Colorado State,2014.0,2014.0,BLT,99,,0.115384616
2015,7,00-0030992,C.Gillmore,TE,BAL,ARI,0,0,0.0,0,0.0,0.0,0.0,0,0.0,0,7,5,53.0,0,5.3,10.3,,,78.0,270.0,,1.0,Colorado State,2014.0,2014.0,BLT,99,,0.17948718
2015,8,00-0030992,C.Gillmore,TE,BAL,LAC,0,0,0.0,0,0.0,0.0,0.0,0,0.0,0,4,2,8.0,1,6.8,8.8,,,78.0,270.0,,1.0,Colorado State,2014.0,2014.0,BLT,99,3.0,0.10810811
2015,10,00-0030992,C.Gillmore,TE,BAL,JAX,0,0,0.0,0,0.0,0.0,0.0,0,0.0,0,4,4,42.0,1,10.2,14.2,,,78.0,270.0,,1.0,Colorado State,2014.0,2014.0,BLT,99,-2.0,0.08888889
2015,11,00-0030992,C.Gillmore,TE,BAL,LA,0,0,0.0,0,0.0,0.0,0.0,0,0.0,0,8,5,101.0,0,10.1,15.1,,,78.0,270.0,,1.0,Colorado State,2014.0,2014.0,BLT,99,3.0,0.18604651
2015,12,00-0030992,C.Gillmore,TE,BAL,CLE,0,0,0.0,0,0.0,0.0,0.0,0,0.0,0,4,3,20.0,0,2.0,5.0,,,78.0,270.0,,1.0,Colorado State,2014.0,2014.0,BLT,99,,0.11764706
2015,13,00-0030992,C.Gillmore,TE,BAL,MIA,0,0,0.0,0,0.0,0.0,0.0,0,0.0,0,1,1,7.0,0,0.7,1.7,,,78.0,270.0,,1.0,Colorado State,2014.0,2014.0,BLT,99,,0.02173913
2015,3,00-0031001,J.Janis,WR,GB,KC,0,0,0.0,0,0.0,0.0,0.0,0,0.0,0,1,0,0.0,0,0.0,0.0,,,75.0,219.0,24.3965,1.0,Saginaw Valley State,2014.0,2014.0,GB,236,10.0,0.028571429
2015,6,00-0031001,J.Janis,WR,GB,LAC,0,0,0.0,0,0.0,0.0,0.0,0,0.0,0,4,2,79.0,0,7.9,9.9,,,75.0,219.0,24.3965,1.0,Saginaw Valley State,2014.0,2014.0,GB,236,7.0,0.13793103
2015,11,00-0031001,J.Janis,WR,GB,MIN,0,0,0.0,0,0.0,0.0,0.0,0,0.0,0,2,0,0.0,0,0.0,0.0,,,75.0,219.0,24.3965,1.0,Saginaw Valley State,2014.0,2014.0,GB,236,,0.05882353
2015,13,00-0031001,J.Janis,WR,GB,DET,0,0,0.0,0,0.0,0.0,0.0,0,0.0,0,1,0,0.0,0,0.0,0.0,,,75.0,219.0,24.3965,1.0,Saginaw Valley State,2014.0,2014.0,GB,236,,0.028571429
2015,15,00-0031001,J.Janis,WR,GB,LV,0,0,0.0,0,0.0,0.0,0.0,0,0.0,0,4,0,0.0,0,0.0,0.0,,,75.0,219.0,24.3965,1.0,Saginaw Valley State,2014.0,2014.0,GB,236,,0.10526316
2015,19,00-0031001,J.Janis,WR,GB,ARI,0,0,0.0,0,0.0,0.0,0.0,0,0.0,0,11,7,145.0,2,26.5,33.5,,,75.0,219.0,24.3965,1.0,Saginaw Valley State,2014.0,2014.0,GB,236,,0.26190478
2015,10,00-0031021,J.Abbrederis,WR,GB,DET,0,0,0.0,0,0.0,0.0,0.0,0,0.0,0,7,4,57.0,0,5.7,9.7,,,73.0,195.0,24.945,1.0,Wisconsin,2014.0,2014.0,GB,176,-2.0,0.11666667
2015,13,00-0031021,J.Abbrederis,WR,GB,DET,0,0,0.0,0,0.0,0.0,0.0,0,0.0,0,3,1,16.0,0,1.6,2.6,,,73.0,195.0,24.945,1.0,Wisconsin,2014.0,2014.0,GB,176,,0.08571429
2015,14,00-0031021,J.Abbrederis,WR,GB,DAL,0,0,0.0,0,0.0,0.0,0.0,0,0.0,0,1,0,0.0,0,0.0,0.0,,,73.0,195.0,24.945,1.0,Wisconsin,2014.0,2014.0,GB,176,21.0,0.030303031
2015,15,00-0031021,J.Abbrederis,WR,GB,LV,0,0,0.0,0,0.0,0.0,0.0,0,0.0,0,3,3,33.0,0,3.3,6.3,,,73.0,195.0,24.945,1.0,Wisconsin,2014.0,2014.0,GB,176,,0.078947365
2015,16,00-0031021,J.Abbrederis,WR,GB,ARI,0,0,0.0,0,0.0,0.0,0.0,0,0.0,0,2,1,5.0,0,0.5,1.5,,,73.0,195.0,24.945,1.0,Wisconsin,2014.0,2014.0,GB,176,,0.06896552
2015,18,00-0031021,J.Abbrederis,WR,GB,WAS,0,0,0.0,0,0.0,0.0,0.0,0,0.0,0,4,2,14.0,0,3.4,5.4,,,73.0,195.0,24.945,1.0,Wisconsin,2014.0,2014.0,GB,176,,0.11764706
2015,19,00-0031021,J.Abbrederis,WR,GB,ARI,0,0,0.0,0,0.0,0.0,0.0,0,0.0,0,12,4,55.0,0,5.5,9.5,,,73.0,195.0,24.945,1.0,Wisconsin,2014.0,2014.0,GB,176,,0.2857143
2015,2,00-0031023,Q.Enunwa,WR,NYJ,IND,0,0,0.0,0,0.0,0.0,0.0,0,0.0,0,3,1,27.0,0,2.7,3.7,,,74.0,225.0,23.44825,1.0,Nebraska,2014.0,2014.0,NYJ,209,,0.0882353
2015,3,00-0031023,Q.Enunwa,WR,NYJ,PHI,0,0,0.0,0,0.0,0.0,0.0,0,0.0,0,10,5,50.0,0,5.0,10.0,,,74.0,225.0,23.44825,1.0,Nebraska,2014.0,2014.0,NYJ,209,-7.0,0.1724138
2015,4,00-0031023,Q.Enunwa,WR,NYJ,MIA,0,0,0.0,0,0.0,0.0,0.0,0,0.0,0,1,0,0.0,0,0.0,0.0,,,74.0,225.0,23.44825,1.0,Nebraska,2014.0,2014.0,NYJ,209,,0.03448276
2015,6,00-0031023,Q.Enunwa,WR,NYJ,WAS,0,0,0.0,0,0.0,0.0,0.0,0,0.0,0,3,2,17.0,0,1.7,3.7,,,74.0,225.0,23.44825,1.0,Nebraska,2014.0,2014.0,NYJ,209,14.0,0.115384616
2015,11,00-0031023,Q.Enunwa,WR,NYJ,HOU,0,0,0.0,0,0.0,0.0,0.0,0,0.0,0,4,2,22.0,0,2.2,4.2,,,74.0,225.0,23.44825,1.0,Nebraska,2014.0,2014.0,NYJ,209,,0.102564104
2015,12,00-0031023,Q.Enunwa,WR,NYJ,MIA,0,0,0.0,0,0.0,0.0,0.0,0,0.0,0,6,2,29.0,0,2.9,4.9,,,74.0,225.0,23.44825,1.0,Nebraska,2014.0,2014.0,NYJ,209,18.0,0.16216215
2015,13,00-0031023,Q.Enunwa,WR,NYJ,NYG,0,0,0.0,0,0.0,0.0,0.0,0,0.0,0,4,2,37.0,0,3.7,5.7,,,74.0,225.0,23.44825,1.0,Nebraska,2014.0,2014.0,NYJ,209,,0.08
2015,14,00-0031023,Q.Enunwa,WR,NYJ,TEN,0,0,0.0,0,0.0,0.0,0.0,0,0.0,0,3,1,10.0,0,1.0,2.0,,,74.0,225.0,23.44825,1.0,Nebraska,2014.0,2014.0,NYJ,209,22.0,0.083333336
2015,15,00-0031023,Q.Enunwa,WR,NYJ,DAL,0,0,0.0,0,0.0,0.0,0.0,0,0.0,0,4,4,49.0,0,4.9,8.9,,,74.0,225.0,23.44825,1.0,Nebraska,2014.0,2014.0,NYJ,209,,0.102564104
2015,16,00-0031023,Q.Enunwa,WR,NYJ,NE,0,0,0.0,0,0.0,0.0,0.0,0,0.0,0,4,2,69.0,0,6.9,8.9,,,74.0,225.0,23.44825,1.0,Nebraska,2014.0,2014.0,NYJ,209,6.0,0.1
2015,17,00-0031023,Q.Enunwa,WR,NYJ,BUF,0,0,0.0,0,0.0,0.0,0.0,0,0.0,0,4,1,5.0,0,0.5,1.5,,,74.0,225.0,23.44825,1.0,Nebraska,2014.0,2014.0,NYJ,209,,0.11111111
2015,1,00-0031025,M.Campanaro,WR,BAL,DEN,0,0,0.0,0,0.0,0.0,0.0,0,0.0,0,2,1,8.0,0,0.8,1.8,,,69.0,185.0,,1.0,Wake Forest,2014.0,2014.0,BLT,218,,0.0625
2015,3,00-0031025,M.Campanaro,WR,BAL,CIN,0,0,0.0,0,0.0,0.0,0.0,1,8.0,0,2,2,11.0,0,1.9,3.9,,,69.0,185.0,,1.0,Wake Forest,2014.0,2014.0,BLT,218,-4.0,0.041666668
2015,4,00-0031025,M.Campanaro,WR,BAL,PIT,0,0,0.0,0,0.0,0.0,0.0,1,9.0,1,2,2,16.0,0,8.5,10.5,,,69.0,185.0,,1.0,Wake Forest,2014.0,2014.0,BLT,218,,0.060606062
2015,6,00-0031044,T.Niklas,TE,ARI,PIT,0,0,0.0,0,0.0,0.0,0.0,0,0.0,0,1,1,13.0,0,1.3,2.3,,,78.0,270.0,,1.0,Notre Dame,2014.0,2014.0,ARZ,52,,0.022727273
2015,8,00-0031044,T.Niklas,TE,ARI,CLE,0,0,0.0,0,0.0,0.0,0.0,0,0.0,0,2,2,12.0,2,13.2,15.2,,,78.0,270.0,,1.0,Notre Dame,2014.0,2014.0,ARZ,52,,0.054054055
2015,17,00-0031044,T.Niklas,TE,ARI,SEA,0,0,0.0,0,0.0,0.0,0.0,0,0.0,0,1,1,8.0,0,0.8,1.8,,,78.0,270.0,,1.0,Notre Dame,2014.0,2014.0,ARZ,52,-30.0,0.023255814
2015,1,00-0031045,C.Hyde,RB,SF,MIN,0,0,0.0,0,0.0,0.0,0.0,26,168.0,2,2,2,14.0,0,30.2,32.2,,,72.0,235.0,25.08983333333333,1.0,Ohio State,2014.0,2014.0,SF,57,17.0,0.07692308
2015,2,00-0031045,C.Hyde,RB,SF,PIT,0,0,0.0,0,0.0,0.0,0.0,13,43.0,0,4,4,18.0,0,6.1,10.1,,,72.0,235.0,25.08983333333333,1.0,Ohio State,2014.0,2014.0,SF,57,,0.08695652
2015,3,00-0031045,C.Hyde,RB,SF,ARI,0,0,0.0,0,0.0,0.0,0.0,15,51.0,0,1,1,10.0,0,6.1,7.1,,,72.0,235.0,25.08983333333333,1.0,Ohio State,2014.0,2014.0,SF,57,,0.05263158
2015,4,00-0031045,C.Hyde,RB,SF,GB,0,0,0.0,0,0.0,0.0,0.0,8,20.0,0,1,1,2.0,0,2.2,3.2,,,72.0,235.0,25.08983333333333,1.0,Ohio State,2014.0,2014.0,SF,57,-14.0,0.04
2015,5,00-0031045,C.Hyde,RB,SF,NYG,0,0,0.0,0,0.0,0.0,0.0,21,93.0,1,5,1,4.0,0,15.7,16.7,,,72.0,235.0,25.08983333333333,1.0,Ohio State,2014.0,2014.0,SF,57,,0.14285715
2015,6,00-0031045,C.Hyde,RB,SF,BAL,0,0,0.0,0,0.0,0.0,0.0,21,55.0,0,2,2,5.0,0,6.0,8.0,,,72.0,235.0,25.08983333333333,1.0,Ohio State,2014.0,2014.0,SF,57,5.0,0.074074075
2015,7,00-0031045,C.Hyde,RB,SF,SEA,0,0,0.0,0,0.0,0.0,0.0,11,40.0,0,0,0,0.0,0,4.0,4.0,,,72.0,235.0,25.08983333333333,1.0,Ohio State,2014.0,2014.0,SF,57,-17.0,
2015,1,00-0031051,J.Brown,WR,ARI,NO,0,0,0.0,0,0.0,0.0,0.0,0,0.0,0,7,4,46.0,1,10.6,14.6,,,71.0,179.0,,1.0,Pittsburg State,2014.0,2014.0,ARZ,91,12.0,0.21875
2015,2,00-0031051,J.Brown,WR,ARI,CHI,0,0,0.0,0,0.0,0.0,0.0,0,0.0,0,5,5,45.0,0,4.5,9.5,,,71.0,179.0,,1.0,Pittsburg State,2014.0,2014.0,ARZ,91,,0.2173913
2015,3,00-0031051,J.Brown,WR,ARI,SF,0,0,0.0,0,0.0,0.0,0.0,0,0.0,0,5,3,62.0,0,6.2,9.2,,,71.0,179.0,,1.0,Pittsburg State,2014.0,2014.0,ARZ,91,40.0,0.16129032
2015,4,00-0031051,J.Brown,WR,ARI,LA,0,0,0.0,0,0.0,0.0,0.0,1,13.0,0,10,7,75.0,0,8.8,15.8,,,71.0,179.0,,1.0,Pittsburg State,2014.0,2014.0,ARZ,91,-2.0,0.22222222
2015,5,00-0031051,J.Brown,WR,ARI,DET,0,0,0.0,0,0.0,0.0,0.0,0,0.0,0,4,4,73.0,1,13.3,17.3,,,71.0,179.0,,1.0,Pittsburg State,2014.0,2014.0,ARZ,91,,0.22222222
2015,6,00-0031051,J.Brown,WR,ARI,PIT,0,0,0.0,0,0.0,0.0,0.0,0,0.0,0,14,10,196.0,0,17.6,27.6,,,71.0,179.0,,1.0,Pittsburg State,2014.0,2014.0,ARZ,91,,0.3181818
2015,7,00-0031051,J.Brown,WR,ARI,BAL,0,0,0.0,0,0.0,0.0,0.0,0,0.0,0,6,4,65.0,1,12.5,16.5,,,71.0,179.0,,1.0,Pittsburg State,2014.0,2014.0,ARZ,91,8.0,0.21428572
2015,10,00-0031051,J.Brown,WR,ARI,SEA,0,0,0.0,0,0.0,0.0,0.0,0,0.0,0,3,0,0.0,0,0.0,0.0,,,71.0,179.0,,1.0,Pittsburg State,2014.0,2014.0,ARZ,91,,0.06666667
2015,11,00-0031051,J.Brown,WR,ARI,CIN,0,0,0.0,0,0.0,0.0,0.0,2,9.0,0,3,3,43.0,1,11.2,14.2,,,71.0,179.0,,1.0,Pittsburg State,2014.0,2014.0,ARZ,91,3.0,0.1
2015,12,00-0031051,J.Brown,WR,ARI,SF,0,0,0.0,0,0.0,0.0,0.0,0,0.0,0,7,5,99.0,0,9.9,14.9,,,71.0,179.0,,1.0,Pittsburg State,2014.0,2014.0,ARZ,91,,0.175
2015,13,00-0031051,J.Brown,WR,ARI,LA,0,0,0.0,0,0.0,0.0,0.0,0,0.0,0,8,6,113.0,0,11.3,17.3,,,71.0,179.0,,1.0,Pittsburg State,2014.0,2014.0,ARZ,91,,0.2
2015,14,00-0031051,J.Brown,WR,ARI,MIN,0,0,0.0,0,0.0,0.0,0.0,0,0.0,0,5,4,78.0,1,13.8,17.8,,,71.0,179.0,,1.0,Pittsburg State,2014.0,2014.0,ARZ,91,3.0,0.14285715
2015,15,00-0031051,J.Brown,WR,ARI,PHI,0,0,0.0,0,0.0,0.0,0.0,0,0.0,0,9,3,38.0,1,9.8,12.8,,,71.0,179.0,,1.0,Pittsburg State,2014.0,2014.0,ARZ,91,,0.28125
2015,16,00-0031051,J.Brown,WR,ARI,GB,0,0,0.0,0,0.0,0.0,0.0,0,0.0,0,4,3,25.0,1,8.5,11.5,,,71.0,179.0,,1.0,Pittsburg State,2014.0,2014.0,ARZ,91,30.0,0.14814815
2015,17,00-0031051,J.Brown,WR,ARI,SEA,0,0,0.0,0,0.0,0.0,0.0,0,0.0,0,11,4,45.0,0,4.5,8.5,,,71.0,179.0,,1.0,Pittsburg State,2014.0,2014.0,ARZ,91,-30.0,0.25581396
2015,19,00-0031051,J.Brown,WR,ARI,GB,0,0,0.0,0,0.0,0.0,0.0,1,2.0,0,9,5,82.0,0,8.4,13.4,,,71.0,179.0,,1.0,Pittsburg State,2014.0,2014.0,ARZ,91,6.0,0.2195122
2015,20,00-0031051,J.Brown,WR,ARI,CAR,0,0,0.0,0,0.0,0.0,0.0,0,0.0,0,8,2,23.0,0,2.3,4.3,,,71.0,179.0,,1.0,Pittsburg State,2014.0,2014.0,ARZ,91,,0.19512194
2015,1,00-0031055,A.Williams,RB,NYG,DAL,0,0,0.0,0,0.0,0.0,0.0,6,14.0,0,0,0,0.0,0,1.4,1.4,,,71.0,230.0,23.1925,1.0,Boston College,2014.0,2014.0,NYG,113,,
2015,2,00-0031055,A.Williams,RB,NYG,ATL,0,0,0.0,0,0.0,0.0,0.0,6,43.0,0,0,0,0.0,0,4.3,4.3,,,71.0,230.0,23.1925,1.0,Boston College,2014.0,2014.0,NYG,113,-4.0,
2015,3,00-0031055,A.Williams,RB,NYG,WAS,0,0,0.0,0,0.0,0.0,0.0,14,29.0,1,0,0,0.0,0,8.9,8.9,,,71.0,230.0,23.1925,1.0,Boston College,2014.0,2014.0,NYG,113,11.0,
2015,4,00-0031055,A.Williams,RB,NYG,BUF,0,0,0.0,0,0.0,0.0,0.0,11,35.0,0,1,0,0.0,0,5.5,5.5,,,71.0,230.0,23.1925,1.0,Boston College,2014.0,2014.0,NYG,113,,0.028571429
2015,5,00-0031055,A.Williams,RB,NYG,SF,0,0,0.0,0,0.0,0.0,0.0,3,0.0,0,0,0,0.0,0,0.0,0.0,,,71.0,230.0,23.1925,1.0,Boston College,2014.0,2014.0,NYG,113,3.0,
2015,6,00-0031055,A.Williams,RB,NYG,PHI,0,0,0.0,0,0.0,0.0,0.0,5,6.0,0,0,0,0.0,0,0.6,0.6,,,71.0,230.0,23.1925,1.0,Boston College,2014.0,2014.0,NYG,113,,
2015,7,00-0031055,A.Williams,RB,NYG,DAL,0,0,0.0,0,0.0,0.0,0.0,4,13.0,0,0,0,0.0,0,1.3,1.3,,,71.0,230.0,23.1925,1.0,Boston College,2014.0,2014.0,NYG,113,7.0,
2015,8,00-0031055,A.Williams,RB,NYG,NO,0,0,0.0,0,0.0,0.0,0.0,5,7.0,0,0,0,0.0,0,0.7,0.7,,,71.0,230.0,23.1925,1.0,Boston College,2014.0,2014.0,NYG,113,,
2015,9,00-0031055,A.Williams,RB,NYG,TB,0,0,0.0,0,0.0,0.0,0.0,7,30.0,0,1,1,7.0,0,3.7,4.7,,,71.0,230.0,23.1925,1.0,Boston College,2014.0,2014.0,NYG,113,,0.025
2015,10,00-0031055,A.Williams,RB,NYG,NE,0,0,0.0,0,0.0,0.0,0.0,2,2.0,0,0,0,0.0,0,0.2,0.2,,,71.0,230.0,23.1925,1.0,Boston College,2014.0,2014.0,NYG,113,-1.0,
2015,12,00-0031055,A.Williams,RB,NYG,WAS,0,0,0.0,0,0.0,0.0,0.0,2,1.0,0,0,0,0.0,0,0.1,0.1,,,71.0,230.0,23.1925,1.0,Boston College,2014.0,2014.0,NYG,113,,
2015,13,00-0031055,A.Williams,RB,NYG,NYJ,0,0,0.0,0,0.0,0.0,0.0,6,22.0,0,1,0,0.0,0,2.2,2.2,,,71.0,230.0,23.1925,1.0,Boston College,2014.0,2014.0,NYG,113,-3.0,0.029411765
2015,14,00-0031055,A.Williams,RB,NYG,MIA,0,0,0.0,0,0.0,0.0,0.0,3,3.0,0,0,0,0.0,0,0.3,0.3,,,71.0,230.0,23.1925,1.0,Boston College,2014.0,2014.0,NYG,113,,
2015,15,00-0031055,A.Williams,RB,NYG,CAR,0,0,0.0,0,0.0,0.0,0.0,6,21.0,0,0,0,0.0,0,2.1,2.1,,,71.0,230.0,23.1925,1.0,Boston College,2014.0,2014.0,NYG,113,-3.0,
2015,16,00-0031055,A.Williams,RB,NYG,MIN,0,0,0.0,0,0.0,0.0,0.0,3,5.0,0,0,0,0.0,0,0.5,0.5,,,71.0,230.0,23.1925,1.0,Boston College,2014.0,2014.0,NYG,113,,
2015,17,00-0031055,A.Williams,RB,NYG,PHI,0,0,0.0,0,0.0,0.0,0.0,5,26.0,0,0,0,0.0,0,2.6,2.6,,,71.0,230.0,23.1925,1.0,Boston College,2014.0,2014.0,NYG,113,-5.0,
2015,9,00-0031057,K.Carey,RB,CHI,LAC,0,0,0.0,0,0.0,0.0,0.0,7,28.0,0,0,0,0.0,0,2.8,2.8,,,70.0,210.0,23.024625,1.0,Arizona,2014.0,2014.0,CHI,117,,
2015,10,00-0031057,K.Carey,RB,CHI,LA,0,0,0.0,0,0.0,0.0,0.0,14,56.0,0,0,0,0.0,0,3.6,3.6,,,70.0,210.0,23.024625,1.0,Arizona,2014.0,2014.0,CHI,117,,
2015,11,00-0031057,K.Carey,RB,CHI,DEN,0,0,0.0,0,0.0,0.0,0.0,9,32.0,0,0,0,0.0,0,3.2,3.2,,,70.0,210.0,23.024625,1.0,Arizona,2014.0,2014.0,CHI,117,-2.0,
2015,13,00-0031057,K.Carey,RB,CHI,SF,0,0,0.0,0,0.0,0.0,0.0,5,17.0,1,0,0,0.0,0,7.7,7.7,,,70.0,210.0,23.024625,1.0,Arizona,2014.0,2014.0,CHI,117,-6.0,
2015,15,00-0031057,K.Carey,RB,CHI,MIN,0,0,0.0,0,0.0,0.0,0.0,0,0.0,0,2,2,18.0,0,1.8,3.8,,,70.0,210.0,23.024625,1.0,Arizona,2014.0,2014.0,CHI,117,,0.055555556
2015,16,00-0031057,K.Carey,RB,CHI,TB,0,0,0.0,0,0.0,0.0,0.0,7,16.0,1,1,1,1.0,1,13.7,14.7,,,70.0,210.0,23.024625,1.0,Arizona,2014.0,2014.0,CHI,117,,0.037037037
2015,17,00-0031057,K.Carey,RB,CHI,DET,0,0,0.0,0,0.0,0.0,0.0,1,10.0,0,0,0,0.0,0,1.0,1.0,,,70.0,210.0,23.024625,1.0,Arizona,2014.0,2014.0,CHI,117,-4.0,
2015,1,00-0031060,D.Thomas,WR,KC,HOU,0,0,0.0,0,0.0,0.0,0.0,1,9.0,0,2,1,2.0,0,1.1,2.1,,,68.0,176.0,22.828533333333333,1.0,Oregon,2014.0,2014.0,KC,124,,0.06451613
2015,2,00-0031060,D.Thomas,WR,KC,DEN,0,0,0.0,0,0.0,0.0,0.0,0,0.0,0,4,2,20.0,0,2.0,4.0,,,68.0,176.0,22.828533333333333,1.0,Oregon,2014.0,2014.0,KC,124,-7.0,0.16
2015,3,00-0031060,D.Thomas,WR,KC,GB,0,0,0.0,0,0.0,0.0,0.0,1,-7.0,0,2,2,12.0,0,0.5,2.5,,,68.0,176.0,22.828533333333333,1.0,Oregon,2014.0,2014.0,KC,124,,0.05
2015,4,00-0031060,D.Thomas,WR,KC,CIN,0,0,0.0,0,0.0,0.0,0.0,2,-4.0,0,1,1,11.0,0,0.7,1.7,,,68.0,176.0,22.828533333333333,1.0,Oregon,2014.0,2014.0,KC,124,,0.023255814
2015,5,00-0031060,D.Thomas,WR,KC,CHI,0,0,0.0,0,0.0,0.0,0.0,1,5.0,0,3,2,24.0,1,8.9,10.9,,,68.0,176.0,22.828533333333333,1.0,Oregon,2014.0,2014.0,KC,124,-1.0,0.1
2015,6,00-0031060,D.Thomas,WR,KC,MIN,0,0,0.0,0,0.0,0.0,0.0,1,1.0,0,1,0,0.0,0,0.1,0.1,,,68.0,176.0,22.828533333333333,1.0,Oregon,2014.0,2014.0,KC,124,,0.027027028
2015,7,00-0031060,D.Thomas,WR,KC,PIT,0,0,0.0,0,0.0,0.0,0.0,1,13.0,0,3,2,12.0,0,2.5,4.5,,,68.0,176.0,22.828533333333333,1.0,Oregon,2014.0,2014.0,KC,124,10.0,0.09677419
2015,8,00-0031060,D.Thomas,WR,KC,DET,0,0,0.0,0,0.0,0.0,0.0,1,10.0,1,3,3,22.0,0,9.2,12.2,,,68.0,176.0,22.828533333333333,1.0,Oregon,2014.0,2014.0,KC,124,35.0,0.10714286
2015,10,00-0031060,D.Thomas,WR,KC,DEN,0,0,0.0,0,0.0,0.0,0.0,0,0.0,0,5,4,37.0,0,3.7,7.7,,,68.0,176.0,22.828533333333333,1.0,Oregon,2014.0,2014.0,KC,124,,0.16129032
2015,11,00-0031060,D.Thomas,WR,KC,LAC,0,0,0.0,0,0.0,0.0,0.0,1,7.0,0,0,0,0.0,0,0.7,0.7,,,68.0,176.0,22.828533333333333,1.0,Oregon,2014.0,2014.0,KC,124,,
2015,3,00-0031062,J.White,RB,NE,JAX,0,0,0.0,0,0.0,0.0,0.0,2,8.0,0,4,4,26.0,0,3.4,7.4,,,70.0,205.0,23.788555555555558,1.0,Wisconsin,2014.0,2014.0,NE,130,34.0,0.09756097
2015,6,00-0031062,J.White,RB,NE,IND,0,0,0.0,0,0.0,0.0,0.0,0,0.0,0,1,0,0.0,0,0.0,0.0,,,70.0,205.0,23.788555555555558,1.0,Wisconsin,2014.0,2014.0,NE,130,,0.027027028
2015,7,00-0031062,J.White,RB,NE,NYJ,0,0,0.0,0,0.0,0.0,0.0,2,4.0,0,5,3,26.0,0,3.0,6.0,,,70.0,205.0,23.788555555555558,1.0,Wisconsin,2014.0,2014.0,NE,130,7.0,0.09259259
2015,8,00-0031062,J.White,RB,NE,MIA,0,0,0.0,0,0.0,0.0,0.0,3,3.0,0,0,0,0.0,0,0.3,0.3,,,70.0,205.0,23.788555555555558,1.0,Wisconsin,2014.0,2014.0,NE,130,29.0,
2015,10,00-0031062,J.White,RB,NE,NYG,0,0,0.0,0,0.0,0.0,0.0,1,5.0,0,1,1,6.0,0,1.1,2.1,,,70.0,205.0,23.788555555555558,1.0,Wisconsin,2014.0,2014.0,NE,130,,0.024390243
2015,11,00-0031062,J.White,RB,NE,BUF,0,0,0.0,0,0.0,0.0,0.0,2,14.0,1,3,2,32.0,1,16.6,18.6,,,70.0,205.0,23.788555555555558,1.0,Wisconsin,2014.0,2014.0,NE,130,7.0,0.078947365
2015,12,00-0031062,J.White,RB,NE,DEN,0,0,0.0,0,0.0,0.0,0.0,3,1.0,0,5,2,5.0,0,0.6,2.6,,,70.0,205.0,23.788555555555558,1.0,Wisconsin,2014.0,2014.0,NE,130,,0.11904762
2015,13,00-0031062,J.White,RB,NE,PHI,0,0,0.0,0,0.0,0.0,0.0,2,4.0,0,13,10,115.0,1,17.9,27.9,,,70.0,205.0,23.788555555555558,1.0,Wisconsin,2014.0,2014.0,NE,130,-7.0,0.23214285
2015,14,00-0031062,J.White,RB,NE,HOU,0,0,0.0,0,0.0,0.0,0.0,1,2.0,1,6,4,38.0,0,10.0,14.0,,,70.0,205.0,23.788555555555558,1.0,Wisconsin,2014.0,2014.0,NE,130,,0.2
2015,15,00-0031062,J.White,RB,NE,TEN,0,0,0.0,0,0.0,0.0,0.0,1,6.0,0,8,7,71.0,1,13.7,20.7,,,70.0,205.0,23.788555555555558,1.0,Wisconsin,2014.0,2014.0,NE,130,17.0,0.23529412
2015,16,00-0031062,J.White,RB,NE,NYJ,0,0,0.0,0,0.0,0.0,0.0,2,4.0,0,5,5,28.0,1,9.2,14.2,,,70.0,205.0,23.788555555555558,1.0,Wisconsin,2014.0,2014.0,NE,130,,0.16129032
2015,17,00-0031062,J.White,RB,NE,MIA,0,0,0.0,0,0.0,0.0,0.0,3,5.0,0,3,2,63.0,0,6.8,8.8,,,70.0,205.0,23.788555555555558,1.0,Wisconsin,2014.0,2014.0,NE,130,,0.12
2015,19,00-0031062,J.White,RB,NE,KC,0,0,0.0,0,0.0,0.0,0.0,1,5.0,0,3,2,39.0,0,4.4,6.4,,,70.0,205.0,23.788555555555558,1.0,Wisconsin,2014.0,2014.0,NE,130,7.0,0.07317073
2015,20,00-0031062,J.White,RB,NE,DEN,0,0,0.0,0,0.0,0.0,0.0,5,11.0,0,16,5,45.0,0,5.6,10.6,,,70.0,205.0,23.788555555555558,1.0,Wisconsin,2014.0,2014.0,NE,130,,0.2857143
2015,2,00-0031066,L.Taliaferro,RB,BAL,LV,0,0,0.0,0,0.0,0.0,0.0,7,34.0,1,3,3,12.0,0,10.6,13.6,,,72.0,225.0,,1.0,Coastal Carolina,2014.0,2014.0,BLT,138,,0.06666667
2015,3,00-0031066,L.Taliaferro,RB,BAL,CIN,0,0,0.0,0,0.0,0.0,0.0,3,0.0,0,1,1,6.0,0,0.6,1.6,,,72.0,225.0,,1.0,Coastal Carolina,2014.0,2014.0,BLT,138,-4.0,0.020833334
2015,4,00-0031066,L.Taliaferro,RB,BAL,PIT,0,0,0.0,0,0.0,0.0,0.0,3,13.0,0,1,1,11.0,0,2.4,3.4,,,72.0,225.0,,1.0,Coastal Carolina,2014.0,2014.0,BLT,138,,0.030303031
2015,1,00-0031068,R.Grant,WR,WAS,MIA,0,0,0.0,0,0.0,0.0,0.0,0,0.0,0,2,1,15.0,0,1.5,2.5,,,72.0,193.0,24.897823529411763,1.0,Tulane,2014.0,2014.0,WAS,142,-7.0,0.06451613
2015,2,00-0031068,R.Grant,WR,WAS,LA,0,0,0.0,0,0.0,0.0,0.0,0,0.0,0,6,3,45.0,0,4.5,7.5,,,72.0,193.0,24.897823529411763,1.0,Tulane,2014.0,2014.0,WAS,142,14.0,0.22222222
2015,3,00-0031068,R.Grant,WR,WAS,NYG,0,0,0.0,0,0.0,0.0,0.0,0,0.0,0,5,2,9.0,0,0.9,2.9,,,72.0,193.0,24.897823529411763,1.0,Tulane,2014.0,2014.0,WAS,142,,0.10204082
2015,4,00-0031068,R.Grant,WR,WAS,PHI,0,0,0.0,0,0.0,0.0,0.0,0,0.0,0,7,5,45.0,0,4.5,9.5,,,72.0,193.0,24.897823529411763,1.0,Tulane,2014.0,2014.0,WAS,142,3.0,0.1521739
2015,5,00-0031068,R.Grant,WR,WAS,ATL,0,0,0.0,0,0.0,0.0,0.0,0,0.0,0,4,1,4.0,0,0.4,1.4,,,72.0,193.0,24.897823529411763,1.0,Tulane,2014.0,2014.0,WAS,142,,0.125
2015,6,00-0031068,R.Grant,WR,WAS,NYJ,0,0,0.0,0,0.0,0.0,0.0,0,0.0,0,4,2,22.0,0,2.2,4.2,,,72.0,193.0,24.897823529411763,1.0,Tulane,2014.0,2014.0,WAS,142,,0.09090909
2015,7,00-0031068,R.Grant,WR,WAS,TB,0,0,0.0,0,0.0,0.0,0.0,0,0.0,0,3,3,54.0,1,11.4,14.4,,,72.0,193.0,24.897823529411763,1.0,Tulane,2014.0,2014.0,WAS,142,1.0,0.075
2015,12,00-0031068,R.Grant,WR,WAS,NYG,0,0,0.0,0,0.0,0.0,0.0,0,0.0,0,1,1,19.0,0,1.9,2.9,,,72.0,193.0,24.897823529411763,1.0,Tulane,2014.0,2014.0,WAS,142,6.0,0.03448276
2015,14,00-0031068,R.Grant,WR,WAS,CHI,0,0,0.0,0,0.0,0.0,0.0,0,0.0,0,1,0,0.0,0,0.0,0.0,,,72.0,193.0,24.897823529411763,1.0,Tulane,2014.0,2014.0,WAS,142,,0.032258064
2015,15,00-0031068,R.Grant,WR,WAS,BUF,0,0,0.0,0,0.0,0.0,0.0,0,0.0,0,2,1,13.0,0,1.3,2.3,,,72.0,193.0,24.897823529411763,1.0,Tulane,2014.0,2014.0,WAS,142,10.0,0.071428575
2015,16,00-0031068,R.Grant,WR,WAS,PHI,0,0,0.0,0,0.0,0.0,0.0,0,0.0,0,3,1,24.0,0,2.4,3.4,,,72.0,193.0,24.897823529411763,1.0,Tulane,2014.0,2014.0,WAS,142,,0.06521739
2015,17,00-0031068,R.Grant,WR,WAS,DAL,0,0,0.0,0,0.0,0.0,0.0,0,0.0,0,4,3,18.0,1,7.8,10.8,,,72.0,193.0,24.897823529411763,1.0,Tulane,2014.0,2014.0,WAS,142,,0.15384616
2015,18,00-0031068,R.Grant,WR,WAS,GB,0,0,0.0,0,0.0,0.0,0.0,0,0.0,0,2,0,0.0,0,0.0,0.0,,,72.0,193.0,24.897823529411763,1.0,Tulane,2014.0,2014.0,WAS,142,-17.0,0.04347826
2015,1,00-0031075,A.Blue,RB,HOU,KC,0,0,0.0,0,0.0,0.0,0.0,9,42.0,0,2,1,7.0,0,4.9,5.9,,,74.0,223.0,,1.0,LSU,2014.0,2014.0,HST,181,-7.0,0.04347826
2015,2,00-0031075,A.Blue,RB,HOU,CAR,0,0,0.0,0,0.0,0.0,0.0,5,6.0,0,1,1,4.0,0,1.0,2.0,,,74.0,223.0,,1.0,LSU,2014.0,2014.0,HST,181,,0.01754386
2015,3,00-0031075,A.Blue,RB,HOU,TB,0,0,0.0,0,0.0,0.0,0.0,31,139.0,1,0,0,0.0,0,19.9,19.9,,,74.0,223.0,,1.0,LSU,2014.0,2014.0,HST,181,10.0,
2015,4,00-0031075,A.Blue,RB,HOU,ATL,0,0,0.0,0,0.0,0.0,0.0,6,17.0,0,0,0,0.0,0,1.7,1.7,,,74.0,223.0,,1.0,LSU,2014.0,2014.0,HST,181,,
2015,5,00-0031075,A.Blue,RB,HOU,IND,0,0,0.0,0,0.0,0.0,0.0,6,22.0,0,1,1,11.0,0,3.3,4.3,,,74.0,223.0,,1.0,LSU,2014.0,2014.0,HST,181,-7.0,0.024390243
2015,7,00-0031075,A.Blue,RB,HOU,MIA,0,0,0.0,0,0.0,0.0,0.0,3,8.0,0,0,0,0.0,0,0.8,0.8,,,74.0,223.0,,1.0,LSU,2014.0,2014.0,HST,181,,
2015,8,00-0031075,A.Blue,RB,HOU,TEN,0,0,0.0,0,0.0,0.0,0.0,14,39.0,0,5,5,33.0,0,7.2,12.2,,,74.0,223.0,,1.0,LSU,2014.0,2014.0,HST,181,14.0,0.14705883
2015,10,00-0031075,A.Blue,RB,HOU,CIN,0,0,0.0,0,0.0,0.0,0.0,12,22.0,0,1,1,9.0,0,3.1,4.1,,,74.0,223.0,,1.0,LSU,2014.0,2014.0,HST,181,,0.030303031
2015,11,00-0031075,A.Blue,RB,HOU,NYJ,0,0,0.0,0,0.0,0.0,0.0,21,58.0,0,3,3,34.0,1,15.2,18.2,,,74.0,223.0,,1.0,LSU,2014.0,2014.0,HST,181,7.0,0.0882353
2015,12,00-0031075,A.Blue,RB,HOU,NO,0,0,0.0,0,0.0,0.0,0.0,16,77.0,1,1,1,4.0,0,14.1,15.1,,,74.0,223.0,,1.0,LSU,2014.0,2014.0,HST,181,18.0,0.037037037
2015,13,00-0031075,A.Blue,RB,HOU,BUF,0,0,0.0,0,0.0,0.0,0.0,4,14.0,0,0,0,0.0,0,1.4,1.4,,,74.0,223.0,,1.0,LSU,2014.0,2014.0,HST,181,,
2015,15,00-0031075,A.Blue,RB,HOU,IND,0,0,0.0,0,0.0,0.0,0.0,20,107.0,0,0,0,0.0,0,8.7,8.7,,,74.0,223.0,,1.0,LSU,2014.0,2014.0,HST,181,,
2015,16,00-0031075,A.Blue,RB,HOU,TEN,0,0,0.0,0,0.0,0.0,0.0,15,45.0,0,1,1,5.0,0,5.0,6.0,,,74.0,223.0,,1.0,LSU,2014.0,2014.0,HST,181,,0.03846154
2015,17,00-0031075,A.Blue,RB,HOU,JAX,0,0,0.0,0,0.0,0.0,0.0,21,102.0,0,1,1,2.0,0,10.4,11.4,,,74.0,223.0,,1.0,LSU,2014.0,2014.0,HST,181,24.0,0.024390243
2015,18,00-0031075,A.Blue,RB,HOU,KC,0,0,0.0,0,0.0,0.0,0.0,17,99.0,0,1,0,0.0,0,9.9,9.9,,,74.0,223.0,,1.0,LSU,2014.0,2014.0,HST,181,-30.0,0.029411765
2015,2,00-0031085,J.Prosch,RB,HOU,CAR,0,0,0.0,0,0.0,0.0,0.0,1,4.0,0,0,0,0.0,0,0.4,0.4,,,73.0,256.0,,1.0,Auburn,2014.0,2014.0,HST,211,,
2015,3,00-0031085,J.Prosch,RB,HOU,TB,0,0,0.0,0,0.0,0.0,0.0,3,24.0,0,1,0,0.0,0,2.4,2.4,,,73.0,256.0,,1.0,Auburn,2014.0,2014.0,HST,211,10.0,0.025641026
2015,11,00-0031085,J.Prosch,RB,HOU,NYJ,0,0,0.0,0,0.0,0.0,0.0,1,3.0,0,0,0,0.0,0,0.3,0.3,,,73.0,256.0,,1.0,Auburn,2014.0,2014.0,HST,211,7.0,
2015,15,00-0031085,J.Prosch,RB,HOU,IND,0,0,0.0,0,0.0,0.0,0.0,1,2.0,0,0,0,0.0,0,0.2,0.2,,,73.0,256.0,,1.0,Auburn,2014.0,2014.0,HST,211,,
2015,18,00-0031085,J.Prosch,RB,HOU,KC,0,0,0.0,0,0.0,0.0,0.0,1,2.0,0,0,0,0.0,0,0.2,0.2,,,73.0,256.0,,1.0,Auburn,2014.0,2014.0,HST,211,-30.0,
2015,1,00-0031118,C.Brown,WR,CAR,JAX,0,0,0.0,0,0.0,0.0,0.0,0,0.0,0,3,2,13.0,0,1.3,3.3,,,71.0,185.0,23.934052631578947,1.0,Ohio State,2014.0,2014.0,,,,0.09677419
2015,2,00-0031118,C.Brown,WR,CAR,HOU,0,0,0.0,0,0.0,0.0,0.0,0,0.0,0,4,3,57.0,1,11.7,14.7,,,71.0,185.0,23.934052631578947,1.0,Ohio State,2014.0,2014.0,,,7.0,0.10810811
2015,3,00-0031118,C.Brown,WR,CAR,NO,0,0,0.0,0,0.0,0.0,0.0,1,12.0,0,0,0,0.0,0,1.2,1.2,,,71.0,185.0,23.934052631578947,1.0,Ohio State,2014.0,2014.0,,,5.0,
2015,4,00-0031118,C.Brown,WR,CAR,TB,0,0,0.0,0,0.0,0.0,0.0,0,0.0,0,3,1,3.0,0,0.3,1.3,,,71.0,185.0,23.934052631578947,1.0,Ohio State,2014.0,2014.0,,,,0.13636364
2015,6,00-0031118,C.Brown,WR,CAR,SEA,0,0,0.0,0,0.0,0.0,0.0,2,15.0,0,3,2,22.0,0,3.7,5.7,,,71.0,185.0,23.934052631578947,1.0,Ohio State,2014.0,2014.0,,,,0.08571429
2015,7,00-0031118,C.Brown,WR,CAR,PHI,0,0,0.0,0,0.0,0.0,0.0,0,0.0,0,5,3,38.0,0,3.8,6.8,,,71.0,185.0,23.934052631578947,1.0,Ohio State,2014.0,2014.0,,,11.0,0.20833333
2015,8,00-0031118,C.Brown,WR,CAR,IND,0,0,0.0,0,0.0,0.0,0.0,1,14.0,0,5,3,42.0,1,11.6,14.6,,,71.0,185.0,23.934052631578947,1.0,Ohio State,2014.0,2014.0,,,3.0,0.14285715
2015,9,00-0031118,C.Brown,WR,CAR,GB,0,0,0.0,0,0.0,0.0,0.0,1,-12.0,0,4,2,50.0,1,9.8,11.8,,,71.0,185.0,23.934052631578947,1.0,Ohio State,2014.0,2014.0,,,8.0,0.13793103
2015,10,00-0031118,C.Brown,WR,CAR,TEN,0,0,0.0,0,0.0,0.0,0.0,0,0.0,0,1,1,8.0,0,0.8,1.8,,,71.0,185.0,23.934052631578947,1.0,Ohio State,2014.0,2014.0,,,,0.04
2015,13,00-0031118,C.Brown,WR,CAR,NO,0,0,0.0,0,0.0,0.0,0.0,0,0.0,0,4,2,7.0,0,0.7,2.7,,,71.0,185.0,23.934052631578947,1.0,Ohio State,2014.0,2014.0,,,,0.09756097
2015,14,00-0031118,C.Brown,WR,CAR,ATL,0,0,0.0,0,0.0,0.0,0.0,1,9.0,0,6,3,59.0,0,6.8,9.8,,,71.0,185.0,23.934052631578947,1.0,Ohio State,2014.0,2014.0,,,38.0,0.23076923
2015,15,00-0031118,C.Brown,WR,CAR,NYG,0,0,0.0,0,0.0,0.0,0.0,0,0.0,0,4,3,51.0,1,11.1,14.1,,,71.0,185.0,23.934052631578947,1.0,Ohio State,2014.0,2014.0,,,,0.093023255
2015,16,00-0031118,C.Brown,WR,CAR,ATL,0,0,0.0,0,0.0,0.0,0.0,0,0.0,0,6,3,39.0,0,3.9,6.9,,,71.0,185.0,23.934052631578947,1.0,Ohio State,2014.0,2014.0,,,,0.21428572
2015,17,00-0031118,C.Brown,WR,CAR,TB,0,0,0.0,0,0.0,0.0,0.0,0,0.0,0,6,3,58.0,0,5.8,8.8,,,71.0,185.0,23.934052631578947,1.0,Ohio State,2014.0,2014.0,,,28.0,0.23076923
2015,19,00-0031118,C.Brown,WR,CAR,SEA,0,0,0.0,0,0.0,0.0,0.0,0,0.0,0,5,2,22.0,0,2.2,4.2,,,71.0,185.0,23.934052631578947,1.0,Ohio State,2014.0,2014.0,,,7.0,0.22727273
2015,20,00-0031118,C.Brown,WR,CAR,ARI,0,0,0.0,0,0.0,0.0,0.0,0,0.0,0,7,4,113.0,1,17.3,21.3,,,71.0,185.0,23.934052631578947,1.0,Ohio State,2014.0,2014.0,,,34.0,0.25
2015,21,00-0031118,C.Brown,WR,CAR,DEN,0,0,0.0,0,0.0,0.0,0.0,0,0.0,0,7,4,80.0,0,8.0,12.0,,,71.0,185.0,23.934052631578947,1.0,Ohio State,2014.0,2014.0,,,,0.175
2015,1,00-0031166,S.Roberts,WR,LV,CIN,0,0,0.0,0,0.0,0.0,0.0,0,0.0,0,6,3,12.0,0,1.2,4.2,,,74.0,195.0,24.712125,1.0,West Alabama,2014.0,2014.0,,,,0.13953489
2015,2,00-0031166,S.Roberts,WR,LV,BAL,0,0,0.0,0,0.0,0.0,0.0,0,0.0,0,1,1,12.0,1,7.2,8.2,,,74.0,195.0,24.712125,1.0,West Alabama,2014.0,2014.0,,,,0.02173913
2015,3,00-0031166,S.Roberts,WR,LV,CLE,0,0,0.0,0,0.0,0.0,0.0,0,0.0,0,5,3,56.0,1,11.6,14.6,,,74.0,195.0,24.712125,1.0,West Alabama,2014.0,2014.0,,,,0.15625
2015,4,00-0031166,S.Roberts,WR,LV,CHI,0,0,0.0,0,0.0,0.0,0.0,0,0.0,0,2,0,0.0,0,0.0,0.0,,,74.0,195.0,24.712125,1.0,West Alabama,2014.0,2014.0,,,,0.060606062
2015,5,00-0031166,S.Roberts,WR,LV,DEN,0,0,0.0,0,0.0,0.0,0.0,0,0.0,0,2,0,0.0,0,0.0,0.0,,,74.0,195.0,24.712125,1.0,West Alabama,2014.0,2014.0,,,,0.051282052
2015,7,00-0031166,S.Roberts,WR,LV,LAC,0,0,0.0,0,0.0,0.0,0.0,0,0.0,0,2,1,6.0,0,0.6,1.6,,,74.0,195.0,24.712125,1.0,West Alabama,2014.0,2014.0,,,,0.06451613
2015,8,00-0031166,S.Roberts,WR,LV,NYJ,0,0,0.0,0,0.0,0.0,0.0,0,0.0,0,1,1,21.0,0,2.1,3.1,,,74.0,195.0,24.712125,1.0,West Alabama,2014.0,2014.0,,,,0.027777778
2015,9,00-0031166,S.Roberts,WR,LV,PIT,0,0,0.0,0,0.0,0.0,0.0,0,0.0,0,4,3,73.0,0,7.3,10.3,,,74.0,195.0,24.712125,1.0,West Alabama,2014.0,2014.0,,,,0.09090909
2015,10,00-0031166,S.Roberts,WR,LV,MIN,0,0,0.0,0,0.0,0.0,0.0,0,0.0,0,4,1,5.0,0,0.5,1.5,,,74.0,195.0,24.712125,1.0,West Alabama,2014.0,2014.0,,,,0.09756097
2015,11,00-0031166,S.Roberts,WR,LV,DET,0,0,0.0,0,0.0,0.0,0.0,0,0.0,0,2,2,54.0,0,5.4,7.4,,,74.0,195.0,24.712125,1.0,West Alabama,2014.0,2014.0,,,,0.08
2015,12,00-0031166,S.Roberts,WR,LV,TEN,0,0,0.0,0,0.0,0.0,0.0,0,0.0,0,7,6,113.0,2,23.3,29.3,,,74.0,195.0,24.712125,1.0,West Alabama,2014.0,2014.0,,,,0.18421052
2015,13,00-0031166,S.Roberts,WR,LV,KC,0,0,0.0,0,0.0,0.0,0.0,0,0.0,0,5,4,51.0,0,5.1,9.1,,,74.0,195.0,24.712125,1.0,West Alabama,2014.0,2014.0,,,,0.104166664
2015,14,00-0031166,S.Roberts,WR,LV,DEN,0,0,0.0,0,0.0,0.0,0.0,0,0.0,0,4,2,20.0,1,8.0,10.0,,,74.0,195.0,24.712125,1.0,West Alabama,2014.0,2014.0,,,,0.13793103
2015,15,00-0031166,S.Roberts,WR,LV,GB,0,0,0.0,0,0.0,0.0,0.0,0,0.0,0,1,0,0.0,0,0.0,0.0,,,74.0,195.0,24.712125,1.0,West Alabama,2014.0,2014.0,,,,0.021276595
2015,16,00-0031166,S.Roberts,WR,LV,LAC,0,0,0.0,0,0.0,0.0,0.0,0,0.0,0,6,2,37.0,0,5.7,7.7,,,74.0,195.0,24.712125,1.0,West Alabama,2014.0,2014.0,,,,0.16216215
2015,17,00-0031166,S.Roberts,WR,LV,KC,0,0,0.0,0,0.0,0.0,0.0,0,0.0,0,3,3,20.0,0,2.0,5.0,,,74.0,195.0,24.712125,1.0,West Alabama,2014.0,2014.0,,,,0.09375
2015,14,00-0031167,S.Simonson,TE,CAR,ATL,0,0,0.0,0,0.0,0.0,0.0,0,0.0,0,1,1,10.0,0,1.0,2.0,,,77.0,250.0,23.661357142857145,1.0,Assumption,2014.0,2014.0,,,38.0,0.03846154
2015,5,00-0031189,T.Jones,WR,DET,ARI,0,0,0.0,0,0.0,0.0,0.0,0,0.0,0,3,1,11.0,0,1.1,2.1,,,72.0,190.0,23.3038125,1.0,Notre Dame,2014.0,2014.0,DET,189,-25.0,0.04411765
2015,6,00-0031189,T.Jones,WR,DET,CHI,0,0,0.0,0,0.0,0.0,0.0,1,-3.0,0,0,0,0.0,0,-0.3,-0.3,,,72.0,190.0,23.3038125,1.0,Notre Dame,2014.0,2014.0,DET,189,3.0,
2015,13,00-0031189,T.Jones,WR,DET,GB,0,0,0.0,0,0.0,0.0,0.0,0,0.0,0,3,2,37.0,0,3.7,5.7,,,72.0,190.0,23.3038125,1.0,Notre Dame,2014.0,2014.0,DET,189,-4.0,0.0882353
2015,14,00-0031189,T.Jones,WR,DET,LA,0,0,0.0,0,0.0,0.0,0.0,0,0.0,0,8,4,33.0,0,3.3,7.3,,,72.0,190.0,23.3038125,1.0,Notre Dame,2014.0,2014.0,DET,189,,0.17777778
2015,15,00-0031189,T.Jones,WR,DET,NO,0,0,0.0,0,0.0,0.0,0.0,0,0.0,0,2,2,22.0,0,2.2,4.2,,,72.0,190.0,23.3038125,1.0,Notre Dame,2014.0,2014.0,DET,189,,0.08
2015,16,00-0031189,T.Jones,WR,DET,SF,0,0,0.0,0,0.0,0.0,0.0,0,0.0,0,1,1,29.0,1,8.9,9.9,,,72.0,190.0,23.3038125,1.0,Notre Dame,2014.0,2014.0,DET,189,15.0,0.027027028
2015,17,00-0031189,T.Jones,WR,DET,CHI,0,0,0.0,0,0.0,0.0,0.0,0,0.0,0,1,0,0.0,0,0.0,0.0,,,72.0,190.0,23.3038125,1.0,Notre Dame,2014.0,2014.0,DET,189,,0.025641026
2015,17,00-0031203,C.Santos,K,KC,LV,1,1,3.0,0,0.0,0.0,-0.0,0,0.0,0,0,0,0.0,0,0.12,0.12,,,68.0,160.0,24.00872222222222,1.0,Tulane,2014.0,2014.0,,,6.0,
2015,1,00-0031228,T.Gabriel,WR,CLE,NYJ,0,0,0.0,0,0.0,0.0,0.0,0,0.0,0,4,2,20.0,0,2.0,4.0,,,68.0,167.0,,1.0,Abilene Christian,2014.0,2014.0,,,,0.125
2015,2,00-0031228,T.Gabriel,WR,CLE,TEN,0,0,0.0,0,0.0,0.0,0.0,0,0.0,0,1,1,-3.0,0,-0.3,0.7,,,68.0,167.0,,1.0,Abilene Christian,2014.0,2014.0,,,14.0,0.06666667
2015,3,00-0031228,T.Gabriel,WR,CLE,LV,0,0,0.0,0,0.0,0.0,0.0,0,0.0,0,5,3,28.0,0,2.8,5.8,,,68.0,167.0,,1.0,Abilene Christian,2014.0,2014.0,,,-7.0,0.10204082
2015,4,00-0031228,T.Gabriel,WR,CLE,LAC,0,0,0.0,0,0.0,0.0,0.0,0,0.0,0,5,4,22.0,0,4.2,8.2,,,68.0,167.0,,1.0,Abilene Christian,2014.0,2014.0,,,,0.125
2015,5,00-0031228,T.Gabriel,WR,CLE,BAL,0,0,0.0,0,0.0,0.0,0.0,0,0.0,0,5,4,75.0,0,7.5,11.5,,,68.0,167.0,,1.0,Abilene Christian,2014.0,2014.0,,,,0.09803922
2015,6,00-0031228,T.Gabriel,WR,CLE,DEN,0,0,0.0,0,0.0,0.0,0.0,0,0.0,0,2,1,5.0,0,0.5,1.5,,,68.0,167.0,,1.0,Abilene Christian,2014.0,2014.0,,,-3.0,0.051282052
2015,7,00-0031228,T.Gabriel,WR,CLE,LA,0,0,0.0,0,0.0,0.0,0.0,0,0.0,0,4,4,15.0,0,-0.5,3.5,,,68.0,167.0,,1.0,Abilene Christian,2014.0,2014.0,,,,0.11111111
2015,8,00-0031228,T.Gabriel,WR,CLE,ARI,0,0,0.0,0,0.0,0.0,0.0,0,0.0,0,7,4,32.0,0,3.2,7.2,,,68.0,167.0,,1.0,Abilene Christian,2014.0,2014.0,,,-14.0,0.175
2015,9,00-0031228,T.Gabriel,WR,CLE,CIN,0,0,0.0,0,0.0,0.0,0.0,0,0.0,0,6,1,3.0,0,0.3,1.3,,,68.0,167.0,,1.0,Abilene Christian,2014.0,2014.0,,,,0.18181819
2015,10,00-0031228,T.Gabriel,WR,CLE,PIT,0,0,0.0,0,0.0,0.0,0.0,0,0.0,0,3,2,26.0,0,2.6,4.6,,,68.0,167.0,,1.0,Abilene Christian,2014.0,2014.0,,,,0.06666667
2015,15,00-0031228,T.Gabriel,WR,CLE,SEA,0,0,0.0,0,0.0,0.0,0.0,0,0.0,0,4,2,18.0,0,1.8,3.8,,,68.0,167.0,,1.0,Abilene Christian,2014.0,2014.0,,,,0.12903225
2015,16,00-0031228,T.Gabriel,WR,CLE,KC,0,0,0.0,0,0.0,0.0,0.0,0,0.0,0,2,0,0.0,0,0.0,0.0,,,68.0,167.0,,1.0,Abilene Christian,2014.0,2014.0,,,,0.06896552
2015,1,00-0031235,O.Beckham,WR,NYG,DAL,0,0,0.0,0,0.0,0.0,0.0,0,0.0,0,8,5,44.0,0,4.4,9.4,,,71.0,198.0,22.994466666666664,1.0,Louisiana State,2014.0,2014.0,NYG,12,,0.24242425
2015,2,00-0031235,O.Beckham,WR,NYG,ATL,0,0,0.0,0,0.0,0.0,0.0,0,0.0,0,12,7,146.0,1,20.6,27.6,,,71.0,198.0,22.994466666666664,1.0,Louisiana State,2014.0,2014.0,NYG,12,-4.0,0.3
2015,3,00-0031235,O.Beckham,WR,NYG,WAS,0,0,0.0,0,0.0,0.0,0.0,0,0.0,0,9,7,79.0,1,13.9,20.9,,,71.0,198.0,22.994466666666664,1.0,Louisiana State,2014.0,2014.0,NYG,12,11.0,0.28125
2015,4,00-0031235,O.Beckham,WR,NYG,BUF,0,0,0.0,0,0.0,0.0,0.0,0,0.0,0,12,5,38.0,0,3.8,8.8,,,71.0,198.0,22.994466666666664,1.0,Louisiana State,2014.0,2014.0,NYG,12,,0.34285715
2015,5,00-0031235,O.Beckham,WR,NYG,SF,0,0,0.0,0,0.0,0.0,0.0,1,3.0,0,11,7,121.0,1,18.4,25.4,,,71.0,198.0,22.994466666666664,1.0,Louisiana State,2014.0,2014.0,NYG,12,3.0,0.20754717
2015,6,00-0031235,O.Beckham,WR,NYG,PHI,0,0,0.0,0,0.0,0.0,0.0,0,0.0,0,8,7,61.0,1,12.1,19.1,,,71.0,198.0,22.994466666666664,1.0,Louisiana State,2014.0,2014.0,NYG,12,,0.22222222
2015,7,00-0031235,O.Beckham,WR,NYG,DAL,0,0,0.0,0,0.0,0.0,0.0,0,0.0,0,6,4,35.0,0,3.5,7.5,,,71.0,198.0,22.994466666666664,1.0,Louisiana State,2014.0,2014.0,NYG,12,7.0,0.25
2015,8,00-0031235,O.Beckham,WR,NYG,NO,0,0,0.0,0,0.0,0.0,0.0,0,0.0,0,9,8,130.0,3,31.0,39.0,,,71.0,198.0,22.994466666666664,1.0,Louisiana State,2014.0,2014.0,NYG,12,,0.2195122
2015,9,00-0031235,O.Beckham,WR,NYG,TB,0,0,0.0,0,0.0,0.0,0.0,0,0.0,0,17,9,105.0,0,10.5,19.5,,,71.0,198.0,22.994466666666664,1.0,Louisiana State,2014.0,2014.0,NYG,12,,0.425
2015,10,00-0031235,O.Beckham,WR,NYG,NE,0,0,0.0,0,0.0,0.0,0.0,0,0.0,0,12,4,104.0,1,16.4,20.4,,,71.0,198.0,22.994466666666664,1.0,Louisiana State,2014.0,2014.0,NYG,12,-1.0,0.27272728
2015,12,00-0031235,O.Beckham,WR,NYG,WAS,0,0,0.0,0,0.0,0.0,0.0,0,0.0,0,18,9,142.0,1,20.2,29.2,,,71.0,198.0,22.994466666666664,1.0,Louisiana State,2014.0,2014.0,NYG,12,,0.3529412
2015,13,00-0031235,O.Beckham,WR,NYG,NYJ,0,0,0.0,0,0.0,0.0,0.0,0,0.0,0,11,6,149.0,1,20.9,26.9,,,71.0,198.0,22.994466666666664,1.0,Louisiana State,2014.0,2014.0,NYG,12,-3.0,0.32352942
2015,14,00-0031235,O.Beckham,WR,NYG,MIA,0,0,0.0,0,0.0,0.0,0.0,0,0.0,0,9,7,166.0,2,28.6,35.6,,,71.0,198.0,22.994466666666664,1.0,Louisiana State,2014.0,2014.0,NYG,12,,0.29032257
2015,15,00-0031235,O.Beckham,WR,NYG,CAR,0,0,0.0,0,0.0,0.0,0.0,0,0.0,0,9,6,76.0,1,13.6,19.6,,,71.0,198.0,22.994466666666664,1.0,Louisiana State,2014.0,2014.0,NYG,12,-3.0,0.2
2015,17,00-0031235,O.Beckham,WR,NYG,PHI,0,0,0.0,0,0.0,0.0,0.0,0,0.0,0,7,5,54.0,0,5.4,10.4,,,71.0,198.0,22.994466666666664,1.0,Louisiana State,2014.0,2014.0,NYG,12,-5.0,0.16666667
2015,1,00-0031236,B.Cooks,WR,NO,ARI,0,0,0.0,0,0.0,0.0,0.0,1,4.0,0,8,4,49.0,0,5.3,9.3,,,70.0,189.0,22.1163125,1.0,Oregon State,2014.0,2014.0,NO,20,,0.16666667
2015,2,00-0031236,B.Cooks,WR,NO,TB,0,0,0.0,0,0.0,0.0,0.0,1,-4.0,0,7,5,62.0,0,5.8,10.8,,,70.0,189.0,22.1163125,1.0,Oregon State,2014.0,2014.0,NO,20,-7.0,0.18421052
2015,3,00-0031236,B.Cooks,WR,NO,CAR,0,0,0.0,0,0.0,0.0,0.0,0,0.0,0,8,7,79.0,0,7.9,14.9,,,70.0,189.0,22.1163125,1.0,Oregon State,2014.0,2014.0,NO,20,,0.21052632
2015,4,00-0031236,B.Cooks,WR,NO,DAL,0,0,0.0,0,0.0,0.0,0.0,0,0.0,0,8,4,25.0,0,2.5,6.5,,,70.0,189.0,22.1163125,1.0,Oregon State,2014.0,2014.0,NO,20,6.0,0.19512194
2015,5,00-0031236,B.Cooks,WR,NO,PHI,0,0,0.0,0,0.0,0.0,0.0,0,0.0,0,9,5,107.0,1,16.7,21.7,,,70.0,189.0,22.1163125,1.0,Oregon State,2014.0,2014.0,NO,20,,0.20930232
2015,6,00-0031236,B.Cooks,WR,NO,ATL,0,0,0.0,0,0.0,0.0,0.0,0,0.0,0,5,4,41.0,0,4.1,8.1,,,70.0,189.0,22.1163125,1.0,Oregon State,2014.0,2014.0,NO,20,10.0,0.12820514
2015,7,00-0031236,B.Cooks,WR,NO,IND,0,0,0.0,0,0.0,0.0,0.0,0,0.0,0,13,6,81.0,0,8.1,14.1,,,70.0,189.0,22.1163125,1.0,Oregon State,2014.0,2014.0,NO,20,,0.29545453
2015,8,00-0031236,B.Cooks,WR,NO,NYG,0,0,0.0,0,0.0,0.0,0.0,1,-3.0,0,8,6,88.0,2,20.5,26.5,,,70.0,189.0,22.1163125,1.0,Oregon State,2014.0,2014.0,NO,20,3.0,0.16
2015,9,00-0031236,B.Cooks,WR,NO,TEN,0,0,0.0,0,0.0,0.0,0.0,0,0.0,0,6,4,71.0,1,13.1,17.1,,,70.0,189.0,22.1163125,1.0,Oregon State,2014.0,2014.0,NO,20,-6.0,0.15384616
2015,10,00-0031236,B.Cooks,WR,NO,WAS,0,0,0.0,0,0.0,0.0,0.0,1,11.0,0,8,5,98.0,2,22.9,27.9,,,70.0,189.0,22.1163125,1.0,Oregon State,2014.0,2014.0,NO,20,,0.2857143
2015,12,00-0031236,B.Cooks,WR,NO,HOU,0,0,0.0,0,0.0,0.0,0.0,0,0.0,0,8,5,35.0,0,3.5,8.5,,,70.0,189.0,22.1163125,1.0,Oregon State,2014.0,2014.0,NO,20,,0.18604651
2015,13,00-0031236,B.Cooks,WR,NO,CAR,0,0,0.0,0,0.0,0.0,0.0,0,0.0,0,10,6,104.0,1,16.4,22.4,,,70.0,189.0,22.1163125,1.0,Oregon State,2014.0,2014.0,NO,20,-3.0,0.24390244
2015,14,00-0031236,B.Cooks,WR,NO,TB,0,0,0.0,0,0.0,0.0,0.0,0,0.0,0,5,3,29.0,0,2.9,5.9,,,70.0,189.0,22.1163125,1.0,Oregon State,2014.0,2014.0,NO,20,,0.12195122
2015,15,00-0031236,B.Cooks,WR,NO,DET,0,0,0.0,0,0.0,0.0,0.0,0,0.0,0,13,10,124.0,1,18.4,28.4,,,70.0,189.0,22.1163125,1.0,Oregon State,2014.0,2014.0,NO,20,-8.0,0.25
2015,16,00-0031236,B.Cooks,WR,NO,JAX,0,0,0.0,0,0.0,0.0,0.0,4,10.0,0,7,5,123.0,1,19.3,24.3,,,70.0,189.0,22.1163125,1.0,Oregon State,2014.0,2014.0,NO,20,11.0,0.2
2015,17,00-0031236,B.Cooks,WR,NO,ATL,0,0,0.0,0,0.0,0.0,0.0,0,0.0,0,6,5,22.0,0,2.2,7.2,,,70.0,189.0,22.1163125,1.0,Oregon State,2014.0,2014.0,NO,20,,0.13953489
2015,1,00-0031237,T.Bridgewater,QB,MIN,SF,23,32,231.0,0,1.0,5.0,54.0,3,16.0,0,0,0,0.0,0,8.84,8.84,,,74.0,215.0,23.006764705882354,1.0,Louisville,2014.0,2014.0,MIN,32,,
2015,2,00-0031237,T.Bridgewater,QB,MIN,DET,14,18,153.0,1,0.0,1.0,2.0,6,21.0,1,0,0,0.0,0,18.22,18.22,,,74.0,215.0,23.006764705882354,1.0,Louisville,2014.0,2014.0,MIN,32,10.0,
2015,3,00-0031237,T.Bridgewater,QB,MIN,LAC,13,24,121.0,0,1.0,0.0,-0.0,1,-1.0,0,0,0,0.0,0,2.74,2.74,,,74.0,215.0,23.006764705882354,1.0,Louisville,2014.0,2014.0,MIN,32,17.0,
2015,4,00-0031237,T.Bridgewater,QB,MIN,DEN,27,41,269.0,1,0.0,7.0,57.0,3,23.0,0,0,0,0.0,0,15.06,15.06,,,74.0,215.0,23.006764705882354,1.0,Louisville,2014.0,2014.0,MIN,32,,
2015,6,00-0031237,T.Bridgewater,QB,MIN,KC,17,31,249.0,1,2.0,2.0,12.0,3,-5.0,0,0,0,0.0,0,9.46,9.46,,,74.0,215.0,23.006764705882354,1.0,Louisville,2014.0,2014.0,MIN,32,6.0,
2015,7,00-0031237,T.Bridgewater,QB,MIN,DET,25,35,316.0,2,0.0,4.0,31.0,3,1.0,0,0,0,0.0,0,18.74,18.74,,,74.0,215.0,23.006764705882354,1.0,Louisville,2014.0,2014.0,MIN,32,,
2015,8,00-0031237,T.Bridgewater,QB,MIN,CHI,17,30,187.0,1,1.0,1.0,7.0,2,21.0,0,0,0,0.0,0,11.58,11.58,,,74.0,215.0,23.006764705882354,1.0,Louisville,2014.0,2014.0,MIN,32,,
2015,9,00-0031237,T.Bridgewater,QB,MIN,LA,13,21,144.0,0,1.0,0.0,-0.0,3,17.0,1,0,0,0.0,0,13.46,13.46,,,74.0,215.0,23.006764705882354,1.0,Louisville,2014.0,2014.0,MIN,32,3.0,
2015,10,00-0031237,T.Bridgewater,QB,MIN,LV,14,22,140.0,1,0.0,4.0,18.0,2,23.0,0,0,0,0.0,0,11.9,11.9,,,74.0,215.0,23.006764705882354,1.0,Louisville,2014.0,2014.0,MIN,32,,
2015,11,00-0031237,T.Bridgewater,QB,MIN,GB,25,37,296.0,1,0.0,6.0,48.0,4,43.0,0,0,0,0.0,0,20.14,20.14,,,74.0,215.0,23.006764705882354,1.0,Louisville,2014.0,2014.0,MIN,32,-17.0,
2015,12,00-0031237,T.Bridgewater,QB,MIN,ATL,20,28,174.0,0,1.0,0.0,-0.0,4,-3.0,0,0,0,0.0,0,4.66,4.66,,,74.0,215.0,23.006764705882354,1.0,Louisville,2014.0,2014.0,MIN,32,,
2015,13,00-0031237,T.Bridgewater,QB,MIN,SEA,17,28,118.0,0,1.0,4.0,24.0,1,2.0,0,0,0,0.0,0,2.92,2.92,,,74.0,215.0,23.006764705882354,1.0,Louisville,2014.0,2014.0,MIN,32,-31.0,
2015,14,00-0031237,T.Bridgewater,QB,MIN,ARI,25,36,335.0,1,0.0,3.0,18.0,1,3.0,0,0,0,0.0,0,15.7,15.7,,,74.0,215.0,23.006764705882354,1.0,Louisville,2014.0,2014.0,MIN,32,,
2015,15,00-0031237,T.Bridgewater,QB,MIN,CHI,17,20,231.0,4,0.0,1.0,10.0,4,17.0,1,0,0,0.0,0,32.94,32.94,,,74.0,215.0,23.006764705882354,1.0,Louisville,2014.0,2014.0,MIN,32,21.0,
2015,16,00-0031237,T.Bridgewater,QB,MIN,NYG,15,25,168.0,1,0.0,3.0,18.0,2,12.0,0,0,0,0.0,0,11.92,11.92,,,74.0,215.0,23.006764705882354,1.0,Louisville,2014.0,2014.0,MIN,32,32.0,
2015,17,00-0031237,T.Bridgewater,QB,MIN,GB,10,19,99.0,0,1.0,3.0,8.0,2,2.0,0,0,0,0.0,0,2.16,2.16,,,74.0,215.0,23.006764705882354,1.0,Louisville,2014.0,2014.0,MIN,32,,
2015,18,00-0031237,T.Bridgewater,QB,MIN,SEA,17,24,146.0,0,0.0,3.0,21.0,3,0.0,0,0,0,0.0,0,5.84,5.84,,,74.0,215.0,23.006764705882354,1.0,Louisville,2014.0,2014.0,MIN,32,-1.0,
2015,10,00-0031257,P.Richardson,WR,SEA,ARI,0,0,0.0,0,0.0,0.0,0.0,0,0.0,0,1,1,40.0,0,4.0,5.0,,,72.0,183.0,23.608333333333334,1.0,Colorado,2014.0,2014.0,SEA,45,-7.0,0.037037037
2015,1,00-0031266,,QB,TEN,TB,0,0,0.0,0,0.0,0.0,0.0,3,-5.0,0,0,0,0.0,0,-0.5,-0.5,,,77.0,224.0,24.3204375,1.0,,2014.0,2014.0,TEN,178,,
2015,6,00-0031266,,QB,TEN,MIA,5,8,63.0,0,0.0,1.0,9.0,1,4.0,0,0,0,0.0,0,2.92,2.92,,,77.0,224.0,24.3204375,1.0,,2014.0,2014.0,TEN,178,-28.0,
2015,7,00-0031266,,QB,TEN,ATL,22,35,187.0,1,2.0,1.0,8.0,1,0.0,0,0,0,0.0,0,7.48,7.48,,,77.0,224.0,24.3204375,1.0,,2014.0,2014.0,TEN,178,-3.0,
2015,8,00-0031266,,QB,TEN,HOU,22,31,171.0,0,1.0,7.0,46.0,0,0.0,0,0,0,0.0,0,2.84,2.84,,,77.0,224.0,24.3204375,1.0,,2014.0,2014.0,TEN,178,,
2015,15,00-0031266,,QB,TEN,NE,20,28,242.0,2,2.0,2.0,19.0,2,5.0,0,0,0,0.0,0,14.18,14.18,,,77.0,224.0,24.3204375,1.0,,2014.0,2014.0,TEN,178,,
2015,16,00-0031266,,QB,TEN,HOU,27,51,234.0,1,1.0,1.0,7.0,0,0.0,0,0,0,0.0,0,9.36,9.36,,,77.0,224.0,24.3204375,1.0,,2014.0,2014.0,TEN,178,-28.0,
2015,17,00-0031266,,QB,TEN,IND,5,13,38.0,0,1.0,1.0,9.0,2,4.0,1,0,0,0.0,0,5.92,5.92,,,77.0,224.0,24.3204375,1.0,,2014.0,2014.0,TEN,178,,
2015,4,00-0031273,C.Brate,TE,TB,CAR,0,0,0.0,0,0.0,0.0,0.0,0,0.0,0,1,1,7.0,0,0.7,1.7,,,77.0,235.0,24.3745,1.0,Harvard,2014.0,2014.0,,,-14.0,0.024390243
2015,7,00-0031273,C.Brate,TE,TB,WAS,0,0,0.0,0,0.0,0.0,0.0,0,0.0,0,1,1,6.0,0,0.6,1.6,,,77.0,235.0,24.3745,1.0,Harvard,2014.0,2014.0,,,,0.03448276
2015,8,00-0031273,C.Brate,TE,TB,ATL,0,0,0.0,0,0.0,0.0,0.0,0,0.0,0,2,2,48.0,1,10.8,12.8,,,77.0,235.0,24.3745,1.0,Harvard,2014.0,2014.0,,,,0.06896552
2015,9,00-0031273,C.Brate,TE,TB,NYG,0,0,0.0,0,0.0,0.0,0.0,0,0.0,0,1,1,17.0,0,1.7,2.7,,,77.0,235.0,24.3745,1.0,Harvard,2014.0,2014.0,,,-14.0,0.027777778
2015,10,00-0031273,C.Brate,TE,TB,DAL,0,0,0.0,0,0.0,0.0,0.0,0,0.0,0,2,1,6.0,0,0.6,1.6,,,77.0,235.0,24.3745,1.0,Harvard,2014.0,2014.0,,,4.0,0.05263158
2015,11,00-0031273,C.Brate,TE,TB,PHI,0,0,0.0,0,0.0,0.0,0.0,0,0.0,0,4,3,47.0,1,10.7,13.7,,,77.0,235.0,24.3745,1.0,Harvard,2014.0,2014.0,,,,0.14285715
2015,12,00-0031273,C.Brate,TE,TB,IND,0,0,0.0,0,0.0,0.0,0.0,0,0.0,0,6,5,53.0,1,11.3,16.3,,,77.0,235.0,24.3745,1.0,Harvard,2014.0,2014.0,,,,0.16666667
2015,13,00-0031273,C.Brate,TE,TB,ATL,0,0,0.0,0,0.0,0.0,0.0,0,0.0,0,2,2,12.0,0,1.2,3.2,,,77.0,235.0,24.3745,1.0,Harvard,2014.0,2014.0,,,4.0,0.074074075
2015,14,00-0031273,C.Brate,TE,TB,NO,0,0,0.0,0,0.0,0.0,0.0,0,0.0,0,3,2,16.0,0,1.6,3.6,,,77.0,235.0,24.3745,1.0,Harvard,2014.0,2014.0,,,-7.0,0.09677419
2015,15,00-0031273,C.Brate,TE,TB,LA,0,0,0.0,0,0.0,0.0,0.0,0,0.0,0,5,3,20.0,0,2.0,5.0,,,77.0,235.0,24.3745,1.0,Harvard,2014.0,2014.0,,,,0.10204082
2015,16,00-0031273,C.Brate,TE,TB,CHI,0,0,0.0,0,0.0,0.0,0.0,0,0.0,0,1,1,46.0,0,4.6,5.6,,,77.0,235.0,24.3745,1.0,Harvard,2014.0,2014.0,,,-5.0,0.035714287
2015,17,00-0031273,C.Brate,TE,TB,CAR,0,0,0.0,0,0.0,0.0,0.0,0,0.0,0,2,1,10.0,0,1.0,2.0,,,77.0,235.0,24.3745,1.0,Harvard,2014.0,2014.0,,,,0.04255319
2015,1,00-0031277,B.Oliver,RB,LAC,DET,0,0,0.0,0,0.0,0.0,0.0,2,4.0,0,1,1,17.0,0,2.1,3.1,,,68.0,208.0,24.420625,1.0,Buffalo,2014.0,2014.0,,,,0.024390243
2015,2,00-0031277,B.Oliver,RB,LAC,CIN,0,0,0.0,0,0.0,0.0,0.0,1,2.0,0,0,0,0.0,0,0.2,0.2,,,68.0,208.0,24.420625,1.0,Buffalo,2014.0,2014.0,,,,
2015,3,00-0031277,B.Oliver,RB,LAC,MIN,0,0,0.0,0,0.0,0.0,0.0,8,26.0,0,1,0,0.0,0,2.6,2.6,,,68.0,208.0,24.420625,1.0,Buffalo,2014.0,2014.0,,,,0.025
2015,6,00-0031277,B.Oliver,RB,LAC,GB,0,0,0.0,0,0.0,0.0,0.0,7,23.0,0,4,4,40.0,0,6.3,10.3,,,68.0,208.0,24.420625,1.0,Buffalo,2014.0,2014.0,,,,0.06153846
2015,7,00-0031277,B.Oliver,RB,LAC,LV,0,0,0.0,0,0.0,0.0,0.0,9,35.0,0,7,6,39.0,0,7.4,13.4,,,68.0,208.0,24.420625,1.0,Buffalo,2014.0,2014.0,,,,0.12727273
2015,8,00-0031277,B.Oliver,RB,LAC,BAL,0,0,0.0,0,0.0,0.0,0.0,4,18.0,0,2,2,16.0,0,3.4,5.4,,,68.0,208.0,24.420625,1.0,Buffalo,2014.0,2014.0,,,,0.055555556
2015,1,00-0031280,D.Carr,QB,LV,CIN,7,12,61.0,0,0.0,0.0,-0.0,1,8.0,0,0,0,0.0,0,3.24,3.24,,,75.0,215.0,24.619125,1.0,Fresno State,2014.0,2014.0,OAK,36,,
2015,2,00-0031280,D.Carr,QB,LV,BAL,30,46,351.0,3,1.0,1.0,-0.0,2,23.0,0,0,0,0.0,0,26.34,26.34,,,75.0,215.0,24.619125,1.0,Fresno State,2014.0,2014.0,OAK,36,,
2015,3,00-0031280,D.Carr,QB,LV,CLE,20,32,314.0,2,0.0,0.0,-0.0,1,-1.0,0,0,0,0.0,0,20.46,20.46,,,75.0,215.0,24.619125,1.0,Fresno State,2014.0,2014.0,OAK,36,,
2015,4,00-0031280,D.Carr,QB,LV,CHI,20,33,196.0,2,1.0,2.0,23.0,1,0.0,0,0,0,0.0,0,11.84,11.84,,,75.0,215.0,24.619125,1.0,Fresno State,2014.0,2014.0,OAK,36,,
2015,5,00-0031280,D.Carr,QB,LV,DEN,26,39,249.0,1,1.0,4.0,26.0,1,-1.0,0,0,0,0.0,0,9.86,9.86,,,75.0,215.0,24.619125,1.0,Fresno State,2014.0,2014.0,OAK,36,,
2015,7,00-0031280,D.Carr,QB,LV,LAC,24,31,289.0,3,0.0,1.0,7.0,2,3.0,0,0,0,0.0,0,23.86,23.86,,,75.0,215.0,24.619125,1.0,Fresno State,2014.0,2014.0,OAK,36,,
2015,8,00-0031280,D.Carr,QB,LV,NYJ,23,36,333.0,4,0.0,0.0,-0.0,2,-2.0,0,0,0,0.0,0,29.12,29.12,,,75.0,215.0,24.619125,1.0,Fresno State,2014.0,2014.0,OAK,36,,
2015,9,00-0031280,D.Carr,QB,LV,PIT,24,44,301.0,4,1.0,0.0,-0.0,2,3.0,0,0,0,0.0,0,26.34,26.34,,,75.0,215.0,24.619125,1.0,Fresno State,2014.0,2014.0,OAK,36,,
2015,10,00-0031280,D.Carr,QB,LV,MIN,29,43,302.0,2,2.0,2.0,15.0,2,12.0,0,0,0,0.0,0,17.28,17.28,,,75.0,215.0,24.619125,1.0,Fresno State,2014.0,2014.0,OAK,36,,
2015,11,00-0031280,D.Carr,QB,LV,DET,13,25,169.0,0,0.0,1.0,5.0,1,8.0,0,0,0,0.0,0,7.56,7.56,,,75.0,215.0,24.619125,1.0,Fresno State,2014.0,2014.0,OAK,36,,
2015,12,00-0031280,D.Carr,QB,LV,TEN,24,37,330.0,3,0.0,1.0,7.0,4,5.0,0,0,0,0.0,0,23.7,23.7,,,75.0,215.0,24.619125,1.0,Fresno State,2014.0,2014.0,OAK,36,,
2015,13,00-0031280,D.Carr,QB,LV,KC,31,48,283.0,2,3.0,4.0,21.0,0,0.0,0,0,0,0.0,0,13.32,13.32,,,75.0,215.0,24.619125,1.0,Fresno State,2014.0,2014.0,OAK,36,,
2015,14,00-0031280,D.Carr,QB,LV,DEN,12,29,135.0,2,0.0,3.0,36.0,4,-4.0,0,0,0,0.0,0,13.0,13.0,,,75.0,215.0,24.619125,1.0,Fresno State,2014.0,2014.0,OAK,36,,
2015,15,00-0031280,D.Carr,QB,LV,GB,23,47,276.0,2,2.0,3.0,24.0,4,42.0,0,0,0,0.0,0,19.24,19.24,,,75.0,215.0,24.619125,1.0,Fresno State,2014.0,2014.0,OAK,36,,
2015,16,00-0031280,D.Carr,QB,LV,LAC,23,38,204.0,1,1.0,3.0,29.0,4,30.0,0,0,0,0.0,0,15.16,15.16,,,75.0,215.0,24.619125,1.0,Fresno State,2014.0,2014.0,OAK,36,,
2015,17,00-0031280,D.Carr,QB,LV,KC,21,33,194.0,1,1.0,6.0,37.0,2,12.0,0,0,0,0.0,0,10.96,10.96,,,75.0,215.0,24.619125,1.0,Fresno State,2014.0,2014.0,OAK,36,,
2015,1,00-0031285,D.Freeman,RB,ATL,PHI,0,0,0.0,0,0.0,0.0,0.0,10,18.0,0,4,3,29.0,0,4.7,7.7,,,68.0,206.0,23.648062499999998,1.0,Florida State,2014.0,2014.0,ATL,103,2.0,0.11764706
2015,2,00-0031285,D.Freeman,RB,ATL,NYG,0,0,0.0,0,0.0,0.0,0.0,12,25.0,1,8,4,34.0,0,11.9,15.9,,,68.0,206.0,23.648062499999998,1.0,Florida State,2014.0,2014.0,ATL,103,,0.17391305
2015,3,00-0031285,D.Freeman,RB,ATL,DAL,0,0,0.0,0,0.0,0.0,0.0,30,141.0,3,5,5,52.0,0,37.3,42.3,,,68.0,206.0,23.648062499999998,1.0,Florida State,2014.0,2014.0,ATL,103,,0.14285715
2015,4,00-0031285,D.Freeman,RB,ATL,HOU,0,0,0.0,0,0.0,0.0,0.0,14,68.0,3,6,5,81.0,0,32.9,37.9,,,68.0,206.0,23.648062499999998,1.0,Florida State,2014.0,2014.0,ATL,103,27.0,0.22222222
2015,5,00-0031285,D.Freeman,RB,ATL,WAS,0,0,0.0,0,0.0,0.0,0.0,27,153.0,1,8,7,44.0,0,25.7,32.7,,,68.0,206.0,23.648062499999998,1.0,Florida State,2014.0,2014.0,ATL,103,6.0,0.1904762
2015,6,00-0031285,D.Freeman,RB,ATL,NO,0,0,0.0,0,0.0,0.0,0.0,13,100.0,1,10,8,56.0,1,27.6,35.6,,,68.0,206.0,23.648062499999998,1.0,Florida State,2014.0,2014.0,ATL,103,,0.23255815
2015,7,00-0031285,D.Freeman,RB,ATL,TEN,0,0,0.0,0,0.0,0.0,0.0,25,116.0,0,3,2,14.0,0,13.0,15.0,,,68.0,206.0,23.648062499999998,1.0,Florida State,2014.0,2014.0,ATL,103,,0.078947365
2015,8,00-0031285,D.Freeman,RB,ATL,TB,0,0,0.0,0,0.0,0.0,0.0,21,88.0,0,8,6,43.0,0,13.1,19.1,,,68.0,206.0,23.648062499999998,1.0,Florida State,2014.0,2014.0,ATL,103,-3.0,0.17777778
2015,9,00-0031285,D.Freeman,RB,ATL,SF,0,0,0.0,0,0.0,0.0,0.0,12,12.0,0,10,8,67.0,1,13.9,21.9,,,68.0,206.0,23.648062499999998,1.0,Florida State,2014.0,2014.0,ATL,103,,0.22222222
2015,11,00-0031285,D.Freeman,RB,ATL,IND,0,0,0.0,0,0.0,0.0,0.0,3,43.0,0,0,0,0.0,0,4.3,4.3,,,68.0,206.0,23.648062499999998,1.0,Florida State,2014.0,2014.0,ATL,103,-3.0,
2015,13,00-0031285,D.Freeman,RB,ATL,TB,0,0,0.0,0,0.0,0.0,0.0,14,47.0,0,11,10,56.0,0,10.3,20.3,,,68.0,206.0,23.648062499999998,1.0,Florida State,2014.0,2014.0,ATL,103,,0.25
2015,14,00-0031285,D.Freeman,RB,ATL,CAR,0,0,0.0,0,0.0,0.0,0.0,12,40.0,0,5,3,22.0,0,4.2,7.2,,,68.0,206.0,23.648062499999998,1.0,Florida State,2014.0,2014.0,ATL,103,,0.12195122
2015,15,00-0031285,D.Freeman,RB,ATL,JAX,0,0,0.0,0,0.0,0.0,0.0,25,56.0,1,10,7,45.0,0,16.1,23.1,,,68.0,206.0,23.648062499999998,1.0,Florida State,2014.0,2014.0,ATL,103,,0.2857143
2015,16,00-0031285,D.Freeman,RB,ATL,CAR,0,0,0.0,0,0.0,0.0,0.0,22,73.0,1,5,3,17.0,0,15.0,18.0,,,68.0,206.0,23.648062499999998,1.0,Florida State,2014.0,2014.0,ATL,103,7.0,0.1724138
2015,17,00-0031285,D.Freeman,RB,ATL,NO,0,0,0.0,0,0.0,0.0,0.0,25,76.0,0,4,2,18.0,1,13.4,15.4,,,68.0,206.0,23.648062499999998,1.0,Florida State,2014.0,2014.0,ATL,103,-3.0,0.11111111
2015,9,00-0031288,A.McCarron,QB,CIN,CLE,0,0,0.0,0,0.0,0.0,0.0,2,-2.0,0,0,0,0.0,0,-0.2,-0.2,,,75.0,210.0,25.16464705882353,1.0,Alabama,2014.0,2014.0,CIN,164,21.0,
2015,12,00-0031288,A.McCarron,QB,CIN,LA,1,1,3.0,0,0.0,0.0,-0.0,0,0.0,0,0,0,0.0,0,0.12,0.12,,,75.0,210.0,25.16464705882353,1.0,Alabama,2014.0,2014.0,CIN,164,24.0,
2015,13,00-0031288,A.McCarron,QB,CIN,CLE,2,3,19.0,0,0.0,0.0,-0.0,0,0.0,0,0,0,0.0,0,0.76,0.76,,,75.0,210.0,25.16464705882353,1.0,Alabama,2014.0,2014.0,CIN,164,,
2015,14,00-0031288,A.McCarron,QB,CIN,PIT,22,32,280.0,2,2.0,3.0,18.0,3,8.0,0,0,0,0.0,0,16.0,16.0,,,75.0,210.0,25.16464705882353,1.0,Alabama,2014.0,2014.0,CIN,164,-13.0,
2015,15,00-0031288,A.McCarron,QB,CIN,SF,15,21,192.0,1,0.0,4.0,18.0,2,2.0,0,0,0,0.0,0,11.88,11.88,,,75.0,210.0,25.16464705882353,1.0,Alabama,2014.0,2014.0,CIN,164,,
2015,16,00-0031288,A.McCarron,QB,CIN,DEN,22,35,200.0,1,0.0,2.0,14.0,4,21.0,0,0,0,0.0,0,12.1,12.1,,,75.0,210.0,25.16464705882353,1.0,Alabama,2014.0,2014.0,CIN,164,,
2015,17,00-0031288,A.McCarron,QB,CIN,BAL,17,27,160.0,2,0.0,3.0,13.0,3,2.0,0,0,0,0.0,0,14.6,14.6,,,75.0,210.0,25.16464705882353,1.0,Alabama,2014.0,2014.0,CIN,164,8.0,
2015,18,00-0031288,A.McCarron,QB,CIN,PIT,23,41,212.0,1,1.0,3.0,24.0,5,9.0,0,0,0,0.0,0,9.38,9.38,,,75.0,210.0,25.16464705882353,1.0,Alabama,2014.0,2014.0,CIN,164,-2.0,
2015,1,00-0031299,J.Matthews,TE,PHI,ATL,0,0,0.0,0,0.0,0.0,0.0,0,0.0,0,13,10,102.0,0,10.2,20.2,,,75.0,212.0,23.313625,1.0,Vanderbilt,2014.0,2014.0,PHI,42,,0.25
2015,2,00-0031299,J.Matthews,TE,PHI,DAL,0,0,0.0,0,0.0,0.0,0.0,0,0.0,0,9,6,80.0,1,14.0,20.0,,,75.0,212.0,23.313625,1.0,Vanderbilt,2014.0,2014.0,PHI,42,-10.0,0.24324325
2015,3,00-0031299,J.Matthews,TE,PHI,NYJ,0,0,0.0,0,0.0,0.0,0.0,0,0.0,0,8,6,49.0,0,4.9,10.9,,,75.0,212.0,23.313625,1.0,Vanderbilt,2014.0,2014.0,PHI,42,,0.2857143
2015,4,00-0031299,J.Matthews,TE,PHI,WAS,0,0,0.0,0,0.0,0.0,0.0,0,0.0,0,8,3,50.0,0,5.0,8.0,,,75.0,212.0,23.313625,1.0,Vanderbilt,2014.0,2014.0,PHI,42,,0.2857143
2015,5,00-0031299,J.Matthews,TE,PHI,NO,0,0,0.0,0,0.0,0.0,0.0,0,0.0,0,7,5,44.0,0,4.4,9.4,,,75.0,212.0,23.313625,1.0,Vanderbilt,2014.0,2014.0,PHI,42,22.0,0.15555556
2015,6,00-0031299,J.Matthews,TE,PHI,NYG,0,0,0.0,0,0.0,0.0,0.0,0,0.0,0,11,6,59.0,0,3.9,9.9,,,75.0,212.0,23.313625,1.0,Vanderbilt,2014.0,2014.0,PHI,42,20.0,0.2972973
2015,7,00-0031299,J.Matthews,TE,PHI,CAR,0,0,0.0,0,0.0,0.0,0.0,0,0.0,0,7,3,14.0,0,1.4,4.4,,,75.0,212.0,23.313625,1.0,Vanderbilt,2014.0,2014.0,PHI,42,,0.1521739
2015,9,00-0031299,J.Matthews,TE,PHI,DAL,0,0,0.0,0,0.0,0.0,0.0,0,0.0,0,12,9,133.0,1,19.3,28.3,,,75.0,212.0,23.313625,1.0,Vanderbilt,2014.0,2014.0,PHI,42,,0.33333334
2015,10,00-0031299,J.Matthews,TE,PHI,MIA,0,0,0.0,0,0.0,0.0,0.0,0,0.0,0,5,3,21.0,0,2.1,5.1,,,75.0,212.0,23.313625,1.0,Vanderbilt,2014.0,2014.0,PHI,42,-1.0,0.104166664
2015,11,00-0031299,J.Matthews,TE,PHI,TB,0,0,0.0,0,0.0,0.0,0.0,0,0.0,0,4,4,13.0,0,1.3,5.3,,,75.0,212.0,23.313625,1.0,Vanderbilt,2014.0,2014.0,PHI,42,-28.0,0.09756097
2015,12,00-0031299,J.Matthews,TE,PHI,DET,0,0,0.0,0,0.0,0.0,0.0,0,0.0,0,5,3,60.0,1,12.0,15.0,,,75.0,212.0,23.313625,1.0,Vanderbilt,2014.0,2014.0,PHI,42,,0.18518518
2015,13,00-0031299,J.Matthews,TE,PHI,NE,0,0,0.0,0,0.0,0.0,0.0,0,0.0,0,6,3,36.0,1,9.6,12.6,,,75.0,212.0,23.313625,1.0,Vanderbilt,2014.0,2014.0,PHI,42,,0.25
2015,14,00-0031299,J.Matthews,TE,PHI,BUF,0,0,0.0,0,0.0,0.0,0.0,0,0.0,0,5,3,19.0,0,1.9,4.9,,,75.0,212.0,23.313625,1.0,Vanderbilt,2014.0,2014.0,PHI,42,3.0,0.13513513
2015,15,00-0031299,J.Matthews,TE,PHI,ARI,0,0,0.0,0,0.0,0.0,0.0,0,0.0,0,11,8,159.0,1,21.9,29.9,,,75.0,212.0,23.313625,1.0,Vanderbilt,2014.0,2014.0,PHI,42,-23.0,0.2682927
2015,16,00-0031299,J.Matthews,TE,PHI,WAS,0,0,0.0,0,0.0,0.0,0.0,0,0.0,0,8,6,104.0,1,16.4,22.4,,,75.0,212.0,23.313625,1.0,Vanderbilt,2014.0,2014.0,PHI,42,-14.0,0.14545454
2015,17,00-0031299,J.Matthews,TE,PHI,NYG,0,0,0.0,0,0.0,0.0,0.0,0,0.0,0,9,7,54.0,2,17.4,24.4,,,75.0,212.0,23.313625,1.0,Vanderbilt,2014.0,2014.0,PHI,42,,0.23684211
2015,1,00-0031301,J.Hill,RB,CIN,LV,0,0,0.0,0,0.0,0.0,0.0,19,63.0,2,0,0,0.0,0,18.3,18.3,,,73.0,235.0,23.062058823529412,1.0,LSU,2014.0,2014.0,CIN,55,,
2015,2,00-0031301,J.Hill,RB,CIN,LAC,0,0,0.0,0,0.0,0.0,0.0,10,39.0,0,1,1,2.0,0,0.1,1.1,,,73.0,235.0,23.062058823529412,1.0,LSU,2014.0,2014.0,CIN,55,5.0,0.041666668
2015,3,00-0031301,J.Hill,RB,CIN,BAL,0,0,0.0,0,0.0,0.0,0.0,12,21.0,0,0,0,0.0,0,2.1,2.1,,,73.0,235.0,23.062058823529412,1.0,LSU,2014.0,2014.0,CIN,55,,
2015,4,00-0031301,J.Hill,RB,CIN,KC,0,0,0.0,0,0.0,0.0,0.0,9,40.0,3,0,0,0.0,0,24.0,24.0,,,73.0,235.0,23.062058823529412,1.0,LSU,2014.0,2014.0,CIN,55,15.0,
2015,5,00-0031301,J.Hill,RB,CIN,SEA,0,0,0.0,0,0.0,0.0,0.0,8,13.0,0,2,1,12.0,0,2.5,3.5,,,73.0,235.0,23.062058823529412,1.0,LSU,2014.0,2014.0,CIN,55,3.0,0.046511628
2015,6,00-0031301,J.Hill,RB,CIN,BUF,0,0,0.0,0,0.0,0.0,0.0,16,56.0,0,1,1,13.0,1,12.9,13.9,,,73.0,235.0,23.062058823529412,1.0,LSU,2014.0,2014.0,CIN,55,,0.030303031
2015,8,00-0031301,J.Hill,RB,CIN,PIT,0,0,0.0,0,0.0,0.0,0.0,15,60.0,0,1,1,8.0,0,6.8,7.8,,,73.0,235.0,23.062058823529412,1.0,LSU,2014.0,2014.0,CIN,55,,0.02631579
2015,9,00-0031301,J.Hill,RB,CIN,CLE,0,0,0.0,0,0.0,0.0,0.0,15,52.0,0,1,1,0.0,0,5.2,6.2,,,73.0,235.0,23.062058823529412,1.0,LSU,2014.0,2014.0,CIN,55,21.0,0.04
2015,10,00-0031301,J.Hill,RB,CIN,HOU,0,0,0.0,0,0.0,0.0,0.0,7,15.0,0,3,3,5.0,0,2.0,5.0,,,73.0,235.0,23.062058823529412,1.0,LSU,2014.0,2014.0,CIN,55,-4.0,0.078947365
2015,11,00-0031301,J.Hill,RB,CIN,ARI,0,0,0.0,0,0.0,0.0,0.0,13,45.0,2,0,0,0.0,0,16.5,16.5,,,73.0,235.0,23.062058823529412,1.0,LSU,2014.0,2014.0,CIN,55,,
2015,12,00-0031301,J.Hill,RB,CIN,LA,0,0,0.0,0,0.0,0.0,0.0,16,86.0,0,1,1,14.0,0,10.0,11.0,,,73.0,235.0,23.062058823529412,1.0,LSU,2014.0,2014.0,CIN,55,24.0,0.035714287
2015,13,00-0031301,J.Hill,RB,CIN,CLE,0,0,0.0,0,0.0,0.0,0.0,22,98.0,1,1,0,0.0,0,15.8,15.8,,,73.0,235.0,23.062058823529412,1.0,LSU,2014.0,2014.0,CIN,55,,0.045454547
2015,14,00-0031301,J.Hill,RB,CIN,PIT,0,0,0.0,0,0.0,0.0,0.0,7,16.0,0,2,2,8.0,0,2.4,4.4,,,73.0,235.0,23.062058823529412,1.0,LSU,2014.0,2014.0,CIN,55,-13.0,0.055555556
2015,15,00-0031301,J.Hill,RB,CIN,SF,0,0,0.0,0,0.0,0.0,0.0,19,31.0,2,1,0,0.0,0,13.1,13.1,,,73.0,235.0,23.062058823529412,1.0,LSU,2014.0,2014.0,CIN,55,,0.04761905
2015,16,00-0031301,J.Hill,RB,CIN,DEN,0,0,0.0,0,0.0,0.0,0.0,19,63.0,0,2,2,-2.0,0,6.1,8.1,,,73.0,235.0,23.062058823529412,1.0,LSU,2014.0,2014.0,CIN,55,,0.05882353
2015,17,00-0031301,J.Hill,RB,CIN,BAL,0,0,0.0,0,0.0,0.0,0.0,16,96.0,1,3,2,19.0,0,17.5,19.5,,,73.0,235.0,23.062058823529412,1.0,LSU,2014.0,2014.0,CIN,55,8.0,0.125
2015,18,00-0031301,J.Hill,RB,CIN,PIT,0,0,0.0,0,0.0,0.0,0.0,12,50.0,1,4,3,27.0,0,11.7,14.7,,,73.0,235.0,23.062058823529412,1.0,LSU,2014.0,2014.0,CIN,55,-2.0,0.102564104
2015,1,00-0031302,C.Fiedorowicz,TE,HOU,KC,0,0,0.0,0,0.0,0.0,0.0,0,0.0,0,1,1,15.0,0,1.5,2.5,,,77.0,265.0,,1.0,Iowa,2014.0,2014.0,HST,65,-7.0,0.02173913
2015,2,00-0031302,C.Fiedorowicz,TE,HOU,CAR,0,0,0.0,0,0.0,0.0,0.0,0,0.0,0,1,1,19.0,0,1.9,2.9,,,77.0,265.0,,1.0,Iowa,2014.0,2014.0,HST,65,,0.01754386
2015,4,00-0031302,C.Fiedorowicz,TE,HOU,ATL,0,0,0.0,0,0.0,0.0,0.0,0,0.0,0,3,3,28.0,1,6.8,9.8,,,77.0,265.0,,1.0,Iowa,2014.0,2014.0,HST,65,,0.05263158
2015,5,00-0031302,C.Fiedorowicz,TE,HOU,IND,0,0,0.0,0,0.0,0.0,0.0,0,0.0,0,1,1,4.0,0,0.4,1.4,,,77.0,265.0,,1.0,Iowa,2014.0,2014.0,HST,65,-7.0,0.024390243
2015,6,00-0031302,C.Fiedorowicz,TE,HOU,JAX,0,0,0.0,0,0.0,0.0,0.0,0,0.0,0,2,1,8.0,0,0.8,1.8,,,77.0,265.0,,1.0,Iowa,2014.0,2014.0,HST,65,,0.055555556
2015,7,00-0031302,C.Fiedorowicz,TE,HOU,MIA,0,0,0.0,0,0.0,0.0,0.0,0,0.0,0,2,0,0.0,0,0.0,0.0,,,77.0,265.0,,1.0,Iowa,2014.0,2014.0,HST,65,,0.040816326
2015,8,00-0031302,C.Fiedorowicz,TE,HOU,TEN,0,0,0.0,0,0.0,0.0,0.0,0,0.0,0,2,2,15.0,0,1.5,3.5,,,77.0,265.0,,1.0,Iowa,2014.0,2014.0,HST,65,14.0,0.05882353
2015,10,00-0031302,C.Fiedorowicz,TE,HOU,CIN,0,0,0.0,0,0.0,0.0,0.0,0,0.0,0,2,2,30.0,0,3.0,5.0,,,77.0,265.0,,1.0,Iowa,2014.0,2014.0,HST,65,,0.060606062
2015,12,00-0031302,C.Fiedorowicz,TE,HOU,NO,0,0,0.0,0,0.0,0.0,0.0,0,0.0,0,2,2,20.0,0,2.0,4.0,,,77.0,265.0,,1.0,Iowa,2014.0,2014.0,HST,65,18.0,0.074074075
2015,13,00-0031302,C.Fiedorowicz,TE,HOU,BUF,0,0,0.0,0,0.0,0.0,0.0,0,0.0,0,1,1,8.0,0,0.8,1.8,,,77.0,265.0,,1.0,Iowa,2014.0,2014.0,HST,65,,0.023255814
2015,15,00-0031302,C.Fiedorowicz,TE,HOU,IND,0,0,0.0,0,0.0,0.0,0.0,0,0.0,0,3,0,0.0,0,0.0,0.0,,,77.0,265.0,,1.0,Iowa,2014.0,2014.0,HST,65,,0.11111111
2015,16,00-0031302,C.Fiedorowicz,TE,HOU,TEN,0,0,0.0,0,0.0,0.0,0.0,0,0.0,0,1,1,6.0,0,0.6,1.6,,,77.0,265.0,,1.0,Iowa,2014.0,2014.0,HST,65,,0.03846154
2015,17,00-0031302,C.Fiedorowicz,TE,HOU,JAX,0,0,0.0,0,0.0,0.0,0.0,0,0.0,0,3,2,14.0,0,1.4,3.4,,,77.0,265.0,,1.0,Iowa,2014.0,2014.0,HST,65,24.0,0.07317073
2015,18,00-0031302,C.Fiedorowicz,TE,HOU,KC,0,0,0.0,0,0.0,0.0,0.0,0,0.0,0,1,1,1.0,0,0.1,1.1,,,77.0,265.0,,1.0,Iowa,2014.0,2014.0,HST,65,-30.0,0.029411765
2015,1,00-0031310,D.Street,WR,DAL,NYG,0,0,0.0,0,0.0,0.0,0.0,0,0.0,0,1,0,0.0,0,0.0,0.0,,,75.0,200.0,24.6136875,1.0,Pittsburgh,2014.0,2014.0,DAL,146,1.0,0.022222223
2015,2,00-0031310,D.Street,WR,DAL,PHI,0,0,0.0,0,0.0,0.0,0.0,0,0.0,0,2,1,18.0,0,1.8,2.8,,,75.0,200.0,24.6136875,1.0,Pittsburgh,2014.0,2014.0,DAL,146,,0.05882353
2015,5,00-0031310,D.Street,WR,DAL,NE,0,0,0.0,0,0.0,0.0,0.0,0,0.0,0,2,1,13.0,0,1.3,2.3,,,75.0,200.0,24.6136875,1.0,Pittsburgh,2014.0,2014.0,DAL,146,-24.0,0.051282052
2015,7,00-0031310,D.Street,WR,DAL,NYG,0,0,0.0,0,0.0,0.0,0.0,0,0.0,0,1,1,25.0,1,8.5,9.5,,,75.0,200.0,24.6136875,1.0,Pittsburgh,2014.0,2014.0,DAL,146,,0.037037037
2015,10,00-0031310,D.Street,WR,DAL,TB,0,0,0.0,0,0.0,0.0,0.0,0,0.0,0,1,1,10.0,0,1.0,2.0,,,75.0,200.0,24.6136875,1.0,Pittsburgh,2014.0,2014.0,DAL,146,,0.035714287
2015,11,00-0031310,D.Street,WR,DAL,MIA,0,0,0.0,0,0.0,0.0,0.0,0,0.0,0,1,1,19.0,0,1.9,2.9,,,75.0,200.0,24.6136875,1.0,Pittsburgh,2014.0,2014.0,DAL,146,,0.035714287
2015,13,00-0031310,D.Street,WR,DAL,WAS,0,0,0.0,0,0.0,0.0,0.0,0,0.0,0,1,1,18.0,0,-0.2,0.8,,,75.0,200.0,24.6136875,1.0,Pittsburgh,2014.0,2014.0,DAL,146,,0.035714287
2015,14,00-0031310,D.Street,WR,DAL,GB,0,0,0.0,0,0.0,0.0,0.0,0,0.0,0,1,0,0.0,0,0.0,0.0,,,75.0,200.0,24.6136875,1.0,Pittsburgh,2014.0,2014.0,DAL,146,,0.035714287
2015,16,00-0031310,D.Street,WR,DAL,BUF,0,0,0.0,0,0.0,0.0,0.0,0,0.0,0,1,0,0.0,0,0.0,0.0,,,75.0,200.0,24.6136875,1.0,Pittsburgh,2014.0,2014.0,DAL,146,,0.033333335
2015,17,00-0031310,D.Street,WR,DAL,WAS,0,0,0.0,0,0.0,0.0,0.0,0,0.0,0,2,1,11.0,0,1.1,2.1,,,75.0,200.0,24.6136875,1.0,Pittsburgh,2014.0,2014.0,DAL,146,-11.0,0.041666668
2015,11,00-0031314,W.Johnson,C,NYJ,HOU,0,0,0.0,0,0.0,0.0,0.0,0,0.0,0,1,1,-5.0,0,-0.5,0.5,,,77.0,297.0,24.895599999999998,1.0,Vanderbilt,2014.0,2014.0,PIT,173,,0.025641026
2015,16,00-0031315,M.Hazel,WR,MIA,IND,0,0,0.0,0,0.0,0.0,0.0,0,0.0,0,1,0,0.0,0,0.0,0.0,,,73.0,205.0,23.796375,1.0,Coastal Carolina,2014.0,2014.0,MIA,190,-6.0,0.02631579
2015,12,00-0031320,,WR,SEA,PIT,0,0,0.0,0,0.0,0.0,0.0,0,0.0,0,1,1,21.0,0,2.1,3.1,,,72.0,218.0,23.997333333333334,1.0,,2014.0,2014.0,,,9.0,0.03448276
2015,14,00-0031320,,WR,SEA,BAL,0,0,0.0,0,0.0,0.0,0.0,0,0.0,0,1,1,5.0,0,0.5,1.5,,,72.0,218.0,23.997333333333334,1.0,,2014.0,2014.0,,,,0.030303031
2015,17,00-0031320,,WR,SEA,ARI,0,0,0.0,0,0.0,0.0,0.0,0,0.0,0,3,1,17.0,0,1.7,2.7,,,72.0,218.0,23.997333333333334,1.0,,2014.0,2014.0,,,,0.09375
2015,18,00-0031320,,WR,SEA,MIN,0,0,0.0,0,0.0,0.0,0.0,0,0.0,0,1,1,14.0,0,1.4,2.4,,,72.0,218.0,23.997333333333334,1.0,,2014.0,2014.0,,,,0.03846154
2015,19,00-0031320,,WR,SEA,CAR,0,0,0.0,0,0.0,0.0,0.0,0,0.0,0,1,1,7.0,0,0.7,1.7,,,72.0,218.0,23.997333333333334,1.0,,2014.0,2014.0,,,,0.02173913
2015,1,00-0031325,S.Watkins,WR,BUF,IND,0,0,0.0,0,0.0,0.0,0.0,0,0.0,0,3,0,0.0,0,0.0,0.0,,,73.0,211.0,22.4019375,1.0,Clemson,2014.0,2014.0,BUF,4,13.0,0.15789473
2015,2,00-0031325,S.Watkins,WR,BUF,NE,0,0,0.0,0,0.0,0.0,0.0,0,0.0,0,8,6,60.0,1,12.0,18.0,,,73.0,211.0,22.4019375,1.0,Clemson,2014.0,2014.0,BUF,4,-8.0,0.26666668
2015,3,00-0031325,S.Watkins,WR,BUF,MIA,0,0,0.0,0,0.0,0.0,0.0,0,0.0,0,2,1,39.0,0,3.9,4.9,,,73.0,211.0,22.4019375,1.0,Clemson,2014.0,2014.0,BUF,4,,0.06896552
2015,6,00-0031325,S.Watkins,WR,BUF,CIN,0,0,0.0,0,0.0,0.0,0.0,0,0.0,0,5,4,48.0,1,10.8,14.8,,,73.0,211.0,22.4019375,1.0,Clemson,2014.0,2014.0,BUF,4,-13.0,0.125
2015,9,00-0031325,S.Watkins,WR,BUF,MIA,0,0,0.0,0,0.0,0.0,0.0,0,0.0,0,8,8,168.0,1,22.8,30.8,,,73.0,211.0,22.4019375,1.0,Clemson,2014.0,2014.0,BUF,4,16.0,0.6666667
2015,10,00-0031325,S.Watkins,WR,BUF,NYJ,0,0,0.0,0,0.0,0.0,0.0,0,0.0,0,7,3,14.0,0,1.4,4.4,,,73.0,211.0,22.4019375,1.0,Clemson,2014.0,2014.0,BUF,4,,0.26923078
2015,11,00-0031325,S.Watkins,WR,BUF,NE,0,0,0.0,0,0.0,0.0,0.0,0,0.0,0,6,3,39.0,0,3.9,6.9,,,73.0,211.0,22.4019375,1.0,Clemson,2014.0,2014.0,BUF,4,,0.16666667
2015,12,00-0031325,S.Watkins,WR,BUF,KC,0,0,0.0,0,0.0,0.0,0.0,0,0.0,0,10,6,158.0,2,27.8,33.8,,,73.0,211.0,22.4019375,1.0,Clemson,2014.0,2014.0,BUF,4,,0.2631579
2015,13,00-0031325,S.Watkins,WR,BUF,HOU,0,0,0.0,0,0.0,0.0,0.0,0,0.0,0,4,3,109.0,1,16.9,19.9,,,73.0,211.0,22.4019375,1.0,Clemson,2014.0,2014.0,BUF,4,9.0,0.1904762
2015,14,00-0031325,S.Watkins,WR,BUF,PHI,0,0,0.0,0,0.0,0.0,0.0,1,1.0,0,12,5,81.0,1,14.2,19.2,,,73.0,211.0,22.4019375,1.0,Clemson,2014.0,2014.0,BUF,4,,0.33333334
2015,15,00-0031325,S.Watkins,WR,BUF,WAS,0,0,0.0,0,0.0,0.0,0.0,0,0.0,0,10,5,111.0,2,23.1,28.1,,,73.0,211.0,22.4019375,1.0,Clemson,2014.0,2014.0,BUF,4,,0.37037036
2015,16,00-0031325,S.Watkins,WR,BUF,DAL,0,0,0.0,0,0.0,0.0,0.0,0,0.0,0,6,5,84.0,0,8.4,13.4,,,73.0,211.0,22.4019375,1.0,Clemson,2014.0,2014.0,BUF,4,10.0,0.33333334
2015,17,00-0031325,S.Watkins,WR,BUF,NYJ,0,0,0.0,0,0.0,0.0,0.0,0,0.0,0,15,11,136.0,0,13.6,24.6,,,73.0,211.0,22.4019375,1.0,Clemson,2014.0,2014.0,BUF,4,5.0,0.53571427
2015,1,00-0031326,B.Ellington,WR,SF,MIN,0,0,0.0,0,0.0,0.0,0.0,0,0.0,0,2,2,5.0,0,0.5,2.5,,,69.0,197.0,24.2120625,1.0,South Carolina,2014.0,2014.0,SF,106,17.0,0.07692308
2015,5,00-0031326,B.Ellington,WR,SF,NYG,0,0,0.0,0,0.0,0.0,0.0,0,0.0,0,2,2,39.0,0,3.9,5.9,,,69.0,197.0,24.2120625,1.0,South Carolina,2014.0,2014.0,SF,106,,0.057142857
2015,8,00-0031326,B.Ellington,WR,SF,LA,0,0,0.0,0,0.0,0.0,0.0,0,0.0,0,3,2,8.0,0,0.8,2.8,,,69.0,197.0,24.2120625,1.0,South Carolina,2014.0,2014.0,SF,106,,0.07317073
2015,9,00-0031326,B.Ellington,WR,SF,ATL,0,0,0.0,0,0.0,0.0,0.0,1,7.0,0,2,2,2.0,0,0.9,2.9,,,69.0,197.0,24.2120625,1.0,South Carolina,2014.0,2014.0,SF,106,1.0,0.07692308
2015,11,00-0031326,B.Ellington,WR,SF,SEA,0,0,0.0,0,0.0,0.0,0.0,0,0.0,0,2,0,0.0,0,0.0,0.0,,,69.0,197.0,24.2120625,1.0,South Carolina,2014.0,2014.0,SF,106,,0.060606062
2015,13,00-0031326,B.Ellington,WR,SF,CHI,0,0,0.0,0,0.0,0.0,0.0,0,0.0,0,1,1,0.0,0,0.0,1.0,,,69.0,197.0,24.2120625,1.0,South Carolina,2014.0,2014.0,SF,106,,0.03125
2015,14,00-0031326,B.Ellington,WR,SF,CLE,0,0,0.0,0,0.0,0.0,0.0,0,0.0,0,1,0,0.0,0,0.0,0.0,,,69.0,197.0,24.2120625,1.0,South Carolina,2014.0,2014.0,SF,106,,0.035714287
2015,15,00-0031326,B.Ellington,WR,SF,CIN,0,0,0.0,0,0.0,0.0,0.0,0,0.0,0,1,0,0.0,0,0.0,0.0,,,69.0,197.0,24.2120625,1.0,South Carolina,2014.0,2014.0,SF,106,-10.0,0.02
2015,16,00-0031326,B.Ellington,WR,SF,DET,0,0,0.0,0,0.0,0.0,0.0,0,0.0,0,4,3,55.0,0,5.5,8.5,,,69.0,197.0,24.2120625,1.0,South Carolina,2014.0,2014.0,SF,106,,0.121212125
2015,17,00-0031326,B.Ellington,WR,SF,LA,0,0,0.0,0,0.0,0.0,0.0,0,0.0,0,1,1,44.0,0,4.4,5.4,,,69.0,197.0,24.2120625,1.0,South Carolina,2014.0,2014.0,SF,106,3.0,0.022727273
2015,2,00-0031327,,WR,CAR,HOU,0,0,0.0,0,0.0,0.0,0.0,0,0.0,0,1,0,0.0,0,0.0,0.0,,,74.0,200.0,26.162631578947366,1.0,Alabama,2014.0,2014.0,SEA,123,7.0,0.027027028
2015,13,00-0031332,F.Toussaint,RB,PIT,IND,0,0,0.0,0,0.0,0.0,0.0,4,12.0,0,0,0,0.0,0,1.2,1.2,,,70.0,211.0,25.638375,1.0,Michigan,2014.0,2014.0,,,35.0,
2015,16,00-0031332,F.Toussaint,RB,PIT,BAL,0,0,0.0,0,0.0,0.0,0.0,2,6.0,0,0,0,0.0,0,0.6,0.6,,,70.0,211.0,25.638375,1.0,Michigan,2014.0,2014.0,,,,
2015,17,00-0031332,F.Toussaint,RB,PIT,CLE,0,0,0.0,0,0.0,0.0,0.0,12,24.0,0,0,0,0.0,0,4.4,4.4,,,70.0,211.0,25.638375,1.0,Michigan,2014.0,2014.0,,,,
2015,18,00-0031332,F.Toussaint,RB,PIT,CIN,0,0,0.0,0,0.0,0.0,0.0,17,58.0,0,8,4,60.0,0,11.8,15.8,,,70.0,211.0,25.638375,1.0,Michigan,2014.0,2014.0,,,,0.22222222
2015,19,00-0031332,F.Toussaint,RB,PIT,DEN,0,0,0.0,0,0.0,0.0,0.0,12,39.0,1,3,3,2.0,0,8.1,11.1,,,70.0,211.0,25.638375,1.0,Michigan,2014.0,2014.0,,,,0.083333336
2015,1,00-0031339,D.Moncrief,WR,IND,BUF,0,0,0.0,0,0.0,0.0,0.0,0,0.0,0,11,6,46.0,1,10.6,16.6,,,74.0,222.0,22.254625,1.0,Mississippi,2014.0,2014.0,IND,90,,0.2244898
2015,2,00-0031339,D.Moncrief,WR,IND,NYJ,0,0,0.0,0,0.0,0.0,0.0,0,0.0,0,8,7,122.0,1,18.2,25.2,,,74.0,222.0,22.254625,1.0,Mississippi,2014.0,2014.0,IND,90,-13.0,0.22857143
2015,3,00-0031339,D.Moncrief,WR,IND,TEN,0,0,0.0,0,0.0,0.0,0.0,0,0.0,0,7,4,32.0,1,9.2,13.2,,,74.0,222.0,22.254625,1.0,Mississippi,2014.0,2014.0,IND,90,,0.23333333
2015,4,00-0031339,D.Moncrief,WR,IND,JAX,0,0,0.0,0,0.0,0.0,0.0,0,0.0,0,9,6,75.0,0,7.5,13.5,,,74.0,222.0,22.254625,1.0,Mississippi,2014.0,2014.0,IND,90,3.0,0.19148937
2015,5,00-0031339,D.Moncrief,WR,IND,HOU,0,0,0.0,0,0.0,0.0,0.0,0,0.0,0,3,1,3.0,0,0.3,1.3,,,74.0,222.0,22.254625,1.0,Mississippi,2014.0,2014.0,IND,90,,0.10344828
2015,6,00-0031339,D.Moncrief,WR,IND,NE,0,0,0.0,0,0.0,0.0,0.0,0,0.0,0,11,6,69.0,1,12.9,18.9,,,74.0,222.0,22.254625,1.0,Mississippi,2014.0,2014.0,IND,90,-7.0,0.22916667
2015,7,00-0031339,D.Moncrief,WR,IND,NO,0,0,0.0,0,0.0,0.0,0.0,0,0.0,0,6,4,34.0,1,9.4,13.4,,,74.0,222.0,22.254625,1.0,Mississippi,2014.0,2014.0,IND,90,-6.0,0.13953489
2015,8,00-0031339,D.Moncrief,WR,IND,CAR,0,0,0.0,0,0.0,0.0,0.0,0,0.0,0,7,2,18.0,0,1.8,3.8,,,74.0,222.0,22.254625,1.0,Mississippi,2014.0,2014.0,IND,90,,0.15555556
2015,9,00-0031339,D.Moncrief,WR,IND,DEN,0,0,0.0,0,0.0,0.0,0.0,0,0.0,0,4,3,30.0,0,3.0,6.0,,,74.0,222.0,22.254625,1.0,Mississippi,2014.0,2014.0,IND,90,3.0,0.114285715
2015,11,00-0031339,D.Moncrief,WR,IND,ATL,0,0,0.0,0,0.0,0.0,0.0,0,0.0,0,8,5,41.0,0,4.1,9.1,,,74.0,222.0,22.254625,1.0,Mississippi,2014.0,2014.0,IND,90,,0.25
2015,12,00-0031339,D.Moncrief,WR,IND,TB,0,0,0.0,0,0.0,0.0,0.0,0,0.0,0,9,8,114.0,0,11.4,19.4,,,74.0,222.0,22.254625,1.0,Mississippi,2014.0,2014.0,IND,90,13.0,0.23076923
2015,13,00-0031339,D.Moncrief,WR,IND,PIT,0,0,0.0,0,0.0,0.0,0.0,0,0.0,0,1,1,33.0,0,3.3,4.3,,,74.0,222.0,22.254625,1.0,Mississippi,2014.0,2014.0,IND,90,,0.029411765
2015,14,00-0031339,D.Moncrief,WR,IND,JAX,0,0,0.0,0,0.0,0.0,0.0,0,0.0,0,10,3,52.0,0,5.2,8.2,,,74.0,222.0,22.254625,1.0,Mississippi,2014.0,2014.0,IND,90,,0.23255815
2015,15,00-0031339,D.Moncrief,WR,IND,HOU,0,0,0.0,0,0.0,0.0,0.0,0,0.0,0,7,5,51.0,1,11.1,16.1,,,74.0,222.0,22.254625,1.0,Mississippi,2014.0,2014.0,IND,90,-6.0,0.2413793
2015,16,00-0031339,D.Moncrief,WR,IND,MIA,0,0,0.0,0,0.0,0.0,0.0,0,0.0,0,2,2,15.0,0,1.5,3.5,,,74.0,222.0,22.254625,1.0,Mississippi,2014.0,2014.0,IND,90,,0.06896552
2015,17,00-0031339,D.Moncrief,WR,IND,TEN,0,0,0.0,0,0.0,0.0,0.0,0,0.0,0,2,1,-2.0,0,-0.2,0.8,,,74.0,222.0,22.254625,1.0,Mississippi,2014.0,2014.0,IND,90,6.0,0.054054055
2015,6,00-0031344,C.Latimer,WR,DEN,CLE,0,0,0.0,0,0.0,0.0,0.0,0,0.0,0,1,0,0.0,0,0.0,0.0,,,74.0,215.0,23.11336842105263,1.0,Indiana,2014.0,2014.0,DEN,56,,0.021276595
2015,10,00-0031344,C.Latimer,WR,DEN,KC,0,0,0.0,0,0.0,0.0,0.0,0,0.0,0,5,3,30.0,0,3.0,6.0,,,74.0,215.0,23.11336842105263,1.0,Indiana,2014.0,2014.0,DEN,56,-16.0,0.11627907
2015,11,00-0031344,C.Latimer,WR,DEN,CHI,0,0,0.0,0,0.0,0.0,0.0,1,5.0,0,3,2,22.0,1,8.7,10.7,,,74.0,215.0,23.11336842105263,1.0,Indiana,2014.0,2014.0,DEN,56,,0.11111111
2015,12,00-0031344,C.Latimer,WR,DEN,NE,0,0,0.0,0,0.0,0.0,0.0,0,0.0,0,1,1,7.0,0,0.7,1.7,,,74.0,215.0,23.11336842105263,1.0,Indiana,2014.0,2014.0,DEN,56,6.0,0.023809524
2015,14,00-0031344,C.Latimer,WR,DEN,LV,0,0,0.0,0,0.0,0.0,0.0,1,-4.0,0,0,0,0.0,0,-0.4,-0.4,,,74.0,215.0,23.11336842105263,1.0,Indiana,2014.0,2014.0,DEN,56,-3.0,
2015,17,00-0031344,C.Latimer,WR,DEN,LAC,0,0,0.0,0,0.0,0.0,0.0,0,0.0,0,1,0,0.0,0,0.0,0.0,,,74.0,215.0,23.11336842105263,1.0,Indiana,2014.0,2014.0,DEN,56,7.0,0.032258064
2015,19,00-0031344,C.Latimer,WR,DEN,PIT,0,0,0.0,0,0.0,0.0,0.0,0,0.0,0,2,2,18.0,0,1.8,3.8,,,74.0,215.0,23.11336842105263,1.0,Indiana,2014.0,2014.0,DEN,56,7.0,0.054054055
2015,20,00-0031344,C.Latimer,WR,DEN,NE,0,0,0.0,0,0.0,0.0,0.0,0,0.0,0,1,1,13.0,0,1.3,2.3,,,74.0,215.0,23.11336842105263,1.0,Indiana,2014.0,2014.0,DEN,56,2.0,0.032258064
2015,3,00-0031345,J.Garoppolo,QB,NE,JAX,0,0,0.0,0,0.0,0.0,0.0,2,-2.0,0,0,0,0.0,0,-0.2,-0.2,,,74.0,225.0,24.043111111111113,1.0,Eastern Illinois,2014.0,2014.0,NE,62,34.0,
2015,5,00-0031345,J.Garoppolo,QB,NE,DAL,0,0,0.0,0,0.0,0.0,0.0,2,-2.0,0,0,0,0.0,0,-0.2,-0.2,,,74.0,225.0,24.043111111111113,1.0,Eastern Illinois,2014.0,2014.0,NE,62,,
2015,9,00-0031345,J.Garoppolo,QB,NE,WAS,0,0,0.0,0,0.0,0.0,0.0,1,-1.0,0,0,0,0.0,0,-0.1,-0.1,,,74.0,225.0,24.043111111111113,1.0,Eastern Illinois,2014.0,2014.0,NE,62,17.0,
2015,17,00-0031345,J.Garoppolo,QB,NE,MIA,1,4,6.0,0,0.0,0.0,-0.0,0,0.0,0,0,0,0.0,0,0.24,0.24,,,74.0,225.0,24.043111111111113,1.0,Eastern Illinois,2014.0,2014.0,NE,62,,
2015,6,00-0031373,M.Bryant,WR,PIT,ARI,0,0,0.0,0,0.0,0.0,0.0,1,8.0,0,8,6,137.0,2,26.5,32.5,,,76.0,211.0,23.954230769230772,1.0,Clemson,2014.0,2014.0,PIT,118,12.0,0.4
2015,7,00-0031373,M.Bryant,WR,PIT,KC,0,0,0.0,0,0.0,0.0,0.0,1,13.0,0,8,3,45.0,1,11.8,14.8,,,76.0,211.0,23.954230769230772,1.0,Clemson,2014.0,2014.0,PIT,118,,0.2857143
2015,8,00-0031373,M.Bryant,WR,PIT,CIN,0,0,0.0,0,0.0,0.0,0.0,0,0.0,0,9,4,49.0,0,4.9,8.9,,,76.0,211.0,23.954230769230772,1.0,Clemson,2014.0,2014.0,PIT,118,-6.0,0.2
2015,9,00-0031373,M.Bryant,WR,PIT,LV,0,0,0.0,0,0.0,0.0,0.0,0,0.0,0,7,3,31.0,1,9.1,12.1,,,76.0,211.0,23.954230769230772,1.0,Clemson,2014.0,2014.0,PIT,118,3.0,0.14
2015,10,00-0031373,M.Bryant,WR,PIT,CLE,0,0,0.0,0,0.0,0.0,0.0,0,0.0,0,10,6,178.0,1,21.8,27.8,,,76.0,211.0,23.954230769230772,1.0,Clemson,2014.0,2014.0,PIT,118,21.0,0.27027026
2015,12,00-0031373,M.Bryant,WR,PIT,SEA,0,0,0.0,0,0.0,0.0,0.0,1,11.0,1,13,5,69.0,0,14.0,19.0,,,76.0,211.0,23.954230769230772,1.0,Clemson,2014.0,2014.0,PIT,118,,0.22413793
2015,13,00-0031373,M.Bryant,WR,PIT,IND,0,0,0.0,0,0.0,0.0,0.0,0,0.0,0,8,4,114.0,1,17.4,21.4,,,76.0,211.0,23.954230769230772,1.0,Clemson,2014.0,2014.0,PIT,118,35.0,0.20512821
2015,14,00-0031373,M.Bryant,WR,PIT,CIN,0,0,0.0,0,0.0,0.0,0.0,1,1.0,0,9,7,49.0,0,5.0,12.0,,,76.0,211.0,23.954230769230772,1.0,Clemson,2014.0,2014.0,PIT,118,,0.23684211
2015,15,00-0031373,M.Bryant,WR,PIT,DEN,0,0,0.0,0,0.0,0.0,0.0,0,0.0,0,14,10,87.0,0,8.7,18.7,,,76.0,211.0,23.954230769230772,1.0,Clemson,2014.0,2014.0,PIT,118,7.0,0.25925925
2015,16,00-0031373,M.Bryant,WR,PIT,BAL,0,0,0.0,0,0.0,0.0,0.0,1,4.0,0,3,1,6.0,0,1.0,2.0,,,76.0,211.0,23.954230769230772,1.0,Clemson,2014.0,2014.0,PIT,118,,0.0882353
2015,17,00-0031373,M.Bryant,WR,PIT,CLE,0,0,0.0,0,0.0,0.0,0.0,0,0.0,0,3,1,0.0,0,0.0,1.0,,,76.0,211.0,23.954230769230772,1.0,Clemson,2014.0,2014.0,PIT,118,,0.083333336
2015,18,00-0031373,M.Bryant,WR,PIT,CIN,0,0,0.0,0,0.0,0.0,0.0,1,44.0,0,6,5,29.0,1,13.3,18.3,,,76.0,211.0,23.954230769230772,1.0,Clemson,2014.0,2014.0,PIT,118,,0.16666667
2015,19,00-0031373,M.Bryant,WR,PIT,DEN,0,0,0.0,0,0.0,0.0,0.0,2,40.0,0,15,9,154.0,0,19.4,28.4,,,76.0,211.0,23.954230769230772,1.0,Clemson,2014.0,2014.0,PIT,118,,0.41666666
2015,1,00-0031375,T.West,RB,TEN,TB,0,0,0.0,0,0.0,0.0,0.0,13,41.0,0,0,0,0.0,0,2.1,2.1,,,70.0,225.0,24.69257142857143,1.0,Towson,2014.0,2014.0,CLV,94,,
2015,2,00-0031375,T.West,RB,TEN,CLE,0,0,0.0,0,0.0,0.0,0.0,3,10.0,0,0,0,0.0,0,-1.0,-1.0,,,70.0,225.0,24.69257142857143,1.0,Towson,2014.0,2014.0,CLV,94,,
2015,12,00-0031375,T.West,RB,BAL,CLE,0,0,0.0,0,0.0,0.0,0.0,7,37.0,0,0,0,0.0,0,3.7,3.7,,,70.0,225.0,24.69257142857143,1.0,Towson,2014.0,2014.0,CLV,94,,
2015,13,00-0031375,T.West,RB,BAL,MIA,0,0,0.0,0,0.0,0.0,0.0,8,31.0,0,1,1,5.0,0,3.6,4.6,,,70.0,225.0,24.69257142857143,1.0,Towson,2014.0,2014.0,CLV,94,,0.02173913
2015,14,00-0031375,T.West,RB,BAL,SEA,0,0,0.0,0,0.0,0.0,0.0,5,16.0,0,0,0,0.0,0,1.6,1.6,,,70.0,225.0,24.69257142857143,1.0,Towson,2014.0,2014.0,CLV,94,-29.0,
2015,15,00-0031375,T.West,RB,BAL,KC,0,0,0.0,0,0.0,0.0,0.0,7,35.0,0,2,2,11.0,0,4.6,6.6,,,70.0,225.0,24.69257142857143,1.0,Towson,2014.0,2014.0,CLV,94,-20.0,0.044444446
2015,16,00-0031375,T.West,RB,BAL,PIT,0,0,0.0,0,0.0,0.0,0.0,14,44.0,0,0,0,0.0,0,4.4,4.4,,,70.0,225.0,24.69257142857143,1.0,Towson,2014.0,2014.0,CLV,94,3.0,
2015,17,00-0031375,T.West,RB,BAL,CIN,0,0,0.0,0,0.0,0.0,0.0,5,17.0,0,2,1,5.0,0,2.2,3.2,,,70.0,225.0,24.69257142857143,1.0,Towson,2014.0,2014.0,CLV,94,,0.037037037
2015,1,00-0031376,J.McKinnon,RB,MIN,SF,0,0,0.0,0,0.0,0.0,0.0,3,20.0,0,2,2,8.0,0,2.8,4.8,,,69.0,205.0,23.52976470588235,1.0,Georgia Southern,2014.0,2014.0,MIN,96,,0.06451613
2015,2,00-0031376,J.McKinnon,RB,MIN,DET,0,0,0.0,0,0.0,0.0,0.0,3,6.0,0,0,0,0.0,0,0.6,0.6,,,69.0,205.0,23.52976470588235,1.0,Georgia Southern,2014.0,2014.0,MIN,96,10.0,
2015,3,00-0031376,J.McKinnon,RB,MIN,LAC,0,0,0.0,0,0.0,0.0,0.0,6,18.0,0,1,0,0.0,0,1.8,1.8,,,69.0,205.0,23.52976470588235,1.0,Georgia Southern,2014.0,2014.0,MIN,96,17.0,0.041666668
2015,4,00-0031376,J.McKinnon,RB,MIN,DEN,0,0,0.0,0,0.0,0.0,0.0,1,6.0,0,0,0,0.0,0,0.6,0.6,,,69.0,205.0,23.52976470588235,1.0,Georgia Southern,2014.0,2014.0,MIN,96,,
2015,6,00-0031376,J.McKinnon,RB,MIN,KC,0,0,0.0,0,0.0,0.0,0.0,1,2.0,0,0,0,0.0,0,0.2,0.2,,,69.0,205.0,23.52976470588235,1.0,Georgia Southern,2014.0,2014.0,MIN,96,6.0,
2015,7,00-0031376,J.McKinnon,RB,MIN,DET,0,0,0.0,0,0.0,0.0,0.0,9,36.0,0,1,1,1.0,0,3.7,4.7,,,69.0,205.0,23.52976470588235,1.0,Georgia Southern,2014.0,2014.0,MIN,96,,0.029411765
2015,8,00-0031376,J.McKinnon,RB,MIN,CHI,0,0,0.0,0,0.0,0.0,0.0,2,18.0,0,0,0,0.0,0,1.8,1.8,,,69.0,205.0,23.52976470588235,1.0,Georgia Southern,2014.0,2014.0,MIN,96,,
2015,9,00-0031376,J.McKinnon,RB,MIN,LA,0,0,0.0,0,0.0,0.0,0.0,0,0.0,0,2,2,11.0,0,1.1,3.1,,,69.0,205.0,23.52976470588235,1.0,Georgia Southern,2014.0,2014.0,MIN,96,3.0,0.074074075
2015,10,00-0031376,J.McKinnon,RB,MIN,LV,0,0,0.0,0,0.0,0.0,0.0,0,0.0,0,2,1,7.0,0,0.7,1.7,,,69.0,205.0,23.52976470588235,1.0,Georgia Southern,2014.0,2014.0,MIN,96,,0.0952381
2015,11,00-0031376,J.McKinnon,RB,MIN,GB,0,0,0.0,0,0.0,0.0,0.0,0,0.0,0,3,2,15.0,0,1.5,3.5,,,69.0,205.0,23.52976470588235,1.0,Georgia Southern,2014.0,2014.0,MIN,96,-17.0,0.08108108
2015,12,00-0031376,J.McKinnon,RB,MIN,ATL,0,0,0.0,0,0.0,0.0,0.0,5,33.0,0,0,0,0.0,0,3.3,3.3,,,69.0,205.0,23.52976470588235,1.0,Georgia Southern,2014.0,2014.0,MIN,96,,
2015,13,00-0031376,J.McKinnon,RB,MIN,SEA,0,0,0.0,0,0.0,0.0,0.0,4,18.0,0,6,3,6.0,0,2.4,5.4,,,69.0,205.0,23.52976470588235,1.0,Georgia Southern,2014.0,2014.0,MIN,96,-31.0,0.21428572
2015,14,00-0031376,J.McKinnon,RB,MIN,ARI,0,0,0.0,0,0.0,0.0,0.0,0,0.0,0,1,1,8.0,0,0.8,1.8,,,69.0,205.0,23.52976470588235,1.0,Georgia Southern,2014.0,2014.0,MIN,96,,0.030303031
2015,15,00-0031376,J.McKinnon,RB,MIN,CHI,0,0,0.0,0,0.0,0.0,0.0,7,10.0,0,4,4,76.0,1,14.6,18.6,,,69.0,205.0,23.52976470588235,1.0,Georgia Southern,2014.0,2014.0,MIN,96,21.0,0.2
2015,16,00-0031376,J.McKinnon,RB,MIN,NYG,0,0,0.0,0,0.0,0.0,0.0,7,89.0,2,3,2,8.0,0,21.7,23.7,,,69.0,205.0,23.52976470588235,1.0,Georgia Southern,2014.0,2014.0,MIN,96,32.0,0.12
2015,17,00-0031376,J.McKinnon,RB,MIN,GB,0,0,0.0,0,0.0,0.0,0.0,4,15.0,0,4,3,33.0,0,4.8,7.8,,,69.0,205.0,23.52976470588235,1.0,Georgia Southern,2014.0,2014.0,MIN,96,,0.23529412
2015,18,00-0031376,J.McKinnon,RB,MIN,SEA,0,0,0.0,0,0.0,0.0,0.0,2,7.0,0,5,3,22.0,0,2.9,5.9,,,69.0,205.0,23.52976470588235,1.0,Georgia Southern,2014.0,2014.0,MIN,96,-1.0,0.20833333
2015,1,00-0031381,D.Adams,WR,GB,CHI,0,0,0.0,0,0.0,0.0,0.0,0,0.0,0,8,4,59.0,0,5.9,9.9,,,73.0,215.0,22.89338888888889,1.0,Fresno State,2014.0,2014.0,GB,53,,0.3478261
2015,2,00-0031381,D.Adams,WR,GB,SEA,0,0,0.0,0,0.0,0.0,0.0,0,0.0,0,5,5,33.0,0,3.3,8.3,,,73.0,215.0,22.89338888888889,1.0,Fresno State,2014.0,2014.0,GB,53,10.0,0.16129032
2015,3,00-0031381,D.Adams,WR,GB,KC,0,0,0.0,0,0.0,0.0,0.0,0,0.0,0,2,0,0.0,0,0.0,0.0,,,73.0,215.0,22.89338888888889,1.0,Fresno State,2014.0,2014.0,GB,53,10.0,0.057142857
2015,8,00-0031381,D.Adams,WR,GB,DEN,0,0,0.0,0,0.0,0.0,0.0,0,0.0,0,2,1,8.0,0,0.8,1.8,,,73.0,215.0,22.89338888888889,1.0,Fresno State,2014.0,2014.0,GB,53,,0.09090909
2015,9,00-0031381,D.Adams,WR,GB,CAR,0,0,0.0,0,0.0,0.0,0.0,0,0.0,0,11,7,105.0,0,12.5,19.5,,,73.0,215.0,22.89338888888889,1.0,Fresno State,2014.0,2014.0,GB,53,,0.22916667
2015,10,00-0031381,D.Adams,WR,GB,DET,0,0,0.0,0,0.0,0.0,0.0,0,0.0,0,21,10,79.0,0,7.9,17.9,,,73.0,215.0,22.89338888888889,1.0,Fresno State,2014.0,2014.0,GB,53,-2.0,0.35
2015,11,00-0031381,D.Adams,WR,GB,MIN,0,0,0.0,0,0.0,0.0,0.0,0,0.0,0,4,3,36.0,0,3.6,6.6,,,73.0,215.0,22.89338888888889,1.0,Fresno State,2014.0,2014.0,GB,53,,0.11764706
2015,12,00-0031381,D.Adams,WR,GB,CHI,0,0,0.0,0,0.0,0.0,0.0,0,0.0,0,11,2,14.0,0,1.4,3.4,,,73.0,215.0,22.89338888888889,1.0,Fresno State,2014.0,2014.0,GB,53,-4.0,0.25581396
2015,13,00-0031381,D.Adams,WR,GB,DET,0,0,0.0,0,0.0,0.0,0.0,0,0.0,0,7,4,21.0,1,8.1,12.1,,,73.0,215.0,22.89338888888889,1.0,Fresno State,2014.0,2014.0,GB,53,,0.2
2015,14,00-0031381,D.Adams,WR,GB,DAL,0,0,0.0,0,0.0,0.0,0.0,0,0.0,0,3,2,12.0,0,1.2,3.2,,,73.0,215.0,22.89338888888889,1.0,Fresno State,2014.0,2014.0,GB,53,21.0,0.09090909
2015,15,00-0031381,D.Adams,WR,GB,LV,0,0,0.0,0,0.0,0.0,0.0,0,0.0,0,8,5,32.0,0,3.2,8.2,,,73.0,215.0,22.89338888888889,1.0,Fresno State,2014.0,2014.0,GB,53,,0.21052632
2015,16,00-0031381,D.Adams,WR,GB,ARI,0,0,0.0,0,0.0,0.0,0.0,0,0.0,0,6,3,42.0,0,4.2,7.2,,,73.0,215.0,22.89338888888889,1.0,Fresno State,2014.0,2014.0,GB,53,,0.20689656
2015,17,00-0031381,D.Adams,WR,GB,MIN,0,0,0.0,0,0.0,0.0,0.0,0,0.0,0,6,4,54.0,0,5.4,9.4,,,73.0,215.0,22.89338888888889,1.0,Fresno State,2014.0,2014.0,GB,53,-7.0,0.13953489
2015,18,00-0031381,D.Adams,WR,GB,WAS,0,0,0.0,0,0.0,0.0,0.0,0,0.0,0,4,4,48.0,1,10.8,14.8,,,73.0,215.0,22.89338888888889,1.0,Fresno State,2014.0,2014.0,GB,53,,0.11764706
2015,1,00-0031382,J.Landry,WR,MIA,WAS,0,0,0.0,0,0.0,0.0,0.0,1,14.0,0,12,8,53.0,0,12.7,20.7,,,71.0,202.0,22.9476875,1.0,Louisiana State,2014.0,2014.0,MIA,63,,0.3529412
2015,2,00-0031382,J.Landry,WR,MIA,JAX,0,0,0.0,0,0.0,0.0,0.0,1,6.0,0,10,8,110.0,0,11.6,19.6,,,71.0,202.0,22.9476875,1.0,Louisiana State,2014.0,2014.0,MIA,63,,0.23255815
2015,3,00-0031382,J.Landry,WR,MIA,BUF,0,0,0.0,0,0.0,0.0,0.0,1,-1.0,0,13,8,67.0,0,8.6,16.6,,,71.0,202.0,22.9476875,1.0,Louisiana State,2014.0,2014.0,MIA,63,-27.0,0.26530612
2015,4,00-0031382,J.Landry,WR,MIA,NYJ,0,0,0.0,0,0.0,0.0,0.0,2,29.0,0,12,4,40.0,0,6.9,10.9,,,71.0,202.0,22.9476875,1.0,Louisiana State,2014.0,2014.0,MIA,63,-13.0,0.27272728
2015,6,00-0031382,J.Landry,WR,MIA,TEN,0,0,0.0,0,0.0,0.0,0.0,2,24.0,1,4,3,42.0,0,12.6,15.6,,,71.0,202.0,22.9476875,1.0,Louisiana State,2014.0,2014.0,MIA,63,,0.13793103
2015,7,00-0031382,J.Landry,WR,MIA,HOU,0,0,0.0,0,0.0,0.0,0.0,1,5.0,0,5,5,83.0,2,20.8,25.8,,,71.0,202.0,22.9476875,1.0,Louisiana State,2014.0,2014.0,MIA,63,18.0,0.25
2015,8,00-0031382,J.Landry,WR,MIA,NE,0,0,0.0,0,0.0,0.0,0.0,0,0.0,0,8,6,71.0,0,7.1,13.1,,,71.0,202.0,22.9476875,1.0,Louisiana State,2014.0,2014.0,MIA,63,,0.18604651
2015,9,00-0031382,J.Landry,WR,MIA,BUF,1,1,9.0,0,0.0,0.0,-0.0,5,20.0,0,12,10,67.0,0,9.06,19.06,,,71.0,202.0,22.9476875,1.0,Louisiana State,2014.0,2014.0,MIA,63,,0.34285715
2015,10,00-0031382,J.Landry,WR,MIA,PHI,0,0,0.0,0,0.0,0.0,0.0,1,6.0,0,12,7,52.0,1,11.8,18.8,,,71.0,202.0,22.9476875,1.0,Louisiana State,2014.0,2014.0,MIA,63,,0.33333334
2015,11,00-0031382,J.Landry,WR,MIA,DAL,0,0,0.0,0,0.0,0.0,0.0,0,0.0,0,7,4,66.0,0,6.6,10.6,,,71.0,202.0,22.9476875,1.0,Louisiana State,2014.0,2014.0,MIA,63,-10.0,0.3043478
2015,12,00-0031382,J.Landry,WR,MIA,NYJ,0,0,0.0,0,0.0,0.0,0.0,1,4.0,0,16,13,165.0,1,22.9,35.9,,,71.0,202.0,22.9476875,1.0,Louisiana State,2014.0,2014.0,MIA,63,,0.27586207
2015,13,00-0031382,J.Landry,WR,MIA,BAL,0,0,0.0,0,0.0,0.0,0.0,0,0.0,0,5,2,5.0,0,0.5,2.5,,,71.0,202.0,22.9476875,1.0,Louisiana State,2014.0,2014.0,MIA,63,2.0,0.2631579
2015,14,00-0031382,J.Landry,WR,MIA,NYG,0,0,0.0,0,0.0,0.0,0.0,1,0.0,0,18,11,99.0,0,9.9,20.9,,,71.0,202.0,22.9476875,1.0,Louisiana State,2014.0,2014.0,MIA,63,-7.0,0.4390244
2015,15,00-0031382,J.Landry,WR,MIA,LAC,0,0,0.0,0,0.0,0.0,0.0,0,0.0,0,10,8,54.0,0,5.4,13.4,,,71.0,202.0,22.9476875,1.0,Louisiana State,2014.0,2014.0,MIA,63,,0.32258064
2015,16,00-0031382,J.Landry,WR,MIA,IND,0,0,0.0,0,0.0,0.0,0.0,0,0.0,0,11,7,111.0,0,11.1,18.1,,,71.0,202.0,22.9476875,1.0,Louisiana State,2014.0,2014.0,MIA,63,-6.0,0.28947368
2015,17,00-0031382,J.Landry,WR,MIA,NE,0,0,0.0,0,0.0,0.0,0.0,2,6.0,0,11,6,72.0,0,7.8,13.8,,,71.0,202.0,22.9476875,1.0,Louisiana State,2014.0,2014.0,MIA,63,10.0,0.28947368
2015,1,00-0031384,R.Rodgers,TE,GB,CHI,0,0,0.0,0,0.0,0.0,0.0,1,11.0,0,3,3,27.0,0,3.8,6.8,,,76.0,257.0,23.816111111111113,1.0,California,2014.0,2014.0,GB,98,,0.13043478
2015,2,00-0031384,R.Rodgers,TE,GB,SEA,0,0,0.0,0,0.0,0.0,0.0,0,0.0,0,4,3,23.0,1,10.3,13.3,,,76.0,257.0,23.816111111111113,1.0,California,2014.0,2014.0,GB,98,10.0,0.12903225
2015,3,00-0031384,R.Rodgers,TE,GB,KC,0,0,0.0,0,0.0,0.0,0.0,0,0.0,0,4,2,15.0,0,1.5,3.5,,,76.0,257.0,23.816111111111113,1.0,California,2014.0,2014.0,GB,98,10.0,0.114285715
2015,4,00-0031384,R.Rodgers,TE,GB,SF,0,0,0.0,0,0.0,0.0,0.0,0,0.0,0,6,5,45.0,1,10.5,15.5,,,76.0,257.0,23.816111111111113,1.0,California,2014.0,2014.0,GB,98,,0.1875
2015,5,00-0031384,R.Rodgers,TE,GB,LA,0,0,0.0,0,0.0,0.0,0.0,0,0.0,0,8,6,45.0,0,4.5,10.5,,,76.0,257.0,23.816111111111113,1.0,California,2014.0,2014.0,GB,98,14.0,0.26666668
2015,6,00-0031384,R.Rodgers,TE,GB,LAC,0,0,0.0,0,0.0,0.0,0.0,0,0.0,0,5,2,34.0,0,3.4,5.4,,,76.0,257.0,23.816111111111113,1.0,California,2014.0,2014.0,GB,98,7.0,0.1724138
2015,8,00-0031384,R.Rodgers,TE,GB,DEN,0,0,0.0,0,0.0,0.0,0.0,0,0.0,0,4,2,16.0,0,1.6,3.6,,,76.0,257.0,23.816111111111113,1.0,California,2014.0,2014.0,GB,98,,0.18181819
2015,9,00-0031384,R.Rodgers,TE,GB,CAR,0,0,0.0,0,0.0,0.0,0.0,0,0.0,0,9,5,19.0,2,13.9,18.9,,,76.0,257.0,23.816111111111113,1.0,California,2014.0,2014.0,GB,98,,0.1875
2015,10,00-0031384,R.Rodgers,TE,GB,DET,0,0,0.0,0,0.0,0.0,0.0,0,0.0,0,5,5,32.0,1,9.2,14.2,,,76.0,257.0,23.816111111111113,1.0,California,2014.0,2014.0,GB,98,-2.0,0.083333336
2015,11,00-0031384,R.Rodgers,TE,GB,MIN,0,0,0.0,0,0.0,0.0,0.0,0,0.0,0,5,3,7.0,0,0.7,3.7,,,76.0,257.0,23.816111111111113,1.0,California,2014.0,2014.0,GB,98,,0.14705883
2015,12,00-0031384,R.Rodgers,TE,GB,CHI,0,0,0.0,0,0.0,0.0,0.0,0,0.0,0,7,4,30.0,0,3.0,7.0,,,76.0,257.0,23.816111111111113,1.0,California,2014.0,2014.0,GB,98,-4.0,0.1627907
2015,13,00-0031384,R.Rodgers,TE,GB,DET,0,0,0.0,0,0.0,0.0,0.0,0,0.0,0,8,8,162.0,1,22.2,30.2,,,76.0,257.0,23.816111111111113,1.0,California,2014.0,2014.0,GB,98,,0.22857143
2015,14,00-0031384,R.Rodgers,TE,GB,DAL,0,0,0.0,0,0.0,0.0,0.0,0,0.0,0,2,1,3.0,1,6.3,7.3,,,76.0,257.0,23.816111111111113,1.0,California,2014.0,2014.0,GB,98,21.0,0.060606062
2015,15,00-0031384,R.Rodgers,TE,GB,LV,0,0,0.0,0,0.0,0.0,0.0,0,0.0,0,4,1,7.0,0,0.7,1.7,,,76.0,257.0,23.816111111111113,1.0,California,2014.0,2014.0,GB,98,,0.10526316
2015,16,00-0031384,R.Rodgers,TE,GB,ARI,0,0,0.0,0,0.0,0.0,0.0,0,0.0,0,3,1,2.0,0,0.2,1.2,,,76.0,257.0,23.816111111111113,1.0,California,2014.0,2014.0,GB,98,,0.10344828
2015,17,00-0031384,R.Rodgers,TE,GB,MIN,0,0,0.0,0,0.0,0.0,0.0,0,0.0,0,8,7,59.0,1,11.9,18.9,,,76.0,257.0,23.816111111111113,1.0,California,2014.0,2014.0,GB,98,-7.0,0.18604651
2015,18,00-0031384,R.Rodgers,TE,GB,WAS,0,0,0.0,0,0.0,0.0,0.0,0,0.0,0,4,2,11.0,0,1.1,3.1,,,76.0,257.0,23.816111111111113,1.0,California,2014.0,2014.0,GB,98,,0.11764706
2015,19,00-0031384,R.Rodgers,TE,GB,ARI,0,0,0.0,0,0.0,0.0,0.0,0,0.0,0,8,5,45.0,0,4.5,9.5,,,76.0,257.0,23.816111111111113,1.0,California,2014.0,2014.0,GB,98,,0.1904762
2015,1,00-0031387,E.Ebron,TE,DET,LAC,0,0,0.0,0,0.0,0.0,0.0,0,0.0,0,5,4,53.0,1,11.3,15.3,,,76.0,255.0,22.578375,1.0,North Carolina,2014.0,2014.0,DET,10,,0.17857143
2015,2,00-0031387,E.Ebron,TE,DET,MIN,0,0,0.0,0,0.0,0.0,0.0,0,0.0,0,10,5,43.0,1,10.3,15.3,,,76.0,255.0,22.578375,1.0,North Carolina,2014.0,2014.0,DET,10,,0.1923077
2015,3,00-0031387,E.Ebron,TE,DET,DEN,0,0,0.0,0,0.0,0.0,0.0,0,0.0,0,5,4,61.0,0,6.1,10.1,,,76.0,255.0,22.578375,1.0,North Carolina,2014.0,2014.0,DET,10,-12.0,0.11111111
2015,4,00-0031387,E.Ebron,TE,DET,SEA,0,0,0.0,0,0.0,0.0,0.0,0,0.0,0,3,2,22.0,0,2.2,4.2,,,76.0,255.0,22.578375,1.0,North Carolina,2014.0,2014.0,DET,10,,0.08571429
2015,7,00-0031387,E.Ebron,TE,DET,MIN,0,0,0.0,0,0.0,0.0,0.0,0,0.0,0,5,5,89.0,1,14.9,19.9,,,76.0,255.0,22.578375,1.0,North Carolina,2014.0,2014.0,DET,10,-9.0,0.1923077
2015,8,00-0031387,E.Ebron,TE,DET,KC,0,0,0.0,0,0.0,0.0,0.0,0,0.0,0,5,3,24.0,0,2.4,5.4,,,76.0,255.0,22.578375,1.0,North Carolina,2014.0,2014.0,DET,10,,0.13157895
2015,10,00-0031387,E.Ebron,TE,DET,GB,0,0,0.0,0,0.0,0.0,0.0,0,0.0,0,8,4,28.0,0,2.8,6.8,,,76.0,255.0,22.578375,1.0,North Carolina,2014.0,2014.0,DET,10,,0.21052632
2015,11,00-0031387,E.Ebron,TE,DET,LV,0,0,0.0,0,0.0,0.0,0.0,0,0.0,0,2,0,0.0,0,0.0,0.0,,,76.0,255.0,22.578375,1.0,North Carolina,2014.0,2014.0,DET,10,5.0,0.05882353
2015,12,00-0031387,E.Ebron,TE,DET,PHI,0,0,0.0,0,0.0,0.0,0.0,0,0.0,0,3,2,28.0,0,2.8,4.8,,,76.0,255.0,22.578375,1.0,North Carolina,2014.0,2014.0,DET,10,31.0,0.078947365
2015,13,00-0031387,E.Ebron,TE,DET,GB,0,0,0.0,0,0.0,0.0,0.0,0,0.0,0,2,2,9.0,1,6.9,8.9,,,76.0,255.0,22.578375,1.0,North Carolina,2014.0,2014.0,DET,10,-4.0,0.05882353
2015,14,00-0031387,E.Ebron,TE,DET,LA,0,0,0.0,0,0.0,0.0,0.0,0,0.0,0,5,3,27.0,0,2.7,5.7,,,76.0,255.0,22.578375,1.0,North Carolina,2014.0,2014.0,DET,10,,0.11111111
2015,15,00-0031387,E.Ebron,TE,DET,NO,0,0,0.0,0,0.0,0.0,0.0,0,0.0,0,5,4,79.0,0,7.9,11.9,,,76.0,255.0,22.578375,1.0,North Carolina,2014.0,2014.0,DET,10,,0.2
2015,16,00-0031387,E.Ebron,TE,DET,SF,0,0,0.0,0,0.0,0.0,0.0,0,0.0,0,5,4,49.0,0,4.9,8.9,,,76.0,255.0,22.578375,1.0,North Carolina,2014.0,2014.0,DET,10,15.0,0.13513513
2015,17,00-0031387,E.Ebron,TE,DET,CHI,0,0,0.0,0,0.0,0.0,0.0,0,0.0,0,7,5,25.0,1,8.5,13.5,,,76.0,255.0,22.578375,1.0,North Carolina,2014.0,2014.0,DET,10,,0.17948718
2015,1,00-0031390,C.Sims,RB,TB,TEN,0,0,0.0,0,0.0,0.0,0.0,5,12.0,0,5,2,23.0,0,3.5,5.5,,,72.0,211.0,25.1393125,1.0,West Virginia,2014.0,2014.0,TB,69,-28.0,0.15151516
2015,2,00-0031390,C.Sims,RB,TB,NO,0,0,0.0,0,0.0,0.0,0.0,8,38.0,0,3,3,14.0,0,5.2,8.2,,,72.0,211.0,25.1393125,1.0,West Virginia,2014.0,2014.0,TB,69,,0.14285715
2015,3,00-0031390,C.Sims,RB,TB,HOU,0,0,0.0,0,0.0,0.0,0.0,6,11.0,0,2,2,41.0,1,11.2,13.2,,,72.0,211.0,25.1393125,1.0,West Virginia,2014.0,2014.0,TB,69,,0.05882353
2015,4,00-0031390,C.Sims,RB,TB,CAR,0,0,0.0,0,0.0,0.0,0.0,6,23.0,0,5,3,30.0,1,11.3,14.3,,,72.0,211.0,25.1393125,1.0,West Virginia,2014.0,2014.0,TB,69,-14.0,0.12195122
2015,5,00-0031390,C.Sims,RB,TB,JAX,0,0,0.0,0,0.0,0.0,0.0,12,51.0,0,4,4,85.0,0,13.6,17.6,,,72.0,211.0,25.1393125,1.0,West Virginia,2014.0,2014.0,TB,69,7.0,0.22222222
2015,7,00-0031390,C.Sims,RB,TB,WAS,0,0,0.0,0,0.0,0.0,0.0,10,49.0,0,3,2,17.0,0,4.6,6.6,,,72.0,211.0,25.1393125,1.0,West Virginia,2014.0,2014.0,TB,69,,0.10344828
2015,8,00-0031390,C.Sims,RB,TB,ATL,0,0,0.0,0,0.0,0.0,0.0,6,22.0,0,4,3,24.0,0,4.6,7.6,,,72.0,211.0,25.1393125,1.0,West Virginia,2014.0,2014.0,TB,69,,0.13793103
2015,9,00-0031390,C.Sims,RB,TB,NYG,0,0,0.0,0,0.0,0.0,0.0,8,78.0,0,2,1,4.0,0,6.2,7.2,,,72.0,211.0,25.1393125,1.0,West Virginia,2014.0,2014.0,TB,69,-14.0,0.055555556
2015,10,00-0031390,C.Sims,RB,TB,DAL,0,0,0.0,0,0.0,0.0,0.0,5,18.0,0,5,2,13.0,0,3.1,5.1,,,72.0,211.0,25.1393125,1.0,West Virginia,2014.0,2014.0,TB,69,4.0,0.13157895
2015,11,00-0031390,C.Sims,RB,TB,PHI,0,0,0.0,0,0.0,0.0,0.0,10,43.0,0,4,3,26.0,1,12.9,15.9,,,72.0,211.0,25.1393125,1.0,West Virginia,2014.0,2014.0,TB,69,,0.14285715
2015,12,00-0031390,C.Sims,RB,TB,IND,0,0,0.0,0,0.0,0.0,0.0,4,8.0,0,3,3,31.0,0,3.9,6.9,,,72.0,211.0,25.1393125,1.0,West Virginia,2014.0,2014.0,TB,69,,0.083333336
2015,13,00-0031390,C.Sims,RB,TB,ATL,0,0,0.0,0,0.0,0.0,0.0,7,56.0,0,3,2,21.0,0,7.7,9.7,,,72.0,211.0,25.1393125,1.0,West Virginia,2014.0,2014.0,TB,69,4.0,0.11111111
2015,14,00-0031390,C.Sims,RB,TB,NO,0,0,0.0,0,0.0,0.0,0.0,5,10.0,0,8,6,64.0,0,7.4,13.4,,,72.0,211.0,25.1393125,1.0,West Virginia,2014.0,2014.0,TB,69,-7.0,0.2580645
2015,15,00-0031390,C.Sims,RB,TB,LA,0,0,0.0,0,0.0,0.0,0.0,7,50.0,0,3,3,22.0,0,7.2,10.2,,,72.0,211.0,25.1393125,1.0,West Virginia,2014.0,2014.0,TB,69,,0.06122449
2015,16,00-0031390,C.Sims,RB,TB,CHI,0,0,0.0,0,0.0,0.0,0.0,4,45.0,0,5,3,72.0,1,17.7,20.7,,,72.0,211.0,25.1393125,1.0,West Virginia,2014.0,2014.0,TB,69,-5.0,0.17857143
2015,17,00-0031390,C.Sims,RB,TB,CAR,0,0,0.0,0,0.0,0.0,0.0,4,15.0,0,11,9,74.0,0,8.9,17.9,,,72.0,211.0,25.1393125,1.0,West Virginia,2014.0,2014.0,TB,69,,0.23404256
2015,2,00-0031391,,RB,LA,WAS,0,0,0.0,0,0.0,0.0,0.0,7,26.0,0,5,2,4.0,0,3.0,5.0,,,68.0,207.0,,1.0,,2014.0,2014.0,SL,75,,0.15625
2015,3,00-0031391,,RB,LA,PIT,0,0,0.0,0,0.0,0.0,0.0,9,16.0,0,1,1,15.0,0,3.1,4.1,,,68.0,207.0,,1.0,,2014.0,2014.0,SL,75,,0.03448276
2015,4,00-0031391,,RB,LA,ARI,0,0,0.0,0,0.0,0.0,0.0,2,-1.0,0,0,0,0.0,0,-0.1,-0.1,,,68.0,207.0,,1.0,,2014.0,2014.0,SL,75,,
2015,5,00-0031391,,RB,LA,GB,0,0,0.0,0,0.0,0.0,0.0,2,8.0,0,0,0,0.0,0,0.8,0.8,,,68.0,207.0,,1.0,,2014.0,2014.0,SL,75,,
2015,8,00-0031391,,RB,LA,SF,0,0,0.0,0,0.0,0.0,0.0,15,46.0,0,1,1,6.0,0,5.2,6.2,,,68.0,207.0,,1.0,,2014.0,2014.0,SL,75,,0.04347826
2015,9,00-0031391,,RB,LA,MIN,0,0,0.0,0,0.0,0.0,0.0,3,3.0,0,1,1,-4.0,0,-0.1,0.9,,,68.0,207.0,,1.0,,2014.0,2014.0,SL,75,,0.032258064
2015,10,00-0031391,,RB,LA,CHI,0,0,0.0,0,0.0,0.0,0.0,6,31.0,0,1,1,16.0,0,2.7,3.7,,,68.0,207.0,,1.0,,2014.0,2014.0,SL,75,,0.027027028
2015,12,00-0031391,,RB,LA,CIN,0,0,0.0,0,0.0,0.0,0.0,1,-2.0,0,7,7,37.0,0,3.5,10.5,,,68.0,207.0,,1.0,,2014.0,2014.0,SL,75,,0.13207547
2015,13,00-0031391,,RB,LA,ARI,0,0,0.0,0,0.0,0.0,0.0,2,13.0,0,2,2,10.0,0,2.3,4.3,,,68.0,207.0,,1.0,,2014.0,2014.0,SL,75,,0.05882353
2015,14,00-0031391,,RB,LA,DET,0,0,0.0,0,0.0,0.0,0.0,4,7.0,0,2,2,1.0,0,0.8,2.8,,,68.0,207.0,,1.0,,2014.0,2014.0,SL,75,,0.09090909
2015,15,00-0031391,,RB,LA,TB,0,0,0.0,0,0.0,0.0,0.0,3,13.0,0,0,0,0.0,0,1.3,1.3,,,68.0,207.0,,1.0,,2014.0,2014.0,SL,75,,
2015,16,00-0031391,,RB,LA,SEA,0,0,0.0,0,0.0,0.0,0.0,3,3.0,0,1,1,3.0,0,0.6,1.6,,,68.0,207.0,,1.0,,2014.0,2014.0,SL,75,,0.04347826
2015,17,00-0031391,,RB,LA,SF,0,0,0.0,0,0.0,0.0,0.0,18,44.0,1,0,0,0.0,0,10.4,10.4,,,68.0,207.0,,1.0,,2014.0,2014.0,SL,75,,
2015,1,00-0031407,B.Bortles,QB,JAX,CAR,22,40,183.0,1,2.0,5.0,14.0,4,26.0,0,0,0,0.0,0,9.92,9.92,,,77.0,245.0,23.52975,1.0,Central Florida,2014.0,2014.0,JAX,3,-11.0,
2015,2,00-0031407,B.Bortles,QB,JAX,MIA,18,33,273.0,2,0.0,0.0,-0.0,2,27.0,0,0,0,0.0,0,21.62,21.62,,,77.0,245.0,23.52975,1.0,Central Florida,2014.0,2014.0,JAX,3,3.0,
2015,3,00-0031407,B.Bortles,QB,JAX,NE,17,33,242.0,2,1.0,2.0,6.0,3,7.0,0,0,0,0.0,0,16.38,16.38,,,77.0,245.0,23.52975,1.0,Central Florida,2014.0,2014.0,JAX,3,,
2015,4,00-0031407,B.Bortles,QB,JAX,IND,28,50,298.0,1,0.0,1.0,9.0,4,31.0,0,0,0,0.0,0,19.02,19.02,,,77.0,245.0,23.52975,1.0,Central Florida,2014.0,2014.0,JAX,3,,
2015,5,00-0031407,B.Bortles,QB,JAX,TB,23,33,303.0,4,1.0,6.0,33.0,1,21.0,0,0,0,0.0,0,28.22,28.22,,,77.0,245.0,23.52975,1.0,Central Florida,2014.0,2014.0,JAX,3,,
2015,6,00-0031407,B.Bortles,QB,JAX,HOU,30,53,331.0,3,3.0,3.0,20.0,4,37.0,0,0,0,0.0,0,22.94,22.94,,,77.0,245.0,23.52975,1.0,Central Florida,2014.0,2014.0,JAX,3,-11.0,
2015,7,00-0031407,B.Bortles,QB,JAX,BUF,13,29,182.0,2,1.0,2.0,7.0,5,-3.0,0,0,0,0.0,0,12.98,12.98,,,77.0,245.0,23.52975,1.0,Central Florida,2014.0,2014.0,JAX,3,3.0,
2015,9,00-0031407,B.Bortles,QB,JAX,NYJ,24,40,381.0,2,2.0,6.0,43.0,4,32.0,0,0,0,0.0,0,20.44,20.44,,,77.0,245.0,23.52975,1.0,Central Florida,2014.0,2014.0,JAX,3,,
2015,10,00-0031407,B.Bortles,QB,JAX,BAL,22,45,188.0,2,1.0,3.0,20.0,2,25.0,0,0,0,0.0,0,16.02,16.02,,,77.0,245.0,23.52975,1.0,Central Florida,2014.0,2014.0,JAX,3,,
2015,11,00-0031407,B.Bortles,QB,JAX,TEN,21,30,242.0,1,1.0,4.0,24.0,2,9.0,0,0,0,0.0,0,10.58,10.58,,,77.0,245.0,23.52975,1.0,Central Florida,2014.0,2014.0,JAX,3,6.0,
2015,12,00-0031407,B.Bortles,QB,JAX,LAC,30,49,329.0,2,1.0,2.0,11.0,6,33.0,0,0,0,0.0,0,22.46,22.46,,,77.0,245.0,23.52975,1.0,Central Florida,2014.0,2014.0,JAX,3,-6.0,
2015,13,00-0031407,B.Bortles,QB,JAX,TEN,24,36,322.0,5,0.0,2.0,20.0,2,-1.0,0,0,0,0.0,0,32.78,32.78,,,77.0,245.0,23.52975,1.0,Central Florida,2014.0,2014.0,JAX,3,,
2015,14,00-0031407,B.Bortles,QB,JAX,IND,16,30,250.0,3,0.0,3.0,24.0,4,17.0,1,0,0,0.0,0,25.7,25.7,,,77.0,245.0,23.52975,1.0,Central Florida,2014.0,2014.0,JAX,3,35.0,
2015,15,00-0031407,B.Bortles,QB,JAX,ATL,23,38,297.0,1,1.0,2.0,12.0,6,44.0,1,0,0,0.0,0,24.28,24.28,,,77.0,245.0,23.52975,1.0,Central Florida,2014.0,2014.0,JAX,3,-6.0,
2015,16,00-0031407,B.Bortles,QB,JAX,NO,27,35,368.0,4,2.0,2.0,21.0,3,5.0,0,0,0,0.0,0,29.22,29.22,,,77.0,245.0,23.52975,1.0,Central Florida,2014.0,2014.0,JAX,3,,
2015,17,00-0031407,B.Bortles,QB,JAX,HOU,17,32,239.0,0,2.0,8.0,56.0,0,0.0,0,0,0,0.0,0,3.56,3.56,,,77.0,245.0,23.52975,1.0,Central Florida,2014.0,2014.0,JAX,3,,
2015,2,00-0031408,M.Evans,WR,TB,NO,0,0,0.0,0,0.0,0.0,0.0,0,0.0,0,3,0,0.0,0,0.0,0.0,,,77.0,231.0,22.218062500000002,1.0,Texas A&amp;M,2014.0,2014.0,TB,7,,0.14285715
2015,3,00-0031408,M.Evans,WR,TB,HOU,0,0,0.0,0,0.0,0.0,0.0,0,0.0,0,17,7,101.0,0,10.1,17.1,,,77.0,231.0,22.218062500000002,1.0,Texas A&amp;M,2014.0,2014.0,TB,7,,0.5
2015,4,00-0031408,M.Evans,WR,TB,CAR,0,0,0.0,0,0.0,0.0,0.0,0,0.0,0,8,3,32.0,0,3.2,6.2,,,77.0,231.0,22.218062500000002,1.0,Texas A&amp;M,2014.0,2014.0,TB,7,-14.0,0.19512194
2015,5,00-0031408,M.Evans,WR,TB,JAX,0,0,0.0,0,0.0,0.0,0.0,0,0.0,0,5,3,41.0,0,4.1,7.1,,,77.0,231.0,22.218062500000002,1.0,Texas A&amp;M,2014.0,2014.0,TB,7,7.0,0.2777778
2015,7,00-0031408,M.Evans,WR,TB,WAS,0,0,0.0,0,0.0,0.0,0.0,0,0.0,0,12,8,164.0,1,22.4,30.4,,,77.0,231.0,22.218062500000002,1.0,Texas A&amp;M,2014.0,2014.0,TB,7,,0.41379312
2015,8,00-0031408,M.Evans,WR,TB,ATL,0,0,0.0,0,0.0,0.0,0.0,0,0.0,0,9,3,48.0,0,4.8,7.8,,,77.0,231.0,22.218062500000002,1.0,Texas A&amp;M,2014.0,2014.0,TB,7,,0.31034482
2015,9,00-0031408,M.Evans,WR,TB,NYG,0,0,0.0,0,0.0,0.0,0.0,0,0.0,0,19,8,150.0,0,13.0,21.0,,,77.0,231.0,22.218062500000002,1.0,Texas A&amp;M,2014.0,2014.0,TB,7,-14.0,0.5277778
2015,10,00-0031408,M.Evans,WR,TB,DAL,0,0,0.0,0,0.0,0.0,0.0,0,0.0,0,13,8,126.0,0,12.6,20.6,,,77.0,231.0,22.218062500000002,1.0,Texas A&amp;M,2014.0,2014.0,TB,7,4.0,0.34210527
2015,11,00-0031408,M.Evans,WR,TB,PHI,0,0,0.0,0,0.0,0.0,0.0,0,0.0,0,7,4,63.0,1,12.3,16.3,,,77.0,231.0,22.218062500000002,1.0,Texas A&amp;M,2014.0,2014.0,TB,7,,0.25
2015,12,00-0031408,M.Evans,WR,TB,IND,0,0,0.0,0,0.0,0.0,0.0,0,0.0,0,10,5,64.0,0,6.4,11.4,,,77.0,231.0,22.218062500000002,1.0,Texas A&amp;M,2014.0,2014.0,TB,7,,0.2777778
2015,13,00-0031408,M.Evans,WR,TB,ATL,0,0,0.0,0,0.0,0.0,0.0,0,0.0,0,7,5,61.0,1,12.1,17.1,,,77.0,231.0,22.218062500000002,1.0,Texas A&amp;M,2014.0,2014.0,TB,7,4.0,0.25925925
2015,14,00-0031408,M.Evans,WR,TB,NO,0,0,0.0,0,0.0,0.0,0.0,0,0.0,0,4,3,39.0,0,3.9,6.9,,,77.0,231.0,22.218062500000002,1.0,Texas A&amp;M,2014.0,2014.0,TB,7,-7.0,0.12903225
2015,15,00-0031408,M.Evans,WR,TB,LA,0,0,0.0,0,0.0,0.0,0.0,0,0.0,0,17,9,157.0,0,15.7,24.7,,,77.0,231.0,22.218062500000002,1.0,Texas A&amp;M,2014.0,2014.0,TB,7,,0.3469388
2015,16,00-0031408,M.Evans,WR,TB,CHI,0,0,0.0,0,0.0,0.0,0.0,0,0.0,0,8,4,61.0,0,6.1,10.1,,,77.0,231.0,22.218062500000002,1.0,Texas A&amp;M,2014.0,2014.0,TB,7,-5.0,0.2857143
2015,17,00-0031408,M.Evans,WR,TB,CAR,0,0,0.0,0,0.0,0.0,0.0,0,0.0,0,9,4,99.0,0,9.9,13.9,,,77.0,231.0,22.218062500000002,1.0,Texas A&amp;M,2014.0,2014.0,TB,7,,0.19148937
2015,1,00-0031409,,QB,CLE,NYJ,13,24,182.0,1,1.0,3.0,14.0,5,35.0,0,0,0,0.0,0,8.78,8.78,,,72.0,210.0,,1.0,Texas A&M,2014.0,2014.0,CLV,22,,
2015,2,00-0031409,,QB,CLE,TEN,8,15,172.0,2,0.0,2.0,14.0,3,1.0,0,0,0,0.0,0,14.98,14.98,,,72.0,210.0,,1.0,Texas A&M,2014.0,2014.0,CLV,22,14.0,
2015,7,00-0031409,,QB,CLE,LA,4,5,27.0,0,0.0,0.0,-0.0,1,5.0,0,0,0,0.0,0,1.58,1.58,,,72.0,210.0,,1.0,Texas A&M,2014.0,2014.0,CLV,22,,
2015,8,00-0031409,,QB,CLE,ARI,3,6,12.0,0,0.0,0.0,-0.0,1,1.0,0,0,0,0.0,0,0.58,0.58,,,72.0,210.0,,1.0,Texas A&M,2014.0,2014.0,CLV,22,-14.0,
2015,9,00-0031409,,QB,CLE,CIN,15,33,168.0,1,0.0,3.0,24.0,4,31.0,0,0,0,0.0,0,13.82,13.82,,,72.0,210.0,,1.0,Texas A&M,2014.0,2014.0,CLV,22,,
2015,10,00-0031409,,QB,CLE,PIT,33,45,372.0,1,1.0,6.0,45.0,3,17.0,0,0,0,0.0,0,16.58,16.58,,,72.0,210.0,,1.0,Texas A&M,2014.0,2014.0,CLV,22,,
2015,14,00-0031409,,QB,CLE,SF,21,31,270.0,1,1.0,2.0,19.0,7,15.0,0,0,0,0.0,0,14.3,14.3,,,72.0,210.0,,1.0,Texas A&M,2014.0,2014.0,CLV,22,14.0,
2015,15,00-0031409,,QB,CLE,SEA,19,32,161.0,1,1.0,3.0,25.0,2,17.0,0,0,0,0.0,0,10.14,10.14,,,72.0,210.0,,1.0,Texas A&M,2014.0,2014.0,CLV,22,,
2015,16,00-0031409,,QB,CLE,KC,13,32,136.0,0,1.0,0.0,-0.0,11,108.0,0,0,0,0.0,0,14.24,14.24,,,72.0,210.0,,1.0,Texas A&M,2014.0,2014.0,CLV,22,,
2015,1,00-0031413,,RB,TEN,TB,0,0,0.0,0,0.0,0.0,0.0,12,74.0,1,3,2,12.0,1,20.6,22.6,,,70.0,209.0,23.15125,1.0,Washington,2014.0,2014.0,TEN,54,,0.2
2015,2,00-0031413,,RB,TEN,CLE,0,0,0.0,0,0.0,0.0,0.0,12,42.0,0,2,0,0.0,0,4.2,4.2,,,70.0,209.0,23.15125,1.0,Washington,2014.0,2014.0,TEN,54,,0.054054055
2015,3,00-0031413,,RB,TEN,IND,0,0,0.0,0,0.0,0.0,0.0,5,10.0,0,2,2,31.0,0,4.1,6.1,,,70.0,209.0,23.15125,1.0,Washington,2014.0,2014.0,TEN,54,-2.0,0.046511628
2015,5,00-0031413,,RB,TEN,BUF,0,0,0.0,0,0.0,0.0,0.0,7,20.0,0,3,3,23.0,0,4.3,7.3,,,70.0,209.0,23.15125,1.0,Washington,2014.0,2014.0,TEN,54,-1.0,0.09375
2015,6,00-0031413,,RB,TEN,MIA,0,0,0.0,0,0.0,0.0,0.0,3,13.0,0,3,1,7.0,0,2.0,3.0,,,70.0,209.0,23.15125,1.0,Washington,2014.0,2014.0,TEN,54,-28.0,0.075
2015,7,00-0031413,,RB,TEN,ATL,0,0,0.0,0,0.0,0.0,0.0,0,0.0,0,1,0,0.0,0,0.0,0.0,,,70.0,209.0,23.15125,1.0,Washington,2014.0,2014.0,TEN,54,-3.0,0.028571429
2015,10,00-0031413,,RB,TEN,CAR,0,0,0.0,0,0.0,0.0,0.0,2,7.0,0,0,0,0.0,0,0.7,0.7,,,70.0,209.0,23.15125,1.0,Washington,2014.0,2014.0,TEN,54,-17.0,
2015,13,00-0031413,,RB,TEN,JAX,0,0,0.0,0,0.0,0.0,0.0,0,0.0,0,1,0,0.0,0,0.0,0.0,,,70.0,209.0,23.15125,1.0,Washington,2014.0,2014.0,TEN,54,3.0,0.03448276
2015,15,00-0031413,,RB,TEN,NE,0,0,0.0,0,0.0,0.0,0.0,0,0.0,0,3,3,23.0,0,2.3,5.3,,,70.0,209.0,23.15125,1.0,Washington,2014.0,2014.0,TEN,54,,0.09090909
2015,16,00-0031413,,RB,TEN,HOU,0,0,0.0,0,0.0,0.0,0.0,2,11.0,0,4,3,43.0,0,5.4,8.4,,,70.0,209.0,23.15125,1.0,Washington,2014.0,2014.0,TEN,54,-28.0,0.078431375
2015,17,00-0031413,,RB,TEN,IND,0,0,0.0,0,0.0,0.0,0.0,4,16.0,0,0,0,0.0,0,1.6,1.6,,,70.0,209.0,23.15125,1.0,Washington,2014.0,2014.0,TEN,54,,
2015,1,00-0031418,A.Seferian-Jenkins,TE,TB,TEN,0,0,0.0,0,0.0,0.0,0.0,0,0.0,0,7,5,110.0,2,23.0,28.0,,,77.0,262.0,23.1105,1.0,Washington,2014.0,2014.0,TB,38,-28.0,0.21212122
2015,2,00-0031418,A.Seferian-Jenkins,TE,TB,NO,0,0,0.0,0,0.0,0.0,0.0,0,0.0,0,3,2,29.0,0,2.9,4.9,,,77.0,262.0,23.1105,1.0,Washington,2014.0,2014.0,TB,38,,0.14285715
2015,13,00-0031418,A.Seferian-Jenkins,TE,TB,ATL,0,0,0.0,0,0.0,0.0,0.0,0,0.0,0,6,3,31.0,0,3.1,6.1,,,77.0,262.0,23.1105,1.0,Washington,2014.0,2014.0,TB,38,4.0,0.22222222
2015,14,00-0031418,A.Seferian-Jenkins,TE,TB,NO,0,0,0.0,0,0.0,0.0,0.0,0,0.0,0,6,3,31.0,0,3.1,6.1,,,77.0,262.0,23.1105,1.0,Washington,2014.0,2014.0,TB,38,-7.0,0.19354838
2015,15,00-0031418,A.Seferian-Jenkins,TE,TB,LA,0,0,0.0,0,0.0,0.0,0.0,0,0.0,0,6,3,29.0,1,8.9,11.9,,,77.0,262.0,23.1105,1.0,Washington,2014.0,2014.0,TB,38,,0.12244898
2015,16,00-0031418,A.Seferian-Jenkins,TE,TB,CHI,0,0,0.0,0,0.0,0.0,0.0,0,0.0,0,4,2,60.0,1,12.0,14.0,,,77.0,262.0,23.1105,1.0,Washington,2014.0,2014.0,TB,38,-5.0,0.14285715
2015,17,00-0031418,A.Seferian-Jenkins,TE,TB,CAR,0,0,0.0,0,0.0,0.0,0.0,0,0.0,0,7,3,48.0,0,4.8,7.8,,,77.0,262.0,23.1105,1.0,Washington,2014.0,2014.0,TB,38,,0.14893617
2015,1,00-0031428,A.Robinson,WR,JAX,CAR,0,0,0.0,0,0.0,0.0,0.0,0,0.0,0,6,1,27.0,0,2.7,3.7,,,75.0,215.0,22.2074375,1.0,Penn State,2014.0,2014.0,JAX,61,-11.0,0.15384616
2015,2,00-0031428,A.Robinson,WR,JAX,MIA,0,0,0.0,0,0.0,0.0,0.0,0,0.0,0,12,6,155.0,2,27.5,33.5,,,75.0,215.0,22.2074375,1.0,Penn State,2014.0,2014.0,JAX,61,3.0,0.36363637
2015,3,00-0031428,A.Robinson,WR,JAX,NE,0,0,0.0,0,0.0,0.0,0.0,0,0.0,0,9,4,68.0,0,6.8,10.8,,,75.0,215.0,22.2074375,1.0,Penn State,2014.0,2014.0,JAX,61,,0.27272728
2015,4,00-0031428,A.Robinson,WR,JAX,IND,0,0,0.0,0,0.0,0.0,0.0,0,0.0,0,12,4,80.0,0,8.0,12.0,,,75.0,215.0,22.2074375,1.0,Penn State,2014.0,2014.0,JAX,61,,0.25531915
2015,5,00-0031428,A.Robinson,WR,JAX,TB,0,0,0.0,0,0.0,0.0,0.0,0,0.0,0,9,7,72.0,2,19.2,26.2,,,75.0,215.0,22.2074375,1.0,Penn State,2014.0,2014.0,JAX,61,,0.28125
2015,6,00-0031428,A.Robinson,WR,JAX,HOU,0,0,0.0,0,0.0,0.0,0.0,0,0.0,0,12,6,86.0,1,14.6,20.6,,,75.0,215.0,22.2074375,1.0,Penn State,2014.0,2014.0,JAX,61,-11.0,0.2264151
2015,7,00-0031428,A.Robinson,WR,JAX,BUF,0,0,0.0,0,0.0,0.0,0.0,0,0.0,0,9,6,98.0,1,15.8,21.8,,,75.0,215.0,22.2074375,1.0,Penn State,2014.0,2014.0,JAX,61,3.0,0.31034482
2015,9,00-0031428,A.Robinson,WR,JAX,NYJ,0,0,0.0,0,0.0,0.0,0.0,0,0.0,0,11,6,121.0,0,12.1,18.1,,,75.0,215.0,22.2074375,1.0,Penn State,2014.0,2014.0,JAX,61,,0.275
2015,10,00-0031428,A.Robinson,WR,JAX,BAL,0,0,0.0,0,0.0,0.0,0.0,0,0.0,0,11,5,51.0,1,11.1,16.1,,,75.0,215.0,22.2074375,1.0,Penn State,2014.0,2014.0,JAX,61,,0.24444444
2015,11,00-0031428,A.Robinson,WR,JAX,TEN,0,0,0.0,0,0.0,0.0,0.0,0,0.0,0,7,5,113.0,0,11.3,16.3,,,75.0,215.0,22.2074375,1.0,Penn State,2014.0,2014.0,JAX,61,6.0,0.22580644
2015,12,00-0031428,A.Robinson,WR,JAX,LAC,0,0,0.0,0,0.0,0.0,0.0,0,0.0,0,11,5,56.0,1,11.6,16.6,,,75.0,215.0,22.2074375,1.0,Penn State,2014.0,2014.0,JAX,61,-6.0,0.2244898
2015,13,00-0031428,A.Robinson,WR,JAX,TEN,0,0,0.0,0,0.0,0.0,0.0,0,0.0,0,15,10,153.0,3,33.3,43.3,,,75.0,215.0,22.2074375,1.0,Penn State,2014.0,2014.0,JAX,61,,0.41666666
2015,14,00-0031428,A.Robinson,WR,JAX,IND,0,0,0.0,0,0.0,0.0,0.0,0,0.0,0,4,1,4.0,1,6.4,7.4,,,75.0,215.0,22.2074375,1.0,Penn State,2014.0,2014.0,JAX,61,35.0,0.13333334
2015,15,00-0031428,A.Robinson,WR,JAX,ATL,0,0,0.0,0,0.0,0.0,0.0,0,0.0,0,5,3,57.0,1,11.7,14.7,,,75.0,215.0,22.2074375,1.0,Penn State,2014.0,2014.0,JAX,61,-6.0,0.13513513
2015,16,00-0031428,A.Robinson,WR,JAX,NO,0,0,0.0,0,0.0,0.0,0.0,0,0.0,0,9,6,151.0,1,21.1,27.1,,,75.0,215.0,22.2074375,1.0,Penn State,2014.0,2014.0,JAX,61,,0.25714287
2015,17,00-0031428,A.Robinson,WR,JAX,HOU,0,0,0.0,0,0.0,0.0,0.0,0,0.0,0,9,5,108.0,0,10.8,15.8,,,75.0,215.0,22.2074375,1.0,Penn State,2014.0,2014.0,JAX,61,,0.28125
2015,2,00-0031431,M.Lee,WR,JAX,MIA,0,0,0.0,0,0.0,0.0,0.0,1,12.0,0,4,2,27.0,0,3.9,5.9,,,72.0,200.0,23.954125,1.0,Southern California,2014.0,2014.0,JAX,39,3.0,0.121212125
2015,3,00-0031431,M.Lee,WR,JAX,NE,0,0,0.0,0,0.0,0.0,0.0,0,0.0,0,2,1,13.0,0,1.3,2.3,,,72.0,200.0,23.954125,1.0,Southern California,2014.0,2014.0,JAX,39,,0.060606062
2015,10,00-0031431,M.Lee,WR,JAX,BAL,0,0,0.0,0,0.0,0.0,0.0,1,3.0,0,5,1,8.0,0,1.1,2.1,,,72.0,200.0,23.954125,1.0,Southern California,2014.0,2014.0,JAX,39,,0.11111111
2015,12,00-0031431,M.Lee,WR,JAX,LAC,0,0,0.0,0,0.0,0.0,0.0,1,10.0,0,1,1,3.0,0,1.3,2.3,,,72.0,200.0,23.954125,1.0,Southern California,2014.0,2014.0,JAX,39,-6.0,0.020408163
2015,13,00-0031431,M.Lee,WR,JAX,TEN,0,0,0.0,0,0.0,0.0,0.0,1,4.0,0,4,1,17.0,0,2.1,3.1,,,72.0,200.0,23.954125,1.0,Southern California,2014.0,2014.0,JAX,39,,0.11111111
2015,14,00-0031431,M.Lee,WR,JAX,IND,0,0,0.0,0,0.0,0.0,0.0,0,0.0,0,4,1,21.0,0,2.1,3.1,,,72.0,200.0,23.954125,1.0,Southern California,2014.0,2014.0,JAX,39,35.0,0.13333334
2015,15,00-0031431,M.Lee,WR,JAX,ATL,0,0,0.0,0,0.0,0.0,0.0,0,0.0,0,2,2,46.0,0,4.6,6.6,,,72.0,200.0,23.954125,1.0,Southern California,2014.0,2014.0,JAX,39,-6.0,0.054054055
2015,16,00-0031431,M.Lee,WR,JAX,NO,0,0,0.0,0,0.0,0.0,0.0,1,9.0,0,4,3,26.0,1,9.5,12.5,,,72.0,200.0,23.954125,1.0,Southern California,2014.0,2014.0,JAX,39,,0.114285715
2015,17,00-0031431,M.Lee,WR,JAX,HOU,0,0,0.0,0,0.0,0.0,0.0,0,0.0,0,6,3,30.0,0,3.0,6.0,,,72.0,200.0,23.954125,1.0,Southern California,2014.0,2014.0,JAX,39,,0.1875
2015,14,00-0031459,,RB,CLE,SF,0,0,0.0,0,0.0,0.0,0.0,1,-8.0,0,0,0,0.0,0,-2.8,-2.8,,,74.0,220.0,,1.0,,2014.0,2014.0,,,14.0,
2015,2,00-0031462,J.Cunningham,TE,NYG,ATL,0,0,0.0,0,0.0,0.0,0.0,0,0.0,0,3,1,3.0,0,0.3,1.3,,,75.0,250.0,24.462692307692308,1.0,Southern Connecticut State,2014.0,2014.0,,,-4.0,0.075
2015,9,00-0031462,J.Cunningham,TE,NYG,TB,0,0,0.0,0,0.0,0.0,0.0,0,0.0,0,2,2,10.0,0,1.0,3.0,,,75.0,250.0,24.462692307692308,1.0,Southern Connecticut State,2014.0,2014.0,,,,0.05
2015,10,00-0031462,J.Cunningham,TE,NYG,NE,0,0,0.0,0,0.0,0.0,0.0,0,0.0,0,2,1,16.0,0,1.6,2.6,,,75.0,250.0,24.462692307692308,1.0,Southern Connecticut State,2014.0,2014.0,,,-1.0,0.045454547
2015,12,00-0031462,J.Cunningham,TE,NYG,WAS,0,0,0.0,0,0.0,0.0,0.0,0,0.0,0,4,1,2.0,0,0.2,1.2,,,75.0,250.0,24.462692307692308,1.0,Southern Connecticut State,2014.0,2014.0,,,,0.078431375
2015,15,00-0031462,J.Cunningham,TE,NYG,CAR,0,0,0.0,0,0.0,0.0,0.0,0,0.0,0,3,1,7.0,0,0.7,1.7,,,75.0,250.0,24.462692307692308,1.0,Southern Connecticut State,2014.0,2014.0,,,-3.0,0.06666667
2015,16,00-0031462,J.Cunningham,TE,NYG,MIN,0,0,0.0,0,0.0,0.0,0.0,0,0.0,0,2,2,21.0,0,2.1,4.1,,,75.0,250.0,24.462692307692308,1.0,Southern Connecticut State,2014.0,2014.0,,,,0.05882353
2015,1,00-0031493,,RB,SF,MIN,0,0,0.0,0,0.0,0.0,0.0,4,13.0,0,1,1,7.0,0,2.0,3.0,,,74.0,220.0,27.685555555555553,1.0,No College,2014.0,2015.0,,,17.0,0.03846154
2015,2,00-0031493,,RB,SF,PIT,0,0,0.0,0,0.0,0.0,0.0,2,3.0,0,0,0,0.0,0,0.3,0.3,,,74.0,220.0,27.685555555555553,1.0,No College,2014.0,2015.0,,,,
2015,5,00-0031493,,RB,SF,NYG,0,0,0.0,0,0.0,0.0,0.0,2,9.0,0,0,0,0.0,0,0.9,0.9,,,74.0,220.0,27.685555555555553,1.0,No College,2014.0,2015.0,,,,
2015,16,00-0031493,,RB,SF,DET,0,0,0.0,0,0.0,0.0,0.0,9,27.0,0,6,5,20.0,0,4.7,9.7,,,74.0,220.0,27.685555555555553,1.0,No College,2014.0,2015.0,,,,0.18181819
2015,1,00-0031503,J.Winston,QB,TB,TEN,16,33,210.0,2,2.0,4.0,29.0,6,18.0,0,0,0,0.0,0,14.2,14.2,,,76.0,231.0,21.840125,0.0,Florida State,2015.0,2015.0,TB,1,-28.0,
2015,2,00-0031503,J.Winston,QB,TB,NO,14,21,207.0,1,0.0,3.0,13.0,6,23.0,1,0,0,0.0,0,18.58,18.58,,,76.0,231.0,21.840125,0.0,Florida State,2015.0,2015.0,TB,1,,
2015,3,00-0031503,J.Winston,QB,TB,HOU,17,36,261.0,1,1.0,0.0,-0.0,0,0.0,0,0,0,0.0,0,12.44,12.44,,,76.0,231.0,21.840125,0.0,Florida State,2015.0,2015.0,TB,1,,
2015,4,00-0031503,J.Winston,QB,TB,CAR,26,43,287.0,2,4.0,2.0,17.0,4,12.0,0,0,0,0.0,0,12.68,12.68,,,76.0,231.0,21.840125,0.0,Florida State,2015.0,2015.0,TB,1,-14.0,
2015,5,00-0031503,J.Winston,QB,TB,JAX,13,19,209.0,1,0.0,2.0,23.0,4,9.0,0,0,0,0.0,0,15.26,15.26,,,76.0,231.0,21.840125,0.0,Florida State,2015.0,2015.0,TB,1,7.0,
2015,7,00-0031503,J.Winston,QB,TB,WAS,21,29,297.0,2,0.0,1.0,8.0,1,5.0,0,0,0,0.0,0,20.38,20.38,,,76.0,231.0,21.840125,0.0,Florida State,2015.0,2015.0,TB,1,,
2015,8,00-0031503,J.Winston,QB,TB,ATL,16,29,177.0,1,0.0,2.0,4.0,3,24.0,1,0,0,0.0,0,19.48,19.48,,,76.0,231.0,21.840125,0.0,Florida State,2015.0,2015.0,TB,1,,
2015,9,00-0031503,J.Winston,QB,TB,NYG,19,36,247.0,0,0.0,0.0,-0.0,3,24.0,1,0,0,0.0,0,18.28,18.28,,,76.0,231.0,21.840125,0.0,Florida State,2015.0,2015.0,TB,1,-14.0,
2015,10,00-0031503,J.Winston,QB,TB,DAL,22,39,264.0,0,2.0,2.0,18.0,3,3.0,1,0,0,0.0,0,12.86,12.86,,,76.0,231.0,21.840125,0.0,Florida State,2015.0,2015.0,TB,1,4.0,
2015,11,00-0031503,J.Winston,QB,TB,PHI,19,29,246.0,5,0.0,1.0,8.0,4,0.0,0,0,0,0.0,0,29.84,29.84,,,76.0,231.0,21.840125,0.0,Florida State,2015.0,2015.0,TB,1,,
2015,12,00-0031503,J.Winston,QB,TB,IND,20,36,245.0,1,1.0,5.0,33.0,3,27.0,0,0,0,0.0,0,14.5,14.5,,,76.0,231.0,21.840125,0.0,Florida State,2015.0,2015.0,TB,1,,
2015,13,00-0031503,J.Winston,QB,TB,ATL,18,27,227.0,1,1.0,1.0,5.0,5,15.0,1,0,0,0.0,0,18.58,18.58,,,76.0,231.0,21.840125,0.0,Florida State,2015.0,2015.0,TB,1,4.0,
2015,14,00-0031503,J.Winston,QB,TB,NO,18,32,182.0,1,0.0,1.0,6.0,3,24.0,0,0,0,0.0,0,13.68,13.68,,,76.0,231.0,21.840125,0.0,Florida State,2015.0,2015.0,TB,1,-7.0,
2015,15,00-0031503,J.Winston,QB,TB,LA,29,50,363.0,2,1.0,0.0,-0.0,2,5.0,0,0,0,0.0,0,19.02,19.02,,,76.0,231.0,21.840125,0.0,Florida State,2015.0,2015.0,TB,1,,
2015,16,00-0031503,J.Winston,QB,TB,CHI,15,29,295.0,2,1.0,1.0,10.0,4,10.0,0,0,0,0.0,0,18.8,18.8,,,76.0,231.0,21.840125,0.0,Florida State,2015.0,2015.0,TB,1,-5.0,
2015,17,00-0031503,J.Winston,QB,TB,CAR,29,47,325.0,0,2.0,2.0,16.0,3,14.0,1,0,0,0.0,0,16.4,16.4,,,76.0,231.0,21.840125,0.0,Florida State,2015.0,2015.0,TB,1,,
2015,2,00-0031511,D.White,WR,SF,PIT,0,0,0.0,0,0.0,0.0,0.0,0,0.0,0,2,2,18.0,0,1.8,3.8,,,72.0,192.0,24.0613125,0.0,Alabama,2015.0,2015.0,,,,0.04347826
2015,1,00-0031526,,RB,IND,BUF,0,0,0.0,0,0.0,0.0,0.0,1,2.0,0,1,1,18.0,0,2.0,3.0,,,70.0,225.0,22.0058,0.0,Yale,2015.0,2015.0,,,,0.020408163
2015,3,00-0031526,,RB,IND,TEN,0,0,0.0,0,0.0,0.0,0.0,0,0.0,0,1,0,0.0,0,0.0,0.0,,,70.0,225.0,22.0058,0.0,Yale,2015.0,2015.0,,,,0.033333335
2015,17,00-0031531,Tr.Williams,RB,IND,TEN,0,0,0.0,0,0.0,0.0,0.0,2,12.0,0,0,0,0.0,0,1.2,1.2,,,67.0,195.0,22.975,0.0,Texas A&M,2015.0,2015.0,,,6.0,
2015,1,00-0031544,A.Cooper,WR,LV,CIN,0,0,0.0,0,0.0,0.0,0.0,0,0.0,0,9,5,47.0,0,4.7,9.7,,,73.0,210.0,21.3966875,0.0,Alabama,2015.0,2015.0,OAK,4,,0.20930232
2015,2,00-0031544,A.Cooper,WR,LV,BAL,0,0,0.0,0,0.0,0.0,0.0,0,0.0,0,11,7,109.0,1,16.9,23.9,,,73.0,210.0,21.3966875,0.0,Alabama,2015.0,2015.0,OAK,4,,0.23913044
2015,3,00-0031544,A.Cooper,WR,LV,CLE,0,0,0.0,0,0.0,0.0,0.0,0,0.0,0,11,8,134.0,0,11.4,19.4,,,73.0,210.0,21.3966875,0.0,Alabama,2015.0,2015.0,OAK,4,,0.34375
2015,4,00-0031544,A.Cooper,WR,LV,CHI,0,0,0.0,0,0.0,0.0,0.0,0,0.0,0,9,4,49.0,1,10.9,14.9,,,73.0,210.0,21.3966875,0.0,Alabama,2015.0,2015.0,OAK,4,,0.27272728
2015,5,00-0031544,A.Cooper,WR,LV,DEN,0,0,0.0,0,0.0,0.0,0.0,1,2.0,0,4,4,47.0,0,4.9,8.9,,,73.0,210.0,21.3966875,0.0,Alabama,2015.0,2015.0,OAK,4,,0.102564104
2015,7,00-0031544,A.Cooper,WR,LV,LAC,0,0,0.0,0,0.0,0.0,0.0,0,0.0,0,6,5,133.0,1,19.3,24.3,,,73.0,210.0,21.3966875,0.0,Alabama,2015.0,2015.0,OAK,4,,0.19354838
2015,8,00-0031544,A.Cooper,WR,LV,NYJ,0,0,0.0,0,0.0,0.0,0.0,1,2.0,0,9,5,46.0,0,4.8,9.8,,,73.0,210.0,21.3966875,0.0,Alabama,2015.0,2015.0,OAK,4,,0.25
2015,9,00-0031544,A.Cooper,WR,LV,PIT,0,0,0.0,0,0.0,0.0,0.0,0,0.0,0,13,7,88.0,1,14.8,21.8,,,73.0,210.0,21.3966875,0.0,Alabama,2015.0,2015.0,OAK,4,,0.29545453
2015,10,00-0031544,A.Cooper,WR,LV,MIN,0,0,0.0,0,0.0,0.0,0.0,0,0.0,0,9,5,79.0,0,7.9,12.9,,,73.0,210.0,21.3966875,0.0,Alabama,2015.0,2015.0,OAK,4,,0.2195122
2015,11,00-0031544,A.Cooper,WR,LV,DET,0,0,0.0,0,0.0,0.0,0.0,0,0.0,0,4,1,4.0,0,0.4,1.4,,,73.0,210.0,21.3966875,0.0,Alabama,2015.0,2015.0,OAK,4,,0.16
2015,12,00-0031544,A.Cooper,WR,LV,TEN,0,0,0.0,0,0.0,0.0,0.0,0,0.0,0,12,7,127.0,0,12.7,19.7,,,73.0,210.0,21.3966875,0.0,Alabama,2015.0,2015.0,OAK,4,,0.31578946
2015,13,00-0031544,A.Cooper,WR,LV,KC,0,0,0.0,0,0.0,0.0,0.0,1,-7.0,0,8,4,69.0,0,6.2,10.2,,,73.0,210.0,21.3966875,0.0,Alabama,2015.0,2015.0,OAK,4,,0.16666667
2015,14,00-0031544,A.Cooper,WR,LV,DEN,0,0,0.0,0,0.0,0.0,0.0,0,0.0,0,8,0,0.0,0,0.0,0.0,,,73.0,210.0,21.3966875,0.0,Alabama,2015.0,2015.0,OAK,4,,0.27586207
2015,15,00-0031544,A.Cooper,WR,LV,GB,0,0,0.0,0,0.0,0.0,0.0,0,0.0,0,9,6,120.0,2,24.0,30.0,,,73.0,210.0,21.3966875,0.0,Alabama,2015.0,2015.0,OAK,4,,0.19148937
2015,16,00-0031544,A.Cooper,WR,LV,LAC,0,0,0.0,0,0.0,0.0,0.0,0,0.0,0,3,2,10.0,0,1.0,3.0,,,73.0,210.0,21.3966875,0.0,Alabama,2015.0,2015.0,OAK,4,,0.08108108
2015,17,00-0031544,A.Cooper,WR,LV,KC,0,0,0.0,0,0.0,0.0,0.0,0,0.0,0,5,2,20.0,0,2.0,4.0,,,73.0,210.0,21.3966875,0.0,Alabama,2015.0,2015.0,OAK,4,,0.15625
2015,2,00-0031547,D.Parker,WR,MIA,JAX,0,0,0.0,0,0.0,0.0,0.0,0,0.0,0,1,1,3.0,0,0.3,1.3,,,75.0,218.0,22.8025625,0.0,Louisville,2015.0,2015.0,MIA,14,,0.023255814
2015,3,00-0031547,D.Parker,WR,MIA,BUF,0,0,0.0,0,0.0,0.0,0.0,0,0.0,0,7,3,46.0,0,4.6,7.6,,,75.0,218.0,22.8025625,0.0,Louisville,2015.0,2015.0,MIA,14,-27.0,0.14285715
2015,12,00-0031547,D.Parker,WR,MIA,NYJ,0,0,0.0,0,0.0,0.0,0.0,0,0.0,0,10,4,80.0,1,14.0,18.0,,,75.0,218.0,22.8025625,0.0,Louisville,2015.0,2015.0,MIA,14,,0.1724138
2015,13,00-0031547,D.Parker,WR,MIA,BAL,0,0,0.0,0,0.0,0.0,0.0,0,0.0,0,5,3,63.0,1,12.3,15.3,,,75.0,218.0,22.8025625,0.0,Louisville,2015.0,2015.0,MIA,14,2.0,0.2631579
2015,14,00-0031547,D.Parker,WR,MIA,NYG,0,0,0.0,0,0.0,0.0,0.0,0,0.0,0,5,2,16.0,0,1.6,3.6,,,75.0,218.0,22.8025625,0.0,Louisville,2015.0,2015.0,MIA,14,-7.0,0.12195122
2015,15,00-0031547,D.Parker,WR,MIA,LAC,0,0,0.0,0,0.0,0.0,0.0,0,0.0,0,6,4,87.0,0,8.7,12.7,,,75.0,218.0,22.8025625,0.0,Louisville,2015.0,2015.0,MIA,14,,0.19354838
2015,16,00-0031547,D.Parker,WR,MIA,IND,0,0,0.0,0,0.0,0.0,0.0,0,0.0,0,10,4,93.0,0,9.3,13.3,,,75.0,218.0,22.8025625,0.0,Louisville,2015.0,2015.0,MIA,14,-6.0,0.2631579
2015,17,00-0031547,D.Parker,WR,MIA,NE,0,0,0.0,0,0.0,0.0,0.0,0,0.0,0,6,5,106.0,1,16.6,21.6,,,75.0,218.0,22.8025625,0.0,Louisville,2015.0,2015.0,MIA,14,10.0,0.15789473
2015,1,00-0031549,N.Agholor,WR,PHI,ATL,0,0,0.0,0,0.0,0.0,0.0,0,0.0,0,2,1,5.0,0,0.5,1.5,,,72.0,198.0,22.4595,0.0,Southern California,2015.0,2015.0,PHI,20,,0.03846154
2015,2,00-0031549,N.Agholor,WR,PHI,DAL,0,0,0.0,0,0.0,0.0,0.0,0,0.0,0,6,3,31.0,0,3.1,6.1,,,72.0,198.0,22.4595,0.0,Southern California,2015.0,2015.0,PHI,20,-10.0,0.16216215
2015,3,00-0031549,N.Agholor,WR,PHI,NYJ,0,0,0.0,0,0.0,0.0,0.0,0,0.0,0,4,0,0.0,0,0.0,0.0,,,72.0,198.0,22.4595,0.0,Southern California,2015.0,2015.0,PHI,20,,0.14285715
2015,4,00-0031549,N.Agholor,WR,PHI,WAS,0,0,0.0,0,0.0,0.0,0.0,0,0.0,0,4,3,64.0,0,4.4,7.4,,,72.0,198.0,22.4595,0.0,Southern California,2015.0,2015.0,PHI,20,,0.14285715
2015,5,00-0031549,N.Agholor,WR,PHI,NO,0,0,0.0,0,0.0,0.0,0.0,0,0.0,0,1,1,5.0,0,0.5,1.5,,,72.0,198.0,22.4595,0.0,Southern California,2015.0,2015.0,PHI,20,22.0,0.022222223
2015,10,00-0031549,N.Agholor,WR,PHI,MIA,0,0,0.0,0,0.0,0.0,0.0,0,0.0,0,4,3,32.0,0,3.2,6.2,,,72.0,198.0,22.4595,0.0,Southern California,2015.0,2015.0,PHI,20,-1.0,0.083333336
2015,11,00-0031549,N.Agholor,WR,PHI,TB,0,0,0.0,0,0.0,0.0,0.0,0,0.0,0,4,3,11.0,0,1.1,4.1,,,72.0,198.0,22.4595,0.0,Southern California,2015.0,2015.0,PHI,20,-28.0,0.09756097
2015,12,00-0031549,N.Agholor,WR,PHI,DET,0,0,0.0,0,0.0,0.0,0.0,0,0.0,0,2,2,15.0,0,1.5,3.5,,,72.0,198.0,22.4595,0.0,Southern California,2015.0,2015.0,PHI,20,,0.074074075
2015,13,00-0031549,N.Agholor,WR,PHI,NE,0,0,0.0,0,0.0,0.0,0.0,0,0.0,0,2,0,0.0,0,0.0,0.0,,,72.0,198.0,22.4595,0.0,Southern California,2015.0,2015.0,PHI,20,,0.083333336
2015,14,00-0031549,N.Agholor,WR,PHI,BUF,0,0,0.0,0,0.0,0.0,0.0,0,0.0,0,6,3,62.0,1,12.2,15.2,,,72.0,198.0,22.4595,0.0,Southern California,2015.0,2015.0,PHI,20,3.0,0.16216215
2015,15,00-0031549,N.Agholor,WR,PHI,ARI,0,0,0.0,0,0.0,0.0,0.0,0,0.0,0,1,0,0.0,0,0.0,0.0,,,72.0,198.0,22.4595,0.0,Southern California,2015.0,2015.0,PHI,20,-23.0,0.024390243
2015,16,00-0031549,N.Agholor,WR,PHI,WAS,0,0,0.0,0,0.0,0.0,0.0,0,0.0,0,5,2,35.0,0,3.5,5.5,,,72.0,198.0,22.4595,0.0,Southern California,2015.0,2015.0,PHI,20,-14.0,0.09090909
2015,17,00-0031549,N.Agholor,WR,PHI,NYG,0,0,0.0,0,0.0,0.0,0.0,0,0.0,0,3,2,23.0,0,2.3,4.3,,,72.0,198.0,22.4595,0.0,Southern California,2015.0,2015.0,PHI,20,,0.078947365
2015,1,00-0031558,M.Williams,TE,BAL,DEN,0,0,0.0,0,0.0,0.0,0.0,0,0.0,0,2,1,15.0,0,1.5,2.5,,,76.0,250.0,,0.0,Minnesota,2015.0,2015.0,BLT,55,,0.0625
2015,2,00-0031558,M.Williams,TE,BAL,LV,0,0,0.0,0,0.0,0.0,0.0,0,0.0,0,1,1,8.0,0,0.8,1.8,,,76.0,250.0,,0.0,Minnesota,2015.0,2015.0,BLT,55,,0.022222223
2015,3,00-0031558,M.Williams,TE,BAL,CIN,0,0,0.0,0,0.0,0.0,0.0,0,0.0,0,7,3,44.0,0,4.4,7.4,,,76.0,250.0,,0.0,Minnesota,2015.0,2015.0,BLT,55,-4.0,0.14583333
2015,4,00-0031558,M.Williams,TE,BAL,PIT,0,0,0.0,0,0.0,0.0,0.0,0,0.0,0,4,2,17.0,0,1.7,3.7,,,76.0,250.0,,0.0,Minnesota,2015.0,2015.0,BLT,55,,0.121212125
2015,5,00-0031558,M.Williams,TE,BAL,CLE,0,0,0.0,0,0.0,0.0,0.0,0,0.0,0,1,1,0.0,0,0.0,1.0,,,76.0,250.0,,0.0,Minnesota,2015.0,2015.0,BLT,55,-3.0,0.028571429
2015,6,00-0031558,M.Williams,TE,BAL,SF,0,0,0.0,0,0.0,0.0,0.0,0,0.0,0,4,4,24.0,0,2.4,6.4,,,76.0,250.0,,0.0,Minnesota,2015.0,2015.0,BLT,55,,0.07692308
2015,10,00-0031558,M.Williams,TE,BAL,JAX,0,0,0.0,0,0.0,0.0,0.0,0,0.0,0,4,4,40.0,1,10.0,14.0,,,76.0,250.0,,0.0,Minnesota,2015.0,2015.0,BLT,55,-2.0,0.08888889
2015,11,00-0031558,M.Williams,TE,BAL,LA,0,0,0.0,0,0.0,0.0,0.0,0,0.0,0,4,3,20.0,0,2.0,5.0,,,76.0,250.0,,0.0,Minnesota,2015.0,2015.0,BLT,55,3.0,0.093023255
2015,15,00-0031558,M.Williams,TE,BAL,KC,0,0,0.0,0,0.0,0.0,0.0,0,0.0,0,6,5,31.0,0,3.1,8.1,,,76.0,250.0,,0.0,Minnesota,2015.0,2015.0,BLT,55,-20.0,0.13333334
2015,16,00-0031558,M.Williams,TE,BAL,PIT,0,0,0.0,0,0.0,0.0,0.0,0,0.0,0,5,2,16.0,0,1.6,3.6,,,76.0,250.0,,0.0,Minnesota,2015.0,2015.0,BLT,55,3.0,0.125
2015,17,00-0031558,M.Williams,TE,BAL,CIN,0,0,0.0,0,0.0,0.0,0.0,0,0.0,0,10,6,53.0,0,5.3,11.3,,,76.0,250.0,,0.0,Minnesota,2015.0,2015.0,BLT,55,,0.18518518
2015,5,00-0031560,J.Strong,WR,HOU,IND,0,0,0.0,0,0.0,0.0,0.0,0,0.0,0,2,2,53.0,2,17.3,19.3,,,74.0,217.0,,0.0,Arizona State,2015.0,2015.0,HST,70,-7.0,0.048780486
2015,6,00-0031560,J.Strong,WR,HOU,JAX,0,0,0.0,0,0.0,0.0,0.0,0,0.0,0,1,1,5.0,0,0.5,1.5,,,74.0,217.0,,0.0,Arizona State,2015.0,2015.0,HST,70,,0.027777778
2015,7,00-0031560,J.Strong,WR,HOU,MIA,0,0,0.0,0,0.0,0.0,0.0,0,0.0,0,1,0,0.0,0,0.0,0.0,,,74.0,217.0,,0.0,Arizona State,2015.0,2015.0,HST,70,,0.020408163
2015,8,00-0031560,J.Strong,WR,HOU,TEN,0,0,0.0,0,0.0,0.0,0.0,0,0.0,0,2,0,0.0,0,0.0,0.0,,,74.0,217.0,,0.0,Arizona State,2015.0,2015.0,HST,70,14.0,0.05882353
2015,11,00-0031560,J.Strong,WR,HOU,NYJ,0,0,0.0,0,0.0,0.0,0.0,0,0.0,0,1,0,0.0,0,0.0,0.0,,,74.0,217.0,,0.0,Arizona State,2015.0,2015.0,HST,70,7.0,0.029411765
2015,13,00-0031560,J.Strong,WR,HOU,BUF,0,0,0.0,0,0.0,0.0,0.0,0,0.0,0,2,0,0.0,0,0.0,0.0,,,74.0,217.0,,0.0,Arizona State,2015.0,2015.0,HST,70,,0.046511628
2015,14,00-0031560,J.Strong,WR,HOU,NE,0,0,0.0,0,0.0,0.0,0.0,0,0.0,0,1,1,6.0,0,0.6,1.6,,,74.0,217.0,,0.0,Arizona State,2015.0,2015.0,HST,70,-21.0,0.041666668
2015,15,00-0031560,J.Strong,WR,HOU,IND,0,0,0.0,0,0.0,0.0,0.0,0,0.0,0,2,2,23.0,1,8.3,10.3,,,74.0,217.0,,0.0,Arizona State,2015.0,2015.0,HST,70,,0.074074075
2015,16,00-0031560,J.Strong,WR,HOU,TEN,0,0,0.0,0,0.0,0.0,0.0,0,0.0,0,5,2,18.0,0,1.8,3.8,,,74.0,217.0,,0.0,Arizona State,2015.0,2015.0,HST,70,,0.1923077
2015,17,00-0031560,J.Strong,WR,HOU,JAX,0,0,0.0,0,0.0,0.0,0.0,0,0.0,0,7,6,56.0,0,5.6,11.6,,,74.0,217.0,,0.0,Arizona State,2015.0,2015.0,HST,70,24.0,0.17073171
2015,18,00-0031560,J.Strong,WR,HOU,KC,0,0,0.0,0,0.0,0.0,0.0,0,0.0,0,2,1,17.0,0,1.7,2.7,,,74.0,217.0,,0.0,Arizona State,2015.0,2015.0,HST,70,-30.0,0.05882353
2015,1,00-0031569,J.Langford,RB,CHI,GB,0,0,0.0,0,0.0,0.0,0.0,1,1.0,0,0,0,0.0,0,0.1,0.1,,,72.0,208.0,23.9254375,0.0,Michigan State,2015.0,2015.0,CHI,106,-8.0,
2015,2,00-0031569,J.Langford,RB,CHI,ARI,0,0,0.0,0,0.0,0.0,0.0,6,21.0,1,0,0,0.0,0,8.1,8.1,,,72.0,208.0,23.9254375,0.0,Michigan State,2015.0,2015.0,CHI,106,-25.0,
2015,4,00-0031569,J.Langford,RB,CHI,LV,0,0,0.0,0,0.0,0.0,0.0,1,4.0,0,0,0,0.0,0,0.4,0.4,,,72.0,208.0,23.9254375,0.0,Michigan State,2015.0,2015.0,CHI,106,2.0,
2015,5,00-0031569,J.Langford,RB,CHI,KC,0,0,0.0,0,0.0,0.0,0.0,2,-2.0,0,2,1,14.0,0,1.2,2.2,,,72.0,208.0,23.9254375,0.0,Michigan State,2015.0,2015.0,CHI,106,,0.044444446
2015,6,00-0031569,J.Langford,RB,CHI,DET,0,0,0.0,0,0.0,0.0,0.0,5,10.0,1,2,1,17.0,0,8.7,9.7,,,72.0,208.0,23.9254375,0.0,Michigan State,2015.0,2015.0,CHI,106,,0.048780486
2015,8,00-0031569,J.Langford,RB,CHI,MIN,0,0,0.0,0,0.0,0.0,0.0,12,46.0,0,1,0,0.0,0,4.6,4.6,,,72.0,208.0,23.9254375,0.0,Michigan State,2015.0,2015.0,CHI,106,-3.0,0.030303031
2015,9,00-0031569,J.Langford,RB,CHI,LAC,0,0,0.0,0,0.0,0.0,0.0,18,72.0,1,4,3,70.0,0,22.2,25.2,,,72.0,208.0,23.9254375,0.0,Michigan State,2015.0,2015.0,CHI,106,,0.10526316
2015,10,00-0031569,J.Langford,RB,CHI,LA,0,0,0.0,0,0.0,0.0,0.0,20,73.0,1,9,7,109.0,1,30.2,37.2,,,72.0,208.0,23.9254375,0.0,Michigan State,2015.0,2015.0,CHI,106,,0.375
2015,11,00-0031569,J.Langford,RB,CHI,DEN,0,0,0.0,0,0.0,0.0,0.0,13,25.0,1,6,3,17.0,0,10.2,13.2,,,72.0,208.0,23.9254375,0.0,Michigan State,2015.0,2015.0,CHI,106,-2.0,0.1875
2015,12,00-0031569,J.Langford,RB,CHI,GB,0,0,0.0,0,0.0,0.0,0.0,12,48.0,1,3,1,5.0,0,11.3,12.3,,,72.0,208.0,23.9254375,0.0,Michigan State,2015.0,2015.0,CHI,106,,0.09677419
2015,13,00-0031569,J.Langford,RB,CHI,SF,0,0,0.0,0,0.0,0.0,0.0,12,59.0,0,3,2,9.0,0,6.8,8.8,,,72.0,208.0,23.9254375,0.0,Michigan State,2015.0,2015.0,CHI,106,-6.0,0.09677419
2015,14,00-0031569,J.Langford,RB,CHI,WAS,0,0,0.0,0,0.0,0.0,0.0,11,37.0,0,7,3,27.0,0,6.4,9.4,,,72.0,208.0,23.9254375,0.0,Michigan State,2015.0,2015.0,CHI,106,-3.0,0.22580644
2015,15,00-0031569,J.Langford,RB,CHI,MIN,0,0,0.0,0,0.0,0.0,0.0,11,46.0,0,3,1,11.0,0,5.7,6.7,,,72.0,208.0,23.9254375,0.0,Michigan State,2015.0,2015.0,CHI,106,,0.083333336
2015,16,00-0031569,J.Langford,RB,CHI,TB,0,0,0.0,0,0.0,0.0,0.0,19,83.0,0,2,0,0.0,0,8.3,8.3,,,72.0,208.0,23.9254375,0.0,Michigan State,2015.0,2015.0,CHI,106,,0.074074075
2015,17,00-0031569,J.Langford,RB,CHI,DET,0,0,0.0,0,0.0,0.0,0.0,5,14.0,0,0,0,0.0,0,1.4,1.4,,,72.0,208.0,23.9254375,0.0,Michigan State,2015.0,2015.0,CHI,106,-4.0,
2015,8,00-0031570,J.Hardy,WR,ATL,TB,0,0,0.0,0,0.0,0.0,0.0,0,0.0,0,4,2,21.0,0,2.1,4.1,,,70.0,192.0,23.888875,0.0,East Carolina,2015.0,2015.0,ATL,107,-3.0,0.08888889
2015,9,00-0031570,J.Hardy,WR,ATL,SF,0,0,0.0,0,0.0,0.0,0.0,0,0.0,0,4,4,17.0,0,1.7,5.7,,,70.0,192.0,23.888875,0.0,East Carolina,2015.0,2015.0,ATL,107,,0.08888889
2015,11,00-0031570,J.Hardy,WR,ATL,IND,0,0,0.0,0,0.0,0.0,0.0,0,0.0,0,2,1,7.0,0,0.7,1.7,,,70.0,192.0,23.888875,0.0,East Carolina,2015.0,2015.0,ATL,107,-3.0,0.04347826
2015,12,00-0031570,J.Hardy,WR,ATL,MIN,0,0,0.0,0,0.0,0.0,0.0,0,0.0,0,2,2,21.0,0,2.1,4.1,,,70.0,192.0,23.888875,0.0,East Carolina,2015.0,2015.0,ATL,107,-10.0,0.06451613
2015,13,00-0031570,J.Hardy,WR,ATL,TB,0,0,0.0,0,0.0,0.0,0.0,0,0.0,0,3,2,34.0,0,3.4,5.4,,,70.0,192.0,23.888875,0.0,East Carolina,2015.0,2015.0,ATL,107,,0.06818182
2015,14,00-0031570,J.Hardy,WR,ATL,CAR,0,0,0.0,0,0.0,0.0,0.0,0,0.0,0,7,1,9.0,0,0.9,1.9,,,70.0,192.0,23.888875,0.0,East Carolina,2015.0,2015.0,ATL,107,,0.17073171
2015,15,00-0031570,J.Hardy,WR,ATL,JAX,0,0,0.0,0,0.0,0.0,0.0,0,0.0,0,5,3,36.0,0,3.6,6.6,,,70.0,192.0,23.888875,0.0,East Carolina,2015.0,2015.0,ATL,107,,0.14285715
2015,16,00-0031570,J.Hardy,WR,ATL,CAR,0,0,0.0,0,0.0,0.0,0.0,0,0.0,0,3,2,15.0,0,1.5,3.5,,,70.0,192.0,23.888875,0.0,East Carolina,2015.0,2015.0,ATL,107,7.0,0.10344828
2015,17,00-0031570,J.Hardy,WR,ATL,NO,0,0,0.0,0,0.0,0.0,0.0,0,0.0,0,6,4,34.0,0,3.4,7.4,,,70.0,192.0,23.888875,0.0,East Carolina,2015.0,2015.0,ATL,107,-3.0,0.16666667
2015,1,00-0031577,J.Allen,RB,BAL,DEN,0,0,0.0,0,0.0,0.0,0.0,9,30.0,0,1,1,4.0,0,3.4,4.4,,,72.0,220.0,,0.0,Southern California,2015.0,2015.0,BLT,125,,0.03125
2015,2,00-0031577,J.Allen,RB,BAL,LV,0,0,0.0,0,0.0,0.0,0.0,1,5.0,0,1,1,2.0,0,0.7,1.7,,,72.0,220.0,,0.0,Southern California,2015.0,2015.0,BLT,125,,0.022222223
2015,3,00-0031577,J.Allen,RB,BAL,CIN,0,0,0.0,0,0.0,0.0,0.0,3,12.0,0,0,0,0.0,0,1.2,1.2,,,72.0,220.0,,0.0,Southern California,2015.0,2015.0,BLT,125,-4.0,
2015,4,00-0031577,J.Allen,RB,BAL,PIT,0,0,0.0,0,0.0,0.0,0.0,5,19.0,0,0,0,0.0,0,1.9,1.9,,,72.0,220.0,,0.0,Southern California,2015.0,2015.0,BLT,125,,
2015,5,00-0031577,J.Allen,RB,BAL,CLE,0,0,0.0,0,0.0,0.0,0.0,8,58.0,0,1,0,0.0,0,5.8,5.8,,,72.0,220.0,,0.0,Southern California,2015.0,2015.0,BLT,125,-3.0,0.028571429
2015,6,00-0031577,J.Allen,RB,BAL,SF,0,0,0.0,0,0.0,0.0,0.0,4,13.0,0,3,1,8.0,0,2.1,3.1,,,72.0,220.0,,0.0,Southern California,2015.0,2015.0,BLT,125,,0.057692308
2015,7,00-0031577,J.Allen,RB,BAL,ARI,0,0,0.0,0,0.0,0.0,0.0,3,25.0,0,1,1,10.0,0,3.5,4.5,,,72.0,220.0,,0.0,Southern California,2015.0,2015.0,BLT,125,,0.025641026
2015,8,00-0031577,J.Allen,RB,BAL,LAC,0,0,0.0,0,0.0,0.0,0.0,4,1.0,0,4,3,30.0,0,3.1,6.1,,,72.0,220.0,,0.0,Southern California,2015.0,2015.0,BLT,125,3.0,0.10810811
2015,10,00-0031577,J.Allen,RB,BAL,JAX,0,0,0.0,0,0.0,0.0,0.0,5,19.0,0,2,1,4.0,0,2.3,3.3,,,72.0,220.0,,0.0,Southern California,2015.0,2015.0,BLT,125,-2.0,0.044444446
2015,11,00-0031577,J.Allen,RB,BAL,LA,0,0,0.0,0,0.0,0.0,0.0,22,67.0,0,6,5,48.0,0,11.5,16.5,,,72.0,220.0,,0.0,Southern California,2015.0,2015.0,BLT,125,3.0,0.13953489
2015,12,00-0031577,J.Allen,RB,BAL,CLE,0,0,0.0,0,0.0,0.0,0.0,12,55.0,0,5,4,29.0,1,14.4,18.4,,,72.0,220.0,,0.0,Southern California,2015.0,2015.0,BLT,125,,0.14705883
2015,13,00-0031577,J.Allen,RB,BAL,MIA,0,0,0.0,0,0.0,0.0,0.0,17,63.0,0,13,12,107.0,1,23.0,35.0,,,72.0,220.0,,0.0,Southern California,2015.0,2015.0,BLT,125,,0.2826087
2015,14,00-0031577,J.Allen,RB,BAL,SEA,0,0,0.0,0,0.0,0.0,0.0,8,14.0,0,9,5,44.0,0,3.8,8.8,,,72.0,220.0,,0.0,Southern California,2015.0,2015.0,BLT,125,-29.0,0.225
2015,15,00-0031577,J.Allen,RB,BAL,KC,0,0,0.0,0,0.0,0.0,0.0,4,18.0,0,1,0,0.0,0,-0.2,-0.2,,,72.0,220.0,,0.0,Southern California,2015.0,2015.0,BLT,125,-20.0,0.022222223
2015,16,00-0031577,J.Allen,RB,BAL,PIT,0,0,0.0,0,0.0,0.0,0.0,17,77.0,1,5,5,35.0,0,17.2,22.2,,,72.0,220.0,,0.0,Southern California,2015.0,2015.0,BLT,125,3.0,0.125
2015,17,00-0031577,J.Allen,RB,BAL,CIN,0,0,0.0,0,0.0,0.0,0.0,15,38.0,0,10,6,32.0,0,7.0,13.0,,,72.0,220.0,,0.0,Southern California,2015.0,2015.0,BLT,125,,0.18518518
2015,3,00-0031585,M.Pruitt,TE,MIN,LAC,0,0,0.0,0,0.0,0.0,0.0,0,0.0,0,2,0,0.0,0,0.0,0.0,,,74.0,258.0,23.639235294117647,0.0,Southern Illinois,2015.0,2015.0,MIN,143,17.0,0.083333336
2015,4,00-0031585,M.Pruitt,TE,MIN,DEN,0,0,0.0,0,0.0,0.0,0.0,0,0.0,0,1,0,0.0,0,0.0,0.0,,,74.0,258.0,23.639235294117647,0.0,Southern Illinois,2015.0,2015.0,MIN,143,,0.024390243
2015,7,00-0031585,M.Pruitt,TE,MIN,DET,0,0,0.0,0,0.0,0.0,0.0,0,0.0,0,1,1,13.0,0,1.3,2.3,,,74.0,258.0,23.639235294117647,0.0,Southern Illinois,2015.0,2015.0,MIN,143,,0.029411765
2015,8,00-0031585,M.Pruitt,TE,MIN,CHI,0,0,0.0,0,0.0,0.0,0.0,0,0.0,0,3,2,15.0,0,1.5,3.5,,,74.0,258.0,23.639235294117647,0.0,Southern Illinois,2015.0,2015.0,MIN,143,,0.10344828
2015,9,00-0031585,M.Pruitt,TE,MIN,LA,0,0,0.0,0,0.0,0.0,0.0,0,0.0,0,2,1,6.0,0,0.6,1.6,,,74.0,258.0,23.639235294117647,0.0,Southern Illinois,2015.0,2015.0,MIN,143,3.0,0.074074075
2015,10,00-0031585,M.Pruitt,TE,MIN,LV,0,0,0.0,0,0.0,0.0,0.0,0,0.0,0,2,2,7.0,0,0.7,2.7,,,74.0,258.0,23.639235294117647,0.0,Southern Illinois,2015.0,2015.0,MIN,143,,0.0952381
2015,11,00-0031585,M.Pruitt,TE,MIN,GB,0,0,0.0,0,0.0,0.0,0.0,0,0.0,0,1,1,8.0,0,0.8,1.8,,,74.0,258.0,23.639235294117647,0.0,Southern Illinois,2015.0,2015.0,MIN,143,-17.0,0.027027028
2015,13,00-0031585,M.Pruitt,TE,MIN,SEA,0,0,0.0,0,0.0,0.0,0.0,0,0.0,0,1,1,4.0,0,0.4,1.4,,,74.0,258.0,23.639235294117647,0.0,Southern Illinois,2015.0,2015.0,MIN,143,-31.0,0.035714287
2015,14,00-0031585,M.Pruitt,TE,MIN,ARI,0,0,0.0,0,0.0,0.0,0.0,0,0.0,0,2,2,36.0,0,3.6,5.6,,,74.0,258.0,23.639235294117647,0.0,Southern Illinois,2015.0,2015.0,MIN,143,,0.060606062
2015,17,00-0031585,M.Pruitt,TE,MIN,GB,0,0,0.0,0,0.0,0.0,0.0,0,0.0,0,1,0,0.0,0,0.0,0.0,,,74.0,258.0,23.639235294117647,0.0,Southern Illinois,2015.0,2015.0,MIN,143,,0.05882353
2015,18,00-0031585,M.Pruitt,TE,MIN,SEA,0,0,0.0,0,0.0,0.0,0.0,0,0.0,0,2,2,22.0,0,2.2,4.2,,,74.0,258.0,23.639235294117647,0.0,Southern Illinois,2015.0,2015.0,MIN,143,-1.0,0.083333336
2015,4,00-0031588,S.Diggs,WR,MIN,DEN,0,0,0.0,0,0.0,0.0,0.0,0,0.0,0,10,6,87.0,0,8.7,14.7,,,72.0,191.0,21.955470588235293,0.0,Maryland,2015.0,2015.0,MIN,146,,0.24390244
2015,6,00-0031588,S.Diggs,WR,MIN,KC,0,0,0.0,0,0.0,0.0,0.0,0,0.0,0,9,7,129.0,0,12.9,19.9,,,72.0,191.0,21.955470588235293,0.0,Maryland,2015.0,2015.0,MIN,146,6.0,0.29032257
2015,7,00-0031588,S.Diggs,WR,MIN,DET,0,0,0.0,0,0.0,0.0,0.0,1,9.0,0,9,6,108.0,1,17.7,23.7,,,72.0,191.0,21.955470588235293,0.0,Maryland,2015.0,2015.0,MIN,146,,0.2647059
2015,8,00-0031588,S.Diggs,WR,MIN,CHI,0,0,0.0,0,0.0,0.0,0.0,0,0.0,0,12,6,95.0,1,15.5,21.5,,,72.0,191.0,21.955470588235293,0.0,Maryland,2015.0,2015.0,MIN,146,,0.41379312
2015,9,00-0031588,S.Diggs,WR,MIN,LA,0,0,0.0,0,0.0,0.0,0.0,0,0.0,0,5,3,42.0,0,4.2,7.2,,,72.0,191.0,21.955470588235293,0.0,Maryland,2015.0,2015.0,MIN,146,3.0,0.18518518
2015,10,00-0031588,S.Diggs,WR,MIN,LV,0,0,0.0,0,0.0,0.0,0.0,1,10.0,0,2,2,46.0,0,5.6,7.6,,,72.0,191.0,21.955470588235293,0.0,Maryland,2015.0,2015.0,MIN,146,,0.0952381
2015,11,00-0031588,S.Diggs,WR,MIN,GB,0,0,0.0,0,0.0,0.0,0.0,0,0.0,0,9,6,66.0,0,6.6,12.6,,,72.0,191.0,21.955470588235293,0.0,Maryland,2015.0,2015.0,MIN,146,-17.0,0.24324325
2015,12,00-0031588,S.Diggs,WR,MIN,ATL,0,0,0.0,0,0.0,0.0,0.0,0,0.0,0,4,4,31.0,0,3.1,7.1,,,72.0,191.0,21.955470588235293,0.0,Maryland,2015.0,2015.0,MIN,146,,0.14814815
2015,13,00-0031588,S.Diggs,WR,MIN,SEA,0,0,0.0,0,0.0,0.0,0.0,1,-6.0,0,6,2,22.0,0,1.6,3.6,,,72.0,191.0,21.955470588235293,0.0,Maryland,2015.0,2015.0,MIN,146,-31.0,0.21428572
2015,14,00-0031588,S.Diggs,WR,MIN,ARI,0,0,0.0,0,0.0,0.0,0.0,0,0.0,0,7,2,12.0,0,1.2,3.2,,,72.0,191.0,21.955470588235293,0.0,Maryland,2015.0,2015.0,MIN,146,,0.21212122
2015,15,00-0031588,S.Diggs,WR,MIN,CHI,0,0,0.0,0,0.0,0.0,0.0,0,0.0,0,4,3,55.0,2,17.5,20.5,,,72.0,191.0,21.955470588235293,0.0,Maryland,2015.0,2015.0,MIN,146,21.0,0.2
2015,16,00-0031588,S.Diggs,WR,MIN,NYG,0,0,0.0,0,0.0,0.0,0.0,0,0.0,0,5,4,19.0,0,1.9,5.9,,,72.0,191.0,21.955470588235293,0.0,Maryland,2015.0,2015.0,MIN,146,32.0,0.2
2015,17,00-0031588,S.Diggs,WR,MIN,GB,0,0,0.0,0,0.0,0.0,0.0,0,0.0,0,2,1,8.0,0,0.8,1.8,,,72.0,191.0,21.955470588235293,0.0,Maryland,2015.0,2015.0,MIN,146,,0.11764706
2015,18,00-0031588,S.Diggs,WR,MIN,SEA,0,0,0.0,0,0.0,0.0,0.0,1,6.0,0,6,4,26.0,0,3.2,7.2,,,72.0,191.0,21.955470588235293,0.0,Maryland,2015.0,2015.0,MIN,146,-1.0,0.25
2015,9,00-0031590,J.Ajayi,RB,MIA,BUF,0,0,0.0,0,0.0,0.0,0.0,5,41.0,0,0,0,0.0,0,4.1,4.1,,,72.0,228.0,22.475444444444445,0.0,Boise State,2015.0,2015.0,MIA,149,,
2015,10,00-0031590,J.Ajayi,RB,MIA,PHI,0,0,0.0,0,0.0,0.0,0.0,6,48.0,0,0,0,0.0,0,4.8,4.8,,,72.0,228.0,22.475444444444445,0.0,Boise State,2015.0,2015.0,MIA,149,,
2015,11,00-0031590,J.Ajayi,RB,MIA,DAL,0,0,0.0,0,0.0,0.0,0.0,4,13.0,0,2,2,23.0,0,3.6,5.6,,,72.0,228.0,22.475444444444445,0.0,Boise State,2015.0,2015.0,MIA,149,-10.0,0.08695652
2015,12,00-0031590,J.Ajayi,RB,MIA,NYJ,0,0,0.0,0,0.0,0.0,0.0,3,6.0,0,6,4,52.0,0,5.8,9.8,,,72.0,228.0,22.475444444444445,0.0,Boise State,2015.0,2015.0,MIA,149,,0.10344828
2015,13,00-0031590,J.Ajayi,RB,MIA,BAL,0,0,0.0,0,0.0,0.0,0.0,4,12.0,0,0,0,0.0,0,3.2,3.2,,,72.0,228.0,22.475444444444445,0.0,Boise State,2015.0,2015.0,MIA,149,2.0,
2015,14,00-0031590,J.Ajayi,RB,MIA,NYG,0,0,0.0,0,0.0,0.0,0.0,5,15.0,0,0,0,0.0,0,1.5,1.5,,,72.0,228.0,22.475444444444445,0.0,Boise State,2015.0,2015.0,MIA,149,-7.0,
2015,15,00-0031590,J.Ajayi,RB,MIA,LAC,0,0,0.0,0,0.0,0.0,0.0,6,27.0,1,3,1,15.0,0,10.2,11.2,,,72.0,228.0,22.475444444444445,0.0,Boise State,2015.0,2015.0,MIA,149,,0.09677419
2015,16,00-0031590,J.Ajayi,RB,MIA,IND,0,0,0.0,0,0.0,0.0,0.0,9,23.0,0,0,0,0.0,0,2.3,2.3,,,72.0,228.0,22.475444444444445,0.0,Boise State,2015.0,2015.0,MIA,149,-6.0,
2015,17,00-0031590,J.Ajayi,RB,MIA,NE,0,0,0.0,0,0.0,0.0,0.0,7,2.0,0,0,0,0.0,0,0.2,0.2,,,72.0,228.0,22.475444444444445,0.0,Boise State,2015.0,2015.0,MIA,149,10.0,
2015,2,00-0031595,M.Burton,FB,DET,MIN,0,0,0.0,0,0.0,0.0,0.0,1,2.0,0,0,0,0.0,0,0.2,0.2,,,72.0,247.0,23.766625,0.0,Rutgers,2015.0,2015.0,DET,168,,
2015,4,00-0031595,M.Burton,FB,DET,SEA,0,0,0.0,0,0.0,0.0,0.0,1,0.0,0,1,1,3.0,0,0.3,1.3,,,72.0,247.0,23.766625,0.0,Rutgers,2015.0,2015.0,DET,168,,0.028571429
2015,5,00-0031595,M.Burton,FB,DET,ARI,0,0,0.0,0,0.0,0.0,0.0,0,0.0,0,1,1,6.0,0,0.6,1.6,,,72.0,247.0,23.766625,0.0,Rutgers,2015.0,2015.0,DET,168,-25.0,0.014705882
2015,7,00-0031595,M.Burton,FB,DET,MIN,0,0,0.0,0,0.0,0.0,0.0,1,0.0,0,0,0,0.0,0,0.0,0.0,,,72.0,247.0,23.766625,0.0,Rutgers,2015.0,2015.0,DET,168,-9.0,
2015,10,00-0031595,M.Burton,FB,DET,GB,0,0,0.0,0,0.0,0.0,0.0,1,0.0,0,0,0,0.0,0,0.0,0.0,,,72.0,247.0,23.766625,0.0,Rutgers,2015.0,2015.0,DET,168,,
2015,14,00-0031595,M.Burton,FB,DET,LA,0,0,0.0,0,0.0,0.0,0.0,0,0.0,0,1,1,12.0,0,1.2,2.2,,,72.0,247.0,23.766625,0.0,Rutgers,2015.0,2015.0,DET,168,,0.022222223
2015,15,00-0031595,M.Burton,FB,DET,NO,0,0,0.0,0,0.0,0.0,0.0,0,0.0,0,2,2,10.0,1,7.0,9.0,,,72.0,247.0,23.766625,0.0,Rutgers,2015.0,2015.0,DET,168,,0.08
2015,17,00-0031595,M.Burton,FB,DET,CHI,0,0,0.0,0,0.0,0.0,0.0,0,0.0,0,1,1,8.0,0,0.8,1.8,,,72.0,247.0,23.766625,0.0,Rutgers,2015.0,2015.0,DET,168,,0.025641026
2015,3,00-0031598,N.Boyle,TE,BAL,CIN,0,0,0.0,0,0.0,0.0,0.0,0,0.0,0,2,2,19.0,0,1.9,3.9,,,76.0,260.0,,0.0,Delaware,2015.0,2015.0,BLT,171,-4.0,0.041666668
2015,4,00-0031598,N.Boyle,TE,BAL,PIT,0,0,0.0,0,0.0,0.0,0.0,0,0.0,0,4,3,12.0,0,1.2,4.2,,,76.0,260.0,,0.0,Delaware,2015.0,2015.0,BLT,171,,0.121212125
2015,5,00-0031598,N.Boyle,TE,BAL,CLE,0,0,0.0,0,0.0,0.0,0.0,0,0.0,0,3,3,27.0,0,2.7,5.7,,,76.0,260.0,,0.0,Delaware,2015.0,2015.0,BLT,171,-3.0,0.08571429
2015,7,00-0031598,N.Boyle,TE,BAL,ARI,0,0,0.0,0,0.0,0.0,0.0,0,0.0,0,2,2,20.0,0,4.0,6.0,,,76.0,260.0,,0.0,Delaware,2015.0,2015.0,BLT,171,,0.051282052
2015,8,00-0031598,N.Boyle,TE,BAL,LAC,0,0,0.0,0,0.0,0.0,0.0,0,0.0,0,2,1,15.0,0,1.5,2.5,,,76.0,260.0,,0.0,Delaware,2015.0,2015.0,BLT,171,3.0,0.054054055
2015,10,00-0031598,N.Boyle,TE,BAL,JAX,0,0,0.0,0,0.0,0.0,0.0,0,0.0,0,3,3,35.0,0,3.5,6.5,,,76.0,260.0,,0.0,Delaware,2015.0,2015.0,BLT,171,-2.0,0.06666667
2015,12,00-0031598,N.Boyle,TE,BAL,CLE,0,0,0.0,0,0.0,0.0,0.0,0,0.0,0,3,1,10.0,0,1.0,2.0,,,76.0,260.0,,0.0,Delaware,2015.0,2015.0,BLT,171,,0.0882353
2015,13,00-0031598,N.Boyle,TE,BAL,MIA,0,0,0.0,0,0.0,0.0,0.0,0,0.0,0,4,3,15.0,0,1.5,4.5,,,76.0,260.0,,0.0,Delaware,2015.0,2015.0,BLT,171,,0.08695652
2015,3,00-0031599,C.Artis-Payne,RB,CAR,NO,0,0,0.0,0,0.0,0.0,0.0,3,6.0,0,0,0,0.0,0,0.6,0.6,,,70.0,220.0,25.415105263157894,0.0,Auburn,2015.0,2015.0,CAR,174,5.0,
2015,4,00-0031599,C.Artis-Payne,RB,CAR,TB,0,0,0.0,0,0.0,0.0,0.0,8,25.0,0,0,0,0.0,0,2.5,2.5,,,70.0,220.0,25.415105263157894,0.0,Auburn,2015.0,2015.0,CAR,174,,
2015,7,00-0031599,C.Artis-Payne,RB,CAR,PHI,0,0,0.0,0,0.0,0.0,0.0,1,0.0,0,0,0,0.0,0,0.0,0.0,,,70.0,220.0,25.415105263157894,0.0,Auburn,2015.0,2015.0,CAR,174,11.0,
2015,15,00-0031599,C.Artis-Payne,RB,CAR,NYG,0,0,0.0,0,0.0,0.0,0.0,14,59.0,0,2,2,34.0,0,9.3,11.3,,,70.0,220.0,25.415105263157894,0.0,Auburn,2015.0,2015.0,CAR,174,,0.046511628
2015,16,00-0031599,C.Artis-Payne,RB,CAR,ATL,0,0,0.0,0,0.0,0.0,0.0,5,49.0,0,1,1,7.0,0,5.6,6.6,,,70.0,220.0,25.415105263157894,0.0,Auburn,2015.0,2015.0,CAR,174,,0.035714287
2015,17,00-0031599,C.Artis-Payne,RB,CAR,TB,0,0,0.0,0,0.0,0.0,0.0,14,44.0,1,2,2,17.0,0,12.1,14.1,,,70.0,220.0,25.415105263157894,0.0,Auburn,2015.0,2015.0,CAR,174,28.0,0.07692308
2015,19,00-0031599,C.Artis-Payne,RB,CAR,SEA,0,0,0.0,0,0.0,0.0,0.0,3,7.0,0,1,1,1.0,0,0.8,1.8,,,70.0,220.0,25.415105263157894,0.0,Auburn,2015.0,2015.0,CAR,174,7.0,0.045454547
2015,1,00-0031600,,WR,HOU,KC,0,0,0.0,0,0.0,0.0,0.0,0,0.0,0,3,2,23.0,0,2.3,4.3,,,72.0,215.0,,0.0,,2015.0,2015.0,HST,175,-7.0,0.06521739
2015,2,00-0031600,,WR,HOU,CAR,0,0,0.0,0,0.0,0.0,0.0,0,0.0,0,2,0,0.0,0,0.0,0.0,,,72.0,215.0,,0.0,,2015.0,2015.0,HST,175,,0.03508772
2015,4,00-0031600,,WR,HOU,ATL,0,0,0.0,0,0.0,0.0,0.0,0,0.0,0,7,4,56.0,0,5.6,9.6,,,72.0,215.0,,0.0,,2015.0,2015.0,HST,175,,0.12280702
2015,5,00-0031600,,WR,HOU,IND,0,0,0.0,0,0.0,0.0,0.0,0,0.0,0,8,4,23.0,0,2.3,6.3,,,72.0,215.0,,0.0,,2015.0,2015.0,HST,175,-7.0,0.19512194
2015,6,00-0031600,,WR,HOU,JAX,0,0,0.0,0,0.0,0.0,0.0,0,0.0,0,4,2,8.0,0,0.8,2.8,,,72.0,215.0,,0.0,,2015.0,2015.0,HST,175,,0.11111111
2015,7,00-0031600,,WR,HOU,MIA,0,0,0.0,0,0.0,0.0,0.0,0,0.0,0,3,1,16.0,0,1.6,2.6,,,72.0,215.0,,0.0,,2015.0,2015.0,HST,175,,0.06122449
2015,8,00-0031600,,WR,HOU,TEN,0,0,0.0,0,0.0,0.0,0.0,0,0.0,0,2,1,3.0,0,0.3,1.3,,,72.0,215.0,,0.0,,2015.0,2015.0,HST,175,14.0,0.05882353
2015,17,00-0031600,,WR,HOU,JAX,0,0,0.0,0,0.0,0.0,0.0,0,0.0,0,3,0,0.0,0,0.0,0.0,,,72.0,215.0,,0.0,,2015.0,2015.0,HST,175,24.0,0.07317073
2015,2,00-0031610,D.Waller,TE,BAL,LV,0,0,0.0,0,0.0,0.0,0.0,0,0.0,0,2,0,0.0,0,0.0,0.0,,,78.0,245.0,,0.0,Georgia Tech,2015.0,2015.0,BLT,204,,0.044444446
2015,4,00-0031610,D.Waller,TE,BAL,PIT,0,0,0.0,0,0.0,0.0,0.0,0,0.0,0,2,1,17.0,0,1.7,2.7,,,78.0,245.0,,0.0,Georgia Tech,2015.0,2015.0,BLT,204,,0.060606062
2015,5,00-0031610,D.Waller,TE,BAL,CLE,0,0,0.0,0,0.0,0.0,0.0,0,0.0,0,2,1,1.0,0,0.1,1.1,,,78.0,245.0,,0.0,Georgia Tech,2015.0,2015.0,BLT,204,-3.0,0.057142857
2015,1,00-0031611,,RB,IND,BUF,0,0,0.0,0,0.0,0.0,0.0,4,11.0,0,0,0,0.0,0,1.1,1.1,,,68.0,221.0,23.129222222222225,0.0,Mississippi State,2015.0,2015.0,IND,205,,
2015,2,00-0031611,,RB,IND,NYJ,0,0,0.0,0,0.0,0.0,0.0,5,12.0,0,5,5,27.0,0,3.9,8.9,,,68.0,221.0,23.129222222222225,0.0,Mississippi State,2015.0,2015.0,IND,205,-13.0,0.14285715
2015,3,00-0031611,,RB,IND,TEN,0,0,0.0,0,0.0,0.0,0.0,2,8.0,0,0,0,0.0,0,0.8,0.8,,,68.0,221.0,23.129222222222225,0.0,Mississippi State,2015.0,2015.0,IND,205,,
2015,4,00-0031611,,RB,IND,JAX,0,0,0.0,0,0.0,0.0,0.0,3,2.0,0,0,0,0.0,0,-1.8,-1.8,,,68.0,221.0,23.129222222222225,0.0,Mississippi State,2015.0,2015.0,IND,205,3.0,
2015,5,00-0031611,,RB,IND,HOU,0,0,0.0,0,0.0,0.0,0.0,3,6.0,0,1,1,6.0,0,1.2,2.2,,,68.0,221.0,23.129222222222225,0.0,Mississippi State,2015.0,2015.0,IND,205,,0.03448276
2015,9,00-0031612,A.Ripkowski,FB,GB,CAR,0,0,0.0,0,0.0,0.0,0.0,0,0.0,0,1,1,18.0,0,1.8,2.8,,,73.0,246.0,22.904333333333334,0.0,Oklahoma,2015.0,2015.0,GB,206,,0.020833334
2015,1,00-0031665,Z.Zenner,RB,DET,LAC,0,0,0.0,0,0.0,0.0,0.0,2,6.0,0,0,0,0.0,0,0.6,0.6,,,71.0,222.0,24.048333333333332,0.0,South Dakota,2015.0,2015.0,,,,
2015,4,00-0031665,Z.Zenner,RB,DET,SEA,0,0,0.0,0,0.0,0.0,0.0,2,9.0,0,1,1,4.0,0,1.3,2.3,,,71.0,222.0,24.048333333333332,0.0,South Dakota,2015.0,2015.0,,,,0.028571429
2015,5,00-0031665,Z.Zenner,RB,DET,ARI,0,0,0.0,0,0.0,0.0,0.0,10,30.0,0,2,1,7.0,0,3.7,4.7,,,71.0,222.0,24.048333333333332,0.0,South Dakota,2015.0,2015.0,,,-25.0,0.029411765
2015,6,00-0031665,Z.Zenner,RB,DET,CHI,0,0,0.0,0,0.0,0.0,0.0,3,15.0,0,0,0,0.0,0,1.5,1.5,,,71.0,222.0,24.048333333333332,0.0,South Dakota,2015.0,2015.0,,,3.0,
2015,2,00-0031682,T.Ward,RB,ATL,NYG,0,0,0.0,0,0.0,0.0,0.0,0,0.0,0,1,1,9.0,0,0.9,1.9,,,67.0,201.0,23.727375,0.0,Oregon State,2015.0,2015.0,,,,0.02173913
2015,4,00-0031682,T.Ward,RB,ATL,HOU,0,0,0.0,0,0.0,0.0,0.0,19,72.0,1,1,1,18.0,0,15.0,16.0,,,67.0,201.0,23.727375,0.0,Oregon State,2015.0,2015.0,,,27.0,0.037037037
2015,5,00-0031682,T.Ward,RB,ATL,WAS,0,0,0.0,0,0.0,0.0,0.0,0,0.0,0,2,0,0.0,0,0.0,0.0,,,67.0,201.0,23.727375,0.0,Oregon State,2015.0,2015.0,,,6.0,0.04761905
2015,6,00-0031682,T.Ward,RB,ATL,NO,0,0,0.0,0,0.0,0.0,0.0,0,0.0,0,1,1,7.0,0,0.7,1.7,,,67.0,201.0,23.727375,0.0,Oregon State,2015.0,2015.0,,,,0.023255814
2015,7,00-0031682,T.Ward,RB,ATL,TEN,0,0,0.0,0,0.0,0.0,0.0,0,0.0,0,1,1,7.0,0,0.7,1.7,,,67.0,201.0,23.727375,0.0,Oregon State,2015.0,2015.0,,,,0.02631579
2015,8,00-0031682,T.Ward,RB,ATL,TB,0,0,0.0,0,0.0,0.0,0.0,0,0.0,0,1,1,8.0,0,0.8,1.8,,,67.0,201.0,23.727375,0.0,Oregon State,2015.0,2015.0,,,-3.0,0.022222223
2015,11,00-0031682,T.Ward,RB,ATL,IND,0,0,0.0,0,0.0,0.0,0.0,2,2.0,0,4,3,16.0,0,1.8,4.8,,,67.0,201.0,23.727375,0.0,Oregon State,2015.0,2015.0,,,-3.0,0.08695652
2015,12,00-0031682,T.Ward,RB,ATL,MIN,0,0,0.0,0,0.0,0.0,0.0,5,7.0,0,2,1,8.0,0,1.5,2.5,,,67.0,201.0,23.727375,0.0,Oregon State,2015.0,2015.0,,,-10.0,0.06451613
2015,16,00-0031682,T.Ward,RB,ATL,CAR,0,0,0.0,0,0.0,0.0,0.0,2,3.0,0,0,0,0.0,0,0.3,0.3,,,67.0,201.0,23.727375,0.0,Oregon State,2015.0,2015.0,,,7.0,
2015,17,00-0031682,T.Ward,RB,ATL,NO,0,0,0.0,0,0.0,0.0,0.0,1,11.0,0,0,0,0.0,0,1.1,1.1,,,67.0,201.0,23.727375,0.0,Oregon State,2015.0,2015.0,,,-3.0,
2015,1,00-0031731,C.Grant,RB,JAX,CAR,0,0,0.0,0,0.0,0.0,0.0,0,0.0,0,1,1,5.0,0,0.5,1.5,,,70.0,205.0,23.782333333333337,0.0,Auburn,2015.0,2015.0,,,-11.0,0.025641026
2015,2,00-0031731,C.Grant,RB,JAX,MIA,0,0,0.0,0,0.0,0.0,0.0,1,1.0,0,0,0,0.0,0,0.1,0.1,,,70.0,205.0,23.782333333333337,0.0,Auburn,2015.0,2015.0,,,3.0,
2015,3,00-0031731,C.Grant,RB,JAX,NE,0,0,0.0,0,0.0,0.0,0.0,2,6.0,0,2,1,8.0,0,1.4,2.4,,,70.0,205.0,23.782333333333337,0.0,Auburn,2015.0,2015.0,,,,0.060606062
2015,5,00-0031731,C.Grant,RB,JAX,TB,0,0,0.0,0,0.0,0.0,0.0,2,-6.0,0,0,0,0.0,0,-2.6,-2.6,,,70.0,205.0,23.782333333333337,0.0,Auburn,2015.0,2015.0,,,,
2015,6,00-0031731,C.Grant,RB,JAX,HOU,0,0,0.0,0,0.0,0.0,0.0,1,1.0,0,0,0,0.0,0,0.1,0.1,,,70.0,205.0,23.782333333333337,0.0,Auburn,2015.0,2015.0,,,-11.0,
2015,11,00-0031743,A.Hunt,RB,HOU,NYJ,0,0,0.0,0,0.0,0.0,0.0,2,4.0,0,1,0,0.0,0,0.4,0.4,,,70.0,190.0,,0.0,Purdue,2015.0,2015.0,,,7.0,0.029411765
2015,12,00-0031743,A.Hunt,RB,HOU,NO,0,0,0.0,0,0.0,0.0,0.0,3,27.0,0,1,1,-2.0,0,2.5,3.5,,,70.0,190.0,,0.0,Purdue,2015.0,2015.0,,,18.0,0.037037037
2015,13,00-0031743,A.Hunt,RB,HOU,BUF,0,0,0.0,0,0.0,0.0,0.0,1,7.0,0,1,1,0.0,0,0.7,1.7,,,70.0,190.0,,0.0,Purdue,2015.0,2015.0,,,,0.023255814
2015,14,00-0031743,A.Hunt,RB,HOU,NE,0,0,0.0,0,0.0,0.0,0.0,1,1.0,0,0,0,0.0,0,0.1,0.1,,,70.0,190.0,,0.0,Purdue,2015.0,2015.0,,,-21.0,
2015,15,00-0031743,A.Hunt,RB,HOU,IND,0,0,0.0,0,0.0,0.0,0.0,5,26.0,0,2,2,8.0,0,3.4,5.4,,,70.0,190.0,,0.0,Purdue,2015.0,2015.0,,,,0.074074075
2015,16,00-0031743,A.Hunt,RB,HOU,TEN,0,0,0.0,0,0.0,0.0,0.0,2,3.0,0,2,1,6.0,0,0.9,1.9,,,70.0,190.0,,0.0,Purdue,2015.0,2015.0,,,,0.07692308
2015,17,00-0031743,A.Hunt,RB,HOU,JAX,0,0,0.0,0,0.0,0.0,0.0,3,28.0,0,3,1,27.0,0,5.5,6.5,,,70.0,190.0,,0.0,Purdue,2015.0,2015.0,,,24.0,0.07317073
2015,18,00-0031743,A.Hunt,RB,HOU,KC,0,0,0.0,0,0.0,0.0,0.0,1,0.0,0,0,0,0.0,0,0.0,0.0,,,70.0,190.0,,0.0,Purdue,2015.0,2015.0,,,-30.0,
2015,16,00-0031744,M.LaCosse,TE,NYG,MIN,0,0,0.0,0,0.0,0.0,0.0,0,0.0,0,3,3,22.0,0,2.2,5.2,,,78.0,245.0,23.2735,0.0,Illinois,2015.0,2015.0,,,,0.0882353
2015,5,00-0031757,L.Whitehead,WR,DAL,NE,0,0,0.0,0,0.0,0.0,0.0,0,0.0,0,2,1,-3.0,0,-0.3,0.7,,,69.0,180.0,23.436375,0.0,Florida Atlantic,2015.0,2015.0,,,-24.0,0.051282052
2015,7,00-0031757,L.Whitehead,WR,DAL,NYG,0,0,0.0,0,0.0,0.0,0.0,4,35.0,0,0,0,0.0,0,3.5,3.5,,,69.0,180.0,23.436375,0.0,Florida Atlantic,2015.0,2015.0,,,,
2015,8,00-0031757,L.Whitehead,WR,DAL,SEA,0,0,0.0,0,0.0,0.0,0.0,1,2.0,0,0,0,0.0,0,0.2,0.2,,,69.0,180.0,23.436375,0.0,Florida Atlantic,2015.0,2015.0,,,-1.0,
2015,9,00-0031757,L.Whitehead,WR,DAL,PHI,0,0,0.0,0,0.0,0.0,0.0,0,0.0,0,2,1,8.0,0,0.8,1.8,,,69.0,180.0,23.436375,0.0,Florida Atlantic,2015.0,2015.0,,,-6.0,0.054054055
2015,10,00-0031757,L.Whitehead,WR,DAL,TB,0,0,0.0,0,0.0,0.0,0.0,0,0.0,0,1,1,0.0,0,0.0,1.0,,,69.0,180.0,23.436375,0.0,Florida Atlantic,2015.0,2015.0,,,,0.035714287
2015,12,00-0031757,L.Whitehead,WR,DAL,CAR,0,0,0.0,0,0.0,0.0,0.0,0,0.0,0,1,1,4.0,0,0.4,1.4,,,69.0,180.0,23.436375,0.0,Florida Atlantic,2015.0,2015.0,,,-19.0,0.02631579
2015,13,00-0031757,L.Whitehead,WR,DAL,WAS,0,0,0.0,0,0.0,0.0,0.0,2,35.0,0,1,1,5.0,0,4.0,5.0,,,69.0,180.0,23.436375,0.0,Florida Atlantic,2015.0,2015.0,,,,0.035714287
2015,14,00-0031757,L.Whitehead,WR,DAL,GB,0,0,0.0,0,0.0,0.0,0.0,1,3.0,0,1,1,2.0,0,0.5,1.5,,,69.0,180.0,23.436375,0.0,Florida Atlantic,2015.0,2015.0,,,,0.035714287
2015,15,00-0031757,L.Whitehead,WR,DAL,NYJ,0,0,0.0,0,0.0,0.0,0.0,2,32.0,0,0,0,0.0,0,3.2,3.2,,,69.0,180.0,23.436375,0.0,Florida Atlantic,2015.0,2015.0,,,-3.0,
2015,15,00-0031768,T.Magee,RB,BAL,KC,0,0,0.0,0,0.0,0.0,0.0,2,5.0,0,1,1,2.0,0,0.7,1.7,,,69.0,215.0,,0.0,LSU,2015.0,2015.0,,,-20.0,0.022222223
2015,17,00-0031806,M.Brown,RB,LA,SF,0,0,0.0,0,0.0,0.0,0.0,4,17.0,0,1,1,-2.0,0,1.5,2.5,,,71.0,224.0,,0.0,Texas,2015.0,2015.0,,,,0.02631579
2015,1,00-0031816,,WR,PIT,NE,0,0,0.0,0,0.0,0.0,0.0,0,0.0,0,1,1,16.0,0,1.6,2.6,,,73.0,214.0,23.734,0.0,Boston College,2015.0,2015.0,,,,0.02631579
2015,8,00-0031818,B.Marquez,WR,LA,SF,0,0,0.0,0,0.0,0.0,0.0,0,0.0,0,1,1,5.0,0,0.5,1.5,,,70.0,196.0,,0.0,Texas Tech,2015.0,2015.0,,,,0.04347826
2015,9,00-0031818,B.Marquez,WR,LA,MIN,0,0,0.0,0,0.0,0.0,0.0,0,0.0,0,1,1,3.0,0,0.3,1.3,,,70.0,196.0,,0.0,Texas Tech,2015.0,2015.0,,,,0.032258064
2015,10,00-0031818,B.Marquez,WR,LA,CHI,0,0,0.0,0,0.0,0.0,0.0,0,0.0,0,4,2,19.0,0,1.9,3.9,,,70.0,196.0,,0.0,Texas Tech,2015.0,2015.0,,,,0.10810811
2015,12,00-0031818,B.Marquez,WR,LA,CIN,0,0,0.0,0,0.0,0.0,0.0,0,0.0,0,5,3,13.0,0,1.3,4.3,,,70.0,196.0,,0.0,Texas Tech,2015.0,2015.0,,,,0.094339624
2015,13,00-0031818,B.Marquez,WR,LA,ARI,0,0,0.0,0,0.0,0.0,0.0,0,0.0,0,3,3,16.0,0,1.6,4.6,,,70.0,196.0,,0.0,Texas Tech,2015.0,2015.0,,,,0.0882353
2015,14,00-0031818,B.Marquez,WR,LA,DET,0,0,0.0,0,0.0,0.0,0.0,0,0.0,0,3,3,32.0,0,3.2,6.2,,,70.0,196.0,,0.0,Texas Tech,2015.0,2015.0,,,,0.13636364
2015,15,00-0031818,B.Marquez,WR,LA,TB,0,0,0.0,0,0.0,0.0,0.0,0,0.0,0,1,0,0.0,0,0.0,0.0,,,70.0,196.0,,0.0,Texas Tech,2015.0,2015.0,,,,0.05882353
2015,16,00-0031818,B.Marquez,WR,LA,SEA,0,0,0.0,0,0.0,0.0,0.0,0,0.0,0,1,0,0.0,0,0.0,0.0,,,70.0,196.0,,0.0,Texas Tech,2015.0,2015.0,,,,0.04347826
2015,17,00-0031818,B.Marquez,WR,LA,SF,0,0,0.0,0,0.0,0.0,0.0,0,0.0,0,3,0,0.0,0,0.0,0.0,,,70.0,196.0,,0.0,Texas Tech,2015.0,2015.0,,,,0.078947365
2015,13,00-0031826,J.Crockett,RB,GB,DET,0,0,0.0,0,0.0,0.0,0.0,5,22.0,0,0,0,0.0,0,2.2,2.2,,,72.0,217.0,23.858857142857143,0.0,North Dakota State,2015.0,2015.0,,,,
2015,16,00-0031826,J.Crockett,RB,GB,ARI,0,0,0.0,0,0.0,0.0,0.0,4,-1.0,0,0,0,0.0,0,-0.1,-0.1,,,72.0,217.0,23.858857142857143,0.0,North Dakota State,2015.0,2015.0,,,,
2015,3,00-0031830,,RB,GB,KC,0,0,0.0,0,0.0,0.0,0.0,2,17.0,0,0,0,0.0,0,1.7,1.7,,,73.0,237.0,22.94590909090909,0.0,Louisiana-Lafayette,2015.0,2015.0,,,10.0,
2015,8,00-0031830,,RB,GB,DEN,0,0,0.0,0,0.0,0.0,0.0,2,2.0,0,0,0,0.0,0,0.2,0.2,,,73.0,237.0,22.94590909090909,0.0,Louisiana-Lafayette,2015.0,2015.0,,,,
2015,10,00-0031830,,RB,GB,DET,0,0,0.0,0,0.0,0.0,0.0,0,0.0,0,1,0,0.0,0,0.0,0.0,,,73.0,237.0,22.94590909090909,0.0,Louisiana-Lafayette,2015.0,2015.0,,,-2.0,0.016666668
2015,11,00-0031854,C.Harper,WR,NE,BUF,0,0,0.0,0,0.0,0.0,0.0,0,0.0,0,1,0,0.0,0,0.0,0.0,,,71.0,185.0,22.00842857142857,0.0,California,2015.0,2015.0,,,7.0,0.02631579
2015,12,00-0031854,C.Harper,WR,NE,DEN,0,0,0.0,0,0.0,0.0,0.0,0,0.0,0,1,0,0.0,0,0.0,0.0,,,71.0,185.0,22.00842857142857,0.0,California,2015.0,2015.0,,,,0.023809524
2015,17,00-0031854,C.Harper,WR,NE,MIA,0,0,0.0,0,0.0,0.0,0.0,0,0.0,0,1,1,6.0,0,0.6,1.6,,,71.0,185.0,22.00842857142857,0.0,California,2015.0,2015.0,,,,0.04
2015,1,00-0031897,T.Rawls,RB,SEA,LA,0,0,0.0,0,0.0,0.0,0.0,2,5.0,0,0,0,0.0,0,0.5,0.5,,,69.0,215.0,22.23292307692308,0.0,Central Michigan,2015.0,2015.0,,,,
2015,3,00-0031897,T.Rawls,RB,SEA,CHI,0,0,0.0,0,0.0,0.0,0.0,16,104.0,0,1,0,0.0,0,10.4,10.4,,,69.0,215.0,22.23292307692308,0.0,Central Michigan,2015.0,2015.0,,,26.0,0.03846154
2015,4,00-0031897,T.Rawls,RB,SEA,DET,0,0,0.0,0,0.0,0.0,0.0,17,48.0,0,1,1,-1.0,0,4.7,5.7,,,69.0,215.0,22.23292307692308,0.0,Central Michigan,2015.0,2015.0,,,3.0,0.03846154
2015,5,00-0031897,T.Rawls,RB,SEA,CIN,0,0,0.0,0,0.0,0.0,0.0,23,169.0,1,0,0,0.0,0,22.9,22.9,,,69.0,215.0,22.23292307692308,0.0,Central Michigan,2015.0,2015.0,,,,
2015,6,00-0031897,T.Rawls,RB,SEA,CAR,0,0,0.0,0,0.0,0.0,0.0,1,8.0,0,0,0,0.0,0,0.8,0.8,,,69.0,215.0,22.23292307692308,0.0,Central Michigan,2015.0,2015.0,,,-4.0,
2015,7,00-0031897,T.Rawls,RB,SEA,SF,0,0,0.0,0,0.0,0.0,0.0,6,32.0,0,2,2,9.0,0,4.1,6.1,,,69.0,215.0,22.23292307692308,0.0,Central Michigan,2015.0,2015.0,,,,0.083333336
2015,8,00-0031897,T.Rawls,RB,SEA,DAL,0,0,0.0,0,0.0,0.0,0.0,4,10.0,0,0,0,0.0,0,1.0,1.0,,,69.0,215.0,22.23292307692308,0.0,Central Michigan,2015.0,2015.0,,,,
2015,10,00-0031897,T.Rawls,RB,SEA,ARI,0,0,0.0,0,0.0,0.0,0.0,2,19.0,0,0,0,0.0,0,1.9,1.9,,,69.0,215.0,22.23292307692308,0.0,Central Michigan,2015.0,2015.0,,,-7.0,
2015,11,00-0031897,T.Rawls,RB,SEA,SF,0,0,0.0,0,0.0,0.0,0.0,30,209.0,1,3,3,46.0,1,37.5,40.5,,,69.0,215.0,22.23292307692308,0.0,Central Michigan,2015.0,2015.0,,,16.0,0.11111111
2015,12,00-0031897,T.Rawls,RB,SEA,PIT,0,0,0.0,0,0.0,0.0,0.0,21,81.0,1,1,0,0.0,0,14.1,14.1,,,69.0,215.0,22.23292307692308,0.0,Central Michigan,2015.0,2015.0,,,9.0,0.03448276
2015,13,00-0031897,T.Rawls,RB,SEA,MIN,0,0,0.0,0,0.0,0.0,0.0,19,101.0,1,3,3,22.0,0,16.3,19.3,,,69.0,215.0,22.23292307692308,0.0,Central Michigan,2015.0,2015.0,,,,0.10714286
2015,14,00-0031897,T.Rawls,RB,SEA,BAL,0,0,0.0,0,0.0,0.0,0.0,6,44.0,0,0,0,0.0,0,4.4,4.4,,,69.0,215.0,22.23292307692308,0.0,Central Michigan,2015.0,2015.0,,,,
2015,5,00-0031900,R.Smith,RB,SEA,CIN,0,0,0.0,0,0.0,0.0,0.0,2,5.0,0,0,0,0.0,0,0.5,0.5,,,75.0,226.0,23.87325,0.0,Ohio State,2015.0,2015.0,,,,
2015,8,00-0031900,R.Smith,RB,DAL,SEA,0,0,0.0,0,0.0,0.0,0.0,0,0.0,0,1,0,0.0,0,0.0,0.0,,,75.0,226.0,23.87325,0.0,Ohio State,2015.0,2015.0,,,-1.0,0.03846154
2015,12,00-0031900,R.Smith,RB,DAL,CAR,0,0,0.0,0,0.0,0.0,0.0,0,0.0,0,1,1,6.0,0,0.6,1.6,,,75.0,226.0,23.87325,0.0,Ohio State,2015.0,2015.0,,,-19.0,0.02631579
2015,2,00-0031912,C.Meredith,WR,CHI,ARI,0,0,0.0,0,0.0,0.0,0.0,0,0.0,0,4,3,36.0,0,3.6,6.6,,,75.0,207.0,23.1315,0.0,Illinois State,2015.0,2015.0,,,-25.0,0.125
2015,4,00-0031912,C.Meredith,WR,CHI,LV,0,0,0.0,0,0.0,0.0,0.0,0,0.0,0,2,0,0.0,0,0.0,0.0,,,75.0,207.0,23.1315,0.0,Illinois State,2015.0,2015.0,,,2.0,0.046511628
2015,5,00-0031912,C.Meredith,WR,CHI,KC,0,0,0.0,0,0.0,0.0,0.0,0,0.0,0,4,4,52.0,0,5.2,9.2,,,75.0,207.0,23.1315,0.0,Illinois State,2015.0,2015.0,,,,0.08888889
2015,6,00-0031912,C.Meredith,WR,CHI,DET,0,0,0.0,0,0.0,0.0,0.0,0,0.0,0,1,1,7.0,0,0.7,1.7,,,75.0,207.0,23.1315,0.0,Illinois State,2015.0,2015.0,,,,0.024390243
2015,11,00-0031912,C.Meredith,WR,CHI,DEN,0,0,0.0,0,0.0,0.0,0.0,0,0.0,0,1,1,6.0,0,0.6,1.6,,,75.0,207.0,23.1315,0.0,Illinois State,2015.0,2015.0,,,-2.0,0.03125
2015,17,00-0031912,C.Meredith,WR,CHI,DET,0,0,0.0,0,0.0,0.0,0.0,0,0.0,0,4,2,19.0,0,1.9,3.9,,,75.0,207.0,23.1315,0.0,Illinois State,2015.0,2015.0,,,-4.0,0.17391305
2015,13,00-0031921,K.Lamm,T,HOU,BUF,0,0,0.0,0,0.0,0.0,0.0,0,0.0,0,1,1,7.0,0,0.7,1.7,,,78.0,305.0,,0.0,Appalachian State,2015.0,2015.0,,,,0.023255814
2015,5,00-0031922,K.Lee,TE,CHI,KC,0,0,0.0,0,0.0,0.0,0.0,0,0.0,0,1,0,0.0,0,0.0,0.0,,,76.0,235.0,23.8130625,0.0,Bowie State,2015.0,2015.0,,,,0.022222223
2015,12,00-0031922,K.Lee,TE,CHI,GB,0,0,0.0,0,0.0,0.0,0.0,0,0.0,0,1,1,7.0,0,0.7,1.7,,,76.0,235.0,23.8130625,0.0,Bowie State,2015.0,2015.0,,,,0.032258064
2015,14,00-0031922,K.Lee,TE,CHI,WAS,0,0,0.0,0,0.0,0.0,0.0,0,0.0,0,1,0,0.0,0,0.0,0.0,,,76.0,235.0,23.8130625,0.0,Bowie State,2015.0,2015.0,,,-3.0,0.032258064
2015,2,00-0031932,,WR,HOU,CAR,0,0,0.0,0,0.0,0.0,0.0,0,0.0,0,2,2,15.0,0,1.5,3.5,,,69.0,173.0,,0.0,,2015.0,2015.0,,,,0.03508772
2015,3,00-0031932,,WR,HOU,TB,0,0,0.0,0,0.0,0.0,0.0,0,0.0,0,1,1,-1.0,0,-0.1,0.9,,,69.0,173.0,,0.0,,2015.0,2015.0,,,10.0,0.025641026
2015,5,00-0031932,,WR,HOU,IND,0,0,0.0,0,0.0,0.0,0.0,0,0.0,0,1,0,0.0,0,0.0,0.0,,,69.0,173.0,,0.0,,2015.0,2015.0,,,-7.0,0.024390243
2015,3,00-0031934,D.Smith,WR,NYJ,PHI,0,0,0.0,0,0.0,0.0,0.0,0,0.0,0,9,3,39.0,0,3.9,6.9,,,73.0,199.0,23.656846153846153,0.0,Ohio State,2015.0,2015.0,NYJ,37,-7.0,0.15517241
2015,4,00-0031934,D.Smith,WR,NYJ,MIA,0,0,0.0,0,0.0,0.0,0.0,0,0.0,0,6,2,14.0,0,1.4,3.4,,,73.0,199.0,23.656846153846153,0.0,Ohio State,2015.0,2015.0,NYJ,37,,0.20689656
2015,7,00-0031934,D.Smith,WR,NYJ,NE,0,0,0.0,0,0.0,0.0,0.0,0,0.0,0,2,1,7.0,0,0.7,1.7,,,73.0,199.0,23.656846153846153,0.0,Ohio State,2015.0,2015.0,NYJ,37,,0.051282052
2015,10,00-0031934,D.Smith,WR,NYJ,BUF,0,0,0.0,0,0.0,0.0,0.0,0,0.0,0,1,1,22.0,0,2.2,3.2,,,73.0,199.0,23.656846153846153,0.0,Ohio State,2015.0,2015.0,NYJ,37,-5.0,0.029411765
2015,11,00-0031934,D.Smith,WR,NYJ,HOU,0,0,0.0,0,0.0,0.0,0.0,0,0.0,0,4,0,0.0,0,0.0,0.0,,,73.0,199.0,23.656846153846153,0.0,Ohio State,2015.0,2015.0,NYJ,37,,0.102564104
2015,12,00-0031934,D.Smith,WR,NYJ,MIA,0,0,0.0,0,0.0,0.0,0.0,0,0.0,0,3,2,33.0,1,9.3,11.3,,,73.0,199.0,23.656846153846153,0.0,Ohio State,2015.0,2015.0,NYJ,37,18.0,0.08108108
2015,14,00-0031934,D.Smith,WR,NYJ,TEN,0,0,0.0,0,0.0,0.0,0.0,0,0.0,0,3,0,0.0,0,0.0,0.0,,,73.0,199.0,23.656846153846153,0.0,Ohio State,2015.0,2015.0,NYJ,37,22.0,0.083333336
2015,1,00-0031939,M.Jones,RB,WAS,MIA,0,0,0.0,0,0.0,0.0,0.0,6,28.0,0,0,0,0.0,0,2.8,2.8,,,73.0,231.0,22.68294117647059,0.0,Florida,2015.0,2015.0,WAS,95,-7.0,
2015,2,00-0031939,M.Jones,RB,WAS,LA,0,0,0.0,0,0.0,0.0,0.0,19,123.0,2,3,3,23.0,0,24.6,27.6,,,73.0,231.0,22.68294117647059,0.0,Florida,2015.0,2015.0,WAS,95,14.0,0.11111111
2015,3,00-0031939,M.Jones,RB,WAS,NYG,0,0,0.0,0,0.0,0.0,0.0,11,38.0,0,0,0,0.0,0,3.8,3.8,,,73.0,231.0,22.68294117647059,0.0,Florida,2015.0,2015.0,WAS,95,,
2015,4,00-0031939,M.Jones,RB,WAS,PHI,0,0,0.0,0,0.0,0.0,0.0,7,11.0,0,0,0,0.0,0,1.1,1.1,,,73.0,231.0,22.68294117647059,0.0,Florida,2015.0,2015.0,WAS,95,3.0,
2015,5,00-0031939,M.Jones,RB,WAS,ATL,0,0,0.0,0,0.0,0.0,0.0,11,20.0,1,2,1,17.0,0,9.7,10.7,,,73.0,231.0,22.68294117647059,0.0,Florida,2015.0,2015.0,WAS,95,,0.0625
2015,7,00-0031939,M.Jones,RB,WAS,TB,0,0,0.0,0,0.0,0.0,0.0,9,29.0,0,4,3,22.0,0,5.1,8.1,,,73.0,231.0,22.68294117647059,0.0,Florida,2015.0,2015.0,WAS,95,1.0,0.1
2015,9,00-0031939,M.Jones,RB,WAS,NE,0,0,0.0,0,0.0,0.0,0.0,11,27.0,0,3,2,17.0,0,2.4,4.4,,,73.0,231.0,22.68294117647059,0.0,Florida,2015.0,2015.0,WAS,95,,0.075
2015,10,00-0031939,M.Jones,RB,WAS,NO,0,0,0.0,0,0.0,0.0,0.0,11,56.0,0,3,3,131.0,1,24.7,27.7,,,73.0,231.0,22.68294117647059,0.0,Florida,2015.0,2015.0,WAS,95,33.0,0.12
2015,11,00-0031939,M.Jones,RB,WAS,CAR,0,0,0.0,0,0.0,0.0,0.0,5,0.0,0,2,2,12.0,0,-0.8,1.2,,,73.0,231.0,22.68294117647059,0.0,Florida,2015.0,2015.0,WAS,95,,0.06666667
2015,12,00-0031939,M.Jones,RB,WAS,NYG,0,0,0.0,0,0.0,0.0,0.0,8,19.0,0,1,1,45.0,0,6.4,7.4,,,73.0,231.0,22.68294117647059,0.0,Florida,2015.0,2015.0,WAS,95,6.0,0.03448276
2015,13,00-0031939,M.Jones,RB,WAS,DAL,0,0,0.0,0,0.0,0.0,0.0,18,49.0,0,1,1,5.0,0,5.4,6.4,,,73.0,231.0,22.68294117647059,0.0,Florida,2015.0,2015.0,WAS,95,-3.0,0.032258064
2015,14,00-0031939,M.Jones,RB,WAS,CHI,0,0,0.0,0,0.0,0.0,0.0,18,62.0,0,3,2,24.0,0,8.6,10.6,,,73.0,231.0,22.68294117647059,0.0,Florida,2015.0,2015.0,WAS,95,,0.09677419
2015,15,00-0031939,M.Jones,RB,WAS,BUF,0,0,0.0,0,0.0,0.0,0.0,10,28.0,0,3,1,8.0,0,3.6,4.6,,,73.0,231.0,22.68294117647059,0.0,Florida,2015.0,2015.0,WAS,95,10.0,0.10714286
2015,1,00-0031941,J.Crowder,WR,WAS,MIA,0,0,0.0,0,0.0,0.0,0.0,1,2.0,0,1,1,0.0,0,0.2,1.2,,,68.0,185.0,22.40364705882353,0.0,Duke,2015.0,2015.0,WAS,105,-7.0,0.032258064
2015,2,00-0031941,J.Crowder,WR,WAS,LA,0,0,0.0,0,0.0,0.0,0.0,0,0.0,0,1,1,7.0,0,0.7,1.7,,,68.0,185.0,22.40364705882353,0.0,Duke,2015.0,2015.0,WAS,105,14.0,0.037037037
2015,3,00-0031941,J.Crowder,WR,WAS,NYG,0,0,0.0,0,0.0,0.0,0.0,0,0.0,0,6,6,45.0,0,6.5,12.5,,,68.0,185.0,22.40364705882353,0.0,Duke,2015.0,2015.0,WAS,105,,0.12244898
2015,4,00-0031941,J.Crowder,WR,WAS,PHI,0,0,0.0,0,0.0,0.0,0.0,0,0.0,0,12,7,65.0,0,6.5,13.5,,,68.0,185.0,22.40364705882353,0.0,Duke,2015.0,2015.0,WAS,105,3.0,0.26086956
2015,5,00-0031941,J.Crowder,WR,WAS,ATL,0,0,0.0,0,0.0,0.0,0.0,1,0.0,0,8,8,87.0,0,8.7,16.7,,,68.0,185.0,22.40364705882353,0.0,Duke,2015.0,2015.0,WAS,105,,0.25
2015,6,00-0031941,J.Crowder,WR,WAS,NYJ,0,1,0.0,0,0.0,0.0,-0.0,0,0.0,0,9,4,40.0,0,4.0,8.0,,,68.0,185.0,22.40364705882353,0.0,Duke,2015.0,2015.0,WAS,105,,0.20454545
2015,7,00-0031941,J.Crowder,WR,WAS,TB,0,0,0.0,0,0.0,0.0,0.0,0,0.0,0,5,5,48.0,0,4.8,9.8,,,68.0,185.0,22.40364705882353,0.0,Duke,2015.0,2015.0,WAS,105,1.0,0.125
2015,9,00-0031941,J.Crowder,WR,WAS,NE,0,0,0.0,0,0.0,0.0,0.0,0,0.0,0,8,6,50.0,0,5.0,11.0,,,68.0,185.0,22.40364705882353,0.0,Duke,2015.0,2015.0,WAS,105,,0.2
2015,10,00-0031941,J.Crowder,WR,WAS,NO,0,0,0.0,0,0.0,0.0,0.0,0,0.0,0,5,4,60.0,1,12.0,16.0,,,68.0,185.0,22.40364705882353,0.0,Duke,2015.0,2015.0,WAS,105,33.0,0.2
2015,11,00-0031941,J.Crowder,WR,WAS,CAR,0,0,0.0,0,0.0,0.0,0.0,0,0.0,0,1,1,5.0,0,0.5,1.5,,,68.0,185.0,22.40364705882353,0.0,Duke,2015.0,2015.0,WAS,105,,0.033333335
2015,12,00-0031941,J.Crowder,WR,WAS,NYG,0,0,0.0,0,0.0,0.0,0.0,0,0.0,0,4,2,12.0,0,1.2,3.2,,,68.0,185.0,22.40364705882353,0.0,Duke,2015.0,2015.0,WAS,105,6.0,0.13793103
2015,13,00-0031941,J.Crowder,WR,WAS,DAL,0,0,0.0,0,0.0,0.0,0.0,0,0.0,0,4,3,29.0,0,2.9,5.9,,,68.0,185.0,22.40364705882353,0.0,Duke,2015.0,2015.0,WAS,105,-3.0,0.12903225
2015,14,00-0031941,J.Crowder,WR,WAS,CHI,0,0,0.0,0,0.0,0.0,0.0,0,0.0,0,1,1,13.0,0,1.3,2.3,,,68.0,185.0,22.40364705882353,0.0,Duke,2015.0,2015.0,WAS,105,,0.032258064
2015,15,00-0031941,J.Crowder,WR,WAS,BUF,0,0,0.0,0,0.0,0.0,0.0,0,0.0,0,3,3,21.0,0,2.1,5.1,,,68.0,185.0,22.40364705882353,0.0,Duke,2015.0,2015.0,WAS,105,10.0,0.10714286
2015,16,00-0031941,J.Crowder,WR,WAS,PHI,0,0,0.0,0,0.0,0.0,0.0,0,0.0,0,3,2,13.0,0,3.3,5.3,,,68.0,185.0,22.40364705882353,0.0,Duke,2015.0,2015.0,WAS,105,,0.06521739
2015,17,00-0031941,J.Crowder,WR,WAS,DAL,0,0,0.0,0,0.0,0.0,0.0,0,0.0,0,7,5,109.0,1,16.9,21.9,,,68.0,185.0,22.40364705882353,0.0,Duke,2015.0,2015.0,WAS,105,,0.26923078
2015,18,00-0031941,J.Crowder,WR,WAS,GB,0,0,0.0,0,0.0,0.0,0.0,0,0.0,0,4,3,15.0,0,1.5,4.5,,,68.0,185.0,22.40364705882353,0.0,Duke,2015.0,2015.0,WAS,105,-17.0,0.08695652
2015,1,00-0031951,J.O'Shaughnessy,TE,KC,HOU,0,0,0.0,0,0.0,0.0,0.0,0,0.0,0,1,0,0.0,0,0.0,0.0,,,76.0,245.0,23.741333333333333,0.0,Illinois State,2015.0,2015.0,KC,173,,0.032258064
2015,2,00-0031951,J.O'Shaughnessy,TE,KC,DEN,0,0,0.0,0,0.0,0.0,0.0,0,0.0,0,2,2,54.0,0,5.4,7.4,,,76.0,245.0,23.741333333333333,0.0,Illinois State,2015.0,2015.0,KC,173,-7.0,0.08
2015,4,00-0031951,J.O'Shaughnessy,TE,KC,CIN,0,0,0.0,0,0.0,0.0,0.0,0,0.0,0,1,1,8.0,0,0.8,1.8,,,76.0,245.0,23.741333333333333,0.0,Illinois State,2015.0,2015.0,KC,173,,0.023255814
2015,6,00-0031951,J.O'Shaughnessy,TE,KC,MIN,0,0,0.0,0,0.0,0.0,0.0,0,0.0,0,3,2,23.0,0,2.3,4.3,,,76.0,245.0,23.741333333333333,0.0,Illinois State,2015.0,2015.0,KC,173,,0.08108108
2015,7,00-0031951,J.O'Shaughnessy,TE,KC,PIT,0,0,0.0,0,0.0,0.0,0.0,0,0.0,0,2,1,2.0,0,0.2,1.2,,,76.0,245.0,23.741333333333333,0.0,Illinois State,2015.0,2015.0,KC,173,10.0,0.06451613
2015,2,00-0031953,G.Davis,WR,NYG,ATL,0,0,0.0,0,0.0,0.0,0.0,0,0.0,0,1,1,5.0,0,0.5,1.5,,,74.0,217.0,23.825,0.0,Connecticut,2015.0,2015.0,NYG,186,-4.0,0.025
2015,5,00-0031953,G.Davis,WR,NYG,SF,0,0,0.0,0,0.0,0.0,0.0,0,0.0,0,1,1,16.0,0,1.6,2.6,,,74.0,217.0,23.825,0.0,Connecticut,2015.0,2015.0,NYG,186,3.0,0.018867925
2015,6,00-0031953,G.Davis,WR,NYG,PHI,0,0,0.0,0,0.0,0.0,0.0,0,0.0,0,1,0,0.0,0,0.0,0.0,,,74.0,217.0,23.825,0.0,Connecticut,2015.0,2015.0,NYG,186,,0.027777778
2015,3,00-0031959,M.Murphy,RB,NO,NO,0,0,0.0,0,0.0,0.0,0.0,0,0.0,0,0,0,0.0,0,6.0,6.0,,,69.0,195.0,24.064,0.0,Missouri,2015.0,2015.0,NO,230,,
2015,14,00-0031959,M.Murphy,RB,NO,TB,0,0,0.0,0,0.0,0.0,0.0,1,0.0,0,0,0,0.0,0,0.0,0.0,,,69.0,195.0,24.064,0.0,Missouri,2015.0,2015.0,NO,230,,
2015,13,00-0031962,M.Alford,WR,CIN,CLE,0,0,0.0,0,0.0,0.0,0.0,0,0.0,0,1,1,15.0,0,1.5,2.5,,,68.0,180.0,23.713529411764707,0.0,West Virginia,2015.0,2015.0,CIN,238,,0.045454547
2015,12,00-0031968,E.Bibbs,TE,CLE,BAL,0,0,0.0,0,0.0,0.0,0.0,0,0.0,0,1,0,0.0,0,0.0,0.0,,,74.0,258.0,,0.0,Iowa State,2015.0,2015.0,,,-6.0,0.020833334
2015,13,00-0031968,E.Bibbs,TE,CLE,CIN,0,0,0.0,0,0.0,0.0,0.0,0,0.0,0,1,1,7.0,0,0.7,1.7,,,74.0,258.0,,0.0,Iowa State,2015.0,2015.0,,,-34.0,0.027777778
2015,13,00-0031972,D.Jennings,WR,CLE,CIN,0,0,0.0,0,0.0,0.0,0.0,0,0.0,0,7,5,35.0,0,3.5,8.5,,,70.0,169.0,,0.0,Virginia,2015.0,2015.0,,,-34.0,0.19444445
2015,16,00-0031972,D.Jennings,WR,CLE,KC,0,0,0.0,0,0.0,0.0,0.0,0,0.0,0,4,3,37.0,0,3.7,6.7,,,70.0,169.0,,0.0,Virginia,2015.0,2015.0,,,,0.13793103
2015,17,00-0031972,D.Jennings,WR,CLE,PIT,0,0,0.0,0,0.0,0.0,0.0,0,0.0,0,10,6,45.0,0,4.5,10.5,,,70.0,169.0,,0.0,Virginia,2015.0,2015.0,,,-16.0,0.2173913
2015,16,00-0032001,,WR,NYG,MIN,0,0,0.0,0,0.0,0.0,0.0,0,0.0,0,2,1,9.0,0,0.9,1.9,,,72.0,200.0,23.7225,0.0,,2015.0,2015.0,,,,0.05882353
2015,4,00-0032004,W.Tye,TE,NYG,BUF,0,0,0.0,0,0.0,0.0,0.0,0,0.0,0,1,0,0.0,0,0.0,0.0,,,74.0,262.0,24.039384615384616,0.0,Stony Brook,2015.0,2015.0,,,,0.028571429
2015,5,00-0032004,W.Tye,TE,NYG,SF,0,0,0.0,0,0.0,0.0,0.0,0,0.0,0,4,4,48.0,0,4.8,8.8,,,74.0,262.0,24.039384615384616,0.0,Stony Brook,2015.0,2015.0,,,3.0,0.0754717
2015,6,00-0032004,W.Tye,TE,NYG,PHI,0,0,0.0,0,0.0,0.0,0.0,0,0.0,0,3,2,22.0,0,2.2,4.2,,,74.0,262.0,24.039384615384616,0.0,Stony Brook,2015.0,2015.0,,,,0.083333336
2015,7,00-0032004,W.Tye,TE,NYG,DAL,0,0,0.0,0,0.0,0.0,0.0,0,0.0,0,2,0,0.0,0,0.0,0.0,,,74.0,262.0,24.039384615384616,0.0,Stony Brook,2015.0,2015.0,,,7.0,0.083333336
2015,8,00-0032004,W.Tye,TE,NYG,NO,0,0,0.0,0,0.0,0.0,0.0,0,0.0,0,2,2,7.0,0,-1.3,0.7,,,74.0,262.0,24.039384615384616,0.0,Stony Brook,2015.0,2015.0,,,,0.048780486
2015,9,00-0032004,W.Tye,TE,NYG,TB,0,0,0.0,0,0.0,0.0,0.0,0,0.0,0,6,2,19.0,0,1.9,3.9,,,74.0,262.0,24.039384615384616,0.0,Stony Brook,2015.0,2015.0,,,,0.15
2015,10,00-0032004,W.Tye,TE,NYG,NE,0,0,0.0,0,0.0,0.0,0.0,0,0.0,0,7,5,56.0,0,5.6,10.6,,,74.0,262.0,24.039384615384616,0.0,Stony Brook,2015.0,2015.0,,,-1.0,0.1590909
2015,12,00-0032004,W.Tye,TE,NYG,WAS,0,0,0.0,0,0.0,0.0,0.0,0,0.0,0,8,6,74.0,0,7.4,13.4,,,74.0,262.0,24.039384615384616,0.0,Stony Brook,2015.0,2015.0,,,,0.15686275
2015,13,00-0032004,W.Tye,TE,NYG,NYJ,0,0,0.0,0,0.0,0.0,0.0,0,0.0,0,4,3,70.0,0,7.0,10.0,,,74.0,262.0,24.039384615384616,0.0,Stony Brook,2015.0,2015.0,,,-3.0,0.11764706
2015,14,00-0032004,W.Tye,TE,NYG,MIA,0,0,0.0,0,0.0,0.0,0.0,0,0.0,0,5,5,30.0,1,9.0,14.0,,,74.0,262.0,24.039384615384616,0.0,Stony Brook,2015.0,2015.0,,,,0.16129032
2015,15,00-0032004,W.Tye,TE,NYG,CAR,0,0,0.0,0,0.0,0.0,0.0,0,0.0,0,8,5,43.0,1,10.3,15.3,,,74.0,262.0,24.039384615384616,0.0,Stony Brook,2015.0,2015.0,,,-3.0,0.17777778
2015,16,00-0032004,W.Tye,TE,NYG,MIN,0,0,0.0,0,0.0,0.0,0.0,0,0.0,0,4,3,28.0,0,2.8,5.8,,,74.0,262.0,24.039384615384616,0.0,Stony Brook,2015.0,2015.0,,,,0.11764706
2015,17,00-0032004,W.Tye,TE,NYG,PHI,0,0,0.0,0,0.0,0.0,0.0,0,0.0,0,8,5,67.0,1,12.7,17.7,,,74.0,262.0,24.039384615384616,0.0,Stony Brook,2015.0,2015.0,,,-5.0,0.1904762
2015,5,00-0032008,D.Dye,WR,TB,JAX,0,0,0.0,0,0.0,0.0,0.0,0,0.0,0,1,0,0.0,0,0.0,0.0,,,72.0,195.0,22.263166666666667,0.0,Heidelberg,2015.0,2015.0,,,7.0,0.055555556
2015,7,00-0032008,D.Dye,WR,TB,WAS,0,0,0.0,0,0.0,0.0,0.0,0,0.0,0,1,1,7.0,1,6.7,7.7,,,72.0,195.0,22.263166666666667,0.0,Heidelberg,2015.0,2015.0,,,,0.03448276
2015,8,00-0032008,D.Dye,WR,TB,ATL,0,0,0.0,0,0.0,0.0,0.0,0,0.0,0,3,1,4.0,0,0.4,1.4,,,72.0,195.0,22.263166666666667,0.0,Heidelberg,2015.0,2015.0,,,,0.10344828
2015,9,00-0032008,D.Dye,WR,TB,NYG,0,0,0.0,0,0.0,0.0,0.0,0,0.0,0,4,1,4.0,0,0.4,1.4,,,72.0,195.0,22.263166666666667,0.0,Heidelberg,2015.0,2015.0,,,-14.0,0.11111111
2015,10,00-0032008,D.Dye,WR,TB,DAL,0,0,0.0,0,0.0,0.0,0.0,0,0.0,0,3,1,11.0,0,1.1,2.1,,,72.0,195.0,22.263166666666667,0.0,Heidelberg,2015.0,2015.0,,,4.0,0.078947365
2015,14,00-0032008,D.Dye,WR,TB,NO,0,0,0.0,0,0.0,0.0,0.0,0,0.0,0,3,1,16.0,0,1.6,2.6,,,72.0,195.0,22.263166666666667,0.0,Heidelberg,2015.0,2015.0,,,-7.0,0.09677419
2015,15,00-0032008,D.Dye,WR,TB,LA,0,0,0.0,0,0.0,0.0,0.0,0,0.0,0,5,1,44.0,0,4.4,5.4,,,72.0,195.0,22.263166666666667,0.0,Heidelberg,2015.0,2015.0,,,,0.10204082
2015,16,00-0032008,D.Dye,WR,TB,CHI,0,0,0.0,0,0.0,0.0,0.0,0,0.0,0,3,1,15.0,0,1.5,2.5,,,72.0,195.0,22.263166666666667,0.0,Heidelberg,2015.0,2015.0,,,-5.0,0.10714286
2015,17,00-0032008,D.Dye,WR,TB,CAR,0,0,0.0,0,0.0,0.0,0.0,0,0.0,0,7,4,31.0,0,3.1,7.1,,,72.0,195.0,22.263166666666667,0.0,Heidelberg,2015.0,2015.0,,,,0.14893617
2015,1,00-0032009,A.Humphries,WR,TB,TEN,0,0,0.0,0,0.0,0.0,0.0,0,0.0,0,4,2,14.0,0,1.4,3.4,,,71.0,195.0,22.3855,0.0,Clemson,2015.0,2015.0,,,-28.0,0.121212125
2015,8,00-0032009,A.Humphries,WR,TB,ATL,0,0,0.0,0,0.0,0.0,0.0,0,0.0,0,6,3,14.0,0,1.4,4.4,,,71.0,195.0,22.3855,0.0,Clemson,2015.0,2015.0,,,,0.20689656
2015,9,00-0032009,A.Humphries,WR,TB,NYG,0,0,0.0,0,0.0,0.0,0.0,0,0.0,0,5,5,55.0,0,5.5,10.5,,,71.0,195.0,22.3855,0.0,Clemson,2015.0,2015.0,,,-14.0,0.1388889
2015,10,00-0032009,A.Humphries,WR,TB,DAL,0,0,0.0,0,0.0,0.0,0.0,0,0.0,0,3,2,25.0,0,2.5,4.5,,,71.0,195.0,22.3855,0.0,Clemson,2015.0,2015.0,,,4.0,0.078947365
2015,11,00-0032009,A.Humphries,WR,TB,PHI,0,0,0.0,0,0.0,0.0,0.0,0,0.0,0,5,4,50.0,0,5.0,9.0,,,71.0,195.0,22.3855,0.0,Clemson,2015.0,2015.0,,,,0.17857143
2015,12,00-0032009,A.Humphries,WR,TB,IND,0,0,0.0,0,0.0,0.0,0.0,0,0.0,0,3,2,20.0,0,2.0,4.0,,,71.0,195.0,22.3855,0.0,Clemson,2015.0,2015.0,,,,0.083333336
2015,13,00-0032009,A.Humphries,WR,TB,ATL,0,0,0.0,0,0.0,0.0,0.0,0,0.0,0,1,1,6.0,0,0.6,1.6,,,71.0,195.0,22.3855,0.0,Clemson,2015.0,2015.0,,,4.0,0.037037037
2015,14,00-0032009,A.Humphries,WR,TB,NO,0,0,0.0,0,0.0,0.0,0.0,0,0.0,0,3,1,6.0,1,6.6,7.6,,,71.0,195.0,22.3855,0.0,Clemson,2015.0,2015.0,,,-7.0,0.09677419
2015,15,00-0032009,A.Humphries,WR,TB,LA,0,0,0.0,0,0.0,0.0,0.0,0,0.0,0,6,6,60.0,0,6.0,12.0,,,71.0,195.0,22.3855,0.0,Clemson,2015.0,2015.0,,,,0.12244898
2015,16,00-0032009,A.Humphries,WR,TB,CHI,0,0,0.0,0,0.0,0.0,0.0,0,0.0,0,2,1,10.0,0,1.0,2.0,,,71.0,195.0,22.3855,0.0,Clemson,2015.0,2015.0,,,-5.0,0.071428575
2015,17,00-0032009,A.Humphries,WR,TB,CAR,0,0,0.0,0,0.0,0.0,0.0,0,0.0,0,2,0,0.0,0,0.0,0.0,,,71.0,195.0,22.3855,0.0,Clemson,2015.0,2015.0,,,,0.04255319
2015,14,00-0032045,A.Turzilli,WR,TEN,NYJ,0,0,0.0,0,0.0,0.0,0.0,0,0.0,0,2,2,25.0,0,2.5,4.5,,,76.0,195.0,24.165857142857142,0.0,Rutgers,2015.0,2015.0,,,,0.05
2015,1,00-0032055,D.Funchess,TE,CAR,JAX,0,0,0.0,0,0.0,0.0,0.0,0,0.0,0,2,1,9.0,0,0.9,1.9,,,76.0,225.0,21.505473684210525,0.0,Michigan,2015.0,2015.0,CAR,41,,0.06451613
2015,2,00-0032055,D.Funchess,TE,CAR,HOU,0,0,0.0,0,0.0,0.0,0.0,0,0.0,0,4,1,15.0,0,1.5,2.5,,,76.0,225.0,21.505473684210525,0.0,Michigan,2015.0,2015.0,CAR,41,7.0,0.10810811
2015,3,00-0032055,D.Funchess,TE,CAR,NO,0,0,0.0,0,0.0,0.0,0.0,0,0.0,0,4,1,14.0,0,1.4,2.4,,,76.0,225.0,21.505473684210525,0.0,Michigan,2015.0,2015.0,CAR,41,5.0,0.12903225
2015,4,00-0032055,D.Funchess,TE,CAR,TB,0,0,0.0,0,0.0,0.0,0.0,0,0.0,0,2,0,0.0,0,0.0,0.0,,,76.0,225.0,21.505473684210525,0.0,Michigan,2015.0,2015.0,CAR,41,,0.09090909
2015,6,00-0032055,D.Funchess,TE,CAR,SEA,0,0,0.0,0,0.0,0.0,0.0,0,0.0,0,6,2,24.0,0,2.4,4.4,,,76.0,225.0,21.505473684210525,0.0,Michigan,2015.0,2015.0,CAR,41,,0.17142858
2015,7,00-0032055,D.Funchess,TE,CAR,PHI,0,0,0.0,0,0.0,0.0,0.0,0,0.0,0,2,1,20.0,0,2.0,3.0,,,76.0,225.0,21.505473684210525,0.0,Michigan,2015.0,2015.0,CAR,41,11.0,0.083333336
2015,8,00-0032055,D.Funchess,TE,CAR,IND,0,0,0.0,0,0.0,0.0,0.0,0,0.0,0,1,1,8.0,0,0.8,1.8,,,76.0,225.0,21.505473684210525,0.0,Michigan,2015.0,2015.0,CAR,41,3.0,0.028571429
2015,9,00-0032055,D.Funchess,TE,CAR,GB,0,0,0.0,0,0.0,0.0,0.0,0,0.0,0,4,3,71.0,1,13.1,16.1,,,76.0,225.0,21.505473684210525,0.0,Michigan,2015.0,2015.0,CAR,41,8.0,0.13793103
2015,10,00-0032055,D.Funchess,TE,CAR,TEN,0,0,0.0,0,0.0,0.0,0.0,0,0.0,0,2,2,41.0,0,4.1,6.1,,,76.0,225.0,21.505473684210525,0.0,Michigan,2015.0,2015.0,CAR,41,,0.08
2015,11,00-0032055,D.Funchess,TE,CAR,WAS,0,0,0.0,0,0.0,0.0,0.0,0,0.0,0,8,4,64.0,1,12.4,16.4,,,76.0,225.0,21.505473684210525,0.0,Michigan,2015.0,2015.0,CAR,41,28.0,0.23529412
2015,12,00-0032055,D.Funchess,TE,CAR,DAL,0,0,0.0,0,0.0,0.0,0.0,0,0.0,0,4,2,19.0,0,1.9,3.9,,,76.0,225.0,21.505473684210525,0.0,Michigan,2015.0,2015.0,CAR,41,,0.14814815
2015,13,00-0032055,D.Funchess,TE,CAR,NO,0,0,0.0,0,0.0,0.0,0.0,0,0.0,0,3,1,13.0,1,7.3,8.3,,,76.0,225.0,21.505473684210525,0.0,Michigan,2015.0,2015.0,CAR,41,,0.07317073
2015,14,00-0032055,D.Funchess,TE,CAR,ATL,0,0,0.0,0,0.0,0.0,0.0,0,0.0,0,5,3,25.0,0,2.5,5.5,,,76.0,225.0,21.505473684210525,0.0,Michigan,2015.0,2015.0,CAR,41,38.0,0.1923077
2015,15,00-0032055,D.Funchess,TE,CAR,NYG,0,0,0.0,0,0.0,0.0,0.0,0,0.0,0,7,2,30.0,1,9.0,11.0,,,76.0,225.0,21.505473684210525,0.0,Michigan,2015.0,2015.0,CAR,41,,0.1627907
2015,16,00-0032055,D.Funchess,TE,CAR,ATL,0,0,0.0,0,0.0,0.0,0.0,0,0.0,0,1,0,0.0,0,0.0,0.0,,,76.0,225.0,21.505473684210525,0.0,Michigan,2015.0,2015.0,CAR,41,,0.035714287
2015,17,00-0032055,D.Funchess,TE,CAR,TB,0,0,0.0,0,0.0,0.0,0.0,0,0.0,0,8,7,120.0,1,16.0,23.0,,,76.0,225.0,21.505473684210525,0.0,Michigan,2015.0,2015.0,CAR,41,28.0,0.30769232
2015,19,00-0032055,D.Funchess,TE,CAR,SEA,0,0,0.0,0,0.0,0.0,0.0,0,0.0,0,1,1,12.0,0,1.2,2.2,,,76.0,225.0,21.505473684210525,0.0,Michigan,2015.0,2015.0,CAR,41,7.0,0.045454547
2015,20,00-0032055,D.Funchess,TE,CAR,ARI,0,0,0.0,0,0.0,0.0,0.0,0,0.0,0,3,2,21.0,1,8.1,10.1,,,76.0,225.0,21.505473684210525,0.0,Michigan,2015.0,2015.0,CAR,41,34.0,0.10714286
2015,21,00-0032055,D.Funchess,TE,CAR,DEN,0,0,0.0,0,0.0,0.0,0.0,0,0.0,0,5,2,40.0,0,4.0,6.0,,,76.0,225.0,21.505473684210525,0.0,Michigan,2015.0,2015.0,CAR,41,,0.125
2015,1,00-0032058,T.Coleman,RB,ATL,PHI,0,0,0.0,0,0.0,0.0,0.0,20,80.0,0,2,0,0.0,0,8.0,8.0,,,72.0,210.0,22.5610625,0.0,Indiana,2015.0,2015.0,ATL,73,2.0,0.05882353
2015,2,00-0032058,T.Coleman,RB,ATL,NYG,0,0,0.0,0,0.0,0.0,0.0,9,32.0,1,1,0,0.0,0,9.2,9.2,,,72.0,210.0,22.5610625,0.0,Indiana,2015.0,2015.0,ATL,73,,0.02173913
2015,5,00-0032058,T.Coleman,RB,ATL,WAS,0,0,0.0,0,0.0,0.0,0.0,2,3.0,0,0,0,0.0,0,0.3,0.3,,,72.0,210.0,22.5610625,0.0,Indiana,2015.0,2015.0,ATL,73,6.0,
2015,6,00-0032058,T.Coleman,RB,ATL,NO,0,0,0.0,0,0.0,0.0,0.0,4,40.0,0,0,0,0.0,0,2.0,2.0,,,72.0,210.0,22.5610625,0.0,Indiana,2015.0,2015.0,ATL,73,,
2015,7,00-0032058,T.Coleman,RB,ATL,TEN,0,0,0.0,0,0.0,0.0,0.0,3,14.0,0,1,0,0.0,0,1.4,1.4,,,72.0,210.0,22.5610625,0.0,Indiana,2015.0,2015.0,ATL,73,,0.02631579
2015,8,00-0032058,T.Coleman,RB,ATL,TB,0,0,0.0,0,0.0,0.0,0.0,3,11.0,0,1,1,10.0,0,2.1,3.1,,,72.0,210.0,22.5610625,0.0,Indiana,2015.0,2015.0,ATL,73,-3.0,0.022222223
2015,9,00-0032058,T.Coleman,RB,ATL,SF,0,0,0.0,0,0.0,0.0,0.0,1,3.0,0,0,0,0.0,0,0.3,0.3,,,72.0,210.0,22.5610625,0.0,Indiana,2015.0,2015.0,ATL,73,,
2015,11,00-0032058,T.Coleman,RB,ATL,IND,0,0,0.0,0,0.0,0.0,0.0,17,48.0,0,2,0,0.0,0,2.8,2.8,,,72.0,210.0,22.5610625,0.0,Indiana,2015.0,2015.0,ATL,73,-3.0,0.04347826
2015,12,00-0032058,T.Coleman,RB,ATL,MIN,0,0,0.0,0,0.0,0.0,0.0,18,110.0,0,2,0,0.0,0,9.0,9.0,,,72.0,210.0,22.5610625,0.0,Indiana,2015.0,2015.0,ATL,73,-10.0,0.06451613
2015,13,00-0032058,T.Coleman,RB,ATL,TB,0,0,0.0,0,0.0,0.0,0.0,3,13.0,0,1,1,4.0,0,1.7,2.7,,,72.0,210.0,22.5610625,0.0,Indiana,2015.0,2015.0,ATL,73,,0.022727273
2015,14,00-0032058,T.Coleman,RB,ATL,CAR,0,0,0.0,0,0.0,0.0,0.0,3,15.0,0,1,0,0.0,0,1.5,1.5,,,72.0,210.0,22.5610625,0.0,Indiana,2015.0,2015.0,ATL,73,,0.024390243
2015,15,00-0032058,T.Coleman,RB,ATL,JAX,0,0,0.0,0,0.0,0.0,0.0,4,23.0,0,0,0,0.0,0,2.3,2.3,,,72.0,210.0,22.5610625,0.0,Indiana,2015.0,2015.0,ATL,73,,
2015,2,00-0032062,B.Bell,TE,SF,PIT,0,0,0.0,0,0.0,0.0,0.0,0,0.0,0,3,1,11.0,0,1.1,2.1,,,78.0,252.0,24.2530625,0.0,Oklahoma,2015.0,2015.0,SF,117,,0.06521739
2015,3,00-0032062,B.Bell,TE,SF,ARI,0,0,0.0,0,0.0,0.0,0.0,0,0.0,0,1,1,0.0,0,0.0,1.0,,,78.0,252.0,24.2530625,0.0,Oklahoma,2015.0,2015.0,SF,117,,0.05263158
2015,5,00-0032062,B.Bell,TE,SF,NYG,0,0,0.0,0,0.0,0.0,0.0,0,0.0,0,1,1,6.0,0,0.6,1.6,,,78.0,252.0,24.2530625,0.0,Oklahoma,2015.0,2015.0,SF,117,,0.028571429
2015,12,00-0032062,B.Bell,TE,SF,ARI,0,0,0.0,0,0.0,0.0,0.0,0,0.0,0,3,3,67.0,0,6.7,9.7,,,78.0,252.0,24.2530625,0.0,Oklahoma,2015.0,2015.0,SF,117,-6.0,0.083333336
2015,13,00-0032062,B.Bell,TE,SF,CHI,0,0,0.0,0,0.0,0.0,0.0,0,0.0,0,3,1,5.0,0,0.5,1.5,,,78.0,252.0,24.2530625,0.0,Oklahoma,2015.0,2015.0,SF,117,,0.09375
2015,14,00-0032062,B.Bell,TE,SF,CLE,0,0,0.0,0,0.0,0.0,0.0,0,0.0,0,3,3,49.0,0,4.9,7.9,,,78.0,252.0,24.2530625,0.0,Oklahoma,2015.0,2015.0,SF,117,,0.10714286
2015,15,00-0032062,B.Bell,TE,SF,CIN,0,0,0.0,0,0.0,0.0,0.0,0,0.0,0,8,4,43.0,0,4.3,8.3,,,78.0,252.0,24.2530625,0.0,Oklahoma,2015.0,2015.0,SF,117,-10.0,0.16
2015,16,00-0032062,B.Bell,TE,SF,DET,0,0,0.0,0,0.0,0.0,0.0,0,0.0,0,1,0,0.0,0,0.0,0.0,,,78.0,252.0,24.2530625,0.0,Oklahoma,2015.0,2015.0,SF,117,,0.030303031
2015,17,00-0032062,B.Bell,TE,SF,LA,0,0,0.0,0,0.0,0.0,0.0,0,0.0,0,2,1,5.0,0,0.5,1.5,,,78.0,252.0,24.2530625,0.0,Oklahoma,2015.0,2015.0,SF,117,3.0,0.045454547
2015,2,00-0032063,M.Davis,RB,SF,PIT,0,0,0.0,0,0.0,0.0,0.0,7,14.0,0,4,2,4.0,0,1.8,3.8,,,69.0,217.0,22.655555555555555,0.0,South Carolina,2015.0,2015.0,SF,126,,0.08695652
2015,3,00-0032063,M.Davis,RB,SF,ARI,0,0,0.0,0,0.0,0.0,0.0,7,6.0,0,3,1,5.0,0,1.1,2.1,,,69.0,217.0,22.655555555555555,0.0,South Carolina,2015.0,2015.0,SF,126,,0.15789473
2015,6,00-0032063,M.Davis,RB,SF,BAL,0,0,0.0,0,0.0,0.0,0.0,1,0.0,0,0,0,0.0,0,0.0,0.0,,,69.0,217.0,22.655555555555555,0.0,South Carolina,2015.0,2015.0,SF,126,5.0,
2015,8,00-0032063,M.Davis,RB,SF,LA,0,0,0.0,0,0.0,0.0,0.0,10,4.0,0,3,2,14.0,0,1.8,3.8,,,69.0,217.0,22.655555555555555,0.0,South Carolina,2015.0,2015.0,SF,126,,0.07317073
2015,17,00-0032063,M.Davis,RB,SF,LA,0,0,0.0,0,0.0,0.0,0.0,10,34.0,0,3,2,15.0,0,4.9,6.9,,,69.0,217.0,22.655555555555555,0.0,South Carolina,2015.0,2015.0,SF,126,3.0,0.06818182
2015,1,00-0032068,M.Johnson,RB,CLE,NYJ,0,0,0.0,0,0.0,0.0,0.0,0,0.0,0,2,2,14.0,0,1.4,3.4,,,73.0,231.0,,0.0,Mississippi State,2015.0,2015.0,CLV,195,,0.0625
2015,2,00-0032068,M.Johnson,RB,CLE,TEN,0,0,0.0,0,0.0,0.0,0.0,0,0.0,0,1,0,0.0,0,0.0,0.0,,,73.0,231.0,,0.0,Mississippi State,2015.0,2015.0,CLV,195,14.0,0.06666667
2015,6,00-0032068,M.Johnson,RB,CLE,DEN,0,0,0.0,0,0.0,0.0,0.0,0,0.0,0,1,1,0.0,0,0.0,1.0,,,73.0,231.0,,0.0,Mississippi State,2015.0,2015.0,CLV,195,-3.0,0.025641026
2015,12,00-0032068,M.Johnson,RB,CLE,BAL,0,0,0.0,0,0.0,0.0,0.0,0,0.0,0,1,1,1.0,0,0.1,1.1,,,73.0,231.0,,0.0,Mississippi State,2015.0,2015.0,CLV,195,-6.0,0.020833334
2015,13,00-0032068,M.Johnson,RB,CLE,CIN,0,0,0.0,0,0.0,0.0,0.0,0,0.0,0,1,0,0.0,0,0.0,0.0,,,73.0,231.0,,0.0,Mississippi State,2015.0,2015.0,CLV,195,-34.0,0.027777778
2015,10,00-0032089,B.Parker,TE,KC,DEN,0,0,0.0,0,0.0,0.0,0.0,0,0.0,0,1,1,6.0,0,0.6,1.6,,,76.0,265.0,23.461055555555554,0.0,"Albany, N.Y.",2015.0,2015.0,,,,0.032258064
2015,16,00-0032089,B.Parker,TE,KC,CLE,0,0,0.0,0,0.0,0.0,0.0,0,0.0,0,1,0,0.0,0,0.0,0.0,,,76.0,265.0,23.461055555555554,0.0,"Albany, N.Y.",2015.0,2015.0,,,4.0,0.045454547
2015,12,00-0032098,D.Brown,TE,BAL,CLE,0,0,0.0,0,0.0,0.0,0.0,0,0.0,0,1,0,0.0,0,0.0,0.0,,,77.0,225.0,,0.0,James Madison,2015.0,2015.0,,,,0.029411765
2015,13,00-0032098,D.Brown,TE,BAL,MIA,0,0,0.0,0,0.0,0.0,0.0,0,0.0,0,1,1,17.0,0,1.7,2.7,,,77.0,225.0,,0.0,James Madison,2015.0,2015.0,,,,0.02173913
2015,14,00-0032098,D.Brown,TE,BAL,SEA,0,0,0.0,0,0.0,0.0,0.0,0,0.0,0,6,5,47.0,0,4.7,9.7,,,77.0,225.0,,0.0,James Madison,2015.0,2015.0,,,-29.0,0.15
2015,15,00-0032098,D.Brown,TE,BAL,KC,0,0,0.0,0,0.0,0.0,0.0,0,0.0,0,3,0,0.0,0,0.0,0.0,,,77.0,225.0,,0.0,James Madison,2015.0,2015.0,,,-20.0,0.06666667
2015,1,00-0032104,A.Abdullah,RB,DET,LAC,0,0,0.0,0,0.0,0.0,0.0,7,50.0,1,4,4,44.0,0,15.4,19.4,,,68.0,203.0,22.40325,0.0,Nebraska,2015.0,2015.0,DET,54,,0.14285715
2015,2,00-0032104,A.Abdullah,RB,DET,MIN,0,0,0.0,0,0.0,0.0,0.0,6,9.0,0,1,1,9.0,0,1.8,2.8,,,68.0,203.0,22.40325,0.0,Nebraska,2015.0,2015.0,DET,54,,0.01923077
2015,3,00-0032104,A.Abdullah,RB,DET,DEN,0,0,0.0,0,0.0,0.0,0.0,8,23.0,0,5,2,19.0,1,10.2,12.2,,,68.0,203.0,22.40325,0.0,Nebraska,2015.0,2015.0,DET,54,-12.0,0.11111111
2015,4,00-0032104,A.Abdullah,RB,DET,SEA,0,0,0.0,0,0.0,0.0,0.0,13,33.0,0,5,2,11.0,0,4.4,6.4,,,68.0,203.0,22.40325,0.0,Nebraska,2015.0,2015.0,DET,54,,0.14285715
2015,5,00-0032104,A.Abdullah,RB,DET,ARI,0,0,0.0,0,0.0,0.0,0.0,6,16.0,0,2,1,9.0,0,0.5,1.5,,,68.0,203.0,22.40325,0.0,Nebraska,2015.0,2015.0,DET,54,-25.0,0.029411765
2015,6,00-0032104,A.Abdullah,RB,DET,CHI,0,0,0.0,0,0.0,0.0,0.0,14,48.0,0,4,3,21.0,0,6.9,9.9,,,68.0,203.0,22.40325,0.0,Nebraska,2015.0,2015.0,DET,54,3.0,0.1
2015,7,00-0032104,A.Abdullah,RB,DET,MIN,0,0,0.0,0,0.0,0.0,0.0,8,43.0,0,0,0,0.0,0,4.3,4.3,,,68.0,203.0,22.40325,0.0,Nebraska,2015.0,2015.0,DET,54,-9.0,
2015,8,00-0032104,A.Abdullah,RB,DET,KC,0,0,0.0,0,0.0,0.0,0.0,1,3.0,0,2,0,0.0,0,0.3,0.3,,,68.0,203.0,22.40325,0.0,Nebraska,2015.0,2015.0,DET,54,,0.05263158
2015,10,00-0032104,A.Abdullah,RB,DET,GB,0,0,0.0,0,0.0,0.0,0.0,5,15.0,0,1,1,7.0,0,2.2,3.2,,,68.0,203.0,22.40325,0.0,Nebraska,2015.0,2015.0,DET,54,,0.02631579
2015,11,00-0032104,A.Abdullah,RB,DET,LV,0,0,0.0,0,0.0,0.0,0.0,12,44.0,0,2,1,2.0,0,4.6,5.6,,,68.0,203.0,22.40325,0.0,Nebraska,2015.0,2015.0,DET,54,5.0,0.05882353
2015,12,00-0032104,A.Abdullah,RB,DET,PHI,0,0,0.0,0,0.0,0.0,0.0,16,63.0,0,2,1,12.0,0,7.5,8.5,,,68.0,203.0,22.40325,0.0,Nebraska,2015.0,2015.0,DET,54,31.0,0.05263158
2015,13,00-0032104,A.Abdullah,RB,DET,GB,0,0,0.0,0,0.0,0.0,0.0,13,67.0,0,1,0,0.0,0,6.7,6.7,,,68.0,203.0,22.40325,0.0,Nebraska,2015.0,2015.0,DET,54,-4.0,0.029411765
2015,14,00-0032104,A.Abdullah,RB,DET,LA,0,0,0.0,0,0.0,0.0,0.0,7,23.0,0,2,2,21.0,0,4.4,6.4,,,68.0,203.0,22.40325,0.0,Nebraska,2015.0,2015.0,DET,54,,0.044444446
2015,15,00-0032104,A.Abdullah,RB,DET,NO,0,0,0.0,0,0.0,0.0,0.0,9,77.0,1,2,2,12.0,0,12.9,14.9,,,68.0,203.0,22.40325,0.0,Nebraska,2015.0,2015.0,DET,54,,0.08
2015,16,00-0032104,A.Abdullah,RB,DET,SF,0,0,0.0,0,0.0,0.0,0.0,8,39.0,0,4,4,9.0,0,4.8,8.8,,,68.0,203.0,22.40325,0.0,Nebraska,2015.0,2015.0,DET,54,15.0,0.10810811
2015,17,00-0032104,A.Abdullah,RB,DET,CHI,0,0,0.0,0,0.0,0.0,0.0,10,44.0,0,1,1,7.0,0,5.1,6.1,,,68.0,203.0,22.40325,0.0,Nebraska,2015.0,2015.0,DET,54,,0.025641026
2015,1,00-0032112,J.Nelson,WR,ARI,NO,0,0,0.0,0,0.0,0.0,0.0,0,0.0,0,3,0,0.0,0,0.0,0.0,,,70.0,160.0,,0.0,Alabama-Birmingham,2015.0,2015.0,ARZ,159,12.0,0.09375
2015,2,00-0032112,J.Nelson,WR,ARI,CHI,0,0,0.0,0,0.0,0.0,0.0,0,0.0,0,1,0,0.0,0,0.0,0.0,,,70.0,160.0,,0.0,Alabama-Birmingham,2015.0,2015.0,ARZ,159,,0.04347826
2015,8,00-0032112,J.Nelson,WR,ARI,CLE,0,0,0.0,0,0.0,0.0,0.0,1,0.0,0,4,3,70.0,0,7.0,10.0,,,70.0,160.0,,0.0,Alabama-Birmingham,2015.0,2015.0,ARZ,159,,0.10810811
2015,11,00-0032112,J.Nelson,WR,ARI,CIN,0,0,0.0,0,0.0,0.0,0.0,0,0.0,0,6,4,142.0,1,20.2,24.2,,,70.0,160.0,,0.0,Alabama-Birmingham,2015.0,2015.0,ARZ,159,3.0,0.2
2015,12,00-0032112,J.Nelson,WR,ARI,SF,0,0,0.0,0,0.0,0.0,0.0,0,0.0,0,5,2,53.0,0,5.3,7.3,,,70.0,160.0,,0.0,Alabama-Birmingham,2015.0,2015.0,ARZ,159,,0.125
2015,13,00-0032112,J.Nelson,WR,ARI,LA,0,0,0.0,0,0.0,0.0,0.0,0,0.0,0,3,2,34.0,1,9.4,11.4,,,70.0,160.0,,0.0,Alabama-Birmingham,2015.0,2015.0,ARZ,159,,0.075
2015,14,00-0032112,J.Nelson,WR,ARI,MIN,0,0,0.0,0,0.0,0.0,0.0,0,0.0,0,1,0,0.0,0,0.0,0.0,,,70.0,160.0,,0.0,Alabama-Birmingham,2015.0,2015.0,ARZ,159,3.0,0.028571429
2015,15,00-0032112,J.Nelson,WR,ARI,PHI,0,0,0.0,0,0.0,0.0,0.0,0,0.0,0,1,0,0.0,0,0.0,0.0,,,70.0,160.0,,0.0,Alabama-Birmingham,2015.0,2015.0,ARZ,159,,0.03125
2015,17,00-0032112,J.Nelson,WR,ARI,SEA,0,0,0.0,0,0.0,0.0,0.0,0,0.0,0,3,0,0.0,0,0.0,0.0,,,70.0,160.0,,0.0,Alabama-Birmingham,2015.0,2015.0,ARZ,159,-30.0,0.069767445
2015,19,00-0032112,J.Nelson,WR,ARI,GB,0,0,0.0,0,0.0,0.0,0.0,0,0.0,0,1,1,8.0,0,0.8,1.8,,,70.0,160.0,,0.0,Alabama-Birmingham,2015.0,2015.0,ARZ,159,6.0,0.024390243
2015,20,00-0032112,J.Nelson,WR,ARI,CAR,0,0,0.0,0,0.0,0.0,0.0,0,0.0,0,3,2,25.0,0,4.5,6.5,,,70.0,160.0,,0.0,Alabama-Birmingham,2015.0,2015.0,ARZ,159,,0.07317073
2015,12,00-0032115,K.Clay,WR,BAL,BAL,0,0,0.0,0,0.0,0.0,0.0,0,0.0,0,0,0,0.0,0,6.0,6.0,,,70.0,195.0,,0.0,Utah,2015.0,2015.0,TB,184,,
2015,15,00-0032117,N.O'Leary,TE,BUF,WAS,0,0,0.0,0,0.0,0.0,0.0,0,0.0,0,1,1,37.0,0,3.7,4.7,,,75.0,252.0,23.311500000000002,0.0,Florida State,2015.0,2015.0,BUF,194,,0.037037037
2015,16,00-0032117,N.O'Leary,TE,BUF,DAL,0,0,0.0,0,0.0,0.0,0.0,0,0.0,0,1,0,0.0,0,0.0,0.0,,,75.0,252.0,23.311500000000002,0.0,Florida State,2015.0,2015.0,BUF,194,10.0,0.055555556
2015,17,00-0032117,N.O'Leary,TE,BUF,NYJ,0,0,0.0,0,0.0,0.0,0.0,0,0.0,0,1,0,0.0,0,0.0,0.0,,,75.0,252.0,23.311500000000002,0.0,Florida State,2015.0,2015.0,BUF,194,5.0,0.035714287
2015,15,00-0032122,,FB,NE,TEN,0,0,0.0,0,0.0,0.0,0.0,14,51.0,0,0,0,0.0,0,5.1,5.1,,,72.0,245.0,24.5135,0.0,,2015.0,2015.0,TB,231,17.0,
2015,16,00-0032122,,FB,NE,NYJ,0,0,0.0,0,0.0,0.0,0.0,1,0.0,0,0,0,0.0,0,0.0,0.0,,,72.0,245.0,24.5135,0.0,,2015.0,2015.0,TB,231,,
2015,16,00-0032123,T.McBride,WR,TEN,HOU,0,0,0.0,0,0.0,0.0,0.0,0,0.0,0,3,2,8.0,1,6.8,8.8,,,72.0,210.0,23.029571428571426,0.0,William & Mary,2015.0,2015.0,TEN,245,-28.0,0.05882353
2015,17,00-0032123,T.McBride,WR,TEN,IND,0,0,0.0,0,0.0,0.0,0.0,1,8.0,0,1,0,0.0,0,0.8,0.8,,,72.0,210.0,23.029571428571426,0.0,William & Mary,2015.0,2015.0,TEN,245,,0.04
2015,3,00-0032128,C.Conley,WR,KC,GB,0,0,0.0,0,0.0,0.0,0.0,0,0.0,0,1,1,16.0,0,1.6,2.6,,,74.0,205.0,23.05588888888889,0.0,Georgia,2015.0,2015.0,KC,76,,0.025
2015,4,00-0032128,C.Conley,WR,KC,CIN,0,0,0.0,0,0.0,0.0,0.0,0,0.0,0,7,2,53.0,0,5.3,7.3,,,74.0,205.0,23.05588888888889,0.0,Georgia,2015.0,2015.0,KC,76,,0.1627907
2015,5,00-0032128,C.Conley,WR,KC,CHI,0,0,0.0,0,0.0,0.0,0.0,0,0.0,0,3,1,6.0,0,0.6,1.6,,,74.0,205.0,23.05588888888889,0.0,Georgia,2015.0,2015.0,KC,76,-1.0,0.1
2015,6,00-0032128,C.Conley,WR,KC,MIN,0,0,0.0,0,0.0,0.0,0.0,0,0.0,0,7,3,16.0,0,1.6,4.6,,,74.0,205.0,23.05588888888889,0.0,Georgia,2015.0,2015.0,KC,76,,0.1891892
2015,7,00-0032128,C.Conley,WR,KC,PIT,0,0,0.0,0,0.0,0.0,0.0,0,0.0,0,7,6,63.0,1,12.3,18.3,,,74.0,205.0,23.05588888888889,0.0,Georgia,2015.0,2015.0,KC,76,10.0,0.22580644
2015,8,00-0032128,C.Conley,WR,KC,DET,0,0,0.0,0,0.0,0.0,0.0,0,0.0,0,1,1,6.0,0,0.6,1.6,,,74.0,205.0,23.05588888888889,0.0,Georgia,2015.0,2015.0,KC,76,35.0,0.035714287
2015,11,00-0032128,C.Conley,WR,KC,LAC,0,0,0.0,0,0.0,0.0,0.0,0,0.0,0,1,1,17.0,0,1.7,2.7,,,74.0,205.0,23.05588888888889,0.0,Georgia,2015.0,2015.0,KC,76,,0.04
2015,12,00-0032128,C.Conley,WR,KC,BUF,0,0,0.0,0,0.0,0.0,0.0,0,0.0,0,1,0,0.0,0,0.0,0.0,,,74.0,205.0,23.05588888888889,0.0,Georgia,2015.0,2015.0,KC,76,8.0,0.037037037
2015,17,00-0032128,C.Conley,WR,KC,LV,0,0,0.0,0,0.0,0.0,0.0,0,0.0,0,3,2,22.0,0,2.2,4.2,,,74.0,205.0,23.05588888888889,0.0,Georgia,2015.0,2015.0,KC,76,6.0,0.13043478
2015,18,00-0032128,C.Conley,WR,KC,HOU,0,0,0.0,0,0.0,0.0,0.0,0,0.0,0,1,1,9.0,1,6.9,7.9,,,74.0,205.0,23.05588888888889,0.0,Georgia,2015.0,2015.0,KC,76,,0.045454547
2015,19,00-0032128,C.Conley,WR,KC,NE,0,0,0.0,0,0.0,0.0,0.0,0,0.0,0,9,5,33.0,0,3.3,8.3,,,74.0,205.0,23.05588888888889,0.0,Georgia,2015.0,2015.0,KC,76,,0.19148937
2015,2,00-0032130,J.Fowler,FB,TEN,CLE,0,0,0.0,0,0.0,0.0,0.0,1,3.0,0,1,1,19.0,0,2.2,3.2,,,71.0,254.0,25.29225,0.0,Alabama,2015.0,2015.0,TEN,108,,0.027027028
2015,3,00-0032130,J.Fowler,FB,TEN,IND,0,0,0.0,0,0.0,0.0,0.0,4,9.0,1,0,0,0.0,0,6.9,6.9,,,71.0,254.0,25.29225,0.0,Alabama,2015.0,2015.0,TEN,108,-2.0,
2015,10,00-0032130,J.Fowler,FB,TEN,CAR,0,0,0.0,0,0.0,0.0,0.0,0,0.0,0,1,1,14.0,0,1.4,2.4,,,71.0,254.0,25.29225,0.0,Alabama,2015.0,2015.0,TEN,108,-17.0,0.041666668
2015,11,00-0032130,J.Fowler,FB,TEN,JAX,0,0,0.0,0,0.0,0.0,0.0,0,0.0,0,1,1,2.0,0,0.2,1.2,,,71.0,254.0,25.29225,0.0,Alabama,2015.0,2015.0,TEN,108,,0.030303031
2015,12,00-0032130,J.Fowler,FB,TEN,LV,0,0,0.0,0,0.0,0.0,0.0,1,1.0,0,1,1,1.0,1,6.2,7.2,,,71.0,254.0,25.29225,0.0,Alabama,2015.0,2015.0,TEN,108,-3.0,0.027777778
2015,15,00-0032130,J.Fowler,FB,TEN,NE,0,0,0.0,0,0.0,0.0,0.0,1,0.0,0,1,1,8.0,0,0.8,1.8,,,71.0,254.0,25.29225,0.0,Alabama,2015.0,2015.0,TEN,108,,0.030303031
2015,17,00-0032130,J.Fowler,FB,TEN,IND,0,0,0.0,0,0.0,0.0,0.0,0,0.0,0,1,0,0.0,0,0.0,0.0,,,71.0,254.0,25.29225,0.0,Alabama,2015.0,2015.0,TEN,108,,0.04
2015,11,00-0032133,,RB,TEN,JAX,0,0,0.0,0,0.0,0.0,0.0,4,-3.0,0,0,0,0.0,0,-0.3,-0.3,,,71.0,229.0,22.516375,0.0,,2015.0,2015.0,TEN,138,,
2015,12,00-0032133,,RB,TEN,LV,0,0,0.0,0,0.0,0.0,0.0,3,8.0,0,1,0,0.0,0,0.8,0.8,,,71.0,229.0,22.516375,0.0,,2015.0,2015.0,TEN,138,-3.0,0.027777778
2015,13,00-0032133,,RB,TEN,JAX,0,0,0.0,0,0.0,0.0,0.0,13,40.0,0,0,0,0.0,0,4.0,4.0,,,71.0,229.0,22.516375,0.0,,2015.0,2015.0,TEN,138,3.0,
2015,14,00-0032133,,RB,TEN,NYJ,0,0,0.0,0,0.0,0.0,0.0,2,1.0,0,0,0,0.0,0,0.1,0.1,,,71.0,229.0,22.516375,0.0,,2015.0,2015.0,TEN,138,,
2015,15,00-0032133,,RB,TEN,NE,0,0,0.0,0,0.0,0.0,0.0,4,9.0,0,0,0,0.0,0,0.9,0.9,,,71.0,229.0,22.516375,0.0,,2015.0,2015.0,TEN,138,,
2015,16,00-0032133,,RB,TEN,HOU,0,0,0.0,0,0.0,0.0,0.0,7,18.0,0,1,1,-2.0,0,1.6,2.6,,,71.0,229.0,22.516375,0.0,,2015.0,2015.0,TEN,138,-28.0,0.019607844
2015,17,00-0032133,,RB,TEN,IND,0,0,0.0,0,0.0,0.0,0.0,19,73.0,1,0,0,0.0,0,13.3,13.3,,,71.0,229.0,22.516375,0.0,,2015.0,2015.0,TEN,138,,
2015,13,00-0032134,C.Uzomah,TE,CIN,CLE,0,0,0.0,0,0.0,0.0,0.0,0,0.0,0,1,1,4.0,0,0.4,1.4,,,77.0,271.0,22.826529411764707,0.0,Auburn,2015.0,2015.0,CIN,157,,0.045454547
2015,9,00-0032135,J.James,TE,PIT,LV,0,0,0.0,0,0.0,0.0,0.0,0,0.0,0,2,2,13.0,1,7.3,9.3,,,79.0,261.0,21.44633333333333,0.0,Penn State,2015.0,2015.0,PIT,160,3.0,0.04
2015,10,00-0032135,J.James,TE,PIT,CLE,0,0,0.0,0,0.0,0.0,0.0,0,0.0,0,1,1,2.0,0,0.2,1.2,,,79.0,261.0,21.44633333333333,0.0,Penn State,2015.0,2015.0,PIT,160,21.0,0.027027028
2015,12,00-0032135,J.James,TE,PIT,SEA,0,0,0.0,0,0.0,0.0,0.0,0,0.0,0,2,1,8.0,0,2.8,3.8,,,79.0,261.0,21.44633333333333,0.0,Penn State,2015.0,2015.0,PIT,160,,0.03448276
2015,13,00-0032135,J.James,TE,PIT,IND,0,0,0.0,0,0.0,0.0,0.0,0,0.0,0,5,3,30.0,0,3.0,6.0,,,79.0,261.0,21.44633333333333,0.0,Penn State,2015.0,2015.0,PIT,160,35.0,0.12820514
2015,16,00-0032135,J.James,TE,PIT,BAL,0,0,0.0,0,0.0,0.0,0.0,0,0.0,0,1,1,3.0,0,0.3,1.3,,,79.0,261.0,21.44633333333333,0.0,Penn State,2015.0,2015.0,PIT,160,,0.029411765
2015,19,00-0032135,J.James,TE,PIT,DEN,0,0,0.0,0,0.0,0.0,0.0,0,0.0,0,1,1,22.0,0,2.2,3.2,,,79.0,261.0,21.44633333333333,0.0,Penn State,2015.0,2015.0,PIT,160,,0.027777778
2015,2,00-0032141,G.Swaim,TE,DAL,PHI,0,0,0.0,0,0.0,0.0,0.0,0,0.0,0,1,1,0.0,0,0.0,1.0,,,76.0,260.0,22.146875,0.0,Texas,2015.0,2015.0,DAL,246,,0.029411765
2015,1,00-0032144,M.Gordon,RB,LAC,DET,0,0,0.0,0,0.0,0.0,0.0,14,51.0,0,3,3,16.0,0,4.7,7.7,,,73.0,215.0,22.5495,0.0,Wisconsin,2015.0,2015.0,SD,15,,0.07317073
2015,2,00-0032144,M.Gordon,RB,LAC,CIN,0,0,0.0,0,0.0,0.0,0.0,16,88.0,0,1,1,10.0,0,9.8,10.8,,,73.0,215.0,22.5495,0.0,Wisconsin,2015.0,2015.0,SD,15,,0.037037037
2015,3,00-0032144,M.Gordon,RB,LAC,MIN,0,0,0.0,0,0.0,0.0,0.0,14,51.0,0,1,0,0.0,0,5.1,5.1,,,73.0,215.0,22.5495,0.0,Wisconsin,2015.0,2015.0,SD,15,,0.025
2015,4,00-0032144,M.Gordon,RB,LAC,CLE,0,0,0.0,0,0.0,0.0,0.0,12,38.0,0,2,2,8.0,0,4.6,6.6,,,73.0,215.0,22.5495,0.0,Wisconsin,2015.0,2015.0,SD,15,,0.054054055
2015,5,00-0032144,M.Gordon,RB,LAC,PIT,0,0,0.0,0,0.0,0.0,0.0,15,42.0,0,9,7,52.0,0,7.4,14.4,,,73.0,215.0,22.5495,0.0,Wisconsin,2015.0,2015.0,SD,15,,0.1875
2015,6,00-0032144,M.Gordon,RB,LAC,GB,0,0,0.0,0,0.0,0.0,0.0,7,29.0,0,0,0,0.0,0,0.9,0.9,,,73.0,215.0,22.5495,0.0,Wisconsin,2015.0,2015.0,SD,15,,
2015,7,00-0032144,M.Gordon,RB,LAC,LV,0,0,0.0,0,0.0,0.0,0.0,7,29.0,0,0,0,0.0,0,2.9,2.9,,,73.0,215.0,22.5495,0.0,Wisconsin,2015.0,2015.0,SD,15,,
2015,8,00-0032144,M.Gordon,RB,LAC,BAL,0,0,0.0,0,0.0,0.0,0.0,18,54.0,0,6,5,7.0,0,6.1,11.1,,,73.0,215.0,22.5495,0.0,Wisconsin,2015.0,2015.0,SD,15,,0.16666667
2015,9,00-0032144,M.Gordon,RB,LAC,CHI,0,0,0.0,0,0.0,0.0,0.0,11,31.0,0,3,3,25.0,0,5.6,8.6,,,73.0,215.0,22.5495,0.0,Wisconsin,2015.0,2015.0,SD,15,,0.071428575
2015,11,00-0032144,M.Gordon,RB,LAC,KC,0,0,0.0,0,0.0,0.0,0.0,15,37.0,0,1,1,12.0,0,4.9,5.9,,,73.0,215.0,22.5495,0.0,Wisconsin,2015.0,2015.0,SD,15,,0.033333335
2015,12,00-0032144,M.Gordon,RB,LAC,JAX,0,0,0.0,0,0.0,0.0,0.0,14,60.0,0,5,5,20.0,0,8.0,13.0,,,73.0,215.0,22.5495,0.0,Wisconsin,2015.0,2015.0,SD,15,,0.11627907
2015,13,00-0032144,M.Gordon,RB,LAC,DEN,0,0,0.0,0,0.0,0.0,0.0,12,55.0,0,1,1,8.0,0,4.3,5.3,,,73.0,215.0,22.5495,0.0,Wisconsin,2015.0,2015.0,SD,15,,0.030303031
2015,14,00-0032144,M.Gordon,RB,LAC,KC,0,0,0.0,0,0.0,0.0,0.0,14,35.0,0,4,4,28.0,0,6.3,10.3,,,73.0,215.0,22.5495,0.0,Wisconsin,2015.0,2015.0,SD,15,,0.0952381
2015,15,00-0032144,M.Gordon,RB,LAC,MIA,0,0,0.0,0,0.0,0.0,0.0,15,41.0,0,1,1,6.0,0,4.7,5.7,,,73.0,215.0,22.5495,0.0,Wisconsin,2015.0,2015.0,SD,15,,0.027777778
2015,1,00-0032152,,RB,BUF,IND,0,0,0.0,0,0.0,0.0,0.0,6,55.0,1,0,0,0.0,0,11.5,11.5,,,73.0,230.0,22.514187500000002,0.0,,2015.0,2015.0,BUF,155,13.0,
2015,2,00-0032152,,RB,BUF,NE,0,0,0.0,0,0.0,0.0,0.0,6,21.0,1,3,2,16.0,0,9.7,11.7,,,73.0,230.0,22.514187500000002,0.0,,2015.0,2015.0,BUF,155,-8.0,0.1
2015,3,00-0032152,,RB,BUF,MIA,0,0,0.0,0,0.0,0.0,0.0,12,110.0,1,0,0,0.0,0,17.0,17.0,,,73.0,230.0,22.514187500000002,0.0,,2015.0,2015.0,BUF,155,,
2015,4,00-0032152,,RB,BUF,NYG,0,0,0.0,0,0.0,0.0,0.0,18,40.0,0,4,3,30.0,1,13.0,16.0,,,73.0,230.0,22.514187500000002,0.0,,2015.0,2015.0,BUF,155,-14.0,0.0952381
2015,9,00-0032152,,RB,BUF,MIA,0,0,0.0,0,0.0,0.0,0.0,9,110.0,2,0,0,0.0,0,23.0,23.0,,,73.0,230.0,22.514187500000002,0.0,,2015.0,2015.0,BUF,155,16.0,
2015,10,00-0032152,,RB,BUF,NYJ,0,0,0.0,0,0.0,0.0,0.0,7,24.0,0,1,1,26.0,1,11.0,12.0,,,73.0,230.0,22.514187500000002,0.0,,2015.0,2015.0,BUF,155,,0.03846154
2015,11,00-0032152,,RB,BUF,NE,0,0,0.0,0,0.0,0.0,0.0,6,11.0,0,0,0,0.0,0,1.1,1.1,,,73.0,230.0,22.514187500000002,0.0,,2015.0,2015.0,BUF,155,,
2015,12,00-0032152,,RB,BUF,KC,0,0,0.0,0,0.0,0.0,0.0,2,5.0,0,0,0,0.0,0,0.5,0.5,,,73.0,230.0,22.514187500000002,0.0,,2015.0,2015.0,BUF,155,,
2015,15,00-0032152,,RB,BUF,WAS,0,0,0.0,0,0.0,0.0,0.0,4,41.0,0,1,0,0.0,0,4.1,4.1,,,73.0,230.0,22.514187500000002,0.0,,2015.0,2015.0,BUF,155,,0.037037037
2015,16,00-0032152,,RB,BUF,DAL,0,0,0.0,0,0.0,0.0,0.0,17,76.0,1,2,2,21.0,0,13.7,15.7,,,73.0,230.0,22.514187500000002,0.0,,2015.0,2015.0,BUF,155,10.0,0.11111111
2015,17,00-0032152,,RB,BUF,NYJ,0,0,0.0,0,0.0,0.0,0.0,6,24.0,1,3,3,3.0,0,8.7,11.7,,,73.0,230.0,22.514187500000002,0.0,,2015.0,2015.0,BUF,155,5.0,0.10714286
2015,15,00-0032156,T.Siemian,QB,DEN,PIT,0,0,0.0,0,0.0,0.0,0.0,1,-1.0,0,0,0,0.0,0,-0.1,-0.1,,,75.0,220.0,23.90457894736842,0.0,Northwestern,2015.0,2015.0,DEN,250,,
2015,11,00-0032160,T.Williams,WR,LAC,KC,0,0,0.0,0,0.0,0.0,0.0,0,0.0,0,1,0,0.0,0,0.0,0.0,,,76.0,205.0,23.80075,0.0,Western Oregon,2015.0,2015.0,,,,0.033333335
2015,17,00-0032160,T.Williams,WR,LAC,DEN,0,0,0.0,0,0.0,0.0,0.0,0,0.0,0,5,2,90.0,1,15.0,17.0,,,76.0,205.0,23.80075,0.0,Western Oregon,2015.0,2015.0,,,,0.14285715
2015,4,00-0032166,S.Coates,WR,PIT,BAL,0,0,0.0,0,0.0,0.0,0.0,0,0.0,0,2,1,11.0,0,1.1,2.1,,,73.0,212.0,22.623555555555555,0.0,Auburn,2015.0,2015.0,PIT,87,-3.0,0.07692308
2015,19,00-0032166,S.Coates,WR,PIT,DEN,0,0,0.0,0,0.0,0.0,0.0,0,0.0,0,3,2,61.0,0,6.1,8.1,,,73.0,212.0,22.623555555555555,0.0,Auburn,2015.0,2015.0,PIT,87,,0.083333336
2015,1,00-0032170,R.Greene,WR,JAX,CAR,0,0,0.0,0,0.0,0.0,0.0,0,0.0,0,13,7,28.0,1,8.8,15.8,,,71.0,185.0,23.165666666666667,0.0,Florida State,2015.0,2015.0,JAX,139,-11.0,0.33333334
2015,2,00-0032170,R.Greene,WR,JAX,MIA,0,0,0.0,0,0.0,0.0,0.0,0,0.0,0,4,2,7.0,0,0.7,2.7,,,71.0,185.0,23.165666666666667,0.0,Florida State,2015.0,2015.0,JAX,139,3.0,0.121212125
2015,11,00-0032170,R.Greene,WR,JAX,TEN,0,0,0.0,0,0.0,0.0,0.0,0,0.0,0,1,1,2.0,0,0.2,1.2,,,71.0,185.0,23.165666666666667,0.0,Florida State,2015.0,2015.0,JAX,139,6.0,0.032258064
2015,12,00-0032170,R.Greene,WR,JAX,LAC,0,0,0.0,0,0.0,0.0,0.0,0,0.0,0,4,3,17.0,0,1.7,4.7,,,71.0,185.0,23.165666666666667,0.0,Florida State,2015.0,2015.0,JAX,139,-6.0,0.08163265
2015,13,00-0032170,R.Greene,WR,JAX,TEN,0,0,0.0,0,0.0,0.0,0.0,0,0.0,0,3,2,15.0,1,7.5,9.5,,,71.0,185.0,23.165666666666667,0.0,Florida State,2015.0,2015.0,JAX,139,,0.083333336
2015,14,00-0032170,R.Greene,WR,JAX,IND,0,0,0.0,0,0.0,0.0,0.0,0,0.0,0,4,1,18.0,0,7.8,8.8,,,71.0,185.0,23.165666666666667,0.0,Florida State,2015.0,2015.0,JAX,139,35.0,0.13333334
2015,15,00-0032170,R.Greene,WR,JAX,ATL,0,0,0.0,0,0.0,0.0,0.0,0,0.0,0,3,1,-1.0,0,-0.1,0.9,,,71.0,185.0,23.165666666666667,0.0,Florida State,2015.0,2015.0,JAX,139,-6.0,0.08108108
2015,16,00-0032170,R.Greene,WR,JAX,NO,0,0,0.0,0,0.0,0.0,0.0,0,0.0,0,1,1,2.0,0,0.2,1.2,,,71.0,185.0,23.165666666666667,0.0,Florida State,2015.0,2015.0,JAX,139,,0.028571429
2015,17,00-0032170,R.Greene,WR,JAX,HOU,0,0,0.0,0,0.0,0.0,0.0,0,0.0,0,2,1,5.0,0,0.5,1.5,,,71.0,185.0,23.165666666666667,0.0,Florida State,2015.0,2015.0,JAX,139,,0.0625
2015,1,00-0032187,D.Johnson,RB,ARI,NO,0,0,0.0,0,0.0,0.0,0.0,0,0.0,0,2,1,55.0,1,11.5,12.5,,,73.0,224.0,,0.0,Northern Iowa,2015.0,2015.0,ARZ,86,12.0,0.0625
2015,2,00-0032187,D.Johnson,RB,ARI,CHI,0,0,0.0,0,0.0,0.0,0.0,5,42.0,1,2,1,3.0,0,16.5,17.5,,,73.0,224.0,,0.0,Northern Iowa,2015.0,2015.0,ARZ,86,,0.08695652
2015,3,00-0032187,D.Johnson,RB,ARI,SF,0,0,0.0,0,0.0,0.0,0.0,7,25.0,0,3,3,16.0,0,4.1,7.1,,,73.0,224.0,,0.0,Northern Iowa,2015.0,2015.0,ARZ,86,40.0,0.09677419
2015,4,00-0032187,D.Johnson,RB,ARI,LA,0,0,0.0,0,0.0,0.0,0.0,3,18.0,0,10,4,63.0,1,14.1,18.1,,,73.0,224.0,,0.0,Northern Iowa,2015.0,2015.0,ARZ,86,-2.0,0.22222222
2015,5,00-0032187,D.Johnson,RB,ARI,DET,0,0,0.0,0,0.0,0.0,0.0,3,6.0,2,0,0,0.0,0,12.6,12.6,,,73.0,224.0,,0.0,Northern Iowa,2015.0,2015.0,ARZ,86,,
2015,6,00-0032187,D.Johnson,RB,ARI,PIT,0,0,0.0,0,0.0,0.0,0.0,3,9.0,0,1,1,8.0,0,1.7,2.7,,,73.0,224.0,,0.0,Northern Iowa,2015.0,2015.0,ARZ,86,,0.022727273
2015,7,00-0032187,D.Johnson,RB,ARI,BAL,0,0,0.0,0,0.0,0.0,0.0,3,5.0,0,2,2,19.0,0,2.4,4.4,,,73.0,224.0,,0.0,Northern Iowa,2015.0,2015.0,ARZ,86,8.0,0.071428575
2015,8,00-0032187,D.Johnson,RB,ARI,CLE,0,0,0.0,0,0.0,0.0,0.0,1,4.0,0,2,2,44.0,0,4.8,6.8,,,73.0,224.0,,0.0,Northern Iowa,2015.0,2015.0,ARZ,86,,0.054054055
2015,10,00-0032187,D.Johnson,RB,ARI,SEA,0,0,0.0,0,0.0,0.0,0.0,0,0.0,0,1,1,8.0,0,0.8,1.8,,,73.0,224.0,,0.0,Northern Iowa,2015.0,2015.0,ARZ,86,,0.022222223
2015,11,00-0032187,D.Johnson,RB,ARI,CIN,0,0,0.0,0,0.0,0.0,0.0,2,9.0,0,2,2,17.0,1,8.6,10.6,,,73.0,224.0,,0.0,Northern Iowa,2015.0,2015.0,ARZ,86,3.0,0.06666667
2015,12,00-0032187,D.Johnson,RB,ARI,SF,0,0,0.0,0,0.0,0.0,0.0,8,21.0,1,4,2,8.0,0,8.9,10.9,,,73.0,224.0,,0.0,Northern Iowa,2015.0,2015.0,ARZ,86,,0.1
2015,13,00-0032187,D.Johnson,RB,ARI,LA,0,0,0.0,0,0.0,0.0,0.0,22,99.0,0,3,2,21.0,1,18.0,20.0,,,73.0,224.0,,0.0,Northern Iowa,2015.0,2015.0,ARZ,86,,0.075
2015,14,00-0032187,D.Johnson,RB,ARI,MIN,0,0,0.0,0,0.0,0.0,0.0,19,92.0,0,7,5,31.0,0,12.3,17.3,,,73.0,224.0,,0.0,Northern Iowa,2015.0,2015.0,ARZ,86,3.0,0.2
2015,15,00-0032187,D.Johnson,RB,ARI,PHI,0,0,0.0,0,0.0,0.0,0.0,29,187.0,3,4,4,42.0,0,40.9,44.9,,,73.0,224.0,,0.0,Northern Iowa,2015.0,2015.0,ARZ,86,,0.125
2015,16,00-0032187,D.Johnson,RB,ARI,GB,0,0,0.0,0,0.0,0.0,0.0,9,39.0,1,6,3,88.0,0,18.7,21.7,,,73.0,224.0,,0.0,Northern Iowa,2015.0,2015.0,ARZ,86,30.0,0.22222222
2015,17,00-0032187,D.Johnson,RB,ARI,SEA,0,0,0.0,0,0.0,0.0,0.0,11,25.0,0,8,3,34.0,0,5.9,8.9,,,73.0,224.0,,0.0,Northern Iowa,2015.0,2015.0,ARZ,86,-30.0,0.18604651
2015,19,00-0032187,D.Johnson,RB,ARI,GB,0,0,0.0,0,0.0,0.0,0.0,15,35.0,0,9,6,43.0,0,7.8,13.8,,,73.0,224.0,,0.0,Northern Iowa,2015.0,2015.0,ARZ,86,6.0,0.2195122
2015,20,00-0032187,D.Johnson,RB,ARI,CAR,0,0,0.0,0,0.0,0.0,0.0,15,60.0,1,9,9,68.0,0,18.8,27.8,,,73.0,224.0,,0.0,Northern Iowa,2015.0,2015.0,ARZ,86,,0.2195122
2015,5,00-0032188,V.Mayle,WR,DAL,NE,0,0,0.0,0,0.0,0.0,0.0,0,0.0,0,1,0,0.0,0,0.0,0.0,,,74.0,224.0,24.445999999999998,0.0,Washington State,2015.0,2015.0,CLV,123,-24.0,0.025641026
2015,2,00-0032196,J.Fisher,OT,CIN,LAC,0,0,0.0,0,0.0,0.0,0.0,0,0.0,0,1,1,31.0,0,3.1,4.1,,,78.0,306.0,22.555411764705884,0.0,Oregon,2015.0,2015.0,CIN,53,5.0,0.041666668
2015,6,00-0032196,J.Fisher,OT,CIN,BUF,0,0,0.0,0,0.0,0.0,0.0,0,0.0,0,1,0,0.0,0,0.0,0.0,,,78.0,306.0,22.555411764705884,0.0,Oregon,2015.0,2015.0,CIN,53,,0.030303031
2015,12,00-0032196,J.Fisher,OT,CIN,LA,0,0,0.0,0,0.0,0.0,0.0,0,0.0,0,1,0,0.0,0,0.0,0.0,,,78.0,306.0,22.555411764705884,0.0,Oregon,2015.0,2015.0,CIN,53,24.0,0.035714287
2015,13,00-0032196,J.Fisher,OT,CIN,CLE,0,0,0.0,0,0.0,0.0,0.0,0,0.0,0,1,0,0.0,0,0.0,0.0,,,78.0,306.0,22.555411764705884,0.0,Oregon,2015.0,2015.0,CIN,53,,0.045454547
2015,16,00-0032196,J.Fisher,OT,CIN,DEN,0,0,0.0,0,0.0,0.0,0.0,0,0.0,0,1,0,0.0,0,0.0,0.0,,,78.0,306.0,22.555411764705884,0.0,Oregon,2015.0,2015.0,CIN,53,,0.029411765
2015,2,00-0032200,T.Montgomery,WR,GB,SEA,0,0,0.0,0,0.0,0.0,0.0,0,0.0,0,4,4,37.0,0,3.7,7.7,,,72.0,216.0,22.773785714285715,0.0,Stanford,2015.0,2015.0,GB,94,10.0,0.12903225
2015,3,00-0032200,T.Montgomery,WR,GB,KC,0,0,0.0,0,0.0,0.0,0.0,0,0.0,0,2,2,14.0,1,7.4,9.4,,,72.0,216.0,22.773785714285715,0.0,Stanford,2015.0,2015.0,GB,94,10.0,0.057142857
2015,4,00-0032200,T.Montgomery,WR,GB,SF,0,0,0.0,0,0.0,0.0,0.0,2,10.0,0,6,3,15.0,0,2.5,5.5,,,72.0,216.0,22.773785714285715,0.0,Stanford,2015.0,2015.0,GB,94,,0.1875
2015,5,00-0032200,T.Montgomery,WR,GB,LA,0,0,0.0,0,0.0,0.0,0.0,0,0.0,0,5,4,59.0,1,11.9,15.9,,,72.0,216.0,22.773785714285715,0.0,Stanford,2015.0,2015.0,GB,94,14.0,0.16666667
2015,6,00-0032200,T.Montgomery,WR,GB,LAC,0,0,0.0,0,0.0,0.0,0.0,1,4.0,0,2,2,11.0,0,1.5,3.5,,,72.0,216.0,22.773785714285715,0.0,Stanford,2015.0,2015.0,GB,94,7.0,0.06896552
2015,1,00-0032208,P.Dorsett,WR,IND,BUF,0,0,0.0,0,0.0,0.0,0.0,0,0.0,0,3,2,45.0,0,4.5,6.5,,,70.0,185.0,22.83775,0.0,Miami,2015.0,2015.0,IND,29,,0.06122449
2015,2,00-0032208,P.Dorsett,WR,IND,NYJ,0,0,0.0,0,0.0,0.0,0.0,0,0.0,0,6,1,25.0,0,2.5,3.5,,,70.0,185.0,22.83775,0.0,Miami,2015.0,2015.0,IND,29,-13.0,0.17142858
2015,3,00-0032208,P.Dorsett,WR,IND,TEN,0,0,0.0,0,0.0,0.0,0.0,0,0.0,0,3,2,43.0,1,10.3,12.3,,,70.0,185.0,22.83775,0.0,Miami,2015.0,2015.0,IND,29,,0.1
2015,4,00-0032208,P.Dorsett,WR,IND,JAX,0,0,0.0,0,0.0,0.0,0.0,1,4.0,0,3,2,7.0,0,1.1,3.1,,,70.0,185.0,22.83775,0.0,Miami,2015.0,2015.0,IND,29,3.0,0.06382979
2015,5,00-0032208,P.Dorsett,WR,IND,HOU,0,0,0.0,0,0.0,0.0,0.0,0,0.0,0,2,1,9.0,0,0.9,1.9,,,70.0,185.0,22.83775,0.0,Miami,2015.0,2015.0,IND,29,,0.06896552
2015,6,00-0032208,P.Dorsett,WR,IND,NE,0,0,0.0,0,0.0,0.0,0.0,0,0.0,0,4,2,30.0,0,3.0,5.0,,,70.0,185.0,22.83775,0.0,Miami,2015.0,2015.0,IND,29,-7.0,0.083333336
2015,7,00-0032208,P.Dorsett,WR,IND,NO,0,0,0.0,0,0.0,0.0,0.0,0,0.0,0,2,1,8.0,0,0.8,1.8,,,70.0,185.0,22.83775,0.0,Miami,2015.0,2015.0,IND,29,-6.0,0.046511628
2015,14,00-0032208,P.Dorsett,WR,IND,JAX,0,0,0.0,0,0.0,0.0,0.0,0,0.0,0,2,0,0.0,0,0.0,0.0,,,70.0,185.0,22.83775,0.0,Miami,2015.0,2015.0,IND,29,,0.046511628
2015,15,00-0032208,P.Dorsett,WR,IND,HOU,0,0,0.0,0,0.0,0.0,0.0,0,0.0,0,2,1,1.0,0,0.1,1.1,,,70.0,185.0,22.83775,0.0,Miami,2015.0,2015.0,IND,29,-6.0,0.06896552
2015,16,00-0032208,P.Dorsett,WR,IND,MIA,0,0,0.0,0,0.0,0.0,0.0,1,2.0,0,3,2,29.0,0,3.1,5.1,,,70.0,185.0,22.83775,0.0,Miami,2015.0,2015.0,IND,29,,0.10344828
2015,17,00-0032208,P.Dorsett,WR,IND,TEN,0,0,0.0,0,0.0,0.0,0.0,1,11.0,0,9,4,28.0,0,3.9,7.9,,,70.0,185.0,22.83775,0.0,Miami,2015.0,2015.0,IND,29,6.0,0.24324325
2015,1,00-0032209,T.Yeldon,RB,JAX,CAR,0,0,0.0,0,0.0,0.0,0.0,12,51.0,0,4,3,16.0,0,6.7,9.7,,,73.0,225.0,22.100625,0.0,Alabama,2015.0,2015.0,JAX,36,-11.0,0.102564104
2015,2,00-0032209,T.Yeldon,RB,JAX,MIA,0,0,0.0,0,0.0,0.0,0.0,25,70.0,0,4,3,13.0,0,8.3,11.3,,,73.0,225.0,22.100625,0.0,Alabama,2015.0,2015.0,JAX,36,3.0,0.121212125
2015,3,00-0032209,T.Yeldon,RB,JAX,NE,0,0,0.0,0,0.0,0.0,0.0,11,33.0,0,3,2,9.0,0,4.2,6.2,,,73.0,225.0,22.100625,0.0,Alabama,2015.0,2015.0,JAX,36,,0.09090909
2015,4,00-0032209,T.Yeldon,RB,JAX,IND,0,0,0.0,0,0.0,0.0,0.0,22,105.0,0,3,2,4.0,0,10.9,12.9,,,73.0,225.0,22.100625,0.0,Alabama,2015.0,2015.0,JAX,36,,0.06382979
2015,5,00-0032209,T.Yeldon,RB,JAX,TB,0,0,0.0,0,0.0,0.0,0.0,11,32.0,0,6,5,31.0,1,12.3,17.3,,,73.0,225.0,22.100625,0.0,Alabama,2015.0,2015.0,JAX,36,,0.1875
2015,7,00-0032209,T.Yeldon,RB,JAX,BUF,0,0,0.0,0,0.0,0.0,0.0,20,115.0,1,3,1,9.0,0,18.4,19.4,,,73.0,225.0,22.100625,0.0,Alabama,2015.0,2015.0,JAX,36,3.0,0.10344828
2015,9,00-0032209,T.Yeldon,RB,JAX,NYJ,0,0,0.0,0,0.0,0.0,0.0,14,64.0,0,3,3,37.0,0,10.1,13.1,,,73.0,225.0,22.100625,0.0,Alabama,2015.0,2015.0,JAX,36,,0.075
2015,10,00-0032209,T.Yeldon,RB,JAX,BAL,0,0,0.0,0,0.0,0.0,0.0,18,61.0,0,6,5,6.0,0,6.7,11.7,,,73.0,225.0,22.100625,0.0,Alabama,2015.0,2015.0,JAX,36,,0.13333334
2015,11,00-0032209,T.Yeldon,RB,JAX,TEN,0,0,0.0,0,0.0,0.0,0.0,14,54.0,0,4,3,28.0,0,8.2,11.2,,,73.0,225.0,22.100625,0.0,Alabama,2015.0,2015.0,JAX,36,6.0,0.12903225
2015,12,00-0032209,T.Yeldon,RB,JAX,LAC,0,0,0.0,0,0.0,0.0,0.0,9,36.0,0,5,4,46.0,0,8.2,12.2,,,73.0,225.0,22.100625,0.0,Alabama,2015.0,2015.0,JAX,36,-6.0,0.10204082
2015,13,00-0032209,T.Yeldon,RB,JAX,TEN,0,0,0.0,0,0.0,0.0,0.0,15,57.0,1,4,4,79.0,0,19.6,23.6,,,73.0,225.0,22.100625,0.0,Alabama,2015.0,2015.0,JAX,36,,0.11111111
2015,14,00-0032209,T.Yeldon,RB,JAX,IND,0,0,0.0,0,0.0,0.0,0.0,11,62.0,0,1,1,1.0,0,6.3,7.3,,,73.0,225.0,22.100625,0.0,Alabama,2015.0,2015.0,JAX,36,35.0,0.033333335
2015,1,00-0032211,T.Lockett,WR,SEA,LA,0,0,0.0,0,0.0,0.0,0.0,0,0.0,0,4,4,34.0,0,9.4,13.4,,,70.0,182.0,23.130222222222223,0.0,Kansas State,2015.0,2015.0,SEA,69,,0.09756097
2015,2,00-0032211,T.Lockett,WR,SEA,GB,0,0,0.0,0,0.0,0.0,0.0,0,0.0,0,2,2,17.0,0,1.7,3.7,,,70.0,182.0,23.130222222222223,0.0,Kansas State,2015.0,2015.0,SEA,69,,0.06896552
2015,3,00-0032211,T.Lockett,WR,SEA,CHI,0,0,0.0,0,0.0,0.0,0.0,0,0.0,0,1,0,0.0,0,6.0,6.0,,,70.0,182.0,23.130222222222223,0.0,Kansas State,2015.0,2015.0,SEA,69,26.0,0.03846154
2015,4,00-0032211,T.Lockett,WR,SEA,DET,0,0,0.0,0,0.0,0.0,0.0,1,1.0,0,5,4,58.0,0,5.9,9.9,,,70.0,182.0,23.130222222222223,0.0,Kansas State,2015.0,2015.0,SEA,69,3.0,0.1923077
2015,5,00-0032211,T.Lockett,WR,SEA,CIN,0,0,0.0,0,0.0,0.0,0.0,0,0.0,0,5,2,29.0,0,2.9,4.9,,,70.0,182.0,23.130222222222223,0.0,Kansas State,2015.0,2015.0,SEA,69,,0.22727273
2015,6,00-0032211,T.Lockett,WR,SEA,CAR,0,0,0.0,0,0.0,0.0,0.0,0,0.0,0,2,0,0.0,0,0.0,0.0,,,70.0,182.0,23.130222222222223,0.0,Kansas State,2015.0,2015.0,SEA,69,-4.0,0.06666667
2015,7,00-0032211,T.Lockett,WR,SEA,SF,0,0,0.0,0,0.0,0.0,0.0,0,0.0,0,5,5,79.0,1,13.9,18.9,,,70.0,182.0,23.130222222222223,0.0,Kansas State,2015.0,2015.0,SEA,69,,0.20833333
2015,8,00-0032211,T.Lockett,WR,SEA,DAL,0,0,0.0,0,0.0,0.0,0.0,0,0.0,0,4,3,36.0,0,3.6,6.6,,,70.0,182.0,23.130222222222223,0.0,Kansas State,2015.0,2015.0,SEA,69,,0.13793103
2015,10,00-0032211,T.Lockett,WR,SEA,ARI,0,0,0.0,0,0.0,0.0,0.0,0,0.0,0,1,1,7.0,0,0.7,1.7,,,70.0,182.0,23.130222222222223,0.0,Kansas State,2015.0,2015.0,SEA,69,-7.0,0.037037037
2015,11,00-0032211,T.Lockett,WR,SEA,SF,0,0,0.0,0,0.0,0.0,0.0,1,5.0,0,5,4,48.0,2,17.3,21.3,,,70.0,182.0,23.130222222222223,0.0,Kansas State,2015.0,2015.0,SEA,69,16.0,0.18518518
2015,12,00-0032211,T.Lockett,WR,SEA,PIT,0,0,0.0,0,0.0,0.0,0.0,0,0.0,0,3,3,38.0,0,3.8,6.8,,,70.0,182.0,23.130222222222223,0.0,Kansas State,2015.0,2015.0,SEA,69,9.0,0.10344828
2015,13,00-0032211,T.Lockett,WR,SEA,MIN,0,0,0.0,0,0.0,0.0,0.0,1,7.0,0,7,7,90.0,0,9.7,16.7,,,70.0,182.0,23.130222222222223,0.0,Kansas State,2015.0,2015.0,SEA,69,,0.25
2015,14,00-0032211,T.Lockett,WR,SEA,BAL,0,0,0.0,0,0.0,0.0,0.0,0,0.0,0,7,6,104.0,2,22.4,28.4,,,70.0,182.0,23.130222222222223,0.0,Kansas State,2015.0,2015.0,SEA,69,,0.21212122
2015,15,00-0032211,T.Lockett,WR,SEA,CLE,0,0,0.0,0,0.0,0.0,0.0,0,0.0,0,7,5,55.0,1,11.5,16.5,,,70.0,182.0,23.130222222222223,0.0,Kansas State,2015.0,2015.0,SEA,69,17.0,0.2413793
2015,16,00-0032211,T.Lockett,WR,SEA,LA,0,0,0.0,0,0.0,0.0,0.0,0,0.0,0,7,3,33.0,0,3.3,6.3,,,70.0,182.0,23.130222222222223,0.0,Kansas State,2015.0,2015.0,SEA,69,-6.0,0.175
2015,17,00-0032211,T.Lockett,WR,SEA,ARI,0,0,0.0,0,0.0,0.0,0.0,2,7.0,0,4,2,36.0,0,4.3,6.3,,,70.0,182.0,23.130222222222223,0.0,Kansas State,2015.0,2015.0,SEA,69,,0.125
2015,18,00-0032211,T.Lockett,WR,SEA,MIN,0,0,0.0,0,0.0,0.0,0.0,0,0.0,0,5,1,35.0,0,3.5,4.5,,,70.0,182.0,23.130222222222223,0.0,Kansas State,2015.0,2015.0,SEA,69,,0.1923077
2015,19,00-0032211,T.Lockett,WR,SEA,CAR,0,0,0.0,0,0.0,0.0,0.0,0,0.0,0,4,3,75.0,1,13.5,16.5,,,70.0,182.0,23.130222222222223,0.0,Kansas State,2015.0,2015.0,SEA,69,,0.08695652
2015,11,00-0032214,T.Kroft,TE,CIN,ARI,0,0,0.0,0,0.0,0.0,0.0,0,0.0,0,1,0,0.0,0,0.0,0.0,,,77.0,246.0,23.07570588235294,0.0,Rutgers,2015.0,2015.0,CIN,85,,0.025641026
2015,12,00-0032214,T.Kroft,TE,CIN,LA,0,0,0.0,0,0.0,0.0,0.0,0,0.0,0,1,1,4.0,0,0.4,1.4,,,77.0,246.0,23.07570588235294,0.0,Rutgers,2015.0,2015.0,CIN,85,24.0,0.035714287
2015,13,00-0032214,T.Kroft,TE,CIN,CLE,0,0,0.0,0,0.0,0.0,0.0,0,0.0,0,1,1,17.0,0,1.7,2.7,,,77.0,246.0,23.07570588235294,0.0,Rutgers,2015.0,2015.0,CIN,85,,0.045454547
2015,14,00-0032214,T.Kroft,TE,CIN,PIT,0,0,0.0,0,0.0,0.0,0.0,0,0.0,0,3,2,31.0,0,3.1,5.1,,,77.0,246.0,23.07570588235294,0.0,Rutgers,2015.0,2015.0,CIN,85,-13.0,0.083333336
2015,15,00-0032214,T.Kroft,TE,CIN,SF,0,0,0.0,0,0.0,0.0,0.0,0,0.0,0,3,3,31.0,1,9.1,12.1,,,77.0,246.0,23.07570588235294,0.0,Rutgers,2015.0,2015.0,CIN,85,,0.14285715
2015,16,00-0032214,T.Kroft,TE,CIN,DEN,0,0,0.0,0,0.0,0.0,0.0,0,0.0,0,6,4,46.0,0,4.6,8.6,,,77.0,246.0,23.07570588235294,0.0,Rutgers,2015.0,2015.0,CIN,85,,0.1764706
2015,18,00-0032214,T.Kroft,TE,CIN,PIT,0,0,0.0,0,0.0,0.0,0.0,0,0.0,0,1,0,0.0,0,0.0,0.0,,,77.0,246.0,23.07570588235294,0.0,Rutgers,2015.0,2015.0,CIN,85,-2.0,0.025641026
2015,2,00-0032218,,WR,TEN,CLE,0,0,0.0,0,0.0,0.0,0.0,0,0.0,0,2,1,13.0,1,7.3,8.3,,,77.0,237.0,22.5790625,0.0,Oklahoma,2015.0,2015.0,TEN,40,,0.054054055
2015,3,00-0032218,,WR,TEN,IND,0,0,0.0,0,0.0,0.0,0.0,0,0.0,0,3,2,22.0,1,8.2,10.2,,,77.0,237.0,22.5790625,0.0,Oklahoma,2015.0,2015.0,TEN,40,-2.0,0.069767445
2015,6,00-0032218,,WR,TEN,MIA,0,0,0.0,0,0.0,0.0,0.0,0,0.0,0,6,3,57.0,0,5.7,8.7,,,77.0,237.0,22.5790625,0.0,Oklahoma,2015.0,2015.0,TEN,40,-28.0,0.15
2015,7,00-0032218,,WR,TEN,ATL,0,0,0.0,0,0.0,0.0,0.0,0,0.0,0,1,0,0.0,0,0.0,0.0,,,77.0,237.0,22.5790625,0.0,Oklahoma,2015.0,2015.0,TEN,40,-3.0,0.028571429
2015,8,00-0032218,,WR,TEN,HOU,0,0,0.0,0,0.0,0.0,0.0,0,0.0,0,2,1,12.0,0,1.2,2.2,,,77.0,237.0,22.5790625,0.0,Oklahoma,2015.0,2015.0,TEN,40,,0.06451613
2015,9,00-0032218,,WR,TEN,NO,0,0,0.0,0,0.0,0.0,0.0,0,0.0,0,10,5,77.0,0,7.7,12.7,,,77.0,237.0,22.5790625,0.0,Oklahoma,2015.0,2015.0,TEN,40,,0.25641027
2015,10,00-0032218,,WR,TEN,CAR,0,0,0.0,0,0.0,0.0,0.0,0,0.0,0,2,0,0.0,0,0.0,0.0,,,77.0,237.0,22.5790625,0.0,Oklahoma,2015.0,2015.0,TEN,40,-17.0,0.083333336
2015,11,00-0032218,,WR,TEN,JAX,0,0,0.0,0,0.0,0.0,0.0,0,0.0,0,6,3,40.0,0,4.0,7.0,,,77.0,237.0,22.5790625,0.0,Oklahoma,2015.0,2015.0,TEN,40,,0.18181819
2015,12,00-0032218,,WR,TEN,LV,0,0,0.0,0,0.0,0.0,0.0,0,0.0,0,5,1,22.0,0,4.2,5.2,,,77.0,237.0,22.5790625,0.0,Oklahoma,2015.0,2015.0,TEN,40,-3.0,0.1388889
2015,13,00-0032218,,WR,TEN,JAX,0,0,0.0,0,0.0,0.0,0.0,0,0.0,0,6,5,119.0,1,17.9,22.9,,,77.0,237.0,22.5790625,0.0,Oklahoma,2015.0,2015.0,TEN,40,3.0,0.20689656
2015,14,00-0032218,,WR,TEN,NYJ,0,0,0.0,0,0.0,0.0,0.0,0,0.0,0,7,3,53.0,0,5.3,8.3,,,77.0,237.0,22.5790625,0.0,Oklahoma,2015.0,2015.0,TEN,40,,0.175
2015,15,00-0032218,,WR,TEN,NE,0,0,0.0,0,0.0,0.0,0.0,0,0.0,0,9,6,113.0,0,11.3,17.3,,,77.0,237.0,22.5790625,0.0,Oklahoma,2015.0,2015.0,TEN,40,,0.27272728
2015,16,00-0032218,,WR,TEN,HOU,0,0,0.0,0,0.0,0.0,0.0,0,0.0,0,3,0,0.0,0,0.0,0.0,,,77.0,237.0,22.5790625,0.0,Oklahoma,2015.0,2015.0,TEN,40,-28.0,0.05882353
2015,17,00-0032218,,WR,TEN,IND,0,0,0.0,0,0.0,0.0,0.0,0,0.0,0,5,2,21.0,1,8.1,10.1,,,77.0,237.0,22.5790625,0.0,Oklahoma,2015.0,2015.0,TEN,40,,0.2
2015,3,00-0032241,T.Gurley,RB,LA,PIT,0,0,0.0,0,0.0,0.0,0.0,6,9.0,0,1,1,5.0,0,1.4,2.4,,,73.0,227.0,,0.0,Georgia,2015.0,2015.0,SL,10,,0.03448276
2015,4,00-0032241,T.Gurley,RB,LA,ARI,0,0,0.0,0,0.0,0.0,0.0,19,146.0,0,2,2,15.0,0,16.1,18.1,,,73.0,227.0,,0.0,Georgia,2015.0,2015.0,SL,10,,0.083333336
2015,5,00-0032241,T.Gurley,RB,LA,GB,0,0,0.0,0,0.0,0.0,0.0,30,159.0,0,0,0,0.0,0,15.9,15.9,,,73.0,227.0,,0.0,Georgia,2015.0,2015.0,SL,10,,
2015,7,00-0032241,T.Gurley,RB,LA,CLE,0,0,0.0,0,0.0,0.0,0.0,19,128.0,2,5,4,35.0,0,28.3,32.3,,,73.0,227.0,,0.0,Georgia,2015.0,2015.0,SL,10,,0.2173913
2015,8,00-0032241,T.Gurley,RB,LA,SF,0,0,0.0,0,0.0,0.0,0.0,20,133.0,1,3,3,13.0,0,20.6,23.6,,,73.0,227.0,,0.0,Georgia,2015.0,2015.0,SL,10,,0.13043478
2015,9,00-0032241,T.Gurley,RB,LA,MIN,0,0,0.0,0,0.0,0.0,0.0,24,89.0,1,5,3,20.0,0,16.9,19.9,,,73.0,227.0,,0.0,Georgia,2015.0,2015.0,SL,10,,0.16129032
2015,10,00-0032241,T.Gurley,RB,LA,CHI,0,0,0.0,0,0.0,0.0,0.0,12,45.0,1,3,3,44.0,0,14.9,17.9,,,73.0,227.0,,0.0,Georgia,2015.0,2015.0,SL,10,,0.08108108
2015,11,00-0032241,T.Gurley,RB,LA,BAL,0,0,0.0,0,0.0,0.0,0.0,25,66.0,1,0,0,0.0,0,10.6,10.6,,,73.0,227.0,,0.0,Georgia,2015.0,2015.0,SL,10,,
2015,12,00-0032241,T.Gurley,RB,LA,CIN,0,0,0.0,0,0.0,0.0,0.0,9,19.0,0,2,1,11.0,0,3.0,4.0,,,73.0,227.0,,0.0,Georgia,2015.0,2015.0,SL,10,,0.03773585
2015,13,00-0032241,T.Gurley,RB,LA,ARI,0,0,0.0,0,0.0,0.0,0.0,9,41.0,0,0,0,0.0,0,4.1,4.1,,,73.0,227.0,,0.0,Georgia,2015.0,2015.0,SL,10,,
2015,14,00-0032241,T.Gurley,RB,LA,DET,0,0,0.0,0,0.0,0.0,0.0,16,140.0,2,2,1,7.0,0,26.7,27.7,,,73.0,227.0,,0.0,Georgia,2015.0,2015.0,SL,10,,0.09090909
2015,15,00-0032241,T.Gurley,RB,LA,TB,0,0,0.0,0,0.0,0.0,0.0,21,48.0,1,2,2,31.0,0,13.9,15.9,,,73.0,227.0,,0.0,Georgia,2015.0,2015.0,SL,10,,0.11764706
2015,16,00-0032241,T.Gurley,RB,LA,SEA,0,0,0.0,0,0.0,0.0,0.0,19,83.0,1,1,1,7.0,0,15.0,16.0,,,73.0,227.0,,0.0,Georgia,2015.0,2015.0,SL,10,,0.04347826
2015,12,00-0032245,S.Mannion,QB,LA,CIN,6,7,31.0,0,0.0,0.0,-0.0,0,0.0,0,0,0,0.0,0,1.24,1.24,,,78.0,233.0,,0.0,Oregon State,2015.0,2015.0,SL,89,,
2015,17,00-0032250,K.Williams,WR,SEA,ARI,0,0,0.0,0,0.0,0.0,0.0,1,5.0,0,1,1,8.0,0,1.3,2.3,,,73.0,219.0,23.087,0.0,Washington,2015.0,2015.0,,,,0.03125
2015,1,00-0032256,C.Walford,TE,LV,CIN,0,0,0.0,0,0.0,0.0,0.0,0,0.0,0,2,1,1.0,0,0.1,1.1,,,76.0,250.0,24.107125,0.0,Miami,2015.0,2015.0,OAK,68,,0.046511628
2015,2,00-0032256,C.Walford,TE,LV,BAL,0,0,0.0,0,0.0,0.0,0.0,0,0.0,0,2,1,4.0,0,0.4,1.4,,,76.0,250.0,24.107125,0.0,Miami,2015.0,2015.0,OAK,68,,0.04347826
2015,4,00-0032256,C.Walford,TE,LV,CHI,0,0,0.0,0,0.0,0.0,0.0,0,0.0,0,1,0,0.0,0,0.0,0.0,,,76.0,250.0,24.107125,0.0,Miami,2015.0,2015.0,OAK,68,,0.030303031
2015,5,00-0032256,C.Walford,TE,LV,DEN,0,0,0.0,0,0.0,0.0,0.0,0,0.0,0,1,1,33.0,0,3.3,4.3,,,76.0,250.0,24.107125,0.0,Miami,2015.0,2015.0,OAK,68,,0.025641026
2015,7,00-0032256,C.Walford,TE,LV,LAC,0,0,0.0,0,0.0,0.0,0.0,0,0.0,0,2,2,42.0,1,10.2,12.2,,,76.0,250.0,24.107125,0.0,Miami,2015.0,2015.0,OAK,68,,0.06451613
2015,8,00-0032256,C.Walford,TE,LV,NYJ,0,0,0.0,0,0.0,0.0,0.0,0,0.0,0,3,2,13.0,0,1.3,3.3,,,76.0,250.0,24.107125,0.0,Miami,2015.0,2015.0,OAK,68,,0.083333336
2015,9,00-0032256,C.Walford,TE,LV,PIT,0,0,0.0,0,0.0,0.0,0.0,0,0.0,0,5,1,1.0,1,6.1,7.1,,,76.0,250.0,24.107125,0.0,Miami,2015.0,2015.0,OAK,68,,0.11363637
2015,10,00-0032256,C.Walford,TE,LV,MIN,0,0,0.0,0,0.0,0.0,0.0,0,0.0,0,3,2,18.0,1,7.8,9.8,,,76.0,250.0,24.107125,0.0,Miami,2015.0,2015.0,OAK,68,,0.07317073
2015,11,00-0032256,C.Walford,TE,LV,DET,0,0,0.0,0,0.0,0.0,0.0,0,0.0,0,3,2,25.0,0,2.5,4.5,,,76.0,250.0,24.107125,0.0,Miami,2015.0,2015.0,OAK,68,,0.12
2015,12,00-0032256,C.Walford,TE,LV,TEN,0,0,0.0,0,0.0,0.0,0.0,0,0.0,0,2,1,14.0,0,1.4,2.4,,,76.0,250.0,24.107125,0.0,Miami,2015.0,2015.0,OAK,68,,0.05263158
2015,13,00-0032256,C.Walford,TE,LV,KC,0,0,0.0,0,0.0,0.0,0.0,0,0.0,0,5,5,53.0,0,5.3,10.3,,,76.0,250.0,24.107125,0.0,Miami,2015.0,2015.0,OAK,68,,0.104166664
2015,14,00-0032256,C.Walford,TE,LV,DEN,0,0,0.0,0,0.0,0.0,0.0,0,0.0,0,7,3,47.0,0,4.7,7.7,,,76.0,250.0,24.107125,0.0,Miami,2015.0,2015.0,OAK,68,,0.2413793
2015,15,00-0032256,C.Walford,TE,LV,GB,0,0,0.0,0,0.0,0.0,0.0,0,0.0,0,7,2,10.0,0,1.0,3.0,,,76.0,250.0,24.107125,0.0,Miami,2015.0,2015.0,OAK,68,,0.14893617
2015,16,00-0032256,C.Walford,TE,LV,LAC,0,0,0.0,0,0.0,0.0,0.0,0,0.0,0,3,1,22.0,0,2.2,3.2,,,76.0,250.0,24.107125,0.0,Miami,2015.0,2015.0,OAK,68,,0.08108108
2015,17,00-0032256,C.Walford,TE,LV,KC,0,0,0.0,0,0.0,0.0,0.0,0,0.0,0,4,4,46.0,0,4.6,8.6,,,76.0,250.0,24.107125,0.0,Miami,2015.0,2015.0,OAK,68,,0.125
2015,1,00-0032257,D.Johnson,RB,CLE,NYJ,0,0,0.0,0,0.0,0.0,0.0,7,22.0,0,0,0,0.0,0,2.2,2.2,,,69.0,210.0,,0.0,Miami,2015.0,2015.0,CLV,77,,
2015,2,00-0032257,D.Johnson,RB,CLE,TEN,0,0,0.0,0,0.0,0.0,0.0,12,43.0,0,0,0,0.0,0,4.3,4.3,,,69.0,210.0,,0.0,Miami,2015.0,2015.0,CLV,77,14.0,
2015,3,00-0032257,D.Johnson,RB,CLE,LV,0,0,0.0,0,0.0,0.0,0.0,4,3.0,0,7,6,32.0,0,3.5,9.5,,,69.0,210.0,,0.0,Miami,2015.0,2015.0,CLV,77,-7.0,0.14285715
2015,4,00-0032257,D.Johnson,RB,CLE,LAC,0,0,0.0,0,0.0,0.0,0.0,8,31.0,0,10,9,85.0,1,17.6,26.6,,,69.0,210.0,,0.0,Miami,2015.0,2015.0,CLV,77,,0.25
2015,5,00-0032257,D.Johnson,RB,CLE,BAL,0,0,0.0,0,0.0,0.0,0.0,9,22.0,0,8,6,55.0,0,7.7,13.7,,,69.0,210.0,,0.0,Miami,2015.0,2015.0,CLV,77,,0.15686275
2015,6,00-0032257,D.Johnson,RB,CLE,DEN,0,0,0.0,0,0.0,0.0,0.0,9,38.0,0,4,3,18.0,0,5.6,8.6,,,69.0,210.0,,0.0,Miami,2015.0,2015.0,CLV,77,-3.0,0.102564104
2015,7,00-0032257,D.Johnson,RB,CLE,LA,0,0,0.0,0,0.0,0.0,0.0,6,17.0,0,7,7,73.0,0,9.0,16.0,,,69.0,210.0,,0.0,Miami,2015.0,2015.0,CLV,77,,0.19444445
2015,8,00-0032257,D.Johnson,RB,CLE,ARI,0,0,0.0,0,0.0,0.0,0.0,1,3.0,0,2,2,68.0,0,7.1,9.1,,,69.0,210.0,,0.0,Miami,2015.0,2015.0,CLV,77,-14.0,0.05
2015,9,00-0032257,D.Johnson,RB,CLE,CIN,0,0,0.0,0,0.0,0.0,0.0,3,0.0,0,4,2,38.0,1,9.8,11.8,,,69.0,210.0,,0.0,Miami,2015.0,2015.0,CLV,77,,0.121212125
2015,10,00-0032257,D.Johnson,RB,CLE,PIT,0,0,0.0,0,0.0,0.0,0.0,4,10.0,0,4,4,18.0,0,2.8,6.8,,,69.0,210.0,,0.0,Miami,2015.0,2015.0,CLV,77,,0.08888889
2015,12,00-0032257,D.Johnson,RB,CLE,BAL,0,0,0.0,0,0.0,0.0,0.0,7,27.0,0,6,5,23.0,0,5.0,10.0,,,69.0,210.0,,0.0,Miami,2015.0,2015.0,CLV,77,-6.0,0.125
2015,13,00-0032257,D.Johnson,RB,CLE,CIN,0,0,0.0,0,0.0,0.0,0.0,5,2.0,0,4,4,30.0,0,3.2,7.2,,,69.0,210.0,,0.0,Miami,2015.0,2015.0,CLV,77,-34.0,0.11111111
2015,14,00-0032257,D.Johnson,RB,CLE,SF,0,0,0.0,0,0.0,0.0,0.0,13,78.0,0,3,1,6.0,0,8.4,9.4,,,69.0,210.0,,0.0,Miami,2015.0,2015.0,CLV,77,14.0,0.09677419
2015,15,00-0032257,D.Johnson,RB,CLE,SEA,0,0,0.0,0,0.0,0.0,0.0,4,46.0,0,5,5,39.0,0,8.5,13.5,,,69.0,210.0,,0.0,Miami,2015.0,2015.0,CLV,77,,0.16129032
2015,16,00-0032257,D.Johnson,RB,CLE,KC,0,0,0.0,0,0.0,0.0,0.0,8,26.0,0,4,3,15.0,0,4.1,7.1,,,69.0,210.0,,0.0,Miami,2015.0,2015.0,CLV,77,,0.13793103
2015,17,00-0032257,D.Johnson,RB,CLE,PIT,0,0,0.0,0,0.0,0.0,0.0,4,11.0,0,6,4,34.0,0,4.5,8.5,,,69.0,210.0,,0.0,Miami,2015.0,2015.0,CLV,77,-16.0,0.13043478
2015,6,00-0032259,E.Flowers,G,NYG,PHI,0,0,0.0,0,0.0,0.0,0.0,0,0.0,0,1,1,-11.0,0,-1.1,-0.1,,,77.0,329.0,21.536125,0.0,Miami,2015.0,2015.0,NYG,9,,0.027777778
2015,1,00-0032268,M.Mariota,QB,TEN,TB,13,15,209.0,4,0.0,2.0,24.0,2,6.0,0,0,0,0.0,0,24.96,24.96,,,76.0,222.0,22.0286875,0.0,Oregon,2015.0,2015.0,TEN,2,,
2015,2,00-0032268,M.Mariota,QB,TEN,CLE,21,37,257.0,2,0.0,7.0,38.0,3,19.0,0,0,0,0.0,0,16.18,16.18,,,76.0,222.0,22.0286875,0.0,Oregon,2015.0,2015.0,TEN,2,,
2015,3,00-0032268,M.Mariota,QB,TEN,IND,27,44,367.0,2,2.0,3.0,22.0,0,0.0,0,0,0,0.0,0,18.68,18.68,,,76.0,222.0,22.0286875,0.0,Oregon,2015.0,2015.0,TEN,2,-2.0,
2015,5,00-0032268,M.Mariota,QB,TEN,BUF,21,32,187.0,0,1.0,2.0,8.0,5,47.0,0,0,0,0.0,0,10.18,10.18,,,76.0,222.0,22.0286875,0.0,Oregon,2015.0,2015.0,TEN,2,-1.0,
2015,6,00-0032268,M.Mariota,QB,TEN,MIA,21,33,219.0,1,2.0,5.0,37.0,0,0.0,0,0,0,0.0,0,4.76,4.76,,,76.0,222.0,22.0286875,0.0,Oregon,2015.0,2015.0,TEN,2,-28.0,
2015,9,00-0032268,M.Mariota,QB,TEN,NO,28,39,371.0,4,0.0,0.0,-0.0,1,5.0,0,0,0,0.0,0,33.34,33.34,,,76.0,222.0,22.0286875,0.0,Oregon,2015.0,2015.0,TEN,2,,
2015,10,00-0032268,M.Mariota,QB,TEN,CAR,16,24,185.0,0,1.0,1.0,7.0,5,24.0,0,0,0,0.0,0,7.8,7.8,,,76.0,222.0,22.0286875,0.0,Oregon,2015.0,2015.0,TEN,2,-17.0,
2015,11,00-0032268,M.Mariota,QB,TEN,JAX,22,35,231.0,0,0.0,4.0,19.0,5,29.0,1,0,0,0.0,0,18.14,18.14,,,76.0,222.0,22.0286875,0.0,Oregon,2015.0,2015.0,TEN,2,,
2015,12,00-0032268,M.Mariota,QB,TEN,LV,17,37,218.0,3,2.0,2.0,13.0,1,7.0,0,0,0,0.0,0,19.42,19.42,,,76.0,222.0,22.0286875,0.0,Oregon,2015.0,2015.0,TEN,2,-3.0,
2015,13,00-0032268,M.Mariota,QB,TEN,JAX,20,29,268.0,3,1.0,4.0,11.0,9,112.0,1,0,0,0.0,0,35.92,35.92,,,76.0,222.0,22.0286875,0.0,Oregon,2015.0,2015.0,TEN,2,3.0,
2015,14,00-0032268,M.Mariota,QB,TEN,NYJ,21,39,274.0,0,1.0,5.0,47.0,3,3.0,0,1,1,41.0,1,21.36,22.36,,,76.0,222.0,22.0286875,0.0,Oregon,2015.0,2015.0,TEN,2,,0.025
2015,15,00-0032268,M.Mariota,QB,TEN,NE,3,6,32.0,0,0.0,3.0,32.0,0,0.0,0,0,0,0.0,0,-0.72,-0.72,,,76.0,222.0,22.0286875,0.0,Oregon,2015.0,2015.0,TEN,2,,
2016,5,00-0019596,T.Brady,QB,NE,CLE,28,40,406.0,3,0.0,1.0,3.0,2,14.0,0,0,0,0.0,0,29.64,29.64,,,76.0,225.0,39.3228125,16.0,Michigan,2000.0,2000.0,NE,199.0,,
2016,6,00-0019596,T.Brady,QB,NE,CIN,29,35,376.0,3,0.0,3.0,18.0,2,2.0,0,0,0,0.0,0,27.24,27.24,,,76.0,225.0,39.3228125,16.0,Michigan,2000.0,2000.0,NE,199.0,18.0,
2016,7,00-0019596,T.Brady,QB,NE,PIT,19,26,222.0,2,0.0,0.0,-0.0,5,13.0,0,0,0,0.0,0,18.18,18.18,,,76.0,225.0,39.3228125,16.0,Michigan,2000.0,2000.0,NE,199.0,,
2016,8,00-0019596,T.Brady,QB,NE,BUF,22,33,315.0,4,0.0,4.0,22.0,1,15.0,0,0,0,0.0,0,30.1,30.1,,,76.0,225.0,39.3228125,16.0,Michigan,2000.0,2000.0,NE,199.0,,
2016,10,00-0019596,T.Brady,QB,NE,SEA,23,32,316.0,0,1.0,2.0,12.0,5,7.0,0,0,0,0.0,0,11.34,11.34,,,76.0,225.0,39.3228125,16.0,Michigan,2000.0,2000.0,NE,199.0,-7.0,
2016,11,00-0019596,T.Brady,QB,NE,SF,24,40,280.0,4,0.0,1.0,7.0,4,12.0,0,0,0,0.0,0,28.4,28.4,,,76.0,225.0,39.3228125,16.0,Michigan,2000.0,2000.0,NE,199.0,,
2016,12,00-0019596,T.Brady,QB,NE,NYJ,30,50,286.0,2,0.0,0.0,-0.0,3,-4.0,0,0,0,0.0,0,19.04,19.04,,,76.0,225.0,39.3228125,16.0,Michigan,2000.0,2000.0,NE,199.0,,
2016,13,00-0019596,T.Brady,QB,NE,LA,33,46,269.0,1,0.0,0.0,-0.0,3,1.0,0,0,0,0.0,0,14.86,14.86,,,76.0,225.0,39.3228125,16.0,Michigan,2000.0,2000.0,NE,199.0,16.0,
2016,14,00-0019596,T.Brady,QB,NE,BAL,25,38,406.0,3,1.0,1.0,5.0,1,-1.0,0,0,0,0.0,0,26.14,26.14,,,76.0,225.0,39.3228125,16.0,Michigan,2000.0,2000.0,NE,199.0,7.0,
2016,15,00-0019596,T.Brady,QB,NE,DEN,16,32,188.0,0,0.0,2.0,11.0,1,-1.0,0,0,0,0.0,0,7.42,7.42,,,76.0,225.0,39.3228125,16.0,Michigan,2000.0,2000.0,NE,199.0,,
2016,16,00-0019596,T.Brady,QB,NE,NYJ,17,27,214.0,3,0.0,1.0,9.0,0,0.0,0,0,0,0.0,0,20.56,20.56,,,76.0,225.0,39.3228125,16.0,Michigan,2000.0,2000.0,NE,199.0,38.0,
2016,17,00-0019596,T.Brady,QB,NE,MIA,25,33,276.0,3,0.0,0.0,-0.0,1,6.0,0,0,0,0.0,0,25.64,25.64,,,76.0,225.0,39.3228125,16.0,Michigan,2000.0,2000.0,NE,199.0,,
2016,19,00-0019596,T.Brady,QB,NE,HOU,18,38,287.0,2,2.0,2.0,8.0,4,-1.0,0,0,0,0.0,0,15.38,15.38,,,76.0,225.0,39.3228125,16.0,Michigan,2000.0,2000.0,NE,199.0,18.0,
2016,20,00-0019596,T.Brady,QB,NE,PIT,32,42,384.0,3,0.0,2.0,10.0,4,-1.0,0,0,0,0.0,0,27.26,27.26,,,76.0,225.0,39.3228125,16.0,Michigan,2000.0,2000.0,NE,199.0,19.0,
2016,21,00-0019596,T.Brady,QB,NE,ATL,43,62,466.0,2,1.0,5.0,24.0,1,15.0,0,0,0,0.0,0,28.14,28.14,,,76.0,225.0,39.3228125,16.0,Michigan,2000.0,2000.0,NE,199.0,,
2016,1,00-0020337,,WR,BAL,BUF,0,0,0.0,0,0.0,0.0,0.0,0,0.0,0,8,5,19.0,0,1.9,6.9,,,69.0,195.0,37.49025,15.0,Utah,2001.0,2001.0,CAR,74.0,6.0,0.25
2016,2,00-0020337,,WR,BAL,CLE,0,0,0.0,0,0.0,0.0,0.0,0,0.0,0,6,3,64.0,0,6.4,9.4,,,69.0,195.0,37.49025,15.0,Utah,2001.0,2001.0,CAR,74.0,,0.13333334
2016,3,00-0020337,,WR,BAL,JAX,0,0,0.0,0,0.0,0.0,0.0,0,0.0,0,11,8,87.0,0,8.7,16.7,,,69.0,195.0,37.49025,15.0,Utah,2001.0,2001.0,CAR,74.0,,0.275
2016,4,00-0020337,,WR,BAL,LV,0,0,0.0,0,0.0,0.0,0.0,0,0.0,0,11,8,111.0,1,17.1,25.1,,,69.0,195.0,37.49025,15.0,Utah,2001.0,2001.0,CAR,74.0,-1.0,0.22
2016,5,00-0020337,,WR,BAL,WAS,0,0,0.0,0,0.0,0.0,0.0,0,0.0,0,3,3,29.0,0,2.9,5.9,,,69.0,195.0,37.49025,15.0,Utah,2001.0,2001.0,CAR,74.0,-6.0,0.06382979
2016,9,00-0020337,,WR,BAL,PIT,0,0,0.0,0,0.0,0.0,0.0,0,0.0,0,7,4,47.0,0,6.7,10.7,,,69.0,195.0,37.49025,15.0,Utah,2001.0,2001.0,CAR,74.0,7.0,0.23333333
2016,10,00-0020337,,WR,BAL,CLE,0,0,0.0,0,0.0,0.0,0.0,0,0.0,0,7,5,60.0,1,12.0,17.0,,,69.0,195.0,37.49025,15.0,Utah,2001.0,2001.0,CAR,74.0,21.0,0.175
2016,11,00-0020337,,WR,BAL,DAL,0,0,0.0,0,0.0,0.0,0.0,0,0.0,0,9,8,99.0,1,15.9,23.9,,,69.0,195.0,37.49025,15.0,Utah,2001.0,2001.0,CAR,74.0,,0.25714287
2016,12,00-0020337,,WR,BAL,CIN,0,0,0.0,0,0.0,0.0,0.0,0,0.0,0,4,4,20.0,0,2.0,6.0,,,69.0,195.0,37.49025,15.0,Utah,2001.0,2001.0,CAR,74.0,5.0,0.121212125
2016,13,00-0020337,,WR,BAL,MIA,0,0,0.0,0,0.0,0.0,0.0,0,0.0,0,10,6,53.0,0,5.3,11.3,,,69.0,195.0,37.49025,15.0,Utah,2001.0,2001.0,CAR,74.0,32.0,0.20833333
2016,14,00-0020337,,WR,BAL,NE,0,0,0.0,0,0.0,0.0,0.0,0,0.0,0,6,4,57.0,0,5.7,9.7,,,69.0,195.0,37.49025,15.0,Utah,2001.0,2001.0,CAR,74.0,,0.115384616
2016,15,00-0020337,,WR,BAL,PHI,0,0,0.0,0,0.0,0.0,0.0,0,0.0,0,7,2,40.0,1,10.0,12.0,,,69.0,195.0,37.49025,15.0,Utah,2001.0,2001.0,CAR,74.0,1.0,0.2413793
2016,16,00-0020337,,WR,BAL,PIT,0,0,0.0,0,0.0,0.0,0.0,0,0.0,0,7,7,79.0,1,15.9,22.9,,,69.0,195.0,37.49025,15.0,Utah,2001.0,2001.0,CAR,74.0,,0.1590909
2016,17,00-0020337,,WR,BAL,CIN,0,0,0.0,0,0.0,0.0,0.0,0,0.0,0,5,3,34.0,0,3.4,6.4,,,69.0,195.0,37.49025,15.0,Utah,2001.0,2001.0,CAR,74.0,,0.10204082
2016,1,00-0020531,D.Brees,QB,NO,LV,28,42,423.0,4,0.0,1.0,4.0,2,5.0,0,0,0,0.0,0,31.42,31.42,,,72.0,209.0,37.814,15.0,Purdue,2001.0,2001.0,SD,32.0,-1.0,
2016,2,00-0020531,D.Brees,QB,NO,NYG,29,44,263.0,1,0.0,2.0,16.0,0,0.0,0,0,0,0.0,0,14.52,14.52,,,72.0,209.0,37.814,15.0,Purdue,2001.0,2001.0,SD,32.0,,
2016,3,00-0020531,D.Brees,QB,NO,ATL,36,54,376.0,3,1.0,2.0,17.0,2,9.0,0,0,0,0.0,0,25.94,25.94,,,72.0,209.0,37.814,15.0,Purdue,2001.0,2001.0,SD,32.0,-13.0,
2016,4,00-0020531,D.Brees,QB,NO,LAC,23,36,207.0,2,2.0,2.0,15.0,4,-4.0,0,0,0,0.0,0,11.88,11.88,,,72.0,209.0,37.814,15.0,Purdue,2001.0,2001.0,SD,32.0,,
2016,6,00-0020531,D.Brees,QB,NO,CAR,34,49,465.0,4,1.0,1.0,5.0,0,0.0,0,0,0,0.0,0,32.6,32.6,,,72.0,209.0,37.814,15.0,Purdue,2001.0,2001.0,SD,32.0,3.0,
2016,7,00-0020531,D.Brees,QB,NO,KC,37,48,367.0,3,1.0,1.0,8.0,0,0.0,0,0,0,0.0,0,24.68,24.68,,,72.0,209.0,37.814,15.0,Purdue,2001.0,2001.0,SD,32.0,,
2016,8,00-0020531,D.Brees,QB,NO,SEA,27,35,265.0,1,0.0,2.0,13.0,1,1.0,1,0,0,0.0,0,20.7,20.7,,,72.0,209.0,37.814,15.0,Purdue,2001.0,2001.0,SD,32.0,5.0,
2016,9,00-0020531,D.Brees,QB,NO,SF,28,39,323.0,3,0.0,1.0,-0.0,2,-2.0,0,0,0,0.0,0,24.72,24.72,,,72.0,209.0,37.814,15.0,Purdue,2001.0,2001.0,SD,32.0,,
2016,10,00-0020531,D.Brees,QB,NO,DEN,21,29,303.0,3,2.0,1.0,10.0,2,9.0,0,0,0,0.0,0,21.02,21.02,,,72.0,209.0,37.814,15.0,Purdue,2001.0,2001.0,SD,32.0,-2.0,
2016,11,00-0020531,D.Brees,QB,NO,CAR,35,44,285.0,2,1.0,3.0,21.0,2,0.0,0,0,0,0.0,0,15.4,15.4,,,72.0,209.0,37.814,15.0,Purdue,2001.0,2001.0,SD,32.0,,
2016,12,00-0020531,D.Brees,QB,NO,LA,28,36,310.0,4,0.0,2.0,14.0,1,1.0,1,0,0,0.0,0,32.5,32.5,,,72.0,209.0,37.814,15.0,Purdue,2001.0,2001.0,SD,32.0,28.0,
2016,13,00-0020531,D.Brees,QB,NO,DET,31,44,326.0,0,3.0,1.0,7.0,0,0.0,0,0,0,0.0,0,7.04,7.04,,,72.0,209.0,37.814,15.0,Purdue,2001.0,2001.0,SD,32.0,-15.0,
2016,14,00-0020531,D.Brees,QB,NO,TB,25,41,257.0,0,3.0,1.0,9.0,1,2.0,0,0,0,0.0,0,4.48,4.48,,,72.0,209.0,37.814,15.0,Purdue,2001.0,2001.0,SD,32.0,,
2016,15,00-0020531,D.Brees,QB,NO,ARI,37,48,389.0,4,0.0,3.0,31.0,2,-2.0,0,0,0,0.0,0,29.36,29.36,,,72.0,209.0,37.814,15.0,Purdue,2001.0,2001.0,SD,32.0,,
2016,16,00-0020531,D.Brees,QB,NO,TB,23,34,299.0,1,0.0,2.0,5.0,4,1.0,0,0,0,0.0,0,16.06,16.06,,,72.0,209.0,37.814,15.0,Purdue,2001.0,2001.0,SD,32.0,7.0,
2016,17,00-0020531,D.Brees,QB,NO,ATL,29,50,350.0,2,1.0,2.0,9.0,0,0.0,0,0,0,0.0,0,20.0,20.0,,,72.0,209.0,37.814,15.0,Purdue,2001.0,2001.0,SD,32.0,,
2016,1,00-0020679,,QB,MIN,TEN,18,33,236.0,0,0.0,0.0,-0.0,2,8.0,0,0,0,0.0,0,10.24,10.24,,,75.0,230.0,36.829625,14.0,Maryland,2002.0,2002.0,,,,
2016,13,00-0020679,,QB,MIN,DAL,1,1,6.0,0,0.0,1.0,7.0,0,0.0,0,0,0,0.0,0,0.24,0.24,,,75.0,230.0,36.829625,14.0,Maryland,2002.0,2002.0,,,-2.0,
2016,17,00-0020679,,QB,MIN,CHI,0,1,0.0,0,0.0,0.0,-0.0,3,-3.0,0,0,0,0.0,0,-0.3,-0.3,,,75.0,230.0,36.829625,14.0,Maryland,2002.0,2002.0,,,28.0,
2016,2,00-0021206,J.McCown,QB,CLE,BAL,20,33,260.0,2,2.0,3.0,18.0,2,0.0,0,0,0,0.0,0,14.4,14.4,,,76.0,218.0,37.3388125,14.0,Sam Houston State,2002.0,2002.0,ARI,81.0,-5.0,
2016,8,00-0021206,J.McCown,QB,CLE,NYJ,25,49,341.0,2,2.0,1.0,6.0,3,10.0,0,0,0,0.0,0,20.64,20.64,,,76.0,218.0,37.3388125,14.0,Sam Houston State,2002.0,2002.0,ARI,81.0,-3.0,
2016,10,00-0021206,J.McCown,QB,CLE,BAL,6,13,59.0,0,2.0,3.0,29.0,0,0.0,0,0,0,0.0,0,-3.64,-3.64,,,76.0,218.0,37.3388125,14.0,Sam Houston State,2002.0,2002.0,ARI,81.0,,
2016,11,00-0021206,J.McCown,QB,CLE,PIT,14,27,118.0,1,0.0,4.0,36.0,2,11.0,0,0,0,0.0,0,7.82,7.82,,,76.0,218.0,37.3388125,14.0,Sam Houston State,2002.0,2002.0,ARI,81.0,-15.0,
2016,12,00-0021206,J.McCown,QB,CLE,NYG,25,43,322.0,1,0.0,7.0,37.0,0,0.0,0,0,0,0.0,0,12.88,12.88,,,76.0,218.0,37.3388125,14.0,Sam Houston State,2002.0,2002.0,ARI,81.0,-14.0,
2016,1,00-0021429,C.Palmer,QB,ARI,NE,24,37,271.0,2,0.0,3.0,19.0,2,1.0,0,0,0,0.0,0,18.94,18.94,,,77.0,235.0,36.8619375,13.0,USC,2003.0,2003.0,CIN,1.0,-2.0,
2016,2,00-0021429,C.Palmer,QB,ARI,TB,17,30,304.0,3,0.0,1.0,4.0,0,0.0,0,0,0,0.0,0,24.16,24.16,,,77.0,235.0,36.8619375,13.0,USC,2003.0,2003.0,CIN,1.0,33.0,
2016,3,00-0021429,C.Palmer,QB,ARI,BUF,26,50,287.0,0,4.0,5.0,27.0,0,0.0,0,0,0,0.0,0,3.48,3.48,,,77.0,235.0,36.8619375,13.0,USC,2003.0,2003.0,CIN,1.0,,
2016,4,00-0021429,C.Palmer,QB,ARI,LA,23,36,288.0,1,1.0,3.0,23.0,0,0.0,0,0,0,0.0,0,11.52,11.52,,,77.0,235.0,36.8619375,13.0,USC,2003.0,2003.0,CIN,1.0,-4.0,
2016,6,00-0021429,C.Palmer,QB,ARI,NYJ,23,34,213.0,1,0.0,0.0,-0.0,3,-1.0,0,0,0,0.0,0,12.42,12.42,,,77.0,235.0,36.8619375,13.0,USC,2003.0,2003.0,CIN,1.0,25.0,
2016,7,00-0021429,C.Palmer,QB,ARI,SEA,29,49,342.0,0,0.0,4.0,31.0,1,8.0,0,0,0,0.0,0,14.48,14.48,,,77.0,235.0,36.8619375,13.0,USC,2003.0,2003.0,CIN,1.0,0.0,
2016,8,00-0021429,C.Palmer,QB,ARI,CAR,35,46,363.0,3,1.0,8.0,47.0,0,0.0,0,0,0,0.0,0,22.52,22.52,,,77.0,235.0,36.8619375,13.0,USC,2003.0,2003.0,CIN,1.0,,
2016,10,00-0021429,C.Palmer,QB,ARI,SF,30,49,376.0,1,2.0,2.0,13.0,1,16.0,0,0,0,0.0,0,14.64,14.64,,,77.0,235.0,36.8619375,13.0,USC,2003.0,2003.0,CIN,1.0,3.0,
2016,11,00-0021429,C.Palmer,QB,ARI,MIN,20,38,198.0,2,2.0,4.0,43.0,1,11.0,0,0,0,0.0,0,13.02,13.02,,,77.0,235.0,36.8619375,13.0,USC,2003.0,2003.0,CIN,1.0,,
2016,12,00-0021429,C.Palmer,QB,ARI,ATL,25,45,289.0,2,1.0,2.0,15.0,1,0.0,0,0,0,0.0,0,17.56,17.56,,,77.0,235.0,36.8619375,13.0,USC,2003.0,2003.0,CIN,1.0,,
2016,13,00-0021429,C.Palmer,QB,ARI,WAS,30,46,300.0,3,0.0,2.0,19.0,1,-1.0,0,0,0,0.0,0,23.9,23.9,,,77.0,235.0,36.8619375,13.0,USC,2003.0,2003.0,CIN,1.0,8.0,
2016,14,00-0021429,C.Palmer,QB,ARI,MIA,18,33,145.0,2,2.0,3.0,20.0,3,5.0,0,0,0,0.0,0,10.3,10.3,,,77.0,235.0,36.8619375,13.0,USC,2003.0,2003.0,CIN,1.0,,
2016,15,00-0021429,C.Palmer,QB,ARI,NO,28,40,318.0,2,0.0,1.0,9.0,0,0.0,0,0,0,0.0,0,20.72,20.72,,,77.0,235.0,36.8619375,13.0,USC,2003.0,2003.0,CIN,1.0,-7.0,
2016,16,00-0021429,C.Palmer,QB,ARI,SEA,16,26,284.0,1,0.0,1.0,8.0,1,-1.0,0,0,0,0.0,0,15.26,15.26,,,77.0,235.0,36.8619375,13.0,USC,2003.0,2003.0,CIN,1.0,,
2016,17,00-0021429,C.Palmer,QB,ARI,LA,20,38,255.0,3,1.0,1.0,3.0,0,0.0,0,0,0,0.0,0,20.2,20.2,,,77.0,235.0,36.8619375,13.0,USC,2003.0,2003.0,CIN,1.0,,
2016,1,00-0021547,A.Gates,TE,LAC,KC,0,0,0.0,0,0.0,0.0,0.0,0,0.0,0,4,3,20.0,0,2.0,5.0,,,76.0,255.0,36.3829375,13.0,Kent State,2003.0,2003.0,,,,0.11111111
2016,2,00-0021547,A.Gates,TE,LAC,JAX,0,0,0.0,0,0.0,0.0,0.0,0,0.0,0,5,3,15.0,1,7.5,10.5,,,76.0,255.0,36.3829375,13.0,Kent State,2003.0,2003.0,,,,0.2
2016,5,00-0021547,A.Gates,TE,LAC,LV,0,0,0.0,0,0.0,0.0,0.0,0,0.0,0,5,4,30.0,1,7.0,11.0,,,76.0,255.0,36.3829375,13.0,Kent State,2003.0,2003.0,,,,0.16666667
2016,6,00-0021547,A.Gates,TE,LAC,DEN,0,0,0.0,0,0.0,0.0,0.0,0,0.0,0,6,2,16.0,0,1.6,3.6,,,76.0,255.0,36.3829375,13.0,Kent State,2003.0,2003.0,,,,0.20689656
2016,7,00-0021547,A.Gates,TE,LAC,ATL,0,0,0.0,0,0.0,0.0,0.0,0,0.0,0,10,5,38.0,0,3.8,8.8,,,76.0,255.0,36.3829375,13.0,Kent State,2003.0,2003.0,,,,0.22727273
2016,8,00-0021547,A.Gates,TE,LAC,DEN,0,0,0.0,0,0.0,0.0,0.0,0,0.0,0,9,4,33.0,1,9.3,13.3,,,76.0,255.0,36.3829375,13.0,Kent State,2003.0,2003.0,,,,0.2
2016,9,00-0021547,A.Gates,TE,LAC,TEN,0,0,0.0,0,0.0,0.0,0.0,0,0.0,0,9,5,75.0,1,13.5,18.5,,,76.0,255.0,36.3829375,13.0,Kent State,2003.0,2003.0,,,,0.27272728
2016,10,00-0021547,A.Gates,TE,LAC,MIA,0,0,0.0,0,0.0,0.0,0.0,0,0.0,0,9,4,63.0,1,12.3,16.3,,,76.0,255.0,36.3829375,13.0,Kent State,2003.0,2003.0,,,,0.21428572
2016,13,00-0021547,A.Gates,TE,LAC,TB,0,0,0.0,0,0.0,0.0,0.0,0,0.0,0,4,4,37.0,0,3.7,7.7,,,76.0,255.0,36.3829375,13.0,Kent State,2003.0,2003.0,,,,0.16666667
2016,14,00-0021547,A.Gates,TE,LAC,CAR,0,0,0.0,0,0.0,0.0,0.0,0,0.0,0,9,5,61.0,0,6.1,11.1,,,76.0,255.0,36.3829375,13.0,Kent State,2003.0,2003.0,,,,0.25
2016,15,00-0021547,A.Gates,TE,LAC,LV,0,0,0.0,0,0.0,0.0,0.0,0,0.0,0,2,1,11.0,0,1.1,2.1,,,76.0,255.0,36.3829375,13.0,Kent State,2003.0,2003.0,,,,0.06896552
2016,16,00-0021547,A.Gates,TE,LAC,CLE,0,0,0.0,0,0.0,0.0,0.0,0,0.0,0,13,8,94.0,1,15.4,23.4,,,76.0,255.0,36.3829375,13.0,Kent State,2003.0,2003.0,,,,0.29545453
2016,17,00-0021547,A.Gates,TE,LAC,KC,0,0,0.0,0,0.0,0.0,0.0,0,0.0,0,8,5,55.0,1,11.5,16.5,,,76.0,255.0,36.3829375,13.0,Kent State,2003.0,2003.0,,,,0.21621622
2016,17,00-0021678,,QB,DAL,PHI,3,4,29.0,1,0.0,0.0,-0.0,0,0.0,0,0,0,0.0,0,5.16,5.16,,,74.0,230.0,36.55758823529412,13.0,Eastern Illinois,2003.0,2003.0,,,,
2016,1,00-0022044,,WR,TEN,MIN,0,0,0.0,0,0.0,0.0,0.0,0,0.0,0,7,3,30.0,0,3.0,6.0,,,75.0,229.0,35.236375,13.0,,2003.0,2003.0,HOU,3.0,-9.0,0.17073171
2016,2,00-0022044,,WR,TEN,DET,0,0,0.0,0,0.0,0.0,0.0,0,0.0,0,2,1,9.0,1,6.9,7.9,,,75.0,229.0,35.236375,13.0,,2003.0,2003.0,HOU,3.0,,0.060606062
2016,3,00-0022044,,WR,TEN,LV,0,0,0.0,0,0.0,0.0,0.0,0,0.0,0,3,0,0.0,0,0.0,0.0,,,75.0,229.0,35.236375,13.0,,2003.0,2003.0,HOU,3.0,-7.0,0.09090909
2016,4,00-0022044,,WR,TEN,HOU,0,0,0.0,0,0.0,0.0,0.0,0,0.0,0,5,3,33.0,0,3.3,6.3,,,75.0,229.0,35.236375,13.0,,2003.0,2003.0,HOU,3.0,,0.17857143
2016,5,00-0022044,,WR,TEN,MIA,0,0,0.0,0,0.0,0.0,0.0,0,0.0,0,4,2,13.0,1,7.3,9.3,,,75.0,229.0,35.236375,13.0,,2003.0,2003.0,HOU,3.0,,0.14285715
2016,7,00-0022044,,WR,TEN,IND,0,0,0.0,0,0.0,0.0,0.0,0,0.0,0,2,0,0.0,0,0.0,0.0,,,75.0,229.0,35.236375,13.0,,2003.0,2003.0,HOU,3.0,-8.0,0.055555556
2016,1,00-0022084,,WR,DET,IND,0,0,0.0,0,0.0,0.0,0.0,0,0.0,0,3,3,35.0,0,3.5,6.5,,,73.0,220.0,36.101588235294116,13.0,Florida State,2003.0,2003.0,ARI,54.0,,0.08108108
2016,2,00-0022084,,WR,DET,TEN,0,0,0.0,0,0.0,0.0,0.0,0,0.0,0,7,4,48.0,1,10.8,14.8,,,73.0,220.0,36.101588235294116,13.0,Florida State,2003.0,2003.0,ARI,54.0,-1.0,0.17948718
2016,3,00-0022084,,WR,DET,GB,0,0,0.0,0,0.0,0.0,0.0,0,0.0,0,6,4,22.0,1,8.2,12.2,,,73.0,220.0,36.101588235294116,13.0,Florida State,2003.0,2003.0,ARI,54.0,,0.15
2016,4,00-0022084,,WR,DET,CHI,0,0,0.0,0,0.0,0.0,0.0,0,0.0,0,8,6,31.0,0,3.1,9.1,,,73.0,220.0,36.101588235294116,13.0,Florida State,2003.0,2003.0,ARI,54.0,,0.22222222
2016,5,00-0022084,,WR,DET,PHI,0,0,0.0,0,0.0,0.0,0.0,0,0.0,0,4,4,48.0,0,4.8,8.8,,,73.0,220.0,36.101588235294116,13.0,Florida State,2003.0,2003.0,ARI,54.0,1.0,0.17391305
2016,6,00-0022084,,WR,DET,LA,0,0,0.0,0,0.0,0.0,0.0,0,0.0,0,9,8,60.0,1,12.0,20.0,,,73.0,220.0,36.101588235294116,13.0,Florida State,2003.0,2003.0,ARI,54.0,3.0,0.29032257
2016,7,00-0022084,,WR,DET,WAS,0,0,0.0,0,0.0,0.0,0.0,0,0.0,0,4,3,28.0,1,8.8,11.8,,,73.0,220.0,36.101588235294116,13.0,Florida State,2003.0,2003.0,ARI,54.0,3.0,0.13793103
2016,8,00-0022084,,WR,DET,HOU,0,0,0.0,0,0.0,0.0,0.0,0,0.0,0,3,1,4.0,0,0.4,1.4,,,73.0,220.0,36.101588235294116,13.0,Florida State,2003.0,2003.0,ARI,54.0,,0.07317073
2016,9,00-0022084,,WR,DET,MIN,0,0,0.0,0,0.0,0.0,0.0,0,0.0,0,4,2,10.0,1,7.0,9.0,,,73.0,220.0,36.101588235294116,13.0,Florida State,2003.0,2003.0,ARI,54.0,,0.114285715
2016,11,00-0022084,,WR,DET,JAX,0,0,0.0,0,0.0,0.0,0.0,0,0.0,0,9,6,37.0,0,3.7,9.7,,,73.0,220.0,36.101588235294116,13.0,Florida State,2003.0,2003.0,ARI,54.0,7.0,0.27272728
2016,12,00-0022084,,WR,DET,MIN,0,0,0.0,0,0.0,0.0,0.0,0,0.0,0,9,7,69.0,1,12.9,19.9,,,73.0,220.0,36.101588235294116,13.0,Florida State,2003.0,2003.0,ARI,54.0,3.0,0.24324325
2016,13,00-0022084,,WR,DET,NO,0,0,0.0,0,0.0,0.0,0.0,0,0.0,0,6,4,40.0,0,4.0,8.0,,,73.0,220.0,36.101588235294116,13.0,Florida State,2003.0,2003.0,ARI,54.0,,0.14634146
2016,14,00-0022084,,WR,DET,CHI,0,0,0.0,0,0.0,0.0,0.0,0,0.0,0,6,3,49.0,1,10.9,13.9,,,73.0,220.0,36.101588235294116,13.0,Florida State,2003.0,2003.0,ARI,54.0,3.0,0.1764706
2016,15,00-0022084,,WR,DET,NYG,0,0,0.0,0,0.0,0.0,0.0,0,0.0,0,4,3,13.0,0,1.3,4.3,,,73.0,220.0,36.101588235294116,13.0,Florida State,2003.0,2003.0,ARI,54.0,,0.10526316
2016,16,00-0022084,,WR,DET,DAL,0,0,0.0,0,0.0,0.0,0.0,0,0.0,0,7,5,33.0,0,3.3,8.3,,,73.0,220.0,36.101588235294116,13.0,Florida State,2003.0,2003.0,ARI,54.0,,0.15555556
2016,17,00-0022084,,WR,DET,GB,0,0,0.0,0,0.0,0.0,0.0,0,0.0,0,6,4,57.0,1,11.7,15.7,,,73.0,220.0,36.101588235294116,13.0,Florida State,2003.0,2003.0,ARI,54.0,-7.0,0.14634146
2016,18,00-0022084,,WR,DET,SEA,0,0,0.0,0,0.0,0.0,0.0,0,0.0,0,6,2,24.0,0,2.4,4.4,,,73.0,220.0,36.101588235294116,13.0,Florida State,2003.0,2003.0,ARI,54.0,,0.1875
2016,1,00-0022127,J.Witten,TE,DAL,NYG,0,0,0.0,0,0.0,0.0,0.0,0,0.0,0,14,9,66.0,0,6.6,15.6,,,78.0,263.0,34.51776470588236,13.0,Tennessee,2003.0,2003.0,DAL,69.0,-1.0,0.3255814
2016,2,00-0022127,J.Witten,TE,DAL,WAS,0,0,0.0,0,0.0,0.0,0.0,0,0.0,0,4,3,51.0,0,5.1,8.1,,,78.0,263.0,34.51776470588236,13.0,Tennessee,2003.0,2003.0,DAL,69.0,,0.13333334
2016,3,00-0022127,J.Witten,TE,DAL,CHI,0,0,0.0,0,0.0,0.0,0.0,0,0.0,0,2,2,25.0,0,2.5,4.5,,,78.0,263.0,34.51776470588236,13.0,Tennessee,2003.0,2003.0,DAL,69.0,14.0,0.083333336
2016,4,00-0022127,J.Witten,TE,DAL,SF,0,0,0.0,0,0.0,0.0,0.0,0,0.0,0,9,7,47.0,0,4.7,11.7,,,78.0,263.0,34.51776470588236,13.0,Tennessee,2003.0,2003.0,DAL,69.0,,0.28125
2016,5,00-0022127,J.Witten,TE,DAL,CIN,0,0,0.0,0,0.0,0.0,0.0,0,0.0,0,5,3,43.0,0,4.3,7.3,,,78.0,263.0,34.51776470588236,13.0,Tennessee,2003.0,2003.0,DAL,69.0,14.0,0.20833333
2016,6,00-0022127,J.Witten,TE,DAL,GB,0,0,0.0,0,0.0,0.0,0.0,0,0.0,0,8,4,42.0,0,4.2,8.2,,,78.0,263.0,34.51776470588236,13.0,Tennessee,2003.0,2003.0,DAL,69.0,,0.2962963
2016,8,00-0022127,J.Witten,TE,DAL,PHI,0,0,0.0,0,0.0,0.0,0.0,0,0.0,0,3,2,16.0,1,7.6,9.6,,,78.0,263.0,34.51776470588236,13.0,Tennessee,2003.0,2003.0,DAL,69.0,6.0,0.075
2016,9,00-0022127,J.Witten,TE,DAL,CLE,0,0,0.0,0,0.0,0.0,0.0,0,0.0,0,10,8,134.0,1,19.4,27.4,,,78.0,263.0,34.51776470588236,13.0,Tennessee,2003.0,2003.0,DAL,69.0,,0.35714287
2016,10,00-0022127,J.Witten,TE,DAL,PIT,0,0,0.0,0,0.0,0.0,0.0,0,0.0,0,8,6,59.0,0,5.9,11.9,,,78.0,263.0,34.51776470588236,13.0,Tennessee,2003.0,2003.0,DAL,69.0,,0.25
2016,11,00-0022127,J.Witten,TE,DAL,BAL,0,0,0.0,0,0.0,0.0,0.0,0,0.0,0,7,5,37.0,0,3.7,8.7,,,78.0,263.0,34.51776470588236,13.0,Tennessee,2003.0,2003.0,DAL,69.0,10.0,0.19444445
2016,12,00-0022127,J.Witten,TE,DAL,WAS,0,0,0.0,0,0.0,0.0,0.0,0,0.0,0,3,3,33.0,0,3.3,6.3,,,78.0,263.0,34.51776470588236,13.0,Tennessee,2003.0,2003.0,DAL,69.0,5.0,0.13043478
2016,14,00-0022127,J.Witten,TE,DAL,NYG,0,0,0.0,0,0.0,0.0,0.0,0,0.0,0,7,4,26.0,0,2.6,6.6,,,78.0,263.0,34.51776470588236,13.0,Tennessee,2003.0,2003.0,DAL,69.0,,0.1891892
2016,15,00-0022127,J.Witten,TE,DAL,TB,0,0,0.0,0,0.0,0.0,0.0,0,0.0,0,10,10,51.0,0,3.1,13.1,,,78.0,263.0,34.51776470588236,13.0,Tennessee,2003.0,2003.0,DAL,69.0,6.0,0.2777778
2016,16,00-0022127,J.Witten,TE,DAL,DET,0,0,0.0,0,0.0,0.0,0.0,0,0.0,0,4,2,33.0,1,9.3,11.3,,,78.0,263.0,34.51776470588236,13.0,Tennessee,2003.0,2003.0,DAL,69.0,21.0,0.1904762
2016,17,00-0022127,J.Witten,TE,DAL,PHI,0,0,0.0,0,0.0,0.0,0.0,0,0.0,0,1,1,10.0,0,1.0,2.0,,,78.0,263.0,34.51776470588236,13.0,Tennessee,2003.0,2003.0,DAL,69.0,,0.035714287
2016,19,00-0022127,J.Witten,TE,DAL,GB,0,0,0.0,0,0.0,0.0,0.0,0,0.0,0,9,6,59.0,1,11.9,17.9,,,78.0,263.0,34.51776470588236,13.0,Tennessee,2003.0,2003.0,DAL,69.0,-3.0,0.24324325
2016,14,00-0022684,D.Jones,P,PHI,WAS,0,0,0.0,0,0.0,0.0,0.0,1,0.0,0,0,0,0.0,0,0.0,0.0,,,74.0,221.0,36.34525,12.0,LSU,2004.0,2004.0,SEA,224.0,-5.0,
2016,9,00-0022787,M.Schaub,QB,ATL,TB,0,0,0.0,0,0.0,0.0,0.0,2,-2.0,0,0,0,0.0,0,-0.2,-0.2,,,78.0,245.0,35.39915789473684,12.0,Virginia,2004.0,2004.0,ATL,90.0,,
2016,14,00-0022787,M.Schaub,QB,ATL,LA,0,2,0.0,0,0.0,0.0,-0.0,0,0.0,0,0,0,0.0,0,0.0,0.0,,,78.0,245.0,35.39915789473684,12.0,Virginia,2004.0,2004.0,ATL,90.0,,
2016,15,00-0022787,M.Schaub,QB,ATL,SF,1,1,16.0,0,0.0,0.0,-0.0,0,0.0,0,0,0,0.0,0,0.64,0.64,,,78.0,245.0,35.39915789473684,12.0,Virginia,2004.0,2004.0,ATL,90.0,28.0,
2016,1,00-0022803,E.Manning,QB,NYG,DAL,19,28,207.0,3,1.0,2.0,4.0,0,0.0,0,0,0,0.0,0,18.28,18.28,,,76.0,218.0,35.852411764705884,12.0,Mississippi,2004.0,2004.0,SD,1.0,,
2016,2,00-0022803,E.Manning,QB,NYG,NO,32,41,368.0,0,0.0,2.0,15.0,4,-4.0,0,0,0,0.0,0,12.32,12.32,,,76.0,218.0,35.852411764705884,12.0,Mississippi,2004.0,2004.0,SD,1.0,3.0,
2016,3,00-0022803,E.Manning,QB,NYG,WAS,25,38,350.0,1,2.0,2.0,13.0,0,0.0,0,0,0,0.0,0,14.0,14.0,,,76.0,218.0,35.852411764705884,12.0,Mississippi,2004.0,2004.0,SD,1.0,-2.0,
2016,4,00-0022803,E.Manning,QB,NYG,MIN,25,45,261.0,0,1.0,0.0,-0.0,0,0.0,0,0,0,0.0,0,8.44,8.44,,,76.0,218.0,35.852411764705884,12.0,Mississippi,2004.0,2004.0,SD,1.0,,
2016,5,00-0022803,E.Manning,QB,NYG,GB,18,35,199.0,1,0.0,3.0,15.0,1,1.0,0,0,0,0.0,0,10.06,10.06,,,76.0,218.0,35.852411764705884,12.0,Mississippi,2004.0,2004.0,SD,1.0,,
2016,6,00-0022803,E.Manning,QB,NYG,BAL,32,46,403.0,3,2.0,1.0,6.0,0,0.0,0,0,0,0.0,0,24.12,24.12,,,76.0,218.0,35.852411764705884,12.0,Mississippi,2004.0,2004.0,SD,1.0,4.0,
2016,7,00-0022803,E.Manning,QB,NYG,LA,24,37,196.0,0,0.0,0.0,-0.0,2,-2.0,0,0,0,0.0,0,7.64,7.64,,,76.0,218.0,35.852411764705884,12.0,Mississippi,2004.0,2004.0,SD,1.0,,
2016,9,00-0022803,E.Manning,QB,NYG,PHI,22,36,257.0,4,2.0,1.0,9.0,2,-4.0,0,0,0,0.0,0,21.88,21.88,,,76.0,218.0,35.852411764705884,12.0,Mississippi,2004.0,2004.0,SD,1.0,5.0,
2016,10,00-0022803,E.Manning,QB,NYG,CIN,28,44,240.0,3,2.0,1.0,11.0,3,4.0,0,0,0,0.0,0,18.0,18.0,,,76.0,218.0,35.852411764705884,12.0,Mississippi,2004.0,2004.0,SD,1.0,1.0,
2016,11,00-0022803,E.Manning,QB,NYG,CHI,21,36,227.0,2,0.0,0.0,-0.0,4,1.0,0,0,0,0.0,0,17.18,17.18,,,76.0,218.0,35.852411764705884,12.0,Mississippi,2004.0,2004.0,SD,1.0,6.0,
2016,12,00-0022803,E.Manning,QB,NYG,CLE,15,27,194.0,3,0.0,1.0,2.0,2,-2.0,0,0,0,0.0,0,19.56,19.56,,,76.0,218.0,35.852411764705884,12.0,Mississippi,2004.0,2004.0,SD,1.0,,
2016,13,00-0022803,E.Manning,QB,NYG,PIT,24,39,195.0,2,2.0,2.0,17.0,1,-1.0,0,0,0,0.0,0,11.7,11.7,,,76.0,218.0,35.852411764705884,12.0,Mississippi,2004.0,2004.0,SD,1.0,,
2016,14,00-0022803,E.Manning,QB,NYG,DAL,17,28,193.0,1,1.0,3.0,26.0,2,-2.0,0,0,0,0.0,0,5.52,5.52,,,76.0,218.0,35.852411764705884,12.0,Mississippi,2004.0,2004.0,SD,1.0,3.0,
2016,15,00-0022803,E.Manning,QB,NYG,DET,20,28,201.0,2,0.0,2.0,15.0,0,0.0,0,0,0,0.0,0,16.04,16.04,,,76.0,218.0,35.852411764705884,12.0,Mississippi,2004.0,2004.0,SD,1.0,11.0,
2016,16,00-0022803,E.Manning,QB,NYG,PHI,38,63,356.0,1,3.0,0.0,-0.0,0,0.0,0,0,0,0.0,0,12.24,12.24,,,76.0,218.0,35.852411764705884,12.0,Mississippi,2004.0,2004.0,SD,1.0,,
2016,17,00-0022803,E.Manning,QB,NYG,WAS,17,27,180.0,0,0.0,1.0,9.0,0,0.0,0,0,0,0.0,0,7.2,7.2,,,76.0,218.0,35.852411764705884,12.0,Mississippi,2004.0,2004.0,SD,1.0,,
2016,18,00-0022803,E.Manning,QB,NYG,GB,23,44,299.0,1,1.0,2.0,4.0,1,11.0,0,0,0,0.0,0,13.06,13.06,,,76.0,218.0,35.852411764705884,12.0,Mississippi,2004.0,2004.0,SD,1.0,,
2016,1,00-0022921,L.Fitzgerald,WR,ARI,NE,0,0,0.0,0,0.0,0.0,0.0,0,0.0,0,10,8,81.0,2,20.1,28.1,,,75.0,218.0,33.1849375,12.0,Pittsburgh,2004.0,2004.0,ARI,3.0,-2.0,0.27027026
2016,2,00-0022921,L.Fitzgerald,WR,ARI,TB,0,0,0.0,0,0.0,0.0,0.0,1,4.0,0,10,5,77.0,1,14.1,19.1,,,75.0,218.0,33.1849375,12.0,Pittsburgh,2004.0,2004.0,ARI,3.0,33.0,0.29411766
2016,3,00-0022921,L.Fitzgerald,WR,ARI,BUF,0,0,0.0,0,0.0,0.0,0.0,0,0.0,0,12,7,60.0,0,6.0,13.0,,,75.0,218.0,33.1849375,12.0,Pittsburgh,2004.0,2004.0,ARI,3.0,,0.24
2016,4,00-0022921,L.Fitzgerald,WR,ARI,LA,0,0,0.0,0,0.0,0.0,0.0,1,1.0,0,7,5,62.0,0,6.3,11.3,,,75.0,218.0,33.1849375,12.0,Pittsburgh,2004.0,2004.0,ARI,3.0,-4.0,0.15555556
2016,5,00-0022921,L.Fitzgerald,WR,ARI,SF,0,0,0.0,0,0.0,0.0,0.0,0,0.0,0,8,6,81.0,2,20.1,26.1,,,75.0,218.0,33.1849375,12.0,Pittsburgh,2004.0,2004.0,ARI,3.0,,0.2962963
2016,6,00-0022921,L.Fitzgerald,WR,ARI,NYJ,0,0,0.0,0,0.0,0.0,0.0,0,0.0,0,9,6,49.0,0,4.9,10.9,,,75.0,218.0,33.1849375,12.0,Pittsburgh,2004.0,2004.0,ARI,3.0,25.0,0.25714287
2016,7,00-0022921,L.Fitzgerald,WR,ARI,SEA,0,0,0.0,0,0.0,0.0,0.0,0,0.0,0,14,9,70.0,0,7.0,16.0,,,75.0,218.0,33.1849375,12.0,Pittsburgh,2004.0,2004.0,ARI,3.0,0.0,0.2857143
2016,8,00-0022921,L.Fitzgerald,WR,ARI,CAR,0,0,0.0,0,0.0,0.0,0.0,0,0.0,0,11,10,74.0,0,7.4,17.4,,,75.0,218.0,33.1849375,12.0,Pittsburgh,2004.0,2004.0,ARI,3.0,,0.24444444
2016,10,00-0022921,L.Fitzgerald,WR,ARI,SF,0,0,0.0,0,0.0,0.0,0.0,0,0.0,0,18,12,132.0,0,13.2,25.2,,,75.0,218.0,33.1849375,12.0,Pittsburgh,2004.0,2004.0,ARI,3.0,3.0,0.375
2016,11,00-0022921,L.Fitzgerald,WR,ARI,MIN,0,0,0.0,0,0.0,0.0,0.0,0,0.0,0,7,6,63.0,0,6.3,12.3,,,75.0,218.0,33.1849375,12.0,Pittsburgh,2004.0,2004.0,ARI,3.0,,0.1891892
2016,12,00-0022921,L.Fitzgerald,WR,ARI,ATL,0,0,0.0,0,0.0,0.0,0.0,0,0.0,0,4,4,53.0,0,5.3,9.3,,,75.0,218.0,33.1849375,12.0,Pittsburgh,2004.0,2004.0,ARI,3.0,,0.09090909
2016,13,00-0022921,L.Fitzgerald,WR,ARI,WAS,0,0,0.0,0,0.0,0.0,0.0,0,0.0,0,11,10,78.0,0,7.8,17.8,,,75.0,218.0,33.1849375,12.0,Pittsburgh,2004.0,2004.0,ARI,3.0,8.0,0.25581396
2016,14,00-0022921,L.Fitzgerald,WR,ARI,MIA,0,0,0.0,0,0.0,0.0,0.0,0,0.0,0,9,3,12.0,0,1.2,4.2,,,75.0,218.0,33.1849375,12.0,Pittsburgh,2004.0,2004.0,ARI,3.0,,0.27272728
2016,15,00-0022921,L.Fitzgerald,WR,ARI,NO,0,0,0.0,0,0.0,0.0,0.0,0,0.0,0,9,7,57.0,0,3.7,10.7,,,75.0,218.0,33.1849375,12.0,Pittsburgh,2004.0,2004.0,ARI,3.0,-7.0,0.225
2016,16,00-0022921,L.Fitzgerald,WR,ARI,SEA,0,1,0.0,0,0.0,0.0,-0.0,0,0.0,0,4,4,31.0,0,3.1,7.1,,,75.0,218.0,33.1849375,12.0,Pittsburgh,2004.0,2004.0,ARI,3.0,,0.14814815
2016,17,00-0022921,L.Fitzgerald,WR,ARI,LA,0,0,0.0,0,0.0,0.0,0.0,0,0.0,0,7,5,43.0,1,10.3,15.3,,,75.0,218.0,33.1849375,12.0,Pittsburgh,2004.0,2004.0,ARI,3.0,,0.16666667
2016,1,00-0022924,B.Roethlisberger,QB,PIT,WAS,27,37,300.0,3,1.0,1.0,10.0,1,-2.0,0,0,0,0.0,0,21.8,21.8,,,77.0,240.0,34.714052631578944,12.0,"Miami, O.",2004.0,2004.0,PIT,11.0,,
2016,2,00-0022924,B.Roethlisberger,QB,PIT,CIN,19,37,259.0,3,2.0,1.0,9.0,1,14.0,0,0,0,0.0,0,19.76,19.76,,,77.0,240.0,34.714052631578944,12.0,"Miami, O.",2004.0,2004.0,PIT,11.0,8.0,
2016,3,00-0022924,B.Roethlisberger,QB,PIT,PHI,24,44,257.0,0,1.0,4.0,35.0,1,7.0,0,0,0,0.0,0,6.98,6.98,,,77.0,240.0,34.714052631578944,12.0,"Miami, O.",2004.0,2004.0,PIT,11.0,,
2016,4,00-0022924,B.Roethlisberger,QB,PIT,KC,22,27,300.0,5,0.0,2.0,13.0,1,-1.0,0,0,0,0.0,0,33.9,33.9,,,77.0,240.0,34.714052631578944,12.0,"Miami, O.",2004.0,2004.0,PIT,11.0,29.0,
2016,5,00-0022924,B.Roethlisberger,QB,PIT,NYJ,34,47,380.0,4,0.0,1.0,5.0,0,0.0,0,0,0,0.0,0,29.2,29.2,,,77.0,240.0,34.714052631578944,12.0,"Miami, O.",2004.0,2004.0,PIT,11.0,18.0,
2016,6,00-0022924,B.Roethlisberger,QB,PIT,MIA,19,34,189.0,1,2.0,2.0,20.0,0,0.0,0,0,0,0.0,0,9.56,9.56,,,77.0,240.0,34.714052631578944,12.0,"Miami, O.",2004.0,2004.0,PIT,11.0,,
2016,9,00-0022924,B.Roethlisberger,QB,PIT,BAL,23,45,264.0,1,1.0,2.0,23.0,3,3.0,1,0,0,0.0,0,18.86,18.86,,,77.0,240.0,34.714052631578944,12.0,"Miami, O.",2004.0,2004.0,PIT,11.0,,
2016,10,00-0022924,B.Roethlisberger,QB,PIT,DAL,37,46,408.0,3,0.0,1.0,8.0,1,1.0,0,0,0,0.0,0,28.42,28.42,,,77.0,240.0,34.714052631578944,12.0,"Miami, O.",2004.0,2004.0,PIT,11.0,-5.0,
2016,11,00-0022924,B.Roethlisberger,QB,PIT,CLE,23,36,167.0,0,0.0,0.0,-0.0,0,0.0,0,0,0,0.0,0,8.68,8.68,,,77.0,240.0,34.714052631578944,12.0,"Miami, O.",2004.0,2004.0,PIT,11.0,,
2016,12,00-0022924,B.Roethlisberger,QB,PIT,IND,14,20,221.0,3,0.0,0.0,-0.0,0,0.0,0,0,0,0.0,0,20.84,20.84,,,77.0,240.0,34.714052631578944,12.0,"Miami, O.",2004.0,2004.0,PIT,11.0,,
2016,13,00-0022924,B.Roethlisberger,QB,PIT,NYG,24,36,289.0,2,1.0,2.0,17.0,0,0.0,0,0,0,0.0,0,17.56,17.56,,,77.0,240.0,34.714052631578944,12.0,"Miami, O.",2004.0,2004.0,PIT,11.0,10.0,
2016,14,00-0022924,B.Roethlisberger,QB,PIT,BUF,17,31,220.0,0,3.0,0.0,-0.0,3,-2.0,0,0,0,0.0,0,2.6,2.6,,,77.0,240.0,34.714052631578944,12.0,"Miami, O.",2004.0,2004.0,PIT,11.0,,
2016,15,00-0022924,B.Roethlisberger,QB,PIT,CIN,21,36,286.0,1,0.0,1.0,1.0,4,-5.0,0,0,0,0.0,0,14.94,14.94,,,77.0,240.0,34.714052631578944,12.0,"Miami, O.",2004.0,2004.0,PIT,11.0,,
2016,16,00-0022924,B.Roethlisberger,QB,PIT,BAL,24,33,279.0,3,2.0,0.0,-0.0,1,-1.0,0,0,0,0.0,0,19.06,19.06,,,77.0,240.0,34.714052631578944,12.0,"Miami, O.",2004.0,2004.0,PIT,11.0,4.0,
2016,18,00-0022924,B.Roethlisberger,QB,PIT,MIA,13,18,197.0,2,2.0,1.0,9.0,4,10.0,0,0,0,0.0,0,12.88,12.88,,,77.0,240.0,34.714052631578944,12.0,"Miami, O.",2004.0,2004.0,PIT,11.0,18.0,
2016,19,00-0022924,B.Roethlisberger,QB,PIT,KC,20,31,224.0,0,1.0,1.0,6.0,4,1.0,0,0,0,0.0,0,7.06,7.06,,,77.0,240.0,34.714052631578944,12.0,"Miami, O.",2004.0,2004.0,PIT,11.0,,
2016,20,00-0022924,B.Roethlisberger,QB,PIT,NE,31,47,314.0,1,1.0,0.0,-0.0,0,0.0,0,0,0,0.0,0,16.56,16.56,,,77.0,240.0,34.714052631578944,12.0,"Miami, O.",2004.0,2004.0,PIT,11.0,,
2016,1,00-0022942,P.Rivers,QB,LAC,KC,25,36,243.0,1,0.0,1.0,10.0,2,9.0,0,0,0,0.0,0,14.62,14.62,,,77.0,228.0,34.9099375,12.0,North Carolina State,2004.0,2004.0,NYG,4.0,,
2016,2,00-0022942,P.Rivers,QB,LAC,JAX,17,24,220.0,4,0.0,3.0,13.0,1,10.0,0,0,0,0.0,0,23.8,23.8,,,77.0,228.0,34.9099375,12.0,North Carolina State,2004.0,2004.0,NYG,4.0,,
2016,3,00-0022942,P.Rivers,QB,LAC,IND,26,39,326.0,0,0.0,2.0,11.0,1,2.0,0,0,0,0.0,0,11.24,11.24,,,77.0,228.0,34.9099375,12.0,North Carolina State,2004.0,2004.0,NYG,4.0,,
2016,4,00-0022942,P.Rivers,QB,LAC,NO,28,43,321.0,2,1.0,3.0,13.0,1,0.0,0,0,0,0.0,0,18.84,18.84,,,77.0,228.0,34.9099375,12.0,North Carolina State,2004.0,2004.0,NYG,4.0,,
2016,5,00-0022942,P.Rivers,QB,LAC,LV,21,30,359.0,4,2.0,2.0,8.0,0,0.0,0,0,0,0.0,0,26.36,26.36,,,77.0,228.0,34.9099375,12.0,North Carolina State,2004.0,2004.0,NYG,4.0,,
2016,6,00-0022942,P.Rivers,QB,LAC,DEN,18,29,178.0,1,0.0,2.0,12.0,0,0.0,0,0,0,0.0,0,11.12,11.12,,,77.0,228.0,34.9099375,12.0,North Carolina State,2004.0,2004.0,NYG,4.0,,
2016,7,00-0022942,P.Rivers,QB,LAC,ATL,27,44,371.0,1,1.0,4.0,23.0,1,-2.0,0,0,0,0.0,0,14.64,14.64,,,77.0,228.0,34.9099375,12.0,North Carolina State,2004.0,2004.0,NYG,4.0,,
2016,8,00-0022942,P.Rivers,QB,LAC,DEN,20,47,267.0,2,3.0,4.0,21.0,0,0.0,0,0,0,0.0,0,12.68,12.68,,,77.0,228.0,34.9099375,12.0,North Carolina State,2004.0,2004.0,NYG,4.0,,
2016,9,00-0022942,P.Rivers,QB,LAC,TEN,24,33,275.0,2,0.0,1.0,7.0,3,-3.0,0,0,0,0.0,0,18.7,18.7,,,77.0,228.0,34.9099375,12.0,North Carolina State,2004.0,2004.0,NYG,4.0,,
2016,10,00-0022942,P.Rivers,QB,LAC,MIA,23,44,326.0,3,4.0,3.0,17.0,0,0.0,0,0,0,0.0,0,17.04,17.04,,,77.0,228.0,34.9099375,12.0,North Carolina State,2004.0,2004.0,NYG,4.0,,
2016,12,00-0022942,P.Rivers,QB,LAC,HOU,22,30,242.0,3,1.0,1.0,7.0,0,0.0,0,0,0,0.0,0,19.68,19.68,,,77.0,228.0,34.9099375,12.0,North Carolina State,2004.0,2004.0,NYG,4.0,,
2016,13,00-0022942,P.Rivers,QB,LAC,TB,15,26,225.0,2,2.0,2.0,14.0,3,18.0,0,0,0,0.0,0,14.8,14.8,,,77.0,228.0,34.9099375,12.0,North Carolina State,2004.0,2004.0,NYG,4.0,,
2016,14,00-0022942,P.Rivers,QB,LAC,CAR,21,39,236.0,2,3.0,5.0,16.0,0,0.0,0,0,0,0.0,0,7.44,7.44,,,77.0,228.0,34.9099375,12.0,North Carolina State,2004.0,2004.0,NYG,4.0,,
2016,15,00-0022942,P.Rivers,QB,LAC,LV,17,30,206.0,2,1.0,3.0,16.0,0,0.0,0,0,0,0.0,0,14.24,14.24,,,77.0,228.0,34.9099375,12.0,North Carolina State,2004.0,2004.0,NYG,4.0,,
2016,16,00-0022942,P.Rivers,QB,LAC,CLE,23,46,322.0,2,1.0,0.0,-0.0,1,0.0,0,0,0,0.0,0,18.88,18.88,,,77.0,228.0,34.9099375,12.0,North Carolina State,2004.0,2004.0,NYG,4.0,,
2016,17,00-0022942,P.Rivers,QB,LAC,KC,22,38,269.0,2,2.0,0.0,-0.0,1,1.0,0,0,0,0.0,0,14.86,14.86,,,77.0,228.0,34.9099375,12.0,North Carolina State,2004.0,2004.0,NYG,4.0,,
2016,1,00-0022999,J.Kuhn,FB,NO,LV,0,0,0.0,0,0.0,0.0,0.0,2,4.0,0,1,0,0.0,0,0.4,0.4,,,72.0,250.0,34.1644375,11.0,Shippensburg,2005.0,2005.0,,,-1.0,0.025641026
2016,2,00-0022999,J.Kuhn,FB,NO,NYG,0,0,0.0,0,0.0,0.0,0.0,1,2.0,0,2,2,8.0,0,1.0,3.0,,,72.0,250.0,34.1644375,11.0,Shippensburg,2005.0,2005.0,,,,0.045454547
2016,3,00-0022999,J.Kuhn,FB,NO,ATL,0,0,0.0,0,0.0,0.0,0.0,1,3.0,1,0,0,0.0,0,6.3,6.3,,,72.0,250.0,34.1644375,11.0,Shippensburg,2005.0,2005.0,,,-13.0,
2016,4,00-0022999,J.Kuhn,FB,NO,LAC,0,0,0.0,0,0.0,0.0,0.0,3,5.0,2,2,2,7.0,1,19.2,21.2,,,72.0,250.0,34.1644375,11.0,Shippensburg,2005.0,2005.0,,,,0.055555556
2016,7,00-0022999,J.Kuhn,FB,NO,KC,0,0,0.0,0,0.0,0.0,0.0,1,3.0,0,1,0,0.0,0,0.3,0.3,,,72.0,250.0,34.1644375,11.0,Shippensburg,2005.0,2005.0,,,,0.021276595
2016,8,00-0022999,J.Kuhn,FB,NO,SEA,0,0,0.0,0,0.0,0.0,0.0,0,0.0,0,3,2,12.0,0,1.2,3.2,,,72.0,250.0,34.1644375,11.0,Shippensburg,2005.0,2005.0,,,5.0,0.08571429
2016,9,00-0022999,J.Kuhn,FB,NO,SF,0,0,0.0,0,0.0,0.0,0.0,2,5.0,0,2,2,9.0,0,1.4,3.4,,,72.0,250.0,34.1644375,11.0,Shippensburg,2005.0,2005.0,,,,0.051282052
2016,11,00-0022999,J.Kuhn,FB,NO,CAR,0,0,0.0,0,0.0,0.0,0.0,2,3.0,0,2,2,9.0,0,1.2,3.2,,,72.0,250.0,34.1644375,11.0,Shippensburg,2005.0,2005.0,,,,0.045454547
2016,12,00-0022999,J.Kuhn,FB,NO,LA,0,0,0.0,0,0.0,0.0,0.0,1,4.0,0,1,1,3.0,0,0.7,1.7,,,72.0,250.0,34.1644375,11.0,Shippensburg,2005.0,2005.0,,,28.0,0.028571429
2016,13,00-0022999,J.Kuhn,FB,NO,DET,0,0,0.0,0,0.0,0.0,0.0,2,4.0,1,1,1,11.0,0,7.5,8.5,,,72.0,250.0,34.1644375,11.0,Shippensburg,2005.0,2005.0,,,-15.0,0.023809524
2016,14,00-0022999,J.Kuhn,FB,NO,TB,0,0,0.0,0,0.0,0.0,0.0,1,0.0,0,2,1,3.0,0,0.3,1.3,,,72.0,250.0,34.1644375,11.0,Shippensburg,2005.0,2005.0,,,,0.048780486
2016,15,00-0022999,J.Kuhn,FB,NO,ARI,0,0,0.0,0,0.0,0.0,0.0,1,1.0,0,2,2,1.0,0,0.2,2.2,,,72.0,250.0,34.1644375,11.0,Shippensburg,2005.0,2005.0,,,,0.041666668
2016,16,00-0022999,J.Kuhn,FB,NO,TB,0,0,0.0,0,0.0,0.0,0.0,1,3.0,0,1,1,7.0,0,1.0,2.0,,,72.0,250.0,34.1644375,11.0,Shippensburg,2005.0,2005.0,,,7.0,0.029411765
2016,1,00-0023436,A.Smith,QB,KC,LAC,34,48,363.0,2,1.0,3.0,33.0,4,15.0,1,0,0,0.0,0,28.02,28.02,,,76.0,217.0,32.51641176470588,11.0,Utah,2005.0,2005.0,SF,1.0,6.0,
2016,2,00-0023436,A.Smith,QB,KC,HOU,20,37,186.0,0,0.0,4.0,14.0,2,2.0,0,0,0,0.0,0,3.64,3.64,,,76.0,217.0,32.51641176470588,11.0,Utah,2005.0,2005.0,SF,1.0,,
2016,3,00-0023436,A.Smith,QB,KC,NYJ,25,33,237.0,1,0.0,2.0,16.0,3,-3.0,0,0,0,0.0,0,13.18,13.18,,,76.0,217.0,32.51641176470588,11.0,Utah,2005.0,2005.0,SF,1.0,21.0,
2016,4,00-0023436,A.Smith,QB,KC,PIT,30,50,287.0,2,1.0,4.0,17.0,1,2.0,0,0,0,0.0,0,17.68,17.68,,,76.0,217.0,32.51641176470588,11.0,Utah,2005.0,2005.0,SF,1.0,,
2016,6,00-0023436,A.Smith,QB,KC,LV,19,22,224.0,0,0.0,1.0,1.0,3,-1.0,0,0,0,0.0,0,8.86,8.86,,,76.0,217.0,32.51641176470588,11.0,Utah,2005.0,2005.0,SF,1.0,,
2016,7,00-0023436,A.Smith,QB,KC,NO,17,24,214.0,2,0.0,0.0,-0.0,4,7.0,0,0,0,0.0,0,17.26,17.26,,,76.0,217.0,32.51641176470588,11.0,Utah,2005.0,2005.0,SF,1.0,6.0,
2016,8,00-0023436,A.Smith,QB,KC,IND,9,19,127.0,1,0.0,1.0,-0.0,2,9.0,0,0,0,0.0,0,9.98,9.98,,,76.0,217.0,32.51641176470588,11.0,Utah,2005.0,2005.0,SF,1.0,,
2016,10,00-0023436,A.Smith,QB,KC,CAR,25,38,178.0,0,1.0,3.0,13.0,4,13.0,0,0,0,0.0,0,8.42,8.42,,,76.0,217.0,32.51641176470588,11.0,Utah,2005.0,2005.0,SF,1.0,,
2016,11,00-0023436,A.Smith,QB,KC,TB,24,31,261.0,1,1.0,0.0,-0.0,2,10.0,1,0,0,0.0,0,19.44,19.44,,,76.0,217.0,32.51641176470588,11.0,Utah,2005.0,2005.0,SF,1.0,-2.0,
2016,12,00-0023436,A.Smith,QB,KC,DEN,26,44,220.0,1,0.0,6.0,30.0,2,2.0,0,0,0,0.0,0,15.0,15.0,,,76.0,217.0,32.51641176470588,11.0,Utah,2005.0,2005.0,SF,1.0,,
2016,13,00-0023436,A.Smith,QB,KC,ATL,21,25,270.0,1,0.0,1.0,4.0,3,-3.0,0,0,0,0.0,0,12.5,12.5,,,76.0,217.0,32.51641176470588,11.0,Utah,2005.0,2005.0,SF,1.0,,
2016,14,00-0023436,A.Smith,QB,KC,LV,17,26,264.0,1,1.0,1.0,6.0,4,3.0,0,1,1,3.0,0,11.16,12.16,,,76.0,217.0,32.51641176470588,11.0,Utah,2005.0,2005.0,SF,1.0,8.0,0.04
2016,15,00-0023436,A.Smith,QB,KC,TEN,15,28,163.0,0,1.0,1.0,4.0,4,11.0,1,0,0,0.0,0,11.62,11.62,,,76.0,217.0,32.51641176470588,11.0,Utah,2005.0,2005.0,SF,1.0,-2.0,
2016,16,00-0023436,A.Smith,QB,KC,DEN,25,36,244.0,1,1.0,0.0,-0.0,4,46.0,1,0,0,0.0,0,22.36,22.36,,,76.0,217.0,32.51641176470588,11.0,Utah,2005.0,2005.0,SF,1.0,23.0,
2016,17,00-0023436,A.Smith,QB,KC,LAC,21,28,264.0,2,1.0,1.0,2.0,6,21.0,1,0,0,0.0,0,24.66,24.66,,,76.0,217.0,32.51641176470588,11.0,Utah,2005.0,2005.0,SF,1.0,,
2016,19,00-0023436,A.Smith,QB,KC,PIT,20,34,172.0,1,1.0,1.0,6.0,2,9.0,0,0,0,0.0,0,9.78,9.78,,,76.0,217.0,32.51641176470588,11.0,Utah,2005.0,2005.0,SF,1.0,-2.0,
2016,1,00-0023459,A.Rodgers,QB,GB,JAX,20,34,199.0,2,0.0,1.0,-0.0,4,16.0,1,0,0,0.0,0,23.56,23.56,,,74.0,225.0,32.96578947368421,11.0,California,2005.0,2005.0,GB,24.0,,
2016,2,00-0023459,A.Rodgers,QB,GB,MIN,20,36,213.0,1,1.0,5.0,33.0,3,29.0,1,0,0,0.0,0,17.42,17.42,,,74.0,225.0,32.96578947368421,11.0,California,2005.0,2005.0,GB,24.0,,
2016,3,00-0023459,A.Rodgers,QB,GB,DET,15,24,205.0,4,0.0,2.0,4.0,5,22.0,0,0,0,0.0,0,26.4,26.4,,,74.0,225.0,32.96578947368421,11.0,California,2005.0,2005.0,GB,24.0,7.0,
2016,5,00-0023459,A.Rodgers,QB,GB,NYG,23,45,259.0,2,2.0,0.0,-0.0,5,15.0,0,0,0,0.0,0,15.86,15.86,,,74.0,225.0,32.96578947368421,11.0,California,2005.0,2005.0,GB,24.0,7.0,
2016,6,00-0023459,A.Rodgers,QB,GB,DAL,31,42,294.0,1,1.0,1.0,-0.0,3,7.0,0,0,0,0.0,0,12.46,12.46,,,74.0,225.0,32.96578947368421,11.0,California,2005.0,2005.0,GB,24.0,-14.0,
2016,7,00-0023459,A.Rodgers,QB,GB,CHI,39,56,326.0,3,0.0,2.0,23.0,2,7.0,0,0,0,0.0,0,23.74,23.74,,,74.0,225.0,32.96578947368421,11.0,California,2005.0,2005.0,GB,24.0,16.0,
2016,8,00-0023459,A.Rodgers,QB,GB,ATL,28,38,246.0,4,0.0,3.0,23.0,6,60.0,0,0,0,0.0,0,33.84,33.84,,,74.0,225.0,32.96578947368421,11.0,California,2005.0,2005.0,GB,24.0,,
2016,9,00-0023459,A.Rodgers,QB,GB,IND,26,43,297.0,3,1.0,3.0,8.0,6,43.0,0,0,0,0.0,0,26.18,26.18,,,74.0,225.0,32.96578947368421,11.0,California,2005.0,2005.0,GB,24.0,-5.0,
2016,10,00-0023459,A.Rodgers,QB,GB,TEN,31,51,371.0,2,2.0,5.0,46.0,3,27.0,1,0,0,0.0,0,27.54,27.54,,,74.0,225.0,32.96578947368421,11.0,California,2005.0,2005.0,GB,24.0,,
2016,11,00-0023459,A.Rodgers,QB,GB,WAS,26,41,351.0,3,0.0,2.0,20.0,3,33.0,0,0,0,0.0,0,29.34,29.34,,,74.0,225.0,32.96578947368421,11.0,California,2005.0,2005.0,GB,24.0,,
2016,12,00-0023459,A.Rodgers,QB,GB,PHI,30,39,313.0,2,0.0,0.0,-0.0,6,26.0,0,0,0,0.0,0,23.12,23.12,,,74.0,225.0,32.96578947368421,11.0,California,2005.0,2005.0,GB,24.0,,
2016,13,00-0023459,A.Rodgers,QB,GB,HOU,20,30,209.0,2,0.0,1.0,9.0,3,16.0,0,0,0,0.0,0,15.96,15.96,,,74.0,225.0,32.96578947368421,11.0,California,2005.0,2005.0,GB,24.0,8.0,
2016,14,00-0023459,A.Rodgers,QB,GB,SEA,18,23,246.0,3,0.0,1.0,9.0,3,-6.0,0,0,0,0.0,0,21.24,21.24,,,74.0,225.0,32.96578947368421,11.0,California,2005.0,2005.0,GB,24.0,28.0,
2016,15,00-0023459,A.Rodgers,QB,GB,CHI,19,31,252.0,0,0.0,4.0,27.0,3,19.0,0,0,0,0.0,0,11.98,11.98,,,74.0,225.0,32.96578947368421,11.0,California,2005.0,2005.0,GB,24.0,,
2016,16,00-0023459,A.Rodgers,QB,GB,MIN,28,38,347.0,4,0.0,4.0,39.0,2,13.0,1,0,0,0.0,0,37.18,37.18,,,74.0,225.0,32.96578947368421,11.0,California,2005.0,2005.0,GB,24.0,13.0,
2016,17,00-0023459,A.Rodgers,QB,GB,DET,27,39,300.0,4,0.0,1.0,5.0,10,42.0,0,0,0,0.0,0,34.2,34.2,,,74.0,225.0,32.96578947368421,11.0,California,2005.0,2005.0,GB,24.0,,
2016,18,00-0023459,A.Rodgers,QB,GB,NYG,25,40,362.0,4,0.0,5.0,31.0,2,0.0,0,0,0,0.0,0,30.48,30.48,,,74.0,225.0,32.96578947368421,11.0,California,2005.0,2005.0,GB,24.0,25.0,
2016,19,00-0023459,A.Rodgers,QB,GB,DAL,28,43,355.0,2,1.0,3.0,29.0,2,16.0,0,0,0,0.0,0,21.8,21.8,,,74.0,225.0,32.96578947368421,11.0,California,2005.0,2005.0,GB,24.0,,
2016,20,00-0023459,A.Rodgers,QB,GB,ATL,27,45,287.0,3,1.0,2.0,19.0,4,46.0,0,0,0,0.0,0,26.08,26.08,,,74.0,225.0,32.96578947368421,11.0,California,2005.0,2005.0,GB,24.0,,
2016,1,00-0023496,,WR,TB,ATL,0,0,0.0,0,0.0,0.0,0.0,0,0.0,0,7,2,18.0,0,1.8,3.8,,,77.0,230.0,33.8155,11.0,Northern Colorado,2005.0,2005.0,SD,61.0,,0.21875
2016,2,00-0023496,,WR,TB,ARI,0,0,0.0,0,0.0,0.0,0.0,0,0.0,0,9,4,44.0,0,4.4,8.4,,,77.0,230.0,33.8155,11.0,Northern Colorado,2005.0,2005.0,SD,61.0,,0.1764706
2016,3,00-0023496,,WR,TB,LA,0,0,0.0,0,0.0,0.0,0.0,0,0.0,0,6,3,37.0,0,3.7,6.7,,,77.0,230.0,33.8155,11.0,Northern Colorado,2005.0,2005.0,SD,61.0,-5.0,0.10526316
2016,4,00-0023496,,WR,TB,DEN,0,0,0.0,0,0.0,0.0,0.0,0,0.0,0,5,3,38.0,0,3.8,6.8,,,77.0,230.0,33.8155,11.0,Northern Colorado,2005.0,2005.0,SD,61.0,-20.0,0.14285715
2016,5,00-0023496,,WR,TB,CAR,0,0,0.0,0,0.0,0.0,0.0,0,0.0,0,5,3,36.0,0,3.6,6.6,,,77.0,230.0,33.8155,11.0,Northern Colorado,2005.0,2005.0,SD,61.0,,0.16666667
2016,1,00-0023500,F.Gore,RB,IND,DET,0,0,0.0,0,0.0,0.0,0.0,14,59.0,0,6,4,19.0,0,7.8,11.8,,,69.0,217.0,33.4821875,11.0,Miami,2005.0,2005.0,SF,65.0,-4.0,0.13333334
2016,2,00-0023500,F.Gore,RB,IND,DEN,0,0,0.0,0,0.0,0.0,0.0,13,44.0,0,3,3,19.0,1,12.3,15.3,,,69.0,217.0,33.4821875,11.0,Miami,2005.0,2005.0,SF,65.0,,0.07692308
2016,3,00-0023500,F.Gore,RB,IND,LAC,0,0,0.0,0,0.0,0.0,0.0,21,82.0,1,3,1,1.0,0,14.3,15.3,,,69.0,217.0,33.4821875,11.0,Miami,2005.0,2005.0,SF,65.0,4.0,0.08571429
2016,4,00-0023500,F.Gore,RB,IND,JAX,0,0,0.0,0,0.0,0.0,0.0,16,68.0,1,6,5,27.0,0,15.5,20.5,,,69.0,217.0,33.4821875,11.0,Miami,2005.0,2005.0,SF,65.0,,0.15
2016,5,00-0023500,F.Gore,RB,IND,CHI,0,0,0.0,0,0.0,0.0,0.0,14,75.0,0,2,1,4.0,0,7.9,8.9,,,69.0,217.0,33.4821875,11.0,Miami,2005.0,2005.0,SF,65.0,6.0,0.054054055
2016,6,00-0023500,F.Gore,RB,IND,HOU,0,0,0.0,0,0.0,0.0,0.0,22,106.0,0,1,1,2.0,0,10.8,11.8,,,69.0,217.0,33.4821875,11.0,Miami,2005.0,2005.0,SF,65.0,,0.03125
2016,7,00-0023500,F.Gore,RB,IND,TEN,0,0,0.0,0,0.0,0.0,0.0,17,61.0,0,5,5,22.0,1,14.3,19.3,,,69.0,217.0,33.4821875,11.0,Miami,2005.0,2005.0,SF,65.0,,0.12820514
2016,8,00-0023500,F.Gore,RB,IND,KC,0,0,0.0,0,0.0,0.0,0.0,9,37.0,0,3,2,25.0,1,12.2,14.2,,,69.0,217.0,33.4821875,11.0,Miami,2005.0,2005.0,SF,65.0,-16.0,0.08571429
2016,9,00-0023500,F.Gore,RB,IND,GB,0,0,0.0,0,0.0,0.0,0.0,19,60.0,2,2,2,11.0,0,19.1,21.1,,,69.0,217.0,33.4821875,11.0,Miami,2005.0,2005.0,SF,65.0,,0.055555556
2016,11,00-0023500,F.Gore,RB,IND,TEN,0,0,0.0,0,0.0,0.0,0.0,18,50.0,0,4,4,71.0,0,12.1,16.1,,,69.0,217.0,33.4821875,11.0,Miami,2005.0,2005.0,SF,65.0,7.0,0.14285715
2016,12,00-0023500,F.Gore,RB,IND,PIT,0,0,0.0,0,0.0,0.0,0.0,15,28.0,0,1,1,3.0,0,3.1,4.1,,,69.0,217.0,33.4821875,11.0,Miami,2005.0,2005.0,SF,65.0,-21.0,0.027027028
2016,13,00-0023500,F.Gore,RB,IND,NYJ,0,0,0.0,0,0.0,0.0,0.0,20,79.0,0,1,0,0.0,0,7.9,7.9,,,69.0,217.0,33.4821875,11.0,Miami,2005.0,2005.0,SF,65.0,,0.03448276
2016,14,00-0023500,F.Gore,RB,IND,HOU,0,0,0.0,0,0.0,0.0,0.0,10,41.0,0,2,2,33.0,1,13.4,15.4,,,69.0,217.0,33.4821875,11.0,Miami,2005.0,2005.0,SF,65.0,-5.0,0.045454547
2016,15,00-0023500,F.Gore,RB,IND,MIN,0,0,0.0,0,0.0,0.0,0.0,26,101.0,0,4,4,14.0,0,11.5,15.5,,,69.0,217.0,33.4821875,11.0,Miami,2005.0,2005.0,SF,65.0,,0.14285715
2016,16,00-0023500,F.Gore,RB,IND,LV,0,0,0.0,0,0.0,0.0,0.0,13,72.0,0,2,1,12.0,0,6.4,7.4,,,69.0,217.0,33.4821875,11.0,Miami,2005.0,2005.0,SF,65.0,,0.06896552
2016,17,00-0023500,F.Gore,RB,IND,JAX,0,0,0.0,0,0.0,0.0,0.0,16,62.0,0,2,2,14.0,0,7.6,9.6,,,69.0,217.0,33.4821875,11.0,Miami,2005.0,2005.0,SF,65.0,4.0,0.05263158
2016,1,00-0023564,D.Sproles,RB,PHI,CLE,0,0,0.0,0,0.0,0.0,0.0,5,12.0,0,5,2,24.0,0,3.6,5.6,,,66.0,190.0,33.3884375,11.0,Kansas State,2005.0,2005.0,SD,130.0,19.0,0.13513513
2016,2,00-0023564,D.Sproles,RB,PHI,CHI,0,0,0.0,0,0.0,0.0,0.0,12,40.0,0,2,2,8.0,0,4.8,6.8,,,66.0,190.0,33.3884375,11.0,Kansas State,2005.0,2005.0,SD,130.0,,0.060606062
2016,3,00-0023564,D.Sproles,RB,PHI,PIT,0,0,0.0,0,0.0,0.0,0.0,2,-1.0,0,6,6,128.0,1,18.7,24.7,,,66.0,190.0,33.3884375,11.0,Kansas State,2005.0,2005.0,SD,130.0,31.0,0.19354838
2016,5,00-0023564,D.Sproles,RB,PHI,DET,0,0,0.0,0,0.0,0.0,0.0,5,45.0,0,4,4,23.0,0,6.8,10.8,,,66.0,190.0,33.3884375,11.0,Kansas State,2005.0,2005.0,SD,130.0,,0.125
2016,6,00-0023564,D.Sproles,RB,PHI,WAS,0,0,0.0,0,0.0,0.0,0.0,4,20.0,0,1,1,4.0,0,2.4,3.4,,,66.0,190.0,33.3884375,11.0,Kansas State,2005.0,2005.0,SD,130.0,,0.045454547
2016,7,00-0023564,D.Sproles,RB,PHI,MIN,0,0,0.0,0,0.0,0.0,0.0,3,26.0,0,3,2,23.0,0,4.9,6.9,,,66.0,190.0,33.3884375,11.0,Kansas State,2005.0,2005.0,SD,130.0,11.0,0.10714286
2016,8,00-0023564,D.Sproles,RB,PHI,DAL,0,0,0.0,0,0.0,0.0,0.0,15,86.0,0,7,5,17.0,0,10.3,15.3,,,66.0,190.0,33.3884375,11.0,Kansas State,2005.0,2005.0,SD,130.0,,0.1590909
2016,9,00-0023564,D.Sproles,RB,PHI,NYG,0,0,0.0,0,0.0,0.0,0.0,13,57.0,0,9,3,14.0,0,7.1,10.1,,,66.0,190.0,33.3884375,11.0,Kansas State,2005.0,2005.0,SD,130.0,,0.19148937
2016,10,00-0023564,D.Sproles,RB,PHI,ATL,0,0,0.0,0,0.0,0.0,0.0,2,19.0,0,10,8,57.0,0,7.6,15.6,,,66.0,190.0,33.3884375,11.0,Kansas State,2005.0,2005.0,SD,130.0,9.0,0.2777778
2016,11,00-0023564,D.Sproles,RB,PHI,SEA,0,0,0.0,0,0.0,0.0,0.0,2,15.0,0,1,1,6.0,0,2.1,3.1,,,66.0,190.0,33.3884375,11.0,Kansas State,2005.0,2005.0,SD,130.0,,0.022727273
2016,12,00-0023564,D.Sproles,RB,PHI,GB,0,0,0.0,0,0.0,0.0,0.0,3,6.0,0,7,5,48.0,0,5.4,10.4,,,66.0,190.0,33.3884375,11.0,Kansas State,2005.0,2005.0,SD,130.0,-14.0,0.19444445
2016,13,00-0023564,D.Sproles,RB,PHI,CIN,0,0,0.0,0,0.0,0.0,0.0,7,14.0,1,6,6,35.0,0,10.9,16.9,,,66.0,190.0,33.3884375,11.0,Kansas State,2005.0,2005.0,SD,130.0,,0.1
2016,14,00-0023564,D.Sproles,RB,PHI,WAS,0,0,0.0,0,0.0,0.0,0.0,5,27.0,0,3,2,13.0,1,10.0,12.0,,,66.0,190.0,33.3884375,11.0,Kansas State,2005.0,2005.0,SD,130.0,-5.0,0.06521739
2016,16,00-0023564,D.Sproles,RB,PHI,NYG,0,0,0.0,0,0.0,0.0,0.0,7,40.0,1,2,2,23.0,0,12.3,14.3,,,66.0,190.0,33.3884375,11.0,Kansas State,2005.0,2005.0,SD,130.0,5.0,0.08695652
2016,17,00-0023564,D.Sproles,RB,PHI,DAL,0,0,0.0,0,0.0,0.0,0.0,9,32.0,0,5,3,4.0,0,3.6,6.6,,,66.0,190.0,33.3884375,11.0,Kansas State,2005.0,2005.0,SD,130.0,14.0,0.11627907
2016,3,00-0023645,D.Anderson,QB,CAR,MIN,1,1,3.0,0,0.0,0.0,-0.0,0,0.0,0,0,0,0.0,0,0.12,0.12,,,78.0,235.0,33.39775,11.0,Oregon State,2005.0,2005.0,BAL,213.0,-12.0,
2016,4,00-0023645,D.Anderson,QB,CAR,ATL,17,23,172.0,2,2.0,0.0,-0.0,0,0.0,0,0,0,0.0,0,12.88,12.88,,,78.0,235.0,33.39775,11.0,Oregon State,2005.0,2005.0,BAL,213.0,,
2016,5,00-0023645,D.Anderson,QB,CAR,TB,18,28,278.0,0,2.0,0.0,-0.0,1,4.0,0,0,0,0.0,0,5.52,5.52,,,78.0,235.0,33.39775,11.0,Oregon State,2005.0,2005.0,BAL,213.0,-3.0,
2016,13,00-0023645,D.Anderson,QB,CAR,SEA,0,1,0.0,0,1.0,0.0,-0.0,0,0.0,0,0,0,0.0,0,-2.0,-2.0,,,78.0,235.0,33.39775,11.0,Oregon State,2005.0,2005.0,BAL,213.0,,
2016,2,00-0023662,M.Cassel,QB,TEN,DET,0,0,0.0,0,0.0,0.0,0.0,1,-1.0,0,0,0,0.0,0,-0.1,-0.1,,,76.0,228.0,34.4695625,11.0,USC,2005.0,2005.0,NE,230.0,,
2016,8,00-0023662,M.Cassel,QB,TEN,JAX,1,1,10.0,0,0.0,0.0,-0.0,1,2.0,0,0,0,0.0,0,0.6,0.6,,,76.0,228.0,34.4695625,11.0,USC,2005.0,2005.0,NE,230.0,14.0,
2016,16,00-0023662,M.Cassel,QB,TEN,JAX,13,24,124.0,1,1.0,1.0,6.0,0,0.0,0,0,0,0.0,0,6.96,6.96,,,76.0,228.0,34.4695625,11.0,USC,2005.0,2005.0,NE,230.0,,
2016,17,00-0023662,M.Cassel,QB,TEN,HOU,16,26,150.0,1,1.0,4.0,17.0,2,2.0,0,0,0,0.0,0,8.2,8.2,,,76.0,228.0,34.4695625,11.0,USC,2005.0,2005.0,NE,230.0,7.0,
2016,1,00-0023682,R.Fitzpatrick,QB,NYJ,CIN,19,35,189.0,2,1.0,1.0,1.0,4,15.0,0,0,0,0.0,0,15.06,15.06,,,74.0,223.0,33.949125,11.0,Harvard,2005.0,2005.0,STL,250.0,-1.0,
2016,2,00-0023682,R.Fitzpatrick,QB,NYJ,BUF,24,34,374.0,1,0.0,1.0,4.0,5,21.0,0,0,0,0.0,0,21.06,21.06,,,74.0,223.0,33.949125,11.0,Harvard,2005.0,2005.0,STL,250.0,,
2016,3,00-0023682,R.Fitzpatrick,QB,NYJ,KC,20,44,188.0,0,6.0,0.0,-0.0,3,22.0,0,0,0,0.0,0,-2.28,-2.28,,,74.0,223.0,33.949125,11.0,Harvard,2005.0,2005.0,STL,250.0,,
2016,4,00-0023682,R.Fitzpatrick,QB,NYJ,SEA,23,41,261.0,1,3.0,4.0,14.0,2,5.0,0,0,0,0.0,0,8.94,8.94,,,74.0,223.0,33.949125,11.0,Harvard,2005.0,2005.0,STL,250.0,-10.0,
2016,5,00-0023682,R.Fitzpatrick,QB,NYJ,PIT,25,38,255.0,1,0.0,3.0,11.0,1,9.0,0,0,0,0.0,0,15.1,15.1,,,74.0,223.0,33.949125,11.0,Harvard,2005.0,2005.0,STL,250.0,,
2016,6,00-0023682,R.Fitzpatrick,QB,NYJ,ARI,16,31,174.0,0,1.0,0.0,-0.0,1,2.0,0,0,0,0.0,0,5.16,5.16,,,74.0,223.0,33.949125,11.0,Harvard,2005.0,2005.0,STL,250.0,,
2016,7,00-0023682,R.Fitzpatrick,QB,NYJ,BAL,9,14,120.0,1,0.0,3.0,15.0,1,-1.0,0,0,0,0.0,0,8.7,8.7,,,74.0,223.0,33.949125,11.0,Harvard,2005.0,2005.0,STL,250.0,8.0,
2016,8,00-0023682,R.Fitzpatrick,QB,NYJ,CLE,16,34,228.0,1,0.0,2.0,6.0,4,13.0,0,0,0,0.0,0,14.42,14.42,,,74.0,223.0,33.949125,11.0,Harvard,2005.0,2005.0,STL,250.0,,
2016,9,00-0023682,R.Fitzpatrick,QB,NYJ,MIA,16,27,194.0,1,2.0,3.0,22.0,3,26.0,0,0,0,0.0,0,10.36,10.36,,,74.0,223.0,33.949125,11.0,Harvard,2005.0,2005.0,STL,250.0,,
2016,12,00-0023682,R.Fitzpatrick,QB,NYJ,NE,22,32,269.0,2,0.0,1.0,-0.0,2,1.0,0,0,0,0.0,0,16.86,16.86,,,74.0,223.0,33.949125,11.0,Harvard,2005.0,2005.0,STL,250.0,-5.0,
2016,13,00-0023682,R.Fitzpatrick,QB,NYJ,IND,5,12,81.0,0,1.0,0.0,-0.0,2,3.0,0,0,0,0.0,0,1.54,1.54,,,74.0,223.0,33.949125,11.0,Harvard,2005.0,2005.0,STL,250.0,-31.0,
2016,15,00-0023682,R.Fitzpatrick,QB,NYJ,MIA,5,10,31.0,0,1.0,0.0,-0.0,2,11.0,0,0,0,0.0,0,0.34,0.34,,,74.0,223.0,33.949125,11.0,Harvard,2005.0,2005.0,STL,250.0,-21.0,
2016,16,00-0023682,R.Fitzpatrick,QB,NYJ,NE,8,21,136.0,0,2.0,0.0,-0.0,1,3.0,0,0,0,0.0,0,1.74,1.74,,,74.0,223.0,33.949125,11.0,Harvard,2005.0,2005.0,STL,250.0,,
2016,17,00-0023682,R.Fitzpatrick,QB,NYJ,BUF,20,30,210.0,2,0.0,1.0,8.0,2,0.0,0,0,0,0.0,0,16.4,16.4,,,74.0,223.0,33.949125,11.0,Harvard,2005.0,2005.0,STL,250.0,20.0,
2016,8,00-0023742,J.Ryan,P,SEA,NO,0,1,0.0,0,0.0,0.0,-0.0,0,0.0,0,0,0,0.0,0,0.0,0.0,,,72.0,217.0,34.969722222222224,10.0,Regina (Canada),2006.0,2006.0,,,,
2016,15,00-0023742,J.Ryan,P,SEA,LA,0,0,0.0,0,0.0,0.0,0.0,1,26.0,0,0,0,0.0,0,2.6,2.6,,,72.0,217.0,34.969722222222224,10.0,Regina (Canada),2006.0,2006.0,,,21.0,
2016,17,00-0023742,J.Ryan,P,SEA,SF,0,0,0.0,0,0.0,0.0,0.0,1,0.0,0,0,0,0.0,0,0.0,0.0,,,72.0,217.0,34.969722222222224,10.0,Regina (Canada),2006.0,2006.0,,,,
2016,8,00-0023894,D.Penn,T,LV,TB,0,0,0.0,0,0.0,0.0,0.0,0,0.0,0,1,1,1.0,1,6.1,7.1,,,76.0,315.0,33.53876470588235,10.0,Utah State,2006.0,2006.0,,,,0.01724138
2016,1,00-0024217,,RB,BUF,BAL,0,0,0.0,0,0.0,0.0,0.0,3,-4.0,0,1,0,0.0,0,-0.4,-0.4,,,72.0,205.0,31.6806875,10.0,USC,2006.0,2006.0,NO,2.0,,0.045454547
2016,5,00-0024217,,RB,BUF,LA,0,0,0.0,0,0.0,0.0,0.0,1,3.0,0,0,0,0.0,0,0.3,0.3,,,72.0,205.0,31.6806875,10.0,USC,2006.0,2006.0,NO,2.0,,
2016,6,00-0024217,,RB,BUF,SF,0,0,0.0,0,0.0,0.0,0.0,2,6.0,0,0,0,0.0,0,0.6,0.6,,,72.0,205.0,31.6806875,10.0,USC,2006.0,2006.0,NO,2.0,29.0,
2016,7,00-0024217,,RB,BUF,MIA,0,0,0.0,0,0.0,0.0,0.0,1,1.0,1,2,1,13.0,0,9.4,10.4,,,72.0,205.0,31.6806875,10.0,USC,2006.0,2006.0,NO,2.0,,0.08
2016,8,00-0024217,,RB,BUF,NE,0,0,0.0,0,0.0,0.0,0.0,2,-8.0,0,3,2,34.0,0,2.6,4.6,,,72.0,205.0,31.6806875,10.0,USC,2006.0,2006.0,NO,2.0,-16.0,0.07692308
2016,9,00-0024217,,RB,BUF,SEA,0,0,0.0,0,0.0,0.0,0.0,0,0.0,0,2,2,22.0,0,2.2,4.2,,,72.0,205.0,31.6806875,10.0,USC,2006.0,2006.0,NO,2.0,,0.05882353
2016,11,00-0024217,,RB,BUF,CIN,0,0,0.0,0,0.0,0.0,0.0,0,0.0,0,2,2,21.0,0,2.1,4.1,,,72.0,205.0,31.6806875,10.0,USC,2006.0,2006.0,NO,2.0,,0.074074075
2016,13,00-0024217,,RB,BUF,LV,0,0,0.0,0,0.0,0.0,0.0,1,3.0,0,0,0,0.0,0,0.3,0.3,,,72.0,205.0,31.6806875,10.0,USC,2006.0,2006.0,NO,2.0,,
2016,14,00-0024217,,RB,BUF,PIT,0,0,0.0,0,0.0,0.0,0.0,1,4.0,0,0,0,0.0,0,0.4,0.4,,,72.0,205.0,31.6806875,10.0,USC,2006.0,2006.0,NO,2.0,-7.0,
2016,16,00-0024217,,RB,BUF,MIA,0,0,0.0,0,0.0,0.0,0.0,1,-8.0,0,0,0,0.0,0,-0.8,-0.8,,,72.0,205.0,31.6806875,10.0,USC,2006.0,2006.0,NO,2.0,-3.0,
2016,1,00-0024221,V.Davis,TE,WAS,PIT,0,0,0.0,0,0.0,0.0,0.0,0,0.0,0,1,1,20.0,0,2.0,3.0,,,75.0,250.0,32.7661875,10.0,Maryland,2006.0,2006.0,SF,6.0,-22.0,0.023255814
2016,2,00-0024221,V.Davis,TE,WAS,DAL,0,0,0.0,0,0.0,0.0,0.0,0,0.0,0,5,5,51.0,0,5.1,10.1,,,75.0,250.0,32.7661875,10.0,Maryland,2006.0,2006.0,SF,6.0,-4.0,0.11363637
2016,4,00-0024221,V.Davis,TE,WAS,CLE,0,0,0.0,0,0.0,0.0,0.0,0,0.0,0,1,1,8.0,0,0.8,1.8,,,75.0,250.0,32.7661875,10.0,Maryland,2006.0,2006.0,SF,6.0,11.0,0.037037037
2016,5,00-0024221,V.Davis,TE,WAS,BAL,0,0,0.0,0,0.0,0.0,0.0,0,0.0,0,4,3,15.0,0,1.5,4.5,,,75.0,250.0,32.7661875,10.0,Maryland,2006.0,2006.0,SF,6.0,,0.102564104
2016,6,00-0024221,V.Davis,TE,WAS,PHI,0,0,0.0,0,0.0,0.0,0.0,0,0.0,0,4,2,50.0,1,11.0,13.0,,,75.0,250.0,32.7661875,10.0,Maryland,2006.0,2006.0,SF,6.0,7.0,0.125
2016,7,00-0024221,V.Davis,TE,WAS,DET,0,0,0.0,0,0.0,0.0,0.0,0,0.0,0,6,6,79.0,0,7.9,13.9,,,75.0,250.0,32.7661875,10.0,Maryland,2006.0,2006.0,SF,6.0,,0.15384616
2016,8,00-0024221,V.Davis,TE,WAS,CIN,0,0,0.0,0,0.0,0.0,0.0,0,0.0,0,5,5,93.0,0,9.3,14.3,,,75.0,250.0,32.7661875,10.0,Maryland,2006.0,2006.0,SF,6.0,,0.08928572
2016,10,00-0024221,V.Davis,TE,WAS,MIN,0,0,0.0,0,0.0,0.0,0.0,0,0.0,0,3,3,66.0,1,12.6,15.6,,,75.0,250.0,32.7661875,10.0,Maryland,2006.0,2006.0,SF,6.0,6.0,0.09090909
2016,11,00-0024221,V.Davis,TE,WAS,GB,0,0,0.0,0,0.0,0.0,0.0,0,0.0,0,1,0,0.0,0,0.0,0.0,,,75.0,250.0,32.7661875,10.0,Maryland,2006.0,2006.0,SF,6.0,18.0,0.033333335
2016,12,00-0024221,V.Davis,TE,WAS,DAL,0,0,0.0,0,0.0,0.0,0.0,0,0.0,0,7,5,68.0,0,6.8,11.8,,,75.0,250.0,32.7661875,10.0,Maryland,2006.0,2006.0,SF,6.0,,0.13207547
2016,13,00-0024221,V.Davis,TE,WAS,ARI,0,0,0.0,0,0.0,0.0,0.0,0,0.0,0,6,5,47.0,0,4.7,9.7,,,75.0,250.0,32.7661875,10.0,Maryland,2006.0,2006.0,SF,6.0,,0.1764706
2016,14,00-0024221,V.Davis,TE,WAS,PHI,0,0,0.0,0,0.0,0.0,0.0,0,0.0,0,2,1,1.0,0,0.1,1.1,,,75.0,250.0,32.7661875,10.0,Maryland,2006.0,2006.0,SF,6.0,,0.0952381
2016,15,00-0024221,V.Davis,TE,WAS,CAR,0,0,0.0,0,0.0,0.0,0.0,0,0.0,0,9,4,23.0,0,2.3,6.3,,,75.0,250.0,32.7661875,10.0,Maryland,2006.0,2006.0,SF,6.0,-11.0,0.19148937
2016,16,00-0024221,V.Davis,TE,WAS,CHI,0,0,0.0,0,0.0,0.0,0.0,0,0.0,0,2,1,13.0,0,1.3,2.3,,,75.0,250.0,32.7661875,10.0,Maryland,2006.0,2006.0,SF,6.0,,0.07692308
2016,17,00-0024221,V.Davis,TE,WAS,NYG,0,0,0.0,0,0.0,0.0,0.0,0,0.0,0,3,2,49.0,0,4.9,6.9,,,75.0,250.0,32.7661875,10.0,Maryland,2006.0,2006.0,SF,6.0,-9.0,0.0882353
2016,1,00-0024226,J.Cutler,QB,CHI,HOU,16,29,216.0,1,1.0,5.0,31.0,2,12.0,0,0,0,0.0,0,11.84,11.84,,,75.0,231.0,33.5245625,10.0,Vanderbilt,2006.0,2006.0,DEN,11.0,,
2016,2,00-0024226,J.Cutler,QB,CHI,PHI,12,17,157.0,0,1.0,3.0,15.0,0,0.0,0,0,0,0.0,0,2.28,2.28,,,75.0,231.0,33.5245625,10.0,Vanderbilt,2006.0,2006.0,DEN,11.0,-15.0,
2016,8,00-0024226,J.Cutler,QB,CHI,MIN,20,31,252.0,1,0.0,1.0,7.0,1,2.0,0,0,0,0.0,0,14.28,14.28,,,75.0,231.0,33.5245625,10.0,Vanderbilt,2006.0,2006.0,DEN,11.0,10.0,
2016,10,00-0024226,J.Cutler,QB,CHI,TB,16,30,182.0,1,2.0,4.0,21.0,1,7.0,0,0,0,0.0,0,5.98,5.98,,,75.0,231.0,33.5245625,10.0,Vanderbilt,2006.0,2006.0,DEN,11.0,,
2016,11,00-0024226,J.Cutler,QB,CHI,NYG,17,30,252.0,1,1.0,4.0,30.0,1,3.0,0,0,0,0.0,0,12.38,12.38,,,75.0,231.0,33.5245625,10.0,Vanderbilt,2006.0,2006.0,DEN,11.0,,
2016,1,00-0024242,,RB,PIT,WAS,0,0,0.0,0,0.0,0.0,0.0,26,143.0,2,9,6,28.0,0,29.1,35.1,,,69.0,215.0,33.5668947368421,10.0,Memphis,2006.0,2006.0,CAR,27.0,,0.24324325
2016,2,00-0024242,,RB,PIT,CIN,0,0,0.0,0,0.0,0.0,0.0,32,94.0,0,5,4,38.0,1,19.2,23.2,,,69.0,215.0,33.5668947368421,10.0,Memphis,2006.0,2006.0,CAR,27.0,8.0,0.13513513
2016,3,00-0024242,,RB,PIT,PHI,0,0,0.0,0,0.0,0.0,0.0,8,21.0,0,7,4,23.0,0,4.4,8.4,,,69.0,215.0,33.5668947368421,10.0,Memphis,2006.0,2006.0,CAR,27.0,,0.1590909
2016,4,00-0024242,,RB,PIT,KC,0,0,0.0,0,0.0,0.0,0.0,4,7.0,1,1,1,2.0,0,6.9,7.9,,,69.0,215.0,33.5668947368421,10.0,Memphis,2006.0,2006.0,CAR,27.0,29.0,0.037037037
2016,5,00-0024242,,RB,PIT,NYJ,0,0,0.0,0,0.0,0.0,0.0,1,0.0,0,1,0,0.0,0,0.0,0.0,,,69.0,215.0,33.5668947368421,10.0,Memphis,2006.0,2006.0,CAR,27.0,18.0,0.021276595
2016,6,00-0024242,,RB,PIT,MIA,0,0,0.0,0,0.0,0.0,0.0,3,10.0,0,0,0,0.0,0,1.0,1.0,,,69.0,215.0,33.5668947368421,10.0,Memphis,2006.0,2006.0,CAR,27.0,,
2016,9,00-0024242,,RB,PIT,BAL,0,0,0.0,0,0.0,0.0,0.0,1,1.0,0,0,0,0.0,0,0.1,0.1,,,69.0,215.0,33.5668947368421,10.0,Memphis,2006.0,2006.0,CAR,27.0,,
2016,17,00-0024242,,RB,PIT,CLE,0,0,0.0,0,0.0,0.0,0.0,23,67.0,1,4,3,27.0,1,21.4,24.4,,,69.0,215.0,33.5668947368421,10.0,Memphis,2006.0,2006.0,CAR,27.0,3.0,0.10810811
2016,18,00-0024242,,RB,PIT,MIA,0,0,0.0,0,0.0,0.0,0.0,2,2.0,0,0,0,0.0,0,0.2,0.2,,,69.0,215.0,33.5668947368421,10.0,Memphis,2006.0,2006.0,CAR,27.0,18.0,
2016,20,00-0024242,,RB,PIT,NE,0,0,0.0,0,0.0,0.0,0.0,14,34.0,1,7,7,51.0,0,16.5,23.5,,,69.0,215.0,33.5668947368421,10.0,Memphis,2006.0,2006.0,CAR,27.0,,0.14893617
2016,1,00-0024243,M.Lewis,TE,JAX,GB,0,0,0.0,0,0.0,0.0,0.0,0,0.0,0,2,2,48.0,0,4.8,6.8,,,78.0,272.0,32.4723125,10.0,UCLA,2006.0,2006.0,JAX,28.0,-4.0,0.051282052
2016,2,00-0024243,M.Lewis,TE,JAX,LAC,0,0,0.0,0,0.0,0.0,0.0,0,0.0,0,3,2,17.0,1,7.7,9.7,,,78.0,272.0,32.4723125,10.0,UCLA,2006.0,2006.0,JAX,28.0,,0.06122449
2016,3,00-0024243,M.Lewis,TE,JAX,BAL,0,0,0.0,0,0.0,0.0,0.0,0,0.0,0,3,3,20.0,0,2.0,5.0,,,78.0,272.0,32.4723125,10.0,UCLA,2006.0,2006.0,JAX,28.0,-2.0,0.078947365
2016,4,00-0024243,M.Lewis,TE,JAX,IND,0,0,0.0,0,0.0,0.0,0.0,0,0.0,0,2,1,12.0,0,1.2,2.2,,,78.0,272.0,32.4723125,10.0,UCLA,2006.0,2006.0,JAX,28.0,3.0,0.060606062
2016,6,00-0024243,M.Lewis,TE,JAX,CHI,0,0,0.0,0,0.0,0.0,0.0,0,0.0,0,1,0,0.0,0,0.0,0.0,,,78.0,272.0,32.4723125,10.0,UCLA,2006.0,2006.0,JAX,28.0,,0.030303031
2016,7,00-0024243,M.Lewis,TE,JAX,LV,0,0,0.0,0,0.0,0.0,0.0,0,0.0,0,3,1,11.0,0,1.1,2.1,,,78.0,272.0,32.4723125,10.0,UCLA,2006.0,2006.0,JAX,28.0,-17.0,0.069767445
2016,8,00-0024243,M.Lewis,TE,JAX,TEN,0,0,0.0,0,0.0,0.0,0.0,0,0.0,0,6,4,23.0,0,2.3,6.3,,,78.0,272.0,32.4723125,10.0,UCLA,2006.0,2006.0,JAX,28.0,,0.11111111
2016,9,00-0024243,M.Lewis,TE,JAX,KC,0,0,0.0,0,0.0,0.0,0.0,0,0.0,0,4,2,23.0,0,2.3,4.3,,,78.0,272.0,32.4723125,10.0,UCLA,2006.0,2006.0,JAX,28.0,,0.1
2016,10,00-0024243,M.Lewis,TE,JAX,HOU,0,0,0.0,0,0.0,0.0,0.0,0,0.0,0,4,3,-1.0,0,-0.1,2.9,,,78.0,272.0,32.4723125,10.0,UCLA,2006.0,2006.0,JAX,28.0,-3.0,0.08163265
2016,11,00-0024243,M.Lewis,TE,JAX,DET,0,0,0.0,0,0.0,0.0,0.0,0,0.0,0,2,2,16.0,0,1.6,3.6,,,78.0,272.0,32.4723125,10.0,UCLA,2006.0,2006.0,JAX,28.0,,0.057142857
2016,2,00-0024264,K.Clemens,QB,LAC,JAX,0,1,0.0,0,0.0,0.0,-0.0,2,-1.0,0,0,0,0.0,0,-0.1,-0.1,,,74.0,220.0,33.417875,10.0,Oregon,2006.0,2006.0,NYJ,49.0,,
2016,2,00-0024268,A.Fasano,TE,TEN,DET,0,0,0.0,0,0.0,0.0,0.0,0,0.0,0,3,1,1.0,0,0.1,1.1,,,76.0,255.0,32.542125,10.0,Notre Dame,2006.0,2006.0,DAL,53.0,,0.09090909
2016,4,00-0024268,A.Fasano,TE,TEN,HOU,0,0,0.0,0,0.0,0.0,0.0,0,0.0,0,1,0,0.0,0,0.0,0.0,,,76.0,255.0,32.542125,10.0,Notre Dame,2006.0,2006.0,DAL,53.0,,0.035714287
2016,5,00-0024268,A.Fasano,TE,TEN,MIA,0,0,0.0,0,0.0,0.0,0.0,0,0.0,0,1,1,10.0,0,1.0,2.0,,,76.0,255.0,32.542125,10.0,Notre Dame,2006.0,2006.0,DAL,53.0,,0.035714287
2016,6,00-0024268,A.Fasano,TE,TEN,CLE,0,0,0.0,0,0.0,0.0,0.0,0,0.0,0,1,1,15.0,1,7.5,8.5,,,76.0,255.0,32.542125,10.0,Notre Dame,2006.0,2006.0,DAL,53.0,2.0,0.041666668
2016,7,00-0024268,A.Fasano,TE,TEN,IND,0,0,0.0,0,0.0,0.0,0.0,0,0.0,0,2,1,10.0,0,1.0,2.0,,,76.0,255.0,32.542125,10.0,Notre Dame,2006.0,2006.0,DAL,53.0,-8.0,0.055555556
2016,9,00-0024268,A.Fasano,TE,TEN,LAC,0,0,0.0,0,0.0,0.0,0.0,0,0.0,0,1,1,9.0,0,0.9,1.9,,,76.0,255.0,32.542125,10.0,Notre Dame,2006.0,2006.0,DAL,53.0,,0.023809524
2016,10,00-0024268,A.Fasano,TE,TEN,GB,0,0,0.0,0,0.0,0.0,0.0,0,0.0,0,1,1,9.0,1,6.9,7.9,,,76.0,255.0,32.542125,10.0,Notre Dame,2006.0,2006.0,DAL,53.0,22.0,0.037037037
2016,12,00-0024268,A.Fasano,TE,TEN,CHI,0,0,0.0,0,0.0,0.0,0.0,0,0.0,0,1,0,0.0,0,0.0,0.0,,,76.0,255.0,32.542125,10.0,Notre Dame,2006.0,2006.0,DAL,53.0,,0.04347826
2016,14,00-0024268,A.Fasano,TE,TEN,DEN,0,0,0.0,0,0.0,0.0,0.0,0,0.0,0,2,1,17.0,0,1.7,2.7,,,76.0,255.0,32.542125,10.0,Notre Dame,2006.0,2006.0,DAL,53.0,3.0,0.1
2016,16,00-0024268,A.Fasano,TE,TEN,JAX,0,0,0.0,0,0.0,0.0,0.0,0,0.0,0,1,1,12.0,0,1.2,2.2,,,76.0,255.0,32.542125,10.0,Notre Dame,2006.0,2006.0,DAL,53.0,,0.023809524
2016,5,00-0024296,,QB,CLE,NE,14,24,182.0,1,1.0,2.0,14.0,2,1.0,0,0,0,0.0,0,9.38,9.38,,,77.0,226.0,34.157333333333334,10.0,,2006.0,2006.0,SD,81.0,-20.0,
2016,1,00-0024334,B.Marshall,WR,NYJ,CIN,0,0,0.0,0,0.0,0.0,0.0,0,0.0,0,8,3,32.0,0,3.2,6.2,,,76.0,230.0,32.6213125,10.0,Central Florida,2006.0,2006.0,DEN,119.0,-1.0,0.23529412
2016,2,00-0024334,B.Marshall,WR,NYJ,BUF,0,0,0.0,0,0.0,0.0,0.0,0,0.0,0,9,6,101.0,0,10.1,16.1,,,76.0,230.0,32.6213125,10.0,Central Florida,2006.0,2006.0,DEN,119.0,,0.2647059
2016,3,00-0024334,B.Marshall,WR,NYJ,KC,0,0,0.0,0,0.0,0.0,0.0,0,0.0,0,10,3,27.0,0,2.7,5.7,,,76.0,230.0,32.6213125,10.0,Central Florida,2006.0,2006.0,DEN,119.0,,0.22727273
2016,4,00-0024334,B.Marshall,WR,NYJ,SEA,0,0,0.0,0,0.0,0.0,0.0,0,0.0,0,12,4,89.0,1,14.9,18.9,,,76.0,230.0,32.6213125,10.0,Central Florida,2006.0,2006.0,DEN,119.0,-10.0,0.29268292
2016,5,00-0024334,B.Marshall,WR,NYJ,PIT,0,0,0.0,0,0.0,0.0,0.0,0,0.0,0,15,8,114.0,1,17.4,25.4,,,76.0,230.0,32.6213125,10.0,Central Florida,2006.0,2006.0,DEN,119.0,,0.39473686
2016,6,00-0024334,B.Marshall,WR,NYJ,ARI,0,0,0.0,0,0.0,0.0,0.0,0,0.0,0,6,3,70.0,0,7.0,10.0,,,76.0,230.0,32.6213125,10.0,Central Florida,2006.0,2006.0,DEN,119.0,,0.16216215
2016,7,00-0024334,B.Marshall,WR,NYJ,BAL,0,0,0.0,0,0.0,0.0,0.0,0,0.0,0,8,3,39.0,0,3.9,6.9,,,76.0,230.0,32.6213125,10.0,Central Florida,2006.0,2006.0,DEN,119.0,8.0,0.36363637
2016,8,00-0024334,B.Marshall,WR,NYJ,CLE,0,0,0.0,0,0.0,0.0,0.0,0,0.0,0,9,4,68.0,0,6.8,10.8,,,76.0,230.0,32.6213125,10.0,Central Florida,2006.0,2006.0,DEN,119.0,,0.2647059
2016,9,00-0024334,B.Marshall,WR,NYJ,MIA,0,0,0.0,0,0.0,0.0,0.0,0,0.0,0,8,5,46.0,0,4.6,9.6,,,76.0,230.0,32.6213125,10.0,Central Florida,2006.0,2006.0,DEN,119.0,,0.27586207
2016,10,00-0024334,B.Marshall,WR,NYJ,LA,0,0,0.0,0,0.0,0.0,0.0,0,0.0,0,6,4,15.0,0,1.5,5.5,,,76.0,230.0,32.6213125,10.0,Central Florida,2006.0,2006.0,DEN,119.0,-3.0,0.19354838
2016,12,00-0024334,B.Marshall,WR,NYJ,NE,0,0,0.0,0,0.0,0.0,0.0,0,0.0,0,9,6,67.0,1,12.7,18.7,,,76.0,230.0,32.6213125,10.0,Central Florida,2006.0,2006.0,DEN,119.0,-5.0,0.29032257
2016,13,00-0024334,B.Marshall,WR,NYJ,IND,0,0,0.0,0,0.0,0.0,0.0,0,0.0,0,8,4,43.0,0,4.3,8.3,,,76.0,230.0,32.6213125,10.0,Central Florida,2006.0,2006.0,DEN,119.0,-31.0,0.21621622
2016,14,00-0024334,B.Marshall,WR,NYJ,SF,0,0,0.0,0,0.0,0.0,0.0,0,0.0,0,5,3,33.0,0,3.3,6.3,,,76.0,230.0,32.6213125,10.0,Central Florida,2006.0,2006.0,DEN,119.0,,0.14285715
2016,15,00-0024334,B.Marshall,WR,NYJ,MIA,0,0,0.0,0,0.0,0.0,0.0,0,0.0,0,11,1,16.0,0,1.6,2.6,,,76.0,230.0,32.6213125,10.0,Central Florida,2006.0,2006.0,DEN,119.0,-21.0,0.24444444
2016,16,00-0024334,B.Marshall,WR,NYJ,NE,0,0,0.0,0,0.0,0.0,0.0,0,0.0,0,4,2,28.0,0,2.8,4.8,,,76.0,230.0,32.6213125,10.0,Central Florida,2006.0,2006.0,DEN,119.0,,0.16666667
2016,1,00-0024389,De.Walker,TE,TEN,MIN,0,0,0.0,0,0.0,0.0,0.0,0,0.0,0,5,3,42.0,0,4.2,7.2,,,74.0,248.0,32.2299375,10.0,Central Missouri State,2006.0,2006.0,SF,175.0,-9.0,0.12195122
2016,2,00-0024389,De.Walker,TE,TEN,DET,0,0,0.0,0,0.0,0.0,0.0,0,0.0,0,6,6,83.0,1,14.3,20.3,,,74.0,248.0,32.2299375,10.0,Central Missouri State,2006.0,2006.0,SF,175.0,,0.18181819
2016,4,00-0024389,De.Walker,TE,TEN,HOU,0,0,0.0,0,0.0,0.0,0.0,0,0.0,0,8,2,34.0,0,3.4,5.4,,,74.0,248.0,32.2299375,10.0,Central Missouri State,2006.0,2006.0,SF,175.0,,0.2857143
2016,5,00-0024389,De.Walker,TE,TEN,MIA,0,0,0.0,0,0.0,0.0,0.0,0,0.0,0,8,5,66.0,1,12.6,17.6,,,74.0,248.0,32.2299375,10.0,Central Missouri State,2006.0,2006.0,SF,175.0,,0.2857143
2016,6,00-0024389,De.Walker,TE,TEN,CLE,0,0,0.0,0,0.0,0.0,0.0,0,0.0,0,2,1,21.0,0,2.1,3.1,,,74.0,248.0,32.2299375,10.0,Central Missouri State,2006.0,2006.0,SF,175.0,2.0,0.083333336
2016,7,00-0024389,De.Walker,TE,TEN,IND,0,0,0.0,0,0.0,0.0,0.0,0,0.0,0,8,7,84.0,1,14.4,21.4,,,74.0,248.0,32.2299375,10.0,Central Missouri State,2006.0,2006.0,SF,175.0,-8.0,0.22222222
2016,8,00-0024389,De.Walker,TE,TEN,JAX,0,0,0.0,0,0.0,0.0,0.0,1,3.0,0,5,4,75.0,0,7.8,11.8,,,74.0,248.0,32.2299375,10.0,Central Missouri State,2006.0,2006.0,SF,175.0,14.0,0.2173913
2016,9,00-0024389,De.Walker,TE,TEN,LAC,0,0,0.0,0,0.0,0.0,0.0,0,0.0,0,9,5,42.0,1,10.2,15.2,,,74.0,248.0,32.2299375,10.0,Central Missouri State,2006.0,2006.0,SF,175.0,,0.21428572
2016,10,00-0024389,De.Walker,TE,TEN,GB,0,0,0.0,0,0.0,0.0,0.0,0,0.0,0,11,9,124.0,1,18.4,27.4,,,74.0,248.0,32.2299375,10.0,Central Missouri State,2006.0,2006.0,SF,175.0,22.0,0.4074074
2016,11,00-0024389,De.Walker,TE,TEN,IND,0,0,0.0,0,0.0,0.0,0.0,0,0.0,0,6,4,36.0,0,3.6,7.6,,,74.0,248.0,32.2299375,10.0,Central Missouri State,2006.0,2006.0,SF,175.0,,0.16666667
2016,12,00-0024389,De.Walker,TE,TEN,CHI,0,0,0.0,0,0.0,0.0,0.0,0,0.0,0,4,3,50.0,1,11.0,14.0,,,74.0,248.0,32.2299375,10.0,Central Missouri State,2006.0,2006.0,SF,175.0,,0.17391305
2016,14,00-0024389,De.Walker,TE,TEN,DEN,0,0,0.0,0,0.0,0.0,0.0,1,8.0,0,7,2,30.0,0,3.8,5.8,,,74.0,248.0,32.2299375,10.0,Central Missouri State,2006.0,2006.0,SF,175.0,3.0,0.35
2016,15,00-0024389,De.Walker,TE,TEN,KC,0,0,0.0,0,0.0,0.0,0.0,0,0.0,0,7,6,55.0,0,5.5,11.5,,,74.0,248.0,32.2299375,10.0,Central Missouri State,2006.0,2006.0,SF,175.0,,0.2413793
2016,16,00-0024389,De.Walker,TE,TEN,JAX,0,0,0.0,0,0.0,0.0,0.0,0,0.0,0,8,3,23.0,1,8.3,11.3,,,74.0,248.0,32.2299375,10.0,Central Missouri State,2006.0,2006.0,SF,175.0,,0.1904762
2016,17,00-0024389,De.Walker,TE,TEN,HOU,0,0,0.0,0,0.0,0.0,0.0,0,0.0,0,8,5,35.0,0,3.5,8.5,,,74.0,248.0,32.2299375,10.0,Central Missouri State,2006.0,2006.0,SF,175.0,7.0,0.32
2016,12,00-0024417,S.Koch,P,BAL,CIN,0,0,0.0,0,0.0,0.0,0.0,1,-23.0,0,0,0,0.0,0,-2.3,-2.3,,,73.0,222.0,34.2349375,10.0,Nebraska,2006.0,2006.0,BAL,203.0,5.0,
2016,16,00-0024417,S.Koch,P,BAL,PIT,0,0,0.0,0,0.0,0.0,0.0,1,0.0,0,0,0,0.0,0,0.0,0.0,,,73.0,222.0,34.2349375,10.0,Nebraska,2006.0,2006.0,BAL,203.0,,
2016,1,00-0025394,A.Peterson,RB,MIN,TEN,0,0,0.0,0,0.0,0.0,0.0,19,31.0,0,2,0,0.0,0,3.1,3.1,,,73.0,220.0,31.633125,9.0,Oklahoma,2007.0,2007.0,MIN,7.0,,0.060606062
2016,2,00-0025394,A.Peterson,RB,MIN,GB,0,0,0.0,0,0.0,0.0,0.0,12,19.0,0,3,2,7.0,0,2.6,4.6,,,73.0,220.0,31.633125,9.0,Oklahoma,2007.0,2007.0,MIN,7.0,3.0,0.09677419
2016,15,00-0025394,A.Peterson,RB,MIN,IND,0,0,0.0,0,0.0,0.0,0.0,6,22.0,0,1,1,1.0,0,0.3,1.3,,,73.0,220.0,31.633125,9.0,Oklahoma,2007.0,2007.0,MIN,7.0,-28.0,0.023809524
2016,1,00-0025396,T.Ginn,WR,CAR,DEN,0,0,0.0,0,0.0,0.0,0.0,1,20.0,0,1,1,5.0,0,2.5,3.5,,,71.0,180.0,31.5716875,9.0,Ohio State,2007.0,2007.0,MIA,9.0,,0.032258064
2016,2,00-0025396,T.Ginn,WR,CAR,SF,0,0,0.0,0,0.0,0.0,0.0,1,5.0,0,4,2,51.0,0,5.6,7.6,,,71.0,180.0,31.5716875,9.0,Ohio State,2007.0,2007.0,MIA,9.0,19.0,0.102564104
2016,3,00-0025396,T.Ginn,WR,CAR,MIN,0,0,0.0,0,0.0,0.0,0.0,2,5.0,0,7,3,62.0,0,6.7,9.7,,,71.0,180.0,31.5716875,9.0,Ohio State,2007.0,2007.0,MIA,9.0,-12.0,0.19444445
2016,4,00-0025396,T.Ginn,WR,CAR,ATL,0,0,0.0,0,0.0,0.0,0.0,0,0.0,0,5,2,14.0,0,1.4,3.4,,,71.0,180.0,31.5716875,9.0,Ohio State,2007.0,2007.0,MIA,9.0,,0.104166664
2016,5,00-0025396,T.Ginn,WR,CAR,TB,0,0,0.0,0,0.0,0.0,0.0,0,0.0,0,1,1,5.0,0,0.5,1.5,,,71.0,180.0,31.5716875,9.0,Ohio State,2007.0,2007.0,MIA,9.0,-3.0,0.035714287
2016,6,00-0025396,T.Ginn,WR,CAR,NO,0,0,0.0,0,0.0,0.0,0.0,2,6.0,0,8,5,54.0,0,6.0,11.0,,,71.0,180.0,31.5716875,9.0,Ohio State,2007.0,2007.0,MIA,9.0,,0.17391305
2016,8,00-0025396,T.Ginn,WR,CAR,ARI,0,0,0.0,0,0.0,0.0,0.0,0,0.0,0,6,5,53.0,0,5.3,10.3,,,71.0,180.0,31.5716875,9.0,Ohio State,2007.0,2007.0,MIA,9.0,10.0,0.22222222
2016,9,00-0025396,T.Ginn,WR,CAR,LA,0,0,0.0,0,0.0,0.0,0.0,0,0.0,0,7,5,40.0,0,4.0,9.0,,,71.0,180.0,31.5716875,9.0,Ohio State,2007.0,2007.0,MIA,9.0,,0.21875
2016,10,00-0025396,T.Ginn,WR,CAR,KC,0,0,0.0,0,0.0,0.0,0.0,1,1.0,0,8,5,44.0,0,4.5,9.5,,,71.0,180.0,31.5716875,9.0,Ohio State,2007.0,2007.0,MIA,9.0,-3.0,0.21052632
2016,11,00-0025396,T.Ginn,WR,CAR,NO,0,0,0.0,0,0.0,0.0,0.0,1,13.0,0,4,3,46.0,1,11.9,14.9,,,71.0,180.0,31.5716875,9.0,Ohio State,2007.0,2007.0,MIA,9.0,3.0,0.125
2016,12,00-0025396,T.Ginn,WR,CAR,LV,0,0,0.0,0,0.0,0.0,0.0,1,13.0,0,10,4,115.0,1,18.8,22.8,,,71.0,180.0,31.5716875,9.0,Ohio State,2007.0,2007.0,MIA,9.0,,0.35714287
2016,13,00-0025396,T.Ginn,WR,CAR,SEA,0,0,0.0,0,0.0,0.0,0.0,1,6.0,0,6,5,80.0,1,14.6,19.6,,,71.0,180.0,31.5716875,9.0,Ohio State,2007.0,2007.0,MIA,9.0,,0.1875
2016,14,00-0025396,T.Ginn,WR,CAR,LAC,0,0,0.0,0,0.0,0.0,0.0,2,5.0,0,4,2,21.0,0,2.6,4.6,,,71.0,180.0,31.5716875,9.0,Ohio State,2007.0,2007.0,MIA,9.0,12.0,0.14814815
2016,15,00-0025396,T.Ginn,WR,CAR,WAS,0,0,0.0,0,0.0,0.0,0.0,0,0.0,0,8,4,64.0,1,12.4,16.4,,,71.0,180.0,31.5716875,9.0,Ohio State,2007.0,2007.0,MIA,9.0,,0.22857143
2016,16,00-0025396,T.Ginn,WR,CAR,ATL,0,0,0.0,0,0.0,0.0,0.0,0,0.0,0,9,3,29.0,0,2.9,5.9,,,71.0,180.0,31.5716875,9.0,Ohio State,2007.0,2007.0,MIA,9.0,-17.0,0.20930232
2016,17,00-0025396,T.Ginn,WR,CAR,TB,0,0,0.0,0,0.0,0.0,0.0,2,24.0,0,7,4,69.0,0,9.3,13.3,,,71.0,180.0,31.5716875,9.0,Ohio State,2007.0,2007.0,MIA,9.0,,0.22580644
2016,1,00-0025418,G.Olsen,TE,CAR,DEN,0,0,0.0,0,0.0,0.0,0.0,0,0.0,0,9,7,73.0,0,7.3,14.3,,,77.0,255.0,31.6593125,9.0,Miami,2007.0,2007.0,CHI,31.0,,0.29032257
2016,2,00-0025418,G.Olsen,TE,CAR,SF,0,0,0.0,0,0.0,0.0,0.0,0,0.0,0,8,5,122.0,1,18.2,23.2,,,77.0,255.0,31.6593125,9.0,Miami,2007.0,2007.0,CHI,31.0,19.0,0.20512821
2016,3,00-0025418,G.Olsen,TE,CAR,MIN,0,0,0.0,0,0.0,0.0,0.0,0,0.0,0,10,6,64.0,0,6.4,12.4,,,77.0,255.0,31.6593125,9.0,Miami,2007.0,2007.0,CHI,31.0,-12.0,0.2777778
2016,4,00-0025418,G.Olsen,TE,CAR,ATL,0,0,0.0,0,0.0,0.0,0.0,0,0.0,0,13,6,76.0,1,15.6,21.6,,,77.0,255.0,31.6593125,9.0,Miami,2007.0,2007.0,CHI,31.0,,0.27083334
2016,5,00-0025418,G.Olsen,TE,CAR,TB,0,0,0.0,0,0.0,0.0,0.0,0,0.0,0,13,9,181.0,0,18.1,27.1,,,77.0,255.0,31.6593125,9.0,Miami,2007.0,2007.0,CHI,31.0,-3.0,0.4642857
2016,6,00-0025418,G.Olsen,TE,CAR,NO,0,0,0.0,0,0.0,0.0,0.0,0,0.0,0,7,6,94.0,0,9.4,15.4,,,77.0,255.0,31.6593125,9.0,Miami,2007.0,2007.0,CHI,31.0,,0.1521739
2016,8,00-0025418,G.Olsen,TE,CAR,ARI,0,0,0.0,0,0.0,0.0,0.0,0,0.0,0,3,1,11.0,0,1.1,2.1,,,77.0,255.0,31.6593125,9.0,Miami,2007.0,2007.0,CHI,31.0,10.0,0.11111111
2016,9,00-0025418,G.Olsen,TE,CAR,LA,0,0,0.0,0,0.0,0.0,0.0,0,0.0,0,7,5,52.0,1,11.2,16.2,,,77.0,255.0,31.6593125,9.0,Miami,2007.0,2007.0,CHI,31.0,,0.21875
2016,10,00-0025418,G.Olsen,TE,CAR,KC,0,0,0.0,0,0.0,0.0,0.0,0,0.0,0,8,5,39.0,0,3.9,8.9,,,77.0,255.0,31.6593125,9.0,Miami,2007.0,2007.0,CHI,31.0,-3.0,0.21052632
2016,11,00-0025418,G.Olsen,TE,CAR,NO,0,0,0.0,0,0.0,0.0,0.0,0,0.0,0,7,4,33.0,0,3.3,7.3,,,77.0,255.0,31.6593125,9.0,Miami,2007.0,2007.0,CHI,31.0,3.0,0.21875
2016,12,00-0025418,G.Olsen,TE,CAR,LV,0,0,0.0,0,0.0,0.0,0.0,0,0.0,0,5,4,45.0,0,4.5,8.5,,,77.0,255.0,31.6593125,9.0,Miami,2007.0,2007.0,CHI,31.0,,0.17857143
2016,13,00-0025418,G.Olsen,TE,CAR,SEA,0,0,0.0,0,0.0,0.0,0.0,0,0.0,0,7,3,30.0,0,3.0,6.0,,,77.0,255.0,31.6593125,9.0,Miami,2007.0,2007.0,CHI,31.0,,0.21875
2016,14,00-0025418,G.Olsen,TE,CAR,LAC,0,0,0.0,0,0.0,0.0,0.0,0,0.0,0,7,4,87.0,0,8.7,12.7,,,77.0,255.0,31.6593125,9.0,Miami,2007.0,2007.0,CHI,31.0,12.0,0.25925925
2016,15,00-0025418,G.Olsen,TE,CAR,WAS,0,0,0.0,0,0.0,0.0,0.0,0,0.0,0,9,6,85.0,0,8.5,14.5,,,77.0,255.0,31.6593125,9.0,Miami,2007.0,2007.0,CHI,31.0,,0.25714287
2016,16,00-0025418,G.Olsen,TE,CAR,ATL,0,0,0.0,0,0.0,0.0,0.0,0,0.0,0,12,6,59.0,0,5.9,11.9,,,77.0,255.0,31.6593125,9.0,Miami,2007.0,2007.0,CHI,31.0,-17.0,0.27906978
2016,17,00-0025418,G.Olsen,TE,CAR,TB,0,0,0.0,0,0.0,0.0,0.0,0,0.0,0,4,3,22.0,0,2.2,5.2,,,77.0,255.0,31.6593125,9.0,Miami,2007.0,2007.0,CHI,31.0,,0.12903225
2016,2,00-0025430,D.Stanton,QB,ARI,TB,1,4,11.0,0,0.0,0.0,-0.0,0,0.0,0,0,0,0.0,0,0.44,0.44,,,75.0,243.0,32.5005,9.0,Michigan State,2007.0,2007.0,DET,43.0,33.0,
2016,4,00-0025430,D.Stanton,QB,ARI,LA,4,11,37.0,0,2.0,0.0,-0.0,0,0.0,0,0,0,0.0,0,-2.52,-2.52,,,75.0,243.0,32.5005,9.0,Michigan State,2007.0,2007.0,DET,43.0,-4.0,
2016,5,00-0025430,D.Stanton,QB,ARI,SF,11,28,124.0,2,0.0,1.0,8.0,2,-2.0,0,0,0,0.0,0,12.76,12.76,,,75.0,243.0,32.5005,9.0,Michigan State,2007.0,2007.0,DET,43.0,,
2016,6,00-0025430,D.Stanton,QB,ARI,NYJ,1,1,12.0,0,0.0,0.0,-0.0,1,-1.0,0,0,0,0.0,0,0.38,0.38,,,75.0,243.0,32.5005,9.0,Michigan State,2007.0,2007.0,DET,43.0,25.0,
2016,17,00-0025430,D.Stanton,QB,ARI,LA,2,4,8.0,0,1.0,0.0,-0.0,0,0.0,0,0,0,0.0,0,-1.68,-1.68,,,75.0,243.0,32.5005,9.0,Michigan State,2007.0,2007.0,DET,43.0,,
2016,1,00-0025549,B.Celek,TE,PHI,CLE,0,0,0.0,0,0.0,0.0,0.0,0,0.0,0,1,1,11.0,0,1.1,2.1,,,76.0,255.0,31.7868125,9.0,Cincinnati,2007.0,2007.0,PHI,162.0,19.0,0.027027028
2016,2,00-0025549,B.Celek,TE,PHI,CHI,0,0,0.0,0,0.0,0.0,0.0,0,0.0,0,1,0,0.0,0,0.0,0.0,,,76.0,255.0,31.7868125,9.0,Cincinnati,2007.0,2007.0,PHI,162.0,,0.030303031
2016,3,00-0025549,B.Celek,TE,PHI,PIT,0,0,0.0,0,0.0,0.0,0.0,0,0.0,0,4,3,61.0,0,6.1,9.1,,,76.0,255.0,31.7868125,9.0,Cincinnati,2007.0,2007.0,PHI,162.0,31.0,0.12903225
2016,7,00-0025549,B.Celek,TE,PHI,MIN,0,0,0.0,0,0.0,0.0,0.0,0,0.0,0,2,1,7.0,0,0.7,1.7,,,76.0,255.0,31.7868125,9.0,Cincinnati,2007.0,2007.0,PHI,162.0,11.0,0.071428575
2016,10,00-0025549,B.Celek,TE,PHI,ATL,0,0,0.0,0,0.0,0.0,0.0,0,0.0,0,1,1,9.0,0,0.9,1.9,,,76.0,255.0,31.7868125,9.0,Cincinnati,2007.0,2007.0,PHI,162.0,9.0,0.027777778
2016,11,00-0025549,B.Celek,TE,PHI,SEA,0,0,0.0,0,0.0,0.0,0.0,0,0.0,0,1,1,19.0,0,1.9,2.9,,,76.0,255.0,31.7868125,9.0,Cincinnati,2007.0,2007.0,PHI,162.0,,0.022727273
2016,14,00-0025549,B.Celek,TE,PHI,WAS,0,0,0.0,0,0.0,0.0,0.0,0,0.0,0,3,2,7.0,0,0.7,2.7,,,76.0,255.0,31.7868125,9.0,Cincinnati,2007.0,2007.0,PHI,162.0,-5.0,0.06521739
2016,15,00-0025549,B.Celek,TE,PHI,BAL,0,0,0.0,0,0.0,0.0,0.0,0,0.0,0,1,1,5.0,0,0.5,1.5,,,76.0,255.0,31.7868125,9.0,Cincinnati,2007.0,2007.0,PHI,162.0,,0.023809524
2016,16,00-0025549,B.Celek,TE,PHI,NYG,0,0,0.0,0,0.0,0.0,0.0,0,0.0,0,3,3,27.0,0,2.7,5.7,,,76.0,255.0,31.7868125,9.0,Cincinnati,2007.0,2007.0,PHI,162.0,5.0,0.13043478
2016,17,00-0025549,B.Celek,TE,PHI,DAL,0,0,0.0,0,0.0,0.0,0.0,0,0.0,0,2,1,9.0,0,0.9,1.9,,,76.0,255.0,31.7868125,9.0,Cincinnati,2007.0,2007.0,PHI,162.0,14.0,0.046511628
2016,14,00-0025708,M.Moore,QB,MIA,ARI,3,5,47.0,0,0.0,0.0,-0.0,0,0.0,0,0,0,0.0,0,1.88,1.88,,,75.0,225.0,32.25411764705882,9.0,Oregon State,2007.0,2007.0,,,3.0,
2016,15,00-0025708,M.Moore,QB,MIA,NYJ,12,18,236.0,4,1.0,1.0,-0.0,0,0.0,0,0,0,0.0,0,23.44,23.44,,,75.0,225.0,32.25411764705882,9.0,Oregon State,2007.0,2007.0,,,,
2016,16,00-0025708,M.Moore,QB,MIA,BUF,16,30,233.0,2,1.0,0.0,-0.0,1,-1.0,0,0,0,0.0,0,15.22,15.22,,,75.0,225.0,32.25411764705882,9.0,Oregon State,2007.0,2007.0,,,,
2016,17,00-0025708,M.Moore,QB,MIA,NE,24,34,205.0,2,1.0,0.0,-0.0,0,0.0,0,0,0,0.0,0,14.2,14.2,,,75.0,225.0,32.25411764705882,9.0,Oregon State,2007.0,2007.0,,,-21.0,
2016,18,00-0025708,M.Moore,QB,MIA,PIT,29,36,289.0,1,1.0,5.0,36.0,1,2.0,0,0,0,0.0,0,9.76,9.76,,,75.0,225.0,32.25411764705882,9.0,Oregon State,2007.0,2007.0,,,,
2016,16,00-0026008,,TE,DET,DAL,0,0,0.0,0,0.0,0.0,0.0,0,0.0,0,1,1,8.0,0,0.8,1.8,,,76.0,267.0,31.8682,8.0,Maine,2008.0,2008.0,,,,0.022222223
2016,18,00-0026008,,TE,DET,SEA,0,0,0.0,0,0.0,0.0,0.0,0,0.0,0,1,1,-2.0,0,-0.2,0.8,,,76.0,267.0,31.8682,8.0,Maine,2008.0,2008.0,,,,0.03125
2016,1,00-0026019,D.Woodhead,RB,LAC,KC,0,0,0.0,0,0.0,0.0,0.0,16,89.0,0,7,5,31.0,1,18.0,23.0,,,68.0,200.0,31.777875,8.0,Chadron State,2008.0,2008.0,,,,0.19444445
2016,2,00-0026019,D.Woodhead,RB,LAC,JAX,0,0,0.0,0,0.0,0.0,0.0,3,27.0,0,1,1,4.0,0,3.1,4.1,,,68.0,200.0,31.777875,8.0,Chadron State,2008.0,2008.0,,,,0.04
2016,1,00-0026035,D.Amendola,WR,NE,ARI,0,0,0.0,0,0.0,0.0,0.0,0,0.0,0,4,3,48.0,0,4.8,7.8,,,71.0,190.0,31.045263157894738,8.0,Texas Tech,2008.0,2008.0,,,,0.121212125
2016,2,00-0026035,D.Amendola,WR,NE,MIA,0,0,0.0,0,0.0,0.0,0.0,0,0.0,0,4,4,48.0,2,14.8,18.8,,,71.0,190.0,31.045263157894738,8.0,Texas Tech,2008.0,2008.0,,,7.0,0.114285715
2016,3,00-0026035,D.Amendola,WR,NE,HOU,0,0,0.0,0,0.0,0.0,0.0,0,0.0,0,2,2,23.0,0,2.3,4.3,,,71.0,190.0,31.045263157894738,8.0,Texas Tech,2008.0,2008.0,,,27.0,0.10526316
2016,4,00-0026035,D.Amendola,WR,NE,BUF,0,0,0.0,0,0.0,0.0,0.0,0,0.0,0,2,0,0.0,0,0.0,0.0,,,71.0,190.0,31.045263157894738,8.0,Texas Tech,2008.0,2008.0,,,-16.0,0.074074075
2016,5,00-0026035,D.Amendola,WR,NE,CLE,0,0,0.0,0,0.0,0.0,0.0,0,0.0,0,2,2,11.0,0,1.1,3.1,,,71.0,190.0,31.045263157894738,8.0,Texas Tech,2008.0,2008.0,,,,0.048780486
2016,6,00-0026035,D.Amendola,WR,NE,CIN,0,0,0.0,0,0.0,0.0,0.0,0,0.0,0,2,2,30.0,0,3.0,5.0,,,71.0,190.0,31.045263157894738,8.0,Texas Tech,2008.0,2008.0,,,18.0,0.057142857
2016,8,00-0026035,D.Amendola,WR,NE,BUF,0,0,0.0,0,0.0,0.0,0.0,0,0.0,0,4,3,29.0,1,8.9,11.9,,,71.0,190.0,31.045263157894738,8.0,Texas Tech,2008.0,2008.0,,,,0.121212125
2016,10,00-0026035,D.Amendola,WR,NE,SEA,0,0,0.0,0,0.0,0.0,0.0,0,0.0,0,1,1,14.0,0,1.4,2.4,,,71.0,190.0,31.045263157894738,8.0,Texas Tech,2008.0,2008.0,,,-7.0,0.03125
2016,11,00-0026035,D.Amendola,WR,NE,SF,0,0,0.0,0,0.0,0.0,0.0,0,0.0,0,3,2,2.0,1,6.2,8.2,,,71.0,190.0,31.045263157894738,8.0,Texas Tech,2008.0,2008.0,,,,0.078947365
2016,12,00-0026035,D.Amendola,WR,NE,NYJ,0,0,0.0,0,0.0,0.0,0.0,0,0.0,0,1,1,8.0,0,0.8,1.8,,,71.0,190.0,31.045263157894738,8.0,Texas Tech,2008.0,2008.0,,,,0.02
2016,13,00-0026035,D.Amendola,WR,NE,LA,0,0,0.0,0,0.0,0.0,0.0,0,0.0,0,4,3,30.0,0,3.0,6.0,,,71.0,190.0,31.045263157894738,8.0,Texas Tech,2008.0,2008.0,,,16.0,0.08695652
2016,19,00-0026035,D.Amendola,WR,NE,HOU,0,0,0.0,0,0.0,0.0,0.0,1,15.0,0,2,0,0.0,0,1.5,1.5,,,71.0,190.0,31.045263157894738,8.0,Texas Tech,2008.0,2008.0,,,18.0,0.055555556
2016,20,00-0026035,D.Amendola,WR,NE,PIT,0,0,0.0,0,0.0,0.0,0.0,0,0.0,0,2,2,12.0,0,1.2,3.2,,,71.0,190.0,31.045263157894738,8.0,Texas Tech,2008.0,2008.0,,,19.0,0.048780486
2016,21,00-0026035,D.Amendola,WR,NE,ATL,0,0,0.0,0,0.0,0.0,0.0,0,0.0,0,11,8,78.0,1,15.8,23.8,,,71.0,190.0,31.045263157894738,8.0,Texas Tech,2008.0,2008.0,,,,0.17460318
2016,1,00-0026069,M.Tolbert,FB,CAR,DEN,0,0,0.0,0,0.0,0.0,0.0,2,6.0,0,1,1,1.0,0,0.7,1.7,,,69.0,250.0,30.9556875,8.0,Coastal Carolina,2008.0,2008.0,,,,0.032258064
2016,2,00-0026069,M.Tolbert,FB,CAR,SF,0,0,0.0,0,0.0,0.0,0.0,9,25.0,0,1,0,0.0,0,2.5,2.5,,,69.0,250.0,30.9556875,8.0,Coastal Carolina,2008.0,2008.0,,,19.0,0.025641026
2016,3,00-0026069,M.Tolbert,FB,CAR,MIN,0,0,0.0,0,0.0,0.0,0.0,2,5.0,0,3,2,14.0,0,1.9,3.9,,,69.0,250.0,30.9556875,8.0,Coastal Carolina,2008.0,2008.0,,,-12.0,0.083333336
2016,4,00-0026069,M.Tolbert,FB,CAR,ATL,0,0,0.0,0,0.0,0.0,0.0,1,1.0,0,1,1,-2.0,0,-0.1,0.9,,,69.0,250.0,30.9556875,8.0,Coastal Carolina,2008.0,2008.0,,,,0.020833334
2016,5,00-0026069,M.Tolbert,FB,CAR,TB,0,0,0.0,0,0.0,0.0,0.0,1,2.0,0,0,0,0.0,0,0.2,0.2,,,69.0,250.0,30.9556875,8.0,Coastal Carolina,2008.0,2008.0,,,-3.0,
2016,6,00-0026069,M.Tolbert,FB,CAR,NO,0,0,0.0,0,0.0,0.0,0.0,3,12.0,0,0,0,0.0,0,1.2,1.2,,,69.0,250.0,30.9556875,8.0,Coastal Carolina,2008.0,2008.0,,,,
2016,8,00-0026069,M.Tolbert,FB,CAR,ARI,0,0,0.0,0,0.0,0.0,0.0,2,2.0,0,0,0,0.0,0,0.2,0.2,,,69.0,250.0,30.9556875,8.0,Coastal Carolina,2008.0,2008.0,,,10.0,
2016,9,00-0026069,M.Tolbert,FB,CAR,LA,0,0,0.0,0,0.0,0.0,0.0,2,1.0,0,0,0,0.0,0,0.1,0.1,,,69.0,250.0,30.9556875,8.0,Coastal Carolina,2008.0,2008.0,,,,
2016,10,00-0026069,M.Tolbert,FB,CAR,KC,0,0,0.0,0,0.0,0.0,0.0,1,0.0,0,0,0,0.0,0,0.0,0.0,,,69.0,250.0,30.9556875,8.0,Coastal Carolina,2008.0,2008.0,,,-3.0,
2016,11,00-0026069,M.Tolbert,FB,CAR,NO,0,0,0.0,0,0.0,0.0,0.0,2,-1.0,0,2,1,17.0,0,1.6,2.6,,,69.0,250.0,30.9556875,8.0,Coastal Carolina,2008.0,2008.0,,,3.0,0.0625
2016,12,00-0026069,M.Tolbert,FB,CAR,LV,0,0,0.0,0,0.0,0.0,0.0,0,0.0,0,2,2,14.0,0,1.4,3.4,,,69.0,250.0,30.9556875,8.0,Coastal Carolina,2008.0,2008.0,,,,0.071428575
2016,13,00-0026069,M.Tolbert,FB,CAR,SEA,0,0,0.0,0,0.0,0.0,0.0,4,21.0,0,1,0,0.0,0,2.1,2.1,,,69.0,250.0,30.9556875,8.0,Coastal Carolina,2008.0,2008.0,,,,0.03125
2016,15,00-0026069,M.Tolbert,FB,CAR,WAS,0,0,0.0,0,0.0,0.0,0.0,2,13.0,0,3,3,28.0,1,10.1,13.1,,,69.0,250.0,30.9556875,8.0,Coastal Carolina,2008.0,2008.0,,,,0.08571429
2016,16,00-0026069,M.Tolbert,FB,CAR,ATL,0,0,0.0,0,0.0,0.0,0.0,1,3.0,0,0,0,0.0,0,0.3,0.3,,,69.0,250.0,30.9556875,8.0,Coastal Carolina,2008.0,2008.0,,,-17.0,
2016,17,00-0026069,M.Tolbert,FB,CAR,TB,0,0,0.0,0,0.0,0.0,0.0,3,24.0,0,1,0,0.0,0,2.4,2.4,,,69.0,250.0,30.9556875,8.0,Coastal Carolina,2008.0,2008.0,,,,0.032258064
2016,1,00-0026143,M.Ryan,QB,ATL,TB,27,39,334.0,2,0.0,3.0,12.0,3,10.0,0,0,0,0.0,0,24.36,24.36,,,76.0,220.0,31.506,8.0,Boston College,2008.0,2008.0,ATL,3.0,-7.0,
2016,2,00-0026143,M.Ryan,QB,ATL,LV,26,34,396.0,3,1.0,1.0,7.0,0,0.0,0,0,0,0.0,0,27.84,27.84,,,76.0,220.0,31.506,8.0,Boston College,2008.0,2008.0,ATL,3.0,,
2016,3,00-0026143,M.Ryan,QB,ATL,NO,20,30,240.0,2,0.0,2.0,15.0,5,23.0,0,0,0,0.0,0,19.9,19.9,,,76.0,220.0,31.506,8.0,Boston College,2008.0,2008.0,ATL,3.0,,
2016,4,00-0026143,M.Ryan,QB,ATL,CAR,28,37,503.0,4,1.0,3.0,22.0,4,14.0,0,0,0,0.0,0,35.52,35.52,,,76.0,220.0,31.506,8.0,Boston College,2008.0,2008.0,ATL,3.0,15.0,
2016,5,00-0026143,M.Ryan,QB,ATL,DEN,15,28,267.0,1,0.0,2.0,17.0,3,3.0,0,0,0,0.0,0,14.98,14.98,,,76.0,220.0,31.506,8.0,Boston College,2008.0,2008.0,ATL,3.0,,
2016,6,00-0026143,M.Ryan,QB,ATL,SEA,27,42,335.0,3,1.0,4.0,25.0,1,2.0,0,0,0,0.0,0,21.6,21.6,,,76.0,220.0,31.506,8.0,Boston College,2008.0,2008.0,ATL,3.0,,
2016,7,00-0026143,M.Ryan,QB,ATL,LAC,22,34,273.0,1,1.0,3.0,17.0,3,8.0,0,0,0,0.0,0,13.72,13.72,,,76.0,220.0,31.506,8.0,Boston College,2008.0,2008.0,ATL,3.0,-3.0,
2016,8,00-0026143,M.Ryan,QB,ATL,GB,28,35,288.0,3,0.0,2.0,11.0,2,9.0,0,0,0,0.0,0,24.42,24.42,,,76.0,220.0,31.506,8.0,Boston College,2008.0,2008.0,ATL,3.0,1.0,
2016,9,00-0026143,M.Ryan,QB,ATL,TB,25,34,344.0,4,0.0,2.0,19.0,2,0.0,0,0,0,0.0,0,27.76,27.76,,,76.0,220.0,31.506,8.0,Boston College,2008.0,2008.0,ATL,3.0,,
2016,10,00-0026143,M.Ryan,QB,ATL,PHI,18,33,267.0,1,1.0,2.0,12.0,0,0.0,0,0,0,0.0,0,12.68,12.68,,,76.0,220.0,31.506,8.0,Boston College,2008.0,2008.0,ATL,3.0,,
2016,12,00-0026143,M.Ryan,QB,ATL,ARI,26,34,269.0,2,1.0,3.0,25.0,4,15.0,0,0,0,0.0,0,18.26,18.26,,,76.0,220.0,31.506,8.0,Boston College,2008.0,2008.0,ATL,3.0,19.0,
2016,13,00-0026143,M.Ryan,QB,ATL,KC,22,34,297.0,1,1.0,2.0,7.0,3,23.0,0,0,0,0.0,0,16.18,16.18,,,76.0,220.0,31.506,8.0,Boston College,2008.0,2008.0,ATL,3.0,-1.0,
2016,14,00-0026143,M.Ryan,QB,ATL,LA,18,28,237.0,3,0.0,2.0,17.0,0,0.0,0,0,0,0.0,0,21.48,21.48,,,76.0,220.0,31.506,8.0,Boston College,2008.0,2008.0,ATL,3.0,,
2016,15,00-0026143,M.Ryan,QB,ATL,SF,17,23,286.0,2,0.0,1.0,-0.0,1,-1.0,0,0,0,0.0,0,19.34,19.34,,,76.0,220.0,31.506,8.0,Boston College,2008.0,2008.0,ATL,3.0,28.0,
2016,16,00-0026143,M.Ryan,QB,ATL,CAR,27,33,277.0,2,0.0,4.0,21.0,2,9.0,0,0,0,0.0,0,19.98,19.98,,,76.0,220.0,31.506,8.0,Boston College,2008.0,2008.0,ATL,3.0,,
2016,17,00-0026143,M.Ryan,QB,ATL,NO,27,36,331.0,4,0.0,1.0,8.0,2,2.0,0,0,0,0.0,0,29.44,29.44,,,76.0,220.0,31.506,8.0,Boston College,2008.0,2008.0,ATL,3.0,6.0,
2016,19,00-0026143,M.Ryan,QB,ATL,SEA,26,37,338.0,3,0.0,3.0,15.0,3,-3.0,0,0,0,0.0,0,25.22,25.22,,,76.0,220.0,31.506,8.0,Boston College,2008.0,2008.0,ATL,3.0,16.0,
2016,20,00-0026143,M.Ryan,QB,ATL,GB,27,38,392.0,4,0.0,0.0,-0.0,3,23.0,1,0,0,0.0,0,39.98,39.98,,,76.0,220.0,31.506,8.0,Boston College,2008.0,2008.0,ATL,3.0,23.0,
2016,21,00-0026143,M.Ryan,QB,ATL,NE,17,23,284.0,2,0.0,5.0,44.0,0,0.0,0,0,0,0.0,0,17.36,17.36,,,76.0,220.0,31.506,8.0,Boston College,2008.0,2008.0,ATL,3.0,-6.0,
2016,15,00-0026144,D.McFadden,RB,DAL,TB,0,0,0.0,0,0.0,0.0,0.0,3,10.0,0,1,1,-2.0,0,0.8,1.8,,,73.0,210.0,29.24546153846154,8.0,Arkansas,2008.0,2008.0,OAK,4.0,6.0,0.027777778
2016,16,00-0026144,D.McFadden,RB,DAL,DET,0,0,0.0,0,0.0,0.0,0.0,14,49.0,0,1,0,0.0,0,4.9,4.9,,,73.0,210.0,29.24546153846154,8.0,Arkansas,2008.0,2008.0,OAK,4.0,21.0,0.04761905
2016,17,00-0026144,D.McFadden,RB,DAL,PHI,0,0,0.0,0,0.0,0.0,0.0,7,28.0,0,3,2,19.0,0,4.7,6.7,,,73.0,210.0,29.24546153846154,8.0,Arkansas,2008.0,2008.0,OAK,4.0,,0.10714286
2016,1,00-0026153,J.Stewart,RB,CAR,DEN,0,0,0.0,0,0.0,0.0,0.0,15,64.0,0,1,0,0.0,0,6.4,6.4,,,70.0,240.0,29.6333125,8.0,Oregon,2008.0,2008.0,CAR,13.0,,0.032258064
2016,2,00-0026153,J.Stewart,RB,CAR,SF,0,0,0.0,0,0.0,0.0,0.0,5,9.0,0,2,2,7.0,0,1.6,3.6,,,70.0,240.0,29.6333125,8.0,Oregon,2008.0,2008.0,CAR,13.0,19.0,0.051282052
2016,6,00-0026153,J.Stewart,RB,CAR,NO,0,0,0.0,0,0.0,0.0,0.0,19,85.0,2,1,0,0.0,0,20.5,20.5,,,70.0,240.0,29.6333125,8.0,Oregon,2008.0,2008.0,CAR,13.0,,0.02173913
2016,8,00-0026153,J.Stewart,RB,CAR,ARI,0,0,0.0,0,0.0,0.0,0.0,25,95.0,2,2,1,25.0,0,22.0,23.0,,,70.0,240.0,29.6333125,8.0,Oregon,2008.0,2008.0,CAR,13.0,10.0,0.074074075
2016,9,00-0026153,J.Stewart,RB,CAR,LA,0,0,0.0,0,0.0,0.0,0.0,15,42.0,0,0,0,0.0,0,4.2,4.2,,,70.0,240.0,29.6333125,8.0,Oregon,2008.0,2008.0,CAR,13.0,,
2016,10,00-0026153,J.Stewart,RB,CAR,KC,0,0,0.0,0,0.0,0.0,0.0,13,39.0,0,1,0,0.0,0,3.9,3.9,,,70.0,240.0,29.6333125,8.0,Oregon,2008.0,2008.0,CAR,13.0,-3.0,0.02631579
2016,11,00-0026153,J.Stewart,RB,CAR,NO,0,0,0.0,0,0.0,0.0,0.0,18,31.0,1,4,1,8.0,0,9.9,10.9,,,70.0,240.0,29.6333125,8.0,Oregon,2008.0,2008.0,CAR,13.0,3.0,0.125
2016,12,00-0026153,J.Stewart,RB,CAR,LV,0,0,0.0,0,0.0,0.0,0.0,17,96.0,2,1,0,0.0,0,21.6,21.6,,,70.0,240.0,29.6333125,8.0,Oregon,2008.0,2008.0,CAR,13.0,,0.035714287
2016,13,00-0026153,J.Stewart,RB,CAR,SEA,0,0,0.0,0,0.0,0.0,0.0,11,50.0,0,1,1,3.0,0,3.3,4.3,,,70.0,240.0,29.6333125,8.0,Oregon,2008.0,2008.0,CAR,13.0,,0.03125
2016,14,00-0026153,J.Stewart,RB,CAR,LAC,0,0,0.0,0,0.0,0.0,0.0,24,66.0,1,2,0,0.0,0,12.6,12.6,,,70.0,240.0,29.6333125,8.0,Oregon,2008.0,2008.0,CAR,13.0,12.0,0.074074075
2016,15,00-0026153,J.Stewart,RB,CAR,WAS,0,0,0.0,0,0.0,0.0,0.0,25,132.0,0,2,1,8.0,0,14.0,15.0,,,70.0,240.0,29.6333125,8.0,Oregon,2008.0,2008.0,CAR,13.0,,0.057142857
2016,16,00-0026153,J.Stewart,RB,CAR,ATL,0,0,0.0,0,0.0,0.0,0.0,11,50.0,0,2,1,2.0,0,5.2,6.2,,,70.0,240.0,29.6333125,8.0,Oregon,2008.0,2008.0,CAR,13.0,-17.0,0.046511628
2016,17,00-0026153,J.Stewart,RB,CAR,TB,0,0,0.0,0,0.0,0.0,0.0,20,65.0,1,2,1,7.0,0,13.2,14.2,,,70.0,240.0,29.6333125,8.0,Oregon,2008.0,2008.0,CAR,13.0,,0.06451613
2016,1,00-0026158,J.Flacco,QB,BAL,BUF,22,33,258.0,1,0.0,4.0,33.0,4,-3.0,0,0,0,0.0,0,12.02,12.02,,,78.0,245.0,31.8065,8.0,Delaware,2008.0,2008.0,BAL,18.0,6.0,
2016,2,00-0026158,J.Flacco,QB,BAL,CLE,25,45,302.0,2,2.0,0.0,-0.0,1,1.0,0,0,0,0.0,0,16.18,16.18,,,78.0,245.0,31.8065,8.0,Delaware,2008.0,2008.0,BAL,18.0,,
2016,3,00-0026158,J.Flacco,QB,BAL,JAX,29,40,214.0,0,2.0,2.0,15.0,3,12.0,1,0,0,0.0,0,11.76,11.76,,,78.0,245.0,31.8065,8.0,Delaware,2008.0,2008.0,BAL,18.0,,
2016,4,00-0026158,J.Flacco,QB,BAL,LV,32,52,298.0,1,0.0,2.0,16.0,1,1.0,1,0,0,0.0,0,22.02,22.02,,,78.0,245.0,31.8065,8.0,Delaware,2008.0,2008.0,BAL,18.0,-1.0,
2016,5,00-0026158,J.Flacco,QB,BAL,WAS,30,46,210.0,1,0.0,3.0,22.0,1,6.0,0,0,0,0.0,0,13.0,13.0,,,78.0,245.0,31.8065,8.0,Delaware,2008.0,2008.0,BAL,18.0,-6.0,
2016,6,00-0026158,J.Flacco,QB,BAL,NYG,26,48,307.0,0,0.0,2.0,14.0,1,0.0,0,0,0,0.0,0,12.28,12.28,,,78.0,245.0,31.8065,8.0,Delaware,2008.0,2008.0,BAL,18.0,,
2016,7,00-0026158,J.Flacco,QB,BAL,NYJ,25,44,248.0,0,2.0,2.0,14.0,1,1.0,0,0,0,0.0,0,6.02,6.02,,,78.0,245.0,31.8065,8.0,Delaware,2008.0,2008.0,BAL,18.0,,
2016,9,00-0026158,J.Flacco,QB,BAL,PIT,18,30,241.0,1,1.0,3.0,26.0,3,12.0,0,0,0,0.0,0,14.84,14.84,,,78.0,245.0,31.8065,8.0,Delaware,2008.0,2008.0,BAL,18.0,7.0,
2016,10,00-0026158,J.Flacco,QB,BAL,CLE,30,41,296.0,3,2.0,2.0,19.0,1,3.0,0,0,0,0.0,0,22.14,22.14,,,78.0,245.0,31.8065,8.0,Delaware,2008.0,2008.0,BAL,18.0,21.0,
2016,11,00-0026158,J.Flacco,QB,BAL,DAL,23,35,269.0,1,0.0,1.0,2.0,1,6.0,0,0,0,0.0,0,15.36,15.36,,,78.0,245.0,31.8065,8.0,Delaware,2008.0,2008.0,BAL,18.0,,
2016,12,00-0026158,J.Flacco,QB,BAL,CIN,25,36,234.0,1,1.0,2.0,15.0,2,19.0,0,0,0,0.0,0,13.26,13.26,,,78.0,245.0,31.8065,8.0,Delaware,2008.0,2008.0,BAL,18.0,5.0,
2016,13,00-0026158,J.Flacco,QB,BAL,MIA,36,47,381.0,4,1.0,0.0,-0.0,0,0.0,0,0,0,0.0,0,29.24,29.24,,,78.0,245.0,31.8065,8.0,Delaware,2008.0,2008.0,BAL,18.0,32.0,
2016,14,00-0026158,J.Flacco,QB,BAL,NE,37,52,324.0,2,1.0,2.0,18.0,1,1.0,0,0,0,0.0,0,19.06,19.06,,,78.0,245.0,31.8065,8.0,Delaware,2008.0,2008.0,BAL,18.0,,
2016,15,00-0026158,J.Flacco,QB,BAL,PHI,16,30,206.0,2,1.0,3.0,17.0,1,-1.0,0,0,0,0.0,0,12.14,12.14,,,78.0,245.0,31.8065,8.0,Delaware,2008.0,2008.0,BAL,18.0,1.0,
2016,16,00-0026158,J.Flacco,QB,BAL,PIT,30,44,262.0,1,1.0,2.0,16.0,0,0.0,0,0,0,0.0,0,14.48,14.48,,,78.0,245.0,31.8065,8.0,Delaware,2008.0,2008.0,BAL,18.0,,
2016,17,00-0026158,J.Flacco,QB,BAL,CIN,32,49,267.0,0,1.0,3.0,16.0,0,0.0,0,0,0,0.0,0,8.68,8.68,,,78.0,245.0,31.8065,8.0,Delaware,2008.0,2008.0,BAL,18.0,,
2016,1,00-0026164,C.Johnson,RB,ARI,NE,0,0,0.0,0,0.0,0.0,0.0,1,2.0,0,0,0,0.0,0,0.2,0.2,,,71.0,203.0,31.1205625,8.0,East Carolina,2008.0,2008.0,TEN,24.0,-2.0,
2016,2,00-0026164,C.Johnson,RB,ARI,TB,0,0,0.0,0,0.0,0.0,0.0,16,54.0,1,0,0,0.0,0,11.4,11.4,,,71.0,203.0,31.1205625,8.0,East Carolina,2008.0,2008.0,TEN,24.0,33.0,
2016,3,00-0026164,C.Johnson,RB,ARI,BUF,0,0,0.0,0,0.0,0.0,0.0,2,5.0,0,0,0,0.0,0,0.5,0.5,,,71.0,203.0,31.1205625,8.0,East Carolina,2008.0,2008.0,TEN,24.0,,
2016,4,00-0026164,C.Johnson,RB,ARI,LA,0,0,0.0,0,0.0,0.0,0.0,6,34.0,0,1,0,0.0,0,3.4,3.4,,,71.0,203.0,31.1205625,8.0,East Carolina,2008.0,2008.0,TEN,24.0,-4.0,0.022222223
2016,1,00-0026176,J.Nelson,WR,GB,JAX,0,0,0.0,0,0.0,0.0,0.0,0,0.0,0,9,6,32.0,1,9.2,15.2,,,75.0,217.0,31.47084210526316,8.0,Kansas State,2008.0,2008.0,GB,36.0,,0.27272728
2016,2,00-0026176,J.Nelson,WR,GB,MIN,0,0,0.0,0,0.0,0.0,0.0,0,0.0,0,11,5,73.0,1,13.3,18.3,,,75.0,217.0,31.47084210526316,8.0,Kansas State,2008.0,2008.0,GB,36.0,,0.30555555
2016,3,00-0026176,J.Nelson,WR,GB,DET,0,0,0.0,0,0.0,0.0,0.0,0,0.0,0,7,6,101.0,2,22.1,28.1,,,75.0,217.0,31.47084210526316,8.0,Kansas State,2008.0,2008.0,GB,36.0,7.0,0.29166666
2016,5,00-0026176,J.Nelson,WR,GB,NYG,0,0,0.0,0,0.0,0.0,0.0,0,0.0,0,13,4,38.0,1,9.8,13.8,,,75.0,217.0,31.47084210526316,8.0,Kansas State,2008.0,2008.0,GB,36.0,7.0,0.29545453
2016,6,00-0026176,J.Nelson,WR,GB,DAL,0,0,0.0,0,0.0,0.0,0.0,0,0.0,0,7,5,68.0,0,4.8,9.8,,,75.0,217.0,31.47084210526316,8.0,Kansas State,2008.0,2008.0,GB,36.0,-14.0,0.16666667
2016,7,00-0026176,J.Nelson,WR,GB,CHI,0,0,0.0,0,0.0,0.0,0.0,0,0.0,0,4,1,9.0,0,0.9,1.9,,,75.0,217.0,31.47084210526316,8.0,Kansas State,2008.0,2008.0,GB,36.0,16.0,0.071428575
2016,8,00-0026176,J.Nelson,WR,GB,ATL,0,0,0.0,0,0.0,0.0,0.0,0,0.0,0,9,4,94.0,1,15.4,19.4,,,75.0,217.0,31.47084210526316,8.0,Kansas State,2008.0,2008.0,GB,36.0,,0.23684211
2016,9,00-0026176,J.Nelson,WR,GB,IND,0,0,0.0,0,0.0,0.0,0.0,0,0.0,0,13,7,94.0,1,15.4,22.4,,,75.0,217.0,31.47084210526316,8.0,Kansas State,2008.0,2008.0,GB,36.0,-5.0,0.30952382
2016,10,00-0026176,J.Nelson,WR,GB,TEN,0,0,0.0,0,0.0,0.0,0.0,0,0.0,0,18,12,126.0,1,18.6,30.6,,,75.0,217.0,31.47084210526316,8.0,Kansas State,2008.0,2008.0,GB,36.0,,0.3272727
2016,11,00-0026176,J.Nelson,WR,GB,WAS,0,0,0.0,0,0.0,0.0,0.0,0,0.0,0,5,3,28.0,1,8.8,11.8,,,75.0,217.0,31.47084210526316,8.0,Kansas State,2008.0,2008.0,GB,36.0,,0.11627907
2016,12,00-0026176,J.Nelson,WR,GB,PHI,0,0,0.0,0,0.0,0.0,0.0,0,0.0,0,12,8,91.0,0,9.1,17.1,,,75.0,217.0,31.47084210526316,8.0,Kansas State,2008.0,2008.0,GB,36.0,,0.31578946
2016,13,00-0026176,J.Nelson,WR,GB,HOU,0,0,0.0,0,0.0,0.0,0.0,0,0.0,0,10,8,118.0,1,17.8,25.8,,,75.0,217.0,31.47084210526316,8.0,Kansas State,2008.0,2008.0,GB,36.0,8.0,0.33333334
2016,14,00-0026176,J.Nelson,WR,GB,SEA,0,0,0.0,0,0.0,0.0,0.0,0,0.0,0,7,6,41.0,2,16.1,22.1,,,75.0,217.0,31.47084210526316,8.0,Kansas State,2008.0,2008.0,GB,36.0,28.0,0.28
2016,15,00-0026176,J.Nelson,WR,GB,CHI,0,0,0.0,0,0.0,0.0,0.0,0,0.0,0,10,7,124.0,0,12.4,19.4,,,75.0,217.0,31.47084210526316,8.0,Kansas State,2008.0,2008.0,GB,36.0,,0.33333334
2016,16,00-0026176,J.Nelson,WR,GB,MIN,0,0,0.0,0,0.0,0.0,0.0,0,0.0,0,11,9,154.0,2,27.4,36.4,,,75.0,217.0,31.47084210526316,8.0,Kansas State,2008.0,2008.0,GB,36.0,13.0,0.2820513
2016,17,00-0026176,J.Nelson,WR,GB,DET,0,0,0.0,0,0.0,0.0,0.0,0,0.0,0,6,6,66.0,0,6.6,12.6,,,75.0,217.0,31.47084210526316,8.0,Kansas State,2008.0,2008.0,GB,36.0,,0.15384616
2016,18,00-0026176,J.Nelson,WR,GB,NYG,0,0,0.0,0,0.0,0.0,0.0,0,0.0,0,3,1,13.0,0,1.3,2.3,,,75.0,217.0,31.47084210526316,8.0,Kansas State,2008.0,2008.0,GB,36.0,25.0,0.07692308
2016,20,00-0026176,J.Nelson,WR,GB,ATL,0,0,0.0,0,0.0,0.0,0.0,0,0.0,0,9,6,67.0,1,12.7,18.7,,,75.0,217.0,31.47084210526316,8.0,Kansas State,2008.0,2008.0,GB,36.0,,0.20930232
2016,1,00-0026182,,WR,CHI,HOU,0,0,0.0,0,0.0,0.0,0.0,0,0.0,0,6,4,57.0,1,11.7,15.7,,,70.0,185.0,30.46375,8.0,Virginia Tech,2008.0,2008.0,DEN,42.0,,0.21428572
2016,2,00-0026182,,WR,CHI,PHI,0,0,0.0,0,0.0,0.0,0.0,0,0.0,0,6,4,52.0,0,11.2,15.2,,,70.0,185.0,30.46375,8.0,Virginia Tech,2008.0,2008.0,DEN,42.0,-15.0,0.20689656
2016,3,00-0026182,,WR,CHI,DAL,0,0,0.0,0,0.0,0.0,0.0,0,0.0,0,3,3,21.0,0,2.1,5.1,,,70.0,185.0,30.46375,8.0,Virginia Tech,2008.0,2008.0,DEN,42.0,,0.06666667
2016,4,00-0026182,,WR,CHI,DET,0,0,0.0,0,0.0,0.0,0.0,0,0.0,0,7,7,111.0,1,17.1,24.1,,,70.0,185.0,30.46375,8.0,Virginia Tech,2008.0,2008.0,DEN,42.0,3.0,0.19444445
2016,5,00-0026182,,WR,CHI,IND,0,0,0.0,0,0.0,0.0,0.0,0,0.0,0,9,7,43.0,0,4.3,11.3,,,70.0,185.0,30.46375,8.0,Virginia Tech,2008.0,2008.0,DEN,42.0,,0.2195122
2016,6,00-0026182,,WR,CHI,JAX,0,0,0.0,0,0.0,0.0,0.0,0,0.0,0,6,4,54.0,0,5.4,9.4,,,70.0,185.0,30.46375,8.0,Virginia Tech,2008.0,2008.0,DEN,42.0,-1.0,0.12244898
2016,10,00-0026182,,WR,CHI,TB,0,0,0.0,0,0.0,0.0,0.0,0,0.0,0,2,1,24.0,0,2.4,3.4,,,70.0,185.0,30.46375,8.0,Virginia Tech,2008.0,2008.0,DEN,42.0,,0.06896552
2016,11,00-0026182,,WR,CHI,NYG,0,0,0.0,0,0.0,0.0,0.0,0,0.0,0,3,2,13.0,0,1.3,3.3,,,70.0,185.0,30.46375,8.0,Virginia Tech,2008.0,2008.0,DEN,42.0,,0.10344828
2016,12,00-0026182,,WR,CHI,TEN,0,0,0.0,0,0.0,0.0,0.0,0,0.0,0,1,1,-6.0,0,-0.6,0.4,,,70.0,185.0,30.46375,8.0,Virginia Tech,2008.0,2008.0,DEN,42.0,-6.0,0.018518519
2016,1,00-0026184,M.Forte,RB,NYJ,CIN,0,0,0.0,0,0.0,0.0,0.0,22,96.0,0,7,5,59.0,0,15.5,20.5,,,74.0,218.0,30.9046875,8.0,Tulane,2008.0,2008.0,CHI,44.0,-1.0,0.20588236
2016,2,00-0026184,M.Forte,RB,NYJ,BUF,0,0,0.0,0,0.0,0.0,0.0,30,100.0,3,3,2,9.0,0,28.9,30.9,,,74.0,218.0,30.9046875,8.0,Tulane,2008.0,2008.0,CHI,44.0,,0.0882353
2016,3,00-0026184,M.Forte,RB,NYJ,KC,0,0,0.0,0,0.0,0.0,0.0,15,65.0,0,4,2,-1.0,0,6.4,8.4,,,74.0,218.0,30.9046875,8.0,Tulane,2008.0,2008.0,CHI,44.0,,0.09090909
2016,4,00-0026184,M.Forte,RB,NYJ,SEA,0,0,0.0,0,0.0,0.0,0.0,14,27.0,0,3,2,16.0,0,4.3,6.3,,,74.0,218.0,30.9046875,8.0,Tulane,2008.0,2008.0,CHI,44.0,-10.0,0.07317073
2016,5,00-0026184,M.Forte,RB,NYJ,PIT,0,0,0.0,0,0.0,0.0,0.0,12,53.0,0,2,2,7.0,0,6.0,8.0,,,74.0,218.0,30.9046875,8.0,Tulane,2008.0,2008.0,CHI,44.0,,0.05263158
2016,6,00-0026184,M.Forte,RB,NYJ,ARI,0,0,0.0,0,0.0,0.0,0.0,9,19.0,0,3,1,3.0,0,2.2,3.2,,,74.0,218.0,30.9046875,8.0,Tulane,2008.0,2008.0,CHI,44.0,,0.08108108
2016,7,00-0026184,M.Forte,RB,NYJ,BAL,0,0,0.0,0,0.0,0.0,0.0,30,100.0,1,4,4,54.0,1,25.4,29.4,,,74.0,218.0,30.9046875,8.0,Tulane,2008.0,2008.0,CHI,44.0,8.0,0.18181819
2016,8,00-0026184,M.Forte,RB,NYJ,CLE,0,0,0.0,0,0.0,0.0,0.0,25,82.0,2,3,2,16.0,0,21.8,23.8,,,74.0,218.0,30.9046875,8.0,Tulane,2008.0,2008.0,CHI,44.0,,0.0882353
2016,9,00-0026184,M.Forte,RB,NYJ,MIA,0,0,0.0,0,0.0,0.0,0.0,12,92.0,1,2,1,5.0,0,15.7,16.7,,,74.0,218.0,30.9046875,8.0,Tulane,2008.0,2008.0,CHI,44.0,,0.06896552
2016,10,00-0026184,M.Forte,RB,NYJ,LA,0,0,0.0,0,0.0,0.0,0.0,20,98.0,0,3,2,11.0,0,10.9,12.9,,,74.0,218.0,30.9046875,8.0,Tulane,2008.0,2008.0,CHI,44.0,-3.0,0.09677419
2016,12,00-0026184,M.Forte,RB,NYJ,NE,0,0,0.0,0,0.0,0.0,0.0,13,27.0,0,4,3,23.0,0,5.0,8.0,,,74.0,218.0,30.9046875,8.0,Tulane,2008.0,2008.0,CHI,44.0,-5.0,0.12903225
2016,13,00-0026184,M.Forte,RB,NYJ,IND,0,0,0.0,0,0.0,0.0,0.0,9,25.0,0,4,3,54.0,0,7.9,10.9,,,74.0,218.0,30.9046875,8.0,Tulane,2008.0,2008.0,CHI,44.0,-31.0,0.10810811
2016,14,00-0026184,M.Forte,RB,NYJ,SF,0,0,0.0,0,0.0,0.0,0.0,3,8.0,0,0,0,0.0,0,0.8,0.8,,,74.0,218.0,30.9046875,8.0,Tulane,2008.0,2008.0,CHI,44.0,,
2016,15,00-0026184,M.Forte,RB,NYJ,MIA,0,0,0.0,0,0.0,0.0,0.0,4,21.0,0,1,1,7.0,0,2.8,3.8,,,74.0,218.0,30.9046875,8.0,Tulane,2008.0,2008.0,CHI,44.0,-21.0,0.022222223
2016,1,00-0026189,D.Jackson,WR,WAS,PIT,0,0,0.0,0,0.0,0.0,0.0,0,0.0,0,10,6,102.0,0,10.2,16.2,,,70.0,178.0,29.9325625,8.0,California,2008.0,2008.0,PHI,49.0,-22.0,0.23255815
2016,2,00-0026189,D.Jackson,WR,WAS,DAL,0,0,0.0,0,0.0,0.0,0.0,0,0.0,0,5,3,40.0,0,4.0,7.0,,,70.0,178.0,29.9325625,8.0,California,2008.0,2008.0,PHI,49.0,-4.0,0.11363637
2016,3,00-0026189,D.Jackson,WR,WAS,NYG,0,0,0.0,0,0.0,0.0,0.0,0,0.0,0,8,5,96.0,1,15.6,20.6,,,70.0,178.0,29.9325625,8.0,California,2008.0,2008.0,PHI,49.0,,0.22857143
2016,4,00-0026189,D.Jackson,WR,WAS,CLE,0,0,0.0,0,0.0,0.0,0.0,0,0.0,0,2,1,5.0,0,0.5,1.5,,,70.0,178.0,29.9325625,8.0,California,2008.0,2008.0,PHI,49.0,11.0,0.074074075
2016,5,00-0026189,D.Jackson,WR,WAS,BAL,0,0,0.0,0,0.0,0.0,0.0,0,0.0,0,7,3,35.0,0,3.5,6.5,,,70.0,178.0,29.9325625,8.0,California,2008.0,2008.0,PHI,49.0,,0.17948718
2016,6,00-0026189,D.Jackson,WR,WAS,PHI,0,0,0.0,0,0.0,0.0,0.0,0,0.0,0,9,4,55.0,0,5.5,9.5,,,70.0,178.0,29.9325625,8.0,California,2008.0,2008.0,PHI,49.0,7.0,0.28125
2016,7,00-0026189,D.Jackson,WR,WAS,DET,0,0,0.0,0,0.0,0.0,0.0,0,0.0,0,8,5,35.0,0,3.5,8.5,,,70.0,178.0,29.9325625,8.0,California,2008.0,2008.0,PHI,49.0,,0.20512821
2016,8,00-0026189,D.Jackson,WR,WAS,CIN,0,0,0.0,0,0.0,0.0,0.0,0,0.0,0,7,3,48.0,0,4.8,7.8,,,70.0,178.0,29.9325625,8.0,California,2008.0,2008.0,PHI,49.0,,0.125
2016,11,00-0026189,D.Jackson,WR,WAS,GB,0,0,0.0,0,0.0,0.0,0.0,0,0.0,0,6,4,51.0,1,11.1,15.1,,,70.0,178.0,29.9325625,8.0,California,2008.0,2008.0,PHI,49.0,18.0,0.2
2016,12,00-0026189,D.Jackson,WR,WAS,DAL,0,0,0.0,0,0.0,0.0,0.0,0,0.0,0,8,4,118.0,1,17.8,21.8,,,70.0,178.0,29.9325625,8.0,California,2008.0,2008.0,PHI,49.0,,0.1509434
2016,13,00-0026189,D.Jackson,WR,WAS,ARI,0,0,0.0,0,0.0,0.0,0.0,0,0.0,0,4,1,59.0,0,5.9,6.9,,,70.0,178.0,29.9325625,8.0,California,2008.0,2008.0,PHI,49.0,,0.11764706
2016,14,00-0026189,D.Jackson,WR,WAS,PHI,0,0,0.0,0,0.0,0.0,0.0,0,0.0,0,4,3,102.0,1,16.2,19.2,,,70.0,178.0,29.9325625,8.0,California,2008.0,2008.0,PHI,49.0,,0.1904762
2016,15,00-0026189,D.Jackson,WR,WAS,CAR,0,0,0.0,0,0.0,0.0,0.0,0,0.0,0,10,7,111.0,0,11.1,18.1,,,70.0,178.0,29.9325625,8.0,California,2008.0,2008.0,PHI,49.0,-11.0,0.21276596
2016,16,00-0026189,D.Jackson,WR,WAS,CHI,0,0,0.0,0,0.0,0.0,0.0,0,0.0,0,7,5,114.0,0,11.4,16.4,,,70.0,178.0,29.9325625,8.0,California,2008.0,2008.0,PHI,49.0,,0.26923078
2016,17,00-0026189,D.Jackson,WR,WAS,NYG,0,0,0.0,0,0.0,0.0,0.0,0,0.0,0,5,2,34.0,0,3.4,5.4,,,70.0,178.0,29.9325625,8.0,California,2008.0,2008.0,PHI,49.0,-9.0,0.14705883
2016,11,00-0026197,C.Henne,QB,JAX,DET,0,0,0.0,0,0.0,0.0,0.0,1,-2.0,0,0,0,0.0,0,-0.2,-0.2,,,75.0,230.0,31.3525,8.0,Michigan,2008.0,2008.0,MIA,57.0,,
2016,1,00-0026201,M.Bennett,TE,NE,ARI,0,0,0.0,0,0.0,0.0,0.0,0,0.0,0,5,3,14.0,0,1.4,4.4,,,78.0,275.0,29.695631578947367,8.0,Texas A&M,2008.0,2008.0,DAL,61.0,,0.15151516
2016,2,00-0026201,M.Bennett,TE,NE,MIA,0,0,0.0,0,0.0,0.0,0.0,0,0.0,0,6,5,114.0,1,17.4,22.4,,,78.0,275.0,29.695631578947367,8.0,Texas A&M,2008.0,2008.0,DAL,61.0,7.0,0.17142858
2016,3,00-0026201,M.Bennett,TE,NE,HOU,0,0,0.0,0,0.0,0.0,0.0,1,6.0,0,3,2,10.0,0,1.6,3.6,,,78.0,275.0,29.695631578947367,8.0,Texas A&M,2008.0,2008.0,DAL,61.0,27.0,0.15789473
2016,4,00-0026201,M.Bennett,TE,NE,BUF,0,0,0.0,0,0.0,0.0,0.0,0,0.0,0,6,5,109.0,0,10.9,15.9,,,78.0,275.0,29.695631578947367,8.0,Texas A&M,2008.0,2008.0,DAL,61.0,-16.0,0.22222222
2016,5,00-0026201,M.Bennett,TE,NE,CLE,0,0,0.0,0,0.0,0.0,0.0,0,0.0,0,8,6,67.0,3,24.7,30.7,,,78.0,275.0,29.695631578947367,8.0,Texas A&M,2008.0,2008.0,DAL,61.0,,0.19512194
2016,6,00-0026201,M.Bennett,TE,NE,CIN,0,0,0.0,0,0.0,0.0,0.0,0,0.0,0,5,5,48.0,0,4.8,9.8,,,78.0,275.0,29.695631578947367,8.0,Texas A&M,2008.0,2008.0,DAL,61.0,18.0,0.14285715
2016,7,00-0026201,M.Bennett,TE,NE,PIT,0,0,0.0,0,0.0,0.0,0.0,0,0.0,0,2,1,5.0,0,0.5,1.5,,,78.0,275.0,29.695631578947367,8.0,Texas A&M,2008.0,2008.0,DAL,61.0,,0.07692308
2016,8,00-0026201,M.Bennett,TE,NE,BUF,0,0,0.0,0,0.0,0.0,0.0,0,0.0,0,5,4,35.0,0,3.5,7.5,,,78.0,275.0,29.695631578947367,8.0,Texas A&M,2008.0,2008.0,DAL,61.0,,0.15151516
2016,10,00-0026201,M.Bennett,TE,NE,SEA,0,0,0.0,0,0.0,0.0,0.0,0,0.0,0,7,7,102.0,0,10.2,17.2,,,78.0,275.0,29.695631578947367,8.0,Texas A&M,2008.0,2008.0,DAL,61.0,-7.0,0.21875
2016,11,00-0026201,M.Bennett,TE,NE,SF,0,0,0.0,0,0.0,0.0,0.0,0,0.0,0,2,1,14.0,0,1.4,2.4,,,78.0,275.0,29.695631578947367,8.0,Texas A&M,2008.0,2008.0,DAL,61.0,,0.05263158
2016,12,00-0026201,M.Bennett,TE,NE,NYJ,0,0,0.0,0,0.0,0.0,0.0,1,4.0,0,5,3,22.0,0,2.6,5.6,,,78.0,275.0,29.695631578947367,8.0,Texas A&M,2008.0,2008.0,DAL,61.0,,0.1
2016,13,00-0026201,M.Bennett,TE,NE,LA,0,0,0.0,0,0.0,0.0,0.0,0,0.0,0,4,2,4.0,0,0.4,2.4,,,78.0,275.0,29.695631578947367,8.0,Texas A&M,2008.0,2008.0,DAL,61.0,16.0,0.08695652
2016,14,00-0026201,M.Bennett,TE,NE,BAL,0,0,0.0,0,0.0,0.0,0.0,0,0.0,0,4,4,70.0,1,13.0,17.0,,,78.0,275.0,29.695631578947367,8.0,Texas A&M,2008.0,2008.0,DAL,61.0,7.0,0.10810811
2016,15,00-0026201,M.Bennett,TE,NE,DEN,0,0,0.0,0,0.0,0.0,0.0,0,0.0,0,4,2,35.0,0,3.5,5.5,,,78.0,275.0,29.695631578947367,8.0,Texas A&M,2008.0,2008.0,DAL,61.0,,0.12903225
2016,16,00-0026201,M.Bennett,TE,NE,NYJ,0,0,0.0,0,0.0,0.0,0.0,0,0.0,0,2,2,19.0,1,7.9,9.9,,,78.0,275.0,29.695631578947367,8.0,Texas A&M,2008.0,2008.0,DAL,61.0,38.0,0.06896552
2016,17,00-0026201,M.Bennett,TE,NE,MIA,0,0,0.0,0,0.0,0.0,0.0,0,0.0,0,5,3,33.0,1,9.3,12.3,,,78.0,275.0,29.695631578947367,8.0,Texas A&M,2008.0,2008.0,DAL,61.0,,0.14705883
2016,19,00-0026201,M.Bennett,TE,NE,HOU,0,0,0.0,0,0.0,0.0,0.0,0,0.0,0,4,1,4.0,0,0.4,1.4,,,78.0,275.0,29.695631578947367,8.0,Texas A&M,2008.0,2008.0,DAL,61.0,18.0,0.11111111
2016,20,00-0026201,M.Bennett,TE,NE,PIT,0,0,0.0,0,0.0,0.0,0.0,0,0.0,0,5,5,32.0,0,3.2,8.2,,,78.0,275.0,29.695631578947367,8.0,Texas A&M,2008.0,2008.0,DAL,61.0,19.0,0.12195122
2016,21,00-0026201,M.Bennett,TE,NE,ATL,0,0,0.0,0,0.0,0.0,0.0,0,0.0,0,6,5,62.0,0,6.2,11.2,,,78.0,275.0,29.695631578947367,8.0,Texas A&M,2008.0,2008.0,DAL,61.0,,0.0952381
2016,4,00-0026213,J.Charles,RB,KC,PIT,0,0,0.0,0,0.0,0.0,0.0,2,7.0,0,1,0,0.0,0,0.7,0.7,,,71.0,199.0,29.877,8.0,Texas,2008.0,2008.0,KC,73.0,,0.020408163
2016,6,00-0026213,J.Charles,RB,KC,LV,0,0,0.0,0,0.0,0.0,0.0,9,33.0,1,2,2,14.0,0,10.7,12.7,,,71.0,199.0,29.877,8.0,Texas,2008.0,2008.0,KC,73.0,,0.09090909
2016,7,00-0026213,J.Charles,RB,KC,NO,0,0,0.0,0,0.0,0.0,0.0,1,0.0,0,0,0,0.0,0,0.0,0.0,,,71.0,199.0,29.877,8.0,Texas,2008.0,2008.0,KC,73.0,6.0,
2016,1,00-0026224,H.Douglas,WR,TEN,MIN,0,0,0.0,0,0.0,0.0,0.0,0,0.0,0,5,2,21.0,0,2.1,4.1,,,72.0,183.0,32.134125,8.0,Louisville,2008.0,2008.0,ATL,84.0,-9.0,0.12195122
2016,3,00-0026224,H.Douglas,WR,TEN,LV,0,0,0.0,0,0.0,0.0,0.0,0,0.0,0,4,2,20.0,0,2.0,4.0,,,72.0,183.0,32.134125,8.0,Louisville,2008.0,2008.0,ATL,84.0,-7.0,0.121212125
2016,9,00-0026224,H.Douglas,WR,TEN,LAC,0,0,0.0,0,0.0,0.0,0.0,0,0.0,0,2,2,48.0,0,4.8,6.8,,,72.0,183.0,32.134125,8.0,Louisville,2008.0,2008.0,ATL,84.0,,0.04761905
2016,11,00-0026224,H.Douglas,WR,TEN,IND,0,0,0.0,0,0.0,0.0,0.0,0,0.0,0,1,1,3.0,0,0.3,1.3,,,72.0,183.0,32.134125,8.0,Louisville,2008.0,2008.0,ATL,84.0,,0.027777778
2016,12,00-0026224,H.Douglas,WR,TEN,CHI,0,0,0.0,0,0.0,0.0,0.0,0,0.0,0,2,2,60.0,0,6.0,8.0,,,72.0,183.0,32.134125,8.0,Louisville,2008.0,2008.0,ATL,84.0,,0.08695652
2016,14,00-0026224,H.Douglas,WR,TEN,DEN,0,0,0.0,0,0.0,0.0,0.0,0,0.0,0,2,1,10.0,0,1.0,2.0,,,72.0,183.0,32.134125,8.0,Louisville,2008.0,2008.0,ATL,84.0,3.0,0.1
2016,16,00-0026224,H.Douglas,WR,TEN,JAX,0,0,0.0,0,0.0,0.0,0.0,0,0.0,0,6,5,48.0,0,4.8,9.8,,,72.0,183.0,32.134125,8.0,Louisville,2008.0,2008.0,ATL,84.0,,0.14285715
2016,1,00-0026267,,TE,ATL,TB,0,0,0.0,0,0.0,0.0,0.0,0,0.0,0,8,6,51.0,0,5.1,11.1,,,75.0,230.0,31.678526315789476,8.0,Kentucky,2008.0,2008.0,IND,127.0,-7.0,0.21052632
2016,2,00-0026267,,TE,ATL,LV,0,0,0.0,0,0.0,0.0,0.0,0,0.0,0,8,5,75.0,1,13.5,18.5,,,75.0,230.0,31.678526315789476,8.0,Kentucky,2008.0,2008.0,IND,127.0,,0.23529412
2016,3,00-0026267,,TE,ATL,NO,0,0,0.0,0,0.0,0.0,0.0,0,0.0,0,4,3,28.0,0,2.8,5.8,,,75.0,230.0,31.678526315789476,8.0,Kentucky,2008.0,2008.0,IND,127.0,,0.13333334
2016,4,00-0026267,,TE,ATL,CAR,0,0,0.0,0,0.0,0.0,0.0,0,0.0,0,2,2,3.0,1,6.3,8.3,,,75.0,230.0,31.678526315789476,8.0,Kentucky,2008.0,2008.0,IND,127.0,15.0,0.054054055
2016,5,00-0026267,,TE,ATL,DEN,0,0,0.0,0,0.0,0.0,0.0,0,0.0,0,1,1,1.0,0,0.1,1.1,,,75.0,230.0,31.678526315789476,8.0,Kentucky,2008.0,2008.0,IND,127.0,,0.035714287
2016,6,00-0026267,,TE,ATL,SEA,0,0,0.0,0,0.0,0.0,0.0,0,0.0,0,3,2,16.0,0,1.6,3.6,,,75.0,230.0,31.678526315789476,8.0,Kentucky,2008.0,2008.0,IND,127.0,,0.07317073
2016,7,00-0026267,,TE,ATL,LAC,0,0,0.0,0,0.0,0.0,0.0,0,0.0,0,3,1,17.0,1,7.7,8.7,,,75.0,230.0,31.678526315789476,8.0,Kentucky,2008.0,2008.0,IND,127.0,-3.0,0.0882353
2016,8,00-0026267,,TE,ATL,GB,0,0,0.0,0,0.0,0.0,0.0,0,0.0,0,2,2,19.0,0,1.9,3.9,,,75.0,230.0,31.678526315789476,8.0,Kentucky,2008.0,2008.0,IND,127.0,1.0,0.057142857
2016,1,00-0026281,,TE,CLE,PHI,0,0,0.0,0,0.0,0.0,0.0,0,0.0,0,2,0,0.0,0,0.0,0.0,,,78.0,250.0,31.1184375,8.0,Louisville,2008.0,2008.0,CAR,141.0,,0.07692308
2016,2,00-0026281,,TE,CLE,BAL,0,0,0.0,0,0.0,0.0,0.0,0,0.0,0,5,4,37.0,0,3.7,7.7,,,78.0,250.0,31.1184375,8.0,Louisville,2008.0,2008.0,CAR,141.0,-5.0,0.15151516
2016,3,00-0026281,,TE,CLE,MIA,0,0,0.0,0,0.0,0.0,0.0,0,0.0,0,6,5,66.0,0,8.6,13.6,,,78.0,250.0,31.1184375,8.0,Louisville,2008.0,2008.0,CAR,141.0,,0.15789473
2016,4,00-0026281,,TE,CLE,WAS,0,0,0.0,0,0.0,0.0,0.0,0,0.0,0,7,7,57.0,0,5.7,12.7,,,78.0,250.0,31.1184375,8.0,Louisville,2008.0,2008.0,CAR,141.0,,0.18421052
2016,5,00-0026281,,TE,CLE,NE,0,0,0.0,0,0.0,0.0,0.0,0,0.0,0,8,5,76.0,0,7.6,12.6,,,78.0,250.0,31.1184375,8.0,Louisville,2008.0,2008.0,CAR,141.0,-20.0,0.22857143
2016,6,00-0026281,,TE,CLE,TEN,0,0,0.0,0,0.0,0.0,0.0,0,0.0,0,5,3,59.0,0,5.9,8.9,,,78.0,250.0,31.1184375,8.0,Louisville,2008.0,2008.0,CAR,141.0,,0.11904762
2016,7,00-0026281,,TE,CLE,CIN,0,0,0.0,0,0.0,0.0,0.0,0,0.0,0,7,6,66.0,0,6.6,12.6,,,78.0,250.0,31.1184375,8.0,Louisville,2008.0,2008.0,CAR,141.0,,0.22580644
2016,8,00-0026281,,TE,CLE,NYJ,0,0,0.0,0,0.0,0.0,0.0,0,0.0,0,7,3,42.0,0,4.2,7.2,,,78.0,250.0,31.1184375,8.0,Louisville,2008.0,2008.0,CAR,141.0,-3.0,0.13725491
2016,9,00-0026281,,TE,CLE,DAL,0,0,0.0,0,0.0,0.0,0.0,0,0.0,0,3,3,23.0,0,2.3,5.3,,,78.0,250.0,31.1184375,8.0,Louisville,2008.0,2008.0,CAR,141.0,-25.0,0.11111111
2016,10,00-0026281,,TE,CLE,BAL,0,0,0.0,0,0.0,0.0,0.0,0,0.0,0,4,1,8.0,0,0.8,1.8,,,78.0,250.0,31.1184375,8.0,Louisville,2008.0,2008.0,CAR,141.0,,0.12903225
2016,11,00-0026281,,TE,CLE,PIT,0,0,0.0,0,0.0,0.0,0.0,0,0.0,0,6,2,23.0,1,8.3,10.3,,,78.0,250.0,31.1184375,8.0,Louisville,2008.0,2008.0,CAR,141.0,-15.0,0.15
2016,12,00-0026281,,TE,CLE,NYG,0,0,0.0,0,0.0,0.0,0.0,0,0.0,0,3,1,11.0,0,1.1,2.1,,,78.0,250.0,31.1184375,8.0,Louisville,2008.0,2008.0,CAR,141.0,-14.0,0.069767445
2016,14,00-0026281,,TE,CLE,CIN,0,0,0.0,0,0.0,0.0,0.0,0,0.0,0,5,3,27.0,0,2.7,5.7,,,78.0,250.0,31.1184375,8.0,Louisville,2008.0,2008.0,CAR,141.0,-13.0,0.17857143
2016,15,00-0026281,,TE,CLE,BUF,0,0,0.0,0,0.0,0.0,0.0,0,0.0,0,3,2,35.0,0,3.5,5.5,,,78.0,250.0,31.1184375,8.0,Louisville,2008.0,2008.0,CAR,141.0,,0.11111111
2016,16,00-0026281,,TE,CLE,LAC,0,0,0.0,0,0.0,0.0,0.0,0,0.0,0,6,5,42.0,0,4.2,9.2,,,78.0,250.0,31.1184375,8.0,Louisville,2008.0,2008.0,CAR,141.0,3.0,0.21428572
2016,17,00-0026281,,TE,CLE,PIT,0,0,0.0,0,0.0,0.0,0.0,0,0.0,0,5,5,40.0,1,10.0,15.0,,,78.0,250.0,31.1184375,8.0,Louisville,2008.0,2008.0,CAR,141.0,,0.125
2016,4,00-0026286,,FB,BUF,NE,0,0,0.0,0,0.0,0.0,0.0,1,2.0,0,1,1,5.0,0,0.7,1.7,,,72.0,248.0,30.3446875,8.0,Furman,2008.0,2008.0,DET,146.0,,0.02631579
2016,5,00-0026286,,FB,BUF,LA,0,0,0.0,0,0.0,0.0,0.0,1,6.0,0,0,0,0.0,0,0.6,0.6,,,72.0,248.0,30.3446875,8.0,Furman,2008.0,2008.0,DET,146.0,,
2016,6,00-0026286,,FB,BUF,SF,0,0,0.0,0,0.0,0.0,0.0,0,0.0,0,1,0,0.0,0,0.0,0.0,,,72.0,248.0,30.3446875,8.0,Furman,2008.0,2008.0,DET,146.0,29.0,0.04
2016,7,00-0026286,,FB,BUF,MIA,0,0,0.0,0,0.0,0.0,0.0,1,0.0,0,0,0,0.0,0,0.0,0.0,,,72.0,248.0,30.3446875,8.0,Furman,2008.0,2008.0,DET,146.0,,
2016,8,00-0026286,,FB,BUF,NE,0,0,0.0,0,0.0,0.0,0.0,0,0.0,0,3,2,26.0,0,2.6,4.6,,,72.0,248.0,30.3446875,8.0,Furman,2008.0,2008.0,DET,146.0,-16.0,0.07692308
2016,9,00-0026286,,FB,BUF,SEA,0,0,0.0,0,0.0,0.0,0.0,1,2.0,0,1,0,0.0,0,0.2,0.2,,,72.0,248.0,30.3446875,8.0,Furman,2008.0,2008.0,DET,146.0,,0.029411765
2016,11,00-0026286,,FB,BUF,CIN,0,0,0.0,0,0.0,0.0,0.0,1,2.0,0,0,0,0.0,0,0.2,0.2,,,72.0,248.0,30.3446875,8.0,Furman,2008.0,2008.0,DET,146.0,,
2016,13,00-0026286,,FB,BUF,LV,0,0,0.0,0,0.0,0.0,0.0,1,0.0,0,0,0,0.0,0,0.0,0.0,,,72.0,248.0,30.3446875,8.0,Furman,2008.0,2008.0,DET,146.0,,
2016,15,00-0026286,,FB,BUF,CLE,0,0,0.0,0,0.0,0.0,0.0,0,0.0,0,1,1,12.0,0,1.2,2.2,,,72.0,248.0,30.3446875,8.0,Furman,2008.0,2008.0,DET,146.0,20.0,0.04
2016,16,00-0026286,,FB,BUF,MIA,0,0,0.0,0,0.0,0.0,0.0,1,1.0,0,2,2,14.0,0,1.5,3.5,,,72.0,248.0,30.3446875,8.0,Furman,2008.0,2008.0,DET,146.0,-3.0,0.051282052
2016,17,00-0026286,,FB,BUF,NYJ,0,0,0.0,0,0.0,0.0,0.0,1,0.0,0,0,0,0.0,0,0.0,0.0,,,72.0,248.0,30.3446875,8.0,Furman,2008.0,2008.0,DET,146.0,,
2016,1,00-0026289,T.Hightower,RB,NO,LV,0,0,0.0,0,0.0,0.0,0.0,4,9.0,0,1,1,1.0,0,1.0,2.0,,,72.0,220.0,30.4628125,8.0,Richmond,2008.0,2008.0,ARI,149.0,-1.0,0.025641026
2016,2,00-0026289,T.Hightower,RB,NO,NYG,0,0,0.0,0,0.0,0.0,0.0,3,9.0,0,0,0,0.0,0,0.9,0.9,,,72.0,220.0,30.4628125,8.0,Richmond,2008.0,2008.0,ARI,149.0,,
2016,3,00-0026289,T.Hightower,RB,NO,ATL,0,0,0.0,0,0.0,0.0,0.0,3,19.0,0,0,0,0.0,0,1.9,1.9,,,72.0,220.0,30.4628125,8.0,Richmond,2008.0,2008.0,ARI,149.0,-13.0,
2016,4,00-0026289,T.Hightower,RB,NO,LAC,0,0,0.0,0,0.0,0.0,0.0,4,11.0,0,0,0,0.0,0,1.1,1.1,,,72.0,220.0,30.4628125,8.0,Richmond,2008.0,2008.0,ARI,149.0,,
2016,7,00-0026289,T.Hightower,RB,NO,KC,0,0,0.0,0,0.0,0.0,0.0,5,39.0,0,1,1,5.0,0,4.4,5.4,,,72.0,220.0,30.4628125,8.0,Richmond,2008.0,2008.0,ARI,149.0,,0.021276595
2016,8,00-0026289,T.Hightower,RB,NO,SEA,0,0,0.0,0,0.0,0.0,0.0,26,102.0,0,3,1,0.0,0,10.2,11.2,,,72.0,220.0,30.4628125,8.0,Richmond,2008.0,2008.0,ARI,149.0,5.0,0.08571429
2016,9,00-0026289,T.Hightower,RB,NO,SF,0,0,0.0,0,0.0,0.0,0.0,23,87.0,1,1,1,15.0,0,16.2,17.2,,,72.0,220.0,30.4628125,8.0,Richmond,2008.0,2008.0,ARI,149.0,,0.025641026
2016,10,00-0026289,T.Hightower,RB,NO,DEN,0,0,0.0,0,0.0,0.0,0.0,8,21.0,0,2,2,34.0,0,5.5,7.5,,,72.0,220.0,30.4628125,8.0,Richmond,2008.0,2008.0,ARI,149.0,-2.0,0.06896552
2016,11,00-0026289,T.Hightower,RB,NO,CAR,0,0,0.0,0,0.0,0.0,0.0,12,69.0,0,9,8,57.0,0,12.6,20.6,,,72.0,220.0,30.4628125,8.0,Richmond,2008.0,2008.0,ARI,149.0,,0.20454545
2016,12,00-0026289,T.Hightower,RB,NO,LA,0,0,0.0,0,0.0,0.0,0.0,15,51.0,0,2,2,54.0,1,16.5,18.5,,,72.0,220.0,30.4628125,8.0,Richmond,2008.0,2008.0,ARI,149.0,28.0,0.057142857
2016,13,00-0026289,T.Hightower,RB,NO,DET,0,0,0.0,0,0.0,0.0,0.0,2,5.0,0,1,1,4.0,0,0.9,1.9,,,72.0,220.0,30.4628125,8.0,Richmond,2008.0,2008.0,ARI,149.0,-15.0,0.023809524
2016,14,00-0026289,T.Hightower,RB,NO,TB,0,0,0.0,0,0.0,0.0,0.0,6,31.0,0,2,1,8.0,0,3.9,4.9,,,72.0,220.0,30.4628125,8.0,Richmond,2008.0,2008.0,ARI,149.0,,0.048780486
2016,15,00-0026289,T.Hightower,RB,NO,ARI,0,0,0.0,0,0.0,0.0,0.0,11,37.0,2,3,3,11.0,0,16.8,19.8,,,72.0,220.0,30.4628125,8.0,Richmond,2008.0,2008.0,ARI,149.0,,0.0625
2016,16,00-0026289,T.Hightower,RB,NO,TB,0,0,0.0,0,0.0,0.0,0.0,8,29.0,0,1,1,11.0,0,4.0,5.0,,,72.0,220.0,30.4628125,8.0,Richmond,2008.0,2008.0,ARI,149.0,7.0,0.029411765
2016,17,00-0026289,T.Hightower,RB,NO,ATL,0,0,0.0,0,0.0,0.0,0.0,3,29.0,1,0,0,0.0,0,8.9,8.9,,,72.0,220.0,30.4628125,8.0,Richmond,2008.0,2008.0,ARI,149.0,,
2016,2,00-0026293,M.Slater,WR,NE,MIA,0,0,0.0,0,0.0,0.0,0.0,0,0.0,0,1,0,0.0,0,0.0,0.0,,,72.0,205.0,31.19315789473684,8.0,UCLA,2008.0,2008.0,NE,153.0,7.0,0.028571429
2016,5,00-0026293,M.Slater,WR,NE,CLE,0,0,0.0,0,0.0,0.0,0.0,1,5.0,0,0,0,0.0,0,0.5,0.5,,,72.0,205.0,31.19315789473684,8.0,UCLA,2008.0,2008.0,NE,153.0,,
2016,2,00-0026298,,TE,NYJ,BUF,0,0,0.0,0,0.0,0.0,0.0,0,0.0,0,1,0,0.0,0,0.0,0.0,,,79.0,265.0,31.069,8.0,Michigan State,2008.0,2008.0,CHI,158.0,,0.029411765
2016,1,00-0026345,P.Garcon,WR,WAS,PIT,0,0,0.0,0,0.0,0.0,0.0,0,0.0,0,6,6,51.0,0,5.1,11.1,,,72.0,216.0,30.2474375,8.0,Mount Union,2008.0,2008.0,IND,205.0,-22.0,0.13953489
2016,2,00-0026345,P.Garcon,WR,WAS,DAL,0,0,0.0,0,0.0,0.0,0.0,0,0.0,0,7,2,25.0,0,2.5,4.5,,,72.0,216.0,30.2474375,8.0,Mount Union,2008.0,2008.0,IND,205.0,-4.0,0.1590909
2016,3,00-0026345,P.Garcon,WR,WAS,NYG,0,0,0.0,0,0.0,0.0,0.0,0,0.0,0,7,5,59.0,0,5.9,10.9,,,72.0,216.0,30.2474375,8.0,Mount Union,2008.0,2008.0,IND,205.0,,0.2
2016,4,00-0026345,P.Garcon,WR,WAS,CLE,0,0,0.0,0,0.0,0.0,0.0,0,0.0,0,5,4,39.0,0,3.9,7.9,,,72.0,216.0,30.2474375,8.0,Mount Union,2008.0,2008.0,IND,205.0,11.0,0.18518518
2016,5,00-0026345,P.Garcon,WR,WAS,BAL,0,0,0.0,0,0.0,0.0,0.0,0,0.0,0,7,5,56.0,1,11.6,16.6,,,72.0,216.0,30.2474375,8.0,Mount Union,2008.0,2008.0,IND,205.0,,0.17948718
2016,6,00-0026345,P.Garcon,WR,WAS,PHI,0,0,0.0,0,0.0,0.0,0.0,0,0.0,0,11,6,77.0,0,7.7,13.7,,,72.0,216.0,30.2474375,8.0,Mount Union,2008.0,2008.0,IND,205.0,7.0,0.34375
2016,7,00-0026345,P.Garcon,WR,WAS,DET,0,0,0.0,0,0.0,0.0,0.0,0,0.0,0,5,2,22.0,0,2.2,4.2,,,72.0,216.0,30.2474375,8.0,Mount Union,2008.0,2008.0,IND,205.0,,0.12820514
2016,8,00-0026345,P.Garcon,WR,WAS,CIN,0,0,0.0,0,0.0,0.0,0.0,0,0.0,0,7,6,67.0,0,6.7,12.7,,,72.0,216.0,30.2474375,8.0,Mount Union,2008.0,2008.0,IND,205.0,,0.125
2016,10,00-0026345,P.Garcon,WR,WAS,MIN,0,0,0.0,0,0.0,0.0,0.0,0,0.0,0,10,6,81.0,0,8.1,14.1,,,72.0,216.0,30.2474375,8.0,Mount Union,2008.0,2008.0,IND,205.0,6.0,0.3030303
2016,11,00-0026345,P.Garcon,WR,WAS,GB,0,0,0.0,0,0.0,0.0,0.0,0,0.0,0,7,6,116.0,1,17.6,23.6,,,72.0,216.0,30.2474375,8.0,Mount Union,2008.0,2008.0,IND,205.0,18.0,0.23333333
2016,12,00-0026345,P.Garcon,WR,WAS,DAL,0,0,0.0,0,0.0,0.0,0.0,0,0.0,0,4,4,43.0,0,4.3,8.3,,,72.0,216.0,30.2474375,8.0,Mount Union,2008.0,2008.0,IND,205.0,,0.0754717
2016,13,00-0026345,P.Garcon,WR,WAS,ARI,0,0,0.0,0,0.0,0.0,0.0,0,0.0,0,9,7,78.0,0,7.8,14.8,,,72.0,216.0,30.2474375,8.0,Mount Union,2008.0,2008.0,IND,205.0,,0.2647059
2016,14,00-0026345,P.Garcon,WR,WAS,PHI,0,0,0.0,0,0.0,0.0,0.0,0,0.0,0,6,5,59.0,1,11.9,16.9,,,72.0,216.0,30.2474375,8.0,Mount Union,2008.0,2008.0,IND,205.0,,0.2857143
2016,15,00-0026345,P.Garcon,WR,WAS,CAR,0,0,0.0,0,0.0,0.0,0.0,0,0.0,0,11,7,78.0,0,7.8,14.8,,,72.0,216.0,30.2474375,8.0,Mount Union,2008.0,2008.0,IND,205.0,-11.0,0.23404256
2016,16,00-0026345,P.Garcon,WR,WAS,CHI,0,0,0.0,0,0.0,0.0,0.0,0,0.0,0,5,4,94.0,0,9.4,13.4,,,72.0,216.0,30.2474375,8.0,Mount Union,2008.0,2008.0,IND,205.0,,0.1923077
2016,17,00-0026345,P.Garcon,WR,WAS,NYG,0,0,0.0,0,0.0,0.0,0.0,0,0.0,0,7,4,96.0,0,9.6,13.6,,,72.0,216.0,30.2474375,8.0,Mount Union,2008.0,2008.0,IND,205.0,-9.0,0.20588236
2016,1,00-0026373,,RB,BAL,BUF,0,0,0.0,0,0.0,0.0,0.0,10,41.0,0,2,2,15.0,0,5.6,7.6,,,68.0,197.0,31.066933333333335,8.0,California,2008.0,2008.0,SEA,233.0,6.0,0.0625
2016,2,00-0026373,,RB,BAL,CLE,0,0,0.0,0,0.0,0.0,0.0,14,37.0,0,5,3,9.0,0,4.6,7.6,,,68.0,197.0,31.066933333333335,8.0,California,2008.0,2008.0,SEA,233.0,,0.11111111
2016,3,00-0026373,,RB,BAL,JAX,0,0,0.0,0,0.0,0.0,0.0,7,20.0,0,7,6,12.0,0,3.2,9.2,,,68.0,197.0,31.066933333333335,8.0,California,2008.0,2008.0,SEA,233.0,,0.175
2016,6,00-0026373,,RB,DET,LA,0,0,0.0,0,0.0,0.0,0.0,5,5.0,0,1,0,0.0,0,0.5,0.5,,,68.0,197.0,31.066933333333335,8.0,California,2008.0,2008.0,SEA,233.0,3.0,0.032258064
2016,7,00-0026373,,RB,DET,WAS,0,0,0.0,0,0.0,0.0,0.0,8,33.0,0,2,2,15.0,0,4.8,6.8,,,68.0,197.0,31.066933333333335,8.0,California,2008.0,2008.0,SEA,233.0,3.0,0.06896552
2016,14,00-0026373,,RB,DEN,TEN,0,0,0.0,0,0.0,0.0,0.0,6,17.0,0,3,3,18.0,0,1.5,4.5,,,68.0,197.0,31.066933333333335,8.0,California,2008.0,2008.0,SEA,233.0,,0.057692308
2016,15,00-0026373,,RB,DEN,NE,0,0,0.0,0,0.0,0.0,0.0,10,37.0,0,5,4,16.0,0,5.3,9.3,,,68.0,197.0,31.066933333333335,8.0,California,2008.0,2008.0,SEA,233.0,-13.0,0.12820514
2016,16,00-0026373,,RB,DEN,KC,0,0,0.0,0,0.0,0.0,0.0,5,11.0,1,1,0,0.0,0,7.1,7.1,,,68.0,197.0,31.066933333333335,8.0,California,2008.0,2008.0,SEA,233.0,,0.025
2016,17,00-0026373,,RB,DEN,LV,0,0,0.0,0,0.0,0.0,0.0,22,90.0,0,1,0,0.0,0,9.0,9.0,,,68.0,197.0,31.066933333333335,8.0,California,2008.0,2008.0,SEA,233.0,18.0,0.037037037
2016,14,00-0026393,M.Reece,FB,SEA,GB,0,0,0.0,0,0.0,0.0,0.0,0,0.0,0,2,2,38.0,0,3.8,5.8,,,73.0,250.0,31.472,8.0,Washington,2008.0,2008.0,,,,0.051282052
2016,15,00-0026393,M.Reece,FB,SEA,LA,0,0,0.0,0,0.0,0.0,0.0,1,0.0,0,1,1,9.0,0,0.9,1.9,,,73.0,250.0,31.472,8.0,Washington,2008.0,2008.0,,,21.0,0.041666668
2016,16,00-0026393,M.Reece,FB,SEA,ARI,0,0,0.0,0,0.0,0.0,0.0,0,0.0,0,0,0,0.0,0,2.0,2.0,,,73.0,250.0,31.472,8.0,Washington,2008.0,2008.0,,,-3.0,
2016,17,00-0026393,M.Reece,FB,SEA,SF,0,0,0.0,0,0.0,0.0,0.0,1,0.0,0,2,2,26.0,0,2.6,4.6,,,73.0,250.0,31.472,8.0,Washington,2008.0,2008.0,,,,0.054054055
2016,18,00-0026393,M.Reece,FB,SEA,DET,0,0,0.0,0,0.0,0.0,0.0,1,0.0,0,1,1,5.0,0,0.5,1.5,,,73.0,250.0,31.472,8.0,Washington,2008.0,2008.0,,,20.0,0.033333335
2016,19,00-0026393,M.Reece,FB,SEA,ATL,0,0,0.0,0,0.0,0.0,0.0,0,0.0,0,1,1,10.0,0,1.0,2.0,,,73.0,250.0,31.472,8.0,Washington,2008.0,2008.0,,,,0.035714287
2016,1,00-0026498,M.Stafford,QB,DET,IND,31,39,340.0,3,0.0,1.0,8.0,2,5.0,0,0,0,0.0,0,26.1,26.1,,,75.0,226.0,28.75588235294118,7.0,Georgia,2009.0,2009.0,DET,1.0,,
2016,2,00-0026498,M.Stafford,QB,DET,TEN,22,40,260.0,1,1.0,4.0,22.0,2,31.0,0,0,0,0.0,0,15.5,15.5,,,75.0,226.0,28.75588235294118,7.0,Georgia,2009.0,2009.0,DET,1.0,-1.0,
2016,3,00-0026498,M.Stafford,QB,DET,GB,28,41,385.0,3,1.0,3.0,17.0,2,11.0,0,0,0,0.0,0,26.5,26.5,,,75.0,226.0,28.75588235294118,7.0,Georgia,2009.0,2009.0,DET,1.0,,
2016,4,00-0026498,M.Stafford,QB,DET,CHI,23,36,213.0,0,2.0,2.0,16.0,2,17.0,0,0,0,0.0,0,8.22,8.22,,,75.0,226.0,28.75588235294118,7.0,Georgia,2009.0,2009.0,DET,1.0,,
2016,5,00-0026498,M.Stafford,QB,DET,PHI,19,25,180.0,3,0.0,4.0,16.0,6,16.0,0,0,0,0.0,0,18.8,18.8,,,75.0,226.0,28.75588235294118,7.0,Georgia,2009.0,2009.0,DET,1.0,1.0,
2016,6,00-0026498,M.Stafford,QB,DET,LA,23,31,270.0,4,0.0,1.0,5.0,5,14.0,0,0,0,0.0,0,28.2,28.2,,,75.0,226.0,28.75588235294118,7.0,Georgia,2009.0,2009.0,DET,1.0,3.0,
2016,7,00-0026498,M.Stafford,QB,DET,WAS,18,29,266.0,1,0.0,3.0,16.0,2,32.0,0,0,0,0.0,0,17.84,17.84,,,75.0,226.0,28.75588235294118,7.0,Georgia,2009.0,2009.0,DET,1.0,3.0,
2016,8,00-0026498,M.Stafford,QB,DET,HOU,27,41,240.0,1,0.0,1.0,9.0,0,0.0,0,0,0,0.0,0,13.6,13.6,,,75.0,226.0,28.75588235294118,7.0,Georgia,2009.0,2009.0,DET,1.0,,
2016,9,00-0026498,M.Stafford,QB,DET,MIN,23,36,219.0,2,1.0,1.0,5.0,0,0.0,0,0,0,0.0,0,14.76,14.76,,,75.0,226.0,28.75588235294118,7.0,Georgia,2009.0,2009.0,DET,1.0,,
2016,11,00-0026498,M.Stafford,QB,DET,JAX,24,33,278.0,0,0.0,3.0,15.0,2,0.0,0,0,0,0.0,0,11.12,11.12,,,75.0,226.0,28.75588235294118,7.0,Georgia,2009.0,2009.0,DET,1.0,7.0,
2016,12,00-0026498,M.Stafford,QB,DET,MIN,23,40,232.0,1,0.0,2.0,18.0,4,30.0,0,0,0,0.0,0,16.28,16.28,,,75.0,226.0,28.75588235294118,7.0,Georgia,2009.0,2009.0,DET,1.0,3.0,
2016,13,00-0026498,M.Stafford,QB,DET,NO,30,42,341.0,2,0.0,2.0,4.0,3,22.0,0,0,0,0.0,0,23.84,23.84,,,75.0,226.0,28.75588235294118,7.0,Georgia,2009.0,2009.0,DET,1.0,,
2016,14,00-0026498,M.Stafford,QB,DET,CHI,21,35,223.0,1,2.0,3.0,14.0,4,15.0,1,0,0,0.0,0,16.42,16.42,,,75.0,226.0,28.75588235294118,7.0,Georgia,2009.0,2009.0,DET,1.0,3.0,
2016,15,00-0026498,M.Stafford,QB,DET,NYG,24,39,273.0,0,1.0,1.0,5.0,2,13.0,0,0,0,0.0,0,10.22,10.22,,,75.0,226.0,28.75588235294118,7.0,Georgia,2009.0,2009.0,DET,1.0,,
2016,16,00-0026498,M.Stafford,QB,DET,DAL,26,46,260.0,0,1.0,4.0,31.0,1,1.0,1,0,0,0.0,0,12.5,12.5,,,75.0,226.0,28.75588235294118,7.0,Georgia,2009.0,2009.0,DET,1.0,,
2016,17,00-0026498,M.Stafford,QB,DET,GB,26,41,347.0,2,1.0,2.0,15.0,0,0.0,0,0,0,0.0,0,19.88,19.88,,,75.0,226.0,28.75588235294118,7.0,Georgia,2009.0,2009.0,DET,1.0,-7.0,
2016,18,00-0026498,M.Stafford,QB,DET,SEA,18,32,205.0,0,0.0,3.0,23.0,3,15.0,0,0,0,0.0,0,9.7,9.7,,,75.0,226.0,28.75588235294118,7.0,Georgia,2009.0,2009.0,DET,1.0,,
2016,16,00-0026544,C.Daniel,QB,PHI,NYG,1,1,16.0,0,0.0,0.0,-0.0,0,0.0,0,0,0,0.0,0,0.64,0.64,,,72.0,225.0,30.0893125,7.0,Missouri,2009.0,2009.0,,,5.0,
2016,2,00-0026625,B.Hoyer,QB,CHI,PHI,9,12,78.0,0,0.0,0.0,-0.0,0,0.0,0,0,0,0.0,0,3.12,3.12,,,74.0,215.0,31.066125,7.0,Michigan State,2009.0,2009.0,,,-15.0,
2016,3,00-0026625,B.Hoyer,QB,CHI,DAL,30,49,317.0,2,0.0,1.0,5.0,2,2.0,0,0,0,0.0,0,18.88,18.88,,,74.0,215.0,31.066125,7.0,Michigan State,2009.0,2009.0,,,,
2016,4,00-0026625,B.Hoyer,QB,CHI,DET,28,36,302.0,2,0.0,2.0,8.0,3,-3.0,0,0,0,0.0,0,19.78,19.78,,,74.0,215.0,31.066125,7.0,Michigan State,2009.0,2009.0,,,3.0,
2016,5,00-0026625,B.Hoyer,QB,CHI,IND,33,43,397.0,2,0.0,0.0,-0.0,1,-1.0,0,0,0,0.0,0,23.78,23.78,,,74.0,215.0,31.066125,7.0,Michigan State,2009.0,2009.0,,,,
2016,6,00-0026625,B.Hoyer,QB,CHI,JAX,30,49,302.0,0,0.0,1.0,5.0,1,0.0,0,0,0,0.0,0,12.08,12.08,,,74.0,215.0,31.066125,7.0,Michigan State,2009.0,2009.0,,,-1.0,
2016,7,00-0026625,B.Hoyer,QB,CHI,GB,4,11,49.0,0,0.0,0.0,-0.0,0,0.0,0,0,0,0.0,0,1.96,1.96,,,74.0,215.0,31.066125,7.0,Michigan State,2009.0,2009.0,,,,
2016,1,00-0026739,,WR,DEN,CAR,0,0,0.0,0,0.0,0.0,0.0,0,0.0,0,1,0,0.0,0,0.0,0.0,,,71.0,180.0,30.1048125,7.0,Penn State,2009.0,2009.0,,,1.0,0.03846154
2016,2,00-0026739,,WR,DEN,IND,0,0,0.0,0,0.0,0.0,0.0,0,0.0,0,4,3,24.0,0,2.4,5.4,,,71.0,180.0,30.1048125,7.0,Penn State,2009.0,2009.0,,,14.0,0.121212125
2016,3,00-0026739,,WR,DEN,CIN,0,0,0.0,0,0.0,0.0,0.0,1,0.0,0,2,0,0.0,0,0.0,0.0,,,71.0,180.0,30.1048125,7.0,Penn State,2009.0,2009.0,,,,0.057142857
2016,4,00-0026739,,WR,DEN,TB,0,0,0.0,0,0.0,0.0,0.0,0,0.0,0,2,2,25.0,0,2.5,4.5,,,71.0,180.0,30.1048125,7.0,Penn State,2009.0,2009.0,,,,0.06451613
2016,5,00-0026739,,WR,DEN,ATL,0,0,0.0,0,0.0,0.0,0.0,0,0.0,0,3,2,24.0,0,2.4,4.4,,,71.0,180.0,30.1048125,7.0,Penn State,2009.0,2009.0,,,-7.0,0.0882353
2016,6,00-0026739,,WR,DEN,LAC,0,0,0.0,0,0.0,0.0,0.0,0,0.0,0,7,5,39.0,0,3.9,8.9,,,71.0,180.0,30.1048125,7.0,Penn State,2009.0,2009.0,,,,0.14893617
2016,7,00-0026739,,WR,DEN,HOU,0,0,0.0,0,0.0,0.0,0.0,0,0.0,0,2,1,8.0,0,0.8,1.8,,,71.0,180.0,30.1048125,7.0,Penn State,2009.0,2009.0,,,18.0,0.08
2016,8,00-0026739,,WR,DEN,LAC,0,0,0.0,0,0.0,0.0,0.0,0,0.0,0,3,1,9.0,0,0.9,1.9,,,71.0,180.0,30.1048125,7.0,Penn State,2009.0,2009.0,,,8.0,0.08108108
2016,9,00-0026739,,WR,DEN,LV,0,0,0.0,0,0.0,0.0,0.0,0,0.0,0,4,2,56.0,1,11.6,13.6,,,71.0,180.0,30.1048125,7.0,Penn State,2009.0,2009.0,,,,0.11111111
2016,10,00-0026739,,WR,DEN,NO,0,0,0.0,0,0.0,0.0,0.0,0,0.0,0,3,3,18.0,0,1.8,4.8,,,71.0,180.0,30.1048125,7.0,Penn State,2009.0,2009.0,,,,0.078947365
2016,12,00-0026739,,WR,DEN,KC,0,0,0.0,0,0.0,0.0,0.0,0,0.0,0,1,0,0.0,0,0.0,0.0,,,71.0,180.0,30.1048125,7.0,Penn State,2009.0,2009.0,,,-3.0,0.03125
2016,13,00-0026739,,WR,DEN,JAX,0,0,0.0,0,0.0,0.0,0.0,0,0.0,0,1,0,0.0,0,0.0,0.0,,,71.0,180.0,30.1048125,7.0,Penn State,2009.0,2009.0,,,,0.041666668
2016,15,00-0026739,,WR,DEN,NE,0,0,0.0,0,0.0,0.0,0.0,0,0.0,0,1,1,12.0,0,-0.8,0.2,,,71.0,180.0,30.1048125,7.0,Penn State,2009.0,2009.0,,,-13.0,0.025641026
2016,16,00-0026739,,WR,DEN,KC,0,0,0.0,0,0.0,0.0,0.0,0,0.0,0,1,1,17.0,0,1.7,2.7,,,71.0,180.0,30.1048125,7.0,Penn State,2009.0,2009.0,,,,0.025
2016,1,00-0026796,,RB,MIA,SEA,0,0,0.0,0,0.0,0.0,0.0,13,38.0,0,5,3,62.0,0,10.0,13.0,,,73.0,227.0,30.140625,7.0,,2009.0,2009.0,,,,0.18518518
2016,2,00-0026796,,RB,MIA,NE,0,0,0.0,0,0.0,0.0,0.0,3,9.0,0,0,0,0.0,0,0.9,0.9,,,73.0,227.0,30.140625,7.0,,2009.0,2009.0,,,,
2016,6,00-0026796,,RB,MIA,PIT,0,0,0.0,0,0.0,0.0,0.0,3,3.0,0,2,2,12.0,0,1.5,3.5,,,73.0,227.0,30.140625,7.0,,2009.0,2009.0,,,15.0,0.0625
2016,7,00-0026796,,RB,MIA,BUF,0,0,0.0,0,0.0,0.0,0.0,3,5.0,0,3,1,4.0,0,0.9,1.9,,,73.0,227.0,30.140625,7.0,,2009.0,2009.0,,,3.0,0.12
2016,7,00-0026855,,RB,TB,SF,0,0,0.0,0,0.0,0.0,0.0,1,6.0,0,3,2,41.0,0,4.7,6.7,,,69.0,192.0,31.1765,7.0,Florida State,2009.0,2009.0,,,,0.10344828
2016,8,00-0026855,,RB,TB,LV,0,0,0.0,0,0.0,0.0,0.0,4,16.0,0,2,1,9.0,0,2.5,3.5,,,69.0,192.0,31.1765,7.0,Florida State,2009.0,2009.0,,,-6.0,0.0625
2016,9,00-0026855,,RB,TB,ATL,0,0,0.0,0,0.0,0.0,0.0,5,25.0,0,4,3,27.0,0,3.2,6.2,,,69.0,192.0,31.1765,7.0,Florida State,2009.0,2009.0,,,-15.0,0.083333336
2016,9,00-0026898,M.Sanchez,QB,DAL,CLE,1,1,8.0,0,0.0,0.0,-0.0,2,-2.0,0,0,0,0.0,0,0.12,0.12,,,74.0,225.0,30.000529411764706,7.0,USC,2009.0,2009.0,NYJ,5.0,,
2016,17,00-0026898,M.Sanchez,QB,DAL,PHI,9,17,85.0,0,2.0,3.0,25.0,2,0.0,0,0,0,0.0,0,-0.6,-0.6,,,74.0,225.0,30.000529411764706,7.0,USC,2009.0,2009.0,NYJ,5.0,,
2016,1,00-0026901,M.Wallace,WR,BAL,BUF,0,0,0.0,0,0.0,0.0,0.0,1,11.0,0,6,3,91.0,1,16.2,19.2,,,72.0,205.0,30.2678125,7.0,Mississippi,2009.0,2009.0,PIT,84.0,6.0,0.1875
2016,2,00-0026901,M.Wallace,WR,BAL,CLE,0,0,0.0,0,0.0,0.0,0.0,0,0.0,0,6,4,41.0,2,16.1,20.1,,,72.0,205.0,30.2678125,7.0,Mississippi,2009.0,2009.0,PIT,84.0,,0.13333334
2016,3,00-0026901,M.Wallace,WR,BAL,JAX,0,0,0.0,0,0.0,0.0,0.0,1,5.0,0,6,3,34.0,0,3.9,6.9,,,72.0,205.0,30.2678125,7.0,Mississippi,2009.0,2009.0,PIT,84.0,,0.15
2016,4,00-0026901,M.Wallace,WR,BAL,LV,0,0,0.0,0,0.0,0.0,0.0,1,3.0,0,9,4,44.0,0,6.7,10.7,,,72.0,205.0,30.2678125,7.0,Mississippi,2009.0,2009.0,PIT,84.0,-1.0,0.18
2016,5,00-0026901,M.Wallace,WR,BAL,WAS,0,0,0.0,0,0.0,0.0,0.0,0,0.0,0,11,7,63.0,0,6.3,13.3,,,72.0,205.0,30.2678125,7.0,Mississippi,2009.0,2009.0,PIT,84.0,-6.0,0.23404256
2016,6,00-0026901,M.Wallace,WR,BAL,NYG,0,0,0.0,0,0.0,0.0,0.0,0,0.0,0,9,4,97.0,0,9.7,13.7,,,72.0,205.0,30.2678125,7.0,Mississippi,2009.0,2009.0,PIT,84.0,,0.1875
2016,7,00-0026901,M.Wallace,WR,BAL,NYJ,0,0,0.0,0,0.0,0.0,0.0,0,0.0,0,13,10,120.0,0,12.0,22.0,,,72.0,205.0,30.2678125,7.0,Mississippi,2009.0,2009.0,PIT,84.0,,0.30232558
2016,9,00-0026901,M.Wallace,WR,BAL,PIT,0,0,0.0,0,0.0,0.0,0.0,0,0.0,0,6,4,124.0,1,18.4,22.4,,,72.0,205.0,30.2678125,7.0,Mississippi,2009.0,2009.0,PIT,84.0,7.0,0.2
2016,10,00-0026901,M.Wallace,WR,BAL,CLE,0,0,0.0,0,0.0,0.0,0.0,0,0.0,0,5,4,59.0,0,5.9,9.9,,,72.0,205.0,30.2678125,7.0,Mississippi,2009.0,2009.0,PIT,84.0,21.0,0.125
2016,11,00-0026901,M.Wallace,WR,BAL,DAL,0,0,0.0,0,0.0,0.0,0.0,1,13.0,0,10,5,62.0,0,7.5,12.5,,,72.0,205.0,30.2678125,7.0,Mississippi,2009.0,2009.0,PIT,84.0,,0.2857143
2016,12,00-0026901,M.Wallace,WR,BAL,CIN,0,0,0.0,0,0.0,0.0,0.0,1,-1.0,0,4,3,57.0,0,5.6,8.6,,,72.0,205.0,30.2678125,7.0,Mississippi,2009.0,2009.0,PIT,84.0,5.0,0.121212125
2016,13,00-0026901,M.Wallace,WR,BAL,MIA,0,0,0.0,0,0.0,0.0,0.0,0,0.0,0,7,6,59.0,0,5.9,11.9,,,72.0,205.0,30.2678125,7.0,Mississippi,2009.0,2009.0,PIT,84.0,32.0,0.14583333
2016,14,00-0026901,M.Wallace,WR,BAL,NE,0,0,0.0,0,0.0,0.0,0.0,0,0.0,0,8,5,52.0,0,5.2,10.2,,,72.0,205.0,30.2678125,7.0,Mississippi,2009.0,2009.0,PIT,84.0,,0.15384616
2016,15,00-0026901,M.Wallace,WR,BAL,PHI,0,0,0.0,0,0.0,0.0,0.0,0,0.0,0,5,2,60.0,0,6.0,8.0,,,72.0,205.0,30.2678125,7.0,Mississippi,2009.0,2009.0,PIT,84.0,1.0,0.1724138
2016,16,00-0026901,M.Wallace,WR,BAL,PIT,0,0,0.0,0,0.0,0.0,0.0,0,0.0,0,7,4,21.0,0,2.1,6.1,,,72.0,205.0,30.2678125,7.0,Mississippi,2009.0,2009.0,PIT,84.0,,0.1590909
2016,17,00-0026901,M.Wallace,WR,BAL,CIN,0,0,0.0,0,0.0,0.0,0.0,0,0.0,0,4,4,33.0,0,3.3,7.3,,,72.0,205.0,30.2678125,7.0,Mississippi,2009.0,2009.0,PIT,84.0,,0.08163265
2016,17,00-0026932,C.Peerman,RB,CIN,BAL,0,0,0.0,0,0.0,0.0,0.0,6,15.0,0,1,0,0.0,0,1.5,1.5,,,70.0,212.0,30.0748125,7.0,Virginia,2009.0,2009.0,BAL,185.0,17.0,0.04
2016,2,00-0026957,D.Johnson,TE,PIT,CIN,0,0,0.0,0,0.0,0.0,0.0,0,0.0,0,1,1,5.0,0,0.5,1.5,,,74.0,260.0,29.230157894736845,7.0,Arkansas State,2009.0,2009.0,PIT,241.0,8.0,0.027027028
2016,4,00-0026957,D.Johnson,TE,PIT,KC,0,0,0.0,0,0.0,0.0,0.0,0,0.0,0,1,1,26.0,0,2.6,3.6,,,74.0,260.0,29.230157894736845,7.0,Arkansas State,2009.0,2009.0,PIT,241.0,29.0,0.037037037
2016,6,00-0026957,D.Johnson,TE,PIT,MIA,0,0,0.0,0,0.0,0.0,0.0,0,0.0,0,1,0,0.0,0,0.0,0.0,,,74.0,260.0,29.230157894736845,7.0,Arkansas State,2009.0,2009.0,PIT,241.0,,0.028571429
2016,7,00-0026957,D.Johnson,TE,PIT,NE,0,0,0.0,0,0.0,0.0,0.0,0,0.0,0,1,1,5.0,0,0.5,1.5,,,74.0,260.0,29.230157894736845,7.0,Arkansas State,2009.0,2009.0,PIT,241.0,-11.0,0.02173913
2016,9,00-0026957,D.Johnson,TE,PIT,BAL,0,0,0.0,0,0.0,0.0,0.0,0,0.0,0,2,1,15.0,0,1.5,2.5,,,74.0,260.0,29.230157894736845,7.0,Arkansas State,2009.0,2009.0,PIT,241.0,,0.044444446
2016,10,00-0026957,D.Johnson,TE,PIT,DAL,0,0,0.0,0,0.0,0.0,0.0,0,0.0,0,1,1,2.0,0,0.2,1.2,,,74.0,260.0,29.230157894736845,7.0,Arkansas State,2009.0,2009.0,PIT,241.0,-5.0,0.02173913
2016,11,00-0026957,D.Johnson,TE,PIT,CLE,0,0,0.0,0,0.0,0.0,0.0,0,0.0,0,0,0,0.0,0,2.0,2.0,,,74.0,260.0,29.230157894736845,7.0,Arkansas State,2009.0,2009.0,PIT,241.0,,
2016,13,00-0026957,D.Johnson,TE,PIT,NYG,0,0,0.0,0,0.0,0.0,0.0,0,0.0,0,1,0,0.0,0,0.0,0.0,,,74.0,260.0,29.230157894736845,7.0,Arkansas State,2009.0,2009.0,PIT,241.0,10.0,0.027777778
2016,14,00-0026957,D.Johnson,TE,PIT,BUF,0,0,0.0,0,0.0,0.0,0.0,0,0.0,0,1,1,15.0,0,1.5,2.5,,,74.0,260.0,29.230157894736845,7.0,Arkansas State,2009.0,2009.0,PIT,241.0,,0.032258064
2016,15,00-0026957,D.Johnson,TE,PIT,CIN,0,0,0.0,0,0.0,0.0,0.0,0,0.0,0,1,1,12.0,0,1.2,2.2,,,74.0,260.0,29.230157894736845,7.0,Arkansas State,2009.0,2009.0,PIT,241.0,,0.028571429
2016,16,00-0026957,D.Johnson,TE,PIT,BAL,0,0,0.0,0,0.0,0.0,0.0,0,0.0,0,1,0,0.0,0,0.0,0.0,,,74.0,260.0,29.230157894736845,7.0,Arkansas State,2009.0,2009.0,PIT,241.0,4.0,0.033333335
2016,20,00-0026957,D.Johnson,TE,PIT,NE,0,0,0.0,0,0.0,0.0,0.0,0,0.0,0,1,1,1.0,0,0.1,1.1,,,74.0,260.0,29.230157894736845,7.0,Arkansas State,2009.0,2009.0,PIT,241.0,,0.021276595
2016,2,00-0026983,D.Heyward-Bey,WR,PIT,CIN,0,0,0.0,0,0.0,0.0,0.0,0,0.0,0,2,1,7.0,0,0.7,1.7,,,74.0,219.0,29.725736842105263,7.0,Maryland,2009.0,2009.0,OAK,7.0,8.0,0.054054055
2016,3,00-0026983,D.Heyward-Bey,WR,PIT,PHI,0,0,0.0,0,0.0,0.0,0.0,0,0.0,0,1,0,0.0,0,0.0,0.0,,,74.0,219.0,29.725736842105263,7.0,Maryland,2009.0,2009.0,OAK,7.0,,0.022727273
2016,4,00-0026983,D.Heyward-Bey,WR,PIT,KC,0,0,0.0,0,0.0,0.0,0.0,0,0.0,0,1,1,31.0,1,9.1,10.1,,,74.0,219.0,29.725736842105263,7.0,Maryland,2009.0,2009.0,OAK,7.0,29.0,0.037037037
2016,6,00-0026983,D.Heyward-Bey,WR,PIT,MIA,0,0,0.0,0,0.0,0.0,0.0,1,60.0,1,2,0,0.0,0,12.0,12.0,,,74.0,219.0,29.725736842105263,7.0,Maryland,2009.0,2009.0,OAK,7.0,,0.057142857
2016,7,00-0026983,D.Heyward-Bey,WR,PIT,NE,0,0,0.0,0,0.0,0.0,0.0,0,0.0,0,7,3,30.0,1,9.0,12.0,,,74.0,219.0,29.725736842105263,7.0,Maryland,2009.0,2009.0,OAK,7.0,-11.0,0.1521739
2016,9,00-0026983,D.Heyward-Bey,WR,PIT,BAL,0,0,0.0,0,0.0,0.0,0.0,0,0.0,0,2,0,0.0,0,0.0,0.0,,,74.0,219.0,29.725736842105263,7.0,Maryland,2009.0,2009.0,OAK,7.0,,0.044444446
2016,17,00-0026983,D.Heyward-Bey,WR,PIT,CLE,0,0,0.0,0,0.0,0.0,0.0,0,0.0,0,4,1,46.0,0,4.6,5.6,,,74.0,219.0,29.725736842105263,7.0,Maryland,2009.0,2009.0,OAK,7.0,3.0,0.10810811
2016,18,00-0026983,D.Heyward-Bey,WR,PIT,MIA,0,0,0.0,0,0.0,0.0,0.0,0,0.0,0,1,1,10.0,0,1.0,2.0,,,74.0,219.0,29.725736842105263,7.0,Maryland,2009.0,2009.0,OAK,7.0,18.0,0.055555556
2016,20,00-0026983,D.Heyward-Bey,WR,PIT,NE,0,0,0.0,0,0.0,0.0,0.0,0,0.0,0,2,0,0.0,0,0.0,0.0,,,74.0,219.0,29.725736842105263,7.0,Maryland,2009.0,2009.0,OAK,7.0,,0.04255319
2016,1,00-0026986,M.Crabtree,WR,LV,NO,0,0,0.0,0,0.0,0.0,0.0,0,0.0,0,9,7,87.0,0,10.7,17.7,,,73.0,215.0,29.155529411764707,7.0,Texas Tech,2009.0,2009.0,SF,10.0,,0.24324325
2016,2,00-0026986,M.Crabtree,WR,LV,ATL,0,0,0.0,0,0.0,0.0,0.0,0,0.0,0,5,4,31.0,1,9.1,13.1,,,73.0,215.0,29.155529411764707,7.0,Texas Tech,2009.0,2009.0,SF,10.0,,0.11111111
2016,3,00-0026986,M.Crabtree,WR,LV,TEN,0,0,0.0,0,0.0,0.0,0.0,0,0.0,0,11,8,102.0,0,10.2,18.2,,,73.0,215.0,29.155529411764707,7.0,Texas Tech,2009.0,2009.0,SF,10.0,,0.31428573
2016,4,00-0026986,M.Crabtree,WR,LV,BAL,0,0,0.0,0,0.0,0.0,0.0,0,0.0,0,12,7,88.0,3,26.8,33.8,,,73.0,215.0,29.155529411764707,7.0,Texas Tech,2009.0,2009.0,SF,10.0,,0.34285715
2016,5,00-0026986,M.Crabtree,WR,LV,LAC,0,0,0.0,0,0.0,0.0,0.0,0,0.0,0,7,3,47.0,1,10.7,13.7,,,73.0,215.0,29.155529411764707,7.0,Texas Tech,2009.0,2009.0,SF,10.0,,0.17948718
2016,6,00-0026986,M.Crabtree,WR,LV,KC,0,0,0.0,0,0.0,0.0,0.0,0,0.0,0,4,2,10.0,0,1.0,3.0,,,73.0,215.0,29.155529411764707,7.0,Texas Tech,2009.0,2009.0,SF,10.0,,0.121212125
2016,7,00-0026986,M.Crabtree,WR,LV,JAX,0,0,0.0,0,0.0,0.0,0.0,0,0.0,0,11,8,96.0,1,15.6,23.6,,,73.0,215.0,29.155529411764707,7.0,Texas Tech,2009.0,2009.0,SF,10.0,,0.2972973
2016,8,00-0026986,M.Crabtree,WR,LV,TB,0,0,0.0,0,0.0,0.0,0.0,0,0.0,0,16,8,108.0,0,10.8,18.8,,,73.0,215.0,29.155529411764707,7.0,Texas Tech,2009.0,2009.0,SF,10.0,,0.27586207
2016,9,00-0026986,M.Crabtree,WR,LV,DEN,0,0,0.0,0,0.0,0.0,0.0,0,0.0,0,6,2,27.0,0,2.7,4.7,,,73.0,215.0,29.155529411764707,7.0,Texas Tech,2009.0,2009.0,SF,10.0,,0.2
2016,11,00-0026986,M.Crabtree,WR,LV,HOU,0,0,0.0,0,0.0,0.0,0.0,0,0.0,0,7,3,5.0,0,0.5,3.5,,,73.0,215.0,29.155529411764707,7.0,Texas Tech,2009.0,2009.0,SF,10.0,,0.22580644
2016,12,00-0026986,M.Crabtree,WR,LV,CAR,0,0,0.0,0,0.0,0.0,0.0,0,0.0,0,13,8,110.0,0,11.0,19.0,,,73.0,215.0,29.155529411764707,7.0,Texas Tech,2009.0,2009.0,SF,10.0,,0.34210527
2016,13,00-0026986,M.Crabtree,WR,LV,BUF,0,0,0.0,0,0.0,0.0,0.0,0,0.0,0,11,7,74.0,1,13.4,20.4,,,73.0,215.0,29.155529411764707,7.0,Texas Tech,2009.0,2009.0,SF,10.0,,0.31428573
2016,14,00-0026986,M.Crabtree,WR,LV,KC,0,0,0.0,0,0.0,0.0,0.0,0,0.0,0,7,4,21.0,0,2.1,6.1,,,73.0,215.0,29.155529411764707,7.0,Texas Tech,2009.0,2009.0,SF,10.0,,0.17073171
2016,15,00-0026986,M.Crabtree,WR,LV,LAC,0,0,0.0,0,0.0,0.0,0.0,0,0.0,0,8,6,60.0,1,12.0,18.0,,,73.0,215.0,29.155529411764707,7.0,Texas Tech,2009.0,2009.0,SF,10.0,,0.26666668
2016,16,00-0026986,M.Crabtree,WR,LV,IND,0,0,0.0,0,0.0,0.0,0.0,0,0.0,0,10,7,90.0,0,9.0,16.0,,,73.0,215.0,29.155529411764707,7.0,Texas Tech,2009.0,2009.0,SF,10.0,,0.3030303
2016,17,00-0026986,M.Crabtree,WR,LV,DEN,0,0,0.0,0,0.0,0.0,0.0,0,0.0,0,8,5,47.0,0,4.7,9.7,,,73.0,215.0,29.155529411764707,7.0,Texas Tech,2009.0,2009.0,SF,10.0,,0.25
2016,18,00-0026986,M.Crabtree,WR,LV,HOU,0,0,0.0,0,0.0,0.0,0.0,0,0.0,0,7,2,33.0,0,3.3,5.3,,,73.0,215.0,29.155529411764707,7.0,Texas Tech,2009.0,2009.0,SF,10.0,,0.15555556
2016,1,00-0026995,J.Maclin,WR,KC,LAC,0,0,0.0,0,0.0,0.0,0.0,1,-1.0,0,7,5,63.0,1,12.2,17.2,,,72.0,198.0,28.505411764705883,7.0,Missouri,2009.0,2009.0,PHI,19.0,6.0,0.15555556
2016,2,00-0026995,J.Maclin,WR,KC,HOU,0,0,0.0,0,0.0,0.0,0.0,0,0.0,0,15,6,68.0,0,6.8,12.8,,,72.0,198.0,28.505411764705883,7.0,Missouri,2009.0,2009.0,PHI,19.0,,0.4054054
2016,3,00-0026995,J.Maclin,WR,KC,NYJ,0,0,0.0,0,0.0,0.0,0.0,0,0.0,0,7,4,35.0,0,3.5,7.5,,,72.0,198.0,28.505411764705883,7.0,Missouri,2009.0,2009.0,PHI,19.0,21.0,0.21212122
2016,4,00-0026995,J.Maclin,WR,KC,PIT,0,0,0.0,0,0.0,0.0,0.0,0,0.0,0,8,5,78.0,0,7.8,12.8,,,72.0,198.0,28.505411764705883,7.0,Missouri,2009.0,2009.0,PHI,19.0,,0.1632653
2016,6,00-0026995,J.Maclin,WR,KC,LV,0,1,0.0,0,0.0,0.0,-0.0,0,0.0,0,3,3,49.0,0,4.9,7.9,,,72.0,198.0,28.505411764705883,7.0,Missouri,2009.0,2009.0,PHI,19.0,,0.13636364
2016,7,00-0026995,J.Maclin,WR,KC,NO,0,0,0.0,0,0.0,0.0,0.0,0,0.0,0,5,4,40.0,0,4.0,8.0,,,72.0,198.0,28.505411764705883,7.0,Missouri,2009.0,2009.0,PHI,19.0,6.0,0.2173913
2016,8,00-0026995,J.Maclin,WR,KC,IND,0,0,0.0,0,0.0,0.0,0.0,0,0.0,0,10,3,43.0,1,10.3,13.3,,,72.0,198.0,28.505411764705883,7.0,Missouri,2009.0,2009.0,PHI,19.0,,0.24390244
2016,9,00-0026995,J.Maclin,WR,KC,JAX,0,0,0.0,0,0.0,0.0,0.0,0,0.0,0,1,0,0.0,0,0.0,0.0,,,72.0,198.0,28.505411764705883,7.0,Missouri,2009.0,2009.0,PHI,19.0,5.0,0.030303031
2016,14,00-0026995,J.Maclin,WR,KC,LV,0,0,0.0,0,0.0,0.0,0.0,0,0.0,0,3,1,16.0,0,1.6,2.6,,,72.0,198.0,28.505411764705883,7.0,Missouri,2009.0,2009.0,PHI,19.0,8.0,0.12
2016,15,00-0026995,J.Maclin,WR,KC,TEN,0,0,0.0,0,0.0,0.0,0.0,0,0.0,0,8,6,82.0,0,8.2,14.2,,,72.0,198.0,28.505411764705883,7.0,Missouri,2009.0,2009.0,PHI,19.0,-2.0,0.2857143
2016,16,00-0026995,J.Maclin,WR,KC,DEN,0,0,0.0,0,0.0,0.0,0.0,0,0.0,0,4,3,9.0,0,0.9,3.9,,,72.0,198.0,28.505411764705883,7.0,Missouri,2009.0,2009.0,PHI,19.0,23.0,0.10810811
2016,17,00-0026995,J.Maclin,WR,KC,LAC,0,0,0.0,0,0.0,0.0,0.0,0,0.0,0,5,4,53.0,0,5.3,9.3,,,72.0,198.0,28.505411764705883,7.0,Missouri,2009.0,2009.0,PHI,19.0,,0.17857143
2016,19,00-0026995,J.Maclin,WR,KC,PIT,0,0,0.0,0,0.0,0.0,0.0,0,0.0,0,4,2,28.0,0,2.8,4.8,,,72.0,198.0,28.505411764705883,7.0,Missouri,2009.0,2009.0,PHI,19.0,-2.0,0.125
2016,11,00-0026998,,WR,BUF,CIN,0,0,0.0,0,0.0,0.0,0.0,1,11.0,0,4,2,6.0,0,1.7,3.7,,,71.0,184.0,28.481,7.0,Florida,2009.0,2009.0,MIN,22.0,,0.14814815
2016,1,00-0027006,K.Britt,WR,LA,SF,0,0,0.0,0,0.0,0.0,0.0,0,0.0,0,6,4,67.0,0,6.7,10.7,,,75.0,223.0,28.132125000000002,7.0,Rutgers,2009.0,2009.0,TEN,30.0,,0.17142858
2016,2,00-0027006,K.Britt,WR,LA,SEA,0,0,0.0,0,0.0,0.0,0.0,0,0.0,0,10,6,94.0,0,9.4,15.4,,,75.0,223.0,28.132125000000002,7.0,Rutgers,2009.0,2009.0,TEN,30.0,6.0,0.3448276
2016,3,00-0027006,K.Britt,WR,LA,TB,0,0,0.0,0,0.0,0.0,0.0,0,0.0,0,6,4,38.0,0,1.8,5.8,,,75.0,223.0,28.132125000000002,7.0,Rutgers,2009.0,2009.0,TEN,30.0,,0.23076923
2016,4,00-0027006,K.Britt,WR,LA,ARI,0,0,0.0,0,0.0,0.0,0.0,0,0.0,0,4,4,82.0,0,8.2,12.2,,,75.0,223.0,28.132125000000002,7.0,Rutgers,2009.0,2009.0,TEN,30.0,,0.13793103
2016,5,00-0027006,K.Britt,WR,LA,BUF,0,0,0.0,0,0.0,0.0,0.0,0,0.0,0,6,5,75.0,0,7.5,12.5,,,75.0,223.0,28.132125000000002,7.0,Rutgers,2009.0,2009.0,TEN,30.0,-11.0,0.19354838
2016,6,00-0027006,K.Britt,WR,LA,DET,0,0,0.0,0,0.0,0.0,0.0,0,0.0,0,8,7,136.0,2,25.6,32.6,,,75.0,223.0,28.132125000000002,7.0,Rutgers,2009.0,2009.0,TEN,30.0,,0.25
2016,7,00-0027006,K.Britt,WR,LA,NYG,0,0,0.0,0,0.0,0.0,0.0,0,0.0,0,8,3,43.0,0,4.3,7.3,,,75.0,223.0,28.132125000000002,7.0,Rutgers,2009.0,2009.0,TEN,30.0,-7.0,0.15384616
2016,9,00-0027006,K.Britt,WR,LA,CAR,0,0,0.0,0,0.0,0.0,0.0,0,0.0,0,6,4,49.0,1,10.9,14.9,,,75.0,223.0,28.132125000000002,7.0,Rutgers,2009.0,2009.0,TEN,30.0,-3.0,0.13043478
2016,10,00-0027006,K.Britt,WR,LA,NYJ,0,0,0.0,0,0.0,0.0,0.0,0,0.0,0,10,7,109.0,0,10.9,17.9,,,75.0,223.0,28.132125000000002,7.0,Rutgers,2009.0,2009.0,TEN,30.0,,0.33333334
2016,11,00-0027006,K.Britt,WR,LA,MIA,0,0,0.0,0,0.0,0.0,0.0,0,0.0,0,7,5,43.0,0,4.3,9.3,,,75.0,223.0,28.132125000000002,7.0,Rutgers,2009.0,2009.0,TEN,30.0,-4.0,0.2413793
2016,12,00-0027006,K.Britt,WR,LA,NO,0,0,0.0,0,0.0,0.0,0.0,0,0.0,0,10,5,52.0,1,11.2,16.2,,,75.0,223.0,28.132125000000002,7.0,Rutgers,2009.0,2009.0,TEN,30.0,,0.32258064
2016,13,00-0027006,K.Britt,WR,LA,NE,0,0,0.0,0,0.0,0.0,0.0,0,0.0,0,6,2,67.0,1,12.7,14.7,,,75.0,223.0,28.132125000000002,7.0,Rutgers,2009.0,2009.0,TEN,30.0,,0.1875
2016,14,00-0027006,K.Britt,WR,LA,ATL,0,0,0.0,0,0.0,0.0,0.0,0,0.0,0,12,7,82.0,0,8.2,15.2,,,75.0,223.0,28.132125000000002,7.0,Rutgers,2009.0,2009.0,TEN,30.0,-28.0,0.29268292
2016,15,00-0027006,K.Britt,WR,LA,SEA,0,0,0.0,0,0.0,0.0,0.0,0,0.0,0,8,4,50.0,0,5.0,9.0,,,75.0,223.0,28.132125000000002,7.0,Rutgers,2009.0,2009.0,TEN,30.0,,0.22857143
2016,16,00-0027006,K.Britt,WR,LA,SF,0,0,0.0,0,0.0,0.0,0.0,0,0.0,0,4,1,15.0,0,1.5,2.5,,,75.0,223.0,28.132125000000002,7.0,Rutgers,2009.0,2009.0,TEN,30.0,-1.0,0.16666667
2016,1,00-0027029,L.McCoy,RB,BUF,BAL,0,0,0.0,0,0.0,0.0,0.0,16,58.0,1,4,4,12.0,0,13.0,17.0,,,71.0,208.0,28.3186875,7.0,Pittsburgh,2009.0,2009.0,PHI,53.0,,0.18181819
2016,2,00-0027029,L.McCoy,RB,BUF,NYJ,0,0,0.0,0,0.0,0.0,0.0,15,59.0,0,5,4,31.0,0,9.0,13.0,,,71.0,208.0,28.3186875,7.0,Pittsburgh,2009.0,2009.0,PHI,53.0,-6.0,0.16666667
2016,3,00-0027029,L.McCoy,RB,BUF,ARI,0,0,0.0,0,0.0,0.0,0.0,17,110.0,2,4,3,6.0,0,23.6,26.6,,,71.0,208.0,28.3186875,7.0,Pittsburgh,2009.0,2009.0,PHI,53.0,15.0,0.16
2016,4,00-0027029,L.McCoy,RB,BUF,NE,0,0,0.0,0,0.0,0.0,0.0,19,70.0,0,6,6,38.0,1,16.8,22.8,,,71.0,208.0,28.3186875,7.0,Pittsburgh,2009.0,2009.0,PHI,53.0,,0.15789473
2016,5,00-0027029,L.McCoy,RB,BUF,LA,0,0,0.0,0,0.0,0.0,0.0,18,150.0,0,2,2,8.0,0,15.8,17.8,,,71.0,208.0,28.3186875,7.0,Pittsburgh,2009.0,2009.0,PHI,53.0,,0.0952381
2016,6,00-0027029,L.McCoy,RB,BUF,SF,0,0,0.0,0,0.0,0.0,0.0,19,140.0,3,2,1,2.0,0,32.2,33.2,,,71.0,208.0,28.3186875,7.0,Pittsburgh,2009.0,2009.0,PHI,53.0,29.0,0.08
2016,7,00-0027029,L.McCoy,RB,BUF,MIA,0,0,0.0,0,0.0,0.0,0.0,8,11.0,0,0,0,0.0,0,1.1,1.1,,,71.0,208.0,28.3186875,7.0,Pittsburgh,2009.0,2009.0,PHI,53.0,,
2016,9,00-0027029,L.McCoy,RB,BUF,SEA,0,0,0.0,0,0.0,0.0,0.0,21,85.0,0,5,4,35.0,0,12.0,16.0,,,71.0,208.0,28.3186875,7.0,Pittsburgh,2009.0,2009.0,PHI,53.0,,0.14705883
2016,11,00-0027029,L.McCoy,RB,BUF,CIN,0,0,0.0,0,0.0,0.0,0.0,5,33.0,1,3,2,12.0,0,10.5,12.5,,,71.0,208.0,28.3186875,7.0,Pittsburgh,2009.0,2009.0,PHI,53.0,,0.11111111
2016,12,00-0027029,L.McCoy,RB,BUF,JAX,0,0,0.0,0,0.0,0.0,0.0,19,103.0,2,2,2,31.0,0,27.4,29.4,,,71.0,208.0,28.3186875,7.0,Pittsburgh,2009.0,2009.0,PHI,53.0,7.0,0.11111111
2016,13,00-0027029,L.McCoy,RB,BUF,LV,0,0,0.0,0,0.0,0.0,0.0,17,130.0,0,7,7,61.0,0,19.1,26.1,,,71.0,208.0,28.3186875,7.0,Pittsburgh,2009.0,2009.0,PHI,53.0,,0.2
2016,14,00-0027029,L.McCoy,RB,BUF,PIT,0,0,0.0,0,0.0,0.0,0.0,12,27.0,1,7,6,81.0,0,16.8,22.8,,,71.0,208.0,28.3186875,7.0,Pittsburgh,2009.0,2009.0,PHI,53.0,-7.0,0.28
2016,15,00-0027029,L.McCoy,RB,BUF,CLE,0,0,0.0,0,0.0,0.0,0.0,19,153.0,2,3,3,16.0,0,28.9,31.9,,,71.0,208.0,28.3186875,7.0,Pittsburgh,2009.0,2009.0,PHI,53.0,20.0,0.12
2016,16,00-0027029,L.McCoy,RB,BUF,MIA,0,0,0.0,0,0.0,0.0,0.0,24,128.0,1,6,5,17.0,0,20.5,25.5,,,71.0,208.0,28.3186875,7.0,Pittsburgh,2009.0,2009.0,PHI,53.0,-3.0,0.15384616
2016,17,00-0027029,L.McCoy,RB,BUF,NYJ,0,0,0.0,0,0.0,0.0,0.0,5,10.0,0,1,1,6.0,0,1.6,2.6,,,71.0,208.0,28.3186875,7.0,Pittsburgh,2009.0,2009.0,PHI,53.0,,0.032258064
2016,4,00-0027057,B.Tate,WR,BUF,NE,0,0,0.0,0,0.0,0.0,0.0,1,4.0,0,0,0,0.0,0,0.4,0.4,,,73.0,195.0,29.0878125,7.0,North Carolina,2009.0,2009.0,NE,83.0,,
2016,7,00-0027057,B.Tate,WR,BUF,MIA,0,0,0.0,0,0.0,0.0,0.0,0,0.0,0,2,2,31.0,0,3.1,5.1,,,73.0,195.0,29.0878125,7.0,North Carolina,2009.0,2009.0,NE,83.0,,0.08
2016,8,00-0027057,B.Tate,WR,BUF,NE,0,0,0.0,0,0.0,0.0,0.0,1,14.0,0,3,2,17.0,0,3.1,5.1,,,73.0,195.0,29.0878125,7.0,North Carolina,2009.0,2009.0,NE,83.0,-16.0,0.07692308
2016,11,00-0027057,B.Tate,WR,BUF,CIN,0,0,0.0,0,0.0,0.0,0.0,0,0.0,0,3,2,48.0,0,4.8,6.8,,,73.0,195.0,29.0878125,7.0,North Carolina,2009.0,2009.0,NE,83.0,,0.11111111
2016,12,00-0027057,B.Tate,WR,BUF,JAX,0,0,0.0,0,0.0,0.0,0.0,0,0.0,0,1,1,8.0,0,0.8,1.8,,,73.0,195.0,29.0878125,7.0,North Carolina,2009.0,2009.0,NE,83.0,7.0,0.055555556
2016,13,00-0027057,B.Tate,WR,BUF,LV,0,0,0.0,0,0.0,0.0,0.0,0,0.0,0,1,1,13.0,0,1.3,2.3,,,73.0,195.0,29.0878125,7.0,North Carolina,2009.0,2009.0,NE,83.0,,0.028571429
2016,15,00-0027057,B.Tate,WR,BUF,CLE,0,0,0.0,0,0.0,0.0,0.0,1,30.0,0,0,0,0.0,0,3.0,3.0,,,73.0,195.0,29.0878125,7.0,North Carolina,2009.0,2009.0,NE,83.0,20.0,
2016,17,00-0027057,B.Tate,WR,BUF,NYJ,0,0,0.0,0,0.0,0.0,0.0,0,0.0,0,1,0,0.0,0,0.0,0.0,,,73.0,195.0,29.0878125,7.0,North Carolina,2009.0,2009.0,NE,83.0,,0.032258064
2016,1,00-0027061,J.Cook,TE,GB,JAX,0,0,0.0,0,0.0,0.0,0.0,0,0.0,0,2,1,7.0,0,0.7,1.7,,,77.0,254.0,29.620157894736842,7.0,South Carolina,2009.0,2009.0,TEN,89.0,,0.060606062
2016,2,00-0027061,J.Cook,TE,GB,MIN,0,0,0.0,0,0.0,0.0,0.0,0,0.0,0,6,4,31.0,0,3.1,7.1,,,77.0,254.0,29.620157894736842,7.0,South Carolina,2009.0,2009.0,TEN,89.0,,0.16666667
2016,3,00-0027061,J.Cook,TE,GB,DET,0,0,0.0,0,0.0,0.0,0.0,0,0.0,0,3,1,15.0,0,1.5,2.5,,,77.0,254.0,29.620157894736842,7.0,South Carolina,2009.0,2009.0,TEN,89.0,7.0,0.125
2016,11,00-0027061,J.Cook,TE,GB,WAS,0,0,0.0,0,0.0,0.0,0.0,0,0.0,0,11,6,105.0,1,14.5,20.5,,,77.0,254.0,29.620157894736842,7.0,South Carolina,2009.0,2009.0,TEN,89.0,,0.25581396
2016,12,00-0027061,J.Cook,TE,GB,PHI,0,0,0.0,0,0.0,0.0,0.0,0,0.0,0,2,1,7.0,0,0.7,1.7,,,77.0,254.0,29.620157894736842,7.0,South Carolina,2009.0,2009.0,TEN,89.0,,0.05263158
2016,13,00-0027061,J.Cook,TE,GB,HOU,0,0,0.0,0,0.0,0.0,0.0,0,0.0,0,4,3,19.0,0,1.9,4.9,,,77.0,254.0,29.620157894736842,7.0,South Carolina,2009.0,2009.0,TEN,89.0,8.0,0.13333334
2016,14,00-0027061,J.Cook,TE,GB,SEA,0,0,0.0,0,0.0,0.0,0.0,0,0.0,0,2,1,15.0,0,1.5,2.5,,,77.0,254.0,29.620157894736842,7.0,South Carolina,2009.0,2009.0,TEN,89.0,28.0,0.08
2016,15,00-0027061,J.Cook,TE,GB,CHI,0,0,0.0,0,0.0,0.0,0.0,0,0.0,0,8,6,85.0,0,8.5,14.5,,,77.0,254.0,29.620157894736842,7.0,South Carolina,2009.0,2009.0,TEN,89.0,,0.26666668
2016,16,00-0027061,J.Cook,TE,GB,MIN,0,0,0.0,0,0.0,0.0,0.0,0,0.0,0,5,3,37.0,0,3.7,6.7,,,77.0,254.0,29.620157894736842,7.0,South Carolina,2009.0,2009.0,TEN,89.0,13.0,0.12820514
2016,17,00-0027061,J.Cook,TE,GB,DET,0,0,0.0,0,0.0,0.0,0.0,0,0.0,0,8,4,56.0,0,5.6,9.6,,,77.0,254.0,29.620157894736842,7.0,South Carolina,2009.0,2009.0,TEN,89.0,,0.20512821
2016,18,00-0027061,J.Cook,TE,GB,NYG,0,0,0.0,0,0.0,0.0,0.0,0,0.0,0,9,5,48.0,0,4.8,9.8,,,77.0,254.0,29.620157894736842,7.0,South Carolina,2009.0,2009.0,TEN,89.0,25.0,0.23076923
2016,19,00-0027061,J.Cook,TE,GB,DAL,0,0,0.0,0,0.0,0.0,0.0,0,0.0,0,11,6,103.0,1,16.3,22.3,,,77.0,254.0,29.620157894736842,7.0,South Carolina,2009.0,2009.0,TEN,89.0,,0.25581396
2016,20,00-0027061,J.Cook,TE,GB,ATL,0,0,0.0,0,0.0,0.0,0.0,0,0.0,0,12,7,78.0,1,13.8,20.8,,,77.0,254.0,29.620157894736842,7.0,South Carolina,2009.0,2009.0,TEN,89.0,,0.27906978
2016,1,00-0027125,Z.Miller,TE,CHI,HOU,0,0,0.0,0,0.0,0.0,0.0,0,0.0,0,4,3,14.0,0,1.4,4.4,,,77.0,240.0,32.090125,7.0,Nebraska-Omaha,2009.0,2009.0,JAX,180.0,,0.14285715
2016,2,00-0027125,Z.Miller,TE,CHI,PHI,0,0,0.0,0,0.0,0.0,0.0,0,0.0,0,5,4,33.0,0,3.3,7.3,,,77.0,240.0,32.090125,7.0,Nebraska-Omaha,2009.0,2009.0,JAX,180.0,-15.0,0.1724138
2016,3,00-0027125,Z.Miller,TE,CHI,DAL,0,0,0.0,0,0.0,0.0,0.0,0,0.0,0,9,8,78.0,2,19.8,27.8,,,77.0,240.0,32.090125,7.0,Nebraska-Omaha,2009.0,2009.0,JAX,180.0,,0.2
2016,4,00-0027125,Z.Miller,TE,CHI,DET,0,0,0.0,0,0.0,0.0,0.0,0,0.0,0,3,3,31.0,1,9.1,12.1,,,77.0,240.0,32.090125,7.0,Nebraska-Omaha,2009.0,2009.0,JAX,180.0,3.0,0.083333336
2016,5,00-0027125,Z.Miller,TE,CHI,IND,0,0,0.0,0,0.0,0.0,0.0,0,0.0,0,8,7,73.0,0,7.3,14.3,,,77.0,240.0,32.090125,7.0,Nebraska-Omaha,2009.0,2009.0,JAX,180.0,,0.19512194
2016,6,00-0027125,Z.Miller,TE,CHI,JAX,0,0,0.0,0,0.0,0.0,0.0,0,0.0,0,10,6,36.0,0,3.6,9.6,,,77.0,240.0,32.090125,7.0,Nebraska-Omaha,2009.0,2009.0,JAX,180.0,-1.0,0.20408164
2016,7,00-0027125,Z.Miller,TE,CHI,GB,0,0,0.0,0,0.0,0.0,0.0,0,0.0,0,5,2,40.0,0,4.0,6.0,,,77.0,240.0,32.090125,7.0,Nebraska-Omaha,2009.0,2009.0,JAX,180.0,,0.1923077
2016,8,00-0027125,Z.Miller,TE,CHI,MIN,0,0,0.0,0,0.0,0.0,0.0,0,0.0,0,10,7,88.0,0,8.8,15.8,,,77.0,240.0,32.090125,7.0,Nebraska-Omaha,2009.0,2009.0,JAX,180.0,10.0,0.32258064
2016,10,00-0027125,Z.Miller,TE,CHI,TB,0,0,0.0,0,0.0,0.0,0.0,0,0.0,0,7,4,32.0,0,3.2,7.2,,,77.0,240.0,32.090125,7.0,Nebraska-Omaha,2009.0,2009.0,JAX,180.0,,0.2413793
2016,11,00-0027125,Z.Miller,TE,CHI,NYG,0,0,0.0,0,0.0,0.0,0.0,0,0.0,0,3,3,61.0,1,12.1,15.1,,,77.0,240.0,32.090125,7.0,Nebraska-Omaha,2009.0,2009.0,JAX,180.0,,0.10344828
2016,1,00-0027135,,TE,TB,ATL,0,0,0.0,0,0.0,0.0,0.0,0,0.0,0,1,1,4.0,1,6.4,7.4,,,75.0,256.0,31.1761875,7.0,Iowa,2009.0,2009.0,OAK,202.0,,0.03125
2016,3,00-0027135,,TE,TB,LA,0,0,0.0,0,0.0,0.0,0.0,0,0.0,0,3,1,7.0,0,0.7,1.7,,,75.0,256.0,31.1761875,7.0,Iowa,2009.0,2009.0,OAK,202.0,-5.0,0.05263158
2016,5,00-0027135,,TE,TB,CAR,0,0,0.0,0,0.0,0.0,0.0,0,0.0,0,1,1,12.0,0,1.2,2.2,,,75.0,256.0,31.1761875,7.0,Iowa,2009.0,2009.0,OAK,202.0,,0.033333335
2016,9,00-0027135,,TE,TB,ATL,0,0,0.0,0,0.0,0.0,0.0,0,0.0,0,0,0,0.0,0,2.0,2.0,,,75.0,256.0,31.1761875,7.0,Iowa,2009.0,2009.0,OAK,202.0,-15.0,
2016,10,00-0027135,,TE,TB,CHI,0,0,0.0,0,0.0,0.0,0.0,0,0.0,0,1,1,6.0,0,0.6,1.6,,,75.0,256.0,31.1761875,7.0,Iowa,2009.0,2009.0,OAK,202.0,26.0,0.03125
2016,13,00-0027135,,TE,TB,LAC,0,0,0.0,0,0.0,0.0,0.0,0,0.0,0,1,0,0.0,0,0.0,0.0,,,75.0,256.0,31.1761875,7.0,Iowa,2009.0,2009.0,OAK,202.0,,0.033333335
2016,14,00-0027135,,TE,TB,NO,0,0,0.0,0,0.0,0.0,0.0,0,0.0,0,1,1,9.0,0,0.9,1.9,,,75.0,256.0,31.1761875,7.0,Iowa,2009.0,2009.0,OAK,202.0,5.0,0.03846154
2016,16,00-0027135,,TE,TB,NO,0,0,0.0,0,0.0,0.0,0.0,0,0.0,0,6,2,21.0,0,2.1,4.1,,,75.0,256.0,31.1761875,7.0,Iowa,2009.0,2009.0,OAK,202.0,,0.1764706
2016,3,00-0027139,J.Phillips,TE,DEN,CIN,0,0,0.0,0,0.0,0.0,0.0,0,0.0,0,4,2,9.0,1,6.9,8.9,,,77.0,251.0,29.40575,7.0,Virginia,2009.0,2009.0,DAL,208.0,,0.114285715
2016,5,00-0027139,J.Phillips,TE,DEN,ATL,0,0,0.0,0,0.0,0.0,0.0,0,0.0,0,1,0,0.0,0,0.0,0.0,,,77.0,251.0,29.40575,7.0,Virginia,2009.0,2009.0,DAL,208.0,-7.0,0.029411765
2016,6,00-0027139,J.Phillips,TE,DEN,LAC,0,0,0.0,0,0.0,0.0,0.0,0,0.0,0,3,3,31.0,0,3.1,6.1,,,77.0,251.0,29.40575,7.0,Virginia,2009.0,2009.0,DAL,208.0,,0.06382979
2016,11,00-0027139,J.Phillips,TE,NO,CAR,0,0,0.0,0,0.0,0.0,0.0,0,0.0,0,1,1,0.0,0,0.0,1.0,,,77.0,251.0,29.40575,7.0,Virginia,2009.0,2009.0,DAL,208.0,,0.022727273
2016,14,00-0027139,J.Phillips,TE,NO,TB,0,0,0.0,0,0.0,0.0,0.0,0,0.0,0,1,1,8.0,0,0.8,1.8,,,77.0,251.0,29.40575,7.0,Virginia,2009.0,2009.0,DAL,208.0,,0.024390243
2016,15,00-0027139,J.Phillips,TE,NO,ARI,0,0,0.0,0,0.0,0.0,0.0,0,0.0,0,1,1,9.0,0,0.9,1.9,,,77.0,251.0,29.40575,7.0,Virginia,2009.0,2009.0,DAL,208.0,,0.020833334
2016,16,00-0027139,J.Phillips,TE,NO,TB,0,0,0.0,0,0.0,0.0,0.0,0,0.0,0,2,2,15.0,0,1.5,3.5,,,77.0,251.0,29.40575,7.0,Virginia,2009.0,2009.0,DAL,208.0,7.0,0.05882353
2016,17,00-0027139,J.Phillips,TE,NO,ATL,0,0,0.0,0,0.0,0.0,0.0,0,0.0,0,2,0,0.0,0,0.0,0.0,,,77.0,251.0,29.40575,7.0,Virginia,2009.0,2009.0,DAL,208.0,,0.040816326
2016,12,00-0027145,,P,IND,PIT,1,1,35.0,0,0.0,0.0,-0.0,0,0.0,0,0,0,0.0,0,1.4,1.4,,,73.0,233.0,29.5150625,7.0,West Virginia,2009.0,2009.0,IND,222.0,-21.0,
2016,16,00-0027145,,P,IND,LV,0,0,0.0,0,0.0,0.0,0.0,1,0.0,0,0,0,0.0,0,0.0,0.0,,,73.0,233.0,29.5150625,7.0,West Virginia,2009.0,2009.0,IND,222.0,,
2016,1,00-0027150,J.Edelman,WR,NE,ARI,0,0,0.0,0,0.0,0.0,0.0,3,16.0,0,7,7,66.0,0,8.2,15.2,,,70.0,200.0,30.495052631578943,7.0,Kent State,2009.0,2009.0,NE,232.0,,0.21212122
2016,2,00-0027150,J.Edelman,WR,NE,MIA,0,0,0.0,0,0.0,0.0,0.0,0,0.0,0,10,7,76.0,0,7.6,14.6,,,70.0,200.0,30.495052631578943,7.0,Kent State,2009.0,2009.0,NE,232.0,7.0,0.2857143
2016,3,00-0027150,J.Edelman,WR,NE,HOU,0,0,0.0,0,0.0,0.0,0.0,3,14.0,0,6,4,38.0,0,5.2,9.2,,,70.0,200.0,30.495052631578943,7.0,Kent State,2009.0,2009.0,NE,232.0,27.0,0.31578946
2016,4,00-0027150,J.Edelman,WR,NE,BUF,0,0,0.0,0,0.0,0.0,0.0,1,1.0,0,4,1,16.0,0,1.7,2.7,,,70.0,200.0,30.495052631578943,7.0,Kent State,2009.0,2009.0,NE,232.0,-16.0,0.14814815
2016,5,00-0027150,J.Edelman,WR,NE,CLE,0,0,0.0,0,0.0,0.0,0.0,0,0.0,0,10,5,35.0,0,3.5,8.5,,,70.0,200.0,30.495052631578943,7.0,Kent State,2009.0,2009.0,NE,232.0,,0.24390244
2016,6,00-0027150,J.Edelman,WR,NE,CIN,0,0,0.0,0,0.0,0.0,0.0,1,8.0,0,7,4,30.0,0,3.8,7.8,,,70.0,200.0,30.495052631578943,7.0,Kent State,2009.0,2009.0,NE,232.0,18.0,0.2
2016,7,00-0027150,J.Edelman,WR,NE,PIT,0,0,0.0,0,0.0,0.0,0.0,0,0.0,0,10,9,60.0,0,6.0,15.0,,,70.0,200.0,30.495052631578943,7.0,Kent State,2009.0,2009.0,NE,232.0,,0.3846154
2016,8,00-0027150,J.Edelman,WR,NE,BUF,0,0,0.0,0,0.0,0.0,0.0,1,0.0,0,8,4,37.0,1,9.7,13.7,,,70.0,200.0,30.495052631578943,7.0,Kent State,2009.0,2009.0,NE,232.0,,0.24242425
2016,10,00-0027150,J.Edelman,WR,NE,SEA,0,0,0.0,0,0.0,0.0,0.0,0,0.0,0,9,7,99.0,0,7.9,14.9,,,70.0,200.0,30.495052631578943,7.0,Kent State,2009.0,2009.0,NE,232.0,-7.0,0.28125
2016,11,00-0027150,J.Edelman,WR,NE,SF,0,0,0.0,0,0.0,0.0,0.0,2,12.0,0,17,8,77.0,1,14.9,22.9,,,70.0,200.0,30.495052631578943,7.0,Kent State,2009.0,2009.0,NE,232.0,,0.4473684
2016,12,00-0027150,J.Edelman,WR,NE,NYJ,0,0,0.0,0,0.0,0.0,0.0,0,0.0,0,11,8,83.0,0,8.3,16.3,,,70.0,200.0,30.495052631578943,7.0,Kent State,2009.0,2009.0,NE,232.0,,0.22
2016,13,00-0027150,J.Edelman,WR,NE,LA,0,0,0.0,0,0.0,0.0,0.0,0,0.0,0,12,8,101.0,0,10.1,18.1,,,70.0,200.0,30.495052631578943,7.0,Kent State,2009.0,2009.0,NE,232.0,16.0,0.26086956
2016,14,00-0027150,J.Edelman,WR,NE,BAL,0,0,0.0,0,0.0,0.0,0.0,0,0.0,0,15,7,73.0,0,7.3,14.3,,,70.0,200.0,30.495052631578943,7.0,Kent State,2009.0,2009.0,NE,232.0,7.0,0.4054054
2016,15,00-0027150,J.Edelman,WR,NE,DEN,0,0,0.0,0,0.0,0.0,0.0,0,0.0,0,12,6,75.0,0,7.5,13.5,,,70.0,200.0,30.495052631578943,7.0,Kent State,2009.0,2009.0,NE,232.0,,0.38709676
2016,16,00-0027150,J.Edelman,WR,NE,NYJ,0,0,0.0,0,0.0,0.0,0.0,0,0.0,0,8,5,89.0,0,8.9,13.9,,,70.0,200.0,30.495052631578943,7.0,Kent State,2009.0,2009.0,NE,232.0,38.0,0.27586207
2016,17,00-0027150,J.Edelman,WR,NE,MIA,0,0,0.0,0,0.0,0.0,0.0,1,6.0,0,13,8,151.0,1,23.7,31.7,,,70.0,200.0,30.495052631578943,7.0,Kent State,2009.0,2009.0,NE,232.0,,0.38235295
2016,19,00-0027150,J.Edelman,WR,NE,HOU,0,0,0.0,0,0.0,0.0,0.0,1,12.0,0,13,8,137.0,0,14.9,22.9,,,70.0,200.0,30.495052631578943,7.0,Kent State,2009.0,2009.0,NE,232.0,18.0,0.3611111
2016,20,00-0027150,J.Edelman,WR,NE,PIT,0,0,0.0,0,0.0,0.0,0.0,0,0.0,0,10,8,118.0,1,17.8,25.8,,,70.0,200.0,30.495052631578943,7.0,Kent State,2009.0,2009.0,NE,232.0,19.0,0.24390244
2016,21,00-0027150,J.Edelman,WR,NE,ATL,0,1,0.0,0,0.0,0.0,-0.0,1,2.0,0,13,5,87.0,0,8.9,13.9,,,70.0,200.0,30.495052631578943,7.0,Kent State,2009.0,2009.0,NE,232.0,,0.20634921
2016,1,00-0027155,,RB,NYG,DAL,0,0,0.0,0,0.0,0.0,0.0,18,75.0,0,2,1,3.0,0,7.8,8.8,,,73.0,231.0,31.627882352941175,7.0,Liberty,2009.0,2009.0,JAX,250.0,,0.071428575
2016,2,00-0027155,,RB,NYG,NO,0,0,0.0,0,0.0,0.0,0.0,13,27.0,0,2,2,13.0,0,4.0,6.0,,,73.0,231.0,31.627882352941175,7.0,Liberty,2009.0,2009.0,JAX,250.0,3.0,0.048780486
2016,6,00-0027155,,RB,NYG,BAL,0,0,0.0,0,0.0,0.0,0.0,9,15.0,0,4,4,20.0,0,3.5,7.5,,,73.0,231.0,31.627882352941175,7.0,Liberty,2009.0,2009.0,JAX,250.0,4.0,0.08695652
2016,7,00-0027155,,RB,NYG,LA,0,0,0.0,0,0.0,0.0,0.0,13,25.0,1,3,2,24.0,0,10.9,12.9,,,73.0,231.0,31.627882352941175,7.0,Liberty,2009.0,2009.0,JAX,250.0,,0.08108108
2016,9,00-0027155,,RB,NYG,PHI,0,0,0.0,0,0.0,0.0,0.0,11,26.0,0,3,3,13.0,0,3.9,6.9,,,73.0,231.0,31.627882352941175,7.0,Liberty,2009.0,2009.0,JAX,250.0,5.0,0.083333336
2016,10,00-0027155,,RB,NYG,CIN,0,0,0.0,0,0.0,0.0,0.0,15,87.0,0,6,3,22.0,0,10.9,13.9,,,73.0,231.0,31.627882352941175,7.0,Liberty,2009.0,2009.0,JAX,250.0,1.0,0.13636364
2016,11,00-0027155,,RB,NYG,CHI,0,0,0.0,0,0.0,0.0,0.0,21,85.0,1,6,5,44.0,0,18.9,23.9,,,73.0,231.0,31.627882352941175,7.0,Liberty,2009.0,2009.0,JAX,250.0,6.0,0.16666667
2016,12,00-0027155,,RB,NYG,CLE,0,0,0.0,0,0.0,0.0,0.0,15,55.0,0,2,2,4.0,0,5.9,7.9,,,73.0,231.0,31.627882352941175,7.0,Liberty,2009.0,2009.0,JAX,250.0,,0.074074075
2016,13,00-0027155,,RB,NYG,PIT,0,0,0.0,0,0.0,0.0,0.0,6,19.0,0,6,6,34.0,1,11.3,17.3,,,73.0,231.0,31.627882352941175,7.0,Liberty,2009.0,2009.0,JAX,250.0,,0.15384616
2016,14,00-0027155,,RB,NYG,DAL,0,0,0.0,0,0.0,0.0,0.0,15,45.0,0,2,2,12.0,0,5.7,7.7,,,73.0,231.0,31.627882352941175,7.0,Liberty,2009.0,2009.0,JAX,250.0,3.0,0.071428575
2016,15,00-0027155,,RB,NYG,DET,0,0,0.0,0,0.0,0.0,0.0,18,38.0,0,0,0,0.0,0,3.8,3.8,,,73.0,231.0,31.627882352941175,7.0,Liberty,2009.0,2009.0,JAX,250.0,11.0,
2016,16,00-0027155,,RB,NYG,PHI,0,0,0.0,0,0.0,0.0,0.0,9,44.0,0,5,4,7.0,0,5.1,9.1,,,73.0,231.0,31.627882352941175,7.0,Liberty,2009.0,2009.0,JAX,250.0,,0.07936508
2016,17,00-0027155,,RB,NYG,WAS,0,0,0.0,0,0.0,0.0,0.0,18,52.0,1,1,1,5.0,0,11.7,12.7,,,73.0,231.0,31.627882352941175,7.0,Liberty,2009.0,2009.0,JAX,250.0,,0.03846154
2016,18,00-0027155,,RB,NYG,GB,0,0,0.0,0,0.0,0.0,0.0,5,29.0,0,1,1,4.0,0,3.3,4.3,,,73.0,231.0,31.627882352941175,7.0,Liberty,2009.0,2009.0,JAX,250.0,,0.022727273
2016,1,00-0027215,L.Paulsen,TE,CHI,HOU,0,0,0.0,0,0.0,0.0,0.0,0,0.0,0,1,0,0.0,0,0.0,0.0,,,77.0,261.0,29.6943125,6.0,UCLA,2010.0,2010.0,,,,0.035714287
2016,4,00-0027215,L.Paulsen,TE,CHI,DET,0,0,0.0,0,0.0,0.0,0.0,0,0.0,0,3,2,10.0,0,1.0,3.0,,,77.0,261.0,29.6943125,6.0,UCLA,2010.0,2010.0,,,3.0,0.083333336
2016,5,00-0027215,L.Paulsen,TE,CHI,IND,0,0,0.0,0,0.0,0.0,0.0,0,0.0,0,1,0,0.0,0,0.0,0.0,,,77.0,261.0,29.6943125,6.0,UCLA,2010.0,2010.0,,,,0.024390243
2016,8,00-0027215,L.Paulsen,TE,CHI,MIN,0,0,0.0,0,0.0,0.0,0.0,0,0.0,0,2,1,5.0,0,0.5,1.5,,,77.0,261.0,29.6943125,6.0,UCLA,2010.0,2010.0,,,10.0,0.06451613
2016,10,00-0027215,L.Paulsen,TE,CHI,TB,0,0,0.0,0,0.0,0.0,0.0,0,0.0,0,1,0,0.0,0,0.0,0.0,,,77.0,261.0,29.6943125,6.0,UCLA,2010.0,2010.0,,,,0.03448276
2016,11,00-0027215,L.Paulsen,TE,CHI,NYG,0,0,0.0,0,0.0,0.0,0.0,0,0.0,0,1,0,0.0,0,0.0,0.0,,,77.0,261.0,29.6943125,6.0,UCLA,2010.0,2010.0,,,,0.03448276
2016,12,00-0027215,L.Paulsen,TE,CHI,TEN,0,0,0.0,0,0.0,0.0,0.0,0,0.0,0,1,0,0.0,0,0.0,0.0,,,77.0,261.0,29.6943125,6.0,UCLA,2010.0,2010.0,,,-6.0,0.018518519
2016,4,00-0027218,,RB,CHI,DET,0,0,0.0,0,0.0,0.0,0.0,3,6.0,0,0,0,0.0,0,0.6,0.6,,,71.0,231.0,30.302555555555557,6.0,Wayne State (Mich.),2010.0,2010.0,,,3.0,
2016,14,00-0027218,,RB,DET,CHI,0,0,0.0,0,0.0,0.0,0.0,0,0.0,0,1,1,-2.0,0,-0.2,0.8,,,71.0,231.0,30.302555555555557,6.0,Wayne State (Mich.),2010.0,2010.0,,,3.0,0.029411765
2016,1,00-0027265,V.Cruz,WR,NYG,DAL,0,0,0.0,0,0.0,0.0,0.0,0,0.0,0,4,4,34.0,1,9.4,13.4,,,72.0,204.0,29.998882352941177,6.0,Massachusetts,2010.0,2010.0,,,,0.14285715
2016,2,00-0027265,V.Cruz,WR,NYG,NO,0,0,0.0,0,0.0,0.0,0.0,0,0.0,0,8,4,91.0,0,7.1,11.1,,,72.0,204.0,29.998882352941177,6.0,Massachusetts,2010.0,2010.0,,,3.0,0.19512194
2016,3,00-0027265,V.Cruz,WR,NYG,WAS,0,0,0.0,0,0.0,0.0,0.0,0,0.0,0,3,3,70.0,0,7.0,10.0,,,72.0,204.0,29.998882352941177,6.0,Massachusetts,2010.0,2010.0,,,-2.0,0.078947365
2016,4,00-0027265,V.Cruz,WR,NYG,MIN,0,0,0.0,0,0.0,0.0,0.0,0,0.0,0,9,5,50.0,0,5.0,10.0,,,72.0,204.0,29.998882352941177,6.0,Massachusetts,2010.0,2010.0,,,,0.2
2016,5,00-0027265,V.Cruz,WR,NYG,GB,0,0,0.0,0,0.0,0.0,0.0,0,0.0,0,2,0,0.0,0,0.0,0.0,,,72.0,204.0,29.998882352941177,6.0,Massachusetts,2010.0,2010.0,,,,0.057142857
2016,6,00-0027265,V.Cruz,WR,NYG,BAL,0,0,0.0,0,0.0,0.0,0.0,0,0.0,0,7,3,31.0,0,3.1,6.1,,,72.0,204.0,29.998882352941177,6.0,Massachusetts,2010.0,2010.0,,,4.0,0.1521739
2016,7,00-0027265,V.Cruz,WR,NYG,LA,0,0,0.0,0,0.0,0.0,0.0,0,0.0,0,8,5,55.0,0,5.5,10.5,,,72.0,204.0,29.998882352941177,6.0,Massachusetts,2010.0,2010.0,,,,0.21621622
2016,9,00-0027265,V.Cruz,WR,NYG,PHI,0,0,0.0,0,0.0,0.0,0.0,0,0.0,0,1,1,46.0,0,4.6,5.6,,,72.0,204.0,29.998882352941177,6.0,Massachusetts,2010.0,2010.0,,,5.0,0.027777778
2016,11,00-0027265,V.Cruz,WR,NYG,CHI,0,0,0.0,0,0.0,0.0,0.0,0,0.0,0,2,1,48.0,0,4.8,5.8,,,72.0,204.0,29.998882352941177,6.0,Massachusetts,2010.0,2010.0,,,6.0,0.055555556
2016,12,00-0027265,V.Cruz,WR,NYG,CLE,0,0,0.0,0,0.0,0.0,0.0,0,0.0,0,5,1,37.0,0,3.7,4.7,,,72.0,204.0,29.998882352941177,6.0,Massachusetts,2010.0,2010.0,,,,0.18518518
2016,14,00-0027265,V.Cruz,WR,NYG,DAL,0,0,0.0,0,0.0,0.0,0.0,0,0.0,0,4,1,4.0,0,0.4,1.4,,,72.0,204.0,29.998882352941177,6.0,Massachusetts,2010.0,2010.0,,,3.0,0.14285715
2016,15,00-0027265,V.Cruz,WR,NYG,DET,0,0,0.0,0,0.0,0.0,0.0,0,0.0,0,2,1,29.0,0,2.9,3.9,,,72.0,204.0,29.998882352941177,6.0,Massachusetts,2010.0,2010.0,,,11.0,0.071428575
2016,16,00-0027265,V.Cruz,WR,NYG,PHI,0,0,0.0,0,0.0,0.0,0.0,0,0.0,0,13,8,84.0,0,8.4,16.4,,,72.0,204.0,29.998882352941177,6.0,Massachusetts,2010.0,2010.0,,,,0.20634921
2016,17,00-0027265,V.Cruz,WR,NYG,WAS,0,0,0.0,0,0.0,0.0,0.0,0,0.0,0,4,2,7.0,0,0.7,2.7,,,72.0,204.0,29.998882352941177,6.0,Massachusetts,2010.0,2010.0,,,,0.15384616
2016,18,00-0027265,V.Cruz,WR,NYG,GB,0,0,0.0,0,0.0,0.0,0.0,0,0.0,0,4,3,30.0,0,3.0,6.0,,,72.0,204.0,29.998882352941177,6.0,Massachusetts,2010.0,2010.0,,,,0.09090909
2016,1,00-0027325,L.Blount,RB,NE,ARI,0,0,0.0,0,0.0,0.0,0.0,22,70.0,1,0,0,0.0,0,11.0,11.0,,,72.0,250.0,29.955684210526318,6.0,Oregon,2010.0,2010.0,,,,
2016,2,00-0027325,L.Blount,RB,NE,MIA,0,0,0.0,0,0.0,0.0,0.0,29,123.0,1,0,0,0.0,0,18.3,18.3,,,72.0,250.0,29.955684210526318,6.0,Oregon,2010.0,2010.0,,,7.0,
2016,3,00-0027325,L.Blount,RB,NE,HOU,0,0,0.0,0,0.0,0.0,0.0,24,105.0,2,0,0,0.0,0,22.5,22.5,,,72.0,250.0,29.955684210526318,6.0,Oregon,2010.0,2010.0,,,27.0,
2016,4,00-0027325,L.Blount,RB,NE,BUF,0,0,0.0,0,0.0,0.0,0.0,13,54.0,0,3,3,4.0,0,5.8,8.8,,,72.0,250.0,29.955684210526318,6.0,Oregon,2010.0,2010.0,,,-16.0,0.11111111
2016,5,00-0027325,L.Blount,RB,NE,CLE,0,0,0.0,0,0.0,0.0,0.0,18,37.0,1,0,0,0.0,0,9.7,9.7,,,72.0,250.0,29.955684210526318,6.0,Oregon,2010.0,2010.0,,,,
2016,6,00-0027325,L.Blount,RB,NE,CIN,0,0,0.0,0,0.0,0.0,0.0,13,50.0,1,2,2,20.0,0,13.0,15.0,,,72.0,250.0,29.955684210526318,6.0,Oregon,2010.0,2010.0,,,18.0,0.057142857
2016,7,00-0027325,L.Blount,RB,NE,PIT,0,0,0.0,0,0.0,0.0,0.0,24,127.0,2,1,1,7.0,0,25.4,26.4,,,72.0,250.0,29.955684210526318,6.0,Oregon,2010.0,2010.0,,,,0.03846154
2016,8,00-0027325,L.Blount,RB,NE,BUF,0,0,0.0,0,0.0,0.0,0.0,18,43.0,1,0,0,0.0,0,10.3,10.3,,,72.0,250.0,29.955684210526318,6.0,Oregon,2010.0,2010.0,,,,
2016,10,00-0027325,L.Blount,RB,NE,SEA,0,0,0.0,0,0.0,0.0,0.0,21,69.0,3,0,0,0.0,0,24.9,24.9,,,72.0,250.0,29.955684210526318,6.0,Oregon,2010.0,2010.0,,,-7.0,
2016,11,00-0027325,L.Blount,RB,NE,SF,0,0,0.0,0,0.0,0.0,0.0,19,124.0,0,0,0,0.0,0,12.4,12.4,,,72.0,250.0,29.955684210526318,6.0,Oregon,2010.0,2010.0,,,,
2016,12,00-0027325,L.Blount,RB,NE,NYJ,0,0,0.0,0,0.0,0.0,0.0,11,67.0,0,1,0,0.0,0,6.7,6.7,,,72.0,250.0,29.955684210526318,6.0,Oregon,2010.0,2010.0,,,,0.02
2016,13,00-0027325,L.Blount,RB,NE,LA,0,0,0.0,0,0.0,0.0,0.0,18,88.0,1,0,0,0.0,0,14.8,14.8,,,72.0,250.0,29.955684210526318,6.0,Oregon,2010.0,2010.0,,,16.0,
2016,14,00-0027325,L.Blount,RB,NE,BAL,0,0,0.0,0,0.0,0.0,0.0,18,72.0,1,1,1,7.0,0,13.9,14.9,,,72.0,250.0,29.955684210526318,6.0,Oregon,2010.0,2010.0,,,7.0,0.027027028
2016,15,00-0027325,L.Blount,RB,NE,DEN,0,0,0.0,0,0.0,0.0,0.0,17,31.0,1,0,0,0.0,0,9.1,9.1,,,72.0,250.0,29.955684210526318,6.0,Oregon,2010.0,2010.0,,,,
2016,16,00-0027325,L.Blount,RB,NE,NYJ,0,0,0.0,0,0.0,0.0,0.0,20,50.0,2,0,0,0.0,0,17.0,17.0,,,72.0,250.0,29.955684210526318,6.0,Oregon,2010.0,2010.0,,,38.0,
2016,17,00-0027325,L.Blount,RB,NE,MIA,0,0,0.0,0,0.0,0.0,0.0,14,51.0,1,0,0,0.0,0,11.1,11.1,,,72.0,250.0,29.955684210526318,6.0,Oregon,2010.0,2010.0,,,,
2016,19,00-0027325,L.Blount,RB,NE,HOU,0,0,0.0,0,0.0,0.0,0.0,8,31.0,0,0,0,0.0,0,3.1,3.1,,,72.0,250.0,29.955684210526318,6.0,Oregon,2010.0,2010.0,,,18.0,
2016,20,00-0027325,L.Blount,RB,NE,PIT,0,0,0.0,0,0.0,0.0,0.0,16,47.0,1,1,1,8.0,0,11.5,12.5,,,72.0,250.0,29.955684210526318,6.0,Oregon,2010.0,2010.0,,,19.0,0.024390243
2016,21,00-0027325,L.Blount,RB,NE,ATL,0,0,0.0,0,0.0,0.0,0.0,11,31.0,0,0,0,0.0,0,1.1,1.1,,,72.0,250.0,29.955684210526318,6.0,Oregon,2010.0,2010.0,,,,
2016,3,00-0027531,C.Ivory,RB,JAX,BAL,0,0,0.0,0,0.0,0.0,0.0,12,14.0,0,1,1,9.0,0,2.3,3.3,,,72.0,222.0,28.6310625,6.0,Tiffin University,2010.0,2010.0,,,-2.0,0.02631579
2016,4,00-0027531,C.Ivory,RB,JAX,IND,0,0,0.0,0,0.0,0.0,0.0,8,29.0,0,1,0,0.0,0,2.9,2.9,,,72.0,222.0,28.6310625,6.0,Tiffin University,2010.0,2010.0,,,3.0,0.030303031
2016,6,00-0027531,C.Ivory,RB,JAX,CHI,0,0,0.0,0,0.0,0.0,0.0,11,32.0,1,2,2,3.0,0,9.5,11.5,,,72.0,222.0,28.6310625,6.0,Tiffin University,2010.0,2010.0,,,,0.060606062
2016,7,00-0027531,C.Ivory,RB,JAX,LV,0,0,0.0,0,0.0,0.0,0.0,5,48.0,0,4,2,3.0,0,5.1,7.1,,,72.0,222.0,28.6310625,6.0,Tiffin University,2010.0,2010.0,,,-17.0,0.093023255
2016,8,00-0027531,C.Ivory,RB,JAX,TEN,0,0,0.0,0,0.0,0.0,0.0,4,6.0,0,1,1,6.0,0,1.2,2.2,,,72.0,222.0,28.6310625,6.0,Tiffin University,2010.0,2010.0,,,,0.018518519
2016,9,00-0027531,C.Ivory,RB,JAX,KC,0,0,0.0,0,0.0,0.0,0.0,18,107.0,0,2,1,0.0,0,8.7,9.7,,,72.0,222.0,28.6310625,6.0,Tiffin University,2010.0,2010.0,,,,0.05
2016,10,00-0027531,C.Ivory,RB,JAX,HOU,0,0,0.0,0,0.0,0.0,0.0,9,31.0,0,3,2,10.0,0,4.1,6.1,,,72.0,222.0,28.6310625,6.0,Tiffin University,2010.0,2010.0,,,-3.0,0.06122449
2016,11,00-0027531,C.Ivory,RB,JAX,DET,0,0,0.0,0,0.0,0.0,0.0,17,39.0,0,6,6,75.0,0,9.4,15.4,,,72.0,222.0,28.6310625,6.0,Tiffin University,2010.0,2010.0,,,,0.17142858
2016,12,00-0027531,C.Ivory,RB,JAX,BUF,0,0,0.0,0,0.0,0.0,0.0,9,44.0,1,1,1,11.0,0,11.5,12.5,,,72.0,222.0,28.6310625,6.0,Tiffin University,2010.0,2010.0,,,,0.04
2016,15,00-0027531,C.Ivory,RB,JAX,HOU,0,0,0.0,0,0.0,0.0,0.0,10,44.0,0,1,0,0.0,0,4.4,4.4,,,72.0,222.0,28.6310625,6.0,Tiffin University,2010.0,2010.0,,,,0.035714287
2016,16,00-0027531,C.Ivory,RB,JAX,TEN,0,0,0.0,0,0.0,0.0,0.0,14,45.0,1,6,4,69.0,0,15.4,19.4,,,72.0,222.0,28.6310625,6.0,Tiffin University,2010.0,2010.0,,,21.0,0.15384616
2016,3,00-0027547,M.Sherels,CB,MIN,MIN,0,0,0.0,0,0.0,0.0,0.0,0,0.0,0,0,0,0.0,0,6.0,6.0,,,70.0,175.0,29.106125,6.0,Minnesota,2010.0,2010.0,,,,
2016,5,00-0027547,M.Sherels,CB,MIN,MIN,0,0,0.0,0,0.0,0.0,0.0,0,0.0,0,0,0,0.0,0,6.0,6.0,,,70.0,175.0,29.106125,6.0,Minnesota,2010.0,2010.0,,,18.0,
2016,4,00-0027595,,WR,JAX,IND,0,0,0.0,0,0.0,0.0,0.0,0,0.0,0,1,0,0.0,0,0.0,0.0,,,72.0,195.0,29.0196,6.0,,2010.0,2010.0,,,3.0,0.030303031
2016,8,00-0027595,,WR,JAX,TEN,0,0,0.0,0,0.0,0.0,0.0,0,0.0,0,2,2,14.0,1,7.4,9.4,,,72.0,195.0,29.0196,6.0,,2010.0,2010.0,,,,0.037037037
2016,9,00-0027595,,WR,JAX,KC,0,0,0.0,0,0.0,0.0,0.0,0,0.0,0,1,0,0.0,0,0.0,0.0,,,72.0,195.0,29.0196,6.0,,2010.0,2010.0,,,,0.025
2016,13,00-0027595,,WR,JAX,DEN,0,0,0.0,0,0.0,0.0,0.0,0,0.0,0,6,3,31.0,0,3.1,6.1,,,72.0,195.0,29.0196,6.0,,2010.0,2010.0,,,-10.0,0.14285715
2016,14,00-0027595,,WR,JAX,MIN,0,0,0.0,0,0.0,0.0,0.0,0,0.0,0,4,4,31.0,1,9.1,13.1,,,72.0,195.0,29.0196,6.0,,2010.0,2010.0,,,-9.0,0.10810811
2016,15,00-0027595,,WR,JAX,HOU,0,0,0.0,0,0.0,0.0,0.0,0,0.0,0,5,2,26.0,0,2.6,4.6,,,72.0,195.0,29.0196,6.0,,2010.0,2010.0,,,,0.17857143
2016,16,00-0027595,,WR,JAX,TEN,0,0,0.0,0,0.0,0.0,0.0,0,0.0,0,6,5,45.0,0,4.5,9.5,,,72.0,195.0,29.0196,6.0,,2010.0,2010.0,,,21.0,0.15384616
2016,17,00-0027595,,WR,JAX,IND,0,0,0.0,0,0.0,0.0,0.0,1,4.0,0,9,8,84.0,0,8.8,16.8,,,72.0,195.0,29.0196,6.0,,2010.0,2010.0,,,,0.23076923
2016,3,00-0027651,,WR,LAC,IND,0,0,0.0,0,0.0,0.0,0.0,0,0.0,0,3,2,9.0,0,0.9,2.9,,,68.0,170.0,28.2056,6.0,Mississippi,2010.0,2010.0,KC,36.0,,0.08108108
2016,4,00-0027651,,WR,LAC,NO,0,0,0.0,0,0.0,0.0,0.0,1,2.0,0,3,2,9.0,0,1.1,3.1,,,68.0,170.0,28.2056,6.0,Mississippi,2010.0,2010.0,KC,36.0,,0.069767445
2016,5,00-0027651,,WR,LAC,LV,0,0,0.0,0,0.0,0.0,0.0,1,1.0,0,0,0,0.0,0,0.1,0.1,,,68.0,170.0,28.2056,6.0,Mississippi,2010.0,2010.0,KC,36.0,,
2016,6,00-0027651,,WR,LAC,DEN,0,0,0.0,0,0.0,0.0,0.0,0,0.0,0,2,2,15.0,0,1.5,3.5,,,68.0,170.0,28.2056,6.0,Mississippi,2010.0,2010.0,KC,36.0,,0.06896552
2016,7,00-0027651,,WR,LAC,ATL,0,0,0.0,0,0.0,0.0,0.0,1,-1.0,0,2,0,0.0,0,-0.1,-0.1,,,68.0,170.0,28.2056,6.0,Mississippi,2010.0,2010.0,KC,36.0,,0.045454547
2016,8,00-0027651,,WR,LAC,DEN,0,0,0.0,0,0.0,0.0,0.0,0,0.0,0,1,1,3.0,0,0.3,1.3,,,68.0,170.0,28.2056,6.0,Mississippi,2010.0,2010.0,KC,36.0,,0.022222223
2016,2,00-0027654,A.Benn,WR,JAX,LAC,0,0,0.0,0,0.0,0.0,0.0,0,0.0,0,2,1,9.0,0,0.9,1.9,,,74.0,220.0,28.1656875,6.0,Illinois,2010.0,2010.0,TB,39.0,,0.040816326
2016,4,00-0027654,A.Benn,WR,JAX,IND,0,0,0.0,0,0.0,0.0,0.0,0,0.0,0,2,1,1.0,0,0.1,1.1,,,74.0,220.0,28.1656875,6.0,Illinois,2010.0,2010.0,TB,39.0,3.0,0.060606062
2016,6,00-0027654,A.Benn,WR,JAX,CHI,0,0,0.0,0,0.0,0.0,0.0,0,0.0,0,1,1,51.0,1,11.1,12.1,,,74.0,220.0,28.1656875,6.0,Illinois,2010.0,2010.0,TB,39.0,,0.030303031
2016,7,00-0027654,A.Benn,WR,JAX,LV,0,0,0.0,0,0.0,0.0,0.0,0,0.0,0,2,1,39.0,0,3.9,4.9,,,74.0,220.0,28.1656875,6.0,Illinois,2010.0,2010.0,TB,39.0,-17.0,0.046511628
2016,8,00-0027654,A.Benn,WR,JAX,TEN,0,0,0.0,0,0.0,0.0,0.0,0,0.0,0,1,0,0.0,0,0.0,0.0,,,74.0,220.0,28.1656875,6.0,Illinois,2010.0,2010.0,TB,39.0,,0.018518519
2016,9,00-0027654,A.Benn,WR,JAX,KC,0,0,0.0,0,0.0,0.0,0.0,0,0.0,0,1,1,16.0,0,1.6,2.6,,,74.0,220.0,28.1656875,6.0,Illinois,2010.0,2010.0,TB,39.0,,0.025
2016,14,00-0027654,A.Benn,WR,JAX,MIN,0,0,0.0,0,0.0,0.0,0.0,0,0.0,0,1,0,0.0,0,0.0,0.0,,,74.0,220.0,28.1656875,6.0,Illinois,2010.0,2010.0,TB,39.0,-9.0,0.027027028
2016,3,00-0027656,R.Gronkowski,TE,NE,HOU,0,0,0.0,0,0.0,0.0,0.0,0,0.0,0,1,0,0.0,0,0.0,0.0,,,78.0,265.0,27.51621052631579,6.0,Arizona,2010.0,2010.0,NE,42.0,27.0,0.05263158
2016,4,00-0027656,R.Gronkowski,TE,NE,BUF,0,0,0.0,0,0.0,0.0,0.0,0,0.0,0,2,1,11.0,0,1.1,2.1,,,78.0,265.0,27.51621052631579,6.0,Arizona,2010.0,2010.0,NE,42.0,-16.0,0.074074075
2016,5,00-0027656,R.Gronkowski,TE,NE,CLE,0,0,0.0,0,0.0,0.0,0.0,0,0.0,0,7,5,109.0,0,10.9,15.9,,,78.0,265.0,27.51621052631579,6.0,Arizona,2010.0,2010.0,NE,42.0,,0.17073171
2016,6,00-0027656,R.Gronkowski,TE,NE,CIN,0,0,0.0,0,0.0,0.0,0.0,0,0.0,0,9,7,162.0,1,22.2,29.2,,,78.0,265.0,27.51621052631579,6.0,Arizona,2010.0,2010.0,NE,42.0,18.0,0.25714287
2016,7,00-0027656,R.Gronkowski,TE,NE,PIT,0,0,0.0,0,0.0,0.0,0.0,0,0.0,0,4,4,93.0,1,15.3,19.3,,,78.0,265.0,27.51621052631579,6.0,Arizona,2010.0,2010.0,NE,42.0,,0.15384616
2016,8,00-0027656,R.Gronkowski,TE,NE,BUF,0,0,0.0,0,0.0,0.0,0.0,0,0.0,0,7,5,109.0,1,16.9,21.9,,,78.0,265.0,27.51621052631579,6.0,Arizona,2010.0,2010.0,NE,42.0,,0.21212122
2016,10,00-0027656,R.Gronkowski,TE,NE,SEA,0,0,0.0,0,0.0,0.0,0.0,0,0.0,0,6,3,56.0,0,5.6,8.6,,,78.0,265.0,27.51621052631579,6.0,Arizona,2010.0,2010.0,NE,42.0,-7.0,0.1875
2016,12,00-0027656,R.Gronkowski,TE,NE,NYJ,0,0,0.0,0,0.0,0.0,0.0,0,0.0,0,2,0,0.0,0,0.0,0.0,,,78.0,265.0,27.51621052631579,6.0,Arizona,2010.0,2010.0,NE,42.0,,0.04
2016,2,00-0027675,E.Dickson,TE,CAR,SF,0,0,0.0,0,0.0,0.0,0.0,0,0.0,0,1,0,0.0,0,0.0,0.0,,,76.0,255.0,29.288375,6.0,Oregon,2010.0,2010.0,BAL,70.0,19.0,0.025641026
2016,3,00-0027675,E.Dickson,TE,CAR,MIN,0,0,0.0,0,0.0,0.0,0.0,0,0.0,0,1,1,23.0,0,2.3,3.3,,,76.0,255.0,29.288375,6.0,Oregon,2010.0,2010.0,BAL,70.0,-12.0,0.027777778
2016,4,00-0027675,E.Dickson,TE,CAR,ATL,0,0,0.0,0,0.0,0.0,0.0,0,0.0,0,2,2,17.0,0,1.7,3.7,,,76.0,255.0,29.288375,6.0,Oregon,2010.0,2010.0,BAL,70.0,,0.041666668
2016,6,00-0027675,E.Dickson,TE,CAR,NO,0,0,0.0,0,0.0,0.0,0.0,0,0.0,0,4,3,23.0,1,8.3,11.3,,,76.0,255.0,29.288375,6.0,Oregon,2010.0,2010.0,BAL,70.0,,0.08695652
2016,9,00-0027675,E.Dickson,TE,CAR,LA,0,0,0.0,0,0.0,0.0,0.0,0,0.0,0,3,2,17.0,0,1.7,3.7,,,76.0,255.0,29.288375,6.0,Oregon,2010.0,2010.0,BAL,70.0,,0.09375
2016,10,00-0027675,E.Dickson,TE,CAR,KC,0,0,0.0,0,0.0,0.0,0.0,0,0.0,0,2,1,26.0,0,2.6,3.6,,,76.0,255.0,29.288375,6.0,Oregon,2010.0,2010.0,BAL,70.0,-3.0,0.05263158
2016,11,00-0027675,E.Dickson,TE,CAR,NO,0,0,0.0,0,0.0,0.0,0.0,0,0.0,0,1,0,0.0,0,0.0,0.0,,,76.0,255.0,29.288375,6.0,Oregon,2010.0,2010.0,BAL,70.0,3.0,0.03125
2016,13,00-0027675,E.Dickson,TE,CAR,SEA,0,0,0.0,0,0.0,0.0,0.0,0,0.0,0,1,0,0.0,0,0.0,0.0,,,76.0,255.0,29.288375,6.0,Oregon,2010.0,2010.0,BAL,70.0,,0.03125
2016,14,00-0027675,E.Dickson,TE,CAR,LAC,0,0,0.0,0,0.0,0.0,0.0,0,0.0,0,1,0,0.0,0,0.0,0.0,,,76.0,255.0,29.288375,6.0,Oregon,2010.0,2010.0,BAL,70.0,12.0,0.037037037
2016,15,00-0027675,E.Dickson,TE,CAR,WAS,0,0,0.0,0,0.0,0.0,0.0,0,0.0,0,1,1,28.0,0,2.8,3.8,,,76.0,255.0,29.288375,6.0,Oregon,2010.0,2010.0,BAL,70.0,,0.028571429
2016,16,00-0027675,E.Dickson,TE,CAR,ATL,0,0,0.0,0,0.0,0.0,0.0,0,0.0,0,1,0,0.0,0,0.0,0.0,,,76.0,255.0,29.288375,6.0,Oregon,2010.0,2010.0,BAL,70.0,-17.0,0.023255814
2016,17,00-0027675,E.Dickson,TE,CAR,TB,0,0,0.0,0,0.0,0.0,0.0,0,0.0,0,1,0,0.0,0,0.0,0.0,,,76.0,255.0,29.288375,6.0,Oregon,2010.0,2010.0,BAL,70.0,,0.032258064
2016,1,00-0027681,B.LaFell,WR,CIN,NYJ,0,0,0.0,0,0.0,0.0,0.0,0,0.0,0,4,4,91.0,0,9.1,13.1,,,75.0,210.0,30.0064375,6.0,LSU,2010.0,2010.0,CAR,78.0,,0.13333334
2016,2,00-0027681,B.LaFell,WR,CIN,PIT,0,0,0.0,0,0.0,0.0,0.0,0,0.0,0,8,3,39.0,0,3.9,6.9,,,75.0,210.0,30.0064375,6.0,LSU,2010.0,2010.0,CAR,78.0,,0.14814815
2016,3,00-0027681,B.LaFell,WR,CIN,DEN,0,0,0.0,0,0.0,0.0,0.0,1,-2.0,0,3,2,34.0,0,3.2,5.2,,,75.0,210.0,30.0064375,6.0,LSU,2010.0,2010.0,CAR,78.0,-12.0,0.10714286
2016,4,00-0027681,B.LaFell,WR,CIN,MIA,0,0,0.0,0,0.0,0.0,0.0,0,0.0,0,6,4,44.0,0,4.4,8.4,,,75.0,210.0,30.0064375,6.0,LSU,2010.0,2010.0,CAR,78.0,15.0,0.19354838
2016,5,00-0027681,B.LaFell,WR,CIN,DAL,0,0,0.0,0,0.0,0.0,0.0,0,0.0,0,11,8,68.0,2,18.8,26.8,,,75.0,210.0,30.0064375,6.0,LSU,2010.0,2010.0,CAR,78.0,,0.2820513
2016,6,00-0027681,B.LaFell,WR,CIN,NE,0,0,0.0,0,0.0,0.0,0.0,0,0.0,0,5,2,13.0,1,7.3,9.3,,,75.0,210.0,30.0064375,6.0,LSU,2010.0,2010.0,CAR,78.0,,0.16129032
2016,7,00-0027681,B.LaFell,WR,CIN,CLE,0,0,0.0,0,0.0,0.0,0.0,0,0.0,0,5,4,83.0,1,14.3,18.3,,,75.0,210.0,30.0064375,6.0,LSU,2010.0,2010.0,CAR,78.0,14.0,0.1923077
2016,8,00-0027681,B.LaFell,WR,CIN,WAS,0,0,0.0,0,0.0,0.0,0.0,0,0.0,0,2,1,6.0,0,0.6,1.6,,,75.0,210.0,30.0064375,6.0,LSU,2010.0,2010.0,CAR,78.0,0.0,0.04761905
2016,10,00-0027681,B.LaFell,WR,CIN,NYG,0,0,0.0,0,0.0,0.0,0.0,0,0.0,0,2,1,9.0,0,0.9,1.9,,,75.0,210.0,30.0064375,6.0,LSU,2010.0,2010.0,CAR,78.0,,0.071428575
2016,11,00-0027681,B.LaFell,WR,CIN,BUF,0,0,0.0,0,0.0,0.0,0.0,0,0.0,0,9,4,32.0,0,3.2,7.2,,,75.0,210.0,30.0064375,6.0,LSU,2010.0,2010.0,CAR,78.0,-4.0,0.225
2016,12,00-0027681,B.LaFell,WR,CIN,BAL,0,0,0.0,0,0.0,0.0,0.0,0,0.0,0,9,3,38.0,0,3.8,6.8,,,75.0,210.0,30.0064375,6.0,LSU,2010.0,2010.0,CAR,78.0,,0.19148937
2016,13,00-0027681,B.LaFell,WR,CIN,PHI,0,0,0.0,0,0.0,0.0,0.0,0,0.0,0,7,5,95.0,1,15.5,20.5,,,75.0,210.0,30.0064375,6.0,LSU,2010.0,2010.0,CAR,78.0,18.0,0.2413793
2016,14,00-0027681,B.LaFell,WR,CIN,CLE,0,0,0.0,0,0.0,0.0,0.0,0,0.0,0,6,3,22.0,0,2.2,5.2,,,75.0,210.0,30.0064375,6.0,LSU,2010.0,2010.0,CAR,78.0,,0.21428572
2016,15,00-0027681,B.LaFell,WR,CIN,PIT,0,0,0.0,0,0.0,0.0,0.0,0,0.0,0,9,7,91.0,0,9.1,16.1,,,75.0,210.0,30.0064375,6.0,LSU,2010.0,2010.0,CAR,78.0,-4.0,0.39130434
2016,16,00-0027681,B.LaFell,WR,CIN,HOU,0,0,0.0,0,0.0,0.0,0.0,0,0.0,0,10,6,130.0,1,19.0,25.0,,,75.0,210.0,30.0064375,6.0,LSU,2010.0,2010.0,CAR,78.0,,0.24390244
2016,17,00-0027681,B.LaFell,WR,CIN,BAL,0,0,0.0,0,0.0,0.0,0.0,0,0.0,0,11,7,67.0,0,6.7,13.7,,,75.0,210.0,30.0064375,6.0,LSU,2010.0,2010.0,CAR,78.0,17.0,0.44
2016,1,00-0027685,E.Sanders,WR,DEN,CAR,0,0,0.0,0,0.0,0.0,0.0,0,0.0,0,8,5,49.0,0,4.9,9.9,,,71.0,180.0,29.6395625,6.0,Southern Methodist,2010.0,2010.0,PIT,82.0,1.0,0.30769232
2016,2,00-0027685,E.Sanders,WR,DEN,IND,0,0,0.0,0,0.0,0.0,0.0,0,0.0,0,8,3,39.0,0,3.9,6.9,,,71.0,180.0,29.6395625,6.0,Southern Methodist,2010.0,2010.0,PIT,82.0,14.0,0.24242425
2016,3,00-0027685,E.Sanders,WR,DEN,CIN,0,0,0.0,0,0.0,0.0,0.0,0,0.0,0,13,9,117.0,2,23.7,32.7,,,71.0,180.0,29.6395625,6.0,Southern Methodist,2010.0,2010.0,PIT,82.0,,0.37142858
2016,4,00-0027685,E.Sanders,WR,DEN,TB,0,0,0.0,0,0.0,0.0,0.0,0,0.0,0,13,8,88.0,1,14.8,22.8,,,71.0,180.0,29.6395625,6.0,Southern Methodist,2010.0,2010.0,PIT,82.0,,0.41935483
2016,5,00-0027685,E.Sanders,WR,DEN,ATL,0,0,0.0,0,0.0,0.0,0.0,0,0.0,0,9,7,80.0,0,8.0,15.0,,,71.0,180.0,29.6395625,6.0,Southern Methodist,2010.0,2010.0,PIT,82.0,-7.0,0.2647059
2016,6,00-0027685,E.Sanders,WR,DEN,LAC,0,0,0.0,0,0.0,0.0,0.0,0,0.0,0,6,4,40.0,0,4.0,8.0,,,71.0,180.0,29.6395625,6.0,Southern Methodist,2010.0,2010.0,PIT,82.0,,0.12765957
2016,7,00-0027685,E.Sanders,WR,DEN,HOU,0,0,0.0,0,0.0,0.0,0.0,0,0.0,0,8,4,86.0,0,8.6,12.6,,,71.0,180.0,29.6395625,6.0,Southern Methodist,2010.0,2010.0,PIT,82.0,18.0,0.32
2016,8,00-0027685,E.Sanders,WR,DEN,LAC,0,0,0.0,0,0.0,0.0,0.0,0,0.0,0,10,4,68.0,0,6.8,10.8,,,71.0,180.0,29.6395625,6.0,Southern Methodist,2010.0,2010.0,PIT,82.0,8.0,0.27027026
2016,9,00-0027685,E.Sanders,WR,DEN,LV,0,0,0.0,0,0.0,0.0,0.0,0,0.0,0,11,5,47.0,0,4.7,9.7,,,71.0,180.0,29.6395625,6.0,Southern Methodist,2010.0,2010.0,PIT,82.0,,0.30555555
2016,10,00-0027685,E.Sanders,WR,DEN,NO,0,0,0.0,0,0.0,0.0,0.0,0,0.0,0,9,5,54.0,0,5.4,10.4,,,71.0,180.0,29.6395625,6.0,Southern Methodist,2010.0,2010.0,PIT,82.0,,0.23684211
2016,12,00-0027685,E.Sanders,WR,DEN,KC,0,0,0.0,0,0.0,0.0,0.0,0,0.0,0,10,7,162.0,1,22.2,29.2,,,71.0,180.0,29.6395625,6.0,Southern Methodist,2010.0,2010.0,PIT,82.0,-3.0,0.3125
2016,13,00-0027685,E.Sanders,WR,DEN,JAX,0,0,0.0,0,0.0,0.0,0.0,1,4.0,0,9,3,28.0,0,3.2,6.2,,,71.0,180.0,29.6395625,6.0,Southern Methodist,2010.0,2010.0,PIT,82.0,,0.375
2016,14,00-0027685,E.Sanders,WR,DEN,TEN,0,0,0.0,0,0.0,0.0,0.0,0,0.0,0,14,11,100.0,1,16.0,27.0,,,71.0,180.0,29.6395625,6.0,Southern Methodist,2010.0,2010.0,PIT,82.0,,0.26923078
2016,15,00-0027685,E.Sanders,WR,DEN,NE,0,0,0.0,0,0.0,0.0,0.0,0,0.0,0,6,3,48.0,0,4.8,7.8,,,71.0,180.0,29.6395625,6.0,Southern Methodist,2010.0,2010.0,PIT,82.0,-13.0,0.15384616
2016,16,00-0027685,E.Sanders,WR,DEN,KC,0,0,0.0,0,0.0,0.0,0.0,0,0.0,0,3,1,26.0,0,2.6,3.6,,,71.0,180.0,29.6395625,6.0,Southern Methodist,2010.0,2010.0,PIT,82.0,,0.075
2016,1,00-0027690,E.Decker,WR,NYJ,CIN,0,0,0.0,0,0.0,0.0,0.0,0,0.0,0,7,2,37.0,1,9.7,11.7,,,75.0,214.0,29.6453125,6.0,Minnesota,2010.0,2010.0,DEN,87.0,-1.0,0.20588236
2016,2,00-0027690,E.Decker,WR,NYJ,BUF,0,0,0.0,0,0.0,0.0,0.0,0,0.0,0,8,6,126.0,1,18.6,24.6,,,75.0,214.0,29.6453125,6.0,Minnesota,2010.0,2010.0,DEN,87.0,,0.23529412
2016,3,00-0027690,E.Decker,WR,NYJ,KC,0,0,0.0,0,0.0,0.0,0.0,0,0.0,0,6,1,31.0,0,3.1,4.1,,,75.0,214.0,29.6453125,6.0,Minnesota,2010.0,2010.0,DEN,87.0,,0.13636364
2016,1,00-0027691,A.Roberts,WR,DET,IND,0,0,0.0,0,0.0,0.0,0.0,0,0.0,0,1,1,8.0,0,0.8,1.8,,,71.0,187.0,28.835470588235292,6.0,Citadel,2010.0,2010.0,ARI,88.0,,0.027027028
2016,3,00-0027691,A.Roberts,WR,DET,GB,0,0,0.0,0,0.0,0.0,0.0,0,0.0,0,1,0,0.0,0,0.0,0.0,,,71.0,187.0,28.835470588235292,6.0,Citadel,2010.0,2010.0,ARI,88.0,,0.025
2016,4,00-0027691,A.Roberts,WR,DET,CHI,0,0,0.0,0,0.0,0.0,0.0,0,0.0,0,1,1,8.0,0,6.8,7.8,,,71.0,187.0,28.835470588235292,6.0,Citadel,2010.0,2010.0,ARI,88.0,,0.027777778
2016,5,00-0027691,A.Roberts,WR,DET,PHI,0,0,0.0,0,0.0,0.0,0.0,0,0.0,0,1,0,0.0,0,0.0,0.0,,,71.0,187.0,28.835470588235292,6.0,Citadel,2010.0,2010.0,ARI,88.0,1.0,0.04347826
2016,6,00-0027691,A.Roberts,WR,DET,LA,0,0,0.0,0,0.0,0.0,0.0,0,0.0,0,2,2,13.0,1,7.3,9.3,,,71.0,187.0,28.835470588235292,6.0,Citadel,2010.0,2010.0,ARI,88.0,3.0,0.06451613
2016,7,00-0027691,A.Roberts,WR,DET,WAS,0,0,0.0,0,0.0,0.0,0.0,0,0.0,0,2,1,20.0,0,2.0,3.0,,,71.0,187.0,28.835470588235292,6.0,Citadel,2010.0,2010.0,ARI,88.0,3.0,0.06896552
2016,9,00-0027691,A.Roberts,WR,DET,MIN,0,0,0.0,0,0.0,0.0,0.0,0,0.0,0,1,1,27.0,0,2.7,3.7,,,71.0,187.0,28.835470588235292,6.0,Citadel,2010.0,2010.0,ARI,88.0,,0.028571429
2016,11,00-0027691,A.Roberts,WR,DET,JAX,0,0,0.0,0,0.0,0.0,0.0,0,0.0,0,1,1,44.0,0,10.4,11.4,,,71.0,187.0,28.835470588235292,6.0,Citadel,2010.0,2010.0,ARI,88.0,7.0,0.030303031
2016,12,00-0027691,A.Roberts,WR,DET,MIN,0,0,0.0,0,0.0,0.0,0.0,0,0.0,0,4,2,19.0,0,1.9,3.9,,,71.0,187.0,28.835470588235292,6.0,Citadel,2010.0,2010.0,ARI,88.0,3.0,0.10810811
2016,13,00-0027691,A.Roberts,WR,DET,NO,0,0,0.0,0,0.0,0.0,0.0,0,0.0,0,7,4,35.0,0,3.5,7.5,,,71.0,187.0,28.835470588235292,6.0,Citadel,2010.0,2010.0,ARI,88.0,,0.17073171
2016,14,00-0027691,A.Roberts,WR,DET,CHI,0,0,0.0,0,0.0,0.0,0.0,0,0.0,0,2,0,0.0,0,0.0,0.0,,,71.0,187.0,28.835470588235292,6.0,Citadel,2010.0,2010.0,ARI,88.0,3.0,0.05882353
2016,16,00-0027691,A.Roberts,WR,DET,DAL,0,0,0.0,0,0.0,0.0,0.0,0,0.0,0,1,1,14.0,0,1.4,2.4,,,71.0,187.0,28.835470588235292,6.0,Citadel,2010.0,2010.0,ARI,88.0,,0.022222223
2016,17,00-0027691,A.Roberts,WR,DET,GB,0,0,0.0,0,0.0,0.0,0.0,0,0.0,0,1,0,0.0,0,0.0,0.0,,,71.0,187.0,28.835470588235292,6.0,Citadel,2010.0,2010.0,ARI,88.0,-7.0,0.024390243
2016,1,00-0027696,J.Graham,TE,SEA,MIA,0,0,0.0,0,0.0,0.0,0.0,0,0.0,0,1,1,11.0,0,1.1,2.1,,,79.0,265.0,29.97588888888889,6.0,Miami,2010.0,2010.0,NO,95.0,2.0,0.024390243
2016,2,00-0027696,J.Graham,TE,SEA,LA,0,0,0.0,0,0.0,0.0,0.0,0,0.0,0,4,3,42.0,0,4.2,7.2,,,79.0,265.0,29.97588888888889,6.0,Miami,2010.0,2010.0,NO,95.0,,0.114285715
2016,3,00-0027696,J.Graham,TE,SEA,SF,0,0,0.0,0,0.0,0.0,0.0,0,0.0,0,9,6,100.0,1,14.0,20.0,,,79.0,265.0,29.97588888888889,6.0,Miami,2010.0,2010.0,NO,95.0,19.0,0.3
2016,4,00-0027696,J.Graham,TE,SEA,NYJ,0,0,0.0,0,0.0,0.0,0.0,0,0.0,0,8,6,113.0,0,11.3,17.3,,,79.0,265.0,29.97588888888889,6.0,Miami,2010.0,2010.0,NO,95.0,,0.25
2016,6,00-0027696,J.Graham,TE,SEA,ATL,0,0,0.0,0,0.0,0.0,0.0,0,0.0,0,9,6,89.0,0,8.9,14.9,,,79.0,265.0,29.97588888888889,6.0,Miami,2010.0,2010.0,NO,95.0,2.0,0.25
2016,7,00-0027696,J.Graham,TE,SEA,ARI,0,0,0.0,0,0.0,0.0,0.0,0,0.0,0,10,5,53.0,0,5.3,10.3,,,79.0,265.0,29.97588888888889,6.0,Miami,2010.0,2010.0,NO,95.0,,0.2777778
2016,8,00-0027696,J.Graham,TE,SEA,NO,0,0,0.0,0,0.0,0.0,0.0,0,0.0,0,5,3,34.0,0,3.4,6.4,,,79.0,265.0,29.97588888888889,6.0,Miami,2010.0,2010.0,NO,95.0,,0.15625
2016,9,00-0027696,J.Graham,TE,SEA,BUF,0,0,0.0,0,0.0,0.0,0.0,0,0.0,0,8,8,103.0,2,22.3,30.3,,,79.0,265.0,29.97588888888889,6.0,Miami,2010.0,2010.0,NO,95.0,6.0,0.33333334
2016,10,00-0027696,J.Graham,TE,SEA,NE,0,0,0.0,0,0.0,0.0,0.0,0,0.0,0,4,4,48.0,0,4.8,8.8,,,79.0,265.0,29.97588888888889,6.0,Miami,2010.0,2010.0,NO,95.0,,0.11111111
2016,11,00-0027696,J.Graham,TE,SEA,PHI,0,0,0.0,0,0.0,0.0,0.0,0,0.0,0,5,3,46.0,1,10.6,13.6,,,79.0,265.0,29.97588888888889,6.0,Miami,2010.0,2010.0,NO,95.0,11.0,0.16129032
2016,12,00-0027696,J.Graham,TE,SEA,TB,0,0,0.0,0,0.0,0.0,0.0,0,0.0,0,7,6,67.0,0,4.7,10.7,,,79.0,265.0,29.97588888888889,6.0,Miami,2010.0,2010.0,NO,95.0,,0.21212122
2016,13,00-0027696,J.Graham,TE,SEA,CAR,0,0,0.0,0,0.0,0.0,0.0,0,0.0,0,9,6,63.0,1,12.3,18.3,,,79.0,265.0,29.97588888888889,6.0,Miami,2010.0,2010.0,NO,95.0,33.0,0.23684211
2016,14,00-0027696,J.Graham,TE,SEA,GB,0,0,0.0,0,0.0,0.0,0.0,0,0.0,0,4,1,16.0,0,1.6,2.6,,,79.0,265.0,29.97588888888889,6.0,Miami,2010.0,2010.0,NO,95.0,,0.102564104
2016,15,00-0027696,J.Graham,TE,SEA,LA,0,0,0.0,0,0.0,0.0,0.0,1,0.0,0,2,1,31.0,0,3.1,4.1,,,79.0,265.0,29.97588888888889,6.0,Miami,2010.0,2010.0,NO,95.0,21.0,0.083333336
2016,16,00-0027696,J.Graham,TE,SEA,ARI,0,0,0.0,0,0.0,0.0,0.0,0,0.0,0,3,2,43.0,1,10.3,12.3,,,79.0,265.0,29.97588888888889,6.0,Miami,2010.0,2010.0,NO,95.0,-3.0,0.06818182
2016,17,00-0027696,J.Graham,TE,SEA,SF,0,0,0.0,0,0.0,0.0,0.0,0,0.0,0,7,4,64.0,0,6.4,10.4,,,79.0,265.0,29.97588888888889,6.0,Miami,2010.0,2010.0,NO,95.0,,0.1891892
2016,18,00-0027696,J.Graham,TE,SEA,DET,0,0,0.0,0,0.0,0.0,0.0,0,0.0,0,4,3,37.0,0,3.7,6.7,,,79.0,265.0,29.97588888888889,6.0,Miami,2010.0,2010.0,NO,95.0,20.0,0.13333334
2016,19,00-0027696,J.Graham,TE,SEA,ATL,0,0,0.0,0,0.0,0.0,0.0,0,0.0,0,3,3,22.0,1,8.2,11.2,,,79.0,265.0,29.97588888888889,6.0,Miami,2010.0,2010.0,NO,95.0,,0.10714286
2016,1,00-0027714,,TE,BAL,BUF,0,0,0.0,0,0.0,0.0,0.0,0,0.0,0,4,3,39.0,0,3.9,6.9,,,76.0,245.0,31.3575,6.0,Brigham Young,2010.0,2010.0,BAL,114.0,6.0,0.125
2016,2,00-0027714,,TE,BAL,CLE,0,0,0.0,0,0.0,0.0,0.0,0,0.0,0,12,9,102.0,0,10.2,19.2,,,76.0,245.0,31.3575,6.0,Brigham Young,2010.0,2010.0,BAL,114.0,,0.26666668
2016,3,00-0027714,,TE,BAL,JAX,0,0,0.0,0,0.0,0.0,0.0,0,0.0,0,8,6,42.0,0,4.2,10.2,,,76.0,245.0,31.3575,6.0,Brigham Young,2010.0,2010.0,BAL,114.0,,0.2
2016,4,00-0027714,,TE,BAL,LV,0,0,0.0,0,0.0,0.0,0.0,0,0.0,0,5,3,17.0,0,1.7,4.7,,,76.0,245.0,31.3575,6.0,Brigham Young,2010.0,2010.0,BAL,114.0,-1.0,0.1
2016,5,00-0027714,,TE,BAL,WAS,0,0,0.0,0,0.0,0.0,0.0,0,0.0,0,8,7,59.0,0,5.9,12.9,,,76.0,245.0,31.3575,6.0,Brigham Young,2010.0,2010.0,BAL,114.0,-6.0,0.17021276
2016,6,00-0027714,,TE,BAL,NYG,0,0,0.0,0,0.0,0.0,0.0,0,0.0,0,10,6,36.0,0,3.6,9.6,,,76.0,245.0,31.3575,6.0,Brigham Young,2010.0,2010.0,BAL,114.0,,0.20833333
2016,7,00-0027714,,TE,BAL,NYJ,0,0,0.0,0,0.0,0.0,0.0,0,0.0,0,10,4,40.0,0,4.0,8.0,,,76.0,245.0,31.3575,6.0,Brigham Young,2010.0,2010.0,BAL,114.0,,0.23255815
2016,9,00-0027714,,TE,BAL,PIT,0,0,0.0,0,0.0,0.0,0.0,0,0.0,0,3,2,14.0,0,1.4,3.4,,,76.0,245.0,31.3575,6.0,Brigham Young,2010.0,2010.0,BAL,114.0,7.0,0.1
2016,10,00-0027714,,TE,BAL,CLE,0,0,0.0,0,0.0,0.0,0.0,0,0.0,0,6,6,26.0,0,2.6,8.6,,,76.0,245.0,31.3575,6.0,Brigham Young,2010.0,2010.0,BAL,114.0,21.0,0.15
2016,11,00-0027714,,TE,BAL,DAL,0,0,0.0,0,0.0,0.0,0.0,0,0.0,0,5,3,30.0,0,3.0,6.0,,,76.0,245.0,31.3575,6.0,Brigham Young,2010.0,2010.0,BAL,114.0,,0.14285715
2016,12,00-0027714,,TE,BAL,CIN,0,0,0.0,0,0.0,0.0,0.0,0,0.0,0,5,3,34.0,0,3.4,6.4,,,76.0,245.0,31.3575,6.0,Brigham Young,2010.0,2010.0,BAL,114.0,5.0,0.15151516
2016,13,00-0027714,,TE,BAL,MIA,0,0,0.0,0,0.0,0.0,0.0,0,0.0,0,11,9,90.0,2,19.0,28.0,,,76.0,245.0,31.3575,6.0,Brigham Young,2010.0,2010.0,BAL,114.0,32.0,0.22916667
2016,14,00-0027714,,TE,BAL,NE,0,0,0.0,0,0.0,0.0,0.0,0,0.0,0,5,4,18.0,0,1.8,5.8,,,76.0,245.0,31.3575,6.0,Brigham Young,2010.0,2010.0,BAL,114.0,,0.09615385
2016,15,00-0027714,,TE,BAL,PHI,0,0,0.0,0,0.0,0.0,0.0,0,0.0,0,2,2,16.0,0,1.6,3.6,,,76.0,245.0,31.3575,6.0,Brigham Young,2010.0,2010.0,BAL,114.0,1.0,0.06896552
2016,16,00-0027714,,TE,BAL,PIT,0,0,0.0,0,0.0,0.0,0.0,0,0.0,0,11,8,75.0,0,7.5,15.5,,,76.0,245.0,31.3575,6.0,Brigham Young,2010.0,2010.0,BAL,114.0,,0.25
2016,17,00-0027714,,TE,BAL,CIN,0,0,0.0,0,0.0,0.0,0.0,0,0.0,0,16,11,91.0,0,9.1,20.1,,,76.0,245.0,31.3575,6.0,Brigham Young,2010.0,2010.0,BAL,114.0,,0.3265306
2016,6,00-0027725,C.Harbor,TE,DET,LA,0,0,0.0,0,0.0,0.0,0.0,0,0.0,0,1,1,3.0,0,0.3,1.3,,,75.0,240.0,29.357882352941175,6.0,Missouri State,2010.0,2010.0,PHI,125.0,3.0,0.032258064
2016,7,00-0027725,C.Harbor,TE,DET,WAS,0,0,0.0,0,0.0,0.0,0.0,0,0.0,0,2,2,16.0,0,1.6,3.6,,,75.0,240.0,29.357882352941175,6.0,Missouri State,2010.0,2010.0,PHI,125.0,3.0,0.06896552
2016,1,00-0027791,,RB,GB,JAX,0,0,0.0,0,0.0,0.0,0.0,4,7.0,0,1,1,6.0,0,1.3,2.3,,,74.0,218.0,30.731631578947365,6.0,Buffalo,2010.0,2010.0,GB,193.0,,0.030303031
2016,2,00-0027791,,RB,GB,MIN,0,0,0.0,0,0.0,0.0,0.0,7,3.0,0,1,1,16.0,0,1.9,2.9,,,74.0,218.0,30.731631578947365,6.0,Buffalo,2010.0,2010.0,GB,193.0,,0.027777778
2016,3,00-0027791,,RB,GB,DET,0,0,0.0,0,0.0,0.0,0.0,1,-1.0,0,2,1,9.0,0,0.8,1.8,,,74.0,218.0,30.731631578947365,6.0,Buffalo,2010.0,2010.0,GB,193.0,7.0,0.083333336
2016,5,00-0027791,,RB,GB,NYG,0,0,0.0,0,0.0,0.0,0.0,12,33.0,0,6,3,19.0,0,5.2,8.2,,,74.0,218.0,30.731631578947365,6.0,Buffalo,2010.0,2010.0,GB,193.0,7.0,0.13636364
2016,10,00-0027791,,RB,GB,TEN,0,0,0.0,0,0.0,0.0,0.0,7,33.0,0,4,3,11.0,1,10.4,13.4,,,74.0,218.0,30.731631578947365,6.0,Buffalo,2010.0,2010.0,GB,193.0,,0.07272727
2016,11,00-0027791,,RB,GB,WAS,0,0,0.0,0,0.0,0.0,0.0,9,25.0,0,6,5,46.0,1,13.1,18.1,,,74.0,218.0,30.731631578947365,6.0,Buffalo,2010.0,2010.0,GB,193.0,,0.13953489
2016,12,00-0027791,,RB,GB,PHI,0,0,0.0,0,0.0,0.0,0.0,17,41.0,0,5,5,27.0,0,6.8,11.8,,,74.0,218.0,30.731631578947365,6.0,Buffalo,2010.0,2010.0,GB,193.0,,0.13157895
2016,13,00-0027791,,RB,GB,HOU,0,0,0.0,0,0.0,0.0,0.0,4,1.0,0,0,0,0.0,0,0.1,0.1,,,74.0,218.0,30.731631578947365,6.0,Buffalo,2010.0,2010.0,GB,193.0,8.0,
2016,14,00-0027791,,RB,GB,SEA,0,0,0.0,0,0.0,0.0,0.0,2,3.0,0,0,0,0.0,0,0.3,0.3,,,74.0,218.0,30.731631578947365,6.0,Buffalo,2010.0,2010.0,GB,193.0,28.0,
2016,1,00-0027793,A.Brown,WR,PIT,WAS,0,0,0.0,0,0.0,0.0,0.0,0,0.0,0,11,8,126.0,2,24.6,32.6,,,70.0,181.0,28.356736842105263,6.0,Central Michigan,2010.0,2010.0,PIT,195.0,,0.2972973
2016,2,00-0027793,A.Brown,WR,PIT,CIN,0,0,0.0,0,0.0,0.0,0.0,0,0.0,0,11,4,39.0,0,3.9,7.9,,,70.0,181.0,28.356736842105263,6.0,Central Michigan,2010.0,2010.0,PIT,195.0,8.0,0.2972973
2016,3,00-0027793,A.Brown,WR,PIT,PHI,0,0,0.0,0,0.0,0.0,0.0,0,0.0,0,18,12,140.0,0,14.0,26.0,,,70.0,181.0,28.356736842105263,6.0,Central Michigan,2010.0,2010.0,PIT,195.0,,0.4090909
2016,4,00-0027793,A.Brown,WR,PIT,KC,0,0,0.0,0,0.0,0.0,0.0,0,0.0,0,5,4,64.0,2,18.4,22.4,,,70.0,181.0,28.356736842105263,6.0,Central Michigan,2010.0,2010.0,PIT,195.0,29.0,0.18518518
2016,5,00-0027793,A.Brown,WR,PIT,NYJ,0,0,0.0,0,0.0,0.0,0.0,0,0.0,0,11,9,78.0,1,13.8,22.8,,,70.0,181.0,28.356736842105263,6.0,Central Michigan,2010.0,2010.0,PIT,195.0,18.0,0.23404256
2016,6,00-0027793,A.Brown,WR,PIT,MIA,0,0,0.0,0,0.0,0.0,0.0,1,6.0,0,8,4,39.0,0,4.5,8.5,,,70.0,181.0,28.356736842105263,6.0,Central Michigan,2010.0,2010.0,PIT,195.0,,0.22857143
2016,7,00-0027793,A.Brown,WR,PIT,NE,0,0,0.0,0,0.0,0.0,0.0,1,13.0,0,11,7,106.0,0,11.9,18.9,,,70.0,181.0,28.356736842105263,6.0,Central Michigan,2010.0,2010.0,PIT,195.0,-11.0,0.23913044
2016,9,00-0027793,A.Brown,WR,PIT,BAL,0,0,0.0,0,0.0,0.0,0.0,0,0.0,0,11,7,85.0,1,14.5,21.5,,,70.0,181.0,28.356736842105263,6.0,Central Michigan,2010.0,2010.0,PIT,195.0,,0.24444444
2016,10,00-0027793,A.Brown,WR,PIT,DAL,0,0,0.0,0,0.0,0.0,0.0,1,-10.0,0,18,14,154.0,1,20.4,34.4,,,70.0,181.0,28.356736842105263,6.0,Central Michigan,2010.0,2010.0,PIT,195.0,-5.0,0.39130434
2016,11,00-0027793,A.Brown,WR,PIT,CLE,0,0,0.0,0,0.0,0.0,0.0,0,0.0,0,10,8,76.0,0,7.6,15.6,,,70.0,181.0,28.356736842105263,6.0,Central Michigan,2010.0,2010.0,PIT,195.0,,0.2777778
2016,12,00-0027793,A.Brown,WR,PIT,IND,0,0,0.0,0,0.0,0.0,0.0,0,0.0,0,6,5,91.0,3,27.1,32.1,,,70.0,181.0,28.356736842105263,6.0,Central Michigan,2010.0,2010.0,PIT,195.0,,0.2857143
2016,13,00-0027793,A.Brown,WR,PIT,NYG,0,0,0.0,0,0.0,0.0,0.0,0,0.0,0,7,6,54.0,1,11.4,17.4,,,70.0,181.0,28.356736842105263,6.0,Central Michigan,2010.0,2010.0,PIT,195.0,10.0,0.19444445
2016,14,00-0027793,A.Brown,WR,PIT,BUF,0,0,0.0,0,0.0,0.0,0.0,0,0.0,0,11,5,78.0,0,7.8,12.8,,,70.0,181.0,28.356736842105263,6.0,Central Michigan,2010.0,2010.0,PIT,195.0,,0.3548387
2016,15,00-0027793,A.Brown,WR,PIT,CIN,0,0,0.0,0,0.0,0.0,0.0,0,0.0,0,5,3,58.0,0,5.8,8.8,,,70.0,181.0,28.356736842105263,6.0,Central Michigan,2010.0,2010.0,PIT,195.0,,0.14285715
2016,16,00-0027793,A.Brown,WR,PIT,BAL,0,0,0.0,0,0.0,0.0,0.0,0,0.0,0,11,10,96.0,1,15.6,25.6,,,70.0,181.0,28.356736842105263,6.0,Central Michigan,2010.0,2010.0,PIT,195.0,4.0,0.36666667
2016,18,00-0027793,A.Brown,WR,PIT,MIA,0,0,0.0,0,0.0,0.0,0.0,0,0.0,0,9,5,124.0,2,24.4,29.4,,,70.0,181.0,28.356736842105263,6.0,Central Michigan,2010.0,2010.0,PIT,195.0,18.0,0.5
2016,19,00-0027793,A.Brown,WR,PIT,KC,0,0,0.0,0,0.0,0.0,0.0,0,0.0,0,11,6,108.0,0,10.8,16.8,,,70.0,181.0,28.356736842105263,6.0,Central Michigan,2010.0,2010.0,PIT,195.0,,0.3548387
2016,20,00-0027793,A.Brown,WR,PIT,NE,0,0,0.0,0,0.0,0.0,0.0,0,0.0,0,9,7,77.0,0,7.7,14.7,,,70.0,181.0,28.356736842105263,6.0,Central Michigan,2010.0,2010.0,PIT,195.0,,0.19148937
2016,4,00-0027796,J.Webb,QB,CAR,ATL,0,0,0.0,0,0.0,0.0,0.0,0,0.0,0,1,1,3.0,0,0.3,1.3,,,76.0,235.0,29.981,6.0,Alabama-Birmingham,2010.0,2010.0,MIN,199.0,,0.020833334
2016,16,00-0027796,J.Webb,QB,CAR,ATL,0,0,0.0,0,0.0,0.0,0.0,0,0.0,0,2,0,0.0,0,0.0,0.0,,,76.0,235.0,29.981,6.0,Alabama-Birmingham,2010.0,2010.0,MIN,199.0,-17.0,0.046511628
2016,17,00-0027816,,WR,TEN,HOU,0,0,0.0,0,0.0,0.0,0.0,1,15.0,0,0,0,0.0,0,1.5,1.5,,,73.0,190.0,29.51125,6.0,Montana,2010.0,2010.0,TEN,222.0,7.0,
2016,2,00-0027854,S.Bradford,QB,MIN,GB,22,31,286.0,2,0.0,4.0,32.0,1,-3.0,0,0,0,0.0,0,19.14,19.14,,,76.0,224.0,28.9993125,6.0,Oklahoma,2010.0,2010.0,STL,1.0,3.0,
2016,3,00-0027854,S.Bradford,QB,MIN,CAR,18,28,171.0,1,0.0,2.0,18.0,2,-2.0,0,0,0,0.0,0,10.64,10.64,,,76.0,224.0,28.9993125,6.0,Oklahoma,2010.0,2010.0,STL,1.0,,
2016,4,00-0027854,S.Bradford,QB,MIN,NYG,26,36,262.0,1,0.0,0.0,-0.0,4,6.0,0,0,0,0.0,0,15.08,15.08,,,76.0,224.0,28.9993125,6.0,Oklahoma,2010.0,2010.0,STL,1.0,14.0,
2016,5,00-0027854,S.Bradford,QB,MIN,HOU,22,30,271.0,2,0.0,2.0,16.0,2,-2.0,0,0,0,0.0,0,18.64,18.64,,,76.0,224.0,28.9993125,6.0,Oklahoma,2010.0,2010.0,STL,1.0,18.0,
2016,7,00-0027854,S.Bradford,QB,MIN,PHI,24,41,224.0,1,1.0,6.0,35.0,1,-1.0,0,0,0,0.0,0,6.86,6.86,,,76.0,224.0,28.9993125,6.0,Oklahoma,2010.0,2010.0,STL,1.0,,
2016,8,00-0027854,S.Bradford,QB,MIN,CHI,23,37,228.0,1,0.0,5.0,27.0,0,0.0,0,0,0,0.0,0,13.12,13.12,,,76.0,224.0,28.9993125,6.0,Oklahoma,2010.0,2010.0,STL,1.0,,
2016,9,00-0027854,S.Bradford,QB,MIN,DET,31,40,273.0,1,0.0,2.0,14.0,0,0.0,0,1,1,5.0,0,15.42,16.42,,,76.0,224.0,28.9993125,6.0,Oklahoma,2010.0,2010.0,STL,1.0,-6.0,0.025
2016,10,00-0027854,S.Bradford,QB,MIN,WAS,31,40,307.0,2,1.0,3.0,23.0,0,0.0,0,0,0,0.0,0,18.28,18.28,,,76.0,224.0,28.9993125,6.0,Oklahoma,2010.0,2010.0,STL,1.0,,
2016,11,00-0027854,S.Bradford,QB,MIN,ARI,20,28,169.0,1,0.0,2.0,24.0,1,-1.0,0,0,0,0.0,0,8.66,8.66,,,76.0,224.0,28.9993125,6.0,Oklahoma,2010.0,2010.0,STL,1.0,6.0,
2016,12,00-0027854,S.Bradford,QB,MIN,DET,31,37,224.0,0,1.0,0.0,-0.0,0,0.0,0,0,0,0.0,0,6.96,6.96,,,76.0,224.0,28.9993125,6.0,Oklahoma,2010.0,2010.0,STL,1.0,,
2016,13,00-0027854,S.Bradford,QB,MIN,DAL,32,45,247.0,1,0.0,2.0,15.0,2,10.0,0,0,0,0.0,0,14.88,14.88,,,76.0,224.0,28.9993125,6.0,Oklahoma,2010.0,2010.0,STL,1.0,-2.0,
2016,14,00-0027854,S.Bradford,QB,MIN,JAX,24,34,292.0,1,0.0,0.0,-0.0,4,17.0,0,0,0,0.0,0,17.38,17.38,,,76.0,224.0,28.9993125,6.0,Oklahoma,2010.0,2010.0,STL,1.0,,
2016,15,00-0027854,S.Bradford,QB,MIN,IND,32,42,291.0,0,1.0,5.0,43.0,0,0.0,0,0,0,0.0,0,7.64,7.64,,,76.0,224.0,28.9993125,6.0,Oklahoma,2010.0,2010.0,STL,1.0,-28.0,
2016,16,00-0027854,S.Bradford,QB,MIN,GB,34,50,382.0,3,0.0,4.0,29.0,2,5.0,0,0,0,0.0,0,25.78,25.78,,,76.0,224.0,28.9993125,6.0,Oklahoma,2010.0,2010.0,STL,1.0,,
2016,17,00-0027854,S.Bradford,QB,MIN,CHI,25,33,250.0,3,1.0,0.0,-0.0,1,24.0,0,0,0,0.0,0,22.4,22.4,,,76.0,224.0,28.9993125,6.0,Oklahoma,2010.0,2010.0,STL,1.0,28.0,
2016,4,00-0027861,C.Spiller,RB,SEA,NYJ,0,0,0.0,0,0.0,0.0,0.0,2,12.0,0,3,2,5.0,1,7.7,9.7,,,71.0,200.0,29.2339,6.0,Clemson,2010.0,2010.0,BUF,9.0,,0.09375
2016,6,00-0027861,C.Spiller,RB,SEA,ATL,0,0,0.0,0,0.0,0.0,0.0,1,-3.0,0,6,3,38.0,0,3.5,6.5,,,71.0,200.0,29.2339,6.0,Clemson,2010.0,2010.0,BUF,9.0,2.0,0.16666667
2016,10,00-0027861,C.Spiller,RB,NYJ,LA,0,0,0.0,0,0.0,0.0,0.0,1,4.0,0,1,0,0.0,0,0.4,0.4,,,71.0,200.0,29.2339,6.0,Clemson,2010.0,2010.0,BUF,9.0,-3.0,0.032258064
2016,12,00-0027861,C.Spiller,RB,NYJ,NE,0,0,0.0,0,0.0,0.0,0.0,0,0.0,0,1,0,0.0,0,0.0,0.0,,,71.0,200.0,29.2339,6.0,Clemson,2010.0,2010.0,BUF,9.0,-5.0,0.032258064
2016,13,00-0027861,C.Spiller,RB,NYJ,IND,0,0,0.0,0,0.0,0.0,0.0,2,5.0,0,2,1,7.0,0,1.2,2.2,,,71.0,200.0,29.2339,6.0,Clemson,2010.0,2010.0,BUF,9.0,-31.0,0.054054055
2016,1,00-0027864,,RB,PHI,CLE,0,0,0.0,0,0.0,0.0,0.0,22,77.0,1,0,0,0.0,0,13.7,13.7,,,72.0,220.0,29.081812499999998,6.0,Fresno State,2010.0,2010.0,SD,12.0,19.0,
2016,2,00-0027864,,RB,PHI,CHI,0,0,0.0,0,0.0,0.0,0.0,9,32.0,2,1,1,3.0,0,15.5,16.5,,,72.0,220.0,29.081812499999998,6.0,Fresno State,2010.0,2010.0,SD,12.0,,0.030303031
2016,3,00-0027864,,RB,PHI,PIT,0,0,0.0,0,0.0,0.0,0.0,2,-5.0,0,0,0,0.0,0,-0.5,-0.5,,,72.0,220.0,29.081812499999998,6.0,Fresno State,2010.0,2010.0,SD,12.0,31.0,
2016,5,00-0027864,,RB,PHI,DET,0,0,0.0,0,0.0,0.0,0.0,11,42.0,0,5,5,33.0,1,11.5,16.5,,,72.0,220.0,29.081812499999998,6.0,Fresno State,2010.0,2010.0,SD,12.0,,0.15625
2016,6,00-0027864,,RB,PHI,WAS,0,0,0.0,0,0.0,0.0,0.0,9,60.0,0,0,0,0.0,0,6.0,6.0,,,72.0,220.0,29.081812499999998,6.0,Fresno State,2010.0,2010.0,SD,12.0,,
2016,7,00-0027864,,RB,PHI,MIN,0,0,0.0,0,0.0,0.0,0.0,14,56.0,0,1,1,27.0,0,6.3,7.3,,,72.0,220.0,29.081812499999998,6.0,Fresno State,2010.0,2010.0,SD,12.0,11.0,0.035714287
2016,8,00-0027864,,RB,PHI,DAL,0,0,0.0,0,0.0,0.0,0.0,4,10.0,1,1,1,1.0,0,7.1,8.1,,,72.0,220.0,29.081812499999998,6.0,Fresno State,2010.0,2010.0,SD,12.0,,0.022727273
2016,9,00-0027864,,RB,PHI,NYG,0,0,0.0,0,0.0,0.0,0.0,5,15.0,1,1,1,0.0,0,7.5,8.5,,,72.0,220.0,29.081812499999998,6.0,Fresno State,2010.0,2010.0,SD,12.0,,0.021276595
2016,10,00-0027864,,RB,PHI,ATL,0,0,0.0,0,0.0,0.0,0.0,19,109.0,2,2,2,30.0,0,27.9,29.9,,,72.0,220.0,29.081812499999998,6.0,Fresno State,2010.0,2010.0,SD,12.0,9.0,0.055555556
2016,11,00-0027864,,RB,PHI,SEA,0,0,0.0,0,0.0,0.0,0.0,7,31.0,0,0,0,0.0,0,3.1,3.1,,,72.0,220.0,29.081812499999998,6.0,Fresno State,2010.0,2010.0,SD,12.0,,
2016,14,00-0027864,,RB,PHI,WAS,0,0,0.0,0,0.0,0.0,0.0,15,60.0,0,1,0,0.0,0,6.0,6.0,,,72.0,220.0,29.081812499999998,6.0,Fresno State,2010.0,2010.0,SD,12.0,-5.0,0.02173913
2016,15,00-0027864,,RB,PHI,BAL,0,0,0.0,0,0.0,0.0,0.0,20,128.0,1,1,1,5.0,0,21.3,22.3,,,72.0,220.0,29.081812499999998,6.0,Fresno State,2010.0,2010.0,SD,12.0,,0.023809524
2016,16,00-0027864,,RB,PHI,NYG,0,0,0.0,0,0.0,0.0,0.0,18,46.0,0,1,1,16.0,0,6.2,7.2,,,72.0,220.0,29.081812499999998,6.0,Fresno State,2010.0,2010.0,SD,12.0,5.0,0.04347826
2016,1,00-0027873,J.Gresham,TE,ARI,NE,0,0,0.0,0,0.0,0.0,0.0,0,0.0,0,4,4,41.0,0,4.1,8.1,,,77.0,260.0,28.3910625,6.0,Oklahoma,2010.0,2010.0,CIN,21.0,-2.0,0.10810811
2016,2,00-0027873,J.Gresham,TE,ARI,TB,0,0,0.0,0,0.0,0.0,0.0,0,0.0,0,1,0,0.0,0,0.0,0.0,,,77.0,260.0,28.3910625,6.0,Oklahoma,2010.0,2010.0,CIN,21.0,33.0,0.029411765
2016,3,00-0027873,J.Gresham,TE,ARI,BUF,0,0,0.0,0,0.0,0.0,0.0,0,0.0,0,1,0,0.0,0,0.0,0.0,,,77.0,260.0,28.3910625,6.0,Oklahoma,2010.0,2010.0,CIN,21.0,,0.02
2016,4,00-0027873,J.Gresham,TE,ARI,LA,0,0,0.0,0,0.0,0.0,0.0,0,0.0,0,1,0,0.0,0,0.0,0.0,,,77.0,260.0,28.3910625,6.0,Oklahoma,2010.0,2010.0,CIN,21.0,-4.0,0.022222223
2016,5,00-0027873,J.Gresham,TE,ARI,SF,0,0,0.0,0,0.0,0.0,0.0,0,0.0,0,1,1,4.0,0,0.4,1.4,,,77.0,260.0,28.3910625,6.0,Oklahoma,2010.0,2010.0,CIN,21.0,,0.037037037
2016,6,00-0027873,J.Gresham,TE,ARI,NYJ,0,0,0.0,0,0.0,0.0,0.0,0,0.0,0,2,1,14.0,0,1.4,2.4,,,77.0,260.0,28.3910625,6.0,Oklahoma,2010.0,2010.0,CIN,21.0,25.0,0.057142857
2016,7,00-0027873,J.Gresham,TE,ARI,SEA,0,0,0.0,0,0.0,0.0,0.0,0,0.0,0,4,2,15.0,0,1.5,3.5,,,77.0,260.0,28.3910625,6.0,Oklahoma,2010.0,2010.0,CIN,21.0,0.0,0.08163265
2016,8,00-0027873,J.Gresham,TE,ARI,CAR,0,0,0.0,0,0.0,0.0,0.0,0,0.0,0,5,3,32.0,0,3.2,6.2,,,77.0,260.0,28.3910625,6.0,Oklahoma,2010.0,2010.0,CIN,21.0,,0.11111111
2016,10,00-0027873,J.Gresham,TE,ARI,SF,0,0,0.0,0,0.0,0.0,0.0,0,0.0,0,6,4,38.0,0,3.8,7.8,,,77.0,260.0,28.3910625,6.0,Oklahoma,2010.0,2010.0,CIN,21.0,3.0,0.125
2016,11,00-0027873,J.Gresham,TE,ARI,MIN,0,0,0.0,0,0.0,0.0,0.0,0,0.0,0,2,2,33.0,1,9.3,11.3,,,77.0,260.0,28.3910625,6.0,Oklahoma,2010.0,2010.0,CIN,21.0,,0.054054055
2016,12,00-0027873,J.Gresham,TE,ARI,ATL,0,0,0.0,0,0.0,0.0,0.0,0,0.0,0,10,5,35.0,1,9.5,14.5,,,77.0,260.0,28.3910625,6.0,Oklahoma,2010.0,2010.0,CIN,21.0,,0.22727273
2016,13,00-0027873,J.Gresham,TE,ARI,WAS,0,0,0.0,0,0.0,0.0,0.0,0,0.0,0,6,5,52.0,0,5.2,10.2,,,77.0,260.0,28.3910625,6.0,Oklahoma,2010.0,2010.0,CIN,21.0,8.0,0.13953489
2016,14,00-0027873,J.Gresham,TE,ARI,MIA,0,0,0.0,0,0.0,0.0,0.0,0,0.0,0,7,5,45.0,0,4.5,9.5,,,77.0,260.0,28.3910625,6.0,Oklahoma,2010.0,2010.0,CIN,21.0,,0.21212122
2016,15,00-0027873,J.Gresham,TE,ARI,NO,0,0,0.0,0,0.0,0.0,0.0,0,0.0,0,5,3,42.0,0,4.2,7.2,,,77.0,260.0,28.3910625,6.0,Oklahoma,2010.0,2010.0,CIN,21.0,-7.0,0.125
2016,16,00-0027873,J.Gresham,TE,ARI,SEA,0,0,0.0,0,0.0,0.0,0.0,0,0.0,0,4,2,40.0,0,4.0,6.0,,,77.0,260.0,28.3910625,6.0,Oklahoma,2010.0,2010.0,CIN,21.0,,0.14814815
2016,17,00-0027873,J.Gresham,TE,ARI,LA,0,0,0.0,0,0.0,0.0,0.0,0,0.0,0,2,0,0.0,0,0.0,0.0,,,77.0,260.0,28.3910625,6.0,Oklahoma,2010.0,2010.0,CIN,21.0,,0.04761905
2016,1,00-0027874,D.Thomas,WR,DEN,CAR,0,0,0.0,0,0.0,0.0,0.0,0,0.0,0,6,4,48.0,0,4.8,8.8,,,75.0,229.0,28.864625,6.0,Georgia Tech,2010.0,2010.0,DEN,22.0,1.0,0.23076923
2016,2,00-0027874,D.Thomas,WR,DEN,IND,0,0,0.0,0,0.0,0.0,0.0,0,0.0,0,7,5,90.0,0,11.0,16.0,,,75.0,229.0,28.864625,6.0,Georgia Tech,2010.0,2010.0,DEN,22.0,14.0,0.21212122
2016,3,00-0027874,D.Thomas,WR,DEN,CIN,0,0,0.0,0,0.0,0.0,0.0,0,0.0,0,7,6,100.0,1,14.0,20.0,,,75.0,229.0,28.864625,6.0,Georgia Tech,2010.0,2010.0,DEN,22.0,,0.2
2016,4,00-0027874,D.Thomas,WR,DEN,TB,0,0,0.0,0,0.0,0.0,0.0,0,0.0,0,7,6,94.0,1,15.4,21.4,,,75.0,229.0,28.864625,6.0,Georgia Tech,2010.0,2010.0,DEN,22.0,,0.22580644
2016,5,00-0027874,D.Thomas,WR,DEN,ATL,0,0,0.0,0,0.0,0.0,0.0,0,0.0,0,7,5,49.0,1,10.9,15.9,,,75.0,229.0,28.864625,6.0,Georgia Tech,2010.0,2010.0,DEN,22.0,-7.0,0.20588236
2016,6,00-0027874,D.Thomas,WR,DEN,LAC,0,0,0.0,0,0.0,0.0,0.0,0,0.0,0,10,5,35.0,0,1.5,6.5,,,75.0,229.0,28.864625,6.0,Georgia Tech,2010.0,2010.0,DEN,22.0,,0.21276596
2016,7,00-0027874,D.Thomas,WR,DEN,HOU,0,0,0.0,0,0.0,0.0,0.0,0,0.0,0,10,6,40.0,1,10.0,16.0,,,75.0,229.0,28.864625,6.0,Georgia Tech,2010.0,2010.0,DEN,22.0,18.0,0.4
2016,8,00-0027874,D.Thomas,WR,DEN,LAC,0,0,0.0,0,0.0,0.0,0.0,0,0.0,0,10,5,79.0,0,7.9,12.9,,,75.0,229.0,28.864625,6.0,Georgia Tech,2010.0,2010.0,DEN,22.0,8.0,0.27027026
2016,9,00-0027874,D.Thomas,WR,DEN,LV,0,0,0.0,0,0.0,0.0,0.0,0,0.0,0,10,5,56.0,0,5.6,10.6,,,75.0,229.0,28.864625,6.0,Georgia Tech,2010.0,2010.0,DEN,22.0,,0.2777778
2016,10,00-0027874,D.Thomas,WR,DEN,NO,0,0,0.0,0,0.0,0.0,0.0,0,0.0,0,11,8,87.0,1,14.7,22.7,,,75.0,229.0,28.864625,6.0,Georgia Tech,2010.0,2010.0,DEN,22.0,,0.28947368
2016,12,00-0027874,D.Thomas,WR,DEN,KC,0,0,0.0,0,0.0,0.0,0.0,0,0.0,0,8,5,60.0,0,6.0,11.0,,,75.0,229.0,28.864625,6.0,Georgia Tech,2010.0,2010.0,DEN,22.0,-3.0,0.25
2016,13,00-0027874,D.Thomas,WR,DEN,JAX,0,0,0.0,0,0.0,0.0,0.0,0,0.0,0,10,6,61.0,0,6.1,12.1,,,75.0,229.0,28.864625,6.0,Georgia Tech,2010.0,2010.0,DEN,22.0,,0.41666666
2016,14,00-0027874,D.Thomas,WR,DEN,TEN,0,0,0.0,0,0.0,0.0,0.0,0,0.0,0,16,10,126.0,0,12.6,22.6,,,75.0,229.0,28.864625,6.0,Georgia Tech,2010.0,2010.0,DEN,22.0,,0.30769232
2016,15,00-0027874,D.Thomas,WR,DEN,NE,0,0,0.0,0,0.0,0.0,0.0,0,0.0,0,11,7,91.0,0,9.1,16.1,,,75.0,229.0,28.864625,6.0,Georgia Tech,2010.0,2010.0,DEN,22.0,-13.0,0.2820513
2016,16,00-0027874,D.Thomas,WR,DEN,KC,0,0,0.0,0,0.0,0.0,0.0,0,0.0,0,8,3,20.0,0,2.0,5.0,,,75.0,229.0,28.864625,6.0,Georgia Tech,2010.0,2010.0,DEN,22.0,,0.2
2016,17,00-0027874,D.Thomas,WR,DEN,LV,0,0,0.0,0,0.0,0.0,0.0,0,0.0,0,6,4,47.0,0,4.7,8.7,,,75.0,229.0,28.864625,6.0,Georgia Tech,2010.0,2010.0,DEN,22.0,18.0,0.22222222
2016,1,00-0027891,G.Tate,WR,DET,IND,0,0,0.0,0,0.0,0.0,0.0,1,2.0,0,7,7,41.0,0,4.3,11.3,,,70.0,198.0,28.271470588235296,6.0,Notre Dame,2010.0,2010.0,SEA,60.0,,0.1891892
2016,2,00-0027891,G.Tate,WR,DET,TEN,0,0,0.0,0,0.0,0.0,0.0,0,0.0,0,9,2,13.0,0,1.3,3.3,,,70.0,198.0,28.271470588235296,6.0,Notre Dame,2010.0,2010.0,SEA,60.0,-1.0,0.23076923
2016,3,00-0027891,G.Tate,WR,DET,GB,0,0,0.0,0,0.0,0.0,0.0,1,-8.0,0,6,4,40.0,0,3.2,7.2,,,70.0,198.0,28.271470588235296,6.0,Notre Dame,2010.0,2010.0,SEA,60.0,,0.15
2016,4,00-0027891,G.Tate,WR,DET,CHI,0,0,0.0,0,0.0,0.0,0.0,0,0.0,0,4,1,1.0,0,2.1,3.1,,,70.0,198.0,28.271470588235296,6.0,Notre Dame,2010.0,2010.0,SEA,60.0,,0.11111111
2016,5,00-0027891,G.Tate,WR,DET,PHI,0,0,0.0,0,0.0,0.0,0.0,3,6.0,0,5,3,39.0,0,4.5,7.5,,,70.0,198.0,28.271470588235296,6.0,Notre Dame,2010.0,2010.0,SEA,60.0,1.0,0.2173913
2016,6,00-0027891,G.Tate,WR,DET,LA,0,0,0.0,0,0.0,0.0,0.0,1,3.0,0,10,8,165.0,1,22.8,30.8,,,70.0,198.0,28.271470588235296,6.0,Notre Dame,2010.0,2010.0,SEA,60.0,3.0,0.32258064
2016,7,00-0027891,G.Tate,WR,DET,WAS,0,0,0.0,0,0.0,0.0,0.0,0,0.0,0,12,6,93.0,0,9.3,15.3,,,70.0,198.0,28.271470588235296,6.0,Notre Dame,2010.0,2010.0,SEA,60.0,3.0,0.41379312
2016,8,00-0027891,G.Tate,WR,DET,HOU,0,0,0.0,0,0.0,0.0,0.0,0,0.0,0,9,7,42.0,0,4.2,11.2,,,70.0,198.0,28.271470588235296,6.0,Notre Dame,2010.0,2010.0,SEA,60.0,,0.2195122
2016,9,00-0027891,G.Tate,WR,DET,MIN,0,0,0.0,0,0.0,0.0,0.0,1,1.0,0,12,11,79.0,1,14.0,25.0,,,70.0,198.0,28.271470588235296,6.0,Notre Dame,2010.0,2010.0,SEA,60.0,,0.34285715
2016,11,00-0027891,G.Tate,WR,DET,JAX,0,0,0.0,0,0.0,0.0,0.0,1,-6.0,0,4,3,27.0,0,0.1,3.1,,,70.0,198.0,28.271470588235296,6.0,Notre Dame,2010.0,2010.0,SEA,60.0,7.0,0.121212125
2016,12,00-0027891,G.Tate,WR,DET,MIN,0,0,0.0,0,0.0,0.0,0.0,0,0.0,0,7,5,77.0,0,7.7,12.7,,,70.0,198.0,28.271470588235296,6.0,Notre Dame,2010.0,2010.0,SEA,60.0,3.0,0.1891892
2016,13,00-0027891,G.Tate,WR,DET,NO,0,0,0.0,0,0.0,0.0,0.0,0,0.0,0,10,8,145.0,1,20.5,28.5,,,70.0,198.0,28.271470588235296,6.0,Notre Dame,2010.0,2010.0,SEA,60.0,,0.24390244
2016,14,00-0027891,G.Tate,WR,DET,CHI,0,0,0.0,0,0.0,0.0,0.0,1,-1.0,0,11,6,58.0,0,5.7,11.7,,,70.0,198.0,28.271470588235296,6.0,Notre Dame,2010.0,2010.0,SEA,60.0,3.0,0.32352942
2016,15,00-0027891,G.Tate,WR,DET,NYG,0,0,0.0,0,0.0,0.0,0.0,0,0.0,0,13,8,122.0,0,12.2,20.2,,,70.0,198.0,28.271470588235296,6.0,Notre Dame,2010.0,2010.0,SEA,60.0,,0.34210527
2016,16,00-0027891,G.Tate,WR,DET,DAL,0,0,0.0,0,0.0,0.0,0.0,0,0.0,0,6,6,58.0,0,5.8,11.8,,,70.0,198.0,28.271470588235296,6.0,Notre Dame,2010.0,2010.0,SEA,60.0,,0.13333334
2016,17,00-0027891,G.Tate,WR,DET,GB,0,0,0.0,0,0.0,0.0,0.0,1,7.0,0,10,6,77.0,1,14.4,20.4,,,70.0,198.0,28.271470588235296,6.0,Notre Dame,2010.0,2010.0,SEA,60.0,-7.0,0.24390244
2016,18,00-0027891,G.Tate,WR,DET,SEA,0,0,0.0,0,0.0,0.0,0.0,1,0.0,0,5,3,25.0,0,2.5,5.5,,,70.0,198.0,28.271470588235296,6.0,Notre Dame,2010.0,2010.0,SEA,60.0,,0.15625
2016,1,00-0027902,D.Bryant,WR,DAL,NYG,0,0,0.0,0,0.0,0.0,0.0,0,0.0,0,5,1,8.0,0,0.8,1.8,,,74.0,220.0,28.018117647058823,6.0,Oklahoma State,2010.0,2010.0,DAL,24.0,-1.0,0.11627907
2016,2,00-0027902,D.Bryant,WR,DAL,WAS,0,0,0.0,0,0.0,0.0,0.0,0,0.0,0,12,7,102.0,0,10.2,17.2,,,74.0,220.0,28.018117647058823,6.0,Oklahoma State,2010.0,2010.0,DAL,24.0,,0.4
2016,3,00-0027902,D.Bryant,WR,DAL,CHI,0,0,0.0,0,0.0,0.0,0.0,0,0.0,0,6,3,40.0,1,10.0,13.0,,,74.0,220.0,28.018117647058823,6.0,Oklahoma State,2010.0,2010.0,DAL,24.0,14.0,0.25
2016,8,00-0027902,D.Bryant,WR,DAL,PHI,0,0,0.0,0,0.0,0.0,0.0,0,0.0,0,14,4,113.0,1,17.3,21.3,,,74.0,220.0,28.018117647058823,6.0,Oklahoma State,2010.0,2010.0,DAL,24.0,6.0,0.35
2016,9,00-0027902,D.Bryant,WR,DAL,CLE,0,0,0.0,0,0.0,0.0,0.0,0,0.0,0,4,1,19.0,0,1.9,2.9,,,74.0,220.0,28.018117647058823,6.0,Oklahoma State,2010.0,2010.0,DAL,24.0,,0.14285715
2016,10,00-0027902,D.Bryant,WR,DAL,PIT,0,0,0.0,0,0.0,0.0,0.0,0,0.0,0,9,6,116.0,1,17.6,23.6,,,74.0,220.0,28.018117647058823,6.0,Oklahoma State,2010.0,2010.0,DAL,24.0,,0.28125
2016,11,00-0027902,D.Bryant,WR,DAL,BAL,0,0,0.0,0,0.0,0.0,0.0,0,0.0,0,8,6,80.0,2,20.0,26.0,,,74.0,220.0,28.018117647058823,6.0,Oklahoma State,2010.0,2010.0,DAL,24.0,10.0,0.22222222
2016,12,00-0027902,D.Bryant,WR,DAL,WAS,0,0,0.0,0,0.0,0.0,0.0,0,0.0,0,7,5,72.0,0,7.2,12.2,,,74.0,220.0,28.018117647058823,6.0,Oklahoma State,2010.0,2010.0,DAL,24.0,5.0,0.3043478
2016,13,00-0027902,D.Bryant,WR,DAL,MIN,0,0,0.0,0,0.0,0.0,0.0,0,0.0,0,6,4,84.0,1,14.4,18.4,,,74.0,220.0,28.018117647058823,6.0,Oklahoma State,2010.0,2010.0,DAL,24.0,,0.33333334
2016,14,00-0027902,D.Bryant,WR,DAL,NYG,0,0,0.0,0,0.0,0.0,0.0,0,0.0,0,9,1,10.0,0,-1.0,0.0,,,74.0,220.0,28.018117647058823,6.0,Oklahoma State,2010.0,2010.0,DAL,24.0,,0.24324325
2016,15,00-0027902,D.Bryant,WR,DAL,TB,0,0,0.0,0,0.0,0.0,0.0,0,0.0,0,10,8,82.0,0,8.2,16.2,,,74.0,220.0,28.018117647058823,6.0,Oklahoma State,2010.0,2010.0,DAL,24.0,6.0,0.2777778
2016,16,00-0027902,D.Bryant,WR,DAL,DET,1,1,10.0,1,0.0,0.0,-0.0,0,0.0,0,5,4,70.0,2,23.4,27.4,,,74.0,220.0,28.018117647058823,6.0,Oklahoma State,2010.0,2010.0,DAL,24.0,21.0,0.23809524
2016,17,00-0027902,D.Bryant,WR,DAL,PHI,0,0,0.0,0,0.0,0.0,0.0,0,0.0,0,1,0,0.0,0,0.0,0.0,,,74.0,220.0,28.018117647058823,6.0,Oklahoma State,2010.0,2010.0,DAL,24.0,,0.035714287
2016,19,00-0027902,D.Bryant,WR,DAL,GB,0,0,0.0,0,0.0,0.0,0.0,0,0.0,0,12,9,132.0,2,25.2,34.2,,,74.0,220.0,28.018117647058823,6.0,Oklahoma State,2010.0,2010.0,DAL,24.0,-3.0,0.3243243
2016,2,00-0027905,,FB,SEA,LA,0,0,0.0,0,0.0,0.0,0.0,0,0.0,0,1,0,0.0,0,0.0,0.0,,,74.0,280.0,32.895714285714284,6.0,Oregon,2010.0,2010.0,,,,0.028571429
2016,11,00-0027905,,FB,SEA,PHI,0,0,0.0,0,0.0,0.0,0.0,1,2.0,0,0,0,0.0,0,0.2,0.2,,,74.0,280.0,32.895714285714284,6.0,Oregon,2010.0,2010.0,,,11.0,
2016,12,00-0027905,,FB,SEA,TB,0,0,0.0,0,0.0,0.0,0.0,1,0.0,0,0,0,0.0,0,0.0,0.0,,,74.0,280.0,32.895714285714284,6.0,Oregon,2010.0,2010.0,,,,
2016,1,00-0027918,,WR,CLE,PHI,0,0,0.0,0,0.0,0.0,0.0,1,-1.0,0,3,0,0.0,0,-0.1,-0.1,,,67.0,180.0,30.6558125,5.0,Toledo,2011.0,2011.0,,,,0.115384616
2016,2,00-0027918,,WR,CLE,BAL,0,0,0.0,0,0.0,0.0,0.0,0,0.0,0,3,3,28.0,0,2.8,5.8,,,67.0,180.0,30.6558125,5.0,Toledo,2011.0,2011.0,,,-5.0,0.09090909
2016,3,00-0027918,,WR,CLE,MIA,0,0,0.0,0,0.0,0.0,0.0,1,1.0,0,4,2,14.0,0,1.5,3.5,,,67.0,180.0,30.6558125,5.0,Toledo,2011.0,2011.0,,,,0.10526316
2016,4,00-0027918,,WR,CLE,WAS,0,0,0.0,0,0.0,0.0,0.0,0,0.0,0,3,3,28.0,0,2.8,5.8,,,67.0,180.0,30.6558125,5.0,Toledo,2011.0,2011.0,,,,0.078947365
2016,5,00-0027918,,WR,CLE,NE,0,0,0.0,0,0.0,0.0,0.0,0,0.0,0,7,4,56.0,1,11.6,15.6,,,67.0,180.0,30.6558125,5.0,Toledo,2011.0,2011.0,,,-20.0,0.2
2016,6,00-0027918,,WR,CLE,TEN,0,0,0.0,0,0.0,0.0,0.0,0,0.0,0,4,3,48.0,0,4.8,7.8,,,67.0,180.0,30.6558125,5.0,Toledo,2011.0,2011.0,,,,0.0952381
2016,7,00-0027918,,WR,CLE,CIN,0,0,0.0,0,0.0,0.0,0.0,0,0.0,0,4,2,19.0,0,1.9,3.9,,,67.0,180.0,30.6558125,5.0,Toledo,2011.0,2011.0,,,,0.12903225
2016,8,00-0027918,,WR,CLE,NYJ,0,0,0.0,0,0.0,0.0,0.0,0,0.0,0,9,5,31.0,2,15.1,20.1,,,67.0,180.0,30.6558125,5.0,Toledo,2011.0,2011.0,,,-3.0,0.1764706
2016,9,00-0027918,,WR,CLE,DAL,0,0,0.0,0,0.0,0.0,0.0,0,0.0,0,4,2,13.0,0,1.3,3.3,,,67.0,180.0,30.6558125,5.0,Toledo,2011.0,2011.0,,,-25.0,0.14814815
2016,10,00-0027918,,WR,CLE,BAL,0,0,0.0,0,0.0,0.0,0.0,0,0.0,0,1,0,0.0,0,0.0,0.0,,,67.0,180.0,30.6558125,5.0,Toledo,2011.0,2011.0,,,,0.032258064
2016,11,00-0027918,,WR,CLE,PIT,0,0,0.0,0,0.0,0.0,0.0,0,0.0,0,1,1,20.0,0,2.0,3.0,,,67.0,180.0,30.6558125,5.0,Toledo,2011.0,2011.0,,,-15.0,0.025
2016,12,00-0027918,,WR,CLE,NYG,0,0,0.0,0,0.0,0.0,0.0,0,0.0,0,2,0,0.0,0,0.0,0.0,,,67.0,180.0,30.6558125,5.0,Toledo,2011.0,2011.0,,,-14.0,0.046511628
2016,14,00-0027918,,WR,CLE,CIN,0,0,0.0,0,0.0,0.0,0.0,0,0.0,0,1,1,4.0,0,0.4,1.4,,,67.0,180.0,30.6558125,5.0,Toledo,2011.0,2011.0,,,-13.0,0.035714287
2016,15,00-0027918,,WR,CLE,BUF,0,0,0.0,0,0.0,0.0,0.0,0,0.0,0,1,1,33.0,0,3.3,4.3,,,67.0,180.0,30.6558125,5.0,Toledo,2011.0,2011.0,,,,0.037037037
2016,16,00-0027918,,WR,CLE,LAC,0,0,0.0,0,0.0,0.0,0.0,0,0.0,0,2,1,21.0,0,2.1,3.1,,,67.0,180.0,30.6558125,5.0,Toledo,2011.0,2011.0,,,3.0,0.071428575
2016,17,00-0027918,,WR,CLE,PIT,0,0,0.0,0,0.0,0.0,0.0,0,0.0,0,5,5,9.0,0,0.9,5.9,,,67.0,180.0,30.6558125,5.0,Toledo,2011.0,2011.0,,,,0.125
2016,12,00-0027925,J.Develin,FB,NE,NYJ,0,0,0.0,0,0.0,0.0,0.0,0,0.0,0,2,1,5.0,0,0.5,1.5,,,75.0,255.0,28.323999999999998,6.0,Brown,2010.0,2011.0,,,,0.04
2016,13,00-0027925,J.Develin,FB,NE,LA,0,0,0.0,0,0.0,0.0,0.0,0,0.0,0,1,0,0.0,0,0.0,0.0,,,75.0,255.0,28.323999999999998,6.0,Brown,2010.0,2011.0,,,16.0,0.02173913
2016,14,00-0027925,J.Develin,FB,NE,BAL,0,0,0.0,0,0.0,0.0,0.0,0,0.0,0,1,0,0.0,0,0.0,0.0,,,75.0,255.0,28.323999999999998,6.0,Brown,2010.0,2011.0,,,7.0,0.027027028
2016,15,00-0027925,J.Develin,FB,NE,DEN,0,0,0.0,0,0.0,0.0,0.0,0,0.0,0,1,1,13.0,0,1.3,2.3,,,75.0,255.0,28.323999999999998,6.0,Brown,2010.0,2011.0,,,,0.032258064
2016,16,00-0027925,J.Develin,FB,NE,NYJ,0,0,0.0,0,0.0,0.0,0.0,0,0.0,0,1,1,0.0,0,0.0,1.0,,,75.0,255.0,28.323999999999998,6.0,Brown,2010.0,2011.0,,,38.0,0.03448276
2016,19,00-0027925,J.Develin,FB,NE,HOU,0,0,0.0,0,0.0,0.0,0.0,0,0.0,0,2,1,0.0,0,0.0,1.0,,,75.0,255.0,28.323999999999998,6.0,Brown,2010.0,2011.0,,,18.0,0.055555556
2016,20,00-0027925,J.Develin,FB,NE,PIT,0,0,0.0,0,0.0,0.0,0.0,0,0.0,0,1,1,13.0,0,1.3,2.3,,,75.0,255.0,28.323999999999998,6.0,Brown,2010.0,2011.0,,,19.0,0.024390243
2016,1,00-0027939,C.Newton,QB,CAR,DEN,18,33,194.0,1,1.0,3.0,18.0,11,54.0,1,0,0,0.0,0,21.16,21.16,,,77.0,245.0,27.4923125,5.0,Auburn,2011.0,2011.0,CAR,1.0,,
2016,2,00-0027939,C.Newton,QB,CAR,SF,24,40,353.0,4,1.0,1.0,-0.0,6,37.0,0,0,0,0.0,0,29.82,29.82,,,77.0,245.0,27.4923125,5.0,Auburn,2011.0,2011.0,CAR,1.0,19.0,
2016,3,00-0027939,C.Newton,QB,CAR,MIN,21,35,262.0,0,3.0,8.0,64.0,7,26.0,1,0,0,0.0,0,13.08,13.08,,,77.0,245.0,27.4923125,5.0,Auburn,2011.0,2011.0,CAR,1.0,-12.0,
2016,4,00-0027939,C.Newton,QB,CAR,ATL,14,25,165.0,1,0.0,1.0,8.0,5,30.0,0,0,0,0.0,0,15.6,15.6,,,77.0,245.0,27.4923125,5.0,Auburn,2011.0,2011.0,CAR,1.0,,
2016,6,00-0027939,C.Newton,QB,CAR,NO,27,47,322.0,2,1.0,2.0,19.0,2,1.0,1,0,0,0.0,0,26.98,26.98,,,77.0,245.0,27.4923125,5.0,Auburn,2011.0,2011.0,CAR,1.0,,
2016,8,00-0027939,C.Newton,QB,CAR,ARI,14,27,212.0,0,0.0,1.0,4.0,7,43.0,0,0,0,0.0,0,12.78,12.78,,,77.0,245.0,27.4923125,5.0,Auburn,2011.0,2011.0,CAR,1.0,10.0,
2016,9,00-0027939,C.Newton,QB,CAR,LA,20,32,225.0,1,0.0,5.0,40.0,7,16.0,0,0,0,0.0,0,14.6,14.6,,,77.0,245.0,27.4923125,5.0,Auburn,2011.0,2011.0,CAR,1.0,,
2016,10,00-0027939,C.Newton,QB,CAR,KC,23,38,261.0,1,1.0,2.0,19.0,12,54.0,1,0,0,0.0,0,23.84,23.84,,,77.0,245.0,27.4923125,5.0,Auburn,2011.0,2011.0,CAR,1.0,-3.0,
2016,11,00-0027939,C.Newton,QB,CAR,NO,14,33,192.0,1,0.0,2.0,19.0,5,7.0,0,0,0,0.0,0,12.38,12.38,,,77.0,245.0,27.4923125,5.0,Auburn,2011.0,2011.0,CAR,1.0,3.0,
2016,12,00-0027939,C.Newton,QB,CAR,LV,14,29,246.0,2,1.0,2.0,17.0,3,6.0,1,0,0,0.0,0,20.44,20.44,,,77.0,245.0,27.4923125,5.0,Auburn,2011.0,2011.0,CAR,1.0,,
2016,13,00-0027939,C.Newton,QB,CAR,SEA,14,32,182.0,1,0.0,0.0,-0.0,3,12.0,0,0,0,0.0,0,12.48,12.48,,,77.0,245.0,27.4923125,5.0,Auburn,2011.0,2011.0,CAR,1.0,,
2016,14,00-0027939,C.Newton,QB,CAR,LAC,10,27,160.0,1,1.0,2.0,14.0,8,31.0,0,0,0,0.0,0,11.5,11.5,,,77.0,245.0,27.4923125,5.0,Auburn,2011.0,2011.0,CAR,1.0,12.0,
2016,15,00-0027939,C.Newton,QB,CAR,WAS,21,37,300.0,2,0.0,2.0,10.0,3,0.0,0,0,0,0.0,0,20.0,20.0,,,77.0,245.0,27.4923125,5.0,Auburn,2011.0,2011.0,CAR,1.0,,
2016,16,00-0027939,C.Newton,QB,CAR,ATL,18,43,198.0,1,2.0,2.0,15.0,8,36.0,0,0,0,0.0,0,11.52,11.52,,,77.0,245.0,27.4923125,5.0,Auburn,2011.0,2011.0,CAR,1.0,-17.0,
2016,17,00-0027939,C.Newton,QB,CAR,TB,18,32,237.0,1,3.0,3.0,30.0,3,6.0,0,0,0,0.0,0,8.08,8.08,,,77.0,245.0,27.4923125,5.0,Auburn,2011.0,2011.0,CAR,1.0,,
2016,1,00-0027942,A.Green,WR,CIN,NYJ,0,0,0.0,0,0.0,0.0,0.0,0,0.0,0,13,12,180.0,1,24.0,36.0,,,76.0,207.0,28.267812499999998,5.0,Georgia,2011.0,2011.0,CIN,4.0,,0.43333334
2016,2,00-0027942,A.Green,WR,CIN,PIT,0,0,0.0,0,0.0,0.0,0.0,0,0.0,0,8,2,38.0,0,3.8,5.8,,,76.0,207.0,28.267812499999998,5.0,Georgia,2011.0,2011.0,CIN,4.0,,0.14814815
2016,3,00-0027942,A.Green,WR,CIN,DEN,0,0,0.0,0,0.0,0.0,0.0,0,0.0,0,11,8,77.0,0,7.7,15.7,,,76.0,207.0,28.267812499999998,5.0,Georgia,2011.0,2011.0,CIN,4.0,-12.0,0.39285713
2016,4,00-0027942,A.Green,WR,CIN,MIA,0,0,0.0,0,0.0,0.0,0.0,0,0.0,0,12,10,173.0,1,23.3,33.3,,,76.0,207.0,28.267812499999998,5.0,Georgia,2011.0,2011.0,CIN,4.0,15.0,0.38709676
2016,5,00-0027942,A.Green,WR,CIN,DAL,0,0,0.0,0,0.0,0.0,0.0,0,0.0,0,8,4,50.0,0,5.0,9.0,,,76.0,207.0,28.267812499999998,5.0,Georgia,2011.0,2011.0,CIN,4.0,,0.20512821
2016,6,00-0027942,A.Green,WR,CIN,NE,0,0,0.0,0,0.0,0.0,0.0,0,0.0,0,10,6,88.0,0,8.8,14.8,,,76.0,207.0,28.267812499999998,5.0,Georgia,2011.0,2011.0,CIN,4.0,,0.32258064
2016,7,00-0027942,A.Green,WR,CIN,CLE,0,0,0.0,0,0.0,0.0,0.0,0,0.0,0,8,8,169.0,1,22.9,30.9,,,76.0,207.0,28.267812499999998,5.0,Georgia,2011.0,2011.0,CIN,4.0,14.0,0.30769232
2016,8,00-0027942,A.Green,WR,CIN,WAS,0,0,0.0,0,0.0,0.0,0.0,0,0.0,0,18,9,121.0,0,12.1,21.1,,,76.0,207.0,28.267812499999998,5.0,Georgia,2011.0,2011.0,CIN,4.0,0.0,0.42857143
2016,10,00-0027942,A.Green,WR,CIN,NYG,0,0,0.0,0,0.0,0.0,0.0,0,0.0,0,11,7,68.0,1,12.8,19.8,,,76.0,207.0,28.267812499999998,5.0,Georgia,2011.0,2011.0,CIN,4.0,,0.39285713
2016,11,00-0027942,A.Green,WR,CIN,BUF,0,0,0.0,0,0.0,0.0,0.0,0,0.0,0,1,0,0.0,0,0.0,0.0,,,76.0,207.0,28.267812499999998,5.0,Georgia,2011.0,2011.0,CIN,4.0,-4.0,0.025
2016,1,00-0027944,J.Jones,WR,ATL,TB,0,0,0.0,0,0.0,0.0,0.0,0,0.0,0,8,4,66.0,1,12.6,16.6,,,75.0,220.0,27.77421052631579,5.0,Alabama,2011.0,2011.0,ATL,6.0,-7.0,0.21052632
2016,2,00-0027944,J.Jones,WR,ATL,LV,0,0,0.0,0,0.0,0.0,0.0,0,0.0,0,5,5,106.0,1,16.6,21.6,,,75.0,220.0,27.77421052631579,5.0,Alabama,2011.0,2011.0,ATL,6.0,,0.14705883
2016,3,00-0027944,J.Jones,WR,ATL,NO,0,0,0.0,0,0.0,0.0,0.0,0,0.0,0,7,1,16.0,0,1.6,2.6,,,75.0,220.0,27.77421052631579,5.0,Alabama,2011.0,2011.0,ATL,6.0,,0.23333333
2016,4,00-0027944,J.Jones,WR,ATL,CAR,0,0,0.0,0,0.0,0.0,0.0,0,0.0,0,15,12,300.0,1,36.0,48.0,,,75.0,220.0,27.77421052631579,5.0,Alabama,2011.0,2011.0,ATL,6.0,15.0,0.4054054
2016,5,00-0027944,J.Jones,WR,ATL,DEN,0,0,0.0,0,0.0,0.0,0.0,0,0.0,0,6,2,29.0,0,2.9,4.9,,,75.0,220.0,27.77421052631579,5.0,Alabama,2011.0,2011.0,ATL,6.0,,0.21428572
2016,6,00-0027944,J.Jones,WR,ATL,SEA,0,0,0.0,0,0.0,0.0,0.0,0,0.0,0,9,7,139.0,1,19.9,26.9,,,75.0,220.0,27.77421052631579,5.0,Alabama,2011.0,2011.0,ATL,6.0,,0.2195122
2016,7,00-0027944,J.Jones,WR,ATL,LAC,0,0,0.0,0,0.0,0.0,0.0,0,0.0,0,15,9,174.0,0,17.4,26.4,,,75.0,220.0,27.77421052631579,5.0,Alabama,2011.0,2011.0,ATL,6.0,-3.0,0.44117647
2016,8,00-0027944,J.Jones,WR,ATL,GB,0,0,0.0,0,0.0,0.0,0.0,0,0.0,0,5,3,29.0,0,2.9,5.9,,,75.0,220.0,27.77421052631579,5.0,Alabama,2011.0,2011.0,ATL,6.0,1.0,0.14285715
2016,9,00-0027944,J.Jones,WR,ATL,TB,0,0,0.0,0,0.0,0.0,0.0,0,0.0,0,11,8,111.0,1,17.1,25.1,,,75.0,220.0,27.77421052631579,5.0,Alabama,2011.0,2011.0,ATL,6.0,,0.32352942
2016,10,00-0027944,J.Jones,WR,ATL,PHI,0,0,0.0,0,0.0,0.0,0.0,0,0.0,0,16,10,135.0,0,13.5,23.5,,,75.0,220.0,27.77421052631579,5.0,Alabama,2011.0,2011.0,ATL,6.0,,0.516129
2016,12,00-0027944,J.Jones,WR,ATL,ARI,0,0,0.0,0,0.0,0.0,0.0,0,0.0,0,7,4,35.0,0,3.5,7.5,,,75.0,220.0,27.77421052631579,5.0,Alabama,2011.0,2011.0,ATL,6.0,19.0,0.21212122
2016,13,00-0027944,J.Jones,WR,ATL,KC,0,0,0.0,0,0.0,0.0,0.0,0,0.0,0,9,7,113.0,0,11.3,18.3,,,75.0,220.0,27.77421052631579,5.0,Alabama,2011.0,2011.0,ATL,6.0,-1.0,0.27272728
2016,16,00-0027944,J.Jones,WR,ATL,CAR,0,0,0.0,0,0.0,0.0,0.0,0,0.0,0,7,4,60.0,0,6.0,10.0,,,75.0,220.0,27.77421052631579,5.0,Alabama,2011.0,2011.0,ATL,6.0,,0.21212122
2016,17,00-0027944,J.Jones,WR,ATL,NO,0,0,0.0,0,0.0,0.0,0.0,0,0.0,0,9,7,96.0,1,15.6,22.6,,,75.0,220.0,27.77421052631579,5.0,Alabama,2011.0,2011.0,ATL,6.0,6.0,0.25
2016,19,00-0027944,J.Jones,WR,ATL,SEA,0,0,0.0,0,0.0,0.0,0.0,0,0.0,0,8,6,67.0,1,12.7,18.7,,,75.0,220.0,27.77421052631579,5.0,Alabama,2011.0,2011.0,ATL,6.0,16.0,0.21621622
2016,20,00-0027944,J.Jones,WR,ATL,GB,0,0,0.0,0,0.0,0.0,0.0,0,0.0,0,12,9,180.0,2,30.0,39.0,,,75.0,220.0,27.77421052631579,5.0,Alabama,2011.0,2011.0,ATL,6.0,23.0,0.31578946
2016,21,00-0027944,J.Jones,WR,ATL,NE,0,0,0.0,0,0.0,0.0,0.0,0,0.0,0,4,4,87.0,0,8.7,12.7,,,75.0,220.0,27.77421052631579,5.0,Alabama,2011.0,2011.0,ATL,6.0,-6.0,0.18181819
2016,1,00-0027948,B.Gabbert,QB,SF,LA,22,35,170.0,1,0.0,0.0,-0.0,9,43.0,0,1,1,-16.0,0,13.5,14.5,,,76.0,235.0,27.0615625,5.0,Missouri,2011.0,2011.0,JAX,10.0,28.0,0.028571429
2016,2,00-0027948,B.Gabbert,QB,SF,CAR,17,36,243.0,2,2.0,2.0,6.0,3,10.0,1,0,0,0.0,0,20.72,20.72,,,76.0,235.0,27.0615625,5.0,Missouri,2011.0,2011.0,JAX,10.0,,
2016,3,00-0027948,B.Gabbert,QB,SF,SEA,14,25,119.0,0,1.0,0.0,-0.0,5,22.0,0,0,0,0.0,0,4.96,4.96,,,76.0,235.0,27.0615625,5.0,Missouri,2011.0,2011.0,JAX,10.0,,
2016,4,00-0027948,B.Gabbert,QB,SF,DAL,16,23,196.0,1,1.0,1.0,7.0,12,27.0,0,0,0,0.0,0,12.54,12.54,,,76.0,235.0,27.0615625,5.0,Missouri,2011.0,2011.0,JAX,10.0,-7.0,
2016,5,00-0027948,B.Gabbert,QB,SF,ARI,18,31,162.0,1,2.0,7.0,27.0,10,70.0,1,0,0,0.0,0,19.48,19.48,,,76.0,235.0,27.0615625,5.0,Missouri,2011.0,2011.0,JAX,10.0,-12.0,
2016,13,00-0027948,B.Gabbert,QB,SF,CHI,4,10,35.0,0,0.0,1.0,8.0,1,1.0,0,0,0,0.0,0,1.5,1.5,,,76.0,235.0,27.0615625,5.0,Missouri,2011.0,2011.0,JAX,10.0,,
2016,1,00-0027966,M.Ingram,RB,NO,LV,0,0,0.0,0,0.0,0.0,0.0,12,58.0,0,2,2,29.0,0,8.7,10.7,,,69.0,215.0,26.881687499999998,5.0,Alabama,2011.0,2011.0,NO,28.0,-1.0,0.051282052
2016,2,00-0027966,M.Ingram,RB,NO,NYG,0,0,0.0,0,0.0,0.0,0.0,9,30.0,0,4,4,17.0,0,4.7,8.7,,,69.0,215.0,26.881687499999998,5.0,Alabama,2011.0,2011.0,NO,28.0,,0.09090909
2016,3,00-0027966,M.Ingram,RB,NO,ATL,0,0,0.0,0,0.0,0.0,0.0,15,77.0,0,6,4,30.0,1,18.7,22.7,,,69.0,215.0,26.881687499999998,5.0,Alabama,2011.0,2011.0,NO,28.0,-13.0,0.11111111
2016,4,00-0027966,M.Ingram,RB,NO,LAC,0,0,0.0,0,0.0,0.0,0.0,18,56.0,1,7,6,49.0,0,16.5,22.5,,,69.0,215.0,26.881687499999998,5.0,Alabama,2011.0,2011.0,NO,28.0,,0.19444445
2016,6,00-0027966,M.Ingram,RB,NO,CAR,0,0,0.0,0,0.0,0.0,0.0,16,51.0,0,3,2,9.0,0,6.0,8.0,,,69.0,215.0,26.881687499999998,5.0,Alabama,2011.0,2011.0,NO,28.0,3.0,0.0625
2016,7,00-0027966,M.Ingram,RB,NO,KC,0,0,0.0,0,0.0,0.0,0.0,16,62.0,0,4,4,20.0,1,12.2,16.2,,,69.0,215.0,26.881687499999998,5.0,Alabama,2011.0,2011.0,NO,28.0,,0.08510638
2016,8,00-0027966,M.Ingram,RB,NO,SEA,0,0,0.0,0,0.0,0.0,0.0,3,5.0,0,0,0,0.0,0,-1.5,-1.5,,,69.0,215.0,26.881687499999998,5.0,Alabama,2011.0,2011.0,NO,28.0,5.0,
2016,9,00-0027966,M.Ingram,RB,NO,SF,0,0,0.0,0,0.0,0.0,0.0,15,158.0,1,2,2,13.0,1,29.1,31.1,,,69.0,215.0,26.881687499999998,5.0,Alabama,2011.0,2011.0,NO,28.0,,0.051282052
2016,10,00-0027966,M.Ingram,RB,NO,DEN,0,0,0.0,0,0.0,0.0,0.0,11,50.0,0,2,2,13.0,0,6.3,8.3,,,69.0,215.0,26.881687499999998,5.0,Alabama,2011.0,2011.0,NO,28.0,-2.0,0.06896552
2016,11,00-0027966,M.Ingram,RB,NO,CAR,0,0,0.0,0,0.0,0.0,0.0,7,28.0,0,4,3,47.0,0,7.5,10.5,,,69.0,215.0,26.881687499999998,5.0,Alabama,2011.0,2011.0,NO,28.0,,0.09090909
2016,12,00-0027966,M.Ingram,RB,NO,LA,0,0,0.0,0,0.0,0.0,0.0,14,146.0,1,2,1,21.0,1,28.7,29.7,,,69.0,215.0,26.881687499999998,5.0,Alabama,2011.0,2011.0,NO,28.0,28.0,0.057142857
2016,13,00-0027966,M.Ingram,RB,NO,DET,0,0,0.0,0,0.0,0.0,0.0,7,37.0,0,5,5,16.0,0,5.3,10.3,,,69.0,215.0,26.881687499999998,5.0,Alabama,2011.0,2011.0,NO,28.0,-15.0,0.11904762
2016,14,00-0027966,M.Ingram,RB,NO,TB,0,0,0.0,0,0.0,0.0,0.0,7,14.0,0,2,1,9.0,0,2.3,3.3,,,69.0,215.0,26.881687499999998,5.0,Alabama,2011.0,2011.0,NO,28.0,,0.048780486
2016,15,00-0027966,M.Ingram,RB,NO,ARI,0,0,0.0,0,0.0,0.0,0.0,17,78.0,0,4,2,14.0,0,9.2,11.2,,,69.0,215.0,26.881687499999998,5.0,Alabama,2011.0,2011.0,NO,28.0,,0.083333336
2016,16,00-0027966,M.Ingram,RB,NO,TB,0,0,0.0,0,0.0,0.0,0.0,18,90.0,2,3,2,3.0,0,23.3,25.3,,,69.0,215.0,26.881687499999998,5.0,Alabama,2011.0,2011.0,NO,28.0,7.0,0.0882353
2016,17,00-0027966,M.Ingram,RB,NO,ATL,0,0,0.0,0,0.0,0.0,0.0,20,103.0,1,8,6,29.0,0,19.2,25.2,,,69.0,215.0,26.881687499999998,5.0,Alabama,2011.0,2011.0,NO,28.0,,0.1632653
2016,1,00-0027973,A.Dalton,QB,CIN,NYJ,23,30,366.0,1,1.0,7.0,42.0,3,7.0,0,0,0,0.0,0,17.34,17.34,,,74.0,220.0,29.0234375,5.0,Texas Christian,2011.0,2011.0,CIN,35.0,,
2016,2,00-0027973,A.Dalton,QB,CIN,PIT,31,54,366.0,1,0.0,1.0,-0.0,2,7.0,0,0,0,0.0,0,19.34,19.34,,,74.0,220.0,29.0234375,5.0,Texas Christian,2011.0,2011.0,CIN,35.0,,
2016,3,00-0027973,A.Dalton,QB,CIN,DEN,21,31,206.0,0,1.0,4.0,17.0,6,40.0,0,0,0,0.0,0,10.24,10.24,,,74.0,220.0,29.0234375,5.0,Texas Christian,2011.0,2011.0,CIN,35.0,-12.0,
2016,4,00-0027973,A.Dalton,QB,CIN,MIA,22,31,296.0,1,0.0,1.0,11.0,6,-12.0,0,0,0,0.0,0,14.64,14.64,,,74.0,220.0,29.0234375,5.0,Texas Christian,2011.0,2011.0,CIN,35.0,15.0,
2016,5,00-0027973,A.Dalton,QB,CIN,DAL,29,41,269.0,2,0.0,4.0,20.0,6,34.0,0,0,0,0.0,0,22.16,22.16,,,74.0,220.0,29.0234375,5.0,Texas Christian,2011.0,2011.0,CIN,35.0,,
2016,6,00-0027973,A.Dalton,QB,CIN,NE,21,31,254.0,1,0.0,2.0,17.0,2,17.0,1,0,0,0.0,0,21.86,21.86,,,74.0,220.0,29.0234375,5.0,Texas Christian,2011.0,2011.0,CIN,35.0,,
2016,7,00-0027973,A.Dalton,QB,CIN,CLE,19,28,308.0,2,0.0,3.0,20.0,0,0.0,0,0,0,0.0,0,20.32,20.32,,,74.0,220.0,29.0234375,5.0,Texas Christian,2011.0,2011.0,CIN,35.0,14.0,
2016,8,00-0027973,A.Dalton,QB,CIN,WAS,27,42,284.0,1,1.0,3.0,21.0,4,21.0,1,0,0,0.0,0,19.46,19.46,,,74.0,220.0,29.0234375,5.0,Texas Christian,2011.0,2011.0,CIN,35.0,0.0,
2016,10,00-0027973,A.Dalton,QB,CIN,NYG,16,29,204.0,1,1.0,3.0,18.0,1,15.0,0,0,0,0.0,0,11.66,11.66,,,74.0,220.0,29.0234375,5.0,Texas Christian,2011.0,2011.0,CIN,35.0,,
2016,11,00-0027973,A.Dalton,QB,CIN,BUF,24,43,207.0,1,2.0,1.0,-0.0,4,10.0,1,0,0,0.0,0,15.28,15.28,,,74.0,220.0,29.0234375,5.0,Texas Christian,2011.0,2011.0,CIN,35.0,-4.0,
2016,12,00-0027973,A.Dalton,QB,CIN,BAL,26,48,283.0,1,0.0,3.0,22.0,3,14.0,0,0,0,0.0,0,12.72,12.72,,,74.0,220.0,29.0234375,5.0,Texas Christian,2011.0,2011.0,CIN,35.0,,
2016,13,00-0027973,A.Dalton,QB,CIN,PHI,23,31,332.0,2,0.0,0.0,-0.0,2,9.0,0,0,0,0.0,0,22.18,22.18,,,74.0,220.0,29.0234375,5.0,Texas Christian,2011.0,2011.0,CIN,35.0,18.0,
2016,14,00-0027973,A.Dalton,QB,CIN,CLE,20,28,180.0,2,0.0,4.0,33.0,2,17.0,0,0,0,0.0,0,16.9,16.9,,,74.0,220.0,29.0234375,5.0,Texas Christian,2011.0,2011.0,CIN,35.0,,
2016,15,00-0027973,A.Dalton,QB,CIN,PIT,16,27,157.0,0,1.0,1.0,11.0,1,1.0,1,0,0,0.0,0,10.38,10.38,,,74.0,220.0,29.0234375,5.0,Texas Christian,2011.0,2011.0,CIN,35.0,-4.0,
2016,16,00-0027973,A.Dalton,QB,CIN,HOU,28,41,268.0,1,1.0,3.0,24.0,0,0.0,0,0,0,0.0,0,12.72,12.72,,,74.0,220.0,29.0234375,5.0,Texas Christian,2011.0,2011.0,CIN,35.0,,
2016,17,00-0027973,A.Dalton,QB,CIN,BAL,18,28,226.0,1,0.0,1.0,8.0,4,4.0,0,0,0,0.0,0,13.44,13.44,,,74.0,220.0,29.0234375,5.0,Texas Christian,2011.0,2011.0,CIN,35.0,17.0,
2016,6,00-0027974,,QB,SF,BUF,13,29,187.0,1,0.0,3.0,20.0,8,66.0,0,0,0,0.0,0,18.08,18.08,,,76.0,230.0,29.0109375,5.0,Nevada,2011.0,2011.0,SF,36.0,,
2016,7,00-0027974,,QB,SF,TB,16,34,143.0,1,1.0,4.0,30.0,9,84.0,0,0,0,0.0,0,14.12,14.12,,,76.0,230.0,29.0109375,5.0,Nevada,2011.0,2011.0,SF,36.0,-17.0,
2016,9,00-0027974,,QB,SF,NO,24,39,398.0,2,1.0,1.0,5.0,5,23.0,0,0,0,0.0,0,22.22,22.22,,,76.0,230.0,29.0109375,5.0,Nevada,2011.0,2011.0,SF,36.0,-18.0,
2016,10,00-0027974,,QB,SF,ARI,17,30,210.0,1,0.0,3.0,12.0,10,55.0,1,0,0,0.0,0,23.9,23.9,,,76.0,230.0,29.0109375,5.0,Nevada,2011.0,2011.0,SF,36.0,,
2016,11,00-0027974,,QB,SF,NE,16,30,206.0,2,0.0,5.0,29.0,4,32.0,0,0,0,0.0,0,19.44,19.44,,,76.0,230.0,29.0109375,5.0,Nevada,2011.0,2011.0,SF,36.0,-13.0,
2016,12,00-0027974,,QB,SF,MIA,29,46,296.0,3,1.0,2.0,14.0,10,113.0,0,0,0,0.0,0,33.14,33.14,,,76.0,230.0,29.0109375,5.0,Nevada,2011.0,2011.0,SF,36.0,,
2016,13,00-0027974,,QB,SF,CHI,1,5,4.0,0,0.0,5.0,25.0,6,20.0,0,0,0,0.0,0,2.16,2.16,,,76.0,230.0,29.0109375,5.0,Nevada,2011.0,2011.0,SF,36.0,,
2016,14,00-0027974,,QB,SF,NYJ,15,26,133.0,1,0.0,2.0,17.0,3,23.0,0,0,0,0.0,0,11.62,11.62,,,76.0,230.0,29.0109375,5.0,Nevada,2011.0,2011.0,SF,36.0,-6.0,
2016,15,00-0027974,,QB,SF,ATL,20,33,183.0,2,0.0,2.0,18.0,3,21.0,0,0,0,0.0,0,17.42,17.42,,,76.0,230.0,29.0109375,5.0,Nevada,2011.0,2011.0,SF,36.0,,
2016,16,00-0027974,,QB,SF,LA,28,37,266.0,2,1.0,4.0,13.0,6,15.0,1,0,0,0.0,0,26.14,26.14,,,76.0,230.0,29.0109375,5.0,Nevada,2011.0,2011.0,SF,36.0,,
2016,17,00-0027974,,QB,SF,SEA,17,22,215.0,1,0.0,5.0,24.0,5,16.0,0,0,0,0.0,0,12.2,12.2,,,76.0,230.0,29.0109375,5.0,Nevada,2011.0,2011.0,SF,36.0,-2.0,
2016,1,00-0027981,K.Rudolph,TE,MIN,TEN,0,0,0.0,0,0.0,0.0,0.0,0,0.0,0,8,4,65.0,0,6.5,10.5,,,78.0,265.0,26.995125,5.0,Notre Dame,2011.0,2011.0,MIN,43.0,,0.24242425
2016,2,00-0027981,K.Rudolph,TE,MIN,GB,0,0,0.0,0,0.0,0.0,0.0,0,0.0,0,8,3,31.0,1,9.1,12.1,,,78.0,265.0,26.995125,5.0,Notre Dame,2011.0,2011.0,MIN,43.0,3.0,0.2580645
2016,3,00-0027981,K.Rudolph,TE,MIN,CAR,0,0,0.0,0,0.0,0.0,0.0,0,0.0,0,10,7,70.0,1,13.0,20.0,,,78.0,265.0,26.995125,5.0,Notre Dame,2011.0,2011.0,MIN,43.0,,0.35714287
2016,4,00-0027981,K.Rudolph,TE,MIN,NYG,0,0,0.0,0,0.0,0.0,0.0,0,0.0,0,7,5,55.0,1,11.5,16.5,,,78.0,265.0,26.995125,5.0,Notre Dame,2011.0,2011.0,MIN,43.0,14.0,0.19444445
2016,5,00-0027981,K.Rudolph,TE,MIN,HOU,0,0,0.0,0,0.0,0.0,0.0,0,0.0,0,4,2,15.0,0,1.5,3.5,,,78.0,265.0,26.995125,5.0,Notre Dame,2011.0,2011.0,MIN,43.0,18.0,0.13333334
2016,7,00-0027981,K.Rudolph,TE,MIN,PHI,0,0,0.0,0,0.0,0.0,0.0,0,0.0,0,11,5,55.0,0,5.5,10.5,,,78.0,265.0,26.995125,5.0,Notre Dame,2011.0,2011.0,MIN,43.0,,0.2820513
2016,8,00-0027981,K.Rudolph,TE,MIN,CHI,0,0,0.0,0,0.0,0.0,0.0,0,0.0,0,6,5,31.0,0,3.1,8.1,,,78.0,265.0,26.995125,5.0,Notre Dame,2011.0,2011.0,MIN,43.0,,0.16216215
2016,9,00-0027981,K.Rudolph,TE,MIN,DET,0,0,0.0,0,0.0,0.0,0.0,0,0.0,0,3,1,1.0,1,6.1,7.1,,,78.0,265.0,26.995125,5.0,Notre Dame,2011.0,2011.0,MIN,43.0,-6.0,0.075
2016,10,00-0027981,K.Rudolph,TE,MIN,WAS,0,0,0.0,0,0.0,0.0,0.0,0,0.0,0,8,5,69.0,1,12.9,17.9,,,78.0,265.0,26.995125,5.0,Notre Dame,2011.0,2011.0,MIN,43.0,,0.2
2016,11,00-0027981,K.Rudolph,TE,MIN,ARI,0,0,0.0,0,0.0,0.0,0.0,0,0.0,0,3,2,12.0,0,1.2,3.2,,,78.0,265.0,26.995125,5.0,Notre Dame,2011.0,2011.0,MIN,43.0,6.0,0.10714286
2016,12,00-0027981,K.Rudolph,TE,MIN,DET,0,0,0.0,0,0.0,0.0,0.0,0,0.0,0,10,9,64.0,0,6.4,15.4,,,78.0,265.0,26.995125,5.0,Notre Dame,2011.0,2011.0,MIN,43.0,,0.2777778
2016,13,00-0027981,K.Rudolph,TE,MIN,DAL,0,0,0.0,0,0.0,0.0,0.0,0,0.0,0,12,6,45.0,0,4.5,10.5,,,78.0,265.0,26.995125,5.0,Notre Dame,2011.0,2011.0,MIN,43.0,-2.0,0.25531915
2016,14,00-0027981,K.Rudolph,TE,MIN,JAX,0,0,0.0,0,0.0,0.0,0.0,0,0.0,0,8,4,60.0,1,12.0,16.0,,,78.0,265.0,26.995125,5.0,Notre Dame,2011.0,2011.0,MIN,43.0,,0.23529412
2016,15,00-0027981,K.Rudolph,TE,MIN,IND,0,0,0.0,0,0.0,0.0,0.0,0,0.0,0,10,8,97.0,0,9.7,17.7,,,78.0,265.0,26.995125,5.0,Notre Dame,2011.0,2011.0,MIN,43.0,-28.0,0.23809524
2016,16,00-0027981,K.Rudolph,TE,MIN,GB,0,0,0.0,0,0.0,0.0,0.0,0,0.0,0,9,6,53.0,0,5.3,11.3,,,78.0,265.0,26.995125,5.0,Notre Dame,2011.0,2011.0,MIN,43.0,,0.18
2016,17,00-0027981,K.Rudolph,TE,MIN,CHI,0,0,0.0,0,0.0,0.0,0.0,0,0.0,0,15,11,117.0,1,17.7,28.7,,,78.0,265.0,26.995125,5.0,Notre Dame,2011.0,2011.0,MIN,43.0,28.0,0.44117647
2016,1,00-0027985,L.Kendricks,TE,LA,SF,0,0,0.0,0,0.0,0.0,0.0,0,0.0,0,3,2,15.0,0,1.5,3.5,,,75.0,250.0,28.770125,5.0,Wisconsin,2011.0,2011.0,STL,47.0,,0.08571429
2016,2,00-0027985,L.Kendricks,TE,LA,SEA,0,0,0.0,0,0.0,0.0,0.0,0,0.0,0,6,4,61.0,0,6.1,10.1,,,75.0,250.0,28.770125,5.0,Wisconsin,2011.0,2011.0,STL,47.0,6.0,0.20689656
2016,3,00-0027985,L.Kendricks,TE,LA,TB,0,0,0.0,0,0.0,0.0,0.0,0,0.0,0,4,0,0.0,0,0.0,0.0,,,75.0,250.0,28.770125,5.0,Wisconsin,2011.0,2011.0,STL,47.0,,0.15384616
2016,4,00-0027985,L.Kendricks,TE,LA,ARI,0,0,0.0,0,0.0,0.0,0.0,0,0.0,0,7,5,52.0,0,5.2,10.2,,,75.0,250.0,28.770125,5.0,Wisconsin,2011.0,2011.0,STL,47.0,,0.2413793
2016,5,00-0027985,L.Kendricks,TE,LA,BUF,0,0,0.0,0,0.0,0.0,0.0,0,0.0,0,3,2,24.0,0,2.4,4.4,,,75.0,250.0,28.770125,5.0,Wisconsin,2011.0,2011.0,STL,47.0,-11.0,0.09677419
2016,6,00-0027985,L.Kendricks,TE,LA,DET,0,0,0.0,0,0.0,0.0,0.0,0,0.0,0,8,5,34.0,1,9.4,14.4,,,75.0,250.0,28.770125,5.0,Wisconsin,2011.0,2011.0,STL,47.0,,0.25
2016,7,00-0027985,L.Kendricks,TE,LA,NYG,0,0,0.0,0,0.0,0.0,0.0,0,0.0,0,9,7,55.0,0,5.5,12.5,,,75.0,250.0,28.770125,5.0,Wisconsin,2011.0,2011.0,STL,47.0,-7.0,0.17307693
2016,9,00-0027985,L.Kendricks,TE,LA,CAR,0,0,0.0,0,0.0,0.0,0.0,0,0.0,0,12,7,90.0,0,9.0,16.0,,,75.0,250.0,28.770125,5.0,Wisconsin,2011.0,2011.0,STL,47.0,-3.0,0.26086956
2016,10,00-0027985,L.Kendricks,TE,LA,NYJ,0,0,0.0,0,0.0,0.0,0.0,0,0.0,0,2,1,0.0,0,0.0,1.0,,,75.0,250.0,28.770125,5.0,Wisconsin,2011.0,2011.0,STL,47.0,,0.06666667
2016,11,00-0027985,L.Kendricks,TE,LA,MIA,0,0,0.0,0,0.0,0.0,0.0,0,0.0,0,7,4,38.0,0,1.8,5.8,,,75.0,250.0,28.770125,5.0,Wisconsin,2011.0,2011.0,STL,47.0,-4.0,0.2413793
2016,12,00-0027985,L.Kendricks,TE,LA,NO,0,0,0.0,0,0.0,0.0,0.0,0,0.0,0,7,4,51.0,1,11.1,15.1,,,75.0,250.0,28.770125,5.0,Wisconsin,2011.0,2011.0,STL,47.0,,0.22580644
2016,13,00-0027985,L.Kendricks,TE,LA,NE,0,0,0.0,0,0.0,0.0,0.0,0,0.0,0,5,2,13.0,0,1.3,3.3,,,75.0,250.0,28.770125,5.0,Wisconsin,2011.0,2011.0,STL,47.0,,0.15625
2016,14,00-0027985,L.Kendricks,TE,LA,ATL,0,0,0.0,0,0.0,0.0,0.0,0,0.0,0,3,1,13.0,0,1.3,2.3,,,75.0,250.0,28.770125,5.0,Wisconsin,2011.0,2011.0,STL,47.0,-28.0,0.07317073
2016,15,00-0027985,L.Kendricks,TE,LA,SEA,0,0,0.0,0,0.0,0.0,0.0,0,0.0,0,4,1,5.0,0,0.5,1.5,,,75.0,250.0,28.770125,5.0,Wisconsin,2011.0,2011.0,STL,47.0,,0.114285715
2016,16,00-0027985,L.Kendricks,TE,LA,SF,0,0,0.0,0,0.0,0.0,0.0,0,0.0,0,4,3,36.0,0,3.6,6.6,,,75.0,250.0,28.770125,5.0,Wisconsin,2011.0,2011.0,STL,47.0,-1.0,0.16666667
2016,17,00-0027985,L.Kendricks,TE,LA,ARI,0,0,0.0,0,0.0,0.0,0.0,0,0.0,0,3,2,12.0,0,1.2,3.2,,,75.0,250.0,28.770125,5.0,Wisconsin,2011.0,2011.0,STL,47.0,-38.0,0.10714286
2016,1,00-0027994,S.Vereen,RB,NYG,DAL,0,0,0.0,0,0.0,0.0,0.0,6,38.0,0,5,3,23.0,0,6.1,9.1,,,70.0,205.0,27.693411764705882,5.0,California,2011.0,2011.0,NE,56.0,,0.17857143
2016,2,00-0027994,S.Vereen,RB,NYG,NO,0,0,0.0,0,0.0,0.0,0.0,14,42.0,0,3,3,24.0,0,4.6,7.6,,,70.0,205.0,27.693411764705882,5.0,California,2011.0,2011.0,NE,56.0,3.0,0.07317073
2016,3,00-0027994,S.Vereen,RB,NYG,WAS,0,0,0.0,0,0.0,0.0,0.0,11,67.0,1,5,2,28.0,0,13.5,15.5,,,70.0,205.0,27.693411764705882,5.0,California,2011.0,2011.0,NE,56.0,-2.0,0.13157895
2016,14,00-0027994,S.Vereen,RB,NYG,DAL,0,0,0.0,0,0.0,0.0,0.0,0,0.0,0,2,1,10.0,0,1.0,2.0,,,70.0,205.0,27.693411764705882,5.0,California,2011.0,2011.0,NE,56.0,3.0,0.071428575
2016,15,00-0027994,S.Vereen,RB,NYG,DET,0,0,0.0,0,0.0,0.0,0.0,2,11.0,0,4,2,9.0,0,2.0,4.0,,,70.0,205.0,27.693411764705882,5.0,California,2011.0,2011.0,NE,56.0,11.0,0.14285715
2016,1,00-0027996,T.Smith,WR,SF,LA,0,0,0.0,0,0.0,0.0,0.0,0,0.0,0,6,2,13.0,0,1.3,3.3,,,72.0,205.0,27.778937499999998,5.0,Maryland,2011.0,2011.0,BAL,58.0,28.0,0.17142858
2016,2,00-0027996,T.Smith,WR,SF,CAR,0,0,0.0,0,0.0,0.0,0.0,0,0.0,0,10,3,55.0,1,11.5,14.5,,,72.0,205.0,27.778937499999998,5.0,Maryland,2011.0,2011.0,BAL,58.0,,0.2777778
2016,3,00-0027996,T.Smith,WR,SF,SEA,0,0,0.0,0,0.0,0.0,0.0,0,0.0,0,4,3,35.0,0,3.5,6.5,,,72.0,205.0,27.778937499999998,5.0,Maryland,2011.0,2011.0,BAL,58.0,,0.16
2016,4,00-0027996,T.Smith,WR,SF,DAL,0,0,0.0,0,0.0,0.0,0.0,0,0.0,0,2,1,3.0,0,0.3,1.3,,,72.0,205.0,27.778937499999998,5.0,Maryland,2011.0,2011.0,BAL,58.0,-7.0,0.08695652
2016,5,00-0027996,T.Smith,WR,SF,ARI,0,0,0.0,0,0.0,0.0,0.0,0,0.0,0,1,0,0.0,0,0.0,0.0,,,72.0,205.0,27.778937499999998,5.0,Maryland,2011.0,2011.0,BAL,58.0,-12.0,0.032258064
2016,6,00-0027996,T.Smith,WR,SF,BUF,0,0,0.0,0,0.0,0.0,0.0,0,0.0,0,7,3,76.0,1,13.6,16.6,,,72.0,205.0,27.778937499999998,5.0,Maryland,2011.0,2011.0,BAL,58.0,,0.25
2016,7,00-0027996,T.Smith,WR,SF,TB,0,0,0.0,0,0.0,0.0,0.0,0,0.0,0,2,1,17.0,0,1.7,2.7,,,72.0,205.0,27.778937499999998,5.0,Maryland,2011.0,2011.0,BAL,58.0,-17.0,0.0625
2016,9,00-0027996,T.Smith,WR,SF,NO,0,0,0.0,0,0.0,0.0,0.0,0,0.0,0,3,2,18.0,0,1.8,3.8,,,72.0,205.0,27.778937499999998,5.0,Maryland,2011.0,2011.0,BAL,58.0,-18.0,0.07692308
2016,10,00-0027996,T.Smith,WR,SF,ARI,0,0,0.0,0,0.0,0.0,0.0,0,0.0,0,4,2,26.0,0,2.6,4.6,,,72.0,205.0,27.778937499999998,5.0,Maryland,2011.0,2011.0,BAL,58.0,,0.13333334
2016,12,00-0027996,T.Smith,WR,SF,MIA,0,0,0.0,0,0.0,0.0,0.0,0,0.0,0,7,3,24.0,1,8.4,11.4,,,72.0,205.0,27.778937499999998,5.0,Maryland,2011.0,2011.0,BAL,58.0,,0.15555556
2016,13,00-0027996,T.Smith,WR,SF,CHI,0,0,0.0,0,0.0,0.0,0.0,0,0.0,0,2,0,0.0,0,0.0,0.0,,,72.0,205.0,27.778937499999998,5.0,Maryland,2011.0,2011.0,BAL,58.0,,0.13333334
2016,14,00-0027996,T.Smith,WR,SF,NYJ,0,0,0.0,0,0.0,0.0,0.0,0,0.0,0,1,0,0.0,0,0.0,0.0,,,72.0,205.0,27.778937499999998,5.0,Maryland,2011.0,2011.0,BAL,58.0,-6.0,0.03846154
2016,1,00-0028002,R.Cobb,WR,GB,JAX,0,0,0.0,0,0.0,0.0,0.0,3,11.0,0,8,6,57.0,0,6.8,12.8,,,70.0,192.0,26.24426315789474,5.0,Kentucky,2011.0,2011.0,GB,64.0,,0.24242425
2016,2,00-0028002,R.Cobb,WR,GB,MIN,0,0,0.0,0,0.0,0.0,0.0,1,1.0,0,7,5,42.0,0,4.3,9.3,,,70.0,192.0,26.24426315789474,5.0,Kentucky,2011.0,2011.0,GB,64.0,,0.19444445
2016,3,00-0028002,R.Cobb,WR,GB,DET,0,0,0.0,0,0.0,0.0,0.0,0,0.0,0,3,1,33.0,0,3.3,4.3,,,70.0,192.0,26.24426315789474,5.0,Kentucky,2011.0,2011.0,GB,64.0,7.0,0.125
2016,5,00-0028002,R.Cobb,WR,GB,NYG,0,0,0.0,0,0.0,0.0,0.0,1,0.0,0,11,9,108.0,0,10.8,19.8,,,70.0,192.0,26.24426315789474,5.0,Kentucky,2011.0,2011.0,GB,64.0,7.0,0.25
2016,6,00-0028002,R.Cobb,WR,GB,DAL,0,0,0.0,0,0.0,0.0,0.0,0,0.0,0,11,7,53.0,1,11.3,18.3,,,70.0,192.0,26.24426315789474,5.0,Kentucky,2011.0,2011.0,GB,64.0,-14.0,0.26190478
2016,7,00-0028002,R.Cobb,WR,GB,CHI,0,0,0.0,0,0.0,0.0,0.0,5,21.0,0,15,11,95.0,1,17.6,28.6,,,70.0,192.0,26.24426315789474,5.0,Kentucky,2011.0,2011.0,GB,64.0,16.0,0.26785713
2016,9,00-0028002,R.Cobb,WR,GB,IND,0,0,0.0,0,0.0,0.0,0.0,0,0.0,0,2,2,14.0,1,7.4,9.4,,,70.0,192.0,26.24426315789474,5.0,Kentucky,2011.0,2011.0,GB,64.0,-5.0,0.04761905
2016,10,00-0028002,R.Cobb,WR,GB,TEN,0,0,0.0,0,0.0,0.0,0.0,0,0.0,0,8,4,31.0,0,3.1,7.1,,,70.0,192.0,26.24426315789474,5.0,Kentucky,2011.0,2011.0,GB,64.0,,0.14545454
2016,11,00-0028002,R.Cobb,WR,GB,WAS,0,0,0.0,0,0.0,0.0,0.0,0,0.0,0,5,3,84.0,0,8.4,11.4,,,70.0,192.0,26.24426315789474,5.0,Kentucky,2011.0,2011.0,GB,64.0,,0.11627907
2016,12,00-0028002,R.Cobb,WR,GB,PHI,0,0,0.0,0,0.0,0.0,0.0,0,0.0,0,7,6,41.0,0,4.1,10.1,,,70.0,192.0,26.24426315789474,5.0,Kentucky,2011.0,2011.0,GB,64.0,,0.18421052
2016,13,00-0028002,R.Cobb,WR,GB,HOU,0,0,0.0,0,0.0,0.0,0.0,0,0.0,0,3,3,19.0,1,7.9,10.9,,,70.0,192.0,26.24426315789474,5.0,Kentucky,2011.0,2011.0,GB,64.0,8.0,0.1
2016,14,00-0028002,R.Cobb,WR,GB,SEA,0,0,0.0,0,0.0,0.0,0.0,0,0.0,0,3,3,33.0,0,3.3,6.3,,,70.0,192.0,26.24426315789474,5.0,Kentucky,2011.0,2011.0,GB,64.0,28.0,0.12
2016,15,00-0028002,R.Cobb,WR,GB,CHI,0,0,0.0,0,0.0,0.0,0.0,0,0.0,0,1,0,0.0,0,0.0,0.0,,,70.0,192.0,26.24426315789474,5.0,Kentucky,2011.0,2011.0,GB,64.0,,0.033333335
2016,18,00-0028002,R.Cobb,WR,GB,NYG,0,0,0.0,0,0.0,0.0,0.0,0,0.0,0,7,5,116.0,3,29.6,34.6,,,70.0,192.0,26.24426315789474,5.0,Kentucky,2011.0,2011.0,GB,64.0,25.0,0.17948718
2016,19,00-0028002,R.Cobb,WR,GB,DAL,0,0,0.0,0,0.0,0.0,0.0,0,0.0,0,8,7,62.0,0,6.2,13.2,,,70.0,192.0,26.24426315789474,5.0,Kentucky,2011.0,2011.0,GB,64.0,,0.18604651
2016,20,00-0028002,R.Cobb,WR,GB,ATL,0,0,0.0,0,0.0,0.0,0.0,0,0.0,0,9,6,82.0,0,8.2,14.2,,,70.0,192.0,26.24426315789474,5.0,Kentucky,2011.0,2011.0,GB,64.0,,0.20930232
2016,1,00-0028009,D.Murray,RB,TEN,MIN,0,0,0.0,0,0.0,0.0,0.0,13,42.0,0,7,5,35.0,2,17.7,22.7,,,73.0,217.0,28.72825,5.0,Oklahoma,2011.0,2011.0,DAL,71.0,-9.0,0.17073171
2016,2,00-0028009,D.Murray,RB,TEN,DET,0,0,0.0,0,0.0,0.0,0.0,12,89.0,0,7,7,56.0,0,14.5,21.5,,,73.0,217.0,28.72825,5.0,Oklahoma,2011.0,2011.0,DAL,71.0,,0.21212122
2016,3,00-0028009,D.Murray,RB,TEN,LV,0,0,0.0,0,0.0,0.0,0.0,16,114.0,1,5,5,41.0,0,21.5,26.5,,,73.0,217.0,28.72825,5.0,Oklahoma,2011.0,2011.0,DAL,71.0,-7.0,0.15151516
2016,4,00-0028009,D.Murray,RB,TEN,HOU,0,0,0.0,0,0.0,0.0,0.0,25,95.0,2,2,2,24.0,0,23.9,25.9,,,73.0,217.0,28.72825,5.0,Oklahoma,2011.0,2011.0,DAL,71.0,,0.071428575
2016,5,00-0028009,D.Murray,RB,TEN,MIA,0,0,0.0,0,0.0,0.0,0.0,27,121.0,0,6,5,16.0,0,13.7,18.7,,,73.0,217.0,28.72825,5.0,Oklahoma,2011.0,2011.0,DAL,71.0,,0.21428572
2016,6,00-0028009,D.Murray,RB,TEN,CLE,0,0,0.0,0,0.0,0.0,0.0,21,65.0,1,2,0,0.0,0,12.5,12.5,,,73.0,217.0,28.72825,5.0,Oklahoma,2011.0,2011.0,DAL,71.0,2.0,0.083333336
2016,7,00-0028009,D.Murray,RB,TEN,IND,0,0,0.0,0,0.0,0.0,0.0,25,107.0,1,5,3,20.0,0,18.7,21.7,,,73.0,217.0,28.72825,5.0,Oklahoma,2011.0,2011.0,DAL,71.0,-8.0,0.1388889
2016,8,00-0028009,D.Murray,RB,TEN,JAX,0,0,0.0,0,0.0,0.0,0.0,21,123.0,1,2,1,5.0,0,18.8,19.8,,,73.0,217.0,28.72825,5.0,Oklahoma,2011.0,2011.0,DAL,71.0,14.0,0.08695652
2016,9,00-0028009,D.Murray,RB,TEN,LAC,0,0,0.0,0,0.0,0.0,0.0,14,51.0,1,7,7,29.0,0,14.0,21.0,,,73.0,217.0,28.72825,5.0,Oklahoma,2011.0,2011.0,DAL,71.0,,0.16666667
2016,10,00-0028009,D.Murray,RB,TEN,GB,1,1,10.0,1,0.0,0.0,-0.0,17,123.0,1,3,2,33.0,0,26.0,28.0,,,73.0,217.0,28.72825,5.0,Oklahoma,2011.0,2011.0,DAL,71.0,22.0,0.11111111
2016,11,00-0028009,D.Murray,RB,TEN,IND,0,0,0.0,0,0.0,0.0,0.0,21,70.0,0,3,3,9.0,1,13.9,16.9,,,73.0,217.0,28.72825,5.0,Oklahoma,2011.0,2011.0,DAL,71.0,,0.083333336
2016,12,00-0028009,D.Murray,RB,TEN,CHI,0,0,0.0,0,0.0,0.0,0.0,17,43.0,0,5,5,41.0,0,8.4,13.4,,,73.0,217.0,28.72825,5.0,Oklahoma,2011.0,2011.0,DAL,71.0,,0.2173913
2016,14,00-0028009,D.Murray,RB,TEN,DEN,0,1,0.0,0,0.0,0.0,-0.0,21,92.0,1,2,0,0.0,0,15.2,15.2,,,73.0,217.0,28.72825,5.0,Oklahoma,2011.0,2011.0,DAL,71.0,3.0,0.1
2016,15,00-0028009,D.Murray,RB,TEN,KC,0,0,0.0,0,0.0,0.0,0.0,18,89.0,0,6,5,52.0,0,14.1,19.1,,,73.0,217.0,28.72825,5.0,Oklahoma,2011.0,2011.0,DAL,71.0,,0.20689656
2016,16,00-0028009,D.Murray,RB,TEN,JAX,0,0,0.0,0,0.0,0.0,0.0,14,42.0,0,4,2,18.0,0,6.0,8.0,,,73.0,217.0,28.72825,5.0,Oklahoma,2011.0,2011.0,DAL,71.0,,0.0952381
2016,17,00-0028009,D.Murray,RB,TEN,HOU,0,0,0.0,0,0.0,0.0,0.0,11,21.0,0,1,1,-2.0,0,1.9,2.9,,,73.0,217.0,28.72825,5.0,Oklahoma,2011.0,2011.0,DAL,71.0,7.0,0.04
2016,9,00-0028011,S.Ridley,RB,ATL,TB,0,0,0.0,0,0.0,0.0,0.0,3,7.0,0,0,0,0.0,0,0.7,0.7,,,71.0,220.0,27.845,5.0,LSU,2011.0,2011.0,NE,73.0,,
2016,9,00-0028012,R.Mallett,QB,BAL,PIT,1,1,9.0,0,0.0,0.0,-0.0,0,0.0,0,0,0,0.0,0,0.36,0.36,,,78.0,245.0,28.4225,5.0,Arkansas,2011.0,2011.0,NE,74.0,7.0,
2016,10,00-0028012,R.Mallett,QB,BAL,CLE,0,0,0.0,0,0.0,0.0,0.0,2,-3.0,0,0,0,0.0,0,-0.3,-0.3,,,78.0,245.0,28.4225,5.0,Arkansas,2011.0,2011.0,NE,74.0,21.0,
2016,13,00-0028012,R.Mallett,QB,BAL,MIA,1,3,5.0,0,0.0,0.0,-0.0,3,-3.0,0,0,0,0.0,0,-0.1,-0.1,,,78.0,245.0,28.4225,5.0,Arkansas,2011.0,2011.0,NE,74.0,32.0,
2016,17,00-0028012,R.Mallett,QB,BAL,CIN,1,2,12.0,0,1.0,0.0,-0.0,0,0.0,0,0,0,0.0,0,-1.52,-1.52,,,78.0,245.0,28.4225,5.0,Arkansas,2011.0,2011.0,NE,74.0,,
2016,1,00-0028040,,TE,MIA,SEA,0,0,0.0,0,0.0,0.0,0.0,0,0.0,0,3,2,6.0,0,0.6,2.6,,,77.0,249.0,28.259588235294117,5.0,USC,2011.0,2011.0,CLE,102.0,,0.11111111
2016,2,00-0028040,,TE,MIA,NE,0,0,0.0,0,0.0,0.0,0.0,0,0.0,0,7,5,49.0,1,10.9,15.9,,,77.0,249.0,28.259588235294117,5.0,USC,2011.0,2011.0,CLE,102.0,,0.1590909
2016,3,00-0028040,,TE,MIA,CLE,0,0,0.0,0,0.0,0.0,0.0,0,0.0,0,1,1,5.0,0,0.5,1.5,,,77.0,249.0,28.259588235294117,5.0,USC,2011.0,2011.0,CLE,102.0,6.0,0.027777778
2016,8,00-0028042,L.Stocker,TE,TB,LV,0,0,0.0,0,0.0,0.0,0.0,0,0.0,0,2,2,8.0,0,0.8,2.8,,,77.0,253.0,28.309625,5.0,Tennessee,2011.0,2011.0,TB,104.0,-6.0,0.0625
2016,10,00-0028042,L.Stocker,TE,TB,CHI,0,0,0.0,0,0.0,0.0,0.0,0,0.0,0,2,1,11.0,0,1.1,2.1,,,77.0,253.0,28.309625,5.0,Tennessee,2011.0,2011.0,TB,104.0,26.0,0.0625
2016,12,00-0028042,L.Stocker,TE,TB,SEA,0,0,0.0,0,0.0,0.0,0.0,0,0.0,0,1,1,3.0,0,0.3,1.3,,,77.0,253.0,28.309625,5.0,Tennessee,2011.0,2011.0,TB,104.0,9.0,0.035714287
2016,15,00-0028042,L.Stocker,TE,TB,DAL,0,0,0.0,0,0.0,0.0,0.0,0,0.0,0,1,0,0.0,0,0.0,0.0,,,77.0,253.0,28.309625,5.0,Tennessee,2011.0,2011.0,TB,104.0,,0.030303031
2016,16,00-0028042,L.Stocker,TE,TB,NO,0,0,0.0,0,0.0,0.0,0.0,0,0.0,0,1,0,0.0,0,0.0,0.0,,,77.0,253.0,28.309625,5.0,Tennessee,2011.0,2011.0,TB,104.0,,0.029411765
2016,17,00-0028042,L.Stocker,TE,TB,CAR,0,0,0.0,0,0.0,0.0,0.0,0,0.0,0,1,1,1.0,0,0.1,1.1,,,77.0,253.0,28.309625,5.0,Tennessee,2011.0,2011.0,TB,104.0,1.0,0.028571429
2016,1,00-0028050,,WR,BUF,BAL,0,0,0.0,0,0.0,0.0,0.0,0,0.0,0,1,0,0.0,0,0.0,0.0,,,74.0,210.0,28.112625,5.0,,2011.0,2011.0,STL,112.0,,0.045454547
2016,2,00-0028050,,WR,BUF,NYJ,0,0,0.0,0,0.0,0.0,0.0,0,0.0,0,5,4,89.0,1,14.9,18.9,,,74.0,210.0,28.112625,5.0,,2011.0,2011.0,STL,112.0,-6.0,0.16666667
2016,2,00-0028052,,WR,TB,ARI,0,0,0.0,0,0.0,0.0,0.0,0,0.0,0,2,1,12.0,0,1.2,2.2,,,72.0,202.0,28.8791875,5.0,Mount Union,2011.0,2011.0,JAX,114.0,,0.039215688
2016,8,00-0028052,,WR,TB,LV,0,0,0.0,0,0.0,0.0,0.0,0,0.0,0,4,0,0.0,0,0.0,0.0,,,72.0,202.0,28.8791875,5.0,Mount Union,2011.0,2011.0,JAX,114.0,-6.0,0.125
2016,9,00-0028052,,WR,TB,ATL,0,0,0.0,0,0.0,0.0,0.0,0,0.0,0,4,1,20.0,0,2.0,3.0,,,72.0,202.0,28.8791875,5.0,Mount Union,2011.0,2011.0,JAX,114.0,-15.0,0.083333336
2016,10,00-0028052,,WR,TB,CHI,0,0,0.0,0,0.0,0.0,0.0,0,0.0,0,5,2,38.0,0,3.8,5.8,,,72.0,202.0,28.8791875,5.0,Mount Union,2011.0,2011.0,JAX,114.0,26.0,0.15625
2016,11,00-0028052,,WR,TB,KC,0,0,0.0,0,0.0,0.0,0.0,0,0.0,0,7,5,62.0,0,6.2,11.2,,,72.0,202.0,28.8791875,5.0,Mount Union,2011.0,2011.0,JAX,114.0,,0.17948718
2016,12,00-0028052,,WR,TB,SEA,0,0,0.0,0,0.0,0.0,0.0,0,0.0,0,3,1,6.0,0,0.6,1.6,,,72.0,202.0,28.8791875,5.0,Mount Union,2011.0,2011.0,JAX,114.0,9.0,0.10714286
2016,13,00-0028052,,WR,TB,LAC,0,0,0.0,0,0.0,0.0,0.0,0,0.0,0,2,1,14.0,0,1.4,2.4,,,72.0,202.0,28.8791875,5.0,Mount Union,2011.0,2011.0,JAX,114.0,,0.06666667
2016,16,00-0028059,C.Prosinski,FS,CHI,WAS,0,0,0.0,0,0.0,0.0,0.0,1,2.0,0,0,0,0.0,0,0.2,0.2,,,73.0,213.0,29.5273125,5.0,Wyoming,2011.0,2011.0,JAX,121.0,-20.0,
2016,1,00-0028063,T.Jones,RB,LV,NO,0,0,0.0,0,0.0,0.0,0.0,1,-8.0,0,2,2,17.0,0,0.9,2.9,,,72.0,195.0,28.290411764705883,5.0,Eastern Washington,2011.0,2011.0,OAK,125.0,,0.054054055
2016,12,00-0028063,T.Jones,RB,LV,CAR,0,0,0.0,0,0.0,0.0,0.0,0,0.0,0,1,1,15.0,0,1.5,2.5,,,72.0,195.0,28.290411764705883,5.0,Eastern Washington,2011.0,2011.0,OAK,125.0,,0.02631579
2016,13,00-0028063,T.Jones,RB,LV,BUF,0,0,0.0,0,0.0,0.0,0.0,0,0.0,0,1,1,11.0,0,1.1,2.1,,,72.0,195.0,28.290411764705883,5.0,Eastern Washington,2011.0,2011.0,OAK,125.0,,0.028571429
2016,1,00-0028064,B.Powell,RB,NYJ,CIN,0,0,0.0,0,0.0,0.0,0.0,4,41.0,0,4,2,7.0,0,4.8,6.8,,,70.0,204.0,28.024562500000002,5.0,Louisville,2011.0,2011.0,NYJ,126.0,-1.0,0.11764706
2016,2,00-0028064,B.Powell,RB,NYJ,BUF,0,0,0.0,0,0.0,0.0,0.0,1,2.0,0,2,1,1.0,0,0.3,1.3,,,70.0,204.0,28.024562500000002,5.0,Louisville,2011.0,2011.0,NYJ,126.0,,0.05882353
2016,3,00-0028064,B.Powell,RB,NYJ,KC,0,0,0.0,0,0.0,0.0,0.0,4,30.0,0,6,6,41.0,0,5.1,11.1,,,70.0,204.0,28.024562500000002,5.0,Louisville,2011.0,2011.0,NYJ,126.0,,0.13636364
2016,4,00-0028064,B.Powell,RB,NYJ,SEA,0,0,0.0,0,0.0,0.0,0.0,4,26.0,0,9,6,54.0,0,8.0,14.0,,,70.0,204.0,28.024562500000002,5.0,Louisville,2011.0,2011.0,NYJ,126.0,-10.0,0.2195122
2016,5,00-0028064,B.Powell,RB,NYJ,PIT,0,0,0.0,0,0.0,0.0,0.0,4,10.0,0,8,6,41.0,0,5.1,11.1,,,70.0,204.0,28.024562500000002,5.0,Louisville,2011.0,2011.0,NYJ,126.0,,0.21052632
2016,6,00-0028064,B.Powell,RB,NYJ,ARI,0,0,0.0,0,0.0,0.0,0.0,3,10.0,0,4,3,12.0,0,2.2,5.2,,,70.0,204.0,28.024562500000002,5.0,Louisville,2011.0,2011.0,NYJ,126.0,,0.10810811
2016,7,00-0028064,B.Powell,RB,NYJ,BAL,0,0,0.0,0,0.0,0.0,0.0,4,18.0,0,0,0,0.0,0,1.8,1.8,,,70.0,204.0,28.024562500000002,5.0,Louisville,2011.0,2011.0,NYJ,126.0,8.0,
2016,8,00-0028064,B.Powell,RB,NYJ,CLE,0,0,0.0,0,0.0,0.0,0.0,6,76.0,1,3,1,3.0,0,13.9,14.9,,,70.0,204.0,28.024562500000002,5.0,Louisville,2011.0,2011.0,NYJ,126.0,,0.0882353
2016,9,00-0028064,B.Powell,RB,NYJ,MIA,0,0,0.0,0,0.0,0.0,0.0,6,22.0,0,4,4,29.0,0,5.1,9.1,,,70.0,204.0,28.024562500000002,5.0,Louisville,2011.0,2011.0,NYJ,126.0,,0.13793103
2016,10,00-0028064,B.Powell,RB,NYJ,LA,0,0,0.0,0,0.0,0.0,0.0,4,37.0,0,7,7,52.0,1,14.9,21.9,,,70.0,204.0,28.024562500000002,5.0,Louisville,2011.0,2011.0,NYJ,126.0,-3.0,0.22580644
2016,12,00-0028064,B.Powell,RB,NYJ,NE,0,0,0.0,0,0.0,0.0,0.0,8,36.0,0,3,1,7.0,0,4.3,5.3,,,70.0,204.0,28.024562500000002,5.0,Louisville,2011.0,2011.0,NYJ,126.0,-5.0,0.09677419
2016,13,00-0028064,B.Powell,RB,NYJ,IND,0,0,0.0,0,0.0,0.0,0.0,1,3.0,0,1,0,0.0,0,0.3,0.3,,,70.0,204.0,28.024562500000002,5.0,Louisville,2011.0,2011.0,NYJ,126.0,-31.0,0.027027028
2016,14,00-0028064,B.Powell,RB,NYJ,SF,0,0,0.0,0,0.0,0.0,0.0,29,145.0,2,5,5,34.0,0,29.9,34.9,,,70.0,204.0,28.024562500000002,5.0,Louisville,2011.0,2011.0,NYJ,126.0,,0.14285715
2016,15,00-0028064,B.Powell,RB,NYJ,MIA,0,0,0.0,0,0.0,0.0,0.0,16,84.0,0,12,11,78.0,0,16.2,27.2,,,70.0,204.0,28.024562500000002,5.0,Louisville,2011.0,2011.0,NYJ,126.0,-21.0,0.26666668
2016,16,00-0028064,B.Powell,RB,NYJ,NE,0,0,0.0,0,0.0,0.0,0.0,15,60.0,0,3,2,14.0,0,7.4,9.4,,,70.0,204.0,28.024562500000002,5.0,Louisville,2011.0,2011.0,NYJ,126.0,,0.125
2016,17,00-0028064,B.Powell,RB,NYJ,BUF,0,0,0.0,0,0.0,0.0,0.0,22,122.0,0,3,3,15.0,1,19.7,22.7,,,70.0,204.0,28.024562500000002,5.0,Louisville,2011.0,2011.0,NYJ,126.0,20.0,0.1
2016,1,00-0028067,J.Thomas,TE,JAX,GB,0,0,0.0,0,0.0,0.0,0.0,0,0.0,0,5,5,64.0,1,12.4,17.4,,,77.0,250.0,28.3655,5.0,Portland State,2011.0,2011.0,DEN,129.0,-4.0,0.12820514
2016,2,00-0028067,J.Thomas,TE,JAX,LAC,0,0,0.0,0,0.0,0.0,0.0,0,0.0,0,7,4,71.0,0,7.1,11.1,,,77.0,250.0,28.3655,5.0,Portland State,2011.0,2011.0,DEN,129.0,,0.14285715
2016,3,00-0028067,J.Thomas,TE,JAX,BAL,0,0,0.0,0,0.0,0.0,0.0,0,0.0,0,5,2,13.0,0,1.3,3.3,,,77.0,250.0,28.3655,5.0,Portland State,2011.0,2011.0,DEN,129.0,-2.0,0.13157895
2016,6,00-0028067,J.Thomas,TE,JAX,CHI,0,0,0.0,0,0.0,0.0,0.0,0,0.0,0,4,2,28.0,0,2.8,4.8,,,77.0,250.0,28.3655,5.0,Portland State,2011.0,2011.0,DEN,129.0,,0.121212125
2016,7,00-0028067,J.Thomas,TE,JAX,LV,0,0,0.0,0,0.0,0.0,0.0,0,0.0,0,7,3,20.0,1,8.0,11.0,,,77.0,250.0,28.3655,5.0,Portland State,2011.0,2011.0,DEN,129.0,-17.0,0.1627907
2016,8,00-0028067,J.Thomas,TE,JAX,TEN,0,0,0.0,0,0.0,0.0,0.0,0,0.0,0,6,3,28.0,1,8.8,11.8,,,77.0,250.0,28.3655,5.0,Portland State,2011.0,2011.0,DEN,129.0,,0.11111111
2016,9,00-0028067,J.Thomas,TE,JAX,KC,0,0,0.0,0,0.0,0.0,0.0,0,0.0,0,2,2,21.0,0,2.1,4.1,,,77.0,250.0,28.3655,5.0,Portland State,2011.0,2011.0,DEN,129.0,,0.05
2016,10,00-0028067,J.Thomas,TE,JAX,HOU,0,0,0.0,0,0.0,0.0,0.0,0,0.0,0,10,6,24.0,1,8.4,14.4,,,77.0,250.0,28.3655,5.0,Portland State,2011.0,2011.0,DEN,129.0,-3.0,0.20408164
2016,11,00-0028067,J.Thomas,TE,JAX,DET,0,0,0.0,0,0.0,0.0,0.0,0,0.0,0,5,3,12.0,0,1.2,4.2,,,77.0,250.0,28.3655,5.0,Portland State,2011.0,2011.0,DEN,129.0,,0.14285715
2016,3,00-0028074,A.Sherman,RB,KC,NYJ,0,0,0.0,0,0.0,0.0,0.0,0,0.0,0,1,1,3.0,0,0.3,1.3,,,70.0,242.0,27.919470588235296,5.0,Connecticut,2011.0,2011.0,ARI,136.0,21.0,0.030303031
2016,6,00-0028074,A.Sherman,RB,KC,LV,0,0,0.0,0,0.0,0.0,0.0,0,0.0,0,1,0,0.0,0,0.0,0.0,,,70.0,242.0,27.919470588235296,5.0,Connecticut,2011.0,2011.0,ARI,136.0,,0.045454547
2016,7,00-0028074,A.Sherman,RB,KC,NO,0,0,0.0,0,0.0,0.0,0.0,0,0.0,0,1,1,0.0,0,0.0,1.0,,,70.0,242.0,27.919470588235296,5.0,Connecticut,2011.0,2011.0,ARI,136.0,6.0,0.04347826
2016,9,00-0028074,A.Sherman,RB,KC,JAX,0,0,0.0,0,0.0,0.0,0.0,0,0.0,0,1,1,6.0,0,0.6,1.6,,,70.0,242.0,27.919470588235296,5.0,Connecticut,2011.0,2011.0,ARI,136.0,5.0,0.030303031
2016,15,00-0028074,A.Sherman,RB,KC,TEN,0,0,0.0,0,0.0,0.0,0.0,0,0.0,0,1,0,0.0,0,0.0,0.0,,,70.0,242.0,27.919470588235296,5.0,Connecticut,2011.0,2011.0,ARI,136.0,-2.0,0.035714287
2016,17,00-0028074,A.Sherman,RB,KC,LAC,0,0,0.0,0,0.0,0.0,0.0,0,0.0,0,1,1,2.0,0,0.2,1.2,,,70.0,242.0,27.919470588235296,5.0,Connecticut,2011.0,2011.0,ARI,136.0,,0.035714287
2016,19,00-0028074,A.Sherman,RB,KC,PIT,0,0,0.0,0,0.0,0.0,0.0,0,0.0,0,1,1,3.0,0,0.3,1.3,,,70.0,242.0,27.919470588235296,5.0,Connecticut,2011.0,2011.0,ARI,136.0,-2.0,0.03125
2016,2,00-0028083,J.Rodgers,RB,TB,ARI,0,0,0.0,0,0.0,0.0,0.0,2,29.0,0,1,0,0.0,0,2.9,2.9,,,66.0,205.0,26.751875,5.0,Oregon State,2011.0,2011.0,ATL,145.0,,0.019607844
2016,3,00-0028083,J.Rodgers,RB,TB,LA,0,0,0.0,0,0.0,0.0,0.0,5,15.0,0,1,1,8.0,0,2.3,3.3,,,66.0,205.0,26.751875,5.0,Oregon State,2011.0,2011.0,ATL,145.0,-5.0,0.01754386
2016,4,00-0028083,J.Rodgers,RB,TB,DEN,0,0,0.0,0,0.0,0.0,0.0,6,25.0,0,2,1,4.0,0,2.9,3.9,,,66.0,205.0,26.751875,5.0,Oregon State,2011.0,2011.0,ATL,145.0,-20.0,0.057142857
2016,5,00-0028083,J.Rodgers,RB,TB,CAR,0,0,0.0,0,0.0,0.0,0.0,30,101.0,0,6,5,28.0,0,12.9,17.9,,,66.0,205.0,26.751875,5.0,Oregon State,2011.0,2011.0,ATL,145.0,,0.2
2016,7,00-0028083,J.Rodgers,RB,TB,SF,0,0,0.0,0,0.0,0.0,0.0,26,154.0,0,1,1,9.0,0,16.3,17.3,,,66.0,205.0,26.751875,5.0,Oregon State,2011.0,2011.0,ATL,145.0,,0.03448276
2016,8,00-0028083,J.Rodgers,RB,TB,LV,0,0,0.0,0,0.0,0.0,0.0,19,69.0,1,1,1,9.0,0,13.8,14.8,,,66.0,205.0,26.751875,5.0,Oregon State,2011.0,2011.0,ATL,145.0,-6.0,0.03125
2016,13,00-0028083,J.Rodgers,RB,TB,LAC,0,0,0.0,0,0.0,0.0,0.0,7,29.0,0,1,1,21.0,0,5.0,6.0,,,66.0,205.0,26.751875,5.0,Oregon State,2011.0,2011.0,ATL,145.0,,0.033333335
2016,14,00-0028083,J.Rodgers,RB,TB,NO,0,0,0.0,0,0.0,0.0,0.0,2,0.0,0,0,0,0.0,0,0.0,0.0,,,66.0,205.0,26.751875,5.0,Oregon State,2011.0,2011.0,ATL,145.0,5.0,
2016,16,00-0028083,J.Rodgers,RB,TB,NO,0,0,0.0,0,0.0,0.0,0.0,15,63.0,1,2,2,15.0,0,13.8,15.8,,,66.0,205.0,26.751875,5.0,Oregon State,2011.0,2011.0,ATL,145.0,,0.05882353
2016,17,00-0028083,J.Rodgers,RB,TB,CAR,0,0,0.0,0,0.0,0.0,0.0,17,75.0,0,1,1,4.0,0,7.9,8.9,,,66.0,205.0,26.751875,5.0,Oregon State,2011.0,2011.0,ATL,145.0,1.0,0.028571429
2016,11,00-0028087,D.Lewis,RB,NE,SF,0,0,0.0,0,0.0,0.0,0.0,5,23.0,0,5,3,26.0,0,4.9,7.9,,,68.0,195.0,26.14463157894737,5.0,Pittsburgh,2011.0,2011.0,PHI,149.0,,0.13157895
2016,12,00-0028087,D.Lewis,RB,NE,NYJ,0,0,0.0,0,0.0,0.0,0.0,6,24.0,0,7,4,34.0,0,5.8,9.8,,,68.0,195.0,26.14463157894737,5.0,Pittsburgh,2011.0,2011.0,PHI,149.0,,0.14
2016,13,00-0028087,D.Lewis,RB,NE,LA,0,0,0.0,0,0.0,0.0,0.0,5,27.0,0,5,4,11.0,0,3.8,7.8,,,68.0,195.0,26.14463157894737,5.0,Pittsburgh,2011.0,2011.0,PHI,149.0,16.0,0.10869565
2016,14,00-0028087,D.Lewis,RB,NE,BAL,0,0,0.0,0,0.0,0.0,0.0,3,14.0,0,1,1,5.0,0,1.9,2.9,,,68.0,195.0,26.14463157894737,5.0,Pittsburgh,2011.0,2011.0,PHI,149.0,7.0,0.027027028
2016,15,00-0028087,D.Lewis,RB,NE,DEN,0,0,0.0,0,0.0,0.0,0.0,18,95.0,0,3,2,9.0,0,10.4,12.4,,,68.0,195.0,26.14463157894737,5.0,Pittsburgh,2011.0,2011.0,PHI,149.0,,0.09677419
2016,16,00-0028087,D.Lewis,RB,NE,NYJ,0,0,0.0,0,0.0,0.0,0.0,16,52.0,0,1,1,5.0,0,5.7,6.7,,,68.0,195.0,26.14463157894737,5.0,Pittsburgh,2011.0,2011.0,PHI,149.0,38.0,0.03448276
2016,17,00-0028087,D.Lewis,RB,NE,MIA,0,0,0.0,0,0.0,0.0,0.0,11,48.0,0,2,2,4.0,0,5.2,7.2,,,68.0,195.0,26.14463157894737,5.0,Pittsburgh,2011.0,2011.0,PHI,149.0,,0.05882353
2016,19,00-0028087,D.Lewis,RB,NE,HOU,0,0,0.0,0,0.0,0.0,0.0,13,41.0,1,7,2,23.0,1,24.4,26.4,,,68.0,195.0,26.14463157894737,5.0,Pittsburgh,2011.0,2011.0,PHI,149.0,18.0,0.19444445
2016,20,00-0028087,D.Lewis,RB,NE,PIT,0,0,0.0,0,0.0,0.0,0.0,6,11.0,0,2,2,8.0,0,1.9,3.9,,,68.0,195.0,26.14463157894737,5.0,Pittsburgh,2011.0,2011.0,PHI,149.0,19.0,0.048780486
2016,21,00-0028087,D.Lewis,RB,NE,ATL,0,0,0.0,0,0.0,0.0,0.0,6,27.0,0,3,1,2.0,0,2.9,3.9,,,68.0,195.0,26.14463157894737,5.0,Pittsburgh,2011.0,2011.0,PHI,149.0,,0.04761905
2016,1,00-0028091,J.Kerley,WR,SF,LA,0,0,0.0,0,0.0,0.0,0.0,0,0.0,0,11,7,61.0,0,6.1,13.1,,,69.0,188.0,27.9953125,5.0,Texas Christian,2011.0,2011.0,NYJ,153.0,28.0,0.31428573
2016,2,00-0028091,J.Kerley,WR,SF,CAR,0,0,0.0,0,0.0,0.0,0.0,0,0.0,0,6,3,29.0,0,2.9,5.9,,,69.0,188.0,27.9953125,5.0,Texas Christian,2011.0,2011.0,NYJ,153.0,,0.16666667
2016,3,00-0028091,J.Kerley,WR,SF,SEA,0,0,0.0,0,0.0,0.0,0.0,0,0.0,0,6,2,24.0,0,2.4,4.4,,,69.0,188.0,27.9953125,5.0,Texas Christian,2011.0,2011.0,NYJ,153.0,,0.24
2016,4,00-0028091,J.Kerley,WR,SF,DAL,0,0,0.0,0,0.0,0.0,0.0,0,0.0,0,9,6,88.0,1,14.8,20.8,,,69.0,188.0,27.9953125,5.0,Texas Christian,2011.0,2011.0,NYJ,153.0,-7.0,0.39130434
2016,5,00-0028091,J.Kerley,WR,SF,ARI,0,0,0.0,0,0.0,0.0,0.0,0,0.0,0,14,8,102.0,1,16.2,24.2,,,69.0,188.0,27.9953125,5.0,Texas Christian,2011.0,2011.0,NYJ,153.0,-12.0,0.4516129
2016,6,00-0028091,J.Kerley,WR,SF,BUF,0,0,0.0,0,0.0,0.0,0.0,0,0.0,0,7,2,12.0,0,1.2,3.2,,,69.0,188.0,27.9953125,5.0,Texas Christian,2011.0,2011.0,NYJ,153.0,,0.25
2016,7,00-0028091,J.Kerley,WR,SF,TB,0,0,0.0,0,0.0,0.0,0.0,0,0.0,0,5,2,15.0,0,1.5,3.5,,,69.0,188.0,27.9953125,5.0,Texas Christian,2011.0,2011.0,NYJ,153.0,-17.0,0.15625
2016,9,00-0028091,J.Kerley,WR,SF,NO,0,0,0.0,0,0.0,0.0,0.0,0,0.0,0,6,3,22.0,0,2.2,5.2,,,69.0,188.0,27.9953125,5.0,Texas Christian,2011.0,2011.0,NYJ,153.0,-18.0,0.15384616
2016,10,00-0028091,J.Kerley,WR,SF,ARI,0,0,0.0,0,0.0,0.0,0.0,0,0.0,0,7,7,71.0,1,13.1,20.1,,,69.0,188.0,27.9953125,5.0,Texas Christian,2011.0,2011.0,NYJ,153.0,,0.23333333
2016,11,00-0028091,J.Kerley,WR,SF,NE,0,0,0.0,0,0.0,0.0,0.0,0,0.0,0,6,0,0.0,0,0.0,0.0,,,69.0,188.0,27.9953125,5.0,Texas Christian,2011.0,2011.0,NYJ,153.0,-13.0,0.2
2016,12,00-0028091,J.Kerley,WR,SF,MIA,0,0,0.0,0,0.0,0.0,0.0,0,0.0,0,4,2,24.0,0,2.4,4.4,,,69.0,188.0,27.9953125,5.0,Texas Christian,2011.0,2011.0,NYJ,153.0,,0.08888889
2016,13,00-0028091,J.Kerley,WR,SF,CHI,0,0,0.0,0,0.0,0.0,0.0,0,0.0,0,2,1,18.0,0,1.8,2.8,,,69.0,188.0,27.9953125,5.0,Texas Christian,2011.0,2011.0,NYJ,153.0,,0.13333334
2016,14,00-0028091,J.Kerley,WR,SF,NYJ,0,0,0.0,0,0.0,0.0,0.0,0,0.0,0,8,5,50.0,0,5.0,10.0,,,69.0,188.0,27.9953125,5.0,Texas Christian,2011.0,2011.0,NYJ,153.0,-6.0,0.30769232
2016,15,00-0028091,J.Kerley,WR,SF,ATL,0,0,0.0,0,0.0,0.0,0.0,0,0.0,0,8,5,28.0,0,2.8,7.8,,,69.0,188.0,27.9953125,5.0,Texas Christian,2011.0,2011.0,NYJ,153.0,,0.24242425
2016,16,00-0028091,J.Kerley,WR,SF,LA,0,0,0.0,0,0.0,0.0,0.0,0,0.0,0,8,5,62.0,0,6.2,11.2,,,69.0,188.0,27.9953125,5.0,Texas Christian,2011.0,2011.0,NYJ,153.0,,0.21621622
2016,17,00-0028091,J.Kerley,WR,SF,SEA,0,0,0.0,0,0.0,0.0,0.0,0,0.0,0,8,6,61.0,0,6.1,12.1,,,69.0,188.0,27.9953125,5.0,Texas Christian,2011.0,2011.0,NYJ,153.0,-2.0,0.36363637
2016,2,00-0028093,N.Paul,TE,WAS,DAL,0,0,0.0,0,0.0,0.0,0.0,0,0.0,0,1,1,16.0,0,1.6,2.6,,,73.0,241.0,27.244125,5.0,Nebraska,2011.0,2011.0,WAS,155.0,-4.0,0.022727273
2016,7,00-0028093,N.Paul,TE,WAS,DET,0,0,0.0,0,0.0,0.0,0.0,0,0.0,0,1,1,11.0,0,1.1,2.1,,,73.0,241.0,27.244125,5.0,Nebraska,2011.0,2011.0,WAS,155.0,,0.025641026
2016,2,00-0028097,L.Smith,TE,LV,ATL,0,0,0.0,0,0.0,0.0,0.0,0,0.0,0,4,4,24.0,0,2.4,6.4,,,78.0,265.0,28.96935294117647,5.0,Marshall,2011.0,2011.0,NE,159.0,,0.08888889
2016,3,00-0028097,L.Smith,TE,LV,TEN,0,0,0.0,0,0.0,0.0,0.0,0,0.0,0,1,1,4.0,0,0.4,1.4,,,78.0,265.0,28.96935294117647,5.0,Marshall,2011.0,2011.0,NE,159.0,,0.028571429
2016,4,00-0028097,L.Smith,TE,LV,BAL,0,0,0.0,0,0.0,0.0,0.0,0,0.0,0,1,1,1.0,0,0.1,1.1,,,78.0,265.0,28.96935294117647,5.0,Marshall,2011.0,2011.0,NE,159.0,,0.028571429
2016,1,00-0028112,C.Clay,TE,BUF,BAL,0,0,0.0,0,0.0,0.0,0.0,0,0.0,0,3,2,40.0,0,4.0,6.0,,,75.0,255.0,27.72725,5.0,Tulsa,2011.0,2011.0,MIA,174.0,,0.13636364
2016,2,00-0028112,C.Clay,TE,BUF,NYJ,0,0,0.0,0,0.0,0.0,0.0,0,0.0,0,7,5,27.0,0,2.7,7.7,,,75.0,255.0,27.72725,5.0,Tulsa,2011.0,2011.0,MIA,174.0,-6.0,0.23333333
2016,3,00-0028112,C.Clay,TE,BUF,ARI,0,0,0.0,0,0.0,0.0,0.0,0,0.0,0,2,0,0.0,0,0.0,0.0,,,75.0,255.0,27.72725,5.0,Tulsa,2011.0,2011.0,MIA,174.0,15.0,0.08
2016,4,00-0028112,C.Clay,TE,BUF,NE,0,0,0.0,0,0.0,0.0,0.0,0,0.0,0,7,5,47.0,0,4.7,9.7,,,75.0,255.0,27.72725,5.0,Tulsa,2011.0,2011.0,MIA,174.0,,0.18421052
2016,5,00-0028112,C.Clay,TE,BUF,LA,0,0,0.0,0,0.0,0.0,0.0,0,0.0,0,5,5,73.0,0,7.3,12.3,,,75.0,255.0,27.72725,5.0,Tulsa,2011.0,2011.0,MIA,174.0,,0.23809524
2016,6,00-0028112,C.Clay,TE,BUF,SF,0,0,0.0,0,0.0,0.0,0.0,0,0.0,0,7,5,52.0,0,5.2,10.2,,,75.0,255.0,27.72725,5.0,Tulsa,2011.0,2011.0,MIA,174.0,29.0,0.28
2016,7,00-0028112,C.Clay,TE,BUF,MIA,0,0,0.0,0,0.0,0.0,0.0,0,0.0,0,5,2,29.0,0,2.9,4.9,,,75.0,255.0,27.72725,5.0,Tulsa,2011.0,2011.0,MIA,174.0,,0.2
2016,8,00-0028112,C.Clay,TE,BUF,NE,0,0,0.0,0,0.0,0.0,0.0,0,0.0,0,6,2,6.0,0,0.6,2.6,,,75.0,255.0,27.72725,5.0,Tulsa,2011.0,2011.0,MIA,174.0,-16.0,0.15384616
2016,9,00-0028112,C.Clay,TE,BUF,SEA,0,0,0.0,0,0.0,0.0,0.0,0,0.0,0,4,3,9.0,0,0.9,3.9,,,75.0,255.0,27.72725,5.0,Tulsa,2011.0,2011.0,MIA,174.0,,0.11764706
2016,11,00-0028112,C.Clay,TE,BUF,CIN,0,0,0.0,0,0.0,0.0,0.0,0,0.0,0,7,5,23.0,0,2.3,7.3,,,75.0,255.0,27.72725,5.0,Tulsa,2011.0,2011.0,MIA,174.0,,0.25925925
2016,12,00-0028112,C.Clay,TE,BUF,JAX,0,0,0.0,0,0.0,0.0,0.0,0,0.0,0,4,2,17.0,0,1.7,3.7,,,75.0,255.0,27.72725,5.0,Tulsa,2011.0,2011.0,MIA,174.0,7.0,0.22222222
2016,14,00-0028112,C.Clay,TE,BUF,PIT,0,0,0.0,0,0.0,0.0,0.0,0,0.0,0,6,3,52.0,1,11.2,14.2,,,75.0,255.0,27.72725,5.0,Tulsa,2011.0,2011.0,MIA,174.0,-7.0,0.24
2016,15,00-0028112,C.Clay,TE,BUF,CLE,0,0,0.0,0,0.0,0.0,0.0,0,0.0,0,7,7,72.0,1,13.2,20.2,,,75.0,255.0,27.72725,5.0,Tulsa,2011.0,2011.0,MIA,174.0,20.0,0.28
2016,16,00-0028112,C.Clay,TE,BUF,MIA,0,0,0.0,0,0.0,0.0,0.0,0,0.0,0,10,8,85.0,2,20.5,28.5,,,75.0,255.0,27.72725,5.0,Tulsa,2011.0,2011.0,MIA,174.0,-3.0,0.25641027
2016,17,00-0028112,C.Clay,TE,BUF,NYJ,0,0,0.0,0,0.0,0.0,0.0,0,0.0,0,7,3,20.0,0,2.0,5.0,,,75.0,255.0,27.72725,5.0,Tulsa,2011.0,2011.0,MIA,174.0,,0.22580644
2016,12,00-0028114,D.Harris,WR,NYG,CLE,0,0,0.0,0,0.0,0.0,0.0,0,0.0,0,1,1,13.0,1,7.3,8.3,,,70.0,202.0,29.152882352941177,5.0,East Carolina,2011.0,2011.0,DAL,176.0,,0.037037037
2016,2,00-0028116,A.Robinson,WR,ATL,LV,0,0,0.0,0,0.0,0.0,0.0,0,0.0,0,4,3,39.0,0,3.9,6.9,,,70.0,181.0,28.149473684210527,5.0,Southern Methodist,2011.0,2011.0,WAS,178.0,,0.11764706
2016,3,00-0028116,A.Robinson,WR,ATL,NO,0,0,0.0,0,0.0,0.0,0.0,0,0.0,0,2,1,4.0,0,0.4,1.4,,,70.0,181.0,28.149473684210527,5.0,Southern Methodist,2011.0,2011.0,WAS,178.0,,0.06666667
2016,4,00-0028116,A.Robinson,WR,ATL,CAR,0,0,0.0,0,0.0,0.0,0.0,0,0.0,0,3,2,48.0,1,10.8,12.8,,,70.0,181.0,28.149473684210527,5.0,Southern Methodist,2011.0,2011.0,WAS,178.0,15.0,0.08108108
2016,5,00-0028116,A.Robinson,WR,ATL,DEN,0,0,0.0,0,0.0,0.0,0.0,0,0.0,0,1,0,0.0,0,0.0,0.0,,,70.0,181.0,28.149473684210527,5.0,Southern Methodist,2011.0,2011.0,WAS,178.0,,0.035714287
2016,6,00-0028116,A.Robinson,WR,ATL,SEA,0,0,0.0,0,0.0,0.0,0.0,0,0.0,0,2,1,8.0,0,0.8,1.8,,,70.0,181.0,28.149473684210527,5.0,Southern Methodist,2011.0,2011.0,WAS,178.0,,0.048780486
2016,7,00-0028116,A.Robinson,WR,ATL,LAC,0,0,0.0,0,0.0,0.0,0.0,0,0.0,0,1,0,0.0,0,0.0,0.0,,,70.0,181.0,28.149473684210527,5.0,Southern Methodist,2011.0,2011.0,WAS,178.0,-3.0,0.029411765
2016,8,00-0028116,A.Robinson,WR,ATL,GB,0,0,0.0,0,0.0,0.0,0.0,0,0.0,0,1,0,0.0,0,0.0,0.0,,,70.0,181.0,28.149473684210527,5.0,Southern Methodist,2011.0,2011.0,WAS,178.0,1.0,0.028571429
2016,10,00-0028116,A.Robinson,WR,ATL,PHI,0,0,0.0,0,0.0,0.0,0.0,0,0.0,0,1,1,2.0,0,0.2,1.2,,,70.0,181.0,28.149473684210527,5.0,Southern Methodist,2011.0,2011.0,WAS,178.0,,0.032258064
2016,13,00-0028116,A.Robinson,WR,ATL,KC,0,0,0.0,0,0.0,0.0,0.0,0,0.0,0,3,2,18.0,1,7.8,9.8,,,70.0,181.0,28.149473684210527,5.0,Southern Methodist,2011.0,2011.0,WAS,178.0,-1.0,0.09090909
2016,14,00-0028116,A.Robinson,WR,ATL,LA,0,0,0.0,0,0.0,0.0,0.0,0,0.0,0,6,3,42.0,0,4.2,7.2,,,70.0,181.0,28.149473684210527,5.0,Southern Methodist,2011.0,2011.0,WAS,178.0,,0.2
2016,15,00-0028116,A.Robinson,WR,ATL,SF,0,0,0.0,0,0.0,0.0,0.0,0,0.0,0,5,4,111.0,0,11.1,15.1,,,70.0,181.0,28.149473684210527,5.0,Southern Methodist,2011.0,2011.0,WAS,178.0,28.0,0.2173913
2016,16,00-0028116,A.Robinson,WR,ATL,CAR,0,0,0.0,0,0.0,0.0,0.0,0,0.0,0,1,1,15.0,0,1.5,2.5,,,70.0,181.0,28.149473684210527,5.0,Southern Methodist,2011.0,2011.0,WAS,178.0,,0.030303031
2016,17,00-0028116,A.Robinson,WR,ATL,NO,0,0,0.0,0,0.0,0.0,0.0,0,0.0,0,2,2,36.0,0,3.6,5.6,,,70.0,181.0,28.149473684210527,5.0,Southern Methodist,2011.0,2011.0,WAS,178.0,6.0,0.055555556
2016,19,00-0028116,A.Robinson,WR,ATL,SEA,0,0,0.0,0,0.0,0.0,0.0,0,0.0,0,1,0,0.0,0,0.0,0.0,,,70.0,181.0,28.149473684210527,5.0,Southern Methodist,2011.0,2011.0,WAS,178.0,16.0,0.027027028
2016,20,00-0028116,A.Robinson,WR,ATL,GB,0,0,0.0,0,0.0,0.0,0.0,0,0.0,0,3,0,0.0,0,0.0,0.0,,,70.0,181.0,28.149473684210527,5.0,Southern Methodist,2011.0,2011.0,WAS,178.0,23.0,0.078947365
2016,1,00-0028118,T.Taylor,QB,BUF,BAL,15,22,111.0,0,0.0,2.0,16.0,5,11.0,0,0,0,0.0,0,5.54,5.54,,,73.0,215.0,27.259,5.0,Virginia Tech,2011.0,2011.0,BAL,180.0,,
2016,2,00-0028118,T.Taylor,QB,BUF,NYJ,18,30,297.0,3,1.0,0.0,-0.0,2,25.0,0,0,0,0.0,0,24.38,24.38,,,73.0,215.0,27.259,5.0,Virginia Tech,2011.0,2011.0,BAL,180.0,-6.0,
2016,3,00-0028118,T.Taylor,QB,BUF,ARI,14,25,119.0,0,1.0,4.0,30.0,9,76.0,1,0,0,0.0,0,16.36,16.36,,,73.0,215.0,27.259,5.0,Virginia Tech,2011.0,2011.0,BAL,180.0,15.0,
2016,4,00-0028118,T.Taylor,QB,BUF,NE,27,39,246.0,1,0.0,2.0,2.0,5,28.0,0,0,0,0.0,0,16.64,16.64,,,73.0,215.0,27.259,5.0,Virginia Tech,2011.0,2011.0,BAL,180.0,,
2016,5,00-0028118,T.Taylor,QB,BUF,LA,12,23,124.0,2,0.0,2.0,12.0,5,28.0,0,0,0,0.0,0,15.76,15.76,,,73.0,215.0,27.259,5.0,Virginia Tech,2011.0,2011.0,BAL,180.0,,
2016,6,00-0028118,T.Taylor,QB,BUF,SF,16,25,179.0,2,0.0,3.0,-0.0,8,68.0,0,0,0,0.0,0,19.96,19.96,,,73.0,215.0,27.259,5.0,Virginia Tech,2011.0,2011.0,BAL,180.0,29.0,
2016,7,00-0028118,T.Taylor,QB,BUF,MIA,14,28,221.0,1,0.0,4.0,21.0,7,35.0,1,0,0,0.0,0,24.34,24.34,,,73.0,215.0,27.259,5.0,Virginia Tech,2011.0,2011.0,BAL,180.0,,
2016,8,00-0028118,T.Taylor,QB,BUF,NE,19,38,183.0,0,0.0,1.0,7.0,5,48.0,1,0,0,0.0,0,18.12,18.12,,,73.0,215.0,27.259,5.0,Virginia Tech,2011.0,2011.0,BAL,180.0,-16.0,
2016,9,00-0028118,T.Taylor,QB,BUF,SEA,27,38,289.0,1,1.0,5.0,26.0,8,43.0,1,0,0,0.0,0,25.86,25.86,,,73.0,215.0,27.259,5.0,Virginia Tech,2011.0,2011.0,BAL,180.0,,
2016,11,00-0028118,T.Taylor,QB,BUF,CIN,19,27,166.0,0,1.0,2.0,7.0,9,39.0,0,0,0,0.0,0,8.54,8.54,,,73.0,215.0,27.259,5.0,Virginia Tech,2011.0,2011.0,BAL,180.0,,
2016,12,00-0028118,T.Taylor,QB,BUF,JAX,12,18,166.0,1,0.0,5.0,15.0,7,38.0,1,0,0,0.0,0,20.44,20.44,,,73.0,215.0,27.259,5.0,Virginia Tech,2011.0,2011.0,BAL,180.0,7.0,
2016,13,00-0028118,T.Taylor,QB,BUF,LV,18,35,191.0,0,1.0,4.0,21.0,3,30.0,1,0,0,0.0,0,12.64,12.64,,,73.0,215.0,27.259,5.0,Virginia Tech,2011.0,2011.0,BAL,180.0,,
2016,14,00-0028118,T.Taylor,QB,BUF,PIT,15,25,228.0,2,1.0,5.0,20.0,3,2.0,0,0,0,0.0,0,15.32,15.32,,,73.0,215.0,27.259,5.0,Virginia Tech,2011.0,2011.0,BAL,180.0,-7.0,
2016,15,00-0028118,T.Taylor,QB,BUF,CLE,17,24,174.0,1,0.0,1.0,3.0,7,49.0,0,0,0,0.0,0,15.86,15.86,,,73.0,215.0,27.259,5.0,Virginia Tech,2011.0,2011.0,BAL,180.0,20.0,
2016,16,00-0028118,T.Taylor,QB,BUF,MIA,26,39,329.0,3,0.0,2.0,12.0,12,60.0,0,0,0,0.0,0,31.16,31.16,,,73.0,215.0,27.259,5.0,Virginia Tech,2011.0,2011.0,BAL,180.0,-3.0,
2016,9,00-0028121,J.Todman,RB,IND,GB,0,0,0.0,0,0.0,0.0,0.0,0,0.0,0,0,0,0.0,0,6.0,6.0,,,70.0,200.0,26.697875,5.0,Connecticut,2011.0,2011.0,SD,183.0,,
2016,11,00-0028121,J.Todman,RB,IND,TEN,0,0,0.0,0,0.0,0.0,0.0,0,0.0,0,1,0,0.0,0,0.0,0.0,,,70.0,200.0,26.697875,5.0,Connecticut,2011.0,2011.0,SD,183.0,7.0,0.035714287
2016,12,00-0028121,J.Todman,RB,IND,PIT,0,0,0.0,0,0.0,0.0,0.0,3,37.0,0,0,0,0.0,0,3.7,3.7,,,70.0,200.0,26.697875,5.0,Connecticut,2011.0,2011.0,SD,183.0,-21.0,
2016,13,00-0028121,J.Todman,RB,IND,NYJ,0,0,0.0,0,0.0,0.0,0.0,2,3.0,0,0,0,0.0,0,0.3,0.3,,,70.0,200.0,26.697875,5.0,Connecticut,2011.0,2011.0,SD,183.0,,
2016,15,00-0028121,J.Todman,RB,IND,MIN,0,0,0.0,0,0.0,0.0,0.0,4,19.0,0,0,0,0.0,0,1.9,1.9,,,70.0,200.0,26.697875,5.0,Connecticut,2011.0,2011.0,SD,183.0,,
2016,1,00-0028142,V.Green,TE,DEN,CAR,0,0,0.0,0,0.0,0.0,0.0,0,0.0,0,5,4,28.0,0,2.8,6.8,,,77.0,255.0,28.2568125,5.0,Nevada,2011.0,2011.0,DEN,204.0,1.0,0.1923077
2016,2,00-0028142,V.Green,TE,DEN,IND,0,0,0.0,0,0.0,0.0,0.0,0,0.0,0,3,3,46.0,0,4.6,7.6,,,77.0,255.0,28.2568125,5.0,Nevada,2011.0,2011.0,DEN,204.0,14.0,0.09090909
2016,6,00-0028142,V.Green,TE,DEN,LAC,0,0,0.0,0,0.0,0.0,0.0,0,0.0,0,4,3,21.0,0,2.1,5.1,,,77.0,255.0,28.2568125,5.0,Nevada,2011.0,2011.0,DEN,204.0,,0.08510638
2016,8,00-0028142,V.Green,TE,DEN,LAC,0,0,0.0,0,0.0,0.0,0.0,0,0.0,0,6,4,55.0,0,5.5,9.5,,,77.0,255.0,28.2568125,5.0,Nevada,2011.0,2011.0,DEN,204.0,8.0,0.16216215
2016,9,00-0028142,V.Green,TE,DEN,LV,0,0,0.0,0,0.0,0.0,0.0,0,0.0,0,4,2,37.0,0,3.7,5.7,,,77.0,255.0,28.2568125,5.0,Nevada,2011.0,2011.0,DEN,204.0,,0.11111111
2016,10,00-0028142,V.Green,TE,DEN,NO,0,0,0.0,0,0.0,0.0,0.0,0,0.0,0,6,2,24.0,0,2.4,4.4,,,77.0,255.0,28.2568125,5.0,Nevada,2011.0,2011.0,DEN,204.0,,0.15789473
2016,13,00-0028142,V.Green,TE,DEN,JAX,0,0,0.0,0,0.0,0.0,0.0,0,0.0,0,1,0,0.0,0,0.0,0.0,,,77.0,255.0,28.2568125,5.0,Nevada,2011.0,2011.0,DEN,204.0,,0.041666668
2016,14,00-0028142,V.Green,TE,DEN,TEN,0,0,0.0,0,0.0,0.0,0.0,0,0.0,0,2,0,0.0,0,0.0,0.0,,,77.0,255.0,28.2568125,5.0,Nevada,2011.0,2011.0,DEN,204.0,,0.03846154
2016,15,00-0028142,V.Green,TE,DEN,NE,0,0,0.0,0,0.0,0.0,0.0,0,0.0,0,2,1,9.0,0,0.9,1.9,,,77.0,255.0,28.2568125,5.0,Nevada,2011.0,2011.0,DEN,204.0,-13.0,0.051282052
2016,17,00-0028142,V.Green,TE,DEN,LV,0,0,0.0,0,0.0,0.0,0.0,0,0.0,0,4,3,17.0,1,7.7,10.7,,,77.0,255.0,28.2568125,5.0,Nevada,2011.0,2011.0,DEN,204.0,18.0,0.14814815
2016,1,00-0028198,M.Asiata,RB,MIN,TEN,0,0,0.0,0,0.0,0.0,0.0,4,13.0,0,0,0,0.0,0,1.3,1.3,,,72.0,219.0,29.2923125,5.0,Utah,2011.0,2011.0,,,,
2016,2,00-0028198,M.Asiata,RB,MIN,GB,0,0,0.0,0,0.0,0.0,0.0,6,14.0,0,1,1,11.0,0,2.5,3.5,,,72.0,219.0,29.2923125,5.0,Utah,2011.0,2011.0,,,3.0,0.032258064
2016,3,00-0028198,M.Asiata,RB,MIN,CAR,0,0,0.0,0,0.0,0.0,0.0,6,15.0,0,1,1,4.0,0,1.9,2.9,,,72.0,219.0,29.2923125,5.0,Utah,2011.0,2011.0,,,,0.035714287
2016,4,00-0028198,M.Asiata,RB,MIN,NYG,0,0,0.0,0,0.0,0.0,0.0,6,6.0,1,2,2,12.0,0,7.8,9.8,,,72.0,219.0,29.2923125,5.0,Utah,2011.0,2011.0,,,14.0,0.055555556
2016,5,00-0028198,M.Asiata,RB,MIN,HOU,0,0,0.0,0,0.0,0.0,0.0,14,55.0,1,3,3,46.0,0,16.1,19.1,,,72.0,219.0,29.2923125,5.0,Utah,2011.0,2011.0,,,18.0,0.1
2016,7,00-0028198,M.Asiata,RB,MIN,PHI,0,0,0.0,0,0.0,0.0,0.0,12,55.0,0,8,6,25.0,0,8.0,14.0,,,72.0,219.0,29.2923125,5.0,Utah,2011.0,2011.0,,,,0.20512821
2016,8,00-0028198,M.Asiata,RB,MIN,CHI,0,0,0.0,0,0.0,0.0,0.0,14,42.0,0,5,2,36.0,0,7.8,9.8,,,72.0,219.0,29.2923125,5.0,Utah,2011.0,2011.0,,,,0.13513513
2016,9,00-0028198,M.Asiata,RB,MIN,DET,0,0,0.0,0,0.0,0.0,0.0,9,27.0,0,2,2,14.0,0,4.1,6.1,,,72.0,219.0,29.2923125,5.0,Utah,2011.0,2011.0,,,-6.0,0.05
2016,10,00-0028198,M.Asiata,RB,MIN,WAS,0,0,0.0,0,0.0,0.0,0.0,9,13.0,1,1,1,2.0,0,7.5,8.5,,,72.0,219.0,29.2923125,5.0,Utah,2011.0,2011.0,,,,0.025
2016,11,00-0028198,M.Asiata,RB,MIN,ARI,0,0,0.0,0,0.0,0.0,0.0,5,20.0,1,1,1,7.0,0,8.7,9.7,,,72.0,219.0,29.2923125,5.0,Utah,2011.0,2011.0,,,6.0,0.035714287
2016,12,00-0028198,M.Asiata,RB,MIN,DET,0,0,0.0,0,0.0,0.0,0.0,5,27.0,1,3,3,14.0,0,10.1,13.1,,,72.0,219.0,29.2923125,5.0,Utah,2011.0,2011.0,,,,0.083333336
2016,13,00-0028198,M.Asiata,RB,MIN,DAL,0,0,0.0,0,0.0,0.0,0.0,6,30.0,0,1,1,-3.0,0,2.7,3.7,,,72.0,219.0,29.2923125,5.0,Utah,2011.0,2011.0,,,-2.0,0.021276595
2016,14,00-0028198,M.Asiata,RB,MIN,JAX,0,0,0.0,0,0.0,0.0,0.0,11,37.0,1,2,2,14.0,0,9.1,11.1,,,72.0,219.0,29.2923125,5.0,Utah,2011.0,2011.0,,,,0.05882353
2016,15,00-0028198,M.Asiata,RB,MIN,IND,0,0,0.0,0,0.0,0.0,0.0,0,0.0,0,1,1,20.0,0,2.0,3.0,,,72.0,219.0,29.2923125,5.0,Utah,2011.0,2011.0,,,-28.0,0.023809524
2016,16,00-0028198,M.Asiata,RB,MIN,GB,0,0,0.0,0,0.0,0.0,0.0,6,34.0,0,4,3,30.0,0,6.4,9.4,,,72.0,219.0,29.2923125,5.0,Utah,2011.0,2011.0,,,,0.08
2016,17,00-0028198,M.Asiata,RB,MIN,CHI,0,0,0.0,0,0.0,0.0,0.0,8,14.0,0,3,3,31.0,0,4.5,7.5,,,72.0,219.0,29.2923125,5.0,Utah,2011.0,2011.0,,,28.0,0.0882353
2016,1,00-0028202,S.Draughn,RB,SF,LA,0,0,0.0,0,0.0,0.0,0.0,7,18.0,1,2,2,18.0,0,7.6,9.6,,,71.0,205.0,28.917875000000002,5.0,North Carolina,2011.0,2011.0,,,28.0,0.057142857
2016,2,00-0028202,S.Draughn,RB,SF,CAR,0,0,0.0,0,0.0,0.0,0.0,9,21.0,0,1,0,0.0,0,2.1,2.1,,,71.0,205.0,28.917875000000002,5.0,North Carolina,2011.0,2011.0,,,,0.027777778
2016,3,00-0028202,S.Draughn,RB,SF,SEA,0,0,0.0,0,0.0,0.0,0.0,5,10.0,0,2,1,2.0,0,1.2,2.2,,,71.0,205.0,28.917875000000002,5.0,North Carolina,2011.0,2011.0,,,,0.08
2016,4,00-0028202,S.Draughn,RB,SF,DAL,0,0,0.0,0,0.0,0.0,0.0,2,5.0,0,1,1,3.0,0,0.8,1.8,,,71.0,205.0,28.917875000000002,5.0,North Carolina,2011.0,2011.0,,,-7.0,0.04347826
2016,5,00-0028202,S.Draughn,RB,SF,ARI,0,0,0.0,0,0.0,0.0,0.0,2,-1.0,0,0,0,0.0,0,-0.1,-0.1,,,71.0,205.0,28.917875000000002,5.0,North Carolina,2011.0,2011.0,,,-12.0,
2016,6,00-0028202,S.Draughn,RB,SF,BUF,0,0,0.0,0,0.0,0.0,0.0,1,2.0,0,1,0,0.0,0,0.2,0.2,,,71.0,205.0,28.917875000000002,5.0,North Carolina,2011.0,2011.0,,,,0.035714287
2016,7,00-0028202,S.Draughn,RB,SF,TB,0,0,0.0,0,0.0,0.0,0.0,1,16.0,0,7,5,37.0,1,11.3,16.3,,,71.0,205.0,28.917875000000002,5.0,North Carolina,2011.0,2011.0,,,-17.0,0.21875
2016,11,00-0028202,S.Draughn,RB,SF,NE,0,0,0.0,0,0.0,0.0,0.0,0,0.0,0,3,3,43.0,1,10.3,13.3,,,71.0,205.0,28.917875000000002,5.0,North Carolina,2011.0,2011.0,,,-13.0,0.1
2016,12,00-0028202,S.Draughn,RB,SF,MIA,0,0,0.0,0,0.0,0.0,0.0,0,0.0,0,6,6,49.0,0,4.9,10.9,,,71.0,205.0,28.917875000000002,5.0,North Carolina,2011.0,2011.0,,,,0.13333334
2016,13,00-0028202,S.Draughn,RB,SF,CHI,0,0,0.0,0,0.0,0.0,0.0,5,20.0,0,2,0,0.0,0,2.0,2.0,,,71.0,205.0,28.917875000000002,5.0,North Carolina,2011.0,2011.0,,,,0.13333334
2016,14,00-0028202,S.Draughn,RB,SF,NYJ,0,0,0.0,0,0.0,0.0,0.0,7,32.0,1,1,1,-5.0,0,8.7,9.7,,,71.0,205.0,28.917875000000002,5.0,North Carolina,2011.0,2011.0,,,-6.0,0.03846154
2016,15,00-0028202,S.Draughn,RB,SF,ATL,0,0,0.0,0,0.0,0.0,0.0,4,15.0,0,0,0,0.0,0,1.5,1.5,,,71.0,205.0,28.917875000000002,5.0,North Carolina,2011.0,2011.0,,,,
2016,16,00-0028202,S.Draughn,RB,SF,LA,0,0,0.0,0,0.0,0.0,0.0,10,17.0,0,7,6,48.0,0,6.5,12.5,,,71.0,205.0,28.917875000000002,5.0,North Carolina,2011.0,2011.0,,,,0.1891892
2016,17,00-0028202,S.Draughn,RB,SF,SEA,0,0,0.0,0,0.0,0.0,0.0,21,41.0,2,6,4,68.0,0,22.9,26.9,,,71.0,205.0,28.917875000000002,5.0,North Carolina,2011.0,2011.0,,,-2.0,0.27272728
2016,1,00-0028237,C.Hogan,WR,NE,ARI,0,0,0.0,0,0.0,0.0,0.0,0,0.0,0,4,3,60.0,1,12.0,15.0,,,73.0,220.0,29.071263157894737,5.0,"Monmouth, N.J.",2011.0,2011.0,,,,0.121212125
2016,2,00-0028237,C.Hogan,WR,NE,MIA,0,0,0.0,0,0.0,0.0,0.0,0,0.0,0,6,4,59.0,0,5.9,9.9,,,73.0,220.0,29.071263157894737,5.0,"Monmouth, N.J.",2011.0,2011.0,,,7.0,0.17142858
2016,3,00-0028237,C.Hogan,WR,NE,HOU,0,0,0.0,0,0.0,0.0,0.0,0,0.0,0,3,1,3.0,0,0.3,1.3,,,73.0,220.0,29.071263157894737,5.0,"Monmouth, N.J.",2011.0,2011.0,,,27.0,0.15789473
2016,4,00-0028237,C.Hogan,WR,NE,BUF,0,0,0.0,0,0.0,0.0,0.0,0,0.0,0,2,0,0.0,0,0.0,0.0,,,73.0,220.0,29.071263157894737,5.0,"Monmouth, N.J.",2011.0,2011.0,,,-16.0,0.074074075
2016,5,00-0028237,C.Hogan,WR,NE,CLE,0,0,0.0,0,0.0,0.0,0.0,1,2.0,0,5,4,114.0,0,11.6,15.6,,,73.0,220.0,29.071263157894737,5.0,"Monmouth, N.J.",2011.0,2011.0,,,,0.12195122
2016,6,00-0028237,C.Hogan,WR,NE,CIN,0,0,0.0,0,0.0,0.0,0.0,0,0.0,0,1,1,39.0,0,3.9,4.9,,,73.0,220.0,29.071263157894737,5.0,"Monmouth, N.J.",2011.0,2011.0,,,18.0,0.028571429
2016,7,00-0028237,C.Hogan,WR,NE,PIT,0,0,0.0,0,0.0,0.0,0.0,0,0.0,0,2,2,25.0,0,0.5,2.5,,,73.0,220.0,29.071263157894737,5.0,"Monmouth, N.J.",2011.0,2011.0,,,,0.07692308
2016,8,00-0028237,C.Hogan,WR,NE,BUF,0,0,0.0,0,0.0,0.0,0.0,0,0.0,0,4,4,91.0,1,15.1,19.1,,,73.0,220.0,29.071263157894737,5.0,"Monmouth, N.J.",2011.0,2011.0,,,,0.121212125
2016,10,00-0028237,C.Hogan,WR,NE,SEA,0,0,0.0,0,0.0,0.0,0.0,0,0.0,0,3,0,0.0,0,0.0,0.0,,,73.0,220.0,29.071263157894737,5.0,"Monmouth, N.J.",2011.0,2011.0,,,-7.0,0.09375
2016,12,00-0028237,C.Hogan,WR,NE,NYJ,0,0,0.0,0,0.0,0.0,0.0,0,0.0,0,5,4,70.0,0,7.0,11.0,,,73.0,220.0,29.071263157894737,5.0,"Monmouth, N.J.",2011.0,2011.0,,,,0.1
2016,13,00-0028237,C.Hogan,WR,NE,LA,0,0,0.0,0,0.0,0.0,0.0,0,0.0,0,5,4,23.0,1,8.3,12.3,,,73.0,220.0,29.071263157894737,5.0,"Monmouth, N.J.",2011.0,2011.0,,,16.0,0.10869565
2016,14,00-0028237,C.Hogan,WR,NE,BAL,0,0,0.0,0,0.0,0.0,0.0,2,7.0,0,7,5,129.0,1,19.6,24.6,,,73.0,220.0,29.071263157894737,5.0,"Monmouth, N.J.",2011.0,2011.0,,,7.0,0.1891892
2016,15,00-0028237,C.Hogan,WR,NE,DEN,0,0,0.0,0,0.0,0.0,0.0,0,0.0,0,2,1,18.0,0,1.8,2.8,,,73.0,220.0,29.071263157894737,5.0,"Monmouth, N.J.",2011.0,2011.0,,,,0.06451613
2016,16,00-0028237,C.Hogan,WR,NE,NYJ,0,0,0.0,0,0.0,0.0,0.0,0,0.0,0,5,1,22.0,0,2.2,3.2,,,73.0,220.0,29.071263157894737,5.0,"Monmouth, N.J.",2011.0,2011.0,,,38.0,0.1724138
2016,17,00-0028237,C.Hogan,WR,NE,MIA,0,0,0.0,0,0.0,0.0,0.0,0,0.0,0,4,4,27.0,0,2.7,6.7,,,73.0,220.0,29.071263157894737,5.0,"Monmouth, N.J.",2011.0,2011.0,,,,0.11764706
2016,19,00-0028237,C.Hogan,WR,NE,HOU,0,0,0.0,0,0.0,0.0,0.0,0,0.0,0,4,4,95.0,0,9.5,13.5,,,73.0,220.0,29.071263157894737,5.0,"Monmouth, N.J.",2011.0,2011.0,,,18.0,0.11111111
2016,20,00-0028237,C.Hogan,WR,NE,PIT,0,0,0.0,0,0.0,0.0,0.0,0,0.0,0,12,9,180.0,2,30.0,39.0,,,73.0,220.0,29.071263157894737,5.0,"Monmouth, N.J.",2011.0,2011.0,,,19.0,0.29268292
2016,21,00-0028237,C.Hogan,WR,NE,ATL,0,0,0.0,0,0.0,0.0,0.0,0,0.0,0,7,4,57.0,0,5.7,9.7,,,73.0,220.0,29.071263157894737,5.0,"Monmouth, N.J.",2011.0,2011.0,,,,0.11111111
2016,17,00-0028249,J.Ross,WR,ARI,LA,0,0,0.0,0,0.0,0.0,0.0,0,0.0,0,4,4,37.0,1,9.7,13.7,,,72.0,217.0,28.677555555555557,5.0,California,2011.0,2011.0,,,,0.0952381
2016,1,00-0028263,A.Holmes,WR,LV,NO,0,0,0.0,0,0.0,0.0,0.0,0,0.0,0,1,0,0.0,0,0.0,0.0,,,76.0,210.0,28.399941176470588,5.0,Hillsdale,2011.0,2011.0,,,,0.027027028
2016,2,00-0028263,A.Holmes,WR,LV,ATL,0,0,0.0,0,0.0,0.0,0.0,0,0.0,0,3,1,6.0,1,6.6,7.6,,,76.0,210.0,28.399941176470588,5.0,Hillsdale,2011.0,2011.0,,,,0.06666667
2016,3,00-0028263,A.Holmes,WR,LV,TEN,0,0,0.0,0,0.0,0.0,0.0,0,0.0,0,1,1,8.0,0,0.8,1.8,,,76.0,210.0,28.399941176470588,5.0,Hillsdale,2011.0,2011.0,,,,0.028571429
2016,5,00-0028263,A.Holmes,WR,LV,LAC,0,0,0.0,0,0.0,0.0,0.0,0,0.0,0,3,2,13.0,0,1.3,3.3,,,76.0,210.0,28.399941176470588,5.0,Hillsdale,2011.0,2011.0,,,,0.07692308
2016,6,00-0028263,A.Holmes,WR,LV,KC,0,0,0.0,0,0.0,0.0,0.0,0,0.0,0,2,2,11.0,1,7.1,9.1,,,76.0,210.0,28.399941176470588,5.0,Hillsdale,2011.0,2011.0,,,,0.060606062
2016,7,00-0028263,A.Holmes,WR,LV,JAX,0,0,0.0,0,0.0,0.0,0.0,0,0.0,0,1,1,5.0,0,0.5,1.5,,,76.0,210.0,28.399941176470588,5.0,Hillsdale,2011.0,2011.0,,,,0.027027028
2016,8,00-0028263,A.Holmes,WR,LV,TB,0,0,0.0,0,0.0,0.0,0.0,0,0.0,0,1,1,0.0,0,0.0,1.0,,,76.0,210.0,28.399941176470588,5.0,Hillsdale,2011.0,2011.0,,,,0.01724138
2016,9,00-0028263,A.Holmes,WR,LV,DEN,0,0,0.0,0,0.0,0.0,0.0,0,0.0,0,3,2,27.0,0,2.7,4.7,,,76.0,210.0,28.399941176470588,5.0,Hillsdale,2011.0,2011.0,,,,0.1
2016,12,00-0028263,A.Holmes,WR,LV,CAR,0,0,0.0,0,0.0,0.0,0.0,0,0.0,0,1,0,0.0,0,0.0,0.0,,,76.0,210.0,28.399941176470588,5.0,Hillsdale,2011.0,2011.0,,,,0.02631579
2016,13,00-0028263,A.Holmes,WR,LV,BUF,0,0,0.0,0,0.0,0.0,0.0,0,0.0,0,1,0,0.0,0,0.0,0.0,,,76.0,210.0,28.399941176470588,5.0,Hillsdale,2011.0,2011.0,,,,0.028571429
2016,14,00-0028263,A.Holmes,WR,LV,KC,0,0,0.0,0,0.0,0.0,0.0,0,0.0,0,1,0,0.0,0,0.0,0.0,,,76.0,210.0,28.399941176470588,5.0,Hillsdale,2011.0,2011.0,,,,0.024390243
2016,15,00-0028263,A.Holmes,WR,LV,LAC,0,0,0.0,0,0.0,0.0,0.0,0,0.0,0,1,1,23.0,0,2.3,3.3,,,76.0,210.0,28.399941176470588,5.0,Hillsdale,2011.0,2011.0,,,,0.033333335
2016,16,00-0028263,A.Holmes,WR,LV,IND,0,0,0.0,0,0.0,0.0,0.0,0,0.0,0,5,3,33.0,1,9.3,12.3,,,76.0,210.0,28.399941176470588,5.0,Hillsdale,2011.0,2011.0,,,,0.15151516
2016,17,00-0028263,A.Holmes,WR,LV,DEN,0,0,0.0,0,0.0,0.0,0.0,0,0.0,0,1,0,0.0,0,0.0,0.0,,,76.0,210.0,28.399941176470588,5.0,Hillsdale,2011.0,2011.0,,,,0.03125
2016,18,00-0028263,A.Holmes,WR,LV,HOU,0,0,0.0,0,0.0,0.0,0.0,0,0.0,0,5,4,50.0,1,11.0,15.0,,,76.0,210.0,28.399941176470588,5.0,Hillsdale,2011.0,2011.0,,,,0.11111111
2016,7,00-0028409,D.Harris,RB,SF,TB,0,0,0.0,0,0.0,0.0,0.0,11,39.0,0,2,2,18.0,0,5.7,7.7,,,67.0,206.0,28.201615384615383,5.0,Troy,2011.0,2011.0,,,-17.0,0.0625
2016,9,00-0028409,D.Harris,RB,SF,NO,0,0,0.0,0,0.0,0.0,0.0,10,59.0,0,6,5,83.0,1,18.2,23.2,,,67.0,206.0,28.201615384615383,5.0,Troy,2011.0,2011.0,,,-18.0,0.15384616
2016,10,00-0028409,D.Harris,RB,SF,ARI,0,0,0.0,0,0.0,0.0,0.0,5,14.0,0,0,0,0.0,0,1.4,1.4,,,67.0,206.0,28.201615384615383,5.0,Troy,2011.0,2011.0,,,,
2016,11,00-0028409,D.Harris,RB,SF,NE,0,0,0.0,0,0.0,0.0,0.0,4,4.0,0,0,0,0.0,0,0.4,0.4,,,67.0,206.0,28.201615384615383,5.0,Troy,2011.0,2011.0,,,-13.0,
2016,12,00-0028409,D.Harris,RB,SF,MIA,0,0,0.0,0,0.0,0.0,0.0,2,15.0,0,0,0,0.0,0,1.5,1.5,,,67.0,206.0,28.201615384615383,5.0,Troy,2011.0,2011.0,,,,
2016,13,00-0028409,D.Harris,RB,SF,CHI,0,0,0.0,0,0.0,0.0,0.0,2,8.0,0,0,0,0.0,0,0.8,0.8,,,67.0,206.0,28.201615384615383,5.0,Troy,2011.0,2011.0,,,,
2016,16,00-0028409,D.Harris,RB,SF,LA,0,0,0.0,0,0.0,0.0,0.0,0,0.0,0,1,1,14.0,0,1.4,2.4,,,67.0,206.0,28.201615384615383,5.0,Troy,2011.0,2011.0,,,,0.027027028
2016,17,00-0028409,D.Harris,RB,SF,SEA,0,0,0.0,0,0.0,0.0,0.0,4,-1.0,0,0,0,0.0,0,-2.1,-2.1,,,67.0,206.0,28.201615384615383,5.0,Troy,2011.0,2011.0,,,-2.0,
2016,1,00-0028411,D.Inman,WR,LAC,KC,0,0,0.0,0,0.0,0.0,0.0,0,0.0,0,3,1,6.0,0,0.6,1.6,,,75.0,205.0,27.761499999999998,5.0,Virginia,2011.0,2011.0,,,,0.083333336
2016,2,00-0028411,D.Inman,WR,LAC,JAX,0,0,0.0,0,0.0,0.0,0.0,0,0.0,0,3,1,7.0,0,0.7,1.7,,,75.0,205.0,27.761499999999998,5.0,Virginia,2011.0,2011.0,,,,0.12
2016,3,00-0028411,D.Inman,WR,LAC,IND,0,0,0.0,0,0.0,0.0,0.0,0,0.0,0,4,3,32.0,0,3.2,6.2,,,75.0,205.0,27.761499999999998,5.0,Virginia,2011.0,2011.0,,,,0.10810811
2016,4,00-0028411,D.Inman,WR,LAC,NO,0,0,0.0,0,0.0,0.0,0.0,0,0.0,0,11,7,120.0,1,18.0,25.0,,,75.0,205.0,27.761499999999998,5.0,Virginia,2011.0,2011.0,,,,0.25581396
2016,5,00-0028411,D.Inman,WR,LAC,LV,0,0,0.0,0,0.0,0.0,0.0,0,0.0,0,3,1,3.0,0,0.3,1.3,,,75.0,205.0,27.761499999999998,5.0,Virginia,2011.0,2011.0,,,,0.1
2016,6,00-0028411,D.Inman,WR,LAC,DEN,0,0,0.0,0,0.0,0.0,0.0,0,0.0,0,1,1,11.0,0,1.1,2.1,,,75.0,205.0,27.761499999999998,5.0,Virginia,2011.0,2011.0,,,,0.03448276
2016,7,00-0028411,D.Inman,WR,LAC,ATL,0,0,0.0,0,0.0,0.0,0.0,0,0.0,0,6,3,58.0,0,5.8,8.8,,,75.0,205.0,27.761499999999998,5.0,Virginia,2011.0,2011.0,,,,0.13636364
2016,8,00-0028411,D.Inman,WR,LAC,DEN,0,0,0.0,0,0.0,0.0,0.0,0,0.0,0,7,4,72.0,0,7.2,11.2,,,75.0,205.0,27.761499999999998,5.0,Virginia,2011.0,2011.0,,,,0.15555556
2016,9,00-0028411,D.Inman,WR,LAC,TEN,0,0,0.0,0,0.0,0.0,0.0,0,0.0,0,9,6,56.0,0,5.6,11.6,,,75.0,205.0,27.761499999999998,5.0,Virginia,2011.0,2011.0,,,,0.27272728
2016,10,00-0028411,D.Inman,WR,LAC,MIA,0,0,0.0,0,0.0,0.0,0.0,0,0.0,0,9,5,43.0,0,4.3,9.3,,,75.0,205.0,27.761499999999998,5.0,Virginia,2011.0,2011.0,,,,0.21428572
2016,12,00-0028411,D.Inman,WR,LAC,HOU,0,0,0.0,0,0.0,0.0,0.0,0,0.0,0,6,6,119.0,1,17.9,23.9,,,75.0,205.0,27.761499999999998,5.0,Virginia,2011.0,2011.0,,,,0.2
2016,13,00-0028411,D.Inman,WR,LAC,TB,0,0,0.0,0,0.0,0.0,0.0,0,0.0,0,5,2,49.0,1,10.9,12.9,,,75.0,205.0,27.761499999999998,5.0,Virginia,2011.0,2011.0,,,,0.20833333
2016,14,00-0028411,D.Inman,WR,LAC,CAR,0,0,0.0,0,0.0,0.0,0.0,0,0.0,0,7,6,71.0,1,13.1,19.1,,,75.0,205.0,27.761499999999998,5.0,Virginia,2011.0,2011.0,,,,0.19444445
2016,15,00-0028411,D.Inman,WR,LAC,LV,0,0,0.0,0,0.0,0.0,0.0,0,0.0,0,8,5,68.0,0,6.8,11.8,,,75.0,205.0,27.761499999999998,5.0,Virginia,2011.0,2011.0,,,,0.27586207
2016,16,00-0028411,D.Inman,WR,LAC,CLE,0,0,0.0,0,0.0,0.0,0.0,0,0.0,0,10,3,44.0,0,4.4,7.4,,,75.0,205.0,27.761499999999998,5.0,Virginia,2011.0,2011.0,,,,0.22727273
2016,17,00-0028411,D.Inman,WR,LAC,KC,0,0,0.0,0,0.0,0.0,0.0,0,0.0,0,5,4,51.0,0,5.1,9.1,,,75.0,205.0,27.761499999999998,5.0,Virginia,2011.0,2011.0,,,,0.13513513
2016,1,00-0028434,D.Baldwin,WR,SEA,MIA,0,0,0.0,0,0.0,0.0,0.0,0,0.0,0,11,9,92.0,1,15.2,24.2,,,70.0,189.0,28.149722222222223,5.0,Stanford,2011.0,2011.0,,,2.0,0.2682927
2016,2,00-0028434,D.Baldwin,WR,SEA,LA,0,0,0.0,0,0.0,0.0,0.0,0,0.0,0,6,3,20.0,0,2.0,5.0,,,70.0,189.0,28.149722222222223,5.0,Stanford,2011.0,2011.0,,,,0.17142858
2016,3,00-0028434,D.Baldwin,WR,SEA,SF,0,0,0.0,0,0.0,0.0,0.0,1,-4.0,0,10,8,164.0,1,22.0,30.0,,,70.0,189.0,28.149722222222223,5.0,Stanford,2011.0,2011.0,,,19.0,0.33333334
2016,4,00-0028434,D.Baldwin,WR,SEA,NYJ,0,0,0.0,0,0.0,0.0,0.0,0,0.0,0,4,4,54.0,0,5.4,9.4,,,70.0,189.0,28.149722222222223,5.0,Stanford,2011.0,2011.0,,,,0.125
2016,6,00-0028434,D.Baldwin,WR,SEA,ATL,0,0,0.0,0,0.0,0.0,0.0,0,0.0,0,5,4,31.0,0,3.1,7.1,,,70.0,189.0,28.149722222222223,5.0,Stanford,2011.0,2011.0,,,2.0,0.1388889
2016,7,00-0028434,D.Baldwin,WR,SEA,ARI,0,0,0.0,0,0.0,0.0,0.0,0,0.0,0,9,6,69.0,0,6.9,12.9,,,70.0,189.0,28.149722222222223,5.0,Stanford,2011.0,2011.0,,,,0.25
2016,8,00-0028434,D.Baldwin,WR,SEA,NO,0,0,0.0,0,0.0,0.0,0.0,0,0.0,0,6,4,51.0,0,5.1,9.1,,,70.0,189.0,28.149722222222223,5.0,Stanford,2011.0,2011.0,,,,0.1875
2016,9,00-0028434,D.Baldwin,WR,SEA,BUF,0,0,0.0,0,0.0,0.0,0.0,0,0.0,0,6,6,89.0,0,8.9,14.9,,,70.0,189.0,28.149722222222223,5.0,Stanford,2011.0,2011.0,,,6.0,0.25
2016,10,00-0028434,D.Baldwin,WR,SEA,NE,0,0,0.0,0,0.0,0.0,0.0,0,0.0,0,8,6,59.0,3,23.9,29.9,,,70.0,189.0,28.149722222222223,5.0,Stanford,2011.0,2011.0,,,,0.22222222
2016,11,00-0028434,D.Baldwin,WR,SEA,PHI,1,1,15.0,1,0.0,0.0,-0.0,0,0.0,0,5,4,104.0,0,15.0,19.0,,,70.0,189.0,28.149722222222223,5.0,Stanford,2011.0,2011.0,,,11.0,0.16129032
2016,12,00-0028434,D.Baldwin,WR,SEA,TB,0,0,0.0,0,0.0,0.0,0.0,0,0.0,0,8,7,34.0,0,3.4,10.4,,,70.0,189.0,28.149722222222223,5.0,Stanford,2011.0,2011.0,,,,0.24242425
2016,13,00-0028434,D.Baldwin,WR,SEA,CAR,0,0,0.0,0,0.0,0.0,0.0,0,0.0,0,7,7,65.0,0,6.5,13.5,,,70.0,189.0,28.149722222222223,5.0,Stanford,2011.0,2011.0,,,33.0,0.18421052
2016,14,00-0028434,D.Baldwin,WR,SEA,GB,0,0,0.0,0,0.0,0.0,0.0,0,0.0,0,11,6,46.0,0,4.6,10.6,,,70.0,189.0,28.149722222222223,5.0,Stanford,2011.0,2011.0,,,,0.2820513
2016,15,00-0028434,D.Baldwin,WR,SEA,LA,0,0,0.0,0,0.0,0.0,0.0,0,0.0,0,6,5,35.0,1,9.5,14.5,,,70.0,189.0,28.149722222222223,5.0,Stanford,2011.0,2011.0,,,21.0,0.25
2016,16,00-0028434,D.Baldwin,WR,SEA,ARI,0,0,0.0,0,0.0,0.0,0.0,2,6.0,0,19,13,171.0,1,23.7,36.7,,,70.0,189.0,28.149722222222223,5.0,Stanford,2011.0,2011.0,,,-3.0,0.4318182
2016,17,00-0028434,D.Baldwin,WR,SEA,SF,0,0,0.0,0,0.0,0.0,0.0,0,0.0,0,4,2,44.0,0,4.4,6.4,,,70.0,189.0,28.149722222222223,5.0,Stanford,2011.0,2011.0,,,,0.10810811
2016,18,00-0028434,D.Baldwin,WR,SEA,DET,0,0,0.0,0,0.0,0.0,0.0,1,6.0,0,12,11,104.0,1,17.0,28.0,,,70.0,189.0,28.149722222222223,5.0,Stanford,2011.0,2011.0,,,20.0,0.4
2016,19,00-0028434,D.Baldwin,WR,SEA,ATL,0,0,0.0,0,0.0,0.0,0.0,1,1.0,0,9,5,80.0,1,14.1,19.1,,,70.0,189.0,28.149722222222223,5.0,Stanford,2011.0,2011.0,,,,0.32142857
2016,1,00-0028497,K.Aiken,WR,BAL,BUF,0,0,0.0,0,0.0,0.0,0.0,0,0.0,0,2,2,14.0,0,1.4,3.4,,,74.0,215.0,27.4395625,5.0,Central Florida,2011.0,2011.0,,,6.0,0.0625
2016,2,00-0028497,K.Aiken,WR,BAL,CLE,0,0,0.0,0,0.0,0.0,0.0,0,0.0,0,1,0,0.0,0,0.0,0.0,,,74.0,215.0,27.4395625,5.0,Central Florida,2011.0,2011.0,,,,0.022222223
2016,3,00-0028497,K.Aiken,WR,BAL,JAX,0,0,0.0,0,0.0,0.0,0.0,0,0.0,0,1,1,5.0,0,0.5,1.5,,,74.0,215.0,27.4395625,5.0,Central Florida,2011.0,2011.0,,,,0.025
2016,4,00-0028497,K.Aiken,WR,BAL,LV,0,0,0.0,0,0.0,0.0,0.0,0,0.0,0,4,3,9.0,0,0.9,3.9,,,74.0,215.0,27.4395625,5.0,Central Florida,2011.0,2011.0,,,-1.0,0.08
2016,5,00-0028497,K.Aiken,WR,BAL,WAS,0,0,0.0,0,0.0,0.0,0.0,0,0.0,0,3,0,0.0,0,0.0,0.0,,,74.0,215.0,27.4395625,5.0,Central Florida,2011.0,2011.0,,,-6.0,0.06382979
2016,6,00-0028497,K.Aiken,WR,BAL,NYG,0,0,0.0,0,0.0,0.0,0.0,0,0.0,0,6,4,64.0,0,6.4,10.4,,,74.0,215.0,27.4395625,5.0,Central Florida,2011.0,2011.0,,,,0.125
2016,7,00-0028497,K.Aiken,WR,BAL,NYJ,0,0,0.0,0,0.0,0.0,0.0,0,0.0,0,6,3,55.0,0,5.5,8.5,,,74.0,215.0,27.4395625,5.0,Central Florida,2011.0,2011.0,,,,0.13953489
2016,9,00-0028497,K.Aiken,WR,BAL,PIT,0,0,0.0,0,0.0,0.0,0.0,0,0.0,0,2,1,9.0,0,0.9,1.9,,,74.0,215.0,27.4395625,5.0,Central Florida,2011.0,2011.0,,,7.0,0.06666667
2016,10,00-0028497,K.Aiken,WR,BAL,CLE,0,0,0.0,0,0.0,0.0,0.0,0,0.0,0,4,2,15.0,0,1.5,3.5,,,74.0,215.0,27.4395625,5.0,Central Florida,2011.0,2011.0,,,21.0,0.1
2016,11,00-0028497,K.Aiken,WR,BAL,DAL,0,0,0.0,0,0.0,0.0,0.0,0,0.0,0,5,3,35.0,0,3.5,6.5,,,74.0,215.0,27.4395625,5.0,Central Florida,2011.0,2011.0,,,,0.14285715
2016,12,00-0028497,K.Aiken,WR,BAL,CIN,0,0,0.0,0,0.0,0.0,0.0,0,0.0,0,2,2,30.0,0,3.0,5.0,,,74.0,215.0,27.4395625,5.0,Central Florida,2011.0,2011.0,,,5.0,0.060606062
2016,13,00-0028497,K.Aiken,WR,BAL,MIA,0,0,0.0,0,0.0,0.0,0.0,0,0.0,0,3,3,41.0,0,4.1,7.1,,,74.0,215.0,27.4395625,5.0,Central Florida,2011.0,2011.0,,,32.0,0.0625
2016,14,00-0028497,K.Aiken,WR,BAL,NE,0,0,0.0,0,0.0,0.0,0.0,0,0.0,0,4,1,10.0,0,1.0,2.0,,,74.0,215.0,27.4395625,5.0,Central Florida,2011.0,2011.0,,,,0.07692308
2016,15,00-0028497,K.Aiken,WR,BAL,PHI,0,0,0.0,0,0.0,0.0,0.0,0,0.0,0,2,2,19.0,1,7.9,9.9,,,74.0,215.0,27.4395625,5.0,Central Florida,2011.0,2011.0,,,1.0,0.06896552
2016,16,00-0028497,K.Aiken,WR,BAL,PIT,0,0,0.0,0,0.0,0.0,0.0,0,0.0,0,2,0,0.0,0,0.0,0.0,,,74.0,215.0,27.4395625,5.0,Central Florida,2011.0,2011.0,,,,0.045454547
2016,17,00-0028497,K.Aiken,WR,BAL,CIN,0,0,0.0,0,0.0,0.0,0.0,0,0.0,0,3,2,22.0,0,2.2,4.2,,,74.0,215.0,27.4395625,5.0,Central Florida,2011.0,2011.0,,,,0.06122449
2016,1,00-0028581,P.DiMarco,FB,ATL,TB,0,0,0.0,0,0.0,0.0,0.0,0,0.0,0,1,1,8.0,0,0.8,1.8,,,73.0,234.0,27.552684210526316,5.0,South Carolina,2011.0,2011.0,,,-7.0,0.02631579
2016,4,00-0028581,P.DiMarco,FB,ATL,CAR,0,0,0.0,0,0.0,0.0,0.0,0,0.0,0,2,1,18.0,0,1.8,2.8,,,73.0,234.0,27.552684210526316,5.0,South Carolina,2011.0,2011.0,,,15.0,0.054054055
2016,5,00-0028581,P.DiMarco,FB,ATL,DEN,0,0,0.0,0,0.0,0.0,0.0,0,0.0,0,1,1,13.0,0,1.3,2.3,,,73.0,234.0,27.552684210526316,5.0,South Carolina,2011.0,2011.0,,,,0.035714287
2016,6,00-0028581,P.DiMarco,FB,ATL,SEA,0,0,0.0,0,0.0,0.0,0.0,0,0.0,0,1,1,3.0,0,0.3,1.3,,,73.0,234.0,27.552684210526316,5.0,South Carolina,2011.0,2011.0,,,,0.024390243
2016,7,00-0028581,P.DiMarco,FB,ATL,LAC,0,0,0.0,0,0.0,0.0,0.0,0,0.0,0,1,1,3.0,0,0.3,1.3,,,73.0,234.0,27.552684210526316,5.0,South Carolina,2011.0,2011.0,,,-3.0,0.029411765
2016,9,00-0028581,P.DiMarco,FB,ATL,TB,0,0,0.0,0,0.0,0.0,0.0,0,0.0,0,1,1,1.0,1,6.1,7.1,,,73.0,234.0,27.552684210526316,5.0,South Carolina,2011.0,2011.0,,,,0.029411765
2016,12,00-0028581,P.DiMarco,FB,ATL,ARI,0,0,0.0,0,0.0,0.0,0.0,0,0.0,0,1,0,0.0,0,0.0,0.0,,,73.0,234.0,27.552684210526316,5.0,South Carolina,2011.0,2011.0,,,19.0,0.030303031
2016,14,00-0028581,P.DiMarco,FB,ATL,LA,0,0,0.0,0,0.0,0.0,0.0,0,0.0,0,1,0,0.0,0,0.0,0.0,,,73.0,234.0,27.552684210526316,5.0,South Carolina,2011.0,2011.0,,,,0.033333335
2016,16,00-0028581,P.DiMarco,FB,ATL,CAR,0,0,0.0,0,0.0,0.0,0.0,0,0.0,0,1,1,6.0,0,0.6,1.6,,,73.0,234.0,27.552684210526316,5.0,South Carolina,2011.0,2011.0,,,,0.030303031
2016,19,00-0028581,P.DiMarco,FB,ATL,SEA,0,0,0.0,0,0.0,0.0,0.0,0,0.0,0,1,0,0.0,0,0.0,0.0,,,73.0,234.0,27.552684210526316,5.0,South Carolina,2011.0,2011.0,,,16.0,0.027027028
2016,20,00-0028581,P.DiMarco,FB,ATL,GB,0,0,0.0,0,0.0,0.0,0.0,0,0.0,0,1,1,31.0,0,3.1,4.1,,,73.0,234.0,27.552684210526316,5.0,South Carolina,2011.0,2011.0,,,23.0,0.02631579
2016,21,00-0028581,P.DiMarco,FB,ATL,NE,0,0,0.0,0,0.0,0.0,0.0,0,0.0,0,2,2,12.0,0,1.2,3.2,,,73.0,234.0,27.552684210526316,5.0,South Carolina,2011.0,2011.0,,,-6.0,0.09090909
2016,12,00-0028595,S.Tolzien,QB,IND,PIT,22,36,205.0,1,2.0,3.0,21.0,3,6.0,0,0,0,0.0,0,8.8,8.8,,,74.0,213.0,29.172875,5.0,Wisconsin,2011.0,2011.0,,,-21.0,
2016,13,00-0028595,S.Tolzien,QB,IND,NYJ,1,1,11.0,0,0.0,0.0,-0.0,3,-3.0,0,0,0,0.0,0,0.14,0.14,,,74.0,213.0,29.172875,5.0,Wisconsin,2011.0,2011.0,,,,
2016,8,00-0028664,C.Jones,P,DAL,PHI,0,0,0.0,0,0.0,0.0,0.0,1,30.0,0,0,0,0.0,0,3.0,3.0,,,72.0,205.0,27.309117647058823,5.0,Carson-Newman,2011.0,2011.0,,,6.0,
2016,17,00-0028795,,RB,LA,ARI,0,0,0.0,0,0.0,0.0,0.0,0,0.0,0,1,1,4.0,0,0.4,1.4,,,72.0,205.0,29.0438125,5.0,Montana,2011.0,2011.0,,,-38.0,0.035714287
2016,1,00-0028825,T.Pryor,WR,CLE,PHI,0,0,0.0,0,0.0,0.0,0.0,0,0.0,0,7,3,68.0,0,6.8,9.8,,,76.0,223.0,27.3758125,5.0,Ohio State,2011.0,2011.0,OAK,82.0,,0.26923078
2016,2,00-0028825,T.Pryor,WR,CLE,BAL,0,0,0.0,0,0.0,0.0,0.0,0,0.0,0,10,3,32.0,0,3.2,6.2,,,76.0,223.0,27.3758125,5.0,Ohio State,2011.0,2011.0,OAK,82.0,-5.0,0.3030303
2016,3,00-0028825,T.Pryor,WR,CLE,MIA,3,5,35.0,0,0.0,1.0,1.0,4,21.0,1,14,8,144.0,0,23.9,31.9,,,76.0,223.0,27.3758125,5.0,Ohio State,2011.0,2011.0,OAK,82.0,,0.36842105
2016,4,00-0028825,T.Pryor,WR,CLE,WAS,0,0,0.0,0,0.0,0.0,0.0,1,-6.0,0,9,5,46.0,1,10.0,15.0,,,76.0,223.0,27.3758125,5.0,Ohio State,2011.0,2011.0,OAK,82.0,,0.23684211
2016,5,00-0028825,T.Pryor,WR,CLE,NE,1,3,5.0,0,0.0,0.0,-0.0,2,3.0,0,6,5,48.0,0,5.3,10.3,,,76.0,223.0,27.3758125,5.0,Ohio State,2011.0,2011.0,OAK,82.0,-20.0,0.17142858
2016,6,00-0028825,T.Pryor,WR,CLE,TEN,1,1,1.0,0,0.0,0.0,-0.0,1,3.0,0,13,9,75.0,2,19.84,28.84,,,76.0,223.0,27.3758125,5.0,Ohio State,2011.0,2011.0,OAK,82.0,,0.30952382
2016,7,00-0028825,T.Pryor,WR,CLE,CIN,0,0,0.0,0,0.0,0.0,0.0,0,0.0,0,4,2,18.0,0,1.8,3.8,,,76.0,223.0,27.3758125,5.0,Ohio State,2011.0,2011.0,OAK,82.0,,0.12903225
2016,8,00-0028825,T.Pryor,WR,CLE,NYJ,0,0,0.0,0,0.0,0.0,0.0,0,0.0,0,12,6,101.0,0,12.1,18.1,,,76.0,223.0,27.3758125,5.0,Ohio State,2011.0,2011.0,OAK,82.0,-3.0,0.23529412
2016,9,00-0028825,T.Pryor,WR,CLE,DAL,0,0,0.0,0,0.0,0.0,0.0,0,0.0,0,7,5,47.0,1,10.7,15.7,,,76.0,223.0,27.3758125,5.0,Ohio State,2011.0,2011.0,OAK,82.0,-25.0,0.25925925
2016,10,00-0028825,T.Pryor,WR,CLE,BAL,0,0,0.0,0,0.0,0.0,0.0,0,0.0,0,9,5,48.0,0,4.8,9.8,,,76.0,223.0,27.3758125,5.0,Ohio State,2011.0,2011.0,OAK,82.0,,0.29032257
2016,11,00-0028825,T.Pryor,WR,CLE,PIT,0,0,0.0,0,0.0,0.0,0.0,0,0.0,0,10,5,97.0,0,9.7,14.7,,,76.0,223.0,27.3758125,5.0,Ohio State,2011.0,2011.0,OAK,82.0,-15.0,0.25
2016,12,00-0028825,T.Pryor,WR,CLE,NYG,0,0,0.0,0,0.0,0.0,0.0,0,0.0,0,12,6,131.0,0,13.1,19.1,,,76.0,223.0,27.3758125,5.0,Ohio State,2011.0,2011.0,OAK,82.0,-14.0,0.27906978
2016,14,00-0028825,T.Pryor,WR,CLE,CIN,0,0,0.0,0,0.0,0.0,0.0,0,0.0,0,3,1,3.0,0,0.3,1.3,,,76.0,223.0,27.3758125,5.0,Ohio State,2011.0,2011.0,OAK,82.0,-13.0,0.10714286
2016,15,00-0028825,T.Pryor,WR,CLE,BUF,0,0,0.0,0,0.0,0.0,0.0,0,0.0,0,8,4,19.0,0,1.9,5.9,,,76.0,223.0,27.3758125,5.0,Ohio State,2011.0,2011.0,OAK,82.0,,0.2962963
2016,16,00-0028825,T.Pryor,WR,CLE,LAC,0,0,0.0,0,0.0,0.0,0.0,0,0.0,0,5,3,36.0,0,3.6,6.6,,,76.0,223.0,27.3758125,5.0,Ohio State,2011.0,2011.0,OAK,82.0,3.0,0.17857143
2016,17,00-0028825,T.Pryor,WR,CLE,PIT,0,0,0.0,0,0.0,0.0,0.0,0,0.0,0,11,7,94.0,0,9.4,16.4,,,76.0,223.0,27.3758125,5.0,Ohio State,2011.0,2011.0,OAK,82.0,,0.275
2016,1,00-0028838,L.Donnell,TE,NYG,DAL,0,0,0.0,0,0.0,0.0,0.0,0,0.0,0,2,1,15.0,1,7.5,8.5,,,78.0,265.0,28.024882352941177,4.0,Grambling State,2012.0,2012.0,,,,0.071428575
2016,2,00-0028838,L.Donnell,TE,NYG,NO,0,0,0.0,0,0.0,0.0,0.0,0,0.0,0,5,4,24.0,0,2.4,6.4,,,78.0,265.0,28.024882352941177,4.0,Grambling State,2012.0,2012.0,,,3.0,0.12195122
2016,3,00-0028838,L.Donnell,TE,NYG,WAS,0,0,0.0,0,0.0,0.0,0.0,0,0.0,0,4,3,11.0,0,1.1,4.1,,,78.0,265.0,28.024882352941177,4.0,Grambling State,2012.0,2012.0,,,-2.0,0.10526316
2016,6,00-0028838,L.Donnell,TE,NYG,BAL,0,0,0.0,0,0.0,0.0,0.0,0,0.0,0,7,6,34.0,0,3.4,9.4,,,78.0,265.0,28.024882352941177,4.0,Grambling State,2012.0,2012.0,,,4.0,0.1521739
2016,7,00-0028838,L.Donnell,TE,NYG,LA,0,0,0.0,0,0.0,0.0,0.0,0,0.0,0,3,1,8.0,0,-1.2,-0.2,,,78.0,265.0,28.024882352941177,4.0,Grambling State,2012.0,2012.0,,,,0.08108108
2016,13,00-0028838,L.Donnell,TE,NYG,PIT,0,0,0.0,0,0.0,0.0,0.0,0,0.0,0,1,0,0.0,0,0.0,0.0,,,78.0,265.0,28.024882352941177,4.0,Grambling State,2012.0,2012.0,,,,0.025641026
2016,15,00-0028872,J.Hekker,P,LA,SEA,0,1,0.0,0,0.0,0.0,-0.0,0,0.0,0,0,0,0.0,0,0.0,0.0,,,77.0,236.0,26.7440625,4.0,Oregon State,2012.0,2012.0,,,,
2016,17,00-0028872,J.Hekker,P,LA,ARI,1,1,4.0,0,0.0,0.0,-0.0,0,0.0,0,0,0,0.0,0,0.16,0.16,,,77.0,236.0,26.7440625,4.0,Oregon State,2012.0,2012.0,,,-38.0,
2016,1,00-0028903,G.Celek,TE,SF,LA,0,0,0.0,0,0.0,0.0,0.0,0,0.0,0,4,1,15.0,0,1.5,2.5,,,77.0,252.0,28.4414375,4.0,Michigan State,2012.0,2012.0,,,28.0,0.114285715
2016,2,00-0028903,G.Celek,TE,SF,CAR,0,0,0.0,0,0.0,0.0,0.0,0,0.0,0,2,1,12.0,0,1.2,2.2,,,77.0,252.0,28.4414375,4.0,Michigan State,2012.0,2012.0,,,,0.055555556
2016,3,00-0028903,G.Celek,TE,SF,SEA,0,0,0.0,0,0.0,0.0,0.0,0,0.0,0,4,3,25.0,0,2.5,5.5,,,77.0,252.0,28.4414375,4.0,Michigan State,2012.0,2012.0,,,,0.16
2016,4,00-0028903,G.Celek,TE,SF,DAL,0,0,0.0,0,0.0,0.0,0.0,0,0.0,0,5,5,79.0,0,7.9,12.9,,,77.0,252.0,28.4414375,4.0,Michigan State,2012.0,2012.0,,,-7.0,0.2173913
2016,5,00-0028903,G.Celek,TE,SF,ARI,0,0,0.0,0,0.0,0.0,0.0,0,0.0,0,5,1,4.0,0,0.4,1.4,,,77.0,252.0,28.4414375,4.0,Michigan State,2012.0,2012.0,,,-12.0,0.16129032
2016,7,00-0028903,G.Celek,TE,SF,TB,0,0,0.0,0,0.0,0.0,0.0,0,0.0,0,3,1,4.0,0,0.4,1.4,,,77.0,252.0,28.4414375,4.0,Michigan State,2012.0,2012.0,,,-17.0,0.09375
2016,9,00-0028903,G.Celek,TE,SF,NO,0,0,0.0,0,0.0,0.0,0.0,0,0.0,0,6,4,76.0,0,7.6,11.6,,,77.0,252.0,28.4414375,4.0,Michigan State,2012.0,2012.0,,,-18.0,0.15384616
2016,11,00-0028903,G.Celek,TE,SF,NE,0,0,0.0,0,0.0,0.0,0.0,0,0.0,0,3,3,41.0,0,4.1,7.1,,,77.0,252.0,28.4414375,4.0,Michigan State,2012.0,2012.0,,,-13.0,0.1
2016,12,00-0028903,G.Celek,TE,SF,MIA,0,0,0.0,0,0.0,0.0,0.0,0,0.0,0,3,2,19.0,1,5.9,7.9,,,77.0,252.0,28.4414375,4.0,Michigan State,2012.0,2012.0,,,,0.06666667
2016,14,00-0028903,G.Celek,TE,SF,NYJ,0,0,0.0,0,0.0,0.0,0.0,0,0.0,0,1,1,5.0,0,0.5,1.5,,,77.0,252.0,28.4414375,4.0,Michigan State,2012.0,2012.0,,,-6.0,0.03846154
2016,15,00-0028903,G.Celek,TE,SF,ATL,0,0,0.0,0,0.0,0.0,0.0,0,0.0,0,6,2,22.0,1,8.2,10.2,,,77.0,252.0,28.4414375,4.0,Michigan State,2012.0,2012.0,,,,0.18181819
2016,16,00-0028903,G.Celek,TE,SF,LA,0,0,0.0,0,0.0,0.0,0.0,0,0.0,0,7,4,39.0,0,3.9,7.9,,,77.0,252.0,28.4414375,4.0,Michigan State,2012.0,2012.0,,,,0.1891892
2016,17,00-0028903,G.Celek,TE,SF,SEA,0,0,0.0,0,0.0,0.0,0.0,0,0.0,0,1,1,9.0,1,6.9,7.9,,,77.0,252.0,28.4414375,4.0,Michigan State,2012.0,2012.0,,,-2.0,0.045454547
2016,18,00-0028908,M.Thomas,SS,MIA,PIT,0,0,0.0,0,0.0,0.0,0.0,1,3.0,0,0,0,0.0,0,0.3,0.3,,,71.0,193.0,26.652529411764707,4.0,Stanford,2012.0,2012.0,,,,
2016,3,00-0028952,,P,ARI,BUF,0,0,0.0,0,0.0,0.0,0.0,1,0.0,0,0,0,0.0,0,-2.0,-2.0,,,73.0,217.0,27.46475,4.0,,2012.0,2012.0,,,,
2016,1,00-0028986,C.Keenum,QB,LA,SF,17,35,130.0,0,2.0,2.0,10.0,3,10.0,0,0,0,0.0,0,2.2,2.2,,,73.0,205.0,28.7206875,4.0,Houston,2012.0,2012.0,,,,
2016,2,00-0028986,C.Keenum,QB,LA,SEA,18,30,239.0,0,0.0,3.0,20.0,3,5.0,0,0,0,0.0,0,10.06,10.06,,,73.0,205.0,28.7206875,4.0,Houston,2012.0,2012.0,,,6.0,
2016,3,00-0028986,C.Keenum,QB,LA,TB,14,26,190.0,2,1.0,1.0,7.0,2,1.0,0,0,0,0.0,0,13.7,13.7,,,73.0,205.0,28.7206875,4.0,Houston,2012.0,2012.0,,,,
2016,4,00-0028986,C.Keenum,QB,LA,ARI,18,30,266.0,2,0.0,2.0,19.0,3,14.0,0,0,0,0.0,0,18.04,18.04,,,73.0,205.0,28.7206875,4.0,Houston,2012.0,2012.0,,,,
2016,5,00-0028986,C.Keenum,QB,LA,BUF,21,31,271.0,0,2.0,4.0,28.0,0,0.0,0,0,0,0.0,0,6.84,6.84,,,73.0,205.0,28.7206875,4.0,Houston,2012.0,2012.0,,,-11.0,
2016,6,00-0028986,C.Keenum,QB,LA,DET,27,32,321.0,3,1.0,1.0,10.0,3,7.0,1,0,0,0.0,0,29.54,29.54,,,73.0,205.0,28.7206875,4.0,Houston,2012.0,2012.0,,,,
2016,7,00-0028986,C.Keenum,QB,LA,NYG,32,53,291.0,1,4.0,3.0,20.0,1,3.0,0,0,0,0.0,0,7.94,7.94,,,73.0,205.0,28.7206875,4.0,Houston,2012.0,2012.0,,,-7.0,
2016,9,00-0028986,C.Keenum,QB,LA,CAR,27,46,296.0,1,1.0,4.0,16.0,0,0.0,0,0,0,0.0,0,13.84,13.84,,,73.0,205.0,28.7206875,4.0,Houston,2012.0,2012.0,,,-3.0,
2016,10,00-0028986,C.Keenum,QB,LA,NYJ,17,30,165.0,0,0.0,3.0,10.0,5,11.0,0,0,0,0.0,0,7.7,7.7,,,73.0,205.0,28.7206875,4.0,Houston,2012.0,2012.0,,,,
2016,15,00-0028986,C.Keenum,QB,LA,SEA,5,9,32.0,0,0.0,0.0,-0.0,0,0.0,0,0,0,0.0,0,1.28,1.28,,,73.0,205.0,28.7206875,4.0,Houston,2012.0,2012.0,,,,
2016,2,00-0028987,P.Supernaw,TE,TEN,DET,0,0,0.0,0,0.0,0.0,0.0,0,0.0,0,1,1,7.0,0,0.7,1.7,,,77.0,248.0,26.7624375,4.0,Ouachita Baptist,2012.0,2012.0,,,,0.030303031
2016,3,00-0028987,P.Supernaw,TE,TEN,LV,0,0,0.0,0,0.0,0.0,0.0,0,0.0,0,1,0,0.0,0,0.0,0.0,,,77.0,248.0,26.7624375,4.0,Ouachita Baptist,2012.0,2012.0,,,-7.0,0.030303031
2016,6,00-0028987,P.Supernaw,TE,TEN,CLE,0,0,0.0,0,0.0,0.0,0.0,0,0.0,0,2,2,25.0,0,2.5,4.5,,,77.0,248.0,26.7624375,4.0,Ouachita Baptist,2012.0,2012.0,,,2.0,0.083333336
2016,8,00-0028987,P.Supernaw,TE,TEN,JAX,0,0,0.0,0,0.0,0.0,0.0,0,0.0,0,1,1,30.0,0,3.0,4.0,,,77.0,248.0,26.7624375,4.0,Ouachita Baptist,2012.0,2012.0,,,14.0,0.04347826
2016,5,00-0028994,,TE,MIA,TEN,0,0,0.0,0,0.0,0.0,0.0,0,0.0,0,2,2,4.0,0,0.4,2.4,,,75.0,270.0,29.267357142857144,4.0,Shepherd,2012.0,2012.0,,,-13.0,0.11111111
2016,6,00-0028994,,TE,MIA,PIT,0,0,0.0,0,0.0,0.0,0.0,0,0.0,0,2,1,8.0,0,0.8,1.8,,,75.0,270.0,29.267357142857144,4.0,Shepherd,2012.0,2012.0,,,15.0,0.0625
2016,9,00-0028994,,TE,MIA,NYJ,0,0,0.0,0,0.0,0.0,0.0,0,0.0,0,4,3,42.0,1,10.2,13.2,,,75.0,270.0,29.267357142857144,4.0,Shepherd,2012.0,2012.0,,,4.0,0.13793103
2016,10,00-0028994,,TE,MIA,LAC,0,0,0.0,0,0.0,0.0,0.0,0,0.0,0,1,0,0.0,0,0.0,0.0,,,75.0,270.0,29.267357142857144,4.0,Shepherd,2012.0,2012.0,,,,0.04347826
2016,13,00-0028994,,TE,MIA,BAL,0,0,0.0,0,0.0,0.0,0.0,0,0.0,0,1,1,7.0,0,0.7,1.7,,,75.0,270.0,29.267357142857144,4.0,Shepherd,2012.0,2012.0,,,,0.025641026
2016,1,00-0029000,C.Beasley,WR,DAL,NYG,0,0,0.0,0,0.0,0.0,0.0,0,0.0,0,12,8,65.0,0,6.5,14.5,,,68.0,180.0,27.544588235294118,4.0,Southern Methodist,2012.0,2012.0,,,-1.0,0.27906978
2016,2,00-0029000,C.Beasley,WR,DAL,WAS,0,0,0.0,0,0.0,0.0,0.0,0,0.0,0,6,5,75.0,0,7.5,12.5,,,68.0,180.0,27.544588235294118,4.0,Southern Methodist,2012.0,2012.0,,,,0.2
2016,3,00-0029000,C.Beasley,WR,DAL,CHI,0,0,0.0,0,0.0,0.0,0.0,0,0.0,0,7,7,73.0,0,7.3,14.3,,,68.0,180.0,27.544588235294118,4.0,Southern Methodist,2012.0,2012.0,,,14.0,0.29166666
2016,4,00-0029000,C.Beasley,WR,DAL,SF,0,0,0.0,0,0.0,0.0,0.0,1,7.0,0,4,3,66.0,0,7.3,10.3,,,68.0,180.0,27.544588235294118,4.0,Southern Methodist,2012.0,2012.0,,,,0.125
2016,5,00-0029000,C.Beasley,WR,DAL,CIN,0,0,0.0,0,0.0,0.0,0.0,0,0.0,0,4,4,53.0,1,11.3,15.3,,,68.0,180.0,27.544588235294118,4.0,Southern Methodist,2012.0,2012.0,,,14.0,0.16666667
2016,6,00-0029000,C.Beasley,WR,DAL,GB,0,0,0.0,0,0.0,0.0,0.0,0,0.0,0,6,6,58.0,2,17.8,23.8,,,68.0,180.0,27.544588235294118,4.0,Southern Methodist,2012.0,2012.0,,,,0.22222222
2016,8,00-0029000,C.Beasley,WR,DAL,PHI,0,1,0.0,0,0.0,0.0,-0.0,0,0.0,0,7,4,53.0,0,5.3,9.3,,,68.0,180.0,27.544588235294118,4.0,Southern Methodist,2012.0,2012.0,,,6.0,0.175
2016,9,00-0029000,C.Beasley,WR,DAL,CLE,0,0,0.0,0,0.0,0.0,0.0,0,0.0,0,6,6,56.0,1,11.6,17.6,,,68.0,180.0,27.544588235294118,4.0,Southern Methodist,2012.0,2012.0,,,,0.21428572
2016,10,00-0029000,C.Beasley,WR,DAL,PIT,0,0,0.0,0,0.0,0.0,0.0,0,0.0,0,9,5,33.0,0,3.3,8.3,,,68.0,180.0,27.544588235294118,4.0,Southern Methodist,2012.0,2012.0,,,,0.28125
2016,11,00-0029000,C.Beasley,WR,DAL,BAL,0,0,0.0,0,0.0,0.0,0.0,0,0.0,0,6,5,59.0,1,11.9,16.9,,,68.0,180.0,27.544588235294118,4.0,Southern Methodist,2012.0,2012.0,,,10.0,0.16666667
2016,12,00-0029000,C.Beasley,WR,DAL,WAS,0,0,0.0,0,0.0,0.0,0.0,0,0.0,0,6,5,56.0,0,5.6,10.6,,,68.0,180.0,27.544588235294118,4.0,Southern Methodist,2012.0,2012.0,,,5.0,0.26086956
2016,13,00-0029000,C.Beasley,WR,DAL,MIN,0,0,0.0,0,0.0,0.0,0.0,0,0.0,0,4,2,23.0,0,2.3,4.3,,,68.0,180.0,27.544588235294118,4.0,Southern Methodist,2012.0,2012.0,,,,0.22222222
2016,14,00-0029000,C.Beasley,WR,DAL,NYG,0,0,0.0,0,0.0,0.0,0.0,0,0.0,0,7,4,41.0,0,4.1,8.1,,,68.0,180.0,27.544588235294118,4.0,Southern Methodist,2012.0,2012.0,,,,0.1891892
2016,15,00-0029000,C.Beasley,WR,DAL,TB,0,0,0.0,0,0.0,0.0,0.0,0,0.0,0,5,4,48.0,0,4.8,8.8,,,68.0,180.0,27.544588235294118,4.0,Southern Methodist,2012.0,2012.0,,,6.0,0.1388889
2016,16,00-0029000,C.Beasley,WR,DAL,DET,0,0,0.0,0,0.0,0.0,0.0,0,0.0,0,5,4,25.0,0,2.5,6.5,,,68.0,180.0,27.544588235294118,4.0,Southern Methodist,2012.0,2012.0,,,21.0,0.23809524
2016,17,00-0029000,C.Beasley,WR,DAL,PHI,0,0,0.0,0,0.0,0.0,0.0,0,0.0,0,4,3,49.0,0,4.9,7.9,,,68.0,180.0,27.544588235294118,4.0,Southern Methodist,2012.0,2012.0,,,,0.14285715
2016,19,00-0029000,C.Beasley,WR,DAL,GB,0,0,0.0,0,0.0,0.0,0.0,0,0.0,0,6,4,45.0,0,4.5,8.5,,,68.0,180.0,27.544588235294118,4.0,Southern Methodist,2012.0,2012.0,,,-3.0,0.16216215
2016,1,00-0029004,L.Dunbar,RB,DAL,NYG,0,0,0.0,0,0.0,0.0,0.0,0,0.0,0,2,1,16.0,0,1.6,2.6,,,68.0,195.0,26.79441176470588,4.0,North Texas,2012.0,2012.0,,,-1.0,0.046511628
2016,2,00-0029004,L.Dunbar,RB,DAL,WAS,0,0,0.0,0,0.0,0.0,0.0,3,6.0,0,2,2,26.0,0,3.2,5.2,,,68.0,195.0,26.79441176470588,4.0,North Texas,2012.0,2012.0,,,,0.06666667
2016,3,00-0029004,L.Dunbar,RB,DAL,CHI,0,0,0.0,0,0.0,0.0,0.0,1,1.0,1,0,0,0.0,0,6.1,6.1,,,68.0,195.0,26.79441176470588,4.0,North Texas,2012.0,2012.0,,,14.0,
2016,4,00-0029004,L.Dunbar,RB,DAL,SF,0,0,0.0,0,0.0,0.0,0.0,1,2.0,0,2,2,14.0,0,1.6,3.6,,,68.0,195.0,26.79441176470588,4.0,North Texas,2012.0,2012.0,,,,0.0625
2016,10,00-0029004,L.Dunbar,RB,DAL,PIT,0,0,0.0,0,0.0,0.0,0.0,0,0.0,0,1,0,0.0,0,0.0,0.0,,,68.0,195.0,26.79441176470588,4.0,North Texas,2012.0,2012.0,,,,0.03125
2016,11,00-0029004,L.Dunbar,RB,DAL,BAL,0,0,0.0,0,0.0,0.0,0.0,1,2.0,0,3,2,14.0,0,1.6,3.6,,,68.0,195.0,26.79441176470588,4.0,North Texas,2012.0,2012.0,,,10.0,0.083333336
2016,12,00-0029004,L.Dunbar,RB,DAL,WAS,0,0,0.0,0,0.0,0.0,0.0,0,0.0,0,1,1,1.0,0,0.1,1.1,,,68.0,195.0,26.79441176470588,4.0,North Texas,2012.0,2012.0,,,5.0,0.04347826
2016,14,00-0029004,L.Dunbar,RB,DAL,NYG,0,0,0.0,0,0.0,0.0,0.0,0,0.0,0,5,3,12.0,0,1.2,4.2,,,68.0,195.0,26.79441176470588,4.0,North Texas,2012.0,2012.0,,,,0.13513513
2016,15,00-0029004,L.Dunbar,RB,DAL,TB,0,0,0.0,0,0.0,0.0,0.0,0,0.0,0,2,2,20.0,0,2.0,4.0,,,68.0,195.0,26.79441176470588,4.0,North Texas,2012.0,2012.0,,,6.0,0.055555556
2016,17,00-0029004,L.Dunbar,RB,DAL,PHI,0,0,0.0,0,0.0,0.0,0.0,3,20.0,0,6,3,19.0,0,3.9,6.9,,,68.0,195.0,26.79441176470588,4.0,North Texas,2012.0,2012.0,,,,0.21428572
2016,6,00-0029033,G.Whalen,WR,LAC,DEN,0,0,0.0,0,0.0,0.0,0.0,0,0.0,0,1,0,0.0,0,0.0,0.0,,,71.0,190.0,26.701538461538462,4.0,Stanford,2012.0,2012.0,,,,0.03448276
2016,7,00-0029033,G.Whalen,WR,LAC,ATL,0,0,0.0,0,0.0,0.0,0.0,0,0.0,0,1,1,12.0,0,1.2,2.2,,,71.0,190.0,26.701538461538462,4.0,Stanford,2012.0,2012.0,,,,0.022727273
2016,8,00-0029033,G.Whalen,WR,LAC,DEN,0,0,0.0,0,0.0,0.0,0.0,0,0.0,0,1,0,0.0,0,0.0,0.0,,,71.0,190.0,26.701538461538462,4.0,Stanford,2012.0,2012.0,,,,0.022222223
2016,10,00-0029033,G.Whalen,WR,LAC,MIA,0,0,0.0,0,0.0,0.0,0.0,0,0.0,0,1,1,10.0,0,1.0,2.0,,,71.0,190.0,26.701538461538462,4.0,Stanford,2012.0,2012.0,,,,0.023809524
2016,17,00-0029048,J.Banyard,RB,JAX,IND,0,0,0.0,0,0.0,0.0,0.0,2,7.0,0,0,0,0.0,0,0.7,0.7,,,70.0,223.0,27.9835,4.0,Texas-El Paso,2012.0,2012.0,,,,
2016,11,00-0029050,A.Blake,DB,TEN,IND,0,0,0.0,0,0.0,0.0,0.0,1,-2.0,0,0,0,0.0,0,-0.2,-0.2,,,69.0,198.0,26.2395625,4.0,Texas-El Paso,2012.0,2012.0,,,,
2016,12,00-0029119,D.Carrier,TE,WAS,DAL,0,0,0.0,0,0.0,0.0,0.0,0,0.0,0,1,1,4.0,0,0.4,1.4,,,76.0,241.0,26.28575,4.0,Beloit,2012.0,2012.0,,,,0.018867925
2016,13,00-0029119,D.Carrier,TE,WAS,ARI,0,0,0.0,0,0.0,0.0,0.0,0,0.0,0,1,1,6.0,0,0.6,1.6,,,76.0,241.0,26.28575,4.0,Beloit,2012.0,2012.0,,,,0.029411765
2016,7,00-0029123,M.King,P,LV,JAX,0,0,0.0,0,0.0,0.0,0.0,1,27.0,0,0,0,0.0,0,2.7,2.7,,,72.0,192.0,28.038529411764703,4.0,Fort Valley State,2012.0,2012.0,,,,
2016,14,00-0029123,M.King,P,LV,KC,0,0,0.0,0,0.0,0.0,0.0,1,0.0,0,0,0,0.0,0,0.0,0.0,,,72.0,192.0,28.038529411764703,4.0,Fort Valley State,2012.0,2012.0,,,,
2016,2,00-0029129,R.Streater,WR,SF,CAR,0,0,0.0,0,0.0,0.0,0.0,0,0.0,0,2,1,13.0,0,1.3,2.3,,,74.0,200.0,28.742562500000002,4.0,Temple,2012.0,2012.0,,,,0.055555556
2016,3,00-0029129,R.Streater,WR,SF,SEA,0,0,0.0,0,0.0,0.0,0.0,0,0.0,0,1,1,19.0,0,1.9,2.9,,,74.0,200.0,28.742562500000002,4.0,Temple,2012.0,2012.0,,,,0.04
2016,5,00-0029129,R.Streater,WR,SF,ARI,0,0,0.0,0,0.0,0.0,0.0,0,0.0,0,1,0,0.0,0,0.0,0.0,,,74.0,200.0,28.742562500000002,4.0,Temple,2012.0,2012.0,,,-12.0,0.032258064
2016,6,00-0029129,R.Streater,WR,SF,BUF,0,0,0.0,0,0.0,0.0,0.0,0,0.0,0,1,1,16.0,0,1.6,2.6,,,74.0,200.0,28.742562500000002,4.0,Temple,2012.0,2012.0,,,,0.035714287
2016,7,00-0029129,R.Streater,WR,SF,TB,0,0,0.0,0,0.0,0.0,0.0,0,0.0,0,1,0,0.0,0,0.0,0.0,,,74.0,200.0,28.742562500000002,4.0,Temple,2012.0,2012.0,,,-17.0,0.03125
2016,10,00-0029129,R.Streater,WR,SF,ARI,0,0,0.0,0,0.0,0.0,0.0,0,0.0,0,2,1,11.0,0,1.1,2.1,,,74.0,200.0,28.742562500000002,4.0,Temple,2012.0,2012.0,,,,0.06666667
2016,11,00-0029129,R.Streater,WR,SF,NE,0,0,0.0,0,0.0,0.0,0.0,0,0.0,0,1,0,0.0,0,0.0,0.0,,,74.0,200.0,28.742562500000002,4.0,Temple,2012.0,2012.0,,,-13.0,0.033333335
2016,12,00-0029129,R.Streater,WR,SF,MIA,0,0,0.0,0,0.0,0.0,0.0,0,0.0,0,5,4,46.0,0,4.6,8.6,,,74.0,200.0,28.742562500000002,4.0,Temple,2012.0,2012.0,,,,0.11111111
2016,13,00-0029129,R.Streater,WR,SF,CHI,0,0,0.0,0,0.0,0.0,0.0,0,0.0,0,1,0,0.0,0,0.0,0.0,,,74.0,200.0,28.742562500000002,4.0,Temple,2012.0,2012.0,,,,0.06666667
2016,14,00-0029129,R.Streater,WR,SF,NYJ,0,0,0.0,0,0.0,0.0,0.0,0,0.0,0,1,1,7.0,0,0.7,1.7,,,74.0,200.0,28.742562500000002,4.0,Temple,2012.0,2012.0,,,-6.0,0.03846154
2016,15,00-0029129,R.Streater,WR,SF,ATL,0,0,0.0,0,0.0,0.0,0.0,0,0.0,0,3,2,11.0,1,7.1,9.1,,,74.0,200.0,28.742562500000002,4.0,Temple,2012.0,2012.0,,,,0.09090909
2016,16,00-0029129,R.Streater,WR,SF,LA,0,0,0.0,0,0.0,0.0,0.0,0,0.0,0,7,6,63.0,1,12.3,18.3,,,74.0,200.0,28.742562500000002,4.0,Temple,2012.0,2012.0,,,,0.1891892
2016,17,00-0029129,R.Streater,WR,SF,SEA,0,0,0.0,0,0.0,0.0,0.0,0,0.0,0,1,1,5.0,0,0.5,1.5,,,74.0,200.0,28.742562500000002,4.0,Temple,2012.0,2012.0,,,-2.0,0.045454547
2016,1,00-0029137,A.Jeffery,WR,CHI,HOU,0,0,0.0,0,0.0,0.0,0.0,0,0.0,0,6,4,105.0,0,10.5,14.5,,,75.0,216.0,26.7264375,4.0,South Carolina,2012.0,2012.0,CHI,45.0,,0.21428572
2016,2,00-0029137,A.Jeffery,WR,CHI,PHI,0,0,0.0,0,0.0,0.0,0.0,0,0.0,0,7,5,96.0,0,9.6,14.6,,,75.0,216.0,26.7264375,4.0,South Carolina,2012.0,2012.0,CHI,45.0,-15.0,0.2413793
2016,3,00-0029137,A.Jeffery,WR,CHI,DAL,0,0,0.0,0,0.0,0.0,0.0,0,0.0,0,7,5,70.0,0,7.0,12.0,,,75.0,216.0,26.7264375,4.0,South Carolina,2012.0,2012.0,CHI,45.0,,0.15555556
2016,4,00-0029137,A.Jeffery,WR,CHI,DET,0,0,0.0,0,0.0,0.0,0.0,0,0.0,0,5,3,46.0,0,4.6,7.6,,,75.0,216.0,26.7264375,4.0,South Carolina,2012.0,2012.0,CHI,45.0,3.0,0.1388889
2016,5,00-0029137,A.Jeffery,WR,CHI,IND,0,0,0.0,0,0.0,0.0,0.0,0,0.0,0,6,5,77.0,0,7.7,12.7,,,75.0,216.0,26.7264375,4.0,South Carolina,2012.0,2012.0,CHI,45.0,,0.14634146
2016,6,00-0029137,A.Jeffery,WR,CHI,JAX,0,0,0.0,0,0.0,0.0,0.0,0,0.0,0,13,7,93.0,0,9.3,16.3,,,75.0,216.0,26.7264375,4.0,South Carolina,2012.0,2012.0,CHI,45.0,-1.0,0.26530612
2016,7,00-0029137,A.Jeffery,WR,CHI,GB,0,0,0.0,0,0.0,0.0,0.0,0,0.0,0,11,3,33.0,0,3.3,6.3,,,75.0,216.0,26.7264375,4.0,South Carolina,2012.0,2012.0,CHI,45.0,,0.42307693
2016,8,00-0029137,A.Jeffery,WR,CHI,MIN,0,0,0.0,0,0.0,0.0,0.0,0,0.0,0,8,4,63.0,1,12.3,16.3,,,75.0,216.0,26.7264375,4.0,South Carolina,2012.0,2012.0,CHI,45.0,10.0,0.2580645
2016,10,00-0029137,A.Jeffery,WR,CHI,TB,0,0,0.0,0,0.0,0.0,0.0,0,0.0,0,9,4,47.0,0,4.7,8.7,,,75.0,216.0,26.7264375,4.0,South Carolina,2012.0,2012.0,CHI,45.0,,0.31034482
2016,15,00-0029137,A.Jeffery,WR,CHI,GB,0,0,0.0,0,0.0,0.0,0.0,0,0.0,0,9,6,89.0,1,14.9,20.9,,,75.0,216.0,26.7264375,4.0,South Carolina,2012.0,2012.0,CHI,45.0,-3.0,0.20930232
2016,16,00-0029137,A.Jeffery,WR,CHI,WAS,0,0,0.0,0,0.0,0.0,0.0,0,0.0,0,10,5,92.0,0,9.2,14.2,,,75.0,216.0,26.7264375,4.0,South Carolina,2012.0,2012.0,CHI,45.0,-20.0,0.25
2016,17,00-0029137,A.Jeffery,WR,CHI,MIN,0,0,0.0,0,0.0,0.0,0.0,0,0.0,0,3,1,10.0,0,1.0,2.0,,,75.0,216.0,26.7264375,4.0,South Carolina,2012.0,2012.0,CHI,45.0,,0.15
2016,1,00-0029141,A.Morris,RB,DAL,NYG,0,0,0.0,0,0.0,0.0,0.0,7,35.0,0,1,0,0.0,0,3.5,3.5,,,70.0,224.0,27.914117647058823,4.0,Florida Atlantic,2012.0,2012.0,WAS,173.0,-1.0,0.023255814
2016,2,00-0029141,A.Morris,RB,DAL,WAS,0,0,0.0,0,0.0,0.0,0.0,5,7.0,1,0,0,0.0,0,6.7,6.7,,,70.0,224.0,27.914117647058823,4.0,Florida Atlantic,2012.0,2012.0,WAS,173.0,,
2016,3,00-0029141,A.Morris,RB,DAL,CHI,0,0,0.0,0,0.0,0.0,0.0,5,19.0,1,1,1,2.0,0,8.1,9.1,,,70.0,224.0,27.914117647058823,4.0,Florida Atlantic,2012.0,2012.0,WAS,173.0,14.0,0.041666668
2016,4,00-0029141,A.Morris,RB,DAL,SF,0,0,0.0,0,0.0,0.0,0.0,7,34.0,0,0,0,0.0,0,3.4,3.4,,,70.0,224.0,27.914117647058823,4.0,Florida Atlantic,2012.0,2012.0,WAS,173.0,,
2016,5,00-0029141,A.Morris,RB,DAL,CIN,0,0,0.0,0,0.0,0.0,0.0,6,33.0,0,1,0,0.0,0,3.3,3.3,,,70.0,224.0,27.914117647058823,4.0,Florida Atlantic,2012.0,2012.0,WAS,173.0,14.0,0.041666668
2016,6,00-0029141,A.Morris,RB,DAL,GB,0,0,0.0,0,0.0,0.0,0.0,3,2.0,0,0,0,0.0,0,0.2,0.2,,,70.0,224.0,27.914117647058823,4.0,Florida Atlantic,2012.0,2012.0,WAS,173.0,,
2016,8,00-0029141,A.Morris,RB,DAL,PHI,0,0,0.0,0,0.0,0.0,0.0,3,6.0,0,0,0,0.0,0,0.6,0.6,,,70.0,224.0,27.914117647058823,4.0,Florida Atlantic,2012.0,2012.0,WAS,173.0,6.0,
2016,9,00-0029141,A.Morris,RB,DAL,CLE,0,0,0.0,0,0.0,0.0,0.0,17,56.0,0,0,0,0.0,0,5.6,5.6,,,70.0,224.0,27.914117647058823,4.0,Florida Atlantic,2012.0,2012.0,WAS,173.0,,
2016,10,00-0029141,A.Morris,RB,DAL,PIT,0,0,0.0,0,0.0,0.0,0.0,4,13.0,0,1,1,6.0,0,1.9,2.9,,,70.0,224.0,27.914117647058823,4.0,Florida Atlantic,2012.0,2012.0,WAS,173.0,,0.03125
2016,11,00-0029141,A.Morris,RB,DAL,BAL,0,0,0.0,0,0.0,0.0,0.0,2,3.0,0,0,0,0.0,0,0.3,0.3,,,70.0,224.0,27.914117647058823,4.0,Florida Atlantic,2012.0,2012.0,WAS,173.0,10.0,
2016,12,00-0029141,A.Morris,RB,DAL,WAS,0,0,0.0,0,0.0,0.0,0.0,1,12.0,0,0,0,0.0,0,1.2,1.2,,,70.0,224.0,27.914117647058823,4.0,Florida Atlantic,2012.0,2012.0,WAS,173.0,5.0,
2016,13,00-0029141,A.Morris,RB,DAL,MIN,0,0,0.0,0,0.0,0.0,0.0,1,11.0,0,0,0,0.0,0,1.1,1.1,,,70.0,224.0,27.914117647058823,4.0,Florida Atlantic,2012.0,2012.0,WAS,173.0,,
2016,17,00-0029141,A.Morris,RB,DAL,PHI,0,0,0.0,0,0.0,0.0,0.0,8,12.0,0,2,1,3.0,0,1.5,2.5,,,70.0,224.0,27.914117647058823,4.0,Florida Atlantic,2012.0,2012.0,WAS,173.0,,0.071428575
2016,1,00-0029159,J.Kearse,WR,SEA,MIA,0,0,0.0,0,0.0,0.0,0.0,0,0.0,0,7,5,57.0,0,5.7,10.7,,,73.0,209.0,26.772555555555556,4.0,Washington,2012.0,2012.0,,,2.0,0.17073171
2016,2,00-0029159,J.Kearse,WR,SEA,LA,0,0,0.0,0,0.0,0.0,0.0,0,0.0,0,6,2,11.0,0,1.1,3.1,,,73.0,209.0,26.772555555555556,4.0,Washington,2012.0,2012.0,,,,0.17142858
2016,3,00-0029159,J.Kearse,WR,SEA,SF,0,0,0.0,0,0.0,0.0,0.0,0,0.0,0,2,2,11.0,0,1.1,3.1,,,73.0,209.0,26.772555555555556,4.0,Washington,2012.0,2012.0,,,19.0,0.06666667
2016,4,00-0029159,J.Kearse,WR,SEA,NYJ,0,0,0.0,0,0.0,0.0,0.0,0,0.0,0,3,3,23.0,0,2.3,5.3,,,73.0,209.0,26.772555555555556,4.0,Washington,2012.0,2012.0,,,,0.09375
2016,6,00-0029159,J.Kearse,WR,SEA,ATL,0,0,0.0,0,0.0,0.0,0.0,0,0.0,0,5,3,35.0,0,3.5,6.5,,,73.0,209.0,26.772555555555556,4.0,Washington,2012.0,2012.0,,,2.0,0.1388889
2016,7,00-0029159,J.Kearse,WR,SEA,ARI,0,0,0.0,0,0.0,0.0,0.0,0,0.0,0,4,3,51.0,0,5.1,8.1,,,73.0,209.0,26.772555555555556,4.0,Washington,2012.0,2012.0,,,,0.11111111
2016,8,00-0029159,J.Kearse,WR,SEA,NO,0,0,0.0,0,0.0,0.0,0.0,0,0.0,0,7,4,57.0,0,5.7,9.7,,,73.0,209.0,26.772555555555556,4.0,Washington,2012.0,2012.0,,,,0.21875
2016,9,00-0029159,J.Kearse,WR,SEA,BUF,0,0,0.0,0,0.0,0.0,0.0,0,0.0,0,4,2,36.0,0,3.6,5.6,,,73.0,209.0,26.772555555555556,4.0,Washington,2012.0,2012.0,,,6.0,0.16666667
2016,10,00-0029159,J.Kearse,WR,SEA,NE,0,0,0.0,0,0.0,0.0,0.0,0,0.0,0,7,2,26.0,0,2.6,4.6,,,73.0,209.0,26.772555555555556,4.0,Washington,2012.0,2012.0,,,,0.19444445
2016,11,00-0029159,J.Kearse,WR,SEA,PHI,0,0,0.0,0,0.0,0.0,0.0,0,0.0,0,6,2,29.0,0,2.9,4.9,,,73.0,209.0,26.772555555555556,4.0,Washington,2012.0,2012.0,,,11.0,0.19354838
2016,12,00-0029159,J.Kearse,WR,SEA,TB,0,0,0.0,0,0.0,0.0,0.0,0,0.0,0,5,1,18.0,0,1.8,2.8,,,73.0,209.0,26.772555555555556,4.0,Washington,2012.0,2012.0,,,,0.15151516
2016,13,00-0029159,J.Kearse,WR,SEA,CAR,0,0,0.0,0,0.0,0.0,0.0,0,0.0,0,9,5,68.0,0,6.8,11.8,,,73.0,209.0,26.772555555555556,4.0,Washington,2012.0,2012.0,,,33.0,0.23684211
2016,14,00-0029159,J.Kearse,WR,SEA,GB,0,0,0.0,0,0.0,0.0,0.0,0,0.0,0,6,1,7.0,0,0.7,1.7,,,73.0,209.0,26.772555555555556,4.0,Washington,2012.0,2012.0,,,,0.15384616
2016,15,00-0029159,J.Kearse,WR,SEA,LA,0,0,0.0,0,0.0,0.0,0.0,0,0.0,0,2,0,0.0,0,0.0,0.0,,,73.0,209.0,26.772555555555556,4.0,Washington,2012.0,2012.0,,,21.0,0.083333336
2016,16,00-0029159,J.Kearse,WR,SEA,ARI,0,0,0.0,0,0.0,0.0,0.0,0,0.0,0,9,4,37.0,1,9.7,13.7,,,73.0,209.0,26.772555555555556,4.0,Washington,2012.0,2012.0,,,-3.0,0.20454545
2016,17,00-0029159,J.Kearse,WR,SEA,SF,0,0,0.0,0,0.0,0.0,0.0,0,0.0,0,7,2,44.0,0,4.4,6.4,,,73.0,209.0,26.772555555555556,4.0,Washington,2012.0,2012.0,,,,0.1891892
2016,18,00-0029159,J.Kearse,WR,SEA,DET,0,0,0.0,0,0.0,0.0,0.0,0,0.0,0,3,2,14.0,0,1.4,3.4,,,73.0,209.0,26.772555555555556,4.0,Washington,2012.0,2012.0,,,20.0,0.1
2016,19,00-0029159,J.Kearse,WR,SEA,ATL,0,0,0.0,0,0.0,0.0,0.0,0,0.0,0,3,1,8.0,0,0.8,1.8,,,73.0,209.0,26.772555555555556,4.0,Washington,2012.0,2012.0,,,,0.10714286
2016,1,00-0029205,T.Cadet,RB,NO,LV,0,0,0.0,0,0.0,0.0,0.0,1,1.0,0,7,3,14.0,1,7.5,10.5,,,73.0,210.0,27.7660625,4.0,Appalachian State,2012.0,2012.0,,,-1.0,0.17948718
2016,2,00-0029205,T.Cadet,RB,NO,NYG,0,0,0.0,0,0.0,0.0,0.0,0,0.0,0,3,2,17.0,0,1.7,3.7,,,73.0,210.0,27.7660625,4.0,Appalachian State,2012.0,2012.0,,,,0.06818182
2016,3,00-0029205,T.Cadet,RB,NO,ATL,0,0,0.0,0,0.0,0.0,0.0,0,0.0,0,6,6,32.0,0,3.2,9.2,,,73.0,210.0,27.7660625,4.0,Appalachian State,2012.0,2012.0,,,-13.0,0.11111111
2016,6,00-0029205,T.Cadet,RB,NO,CAR,0,0,0.0,0,0.0,0.0,0.0,1,3.0,0,5,4,27.0,0,3.0,7.0,,,73.0,210.0,27.7660625,4.0,Appalachian State,2012.0,2012.0,,,3.0,0.104166664
2016,7,00-0029205,T.Cadet,RB,NO,KC,0,0,0.0,0,0.0,0.0,0.0,0,0.0,0,4,2,7.0,0,0.7,2.7,,,73.0,210.0,27.7660625,4.0,Appalachian State,2012.0,2012.0,,,,0.08510638
2016,8,00-0029205,T.Cadet,RB,NO,SEA,0,0,0.0,0,0.0,0.0,0.0,0,0.0,0,2,1,7.0,0,0.7,1.7,,,73.0,210.0,27.7660625,4.0,Appalachian State,2012.0,2012.0,,,5.0,0.057142857
2016,9,00-0029205,T.Cadet,RB,NO,SF,0,0,0.0,0,0.0,0.0,0.0,0,0.0,0,1,1,4.0,0,0.4,1.4,,,73.0,210.0,27.7660625,4.0,Appalachian State,2012.0,2012.0,,,,0.025641026
2016,10,00-0029205,T.Cadet,RB,NO,DEN,0,0,0.0,0,0.0,0.0,0.0,0,0.0,0,3,2,26.0,0,2.6,4.6,,,73.0,210.0,27.7660625,4.0,Appalachian State,2012.0,2012.0,,,-2.0,0.10344828
2016,13,00-0029205,T.Cadet,RB,NO,DET,0,0,0.0,0,0.0,0.0,0.0,0,0.0,0,6,5,53.0,0,5.3,10.3,,,73.0,210.0,27.7660625,4.0,Appalachian State,2012.0,2012.0,,,-15.0,0.14285715
2016,14,00-0029205,T.Cadet,RB,NO,TB,0,0,0.0,0,0.0,0.0,0.0,1,-1.0,0,5,4,30.0,0,2.9,6.9,,,73.0,210.0,27.7660625,4.0,Appalachian State,2012.0,2012.0,,,,0.12195122
2016,15,00-0029205,T.Cadet,RB,NO,ARI,0,0,0.0,0,0.0,0.0,0.0,1,16.0,0,5,5,30.0,1,10.6,15.6,,,73.0,210.0,27.7660625,4.0,Appalachian State,2012.0,2012.0,,,,0.104166664
2016,16,00-0029205,T.Cadet,RB,NO,TB,0,0,0.0,0,0.0,0.0,0.0,0,0.0,0,2,2,16.0,1,7.6,9.6,,,73.0,210.0,27.7660625,4.0,Appalachian State,2012.0,2012.0,,,7.0,0.05882353
2016,17,00-0029205,T.Cadet,RB,NO,ATL,0,0,0.0,0,0.0,0.0,0.0,0,0.0,0,5,3,18.0,1,7.8,10.8,,,73.0,210.0,27.7660625,4.0,Appalachian State,2012.0,2012.0,,,,0.10204082
2016,1,00-0029239,B.Bolden,RB,NE,ARI,0,0,0.0,0,0.0,0.0,0.0,1,4.0,0,0,0,0.0,0,0.4,0.4,,,71.0,220.0,26.812631578947368,4.0,Mississippi,2012.0,2012.0,,,,
2016,4,00-0029239,B.Bolden,RB,NE,BUF,0,0,0.0,0,0.0,0.0,0.0,0,0.0,0,3,2,15.0,0,1.5,3.5,,,71.0,220.0,26.812631578947368,4.0,Mississippi,2012.0,2012.0,,,-16.0,0.11111111
2016,7,00-0029239,B.Bolden,RB,NE,PIT,0,0,0.0,0,0.0,0.0,0.0,0,0.0,0,1,0,0.0,0,0.0,0.0,,,71.0,220.0,26.812631578947368,4.0,Mississippi,2012.0,2012.0,,,,0.03846154
2016,1,00-0029263,R.Wilson,QB,SEA,MIA,27,43,258.0,1,1.0,3.0,18.0,4,16.0,0,0,0,0.0,0,11.92,11.92,,,71.0,206.0,27.960833333333333,4.0,Wisconsin,2012.0,2012.0,SEA,75.0,2.0,
2016,2,00-0029263,R.Wilson,QB,SEA,LA,22,35,254.0,0,0.0,2.0,15.0,5,14.0,0,0,0,0.0,0,11.56,11.56,,,71.0,206.0,27.960833333333333,4.0,Wisconsin,2012.0,2012.0,SEA,75.0,,
2016,3,00-0029263,R.Wilson,QB,SEA,SF,15,23,243.0,1,0.0,2.0,17.0,1,3.0,0,0,0,0.0,0,14.02,14.02,,,71.0,206.0,27.960833333333333,4.0,Wisconsin,2012.0,2012.0,SEA,75.0,19.0,
2016,4,00-0029263,R.Wilson,QB,SEA,NYJ,23,32,309.0,3,0.0,2.0,21.0,5,-5.0,0,0,0,0.0,0,23.86,23.86,,,71.0,206.0,27.960833333333333,4.0,Wisconsin,2012.0,2012.0,SEA,75.0,,
2016,6,00-0029263,R.Wilson,QB,SEA,ATL,25,37,270.0,0,0.0,1.0,9.0,6,7.0,0,0,0,0.0,0,11.5,11.5,,,71.0,206.0,27.960833333333333,4.0,Wisconsin,2012.0,2012.0,SEA,75.0,2.0,
2016,7,00-0029263,R.Wilson,QB,SEA,ARI,24,37,225.0,0,0.0,1.0,20.0,1,-2.0,0,1,1,-1.0,0,8.7,9.7,,,71.0,206.0,27.960833333333333,4.0,Wisconsin,2012.0,2012.0,SEA,75.0,,0.027777778
2016,8,00-0029263,R.Wilson,QB,SEA,NO,22,34,253.0,0,1.0,1.0,11.0,3,11.0,0,0,0,0.0,0,9.22,9.22,,,71.0,206.0,27.960833333333333,4.0,Wisconsin,2012.0,2012.0,SEA,75.0,,
2016,9,00-0029263,R.Wilson,QB,SEA,BUF,20,26,282.0,2,0.0,4.0,37.0,3,10.0,1,0,0,0.0,0,26.28,26.28,,,71.0,206.0,27.960833333333333,4.0,Wisconsin,2012.0,2012.0,SEA,75.0,6.0,
2016,10,00-0029263,R.Wilson,QB,SEA,NE,25,37,348.0,3,0.0,3.0,24.0,3,6.0,0,0,0,0.0,0,26.52,26.52,,,71.0,206.0,27.960833333333333,4.0,Wisconsin,2012.0,2012.0,SEA,75.0,,
2016,11,00-0029263,R.Wilson,QB,SEA,PHI,18,31,272.0,1,0.0,1.0,-0.0,8,19.0,0,1,1,15.0,1,24.28,25.28,,,71.0,206.0,27.960833333333333,4.0,Wisconsin,2012.0,2012.0,SEA,75.0,11.0,0.032258064
2016,12,00-0029263,R.Wilson,QB,SEA,TB,17,33,151.0,0,2.0,6.0,33.0,8,80.0,0,0,0,0.0,0,10.04,10.04,,,71.0,206.0,27.960833333333333,4.0,Wisconsin,2012.0,2012.0,SEA,75.0,,
2016,13,00-0029263,R.Wilson,QB,SEA,CAR,26,36,277.0,1,1.0,3.0,21.0,3,29.0,0,0,0,0.0,0,15.98,15.98,,,71.0,206.0,27.960833333333333,4.0,Wisconsin,2012.0,2012.0,SEA,75.0,33.0,
2016,14,00-0029263,R.Wilson,QB,SEA,GB,22,39,240.0,1,5.0,3.0,22.0,4,19.0,0,0,0,0.0,0,5.5,5.5,,,71.0,206.0,27.960833333333333,4.0,Wisconsin,2012.0,2012.0,SEA,75.0,,
2016,15,00-0029263,R.Wilson,QB,SEA,LA,19,26,229.0,3,1.0,2.0,2.0,6,12.0,0,0,0,0.0,0,20.36,20.36,,,71.0,206.0,27.960833333333333,4.0,Wisconsin,2012.0,2012.0,SEA,75.0,21.0,
2016,16,00-0029263,R.Wilson,QB,SEA,ARI,29,45,350.0,4,0.0,6.0,37.0,10,36.0,0,0,0,0.0,0,33.6,33.6,,,71.0,206.0,27.960833333333333,4.0,Wisconsin,2012.0,2012.0,SEA,75.0,-3.0,
2016,17,00-0029263,R.Wilson,QB,SEA,SF,19,32,258.0,1,0.0,1.0,6.0,2,4.0,0,0,0,0.0,0,14.72,14.72,,,71.0,206.0,27.960833333333333,4.0,Wisconsin,2012.0,2012.0,SEA,75.0,,
2016,18,00-0029263,R.Wilson,QB,SEA,DET,23,30,224.0,2,0.0,3.0,14.0,3,-3.0,0,0,0,0.0,0,16.66,16.66,,,71.0,206.0,27.960833333333333,4.0,Wisconsin,2012.0,2012.0,SEA,75.0,20.0,
2016,19,00-0029263,R.Wilson,QB,SEA,ATL,17,30,225.0,2,2.0,3.0,17.0,6,49.0,0,0,0,0.0,0,17.9,17.9,,,71.0,206.0,27.960833333333333,4.0,Wisconsin,2012.0,2012.0,SEA,75.0,,
2016,1,00-0029269,T.Benjamin,WR,LAC,KC,0,0,0.0,0,0.0,0.0,0.0,0,0.0,0,8,7,32.0,0,3.2,10.2,,,70.0,175.0,26.8525,4.0,Miami,2012.0,2012.0,CLE,100.0,,0.22222222
2016,2,00-0029269,T.Benjamin,WR,LAC,JAX,0,0,0.0,0,0.0,0.0,0.0,1,-1.0,0,6,6,115.0,2,23.4,29.4,,,70.0,175.0,26.8525,4.0,Miami,2012.0,2012.0,CLE,100.0,,0.24
2016,3,00-0029269,T.Benjamin,WR,LAC,IND,0,0,0.0,0,0.0,0.0,0.0,0,0.0,0,7,4,82.0,0,6.2,10.2,,,70.0,175.0,26.8525,4.0,Miami,2012.0,2012.0,CLE,100.0,,0.1891892
2016,4,00-0029269,T.Benjamin,WR,LAC,NO,0,0,0.0,0,0.0,0.0,0.0,0,0.0,0,7,4,48.0,0,2.8,6.8,,,70.0,175.0,26.8525,4.0,Miami,2012.0,2012.0,CLE,100.0,,0.1627907
2016,5,00-0029269,T.Benjamin,WR,LAC,LV,0,0,0.0,0,0.0,0.0,0.0,0,0.0,0,11,7,117.0,0,11.7,18.7,,,70.0,175.0,26.8525,4.0,Miami,2012.0,2012.0,CLE,100.0,,0.36666667
2016,6,00-0029269,T.Benjamin,WR,LAC,DEN,0,0,0.0,0,0.0,0.0,0.0,0,0.0,0,5,3,17.0,0,1.7,4.7,,,70.0,175.0,26.8525,4.0,Miami,2012.0,2012.0,CLE,100.0,,0.1724138
2016,7,00-0029269,T.Benjamin,WR,LAC,ATL,0,1,0.0,0,0.0,0.0,-0.0,0,0.0,0,5,4,54.0,0,5.4,9.4,,,70.0,175.0,26.8525,4.0,Miami,2012.0,2012.0,CLE,100.0,,0.11363637
2016,8,00-0029269,T.Benjamin,WR,LAC,DEN,0,0,0.0,0,0.0,0.0,0.0,0,0.0,0,9,3,44.0,1,10.4,13.4,,,70.0,175.0,26.8525,4.0,Miami,2012.0,2012.0,CLE,100.0,,0.2
2016,9,00-0029269,T.Benjamin,WR,LAC,TEN,0,0,0.0,0,0.0,0.0,0.0,0,0.0,0,1,1,5.0,0,0.5,1.5,,,70.0,175.0,26.8525,4.0,Miami,2012.0,2012.0,CLE,100.0,,0.030303031
2016,12,00-0029269,T.Benjamin,WR,LAC,HOU,0,0,0.0,0,0.0,0.0,0.0,0,0.0,0,2,1,8.0,0,0.8,1.8,,,70.0,175.0,26.8525,4.0,Miami,2012.0,2012.0,CLE,100.0,,0.06666667
2016,13,00-0029269,T.Benjamin,WR,LAC,TB,0,0,0.0,0,0.0,0.0,0.0,0,0.0,0,4,2,24.0,0,2.4,4.4,,,70.0,175.0,26.8525,4.0,Miami,2012.0,2012.0,CLE,100.0,,0.16666667
2016,14,00-0029269,T.Benjamin,WR,LAC,CAR,0,0,0.0,0,0.0,0.0,0.0,1,-2.0,0,3,0,0.0,0,-0.2,-0.2,,,70.0,175.0,26.8525,4.0,Miami,2012.0,2012.0,CLE,100.0,,0.083333336
2016,15,00-0029269,T.Benjamin,WR,LAC,LV,0,0,0.0,0,0.0,0.0,0.0,0,0.0,0,3,2,56.0,1,11.6,13.6,,,70.0,175.0,26.8525,4.0,Miami,2012.0,2012.0,CLE,100.0,,0.10344828
2016,16,00-0029269,T.Benjamin,WR,LAC,CLE,0,0,0.0,0,0.0,0.0,0.0,0,0.0,0,4,3,75.0,0,7.5,10.5,,,70.0,175.0,26.8525,4.0,Miami,2012.0,2012.0,CLE,100.0,,0.09090909
2016,1,00-0029273,R.Turbin,RB,IND,DET,0,0,0.0,0,0.0,0.0,0.0,1,4.0,0,2,2,15.0,0,1.9,3.9,,,70.0,222.0,26.9278125,4.0,Utah State,2012.0,2012.0,SEA,106.0,-4.0,0.044444446
2016,2,00-0029273,R.Turbin,RB,IND,DEN,0,0,0.0,0,0.0,0.0,0.0,3,10.0,1,1,0,0.0,0,7.0,7.0,,,70.0,222.0,26.9278125,4.0,Utah State,2012.0,2012.0,SEA,106.0,,0.025641026
2016,3,00-0029273,R.Turbin,RB,IND,LAC,0,0,0.0,0,0.0,0.0,0.0,4,9.0,1,0,0,0.0,0,6.9,6.9,,,70.0,222.0,26.9278125,4.0,Utah State,2012.0,2012.0,SEA,106.0,4.0,
2016,4,00-0029273,R.Turbin,RB,IND,JAX,0,0,0.0,0,0.0,0.0,0.0,1,2.0,0,3,2,3.0,0,0.5,2.5,,,70.0,222.0,26.9278125,4.0,Utah State,2012.0,2012.0,SEA,106.0,,0.075
2016,6,00-0029273,R.Turbin,RB,IND,HOU,0,0,0.0,0,0.0,0.0,0.0,3,2.0,0,4,4,22.0,0,2.4,6.4,,,70.0,222.0,26.9278125,4.0,Utah State,2012.0,2012.0,SEA,106.0,,0.125
2016,7,00-0029273,R.Turbin,RB,IND,TEN,0,0,0.0,0,0.0,0.0,0.0,2,3.0,0,1,1,19.0,0,2.2,3.2,,,70.0,222.0,26.9278125,4.0,Utah State,2012.0,2012.0,SEA,106.0,,0.025641026
2016,8,00-0029273,R.Turbin,RB,IND,KC,0,0,0.0,0,0.0,0.0,0.0,2,9.0,0,3,3,25.0,0,3.4,6.4,,,70.0,222.0,26.9278125,4.0,Utah State,2012.0,2012.0,SEA,106.0,-16.0,0.08571429
2016,9,00-0029273,R.Turbin,RB,IND,GB,0,0,0.0,0,0.0,0.0,0.0,2,10.0,0,3,2,13.0,0,2.3,4.3,,,70.0,222.0,26.9278125,4.0,Utah State,2012.0,2012.0,SEA,106.0,,0.083333336
2016,11,00-0029273,R.Turbin,RB,IND,TEN,0,0,0.0,0,0.0,0.0,0.0,2,4.0,1,0,0,0.0,0,6.4,6.4,,,70.0,222.0,26.9278125,4.0,Utah State,2012.0,2012.0,SEA,106.0,7.0,
2016,12,00-0029273,R.Turbin,RB,IND,PIT,0,0,0.0,0,0.0,0.0,0.0,2,20.0,0,3,2,-2.0,0,1.8,3.8,,,70.0,222.0,26.9278125,4.0,Utah State,2012.0,2012.0,SEA,106.0,-21.0,0.08108108
2016,13,00-0029273,R.Turbin,RB,IND,NYJ,0,0,0.0,0,0.0,0.0,0.0,6,16.0,1,0,0,0.0,0,7.6,7.6,,,70.0,222.0,26.9278125,4.0,Utah State,2012.0,2012.0,SEA,106.0,,
2016,14,00-0029273,R.Turbin,RB,IND,HOU,0,0,0.0,0,0.0,0.0,0.0,3,10.0,0,7,4,33.0,0,4.3,8.3,,,70.0,222.0,26.9278125,4.0,Utah State,2012.0,2012.0,SEA,106.0,-5.0,0.1590909
2016,15,00-0029273,R.Turbin,RB,IND,MIN,0,0,0.0,0,0.0,0.0,0.0,7,32.0,2,2,2,22.0,0,17.4,19.4,,,70.0,222.0,26.9278125,4.0,Utah State,2012.0,2012.0,SEA,106.0,,0.071428575
2016,16,00-0029273,R.Turbin,RB,IND,LV,0,0,0.0,0,0.0,0.0,0.0,6,18.0,0,2,2,11.0,1,8.9,10.9,,,70.0,222.0,26.9278125,4.0,Utah State,2012.0,2012.0,SEA,106.0,,0.06896552
2016,17,00-0029273,R.Turbin,RB,IND,JAX,0,0,0.0,0,0.0,0.0,0.0,3,15.0,1,4,2,18.0,0,9.3,11.3,,,70.0,222.0,26.9278125,4.0,Utah State,2012.0,2012.0,SEA,106.0,4.0,0.10526316
2016,10,00-0029275,,TE,PIT,DAL,0,0,0.0,0,0.0,0.0,0.0,0,0.0,0,4,3,30.0,0,3.0,6.0,,,78.0,240.0,26.473105263157894,4.0,Louisiana-Lafayette,2012.0,2012.0,SD,110.0,-5.0,0.08695652
2016,11,00-0029275,,TE,PIT,CLE,0,0,0.0,0,0.0,0.0,0.0,0,0.0,0,2,0,0.0,0,0.0,0.0,,,78.0,240.0,26.473105263157894,4.0,Louisiana-Lafayette,2012.0,2012.0,SD,110.0,,0.055555556
2016,12,00-0029275,,TE,PIT,IND,0,0,0.0,0,0.0,0.0,0.0,0,0.0,0,3,2,67.0,0,6.7,8.7,,,78.0,240.0,26.473105263157894,4.0,Louisiana-Lafayette,2012.0,2012.0,SD,110.0,,0.14285715
2016,13,00-0029275,,TE,PIT,NYG,0,0,0.0,0,0.0,0.0,0.0,0,0.0,0,11,6,110.0,1,17.0,23.0,,,78.0,240.0,26.473105263157894,4.0,Louisiana-Lafayette,2012.0,2012.0,SD,110.0,10.0,0.30555555
2016,14,00-0029275,,TE,PIT,BUF,0,0,0.0,0,0.0,0.0,0.0,0,0.0,0,6,2,25.0,0,2.5,4.5,,,78.0,240.0,26.473105263157894,4.0,Louisiana-Lafayette,2012.0,2012.0,SD,110.0,,0.19354838
2016,15,00-0029275,,TE,PIT,CIN,0,0,0.0,0,0.0,0.0,0.0,0,0.0,0,8,5,72.0,0,7.2,12.2,,,78.0,240.0,26.473105263157894,4.0,Louisiana-Lafayette,2012.0,2012.0,SD,110.0,,0.22857143
2016,1,00-0029293,M.Jones,WR,DET,IND,0,0,0.0,0,0.0,0.0,0.0,0,0.0,0,10,4,85.0,0,8.5,12.5,,,74.0,198.0,26.66429411764706,4.0,California,2012.0,2012.0,CIN,166.0,,0.27027026
2016,2,00-0029293,M.Jones,WR,DET,TEN,0,0,0.0,0,0.0,0.0,0.0,0,0.0,0,11,8,118.0,0,11.8,19.8,,,74.0,198.0,26.66429411764706,4.0,California,2012.0,2012.0,CIN,166.0,-1.0,0.2820513
2016,3,00-0029293,M.Jones,WR,DET,GB,0,0,0.0,0,0.0,0.0,0.0,0,0.0,0,8,6,205.0,2,32.5,38.5,,,74.0,198.0,26.66429411764706,4.0,California,2012.0,2012.0,CIN,166.0,,0.2
2016,4,00-0029293,M.Jones,WR,DET,CHI,0,0,0.0,0,0.0,0.0,0.0,0,0.0,0,7,5,74.0,0,7.4,12.4,,,74.0,198.0,26.66429411764706,4.0,California,2012.0,2012.0,CIN,166.0,,0.19444445
2016,5,00-0029293,M.Jones,WR,DET,PHI,0,0,0.0,0,0.0,0.0,0.0,0,0.0,0,5,4,37.0,1,9.7,13.7,,,74.0,198.0,26.66429411764706,4.0,California,2012.0,2012.0,CIN,166.0,1.0,0.2173913
2016,6,00-0029293,M.Jones,WR,DET,LA,0,0,0.0,0,0.0,0.0,0.0,1,3.0,0,6,2,10.0,1,7.3,9.3,,,74.0,198.0,26.66429411764706,4.0,California,2012.0,2012.0,CIN,166.0,3.0,0.19354838
2016,7,00-0029293,M.Jones,WR,DET,WAS,0,0,0.0,0,0.0,0.0,0.0,0,0.0,0,5,4,94.0,0,9.4,13.4,,,74.0,198.0,26.66429411764706,4.0,California,2012.0,2012.0,CIN,166.0,3.0,0.1724138
2016,8,00-0029293,M.Jones,WR,DET,HOU,0,0,0.0,0,0.0,0.0,0.0,0,0.0,0,7,3,33.0,0,3.3,6.3,,,74.0,198.0,26.66429411764706,4.0,California,2012.0,2012.0,CIN,166.0,,0.17073171
2016,9,00-0029293,M.Jones,WR,DET,MIN,0,0,0.0,0,0.0,0.0,0.0,0,0.0,0,5,1,5.0,0,0.5,1.5,,,74.0,198.0,26.66429411764706,4.0,California,2012.0,2012.0,CIN,166.0,,0.14285715
2016,11,00-0029293,M.Jones,WR,DET,JAX,0,0,0.0,0,0.0,0.0,0.0,0,0.0,0,2,1,15.0,0,1.5,2.5,,,74.0,198.0,26.66429411764706,4.0,California,2012.0,2012.0,CIN,166.0,7.0,0.060606062
2016,12,00-0029293,M.Jones,WR,DET,MIN,0,0,0.0,0,0.0,0.0,0.0,0,0.0,0,11,4,54.0,0,5.4,9.4,,,74.0,198.0,26.66429411764706,4.0,California,2012.0,2012.0,CIN,166.0,3.0,0.2972973
2016,14,00-0029293,M.Jones,WR,DET,CHI,0,0,0.0,0,0.0,0.0,0.0,0,0.0,0,5,4,67.0,0,6.7,10.7,,,74.0,198.0,26.66429411764706,4.0,California,2012.0,2012.0,CIN,166.0,3.0,0.14705883
2016,15,00-0029293,M.Jones,WR,DET,NYG,0,0,0.0,0,0.0,0.0,0.0,0,0.0,0,5,3,41.0,0,4.1,7.1,,,74.0,198.0,26.66429411764706,4.0,California,2012.0,2012.0,CIN,166.0,,0.13157895
2016,16,00-0029293,M.Jones,WR,DET,DAL,0,0,0.0,0,0.0,0.0,0.0,0,0.0,0,7,1,16.0,0,1.6,2.6,,,74.0,198.0,26.66429411764706,4.0,California,2012.0,2012.0,CIN,166.0,,0.15555556
2016,17,00-0029293,M.Jones,WR,DET,GB,0,0,0.0,0,0.0,0.0,0.0,0,0.0,0,9,5,76.0,0,7.6,12.6,,,74.0,198.0,26.66429411764706,4.0,California,2012.0,2012.0,CIN,166.0,-7.0,0.2195122
2016,18,00-0029293,M.Jones,WR,DET,SEA,0,0,0.0,0,0.0,0.0,0.0,0,0.0,0,7,4,81.0,0,8.1,12.1,,,74.0,198.0,26.66429411764706,4.0,California,2012.0,2012.0,CIN,166.0,,0.21875
2016,5,00-0029319,J.Bellamy,WR,CHI,IND,0,0,0.0,0,0.0,0.0,0.0,0,0.0,0,1,1,14.0,0,1.4,2.4,,,72.0,208.0,27.47125,4.0,Louisville,2012.0,2012.0,,,,0.024390243
2016,6,00-0029319,J.Bellamy,WR,CHI,JAX,0,0,0.0,0,0.0,0.0,0.0,1,7.0,0,0,0,0.0,0,0.7,0.7,,,72.0,208.0,27.47125,4.0,Louisville,2012.0,2012.0,,,-1.0,
2016,7,00-0029319,J.Bellamy,WR,CHI,GB,0,0,0.0,0,0.0,0.0,0.0,0,0.0,0,4,2,32.0,0,3.2,5.2,,,72.0,208.0,27.47125,4.0,Louisville,2012.0,2012.0,,,,0.15384616
2016,8,00-0029319,J.Bellamy,WR,CHI,MIN,0,0,0.0,0,0.0,0.0,0.0,0,0.0,0,2,1,4.0,0,0.4,1.4,,,72.0,208.0,27.47125,4.0,Louisville,2012.0,2012.0,,,10.0,0.06451613
2016,10,00-0029319,J.Bellamy,WR,CHI,TB,0,0,0.0,0,0.0,0.0,0.0,0,0.0,0,1,0,0.0,0,0.0,0.0,,,72.0,208.0,27.47125,4.0,Louisville,2012.0,2012.0,,,,0.03448276
2016,11,00-0029319,J.Bellamy,WR,CHI,NYG,0,0,0.0,0,0.0,0.0,0.0,0,0.0,0,2,2,32.0,0,3.2,5.2,,,72.0,208.0,27.47125,4.0,Louisville,2012.0,2012.0,,,,0.06896552
2016,12,00-0029319,J.Bellamy,WR,CHI,TEN,0,0,0.0,0,0.0,0.0,0.0,0,0.0,0,9,4,41.0,0,4.1,8.1,,,72.0,208.0,27.47125,4.0,Louisville,2012.0,2012.0,,,-6.0,0.16666667
2016,13,00-0029319,J.Bellamy,WR,CHI,SF,0,0,0.0,0,0.0,0.0,0.0,1,12.0,0,6,4,93.0,0,10.5,14.5,,,72.0,208.0,27.47125,4.0,Louisville,2012.0,2012.0,,,20.0,0.33333334
2016,14,00-0029319,J.Bellamy,WR,CHI,DET,0,0,0.0,0,0.0,0.0,0.0,0,0.0,0,7,3,45.0,0,4.5,7.5,,,72.0,208.0,27.47125,4.0,Louisville,2012.0,2012.0,,,,0.21875
2016,15,00-0029319,J.Bellamy,WR,CHI,GB,0,0,0.0,0,0.0,0.0,0.0,0,0.0,0,3,1,10.0,1,7.0,8.0,,,72.0,208.0,27.47125,4.0,Louisville,2012.0,2012.0,,,-3.0,0.069767445
2016,16,00-0029319,J.Bellamy,WR,CHI,WAS,0,0,0.0,0,0.0,0.0,0.0,0,0.0,0,2,1,11.0,0,1.1,2.1,,,72.0,208.0,27.47125,4.0,Louisville,2012.0,2012.0,,,-20.0,0.05
2016,17,00-0029319,J.Bellamy,WR,CHI,MIN,0,0,0.0,0,0.0,0.0,0.0,2,18.0,0,1,0,0.0,0,1.8,1.8,,,72.0,208.0,27.47125,4.0,Louisville,2012.0,2012.0,,,,0.05
2016,7,00-0029336,B.Golden,WR,ARI,SEA,0,0,0.0,0,0.0,0.0,0.0,0,0.0,0,1,0,0.0,0,0.0,0.0,,,71.0,186.0,28.324384615384613,4.0,West Texas A&M,2012.0,2012.0,,,0.0,0.020408163
2016,8,00-0029336,B.Golden,WR,ARI,CAR,0,0,0.0,0,0.0,0.0,0.0,0,0.0,0,2,2,29.0,0,2.9,4.9,,,71.0,186.0,28.324384615384613,4.0,West Texas A&M,2012.0,2012.0,,,,0.044444446
2016,12,00-0029336,B.Golden,WR,ARI,ATL,0,0,0.0,0,0.0,0.0,0.0,0,0.0,0,3,1,-1.0,0,-0.1,0.9,,,71.0,186.0,28.324384615384613,4.0,West Texas A&M,2012.0,2012.0,,,,0.06818182
2016,14,00-0029336,B.Golden,WR,ARI,MIA,0,0,0.0,0,0.0,0.0,0.0,0,0.0,0,1,1,9.0,1,6.9,7.9,,,71.0,186.0,28.324384615384613,4.0,West Texas A&M,2012.0,2012.0,,,,0.030303031
2016,15,00-0029336,B.Golden,WR,ARI,NO,0,0,0.0,0,0.0,0.0,0.0,0,0.0,0,2,2,23.0,0,0.3,2.3,,,71.0,186.0,28.324384615384613,4.0,West Texas A&M,2012.0,2012.0,,,-7.0,0.05
2016,16,00-0029336,B.Golden,WR,ARI,SEA,0,0,0.0,0,0.0,0.0,0.0,0,0.0,0,2,1,22.0,0,2.2,3.2,,,71.0,186.0,28.324384615384613,4.0,West Texas A&M,2012.0,2012.0,,,,0.074074075
2016,17,00-0029336,B.Golden,WR,ARI,LA,0,0,0.0,0,0.0,0.0,0.0,0,0.0,0,3,1,0.0,0,0.0,1.0,,,71.0,186.0,28.324384615384613,4.0,West Texas A&M,2012.0,2012.0,,,,0.071428575
2016,3,00-0029384,B.Rainey,RB,NYG,WAS,0,0,0.0,0,0.0,0.0,0.0,0,0.0,0,2,1,24.0,0,2.4,3.4,,,68.0,212.0,29.070588235294117,4.0,Western Kentucky,2012.0,2012.0,,,-2.0,0.05263158
2016,4,00-0029384,B.Rainey,RB,NYG,MIN,0,0,0.0,0,0.0,0.0,0.0,4,22.0,0,9,7,43.0,0,6.5,13.5,,,68.0,212.0,29.070588235294117,4.0,Western Kentucky,2012.0,2012.0,,,,0.2
2016,5,00-0029384,B.Rainey,RB,NYG,GB,0,0,0.0,0,0.0,0.0,0.0,5,22.0,0,6,6,52.0,0,7.4,13.4,,,68.0,212.0,29.070588235294117,4.0,Western Kentucky,2012.0,2012.0,,,,0.17142858
2016,6,00-0029384,B.Rainey,RB,NYG,BAL,0,0,0.0,0,0.0,0.0,0.0,6,13.0,0,3,2,16.0,0,2.9,4.9,,,68.0,212.0,29.070588235294117,4.0,Western Kentucky,2012.0,2012.0,,,4.0,0.06521739
2016,7,00-0029384,B.Rainey,RB,NYG,LA,0,0,0.0,0,0.0,0.0,0.0,1,1.0,0,1,1,-2.0,0,-0.1,0.9,,,68.0,212.0,29.070588235294117,4.0,Western Kentucky,2012.0,2012.0,,,,0.027027028
2016,14,00-0029384,B.Rainey,RB,NYG,DAL,0,0,0.0,0,0.0,0.0,0.0,1,5.0,0,1,1,4.0,0,0.9,1.9,,,68.0,212.0,29.070588235294117,4.0,Western Kentucky,2012.0,2012.0,,,3.0,0.035714287
2016,16,00-0029384,B.Rainey,RB,NYG,PHI,0,0,0.0,0,0.0,0.0,0.0,0,0.0,0,2,1,13.0,0,1.3,2.3,,,68.0,212.0,29.070588235294117,4.0,Western Kentucky,2012.0,2012.0,,,,0.031746034
2016,17,00-0029384,B.Rainey,RB,NYG,WAS,0,0,0.0,0,0.0,0.0,0.0,0,0.0,0,1,1,3.0,0,0.3,1.3,,,68.0,212.0,29.070588235294117,4.0,Western Kentucky,2012.0,2012.0,,,,0.03846154
2016,18,00-0029384,B.Rainey,RB,NYG,GB,0,0,0.0,0,0.0,0.0,0.0,1,0.0,0,1,1,8.0,0,0.8,1.8,,,68.0,212.0,29.070588235294117,4.0,Western Kentucky,2012.0,2012.0,,,,0.022727273
2016,7,00-0029388,D.Thompson,WR,CHI,GB,0,0,0.0,0,0.0,0.0,0.0,0,0.0,0,2,1,4.0,0,0.4,1.4,,,72.0,203.0,27.726,4.0,Florida,2012.0,2012.0,,,,0.07692308
2016,8,00-0029388,D.Thompson,WR,CHI,MIN,0,0,0.0,0,0.0,0.0,0.0,0,0.0,0,1,0,0.0,0,0.0,0.0,,,72.0,203.0,27.726,4.0,Florida,2012.0,2012.0,,,10.0,0.032258064
2016,11,00-0029388,D.Thompson,WR,CHI,NYG,0,0,0.0,0,0.0,0.0,0.0,0,0.0,0,1,1,10.0,0,1.0,2.0,,,72.0,203.0,27.726,4.0,Florida,2012.0,2012.0,,,,0.03448276
2016,12,00-0029388,D.Thompson,WR,CHI,TEN,0,0,0.0,0,0.0,0.0,0.0,0,0.0,0,9,5,44.0,1,10.4,15.4,,,72.0,203.0,27.726,4.0,Florida,2012.0,2012.0,,,-6.0,0.16666667
2016,13,00-0029388,D.Thompson,WR,CHI,SF,0,0,0.0,0,0.0,0.0,0.0,0,0.0,0,3,2,19.0,0,1.9,3.9,,,72.0,203.0,27.726,4.0,Florida,2012.0,2012.0,,,20.0,0.16666667
2016,14,00-0029388,D.Thompson,WR,CHI,DET,0,0,0.0,0,0.0,0.0,0.0,0,0.0,0,4,2,28.0,0,2.8,4.8,,,72.0,203.0,27.726,4.0,Florida,2012.0,2012.0,,,,0.125
2016,15,00-0029388,D.Thompson,WR,CHI,GB,0,0,0.0,0,0.0,0.0,0.0,0,0.0,0,10,8,110.0,0,11.0,19.0,,,72.0,203.0,27.726,4.0,Florida,2012.0,2012.0,,,-3.0,0.23255815
2016,16,00-0029388,D.Thompson,WR,CHI,WAS,0,0,0.0,0,0.0,0.0,0.0,0,0.0,0,4,3,34.0,1,9.4,12.4,,,72.0,203.0,27.726,4.0,Florida,2012.0,2012.0,,,-20.0,0.1
2016,17,00-0029388,D.Thompson,WR,CHI,MIN,0,0,0.0,0,0.0,0.0,0.0,0,0.0,0,2,0,0.0,0,0.0,0.0,,,72.0,203.0,27.726,4.0,Florida,2012.0,2012.0,,,,0.1
2016,3,00-0029391,S.McGrath,TE,LAC,IND,0,0,0.0,0,0.0,0.0,0.0,0,0.0,0,1,1,13.0,0,1.3,2.3,,,77.0,259.0,28.925,4.0,Henderson State,2012.0,2012.0,,,,0.027027028
2016,10,00-0029391,S.McGrath,TE,LAC,MIA,0,0,0.0,0,0.0,0.0,0.0,0,0.0,0,1,1,12.0,0,1.2,2.2,,,77.0,259.0,28.925,4.0,Henderson State,2012.0,2012.0,,,,0.023809524
2016,13,00-0029394,B.Bersin,WR,CAR,SEA,0,0,0.0,0,0.0,0.0,0.0,0,0.0,0,1,1,7.0,0,0.7,1.7,,,75.0,210.0,26.504933333333334,4.0,Wofford,2012.0,2012.0,,,,0.03125
2016,17,00-0029394,B.Bersin,WR,CAR,TB,0,0,0.0,0,0.0,0.0,0.0,0,0.0,0,5,1,10.0,0,1.0,2.0,,,75.0,210.0,26.504933333333334,4.0,Wofford,2012.0,2012.0,,,,0.16129032
2016,1,00-0029492,J.Olawale,FB,LV,NO,0,0,0.0,0,0.0,0.0,0.0,1,2.0,1,0,0,0.0,0,6.2,6.2,,,73.0,240.0,27.564764705882354,4.0,North Texas,2012.0,2012.0,,,,
2016,2,00-0029492,J.Olawale,FB,LV,ATL,0,0,0.0,0,0.0,0.0,0.0,1,11.0,0,2,2,28.0,0,3.9,5.9,,,73.0,240.0,27.564764705882354,4.0,North Texas,2012.0,2012.0,,,,0.044444446
2016,3,00-0029492,J.Olawale,FB,LV,TEN,0,0,0.0,0,0.0,0.0,0.0,1,0.0,0,1,0,0.0,0,0.0,0.0,,,73.0,240.0,27.564764705882354,4.0,North Texas,2012.0,2012.0,,,,0.028571429
2016,4,00-0029492,J.Olawale,FB,LV,BAL,0,0,0.0,0,0.0,0.0,0.0,1,0.0,0,0,0,0.0,0,0.0,0.0,,,73.0,240.0,27.564764705882354,4.0,North Texas,2012.0,2012.0,,,,
2016,5,00-0029492,J.Olawale,FB,LV,LAC,0,0,0.0,0,0.0,0.0,0.0,6,22.0,1,1,1,2.0,0,8.4,9.4,,,73.0,240.0,27.564764705882354,4.0,North Texas,2012.0,2012.0,,,,0.025641026
2016,7,00-0029492,J.Olawale,FB,LV,JAX,0,0,0.0,0,0.0,0.0,0.0,3,12.0,0,0,0,0.0,0,1.2,1.2,,,73.0,240.0,27.564764705882354,4.0,North Texas,2012.0,2012.0,,,,
2016,8,00-0029492,J.Olawale,FB,LV,TB,0,0,0.0,0,0.0,0.0,0.0,1,-1.0,0,2,2,69.0,0,6.8,8.8,,,73.0,240.0,27.564764705882354,4.0,North Texas,2012.0,2012.0,,,,0.03448276
2016,9,00-0029492,J.Olawale,FB,LV,DEN,0,0,0.0,0,0.0,0.0,0.0,1,4.0,0,1,0,0.0,0,0.4,0.4,,,73.0,240.0,27.564764705882354,4.0,North Texas,2012.0,2012.0,,,,0.033333335
2016,11,00-0029492,J.Olawale,FB,LV,HOU,0,0,0.0,0,0.0,0.0,0.0,2,-3.0,0,3,3,90.0,1,14.7,17.7,,,73.0,240.0,27.564764705882354,4.0,North Texas,2012.0,2012.0,,,,0.09677419
2016,12,00-0029492,J.Olawale,FB,LV,CAR,0,0,0.0,0,0.0,0.0,0.0,0,0.0,0,1,1,8.0,0,0.8,1.8,,,73.0,240.0,27.564764705882354,4.0,North Texas,2012.0,2012.0,,,,0.02631579
2016,14,00-0029492,J.Olawale,FB,LV,KC,0,0,0.0,0,0.0,0.0,0.0,0,0.0,0,1,1,8.0,0,0.8,1.8,,,73.0,240.0,27.564764705882354,4.0,North Texas,2012.0,2012.0,,,,0.024390243
2016,15,00-0029492,J.Olawale,FB,LV,LAC,0,0,0.0,0,0.0,0.0,0.0,0,0.0,0,1,1,12.0,0,1.2,2.2,,,73.0,240.0,27.564764705882354,4.0,North Texas,2012.0,2012.0,,,,0.033333335
2016,17,00-0029492,J.Olawale,FB,LV,DEN,0,0,0.0,0,0.0,0.0,0.0,0,0.0,0,1,1,10.0,0,1.0,2.0,,,73.0,240.0,27.564764705882354,4.0,North Texas,2012.0,2012.0,,,,0.03125
2016,18,00-0029492,J.Olawale,FB,LV,HOU,0,0,0.0,0,0.0,0.0,0.0,1,6.0,0,0,0,0.0,0,0.6,0.6,,,73.0,240.0,27.564764705882354,4.0,North Texas,2012.0,2012.0,,,,
2016,2,00-0029510,J.Grimes,RB,HOU,KC,0,0,0.0,0,0.0,0.0,0.0,1,8.0,0,3,1,13.0,0,2.1,3.1,,,70.0,209.0,26.897055555555553,4.0,William & Mary,2012.0,2012.0,,,7.0,0.09090909
2016,3,00-0029510,J.Grimes,RB,HOU,NE,0,0,0.0,0,0.0,0.0,0.0,3,4.0,0,4,4,15.0,0,1.9,5.9,,,70.0,209.0,26.897055555555553,4.0,William & Mary,2012.0,2012.0,,,,0.1
2016,8,00-0029510,J.Grimes,RB,HOU,DET,0,0,0.0,0,0.0,0.0,0.0,2,11.0,0,0,0,0.0,0,1.1,1.1,,,70.0,209.0,26.897055555555553,4.0,William & Mary,2012.0,2012.0,,,7.0,
2016,12,00-0029510,J.Grimes,RB,HOU,LAC,0,0,0.0,0,0.0,0.0,0.0,2,14.0,0,0,0,0.0,0,1.4,1.4,,,70.0,209.0,26.897055555555553,4.0,William & Mary,2012.0,2012.0,,,-8.0,
2016,13,00-0029510,J.Grimes,RB,HOU,GB,0,0,0.0,0,0.0,0.0,0.0,5,43.0,0,1,1,15.0,0,5.8,6.8,,,70.0,209.0,26.897055555555553,4.0,William & Mary,2012.0,2012.0,,,,0.028571429
2016,14,00-0029510,J.Grimes,RB,HOU,IND,0,0,0.0,0,0.0,0.0,0.0,1,6.0,0,2,1,6.0,0,1.2,2.2,,,70.0,209.0,26.897055555555553,4.0,William & Mary,2012.0,2012.0,,,,0.08695652
2016,15,00-0029510,J.Grimes,RB,HOU,JAX,0,0,0.0,0,0.0,0.0,0.0,1,3.0,0,3,2,12.0,0,1.5,3.5,,,70.0,209.0,26.897055555555553,4.0,William & Mary,2012.0,2012.0,,,1.0,0.06382979
2016,17,00-0029510,J.Grimes,RB,HOU,TEN,0,0,0.0,0,0.0,0.0,0.0,8,16.0,0,5,4,33.0,0,4.9,8.9,,,70.0,209.0,26.897055555555553,4.0,William & Mary,2012.0,2012.0,,,,0.10638298
2016,18,00-0029510,J.Grimes,RB,HOU,LV,0,0,0.0,0,0.0,0.0,0.0,4,30.0,0,0,0,0.0,0,3.0,3.0,,,70.0,209.0,26.897055555555553,4.0,William & Mary,2012.0,2012.0,,,13.0,
2016,19,00-0029510,J.Grimes,RB,HOU,NE,0,0,0.0,0,0.0,0.0,0.0,2,11.0,0,4,4,43.0,0,5.4,9.4,,,70.0,209.0,26.897055555555553,4.0,William & Mary,2012.0,2012.0,,,,0.1
2016,8,00-0029567,N.Foles,QB,KC,IND,16,22,223.0,2,0.0,2.0,16.0,1,-1.0,0,0,0,0.0,0,16.82,16.82,,,78.0,243.0,27.809941176470588,4.0,Arizona,2012.0,2012.0,PHI,88.0,,
2016,9,00-0029567,N.Foles,QB,KC,JAX,20,33,187.0,1,0.0,2.0,18.0,3,-3.0,0,0,0,0.0,0,11.18,11.18,,,78.0,243.0,27.809941176470588,4.0,Arizona,2012.0,2012.0,PHI,88.0,5.0,
2016,5,00-0029572,J.Wright,WR,MIN,HOU,0,0,0.0,0,0.0,0.0,0.0,0,0.0,0,4,4,32.0,0,3.2,7.2,,,70.0,191.0,26.9514375,4.0,Arkansas,2012.0,2012.0,MIN,118.0,18.0,0.13333334
2016,10,00-0029572,J.Wright,WR,MIN,WAS,0,0,0.0,0,0.0,0.0,0.0,0,0.0,0,1,1,9.0,0,0.9,1.9,,,70.0,191.0,26.9514375,4.0,Arkansas,2012.0,2012.0,MIN,118.0,,0.025
2016,15,00-0029572,J.Wright,WR,MIN,IND,0,0,0.0,0,0.0,0.0,0.0,0,0.0,0,2,1,2.0,0,0.2,1.2,,,70.0,191.0,26.9514375,4.0,Arkansas,2012.0,2012.0,MIN,118.0,-28.0,0.04761905
2016,17,00-0029572,J.Wright,WR,MIN,CHI,0,0,0.0,0,0.0,0.0,0.0,0,0.0,0,7,5,24.0,1,8.4,13.4,,,70.0,191.0,26.9514375,4.0,Arkansas,2012.0,2012.0,MIN,118.0,28.0,0.20588236
2016,1,00-0029580,R.Matthews,WR,TEN,MIN,0,0,0.0,0,0.0,0.0,0.0,0,0.0,0,4,3,26.0,0,2.6,5.6,,,72.0,217.0,27.063625000000002,4.0,Nevada,2012.0,2012.0,MIA,227.0,-9.0,0.09756097
2016,2,00-0029580,R.Matthews,WR,TEN,DET,0,0,0.0,0,0.0,0.0,0.0,0,0.0,0,6,4,40.0,0,4.0,8.0,,,72.0,217.0,27.063625000000002,4.0,Nevada,2012.0,2012.0,MIA,227.0,,0.18181819
2016,3,00-0029580,R.Matthews,WR,TEN,LV,0,0,0.0,0,0.0,0.0,0.0,0,0.0,0,8,3,32.0,0,3.2,6.2,,,72.0,217.0,27.063625000000002,4.0,Nevada,2012.0,2012.0,MIA,227.0,-7.0,0.24242425
2016,4,00-0029580,R.Matthews,WR,TEN,HOU,0,0,0.0,0,0.0,0.0,0.0,0,0.0,0,2,2,82.0,0,8.2,10.2,,,72.0,217.0,27.063625000000002,4.0,Nevada,2012.0,2012.0,MIA,227.0,,0.071428575
2016,5,00-0029580,R.Matthews,WR,TEN,MIA,0,0,0.0,0,0.0,0.0,0.0,0,0.0,0,4,4,32.0,1,9.2,13.2,,,72.0,217.0,27.063625000000002,4.0,Nevada,2012.0,2012.0,MIA,227.0,,0.14285715
2016,6,00-0029580,R.Matthews,WR,TEN,CLE,0,0,0.0,0,0.0,0.0,0.0,0,0.0,0,3,3,70.0,1,13.0,16.0,,,72.0,217.0,27.063625000000002,4.0,Nevada,2012.0,2012.0,MIA,227.0,2.0,0.125
2016,7,00-0029580,R.Matthews,WR,TEN,IND,0,0,0.0,0,0.0,0.0,0.0,0,0.0,0,7,4,37.0,0,3.7,7.7,,,72.0,217.0,27.063625000000002,4.0,Nevada,2012.0,2012.0,MIA,227.0,-8.0,0.19444445
2016,8,00-0029580,R.Matthews,WR,TEN,JAX,0,0,0.0,0,0.0,0.0,0.0,0,0.0,0,4,4,38.0,1,9.8,13.8,,,72.0,217.0,27.063625000000002,4.0,Nevada,2012.0,2012.0,MIA,227.0,14.0,0.17391305
2016,9,00-0029580,R.Matthews,WR,TEN,LAC,0,0,0.0,0,0.0,0.0,0.0,0,0.0,0,10,6,63.0,2,18.3,24.3,,,72.0,217.0,27.063625000000002,4.0,Nevada,2012.0,2012.0,MIA,227.0,,0.23809524
2016,10,00-0029580,R.Matthews,WR,TEN,GB,0,0,0.0,0,0.0,0.0,0.0,0,0.0,0,5,3,63.0,1,12.3,15.3,,,72.0,217.0,27.063625000000002,4.0,Nevada,2012.0,2012.0,MIA,227.0,22.0,0.18518518
2016,11,00-0029580,R.Matthews,WR,TEN,IND,0,0,0.0,0,0.0,0.0,0.0,0,0.0,0,13,9,122.0,0,12.2,21.2,,,72.0,217.0,27.063625000000002,4.0,Nevada,2012.0,2012.0,MIA,227.0,,0.3611111
2016,12,00-0029580,R.Matthews,WR,TEN,CHI,0,0,0.0,0,0.0,0.0,0.0,0,0.0,0,7,3,64.0,1,12.4,15.4,,,72.0,217.0,27.063625000000002,4.0,Nevada,2012.0,2012.0,MIA,227.0,,0.3043478
2016,14,00-0029580,R.Matthews,WR,TEN,DEN,0,0,0.0,0,0.0,0.0,0.0,0,0.0,0,3,1,26.0,0,2.6,3.6,,,72.0,217.0,27.063625000000002,4.0,Nevada,2012.0,2012.0,MIA,227.0,3.0,0.15
2016,15,00-0029580,R.Matthews,WR,TEN,KC,0,0,0.0,0,0.0,0.0,0.0,0,0.0,0,10,4,105.0,0,8.5,12.5,,,72.0,217.0,27.063625000000002,4.0,Nevada,2012.0,2012.0,MIA,227.0,,0.3448276
2016,16,00-0029580,R.Matthews,WR,TEN,JAX,0,0,0.0,0,0.0,0.0,0.0,0,0.0,0,9,3,31.0,1,9.1,12.1,,,72.0,217.0,27.063625000000002,4.0,Nevada,2012.0,2012.0,MIA,227.0,,0.21428572
2016,17,00-0029580,R.Matthews,WR,TEN,HOU,0,0,0.0,0,0.0,0.0,0.0,0,0.0,0,13,9,114.0,1,17.4,26.4,,,72.0,217.0,27.063625000000002,4.0,Nevada,2012.0,2012.0,MIA,227.0,7.0,0.52
2016,3,00-0029587,R.Ellison,TE,MIN,CAR,0,0,0.0,0,0.0,0.0,0.0,0,0.0,0,1,1,18.0,0,1.8,2.8,,,77.0,250.0,28.0958125,4.0,USC,2012.0,2012.0,MIN,128.0,,0.035714287
2016,4,00-0029587,R.Ellison,TE,MIN,NYG,0,0,0.0,0,0.0,0.0,0.0,0,0.0,0,1,1,2.0,0,0.2,1.2,,,77.0,250.0,28.0958125,4.0,USC,2012.0,2012.0,MIN,128.0,14.0,0.027777778
2016,9,00-0029587,R.Ellison,TE,MIN,DET,0,0,0.0,0,0.0,0.0,0.0,1,1.0,1,1,1,4.0,0,6.5,7.5,,,77.0,250.0,28.0958125,4.0,USC,2012.0,2012.0,MIN,128.0,-6.0,0.025
2016,10,00-0029587,R.Ellison,TE,MIN,WAS,0,0,0.0,0,0.0,0.0,0.0,0,0.0,0,2,2,8.0,0,0.8,2.8,,,77.0,250.0,28.0958125,4.0,USC,2012.0,2012.0,MIN,128.0,,0.05
2016,11,00-0029587,R.Ellison,TE,MIN,ARI,0,0,0.0,0,0.0,0.0,0.0,0,0.0,0,3,1,-2.0,0,-0.2,0.8,,,77.0,250.0,28.0958125,4.0,USC,2012.0,2012.0,MIN,128.0,6.0,0.10714286
2016,12,00-0029587,R.Ellison,TE,MIN,DET,0,0,0.0,0,0.0,0.0,0.0,0,0.0,0,2,1,21.0,0,2.1,3.1,,,77.0,250.0,28.0958125,4.0,USC,2012.0,2012.0,MIN,128.0,,0.055555556
2016,13,00-0029587,R.Ellison,TE,MIN,DAL,0,0,0.0,0,0.0,0.0,0.0,0,0.0,0,1,1,6.0,0,0.6,1.6,,,77.0,250.0,28.0958125,4.0,USC,2012.0,2012.0,MIN,128.0,-2.0,0.021276595
2016,14,00-0029587,R.Ellison,TE,MIN,JAX,0,0,0.0,0,0.0,0.0,0.0,0,0.0,0,2,1,0.0,0,0.0,1.0,,,77.0,250.0,28.0958125,4.0,USC,2012.0,2012.0,MIN,128.0,,0.05882353
2016,16,00-0029587,R.Ellison,TE,MIN,GB,0,0,0.0,0,0.0,0.0,0.0,0,0.0,0,1,0,0.0,0,0.0,0.0,,,77.0,250.0,28.0958125,4.0,USC,2012.0,2012.0,MIN,128.0,,0.02
2016,5,00-0029597,J.Tucker,K,BAL,WAS,0,1,0.0,0,0.0,0.0,-0.0,0,0.0,0,0,0,0.0,0,0.0,0.0,,,73.0,180.0,26.9605,4.0,Texas,2012.0,2012.0,,,-6.0,
2016,2,00-0029601,,TE,NYJ,BUF,0,0,0.0,0,0.0,0.0,0.0,0,0.0,0,1,0,0.0,0,0.0,0.0,,,75.0,250.0,27.5096875,4.0,Newberry,2012.0,2012.0,,,,0.029411765
2016,5,00-0029601,,TE,NYJ,PIT,0,0,0.0,0,0.0,0.0,0.0,0,0.0,0,1,1,9.0,0,0.9,1.9,,,75.0,250.0,27.5096875,4.0,Newberry,2012.0,2012.0,,,,0.02631579
2016,7,00-0029601,,TE,NYJ,BAL,0,0,0.0,0,0.0,0.0,0.0,0,0.0,0,1,0,0.0,0,0.0,0.0,,,75.0,250.0,27.5096875,4.0,Newberry,2012.0,2012.0,,,8.0,0.045454547
2016,8,00-0029601,,TE,NYJ,CLE,0,0,0.0,0,0.0,0.0,0.0,0,0.0,0,1,1,4.0,0,0.4,1.4,,,75.0,250.0,27.5096875,4.0,Newberry,2012.0,2012.0,,,,0.029411765
2016,12,00-0029601,,TE,NYJ,NE,0,0,0.0,0,0.0,0.0,0.0,0,0.0,0,2,2,14.0,0,1.4,3.4,,,75.0,250.0,27.5096875,4.0,Newberry,2012.0,2012.0,,,-5.0,0.06451613
2016,13,00-0029601,,TE,NYJ,IND,0,0,0.0,0,0.0,0.0,0.0,0,0.0,0,1,1,12.0,0,1.2,2.2,,,75.0,250.0,27.5096875,4.0,Newberry,2012.0,2012.0,,,-31.0,0.027027028
2016,14,00-0029601,,TE,NYJ,SF,0,0,0.0,0,0.0,0.0,0.0,0,0.0,0,2,2,17.0,0,1.7,3.7,,,75.0,250.0,27.5096875,4.0,Newberry,2012.0,2012.0,,,,0.057142857
2016,16,00-0029601,,TE,NYJ,NE,0,0,0.0,0,0.0,0.0,0.0,0,0.0,0,1,0,0.0,0,0.0,0.0,,,75.0,250.0,27.5096875,4.0,Newberry,2012.0,2012.0,,,,0.041666668
2016,17,00-0029601,,TE,NYJ,BUF,0,0,0.0,0,0.0,0.0,0.0,0,0.0,0,1,1,7.0,0,0.7,1.7,,,75.0,250.0,27.5096875,4.0,Newberry,2012.0,2012.0,,,20.0,0.033333335
2016,1,00-0029604,K.Cousins,QB,WAS,PIT,30,43,329.0,0,2.0,0.0,-0.0,1,8.0,0,0,0,0.0,0,9.96,9.96,,,75.0,210.0,28.216,4.0,Michigan State,2012.0,2012.0,WAS,102.0,-22.0,
2016,2,00-0029604,K.Cousins,QB,WAS,DAL,28,46,364.0,1,1.0,2.0,14.0,2,20.0,0,0,0,0.0,0,18.56,18.56,,,75.0,210.0,28.216,4.0,Michigan State,2012.0,2012.0,WAS,102.0,-4.0,
2016,3,00-0029604,K.Cousins,QB,WAS,NYG,21,35,296.0,2,0.0,2.0,14.0,3,-5.0,0,0,0,0.0,0,19.34,19.34,,,75.0,210.0,28.216,4.0,Michigan State,2012.0,2012.0,WAS,102.0,,
2016,4,00-0029604,K.Cousins,QB,WAS,CLE,21,27,183.0,3,1.0,3.0,27.0,0,0.0,0,0,0,0.0,0,17.32,17.32,,,75.0,210.0,28.216,4.0,Michigan State,2012.0,2012.0,WAS,102.0,11.0,
2016,5,00-0029604,K.Cousins,QB,WAS,BAL,29,41,260.0,1,1.0,1.0,10.0,1,-1.0,0,0,0,0.0,0,12.3,12.3,,,75.0,210.0,28.216,4.0,Michigan State,2012.0,2012.0,WAS,102.0,,
2016,6,00-0029604,K.Cousins,QB,WAS,PHI,18,34,263.0,2,1.0,0.0,-0.0,2,8.0,0,0,0,0.0,0,17.32,17.32,,,75.0,210.0,28.216,4.0,Michigan State,2012.0,2012.0,WAS,102.0,7.0,
2016,7,00-0029604,K.Cousins,QB,WAS,DET,30,39,301.0,1,0.0,2.0,18.0,3,15.0,1,0,0,0.0,0,21.54,21.54,,,75.0,210.0,28.216,4.0,Michigan State,2012.0,2012.0,WAS,102.0,,
2016,8,00-0029604,K.Cousins,QB,WAS,CIN,38,56,458.0,2,1.0,1.0,12.0,3,-1.0,0,0,0,0.0,0,24.22,24.22,,,75.0,210.0,28.216,4.0,Michigan State,2012.0,2012.0,WAS,102.0,,
2016,10,00-0029604,K.Cousins,QB,WAS,MIN,22,33,262.0,2,0.0,1.0,2.0,1,-1.0,0,0,0,0.0,0,18.38,18.38,,,75.0,210.0,28.216,4.0,Michigan State,2012.0,2012.0,WAS,102.0,6.0,
2016,11,00-0029604,K.Cousins,QB,WAS,GB,21,30,375.0,3,0.0,2.0,11.0,4,4.0,0,0,0,0.0,0,27.4,27.4,,,75.0,210.0,28.216,4.0,Michigan State,2012.0,2012.0,WAS,102.0,18.0,
2016,12,00-0029604,K.Cousins,QB,WAS,DAL,41,53,449.0,3,0.0,0.0,-0.0,1,2.0,0,0,0,0.0,0,30.16,30.16,,,75.0,210.0,28.216,4.0,Michigan State,2012.0,2012.0,WAS,102.0,,
2016,13,00-0029604,K.Cousins,QB,WAS,ARI,21,37,271.0,1,1.0,2.0,25.0,2,0.0,1,0,0,0.0,0,16.84,16.84,,,75.0,210.0,28.216,4.0,Michigan State,2012.0,2012.0,WAS,102.0,,
2016,14,00-0029604,K.Cousins,QB,WAS,PHI,14,21,234.0,2,1.0,2.0,7.0,4,6.0,0,0,0,0.0,0,15.96,15.96,,,75.0,210.0,28.216,4.0,Michigan State,2012.0,2012.0,WAS,102.0,,
2016,15,00-0029604,K.Cousins,QB,WAS,CAR,32,47,315.0,0,1.0,1.0,9.0,2,11.0,0,0,0,0.0,0,9.7,9.7,,,75.0,210.0,28.216,4.0,Michigan State,2012.0,2012.0,WAS,102.0,-11.0,
2016,16,00-0029604,K.Cousins,QB,WAS,CHI,18,29,270.0,1,0.0,0.0,-0.0,5,30.0,2,0,0,0.0,0,29.8,29.8,,,75.0,210.0,28.216,4.0,Michigan State,2012.0,2012.0,WAS,102.0,,
2016,17,00-0029604,K.Cousins,QB,WAS,NYG,22,35,287.0,1,2.0,4.0,41.0,0,0.0,0,0,0,0.0,0,11.48,11.48,,,75.0,210.0,28.216,4.0,Michigan State,2012.0,2012.0,WAS,102.0,-9.0,
2016,1,00-0029608,T.Hilton,WR,IND,DET,0,0,0.0,0,0.0,0.0,0.0,0,0.0,0,12,6,79.0,0,7.9,13.9,,,69.0,180.0,26.9770625,4.0,Florida International,2012.0,2012.0,IND,92.0,-4.0,0.26666668
2016,2,00-0029608,T.Hilton,WR,IND,DEN,0,0,0.0,0,0.0,0.0,0.0,0,0.0,0,11,4,41.0,0,4.1,8.1,,,69.0,180.0,26.9770625,4.0,Florida International,2012.0,2012.0,IND,92.0,,0.2820513
2016,3,00-0029608,T.Hilton,WR,IND,LAC,0,0,0.0,0,0.0,0.0,0.0,0,0.0,0,11,8,174.0,1,23.4,31.4,,,69.0,180.0,26.9770625,4.0,Florida International,2012.0,2012.0,IND,92.0,4.0,0.31428573
2016,4,00-0029608,T.Hilton,WR,IND,JAX,0,0,0.0,0,0.0,0.0,0.0,0,0.0,0,10,7,42.0,1,10.2,17.2,,,69.0,180.0,26.9770625,4.0,Florida International,2012.0,2012.0,IND,92.0,,0.25
2016,5,00-0029608,T.Hilton,WR,IND,CHI,0,0,0.0,0,0.0,0.0,0.0,0,0.0,0,11,10,171.0,1,23.1,33.1,,,69.0,180.0,26.9770625,4.0,Florida International,2012.0,2012.0,IND,92.0,6.0,0.2972973
2016,6,00-0029608,T.Hilton,WR,IND,HOU,0,0,0.0,0,0.0,0.0,0.0,0,0.0,0,9,3,49.0,0,4.9,7.9,,,69.0,180.0,26.9770625,4.0,Florida International,2012.0,2012.0,IND,92.0,,0.28125
2016,7,00-0029608,T.Hilton,WR,IND,TEN,0,0,0.0,0,0.0,0.0,0.0,0,0.0,0,12,7,133.0,1,19.3,26.3,,,69.0,180.0,26.9770625,4.0,Florida International,2012.0,2012.0,IND,92.0,,0.30769232
2016,8,00-0029608,T.Hilton,WR,IND,KC,0,0,0.0,0,0.0,0.0,0.0,0,0.0,0,6,1,20.0,0,2.0,3.0,,,69.0,180.0,26.9770625,4.0,Florida International,2012.0,2012.0,IND,92.0,-16.0,0.17142858
2016,9,00-0029608,T.Hilton,WR,IND,GB,0,0,0.0,0,0.0,0.0,0.0,0,0.0,0,8,6,82.0,0,8.2,14.2,,,69.0,180.0,26.9770625,4.0,Florida International,2012.0,2012.0,IND,92.0,,0.22222222
2016,11,00-0029608,T.Hilton,WR,IND,TEN,0,0,0.0,0,0.0,0.0,0.0,0,0.0,0,9,5,97.0,1,15.7,20.7,,,69.0,180.0,26.9770625,4.0,Florida International,2012.0,2012.0,IND,92.0,7.0,0.32142857
2016,12,00-0029608,T.Hilton,WR,IND,PIT,0,0,0.0,0,0.0,0.0,0.0,0,0.0,0,5,3,54.0,0,5.4,8.4,,,69.0,180.0,26.9770625,4.0,Florida International,2012.0,2012.0,IND,92.0,-21.0,0.13513513
2016,13,00-0029608,T.Hilton,WR,IND,NYJ,0,0,0.0,0,0.0,0.0,0.0,0,0.0,0,10,9,146.0,0,14.6,23.6,,,69.0,180.0,26.9770625,4.0,Florida International,2012.0,2012.0,IND,92.0,,0.3448276
2016,14,00-0029608,T.Hilton,WR,IND,HOU,0,0,0.0,0,0.0,0.0,0.0,0,0.0,0,13,9,115.0,1,17.5,26.5,,,69.0,180.0,26.9770625,4.0,Florida International,2012.0,2012.0,IND,92.0,-5.0,0.29545453
2016,15,00-0029608,T.Hilton,WR,IND,MIN,0,0,0.0,0,0.0,0.0,0.0,0,0.0,0,7,3,45.0,0,4.5,7.5,,,69.0,180.0,26.9770625,4.0,Florida International,2012.0,2012.0,IND,92.0,,0.25
2016,16,00-0029608,T.Hilton,WR,IND,LV,0,0,0.0,0,0.0,0.0,0.0,0,0.0,0,9,4,105.0,0,12.5,16.5,,,69.0,180.0,26.9770625,4.0,Florida International,2012.0,2012.0,IND,92.0,,0.31034482
2016,17,00-0029608,T.Hilton,WR,IND,JAX,0,0,0.0,0,0.0,0.0,0.0,0,0.0,0,12,6,95.0,0,9.5,15.5,,,69.0,180.0,26.9770625,4.0,Florida International,2012.0,2012.0,IND,92.0,4.0,0.31578946
2016,2,00-0029612,D.Richardson,RB,PIT,CIN,0,0,0.0,0,0.0,0.0,0.0,1,6.0,0,0,0,0.0,0,0.6,0.6,,,71.0,196.0,26.597199999999997,4.0,Abilene Christian,2012.0,2012.0,STL,252.0,8.0,
2016,3,00-0029612,D.Richardson,RB,PIT,PHI,0,0,0.0,0,0.0,0.0,0.0,1,1.0,0,0,0,0.0,0,0.1,0.1,,,71.0,196.0,26.597199999999997,4.0,Abilene Christian,2012.0,2012.0,STL,252.0,,
2016,1,00-0029613,D.Martin,RB,TB,ATL,0,0,0.0,0,0.0,0.0,0.0,18,62.0,0,5,5,34.0,0,9.6,14.6,,,69.0,223.0,27.8169375,4.0,Boise State,2012.0,2012.0,TB,31.0,,0.15625
2016,2,00-0029613,D.Martin,RB,TB,ARI,0,0,0.0,0,0.0,0.0,0.0,7,23.0,0,0,0,0.0,0,2.3,2.3,,,69.0,223.0,27.8169375,4.0,Boise State,2012.0,2012.0,TB,31.0,,
2016,10,00-0029613,D.Martin,RB,TB,CHI,0,0,0.0,0,0.0,0.0,0.0,16,33.0,1,2,1,13.0,0,10.6,11.6,,,69.0,223.0,27.8169375,4.0,Boise State,2012.0,2012.0,TB,31.0,26.0,0.0625
2016,11,00-0029613,D.Martin,RB,TB,KC,0,0,0.0,0,0.0,0.0,0.0,24,63.0,0,4,3,42.0,0,10.5,13.5,,,69.0,223.0,27.8169375,4.0,Boise State,2012.0,2012.0,TB,31.0,,0.102564104
2016,12,00-0029613,D.Martin,RB,TB,SEA,0,0,0.0,0,0.0,0.0,0.0,23,87.0,0,2,2,3.0,0,7.0,9.0,,,69.0,223.0,27.8169375,4.0,Boise State,2012.0,2012.0,TB,31.0,9.0,0.071428575
2016,13,00-0029613,D.Martin,RB,TB,LAC,0,0,0.0,0,0.0,0.0,0.0,17,45.0,1,1,1,23.0,0,12.8,13.8,,,69.0,223.0,27.8169375,4.0,Boise State,2012.0,2012.0,TB,31.0,,0.033333335
2016,14,00-0029613,D.Martin,RB,TB,NO,0,0,0.0,0,0.0,0.0,0.0,23,66.0,1,2,2,19.0,0,14.5,16.5,,,69.0,223.0,27.8169375,4.0,Boise State,2012.0,2012.0,TB,31.0,5.0,0.07692308
2016,15,00-0029613,D.Martin,RB,TB,DAL,0,0,0.0,0,0.0,0.0,0.0,16,42.0,0,0,0,0.0,0,4.2,4.2,,,69.0,223.0,27.8169375,4.0,Boise State,2012.0,2012.0,TB,31.0,,
2016,1,00-0029615,L.Miller,RB,HOU,CHI,0,0,0.0,0,0.0,0.0,0.0,28,106.0,0,4,4,11.0,0,11.7,15.7,,,70.0,224.0,25.555555555555557,4.0,Miami,2012.0,2012.0,MIA,97.0,9.0,0.114285715
2016,2,00-0029615,L.Miller,RB,HOU,KC,0,0,0.0,0,0.0,0.0,0.0,25,83.0,0,2,2,14.0,0,9.7,11.7,,,70.0,224.0,25.555555555555557,4.0,Miami,2012.0,2012.0,MIA,97.0,7.0,0.060606062
2016,3,00-0029615,L.Miller,RB,HOU,NE,0,0,0.0,0,0.0,0.0,0.0,21,80.0,0,5,4,27.0,0,10.7,14.7,,,70.0,224.0,25.555555555555557,4.0,Miami,2012.0,2012.0,MIA,97.0,,0.125
2016,4,00-0029615,L.Miller,RB,HOU,TEN,0,0,0.0,0,0.0,0.0,0.0,19,82.0,0,3,3,26.0,0,10.8,13.8,,,70.0,224.0,25.555555555555557,4.0,Miami,2012.0,2012.0,MIA,97.0,7.0,0.083333336
2016,5,00-0029615,L.Miller,RB,HOU,MIN,0,0,0.0,0,0.0,0.0,0.0,8,20.0,0,3,1,4.0,0,2.4,3.4,,,70.0,224.0,25.555555555555557,4.0,Miami,2012.0,2012.0,MIA,97.0,,0.071428575
2016,6,00-0029615,L.Miller,RB,HOU,IND,0,0,0.0,0,0.0,0.0,0.0,24,149.0,1,4,3,29.0,1,29.8,32.8,,,70.0,224.0,25.555555555555557,4.0,Miami,2012.0,2012.0,MIA,97.0,3.0,0.102564104
2016,7,00-0029615,L.Miller,RB,HOU,DEN,0,0,0.0,0,0.0,0.0,0.0,11,61.0,0,4,3,6.0,0,6.7,9.7,,,70.0,224.0,25.555555555555557,4.0,Miami,2012.0,2012.0,MIA,97.0,,0.09756097
2016,8,00-0029615,L.Miller,RB,HOU,DET,0,0,0.0,0,0.0,0.0,0.0,17,56.0,1,3,2,7.0,0,12.3,14.3,,,70.0,224.0,25.555555555555557,4.0,Miami,2012.0,2012.0,MIA,97.0,7.0,0.10344828
2016,10,00-0029615,L.Miller,RB,HOU,JAX,0,0,0.0,0,0.0,0.0,0.0,15,83.0,0,0,0,0.0,0,8.3,8.3,,,70.0,224.0,25.555555555555557,4.0,Miami,2012.0,2012.0,MIA,97.0,,
2016,11,00-0029615,L.Miller,RB,HOU,LV,0,0,0.0,0,0.0,0.0,0.0,24,104.0,1,3,2,9.0,0,17.3,19.3,,,70.0,224.0,25.555555555555557,4.0,Miami,2012.0,2012.0,MIA,97.0,,0.07692308
2016,12,00-0029615,L.Miller,RB,HOU,LAC,0,0,0.0,0,0.0,0.0,0.0,19,57.0,0,4,3,18.0,0,5.5,8.5,,,70.0,224.0,25.555555555555557,4.0,Miami,2012.0,2012.0,MIA,97.0,-8.0,0.114285715
2016,13,00-0029615,L.Miller,RB,HOU,GB,0,0,0.0,0,0.0,0.0,0.0,14,22.0,0,1,1,-4.0,0,1.8,2.8,,,70.0,224.0,25.555555555555557,4.0,Miami,2012.0,2012.0,MIA,97.0,,0.028571429
2016,14,00-0029615,L.Miller,RB,HOU,IND,0,0,0.0,0,0.0,0.0,0.0,21,107.0,1,1,1,15.0,0,18.2,19.2,,,70.0,224.0,25.555555555555557,4.0,Miami,2012.0,2012.0,MIA,97.0,,0.04347826
2016,15,00-0029615,L.Miller,RB,HOU,JAX,0,0,0.0,0,0.0,0.0,0.0,22,63.0,1,2,2,26.0,0,14.9,16.9,,,70.0,224.0,25.555555555555557,4.0,Miami,2012.0,2012.0,MIA,97.0,1.0,0.04255319
2016,18,00-0029615,L.Miller,RB,HOU,LV,0,0,0.0,0,0.0,0.0,0.0,31,73.0,1,1,0,0.0,0,13.3,13.3,,,70.0,224.0,25.555555555555557,4.0,Miami,2012.0,2012.0,MIA,97.0,13.0,0.04
2016,19,00-0029615,L.Miller,RB,HOU,NE,0,0,0.0,0,0.0,0.0,0.0,19,74.0,0,7,4,15.0,0,8.9,12.9,,,70.0,224.0,25.555555555555557,4.0,Miami,2012.0,2012.0,MIA,97.0,,0.175
2016,3,00-0029626,,RB,MIA,CLE,0,0,0.0,0,0.0,0.0,0.0,5,17.0,0,0,0,0.0,0,1.7,1.7,,,70.0,206.0,26.828166666666664,4.0,,2012.0,2012.0,STL,50.0,6.0,
2016,4,00-0029626,,RB,MIA,CIN,0,0,0.0,0,0.0,0.0,0.0,3,5.0,0,1,1,6.0,0,1.1,2.1,,,70.0,206.0,26.828166666666664,4.0,,2012.0,2012.0,STL,50.0,,0.04
2016,1,00-0029632,M.Sanu,WR,ATL,TB,0,0,0.0,0,0.0,0.0,0.0,0,0.0,0,8,5,80.0,1,16.0,21.0,,,74.0,210.0,27.240526315789477,4.0,Rutgers,2012.0,2012.0,CIN,83.0,-7.0,0.21052632
2016,2,00-0029632,M.Sanu,WR,ATL,LV,0,0,0.0,0,0.0,0.0,0.0,0,0.0,0,5,3,19.0,0,1.9,4.9,,,74.0,210.0,27.240526315789477,4.0,Rutgers,2012.0,2012.0,CIN,83.0,,0.14705883
2016,3,00-0029632,M.Sanu,WR,ATL,NO,0,0,0.0,0,0.0,0.0,0.0,0,0.0,0,4,3,31.0,0,3.1,6.1,,,74.0,210.0,27.240526315789477,4.0,Rutgers,2012.0,2012.0,CIN,83.0,,0.13333334
2016,4,00-0029632,M.Sanu,WR,ATL,CAR,0,0,0.0,0,0.0,0.0,0.0,0,0.0,0,3,2,22.0,0,2.2,4.2,,,74.0,210.0,27.240526315789477,4.0,Rutgers,2012.0,2012.0,CIN,83.0,15.0,0.08108108
2016,5,00-0029632,M.Sanu,WR,ATL,DEN,0,0,0.0,0,0.0,0.0,0.0,0,0.0,0,6,3,43.0,0,2.3,5.3,,,74.0,210.0,27.240526315789477,4.0,Rutgers,2012.0,2012.0,CIN,83.0,,0.21428572
2016,6,00-0029632,M.Sanu,WR,ATL,SEA,0,0,0.0,0,0.0,0.0,0.0,0,0.0,0,10,5,47.0,1,10.7,15.7,,,74.0,210.0,27.240526315789477,4.0,Rutgers,2012.0,2012.0,CIN,83.0,,0.24390244
2016,7,00-0029632,M.Sanu,WR,ATL,LAC,0,0,0.0,0,0.0,0.0,0.0,0,0.0,0,4,2,16.0,0,1.6,3.6,,,74.0,210.0,27.240526315789477,4.0,Rutgers,2012.0,2012.0,CIN,83.0,-3.0,0.11764706
2016,8,00-0029632,M.Sanu,WR,ATL,GB,0,0,0.0,0,0.0,0.0,0.0,0,0.0,0,10,9,84.0,1,14.4,23.4,,,74.0,210.0,27.240526315789477,4.0,Rutgers,2012.0,2012.0,CIN,83.0,1.0,0.2857143
2016,9,00-0029632,M.Sanu,WR,ATL,TB,0,0,0.0,0,0.0,0.0,0.0,0,0.0,0,7,5,74.0,0,7.4,12.4,,,74.0,210.0,27.240526315789477,4.0,Rutgers,2012.0,2012.0,CIN,83.0,,0.20588236
2016,10,00-0029632,M.Sanu,WR,ATL,PHI,0,0,0.0,0,0.0,0.0,0.0,0,0.0,0,2,2,14.0,0,1.4,3.4,,,74.0,210.0,27.240526315789477,4.0,Rutgers,2012.0,2012.0,CIN,83.0,,0.06451613
2016,12,00-0029632,M.Sanu,WR,ATL,ARI,0,0,0.0,0,0.0,0.0,0.0,1,5.0,0,8,8,65.0,0,7.0,15.0,,,74.0,210.0,27.240526315789477,4.0,Rutgers,2012.0,2012.0,CIN,83.0,19.0,0.24242425
2016,13,00-0029632,M.Sanu,WR,ATL,KC,0,0,0.0,0,0.0,0.0,0.0,0,0.0,0,3,2,26.0,0,2.6,4.6,,,74.0,210.0,27.240526315789477,4.0,Rutgers,2012.0,2012.0,CIN,83.0,-1.0,0.09090909
2016,15,00-0029632,M.Sanu,WR,ATL,SF,0,0,0.0,0,0.0,0.0,0.0,0,0.0,0,3,3,44.0,0,4.4,7.4,,,74.0,210.0,27.240526315789477,4.0,Rutgers,2012.0,2012.0,CIN,83.0,28.0,0.13043478
2016,16,00-0029632,M.Sanu,WR,ATL,CAR,0,0,0.0,0,0.0,0.0,0.0,0,0.0,0,4,3,56.0,0,5.6,8.6,,,74.0,210.0,27.240526315789477,4.0,Rutgers,2012.0,2012.0,CIN,83.0,,0.121212125
2016,17,00-0029632,M.Sanu,WR,ATL,NO,0,0,0.0,0,0.0,0.0,0.0,0,0.0,0,4,4,32.0,1,9.2,13.2,,,74.0,210.0,27.240526315789477,4.0,Rutgers,2012.0,2012.0,CIN,83.0,6.0,0.11111111
2016,19,00-0029632,M.Sanu,WR,ATL,SEA,0,0,0.0,0,0.0,0.0,0.0,0,0.0,0,5,4,44.0,1,10.4,14.4,,,74.0,210.0,27.240526315789477,4.0,Rutgers,2012.0,2012.0,CIN,83.0,16.0,0.13513513
2016,20,00-0029632,M.Sanu,WR,ATL,GB,0,0,0.0,0,0.0,0.0,0.0,1,7.0,0,7,5,52.0,1,11.9,16.9,,,74.0,210.0,27.240526315789477,4.0,Rutgers,2012.0,2012.0,CIN,83.0,23.0,0.18421052
2016,21,00-0029632,M.Sanu,WR,ATL,NE,0,0,0.0,0,0.0,0.0,0.0,0,0.0,0,2,2,25.0,0,2.5,4.5,,,74.0,210.0,27.240526315789477,4.0,Rutgers,2012.0,2012.0,CIN,83.0,-6.0,0.09090909
2016,1,00-0029638,M.Floyd,WR,ARI,NE,0,0,0.0,0,0.0,0.0,0.0,0,0.0,0,7,3,61.0,0,6.1,9.1,,,74.0,220.0,26.97689473684211,4.0,Notre Dame,2012.0,2012.0,ARI,13.0,-2.0,0.1891892
2016,2,00-0029638,M.Floyd,WR,ARI,TB,0,0,0.0,0,0.0,0.0,0.0,0,0.0,0,6,2,8.0,1,6.8,8.8,,,74.0,220.0,26.97689473684211,4.0,Notre Dame,2012.0,2012.0,ARI,13.0,33.0,0.1764706
2016,3,00-0029638,M.Floyd,WR,ARI,BUF,0,0,0.0,0,0.0,0.0,0.0,0,0.0,0,11,4,65.0,0,6.5,10.5,,,74.0,220.0,26.97689473684211,4.0,Notre Dame,2012.0,2012.0,ARI,13.0,,0.22
2016,4,00-0029638,M.Floyd,WR,ARI,LA,0,0,0.0,0,0.0,0.0,0.0,0,0.0,0,7,3,36.0,1,9.6,12.6,,,74.0,220.0,26.97689473684211,4.0,Notre Dame,2012.0,2012.0,ARI,13.0,-4.0,0.15555556
2016,5,00-0029638,M.Floyd,WR,ARI,SF,0,0,0.0,0,0.0,0.0,0.0,0,0.0,0,3,0,0.0,0,0.0,0.0,,,74.0,220.0,26.97689473684211,4.0,Notre Dame,2012.0,2012.0,ARI,13.0,,0.11111111
2016,6,00-0029638,M.Floyd,WR,ARI,NYJ,0,0,0.0,0,0.0,0.0,0.0,0,0.0,0,2,2,22.0,1,8.2,10.2,,,74.0,220.0,26.97689473684211,4.0,Notre Dame,2012.0,2012.0,ARI,13.0,25.0,0.057142857
2016,7,00-0029638,M.Floyd,WR,ARI,SEA,0,0,0.0,0,0.0,0.0,0.0,0,0.0,0,7,5,65.0,0,6.5,11.5,,,74.0,220.0,26.97689473684211,4.0,Notre Dame,2012.0,2012.0,ARI,13.0,0.0,0.14285715
2016,10,00-0029638,M.Floyd,WR,ARI,SF,0,0,0.0,0,0.0,0.0,0.0,0,0.0,0,6,5,101.0,0,10.1,15.1,,,74.0,220.0,26.97689473684211,4.0,Notre Dame,2012.0,2012.0,ARI,13.0,3.0,0.125
2016,11,00-0029638,M.Floyd,WR,ARI,MIN,0,0,0.0,0,0.0,0.0,0.0,0,0.0,0,5,2,21.0,0,2.1,4.1,,,74.0,220.0,26.97689473684211,4.0,Notre Dame,2012.0,2012.0,ARI,13.0,,0.13513513
2016,12,00-0029638,M.Floyd,WR,ARI,ATL,0,0,0.0,0,0.0,0.0,0.0,0,0.0,0,5,2,31.0,0,3.1,5.1,,,74.0,220.0,26.97689473684211,4.0,Notre Dame,2012.0,2012.0,ARI,13.0,,0.11363637
2016,13,00-0029638,M.Floyd,WR,ARI,WAS,0,0,0.0,0,0.0,0.0,0.0,0,0.0,0,8,3,18.0,1,7.8,10.8,,,74.0,220.0,26.97689473684211,4.0,Notre Dame,2012.0,2012.0,ARI,13.0,8.0,0.18604651
2016,14,00-0029638,M.Floyd,WR,ARI,MIA,0,0,0.0,0,0.0,0.0,0.0,0,0.0,0,3,2,18.0,0,1.8,3.8,,,74.0,220.0,26.97689473684211,4.0,Notre Dame,2012.0,2012.0,ARI,13.0,,0.09090909
2016,16,00-0029638,M.Floyd,WR,NE,NYJ,0,0,0.0,0,0.0,0.0,0.0,0,0.0,0,2,1,6.0,0,0.6,1.6,,,74.0,220.0,26.97689473684211,4.0,Notre Dame,2012.0,2012.0,ARI,13.0,38.0,0.06896552
2016,17,00-0029638,M.Floyd,WR,NE,MIA,0,0,0.0,0,0.0,0.0,0.0,0,0.0,0,4,3,36.0,1,9.6,12.6,,,74.0,220.0,26.97689473684211,4.0,Notre Dame,2012.0,2012.0,ARI,13.0,,0.11764706
2016,19,00-0029638,M.Floyd,WR,NE,HOU,0,0,0.0,0,0.0,0.0,0.0,0,0.0,0,3,1,9.0,0,0.9,1.9,,,74.0,220.0,26.97689473684211,4.0,Notre Dame,2012.0,2012.0,ARI,13.0,18.0,0.083333336
2016,1,00-0029640,B.Quick,WR,LA,SF,0,0,0.0,0,0.0,0.0,0.0,0,0.0,0,5,3,23.0,0,2.3,5.3,,,75.0,218.0,27.423,4.0,Appalachian State,2012.0,2012.0,STL,33.0,,0.14285715
2016,2,00-0029640,B.Quick,WR,LA,SEA,0,0,0.0,0,0.0,0.0,0.0,0,0.0,0,1,1,8.0,0,0.8,1.8,,,75.0,218.0,27.423,4.0,Appalachian State,2012.0,2012.0,STL,33.0,6.0,0.03448276
2016,3,00-0029640,B.Quick,WR,LA,TB,0,0,0.0,0,0.0,0.0,0.0,0,0.0,0,2,2,53.0,1,11.3,13.3,,,75.0,218.0,27.423,4.0,Appalachian State,2012.0,2012.0,STL,33.0,,0.07692308
2016,4,00-0029640,B.Quick,WR,LA,ARI,0,0,0.0,0,0.0,0.0,0.0,0,0.0,0,6,2,69.0,2,18.9,20.9,,,75.0,218.0,27.423,4.0,Appalachian State,2012.0,2012.0,STL,33.0,,0.20689656
2016,5,00-0029640,B.Quick,WR,LA,BUF,0,0,0.0,0,0.0,0.0,0.0,0,0.0,0,4,3,51.0,0,5.1,8.1,,,75.0,218.0,27.423,4.0,Appalachian State,2012.0,2012.0,STL,33.0,-11.0,0.12903225
2016,6,00-0029640,B.Quick,WR,LA,DET,0,0,0.0,0,0.0,0.0,0.0,0,0.0,0,5,5,61.0,0,6.1,11.1,,,75.0,218.0,27.423,4.0,Appalachian State,2012.0,2012.0,STL,33.0,,0.15625
2016,7,00-0029640,B.Quick,WR,LA,NYG,0,0,0.0,0,0.0,0.0,0.0,0,0.0,0,9,4,92.0,0,9.2,13.2,,,75.0,218.0,27.423,4.0,Appalachian State,2012.0,2012.0,STL,33.0,-7.0,0.17307693
2016,9,00-0029640,B.Quick,WR,LA,CAR,0,0,0.0,0,0.0,0.0,0.0,0,0.0,0,6,4,48.0,0,4.8,8.8,,,75.0,218.0,27.423,4.0,Appalachian State,2012.0,2012.0,STL,33.0,-3.0,0.13043478
2016,10,00-0029640,B.Quick,WR,LA,NYJ,0,0,0.0,0,0.0,0.0,0.0,0,0.0,0,4,2,16.0,0,1.6,3.6,,,75.0,218.0,27.423,4.0,Appalachian State,2012.0,2012.0,STL,33.0,,0.13333334
2016,11,00-0029640,B.Quick,WR,LA,MIA,0,0,0.0,0,0.0,0.0,0.0,0,0.0,0,5,3,21.0,0,2.1,5.1,,,75.0,218.0,27.423,4.0,Appalachian State,2012.0,2012.0,STL,33.0,-4.0,0.1724138
2016,12,00-0029640,B.Quick,WR,LA,NO,0,0,0.0,0,0.0,0.0,0.0,0,0.0,0,3,1,3.0,0,0.3,1.3,,,75.0,218.0,27.423,4.0,Appalachian State,2012.0,2012.0,STL,33.0,,0.09677419
2016,13,00-0029640,B.Quick,WR,LA,NE,0,0,0.0,0,0.0,0.0,0.0,0,0.0,0,8,5,48.0,0,4.8,9.8,,,75.0,218.0,27.423,4.0,Appalachian State,2012.0,2012.0,STL,33.0,,0.25
2016,14,00-0029640,B.Quick,WR,LA,ATL,0,0,0.0,0,0.0,0.0,0.0,0,0.0,0,3,1,10.0,0,1.0,2.0,,,75.0,218.0,27.423,4.0,Appalachian State,2012.0,2012.0,STL,33.0,-28.0,0.07317073
2016,15,00-0029640,B.Quick,WR,LA,SEA,0,0,0.0,0,0.0,0.0,0.0,0,0.0,0,5,3,46.0,0,4.6,7.6,,,75.0,218.0,27.423,4.0,Appalachian State,2012.0,2012.0,STL,33.0,,0.14285715
2016,16,00-0029640,B.Quick,WR,LA,SF,0,0,0.0,0,0.0,0.0,0.0,0,0.0,0,4,0,0.0,0,0.0,0.0,,,75.0,218.0,27.423,4.0,Appalachian State,2012.0,2012.0,STL,33.0,-1.0,0.16666667
2016,17,00-0029640,B.Quick,WR,LA,ARI,0,0,0.0,0,0.0,0.0,0.0,0,0.0,0,7,2,15.0,0,1.5,3.5,,,75.0,218.0,27.423,4.0,Appalachian State,2012.0,2012.0,STL,33.0,-38.0,0.25
2016,1,00-0029665,R.Griffin,QB,CLE,PHI,12,26,190.0,0,1.0,3.0,22.0,5,37.0,0,0,0,0.0,0,9.3,9.3,,,74.0,218.0,26.726875,4.0,Baylor,2012.0,2012.0,WAS,2.0,,
2016,14,00-0029665,R.Griffin,QB,CLE,CIN,12,28,104.0,0,1.0,3.0,19.0,7,31.0,1,0,0,0.0,0,11.26,11.26,,,74.0,218.0,26.726875,4.0,Baylor,2012.0,2012.0,WAS,2.0,-13.0,
2016,15,00-0029665,R.Griffin,QB,CLE,BUF,17,28,196.0,0,0.0,5.0,34.0,8,48.0,1,0,0,0.0,0,18.64,18.64,,,74.0,218.0,26.726875,4.0,Baylor,2012.0,2012.0,WAS,2.0,,
2016,16,00-0029665,R.Griffin,QB,CLE,LAC,17,25,164.0,0,0.0,7.0,37.0,6,42.0,0,0,0,0.0,0,10.76,10.76,,,74.0,218.0,26.726875,4.0,Baylor,2012.0,2012.0,WAS,2.0,3.0,
2016,17,00-0029665,R.Griffin,QB,CLE,PIT,29,40,232.0,2,1.0,4.0,26.0,5,32.0,0,0,0,0.0,0,16.48,16.48,,,74.0,218.0,26.726875,4.0,Baylor,2012.0,2012.0,WAS,2.0,,
2016,1,00-0029668,A.Luck,QB,IND,DET,31,47,385.0,4,0.0,2.0,17.0,3,21.0,0,0,0,0.0,0,35.5,35.5,,,76.0,240.0,27.149625,4.0,Stanford,2012.0,2012.0,IND,1.0,-4.0,
2016,2,00-0029668,A.Luck,QB,IND,DEN,21,40,197.0,1,1.0,5.0,27.0,3,22.0,0,0,0,0.0,0,10.08,10.08,,,76.0,240.0,27.149625,4.0,Stanford,2012.0,2012.0,IND,1.0,,
2016,3,00-0029668,A.Luck,QB,IND,LAC,24,37,331.0,1,1.0,2.0,14.0,0,0.0,0,0,0,0.0,0,13.24,13.24,,,76.0,240.0,27.149625,4.0,Stanford,2012.0,2012.0,IND,1.0,4.0,
2016,4,00-0029668,A.Luck,QB,IND,JAX,27,42,234.0,2,1.0,6.0,44.0,4,23.0,0,0,0,0.0,0,17.66,17.66,,,76.0,240.0,27.149625,4.0,Stanford,2012.0,2012.0,IND,1.0,,
2016,5,00-0029668,A.Luck,QB,IND,CHI,28,39,322.0,2,0.0,5.0,24.0,5,13.0,0,0,0,0.0,0,22.18,22.18,,,76.0,240.0,27.149625,4.0,Stanford,2012.0,2012.0,IND,1.0,6.0,
2016,6,00-0029668,A.Luck,QB,IND,HOU,21,32,252.0,1,1.0,3.0,21.0,7,53.0,1,0,0,0.0,0,23.38,23.38,,,76.0,240.0,27.149625,4.0,Stanford,2012.0,2012.0,IND,1.0,,
2016,7,00-0029668,A.Luck,QB,IND,TEN,27,39,353.0,3,0.0,2.0,12.0,5,17.0,0,0,0,0.0,0,27.82,27.82,,,76.0,240.0,27.149625,4.0,Stanford,2012.0,2012.0,IND,1.0,,
2016,8,00-0029668,A.Luck,QB,IND,KC,19,35,210.0,2,1.0,6.0,38.0,9,60.0,0,0,0,0.0,0,18.4,18.4,,,76.0,240.0,27.149625,4.0,Stanford,2012.0,2012.0,IND,1.0,-16.0,
2016,9,00-0029668,A.Luck,QB,IND,GB,23,36,281.0,1,2.0,2.0,11.0,7,15.0,0,0,0,0.0,0,12.74,12.74,,,76.0,240.0,27.149625,4.0,Stanford,2012.0,2012.0,IND,1.0,,
2016,11,00-0029668,A.Luck,QB,IND,TEN,15,28,262.0,2,1.0,2.0,11.0,8,22.0,0,0,0,0.0,0,18.68,18.68,,,76.0,240.0,27.149625,4.0,Stanford,2012.0,2012.0,IND,1.0,7.0,
2016,13,00-0029668,A.Luck,QB,IND,NYJ,22,28,278.0,4,0.0,1.0,7.0,3,26.0,0,0,0,0.0,0,29.72,29.72,,,76.0,240.0,27.149625,4.0,Stanford,2012.0,2012.0,IND,1.0,,
2016,14,00-0029668,A.Luck,QB,IND,HOU,24,45,276.0,2,2.0,1.0,11.0,2,32.0,0,0,0,0.0,0,16.24,16.24,,,76.0,240.0,27.149625,4.0,Stanford,2012.0,2012.0,IND,1.0,-5.0,
2016,15,00-0029668,A.Luck,QB,IND,MIN,21,28,250.0,2,0.0,0.0,-0.0,1,8.0,0,0,0,0.0,0,18.8,18.8,,,76.0,240.0,27.149625,4.0,Stanford,2012.0,2012.0,IND,1.0,,
2016,16,00-0029668,A.Luck,QB,IND,LV,19,29,288.0,2,2.0,0.0,-0.0,4,12.0,1,0,0,0.0,0,24.72,24.72,,,76.0,240.0,27.149625,4.0,Stanford,2012.0,2012.0,IND,1.0,,
2016,17,00-0029668,A.Luck,QB,IND,JAX,24,40,321.0,2,1.0,4.0,31.0,3,17.0,0,0,0,0.0,0,18.54,18.54,,,76.0,240.0,27.149625,4.0,Stanford,2012.0,2012.0,IND,1.0,4.0,
2016,2,00-0029681,J.Jenkins,CB,NYG,NYG,0,0,0.0,0,0.0,0.0,0.0,0,0.0,0,0,0,0.0,0,6.0,6.0,,,70.0,198.0,28.033058823529412,4.0,North Alabama,2012.0,2012.0,STL,39.0,3.0,
2016,1,00-0029682,B.Osweiler,QB,HOU,CHI,22,35,231.0,2,1.0,2.0,16.0,4,14.0,0,0,0,0.0,0,16.64,16.64,,,80.0,235.0,25.97711111111111,4.0,Arizona State,2012.0,2012.0,DEN,57.0,9.0,
2016,2,00-0029682,B.Osweiler,QB,HOU,KC,19,33,268.0,1,2.0,2.0,14.0,2,-3.0,0,0,0,0.0,0,10.42,10.42,,,80.0,235.0,25.97711111111111,4.0,Arizona State,2012.0,2012.0,DEN,57.0,7.0,
2016,3,00-0029682,B.Osweiler,QB,HOU,NE,24,41,196.0,0,1.0,2.0,21.0,1,13.0,0,0,0,0.0,0,7.14,7.14,,,80.0,235.0,25.97711111111111,4.0,Arizona State,2012.0,2012.0,DEN,57.0,,
2016,4,00-0029682,B.Osweiler,QB,HOU,TEN,25,37,254.0,2,2.0,1.0,10.0,1,14.0,0,0,0,0.0,0,15.56,15.56,,,80.0,235.0,25.97711111111111,4.0,Arizona State,2012.0,2012.0,DEN,57.0,7.0,
2016,5,00-0029682,B.Osweiler,QB,HOU,MIN,19,42,184.0,1,1.0,4.0,29.0,0,0.0,0,0,0,0.0,0,9.36,9.36,,,80.0,235.0,25.97711111111111,4.0,Arizona State,2012.0,2012.0,DEN,57.0,,
2016,6,00-0029682,B.Osweiler,QB,HOU,IND,25,39,269.0,2,1.0,1.0,13.0,2,-4.0,0,0,0,0.0,0,16.36,16.36,,,80.0,235.0,25.97711111111111,4.0,Arizona State,2012.0,2012.0,DEN,57.0,3.0,
2016,7,00-0029682,B.Osweiler,QB,HOU,DEN,22,41,131.0,0,0.0,1.0,-0.0,3,16.0,0,0,0,0.0,0,4.84,4.84,,,80.0,235.0,25.97711111111111,4.0,Arizona State,2012.0,2012.0,DEN,57.0,,
2016,8,00-0029682,B.Osweiler,QB,HOU,DET,20,29,186.0,1,1.0,3.0,22.0,3,-3.0,0,0,0,0.0,0,9.14,9.14,,,80.0,235.0,25.97711111111111,4.0,Arizona State,2012.0,2012.0,DEN,57.0,7.0,
2016,10,00-0029682,B.Osweiler,QB,HOU,JAX,14,27,99.0,2,0.0,1.0,7.0,3,23.0,0,0,0,0.0,0,14.26,14.26,,,80.0,235.0,25.97711111111111,4.0,Arizona State,2012.0,2012.0,DEN,57.0,,
2016,11,00-0029682,B.Osweiler,QB,HOU,LV,26,39,243.0,1,1.0,2.0,13.0,2,19.0,0,1,1,-6.0,0,13.02,14.02,,,80.0,235.0,25.97711111111111,4.0,Arizona State,2012.0,2012.0,DEN,57.0,,0.025641026
2016,12,00-0029682,B.Osweiler,QB,HOU,LAC,22,37,246.0,0,3.0,1.0,7.0,3,23.0,1,0,0,0.0,0,12.14,12.14,,,80.0,235.0,25.97711111111111,4.0,Arizona State,2012.0,2012.0,DEN,57.0,-8.0,
2016,13,00-0029682,B.Osweiler,QB,HOU,GB,22,35,202.0,2,0.0,2.0,18.0,3,20.0,0,0,0,0.0,0,18.08,18.08,,,80.0,235.0,25.97711111111111,4.0,Arizona State,2012.0,2012.0,DEN,57.0,,
2016,14,00-0029682,B.Osweiler,QB,HOU,IND,14,24,147.0,0,1.0,2.0,16.0,2,-2.0,0,0,0,0.0,0,3.68,3.68,,,80.0,235.0,25.97711111111111,4.0,Arizona State,2012.0,2012.0,DEN,57.0,,
2016,15,00-0029682,B.Osweiler,QB,HOU,JAX,6,11,48.0,0,2.0,0.0,-0.0,0,0.0,0,0,0,0.0,0,-2.08,-2.08,,,80.0,235.0,25.97711111111111,4.0,Arizona State,2012.0,2012.0,DEN,57.0,1.0,
2016,17,00-0029682,B.Osweiler,QB,HOU,TEN,21,40,253.0,1,0.0,3.0,20.0,1,1.0,1,0,0,0.0,0,20.22,20.22,,,80.0,235.0,25.97711111111111,4.0,Arizona State,2012.0,2012.0,DEN,57.0,,
2016,18,00-0029682,B.Osweiler,QB,HOU,LV,14,25,168.0,1,0.0,0.0,-0.0,6,15.0,1,0,0,0.0,0,18.22,18.22,,,80.0,235.0,25.97711111111111,4.0,Arizona State,2012.0,2012.0,DEN,57.0,13.0,
2016,19,00-0029682,B.Osweiler,QB,HOU,NE,23,40,197.0,1,3.0,3.0,17.0,1,18.0,0,0,0,0.0,0,7.68,7.68,,,80.0,235.0,25.97711111111111,4.0,Arizona State,2012.0,2012.0,DEN,57.0,,
2016,7,00-0029683,R.Hillman,RB,MIN,PHI,0,0,0.0,0,0.0,0.0,0.0,1,-6.0,0,1,1,2.0,0,-0.4,0.6,,,70.0,195.0,25.17192857142857,4.0,San Diego State,2012.0,2012.0,DEN,67.0,,0.025641026
2016,8,00-0029683,R.Hillman,RB,MIN,CHI,0,0,0.0,0,0.0,0.0,0.0,4,15.0,0,5,2,9.0,0,2.4,4.4,,,70.0,195.0,25.17192857142857,4.0,San Diego State,2012.0,2012.0,DEN,67.0,,0.13513513
2016,9,00-0029683,R.Hillman,RB,MIN,DET,0,0,0.0,0,0.0,0.0,0.0,7,30.0,0,1,1,32.0,0,6.2,7.2,,,70.0,195.0,25.17192857142857,4.0,San Diego State,2012.0,2012.0,DEN,67.0,-6.0,0.025
2016,10,00-0029683,R.Hillman,RB,MIN,WAS,0,0,0.0,0,0.0,0.0,0.0,4,2.0,0,0,0,0.0,0,0.2,0.2,,,70.0,195.0,25.17192857142857,4.0,San Diego State,2012.0,2012.0,DEN,67.0,,
2016,11,00-0029683,R.Hillman,RB,MIN,ARI,0,0,0.0,0,0.0,0.0,0.0,2,9.0,0,0,0,0.0,0,0.9,0.9,,,70.0,195.0,25.17192857142857,4.0,San Diego State,2012.0,2012.0,DEN,67.0,6.0,
2016,15,00-0029683,R.Hillman,RB,LAC,LV,0,0,0.0,0,0.0,0.0,0.0,7,34.0,0,0,0,0.0,0,3.4,3.4,,,70.0,195.0,25.17192857142857,4.0,San Diego State,2012.0,2012.0,DEN,67.0,,
2016,16,00-0029683,R.Hillman,RB,LAC,CLE,0,0,0.0,0,0.0,0.0,0.0,9,6.0,0,2,0,0.0,0,0.6,0.6,,,70.0,195.0,25.17192857142857,4.0,San Diego State,2012.0,2012.0,DEN,67.0,,0.045454547
2016,17,00-0029683,R.Hillman,RB,LAC,KC,0,0,0.0,0,0.0,0.0,0.0,7,41.0,0,6,3,50.0,0,9.1,12.1,,,70.0,195.0,25.17192857142857,4.0,San Diego State,2012.0,2012.0,DEN,67.0,,0.16216215
2016,6,00-0029688,D.Poe,DT,KC,LV,0,0,0.0,0,0.0,0.0,0.0,1,1.0,1,0,0,0.0,0,6.1,6.1,,,75.0,346.0,26.235705882352942,4.0,Memphis,2012.0,2012.0,KC,11.0,,
2016,16,00-0029688,D.Poe,DT,KC,DEN,1,1,2.0,1,0.0,0.0,-0.0,0,0.0,0,0,0,0.0,0,4.08,4.08,,,75.0,346.0,26.235705882352942,4.0,Memphis,2012.0,2012.0,KC,11.0,23.0,
2016,1,00-0029689,D.Allen,TE,IND,DET,0,0,0.0,0,0.0,0.0,0.0,0,0.0,0,6,4,53.0,1,13.3,17.3,,,75.0,265.0,26.697875,4.0,Clemson,2012.0,2012.0,IND,64.0,-4.0,0.13333334
2016,2,00-0029689,D.Allen,TE,IND,DEN,0,0,0.0,0,0.0,0.0,0.0,0,0.0,0,4,2,25.0,0,2.5,4.5,,,75.0,265.0,26.697875,4.0,Clemson,2012.0,2012.0,IND,64.0,,0.102564104
2016,3,00-0029689,D.Allen,TE,IND,LAC,0,0,0.0,0,0.0,0.0,0.0,0,0.0,0,5,3,35.0,0,3.5,6.5,,,75.0,265.0,26.697875,4.0,Clemson,2012.0,2012.0,IND,64.0,4.0,0.14285715
2016,4,00-0029689,D.Allen,TE,IND,JAX,0,0,0.0,0,0.0,0.0,0.0,0,0.0,0,4,2,20.0,0,2.0,4.0,,,75.0,265.0,26.697875,4.0,Clemson,2012.0,2012.0,IND,64.0,,0.1
2016,5,00-0029689,D.Allen,TE,IND,CHI,0,0,0.0,0,0.0,0.0,0.0,0,0.0,0,6,6,50.0,1,11.0,17.0,,,75.0,265.0,26.697875,4.0,Clemson,2012.0,2012.0,IND,64.0,6.0,0.16216215
2016,6,00-0029689,D.Allen,TE,IND,HOU,0,0,0.0,0,0.0,0.0,0.0,0,0.0,0,2,1,9.0,0,0.9,1.9,,,75.0,265.0,26.697875,4.0,Clemson,2012.0,2012.0,IND,64.0,,0.0625
2016,9,00-0029689,D.Allen,TE,IND,GB,0,0,0.0,0,0.0,0.0,0.0,0,0.0,0,2,1,15.0,0,1.5,2.5,,,75.0,265.0,26.697875,4.0,Clemson,2012.0,2012.0,IND,64.0,,0.055555556
2016,11,00-0029689,D.Allen,TE,IND,TEN,0,0,0.0,0,0.0,0.0,0.0,0,0.0,0,2,0,0.0,0,0.0,0.0,,,75.0,265.0,26.697875,4.0,Clemson,2012.0,2012.0,IND,64.0,7.0,0.071428575
2016,12,00-0029689,D.Allen,TE,IND,PIT,0,0,0.0,0,0.0,0.0,0.0,0,0.0,0,6,5,49.0,0,4.9,9.9,,,75.0,265.0,26.697875,4.0,Clemson,2012.0,2012.0,IND,64.0,-21.0,0.16216215
2016,13,00-0029689,D.Allen,TE,IND,NYJ,0,0,0.0,0,0.0,0.0,0.0,0,0.0,0,4,4,72.0,3,25.2,29.2,,,75.0,265.0,26.697875,4.0,Clemson,2012.0,2012.0,IND,64.0,,0.13793103
2016,14,00-0029689,D.Allen,TE,IND,HOU,0,0,0.0,0,0.0,0.0,0.0,0,0.0,0,2,0,0.0,0,0.0,0.0,,,75.0,265.0,26.697875,4.0,Clemson,2012.0,2012.0,IND,64.0,-5.0,0.045454547
2016,15,00-0029689,D.Allen,TE,IND,MIN,0,0,0.0,0,0.0,0.0,0.0,0,0.0,0,2,1,13.0,0,1.3,2.3,,,75.0,265.0,26.697875,4.0,Clemson,2012.0,2012.0,IND,64.0,,0.071428575
2016,16,00-0029689,D.Allen,TE,IND,LV,0,0,0.0,0,0.0,0.0,0.0,0,0.0,0,4,3,31.0,0,3.1,6.1,,,75.0,265.0,26.697875,4.0,Clemson,2012.0,2012.0,IND,64.0,,0.13793103
2016,17,00-0029689,D.Allen,TE,IND,JAX,0,0,0.0,0,0.0,0.0,0.0,0,0.0,0,3,3,34.0,1,9.4,12.4,,,75.0,265.0,26.697875,4.0,Clemson,2012.0,2012.0,IND,64.0,4.0,0.078947365
2016,1,00-0029697,C.Fleener,TE,NO,LV,0,0,0.0,0,0.0,0.0,0.0,0,0.0,0,4,1,6.0,0,0.6,1.6,,,78.0,251.0,28.133,4.0,Stanford,2012.0,2012.0,IND,34.0,-1.0,0.102564104
2016,2,00-0029697,C.Fleener,TE,NO,NYG,0,0,0.0,0,0.0,0.0,0.0,0,0.0,0,8,2,29.0,0,2.9,4.9,,,78.0,251.0,28.133,4.0,Stanford,2012.0,2012.0,IND,34.0,,0.18181819
2016,3,00-0029697,C.Fleener,TE,NO,ATL,0,0,0.0,0,0.0,0.0,0.0,0,0.0,0,11,7,109.0,1,16.9,23.9,,,78.0,251.0,28.133,4.0,Stanford,2012.0,2012.0,IND,34.0,-13.0,0.2037037
2016,4,00-0029697,C.Fleener,TE,NO,LAC,0,0,0.0,0,0.0,0.0,0.0,0,0.0,0,5,3,19.0,0,1.9,4.9,,,78.0,251.0,28.133,4.0,Stanford,2012.0,2012.0,IND,34.0,,0.1388889
2016,6,00-0029697,C.Fleener,TE,NO,CAR,0,0,0.0,0,0.0,0.0,0.0,1,2.0,1,7,6,74.0,1,19.6,25.6,,,78.0,251.0,28.133,4.0,Stanford,2012.0,2012.0,IND,34.0,3.0,0.14583333
2016,7,00-0029697,C.Fleener,TE,NO,KC,0,0,0.0,0,0.0,0.0,0.0,0,0.0,0,2,2,44.0,0,4.4,6.4,,,78.0,251.0,28.133,4.0,Stanford,2012.0,2012.0,IND,34.0,,0.04255319
2016,8,00-0029697,C.Fleener,TE,NO,SEA,0,0,0.0,0,0.0,0.0,0.0,0,0.0,0,4,4,36.0,0,3.6,7.6,,,78.0,251.0,28.133,4.0,Stanford,2012.0,2012.0,IND,34.0,5.0,0.114285715
2016,9,00-0029697,C.Fleener,TE,NO,SF,0,0,0.0,0,0.0,0.0,0.0,0,0.0,0,6,3,42.0,0,4.2,7.2,,,78.0,251.0,28.133,4.0,Stanford,2012.0,2012.0,IND,34.0,,0.15384616
2016,10,00-0029697,C.Fleener,TE,NO,DEN,0,0,0.0,0,0.0,0.0,0.0,0,0.0,0,2,2,26.0,0,2.6,4.6,,,78.0,251.0,28.133,4.0,Stanford,2012.0,2012.0,IND,34.0,-2.0,0.06896552
2016,11,00-0029697,C.Fleener,TE,NO,CAR,0,0,0.0,0,0.0,0.0,0.0,0,0.0,0,5,3,17.0,1,7.7,10.7,,,78.0,251.0,28.133,4.0,Stanford,2012.0,2012.0,IND,34.0,,0.11363637
2016,12,00-0029697,C.Fleener,TE,NO,LA,0,0,0.0,0,0.0,0.0,0.0,0,0.0,0,4,4,59.0,0,5.9,9.9,,,78.0,251.0,28.133,4.0,Stanford,2012.0,2012.0,IND,34.0,28.0,0.114285715
2016,13,00-0029697,C.Fleener,TE,NO,DET,0,0,0.0,0,0.0,0.0,0.0,0,0.0,0,7,5,86.0,0,8.6,13.6,,,78.0,251.0,28.133,4.0,Stanford,2012.0,2012.0,IND,34.0,-15.0,0.16666667
2016,14,00-0029697,C.Fleener,TE,NO,TB,0,0,0.0,0,0.0,0.0,0.0,0,0.0,0,3,1,6.0,0,0.6,1.6,,,78.0,251.0,28.133,4.0,Stanford,2012.0,2012.0,IND,34.0,,0.07317073
2016,15,00-0029697,C.Fleener,TE,NO,ARI,0,0,0.0,0,0.0,0.0,0.0,0,0.0,0,3,2,10.0,0,1.0,3.0,,,78.0,251.0,28.133,4.0,Stanford,2012.0,2012.0,IND,34.0,,0.0625
2016,16,00-0029697,C.Fleener,TE,NO,TB,0,0,0.0,0,0.0,0.0,0.0,0,0.0,0,3,2,30.0,0,3.0,5.0,,,78.0,251.0,28.133,4.0,Stanford,2012.0,2012.0,IND,34.0,7.0,0.0882353
2016,17,00-0029697,C.Fleener,TE,NO,ATL,0,0,0.0,0,0.0,0.0,0.0,0,0.0,0,7,3,38.0,0,3.8,6.8,,,78.0,251.0,28.133,4.0,Stanford,2012.0,2012.0,IND,34.0,,0.14285715
2016,1,00-0029701,R.Tannehill,QB,MIA,SEA,16,29,186.0,0,0.0,5.0,36.0,5,17.0,1,0,0,0.0,0,15.14,15.14,,,76.0,216.0,28.289823529411766,4.0,Texas A&amp;M,2012.0,2012.0,MIA,8.0,,
2016,2,00-0029701,R.Tannehill,QB,MIA,NE,32,45,387.0,2,2.0,0.0,-0.0,6,35.0,0,0,0,0.0,0,22.98,22.98,,,76.0,216.0,28.289823529411766,4.0,Texas A&amp;M,2012.0,2012.0,MIA,8.0,,
2016,3,00-0029701,R.Tannehill,QB,MIA,CLE,25,39,319.0,3,2.0,1.0,8.0,1,2.0,0,0,0,0.0,0,18.96,18.96,,,76.0,216.0,28.289823529411766,4.0,Texas A&amp;M,2012.0,2012.0,MIA,8.0,6.0,
2016,4,00-0029701,R.Tannehill,QB,MIA,CIN,15,25,189.0,1,1.0,5.0,29.0,0,0.0,0,0,0,0.0,0,7.56,7.56,,,76.0,216.0,28.289823529411766,4.0,Texas A&amp;M,2012.0,2012.0,MIA,8.0,,
2016,5,00-0029701,R.Tannehill,QB,MIA,TEN,12,18,191.0,0,2.0,6.0,42.0,0,0.0,0,0,0,0.0,0,3.64,3.64,,,76.0,216.0,28.289823529411766,4.0,Texas A&amp;M,2012.0,2012.0,MIA,8.0,-13.0,
2016,6,00-0029701,R.Tannehill,QB,MIA,PIT,24,32,252.0,0,0.0,0.0,-0.0,2,3.0,0,0,0,0.0,0,10.38,10.38,,,76.0,216.0,28.289823529411766,4.0,Texas A&amp;M,2012.0,2012.0,MIA,8.0,15.0,
2016,7,00-0029701,R.Tannehill,QB,MIA,BUF,15,25,204.0,1,0.0,1.0,6.0,6,21.0,0,0,0,0.0,0,16.26,16.26,,,76.0,216.0,28.289823529411766,4.0,Texas A&amp;M,2012.0,2012.0,MIA,8.0,3.0,
2016,9,00-0029701,R.Tannehill,QB,MIA,NYJ,17,28,149.0,1,0.0,1.0,12.0,2,-3.0,0,0,0,0.0,0,9.66,9.66,,,76.0,216.0,28.289823529411766,4.0,Texas A&amp;M,2012.0,2012.0,MIA,8.0,4.0,
2016,10,00-0029701,R.Tannehill,QB,MIA,LAC,17,24,240.0,2,0.0,1.0,9.0,3,16.0,0,0,0,0.0,0,19.2,19.2,,,76.0,216.0,28.289823529411766,4.0,Texas A&amp;M,2012.0,2012.0,MIA,8.0,,
2016,11,00-0029701,R.Tannehill,QB,MIA,LA,24,34,172.0,2,1.0,4.0,30.0,2,19.0,0,0,0,0.0,0,14.78,14.78,,,76.0,216.0,28.289823529411766,4.0,Texas A&amp;M,2012.0,2012.0,MIA,8.0,,
2016,12,00-0029701,R.Tannehill,QB,MIA,SF,20,30,285.0,3,0.0,2.0,22.0,6,34.0,0,0,0,0.0,0,26.8,26.8,,,76.0,216.0,28.289823529411766,4.0,Texas A&amp;M,2012.0,2012.0,MIA,8.0,7.0,
2016,13,00-0029701,R.Tannehill,QB,MIA,BAL,29,40,226.0,1,3.0,2.0,11.0,1,0.0,0,0,0,0.0,0,7.04,7.04,,,76.0,216.0,28.289823529411766,4.0,Texas A&amp;M,2012.0,2012.0,MIA,8.0,,
2016,14,00-0029701,R.Tannehill,QB,MIA,ARI,15,20,195.0,3,1.0,1.0,11.0,5,20.0,0,0,0,0.0,0,17.8,17.8,,,76.0,216.0,28.289823529411766,4.0,Texas A&amp;M,2012.0,2012.0,MIA,8.0,3.0,
2016,4,00-0029708,K.Wright,WR,TEN,HOU,0,0,0.0,0,0.0,0.0,0.0,0,0.0,0,3,2,14.0,0,1.4,3.4,,,70.0,191.0,26.9788125,4.0,Baylor,2012.0,2012.0,TEN,20.0,,0.10714286
2016,5,00-0029708,K.Wright,WR,TEN,MIA,0,0,0.0,0,0.0,0.0,0.0,0,0.0,0,1,1,9.0,0,0.9,1.9,,,70.0,191.0,26.9788125,4.0,Baylor,2012.0,2012.0,TEN,20.0,,0.035714287
2016,6,00-0029708,K.Wright,WR,TEN,CLE,0,0,0.0,0,0.0,0.0,0.0,0,0.0,0,9,8,133.0,1,19.3,27.3,,,70.0,191.0,26.9788125,4.0,Baylor,2012.0,2012.0,TEN,20.0,2.0,0.375
2016,7,00-0029708,K.Wright,WR,TEN,IND,0,0,0.0,0,0.0,0.0,0.0,0,0.0,0,4,2,12.0,0,1.2,3.2,,,70.0,191.0,26.9788125,4.0,Baylor,2012.0,2012.0,TEN,20.0,-8.0,0.11111111
2016,8,00-0029708,K.Wright,WR,TEN,JAX,0,0,0.0,0,0.0,0.0,0.0,1,15.0,0,5,4,84.0,1,15.9,19.9,,,70.0,191.0,26.9788125,4.0,Baylor,2012.0,2012.0,TEN,20.0,14.0,0.2173913
2016,9,00-0029708,K.Wright,WR,TEN,LAC,0,0,0.0,0,0.0,0.0,0.0,0,0.0,0,5,2,64.0,0,6.4,8.4,,,70.0,191.0,26.9788125,4.0,Baylor,2012.0,2012.0,TEN,20.0,,0.11904762
2016,10,00-0029708,K.Wright,WR,TEN,GB,0,0,0.0,0,0.0,0.0,0.0,0,0.0,0,3,2,8.0,1,6.8,8.8,,,70.0,191.0,26.9788125,4.0,Baylor,2012.0,2012.0,TEN,20.0,22.0,0.11111111
2016,11,00-0029708,K.Wright,WR,TEN,IND,0,0,0.0,0,0.0,0.0,0.0,0,0.0,0,6,4,52.0,0,5.2,9.2,,,70.0,191.0,26.9788125,4.0,Baylor,2012.0,2012.0,TEN,20.0,,0.16666667
2016,12,00-0029708,K.Wright,WR,TEN,CHI,0,0,0.0,0,0.0,0.0,0.0,0,0.0,0,1,0,0.0,0,0.0,0.0,,,70.0,191.0,26.9788125,4.0,Baylor,2012.0,2012.0,TEN,20.0,,0.04347826
2016,15,00-0029708,K.Wright,WR,TEN,KC,0,0,0.0,0,0.0,0.0,0.0,0,0.0,0,2,2,19.0,0,1.9,3.9,,,70.0,191.0,26.9788125,4.0,Baylor,2012.0,2012.0,TEN,20.0,,0.06896552
2016,16,00-0029708,K.Wright,WR,TEN,JAX,0,0,0.0,0,0.0,0.0,0.0,0,0.0,0,4,2,21.0,0,2.1,4.1,,,70.0,191.0,26.9788125,4.0,Baylor,2012.0,2012.0,TEN,20.0,,0.0952381
2016,1,00-0029731,F.Whittaker,RB,CAR,DEN,0,0,0.0,0,0.0,0.0,0.0,3,13.0,0,1,1,4.0,0,1.7,2.7,,,70.0,205.0,27.760625,4.0,Texas,2012.0,2013.0,,,,0.032258064
2016,2,00-0029731,F.Whittaker,RB,CAR,SF,0,0,0.0,0,0.0,0.0,0.0,16,100.0,0,4,3,31.0,0,11.1,14.1,,,70.0,205.0,27.760625,4.0,Texas,2012.0,2013.0,,,19.0,0.102564104
2016,3,00-0029731,F.Whittaker,RB,CAR,MIN,0,0,0.0,0,0.0,0.0,0.0,5,22.0,0,6,5,34.0,0,5.6,10.6,,,70.0,205.0,27.760625,4.0,Texas,2012.0,2013.0,,,-12.0,0.16666667
2016,4,00-0029731,F.Whittaker,RB,CAR,ATL,0,0,0.0,0,0.0,0.0,0.0,3,6.0,0,9,9,86.0,0,9.2,18.2,,,70.0,205.0,27.760625,4.0,Texas,2012.0,2013.0,,,,0.1875
2016,5,00-0029731,F.Whittaker,RB,CAR,TB,0,0,0.0,0,0.0,0.0,0.0,5,45.0,0,1,1,9.0,0,5.4,6.4,,,70.0,205.0,27.760625,4.0,Texas,2012.0,2013.0,,,-3.0,0.035714287
2016,6,00-0029731,F.Whittaker,RB,CAR,NO,0,0,0.0,0,0.0,0.0,0.0,1,-1.0,0,2,1,4.0,0,0.3,1.3,,,70.0,205.0,27.760625,4.0,Texas,2012.0,2013.0,,,,0.04347826
2016,8,00-0029731,F.Whittaker,RB,CAR,ARI,0,0,0.0,0,0.0,0.0,0.0,2,1.0,0,2,1,9.0,0,1.0,2.0,,,70.0,205.0,27.760625,4.0,Texas,2012.0,2013.0,,,10.0,0.074074075
2016,9,00-0029731,F.Whittaker,RB,CAR,LA,0,0,0.0,0,0.0,0.0,0.0,1,0.0,0,1,1,1.0,0,0.1,1.1,,,70.0,205.0,27.760625,4.0,Texas,2012.0,2013.0,,,,0.03125
2016,10,00-0029731,F.Whittaker,RB,CAR,KC,0,0,0.0,0,0.0,0.0,0.0,2,5.0,0,2,1,9.0,0,1.4,2.4,,,70.0,205.0,27.760625,4.0,Texas,2012.0,2013.0,,,-3.0,0.05263158
2016,11,00-0029731,F.Whittaker,RB,CAR,NO,0,0,0.0,0,0.0,0.0,0.0,1,0.0,0,0,0,0.0,0,0.0,0.0,,,70.0,205.0,27.760625,4.0,Texas,2012.0,2013.0,,,3.0,
2016,12,00-0029731,F.Whittaker,RB,CAR,LV,0,0,0.0,0,0.0,0.0,0.0,4,14.0,0,2,0,0.0,0,1.4,1.4,,,70.0,205.0,27.760625,4.0,Texas,2012.0,2013.0,,,,0.071428575
2016,13,00-0029731,F.Whittaker,RB,CAR,SEA,0,0,0.0,0,0.0,0.0,0.0,1,3.0,0,0,0,0.0,0,0.3,0.3,,,70.0,205.0,27.760625,4.0,Texas,2012.0,2013.0,,,,
2016,14,00-0029731,F.Whittaker,RB,CAR,LAC,0,0,0.0,0,0.0,0.0,0.0,3,15.0,0,1,0,0.0,0,1.5,1.5,,,70.0,205.0,27.760625,4.0,Texas,2012.0,2013.0,,,12.0,0.037037037
2016,15,00-0029731,F.Whittaker,RB,CAR,WAS,0,0,0.0,0,0.0,0.0,0.0,3,3.0,0,1,1,25.0,0,2.8,3.8,,,70.0,205.0,27.760625,4.0,Texas,2012.0,2013.0,,,,0.028571429
2016,16,00-0029731,F.Whittaker,RB,CAR,ATL,0,0,0.0,0,0.0,0.0,0.0,3,30.0,0,1,1,14.0,0,4.4,5.4,,,70.0,205.0,27.760625,4.0,Texas,2012.0,2013.0,,,-17.0,0.023255814
2016,17,00-0029731,F.Whittaker,RB,CAR,TB,0,0,0.0,0,0.0,0.0,0.0,4,9.0,0,0,0,0.0,0,0.9,0.9,,,70.0,205.0,27.760625,4.0,Texas,2012.0,2013.0,,,,
2016,2,00-0029738,D.Fells,TE,ARI,TB,0,0,0.0,0,0.0,0.0,0.0,0,0.0,0,5,4,31.0,0,3.1,7.1,,,79.0,281.0,30.5429375,3.0,California-Irvine,2013.0,2013.0,,,33.0,0.14705883
2016,3,00-0029738,D.Fells,TE,ARI,BUF,0,0,0.0,0,0.0,0.0,0.0,0,0.0,0,2,2,15.0,0,1.5,3.5,,,79.0,281.0,30.5429375,3.0,California-Irvine,2013.0,2013.0,,,,0.04
2016,4,00-0029738,D.Fells,TE,ARI,LA,0,0,0.0,0,0.0,0.0,0.0,0,0.0,0,2,2,7.0,0,0.7,2.7,,,79.0,281.0,30.5429375,3.0,California-Irvine,2013.0,2013.0,,,-4.0,0.044444446
2016,6,00-0029738,D.Fells,TE,ARI,NYJ,0,0,0.0,0,0.0,0.0,0.0,0,0.0,0,1,1,8.0,0,0.8,1.8,,,79.0,281.0,30.5429375,3.0,California-Irvine,2013.0,2013.0,,,25.0,0.028571429
2016,11,00-0029738,D.Fells,TE,ARI,MIN,0,0,0.0,0,0.0,0.0,0.0,0,0.0,0,1,1,22.0,0,2.2,3.2,,,79.0,281.0,30.5429375,3.0,California-Irvine,2013.0,2013.0,,,,0.027027028
2016,13,00-0029738,D.Fells,TE,ARI,WAS,0,0,0.0,0,0.0,0.0,0.0,0,0.0,0,1,1,9.0,0,0.9,1.9,,,79.0,281.0,30.5429375,3.0,California-Irvine,2013.0,2013.0,,,8.0,0.023255814
2016,14,00-0029738,D.Fells,TE,ARI,MIA,0,0,0.0,0,0.0,0.0,0.0,0,0.0,0,3,1,12.0,0,1.2,2.2,,,79.0,281.0,30.5429375,3.0,California-Irvine,2013.0,2013.0,,,,0.09090909
2016,15,00-0029738,D.Fells,TE,ARI,NO,0,0,0.0,0,0.0,0.0,0.0,0,0.0,0,1,1,13.0,0,1.3,2.3,,,79.0,281.0,30.5429375,3.0,California-Irvine,2013.0,2013.0,,,-7.0,0.025
2016,17,00-0029738,D.Fells,TE,ARI,LA,0,0,0.0,0,0.0,0.0,0.0,0,0.0,0,2,1,37.0,1,9.7,10.7,,,79.0,281.0,30.5429375,3.0,California-Irvine,2013.0,2013.0,,,,0.04761905
2016,6,00-0029740,I.Momah,TE,ARI,NYJ,0,0,0.0,0,0.0,0.0,0.0,0,0.0,0,1,0,0.0,0,0.0,0.0,,,79.0,248.0,27.056214285714287,3.0,Boston College,2013.0,2013.0,,,25.0,0.028571429
2016,7,00-0029740,I.Momah,TE,ARI,SEA,0,0,0.0,0,0.0,0.0,0.0,0,0.0,0,2,2,50.0,0,5.0,7.0,,,79.0,248.0,27.056214285714287,3.0,Boston College,2013.0,2013.0,,,0.0,0.040816326
2016,8,00-0029740,I.Momah,TE,ARI,CAR,0,0,0.0,0,0.0,0.0,0.0,0,0.0,0,1,0,0.0,0,0.0,0.0,,,79.0,248.0,27.056214285714287,3.0,Boston College,2013.0,2013.0,,,,0.022222223
2016,9,00-0029793,B.Williams,TE,SEA,BUF,0,0,0.0,0,0.0,0.0,0.0,0,0.0,0,2,1,16.0,0,1.6,2.6,,,75.0,255.0,29.09416666666667,3.0,Oregon,2013.0,2013.0,,,6.0,0.083333336
2016,17,00-0029793,B.Williams,TE,SEA,SF,0,0,0.0,0,0.0,0.0,0.0,0,0.0,0,1,1,20.0,0,2.0,3.0,,,75.0,255.0,29.09416666666667,3.0,Oregon,2013.0,2013.0,,,,0.027027028
2016,1,00-0029795,B.Cunningham,RB,LA,SF,0,0,0.0,0,0.0,0.0,0.0,1,1.0,0,1,1,7.0,0,0.8,1.8,,,70.0,217.0,26.336125,3.0,Middle Tennessee State,2013.0,2013.0,,,,0.028571429
2016,2,00-0029795,B.Cunningham,RB,LA,SEA,0,0,0.0,0,0.0,0.0,0.0,1,2.0,0,2,1,7.0,0,0.9,1.9,,,70.0,217.0,26.336125,3.0,Middle Tennessee State,2013.0,2013.0,,,6.0,0.06896552
2016,3,00-0029795,B.Cunningham,RB,LA,TB,0,0,0.0,0,0.0,0.0,0.0,2,29.0,0,1,1,10.0,0,3.9,4.9,,,70.0,217.0,26.336125,3.0,Middle Tennessee State,2013.0,2013.0,,,,0.03846154
2016,6,00-0029795,B.Cunningham,RB,LA,DET,0,0,0.0,0,0.0,0.0,0.0,2,9.0,0,2,2,14.0,0,2.3,4.3,,,70.0,217.0,26.336125,3.0,Middle Tennessee State,2013.0,2013.0,,,,0.0625
2016,7,00-0029795,B.Cunningham,RB,LA,NYG,0,0,0.0,0,0.0,0.0,0.0,3,4.0,0,1,1,5.0,0,0.9,1.9,,,70.0,217.0,26.336125,3.0,Middle Tennessee State,2013.0,2013.0,,,-7.0,0.01923077
2016,9,00-0029795,B.Cunningham,RB,LA,CAR,0,0,0.0,0,0.0,0.0,0.0,3,10.0,0,6,5,32.0,0,4.2,9.2,,,70.0,217.0,26.336125,3.0,Middle Tennessee State,2013.0,2013.0,,,-3.0,0.13043478
2016,10,00-0029795,B.Cunningham,RB,LA,NYJ,0,0,0.0,0,0.0,0.0,0.0,6,40.0,0,5,3,7.0,0,4.7,7.7,,,70.0,217.0,26.336125,3.0,Middle Tennessee State,2013.0,2013.0,,,,0.16666667
2016,11,00-0029795,B.Cunningham,RB,LA,MIA,0,0,0.0,0,0.0,0.0,0.0,2,7.0,0,2,1,-3.0,0,0.4,1.4,,,70.0,217.0,26.336125,3.0,Middle Tennessee State,2013.0,2013.0,,,-4.0,0.06896552
2016,12,00-0029795,B.Cunningham,RB,LA,NO,0,0,0.0,0,0.0,0.0,0.0,0,0.0,0,1,1,12.0,0,1.2,2.2,,,70.0,217.0,26.336125,3.0,Middle Tennessee State,2013.0,2013.0,,,,0.032258064
2016,13,00-0029795,B.Cunningham,RB,LA,NE,0,0,0.0,0,0.0,0.0,0.0,1,-1.0,0,0,0,0.0,0,-0.1,-0.1,,,70.0,217.0,26.336125,3.0,Middle Tennessee State,2013.0,2013.0,,,,
2016,16,00-0029822,B.McManus,K,DEN,KC,0,0,0.0,0,0.0,0.0,0.0,1,6.0,0,0,0,0.0,0,0.6,0.6,,,75.0,201.0,25.2835625,3.0,Temple,2013.0,2013.0,,,,
2016,14,00-0029848,N.Williams,WR,ATL,LA,0,0,0.0,0,0.0,0.0,0.0,0,0.0,0,5,4,49.0,0,4.9,8.9,,,70.0,184.0,26.078875,3.0,Connecticut,2013.0,2013.0,,,,0.16666667
2016,17,00-0029848,N.Williams,WR,ATL,NO,0,0,0.0,0,0.0,0.0,0.0,0,0.0,0,2,1,10.0,0,1.0,2.0,,,70.0,184.0,26.078875,3.0,Connecticut,2013.0,2013.0,,,6.0,0.055555556
2016,1,00-0029854,C.Anderson,RB,DEN,CAR,0,0,0.0,0,0.0,0.0,0.0,20,92.0,1,5,4,47.0,1,25.9,29.9,,,68.0,224.0,25.735375,3.0,California,2013.0,2013.0,,,1.0,0.1923077
2016,2,00-0029854,C.Anderson,RB,DEN,IND,0,0,0.0,0,0.0,0.0,0.0,20,74.0,1,5,3,19.0,0,15.3,18.3,,,68.0,224.0,25.735375,3.0,California,2013.0,2013.0,,,14.0,0.15151516
2016,3,00-0029854,C.Anderson,RB,DEN,CIN,0,0,0.0,0,0.0,0.0,0.0,14,37.0,0,4,1,4.0,0,4.1,5.1,,,68.0,224.0,25.735375,3.0,California,2013.0,2013.0,,,,0.114285715
2016,4,00-0029854,C.Anderson,RB,DEN,TB,0,0,0.0,0,0.0,0.0,0.0,19,49.0,1,1,1,3.0,0,11.2,12.2,,,68.0,224.0,25.735375,3.0,California,2013.0,2013.0,,,,0.032258064
2016,5,00-0029854,C.Anderson,RB,DEN,ATL,0,0,0.0,0,0.0,0.0,0.0,11,41.0,0,4,3,21.0,0,6.2,9.2,,,68.0,224.0,25.735375,3.0,California,2013.0,2013.0,,,-7.0,0.11764706
2016,6,00-0029854,C.Anderson,RB,DEN,LAC,0,0,0.0,0,0.0,0.0,0.0,10,37.0,0,5,4,34.0,0,7.1,11.1,,,68.0,224.0,25.735375,3.0,California,2013.0,2013.0,,,,0.10638298
2016,7,00-0029854,C.Anderson,RB,DEN,HOU,0,0,0.0,0,0.0,0.0,0.0,16,107.0,1,0,0,0.0,0,16.7,16.7,,,68.0,224.0,25.735375,3.0,California,2013.0,2013.0,,,18.0,
2016,4,00-0029878,M.Gray,TE,MIA,CIN,0,0,0.0,0,0.0,0.0,0.0,0,0.0,0,1,0,0.0,0,0.0,0.0,,,76.0,255.0,27.00835294117647,3.0,Minnesota,2013.0,2013.0,,,,0.04
2016,6,00-0029878,M.Gray,TE,MIA,PIT,0,0,0.0,0,0.0,0.0,0.0,0,0.0,0,3,3,81.0,0,8.1,11.1,,,76.0,255.0,27.00835294117647,3.0,Minnesota,2013.0,2013.0,,,15.0,0.09375
2016,9,00-0029878,M.Gray,TE,MIA,NYJ,0,0,0.0,0,0.0,0.0,0.0,0,0.0,0,4,2,10.0,0,1.0,3.0,,,76.0,255.0,27.00835294117647,3.0,Minnesota,2013.0,2013.0,,,4.0,0.13793103
2016,10,00-0029878,M.Gray,TE,MIA,LAC,0,0,0.0,0,0.0,0.0,0.0,0,0.0,0,2,2,18.0,0,1.8,3.8,,,76.0,255.0,27.00835294117647,3.0,Minnesota,2013.0,2013.0,,,,0.08695652
2016,11,00-0029878,M.Gray,TE,MIA,LA,0,0,0.0,0,0.0,0.0,0.0,0,0.0,0,1,1,5.0,0,0.5,1.5,,,76.0,255.0,27.00835294117647,3.0,Minnesota,2013.0,2013.0,,,,0.029411765
2016,12,00-0029878,M.Gray,TE,MIA,SF,0,0,0.0,0,0.0,0.0,0.0,0,0.0,0,2,2,12.0,0,1.2,3.2,,,76.0,255.0,27.00835294117647,3.0,Minnesota,2013.0,2013.0,,,7.0,0.06666667
2016,15,00-0029878,M.Gray,TE,MIA,NYJ,0,0,0.0,0,0.0,0.0,0.0,0,0.0,0,3,3,28.0,0,2.8,5.8,,,76.0,255.0,27.00835294117647,3.0,Minnesota,2013.0,2013.0,,,,0.1764706
2016,16,00-0029878,M.Gray,TE,MIA,BUF,0,0,0.0,0,0.0,0.0,0.0,0,0.0,0,1,1,20.0,0,2.0,3.0,,,76.0,255.0,27.00835294117647,3.0,Minnesota,2013.0,2013.0,,,,0.03448276
2016,1,00-0029892,K.Juszczyk,FB,BAL,BUF,0,0,0.0,0,0.0,0.0,0.0,1,2.0,0,3,2,21.0,0,2.3,4.3,,,73.0,240.0,25.54225,3.0,Harvard,2013.0,2013.0,BAL,130.0,6.0,0.09375
2016,2,00-0029892,K.Juszczyk,FB,BAL,CLE,0,0,0.0,0,0.0,0.0,0.0,0,0.0,0,2,1,8.0,0,0.8,1.8,,,73.0,240.0,25.54225,3.0,Harvard,2013.0,2013.0,BAL,130.0,,0.044444446
2016,3,00-0029892,K.Juszczyk,FB,BAL,JAX,0,0,0.0,0,0.0,0.0,0.0,0,0.0,0,1,1,2.0,0,0.2,1.2,,,73.0,240.0,25.54225,3.0,Harvard,2013.0,2013.0,BAL,130.0,,0.025
2016,4,00-0029892,K.Juszczyk,FB,BAL,LV,0,0,0.0,0,0.0,0.0,0.0,0,0.0,0,7,6,56.0,0,5.6,11.6,,,73.0,240.0,25.54225,3.0,Harvard,2013.0,2013.0,BAL,130.0,-1.0,0.14
2016,5,00-0029892,K.Juszczyk,FB,BAL,WAS,0,0,0.0,0,0.0,0.0,0.0,0,0.0,0,5,3,20.0,0,2.0,5.0,,,73.0,240.0,25.54225,3.0,Harvard,2013.0,2013.0,BAL,130.0,-6.0,0.10638298
2016,6,00-0029892,K.Juszczyk,FB,BAL,NYG,0,0,0.0,0,0.0,0.0,0.0,0,0.0,0,6,4,25.0,0,2.5,6.5,,,73.0,240.0,25.54225,3.0,Harvard,2013.0,2013.0,BAL,130.0,,0.125
2016,7,00-0029892,K.Juszczyk,FB,BAL,NYJ,0,0,0.0,0,0.0,0.0,0.0,0,0.0,0,1,1,2.0,0,0.2,1.2,,,73.0,240.0,25.54225,3.0,Harvard,2013.0,2013.0,BAL,130.0,,0.023255814
2016,9,00-0029892,K.Juszczyk,FB,BAL,PIT,0,0,0.0,0,0.0,0.0,0.0,1,2.0,0,0,0,0.0,0,0.2,0.2,,,73.0,240.0,25.54225,3.0,Harvard,2013.0,2013.0,BAL,130.0,7.0,
2016,10,00-0029892,K.Juszczyk,FB,BAL,CLE,0,0,0.0,0,0.0,0.0,0.0,1,3.0,0,3,2,4.0,0,2.7,4.7,,,73.0,240.0,25.54225,3.0,Harvard,2013.0,2013.0,BAL,130.0,21.0,0.075
2016,11,00-0029892,K.Juszczyk,FB,BAL,DAL,0,0,0.0,0,0.0,0.0,0.0,0,0.0,0,3,3,32.0,0,3.2,6.2,,,73.0,240.0,25.54225,3.0,Harvard,2013.0,2013.0,BAL,130.0,,0.08571429
2016,12,00-0029892,K.Juszczyk,FB,BAL,CIN,0,0,0.0,0,0.0,0.0,0.0,0,0.0,0,5,3,18.0,0,1.8,4.8,,,73.0,240.0,25.54225,3.0,Harvard,2013.0,2013.0,BAL,130.0,5.0,0.15151516
2016,13,00-0029892,K.Juszczyk,FB,BAL,MIA,0,0,0.0,0,0.0,0.0,0.0,0,0.0,0,1,1,6.0,0,0.6,1.6,,,73.0,240.0,25.54225,3.0,Harvard,2013.0,2013.0,BAL,130.0,32.0,0.020833334
2016,14,00-0029892,K.Juszczyk,FB,BAL,NE,0,0,0.0,0,0.0,0.0,0.0,0,0.0,0,3,3,46.0,0,4.6,7.6,,,73.0,240.0,25.54225,3.0,Harvard,2013.0,2013.0,BAL,130.0,,0.057692308
2016,15,00-0029892,K.Juszczyk,FB,BAL,PHI,0,0,0.0,0,0.0,0.0,0.0,0,0.0,0,4,3,15.0,0,1.5,4.5,,,73.0,240.0,25.54225,3.0,Harvard,2013.0,2013.0,BAL,130.0,1.0,0.13793103
2016,16,00-0029892,K.Juszczyk,FB,BAL,PIT,0,0,0.0,0,0.0,0.0,0.0,2,15.0,1,3,2,10.0,0,8.5,10.5,,,73.0,240.0,25.54225,3.0,Harvard,2013.0,2013.0,BAL,130.0,,0.06818182
2016,17,00-0029892,K.Juszczyk,FB,BAL,CIN,0,0,0.0,0,0.0,0.0,0.0,0,0.0,0,2,2,1.0,0,0.1,2.1,,,73.0,240.0,25.54225,3.0,Harvard,2013.0,2013.0,BAL,130.0,,0.040816326
2016,4,00-0029931,Z.Line,FB,MIN,NYG,0,0,0.0,0,0.0,0.0,0.0,3,6.0,0,0,0,0.0,0,0.6,0.6,,,73.0,233.0,26.5353125,3.0,Southern Methodist,2013.0,2013.0,,,14.0,
2016,5,00-0029931,Z.Line,FB,MIN,HOU,0,0,0.0,0,0.0,0.0,0.0,0,0.0,0,1,0,0.0,0,0.0,0.0,,,73.0,233.0,26.5353125,3.0,Southern Methodist,2013.0,2013.0,,,18.0,0.033333335
2016,7,00-0029931,Z.Line,FB,MIN,PHI,0,0,0.0,0,0.0,0.0,0.0,2,2.0,0,0,0,0.0,0,0.2,0.2,,,73.0,233.0,26.5353125,3.0,Southern Methodist,2013.0,2013.0,,,,
2016,10,00-0029931,Z.Line,FB,MIN,WAS,0,0,0.0,0,0.0,0.0,0.0,1,5.0,0,1,0,0.0,0,0.5,0.5,,,73.0,233.0,26.5353125,3.0,Southern Methodist,2013.0,2013.0,,,,0.025
2016,12,00-0029931,Z.Line,FB,MIN,DET,0,0,0.0,0,0.0,0.0,0.0,1,2.0,0,0,0,0.0,0,0.2,0.2,,,73.0,233.0,26.5353125,3.0,Southern Methodist,2013.0,2013.0,,,,
2016,14,00-0029931,Z.Line,FB,MIN,JAX,0,0,0.0,0,0.0,0.0,0.0,0,0.0,0,1,0,0.0,0,0.0,0.0,,,73.0,233.0,26.5353125,3.0,Southern Methodist,2013.0,2013.0,,,,0.029411765
2016,1,00-0030035,A.Thielen,WR,MIN,TEN,0,0,0.0,0,0.0,0.0,0.0,0,0.0,0,5,4,54.0,0,5.4,9.4,,,74.0,200.0,26.212125,3.0,Minn. State-Mankato,2013.0,2013.0,,,,0.15151516
2016,2,00-0030035,A.Thielen,WR,MIN,GB,0,0,0.0,0,0.0,0.0,0.0,0,0.0,0,5,4,41.0,0,4.1,8.1,,,74.0,200.0,26.212125,3.0,Minn. State-Mankato,2013.0,2013.0,,,3.0,0.16129032
2016,3,00-0030035,A.Thielen,WR,MIN,CAR,0,0,0.0,0,0.0,0.0,0.0,0,0.0,0,4,3,29.0,0,2.9,5.9,,,74.0,200.0,26.212125,3.0,Minn. State-Mankato,2013.0,2013.0,,,,0.14285715
2016,4,00-0030035,A.Thielen,WR,MIN,NYG,0,0,0.0,0,0.0,0.0,0.0,0,0.0,0,3,2,21.0,0,2.1,4.1,,,74.0,200.0,26.212125,3.0,Minn. State-Mankato,2013.0,2013.0,,,14.0,0.083333336
2016,5,00-0030035,A.Thielen,WR,MIN,HOU,0,0,0.0,0,0.0,0.0,0.0,0,0.0,0,8,7,127.0,1,18.7,25.7,,,74.0,200.0,26.212125,3.0,Minn. State-Mankato,2013.0,2013.0,,,18.0,0.26666668
2016,7,00-0030035,A.Thielen,WR,MIN,PHI,0,0,0.0,0,0.0,0.0,0.0,0,0.0,0,5,2,52.0,0,5.2,7.2,,,74.0,200.0,26.212125,3.0,Minn. State-Mankato,2013.0,2013.0,,,,0.12820514
2016,8,00-0030035,A.Thielen,WR,MIN,CHI,0,0,0.0,0,0.0,0.0,0.0,0,0.0,0,5,3,40.0,0,4.0,7.0,,,74.0,200.0,26.212125,3.0,Minn. State-Mankato,2013.0,2013.0,,,,0.13513513
2016,9,00-0030035,A.Thielen,WR,MIN,DET,0,0,0.0,0,0.0,0.0,0.0,0,0.0,0,6,4,68.0,0,6.8,10.8,,,74.0,200.0,26.212125,3.0,Minn. State-Mankato,2013.0,2013.0,,,-6.0,0.15
2016,10,00-0030035,A.Thielen,WR,MIN,WAS,0,0,0.0,0,0.0,0.0,0.0,1,11.0,0,4,3,21.0,1,9.2,12.2,,,74.0,200.0,26.212125,3.0,Minn. State-Mankato,2013.0,2013.0,,,,0.1
2016,11,00-0030035,A.Thielen,WR,MIN,ARI,0,0,0.0,0,0.0,0.0,0.0,0,0.0,0,5,5,65.0,1,12.5,17.5,,,74.0,200.0,26.212125,3.0,Minn. State-Mankato,2013.0,2013.0,,,6.0,0.17857143
2016,12,00-0030035,A.Thielen,WR,MIN,DET,0,0,0.0,0,0.0,0.0,0.0,0,0.0,0,11,8,53.0,0,5.3,13.3,,,74.0,200.0,26.212125,3.0,Minn. State-Mankato,2013.0,2013.0,,,,0.30555555
2016,13,00-0030035,A.Thielen,WR,MIN,DAL,0,0,0.0,0,0.0,0.0,0.0,0,0.0,0,9,7,86.0,0,8.6,15.6,,,74.0,200.0,26.212125,3.0,Minn. State-Mankato,2013.0,2013.0,,,-2.0,0.19148937
2016,14,00-0030035,A.Thielen,WR,MIN,JAX,0,0,0.0,0,0.0,0.0,0.0,0,0.0,0,5,4,101.0,0,10.1,14.1,,,74.0,200.0,26.212125,3.0,Minn. State-Mankato,2013.0,2013.0,,,,0.14705883
2016,15,00-0030035,A.Thielen,WR,MIN,IND,0,0,0.0,0,0.0,0.0,0.0,0,0.0,0,1,0,0.0,0,0.0,0.0,,,74.0,200.0,26.212125,3.0,Minn. State-Mankato,2013.0,2013.0,,,-28.0,0.023809524
2016,16,00-0030035,A.Thielen,WR,MIN,GB,0,0,0.0,0,0.0,0.0,0.0,1,4.0,0,15,12,202.0,2,32.6,44.6,,,74.0,200.0,26.212125,3.0,Minn. State-Mankato,2013.0,2013.0,,,,0.3
2016,17,00-0030035,A.Thielen,WR,MIN,CHI,0,0,0.0,0,0.0,0.0,0.0,0,0.0,0,1,1,7.0,0,0.7,1.7,,,74.0,200.0,26.212125,3.0,Minn. State-Mankato,2013.0,2013.0,,,28.0,0.029411765
2016,11,00-0030047,M.Wilson,WR,CHI,NYG,0,0,0.0,0,0.0,0.0,0.0,0,0.0,0,4,1,35.0,0,3.5,4.5,,,76.0,206.0,24.1448125,3.0,Washington State,2013.0,2013.0,CHI,236.0,,0.13793103
2016,12,00-0030047,M.Wilson,WR,CHI,TEN,0,0,0.0,0,0.0,0.0,0.0,0,0.0,0,11,8,125.0,1,18.5,26.5,,,76.0,206.0,24.1448125,3.0,Washington State,2013.0,2013.0,CHI,236.0,-6.0,0.2037037
2016,13,00-0030047,M.Wilson,WR,CHI,SF,0,0,0.0,0,0.0,0.0,0.0,0,0.0,0,1,0,0.0,0,0.0,0.0,,,76.0,206.0,24.1448125,3.0,Washington State,2013.0,2013.0,CHI,236.0,20.0,0.055555556
2016,1,00-0030061,Z.Ertz,TE,PHI,CLE,0,0,0.0,0,0.0,0.0,0.0,0,0.0,0,7,6,58.0,0,5.8,11.8,,,77.0,250.0,25.9961875,3.0,Stanford,2013.0,2013.0,PHI,35.0,19.0,0.1891892
2016,5,00-0030061,Z.Ertz,TE,PHI,DET,0,0,0.0,0,0.0,0.0,0.0,0,0.0,0,3,3,37.0,0,3.7,6.7,,,77.0,250.0,25.9961875,3.0,Stanford,2013.0,2013.0,PHI,35.0,,0.09375
2016,6,00-0030061,Z.Ertz,TE,PHI,WAS,0,0,0.0,0,0.0,0.0,0.0,0,0.0,0,3,1,22.0,0,2.2,3.2,,,77.0,250.0,25.9961875,3.0,Stanford,2013.0,2013.0,PHI,35.0,,0.13636364
2016,7,00-0030061,Z.Ertz,TE,PHI,MIN,0,0,0.0,0,0.0,0.0,0.0,0,0.0,0,3,1,14.0,0,1.4,2.4,,,77.0,250.0,25.9961875,3.0,Stanford,2013.0,2013.0,PHI,35.0,11.0,0.10714286
2016,8,00-0030061,Z.Ertz,TE,PHI,DAL,0,0,0.0,0,0.0,0.0,0.0,0,0.0,0,4,4,19.0,0,1.9,5.9,,,77.0,250.0,25.9961875,3.0,Stanford,2013.0,2013.0,PHI,35.0,,0.09090909
2016,9,00-0030061,Z.Ertz,TE,PHI,NYG,0,0,0.0,0,0.0,0.0,0.0,0,0.0,0,8,8,97.0,0,9.7,17.7,,,77.0,250.0,25.9961875,3.0,Stanford,2013.0,2013.0,PHI,35.0,,0.17021276
2016,10,00-0030061,Z.Ertz,TE,PHI,ATL,0,0,0.0,0,0.0,0.0,0.0,0,0.0,0,7,6,55.0,0,5.5,11.5,,,77.0,250.0,25.9961875,3.0,Stanford,2013.0,2013.0,PHI,35.0,9.0,0.19444445
2016,11,00-0030061,Z.Ertz,TE,PHI,SEA,0,0,0.0,0,0.0,0.0,0.0,0,0.0,0,11,6,35.0,1,9.5,15.5,,,77.0,250.0,25.9961875,3.0,Stanford,2013.0,2013.0,PHI,35.0,,0.25
2016,12,00-0030061,Z.Ertz,TE,PHI,GB,0,0,0.0,0,0.0,0.0,0.0,0,0.0,0,6,3,36.0,0,3.6,6.6,,,77.0,250.0,25.9961875,3.0,Stanford,2013.0,2013.0,PHI,35.0,-14.0,0.16666667
2016,13,00-0030061,Z.Ertz,TE,PHI,CIN,0,0,0.0,0,0.0,0.0,0.0,0,0.0,0,15,9,79.0,1,13.9,22.9,,,77.0,250.0,25.9961875,3.0,Stanford,2013.0,2013.0,PHI,35.0,,0.25
2016,14,00-0030061,Z.Ertz,TE,PHI,WAS,0,0,0.0,0,0.0,0.0,0.0,0,0.0,0,13,10,112.0,0,11.2,21.2,,,77.0,250.0,25.9961875,3.0,Stanford,2013.0,2013.0,PHI,35.0,-5.0,0.2826087
2016,15,00-0030061,Z.Ertz,TE,PHI,BAL,0,0,0.0,0,0.0,0.0,0.0,0,0.0,0,8,6,80.0,0,8.0,14.0,,,77.0,250.0,25.9961875,3.0,Stanford,2013.0,2013.0,PHI,35.0,,0.1904762
2016,16,00-0030061,Z.Ertz,TE,PHI,NYG,0,0,0.0,0,0.0,0.0,0.0,0,0.0,0,2,2,33.0,0,3.3,5.3,,,77.0,250.0,25.9961875,3.0,Stanford,2013.0,2013.0,PHI,35.0,5.0,0.08695652
2016,17,00-0030061,Z.Ertz,TE,PHI,DAL,0,0,0.0,0,0.0,0.0,0.0,0,0.0,0,16,13,139.0,2,25.9,38.9,,,77.0,250.0,25.9961875,3.0,Stanford,2013.0,2013.0,PHI,35.0,14.0,0.37209302
2016,2,00-0030068,M.Goodwin,WR,BUF,NYJ,0,0,0.0,0,0.0,0.0,0.0,0,0.0,0,5,2,112.0,1,17.2,19.2,,,69.0,179.0,25.964,3.0,Texas,2013.0,2013.0,BUF,78.0,-6.0,0.16666667
2016,3,00-0030068,M.Goodwin,WR,BUF,ARI,0,0,0.0,0,0.0,0.0,0.0,0,0.0,0,5,1,6.0,0,0.6,1.6,,,69.0,179.0,25.964,3.0,Texas,2013.0,2013.0,BUF,78.0,15.0,0.2
2016,4,00-0030068,M.Goodwin,WR,BUF,NE,0,0,0.0,0,0.0,0.0,0.0,0,0.0,0,5,1,12.0,0,1.2,2.2,,,69.0,179.0,25.964,3.0,Texas,2013.0,2013.0,BUF,78.0,,0.13157895
2016,5,00-0030068,M.Goodwin,WR,BUF,LA,0,0,0.0,0,0.0,0.0,0.0,0,0.0,0,6,2,13.0,1,7.3,9.3,,,69.0,179.0,25.964,3.0,Texas,2013.0,2013.0,BUF,78.0,,0.2857143
2016,6,00-0030068,M.Goodwin,WR,BUF,SF,0,0,0.0,0,0.0,0.0,0.0,0,0.0,0,4,2,22.0,0,2.2,4.2,,,69.0,179.0,25.964,3.0,Texas,2013.0,2013.0,BUF,78.0,29.0,0.16
2016,7,00-0030068,M.Goodwin,WR,BUF,MIA,0,0,0.0,0,0.0,0.0,0.0,0,0.0,0,7,4,93.0,1,15.3,19.3,,,69.0,179.0,25.964,3.0,Texas,2013.0,2013.0,BUF,78.0,,0.28
2016,9,00-0030068,M.Goodwin,WR,BUF,SEA,0,0,0.0,0,0.0,0.0,0.0,0,0.0,0,5,4,43.0,0,4.3,8.3,,,69.0,179.0,25.964,3.0,Texas,2013.0,2013.0,BUF,78.0,,0.14705883
2016,11,00-0030068,M.Goodwin,WR,BUF,CIN,0,0,0.0,0,0.0,0.0,0.0,0,0.0,0,3,2,15.0,0,1.5,3.5,,,69.0,179.0,25.964,3.0,Texas,2013.0,2013.0,BUF,78.0,,0.11111111
2016,12,00-0030068,M.Goodwin,WR,BUF,JAX,0,0,0.0,0,0.0,0.0,0.0,0,0.0,0,4,2,13.0,0,1.3,3.3,,,69.0,179.0,25.964,3.0,Texas,2013.0,2013.0,BUF,78.0,7.0,0.22222222
2016,13,00-0030068,M.Goodwin,WR,BUF,LV,0,0,0.0,0,0.0,0.0,0.0,0,0.0,0,8,4,35.0,0,3.5,7.5,,,69.0,179.0,25.964,3.0,Texas,2013.0,2013.0,BUF,78.0,,0.22857143
2016,14,00-0030068,M.Goodwin,WR,BUF,PIT,0,0,0.0,0,0.0,0.0,0.0,0,0.0,0,2,0,0.0,0,0.0,0.0,,,69.0,179.0,25.964,3.0,Texas,2013.0,2013.0,BUF,78.0,-7.0,0.08
2016,15,00-0030068,M.Goodwin,WR,BUF,CLE,0,0,0.0,0,0.0,0.0,0.0,0,0.0,0,4,3,43.0,0,4.3,7.3,,,69.0,179.0,25.964,3.0,Texas,2013.0,2013.0,BUF,78.0,20.0,0.16
2016,16,00-0030068,M.Goodwin,WR,BUF,MIA,0,0,0.0,0,0.0,0.0,0.0,0,0.0,0,5,1,16.0,0,1.6,2.6,,,69.0,179.0,25.964,3.0,Texas,2013.0,2013.0,BUF,78.0,-3.0,0.12820514
2016,17,00-0030068,M.Goodwin,WR,BUF,NYJ,0,0,0.0,0,0.0,0.0,0.0,0,0.0,0,5,1,8.0,0,0.8,1.8,,,69.0,179.0,25.964,3.0,Texas,2013.0,2013.0,BUF,78.0,,0.16129032
2016,1,00-0030085,K.Stills,WR,MIA,SEA,0,0,0.0,0,0.0,0.0,0.0,0,0.0,0,5,1,16.0,0,1.6,2.6,,,72.0,194.0,24.552588235294117,3.0,Oklahoma,2013.0,2013.0,NO,144.0,,0.18518518
2016,2,00-0030085,K.Stills,WR,MIA,NE,0,0,0.0,0,0.0,0.0,0.0,0,0.0,0,4,2,39.0,1,9.9,11.9,,,72.0,194.0,24.552588235294117,3.0,Oklahoma,2013.0,2013.0,NO,144.0,,0.09090909
2016,3,00-0030085,K.Stills,WR,MIA,CLE,0,0,0.0,0,0.0,0.0,0.0,0,0.0,0,8,5,76.0,0,7.6,12.6,,,72.0,194.0,24.552588235294117,3.0,Oklahoma,2013.0,2013.0,NO,144.0,6.0,0.22222222
2016,4,00-0030085,K.Stills,WR,MIA,CIN,0,0,0.0,0,0.0,0.0,0.0,0,0.0,0,3,1,74.0,1,13.4,14.4,,,72.0,194.0,24.552588235294117,3.0,Oklahoma,2013.0,2013.0,NO,144.0,,0.12
2016,5,00-0030085,K.Stills,WR,MIA,TEN,0,0,0.0,0,0.0,0.0,0.0,0,0.0,0,1,0,0.0,0,0.0,0.0,,,72.0,194.0,24.552588235294117,3.0,Oklahoma,2013.0,2013.0,NO,144.0,-13.0,0.055555556
2016,6,00-0030085,K.Stills,WR,MIA,PIT,0,0,0.0,0,0.0,0.0,0.0,0,0.0,0,3,2,12.0,0,1.2,3.2,,,72.0,194.0,24.552588235294117,3.0,Oklahoma,2013.0,2013.0,NO,144.0,15.0,0.09375
2016,7,00-0030085,K.Stills,WR,MIA,BUF,0,0,0.0,0,0.0,0.0,0.0,0,0.0,0,8,5,100.0,1,16.0,21.0,,,72.0,194.0,24.552588235294117,3.0,Oklahoma,2013.0,2013.0,NO,144.0,3.0,0.32
2016,9,00-0030085,K.Stills,WR,MIA,NYJ,0,0,0.0,0,0.0,0.0,0.0,0,0.0,0,1,1,11.0,0,1.1,2.1,,,72.0,194.0,24.552588235294117,3.0,Oklahoma,2013.0,2013.0,NO,144.0,4.0,0.03448276
2016,10,00-0030085,K.Stills,WR,MIA,LAC,0,0,0.0,0,0.0,0.0,0.0,0,0.0,0,3,2,47.0,1,10.7,12.7,,,72.0,194.0,24.552588235294117,3.0,Oklahoma,2013.0,2013.0,NO,144.0,,0.13043478
2016,11,00-0030085,K.Stills,WR,MIA,LA,0,0,0.0,0,0.0,0.0,0.0,0,0.0,0,9,4,33.0,0,3.3,7.3,,,72.0,194.0,24.552588235294117,3.0,Oklahoma,2013.0,2013.0,NO,144.0,,0.2647059
2016,12,00-0030085,K.Stills,WR,MIA,SF,0,0,0.0,0,0.0,0.0,0.0,0,0.0,0,6,3,72.0,1,13.2,16.2,,,72.0,194.0,24.552588235294117,3.0,Oklahoma,2013.0,2013.0,NO,144.0,7.0,0.2
2016,13,00-0030085,K.Stills,WR,MIA,BAL,0,0,0.0,0,0.0,0.0,0.0,0,0.0,0,5,2,21.0,0,2.1,4.1,,,72.0,194.0,24.552588235294117,3.0,Oklahoma,2013.0,2013.0,NO,144.0,,0.12820514
2016,14,00-0030085,K.Stills,WR,MIA,ARI,0,0,0.0,0,0.0,0.0,0.0,0,0.0,0,7,6,97.0,1,15.7,21.7,,,72.0,194.0,24.552588235294117,3.0,Oklahoma,2013.0,2013.0,NO,144.0,3.0,0.28
2016,15,00-0030085,K.Stills,WR,MIA,NYJ,0,0,0.0,0,0.0,0.0,0.0,0,0.0,0,3,1,52.0,1,11.2,12.2,,,72.0,194.0,24.552588235294117,3.0,Oklahoma,2013.0,2013.0,NO,144.0,,0.1764706
2016,16,00-0030085,K.Stills,WR,MIA,BUF,0,0,0.0,0,0.0,0.0,0.0,0,0.0,0,8,3,35.0,1,9.5,12.5,,,72.0,194.0,24.552588235294117,3.0,Oklahoma,2013.0,2013.0,NO,144.0,,0.27586207
2016,17,00-0030085,K.Stills,WR,MIA,NE,0,0,0.0,0,0.0,0.0,0.0,0,0.0,0,7,4,41.0,1,10.1,14.1,,,72.0,194.0,24.552588235294117,3.0,Oklahoma,2013.0,2013.0,NO,144.0,-21.0,0.20588236
2016,18,00-0030085,K.Stills,WR,MIA,PIT,0,0,0.0,0,0.0,0.0,0.0,0,0.0,0,5,5,82.0,0,8.2,13.2,,,72.0,194.0,24.552588235294117,3.0,Oklahoma,2013.0,2013.0,NO,144.0,,0.1388889
2016,1,00-0030089,L.Willson,TE,SEA,MIA,0,0,0.0,0,0.0,0.0,0.0,0,0.0,0,4,2,26.0,0,2.6,4.6,,,77.0,252.0,26.832833333333333,3.0,Rice,2013.0,2013.0,SEA,158.0,2.0,0.09756097
2016,2,00-0030089,L.Willson,TE,SEA,LA,0,0,0.0,0,0.0,0.0,0.0,0,0.0,0,1,1,6.0,0,0.6,1.6,,,77.0,252.0,26.832833333333333,3.0,Rice,2013.0,2013.0,SEA,158.0,,0.028571429
2016,3,00-0030089,L.Willson,TE,SEA,SF,0,0,0.0,0,0.0,0.0,0.0,0,0.0,0,3,2,9.0,0,0.9,2.9,,,77.0,252.0,26.832833333333333,3.0,Rice,2013.0,2013.0,SEA,158.0,19.0,0.1
2016,4,00-0030089,L.Willson,TE,SEA,NYJ,0,0,0.0,0,0.0,0.0,0.0,0,0.0,0,3,0,0.0,0,0.0,0.0,,,77.0,252.0,26.832833333333333,3.0,Rice,2013.0,2013.0,SEA,158.0,,0.09375
2016,6,00-0030089,L.Willson,TE,SEA,ATL,0,0,0.0,0,0.0,0.0,0.0,0,0.0,0,1,1,9.0,0,0.9,1.9,,,77.0,252.0,26.832833333333333,3.0,Rice,2013.0,2013.0,SEA,158.0,2.0,0.027777778
2016,11,00-0030089,L.Willson,TE,SEA,PHI,0,0,0.0,0,0.0,0.0,0.0,0,0.0,0,1,1,12.0,0,1.2,2.2,,,77.0,252.0,26.832833333333333,3.0,Rice,2013.0,2013.0,SEA,158.0,11.0,0.032258064
2016,12,00-0030089,L.Willson,TE,SEA,TB,0,0,0.0,0,0.0,0.0,0.0,0,0.0,0,1,1,11.0,0,1.1,2.1,,,77.0,252.0,26.832833333333333,3.0,Rice,2013.0,2013.0,SEA,158.0,,0.030303031
2016,14,00-0030089,L.Willson,TE,SEA,GB,0,0,0.0,0,0.0,0.0,0.0,0,0.0,0,1,1,11.0,0,1.1,2.1,,,77.0,252.0,26.832833333333333,3.0,Rice,2013.0,2013.0,SEA,158.0,,0.025641026
2016,15,00-0030089,L.Willson,TE,SEA,LA,0,0,0.0,0,0.0,0.0,0.0,0,0.0,0,3,3,19.0,1,7.9,10.9,,,77.0,252.0,26.832833333333333,3.0,Rice,2013.0,2013.0,SEA,158.0,21.0,0.125
2016,17,00-0030089,L.Willson,TE,SEA,SF,0,0,0.0,0,0.0,0.0,0.0,0,0.0,0,3,3,26.0,1,8.6,11.6,,,77.0,252.0,26.832833333333333,3.0,Rice,2013.0,2013.0,SEA,158.0,,0.08108108
2016,18,00-0030089,L.Willson,TE,SEA,DET,0,0,0.0,0,0.0,0.0,0.0,0,0.0,0,1,1,4.0,0,0.4,1.4,,,77.0,252.0,26.832833333333333,3.0,Rice,2013.0,2013.0,SEA,158.0,20.0,0.033333335
2016,19,00-0030089,L.Willson,TE,SEA,ATL,0,0,0.0,0,0.0,0.0,0.0,0,0.0,0,1,0,0.0,0,0.0,0.0,,,77.0,252.0,26.832833333333333,3.0,Rice,2013.0,2013.0,SEA,158.0,,0.035714287
2016,5,00-0030091,T.King,WR,NYG,GB,0,0,0.0,0,0.0,0.0,0.0,0,0.0,0,1,0,0.0,0,0.0,0.0,,,73.0,200.0,26.327411764705882,3.0,Georgia,2013.0,2013.0,DEN,161.0,,0.028571429
2016,10,00-0030091,T.King,WR,NYG,CIN,0,0,0.0,0,0.0,0.0,0.0,0,0.0,0,2,1,6.0,0,0.6,1.6,,,73.0,200.0,26.327411764705882,3.0,Georgia,2013.0,2013.0,DEN,161.0,1.0,0.045454547
2016,17,00-0030091,T.King,WR,NYG,WAS,0,0,0.0,0,0.0,0.0,0.0,0,0.0,0,1,1,44.0,0,4.4,5.4,,,73.0,200.0,26.327411764705882,3.0,Georgia,2013.0,2013.0,DEN,161.0,,0.03846154
2016,18,00-0030091,T.King,WR,NYG,GB,0,0,0.0,0,0.0,0.0,0.0,0,0.0,0,6,3,73.0,1,13.3,16.3,,,73.0,200.0,26.327411764705882,3.0,Georgia,2013.0,2013.0,DEN,161.0,,0.13636364
2016,1,00-0030107,T.Riddick,RB,DET,IND,0,0,0.0,0,0.0,0.0,0.0,7,45.0,1,5,5,63.0,1,22.8,27.8,,,69.0,201.0,25.519823529411763,3.0,Notre Dame,2013.0,2013.0,DET,199.0,,0.13513513
2016,2,00-0030107,T.Riddick,RB,DET,TEN,0,0,0.0,0,0.0,0.0,0.0,11,37.0,0,5,4,28.0,0,6.5,10.5,,,69.0,201.0,25.519823529411763,3.0,Notre Dame,2013.0,2013.0,DET,199.0,-1.0,0.12820514
2016,3,00-0030107,T.Riddick,RB,DET,GB,0,0,0.0,0,0.0,0.0,0.0,10,9.0,0,9,7,39.0,0,4.8,11.8,,,69.0,201.0,25.519823529411763,3.0,Notre Dame,2013.0,2013.0,DET,199.0,,0.225
2016,4,00-0030107,T.Riddick,RB,DET,CHI,0,0,0.0,0,0.0,0.0,0.0,11,31.0,0,7,4,27.0,0,5.8,9.8,,,69.0,201.0,25.519823529411763,3.0,Notre Dame,2013.0,2013.0,DET,199.0,,0.19444445
2016,5,00-0030107,T.Riddick,RB,DET,PHI,0,0,0.0,0,0.0,0.0,0.0,11,49.0,0,6,6,33.0,2,20.2,26.2,,,69.0,201.0,25.519823529411763,3.0,Notre Dame,2013.0,2013.0,DET,199.0,1.0,0.26086956
2016,8,00-0030107,T.Riddick,RB,DET,HOU,0,0,0.0,0,0.0,0.0,0.0,11,56.0,0,11,8,77.0,1,19.3,27.3,,,69.0,201.0,25.519823529411763,3.0,Notre Dame,2013.0,2013.0,DET,199.0,,0.2682927
2016,9,00-0030107,T.Riddick,RB,DET,MIN,0,0,0.0,0,0.0,0.0,0.0,14,70.0,0,3,1,6.0,0,7.6,8.6,,,69.0,201.0,25.519823529411763,3.0,Notre Dame,2013.0,2013.0,DET,199.0,,0.08571429
2016,11,00-0030107,T.Riddick,RB,DET,JAX,0,0,0.0,0,0.0,0.0,0.0,4,13.0,0,10,8,70.0,0,8.3,16.3,,,69.0,201.0,25.519823529411763,3.0,Notre Dame,2013.0,2013.0,DET,199.0,7.0,0.3030303
2016,12,00-0030107,T.Riddick,RB,DET,MIN,0,0,0.0,0,0.0,0.0,0.0,9,45.0,0,5,5,13.0,0,5.8,10.8,,,69.0,201.0,25.519823529411763,3.0,Notre Dame,2013.0,2013.0,DET,199.0,3.0,0.13513513
2016,13,00-0030107,T.Riddick,RB,DET,NO,0,0,0.0,0,0.0,0.0,0.0,4,2.0,0,6,5,15.0,1,7.7,12.7,,,69.0,201.0,25.519823529411763,3.0,Notre Dame,2013.0,2013.0,DET,199.0,,0.14634146
2016,1,00-0030108,R.Griffin,TE,HOU,CHI,0,0,0.0,0,0.0,0.0,0.0,0,0.0,0,2,2,17.0,0,1.7,3.7,,,78.0,265.0,26.839555555555553,3.0,Connecticut,2013.0,2013.0,HOU,201.0,9.0,0.057142857
2016,2,00-0030108,R.Griffin,TE,HOU,KC,0,0,0.0,0,0.0,0.0,0.0,0,0.0,0,2,1,5.0,0,0.5,1.5,,,78.0,265.0,26.839555555555553,3.0,Connecticut,2013.0,2013.0,HOU,201.0,7.0,0.060606062
2016,3,00-0030108,R.Griffin,TE,HOU,NE,0,0,0.0,0,0.0,0.0,0.0,0,0.0,0,10,8,52.0,0,5.2,13.2,,,78.0,265.0,26.839555555555553,3.0,Connecticut,2013.0,2013.0,HOU,201.0,,0.25
2016,4,00-0030108,R.Griffin,TE,HOU,TEN,0,0,0.0,0,0.0,0.0,0.0,0,0.0,0,5,3,54.0,0,5.4,8.4,,,78.0,265.0,26.839555555555553,3.0,Connecticut,2013.0,2013.0,HOU,201.0,7.0,0.1388889
2016,5,00-0030108,R.Griffin,TE,HOU,MIN,0,0,0.0,0,0.0,0.0,0.0,0,0.0,0,6,2,8.0,0,0.8,2.8,,,78.0,265.0,26.839555555555553,3.0,Connecticut,2013.0,2013.0,HOU,201.0,,0.14285715
2016,6,00-0030108,R.Griffin,TE,HOU,IND,0,0,0.0,0,0.0,0.0,0.0,0,0.0,0,5,3,31.0,0,3.1,6.1,,,78.0,265.0,26.839555555555553,3.0,Connecticut,2013.0,2013.0,HOU,201.0,3.0,0.12820514
2016,7,00-0030108,R.Griffin,TE,HOU,DEN,0,0,0.0,0,0.0,0.0,0.0,0,0.0,0,5,2,13.0,0,1.3,3.3,,,78.0,265.0,26.839555555555553,3.0,Connecticut,2013.0,2013.0,HOU,201.0,,0.12195122
2016,8,00-0030108,R.Griffin,TE,HOU,DET,0,0,0.0,0,0.0,0.0,0.0,0,0.0,0,3,3,34.0,0,3.4,6.4,,,78.0,265.0,26.839555555555553,3.0,Connecticut,2013.0,2013.0,HOU,201.0,7.0,0.10344828
2016,10,00-0030108,R.Griffin,TE,HOU,JAX,0,0,0.0,0,0.0,0.0,0.0,0,0.0,0,4,3,7.0,1,6.7,9.7,,,78.0,265.0,26.839555555555553,3.0,Connecticut,2013.0,2013.0,HOU,201.0,,0.14814815
2016,11,00-0030108,R.Griffin,TE,HOU,LV,0,0,0.0,0,0.0,0.0,0.0,0,0.0,0,5,3,32.0,0,3.2,6.2,,,78.0,265.0,26.839555555555553,3.0,Connecticut,2013.0,2013.0,HOU,201.0,,0.12820514
2016,12,00-0030108,R.Griffin,TE,HOU,LAC,0,0,0.0,0,0.0,0.0,0.0,0,0.0,0,5,4,36.0,0,3.6,7.6,,,78.0,265.0,26.839555555555553,3.0,Connecticut,2013.0,2013.0,HOU,201.0,-8.0,0.14285715
2016,13,00-0030108,R.Griffin,TE,HOU,GB,0,0,0.0,0,0.0,0.0,0.0,0,0.0,0,6,4,35.0,1,7.5,11.5,,,78.0,265.0,26.839555555555553,3.0,Connecticut,2013.0,2013.0,HOU,201.0,,0.17142858
2016,14,00-0030108,R.Griffin,TE,HOU,IND,0,0,0.0,0,0.0,0.0,0.0,0,0.0,0,2,2,23.0,0,2.3,4.3,,,78.0,265.0,26.839555555555553,3.0,Connecticut,2013.0,2013.0,HOU,201.0,,0.08695652
2016,15,00-0030108,R.Griffin,TE,HOU,JAX,0,0,0.0,0,0.0,0.0,0.0,0,0.0,0,8,8,85.0,0,8.5,16.5,,,78.0,265.0,26.839555555555553,3.0,Connecticut,2013.0,2013.0,HOU,201.0,1.0,0.17021276
2016,16,00-0030108,R.Griffin,TE,HOU,CIN,0,0,0.0,0,0.0,0.0,0.0,0,0.0,0,2,0,0.0,0,0.0,0.0,,,78.0,265.0,26.839555555555553,3.0,Connecticut,2013.0,2013.0,HOU,201.0,2.0,0.06896552
2016,17,00-0030108,R.Griffin,TE,HOU,TEN,0,0,0.0,0,0.0,0.0,0.0,0,0.0,0,4,2,10.0,0,1.0,3.0,,,78.0,265.0,26.839555555555553,3.0,Connecticut,2013.0,2013.0,HOU,201.0,,0.08510638
2016,18,00-0030108,R.Griffin,TE,HOU,LV,0,0,0.0,0,0.0,0.0,0.0,0,0.0,0,4,3,29.0,0,2.9,5.9,,,78.0,265.0,26.839555555555553,3.0,Connecticut,2013.0,2013.0,HOU,201.0,13.0,0.16
2016,19,00-0030108,R.Griffin,TE,HOU,NE,0,0,0.0,0,0.0,0.0,0.0,0,0.0,0,3,0,0.0,0,0.0,0.0,,,78.0,265.0,26.839555555555553,3.0,Connecticut,2013.0,2013.0,HOU,201.0,,0.075
2016,1,00-0030113,C.Johnson,WR,MIN,TEN,0,0,0.0,0,0.0,0.0,0.0,0,0.0,0,6,1,5.0,0,0.5,1.5,,,74.0,215.0,27.693375,3.0,Grand Valley State,2013.0,2013.0,GB,216.0,,0.18181819
2016,2,00-0030113,C.Johnson,WR,MIN,GB,0,0,0.0,0,0.0,0.0,0.0,0,0.0,0,2,2,15.0,0,1.5,3.5,,,74.0,215.0,27.693375,3.0,Grand Valley State,2013.0,2013.0,GB,216.0,3.0,0.06451613
2016,3,00-0030113,C.Johnson,WR,MIN,CAR,0,0,0.0,0,0.0,0.0,0.0,0,0.0,0,2,0,0.0,0,0.0,0.0,,,74.0,215.0,27.693375,3.0,Grand Valley State,2013.0,2013.0,GB,216.0,,0.071428575
2016,4,00-0030113,C.Johnson,WR,MIN,NYG,0,0,0.0,0,0.0,0.0,0.0,0,0.0,0,4,2,70.0,0,7.0,9.0,,,74.0,215.0,27.693375,3.0,Grand Valley State,2013.0,2013.0,GB,216.0,14.0,0.11111111
2016,5,00-0030113,C.Johnson,WR,MIN,HOU,0,0,0.0,0,0.0,0.0,0.0,0,0.0,0,1,1,2.0,0,0.2,1.2,,,74.0,215.0,27.693375,3.0,Grand Valley State,2013.0,2013.0,GB,216.0,18.0,0.033333335
2016,7,00-0030113,C.Johnson,WR,MIN,PHI,0,0,0.0,0,0.0,0.0,0.0,0,0.0,0,1,0,0.0,0,0.0,0.0,,,74.0,215.0,27.693375,3.0,Grand Valley State,2013.0,2013.0,GB,216.0,,0.025641026
2016,9,00-0030113,C.Johnson,WR,MIN,DET,0,0,0.0,0,0.0,0.0,0.0,0,0.0,0,3,1,9.0,0,0.9,1.9,,,74.0,215.0,27.693375,3.0,Grand Valley State,2013.0,2013.0,GB,216.0,-6.0,0.075
2016,12,00-0030113,C.Johnson,WR,MIN,DET,0,0,0.0,0,0.0,0.0,0.0,0,0.0,0,2,2,12.0,0,1.2,3.2,,,74.0,215.0,27.693375,3.0,Grand Valley State,2013.0,2013.0,GB,216.0,,0.055555556
2016,13,00-0030113,C.Johnson,WR,MIN,DAL,0,0,0.0,0,0.0,0.0,0.0,0,0.0,0,5,3,36.0,0,3.6,6.6,,,74.0,215.0,27.693375,3.0,Grand Valley State,2013.0,2013.0,GB,216.0,-2.0,0.10638298
2016,14,00-0030113,C.Johnson,WR,MIN,JAX,0,0,0.0,0,0.0,0.0,0.0,0,0.0,0,1,1,6.0,0,0.6,1.6,,,74.0,215.0,27.693375,3.0,Grand Valley State,2013.0,2013.0,GB,216.0,,0.029411765
2016,15,00-0030113,C.Johnson,WR,MIN,IND,0,0,0.0,0,0.0,0.0,0.0,0,0.0,0,5,5,50.0,0,5.0,10.0,,,74.0,215.0,27.693375,3.0,Grand Valley State,2013.0,2013.0,GB,216.0,-28.0,0.11904762
2016,16,00-0030113,C.Johnson,WR,MIN,GB,0,0,0.0,0,0.0,0.0,0.0,0,0.0,0,4,1,16.0,0,1.6,2.6,,,74.0,215.0,27.693375,3.0,Grand Valley State,2013.0,2013.0,GB,216.0,,0.08
2016,17,00-0030113,C.Johnson,WR,MIN,CHI,0,0,0.0,0,0.0,0.0,0.0,0,0.0,0,1,1,11.0,0,1.1,2.1,,,74.0,215.0,27.693375,3.0,Grand Valley State,2013.0,2013.0,GB,216.0,28.0,0.029411765
2016,14,00-0030117,K.Williams,RB,ARI,MIA,0,0,0.0,0,0.0,0.0,0.0,3,34.0,0,0,0,0.0,0,3.4,3.4,,,68.0,198.0,25.438615384615385,3.0,Utah State,2013.0,2013.0,IND,230.0,,
2016,15,00-0030117,K.Williams,RB,ARI,NO,0,0,0.0,0,0.0,0.0,0.0,3,63.0,1,0,0,0.0,0,12.3,12.3,,,68.0,198.0,25.438615384615385,3.0,Utah State,2013.0,2013.0,IND,230.0,-7.0,
2016,16,00-0030117,K.Williams,RB,ARI,SEA,0,0,0.0,0,0.0,0.0,0.0,0,0.0,0,1,1,6.0,0,0.6,1.6,,,68.0,198.0,25.438615384615385,3.0,Utah State,2013.0,2013.0,IND,230.0,,0.037037037
2016,17,00-0030117,K.Williams,RB,ARI,LA,0,0,0.0,0,0.0,0.0,0.0,12,60.0,1,1,0,0.0,0,12.0,12.0,,,68.0,198.0,25.438615384615385,3.0,Utah State,2013.0,2013.0,IND,230.0,,0.023809524
2016,3,00-0030140,T.Way,P,WAS,NYG,1,1,31.0,0,0.0,0.0,-0.0,0,0.0,0,0,0,0.0,0,1.24,1.24,,,73.0,215.0,26.554125,3.0,Oklahoma,2013.0,2013.0,,,,
2016,1,00-0030147,R.Shepard,WR,TB,ATL,0,0,0.0,0,0.0,0.0,0.0,1,9.0,0,0,0,0.0,0,0.9,0.9,,,73.0,195.0,26.1413125,3.0,LSU,2013.0,2013.0,,,,
2016,2,00-0030147,R.Shepard,WR,TB,ARI,0,0,0.0,0,0.0,0.0,0.0,0,0.0,0,2,2,16.0,0,1.6,3.6,,,73.0,195.0,26.1413125,3.0,LSU,2013.0,2013.0,,,,0.039215688
2016,3,00-0030147,R.Shepard,WR,TB,LA,0,0,0.0,0,0.0,0.0,0.0,0,0.0,0,2,1,6.0,0,0.6,1.6,,,73.0,195.0,26.1413125,3.0,LSU,2013.0,2013.0,,,-5.0,0.03508772
2016,7,00-0030147,R.Shepard,WR,TB,SF,0,0,0.0,0,0.0,0.0,0.0,0,0.0,0,6,5,77.0,1,13.7,18.7,,,73.0,195.0,26.1413125,3.0,LSU,2013.0,2013.0,,,,0.20689656
2016,8,00-0030147,R.Shepard,WR,TB,LV,0,0,0.0,0,0.0,0.0,0.0,0,0.0,0,3,2,24.0,1,8.4,10.4,,,73.0,195.0,26.1413125,3.0,LSU,2013.0,2013.0,,,-6.0,0.09375
2016,11,00-0030147,R.Shepard,WR,TB,KC,0,0,0.0,0,0.0,0.0,0.0,0,0.0,0,4,3,54.0,0,5.4,8.4,,,73.0,195.0,26.1413125,3.0,LSU,2013.0,2013.0,,,,0.102564104
2016,12,00-0030147,R.Shepard,WR,TB,SEA,0,0,0.0,0,0.0,0.0,0.0,0,0.0,0,3,2,23.0,0,2.3,4.3,,,73.0,195.0,26.1413125,3.0,LSU,2013.0,2013.0,,,9.0,0.10714286
2016,13,00-0030147,R.Shepard,WR,TB,LAC,0,0,0.0,0,0.0,0.0,0.0,0,0.0,0,2,1,15.0,0,1.5,2.5,,,73.0,195.0,26.1413125,3.0,LSU,2013.0,2013.0,,,,0.06666667
2016,14,00-0030147,R.Shepard,WR,TB,NO,0,0,0.0,0,0.0,0.0,0.0,0,0.0,0,3,1,17.0,0,1.7,2.7,,,73.0,195.0,26.1413125,3.0,LSU,2013.0,2013.0,,,5.0,0.115384616
2016,15,00-0030147,R.Shepard,WR,TB,DAL,0,0,0.0,0,0.0,0.0,0.0,0,0.0,0,3,1,19.0,0,1.9,2.9,,,73.0,195.0,26.1413125,3.0,LSU,2013.0,2013.0,,,,0.09090909
2016,16,00-0030147,R.Shepard,WR,TB,NO,0,0,0.0,0,0.0,0.0,0.0,0,0.0,0,5,3,61.0,0,6.1,9.1,,,73.0,195.0,26.1413125,3.0,LSU,2013.0,2013.0,,,,0.14705883
2016,17,00-0030147,R.Shepard,WR,TB,CAR,0,0,0.0,0,0.0,0.0,0.0,0,0.0,0,7,2,29.0,0,2.9,4.9,,,73.0,195.0,26.1413125,3.0,LSU,2013.0,2013.0,,,1.0,0.2
2016,1,00-0030155,D.Harris,TE,KC,LAC,0,0,0.0,0,0.0,0.0,0.0,0,0.0,0,3,2,20.0,0,2.0,4.0,,,79.0,230.0,25.291117647058826,3.0,Wisconsin-Milwaukee,2013.0,2013.0,,,6.0,0.06666667
2016,2,00-0030155,D.Harris,TE,KC,HOU,0,0,0.0,0,0.0,0.0,0.0,0,0.0,0,1,0,0.0,0,0.0,0.0,,,79.0,230.0,25.291117647058826,3.0,Wisconsin-Milwaukee,2013.0,2013.0,,,,0.027027028
2016,3,00-0030155,D.Harris,TE,KC,NYJ,0,0,0.0,0,0.0,0.0,0.0,0,0.0,0,3,2,14.0,0,7.4,9.4,,,79.0,230.0,25.291117647058826,3.0,Wisconsin-Milwaukee,2013.0,2013.0,,,21.0,0.09090909
2016,4,00-0030155,D.Harris,TE,KC,PIT,0,0,0.0,0,0.0,0.0,0.0,0,0.0,0,1,1,12.0,0,1.2,2.2,,,79.0,230.0,25.291117647058826,3.0,Wisconsin-Milwaukee,2013.0,2013.0,,,,0.020408163
2016,6,00-0030155,D.Harris,TE,KC,LV,0,0,0.0,0,0.0,0.0,0.0,0,0.0,0,2,1,11.0,0,1.1,2.1,,,79.0,230.0,25.291117647058826,3.0,Wisconsin-Milwaukee,2013.0,2013.0,,,,0.09090909
2016,7,00-0030155,D.Harris,TE,KC,NO,0,0,0.0,0,0.0,0.0,0.0,0,0.0,0,3,1,10.0,0,1.0,2.0,,,79.0,230.0,25.291117647058826,3.0,Wisconsin-Milwaukee,2013.0,2013.0,,,6.0,0.13043478
2016,8,00-0030155,D.Harris,TE,KC,IND,0,0,0.0,0,0.0,0.0,0.0,0,0.0,0,4,3,13.0,0,1.3,4.3,,,79.0,230.0,25.291117647058826,3.0,Wisconsin-Milwaukee,2013.0,2013.0,,,,0.09756097
2016,9,00-0030155,D.Harris,TE,KC,JAX,0,0,0.0,0,0.0,0.0,0.0,0,0.0,0,1,0,0.0,0,0.0,0.0,,,79.0,230.0,25.291117647058826,3.0,Wisconsin-Milwaukee,2013.0,2013.0,,,5.0,0.030303031
2016,10,00-0030155,D.Harris,TE,KC,CAR,0,0,0.0,0,0.0,0.0,0.0,0,0.0,0,1,0,0.0,0,0.0,0.0,,,79.0,230.0,25.291117647058826,3.0,Wisconsin-Milwaukee,2013.0,2013.0,,,,0.02631579
2016,12,00-0030155,D.Harris,TE,KC,DEN,0,0,0.0,0,0.0,0.0,0.0,0,0.0,0,1,0,0.0,0,2.0,2.0,,,79.0,230.0,25.291117647058826,3.0,Wisconsin-Milwaukee,2013.0,2013.0,,,,0.024390243
2016,13,00-0030155,D.Harris,TE,KC,ATL,0,0,0.0,0,0.0,0.0,0.0,0,0.0,0,1,1,6.0,0,0.6,1.6,,,79.0,230.0,25.291117647058826,3.0,Wisconsin-Milwaukee,2013.0,2013.0,,,,0.04
2016,16,00-0030155,D.Harris,TE,KC,DEN,0,0,0.0,0,0.0,0.0,0.0,0,0.0,0,9,6,37.0,1,9.7,15.7,,,79.0,230.0,25.291117647058826,3.0,Wisconsin-Milwaukee,2013.0,2013.0,,,23.0,0.24324325
2016,17,00-0030155,D.Harris,TE,KC,LAC,0,0,0.0,0,0.0,0.0,0.0,0,0.0,0,1,0,0.0,0,0.0,0.0,,,79.0,230.0,25.291117647058826,3.0,Wisconsin-Milwaukee,2013.0,2013.0,,,,0.035714287
2016,19,00-0030155,D.Harris,TE,KC,PIT,0,0,0.0,0,0.0,0.0,0.0,0,0.0,0,2,0,0.0,0,0.0,0.0,,,79.0,230.0,25.291117647058826,3.0,Wisconsin-Milwaukee,2013.0,2013.0,,,-2.0,0.0625
2016,1,00-0030181,J.Doyle,TE,IND,DET,0,0,0.0,0,0.0,0.0,0.0,0,0.0,0,4,3,35.0,2,15.5,18.5,,,78.0,267.0,26.5061875,3.0,Western Kentucky,2013.0,2013.0,,,-4.0,0.08888889
2016,2,00-0030181,J.Doyle,TE,IND,DEN,0,0,0.0,0,0.0,0.0,0.0,0,0.0,0,5,4,37.0,0,3.7,7.7,,,78.0,267.0,26.5061875,3.0,Western Kentucky,2013.0,2013.0,,,,0.12820514
2016,3,00-0030181,J.Doyle,TE,IND,LAC,0,0,0.0,0,0.0,0.0,0.0,0,0.0,0,6,6,65.0,0,6.5,12.5,,,78.0,267.0,26.5061875,3.0,Western Kentucky,2013.0,2013.0,,,4.0,0.17142858
2016,4,00-0030181,J.Doyle,TE,IND,JAX,0,0,0.0,0,0.0,0.0,0.0,0,0.0,0,1,1,6.0,0,0.6,1.6,,,78.0,267.0,26.5061875,3.0,Western Kentucky,2013.0,2013.0,,,,0.025
2016,5,00-0030181,J.Doyle,TE,IND,CHI,0,0,0.0,0,0.0,0.0,0.0,0,0.0,0,3,2,8.0,0,0.8,2.8,,,78.0,267.0,26.5061875,3.0,Western Kentucky,2013.0,2013.0,,,6.0,0.08108108
2016,6,00-0030181,J.Doyle,TE,IND,HOU,0,0,0.0,0,0.0,0.0,0.0,0,0.0,0,4,4,53.0,1,11.3,15.3,,,78.0,267.0,26.5061875,3.0,Western Kentucky,2013.0,2013.0,,,,0.125
2016,7,00-0030181,J.Doyle,TE,IND,TEN,0,0,0.0,0,0.0,0.0,0.0,0,0.0,0,10,9,78.0,1,13.8,22.8,,,78.0,267.0,26.5061875,3.0,Western Kentucky,2013.0,2013.0,,,,0.25641027
2016,8,00-0030181,J.Doyle,TE,IND,KC,0,0,0.0,0,0.0,0.0,0.0,0,0.0,0,3,2,36.0,0,3.6,5.6,,,78.0,267.0,26.5061875,3.0,Western Kentucky,2013.0,2013.0,,,-16.0,0.08571429
2016,9,00-0030181,J.Doyle,TE,IND,GB,0,0,0.0,0,0.0,0.0,0.0,0,0.0,0,9,5,61.0,0,6.1,11.1,,,78.0,267.0,26.5061875,3.0,Western Kentucky,2013.0,2013.0,,,,0.25
2016,11,00-0030181,J.Doyle,TE,IND,TEN,0,0,0.0,0,0.0,0.0,0.0,0,0.0,0,2,1,7.0,0,0.7,1.7,,,78.0,267.0,26.5061875,3.0,Western Kentucky,2013.0,2013.0,,,7.0,0.071428575
2016,12,00-0030181,J.Doyle,TE,IND,PIT,0,0,0.0,0,0.0,0.0,0.0,0,0.0,0,2,2,25.0,0,2.5,4.5,,,78.0,267.0,26.5061875,3.0,Western Kentucky,2013.0,2013.0,,,-21.0,0.054054055
2016,13,00-0030181,J.Doyle,TE,IND,NYJ,0,0,0.0,0,0.0,0.0,0.0,0,0.0,0,4,4,30.0,0,3.0,7.0,,,78.0,267.0,26.5061875,3.0,Western Kentucky,2013.0,2013.0,,,,0.13793103
2016,14,00-0030181,J.Doyle,TE,IND,HOU,0,0,0.0,0,0.0,0.0,0.0,0,0.0,0,6,5,55.0,0,5.5,10.5,,,78.0,267.0,26.5061875,3.0,Western Kentucky,2013.0,2013.0,,,-5.0,0.13636364
2016,15,00-0030181,J.Doyle,TE,IND,MIN,0,0,0.0,0,0.0,0.0,0.0,0,0.0,0,4,4,32.0,0,3.2,7.2,,,78.0,267.0,26.5061875,3.0,Western Kentucky,2013.0,2013.0,,,,0.14285715
2016,16,00-0030181,J.Doyle,TE,IND,LV,0,0,0.0,0,0.0,0.0,0.0,0,0.0,0,7,5,46.0,0,4.6,9.6,,,78.0,267.0,26.5061875,3.0,Western Kentucky,2013.0,2013.0,,,,0.2413793
2016,17,00-0030181,J.Doyle,TE,IND,JAX,0,0,0.0,0,0.0,0.0,0.0,0,0.0,0,5,2,10.0,1,7.0,9.0,,,78.0,267.0,26.5061875,3.0,Western Kentucky,2013.0,2013.0,,,4.0,0.13157895
2016,5,00-0030187,R.Ross,WR,WAS,BAL,0,0,0.0,0,0.0,0.0,0.0,0,0.0,0,1,1,8.0,0,0.8,1.8,,,72.0,180.0,26.751733333333334,3.0,Arizona State,2013.0,2013.0,,,,0.025641026
2016,6,00-0030216,J.Hill,TE,NO,CAR,0,0,0.0,0,0.0,0.0,0.0,0,0.0,0,5,2,23.0,1,8.3,10.3,,,77.0,250.0,26.468374999999998,3.0,Idaho State,2013.0,2013.0,,,3.0,0.104166664
2016,7,00-0030216,J.Hill,TE,NO,KC,0,0,0.0,0,0.0,0.0,0.0,0,0.0,0,1,1,6.0,0,0.6,1.6,,,77.0,250.0,26.468374999999998,3.0,Idaho State,2013.0,2013.0,,,,0.021276595
2016,8,00-0030216,J.Hill,TE,NO,SEA,0,0,0.0,0,0.0,0.0,0.0,0,0.0,0,1,1,3.0,0,0.3,1.3,,,77.0,250.0,26.468374999999998,3.0,Idaho State,2013.0,2013.0,,,5.0,0.028571429
2016,9,00-0030216,J.Hill,TE,NO,SF,0,0,0.0,0,0.0,0.0,0.0,0,0.0,0,4,4,40.0,0,4.0,8.0,,,77.0,250.0,26.468374999999998,3.0,Idaho State,2013.0,2013.0,,,,0.102564104
2016,10,00-0030216,J.Hill,TE,NO,DEN,0,0,0.0,0,0.0,0.0,0.0,0,0.0,0,1,0,0.0,0,0.0,0.0,,,77.0,250.0,26.468374999999998,3.0,Idaho State,2013.0,2013.0,,,-2.0,0.03448276
2016,11,00-0030216,J.Hill,TE,NO,CAR,0,0,0.0,0,0.0,0.0,0.0,0,0.0,0,2,0,0.0,0,0.0,0.0,,,77.0,250.0,26.468374999999998,3.0,Idaho State,2013.0,2013.0,,,,0.045454547
2016,12,00-0030216,J.Hill,TE,NO,LA,0,0,0.0,0,0.0,0.0,0.0,0,0.0,0,6,6,74.0,0,7.4,13.4,,,77.0,250.0,26.468374999999998,3.0,Idaho State,2013.0,2013.0,,,28.0,0.17142858
2016,13,00-0030216,J.Hill,TE,NO,DET,0,0,0.0,0,0.0,0.0,0.0,0,0.0,0,2,1,3.0,0,0.3,1.3,,,77.0,250.0,26.468374999999998,3.0,Idaho State,2013.0,2013.0,,,-15.0,0.04761905
2016,1,00-0030279,K.Allen,WR,LAC,KC,0,0,0.0,0,0.0,0.0,0.0,0,0.0,0,7,6,63.0,0,6.3,12.3,,,74.0,211.0,24.5253125,3.0,California,2013.0,2013.0,SD,76.0,,0.19444445
2016,4,00-0030280,K.Davis,RB,KC,PIT,0,0,0.0,0,0.0,0.0,0.0,1,-2.0,0,3,2,14.0,0,1.2,3.2,,,70.0,227.0,25.104470588235294,3.0,Arkansas,2013.0,2013.0,KC,96.0,,0.06122449
2016,7,00-0030280,K.Davis,RB,GB,CHI,0,0,0.0,0,0.0,0.0,0.0,2,1.0,0,0,0,0.0,0,0.1,0.1,,,70.0,227.0,25.104470588235294,3.0,Arkansas,2013.0,2013.0,KC,96.0,16.0,
2016,8,00-0030280,K.Davis,RB,GB,ATL,0,0,0.0,0,0.0,0.0,0.0,3,4.0,0,2,2,4.0,0,0.8,2.8,,,70.0,227.0,25.104470588235294,3.0,Arkansas,2013.0,2013.0,KC,96.0,,0.05263158
2016,9,00-0030280,K.Davis,RB,KC,JAX,0,0,0.0,0,0.0,0.0,0.0,3,10.0,0,1,1,7.0,0,1.7,2.7,,,70.0,227.0,25.104470588235294,3.0,Arkansas,2013.0,2013.0,KC,96.0,5.0,0.030303031
2016,12,00-0030280,K.Davis,RB,KC,DEN,0,0,0.0,0,0.0,0.0,0.0,3,6.0,0,0,0,0.0,0,0.6,0.6,,,70.0,227.0,25.104470588235294,3.0,Arkansas,2013.0,2013.0,KC,96.0,,
2016,17,00-0030280,K.Davis,RB,KC,LAC,0,0,0.0,0,0.0,0.0,0.0,6,9.0,0,1,0,0.0,0,0.9,0.9,,,70.0,227.0,25.104470588235294,3.0,Arkansas,2013.0,2013.0,KC,96.0,,0.035714287
2016,5,00-0030282,,RB,ARI,SF,0,0,0.0,0,0.0,0.0,0.0,2,-2.0,0,0,0,0.0,0,-0.2,-0.2,,,69.0,214.0,25.41225,3.0,Stanford,2013.0,2013.0,ARI,140.0,,
2016,6,00-0030282,,RB,ARI,NYJ,0,0,0.0,0,0.0,0.0,0.0,2,14.0,0,0,0,0.0,0,1.4,1.4,,,69.0,214.0,25.41225,3.0,Stanford,2013.0,2013.0,ARI,140.0,25.0,
2016,1,00-0030287,A.Ellington,RB,ARI,NE,0,0,0.0,0,0.0,0.0,0.0,0,0.0,0,2,2,8.0,0,0.8,2.8,,,69.0,199.0,27.7558125,3.0,Clemson,2013.0,2013.0,ARI,187.0,-2.0,0.054054055
2016,2,00-0030287,A.Ellington,RB,ARI,TB,0,0,0.0,0,0.0,0.0,0.0,1,2.0,0,1,1,9.0,0,1.1,2.1,,,69.0,199.0,27.7558125,3.0,Clemson,2013.0,2013.0,ARI,187.0,33.0,0.029411765
2016,4,00-0030287,A.Ellington,RB,ARI,LA,0,0,0.0,0,0.0,0.0,0.0,1,0.0,0,1,1,4.0,0,0.4,1.4,,,69.0,199.0,27.7558125,3.0,Clemson,2013.0,2013.0,ARI,187.0,-4.0,0.022222223
2016,5,00-0030287,A.Ellington,RB,ARI,SF,0,0,0.0,0,0.0,0.0,0.0,6,19.0,0,0,0,0.0,0,1.9,1.9,,,69.0,199.0,27.7558125,3.0,Clemson,2013.0,2013.0,ARI,187.0,,
2016,6,00-0030287,A.Ellington,RB,ARI,NYJ,0,0,0.0,0,0.0,0.0,0.0,5,25.0,0,0,0,0.0,0,2.5,2.5,,,69.0,199.0,27.7558125,3.0,Clemson,2013.0,2013.0,ARI,187.0,25.0,
2016,7,00-0030287,A.Ellington,RB,ARI,SEA,0,0,0.0,0,0.0,0.0,0.0,2,7.0,0,1,0,0.0,0,0.7,0.7,,,69.0,199.0,27.7558125,3.0,Clemson,2013.0,2013.0,ARI,187.0,0.0,0.020408163
2016,8,00-0030287,A.Ellington,RB,ARI,CAR,0,0,0.0,0,0.0,0.0,0.0,0,0.0,0,1,1,16.0,0,1.6,2.6,,,69.0,199.0,27.7558125,3.0,Clemson,2013.0,2013.0,ARI,187.0,,0.022222223
2016,10,00-0030287,A.Ellington,RB,ARI,SF,0,0,0.0,0,0.0,0.0,0.0,2,-1.0,0,0,0,0.0,0,-0.1,-0.1,,,69.0,199.0,27.7558125,3.0,Clemson,2013.0,2013.0,ARI,187.0,3.0,
2016,11,00-0030287,A.Ellington,RB,ARI,MIN,0,0,0.0,0,0.0,0.0,0.0,5,21.0,0,2,1,2.0,0,2.3,3.3,,,69.0,199.0,27.7558125,3.0,Clemson,2013.0,2013.0,ARI,187.0,,0.054054055
2016,12,00-0030287,A.Ellington,RB,ARI,ATL,0,0,0.0,0,0.0,0.0,0.0,0,0.0,0,5,2,19.0,0,1.9,3.9,,,69.0,199.0,27.7558125,3.0,Clemson,2013.0,2013.0,ARI,187.0,,0.11363637
2016,13,00-0030287,A.Ellington,RB,ARI,WAS,0,0,0.0,0,0.0,0.0,0.0,5,5.0,0,2,1,10.0,0,1.5,2.5,,,69.0,199.0,27.7558125,3.0,Clemson,2013.0,2013.0,ARI,187.0,8.0,0.046511628
2016,15,00-0030287,A.Ellington,RB,ARI,NO,0,0,0.0,0,0.0,0.0,0.0,0,0.0,0,1,1,9.0,0,0.9,1.9,,,69.0,199.0,27.7558125,3.0,Clemson,2013.0,2013.0,ARI,187.0,-7.0,0.025
2016,17,00-0030287,A.Ellington,RB,ARI,LA,0,0,0.0,0,0.0,0.0,0.0,7,18.0,0,3,2,8.0,0,2.6,4.6,,,69.0,199.0,27.7558125,3.0,Clemson,2013.0,2013.0,ARI,187.0,,0.071428575
2016,6,00-0030288,R.Burkhead,RB,CIN,NE,0,0,0.0,0,0.0,0.0,0.0,2,16.0,0,0,0,0.0,0,1.6,1.6,,,70.0,210.0,26.3485625,3.0,Nebraska,2013.0,2013.0,CIN,190.0,,
2016,7,00-0030288,R.Burkhead,RB,CIN,CLE,0,0,0.0,0,0.0,0.0,0.0,4,23.0,0,1,1,10.0,0,3.3,4.3,,,70.0,210.0,26.3485625,3.0,Nebraska,2013.0,2013.0,CIN,190.0,14.0,0.03846154
2016,11,00-0030288,R.Burkhead,RB,CIN,BUF,0,0,0.0,0,0.0,0.0,0.0,0,0.0,0,1,1,14.0,0,1.4,2.4,,,70.0,210.0,26.3485625,3.0,Nebraska,2013.0,2013.0,CIN,190.0,-4.0,0.025
2016,12,00-0030288,R.Burkhead,RB,CIN,BAL,0,0,0.0,0,0.0,0.0,0.0,5,29.0,0,2,2,19.0,0,4.8,6.8,,,70.0,210.0,26.3485625,3.0,Nebraska,2013.0,2013.0,CIN,190.0,,0.04255319
2016,13,00-0030288,R.Burkhead,RB,CIN,PHI,0,0,0.0,0,0.0,0.0,0.0,8,38.0,0,5,4,28.0,0,4.6,8.6,,,70.0,210.0,26.3485625,3.0,Nebraska,2013.0,2013.0,CIN,190.0,18.0,0.1724138
2016,14,00-0030288,R.Burkhead,RB,CIN,CLE,0,0,0.0,0,0.0,0.0,0.0,9,45.0,0,2,1,6.0,0,5.1,6.1,,,70.0,210.0,26.3485625,3.0,Nebraska,2013.0,2013.0,CIN,190.0,,0.071428575
2016,15,00-0030288,R.Burkhead,RB,CIN,PIT,0,0,0.0,0,0.0,0.0,0.0,7,32.0,0,3,2,18.0,0,5.0,7.0,,,70.0,210.0,26.3485625,3.0,Nebraska,2013.0,2013.0,CIN,190.0,-4.0,0.13043478
2016,16,00-0030288,R.Burkhead,RB,CIN,HOU,0,0,0.0,0,0.0,0.0,0.0,12,42.0,0,4,4,25.0,0,6.7,10.7,,,70.0,210.0,26.3485625,3.0,Nebraska,2013.0,2013.0,CIN,190.0,,0.09756097
2016,17,00-0030288,R.Burkhead,RB,CIN,BAL,0,0,0.0,0,0.0,0.0,0.0,27,119.0,2,2,2,25.0,0,26.4,28.4,,,70.0,210.0,26.3485625,3.0,Nebraska,2013.0,2013.0,CIN,190.0,17.0,0.08
2016,6,00-0030290,C.Hamilton,WR,PIT,MIA,0,0,0.0,0,0.0,0.0,0.0,0,0.0,0,2,2,36.0,1,9.6,11.6,,,74.0,201.0,26.065142857142856,3.0,Arkansas,2013.0,2013.0,CIN,197.0,,0.057142857
2016,7,00-0030290,C.Hamilton,WR,PIT,NE,0,0,0.0,0,0.0,0.0,0.0,0,0.0,0,6,3,36.0,0,3.6,6.6,,,74.0,201.0,26.065142857142856,3.0,Arkansas,2013.0,2013.0,CIN,197.0,-11.0,0.13043478
2016,9,00-0030290,C.Hamilton,WR,PIT,BAL,0,0,0.0,0,0.0,0.0,0.0,0,0.0,0,1,0,0.0,0,0.0,0.0,,,74.0,201.0,26.065142857142856,3.0,Arkansas,2013.0,2013.0,CIN,197.0,,0.022222223
2016,10,00-0030290,C.Hamilton,WR,PIT,DAL,0,0,0.0,0,0.0,0.0,0.0,0,0.0,0,1,1,39.0,0,3.9,4.9,,,74.0,201.0,26.065142857142856,3.0,Arkansas,2013.0,2013.0,CIN,197.0,-5.0,0.02173913
2016,11,00-0030290,C.Hamilton,WR,PIT,CLE,0,0,0.0,0,0.0,0.0,0.0,0,0.0,0,5,2,11.0,0,1.1,3.1,,,74.0,201.0,26.065142857142856,3.0,Arkansas,2013.0,2013.0,CIN,197.0,,0.1388889
2016,12,00-0030290,C.Hamilton,WR,PIT,IND,0,0,0.0,0,0.0,0.0,0.0,0,0.0,0,1,1,5.0,0,0.5,1.5,,,74.0,201.0,26.065142857142856,3.0,Arkansas,2013.0,2013.0,CIN,197.0,,0.04761905
2016,13,00-0030290,C.Hamilton,WR,PIT,NYG,0,0,0.0,0,0.0,0.0,0.0,0,0.0,0,3,2,11.0,0,1.1,3.1,,,74.0,201.0,26.065142857142856,3.0,Arkansas,2013.0,2013.0,CIN,197.0,10.0,0.083333336
2016,14,00-0030290,C.Hamilton,WR,PIT,BUF,0,0,0.0,0,0.0,0.0,0.0,0,0.0,0,2,1,15.0,0,1.5,2.5,,,74.0,201.0,26.065142857142856,3.0,Arkansas,2013.0,2013.0,CIN,197.0,,0.06451613
2016,15,00-0030290,C.Hamilton,WR,PIT,CIN,0,0,0.0,0,0.0,0.0,0.0,0,0.0,0,2,1,21.0,0,2.1,3.1,,,74.0,201.0,26.065142857142856,3.0,Arkansas,2013.0,2013.0,CIN,197.0,,0.057142857
2016,16,00-0030290,C.Hamilton,WR,PIT,BAL,0,0,0.0,0,0.0,0.0,0.0,0,0.0,0,1,1,6.0,0,0.6,1.6,,,74.0,201.0,26.065142857142856,3.0,Arkansas,2013.0,2013.0,CIN,197.0,4.0,0.033333335
2016,17,00-0030290,C.Hamilton,WR,PIT,CLE,0,0,0.0,0,0.0,0.0,0.0,0,0.0,0,4,3,54.0,1,11.4,14.4,,,74.0,201.0,26.065142857142856,3.0,Arkansas,2013.0,2013.0,CIN,197.0,3.0,0.10810811
2016,18,00-0030290,C.Hamilton,WR,PIT,MIA,0,0,0.0,0,0.0,0.0,0.0,0,0.0,0,1,1,10.0,0,1.0,2.0,,,74.0,201.0,26.065142857142856,3.0,Arkansas,2013.0,2013.0,CIN,197.0,18.0,0.055555556
2016,19,00-0030290,C.Hamilton,WR,PIT,KC,0,0,0.0,0,0.0,0.0,0.0,0,0.0,0,1,1,4.0,0,0.4,1.4,,,74.0,201.0,26.065142857142856,3.0,Arkansas,2013.0,2013.0,CIN,197.0,,0.032258064
2016,20,00-0030290,C.Hamilton,WR,PIT,NE,0,0,0.0,0,0.0,0.0,0.0,0,0.0,0,5,2,37.0,1,9.7,11.7,,,74.0,201.0,26.065142857142856,3.0,Arkansas,2013.0,2013.0,CIN,197.0,,0.10638298
2016,1,00-0030300,J.Brown,WR,ARI,NE,0,0,0.0,0,0.0,0.0,0.0,0,0.0,0,2,1,18.0,0,1.8,2.8,,,74.0,205.0,26.8276875,3.0,Clemson,2013.0,2013.0,,,-2.0,0.054054055
2016,2,00-0030300,J.Brown,WR,ARI,TB,0,0,0.0,0,0.0,0.0,0.0,0,0.0,0,2,2,78.0,1,13.8,15.8,,,74.0,205.0,26.8276875,3.0,Clemson,2013.0,2013.0,,,33.0,0.05882353
2016,3,00-0030300,J.Brown,WR,ARI,BUF,0,0,0.0,0,0.0,0.0,0.0,0,0.0,0,6,3,49.0,0,4.9,7.9,,,74.0,205.0,26.8276875,3.0,Clemson,2013.0,2013.0,,,,0.12
2016,4,00-0030300,J.Brown,WR,ARI,LA,0,0,0.0,0,0.0,0.0,0.0,0,0.0,0,5,1,7.0,0,0.7,1.7,,,74.0,205.0,26.8276875,3.0,Clemson,2013.0,2013.0,,,-4.0,0.11111111
2016,5,00-0030300,J.Brown,WR,ARI,SF,0,0,0.0,0,0.0,0.0,0.0,0,0.0,0,2,0,0.0,0,0.0,0.0,,,74.0,205.0,26.8276875,3.0,Clemson,2013.0,2013.0,,,,0.074074075
2016,6,00-0030300,J.Brown,WR,ARI,NYJ,0,0,0.0,0,0.0,0.0,0.0,0,0.0,0,5,4,35.0,0,3.5,7.5,,,74.0,205.0,26.8276875,3.0,Clemson,2013.0,2013.0,,,25.0,0.14285715
2016,16,00-0030348,,RB,NYJ,NE,0,0,0.0,0,0.0,0.0,0.0,8,22.0,0,0,0,0.0,0,0.2,0.2,,,72.0,220.0,26.9264,3.0,West Texas A&M,2013.0,2013.0,,,,
2016,9,00-0030391,,RB,TB,ATL,0,0,0.0,0,0.0,0.0,0.0,1,3.0,0,3,3,17.0,0,2.0,5.0,,,70.0,223.0,25.589333333333332,3.0,Miami (Fla.),2013.0,2013.0,TB,189.0,-15.0,0.0625
2016,10,00-0030391,,RB,TB,CHI,0,0,0.0,0,0.0,0.0,0.0,2,7.0,0,1,1,5.0,0,1.2,2.2,,,70.0,223.0,25.589333333333332,3.0,Miami (Fla.),2013.0,2013.0,TB,189.0,26.0,0.03125
2016,11,00-0030391,,RB,TB,KC,0,0,0.0,0,0.0,0.0,0.0,1,9.0,0,0,0,0.0,0,0.9,0.9,,,70.0,223.0,25.589333333333332,3.0,Miami (Fla.),2013.0,2013.0,TB,189.0,,
2016,1,00-0030404,C.Thompson,RB,WAS,PIT,0,0,0.0,0,0.0,0.0,0.0,4,23.0,1,2,2,16.0,0,9.9,11.9,,,68.0,195.0,26.0475625,3.0,Florida State,2013.0,2013.0,WAS,154.0,-22.0,0.046511628
2016,2,00-0030404,C.Thompson,RB,WAS,DAL,0,0,0.0,0,0.0,0.0,0.0,2,1.0,0,4,3,57.0,0,5.8,8.8,,,68.0,195.0,26.0475625,3.0,Florida State,2013.0,2013.0,WAS,154.0,-4.0,0.09090909
2016,3,00-0030404,C.Thompson,RB,WAS,NYG,0,0,0.0,0,0.0,0.0,0.0,6,23.0,0,2,1,-7.0,0,1.6,2.6,,,68.0,195.0,26.0475625,3.0,Florida State,2013.0,2013.0,WAS,154.0,,0.057142857
2016,4,00-0030404,C.Thompson,RB,WAS,CLE,0,0,0.0,0,0.0,0.0,0.0,3,24.0,0,4,2,16.0,1,10.0,12.0,,,68.0,195.0,26.0475625,3.0,Florida State,2013.0,2013.0,WAS,154.0,11.0,0.14814815
2016,5,00-0030404,C.Thompson,RB,WAS,BAL,0,0,0.0,0,0.0,0.0,0.0,2,12.0,0,4,4,33.0,0,4.5,8.5,,,68.0,195.0,26.0475625,3.0,Florida State,2013.0,2013.0,WAS,154.0,,0.102564104
2016,6,00-0030404,C.Thompson,RB,WAS,PHI,0,0,0.0,0,0.0,0.0,0.0,9,37.0,0,3,3,29.0,0,6.6,9.6,,,68.0,195.0,26.0475625,3.0,Florida State,2013.0,2013.0,WAS,154.0,7.0,0.09375
2016,7,00-0030404,C.Thompson,RB,WAS,DET,0,0,0.0,0,0.0,0.0,0.0,12,73.0,0,7,7,40.0,0,11.3,18.3,,,68.0,195.0,26.0475625,3.0,Florida State,2013.0,2013.0,WAS,154.0,,0.17948718
2016,8,00-0030404,C.Thompson,RB,WAS,CIN,0,0,0.0,0,0.0,0.0,0.0,7,14.0,0,5,5,27.0,0,4.1,9.1,,,68.0,195.0,26.0475625,3.0,Florida State,2013.0,2013.0,WAS,154.0,,0.08928572
2016,10,00-0030404,C.Thompson,RB,WAS,MIN,0,0,0.0,0,0.0,0.0,0.0,4,25.0,0,3,3,11.0,0,1.6,4.6,,,68.0,195.0,26.0475625,3.0,Florida State,2013.0,2013.0,WAS,154.0,6.0,0.09090909
2016,11,00-0030404,C.Thompson,RB,WAS,GB,0,0,0.0,0,0.0,0.0,0.0,2,10.0,0,3,1,9.0,0,1.9,2.9,,,68.0,195.0,26.0475625,3.0,Florida State,2013.0,2013.0,WAS,154.0,18.0,0.1
2016,12,00-0030404,C.Thompson,RB,WAS,DAL,0,0,0.0,0,0.0,0.0,0.0,4,17.0,0,6,5,17.0,0,3.4,8.4,,,68.0,195.0,26.0475625,3.0,Florida State,2013.0,2013.0,WAS,154.0,,0.11320755
2016,13,00-0030404,C.Thompson,RB,WAS,ARI,0,0,0.0,0,0.0,0.0,0.0,2,24.0,0,2,1,21.0,0,4.5,5.5,,,68.0,195.0,26.0475625,3.0,Florida State,2013.0,2013.0,WAS,154.0,,0.05882353
2016,14,00-0030404,C.Thompson,RB,WAS,PHI,0,0,0.0,0,0.0,0.0,0.0,3,38.0,1,1,0,0.0,0,9.8,9.8,,,68.0,195.0,26.0475625,3.0,Florida State,2013.0,2013.0,WAS,154.0,,0.04761905
2016,15,00-0030404,C.Thompson,RB,WAS,CAR,0,0,0.0,0,0.0,0.0,0.0,2,10.0,0,7,5,26.0,0,3.6,8.6,,,68.0,195.0,26.0475625,3.0,Florida State,2013.0,2013.0,WAS,154.0,-11.0,0.14893617
2016,16,00-0030404,C.Thompson,RB,WAS,CHI,0,0,0.0,0,0.0,0.0,0.0,3,20.0,1,1,1,17.0,1,15.7,16.7,,,68.0,195.0,26.0475625,3.0,Florida State,2013.0,2013.0,WAS,154.0,,0.03846154
2016,17,00-0030404,C.Thompson,RB,WAS,NYG,0,0,0.0,0,0.0,0.0,0.0,3,5.0,0,8,6,37.0,0,4.2,10.2,,,68.0,195.0,26.0475625,3.0,Florida State,2013.0,2013.0,WAS,154.0,-9.0,0.23529412
2016,1,00-0030414,S.Ware,RB,KC,LAC,0,0,0.0,0,0.0,0.0,0.0,11,70.0,1,8,7,129.0,0,25.9,32.9,,,70.0,229.0,24.970823529411767,3.0,Louisiana State,2013.0,2013.0,SEA,194.0,6.0,0.17777778
2016,2,00-0030414,S.Ware,RB,KC,HOU,0,0,0.0,0,0.0,0.0,0.0,10,57.0,0,3,2,48.0,0,8.5,10.5,,,70.0,229.0,24.970823529411767,3.0,Louisiana State,2013.0,2013.0,SEA,194.0,,0.08108108
2016,3,00-0030414,S.Ware,RB,KC,NYJ,0,0,0.0,0,0.0,0.0,0.0,20,75.0,0,1,1,8.0,0,8.3,9.3,,,70.0,229.0,24.970823529411767,3.0,Louisiana State,2013.0,2013.0,SEA,194.0,21.0,0.030303031
2016,4,00-0030414,S.Ware,RB,KC,PIT,0,0,0.0,0,0.0,0.0,0.0,13,82.0,0,5,1,14.0,0,7.6,8.6,,,70.0,229.0,24.970823529411767,3.0,Louisiana State,2013.0,2013.0,SEA,194.0,,0.10204082
2016,6,00-0030414,S.Ware,RB,KC,LV,0,0,0.0,0,0.0,0.0,0.0,24,131.0,1,2,2,32.0,0,22.3,24.3,,,70.0,229.0,24.970823529411767,3.0,Louisiana State,2013.0,2013.0,SEA,194.0,,0.09090909
2016,7,00-0030414,S.Ware,RB,KC,NO,0,0,0.0,0,0.0,0.0,0.0,17,77.0,0,2,2,54.0,1,19.1,21.1,,,70.0,229.0,24.970823529411767,3.0,Louisiana State,2013.0,2013.0,SEA,194.0,6.0,0.08695652
2016,8,00-0030414,S.Ware,RB,KC,IND,0,0,0.0,0,0.0,0.0,0.0,7,19.0,0,2,2,28.0,0,4.7,6.7,,,70.0,229.0,24.970823529411767,3.0,Louisiana State,2013.0,2013.0,SEA,194.0,,0.048780486
2016,10,00-0030414,S.Ware,RB,KC,CAR,0,0,0.0,0,0.0,0.0,0.0,13,61.0,0,3,3,11.0,0,7.2,10.2,,,70.0,229.0,24.970823529411767,3.0,Louisiana State,2013.0,2013.0,SEA,194.0,,0.078947365
2016,11,00-0030414,S.Ware,RB,KC,TB,0,0,0.0,0,0.0,0.0,0.0,17,69.0,0,2,2,16.0,0,8.5,10.5,,,70.0,229.0,24.970823529411767,3.0,Louisiana State,2013.0,2013.0,SEA,194.0,-2.0,0.06451613
2016,12,00-0030414,S.Ware,RB,KC,DEN,0,0,0.0,0,0.0,0.0,0.0,17,64.0,0,2,2,32.0,0,9.6,11.6,,,70.0,229.0,24.970823529411767,3.0,Louisiana State,2013.0,2013.0,SEA,194.0,,0.048780486
2016,13,00-0030414,S.Ware,RB,KC,ATL,0,0,0.0,0,0.0,0.0,0.0,14,29.0,1,4,3,23.0,1,17.2,20.2,,,70.0,229.0,24.970823529411767,3.0,Louisiana State,2013.0,2013.0,SEA,194.0,,0.16
2016,14,00-0030414,S.Ware,RB,KC,LV,0,0,0.0,0,0.0,0.0,0.0,20,56.0,0,2,1,7.0,0,6.3,7.3,,,70.0,229.0,24.970823529411767,3.0,Louisiana State,2013.0,2013.0,SEA,194.0,8.0,0.08
2016,15,00-0030414,S.Ware,RB,KC,TEN,0,0,0.0,0,0.0,0.0,0.0,18,69.0,0,3,3,25.0,0,9.4,12.4,,,70.0,229.0,24.970823529411767,3.0,Louisiana State,2013.0,2013.0,SEA,194.0,-2.0,0.10714286
2016,16,00-0030414,S.Ware,RB,KC,DEN,0,0,0.0,0,0.0,0.0,0.0,13,62.0,0,3,2,20.0,0,8.2,10.2,,,70.0,229.0,24.970823529411767,3.0,Louisiana State,2013.0,2013.0,SEA,194.0,23.0,0.08108108
2016,19,00-0030414,S.Ware,RB,KC,PIT,0,0,0.0,0,0.0,0.0,0.0,8,35.0,1,4,2,1.0,0,9.6,11.6,,,70.0,229.0,24.970823529411767,3.0,Louisiana State,2013.0,2013.0,SEA,194.0,-2.0,0.125
2016,12,00-0030419,M.McGloin,QB,LV,CAR,0,1,0.0,0,0.0,0.0,-0.0,0,0.0,0,0,0,0.0,0,0.0,0.0,,,73.0,210.0,26.937882352941177,3.0,Penn State,2013.0,2013.0,,,,
2016,16,00-0030419,M.McGloin,QB,LV,IND,2,3,29.0,0,0.0,0.0,-0.0,3,-3.0,0,0,0,0.0,0,0.86,0.86,,,73.0,210.0,26.937882352941177,3.0,Penn State,2013.0,2013.0,,,,
2016,17,00-0030419,M.McGloin,QB,LV,DEN,6,11,21.0,0,0.0,0.0,-0.0,0,0.0,0,0,0,0.0,0,0.84,0.84,,,73.0,210.0,26.937882352941177,3.0,Penn State,2013.0,2013.0,,,,
2016,2,00-0030422,D.Sims,TE,MIA,NE,0,0,0.0,0,0.0,0.0,0.0,0,0.0,0,1,1,21.0,0,2.1,3.1,,,76.0,271.0,25.72705882352941,3.0,Michigan State,2013.0,2013.0,MIA,106.0,,0.022727273
2016,3,00-0030422,D.Sims,TE,MIA,CLE,0,0,0.0,0,0.0,0.0,0.0,0,0.0,0,4,4,46.0,0,4.6,8.6,,,76.0,271.0,25.72705882352941,3.0,Michigan State,2013.0,2013.0,MIA,106.0,6.0,0.11111111
2016,4,00-0030422,D.Sims,TE,MIA,CIN,0,0,0.0,0,0.0,0.0,0.0,0,0.0,0,2,1,9.0,0,0.9,1.9,,,76.0,271.0,25.72705882352941,3.0,Michigan State,2013.0,2013.0,MIA,106.0,,0.08
2016,5,00-0030422,D.Sims,TE,MIA,TEN,0,0,0.0,0,0.0,0.0,0.0,0,0.0,0,3,1,6.0,0,0.6,1.6,,,76.0,271.0,25.72705882352941,3.0,Michigan State,2013.0,2013.0,MIA,106.0,-13.0,0.16666667
2016,6,00-0030422,D.Sims,TE,MIA,PIT,0,0,0.0,0,0.0,0.0,0.0,0,0.0,0,2,1,12.0,0,1.2,2.2,,,76.0,271.0,25.72705882352941,3.0,Michigan State,2013.0,2013.0,MIA,106.0,15.0,0.0625
2016,10,00-0030422,D.Sims,TE,MIA,LAC,0,0,0.0,0,0.0,0.0,0.0,0,0.0,0,1,0,0.0,0,0.0,0.0,,,76.0,271.0,25.72705882352941,3.0,Michigan State,2013.0,2013.0,MIA,106.0,,0.04347826
2016,11,00-0030422,D.Sims,TE,MIA,LA,0,0,0.0,0,0.0,0.0,0.0,0,0.0,0,4,3,20.0,0,2.0,5.0,,,76.0,271.0,25.72705882352941,3.0,Michigan State,2013.0,2013.0,MIA,106.0,,0.11764706
2016,12,00-0030422,D.Sims,TE,MIA,SF,0,0,0.0,0,0.0,0.0,0.0,0,0.0,0,4,4,53.0,1,11.3,15.3,,,76.0,271.0,25.72705882352941,3.0,Michigan State,2013.0,2013.0,MIA,106.0,7.0,0.13333334
2016,13,00-0030422,D.Sims,TE,MIA,BAL,0,0,0.0,0,0.0,0.0,0.0,0,0.0,0,4,3,39.0,0,3.9,6.9,,,76.0,271.0,25.72705882352941,3.0,Michigan State,2013.0,2013.0,MIA,106.0,,0.102564104
2016,14,00-0030422,D.Sims,TE,MIA,ARI,0,0,0.0,0,0.0,0.0,0.0,0,0.0,0,2,2,9.0,1,6.9,8.9,,,76.0,271.0,25.72705882352941,3.0,Michigan State,2013.0,2013.0,MIA,106.0,3.0,0.08
2016,15,00-0030422,D.Sims,TE,MIA,NYJ,0,0,0.0,0,0.0,0.0,0.0,0,0.0,0,4,4,31.0,2,15.1,19.1,,,76.0,271.0,25.72705882352941,3.0,Michigan State,2013.0,2013.0,MIA,106.0,,0.23529412
2016,16,00-0030422,D.Sims,TE,MIA,BUF,0,0,0.0,0,0.0,0.0,0.0,0,0.0,0,3,2,10.0,0,1.0,3.0,,,76.0,271.0,25.72705882352941,3.0,Michigan State,2013.0,2013.0,MIA,106.0,,0.10344828
2016,17,00-0030422,D.Sims,TE,MIA,NE,0,0,0.0,0,0.0,0.0,0.0,0,0.0,0,1,0,0.0,0,0.0,0.0,,,76.0,271.0,25.72705882352941,3.0,Michigan State,2013.0,2013.0,MIA,106.0,-21.0,0.029411765
2016,18,00-0030422,D.Sims,TE,MIA,PIT,0,0,0.0,0,0.0,0.0,0.0,0,0.0,0,5,5,34.0,0,3.4,8.4,,,76.0,271.0,25.72705882352941,3.0,Michigan State,2013.0,2013.0,MIA,106.0,,0.1388889
2016,1,00-0030431,R.Woods,WR,BUF,BAL,0,0,0.0,0,0.0,0.0,0.0,0,0.0,0,5,4,20.0,0,2.0,6.0,,,72.0,190.0,24.57325,3.0,Southern California,2013.0,2013.0,BUF,41.0,,0.22727273
2016,2,00-0030431,R.Woods,WR,BUF,NYJ,0,0,0.0,0,0.0,0.0,0.0,0,0.0,0,2,1,10.0,0,1.0,2.0,,,72.0,190.0,24.57325,3.0,Southern California,2013.0,2013.0,BUF,41.0,-6.0,0.06666667
2016,3,00-0030431,R.Woods,WR,BUF,ARI,0,0,0.0,0,0.0,0.0,0.0,0,0.0,0,8,6,51.0,0,5.1,11.1,,,72.0,190.0,24.57325,3.0,Southern California,2013.0,2013.0,BUF,41.0,15.0,0.32
2016,4,00-0030431,R.Woods,WR,BUF,NE,0,0,0.0,0,0.0,0.0,0.0,0,0.0,0,10,7,89.0,0,8.9,15.9,,,72.0,190.0,24.57325,3.0,Southern California,2013.0,2013.0,BUF,41.0,,0.2631579
2016,5,00-0030431,R.Woods,WR,BUF,LA,0,0,0.0,0,0.0,0.0,0.0,0,0.0,0,6,2,26.0,0,2.6,4.6,,,72.0,190.0,24.57325,3.0,Southern California,2013.0,2013.0,BUF,41.0,,0.2857143
2016,6,00-0030431,R.Woods,WR,BUF,SF,0,0,0.0,0,0.0,0.0,0.0,1,6.0,0,6,5,44.0,1,11.0,16.0,,,72.0,190.0,24.57325,3.0,Southern California,2013.0,2013.0,BUF,41.0,29.0,0.24
2016,8,00-0030431,R.Woods,WR,BUF,NE,0,0,0.0,0,0.0,0.0,0.0,0,0.0,0,7,4,50.0,0,5.0,9.0,,,72.0,190.0,24.57325,3.0,Southern California,2013.0,2013.0,BUF,41.0,-16.0,0.17948718
2016,9,00-0030431,R.Woods,WR,BUF,SEA,0,0,0.0,0,0.0,0.0,0.0,0,0.0,0,13,10,162.0,0,16.2,26.2,,,72.0,190.0,24.57325,3.0,Southern California,2013.0,2013.0,BUF,41.0,,0.38235295
2016,11,00-0030431,R.Woods,WR,BUF,CIN,0,0,0.0,0,0.0,0.0,0.0,0,0.0,0,3,3,41.0,0,4.1,7.1,,,72.0,190.0,24.57325,3.0,Southern California,2013.0,2013.0,BUF,41.0,,0.11111111
2016,14,00-0030431,R.Woods,WR,BUF,PIT,0,0,0.0,0,0.0,0.0,0.0,0,0.0,0,3,1,29.0,0,2.9,3.9,,,72.0,190.0,24.57325,3.0,Southern California,2013.0,2013.0,BUF,41.0,-7.0,0.12
2016,15,00-0030431,R.Woods,WR,BUF,CLE,0,0,0.0,0,0.0,0.0,0.0,0,0.0,0,2,1,5.0,0,0.5,1.5,,,72.0,190.0,24.57325,3.0,Southern California,2013.0,2013.0,BUF,41.0,20.0,0.08
2016,16,00-0030431,R.Woods,WR,BUF,MIA,0,0,0.0,0,0.0,0.0,0.0,0,0.0,0,6,3,43.0,0,4.3,7.3,,,72.0,190.0,24.57325,3.0,Southern California,2013.0,2013.0,BUF,41.0,-3.0,0.15384616
2016,17,00-0030431,R.Woods,WR,BUF,NYJ,0,0,0.0,0,0.0,0.0,0.0,0,0.0,0,5,4,43.0,0,4.3,8.3,,,72.0,190.0,24.57325,3.0,Southern California,2013.0,2013.0,BUF,41.0,,0.16129032
2016,1,00-0030432,C.Michael,RB,SEA,MIA,0,0,0.0,0,0.0,0.0,0.0,15,66.0,0,4,2,5.0,0,7.1,9.1,,,70.0,221.0,26.027578947368422,3.0,Texas A&M,2013.0,2013.0,SEA,62.0,2.0,0.09756097
2016,2,00-0030432,C.Michael,RB,SEA,LA,0,0,0.0,0,0.0,0.0,0.0,10,60.0,0,4,3,26.0,0,6.6,9.6,,,70.0,221.0,26.027578947368422,3.0,Texas A&M,2013.0,2013.0,SEA,62.0,,0.114285715
2016,3,00-0030432,C.Michael,RB,SEA,SF,0,0,0.0,0,0.0,0.0,0.0,20,106.0,2,3,2,5.0,0,23.1,25.1,,,70.0,221.0,26.027578947368422,3.0,Texas A&M,2013.0,2013.0,SEA,62.0,19.0,0.1
2016,4,00-0030432,C.Michael,RB,SEA,NYJ,0,0,0.0,0,0.0,0.0,0.0,18,58.0,0,6,5,32.0,1,15.0,20.0,,,70.0,221.0,26.027578947368422,3.0,Texas A&M,2013.0,2013.0,SEA,62.0,,0.1875
2016,6,00-0030432,C.Michael,RB,SEA,ATL,0,0,0.0,0,0.0,0.0,0.0,18,64.0,2,3,3,19.0,0,20.3,23.3,,,70.0,221.0,26.027578947368422,3.0,Texas A&M,2013.0,2013.0,SEA,62.0,2.0,0.083333336
2016,7,00-0030432,C.Michael,RB,SEA,ARI,0,0,0.0,0,0.0,0.0,0.0,16,52.0,0,3,3,3.0,0,5.5,8.5,,,70.0,221.0,26.027578947368422,3.0,Texas A&M,2013.0,2013.0,SEA,62.0,,0.083333336
2016,8,00-0030432,C.Michael,RB,SEA,NO,0,0,0.0,0,0.0,0.0,0.0,10,40.0,1,2,1,2.0,0,10.2,11.2,,,70.0,221.0,26.027578947368422,3.0,Texas A&M,2013.0,2013.0,SEA,62.0,,0.0625
2016,9,00-0030432,C.Michael,RB,SEA,BUF,0,0,0.0,0,0.0,0.0,0.0,5,1.0,1,0,0,0.0,0,6.1,6.1,,,70.0,221.0,26.027578947368422,3.0,Texas A&M,2013.0,2013.0,SEA,62.0,6.0,
2016,10,00-0030432,C.Michael,RB,SEA,NE,0,0,0.0,0,0.0,0.0,0.0,5,22.0,0,1,1,4.0,0,2.6,3.6,,,70.0,221.0,26.027578947368422,3.0,Texas A&M,2013.0,2013.0,SEA,62.0,,0.027777778
2016,12,00-0030432,C.Michael,RB,GB,PHI,0,0,0.0,0,0.0,0.0,0.0,1,4.0,0,0,0,0.0,0,0.4,0.4,,,70.0,221.0,26.027578947368422,3.0,Texas A&M,2013.0,2013.0,SEA,62.0,,
2016,13,00-0030432,C.Michael,RB,GB,HOU,0,0,0.0,0,0.0,0.0,0.0,9,19.0,0,0,0,0.0,0,1.9,1.9,,,70.0,221.0,26.027578947368422,3.0,Texas A&M,2013.0,2013.0,SEA,62.0,8.0,
2016,14,00-0030432,C.Michael,RB,GB,SEA,0,0,0.0,0,0.0,0.0,0.0,10,36.0,0,0,0,0.0,0,3.6,3.6,,,70.0,221.0,26.027578947368422,3.0,Texas A&M,2013.0,2013.0,SEA,62.0,28.0,
2016,15,00-0030432,C.Michael,RB,GB,CHI,0,0,0.0,0,0.0,0.0,0.0,4,45.0,1,0,0,0.0,0,10.5,10.5,,,70.0,221.0,26.027578947368422,3.0,Texas A&M,2013.0,2013.0,SEA,62.0,,
2016,16,00-0030432,C.Michael,RB,GB,MIN,0,0,0.0,0,0.0,0.0,0.0,4,4.0,0,1,1,1.0,0,0.5,1.5,,,70.0,221.0,26.027578947368422,3.0,Texas A&M,2013.0,2013.0,SEA,62.0,13.0,0.025641026
2016,17,00-0030432,C.Michael,RB,GB,DET,0,0,0.0,0,0.0,0.0,0.0,3,6.0,0,2,1,10.0,0,1.6,2.6,,,70.0,221.0,26.027578947368422,3.0,Texas A&M,2013.0,2013.0,SEA,62.0,,0.051282052
2016,18,00-0030432,C.Michael,RB,GB,NYG,0,0,0.0,0,0.0,0.0,0.0,10,47.0,0,0,0,0.0,0,4.7,4.7,,,70.0,221.0,26.027578947368422,3.0,Texas A&M,2013.0,2013.0,SEA,62.0,25.0,
2016,20,00-0030432,C.Michael,RB,GB,ATL,0,0,0.0,0,0.0,0.0,0.0,6,11.0,0,2,1,3.0,0,1.4,2.4,,,70.0,221.0,26.027578947368422,3.0,Texas A&M,2013.0,2013.0,SEA,62.0,,0.046511628
2016,1,00-0030433,M.Gillislee,RB,BUF,BAL,0,0,0.0,0,0.0,0.0,0.0,0,0.0,0,1,1,-4.0,0,-0.4,0.6,,,71.0,219.0,26.013375,3.0,Florida,2013.0,2013.0,MIA,164.0,,0.045454547
2016,2,00-0030433,M.Gillislee,RB,BUF,NYJ,0,0,0.0,0,0.0,0.0,0.0,0,0.0,0,1,1,18.0,1,7.8,8.8,,,71.0,219.0,26.013375,3.0,Florida,2013.0,2013.0,MIA,164.0,-6.0,0.033333335
2016,3,00-0030433,M.Gillislee,RB,BUF,ARI,0,0,0.0,0,0.0,0.0,0.0,3,20.0,0,0,0,0.0,0,2.0,2.0,,,71.0,219.0,26.013375,3.0,Florida,2013.0,2013.0,MIA,164.0,15.0,
2016,4,00-0030433,M.Gillislee,RB,BUF,NE,0,0,0.0,0,0.0,0.0,0.0,6,30.0,0,2,1,13.0,0,4.3,5.3,,,71.0,219.0,26.013375,3.0,Florida,2013.0,2013.0,MIA,164.0,,0.05263158
2016,5,00-0030433,M.Gillislee,RB,BUF,LA,0,0,0.0,0,0.0,0.0,0.0,2,6.0,1,0,0,0.0,0,6.6,6.6,,,71.0,219.0,26.013375,3.0,Florida,2013.0,2013.0,MIA,164.0,,
2016,6,00-0030433,M.Gillislee,RB,BUF,SF,0,0,0.0,0,0.0,0.0,0.0,6,61.0,1,0,0,0.0,0,12.1,12.1,,,71.0,219.0,26.013375,3.0,Florida,2013.0,2013.0,MIA,164.0,29.0,
2016,7,00-0030433,M.Gillislee,RB,BUF,MIA,0,0,0.0,0,0.0,0.0,0.0,5,20.0,0,0,0,0.0,0,2.0,2.0,,,71.0,219.0,26.013375,3.0,Florida,2013.0,2013.0,MIA,164.0,,
2016,8,00-0030433,M.Gillislee,RB,BUF,NE,0,0,0.0,0,0.0,0.0,0.0,12,85.0,1,3,3,9.0,0,15.4,18.4,,,71.0,219.0,26.013375,3.0,Florida,2013.0,2013.0,MIA,164.0,-16.0,0.07692308
2016,9,00-0030433,M.Gillislee,RB,BUF,SEA,0,0,0.0,0,0.0,0.0,0.0,8,32.0,1,2,2,4.0,0,9.6,11.6,,,71.0,219.0,26.013375,3.0,Florida,2013.0,2013.0,MIA,164.0,,0.05882353
2016,11,00-0030433,M.Gillislee,RB,BUF,CIN,0,0,0.0,0,0.0,0.0,0.0,14,72.0,0,1,0,0.0,0,7.2,7.2,,,71.0,219.0,26.013375,3.0,Florida,2013.0,2013.0,MIA,164.0,,0.037037037
2016,13,00-0030433,M.Gillislee,RB,BUF,LV,0,0,0.0,0,0.0,0.0,0.0,8,49.0,2,0,0,0.0,0,16.9,16.9,,,71.0,219.0,26.013375,3.0,Florida,2013.0,2013.0,MIA,164.0,,
2016,14,00-0030433,M.Gillislee,RB,BUF,PIT,0,0,0.0,0,0.0,0.0,0.0,2,34.0,0,0,0,0.0,0,3.4,3.4,,,71.0,219.0,26.013375,3.0,Florida,2013.0,2013.0,MIA,164.0,-7.0,
2016,15,00-0030433,M.Gillislee,RB,BUF,CLE,0,0,0.0,0,0.0,0.0,0.0,9,37.0,1,0,0,0.0,0,9.7,9.7,,,71.0,219.0,26.013375,3.0,Florida,2013.0,2013.0,MIA,164.0,20.0,
2016,16,00-0030433,M.Gillislee,RB,BUF,MIA,0,0,0.0,0,0.0,0.0,0.0,11,91.0,0,0,0,0.0,0,9.1,9.1,,,71.0,219.0,26.013375,3.0,Florida,2013.0,2013.0,MIA,164.0,-3.0,
2016,17,00-0030433,M.Gillislee,RB,BUF,NYJ,0,0,0.0,0,0.0,0.0,0.0,15,40.0,1,1,1,10.0,0,11.0,12.0,,,71.0,219.0,26.013375,3.0,Florida,2013.0,2013.0,MIA,164.0,,0.032258064
2016,2,00-0030443,L.Toilolo,TE,ATL,LV,0,0,0.0,0,0.0,0.0,0.0,0,0.0,0,2,2,21.0,0,2.1,4.1,,,80.0,265.0,25.30484210526316,3.0,Stanford,2013.0,2013.0,ATL,133.0,,0.05882353
2016,4,00-0030443,L.Toilolo,TE,ATL,CAR,0,0,0.0,0,0.0,0.0,0.0,0,0.0,0,1,0,0.0,0,0.0,0.0,,,80.0,265.0,25.30484210526316,3.0,Stanford,2013.0,2013.0,ATL,133.0,15.0,0.027027028
2016,5,00-0030443,L.Toilolo,TE,ATL,DEN,0,0,0.0,0,0.0,0.0,0.0,0,0.0,0,1,0,0.0,0,0.0,0.0,,,80.0,265.0,25.30484210526316,3.0,Stanford,2013.0,2013.0,ATL,133.0,,0.035714287
2016,6,00-0030443,L.Toilolo,TE,ATL,SEA,0,0,0.0,0,0.0,0.0,0.0,0,0.0,0,4,3,69.0,1,12.9,15.9,,,80.0,265.0,25.30484210526316,3.0,Stanford,2013.0,2013.0,ATL,133.0,,0.09756097
2016,7,00-0030443,L.Toilolo,TE,ATL,LAC,0,0,0.0,0,0.0,0.0,0.0,0,0.0,0,1,1,5.0,0,0.5,1.5,,,80.0,265.0,25.30484210526316,3.0,Stanford,2013.0,2013.0,ATL,133.0,-3.0,0.029411765
2016,8,00-0030443,L.Toilolo,TE,ATL,GB,0,0,0.0,0,0.0,0.0,0.0,0,0.0,0,1,0,0.0,0,0.0,0.0,,,80.0,265.0,25.30484210526316,3.0,Stanford,2013.0,2013.0,ATL,133.0,1.0,0.028571429
2016,9,00-0030443,L.Toilolo,TE,ATL,TB,0,0,0.0,0,0.0,0.0,0.0,0,0.0,0,1,1,32.0,1,9.2,10.2,,,80.0,265.0,25.30484210526316,3.0,Stanford,2013.0,2013.0,ATL,133.0,,0.029411765
2016,12,00-0030443,L.Toilolo,TE,ATL,ARI,0,0,0.0,0,0.0,0.0,0.0,0,0.0,0,1,1,18.0,0,1.8,2.8,,,80.0,265.0,25.30484210526316,3.0,Stanford,2013.0,2013.0,ATL,133.0,19.0,0.030303031
2016,13,00-0030443,L.Toilolo,TE,ATL,KC,0,0,0.0,0,0.0,0.0,0.0,0,0.0,0,1,1,42.0,0,4.2,5.2,,,80.0,265.0,25.30484210526316,3.0,Stanford,2013.0,2013.0,ATL,133.0,-1.0,0.030303031
2016,14,00-0030443,L.Toilolo,TE,ATL,LA,0,0,0.0,0,0.0,0.0,0.0,0,0.0,0,1,1,19.0,0,1.9,2.9,,,80.0,265.0,25.30484210526316,3.0,Stanford,2013.0,2013.0,ATL,133.0,,0.033333335
2016,15,00-0030443,L.Toilolo,TE,ATL,SF,0,0,0.0,0,0.0,0.0,0.0,0,0.0,0,1,1,30.0,0,3.0,4.0,,,80.0,265.0,25.30484210526316,3.0,Stanford,2013.0,2013.0,ATL,133.0,28.0,0.04347826
2016,16,00-0030443,L.Toilolo,TE,ATL,CAR,0,0,0.0,0,0.0,0.0,0.0,0,0.0,0,1,1,10.0,0,1.0,2.0,,,80.0,265.0,25.30484210526316,3.0,Stanford,2013.0,2013.0,ATL,133.0,,0.030303031
2016,17,00-0030443,L.Toilolo,TE,ATL,NO,0,0,0.0,0,0.0,0.0,0.0,0,0.0,0,3,1,18.0,0,1.8,2.8,,,80.0,265.0,25.30484210526316,3.0,Stanford,2013.0,2013.0,ATL,133.0,6.0,0.083333336
2016,19,00-0030443,L.Toilolo,TE,ATL,SEA,0,0,0.0,0,0.0,0.0,0.0,0,0.0,0,4,2,26.0,0,2.6,4.6,,,80.0,265.0,25.30484210526316,3.0,Stanford,2013.0,2013.0,ATL,133.0,16.0,0.10810811
2016,20,00-0030443,L.Toilolo,TE,ATL,GB,0,0,0.0,0,0.0,0.0,0.0,0,0.0,0,2,1,5.0,0,0.5,1.5,,,80.0,265.0,25.30484210526316,3.0,Stanford,2013.0,2013.0,ATL,133.0,23.0,0.05263158
2016,1,00-0030450,,WR,SF,LA,0,0,0.0,0,0.0,0.0,0.0,0,0.0,0,5,5,60.0,0,6.0,11.0,,,72.0,204.0,26.2456875,3.0,,2013.0,2013.0,SF,128.0,28.0,0.14285715
2016,2,00-0030450,,WR,SF,CAR,0,0,0.0,0,0.0,0.0,0.0,0,0.0,0,6,3,25.0,0,2.5,5.5,,,72.0,204.0,26.2456875,3.0,,2013.0,2013.0,SF,128.0,,0.16666667
2016,3,00-0030450,,WR,SF,SEA,0,0,0.0,0,0.0,0.0,0.0,0,0.0,0,4,1,8.0,0,0.8,1.8,,,72.0,204.0,26.2456875,3.0,,2013.0,2013.0,SF,128.0,,0.16
2016,4,00-0030450,,WR,SF,DAL,0,0,0.0,0,0.0,0.0,0.0,0,0.0,0,3,1,13.0,0,1.3,2.3,,,72.0,204.0,26.2456875,3.0,,2013.0,2013.0,SF,128.0,-7.0,0.13043478
2016,5,00-0030450,,WR,SF,ARI,0,0,0.0,0,0.0,0.0,0.0,0,0.0,0,2,2,16.0,0,1.6,3.6,,,72.0,204.0,26.2456875,3.0,,2013.0,2013.0,SF,128.0,-12.0,0.06451613
2016,6,00-0030450,,WR,SF,BUF,0,0,0.0,0,0.0,0.0,0.0,0,0.0,0,7,4,52.0,0,5.2,9.2,,,72.0,204.0,26.2456875,3.0,,2013.0,2013.0,SF,128.0,,0.25
2016,7,00-0030450,,WR,SF,TB,0,0,0.0,0,0.0,0.0,0.0,0,0.0,0,4,3,13.0,0,1.3,4.3,,,72.0,204.0,26.2456875,3.0,,2013.0,2013.0,SF,128.0,-17.0,0.125
2016,9,00-0030450,,WR,SF,NO,0,0,0.0,0,0.0,0.0,0.0,0,0.0,0,9,6,106.0,0,10.6,16.6,,,72.0,204.0,26.2456875,3.0,,2013.0,2013.0,SF,128.0,-18.0,0.23076923
2016,10,00-0030450,,WR,SF,ARI,0,0,0.0,0,0.0,0.0,0.0,0,0.0,0,9,3,52.0,0,5.2,8.2,,,72.0,204.0,26.2456875,3.0,,2013.0,2013.0,SF,128.0,,0.3
2016,11,00-0030450,,WR,SF,NE,0,0,0.0,0,0.0,0.0,0.0,0,0.0,0,5,2,17.0,0,1.7,3.7,,,72.0,204.0,26.2456875,3.0,,2013.0,2013.0,SF,128.0,-13.0,0.16666667
2016,12,00-0030450,,WR,SF,MIA,0,0,0.0,0,0.0,0.0,0.0,0,0.0,0,1,1,12.0,0,1.2,2.2,,,72.0,204.0,26.2456875,3.0,,2013.0,2013.0,SF,128.0,,0.022222223
2016,14,00-0030450,,WR,SF,NYJ,0,0,0.0,0,0.0,0.0,0.0,0,0.0,0,6,4,31.0,0,3.1,7.1,,,72.0,204.0,26.2456875,3.0,,2013.0,2013.0,SF,128.0,-6.0,0.23076923
2016,15,00-0030450,,WR,SF,ATL,0,0,0.0,0,0.0,0.0,0.0,0,0.0,0,2,2,3.0,0,0.3,2.3,,,72.0,204.0,26.2456875,3.0,,2013.0,2013.0,SF,128.0,,0.060606062
2016,1,00-0030456,G.Bernard,RB,CIN,NYJ,0,0,0.0,0,0.0,0.0,0.0,5,25.0,0,4,2,5.0,0,3.0,5.0,,,69.0,205.0,24.9578125,3.0,North Carolina,2013.0,2013.0,CIN,37.0,,0.13333334
2016,2,00-0030456,G.Bernard,RB,CIN,PIT,0,0,0.0,0,0.0,0.0,0.0,5,17.0,0,11,9,100.0,1,15.7,24.7,,,69.0,205.0,24.9578125,3.0,North Carolina,2013.0,2013.0,CIN,37.0,,0.2037037
2016,3,00-0030456,G.Bernard,RB,CIN,DEN,0,0,0.0,0,0.0,0.0,0.0,5,8.0,0,5,5,36.0,0,4.4,9.4,,,69.0,205.0,24.9578125,3.0,North Carolina,2013.0,2013.0,CIN,37.0,-12.0,0.17857143
2016,4,00-0030456,G.Bernard,RB,CIN,MIA,0,0,0.0,0,0.0,0.0,0.0,10,18.0,0,4,3,24.0,0,4.2,7.2,,,69.0,205.0,24.9578125,3.0,North Carolina,2013.0,2013.0,CIN,37.0,15.0,0.12903225
2016,5,00-0030456,G.Bernard,RB,CIN,DAL,0,0,0.0,0,0.0,0.0,0.0,9,50.0,0,6,6,46.0,0,9.6,15.6,,,69.0,205.0,24.9578125,3.0,North Carolina,2013.0,2013.0,CIN,37.0,,0.15384616
2016,6,00-0030456,G.Bernard,RB,CIN,NE,0,0,0.0,0,0.0,0.0,0.0,15,49.0,0,5,4,45.0,0,9.4,13.4,,,69.0,205.0,24.9578125,3.0,North Carolina,2013.0,2013.0,CIN,37.0,,0.16129032
2016,7,00-0030456,G.Bernard,RB,CIN,CLE,0,0,0.0,0,0.0,0.0,0.0,17,80.0,1,2,1,7.0,0,14.7,15.7,,,69.0,205.0,24.9578125,3.0,North Carolina,2013.0,2013.0,CIN,37.0,14.0,0.07692308
2016,8,00-0030456,G.Bernard,RB,CIN,WAS,0,0,0.0,0,0.0,0.0,0.0,11,52.0,1,1,1,14.0,0,12.6,13.6,,,69.0,205.0,24.9578125,3.0,North Carolina,2013.0,2013.0,CIN,37.0,0.0,0.023809524
2016,10,00-0030456,G.Bernard,RB,CIN,NYG,0,0,0.0,0,0.0,0.0,0.0,7,17.0,0,5,3,19.0,0,3.6,6.6,,,69.0,205.0,24.9578125,3.0,North Carolina,2013.0,2013.0,CIN,37.0,,0.17857143
2016,11,00-0030456,G.Bernard,RB,CIN,BUF,0,0,0.0,0,0.0,0.0,0.0,7,21.0,0,8,5,40.0,0,6.1,11.1,,,69.0,205.0,24.9578125,3.0,North Carolina,2013.0,2013.0,CIN,37.0,-4.0,0.2
2016,3,00-0030460,M.Wheaton,WR,PIT,PHI,0,0,0.0,0,0.0,0.0,0.0,0,0.0,0,5,1,2.0,0,0.2,1.2,,,71.0,189.0,25.777736842105263,3.0,Oregon State,2013.0,2013.0,PIT,79.0,,0.11363637
2016,4,00-0030460,M.Wheaton,WR,PIT,KC,0,0,0.0,0,0.0,0.0,0.0,0,0.0,0,1,1,30.0,1,11.0,12.0,,,71.0,189.0,25.777736842105263,3.0,Oregon State,2013.0,2013.0,PIT,79.0,29.0,0.037037037
2016,5,00-0030460,M.Wheaton,WR,PIT,NYJ,0,0,0.0,0,0.0,0.0,0.0,0,0.0,0,3,2,19.0,0,1.9,3.9,,,71.0,189.0,25.777736842105263,3.0,Oregon State,2013.0,2013.0,PIT,79.0,18.0,0.06382979
2016,1,00-0030465,K.Barner,RB,PHI,CLE,0,0,0.0,0,0.0,0.0,0.0,4,42.0,0,0,0,0.0,0,4.2,4.2,,,69.0,195.0,27.5321875,3.0,Oregon,2013.0,2013.0,CAR,182.0,19.0,
2016,2,00-0030465,K.Barner,RB,PHI,CHI,0,0,0.0,0,0.0,0.0,0.0,2,2.0,0,0,0,0.0,0,0.2,0.2,,,69.0,195.0,27.5321875,3.0,Oregon,2013.0,2013.0,CAR,182.0,,
2016,3,00-0030465,K.Barner,RB,PHI,PIT,0,0,0.0,0,0.0,0.0,0.0,8,42.0,1,0,0,0.0,0,10.2,10.2,,,69.0,195.0,27.5321875,3.0,Oregon,2013.0,2013.0,CAR,182.0,31.0,
2016,6,00-0030465,K.Barner,RB,PHI,WAS,0,0,0.0,0,0.0,0.0,0.0,2,6.0,0,0,0,0.0,0,0.6,0.6,,,69.0,195.0,27.5321875,3.0,Oregon,2013.0,2013.0,CAR,182.0,,
2016,8,00-0030465,K.Barner,RB,PHI,DAL,0,0,0.0,0,0.0,0.0,0.0,3,9.0,0,1,1,5.0,0,1.4,2.4,,,69.0,195.0,27.5321875,3.0,Oregon,2013.0,2013.0,CAR,182.0,,0.022727273
2016,9,00-0030465,K.Barner,RB,PHI,NYG,0,0,0.0,0,0.0,0.0,0.0,1,3.0,1,0,0,0.0,0,6.3,6.3,,,69.0,195.0,27.5321875,3.0,Oregon,2013.0,2013.0,CAR,182.0,,
2016,11,00-0030465,K.Barner,RB,PHI,SEA,0,0,0.0,0,0.0,0.0,0.0,3,17.0,0,1,0,0.0,0,1.7,1.7,,,69.0,195.0,27.5321875,3.0,Oregon,2013.0,2013.0,CAR,182.0,,0.022727273
2016,12,00-0030465,K.Barner,RB,PHI,GB,0,0,0.0,0,0.0,0.0,0.0,1,2.0,0,1,1,10.0,0,1.2,2.2,,,69.0,195.0,27.5321875,3.0,Oregon,2013.0,2013.0,CAR,182.0,-14.0,0.027777778
2016,13,00-0030465,K.Barner,RB,PHI,CIN,0,0,0.0,0,0.0,0.0,0.0,0,0.0,0,3,1,2.0,0,0.2,1.2,,,69.0,195.0,27.5321875,3.0,Oregon,2013.0,2013.0,CAR,182.0,,0.05
2016,15,00-0030465,K.Barner,RB,PHI,BAL,0,0,0.0,0,0.0,0.0,0.0,3,6.0,0,5,2,25.0,0,3.1,5.1,,,69.0,195.0,27.5321875,3.0,Oregon,2013.0,2013.0,CAR,182.0,,0.11904762
2016,1,00-0030470,V.McDonald,TE,SF,LA,0,0,0.0,0,0.0,0.0,0.0,0,0.0,0,3,2,14.0,1,7.4,9.4,,,76.0,267.0,26.4018125,3.0,Rice,2013.0,2013.0,SF,55.0,28.0,0.08571429
2016,2,00-0030470,V.McDonald,TE,SF,CAR,0,0,0.0,0,0.0,0.0,0.0,0,0.0,0,2,1,75.0,1,13.5,14.5,,,76.0,267.0,26.4018125,3.0,Rice,2013.0,2013.0,SF,55.0,,0.055555556
2016,3,00-0030470,V.McDonald,TE,SF,SEA,0,0,0.0,0,0.0,0.0,0.0,0,0.0,0,2,2,4.0,0,0.4,2.4,,,76.0,267.0,26.4018125,3.0,Rice,2013.0,2013.0,SF,55.0,,0.08
2016,6,00-0030470,V.McDonald,TE,SF,BUF,0,0,0.0,0,0.0,0.0,0.0,0,0.0,0,2,2,25.0,0,2.5,4.5,,,76.0,267.0,26.4018125,3.0,Rice,2013.0,2013.0,SF,55.0,,0.071428575
2016,7,00-0030470,V.McDonald,TE,SF,TB,0,0,0.0,0,0.0,0.0,0.0,0,0.0,0,6,1,24.0,0,2.4,3.4,,,76.0,267.0,26.4018125,3.0,Rice,2013.0,2013.0,SF,55.0,-17.0,0.1875
2016,9,00-0030470,V.McDonald,TE,SF,NO,0,0,0.0,0,0.0,0.0,0.0,0,0.0,0,6,3,84.0,1,14.4,17.4,,,76.0,267.0,26.4018125,3.0,Rice,2013.0,2013.0,SF,55.0,-18.0,0.15384616
2016,10,00-0030470,V.McDonald,TE,SF,ARI,0,0,0.0,0,0.0,0.0,0.0,0,0.0,0,6,4,50.0,0,5.0,9.0,,,76.0,267.0,26.4018125,3.0,Rice,2013.0,2013.0,SF,55.0,,0.2
2016,11,00-0030470,V.McDonald,TE,SF,NE,0,0,0.0,0,0.0,0.0,0.0,0,0.0,0,6,3,46.0,1,10.6,13.6,,,76.0,267.0,26.4018125,3.0,Rice,2013.0,2013.0,SF,55.0,-13.0,0.2
2016,12,00-0030470,V.McDonald,TE,SF,MIA,0,0,0.0,0,0.0,0.0,0.0,0,0.0,0,8,4,60.0,0,6.0,10.0,,,76.0,267.0,26.4018125,3.0,Rice,2013.0,2013.0,SF,55.0,,0.17777778
2016,13,00-0030470,V.McDonald,TE,SF,CHI,0,0,0.0,0,0.0,0.0,0.0,0,0.0,0,4,2,9.0,0,0.9,2.9,,,76.0,267.0,26.4018125,3.0,Rice,2013.0,2013.0,SF,55.0,,0.26666668
2016,1,00-0030472,J.Reed,TE,WAS,PIT,0,0,0.0,0,0.0,0.0,0.0,0,0.0,0,11,7,64.0,0,6.4,13.4,,,74.0,237.0,26.346125,3.0,Florida,2013.0,2013.0,WAS,85.0,-22.0,0.25581396
2016,2,00-0030472,J.Reed,TE,WAS,DAL,0,0,0.0,0,0.0,0.0,0.0,0,0.0,0,7,5,70.0,0,7.0,12.0,,,74.0,237.0,26.346125,3.0,Florida,2013.0,2013.0,WAS,85.0,-4.0,0.1590909
2016,3,00-0030472,J.Reed,TE,WAS,NYG,0,0,0.0,0,0.0,0.0,0.0,0,0.0,0,7,4,56.0,0,5.6,9.6,,,74.0,237.0,26.346125,3.0,Florida,2013.0,2013.0,WAS,85.0,,0.2
2016,4,00-0030472,J.Reed,TE,WAS,CLE,0,0,0.0,0,0.0,0.0,0.0,0,0.0,0,10,9,73.0,2,19.3,28.3,,,74.0,237.0,26.346125,3.0,Florida,2013.0,2013.0,WAS,85.0,11.0,0.37037036
2016,5,00-0030472,J.Reed,TE,WAS,BAL,0,0,0.0,0,0.0,0.0,0.0,0,0.0,0,11,8,53.0,0,5.3,13.3,,,74.0,237.0,26.346125,3.0,Florida,2013.0,2013.0,WAS,85.0,,0.2820513
2016,8,00-0030472,J.Reed,TE,WAS,CIN,0,0,0.0,0,0.0,0.0,0.0,0,0.0,0,13,9,99.0,1,15.9,24.9,,,74.0,237.0,26.346125,3.0,Florida,2013.0,2013.0,WAS,85.0,,0.23214285
2016,10,00-0030472,J.Reed,TE,WAS,MIN,0,0,0.0,0,0.0,0.0,0.0,0,0.0,0,4,2,41.0,0,4.1,6.1,,,74.0,237.0,26.346125,3.0,Florida,2013.0,2013.0,WAS,85.0,6.0,0.121212125
2016,11,00-0030472,J.Reed,TE,WAS,GB,0,0,0.0,0,0.0,0.0,0.0,0,0.0,0,6,5,79.0,0,7.9,12.9,,,74.0,237.0,26.346125,3.0,Florida,2013.0,2013.0,WAS,85.0,18.0,0.2
2016,12,00-0030472,J.Reed,TE,WAS,DAL,0,0,0.0,0,0.0,0.0,0.0,0,0.0,0,12,10,95.0,2,21.5,31.5,,,74.0,237.0,26.346125,3.0,Florida,2013.0,2013.0,WAS,85.0,,0.2264151
2016,14,00-0030472,J.Reed,TE,WAS,PHI,0,0,0.0,0,0.0,0.0,0.0,0,0.0,0,1,1,10.0,0,1.0,2.0,,,74.0,237.0,26.346125,3.0,Florida,2013.0,2013.0,WAS,85.0,,0.04761905
2016,15,00-0030472,J.Reed,TE,WAS,CAR,0,0,0.0,0,0.0,0.0,0.0,0,0.0,0,1,1,6.0,0,0.6,1.6,,,74.0,237.0,26.346125,3.0,Florida,2013.0,2013.0,WAS,85.0,-11.0,0.021276595
2016,17,00-0030472,J.Reed,TE,WAS,NYG,0,0,0.0,0,0.0,0.0,0.0,0,0.0,0,6,5,40.0,1,8.0,13.0,,,74.0,237.0,26.346125,3.0,Florida,2013.0,2013.0,WAS,85.0,-9.0,0.1764706
2016,1,00-0030485,E.Lacy,RB,GB,JAX,0,0,0.0,0,0.0,0.0,0.0,14,61.0,0,2,1,17.0,0,7.8,8.8,,,71.0,234.0,26.466157894736842,3.0,Alabama,2013.0,2013.0,GB,61.0,,0.060606062
2016,2,00-0030485,E.Lacy,RB,GB,MIN,0,0,0.0,0,0.0,0.0,0.0,12,50.0,0,1,0,0.0,0,5.0,5.0,,,71.0,234.0,26.466157894736842,3.0,Alabama,2013.0,2013.0,GB,61.0,,0.027777778
2016,3,00-0030485,E.Lacy,RB,GB,DET,0,0,0.0,0,0.0,0.0,0.0,17,103.0,0,2,1,2.0,0,10.5,11.5,,,71.0,234.0,26.466157894736842,3.0,Alabama,2013.0,2013.0,GB,61.0,7.0,0.083333336
2016,5,00-0030485,E.Lacy,RB,GB,NYG,0,0,0.0,0,0.0,0.0,0.0,11,81.0,0,1,1,3.0,0,8.4,9.4,,,71.0,234.0,26.466157894736842,3.0,Alabama,2013.0,2013.0,GB,61.0,7.0,0.022727273
2016,6,00-0030485,E.Lacy,RB,GB,DAL,0,0,0.0,0,0.0,0.0,0.0,17,65.0,0,1,1,6.0,0,7.1,8.1,,,71.0,234.0,26.466157894736842,3.0,Alabama,2013.0,2013.0,GB,61.0,-14.0,0.023809524
2016,4,00-0030496,L.Bell,RB,PIT,KC,0,0,0.0,0,0.0,0.0,0.0,18,144.0,0,6,5,34.0,0,17.8,22.8,,,73.0,244.0,24.7790625,3.0,Michigan State,2013.0,2013.0,PIT,48.0,29.0,0.22222222
2016,5,00-0030496,L.Bell,RB,PIT,NYJ,0,0,0.0,0,0.0,0.0,0.0,20,66.0,0,11,9,88.0,0,15.4,24.4,,,73.0,244.0,24.7790625,3.0,Michigan State,2013.0,2013.0,PIT,48.0,18.0,0.23404256
2016,6,00-0030496,L.Bell,RB,PIT,MIA,0,0,0.0,0,0.0,0.0,0.0,10,53.0,0,7,6,55.0,0,12.8,18.8,,,73.0,244.0,24.7790625,3.0,Michigan State,2013.0,2013.0,PIT,48.0,,0.2
2016,7,00-0030496,L.Bell,RB,PIT,NE,0,0,0.0,0,0.0,0.0,0.0,21,81.0,0,13,10,68.0,0,14.9,24.9,,,73.0,244.0,24.7790625,3.0,Michigan State,2013.0,2013.0,PIT,48.0,-11.0,0.2826087
2016,9,00-0030496,L.Bell,RB,PIT,BAL,0,0,0.0,0,0.0,0.0,0.0,14,32.0,0,9,6,38.0,0,7.0,13.0,,,73.0,244.0,24.7790625,3.0,Michigan State,2013.0,2013.0,PIT,48.0,,0.2
2016,10,00-0030496,L.Bell,RB,PIT,DAL,0,0,0.0,0,0.0,0.0,0.0,17,57.0,1,10,9,77.0,1,25.4,34.4,,,73.0,244.0,24.7790625,3.0,Michigan State,2013.0,2013.0,PIT,48.0,-5.0,0.2173913
2016,11,00-0030496,L.Bell,RB,PIT,CLE,0,0,0.0,0,0.0,0.0,0.0,28,146.0,1,9,8,55.0,0,26.1,34.1,,,73.0,244.0,24.7790625,3.0,Michigan State,2013.0,2013.0,PIT,48.0,,0.25
2016,12,00-0030496,L.Bell,RB,PIT,IND,0,0,0.0,0,0.0,0.0,0.0,23,120.0,1,5,4,22.0,0,20.2,24.2,,,73.0,244.0,24.7790625,3.0,Michigan State,2013.0,2013.0,PIT,48.0,,0.23809524
2016,13,00-0030496,L.Bell,RB,PIT,NYG,0,1,0.0,0,0.0,0.0,-0.0,29,118.0,0,7,6,64.0,0,16.2,22.2,,,73.0,244.0,24.7790625,3.0,Michigan State,2013.0,2013.0,PIT,48.0,10.0,0.19444445
2016,14,00-0030496,L.Bell,RB,PIT,BUF,0,0,0.0,0,0.0,0.0,0.0,38,236.0,3,5,4,62.0,0,47.8,51.8,,,73.0,244.0,24.7790625,3.0,Michigan State,2013.0,2013.0,PIT,48.0,,0.16129032
2016,15,00-0030496,L.Bell,RB,PIT,CIN,0,0,0.0,0,0.0,0.0,0.0,23,93.0,0,8,5,38.0,0,13.1,18.1,,,73.0,244.0,24.7790625,3.0,Michigan State,2013.0,2013.0,PIT,48.0,,0.22857143
2016,16,00-0030496,L.Bell,RB,PIT,BAL,0,0,0.0,0,0.0,0.0,0.0,20,122.0,1,4,3,15.0,1,25.7,28.7,,,73.0,244.0,24.7790625,3.0,Michigan State,2013.0,2013.0,PIT,48.0,4.0,0.13333334
2016,18,00-0030496,L.Bell,RB,PIT,MIA,0,0,0.0,0,0.0,0.0,0.0,29,167.0,2,2,2,7.0,0,29.4,31.4,,,73.0,244.0,24.7790625,3.0,Michigan State,2013.0,2013.0,PIT,48.0,18.0,0.11111111
2016,19,00-0030496,L.Bell,RB,PIT,KC,0,0,0.0,0,0.0,0.0,0.0,30,170.0,0,5,2,-4.0,0,16.6,18.6,,,73.0,244.0,24.7790625,3.0,Michigan State,2013.0,2013.0,PIT,48.0,,0.16129032
2016,20,00-0030496,L.Bell,RB,PIT,NE,0,0,0.0,0,0.0,0.0,0.0,6,20.0,0,0,0,0.0,0,2.0,2.0,,,73.0,244.0,24.7790625,3.0,Michigan State,2013.0,2013.0,PIT,48.0,,
2016,1,00-0030506,T.Kelce,TE,KC,LAC,0,0,0.0,0,0.0,0.0,0.0,0,0.0,0,7,6,74.0,0,7.4,13.4,,,77.0,260.0,27.103529411764704,3.0,Cincinnati,2013.0,2013.0,KC,63.0,6.0,0.15555556
2016,2,00-0030506,T.Kelce,TE,KC,HOU,0,0,0.0,0,0.0,0.0,0.0,0,0.0,0,7,5,34.0,0,3.4,8.4,,,77.0,260.0,27.103529411764704,3.0,Cincinnati,2013.0,2013.0,KC,63.0,,0.1891892
2016,3,00-0030506,T.Kelce,TE,KC,NYJ,0,0,0.0,0,0.0,0.0,0.0,0,0.0,0,7,6,89.0,1,14.9,20.9,,,77.0,260.0,27.103529411764704,3.0,Cincinnati,2013.0,2013.0,KC,63.0,21.0,0.21212122
2016,4,00-0030506,T.Kelce,TE,KC,PIT,0,0,0.0,0,0.0,0.0,0.0,0,0.0,0,8,5,23.0,1,8.3,13.3,,,77.0,260.0,27.103529411764704,3.0,Cincinnati,2013.0,2013.0,KC,63.0,,0.1632653
2016,6,00-0030506,T.Kelce,TE,KC,LV,0,0,0.0,0,0.0,0.0,0.0,0,0.0,0,3,3,32.0,0,3.2,6.2,,,77.0,260.0,27.103529411764704,3.0,Cincinnati,2013.0,2013.0,KC,63.0,,0.13636364
2016,7,00-0030506,T.Kelce,TE,KC,NO,0,0,0.0,0,0.0,0.0,0.0,0,0.0,0,3,2,24.0,0,2.4,4.4,,,77.0,260.0,27.103529411764704,3.0,Cincinnati,2013.0,2013.0,KC,63.0,6.0,0.13043478
2016,8,00-0030506,T.Kelce,TE,KC,IND,0,0,0.0,0,0.0,0.0,0.0,0,0.0,0,10,7,101.0,1,16.1,23.1,,,77.0,260.0,27.103529411764704,3.0,Cincinnati,2013.0,2013.0,KC,63.0,,0.24390244
2016,9,00-0030506,T.Kelce,TE,KC,JAX,0,0,0.0,0,0.0,0.0,0.0,0,0.0,0,7,5,58.0,0,5.8,10.8,,,77.0,260.0,27.103529411764704,3.0,Cincinnati,2013.0,2013.0,KC,63.0,5.0,0.21212122
2016,10,00-0030506,T.Kelce,TE,KC,CAR,0,0,0.0,0,0.0,0.0,0.0,0,0.0,0,6,3,31.0,0,5.1,8.1,,,77.0,260.0,27.103529411764704,3.0,Cincinnati,2013.0,2013.0,KC,63.0,,0.15789473
2016,11,00-0030506,T.Kelce,TE,KC,TB,0,0,0.0,0,0.0,0.0,0.0,1,-5.0,0,9,7,108.0,0,10.3,17.3,,,77.0,260.0,27.103529411764704,3.0,Cincinnati,2013.0,2013.0,KC,63.0,-2.0,0.29032257
2016,12,00-0030506,T.Kelce,TE,KC,DEN,0,0,0.0,0,0.0,0.0,0.0,0,0.0,0,15,8,101.0,0,10.1,18.1,,,77.0,260.0,27.103529411764704,3.0,Cincinnati,2013.0,2013.0,KC,63.0,,0.36585367
2016,13,00-0030506,T.Kelce,TE,KC,ATL,0,0,0.0,0,0.0,0.0,0.0,0,0.0,0,8,8,140.0,0,14.0,22.0,,,77.0,260.0,27.103529411764704,3.0,Cincinnati,2013.0,2013.0,KC,63.0,,0.32
2016,14,00-0030506,T.Kelce,TE,KC,LV,0,0,0.0,0,0.0,0.0,0.0,0,0.0,0,8,5,101.0,0,10.1,15.1,,,77.0,260.0,27.103529411764704,3.0,Cincinnati,2013.0,2013.0,KC,63.0,8.0,0.32
2016,15,00-0030506,T.Kelce,TE,KC,TEN,0,0,0.0,0,0.0,0.0,0.0,0,0.0,0,5,3,41.0,0,4.1,7.1,,,77.0,260.0,27.103529411764704,3.0,Cincinnati,2013.0,2013.0,KC,63.0,-2.0,0.17857143
2016,16,00-0030506,T.Kelce,TE,KC,DEN,0,0,0.0,0,0.0,0.0,0.0,0,0.0,0,12,11,160.0,1,22.0,33.0,,,77.0,260.0,27.103529411764704,3.0,Cincinnati,2013.0,2013.0,KC,63.0,23.0,0.3243243
2016,17,00-0030506,T.Kelce,TE,KC,LAC,0,0,0.0,0,0.0,0.0,0.0,0,0.0,0,2,1,8.0,0,0.8,1.8,,,77.0,260.0,27.103529411764704,3.0,Cincinnati,2013.0,2013.0,KC,63.0,,0.071428575
2016,19,00-0030506,T.Kelce,TE,KC,PIT,0,0,0.0,0,0.0,0.0,0.0,0,0.0,0,7,5,77.0,0,7.7,12.7,,,77.0,260.0,27.103529411764704,3.0,Cincinnati,2013.0,2013.0,KC,63.0,-2.0,0.21875
2016,1,00-0030513,L.Murray,RB,LV,NO,0,0,0.0,0,0.0,0.0,0.0,14,59.0,1,2,1,13.0,0,13.2,14.2,,,75.0,225.0,26.809176470588234,3.0,Central Florida,2013.0,2013.0,OAK,181.0,,0.054054055
2016,2,00-0030513,L.Murray,RB,LV,ATL,0,0,0.0,0,0.0,0.0,0.0,8,57.0,1,6,6,44.0,0,16.1,22.1,,,75.0,225.0,26.809176470588234,3.0,Central Florida,2013.0,2013.0,OAK,181.0,,0.13333334
2016,3,00-0030513,L.Murray,RB,LV,TEN,0,0,0.0,0,0.0,0.0,0.0,10,37.0,1,1,1,1.0,0,9.8,10.8,,,75.0,225.0,26.809176470588234,3.0,Central Florida,2013.0,2013.0,OAK,181.0,,0.028571429
2016,4,00-0030513,L.Murray,RB,LV,BAL,0,0,0.0,0,0.0,0.0,0.0,8,19.0,0,2,2,5.0,0,2.4,4.4,,,75.0,225.0,26.809176470588234,3.0,Central Florida,2013.0,2013.0,OAK,181.0,,0.057142857
2016,7,00-0030513,L.Murray,RB,LV,JAX,0,0,0.0,0,0.0,0.0,0.0,18,59.0,2,5,2,4.0,0,18.3,20.3,,,75.0,225.0,26.809176470588234,3.0,Central Florida,2013.0,2013.0,OAK,181.0,,0.13513513
2016,8,00-0030513,L.Murray,RB,LV,TB,0,0,0.0,0,0.0,0.0,0.0,11,48.0,0,7,5,23.0,0,7.1,12.1,,,75.0,225.0,26.809176470588234,3.0,Central Florida,2013.0,2013.0,OAK,181.0,,0.12068965
2016,9,00-0030513,L.Murray,RB,LV,DEN,0,0,0.0,0,0.0,0.0,0.0,20,114.0,3,1,1,13.0,0,30.7,31.7,,,75.0,225.0,26.809176470588234,3.0,Central Florida,2013.0,2013.0,OAK,181.0,,0.033333335
2016,11,00-0030513,L.Murray,RB,LV,HOU,0,0,0.0,0,0.0,0.0,0.0,12,33.0,0,5,5,59.0,0,9.2,14.2,,,75.0,225.0,26.809176470588234,3.0,Central Florida,2013.0,2013.0,OAK,181.0,,0.16129032
2016,12,00-0030513,L.Murray,RB,LV,CAR,0,0,0.0,0,0.0,0.0,0.0,19,45.0,1,4,3,43.0,0,14.8,17.8,,,75.0,225.0,26.809176470588234,3.0,Central Florida,2013.0,2013.0,OAK,181.0,,0.10526316
2016,13,00-0030513,L.Murray,RB,LV,BUF,0,0,0.0,0,0.0,0.0,0.0,20,82.0,2,5,3,23.0,0,22.5,25.5,,,75.0,225.0,26.809176470588234,3.0,Central Florida,2013.0,2013.0,OAK,181.0,,0.14285715
2016,14,00-0030513,L.Murray,RB,LV,KC,0,0,0.0,0,0.0,0.0,0.0,22,103.0,1,1,0,0.0,0,16.3,16.3,,,75.0,225.0,26.809176470588234,3.0,Central Florida,2013.0,2013.0,OAK,181.0,,0.024390243
2016,15,00-0030513,L.Murray,RB,LV,LAC,0,0,0.0,0,0.0,0.0,0.0,13,81.0,0,1,1,11.0,0,7.2,8.2,,,75.0,225.0,26.809176470588234,3.0,Central Florida,2013.0,2013.0,OAK,181.0,,0.033333335
2016,16,00-0030513,L.Murray,RB,LV,IND,0,0,0.0,0,0.0,0.0,0.0,15,40.0,0,2,2,11.0,0,5.1,7.1,,,75.0,225.0,26.809176470588234,3.0,Central Florida,2013.0,2013.0,OAK,181.0,,0.060606062
2016,17,00-0030513,L.Murray,RB,LV,DEN,0,0,0.0,0,0.0,0.0,0.0,5,11.0,0,1,1,14.0,0,2.5,3.5,,,75.0,225.0,26.809176470588234,3.0,Central Florida,2013.0,2013.0,OAK,181.0,,0.03125
2016,18,00-0030513,L.Murray,RB,LV,HOU,0,0,0.0,0,0.0,0.0,0.0,12,39.0,1,4,1,12.0,0,11.1,12.1,,,75.0,225.0,26.809176470588234,3.0,Central Florida,2013.0,2013.0,OAK,181.0,,0.08888889
2016,4,00-0030514,M.Rivera,TE,LV,BAL,0,0,0.0,0,0.0,0.0,0.0,0,0.0,0,1,1,1.0,0,0.1,1.1,,,75.0,245.0,26.171352941176472,3.0,Tennessee,2013.0,2013.0,OAK,184.0,,0.028571429
2016,6,00-0030514,M.Rivera,TE,LV,KC,0,0,0.0,0,0.0,0.0,0.0,0,0.0,0,2,1,16.0,0,1.6,2.6,,,75.0,245.0,26.171352941176472,3.0,Tennessee,2013.0,2013.0,OAK,184.0,,0.060606062
2016,7,00-0030514,M.Rivera,TE,LV,JAX,0,0,0.0,0,0.0,0.0,0.0,0,0.0,0,1,1,13.0,0,1.3,2.3,,,75.0,245.0,26.171352941176472,3.0,Tennessee,2013.0,2013.0,OAK,184.0,,0.027027028
2016,8,00-0030514,M.Rivera,TE,LV,TB,0,0,0.0,0,0.0,0.0,0.0,0,0.0,0,3,3,36.0,1,9.6,12.6,,,75.0,245.0,26.171352941176472,3.0,Tennessee,2013.0,2013.0,OAK,184.0,,0.05172414
2016,9,00-0030514,M.Rivera,TE,LV,DEN,0,0,0.0,0,0.0,0.0,0.0,0,0.0,0,1,1,6.0,0,0.6,1.6,,,75.0,245.0,26.171352941176472,3.0,Tennessee,2013.0,2013.0,OAK,184.0,,0.033333335
2016,12,00-0030514,M.Rivera,TE,LV,CAR,0,0,0.0,0,0.0,0.0,0.0,0,0.0,0,2,2,13.0,0,1.3,3.3,,,75.0,245.0,26.171352941176472,3.0,Tennessee,2013.0,2013.0,OAK,184.0,,0.05263158
2016,13,00-0030514,M.Rivera,TE,LV,BUF,0,0,0.0,0,0.0,0.0,0.0,0,0.0,0,5,3,57.0,0,5.7,8.7,,,75.0,245.0,26.171352941176472,3.0,Tennessee,2013.0,2013.0,OAK,184.0,,0.14285715
2016,14,00-0030514,M.Rivera,TE,LV,KC,0,0,0.0,0,0.0,0.0,0.0,0,0.0,0,5,3,26.0,0,2.6,5.6,,,75.0,245.0,26.171352941176472,3.0,Tennessee,2013.0,2013.0,OAK,184.0,,0.12195122
2016,15,00-0030514,M.Rivera,TE,LV,LAC,0,0,0.0,0,0.0,0.0,0.0,0,0.0,0,2,1,15.0,0,1.5,2.5,,,75.0,245.0,26.171352941176472,3.0,Tennessee,2013.0,2013.0,OAK,184.0,,0.06666667
2016,17,00-0030514,M.Rivera,TE,LV,DEN,0,0,0.0,0,0.0,0.0,0.0,0,0.0,0,3,2,9.0,0,0.9,2.9,,,75.0,245.0,26.171352941176472,3.0,Tennessee,2013.0,2013.0,OAK,184.0,,0.09375
2016,18,00-0030514,M.Rivera,TE,LV,HOU,0,0,0.0,0,0.0,0.0,0.0,0,0.0,0,5,4,31.0,0,3.1,7.1,,,75.0,245.0,26.171352941176472,3.0,Tennessee,2013.0,2013.0,OAK,184.0,,0.11111111
2016,1,00-0030516,B.Butler,WR,DAL,NYG,0,0,0.0,0,0.0,0.0,0.0,0,0.0,0,2,1,16.0,0,1.6,2.6,,,75.0,210.0,26.783529411764704,3.0,San Diego State,2013.0,2013.0,OAK,209.0,-1.0,0.046511628
2016,2,00-0030516,B.Butler,WR,DAL,WAS,0,0,0.0,0,0.0,0.0,0.0,0,0.0,0,1,0,0.0,0,0.0,0.0,,,75.0,210.0,26.783529411764704,3.0,San Diego State,2013.0,2013.0,OAK,209.0,,0.033333335
2016,3,00-0030516,B.Butler,WR,DAL,CHI,0,0,0.0,0,0.0,0.0,0.0,0,0.0,0,1,0,0.0,0,0.0,0.0,,,75.0,210.0,26.783529411764704,3.0,San Diego State,2013.0,2013.0,OAK,209.0,14.0,0.041666668
2016,4,00-0030516,B.Butler,WR,DAL,SF,0,0,0.0,0,0.0,0.0,0.0,0,0.0,0,9,5,41.0,1,10.1,15.1,,,75.0,210.0,26.783529411764704,3.0,San Diego State,2013.0,2013.0,OAK,209.0,,0.28125
2016,5,00-0030516,B.Butler,WR,DAL,CIN,0,0,0.0,0,0.0,0.0,0.0,0,0.0,0,3,2,20.0,0,2.0,4.0,,,75.0,210.0,26.783529411764704,3.0,San Diego State,2013.0,2013.0,OAK,209.0,14.0,0.125
2016,6,00-0030516,B.Butler,WR,DAL,GB,0,0,0.0,0,0.0,0.0,0.0,0,0.0,0,3,1,20.0,1,8.0,9.0,,,75.0,210.0,26.783529411764704,3.0,San Diego State,2013.0,2013.0,OAK,209.0,,0.11111111
2016,8,00-0030516,B.Butler,WR,DAL,PHI,0,0,0.0,0,0.0,0.0,0.0,0,0.0,0,3,1,19.0,0,1.9,2.9,,,75.0,210.0,26.783529411764704,3.0,San Diego State,2013.0,2013.0,OAK,209.0,6.0,0.075
2016,9,00-0030516,B.Butler,WR,DAL,CLE,0,0,0.0,0,0.0,0.0,0.0,0,0.0,0,1,1,9.0,0,0.9,1.9,,,75.0,210.0,26.783529411764704,3.0,San Diego State,2013.0,2013.0,OAK,209.0,,0.035714287
2016,11,00-0030516,B.Butler,WR,DAL,BAL,0,0,0.0,0,0.0,0.0,0.0,0,0.0,0,2,2,49.0,0,4.9,6.9,,,75.0,210.0,26.783529411764704,3.0,San Diego State,2013.0,2013.0,OAK,209.0,10.0,0.055555556
2016,12,00-0030516,B.Butler,WR,DAL,WAS,0,0,0.0,0,0.0,0.0,0.0,0,0.0,0,2,0,0.0,0,0.0,0.0,,,75.0,210.0,26.783529411764704,3.0,San Diego State,2013.0,2013.0,OAK,209.0,5.0,0.08695652
2016,14,00-0030516,B.Butler,WR,DAL,NYG,0,0,0.0,0,0.0,0.0,0.0,0,0.0,0,1,0,0.0,0,0.0,0.0,,,75.0,210.0,26.783529411764704,3.0,San Diego State,2013.0,2013.0,OAK,209.0,,0.027027028
2016,15,00-0030516,B.Butler,WR,DAL,TB,0,0,0.0,0,0.0,0.0,0.0,0,0.0,0,1,1,21.0,0,2.1,3.1,,,75.0,210.0,26.783529411764704,3.0,San Diego State,2013.0,2013.0,OAK,209.0,6.0,0.027777778
2016,16,00-0030516,B.Butler,WR,DAL,DET,0,0,0.0,0,0.0,0.0,0.0,0,0.0,0,1,1,21.0,1,8.1,9.1,,,75.0,210.0,26.783529411764704,3.0,San Diego State,2013.0,2013.0,OAK,209.0,21.0,0.04761905
2016,17,00-0030516,B.Butler,WR,DAL,PHI,0,0,0.0,0,0.0,0.0,0.0,0,0.0,0,2,1,3.0,0,0.3,1.3,,,75.0,210.0,26.783529411764704,3.0,San Diego State,2013.0,2013.0,OAK,209.0,,0.071428575
2016,19,00-0030516,B.Butler,WR,DAL,GB,0,0,0.0,0,0.0,0.0,0.0,0,0.0,0,3,0,0.0,0,0.0,0.0,,,75.0,210.0,26.783529411764704,3.0,San Diego State,2013.0,2013.0,OAK,209.0,-3.0,0.08108108
2016,9,00-0030520,M.Glennon,QB,TB,ATL,10,11,75.0,1,0.0,0.0,-0.0,0,0.0,0,0,0,0.0,0,9.0,9.0,,,78.0,225.0,26.9051875,3.0,North Carolina State,2013.0,2013.0,TB,73.0,-15.0,
2016,5,00-0030521,J.Hunter,WR,BUF,LA,0,0,0.0,0,0.0,0.0,0.0,0,0.0,0,1,1,4.0,1,6.4,7.4,,,76.0,203.0,25.4661875,3.0,Tennessee,2013.0,2013.0,TEN,34.0,,0.04761905
2016,6,00-0030521,J.Hunter,WR,BUF,SF,0,0,0.0,0,0.0,0.0,0.0,0,0.0,0,3,1,30.0,1,9.0,10.0,,,76.0,203.0,25.4661875,3.0,Tennessee,2013.0,2013.0,TEN,34.0,29.0,0.12
2016,7,00-0030521,J.Hunter,WR,BUF,MIA,0,0,0.0,0,0.0,0.0,0.0,0,0.0,0,4,2,25.0,0,2.5,4.5,,,76.0,203.0,25.4661875,3.0,Tennessee,2013.0,2013.0,TEN,34.0,,0.16
2016,8,00-0030521,J.Hunter,WR,BUF,NE,0,0,0.0,0,0.0,0.0,0.0,0,0.0,0,5,1,7.0,0,0.7,1.7,,,76.0,203.0,25.4661875,3.0,Tennessee,2013.0,2013.0,TEN,34.0,-16.0,0.12820514
2016,9,00-0030521,J.Hunter,WR,BUF,SEA,0,0,0.0,0,0.0,0.0,0.0,0,0.0,0,1,1,5.0,1,6.5,7.5,,,76.0,203.0,25.4661875,3.0,Tennessee,2013.0,2013.0,TEN,34.0,,0.029411765
2016,12,00-0030521,J.Hunter,WR,BUF,JAX,0,0,0.0,0,0.0,0.0,0.0,0,0.0,0,1,1,16.0,1,7.6,8.6,,,76.0,203.0,25.4661875,3.0,Tennessee,2013.0,2013.0,TEN,34.0,7.0,0.055555556
2016,13,00-0030521,J.Hunter,WR,BUF,LV,0,0,0.0,0,0.0,0.0,0.0,0,0.0,0,4,1,22.0,0,2.2,3.2,,,76.0,203.0,25.4661875,3.0,Tennessee,2013.0,2013.0,TEN,34.0,,0.114285715
2016,15,00-0030521,J.Hunter,WR,BUF,CLE,0,0,0.0,0,0.0,0.0,0.0,0,0.0,0,3,1,16.0,0,1.6,2.6,,,76.0,203.0,25.4661875,3.0,Tennessee,2013.0,2013.0,TEN,34.0,20.0,0.12
2016,17,00-0030521,J.Hunter,WR,BUF,NYJ,0,0,0.0,0,0.0,0.0,0.0,0,0.0,0,2,1,64.0,0,6.4,7.4,,,76.0,203.0,25.4661875,3.0,Tennessee,2013.0,2013.0,TEN,34.0,,0.06451613
2016,4,00-0030524,L.Jones,QB,PIT,KC,0,0,0.0,0,0.0,0.0,0.0,2,0.0,0,0,0,0.0,0,0.0,0.0,,,76.0,225.0,27.623,3.0,Oklahoma,2013.0,2013.0,PIT,115.0,29.0,
2016,5,00-0030524,L.Jones,QB,PIT,NYJ,0,0,0.0,0,0.0,0.0,0.0,2,-2.0,0,0,0,0.0,0,-0.2,-0.2,,,76.0,225.0,27.623,3.0,Oklahoma,2013.0,2013.0,PIT,115.0,18.0,
2016,6,00-0030524,L.Jones,QB,PIT,MIA,0,1,0.0,0,0.0,0.0,-0.0,1,-1.0,0,0,0,0.0,0,-0.1,-0.1,,,76.0,225.0,27.623,3.0,Oklahoma,2013.0,2013.0,PIT,115.0,,
2016,7,00-0030524,L.Jones,QB,PIT,NE,29,47,281.0,1,1.0,0.0,-0.0,0,0.0,0,0,0,0.0,0,13.24,13.24,,,76.0,225.0,27.623,3.0,Oklahoma,2013.0,2013.0,PIT,115.0,-11.0,
2016,12,00-0030524,L.Jones,QB,PIT,IND,0,1,0.0,0,0.0,0.0,-0.0,0,0.0,0,0,0,0.0,0,0.0,0.0,,,76.0,225.0,27.623,3.0,Oklahoma,2013.0,2013.0,PIT,115.0,,
2016,13,00-0030524,L.Jones,QB,PIT,NYG,0,0,0.0,0,0.0,0.0,0.0,1,-1.0,0,0,0,0.0,0,-0.1,-0.1,,,76.0,225.0,27.623,3.0,Oklahoma,2013.0,2013.0,PIT,115.0,10.0,
2016,17,00-0030524,L.Jones,QB,PIT,CLE,24,37,277.0,3,1.0,4.0,34.0,0,0.0,0,0,0,0.0,0,21.08,21.08,,,76.0,225.0,27.623,3.0,Oklahoma,2013.0,2013.0,PIT,115.0,3.0,
2016,1,00-0030525,T.Austin,WR,LA,SF,0,0,0.0,0,0.0,0.0,0.0,1,2.0,0,12,4,13.0,0,1.5,5.5,,,68.0,176.0,26.64825,3.0,West Virginia,2013.0,2013.0,STL,8.0,,0.34285715
2016,2,00-0030525,T.Austin,WR,LA,SEA,0,0,0.0,0,0.0,0.0,0.0,2,6.0,0,9,5,50.0,0,5.6,10.6,,,68.0,176.0,26.64825,3.0,West Virginia,2013.0,2013.0,STL,8.0,6.0,0.31034482
2016,3,00-0030525,T.Austin,WR,LA,TB,0,0,0.0,0,0.0,0.0,0.0,2,22.0,0,8,5,82.0,1,16.4,21.4,,,68.0,176.0,26.64825,3.0,West Virginia,2013.0,2013.0,STL,8.0,,0.30769232
2016,4,00-0030525,T.Austin,WR,LA,ARI,0,0,0.0,0,0.0,0.0,0.0,1,-6.0,0,6,2,14.0,0,0.8,2.8,,,68.0,176.0,26.64825,3.0,West Virginia,2013.0,2013.0,STL,8.0,,0.20689656
2016,5,00-0030525,T.Austin,WR,LA,BUF,0,0,0.0,0,0.0,0.0,0.0,3,26.0,0,10,7,59.0,0,8.5,15.5,,,68.0,176.0,26.64825,3.0,West Virginia,2013.0,2013.0,STL,8.0,-11.0,0.32258064
2016,6,00-0030525,T.Austin,WR,LA,DET,0,0,0.0,0,0.0,0.0,0.0,3,2.0,0,4,3,24.0,0,2.6,5.6,,,68.0,176.0,26.64825,3.0,West Virginia,2013.0,2013.0,STL,8.0,,0.125
2016,7,00-0030525,T.Austin,WR,LA,NYG,0,0,0.0,0,0.0,0.0,0.0,1,10.0,0,15,10,57.0,1,12.7,22.7,,,68.0,176.0,26.64825,3.0,West Virginia,2013.0,2013.0,STL,8.0,-7.0,0.28846154
2016,9,00-0030525,T.Austin,WR,LA,CAR,0,0,0.0,0,0.0,0.0,0.0,1,1.0,0,2,1,17.0,0,1.8,2.8,,,68.0,176.0,26.64825,3.0,West Virginia,2013.0,2013.0,STL,8.0,-3.0,0.04347826
2016,10,00-0030525,T.Austin,WR,LA,NYJ,0,0,0.0,0,0.0,0.0,0.0,2,10.0,0,7,2,19.0,0,2.9,4.9,,,68.0,176.0,26.64825,3.0,West Virginia,2013.0,2013.0,STL,8.0,,0.23333333
2016,11,00-0030525,T.Austin,WR,LA,MIA,0,0,0.0,0,0.0,0.0,0.0,2,8.0,0,2,1,21.0,0,2.9,3.9,,,68.0,176.0,26.64825,3.0,West Virginia,2013.0,2013.0,STL,8.0,-4.0,0.06896552
2016,12,00-0030525,T.Austin,WR,LA,NO,0,0,0.0,0,0.0,0.0,0.0,1,10.0,0,4,4,45.0,1,11.5,15.5,,,68.0,176.0,26.64825,3.0,West Virginia,2013.0,2013.0,STL,8.0,,0.12903225
2016,14,00-0030525,T.Austin,WR,LA,ATL,0,0,0.0,0,0.0,0.0,0.0,2,27.0,0,11,7,62.0,0,8.9,15.9,,,68.0,176.0,26.64825,3.0,West Virginia,2013.0,2013.0,STL,8.0,-28.0,0.2682927
2016,15,00-0030525,T.Austin,WR,LA,SEA,0,0,0.0,0,0.0,0.0,0.0,2,13.0,0,5,3,14.0,0,2.7,5.7,,,68.0,176.0,26.64825,3.0,West Virginia,2013.0,2013.0,STL,8.0,,0.14285715
2016,16,00-0030525,T.Austin,WR,LA,SF,0,0,0.0,0,0.0,0.0,0.0,3,26.0,1,7,2,14.0,0,10.0,12.0,,,68.0,176.0,26.64825,3.0,West Virginia,2013.0,2013.0,STL,8.0,-1.0,0.29166666
2016,17,00-0030525,T.Austin,WR,LA,ARI,0,0,0.0,0,0.0,0.0,0.0,2,2.0,0,4,2,18.0,0,0.0,2.0,,,68.0,176.0,26.64825,3.0,West Virginia,2013.0,2013.0,STL,8.0,-38.0,0.14285715
2016,2,00-0030526,E.Manuel,QB,BUF,NYJ,1,1,10.0,0,0.0,0.0,-0.0,2,2.0,0,0,0,0.0,0,0.6,0.6,,,76.0,237.0,26.6348125,3.0,Florida State,2013.0,2013.0,BUF,16.0,-6.0,
2016,6,00-0030526,E.Manuel,QB,BUF,SF,0,2,0.0,0,0.0,0.0,-0.0,3,11.0,0,0,0,0.0,0,1.1,1.1,,,76.0,237.0,26.6348125,3.0,Florida State,2013.0,2013.0,BUF,16.0,29.0,
2016,8,00-0030526,E.Manuel,QB,BUF,NE,1,2,35.0,0,0.0,1.0,2.0,0,0.0,0,0,0,0.0,0,3.4,3.4,,,76.0,237.0,26.6348125,3.0,Florida State,2013.0,2013.0,BUF,16.0,-16.0,
2016,15,00-0030526,E.Manuel,QB,BUF,CLE,0,1,0.0,0,0.0,0.0,-0.0,1,1.0,0,0,0,0.0,0,0.1,0.1,,,76.0,237.0,26.6348125,3.0,Florida State,2013.0,2013.0,BUF,16.0,20.0,
2016,17,00-0030526,E.Manuel,QB,BUF,NYJ,9,20,86.0,0,0.0,2.0,18.0,2,8.0,0,0,0,0.0,0,2.24,2.24,,,76.0,237.0,26.6348125,3.0,Florida State,2013.0,2013.0,BUF,16.0,,
2016,7,00-0030533,M.Barkley,QB,CHI,GB,6,15,81.0,0,2.0,1.0,10.0,1,-1.0,0,0,0,0.0,0,-0.86,-0.86,,,74.0,227.0,26.182714285714287,3.0,Southern California,2013.0,2013.0,PHI,98.0,,
2016,12,00-0030533,M.Barkley,QB,CHI,TEN,28,54,316.0,3,2.0,0.0,-0.0,2,0.0,0,0,0,0.0,0,20.64,20.64,,,74.0,227.0,26.182714285714287,3.0,Southern California,2013.0,2013.0,PHI,98.0,-6.0,
2016,13,00-0030533,M.Barkley,QB,CHI,SF,11,18,192.0,0,0.0,1.0,8.0,4,3.0,0,0,0,0.0,0,7.98,7.98,,,74.0,227.0,26.182714285714287,3.0,Southern California,2013.0,2013.0,PHI,98.0,20.0,
2016,14,00-0030533,M.Barkley,QB,CHI,DET,20,32,212.0,1,0.0,1.0,8.0,0,0.0,0,0,0,0.0,0,12.48,12.48,,,74.0,227.0,26.182714285714287,3.0,Southern California,2013.0,2013.0,PHI,98.0,,
2016,15,00-0030533,M.Barkley,QB,CHI,GB,30,43,362.0,2,3.0,1.0,8.0,0,0.0,0,0,0,0.0,0,14.48,14.48,,,74.0,227.0,26.182714285714287,3.0,Southern California,2013.0,2013.0,PHI,98.0,-3.0,
2016,16,00-0030533,M.Barkley,QB,CHI,WAS,24,40,323.0,2,5.0,1.0,5.0,0,0.0,0,0,0,0.0,0,10.92,10.92,,,74.0,227.0,26.182714285714287,3.0,Southern California,2013.0,2013.0,PHI,98.0,-20.0,
2016,17,00-0030533,M.Barkley,QB,CHI,MIN,10,14,125.0,0,2.0,1.0,4.0,0,0.0,0,1,1,2.0,1,5.2,6.2,,,74.0,227.0,26.182714285714287,3.0,Southern California,2013.0,2013.0,PHI,98.0,,0.05
2016,1,00-0030542,T.Williams,WR,DAL,NYG,0,0,0.0,0,0.0,0.0,0.0,0,0.0,0,4,3,34.0,0,3.4,6.4,,,74.0,208.0,27.14758823529412,3.0,Baylor,2013.0,2013.0,DAL,74.0,-1.0,0.093023255
2016,3,00-0030542,T.Williams,WR,DAL,CHI,0,0,0.0,0,0.0,0.0,0.0,0,0.0,0,4,4,88.0,0,6.8,10.8,,,74.0,208.0,27.14758823529412,3.0,Baylor,2013.0,2013.0,DAL,74.0,14.0,0.16666667
2016,4,00-0030542,T.Williams,WR,DAL,SF,0,0,0.0,0,0.0,0.0,0.0,0,0.0,0,6,4,44.0,1,10.4,14.4,,,74.0,208.0,27.14758823529412,3.0,Baylor,2013.0,2013.0,DAL,74.0,,0.1875
2016,5,00-0030542,T.Williams,WR,DAL,CIN,0,0,0.0,0,0.0,0.0,0.0,0,0.0,0,5,5,70.0,0,7.0,12.0,,,74.0,208.0,27.14758823529412,3.0,Baylor,2013.0,2013.0,DAL,74.0,14.0,0.20833333
2016,6,00-0030542,T.Williams,WR,DAL,GB,0,0,0.0,0,0.0,0.0,0.0,0,0.0,0,5,4,75.0,0,7.5,11.5,,,74.0,208.0,27.14758823529412,3.0,Baylor,2013.0,2013.0,DAL,74.0,,0.18518518
2016,8,00-0030542,T.Williams,WR,DAL,PHI,0,0,0.0,0,0.0,0.0,0.0,0,0.0,0,7,2,25.0,0,2.5,4.5,,,74.0,208.0,27.14758823529412,3.0,Baylor,2013.0,2013.0,DAL,74.0,6.0,0.175
2016,9,00-0030542,T.Williams,WR,DAL,CLE,0,0,0.0,0,0.0,0.0,0.0,0,0.0,0,3,2,19.0,0,1.9,3.9,,,74.0,208.0,27.14758823529412,3.0,Baylor,2013.0,2013.0,DAL,74.0,,0.10714286
2016,10,00-0030542,T.Williams,WR,DAL,PIT,0,0,0.0,0,0.0,0.0,0.0,0,0.0,0,1,1,5.0,0,0.5,1.5,,,74.0,208.0,27.14758823529412,3.0,Baylor,2013.0,2013.0,DAL,74.0,,0.03125
2016,11,00-0030542,T.Williams,WR,DAL,BAL,0,0,0.0,0,0.0,0.0,0.0,0,0.0,0,2,1,11.0,0,1.1,2.1,,,74.0,208.0,27.14758823529412,3.0,Baylor,2013.0,2013.0,DAL,74.0,10.0,0.055555556
2016,12,00-0030542,T.Williams,WR,DAL,WAS,0,0,0.0,0,0.0,0.0,0.0,0,0.0,0,2,1,10.0,1,7.0,8.0,,,74.0,208.0,27.14758823529412,3.0,Baylor,2013.0,2013.0,DAL,74.0,5.0,0.08695652
2016,13,00-0030542,T.Williams,WR,DAL,MIN,0,0,0.0,0,0.0,0.0,0.0,0,0.0,0,3,2,13.0,0,1.3,3.3,,,74.0,208.0,27.14758823529412,3.0,Baylor,2013.0,2013.0,DAL,74.0,,0.16666667
2016,14,00-0030542,T.Williams,WR,DAL,NYG,0,0,0.0,0,0.0,0.0,0.0,0,0.0,0,6,5,76.0,1,13.6,18.6,,,74.0,208.0,27.14758823529412,3.0,Baylor,2013.0,2013.0,DAL,74.0,,0.16216215
2016,15,00-0030542,T.Williams,WR,DAL,TB,0,0,0.0,0,0.0,0.0,0.0,0,0.0,0,4,3,30.0,0,3.0,6.0,,,74.0,208.0,27.14758823529412,3.0,Baylor,2013.0,2013.0,DAL,74.0,6.0,0.11111111
2016,16,00-0030542,T.Williams,WR,DAL,DET,0,0,0.0,0,0.0,0.0,0.0,0,0.0,0,4,4,61.0,0,6.1,10.1,,,74.0,208.0,27.14758823529412,3.0,Baylor,2013.0,2013.0,DAL,74.0,21.0,0.1904762
2016,17,00-0030542,T.Williams,WR,DAL,PHI,0,0,0.0,0,0.0,0.0,0.0,0,0.0,0,5,3,33.0,1,9.3,12.3,,,74.0,208.0,27.14758823529412,3.0,Baylor,2013.0,2013.0,DAL,74.0,,0.17857143
2016,19,00-0030542,T.Williams,WR,DAL,GB,0,0,0.0,0,0.0,0.0,0.0,0,0.0,0,6,4,68.0,0,6.8,10.8,,,74.0,208.0,27.14758823529412,3.0,Baylor,2013.0,2013.0,DAL,74.0,-3.0,0.16216215
2016,9,00-0030544,G.Escobar,TE,DAL,CLE,0,0,0.0,0,0.0,0.0,0.0,0,0.0,0,1,1,2.0,1,6.2,7.2,,,78.0,260.0,25.770529411764706,3.0,San Diego State,2013.0,2013.0,DAL,47.0,,0.035714287
2016,11,00-0030544,G.Escobar,TE,DAL,BAL,0,0,0.0,0,0.0,0.0,0.0,0,0.0,0,3,2,21.0,0,2.1,4.1,,,78.0,260.0,25.770529411764706,3.0,San Diego State,2013.0,2013.0,DAL,47.0,10.0,0.083333336
2016,17,00-0030544,G.Escobar,TE,DAL,PHI,0,0,0.0,0,0.0,0.0,0.0,0,0.0,0,3,1,7.0,0,0.7,1.7,,,78.0,260.0,25.770529411764706,3.0,San Diego State,2013.0,2013.0,DAL,47.0,,0.10714286
2016,1,00-0030547,,RB,JAX,GB,0,0,0.0,0,0.0,0.0,0.0,3,7.0,0,0,0,0.0,0,0.7,0.7,,,72.0,213.0,26.128687499999998,3.0,Michigan,2013.0,2013.0,JAX,135.0,-4.0,
2016,2,00-0030547,,RB,JAX,LAC,0,0,0.0,0,0.0,0.0,0.0,1,7.0,0,2,1,7.0,0,1.4,2.4,,,72.0,213.0,26.128687499999998,3.0,Michigan,2013.0,2013.0,JAX,135.0,,0.040816326
2016,11,00-0030547,,RB,JAX,DET,0,0,0.0,0,0.0,0.0,0.0,3,21.0,0,1,1,4.0,0,2.5,3.5,,,72.0,213.0,26.128687499999998,3.0,Michigan,2013.0,2013.0,JAX,135.0,,0.028571429
2016,12,00-0030547,,RB,JAX,BUF,0,0,0.0,0,0.0,0.0,0.0,13,39.0,0,0,0,0.0,0,3.9,3.9,,,72.0,213.0,26.128687499999998,3.0,Michigan,2013.0,2013.0,JAX,135.0,,
2016,13,00-0030547,,RB,JAX,DEN,0,0,0.0,0,0.0,0.0,0.0,17,53.0,0,1,1,11.0,0,6.4,7.4,,,72.0,213.0,26.128687499999998,3.0,Michigan,2013.0,2013.0,JAX,135.0,-10.0,0.023809524
2016,17,00-0030547,,RB,JAX,IND,0,0,0.0,0,0.0,0.0,0.0,4,17.0,0,1,0,0.0,0,1.7,1.7,,,72.0,213.0,26.128687499999998,3.0,Michigan,2013.0,2013.0,JAX,135.0,,0.025641026
2016,7,00-0030549,T.Eifert,TE,CIN,CLE,0,0,0.0,0,0.0,0.0,0.0,0,0.0,0,2,1,9.0,0,0.9,1.9,,,78.0,250.0,26.1624375,3.0,Notre Dame,2013.0,2013.0,CIN,21.0,14.0,0.07692308
2016,8,00-0030549,T.Eifert,TE,CIN,WAS,0,0,0.0,0,0.0,0.0,0.0,0,0.0,0,12,9,102.0,1,16.2,25.2,,,78.0,250.0,26.1624375,3.0,Notre Dame,2013.0,2013.0,CIN,21.0,0.0,0.2857143
2016,10,00-0030549,T.Eifert,TE,CIN,NYG,0,0,0.0,0,0.0,0.0,0.0,0,0.0,0,5,3,96.0,0,9.6,12.6,,,78.0,250.0,26.1624375,3.0,Notre Dame,2013.0,2013.0,CIN,21.0,,0.17857143
2016,11,00-0030549,T.Eifert,TE,CIN,BUF,0,0,0.0,0,0.0,0.0,0.0,0,0.0,0,6,3,37.0,0,3.7,6.7,,,78.0,250.0,26.1624375,3.0,Notre Dame,2013.0,2013.0,CIN,21.0,-4.0,0.15
2016,12,00-0030549,T.Eifert,TE,CIN,BAL,0,0,0.0,0,0.0,0.0,0.0,0,0.0,0,11,5,68.0,1,12.8,17.8,,,78.0,250.0,26.1624375,3.0,Notre Dame,2013.0,2013.0,CIN,21.0,,0.23404256
2016,13,00-0030549,T.Eifert,TE,CIN,PHI,0,0,0.0,0,0.0,0.0,0.0,0,0.0,0,2,2,25.0,1,8.5,10.5,,,78.0,250.0,26.1624375,3.0,Notre Dame,2013.0,2013.0,CIN,21.0,18.0,0.06896552
2016,14,00-0030549,T.Eifert,TE,CIN,CLE,0,0,0.0,0,0.0,0.0,0.0,0,0.0,0,6,5,48.0,2,16.8,21.8,,,78.0,250.0,26.1624375,3.0,Notre Dame,2013.0,2013.0,CIN,21.0,,0.21428572
2016,15,00-0030549,T.Eifert,TE,CIN,PIT,0,0,0.0,0,0.0,0.0,0.0,0,0.0,0,3,1,9.0,0,0.9,1.9,,,78.0,250.0,26.1624375,3.0,Notre Dame,2013.0,2013.0,CIN,21.0,-4.0,0.13043478
2016,8,00-0030551,C.Schmidt,P,BUF,NE,0,0,0.0,0,0.0,0.0,0.0,1,16.0,0,0,0,0.0,0,1.6,1.6,,,71.0,224.0,26.0269375,3.0,California-Davis,2013.0,2013.0,,,-16.0,
2016,1,00-0030564,D.Hopkins,WR,HOU,CHI,0,0,0.0,0,0.0,0.0,0.0,0,0.0,0,8,5,54.0,1,11.4,16.4,,,73.0,207.0,24.438555555555556,3.0,Clemson,2013.0,2013.0,HOU,27.0,9.0,0.22857143
2016,2,00-0030564,D.Hopkins,WR,HOU,KC,0,0,0.0,0,0.0,0.0,0.0,0,0.0,0,11,7,113.0,1,17.3,24.3,,,73.0,207.0,24.438555555555556,3.0,Clemson,2013.0,2013.0,HOU,27.0,7.0,0.33333334
2016,3,00-0030564,D.Hopkins,WR,HOU,NE,0,0,0.0,0,0.0,0.0,0.0,0,0.0,0,8,4,56.0,0,5.6,9.6,,,73.0,207.0,24.438555555555556,3.0,Clemson,2013.0,2013.0,HOU,27.0,,0.2
2016,4,00-0030564,D.Hopkins,WR,HOU,TEN,0,0,0.0,0,0.0,0.0,0.0,0,0.0,0,6,1,4.0,0,0.4,1.4,,,73.0,207.0,24.438555555555556,3.0,Clemson,2013.0,2013.0,HOU,27.0,7.0,0.16666667
2016,5,00-0030564,D.Hopkins,WR,HOU,MIN,0,0,0.0,0,0.0,0.0,0.0,0,0.0,0,9,5,56.0,1,11.6,16.6,,,73.0,207.0,24.438555555555556,3.0,Clemson,2013.0,2013.0,HOU,27.0,,0.21428572
2016,6,00-0030564,D.Hopkins,WR,HOU,IND,0,0,0.0,0,0.0,0.0,0.0,0,0.0,0,15,9,71.0,0,7.1,16.1,,,73.0,207.0,24.438555555555556,3.0,Clemson,2013.0,2013.0,HOU,27.0,3.0,0.3846154
2016,7,00-0030564,D.Hopkins,WR,HOU,DEN,0,0,0.0,0,0.0,0.0,0.0,0,0.0,0,12,5,36.0,0,3.6,8.6,,,73.0,207.0,24.438555555555556,3.0,Clemson,2013.0,2013.0,HOU,27.0,,0.29268292
2016,8,00-0030564,D.Hopkins,WR,HOU,DET,0,0,0.0,0,0.0,0.0,0.0,0,0.0,0,7,4,44.0,0,4.4,8.4,,,73.0,207.0,24.438555555555556,3.0,Clemson,2013.0,2013.0,HOU,27.0,7.0,0.2413793
2016,10,00-0030564,D.Hopkins,WR,HOU,JAX,0,0,0.0,0,0.0,0.0,0.0,0,0.0,0,13,5,48.0,0,4.8,9.8,,,73.0,207.0,24.438555555555556,3.0,Clemson,2013.0,2013.0,HOU,27.0,,0.4814815
2016,11,00-0030564,D.Hopkins,WR,HOU,LV,0,0,0.0,0,0.0,0.0,0.0,0,0.0,0,6,5,58.0,0,5.8,10.8,,,73.0,207.0,24.438555555555556,3.0,Clemson,2013.0,2013.0,HOU,27.0,,0.15384616
2016,12,00-0030564,D.Hopkins,WR,HOU,LAC,0,0,0.0,0,0.0,0.0,0.0,0,0.0,0,10,5,70.0,0,7.0,12.0,,,73.0,207.0,24.438555555555556,3.0,Clemson,2013.0,2013.0,HOU,27.0,-8.0,0.2857143
2016,13,00-0030564,D.Hopkins,WR,HOU,GB,0,0,0.0,0,0.0,0.0,0.0,0,0.0,0,8,3,58.0,1,11.8,14.8,,,73.0,207.0,24.438555555555556,3.0,Clemson,2013.0,2013.0,HOU,27.0,,0.22857143
2016,14,00-0030564,D.Hopkins,WR,HOU,IND,0,0,0.0,0,0.0,0.0,0.0,0,0.0,0,4,2,33.0,0,3.3,5.3,,,73.0,207.0,24.438555555555556,3.0,Clemson,2013.0,2013.0,HOU,27.0,,0.17391305
2016,15,00-0030564,D.Hopkins,WR,HOU,JAX,0,0,0.0,0,0.0,0.0,0.0,0,0.0,0,17,8,87.0,0,8.7,16.7,,,73.0,207.0,24.438555555555556,3.0,Clemson,2013.0,2013.0,HOU,27.0,1.0,0.3617021
2016,16,00-0030564,D.Hopkins,WR,HOU,CIN,0,0,0.0,0,0.0,0.0,0.0,0,0.0,0,6,3,43.0,0,4.3,7.3,,,73.0,207.0,24.438555555555556,3.0,Clemson,2013.0,2013.0,HOU,27.0,2.0,0.20689656
2016,17,00-0030564,D.Hopkins,WR,HOU,TEN,0,0,0.0,0,0.0,0.0,0.0,0,0.0,0,11,7,123.0,0,12.3,19.3,,,73.0,207.0,24.438555555555556,3.0,Clemson,2013.0,2013.0,HOU,27.0,,0.23404256
2016,18,00-0030564,D.Hopkins,WR,HOU,LV,0,0,0.0,0,0.0,0.0,0.0,0,0.0,0,9,5,67.0,1,12.7,17.7,,,73.0,207.0,24.438555555555556,3.0,Clemson,2013.0,2013.0,HOU,27.0,13.0,0.36
2016,19,00-0030564,D.Hopkins,WR,HOU,NE,0,0,0.0,0,0.0,0.0,0.0,0,0.0,0,9,6,65.0,0,6.5,12.5,,,73.0,207.0,24.438555555555556,3.0,Clemson,2013.0,2013.0,HOU,27.0,,0.225
2016,6,00-0030565,G.Smith,QB,NYJ,ARI,4,6,31.0,0,1.0,1.0,8.0,1,2.0,0,0,0,0.0,0,-0.56,-0.56,,,75.0,221.0,26.0724375,3.0,West Virginia,2013.0,2013.0,NYJ,39.0,,
2016,7,00-0030565,G.Smith,QB,NYJ,BAL,4,8,95.0,1,0.0,2.0,11.0,1,7.0,0,0,0,0.0,0,8.5,8.5,,,75.0,221.0,26.0724375,3.0,West Virginia,2013.0,2013.0,NYJ,39.0,8.0,
2016,1,00-0030578,C.Patterson,RB,MIN,TEN,0,0,0.0,0,0.0,0.0,0.0,1,8.0,0,1,1,6.0,0,1.4,2.4,,,74.0,220.0,25.6455,3.0,Tennessee,2013.0,2013.0,MIN,29.0,,0.030303031
2016,2,00-0030578,C.Patterson,RB,MIN,GB,0,0,0.0,0,0.0,0.0,0.0,1,-2.0,0,0,0,0.0,0,-0.2,-0.2,,,74.0,220.0,25.6455,3.0,Tennessee,2013.0,2013.0,MIN,29.0,3.0,
2016,3,00-0030578,C.Patterson,RB,MIN,CAR,0,0,0.0,0,0.0,0.0,0.0,0,0.0,0,1,1,8.0,0,0.8,1.8,,,74.0,220.0,25.6455,3.0,Tennessee,2013.0,2013.0,MIN,29.0,,0.035714287
2016,4,00-0030578,C.Patterson,RB,MIN,NYG,0,0,0.0,0,0.0,0.0,0.0,1,2.0,0,6,5,38.0,0,4.0,9.0,,,74.0,220.0,25.6455,3.0,Tennessee,2013.0,2013.0,MIN,29.0,14.0,0.16666667
2016,5,00-0030578,C.Patterson,RB,MIN,HOU,0,0,0.0,0,0.0,0.0,0.0,1,7.0,0,6,4,39.0,1,10.6,14.6,,,74.0,220.0,25.6455,3.0,Tennessee,2013.0,2013.0,MIN,29.0,18.0,0.2
2016,7,00-0030578,C.Patterson,RB,MIN,PHI,0,0,0.0,0,0.0,0.0,0.0,0,0.0,0,7,7,67.0,1,12.7,19.7,,,74.0,220.0,25.6455,3.0,Tennessee,2013.0,2013.0,MIN,29.0,,0.17948718
2016,8,00-0030578,C.Patterson,RB,MIN,CHI,0,0,0.0,0,0.0,0.0,0.0,0,0.0,0,3,3,36.0,0,3.6,6.6,,,74.0,220.0,25.6455,3.0,Tennessee,2013.0,2013.0,MIN,29.0,,0.08108108
2016,9,00-0030578,C.Patterson,RB,MIN,DET,0,0,0.0,0,0.0,0.0,0.0,0,0.0,0,8,6,45.0,0,4.5,10.5,,,74.0,220.0,25.6455,3.0,Tennessee,2013.0,2013.0,MIN,29.0,-6.0,0.2
2016,10,00-0030578,C.Patterson,RB,MIN,WAS,0,0,0.0,0,0.0,0.0,0.0,0,0.0,0,4,3,17.0,0,1.7,4.7,,,74.0,220.0,25.6455,3.0,Tennessee,2013.0,2013.0,MIN,29.0,,0.1
2016,11,00-0030578,C.Patterson,RB,MIN,ARI,0,0,0.0,0,0.0,0.0,0.0,0,0.0,0,8,4,53.0,0,11.3,15.3,,,74.0,220.0,25.6455,3.0,Tennessee,2013.0,2013.0,MIN,29.0,6.0,0.2857143
2016,12,00-0030578,C.Patterson,RB,MIN,DET,0,0,0.0,0,0.0,0.0,0.0,1,22.0,0,5,5,15.0,0,3.7,8.7,,,74.0,220.0,25.6455,3.0,Tennessee,2013.0,2013.0,MIN,29.0,,0.1388889
2016,13,00-0030578,C.Patterson,RB,MIN,DAL,0,0,0.0,0,0.0,0.0,0.0,2,6.0,0,3,2,10.0,0,1.6,3.6,,,74.0,220.0,25.6455,3.0,Tennessee,2013.0,2013.0,MIN,29.0,-2.0,0.06382979
2016,14,00-0030578,C.Patterson,RB,MIN,JAX,0,0,0.0,0,0.0,0.0,0.0,0,0.0,0,4,3,18.0,0,1.8,4.8,,,74.0,220.0,25.6455,3.0,Tennessee,2013.0,2013.0,MIN,29.0,,0.11764706
2016,15,00-0030578,C.Patterson,RB,MIN,IND,0,0,0.0,0,0.0,0.0,0.0,0,0.0,0,8,5,49.0,0,4.9,9.9,,,74.0,220.0,25.6455,3.0,Tennessee,2013.0,2013.0,MIN,29.0,-28.0,0.1904762
2016,16,00-0030578,C.Patterson,RB,MIN,GB,0,0,0.0,0,0.0,0.0,0.0,0,0.0,0,4,2,13.0,0,1.3,3.3,,,74.0,220.0,25.6455,3.0,Tennessee,2013.0,2013.0,MIN,29.0,,0.08
2016,17,00-0030578,C.Patterson,RB,MIN,CHI,0,0,0.0,0,0.0,0.0,0.0,0,0.0,0,2,1,39.0,0,3.9,4.9,,,74.0,220.0,25.6455,3.0,Tennessee,2013.0,2013.0,MIN,29.0,28.0,0.05882353
2016,1,00-0030656,I.Crowell,RB,CLE,PHI,0,0,0.0,0,0.0,0.0,0.0,12,62.0,1,2,2,16.0,0,13.8,15.8,,,71.0,225.0,23.8220625,2.0,Alabama State,2014.0,2014.0,,,,0.07692308
2016,2,00-0030656,I.Crowell,RB,CLE,BAL,0,0,0.0,0,0.0,0.0,0.0,18,133.0,1,1,1,15.0,0,20.8,21.8,,,71.0,225.0,23.8220625,2.0,Alabama State,2014.0,2014.0,,,-5.0,0.030303031
2016,3,00-0030656,I.Crowell,RB,CLE,MIA,0,0,0.0,0,0.0,0.0,0.0,15,79.0,0,1,0,0.0,0,7.9,7.9,,,71.0,225.0,23.8220625,2.0,Alabama State,2014.0,2014.0,,,,0.02631579
2016,4,00-0030656,I.Crowell,RB,CLE,WAS,0,0,0.0,0,0.0,0.0,0.0,16,120.0,1,4,3,22.0,0,20.2,23.2,,,71.0,225.0,23.8220625,2.0,Alabama State,2014.0,2014.0,,,,0.10526316
2016,5,00-0030656,I.Crowell,RB,CLE,NE,0,0,0.0,0,0.0,0.0,0.0,13,22.0,0,3,1,18.0,0,4.0,5.0,,,71.0,225.0,23.8220625,2.0,Alabama State,2014.0,2014.0,,,-20.0,0.08571429
2016,6,00-0030656,I.Crowell,RB,CLE,TEN,0,0,0.0,0,0.0,0.0,0.0,9,16.0,0,2,2,20.0,0,3.6,5.6,,,71.0,225.0,23.8220625,2.0,Alabama State,2014.0,2014.0,,,,0.04761905
2016,7,00-0030656,I.Crowell,RB,CLE,CIN,0,0,0.0,0,0.0,0.0,0.0,12,63.0,1,4,3,16.0,0,13.9,16.9,,,71.0,225.0,23.8220625,2.0,Alabama State,2014.0,2014.0,,,,0.12903225
2016,8,00-0030656,I.Crowell,RB,CLE,NYJ,0,0,0.0,0,0.0,0.0,0.0,11,29.0,1,2,2,34.0,0,12.3,14.3,,,71.0,225.0,23.8220625,2.0,Alabama State,2014.0,2014.0,,,-3.0,0.039215688
2016,9,00-0030656,I.Crowell,RB,CLE,DAL,0,0,0.0,0,0.0,0.0,0.0,6,4.0,0,4,4,63.0,0,6.7,10.7,,,71.0,225.0,23.8220625,2.0,Alabama State,2014.0,2014.0,,,-25.0,0.14814815
2016,10,00-0030656,I.Crowell,RB,CLE,BAL,0,0,0.0,0,0.0,0.0,0.0,9,23.0,0,5,3,30.0,0,5.3,8.3,,,71.0,225.0,23.8220625,2.0,Alabama State,2014.0,2014.0,,,,0.16129032
2016,11,00-0030656,I.Crowell,RB,CLE,PIT,0,0,0.0,0,0.0,0.0,0.0,8,10.0,0,5,5,13.0,0,2.3,7.3,,,71.0,225.0,23.8220625,2.0,Alabama State,2014.0,2014.0,,,-15.0,0.125
2016,12,00-0030656,I.Crowell,RB,CLE,NYG,0,0,0.0,0,0.0,0.0,0.0,16,44.0,0,7,6,47.0,0,7.1,13.1,,,71.0,225.0,23.8220625,2.0,Alabama State,2014.0,2014.0,,,-14.0,0.1627907
2016,14,00-0030656,I.Crowell,RB,CLE,CIN,0,0,0.0,0,0.0,0.0,0.0,10,113.0,0,2,1,5.0,0,11.8,12.8,,,71.0,225.0,23.8220625,2.0,Alabama State,2014.0,2014.0,,,-13.0,0.071428575
2016,15,00-0030656,I.Crowell,RB,CLE,BUF,0,0,0.0,0,0.0,0.0,0.0,8,28.0,0,2,0,0.0,0,2.8,2.8,,,71.0,225.0,23.8220625,2.0,Alabama State,2014.0,2014.0,,,,0.074074075
2016,16,00-0030656,I.Crowell,RB,CLE,LAC,0,0,0.0,0,0.0,0.0,0.0,16,54.0,2,5,4,4.0,0,17.8,21.8,,,71.0,225.0,23.8220625,2.0,Alabama State,2014.0,2014.0,,,3.0,0.17857143
2016,17,00-0030656,I.Crowell,RB,CLE,PIT,0,0,0.0,0,0.0,0.0,0.0,19,152.0,0,4,3,16.0,0,14.8,17.8,,,71.0,225.0,23.8220625,2.0,Alabama State,2014.0,2014.0,,,,0.1
2016,1,00-0030663,W.Snead,WR,NO,LV,0,0,0.0,0,0.0,0.0,0.0,0,0.0,0,9,9,172.0,1,23.2,32.2,,,71.0,195.0,24.0590625,2.0,Ball State,2014.0,2014.0,,,-1.0,0.23076923
2016,2,00-0030663,W.Snead,WR,NO,NYG,0,0,0.0,0,0.0,0.0,0.0,0,0.0,0,8,5,54.0,1,11.4,16.4,,,71.0,195.0,24.0590625,2.0,Ball State,2014.0,2014.0,,,,0.18181819
2016,4,00-0030663,W.Snead,WR,NO,LAC,0,0,0.0,0,0.0,0.0,0.0,0,0.0,0,1,1,23.0,0,2.3,3.3,,,71.0,195.0,24.0590625,2.0,Ball State,2014.0,2014.0,,,,0.027777778
2016,6,00-0030663,W.Snead,WR,NO,CAR,0,0,0.0,0,0.0,0.0,0.0,0,0.0,0,7,4,47.0,0,4.7,8.7,,,71.0,195.0,24.0590625,2.0,Ball State,2014.0,2014.0,,,3.0,0.14583333
2016,7,00-0030663,W.Snead,WR,NO,KC,0,0,0.0,0,0.0,0.0,0.0,0,0.0,0,11,9,87.0,0,8.7,17.7,,,71.0,195.0,24.0590625,2.0,Ball State,2014.0,2014.0,,,,0.23404256
2016,8,00-0030663,W.Snead,WR,NO,SEA,0,0,0.0,0,0.0,0.0,0.0,0,0.0,0,8,6,56.0,0,5.6,11.6,,,71.0,195.0,24.0590625,2.0,Ball State,2014.0,2014.0,,,5.0,0.22857143
2016,9,00-0030663,W.Snead,WR,NO,SF,0,0,0.0,0,0.0,0.0,0.0,0,0.0,0,7,3,36.0,0,3.6,6.6,,,71.0,195.0,24.0590625,2.0,Ball State,2014.0,2014.0,,,,0.17948718
2016,10,00-0030663,W.Snead,WR,NO,DEN,0,0,0.0,0,0.0,0.0,0.0,0,0.0,0,7,5,47.0,2,16.7,21.7,,,71.0,195.0,24.0590625,2.0,Ball State,2014.0,2014.0,,,-2.0,0.2413793
2016,11,00-0030663,W.Snead,WR,NO,CAR,0,0,0.0,0,0.0,0.0,0.0,0,0.0,0,5,4,33.0,0,3.3,7.3,,,71.0,195.0,24.0590625,2.0,Ball State,2014.0,2014.0,,,,0.11363637
2016,12,00-0030663,W.Snead,WR,NO,LA,1,1,50.0,1,0.0,0.0,-0.0,0,0.0,0,7,5,38.0,0,9.8,14.8,,,71.0,195.0,24.0590625,2.0,Ball State,2014.0,2014.0,,,28.0,0.2
2016,13,00-0030663,W.Snead,WR,NO,DET,0,0,0.0,0,0.0,0.0,0.0,0,0.0,0,6,2,38.0,0,3.8,5.8,,,71.0,195.0,24.0590625,2.0,Ball State,2014.0,2014.0,,,-15.0,0.14285715
2016,14,00-0030663,W.Snead,WR,NO,TB,0,0,0.0,0,0.0,0.0,0.0,0,0.0,0,8,6,85.0,0,8.5,14.5,,,71.0,195.0,24.0590625,2.0,Ball State,2014.0,2014.0,,,,0.19512194
2016,15,00-0030663,W.Snead,WR,NO,ARI,0,0,0.0,0,0.0,0.0,0.0,0,0.0,0,11,8,76.0,0,7.6,15.6,,,71.0,195.0,24.0590625,2.0,Ball State,2014.0,2014.0,,,,0.22916667
2016,16,00-0030663,W.Snead,WR,NO,TB,0,0,0.0,0,0.0,0.0,0.0,0,0.0,0,5,2,21.0,0,2.1,4.1,,,71.0,195.0,24.0590625,2.0,Ball State,2014.0,2014.0,,,7.0,0.14705883
2016,17,00-0030663,W.Snead,WR,NO,ATL,0,0,0.0,0,0.0,0.0,0.0,0,0.0,0,4,3,82.0,0,8.2,11.2,,,71.0,195.0,24.0590625,2.0,Ball State,2014.0,2014.0,,,,0.08163265
2016,1,00-0030668,C.West,RB,KC,LAC,0,0,0.0,0,0.0,0.0,0.0,3,-1.0,0,6,6,24.0,0,2.3,8.3,,,70.0,205.0,25.447294117647058,2.0,Abilene Christian,2014.0,2014.0,,,6.0,0.13333334
2016,2,00-0030668,C.West,RB,KC,HOU,0,0,0.0,0,0.0,0.0,0.0,6,61.0,0,2,1,2.0,0,6.3,7.3,,,70.0,205.0,25.447294117647058,2.0,Abilene Christian,2014.0,2014.0,,,,0.054054055
2016,3,00-0030668,C.West,RB,KC,NYJ,0,0,0.0,0,0.0,0.0,0.0,3,3.0,0,3,3,8.0,0,1.1,4.1,,,70.0,205.0,25.447294117647058,2.0,Abilene Christian,2014.0,2014.0,,,21.0,0.09090909
2016,6,00-0030668,C.West,RB,KC,LV,0,0,0.0,0,0.0,0.0,0.0,3,19.0,0,0,0,0.0,0,1.9,1.9,,,70.0,205.0,25.447294117647058,2.0,Abilene Christian,2014.0,2014.0,,,,
2016,7,00-0030668,C.West,RB,KC,NO,0,0,0.0,0,0.0,0.0,0.0,4,5.0,0,3,1,3.0,0,0.8,1.8,,,70.0,205.0,25.447294117647058,2.0,Abilene Christian,2014.0,2014.0,,,6.0,0.13043478
2016,8,00-0030668,C.West,RB,KC,IND,0,0,0.0,0,0.0,0.0,0.0,14,52.0,0,3,2,8.0,0,6.0,8.0,,,70.0,205.0,25.447294117647058,2.0,Abilene Christian,2014.0,2014.0,,,,0.07317073
2016,9,00-0030668,C.West,RB,KC,JAX,0,0,0.0,0,0.0,0.0,0.0,13,39.0,0,4,3,35.0,0,7.4,10.4,,,70.0,205.0,25.447294117647058,2.0,Abilene Christian,2014.0,2014.0,,,5.0,0.121212125
2016,10,00-0030668,C.West,RB,KC,CAR,0,0,0.0,0,0.0,0.0,0.0,2,5.0,0,3,3,5.0,0,1.0,4.0,,,70.0,205.0,25.447294117647058,2.0,Abilene Christian,2014.0,2014.0,,,,0.078947365
2016,11,00-0030668,C.West,RB,KC,TB,0,0,0.0,0,0.0,0.0,0.0,0,0.0,0,3,3,42.0,0,4.2,7.2,,,70.0,205.0,25.447294117647058,2.0,Abilene Christian,2014.0,2014.0,,,-2.0,0.09677419
2016,12,00-0030668,C.West,RB,KC,DEN,0,0,0.0,0,0.0,0.0,0.0,3,8.0,0,1,0,0.0,0,0.8,0.8,,,70.0,205.0,25.447294117647058,2.0,Abilene Christian,2014.0,2014.0,,,,0.024390243
2016,13,00-0030668,C.West,RB,KC,ATL,0,0,0.0,0,0.0,0.0,0.0,1,0.0,0,0,0,0.0,0,0.0,0.0,,,70.0,205.0,25.447294117647058,2.0,Abilene Christian,2014.0,2014.0,,,,
2016,14,00-0030668,C.West,RB,KC,LV,0,0,0.0,0,0.0,0.0,0.0,2,4.0,1,0,0,0.0,0,6.4,6.4,,,70.0,205.0,25.447294117647058,2.0,Abilene Christian,2014.0,2014.0,,,8.0,
2016,15,00-0030668,C.West,RB,KC,TEN,0,0,0.0,0,0.0,0.0,0.0,4,5.0,0,0,0,0.0,0,0.5,0.5,,,70.0,205.0,25.447294117647058,2.0,Abilene Christian,2014.0,2014.0,,,-2.0,
2016,16,00-0030668,C.West,RB,KC,DEN,0,0,0.0,0,0.0,0.0,0.0,14,35.0,0,1,1,3.0,0,3.8,4.8,,,70.0,205.0,25.447294117647058,2.0,Abilene Christian,2014.0,2014.0,,,23.0,0.027027028
2016,17,00-0030668,C.West,RB,KC,LAC,0,0,0.0,0,0.0,0.0,0.0,16,58.0,0,5,5,58.0,2,23.6,28.6,,,70.0,205.0,25.447294117647058,2.0,Abilene Christian,2014.0,2014.0,,,,0.17857143
2016,19,00-0030668,C.West,RB,KC,PIT,0,0,0.0,0,0.0,0.0,0.0,1,-1.0,0,2,2,14.0,0,-0.7,1.3,,,70.0,205.0,25.447294117647058,2.0,Abilene Christian,2014.0,2014.0,,,-2.0,0.0625
2016,1,00-0030669,A.Wilson,WR,KC,LAC,0,0,0.0,0,0.0,0.0,0.0,0,0.0,0,5,3,1.0,0,0.1,3.1,,,69.0,200.0,24.335588235294118,2.0,Georgia State,2014.0,2014.0,,,6.0,0.11111111
2016,2,00-0030669,A.Wilson,WR,KC,HOU,0,0,0.0,0,0.0,0.0,0.0,0,0.0,0,3,2,11.0,0,1.1,3.1,,,69.0,200.0,24.335588235294118,2.0,Georgia State,2014.0,2014.0,,,,0.08108108
2016,4,00-0030669,A.Wilson,WR,KC,PIT,0,0,0.0,0,0.0,0.0,0.0,0,0.0,0,8,5,52.0,0,5.2,10.2,,,69.0,200.0,24.335588235294118,2.0,Georgia State,2014.0,2014.0,,,,0.1632653
2016,6,00-0030669,A.Wilson,WR,KC,LV,0,0,0.0,0,0.0,0.0,0.0,0,0.0,0,1,1,26.0,0,2.6,3.6,,,69.0,200.0,24.335588235294118,2.0,Georgia State,2014.0,2014.0,,,,0.045454547
2016,7,00-0030669,A.Wilson,WR,KC,NO,0,0,0.0,0,0.0,0.0,0.0,0,0.0,0,1,1,4.0,0,0.4,1.4,,,69.0,200.0,24.335588235294118,2.0,Georgia State,2014.0,2014.0,,,6.0,0.04347826
2016,9,00-0030669,A.Wilson,WR,KC,JAX,0,0,0.0,0,0.0,0.0,0.0,1,-5.0,0,8,3,42.0,1,9.7,12.7,,,69.0,200.0,24.335588235294118,2.0,Georgia State,2014.0,2014.0,,,5.0,0.24242425
2016,10,00-0030669,A.Wilson,WR,KC,CAR,0,0,0.0,0,0.0,0.0,0.0,0,0.0,0,7,4,25.0,0,2.5,6.5,,,69.0,200.0,24.335588235294118,2.0,Georgia State,2014.0,2014.0,,,,0.18421052
2016,11,00-0030669,A.Wilson,WR,KC,TB,0,0,0.0,0,0.0,0.0,0.0,0,0.0,0,4,4,19.0,1,7.9,11.9,,,69.0,200.0,24.335588235294118,2.0,Georgia State,2014.0,2014.0,,,-2.0,0.12903225
2016,12,00-0030669,A.Wilson,WR,KC,DEN,0,0,0.0,0,0.0,0.0,0.0,0,0.0,0,6,2,6.0,0,0.6,2.6,,,69.0,200.0,24.335588235294118,2.0,Georgia State,2014.0,2014.0,,,,0.14634146
2016,13,00-0030669,A.Wilson,WR,KC,ATL,0,0,0.0,0,0.0,0.0,0.0,1,55.0,1,4,4,48.0,0,16.3,20.3,,,69.0,200.0,24.335588235294118,2.0,Georgia State,2014.0,2014.0,,,,0.16
2016,14,00-0030669,A.Wilson,WR,KC,LV,0,0,0.0,0,0.0,0.0,0.0,0,0.0,0,1,0,0.0,0,0.0,0.0,,,69.0,200.0,24.335588235294118,2.0,Georgia State,2014.0,2014.0,,,8.0,0.04
2016,15,00-0030669,A.Wilson,WR,KC,TEN,0,0,0.0,0,0.0,0.0,0.0,0,0.0,0,1,0,0.0,0,0.0,0.0,,,69.0,200.0,24.335588235294118,2.0,Georgia State,2014.0,2014.0,,,-2.0,0.035714287
2016,16,00-0030669,A.Wilson,WR,KC,DEN,0,0,0.0,0,0.0,0.0,0.0,0,0.0,0,1,1,3.0,0,0.3,1.3,,,69.0,200.0,24.335588235294118,2.0,Georgia State,2014.0,2014.0,,,23.0,0.027027028
2016,17,00-0030669,A.Wilson,WR,KC,LAC,0,0,0.0,0,0.0,0.0,0.0,0,0.0,0,1,1,42.0,0,4.2,5.2,,,69.0,200.0,24.335588235294118,2.0,Georgia State,2014.0,2014.0,,,,0.035714287
2016,19,00-0030669,A.Wilson,WR,KC,PIT,0,0,0.0,0,0.0,0.0,0.0,0,0.0,0,3,2,3.0,1,6.3,8.3,,,69.0,200.0,24.335588235294118,2.0,Georgia State,2014.0,2014.0,,,-2.0,0.09375
2016,3,00-0030670,B.Fowler,WR,DEN,CIN,0,0,0.0,0,0.0,0.0,0.0,0,0.0,0,1,1,13.0,0,1.3,2.3,,,73.0,212.0,25.406625,2.0,Michigan State,2014.0,2014.0,,,,0.028571429
2016,4,00-0030670,B.Fowler,WR,DEN,TB,0,0,0.0,0,0.0,0.0,0.0,0,0.0,0,3,0,0.0,0,0.0,0.0,,,73.0,212.0,25.406625,2.0,Michigan State,2014.0,2014.0,,,,0.09677419
2016,5,00-0030670,B.Fowler,WR,DEN,ATL,0,0,0.0,0,0.0,0.0,0.0,0,0.0,0,2,2,13.0,0,1.3,3.3,,,73.0,212.0,25.406625,2.0,Michigan State,2014.0,2014.0,,,-7.0,0.05882353
2016,6,00-0030670,B.Fowler,WR,DEN,LAC,0,0,0.0,0,0.0,0.0,0.0,0,0.0,0,7,3,22.0,1,8.2,11.2,,,73.0,212.0,25.406625,2.0,Michigan State,2014.0,2014.0,,,,0.14893617
2016,7,00-0030670,B.Fowler,WR,DEN,HOU,0,0,0.0,0,0.0,0.0,0.0,0,0.0,0,1,1,7.0,0,0.7,1.7,,,73.0,212.0,25.406625,2.0,Michigan State,2014.0,2014.0,,,18.0,0.04
2016,8,00-0030670,B.Fowler,WR,DEN,LAC,0,0,0.0,0,0.0,0.0,0.0,0,0.0,0,1,0,0.0,0,0.0,0.0,,,73.0,212.0,25.406625,2.0,Michigan State,2014.0,2014.0,,,8.0,0.027027028
2016,9,00-0030670,B.Fowler,WR,DEN,LV,0,0,0.0,0,0.0,0.0,0.0,0,0.0,0,1,1,4.0,0,0.4,1.4,,,73.0,212.0,25.406625,2.0,Michigan State,2014.0,2014.0,,,,0.027777778
2016,12,00-0030670,B.Fowler,WR,DEN,KC,0,0,0.0,0,0.0,0.0,0.0,0,0.0,0,2,1,76.0,1,13.6,14.6,,,73.0,212.0,25.406625,2.0,Michigan State,2014.0,2014.0,,,-3.0,0.0625
2016,14,00-0030670,B.Fowler,WR,DEN,TEN,0,0,0.0,0,0.0,0.0,0.0,0,0.0,0,4,1,5.0,0,0.5,1.5,,,73.0,212.0,25.406625,2.0,Michigan State,2014.0,2014.0,,,,0.07692308
2016,16,00-0030670,B.Fowler,WR,DEN,KC,0,0,0.0,0,0.0,0.0,0.0,0,0.0,0,2,1,5.0,0,0.5,1.5,,,73.0,212.0,25.406625,2.0,Michigan State,2014.0,2014.0,,,,0.05
2016,10,00-0030671,I.Burse,WR,LAC,MIA,0,0,0.0,0,0.0,0.0,0.0,0,0.0,0,1,0,0.0,0,0.0,0.0,,,70.0,187.0,24.94545454545454,2.0,Fresno State,2014.0,2014.0,,,,0.023809524
2016,17,00-0030671,I.Burse,WR,LAC,KC,0,0,0.0,0,0.0,0.0,0.0,0,0.0,0,3,0,0.0,0,0.0,0.0,,,70.0,187.0,24.94545454545454,2.0,Fresno State,2014.0,2014.0,,,,0.08108108
2016,9,00-0030691,J.Butler,WR,LAC,TEN,0,0,0.0,0,0.0,0.0,0.0,0,0.0,0,1,1,5.0,0,0.5,1.5,,,74.0,213.0,25.582666666666668,2.0,Tennessee-Martin,2014.0,2014.0,,,,0.030303031
2016,12,00-0030691,J.Butler,WR,LAC,HOU,0,0,0.0,0,0.0,0.0,0.0,0,0.0,0,1,1,6.0,0,0.6,1.6,,,74.0,213.0,25.582666666666668,2.0,Tennessee-Martin,2014.0,2014.0,,,,0.033333335
2016,8,00-0030705,J.Thompson,RB,DEN,LAC,0,0,0.0,0,0.0,0.0,0.0,1,1.0,1,0,0,0.0,0,6.1,6.1,,,71.0,225.0,24.55488888888889,2.0,Duke,2014.0,2014.0,,,8.0,
2016,13,00-0030705,J.Thompson,RB,DEN,JAX,0,0,0.0,0,0.0,0.0,0.0,2,5.0,0,0,0,0.0,0,0.5,0.5,,,71.0,225.0,24.55488888888889,2.0,Duke,2014.0,2014.0,,,,
2016,16,00-0030705,J.Thompson,RB,DEN,KC,0,0,0.0,0,0.0,0.0,0.0,3,19.0,0,1,0,0.0,0,1.9,1.9,,,71.0,225.0,24.55488888888889,2.0,Duke,2014.0,2014.0,,,,0.025
2016,17,00-0030705,J.Thompson,RB,DEN,LV,0,0,0.0,0,0.0,0.0,0.0,2,1.0,0,0,0,0.0,0,0.1,0.1,,,71.0,225.0,24.55488888888889,2.0,Duke,2014.0,2014.0,,,18.0,
2016,2,00-0030710,T.Burton,TE,PHI,CHI,0,0,0.0,0,0.0,0.0,0.0,0,0.0,0,7,5,49.0,1,10.9,15.9,,,75.0,235.0,25.0298125,2.0,Florida,2014.0,2014.0,,,,0.21212122
2016,3,00-0030710,T.Burton,TE,PHI,PIT,0,0,0.0,0,0.0,0.0,0.0,0,0.0,0,6,2,19.0,0,1.9,3.9,,,75.0,235.0,25.0298125,2.0,Florida,2014.0,2014.0,,,31.0,0.19354838
2016,5,00-0030710,T.Burton,TE,PHI,DET,0,0,0.0,0,0.0,0.0,0.0,0,0.0,0,2,1,5.0,0,0.5,1.5,,,75.0,235.0,25.0298125,2.0,Florida,2014.0,2014.0,,,,0.0625
2016,6,00-0030710,T.Burton,TE,PHI,WAS,0,0,0.0,0,0.0,0.0,0.0,0,0.0,0,1,1,7.0,0,0.7,1.7,,,75.0,235.0,25.0298125,2.0,Florida,2014.0,2014.0,,,,0.045454547
2016,7,00-0030710,T.Burton,TE,PHI,MIN,0,0,0.0,0,0.0,0.0,0.0,0,0.0,0,1,0,0.0,0,0.0,0.0,,,75.0,235.0,25.0298125,2.0,Florida,2014.0,2014.0,,,11.0,0.035714287
2016,8,00-0030710,T.Burton,TE,PHI,DAL,0,0,0.0,0,0.0,0.0,0.0,0,0.0,0,2,1,6.0,0,0.6,1.6,,,75.0,235.0,25.0298125,2.0,Florida,2014.0,2014.0,,,,0.045454547
2016,9,00-0030710,T.Burton,TE,PHI,NYG,0,0,0.0,0,0.0,0.0,0.0,0,0.0,0,3,3,55.0,0,5.5,8.5,,,75.0,235.0,25.0298125,2.0,Florida,2014.0,2014.0,,,,0.06382979
2016,11,00-0030710,T.Burton,TE,PHI,SEA,0,0,0.0,0,0.0,0.0,0.0,0,0.0,0,2,1,14.0,0,1.4,2.4,,,75.0,235.0,25.0298125,2.0,Florida,2014.0,2014.0,,,,0.045454547
2016,12,00-0030710,T.Burton,TE,PHI,GB,0,0,0.0,0,0.0,0.0,0.0,0,0.0,0,4,3,10.0,0,1.0,4.0,,,75.0,235.0,25.0298125,2.0,Florida,2014.0,2014.0,,,-14.0,0.11111111
2016,13,00-0030710,T.Burton,TE,PHI,CIN,0,0,0.0,0,0.0,0.0,0.0,0,0.0,0,9,5,53.0,0,5.3,10.3,,,75.0,235.0,25.0298125,2.0,Florida,2014.0,2014.0,,,,0.15
2016,14,00-0030710,T.Burton,TE,PHI,WAS,0,0,0.0,0,0.0,0.0,0.0,0,0.0,0,10,7,65.0,0,6.5,13.5,,,75.0,235.0,25.0298125,2.0,Florida,2014.0,2014.0,,,-5.0,0.2173913
2016,15,00-0030710,T.Burton,TE,PHI,BAL,0,0,0.0,0,0.0,0.0,0.0,0,0.0,0,6,2,2.0,0,0.2,2.2,,,75.0,235.0,25.0298125,2.0,Florida,2014.0,2014.0,,,,0.14285715
2016,16,00-0030710,T.Burton,TE,PHI,NYG,0,0,0.0,0,0.0,0.0,0.0,0,0.0,0,1,1,3.0,0,0.3,1.3,,,75.0,235.0,25.0298125,2.0,Florida,2014.0,2014.0,,,5.0,0.04347826
2016,17,00-0030710,T.Burton,TE,PHI,DAL,0,0,0.0,0,0.0,0.0,0.0,0,0.0,0,6,5,39.0,0,3.9,8.9,,,75.0,235.0,25.0298125,2.0,Florida,2014.0,2014.0,,,14.0,0.13953489
2016,4,00-0030737,F.Martino,WR,TB,DEN,0,0,0.0,0,0.0,0.0,0.0,0,0.0,0,1,0,0.0,0,0.0,0.0,,,72.0,195.0,25.184642857142855,2.0,North Greenville,2014.0,2014.0,,,-20.0,0.028571429
2016,9,00-0030737,F.Martino,WR,TB,ATL,0,0,0.0,0,0.0,0.0,0.0,0,0.0,0,2,1,9.0,0,0.9,1.9,,,72.0,195.0,25.184642857142855,2.0,North Greenville,2014.0,2014.0,,,-15.0,0.041666668
2016,10,00-0030737,F.Martino,WR,TB,CHI,0,0,0.0,0,0.0,0.0,0.0,0,0.0,0,1,1,43.0,1,10.3,11.3,,,72.0,195.0,25.184642857142855,2.0,North Greenville,2014.0,2014.0,,,26.0,0.03125
2016,13,00-0030737,F.Martino,WR,TB,LAC,0,0,0.0,0,0.0,0.0,0.0,0,0.0,0,4,4,56.0,0,5.6,9.6,,,72.0,195.0,25.184642857142855,2.0,North Greenville,2014.0,2014.0,,,,0.13333334
2016,14,00-0030737,F.Martino,WR,TB,NO,0,0,0.0,0,0.0,0.0,0.0,0,0.0,0,1,0,0.0,0,0.0,0.0,,,72.0,195.0,25.184642857142855,2.0,North Greenville,2014.0,2014.0,,,5.0,0.03846154
2016,15,00-0030737,F.Martino,WR,TB,DAL,0,0,0.0,0,0.0,0.0,0.0,0,0.0,0,1,1,25.0,0,2.5,3.5,,,72.0,195.0,25.184642857142855,2.0,North Greenville,2014.0,2014.0,,,,0.030303031
2016,17,00-0030737,F.Martino,WR,TB,CAR,0,0,0.0,0,0.0,0.0,0.0,0,0.0,0,1,1,9.0,0,0.9,1.9,,,72.0,195.0,25.184642857142855,2.0,North Greenville,2014.0,2014.0,,,1.0,0.028571429
2016,17,00-0030741,R.Nix,FB,PIT,CLE,0,0,0.0,0,0.0,0.0,0.0,0,0.0,0,2,2,5.0,0,0.5,2.5,,,71.0,260.0,24.636,2.0,Kent State,2014.0,2014.0,,,3.0,0.054054055
2016,20,00-0030741,R.Nix,FB,PIT,NE,0,0,0.0,0,0.0,0.0,0.0,0,0.0,0,1,0,0.0,0,0.0,0.0,,,71.0,260.0,24.636,2.0,Kent State,2014.0,2014.0,,,,0.021276595
2016,3,00-0030758,,TE,GB,DET,0,0,0.0,0,0.0,0.0,0.0,0,0.0,0,1,1,13.0,0,1.3,2.3,,,75.0,250.0,25.782600000000002,2.0,,2014.0,2014.0,,,7.0,0.041666668
2016,6,00-0030758,,TE,GB,DAL,0,0,0.0,0,0.0,0.0,0.0,0,0.0,0,1,1,4.0,0,0.4,1.4,,,75.0,250.0,25.782600000000002,2.0,,2014.0,2014.0,,,-14.0,0.023809524
2016,9,00-0030758,,TE,GB,IND,0,0,0.0,0,0.0,0.0,0.0,0,0.0,0,2,2,18.0,0,1.8,3.8,,,75.0,250.0,25.782600000000002,2.0,,2014.0,2014.0,,,-5.0,0.04761905
2016,10,00-0030758,,TE,GB,TEN,0,0,0.0,0,0.0,0.0,0.0,0,0.0,0,1,0,0.0,0,0.0,0.0,,,75.0,250.0,25.782600000000002,2.0,,2014.0,2014.0,,,,0.018181818
2016,12,00-0030780,R.Hewitt,TE,CIN,BAL,0,0,0.0,0,0.0,0.0,0.0,0,0.0,0,2,1,5.0,0,0.5,1.5,,,76.0,254.0,25.7845625,2.0,Stanford,2014.0,2014.0,,,,0.04255319
2016,16,00-0030780,R.Hewitt,TE,CIN,HOU,0,0,0.0,0,0.0,0.0,0.0,0,0.0,0,1,1,8.0,0,0.8,1.8,,,76.0,254.0,25.7845625,2.0,Stanford,2014.0,2014.0,,,,0.024390243
2016,9,00-0030789,,RB,TEN,LAC,0,0,0.0,0,0.0,0.0,0.0,2,15.0,0,0,0,0.0,0,1.5,1.5,,,70.0,225.0,24.216250000000002,2.0,Western Kentucky,2014.0,2014.0,,,,
2016,2,00-0030801,B.Coleman,WR,NO,NYG,0,0,0.0,0,0.0,0.0,0.0,0,0.0,0,4,2,15.0,0,1.5,3.5,,,78.0,225.0,24.3794375,2.0,Rutgers,2014.0,2014.0,,,,0.09090909
2016,3,00-0030801,B.Coleman,WR,NO,ATL,0,0,0.0,0,0.0,0.0,0.0,0,0.0,0,8,7,78.0,0,7.8,14.8,,,78.0,225.0,24.3794375,2.0,Rutgers,2014.0,2014.0,,,-13.0,0.14814815
2016,4,00-0030801,B.Coleman,WR,NO,LAC,0,0,0.0,0,0.0,0.0,0.0,0,0.0,0,3,2,17.0,0,1.7,3.7,,,78.0,225.0,24.3794375,2.0,Rutgers,2014.0,2014.0,,,,0.083333336
2016,6,00-0030801,B.Coleman,WR,NO,CAR,0,0,0.0,0,0.0,0.0,0.0,0,0.0,0,2,1,6.0,0,0.6,1.6,,,78.0,225.0,24.3794375,2.0,Rutgers,2014.0,2014.0,,,3.0,0.041666668
2016,7,00-0030801,B.Coleman,WR,NO,KC,0,0,0.0,0,0.0,0.0,0.0,0,0.0,0,1,1,10.0,1,7.0,8.0,,,78.0,225.0,24.3794375,2.0,Rutgers,2014.0,2014.0,,,,0.021276595
2016,8,00-0030801,B.Coleman,WR,NO,SEA,0,0,0.0,0,0.0,0.0,0.0,0,0.0,0,2,2,44.0,0,4.4,6.4,,,78.0,225.0,24.3794375,2.0,Rutgers,2014.0,2014.0,,,5.0,0.057142857
2016,9,00-0030801,B.Coleman,WR,NO,SF,0,0,0.0,0,0.0,0.0,0.0,0,0.0,0,2,2,25.0,0,2.5,4.5,,,78.0,225.0,24.3794375,2.0,Rutgers,2014.0,2014.0,,,,0.051282052
2016,10,00-0030801,B.Coleman,WR,NO,DEN,0,0,0.0,0,0.0,0.0,0.0,0,0.0,0,1,1,19.0,0,1.9,2.9,,,78.0,225.0,24.3794375,2.0,Rutgers,2014.0,2014.0,,,-2.0,0.03448276
2016,11,00-0030801,B.Coleman,WR,NO,CAR,0,0,0.0,0,0.0,0.0,0.0,0,0.0,0,2,1,9.0,1,6.9,7.9,,,78.0,225.0,24.3794375,2.0,Rutgers,2014.0,2014.0,,,,0.045454547
2016,12,00-0030801,B.Coleman,WR,NO,LA,0,0,0.0,0,0.0,0.0,0.0,0,0.0,0,1,1,3.0,1,6.3,7.3,,,78.0,225.0,24.3794375,2.0,Rutgers,2014.0,2014.0,,,28.0,0.028571429
2016,14,00-0030801,B.Coleman,WR,NO,TB,0,0,0.0,0,0.0,0.0,0.0,0,0.0,0,8,5,47.0,0,4.7,9.7,,,78.0,225.0,24.3794375,2.0,Rutgers,2014.0,2014.0,,,,0.19512194
2016,15,00-0030801,B.Coleman,WR,NO,ARI,0,0,0.0,0,0.0,0.0,0.0,0,0.0,0,1,0,0.0,0,0.0,0.0,,,78.0,225.0,24.3794375,2.0,Rutgers,2014.0,2014.0,,,,0.020833334
2016,17,00-0030801,B.Coleman,WR,NO,ATL,0,0,0.0,0,0.0,0.0,0.0,0,0.0,0,3,1,8.0,0,0.8,1.8,,,78.0,225.0,24.3794375,2.0,Rutgers,2014.0,2014.0,,,,0.06122449
2016,15,00-0030805,J.Hamm,TE,SF,ATL,0,0,0.0,0,0.0,0.0,0.0,0,0.0,0,4,2,13.0,0,1.3,3.3,,,75.0,236.0,24.425846153846155,2.0,Louisiana-Monroe,2014.0,2014.0,,,,0.121212125
2016,1,00-0030821,A.Hurns,WR,JAX,GB,0,0,0.0,0,0.0,0.0,0.0,0,0.0,0,5,4,75.0,0,7.5,11.5,,,75.0,201.0,24.9896875,2.0,Miami,2014.0,2014.0,,,-4.0,0.12820514
2016,2,00-0030821,A.Hurns,WR,JAX,LAC,0,0,0.0,0,0.0,0.0,0.0,0,0.0,0,10,5,64.0,0,6.4,11.4,,,75.0,201.0,24.9896875,2.0,Miami,2014.0,2014.0,,,,0.20408164
2016,3,00-0030821,A.Hurns,WR,JAX,BAL,0,0,0.0,0,0.0,0.0,0.0,0,0.0,0,8,4,40.0,0,4.0,8.0,,,75.0,201.0,24.9896875,2.0,Miami,2014.0,2014.0,,,-2.0,0.21052632
2016,4,00-0030821,A.Hurns,WR,JAX,IND,0,0,0.0,0,0.0,0.0,0.0,0,0.0,0,4,2,47.0,1,10.7,12.7,,,75.0,201.0,24.9896875,2.0,Miami,2014.0,2014.0,,,3.0,0.121212125
2016,6,00-0030821,A.Hurns,WR,JAX,CHI,0,0,0.0,0,0.0,0.0,0.0,0,0.0,0,11,5,74.0,0,7.4,12.4,,,75.0,201.0,24.9896875,2.0,Miami,2014.0,2014.0,,,,0.33333334
2016,7,00-0030821,A.Hurns,WR,JAX,LV,0,0,0.0,0,0.0,0.0,0.0,0,0.0,0,7,4,45.0,0,4.5,8.5,,,75.0,201.0,24.9896875,2.0,Miami,2014.0,2014.0,,,-17.0,0.1627907
2016,8,00-0030821,A.Hurns,WR,JAX,TEN,0,0,0.0,0,0.0,0.0,0.0,0,0.0,0,11,7,98.0,1,15.8,22.8,,,75.0,201.0,24.9896875,2.0,Miami,2014.0,2014.0,,,,0.2037037
2016,9,00-0030821,A.Hurns,WR,JAX,KC,0,0,0.0,0,0.0,0.0,0.0,0,0.0,0,4,0,0.0,0,0.0,0.0,,,75.0,201.0,24.9896875,2.0,Miami,2014.0,2014.0,,,,0.1
2016,10,00-0030821,A.Hurns,WR,JAX,HOU,0,0,0.0,0,0.0,0.0,0.0,0,0.0,0,7,2,13.0,0,1.3,3.3,,,75.0,201.0,24.9896875,2.0,Miami,2014.0,2014.0,,,-3.0,0.14285715
2016,11,00-0030821,A.Hurns,WR,JAX,DET,0,0,0.0,0,0.0,0.0,0.0,0,0.0,0,2,1,9.0,0,0.9,1.9,,,75.0,201.0,24.9896875,2.0,Miami,2014.0,2014.0,,,,0.057142857
2016,12,00-0030821,A.Hurns,WR,JAX,BUF,0,0,0.0,0,0.0,0.0,0.0,0,0.0,0,7,1,12.0,1,7.2,8.2,,,75.0,201.0,24.9896875,2.0,Miami,2014.0,2014.0,,,,0.28
2016,16,00-0030828,D.Tialavea,OT,ATL,CAR,0,0,0.0,0,0.0,0.0,0.0,0,0.0,0,1,1,1.0,1,6.1,7.1,,,76.0,260.0,25.41133333333333,2.0,Utah State,2014.0,2014.0,,,,0.030303031
2016,6,00-0030854,E.Swoope,TE,IND,HOU,0,0,0.0,0,0.0,0.0,0.0,0,0.0,0,3,2,42.0,0,4.2,6.2,,,77.0,243.0,24.496625,2.0,Miami,2014.0,2014.0,,,,0.09375
2016,7,00-0030854,E.Swoope,TE,IND,TEN,0,0,0.0,0,0.0,0.0,0.0,0,0.0,0,5,2,51.0,0,5.1,7.1,,,77.0,243.0,24.496625,2.0,Miami,2014.0,2014.0,,,,0.12820514
2016,8,00-0030854,E.Swoope,TE,IND,KC,0,0,0.0,0,0.0,0.0,0.0,0,0.0,0,3,2,30.0,0,3.0,5.0,,,77.0,243.0,24.496625,2.0,Miami,2014.0,2014.0,,,-16.0,0.08571429
2016,9,00-0030854,E.Swoope,TE,IND,GB,0,0,0.0,0,0.0,0.0,0.0,0,0.0,0,1,1,7.0,0,0.7,1.7,,,77.0,243.0,24.496625,2.0,Miami,2014.0,2014.0,,,,0.027777778
2016,12,00-0030854,E.Swoope,TE,IND,PIT,0,0,0.0,0,0.0,0.0,0.0,0,0.0,0,2,1,35.0,0,3.5,4.5,,,77.0,243.0,24.496625,2.0,Miami,2014.0,2014.0,,,-21.0,0.054054055
2016,13,00-0030854,E.Swoope,TE,IND,NYJ,0,0,0.0,0,0.0,0.0,0.0,0,0.0,0,3,2,15.0,0,1.5,3.5,,,77.0,243.0,24.496625,2.0,Miami,2014.0,2014.0,,,,0.10344828
2016,15,00-0030854,E.Swoope,TE,IND,MIN,0,0,0.0,0,0.0,0.0,0.0,0,0.0,0,3,3,50.0,1,11.0,14.0,,,77.0,243.0,24.496625,2.0,Miami,2014.0,2014.0,,,,0.10714286
2016,16,00-0030854,E.Swoope,TE,IND,LV,0,0,0.0,0,0.0,0.0,0.0,0,0.0,0,1,1,45.0,0,4.5,5.5,,,77.0,243.0,24.496625,2.0,Miami,2014.0,2014.0,,,,0.03448276
2016,17,00-0030854,E.Swoope,TE,IND,JAX,0,0,0.0,0,0.0,0.0,0.0,0,0.0,0,1,1,22.0,0,2.2,3.2,,,77.0,243.0,24.496625,2.0,Miami,2014.0,2014.0,,,4.0,0.02631579
2016,17,00-0030856,T.Washington,WR,JAX,IND,0,0,0.0,0,0.0,0.0,0.0,0,0.0,0,1,1,9.0,0,0.9,1.9,,,71.0,195.0,26.195999999999998,2.0,Appalachian State,2014.0,2014.0,,,,0.025641026
2016,2,00-0030860,O.Darkwa,RB,NYG,NO,0,0,0.0,0,0.0,0.0,0.0,1,-1.0,0,1,1,3.0,0,0.2,1.2,,,72.0,215.0,24.70105882352941,2.0,Tulane,2014.0,2014.0,,,3.0,0.024390243
2016,3,00-0030860,O.Darkwa,RB,NYG,WAS,0,0,0.0,0,0.0,0.0,0.0,10,53.0,1,1,1,9.0,0,12.2,13.2,,,72.0,215.0,24.70105882352941,2.0,Tulane,2014.0,2014.0,,,-2.0,0.02631579
2016,4,00-0030860,O.Darkwa,RB,NYG,MIN,0,0,0.0,0,0.0,0.0,0.0,12,48.0,1,2,0,0.0,0,10.8,10.8,,,72.0,215.0,24.70105882352941,2.0,Tulane,2014.0,2014.0,,,,0.044444446
2016,5,00-0030860,O.Darkwa,RB,NYG,GB,0,0,0.0,0,0.0,0.0,0.0,7,11.0,0,0,0,0.0,0,1.1,1.1,,,72.0,215.0,24.70105882352941,2.0,Tulane,2014.0,2014.0,,,,
2016,1,00-0030874,D.Williams,RB,MIA,SEA,0,0,0.0,0,0.0,0.0,0.0,2,9.0,0,2,1,29.0,0,3.8,4.8,,,71.0,221.0,24.60458823529412,2.0,Oklahoma,2014.0,2014.0,,,,0.074074075
2016,3,00-0030874,D.Williams,RB,MIA,CLE,0,0,0.0,0,0.0,0.0,0.0,1,15.0,0,3,3,10.0,1,8.5,11.5,,,71.0,221.0,24.60458823529412,2.0,Oklahoma,2014.0,2014.0,,,6.0,0.083333336
2016,4,00-0030874,D.Williams,RB,MIA,CIN,0,0,0.0,0,0.0,0.0,0.0,2,9.0,0,2,1,6.0,0,1.5,2.5,,,71.0,221.0,24.60458823529412,2.0,Oklahoma,2014.0,2014.0,,,,0.08
2016,5,00-0030874,D.Williams,RB,MIA,TEN,0,0,0.0,0,0.0,0.0,0.0,1,3.0,0,2,2,67.0,0,7.0,9.0,,,71.0,221.0,24.60458823529412,2.0,Oklahoma,2014.0,2014.0,,,-13.0,0.11111111
2016,6,00-0030874,D.Williams,RB,MIA,PIT,0,0,0.0,0,0.0,0.0,0.0,6,12.0,1,2,2,5.0,0,7.7,9.7,,,71.0,221.0,24.60458823529412,2.0,Oklahoma,2014.0,2014.0,,,15.0,0.0625
2016,7,00-0030874,D.Williams,RB,MIA,BUF,0,0,0.0,0,0.0,0.0,0.0,4,16.0,1,1,0,0.0,0,7.6,7.6,,,71.0,221.0,24.60458823529412,2.0,Oklahoma,2014.0,2014.0,,,3.0,0.04
2016,9,00-0030874,D.Williams,RB,MIA,NYJ,0,0,0.0,0,0.0,0.0,0.0,5,29.0,0,3,2,20.0,0,4.9,6.9,,,71.0,221.0,24.60458823529412,2.0,Oklahoma,2014.0,2014.0,,,4.0,0.10344828
2016,10,00-0030874,D.Williams,RB,MIA,LAC,0,0,0.0,0,0.0,0.0,0.0,2,2.0,1,1,1,18.0,1,14.0,15.0,,,71.0,221.0,24.60458823529412,2.0,Oklahoma,2014.0,2014.0,,,,0.04347826
2016,11,00-0030874,D.Williams,RB,MIA,LA,0,0,0.0,0,0.0,0.0,0.0,0,0.0,0,1,0,0.0,0,0.0,0.0,,,71.0,221.0,24.60458823529412,2.0,Oklahoma,2014.0,2014.0,,,,0.029411765
2016,12,00-0030874,D.Williams,RB,MIA,SF,0,0,0.0,0,0.0,0.0,0.0,1,7.0,0,2,2,11.0,0,1.8,3.8,,,71.0,221.0,24.60458823529412,2.0,Oklahoma,2014.0,2014.0,,,7.0,0.06666667
2016,13,00-0030874,D.Williams,RB,MIA,BAL,0,0,0.0,0,0.0,0.0,0.0,1,1.0,0,2,2,8.0,0,0.9,2.9,,,71.0,221.0,24.60458823529412,2.0,Oklahoma,2014.0,2014.0,,,,0.051282052
2016,14,00-0030874,D.Williams,RB,MIA,ARI,0,0,0.0,0,0.0,0.0,0.0,5,7.0,0,3,2,1.0,1,6.8,8.8,,,71.0,221.0,24.60458823529412,2.0,Oklahoma,2014.0,2014.0,,,3.0,0.12
2016,15,00-0030874,D.Williams,RB,MIA,NYJ,0,0,0.0,0,0.0,0.0,0.0,3,0.0,0,0,0,0.0,0,0.0,0.0,,,71.0,221.0,24.60458823529412,2.0,Oklahoma,2014.0,2014.0,,,,
2016,16,00-0030874,D.Williams,RB,MIA,BUF,0,0,0.0,0,0.0,0.0,0.0,0,0.0,0,3,2,51.0,0,5.1,7.1,,,71.0,221.0,24.60458823529412,2.0,Oklahoma,2014.0,2014.0,,,,0.10344828
2016,17,00-0030874,D.Williams,RB,MIA,NE,0,0,0.0,0,0.0,0.0,0.0,2,5.0,0,5,3,23.0,0,0.8,3.8,,,71.0,221.0,24.60458823529412,2.0,Oklahoma,2014.0,2014.0,,,-21.0,0.14705883
2016,18,00-0030874,D.Williams,RB,MIA,PIT,0,0,0.0,0,0.0,0.0,0.0,3,14.0,0,2,1,4.0,1,7.8,8.8,,,71.0,221.0,24.60458823529412,2.0,Oklahoma,2014.0,2014.0,,,,0.055555556
2016,1,00-0030968,K.Smith,FB,DAL,NYG,0,0,0.0,0,0.0,0.0,0.0,1,3.0,0,0,0,0.0,0,0.3,0.3,,,72.0,232.0,24.593117647058822,2.0,San Jose State,2014.0,2014.0,,,-1.0,
2016,2,00-0030968,K.Smith,FB,DAL,WAS,0,0,0.0,0,0.0,0.0,0.0,0,0.0,0,1,1,5.0,0,0.5,1.5,,,72.0,232.0,24.593117647058822,2.0,San Jose State,2014.0,2014.0,,,,0.033333335
2016,4,00-0030968,K.Smith,FB,DAL,SF,0,0,0.0,0,0.0,0.0,0.0,1,2.0,0,1,1,14.0,0,1.6,2.6,,,72.0,232.0,24.593117647058822,2.0,San Jose State,2014.0,2014.0,,,,0.03125
2016,8,00-0030968,K.Smith,FB,DAL,PHI,0,0,0.0,0,0.0,0.0,0.0,0,0.0,0,1,1,1.0,0,0.1,1.1,,,72.0,232.0,24.593117647058822,2.0,San Jose State,2014.0,2014.0,,,6.0,0.025
2016,1,00-0030990,J.Huff,WR,PHI,CLE,0,0,0.0,0,0.0,0.0,0.0,0,0.0,0,3,0,0.0,0,0.0,0.0,,,71.0,206.0,25.05636363636364,2.0,Oregon,2014.0,2014.0,PHI,86.0,19.0,0.08108108
2016,2,00-0030990,J.Huff,WR,PHI,CHI,0,0,0.0,0,0.0,0.0,0.0,1,0.0,0,1,1,-1.0,0,-0.1,0.9,,,71.0,206.0,25.05636363636364,2.0,Oregon,2014.0,2014.0,PHI,86.0,,0.030303031
2016,3,00-0030990,J.Huff,WR,PHI,PIT,0,0,0.0,0,0.0,0.0,0.0,0,0.0,0,5,4,20.0,0,2.0,6.0,,,71.0,206.0,25.05636363636364,2.0,Oregon,2014.0,2014.0,PHI,86.0,31.0,0.16129032
2016,5,00-0030990,J.Huff,WR,PHI,DET,0,0,0.0,0,0.0,0.0,0.0,2,10.0,0,3,3,5.0,1,7.5,10.5,,,71.0,206.0,25.05636363636364,2.0,Oregon,2014.0,2014.0,PHI,86.0,,0.09375
2016,7,00-0030990,J.Huff,WR,PHI,MIN,0,0,0.0,0,0.0,0.0,0.0,0,0.0,0,4,4,39.0,0,9.9,13.9,,,71.0,206.0,25.05636363636364,2.0,Oregon,2014.0,2014.0,PHI,86.0,11.0,0.14285715
2016,8,00-0030990,J.Huff,WR,PHI,DAL,0,1,0.0,0,0.0,0.0,-0.0,0,0.0,0,1,1,9.0,0,0.9,1.9,,,71.0,206.0,25.05636363636364,2.0,Oregon,2014.0,2014.0,PHI,86.0,,0.022727273
2016,14,00-0030990,J.Huff,WR,TB,NO,0,0,0.0,0,0.0,0.0,0.0,1,5.0,0,2,1,17.0,0,2.2,3.2,,,71.0,206.0,25.05636363636364,2.0,Oregon,2014.0,2014.0,PHI,86.0,5.0,0.07692308
2016,15,00-0030990,J.Huff,WR,TB,DAL,0,0,0.0,0,0.0,0.0,0.0,0,0.0,0,1,0,0.0,0,0.0,0.0,,,71.0,206.0,25.05636363636364,2.0,Oregon,2014.0,2014.0,PHI,86.0,,0.030303031
2016,16,00-0030990,J.Huff,WR,TB,NO,0,0,0.0,0,0.0,0.0,0.0,0,0.0,0,3,2,24.0,0,2.4,4.4,,,71.0,206.0,25.05636363636364,2.0,Oregon,2014.0,2014.0,PHI,86.0,,0.0882353
2016,1,00-0030992,C.Gillmore,TE,BAL,BUF,0,0,0.0,0,0.0,0.0,0.0,0,0.0,0,1,1,5.0,0,0.5,1.5,,,78.0,260.0,24.975562500000002,2.0,Colorado State,2014.0,2014.0,BAL,99.0,6.0,0.03125
2016,2,00-0030992,C.Gillmore,TE,BAL,CLE,0,0,0.0,0,0.0,0.0,0.0,0,0.0,0,3,1,22.0,0,2.2,3.2,,,78.0,260.0,24.975562500000002,2.0,Colorado State,2014.0,2014.0,BAL,99.0,,0.06666667
2016,4,00-0030992,C.Gillmore,TE,BAL,LV,0,0,0.0,0,0.0,0.0,0.0,0,0.0,0,2,2,16.0,0,1.6,3.6,,,78.0,260.0,24.975562500000002,2.0,Colorado State,2014.0,2014.0,BAL,99.0,-1.0,0.04
2016,5,00-0030992,C.Gillmore,TE,BAL,WAS,0,0,0.0,0,0.0,0.0,0.0,0,0.0,0,7,4,28.0,1,8.8,12.8,,,78.0,260.0,24.975562500000002,2.0,Colorado State,2014.0,2014.0,BAL,99.0,-6.0,0.14893617
2016,6,00-0030992,C.Gillmore,TE,BAL,NYG,0,0,0.0,0,0.0,0.0,0.0,0,0.0,0,1,0,0.0,0,0.0,0.0,,,78.0,260.0,24.975562500000002,2.0,Colorado State,2014.0,2014.0,BAL,99.0,,0.020833334
2016,6,00-0031001,J.Janis,WR,GB,DAL,0,0,0.0,0,0.0,0.0,0.0,0,0.0,0,2,2,14.0,0,1.4,3.4,,,75.0,219.0,25.40647368421053,2.0,Saginaw Valley State,2014.0,2014.0,GB,236.0,-14.0,0.04761905
2016,7,00-0031001,J.Janis,WR,GB,CHI,0,0,0.0,0,0.0,0.0,0.0,0,0.0,0,5,2,9.0,0,0.9,2.9,,,75.0,219.0,25.40647368421053,2.0,Saginaw Valley State,2014.0,2014.0,GB,236.0,16.0,0.08928572
2016,8,00-0031001,J.Janis,WR,GB,ATL,0,0,0.0,0,0.0,0.0,0.0,0,0.0,0,4,4,30.0,1,9.0,13.0,,,75.0,219.0,25.40647368421053,2.0,Saginaw Valley State,2014.0,2014.0,GB,236.0,,0.10526316
2016,9,00-0031001,J.Janis,WR,GB,IND,0,0,0.0,0,0.0,0.0,0.0,0,0.0,0,2,1,25.0,0,2.5,3.5,,,75.0,219.0,25.40647368421053,2.0,Saginaw Valley State,2014.0,2014.0,GB,236.0,-5.0,0.04761905
2016,10,00-0031001,J.Janis,WR,GB,TEN,0,0,0.0,0,0.0,0.0,0.0,0,0.0,0,3,0,0.0,0,0.0,0.0,,,75.0,219.0,25.40647368421053,2.0,Saginaw Valley State,2014.0,2014.0,GB,236.0,,0.054545455
2016,11,00-0031001,J.Janis,WR,GB,WAS,0,0,0.0,0,0.0,0.0,0.0,0,0.0,0,1,0,0.0,0,0.0,0.0,,,75.0,219.0,25.40647368421053,2.0,Saginaw Valley State,2014.0,2014.0,GB,236.0,,0.023255814
2016,12,00-0031001,J.Janis,WR,GB,PHI,0,0,0.0,0,0.0,0.0,0.0,0,0.0,0,1,1,7.0,0,0.7,1.7,,,75.0,219.0,25.40647368421053,2.0,Saginaw Valley State,2014.0,2014.0,GB,236.0,,0.02631579
2016,13,00-0031001,J.Janis,WR,GB,HOU,0,0,0.0,0,0.0,0.0,0.0,1,19.0,0,0,0,0.0,0,1.9,1.9,,,75.0,219.0,25.40647368421053,2.0,Saginaw Valley State,2014.0,2014.0,GB,236.0,8.0,
2016,14,00-0031001,J.Janis,WR,GB,SEA,0,0,0.0,0,0.0,0.0,0.0,1,19.0,1,0,0,0.0,0,7.9,7.9,,,75.0,219.0,25.40647368421053,2.0,Saginaw Valley State,2014.0,2014.0,GB,236.0,28.0,
2016,16,00-0031001,J.Janis,WR,GB,MIN,0,0,0.0,0,0.0,0.0,0.0,0,0.0,0,1,1,8.0,0,0.8,1.8,,,75.0,219.0,25.40647368421053,2.0,Saginaw Valley State,2014.0,2014.0,GB,236.0,13.0,0.025641026
2016,20,00-0031001,J.Janis,WR,GB,ATL,0,0,0.0,0,0.0,0.0,0.0,0,0.0,0,1,0,0.0,0,0.0,0.0,,,75.0,219.0,25.40647368421053,2.0,Saginaw Valley State,2014.0,2014.0,GB,236.0,,0.023255814
2016,1,00-0031021,J.Abbrederis,WR,GB,JAX,0,0,0.0,0,0.0,0.0,0.0,0,0.0,0,1,1,8.0,0,0.8,1.8,,,73.0,195.0,25.888333333333335,2.0,Wisconsin,2014.0,2014.0,GB,176.0,,0.030303031
2016,6,00-0031021,J.Abbrederis,WR,GB,DAL,0,0,0.0,0,0.0,0.0,0.0,0,0.0,0,1,0,0.0,0,0.0,0.0,,,73.0,195.0,25.888333333333335,2.0,Wisconsin,2014.0,2014.0,GB,176.0,-14.0,0.023809524
2016,1,00-0031023,Q.Enunwa,WR,NYJ,CIN,0,0,0.0,0,0.0,0.0,0.0,0,0.0,0,8,7,54.0,1,11.4,18.4,,,74.0,225.0,24.4324375,2.0,Nebraska,2014.0,2014.0,NYJ,209.0,-1.0,0.23529412
2016,2,00-0031023,Q.Enunwa,WR,NYJ,BUF,0,0,0.0,0,0.0,0.0,0.0,0,0.0,0,6,6,92.0,0,9.2,15.2,,,74.0,225.0,24.4324375,2.0,Nebraska,2014.0,2014.0,NYJ,209.0,,0.1764706
2016,3,00-0031023,Q.Enunwa,WR,NYJ,KC,0,0,0.0,0,0.0,0.0,0.0,0,0.0,0,11,4,37.0,0,3.7,7.7,,,74.0,225.0,24.4324375,2.0,Nebraska,2014.0,2014.0,NYJ,209.0,,0.25
2016,4,00-0031023,Q.Enunwa,WR,NYJ,SEA,0,0,0.0,0,0.0,0.0,0.0,0,0.0,0,7,6,60.0,0,6.0,12.0,,,74.0,225.0,24.4324375,2.0,Nebraska,2014.0,2014.0,NYJ,209.0,-10.0,0.17073171
2016,5,00-0031023,Q.Enunwa,WR,NYJ,PIT,0,0,0.0,0,0.0,0.0,0.0,0,0.0,0,7,4,51.0,0,5.1,9.1,,,74.0,225.0,24.4324375,2.0,Nebraska,2014.0,2014.0,NYJ,209.0,,0.18421052
2016,6,00-0031023,Q.Enunwa,WR,NYJ,ARI,0,0,0.0,0,0.0,0.0,0.0,0,0.0,0,5,3,42.0,0,4.2,7.2,,,74.0,225.0,24.4324375,2.0,Nebraska,2014.0,2014.0,NYJ,209.0,,0.13513513
2016,7,00-0031023,Q.Enunwa,WR,NYJ,BAL,0,0,0.0,0,0.0,0.0,0.0,0,0.0,0,4,2,73.0,1,13.3,15.3,,,74.0,225.0,24.4324375,2.0,Nebraska,2014.0,2014.0,NYJ,209.0,8.0,0.18181819
2016,8,00-0031023,Q.Enunwa,WR,NYJ,CLE,0,0,0.0,0,0.0,0.0,0.0,0,0.0,0,11,4,93.0,1,15.3,19.3,,,74.0,225.0,24.4324375,2.0,Nebraska,2014.0,2014.0,NYJ,209.0,,0.32352942
2016,9,00-0031023,Q.Enunwa,WR,NYJ,MIA,0,0,0.0,0,0.0,0.0,0.0,0,0.0,0,4,1,25.0,0,2.5,3.5,,,74.0,225.0,24.4324375,2.0,Nebraska,2014.0,2014.0,NYJ,209.0,,0.13793103
2016,10,00-0031023,Q.Enunwa,WR,NYJ,LA,0,0,0.0,0,0.0,0.0,0.0,0,0.0,0,6,1,7.0,0,0.7,1.7,,,74.0,225.0,24.4324375,2.0,Nebraska,2014.0,2014.0,NYJ,209.0,-3.0,0.19354838
2016,12,00-0031023,Q.Enunwa,WR,NYJ,NE,0,0,0.0,0,0.0,0.0,0.0,0,0.0,0,5,5,109.0,1,16.9,21.9,,,74.0,225.0,24.4324375,2.0,Nebraska,2014.0,2014.0,NYJ,209.0,-5.0,0.16129032
2016,13,00-0031023,Q.Enunwa,WR,NYJ,IND,0,0,0.0,0,0.0,0.0,0.0,0,0.0,0,2,1,10.0,0,1.0,2.0,,,74.0,225.0,24.4324375,2.0,Nebraska,2014.0,2014.0,NYJ,209.0,-31.0,0.054054055
2016,14,00-0031023,Q.Enunwa,WR,NYJ,SF,0,0,0.0,0,0.0,0.0,0.0,0,0.0,0,7,3,29.0,0,2.9,5.9,,,74.0,225.0,24.4324375,2.0,Nebraska,2014.0,2014.0,NYJ,209.0,,0.2
2016,15,00-0031023,Q.Enunwa,WR,NYJ,MIA,0,0,0.0,0,0.0,0.0,0.0,0,0.0,0,9,5,64.0,0,6.4,11.4,,,74.0,225.0,24.4324375,2.0,Nebraska,2014.0,2014.0,NYJ,209.0,-21.0,0.2
2016,16,00-0031023,Q.Enunwa,WR,NYJ,NE,0,0,0.0,0,0.0,0.0,0.0,1,12.0,0,5,1,30.0,0,4.2,5.2,,,74.0,225.0,24.4324375,2.0,Nebraska,2014.0,2014.0,NYJ,209.0,,0.20833333
2016,17,00-0031023,Q.Enunwa,WR,NYJ,BUF,0,0,0.0,0,0.0,0.0,0.0,0,0.0,0,8,5,81.0,0,8.1,13.1,,,74.0,225.0,24.4324375,2.0,Nebraska,2014.0,2014.0,NYJ,209.0,20.0,0.26666668
2016,15,00-0031025,M.Campanaro,WR,BAL,PHI,0,0,0.0,0,0.0,0.0,0.0,1,39.0,0,1,0,0.0,0,3.9,3.9,,,69.0,191.0,25.8445,2.0,Wake Forest,2014.0,2014.0,BAL,218.0,1.0,0.03448276
2016,16,00-0031025,M.Campanaro,WR,BAL,PIT,0,0,0.0,0,0.0,0.0,0.0,1,23.0,0,0,0,0.0,0,2.3,2.3,,,69.0,191.0,25.8445,2.0,Wake Forest,2014.0,2014.0,BAL,218.0,,
2016,17,00-0031025,M.Campanaro,WR,BAL,CIN,0,0,0.0,0,0.0,0.0,0.0,1,10.0,0,0,0,0.0,0,1.0,1.0,,,69.0,191.0,25.8445,2.0,Wake Forest,2014.0,2014.0,BAL,218.0,,
2016,2,00-0031035,X.Grimble,TE,PIT,CIN,0,0,0.0,0,0.0,0.0,0.0,0,0.0,0,4,2,26.0,1,8.6,10.6,,,76.0,261.0,24.15421052631579,2.0,Southern California,2014.0,2014.0,,,8.0,0.10810811
2016,4,00-0031035,X.Grimble,TE,PIT,KC,0,0,0.0,0,0.0,0.0,0.0,0,0.0,0,2,1,19.0,0,1.9,2.9,,,76.0,261.0,24.15421052631579,2.0,Southern California,2014.0,2014.0,,,29.0,0.074074075
2016,5,00-0031035,X.Grimble,TE,PIT,NYJ,0,0,0.0,0,0.0,0.0,0.0,0,0.0,0,2,2,13.0,0,1.3,3.3,,,76.0,261.0,24.15421052631579,2.0,Southern California,2014.0,2014.0,,,18.0,0.04255319
2016,6,00-0031035,X.Grimble,TE,PIT,MIA,0,0,0.0,0,0.0,0.0,0.0,0,0.0,0,3,1,11.0,0,1.1,2.1,,,76.0,261.0,24.15421052631579,2.0,Southern California,2014.0,2014.0,,,,0.08571429
2016,7,00-0031035,X.Grimble,TE,PIT,NE,0,0,0.0,0,0.0,0.0,0.0,0,0.0,0,5,2,14.0,0,1.4,3.4,,,76.0,261.0,24.15421052631579,2.0,Southern California,2014.0,2014.0,,,-11.0,0.10869565
2016,9,00-0031035,X.Grimble,TE,PIT,BAL,0,0,0.0,0,0.0,0.0,0.0,0,0.0,0,1,1,10.0,0,1.0,2.0,,,76.0,261.0,24.15421052631579,2.0,Southern California,2014.0,2014.0,,,,0.022222223
2016,10,00-0031035,X.Grimble,TE,PIT,DAL,0,0,0.0,0,0.0,0.0,0.0,0,0.0,0,2,1,5.0,0,0.5,1.5,,,76.0,261.0,24.15421052631579,2.0,Southern California,2014.0,2014.0,,,-5.0,0.04347826
2016,16,00-0031035,X.Grimble,TE,PIT,BAL,0,0,0.0,0,0.0,0.0,0.0,0,0.0,0,2,1,20.0,1,8.0,9.0,,,76.0,261.0,24.15421052631579,2.0,Southern California,2014.0,2014.0,,,4.0,0.06666667
2016,3,00-0031042,J.Amaro,TE,TEN,LV,0,0,0.0,0,0.0,0.0,0.0,0,0.0,0,4,3,59.0,0,5.9,8.9,,,77.0,265.0,24.358625,2.0,Texas Tech,2014.0,2014.0,NYJ,49.0,-7.0,0.121212125
2016,2,00-0031044,T.Niklas,TE,ARI,TB,0,0,0.0,0,0.0,0.0,0.0,0,0.0,0,1,0,0.0,0,0.0,0.0,,,78.0,270.0,24.1335625,2.0,Notre Dame,2014.0,2014.0,ARI,52.0,33.0,0.029411765
2016,3,00-0031044,T.Niklas,TE,ARI,BUF,0,0,0.0,0,0.0,0.0,0.0,0,0.0,0,1,1,0.0,0,0.0,1.0,,,78.0,270.0,24.1335625,2.0,Notre Dame,2014.0,2014.0,ARI,52.0,,0.02
2016,1,00-0031045,C.Hyde,RB,SF,LA,0,0,0.0,0,0.0,0.0,0.0,23,88.0,2,3,2,5.0,0,21.3,23.3,,,72.0,235.0,26.1306875,2.0,Ohio State,2014.0,2014.0,SF,57.0,28.0,0.08571429
2016,2,00-0031045,C.Hyde,RB,SF,CAR,0,0,0.0,0,0.0,0.0,0.0,14,34.0,0,3,3,18.0,0,3.2,6.2,,,72.0,235.0,26.1306875,2.0,Ohio State,2014.0,2014.0,SF,57.0,,0.083333336
2016,3,00-0031045,C.Hyde,RB,SF,SEA,0,0,0.0,0,0.0,0.0,0.0,21,103.0,2,1,1,2.0,0,24.5,25.5,,,72.0,235.0,26.1306875,2.0,Ohio State,2014.0,2014.0,SF,57.0,,0.04
2016,4,00-0031045,C.Hyde,RB,SF,DAL,0,0,0.0,0,0.0,0.0,0.0,15,74.0,1,1,1,5.0,0,13.9,14.9,,,72.0,235.0,26.1306875,2.0,Ohio State,2014.0,2014.0,SF,57.0,-7.0,0.04347826
2016,5,00-0031045,C.Hyde,RB,SF,ARI,0,0,0.0,0,0.0,0.0,0.0,22,78.0,1,6,6,36.0,0,17.4,23.4,,,72.0,235.0,26.1306875,2.0,Ohio State,2014.0,2014.0,SF,57.0,-12.0,0.19354838
2016,6,00-0031045,C.Hyde,RB,SF,BUF,0,0,0.0,0,0.0,0.0,0.0,14,52.0,0,0,0,0.0,0,5.2,5.2,,,72.0,235.0,26.1306875,2.0,Ohio State,2014.0,2014.0,SF,57.0,,
2016,10,00-0031045,C.Hyde,RB,SF,ARI,0,0,0.0,0,0.0,0.0,0.0,13,14.0,0,1,0,0.0,0,1.4,1.4,,,72.0,235.0,26.1306875,2.0,Ohio State,2014.0,2014.0,SF,57.0,,0.033333335
2016,11,00-0031045,C.Hyde,RB,SF,NE,0,0,0.0,0,0.0,0.0,0.0,19,86.0,0,3,3,24.0,0,11.0,14.0,,,72.0,235.0,26.1306875,2.0,Ohio State,2014.0,2014.0,SF,57.0,-13.0,0.1
2016,12,00-0031045,C.Hyde,RB,SF,MIA,0,0,0.0,0,0.0,0.0,0.0,13,65.0,0,6,5,30.0,1,15.5,20.5,,,72.0,235.0,26.1306875,2.0,Ohio State,2014.0,2014.0,SF,57.0,,0.13333334
2016,13,00-0031045,C.Hyde,RB,SF,CHI,0,0,0.0,0,0.0,0.0,0.0,20,92.0,0,2,1,6.0,0,9.8,10.8,,,72.0,235.0,26.1306875,2.0,Ohio State,2014.0,2014.0,SF,57.0,,0.13333334
2016,14,00-0031045,C.Hyde,RB,SF,NYJ,0,0,0.0,0,0.0,0.0,0.0,17,193.0,0,1,1,7.0,1,26.0,27.0,,,72.0,235.0,26.1306875,2.0,Ohio State,2014.0,2014.0,SF,57.0,-6.0,0.03846154
2016,15,00-0031045,C.Hyde,RB,SF,ATL,0,0,0.0,0,0.0,0.0,0.0,13,71.0,0,3,1,6.0,0,5.7,6.7,,,72.0,235.0,26.1306875,2.0,Ohio State,2014.0,2014.0,SF,57.0,,0.09090909
2016,16,00-0031045,C.Hyde,RB,SF,LA,0,0,0.0,0,0.0,0.0,0.0,13,38.0,0,3,3,24.0,1,10.2,13.2,,,72.0,235.0,26.1306875,2.0,Ohio State,2014.0,2014.0,SF,57.0,,0.08108108
2016,1,00-0031051,J.Brown,WR,ARI,NE,0,0,0.0,0,0.0,0.0,0.0,0,0.0,0,4,1,8.0,0,0.8,1.8,,,71.0,179.0,26.5949375,2.0,Pittsburg State,2014.0,2014.0,ARI,91.0,-2.0,0.10810811
2016,2,00-0031051,J.Brown,WR,ARI,TB,0,0,0.0,0,0.0,0.0,0.0,0,0.0,0,3,1,14.0,0,1.4,2.4,,,71.0,179.0,26.5949375,2.0,Pittsburg State,2014.0,2014.0,ARI,91.0,33.0,0.0882353
2016,3,00-0031051,J.Brown,WR,ARI,BUF,0,0,0.0,0,0.0,0.0,0.0,0,0.0,0,11,6,70.0,0,7.0,13.0,,,71.0,179.0,26.5949375,2.0,Pittsburg State,2014.0,2014.0,ARI,91.0,,0.22
2016,4,00-0031051,J.Brown,WR,ARI,LA,0,0,0.0,0,0.0,0.0,0.0,0,0.0,0,16,10,144.0,0,14.4,24.4,,,71.0,179.0,26.5949375,2.0,Pittsburg State,2014.0,2014.0,ARI,91.0,-4.0,0.35555556
2016,5,00-0031051,J.Brown,WR,ARI,SF,0,0,0.0,0,0.0,0.0,0.0,0,0.0,0,5,1,11.0,0,1.1,2.1,,,71.0,179.0,26.5949375,2.0,Pittsburg State,2014.0,2014.0,ARI,91.0,,0.18518518
2016,6,00-0031051,J.Brown,WR,ARI,NYJ,0,0,0.0,0,0.0,0.0,0.0,0,0.0,0,7,5,54.0,0,5.4,10.4,,,71.0,179.0,26.5949375,2.0,Pittsburg State,2014.0,2014.0,ARI,91.0,25.0,0.2
2016,8,00-0031051,J.Brown,WR,ARI,CAR,0,0,0.0,0,0.0,0.0,0.0,0,0.0,0,4,4,49.0,1,10.9,14.9,,,71.0,179.0,26.5949375,2.0,Pittsburg State,2014.0,2014.0,ARI,91.0,,0.08888889
2016,10,00-0031051,J.Brown,WR,ARI,SF,0,0,0.0,0,0.0,0.0,0.0,1,10.0,0,4,2,30.0,0,4.0,6.0,,,71.0,179.0,26.5949375,2.0,Pittsburg State,2014.0,2014.0,ARI,91.0,3.0,0.083333336
2016,11,00-0031051,J.Brown,WR,ARI,MIN,0,0,0.0,0,0.0,0.0,0.0,0,0.0,0,4,0,0.0,0,0.0,0.0,,,71.0,179.0,26.5949375,2.0,Pittsburg State,2014.0,2014.0,ARI,91.0,,0.10810811
2016,12,00-0031051,J.Brown,WR,ARI,ATL,0,0,0.0,0,0.0,0.0,0.0,0,0.0,0,2,1,19.0,0,1.9,2.9,,,71.0,179.0,26.5949375,2.0,Pittsburg State,2014.0,2014.0,ARI,91.0,,0.045454547
2016,13,00-0031051,J.Brown,WR,ARI,WAS,0,0,0.0,0,0.0,0.0,0.0,0,0.0,0,1,0,0.0,0,0.0,0.0,,,71.0,179.0,26.5949375,2.0,Pittsburg State,2014.0,2014.0,ARI,91.0,8.0,0.023255814
2016,15,00-0031051,J.Brown,WR,ARI,NO,0,0,0.0,0,0.0,0.0,0.0,0,0.0,0,6,5,81.0,1,14.1,19.1,,,71.0,179.0,26.5949375,2.0,Pittsburg State,2014.0,2014.0,ARI,91.0,-7.0,0.15
2016,16,00-0031051,J.Brown,WR,ARI,SEA,0,0,0.0,0,0.0,0.0,0.0,0,0.0,0,2,1,12.0,0,1.2,2.2,,,71.0,179.0,26.5949375,2.0,Pittsburg State,2014.0,2014.0,ARI,91.0,,0.074074075
2016,17,00-0031051,J.Brown,WR,ARI,LA,0,0,0.0,0,0.0,0.0,0.0,0,0.0,0,4,2,25.0,0,2.5,4.5,,,71.0,179.0,26.5949375,2.0,Pittsburg State,2014.0,2014.0,ARI,91.0,,0.0952381
2016,17,00-0031055,A.Williams,RB,LAC,KC,0,0,0.0,0,0.0,0.0,0.0,18,87.0,0,2,0,0.0,0,8.7,8.7,,,72.0,220.0,24.146666666666665,2.0,Boston College,2014.0,2014.0,NYG,113.0,,0.054054055
2016,1,00-0031057,K.Carey,RB,CHI,HOU,0,0,0.0,0,0.0,0.0,0.0,1,4.0,0,0,0,0.0,0,0.4,0.4,,,70.0,215.0,24.018875,2.0,Arizona,2014.0,2014.0,CHI,117.0,,
2016,2,00-0031057,K.Carey,RB,CHI,PHI,0,0,0.0,0,0.0,0.0,0.0,2,3.0,0,1,1,3.0,0,0.6,1.6,,,70.0,215.0,24.018875,2.0,Arizona,2014.0,2014.0,CHI,117.0,-15.0,0.03448276
2016,5,00-0031057,K.Carey,RB,CHI,IND,0,0,0.0,0,0.0,0.0,0.0,1,2.0,0,1,1,15.0,0,1.7,2.7,,,70.0,215.0,24.018875,2.0,Arizona,2014.0,2014.0,CHI,117.0,,0.024390243
2016,6,00-0031057,K.Carey,RB,CHI,JAX,0,0,0.0,0,0.0,0.0,0.0,9,50.0,0,1,0,0.0,0,5.0,5.0,,,70.0,215.0,24.018875,2.0,Arizona,2014.0,2014.0,CHI,117.0,-1.0,0.020408163
2016,7,00-0031057,K.Carey,RB,CHI,GB,0,0,0.0,0,0.0,0.0,0.0,10,48.0,0,1,1,9.0,0,5.7,6.7,,,70.0,215.0,24.018875,2.0,Arizona,2014.0,2014.0,CHI,117.0,,0.03846154
2016,8,00-0031057,K.Carey,RB,CHI,MIN,0,0,0.0,0,0.0,0.0,0.0,2,3.0,0,0,0,0.0,0,0.3,0.3,,,70.0,215.0,24.018875,2.0,Arizona,2014.0,2014.0,CHI,117.0,10.0,
2016,10,00-0031057,K.Carey,RB,CHI,TB,0,0,0.0,0,0.0,0.0,0.0,2,-1.0,0,1,1,16.0,0,1.5,2.5,,,70.0,215.0,24.018875,2.0,Arizona,2014.0,2014.0,CHI,117.0,,0.03448276
2016,12,00-0031057,K.Carey,RB,CHI,TEN,0,0,0.0,0,0.0,0.0,0.0,1,6.0,0,1,1,12.0,0,1.8,2.8,,,70.0,215.0,24.018875,2.0,Arizona,2014.0,2014.0,CHI,117.0,-6.0,0.018518519
2016,13,00-0031057,K.Carey,RB,CHI,SF,0,0,0.0,0,0.0,0.0,0.0,2,8.0,0,1,0,0.0,0,0.8,0.8,,,70.0,215.0,24.018875,2.0,Arizona,2014.0,2014.0,CHI,117.0,20.0,0.055555556
2016,14,00-0031057,K.Carey,RB,CHI,DET,0,0,0.0,0,0.0,0.0,0.0,1,2.0,0,0,0,0.0,0,0.2,0.2,,,70.0,215.0,24.018875,2.0,Arizona,2014.0,2014.0,CHI,117.0,,
2016,15,00-0031057,K.Carey,RB,CHI,GB,0,0,0.0,0,0.0,0.0,0.0,1,1.0,0,0,0,0.0,0,0.1,0.1,,,70.0,215.0,24.018875,2.0,Arizona,2014.0,2014.0,CHI,117.0,-3.0,
2016,6,00-0031060,D.Thomas,WR,KC,LV,0,0,0.0,0,0.0,0.0,0.0,0,0.0,0,2,2,14.0,0,1.4,3.4,,,68.0,176.0,23.851,2.0,Oregon,2014.0,2014.0,KC,124.0,,0.09090909
2016,7,00-0031060,D.Thomas,WR,KC,NO,0,0,0.0,0,0.0,0.0,0.0,0,0.0,0,2,2,12.0,0,1.2,3.2,,,68.0,176.0,23.851,2.0,Oregon,2014.0,2014.0,KC,124.0,6.0,0.08695652
2016,8,00-0031060,D.Thomas,WR,KC,IND,0,0,0.0,0,0.0,0.0,0.0,2,2.0,0,1,0,0.0,0,0.2,0.2,,,68.0,176.0,23.851,2.0,Oregon,2014.0,2014.0,KC,124.0,,0.024390243
2016,12,00-0031060,D.Thomas,WR,KC,DEN,0,0,0.0,0,0.0,0.0,0.0,0,0.0,0,1,1,4.0,0,0.4,1.4,,,68.0,176.0,23.851,2.0,Oregon,2014.0,2014.0,KC,124.0,,0.024390243
2016,13,00-0031060,D.Thomas,WR,KC,ATL,0,0,0.0,0,0.0,0.0,0.0,1,23.0,0,0,0,0.0,0,2.3,2.3,,,68.0,176.0,23.851,2.0,Oregon,2014.0,2014.0,KC,124.0,,
2016,14,00-0031060,D.Thomas,WR,KC,LV,0,0,0.0,0,0.0,0.0,0.0,0,0.0,0,1,1,1.0,0,0.1,1.1,,,68.0,176.0,23.851,2.0,Oregon,2014.0,2014.0,KC,124.0,8.0,0.04
2016,15,00-0031060,D.Thomas,WR,KC,TEN,0,0,0.0,0,0.0,0.0,0.0,1,4.0,0,2,1,4.0,0,0.8,1.8,,,68.0,176.0,23.851,2.0,Oregon,2014.0,2014.0,KC,124.0,-2.0,0.071428575
2016,1,00-0031062,J.White,RB,NE,ARI,0,0,0.0,0,0.0,0.0,0.0,1,4.0,0,7,5,40.0,0,4.4,9.4,,,70.0,206.0,24.792157894736842,2.0,Wisconsin,2014.0,2014.0,NE,130.0,,0.21212122
2016,2,00-0031062,J.White,RB,NE,MIA,0,0,0.0,0,0.0,0.0,0.0,4,19.0,0,4,2,10.0,0,2.9,4.9,,,70.0,206.0,24.792157894736842,2.0,Wisconsin,2014.0,2014.0,NE,130.0,7.0,0.114285715
2016,3,00-0031062,J.White,RB,NE,HOU,0,0,0.0,0,0.0,0.0,0.0,3,12.0,0,2,1,2.0,0,1.4,2.4,,,70.0,206.0,24.792157894736842,2.0,Wisconsin,2014.0,2014.0,NE,130.0,27.0,0.10526316
2016,4,00-0031062,J.White,RB,NE,BUF,0,0,0.0,0,0.0,0.0,0.0,4,12.0,0,5,5,50.0,0,6.2,11.2,,,70.0,206.0,24.792157894736842,2.0,Wisconsin,2014.0,2014.0,NE,130.0,-16.0,0.18518518
2016,5,00-0031062,J.White,RB,NE,CLE,0,0,0.0,0,0.0,0.0,0.0,5,26.0,0,6,4,63.0,0,8.9,12.9,,,70.0,206.0,24.792157894736842,2.0,Wisconsin,2014.0,2014.0,NE,130.0,,0.14634146
2016,6,00-0031062,J.White,RB,NE,CIN,0,0,0.0,0,0.0,0.0,0.0,7,19.0,0,9,8,47.0,2,18.6,26.6,,,70.0,206.0,24.792157894736842,2.0,Wisconsin,2014.0,2014.0,NE,130.0,18.0,0.25714287
2016,7,00-0031062,J.White,RB,NE,PIT,0,0,0.0,0,0.0,0.0,0.0,0,0.0,0,5,2,32.0,1,9.2,11.2,,,70.0,206.0,24.792157894736842,2.0,Wisconsin,2014.0,2014.0,NE,130.0,,0.1923077
2016,8,00-0031062,J.White,RB,NE,BUF,0,0,0.0,0,0.0,0.0,0.0,2,15.0,0,5,2,14.0,0,2.9,4.9,,,70.0,206.0,24.792157894736842,2.0,Wisconsin,2014.0,2014.0,NE,130.0,,0.15151516
2016,10,00-0031062,J.White,RB,NE,SEA,0,0,0.0,0,0.0,0.0,0.0,2,5.0,0,4,4,32.0,0,3.7,7.7,,,70.0,206.0,24.792157894736842,2.0,Wisconsin,2014.0,2014.0,NE,130.0,-7.0,0.125
2016,11,00-0031062,J.White,RB,NE,SF,0,0,0.0,0,0.0,0.0,0.0,0,0.0,0,6,6,63.0,1,12.3,18.3,,,70.0,206.0,24.792157894736842,2.0,Wisconsin,2014.0,2014.0,NE,130.0,,0.15789473
2016,12,00-0031062,J.White,RB,NE,NYJ,0,0,0.0,0,0.0,0.0,0.0,0,0.0,0,9,4,22.0,0,2.2,6.2,,,70.0,206.0,24.792157894736842,2.0,Wisconsin,2014.0,2014.0,NE,130.0,,0.18
2016,13,00-0031062,J.White,RB,NE,LA,0,0,0.0,0,0.0,0.0,0.0,3,17.0,0,5,4,18.0,0,3.5,7.5,,,70.0,206.0,24.792157894736842,2.0,Wisconsin,2014.0,2014.0,NE,130.0,16.0,0.10869565
2016,14,00-0031062,J.White,RB,NE,BAL,0,0,0.0,0,0.0,0.0,0.0,2,3.0,0,3,3,81.0,0,8.4,11.4,,,70.0,206.0,24.792157894736842,2.0,Wisconsin,2014.0,2014.0,NE,130.0,7.0,0.08108108
2016,15,00-0031062,J.White,RB,NE,DEN,0,0,0.0,0,0.0,0.0,0.0,3,11.0,0,8,3,24.0,0,3.5,6.5,,,70.0,206.0,24.792157894736842,2.0,Wisconsin,2014.0,2014.0,NE,130.0,,0.2580645
2016,16,00-0031062,J.White,RB,NE,NYJ,0,0,0.0,0,0.0,0.0,0.0,1,14.0,0,4,3,32.0,1,10.6,13.6,,,70.0,206.0,24.792157894736842,2.0,Wisconsin,2014.0,2014.0,NE,130.0,38.0,0.13793103
2016,17,00-0031062,J.White,RB,NE,MIA,0,0,0.0,0,0.0,0.0,0.0,2,9.0,0,4,4,21.0,0,3.0,7.0,,,70.0,206.0,24.792157894736842,2.0,Wisconsin,2014.0,2014.0,NE,130.0,,0.11764706
2016,19,00-0031062,J.White,RB,NE,HOU,0,0,0.0,0,0.0,0.0,0.0,0,0.0,0,1,1,19.0,1,7.9,8.9,,,70.0,206.0,24.792157894736842,2.0,Wisconsin,2014.0,2014.0,NE,130.0,18.0,0.027777778
2016,20,00-0031062,J.White,RB,NE,PIT,0,0,0.0,0,0.0,0.0,0.0,1,0.0,0,4,3,8.0,0,0.8,3.8,,,70.0,206.0,24.792157894736842,2.0,Wisconsin,2014.0,2014.0,NE,130.0,19.0,0.09756097
2016,21,00-0031062,J.White,RB,NE,ATL,0,0,0.0,0,0.0,0.0,0.0,6,29.0,2,16,14,110.0,1,33.9,47.9,,,70.0,206.0,24.792157894736842,2.0,Wisconsin,2014.0,2014.0,NE,130.0,,0.25396827
2016,15,00-0031064,T.Savage,QB,HOU,JAX,23,36,260.0,0,0.0,0.0,-0.0,3,0.0,0,0,0,0.0,0,10.4,10.4,,,76.0,228.0,26.55211111111111,2.0,Pittsburgh,2014.0,2014.0,HOU,135.0,1.0,
2016,16,00-0031064,T.Savage,QB,HOU,CIN,18,29,176.0,0,0.0,4.0,21.0,1,11.0,0,0,0,0.0,0,8.14,8.14,,,76.0,228.0,26.55211111111111,2.0,Pittsburgh,2014.0,2014.0,HOU,135.0,2.0,
2016,17,00-0031064,T.Savage,QB,HOU,TEN,5,8,25.0,0,0.0,1.0,15.0,2,1.0,0,0,0,0.0,0,-0.9,-0.9,,,76.0,228.0,26.55211111111111,2.0,Pittsburgh,2014.0,2014.0,HOU,135.0,,
2016,7,00-0031066,L.Taliaferro,RB,BAL,NYJ,0,0,0.0,0,0.0,0.0,0.0,1,0.0,0,3,3,10.0,0,1.0,4.0,,,72.0,225.0,24.87425,2.0,Coastal Carolina,2014.0,2014.0,BAL,138.0,,0.069767445
2016,1,00-0031068,R.Grant,WR,WAS,PIT,0,0,0.0,0,0.0,0.0,0.0,0,0.0,0,1,0,0.0,0,0.0,0.0,,,72.0,201.0,25.8831875,2.0,Tulane,2014.0,2014.0,WAS,142.0,-22.0,0.023255814
2016,2,00-0031068,R.Grant,WR,WAS,DAL,0,0,0.0,0,0.0,0.0,0.0,0,0.0,0,1,1,5.0,0,0.5,1.5,,,72.0,201.0,25.8831875,2.0,Tulane,2014.0,2014.0,WAS,142.0,-4.0,0.022727273
2016,3,00-0031068,R.Grant,WR,WAS,NYG,0,0,0.0,0,0.0,0.0,0.0,0,0.0,0,1,0,0.0,0,0.0,0.0,,,72.0,201.0,25.8831875,2.0,Tulane,2014.0,2014.0,WAS,142.0,,0.028571429
2016,6,00-0031068,R.Grant,WR,WAS,PHI,0,0,0.0,0,0.0,0.0,0.0,0,0.0,0,1,0,0.0,0,0.0,0.0,,,72.0,201.0,25.8831875,2.0,Tulane,2014.0,2014.0,WAS,142.0,7.0,0.03125
2016,7,00-0031068,R.Grant,WR,WAS,DET,0,0,0.0,0,0.0,0.0,0.0,0,0.0,0,2,1,5.0,0,0.5,1.5,,,72.0,201.0,25.8831875,2.0,Tulane,2014.0,2014.0,WAS,142.0,,0.051282052
2016,8,00-0031068,R.Grant,WR,WAS,CIN,0,0,0.0,0,0.0,0.0,0.0,0,0.0,0,2,1,17.0,0,1.7,2.7,,,72.0,201.0,25.8831875,2.0,Tulane,2014.0,2014.0,WAS,142.0,,0.035714287
2016,10,00-0031068,R.Grant,WR,WAS,MIN,0,0,0.0,0,0.0,0.0,0.0,0,0.0,0,3,0,0.0,0,0.0,0.0,,,72.0,201.0,25.8831875,2.0,Tulane,2014.0,2014.0,WAS,142.0,6.0,0.09090909
2016,11,00-0031068,R.Grant,WR,WAS,GB,0,0,0.0,0,0.0,0.0,0.0,0,0.0,0,1,1,4.0,0,0.4,1.4,,,72.0,201.0,25.8831875,2.0,Tulane,2014.0,2014.0,WAS,142.0,18.0,0.033333335
2016,12,00-0031068,R.Grant,WR,WAS,DAL,0,0,0.0,0,0.0,0.0,0.0,0,0.0,0,1,0,0.0,0,0.0,0.0,,,72.0,201.0,25.8831875,2.0,Tulane,2014.0,2014.0,WAS,142.0,,0.018867925
2016,13,00-0031068,R.Grant,WR,WAS,ARI,0,0,0.0,0,0.0,0.0,0.0,0,0.0,0,2,2,20.0,0,2.0,4.0,,,72.0,201.0,25.8831875,2.0,Tulane,2014.0,2014.0,WAS,142.0,,0.05882353
2016,16,00-0031068,R.Grant,WR,WAS,CHI,0,0,0.0,0,0.0,0.0,0.0,0,0.0,0,4,3,25.0,0,2.5,5.5,,,72.0,201.0,25.8831875,2.0,Tulane,2014.0,2014.0,WAS,142.0,,0.15384616
2016,1,00-0031075,A.Blue,RB,HOU,CHI,0,0,0.0,0,0.0,0.0,0.0,1,4.0,0,0,0,0.0,0,0.4,0.4,,,74.0,222.0,25.550055555555556,2.0,LSU,2014.0,2014.0,HOU,181.0,9.0,
2016,2,00-0031075,A.Blue,RB,HOU,KC,0,0,0.0,0,0.0,0.0,0.0,5,11.0,0,0,0,0.0,0,1.1,1.1,,,74.0,222.0,25.550055555555556,2.0,LSU,2014.0,2014.0,HOU,181.0,7.0,
2016,3,00-0031075,A.Blue,RB,HOU,NE,0,0,0.0,0,0.0,0.0,0.0,2,12.0,0,0,0,0.0,0,1.2,1.2,,,74.0,222.0,25.550055555555556,2.0,LSU,2014.0,2014.0,HOU,181.0,,
2016,4,00-0031075,A.Blue,RB,HOU,TEN,0,0,0.0,0,0.0,0.0,0.0,3,19.0,0,1,1,4.0,0,2.3,3.3,,,74.0,222.0,25.550055555555556,2.0,LSU,2014.0,2014.0,HOU,181.0,7.0,0.027777778
2016,5,00-0031075,A.Blue,RB,HOU,MIN,0,0,0.0,0,0.0,0.0,0.0,6,39.0,0,0,0,0.0,0,3.9,3.9,,,74.0,222.0,25.550055555555556,2.0,LSU,2014.0,2014.0,HOU,181.0,,
2016,6,00-0031075,A.Blue,RB,HOU,IND,0,0,0.0,0,0.0,0.0,0.0,2,13.0,0,0,0,0.0,0,1.3,1.3,,,74.0,222.0,25.550055555555556,2.0,LSU,2014.0,2014.0,HOU,181.0,3.0,
2016,7,00-0031075,A.Blue,RB,HOU,DEN,0,0,0.0,0,0.0,0.0,0.0,11,63.0,0,3,0,0.0,0,4.3,4.3,,,74.0,222.0,25.550055555555556,2.0,LSU,2014.0,2014.0,HOU,181.0,,0.07317073
2016,8,00-0031075,A.Blue,RB,HOU,DET,0,0,0.0,0,0.0,0.0,0.0,9,41.0,0,0,0,0.0,0,4.1,4.1,,,74.0,222.0,25.550055555555556,2.0,LSU,2014.0,2014.0,HOU,181.0,7.0,
2016,10,00-0031075,A.Blue,RB,HOU,JAX,0,0,0.0,0,0.0,0.0,0.0,7,23.0,0,0,0,0.0,0,2.3,2.3,,,74.0,222.0,25.550055555555556,2.0,LSU,2014.0,2014.0,HOU,181.0,,
2016,13,00-0031075,A.Blue,RB,HOU,GB,0,0,0.0,0,0.0,0.0,0.0,5,38.0,0,2,2,3.0,0,4.1,6.1,,,74.0,222.0,25.550055555555556,2.0,LSU,2014.0,2014.0,HOU,181.0,,0.057142857
2016,14,00-0031075,A.Blue,RB,HOU,IND,0,0,0.0,0,0.0,0.0,0.0,16,55.0,0,1,1,0.0,0,5.5,6.5,,,74.0,222.0,25.550055555555556,2.0,LSU,2014.0,2014.0,HOU,181.0,,0.04347826
2016,15,00-0031075,A.Blue,RB,HOU,JAX,0,0,0.0,0,0.0,0.0,0.0,1,1.0,0,1,1,4.0,0,0.5,1.5,,,74.0,222.0,25.550055555555556,2.0,LSU,2014.0,2014.0,HOU,181.0,1.0,0.021276595
2016,16,00-0031075,A.Blue,RB,HOU,CIN,0,0,0.0,0,0.0,0.0,0.0,21,73.0,1,4,4,17.0,0,15.0,19.0,,,74.0,222.0,25.550055555555556,2.0,LSU,2014.0,2014.0,HOU,181.0,2.0,0.13793103
2016,17,00-0031075,A.Blue,RB,HOU,TEN,0,0,0.0,0,0.0,0.0,0.0,11,28.0,0,4,3,12.0,0,4.0,7.0,,,74.0,222.0,25.550055555555556,2.0,LSU,2014.0,2014.0,HOU,181.0,,0.08510638
2016,18,00-0031075,A.Blue,RB,HOU,LV,0,0,0.0,0,0.0,0.0,0.0,2,4.0,0,0,0,0.0,0,0.4,0.4,,,74.0,222.0,25.550055555555556,2.0,LSU,2014.0,2014.0,HOU,181.0,13.0,
2016,19,00-0031075,A.Blue,RB,HOU,NE,0,0,0.0,0,0.0,0.0,0.0,1,2.0,0,0,0,0.0,0,0.2,0.2,,,74.0,222.0,25.550055555555556,2.0,LSU,2014.0,2014.0,HOU,181.0,,
2016,17,00-0031076,D.Fales,QB,CHI,MIN,2,5,22.0,0,0.0,1.0,5.0,1,0.0,0,0,0,0.0,0,0.88,0.88,,,73.0,219.0,26.19666666666667,2.0,San Jose State,2014.0,2014.0,CHI,183.0,,
2016,1,00-0031085,J.Prosch,RB,HOU,CHI,0,0,0.0,0,0.0,0.0,0.0,1,2.0,0,0,0,0.0,0,0.2,0.2,,,73.0,255.0,24.230444444444444,2.0,Auburn,2014.0,2014.0,HOU,211.0,9.0,
2016,4,00-0031085,J.Prosch,RB,HOU,TEN,0,0,0.0,0,0.0,0.0,0.0,1,0.0,0,1,1,6.0,0,0.6,1.6,,,73.0,255.0,24.230444444444444,2.0,Auburn,2014.0,2014.0,HOU,211.0,7.0,0.027777778
2016,11,00-0031085,J.Prosch,RB,HOU,LV,0,0,0.0,0,0.0,0.0,0.0,1,2.0,0,0,0,0.0,0,0.2,0.2,,,73.0,255.0,24.230444444444444,2.0,Auburn,2014.0,2014.0,HOU,211.0,,
2016,16,00-0031085,J.Prosch,RB,HOU,CIN,0,0,0.0,0,0.0,0.0,0.0,1,5.0,0,0,0,0.0,0,0.5,0.5,,,73.0,255.0,24.230444444444444,2.0,Auburn,2014.0,2014.0,HOU,211.0,2.0,
2016,18,00-0031085,J.Prosch,RB,HOU,LV,0,0,0.0,0,0.0,0.0,0.0,1,1.0,0,0,0,0.0,0,0.1,0.1,,,73.0,255.0,24.230444444444444,2.0,Auburn,2014.0,2014.0,HOU,211.0,13.0,
2016,1,00-0031102,K.Bibbs,RB,DEN,CAR,0,0,0.0,0,0.0,0.0,0.0,0,0.0,0,1,1,6.0,0,0.6,1.6,,,71.0,203.0,23.81875,2.0,Colorado State,2014.0,2014.0,,,1.0,0.03846154
2016,2,00-0031102,K.Bibbs,RB,DEN,IND,0,0,0.0,0,0.0,0.0,0.0,1,7.0,0,1,0,0.0,0,0.7,0.7,,,71.0,203.0,23.81875,2.0,Colorado State,2014.0,2014.0,,,14.0,0.030303031
2016,4,00-0031102,K.Bibbs,RB,DEN,TB,0,0,0.0,0,0.0,0.0,0.0,3,14.0,0,0,0,0.0,0,1.4,1.4,,,71.0,203.0,23.81875,2.0,Colorado State,2014.0,2014.0,,,,
2016,8,00-0031102,K.Bibbs,RB,DEN,LAC,0,0,0.0,0,0.0,0.0,0.0,2,4.0,0,0,0,0.0,0,0.4,0.4,,,71.0,203.0,23.81875,2.0,Colorado State,2014.0,2014.0,,,8.0,
2016,9,00-0031102,K.Bibbs,RB,DEN,LV,0,0,0.0,0,0.0,0.0,0.0,2,11.0,0,1,1,69.0,1,14.0,15.0,,,71.0,203.0,23.81875,2.0,Colorado State,2014.0,2014.0,,,,0.027777778
2016,10,00-0031102,K.Bibbs,RB,DEN,NO,0,0,0.0,0,0.0,0.0,0.0,7,22.0,0,1,0,0.0,0,2.2,2.2,,,71.0,203.0,23.81875,2.0,Colorado State,2014.0,2014.0,,,,0.02631579
2016,12,00-0031102,K.Bibbs,RB,DEN,KC,0,0,0.0,0,0.0,0.0,0.0,9,22.0,0,0,0,0.0,0,2.2,2.2,,,71.0,203.0,23.81875,2.0,Colorado State,2014.0,2014.0,,,-3.0,
2016,13,00-0031102,K.Bibbs,RB,DEN,JAX,0,0,0.0,0,0.0,0.0,0.0,5,49.0,0,0,0,0.0,0,4.9,4.9,,,71.0,203.0,23.81875,2.0,Colorado State,2014.0,2014.0,,,,
2016,1,00-0031118,C.Brown,WR,CAR,DEN,0,0,0.0,0,0.0,0.0,0.0,0,0.0,0,2,1,11.0,0,1.1,2.1,,,71.0,190.0,24.894125,2.0,Ohio State,2014.0,2014.0,,,,0.06451613
2016,2,00-0031118,C.Brown,WR,CAR,SF,0,0,0.0,0,0.0,0.0,0.0,0,0.0,0,6,3,15.0,0,1.5,4.5,,,71.0,190.0,24.894125,2.0,Ohio State,2014.0,2014.0,,,19.0,0.15384616
2016,3,00-0031118,C.Brown,WR,CAR,MIN,0,0,0.0,0,0.0,0.0,0.0,0,0.0,0,5,4,57.0,0,5.7,9.7,,,71.0,190.0,24.894125,2.0,Ohio State,2014.0,2014.0,,,-12.0,0.1388889
2016,4,00-0031118,C.Brown,WR,CAR,ATL,0,0,0.0,0,0.0,0.0,0.0,0,0.0,0,7,5,48.0,1,10.8,15.8,,,71.0,190.0,24.894125,2.0,Ohio State,2014.0,2014.0,,,,0.14583333
2016,5,00-0031118,C.Brown,WR,CAR,TB,0,0,0.0,0,0.0,0.0,0.0,0,0.0,0,4,2,13.0,0,1.3,3.3,,,71.0,190.0,24.894125,2.0,Ohio State,2014.0,2014.0,,,-3.0,0.14285715
2016,6,00-0031118,C.Brown,WR,CAR,NO,0,0,0.0,0,0.0,0.0,0.0,0,0.0,0,4,2,33.0,0,1.3,3.3,,,71.0,190.0,24.894125,2.0,Ohio State,2014.0,2014.0,,,,0.08695652
2016,8,00-0031118,C.Brown,WR,CAR,ARI,0,0,0.0,0,0.0,0.0,0.0,0,0.0,0,5,1,3.0,0,0.3,1.3,,,71.0,190.0,24.894125,2.0,Ohio State,2014.0,2014.0,,,10.0,0.18518518
2016,9,00-0031118,C.Brown,WR,CAR,LA,0,0,0.0,0,0.0,0.0,0.0,0,0.0,0,2,1,11.0,0,1.1,2.1,,,71.0,190.0,24.894125,2.0,Ohio State,2014.0,2014.0,,,,0.0625
2016,10,00-0031118,C.Brown,WR,CAR,KC,0,0,0.0,0,0.0,0.0,0.0,0,0.0,0,1,1,3.0,0,0.3,1.3,,,71.0,190.0,24.894125,2.0,Ohio State,2014.0,2014.0,,,-3.0,0.02631579
2016,11,00-0031118,C.Brown,WR,CAR,NO,0,0,0.0,0,0.0,0.0,0.0,0,0.0,0,3,0,0.0,0,0.0,0.0,,,71.0,190.0,24.894125,2.0,Ohio State,2014.0,2014.0,,,3.0,0.09375
2016,13,00-0031118,C.Brown,WR,CAR,SEA,0,0,0.0,0,0.0,0.0,0.0,1,-3.0,0,2,0,0.0,0,-0.3,-0.3,,,71.0,190.0,24.894125,2.0,Ohio State,2014.0,2014.0,,,,0.0625
2016,14,00-0031118,C.Brown,WR,CAR,LAC,0,0,0.0,0,0.0,0.0,0.0,1,9.0,0,3,1,8.0,0,1.7,2.7,,,71.0,190.0,24.894125,2.0,Ohio State,2014.0,2014.0,,,12.0,0.11111111
2016,15,00-0031118,C.Brown,WR,CAR,WAS,0,0,0.0,0,0.0,0.0,0.0,0,0.0,0,4,3,42.0,0,4.2,7.2,,,71.0,190.0,24.894125,2.0,Ohio State,2014.0,2014.0,,,,0.114285715
2016,16,00-0031118,C.Brown,WR,CAR,ATL,0,0,0.0,0,0.0,0.0,0.0,0,0.0,0,2,1,12.0,0,1.2,2.2,,,71.0,190.0,24.894125,2.0,Ohio State,2014.0,2014.0,,,-17.0,0.046511628
2016,17,00-0031118,C.Brown,WR,CAR,TB,0,0,0.0,0,0.0,0.0,0.0,0,0.0,0,3,2,20.0,0,2.0,4.0,,,71.0,190.0,24.894125,2.0,Ohio State,2014.0,2014.0,,,,0.09677419
2016,17,00-0031158,G.Atkinson,RB,CLE,PIT,0,0,0.0,0,0.0,0.0,0.0,7,34.0,1,0,0,0.0,0,9.4,9.4,,,73.0,218.0,23.931562500000002,2.0,Notre Dame,2014.0,2014.0,,,,
2016,1,00-0031166,S.Roberts,WR,LV,NO,0,0,0.0,0,0.0,0.0,0.0,0,0.0,0,4,2,19.0,1,7.9,9.9,,,74.0,195.0,25.714058823529413,2.0,West Alabama,2014.0,2014.0,,,,0.10810811
2016,2,00-0031166,S.Roberts,WR,LV,ATL,0,0,0.0,0,0.0,0.0,0.0,0,0.0,0,6,3,25.0,0,2.5,5.5,,,74.0,195.0,25.714058823529413,2.0,West Alabama,2014.0,2014.0,,,,0.13333334
2016,3,00-0031166,S.Roberts,WR,LV,TEN,0,0,0.0,0,0.0,0.0,0.0,0,0.0,0,6,2,27.0,1,8.7,10.7,,,74.0,195.0,25.714058823529413,2.0,West Alabama,2014.0,2014.0,,,,0.17142858
2016,4,00-0031166,S.Roberts,WR,LV,BAL,0,0,0.0,0,0.0,0.0,0.0,0,0.0,0,3,3,12.0,1,7.2,10.2,,,74.0,195.0,25.714058823529413,2.0,West Alabama,2014.0,2014.0,,,,0.08571429
2016,5,00-0031166,S.Roberts,WR,LV,LAC,0,0,0.0,0,0.0,0.0,0.0,0,0.0,0,3,2,22.0,0,2.2,4.2,,,74.0,195.0,25.714058823529413,2.0,West Alabama,2014.0,2014.0,,,,0.07692308
2016,6,00-0031166,S.Roberts,WR,LV,KC,0,0,0.0,0,0.0,0.0,0.0,0,0.0,0,6,3,29.0,0,2.9,5.9,,,74.0,195.0,25.714058823529413,2.0,West Alabama,2014.0,2014.0,,,,0.18181819
2016,7,00-0031166,S.Roberts,WR,LV,JAX,0,0,0.0,0,0.0,0.0,0.0,0,0.0,0,9,4,42.0,0,4.2,8.2,,,74.0,195.0,25.714058823529413,2.0,West Alabama,2014.0,2014.0,,,,0.24324325
2016,8,00-0031166,S.Roberts,WR,LV,TB,0,0,0.0,0,0.0,0.0,0.0,0,0.0,0,7,3,69.0,1,12.9,15.9,,,74.0,195.0,25.714058823529413,2.0,West Alabama,2014.0,2014.0,,,,0.12068965
2016,9,00-0031166,S.Roberts,WR,LV,DEN,0,0,0.0,0,0.0,0.0,0.0,0,0.0,0,3,3,32.0,0,3.2,6.2,,,74.0,195.0,25.714058823529413,2.0,West Alabama,2014.0,2014.0,,,,0.1
2016,11,00-0031166,S.Roberts,WR,LV,HOU,0,0,0.0,0,0.0,0.0,0.0,0,0.0,0,3,1,6.0,0,0.6,1.6,,,74.0,195.0,25.714058823529413,2.0,West Alabama,2014.0,2014.0,,,,0.09677419
2016,12,00-0031166,S.Roberts,WR,LV,CAR,0,0,0.0,0,0.0,0.0,0.0,0,0.0,0,4,3,31.0,1,11.1,14.1,,,74.0,195.0,25.714058823529413,2.0,West Alabama,2014.0,2014.0,,,,0.10526316
2016,13,00-0031166,S.Roberts,WR,LV,BUF,0,0,0.0,0,0.0,0.0,0.0,0,0.0,0,5,2,18.0,0,3.8,5.8,,,74.0,195.0,25.714058823529413,2.0,West Alabama,2014.0,2014.0,,,,0.14285715
2016,14,00-0031166,S.Roberts,WR,LV,KC,0,0,0.0,0,0.0,0.0,0.0,0,0.0,0,9,2,12.0,0,1.2,3.2,,,74.0,195.0,25.714058823529413,2.0,West Alabama,2014.0,2014.0,,,,0.2195122
2016,15,00-0031166,S.Roberts,WR,LV,LAC,0,0,0.0,0,0.0,0.0,0.0,0,0.0,0,3,2,27.0,0,2.7,4.7,,,74.0,195.0,25.714058823529413,2.0,West Alabama,2014.0,2014.0,,,,0.1
2016,16,00-0031166,S.Roberts,WR,LV,IND,0,0,0.0,0,0.0,0.0,0.0,0,0.0,0,3,0,0.0,0,0.0,0.0,,,74.0,195.0,25.714058823529413,2.0,West Alabama,2014.0,2014.0,,,,0.09090909
2016,17,00-0031166,S.Roberts,WR,LV,DEN,0,0,0.0,0,0.0,0.0,0.0,0,0.0,0,3,3,26.0,0,2.6,5.6,,,74.0,195.0,25.714058823529413,2.0,West Alabama,2014.0,2014.0,,,,0.09375
2016,18,00-0031166,S.Roberts,WR,LV,HOU,0,0,0.0,0,0.0,0.0,0.0,0,0.0,0,7,1,1.0,0,0.1,1.1,,,74.0,195.0,25.714058823529413,2.0,West Alabama,2014.0,2014.0,,,,0.15555556
2016,13,00-0031189,T.Jones,WR,DET,NO,0,0,0.0,0,0.0,0.0,0.0,0,0.0,0,4,3,49.0,0,4.9,7.9,,,72.0,190.0,24.386,2.0,Notre Dame,2014.0,2014.0,DET,189.0,,0.09756097
2016,16,00-0031189,T.Jones,WR,DET,DAL,0,0,0.0,0,0.0,0.0,0.0,0,0.0,0,6,1,9.0,0,0.9,1.9,,,72.0,190.0,24.386,2.0,Notre Dame,2014.0,2014.0,DET,189.0,,0.13333334
2016,17,00-0031189,T.Jones,WR,DET,GB,0,0,0.0,0,0.0,0.0,0.0,0,0.0,0,4,1,35.0,0,3.5,4.5,,,72.0,190.0,24.386,2.0,Notre Dame,2014.0,2014.0,DET,189.0,-7.0,0.09756097
2016,18,00-0031189,T.Jones,WR,DET,SEA,0,0,0.0,0,0.0,0.0,0.0,0,0.0,0,1,0,0.0,0,0.0,0.0,,,72.0,190.0,24.386,2.0,Notre Dame,2014.0,2014.0,DET,189.0,,0.03125
2016,2,00-0031228,T.Gabriel,WR,ATL,LV,0,0,0.0,0,0.0,0.0,0.0,0,0.0,0,2,2,19.0,0,1.9,3.9,,,68.0,165.0,25.751105263157896,2.0,Abilene Christian,2014.0,2014.0,,,,0.05882353
2016,3,00-0031228,T.Gabriel,WR,ATL,NO,0,0,0.0,0,0.0,0.0,0.0,0,0.0,0,3,2,33.0,0,3.3,5.3,,,68.0,165.0,25.751105263157896,2.0,Abilene Christian,2014.0,2014.0,,,,0.1
2016,4,00-0031228,T.Gabriel,WR,ATL,CAR,0,0,0.0,0,0.0,0.0,0.0,0,0.0,0,3,3,49.0,0,4.9,7.9,,,68.0,165.0,25.751105263157896,2.0,Abilene Christian,2014.0,2014.0,,,15.0,0.08108108
2016,6,00-0031228,T.Gabriel,WR,ATL,SEA,0,0,0.0,0,0.0,0.0,0.0,0,0.0,0,2,1,6.0,0,0.6,1.6,,,68.0,165.0,25.751105263157896,2.0,Abilene Christian,2014.0,2014.0,,,,0.048780486
2016,8,00-0031228,T.Gabriel,WR,ATL,GB,0,0,0.0,0,0.0,0.0,0.0,0,0.0,0,3,3,68.0,1,12.8,15.8,,,68.0,165.0,25.751105263157896,2.0,Abilene Christian,2014.0,2014.0,,,1.0,0.08571429
2016,9,00-0031228,T.Gabriel,WR,ATL,TB,0,0,0.0,0,0.0,0.0,0.0,2,24.0,1,5,5,52.0,0,13.6,18.6,,,68.0,165.0,25.751105263157896,2.0,Abilene Christian,2014.0,2014.0,,,,0.14705883
2016,10,00-0031228,T.Gabriel,WR,ATL,PHI,0,0,0.0,0,0.0,0.0,0.0,0,0.0,0,5,1,76.0,1,13.6,14.6,,,68.0,165.0,25.751105263157896,2.0,Abilene Christian,2014.0,2014.0,,,,0.16129032
2016,12,00-0031228,T.Gabriel,WR,ATL,ARI,0,0,0.0,0,0.0,0.0,0.0,1,27.0,0,5,4,75.0,2,22.2,26.2,,,68.0,165.0,25.751105263157896,2.0,Abilene Christian,2014.0,2014.0,,,19.0,0.15151516
2016,13,00-0031228,T.Gabriel,WR,ATL,KC,0,0,0.0,0,0.0,0.0,0.0,0,0.0,0,6,5,44.0,0,4.4,9.4,,,68.0,165.0,25.751105263157896,2.0,Abilene Christian,2014.0,2014.0,,,-1.0,0.18181819
2016,14,00-0031228,T.Gabriel,WR,ATL,LA,0,0,0.0,0,0.0,0.0,0.0,1,0.0,0,6,3,82.0,1,14.2,17.2,,,68.0,165.0,25.751105263157896,2.0,Abilene Christian,2014.0,2014.0,,,,0.2
2016,15,00-0031228,T.Gabriel,WR,ATL,SF,0,0,0.0,0,0.0,0.0,0.0,0,0.0,0,6,3,60.0,1,12.0,15.0,,,68.0,165.0,25.751105263157896,2.0,Abilene Christian,2014.0,2014.0,,,28.0,0.26086956
2016,16,00-0031228,T.Gabriel,WR,ATL,CAR,0,0,0.0,0,0.0,0.0,0.0,0,0.0,0,4,3,15.0,0,1.5,4.5,,,68.0,165.0,25.751105263157896,2.0,Abilene Christian,2014.0,2014.0,,,,0.121212125
2016,19,00-0031228,T.Gabriel,WR,ATL,SEA,0,0,0.0,0,0.0,0.0,0.0,0,0.0,0,6,4,71.0,0,7.1,11.1,,,68.0,165.0,25.751105263157896,2.0,Abilene Christian,2014.0,2014.0,,,16.0,0.16216215
2016,20,00-0031228,T.Gabriel,WR,ATL,GB,0,0,0.0,0,0.0,0.0,0.0,1,0.0,0,3,2,24.0,0,2.4,4.4,,,68.0,165.0,25.751105263157896,2.0,Abilene Christian,2014.0,2014.0,,,23.0,0.078947365
2016,21,00-0031228,T.Gabriel,WR,ATL,NE,0,0,0.0,0,0.0,0.0,0.0,0,0.0,0,5,3,76.0,0,7.6,10.6,,,68.0,165.0,25.751105263157896,2.0,Abilene Christian,2014.0,2014.0,,,-6.0,0.22727273
2016,1,00-0031235,O.Beckham,WR,NYG,DAL,0,0,0.0,0,0.0,0.0,0.0,0,0.0,0,8,4,73.0,0,7.3,11.3,,,71.0,198.0,24.013882352941177,2.0,Louisiana State,2014.0,2014.0,NYG,12.0,,0.2857143
2016,2,00-0031235,O.Beckham,WR,NYG,NO,0,0,0.0,0,0.0,0.0,0.0,0,0.0,0,11,8,86.0,0,8.6,16.6,,,71.0,198.0,24.013882352941177,2.0,Louisiana State,2014.0,2014.0,NYG,12.0,3.0,0.2682927
2016,3,00-0031235,O.Beckham,WR,NYG,WAS,0,0,0.0,0,0.0,0.0,0.0,0,0.0,0,11,7,121.0,0,12.1,19.1,,,71.0,198.0,24.013882352941177,2.0,Louisiana State,2014.0,2014.0,NYG,12.0,-2.0,0.28947368
2016,4,00-0031235,O.Beckham,WR,NYG,MIN,0,0,0.0,0,0.0,0.0,0.0,0,0.0,0,9,3,23.0,0,2.3,5.3,,,71.0,198.0,24.013882352941177,2.0,Louisiana State,2014.0,2014.0,NYG,12.0,,0.2
2016,5,00-0031235,O.Beckham,WR,NYG,GB,0,0,0.0,0,0.0,1.0,6.0,0,0.0,0,12,5,56.0,1,11.6,16.6,,,71.0,198.0,24.013882352941177,2.0,Louisiana State,2014.0,2014.0,NYG,12.0,,0.34285715
2016,6,00-0031235,O.Beckham,WR,NYG,BAL,0,0,0.0,0,0.0,0.0,0.0,0,0.0,0,10,8,222.0,2,32.2,40.2,,,71.0,198.0,24.013882352941177,2.0,Louisiana State,2014.0,2014.0,NYG,12.0,4.0,0.2173913
2016,7,00-0031235,O.Beckham,WR,NYG,LA,0,0,0.0,0,0.0,0.0,0.0,0,0.0,0,9,5,49.0,0,4.9,9.9,,,71.0,198.0,24.013882352941177,2.0,Louisiana State,2014.0,2014.0,NYG,12.0,,0.24324325
2016,9,00-0031235,O.Beckham,WR,NYG,PHI,0,0,0.0,0,0.0,0.0,0.0,0,0.0,0,10,4,46.0,2,16.6,20.6,,,71.0,198.0,24.013882352941177,2.0,Louisiana State,2014.0,2014.0,NYG,12.0,5.0,0.2777778
2016,10,00-0031235,O.Beckham,WR,NYG,CIN,0,0,0.0,0,0.0,0.0,0.0,0,0.0,0,11,10,97.0,1,15.7,25.7,,,71.0,198.0,24.013882352941177,2.0,Louisiana State,2014.0,2014.0,NYG,12.0,1.0,0.25
2016,11,00-0031235,O.Beckham,WR,NYG,CHI,0,0,0.0,0,0.0,0.0,0.0,0,0.0,0,7,5,46.0,0,4.6,9.6,,,71.0,198.0,24.013882352941177,2.0,Louisiana State,2014.0,2014.0,NYG,12.0,6.0,0.19444445
2016,12,00-0031235,O.Beckham,WR,NYG,CLE,0,0,0.0,0,0.0,0.0,0.0,0,0.0,0,11,6,96.0,2,21.6,27.6,,,71.0,198.0,24.013882352941177,2.0,Louisiana State,2014.0,2014.0,NYG,12.0,,0.4074074
2016,13,00-0031235,O.Beckham,WR,NYG,PIT,0,0,0.0,0,0.0,0.0,0.0,0,0.0,0,16,10,100.0,0,10.0,20.0,,,71.0,198.0,24.013882352941177,2.0,Louisiana State,2014.0,2014.0,NYG,12.0,,0.41025642
2016,14,00-0031235,O.Beckham,WR,NYG,DAL,0,0,0.0,0,0.0,0.0,0.0,0,0.0,0,9,4,94.0,1,15.4,19.4,,,71.0,198.0,24.013882352941177,2.0,Louisiana State,2014.0,2014.0,NYG,12.0,3.0,0.32142857
2016,15,00-0031235,O.Beckham,WR,NYG,DET,0,0,0.0,0,0.0,0.0,0.0,1,9.0,0,8,6,64.0,1,13.3,19.3,,,71.0,198.0,24.013882352941177,2.0,Louisiana State,2014.0,2014.0,NYG,12.0,11.0,0.2857143
2016,16,00-0031235,O.Beckham,WR,NYG,PHI,0,0,0.0,0,0.0,0.0,0.0,0,0.0,0,20,11,150.0,0,15.0,26.0,,,71.0,198.0,24.013882352941177,2.0,Louisiana State,2014.0,2014.0,NYG,12.0,,0.31746033
2016,17,00-0031235,O.Beckham,WR,NYG,WAS,0,0,0.0,0,0.0,0.0,0.0,0,0.0,0,7,5,44.0,0,4.4,9.4,,,71.0,198.0,24.013882352941177,2.0,Louisiana State,2014.0,2014.0,NYG,12.0,,0.26923078
2016,18,00-0031235,O.Beckham,WR,NYG,GB,0,0,0.0,0,0.0,0.0,0.0,0,0.0,0,11,4,28.0,0,2.8,6.8,,,71.0,198.0,24.013882352941177,2.0,Louisiana State,2014.0,2014.0,NYG,12.0,,0.25
2016,1,00-0031236,B.Cooks,WR,NO,LV,0,0,0.0,0,0.0,0.0,0.0,1,11.0,0,9,6,143.0,2,27.4,33.4,,,70.0,189.0,23.1199375,2.0,Oregon State,2014.0,2014.0,NO,20.0,-1.0,0.23076923
2016,2,00-0031236,B.Cooks,WR,NO,NYG,0,0,0.0,0,0.0,0.0,0.0,0,0.0,0,9,7,68.0,0,6.8,13.8,,,70.0,189.0,23.1199375,2.0,Oregon State,2014.0,2014.0,NO,20.0,,0.20454545
2016,3,00-0031236,B.Cooks,WR,NO,ATL,0,0,0.0,0,0.0,0.0,0.0,1,6.0,0,8,2,13.0,0,1.9,3.9,,,70.0,189.0,23.1199375,2.0,Oregon State,2014.0,2014.0,NO,20.0,-13.0,0.14814815
2016,4,00-0031236,B.Cooks,WR,NO,LAC,0,0,0.0,0,0.0,0.0,0.0,0,0.0,0,6,3,31.0,0,3.1,6.1,,,70.0,189.0,23.1199375,2.0,Oregon State,2014.0,2014.0,NO,20.0,,0.16666667
2016,6,00-0031236,B.Cooks,WR,NO,CAR,0,0,0.0,0,0.0,0.0,0.0,1,2.0,0,9,7,173.0,1,23.5,30.5,,,70.0,189.0,23.1199375,2.0,Oregon State,2014.0,2014.0,NO,20.0,3.0,0.1875
2016,7,00-0031236,B.Cooks,WR,NO,KC,0,0,0.0,0,0.0,0.0,0.0,0,0.0,0,9,7,58.0,1,11.8,18.8,,,70.0,189.0,23.1199375,2.0,Oregon State,2014.0,2014.0,NO,20.0,,0.19148937
2016,8,00-0031236,B.Cooks,WR,NO,SEA,0,0,0.0,0,0.0,0.0,0.0,0,0.0,0,6,4,44.0,1,10.4,14.4,,,70.0,189.0,23.1199375,2.0,Oregon State,2014.0,2014.0,NO,20.0,5.0,0.17142858
2016,9,00-0031236,B.Cooks,WR,NO,SF,0,0,0.0,0,0.0,0.0,0.0,0,0.0,0,6,5,66.0,0,6.6,11.6,,,70.0,189.0,23.1199375,2.0,Oregon State,2014.0,2014.0,NO,20.0,,0.15384616
2016,10,00-0031236,B.Cooks,WR,NO,DEN,0,0,0.0,0,0.0,0.0,0.0,0,0.0,0,5,3,98.0,1,15.8,18.8,,,70.0,189.0,23.1199375,2.0,Oregon State,2014.0,2014.0,NO,20.0,-2.0,0.1724138
2016,11,00-0031236,B.Cooks,WR,NO,CAR,0,0,0.0,0,0.0,0.0,0.0,2,7.0,0,8,7,42.0,0,4.9,11.9,,,70.0,189.0,23.1199375,2.0,Oregon State,2014.0,2014.0,NO,20.0,,0.18181819
2016,13,00-0031236,B.Cooks,WR,NO,DET,0,0,0.0,0,0.0,0.0,0.0,1,4.0,0,9,7,73.0,0,7.7,14.7,,,70.0,189.0,23.1199375,2.0,Oregon State,2014.0,2014.0,NO,20.0,-15.0,0.21428572
2016,14,00-0031236,B.Cooks,WR,NO,TB,0,0,0.0,0,0.0,0.0,0.0,0,0.0,0,10,5,61.0,0,6.1,11.1,,,70.0,189.0,23.1199375,2.0,Oregon State,2014.0,2014.0,NO,20.0,,0.24390244
2016,15,00-0031236,B.Cooks,WR,NO,ARI,0,0,0.0,0,0.0,0.0,0.0,0,0.0,0,8,7,186.0,2,30.6,37.6,,,70.0,189.0,23.1199375,2.0,Oregon State,2014.0,2014.0,NO,20.0,,0.16666667
2016,16,00-0031236,B.Cooks,WR,NO,TB,0,0,0.0,0,0.0,0.0,0.0,0,0.0,0,9,5,98.0,0,9.8,14.8,,,70.0,189.0,23.1199375,2.0,Oregon State,2014.0,2014.0,NO,20.0,7.0,0.2647059
2016,17,00-0031236,B.Cooks,WR,NO,ATL,0,0,0.0,0,0.0,0.0,0.0,0,0.0,0,6,3,19.0,0,1.9,4.9,,,70.0,189.0,23.1199375,2.0,Oregon State,2014.0,2014.0,NO,20.0,,0.12244898
2016,1,00-0031257,P.Richardson,WR,SEA,MIA,0,0,0.0,0,0.0,0.0,0.0,0,0.0,0,2,1,11.0,0,1.1,2.1,,,72.0,183.0,24.590444444444444,2.0,Colorado,2014.0,2014.0,SEA,45.0,2.0,0.048780486
2016,2,00-0031257,P.Richardson,WR,SEA,LA,0,0,0.0,0,0.0,0.0,0.0,0,0.0,0,6,3,35.0,0,3.5,6.5,,,72.0,183.0,24.590444444444444,2.0,Colorado,2014.0,2014.0,SEA,45.0,,0.17142858
2016,4,00-0031257,P.Richardson,WR,SEA,NYJ,0,0,0.0,0,0.0,0.0,0.0,0,0.0,0,1,1,27.0,0,2.7,3.7,,,72.0,183.0,24.590444444444444,2.0,Colorado,2014.0,2014.0,SEA,45.0,,0.03125
2016,7,00-0031257,P.Richardson,WR,SEA,ARI,0,0,0.0,0,0.0,0.0,0.0,0,0.0,0,2,1,10.0,0,1.0,2.0,,,72.0,183.0,24.590444444444444,2.0,Colorado,2014.0,2014.0,SEA,45.0,,0.055555556
2016,8,00-0031257,P.Richardson,WR,SEA,NO,0,0,0.0,0,0.0,0.0,0.0,0,0.0,0,3,2,33.0,0,3.3,5.3,,,72.0,183.0,24.590444444444444,2.0,Colorado,2014.0,2014.0,SEA,45.0,,0.09375
2016,9,00-0031257,P.Richardson,WR,SEA,BUF,0,0,0.0,0,0.0,0.0,0.0,0,0.0,0,1,1,15.0,0,1.5,2.5,,,72.0,183.0,24.590444444444444,2.0,Colorado,2014.0,2014.0,SEA,45.0,6.0,0.041666668
2016,10,00-0031257,P.Richardson,WR,SEA,NE,0,0,0.0,0,0.0,0.0,0.0,0,0.0,0,3,2,52.0,0,5.2,7.2,,,72.0,183.0,24.590444444444444,2.0,Colorado,2014.0,2014.0,SEA,45.0,,0.083333336
2016,11,00-0031257,P.Richardson,WR,SEA,PHI,0,0,0.0,0,0.0,0.0,0.0,0,0.0,0,3,1,6.0,0,0.6,1.6,,,72.0,183.0,24.590444444444444,2.0,Colorado,2014.0,2014.0,SEA,45.0,11.0,0.09677419
2016,12,00-0031257,P.Richardson,WR,SEA,TB,0,0,0.0,0,0.0,0.0,0.0,0,0.0,0,3,1,17.0,0,1.7,2.7,,,72.0,183.0,24.590444444444444,2.0,Colorado,2014.0,2014.0,SEA,45.0,,0.09090909
2016,16,00-0031257,P.Richardson,WR,SEA,ARI,0,0,0.0,0,0.0,0.0,0.0,0,0.0,0,5,4,42.0,1,10.2,14.2,,,72.0,183.0,24.590444444444444,2.0,Colorado,2014.0,2014.0,SEA,45.0,-3.0,0.11363637
2016,17,00-0031257,P.Richardson,WR,SEA,SF,0,0,0.0,0,0.0,0.0,0.0,1,5.0,0,7,4,40.0,0,4.5,8.5,,,72.0,183.0,24.590444444444444,2.0,Colorado,2014.0,2014.0,SEA,45.0,,0.1891892
2016,18,00-0031257,P.Richardson,WR,SEA,DET,0,0,0.0,0,0.0,0.0,0.0,0,0.0,0,4,3,48.0,1,10.8,13.8,,,72.0,183.0,24.590444444444444,2.0,Colorado,2014.0,2014.0,SEA,45.0,20.0,0.13333334
2016,19,00-0031257,P.Richardson,WR,SEA,ATL,0,0,0.0,0,0.0,0.0,0.0,0,0.0,0,5,4,83.0,0,8.3,12.3,,,72.0,183.0,24.590444444444444,2.0,Colorado,2014.0,2014.0,SEA,45.0,,0.17857143
2016,3,00-0031268,W.Powell,WR,BUF,ARI,0,0,0.0,0,0.0,0.0,0.0,0,0.0,0,5,3,28.0,0,2.8,5.8,,,72.0,189.0,24.95375,2.0,Murray State,2014.0,2014.0,ARI,196.0,15.0,0.2
2016,4,00-0031268,W.Powell,WR,BUF,NE,0,0,0.0,0,0.0,0.0,0.0,0,0.0,0,5,4,22.0,0,2.2,6.2,,,72.0,189.0,24.95375,2.0,Murray State,2014.0,2014.0,ARI,196.0,,0.13157895
2016,5,00-0031268,W.Powell,WR,BUF,LA,0,0,0.0,0,0.0,0.0,0.0,0,0.0,0,1,0,0.0,0,0.0,0.0,,,72.0,189.0,24.95375,2.0,Murray State,2014.0,2014.0,ARI,196.0,,0.04761905
2016,7,00-0031268,W.Powell,WR,BUF,MIA,0,0,0.0,0,0.0,0.0,0.0,0,0.0,0,4,2,23.0,0,2.3,4.3,,,72.0,189.0,24.95375,2.0,Murray State,2014.0,2014.0,ARI,196.0,,0.16
2016,8,00-0031268,W.Powell,WR,BUF,NE,0,0,0.0,0,0.0,0.0,0.0,0,0.0,0,8,3,59.0,0,5.9,8.9,,,72.0,189.0,24.95375,2.0,Murray State,2014.0,2014.0,ARI,196.0,-16.0,0.20512821
2016,9,00-0031268,W.Powell,WR,BUF,SEA,0,0,0.0,0,0.0,0.0,0.0,0,0.0,0,1,1,9.0,0,0.9,1.9,,,72.0,189.0,24.95375,2.0,Murray State,2014.0,2014.0,ARI,196.0,,0.029411765
2016,12,00-0031268,W.Powell,WR,BUF,JAX,0,0,0.0,0,0.0,0.0,0.0,0,0.0,0,1,1,1.0,0,0.1,1.1,,,72.0,189.0,24.95375,2.0,Murray State,2014.0,2014.0,ARI,196.0,7.0,0.055555556
2016,1,00-0031273,C.Brate,TE,TB,ATL,0,0,0.0,0,0.0,0.0,0.0,0,0.0,0,3,3,30.0,0,3.0,6.0,,,77.0,235.0,25.350125,2.0,Harvard,2014.0,2014.0,,,,0.09375
2016,2,00-0031273,C.Brate,TE,TB,ARI,0,0,0.0,0,0.0,0.0,0.0,0,0.0,0,4,3,16.0,0,1.6,4.6,,,77.0,235.0,25.350125,2.0,Harvard,2014.0,2014.0,,,,0.078431375
2016,3,00-0031273,C.Brate,TE,TB,LA,0,0,0.0,0,0.0,0.0,0.0,0,0.0,0,10,5,46.0,2,16.6,21.6,,,77.0,235.0,25.350125,2.0,Harvard,2014.0,2014.0,,,-5.0,0.1754386
2016,4,00-0031273,C.Brate,TE,TB,DEN,0,0,0.0,0,0.0,0.0,0.0,0,0.0,0,8,5,67.0,0,6.7,11.7,,,77.0,235.0,25.350125,2.0,Harvard,2014.0,2014.0,,,-20.0,0.22857143
2016,5,00-0031273,C.Brate,TE,TB,CAR,0,0,0.0,0,0.0,0.0,0.0,0,0.0,0,3,1,38.0,0,3.8,4.8,,,77.0,235.0,25.350125,2.0,Harvard,2014.0,2014.0,,,,0.1
2016,7,00-0031273,C.Brate,TE,TB,SF,0,0,0.0,0,0.0,0.0,0.0,0,0.0,0,3,3,29.0,0,2.9,5.9,,,77.0,235.0,25.350125,2.0,Harvard,2014.0,2014.0,,,,0.10344828
2016,8,00-0031273,C.Brate,TE,TB,LV,0,0,0.0,0,0.0,0.0,0.0,0,0.0,0,5,3,22.0,1,8.2,11.2,,,77.0,235.0,25.350125,2.0,Harvard,2014.0,2014.0,,,-6.0,0.15625
2016,9,00-0031273,C.Brate,TE,TB,ATL,0,0,0.0,0,0.0,0.0,0.0,0,0.0,0,6,5,43.0,1,10.3,15.3,,,77.0,235.0,25.350125,2.0,Harvard,2014.0,2014.0,,,-15.0,0.125
2016,10,00-0031273,C.Brate,TE,TB,CHI,0,0,0.0,0,0.0,0.0,0.0,0,0.0,0,7,7,84.0,1,14.4,21.4,,,77.0,235.0,25.350125,2.0,Harvard,2014.0,2014.0,,,26.0,0.21875
2016,11,00-0031273,C.Brate,TE,TB,KC,0,0,0.0,0,0.0,0.0,0.0,0,0.0,0,3,2,18.0,0,1.8,3.8,,,77.0,235.0,25.350125,2.0,Harvard,2014.0,2014.0,,,,0.07692308
2016,12,00-0031273,C.Brate,TE,TB,SEA,0,0,0.0,0,0.0,0.0,0.0,0,0.0,0,5,4,49.0,0,4.9,8.9,,,77.0,235.0,25.350125,2.0,Harvard,2014.0,2014.0,,,9.0,0.17857143
2016,13,00-0031273,C.Brate,TE,TB,LAC,0,0,0.0,0,0.0,0.0,0.0,0,0.0,0,9,6,86.0,1,14.6,20.6,,,77.0,235.0,25.350125,2.0,Harvard,2014.0,2014.0,,,,0.3
2016,14,00-0031273,C.Brate,TE,TB,NO,0,0,0.0,0,0.0,0.0,0.0,0,0.0,0,5,4,47.0,0,4.7,8.7,,,77.0,235.0,25.350125,2.0,Harvard,2014.0,2014.0,,,5.0,0.1923077
2016,15,00-0031273,C.Brate,TE,TB,DAL,0,0,0.0,0,0.0,0.0,0.0,0,0.0,0,8,5,73.0,1,13.3,18.3,,,77.0,235.0,25.350125,2.0,Harvard,2014.0,2014.0,,,,0.24242425
2016,16,00-0031273,C.Brate,TE,TB,NO,0,0,0.0,0,0.0,0.0,0.0,0,0.0,0,2,1,12.0,1,7.2,8.2,,,77.0,235.0,25.350125,2.0,Harvard,2014.0,2014.0,,,,0.05882353
2016,1,00-0031280,D.Carr,QB,LV,NO,24,38,319.0,1,0.0,0.0,-0.0,2,16.0,0,0,0,0.0,0,22.36,22.36,,,75.0,215.0,25.620941176470588,2.0,Fresno State,2014.0,2014.0,OAK,36.0,,
2016,2,00-0031280,D.Carr,QB,LV,ATL,34,45,299.0,3,0.0,1.0,-0.0,2,10.0,0,0,0,0.0,0,24.96,24.96,,,75.0,215.0,25.620941176470588,2.0,Fresno State,2014.0,2014.0,OAK,36.0,,
2016,3,00-0031280,D.Carr,QB,LV,TEN,21,35,249.0,1,1.0,1.0,4.0,1,-1.0,0,0,0,0.0,0,11.86,11.86,,,75.0,215.0,25.620941176470588,2.0,Fresno State,2014.0,2014.0,OAK,36.0,,
2016,4,00-0031280,D.Carr,QB,LV,BAL,25,35,199.0,4,0.0,0.0,-0.0,3,-2.0,0,0,0,0.0,0,23.76,23.76,,,75.0,215.0,25.620941176470588,2.0,Fresno State,2014.0,2014.0,OAK,36.0,,
2016,5,00-0031280,D.Carr,QB,LV,LAC,25,40,317.0,2,1.0,3.0,17.0,2,13.0,0,0,0,0.0,0,21.98,21.98,,,75.0,215.0,25.620941176470588,2.0,Fresno State,2014.0,2014.0,OAK,36.0,,
2016,6,00-0031280,D.Carr,QB,LV,KC,22,34,225.0,1,1.0,2.0,4.0,3,8.0,0,0,0,0.0,0,9.8,9.8,,,75.0,215.0,25.620941176470588,2.0,Fresno State,2014.0,2014.0,OAK,36.0,,
2016,7,00-0031280,D.Carr,QB,LV,JAX,23,37,200.0,1,0.0,0.0,-0.0,4,4.0,0,0,0,0.0,0,12.4,12.4,,,75.0,215.0,25.620941176470588,2.0,Fresno State,2014.0,2014.0,OAK,36.0,,
2016,8,00-0031280,D.Carr,QB,LV,TB,40,59,513.0,4,0.0,2.0,15.0,1,13.0,0,0,0,0.0,0,35.82,35.82,,,75.0,215.0,25.620941176470588,2.0,Fresno State,2014.0,2014.0,OAK,36.0,,
2016,9,00-0031280,D.Carr,QB,LV,DEN,20,31,184.0,0,0.0,2.0,5.0,4,3.0,0,0,0,0.0,0,7.66,7.66,,,75.0,215.0,25.620941176470588,2.0,Fresno State,2014.0,2014.0,OAK,36.0,,
2016,11,00-0031280,D.Carr,QB,LV,HOU,21,31,295.0,3,1.0,0.0,-0.0,2,-2.0,0,0,0,0.0,0,21.6,21.6,,,75.0,215.0,25.620941176470588,2.0,Fresno State,2014.0,2014.0,OAK,36.0,,
2016,12,00-0031280,D.Carr,QB,LV,CAR,26,38,315.0,2,1.0,1.0,5.0,5,-12.0,0,0,0,0.0,0,17.4,17.4,,,75.0,215.0,25.620941176470588,2.0,Fresno State,2014.0,2014.0,OAK,36.0,,
2016,13,00-0031280,D.Carr,QB,LV,BUF,19,35,260.0,2,0.0,0.0,-0.0,2,4.0,0,0,0,0.0,0,20.8,20.8,,,75.0,215.0,25.620941176470588,2.0,Fresno State,2014.0,2014.0,OAK,36.0,,
2016,14,00-0031280,D.Carr,QB,LV,KC,17,41,117.0,0,0.0,1.0,8.0,2,3.0,0,0,0,0.0,0,4.98,4.98,,,75.0,215.0,25.620941176470588,2.0,Fresno State,2014.0,2014.0,OAK,36.0,,
2016,15,00-0031280,D.Carr,QB,LV,LAC,19,30,213.0,1,1.0,2.0,13.0,5,5.0,0,0,0,0.0,0,11.02,11.02,,,75.0,215.0,25.620941176470588,2.0,Fresno State,2014.0,2014.0,OAK,36.0,,
2016,16,00-0031280,D.Carr,QB,LV,IND,21,31,232.0,3,0.0,1.0,8.0,1,8.0,0,0,0,0.0,0,22.08,22.08,,,75.0,215.0,25.620941176470588,2.0,Fresno State,2014.0,2014.0,OAK,36.0,,
2016,1,00-0031285,D.Freeman,RB,ATL,TB,0,0,0.0,0,0.0,0.0,0.0,11,20.0,0,4,4,20.0,0,4.0,8.0,,,68.0,206.0,24.67784210526316,2.0,Florida State,2014.0,2014.0,ATL,103.0,-7.0,0.10526316
2016,2,00-0031285,D.Freeman,RB,ATL,LV,0,0,0.0,0,0.0,0.0,0.0,17,93.0,0,0,0,0.0,0,9.3,9.3,,,68.0,206.0,24.67784210526316,2.0,Florida State,2014.0,2014.0,ATL,103.0,,
2016,3,00-0031285,D.Freeman,RB,ATL,NO,0,0,0.0,0,0.0,0.0,0.0,14,152.0,0,5,5,55.0,1,26.7,31.7,,,68.0,206.0,24.67784210526316,2.0,Florida State,2014.0,2014.0,ATL,103.0,,0.16666667
2016,4,00-0031285,D.Freeman,RB,ATL,CAR,0,0,0.0,0,0.0,0.0,0.0,13,57.0,1,3,2,7.0,0,12.4,14.4,,,68.0,206.0,24.67784210526316,2.0,Florida State,2014.0,2014.0,ATL,103.0,15.0,0.08108108
2016,5,00-0031285,D.Freeman,RB,ATL,DEN,0,0,0.0,0,0.0,0.0,0.0,23,88.0,1,5,3,35.0,0,18.3,21.3,,,68.0,206.0,24.67784210526316,2.0,Florida State,2014.0,2014.0,ATL,103.0,,0.17857143
2016,6,00-0031285,D.Freeman,RB,ATL,SEA,0,0,0.0,0,0.0,0.0,0.0,12,40.0,0,5,3,10.0,0,5.0,8.0,,,68.0,206.0,24.67784210526316,2.0,Florida State,2014.0,2014.0,ATL,103.0,,0.12195122
2016,7,00-0031285,D.Freeman,RB,ATL,LAC,0,0,0.0,0,0.0,0.0,0.0,15,58.0,0,6,5,42.0,0,10.0,15.0,,,68.0,206.0,24.67784210526316,2.0,Florida State,2014.0,2014.0,ATL,103.0,-3.0,0.1764706
2016,8,00-0031285,D.Freeman,RB,ATL,GB,0,0,0.0,0,0.0,0.0,0.0,11,35.0,1,6,4,23.0,1,17.8,21.8,,,68.0,206.0,24.67784210526316,2.0,Florida State,2014.0,2014.0,ATL,103.0,1.0,0.17142858
2016,9,00-0031285,D.Freeman,RB,ATL,TB,0,0,0.0,0,0.0,0.0,0.0,17,77.0,0,2,2,28.0,0,10.5,12.5,,,68.0,206.0,24.67784210526316,2.0,Florida State,2014.0,2014.0,ATL,103.0,,0.05882353
2016,10,00-0031285,D.Freeman,RB,ATL,PHI,0,0,0.0,0,0.0,0.0,0.0,12,49.0,0,3,3,32.0,0,8.1,11.1,,,68.0,206.0,24.67784210526316,2.0,Florida State,2014.0,2014.0,ATL,103.0,,0.09677419
2016,12,00-0031285,D.Freeman,RB,ATL,ARI,0,0,0.0,0,0.0,0.0,0.0,16,60.0,2,3,2,17.0,0,19.7,21.7,,,68.0,206.0,24.67784210526316,2.0,Florida State,2014.0,2014.0,ATL,103.0,19.0,0.09090909
2016,13,00-0031285,D.Freeman,RB,ATL,KC,0,0,0.0,0,0.0,0.0,0.0,15,56.0,2,5,4,49.0,0,22.5,26.5,,,68.0,206.0,24.67784210526316,2.0,Florida State,2014.0,2014.0,ATL,103.0,-1.0,0.15151516
2016,14,00-0031285,D.Freeman,RB,ATL,LA,0,0,0.0,0,0.0,0.0,0.0,6,6.0,0,3,2,12.0,0,1.8,3.8,,,68.0,206.0,24.67784210526316,2.0,Florida State,2014.0,2014.0,ATL,103.0,,0.1
2016,15,00-0031285,D.Freeman,RB,ATL,SF,0,0,0.0,0,0.0,0.0,0.0,20,139.0,3,2,2,16.0,0,31.5,33.5,,,68.0,206.0,24.67784210526316,2.0,Florida State,2014.0,2014.0,ATL,103.0,28.0,0.08695652
2016,16,00-0031285,D.Freeman,RB,ATL,CAR,0,0,0.0,0,0.0,0.0,0.0,13,53.0,0,8,8,35.0,0,8.8,16.8,,,68.0,206.0,24.67784210526316,2.0,Florida State,2014.0,2014.0,ATL,103.0,,0.24242425
2016,17,00-0031285,D.Freeman,RB,ATL,NO,0,0,0.0,0,0.0,0.0,0.0,12,96.0,1,5,5,81.0,0,23.7,28.7,,,68.0,206.0,24.67784210526316,2.0,Florida State,2014.0,2014.0,ATL,103.0,6.0,0.1388889
2016,19,00-0031285,D.Freeman,RB,ATL,SEA,0,0,0.0,0,0.0,0.0,0.0,14,45.0,1,5,4,80.0,0,18.5,22.5,,,68.0,206.0,24.67784210526316,2.0,Florida State,2014.0,2014.0,ATL,103.0,16.0,0.13513513
2016,20,00-0031285,D.Freeman,RB,ATL,GB,0,0,0.0,0,0.0,0.0,0.0,14,42.0,0,5,4,42.0,1,14.4,18.4,,,68.0,206.0,24.67784210526316,2.0,Florida State,2014.0,2014.0,ATL,103.0,23.0,0.13157895
2016,21,00-0031285,D.Freeman,RB,ATL,NE,0,0,0.0,0,0.0,0.0,0.0,11,75.0,1,2,2,46.0,0,18.1,20.1,,,68.0,206.0,24.67784210526316,2.0,Florida State,2014.0,2014.0,ATL,103.0,-6.0,0.09090909
2016,1,00-0031291,J.Wright,WR,CIN,NYJ,0,0,0.0,0,0.0,0.0,0.0,2,-6.0,0,1,1,7.0,0,0.1,1.1,,,73.0,201.0,24.8508125,2.0,LSU,2014.0,2014.0,CIN,239.0,,0.033333335
2016,2,00-0031291,J.Wright,WR,CIN,PIT,0,0,0.0,0,0.0,0.0,0.0,0,0.0,0,1,1,10.0,0,1.0,2.0,,,73.0,201.0,24.8508125,2.0,LSU,2014.0,2014.0,CIN,239.0,,0.018518519
2016,3,00-0031291,J.Wright,WR,CIN,DEN,0,0,0.0,0,0.0,0.0,0.0,0,0.0,0,1,1,10.0,0,1.0,2.0,,,73.0,201.0,24.8508125,2.0,LSU,2014.0,2014.0,CIN,239.0,-12.0,0.035714287
2016,6,00-0031291,J.Wright,WR,CIN,NE,0,0,0.0,0,0.0,0.0,0.0,0,0.0,0,1,1,1.0,0,0.1,1.1,,,73.0,201.0,24.8508125,2.0,LSU,2014.0,2014.0,CIN,239.0,,0.032258064
2016,7,00-0031291,J.Wright,WR,CIN,CLE,0,0,0.0,0,0.0,0.0,0.0,0,0.0,0,2,0,0.0,0,0.0,0.0,,,73.0,201.0,24.8508125,2.0,LSU,2014.0,2014.0,CIN,239.0,14.0,0.07692308
2016,11,00-0031291,J.Wright,WR,CIN,BUF,0,0,0.0,0,0.0,0.0,0.0,0,0.0,0,3,2,22.0,0,2.2,4.2,,,73.0,201.0,24.8508125,2.0,LSU,2014.0,2014.0,CIN,239.0,-4.0,0.075
2016,12,00-0031291,J.Wright,WR,CIN,BAL,0,0,0.0,0,0.0,0.0,0.0,0,0.0,0,6,3,23.0,0,2.3,5.3,,,73.0,201.0,24.8508125,2.0,LSU,2014.0,2014.0,CIN,239.0,,0.12765957
2016,13,00-0031291,J.Wright,WR,CIN,PHI,0,0,0.0,0,0.0,0.0,0.0,0,0.0,0,2,2,20.0,0,2.0,4.0,,,73.0,201.0,24.8508125,2.0,LSU,2014.0,2014.0,CIN,239.0,18.0,0.06896552
2016,15,00-0031291,J.Wright,WR,CIN,PIT,0,0,0.0,0,0.0,0.0,0.0,0,0.0,0,1,1,5.0,0,0.5,1.5,,,73.0,201.0,24.8508125,2.0,LSU,2014.0,2014.0,CIN,239.0,-4.0,0.04347826
2016,16,00-0031291,J.Wright,WR,CIN,HOU,0,0,0.0,0,0.0,0.0,0.0,0,0.0,0,1,1,8.0,0,0.8,1.8,,,73.0,201.0,24.8508125,2.0,LSU,2014.0,2014.0,CIN,239.0,,0.024390243
2016,1,00-0031299,J.Matthews,TE,PHI,CLE,0,0,0.0,0,0.0,0.0,0.0,0,0.0,0,14,7,114.0,1,17.4,24.4,,,75.0,212.0,24.3151875,2.0,Vanderbilt,2014.0,2014.0,PHI,42.0,19.0,0.3783784
2016,2,00-0031299,J.Matthews,TE,PHI,CHI,0,0,0.0,0,0.0,0.0,0.0,0,0.0,0,9,6,71.0,0,7.1,13.1,,,75.0,212.0,24.3151875,2.0,Vanderbilt,2014.0,2014.0,PHI,42.0,,0.27272728
2016,3,00-0031299,J.Matthews,TE,PHI,PIT,0,0,0.0,0,0.0,0.0,0.0,0,0.0,0,3,2,19.0,1,7.9,9.9,,,75.0,212.0,24.3151875,2.0,Vanderbilt,2014.0,2014.0,PHI,42.0,31.0,0.09677419
2016,5,00-0031299,J.Matthews,TE,PHI,DET,0,0,0.0,0,0.0,0.0,0.0,0,0.0,0,4,4,65.0,0,6.5,10.5,,,75.0,212.0,24.3151875,2.0,Vanderbilt,2014.0,2014.0,PHI,42.0,,0.125
2016,6,00-0031299,J.Matthews,TE,PHI,WAS,0,0,0.0,0,0.0,0.0,0.0,0,0.0,0,7,3,75.0,0,7.5,10.5,,,75.0,212.0,24.3151875,2.0,Vanderbilt,2014.0,2014.0,PHI,42.0,,0.3181818
2016,7,00-0031299,J.Matthews,TE,PHI,MIN,0,0,0.0,0,0.0,0.0,0.0,0,0.0,0,4,3,10.0,0,1.0,4.0,,,75.0,212.0,24.3151875,2.0,Vanderbilt,2014.0,2014.0,PHI,42.0,11.0,0.14285715
2016,8,00-0031299,J.Matthews,TE,PHI,DAL,0,0,0.0,0,0.0,0.0,0.0,0,0.0,0,15,11,65.0,1,12.5,23.5,,,75.0,212.0,24.3151875,2.0,Vanderbilt,2014.0,2014.0,PHI,42.0,,0.3409091
2016,9,00-0031299,J.Matthews,TE,PHI,NYG,0,0,0.0,0,0.0,0.0,0.0,0,0.0,0,10,6,88.0,0,8.8,14.8,,,75.0,212.0,24.3151875,2.0,Vanderbilt,2014.0,2014.0,PHI,42.0,,0.21276596
2016,10,00-0031299,J.Matthews,TE,PHI,ATL,0,0,0.0,0,0.0,0.0,0.0,0,0.0,0,10,6,73.0,0,7.3,13.3,,,75.0,212.0,24.3151875,2.0,Vanderbilt,2014.0,2014.0,PHI,42.0,9.0,0.2777778
2016,11,00-0031299,J.Matthews,TE,PHI,SEA,0,0,0.0,0,0.0,0.0,0.0,0,0.0,0,10,5,59.0,0,5.9,10.9,,,75.0,212.0,24.3151875,2.0,Vanderbilt,2014.0,2014.0,PHI,42.0,,0.22727273
2016,12,00-0031299,J.Matthews,TE,PHI,GB,0,0,0.0,0,0.0,0.0,0.0,0,0.0,0,4,4,47.0,0,4.7,8.7,,,75.0,212.0,24.3151875,2.0,Vanderbilt,2014.0,2014.0,PHI,42.0,-14.0,0.11111111
2016,14,00-0031299,J.Matthews,TE,PHI,WAS,0,0,0.0,0,0.0,0.0,0.0,0,0.0,0,10,8,79.0,0,7.9,15.9,,,75.0,212.0,24.3151875,2.0,Vanderbilt,2014.0,2014.0,PHI,42.0,-5.0,0.2173913
2016,15,00-0031299,J.Matthews,TE,PHI,BAL,0,0,0.0,0,0.0,0.0,0.0,0,0.0,0,11,6,27.0,0,2.7,8.7,,,75.0,212.0,24.3151875,2.0,Vanderbilt,2014.0,2014.0,PHI,42.0,,0.26190478
2016,16,00-0031299,J.Matthews,TE,PHI,NYG,0,0,0.0,0,0.0,0.0,0.0,0,0.0,0,6,2,12.0,0,1.2,3.2,,,75.0,212.0,24.3151875,2.0,Vanderbilt,2014.0,2014.0,PHI,42.0,5.0,0.26086956
2016,1,00-0031301,J.Hill,RB,CIN,NYJ,0,0,0.0,0,0.0,0.0,0.0,9,31.0,1,0,0,0.0,0,9.1,9.1,,,73.0,235.0,24.046,2.0,LSU,2014.0,2014.0,CIN,55.0,,
2016,2,00-0031301,J.Hill,RB,CIN,PIT,0,0,0.0,0,0.0,0.0,0.0,11,22.0,0,5,3,37.0,0,5.9,8.9,,,73.0,235.0,24.046,2.0,LSU,2014.0,2014.0,CIN,55.0,,0.09259259
2016,3,00-0031301,J.Hill,RB,CIN,DEN,0,0,0.0,0,0.0,0.0,0.0,17,97.0,2,0,0,0.0,0,21.7,21.7,,,73.0,235.0,24.046,2.0,LSU,2014.0,2014.0,CIN,55.0,-12.0,
2016,4,00-0031301,J.Hill,RB,CIN,MIA,0,0,0.0,0,0.0,0.0,0.0,21,71.0,0,1,0,0.0,0,7.1,7.1,,,73.0,235.0,24.046,2.0,LSU,2014.0,2014.0,CIN,55.0,15.0,0.032258064
2016,5,00-0031301,J.Hill,RB,CIN,DAL,0,0,0.0,0,0.0,0.0,0.0,4,12.0,0,1,0,0.0,0,1.2,1.2,,,73.0,235.0,24.046,2.0,LSU,2014.0,2014.0,CIN,55.0,,0.025641026
2016,6,00-0031301,J.Hill,RB,CIN,NE,0,0,0.0,0,0.0,0.0,0.0,13,38.0,0,1,1,3.0,0,4.1,5.1,,,73.0,235.0,24.046,2.0,LSU,2014.0,2014.0,CIN,55.0,,0.032258064
2016,7,00-0031301,J.Hill,RB,CIN,CLE,0,0,0.0,0,0.0,0.0,0.0,9,168.0,1,2,2,24.0,0,25.2,27.2,,,73.0,235.0,24.046,2.0,LSU,2014.0,2014.0,CIN,55.0,14.0,0.07692308
2016,8,00-0031301,J.Hill,RB,CIN,WAS,0,0,0.0,0,0.0,0.0,0.0,20,76.0,1,1,1,-3.0,0,13.3,14.3,,,73.0,235.0,24.046,2.0,LSU,2014.0,2014.0,CIN,55.0,0.0,0.023809524
2016,10,00-0031301,J.Hill,RB,CIN,NYG,0,0,0.0,0,0.0,0.0,0.0,15,46.0,1,0,0,0.0,0,10.6,10.6,,,73.0,235.0,24.046,2.0,LSU,2014.0,2014.0,CIN,55.0,,
2016,11,00-0031301,J.Hill,RB,CIN,BUF,0,0,0.0,0,0.0,0.0,0.0,16,62.0,0,2,2,1.0,0,6.3,8.3,,,73.0,235.0,24.046,2.0,LSU,2014.0,2014.0,CIN,55.0,-4.0,0.05
2016,12,00-0031301,J.Hill,RB,CIN,BAL,0,0,0.0,0,0.0,0.0,0.0,12,21.0,0,6,6,61.0,0,8.2,14.2,,,73.0,235.0,24.046,2.0,LSU,2014.0,2014.0,CIN,55.0,,0.12765957
2016,13,00-0031301,J.Hill,RB,CIN,PHI,0,0,0.0,0,0.0,0.0,0.0,23,33.0,1,3,2,12.0,0,10.5,12.5,,,73.0,235.0,24.046,2.0,LSU,2014.0,2014.0,CIN,55.0,18.0,0.10344828
2016,14,00-0031301,J.Hill,RB,CIN,CLE,0,0,0.0,0,0.0,0.0,0.0,25,111.0,1,4,3,31.0,0,20.2,23.2,,,73.0,235.0,24.046,2.0,LSU,2014.0,2014.0,CIN,55.0,,0.14285715
2016,15,00-0031301,J.Hill,RB,CIN,PIT,0,0,0.0,0,0.0,0.0,0.0,20,43.0,1,1,1,8.0,0,11.1,12.1,,,73.0,235.0,24.046,2.0,LSU,2014.0,2014.0,CIN,55.0,-4.0,0.04347826
2016,16,00-0031301,J.Hill,RB,CIN,HOU,0,0,0.0,0,0.0,0.0,0.0,7,8.0,0,0,0,0.0,0,0.8,0.8,,,73.0,235.0,24.046,2.0,LSU,2014.0,2014.0,CIN,55.0,,
2016,1,00-0031302,C.Fiedorowicz,TE,HOU,CHI,0,0,0.0,0,0.0,0.0,0.0,0,0.0,0,2,1,6.0,0,0.6,1.6,,,77.0,265.0,25.06277777777778,2.0,Iowa,2014.0,2014.0,HOU,65.0,9.0,0.057142857
2016,2,00-0031302,C.Fiedorowicz,TE,HOU,KC,0,0,0.0,0,0.0,0.0,0.0,0,0.0,0,1,1,1.0,0,0.1,1.1,,,77.0,265.0,25.06277777777778,2.0,Iowa,2014.0,2014.0,HOU,65.0,7.0,0.030303031
2016,3,00-0031302,C.Fiedorowicz,TE,HOU,NE,0,0,0.0,0,0.0,0.0,0.0,0,0.0,0,1,0,0.0,0,0.0,0.0,,,77.0,265.0,25.06277777777778,2.0,Iowa,2014.0,2014.0,HOU,65.0,,0.025
2016,4,00-0031302,C.Fiedorowicz,TE,HOU,TEN,0,0,0.0,0,0.0,0.0,0.0,0,0.0,0,5,4,48.0,1,10.8,14.8,,,77.0,265.0,25.06277777777778,2.0,Iowa,2014.0,2014.0,HOU,65.0,7.0,0.1388889
2016,5,00-0031302,C.Fiedorowicz,TE,HOU,MIN,0,0,0.0,0,0.0,0.0,0.0,0,0.0,0,8,4,61.0,0,6.1,10.1,,,77.0,265.0,25.06277777777778,2.0,Iowa,2014.0,2014.0,HOU,65.0,,0.1904762
2016,6,00-0031302,C.Fiedorowicz,TE,HOU,IND,0,0,0.0,0,0.0,0.0,0.0,0,0.0,0,7,6,85.0,1,14.5,20.5,,,77.0,265.0,25.06277777777778,2.0,Iowa,2014.0,2014.0,HOU,65.0,3.0,0.17948718
2016,7,00-0031302,C.Fiedorowicz,TE,HOU,DEN,0,0,0.0,0,0.0,0.0,0.0,0,0.0,0,7,5,35.0,0,3.5,8.5,,,77.0,265.0,25.06277777777778,2.0,Iowa,2014.0,2014.0,HOU,65.0,,0.17073171
2016,8,00-0031302,C.Fiedorowicz,TE,HOU,DET,0,0,0.0,0,0.0,0.0,0.0,0,0.0,0,7,5,43.0,1,10.3,15.3,,,77.0,265.0,25.06277777777778,2.0,Iowa,2014.0,2014.0,HOU,65.0,7.0,0.2413793
2016,10,00-0031302,C.Fiedorowicz,TE,HOU,JAX,0,0,0.0,0,0.0,0.0,0.0,0,0.0,0,5,3,26.0,0,2.6,5.6,,,77.0,265.0,25.06277777777778,2.0,Iowa,2014.0,2014.0,HOU,65.0,,0.18518518
2016,11,00-0031302,C.Fiedorowicz,TE,HOU,LV,0,0,0.0,0,0.0,0.0,0.0,0,0.0,0,10,6,82.0,0,8.2,14.2,,,77.0,265.0,25.06277777777778,2.0,Iowa,2014.0,2014.0,HOU,65.0,,0.25641027
2016,12,00-0031302,C.Fiedorowicz,TE,HOU,LAC,0,0,0.0,0,0.0,0.0,0.0,0,0.0,0,6,4,42.0,0,4.2,8.2,,,77.0,265.0,25.06277777777778,2.0,Iowa,2014.0,2014.0,HOU,65.0,-8.0,0.17142858
2016,13,00-0031302,C.Fiedorowicz,TE,HOU,GB,0,0,0.0,0,0.0,0.0,0.0,0,0.0,0,9,6,44.0,0,4.4,10.4,,,77.0,265.0,25.06277777777778,2.0,Iowa,2014.0,2014.0,HOU,65.0,,0.25714287
2016,14,00-0031302,C.Fiedorowicz,TE,HOU,IND,0,0,0.0,0,0.0,0.0,0.0,0,0.0,0,7,3,32.0,0,3.2,6.2,,,77.0,265.0,25.06277777777778,2.0,Iowa,2014.0,2014.0,HOU,65.0,,0.3043478
2016,16,00-0031302,C.Fiedorowicz,TE,HOU,CIN,0,0,0.0,0,0.0,0.0,0.0,0,0.0,0,7,4,42.0,0,4.2,8.2,,,77.0,265.0,25.06277777777778,2.0,Iowa,2014.0,2014.0,HOU,65.0,2.0,0.2413793
2016,17,00-0031302,C.Fiedorowicz,TE,HOU,TEN,0,0,0.0,0,0.0,0.0,0.0,0,0.0,0,7,2,12.0,1,7.2,9.2,,,77.0,265.0,25.06277777777778,2.0,Iowa,2014.0,2014.0,HOU,65.0,,0.14893617
2016,18,00-0031302,C.Fiedorowicz,TE,HOU,LV,0,0,0.0,0,0.0,0.0,0.0,0,0.0,0,4,2,35.0,0,3.5,5.5,,,77.0,265.0,25.06277777777778,2.0,Iowa,2014.0,2014.0,HOU,65.0,13.0,0.16
2016,19,00-0031302,C.Fiedorowicz,TE,HOU,NE,0,0,0.0,0,0.0,0.0,0.0,0,0.0,0,5,3,36.0,1,9.6,12.6,,,77.0,265.0,25.06277777777778,2.0,Iowa,2014.0,2014.0,HOU,65.0,,0.125
2016,15,00-0031307,W.Aikens,CB,MIA,MIA,0,0,0.0,0,0.0,0.0,0.0,0,0.0,0,0,0,0.0,0,6.0,6.0,,,73.0,210.0,25.39588235294118,2.0,Liberty,2014.0,2014.0,MIA,125.0,,
2016,7,00-0031310,D.Street,WR,IND,TEN,0,0,0.0,0,0.0,0.0,0.0,0,0.0,0,3,1,20.0,0,2.0,3.0,,,75.0,200.0,25.61027272727273,2.0,Pittsburgh,2014.0,2014.0,DAL,146.0,,0.07692308
2016,8,00-0031310,D.Street,WR,IND,KC,0,0,0.0,0,0.0,0.0,0.0,0,0.0,0,3,0,0.0,0,0.0,0.0,,,75.0,200.0,25.61027272727273,2.0,Pittsburgh,2014.0,2014.0,DAL,146.0,-16.0,0.08571429
2016,1,00-0031325,S.Watkins,WR,BUF,BAL,0,0,0.0,0,0.0,0.0,0.0,0,0.0,0,6,4,43.0,0,4.3,8.3,,,73.0,211.0,23.395875,2.0,Clemson,2014.0,2014.0,BUF,4.0,,0.27272728
2016,2,00-0031325,S.Watkins,WR,BUF,NYJ,0,0,0.0,0,0.0,0.0,0.0,0,0.0,0,5,2,20.0,0,2.0,4.0,,,73.0,211.0,23.395875,2.0,Clemson,2014.0,2014.0,BUF,4.0,-6.0,0.16666667
2016,12,00-0031325,S.Watkins,WR,BUF,JAX,0,0,0.0,0,0.0,0.0,0.0,0,0.0,0,3,3,80.0,0,8.0,11.0,,,73.0,211.0,23.395875,2.0,Clemson,2014.0,2014.0,BUF,4.0,7.0,0.16666667
2016,13,00-0031325,S.Watkins,WR,BUF,LV,0,0,0.0,0,0.0,0.0,0.0,0,0.0,0,9,3,38.0,0,3.8,6.8,,,73.0,211.0,23.395875,2.0,Clemson,2014.0,2014.0,BUF,4.0,,0.25714287
2016,14,00-0031325,S.Watkins,WR,BUF,PIT,0,0,0.0,0,0.0,0.0,0.0,0,0.0,0,6,4,54.0,1,11.4,15.4,,,73.0,211.0,23.395875,2.0,Clemson,2014.0,2014.0,BUF,4.0,-7.0,0.24
2016,15,00-0031325,S.Watkins,WR,BUF,CLE,0,0,0.0,0,0.0,0.0,0.0,0,0.0,0,4,1,10.0,0,1.0,2.0,,,73.0,211.0,23.395875,2.0,Clemson,2014.0,2014.0,BUF,4.0,20.0,0.16
2016,16,00-0031325,S.Watkins,WR,BUF,MIA,0,0,0.0,0,0.0,0.0,0.0,0,0.0,0,10,7,154.0,1,21.4,28.4,,,73.0,211.0,23.395875,2.0,Clemson,2014.0,2014.0,BUF,4.0,-3.0,0.25641027
2016,17,00-0031325,S.Watkins,WR,BUF,NYJ,0,0,0.0,0,0.0,0.0,0.0,0,0.0,0,9,4,31.0,0,3.1,7.1,,,73.0,211.0,23.395875,2.0,Clemson,2014.0,2014.0,BUF,4.0,,0.29032257
2016,1,00-0031332,F.Toussaint,RB,PIT,WAS,0,0,0.0,0,0.0,0.0,0.0,3,6.0,0,0,0,0.0,0,0.6,0.6,,,69.0,205.0,26.54157894736842,2.0,Michigan,2014.0,2014.0,,,,
2016,2,00-0031332,F.Toussaint,RB,PIT,CIN,0,0,0.0,0,0.0,0.0,0.0,1,4.0,0,1,1,9.0,0,1.3,2.3,,,69.0,205.0,26.54157894736842,2.0,Michigan,2014.0,2014.0,,,8.0,0.027027028
2016,12,00-0031332,F.Toussaint,RB,PIT,IND,0,0,0.0,0,0.0,0.0,0.0,6,28.0,0,0,0,0.0,0,2.8,2.8,,,69.0,205.0,26.54157894736842,2.0,Michigan,2014.0,2014.0,,,,
2016,14,00-0031332,F.Toussaint,RB,PIT,BUF,0,0,0.0,0,0.0,0.0,0.0,1,6.0,0,0,0,0.0,0,0.6,0.6,,,69.0,205.0,26.54157894736842,2.0,Michigan,2014.0,2014.0,,,,
2016,17,00-0031332,F.Toussaint,RB,PIT,CLE,0,0,0.0,0,0.0,0.0,0.0,3,14.0,0,2,2,24.0,0,3.8,5.8,,,69.0,205.0,26.54157894736842,2.0,Michigan,2014.0,2014.0,,,3.0,0.054054055
2016,1,00-0031339,D.Moncrief,WR,IND,DET,0,0,0.0,0,0.0,0.0,0.0,0,0.0,0,7,6,64.0,1,12.4,18.4,,,74.0,222.0,23.250875,2.0,Mississippi,2014.0,2014.0,IND,90.0,-4.0,0.15555556
2016,2,00-0031339,D.Moncrief,WR,IND,DEN,0,0,0.0,0,0.0,0.0,0.0,0,0.0,0,3,1,9.0,0,0.9,1.9,,,74.0,222.0,23.250875,2.0,Mississippi,2014.0,2014.0,IND,90.0,,0.07692308
2016,8,00-0031339,D.Moncrief,WR,IND,KC,0,0,0.0,0,0.0,0.0,0.0,1,-1.0,0,9,4,41.0,1,10.0,14.0,,,74.0,222.0,23.250875,2.0,Mississippi,2014.0,2014.0,IND,90.0,-16.0,0.25714287
2016,9,00-0031339,D.Moncrief,WR,IND,GB,0,0,0.0,0,0.0,0.0,0.0,0,0.0,0,6,3,55.0,1,11.5,14.5,,,74.0,222.0,23.250875,2.0,Mississippi,2014.0,2014.0,IND,90.0,,0.16666667
2016,11,00-0031339,D.Moncrief,WR,IND,TEN,0,0,0.0,0,0.0,0.0,0.0,0,0.0,0,7,4,37.0,1,9.7,13.7,,,74.0,222.0,23.250875,2.0,Mississippi,2014.0,2014.0,IND,90.0,7.0,0.25
2016,12,00-0031339,D.Moncrief,WR,IND,PIT,0,0,0.0,0,0.0,0.0,0.0,0,0.0,0,11,6,45.0,1,10.5,16.5,,,74.0,222.0,23.250875,2.0,Mississippi,2014.0,2014.0,IND,90.0,-21.0,0.2972973
2016,13,00-0031339,D.Moncrief,WR,IND,NYJ,0,0,0.0,0,0.0,0.0,0.0,0,0.0,0,6,4,26.0,1,8.6,12.6,,,74.0,222.0,23.250875,2.0,Mississippi,2014.0,2014.0,IND,90.0,,0.20689656
2016,14,00-0031339,D.Moncrief,WR,IND,HOU,0,0,0.0,0,0.0,0.0,0.0,0,0.0,0,4,0,0.0,0,0.0,0.0,,,74.0,222.0,23.250875,2.0,Mississippi,2014.0,2014.0,IND,90.0,-5.0,0.09090909
2016,16,00-0031339,D.Moncrief,WR,IND,LV,0,0,0.0,0,0.0,0.0,0.0,0,0.0,0,3,2,30.0,1,9.0,11.0,,,74.0,222.0,23.250875,2.0,Mississippi,2014.0,2014.0,IND,90.0,,0.10344828
2016,2,00-0031344,C.Latimer,WR,DEN,IND,0,0,0.0,0,0.0,0.0,0.0,0,0.0,0,2,2,12.0,0,1.2,3.2,,,74.0,215.0,24.070625,2.0,Indiana,2014.0,2014.0,DEN,56.0,14.0,0.060606062
2016,3,00-0031344,C.Latimer,WR,DEN,CIN,0,0,0.0,0,0.0,0.0,0.0,0,0.0,0,1,1,10.0,0,1.0,2.0,,,74.0,215.0,24.070625,2.0,Indiana,2014.0,2014.0,DEN,56.0,,0.028571429
2016,4,00-0031344,C.Latimer,WR,DEN,TB,0,0,0.0,0,0.0,0.0,0.0,0,0.0,0,2,0,0.0,0,0.0,0.0,,,74.0,215.0,24.070625,2.0,Indiana,2014.0,2014.0,DEN,56.0,,0.06451613
2016,13,00-0031344,C.Latimer,WR,DEN,JAX,0,0,0.0,0,0.0,0.0,0.0,0,0.0,0,1,1,10.0,0,1.0,2.0,,,74.0,215.0,24.070625,2.0,Indiana,2014.0,2014.0,DEN,56.0,,0.041666668
2016,14,00-0031344,C.Latimer,WR,DEN,TEN,0,0,0.0,0,0.0,0.0,0.0,0,0.0,0,2,1,16.0,0,1.6,2.6,,,74.0,215.0,24.070625,2.0,Indiana,2014.0,2014.0,DEN,56.0,,0.03846154
2016,16,00-0031344,C.Latimer,WR,DEN,KC,0,0,0.0,0,0.0,0.0,0.0,0,0.0,0,2,0,0.0,0,0.0,0.0,,,74.0,215.0,24.070625,2.0,Indiana,2014.0,2014.0,DEN,56.0,,0.05
2016,17,00-0031344,C.Latimer,WR,DEN,LV,0,0,0.0,0,0.0,0.0,0.0,0,0.0,0,5,3,28.0,0,2.8,5.8,,,74.0,215.0,24.070625,2.0,Indiana,2014.0,2014.0,DEN,56.0,18.0,0.18518518
2016,1,00-0031345,J.Garoppolo,QB,NE,ARI,24,33,264.0,1,0.0,2.0,7.0,4,12.0,0,1,1,3.0,0,14.06,15.06,,,74.0,225.0,25.04673684210526,2.0,Eastern Illinois,2014.0,2014.0,NE,62.0,,0.030303031
2016,2,00-0031345,J.Garoppolo,QB,NE,MIA,18,26,232.0,3,0.0,0.0,-0.0,0,0.0,0,0,0,0.0,0,21.28,21.28,,,74.0,225.0,25.04673684210526,2.0,Eastern Illinois,2014.0,2014.0,NE,62.0,7.0,
2016,5,00-0031345,J.Garoppolo,QB,NE,CLE,0,1,0.0,0,0.0,0.0,-0.0,2,-3.0,0,0,0,0.0,0,-0.3,-0.3,,,74.0,225.0,25.04673684210526,2.0,Eastern Illinois,2014.0,2014.0,NE,62.0,,
2016,8,00-0031345,J.Garoppolo,QB,NE,BUF,0,0,0.0,0,0.0,1.0,8.0,1,-1.0,0,0,0,0.0,0,-0.1,-0.1,,,74.0,225.0,25.04673684210526,2.0,Eastern Illinois,2014.0,2014.0,NE,62.0,,
2016,16,00-0031345,J.Garoppolo,QB,NE,NYJ,1,2,6.0,0,0.0,0.0,-0.0,3,-2.0,0,0,0,0.0,0,0.04,0.04,,,74.0,225.0,25.04673684210526,2.0,Eastern Illinois,2014.0,2014.0,NE,62.0,38.0,
2016,17,00-0031345,J.Garoppolo,QB,NE,MIA,0,1,0.0,0,0.0,0.0,-0.0,0,0.0,0,0,0,0.0,0,0.0,0.0,,,74.0,225.0,25.04673684210526,2.0,Eastern Illinois,2014.0,2014.0,NE,62.0,,
2016,1,00-0031359,K.Benjamin,WR,CAR,DEN,0,0,0.0,0,0.0,0.0,0.0,0,0.0,0,12,6,91.0,1,15.1,21.1,,,77.0,245.0,25.75375,2.0,Florida State,2014.0,2014.0,CAR,28.0,,0.38709676
2016,2,00-0031359,K.Benjamin,WR,CAR,SF,0,0,0.0,0,0.0,0.0,0.0,0,0.0,0,9,7,108.0,2,22.8,29.8,,,77.0,245.0,25.75375,2.0,Florida State,2014.0,2014.0,CAR,28.0,19.0,0.23076923
2016,3,00-0031359,K.Benjamin,WR,CAR,MIN,0,0,0.0,0,0.0,0.0,0.0,0,0.0,0,1,0,0.0,0,0.0,0.0,,,77.0,245.0,25.75375,2.0,Florida State,2014.0,2014.0,CAR,28.0,-12.0,0.027777778
2016,4,00-0031359,K.Benjamin,WR,CAR,ATL,0,0,0.0,0,0.0,0.0,0.0,0,0.0,0,7,3,39.0,1,9.9,12.9,,,77.0,245.0,25.75375,2.0,Florida State,2014.0,2014.0,CAR,28.0,,0.14583333
2016,5,00-0031359,K.Benjamin,WR,CAR,TB,0,0,0.0,0,0.0,0.0,0.0,0,0.0,0,9,5,70.0,0,7.0,12.0,,,77.0,245.0,25.75375,2.0,Florida State,2014.0,2014.0,CAR,28.0,-3.0,0.32142857
2016,6,00-0031359,K.Benjamin,WR,CAR,NO,0,0,0.0,0,0.0,0.0,0.0,0,0.0,0,14,8,86.0,0,8.6,16.6,,,77.0,245.0,25.75375,2.0,Florida State,2014.0,2014.0,CAR,28.0,,0.3043478
2016,8,00-0031359,K.Benjamin,WR,CAR,ARI,0,0,0.0,0,0.0,0.0,0.0,0,0.0,0,5,2,73.0,0,7.3,9.3,,,77.0,245.0,25.75375,2.0,Florida State,2014.0,2014.0,CAR,28.0,10.0,0.18518518
2016,9,00-0031359,K.Benjamin,WR,CAR,LA,0,0,0.0,0,0.0,0.0,0.0,0,0.0,0,7,5,76.0,0,7.6,12.6,,,77.0,245.0,25.75375,2.0,Florida State,2014.0,2014.0,CAR,28.0,,0.21875
2016,10,00-0031359,K.Benjamin,WR,CAR,KC,0,0,0.0,0,0.0,0.0,0.0,0,0.0,0,12,7,84.0,0,6.4,13.4,,,77.0,245.0,25.75375,2.0,Florida State,2014.0,2014.0,CAR,28.0,-3.0,0.31578946
2016,11,00-0031359,K.Benjamin,WR,CAR,NO,0,0,0.0,0,0.0,0.0,0.0,0,0.0,0,4,3,56.0,0,5.6,8.6,,,77.0,245.0,25.75375,2.0,Florida State,2014.0,2014.0,CAR,28.0,3.0,0.125
2016,12,00-0031359,K.Benjamin,WR,CAR,LV,0,0,0.0,0,0.0,0.0,0.0,0,0.0,0,6,2,53.0,1,11.3,13.3,,,77.0,245.0,25.75375,2.0,Florida State,2014.0,2014.0,CAR,28.0,,0.21428572
2016,13,00-0031359,K.Benjamin,WR,CAR,SEA,0,0,0.0,0,0.0,0.0,0.0,0,0.0,0,9,2,18.0,0,1.8,3.8,,,77.0,245.0,25.75375,2.0,Florida State,2014.0,2014.0,CAR,28.0,,0.28125
2016,14,00-0031359,K.Benjamin,WR,CAR,LAC,0,0,0.0,0,0.0,0.0,0.0,0,0.0,0,4,1,11.0,0,1.1,2.1,,,77.0,245.0,25.75375,2.0,Florida State,2014.0,2014.0,CAR,28.0,12.0,0.14814815
2016,15,00-0031359,K.Benjamin,WR,CAR,WAS,0,0,0.0,0,0.0,0.0,0.0,0,0.0,0,4,2,20.0,0,2.0,4.0,,,77.0,245.0,25.75375,2.0,Florida State,2014.0,2014.0,CAR,28.0,,0.114285715
2016,16,00-0031359,K.Benjamin,WR,CAR,ATL,0,0,0.0,0,0.0,0.0,0.0,0,0.0,0,8,4,63.0,1,12.3,16.3,,,77.0,245.0,25.75375,2.0,Florida State,2014.0,2014.0,CAR,28.0,-17.0,0.18604651
2016,17,00-0031359,K.Benjamin,WR,CAR,TB,0,0,0.0,0,0.0,0.0,0.0,0,0.0,0,7,6,93.0,1,15.3,21.3,,,77.0,245.0,25.75375,2.0,Florida State,2014.0,2014.0,CAR,28.0,,0.22580644
2016,1,00-0031375,T.West,RB,BAL,BUF,0,0,0.0,0,0.0,0.0,0.0,12,32.0,0,2,2,6.0,0,3.8,5.8,,,70.0,225.0,25.7749375,2.0,Towson,2014.0,2014.0,CLE,94.0,6.0,0.0625
2016,2,00-0031375,T.West,RB,BAL,CLE,0,0,0.0,0,0.0,0.0,0.0,11,42.0,0,3,1,15.0,0,5.7,6.7,,,70.0,225.0,25.7749375,2.0,Towson,2014.0,2014.0,CLE,94.0,,0.06666667
2016,3,00-0031375,T.West,RB,BAL,JAX,0,0,0.0,0,0.0,0.0,0.0,10,45.0,0,1,1,8.0,0,5.3,6.3,,,70.0,225.0,25.7749375,2.0,Towson,2014.0,2014.0,CLE,94.0,,0.025
2016,4,00-0031375,T.West,RB,BAL,LV,0,0,0.0,0,0.0,0.0,0.0,21,113.0,1,0,0,0.0,0,17.3,17.3,,,70.0,225.0,25.7749375,2.0,Towson,2014.0,2014.0,CLE,94.0,-1.0,
2016,5,00-0031375,T.West,RB,BAL,WAS,0,0,0.0,0,0.0,0.0,0.0,11,95.0,0,3,2,-6.0,0,8.9,10.9,,,70.0,225.0,25.7749375,2.0,Towson,2014.0,2014.0,CLE,94.0,-6.0,0.06382979
2016,6,00-0031375,T.West,RB,BAL,NYG,0,0,0.0,0,0.0,0.0,0.0,23,87.0,2,6,4,36.0,0,24.3,28.3,,,70.0,225.0,25.7749375,2.0,Towson,2014.0,2014.0,CLE,94.0,,0.125
2016,7,00-0031375,T.West,RB,BAL,NYJ,0,0,0.0,0,0.0,0.0,0.0,8,10.0,0,0,0,0.0,0,1.0,1.0,,,70.0,225.0,25.7749375,2.0,Towson,2014.0,2014.0,CLE,94.0,,
2016,9,00-0031375,T.West,RB,BAL,PIT,0,0,0.0,0,0.0,0.0,0.0,15,21.0,0,3,1,6.0,0,2.7,3.7,,,70.0,225.0,25.7749375,2.0,Towson,2014.0,2014.0,CLE,94.0,7.0,0.1
2016,10,00-0031375,T.West,RB,BAL,CLE,0,0,0.0,0,0.0,0.0,0.0,21,65.0,0,2,1,12.0,0,7.7,8.7,,,70.0,225.0,25.7749375,2.0,Towson,2014.0,2014.0,CLE,94.0,21.0,0.05
2016,11,00-0031375,T.West,RB,BAL,DAL,0,0,0.0,0,0.0,0.0,0.0,8,42.0,1,2,1,11.0,0,11.3,12.3,,,70.0,225.0,25.7749375,2.0,Towson,2014.0,2014.0,CLE,94.0,,0.057142857
2016,12,00-0031375,T.West,RB,BAL,CIN,0,0,0.0,0,0.0,0.0,0.0,13,48.0,0,4,3,16.0,0,6.4,9.4,,,70.0,225.0,25.7749375,2.0,Towson,2014.0,2014.0,CLE,94.0,5.0,0.121212125
2016,13,00-0031375,T.West,RB,BAL,MIA,0,0,0.0,0,0.0,0.0,0.0,10,50.0,1,3,3,18.0,1,18.8,21.8,,,70.0,225.0,25.7749375,2.0,Towson,2014.0,2014.0,CLE,94.0,32.0,0.0625
2016,14,00-0031375,T.West,RB,BAL,NE,0,0,0.0,0,0.0,0.0,0.0,2,2.0,0,4,4,24.0,0,2.6,6.6,,,70.0,225.0,25.7749375,2.0,Towson,2014.0,2014.0,CLE,94.0,,0.07692308
2016,15,00-0031375,T.West,RB,BAL,PHI,0,0,0.0,0,0.0,0.0,0.0,13,77.0,0,4,4,45.0,0,12.2,16.2,,,70.0,225.0,25.7749375,2.0,Towson,2014.0,2014.0,CLE,94.0,1.0,0.13793103
2016,16,00-0031375,T.West,RB,BAL,PIT,0,0,0.0,0,0.0,0.0,0.0,10,27.0,0,3,3,28.0,0,5.5,8.5,,,70.0,225.0,25.7749375,2.0,Towson,2014.0,2014.0,CLE,94.0,,0.06818182
2016,17,00-0031375,T.West,RB,BAL,CIN,0,0,0.0,0,0.0,0.0,0.0,5,18.0,0,5,4,17.0,0,3.5,7.5,,,70.0,225.0,25.7749375,2.0,Towson,2014.0,2014.0,CLE,94.0,,0.10204082
2016,1,00-0031376,J.McKinnon,RB,MIN,TEN,0,0,0.0,0,0.0,0.0,0.0,1,6.0,0,2,1,3.0,0,0.9,1.9,,,69.0,205.0,24.5146875,2.0,Georgia Southern,2014.0,2014.0,MIN,96.0,,0.060606062
2016,2,00-0031376,J.McKinnon,RB,MIN,GB,0,0,0.0,0,0.0,0.0,0.0,2,2.0,0,1,1,-1.0,0,0.1,1.1,,,69.0,205.0,24.5146875,2.0,Georgia Southern,2014.0,2014.0,MIN,96.0,3.0,0.032258064
2016,3,00-0031376,J.McKinnon,RB,MIN,CAR,0,0,0.0,0,0.0,0.0,0.0,16,45.0,0,2,1,2.0,0,6.7,7.7,,,69.0,205.0,24.5146875,2.0,Georgia Southern,2014.0,2014.0,MIN,96.0,,0.071428575
2016,4,00-0031376,J.McKinnon,RB,MIN,NYG,0,0,0.0,0,0.0,0.0,0.0,18,85.0,1,5,3,10.0,0,15.5,18.5,,,69.0,205.0,24.5146875,2.0,Georgia Southern,2014.0,2014.0,MIN,96.0,14.0,0.1388889
2016,5,00-0031376,J.McKinnon,RB,MIN,HOU,0,0,0.0,0,0.0,0.0,0.0,20,36.0,0,3,1,10.0,0,4.6,5.6,,,69.0,205.0,24.5146875,2.0,Georgia Southern,2014.0,2014.0,MIN,96.0,18.0,0.1
2016,7,00-0031376,J.McKinnon,RB,MIN,PHI,0,0,0.0,0,0.0,0.0,0.0,11,43.0,0,1,1,5.0,0,4.8,5.8,,,69.0,205.0,24.5146875,2.0,Georgia Southern,2014.0,2014.0,MIN,96.0,,0.025641026
2016,9,00-0031376,J.McKinnon,RB,MIN,DET,0,0,0.0,0,0.0,0.0,0.0,7,8.0,0,0,0,0.0,0,0.8,0.8,,,69.0,205.0,24.5146875,2.0,Georgia Southern,2014.0,2014.0,MIN,96.0,-6.0,
2016,10,00-0031376,J.McKinnon,RB,MIN,WAS,0,0,0.0,0,0.0,0.0,0.0,6,16.0,0,4,3,17.0,0,3.3,6.3,,,69.0,205.0,24.5146875,2.0,Georgia Southern,2014.0,2014.0,MIN,96.0,,0.1
2016,11,00-0031376,J.McKinnon,RB,MIN,ARI,0,0,0.0,0,0.0,0.0,0.0,16,44.0,0,1,1,-3.0,0,4.1,5.1,,,69.0,205.0,24.5146875,2.0,Georgia Southern,2014.0,2014.0,MIN,96.0,6.0,0.035714287
2016,12,00-0031376,J.McKinnon,RB,MIN,DET,0,0,0.0,0,0.0,0.0,0.0,9,31.0,0,3,3,45.0,0,7.6,10.6,,,69.0,205.0,24.5146875,2.0,Georgia Southern,2014.0,2014.0,MIN,96.0,,0.083333336
2016,13,00-0031376,J.McKinnon,RB,MIN,DAL,0,1,0.0,0,0.0,0.0,-0.0,9,41.0,0,6,5,14.0,1,11.5,16.5,,,69.0,205.0,24.5146875,2.0,Georgia Southern,2014.0,2014.0,MIN,96.0,-2.0,0.12765957
2016,14,00-0031376,J.McKinnon,RB,MIN,JAX,0,0,0.0,0,0.0,0.0,0.0,14,31.0,0,6,6,38.0,0,6.9,12.9,,,69.0,205.0,24.5146875,2.0,Georgia Southern,2014.0,2014.0,MIN,96.0,,0.1764706
2016,15,00-0031376,J.McKinnon,RB,MIN,IND,0,0,0.0,0,0.0,0.0,0.0,3,12.0,0,9,9,59.0,0,7.1,16.1,,,69.0,205.0,24.5146875,2.0,Georgia Southern,2014.0,2014.0,MIN,96.0,-28.0,0.21428572
2016,16,00-0031376,J.McKinnon,RB,MIN,GB,0,0,0.0,0,0.0,0.0,0.0,11,50.0,0,6,5,35.0,0,8.5,13.5,,,69.0,205.0,24.5146875,2.0,Georgia Southern,2014.0,2014.0,MIN,96.0,,0.12
2016,17,00-0031376,J.McKinnon,RB,MIN,CHI,0,0,0.0,0,0.0,0.0,0.0,16,89.0,1,4,3,21.0,1,23.0,26.0,,,69.0,205.0,24.5146875,2.0,Georgia Southern,2014.0,2014.0,MIN,96.0,28.0,0.11764706
2016,1,00-0031381,D.Adams,WR,GB,JAX,0,0,0.0,0,0.0,0.0,0.0,0,0.0,0,7,3,50.0,1,11.0,14.0,,,73.0,215.0,23.90342105263158,2.0,Fresno State,2014.0,2014.0,GB,53.0,,0.21212122
2016,2,00-0031381,D.Adams,WR,GB,MIN,0,0,0.0,0,0.0,0.0,0.0,0,0.0,0,7,3,26.0,0,0.6,3.6,,,73.0,215.0,23.90342105263158,2.0,Fresno State,2014.0,2014.0,GB,53.0,,0.19444445
2016,3,00-0031381,D.Adams,WR,GB,DET,0,0,0.0,0,0.0,0.0,0.0,0,0.0,0,2,2,23.0,1,8.3,10.3,,,73.0,215.0,23.90342105263158,2.0,Fresno State,2014.0,2014.0,GB,53.0,7.0,0.083333336
2016,5,00-0031381,D.Adams,WR,GB,NYG,0,0,0.0,0,0.0,0.0,0.0,0,0.0,0,8,5,85.0,1,14.5,19.5,,,73.0,215.0,23.90342105263158,2.0,Fresno State,2014.0,2014.0,GB,53.0,7.0,0.18181819
2016,6,00-0031381,D.Adams,WR,GB,DAL,0,0,0.0,0,0.0,0.0,0.0,0,0.0,0,3,2,34.0,0,3.4,5.4,,,73.0,215.0,23.90342105263158,2.0,Fresno State,2014.0,2014.0,GB,53.0,-14.0,0.071428575
2016,7,00-0031381,D.Adams,WR,GB,CHI,0,0,0.0,0,0.0,0.0,0.0,0,0.0,0,16,13,132.0,2,25.2,38.2,,,73.0,215.0,23.90342105263158,2.0,Fresno State,2014.0,2014.0,GB,53.0,16.0,0.2857143
2016,8,00-0031381,D.Adams,WR,GB,ATL,0,0,0.0,0,0.0,0.0,0.0,0,0.0,0,14,12,74.0,0,7.4,19.4,,,73.0,215.0,23.90342105263158,2.0,Fresno State,2014.0,2014.0,GB,53.0,,0.36842105
2016,9,00-0031381,D.Adams,WR,GB,IND,0,0,0.0,0,0.0,0.0,0.0,0,0.0,0,8,4,41.0,1,10.1,14.1,,,73.0,215.0,23.90342105263158,2.0,Fresno State,2014.0,2014.0,GB,53.0,-5.0,0.1904762
2016,10,00-0031381,D.Adams,WR,GB,TEN,0,0,0.0,0,0.0,0.0,0.0,0,0.0,0,9,6,156.0,0,15.6,21.6,,,73.0,215.0,23.90342105263158,2.0,Fresno State,2014.0,2014.0,GB,53.0,,0.16363636
2016,11,00-0031381,D.Adams,WR,GB,WAS,0,0,0.0,0,0.0,0.0,0.0,0,0.0,0,6,3,42.0,0,4.2,7.2,,,73.0,215.0,23.90342105263158,2.0,Fresno State,2014.0,2014.0,GB,53.0,,0.13953489
2016,12,00-0031381,D.Adams,WR,GB,PHI,0,0,0.0,0,0.0,0.0,0.0,0,0.0,0,6,5,113.0,2,23.3,28.3,,,73.0,215.0,23.90342105263158,2.0,Fresno State,2014.0,2014.0,GB,53.0,,0.15789473
2016,13,00-0031381,D.Adams,WR,GB,HOU,0,0,0.0,0,0.0,0.0,0.0,0,0.0,0,7,1,17.0,0,1.7,2.7,,,73.0,215.0,23.90342105263158,2.0,Fresno State,2014.0,2014.0,GB,53.0,8.0,0.23333333
2016,14,00-0031381,D.Adams,WR,GB,SEA,0,0,0.0,0,0.0,0.0,0.0,0,0.0,0,6,4,104.0,1,16.4,20.4,,,73.0,215.0,23.90342105263158,2.0,Fresno State,2014.0,2014.0,GB,53.0,28.0,0.24
2016,15,00-0031381,D.Adams,WR,GB,CHI,0,0,0.0,0,0.0,0.0,0.0,0,0.0,0,6,2,25.0,0,2.5,4.5,,,73.0,215.0,23.90342105263158,2.0,Fresno State,2014.0,2014.0,GB,53.0,,0.2
2016,16,00-0031381,D.Adams,WR,GB,MIN,0,0,0.0,0,0.0,0.0,0.0,0,0.0,0,7,4,44.0,1,10.4,14.4,,,73.0,215.0,23.90342105263158,2.0,Fresno State,2014.0,2014.0,GB,53.0,13.0,0.17948718
2016,17,00-0031381,D.Adams,WR,GB,DET,0,0,0.0,0,0.0,0.0,0.0,0,0.0,0,9,6,31.0,2,17.1,23.1,,,73.0,215.0,23.90342105263158,2.0,Fresno State,2014.0,2014.0,GB,53.0,,0.23076923
2016,18,00-0031381,D.Adams,WR,GB,NYG,0,0,0.0,0,0.0,0.0,0.0,0,0.0,0,12,8,125.0,1,18.5,26.5,,,73.0,215.0,23.90342105263158,2.0,Fresno State,2014.0,2014.0,GB,53.0,25.0,0.30769232
2016,19,00-0031381,D.Adams,WR,GB,DAL,0,0,0.0,0,0.0,0.0,0.0,0,0.0,0,10,5,76.0,0,7.6,12.6,,,73.0,215.0,23.90342105263158,2.0,Fresno State,2014.0,2014.0,GB,53.0,,0.23255815
2016,20,00-0031381,D.Adams,WR,GB,ATL,0,0,0.0,0,0.0,0.0,0.0,0,0.0,0,3,3,16.0,1,7.6,10.6,,,73.0,215.0,23.90342105263158,2.0,Fresno State,2014.0,2014.0,GB,53.0,,0.069767445
2016,1,00-0031382,J.Landry,WR,MIA,SEA,0,0,0.0,0,0.0,0.0,0.0,0,0.0,0,10,7,59.0,0,5.9,12.9,,,71.0,206.0,23.950176470588236,2.0,Louisiana State,2014.0,2014.0,MIA,63.0,,0.37037036
2016,2,00-0031382,J.Landry,WR,MIA,NE,0,0,0.0,0,0.0,0.0,0.0,0,0.0,0,13,10,135.0,0,11.5,21.5,,,71.0,206.0,23.950176470588236,2.0,Louisiana State,2014.0,2014.0,MIA,63.0,,0.29545453
2016,3,00-0031382,J.Landry,WR,MIA,CLE,0,0,0.0,0,0.0,0.0,0.0,2,16.0,0,12,7,120.0,1,19.6,26.6,,,71.0,206.0,23.950176470588236,2.0,Louisiana State,2014.0,2014.0,MIA,63.0,6.0,0.33333334
2016,4,00-0031382,J.Landry,WR,MIA,CIN,0,0,0.0,0,0.0,0.0,0.0,0,0.0,0,10,7,61.0,0,6.1,13.1,,,71.0,206.0,23.950176470588236,2.0,Louisiana State,2014.0,2014.0,MIA,63.0,,0.4
2016,5,00-0031382,J.Landry,WR,MIA,TEN,0,0,0.0,0,0.0,0.0,0.0,1,2.0,0,3,3,28.0,0,3.0,6.0,,,71.0,206.0,23.950176470588236,2.0,Louisiana State,2014.0,2014.0,MIA,63.0,-13.0,0.16666667
2016,6,00-0031382,J.Landry,WR,MIA,PIT,0,0,0.0,0,0.0,0.0,0.0,0,0.0,0,9,7,91.0,0,9.1,16.1,,,71.0,206.0,23.950176470588236,2.0,Louisiana State,2014.0,2014.0,MIA,63.0,15.0,0.28125
2016,7,00-0031382,J.Landry,WR,MIA,BUF,0,0,0.0,0,0.0,0.0,0.0,0,0.0,0,8,5,78.0,0,9.8,14.8,,,71.0,206.0,23.950176470588236,2.0,Louisiana State,2014.0,2014.0,MIA,63.0,3.0,0.32
2016,9,00-0031382,J.Landry,WR,MIA,NYJ,0,1,0.0,0,0.0,0.0,-0.0,0,0.0,0,6,3,33.0,0,3.3,6.3,,,71.0,206.0,23.950176470588236,2.0,Louisiana State,2014.0,2014.0,MIA,63.0,4.0,0.20689656
2016,10,00-0031382,J.Landry,WR,MIA,LAC,0,0,0.0,0,0.0,0.0,0.0,0,0.0,0,6,6,53.0,0,5.3,11.3,,,71.0,206.0,23.950176470588236,2.0,Louisiana State,2014.0,2014.0,MIA,63.0,,0.26086956
2016,11,00-0031382,J.Landry,WR,MIA,LA,0,0,0.0,0,0.0,0.0,0.0,0,0.0,0,5,5,28.0,1,8.8,13.8,,,71.0,206.0,23.950176470588236,2.0,Louisiana State,2014.0,2014.0,MIA,63.0,,0.14705883
2016,12,00-0031382,J.Landry,WR,MIA,SF,0,0,0.0,0,0.0,0.0,0.0,0,0.0,0,7,4,47.0,0,4.7,8.7,,,71.0,206.0,23.950176470588236,2.0,Louisiana State,2014.0,2014.0,MIA,63.0,7.0,0.23333333
2016,13,00-0031382,J.Landry,WR,MIA,BAL,0,0,0.0,0,0.0,0.0,0.0,1,-1.0,0,14,11,87.0,0,8.6,19.6,,,71.0,206.0,23.950176470588236,2.0,Louisiana State,2014.0,2014.0,MIA,63.0,,0.35897437
2016,14,00-0031382,J.Landry,WR,MIA,ARI,0,0,0.0,0,0.0,0.0,0.0,0,0.0,0,6,4,103.0,0,10.3,14.3,,,71.0,206.0,23.950176470588236,2.0,Louisiana State,2014.0,2014.0,MIA,63.0,3.0,0.24
2016,15,00-0031382,J.Landry,WR,MIA,NYJ,0,0,0.0,0,0.0,0.0,0.0,0,0.0,0,4,3,108.0,1,16.8,19.8,,,71.0,206.0,23.950176470588236,2.0,Louisiana State,2014.0,2014.0,MIA,63.0,,0.23529412
2016,16,00-0031382,J.Landry,WR,MIA,BUF,0,0,0.0,0,0.0,0.0,0.0,1,0.0,0,6,3,29.0,0,2.9,5.9,,,71.0,206.0,23.950176470588236,2.0,Louisiana State,2014.0,2014.0,MIA,63.0,,0.20689656
2016,17,00-0031382,J.Landry,WR,MIA,NE,0,0,0.0,0,0.0,0.0,0.0,0,0.0,0,12,9,76.0,1,13.6,22.6,,,71.0,206.0,23.950176470588236,2.0,Louisiana State,2014.0,2014.0,MIA,63.0,-21.0,0.3529412
2016,18,00-0031382,J.Landry,WR,MIA,PIT,0,0,0.0,0,0.0,0.0,0.0,0,0.0,0,14,11,102.0,0,10.2,21.2,,,71.0,206.0,23.950176470588236,2.0,Louisiana State,2014.0,2014.0,MIA,63.0,,0.3888889
2016,1,00-0031384,R.Rodgers,TE,GB,JAX,0,0,0.0,0,0.0,0.0,0.0,0,0.0,0,3,1,22.0,0,2.2,3.2,,,76.0,257.0,24.82615789473684,2.0,California,2014.0,2014.0,GB,98.0,,0.09090909
2016,2,00-0031384,R.Rodgers,TE,GB,MIN,0,0,0.0,0,0.0,0.0,0.0,0,0.0,0,2,2,25.0,0,2.5,4.5,,,76.0,257.0,24.82615789473684,2.0,California,2014.0,2014.0,GB,98.0,,0.055555556
2016,3,00-0031384,R.Rodgers,TE,GB,DET,0,0,0.0,0,0.0,0.0,0.0,0,0.0,0,3,2,9.0,1,6.9,8.9,,,76.0,257.0,24.82615789473684,2.0,California,2014.0,2014.0,GB,98.0,7.0,0.125
2016,5,00-0031384,R.Rodgers,TE,GB,NYG,0,0,0.0,0,0.0,0.0,0.0,0,0.0,0,5,1,6.0,0,0.6,1.6,,,76.0,257.0,24.82615789473684,2.0,California,2014.0,2014.0,GB,98.0,7.0,0.11363637
2016,6,00-0031384,R.Rodgers,TE,GB,DAL,0,0,0.0,0,0.0,0.0,0.0,0,0.0,0,3,2,15.0,0,1.5,3.5,,,76.0,257.0,24.82615789473684,2.0,California,2014.0,2014.0,GB,98.0,-14.0,0.071428575
2016,7,00-0031384,R.Rodgers,TE,GB,CHI,0,0,0.0,0,0.0,0.0,0.0,0,0.0,0,1,1,7.0,0,0.7,1.7,,,76.0,257.0,24.82615789473684,2.0,California,2014.0,2014.0,GB,98.0,16.0,0.017857144
2016,9,00-0031384,R.Rodgers,TE,GB,IND,0,0,0.0,0,0.0,0.0,0.0,0,0.0,0,10,6,64.0,0,6.4,12.4,,,76.0,257.0,24.82615789473684,2.0,California,2014.0,2014.0,GB,98.0,-5.0,0.23809524
2016,10,00-0031384,R.Rodgers,TE,GB,TEN,0,0,0.0,0,0.0,0.0,0.0,0,0.0,0,7,4,27.0,0,2.7,6.7,,,76.0,257.0,24.82615789473684,2.0,California,2014.0,2014.0,GB,98.0,,0.12727273
2016,11,00-0031384,R.Rodgers,TE,GB,WAS,0,0,0.0,0,0.0,0.0,0.0,0,0.0,0,4,4,28.0,0,2.8,6.8,,,76.0,257.0,24.82615789473684,2.0,California,2014.0,2014.0,GB,98.0,,0.093023255
2016,12,00-0031384,R.Rodgers,TE,GB,PHI,0,0,0.0,0,0.0,0.0,0.0,0,0.0,0,1,0,0.0,0,0.0,0.0,,,76.0,257.0,24.82615789473684,2.0,California,2014.0,2014.0,GB,98.0,,0.02631579
2016,13,00-0031384,R.Rodgers,TE,GB,HOU,0,0,0.0,0,0.0,0.0,0.0,0,0.0,0,2,2,16.0,0,1.6,3.6,,,76.0,257.0,24.82615789473684,2.0,California,2014.0,2014.0,GB,98.0,8.0,0.06666667
2016,14,00-0031384,R.Rodgers,TE,GB,SEA,0,0,0.0,0,0.0,0.0,0.0,0,0.0,0,2,1,8.0,0,0.8,1.8,,,76.0,257.0,24.82615789473684,2.0,California,2014.0,2014.0,GB,98.0,28.0,0.08
2016,15,00-0031384,R.Rodgers,TE,GB,CHI,0,0,0.0,0,0.0,0.0,0.0,0,0.0,0,1,1,10.0,0,1.0,2.0,,,76.0,257.0,24.82615789473684,2.0,California,2014.0,2014.0,GB,98.0,,0.033333335
2016,16,00-0031384,R.Rodgers,TE,GB,MIN,0,0,0.0,0,0.0,0.0,0.0,0,0.0,0,2,2,20.0,1,8.0,10.0,,,76.0,257.0,24.82615789473684,2.0,California,2014.0,2014.0,GB,98.0,13.0,0.051282052
2016,17,00-0031384,R.Rodgers,TE,GB,DET,0,0,0.0,0,0.0,0.0,0.0,0,0.0,0,1,1,14.0,0,1.4,2.4,,,76.0,257.0,24.82615789473684,2.0,California,2014.0,2014.0,GB,98.0,,0.025641026
2016,19,00-0031384,R.Rodgers,TE,GB,DAL,0,0,0.0,0,0.0,0.0,0.0,0,0.0,0,2,1,34.0,1,9.4,10.4,,,76.0,257.0,24.82615789473684,2.0,California,2014.0,2014.0,GB,98.0,,0.046511628
2016,1,00-0031387,E.Ebron,TE,DET,IND,0,0,0.0,0,0.0,0.0,0.0,0,0.0,0,5,5,46.0,1,10.6,15.6,,,76.0,253.0,23.584117647058825,2.0,North Carolina,2014.0,2014.0,DET,10.0,,0.13513513
2016,2,00-0031387,E.Ebron,TE,DET,TEN,0,0,0.0,0,0.0,0.0,0.0,0,0.0,0,7,4,53.0,0,5.3,9.3,,,76.0,253.0,23.584117647058825,2.0,North Carolina,2014.0,2014.0,DET,10.0,-1.0,0.17948718
2016,3,00-0031387,E.Ebron,TE,DET,GB,0,0,0.0,0,0.0,0.0,0.0,0,0.0,0,8,5,69.0,0,6.9,11.9,,,76.0,253.0,23.584117647058825,2.0,North Carolina,2014.0,2014.0,DET,10.0,,0.2
2016,4,00-0031387,E.Ebron,TE,DET,CHI,0,0,0.0,0,0.0,0.0,0.0,0,0.0,0,5,4,42.0,0,4.2,8.2,,,76.0,253.0,23.584117647058825,2.0,North Carolina,2014.0,2014.0,DET,10.0,,0.1388889
2016,8,00-0031387,E.Ebron,TE,DET,HOU,0,0,0.0,0,0.0,0.0,0.0,0,0.0,0,10,7,79.0,0,7.9,14.9,,,76.0,253.0,23.584117647058825,2.0,North Carolina,2014.0,2014.0,DET,10.0,,0.24390244
2016,9,00-0031387,E.Ebron,TE,DET,MIN,0,0,0.0,0,0.0,0.0,0.0,0,0.0,0,8,7,92.0,0,9.2,16.2,,,76.0,253.0,23.584117647058825,2.0,North Carolina,2014.0,2014.0,DET,10.0,,0.22857143
2016,11,00-0031387,E.Ebron,TE,DET,JAX,0,0,0.0,0,0.0,0.0,0.0,1,1.0,1,5,3,70.0,0,13.1,16.1,,,76.0,253.0,23.584117647058825,2.0,North Carolina,2014.0,2014.0,DET,10.0,7.0,0.15151516
2016,12,00-0031387,E.Ebron,TE,DET,MIN,0,0,0.0,0,0.0,0.0,0.0,0,0.0,0,1,0,0.0,0,0.0,0.0,,,76.0,253.0,23.584117647058825,2.0,North Carolina,2014.0,2014.0,DET,10.0,3.0,0.027027028
2016,13,00-0031387,E.Ebron,TE,DET,NO,0,0,0.0,0,0.0,0.0,0.0,0,0.0,0,6,4,38.0,0,3.8,7.8,,,76.0,253.0,23.584117647058825,2.0,North Carolina,2014.0,2014.0,DET,10.0,,0.14634146
2016,14,00-0031387,E.Ebron,TE,DET,CHI,0,0,0.0,0,0.0,0.0,0.0,0,0.0,0,5,4,32.0,0,3.2,7.2,,,76.0,253.0,23.584117647058825,2.0,North Carolina,2014.0,2014.0,DET,10.0,3.0,0.14705883
2016,15,00-0031387,E.Ebron,TE,DET,NYG,0,0,0.0,0,0.0,0.0,0.0,0,0.0,0,7,4,36.0,0,3.6,7.6,,,76.0,253.0,23.584117647058825,2.0,North Carolina,2014.0,2014.0,DET,10.0,,0.18421052
2016,16,00-0031387,E.Ebron,TE,DET,DAL,0,0,0.0,0,0.0,0.0,0.0,0,0.0,0,12,8,93.0,0,9.3,17.3,,,76.0,253.0,23.584117647058825,2.0,North Carolina,2014.0,2014.0,DET,10.0,,0.26666668
2016,17,00-0031387,E.Ebron,TE,DET,GB,0,0,0.0,0,0.0,0.0,0.0,0,0.0,0,6,6,61.0,0,6.1,12.1,,,76.0,253.0,23.584117647058825,2.0,North Carolina,2014.0,2014.0,DET,10.0,-7.0,0.14634146
2016,18,00-0031387,E.Ebron,TE,DET,SEA,0,0,0.0,0,0.0,0.0,0.0,0,0.0,0,6,2,23.0,0,2.3,4.3,,,76.0,253.0,23.584117647058825,2.0,North Carolina,2014.0,2014.0,DET,10.0,,0.1875
2016,1,00-0031390,C.Sims,RB,TB,ATL,0,0,0.0,0,0.0,0.0,0.0,4,9.0,0,3,3,32.0,1,10.1,13.1,,,72.0,211.0,26.135875,2.0,West Virginia,2014.0,2014.0,TB,69.0,,0.09375
2016,2,00-0031390,C.Sims,RB,TB,ARI,0,0,0.0,0,0.0,0.0,0.0,9,24.0,0,5,3,4.0,0,2.8,5.8,,,72.0,211.0,26.135875,2.0,West Virginia,2014.0,2014.0,TB,69.0,,0.09803922
2016,3,00-0031390,C.Sims,RB,TB,LA,0,0,0.0,0,0.0,0.0,0.0,13,55.0,1,8,6,69.0,0,18.4,24.4,,,72.0,211.0,26.135875,2.0,West Virginia,2014.0,2014.0,TB,69.0,-5.0,0.14035088
2016,4,00-0031390,C.Sims,RB,TB,DEN,0,0,0.0,0,0.0,0.0,0.0,15,28.0,0,3,2,7.0,0,1.5,3.5,,,72.0,211.0,26.135875,2.0,West Virginia,2014.0,2014.0,TB,69.0,-20.0,0.08571429
2016,14,00-0031390,C.Sims,RB,TB,NO,0,0,0.0,0,0.0,0.0,0.0,4,17.0,0,4,3,33.0,0,5.0,8.0,,,72.0,211.0,26.135875,2.0,West Virginia,2014.0,2014.0,TB,69.0,5.0,0.15384616
2016,15,00-0031390,C.Sims,RB,TB,DAL,0,0,0.0,0,0.0,0.0,0.0,3,4.0,0,5,3,15.0,0,1.9,4.9,,,72.0,211.0,26.135875,2.0,West Virginia,2014.0,2014.0,TB,69.0,,0.15151516
2016,16,00-0031390,C.Sims,RB,TB,NO,0,0,0.0,0,0.0,0.0,0.0,3,12.0,0,4,4,30.0,0,4.2,8.2,,,72.0,211.0,26.135875,2.0,West Virginia,2014.0,2014.0,TB,69.0,,0.11764706
2016,1,00-0031407,B.Bortles,QB,JAX,GB,24,39,320.0,1,1.0,3.0,20.0,2,2.0,0,0,0,0.0,0,15.0,15.0,,,77.0,245.0,24.52975,2.0,Central Florida,2014.0,2014.0,JAX,3.0,-4.0,
2016,2,00-0031407,B.Bortles,QB,JAX,LAC,31,50,329.0,2,2.0,2.0,10.0,3,34.0,0,0,0,0.0,0,18.56,18.56,,,77.0,245.0,24.52975,2.0,Central Florida,2014.0,2014.0,JAX,3.0,,
2016,3,00-0031407,B.Bortles,QB,JAX,BAL,24,38,194.0,2,3.0,4.0,26.0,3,17.0,0,0,0,0.0,0,11.46,11.46,,,77.0,245.0,24.52975,2.0,Central Florida,2014.0,2014.0,JAX,3.0,-2.0,
2016,4,00-0031407,B.Bortles,QB,JAX,IND,19,33,207.0,2,0.0,3.0,12.0,7,36.0,1,0,0,0.0,0,25.88,25.88,,,77.0,245.0,24.52975,2.0,Central Florida,2014.0,2014.0,JAX,3.0,3.0,
2016,6,00-0031407,B.Bortles,QB,JAX,CHI,20,33,271.0,1,1.0,2.0,8.0,3,1.0,0,0,0,0.0,0,10.94,10.94,,,77.0,245.0,24.52975,2.0,Central Florida,2014.0,2014.0,JAX,3.0,,
2016,7,00-0031407,B.Bortles,QB,JAX,LV,23,43,246.0,1,2.0,1.0,7.0,5,33.0,0,0,0,0.0,0,13.14,13.14,,,77.0,245.0,24.52975,2.0,Central Florida,2014.0,2014.0,JAX,3.0,-17.0,
2016,8,00-0031407,B.Bortles,QB,JAX,TEN,33,54,337.0,3,0.0,2.0,15.0,4,22.0,0,0,0,0.0,0,29.68,29.68,,,77.0,245.0,24.52975,2.0,Central Florida,2014.0,2014.0,JAX,3.0,,
2016,9,00-0031407,B.Bortles,QB,JAX,KC,22,41,252.0,2,1.0,2.0,8.0,6,54.0,0,0,0,0.0,0,21.48,21.48,,,77.0,245.0,24.52975,2.0,Central Florida,2014.0,2014.0,JAX,3.0,,
2016,10,00-0031407,B.Bortles,QB,JAX,HOU,32,49,265.0,2,1.0,2.0,18.0,3,11.0,0,0,0,0.0,0,17.7,17.7,,,77.0,245.0,24.52975,2.0,Central Florida,2014.0,2014.0,JAX,3.0,-3.0,
2016,11,00-0031407,B.Bortles,QB,JAX,DET,22,35,202.0,2,2.0,0.0,-0.0,1,3.0,0,0,0,0.0,0,12.38,12.38,,,77.0,245.0,24.52975,2.0,Central Florida,2014.0,2014.0,JAX,3.0,,
2016,12,00-0031407,B.Bortles,QB,JAX,BUF,13,26,126.0,2,0.0,2.0,8.0,8,81.0,0,0,0,0.0,0,21.14,21.14,,,77.0,245.0,24.52975,2.0,Central Florida,2014.0,2014.0,JAX,3.0,,
2016,13,00-0031407,B.Bortles,QB,JAX,DEN,19,42,181.0,0,2.0,1.0,2.0,2,29.0,1,0,0,0.0,0,10.14,10.14,,,77.0,245.0,24.52975,2.0,Central Florida,2014.0,2014.0,JAX,3.0,-10.0,
2016,14,00-0031407,B.Bortles,QB,JAX,MIN,23,37,257.0,1,0.0,4.0,27.0,3,13.0,0,0,0,0.0,0,15.58,15.58,,,77.0,245.0,24.52975,2.0,Central Florida,2014.0,2014.0,JAX,3.0,-9.0,
2016,15,00-0031407,B.Bortles,QB,JAX,HOU,12,28,92.0,0,1.0,2.0,9.0,2,-5.0,1,0,0,0.0,0,7.18,7.18,,,77.0,245.0,24.52975,2.0,Central Florida,2014.0,2014.0,JAX,3.0,,
2016,16,00-0031407,B.Bortles,QB,JAX,TEN,26,38,325.0,1,0.0,2.0,14.0,3,7.0,0,1,1,20.0,1,25.7,26.7,,,77.0,245.0,24.52975,2.0,Central Florida,2014.0,2014.0,JAX,3.0,21.0,0.025641026
2016,17,00-0031407,B.Bortles,QB,JAX,IND,25,39,301.0,1,0.0,2.0,13.0,3,21.0,0,0,0,0.0,0,14.14,14.14,,,77.0,245.0,24.52975,2.0,Central Florida,2014.0,2014.0,JAX,3.0,,
2016,1,00-0031408,M.Evans,WR,TB,ATL,0,0,0.0,0,0.0,0.0,0.0,0,0.0,0,7,5,99.0,1,15.9,20.9,,,77.0,231.0,23.2145625,2.0,Texas A&amp;M,2014.0,2014.0,TB,7.0,,0.21875
2016,2,00-0031408,M.Evans,WR,TB,ARI,0,0,0.0,0,0.0,0.0,0.0,0,0.0,0,18,6,70.0,1,13.0,19.0,,,77.0,231.0,23.2145625,2.0,Texas A&amp;M,2014.0,2014.0,TB,7.0,,0.3529412
2016,3,00-0031408,M.Evans,WR,TB,LA,0,0,0.0,0,0.0,0.0,0.0,0,0.0,0,14,10,132.0,1,19.2,29.2,,,77.0,231.0,23.2145625,2.0,Texas A&amp;M,2014.0,2014.0,TB,7.0,-5.0,0.24561404
2016,4,00-0031408,M.Evans,WR,TB,DEN,0,0,0.0,0,0.0,0.0,0.0,0,0.0,0,11,5,59.0,0,5.9,10.9,,,77.0,231.0,23.2145625,2.0,Texas A&amp;M,2014.0,2014.0,TB,7.0,-20.0,0.31428573
2016,5,00-0031408,M.Evans,WR,TB,CAR,0,0,0.0,0,0.0,0.0,0.0,0,0.0,0,12,6,89.0,1,14.9,20.9,,,77.0,231.0,23.2145625,2.0,Texas A&amp;M,2014.0,2014.0,TB,7.0,,0.4
2016,7,00-0031408,M.Evans,WR,TB,SF,0,0,0.0,0,0.0,0.0,0.0,0,0.0,0,13,8,96.0,2,21.6,29.6,,,77.0,231.0,23.2145625,2.0,Texas A&amp;M,2014.0,2014.0,TB,7.0,,0.44827586
2016,8,00-0031408,M.Evans,WR,TB,LV,0,0,0.0,0,0.0,0.0,0.0,0,0.0,0,11,4,50.0,0,7.0,11.0,,,77.0,231.0,23.2145625,2.0,Texas A&amp;M,2014.0,2014.0,TB,7.0,-6.0,0.34375
2016,9,00-0031408,M.Evans,WR,TB,ATL,0,0,0.0,0,0.0,0.0,0.0,0,0.0,0,17,11,150.0,2,27.0,38.0,,,77.0,231.0,23.2145625,2.0,Texas A&amp;M,2014.0,2014.0,TB,7.0,-15.0,0.35416666
2016,10,00-0031408,M.Evans,WR,TB,CHI,0,0,0.0,0,0.0,0.0,0.0,0,0.0,0,5,4,66.0,0,6.6,10.6,,,77.0,231.0,23.2145625,2.0,Texas A&amp;M,2014.0,2014.0,TB,7.0,26.0,0.15625
2016,11,00-0031408,M.Evans,WR,TB,KC,0,0,0.0,0,0.0,0.0,0.0,0,0.0,0,13,6,105.0,0,10.5,16.5,,,77.0,231.0,23.2145625,2.0,Texas A&amp;M,2014.0,2014.0,TB,7.0,,0.33333334
2016,12,00-0031408,M.Evans,WR,TB,SEA,0,0,0.0,0,0.0,0.0,0.0,0,0.0,0,11,8,104.0,2,22.4,30.4,,,77.0,231.0,23.2145625,2.0,Texas A&amp;M,2014.0,2014.0,TB,7.0,9.0,0.39285713
2016,13,00-0031408,M.Evans,WR,TB,LAC,0,0,0.0,0,0.0,0.0,0.0,0,0.0,0,6,3,38.0,0,5.8,8.8,,,77.0,231.0,23.2145625,2.0,Texas A&amp;M,2014.0,2014.0,TB,7.0,,0.2
2016,14,00-0031408,M.Evans,WR,TB,NO,0,0,0.0,0,0.0,0.0,0.0,0,0.0,0,8,4,42.0,0,4.2,8.2,,,77.0,231.0,23.2145625,2.0,Texas A&amp;M,2014.0,2014.0,TB,7.0,5.0,0.30769232
2016,15,00-0031408,M.Evans,WR,TB,DAL,0,0,0.0,0,0.0,0.0,0.0,0,0.0,0,8,4,59.0,0,5.9,9.9,,,77.0,231.0,23.2145625,2.0,Texas A&amp;M,2014.0,2014.0,TB,7.0,,0.24242425
2016,16,00-0031408,M.Evans,WR,TB,NO,0,0,0.0,0,0.0,0.0,0.0,0,0.0,0,8,7,97.0,1,15.7,22.7,,,77.0,231.0,23.2145625,2.0,Texas A&amp;M,2014.0,2014.0,TB,7.0,,0.23529412
2016,17,00-0031408,M.Evans,WR,TB,CAR,0,0,0.0,0,0.0,0.0,0.0,0,0.0,0,11,5,65.0,1,12.5,17.5,,,77.0,231.0,23.2145625,2.0,Texas A&amp;M,2014.0,2014.0,TB,7.0,1.0,0.31428573
2016,1,00-0031418,A.Seferian-Jenkins,TE,TB,ATL,0,0,0.0,0,0.0,0.0,0.0,0,0.0,0,1,1,30.0,1,9.0,10.0,,,77.0,260.0,24.109066666666667,2.0,Washington,2014.0,2014.0,TB,38.0,,0.03125
2016,2,00-0031418,A.Seferian-Jenkins,TE,TB,ARI,0,0,0.0,0,0.0,0.0,0.0,0,0.0,0,2,2,14.0,0,1.4,3.4,,,77.0,260.0,24.109066666666667,2.0,Washington,2014.0,2014.0,TB,38.0,,0.039215688
2016,5,00-0031418,A.Seferian-Jenkins,TE,NYJ,PIT,0,0,0.0,0,0.0,0.0,0.0,0,0.0,0,2,2,17.0,0,1.7,3.7,,,77.0,260.0,24.109066666666667,2.0,Washington,2014.0,2014.0,TB,38.0,,0.05263158
2016,9,00-0031418,A.Seferian-Jenkins,TE,NYJ,MIA,0,0,0.0,0,0.0,0.0,0.0,0,0.0,0,1,0,0.0,0,0.0,0.0,,,77.0,260.0,24.109066666666667,2.0,Washington,2014.0,2014.0,TB,38.0,,0.03448276
2016,12,00-0031418,A.Seferian-Jenkins,TE,NYJ,NE,0,0,0.0,0,0.0,0.0,0.0,0,0.0,0,2,1,9.0,0,0.9,1.9,,,77.0,260.0,24.109066666666667,2.0,Washington,2014.0,2014.0,TB,38.0,-5.0,0.06451613
2016,13,00-0031418,A.Seferian-Jenkins,TE,NYJ,IND,0,0,0.0,0,0.0,0.0,0.0,0,0.0,0,5,2,29.0,0,2.9,4.9,,,77.0,260.0,24.109066666666667,2.0,Washington,2014.0,2014.0,TB,38.0,-31.0,0.13513513
2016,14,00-0031418,A.Seferian-Jenkins,TE,NYJ,SF,0,0,0.0,0,0.0,0.0,0.0,0,0.0,0,3,3,35.0,0,3.5,6.5,,,77.0,260.0,24.109066666666667,2.0,Washington,2014.0,2014.0,TB,38.0,,0.08571429
2016,15,00-0031418,A.Seferian-Jenkins,TE,NYJ,MIA,0,0,0.0,0,0.0,0.0,0.0,0,0.0,0,2,1,3.0,0,0.3,1.3,,,77.0,260.0,24.109066666666667,2.0,Washington,2014.0,2014.0,TB,38.0,-21.0,0.044444446
2016,16,00-0031418,A.Seferian-Jenkins,TE,NYJ,NE,0,0,0.0,0,0.0,0.0,0.0,0,0.0,0,2,1,17.0,0,1.7,2.7,,,77.0,260.0,24.109066666666667,2.0,Washington,2014.0,2014.0,TB,38.0,,0.083333336
2016,1,00-0031428,A.Robinson,WR,JAX,GB,0,0,0.0,0,0.0,0.0,0.0,0,0.0,0,15,6,72.0,0,7.2,13.2,,,75.0,218.0,23.207375,2.0,Penn State,2014.0,2014.0,JAX,61.0,-4.0,0.3846154
2016,2,00-0031428,A.Robinson,WR,JAX,LAC,0,0,0.0,0,0.0,0.0,0.0,0,0.0,0,5,3,54.0,0,5.4,8.4,,,75.0,218.0,23.207375,2.0,Penn State,2014.0,2014.0,JAX,61.0,,0.10204082
2016,3,00-0031428,A.Robinson,WR,JAX,BAL,0,0,0.0,0,0.0,0.0,0.0,0,0.0,0,11,7,57.0,2,17.7,24.7,,,75.0,218.0,23.207375,2.0,Penn State,2014.0,2014.0,JAX,61.0,-2.0,0.28947368
2016,4,00-0031428,A.Robinson,WR,JAX,IND,0,0,0.0,0,0.0,0.0,0.0,0,0.0,0,10,5,55.0,1,11.5,16.5,,,75.0,218.0,23.207375,2.0,Penn State,2014.0,2014.0,JAX,61.0,3.0,0.3030303
2016,6,00-0031428,A.Robinson,WR,JAX,CHI,0,0,0.0,0,0.0,0.0,0.0,0,0.0,0,6,3,49.0,0,4.9,7.9,,,75.0,218.0,23.207375,2.0,Penn State,2014.0,2014.0,JAX,61.0,,0.18181819
2016,7,00-0031428,A.Robinson,WR,JAX,LV,0,0,0.0,0,0.0,0.0,0.0,0,0.0,0,8,2,9.0,0,0.9,2.9,,,75.0,218.0,23.207375,2.0,Penn State,2014.0,2014.0,JAX,61.0,-17.0,0.18604651
2016,8,00-0031428,A.Robinson,WR,JAX,TEN,0,0,0.0,0,0.0,0.0,0.0,0,0.0,0,15,6,70.0,0,7.0,13.0,,,75.0,218.0,23.207375,2.0,Penn State,2014.0,2014.0,JAX,61.0,,0.2777778
2016,9,00-0031428,A.Robinson,WR,JAX,KC,0,0,0.0,0,0.0,0.0,0.0,0,0.0,0,12,7,76.0,1,13.6,20.6,,,75.0,218.0,23.207375,2.0,Penn State,2014.0,2014.0,JAX,61.0,,0.3
2016,10,00-0031428,A.Robinson,WR,JAX,HOU,0,0,0.0,0,0.0,0.0,0.0,0,0.0,0,13,9,107.0,1,18.7,27.7,,,75.0,218.0,23.207375,2.0,Penn State,2014.0,2014.0,JAX,61.0,-3.0,0.26530612
2016,11,00-0031428,A.Robinson,WR,JAX,DET,0,0,0.0,0,0.0,0.0,0.0,0,0.0,0,7,3,18.0,1,7.8,10.8,,,75.0,218.0,23.207375,2.0,Penn State,2014.0,2014.0,JAX,61.0,,0.2
2016,12,00-0031428,A.Robinson,WR,JAX,BUF,0,0,0.0,0,0.0,0.0,0.0,0,0.0,0,4,2,24.0,0,2.4,4.4,,,75.0,218.0,23.207375,2.0,Penn State,2014.0,2014.0,JAX,61.0,,0.16
2016,13,00-0031428,A.Robinson,WR,JAX,DEN,0,0,0.0,0,0.0,0.0,0.0,0,0.0,0,10,3,31.0,0,3.1,6.1,,,75.0,218.0,23.207375,2.0,Penn State,2014.0,2014.0,JAX,61.0,-10.0,0.23809524
2016,14,00-0031428,A.Robinson,WR,JAX,MIN,0,0,0.0,0,0.0,0.0,0.0,0,0.0,0,3,1,17.0,0,1.7,2.7,,,75.0,218.0,23.207375,2.0,Penn State,2014.0,2014.0,JAX,61.0,-9.0,0.08108108
2016,15,00-0031428,A.Robinson,WR,JAX,HOU,0,0,0.0,0,0.0,0.0,0.0,0,0.0,0,8,2,15.0,0,1.5,3.5,,,75.0,218.0,23.207375,2.0,Penn State,2014.0,2014.0,JAX,61.0,,0.2857143
2016,16,00-0031428,A.Robinson,WR,JAX,TEN,0,0,0.0,0,0.0,0.0,0.0,0,0.0,0,12,9,147.0,0,14.7,23.7,,,75.0,218.0,23.207375,2.0,Penn State,2014.0,2014.0,JAX,61.0,21.0,0.30769232
2016,17,00-0031428,A.Robinson,WR,JAX,IND,0,0,0.0,0,0.0,0.0,0.0,0,0.0,0,12,5,82.0,0,8.2,13.2,,,75.0,218.0,23.207375,2.0,Penn State,2014.0,2014.0,JAX,61.0,,0.30769232
2016,1,00-0031431,M.Lee,WR,JAX,GB,0,0,0.0,0,0.0,0.0,0.0,0,0.0,0,4,2,22.0,0,2.2,4.2,,,72.0,192.0,24.9541875,2.0,Southern California,2014.0,2014.0,JAX,39.0,-4.0,0.102564104
2016,2,00-0031431,M.Lee,WR,JAX,LAC,0,0,0.0,0,0.0,0.0,0.0,0,0.0,0,7,5,75.0,0,7.5,12.5,,,72.0,192.0,24.9541875,2.0,Southern California,2014.0,2014.0,JAX,39.0,,0.14285715
2016,3,00-0031431,M.Lee,WR,JAX,BAL,0,0,0.0,0,0.0,0.0,0.0,0,0.0,0,7,5,44.0,0,4.4,9.4,,,72.0,192.0,24.9541875,2.0,Southern California,2014.0,2014.0,JAX,39.0,-2.0,0.18421052
2016,4,00-0031431,M.Lee,WR,JAX,IND,0,0,0.0,0,0.0,0.0,0.0,0,0.0,0,6,4,28.0,0,2.8,6.8,,,72.0,192.0,24.9541875,2.0,Southern California,2014.0,2014.0,JAX,39.0,3.0,0.18181819
2016,6,00-0031431,M.Lee,WR,JAX,CHI,0,0,0.0,0,0.0,0.0,0.0,0,0.0,0,6,6,61.0,0,6.1,12.1,,,72.0,192.0,24.9541875,2.0,Southern California,2014.0,2014.0,JAX,39.0,,0.18181819
2016,7,00-0031431,M.Lee,WR,JAX,LV,0,0,0.0,0,0.0,0.0,0.0,0,0.0,0,8,7,107.0,0,10.7,17.7,,,72.0,192.0,24.9541875,2.0,Southern California,2014.0,2014.0,JAX,39.0,-17.0,0.18604651
2016,8,00-0031431,M.Lee,WR,JAX,TEN,0,0,0.0,0,0.0,0.0,0.0,0,0.0,0,3,1,21.0,0,2.1,3.1,,,72.0,192.0,24.9541875,2.0,Southern California,2014.0,2014.0,JAX,39.0,,0.055555556
2016,9,00-0031431,M.Lee,WR,JAX,KC,0,0,0.0,0,0.0,0.0,0.0,1,11.0,0,8,4,84.0,0,9.5,13.5,,,72.0,192.0,24.9541875,2.0,Southern California,2014.0,2014.0,JAX,39.0,,0.2
2016,10,00-0031431,M.Lee,WR,JAX,HOU,0,0,0.0,0,0.0,0.0,0.0,1,6.0,0,6,4,50.0,0,5.6,9.6,,,72.0,192.0,24.9541875,2.0,Southern California,2014.0,2014.0,JAX,39.0,-3.0,0.12244898
2016,11,00-0031431,M.Lee,WR,JAX,DET,0,0,0.0,0,0.0,0.0,0.0,1,6.0,0,8,4,52.0,1,11.8,15.8,,,72.0,192.0,24.9541875,2.0,Southern California,2014.0,2014.0,JAX,39.0,,0.22857143
2016,12,00-0031431,M.Lee,WR,JAX,BUF,0,0,0.0,0,0.0,0.0,0.0,1,2.0,0,6,4,37.0,1,9.9,13.9,,,72.0,192.0,24.9541875,2.0,Southern California,2014.0,2014.0,JAX,39.0,,0.24
2016,13,00-0031431,M.Lee,WR,JAX,DEN,0,0,0.0,0,0.0,0.0,0.0,2,10.0,0,9,3,34.0,0,4.4,7.4,,,72.0,192.0,24.9541875,2.0,Southern California,2014.0,2014.0,JAX,39.0,-10.0,0.21428572
2016,14,00-0031431,M.Lee,WR,JAX,MIN,0,0,0.0,0,0.0,0.0,0.0,0,0.0,0,8,5,113.0,0,11.3,16.3,,,72.0,192.0,24.9541875,2.0,Southern California,2014.0,2014.0,JAX,39.0,-9.0,0.21621622
2016,15,00-0031431,M.Lee,WR,JAX,HOU,0,0,0.0,0,0.0,0.0,0.0,0,0.0,0,3,0,0.0,0,6.0,6.0,,,72.0,192.0,24.9541875,2.0,Southern California,2014.0,2014.0,JAX,39.0,,0.10714286
2016,16,00-0031431,M.Lee,WR,JAX,TEN,1,1,20.0,1,0.0,0.0,-0.0,0,0.0,0,7,3,37.0,1,14.5,17.5,,,72.0,192.0,24.9541875,2.0,Southern California,2014.0,2014.0,JAX,39.0,21.0,0.17948718
2016,17,00-0031431,M.Lee,WR,JAX,IND,0,0,0.0,0,0.0,0.0,0.0,0,0.0,0,9,6,86.0,0,8.6,14.6,,,72.0,192.0,24.9541875,2.0,Southern California,2014.0,2014.0,JAX,39.0,,0.23076923
2016,7,00-0031442,T.Lewan,T,TEN,IND,0,0,0.0,0,0.0,0.0,0.0,0,0.0,0,1,1,10.0,1,7.0,8.0,,,79.0,309.0,25.2895,2.0,Michigan,2014.0,2014.0,TEN,11.0,-8.0,0.027777778
2016,16,00-0031484,C.Manhertz,TE,CAR,ATL,0,0,0.0,0,0.0,0.0,0.0,0,0.0,0,1,1,10.0,0,1.0,2.0,,,78.0,255.0,24.582266666666666,1.0,Canisius,2015.0,2015.0,,,-17.0,0.023255814
2016,5,00-0031502,J.Berry,P,PIT,NYJ,0,0,0.0,0,0.0,0.0,0.0,1,-3.0,0,0,0,0.0,0,-0.3,-0.3,,,77.0,210.0,25.670894736842104,1.0,Eastern Kentucky,2015.0,2015.0,,,18.0,
2016,1,00-0031503,J.Winston,QB,TB,ATL,23,32,281.0,4,1.0,0.0,-0.0,4,3.0,0,0,0,0.0,0,25.54,25.54,,,76.0,231.0,22.8368125,1.0,Florida State,2015.0,2015.0,TB,1.0,,
2016,2,00-0031503,J.Winston,QB,TB,ARI,27,52,243.0,1,4.0,3.0,22.0,3,9.0,0,0,0,0.0,0,4.62,4.62,,,76.0,231.0,22.8368125,1.0,Florida State,2015.0,2015.0,TB,1.0,,
2016,3,00-0031503,J.Winston,QB,TB,LA,36,58,405.0,3,1.0,2.0,16.0,4,13.0,0,0,0,0.0,0,25.5,25.5,,,76.0,231.0,22.8368125,1.0,Florida State,2015.0,2015.0,TB,1.0,-5.0,
2016,4,00-0031503,J.Winston,QB,TB,DEN,17,35,179.0,0,2.0,5.0,36.0,5,19.0,1,0,0,0.0,0,11.06,11.06,,,76.0,231.0,22.8368125,1.0,Florida State,2015.0,2015.0,TB,1.0,-20.0,
2016,5,00-0031503,J.Winston,QB,TB,CAR,18,30,219.0,1,0.0,2.0,17.0,4,6.0,0,0,0,0.0,0,15.36,15.36,,,76.0,231.0,22.8368125,1.0,Florida State,2015.0,2015.0,TB,1.0,,
2016,7,00-0031503,J.Winston,QB,TB,SF,21,30,269.0,3,1.0,2.0,5.0,1,-1.0,0,0,0,0.0,0,20.66,20.66,,,76.0,231.0,22.8368125,1.0,Florida State,2015.0,2015.0,TB,1.0,,
2016,8,00-0031503,J.Winston,QB,TB,LV,16,32,180.0,2,0.0,2.0,12.0,3,16.0,0,0,0,0.0,0,18.8,18.8,,,76.0,231.0,22.8368125,1.0,Florida State,2015.0,2015.0,TB,1.0,-6.0,
2016,9,00-0031503,J.Winston,QB,TB,ATL,23,37,261.0,3,0.0,2.0,10.0,3,11.0,0,0,0,0.0,0,21.54,21.54,,,76.0,231.0,22.8368125,1.0,Florida State,2015.0,2015.0,TB,1.0,-15.0,
2016,10,00-0031503,J.Winston,QB,TB,CHI,23,33,312.0,2,1.0,4.0,32.0,0,0.0,0,0,0,0.0,0,18.48,18.48,,,76.0,231.0,22.8368125,1.0,Florida State,2015.0,2015.0,TB,1.0,26.0,
2016,11,00-0031503,J.Winston,QB,TB,KC,24,39,331.0,1,0.0,1.0,5.0,5,22.0,0,0,0,0.0,0,17.44,17.44,,,76.0,231.0,22.8368125,1.0,Florida State,2015.0,2015.0,TB,1.0,,
2016,12,00-0031503,J.Winston,QB,TB,SEA,21,28,220.0,2,1.0,0.0,-0.0,5,12.0,0,0,0,0.0,0,16.0,16.0,,,76.0,231.0,22.8368125,1.0,Florida State,2015.0,2015.0,TB,1.0,9.0,
2016,13,00-0031503,J.Winston,QB,TB,LAC,20,30,280.0,1,1.0,1.0,12.0,4,1.0,0,0,0,0.0,0,15.3,15.3,,,76.0,231.0,22.8368125,1.0,Florida State,2015.0,2015.0,TB,1.0,,
2016,14,00-0031503,J.Winston,QB,TB,NO,16,26,184.0,0,0.0,2.0,18.0,5,16.0,0,0,0,0.0,0,8.96,8.96,,,76.0,231.0,22.8368125,1.0,Florida State,2015.0,2015.0,TB,1.0,5.0,
2016,15,00-0031503,J.Winston,QB,TB,DAL,17,35,247.0,2,3.0,4.0,23.0,1,6.0,0,0,0,0.0,0,10.48,10.48,,,76.0,231.0,22.8368125,1.0,Florida State,2015.0,2015.0,TB,1.0,,
2016,16,00-0031503,J.Winston,QB,TB,NO,23,35,277.0,2,2.0,2.0,17.0,3,14.0,0,0,0,0.0,0,16.48,16.48,,,76.0,231.0,22.8368125,1.0,Florida State,2015.0,2015.0,TB,1.0,,
2016,17,00-0031503,J.Winston,QB,TB,CAR,20,35,202.0,1,1.0,3.0,14.0,3,18.0,0,0,0,0.0,0,9.88,9.88,,,76.0,231.0,22.8368125,1.0,Florida State,2015.0,2015.0,TB,1.0,1.0,
2016,2,00-0031514,Q.Bray,WR,IND,DEN,0,0,0.0,0,0.0,0.0,0.0,0,0.0,0,1,1,7.0,0,0.7,1.7,,,70.0,182.0,23.5246875,1.0,Auburn,2015.0,2015.0,,,,0.025641026
2016,5,00-0031514,Q.Bray,WR,IND,CHI,0,0,0.0,0,0.0,0.0,0.0,1,7.0,0,3,2,29.0,0,3.6,5.6,,,70.0,182.0,23.5246875,1.0,Auburn,2015.0,2015.0,,,6.0,0.08108108
2016,4,00-0031533,R.Telfer,TE,CLE,WAS,0,0,0.0,0,0.0,0.0,0.0,0,0.0,0,1,0,0.0,0,0.0,0.0,,,75.0,250.0,24.470875,1.0,Southern California,2015.0,2015.0,CLE,198.0,,0.02631579
2016,8,00-0031533,R.Telfer,TE,CLE,NYJ,0,0,0.0,0,0.0,0.0,0.0,0,0.0,0,3,0,0.0,0,0.0,0.0,,,75.0,250.0,24.470875,1.0,Southern California,2015.0,2015.0,CLE,198.0,-3.0,0.05882353
2016,10,00-0031533,R.Telfer,TE,CLE,BAL,0,0,0.0,0,0.0,0.0,0.0,0,0.0,0,1,1,-3.0,0,-0.3,0.7,,,75.0,250.0,24.470875,1.0,Southern California,2015.0,2015.0,CLE,198.0,,0.032258064
2016,14,00-0031533,R.Telfer,TE,CLE,CIN,0,0,0.0,0,0.0,0.0,0.0,0,0.0,0,1,1,7.0,0,0.7,1.7,,,75.0,250.0,24.470875,1.0,Southern California,2015.0,2015.0,CLE,198.0,-13.0,0.035714287
2016,17,00-0031533,R.Telfer,TE,CLE,PIT,0,0,0.0,0,0.0,0.0,0.0,0,0.0,0,1,0,0.0,0,0.0,0.0,,,75.0,250.0,24.470875,1.0,Southern California,2015.0,2015.0,CLE,198.0,,0.025
2016,1,00-0031544,A.Cooper,WR,LV,NO,0,0,0.0,0,0.0,0.0,0.0,0,0.0,0,11,6,137.0,0,15.7,21.7,,,73.0,211.0,22.398529411764706,1.0,Alabama,2015.0,2015.0,OAK,4.0,,0.2972973
2016,2,00-0031544,A.Cooper,WR,LV,ATL,0,0,0.0,0,0.0,0.0,0.0,0,0.0,0,9,5,71.0,0,7.1,12.1,,,73.0,211.0,22.398529411764706,1.0,Alabama,2015.0,2015.0,OAK,4.0,,0.2
2016,3,00-0031544,A.Cooper,WR,LV,TEN,0,0,0.0,0,0.0,0.0,0.0,0,0.0,0,9,4,62.0,0,6.2,10.2,,,73.0,211.0,22.398529411764706,1.0,Alabama,2015.0,2015.0,OAK,4.0,,0.25714287
2016,4,00-0031544,A.Cooper,WR,LV,BAL,0,0,0.0,0,0.0,0.0,0.0,0,0.0,0,6,5,48.0,0,4.8,9.8,,,73.0,211.0,22.398529411764706,1.0,Alabama,2015.0,2015.0,OAK,4.0,,0.17142858
2016,5,00-0031544,A.Cooper,WR,LV,LAC,0,0,0.0,0,0.0,0.0,0.0,0,0.0,0,12,6,138.0,1,21.8,27.8,,,73.0,211.0,22.398529411764706,1.0,Alabama,2015.0,2015.0,OAK,4.0,,0.30769232
2016,6,00-0031544,A.Cooper,WR,LV,KC,0,0,0.0,0,0.0,0.0,0.0,0,0.0,0,13,10,129.0,0,12.9,22.9,,,73.0,211.0,22.398529411764706,1.0,Alabama,2015.0,2015.0,OAK,4.0,,0.3939394
2016,7,00-0031544,A.Cooper,WR,LV,JAX,0,0,0.0,0,0.0,0.0,0.0,0,0.0,0,5,4,29.0,0,2.9,6.9,,,73.0,211.0,22.398529411764706,1.0,Alabama,2015.0,2015.0,OAK,4.0,,0.13513513
2016,8,00-0031544,A.Cooper,WR,LV,TB,0,0,0.0,0,0.0,0.0,0.0,0,0.0,0,15,12,173.0,1,23.3,35.3,,,73.0,211.0,22.398529411764706,1.0,Alabama,2015.0,2015.0,OAK,4.0,,0.25862068
2016,9,00-0031544,A.Cooper,WR,LV,DEN,0,0,0.0,0,0.0,0.0,0.0,0,0.0,0,8,6,56.0,0,5.6,11.6,,,73.0,211.0,22.398529411764706,1.0,Alabama,2015.0,2015.0,OAK,4.0,,0.26666668
2016,11,00-0031544,A.Cooper,WR,LV,HOU,0,0,0.0,0,0.0,0.0,0.0,0,0.0,0,5,4,57.0,1,11.7,15.7,,,73.0,211.0,22.398529411764706,1.0,Alabama,2015.0,2015.0,OAK,4.0,,0.16129032
2016,12,00-0031544,A.Cooper,WR,LV,CAR,0,0,0.0,0,0.0,0.0,0.0,0,0.0,0,7,4,22.0,0,2.2,6.2,,,73.0,211.0,22.398529411764706,1.0,Alabama,2015.0,2015.0,OAK,4.0,,0.18421052
2016,13,00-0031544,A.Cooper,WR,LV,BUF,0,0,0.0,0,0.0,0.0,0.0,1,0.0,0,4,2,59.0,1,11.9,13.9,,,73.0,211.0,22.398529411764706,1.0,Alabama,2015.0,2015.0,OAK,4.0,,0.114285715
2016,14,00-0031544,A.Cooper,WR,LV,KC,0,0,0.0,0,0.0,0.0,0.0,0,0.0,0,10,5,29.0,0,2.9,7.9,,,73.0,211.0,22.398529411764706,1.0,Alabama,2015.0,2015.0,OAK,4.0,,0.24390244
2016,15,00-0031544,A.Cooper,WR,LV,LAC,0,0,0.0,0,0.0,0.0,0.0,0,0.0,0,3,1,28.0,0,2.8,3.8,,,73.0,211.0,22.398529411764706,1.0,Alabama,2015.0,2015.0,OAK,4.0,,0.1
2016,16,00-0031544,A.Cooper,WR,LV,IND,0,0,0.0,0,0.0,0.0,0.0,0,0.0,0,7,5,76.0,0,7.6,12.6,,,73.0,211.0,22.398529411764706,1.0,Alabama,2015.0,2015.0,OAK,4.0,,0.21212122
2016,17,00-0031544,A.Cooper,WR,LV,DEN,0,0,0.0,0,0.0,0.0,0.0,0,0.0,0,8,4,39.0,1,9.9,13.9,,,73.0,211.0,22.398529411764706,1.0,Alabama,2015.0,2015.0,OAK,4.0,,0.25
2016,18,00-0031544,A.Cooper,WR,LV,HOU,0,0,0.0,0,0.0,0.0,0.0,1,0.0,0,10,2,10.0,0,1.0,3.0,,,73.0,211.0,22.398529411764706,1.0,Alabama,2015.0,2015.0,OAK,4.0,,0.22222222
2016,1,00-0031545,K.White,WR,CHI,HOU,0,0,0.0,0,0.0,0.0,0.0,0,0.0,0,7,3,34.0,0,3.4,6.4,,,75.0,217.0,24.3664375,1.0,West Virginia,2015.0,2015.0,CHI,7.0,,0.25
2016,2,00-0031545,K.White,WR,CHI,PHI,0,0,0.0,0,0.0,0.0,0.0,1,9.0,0,6,4,36.0,0,4.5,8.5,,,75.0,217.0,24.3664375,1.0,West Virginia,2015.0,2015.0,CHI,7.0,-15.0,0.20689656
2016,3,00-0031545,K.White,WR,CHI,DAL,0,0,0.0,0,0.0,0.0,0.0,0,0.0,0,14,6,62.0,0,6.2,12.2,,,75.0,217.0,24.3664375,1.0,West Virginia,2015.0,2015.0,CHI,7.0,,0.31111112
2016,4,00-0031545,K.White,WR,CHI,DET,0,0,0.0,0,0.0,0.0,0.0,0,0.0,0,9,6,55.0,0,5.5,11.5,,,75.0,217.0,24.3664375,1.0,West Virginia,2015.0,2015.0,CHI,7.0,3.0,0.25
2016,2,00-0031547,D.Parker,WR,MIA,NE,0,0,0.0,0,0.0,0.0,0.0,0,0.0,0,13,8,106.0,0,10.6,18.6,,,75.0,212.0,23.805117647058825,1.0,Louisville,2015.0,2015.0,MIA,14.0,,0.29545453
2016,3,00-0031547,D.Parker,WR,MIA,CLE,0,0,0.0,0,0.0,0.0,0.0,0,0.0,0,6,3,51.0,1,11.1,14.1,,,75.0,212.0,23.805117647058825,1.0,Louisville,2015.0,2015.0,MIA,14.0,6.0,0.16666667
2016,4,00-0031547,D.Parker,WR,MIA,CIN,0,0,0.0,0,0.0,0.0,0.0,0,0.0,0,3,2,20.0,0,2.0,4.0,,,75.0,212.0,23.805117647058825,1.0,Louisville,2015.0,2015.0,MIA,14.0,,0.12
2016,5,00-0031547,D.Parker,WR,MIA,TEN,0,0,0.0,0,0.0,0.0,0.0,0,0.0,0,3,2,70.0,0,7.0,9.0,,,75.0,212.0,23.805117647058825,1.0,Louisville,2015.0,2015.0,MIA,14.0,-13.0,0.16666667
2016,6,00-0031547,D.Parker,WR,MIA,PIT,0,0,0.0,0,0.0,0.0,0.0,0,0.0,0,7,5,28.0,0,2.8,7.8,,,75.0,212.0,23.805117647058825,1.0,Louisville,2015.0,2015.0,MIA,14.0,15.0,0.21875
2016,7,00-0031547,D.Parker,WR,MIA,BUF,0,0,0.0,0,0.0,0.0,0.0,0,0.0,0,4,3,20.0,0,2.0,5.0,,,75.0,212.0,23.805117647058825,1.0,Louisville,2015.0,2015.0,MIA,14.0,3.0,0.16
2016,9,00-0031547,D.Parker,WR,MIA,NYJ,0,0,0.0,0,0.0,0.0,0.0,0,0.0,0,4,2,8.0,0,0.8,2.8,,,75.0,212.0,23.805117647058825,1.0,Louisville,2015.0,2015.0,MIA,14.0,4.0,0.13793103
2016,10,00-0031547,D.Parker,WR,MIA,LAC,0,0,0.0,0,0.0,0.0,0.0,0,0.0,0,8,5,103.0,0,10.3,15.3,,,75.0,212.0,23.805117647058825,1.0,Louisville,2015.0,2015.0,MIA,14.0,,0.3478261
2016,11,00-0031547,D.Parker,WR,MIA,LA,0,0,0.0,0,0.0,0.0,0.0,0,0.0,0,10,8,79.0,1,13.9,21.9,,,75.0,212.0,23.805117647058825,1.0,Louisville,2015.0,2015.0,MIA,14.0,,0.29411766
2016,12,00-0031547,D.Parker,WR,MIA,SF,0,0,0.0,0,0.0,0.0,0.0,0,0.0,0,6,3,64.0,0,6.4,9.4,,,75.0,212.0,23.805117647058825,1.0,Louisville,2015.0,2015.0,MIA,14.0,7.0,0.2
2016,13,00-0031547,D.Parker,WR,MIA,BAL,0,0,0.0,0,0.0,0.0,0.0,0,0.0,0,4,3,34.0,1,9.4,12.4,,,75.0,212.0,23.805117647058825,1.0,Louisville,2015.0,2015.0,MIA,14.0,,0.102564104
2016,14,00-0031547,D.Parker,WR,MIA,ARI,0,0,0.0,0,0.0,0.0,0.0,0,0.0,0,3,2,14.0,0,1.4,3.4,,,75.0,212.0,23.805117647058825,1.0,Louisville,2015.0,2015.0,MIA,14.0,3.0,0.12
2016,15,00-0031547,D.Parker,WR,MIA,NYJ,0,0,0.0,0,0.0,0.0,0.0,0,0.0,0,3,1,17.0,0,1.7,2.7,,,75.0,212.0,23.805117647058825,1.0,Louisville,2015.0,2015.0,MIA,14.0,,0.1764706
2016,16,00-0031547,D.Parker,WR,MIA,BUF,0,0,0.0,0,0.0,0.0,0.0,0,0.0,0,7,4,85.0,1,14.5,18.5,,,75.0,212.0,23.805117647058825,1.0,Louisville,2015.0,2015.0,MIA,14.0,,0.2413793
2016,17,00-0031547,D.Parker,WR,MIA,NE,0,0,0.0,0,0.0,0.0,0.0,0,0.0,0,6,5,45.0,0,4.5,9.5,,,75.0,212.0,23.805117647058825,1.0,Louisville,2015.0,2015.0,MIA,14.0,-21.0,0.1764706
2016,18,00-0031547,D.Parker,WR,MIA,PIT,0,0,0.0,0,0.0,0.0,0.0,0,0.0,0,6,4,55.0,0,5.5,9.5,,,75.0,212.0,23.805117647058825,1.0,Louisville,2015.0,2015.0,MIA,14.0,,0.16666667
2016,1,00-0031549,N.Agholor,WR,PHI,CLE,0,0,0.0,0,0.0,0.0,0.0,0,0.0,0,5,4,57.0,1,11.7,15.7,,,72.0,198.0,23.4609375,1.0,Southern California,2015.0,2015.0,PHI,20.0,19.0,0.13513513
2016,2,00-0031549,N.Agholor,WR,PHI,CHI,0,0,0.0,0,0.0,0.0,0.0,0,0.0,0,7,4,42.0,0,4.2,8.2,,,72.0,198.0,23.4609375,1.0,Southern California,2015.0,2015.0,PHI,20.0,,0.21212122
2016,3,00-0031549,N.Agholor,WR,PHI,PIT,0,0,0.0,0,0.0,0.0,0.0,0,0.0,0,3,3,21.0,0,2.1,5.1,,,72.0,198.0,23.4609375,1.0,Southern California,2015.0,2015.0,PHI,20.0,31.0,0.09677419
2016,5,00-0031549,N.Agholor,WR,PHI,DET,0,0,0.0,0,0.0,0.0,0.0,1,5.0,0,7,2,27.0,0,3.2,5.2,,,72.0,198.0,23.4609375,1.0,Southern California,2015.0,2015.0,PHI,20.0,,0.21875
2016,6,00-0031549,N.Agholor,WR,PHI,WAS,0,0,0.0,0,0.0,0.0,0.0,0,0.0,0,4,3,34.0,0,3.4,6.4,,,72.0,198.0,23.4609375,1.0,Southern California,2015.0,2015.0,PHI,20.0,,0.18181819
2016,7,00-0031549,N.Agholor,WR,PHI,MIN,0,0,0.0,0,0.0,0.0,0.0,0,0.0,0,6,2,10.0,0,1.0,3.0,,,72.0,198.0,23.4609375,1.0,Southern California,2015.0,2015.0,PHI,20.0,11.0,0.21428572
2016,8,00-0031549,N.Agholor,WR,PHI,DAL,0,0,0.0,0,0.0,0.0,0.0,0,0.0,0,4,3,25.0,0,2.5,5.5,,,72.0,198.0,23.4609375,1.0,Southern California,2015.0,2015.0,PHI,20.0,,0.09090909
2016,9,00-0031549,N.Agholor,WR,PHI,NYG,0,0,0.0,0,0.0,0.0,0.0,0,0.0,0,7,4,41.0,0,4.1,8.1,,,72.0,198.0,23.4609375,1.0,Southern California,2015.0,2015.0,PHI,20.0,,0.14893617
2016,10,00-0031549,N.Agholor,WR,PHI,ATL,0,0,0.0,0,0.0,0.0,0.0,0,0.0,0,5,2,7.0,0,0.7,2.7,,,72.0,198.0,23.4609375,1.0,Southern California,2015.0,2015.0,PHI,20.0,9.0,0.1388889
2016,11,00-0031549,N.Agholor,WR,PHI,SEA,0,0,0.0,0,0.0,0.0,0.0,0,0.0,0,3,0,0.0,0,2.0,2.0,,,72.0,198.0,23.4609375,1.0,Southern California,2015.0,2015.0,PHI,20.0,,0.06818182
2016,13,00-0031549,N.Agholor,WR,PHI,CIN,0,0,0.0,0,0.0,0.0,0.0,1,4.0,0,5,4,23.0,0,2.7,6.7,,,72.0,198.0,23.4609375,1.0,Southern California,2015.0,2015.0,PHI,20.0,,0.083333336
2016,14,00-0031549,N.Agholor,WR,PHI,WAS,0,0,0.0,0,0.0,0.0,0.0,0,0.0,0,4,2,22.0,0,2.2,4.2,,,72.0,198.0,23.4609375,1.0,Southern California,2015.0,2015.0,PHI,20.0,-5.0,0.08695652
2016,15,00-0031549,N.Agholor,WR,PHI,BAL,0,0,0.0,0,0.0,0.0,0.0,1,1.0,0,4,1,9.0,0,1.0,2.0,,,72.0,198.0,23.4609375,1.0,Southern California,2015.0,2015.0,PHI,20.0,,0.0952381
2016,16,00-0031549,N.Agholor,WR,PHI,NYG,0,0,0.0,0,0.0,0.0,0.0,1,5.0,0,5,2,47.0,1,11.2,13.2,,,72.0,198.0,23.4609375,1.0,Southern California,2015.0,2015.0,PHI,20.0,5.0,0.2173913
2016,17,00-0031549,N.Agholor,WR,PHI,DAL,0,0,0.0,0,0.0,0.0,0.0,1,-1.0,0,0,0,0.0,0,-0.1,-0.1,,,72.0,198.0,23.4609375,1.0,Southern California,2015.0,2015.0,PHI,20.0,14.0,
2016,2,00-0031560,J.Strong,WR,HOU,KC,0,0,0.0,0,0.0,0.0,0.0,0,0.0,0,1,0,0.0,0,0.0,0.0,,,74.0,205.0,22.801222222222222,1.0,Arizona State,2015.0,2015.0,HOU,70.0,7.0,0.030303031
2016,3,00-0031560,J.Strong,WR,HOU,NE,0,0,0.0,0,0.0,0.0,0.0,0,0.0,0,4,1,15.0,0,1.5,2.5,,,74.0,205.0,22.801222222222222,1.0,Arizona State,2015.0,2015.0,HOU,70.0,,0.1
2016,4,00-0031560,J.Strong,WR,HOU,TEN,0,0,0.0,0,0.0,0.0,0.0,0,0.0,0,6,5,31.0,0,3.1,8.1,,,74.0,205.0,22.801222222222222,1.0,Arizona State,2015.0,2015.0,HOU,70.0,7.0,0.16666667
2016,5,00-0031560,J.Strong,WR,HOU,MIN,0,0,0.0,0,0.0,0.0,0.0,0,0.0,0,9,5,39.0,0,3.9,8.9,,,74.0,205.0,22.801222222222222,1.0,Arizona State,2015.0,2015.0,HOU,70.0,,0.21428572
2016,6,00-0031560,J.Strong,WR,HOU,IND,0,0,0.0,0,0.0,0.0,0.0,0,0.0,0,2,1,36.0,0,3.6,4.6,,,74.0,205.0,22.801222222222222,1.0,Arizona State,2015.0,2015.0,HOU,70.0,3.0,0.051282052
2016,7,00-0031560,J.Strong,WR,HOU,DEN,0,0,0.0,0,0.0,0.0,0.0,0,0.0,0,2,2,10.0,0,1.0,3.0,,,74.0,205.0,22.801222222222222,1.0,Arizona State,2015.0,2015.0,HOU,70.0,,0.048780486
2016,9,00-0031568,B.Petty,QB,NYJ,MIA,2,2,19.0,0,0.0,0.0,-0.0,0,0.0,0,0,0,0.0,0,0.76,0.76,,,75.0,230.0,25.4345625,1.0,Baylor,2015.0,2015.0,NYJ,103.0,,
2016,10,00-0031568,B.Petty,QB,NYJ,LA,19,32,163.0,1,1.0,1.0,6.0,0,0.0,0,0,0,0.0,0,8.52,8.52,,,75.0,230.0,25.4345625,1.0,Baylor,2015.0,2015.0,NYJ,103.0,-3.0,
2016,13,00-0031568,B.Petty,QB,NYJ,IND,11,25,135.0,1,2.0,1.0,2.0,0,0.0,0,0,0,0.0,0,5.4,5.4,,,75.0,230.0,25.4345625,1.0,Baylor,2015.0,2015.0,NYJ,103.0,-31.0,
2016,14,00-0031568,B.Petty,QB,NYJ,SF,23,35,257.0,0,1.0,6.0,41.0,4,19.0,0,0,0,0.0,0,12.18,12.18,,,75.0,230.0,25.4345625,1.0,Baylor,2015.0,2015.0,NYJ,103.0,,
2016,15,00-0031568,B.Petty,QB,NYJ,MIA,20,36,235.0,1,2.0,3.0,22.0,1,0.0,0,0,0,0.0,0,7.4,7.4,,,75.0,230.0,25.4345625,1.0,Baylor,2015.0,2015.0,NYJ,103.0,-21.0,
2016,16,00-0031568,B.Petty,QB,NYJ,NE,0,3,0.0,0,1.0,2.0,8.0,0,0.0,0,0,0,0.0,0,-2.0,-2.0,,,75.0,230.0,25.4345625,1.0,Baylor,2015.0,2015.0,NYJ,103.0,,
2016,1,00-0031569,J.Langford,RB,CHI,HOU,0,0,0.0,0,0.0,0.0,0.0,17,57.0,1,4,2,6.0,0,12.3,14.3,,,72.0,208.0,24.9195,1.0,Michigan State,2015.0,2015.0,CHI,106.0,,0.14285715
2016,2,00-0031569,J.Langford,RB,CHI,PHI,0,0,0.0,0,0.0,0.0,0.0,11,28.0,1,2,1,6.0,0,7.4,8.4,,,72.0,208.0,24.9195,1.0,Michigan State,2015.0,2015.0,CHI,106.0,-15.0,0.06896552
2016,3,00-0031569,J.Langford,RB,CHI,DAL,0,0,0.0,0,0.0,0.0,0.0,3,31.0,0,3,2,15.0,0,4.6,6.6,,,72.0,208.0,24.9195,1.0,Michigan State,2015.0,2015.0,CHI,106.0,,0.06666667
2016,8,00-0031569,J.Langford,RB,CHI,MIN,0,0,0.0,0,0.0,0.0,0.0,0,0.0,0,1,1,11.0,0,1.1,2.1,,,72.0,208.0,24.9195,1.0,Michigan State,2015.0,2015.0,CHI,106.0,10.0,0.032258064
2016,10,00-0031569,J.Langford,RB,CHI,TB,0,0,0.0,0,0.0,0.0,0.0,2,16.0,0,5,4,10.0,0,2.6,6.6,,,72.0,208.0,24.9195,1.0,Michigan State,2015.0,2015.0,CHI,106.0,,0.1724138
2016,11,00-0031569,J.Langford,RB,CHI,NYG,0,0,0.0,0,0.0,0.0,0.0,6,8.0,1,3,3,30.0,0,9.8,12.8,,,72.0,208.0,24.9195,1.0,Michigan State,2015.0,2015.0,CHI,106.0,,0.10344828
2016,12,00-0031569,J.Langford,RB,CHI,TEN,0,0,0.0,0,0.0,0.0,0.0,1,5.0,0,2,0,0.0,0,0.5,0.5,,,72.0,208.0,24.9195,1.0,Michigan State,2015.0,2015.0,CHI,106.0,-6.0,0.037037037
2016,13,00-0031569,J.Langford,RB,CHI,SF,0,0,0.0,0,0.0,0.0,0.0,1,2.0,0,0,0,0.0,0,0.2,0.2,,,72.0,208.0,24.9195,1.0,Michigan State,2015.0,2015.0,CHI,106.0,20.0,
2016,14,00-0031569,J.Langford,RB,CHI,DET,0,0,0.0,0,0.0,0.0,0.0,3,4.0,0,1,1,1.0,0,0.5,1.5,,,72.0,208.0,24.9195,1.0,Michigan State,2015.0,2015.0,CHI,106.0,,0.03125
2016,15,00-0031569,J.Langford,RB,CHI,GB,0,0,0.0,0,0.0,0.0,0.0,1,4.0,0,1,1,18.0,0,2.2,3.2,,,72.0,208.0,24.9195,1.0,Michigan State,2015.0,2015.0,CHI,106.0,-3.0,0.023255814
2016,16,00-0031569,J.Langford,RB,CHI,WAS,0,0,0.0,0,0.0,0.0,0.0,7,19.0,1,2,1,4.0,0,8.3,9.3,,,72.0,208.0,24.9195,1.0,Michigan State,2015.0,2015.0,CHI,106.0,-20.0,0.05
2016,17,00-0031569,J.Langford,RB,CHI,MIN,0,0,0.0,0,0.0,0.0,0.0,10,26.0,0,3,3,41.0,0,4.7,7.7,,,72.0,208.0,24.9195,1.0,Michigan State,2015.0,2015.0,CHI,106.0,,0.15
2016,1,00-0031570,J.Hardy,WR,ATL,TB,0,0,0.0,0,0.0,0.0,0.0,0,0.0,0,2,1,0.0,0,0.0,1.0,,,70.0,192.0,24.91878947368421,1.0,East Carolina,2015.0,2015.0,ATL,107.0,-7.0,0.05263158
2016,2,00-0031570,J.Hardy,WR,ATL,LV,0,0,0.0,0,0.0,0.0,0.0,0,0.0,0,3,1,8.0,1,6.8,7.8,,,70.0,192.0,24.91878947368421,1.0,East Carolina,2015.0,2015.0,ATL,107.0,,0.0882353
2016,3,00-0031570,J.Hardy,WR,ATL,NO,0,0,0.0,0,0.0,0.0,0.0,0,0.0,0,2,2,26.0,1,8.6,10.6,,,70.0,192.0,24.91878947368421,1.0,East Carolina,2015.0,2015.0,ATL,107.0,,0.06666667
2016,6,00-0031570,J.Hardy,WR,ATL,SEA,0,0,0.0,0,0.0,0.0,0.0,0,0.0,0,3,3,30.0,0,3.0,6.0,,,70.0,192.0,24.91878947368421,1.0,East Carolina,2015.0,2015.0,ATL,107.0,,0.07317073
2016,7,00-0031570,J.Hardy,WR,ATL,LAC,0,0,0.0,0,0.0,0.0,0.0,0,0.0,0,2,2,6.0,0,0.6,2.6,,,70.0,192.0,24.91878947368421,1.0,East Carolina,2015.0,2015.0,ATL,107.0,-3.0,0.05882353
2016,8,00-0031570,J.Hardy,WR,ATL,GB,0,0,0.0,0,0.0,0.0,0.0,0,0.0,0,1,1,13.0,0,1.3,2.3,,,70.0,192.0,24.91878947368421,1.0,East Carolina,2015.0,2015.0,ATL,107.0,1.0,0.028571429
2016,12,00-0031570,J.Hardy,WR,ATL,ARI,0,0,0.0,0,0.0,0.0,0.0,0,0.0,0,4,3,47.0,0,4.7,7.7,,,70.0,192.0,24.91878947368421,1.0,East Carolina,2015.0,2015.0,ATL,107.0,19.0,0.121212125
2016,13,00-0031570,J.Hardy,WR,ATL,KC,0,0,0.0,0,0.0,0.0,0.0,0,0.0,0,3,1,5.0,0,0.5,1.5,,,70.0,192.0,24.91878947368421,1.0,East Carolina,2015.0,2015.0,ATL,107.0,-1.0,0.09090909
2016,14,00-0031570,J.Hardy,WR,ATL,LA,0,0,0.0,0,0.0,0.0,0.0,0,0.0,0,2,2,9.0,1,6.9,8.9,,,70.0,192.0,24.91878947368421,1.0,East Carolina,2015.0,2015.0,ATL,107.0,,0.06666667
2016,15,00-0031570,J.Hardy,WR,ATL,SF,0,0,0.0,0,0.0,0.0,0.0,0,0.0,0,2,1,16.0,0,1.6,2.6,,,70.0,192.0,24.91878947368421,1.0,East Carolina,2015.0,2015.0,ATL,107.0,28.0,0.08695652
2016,17,00-0031570,J.Hardy,WR,ATL,NO,0,0,0.0,0,0.0,0.0,0.0,0,0.0,0,7,4,43.0,1,10.3,14.3,,,70.0,192.0,24.91878947368421,1.0,East Carolina,2015.0,2015.0,ATL,107.0,6.0,0.19444445
2016,19,00-0031570,J.Hardy,WR,ATL,SEA,0,0,0.0,0,0.0,0.0,0.0,1,0.0,0,2,2,18.0,0,1.8,3.8,,,70.0,192.0,24.91878947368421,1.0,East Carolina,2015.0,2015.0,ATL,107.0,16.0,0.054054055
2016,4,00-0031577,J.Allen,RB,BAL,LV,0,0,0.0,0,0.0,0.0,0.0,3,13.0,0,3,2,15.0,0,2.8,4.8,,,72.0,220.0,25.19725,1.0,Southern California,2015.0,2015.0,BAL,125.0,-1.0,0.06
2016,5,00-0031577,J.Allen,RB,BAL,WAS,0,0,0.0,0,0.0,0.0,0.0,4,18.0,0,1,1,0.0,0,1.8,2.8,,,72.0,220.0,25.19725,1.0,Southern California,2015.0,2015.0,BAL,125.0,-6.0,0.021276595
2016,10,00-0031577,J.Allen,RB,BAL,CLE,0,0,0.0,0,0.0,0.0,0.0,2,3.0,0,0,0,0.0,0,0.3,0.3,,,72.0,220.0,25.19725,1.0,Southern California,2015.0,2015.0,BAL,125.0,21.0,
2016,4,00-0031585,M.Pruitt,TE,MIN,NYG,0,0,0.0,0,0.0,0.0,0.0,0,0.0,0,1,1,7.0,0,0.7,1.7,,,74.0,258.0,24.600727272727273,1.0,Southern Illinois,2015.0,2015.0,MIN,143.0,14.0,0.027777778
2016,17,00-0031585,M.Pruitt,TE,CHI,MIN,0,0,0.0,0,0.0,0.0,0.0,0,0.0,0,1,1,6.0,0,0.6,1.6,,,74.0,258.0,24.600727272727273,1.0,Southern Illinois,2015.0,2015.0,MIN,143.0,,0.05
2016,1,00-0031588,S.Diggs,WR,MIN,TEN,0,0,0.0,0,0.0,0.0,0.0,1,-1.0,0,9,7,103.0,0,10.2,17.2,,,72.0,191.0,22.9405,1.0,Maryland,2015.0,2015.0,MIN,146.0,,0.27272728
2016,2,00-0031588,S.Diggs,WR,MIN,GB,0,0,0.0,0,0.0,0.0,0.0,0,0.0,0,11,9,182.0,1,24.2,33.2,,,72.0,191.0,22.9405,1.0,Maryland,2015.0,2015.0,MIN,146.0,3.0,0.3548387
2016,3,00-0031588,S.Diggs,WR,MIN,CAR,0,0,0.0,0,0.0,0.0,0.0,0,0.0,0,7,4,40.0,0,4.0,8.0,,,72.0,191.0,22.9405,1.0,Maryland,2015.0,2015.0,MIN,146.0,,0.25
2016,4,00-0031588,S.Diggs,WR,MIN,NYG,0,0,0.0,0,0.0,0.0,0.0,1,-1.0,0,7,5,47.0,0,4.6,9.6,,,72.0,191.0,22.9405,1.0,Maryland,2015.0,2015.0,MIN,146.0,14.0,0.19444445
2016,7,00-0031588,S.Diggs,WR,MIN,PHI,0,0,0.0,0,0.0,0.0,0.0,0,0.0,0,5,2,18.0,0,1.8,3.8,,,72.0,191.0,22.9405,1.0,Maryland,2015.0,2015.0,MIN,146.0,,0.12820514
2016,8,00-0031588,S.Diggs,WR,MIN,CHI,0,0,0.0,0,0.0,0.0,0.0,0,0.0,0,13,8,76.0,1,13.6,21.6,,,72.0,191.0,22.9405,1.0,Maryland,2015.0,2015.0,MIN,146.0,,0.35135135
2016,9,00-0031588,S.Diggs,WR,MIN,DET,0,0,0.0,0,0.0,0.0,0.0,1,12.0,0,14,13,80.0,0,9.2,22.2,,,72.0,191.0,22.9405,1.0,Maryland,2015.0,2015.0,MIN,146.0,-6.0,0.35
2016,10,00-0031588,S.Diggs,WR,MIN,WAS,0,0,0.0,0,0.0,0.0,0.0,0,0.0,0,15,13,164.0,0,16.4,29.4,,,72.0,191.0,22.9405,1.0,Maryland,2015.0,2015.0,MIN,146.0,,0.375
2016,11,00-0031588,S.Diggs,WR,MIN,ARI,0,0,0.0,0,0.0,0.0,0.0,0,0.0,0,7,6,37.0,0,3.7,9.7,,,72.0,191.0,22.9405,1.0,Maryland,2015.0,2015.0,MIN,146.0,6.0,0.25
2016,13,00-0031588,S.Diggs,WR,MIN,DAL,0,0,0.0,0,0.0,0.0,0.0,0,0.0,0,8,8,59.0,0,5.9,13.9,,,72.0,191.0,22.9405,1.0,Maryland,2015.0,2015.0,MIN,146.0,-2.0,0.17021276
2016,14,00-0031588,S.Diggs,WR,MIN,JAX,0,0,0.0,0,0.0,0.0,0.0,0,0.0,0,5,3,55.0,0,5.5,8.5,,,72.0,191.0,22.9405,1.0,Maryland,2015.0,2015.0,MIN,146.0,,0.14705883
2016,15,00-0031588,S.Diggs,WR,MIN,IND,0,0,0.0,0,0.0,0.0,0.0,0,0.0,0,5,2,13.0,0,1.3,3.3,,,72.0,191.0,22.9405,1.0,Maryland,2015.0,2015.0,MIN,146.0,-28.0,0.11904762
2016,16,00-0031588,S.Diggs,WR,MIN,GB,0,0,0.0,0,0.0,0.0,0.0,0,0.0,0,6,4,29.0,1,8.9,12.9,,,72.0,191.0,22.9405,1.0,Maryland,2015.0,2015.0,MIN,146.0,,0.12
2016,10,00-0031589,B.Hundley,QB,GB,TEN,1,4,8.0,0,0.0,0.0,-0.0,0,0.0,0,0,0,0.0,0,0.32,0.32,,,75.0,226.0,23.42978947368421,1.0,UCLA,2015.0,2015.0,GB,147.0,,
2016,11,00-0031589,B.Hundley,QB,GB,WAS,1,3,9.0,0,1.0,0.0,-0.0,1,0.0,0,0,0,0.0,0,-1.64,-1.64,,,75.0,226.0,23.42978947368421,1.0,UCLA,2015.0,2015.0,GB,147.0,,
2016,14,00-0031589,B.Hundley,QB,GB,SEA,0,2,0.0,0,0.0,0.0,-0.0,2,-2.0,0,0,0,0.0,0,-0.2,-0.2,,,75.0,226.0,23.42978947368421,1.0,UCLA,2015.0,2015.0,GB,147.0,28.0,
2016,16,00-0031589,B.Hundley,QB,GB,MIN,0,1,0.0,0,0.0,0.0,-0.0,0,0.0,0,0,0,0.0,0,0.0,0.0,,,75.0,226.0,23.42978947368421,1.0,UCLA,2015.0,2015.0,GB,147.0,13.0,
2016,20,00-0031589,B.Hundley,QB,GB,ATL,0,0,0.0,0,0.0,0.0,0.0,1,14.0,0,0,0,0.0,0,1.4,1.4,,,75.0,226.0,23.42978947368421,1.0,UCLA,2015.0,2015.0,GB,147.0,,
2016,2,00-0031590,J.Ajayi,RB,MIA,NE,0,0,0.0,0,0.0,0.0,0.0,5,14.0,0,4,4,31.0,0,2.5,6.5,,,72.0,229.0,23.40535294117647,1.0,Boise State,2015.0,2015.0,MIA,149.0,,0.09090909
2016,3,00-0031590,J.Ajayi,RB,MIA,CLE,0,0,0.0,0,0.0,0.0,0.0,7,28.0,1,0,0,0.0,0,8.8,8.8,,,72.0,229.0,23.40535294117647,1.0,Boise State,2015.0,2015.0,MIA,149.0,6.0,
2016,4,00-0031590,J.Ajayi,RB,MIA,CIN,0,0,0.0,0,0.0,0.0,0.0,6,33.0,0,2,2,13.0,0,4.6,6.6,,,72.0,229.0,23.40535294117647,1.0,Boise State,2015.0,2015.0,MIA,149.0,,0.08
2016,5,00-0031590,J.Ajayi,RB,MIA,TEN,0,0,0.0,0,0.0,0.0,0.0,13,42.0,1,1,0,0.0,0,10.2,10.2,,,72.0,229.0,23.40535294117647,1.0,Boise State,2015.0,2015.0,MIA,149.0,-13.0,0.055555556
2016,6,00-0031590,J.Ajayi,RB,MIA,PIT,0,0,0.0,0,0.0,0.0,0.0,25,204.0,2,2,1,3.0,0,32.7,33.7,,,72.0,229.0,23.40535294117647,1.0,Boise State,2015.0,2015.0,MIA,149.0,15.0,0.0625
2016,7,00-0031590,J.Ajayi,RB,MIA,BUF,0,0,0.0,0,0.0,0.0,0.0,28,214.0,1,1,1,2.0,0,27.6,28.6,,,72.0,229.0,23.40535294117647,1.0,Boise State,2015.0,2015.0,MIA,149.0,3.0,0.04
2016,9,00-0031590,J.Ajayi,RB,MIA,NYJ,0,0,0.0,0,0.0,0.0,0.0,24,111.0,1,4,3,19.0,0,19.0,22.0,,,72.0,229.0,23.40535294117647,1.0,Boise State,2015.0,2015.0,MIA,149.0,4.0,0.13793103
2016,10,00-0031590,J.Ajayi,RB,MIA,LAC,0,0,0.0,0,0.0,0.0,0.0,19,79.0,0,1,1,1.0,0,8.0,9.0,,,72.0,229.0,23.40535294117647,1.0,Boise State,2015.0,2015.0,MIA,149.0,,0.04347826
2016,11,00-0031590,J.Ajayi,RB,MIA,LA,0,0,0.0,0,0.0,0.0,0.0,16,77.0,0,4,3,7.0,0,8.4,11.4,,,72.0,229.0,23.40535294117647,1.0,Boise State,2015.0,2015.0,MIA,149.0,,0.11764706
2016,12,00-0031590,J.Ajayi,RB,MIA,SF,0,0,0.0,0,0.0,0.0,0.0,18,45.0,1,2,1,11.0,0,11.6,12.6,,,72.0,229.0,23.40535294117647,1.0,Boise State,2015.0,2015.0,MIA,149.0,7.0,0.06666667
2016,13,00-0031590,J.Ajayi,RB,MIA,BAL,0,0,0.0,0,0.0,0.0,0.0,12,61.0,0,7,6,26.0,0,8.7,14.7,,,72.0,229.0,23.40535294117647,1.0,Boise State,2015.0,2015.0,MIA,149.0,,0.17948718
2016,14,00-0031590,J.Ajayi,RB,MIA,ARI,0,0,0.0,0,0.0,0.0,0.0,20,48.0,0,3,1,15.0,0,6.3,7.3,,,72.0,229.0,23.40535294117647,1.0,Boise State,2015.0,2015.0,MIA,149.0,3.0,0.12
2016,15,00-0031590,J.Ajayi,RB,MIA,NYJ,0,0,0.0,0,0.0,0.0,0.0,19,51.0,0,0,0,0.0,0,5.1,5.1,,,72.0,229.0,23.40535294117647,1.0,Boise State,2015.0,2015.0,MIA,149.0,,
2016,16,00-0031590,J.Ajayi,RB,MIA,BUF,0,0,0.0,0,0.0,0.0,0.0,32,206.0,1,1,1,3.0,0,26.9,27.9,,,72.0,229.0,23.40535294117647,1.0,Boise State,2015.0,2015.0,MIA,149.0,,0.03448276
2016,17,00-0031590,J.Ajayi,RB,MIA,NE,0,0,0.0,0,0.0,0.0,0.0,16,59.0,0,3,3,20.0,0,7.9,10.9,,,72.0,229.0,23.40535294117647,1.0,Boise State,2015.0,2015.0,MIA,149.0,-21.0,0.0882353
2016,18,00-0031590,J.Ajayi,RB,MIA,PIT,0,0,0.0,0,0.0,0.0,0.0,16,33.0,0,3,3,12.0,0,4.5,7.5,,,72.0,229.0,23.40535294117647,1.0,Boise State,2015.0,2015.0,MIA,149.0,,0.083333336
2016,9,00-0031595,M.Burton,FB,DET,MIN,0,0,0.0,0,0.0,0.0,0.0,0,0.0,0,1,0,0.0,0,0.0,0.0,,,72.0,247.0,24.772529411764705,1.0,Rutgers,2015.0,2015.0,DET,168.0,,0.028571429
2016,13,00-0031598,N.Boyle,TE,BAL,MIA,0,0,0.0,0,0.0,0.0,0.0,0,0.0,0,2,2,24.0,0,2.4,4.4,,,76.0,270.0,23.754333333333335,1.0,Delaware,2015.0,2015.0,BAL,171.0,32.0,0.041666668
2016,14,00-0031598,N.Boyle,TE,BAL,NE,0,0,0.0,0,0.0,0.0,0.0,0,0.0,0,3,3,15.0,0,1.5,4.5,,,76.0,270.0,23.754333333333335,1.0,Delaware,2015.0,2015.0,BAL,171.0,,0.057692308
2016,16,00-0031598,N.Boyle,TE,BAL,PIT,0,0,0.0,0,0.0,0.0,0.0,0,0.0,0,1,1,5.0,0,0.5,1.5,,,76.0,270.0,23.754333333333335,1.0,Delaware,2015.0,2015.0,BAL,171.0,,0.022727273
2016,3,00-0031599,C.Artis-Payne,RB,CAR,MIN,0,0,0.0,0,0.0,0.0,0.0,12,47.0,0,1,1,11.0,0,5.8,6.8,,,70.0,220.0,26.3753125,1.0,Auburn,2015.0,2015.0,CAR,174.0,-12.0,0.027777778
2016,4,00-0031599,C.Artis-Payne,RB,CAR,ATL,0,0,0.0,0,0.0,0.0,0.0,6,12.0,0,0,0,0.0,0,1.2,1.2,,,70.0,220.0,26.3753125,1.0,Auburn,2015.0,2015.0,CAR,174.0,,
2016,5,00-0031599,C.Artis-Payne,RB,CAR,TB,0,0,0.0,0,0.0,0.0,0.0,18,85.0,2,0,0,0.0,0,20.5,20.5,,,70.0,220.0,26.3753125,1.0,Auburn,2015.0,2015.0,CAR,174.0,-3.0,
2016,11,00-0031600,,WR,HOU,LV,0,0,0.0,0,0.0,0.0,0.0,0,0.0,0,2,2,12.0,0,1.2,3.2,,,72.0,210.0,24.441166666666664,1.0,,2015.0,2015.0,HOU,175.0,,0.051282052
2016,14,00-0031600,,WR,HOU,IND,0,0,0.0,0,0.0,0.0,0.0,0,0.0,0,2,2,16.0,0,1.6,3.6,,,72.0,210.0,24.441166666666664,1.0,,2015.0,2015.0,HOU,175.0,,0.08695652
2016,15,00-0031600,,WR,HOU,JAX,0,0,0.0,0,0.0,0.0,0.0,0,0.0,0,2,1,11.0,0,1.1,2.1,,,72.0,210.0,24.441166666666664,1.0,,2015.0,2015.0,HOU,175.0,1.0,0.04255319
2016,16,00-0031600,,WR,HOU,CIN,0,0,0.0,0,0.0,0.0,0.0,0,0.0,0,2,2,7.0,0,0.7,2.7,,,72.0,210.0,24.441166666666664,1.0,,2015.0,2015.0,HOU,175.0,2.0,0.06896552
2016,17,00-0031600,,WR,HOU,TEN,0,0,0.0,0,0.0,0.0,0.0,0,0.0,0,4,3,23.0,0,2.3,5.3,,,72.0,210.0,24.441166666666664,1.0,,2015.0,2015.0,HOU,175.0,,0.08510638
2016,18,00-0031600,,WR,HOU,LV,0,0,0.0,0,0.0,0.0,0.0,0,0.0,0,1,0,0.0,0,0.0,0.0,,,72.0,210.0,24.441166666666664,1.0,,2015.0,2015.0,HOU,175.0,13.0,0.04
2016,19,00-0031600,,WR,HOU,NE,0,0,0.0,0,0.0,0.0,0.0,0,0.0,0,3,1,7.0,0,0.7,1.7,,,72.0,210.0,24.441166666666664,1.0,,2015.0,2015.0,HOU,175.0,,0.075
2016,9,00-0031609,A.Derby,TE,DEN,LV,0,0,0.0,0,0.0,0.0,0.0,0,0.0,0,1,0,0.0,0,0.0,0.0,,,77.0,255.0,25.127875,1.0,Arkansas,2015.0,2015.0,NE,202.0,,0.027777778
2016,10,00-0031609,A.Derby,TE,DEN,NO,0,0,0.0,0,0.0,0.0,0.0,0,0.0,0,3,2,22.0,0,2.2,4.2,,,77.0,255.0,25.127875,1.0,Arkansas,2015.0,2015.0,NE,202.0,,0.078947365
2016,12,00-0031609,A.Derby,TE,DEN,KC,0,0,0.0,0,0.0,0.0,0.0,0,0.0,0,4,4,43.0,0,4.3,8.3,,,77.0,255.0,25.127875,1.0,Arkansas,2015.0,2015.0,NE,202.0,-3.0,0.125
2016,13,00-0031609,A.Derby,TE,DEN,JAX,0,0,0.0,0,0.0,0.0,0.0,0,0.0,0,1,1,3.0,0,0.3,1.3,,,77.0,255.0,25.127875,1.0,Arkansas,2015.0,2015.0,NE,202.0,,0.041666668
2016,14,00-0031609,A.Derby,TE,DEN,TEN,0,0,0.0,0,0.0,0.0,0.0,0,0.0,0,5,5,57.0,0,3.7,8.7,,,77.0,255.0,25.127875,1.0,Arkansas,2015.0,2015.0,NE,202.0,,0.09615385
2016,15,00-0031609,A.Derby,TE,DEN,NE,0,0,0.0,0,0.0,0.0,0.0,0,0.0,0,6,4,35.0,0,3.5,7.5,,,77.0,255.0,25.127875,1.0,Arkansas,2015.0,2015.0,NE,202.0,-13.0,0.15384616
2016,9,00-0031610,D.Waller,TE,BAL,PIT,0,0,0.0,0,0.0,0.0,0.0,0,0.0,0,3,2,17.0,0,1.7,3.7,,,78.0,255.0,24.17546153846154,1.0,Georgia Tech,2015.0,2015.0,BAL,204.0,7.0,0.1
2016,10,00-0031610,D.Waller,TE,BAL,CLE,0,0,0.0,0,0.0,0.0,0.0,0,0.0,0,2,2,14.0,1,7.4,9.4,,,78.0,255.0,24.17546153846154,1.0,Georgia Tech,2015.0,2015.0,BAL,204.0,21.0,0.05
2016,12,00-0031610,D.Waller,TE,BAL,CIN,0,0,0.0,0,0.0,0.0,0.0,0,0.0,0,2,2,14.0,0,1.4,3.4,,,78.0,255.0,24.17546153846154,1.0,Georgia Tech,2015.0,2015.0,BAL,204.0,5.0,0.060606062
2016,13,00-0031610,D.Waller,TE,BAL,MIA,0,0,0.0,0,0.0,0.0,0.0,0,0.0,0,2,1,15.0,0,1.5,2.5,,,78.0,255.0,24.17546153846154,1.0,Georgia Tech,2015.0,2015.0,BAL,204.0,32.0,0.041666668
2016,14,00-0031610,D.Waller,TE,BAL,NE,0,0,0.0,0,0.0,0.0,0.0,0,0.0,0,3,1,3.0,1,6.3,7.3,,,78.0,255.0,24.17546153846154,1.0,Georgia Tech,2015.0,2015.0,BAL,204.0,,0.057692308
2016,15,00-0031610,D.Waller,TE,BAL,PHI,0,0,0.0,0,0.0,0.0,0.0,0,0.0,0,2,1,11.0,0,1.1,2.1,,,78.0,255.0,24.17546153846154,1.0,Georgia Tech,2015.0,2015.0,BAL,204.0,1.0,0.06896552
2016,16,00-0031610,D.Waller,TE,BAL,PIT,0,0,0.0,0,0.0,0.0,0.0,0,0.0,0,2,1,11.0,0,1.1,2.1,,,78.0,255.0,24.17546153846154,1.0,Georgia Tech,2015.0,2015.0,BAL,204.0,,0.045454547
2016,17,00-0031610,D.Waller,TE,BAL,CIN,0,0,0.0,0,0.0,0.0,0.0,0,0.0,0,1,0,0.0,0,0.0,0.0,,,78.0,255.0,24.17546153846154,1.0,Georgia Tech,2015.0,2015.0,BAL,204.0,,0.020408163
2016,5,00-0031612,A.Ripkowski,FB,GB,NYG,0,0,0.0,0,0.0,0.0,0.0,2,17.0,0,0,0,0.0,0,1.7,1.7,,,73.0,246.0,23.91442105263158,1.0,Oklahoma,2015.0,2015.0,GB,206.0,7.0,
2016,6,00-0031612,A.Ripkowski,FB,GB,DAL,0,0,0.0,0,0.0,0.0,0.0,1,0.0,0,1,1,2.0,0,0.2,1.2,,,73.0,246.0,23.91442105263158,1.0,Oklahoma,2015.0,2015.0,GB,206.0,-14.0,0.023809524
2016,7,00-0031612,A.Ripkowski,FB,GB,CHI,0,0,0.0,0,0.0,0.0,0.0,3,8.0,0,1,1,8.0,0,1.6,2.6,,,73.0,246.0,23.91442105263158,1.0,Oklahoma,2015.0,2015.0,GB,206.0,16.0,0.017857144
2016,8,00-0031612,A.Ripkowski,FB,GB,ATL,0,0,0.0,0,0.0,0.0,0.0,6,34.0,0,1,1,-1.0,0,3.3,4.3,,,73.0,246.0,23.91442105263158,1.0,Oklahoma,2015.0,2015.0,GB,206.0,,0.02631579
2016,9,00-0031612,A.Ripkowski,FB,GB,IND,0,0,0.0,0,0.0,0.0,0.0,2,4.0,0,1,1,3.0,0,0.7,1.7,,,73.0,246.0,23.91442105263158,1.0,Oklahoma,2015.0,2015.0,GB,206.0,-5.0,0.023809524
2016,11,00-0031612,A.Ripkowski,FB,GB,WAS,0,0,0.0,0,0.0,0.0,0.0,2,9.0,0,0,0,0.0,0,0.9,0.9,,,73.0,246.0,23.91442105263158,1.0,Oklahoma,2015.0,2015.0,GB,206.0,,
2016,12,00-0031612,A.Ripkowski,FB,GB,PHI,0,0,0.0,0,0.0,0.0,0.0,3,1.0,1,2,2,15.0,0,7.6,9.6,,,73.0,246.0,23.91442105263158,1.0,Oklahoma,2015.0,2015.0,GB,206.0,,0.05263158
2016,13,00-0031612,A.Ripkowski,FB,GB,HOU,0,0,0.0,0,0.0,0.0,0.0,3,14.0,1,1,1,4.0,0,7.8,8.8,,,73.0,246.0,23.91442105263158,1.0,Oklahoma,2015.0,2015.0,GB,206.0,8.0,0.033333335
2016,14,00-0031612,A.Ripkowski,FB,GB,SEA,0,0,0.0,0,0.0,0.0,0.0,3,2.0,0,1,0,0.0,0,0.2,0.2,,,73.0,246.0,23.91442105263158,1.0,Oklahoma,2015.0,2015.0,GB,206.0,28.0,0.04
2016,17,00-0031612,A.Ripkowski,FB,GB,DET,0,0,0.0,0,0.0,0.0,0.0,9,61.0,0,2,2,15.0,1,13.6,15.6,,,73.0,246.0,23.91442105263158,1.0,Oklahoma,2015.0,2015.0,GB,206.0,,0.051282052
2016,18,00-0031612,A.Ripkowski,FB,GB,NYG,0,0,0.0,0,0.0,0.0,0.0,2,1.0,1,2,2,11.0,0,7.2,9.2,,,73.0,246.0,23.91442105263158,1.0,Oklahoma,2015.0,2015.0,GB,206.0,25.0,0.051282052
2016,19,00-0031612,A.Ripkowski,FB,GB,DAL,0,0,0.0,0,0.0,0.0,0.0,4,24.0,0,0,0,0.0,0,2.4,2.4,,,73.0,246.0,23.91442105263158,1.0,Oklahoma,2015.0,2015.0,GB,206.0,,
2016,20,00-0031612,A.Ripkowski,FB,GB,ATL,0,0,0.0,0,0.0,0.0,0.0,3,11.0,0,3,2,28.0,0,3.9,5.9,,,73.0,246.0,23.91442105263158,1.0,Oklahoma,2015.0,2015.0,GB,206.0,,0.069767445
2016,4,00-0031665,Z.Zenner,RB,DET,CHI,0,0,0.0,0,0.0,0.0,0.0,3,12.0,0,1,1,22.0,0,3.4,4.4,,,71.0,221.0,25.158529411764704,1.0,South Dakota,2015.0,2015.0,,,,0.027777778
2016,5,00-0031665,Z.Zenner,RB,DET,PHI,0,0,0.0,0,0.0,0.0,0.0,7,9.0,0,2,2,23.0,0,3.2,5.2,,,71.0,221.0,25.158529411764704,1.0,South Dakota,2015.0,2015.0,,,1.0,0.08695652
2016,6,00-0031665,Z.Zenner,RB,DET,LA,0,0,0.0,0,0.0,0.0,0.0,14,58.0,0,2,2,19.0,0,7.7,9.7,,,71.0,221.0,25.158529411764704,1.0,South Dakota,2015.0,2015.0,,,3.0,0.06451613
2016,7,00-0031665,Z.Zenner,RB,DET,WAS,0,0,0.0,0,0.0,0.0,0.0,9,29.0,1,2,0,0.0,0,8.9,8.9,,,71.0,221.0,25.158529411764704,1.0,South Dakota,2015.0,2015.0,,,3.0,0.06896552
2016,8,00-0031665,Z.Zenner,RB,DET,HOU,0,0,0.0,0,0.0,0.0,0.0,3,2.0,0,1,1,5.0,0,0.7,1.7,,,71.0,221.0,25.158529411764704,1.0,South Dakota,2015.0,2015.0,,,,0.024390243
2016,12,00-0031665,Z.Zenner,RB,DET,MIN,0,0,0.0,0,0.0,0.0,0.0,1,0.0,0,0,0,0.0,0,0.0,0.0,,,71.0,221.0,25.158529411764704,1.0,South Dakota,2015.0,2015.0,,,3.0,
2016,13,00-0031665,Z.Zenner,RB,DET,NO,0,0,0.0,0,0.0,0.0,0.0,9,40.0,0,0,0,0.0,0,4.0,4.0,,,71.0,221.0,25.158529411764704,1.0,South Dakota,2015.0,2015.0,,,,
2016,14,00-0031665,Z.Zenner,RB,DET,CHI,0,0,0.0,0,0.0,0.0,0.0,7,36.0,0,2,2,9.0,0,4.5,6.5,,,71.0,221.0,25.158529411764704,1.0,South Dakota,2015.0,2015.0,,,3.0,0.05882353
2016,15,00-0031665,Z.Zenner,RB,DET,NYG,0,0,0.0,0,0.0,0.0,0.0,3,12.0,0,5,4,52.0,0,4.4,8.4,,,71.0,221.0,25.158529411764704,1.0,South Dakota,2015.0,2015.0,,,,0.13157895
2016,16,00-0031665,Z.Zenner,RB,DET,DAL,0,0,0.0,0,0.0,0.0,0.0,12,67.0,2,3,2,25.0,0,21.2,23.2,,,71.0,221.0,25.158529411764704,1.0,South Dakota,2015.0,2015.0,,,,0.06666667
2016,17,00-0031665,Z.Zenner,RB,DET,GB,0,0,0.0,0,0.0,0.0,0.0,20,69.0,1,5,4,41.0,0,17.0,21.0,,,71.0,221.0,25.158529411764704,1.0,South Dakota,2015.0,2015.0,,,-7.0,0.12195122
2016,18,00-0031665,Z.Zenner,RB,DET,SEA,0,0,0.0,0,0.0,0.0,0.0,11,34.0,0,6,6,54.0,0,8.8,14.8,,,71.0,221.0,25.158529411764704,1.0,South Dakota,2015.0,2015.0,,,,0.1875
2016,8,00-0031682,T.Ward,RB,ATL,GB,0,0,0.0,0,0.0,0.0,0.0,6,46.0,0,1,1,11.0,0,5.7,6.7,,,67.0,201.0,24.79564285714286,1.0,Oregon State,2015.0,2015.0,,,1.0,0.028571429
2016,9,00-0031682,T.Ward,RB,ATL,TB,0,0,0.0,0,0.0,0.0,0.0,8,30.0,0,0,0,0.0,0,3.0,3.0,,,67.0,201.0,24.79564285714286,1.0,Oregon State,2015.0,2015.0,,,,
2016,10,00-0031682,T.Ward,RB,ATL,PHI,0,0,0.0,0,0.0,0.0,0.0,1,-1.0,0,1,0,0.0,0,-0.1,-0.1,,,67.0,201.0,24.79564285714286,1.0,Oregon State,2015.0,2015.0,,,,0.032258064
2016,14,00-0031682,T.Ward,RB,ATL,LA,0,0,0.0,0,0.0,0.0,0.0,10,24.0,0,0,0,0.0,0,2.4,2.4,,,67.0,201.0,24.79564285714286,1.0,Oregon State,2015.0,2015.0,,,,
2016,15,00-0031682,T.Ward,RB,ATL,SF,0,0,0.0,0,0.0,0.0,0.0,6,52.0,0,0,0,0.0,0,5.2,5.2,,,67.0,201.0,24.79564285714286,1.0,Oregon State,2015.0,2015.0,,,28.0,
2016,13,00-0031684,S.Wynn,WR,JAX,DEN,0,0,0.0,0,0.0,0.0,0.0,2,5.0,0,0,0,0.0,0,0.5,0.5,,,66.0,159.0,24.04516666666667,1.0,Indiana,2015.0,2015.0,,,-10.0,
2016,14,00-0031684,S.Wynn,WR,JAX,MIN,0,0,0.0,0,0.0,0.0,0.0,0,0.0,0,3,1,19.0,0,1.9,2.9,,,66.0,159.0,24.04516666666667,1.0,Indiana,2015.0,2015.0,,,-9.0,0.08108108
2016,17,00-0031687,R.Mostert,RB,SF,SEA,0,0,0.0,0,0.0,0.0,0.0,1,6.0,0,0,0,0.0,0,0.6,0.6,,,70.0,197.0,24.558666666666667,1.0,Purdue,2015.0,2015.0,,,-2.0,
2016,2,00-0031697,J.Taylor,WR,DEN,IND,0,0,0.0,0,0.0,0.0,0.0,0,0.0,0,1,1,20.0,0,2.0,3.0,,,77.0,210.0,24.714,1.0,Rice,2015.0,2015.0,,,14.0,0.030303031
2016,4,00-0031697,J.Taylor,WR,DEN,TB,0,0,0.0,0,0.0,0.0,0.0,0,0.0,0,1,1,9.0,0,0.9,1.9,,,77.0,210.0,24.714,1.0,Rice,2015.0,2015.0,,,,0.032258064
2016,6,00-0031697,J.Taylor,WR,DEN,LAC,0,0,0.0,0,0.0,0.0,0.0,0,0.0,0,3,1,1.0,0,-1.9,-0.9,,,77.0,210.0,24.714,1.0,Rice,2015.0,2015.0,,,,0.06382979
2016,8,00-0031697,J.Taylor,WR,DEN,LAC,0,0,0.0,0,0.0,0.0,0.0,0,0.0,0,1,1,35.0,0,3.5,4.5,,,77.0,210.0,24.714,1.0,Rice,2015.0,2015.0,,,8.0,0.027027028
2016,9,00-0031697,J.Taylor,WR,DEN,LV,0,0,0.0,0,0.0,0.0,0.0,0,0.0,0,1,1,6.0,0,0.6,1.6,,,77.0,210.0,24.714,1.0,Rice,2015.0,2015.0,,,,0.027777778
2016,10,00-0031697,J.Taylor,WR,DEN,NO,0,0,0.0,0,0.0,0.0,0.0,0,0.0,0,2,2,32.0,1,9.2,11.2,,,77.0,210.0,24.714,1.0,Rice,2015.0,2015.0,,,,0.05263158
2016,12,00-0031697,J.Taylor,WR,DEN,KC,0,0,0.0,0,0.0,0.0,0.0,0,0.0,0,4,1,6.0,1,6.6,7.6,,,77.0,210.0,24.714,1.0,Rice,2015.0,2015.0,,,-3.0,0.125
2016,14,00-0031697,J.Taylor,WR,DEN,TEN,0,0,0.0,0,0.0,0.0,0.0,0,0.0,0,4,3,18.0,0,1.8,4.8,,,77.0,210.0,24.714,1.0,Rice,2015.0,2015.0,,,,0.07692308
2016,15,00-0031697,J.Taylor,WR,DEN,NE,0,0,0.0,0,0.0,0.0,0.0,0,0.0,0,1,1,15.0,0,1.5,2.5,,,77.0,210.0,24.714,1.0,Rice,2015.0,2015.0,,,-13.0,0.025641026
2016,16,00-0031697,J.Taylor,WR,DEN,KC,0,0,0.0,0,0.0,0.0,0.0,0,0.0,0,4,1,26.0,0,2.6,3.6,,,77.0,210.0,24.714,1.0,Rice,2015.0,2015.0,,,,0.1
2016,17,00-0031697,J.Taylor,WR,DEN,LV,0,0,0.0,0,0.0,0.0,0.0,0,0.0,0,3,3,41.0,0,4.1,7.1,,,77.0,210.0,24.714,1.0,Rice,2015.0,2015.0,,,18.0,0.11111111
2016,2,00-0031706,,FB,CHI,PHI,0,0,0.0,0,0.0,0.0,0.0,1,2.0,0,0,0,0.0,0,0.2,0.2,,,70.0,232.0,26.39507142857143,1.0,,2015.0,2015.0,,,-15.0,
2016,6,00-0031706,,FB,CHI,JAX,0,0,0.0,0,0.0,0.0,0.0,1,1.0,0,0,0,0.0,0,0.1,0.1,,,70.0,232.0,26.39507142857143,1.0,,2015.0,2015.0,,,-1.0,
2016,10,00-0031706,,FB,CHI,TB,0,0,0.0,0,0.0,0.0,0.0,0,0.0,0,1,1,3.0,0,0.3,1.3,,,70.0,232.0,26.39507142857143,1.0,,2015.0,2015.0,,,,0.03448276
2016,11,00-0031706,,FB,CHI,NYG,0,0,0.0,0,0.0,0.0,0.0,1,5.0,0,0,0,0.0,0,0.5,0.5,,,70.0,232.0,26.39507142857143,1.0,,2015.0,2015.0,,,,
2016,9,00-0031716,M.Darr,P,MIA,NYJ,0,0,0.0,0,0.0,0.0,0.0,1,0.0,0,0,0,0.0,0,0.0,0.0,,,73.0,220.0,24.358176470588234,1.0,Tennessee,2015.0,2015.0,,,4.0,
2016,2,00-0031731,C.Grant,RB,JAX,LAC,0,0,0.0,0,0.0,0.0,0.0,0,0.0,0,1,1,15.0,1,7.5,8.5,,,71.0,204.0,24.8884375,1.0,Auburn,2015.0,2015.0,,,,0.020408163
2016,13,00-0031731,C.Grant,RB,JAX,DEN,0,0,0.0,0,0.0,0.0,0.0,1,2.0,0,0,0,0.0,0,0.2,0.2,,,71.0,204.0,24.8884375,1.0,Auburn,2015.0,2015.0,,,-10.0,
2016,14,00-0031731,C.Grant,RB,JAX,MIN,0,0,0.0,0,0.0,0.0,0.0,4,13.0,0,1,0,0.0,0,1.3,1.3,,,71.0,204.0,24.8884375,1.0,Auburn,2015.0,2015.0,,,-9.0,0.027027028
2016,16,00-0031731,C.Grant,RB,JAX,TEN,0,0,0.0,0,0.0,0.0,0.0,9,27.0,0,3,1,5.0,0,3.2,4.2,,,71.0,204.0,24.8884375,1.0,Auburn,2015.0,2015.0,,,21.0,0.07692308
2016,17,00-0031731,C.Grant,RB,JAX,IND,0,0,0.0,0,0.0,0.0,0.0,18,122.0,1,2,2,15.0,0,19.7,21.7,,,71.0,204.0,24.8884375,1.0,Auburn,2015.0,2015.0,,,,0.051282052
2016,5,00-0031732,C.Hamlett,TE,CLE,NE,0,0,0.0,0,0.0,0.0,0.0,0,0.0,0,1,1,17.0,1,7.7,8.7,,,79.0,259.0,24.5004,1.0,Oregon State,2015.0,2015.0,,,-20.0,0.028571429
2016,10,00-0031743,A.Hunt,RB,HOU,JAX,0,0,0.0,0,0.0,0.0,0.0,8,52.0,0,2,1,1.0,0,5.3,6.3,,,70.0,183.0,23.785636363636364,1.0,Purdue,2015.0,2015.0,,,,0.074074075
2016,11,00-0031743,A.Hunt,RB,HOU,LV,0,0,0.0,0,0.0,0.0,0.0,5,-2.0,0,0,0,0.0,0,-0.2,-0.2,,,70.0,183.0,23.785636363636364,1.0,Purdue,2015.0,2015.0,,,,
2016,12,00-0031743,A.Hunt,RB,HOU,LAC,0,0,0.0,0,0.0,0.0,0.0,2,19.0,0,0,0,0.0,0,1.9,1.9,,,70.0,183.0,23.785636363636364,1.0,Purdue,2015.0,2015.0,,,-8.0,
2016,14,00-0031743,A.Hunt,RB,HOU,IND,0,0,0.0,0,0.0,0.0,0.0,1,19.0,0,0,0,0.0,0,1.9,1.9,,,70.0,183.0,23.785636363636364,1.0,Purdue,2015.0,2015.0,,,,
2016,15,00-0031743,A.Hunt,RB,HOU,JAX,0,0,0.0,0,0.0,0.0,0.0,3,15.0,0,0,0,0.0,0,1.5,1.5,,,70.0,183.0,23.785636363636364,1.0,Purdue,2015.0,2015.0,,,1.0,
2016,16,00-0031743,A.Hunt,RB,HOU,CIN,0,0,0.0,0,0.0,0.0,0.0,1,6.0,0,2,2,28.0,0,3.4,5.4,,,70.0,183.0,23.785636363636364,1.0,Purdue,2015.0,2015.0,,,2.0,0.06896552
2016,19,00-0031743,A.Hunt,RB,HOU,NE,0,0,0.0,0,0.0,0.0,0.0,0,0.0,0,2,2,15.0,0,1.5,3.5,,,70.0,183.0,23.785636363636364,1.0,Purdue,2015.0,2015.0,,,,0.05
2016,12,00-0031746,,RB,SEA,TB,0,0,0.0,0,0.0,0.0,0.0,0,0.0,0,2,1,4.0,0,0.4,1.4,,,73.0,220.0,23.411,1.0,,2015.0,2015.0,,,,0.060606062
2016,13,00-0031746,,RB,SEA,CAR,0,0,0.0,0,0.0,0.0,0.0,1,1.0,0,1,0,0.0,0,0.1,0.1,,,73.0,220.0,23.411,1.0,,2015.0,2015.0,,,33.0,0.02631579
2016,3,00-0031757,L.Whitehead,WR,DAL,CHI,0,0,0.0,0,0.0,0.0,0.0,1,3.0,0,0,0,0.0,0,0.3,0.3,,,69.0,163.0,24.442588235294117,1.0,Florida Atlantic,2015.0,2015.0,,,14.0,
2016,4,00-0031757,L.Whitehead,WR,DAL,SF,0,0,0.0,0,0.0,0.0,0.0,1,8.0,0,0,0,0.0,0,0.8,0.8,,,69.0,163.0,24.442588235294117,1.0,Florida Atlantic,2015.0,2015.0,,,,
2016,5,00-0031757,L.Whitehead,WR,DAL,CIN,0,0,0.0,0,0.0,0.0,0.0,1,9.0,0,0,0,0.0,0,0.9,0.9,,,69.0,163.0,24.442588235294117,1.0,Florida Atlantic,2015.0,2015.0,,,14.0,
2016,6,00-0031757,L.Whitehead,WR,DAL,GB,0,0,0.0,0,0.0,0.0,0.0,1,26.0,0,1,1,35.0,0,6.1,7.1,,,69.0,163.0,24.442588235294117,1.0,Florida Atlantic,2015.0,2015.0,,,,0.037037037
2016,8,00-0031757,L.Whitehead,WR,DAL,PHI,0,0,0.0,0,0.0,0.0,0.0,1,17.0,0,0,0,0.0,0,1.7,1.7,,,69.0,163.0,24.442588235294117,1.0,Florida Atlantic,2015.0,2015.0,,,6.0,
2016,9,00-0031757,L.Whitehead,WR,DAL,CLE,0,0,0.0,0,0.0,0.0,0.0,1,2.0,0,0,0,0.0,0,0.2,0.2,,,69.0,163.0,24.442588235294117,1.0,Florida Atlantic,2015.0,2015.0,,,,
2016,10,00-0031757,L.Whitehead,WR,DAL,PIT,0,0,0.0,0,0.0,0.0,0.0,0,0.0,0,1,1,5.0,0,0.5,1.5,,,69.0,163.0,24.442588235294117,1.0,Florida Atlantic,2015.0,2015.0,,,,0.03125
2016,12,00-0031757,L.Whitehead,WR,DAL,WAS,0,0,0.0,0,0.0,0.0,0.0,1,15.0,0,0,0,0.0,0,1.5,1.5,,,69.0,163.0,24.442588235294117,1.0,Florida Atlantic,2015.0,2015.0,,,5.0,
2016,13,00-0031757,L.Whitehead,WR,DAL,MIN,0,0,0.0,0,0.0,0.0,0.0,1,6.0,0,0,0,0.0,0,-1.4,-1.4,,,69.0,163.0,24.442588235294117,1.0,Florida Atlantic,2015.0,2015.0,,,,
2016,15,00-0031757,L.Whitehead,WR,DAL,TB,0,0,0.0,0,0.0,0.0,0.0,2,-4.0,0,0,0,0.0,0,-0.4,-0.4,,,69.0,163.0,24.442588235294117,1.0,Florida Atlantic,2015.0,2015.0,,,6.0,
2016,17,00-0031757,L.Whitehead,WR,DAL,PHI,0,0,0.0,0,0.0,0.0,0.0,0,0.0,0,1,1,8.0,0,0.8,1.8,,,69.0,163.0,24.442588235294117,1.0,Florida Atlantic,2015.0,2015.0,,,,0.035714287
2016,3,00-0031768,T.Magee,RB,SEA,SF,0,0,0.0,0,0.0,0.0,0.0,3,12.0,0,0,0,0.0,0,1.2,1.2,,,69.0,213.0,23.749599999999997,1.0,LSU,2015.0,2015.0,,,19.0,
2016,1,00-0031782,E.Rogers,WR,PIT,WAS,0,0,0.0,0,0.0,0.0,0.0,0,0.0,0,7,6,59.0,1,11.9,17.9,,,70.0,187.0,23.902263157894737,1.0,Louisville,2015.0,2015.0,,,,0.1891892
2016,2,00-0031782,E.Rogers,WR,PIT,CIN,0,0,0.0,0,0.0,0.0,0.0,0,0.0,0,3,1,9.0,0,0.9,1.9,,,70.0,187.0,23.902263157894737,1.0,Louisville,2015.0,2015.0,,,8.0,0.08108108
2016,3,00-0031782,E.Rogers,WR,PIT,PHI,0,0,0.0,0,0.0,0.0,0.0,0,0.0,0,5,2,32.0,0,3.2,5.2,,,70.0,187.0,23.902263157894737,1.0,Louisville,2015.0,2015.0,,,,0.11363637
2016,6,00-0031782,E.Rogers,WR,PIT,MIA,0,0,0.0,0,0.0,0.0,0.0,0,0.0,0,5,4,35.0,0,3.5,7.5,,,70.0,187.0,23.902263157894737,1.0,Louisville,2015.0,2015.0,,,,0.14285715
2016,9,00-0031782,E.Rogers,WR,PIT,BAL,0,0,0.0,0,0.0,0.0,0.0,0,0.0,0,10,6,103.0,0,10.3,16.3,,,70.0,187.0,23.902263157894737,1.0,Louisville,2015.0,2015.0,,,,0.22222222
2016,10,00-0031782,E.Rogers,WR,PIT,DAL,0,0,0.0,0,0.0,0.0,0.0,0,0.0,0,5,4,42.0,1,10.2,14.2,,,70.0,187.0,23.902263157894737,1.0,Louisville,2015.0,2015.0,,,-5.0,0.10869565
2016,11,00-0031782,E.Rogers,WR,PIT,CLE,0,0,0.0,0,0.0,0.0,0.0,0,0.0,0,6,4,20.0,0,2.0,6.0,,,70.0,187.0,23.902263157894737,1.0,Louisville,2015.0,2015.0,,,,0.16666667
2016,12,00-0031782,E.Rogers,WR,PIT,IND,0,0,0.0,0,0.0,0.0,0.0,0,0.0,0,2,2,36.0,0,3.6,5.6,,,70.0,187.0,23.902263157894737,1.0,Louisville,2015.0,2015.0,,,,0.0952381
2016,13,00-0031782,E.Rogers,WR,PIT,NYG,0,0,0.0,0,0.0,0.0,0.0,0,0.0,0,3,1,18.0,0,1.8,2.8,,,70.0,187.0,23.902263157894737,1.0,Louisville,2015.0,2015.0,,,10.0,0.083333336
2016,14,00-0031782,E.Rogers,WR,PIT,BUF,0,0,0.0,0,0.0,0.0,0.0,0,0.0,0,3,3,20.0,0,2.0,5.0,,,70.0,187.0,23.902263157894737,1.0,Louisville,2015.0,2015.0,,,,0.09677419
2016,15,00-0031782,E.Rogers,WR,PIT,CIN,0,0,0.0,0,0.0,0.0,0.0,0,0.0,0,6,5,75.0,1,13.5,18.5,,,70.0,187.0,23.902263157894737,1.0,Louisville,2015.0,2015.0,,,,0.17142858
2016,16,00-0031782,E.Rogers,WR,PIT,BAL,0,0,0.0,0,0.0,0.0,0.0,1,6.0,0,5,4,84.0,0,9.0,13.0,,,70.0,187.0,23.902263157894737,1.0,Louisville,2015.0,2015.0,,,4.0,0.16666667
2016,17,00-0031782,E.Rogers,WR,PIT,CLE,0,0,0.0,0,0.0,0.0,0.0,0,0.0,0,6,6,61.0,0,6.1,12.1,,,70.0,187.0,23.902263157894737,1.0,Louisville,2015.0,2015.0,,,3.0,0.16216215
2016,18,00-0031782,E.Rogers,WR,PIT,MIA,0,0,0.0,0,0.0,0.0,0.0,0,0.0,0,1,1,19.0,0,1.9,2.9,,,70.0,187.0,23.902263157894737,1.0,Louisville,2015.0,2015.0,,,18.0,0.055555556
2016,19,00-0031782,E.Rogers,WR,PIT,KC,0,0,0.0,0,0.0,0.0,0.0,0,0.0,0,7,5,27.0,0,2.7,7.7,,,70.0,187.0,23.902263157894737,1.0,Louisville,2015.0,2015.0,,,,0.22580644
2016,20,00-0031782,E.Rogers,WR,PIT,NE,0,0,0.0,0,0.0,0.0,0.0,0,0.0,0,10,7,66.0,0,4.6,11.6,,,70.0,187.0,23.902263157894737,1.0,Louisville,2015.0,2015.0,,,,0.21276596
2016,16,00-0031788,M.Lengel,TE,NE,NYJ,0,0,0.0,0,0.0,0.0,0.0,0,0.0,0,1,1,18.0,1,7.8,8.8,,,79.0,266.0,25.9605,1.0,Eastern Kentucky,2015.0,2015.0,,,38.0,0.03448276
2016,17,00-0031788,M.Lengel,TE,NE,MIA,0,0,0.0,0,0.0,0.0,0.0,0,0.0,0,2,1,4.0,0,0.4,1.4,,,79.0,266.0,25.9605,1.0,Eastern Kentucky,2015.0,2015.0,,,,0.05882353
2016,17,00-0031793,T.Watson,RB,PHI,DAL,0,0,0.0,0,0.0,0.0,0.0,9,28.0,1,1,1,5.0,0,9.3,10.3,,,73.0,240.0,23.2085,1.0,Azusa Pacific,2015.0,2015.0,,,14.0,0.023255814
2016,1,00-0031806,M.Brown,RB,LA,SF,0,0,0.0,0,0.0,0.0,0.0,1,5.0,0,1,1,8.0,0,1.3,2.3,,,71.0,224.0,23.4804375,1.0,Texas,2015.0,2015.0,,,,0.028571429
2016,5,00-0031806,M.Brown,RB,LA,BUF,0,0,0.0,0,0.0,0.0,0.0,2,2.0,0,1,1,26.0,0,2.8,3.8,,,71.0,224.0,23.4804375,1.0,Texas,2015.0,2015.0,,,-11.0,0.032258064
2016,9,00-0031806,M.Brown,RB,LA,CAR,0,0,0.0,0,0.0,0.0,0.0,1,0.0,0,0,0,0.0,0,0.0,0.0,,,71.0,224.0,23.4804375,1.0,Texas,2015.0,2015.0,,,-3.0,
2016,12,00-0031806,M.Brown,RB,LA,NO,0,0,0.0,0,0.0,0.0,0.0,3,9.0,0,0,0,0.0,0,0.9,0.9,,,71.0,224.0,23.4804375,1.0,Texas,2015.0,2015.0,,,,
2016,14,00-0031806,M.Brown,RB,LA,ATL,0,0,0.0,0,0.0,0.0,0.0,4,14.0,0,0,0,0.0,0,-0.6,-0.6,,,71.0,224.0,23.4804375,1.0,Texas,2015.0,2015.0,,,-28.0,
2016,15,00-0031806,M.Brown,RB,LA,SEA,0,0,0.0,0,0.0,0.0,0.0,1,-4.0,0,1,1,12.0,0,0.8,1.8,,,71.0,224.0,23.4804375,1.0,Texas,2015.0,2015.0,,,,0.028571429
2016,16,00-0031806,M.Brown,RB,LA,SF,0,0,0.0,0,0.0,0.0,0.0,1,2.0,0,0,0,0.0,0,0.2,0.2,,,71.0,224.0,23.4804375,1.0,Texas,2015.0,2015.0,,,-1.0,
2016,17,00-0031806,M.Brown,RB,LA,ARI,0,0,0.0,0,0.0,0.0,0.0,5,11.0,0,0,0,0.0,0,1.1,1.1,,,71.0,224.0,23.4804375,1.0,Texas,2015.0,2015.0,,,-38.0,
2016,3,00-0031818,B.Marquez,WR,LA,TB,0,0,0.0,0,0.0,0.0,0.0,0,0.0,0,2,1,12.0,0,1.2,2.2,,,70.0,201.0,23.8965625,1.0,Texas Tech,2015.0,2015.0,,,,0.07692308
2016,5,00-0031818,B.Marquez,WR,LA,BUF,0,0,0.0,0,0.0,0.0,0.0,1,2.0,0,0,0,0.0,0,0.2,0.2,,,70.0,201.0,23.8965625,1.0,Texas Tech,2015.0,2015.0,,,-11.0,
2016,6,00-0031818,B.Marquez,WR,LA,DET,0,0,0.0,0,0.0,0.0,0.0,0,0.0,0,1,1,13.0,0,1.3,2.3,,,70.0,201.0,23.8965625,1.0,Texas Tech,2015.0,2015.0,,,,0.03125
2016,7,00-0031818,B.Marquez,WR,LA,NYG,0,0,0.0,0,0.0,0.0,0.0,0,0.0,0,1,0,0.0,0,0.0,0.0,,,70.0,201.0,23.8965625,1.0,Texas Tech,2015.0,2015.0,,,-7.0,0.01923077
2016,9,00-0031818,B.Marquez,WR,LA,CAR,0,0,0.0,0,0.0,0.0,0.0,0,0.0,0,1,0,0.0,0,0.0,0.0,,,70.0,201.0,23.8965625,1.0,Texas Tech,2015.0,2015.0,,,-3.0,0.02173913
2016,12,00-0031818,B.Marquez,WR,LA,NO,0,0,0.0,0,0.0,0.0,0.0,0,0.0,0,1,1,12.0,0,1.2,2.2,,,70.0,201.0,23.8965625,1.0,Texas Tech,2015.0,2015.0,,,,0.032258064
2016,13,00-0031818,B.Marquez,WR,LA,NE,0,0,0.0,0,0.0,0.0,0.0,0,0.0,0,1,0,0.0,0,0.0,0.0,,,70.0,201.0,23.8965625,1.0,Texas Tech,2015.0,2015.0,,,,0.03125
2016,10,00-0031854,C.Harper,WR,SF,ARI,0,0,0.0,0,0.0,0.0,0.0,0,0.0,0,1,0,0.0,0,0.0,0.0,,,71.0,185.0,22.956,1.0,California,2015.0,2015.0,,,,0.033333335
2016,11,00-0031854,C.Harper,WR,SF,NE,0,0,0.0,0,0.0,0.0,0.0,0,0.0,0,2,2,35.0,0,3.5,5.5,,,71.0,185.0,22.956,1.0,California,2015.0,2015.0,,,-13.0,0.06666667
2016,12,00-0031854,C.Harper,WR,SF,MIA,0,0,0.0,0,0.0,0.0,0.0,0,0.0,0,4,2,32.0,0,3.2,5.2,,,71.0,185.0,22.956,1.0,California,2015.0,2015.0,,,,0.08888889
2016,13,00-0031854,C.Harper,WR,SF,CHI,0,0,0.0,0,0.0,0.0,0.0,0,0.0,0,2,1,6.0,0,0.6,1.6,,,71.0,185.0,22.956,1.0,California,2015.0,2015.0,,,,0.13333334
2016,14,00-0031854,C.Harper,WR,SF,NYJ,0,0,0.0,0,0.0,0.0,0.0,0,0.0,0,5,1,8.0,0,0.8,1.8,,,71.0,185.0,22.956,1.0,California,2015.0,2015.0,,,-6.0,0.1923077
2016,15,00-0031854,C.Harper,WR,SF,ATL,0,0,0.0,0,0.0,0.0,0.0,0,0.0,0,3,3,26.0,0,2.6,5.6,,,71.0,185.0,22.956,1.0,California,2015.0,2015.0,,,,0.09090909
2016,16,00-0031854,C.Harper,WR,SF,LA,0,0,0.0,0,0.0,0.0,0.0,0,0.0,0,1,1,1.0,0,0.1,1.1,,,71.0,185.0,22.956,1.0,California,2015.0,2015.0,,,,0.027027028
2016,17,00-0031854,C.Harper,WR,SF,SEA,0,0,0.0,0,0.0,0.0,0.0,0,0.0,0,3,3,25.0,0,2.5,5.5,,,71.0,185.0,22.956,1.0,California,2015.0,2015.0,,,-2.0,0.13636364
2016,17,00-0031868,D.Byrd,WR,CAR,TB,0,0,0.0,0,0.0,0.0,0.0,0,0.0,0,1,1,16.0,0,1.6,2.6,,,69.0,180.0,23.7045,1.0,South Carolina,2015.0,2015.0,,,,0.032258064
2016,1,00-0031897,T.Rawls,RB,SEA,MIA,0,0,0.0,0,0.0,0.0,0.0,12,32.0,0,3,3,26.0,0,5.8,8.8,,,69.0,215.0,23.284555555555556,1.0,Central Michigan,2015.0,2015.0,,,2.0,0.07317073
2016,2,00-0031897,T.Rawls,RB,SEA,LA,0,0,0.0,0,0.0,0.0,0.0,7,-7.0,0,3,3,15.0,0,0.8,3.8,,,69.0,215.0,23.284555555555556,1.0,Central Michigan,2015.0,2015.0,,,,0.08571429
2016,11,00-0031897,T.Rawls,RB,SEA,PHI,0,0,0.0,0,0.0,0.0,0.0,14,57.0,0,4,3,31.0,0,8.8,11.8,,,69.0,215.0,23.284555555555556,1.0,Central Michigan,2015.0,2015.0,,,11.0,0.12903225
2016,12,00-0031897,T.Rawls,RB,SEA,TB,0,0,0.0,0,0.0,0.0,0.0,12,38.0,0,1,0,0.0,0,3.8,3.8,,,69.0,215.0,23.284555555555556,1.0,Central Michigan,2015.0,2015.0,,,,0.030303031
2016,13,00-0031897,T.Rawls,RB,SEA,CAR,0,0,0.0,0,0.0,0.0,0.0,15,106.0,2,1,1,12.0,0,23.8,24.8,,,69.0,215.0,23.284555555555556,1.0,Central Michigan,2015.0,2015.0,,,33.0,0.02631579
2016,14,00-0031897,T.Rawls,RB,SEA,GB,0,0,0.0,0,0.0,0.0,0.0,12,67.0,0,2,1,7.0,0,7.4,8.4,,,69.0,215.0,23.284555555555556,1.0,Central Michigan,2015.0,2015.0,,,,0.051282052
2016,15,00-0031897,T.Rawls,RB,SEA,LA,0,0,0.0,0,0.0,0.0,0.0,21,34.0,0,2,2,5.0,0,3.9,5.9,,,69.0,215.0,23.284555555555556,1.0,Central Michigan,2015.0,2015.0,,,21.0,0.083333336
2016,16,00-0031897,T.Rawls,RB,SEA,ARI,0,0,0.0,0,0.0,0.0,0.0,8,8.0,0,1,0,0.0,0,0.8,0.8,,,69.0,215.0,23.284555555555556,1.0,Central Michigan,2015.0,2015.0,,,-3.0,0.022727273
2016,17,00-0031897,T.Rawls,RB,SEA,SF,0,0,0.0,0,0.0,0.0,0.0,8,14.0,1,0,0,0.0,0,7.4,7.4,,,69.0,215.0,23.284555555555556,1.0,Central Michigan,2015.0,2015.0,,,,
2016,18,00-0031897,T.Rawls,RB,SEA,DET,0,0,0.0,0,0.0,0.0,0.0,27,161.0,1,2,1,1.0,0,22.2,23.2,,,69.0,215.0,23.284555555555556,1.0,Central Michigan,2015.0,2015.0,,,20.0,0.06666667
2016,19,00-0031897,T.Rawls,RB,SEA,ATL,0,0,0.0,0,0.0,0.0,0.0,11,34.0,0,0,0,0.0,0,3.4,3.4,,,69.0,215.0,23.284555555555556,1.0,Central Michigan,2015.0,2015.0,,,,
2016,5,00-0031900,R.Smith,RB,DAL,CIN,0,0,0.0,0,0.0,0.0,0.0,0,0.0,0,1,1,4.0,0,0.4,1.4,,,75.0,231.0,24.766625,1.0,Ohio State,2015.0,2015.0,,,14.0,0.041666668
2016,3,00-0031912,C.Meredith,WR,CHI,DAL,0,0,0.0,0,0.0,0.0,0.0,0,0.0,0,3,2,24.0,0,0.4,2.4,,,75.0,200.0,24.1255625,1.0,Illinois State,2015.0,2015.0,,,,0.06666667
2016,4,00-0031912,C.Meredith,WR,CHI,DET,0,0,0.0,0,0.0,0.0,0.0,0,0.0,0,5,4,28.0,0,2.8,6.8,,,75.0,200.0,24.1255625,1.0,Illinois State,2015.0,2015.0,,,3.0,0.1388889
2016,5,00-0031912,C.Meredith,WR,CHI,IND,0,0,0.0,0,0.0,0.0,0.0,1,6.0,0,12,9,130.0,1,17.6,26.6,,,75.0,200.0,24.1255625,1.0,Illinois State,2015.0,2015.0,,,,0.29268292
2016,6,00-0031912,C.Meredith,WR,CHI,JAX,0,0,0.0,0,0.0,0.0,0.0,0,0.0,0,15,11,113.0,0,11.3,22.3,,,75.0,200.0,24.1255625,1.0,Illinois State,2015.0,2015.0,,,-1.0,0.30612245
2016,7,00-0031912,C.Meredith,WR,CHI,GB,0,0,0.0,0,0.0,0.0,0.0,0,0.0,0,2,1,12.0,0,1.2,2.2,,,75.0,200.0,24.1255625,1.0,Illinois State,2015.0,2015.0,,,,0.07692308
2016,8,00-0031912,C.Meredith,WR,CHI,MIN,0,0,0.0,0,0.0,0.0,0.0,0,0.0,0,2,1,24.0,0,2.4,3.4,,,75.0,200.0,24.1255625,1.0,Illinois State,2015.0,2015.0,,,10.0,0.06451613
2016,10,00-0031912,C.Meredith,WR,CHI,TB,0,0,0.0,0,0.0,0.0,0.0,0,0.0,0,2,1,50.0,1,11.0,12.0,,,75.0,200.0,24.1255625,1.0,Illinois State,2015.0,2015.0,,,,0.06896552
2016,11,00-0031912,C.Meredith,WR,CHI,NYG,0,0,0.0,0,0.0,0.0,0.0,0,0.0,0,4,4,49.0,0,4.9,8.9,,,75.0,200.0,24.1255625,1.0,Illinois State,2015.0,2015.0,,,,0.13793103
2016,12,00-0031912,C.Meredith,WR,CHI,TEN,0,0,0.0,0,0.0,0.0,0.0,0,0.0,0,9,2,19.0,0,1.9,3.9,,,75.0,200.0,24.1255625,1.0,Illinois State,2015.0,2015.0,,,-6.0,0.16666667
2016,13,00-0031912,C.Meredith,WR,CHI,SF,0,0,0.0,0,0.0,0.0,0.0,0,0.0,0,4,3,67.0,0,6.7,9.7,,,75.0,200.0,24.1255625,1.0,Illinois State,2015.0,2015.0,,,20.0,0.22222222
2016,14,00-0031912,C.Meredith,WR,CHI,DET,0,0,0.0,0,0.0,0.0,0.0,0,0.0,0,8,6,72.0,1,13.2,19.2,,,75.0,200.0,24.1255625,1.0,Illinois State,2015.0,2015.0,,,,0.25
2016,15,00-0031912,C.Meredith,WR,CHI,GB,0,0,0.0,0,0.0,0.0,0.0,0,0.0,0,13,9,104.0,0,10.4,19.4,,,75.0,200.0,24.1255625,1.0,Illinois State,2015.0,2015.0,,,-3.0,0.30232558
2016,16,00-0031912,C.Meredith,WR,CHI,WAS,0,0,0.0,0,0.0,0.0,0.0,0,0.0,0,12,9,135.0,1,19.5,28.5,,,75.0,200.0,24.1255625,1.0,Illinois State,2015.0,2015.0,,,-20.0,0.3
2016,17,00-0031912,C.Meredith,WR,CHI,MIN,1,1,2.0,1,0.0,0.0,-0.0,0,0.0,0,6,4,61.0,0,10.18,14.18,,,75.0,200.0,24.1255625,1.0,Illinois State,2015.0,2015.0,,,,0.3
2016,4,00-0031922,K.Lee,TE,DET,CHI,0,0,0.0,0,0.0,0.0,0.0,0,0.0,0,1,0,0.0,0,0.0,0.0,,,76.0,253.0,24.7557,1.0,Bowie State,2015.0,2015.0,,,,0.027777778
2016,16,00-0031934,D.Smith,WR,NYJ,NE,0,0,0.0,0,0.0,0.0,0.0,0,0.0,0,3,1,20.0,0,2.0,3.0,,,73.0,199.0,24.676,1.0,Ohio State,2015.0,2015.0,NYJ,37.0,,0.125
2016,1,00-0031939,M.Jones,RB,WAS,PIT,0,0,0.0,0,0.0,0.0,0.0,7,24.0,0,1,1,9.0,0,3.3,4.3,,,74.0,232.0,23.668375,1.0,Florida,2015.0,2015.0,WAS,95.0,-22.0,0.023255814
2016,2,00-0031939,M.Jones,RB,WAS,DAL,0,0,0.0,0,0.0,0.0,0.0,13,61.0,1,1,1,4.0,0,12.5,13.5,,,74.0,232.0,23.668375,1.0,Florida,2015.0,2015.0,WAS,95.0,-4.0,0.022727273
2016,3,00-0031939,M.Jones,RB,WAS,NYG,0,0,0.0,0,0.0,0.0,0.0,17,65.0,0,2,2,14.0,0,7.9,9.9,,,74.0,232.0,23.668375,1.0,Florida,2015.0,2015.0,WAS,95.0,,0.057142857
2016,4,00-0031939,M.Jones,RB,WAS,CLE,0,0,0.0,0,0.0,0.0,0.0,22,117.0,1,2,2,21.0,0,19.8,21.8,,,74.0,232.0,23.668375,1.0,Florida,2015.0,2015.0,WAS,95.0,11.0,0.074074075
2016,5,00-0031939,M.Jones,RB,WAS,BAL,0,0,0.0,0,0.0,0.0,0.0,14,31.0,0,2,2,25.0,0,3.6,5.6,,,74.0,232.0,23.668375,1.0,Florida,2015.0,2015.0,WAS,95.0,,0.051282052
2016,6,00-0031939,M.Jones,RB,WAS,PHI,0,0,0.0,0,0.0,0.0,0.0,16,135.0,1,0,0,0.0,0,19.5,19.5,,,74.0,232.0,23.668375,1.0,Florida,2015.0,2015.0,WAS,95.0,7.0,
2016,7,00-0031939,M.Jones,RB,WAS,DET,0,0,0.0,0,0.0,0.0,0.0,10,27.0,0,0,0,0.0,0,0.7,0.7,,,74.0,232.0,23.668375,1.0,Florida,2015.0,2015.0,WAS,95.0,,
2016,1,00-0031941,J.Crowder,WR,WAS,PIT,0,0,0.0,0,0.0,0.0,0.0,0,0.0,0,10,6,58.0,0,5.8,11.8,,,68.0,185.0,23.389125,1.0,Duke,2015.0,2015.0,WAS,105.0,-22.0,0.23255815
2016,2,00-0031941,J.Crowder,WR,WAS,DAL,0,0,0.0,0,0.0,0.0,0.0,0,0.0,0,8,6,39.0,1,9.9,15.9,,,68.0,185.0,23.389125,1.0,Duke,2015.0,2015.0,WAS,105.0,-4.0,0.18181819
2016,3,00-0031941,J.Crowder,WR,WAS,NYG,0,0,0.0,0,0.0,0.0,0.0,0,0.0,0,7,4,78.0,1,13.8,17.8,,,68.0,185.0,23.389125,1.0,Duke,2015.0,2015.0,WAS,105.0,,0.2
2016,4,00-0031941,J.Crowder,WR,WAS,CLE,0,0,0.0,0,0.0,0.0,0.0,0,0.0,0,3,2,21.0,0,2.1,4.1,,,68.0,185.0,23.389125,1.0,Duke,2015.0,2015.0,WAS,105.0,11.0,0.11111111
2016,5,00-0031941,J.Crowder,WR,WAS,BAL,0,0,0.0,0,0.0,0.0,0.0,0,0.0,0,3,3,35.0,0,9.5,12.5,,,68.0,185.0,23.389125,1.0,Duke,2015.0,2015.0,WAS,105.0,,0.07692308
2016,6,00-0031941,J.Crowder,WR,WAS,PHI,0,0,0.0,0,0.0,0.0,0.0,1,-9.0,0,4,3,52.0,1,10.3,13.3,,,68.0,185.0,23.389125,1.0,Duke,2015.0,2015.0,WAS,105.0,7.0,0.125
2016,7,00-0031941,J.Crowder,WR,WAS,DET,0,0,0.0,0,0.0,0.0,0.0,0,0.0,0,9,7,108.0,0,10.8,17.8,,,68.0,185.0,23.389125,1.0,Duke,2015.0,2015.0,WAS,105.0,,0.23076923
2016,8,00-0031941,J.Crowder,WR,WAS,CIN,0,0,0.0,0,0.0,0.0,0.0,0,0.0,0,13,9,107.0,1,16.7,25.7,,,68.0,185.0,23.389125,1.0,Duke,2015.0,2015.0,WAS,105.0,,0.23214285
2016,10,00-0031941,J.Crowder,WR,WAS,MIN,0,0,0.0,0,0.0,0.0,0.0,1,7.0,0,6,4,37.0,1,10.4,14.4,,,68.0,185.0,23.389125,1.0,Duke,2015.0,2015.0,WAS,105.0,6.0,0.18181819
2016,11,00-0031941,J.Crowder,WR,WAS,GB,0,0,0.0,0,0.0,0.0,0.0,0,0.0,0,3,3,102.0,1,16.2,19.2,,,68.0,185.0,23.389125,1.0,Duke,2015.0,2015.0,WAS,105.0,18.0,0.1
2016,12,00-0031941,J.Crowder,WR,WAS,DAL,0,0,0.0,0,0.0,0.0,0.0,0,0.0,0,10,8,88.0,0,8.8,16.8,,,68.0,185.0,23.389125,1.0,Duke,2015.0,2015.0,WAS,105.0,,0.18867925
2016,13,00-0031941,J.Crowder,WR,WAS,ARI,0,0,0.0,0,0.0,0.0,0.0,0,0.0,0,8,3,42.0,1,10.2,13.2,,,68.0,185.0,23.389125,1.0,Duke,2015.0,2015.0,WAS,105.0,,0.23529412
2016,14,00-0031941,J.Crowder,WR,WAS,PHI,0,0,0.0,0,0.0,0.0,0.0,0,0.0,0,5,2,37.0,0,3.7,5.7,,,68.0,185.0,23.389125,1.0,Duke,2015.0,2015.0,WAS,105.0,,0.23809524
2016,15,00-0031941,J.Crowder,WR,WAS,CAR,0,0,0.0,0,0.0,0.0,0.0,0,0.0,0,5,4,24.0,0,0.4,4.4,,,68.0,185.0,23.389125,1.0,Duke,2015.0,2015.0,WAS,105.0,-11.0,0.10638298
2016,16,00-0031941,J.Crowder,WR,WAS,CHI,0,0,0.0,0,0.0,0.0,0.0,0,0.0,0,2,1,3.0,0,0.3,1.3,,,68.0,185.0,23.389125,1.0,Duke,2015.0,2015.0,WAS,105.0,,0.07692308
2016,17,00-0031941,J.Crowder,WR,WAS,NYG,0,0,0.0,0,0.0,0.0,0.0,0,0.0,0,3,2,16.0,0,1.6,3.6,,,68.0,185.0,23.389125,1.0,Duke,2015.0,2015.0,WAS,105.0,-9.0,0.0882353
2016,9,00-0031951,J.O'Shaughnessy,TE,KC,JAX,0,0,0.0,0,0.0,0.0,0.0,0,0.0,0,1,1,0.0,0,0.0,1.0,,,76.0,245.0,24.82841176470588,1.0,Illinois State,2015.0,2015.0,KC,173.0,5.0,0.030303031
2016,12,00-0031951,J.O'Shaughnessy,TE,KC,DEN,0,0,0.0,0,0.0,0.0,0.0,0,0.0,0,1,1,-1.0,0,-0.1,0.9,,,76.0,245.0,24.82841176470588,1.0,Illinois State,2015.0,2015.0,KC,173.0,,0.024390243
2016,15,00-0031951,J.O'Shaughnessy,TE,KC,TEN,0,0,0.0,0,0.0,0.0,0.0,0,0.0,0,1,0,0.0,0,0.0,0.0,,,76.0,245.0,24.82841176470588,1.0,Illinois State,2015.0,2015.0,KC,173.0,-2.0,0.035714287
2016,16,00-0031953,G.Davis,WR,LAC,CLE,0,0,0.0,0,0.0,0.0,0.0,0,0.0,0,1,0,0.0,0,0.0,0.0,,,74.0,216.0,24.886125,1.0,Connecticut,2015.0,2015.0,NYG,186.0,,0.022727273
2016,17,00-0031953,G.Davis,WR,LAC,KC,0,0,0.0,0,0.0,0.0,0.0,0,0.0,0,1,0,0.0,0,0.0,0.0,,,74.0,216.0,24.886125,1.0,Connecticut,2015.0,2015.0,NYG,186.0,,0.027027028
2016,11,00-0031959,M.Murphy,RB,NO,CAR,0,0,0.0,0,0.0,0.0,0.0,0,0.0,0,1,1,3.0,0,0.3,1.3,,,69.0,195.0,25.0994375,1.0,Missouri,2015.0,2015.0,NO,230.0,,0.022727273
2016,1,00-0032004,W.Tye,TE,NYG,DAL,0,0,0.0,0,0.0,0.0,0.0,0,0.0,0,3,3,16.0,0,1.6,4.6,,,74.0,260.0,25.018588235294118,1.0,Stony Brook,2015.0,2015.0,,,,0.10714286
2016,2,00-0032004,W.Tye,TE,NYG,NO,0,0,0.0,0,0.0,0.0,0.0,0,0.0,0,3,2,10.0,0,1.0,3.0,,,74.0,260.0,25.018588235294118,1.0,Stony Brook,2015.0,2015.0,,,3.0,0.07317073
2016,3,00-0032004,W.Tye,TE,NYG,WAS,0,0,0.0,0,0.0,0.0,0.0,0,0.0,0,5,3,14.0,0,1.4,4.4,,,74.0,260.0,25.018588235294118,1.0,Stony Brook,2015.0,2015.0,,,-2.0,0.13157895
2016,4,00-0032004,W.Tye,TE,NYG,MIN,0,0,0.0,0,0.0,0.0,0.0,0,0.0,0,6,4,43.0,0,4.3,8.3,,,74.0,260.0,25.018588235294118,1.0,Stony Brook,2015.0,2015.0,,,,0.13333334
2016,5,00-0032004,W.Tye,TE,NYG,GB,0,0,0.0,0,0.0,0.0,0.0,0,0.0,0,3,2,37.0,0,3.7,5.7,,,74.0,260.0,25.018588235294118,1.0,Stony Brook,2015.0,2015.0,,,,0.08571429
2016,6,00-0032004,W.Tye,TE,NYG,BAL,0,0,0.0,0,0.0,0.0,0.0,0,0.0,0,2,2,15.0,0,1.5,3.5,,,74.0,260.0,25.018588235294118,1.0,Stony Brook,2015.0,2015.0,,,4.0,0.04347826
2016,7,00-0032004,W.Tye,TE,NYG,LA,0,0,0.0,0,0.0,0.0,0.0,0,0.0,0,3,2,14.0,0,1.4,3.4,,,74.0,260.0,25.018588235294118,1.0,Stony Brook,2015.0,2015.0,,,,0.08108108
2016,9,00-0032004,W.Tye,TE,NYG,PHI,0,0,0.0,0,0.0,0.0,0.0,0,0.0,0,7,4,33.0,0,3.3,7.3,,,74.0,260.0,25.018588235294118,1.0,Stony Brook,2015.0,2015.0,,,5.0,0.19444445
2016,10,00-0032004,W.Tye,TE,NYG,CIN,0,0,0.0,0,0.0,0.0,0.0,0,0.0,0,8,5,53.0,0,5.3,10.3,,,74.0,260.0,25.018588235294118,1.0,Stony Brook,2015.0,2015.0,,,1.0,0.18181819
2016,11,00-0032004,W.Tye,TE,NYG,CHI,0,0,0.0,0,0.0,0.0,0.0,0,0.0,0,5,2,12.0,1,7.2,9.2,,,74.0,260.0,25.018588235294118,1.0,Stony Brook,2015.0,2015.0,,,6.0,0.1388889
2016,12,00-0032004,W.Tye,TE,NYG,CLE,0,0,0.0,0,0.0,0.0,0.0,0,0.0,0,2,2,12.0,0,1.2,3.2,,,74.0,260.0,25.018588235294118,1.0,Stony Brook,2015.0,2015.0,,,,0.074074075
2016,13,00-0032004,W.Tye,TE,NYG,PIT,0,0,0.0,0,0.0,0.0,0.0,0,0.0,0,4,2,22.0,0,2.2,4.2,,,74.0,260.0,25.018588235294118,1.0,Stony Brook,2015.0,2015.0,,,,0.102564104
2016,14,00-0032004,W.Tye,TE,NYG,DAL,0,0,0.0,0,0.0,0.0,0.0,0,0.0,0,2,2,19.0,0,1.9,3.9,,,74.0,260.0,25.018588235294118,1.0,Stony Brook,2015.0,2015.0,,,3.0,0.071428575
2016,15,00-0032004,W.Tye,TE,NYG,DET,0,0,0.0,0,0.0,0.0,0.0,0,0.0,0,4,4,25.0,0,2.5,6.5,,,74.0,260.0,25.018588235294118,1.0,Stony Brook,2015.0,2015.0,,,11.0,0.14285715
2016,16,00-0032004,W.Tye,TE,NYG,PHI,0,0,0.0,0,0.0,0.0,0.0,0,0.0,0,8,5,23.0,0,2.3,7.3,,,74.0,260.0,25.018588235294118,1.0,Stony Brook,2015.0,2015.0,,,,0.12698413
2016,17,00-0032004,W.Tye,TE,NYG,WAS,0,0,0.0,0,0.0,0.0,0.0,0,0.0,0,5,4,47.0,0,4.7,8.7,,,74.0,260.0,25.018588235294118,1.0,Stony Brook,2015.0,2015.0,,,,0.1923077
2016,18,00-0032004,W.Tye,TE,NYG,GB,0,0,0.0,0,0.0,0.0,0.0,0,0.0,0,7,4,66.0,0,6.6,10.6,,,74.0,260.0,25.018588235294118,1.0,Stony Brook,2015.0,2015.0,,,,0.1590909
2016,3,00-0032007,Q.Dunbar,CB,WAS,NYG,0,0,0.0,0,0.0,0.0,0.0,0,0.0,0,1,1,31.0,0,3.1,4.1,,,74.0,203.0,24.2925625,1.0,Florida,2015.0,2015.0,,,,0.028571429
2016,1,00-0032009,A.Humphries,WR,TB,ATL,0,0,0.0,0,0.0,0.0,0.0,1,7.0,0,5,3,34.0,0,4.1,7.1,,,71.0,195.0,23.3733125,1.0,Clemson,2015.0,2015.0,,,,0.15625
2016,2,00-0032009,A.Humphries,WR,TB,ARI,0,0,0.0,0,0.0,0.0,0.0,0,0.0,0,8,6,67.0,0,6.7,12.7,,,71.0,195.0,23.3733125,1.0,Clemson,2015.0,2015.0,,,,0.15686275
2016,3,00-0032009,A.Humphries,WR,TB,LA,0,0,0.0,0,0.0,0.0,0.0,0,0.0,0,12,9,100.0,0,10.0,19.0,,,71.0,195.0,23.3733125,1.0,Clemson,2015.0,2015.0,,,-5.0,0.21052632
2016,4,00-0032009,A.Humphries,WR,TB,DEN,0,0,0.0,0,0.0,0.0,0.0,0,0.0,0,4,1,4.0,0,0.4,1.4,,,71.0,195.0,23.3733125,1.0,Clemson,2015.0,2015.0,,,-20.0,0.114285715
2016,5,00-0032009,A.Humphries,WR,TB,CAR,0,0,0.0,0,0.0,0.0,0.0,0,0.0,0,2,1,11.0,0,3.1,4.1,,,71.0,195.0,23.3733125,1.0,Clemson,2015.0,2015.0,,,,0.06666667
2016,7,00-0032009,A.Humphries,WR,TB,SF,0,0,0.0,0,0.0,0.0,0.0,1,6.0,0,3,2,17.0,0,2.3,4.3,,,71.0,195.0,23.3733125,1.0,Clemson,2015.0,2015.0,,,,0.10344828
2016,8,00-0032009,A.Humphries,WR,TB,LV,0,0,0.0,0,0.0,0.0,0.0,0,0.0,0,4,3,58.0,0,5.8,8.8,,,71.0,195.0,23.3733125,1.0,Clemson,2015.0,2015.0,,,-6.0,0.125
2016,9,00-0032009,A.Humphries,WR,TB,ATL,0,0,0.0,0,0.0,0.0,0.0,0,0.0,0,7,5,46.0,1,10.6,15.6,,,71.0,195.0,23.3733125,1.0,Clemson,2015.0,2015.0,,,-15.0,0.14583333
2016,10,00-0032009,A.Humphries,WR,TB,CHI,0,0,0.0,0,0.0,0.0,0.0,1,2.0,0,8,5,46.0,0,4.8,9.8,,,71.0,195.0,23.3733125,1.0,Clemson,2015.0,2015.0,,,26.0,0.25
2016,11,00-0032009,A.Humphries,WR,TB,KC,0,0,0.0,0,0.0,0.0,0.0,0,0.0,0,7,4,47.0,0,4.7,8.7,,,71.0,195.0,23.3733125,1.0,Clemson,2015.0,2015.0,,,,0.17948718
2016,12,00-0032009,A.Humphries,WR,TB,SEA,0,0,0.0,0,0.0,0.0,0.0,2,3.0,0,1,1,18.0,0,2.1,3.1,,,71.0,195.0,23.3733125,1.0,Clemson,2015.0,2015.0,,,9.0,0.035714287
2016,13,00-0032009,A.Humphries,WR,TB,LAC,0,0,0.0,0,0.0,0.0,0.0,0,0.0,0,2,2,19.0,0,1.9,3.9,,,71.0,195.0,23.3733125,1.0,Clemson,2015.0,2015.0,,,,0.06666667
2016,15,00-0032009,A.Humphries,WR,TB,DAL,0,0,0.0,0,0.0,0.0,0.0,0,0.0,0,5,2,49.0,1,10.9,12.9,,,71.0,195.0,23.3733125,1.0,Clemson,2015.0,2015.0,,,,0.15151516
2016,16,00-0032009,A.Humphries,WR,TB,NO,0,0,0.0,0,0.0,0.0,0.0,0,0.0,0,2,1,12.0,0,1.2,2.2,,,71.0,195.0,23.3733125,1.0,Clemson,2015.0,2015.0,,,,0.05882353
2016,17,00-0032009,A.Humphries,WR,TB,CAR,0,0,0.0,0,0.0,0.0,0.0,0,0.0,0,13,10,94.0,0,9.4,19.4,,,71.0,195.0,23.3733125,1.0,Clemson,2015.0,2015.0,,,1.0,0.37142858
2016,17,00-0032012,I.Fruechte,WR,MIN,CHI,0,0,0.0,0,0.0,0.0,0.0,0,0.0,0,1,0,0.0,0,0.0,0.0,,,75.0,210.0,25.823,1.0,Minnesota,2015.0,2015.0,,,28.0,0.029411765
2016,16,00-0032048,M.Brown,RB,WAS,CHI,0,0,0.0,0,0.0,0.0,0.0,8,82.0,1,1,1,-2.0,0,14.0,15.0,,,71.0,214.0,25.193444444444445,1.0,Florida,2015.0,2015.0,,,,0.03846154
2016,1,00-0032054,B.Perriman,WR,BAL,BUF,0,0,0.0,0,0.0,0.0,0.0,0,0.0,0,2,1,35.0,0,3.5,4.5,,,74.0,212.0,23.1575625,1.0,Central Florida,2015.0,2015.0,BAL,26.0,6.0,0.0625
2016,2,00-0032054,B.Perriman,WR,BAL,CLE,0,0,0.0,0,0.0,0.0,0.0,0,0.0,0,5,2,32.0,0,3.2,5.2,,,74.0,212.0,23.1575625,1.0,Central Florida,2015.0,2015.0,BAL,26.0,,0.11111111
2016,3,00-0032054,B.Perriman,WR,BAL,JAX,0,0,0.0,0,0.0,0.0,0.0,1,2.0,0,4,2,22.0,0,2.4,4.4,,,74.0,212.0,23.1575625,1.0,Central Florida,2015.0,2015.0,BAL,26.0,,0.1
2016,4,00-0032054,B.Perriman,WR,BAL,LV,0,0,0.0,0,0.0,0.0,0.0,0,0.0,0,5,3,24.0,0,2.4,5.4,,,74.0,212.0,23.1575625,1.0,Central Florida,2015.0,2015.0,BAL,26.0,-1.0,0.1
2016,5,00-0032054,B.Perriman,WR,BAL,WAS,0,0,0.0,0,0.0,0.0,0.0,0,0.0,0,5,2,11.0,0,1.1,3.1,,,74.0,212.0,23.1575625,1.0,Central Florida,2015.0,2015.0,BAL,26.0,-6.0,0.10638298
2016,6,00-0032054,B.Perriman,WR,BAL,NYG,0,0,0.0,0,0.0,0.0,0.0,0,0.0,0,8,3,48.0,0,4.8,7.8,,,74.0,212.0,23.1575625,1.0,Central Florida,2015.0,2015.0,BAL,26.0,,0.16666667
2016,7,00-0032054,B.Perriman,WR,BAL,NYJ,0,0,0.0,0,0.0,0.0,0.0,0,0.0,0,5,1,11.0,0,1.1,2.1,,,74.0,212.0,23.1575625,1.0,Central Florida,2015.0,2015.0,BAL,26.0,,0.11627907
2016,9,00-0032054,B.Perriman,WR,BAL,PIT,0,0,0.0,0,0.0,0.0,0.0,0,0.0,0,4,3,33.0,0,3.3,6.3,,,74.0,212.0,23.1575625,1.0,Central Florida,2015.0,2015.0,BAL,26.0,7.0,0.13333334
2016,10,00-0032054,B.Perriman,WR,BAL,CLE,0,0,0.0,0,0.0,0.0,0.0,0,0.0,0,4,3,64.0,1,12.4,15.4,,,74.0,212.0,23.1575625,1.0,Central Florida,2015.0,2015.0,BAL,26.0,21.0,0.1
2016,12,00-0032054,B.Perriman,WR,BAL,CIN,0,0,0.0,0,0.0,0.0,0.0,0,0.0,0,3,1,14.0,1,7.4,8.4,,,74.0,212.0,23.1575625,1.0,Central Florida,2015.0,2015.0,BAL,26.0,5.0,0.09090909
2016,13,00-0032054,B.Perriman,WR,BAL,MIA,0,0,0.0,0,0.0,0.0,0.0,0,0.0,0,3,2,59.0,1,11.9,13.9,,,74.0,212.0,23.1575625,1.0,Central Florida,2015.0,2015.0,BAL,26.0,32.0,0.0625
2016,14,00-0032054,B.Perriman,WR,BAL,NE,0,0,0.0,0,0.0,0.0,0.0,0,0.0,0,4,3,52.0,0,5.2,8.2,,,74.0,212.0,23.1575625,1.0,Central Florida,2015.0,2015.0,BAL,26.0,,0.07692308
2016,15,00-0032054,B.Perriman,WR,BAL,PHI,0,0,0.0,0,0.0,0.0,0.0,0,0.0,0,1,0,0.0,0,0.0,0.0,,,74.0,212.0,23.1575625,1.0,Central Florida,2015.0,2015.0,BAL,26.0,1.0,0.03448276
2016,16,00-0032054,B.Perriman,WR,BAL,PIT,0,0,0.0,0,0.0,0.0,0.0,0,0.0,0,5,3,32.0,0,3.2,6.2,,,74.0,212.0,23.1575625,1.0,Central Florida,2015.0,2015.0,BAL,26.0,,0.11363637
2016,17,00-0032054,B.Perriman,WR,BAL,CIN,0,0,0.0,0,0.0,0.0,0.0,0,0.0,0,8,4,62.0,0,6.2,10.2,,,74.0,212.0,23.1575625,1.0,Central Florida,2015.0,2015.0,BAL,26.0,,0.1632653
2016,1,00-0032055,D.Funchess,TE,CAR,DEN,0,0,0.0,0,0.0,0.0,0.0,0,0.0,0,4,1,9.0,0,0.9,1.9,,,76.0,225.0,22.465625,1.0,Michigan,2015.0,2015.0,CAR,41.0,,0.12903225
2016,2,00-0032055,D.Funchess,TE,CAR,SF,0,0,0.0,0,0.0,0.0,0.0,0,0.0,0,4,2,19.0,1,7.9,9.9,,,76.0,225.0,22.465625,1.0,Michigan,2015.0,2015.0,CAR,41.0,19.0,0.102564104
2016,3,00-0032055,D.Funchess,TE,CAR,MIN,0,0,0.0,0,0.0,0.0,0.0,0,0.0,0,2,0,0.0,0,0.0,0.0,,,76.0,225.0,22.465625,1.0,Michigan,2015.0,2015.0,CAR,41.0,-12.0,0.055555556
2016,4,00-0032055,D.Funchess,TE,CAR,ATL,0,0,0.0,0,0.0,0.0,0.0,0,0.0,0,3,2,56.0,0,5.6,7.6,,,76.0,225.0,22.465625,1.0,Michigan,2015.0,2015.0,CAR,41.0,,0.0625
2016,6,00-0032055,D.Funchess,TE,CAR,NO,0,0,0.0,0,0.0,0.0,0.0,0,0.0,0,6,2,28.0,1,10.8,12.8,,,76.0,225.0,22.465625,1.0,Michigan,2015.0,2015.0,CAR,41.0,,0.13043478
2016,8,00-0032055,D.Funchess,TE,CAR,ARI,0,0,0.0,0,0.0,0.0,0.0,0,0.0,0,4,3,38.0,0,3.8,6.8,,,76.0,225.0,22.465625,1.0,Michigan,2015.0,2015.0,CAR,41.0,10.0,0.14814815
2016,9,00-0032055,D.Funchess,TE,CAR,LA,0,0,0.0,0,0.0,0.0,0.0,0,0.0,0,5,1,28.0,0,2.8,3.8,,,76.0,225.0,22.465625,1.0,Michigan,2015.0,2015.0,CAR,41.0,,0.15625
2016,10,00-0032055,D.Funchess,TE,CAR,KC,0,0,0.0,0,0.0,0.0,0.0,0,0.0,0,4,3,56.0,1,11.6,14.6,,,76.0,225.0,22.465625,1.0,Michigan,2015.0,2015.0,CAR,41.0,-3.0,0.10526316
2016,11,00-0032055,D.Funchess,TE,CAR,NO,0,0,0.0,0,0.0,0.0,0.0,0,0.0,0,7,2,32.0,0,3.2,5.2,,,76.0,225.0,22.465625,1.0,Michigan,2015.0,2015.0,CAR,41.0,3.0,0.21875
2016,12,00-0032055,D.Funchess,TE,CAR,LV,0,0,0.0,0,0.0,0.0,0.0,0,0.0,0,2,2,19.0,0,1.9,3.9,,,76.0,225.0,22.465625,1.0,Michigan,2015.0,2015.0,CAR,41.0,,0.071428575
2016,13,00-0032055,D.Funchess,TE,CAR,SEA,0,0,0.0,0,0.0,0.0,0.0,0,0.0,0,4,2,44.0,0,4.4,6.4,,,76.0,225.0,22.465625,1.0,Michigan,2015.0,2015.0,CAR,41.0,,0.125
2016,14,00-0032055,D.Funchess,TE,CAR,LAC,0,0,0.0,0,0.0,0.0,0.0,0,0.0,0,5,2,33.0,1,9.3,11.3,,,76.0,225.0,22.465625,1.0,Michigan,2015.0,2015.0,CAR,41.0,12.0,0.18518518
2016,15,00-0032055,D.Funchess,TE,CAR,WAS,0,0,0.0,0,0.0,0.0,0.0,0,0.0,0,3,0,0.0,0,0.0,0.0,,,76.0,225.0,22.465625,1.0,Michigan,2015.0,2015.0,CAR,41.0,,0.08571429
2016,16,00-0032055,D.Funchess,TE,CAR,ATL,0,0,0.0,0,0.0,0.0,0.0,0,0.0,0,5,1,9.0,0,0.9,1.9,,,76.0,225.0,22.465625,1.0,Michigan,2015.0,2015.0,CAR,41.0,-17.0,0.11627907
2016,1,00-0032058,T.Coleman,RB,ATL,TB,0,0,0.0,0,0.0,0.0,0.0,8,22.0,0,6,5,95.0,0,11.7,16.7,,,73.0,210.0,23.590947368421052,1.0,Indiana,2015.0,2015.0,ATL,73.0,-7.0,0.15789473
2016,2,00-0032058,T.Coleman,RB,ATL,LV,0,0,0.0,0,0.0,0.0,0.0,12,46.0,1,2,2,25.0,0,13.1,15.1,,,73.0,210.0,23.590947368421052,1.0,Indiana,2015.0,2015.0,ATL,73.0,,0.05882353
2016,3,00-0032058,T.Coleman,RB,ATL,NO,0,0,0.0,0,0.0,0.0,0.0,12,42.0,3,3,3,47.0,0,26.9,29.9,,,73.0,210.0,23.590947368421052,1.0,Indiana,2015.0,2015.0,ATL,73.0,,0.1
2016,4,00-0032058,T.Coleman,RB,ATL,CAR,0,0,0.0,0,0.0,0.0,0.0,8,19.0,0,4,3,14.0,0,3.3,6.3,,,73.0,210.0,23.590947368421052,1.0,Indiana,2015.0,2015.0,ATL,73.0,15.0,0.10810811
2016,5,00-0032058,T.Coleman,RB,ATL,DEN,0,0,0.0,0,0.0,0.0,0.0,6,31.0,0,6,4,132.0,1,22.3,26.3,,,73.0,210.0,23.590947368421052,1.0,Indiana,2015.0,2015.0,ATL,73.0,,0.21428572
2016,6,00-0032058,T.Coleman,RB,ATL,SEA,0,0,0.0,0,0.0,0.0,0.0,5,10.0,0,2,1,7.0,0,1.7,2.7,,,73.0,210.0,23.590947368421052,1.0,Indiana,2015.0,2015.0,ATL,73.0,,0.048780486
2016,7,00-0032058,T.Coleman,RB,ATL,LAC,0,0,0.0,0,0.0,0.0,0.0,8,64.0,1,1,1,10.0,0,13.4,14.4,,,73.0,210.0,23.590947368421052,1.0,Indiana,2015.0,2015.0,ATL,73.0,-3.0,0.029411765
2016,12,00-0032058,T.Coleman,RB,ATL,ARI,0,0,0.0,0,0.0,0.0,0.0,8,9.0,1,2,2,4.0,0,7.3,9.3,,,73.0,210.0,23.590947368421052,1.0,Indiana,2015.0,2015.0,ATL,73.0,19.0,0.060606062
2016,13,00-0032058,T.Coleman,RB,ATL,KC,0,0,0.0,0,0.0,0.0,0.0,12,49.0,0,2,0,0.0,0,4.9,4.9,,,73.0,210.0,23.590947368421052,1.0,Indiana,2015.0,2015.0,ATL,73.0,-1.0,0.060606062
2016,14,00-0032058,T.Coleman,RB,ATL,LA,0,0,0.0,0,0.0,0.0,0.0,8,36.0,1,3,2,19.0,1,17.5,19.5,,,73.0,210.0,23.590947368421052,1.0,Indiana,2015.0,2015.0,ATL,73.0,,0.1
2016,15,00-0032058,T.Coleman,RB,ATL,SF,0,0,0.0,0,0.0,0.0,0.0,14,58.0,0,2,2,8.0,0,6.6,8.6,,,73.0,210.0,23.590947368421052,1.0,Indiana,2015.0,2015.0,ATL,73.0,28.0,0.08695652
2016,16,00-0032058,T.Coleman,RB,ATL,CAR,0,0,0.0,0,0.0,0.0,0.0,9,90.0,1,3,3,45.0,0,19.5,22.5,,,73.0,210.0,23.590947368421052,1.0,Indiana,2015.0,2015.0,ATL,73.0,,0.09090909
2016,17,00-0032058,T.Coleman,RB,ATL,NO,0,0,0.0,0,0.0,0.0,0.0,8,44.0,0,4,3,15.0,1,11.9,14.9,,,73.0,210.0,23.590947368421052,1.0,Indiana,2015.0,2015.0,ATL,73.0,6.0,0.11111111
2016,19,00-0032058,T.Coleman,RB,ATL,SEA,0,0,0.0,0,0.0,0.0,0.0,11,57.0,0,4,3,22.0,1,13.9,16.9,,,73.0,210.0,23.590947368421052,1.0,Indiana,2015.0,2015.0,ATL,73.0,16.0,0.10810811
2016,20,00-0032058,T.Coleman,RB,ATL,GB,0,0,0.0,0,0.0,0.0,0.0,11,29.0,1,3,3,35.0,0,12.4,15.4,,,73.0,210.0,23.590947368421052,1.0,Indiana,2015.0,2015.0,ATL,73.0,23.0,0.078947365
2016,21,00-0032058,T.Coleman,RB,ATL,NE,0,0,0.0,0,0.0,0.0,0.0,7,29.0,0,1,1,6.0,1,9.5,10.5,,,73.0,210.0,23.590947368421052,1.0,Indiana,2015.0,2015.0,ATL,73.0,-6.0,0.045454547
2016,2,00-0032062,B.Bell,TE,SF,CAR,0,0,0.0,0,0.0,0.0,0.0,0,0.0,0,2,1,6.0,0,0.6,1.6,,,78.0,252.0,25.2519375,1.0,Oklahoma,2015.0,2015.0,SF,117.0,,0.055555556
2016,3,00-0032062,B.Bell,TE,SF,SEA,0,0,0.0,0,0.0,0.0,0.0,0,0.0,0,1,0,0.0,0,0.0,0.0,,,78.0,252.0,25.2519375,1.0,Oklahoma,2015.0,2015.0,SF,117.0,,0.04
2016,5,00-0032062,B.Bell,TE,SF,ARI,0,0,0.0,0,0.0,0.0,0.0,0,0.0,0,2,1,4.0,0,0.4,1.4,,,78.0,252.0,25.2519375,1.0,Oklahoma,2015.0,2015.0,SF,117.0,-12.0,0.06451613
2016,12,00-0032062,B.Bell,TE,SF,MIA,0,0,0.0,0,0.0,0.0,0.0,0,0.0,0,1,0,0.0,0,0.0,0.0,,,78.0,252.0,25.2519375,1.0,Oklahoma,2015.0,2015.0,SF,117.0,,0.022222223
2016,14,00-0032062,B.Bell,TE,SF,NYJ,0,0,0.0,0,0.0,0.0,0.0,0,0.0,0,2,1,30.0,0,3.0,4.0,,,78.0,252.0,25.2519375,1.0,Oklahoma,2015.0,2015.0,SF,117.0,-6.0,0.07692308
2016,15,00-0032062,B.Bell,TE,SF,ATL,0,0,0.0,0,0.0,0.0,0.0,0,0.0,0,1,1,45.0,0,4.5,5.5,,,78.0,252.0,25.2519375,1.0,Oklahoma,2015.0,2015.0,SF,117.0,,0.030303031
2016,1,00-0032063,M.Davis,RB,SF,LA,0,0,0.0,0,0.0,0.0,0.0,3,1.0,0,0,0,0.0,0,0.1,0.1,,,69.0,217.0,23.7133125,1.0,South Carolina,2015.0,2015.0,SF,126.0,28.0,
2016,2,00-0032063,M.Davis,RB,SF,CAR,0,0,0.0,0,0.0,0.0,0.0,0,0.0,0,1,1,10.0,0,1.0,2.0,,,69.0,217.0,23.7133125,1.0,South Carolina,2015.0,2015.0,SF,126.0,,0.027777778
2016,5,00-0032063,M.Davis,RB,SF,ARI,0,0,0.0,0,0.0,0.0,0.0,2,4.0,0,0,0,0.0,0,0.4,0.4,,,69.0,217.0,23.7133125,1.0,South Carolina,2015.0,2015.0,SF,126.0,-12.0,
2016,6,00-0032063,M.Davis,RB,SF,BUF,0,0,0.0,0,0.0,0.0,0.0,5,13.0,0,3,1,6.0,0,1.9,2.9,,,69.0,217.0,23.7133125,1.0,South Carolina,2015.0,2015.0,SF,126.0,,0.10714286
2016,7,00-0032063,M.Davis,RB,SF,TB,0,0,0.0,0,0.0,0.0,0.0,7,21.0,1,0,0,0.0,0,8.1,8.1,,,69.0,217.0,23.7133125,1.0,South Carolina,2015.0,2015.0,SF,126.0,-17.0,
2016,9,00-0032063,M.Davis,RB,SF,NO,0,0,0.0,0,0.0,0.0,0.0,2,11.0,0,1,1,9.0,0,0.0,1.0,,,69.0,217.0,23.7133125,1.0,South Carolina,2015.0,2015.0,SF,126.0,-18.0,0.025641026
2016,17,00-0032064,D.Smelter,WR,SF,SEA,0,0,0.0,0,0.0,0.0,0.0,0,0.0,0,1,1,23.0,0,2.3,3.3,,,74.0,227.0,25.0705,1.0,Georgia Tech,2015.0,2015.0,SF,132.0,-2.0,0.045454547
2016,1,00-0032068,M.Johnson,RB,CLE,PHI,0,0,0.0,0,0.0,0.0,0.0,0,0.0,0,2,2,9.0,0,0.9,2.9,,,73.0,231.0,24.203555555555553,1.0,Mississippi State,2015.0,2015.0,CLE,195.0,,0.07692308
2016,3,00-0032068,M.Johnson,RB,CLE,MIA,0,0,0.0,0,0.0,0.0,0.0,0,0.0,0,1,1,3.0,0,0.3,1.3,,,73.0,231.0,24.203555555555553,1.0,Mississippi State,2015.0,2015.0,CLE,195.0,,0.02631579
2016,4,00-0032068,M.Johnson,RB,CLE,WAS,0,0,0.0,0,0.0,0.0,0.0,1,2.0,0,1,1,11.0,0,-0.7,0.3,,,73.0,231.0,24.203555555555553,1.0,Mississippi State,2015.0,2015.0,CLE,195.0,,0.02631579
2016,5,00-0032068,M.Johnson,RB,CLE,NE,0,0,0.0,0,0.0,0.0,0.0,0,0.0,0,1,0,0.0,0,0.0,0.0,,,73.0,231.0,24.203555555555553,1.0,Mississippi State,2015.0,2015.0,CLE,195.0,-20.0,0.028571429
2016,7,00-0032068,M.Johnson,RB,CLE,CIN,0,0,0.0,0,0.0,0.0,0.0,0,0.0,0,2,1,21.0,0,2.1,3.1,,,73.0,231.0,24.203555555555553,1.0,Mississippi State,2015.0,2015.0,CLE,195.0,,0.06451613
2016,13,00-0032070,D.Lewis,WR,BUF,LV,0,0,0.0,0,0.0,0.0,0.0,0,0.0,0,1,0,0.0,0,0.0,0.0,,,76.0,214.0,23.990333333333336,1.0,Central Arkansas,2015.0,2015.0,BUF,234.0,,0.028571429
2016,12,00-0032098,D.Brown,TE,CHI,TEN,0,0,0.0,0,0.0,0.0,0.0,0,0.0,0,4,3,24.0,1,8.4,11.4,,,77.0,225.0,24.475615384615384,1.0,James Madison,2015.0,2015.0,,,-6.0,0.074074075
2016,13,00-0032098,D.Brown,TE,CHI,SF,0,0,0.0,0,0.0,0.0,0.0,0,0.0,0,2,2,13.0,0,1.3,3.3,,,77.0,225.0,24.475615384615384,1.0,James Madison,2015.0,2015.0,,,20.0,0.11111111
2016,14,00-0032098,D.Brown,TE,CHI,DET,0,0,0.0,0,0.0,0.0,0.0,0,0.0,0,6,6,42.0,0,4.2,10.2,,,77.0,225.0,24.475615384615384,1.0,James Madison,2015.0,2015.0,,,,0.1875
2016,15,00-0032098,D.Brown,TE,CHI,GB,0,0,0.0,0,0.0,0.0,0.0,0,0.0,0,2,1,8.0,0,0.8,1.8,,,77.0,225.0,24.475615384615384,1.0,James Madison,2015.0,2015.0,,,-3.0,0.046511628
2016,16,00-0032098,D.Brown,TE,CHI,WAS,0,0,0.0,0,0.0,0.0,0.0,0,0.0,0,4,2,19.0,0,1.9,3.9,,,77.0,225.0,24.475615384615384,1.0,James Madison,2015.0,2015.0,,,-20.0,0.1
2016,17,00-0032098,D.Brown,TE,CHI,MIN,0,0,0.0,0,0.0,0.0,0.0,0,0.0,0,2,2,18.0,0,1.8,3.8,,,77.0,225.0,24.475615384615384,1.0,James Madison,2015.0,2015.0,,,,0.1
2016,1,00-0032104,A.Abdullah,RB,DET,IND,0,0,0.0,0,0.0,0.0,0.0,12,63.0,0,5,5,57.0,1,18.0,23.0,,,69.0,203.0,23.408882352941177,1.0,Nebraska,2015.0,2015.0,DET,54.0,,0.13513513
2016,2,00-0032104,A.Abdullah,RB,DET,TEN,0,0,0.0,0,0.0,0.0,0.0,6,38.0,0,0,0,0.0,0,3.8,3.8,,,69.0,203.0,23.408882352941177,1.0,Nebraska,2015.0,2015.0,DET,54.0,-1.0,
2016,1,00-0032112,J.Nelson,WR,ARI,NE,0,0,0.0,0,0.0,0.0,0.0,0,0.0,0,2,1,11.0,0,1.1,2.1,,,70.0,156.0,24.5360625,1.0,Alabama-Birmingham,2015.0,2015.0,ARI,159.0,-2.0,0.054054055
2016,4,00-0032112,J.Nelson,WR,ARI,LA,0,0,0.0,0,0.0,0.0,0.0,0,0.0,0,1,1,24.0,0,2.4,3.4,,,70.0,156.0,24.5360625,1.0,Alabama-Birmingham,2015.0,2015.0,ARI,159.0,-4.0,0.022222223
2016,5,00-0032112,J.Nelson,WR,ARI,SF,0,0,0.0,0,0.0,0.0,0.0,0,0.0,0,1,0,0.0,0,0.0,0.0,,,70.0,156.0,24.5360625,1.0,Alabama-Birmingham,2015.0,2015.0,ARI,159.0,,0.037037037
2016,6,00-0032112,J.Nelson,WR,ARI,NYJ,0,0,0.0,0,0.0,0.0,0.0,2,23.0,0,2,2,16.0,0,3.9,5.9,,,70.0,156.0,24.5360625,1.0,Alabama-Birmingham,2015.0,2015.0,ARI,159.0,25.0,0.057142857
2016,7,00-0032112,J.Nelson,WR,ARI,SEA,0,0,0.0,0,0.0,0.0,0.0,1,4.0,0,7,3,84.0,0,8.8,11.8,,,70.0,156.0,24.5360625,1.0,Alabama-Birmingham,2015.0,2015.0,ARI,159.0,0.0,0.14285715
2016,8,00-0032112,J.Nelson,WR,ARI,CAR,0,0,0.0,0,0.0,0.0,0.0,0,0.0,0,12,8,79.0,2,19.9,27.9,,,70.0,156.0,24.5360625,1.0,Alabama-Birmingham,2015.0,2015.0,ARI,159.0,,0.26666668
2016,10,00-0032112,J.Nelson,WR,ARI,SF,0,0,0.0,0,0.0,0.0,0.0,0,0.0,0,6,2,29.0,0,0.9,2.9,,,70.0,156.0,24.5360625,1.0,Alabama-Birmingham,2015.0,2015.0,ARI,159.0,3.0,0.125
2016,11,00-0032112,J.Nelson,WR,ARI,MIN,0,0,0.0,0,0.0,0.0,0.0,0,0.0,0,5,1,0.0,0,0.0,1.0,,,70.0,156.0,24.5360625,1.0,Alabama-Birmingham,2015.0,2015.0,ARI,159.0,,0.13513513
2016,12,00-0032112,J.Nelson,WR,ARI,ATL,0,0,0.0,0,0.0,0.0,0.0,0,0.0,0,4,2,30.0,0,3.0,5.0,,,70.0,156.0,24.5360625,1.0,Alabama-Birmingham,2015.0,2015.0,ARI,159.0,,0.09090909
2016,13,00-0032112,J.Nelson,WR,ARI,WAS,0,0,0.0,0,0.0,0.0,0.0,0,0.0,0,2,1,42.0,1,10.2,11.2,,,70.0,156.0,24.5360625,1.0,Alabama-Birmingham,2015.0,2015.0,ARI,159.0,8.0,0.046511628
2016,14,00-0032112,J.Nelson,WR,ARI,MIA,0,0,0.0,0,0.0,0.0,0.0,1,56.0,1,2,1,8.0,1,18.4,19.4,,,70.0,156.0,24.5360625,1.0,Alabama-Birmingham,2015.0,2015.0,ARI,159.0,,0.060606062
2016,15,00-0032112,J.Nelson,WR,ARI,NO,0,0,0.0,0,0.0,0.0,0.0,0,0.0,0,11,5,38.0,1,9.8,14.8,,,70.0,156.0,24.5360625,1.0,Alabama-Birmingham,2015.0,2015.0,ARI,159.0,-7.0,0.275
2016,16,00-0032112,J.Nelson,WR,ARI,SEA,0,0,0.0,0,0.0,0.0,0.0,0,0.0,0,7,3,132.0,1,19.2,22.2,,,70.0,156.0,24.5360625,1.0,Alabama-Birmingham,2015.0,2015.0,ARI,159.0,,0.25925925
2016,17,00-0032112,J.Nelson,WR,ARI,LA,0,0,0.0,0,0.0,0.0,0.0,0,0.0,0,12,4,75.0,0,7.5,11.5,,,70.0,156.0,24.5360625,1.0,Alabama-Birmingham,2015.0,2015.0,ARI,159.0,,0.2857143
2016,1,00-0032117,N.O'Leary,TE,BUF,BAL,0,0,0.0,0,0.0,0.0,0.0,0,0.0,0,1,0,0.0,0,0.0,0.0,,,75.0,252.0,24.1816875,1.0,Florida State,2015.0,2015.0,BUF,194.0,,0.045454547
2016,3,00-0032117,N.O'Leary,TE,BUF,ARI,0,0,0.0,0,0.0,0.0,0.0,0,0.0,0,1,1,28.0,0,2.8,3.8,,,75.0,252.0,24.1816875,1.0,Florida State,2015.0,2015.0,BUF,194.0,15.0,0.04
2016,4,00-0032117,N.O'Leary,TE,BUF,NE,0,0,0.0,0,0.0,0.0,0.0,0,0.0,0,2,2,20.0,0,2.0,4.0,,,75.0,252.0,24.1816875,1.0,Florida State,2015.0,2015.0,BUF,194.0,,0.05263158
2016,6,00-0032117,N.O'Leary,TE,BUF,SF,0,0,0.0,0,0.0,0.0,0.0,0,0.0,0,2,2,29.0,0,2.9,4.9,,,75.0,252.0,24.1816875,1.0,Florida State,2015.0,2015.0,BUF,194.0,29.0,0.08
2016,7,00-0032117,N.O'Leary,TE,BUF,MIA,0,0,0.0,0,0.0,0.0,0.0,0,0.0,0,1,1,7.0,0,0.7,1.7,,,75.0,252.0,24.1816875,1.0,Florida State,2015.0,2015.0,BUF,194.0,,0.04
2016,8,00-0032117,N.O'Leary,TE,BUF,NE,0,0,0.0,0,0.0,0.0,0.0,0,0.0,0,1,1,10.0,0,3.0,4.0,,,75.0,252.0,24.1816875,1.0,Florida State,2015.0,2015.0,BUF,194.0,-16.0,0.025641026
2016,12,00-0032117,N.O'Leary,TE,BUF,JAX,0,0,0.0,0,0.0,0.0,0.0,0,0.0,0,1,0,0.0,0,0.0,0.0,,,75.0,252.0,24.1816875,1.0,Florida State,2015.0,2015.0,BUF,194.0,7.0,0.055555556
2016,13,00-0032117,N.O'Leary,TE,BUF,LV,0,0,0.0,0,0.0,0.0,0.0,0,0.0,0,3,1,8.0,0,0.8,1.8,,,75.0,252.0,24.1816875,1.0,Florida State,2015.0,2015.0,BUF,194.0,,0.08571429
2016,14,00-0032117,N.O'Leary,TE,BUF,PIT,0,0,0.0,0,0.0,0.0,0.0,0,0.0,0,1,1,12.0,0,1.2,2.2,,,75.0,252.0,24.1816875,1.0,Florida State,2015.0,2015.0,BUF,194.0,-7.0,0.04
2016,15,00-0032117,N.O'Leary,TE,BUF,CLE,0,0,0.0,0,0.0,0.0,0.0,0,0.0,0,1,0,0.0,0,0.0,0.0,,,75.0,252.0,24.1816875,1.0,Florida State,2015.0,2015.0,BUF,194.0,20.0,0.04
2016,4,00-0032120,N.Sterling,TE,JAX,IND,0,0,0.0,0,0.0,0.0,0.0,0,0.0,0,1,1,10.0,0,1.0,2.0,,,76.0,238.0,24.81725,1.0,"Monmouth, N.J.",2015.0,2015.0,JAX,220.0,3.0,0.030303031
2016,12,00-0032120,N.Sterling,TE,JAX,BUF,0,0,0.0,0,0.0,0.0,0.0,0,0.0,0,3,2,16.0,0,1.6,3.6,,,76.0,238.0,24.81725,1.0,"Monmouth, N.J.",2015.0,2015.0,JAX,220.0,,0.12
2016,13,00-0032120,N.Sterling,TE,JAX,DEN,0,0,0.0,0,0.0,0.0,0.0,0,0.0,0,6,5,43.0,0,4.3,9.3,,,76.0,238.0,24.81725,1.0,"Monmouth, N.J.",2015.0,2015.0,JAX,220.0,-10.0,0.14285715
2016,14,00-0032120,N.Sterling,TE,JAX,MIN,0,0,0.0,0,0.0,0.0,0.0,0,0.0,0,5,3,27.0,0,2.7,5.7,,,76.0,238.0,24.81725,1.0,"Monmouth, N.J.",2015.0,2015.0,JAX,220.0,-9.0,0.13513513
2016,15,00-0032120,N.Sterling,TE,JAX,HOU,0,0,0.0,0,0.0,0.0,0.0,0,0.0,0,1,1,14.0,0,1.4,2.4,,,76.0,238.0,24.81725,1.0,"Monmouth, N.J.",2015.0,2015.0,JAX,220.0,,0.035714287
2016,1,00-0032128,C.Conley,WR,KC,LAC,0,0,0.0,0,0.0,0.0,0.0,0,0.0,0,7,4,43.0,0,4.3,8.3,,,75.0,205.0,24.048235294117646,1.0,Georgia,2015.0,2015.0,KC,76.0,6.0,0.15555556
2016,2,00-0032128,C.Conley,WR,KC,HOU,0,0,0.0,0,0.0,0.0,0.0,0,0.0,0,4,2,15.0,0,1.5,3.5,,,75.0,205.0,24.048235294117646,1.0,Georgia,2015.0,2015.0,KC,76.0,,0.10810811
2016,3,00-0032128,C.Conley,WR,KC,NYJ,0,0,0.0,0,0.0,0.0,0.0,0,0.0,0,5,3,44.0,0,4.4,7.4,,,75.0,205.0,24.048235294117646,1.0,Georgia,2015.0,2015.0,KC,76.0,21.0,0.15151516
2016,4,00-0032128,C.Conley,WR,KC,PIT,0,0,0.0,0,0.0,0.0,0.0,0,0.0,0,7,6,70.0,0,7.0,13.0,,,75.0,205.0,24.048235294117646,1.0,Georgia,2015.0,2015.0,KC,76.0,,0.14285715
2016,6,00-0032128,C.Conley,WR,KC,LV,0,0,0.0,0,0.0,0.0,0.0,0,0.0,0,4,3,26.0,0,2.6,5.6,,,75.0,205.0,24.048235294117646,1.0,Georgia,2015.0,2015.0,KC,76.0,,0.18181819
2016,7,00-0032128,C.Conley,WR,KC,NO,0,0,0.0,0,0.0,0.0,0.0,0,0.0,0,2,2,29.0,0,2.9,4.9,,,75.0,205.0,24.048235294117646,1.0,Georgia,2015.0,2015.0,KC,76.0,6.0,0.08695652
2016,8,00-0032128,C.Conley,WR,KC,IND,0,0,0.0,0,0.0,0.0,0.0,0,0.0,0,5,3,59.0,0,5.9,8.9,,,75.0,205.0,24.048235294117646,1.0,Georgia,2015.0,2015.0,KC,76.0,,0.12195122
2016,9,00-0032128,C.Conley,WR,KC,JAX,0,0,0.0,0,0.0,0.0,0.0,0,0.0,0,4,3,28.0,0,2.8,5.8,,,75.0,205.0,24.048235294117646,1.0,Georgia,2015.0,2015.0,KC,76.0,5.0,0.121212125
2016,10,00-0032128,C.Conley,WR,KC,CAR,0,0,0.0,0,0.0,0.0,0.0,0,0.0,0,3,1,12.0,0,1.2,2.2,,,75.0,205.0,24.048235294117646,1.0,Georgia,2015.0,2015.0,KC,76.0,,0.078947365
2016,11,00-0032128,C.Conley,WR,KC,TB,0,0,0.0,0,0.0,0.0,0.0,0,0.0,0,8,4,28.0,0,2.8,6.8,,,75.0,205.0,24.048235294117646,1.0,Georgia,2015.0,2015.0,KC,76.0,-2.0,0.2580645
2016,12,00-0032128,C.Conley,WR,KC,DEN,0,0,0.0,0,0.0,0.0,0.0,0,0.0,0,4,3,26.0,0,2.6,5.6,,,75.0,205.0,24.048235294117646,1.0,Georgia,2015.0,2015.0,KC,76.0,,0.09756097
2016,13,00-0032128,C.Conley,WR,KC,ATL,0,0,0.0,0,0.0,0.0,0.0,0,0.0,0,2,0,0.0,0,0.0,0.0,,,75.0,205.0,24.048235294117646,1.0,Georgia,2015.0,2015.0,KC,76.0,,0.08
2016,14,00-0032128,C.Conley,WR,KC,LV,0,0,0.0,0,0.0,0.0,0.0,0,0.0,0,3,2,70.0,0,7.0,9.0,,,75.0,205.0,24.048235294117646,1.0,Georgia,2015.0,2015.0,KC,76.0,8.0,0.12
2016,15,00-0032128,C.Conley,WR,KC,TEN,0,0,0.0,0,0.0,0.0,0.0,0,0.0,0,4,2,11.0,0,1.1,3.1,,,75.0,205.0,24.048235294117646,1.0,Georgia,2015.0,2015.0,KC,76.0,-2.0,0.14285715
2016,16,00-0032128,C.Conley,WR,KC,DEN,0,0,0.0,0,0.0,0.0,0.0,0,0.0,0,2,2,14.0,0,1.4,3.4,,,75.0,205.0,24.048235294117646,1.0,Georgia,2015.0,2015.0,KC,76.0,23.0,0.054054055
2016,17,00-0032128,C.Conley,WR,KC,LAC,0,0,0.0,0,0.0,0.0,0.0,0,0.0,0,5,4,55.0,0,5.5,9.5,,,75.0,205.0,24.048235294117646,1.0,Georgia,2015.0,2015.0,KC,76.0,,0.17857143
2016,19,00-0032128,C.Conley,WR,KC,PIT,0,0,0.0,0,0.0,0.0,0.0,0,0.0,0,3,2,19.0,0,1.9,3.9,,,75.0,205.0,24.048235294117646,1.0,Georgia,2015.0,2015.0,KC,76.0,-2.0,0.09375
2016,3,00-0032130,J.Fowler,FB,TEN,LV,0,0,0.0,0,0.0,0.0,0.0,0,0.0,0,1,1,14.0,0,1.4,2.4,,,71.0,254.0,26.2779375,1.0,Alabama,2015.0,2015.0,TEN,108.0,-7.0,0.030303031
2016,14,00-0032130,J.Fowler,FB,TEN,DEN,0,0,0.0,0,0.0,0.0,0.0,0,0.0,0,1,0,0.0,0,0.0,0.0,,,71.0,254.0,26.2779375,1.0,Alabama,2015.0,2015.0,TEN,108.0,3.0,0.05
2016,15,00-0032130,J.Fowler,FB,TEN,KC,0,0,0.0,0,0.0,0.0,0.0,1,3.0,0,0,0,0.0,0,0.3,0.3,,,71.0,254.0,26.2779375,1.0,Alabama,2015.0,2015.0,TEN,108.0,,
2016,1,00-0032134,C.Uzomah,TE,CIN,NYJ,0,0,0.0,0,0.0,0.0,0.0,0,0.0,0,5,2,59.0,0,5.9,7.9,,,78.0,265.0,23.810625,1.0,Auburn,2015.0,2015.0,CIN,157.0,,0.16666667
2016,2,00-0032134,C.Uzomah,TE,CIN,PIT,0,0,0.0,0,0.0,0.0,0.0,0,0.0,0,8,3,9.0,0,0.9,3.9,,,78.0,265.0,23.810625,1.0,Auburn,2015.0,2015.0,CIN,157.0,,0.14814815
2016,3,00-0032134,C.Uzomah,TE,CIN,DEN,0,0,0.0,0,0.0,0.0,0.0,0,0.0,0,4,2,31.0,0,3.1,5.1,,,78.0,265.0,23.810625,1.0,Auburn,2015.0,2015.0,CIN,157.0,-12.0,0.14285715
2016,4,00-0032134,C.Uzomah,TE,CIN,MIA,0,0,0.0,0,0.0,0.0,0.0,0,0.0,0,5,4,45.0,0,4.5,8.5,,,78.0,265.0,23.810625,1.0,Auburn,2015.0,2015.0,CIN,157.0,15.0,0.16129032
2016,5,00-0032134,C.Uzomah,TE,CIN,DAL,0,0,0.0,0,0.0,0.0,0.0,0,0.0,0,5,5,43.0,0,4.3,9.3,,,78.0,265.0,23.810625,1.0,Auburn,2015.0,2015.0,CIN,157.0,,0.12820514
2016,6,00-0032134,C.Uzomah,TE,CIN,NE,0,0,0.0,0,0.0,0.0,0.0,0,0.0,0,2,1,6.0,0,0.6,1.6,,,78.0,265.0,23.810625,1.0,Auburn,2015.0,2015.0,CIN,157.0,,0.06451613
2016,16,00-0032134,C.Uzomah,TE,CIN,HOU,0,0,0.0,0,0.0,0.0,0.0,0,0.0,0,6,5,28.0,0,2.8,7.8,,,78.0,265.0,23.810625,1.0,Auburn,2015.0,2015.0,CIN,157.0,,0.14634146
2016,17,00-0032134,C.Uzomah,TE,CIN,BAL,0,0,0.0,0,0.0,0.0,0.0,0,0.0,0,3,3,13.0,1,7.3,10.3,,,78.0,265.0,23.810625,1.0,Auburn,2015.0,2015.0,CIN,157.0,17.0,0.12
2016,1,00-0032135,J.James,TE,PIT,WAS,0,0,0.0,0,0.0,0.0,0.0,0,0.0,0,7,5,31.0,0,3.1,8.1,,,79.0,261.0,22.45673684210526,1.0,Penn State,2015.0,2015.0,PIT,160.0,,0.1891892
2016,2,00-0032135,J.James,TE,PIT,CIN,0,0,0.0,0,0.0,0.0,0.0,0,0.0,0,5,3,29.0,1,8.9,11.9,,,79.0,261.0,22.45673684210526,1.0,Penn State,2015.0,2015.0,PIT,160.0,8.0,0.13513513
2016,3,00-0032135,J.James,TE,PIT,PHI,0,0,0.0,0,0.0,0.0,0.0,0,0.0,0,4,2,10.0,0,1.0,3.0,,,79.0,261.0,22.45673684210526,1.0,Penn State,2015.0,2015.0,PIT,160.0,,0.09090909
2016,4,00-0032135,J.James,TE,PIT,KC,0,0,0.0,0,0.0,0.0,0.0,0,0.0,0,2,2,15.0,1,7.5,9.5,,,79.0,261.0,22.45673684210526,1.0,Penn State,2015.0,2015.0,PIT,160.0,29.0,0.074074075
2016,5,00-0032135,J.James,TE,PIT,NYJ,0,0,0.0,0,0.0,0.0,0.0,0,0.0,0,8,6,43.0,1,10.3,16.3,,,79.0,261.0,22.45673684210526,1.0,Penn State,2015.0,2015.0,PIT,160.0,18.0,0.17021276
2016,6,00-0032135,J.James,TE,PIT,MIA,0,0,0.0,0,0.0,0.0,0.0,0,0.0,0,3,2,13.0,0,1.3,3.3,,,79.0,261.0,22.45673684210526,1.0,Penn State,2015.0,2015.0,PIT,160.0,,0.08571429
2016,7,00-0032135,J.James,TE,PIT,NE,0,0,0.0,0,0.0,0.0,0.0,0,0.0,0,2,2,18.0,0,1.8,3.8,,,79.0,261.0,22.45673684210526,1.0,Penn State,2015.0,2015.0,PIT,160.0,-11.0,0.04347826
2016,9,00-0032135,J.James,TE,PIT,BAL,0,0,0.0,0,0.0,0.0,0.0,0,0.0,0,4,2,13.0,0,1.3,3.3,,,79.0,261.0,22.45673684210526,1.0,Penn State,2015.0,2015.0,PIT,160.0,,0.08888889
2016,10,00-0032135,J.James,TE,PIT,DAL,0,0,0.0,0,0.0,0.0,0.0,0,0.0,0,4,4,59.0,0,5.9,9.9,,,79.0,261.0,22.45673684210526,1.0,Penn State,2015.0,2015.0,PIT,160.0,-5.0,0.08695652
2016,11,00-0032135,J.James,TE,PIT,CLE,0,0,0.0,0,0.0,0.0,0.0,0,0.0,0,4,1,5.0,0,0.5,1.5,,,79.0,261.0,22.45673684210526,1.0,Penn State,2015.0,2015.0,PIT,160.0,,0.11111111
2016,12,00-0032135,J.James,TE,PIT,IND,0,0,0.0,0,0.0,0.0,0.0,0,0.0,0,1,0,0.0,0,0.0,0.0,,,79.0,261.0,22.45673684210526,1.0,Penn State,2015.0,2015.0,PIT,160.0,,0.04761905
2016,13,00-0032135,J.James,TE,PIT,NYG,0,0,0.0,0,0.0,0.0,0.0,0,0.0,0,4,3,32.0,0,3.2,6.2,,,79.0,261.0,22.45673684210526,1.0,Penn State,2015.0,2015.0,PIT,160.0,10.0,0.11111111
2016,14,00-0032135,J.James,TE,PIT,BUF,0,0,0.0,0,0.0,0.0,0.0,0,0.0,0,3,1,5.0,0,0.5,1.5,,,79.0,261.0,22.45673684210526,1.0,Penn State,2015.0,2015.0,PIT,160.0,,0.09677419
2016,15,00-0032135,J.James,TE,PIT,CIN,0,0,0.0,0,0.0,0.0,0.0,0,0.0,0,1,0,0.0,0,0.0,0.0,,,79.0,261.0,22.45673684210526,1.0,Penn State,2015.0,2015.0,PIT,160.0,,0.028571429
2016,16,00-0032135,J.James,TE,PIT,BAL,0,0,0.0,0,0.0,0.0,0.0,0,0.0,0,5,4,49.0,0,4.9,8.9,,,79.0,261.0,22.45673684210526,1.0,Penn State,2015.0,2015.0,PIT,160.0,4.0,0.16666667
2016,17,00-0032135,J.James,TE,PIT,CLE,0,0,0.0,0,0.0,0.0,0.0,0,0.0,0,3,2,16.0,0,1.6,3.6,,,79.0,261.0,22.45673684210526,1.0,Penn State,2015.0,2015.0,PIT,160.0,3.0,0.08108108
2016,18,00-0032135,J.James,TE,PIT,MIA,0,0,0.0,0,0.0,0.0,0.0,0,0.0,0,2,1,6.0,0,0.6,1.6,,,79.0,261.0,22.45673684210526,1.0,Penn State,2015.0,2015.0,PIT,160.0,18.0,0.11111111
2016,19,00-0032135,J.James,TE,PIT,KC,0,0,0.0,0,0.0,0.0,0.0,0,0.0,0,6,5,83.0,0,8.3,13.3,,,79.0,261.0,22.45673684210526,1.0,Penn State,2015.0,2015.0,PIT,160.0,,0.19354838
2016,20,00-0032135,J.James,TE,PIT,NE,0,0,0.0,0,0.0,0.0,0.0,0,0.0,0,7,5,48.0,0,4.8,9.8,,,79.0,261.0,22.45673684210526,1.0,Penn State,2015.0,2015.0,PIT,160.0,,0.14893617
2016,8,00-0032139,B.Koyack,TE,JAX,TEN,0,0,0.0,0,0.0,0.0,0.0,0,0.0,0,5,5,41.0,0,4.1,9.1,,,77.0,255.0,23.5825,1.0,Notre Dame,2015.0,2015.0,JAX,229.0,,0.09259259
2016,10,00-0032139,B.Koyack,TE,JAX,HOU,0,0,0.0,0,0.0,0.0,0.0,0,0.0,0,3,3,35.0,0,3.5,6.5,,,77.0,255.0,23.5825,1.0,Notre Dame,2015.0,2015.0,JAX,229.0,-3.0,0.06122449
2016,11,00-0032139,B.Koyack,TE,JAX,DET,0,0,0.0,0,0.0,0.0,0.0,0,0.0,0,1,0,0.0,0,0.0,0.0,,,77.0,255.0,23.5825,1.0,Notre Dame,2015.0,2015.0,JAX,229.0,,0.028571429
2016,12,00-0032139,B.Koyack,TE,JAX,BUF,0,0,0.0,0,0.0,0.0,0.0,0,0.0,0,2,2,23.0,0,2.3,4.3,,,77.0,255.0,23.5825,1.0,Notre Dame,2015.0,2015.0,JAX,229.0,,0.08
2016,13,00-0032139,B.Koyack,TE,JAX,DEN,0,0,0.0,0,0.0,0.0,0.0,0,0.0,0,3,1,4.0,0,0.4,1.4,,,77.0,255.0,23.5825,1.0,Notre Dame,2015.0,2015.0,JAX,229.0,-10.0,0.071428575
2016,14,00-0032139,B.Koyack,TE,JAX,MIN,0,0,0.0,0,0.0,0.0,0.0,0,0.0,0,2,2,19.0,0,1.9,3.9,,,77.0,255.0,23.5825,1.0,Notre Dame,2015.0,2015.0,JAX,229.0,-9.0,0.054054055
2016,15,00-0032139,B.Koyack,TE,JAX,HOU,0,0,0.0,0,0.0,0.0,0.0,0,0.0,0,2,1,2.0,0,0.2,1.2,,,77.0,255.0,23.5825,1.0,Notre Dame,2015.0,2015.0,JAX,229.0,,0.071428575
2016,16,00-0032139,B.Koyack,TE,JAX,TEN,0,0,0.0,0,0.0,0.0,0.0,0,0.0,0,2,2,12.0,0,1.2,3.2,,,77.0,255.0,23.5825,1.0,Notre Dame,2015.0,2015.0,JAX,229.0,21.0,0.051282052
2016,17,00-0032139,B.Koyack,TE,JAX,IND,0,0,0.0,0,0.0,0.0,0.0,0,0.0,0,4,3,25.0,1,8.5,11.5,,,77.0,255.0,23.5825,1.0,Notre Dame,2015.0,2015.0,JAX,229.0,,0.102564104
2016,1,00-0032141,G.Swaim,TE,DAL,NYG,0,0,0.0,0,0.0,0.0,0.0,0,0.0,0,1,1,21.0,0,2.1,3.1,,,76.0,260.0,23.153,1.0,Texas,2015.0,2015.0,DAL,246.0,-1.0,0.023255814
2016,2,00-0032141,G.Swaim,TE,DAL,WAS,0,0,0.0,0,0.0,0.0,0.0,0,0.0,0,2,2,29.0,0,2.9,4.9,,,76.0,260.0,23.153,1.0,Texas,2015.0,2015.0,DAL,246.0,,0.06666667
2016,3,00-0032141,G.Swaim,TE,DAL,CHI,0,0,0.0,0,0.0,0.0,0.0,0,0.0,0,1,0,0.0,0,0.0,0.0,,,76.0,260.0,23.153,1.0,Texas,2015.0,2015.0,DAL,246.0,14.0,0.041666668
2016,5,00-0032141,G.Swaim,TE,DAL,CIN,0,0,0.0,0,0.0,0.0,0.0,0,0.0,0,1,0,0.0,0,0.0,0.0,,,76.0,260.0,23.153,1.0,Texas,2015.0,2015.0,DAL,246.0,14.0,0.041666668
2016,8,00-0032141,G.Swaim,TE,DAL,PHI,0,0,0.0,0,0.0,0.0,0.0,0,0.0,0,1,1,8.0,0,0.8,1.8,,,76.0,260.0,23.153,1.0,Texas,2015.0,2015.0,DAL,246.0,6.0,0.025
2016,9,00-0032141,G.Swaim,TE,DAL,CLE,0,0,0.0,0,0.0,0.0,0.0,0,0.0,0,2,2,11.0,0,1.1,3.1,,,76.0,260.0,23.153,1.0,Texas,2015.0,2015.0,DAL,246.0,,0.071428575
2016,1,00-0032144,M.Gordon,RB,LAC,KC,0,0,0.0,0,0.0,0.0,0.0,14,57.0,2,0,0,0.0,0,17.7,17.7,,,73.0,215.0,23.5643125,1.0,Wisconsin,2015.0,2015.0,SD,15.0,,
2016,2,00-0032144,M.Gordon,RB,LAC,JAX,0,0,0.0,0,0.0,0.0,0.0,24,102.0,1,3,3,18.0,0,18.0,21.0,,,73.0,215.0,23.5643125,1.0,Wisconsin,2015.0,2015.0,SD,15.0,,0.12
2016,3,00-0032144,M.Gordon,RB,LAC,IND,0,0,0.0,0,0.0,0.0,0.0,16,35.0,1,7,4,43.0,0,13.8,17.8,,,73.0,215.0,23.5643125,1.0,Wisconsin,2015.0,2015.0,SD,15.0,,0.1891892
2016,4,00-0032144,M.Gordon,RB,LAC,NO,0,0,0.0,0,0.0,0.0,0.0,19,36.0,2,7,6,43.0,0,17.9,23.9,,,73.0,215.0,23.5643125,1.0,Wisconsin,2015.0,2015.0,SD,15.0,,0.1627907
2016,5,00-0032144,M.Gordon,RB,LAC,LV,0,0,0.0,0,0.0,0.0,0.0,16,69.0,0,1,1,18.0,1,12.7,13.7,,,73.0,215.0,23.5643125,1.0,Wisconsin,2015.0,2015.0,SD,15.0,,0.033333335
2016,6,00-0032144,M.Gordon,RB,LAC,DEN,0,0,0.0,0,0.0,0.0,0.0,27,94.0,0,2,0,0.0,0,9.4,9.4,,,73.0,215.0,23.5643125,1.0,Wisconsin,2015.0,2015.0,SD,15.0,,0.06896552
2016,7,00-0032144,M.Gordon,RB,LAC,ATL,0,0,0.0,0,0.0,0.0,0.0,22,68.0,2,7,6,53.0,1,30.1,36.1,,,73.0,215.0,23.5643125,1.0,Wisconsin,2015.0,2015.0,SD,15.0,,0.1590909
2016,8,00-0032144,M.Gordon,RB,LAC,DEN,0,0,0.0,0,0.0,0.0,0.0,23,111.0,0,7,4,44.0,0,15.5,19.5,,,73.0,215.0,23.5643125,1.0,Wisconsin,2015.0,2015.0,SD,15.0,,0.15555556
2016,9,00-0032144,M.Gordon,RB,LAC,TEN,0,0,0.0,0,0.0,0.0,0.0,32,196.0,1,4,4,65.0,0,32.1,36.1,,,73.0,215.0,23.5643125,1.0,Wisconsin,2015.0,2015.0,SD,15.0,,0.121212125
2016,10,00-0032144,M.Gordon,RB,LAC,MIA,0,0,0.0,0,0.0,0.0,0.0,24,70.0,0,8,5,62.0,0,13.2,18.2,,,73.0,215.0,23.5643125,1.0,Wisconsin,2015.0,2015.0,SD,15.0,,0.1904762
2016,12,00-0032144,M.Gordon,RB,LAC,HOU,0,0,0.0,0,0.0,0.0,0.0,17,70.0,0,4,4,19.0,0,8.9,12.9,,,73.0,215.0,23.5643125,1.0,Wisconsin,2015.0,2015.0,SD,15.0,,0.13333334
2016,13,00-0032144,M.Gordon,RB,LAC,TB,0,0,0.0,0,0.0,0.0,0.0,17,84.0,1,6,4,54.0,0,19.8,23.8,,,73.0,215.0,23.5643125,1.0,Wisconsin,2015.0,2015.0,SD,15.0,,0.25
2016,14,00-0032144,M.Gordon,RB,LAC,CAR,0,0,0.0,0,0.0,0.0,0.0,3,5.0,0,1,0,0.0,0,0.5,0.5,,,73.0,215.0,23.5643125,1.0,Wisconsin,2015.0,2015.0,SD,15.0,,0.027777778
2016,1,00-0032156,T.Siemian,QB,DEN,CAR,18,26,178.0,1,2.0,2.0,19.0,5,20.0,0,0,0,0.0,0,9.12,9.12,,,75.0,220.0,24.861875,1.0,Northwestern,2015.0,2015.0,DEN,250.0,1.0,
2016,2,00-0032156,T.Siemian,QB,DEN,IND,22,33,266.0,0,1.0,1.0,-0.0,1,7.0,0,0,0,0.0,0,11.34,11.34,,,75.0,220.0,24.861875,1.0,Northwestern,2015.0,2015.0,DEN,250.0,14.0,
2016,3,00-0032156,T.Siemian,QB,DEN,CIN,23,35,312.0,4,0.0,2.0,9.0,3,5.0,0,0,0,0.0,0,28.98,28.98,,,75.0,220.0,24.861875,1.0,Northwestern,2015.0,2015.0,DEN,250.0,,
2016,4,00-0032156,T.Siemian,QB,DEN,TB,5,7,68.0,1,0.0,3.0,20.0,0,0.0,0,0,0,0.0,0,6.72,6.72,,,75.0,220.0,24.861875,1.0,Northwestern,2015.0,2015.0,DEN,250.0,,
2016,6,00-0032156,T.Siemian,QB,DEN,LAC,30,50,230.0,1,0.0,2.0,10.0,1,1.0,0,0,0,0.0,0,13.3,13.3,,,75.0,220.0,24.861875,1.0,Northwestern,2015.0,2015.0,DEN,250.0,,
2016,7,00-0032156,T.Siemian,QB,DEN,HOU,14,25,157.0,1,0.0,0.0,-0.0,1,-1.0,0,0,0,0.0,0,10.18,10.18,,,75.0,220.0,24.861875,1.0,Northwestern,2015.0,2015.0,DEN,250.0,18.0,
2016,8,00-0032156,T.Siemian,QB,DEN,LAC,20,38,276.0,0,1.0,1.0,9.0,3,-2.0,0,0,0,0.0,0,6.84,6.84,,,75.0,220.0,24.861875,1.0,Northwestern,2015.0,2015.0,DEN,250.0,8.0,
2016,9,00-0032156,T.Siemian,QB,DEN,LV,18,37,283.0,2,1.0,2.0,17.0,0,0.0,0,0,0,0.0,0,15.32,15.32,,,75.0,220.0,24.861875,1.0,Northwestern,2015.0,2015.0,DEN,250.0,,
2016,10,00-0032156,T.Siemian,QB,DEN,NO,25,40,258.0,2,2.0,6.0,24.0,6,5.0,0,0,0,0.0,0,14.82,14.82,,,75.0,220.0,24.861875,1.0,Northwestern,2015.0,2015.0,DEN,250.0,,
2016,12,00-0032156,T.Siemian,QB,DEN,KC,20,34,368.0,3,0.0,5.0,28.0,5,23.0,0,0,0,0.0,0,29.02,29.02,,,75.0,220.0,24.861875,1.0,Northwestern,2015.0,2015.0,DEN,250.0,-3.0,
2016,14,00-0032156,T.Siemian,QB,DEN,TEN,35,51,334.0,1,0.0,3.0,20.0,0,0.0,0,0,0,0.0,0,17.36,17.36,,,75.0,220.0,24.861875,1.0,Northwestern,2015.0,2015.0,DEN,250.0,,
2016,15,00-0032156,T.Siemian,QB,DEN,NE,25,40,282.0,0,1.0,4.0,31.0,1,4.0,0,0,0,0.0,0,9.68,9.68,,,75.0,220.0,24.861875,1.0,Northwestern,2015.0,2015.0,DEN,250.0,-13.0,
2016,16,00-0032156,T.Siemian,QB,DEN,KC,17,43,183.0,0,1.0,0.0,-0.0,0,0.0,0,0,0,0.0,0,5.32,5.32,,,75.0,220.0,24.861875,1.0,Northwestern,2015.0,2015.0,DEN,250.0,,
2016,17,00-0032156,T.Siemian,QB,DEN,LV,17,27,206.0,2,1.0,0.0,-0.0,2,-5.0,0,0,0,0.0,0,13.74,13.74,,,75.0,220.0,24.861875,1.0,Northwestern,2015.0,2015.0,DEN,250.0,18.0,
2016,1,00-0032160,T.Williams,WR,LAC,KC,0,0,0.0,0,0.0,0.0,0.0,0,0.0,0,5,2,71.0,0,7.1,9.1,,,76.0,205.0,24.7306875,1.0,Western Oregon,2015.0,2015.0,,,,0.1388889
2016,2,00-0032160,T.Williams,WR,LAC,JAX,0,0,0.0,0,0.0,0.0,0.0,0,0.0,0,6,3,61.0,1,12.1,15.1,,,76.0,205.0,24.7306875,1.0,Western Oregon,2015.0,2015.0,,,,0.24
2016,3,00-0032160,T.Williams,WR,LAC,IND,0,0,0.0,0,0.0,0.0,0.0,0,0.0,0,9,6,69.0,0,6.9,12.9,,,76.0,205.0,24.7306875,1.0,Western Oregon,2015.0,2015.0,,,,0.24324325
2016,4,00-0032160,T.Williams,WR,LAC,NO,0,0,0.0,0,0.0,0.0,0.0,0,0.0,0,8,5,40.0,0,4.0,9.0,,,76.0,205.0,24.7306875,1.0,Western Oregon,2015.0,2015.0,,,,0.18604651
2016,5,00-0032160,T.Williams,WR,LAC,LV,0,0,0.0,0,0.0,0.0,0.0,0,0.0,0,6,5,117.0,1,17.7,22.7,,,76.0,205.0,24.7306875,1.0,Western Oregon,2015.0,2015.0,,,,0.2
2016,6,00-0032160,T.Williams,WR,LAC,DEN,0,0,0.0,0,0.0,0.0,0.0,0,0.0,0,3,3,28.0,0,2.8,5.8,,,76.0,205.0,24.7306875,1.0,Western Oregon,2015.0,2015.0,,,,0.10344828
2016,7,00-0032160,T.Williams,WR,LAC,ATL,0,0,0.0,0,0.0,0.0,0.0,0,0.0,0,10,7,140.0,0,14.0,21.0,,,76.0,205.0,24.7306875,1.0,Western Oregon,2015.0,2015.0,,,,0.22727273
2016,8,00-0032160,T.Williams,WR,LAC,DEN,0,0,0.0,0,0.0,0.0,0.0,0,0.0,0,6,1,4.0,0,0.4,1.4,,,76.0,205.0,24.7306875,1.0,Western Oregon,2015.0,2015.0,,,,0.13333334
2016,9,00-0032160,T.Williams,WR,LAC,TEN,0,0,0.0,0,0.0,0.0,0.0,0,0.0,0,7,6,65.0,1,12.5,18.5,,,76.0,205.0,24.7306875,1.0,Western Oregon,2015.0,2015.0,,,,0.21212122
2016,10,00-0032160,T.Williams,WR,LAC,MIA,0,0,0.0,0,0.0,0.0,0.0,0,0.0,0,11,5,125.0,1,18.5,23.5,,,76.0,205.0,24.7306875,1.0,Western Oregon,2015.0,2015.0,,,,0.26190478
2016,12,00-0032160,T.Williams,WR,LAC,HOU,0,0,0.0,0,0.0,0.0,0.0,0,0.0,0,14,8,70.0,1,13.0,21.0,,,76.0,205.0,24.7306875,1.0,Western Oregon,2015.0,2015.0,,,,0.46666667
2016,13,00-0032160,T.Williams,WR,LAC,TB,0,0,0.0,0,0.0,0.0,0.0,0,0.0,0,4,2,47.0,1,10.7,12.7,,,76.0,205.0,24.7306875,1.0,Western Oregon,2015.0,2015.0,,,,0.16666667
2016,14,00-0032160,T.Williams,WR,LAC,CAR,0,0,0.0,0,0.0,0.0,0.0,0,0.0,0,5,2,68.0,0,6.8,8.8,,,76.0,205.0,24.7306875,1.0,Western Oregon,2015.0,2015.0,,,,0.1388889
2016,15,00-0032160,T.Williams,WR,LAC,LV,0,0,0.0,0,0.0,0.0,0.0,0,0.0,0,9,4,20.0,0,2.0,6.0,,,76.0,205.0,24.7306875,1.0,Western Oregon,2015.0,2015.0,,,,0.31034482
2016,16,00-0032160,T.Williams,WR,LAC,CLE,0,0,0.0,0,0.0,0.0,0.0,0,0.0,0,9,4,64.0,1,12.4,16.4,,,76.0,205.0,24.7306875,1.0,Western Oregon,2015.0,2015.0,,,,0.20454545
2016,17,00-0032160,T.Williams,WR,LAC,KC,0,0,0.0,0,0.0,0.0,0.0,0,0.0,0,7,6,70.0,0,7.0,13.0,,,76.0,205.0,24.7306875,1.0,Western Oregon,2015.0,2015.0,,,,0.1891892
2016,1,00-0032166,S.Coates,WR,PIT,WAS,0,0,0.0,0,0.0,0.0,0.0,0,0.0,0,3,2,56.0,0,5.6,7.6,,,73.0,212.0,23.633947368421055,1.0,Auburn,2015.0,2015.0,PIT,87.0,,0.08108108
2016,2,00-0032166,S.Coates,WR,PIT,CIN,0,0,0.0,0,0.0,0.0,0.0,1,6.0,0,5,2,97.0,0,10.3,12.3,,,73.0,212.0,23.633947368421055,1.0,Auburn,2015.0,2015.0,PIT,87.0,8.0,0.13513513
2016,3,00-0032166,S.Coates,WR,PIT,PHI,0,0,0.0,0,0.0,0.0,0.0,0,0.0,0,4,3,50.0,0,5.0,8.0,,,73.0,212.0,23.633947368421055,1.0,Auburn,2015.0,2015.0,PIT,87.0,,0.09090909
2016,4,00-0032166,S.Coates,WR,PIT,KC,0,0,0.0,0,0.0,0.0,0.0,1,-1.0,0,8,6,79.0,0,7.8,13.8,,,73.0,212.0,23.633947368421055,1.0,Auburn,2015.0,2015.0,PIT,87.0,29.0,0.2962963
2016,5,00-0032166,S.Coates,WR,PIT,NYJ,0,0,0.0,0,0.0,0.0,0.0,0,0.0,0,11,6,139.0,2,25.9,31.9,,,73.0,212.0,23.633947368421055,1.0,Auburn,2015.0,2015.0,PIT,87.0,18.0,0.23404256
2016,6,00-0032166,S.Coates,WR,PIT,MIA,0,0,0.0,0,0.0,0.0,0.0,0,0.0,0,4,0,0.0,0,0.0,0.0,,,73.0,212.0,23.633947368421055,1.0,Auburn,2015.0,2015.0,PIT,87.0,,0.114285715
2016,7,00-0032166,S.Coates,WR,PIT,NE,0,0,0.0,0,0.0,0.0,0.0,0,0.0,0,1,1,4.0,0,0.4,1.4,,,73.0,212.0,23.633947368421055,1.0,Auburn,2015.0,2015.0,PIT,87.0,-11.0,0.02173913
2016,9,00-0032166,S.Coates,WR,PIT,BAL,0,0,0.0,0,0.0,0.0,0.0,0,0.0,0,5,0,0.0,0,0.0,0.0,,,73.0,212.0,23.633947368421055,1.0,Auburn,2015.0,2015.0,PIT,87.0,,0.11111111
2016,10,00-0032166,S.Coates,WR,PIT,DAL,0,0,0.0,0,0.0,0.0,0.0,0,0.0,0,1,0,0.0,0,0.0,0.0,,,73.0,212.0,23.633947368421055,1.0,Auburn,2015.0,2015.0,PIT,87.0,-5.0,0.02173913
2016,12,00-0032166,S.Coates,WR,PIT,IND,0,0,0.0,0,0.0,0.0,0.0,0,0.0,0,3,0,0.0,0,0.0,0.0,,,73.0,212.0,23.633947368421055,1.0,Auburn,2015.0,2015.0,PIT,87.0,,0.14285715
2016,15,00-0032166,S.Coates,WR,PIT,CIN,0,0,0.0,0,0.0,0.0,0.0,2,9.0,0,4,1,10.0,0,1.9,2.9,,,73.0,212.0,23.633947368421055,1.0,Auburn,2015.0,2015.0,PIT,87.0,,0.114285715
2016,20,00-0032166,S.Coates,WR,PIT,NE,0,0,0.0,0,0.0,0.0,0.0,0,0.0,0,5,2,34.0,0,3.4,5.4,,,73.0,212.0,23.633947368421055,1.0,Auburn,2015.0,2015.0,PIT,87.0,,0.10638298
2016,1,00-0032170,R.Greene,WR,JAX,GB,0,0,0.0,0,0.0,0.0,0.0,0,0.0,0,2,1,9.0,0,0.9,1.9,,,71.0,190.0,24.1245,1.0,Florida State,2015.0,2015.0,JAX,139.0,-4.0,0.051282052
2016,2,00-0032170,R.Greene,WR,JAX,LAC,0,0,0.0,0,0.0,0.0,0.0,0,0.0,0,3,1,7.0,0,0.7,1.7,,,71.0,190.0,24.1245,1.0,Florida State,2015.0,2015.0,JAX,139.0,,0.06122449
2016,4,00-0032170,R.Greene,WR,JAX,IND,0,0,0.0,0,0.0,0.0,0.0,0,0.0,0,1,1,8.0,0,0.8,1.8,,,71.0,190.0,24.1245,1.0,Florida State,2015.0,2015.0,JAX,139.0,3.0,0.030303031
2016,7,00-0032170,R.Greene,WR,JAX,LV,0,0,0.0,0,0.0,0.0,0.0,0,0.0,0,2,2,8.0,0,0.8,2.8,,,71.0,190.0,24.1245,1.0,Florida State,2015.0,2015.0,JAX,139.0,-17.0,0.046511628
2016,1,00-0032187,D.Johnson,RB,ARI,NE,0,0,0.0,0,0.0,0.0,0.0,16,89.0,1,6,4,43.0,0,19.2,23.2,,,73.0,224.0,24.8920625,1.0,Northern Iowa,2015.0,2015.0,ARI,86.0,-2.0,0.16216215
2016,2,00-0032187,D.Johnson,RB,ARI,TB,0,0,0.0,0,0.0,0.0,0.0,12,45.0,0,5,3,98.0,0,14.3,17.3,,,73.0,224.0,24.8920625,1.0,Northern Iowa,2015.0,2015.0,ARI,86.0,33.0,0.14705883
2016,3,00-0032187,D.Johnson,RB,ARI,BUF,0,0,0.0,0,0.0,0.0,0.0,19,83.0,2,6,3,28.0,0,23.1,26.1,,,73.0,224.0,24.8920625,1.0,Northern Iowa,2015.0,2015.0,ARI,86.0,,0.12
2016,4,00-0032187,D.Johnson,RB,ARI,LA,0,0,0.0,0,0.0,0.0,0.0,17,83.0,0,4,4,41.0,0,10.4,14.4,,,73.0,224.0,24.8920625,1.0,Northern Iowa,2015.0,2015.0,ARI,86.0,-4.0,0.08888889
2016,5,00-0032187,D.Johnson,RB,ARI,SF,0,0,0.0,0,0.0,0.0,0.0,27,157.0,2,6,3,28.0,0,30.5,33.5,,,73.0,224.0,24.8920625,1.0,Northern Iowa,2015.0,2015.0,ARI,86.0,,0.22222222
2016,6,00-0032187,D.Johnson,RB,ARI,NYJ,0,0,0.0,0,0.0,0.0,0.0,22,111.0,3,6,3,27.0,0,31.8,34.8,,,73.0,224.0,24.8920625,1.0,Northern Iowa,2015.0,2015.0,ARI,86.0,25.0,0.17142858
2016,7,00-0032187,D.Johnson,RB,ARI,SEA,0,0,0.0,0,0.0,0.0,0.0,33,113.0,0,13,8,58.0,0,17.1,25.1,,,73.0,224.0,24.8920625,1.0,Northern Iowa,2015.0,2015.0,ARI,86.0,0.0,0.26530612
2016,8,00-0032187,D.Johnson,RB,ARI,CAR,0,0,0.0,0,0.0,0.0,0.0,10,24.0,0,9,7,84.0,0,10.8,17.8,,,73.0,224.0,24.8920625,1.0,Northern Iowa,2015.0,2015.0,ARI,86.0,,0.2
2016,10,00-0032187,D.Johnson,RB,ARI,SF,0,0,0.0,0,0.0,0.0,0.0,19,55.0,1,7,5,46.0,1,22.1,27.1,,,73.0,224.0,24.8920625,1.0,Northern Iowa,2015.0,2015.0,ARI,86.0,3.0,0.14583333
2016,11,00-0032187,D.Johnson,RB,ARI,MIN,0,0,0.0,0,0.0,0.0,0.0,22,103.0,1,11,7,57.0,1,28.0,35.0,,,73.0,224.0,24.8920625,1.0,Northern Iowa,2015.0,2015.0,ARI,86.0,,0.2972973
2016,12,00-0032187,D.Johnson,RB,ARI,ATL,0,0,0.0,0,0.0,0.0,0.0,13,58.0,0,11,8,103.0,1,22.1,30.1,,,73.0,224.0,24.8920625,1.0,Northern Iowa,2015.0,2015.0,ARI,86.0,,0.25
2016,13,00-0032187,D.Johnson,RB,ARI,WAS,0,0,0.0,0,0.0,0.0,0.0,18,84.0,1,12,9,91.0,1,29.5,38.5,,,73.0,224.0,24.8920625,1.0,Northern Iowa,2015.0,2015.0,ARI,86.0,8.0,0.27906978
2016,14,00-0032187,D.Johnson,RB,ARI,MIA,0,0,0.0,0,0.0,0.0,0.0,20,80.0,0,8,5,41.0,0,12.1,17.1,,,73.0,224.0,24.8920625,1.0,Northern Iowa,2015.0,2015.0,ARI,86.0,,0.24242425
2016,15,00-0032187,D.Johnson,RB,ARI,NO,0,0,0.0,0,0.0,0.0,0.0,12,53.0,2,5,4,55.0,0,22.8,26.8,,,73.0,224.0,24.8920625,1.0,Northern Iowa,2015.0,2015.0,ARI,86.0,-7.0,0.125
2016,16,00-0032187,D.Johnson,RB,ARI,SEA,0,0,0.0,0,0.0,0.0,0.0,28,95.0,3,7,4,41.0,0,29.6,33.6,,,73.0,224.0,24.8920625,1.0,Northern Iowa,2015.0,2015.0,ARI,86.0,,0.25925925
2016,17,00-0032187,D.Johnson,RB,ARI,LA,0,0,0.0,0,0.0,0.0,0.0,5,6.0,0,4,3,38.0,0,4.4,7.4,,,73.0,224.0,24.8920625,1.0,Northern Iowa,2015.0,2015.0,ARI,86.0,,0.0952381
2016,13,00-0032190,G.Christian,TE,BUF,LV,0,0,0.0,0,0.0,0.0,0.0,0,0.0,0,2,1,14.0,0,1.4,2.4,,,75.0,250.0,25.22438461538462,1.0,Louisville,2015.0,2015.0,ARI,256.0,,0.057142857
2016,13,00-0032196,J.Fisher,OT,CIN,PHI,0,0,0.0,0,0.0,0.0,0.0,0,0.0,0,1,1,12.0,0,-0.8,0.2,,,78.0,305.0,23.5395625,1.0,Oregon,2015.0,2015.0,CIN,53.0,18.0,0.03448276
2016,3,00-0032200,T.Montgomery,WR,GB,DET,0,0,0.0,0,0.0,0.0,0.0,1,-1.0,0,0,0,0.0,0,-0.1,-0.1,,,72.0,206.0,23.824157894736842,1.0,Stanford,2015.0,2015.0,GB,94.0,7.0,
2016,5,00-0032200,T.Montgomery,WR,GB,NYG,0,0,0.0,0,0.0,0.0,0.0,1,1.0,0,0,0,0.0,0,0.1,0.1,,,72.0,206.0,23.824157894736842,1.0,Stanford,2015.0,2015.0,GB,94.0,7.0,
2016,6,00-0032200,T.Montgomery,WR,GB,DAL,0,0,0.0,0,0.0,0.0,0.0,3,6.0,0,12,10,98.0,0,8.4,18.4,,,72.0,206.0,23.824157894736842,1.0,Stanford,2015.0,2015.0,GB,94.0,-14.0,0.2857143
2016,7,00-0032200,T.Montgomery,WR,GB,CHI,0,0,0.0,0,0.0,0.0,0.0,9,60.0,0,13,10,66.0,0,12.6,22.6,,,72.0,206.0,23.824157894736842,1.0,Stanford,2015.0,2015.0,GB,94.0,16.0,0.23214285
2016,9,00-0032200,T.Montgomery,WR,GB,IND,0,0,0.0,0,0.0,0.0,0.0,7,53.0,0,3,3,38.0,0,9.1,12.1,,,72.0,206.0,23.824157894736842,1.0,Stanford,2015.0,2015.0,GB,94.0,-5.0,0.071428575
2016,10,00-0032200,T.Montgomery,WR,GB,TEN,0,0,0.0,0,0.0,0.0,0.0,3,9.0,0,2,2,11.0,0,2.0,4.0,,,72.0,206.0,23.824157894736842,1.0,Stanford,2015.0,2015.0,GB,94.0,,0.036363635
2016,11,00-0032200,T.Montgomery,WR,GB,WAS,0,0,0.0,0,0.0,0.0,0.0,4,17.0,0,4,3,27.0,0,4.4,7.4,,,72.0,206.0,23.824157894736842,1.0,Stanford,2015.0,2015.0,GB,94.0,,0.093023255
2016,12,00-0032200,T.Montgomery,WR,GB,PHI,0,0,0.0,0,0.0,0.0,0.0,1,2.0,0,2,2,12.0,0,1.4,3.4,,,72.0,206.0,23.824157894736842,1.0,Stanford,2015.0,2015.0,GB,94.0,,0.05263158
2016,13,00-0032200,T.Montgomery,WR,GB,HOU,0,0,0.0,0,0.0,0.0,0.0,6,40.0,0,3,2,16.0,0,5.6,7.6,,,72.0,206.0,23.824157894736842,1.0,Stanford,2015.0,2015.0,GB,94.0,8.0,0.1
2016,14,00-0032200,T.Montgomery,WR,GB,SEA,0,0,0.0,0,0.0,0.0,0.0,9,41.0,1,4,3,45.0,0,14.6,17.6,,,72.0,206.0,23.824157894736842,1.0,Stanford,2015.0,2015.0,GB,94.0,28.0,0.16
2016,15,00-0032200,T.Montgomery,WR,GB,CHI,0,0,0.0,0,0.0,0.0,0.0,16,162.0,2,3,2,1.0,0,28.3,30.3,,,72.0,206.0,23.824157894736842,1.0,Stanford,2015.0,2015.0,GB,94.0,,0.1
2016,16,00-0032200,T.Montgomery,WR,GB,MIN,0,0,0.0,0,0.0,0.0,0.0,9,23.0,0,5,4,17.0,0,4.0,8.0,,,72.0,206.0,23.824157894736842,1.0,Stanford,2015.0,2015.0,GB,94.0,13.0,0.12820514
2016,17,00-0032200,T.Montgomery,WR,GB,DET,0,0,0.0,0,0.0,0.0,0.0,8,44.0,0,5,3,17.0,0,6.1,9.1,,,72.0,206.0,23.824157894736842,1.0,Stanford,2015.0,2015.0,GB,94.0,,0.12820514
2016,18,00-0032200,T.Montgomery,WR,GB,NYG,0,0,0.0,0,0.0,0.0,0.0,11,27.0,0,4,3,41.0,0,6.8,9.8,,,72.0,206.0,23.824157894736842,1.0,Stanford,2015.0,2015.0,GB,94.0,25.0,0.102564104
2016,19,00-0032200,T.Montgomery,WR,GB,DAL,0,0,0.0,0,0.0,0.0,0.0,11,47.0,2,7,6,34.0,0,20.1,26.1,,,72.0,206.0,23.824157894736842,1.0,Stanford,2015.0,2015.0,GB,94.0,,0.1627907
2016,20,00-0032200,T.Montgomery,WR,GB,ATL,0,0,0.0,0,0.0,0.0,0.0,3,17.0,0,3,1,2.0,0,1.9,2.9,,,72.0,206.0,23.824157894736842,1.0,Stanford,2015.0,2015.0,GB,94.0,,0.069767445
2016,1,00-0032208,P.Dorsett,WR,IND,DET,0,0,0.0,0,0.0,0.0,0.0,0,0.0,0,6,4,94.0,0,9.4,13.4,,,70.0,185.0,23.834062499999998,1.0,Miami,2015.0,2015.0,IND,29.0,-4.0,0.13333334
2016,2,00-0032208,P.Dorsett,WR,IND,DEN,0,0,0.0,0,0.0,0.0,0.0,0,0.0,0,5,1,30.0,0,3.0,4.0,,,70.0,185.0,23.834062499999998,1.0,Miami,2015.0,2015.0,IND,29.0,,0.12820514
2016,3,00-0032208,P.Dorsett,WR,IND,LAC,0,0,0.0,0,0.0,0.0,0.0,0,0.0,0,4,3,27.0,0,2.7,5.7,,,70.0,185.0,23.834062499999998,1.0,Miami,2015.0,2015.0,IND,29.0,4.0,0.114285715
2016,4,00-0032208,P.Dorsett,WR,IND,JAX,0,0,0.0,0,0.0,0.0,0.0,1,3.0,0,3,1,64.0,1,12.7,13.7,,,70.0,185.0,23.834062499999998,1.0,Miami,2015.0,2015.0,IND,29.0,,0.075
2016,5,00-0032208,P.Dorsett,WR,IND,CHI,0,0,0.0,0,0.0,0.0,0.0,0,0.0,0,3,2,26.0,0,2.6,4.6,,,70.0,185.0,23.834062499999998,1.0,Miami,2015.0,2015.0,IND,29.0,6.0,0.08108108
2016,6,00-0032208,P.Dorsett,WR,IND,HOU,0,0,0.0,0,0.0,0.0,0.0,0,0.0,0,5,2,12.0,0,1.2,3.2,,,70.0,185.0,23.834062499999998,1.0,Miami,2015.0,2015.0,IND,29.0,,0.15625
2016,8,00-0032208,P.Dorsett,WR,IND,KC,0,0,0.0,0,0.0,0.0,0.0,0,0.0,0,5,5,33.0,0,3.3,8.3,,,70.0,185.0,23.834062499999998,1.0,Miami,2015.0,2015.0,IND,29.0,-16.0,0.14285715
2016,9,00-0032208,P.Dorsett,WR,IND,GB,0,0,0.0,0,0.0,0.0,0.0,0,0.0,0,4,2,28.0,0,2.8,4.8,,,70.0,185.0,23.834062499999998,1.0,Miami,2015.0,2015.0,IND,29.0,,0.11111111
2016,11,00-0032208,P.Dorsett,WR,IND,TEN,0,0,0.0,0,0.0,0.0,0.0,0,0.0,0,3,1,50.0,0,5.0,6.0,,,70.0,185.0,23.834062499999998,1.0,Miami,2015.0,2015.0,IND,29.0,7.0,0.10714286
2016,12,00-0032208,P.Dorsett,WR,IND,PIT,0,0,0.0,0,0.0,0.0,0.0,0,0.0,0,6,3,31.0,0,3.1,6.1,,,70.0,185.0,23.834062499999998,1.0,Miami,2015.0,2015.0,IND,29.0,-21.0,0.16216215
2016,13,00-0032208,P.Dorsett,WR,IND,NYJ,0,0,0.0,0,0.0,0.0,0.0,1,7.0,0,1,0,0.0,0,0.7,0.7,,,70.0,185.0,23.834062499999998,1.0,Miami,2015.0,2015.0,IND,29.0,,0.03448276
2016,14,00-0032208,P.Dorsett,WR,IND,HOU,0,0,0.0,0,0.0,0.0,0.0,0,0.0,0,8,3,19.0,0,1.9,4.9,,,70.0,185.0,23.834062499999998,1.0,Miami,2015.0,2015.0,IND,29.0,-5.0,0.18181819
2016,15,00-0032208,P.Dorsett,WR,IND,MIN,0,0,0.0,0,0.0,0.0,0.0,0,0.0,0,1,1,50.0,1,11.0,12.0,,,70.0,185.0,23.834062499999998,1.0,Miami,2015.0,2015.0,IND,29.0,,0.035714287
2016,16,00-0032208,P.Dorsett,WR,IND,LV,0,0,0.0,0,0.0,0.0,0.0,0,0.0,0,1,1,8.0,0,0.8,1.8,,,70.0,185.0,23.834062499999998,1.0,Miami,2015.0,2015.0,IND,29.0,,0.03448276
2016,17,00-0032208,P.Dorsett,WR,IND,JAX,0,0,0.0,0,0.0,0.0,0.0,0,0.0,0,4,4,56.0,0,5.6,9.6,,,70.0,185.0,23.834062499999998,1.0,Miami,2015.0,2015.0,IND,29.0,4.0,0.10526316
2016,1,00-0032209,T.Yeldon,RB,JAX,GB,0,0,0.0,0,0.0,0.0,0.0,21,39.0,1,6,4,30.0,0,12.9,16.9,,,73.0,226.0,23.100625,1.0,Alabama,2015.0,2015.0,JAX,36.0,-4.0,0.15384616
2016,2,00-0032209,T.Yeldon,RB,JAX,LAC,0,0,0.0,0,0.0,0.0,0.0,7,28.0,0,9,8,10.0,0,3.8,11.8,,,73.0,226.0,23.100625,1.0,Alabama,2015.0,2015.0,JAX,36.0,,0.18367347
2016,3,00-0032209,T.Yeldon,RB,JAX,BAL,0,0,0.0,0,0.0,0.0,0.0,6,17.0,0,3,2,11.0,0,2.8,4.8,,,73.0,226.0,23.100625,1.0,Alabama,2015.0,2015.0,JAX,36.0,-2.0,0.078947365
2016,4,00-0032209,T.Yeldon,RB,JAX,IND,0,0,0.0,0,0.0,0.0,0.0,14,71.0,0,5,4,46.0,0,11.7,15.7,,,73.0,226.0,23.100625,1.0,Alabama,2015.0,2015.0,JAX,36.0,3.0,0.15151516
2016,6,00-0032209,T.Yeldon,RB,JAX,CHI,0,0,0.0,0,0.0,0.0,0.0,6,21.0,0,2,1,5.0,0,2.6,3.6,,,73.0,226.0,23.100625,1.0,Alabama,2015.0,2015.0,JAX,36.0,,0.060606062
2016,7,00-0032209,T.Yeldon,RB,JAX,LV,0,0,0.0,0,0.0,0.0,0.0,6,24.0,0,2,1,4.0,0,2.8,3.8,,,73.0,226.0,23.100625,1.0,Alabama,2015.0,2015.0,JAX,36.0,-17.0,0.046511628
2016,8,00-0032209,T.Yeldon,RB,JAX,TEN,0,0,0.0,0,0.0,0.0,0.0,3,20.0,0,4,4,36.0,0,5.6,9.6,,,73.0,226.0,23.100625,1.0,Alabama,2015.0,2015.0,JAX,36.0,,0.074074075
2016,9,00-0032209,T.Yeldon,RB,JAX,KC,0,0,0.0,0,0.0,0.0,0.0,7,33.0,0,6,5,32.0,1,10.5,15.5,,,73.0,226.0,23.100625,1.0,Alabama,2015.0,2015.0,JAX,36.0,,0.15
2016,10,00-0032209,T.Yeldon,RB,JAX,HOU,0,0,0.0,0,0.0,0.0,0.0,9,32.0,0,3,3,27.0,0,5.9,8.9,,,73.0,226.0,23.100625,1.0,Alabama,2015.0,2015.0,JAX,36.0,-3.0,0.06122449
2016,11,00-0032209,T.Yeldon,RB,JAX,DET,0,0,0.0,0,0.0,0.0,0.0,4,16.0,0,3,2,16.0,0,3.2,5.2,,,73.0,226.0,23.100625,1.0,Alabama,2015.0,2015.0,JAX,36.0,,0.08571429
2016,12,00-0032209,T.Yeldon,RB,JAX,BUF,0,0,0.0,0,0.0,0.0,0.0,6,17.0,0,2,1,3.0,0,2.0,3.0,,,73.0,226.0,23.100625,1.0,Alabama,2015.0,2015.0,JAX,36.0,,0.08
2016,13,00-0032209,T.Yeldon,RB,JAX,DEN,0,0,0.0,0,0.0,0.0,0.0,14,55.0,0,7,3,27.0,0,8.2,11.2,,,73.0,226.0,23.100625,1.0,Alabama,2015.0,2015.0,JAX,36.0,-10.0,0.16666667
2016,14,00-0032209,T.Yeldon,RB,JAX,MIN,0,0,0.0,0,0.0,0.0,0.0,17,59.0,0,9,7,31.0,0,9.0,16.0,,,73.0,226.0,23.100625,1.0,Alabama,2015.0,2015.0,JAX,36.0,-9.0,0.24324325
2016,15,00-0032209,T.Yeldon,RB,JAX,HOU,0,0,0.0,0,0.0,0.0,0.0,8,28.0,0,7,5,34.0,0,6.2,11.2,,,73.0,226.0,23.100625,1.0,Alabama,2015.0,2015.0,JAX,36.0,,0.25
2016,16,00-0032209,T.Yeldon,RB,JAX,TEN,0,0,0.0,0,0.0,0.0,0.0,2,5.0,0,0,0,0.0,0,0.5,0.5,,,73.0,226.0,23.100625,1.0,Alabama,2015.0,2015.0,JAX,36.0,21.0,
2016,1,00-0032211,T.Lockett,WR,SEA,MIA,0,0,0.0,0,0.0,0.0,0.0,0,0.0,0,8,3,17.0,0,1.7,4.7,,,70.0,182.0,24.130555555555556,1.0,Kansas State,2015.0,2015.0,SEA,69.0,2.0,0.19512194
2016,2,00-0032211,T.Lockett,WR,SEA,LA,0,0,0.0,0,0.0,0.0,0.0,0,0.0,0,4,4,99.0,0,9.9,13.9,,,70.0,182.0,24.130555555555556,1.0,Kansas State,2015.0,2015.0,SEA,69.0,,0.114285715
2016,4,00-0032211,T.Lockett,WR,SEA,NYJ,0,0,0.0,0,0.0,0.0,0.0,0,0.0,0,3,1,13.0,0,1.3,2.3,,,70.0,182.0,24.130555555555556,1.0,Kansas State,2015.0,2015.0,SEA,69.0,,0.09375
2016,6,00-0032211,T.Lockett,WR,SEA,ATL,0,0,0.0,0,0.0,0.0,0.0,1,2.0,0,5,3,23.0,0,2.5,5.5,,,70.0,182.0,24.130555555555556,1.0,Kansas State,2015.0,2015.0,SEA,69.0,2.0,0.1388889
2016,7,00-0032211,T.Lockett,WR,SEA,ARI,0,0,0.0,0,0.0,0.0,0.0,0,0.0,0,2,2,13.0,0,1.3,3.3,,,70.0,182.0,24.130555555555556,1.0,Kansas State,2015.0,2015.0,SEA,69.0,,0.055555556
2016,8,00-0032211,T.Lockett,WR,SEA,NO,0,0,0.0,0,0.0,0.0,0.0,0,0.0,0,4,4,32.0,0,3.2,7.2,,,70.0,182.0,24.130555555555556,1.0,Kansas State,2015.0,2015.0,SEA,69.0,,0.125
2016,9,00-0032211,T.Lockett,WR,SEA,BUF,0,0,0.0,0,0.0,0.0,0.0,1,13.0,0,2,1,17.0,0,3.0,4.0,,,70.0,182.0,24.130555555555556,1.0,Kansas State,2015.0,2015.0,SEA,69.0,6.0,0.083333336
2016,10,00-0032211,T.Lockett,WR,SEA,NE,0,0,0.0,0,0.0,0.0,0.0,0,0.0,0,6,3,72.0,0,7.2,10.2,,,70.0,182.0,24.130555555555556,1.0,Kansas State,2015.0,2015.0,SEA,69.0,,0.16666667
2016,11,00-0032211,T.Lockett,WR,SEA,PHI,0,0,0.0,0,0.0,0.0,0.0,0,0.0,0,3,2,39.0,0,3.9,5.9,,,70.0,182.0,24.130555555555556,1.0,Kansas State,2015.0,2015.0,SEA,69.0,11.0,0.09677419
2016,12,00-0032211,T.Lockett,WR,SEA,TB,0,0,0.0,0,0.0,0.0,0.0,1,9.0,0,6,0,0.0,0,0.9,0.9,,,70.0,182.0,24.130555555555556,1.0,Kansas State,2015.0,2015.0,SEA,69.0,,0.18181819
2016,13,00-0032211,T.Lockett,WR,SEA,CAR,0,0,0.0,0,0.0,0.0,0.0,1,75.0,1,6,5,63.0,0,19.8,24.8,,,70.0,182.0,24.130555555555556,1.0,Kansas State,2015.0,2015.0,SEA,69.0,33.0,0.15789473
2016,14,00-0032211,T.Lockett,WR,SEA,GB,0,0,0.0,0,0.0,0.0,0.0,2,15.0,0,6,4,41.0,0,5.6,9.6,,,70.0,182.0,24.130555555555556,1.0,Kansas State,2015.0,2015.0,SEA,69.0,,0.15384616
2016,15,00-0032211,T.Lockett,WR,SEA,LA,0,0,0.0,0,0.0,0.0,0.0,0,0.0,0,8,7,130.0,1,19.0,26.0,,,70.0,182.0,24.130555555555556,1.0,Kansas State,2015.0,2015.0,SEA,69.0,21.0,0.33333334
2016,16,00-0032211,T.Lockett,WR,SEA,ARI,0,0,0.0,0,0.0,0.0,0.0,0,0.0,0,3,2,38.0,0,3.8,5.8,,,70.0,182.0,24.130555555555556,1.0,Kansas State,2015.0,2015.0,SEA,69.0,-3.0,0.06818182
2016,2,00-0032214,T.Kroft,TE,CIN,PIT,0,0,0.0,0,0.0,0.0,0.0,0,0.0,0,4,3,35.0,0,3.5,6.5,,,78.0,246.0,24.0598125,1.0,Rutgers,2015.0,2015.0,CIN,85.0,,0.074074075
2016,5,00-0032214,T.Kroft,TE,CIN,DAL,0,0,0.0,0,0.0,0.0,0.0,0,0.0,0,3,3,29.0,0,2.9,5.9,,,78.0,246.0,24.0598125,1.0,Rutgers,2015.0,2015.0,CIN,85.0,,0.07692308
2016,6,00-0032214,T.Kroft,TE,CIN,NE,0,0,0.0,0,0.0,0.0,0.0,0,0.0,0,2,2,19.0,0,1.9,3.9,,,78.0,246.0,24.0598125,1.0,Rutgers,2015.0,2015.0,CIN,85.0,,0.06451613
2016,7,00-0032214,T.Kroft,TE,CIN,CLE,0,0,0.0,0,0.0,0.0,0.0,0,0.0,0,1,1,3.0,0,0.3,1.3,,,78.0,246.0,24.0598125,1.0,Rutgers,2015.0,2015.0,CIN,85.0,14.0,0.03846154
2016,8,00-0032214,T.Kroft,TE,CIN,WAS,0,0,0.0,0,0.0,0.0,0.0,0,0.0,0,1,1,6.0,0,0.6,1.6,,,78.0,246.0,24.0598125,1.0,Rutgers,2015.0,2015.0,CIN,85.0,0.0,0.023809524
2016,10,00-0032214,T.Kroft,TE,CIN,NYG,0,0,0.0,0,0.0,0.0,0.0,0,0.0,0,1,0,0.0,0,0.0,0.0,,,78.0,246.0,24.0598125,1.0,Rutgers,2015.0,2015.0,CIN,85.0,,0.035714287
2016,1,00-0032218,,WR,PHI,CLE,0,0,0.0,0,0.0,0.0,0.0,0,0.0,0,2,2,14.0,0,1.4,3.4,,,77.0,237.0,23.575875,1.0,Oklahoma,2015.0,2015.0,TEN,40.0,19.0,0.054054055
2016,2,00-0032218,,WR,PHI,CHI,0,0,0.0,0,0.0,0.0,0.0,0,0.0,0,4,2,18.0,0,1.8,3.8,,,77.0,237.0,23.575875,1.0,Oklahoma,2015.0,2015.0,TEN,40.0,,0.121212125
2016,3,00-0032218,,WR,PHI,PIT,0,0,0.0,0,0.0,0.0,0.0,0,0.0,0,4,3,33.0,0,3.3,6.3,,,77.0,237.0,23.575875,1.0,Oklahoma,2015.0,2015.0,TEN,40.0,31.0,0.12903225
2016,5,00-0032218,,WR,PHI,DET,0,0,0.0,0,0.0,0.0,0.0,0,0.0,0,4,3,43.0,0,4.3,7.3,,,77.0,237.0,23.575875,1.0,Oklahoma,2015.0,2015.0,TEN,40.0,,0.125
2016,6,00-0032218,,WR,PHI,WAS,0,0,0.0,0,0.0,0.0,0.0,0,0.0,0,4,1,23.0,0,2.3,3.3,,,77.0,237.0,23.575875,1.0,Oklahoma,2015.0,2015.0,TEN,40.0,,0.18181819
2016,7,00-0032218,,WR,PHI,MIN,0,0,0.0,0,0.0,0.0,0.0,0,0.0,0,4,2,8.0,1,6.8,8.8,,,77.0,237.0,23.575875,1.0,Oklahoma,2015.0,2015.0,TEN,40.0,11.0,0.14285715
2016,8,00-0032218,,WR,PHI,DAL,0,0,0.0,0,0.0,0.0,0.0,0,0.0,0,9,5,55.0,0,5.5,10.5,,,77.0,237.0,23.575875,1.0,Oklahoma,2015.0,2015.0,TEN,40.0,,0.20454545
2016,9,00-0032218,,WR,PHI,NYG,0,0,0.0,0,0.0,0.0,0.0,0,0.0,0,5,0,0.0,0,0.0,0.0,,,77.0,237.0,23.575875,1.0,Oklahoma,2015.0,2015.0,TEN,40.0,,0.10638298
2016,11,00-0032218,,WR,PHI,SEA,0,0,0.0,0,0.0,0.0,0.0,0,0.0,0,8,5,54.0,1,11.4,16.4,,,77.0,237.0,23.575875,1.0,Oklahoma,2015.0,2015.0,TEN,40.0,,0.18181819
2016,12,00-0032218,,WR,PHI,GB,0,0,0.0,0,0.0,0.0,0.0,0,0.0,0,10,6,82.0,0,8.2,14.2,,,77.0,237.0,23.575875,1.0,Oklahoma,2015.0,2015.0,TEN,40.0,-14.0,0.2777778
2016,13,00-0032218,,WR,PHI,CIN,0,0,0.0,0,0.0,0.0,0.0,0,0.0,0,10,4,29.0,0,2.9,6.9,,,77.0,237.0,23.575875,1.0,Oklahoma,2015.0,2015.0,TEN,40.0,,0.16666667
2016,15,00-0032218,,WR,PHI,BAL,0,0,0.0,0,0.0,0.0,0.0,0,0.0,0,3,1,11.0,0,1.1,2.1,,,77.0,237.0,23.575875,1.0,Oklahoma,2015.0,2015.0,TEN,40.0,,0.071428575
2016,16,00-0032218,,WR,PHI,NYG,0,0,0.0,0,0.0,0.0,0.0,0,0.0,0,2,1,7.0,0,0.7,1.7,,,77.0,237.0,23.575875,1.0,Oklahoma,2015.0,2015.0,TEN,40.0,5.0,0.08695652
2016,17,00-0032218,,WR,PHI,DAL,0,0,0.0,0,0.0,0.0,0.0,0,0.0,0,5,1,15.0,0,1.5,2.5,,,77.0,237.0,23.575875,1.0,Oklahoma,2015.0,2015.0,TEN,40.0,14.0,0.11627907
2016,3,00-0032227,J.Heuerman,TE,DEN,CIN,0,0,0.0,0,0.0,0.0,0.0,0,0.0,0,1,1,29.0,0,2.9,3.9,,,77.0,255.0,23.9475625,1.0,Ohio State,2015.0,2015.0,DEN,92.0,,0.028571429
2016,4,00-0032227,J.Heuerman,TE,DEN,TB,0,0,0.0,0,0.0,0.0,0.0,0,0.0,0,1,1,19.0,0,1.9,2.9,,,77.0,255.0,23.9475625,1.0,Ohio State,2015.0,2015.0,DEN,92.0,,0.032258064
2016,5,00-0032227,J.Heuerman,TE,DEN,ATL,0,0,0.0,0,0.0,0.0,0.0,0,0.0,0,1,0,0.0,0,0.0,0.0,,,77.0,255.0,23.9475625,1.0,Ohio State,2015.0,2015.0,DEN,92.0,-7.0,0.029411765
2016,15,00-0032227,J.Heuerman,TE,DEN,NE,0,0,0.0,0,0.0,0.0,0.0,0,0.0,0,4,2,40.0,0,4.0,6.0,,,77.0,255.0,23.9475625,1.0,Ohio State,2015.0,2015.0,DEN,92.0,-13.0,0.102564104
2016,16,00-0032227,J.Heuerman,TE,DEN,KC,0,0,0.0,0,0.0,0.0,0.0,0,0.0,0,6,3,32.0,0,3.2,6.2,,,77.0,255.0,23.9475625,1.0,Ohio State,2015.0,2015.0,DEN,92.0,,0.15
2016,17,00-0032227,J.Heuerman,TE,DEN,LV,0,0,0.0,0,0.0,0.0,0.0,0,0.0,0,4,2,21.0,0,2.1,4.1,,,77.0,255.0,23.9475625,1.0,Ohio State,2015.0,2015.0,DEN,92.0,18.0,0.14814815
2016,1,00-0032241,T.Gurley,RB,LA,SF,0,0,0.0,0,0.0,0.0,0.0,17,47.0,0,3,1,-5.0,0,4.2,5.2,,,73.0,227.0,22.262125,1.0,Georgia,2015.0,2015.0,STL,10.0,,0.08571429
2016,2,00-0032241,T.Gurley,RB,LA,SEA,0,0,0.0,0,0.0,0.0,0.0,19,51.0,0,1,1,19.0,0,7.0,8.0,,,73.0,227.0,22.262125,1.0,Georgia,2015.0,2015.0,STL,10.0,6.0,0.03448276
2016,3,00-0032241,T.Gurley,RB,LA,TB,0,0,0.0,0,0.0,0.0,0.0,27,85.0,2,2,1,-5.0,0,20.0,21.0,,,73.0,227.0,22.262125,1.0,Georgia,2015.0,2015.0,STL,10.0,,0.07692308
2016,4,00-0032241,T.Gurley,RB,LA,ARI,0,0,0.0,0,0.0,0.0,0.0,19,33.0,0,5,5,49.0,0,8.2,13.2,,,73.0,227.0,22.262125,1.0,Georgia,2015.0,2015.0,STL,10.0,,0.1724138
2016,5,00-0032241,T.Gurley,RB,LA,BUF,0,0,0.0,0,0.0,0.0,0.0,23,72.0,1,5,3,36.0,0,14.8,17.8,,,73.0,227.0,22.262125,1.0,Georgia,2015.0,2015.0,STL,10.0,-11.0,0.16129032
2016,6,00-0032241,T.Gurley,RB,LA,DET,0,0,0.0,0,0.0,0.0,0.0,14,58.0,0,4,4,39.0,0,9.7,13.7,,,73.0,227.0,22.262125,1.0,Georgia,2015.0,2015.0,STL,10.0,,0.125
2016,7,00-0032241,T.Gurley,RB,LA,NYG,0,0,0.0,0,0.0,0.0,0.0,15,57.0,0,7,6,35.0,0,9.2,15.2,,,73.0,227.0,22.262125,1.0,Georgia,2015.0,2015.0,STL,10.0,-7.0,0.13461539
2016,9,00-0032241,T.Gurley,RB,LA,CAR,0,0,0.0,0,0.0,0.0,0.0,12,48.0,0,5,4,26.0,0,7.4,11.4,,,73.0,227.0,22.262125,1.0,Georgia,2015.0,2015.0,STL,10.0,-3.0,0.10869565
2016,10,00-0032241,T.Gurley,RB,LA,NYJ,0,0,0.0,0,0.0,0.0,0.0,21,64.0,0,1,1,8.0,0,7.2,8.2,,,73.0,227.0,22.262125,1.0,Georgia,2015.0,2015.0,STL,10.0,,0.033333335
2016,11,00-0032241,T.Gurley,RB,LA,MIA,0,0,0.0,0,0.0,0.0,0.0,20,76.0,1,2,0,0.0,0,13.6,13.6,,,73.0,227.0,22.262125,1.0,Georgia,2015.0,2015.0,STL,10.0,-4.0,0.06896552
2016,12,00-0032241,T.Gurley,RB,LA,NO,0,0,0.0,0,0.0,0.0,0.0,13,50.0,0,4,4,39.0,0,8.9,12.9,,,73.0,227.0,22.262125,1.0,Georgia,2015.0,2015.0,STL,10.0,,0.12903225
2016,13,00-0032241,T.Gurley,RB,LA,NE,0,0,0.0,0,0.0,0.0,0.0,11,38.0,0,3,2,9.0,0,4.7,6.7,,,73.0,227.0,22.262125,1.0,Georgia,2015.0,2015.0,STL,10.0,,0.09375
2016,14,00-0032241,T.Gurley,RB,LA,ATL,0,0,0.0,0,0.0,0.0,0.0,16,61.0,1,4,3,22.0,0,14.3,17.3,,,73.0,227.0,22.262125,1.0,Georgia,2015.0,2015.0,STL,10.0,-28.0,0.09756097
2016,15,00-0032241,T.Gurley,RB,LA,SEA,0,0,0.0,0,0.0,0.0,0.0,14,38.0,0,4,1,-2.0,0,3.6,4.6,,,73.0,227.0,22.262125,1.0,Georgia,2015.0,2015.0,STL,10.0,,0.114285715
2016,16,00-0032241,T.Gurley,RB,LA,SF,0,0,0.0,0,0.0,0.0,0.0,23,67.0,1,3,3,20.0,0,14.7,17.7,,,73.0,227.0,22.262125,1.0,Georgia,2015.0,2015.0,STL,10.0,-1.0,0.125
2016,17,00-0032241,T.Gurley,RB,LA,ARI,0,0,0.0,0,0.0,0.0,0.0,14,40.0,0,5,4,37.0,0,7.7,11.7,,,73.0,227.0,22.262125,1.0,Georgia,2015.0,2015.0,STL,10.0,-38.0,0.17857143
2016,17,00-0032245,S.Mannion,QB,LA,ARI,3,6,19.0,0,1.0,0.0,-0.0,1,-1.0,0,0,0,0.0,0,-1.34,-1.34,,,78.0,233.0,24.5345625,1.0,Oregon State,2015.0,2015.0,STL,89.0,-38.0,
2016,17,00-0032250,K.Williams,WR,SEA,SF,0,0,0.0,0,0.0,0.0,0.0,0,0.0,0,1,0,0.0,0,0.0,0.0,,,73.0,219.0,24.01025,1.0,Washington,2015.0,2015.0,,,,0.027027028
2016,1,00-0032256,C.Walford,TE,LV,NO,0,0,0.0,0,0.0,0.0,0.0,0,0.0,0,5,3,25.0,0,2.5,5.5,,,76.0,250.0,25.108941176470587,1.0,Miami,2015.0,2015.0,OAK,68.0,,0.13513513
2016,2,00-0032256,C.Walford,TE,LV,ATL,0,0,0.0,0,0.0,0.0,0.0,0,0.0,0,7,6,50.0,1,11.0,17.0,,,76.0,250.0,25.108941176470587,1.0,Miami,2015.0,2015.0,OAK,68.0,,0.15555556
2016,3,00-0032256,C.Walford,TE,LV,TEN,0,0,0.0,0,0.0,0.0,0.0,0,0.0,0,3,2,27.0,0,2.7,4.7,,,76.0,250.0,25.108941176470587,1.0,Miami,2015.0,2015.0,OAK,68.0,,0.08571429
2016,4,00-0032256,C.Walford,TE,LV,BAL,0,0,0.0,0,0.0,0.0,0.0,0,0.0,0,4,2,23.0,0,2.3,4.3,,,76.0,250.0,25.108941176470587,1.0,Miami,2015.0,2015.0,OAK,68.0,,0.114285715
2016,6,00-0032256,C.Walford,TE,LV,KC,0,0,0.0,0,0.0,0.0,0.0,0,0.0,0,2,2,25.0,0,2.5,4.5,,,76.0,250.0,25.108941176470587,1.0,Miami,2015.0,2015.0,OAK,68.0,,0.060606062
2016,7,00-0032256,C.Walford,TE,LV,JAX,0,0,0.0,0,0.0,0.0,0.0,0,0.0,0,2,1,5.0,0,0.5,1.5,,,76.0,250.0,25.108941176470587,1.0,Miami,2015.0,2015.0,OAK,68.0,,0.054054055
2016,8,00-0032256,C.Walford,TE,LV,TB,0,0,0.0,0,0.0,0.0,0.0,0,0.0,0,4,3,31.0,0,3.1,6.1,,,76.0,250.0,25.108941176470587,1.0,Miami,2015.0,2015.0,OAK,68.0,,0.06896552
2016,9,00-0032256,C.Walford,TE,LV,DEN,0,0,0.0,0,0.0,0.0,0.0,0,0.0,0,3,2,13.0,0,1.3,3.3,,,76.0,250.0,25.108941176470587,1.0,Miami,2015.0,2015.0,OAK,68.0,,0.1
2016,11,00-0032256,C.Walford,TE,LV,HOU,0,0,0.0,0,0.0,0.0,0.0,0,0.0,0,4,2,28.0,0,2.8,4.8,,,76.0,250.0,25.108941176470587,1.0,Miami,2015.0,2015.0,OAK,68.0,,0.12903225
2016,12,00-0032256,C.Walford,TE,LV,CAR,0,0,0.0,0,0.0,0.0,0.0,0,0.0,0,4,3,43.0,1,10.3,13.3,,,76.0,250.0,25.108941176470587,1.0,Miami,2015.0,2015.0,OAK,68.0,,0.10526316
2016,13,00-0032256,C.Walford,TE,LV,BUF,0,0,0.0,0,0.0,0.0,0.0,0,0.0,0,3,1,18.0,0,1.8,2.8,,,76.0,250.0,25.108941176470587,1.0,Miami,2015.0,2015.0,OAK,68.0,,0.08571429
2016,14,00-0032256,C.Walford,TE,LV,KC,0,0,0.0,0,0.0,0.0,0.0,0,0.0,0,3,2,21.0,0,2.1,4.1,,,76.0,250.0,25.108941176470587,1.0,Miami,2015.0,2015.0,OAK,68.0,,0.07317073
2016,15,00-0032256,C.Walford,TE,LV,LAC,0,0,0.0,0,0.0,0.0,0.0,0,0.0,0,3,1,13.0,0,1.3,2.3,,,76.0,250.0,25.108941176470587,1.0,Miami,2015.0,2015.0,OAK,68.0,,0.1
2016,16,00-0032256,C.Walford,TE,LV,IND,0,0,0.0,0,0.0,0.0,0.0,0,0.0,0,2,2,20.0,1,8.0,10.0,,,76.0,250.0,25.108941176470587,1.0,Miami,2015.0,2015.0,OAK,68.0,,0.060606062
2016,17,00-0032256,C.Walford,TE,LV,DEN,0,0,0.0,0,0.0,0.0,0.0,0,0.0,0,3,1,17.0,0,1.7,2.7,,,76.0,250.0,25.108941176470587,1.0,Miami,2015.0,2015.0,OAK,68.0,,0.09375
2016,18,00-0032256,C.Walford,TE,LV,HOU,0,0,0.0,0,0.0,0.0,0.0,0,0.0,0,2,2,16.0,0,1.6,3.6,,,76.0,250.0,25.108941176470587,1.0,Miami,2015.0,2015.0,OAK,68.0,,0.044444446
2016,1,00-0032257,D.Johnson,RB,CLE,PHI,0,0,0.0,0,0.0,0.0,0.0,3,22.0,0,5,3,28.0,0,5.0,8.0,,,69.0,210.0,23.115625,1.0,Miami,2015.0,2015.0,CLE,77.0,,0.1923077
2016,2,00-0032257,D.Johnson,RB,CLE,BAL,0,0,0.0,0,0.0,0.0,0.0,3,12.0,0,5,4,44.0,0,5.6,9.6,,,69.0,210.0,23.115625,1.0,Miami,2015.0,2015.0,CLE,77.0,-5.0,0.15151516
2016,3,00-0032257,D.Johnson,RB,CLE,MIA,0,0,0.0,0,0.0,0.0,0.0,10,69.0,0,7,5,12.0,0,8.1,13.1,,,69.0,210.0,23.115625,1.0,Miami,2015.0,2015.0,CLE,77.0,,0.18421052
2016,4,00-0032257,D.Johnson,RB,CLE,WAS,0,0,0.0,0,0.0,0.0,0.0,8,45.0,0,8,6,31.0,0,5.6,11.6,,,69.0,210.0,23.115625,1.0,Miami,2015.0,2015.0,CLE,77.0,,0.21052632
2016,5,00-0032257,D.Johnson,RB,CLE,NE,0,0,0.0,0,0.0,0.0,0.0,4,1.0,0,3,2,21.0,0,2.2,4.2,,,69.0,210.0,23.115625,1.0,Miami,2015.0,2015.0,CLE,77.0,-20.0,0.08571429
2016,6,00-0032257,D.Johnson,RB,CLE,TEN,0,0,0.0,0,0.0,0.0,0.0,4,18.0,1,6,4,56.0,0,13.4,17.4,,,69.0,210.0,23.115625,1.0,Miami,2015.0,2015.0,CLE,77.0,,0.14285715
2016,7,00-0032257,D.Johnson,RB,CLE,CIN,0,0,0.0,0,0.0,0.0,0.0,6,15.0,0,5,4,18.0,0,3.3,7.3,,,69.0,210.0,23.115625,1.0,Miami,2015.0,2015.0,CLE,77.0,,0.16129032
2016,8,00-0032257,D.Johnson,RB,CLE,NYJ,0,0,0.0,0,0.0,0.0,0.0,4,29.0,0,8,6,87.0,0,11.6,17.6,,,69.0,210.0,23.115625,1.0,Miami,2015.0,2015.0,CLE,77.0,-3.0,0.15686275
2016,9,00-0032257,D.Johnson,RB,CLE,DAL,0,0,0.0,0,0.0,0.0,0.0,5,30.0,0,2,2,16.0,0,4.6,6.6,,,69.0,210.0,23.115625,1.0,Miami,2015.0,2015.0,CLE,77.0,-25.0,0.074074075
2016,10,00-0032257,D.Johnson,RB,CLE,BAL,0,0,0.0,0,0.0,0.0,0.0,2,6.0,0,5,3,25.0,0,3.1,6.1,,,69.0,210.0,23.115625,1.0,Miami,2015.0,2015.0,CLE,77.0,,0.16129032
2016,11,00-0032257,D.Johnson,RB,CLE,PIT,0,0,0.0,0,0.0,0.0,0.0,2,10.0,0,4,3,46.0,0,5.6,8.6,,,69.0,210.0,23.115625,1.0,Miami,2015.0,2015.0,CLE,77.0,-15.0,0.1
2016,12,00-0032257,D.Johnson,RB,CLE,NYG,0,1,0.0,0,0.0,0.0,-0.0,5,14.0,0,5,3,26.0,0,4.0,7.0,,,69.0,210.0,23.115625,1.0,Miami,2015.0,2015.0,CLE,77.0,-14.0,0.11627907
2016,14,00-0032257,D.Johnson,RB,CLE,CIN,0,0,0.0,0,0.0,0.0,0.0,4,24.0,0,2,1,21.0,0,4.5,5.5,,,69.0,210.0,23.115625,1.0,Miami,2015.0,2015.0,CLE,77.0,-13.0,0.071428575
2016,15,00-0032257,D.Johnson,RB,CLE,BUF,0,0,0.0,0,0.0,0.0,0.0,5,31.0,0,7,5,62.0,0,9.3,14.3,,,69.0,210.0,23.115625,1.0,Miami,2015.0,2015.0,CLE,77.0,,0.25925925
2016,16,00-0032257,D.Johnson,RB,CLE,LAC,0,0,0.0,0,0.0,0.0,0.0,7,28.0,0,2,2,21.0,0,4.9,6.9,,,69.0,210.0,23.115625,1.0,Miami,2015.0,2015.0,CLE,77.0,3.0,0.071428575
2016,17,00-0032257,D.Johnson,RB,CLE,PIT,0,0,0.0,0,0.0,0.0,0.0,1,4.0,0,0,0,0.0,0,0.4,0.4,,,69.0,210.0,23.115625,1.0,Miami,2015.0,2015.0,CLE,77.0,,
2016,1,00-0032268,M.Mariota,QB,TEN,MIN,25,41,271.0,2,1.0,2.0,19.0,4,19.0,0,0,0,0.0,0,16.74,16.74,,,76.0,222.0,23.014375,1.0,Oregon,2015.0,2015.0,TEN,2.0,-9.0,
2016,2,00-0032268,M.Mariota,QB,TEN,DET,25,33,238.0,2,1.0,3.0,14.0,2,11.0,0,0,0,0.0,0,16.62,16.62,,,76.0,222.0,23.014375,1.0,Oregon,2015.0,2015.0,TEN,2.0,,
2016,3,00-0032268,M.Mariota,QB,TEN,LV,17,33,214.0,0,2.0,1.0,2.0,3,22.0,0,0,0,0.0,0,4.76,4.76,,,76.0,222.0,23.014375,1.0,Oregon,2015.0,2015.0,TEN,2.0,-7.0,
2016,4,00-0032268,M.Mariota,QB,TEN,HOU,13,29,202.0,0,1.0,1.0,6.0,4,20.0,0,0,0,0.0,0,8.08,8.08,,,76.0,222.0,23.014375,1.0,Oregon,2015.0,2015.0,TEN,2.0,,
2016,5,00-0032268,M.Mariota,QB,TEN,MIA,20,29,163.0,3,0.0,0.0,-0.0,7,60.0,1,0,0,0.0,0,30.52,30.52,,,76.0,222.0,23.014375,1.0,Oregon,2015.0,2015.0,TEN,2.0,,
2016,6,00-0032268,M.Mariota,QB,TEN,CLE,17,24,284.0,3,1.0,2.0,14.0,7,64.0,0,0,0,0.0,0,27.76,27.76,,,76.0,222.0,23.014375,1.0,Oregon,2015.0,2015.0,TEN,2.0,2.0,
2016,7,00-0032268,M.Mariota,QB,TEN,IND,22,37,232.0,2,0.0,3.0,25.0,2,14.0,0,0,0,0.0,0,16.68,16.68,,,76.0,222.0,23.014375,1.0,Oregon,2015.0,2015.0,TEN,2.0,-8.0,
2016,8,00-0032268,M.Mariota,QB,TEN,JAX,18,22,270.0,2,0.0,0.0,-0.0,3,11.0,0,0,0,0.0,0,19.9,19.9,,,76.0,222.0,23.014375,1.0,Oregon,2015.0,2015.0,TEN,2.0,14.0,
2016,9,00-0032268,M.Mariota,QB,TEN,LAC,27,43,313.0,3,2.0,0.0,-0.0,3,14.0,1,0,0,0.0,0,25.92,25.92,,,76.0,222.0,23.014375,1.0,Oregon,2015.0,2015.0,TEN,2.0,,
2016,10,00-0032268,M.Mariota,QB,TEN,GB,19,26,295.0,4,0.0,1.0,13.0,5,0.0,0,0,0,0.0,0,27.8,27.8,,,76.0,222.0,23.014375,1.0,Oregon,2015.0,2015.0,TEN,2.0,22.0,
2016,11,00-0032268,M.Mariota,QB,TEN,IND,25,38,290.0,2,0.0,5.0,36.0,5,29.0,0,0,0,0.0,0,22.5,22.5,,,76.0,222.0,23.014375,1.0,Oregon,2015.0,2015.0,TEN,2.0,,
2016,12,00-0032268,M.Mariota,QB,TEN,CHI,15,23,226.0,2,0.0,0.0,-0.0,4,46.0,0,0,0,0.0,0,21.64,21.64,,,76.0,222.0,23.014375,1.0,Oregon,2015.0,2015.0,TEN,2.0,,
2016,14,00-0032268,M.Mariota,QB,TEN,DEN,6,20,88.0,0,0.0,2.0,15.0,8,38.0,0,1,0,0.0,0,7.32,7.32,,,76.0,222.0,23.014375,1.0,Oregon,2015.0,2015.0,TEN,2.0,3.0,0.05
2016,15,00-0032268,M.Mariota,QB,TEN,KC,19,33,241.0,0,1.0,1.0,-0.0,1,-2.0,0,0,0,0.0,0,5.44,5.44,,,76.0,222.0,23.014375,1.0,Oregon,2015.0,2015.0,TEN,2.0,,
2016,16,00-0032268,M.Mariota,QB,TEN,JAX,8,20,99.0,1,0.0,2.0,12.0,2,3.0,0,0,0,0.0,0,8.26,8.26,,,76.0,222.0,23.014375,1.0,Oregon,2015.0,2015.0,TEN,2.0,,
2016,17,00-0032298,B.Hill,RB,JAX,IND,0,0,0.0,0,0.0,0.0,0.0,2,11.0,0,1,0,0.0,0,1.1,1.1,,,70.0,215.0,23.967750000000002,1.0,Eastern Michigan,2015.0,2015.0,,,,0.025641026
2016,1,00-0032319,R.Travis,TE,KC,LAC,0,0,0.0,0,0.0,0.0,0.0,0,0.0,0,1,0,0.0,0,0.0,0.0,,,79.0,235.0,23.84,1.0,Penn State,2015.0,2016.0,,,6.0,0.022222223
2016,3,00-0032319,R.Travis,TE,KC,NYJ,0,0,0.0,0,0.0,0.0,0.0,0,0.0,0,2,2,10.0,0,1.0,3.0,,,79.0,235.0,23.84,1.0,Penn State,2015.0,2016.0,,,21.0,0.060606062
2016,4,00-0032319,R.Travis,TE,KC,PIT,0,0,0.0,0,0.0,0.0,0.0,0,0.0,0,1,0,0.0,0,0.0,0.0,,,79.0,235.0,23.84,1.0,Penn State,2015.0,2016.0,,,,0.020408163
2016,10,00-0032319,R.Travis,TE,KC,CAR,0,0,0.0,0,0.0,0.0,0.0,0,0.0,0,2,1,5.0,0,0.5,1.5,,,79.0,235.0,23.84,1.0,Penn State,2015.0,2016.0,,,,0.05263158
2016,2,00-0032355,C.Rogers,WR,IND,DEN,0,0,0.0,0,0.0,0.0,0.0,0,0.0,0,1,0,0.0,0,0.0,0.0,,,73.0,180.0,22.815625,0.0,Grambling,2016.0,2016.0,,,,0.025641026
2016,3,00-0032355,C.Rogers,WR,IND,LAC,0,0,0.0,0,0.0,0.0,0.0,0,0.0,0,2,0,0.0,0,0.0,0.0,,,73.0,180.0,22.815625,0.0,Grambling,2016.0,2016.0,,,4.0,0.057142857
2016,4,00-0032355,C.Rogers,WR,IND,JAX,0,0,0.0,0,0.0,0.0,0.0,0,0.0,0,3,2,39.0,0,3.9,5.9,,,73.0,180.0,22.815625,0.0,Grambling,2016.0,2016.0,,,,0.075
2016,5,00-0032355,C.Rogers,WR,IND,CHI,0,0,0.0,0,0.0,0.0,0.0,0,0.0,0,6,3,24.0,0,2.4,5.4,,,73.0,180.0,22.815625,0.0,Grambling,2016.0,2016.0,,,6.0,0.16216215
2016,6,00-0032355,C.Rogers,WR,IND,HOU,0,0,0.0,0,0.0,0.0,0.0,0,0.0,0,4,4,63.0,0,6.3,10.3,,,73.0,180.0,22.815625,0.0,Grambling,2016.0,2016.0,,,,0.125
2016,7,00-0032355,C.Rogers,WR,IND,TEN,0,0,0.0,0,0.0,0.0,0.0,0,0.0,0,3,2,30.0,0,3.0,5.0,,,73.0,180.0,22.815625,0.0,Grambling,2016.0,2016.0,,,,0.07692308
2016,12,00-0032355,C.Rogers,WR,IND,PIT,0,0,0.0,0,0.0,0.0,0.0,0,0.0,0,1,0,0.0,0,0.0,0.0,,,73.0,180.0,22.815625,0.0,Grambling,2016.0,2016.0,,,-21.0,0.027027028
2016,14,00-0032355,C.Rogers,WR,IND,HOU,0,0,0.0,0,0.0,0.0,0.0,0,0.0,0,2,1,21.0,0,2.1,3.1,,,73.0,180.0,22.815625,0.0,Grambling,2016.0,2016.0,,,-5.0,0.045454547
2016,15,00-0032355,C.Rogers,WR,IND,MIN,0,0,0.0,0,0.0,0.0,0.0,0,0.0,0,5,3,24.0,0,2.4,5.4,,,73.0,180.0,22.815625,0.0,Grambling,2016.0,2016.0,,,,0.17857143
2016,17,00-0032355,C.Rogers,WR,IND,JAX,0,0,0.0,0,0.0,0.0,0.0,0,0.0,0,7,4,72.0,0,7.2,11.2,,,73.0,180.0,22.815625,0.0,Grambling,2016.0,2016.0,,,4.0,0.18421052
2016,8,00-0032362,M.Harris,WR,WAS,CIN,0,0,0.0,0,0.0,0.0,0.0,0,0.0,0,2,0,0.0,0,0.0,0.0,,,74.0,200.0,24.0488,0.0,California,2016.0,2016.0,,,,0.035714287
2016,10,00-0032362,M.Harris,WR,WAS,MIN,0,0,0.0,0,0.0,0.0,0.0,0,0.0,0,3,3,28.0,0,2.8,5.8,,,74.0,200.0,24.0488,0.0,California,2016.0,2016.0,,,6.0,0.09090909
2016,11,00-0032362,M.Harris,WR,WAS,GB,0,0,0.0,0,0.0,0.0,0.0,0,0.0,0,1,1,14.0,0,1.4,2.4,,,74.0,200.0,24.0488,0.0,California,2016.0,2016.0,,,18.0,0.033333335
2016,12,00-0032362,M.Harris,WR,WAS,DAL,0,0,0.0,0,0.0,0.0,0.0,0,0.0,0,2,2,11.0,0,1.1,3.1,,,74.0,200.0,24.0488,0.0,California,2016.0,2016.0,,,,0.03773585
2016,13,00-0032362,M.Harris,WR,WAS,ARI,0,0,0.0,0,0.0,0.0,0.0,0,0.0,0,1,1,-2.0,0,-0.2,0.8,,,74.0,200.0,24.0488,0.0,California,2016.0,2016.0,,,,0.029411765
2016,16,00-0032362,M.Harris,WR,WAS,CHI,0,0,0.0,0,0.0,0.0,0.0,0,0.0,0,1,0,0.0,0,0.0,0.0,,,74.0,200.0,24.0488,0.0,California,2016.0,2016.0,,,,0.03846154
2016,17,00-0032362,M.Harris,WR,WAS,NYG,0,0,0.0,0,0.0,0.0,0.0,0,0.0,0,2,1,15.0,0,1.5,2.5,,,74.0,200.0,24.0488,0.0,California,2016.0,2016.0,,,-9.0,0.05882353
2016,16,00-0032365,D.Ayers,WR,PIT,BAL,0,0,0.0,0,0.0,0.0,0.0,0,0.0,0,1,1,9.0,0,0.9,1.9,,,70.0,190.0,22.498333333333335,0.0,Houston,2016.0,2016.0,PIT,229.0,4.0,0.033333335
2016,17,00-0032365,D.Ayers,WR,PIT,CLE,0,0,0.0,0,0.0,0.0,0.0,2,-12.0,0,12,5,44.0,1,9.2,14.2,,,70.0,190.0,22.498333333333335,0.0,Houston,2016.0,2016.0,PIT,229.0,3.0,0.3243243
2016,18,00-0032365,D.Ayers,WR,PIT,MIA,0,0,0.0,0,0.0,0.0,0.0,0,0.0,0,2,2,21.0,0,2.1,4.1,,,70.0,190.0,22.498333333333335,0.0,Houston,2016.0,2016.0,PIT,229.0,18.0,0.11111111
2016,19,00-0032365,D.Ayers,WR,PIT,KC,0,0,0.0,0,0.0,0.0,0.0,0,0.0,0,1,1,6.0,0,0.6,1.6,,,70.0,190.0,22.498333333333335,0.0,Houston,2016.0,2016.0,PIT,229.0,,0.032258064
2016,3,00-0032371,R.Kelley,RB,WAS,NYG,0,0,0.0,0,0.0,0.0,0.0,4,7.0,0,0,0,0.0,0,0.7,0.7,,,72.0,228.0,24.09275,0.0,Tulane,2016.0,2016.0,,,,
2016,4,00-0032371,R.Kelley,RB,WAS,CLE,0,0,0.0,0,0.0,0.0,0.0,1,4.0,0,0,0,0.0,0,0.4,0.4,,,72.0,228.0,24.09275,0.0,Tulane,2016.0,2016.0,,,11.0,
2016,5,00-0032371,R.Kelley,RB,WAS,BAL,0,0,0.0,0,0.0,0.0,0.0,3,18.0,0,0,0,0.0,0,1.8,1.8,,,72.0,228.0,24.09275,0.0,Tulane,2016.0,2016.0,,,,
2016,6,00-0032371,R.Kelley,RB,WAS,PHI,0,0,0.0,0,0.0,0.0,0.0,5,59.0,0,0,0,0.0,0,5.9,5.9,,,72.0,228.0,24.09275,0.0,Tulane,2016.0,2016.0,,,7.0,
2016,7,00-0032371,R.Kelley,RB,WAS,DET,0,0,0.0,0,0.0,0.0,0.0,4,15.0,0,1,1,1.0,1,7.6,8.6,,,72.0,228.0,24.09275,0.0,Tulane,2016.0,2016.0,,,,0.025641026
2016,8,00-0032371,R.Kelley,RB,WAS,CIN,0,0,0.0,0,0.0,0.0,0.0,21,87.0,1,2,0,0.0,0,14.7,14.7,,,72.0,228.0,24.09275,0.0,Tulane,2016.0,2016.0,,,,0.035714287
2016,10,00-0032371,R.Kelley,RB,WAS,MIN,0,0,0.0,0,0.0,0.0,0.0,22,97.0,0,1,1,-2.0,0,9.5,10.5,,,72.0,228.0,24.09275,0.0,Tulane,2016.0,2016.0,,,6.0,0.030303031
2016,11,00-0032371,R.Kelley,RB,WAS,GB,0,0,0.0,0,0.0,0.0,0.0,24,137.0,3,2,0,0.0,0,31.7,31.7,,,72.0,228.0,24.09275,0.0,Tulane,2016.0,2016.0,,,18.0,0.06666667
2016,12,00-0032371,R.Kelley,RB,WAS,DAL,0,0,0.0,0,0.0,0.0,0.0,14,37.0,0,2,2,5.0,0,4.2,6.2,,,72.0,228.0,24.09275,0.0,Tulane,2016.0,2016.0,,,,0.03773585
2016,13,00-0032371,R.Kelley,RB,WAS,ARI,0,0,0.0,0,0.0,0.0,0.0,14,63.0,0,1,0,0.0,0,6.3,6.3,,,72.0,228.0,24.09275,0.0,Tulane,2016.0,2016.0,,,,0.029411765
2016,14,00-0032371,R.Kelley,RB,WAS,PHI,0,0,0.0,0,0.0,0.0,0.0,16,63.0,1,2,2,25.0,0,14.8,16.8,,,72.0,228.0,24.09275,0.0,Tulane,2016.0,2016.0,,,,0.0952381
2016,15,00-0032371,R.Kelley,RB,WAS,CAR,0,0,0.0,0,0.0,0.0,0.0,9,8.0,1,4,4,47.0,0,11.5,15.5,,,72.0,228.0,24.09275,0.0,Tulane,2016.0,2016.0,,,-11.0,0.08510638
2016,16,00-0032371,R.Kelley,RB,WAS,CHI,0,0,0.0,0,0.0,0.0,0.0,19,76.0,0,3,2,6.0,0,8.2,10.2,,,72.0,228.0,24.09275,0.0,Tulane,2016.0,2016.0,,,,0.115384616
2016,17,00-0032371,R.Kelley,RB,WAS,NYG,0,0,0.0,0,0.0,0.0,0.0,12,33.0,0,0,0,0.0,0,3.3,3.3,,,72.0,228.0,24.09275,0.0,Tulane,2016.0,2016.0,,,-9.0,
2016,17,00-0032375,J.Kerridge,FB,GB,DET,0,0,0.0,0,0.0,0.0,0.0,1,0.0,0,0,0,0.0,0,0.0,0.0,,,71.0,249.0,24.25190909090909,0.0,Michigan,2016.0,2016.0,,,,
2016,1,00-0032377,J.Ferguson,RB,IND,DET,0,0,0.0,0,0.0,0.0,0.0,1,-2.0,0,2,2,26.0,0,2.4,4.4,,,70.0,200.0,23.4561875,0.0,Illinois,2016.0,2016.0,,,-4.0,0.044444446
2016,2,00-0032377,J.Ferguson,RB,IND,DEN,0,0,0.0,0,0.0,0.0,0.0,2,7.0,0,5,5,29.0,0,3.6,8.6,,,70.0,200.0,23.4561875,0.0,Illinois,2016.0,2016.0,,,,0.12820514
2016,3,00-0032377,J.Ferguson,RB,IND,LAC,0,0,0.0,0,0.0,0.0,0.0,1,2.0,0,4,3,29.0,0,3.1,6.1,,,70.0,200.0,23.4561875,0.0,Illinois,2016.0,2016.0,,,4.0,0.114285715
2016,4,00-0032377,J.Ferguson,RB,IND,JAX,0,0,0.0,0,0.0,0.0,0.0,3,-2.0,0,10,7,33.0,0,3.1,10.1,,,70.0,200.0,23.4561875,0.0,Illinois,2016.0,2016.0,,,,0.25
2016,5,00-0032377,J.Ferguson,RB,IND,CHI,0,0,0.0,0,0.0,0.0,0.0,1,3.0,0,3,2,10.0,0,1.3,3.3,,,70.0,200.0,23.4561875,0.0,Illinois,2016.0,2016.0,,,6.0,0.08108108
2016,9,00-0032377,J.Ferguson,RB,IND,GB,0,0,0.0,0,0.0,0.0,0.0,0,0.0,0,1,1,9.0,0,0.9,1.9,,,70.0,200.0,23.4561875,0.0,Illinois,2016.0,2016.0,,,,0.027777778
2016,13,00-0032377,J.Ferguson,RB,IND,NYJ,0,0,0.0,0,0.0,0.0,0.0,5,11.0,0,0,0,0.0,0,1.1,1.1,,,70.0,200.0,23.4561875,0.0,Illinois,2016.0,2016.0,,,,
2016,15,00-0032377,J.Ferguson,RB,IND,MIN,0,0,0.0,0,0.0,0.0,0.0,2,1.0,0,0,0,0.0,0,0.1,0.1,,,70.0,200.0,23.4561875,0.0,Illinois,2016.0,2016.0,,,,
2016,1,00-0032385,S.Shepard,WR,NYG,DAL,0,0,0.0,0,0.0,0.0,0.0,0,0.0,0,4,3,43.0,1,10.3,13.3,,,70.0,194.0,23.74829411764706,0.0,Oklahoma,2016.0,2016.0,NYG,40.0,,0.14285715
2016,2,00-0032385,S.Shepard,WR,NYG,NO,0,0,0.0,0,0.0,0.0,0.0,0,0.0,0,8,8,117.0,0,11.7,19.7,,,70.0,194.0,23.74829411764706,0.0,Oklahoma,2016.0,2016.0,NYG,40.0,3.0,0.19512194
2016,3,00-0032385,S.Shepard,WR,NYG,WAS,0,0,0.0,0,0.0,0.0,0.0,0,0.0,0,7,5,73.0,1,13.3,18.3,,,70.0,194.0,23.74829411764706,0.0,Oklahoma,2016.0,2016.0,NYG,40.0,-2.0,0.18421052
2016,4,00-0032385,S.Shepard,WR,NYG,MIN,0,0,0.0,0,0.0,0.0,0.0,0,0.0,0,7,4,30.0,0,3.0,7.0,,,70.0,194.0,23.74829411764706,0.0,Oklahoma,2016.0,2016.0,NYG,40.0,,0.15555556
2016,5,00-0032385,S.Shepard,WR,NYG,GB,0,0,0.0,0,0.0,0.0,0.0,0,0.0,0,7,2,14.0,0,1.4,3.4,,,70.0,194.0,23.74829411764706,0.0,Oklahoma,2016.0,2016.0,NYG,40.0,,0.2
2016,6,00-0032385,S.Shepard,WR,NYG,BAL,0,0,0.0,0,0.0,0.0,0.0,0,0.0,0,8,4,25.0,0,2.5,6.5,,,70.0,194.0,23.74829411764706,0.0,Oklahoma,2016.0,2016.0,NYG,40.0,4.0,0.17391305
2016,7,00-0032385,S.Shepard,WR,NYG,LA,0,0,0.0,0,0.0,0.0,0.0,0,0.0,0,7,5,32.0,0,3.2,8.2,,,70.0,194.0,23.74829411764706,0.0,Oklahoma,2016.0,2016.0,NYG,40.0,,0.1891892
2016,9,00-0032385,S.Shepard,WR,NYG,PHI,0,0,0.0,0,0.0,0.0,0.0,0,0.0,0,6,3,50.0,1,11.0,14.0,,,70.0,194.0,23.74829411764706,0.0,Oklahoma,2016.0,2016.0,NYG,40.0,5.0,0.16666667
2016,10,00-0032385,S.Shepard,WR,NYG,CIN,0,0,0.0,0,0.0,0.0,0.0,0,0.0,0,7,5,42.0,1,10.2,15.2,,,70.0,194.0,23.74829411764706,0.0,Oklahoma,2016.0,2016.0,NYG,40.0,1.0,0.1590909
2016,11,00-0032385,S.Shepard,WR,NYG,CHI,0,0,0.0,0,0.0,0.0,0.0,0,0.0,0,11,5,50.0,1,11.0,16.0,,,70.0,194.0,23.74829411764706,0.0,Oklahoma,2016.0,2016.0,NYG,40.0,6.0,0.30555555
2016,12,00-0032385,S.Shepard,WR,NYG,CLE,0,0,0.0,0,0.0,0.0,0.0,1,22.0,0,0,0,0.0,0,2.2,2.2,,,70.0,194.0,23.74829411764706,0.0,Oklahoma,2016.0,2016.0,NYG,40.0,,
2016,13,00-0032385,S.Shepard,WR,NYG,PIT,0,0,0.0,0,0.0,0.0,0.0,0,0.0,0,8,4,21.0,1,8.1,12.1,,,70.0,194.0,23.74829411764706,0.0,Oklahoma,2016.0,2016.0,NYG,40.0,,0.20512821
2016,14,00-0032385,S.Shepard,WR,NYG,DAL,0,0,0.0,0,0.0,0.0,0.0,0,0.0,0,4,3,39.0,0,3.9,6.9,,,70.0,194.0,23.74829411764706,0.0,Oklahoma,2016.0,2016.0,NYG,40.0,3.0,0.14285715
2016,15,00-0032385,S.Shepard,WR,NYG,DET,0,0,0.0,0,0.0,0.0,0.0,0,0.0,0,5,4,56.0,1,11.6,15.6,,,70.0,194.0,23.74829411764706,0.0,Oklahoma,2016.0,2016.0,NYG,40.0,11.0,0.17857143
2016,16,00-0032385,S.Shepard,WR,NYG,PHI,0,0,0.0,0,0.0,0.0,0.0,1,2.0,0,11,7,61.0,1,12.3,19.3,,,70.0,194.0,23.74829411764706,0.0,Oklahoma,2016.0,2016.0,NYG,40.0,,0.17460318
2016,17,00-0032385,S.Shepard,WR,NYG,WAS,0,0,0.0,0,0.0,0.0,0.0,1,7.0,0,5,3,30.0,0,3.7,6.7,,,70.0,194.0,23.74829411764706,0.0,Oklahoma,2016.0,2016.0,NYG,40.0,,0.1923077
2016,18,00-0032385,S.Shepard,WR,NYG,GB,0,0,0.0,0,0.0,0.0,0.0,0,0.0,0,9,4,63.0,0,6.3,10.3,,,70.0,194.0,23.74829411764706,0.0,Oklahoma,2016.0,2016.0,NYG,40.0,,0.20454545
2016,1,00-0032392,A.Hooper,TE,ATL,TB,0,0,0.0,0,0.0,0.0,0.0,0,0.0,0,1,1,14.0,0,1.4,2.4,,,75.0,254.0,22.05494736842105,0.0,Stanford,2016.0,2016.0,ATL,81.0,-7.0,0.02631579
2016,2,00-0032392,A.Hooper,TE,ATL,LV,0,0,0.0,0,0.0,0.0,0.0,0,0.0,0,3,3,84.0,0,8.4,11.4,,,75.0,254.0,22.05494736842105,0.0,Stanford,2016.0,2016.0,ATL,81.0,,0.0882353
2016,4,00-0032392,A.Hooper,TE,ATL,CAR,0,0,0.0,0,0.0,0.0,0.0,0,0.0,0,1,1,42.0,1,10.2,11.2,,,75.0,254.0,22.05494736842105,0.0,Stanford,2016.0,2016.0,ATL,81.0,15.0,0.027027028
2016,5,00-0032392,A.Hooper,TE,ATL,DEN,0,0,0.0,0,0.0,0.0,0.0,0,0.0,0,1,1,14.0,0,1.4,2.4,,,75.0,254.0,22.05494736842105,0.0,Stanford,2016.0,2016.0,ATL,81.0,,0.035714287
2016,8,00-0032392,A.Hooper,TE,ATL,GB,0,0,0.0,0,0.0,0.0,0.0,0,0.0,0,5,5,41.0,0,4.1,9.1,,,75.0,254.0,22.05494736842105,0.0,Stanford,2016.0,2016.0,ATL,81.0,1.0,0.14285715
2016,9,00-0032392,A.Hooper,TE,ATL,TB,0,0,0.0,0,0.0,0.0,0.0,0,0.0,0,6,3,46.0,1,10.6,13.6,,,75.0,254.0,22.05494736842105,0.0,Stanford,2016.0,2016.0,ATL,81.0,,0.1764706
2016,10,00-0032392,A.Hooper,TE,ATL,PHI,0,0,0.0,0,0.0,0.0,0.0,0,0.0,0,3,1,8.0,0,0.8,1.8,,,75.0,254.0,22.05494736842105,0.0,Stanford,2016.0,2016.0,ATL,81.0,,0.09677419
2016,12,00-0032392,A.Hooper,TE,ATL,ARI,0,0,0.0,0,0.0,0.0,0.0,0,0.0,0,2,2,8.0,0,0.8,2.8,,,75.0,254.0,22.05494736842105,0.0,Stanford,2016.0,2016.0,ATL,81.0,19.0,0.060606062
2016,13,00-0032392,A.Hooper,TE,ATL,KC,0,0,0.0,0,0.0,0.0,0.0,0,0.0,0,1,0,0.0,0,0.0,0.0,,,75.0,254.0,22.05494736842105,0.0,Stanford,2016.0,2016.0,ATL,81.0,-1.0,0.030303031
2016,14,00-0032392,A.Hooper,TE,ATL,LA,0,0,0.0,0,0.0,0.0,0.0,0,0.0,0,3,1,5.0,0,0.5,1.5,,,75.0,254.0,22.05494736842105,0.0,Stanford,2016.0,2016.0,ATL,81.0,,0.1
2016,15,00-0032392,A.Hooper,TE,ATL,SF,0,0,0.0,0,0.0,0.0,0.0,0,0.0,0,1,1,9.0,1,6.9,7.9,,,75.0,254.0,22.05494736842105,0.0,Stanford,2016.0,2016.0,ATL,81.0,28.0,0.04347826
2016,19,00-0032392,A.Hooper,TE,ATL,SEA,0,0,0.0,0,0.0,0.0,0.0,0,0.0,0,1,1,10.0,0,1.0,2.0,,,75.0,254.0,22.05494736842105,0.0,Stanford,2016.0,2016.0,ATL,81.0,16.0,0.027027028
2016,20,00-0032392,A.Hooper,TE,ATL,GB,0,0,0.0,0,0.0,0.0,0.0,0,0.0,0,2,2,23.0,0,2.3,4.3,,,75.0,254.0,22.05494736842105,0.0,Stanford,2016.0,2016.0,ATL,81.0,23.0,0.05263158
2016,21,00-0032392,A.Hooper,TE,ATL,NE,0,0,0.0,0,0.0,0.0,0.0,0,0.0,0,6,3,32.0,1,9.2,12.2,,,75.0,254.0,22.05494736842105,0.0,Stanford,2016.0,2016.0,ATL,81.0,-6.0,0.27272728
2016,1,00-0032393,C.Prosise,RB,SEA,MIA,0,0,0.0,0,0.0,0.0,0.0,1,-2.0,0,1,1,13.0,0,1.1,2.1,,,73.0,220.0,22.490555555555556,0.0,Notre Dame,2016.0,2016.0,SEA,90.0,2.0,0.024390243
2016,7,00-0032393,C.Prosise,RB,SEA,ARI,0,0,0.0,0,0.0,0.0,0.0,1,0.0,0,3,2,17.0,0,1.7,3.7,,,73.0,220.0,22.490555555555556,0.0,Notre Dame,2016.0,2016.0,SEA,90.0,,0.083333336
2016,8,00-0032393,C.Prosise,RB,SEA,NO,0,0,0.0,0,0.0,0.0,0.0,4,23.0,0,4,4,80.0,0,10.3,14.3,,,73.0,220.0,22.490555555555556,0.0,Notre Dame,2016.0,2016.0,SEA,90.0,,0.125
2016,9,00-0032393,C.Prosise,RB,SEA,BUF,0,0,0.0,0,0.0,0.0,0.0,3,9.0,0,1,1,6.0,0,1.5,2.5,,,73.0,220.0,22.490555555555556,0.0,Notre Dame,2016.0,2016.0,SEA,90.0,6.0,0.041666668
2016,10,00-0032393,C.Prosise,RB,SEA,NE,0,0,0.0,0,0.0,0.0,0.0,17,66.0,0,7,7,87.0,0,15.3,22.3,,,73.0,220.0,22.490555555555556,0.0,Notre Dame,2016.0,2016.0,SEA,90.0,,0.19444445
2016,11,00-0032393,C.Prosise,RB,SEA,PHI,0,0,0.0,0,0.0,0.0,0.0,4,76.0,1,3,2,5.0,0,14.1,16.1,,,73.0,220.0,22.490555555555556,0.0,Notre Dame,2016.0,2016.0,SEA,90.0,11.0,0.09677419
2016,7,00-0032394,N.Vannett,TE,SEA,ARI,0,0,0.0,0,0.0,0.0,0.0,0,0.0,0,1,0,0.0,0,0.0,0.0,,,77.0,257.0,23.69511111111111,0.0,Ohio State,2016.0,2016.0,SEA,94.0,,0.027777778
2016,8,00-0032394,N.Vannett,TE,SEA,NO,0,0,0.0,0,0.0,0.0,0.0,0,0.0,0,1,1,7.0,0,0.7,1.7,,,77.0,257.0,23.69511111111111,0.0,Ohio State,2016.0,2016.0,SEA,94.0,,0.03125
2016,13,00-0032394,N.Vannett,TE,SEA,CAR,0,0,0.0,0,0.0,0.0,0.0,0,0.0,0,2,2,25.0,0,2.5,4.5,,,77.0,257.0,23.69511111111111,0.0,Ohio State,2016.0,2016.0,SEA,94.0,33.0,0.05263158
2016,1,00-0032398,C.Moore,WR,BAL,BUF,0,0,0.0,0,0.0,0.0,0.0,0,0.0,0,2,1,13.0,0,1.3,2.3,,,73.0,190.0,23.393125,0.0,Cincinnati,2016.0,2016.0,BAL,107.0,6.0,0.0625
2016,2,00-0032398,C.Moore,WR,BAL,CLE,0,0,0.0,0,0.0,0.0,0.0,0,0.0,0,2,1,9.0,0,0.9,1.9,,,73.0,190.0,23.393125,0.0,Cincinnati,2016.0,2016.0,BAL,107.0,,0.044444446
2016,3,00-0032398,C.Moore,WR,BAL,JAX,0,0,0.0,0,0.0,0.0,0.0,0,0.0,0,1,1,2.0,0,0.2,1.2,,,73.0,190.0,23.393125,0.0,Cincinnati,2016.0,2016.0,BAL,107.0,,0.025
2016,4,00-0032398,C.Moore,WR,BAL,LV,0,0,0.0,0,0.0,0.0,0.0,0,0.0,0,4,1,6.0,0,0.6,1.6,,,73.0,190.0,23.393125,0.0,Cincinnati,2016.0,2016.0,BAL,107.0,-1.0,0.08
2016,7,00-0032398,C.Moore,WR,BAL,NYJ,0,0,0.0,0,0.0,0.0,0.0,0,0.0,0,4,2,11.0,0,1.1,3.1,,,73.0,190.0,23.393125,0.0,Cincinnati,2016.0,2016.0,BAL,107.0,,0.093023255
2016,9,00-0032398,C.Moore,WR,BAL,PIT,0,0,0.0,0,0.0,0.0,0.0,1,2.0,0,0,0,0.0,0,6.2,6.2,,,73.0,190.0,23.393125,0.0,Cincinnati,2016.0,2016.0,BAL,107.0,7.0,
2016,10,00-0032398,C.Moore,WR,BAL,CLE,0,0,0.0,0,0.0,0.0,0.0,1,10.0,0,0,0,0.0,0,1.0,1.0,,,73.0,190.0,23.393125,0.0,Cincinnati,2016.0,2016.0,BAL,107.0,21.0,
2016,13,00-0032398,C.Moore,WR,BAL,MIA,0,0,0.0,0,0.0,0.0,0.0,1,7.0,0,2,0,0.0,0,0.7,0.7,,,73.0,190.0,23.393125,0.0,Cincinnati,2016.0,2016.0,BAL,107.0,32.0,0.041666668
2016,14,00-0032398,C.Moore,WR,BAL,NE,0,0,0.0,0,0.0,0.0,0.0,0,0.0,0,1,1,5.0,0,0.5,1.5,,,73.0,190.0,23.393125,0.0,Cincinnati,2016.0,2016.0,BAL,107.0,,0.01923077
2016,1,00-0032400,M.Mitchell,WR,NE,ARI,0,0,0.0,0,0.0,0.0,0.0,0,0.0,0,5,2,33.0,0,3.3,5.3,,,71.0,200.0,24.33215789473684,0.0,Georgia,2016.0,2016.0,NE,112.0,,0.15151516
2016,2,00-0032400,M.Mitchell,WR,NE,MIA,0,0,0.0,0,0.0,0.0,0.0,0,0.0,0,2,1,15.0,0,1.5,2.5,,,71.0,200.0,24.33215789473684,0.0,Georgia,2016.0,2016.0,NE,112.0,7.0,0.057142857
2016,3,00-0032400,M.Mitchell,WR,NE,HOU,0,0,0.0,0,0.0,0.0,0.0,0,0.0,0,2,1,27.0,0,2.7,3.7,,,71.0,200.0,24.33215789473684,0.0,Georgia,2016.0,2016.0,NE,112.0,27.0,0.10526316
2016,5,00-0032400,M.Mitchell,WR,NE,CLE,0,0,0.0,0,0.0,0.0,0.0,0,0.0,0,3,2,7.0,0,0.7,2.7,,,71.0,200.0,24.33215789473684,0.0,Georgia,2016.0,2016.0,NE,112.0,,0.07317073
2016,7,00-0032400,M.Mitchell,WR,NE,PIT,0,0,0.0,0,0.0,0.0,0.0,0,0.0,0,1,0,0.0,0,0.0,0.0,,,71.0,200.0,24.33215789473684,0.0,Georgia,2016.0,2016.0,NE,112.0,,0.03846154
2016,10,00-0032400,M.Mitchell,WR,NE,SEA,0,0,0.0,0,0.0,0.0,0.0,0,0.0,0,2,1,13.0,0,1.3,2.3,,,71.0,200.0,24.33215789473684,0.0,Georgia,2016.0,2016.0,NE,112.0,-7.0,0.0625
2016,11,00-0032400,M.Mitchell,WR,NE,SF,0,0,0.0,0,0.0,0.0,0.0,0,0.0,0,5,4,98.0,1,15.8,19.8,,,71.0,200.0,24.33215789473684,0.0,Georgia,2016.0,2016.0,NE,112.0,,0.13157895
2016,12,00-0032400,M.Mitchell,WR,NE,NYJ,0,0,0.0,0,0.0,0.0,0.0,0,0.0,0,7,5,42.0,2,16.2,21.2,,,71.0,200.0,24.33215789473684,0.0,Georgia,2016.0,2016.0,NE,112.0,,0.14
2016,13,00-0032400,M.Mitchell,WR,NE,LA,0,0,0.0,0,0.0,0.0,0.0,0,0.0,0,10,8,82.0,0,8.2,16.2,,,71.0,200.0,24.33215789473684,0.0,Georgia,2016.0,2016.0,NE,112.0,16.0,0.2173913
2016,14,00-0032400,M.Mitchell,WR,NE,BAL,0,0,0.0,0,0.0,0.0,0.0,0,0.0,0,5,4,41.0,1,10.1,14.1,,,71.0,200.0,24.33215789473684,0.0,Georgia,2016.0,2016.0,NE,112.0,7.0,0.13513513
2016,15,00-0032400,M.Mitchell,WR,NE,DEN,0,0,0.0,0,0.0,0.0,0.0,0,0.0,0,1,1,14.0,0,1.4,2.4,,,71.0,200.0,24.33215789473684,0.0,Georgia,2016.0,2016.0,NE,112.0,,0.032258064
2016,16,00-0032400,M.Mitchell,WR,NE,NYJ,0,0,0.0,0,0.0,0.0,0.0,0,0.0,0,5,3,29.0,0,2.9,5.9,,,71.0,200.0,24.33215789473684,0.0,Georgia,2016.0,2016.0,NE,112.0,38.0,0.1724138
2016,20,00-0032400,M.Mitchell,WR,NE,PIT,0,0,0.0,0,0.0,0.0,0.0,0,0.0,0,4,1,5.0,0,0.5,1.5,,,71.0,200.0,24.33215789473684,0.0,Georgia,2016.0,2016.0,NE,112.0,19.0,0.09756097
2016,21,00-0032400,M.Mitchell,WR,NE,ATL,0,0,0.0,0,0.0,0.0,0.0,0,0.0,0,7,6,70.0,0,7.0,13.0,,,71.0,200.0,24.33215789473684,0.0,Georgia,2016.0,2016.0,NE,112.0,,0.11111111
2016,1,00-0032404,T.Ervin,RB,HOU,CHI,0,0,0.0,0,0.0,0.0,0.0,1,3.0,0,2,1,5.0,0,0.8,1.8,,,70.0,185.0,23.1025,0.0,San Jose State,2016.0,2016.0,HOU,119.0,9.0,0.057142857
2016,6,00-0032404,T.Ervin,RB,HOU,IND,0,0,0.0,0,0.0,0.0,0.0,0,0.0,0,2,1,4.0,0,0.4,1.4,,,70.0,185.0,23.1025,0.0,San Jose State,2016.0,2016.0,HOU,119.0,3.0,0.051282052
2016,7,00-0032404,T.Ervin,RB,HOU,DEN,0,0,0.0,0,0.0,0.0,0.0,0,0.0,0,1,1,9.0,0,0.9,1.9,,,70.0,185.0,23.1025,0.0,San Jose State,2016.0,2016.0,HOU,119.0,,0.024390243
2016,17,00-0032407,A.Lewis,T,BAL,CIN,0,0,0.0,0,0.0,0.0,0.0,0,0.0,0,1,0,0.0,0,0.0,0.0,,,78.0,290.0,24.5456875,0.0,Nebraska,2016.0,2016.0,BAL,130.0,,0.020408163
2016,5,00-0032411,K.Dixon,RB,BAL,WAS,0,0,0.0,0,0.0,0.0,0.0,3,-1.0,0,1,1,6.0,0,0.5,1.5,,,70.0,212.0,22.7935,0.0,Louisiana Tech,2016.0,2016.0,BAL,134.0,-6.0,0.021276595
2016,6,00-0032411,K.Dixon,RB,BAL,NYG,0,0,0.0,0,0.0,0.0,0.0,2,11.0,0,2,1,1.0,0,1.2,2.2,,,70.0,212.0,22.7935,0.0,Louisiana Tech,2016.0,2016.0,BAL,134.0,,0.041666668
2016,7,00-0032411,K.Dixon,RB,BAL,NYJ,0,0,0.0,0,0.0,0.0,0.0,1,0.0,0,1,1,-1.0,0,-0.1,0.9,,,70.0,212.0,22.7935,0.0,Louisiana Tech,2016.0,2016.0,BAL,134.0,,0.023255814
2016,9,00-0032411,K.Dixon,RB,BAL,PIT,0,0,0.0,0,0.0,0.0,0.0,9,13.0,0,2,2,0.0,0,1.3,3.3,,,70.0,212.0,22.7935,0.0,Louisiana Tech,2016.0,2016.0,BAL,134.0,7.0,0.06666667
2016,10,00-0032411,K.Dixon,RB,BAL,CLE,0,0,0.0,0,0.0,0.0,0.0,6,38.0,0,7,5,42.0,0,8.0,13.0,,,70.0,212.0,22.7935,0.0,Louisiana Tech,2016.0,2016.0,BAL,134.0,21.0,0.175
2016,11,00-0032411,K.Dixon,RB,BAL,DAL,0,0,0.0,0,0.0,0.0,0.0,6,40.0,0,1,0,0.0,0,4.0,4.0,,,70.0,212.0,22.7935,0.0,Louisiana Tech,2016.0,2016.0,BAL,134.0,,0.028571429
2016,12,00-0032411,K.Dixon,RB,BAL,CIN,0,0,0.0,0,0.0,0.0,0.0,13,49.0,0,4,4,31.0,0,8.0,12.0,,,70.0,212.0,22.7935,0.0,Louisiana Tech,2016.0,2016.0,BAL,134.0,5.0,0.121212125
2016,13,00-0032411,K.Dixon,RB,BAL,MIA,0,0,0.0,0,0.0,0.0,0.0,6,56.0,0,4,4,21.0,0,7.7,11.7,,,70.0,212.0,22.7935,0.0,Louisiana Tech,2016.0,2016.0,BAL,134.0,32.0,0.083333336
2016,14,00-0032411,K.Dixon,RB,BAL,NE,0,0,0.0,0,0.0,0.0,0.0,11,39.0,0,11,8,42.0,1,14.1,22.1,,,70.0,212.0,22.7935,0.0,Louisiana Tech,2016.0,2016.0,BAL,134.0,,0.21153846
2016,15,00-0032411,K.Dixon,RB,BAL,PHI,0,0,0.0,0,0.0,0.0,0.0,9,36.0,1,1,0,0.0,0,9.6,9.6,,,70.0,212.0,22.7935,0.0,Louisiana Tech,2016.0,2016.0,BAL,134.0,1.0,0.03448276
2016,16,00-0032411,K.Dixon,RB,BAL,PIT,0,0,0.0,0,0.0,0.0,0.0,12,57.0,0,3,1,1.0,0,5.8,6.8,,,70.0,212.0,22.7935,0.0,Louisiana Tech,2016.0,2016.0,BAL,134.0,,0.06818182
2016,17,00-0032411,K.Dixon,RB,BAL,CIN,0,0,0.0,0,0.0,0.0,0.0,10,44.0,1,4,3,19.0,0,12.3,15.3,,,70.0,212.0,22.7935,0.0,Louisiana Tech,2016.0,2016.0,BAL,134.0,,0.08163265
2016,4,00-0032417,P.Perkins,RB,NYG,MIN,0,0,0.0,0,0.0,0.0,0.0,2,8.0,0,3,2,72.0,0,8.0,10.0,,,70.0,210.0,21.98505882352941,0.0,UCLA,2016.0,2016.0,NYG,149.0,,0.06666667
2016,5,00-0032417,P.Perkins,RB,NYG,GB,0,0,0.0,0,0.0,0.0,0.0,2,9.0,0,2,1,13.0,0,2.2,3.2,,,70.0,210.0,21.98505882352941,0.0,UCLA,2016.0,2016.0,NYG,149.0,,0.057142857
2016,6,00-0032417,P.Perkins,RB,NYG,BAL,0,0,0.0,0,0.0,0.0,0.0,2,10.0,0,2,2,16.0,0,2.6,4.6,,,70.0,210.0,21.98505882352941,0.0,UCLA,2016.0,2016.0,NYG,149.0,4.0,0.04347826
2016,7,00-0032417,P.Perkins,RB,NYG,LA,0,0,0.0,0,0.0,0.0,0.0,4,12.0,0,1,1,4.0,0,1.6,2.6,,,70.0,210.0,21.98505882352941,0.0,UCLA,2016.0,2016.0,NYG,149.0,,0.027027028
2016,9,00-0032417,P.Perkins,RB,NYG,PHI,0,0,0.0,0,0.0,0.0,0.0,11,32.0,0,3,3,15.0,0,4.7,7.7,,,70.0,210.0,21.98505882352941,0.0,UCLA,2016.0,2016.0,NYG,149.0,5.0,0.083333336
2016,10,00-0032417,P.Perkins,RB,NYG,CIN,0,0,0.0,0,0.0,0.0,0.0,9,31.0,0,3,0,0.0,0,3.1,3.1,,,70.0,210.0,21.98505882352941,0.0,UCLA,2016.0,2016.0,NYG,149.0,1.0,0.06818182
2016,11,00-0032417,P.Perkins,RB,NYG,CHI,0,0,0.0,0,0.0,0.0,0.0,4,16.0,0,2,2,19.0,0,3.5,5.5,,,70.0,210.0,21.98505882352941,0.0,UCLA,2016.0,2016.0,NYG,149.0,6.0,0.055555556
2016,12,00-0032417,P.Perkins,RB,NYG,CLE,0,0,0.0,0,0.0,0.0,0.0,9,29.0,0,2,2,14.0,0,4.3,6.3,,,70.0,210.0,21.98505882352941,0.0,UCLA,2016.0,2016.0,NYG,149.0,,0.074074075
2016,13,00-0032417,P.Perkins,RB,NYG,PIT,0,0,0.0,0,0.0,0.0,0.0,7,38.0,0,0,0,0.0,0,3.8,3.8,,,70.0,210.0,21.98505882352941,0.0,UCLA,2016.0,2016.0,NYG,149.0,,
2016,14,00-0032417,P.Perkins,RB,NYG,DAL,0,0,0.0,0,0.0,0.0,0.0,15,45.0,0,1,1,0.0,0,4.5,5.5,,,70.0,210.0,21.98505882352941,0.0,UCLA,2016.0,2016.0,NYG,149.0,3.0,0.035714287
2016,15,00-0032417,P.Perkins,RB,NYG,DET,0,0,0.0,0,0.0,0.0,0.0,11,56.0,0,1,0,0.0,0,5.6,5.6,,,70.0,210.0,21.98505882352941,0.0,UCLA,2016.0,2016.0,NYG,149.0,11.0,0.035714287
2016,16,00-0032417,P.Perkins,RB,NYG,PHI,0,0,0.0,0,0.0,0.0,0.0,15,68.0,0,2,1,9.0,0,7.7,8.7,,,70.0,210.0,21.98505882352941,0.0,UCLA,2016.0,2016.0,NYG,149.0,,0.031746034
2016,17,00-0032417,P.Perkins,RB,NYG,WAS,0,0,0.0,0,0.0,0.0,0.0,21,102.0,0,2,0,0.0,0,10.2,10.2,,,70.0,210.0,21.98505882352941,0.0,UCLA,2016.0,2016.0,NYG,149.0,,0.07692308
2016,18,00-0032417,P.Perkins,RB,NYG,GB,0,0,0.0,0,0.0,0.0,0.0,10,30.0,0,5,3,27.0,0,5.7,8.7,,,70.0,210.0,21.98505882352941,0.0,UCLA,2016.0,2016.0,NYG,149.0,,0.11363637
2016,2,00-0032423,T.Davis,WR,GB,MIN,0,0,0.0,0,0.0,0.0,0.0,0,0.0,0,1,0,0.0,0,0.0,0.0,,,73.0,185.0,23.37778947368421,0.0,California,2016.0,2016.0,GB,163.0,,0.027777778
2016,3,00-0032423,T.Davis,WR,GB,DET,0,0,0.0,0,0.0,0.0,0.0,0,0.0,0,1,0,0.0,0,0.0,0.0,,,73.0,185.0,23.37778947368421,0.0,California,2016.0,2016.0,GB,163.0,7.0,0.041666668
2016,8,00-0032423,T.Davis,WR,GB,ATL,0,0,0.0,0,0.0,0.0,0.0,0,0.0,0,4,3,24.0,1,8.4,11.4,,,73.0,185.0,23.37778947368421,0.0,California,2016.0,2016.0,GB,163.0,,0.10526316
2016,10,00-0032423,T.Davis,WR,GB,TEN,0,0,0.0,0,0.0,0.0,0.0,0,0.0,0,1,0,0.0,0,0.0,0.0,,,73.0,185.0,23.37778947368421,0.0,California,2016.0,2016.0,GB,163.0,,0.018181818
2016,2,00-0032426,A.Collins,RB,SEA,LA,0,0,0.0,0,0.0,0.0,0.0,2,0.0,0,0,0,0.0,0,0.0,0.0,,,70.0,217.0,22.222166666666666,0.0,Arkansas,2016.0,2016.0,SEA,171.0,,
2016,3,00-0032426,A.Collins,RB,SEA,SF,0,0,0.0,0,0.0,0.0,0.0,4,12.0,0,2,2,19.0,0,3.1,5.1,,,70.0,217.0,22.222166666666666,0.0,Arkansas,2016.0,2016.0,SEA,171.0,19.0,0.06666667
2016,4,00-0032426,A.Collins,RB,SEA,NYJ,0,0,0.0,0,0.0,0.0,0.0,1,1.0,0,0,0,0.0,0,0.1,0.1,,,70.0,217.0,22.222166666666666,0.0,Arkansas,2016.0,2016.0,SEA,171.0,,
2016,6,00-0032426,A.Collins,RB,SEA,ATL,0,0,0.0,0,0.0,0.0,0.0,1,2.0,1,1,1,9.0,0,7.1,8.1,,,70.0,217.0,22.222166666666666,0.0,Arkansas,2016.0,2016.0,SEA,171.0,2.0,0.027777778
2016,7,00-0032426,A.Collins,RB,SEA,ARI,0,0,0.0,0,0.0,0.0,0.0,1,2.0,0,0,0,0.0,0,0.2,0.2,,,70.0,217.0,22.222166666666666,0.0,Arkansas,2016.0,2016.0,SEA,171.0,,
2016,10,00-0032426,A.Collins,RB,SEA,NE,0,0,0.0,0,0.0,0.0,0.0,1,2.0,0,0,0,0.0,0,0.2,0.2,,,70.0,217.0,22.222166666666666,0.0,Arkansas,2016.0,2016.0,SEA,171.0,,
2016,14,00-0032426,A.Collins,RB,SEA,GB,0,0,0.0,0,0.0,0.0,0.0,7,23.0,0,3,3,33.0,0,3.6,6.6,,,70.0,217.0,22.222166666666666,0.0,Arkansas,2016.0,2016.0,SEA,171.0,,0.07692308
2016,16,00-0032426,A.Collins,RB,SEA,ARI,0,0,0.0,0,0.0,0.0,0.0,7,28.0,0,4,4,19.0,0,4.7,8.7,,,70.0,217.0,22.222166666666666,0.0,Arkansas,2016.0,2016.0,SEA,171.0,-3.0,0.09090909
2016,17,00-0032426,A.Collins,RB,SEA,SF,0,0,0.0,0,0.0,0.0,0.0,7,55.0,0,1,1,4.0,0,5.9,6.9,,,70.0,217.0,22.222166666666666,0.0,Arkansas,2016.0,2016.0,SEA,171.0,,0.027027028
2016,18,00-0032426,A.Collins,RB,SEA,DET,0,0,0.0,0,0.0,0.0,0.0,6,13.0,0,1,1,11.0,0,2.4,3.4,,,70.0,217.0,22.222166666666666,0.0,Arkansas,2016.0,2016.0,SEA,171.0,20.0,0.033333335
2016,19,00-0032426,A.Collins,RB,SEA,ATL,0,0,0.0,0,0.0,0.0,0.0,2,14.0,0,4,2,17.0,0,3.1,5.1,,,70.0,217.0,22.222166666666666,0.0,Arkansas,2016.0,2016.0,SEA,171.0,,0.14285715
2016,5,00-0032429,J.Adams,TE,NYG,GB,0,0,0.0,0,0.0,0.0,0.0,0,0.0,0,2,2,27.0,0,2.7,4.7,,,77.0,231.0,23.860411764705884,0.0,South Carolina,2016.0,2016.0,NYG,184.0,,0.057142857
2016,7,00-0032429,J.Adams,TE,NYG,LA,0,0,0.0,0,0.0,0.0,0.0,0,0.0,0,1,1,5.0,0,0.5,1.5,,,77.0,231.0,23.860411764705884,0.0,South Carolina,2016.0,2016.0,NYG,184.0,,0.027027028
2016,9,00-0032429,J.Adams,TE,NYG,PHI,0,0,0.0,0,0.0,0.0,0.0,0,0.0,0,4,3,24.0,0,2.4,5.4,,,77.0,231.0,23.860411764705884,0.0,South Carolina,2016.0,2016.0,NYG,184.0,5.0,0.11111111
2016,10,00-0032429,J.Adams,TE,NYG,CIN,0,0,0.0,0,0.0,0.0,0.0,0,0.0,0,3,3,18.0,1,7.8,10.8,,,77.0,231.0,23.860411764705884,0.0,South Carolina,2016.0,2016.0,NYG,184.0,1.0,0.06818182
2016,11,00-0032429,J.Adams,TE,NYG,CHI,0,0,0.0,0,0.0,0.0,0.0,0,0.0,0,1,0,0.0,0,0.0,0.0,,,77.0,231.0,23.860411764705884,0.0,South Carolina,2016.0,2016.0,NYG,184.0,6.0,0.027777778
2016,13,00-0032429,J.Adams,TE,NYG,PIT,0,0,0.0,0,0.0,0.0,0.0,0,0.0,0,3,1,10.0,0,1.0,2.0,,,77.0,231.0,23.860411764705884,0.0,South Carolina,2016.0,2016.0,NYG,184.0,,0.07692308
2016,14,00-0032429,J.Adams,TE,NYG,DAL,0,0,0.0,0,0.0,0.0,0.0,0,0.0,0,2,2,11.0,0,1.1,3.1,,,77.0,231.0,23.860411764705884,0.0,South Carolina,2016.0,2016.0,NYG,184.0,3.0,0.071428575
2016,15,00-0032429,J.Adams,TE,NYG,DET,0,0,0.0,0,0.0,0.0,0.0,0,0.0,0,4,3,18.0,0,1.8,4.8,,,77.0,231.0,23.860411764705884,0.0,South Carolina,2016.0,2016.0,NYG,184.0,11.0,0.14285715
2016,16,00-0032429,J.Adams,TE,NYG,PHI,0,0,0.0,0,0.0,0.0,0.0,0,0.0,0,1,1,9.0,0,0.9,1.9,,,77.0,231.0,23.860411764705884,0.0,South Carolina,2016.0,2016.0,NYG,184.0,,0.015873017
2016,16,00-0032430,D.Morgan,TE,MIN,GB,0,0,0.0,0,0.0,0.0,0.0,0,0.0,0,1,1,4.0,0,0.4,1.4,,,76.0,265.0,23.471625,0.0,Texas-San Antonio,2016.0,2016.0,MIN,188.0,,0.02
2016,2,00-0032441,A.Burbridge,WR,SF,CAR,0,0,0.0,0,0.0,0.0,0.0,0,0.0,0,1,0,0.0,0,0.0,0.0,,,72.0,208.0,22.8726875,0.0,Michigan State,2016.0,2016.0,SF,213.0,,0.027777778
2016,4,00-0032441,A.Burbridge,WR,SF,DAL,0,0,0.0,0,0.0,0.0,0.0,0,0.0,0,2,1,5.0,0,0.5,1.5,,,72.0,208.0,22.8726875,0.0,Michigan State,2016.0,2016.0,SF,213.0,-7.0,0.08695652
2016,7,00-0032441,A.Burbridge,WR,SF,TB,0,0,0.0,0,0.0,0.0,0.0,0,0.0,0,2,1,15.0,0,1.5,2.5,,,72.0,208.0,22.8726875,0.0,Michigan State,2016.0,2016.0,SF,213.0,-17.0,0.0625
2016,9,00-0032441,A.Burbridge,WR,SF,NO,0,0,0.0,0,0.0,0.0,0.0,0,0.0,0,2,0,0.0,0,0.0,0.0,,,72.0,208.0,22.8726875,0.0,Michigan State,2016.0,2016.0,SF,213.0,-18.0,0.051282052
2016,11,00-0032441,A.Burbridge,WR,SF,NE,0,0,0.0,0,0.0,0.0,0.0,0,0.0,0,1,0,0.0,0,0.0,0.0,,,72.0,208.0,22.8726875,0.0,Michigan State,2016.0,2016.0,SF,213.0,-13.0,0.033333335
2016,15,00-0032441,A.Burbridge,WR,SF,ATL,0,0,0.0,0,0.0,0.0,0.0,0,0.0,0,3,2,29.0,0,2.9,4.9,,,72.0,208.0,22.8726875,0.0,Michigan State,2016.0,2016.0,SF,213.0,,0.09090909
2016,16,00-0032441,A.Burbridge,WR,SF,LA,0,0,0.0,0,0.0,0.0,0.0,0,0.0,0,3,2,15.0,0,1.5,3.5,,,72.0,208.0,22.8726875,0.0,Michigan State,2016.0,2016.0,SF,213.0,,0.08108108
2016,17,00-0032441,A.Burbridge,WR,SF,SEA,0,0,0.0,0,0.0,0.0,0.0,0,0.0,0,2,1,24.0,0,2.4,3.4,,,72.0,208.0,22.8726875,0.0,Michigan State,2016.0,2016.0,SF,213.0,-2.0,0.09090909
2016,7,00-0032449,L.Edwards,P,NYJ,BAL,0,0,0.0,0,0.0,0.0,0.0,1,0.0,0,0,0,0.0,0,-2.0,-2.0,,,76.0,209.0,24.5255625,0.0,Sam Houston State,2016.0,2016.0,NYJ,235.0,8.0,
2016,1,00-0032450,D.Washington,RB,DET,IND,0,0,0.0,0,0.0,0.0,0.0,2,1.0,1,0,0,0.0,0,6.1,6.1,,,73.0,221.0,22.546529411764705,0.0,Washington,2016.0,2016.0,DET,236.0,,
2016,2,00-0032450,D.Washington,RB,DET,TEN,0,0,0.0,0,0.0,0.0,0.0,4,31.0,0,0,0,0.0,0,3.1,3.1,,,73.0,221.0,22.546529411764705,0.0,Washington,2016.0,2016.0,DET,236.0,-1.0,
2016,3,00-0032450,D.Washington,RB,DET,GB,0,0,0.0,0,0.0,0.0,0.0,10,38.0,0,1,1,-3.0,0,3.5,4.5,,,73.0,221.0,22.546529411764705,0.0,Washington,2016.0,2016.0,DET,236.0,,0.025
2016,4,00-0032450,D.Washington,RB,DET,CHI,0,0,0.0,0,0.0,0.0,0.0,2,6.0,0,1,1,8.0,0,1.4,2.4,,,73.0,221.0,22.546529411764705,0.0,Washington,2016.0,2016.0,DET,236.0,,0.027777778
2016,9,00-0032450,D.Washington,RB,DET,MIN,0,0,0.0,0,0.0,0.0,0.0,10,26.0,0,1,0,0.0,0,2.6,2.6,,,73.0,221.0,22.546529411764705,0.0,Washington,2016.0,2016.0,DET,236.0,,0.028571429
2016,11,00-0032450,D.Washington,RB,DET,JAX,0,0,0.0,0,0.0,0.0,0.0,13,6.0,0,2,2,15.0,0,2.1,4.1,,,73.0,221.0,22.546529411764705,0.0,Washington,2016.0,2016.0,DET,236.0,7.0,0.060606062
2016,12,00-0032450,D.Washington,RB,DET,MIN,0,0,0.0,0,0.0,0.0,0.0,5,19.0,0,0,0,0.0,0,1.9,1.9,,,73.0,221.0,22.546529411764705,0.0,Washington,2016.0,2016.0,DET,236.0,3.0,
2016,13,00-0032450,D.Washington,RB,DET,NO,0,0,0.0,0,0.0,0.0,0.0,7,21.0,0,2,2,19.0,0,4.0,6.0,,,73.0,221.0,22.546529411764705,0.0,Washington,2016.0,2016.0,DET,236.0,,0.048780486
2016,14,00-0032450,D.Washington,RB,DET,CHI,0,0,0.0,0,0.0,0.0,0.0,16,64.0,0,2,1,10.0,0,7.4,8.4,,,73.0,221.0,22.546529411764705,0.0,Washington,2016.0,2016.0,DET,236.0,3.0,0.05882353
2016,15,00-0032450,D.Washington,RB,DET,NYG,0,0,0.0,0,0.0,0.0,0.0,14,31.0,0,4,2,9.0,0,4.0,6.0,,,73.0,221.0,22.546529411764705,0.0,Washington,2016.0,2016.0,DET,236.0,,0.10526316
2016,16,00-0032450,D.Washington,RB,DET,DAL,0,0,0.0,0,0.0,0.0,0.0,7,22.0,0,2,1,4.0,0,2.6,3.6,,,73.0,221.0,22.546529411764705,0.0,Washington,2016.0,2016.0,DET,236.0,,0.044444446
2016,3,00-0032462,T.Boykin,QB,SEA,SF,7,9,65.0,1,1.0,0.0,-0.0,2,-2.0,0,0,0,0.0,0,4.4,4.4,,,72.0,205.0,23.2325,0.0,Texas Christian,2016.0,2016.0,,,19.0,
2016,11,00-0032462,T.Boykin,QB,SEA,PHI,0,0,0.0,0,0.0,0.0,0.0,1,-5.0,0,0,0,0.0,0,-0.5,-0.5,,,72.0,205.0,23.2325,0.0,Texas Christian,2016.0,2016.0,,,11.0,
2016,13,00-0032462,T.Boykin,QB,SEA,CAR,2,3,38.0,0,0.0,0.0,-0.0,1,1.0,0,0,0,0.0,0,1.62,1.62,,,72.0,205.0,23.2325,0.0,Texas Christian,2016.0,2016.0,,,33.0,
2016,17,00-0032462,T.Boykin,QB,SEA,SF,4,6,42.0,0,0.0,1.0,5.0,4,7.0,0,0,0,0.0,0,2.38,2.38,,,72.0,205.0,23.2325,0.0,Texas Christian,2016.0,2016.0,,,,
2016,16,00-0032464,K.Raymond,WR,DEN,KC,0,0,0.0,0,0.0,0.0,0.0,0,0.0,0,1,0,0.0,0,0.0,0.0,,,69.0,160.0,22.3628,0.0,Holy Cross,2016.0,2016.0,,,,0.025
2016,17,00-0032464,K.Raymond,WR,DEN,LV,0,0,0.0,0,0.0,0.0,0.0,0,0.0,0,1,0,0.0,0,0.0,0.0,,,69.0,160.0,22.3628,0.0,Holy Cross,2016.0,2016.0,,,18.0,0.037037037
2016,3,00-0032475,T.McEvoy,WR,SEA,SF,0,0,0.0,0,0.0,0.0,0.0,0,0.0,0,1,0,0.0,0,0.0,0.0,,,78.0,230.0,23.802,0.0,Wisconsin,2016.0,2016.0,,,19.0,0.033333335
2016,4,00-0032475,T.McEvoy,WR,SEA,NYJ,0,0,0.0,0,0.0,0.0,0.0,0,0.0,0,1,1,42.0,1,10.2,11.2,,,78.0,230.0,23.802,0.0,Wisconsin,2016.0,2016.0,,,,0.03125
2016,6,00-0032475,T.McEvoy,WR,SEA,ATL,0,0,0.0,0,0.0,0.0,0.0,0,0.0,0,1,1,17.0,0,1.7,2.7,,,78.0,230.0,23.802,0.0,Wisconsin,2016.0,2016.0,,,2.0,0.027777778
2016,7,00-0032475,T.McEvoy,WR,SEA,ARI,0,0,0.0,0,0.0,0.0,0.0,0,0.0,0,1,1,10.0,0,1.0,2.0,,,78.0,230.0,23.802,0.0,Wisconsin,2016.0,2016.0,,,,0.027777778
2016,8,00-0032475,T.McEvoy,WR,SEA,NO,1,1,43.0,0,0.0,0.0,-0.0,0,0.0,0,0,0,0.0,0,1.72,1.72,,,78.0,230.0,23.802,0.0,Wisconsin,2016.0,2016.0,,,,
2016,13,00-0032475,T.McEvoy,WR,SEA,CAR,0,0,0.0,0,0.0,0.0,0.0,0,0.0,0,2,1,14.0,0,1.4,2.4,,,78.0,230.0,23.802,0.0,Wisconsin,2016.0,2016.0,,,33.0,0.05263158
2016,14,00-0032475,T.McEvoy,WR,SEA,GB,0,0,0.0,0,0.0,0.0,0.0,0,0.0,0,3,3,41.0,1,10.1,13.1,,,78.0,230.0,23.802,0.0,Wisconsin,2016.0,2016.0,,,,0.07692308
2016,17,00-0032475,T.McEvoy,WR,SEA,SF,0,0,0.0,0,0.0,0.0,0.0,0,0.0,0,2,2,16.0,0,1.6,3.6,,,78.0,230.0,23.802,0.0,Wisconsin,2016.0,2016.0,,,,0.054054055
2016,18,00-0032475,T.McEvoy,WR,SEA,DET,0,0,0.0,0,0.0,0.0,0.0,0,0.0,0,1,0,0.0,0,0.0,0.0,,,78.0,230.0,23.802,0.0,Wisconsin,2016.0,2016.0,,,20.0,0.033333335
2016,19,00-0032475,T.McEvoy,WR,SEA,ATL,0,0,0.0,0,0.0,0.0,0.0,0,0.0,0,1,0,0.0,0,0.0,0.0,,,78.0,230.0,23.802,0.0,Wisconsin,2016.0,2016.0,,,,0.035714287
2016,17,00-0032482,,WR,CHI,MIN,0,0,0.0,0,0.0,0.0,0.0,1,4.0,0,1,1,11.0,0,1.5,2.5,,,69.0,197.0,23.2115,0.0,Oregon,2016.0,2016.0,,,,0.05
2016,5,00-0032508,H.Valles,TE,ARI,SF,0,0,0.0,0,0.0,0.0,0.0,0,0.0,0,1,0,0.0,0,0.0,0.0,,,77.0,260.0,23.979384615384618,0.0,Monmouth (N.J.),2016.0,2016.0,,,,0.037037037
2016,10,00-0032508,H.Valles,TE,ARI,SF,0,0,0.0,0,0.0,0.0,0.0,0,0.0,0,1,0,0.0,0,0.0,0.0,,,77.0,260.0,23.979384615384618,0.0,Monmouth (N.J.),2016.0,2016.0,,,3.0,0.020833334
2016,4,00-0032515,B.Bowman,TE,NYJ,SEA,0,0,0.0,0,0.0,0.0,0.0,0,0.0,0,1,0,0.0,0,0.0,0.0,,,75.0,240.0,22.765,0.0,South Alabama,2016.0,2016.0,,,-10.0,0.024390243
2016,16,00-0032523,H.Krieger-Coble,TE,DEN,KC,0,0,0.0,0,0.0,0.0,0.0,0,0.0,0,1,1,13.0,0,1.3,2.3,,,75.0,248.0,24.5465,0.0,Iowa,2016.0,2016.0,,,,0.025
2016,2,00-0032543,A.Erickson,WR,CIN,PIT,0,0,0.0,0,0.0,0.0,0.0,0,0.0,0,1,1,20.0,0,2.0,3.0,,,72.0,195.0,23.9995,0.0,Wisconsin,2016.0,2016.0,,,,0.018518519
2016,11,00-0032543,A.Erickson,WR,CIN,BUF,0,0,0.0,0,0.0,0.0,0.0,0,0.0,0,2,1,7.0,0,0.7,1.7,,,72.0,195.0,23.9995,0.0,Wisconsin,2016.0,2016.0,,,-4.0,0.05
2016,12,00-0032543,A.Erickson,WR,CIN,BAL,0,0,0.0,0,0.0,0.0,0.0,0,0.0,0,1,1,7.0,0,0.7,1.7,,,72.0,195.0,23.9995,0.0,Wisconsin,2016.0,2016.0,,,,0.021276595
2016,13,00-0032543,A.Erickson,WR,CIN,PHI,0,0,0.0,0,0.0,0.0,0.0,0,0.0,0,1,1,16.0,0,1.6,2.6,,,72.0,195.0,23.9995,0.0,Wisconsin,2016.0,2016.0,,,18.0,0.03448276
2016,14,00-0032543,A.Erickson,WR,CIN,CLE,0,0,0.0,0,0.0,0.0,0.0,0,0.0,0,2,1,16.0,0,1.6,2.6,,,72.0,195.0,23.9995,0.0,Wisconsin,2016.0,2016.0,,,,0.071428575
2016,16,00-0032543,A.Erickson,WR,CIN,HOU,0,0,0.0,0,0.0,0.0,0.0,0,0.0,0,1,1,5.0,0,0.5,1.5,,,72.0,195.0,23.9995,0.0,Wisconsin,2016.0,2016.0,,,,0.024390243
2016,1,00-0032562,C.Wick,TE,DET,IND,0,0,0.0,0,0.0,0.0,0.0,0,0.0,0,1,1,5.0,0,0.5,1.5,,,78.0,255.0,22.943529411764708,0.0,Incarnate Word,2016.0,2016.0,,,,0.027027028
2016,3,00-0032562,C.Wick,TE,DET,GB,0,0,0.0,0,0.0,0.0,0.0,0,0.0,0,1,1,13.0,0,1.3,2.3,,,78.0,255.0,22.943529411764708,0.0,Incarnate Word,2016.0,2016.0,,,,0.025
2016,4,00-0032562,C.Wick,TE,DET,CHI,0,0,0.0,0,0.0,0.0,0.0,0,0.0,0,1,0,0.0,0,0.0,0.0,,,78.0,255.0,22.943529411764708,0.0,Incarnate Word,2016.0,2016.0,,,,0.027777778
2016,2,00-0032577,D.Foster,RB,NE,MIA,0,0,0.0,0,0.0,0.0,0.0,1,7.0,0,2,1,2.0,0,0.9,1.9,,,72.0,195.0,22.99063157894737,0.0,Arizona State,2016.0,2016.0,,,7.0,0.057142857
2016,5,00-0032577,D.Foster,RB,NE,CLE,0,0,0.0,0,0.0,0.0,0.0,6,17.0,0,0,0,0.0,0,1.7,1.7,,,72.0,195.0,22.99063157894737,0.0,Arizona State,2016.0,2016.0,,,,
2016,14,00-0032593,B.Wilds,RB,NYJ,SF,0,0,0.0,0,0.0,0.0,0.0,2,4.0,0,0,0,0.0,0,0.4,0.4,,,72.0,220.0,23.3614,0.0,South Carolina,2016.0,2016.0,,,,
2016,16,00-0032593,B.Wilds,RB,NYJ,NE,0,0,0.0,0,0.0,0.0,0.0,4,14.0,0,0,0,0.0,0,1.4,1.4,,,72.0,220.0,23.3614,0.0,South Carolina,2016.0,2016.0,,,,
2016,17,00-0032593,B.Wilds,RB,NYJ,BUF,0,0,0.0,0,0.0,0.0,0.0,4,9.0,0,2,2,20.0,0,2.9,4.9,,,72.0,220.0,23.3614,0.0,South Carolina,2016.0,2016.0,,,20.0,0.06666667
2016,9,00-0032599,J.Perkins,TE,ATL,TB,0,0,0.0,0,0.0,0.0,0.0,0,0.0,0,1,0,0.0,0,0.0,0.0,,,75.0,227.0,23.286947368421053,0.0,Washington,2016.0,2016.0,,,,0.029411765
2016,15,00-0032599,J.Perkins,TE,ATL,SF,0,0,0.0,0,0.0,0.0,0.0,0,0.0,0,1,1,8.0,0,0.8,1.8,,,75.0,227.0,23.286947368421053,0.0,Washington,2016.0,2016.0,,,28.0,0.04347826
2016,16,00-0032599,J.Perkins,TE,ATL,CAR,0,0,0.0,0,0.0,0.0,0.0,0,0.0,0,3,2,34.0,1,9.4,11.4,,,75.0,227.0,23.286947368421053,0.0,Washington,2016.0,2016.0,,,,0.09090909
2016,17,00-0032602,J.McKissic,RB,SEA,SF,0,0,0.0,0,0.0,0.0,0.0,1,2.0,0,2,2,16.0,0,1.8,3.8,,,70.0,193.0,23.328833333333336,0.0,Arkansas State,2016.0,2016.0,,,,0.054054055
2016,18,00-0032602,J.McKissic,RB,SEA,DET,0,0,0.0,0,0.0,0.0,0.0,0,0.0,0,1,0,0.0,0,0.0,0.0,,,70.0,193.0,23.328833333333336,0.0,Arkansas State,2016.0,2016.0,,,20.0,0.033333335
2016,19,00-0032602,J.McKissic,RB,SEA,ATL,0,0,0.0,0,0.0,0.0,0.0,1,3.0,0,1,1,5.0,0,0.8,1.8,,,70.0,193.0,23.328833333333336,0.0,Arkansas State,2016.0,2016.0,,,,0.035714287
2016,8,00-0032626,G.Allison,WR,GB,ATL,0,0,0.0,0,0.0,0.0,0.0,0,0.0,0,4,2,21.0,1,8.1,10.1,,,75.0,202.0,22.87885714285714,0.0,Illinois,2016.0,2016.0,,,,0.10526316
2016,9,00-0032626,G.Allison,WR,GB,IND,0,0,0.0,0,0.0,0.0,0.0,0,0.0,0,1,0,0.0,0,0.0,0.0,,,75.0,202.0,22.87885714285714,0.0,Illinois,2016.0,2016.0,,,-5.0,0.023809524
2016,10,00-0032626,G.Allison,WR,GB,TEN,0,0,0.0,0,0.0,0.0,0.0,0,0.0,0,2,1,17.0,0,1.7,2.7,,,75.0,202.0,22.87885714285714,0.0,Illinois,2016.0,2016.0,,,,0.036363635
2016,11,00-0032626,G.Allison,WR,GB,WAS,0,0,0.0,0,0.0,0.0,0.0,0,0.0,0,1,0,0.0,0,0.0,0.0,,,75.0,202.0,22.87885714285714,0.0,Illinois,2016.0,2016.0,,,,0.023255814
2016,15,00-0032626,G.Allison,WR,GB,CHI,0,0,0.0,0,0.0,0.0,0.0,0,0.0,0,1,1,7.0,0,0.7,1.7,,,75.0,202.0,22.87885714285714,0.0,Illinois,2016.0,2016.0,,,,0.033333335
2016,16,00-0032626,G.Allison,WR,GB,MIN,0,0,0.0,0,0.0,0.0,0.0,0,0.0,0,7,4,66.0,0,6.6,10.6,,,75.0,202.0,22.87885714285714,0.0,Illinois,2016.0,2016.0,,,13.0,0.17948718
2016,17,00-0032626,G.Allison,WR,GB,DET,0,0,0.0,0,0.0,0.0,0.0,0,0.0,0,6,4,91.0,1,15.1,19.1,,,75.0,202.0,22.87885714285714,0.0,Illinois,2016.0,2016.0,,,,0.15384616
2016,18,00-0032626,G.Allison,WR,GB,NYG,0,0,0.0,0,0.0,0.0,0.0,0,0.0,0,2,1,8.0,0,0.8,1.8,,,75.0,202.0,22.87885714285714,0.0,Illinois,2016.0,2016.0,,,25.0,0.051282052
2016,19,00-0032626,G.Allison,WR,GB,DAL,0,0,0.0,0,0.0,0.0,0.0,0,0.0,0,5,3,46.0,0,4.6,7.6,,,75.0,202.0,22.87885714285714,0.0,Illinois,2016.0,2016.0,,,,0.11627907
2016,20,00-0032626,G.Allison,WR,GB,ATL,0,0,0.0,0,0.0,0.0,0.0,0,0.0,0,1,1,11.0,0,1.1,2.1,,,75.0,202.0,22.87885714285714,0.0,Illinois,2016.0,2016.0,,,,0.023255814
2016,7,00-0032636,,RB,GB,CHI,0,0,0.0,0,0.0,0.0,0.0,2,6.0,0,1,0,0.0,0,0.6,0.6,,,70.0,209.0,23.250571428571426,0.0,,2016.0,2016.0,,,16.0,0.017857144
2016,8,00-0032636,,RB,GB,ATL,0,0,0.0,0,0.0,0.0,0.0,4,10.0,0,0,0,0.0,0,1.0,1.0,,,70.0,209.0,23.250571428571426,0.0,,2016.0,2016.0,,,,
2016,9,00-0032636,,RB,GB,IND,0,0,0.0,0,0.0,0.0,0.0,4,16.0,0,0,0,0.0,0,1.6,1.6,,,70.0,209.0,23.250571428571426,0.0,,2016.0,2016.0,,,-5.0,
2016,6,00-0032659,Ro.Lewis,WR,NYG,BAL,0,0,0.0,0,0.0,0.0,0.0,0,0.0,0,3,1,24.0,1,8.4,9.4,,,72.0,196.0,22.954411764705885,0.0,Bowling Green State,2016.0,2016.0,,,4.0,0.06521739
2016,7,00-0032659,Ro.Lewis,WR,NYG,LA,0,0,0.0,0,0.0,0.0,0.0,0,0.0,0,1,1,7.0,0,0.7,1.7,,,72.0,196.0,22.954411764705885,0.0,Bowling Green State,2016.0,2016.0,,,,0.027027028
2016,9,00-0032659,Ro.Lewis,WR,NYG,PHI,0,0,0.0,0,0.0,0.0,0.0,0,0.0,0,2,1,30.0,1,9.0,10.0,,,72.0,196.0,22.954411764705885,0.0,Bowling Green State,2016.0,2016.0,,,5.0,0.055555556
2016,10,00-0032659,Ro.Lewis,WR,NYG,CIN,0,0,0.0,0,0.0,0.0,0.0,0,0.0,0,4,1,2.0,0,0.2,1.2,,,72.0,196.0,22.954411764705885,0.0,Bowling Green State,2016.0,2016.0,,,1.0,0.09090909
2016,11,00-0032659,Ro.Lewis,WR,NYG,CHI,0,0,0.0,0,0.0,0.0,0.0,0,0.0,0,2,1,8.0,0,0.8,1.8,,,72.0,196.0,22.954411764705885,0.0,Bowling Green State,2016.0,2016.0,,,6.0,0.055555556
2016,12,00-0032659,Ro.Lewis,WR,NYG,CLE,0,0,0.0,0,0.0,0.0,0.0,0,0.0,0,4,1,18.0,0,1.8,2.8,,,72.0,196.0,22.954411764705885,0.0,Bowling Green State,2016.0,2016.0,,,,0.14814815
2016,13,00-0032659,Ro.Lewis,WR,NYG,PIT,0,0,0.0,0,0.0,0.0,0.0,0,0.0,0,1,1,8.0,0,0.8,1.8,,,72.0,196.0,22.954411764705885,0.0,Bowling Green State,2016.0,2016.0,,,,0.025641026
2016,14,00-0032659,Ro.Lewis,WR,NYG,DAL,0,0,0.0,0,0.0,0.0,0.0,0,0.0,0,1,0,0.0,0,0.0,0.0,,,72.0,196.0,22.954411764705885,0.0,Bowling Green State,2016.0,2016.0,,,3.0,0.035714287
2016,16,00-0032659,Ro.Lewis,WR,NYG,PHI,0,0,0.0,0,0.0,0.0,0.0,0,0.0,0,1,0,0.0,0,0.0,0.0,,,72.0,196.0,22.954411764705885,0.0,Bowling Green State,2016.0,2016.0,,,,0.015873017
2016,8,00-0032661,B.Braunecker,TE,CHI,MIN,0,0,0.0,0,0.0,0.0,0.0,0,0.0,0,1,1,8.0,0,0.8,1.8,,,76.0,240.0,22.76328571428571,0.0,Harvard,2016.0,2016.0,,,10.0,0.032258064
2016,12,00-0032661,B.Braunecker,TE,CHI,TEN,0,0,0.0,0,0.0,0.0,0.0,0,0.0,0,2,1,14.0,0,1.4,2.4,,,76.0,240.0,22.76328571428571,0.0,Harvard,2016.0,2016.0,,,-6.0,0.037037037
2016,16,00-0032661,B.Braunecker,TE,CHI,WAS,0,0,0.0,0,0.0,0.0,0.0,0,0.0,0,3,2,19.0,0,1.9,3.9,,,76.0,240.0,22.76328571428571,0.0,Harvard,2016.0,2016.0,,,-20.0,0.075
2016,17,00-0032679,P.McRoberts,WR,LA,ARI,0,0,0.0,0,0.0,0.0,0.0,0,0.0,0,1,1,6.0,0,0.6,1.6,,,74.0,197.0,24.118000000000002,0.0,Southeast Missouri State,2016.0,2016.0,,,-38.0,0.035714287
2016,3,00-0032688,R.Chosen,WR,NYJ,KC,0,0,0.0,0,0.0,0.0,0.0,0,0.0,0,2,2,34.0,0,3.4,5.4,,,75.0,190.0,23.4933125,0.0,Temple,2016.0,2016.0,,,,0.045454547
2016,4,00-0032688,R.Chosen,WR,NYJ,SEA,0,0,0.0,0,0.0,0.0,0.0,0,0.0,0,6,2,12.0,0,1.2,3.2,,,75.0,190.0,23.4933125,0.0,Temple,2016.0,2016.0,,,-10.0,0.14634146
2016,5,00-0032688,R.Chosen,WR,NYJ,PIT,0,0,0.0,0,0.0,0.0,0.0,0,0.0,0,2,1,10.0,0,1.0,2.0,,,75.0,190.0,23.4933125,0.0,Temple,2016.0,2016.0,,,,0.05263158
2016,6,00-0032688,R.Chosen,WR,NYJ,ARI,0,0,0.0,0,0.0,0.0,0.0,0,0.0,0,6,4,24.0,0,2.4,6.4,,,75.0,190.0,23.4933125,0.0,Temple,2016.0,2016.0,,,,0.16216215
2016,7,00-0032688,R.Chosen,WR,NYJ,BAL,0,0,0.0,0,0.0,0.0,0.0,1,30.0,0,3,3,41.0,0,7.1,10.1,,,75.0,190.0,23.4933125,0.0,Temple,2016.0,2016.0,,,8.0,0.13636364
2016,8,00-0032688,R.Chosen,WR,NYJ,CLE,0,0,0.0,0,0.0,0.0,0.0,0,0.0,0,6,3,31.0,0,3.1,6.1,,,75.0,190.0,23.4933125,0.0,Temple,2016.0,2016.0,,,,0.1764706
2016,9,00-0032688,R.Chosen,WR,NYJ,MIA,0,0,0.0,0,0.0,0.0,0.0,0,0.0,0,6,4,49.0,0,4.9,8.9,,,75.0,190.0,23.4933125,0.0,Temple,2016.0,2016.0,,,,0.20689656
2016,10,00-0032688,R.Chosen,WR,NYJ,LA,0,0,0.0,0,0.0,0.0,0.0,0,0.0,0,6,3,69.0,0,6.9,9.9,,,75.0,190.0,23.4933125,0.0,Temple,2016.0,2016.0,,,-3.0,0.19354838
2016,12,00-0032688,R.Chosen,WR,NYJ,NE,0,0,0.0,0,0.0,0.0,0.0,0,0.0,0,2,2,34.0,0,1.4,3.4,,,75.0,190.0,23.4933125,0.0,Temple,2016.0,2016.0,,,-5.0,0.06451613
2016,13,00-0032688,R.Chosen,WR,NYJ,IND,0,0,0.0,0,0.0,0.0,0.0,0,0.0,0,12,4,61.0,1,12.1,16.1,,,75.0,190.0,23.4933125,0.0,Temple,2016.0,2016.0,,,-31.0,0.3243243
2016,14,00-0032688,R.Chosen,WR,NYJ,SF,0,0,0.0,0,0.0,0.0,0.0,2,12.0,0,11,6,99.0,0,11.1,17.1,,,75.0,190.0,23.4933125,0.0,Temple,2016.0,2016.0,,,,0.31428573
2016,15,00-0032688,R.Chosen,WR,NYJ,MIA,0,0,0.0,0,0.0,0.0,0.0,0,0.0,0,6,4,80.0,1,14.0,18.0,,,75.0,190.0,23.4933125,0.0,Temple,2016.0,2016.0,,,-21.0,0.13333334
2016,16,00-0032688,R.Chosen,WR,NYJ,NE,0,0,0.0,0,0.0,0.0,0.0,0,0.0,0,3,0,0.0,0,0.0,0.0,,,75.0,190.0,23.4933125,0.0,Temple,2016.0,2016.0,,,,0.125
2016,17,00-0032688,R.Chosen,WR,NYJ,BUF,0,0,0.0,0,0.0,0.0,0.0,0,0.0,0,7,4,43.0,0,4.3,8.3,,,75.0,190.0,23.4933125,0.0,Temple,2016.0,2016.0,,,20.0,0.23333333
2016,2,00-0032694,J.Marshall,WR,NYJ,BUF,0,0,0.0,0,0.0,0.0,0.0,0,0.0,0,4,3,45.0,0,2.5,5.5,,,70.0,200.0,21.2948125,0.0,Ohio State,2016.0,2016.0,,,,0.11764706
2016,3,00-0032694,J.Marshall,WR,NYJ,KC,0,0,0.0,0,0.0,0.0,0.0,0,0.0,0,5,2,19.0,0,1.9,3.9,,,70.0,200.0,21.2948125,0.0,Ohio State,2016.0,2016.0,,,,0.11363637
2016,6,00-0032694,J.Marshall,WR,NYJ,ARI,0,0,0.0,0,0.0,0.0,0.0,0,0.0,0,3,1,11.0,0,1.1,2.1,,,70.0,200.0,21.2948125,0.0,Ohio State,2016.0,2016.0,,,,0.08108108
2016,9,00-0032694,J.Marshall,WR,NYJ,MIA,0,0,0.0,0,0.0,0.0,0.0,0,0.0,0,4,3,59.0,1,11.9,14.9,,,70.0,200.0,21.2948125,0.0,Ohio State,2016.0,2016.0,,,,0.13793103
2016,12,00-0032694,J.Marshall,WR,NYJ,NE,0,0,0.0,0,0.0,0.0,0.0,0,0.0,0,3,2,6.0,0,0.6,2.6,,,70.0,200.0,21.2948125,0.0,Ohio State,2016.0,2016.0,,,-5.0,0.09677419
2016,17,00-0032694,J.Marshall,WR,NYJ,BUF,0,0,0.0,0,0.0,0.0,0.0,0,0.0,0,4,3,22.0,1,8.2,11.2,,,70.0,200.0,21.2948125,0.0,Ohio State,2016.0,2016.0,,,20.0,0.13333334
2016,17,00-0032697,D.Middleton,FS,NYJ,NYJ,0,0,0.0,0,0.0,0.0,0.0,0,0.0,0,0,0,0.0,0,6.0,6.0,,,72.0,210.0,23.1834,0.0,Appalachian State,2016.0,2016.0,,,20.0,
2016,9,00-0032724,B.Treggs,WR,PHI,NYG,0,0,0.0,0,0.0,0.0,0.0,0,0.0,0,4,2,69.0,0,6.9,8.9,,,70.0,185.0,22.5274375,0.0,California,2016.0,2016.0,,,,0.08510638
2016,11,00-0032724,B.Treggs,WR,PHI,SEA,0,0,0.0,0,0.0,0.0,0.0,0,0.0,0,2,0,0.0,0,0.0,0.0,,,70.0,185.0,22.5274375,0.0,California,2016.0,2016.0,,,,0.045454547
2016,12,00-0032724,B.Treggs,WR,PHI,GB,0,0,0.0,0,0.0,0.0,0.0,1,3.0,0,3,1,11.0,0,1.4,2.4,,,70.0,185.0,22.5274375,0.0,California,2016.0,2016.0,,,-14.0,0.083333336
2016,15,00-0032724,B.Treggs,WR,PHI,BAL,0,0,0.0,0,0.0,0.0,0.0,1,4.0,0,0,0,0.0,0,0.4,0.4,,,70.0,185.0,22.5274375,0.0,California,2016.0,2016.0,,,,
2016,16,00-0032724,B.Treggs,WR,PHI,NYG,0,0,0.0,0,0.0,0.0,0.0,0,0.0,0,1,0,0.0,0,0.0,0.0,,,70.0,185.0,22.5274375,0.0,California,2016.0,2016.0,,,5.0,0.04347826
2016,17,00-0032724,B.Treggs,WR,PHI,DAL,0,0,0.0,0,0.0,0.0,0.0,0,0.0,0,2,0,0.0,0,0.0,0.0,,,70.0,185.0,22.5274375,0.0,California,2016.0,2016.0,,,14.0,0.046511628
2016,1,00-0032725,S.Anderson,TE,HOU,CHI,0,0,0.0,0,0.0,0.0,0.0,0,0.0,0,3,3,25.0,0,2.5,5.5,,,74.0,230.0,23.78688888888889,0.0,California,2016.0,2016.0,,,9.0,0.08571429
2016,2,00-0032725,S.Anderson,TE,HOU,KC,0,0,0.0,0,0.0,0.0,0.0,0,0.0,0,3,2,15.0,0,1.5,3.5,,,74.0,230.0,23.78688888888889,0.0,California,2016.0,2016.0,,,7.0,0.09090909
2016,3,00-0032725,S.Anderson,TE,HOU,NE,0,0,0.0,0,0.0,0.0,0.0,0,0.0,0,1,0,0.0,0,0.0,0.0,,,74.0,230.0,23.78688888888889,0.0,California,2016.0,2016.0,,,,0.025
2016,8,00-0032725,S.Anderson,TE,HOU,DET,0,0,0.0,0,0.0,0.0,0.0,0,0.0,0,2,2,17.0,0,1.7,3.7,,,74.0,230.0,23.78688888888889,0.0,California,2016.0,2016.0,,,7.0,0.06896552
2016,10,00-0032725,S.Anderson,TE,HOU,JAX,0,0,0.0,0,0.0,0.0,0.0,0,0.0,0,1,1,7.0,1,6.7,7.7,,,74.0,230.0,23.78688888888889,0.0,California,2016.0,2016.0,,,,0.037037037
2016,11,00-0032725,S.Anderson,TE,HOU,LV,0,0,0.0,0,0.0,0.0,0.0,0,0.0,0,1,1,14.0,0,1.4,2.4,,,74.0,230.0,23.78688888888889,0.0,California,2016.0,2016.0,,,,0.025641026
2016,12,00-0032725,S.Anderson,TE,HOU,LAC,0,0,0.0,0,0.0,0.0,0.0,0,0.0,0,1,1,8.0,0,0.8,1.8,,,74.0,230.0,23.78688888888889,0.0,California,2016.0,2016.0,,,-8.0,0.028571429
2016,15,00-0032725,S.Anderson,TE,HOU,JAX,0,0,0.0,0,0.0,0.0,0.0,0,0.0,0,3,1,7.0,0,0.7,1.7,,,74.0,230.0,23.78688888888889,0.0,California,2016.0,2016.0,,,1.0,0.06382979
2016,17,00-0032725,S.Anderson,TE,HOU,TEN,0,0,0.0,0,0.0,0.0,0.0,0,0.0,0,1,0,0.0,0,0.0,0.0,,,74.0,230.0,23.78688888888889,0.0,California,2016.0,2016.0,,,,0.021276595
2016,18,00-0032725,S.Anderson,TE,HOU,LV,0,0,0.0,0,0.0,0.0,0.0,0,0.0,0,1,0,0.0,0,0.0,0.0,,,74.0,230.0,23.78688888888889,0.0,California,2016.0,2016.0,,,13.0,0.04
2016,19,00-0032725,S.Anderson,TE,HOU,NE,0,0,0.0,0,0.0,0.0,0.0,0,0.0,0,1,0,0.0,0,0.0,0.0,,,74.0,230.0,23.78688888888889,0.0,California,2016.0,2016.0,,,,0.025
2016,15,00-0032739,W.Williams,WR,HOU,JAX,0,0,0.0,0,0.0,0.0,0.0,0,0.0,0,3,2,34.0,0,3.4,5.4,,,70.0,175.0,26.236333333333334,0.0,Cumberland College,2016.0,2016.0,,,1.0,0.06382979
2016,17,00-0032739,W.Williams,WR,HOU,TEN,0,0,0.0,0,0.0,0.0,0.0,0,0.0,0,4,2,41.0,0,4.1,6.1,,,70.0,175.0,26.236333333333334,0.0,Cumberland College,2016.0,2016.0,,,,0.08510638
2016,5,00-0032741,P.Barber,RB,TB,CAR,0,0,0.0,0,0.0,0.0,0.0,3,6.0,0,0,0,0.0,0,0.6,0.6,,,70.0,225.0,22.6943125,0.0,Auburn,2016.0,2016.0,,,,
2016,7,00-0032741,P.Barber,RB,TB,SF,0,0,0.0,0,0.0,0.0,0.0,12,84.0,1,0,0,0.0,0,14.4,14.4,,,70.0,225.0,22.6943125,0.0,Auburn,2016.0,2016.0,,,,
2016,8,00-0032741,P.Barber,RB,TB,LV,0,0,0.0,0,0.0,0.0,0.0,1,1.0,0,0,0,0.0,0,0.1,0.1,,,70.0,225.0,22.6943125,0.0,Auburn,2016.0,2016.0,,,-6.0,
2016,9,00-0032741,P.Barber,RB,TB,ATL,0,0,0.0,0,0.0,0.0,0.0,11,31.0,0,5,4,24.0,0,5.5,9.5,,,70.0,225.0,22.6943125,0.0,Auburn,2016.0,2016.0,,,-15.0,0.104166664
2016,10,00-0032741,P.Barber,RB,TB,CHI,0,0,0.0,0,0.0,0.0,0.0,12,38.0,0,0,0,0.0,0,3.8,3.8,,,70.0,225.0,22.6943125,0.0,Auburn,2016.0,2016.0,,,26.0,
2016,11,00-0032741,P.Barber,RB,TB,KC,0,0,0.0,0,0.0,0.0,0.0,4,22.0,0,0,0,0.0,0,2.2,2.2,,,70.0,225.0,22.6943125,0.0,Auburn,2016.0,2016.0,,,,
2016,12,00-0032741,P.Barber,RB,TB,SEA,0,0,0.0,0,0.0,0.0,0.0,5,16.0,0,1,1,4.0,0,2.0,3.0,,,70.0,225.0,22.6943125,0.0,Auburn,2016.0,2016.0,,,9.0,0.035714287
2016,13,00-0032741,P.Barber,RB,TB,LAC,0,0,0.0,0,0.0,0.0,0.0,2,6.0,0,0,0,0.0,0,0.6,0.6,,,70.0,225.0,22.6943125,0.0,Auburn,2016.0,2016.0,,,,
2016,17,00-0032741,P.Barber,RB,TB,CAR,0,0,0.0,0,0.0,0.0,0.0,5,19.0,0,0,0,0.0,0,1.9,1.9,,,70.0,225.0,22.6943125,0.0,Auburn,2016.0,2016.0,,,1.0,
2016,3,00-0032745,A.Cross,TE,TB,LA,0,0,0.0,0,0.0,0.0,0.0,0,0.0,0,1,0,0.0,0,0.0,0.0,,,73.0,245.0,23.37242857142857,0.0,Memphis,2016.0,2016.0,,,-5.0,0.01754386
2016,4,00-0032745,A.Cross,TE,TB,DEN,0,0,0.0,0,0.0,0.0,0.0,0,0.0,0,1,0,0.0,0,0.0,0.0,,,73.0,245.0,23.37242857142857,0.0,Memphis,2016.0,2016.0,,,-20.0,0.028571429
2016,5,00-0032745,A.Cross,TE,TB,CAR,0,0,0.0,0,0.0,0.0,0.0,0,0.0,0,1,1,5.0,0,0.5,1.5,,,73.0,245.0,23.37242857142857,0.0,Memphis,2016.0,2016.0,,,,0.033333335
2016,11,00-0032745,A.Cross,TE,TB,KC,0,0,0.0,0,0.0,0.0,0.0,0,0.0,0,1,1,3.0,1,6.3,7.3,,,73.0,245.0,23.37242857142857,0.0,Memphis,2016.0,2016.0,,,,0.025641026
2016,12,00-0032745,A.Cross,TE,TB,SEA,0,0,0.0,0,0.0,0.0,0.0,0,0.0,0,1,1,10.0,0,1.0,2.0,,,73.0,245.0,23.37242857142857,0.0,Memphis,2016.0,2016.0,,,9.0,0.035714287
2016,13,00-0032745,A.Cross,TE,TB,LAC,0,0,0.0,0,0.0,0.0,0.0,0,0.0,0,2,1,8.0,0,0.8,1.8,,,73.0,245.0,23.37242857142857,0.0,Memphis,2016.0,2016.0,,,,0.06666667
2016,15,00-0032745,A.Cross,TE,TB,DAL,0,0,0.0,0,0.0,0.0,0.0,0,0.0,0,1,1,7.0,0,0.7,1.7,,,73.0,245.0,23.37242857142857,0.0,Memphis,2016.0,2016.0,,,,0.030303031
2016,16,00-0032745,A.Cross,TE,TB,NO,0,0,0.0,0,0.0,0.0,0.0,0,0.0,0,1,1,5.0,0,0.5,1.5,,,73.0,245.0,23.37242857142857,0.0,Memphis,2016.0,2016.0,,,,0.029411765
2016,17,00-0032745,A.Cross,TE,TB,CAR,0,0,0.0,0,0.0,0.0,0.0,0,0.0,0,1,0,0.0,0,0.0,0.0,,,73.0,245.0,23.37242857142857,0.0,Memphis,2016.0,2016.0,,,1.0,0.028571429
2016,1,00-0032760,J.Doctson,WR,WAS,PIT,0,0,0.0,0,0.0,0.0,0.0,0,0.0,0,1,1,9.0,0,0.9,1.9,,,74.0,195.0,23.925625,0.0,Texas Christian,2016.0,2016.0,WAS,22.0,-22.0,0.023255814
2016,2,00-0032760,J.Doctson,WR,WAS,DAL,0,0,0.0,0,0.0,0.0,0.0,0,0.0,0,5,1,57.0,0,5.7,6.7,,,74.0,195.0,23.925625,0.0,Texas Christian,2016.0,2016.0,WAS,22.0,-4.0,0.11363637
2016,1,00-0032764,D.Henry,RB,TEN,MIN,0,0,0.0,0,0.0,0.0,0.0,5,3.0,0,2,2,41.0,0,4.4,6.4,,,74.0,247.0,22.833624999999998,0.0,Alabama,2016.0,2016.0,TEN,45.0,-9.0,0.048780486
2016,2,00-0032764,D.Henry,RB,TEN,DET,0,0,0.0,0,0.0,0.0,0.0,9,40.0,0,1,1,9.0,0,4.9,5.9,,,74.0,247.0,22.833624999999998,0.0,Alabama,2016.0,2016.0,TEN,45.0,,0.030303031
2016,3,00-0032764,D.Henry,RB,TEN,LV,0,0,0.0,0,0.0,0.0,0.0,10,45.0,0,0,0,0.0,0,4.5,4.5,,,74.0,247.0,22.833624999999998,0.0,Alabama,2016.0,2016.0,TEN,45.0,-7.0,
2016,4,00-0032764,D.Henry,RB,TEN,HOU,0,0,0.0,0,0.0,0.0,0.0,3,9.0,0,0,0,0.0,0,0.9,0.9,,,74.0,247.0,22.833624999999998,0.0,Alabama,2016.0,2016.0,TEN,45.0,,
2016,5,00-0032764,D.Henry,RB,TEN,MIA,0,0,0.0,0,0.0,0.0,0.0,7,54.0,0,0,0,0.0,0,5.4,5.4,,,74.0,247.0,22.833624999999998,0.0,Alabama,2016.0,2016.0,TEN,45.0,,
2016,6,00-0032764,D.Henry,RB,TEN,CLE,0,0,0.0,0,0.0,0.0,0.0,2,7.0,0,2,2,20.0,0,2.7,4.7,,,74.0,247.0,22.833624999999998,0.0,Alabama,2016.0,2016.0,TEN,45.0,2.0,0.083333336
2016,7,00-0032764,D.Henry,RB,TEN,IND,0,0,0.0,0,0.0,0.0,0.0,1,3.0,0,1,0,0.0,0,0.3,0.3,,,74.0,247.0,22.833624999999998,0.0,Alabama,2016.0,2016.0,TEN,45.0,-8.0,0.027777778
2016,8,00-0032764,D.Henry,RB,TEN,JAX,0,0,0.0,0,0.0,0.0,0.0,16,60.0,1,5,4,37.0,0,15.7,19.7,,,74.0,247.0,22.833624999999998,0.0,Alabama,2016.0,2016.0,TEN,45.0,14.0,0.2173913
2016,10,00-0032764,D.Henry,RB,TEN,GB,0,0,0.0,0,0.0,0.0,0.0,9,31.0,0,0,0,0.0,0,3.1,3.1,,,74.0,247.0,22.833624999999998,0.0,Alabama,2016.0,2016.0,TEN,45.0,22.0,
2016,12,00-0032764,D.Henry,RB,TEN,CHI,0,0,0.0,0,0.0,0.0,0.0,8,60.0,1,0,0,0.0,0,12.0,12.0,,,74.0,247.0,22.833624999999998,0.0,Alabama,2016.0,2016.0,TEN,45.0,,
2016,14,00-0032764,D.Henry,RB,TEN,DEN,0,0,0.0,0,0.0,0.0,0.0,12,42.0,0,1,1,5.0,0,4.7,5.7,,,74.0,247.0,22.833624999999998,0.0,Alabama,2016.0,2016.0,TEN,45.0,3.0,0.05
2016,15,00-0032764,D.Henry,RB,TEN,KC,0,0,0.0,0,0.0,0.0,0.0,9,58.0,2,0,0,0.0,0,17.8,17.8,,,74.0,247.0,22.833624999999998,0.0,Alabama,2016.0,2016.0,TEN,45.0,,
2016,16,00-0032764,D.Henry,RB,TEN,JAX,0,0,0.0,0,0.0,0.0,0.0,4,13.0,0,2,2,22.0,0,3.5,5.5,,,74.0,247.0,22.833624999999998,0.0,Alabama,2016.0,2016.0,TEN,45.0,,0.04761905
2016,17,00-0032764,D.Henry,RB,TEN,HOU,0,0,0.0,0,0.0,0.0,0.0,15,65.0,1,1,1,3.0,0,12.8,13.8,,,74.0,247.0,22.833624999999998,0.0,Alabama,2016.0,2016.0,TEN,45.0,7.0,0.04
2016,1,00-0032765,M.Thomas,WR,NO,LV,0,0,0.0,0,0.0,0.0,0.0,0,0.0,0,6,6,58.0,0,5.8,11.8,,,75.0,212.0,23.6839375,0.0,Ohio State,2016.0,2016.0,NO,47.0,-1.0,0.15384616
2016,2,00-0032765,M.Thomas,WR,NO,NYG,0,0,0.0,0,0.0,0.0,0.0,0,0.0,0,5,4,56.0,0,5.6,9.6,,,75.0,212.0,23.6839375,0.0,Ohio State,2016.0,2016.0,NO,47.0,,0.11363637
2016,3,00-0032765,M.Thomas,WR,NO,ATL,0,0,0.0,0,0.0,0.0,0.0,0,0.0,0,11,7,71.0,1,13.1,20.1,,,75.0,212.0,23.6839375,0.0,Ohio State,2016.0,2016.0,NO,47.0,-13.0,0.2037037
2016,4,00-0032765,M.Thomas,WR,NO,LAC,0,0,0.0,0,0.0,0.0,0.0,0,0.0,0,9,4,44.0,1,10.4,14.4,,,75.0,212.0,23.6839375,0.0,Ohio State,2016.0,2016.0,NO,47.0,,0.25
2016,6,00-0032765,M.Thomas,WR,NO,CAR,0,0,0.0,0,0.0,0.0,0.0,0,0.0,0,5,5,78.0,1,13.8,18.8,,,75.0,212.0,23.6839375,0.0,Ohio State,2016.0,2016.0,NO,47.0,3.0,0.104166664
2016,7,00-0032765,M.Thomas,WR,NO,KC,0,0,0.0,0,0.0,0.0,0.0,0,0.0,0,13,10,130.0,0,13.0,23.0,,,75.0,212.0,23.6839375,0.0,Ohio State,2016.0,2016.0,NO,47.0,,0.27659574
2016,8,00-0032765,M.Thomas,WR,NO,SEA,0,0,0.0,0,0.0,0.0,0.0,0,0.0,0,6,6,63.0,0,6.3,12.3,,,75.0,212.0,23.6839375,0.0,Ohio State,2016.0,2016.0,NO,47.0,5.0,0.17142858
2016,9,00-0032765,M.Thomas,WR,NO,SF,0,0,0.0,0,0.0,0.0,0.0,0,0.0,0,8,5,73.0,2,19.3,24.3,,,75.0,212.0,23.6839375,0.0,Ohio State,2016.0,2016.0,NO,47.0,,0.20512821
2016,10,00-0032765,M.Thomas,WR,NO,DEN,0,0,0.0,0,0.0,0.0,0.0,0,0.0,0,6,4,40.0,0,0.0,4.0,,,75.0,212.0,23.6839375,0.0,Ohio State,2016.0,2016.0,NO,47.0,-2.0,0.20689656
2016,11,00-0032765,M.Thomas,WR,NO,CAR,0,0,0.0,0,0.0,0.0,0.0,0,0.0,0,5,5,68.0,0,6.8,11.8,,,75.0,212.0,23.6839375,0.0,Ohio State,2016.0,2016.0,NO,47.0,,0.11363637
2016,12,00-0032765,M.Thomas,WR,NO,LA,0,0,0.0,0,0.0,0.0,0.0,0,0.0,0,10,9,108.0,2,22.8,31.8,,,75.0,212.0,23.6839375,0.0,Ohio State,2016.0,2016.0,NO,47.0,28.0,0.2857143
2016,13,00-0032765,M.Thomas,WR,NO,DET,0,0,0.0,0,0.0,0.0,0.0,0,0.0,0,5,4,42.0,0,4.2,8.2,,,75.0,212.0,23.6839375,0.0,Ohio State,2016.0,2016.0,NO,47.0,-15.0,0.11904762
2016,15,00-0032765,M.Thomas,WR,NO,ARI,0,0,0.0,0,0.0,0.0,0.0,0,0.0,0,10,7,52.0,1,11.2,18.2,,,75.0,212.0,23.6839375,0.0,Ohio State,2016.0,2016.0,NO,47.0,,0.20833333
2016,16,00-0032765,M.Thomas,WR,NO,TB,0,0,0.0,0,0.0,0.0,0.0,0,0.0,0,8,6,98.0,0,9.8,15.8,,,75.0,212.0,23.6839375,0.0,Ohio State,2016.0,2016.0,NO,47.0,7.0,0.23529412
2016,17,00-0032765,M.Thomas,WR,NO,ATL,0,0,0.0,0,0.0,0.0,0.0,0,0.0,0,14,10,156.0,1,21.6,31.6,,,75.0,212.0,23.6839375,0.0,Ohio State,2016.0,2016.0,NO,47.0,,0.2857143
2016,1,00-0032778,T.Sharpe,WR,TEN,MIN,0,0,0.0,0,0.0,0.0,0.0,0,0.0,0,11,7,76.0,0,7.6,14.6,,,74.0,194.0,21.86725,0.0,Massachusetts,2016.0,2016.0,TEN,140.0,-9.0,0.2682927
2016,2,00-0032778,T.Sharpe,WR,TEN,DET,0,0,0.0,0,0.0,0.0,0.0,0,0.0,0,7,4,33.0,0,3.3,7.3,,,74.0,194.0,21.86725,0.0,Massachusetts,2016.0,2016.0,TEN,140.0,,0.21212122
2016,3,00-0032778,T.Sharpe,WR,TEN,LV,0,0,0.0,0,0.0,0.0,0.0,0,0.0,0,7,3,48.0,0,4.8,7.8,,,74.0,194.0,21.86725,0.0,Massachusetts,2016.0,2016.0,TEN,140.0,-7.0,0.21212122
2016,4,00-0032778,T.Sharpe,WR,TEN,HOU,0,0,0.0,0,0.0,0.0,0.0,0,0.0,0,7,2,15.0,0,1.5,3.5,,,74.0,194.0,21.86725,0.0,Massachusetts,2016.0,2016.0,TEN,140.0,,0.25
2016,5,00-0032778,T.Sharpe,WR,TEN,MIA,0,0,0.0,0,0.0,0.0,0.0,0,0.0,0,4,2,17.0,0,1.7,3.7,,,74.0,194.0,21.86725,0.0,Massachusetts,2016.0,2016.0,TEN,140.0,,0.14285715
2016,6,00-0032778,T.Sharpe,WR,TEN,CLE,0,0,0.0,0,0.0,0.0,0.0,1,1.0,0,3,0,0.0,0,0.1,0.1,,,74.0,194.0,21.86725,0.0,Massachusetts,2016.0,2016.0,TEN,140.0,2.0,0.125
2016,7,00-0032778,T.Sharpe,WR,TEN,IND,0,0,0.0,0,0.0,0.0,0.0,0,0.0,0,6,4,59.0,0,5.9,9.9,,,74.0,194.0,21.86725,0.0,Massachusetts,2016.0,2016.0,TEN,140.0,-8.0,0.16666667
2016,8,00-0032778,T.Sharpe,WR,TEN,JAX,0,0,0.0,0,0.0,0.0,0.0,0,0.0,0,1,1,11.0,0,1.1,2.1,,,74.0,194.0,21.86725,0.0,Massachusetts,2016.0,2016.0,TEN,140.0,14.0,0.04347826
2016,9,00-0032778,T.Sharpe,WR,TEN,LAC,0,0,0.0,0,0.0,0.0,0.0,0,0.0,0,8,4,58.0,0,5.8,9.8,,,74.0,194.0,21.86725,0.0,Massachusetts,2016.0,2016.0,TEN,140.0,,0.1904762
2016,10,00-0032778,T.Sharpe,WR,TEN,GB,0,0,0.0,0,0.0,0.0,0.0,0,0.0,0,4,3,68.0,1,12.8,15.8,,,74.0,194.0,21.86725,0.0,Massachusetts,2016.0,2016.0,TEN,140.0,22.0,0.14814815
2016,11,00-0032778,T.Sharpe,WR,TEN,IND,0,0,0.0,0,0.0,0.0,0.0,0,0.0,0,7,4,68.0,1,12.8,16.8,,,74.0,194.0,21.86725,0.0,Massachusetts,2016.0,2016.0,TEN,140.0,,0.19444445
2016,12,00-0032778,T.Sharpe,WR,TEN,CHI,0,0,0.0,0,0.0,0.0,0.0,0,0.0,0,3,2,11.0,0,1.1,3.1,,,74.0,194.0,21.86725,0.0,Massachusetts,2016.0,2016.0,TEN,140.0,,0.13043478
2016,14,00-0032778,T.Sharpe,WR,TEN,DEN,0,0,0.0,0,0.0,0.0,0.0,0,0.0,0,1,0,0.0,0,0.0,0.0,,,74.0,194.0,21.86725,0.0,Massachusetts,2016.0,2016.0,TEN,140.0,3.0,0.05
2016,15,00-0032778,T.Sharpe,WR,TEN,KC,0,0,0.0,0,0.0,0.0,0.0,0,0.0,0,4,2,10.0,0,1.0,3.0,,,74.0,194.0,21.86725,0.0,Massachusetts,2016.0,2016.0,TEN,140.0,,0.13793103
2016,16,00-0032778,T.Sharpe,WR,TEN,JAX,0,0,0.0,0,0.0,0.0,0.0,0,0.0,0,8,3,48.0,0,4.8,7.8,,,74.0,194.0,21.86725,0.0,Massachusetts,2016.0,2016.0,TEN,140.0,,0.1904762
2016,17,00-0032778,T.Sharpe,WR,TEN,HOU,0,0,0.0,0,0.0,0.0,0.0,0,0.0,0,2,0,0.0,0,0.0,0.0,,,74.0,194.0,21.86725,0.0,Massachusetts,2016.0,2016.0,TEN,140.0,7.0,0.08
2016,2,00-0032780,J.Howard,RB,CHI,PHI,0,0,0.0,0,0.0,0.0,0.0,3,22.0,0,2,2,9.0,0,3.1,5.1,,,72.0,230.0,22.012,0.0,Indiana,2016.0,2016.0,CHI,150.0,-15.0,0.06896552
2016,3,00-0032780,J.Howard,RB,CHI,DAL,0,0,0.0,0,0.0,0.0,0.0,9,45.0,0,6,4,47.0,0,9.2,13.2,,,72.0,230.0,22.012,0.0,Indiana,2016.0,2016.0,CHI,150.0,,0.13333334
2016,4,00-0032780,J.Howard,RB,CHI,DET,0,0,0.0,0,0.0,0.0,0.0,23,111.0,0,4,3,21.0,0,13.2,16.2,,,72.0,230.0,22.012,0.0,Indiana,2016.0,2016.0,CHI,150.0,3.0,0.11111111
2016,5,00-0032780,J.Howard,RB,CHI,IND,0,0,0.0,0,0.0,0.0,0.0,16,118.0,0,3,3,45.0,1,22.3,25.3,,,72.0,230.0,22.012,0.0,Indiana,2016.0,2016.0,CHI,150.0,,0.07317073
2016,6,00-0032780,J.Howard,RB,CHI,JAX,0,0,0.0,0,0.0,0.0,0.0,15,34.0,1,4,2,6.0,0,10.0,12.0,,,72.0,230.0,22.012,0.0,Indiana,2016.0,2016.0,CHI,150.0,-1.0,0.08163265
2016,7,00-0032780,J.Howard,RB,CHI,GB,0,0,0.0,0,0.0,0.0,0.0,7,22.0,0,1,0,0.0,0,2.2,2.2,,,72.0,230.0,22.012,0.0,Indiana,2016.0,2016.0,CHI,150.0,,0.03846154
2016,8,00-0032780,J.Howard,RB,CHI,MIN,0,0,0.0,0,0.0,0.0,0.0,26,153.0,1,4,4,49.0,0,26.2,30.2,,,72.0,230.0,22.012,0.0,Indiana,2016.0,2016.0,CHI,150.0,10.0,0.12903225
2016,10,00-0032780,J.Howard,RB,CHI,TB,0,0,0.0,0,0.0,0.0,0.0,15,100.0,0,0,0,0.0,0,8.0,8.0,,,72.0,230.0,22.012,0.0,Indiana,2016.0,2016.0,CHI,150.0,,
2016,11,00-0032780,J.Howard,RB,CHI,NYG,0,0,0.0,0,0.0,0.0,0.0,17,77.0,0,8,1,22.0,0,9.9,10.9,,,72.0,230.0,22.012,0.0,Indiana,2016.0,2016.0,CHI,150.0,,0.27586207
2016,12,00-0032780,J.Howard,RB,CHI,TEN,0,0,0.0,0,0.0,0.0,0.0,18,84.0,0,5,3,43.0,0,12.7,15.7,,,72.0,230.0,22.012,0.0,Indiana,2016.0,2016.0,CHI,150.0,-6.0,0.09259259
2016,13,00-0032780,J.Howard,RB,CHI,SF,0,0,0.0,0,0.0,0.0,0.0,32,117.0,3,1,0,0.0,0,29.7,29.7,,,72.0,230.0,22.012,0.0,Indiana,2016.0,2016.0,CHI,150.0,20.0,0.055555556
2016,14,00-0032780,J.Howard,RB,CHI,DET,0,0,0.0,0,0.0,0.0,0.0,13,86.0,0,5,2,24.0,0,11.0,13.0,,,72.0,230.0,22.012,0.0,Indiana,2016.0,2016.0,CHI,150.0,,0.15625
2016,15,00-0032780,J.Howard,RB,CHI,GB,0,0,0.0,0,0.0,0.0,0.0,17,90.0,1,4,4,23.0,0,17.3,21.3,,,72.0,230.0,22.012,0.0,Indiana,2016.0,2016.0,CHI,150.0,-3.0,0.093023255
2016,16,00-0032780,J.Howard,RB,CHI,WAS,0,0,0.0,0,0.0,0.0,0.0,18,119.0,0,3,1,9.0,0,12.8,13.8,,,72.0,230.0,22.012,0.0,Indiana,2016.0,2016.0,CHI,150.0,-20.0,0.075
2016,17,00-0032780,J.Howard,RB,CHI,MIN,0,0,0.0,0,0.0,0.0,0.0,23,135.0,0,0,0,0.0,0,13.5,13.5,,,72.0,230.0,22.012,0.0,Indiana,2016.0,2016.0,CHI,150.0,,
2016,1,00-0032782,W.Smallwood,RB,PHI,CLE,0,0,0.0,0,0.0,0.0,0.0,1,1.0,0,0,0,0.0,0,0.1,0.1,,,70.0,200.0,22.8011875,0.0,West Virginia,2016.0,2016.0,PHI,153.0,19.0,
2016,2,00-0032782,W.Smallwood,RB,PHI,CHI,0,0,0.0,0,0.0,0.0,0.0,2,16.0,0,1,0,0.0,0,1.6,1.6,,,70.0,200.0,22.8011875,0.0,West Virginia,2016.0,2016.0,PHI,153.0,,0.030303031
2016,3,00-0032782,W.Smallwood,RB,PHI,PIT,0,0,0.0,0,0.0,0.0,0.0,17,79.0,1,0,0,0.0,0,13.9,13.9,,,70.0,200.0,22.8011875,0.0,West Virginia,2016.0,2016.0,PHI,153.0,31.0,
2016,6,00-0032782,W.Smallwood,RB,PHI,WAS,0,0,0.0,0,0.0,0.0,0.0,4,6.0,0,2,1,14.0,0,8.0,9.0,,,70.0,200.0,22.8011875,0.0,West Virginia,2016.0,2016.0,PHI,153.0,,0.09090909
2016,7,00-0032782,W.Smallwood,RB,PHI,MIN,0,0,0.0,0,0.0,0.0,0.0,4,13.0,0,0,0,0.0,0,1.3,1.3,,,70.0,200.0,22.8011875,0.0,West Virginia,2016.0,2016.0,PHI,153.0,11.0,
2016,8,00-0032782,W.Smallwood,RB,PHI,DAL,0,0,0.0,0,0.0,0.0,0.0,1,-5.0,0,0,0,0.0,0,-2.5,-2.5,,,70.0,200.0,22.8011875,0.0,West Virginia,2016.0,2016.0,PHI,153.0,,
2016,9,00-0032782,W.Smallwood,RB,PHI,NYG,0,0,0.0,0,0.0,0.0,0.0,2,25.0,0,0,0,0.0,0,2.5,2.5,,,70.0,200.0,22.8011875,0.0,West Virginia,2016.0,2016.0,PHI,153.0,,
2016,10,00-0032782,W.Smallwood,RB,PHI,ATL,0,0,0.0,0,0.0,0.0,0.0,13,70.0,0,1,0,0.0,0,7.0,7.0,,,70.0,200.0,22.8011875,0.0,West Virginia,2016.0,2016.0,PHI,153.0,9.0,0.027777778
2016,11,00-0032782,W.Smallwood,RB,PHI,SEA,0,0,0.0,0,0.0,0.0,0.0,13,48.0,0,5,4,31.0,0,7.9,11.9,,,70.0,200.0,22.8011875,0.0,West Virginia,2016.0,2016.0,PHI,153.0,,0.11363637
2016,12,00-0032782,W.Smallwood,RB,PHI,GB,0,0,0.0,0,0.0,0.0,0.0,9,37.0,0,1,1,10.0,0,4.7,5.7,,,70.0,200.0,22.8011875,0.0,West Virginia,2016.0,2016.0,PHI,153.0,-14.0,0.027777778
2016,13,00-0032782,W.Smallwood,RB,PHI,CIN,0,0,0.0,0,0.0,0.0,0.0,8,19.0,0,3,0,0.0,0,1.9,1.9,,,70.0,200.0,22.8011875,0.0,West Virginia,2016.0,2016.0,PHI,153.0,,0.05
2016,14,00-0032782,W.Smallwood,RB,PHI,WAS,0,0,0.0,0,0.0,0.0,0.0,3,3.0,0,0,0,0.0,0,0.3,0.3,,,70.0,200.0,22.8011875,0.0,West Virginia,2016.0,2016.0,PHI,153.0,-5.0,
2016,7,00-0032784,K.Hogan,QB,CLE,CIN,12,24,100.0,0,2.0,2.0,10.0,7,104.0,1,0,0,0.0,0,16.4,16.4,,,75.0,218.0,24.090818181818182,0.0,Stanford,2016.0,2016.0,KC,162.0,,
2016,8,00-0032784,K.Hogan,QB,CLE,NYJ,2,2,4.0,0,0.0,0.0,-0.0,0,0.0,0,0,0,0.0,0,0.16,0.16,,,75.0,218.0,24.090818181818182,0.0,Stanford,2016.0,2016.0,KC,162.0,-3.0,
2016,10,00-0032784,K.Hogan,QB,CLE,BAL,0,0,0.0,0,0.0,0.0,0.0,1,1.0,0,0,0,0.0,0,0.1,0.1,,,75.0,218.0,24.090818181818182,0.0,Stanford,2016.0,2016.0,KC,162.0,,
2016,5,00-0032791,J.Grant,WR,MIA,MIA,0,0,0.0,0,0.0,0.0,0.0,0,0.0,0,0,0,0.0,0,6.0,6.0,,,67.0,168.0,24.02964705882353,0.0,Texas Tech,2016.0,2016.0,MIA,186.0,-13.0,
2016,9,00-0032791,J.Grant,WR,MIA,NYJ,0,0,0.0,0,0.0,0.0,0.0,0,0.0,0,1,0,0.0,0,0.0,0.0,,,67.0,168.0,24.02964705882353,0.0,Texas Tech,2016.0,2016.0,MIA,186.0,4.0,0.03448276
2016,17,00-0032791,J.Grant,WR,MIA,NE,0,0,0.0,0,0.0,0.0,0.0,1,1.0,0,0,0,0.0,0,0.1,0.1,,,67.0,168.0,24.02964705882353,0.0,Texas Tech,2016.0,2016.0,MIA,186.0,-21.0,
2016,12,00-0032794,D.Vitale,FB,CLE,NYG,0,0,0.0,0,0.0,0.0,0.0,0,0.0,0,1,1,-4.0,0,-0.4,0.6,,,73.0,235.0,23.075090909090907,0.0,Northwestern,2016.0,2016.0,TB,197.0,-14.0,0.023255814
2016,14,00-0032794,D.Vitale,FB,CLE,CIN,0,0,0.0,0,0.0,0.0,0.0,0,0.0,0,1,0,0.0,0,0.0,0.0,,,73.0,235.0,23.075090909090907,0.0,Northwestern,2016.0,2016.0,TB,197.0,-13.0,0.035714287
2016,15,00-0032794,D.Vitale,FB,CLE,BUF,0,0,0.0,0,0.0,0.0,0.0,0,0.0,0,1,1,17.0,0,1.7,2.7,,,73.0,235.0,23.075090909090907,0.0,Northwestern,2016.0,2016.0,TB,197.0,,0.037037037
2016,16,00-0032794,D.Vitale,FB,CLE,LAC,0,0,0.0,0,0.0,0.0,0.0,0,0.0,0,1,1,15.0,0,1.5,2.5,,,73.0,235.0,23.075090909090907,0.0,Northwestern,2016.0,2016.0,TB,197.0,3.0,0.035714287
2016,17,00-0032794,D.Vitale,FB,CLE,PIT,0,0,0.0,0,0.0,0.0,0.0,0,0.0,0,1,1,-1.0,0,-0.1,0.9,,,73.0,235.0,23.075090909090907,0.0,Northwestern,2016.0,2016.0,TB,197.0,,0.025
2016,12,00-0032795,C.Core,WR,CIN,BAL,0,0,0.0,0,0.0,0.0,0.0,0,0.0,0,1,0,0.0,0,0.0,0.0,,,75.0,210.0,22.556625,0.0,Mississippi,2016.0,2016.0,CIN,199.0,,0.021276595
2016,13,00-0032795,C.Core,WR,CIN,PHI,0,0,0.0,0,0.0,0.0,0.0,0,0.0,0,2,2,58.0,0,5.8,7.8,,,75.0,210.0,22.556625,0.0,Mississippi,2016.0,2016.0,CIN,199.0,18.0,0.06896552
2016,14,00-0032795,C.Core,WR,CIN,CLE,0,0,0.0,0,0.0,0.0,0.0,0,0.0,0,2,1,8.0,0,0.8,1.8,,,75.0,210.0,22.556625,0.0,Mississippi,2016.0,2016.0,CIN,199.0,,0.071428575
2016,15,00-0032795,C.Core,WR,CIN,PIT,0,0,0.0,0,0.0,0.0,0.0,0,0.0,0,3,2,13.0,0,1.3,3.3,,,75.0,210.0,22.556625,0.0,Mississippi,2016.0,2016.0,CIN,199.0,-4.0,0.13043478
2016,16,00-0032795,C.Core,WR,CIN,HOU,0,0,0.0,0,0.0,0.0,0.0,0,0.0,0,14,8,39.0,0,3.9,11.9,,,75.0,210.0,22.556625,0.0,Mississippi,2016.0,2016.0,CIN,199.0,,0.34146342
2016,17,00-0032795,C.Core,WR,CIN,BAL,0,0,0.0,0,0.0,0.0,0.0,0,0.0,0,5,4,82.0,0,8.2,12.2,,,75.0,210.0,22.556625,0.0,Mississippi,2016.0,2016.0,CIN,199.0,17.0,0.2
2016,14,00-0032801,D.Braverman,WR,CHI,DET,0,0,0.0,0,0.0,0.0,0.0,0,0.0,0,1,0,0.0,0,0.0,0.0,,,70.0,177.0,23.177166666666665,0.0,Western Michigan,2016.0,2016.0,CHI,230.0,,0.03125
2016,15,00-0032801,D.Braverman,WR,CHI,GB,0,0,0.0,0,0.0,0.0,0.0,0,0.0,0,1,0,0.0,0,0.0,0.0,,,70.0,177.0,23.177166666666665,0.0,Western Michigan,2016.0,2016.0,CHI,230.0,-3.0,0.023255814
2016,4,00-0032804,D.Lasco,RB,NO,LAC,0,0,0.0,0,0.0,0.0,0.0,4,12.0,0,2,1,7.0,0,1.9,2.9,,,72.0,205.0,24.080875,0.0,California,2016.0,2016.0,NO,237.0,,0.055555556
2016,6,00-0032804,D.Lasco,RB,NO,CAR,0,0,0.0,0,0.0,0.0,0.0,2,5.0,0,2,1,4.0,0,0.9,1.9,,,72.0,205.0,24.080875,0.0,California,2016.0,2016.0,NO,237.0,3.0,0.041666668
2016,8,00-0032804,D.Lasco,RB,NO,SEA,0,0,0.0,0,0.0,0.0,0.0,5,15.0,0,0,0,0.0,0,1.5,1.5,,,72.0,205.0,24.080875,0.0,California,2016.0,2016.0,NO,237.0,5.0,
2016,13,00-0032841,P.Turner,WR,PHI,CIN,0,0,0.0,0,0.0,0.0,0.0,0,0.0,0,8,6,80.0,0,8.0,14.0,,,70.0,193.0,23.561,0.0,Louisiana Tech,2016.0,2016.0,,,,0.13333334
2016,14,00-0032841,P.Turner,WR,PHI,WAS,0,0,0.0,0,0.0,0.0,0.0,0,0.0,0,2,1,16.0,0,1.6,2.6,,,70.0,193.0,23.561,0.0,Louisiana Tech,2016.0,2016.0,,,-5.0,0.04347826
2016,17,00-0032841,P.Turner,WR,PHI,DAL,0,0,0.0,0,0.0,0.0,0.0,0,0.0,0,4,2,30.0,0,3.0,5.0,,,70.0,193.0,23.561,0.0,Louisiana Tech,2016.0,2016.0,,,14.0,0.093023255
2016,17,00-0032844,,RB,NYJ,BUF,0,0,0.0,0,0.0,0.0,0.0,2,-4.0,0,0,0,0.0,0,-0.4,-0.4,,,69.0,207.0,23.014499999999998,0.0,Troy,2016.0,2016.0,,,20.0,
2016,14,00-0032864,A.Ellis,TE,JAX,MIN,0,0,0.0,0,0.0,0.0,0.0,0,0.0,0,1,0,0.0,0,0.0,0.0,,,76.0,236.0,23.842166666666667,0.0,Tennessee,2016.0,2016.0,,,-9.0,0.027027028
2016,15,00-0032864,A.Ellis,TE,JAX,HOU,0,0,0.0,0,0.0,0.0,0.0,0,0.0,0,1,1,1.0,0,0.1,1.1,,,76.0,236.0,23.842166666666667,0.0,Tennessee,2016.0,2016.0,,,,0.035714287
2016,16,00-0032864,A.Ellis,TE,JAX,TEN,0,0,0.0,0,0.0,0.0,0.0,0,0.0,0,2,2,10.0,0,1.0,3.0,,,76.0,236.0,23.842166666666667,0.0,Tennessee,2016.0,2016.0,,,21.0,0.051282052
2016,2,00-0032881,T.Lewis,WR,NO,NYG,0,0,0.0,0,0.0,0.0,0.0,0,0.0,0,1,1,-1.0,0,-0.1,0.9,,,67.0,168.0,24.0398125,0.0,Northern Illinois,2016.0,2016.0,,,,0.022727273
2016,3,00-0032881,T.Lewis,WR,NO,ATL,0,0,0.0,0,0.0,0.0,0.0,1,1.0,0,4,3,43.0,0,4.4,7.4,,,67.0,168.0,24.0398125,0.0,Northern Illinois,2016.0,2016.0,,,-13.0,0.074074075
2016,4,00-0032881,T.Lewis,WR,NO,LAC,0,0,0.0,0,0.0,0.0,0.0,1,3.0,0,1,1,10.0,0,1.3,2.3,,,67.0,168.0,24.0398125,0.0,Northern Illinois,2016.0,2016.0,,,,0.027777778
2016,6,00-0032881,T.Lewis,WR,NO,CAR,0,0,0.0,0,0.0,0.0,0.0,0,0.0,0,3,2,24.0,0,2.4,4.4,,,67.0,168.0,24.0398125,0.0,Northern Illinois,2016.0,2016.0,,,3.0,0.0625
2016,12,00-0032881,T.Lewis,WR,NO,LA,0,0,0.0,0,0.0,0.0,0.0,1,7.0,0,2,0,0.0,0,0.7,0.7,,,67.0,168.0,24.0398125,0.0,Northern Illinois,2016.0,2016.0,,,28.0,0.057142857
2016,17,00-0032893,C.Cook,QB,LV,DEN,14,21,150.0,1,1.0,2.0,7.0,0,0.0,0,0,0,0.0,0,6.0,6.0,,,76.0,220.0,23.778470588235294,0.0,Michigan State,2016.0,2016.0,OAK,100.0,,
2016,18,00-0032893,C.Cook,QB,LV,HOU,18,45,161.0,1,3.0,3.0,22.0,0,0.0,0,0,0,0.0,0,4.44,4.44,,,76.0,220.0,23.778470588235294,0.0,Michigan State,2016.0,2016.0,OAK,100.0,,
2016,5,00-0032896,D.Kaser,P,LAC,LV,0,0,0.0,0,0.0,0.0,0.0,1,0.0,0,0,0,0.0,0,0.0,0.0,,,74.0,206.0,23.7313125,0.0,Texas A&amp;M,2016.0,2016.0,SD,179.0,,
2016,3,00-0032897,D.Watt,FB,LAC,IND,0,0,0.0,0,0.0,0.0,0.0,0,0.0,0,1,1,6.0,0,0.6,1.6,,,74.0,236.0,23.9941875,0.0,Wisconsin,2016.0,2016.0,SD,198.0,,0.027027028
2016,5,00-0032897,D.Watt,FB,LAC,LV,0,0,0.0,0,0.0,0.0,0.0,1,2.0,0,0,0,0.0,0,0.2,0.2,,,74.0,236.0,23.9941875,0.0,Wisconsin,2016.0,2016.0,SD,198.0,,
2016,6,00-0032897,D.Watt,FB,LAC,DEN,0,0,0.0,0,0.0,0.0,0.0,0,0.0,0,1,1,8.0,0,0.8,1.8,,,74.0,236.0,23.9941875,0.0,Wisconsin,2016.0,2016.0,SD,198.0,,0.03448276
2016,8,00-0032897,D.Watt,FB,LAC,DEN,0,0,0.0,0,0.0,0.0,0.0,0,0.0,0,1,1,53.0,0,5.3,6.3,,,74.0,236.0,23.9941875,0.0,Wisconsin,2016.0,2016.0,SD,198.0,,0.022222223
2016,13,00-0032897,D.Watt,FB,LAC,TB,0,0,0.0,0,0.0,0.0,0.0,1,2.0,0,0,0,0.0,0,0.2,0.2,,,74.0,236.0,23.9941875,0.0,Wisconsin,2016.0,2016.0,SD,198.0,,
2016,16,00-0032897,D.Watt,FB,LAC,CLE,0,0,0.0,0,0.0,0.0,0.0,0,0.0,0,1,1,16.0,0,1.6,2.6,,,74.0,236.0,23.9941875,0.0,Wisconsin,2016.0,2016.0,SD,198.0,,0.022727273
2016,2,00-0032902,K.Farrow,RB,LAC,JAX,0,0,0.0,0,0.0,0.0,0.0,4,13.0,0,1,0,0.0,0,1.3,1.3,,,69.0,219.0,23.6656875,0.0,Houston,2016.0,2016.0,,,,0.04
2016,6,00-0032902,K.Farrow,RB,LAC,DEN,0,0,0.0,0,0.0,0.0,0.0,2,5.0,0,0,0,0.0,0,0.5,0.5,,,69.0,219.0,23.6656875,0.0,Houston,2016.0,2016.0,,,,
2016,7,00-0032902,K.Farrow,RB,LAC,ATL,0,0,0.0,0,0.0,0.0,0.0,2,13.0,0,0,0,0.0,0,1.3,1.3,,,69.0,219.0,23.6656875,0.0,Houston,2016.0,2016.0,,,,
2016,8,00-0032902,K.Farrow,RB,LAC,DEN,0,0,0.0,0,0.0,0.0,0.0,3,12.0,0,0,0,0.0,0,1.2,1.2,,,69.0,219.0,23.6656875,0.0,Houston,2016.0,2016.0,,,,
2016,9,00-0032902,K.Farrow,RB,LAC,TEN,0,0,0.0,0,0.0,0.0,0.0,4,15.0,0,2,1,4.0,0,1.9,2.9,,,69.0,219.0,23.6656875,0.0,Houston,2016.0,2016.0,,,,0.060606062
2016,12,00-0032902,K.Farrow,RB,LAC,HOU,0,0,0.0,0,0.0,0.0,0.0,1,-3.0,0,0,0,0.0,0,-0.3,-0.3,,,69.0,219.0,23.6656875,0.0,Houston,2016.0,2016.0,,,,
2016,13,00-0032902,K.Farrow,RB,LAC,TB,0,0,0.0,0,0.0,0.0,0.0,4,15.0,0,0,0,0.0,0,1.5,1.5,,,69.0,219.0,23.6656875,0.0,Houston,2016.0,2016.0,,,,
2016,14,00-0032902,K.Farrow,RB,LAC,CAR,0,0,0.0,0,0.0,0.0,0.0,16,55.0,0,6,6,23.0,0,7.8,13.8,,,69.0,219.0,23.6656875,0.0,Houston,2016.0,2016.0,,,,0.16666667
2016,15,00-0032902,K.Farrow,RB,LAC,LV,0,0,0.0,0,0.0,0.0,0.0,15,39.0,0,3,2,14.0,0,3.3,5.3,,,69.0,219.0,23.6656875,0.0,Houston,2016.0,2016.0,,,,0.10344828
2016,16,00-0032902,K.Farrow,RB,LAC,CLE,0,0,0.0,0,0.0,0.0,0.0,9,28.0,0,4,4,29.0,0,5.7,9.7,,,69.0,219.0,23.6656875,0.0,Houston,2016.0,2016.0,,,,0.09090909
2016,2,00-0032935,J.Holton,WR,LV,ATL,0,0,0.0,0,0.0,0.0,0.0,1,14.0,0,1,1,4.0,0,1.8,2.8,,,73.0,191.0,25.218529411764706,0.0,Cincinnati,2016.0,2016.0,,,,0.022222223
2016,3,00-0032935,J.Holton,WR,LV,TEN,0,0,0.0,0,0.0,0.0,0.0,1,2.0,0,0,0,0.0,0,0.2,0.2,,,73.0,191.0,25.218529411764706,0.0,Cincinnati,2016.0,2016.0,,,,
2016,7,00-0032935,J.Holton,WR,LV,JAX,0,0,0.0,0,0.0,0.0,0.0,2,25.0,0,0,0,0.0,0,2.5,2.5,,,73.0,191.0,25.218529411764706,0.0,Cincinnati,2016.0,2016.0,,,,
2016,8,00-0032935,J.Holton,WR,LV,TB,0,0,0.0,0,0.0,0.0,0.0,1,2.0,0,0,0,0.0,0,0.2,0.2,,,73.0,191.0,25.218529411764706,0.0,Cincinnati,2016.0,2016.0,,,,
2016,12,00-0032935,J.Holton,WR,LV,CAR,0,0,0.0,0,0.0,0.0,0.0,0,0.0,0,1,1,30.0,0,3.0,4.0,,,73.0,191.0,25.218529411764706,0.0,Cincinnati,2016.0,2016.0,,,,0.02631579
2016,17,00-0032935,J.Holton,WR,LV,DEN,0,0,0.0,0,0.0,0.0,0.0,1,0.0,0,1,0,0.0,0,-2.0,-2.0,,,73.0,191.0,25.218529411764706,0.0,Cincinnati,2016.0,2016.0,,,,0.03125
2016,18,00-0032935,J.Holton,WR,LV,HOU,0,0,0.0,0,0.0,0.0,0.0,0,0.0,0,2,0,0.0,0,0.0,0.0,,,73.0,191.0,25.218529411764706,0.0,Cincinnati,2016.0,2016.0,,,,0.044444446
2016,1,00-0032940,D.Washington,RB,LV,NO,0,0,0.0,0,0.0,0.0,0.0,5,14.0,0,1,1,10.0,0,2.4,3.4,,,68.0,204.0,23.71264705882353,0.0,Texas Tech,2016.0,2016.0,OAK,143.0,,0.027027028
2016,2,00-0032940,D.Washington,RB,LV,ATL,0,0,0.0,0,0.0,0.0,0.0,7,46.0,0,1,1,6.0,0,5.2,6.2,,,68.0,204.0,23.71264705882353,0.0,Texas Tech,2016.0,2016.0,OAK,143.0,,0.022222223
2016,3,00-0032940,D.Washington,RB,LV,TEN,0,0,0.0,0,0.0,0.0,0.0,6,57.0,0,1,1,5.0,0,6.2,7.2,,,68.0,204.0,23.71264705882353,0.0,Texas Tech,2016.0,2016.0,OAK,143.0,,0.028571429
2016,4,00-0032940,D.Washington,RB,LV,BAL,0,0,0.0,0,0.0,0.0,0.0,5,30.0,0,3,3,16.0,0,2.6,5.6,,,68.0,204.0,23.71264705882353,0.0,Texas Tech,2016.0,2016.0,OAK,143.0,,0.08571429
2016,5,00-0032940,D.Washington,RB,LV,LAC,0,0,0.0,0,0.0,0.0,0.0,9,23.0,0,6,5,29.0,0,5.2,10.2,,,68.0,204.0,23.71264705882353,0.0,Texas Tech,2016.0,2016.0,OAK,143.0,,0.15384616
2016,6,00-0032940,D.Washington,RB,LV,KC,0,0,0.0,0,0.0,0.0,0.0,10,49.0,0,1,0,0.0,0,4.9,4.9,,,68.0,204.0,23.71264705882353,0.0,Texas Tech,2016.0,2016.0,OAK,143.0,,0.030303031
2016,7,00-0032940,D.Washington,RB,LV,JAX,0,0,0.0,0,0.0,0.0,0.0,5,16.0,0,2,1,6.0,0,2.2,3.2,,,68.0,204.0,23.71264705882353,0.0,Texas Tech,2016.0,2016.0,OAK,143.0,,0.054054055
2016,8,00-0032940,D.Washington,RB,LV,TB,0,0,0.0,0,0.0,0.0,0.0,5,32.0,0,0,0,0.0,0,3.2,3.2,,,68.0,204.0,23.71264705882353,0.0,Texas Tech,2016.0,2016.0,OAK,143.0,,
2016,9,00-0032940,D.Washington,RB,LV,DEN,0,0,0.0,0,0.0,0.0,0.0,10,35.0,0,1,1,0.0,0,3.5,4.5,,,68.0,204.0,23.71264705882353,0.0,Texas Tech,2016.0,2016.0,OAK,143.0,,0.033333335
2016,11,00-0032940,D.Washington,RB,LV,HOU,0,0,0.0,0,0.0,0.0,0.0,1,0.0,0,1,0,0.0,0,0.0,0.0,,,68.0,204.0,23.71264705882353,0.0,Texas Tech,2016.0,2016.0,OAK,143.0,,0.032258064
2016,15,00-0032940,D.Washington,RB,LV,LAC,0,0,0.0,0,0.0,0.0,0.0,5,23.0,0,3,1,11.0,0,3.4,4.4,,,68.0,204.0,23.71264705882353,0.0,Texas Tech,2016.0,2016.0,OAK,143.0,,0.1
2016,16,00-0032940,D.Washington,RB,LV,IND,0,0,0.0,0,0.0,0.0,0.0,12,99.0,2,1,1,18.0,0,23.7,24.7,,,68.0,204.0,23.71264705882353,0.0,Texas Tech,2016.0,2016.0,OAK,143.0,,0.030303031
2016,17,00-0032940,D.Washington,RB,LV,DEN,0,0,0.0,0,0.0,0.0,0.0,7,43.0,0,2,2,14.0,0,5.7,7.7,,,68.0,204.0,23.71264705882353,0.0,Texas Tech,2016.0,2016.0,OAK,143.0,,0.0625
2016,18,00-0032940,D.Washington,RB,LV,HOU,0,0,0.0,0,0.0,0.0,0.0,4,16.0,0,1,0,0.0,0,1.6,1.6,,,68.0,204.0,23.71264705882353,0.0,Texas Tech,2016.0,2016.0,OAK,143.0,,0.022222223
2016,14,00-0032943,R.Dixon,P,DEN,TEN,1,1,16.0,0,0.0,0.0,-0.0,0,0.0,0,0,0,0.0,0,0.64,0.64,,,76.0,221.0,23.2,0.0,Syracuse,2016.0,2016.0,DEN,228.0,,
2016,1,00-0032950,C.Wentz,QB,PHI,CLE,22,37,278.0,2,0.0,2.0,8.0,2,1.0,0,0,0,0.0,0,19.22,19.22,,,77.0,237.0,23.857875,0.0,North Dakota State,2016.0,2016.0,PHI,2.0,19.0,
2016,2,00-0032950,C.Wentz,QB,PHI,CHI,21,34,190.0,1,0.0,2.0,10.0,6,10.0,0,0,0,0.0,0,12.6,12.6,,,77.0,237.0,23.857875,0.0,North Dakota State,2016.0,2016.0,PHI,2.0,,
2016,3,00-0032950,C.Wentz,QB,PHI,PIT,23,31,301.0,2,0.0,0.0,-0.0,1,10.0,0,0,0,0.0,0,21.04,21.04,,,77.0,237.0,23.857875,0.0,North Dakota State,2016.0,2016.0,PHI,2.0,31.0,
2016,5,00-0032950,C.Wentz,QB,PHI,DET,25,33,238.0,2,1.0,3.0,8.0,2,14.0,0,0,0,0.0,0,16.92,16.92,,,77.0,237.0,23.857875,0.0,North Dakota State,2016.0,2016.0,PHI,2.0,,
2016,6,00-0032950,C.Wentz,QB,PHI,WAS,11,22,179.0,0,0.0,5.0,34.0,2,2.0,0,0,0,0.0,0,7.36,7.36,,,77.0,237.0,23.857875,0.0,North Dakota State,2016.0,2016.0,PHI,2.0,,
2016,7,00-0032950,C.Wentz,QB,PHI,MIN,16,28,138.0,1,2.0,0.0,-0.0,5,6.0,0,0,0,0.0,0,6.12,6.12,,,77.0,237.0,23.857875,0.0,North Dakota State,2016.0,2016.0,PHI,2.0,11.0,
2016,8,00-0032950,C.Wentz,QB,PHI,DAL,32,43,202.0,1,0.0,3.0,8.0,1,-3.0,0,0,0,0.0,0,11.78,11.78,,,77.0,237.0,23.857875,0.0,North Dakota State,2016.0,2016.0,PHI,2.0,,
2016,9,00-0032950,C.Wentz,QB,PHI,NYG,27,47,364.0,0,2.0,2.0,17.0,4,-4.0,0,0,0,0.0,0,10.16,10.16,,,77.0,237.0,23.857875,0.0,North Dakota State,2016.0,2016.0,PHI,2.0,,
2016,10,00-0032950,C.Wentz,QB,PHI,ATL,25,36,231.0,0,0.0,2.0,10.0,4,10.0,0,0,0,0.0,0,8.24,8.24,,,77.0,237.0,23.857875,0.0,North Dakota State,2016.0,2016.0,PHI,2.0,9.0,
2016,11,00-0032950,C.Wentz,QB,PHI,SEA,23,45,218.0,2,2.0,2.0,23.0,1,2.0,0,0,0,0.0,0,14.92,14.92,,,77.0,237.0,23.857875,0.0,North Dakota State,2016.0,2016.0,PHI,2.0,,
2016,12,00-0032950,C.Wentz,QB,PHI,GB,24,36,254.0,0,1.0,4.0,43.0,4,33.0,1,0,0,0.0,0,17.46,17.46,,,77.0,237.0,23.857875,0.0,North Dakota State,2016.0,2016.0,PHI,2.0,-14.0,
2016,13,00-0032950,C.Wentz,QB,PHI,CIN,36,60,308.0,1,3.0,1.0,2.0,3,16.0,0,1,1,7.0,0,12.62,13.62,,,77.0,237.0,23.857875,0.0,North Dakota State,2016.0,2016.0,PHI,2.0,,0.016666668
2016,14,00-0032950,C.Wentz,QB,PHI,WAS,32,46,314.0,1,1.0,4.0,26.0,2,5.0,0,0,0,0.0,0,13.06,13.06,,,77.0,237.0,23.857875,0.0,North Dakota State,2016.0,2016.0,PHI,2.0,-5.0,
2016,15,00-0032950,C.Wentz,QB,PHI,BAL,22,42,170.0,0,1.0,1.0,11.0,4,8.0,1,0,0,0.0,0,11.6,11.6,,,77.0,237.0,23.857875,0.0,North Dakota State,2016.0,2016.0,PHI,2.0,,
2016,16,00-0032950,C.Wentz,QB,PHI,NYG,13,24,152.0,1,1.0,0.0,-0.0,4,27.0,0,0,0,0.0,0,10.78,10.78,,,77.0,237.0,23.857875,0.0,North Dakota State,2016.0,2016.0,PHI,2.0,5.0,
2016,17,00-0032950,C.Wentz,QB,PHI,DAL,27,43,245.0,2,0.0,2.0,13.0,1,13.0,0,0,0,0.0,0,19.1,19.1,,,77.0,237.0,23.857875,0.0,North Dakota State,2016.0,2016.0,PHI,2.0,14.0,
2016,9,00-0032951,L.Treadwell,WR,MIN,DET,0,0,0.0,0,0.0,0.0,0.0,0,0.0,0,1,1,15.0,0,1.5,2.5,,,74.0,210.0,21.4016875,0.0,Mississippi,2016.0,2016.0,MIN,23.0,-6.0,0.025
2016,13,00-0032951,L.Treadwell,WR,MIN,DAL,0,0,0.0,0,0.0,0.0,0.0,0,0.0,0,2,0,0.0,0,0.0,0.0,,,74.0,210.0,21.4016875,0.0,Mississippi,2016.0,2016.0,MIN,23.0,-2.0,0.04255319
2016,1,00-0032956,A.Janovich,FB,DEN,CAR,0,0,0.0,0,0.0,0.0,0.0,1,28.0,1,0,0,0.0,0,8.8,8.8,,,73.0,238.0,23.454625,0.0,Nebraska,2016.0,2016.0,DEN,176.0,1.0,
2016,2,00-0032956,A.Janovich,FB,DEN,IND,0,0,0.0,0,0.0,0.0,0.0,0,0.0,0,1,1,11.0,0,1.1,2.1,,,73.0,238.0,23.454625,0.0,Nebraska,2016.0,2016.0,DEN,176.0,14.0,0.030303031
2016,3,00-0032956,A.Janovich,FB,DEN,CIN,0,0,0.0,0,0.0,0.0,0.0,1,2.0,0,1,1,13.0,0,1.5,2.5,,,73.0,238.0,23.454625,0.0,Nebraska,2016.0,2016.0,DEN,176.0,,0.028571429
2016,5,00-0032956,A.Janovich,FB,DEN,ATL,0,0,0.0,0,0.0,0.0,0.0,1,2.0,0,1,0,0.0,0,0.2,0.2,,,73.0,238.0,23.454625,0.0,Nebraska,2016.0,2016.0,DEN,176.0,-7.0,0.029411765
2016,7,00-0032956,A.Janovich,FB,DEN,HOU,0,0,0.0,0,0.0,0.0,0.0,1,1.0,0,2,1,12.0,0,1.3,2.3,,,73.0,238.0,23.454625,0.0,Nebraska,2016.0,2016.0,DEN,176.0,18.0,0.08
2016,10,00-0032956,A.Janovich,FB,DEN,NO,0,0,0.0,0,0.0,0.0,0.0,0,0.0,0,1,1,9.0,0,0.9,1.9,,,73.0,238.0,23.454625,0.0,Nebraska,2016.0,2016.0,DEN,176.0,,0.02631579
2016,12,00-0032956,A.Janovich,FB,DEN,KC,0,0,0.0,0,0.0,0.0,0.0,0,0.0,0,1,1,-1.0,0,-0.1,0.9,,,73.0,238.0,23.454625,0.0,Nebraska,2016.0,2016.0,DEN,176.0,-3.0,0.03125
2016,4,00-0032959,C.Peake,WR,NYJ,SEA,0,0,0.0,0,0.0,0.0,0.0,0,0.0,0,3,3,30.0,0,3.0,6.0,,,74.0,215.0,24.054625,0.0,Clemson,2016.0,2016.0,NYJ,241.0,-10.0,0.07317073
2016,5,00-0032959,C.Peake,WR,NYJ,PIT,0,0,0.0,0,0.0,0.0,0.0,0,0.0,0,1,1,6.0,0,0.6,1.6,,,74.0,215.0,24.054625,0.0,Clemson,2016.0,2016.0,NYJ,241.0,,0.02631579
2016,6,00-0032959,C.Peake,WR,NYJ,ARI,0,0,0.0,0,0.0,0.0,0.0,0,0.0,0,10,5,43.0,0,4.3,9.3,,,74.0,215.0,24.054625,0.0,Clemson,2016.0,2016.0,NYJ,241.0,,0.27027026
2016,7,00-0032959,C.Peake,WR,NYJ,BAL,0,0,0.0,0,0.0,0.0,0.0,0,0.0,0,2,1,8.0,0,0.8,1.8,,,74.0,215.0,24.054625,0.0,Clemson,2016.0,2016.0,NYJ,241.0,8.0,0.09090909
2016,8,00-0032959,C.Peake,WR,NYJ,CLE,0,0,0.0,0,0.0,0.0,0.0,0,0.0,0,1,1,13.0,0,1.3,2.3,,,74.0,215.0,24.054625,0.0,Clemson,2016.0,2016.0,NYJ,241.0,,0.029411765
2016,10,00-0032959,C.Peake,WR,NYJ,LA,0,0,0.0,0,0.0,0.0,0.0,0,0.0,0,2,2,9.0,0,0.9,2.9,,,74.0,215.0,24.054625,0.0,Clemson,2016.0,2016.0,NYJ,241.0,-3.0,0.06451613
2016,13,00-0032959,C.Peake,WR,NYJ,IND,0,0,0.0,0,0.0,0.0,0.0,0,0.0,0,2,0,0.0,0,0.0,0.0,,,74.0,215.0,24.054625,0.0,Clemson,2016.0,2016.0,NYJ,241.0,-31.0,0.054054055
2016,14,00-0032959,C.Peake,WR,NYJ,SF,0,0,0.0,0,0.0,0.0,0.0,0,0.0,0,2,1,10.0,0,1.0,2.0,,,74.0,215.0,24.054625,0.0,Clemson,2016.0,2016.0,NYJ,241.0,,0.057142857
2016,15,00-0032959,C.Peake,WR,NYJ,MIA,0,0,0.0,0,0.0,0.0,0.0,0,0.0,0,4,2,18.0,0,1.8,3.8,,,74.0,215.0,24.054625,0.0,Clemson,2016.0,2016.0,NYJ,241.0,-21.0,0.08888889
2016,16,00-0032959,C.Peake,WR,NYJ,NE,0,0,0.0,0,0.0,0.0,0.0,0,0.0,0,3,1,27.0,0,2.7,3.7,,,74.0,215.0,24.054625,0.0,Clemson,2016.0,2016.0,NYJ,241.0,,0.125
2016,17,00-0032959,C.Peake,WR,NYJ,BUF,0,0,0.0,0,0.0,0.0,0.0,0,0.0,0,5,2,22.0,0,2.2,4.2,,,74.0,215.0,24.054625,0.0,Clemson,2016.0,2016.0,NYJ,241.0,20.0,0.16666667
2016,15,00-0032964,B.Marshall,RB,PHI,BAL,0,0,0.0,0,0.0,0.0,0.0,9,22.0,0,3,2,6.0,0,2.8,4.8,,,69.0,201.0,22.79,0.0,Oregon,2016.0,2016.0,,,,0.071428575
2016,17,00-0032964,B.Marshall,RB,PHI,DAL,0,0,0.0,0,0.0,0.0,0.0,10,42.0,0,2,1,4.0,0,4.6,5.6,,,69.0,201.0,22.79,0.0,Oregon,2016.0,2016.0,,,14.0,0.046511628
2016,1,00-0032966,C.Coleman,WR,CLE,PHI,0,0,0.0,0,0.0,0.0,0.0,0,0.0,0,5,2,69.0,0,6.9,8.9,,,70.0,185.0,22.332625,0.0,Baylor,2016.0,2016.0,CLE,15.0,,0.1923077
2016,2,00-0032966,C.Coleman,WR,CLE,BAL,0,0,0.0,0,0.0,0.0,0.0,0,0.0,0,8,5,104.0,2,22.4,27.4,,,70.0,185.0,22.332625,0.0,Baylor,2016.0,2016.0,CLE,15.0,-5.0,0.24242425
2016,9,00-0032966,C.Coleman,WR,CLE,DAL,0,0,0.0,0,0.0,0.0,0.0,0,0.0,0,7,3,41.0,0,4.1,7.1,,,70.0,185.0,22.332625,0.0,Baylor,2016.0,2016.0,CLE,15.0,-25.0,0.25925925
2016,10,00-0032966,C.Coleman,WR,CLE,BAL,0,0,0.0,0,0.0,0.0,0.0,0,0.0,0,5,3,17.0,0,1.7,4.7,,,70.0,185.0,22.332625,0.0,Baylor,2016.0,2016.0,CLE,15.0,,0.16129032
2016,11,00-0032966,C.Coleman,WR,CLE,PIT,0,0,0.0,0,0.0,0.0,0.0,0,0.0,0,12,4,39.0,0,3.9,7.9,,,70.0,185.0,22.332625,0.0,Baylor,2016.0,2016.0,CLE,15.0,-15.0,0.3
2016,12,00-0032966,C.Coleman,WR,CLE,NYG,0,0,0.0,0,0.0,0.0,0.0,0,0.0,0,7,3,38.0,1,9.8,12.8,,,70.0,185.0,22.332625,0.0,Baylor,2016.0,2016.0,CLE,15.0,-14.0,0.1627907
2016,14,00-0032966,C.Coleman,WR,CLE,CIN,0,0,0.0,0,0.0,0.0,0.0,1,1.0,0,11,3,26.0,0,2.7,5.7,,,70.0,185.0,22.332625,0.0,Baylor,2016.0,2016.0,CLE,15.0,-13.0,0.39285713
2016,15,00-0032966,C.Coleman,WR,CLE,BUF,0,0,0.0,0,0.0,0.0,0.0,0,0.0,0,4,3,24.0,0,2.4,5.4,,,70.0,185.0,22.332625,0.0,Baylor,2016.0,2016.0,CLE,15.0,,0.14814815
2016,16,00-0032966,C.Coleman,WR,CLE,LAC,0,0,0.0,0,0.0,0.0,0.0,0,0.0,0,5,2,15.0,0,1.5,3.5,,,70.0,185.0,22.332625,0.0,Baylor,2016.0,2016.0,CLE,15.0,3.0,0.17857143
2016,17,00-0032966,C.Coleman,WR,CLE,PIT,0,0,0.0,0,0.0,0.0,0.0,1,9.0,0,9,5,40.0,0,4.9,9.9,,,70.0,185.0,22.332625,0.0,Baylor,2016.0,2016.0,CLE,15.0,,0.225
2016,1,00-0032972,D.Booker,RB,DEN,CAR,0,0,0.0,0,0.0,0.0,0.0,3,8.0,0,0,0,0.0,0,-1.2,-1.2,,,71.0,219.0,24.443,0.0,Utah,2016.0,2016.0,DEN,136.0,1.0,
2016,2,00-0032972,D.Booker,RB,DEN,IND,0,0,0.0,0,0.0,0.0,0.0,9,46.0,0,1,1,5.0,0,5.1,6.1,,,71.0,219.0,24.443,0.0,Utah,2016.0,2016.0,DEN,136.0,14.0,0.030303031
2016,3,00-0032972,D.Booker,RB,DEN,CIN,0,0,0.0,0,0.0,0.0,0.0,4,8.0,0,1,1,17.0,0,2.5,3.5,,,71.0,219.0,24.443,0.0,Utah,2016.0,2016.0,DEN,136.0,,0.028571429
2016,4,00-0032972,D.Booker,RB,DEN,TB,0,0,0.0,0,0.0,0.0,0.0,7,30.0,0,1,0,0.0,0,3.0,3.0,,,71.0,219.0,24.443,0.0,Utah,2016.0,2016.0,DEN,136.0,,0.032258064
2016,5,00-0032972,D.Booker,RB,DEN,ATL,0,0,0.0,0,0.0,0.0,0.0,6,23.0,0,6,4,36.0,0,5.9,9.9,,,71.0,219.0,24.443,0.0,Utah,2016.0,2016.0,DEN,136.0,-7.0,0.1764706
2016,6,00-0032972,D.Booker,RB,DEN,LAC,0,0,0.0,0,0.0,0.0,0.0,5,46.0,0,2,2,7.0,0,5.3,7.3,,,71.0,219.0,24.443,0.0,Utah,2016.0,2016.0,DEN,136.0,,0.04255319
2016,7,00-0032972,D.Booker,RB,DEN,HOU,0,0,0.0,0,0.0,0.0,0.0,17,83.0,1,2,1,4.0,0,14.7,15.7,,,71.0,219.0,24.443,0.0,Utah,2016.0,2016.0,DEN,136.0,18.0,0.08
2016,8,00-0032972,D.Booker,RB,DEN,LAC,0,0,0.0,0,0.0,0.0,0.0,19,54.0,1,6,5,30.0,0,12.4,17.4,,,71.0,219.0,24.443,0.0,Utah,2016.0,2016.0,DEN,136.0,8.0,0.16216215
2016,9,00-0032972,D.Booker,RB,DEN,LV,0,0,0.0,0,0.0,0.0,0.0,10,22.0,0,3,1,8.0,0,3.0,4.0,,,71.0,219.0,24.443,0.0,Utah,2016.0,2016.0,DEN,136.0,,0.083333336
2016,10,00-0032972,D.Booker,RB,DEN,NO,0,0,0.0,0,0.0,0.0,0.0,24,76.0,0,2,2,12.0,0,8.8,10.8,,,71.0,219.0,24.443,0.0,Utah,2016.0,2016.0,DEN,136.0,,0.05263158
2016,12,00-0032972,D.Booker,RB,DEN,KC,0,0,0.0,0,0.0,0.0,0.0,24,79.0,0,2,1,22.0,0,10.1,11.1,,,71.0,219.0,24.443,0.0,Utah,2016.0,2016.0,DEN,136.0,-3.0,0.0625
2016,13,00-0032972,D.Booker,RB,DEN,JAX,0,0,0.0,0,0.0,0.0,0.0,18,35.0,1,1,1,2.0,0,9.7,10.7,,,71.0,219.0,24.443,0.0,Utah,2016.0,2016.0,DEN,136.0,,0.041666668
2016,14,00-0032972,D.Booker,RB,DEN,TEN,0,0,0.0,0,0.0,0.0,0.0,3,1.0,0,2,2,10.0,0,1.1,3.1,,,71.0,219.0,24.443,0.0,Utah,2016.0,2016.0,DEN,136.0,,0.03846154
2016,15,00-0032972,D.Booker,RB,DEN,NE,0,0,0.0,0,0.0,0.0,0.0,6,17.0,0,3,2,16.0,0,3.3,5.3,,,71.0,219.0,24.443,0.0,Utah,2016.0,2016.0,DEN,136.0,-13.0,0.07692308
2016,16,00-0032972,D.Booker,RB,DEN,KC,0,0,0.0,0,0.0,0.0,0.0,5,27.0,0,10,6,44.0,0,5.1,11.1,,,71.0,219.0,24.443,0.0,Utah,2016.0,2016.0,DEN,136.0,,0.25
2016,17,00-0032972,D.Booker,RB,DEN,LV,0,0,0.0,0,0.0,0.0,0.0,14,57.0,1,3,2,52.0,1,22.9,24.9,,,71.0,219.0,24.443,0.0,Utah,2016.0,2016.0,DEN,136.0,18.0,0.11111111
2016,6,00-0032974,J.Payton,WR,CLE,TEN,0,0,0.0,0,0.0,0.0,0.0,0,0.0,0,2,0,0.0,0,0.0,0.0,,,73.0,209.0,23.175875,0.0,UCLA,2016.0,2016.0,CLE,154.0,,0.04761905
2016,8,00-0032974,J.Payton,WR,CLE,NYJ,0,0,0.0,0,0.0,0.0,0.0,0,0.0,0,1,1,3.0,0,0.3,1.3,,,73.0,209.0,23.175875,0.0,UCLA,2016.0,2016.0,CLE,154.0,-3.0,0.019607844
2016,3,00-0032975,J.Williams,RB,BUF,ARI,0,0,0.0,0,0.0,0.0,0.0,3,2.0,0,0,0,0.0,0,0.2,0.2,,,71.0,223.0,22.7579375,0.0,Arkansas,2016.0,2016.0,BUF,156.0,15.0,
2016,6,00-0032975,J.Williams,RB,BUF,SF,0,0,0.0,0,0.0,0.0,0.0,5,21.0,0,0,0,0.0,0,0.1,0.1,,,71.0,223.0,22.7579375,0.0,Arkansas,2016.0,2016.0,BUF,156.0,29.0,
2016,8,00-0032975,J.Williams,RB,BUF,NE,0,0,0.0,0,0.0,0.0,0.0,5,12.0,1,0,0,0.0,0,7.2,7.2,,,71.0,223.0,22.7579375,0.0,Arkansas,2016.0,2016.0,BUF,156.0,-16.0,
2016,9,00-0032975,J.Williams,RB,BUF,SEA,0,1,0.0,0,0.0,0.0,-0.0,0,0.0,0,0,0,0.0,0,0.0,0.0,,,71.0,223.0,22.7579375,0.0,Arkansas,2016.0,2016.0,BUF,156.0,,
2016,11,00-0032975,J.Williams,RB,BUF,CIN,0,0,0.0,0,0.0,0.0,0.0,4,26.0,0,1,1,0.0,0,2.6,3.6,,,71.0,223.0,22.7579375,0.0,Arkansas,2016.0,2016.0,BUF,156.0,,0.037037037
2016,12,00-0032975,J.Williams,RB,BUF,JAX,0,0,0.0,0,0.0,0.0,0.0,3,12.0,0,1,0,0.0,0,1.2,1.2,,,71.0,223.0,22.7579375,0.0,Arkansas,2016.0,2016.0,BUF,156.0,7.0,0.055555556
2016,15,00-0032975,J.Williams,RB,BUF,CLE,0,0,0.0,0,0.0,0.0,0.0,3,10.0,0,0,0,0.0,0,1.0,1.0,,,71.0,223.0,22.7579375,0.0,Arkansas,2016.0,2016.0,BUF,156.0,20.0,
2016,17,00-0032975,J.Williams,RB,BUF,NYJ,0,0,0.0,0,0.0,0.0,0.0,4,11.0,0,0,0,0.0,0,-0.9,-0.9,,,71.0,223.0,22.7579375,0.0,Arkansas,2016.0,2016.0,BUF,156.0,,
2016,2,00-0032977,R.Higgins,WR,CLE,BAL,0,0,0.0,0,0.0,0.0,0.0,0,0.0,0,1,0,0.0,0,0.0,0.0,,,73.0,190.0,22.078,0.0,Colorado State,2016.0,2016.0,CLE,172.0,-5.0,0.030303031
2016,3,00-0032977,R.Higgins,WR,CLE,MIA,0,0,0.0,0,0.0,0.0,0.0,0,0.0,0,1,0,0.0,0,0.0,0.0,,,73.0,190.0,22.078,0.0,Colorado State,2016.0,2016.0,CLE,172.0,,0.02631579
2016,5,00-0032977,R.Higgins,WR,CLE,NE,0,0,0.0,0,0.0,0.0,0.0,0,0.0,0,1,0,0.0,0,0.0,0.0,,,73.0,190.0,22.078,0.0,Colorado State,2016.0,2016.0,CLE,172.0,-20.0,0.028571429
2016,6,00-0032977,R.Higgins,WR,CLE,TEN,0,0,0.0,0,0.0,0.0,0.0,0,0.0,0,1,1,14.0,0,1.4,2.4,,,73.0,190.0,22.078,0.0,Colorado State,2016.0,2016.0,CLE,172.0,,0.023809524
2016,7,00-0032977,R.Higgins,WR,CLE,CIN,0,0,0.0,0,0.0,0.0,0.0,0,0.0,0,2,2,19.0,0,1.9,3.9,,,73.0,190.0,22.078,0.0,Colorado State,2016.0,2016.0,CLE,172.0,,0.06451613
2016,8,00-0032977,R.Higgins,WR,CLE,NYJ,0,0,0.0,0,0.0,0.0,0.0,0,0.0,0,1,1,10.0,0,1.0,2.0,,,73.0,190.0,22.078,0.0,Colorado State,2016.0,2016.0,CLE,172.0,-3.0,0.019607844
2016,11,00-0032977,R.Higgins,WR,CLE,PIT,0,0,0.0,0,0.0,0.0,0.0,0,0.0,0,1,0,0.0,0,0.0,0.0,,,73.0,190.0,22.078,0.0,Colorado State,2016.0,2016.0,CLE,172.0,-15.0,0.025
2016,12,00-0032977,R.Higgins,WR,CLE,NYG,0,0,0.0,0,0.0,0.0,0.0,0,0.0,0,2,2,34.0,0,3.4,5.4,,,73.0,190.0,22.078,0.0,Colorado State,2016.0,2016.0,CLE,172.0,-14.0,0.046511628
2016,16,00-0032977,R.Higgins,WR,CLE,LAC,0,0,0.0,0,0.0,0.0,0.0,0,0.0,0,1,0,0.0,0,0.0,0.0,,,73.0,190.0,22.078,0.0,Colorado State,2016.0,2016.0,CLE,172.0,3.0,0.035714287
2016,17,00-0032977,R.Higgins,WR,CLE,PIT,0,0,0.0,0,0.0,0.0,0.0,0,0.0,0,1,0,0.0,0,0.0,0.0,,,73.0,190.0,22.078,0.0,Colorado State,2016.0,2016.0,CLE,172.0,,0.025
2016,1,00-0033009,T.Boyd,WR,CIN,NYJ,0,0,0.0,0,0.0,0.0,0.0,0,0.0,0,3,2,24.0,0,2.4,4.4,,,74.0,190.0,21.97625,0.0,Pittsburgh,2016.0,2016.0,CIN,55.0,,0.1
2016,2,00-0033009,T.Boyd,WR,CIN,PIT,0,0,0.0,0,0.0,0.0,0.0,0,0.0,0,8,6,78.0,0,5.8,11.8,,,74.0,190.0,21.97625,0.0,Pittsburgh,2016.0,2016.0,CIN,55.0,,0.14814815
2016,3,00-0033009,T.Boyd,WR,CIN,DEN,0,0,0.0,0,0.0,0.0,0.0,0,0.0,0,4,3,18.0,0,1.8,4.8,,,74.0,190.0,21.97625,0.0,Pittsburgh,2016.0,2016.0,CIN,55.0,-12.0,0.14285715
2016,4,00-0033009,T.Boyd,WR,CIN,MIA,0,0,0.0,0,0.0,0.0,0.0,0,0.0,0,3,1,10.0,0,1.0,2.0,,,74.0,190.0,21.97625,0.0,Pittsburgh,2016.0,2016.0,CIN,55.0,15.0,0.09677419
2016,5,00-0033009,T.Boyd,WR,CIN,DAL,0,0,0.0,0,0.0,0.0,0.0,0,0.0,0,5,3,33.0,0,3.3,6.3,,,74.0,190.0,21.97625,0.0,Pittsburgh,2016.0,2016.0,CIN,55.0,,0.12820514
2016,6,00-0033009,T.Boyd,WR,CIN,NE,0,0,0.0,0,0.0,0.0,0.0,0,0.0,0,5,4,79.0,0,7.9,11.9,,,74.0,190.0,21.97625,0.0,Pittsburgh,2016.0,2016.0,CIN,55.0,,0.16129032
2016,7,00-0033009,T.Boyd,WR,CIN,CLE,0,0,0.0,0,0.0,0.0,0.0,0,0.0,0,3,1,3.0,0,0.3,1.3,,,74.0,190.0,21.97625,0.0,Pittsburgh,2016.0,2016.0,CIN,55.0,14.0,0.115384616
2016,8,00-0033009,T.Boyd,WR,CIN,WAS,0,0,0.0,0,0.0,0.0,0.0,1,3.0,0,7,5,38.0,0,4.1,9.1,,,74.0,190.0,21.97625,0.0,Pittsburgh,2016.0,2016.0,CIN,55.0,0.0,0.16666667
2016,10,00-0033009,T.Boyd,WR,CIN,NYG,0,0,0.0,0,0.0,0.0,0.0,0,0.0,0,4,2,12.0,0,1.2,3.2,,,74.0,190.0,21.97625,0.0,Pittsburgh,2016.0,2016.0,CIN,55.0,,0.14285715
2016,11,00-0033009,T.Boyd,WR,CIN,BUF,0,0,0.0,0,0.0,0.0,0.0,0,0.0,0,8,6,54.0,1,11.4,17.4,,,74.0,190.0,21.97625,0.0,Pittsburgh,2016.0,2016.0,CIN,55.0,-4.0,0.2
2016,12,00-0033009,T.Boyd,WR,CIN,BAL,0,0,0.0,0,0.0,0.0,0.0,0,0.0,0,9,5,62.0,0,6.2,11.2,,,74.0,190.0,21.97625,0.0,Pittsburgh,2016.0,2016.0,CIN,55.0,,0.19148937
2016,13,00-0033009,T.Boyd,WR,CIN,PHI,0,0,0.0,0,0.0,0.0,0.0,0,0.0,0,6,4,66.0,0,6.6,10.6,,,74.0,190.0,21.97625,0.0,Pittsburgh,2016.0,2016.0,CIN,55.0,18.0,0.20689656
2016,14,00-0033009,T.Boyd,WR,CIN,CLE,0,0,0.0,0,0.0,0.0,0.0,2,40.0,0,6,6,49.0,0,8.9,14.9,,,74.0,190.0,21.97625,0.0,Pittsburgh,2016.0,2016.0,CIN,55.0,,0.21428572
2016,15,00-0033009,T.Boyd,WR,CIN,PIT,0,0,0.0,0,0.0,0.0,0.0,0,0.0,0,3,2,13.0,0,1.3,3.3,,,74.0,190.0,21.97625,0.0,Pittsburgh,2016.0,2016.0,CIN,55.0,-4.0,0.13043478
2016,16,00-0033009,T.Boyd,WR,CIN,HOU,0,0,0.0,0,0.0,0.0,0.0,0,0.0,0,4,2,25.0,0,2.5,4.5,,,74.0,190.0,21.97625,0.0,Pittsburgh,2016.0,2016.0,CIN,55.0,,0.09756097
2016,17,00-0033009,T.Boyd,WR,CIN,BAL,0,0,0.0,0,0.0,0.0,0.0,1,15.0,0,3,2,39.0,0,5.4,7.4,,,74.0,190.0,21.97625,0.0,Pittsburgh,2016.0,2016.0,CIN,55.0,17.0,0.12
2016,1,00-0033025,J.Richard,RB,LV,NO,0,0,0.0,0,0.0,0.0,0.0,3,84.0,1,2,2,11.0,0,15.5,17.5,,,68.0,210.0,23.069352941176472,0.0,Southern Mississippi,2016.0,2016.0,,,,0.054054055
2016,2,00-0033025,J.Richard,RB,LV,ATL,0,0,0.0,0,0.0,0.0,0.0,6,17.0,0,1,1,10.0,0,2.7,3.7,,,68.0,210.0,23.069352941176472,0.0,Southern Mississippi,2016.0,2016.0,,,,0.022222223
2016,3,00-0033025,J.Richard,RB,LV,TEN,0,0,0.0,0,0.0,0.0,0.0,6,28.0,0,1,1,13.0,0,4.1,5.1,,,68.0,210.0,23.069352941176472,0.0,Southern Mississippi,2016.0,2016.0,,,,0.028571429
2016,4,00-0033025,J.Richard,RB,LV,BAL,0,0,0.0,0,0.0,0.0,0.0,2,15.0,0,3,1,5.0,0,2.0,3.0,,,68.0,210.0,23.069352941176472,0.0,Southern Mississippi,2016.0,2016.0,,,,0.08571429
2016,5,00-0033025,J.Richard,RB,LV,LAC,0,0,0.0,0,0.0,0.0,0.0,8,31.0,0,7,6,66.0,0,9.7,15.7,,,68.0,210.0,23.069352941176472,0.0,Southern Mississippi,2016.0,2016.0,,,,0.17948718
2016,6,00-0033025,J.Richard,RB,LV,KC,0,0,0.0,0,0.0,0.0,0.0,4,7.0,0,3,2,5.0,0,1.2,3.2,,,68.0,210.0,23.069352941176472,0.0,Southern Mississippi,2016.0,2016.0,,,,0.09090909
2016,7,00-0033025,J.Richard,RB,LV,JAX,0,0,0.0,0,0.0,0.0,0.0,1,1.0,0,1,1,0.0,0,0.1,1.1,,,68.0,210.0,23.069352941176472,0.0,Southern Mississippi,2016.0,2016.0,,,,0.027027028
2016,8,00-0033025,J.Richard,RB,LV,TB,0,0,0.0,0,0.0,0.0,0.0,5,34.0,0,2,2,3.0,0,3.7,5.7,,,68.0,210.0,23.069352941176472,0.0,Southern Mississippi,2016.0,2016.0,,,,0.03448276
2016,9,00-0033025,J.Richard,RB,LV,DEN,0,0,0.0,0,0.0,0.0,0.0,8,62.0,0,3,2,10.0,0,7.2,9.2,,,68.0,210.0,23.069352941176472,0.0,Southern Mississippi,2016.0,2016.0,,,,0.1
2016,11,00-0033025,J.Richard,RB,LV,HOU,0,0,0.0,0,0.0,0.0,0.0,3,2.0,0,3,3,50.0,1,11.2,14.2,,,68.0,210.0,23.069352941176472,0.0,Southern Mississippi,2016.0,2016.0,,,,0.09677419
2016,12,00-0033025,J.Richard,RB,LV,CAR,0,0,0.0,0,0.0,0.0,0.0,7,23.0,0,0,0,0.0,0,2.3,2.3,,,68.0,210.0,23.069352941176472,0.0,Southern Mississippi,2016.0,2016.0,,,,
2016,13,00-0033025,J.Richard,RB,LV,BUF,0,0,0.0,0,0.0,0.0,0.0,9,53.0,0,0,0,0.0,0,5.3,5.3,,,68.0,210.0,23.069352941176472,0.0,Southern Mississippi,2016.0,2016.0,,,,
2016,14,00-0033025,J.Richard,RB,LV,KC,0,0,0.0,0,0.0,0.0,0.0,6,29.0,0,4,0,0.0,0,2.9,2.9,,,68.0,210.0,23.069352941176472,0.0,Southern Mississippi,2016.0,2016.0,,,,0.09756097
2016,15,00-0033025,J.Richard,RB,LV,LAC,0,0,0.0,0,0.0,0.0,0.0,6,36.0,0,5,4,13.0,0,4.9,8.9,,,68.0,210.0,23.069352941176472,0.0,Southern Mississippi,2016.0,2016.0,,,,0.16666667
2016,16,00-0033025,J.Richard,RB,LV,IND,0,0,0.0,0,0.0,0.0,0.0,6,66.0,0,3,3,13.0,1,13.9,16.9,,,68.0,210.0,23.069352941176472,0.0,Southern Mississippi,2016.0,2016.0,,,,0.09090909
2016,17,00-0033025,J.Richard,RB,LV,DEN,0,0,0.0,0,0.0,0.0,0.0,3,3.0,0,1,1,-5.0,0,-0.2,0.8,,,68.0,210.0,23.069352941176472,0.0,Southern Mississippi,2016.0,2016.0,,,,0.03125
2016,18,00-0033025,J.Richard,RB,LV,HOU,0,0,0.0,0,0.0,0.0,0.0,3,3.0,0,2,2,8.0,0,1.1,3.1,,,68.0,210.0,23.069352941176472,0.0,Southern Mississippi,2016.0,2016.0,,,,0.044444446
2016,1,00-0033040,T.Hill,WR,KC,LAC,0,0,0.0,0,0.0,0.0,0.0,0,0.0,0,1,1,9.0,1,6.9,7.9,,,70.0,185.0,22.701117647058823,0.0,West Alabama,2016.0,2016.0,KC,165.0,6.0,0.022222223
2016,2,00-0033040,T.Hill,WR,KC,HOU,0,0,0.0,0,0.0,0.0,0.0,1,-1.0,0,2,2,8.0,0,0.7,2.7,,,70.0,185.0,22.701117647058823,0.0,West Alabama,2016.0,2016.0,KC,165.0,,0.054054055
2016,3,00-0033040,T.Hill,WR,KC,NYJ,0,0,0.0,0,0.0,0.0,0.0,1,-3.0,0,4,3,26.0,0,2.3,5.3,,,70.0,185.0,22.701117647058823,0.0,West Alabama,2016.0,2016.0,KC,165.0,21.0,0.121212125
2016,4,00-0033040,T.Hill,WR,KC,PIT,0,0,0.0,0,0.0,0.0,0.0,1,-2.0,0,7,5,24.0,1,8.2,13.2,,,70.0,185.0,22.701117647058823,0.0,West Alabama,2016.0,2016.0,KC,165.0,,0.14285715
2016,6,00-0033040,T.Hill,WR,KC,LV,0,0,0.0,0,0.0,0.0,0.0,0,0.0,0,2,2,20.0,0,2.0,4.0,,,70.0,185.0,22.701117647058823,0.0,West Alabama,2016.0,2016.0,KC,165.0,,0.09090909
2016,7,00-0033040,T.Hill,WR,KC,NO,0,0,0.0,0,0.0,0.0,0.0,2,23.0,0,1,1,38.0,1,12.1,13.1,,,70.0,185.0,22.701117647058823,0.0,West Alabama,2016.0,2016.0,KC,165.0,6.0,0.04347826
2016,8,00-0033040,T.Hill,WR,KC,IND,0,0,0.0,0,0.0,0.0,0.0,1,7.0,0,6,5,98.0,1,16.5,21.5,,,70.0,185.0,22.701117647058823,0.0,West Alabama,2016.0,2016.0,KC,165.0,,0.14634146
2016,9,00-0033040,T.Hill,WR,KC,JAX,0,0,0.0,0,0.0,0.0,0.0,2,21.0,0,5,3,11.0,0,3.2,6.2,,,70.0,185.0,22.701117647058823,0.0,West Alabama,2016.0,2016.0,KC,165.0,5.0,0.15151516
2016,10,00-0033040,T.Hill,WR,KC,CAR,0,0,0.0,0,0.0,0.0,0.0,1,12.0,0,13,10,89.0,0,10.1,20.1,,,70.0,185.0,22.701117647058823,0.0,West Alabama,2016.0,2016.0,KC,165.0,,0.34210527
2016,11,00-0033040,T.Hill,WR,KC,TB,0,0,0.0,0,0.0,0.0,0.0,1,8.0,0,5,4,53.0,0,6.1,10.1,,,70.0,185.0,22.701117647058823,0.0,West Alabama,2016.0,2016.0,KC,165.0,-2.0,0.16129032
2016,12,00-0033040,T.Hill,WR,KC,DEN,0,0,0.0,0,0.0,0.0,0.0,1,3.0,1,10,9,52.0,1,23.5,32.5,,,70.0,185.0,22.701117647058823,0.0,West Alabama,2016.0,2016.0,KC,165.0,,0.24390244
2016,13,00-0033040,T.Hill,WR,KC,ATL,0,0,0.0,0,0.0,0.0,0.0,2,19.0,0,6,5,53.0,0,7.2,12.2,,,70.0,185.0,22.701117647058823,0.0,West Alabama,2016.0,2016.0,KC,165.0,,0.24
2016,14,00-0033040,T.Hill,WR,KC,LV,0,0,0.0,0,0.0,0.0,0.0,1,2.0,0,6,6,66.0,1,18.8,24.8,,,70.0,185.0,22.701117647058823,0.0,West Alabama,2016.0,2016.0,KC,165.0,8.0,0.24
2016,15,00-0033040,T.Hill,WR,KC,TEN,0,0,0.0,0,0.0,0.0,0.0,1,68.0,1,3,0,0.0,0,12.8,12.8,,,70.0,185.0,22.701117647058823,0.0,West Alabama,2016.0,2016.0,KC,165.0,-2.0,0.10714286
2016,16,00-0033040,T.Hill,WR,KC,DEN,0,0,0.0,0,0.0,0.0,0.0,6,95.0,1,5,0,0.0,0,15.5,15.5,,,70.0,185.0,22.701117647058823,0.0,West Alabama,2016.0,2016.0,KC,165.0,23.0,0.13513513
2016,17,00-0033040,T.Hill,WR,KC,LAC,0,0,0.0,0,0.0,0.0,0.0,3,15.0,0,7,5,46.0,0,12.1,17.1,,,70.0,185.0,22.701117647058823,0.0,West Alabama,2016.0,2016.0,KC,165.0,,0.25
2016,19,00-0033040,T.Hill,WR,KC,PIT,0,0,0.0,0,0.0,0.0,0.0,3,18.0,0,6,4,27.0,0,4.5,8.5,,,70.0,185.0,22.701117647058823,0.0,West Alabama,2016.0,2016.0,KC,165.0,-2.0,0.1875
2016,1,00-0033045,E.Elliott,RB,DAL,NYG,0,0,0.0,0,0.0,0.0,0.0,20,51.0,1,2,1,1.0,0,11.2,12.2,,,72.0,225.0,21.30770588235294,0.0,Ohio State,2016.0,2016.0,DAL,4.0,-1.0,0.046511628
2016,2,00-0033045,E.Elliott,RB,DAL,WAS,0,0,0.0,0,0.0,0.0,0.0,21,83.0,1,2,2,4.0,0,12.7,14.7,,,72.0,225.0,21.30770588235294,0.0,Ohio State,2016.0,2016.0,DAL,4.0,,0.06666667
2016,3,00-0033045,E.Elliott,RB,DAL,CHI,0,0,0.0,0,0.0,0.0,0.0,30,140.0,0,2,2,20.0,0,16.0,18.0,,,72.0,225.0,21.30770588235294,0.0,Ohio State,2016.0,2016.0,DAL,4.0,14.0,0.083333336
2016,4,00-0033045,E.Elliott,RB,DAL,SF,0,0,0.0,0,0.0,0.0,0.0,23,138.0,1,1,1,19.0,0,21.7,22.7,,,72.0,225.0,21.30770588235294,0.0,Ohio State,2016.0,2016.0,DAL,4.0,,0.03125
2016,5,00-0033045,E.Elliott,RB,DAL,CIN,0,0,0.0,0,0.0,0.0,0.0,15,134.0,2,4,3,37.0,0,29.1,32.1,,,72.0,225.0,21.30770588235294,0.0,Ohio State,2016.0,2016.0,DAL,4.0,14.0,0.16666667
2016,6,00-0033045,E.Elliott,RB,DAL,GB,0,0,0.0,0,0.0,0.0,0.0,28,157.0,0,4,2,17.0,0,17.4,19.4,,,72.0,225.0,21.30770588235294,0.0,Ohio State,2016.0,2016.0,DAL,4.0,,0.14814815
2016,8,00-0033045,E.Elliott,RB,DAL,PHI,0,0,0.0,0,0.0,0.0,0.0,22,96.0,0,4,4,52.0,0,14.8,18.8,,,72.0,225.0,21.30770588235294,0.0,Ohio State,2016.0,2016.0,DAL,4.0,6.0,0.1
2016,9,00-0033045,E.Elliott,RB,DAL,CLE,0,0,0.0,0,0.0,0.0,0.0,18,92.0,2,1,1,5.0,0,21.7,22.7,,,72.0,225.0,21.30770588235294,0.0,Ohio State,2016.0,2016.0,DAL,4.0,,0.035714287
2016,10,00-0033045,E.Elliott,RB,DAL,PIT,0,0,0.0,0,0.0,0.0,0.0,21,114.0,2,2,2,95.0,1,38.9,40.9,,,72.0,225.0,21.30770588235294,0.0,Ohio State,2016.0,2016.0,DAL,4.0,,0.0625
2016,11,00-0033045,E.Elliott,RB,DAL,BAL,0,0,0.0,0,0.0,0.0,0.0,25,97.0,0,5,4,30.0,0,12.7,16.7,,,72.0,225.0,21.30770588235294,0.0,Ohio State,2016.0,2016.0,DAL,4.0,10.0,0.1388889
2016,12,00-0033045,E.Elliott,RB,DAL,WAS,0,0,0.0,0,0.0,0.0,0.0,20,97.0,2,2,2,23.0,0,24.0,26.0,,,72.0,225.0,21.30770588235294,0.0,Ohio State,2016.0,2016.0,DAL,4.0,5.0,0.08695652
2016,13,00-0033045,E.Elliott,RB,DAL,MIN,0,0,0.0,0,0.0,0.0,0.0,20,86.0,1,5,4,19.0,0,16.5,20.5,,,72.0,225.0,21.30770588235294,0.0,Ohio State,2016.0,2016.0,DAL,4.0,,0.2777778
2016,14,00-0033045,E.Elliott,RB,DAL,NYG,0,0,0.0,0,0.0,0.0,0.0,24,107.0,0,2,0,0.0,0,10.7,10.7,,,72.0,225.0,21.30770588235294,0.0,Ohio State,2016.0,2016.0,DAL,4.0,,0.054054055
2016,15,00-0033045,E.Elliott,RB,DAL,TB,0,0,0.0,0,0.0,0.0,0.0,23,159.0,1,3,3,29.0,0,24.8,27.8,,,72.0,225.0,21.30770588235294,0.0,Ohio State,2016.0,2016.0,DAL,4.0,6.0,0.083333336
2016,16,00-0033045,E.Elliott,RB,DAL,DET,0,0,0.0,0,0.0,0.0,0.0,12,80.0,2,1,1,12.0,0,21.2,22.2,,,72.0,225.0,21.30770588235294,0.0,Ohio State,2016.0,2016.0,DAL,4.0,21.0,0.04761905
2016,19,00-0033045,E.Elliott,RB,DAL,GB,0,0,0.0,0,0.0,0.0,0.0,22,125.0,0,1,1,-2.0,0,12.3,13.3,,,72.0,225.0,21.30770588235294,0.0,Ohio State,2016.0,2016.0,DAL,4.0,-3.0,0.027027028
2016,1,00-0033060,L.Carroo,WR,MIA,SEA,0,0,0.0,0,0.0,0.0,0.0,0,0.0,0,2,2,14.0,0,1.4,3.4,,,72.0,217.0,22.794882352941176,0.0,Rutgers,2016.0,2016.0,MIA,86.0,,0.074074075
2016,4,00-0033060,L.Carroo,WR,MIA,CIN,0,0,0.0,0,0.0,0.0,0.0,0,0.0,0,1,0,0.0,0,0.0,0.0,,,72.0,217.0,22.794882352941176,0.0,Rutgers,2016.0,2016.0,MIA,86.0,,0.04
2016,9,00-0033060,L.Carroo,WR,MIA,NYJ,0,0,0.0,0,0.0,0.0,0.0,0,0.0,0,1,0,0.0,0,0.0,0.0,,,72.0,217.0,22.794882352941176,0.0,Rutgers,2016.0,2016.0,MIA,86.0,4.0,0.03448276
2016,12,00-0033060,L.Carroo,WR,MIA,SF,0,0,0.0,0,0.0,0.0,0.0,0,0.0,0,1,1,15.0,1,7.5,8.5,,,72.0,217.0,22.794882352941176,0.0,Rutgers,2016.0,2016.0,MIA,86.0,7.0,0.033333335
2016,13,00-0033060,L.Carroo,WR,MIA,BAL,0,0,0.0,0,0.0,0.0,0.0,0,0.0,0,1,0,0.0,0,0.0,0.0,,,72.0,217.0,22.794882352941176,0.0,Rutgers,2016.0,2016.0,MIA,86.0,,0.025641026
2016,1,00-0033069,B.Miller,WR,HOU,CHI,0,0,0.0,0,0.0,0.0,0.0,0,0.0,0,3,1,6.0,0,0.6,1.6,,,73.0,205.0,23.95388888888889,0.0,Ohio State,2016.0,2016.0,HOU,85.0,9.0,0.08571429
2016,2,00-0033069,B.Miller,WR,HOU,KC,0,0,0.0,0,0.0,0.0,0.0,1,-2.0,0,3,1,3.0,0,0.1,1.1,,,73.0,205.0,23.95388888888889,0.0,Ohio State,2016.0,2016.0,HOU,85.0,7.0,0.09090909
2016,5,00-0033069,B.Miller,WR,HOU,MIN,0,0,0.0,0,0.0,0.0,0.0,0,0.0,0,1,1,12.0,0,1.2,2.2,,,73.0,205.0,23.95388888888889,0.0,Ohio State,2016.0,2016.0,HOU,85.0,,0.023809524
2016,6,00-0033069,B.Miller,WR,HOU,IND,0,0,0.0,0,0.0,0.0,0.0,0,0.0,0,4,2,13.0,0,1.3,3.3,,,73.0,205.0,23.95388888888889,0.0,Ohio State,2016.0,2016.0,HOU,85.0,3.0,0.102564104
2016,8,00-0033069,B.Miller,WR,HOU,DET,0,0,0.0,0,0.0,0.0,0.0,0,0.0,0,3,3,18.0,0,1.8,4.8,,,73.0,205.0,23.95388888888889,0.0,Ohio State,2016.0,2016.0,HOU,85.0,7.0,0.10344828
2016,10,00-0033069,B.Miller,WR,HOU,JAX,0,0,0.0,0,0.0,0.0,0.0,0,0.0,0,2,1,10.0,0,1.0,2.0,,,73.0,205.0,23.95388888888889,0.0,Ohio State,2016.0,2016.0,HOU,85.0,,0.074074075
2016,11,00-0033069,B.Miller,WR,HOU,LV,0,0,0.0,0,0.0,0.0,0.0,1,1.0,0,7,5,25.0,1,8.6,13.6,,,73.0,205.0,23.95388888888889,0.0,Ohio State,2016.0,2016.0,HOU,85.0,,0.17948718
2016,12,00-0033069,B.Miller,WR,HOU,LAC,0,0,0.0,0,0.0,0.0,0.0,1,1.0,0,3,1,12.0,0,1.3,2.3,,,73.0,205.0,23.95388888888889,0.0,Ohio State,2016.0,2016.0,HOU,85.0,-8.0,0.08571429
2016,13,00-0033069,B.Miller,WR,HOU,GB,0,0,0.0,0,0.0,0.0,0.0,0,0.0,0,2,0,0.0,0,0.0,0.0,,,73.0,205.0,23.95388888888889,0.0,Ohio State,2016.0,2016.0,HOU,85.0,,0.057142857
2016,1,00-0033077,D.Prescott,QB,DAL,NYG,25,45,227.0,0,0.0,0.0,-0.0,2,12.0,0,0,0,0.0,0,10.28,10.28,,,74.0,230.0,23.28711764705882,0.0,Mississippi State,2016.0,2016.0,DAL,135.0,-1.0,
2016,2,00-0033077,D.Prescott,QB,DAL,WAS,22,30,292.0,0,0.0,4.0,14.0,1,6.0,1,0,0,0.0,0,18.28,18.28,,,74.0,230.0,23.28711764705882,0.0,Mississippi State,2016.0,2016.0,DAL,135.0,,
2016,3,00-0033077,D.Prescott,QB,DAL,CHI,19,24,248.0,1,0.0,0.0,-0.0,4,36.0,1,0,0,0.0,0,23.52,23.52,,,74.0,230.0,23.28711764705882,0.0,Mississippi State,2016.0,2016.0,DAL,135.0,14.0,
2016,4,00-0033077,D.Prescott,QB,DAL,SF,23,32,245.0,2,0.0,2.0,11.0,5,3.0,0,0,0,0.0,0,18.1,18.1,,,74.0,230.0,23.28711764705882,0.0,Mississippi State,2016.0,2016.0,DAL,135.0,,
2016,5,00-0033077,D.Prescott,QB,DAL,CIN,18,24,227.0,1,0.0,1.0,5.0,7,4.0,1,0,0,0.0,0,17.48,17.48,,,74.0,230.0,23.28711764705882,0.0,Mississippi State,2016.0,2016.0,DAL,135.0,14.0,
2016,6,00-0033077,D.Prescott,QB,DAL,GB,18,27,247.0,3,1.0,2.0,14.0,1,6.0,0,0,0,0.0,0,18.48,18.48,,,74.0,230.0,23.28711764705882,0.0,Mississippi State,2016.0,2016.0,DAL,135.0,,
2016,8,00-0033077,D.Prescott,QB,DAL,PHI,19,39,287.0,2,1.0,2.0,14.0,7,38.0,1,0,0,0.0,0,27.28,27.28,,,74.0,230.0,23.28711764705882,0.0,Mississippi State,2016.0,2016.0,DAL,135.0,6.0,
2016,9,00-0033077,D.Prescott,QB,DAL,CLE,21,27,247.0,3,0.0,0.0,-0.0,4,20.0,0,0,0,0.0,0,23.88,23.88,,,74.0,230.0,23.28711764705882,0.0,Mississippi State,2016.0,2016.0,DAL,135.0,,
2016,10,00-0033077,D.Prescott,QB,DAL,PIT,22,32,319.0,2,0.0,2.0,24.0,0,0.0,0,0,0,0.0,0,18.76,18.76,,,74.0,230.0,23.28711764705882,0.0,Mississippi State,2016.0,2016.0,DAL,135.0,,
2016,11,00-0033077,D.Prescott,QB,DAL,BAL,27,36,301.0,3,0.0,1.0,2.0,2,16.0,0,0,0,0.0,0,25.64,25.64,,,74.0,230.0,23.28711764705882,0.0,Mississippi State,2016.0,2016.0,DAL,135.0,10.0,
2016,12,00-0033077,D.Prescott,QB,DAL,WAS,17,24,195.0,1,0.0,1.0,5.0,8,39.0,1,0,0,0.0,0,21.7,21.7,,,74.0,230.0,23.28711764705882,0.0,Mississippi State,2016.0,2016.0,DAL,135.0,5.0,
2016,13,00-0033077,D.Prescott,QB,DAL,MIN,12,18,139.0,1,0.0,3.0,15.0,6,37.0,0,0,0,0.0,0,11.26,11.26,,,74.0,230.0,23.28711764705882,0.0,Mississippi State,2016.0,2016.0,DAL,135.0,,
2016,14,00-0033077,D.Prescott,QB,DAL,NYG,17,37,165.0,1,2.0,3.0,13.0,1,1.0,0,0,0,0.0,0,6.7,6.7,,,74.0,230.0,23.28711764705882,0.0,Mississippi State,2016.0,2016.0,DAL,135.0,,
2016,15,00-0033077,D.Prescott,QB,DAL,TB,32,36,279.0,0,0.0,3.0,15.0,4,20.0,1,0,0,0.0,0,19.16,19.16,,,74.0,230.0,23.28711764705882,0.0,Mississippi State,2016.0,2016.0,DAL,135.0,6.0,
2016,16,00-0033077,D.Prescott,QB,DAL,DET,15,20,212.0,3,0.0,1.0,11.0,4,35.0,0,0,0,0.0,0,23.98,23.98,,,74.0,230.0,23.28711764705882,0.0,Mississippi State,2016.0,2016.0,DAL,135.0,21.0,
2016,17,00-0033077,D.Prescott,QB,DAL,PHI,4,8,37.0,0,0.0,0.0,-0.0,1,9.0,0,0,0,0.0,0,2.38,2.38,,,74.0,230.0,23.28711764705882,0.0,Mississippi State,2016.0,2016.0,DAL,135.0,,
2016,19,00-0033077,D.Prescott,QB,DAL,GB,24,38,302.0,3,1.0,2.0,11.0,2,13.0,0,0,0,0.0,0,25.38,25.38,,,74.0,230.0,23.28711764705882,0.0,Mississippi State,2016.0,2016.0,DAL,135.0,-3.0,
2016,3,00-0033079,R.Louis,WR,CLE,MIA,0,0,0.0,0,0.0,0.0,0.0,0,0.0,0,4,3,40.0,0,4.0,7.0,,,74.0,215.0,22.620125,0.0,Auburn,2016.0,2016.0,CLE,114.0,,0.10526316
2016,4,00-0033079,R.Louis,WR,CLE,WAS,0,0,0.0,0,0.0,0.0,0.0,0,0.0,0,5,3,28.0,0,2.8,5.8,,,74.0,215.0,22.620125,0.0,Auburn,2016.0,2016.0,CLE,114.0,,0.13157895
2016,5,00-0033079,R.Louis,WR,CLE,NE,0,0,0.0,0,0.0,0.0,0.0,0,0.0,0,5,2,13.0,0,1.3,3.3,,,74.0,215.0,22.620125,0.0,Auburn,2016.0,2016.0,CLE,114.0,-20.0,0.14285715
2016,6,00-0033079,R.Louis,WR,CLE,TEN,0,0,0.0,0,0.0,0.0,0.0,0,0.0,0,9,5,65.0,0,6.5,11.5,,,74.0,215.0,22.620125,0.0,Auburn,2016.0,2016.0,CLE,114.0,,0.21428572
2016,7,00-0033079,R.Louis,WR,CLE,CIN,0,0,0.0,0,0.0,0.0,0.0,0,0.0,0,3,1,5.0,0,0.5,1.5,,,74.0,215.0,22.620125,0.0,Auburn,2016.0,2016.0,CLE,114.0,,0.09677419
2016,8,00-0033079,R.Louis,WR,CLE,NYJ,0,0,0.0,0,0.0,0.0,0.0,0,0.0,0,7,2,32.0,0,3.2,5.2,,,74.0,215.0,22.620125,0.0,Auburn,2016.0,2016.0,CLE,114.0,-3.0,0.13725491
2016,17,00-0033079,R.Louis,WR,CLE,PIT,0,0,0.0,0,0.0,0.0,0.0,0,0.0,0,2,2,22.0,0,2.2,4.2,,,74.0,215.0,22.620125,0.0,Auburn,2016.0,2016.0,CLE,114.0,,0.05
2016,8,00-0033080,S.DeValve,TE,CLE,NYJ,0,0,0.0,0,0.0,0.0,0.0,0,0.0,0,1,1,5.0,0,0.5,1.5,,,75.0,245.0,23.7645625,0.0,Princeton,2016.0,2016.0,CLE,138.0,-3.0,0.019607844
2016,10,00-0033080,S.DeValve,TE,CLE,BAL,0,0,0.0,0,0.0,0.0,0.0,0,0.0,0,1,1,25.0,1,8.5,9.5,,,75.0,245.0,23.7645625,0.0,Princeton,2016.0,2016.0,CLE,138.0,,0.032258064
2016,11,00-0033080,S.DeValve,TE,CLE,PIT,0,0,0.0,0,0.0,0.0,0.0,0,0.0,0,1,1,8.0,0,0.8,1.8,,,75.0,245.0,23.7645625,0.0,Princeton,2016.0,2016.0,CLE,138.0,-15.0,0.025
2016,12,00-0033080,S.DeValve,TE,CLE,NYG,0,0,0.0,0,0.0,0.0,0.0,0,0.0,0,4,3,39.0,0,3.9,6.9,,,75.0,245.0,23.7645625,0.0,Princeton,2016.0,2016.0,CLE,138.0,-14.0,0.093023255
2016,14,00-0033080,S.DeValve,TE,CLE,CIN,0,0,0.0,0,0.0,0.0,0.0,0,0.0,0,2,1,11.0,0,1.1,2.1,,,75.0,245.0,23.7645625,0.0,Princeton,2016.0,2016.0,CLE,138.0,-13.0,0.071428575
2016,15,00-0033080,S.DeValve,TE,CLE,BUF,0,0,0.0,0,0.0,0.0,0.0,0,0.0,0,1,1,6.0,0,0.6,1.6,,,75.0,245.0,23.7645625,0.0,Princeton,2016.0,2016.0,CLE,138.0,,0.037037037
2016,16,00-0033080,S.DeValve,TE,CLE,LAC,0,0,0.0,0,0.0,0.0,0.0,0,0.0,0,1,1,21.0,0,2.1,3.1,,,75.0,245.0,23.7645625,0.0,Princeton,2016.0,2016.0,CLE,138.0,3.0,0.035714287
2016,17,00-0033080,S.DeValve,TE,CLE,PIT,0,0,0.0,0,0.0,0.0,0.0,0,0.0,0,1,1,12.0,1,7.2,8.2,,,75.0,245.0,23.7645625,0.0,Princeton,2016.0,2016.0,CLE,138.0,,0.025
2016,1,00-0033090,H.Henry,TE,LAC,KC,0,0,0.0,0,0.0,0.0,0.0,0,0.0,0,2,1,20.0,0,2.0,3.0,,,77.0,255.0,21.913375,0.0,Arkansas,2016.0,2016.0,SD,35.0,,0.055555556
2016,3,00-0033090,H.Henry,TE,LAC,IND,0,0,0.0,0,0.0,0.0,0.0,0,0.0,0,5,5,72.0,0,5.2,10.2,,,77.0,255.0,21.913375,0.0,Arkansas,2016.0,2016.0,SD,35.0,,0.13513513
2016,4,00-0033090,H.Henry,TE,LAC,NO,0,0,0.0,0,0.0,0.0,0.0,0,0.0,0,7,4,61.0,1,12.1,16.1,,,77.0,255.0,21.913375,0.0,Arkansas,2016.0,2016.0,SD,35.0,,0.1627907
2016,5,00-0033090,H.Henry,TE,LAC,LV,0,0,0.0,0,0.0,0.0,0.0,0,0.0,0,4,3,74.0,1,13.4,16.4,,,77.0,255.0,21.913375,0.0,Arkansas,2016.0,2016.0,SD,35.0,,0.13333334
2016,6,00-0033090,H.Henry,TE,LAC,DEN,0,0,0.0,0,0.0,0.0,0.0,0,0.0,0,8,6,83.0,1,14.3,20.3,,,77.0,255.0,21.913375,0.0,Arkansas,2016.0,2016.0,SD,35.0,,0.27586207
2016,7,00-0033090,H.Henry,TE,LAC,ATL,0,0,0.0,0,0.0,0.0,0.0,0,0.0,0,3,1,16.0,0,1.6,2.6,,,77.0,255.0,21.913375,0.0,Arkansas,2016.0,2016.0,SD,35.0,,0.06818182
2016,8,00-0033090,H.Henry,TE,LAC,DEN,0,0,0.0,0,0.0,0.0,0.0,0,0.0,0,4,2,14.0,0,1.4,3.4,,,77.0,255.0,21.913375,0.0,Arkansas,2016.0,2016.0,SD,35.0,,0.08888889
2016,10,00-0033090,H.Henry,TE,LAC,MIA,0,0,0.0,0,0.0,0.0,0.0,0,0.0,0,2,2,11.0,1,7.1,9.1,,,77.0,255.0,21.913375,0.0,Arkansas,2016.0,2016.0,SD,35.0,,0.04761905
2016,12,00-0033090,H.Henry,TE,LAC,HOU,0,0,0.0,0,0.0,0.0,0.0,0,0.0,0,3,2,20.0,1,8.0,10.0,,,77.0,255.0,21.913375,0.0,Arkansas,2016.0,2016.0,SD,35.0,,0.1
2016,13,00-0033090,H.Henry,TE,LAC,TB,0,0,0.0,0,0.0,0.0,0.0,0,0.0,0,1,1,14.0,0,1.4,2.4,,,77.0,255.0,21.913375,0.0,Arkansas,2016.0,2016.0,SD,35.0,,0.041666668
2016,14,00-0033090,H.Henry,TE,LAC,CAR,0,0,0.0,0,0.0,0.0,0.0,0,0.0,0,5,2,13.0,1,7.3,9.3,,,77.0,255.0,21.913375,0.0,Arkansas,2016.0,2016.0,SD,35.0,,0.1388889
2016,15,00-0033090,H.Henry,TE,LAC,LV,0,0,0.0,0,0.0,0.0,0.0,0,0.0,0,4,3,37.0,1,9.7,12.7,,,77.0,255.0,21.913375,0.0,Arkansas,2016.0,2016.0,SD,35.0,,0.13793103
2016,17,00-0033090,H.Henry,TE,LAC,KC,0,0,0.0,0,0.0,0.0,0.0,0,0.0,0,5,4,43.0,1,10.3,14.3,,,77.0,255.0,21.913375,0.0,Arkansas,2016.0,2016.0,SD,35.0,,0.13513513
2016,17,00-0033098,C.Jones,QB,BUF,NYJ,6,11,96.0,0,1.0,1.0,2.0,1,-1.0,0,0,0,0.0,0,1.74,1.74,,,77.0,250.0,24.102375,0.0,Ohio State,2016.0,2016.0,BUF,139.0,,
2016,3,00-0033104,C.Kessler,QB,CLE,MIA,21,33,244.0,0,0.0,3.0,17.0,2,-1.0,0,0,0,0.0,0,9.66,9.66,,,73.0,215.0,23.4853125,0.0,Southern California,2016.0,2016.0,CLE,93.0,,
2016,4,00-0033104,C.Kessler,QB,CLE,WAS,28,40,223.0,1,1.0,1.0,6.0,2,2.0,0,0,0,0.0,0,11.12,11.12,,,73.0,215.0,23.4853125,0.0,Southern California,2016.0,2016.0,CLE,93.0,,
2016,5,00-0033104,C.Kessler,QB,CLE,NE,5,8,62.0,1,0.0,0.0,-0.0,1,0.0,0,0,0,0.0,0,6.48,6.48,,,73.0,215.0,23.4853125,0.0,Southern California,2016.0,2016.0,CLE,93.0,-20.0,
2016,6,00-0033104,C.Kessler,QB,CLE,TEN,26,41,336.0,2,0.0,6.0,36.0,1,3.0,0,0,0,0.0,0,21.74,21.74,,,73.0,215.0,23.4853125,0.0,Southern California,2016.0,2016.0,CLE,93.0,,
2016,7,00-0033104,C.Kessler,QB,CLE,CIN,9,11,82.0,0,0.0,0.0,-0.0,1,-2.0,0,0,0,0.0,0,3.08,3.08,,,73.0,215.0,23.4853125,0.0,Southern California,2016.0,2016.0,CLE,93.0,,
2016,9,00-0033104,C.Kessler,QB,CLE,DAL,19,27,203.0,1,0.0,4.0,26.0,2,11.0,0,0,0,0.0,0,13.22,13.22,,,73.0,215.0,23.4853125,0.0,Southern California,2016.0,2016.0,CLE,93.0,-25.0,
2016,10,00-0033104,C.Kessler,QB,CLE,BAL,11,18,91.0,1,0.0,1.0,10.0,1,3.0,0,0,0,0.0,0,7.94,7.94,,,73.0,215.0,23.4853125,0.0,Southern California,2016.0,2016.0,CLE,93.0,,
2016,11,00-0033104,C.Kessler,QB,CLE,PIT,7,14,128.0,0,1.0,4.0,34.0,1,2.0,0,0,0,0.0,0,3.32,3.32,,,73.0,215.0,23.4853125,0.0,Southern California,2016.0,2016.0,CLE,93.0,-15.0,
2016,16,00-0033104,C.Kessler,QB,CLE,LAC,2,3,11.0,0,0.0,2.0,11.0,0,0.0,0,0,0,0.0,0,0.44,0.44,,,73.0,215.0,23.4853125,0.0,Southern California,2016.0,2016.0,CLE,93.0,3.0,
2016,11,00-0033106,J.Goff,QB,LA,MIA,17,31,134.0,0,0.0,1.0,9.0,4,11.0,0,0,0,0.0,0,6.46,6.46,,,76.0,215.0,22.065125000000002,0.0,California,2016.0,2016.0,LA,1.0,-4.0,
2016,12,00-0033106,J.Goff,QB,LA,NO,20,32,214.0,3,1.0,3.0,36.0,0,0.0,0,0,0,0.0,0,16.56,16.56,,,76.0,215.0,22.065125000000002,0.0,California,2016.0,2016.0,LA,1.0,,
2016,13,00-0033106,J.Goff,QB,LA,NE,14,32,161.0,1,2.0,4.0,35.0,1,-1.0,0,0,0,0.0,0,6.34,6.34,,,76.0,215.0,22.065125000000002,0.0,California,2016.0,2016.0,LA,1.0,,
2016,14,00-0033106,J.Goff,QB,LA,ATL,24,41,235.0,0,2.0,3.0,27.0,1,2.0,1,0,0,0.0,0,9.6,9.6,,,76.0,215.0,22.065125000000002,0.0,California,2016.0,2016.0,LA,1.0,-28.0,
2016,15,00-0033106,J.Goff,QB,LA,SEA,13,25,135.0,0,0.0,4.0,31.0,0,0.0,0,0,0,0.0,0,5.4,5.4,,,76.0,215.0,22.065125000000002,0.0,California,2016.0,2016.0,LA,1.0,,
2016,16,00-0033106,J.Goff,QB,LA,SF,11,24,90.0,1,2.0,4.0,12.0,2,4.0,0,0,0,0.0,0,4.0,4.0,,,76.0,215.0,22.065125000000002,0.0,California,2016.0,2016.0,LA,1.0,-1.0,
2016,17,00-0033106,J.Goff,QB,LA,ARI,13,20,120.0,0,0.0,7.0,72.0,0,0.0,0,0,0,0.0,0,4.8,4.8,,,76.0,215.0,22.065125000000002,0.0,California,2016.0,2016.0,LA,1.0,-38.0,
2016,4,00-0033108,P.Lynch,QB,DEN,TB,14,24,170.0,1,0.0,1.0,-0.0,3,-4.0,0,0,0,0.0,0,10.4,10.4,,,79.0,244.0,22.729187500000002,0.0,Memphis,2016.0,2016.0,DEN,26.0,,
2016,5,00-0033108,P.Lynch,QB,DEN,ATL,23,35,223.0,1,1.0,6.0,40.0,6,18.0,0,0,0,0.0,0,12.72,12.72,,,79.0,244.0,22.729187500000002,0.0,Memphis,2016.0,2016.0,DEN,26.0,-7.0,
2016,13,00-0033108,P.Lynch,QB,DEN,JAX,12,24,104.0,0,0.0,2.0,2.0,2,11.0,0,0,0,0.0,0,5.26,5.26,,,79.0,244.0,22.729187500000002,0.0,Memphis,2016.0,2016.0,DEN,26.0,,
2016,1,00-0033110,T.Higbee,TE,LA,SF,0,0,0.0,0,0.0,0.0,0.0,0,0.0,0,4,1,2.0,0,0.2,1.2,,,76.0,243.0,23.847375,0.0,Western Kentucky,2016.0,2016.0,LA,110.0,,0.114285715
2016,4,00-0033110,T.Higbee,TE,LA,ARI,0,0,0.0,0,0.0,0.0,0.0,0,0.0,0,1,0,0.0,0,0.0,0.0,,,76.0,243.0,23.847375,0.0,Western Kentucky,2016.0,2016.0,LA,110.0,,0.03448276
2016,5,00-0033110,T.Higbee,TE,LA,BUF,0,0,0.0,0,0.0,0.0,0.0,0,0.0,0,1,0,0.0,0,0.0,0.0,,,76.0,243.0,23.847375,0.0,Western Kentucky,2016.0,2016.0,LA,110.0,-11.0,0.032258064
2016,7,00-0033110,T.Higbee,TE,LA,NYG,0,0,0.0,0,0.0,0.0,0.0,0,0.0,0,1,1,4.0,0,0.4,1.4,,,76.0,243.0,23.847375,0.0,Western Kentucky,2016.0,2016.0,LA,110.0,-7.0,0.01923077
2016,9,00-0033110,T.Higbee,TE,LA,CAR,0,0,0.0,0,0.0,0.0,0.0,0,0.0,0,7,1,31.0,0,3.1,4.1,,,76.0,243.0,23.847375,0.0,Western Kentucky,2016.0,2016.0,LA,110.0,-3.0,0.1521739
2016,11,00-0033110,T.Higbee,TE,LA,MIA,0,0,0.0,0,0.0,0.0,0.0,0,0.0,0,3,2,4.0,0,0.4,2.4,,,76.0,243.0,23.847375,0.0,Western Kentucky,2016.0,2016.0,LA,110.0,-4.0,0.10344828
2016,12,00-0033110,T.Higbee,TE,LA,NO,0,0,0.0,0,0.0,0.0,0.0,0,0.0,0,1,0,0.0,0,0.0,0.0,,,76.0,243.0,23.847375,0.0,Western Kentucky,2016.0,2016.0,LA,110.0,,0.032258064
2016,13,00-0033110,T.Higbee,TE,LA,NE,0,0,0.0,0,0.0,0.0,0.0,0,0.0,0,4,2,16.0,0,1.6,3.6,,,76.0,243.0,23.847375,0.0,Western Kentucky,2016.0,2016.0,LA,110.0,,0.125
2016,14,00-0033110,T.Higbee,TE,LA,ATL,0,0,0.0,0,0.0,0.0,0.0,0,0.0,0,4,1,8.0,0,0.8,1.8,,,76.0,243.0,23.847375,0.0,Western Kentucky,2016.0,2016.0,LA,110.0,-28.0,0.09756097
2016,15,00-0033110,T.Higbee,TE,LA,SEA,0,0,0.0,0,0.0,0.0,0.0,0,0.0,0,1,1,15.0,0,1.5,2.5,,,76.0,243.0,23.847375,0.0,Western Kentucky,2016.0,2016.0,LA,110.0,,0.028571429
2016,16,00-0033110,T.Higbee,TE,LA,SF,0,0,0.0,0,0.0,0.0,0.0,0,0.0,0,2,2,5.0,1,6.5,8.5,,,76.0,243.0,23.847375,0.0,Western Kentucky,2016.0,2016.0,LA,110.0,-1.0,0.083333336
2016,5,00-0033111,P.Cooper,WR,LA,BUF,0,0,0.0,0,0.0,0.0,0.0,0,0.0,0,1,0,0.0,0,0.0,0.0,,,71.0,207.0,21.6708125,0.0,South Carolina,2016.0,2016.0,LA,117.0,-11.0,0.032258064
2016,9,00-0033111,P.Cooper,WR,LA,CAR,0,0,0.0,0,0.0,0.0,0.0,0,0.0,0,1,1,3.0,0,0.3,1.3,,,71.0,207.0,21.6708125,0.0,South Carolina,2016.0,2016.0,LA,117.0,-3.0,0.02173913
2016,10,00-0033111,P.Cooper,WR,LA,NYJ,0,0,0.0,0,0.0,0.0,0.0,0,0.0,0,1,1,6.0,0,0.6,1.6,,,71.0,207.0,21.6708125,0.0,South Carolina,2016.0,2016.0,LA,117.0,,0.033333335
2016,11,00-0033111,P.Cooper,WR,LA,MIA,0,0,0.0,0,0.0,0.0,0.0,0,0.0,0,1,1,10.0,0,1.0,2.0,,,71.0,207.0,21.6708125,0.0,South Carolina,2016.0,2016.0,LA,117.0,-4.0,0.03448276
2016,13,00-0033111,P.Cooper,WR,LA,NE,0,0,0.0,0,0.0,0.0,0.0,0,0.0,0,4,1,8.0,0,0.8,1.8,,,71.0,207.0,21.6708125,0.0,South Carolina,2016.0,2016.0,LA,117.0,,0.125
2016,14,00-0033111,P.Cooper,WR,LA,ATL,0,0,0.0,0,0.0,0.0,0.0,0,0.0,0,3,3,22.0,0,2.2,5.2,,,71.0,207.0,21.6708125,0.0,South Carolina,2016.0,2016.0,LA,117.0,-28.0,0.07317073
2016,15,00-0033111,P.Cooper,WR,LA,SEA,0,0,0.0,0,0.0,0.0,0.0,0,0.0,0,3,3,21.0,0,2.1,5.1,,,71.0,207.0,21.6708125,0.0,South Carolina,2016.0,2016.0,LA,117.0,,0.08571429
2016,17,00-0033111,P.Cooper,WR,LA,ARI,0,1,0.0,0,1.0,0.0,-0.0,0,0.0,0,6,4,36.0,0,1.6,5.6,,,71.0,207.0,21.6708125,0.0,South Carolina,2016.0,2016.0,LA,117.0,-38.0,0.21428572
2016,3,00-0033114,M.Thomas,WR,LA,TB,0,0,0.0,0,0.0,0.0,0.0,0,0.0,0,1,0,0.0,0,0.0,0.0,,,73.0,200.0,22.2265625,0.0,Southern Mississippi,2016.0,2016.0,LA,206.0,,0.03846154
2016,7,00-0033114,M.Thomas,WR,LA,NYG,0,0,0.0,0,0.0,0.0,0.0,0,0.0,0,1,0,0.0,0,0.0,0.0,,,73.0,200.0,22.2265625,0.0,Southern Mississippi,2016.0,2016.0,LA,206.0,-7.0,0.01923077
2016,13,00-0033114,M.Thomas,WR,LA,NE,0,0,0.0,0,0.0,0.0,0.0,0,0.0,0,1,0,0.0,0,0.0,0.0,,,73.0,200.0,22.2265625,0.0,Southern Mississippi,2016.0,2016.0,LA,206.0,,0.03125
2016,14,00-0033114,M.Thomas,WR,LA,ATL,0,0,0.0,0,0.0,0.0,0.0,0,0.0,0,1,1,16.0,0,1.6,2.6,,,73.0,200.0,22.2265625,0.0,Southern Mississippi,2016.0,2016.0,LA,206.0,-28.0,0.024390243
2016,15,00-0033114,M.Thomas,WR,LA,SEA,0,0,0.0,0,0.0,0.0,0.0,0,0.0,0,4,1,6.0,0,0.6,1.6,,,73.0,200.0,22.2265625,0.0,Southern Mississippi,2016.0,2016.0,LA,206.0,,0.114285715
2016,17,00-0033114,M.Thomas,WR,LA,ARI,0,0,0.0,0,0.0,0.0,0.0,0,0.0,0,1,1,15.0,0,1.5,2.5,,,73.0,200.0,22.2265625,0.0,Southern Mississippi,2016.0,2016.0,LA,206.0,-38.0,0.035714287
2016,2,00-0033118,K.Drake,RB,MIA,NE,0,0,0.0,0,0.0,0.0,0.0,2,12.0,1,2,2,6.0,0,7.8,9.8,,,73.0,216.0,22.78935294117647,0.0,Alabama,2016.0,2016.0,MIA,73.0,,0.045454547
2016,3,00-0033118,K.Drake,RB,MIA,CLE,0,0,0.0,0,0.0,0.0,0.0,9,37.0,0,2,2,11.0,0,4.8,6.8,,,73.0,216.0,22.78935294117647,0.0,Alabama,2016.0,2016.0,MIA,73.0,6.0,0.055555556
2016,4,00-0033118,K.Drake,RB,MIA,CIN,0,0,0.0,0,0.0,0.0,0.0,2,15.0,0,0,0,0.0,0,1.5,1.5,,,73.0,216.0,22.78935294117647,0.0,Alabama,2016.0,2016.0,MIA,73.0,,
2016,5,00-0033118,K.Drake,RB,MIA,TEN,0,0,0.0,0,0.0,0.0,0.0,2,4.0,0,3,2,16.0,0,2.0,4.0,,,73.0,216.0,22.78935294117647,0.0,Alabama,2016.0,2016.0,MIA,73.0,-13.0,0.16666667
2016,9,00-0033118,K.Drake,RB,MIA,NYJ,0,0,0.0,0,0.0,0.0,0.0,0,0.0,0,1,1,6.0,0,6.6,7.6,,,73.0,216.0,22.78935294117647,0.0,Alabama,2016.0,2016.0,MIA,73.0,4.0,0.03448276
2016,10,00-0033118,K.Drake,RB,MIA,LAC,0,0,0.0,0,0.0,0.0,0.0,1,9.0,0,0,0,0.0,0,0.9,0.9,,,73.0,216.0,22.78935294117647,0.0,Alabama,2016.0,2016.0,MIA,73.0,,
2016,11,00-0033118,K.Drake,RB,MIA,LA,0,0,0.0,0,0.0,0.0,0.0,1,2.0,0,0,0,0.0,0,0.2,0.2,,,73.0,216.0,22.78935294117647,0.0,Alabama,2016.0,2016.0,MIA,73.0,,
2016,12,00-0033118,K.Drake,RB,MIA,SF,0,0,0.0,0,0.0,0.0,0.0,1,9.0,0,0,0,0.0,0,0.9,0.9,,,73.0,216.0,22.78935294117647,0.0,Alabama,2016.0,2016.0,MIA,73.0,7.0,
2016,13,00-0033118,K.Drake,RB,MIA,BAL,0,0,0.0,0,0.0,0.0,0.0,1,1.0,0,1,1,4.0,0,0.5,1.5,,,73.0,216.0,22.78935294117647,0.0,Alabama,2016.0,2016.0,MIA,73.0,,0.025641026
2016,14,00-0033118,K.Drake,RB,MIA,ARI,0,0,0.0,0,0.0,0.0,0.0,1,8.0,0,1,1,3.0,0,1.1,2.1,,,73.0,216.0,22.78935294117647,0.0,Alabama,2016.0,2016.0,MIA,73.0,3.0,0.04
2016,15,00-0033118,K.Drake,RB,MIA,NYJ,0,0,0.0,0,0.0,0.0,0.0,5,16.0,0,0,0,0.0,0,1.6,1.6,,,73.0,216.0,22.78935294117647,0.0,Alabama,2016.0,2016.0,MIA,73.0,,
2016,16,00-0033118,K.Drake,RB,MIA,BUF,0,0,0.0,0,0.0,0.0,0.0,4,56.0,1,0,0,0.0,0,11.6,11.6,,,73.0,216.0,22.78935294117647,0.0,Alabama,2016.0,2016.0,MIA,73.0,,
2016,17,00-0033118,K.Drake,RB,MIA,NE,0,0,0.0,0,0.0,0.0,0.0,4,10.0,0,0,0,0.0,0,1.0,1.0,,,73.0,216.0,22.78935294117647,0.0,Alabama,2016.0,2016.0,MIA,73.0,-21.0,
2016,18,00-0033118,K.Drake,RB,MIA,PIT,0,0,0.0,0,0.0,0.0,0.0,0,0.0,0,1,0,0.0,0,0.0,0.0,,,73.0,216.0,22.78935294117647,0.0,Alabama,2016.0,2016.0,MIA,73.0,,0.027777778
2016,2,00-0033119,J.Brissett,QB,NE,MIA,6,9,92.0,0,0.0,2.0,22.0,4,12.0,0,0,0,0.0,0,4.88,4.88,,,76.0,231.0,23.937947368421053,0.0,North Carolina State,2016.0,2016.0,NE,91.0,7.0,
2016,3,00-0033119,J.Brissett,QB,NE,HOU,11,19,103.0,0,0.0,1.0,6.0,8,48.0,1,0,0,0.0,0,14.92,14.92,,,76.0,231.0,23.937947368421053,0.0,North Carolina State,2016.0,2016.0,NE,91.0,27.0,
2016,4,00-0033119,J.Brissett,QB,NE,BUF,17,27,205.0,0,0.0,3.0,18.0,4,23.0,0,0,0,0.0,0,8.5,8.5,,,76.0,231.0,23.937947368421053,0.0,North Carolina State,2016.0,2016.0,NE,91.0,-16.0,
2016,1,00-0033127,W.Fuller,WR,HOU,CHI,0,0,0.0,0,0.0,0.0,0.0,0,0.0,0,11,5,107.0,1,16.7,21.7,,,72.0,180.0,22.579555555555558,0.0,Notre Dame,2016.0,2016.0,HOU,21.0,9.0,0.31428573
2016,2,00-0033127,W.Fuller,WR,HOU,KC,0,0,0.0,0,0.0,0.0,0.0,0,0.0,0,7,4,104.0,0,10.4,14.4,,,72.0,180.0,22.579555555555558,0.0,Notre Dame,2016.0,2016.0,HOU,21.0,7.0,0.21212122
2016,3,00-0033127,W.Fuller,WR,HOU,NE,0,0,0.0,0,0.0,0.0,0.0,0,0.0,0,7,3,31.0,0,3.1,6.1,,,72.0,180.0,22.579555555555558,0.0,Notre Dame,2016.0,2016.0,HOU,21.0,,0.175
2016,4,00-0033127,W.Fuller,WR,HOU,TEN,0,0,0.0,0,0.0,0.0,0.0,0,0.0,0,9,7,81.0,1,20.1,27.1,,,72.0,180.0,22.579555555555558,0.0,Notre Dame,2016.0,2016.0,HOU,21.0,7.0,0.25
2016,5,00-0033127,W.Fuller,WR,HOU,MIN,0,0,0.0,0,0.0,0.0,0.0,0,0.0,0,6,1,4.0,0,0.4,1.4,,,72.0,180.0,22.579555555555558,0.0,Notre Dame,2016.0,2016.0,HOU,21.0,,0.14285715
2016,7,00-0033127,W.Fuller,WR,HOU,DEN,0,0,0.0,0,0.0,0.0,0.0,0,0.0,0,7,4,22.0,0,2.2,6.2,,,72.0,180.0,22.579555555555558,0.0,Notre Dame,2016.0,2016.0,HOU,21.0,,0.17073171
2016,8,00-0033127,W.Fuller,WR,HOU,DET,0,0,0.0,0,0.0,0.0,0.0,0,0.0,0,4,1,23.0,0,2.3,3.3,,,72.0,180.0,22.579555555555558,0.0,Notre Dame,2016.0,2016.0,HOU,21.0,7.0,0.13793103
2016,11,00-0033127,W.Fuller,WR,HOU,LV,0,0,0.0,0,0.0,0.0,0.0,0,0.0,0,4,1,17.0,0,1.7,2.7,,,72.0,180.0,22.579555555555558,0.0,Notre Dame,2016.0,2016.0,HOU,21.0,,0.102564104
2016,12,00-0033127,W.Fuller,WR,HOU,LAC,0,0,0.0,0,0.0,0.0,0.0,0,0.0,0,6,4,60.0,0,6.0,10.0,,,72.0,180.0,22.579555555555558,0.0,Notre Dame,2016.0,2016.0,HOU,21.0,-8.0,0.17142858
2016,13,00-0033127,W.Fuller,WR,HOU,GB,0,0,0.0,0,0.0,0.0,0.0,0,0.0,0,6,5,59.0,0,5.9,10.9,,,72.0,180.0,22.579555555555558,0.0,Notre Dame,2016.0,2016.0,HOU,21.0,,0.17142858
2016,14,00-0033127,W.Fuller,WR,HOU,IND,0,0,0.0,0,0.0,0.0,0.0,0,0.0,0,4,2,22.0,0,2.2,4.2,,,72.0,180.0,22.579555555555558,0.0,Notre Dame,2016.0,2016.0,HOU,21.0,,0.17391305
2016,15,00-0033127,W.Fuller,WR,HOU,JAX,0,0,0.0,0,0.0,0.0,0.0,1,-3.0,0,8,4,42.0,0,3.9,7.9,,,72.0,180.0,22.579555555555558,0.0,Notre Dame,2016.0,2016.0,HOU,21.0,1.0,0.17021276
2016,16,00-0033127,W.Fuller,WR,HOU,CIN,0,0,0.0,0,0.0,0.0,0.0,0,0.0,0,6,3,39.0,0,3.9,6.9,,,72.0,180.0,22.579555555555558,0.0,Notre Dame,2016.0,2016.0,HOU,21.0,2.0,0.20689656
2016,17,00-0033127,W.Fuller,WR,HOU,TEN,0,0,0.0,0,0.0,0.0,0.0,0,0.0,0,7,3,24.0,0,2.4,5.4,,,72.0,180.0,22.579555555555558,0.0,Notre Dame,2016.0,2016.0,HOU,21.0,,0.14893617
2016,18,00-0033127,W.Fuller,WR,HOU,LV,0,0,0.0,0,0.0,0.0,0.0,0,0.0,0,5,4,37.0,0,3.7,7.7,,,72.0,180.0,22.579555555555558,0.0,Notre Dame,2016.0,2016.0,HOU,21.0,13.0,0.2
2016,19,00-0033127,W.Fuller,WR,HOU,NE,0,0,0.0,0,0.0,0.0,0.0,0,0.0,0,6,3,16.0,0,1.6,4.6,,,72.0,180.0,22.579555555555558,0.0,Notre Dame,2016.0,2016.0,HOU,21.0,,0.15
2016,7,00-0033164,T.Pope,RB,NYJ,BAL,0,0,0.0,0,0.0,0.0,0.0,1,1.0,0,0,0,0.0,0,0.1,0.1,,,69.0,205.0,22.956647058823528,0.0,Jacksonville State,2016.0,2016.0,,,8.0,
2016,11,00-0033164,T.Pope,RB,SEA,PHI,0,0,0.0,0,0.0,0.0,0.0,2,3.0,0,0,0,0.0,0,0.3,0.3,,,69.0,205.0,22.956647058823528,0.0,Jacksonville State,2016.0,2016.0,,,11.0,
2016,13,00-0033164,T.Pope,RB,SEA,CAR,0,0,0.0,0,0.0,0.0,0.0,8,28.0,0,1,1,5.0,0,3.3,4.3,,,69.0,205.0,22.956647058823528,0.0,Jacksonville State,2016.0,2016.0,,,33.0,0.02631579
2016,14,00-0033164,T.Pope,RB,SEA,GB,0,0,0.0,0,0.0,0.0,0.0,1,12.0,0,1,0,0.0,0,1.2,1.2,,,69.0,205.0,22.956647058823528,0.0,Jacksonville State,2016.0,2016.0,,,,0.025641026
2017,1,00-0019596,T.Brady,QB,NE,KC,16,36,267.0,0,0.0,3.0,20.0,2,0.0,0,0,0,0.0,0,10.68,10.68,,,76.0,225.0,40.29084210526315,17.0,Michigan,2000.0,2000.0,NE,199.0,-15.0,
2017,2,00-0019596,T.Brady,QB,NE,NO,30,39,447.0,3,0.0,2.0,11.0,2,9.0,0,0,0,0.0,0,30.78,30.78,,,76.0,225.0,40.29084210526315,17.0,Michigan,2000.0,2000.0,NE,199.0,,
2017,3,00-0019596,T.Brady,QB,NE,HOU,25,35,378.0,5,0.0,5.0,41.0,1,6.0,0,0,0,0.0,0,35.72,35.72,,,76.0,225.0,40.29084210526315,17.0,Michigan,2000.0,2000.0,NE,199.0,3.0,
2017,4,00-0019596,T.Brady,QB,NE,CAR,32,45,307.0,2,0.0,3.0,14.0,1,2.0,0,0,0,0.0,0,20.48,20.48,,,76.0,225.0,40.29084210526315,17.0,Michigan,2000.0,2000.0,NE,199.0,-3.0,
2017,5,00-0019596,T.Brady,QB,NE,TB,30,40,303.0,1,1.0,3.0,14.0,2,5.0,0,0,0,0.0,0,12.62,12.62,,,76.0,225.0,40.29084210526315,17.0,Michigan,2000.0,2000.0,NE,199.0,,
2017,6,00-0019596,T.Brady,QB,NE,NYJ,20,38,257.0,2,1.0,0.0,-0.0,1,-1.0,0,0,0,0.0,0,16.18,16.18,,,76.0,225.0,40.29084210526315,17.0,Michigan,2000.0,2000.0,NE,199.0,,
2017,7,00-0019596,T.Brady,QB,NE,ATL,21,29,249.0,2,0.0,2.0,8.0,5,5.0,0,0,0,0.0,0,18.46,18.46,,,76.0,225.0,40.29084210526315,17.0,Michigan,2000.0,2000.0,NE,199.0,16.0,
2017,8,00-0019596,T.Brady,QB,NE,LAC,32,47,333.0,1,0.0,3.0,16.0,1,2.0,0,0,0,0.0,0,17.52,17.52,,,76.0,225.0,40.29084210526315,17.0,Michigan,2000.0,2000.0,NE,199.0,8.0,
2017,10,00-0019596,T.Brady,QB,NE,DEN,25,34,266.0,3,0.0,1.0,6.0,1,0.0,0,0,0,0.0,0,22.64,22.64,,,76.0,225.0,40.29084210526315,17.0,Michigan,2000.0,2000.0,NE,199.0,,
2017,11,00-0019596,T.Brady,QB,NE,LV,30,37,340.0,3,0.0,1.0,8.0,0,0.0,0,0,0,0.0,0,25.6,25.6,,,76.0,225.0,40.29084210526315,17.0,Michigan,2000.0,2000.0,NE,199.0,,
2017,12,00-0019596,T.Brady,QB,NE,MIA,18,28,227.0,4,1.0,1.0,6.0,5,-4.0,0,0,0,0.0,0,20.68,20.68,,,76.0,225.0,40.29084210526315,17.0,Michigan,2000.0,2000.0,NE,199.0,18.0,
2017,13,00-0019596,T.Brady,QB,NE,BUF,21,30,258.0,0,1.0,3.0,14.0,0,0.0,0,0,0,0.0,0,8.32,8.32,,,76.0,225.0,40.29084210526315,17.0,Michigan,2000.0,2000.0,NE,199.0,,
2017,14,00-0019596,T.Brady,QB,NE,MIA,24,43,233.0,1,2.0,2.0,10.0,0,0.0,0,0,0,0.0,0,9.32,9.32,,,76.0,225.0,40.29084210526315,17.0,Michigan,2000.0,2000.0,NE,199.0,,
2017,15,00-0019596,T.Brady,QB,NE,PIT,22,35,298.0,1,1.0,2.0,15.0,2,-2.0,0,0,0,0.0,0,15.72,15.72,,,76.0,225.0,40.29084210526315,17.0,Michigan,2000.0,2000.0,NE,199.0,,
2017,16,00-0019596,T.Brady,QB,NE,BUF,21,28,224.0,2,1.0,2.0,6.0,2,6.0,0,0,0,0.0,0,15.56,15.56,,,76.0,225.0,40.29084210526315,17.0,Michigan,2000.0,2000.0,NE,199.0,21.0,
2017,17,00-0019596,T.Brady,QB,NE,NYJ,18,37,190.0,2,0.0,2.0,12.0,0,0.0,0,0,0,0.0,0,15.6,15.6,,,76.0,225.0,40.29084210526315,17.0,Michigan,2000.0,2000.0,NE,199.0,20.0,
2017,19,00-0019596,T.Brady,QB,NE,TEN,35,53,337.0,3,0.0,0.0,-0.0,1,2.0,0,0,0,0.0,0,25.68,25.68,,,76.0,225.0,40.29084210526315,17.0,Michigan,2000.0,2000.0,NE,199.0,21.0,
2017,20,00-0019596,T.Brady,QB,NE,JAX,26,38,290.0,2,0.0,3.0,12.0,5,0.0,0,0,0,0.0,0,19.6,19.6,,,76.0,225.0,40.29084210526315,17.0,Michigan,2000.0,2000.0,NE,199.0,4.0,
2017,21,00-0019596,T.Brady,QB,NE,PHI,28,48,505.0,3,0.0,1.0,5.0,1,6.0,0,1,0,0.0,0,30.8,30.8,,,76.0,225.0,40.29084210526315,17.0,Michigan,2000.0,2000.0,NE,199.0,-8.0,0.021276595
2017,1,00-0020531,D.Brees,QB,NO,MIN,27,37,291.0,1,0.0,1.0,7.0,0,0.0,0,0,0,0.0,0,15.64,15.64,,,72.0,209.0,38.830444444444446,16.0,Purdue,2001.0,2001.0,SD,32.0,,
2017,2,00-0020531,D.Brees,QB,NO,NE,27,45,356.0,2,0.0,1.0,8.0,0,0.0,0,0,0,0.0,0,22.24,22.24,,,72.0,209.0,38.830444444444446,16.0,Purdue,2001.0,2001.0,SD,32.0,-16.0,
2017,3,00-0020531,D.Brees,QB,NO,CAR,22,29,220.0,3,0.0,1.0,7.0,0,0.0,0,0,0,0.0,0,20.8,20.8,,,72.0,209.0,38.830444444444446,16.0,Purdue,2001.0,2001.0,SD,32.0,,
2017,4,00-0020531,D.Brees,QB,NO,MIA,29,41,268.0,2,0.0,1.0,7.0,4,3.0,0,0,0,0.0,0,19.02,19.02,,,72.0,209.0,38.830444444444446,16.0,Purdue,2001.0,2001.0,SD,32.0,,
2017,6,00-0020531,D.Brees,QB,NO,DET,20,30,186.0,2,2.0,0.0,-0.0,1,1.0,0,0,0,0.0,0,11.54,11.54,,,72.0,209.0,38.830444444444446,16.0,Purdue,2001.0,2001.0,SD,32.0,14.0,
2017,7,00-0020531,D.Brees,QB,NO,GB,27,38,331.0,1,2.0,1.0,7.0,5,-1.0,1,0,0,0.0,0,19.14,19.14,,,72.0,209.0,38.830444444444446,16.0,Purdue,2001.0,2001.0,SD,32.0,,
2017,8,00-0020531,D.Brees,QB,NO,CHI,23,28,299.0,0,0.0,2.0,13.0,4,-2.0,0,0,0,0.0,0,11.76,11.76,,,72.0,209.0,38.830444444444446,16.0,Purdue,2001.0,2001.0,SD,32.0,8.0,
2017,9,00-0020531,D.Brees,QB,NO,TB,22,27,263.0,2,0.0,1.0,7.0,4,2.0,0,0,0,0.0,0,18.72,18.72,,,72.0,209.0,38.830444444444446,16.0,Purdue,2001.0,2001.0,SD,32.0,20.0,
2017,10,00-0020531,D.Brees,QB,NO,BUF,18,25,184.0,0,0.0,0.0,-0.0,2,6.0,1,0,0,0.0,0,13.96,13.96,,,72.0,209.0,38.830444444444446,16.0,Purdue,2001.0,2001.0,SD,32.0,,
2017,11,00-0020531,D.Brees,QB,NO,WAS,29,41,385.0,2,1.0,2.0,10.0,1,2.0,0,0,0,0.0,0,21.6,21.6,,,72.0,209.0,38.830444444444446,16.0,Purdue,2001.0,2001.0,SD,32.0,3.0,
2017,12,00-0020531,D.Brees,QB,NO,LA,22,32,246.0,1,0.0,3.0,23.0,1,5.0,0,0,0,0.0,0,14.34,14.34,,,72.0,209.0,38.830444444444446,16.0,Purdue,2001.0,2001.0,SD,32.0,,
2017,13,00-0020531,D.Brees,QB,NO,CAR,25,34,269.0,1,0.0,2.0,17.0,4,-3.0,0,0,0,0.0,0,14.46,14.46,,,72.0,209.0,38.830444444444446,16.0,Purdue,2001.0,2001.0,SD,32.0,10.0,
2017,14,00-0020531,D.Brees,QB,NO,ATL,26,35,271.0,2,1.0,2.0,15.0,1,2.0,0,0,0,0.0,0,17.04,17.04,,,72.0,209.0,38.830444444444446,16.0,Purdue,2001.0,2001.0,SD,32.0,,
2017,15,00-0020531,D.Brees,QB,NO,NYJ,26,36,281.0,2,1.0,0.0,-0.0,1,-1.0,0,0,0,0.0,0,17.14,17.14,,,72.0,209.0,38.830444444444446,16.0,Purdue,2001.0,2001.0,SD,32.0,12.0,
2017,16,00-0020531,D.Brees,QB,NO,ATL,21,28,239.0,1,1.0,1.0,10.0,4,-4.0,0,0,0,0.0,0,11.16,11.16,,,72.0,209.0,38.830444444444446,16.0,Purdue,2001.0,2001.0,SD,32.0,10.0,
2017,17,00-0020531,D.Brees,QB,NO,TB,22,30,245.0,1,0.0,2.0,14.0,1,2.0,0,0,0,0.0,0,14.0,14.0,,,72.0,209.0,38.830444444444446,16.0,Purdue,2001.0,2001.0,SD,32.0,,
2017,18,00-0020531,D.Brees,QB,NO,CAR,23,33,376.0,2,1.0,1.0,7.0,1,-1.0,0,0,0,0.0,0,20.94,20.94,,,72.0,209.0,38.830444444444446,16.0,Purdue,2001.0,2001.0,SD,32.0,5.0,
2017,19,00-0020531,D.Brees,QB,NO,MIN,25,40,294.0,3,2.0,2.0,16.0,2,1.0,0,0,0,0.0,0,19.86,19.86,,,72.0,209.0,38.830444444444446,16.0,Purdue,2001.0,2001.0,SD,32.0,,
2017,1,00-0021206,J.McCown,QB,NYJ,BUF,26,39,187.0,0,2.0,1.0,11.0,2,0.0,1,0,0,0.0,0,9.48,9.48,,,76.0,218.0,38.3380625,15.0,Sam Houston State,2002.0,2002.0,ARI,81.0,,
2017,2,00-0021206,J.McCown,QB,NYJ,LV,16,24,166.0,2,0.0,4.0,21.0,4,31.0,0,0,0,0.0,0,15.74,15.74,,,76.0,218.0,38.3380625,15.0,Sam Houston State,2002.0,2002.0,ARI,81.0,,
2017,3,00-0021206,J.McCown,QB,NYJ,MIA,18,23,249.0,1,0.0,2.0,16.0,4,7.0,0,0,0,0.0,0,14.66,14.66,,,76.0,218.0,38.3380625,15.0,Sam Houston State,2002.0,2002.0,ARI,81.0,14.0,
2017,4,00-0021206,J.McCown,QB,NYJ,JAX,22,31,224.0,0,1.0,5.0,40.0,1,0.0,0,0,0,0.0,0,4.96,4.96,,,76.0,218.0,38.3380625,15.0,Sam Houston State,2002.0,2002.0,ARI,81.0,3.0,
2017,5,00-0021206,J.McCown,QB,NYJ,CLE,23,30,194.0,2,1.0,3.0,16.0,3,-3.0,0,0,0,0.0,0,13.46,13.46,,,76.0,218.0,38.3380625,15.0,Sam Houston State,2002.0,2002.0,ARI,81.0,,
2017,6,00-0021206,J.McCown,QB,NYJ,NE,31,47,354.0,2,2.0,4.0,20.0,3,21.0,0,0,0,0.0,0,20.26,20.26,,,76.0,218.0,38.3380625,15.0,Sam Houston State,2002.0,2002.0,ARI,81.0,-7.0,
2017,7,00-0021206,J.McCown,QB,NYJ,MIA,17,27,209.0,3,1.0,3.0,29.0,3,1.0,1,0,0,0.0,0,24.46,24.46,,,76.0,218.0,38.3380625,15.0,Sam Houston State,2002.0,2002.0,ARI,81.0,,
2017,8,00-0021206,J.McCown,QB,NYJ,ATL,26,33,257.0,2,0.0,3.0,21.0,1,0.0,0,0,0,0.0,0,18.28,18.28,,,76.0,218.0,38.3380625,15.0,Sam Houston State,2002.0,2002.0,ARI,81.0,-5.0,
2017,9,00-0021206,J.McCown,QB,NYJ,BUF,14,20,140.0,1,0.0,1.0,3.0,5,13.0,1,0,0,0.0,0,16.9,16.9,,,76.0,218.0,38.3380625,15.0,Sam Houston State,2002.0,2002.0,ARI,81.0,13.0,
2017,10,00-0021206,J.McCown,QB,NYJ,TB,23,39,262.0,1,1.0,6.0,43.0,0,0.0,0,0,0,0.0,0,12.48,12.48,,,76.0,218.0,38.3380625,15.0,Sam Houston State,2002.0,2002.0,ARI,81.0,,
2017,12,00-0021206,J.McCown,QB,NYJ,CAR,19,36,307.0,3,0.0,3.0,25.0,2,28.0,0,0,0,0.0,0,25.08,25.08,,,76.0,218.0,38.3380625,15.0,Sam Houston State,2002.0,2002.0,ARI,81.0,-8.0,
2017,13,00-0021206,J.McCown,QB,NYJ,KC,26,36,331.0,1,0.0,0.0,-0.0,7,19.0,2,0,0,0.0,0,31.14,31.14,,,76.0,218.0,38.3380625,15.0,Sam Houston State,2002.0,2002.0,ARI,81.0,7.0,
2017,14,00-0021206,J.McCown,QB,NYJ,DEN,6,12,46.0,0,1.0,4.0,19.0,2,7.0,0,0,0,0.0,0,-1.46,-1.46,,,76.0,218.0,38.3380625,15.0,Sam Houston State,2002.0,2002.0,ARI,81.0,,
2017,1,00-0021429,C.Palmer,QB,ARI,DET,27,48,268.0,1,3.0,1.0,5.0,1,2.0,0,0,0,0.0,0,8.92,8.92,,,77.0,235.0,37.859875,14.0,USC,2003.0,2003.0,CIN,1.0,,
2017,2,00-0021429,C.Palmer,QB,ARI,IND,19,36,332.0,1,1.0,4.0,26.0,3,6.0,0,0,0,0.0,0,15.88,15.88,,,77.0,235.0,37.859875,14.0,USC,2003.0,2003.0,CIN,1.0,,
2017,3,00-0021429,C.Palmer,QB,ARI,DAL,29,48,325.0,2,0.0,6.0,42.0,3,7.0,0,0,0,0.0,0,21.7,21.7,,,77.0,235.0,37.859875,14.0,USC,2003.0,2003.0,CIN,1.0,-11.0,
2017,4,00-0021429,C.Palmer,QB,ARI,SF,33,51,357.0,1,1.0,6.0,40.0,2,1.0,0,0,0,0.0,0,16.38,16.38,,,77.0,235.0,37.859875,14.0,USC,2003.0,2003.0,CIN,1.0,3.0,
2017,5,00-0021429,C.Palmer,QB,ARI,PHI,28,44,291.0,1,0.0,2.0,15.0,0,0.0,0,0,0,0.0,0,15.64,15.64,,,77.0,235.0,37.859875,14.0,USC,2003.0,2003.0,CIN,1.0,,
2017,6,00-0021429,C.Palmer,QB,ARI,TB,18,22,283.0,3,1.0,2.0,11.0,5,-4.0,0,0,0,0.0,0,20.92,20.92,,,77.0,235.0,37.859875,14.0,USC,2003.0,2003.0,CIN,1.0,5.0,
2017,7,00-0021429,C.Palmer,QB,ARI,LA,10,18,122.0,0,1.0,1.0,11.0,0,0.0,0,0,0,0.0,0,2.88,2.88,,,77.0,235.0,37.859875,14.0,USC,2003.0,2003.0,CIN,1.0,,
2017,1,00-0021547,A.Gates,TE,LAC,DEN,0,0,0.0,0,0.0,0.0,0.0,0,0.0,0,3,2,17.0,0,1.7,3.7,,,76.0,255.0,37.3820625,14.0,Kent State,2003.0,2003.0,,,,0.09090909
2017,2,00-0021547,A.Gates,TE,LAC,MIA,0,0,0.0,0,0.0,0.0,0.0,0,0.0,0,4,2,11.0,1,7.1,9.1,,,76.0,255.0,37.3820625,14.0,Kent State,2003.0,2003.0,,,-2.0,0.102564104
2017,3,00-0021547,A.Gates,TE,LAC,KC,0,0,0.0,0,0.0,0.0,0.0,0,0.0,0,5,2,30.0,0,3.0,5.0,,,76.0,255.0,37.3820625,14.0,Kent State,2003.0,2003.0,,,-14.0,0.12820514
2017,4,00-0021547,A.Gates,TE,LAC,PHI,0,0,0.0,0,0.0,0.0,0.0,0,0.0,0,5,3,18.0,0,1.8,4.8,,,76.0,255.0,37.3820625,14.0,Kent State,2003.0,2003.0,,,-2.0,0.13513513
2017,5,00-0021547,A.Gates,TE,LAC,NYG,0,0,0.0,0,0.0,0.0,0.0,0,0.0,0,3,2,23.0,0,2.3,4.3,,,76.0,255.0,37.3820625,14.0,Kent State,2003.0,2003.0,,,,0.071428575
2017,6,00-0021547,A.Gates,TE,LAC,LV,0,0,0.0,0,0.0,0.0,0.0,0,0.0,0,1,1,16.0,0,1.6,2.6,,,76.0,255.0,37.3820625,14.0,Kent State,2003.0,2003.0,,,,0.027777778
2017,7,00-0021547,A.Gates,TE,LAC,DEN,0,0,0.0,0,0.0,0.0,0.0,0,0.0,0,1,1,4.0,0,0.4,1.4,,,76.0,255.0,37.3820625,14.0,Kent State,2003.0,2003.0,,,21.0,0.04
2017,8,00-0021547,A.Gates,TE,LAC,NE,0,0,0.0,0,0.0,0.0,0.0,0,0.0,0,2,2,25.0,0,2.5,4.5,,,76.0,255.0,37.3820625,14.0,Kent State,2003.0,2003.0,,,,0.06896552
2017,10,00-0021547,A.Gates,TE,LAC,JAX,0,0,0.0,0,0.0,0.0,0.0,0,0.0,0,2,1,3.0,0,0.3,1.3,,,76.0,255.0,37.3820625,14.0,Kent State,2003.0,2003.0,,,,0.055555556
2017,11,00-0021547,A.Gates,TE,LAC,BUF,0,0,0.0,0,0.0,0.0,0.0,0,0.0,0,2,0,0.0,0,0.0,0.0,,,76.0,255.0,37.3820625,14.0,Kent State,2003.0,2003.0,,,30.0,0.055555556
2017,12,00-0021547,A.Gates,TE,LAC,DAL,0,0,0.0,0,0.0,0.0,0.0,0,0.0,0,2,0,0.0,0,0.0,0.0,,,76.0,255.0,37.3820625,14.0,Kent State,2003.0,2003.0,,,,0.060606062
2017,13,00-0021547,A.Gates,TE,LAC,CLE,0,0,0.0,0,0.0,0.0,0.0,0,0.0,0,4,3,32.0,0,3.2,6.2,,,76.0,255.0,37.3820625,14.0,Kent State,2003.0,2003.0,,,9.0,0.093023255
2017,14,00-0021547,A.Gates,TE,LAC,WAS,0,0,0.0,0,0.0,0.0,0.0,0,0.0,0,1,0,0.0,0,0.0,0.0,,,76.0,255.0,37.3820625,14.0,Kent State,2003.0,2003.0,,,17.0,0.029411765
2017,15,00-0021547,A.Gates,TE,LAC,KC,0,0,0.0,0,0.0,0.0,0.0,0,0.0,0,3,1,10.0,1,7.0,8.0,,,76.0,255.0,37.3820625,14.0,Kent State,2003.0,2003.0,,,,0.083333336
2017,16,00-0021547,A.Gates,TE,LAC,NYJ,0,0,0.0,0,0.0,0.0,0.0,0,0.0,0,8,6,81.0,1,14.1,20.1,,,76.0,255.0,37.3820625,14.0,Kent State,2003.0,2003.0,,,,0.20512821
2017,17,00-0021547,A.Gates,TE,LAC,LV,0,0,0.0,0,0.0,0.0,0.0,0,0.0,0,6,4,46.0,0,4.6,8.6,,,76.0,255.0,37.3820625,14.0,Kent State,2003.0,2003.0,,,20.0,0.16666667
2017,1,00-0022127,J.Witten,TE,DAL,NYG,0,0,0.0,0,0.0,0.0,0.0,0,0.0,0,9,7,59.0,1,11.9,18.9,,,78.0,263.0,35.5045,14.0,Tennessee,2003.0,2003.0,DAL,69.0,16.0,0.23684211
2017,2,00-0022127,J.Witten,TE,DAL,DEN,0,0,0.0,0,0.0,0.0,0.0,0,0.0,0,13,10,97.0,1,15.7,25.7,,,78.0,263.0,35.5045,14.0,Tennessee,2003.0,2003.0,DAL,69.0,,0.26530612
2017,3,00-0022127,J.Witten,TE,DAL,ARI,0,0,0.0,0,0.0,0.0,0.0,0,0.0,0,4,1,3.0,0,0.3,1.3,,,78.0,263.0,35.5045,14.0,Tennessee,2003.0,2003.0,DAL,69.0,,0.22222222
2017,4,00-0022127,J.Witten,TE,DAL,LA,0,0,0.0,0,0.0,0.0,0.0,0,0.0,0,2,1,9.0,0,0.9,1.9,,,78.0,263.0,35.5045,14.0,Tennessee,2003.0,2003.0,DAL,69.0,-5.0,0.057142857
2017,5,00-0022127,J.Witten,TE,DAL,GB,0,0,0.0,0,0.0,0.0,0.0,0,0.0,0,10,8,61.0,0,4.1,12.1,,,78.0,263.0,35.5045,14.0,Tennessee,2003.0,2003.0,DAL,69.0,-4.0,0.2777778
2017,7,00-0022127,J.Witten,TE,DAL,SF,0,0,0.0,0,0.0,0.0,0.0,0,0.0,0,4,4,54.0,1,11.4,15.4,,,78.0,263.0,35.5045,14.0,Tennessee,2003.0,2003.0,DAL,69.0,,0.14814815
2017,8,00-0022127,J.Witten,TE,DAL,WAS,0,0,0.0,0,0.0,0.0,0.0,0,0.0,0,5,3,31.0,0,3.1,6.1,,,78.0,263.0,35.5045,14.0,Tennessee,2003.0,2003.0,DAL,69.0,,0.22727273
2017,9,00-0022127,J.Witten,TE,DAL,KC,0,0,0.0,0,0.0,0.0,0.0,0,0.0,0,1,1,5.0,0,0.5,1.5,,,78.0,263.0,35.5045,14.0,Tennessee,2003.0,2003.0,DAL,69.0,11.0,0.032258064
2017,10,00-0022127,J.Witten,TE,DAL,ATL,0,0,0.0,0,0.0,0.0,0.0,0,0.0,0,7,7,59.0,0,5.9,12.9,,,78.0,263.0,35.5045,14.0,Tennessee,2003.0,2003.0,DAL,69.0,,0.23333333
2017,11,00-0022127,J.Witten,TE,DAL,PHI,0,0,0.0,0,0.0,0.0,0.0,0,0.0,0,1,1,7.0,0,0.7,1.7,,,78.0,263.0,35.5045,14.0,Tennessee,2003.0,2003.0,DAL,69.0,-28.0,0.032258064
2017,12,00-0022127,J.Witten,TE,DAL,LAC,0,0,0.0,0,0.0,0.0,0.0,0,0.0,0,7,7,44.0,0,4.4,11.4,,,78.0,263.0,35.5045,14.0,Tennessee,2003.0,2003.0,DAL,69.0,-22.0,0.28
2017,13,00-0022127,J.Witten,TE,DAL,WAS,0,0,0.0,0,0.0,0.0,0.0,0,0.0,0,5,1,8.0,1,6.8,7.8,,,78.0,263.0,35.5045,14.0,Tennessee,2003.0,2003.0,DAL,69.0,24.0,0.22727273
2017,14,00-0022127,J.Witten,TE,DAL,NYG,0,0,0.0,0,0.0,0.0,0.0,0,0.0,0,2,1,20.0,1,8.0,9.0,,,78.0,263.0,35.5045,14.0,Tennessee,2003.0,2003.0,DAL,69.0,,0.06666667
2017,15,00-0022127,J.Witten,TE,DAL,LV,0,0,0.0,0,0.0,0.0,0.0,0,0.0,0,5,4,47.0,0,4.7,8.7,,,78.0,263.0,35.5045,14.0,Tennessee,2003.0,2003.0,DAL,69.0,,0.18518518
2017,16,00-0022127,J.Witten,TE,DAL,SEA,0,0,0.0,0,0.0,0.0,0.0,0,0.0,0,9,5,39.0,0,3.9,8.9,,,78.0,263.0,35.5045,14.0,Tennessee,2003.0,2003.0,DAL,69.0,-9.0,0.2647059
2017,17,00-0022127,J.Witten,TE,DAL,PHI,0,0,0.0,0,0.0,0.0,0.0,0,0.0,0,3,2,17.0,0,1.7,3.7,,,78.0,263.0,35.5045,14.0,Tennessee,2003.0,2003.0,DAL,69.0,,0.1
2017,1,00-0022803,E.Manning,QB,NYG,DAL,29,38,220.0,0,1.0,3.0,22.0,1,-1.0,0,0,0,0.0,0,6.7,6.7,,,77.0,218.0,36.8385625,13.0,Mississippi,2004.0,2004.0,SD,1.0,,
2017,2,00-0022803,E.Manning,QB,NYG,DET,22,32,239.0,1,1.0,5.0,31.0,0,0.0,0,0,0,0.0,0,11.56,11.56,,,77.0,218.0,36.8385625,13.0,Mississippi,2004.0,2004.0,SD,1.0,-14.0,
2017,3,00-0022803,E.Manning,QB,NYG,PHI,35,47,366.0,3,2.0,0.0,-0.0,0,0.0,0,0,0,0.0,0,22.64,22.64,,,77.0,218.0,36.8385625,13.0,Mississippi,2004.0,2004.0,SD,1.0,,
2017,4,00-0022803,E.Manning,QB,NYG,TB,30,49,288.0,2,0.0,0.0,-0.0,3,22.0,1,0,0,0.0,0,27.72,27.72,,,77.0,218.0,36.8385625,13.0,Mississippi,2004.0,2004.0,SD,1.0,,
2017,5,00-0022803,E.Manning,QB,NYG,LAC,21,36,225.0,2,1.0,5.0,42.0,0,0.0,0,0,0,0.0,0,13.0,13.0,,,77.0,218.0,36.8385625,13.0,Mississippi,2004.0,2004.0,SD,1.0,-5.0,
2017,6,00-0022803,E.Manning,QB,NYG,DEN,11,19,128.0,1,0.0,3.0,10.0,1,0.0,0,0,0,0.0,0,9.12,9.12,,,77.0,218.0,36.8385625,13.0,Mississippi,2004.0,2004.0,SD,1.0,,
2017,7,00-0022803,E.Manning,QB,NYG,SEA,19,39,134.0,1,0.0,1.0,3.0,0,0.0,0,0,0,0.0,0,7.36,7.36,,,77.0,218.0,36.8385625,13.0,Mississippi,2004.0,2004.0,SD,1.0,-17.0,
2017,9,00-0022803,E.Manning,QB,NYG,LA,20,36,220.0,2,1.0,2.0,12.0,0,0.0,0,0,0,0.0,0,12.8,12.8,,,77.0,218.0,36.8385625,13.0,Mississippi,2004.0,2004.0,SD,1.0,-34.0,
2017,10,00-0022803,E.Manning,QB,NYG,SF,28,37,273.0,2,0.0,3.0,13.0,0,0.0,0,0,0,0.0,0,16.92,16.92,,,77.0,218.0,36.8385625,13.0,Mississippi,2004.0,2004.0,SD,1.0,,
2017,11,00-0022803,E.Manning,QB,NYG,KC,19,35,205.0,0,0.0,0.0,-0.0,2,5.0,0,0,0,0.0,0,8.7,8.7,,,77.0,218.0,36.8385625,13.0,Mississippi,2004.0,2004.0,SD,1.0,3.0,
2017,12,00-0022803,E.Manning,QB,NYG,WAS,13,27,113.0,0,1.0,5.0,27.0,1,-1.0,0,0,0,0.0,0,2.42,2.42,,,77.0,218.0,36.8385625,13.0,Mississippi,2004.0,2004.0,SD,1.0,,
2017,14,00-0022803,E.Manning,QB,NYG,DAL,31,46,228.0,1,2.0,0.0,-0.0,0,0.0,0,0,0,0.0,0,9.12,9.12,,,77.0,218.0,36.8385625,13.0,Mississippi,2004.0,2004.0,SD,1.0,-20.0,
2017,15,00-0022803,E.Manning,QB,NYG,PHI,37,57,434.0,3,1.0,1.0,5.0,0,0.0,0,0,0,0.0,0,27.36,27.36,,,77.0,218.0,36.8385625,13.0,Mississippi,2004.0,2004.0,SD,1.0,-5.0,
2017,16,00-0022803,E.Manning,QB,NYG,ARI,27,45,263.0,0,2.0,2.0,13.0,1,5.0,0,0,0,0.0,0,5.02,5.02,,,77.0,218.0,36.8385625,13.0,Mississippi,2004.0,2004.0,SD,1.0,,
2017,17,00-0022803,E.Manning,QB,NYG,WAS,10,28,132.0,1,1.0,2.0,11.0,3,-4.0,0,0,0,0.0,0,6.88,6.88,,,77.0,218.0,36.8385625,13.0,Mississippi,2004.0,2004.0,SD,1.0,8.0,
2017,1,00-0022921,L.Fitzgerald,WR,ARI,DET,0,0,0.0,0,0.0,0.0,0.0,0,0.0,0,13,6,74.0,0,7.4,13.4,,,75.0,218.0,34.1829375,13.0,Pittsburgh,2004.0,2004.0,ARI,3.0,,0.27659574
2017,2,00-0022921,L.Fitzgerald,WR,ARI,IND,0,0,0.0,0,0.0,0.0,0.0,0,0.0,0,6,3,21.0,0,2.1,5.1,,,75.0,218.0,34.1829375,13.0,Pittsburgh,2004.0,2004.0,ARI,3.0,,0.16666667
2017,3,00-0022921,L.Fitzgerald,WR,ARI,DAL,0,0,0.0,0,0.0,0.0,0.0,0,0.0,0,15,13,149.0,1,20.9,33.9,,,75.0,218.0,34.1829375,13.0,Pittsburgh,2004.0,2004.0,ARI,3.0,-11.0,0.3125
2017,4,00-0022921,L.Fitzgerald,WR,ARI,SF,0,0,0.0,0,0.0,0.0,0.0,0,0.0,0,7,4,32.0,1,9.2,13.2,,,75.0,218.0,34.1829375,13.0,Pittsburgh,2004.0,2004.0,ARI,3.0,3.0,0.13725491
2017,5,00-0022921,L.Fitzgerald,WR,ARI,PHI,0,0,0.0,0,0.0,0.0,0.0,0,0.0,0,10,6,51.0,0,5.1,11.1,,,75.0,218.0,34.1829375,13.0,Pittsburgh,2004.0,2004.0,ARI,3.0,,0.22727273
2017,6,00-0022921,L.Fitzgerald,WR,ARI,TB,0,0,0.0,0,0.0,0.0,0.0,0,0.0,0,11,10,138.0,1,17.8,27.8,,,75.0,218.0,34.1829375,13.0,Pittsburgh,2004.0,2004.0,ARI,3.0,5.0,0.5
2017,7,00-0022921,L.Fitzgerald,WR,ARI,LA,0,0,0.0,0,0.0,0.0,0.0,0,0.0,0,3,3,29.0,0,2.9,5.9,,,75.0,218.0,34.1829375,13.0,Pittsburgh,2004.0,2004.0,ARI,3.0,,0.09375
2017,9,00-0022921,L.Fitzgerald,WR,ARI,SF,0,0,0.0,0,0.0,0.0,0.0,0,0.0,0,9,5,70.0,0,7.0,12.0,,,75.0,218.0,34.1829375,13.0,Pittsburgh,2004.0,2004.0,ARI,3.0,,0.31034482
2017,10,00-0022921,L.Fitzgerald,WR,ARI,SEA,0,0,0.0,0,0.0,0.0,0.0,0,0.0,0,14,10,113.0,0,11.3,21.3,,,75.0,218.0,34.1829375,13.0,Pittsburgh,2004.0,2004.0,ARI,3.0,-6.0,0.29787233
2017,11,00-0022921,L.Fitzgerald,WR,ARI,HOU,0,0,0.0,0,0.0,0.0,0.0,0,0.0,0,10,9,91.0,1,15.1,24.1,,,75.0,218.0,34.1829375,13.0,Pittsburgh,2004.0,2004.0,ARI,3.0,,0.29411766
2017,12,00-0022921,L.Fitzgerald,WR,ARI,JAX,0,0,0.0,0,0.0,0.0,0.0,0,0.0,0,8,3,12.0,0,3.2,6.2,,,75.0,218.0,34.1829375,13.0,Pittsburgh,2004.0,2004.0,ARI,3.0,3.0,0.21621622
2017,13,00-0022921,L.Fitzgerald,WR,ARI,LA,0,0,0.0,0,0.0,0.0,0.0,0,0.0,0,10,10,98.0,1,15.8,25.8,,,75.0,218.0,34.1829375,13.0,Pittsburgh,2004.0,2004.0,ARI,3.0,-16.0,0.3125
2017,14,00-0022921,L.Fitzgerald,WR,ARI,TEN,0,0,0.0,0,0.0,0.0,0.0,0,0.0,0,7,5,44.0,0,4.4,9.4,,,75.0,218.0,34.1829375,13.0,Pittsburgh,2004.0,2004.0,ARI,3.0,5.0,0.26923078
2017,15,00-0022921,L.Fitzgerald,WR,ARI,WAS,0,0,0.0,0,0.0,0.0,0.0,0,0.0,0,10,5,60.0,0,6.0,11.0,,,75.0,218.0,34.1829375,13.0,Pittsburgh,2004.0,2004.0,ARI,3.0,,0.25
2017,16,00-0022921,L.Fitzgerald,WR,ARI,NYG,1,1,21.0,0,0.0,0.0,-0.0,0,0.0,0,15,9,119.0,1,18.74,27.74,,,75.0,218.0,34.1829375,13.0,Pittsburgh,2004.0,2004.0,ARI,3.0,23.0,0.44117647
2017,17,00-0022921,L.Fitzgerald,WR,ARI,SEA,0,0,0.0,0,0.0,0.0,0.0,0,0.0,0,13,8,55.0,0,5.5,13.5,,,75.0,218.0,34.1829375,13.0,Pittsburgh,2004.0,2004.0,ARI,3.0,,0.3939394
2017,1,00-0022924,B.Roethlisberger,QB,PIT,CLE,24,36,263.0,2,1.0,1.0,8.0,3,-8.0,0,0,0,0.0,0,15.72,15.72,,,77.0,240.0,35.690823529411766,13.0,"Miami, O.",2004.0,2004.0,PIT,11.0,,
2017,2,00-0022924,B.Roethlisberger,QB,PIT,MIN,23,35,243.0,2,0.0,2.0,10.0,2,-2.0,0,0,0,0.0,0,17.52,17.52,,,77.0,240.0,35.690823529411766,13.0,"Miami, O.",2004.0,2004.0,PIT,11.0,17.0,
2017,3,00-0022924,B.Roethlisberger,QB,PIT,CHI,22,39,235.0,1,0.0,3.0,23.0,1,6.0,0,0,0,0.0,0,12.0,12.0,,,77.0,240.0,35.690823529411766,13.0,"Miami, O.",2004.0,2004.0,PIT,11.0,,
2017,4,00-0022924,B.Roethlisberger,QB,PIT,BAL,18,30,216.0,1,1.0,1.0,8.0,1,-1.0,0,0,0,0.0,0,10.54,10.54,,,77.0,240.0,35.690823529411766,13.0,"Miami, O.",2004.0,2004.0,PIT,11.0,,
2017,5,00-0022924,B.Roethlisberger,QB,PIT,JAX,33,55,312.0,0,5.0,2.0,11.0,1,1.0,0,0,0,0.0,0,2.58,2.58,,,77.0,240.0,35.690823529411766,13.0,"Miami, O.",2004.0,2004.0,PIT,11.0,-21.0,
2017,6,00-0022924,B.Roethlisberger,QB,PIT,KC,17,25,252.0,1,1.0,1.0,7.0,2,-2.0,0,0,0,0.0,0,11.88,11.88,,,77.0,240.0,35.690823529411766,13.0,"Miami, O.",2004.0,2004.0,PIT,11.0,,
2017,7,00-0022924,B.Roethlisberger,QB,PIT,CIN,14,24,224.0,2,0.0,0.0,-0.0,3,-3.0,0,0,0,0.0,0,16.66,16.66,,,77.0,240.0,35.690823529411766,13.0,"Miami, O.",2004.0,2004.0,PIT,11.0,15.0,
2017,8,00-0022924,B.Roethlisberger,QB,PIT,DET,17,31,317.0,1,1.0,0.0,-0.0,3,-2.0,0,0,0,0.0,0,14.48,14.48,,,77.0,240.0,35.690823529411766,13.0,"Miami, O.",2004.0,2004.0,PIT,11.0,,
2017,10,00-0022924,B.Roethlisberger,QB,PIT,IND,19,31,236.0,2,1.0,1.0,8.0,2,5.0,0,0,0,0.0,0,17.94,17.94,,,77.0,240.0,35.690823529411766,13.0,"Miami, O.",2004.0,2004.0,PIT,11.0,,
2017,11,00-0022924,B.Roethlisberger,QB,PIT,TEN,31,46,307.0,4,0.0,3.0,15.0,1,10.0,0,0,0,0.0,0,29.28,29.28,,,77.0,240.0,35.690823529411766,13.0,"Miami, O.",2004.0,2004.0,PIT,11.0,23.0,
2017,12,00-0022924,B.Roethlisberger,QB,PIT,GB,33,45,351.0,4,2.0,1.0,10.0,3,25.0,0,0,0,0.0,0,30.54,30.54,,,77.0,240.0,35.690823529411766,13.0,"Miami, O.",2004.0,2004.0,PIT,11.0,3.0,
2017,13,00-0022924,B.Roethlisberger,QB,PIT,CIN,24,40,290.0,2,1.0,1.0,8.0,1,4.0,0,0,0,0.0,0,18.0,18.0,,,77.0,240.0,35.690823529411766,13.0,"Miami, O.",2004.0,2004.0,PIT,11.0,,
2017,14,00-0022924,B.Roethlisberger,QB,PIT,BAL,44,66,506.0,2,0.0,3.0,20.0,1,5.0,0,0,0,0.0,0,28.74,28.74,,,77.0,240.0,35.690823529411766,13.0,"Miami, O.",2004.0,2004.0,PIT,11.0,1.0,
2017,15,00-0022924,B.Roethlisberger,QB,PIT,NE,22,30,281.0,2,1.0,2.0,11.0,3,10.0,0,0,0,0.0,0,18.24,18.24,,,77.0,240.0,35.690823529411766,13.0,"Miami, O.",2004.0,2004.0,PIT,11.0,-3.0,
2017,16,00-0022924,B.Roethlisberger,QB,PIT,HOU,20,29,226.0,2,0.0,0.0,-0.0,1,-1.0,0,0,0,0.0,0,16.94,16.94,,,77.0,240.0,35.690823529411766,13.0,"Miami, O.",2004.0,2004.0,PIT,11.0,,
2017,19,00-0022924,B.Roethlisberger,QB,PIT,JAX,37,58,469.0,5,1.0,2.0,7.0,2,16.0,0,0,0,0.0,0,36.36,36.36,,,77.0,240.0,35.690823529411766,13.0,"Miami, O.",2004.0,2004.0,PIT,11.0,-3.0,
2017,1,00-0022942,P.Rivers,QB,LAC,DEN,22,33,192.0,3,1.0,1.0,7.0,0,0.0,0,0,0,0.0,0,17.68,17.68,,,77.0,228.0,35.9090625,13.0,North Carolina State,2004.0,2004.0,NYG,4.0,,
2017,2,00-0022942,P.Rivers,QB,LAC,MIA,31,39,331.0,1,0.0,1.0,8.0,1,0.0,0,0,0,0.0,0,17.24,17.24,,,77.0,228.0,35.9090625,13.0,North Carolina State,2004.0,2004.0,NYG,4.0,-2.0,
2017,3,00-0022942,P.Rivers,QB,LAC,KC,20,40,237.0,0,3.0,2.0,11.0,0,0.0,0,0,0,0.0,0,3.48,3.48,,,77.0,228.0,35.9090625,13.0,North Carolina State,2004.0,2004.0,NYG,4.0,-14.0,
2017,4,00-0022942,P.Rivers,QB,LAC,PHI,22,38,347.0,2,0.0,2.0,5.0,0,0.0,0,0,0,0.0,0,19.88,19.88,,,77.0,228.0,35.9090625,13.0,North Carolina State,2004.0,2004.0,NYG,4.0,-2.0,
2017,5,00-0022942,P.Rivers,QB,LAC,NYG,21,44,258.0,3,1.0,0.0,-0.0,4,5.0,0,0,0,0.0,0,20.82,20.82,,,77.0,228.0,35.9090625,13.0,North Carolina State,2004.0,2004.0,NYG,4.0,,
2017,6,00-0022942,P.Rivers,QB,LAC,LV,25,36,268.0,1,0.0,1.0,5.0,2,-4.0,0,0,0,0.0,0,14.32,14.32,,,77.0,228.0,35.9090625,13.0,North Carolina State,2004.0,2004.0,NYG,4.0,,
2017,7,00-0022942,P.Rivers,QB,LAC,DEN,15,26,183.0,2,0.0,3.0,21.0,0,0.0,0,0,0,0.0,0,15.32,15.32,,,77.0,228.0,35.9090625,13.0,North Carolina State,2004.0,2004.0,NYG,4.0,21.0,
2017,8,00-0022942,P.Rivers,QB,LAC,NE,17,30,212.0,1,1.0,1.0,20.0,0,0.0,0,0,0,0.0,0,10.48,10.48,,,77.0,228.0,35.9090625,13.0,North Carolina State,2004.0,2004.0,NYG,4.0,,
2017,10,00-0022942,P.Rivers,QB,LAC,JAX,21,37,235.0,2,1.0,0.0,-0.0,2,-1.0,0,0,0,0.0,0,15.3,15.3,,,77.0,228.0,35.9090625,13.0,North Carolina State,2004.0,2004.0,NYG,4.0,,
2017,11,00-0022942,P.Rivers,QB,LAC,BUF,20,32,251.0,2,0.0,1.0,1.0,0,0.0,0,0,0,0.0,0,18.04,18.04,,,77.0,228.0,35.9090625,13.0,North Carolina State,2004.0,2004.0,NYG,4.0,30.0,
2017,12,00-0022942,P.Rivers,QB,LAC,DAL,27,33,434.0,3,0.0,0.0,-0.0,5,-5.0,0,0,0,0.0,0,28.86,28.86,,,77.0,228.0,35.9090625,13.0,North Carolina State,2004.0,2004.0,NYG,4.0,,
2017,13,00-0022942,P.Rivers,QB,LAC,CLE,31,43,344.0,1,0.0,1.0,9.0,2,-2.0,0,0,0,0.0,0,17.56,17.56,,,77.0,228.0,35.9090625,13.0,North Carolina State,2004.0,2004.0,NYG,4.0,9.0,
2017,14,00-0022942,P.Rivers,QB,LAC,WAS,18,31,319.0,2,0.0,2.0,8.0,0,0.0,0,0,0,0.0,0,20.76,20.76,,,77.0,228.0,35.9090625,13.0,North Carolina State,2004.0,2004.0,NYG,4.0,17.0,
2017,15,00-0022942,P.Rivers,QB,LAC,KC,20,36,227.0,1,3.0,2.0,18.0,0,0.0,0,0,0,0.0,0,7.08,7.08,,,77.0,228.0,35.9090625,13.0,North Carolina State,2004.0,2004.0,NYG,4.0,,
2017,16,00-0022942,P.Rivers,QB,LAC,NYJ,22,40,290.0,1,0.0,0.0,-0.0,1,0.0,0,0,0,0.0,0,15.6,15.6,,,77.0,228.0,35.9090625,13.0,North Carolina State,2004.0,2004.0,NYG,4.0,,
2017,17,00-0022942,P.Rivers,QB,LAC,LV,28,37,387.0,3,0.0,1.0,7.0,1,5.0,0,0,0,0.0,0,27.98,27.98,,,77.0,228.0,35.9090625,13.0,North Carolina State,2004.0,2004.0,NYG,4.0,20.0,
2017,1,00-0022943,B.Watson,TE,BAL,CIN,0,0,0.0,0,0.0,0.0,0.0,0,0.0,0,1,0,0.0,0,0.0,0.0,,,75.0,251.0,36.879875,13.0,Georgia,2004.0,2004.0,NE,32.0,,0.05882353
2017,2,00-0022943,B.Watson,TE,BAL,CLE,0,0,0.0,0,0.0,0.0,0.0,0,0.0,0,8,8,91.0,0,9.1,17.1,,,75.0,251.0,36.879875,13.0,Georgia,2004.0,2004.0,NE,32.0,14.0,0.24242425
2017,3,00-0022943,B.Watson,TE,BAL,JAX,0,0,0.0,0,0.0,0.0,0.0,0,0.0,0,3,3,12.0,1,7.2,10.2,,,75.0,251.0,36.879875,13.0,Georgia,2004.0,2004.0,NE,32.0,,0.11111111
2017,4,00-0022943,B.Watson,TE,BAL,PIT,0,0,0.0,0,0.0,0.0,0.0,0,0.0,0,6,5,43.0,0,4.3,9.3,,,75.0,251.0,36.879875,13.0,Georgia,2004.0,2004.0,NE,32.0,-17.0,0.12765957
2017,5,00-0022943,B.Watson,TE,BAL,LV,0,0,0.0,0,0.0,0.0,0.0,0,0.0,0,4,2,2.0,0,0.2,2.2,,,75.0,251.0,36.879875,13.0,Georgia,2004.0,2004.0,NE,32.0,,0.15384616
2017,6,00-0022943,B.Watson,TE,BAL,CHI,0,0,0.0,0,0.0,0.0,0.0,0,0.0,0,8,6,28.0,0,2.8,8.8,,,75.0,251.0,36.879875,13.0,Georgia,2004.0,2004.0,NE,32.0,-3.0,0.19512194
2017,7,00-0022943,B.Watson,TE,BAL,MIN,0,0,0.0,0,0.0,0.0,0.0,0,0.0,0,5,5,38.0,0,3.8,8.8,,,75.0,251.0,36.879875,13.0,Georgia,2004.0,2004.0,NE,32.0,,0.12820514
2017,8,00-0022943,B.Watson,TE,BAL,MIA,0,0,0.0,0,0.0,0.0,0.0,0,0.0,0,4,2,6.0,1,6.6,8.6,,,75.0,251.0,36.879875,13.0,Georgia,2004.0,2004.0,NE,32.0,40.0,0.1904762
2017,9,00-0022943,B.Watson,TE,BAL,TEN,0,0,0.0,0,0.0,0.0,0.0,0,0.0,0,10,7,41.0,0,4.1,11.1,,,75.0,251.0,36.879875,13.0,Georgia,2004.0,2004.0,NE,32.0,,0.1923077
2017,11,00-0022943,B.Watson,TE,BAL,GB,0,0,0.0,0,0.0,0.0,0.0,0,0.0,0,1,1,33.0,0,3.3,4.3,,,75.0,251.0,36.879875,13.0,Georgia,2004.0,2004.0,NE,32.0,,0.035714287
2017,12,00-0022943,B.Watson,TE,BAL,HOU,0,0,0.0,0,0.0,0.0,0.0,0,0.0,0,3,3,29.0,0,2.9,5.9,,,75.0,251.0,36.879875,13.0,Georgia,2004.0,2004.0,NE,32.0,7.0,0.09090909
2017,13,00-0022943,B.Watson,TE,BAL,DET,0,0,0.0,0,0.0,0.0,0.0,0,0.0,0,5,3,24.0,1,8.4,11.4,,,75.0,251.0,36.879875,13.0,Georgia,2004.0,2004.0,NE,32.0,24.0,0.1388889
2017,14,00-0022943,B.Watson,TE,BAL,PIT,0,0,0.0,0,0.0,0.0,0.0,0,0.0,0,1,0,0.0,0,0.0,0.0,,,75.0,251.0,36.879875,13.0,Georgia,2004.0,2004.0,NE,32.0,,0.029411765
2017,15,00-0022943,B.Watson,TE,BAL,CLE,0,0,0.0,0,0.0,0.0,0.0,0,0.0,0,4,4,74.0,1,13.4,17.4,,,75.0,251.0,36.879875,13.0,Georgia,2004.0,2004.0,NE,32.0,,0.0952381
2017,16,00-0022943,B.Watson,TE,BAL,IND,0,0,0.0,0,0.0,0.0,0.0,0,0.0,0,6,5,40.0,0,4.0,9.0,,,75.0,251.0,36.879875,13.0,Georgia,2004.0,2004.0,NE,32.0,7.0,0.15789473
2017,17,00-0022943,B.Watson,TE,BAL,CIN,0,0,0.0,0,0.0,0.0,0.0,0,0.0,0,10,7,61.0,0,6.1,13.1,,,75.0,251.0,36.879875,13.0,Georgia,2004.0,2004.0,NE,32.0,-4.0,0.21276596
2017,1,00-0022999,J.Kuhn,FB,NO,MIN,0,0,0.0,0,0.0,0.0,0.0,1,2.0,0,0,0,0.0,0,0.2,0.2,,,72.0,250.0,35.18088888888889,12.0,Shippensburg,2005.0,2005.0,,,,
2017,1,00-0023436,A.Smith,QB,KC,NE,28,35,368.0,4,0.0,3.0,16.0,5,3.0,0,0,0,0.0,0,31.02,31.02,,,76.0,217.0,33.50564705882353,12.0,Utah,2005.0,2005.0,SF,1.0,,
2017,2,00-0023436,A.Smith,QB,KC,PHI,21,28,251.0,1,0.0,4.0,19.0,4,21.0,0,0,0,0.0,0,16.14,16.14,,,76.0,217.0,33.50564705882353,12.0,Utah,2005.0,2005.0,SF,1.0,7.0,
2017,3,00-0023436,A.Smith,QB,KC,LAC,16,21,155.0,2,0.0,5.0,33.0,2,9.0,0,0,0,0.0,0,15.1,15.1,,,76.0,217.0,33.50564705882353,12.0,Utah,2005.0,2005.0,SF,1.0,,
2017,4,00-0023436,A.Smith,QB,KC,WAS,27,37,293.0,1,0.0,4.0,32.0,7,56.0,1,0,0,0.0,0,27.32,27.32,,,76.0,217.0,33.50564705882353,12.0,Utah,2005.0,2005.0,SF,1.0,9.0,
2017,5,00-0023436,A.Smith,QB,KC,HOU,29,37,324.0,3,0.0,1.0,1.0,5,19.0,0,0,0,0.0,0,26.86,26.86,,,76.0,217.0,33.50564705882353,12.0,Utah,2005.0,2005.0,SF,1.0,,
2017,6,00-0023436,A.Smith,QB,KC,PIT,19,34,246.0,1,0.0,3.0,23.0,4,13.0,0,0,0,0.0,0,15.14,15.14,,,76.0,217.0,33.50564705882353,12.0,Utah,2005.0,2005.0,SF,1.0,-6.0,
2017,7,00-0023436,A.Smith,QB,KC,LV,25,36,342.0,3,0.0,1.0,11.0,1,0.0,0,0,0,0.0,0,25.68,25.68,,,76.0,217.0,33.50564705882353,12.0,Utah,2005.0,2005.0,SF,1.0,,
2017,8,00-0023436,A.Smith,QB,KC,DEN,14,31,202.0,1,0.0,1.0,5.0,4,33.0,0,0,0,0.0,0,13.38,13.38,,,76.0,217.0,33.50564705882353,12.0,Utah,2005.0,2005.0,SF,1.0,10.0,
2017,9,00-0023436,A.Smith,QB,KC,DAL,25,34,263.0,2,1.0,2.0,8.0,5,19.0,0,0,0,0.0,0,18.42,18.42,,,76.0,217.0,33.50564705882353,12.0,Utah,2005.0,2005.0,SF,1.0,,
2017,11,00-0023436,A.Smith,QB,KC,NYG,27,40,230.0,0,2.0,1.0,1.0,5,27.0,0,0,0,0.0,0,7.9,7.9,,,76.0,217.0,33.50564705882353,12.0,Utah,2005.0,2005.0,SF,1.0,,
2017,12,00-0023436,A.Smith,QB,KC,BUF,23,36,199.0,1,1.0,2.0,18.0,5,35.0,0,0,0,0.0,0,13.46,13.46,,,76.0,217.0,33.50564705882353,12.0,Utah,2005.0,2005.0,SF,1.0,-6.0,
2017,13,00-0023436,A.Smith,QB,KC,NYJ,19,33,366.0,4,0.0,2.0,4.0,1,70.0,0,0,0,0.0,0,37.64,37.64,,,76.0,217.0,33.50564705882353,12.0,Utah,2005.0,2005.0,SF,1.0,,
2017,14,00-0023436,A.Smith,QB,KC,LV,20,34,268.0,0,1.0,4.0,25.0,5,24.0,0,0,0,0.0,0,11.12,11.12,,,76.0,217.0,33.50564705882353,12.0,Utah,2005.0,2005.0,SF,1.0,11.0,
2017,15,00-0023436,A.Smith,QB,KC,LAC,23,30,231.0,2,0.0,1.0,8.0,3,13.0,0,0,0,0.0,0,18.54,18.54,,,76.0,217.0,33.50564705882353,12.0,Utah,2005.0,2005.0,SF,1.0,17.0,
2017,16,00-0023436,A.Smith,QB,KC,MIA,25,39,304.0,1,0.0,1.0,3.0,4,13.0,0,0,0,0.0,0,17.46,17.46,,,76.0,217.0,33.50564705882353,12.0,Utah,2005.0,2005.0,SF,1.0,16.0,
2017,18,00-0023436,A.Smith,QB,KC,TEN,24,33,264.0,2,0.0,4.0,8.0,4,13.0,0,0,0,0.0,0,19.86,19.86,,,76.0,217.0,33.50564705882353,12.0,Utah,2005.0,2005.0,SF,1.0,-1.0,
2017,1,00-0023459,A.Rodgers,QB,GB,SEA,28,42,311.0,1,1.0,4.0,25.0,7,21.0,0,0,0,0.0,0,16.54,16.54,,,74.0,225.0,33.9280625,12.0,California,2005.0,2005.0,GB,24.0,8.0,
2017,2,00-0023459,A.Rodgers,QB,GB,ATL,33,50,343.0,2,1.0,3.0,35.0,2,8.0,0,0,0,0.0,0,18.52,18.52,,,74.0,225.0,33.9280625,12.0,California,2005.0,2005.0,GB,24.0,,
2017,3,00-0023459,A.Rodgers,QB,GB,CIN,28,42,313.0,3,1.0,6.0,33.0,4,23.0,0,0,0,0.0,0,24.82,24.82,,,74.0,225.0,33.9280625,12.0,California,2005.0,2005.0,GB,24.0,3.0,
2017,4,00-0023459,A.Rodgers,QB,GB,CHI,18,26,179.0,4,0.0,2.0,10.0,1,-1.0,0,0,0,0.0,0,23.06,23.06,,,74.0,225.0,33.9280625,12.0,California,2005.0,2005.0,GB,24.0,21.0,
2017,5,00-0023459,A.Rodgers,QB,GB,DAL,19,29,221.0,3,0.0,4.0,39.0,4,32.0,0,0,0,0.0,0,24.04,24.04,,,74.0,225.0,33.9280625,12.0,California,2005.0,2005.0,GB,24.0,,
2017,6,00-0023459,A.Rodgers,QB,GB,MIN,2,4,18.0,0,0.0,0.0,-0.0,0,0.0,0,0,0,0.0,0,0.72,0.72,,,74.0,225.0,33.9280625,12.0,California,2005.0,2005.0,GB,24.0,,
2017,15,00-0023459,A.Rodgers,QB,GB,CAR,26,45,290.0,3,3.0,3.0,26.0,6,43.0,0,0,0,0.0,0,21.9,21.9,,,74.0,225.0,33.9280625,12.0,California,2005.0,2005.0,GB,24.0,,
2017,1,00-0023500,F.Gore,RB,IND,LA,0,0,0.0,0,0.0,0.0,0.0,10,42.0,0,1,1,10.0,0,5.2,6.2,,,69.0,212.0,34.4775625,12.0,Miami,2005.0,2005.0,SF,65.0,,0.04761905
2017,2,00-0023500,F.Gore,RB,IND,ARI,0,0,0.0,0,0.0,0.0,0.0,14,46.0,1,2,0,0.0,0,10.6,10.6,,,69.0,212.0,34.4775625,12.0,Miami,2005.0,2005.0,SF,65.0,-3.0,0.055555556
2017,3,00-0023500,F.Gore,RB,IND,CLE,0,0,0.0,0,0.0,0.0,0.0,25,57.0,1,1,1,0.0,0,11.7,12.7,,,69.0,212.0,34.4775625,12.0,Miami,2005.0,2005.0,SF,65.0,3.0,0.041666668
2017,4,00-0023500,F.Gore,RB,IND,SEA,0,0,0.0,0,0.0,0.0,0.0,12,46.0,0,3,3,34.0,0,8.0,11.0,,,69.0,212.0,34.4775625,12.0,Miami,2005.0,2005.0,SF,65.0,,0.10714286
2017,5,00-0023500,F.Gore,RB,IND,SF,0,0,0.0,0,0.0,0.0,0.0,14,48.0,0,4,3,38.0,0,8.6,11.6,,,69.0,212.0,34.4775625,12.0,Miami,2005.0,2005.0,SF,65.0,3.0,0.121212125
2017,6,00-0023500,F.Gore,RB,IND,TEN,0,0,0.0,0,0.0,0.0,0.0,10,49.0,0,3,2,18.0,0,6.7,8.7,,,69.0,212.0,34.4775625,12.0,Miami,2005.0,2005.0,SF,65.0,,0.083333336
2017,7,00-0023500,F.Gore,RB,IND,JAX,0,0,0.0,0,0.0,0.0,0.0,9,34.0,0,0,0,0.0,0,3.4,3.4,,,69.0,212.0,34.4775625,12.0,Miami,2005.0,2005.0,SF,65.0,-27.0,
2017,8,00-0023500,F.Gore,RB,IND,CIN,0,0,0.0,0,0.0,0.0,0.0,16,82.0,0,4,4,19.0,0,10.1,14.1,,,69.0,212.0,34.4775625,12.0,Miami,2005.0,2005.0,SF,65.0,,0.10526316
2017,9,00-0023500,F.Gore,RB,IND,HOU,0,0,0.0,0,0.0,0.0,0.0,17,51.0,0,4,3,26.0,0,7.7,10.7,,,69.0,212.0,34.4775625,12.0,Miami,2005.0,2005.0,SF,65.0,,0.13333334
2017,10,00-0023500,F.Gore,RB,IND,PIT,0,0,0.0,0,0.0,0.0,0.0,17,54.0,0,1,1,7.0,0,6.1,7.1,,,69.0,212.0,34.4775625,12.0,Miami,2005.0,2005.0,SF,65.0,-3.0,0.04347826
2017,12,00-0023500,F.Gore,RB,IND,TEN,0,0,0.0,0,0.0,0.0,0.0,17,62.0,1,5,2,17.0,0,13.9,15.9,,,69.0,212.0,34.4775625,12.0,Miami,2005.0,2005.0,SF,65.0,-4.0,0.18518518
2017,13,00-0023500,F.Gore,RB,IND,JAX,0,0,0.0,0,0.0,0.0,0.0,13,61.0,0,0,0,0.0,0,6.1,6.1,,,69.0,212.0,34.4775625,12.0,Miami,2005.0,2005.0,SF,65.0,,
2017,14,00-0023500,F.Gore,RB,IND,BUF,0,0,0.0,0,0.0,0.0,0.0,36,130.0,0,1,1,10.0,0,14.0,15.0,,,69.0,212.0,34.4775625,12.0,Miami,2005.0,2005.0,SF,65.0,,0.05
2017,15,00-0023500,F.Gore,RB,IND,DEN,0,0,0.0,0,0.0,0.0,0.0,10,31.0,0,4,3,37.0,0,6.8,9.8,,,69.0,212.0,34.4775625,12.0,Miami,2005.0,2005.0,SF,65.0,-12.0,0.14285715
2017,16,00-0023500,F.Gore,RB,IND,BAL,0,0,0.0,0,0.0,0.0,0.0,17,68.0,0,2,2,18.0,1,14.6,16.6,,,69.0,212.0,34.4775625,12.0,Miami,2005.0,2005.0,SF,65.0,,0.060606062
2017,17,00-0023500,F.Gore,RB,IND,HOU,0,0,0.0,0,0.0,0.0,0.0,24,100.0,0,3,3,11.0,0,11.1,14.1,,,69.0,212.0,34.4775625,12.0,Miami,2005.0,2005.0,SF,65.0,9.0,0.125
2017,1,00-0023564,D.Sproles,RB,PHI,WAS,0,0,0.0,0,0.0,0.0,0.0,2,2.0,0,8,5,43.0,0,4.5,9.5,,,66.0,190.0,34.41221052631579,12.0,Kansas State,2005.0,2005.0,SD,130.0,,0.21052632
2017,2,00-0023564,D.Sproles,RB,PHI,KC,0,0,0.0,0,0.0,0.0,0.0,10,48.0,0,4,2,30.0,0,7.8,9.8,,,66.0,190.0,34.41221052631579,12.0,Kansas State,2005.0,2005.0,SD,130.0,,0.08888889
2017,3,00-0023564,D.Sproles,RB,PHI,NYG,0,0,0.0,0,0.0,0.0,0.0,3,11.0,0,0,0,0.0,0,1.1,1.1,,,66.0,190.0,34.41221052631579,12.0,Kansas State,2005.0,2005.0,SD,130.0,3.0,
2017,3,00-0023645,D.Anderson,QB,CAR,NO,2,7,17.0,0,0.0,0.0,-0.0,0,0.0,0,0,0,0.0,0,0.68,0.68,,,78.0,235.0,34.4005294117647,12.0,Oregon State,2005.0,2005.0,BAL,213.0,-21.0,
2017,10,00-0023645,D.Anderson,QB,CAR,MIA,0,0,0.0,0,0.0,0.0,0.0,2,-2.0,0,0,0,0.0,0,-0.2,-0.2,,,78.0,235.0,34.4005294117647,12.0,Oregon State,2005.0,2005.0,BAL,213.0,24.0,
2017,16,00-0023645,D.Anderson,QB,CAR,TB,0,1,0.0,0,0.0,0.0,-0.0,0,0.0,0,0,0,0.0,0,0.0,0.0,,,78.0,235.0,34.4005294117647,12.0,Oregon State,2005.0,2005.0,BAL,213.0,3.0,
2017,18,00-0023645,D.Anderson,QB,CAR,NO,0,1,0.0,0,0.0,0.0,-0.0,0,0.0,0,0,0,0.0,0,0.0,0.0,,,78.0,235.0,34.4005294117647,12.0,Oregon State,2005.0,2005.0,BAL,213.0,,
2017,4,00-0023662,M.Cassel,QB,TEN,HOU,4,10,21.0,0,2.0,2.0,8.0,0,0.0,0,0,0,0.0,0,-5.16,-5.16,,,76.0,228.0,35.492333333333335,12.0,USC,2005.0,2005.0,NE,230.0,,
2017,5,00-0023662,M.Cassel,QB,TEN,MIA,21,32,141.0,1,0.0,6.0,22.0,0,0.0,0,0,0,0.0,0,7.64,7.64,,,76.0,228.0,35.492333333333335,12.0,USC,2005.0,2005.0,NE,230.0,,
2017,2,00-0023682,R.Fitzpatrick,QB,TB,CHI,0,1,0.0,0,0.0,0.0,-0.0,2,-2.0,0,0,0,0.0,0,-0.2,-0.2,,,74.0,223.0,34.9579375,12.0,Harvard,2005.0,2005.0,STL,250.0,22.0,
2017,6,00-0023682,R.Fitzpatrick,QB,TB,ARI,22,32,290.0,3,2.0,2.0,7.0,2,12.0,0,0,0,0.0,0,20.8,20.8,,,74.0,223.0,34.9579375,12.0,Harvard,2005.0,2005.0,STL,250.0,,
2017,9,00-0023682,R.Fitzpatrick,QB,TB,NO,8,15,68.0,1,0.0,2.0,10.0,3,30.0,0,0,0,0.0,0,9.72,9.72,,,74.0,223.0,34.9579375,12.0,Harvard,2005.0,2005.0,STL,250.0,,
2017,10,00-0023682,R.Fitzpatrick,QB,TB,NYJ,17,34,187.0,1,1.0,1.0,6.0,3,9.0,0,0,0,0.0,0,10.38,10.38,,,74.0,223.0,34.9579375,12.0,Harvard,2005.0,2005.0,STL,250.0,5.0,
2017,11,00-0023682,R.Fitzpatrick,QB,TB,MIA,22,37,275.0,2,0.0,1.0,7.0,3,9.0,0,0,0,0.0,0,19.9,19.9,,,74.0,223.0,34.9579375,12.0,Harvard,2005.0,2005.0,STL,250.0,,
2017,12,00-0023682,R.Fitzpatrick,QB,TB,ATL,27,44,283.0,0,0.0,1.0,4.0,2,20.0,0,0,0,0.0,0,13.32,13.32,,,74.0,223.0,34.9579375,12.0,Harvard,2005.0,2005.0,STL,250.0,,
2017,11,00-0023742,J.Ryan,P,SEA,ATL,1,1,-4.0,0,0.0,0.0,-0.0,0,0.0,0,0,0,0.0,0,-0.16,-0.16,,,72.0,217.0,35.945750000000004,11.0,Regina (Canada),2006.0,2006.0,,,-3.0,
2017,1,00-0024221,V.Davis,TE,WAS,PHI,0,0,0.0,0,0.0,0.0,0.0,0,0.0,0,1,0,0.0,0,0.0,0.0,,,75.0,244.0,33.76725,11.0,Maryland,2006.0,2006.0,SF,6.0,-13.0,0.025
2017,2,00-0024221,V.Davis,TE,WAS,LA,0,0,0.0,0,0.0,0.0,0.0,0,0.0,0,1,1,13.0,0,1.3,2.3,,,75.0,244.0,33.76725,11.0,Maryland,2006.0,2006.0,SF,6.0,,0.037037037
2017,3,00-0024221,V.Davis,TE,WAS,LV,0,0,0.0,0,0.0,0.0,0.0,0,0.0,0,5,5,58.0,1,11.8,16.8,,,75.0,244.0,33.76725,11.0,Maryland,2006.0,2006.0,SF,6.0,17.0,0.16666667
2017,4,00-0024221,V.Davis,TE,WAS,KC,0,0,0.0,0,0.0,0.0,0.0,0,0.0,0,3,2,89.0,0,8.9,10.9,,,75.0,244.0,33.76725,11.0,Maryland,2006.0,2006.0,SF,6.0,,0.125
2017,6,00-0024221,V.Davis,TE,WAS,SF,0,0,0.0,0,0.0,0.0,0.0,0,0.0,0,4,3,65.0,0,4.5,7.5,,,75.0,244.0,33.76725,11.0,Maryland,2006.0,2006.0,SF,6.0,2.0,0.11111111
2017,7,00-0024221,V.Davis,TE,WAS,PHI,0,0,0.0,0,0.0,0.0,0.0,0,0.0,0,4,4,67.0,0,6.7,10.7,,,75.0,244.0,33.76725,11.0,Maryland,2006.0,2006.0,SF,6.0,,0.1
2017,8,00-0024221,V.Davis,TE,WAS,DAL,0,0,0.0,0,0.0,0.0,0.0,0,0.0,0,4,2,20.0,0,2.0,4.0,,,75.0,244.0,33.76725,11.0,Maryland,2006.0,2006.0,SF,6.0,-14.0,0.102564104
2017,9,00-0024221,V.Davis,TE,WAS,SEA,0,0,0.0,0,0.0,0.0,0.0,0,0.0,0,9,6,72.0,0,7.2,13.2,,,75.0,244.0,33.76725,11.0,Maryland,2006.0,2006.0,SF,6.0,,0.3
2017,10,00-0024221,V.Davis,TE,WAS,MIN,0,0,0.0,0,0.0,0.0,0.0,0,0.0,0,11,7,76.0,0,7.6,14.6,,,75.0,244.0,33.76725,11.0,Maryland,2006.0,2006.0,SF,6.0,-8.0,0.24444444
2017,11,00-0024221,V.Davis,TE,WAS,NO,0,0,0.0,0,0.0,0.0,0.0,0,0.0,0,6,3,67.0,0,6.7,9.7,,,75.0,244.0,33.76725,11.0,Maryland,2006.0,2006.0,SF,6.0,,0.2
2017,12,00-0024221,V.Davis,TE,WAS,NYG,0,0,0.0,0,0.0,0.0,0.0,0,0.0,0,1,0,0.0,0,0.0,0.0,,,75.0,244.0,33.76725,11.0,Maryland,2006.0,2006.0,SF,6.0,10.0,0.033333335
2017,13,00-0024221,V.Davis,TE,WAS,DAL,0,0,0.0,0,0.0,0.0,0.0,0,0.0,0,2,2,15.0,0,1.5,3.5,,,75.0,244.0,33.76725,11.0,Maryland,2006.0,2006.0,SF,6.0,,0.055555556
2017,14,00-0024221,V.Davis,TE,WAS,LAC,0,0,0.0,0,0.0,0.0,0.0,0,0.0,0,7,2,26.0,1,8.6,10.6,,,75.0,244.0,33.76725,11.0,Maryland,2006.0,2006.0,SF,6.0,,0.25925925
2017,15,00-0024221,V.Davis,TE,WAS,ARI,0,0,0.0,0,0.0,0.0,0.0,0,0.0,0,5,2,18.0,0,-0.2,1.8,,,75.0,244.0,33.76725,11.0,Maryland,2006.0,2006.0,SF,6.0,5.0,0.1923077
2017,16,00-0024221,V.Davis,TE,WAS,DEN,0,0,0.0,0,0.0,0.0,0.0,0,0.0,0,3,2,42.0,1,10.2,12.2,,,75.0,244.0,33.76725,11.0,Maryland,2006.0,2006.0,SF,6.0,16.0,0.08108108
2017,17,00-0024221,V.Davis,TE,WAS,NYG,0,0,0.0,0,0.0,0.0,0.0,0,0.0,0,3,2,20.0,0,2.0,4.0,,,75.0,244.0,33.76725,11.0,Maryland,2006.0,2006.0,SF,6.0,,0.08108108
2017,2,00-0024226,J.Cutler,QB,MIA,LAC,24,33,230.0,1,0.0,2.0,5.0,2,-1.0,0,0,0,0.0,0,13.1,13.1,,,75.0,231.0,34.531,11.0,Vanderbilt,2006.0,2006.0,DEN,11.0,,
2017,3,00-0024226,J.Cutler,QB,MIA,NYJ,26,44,220.0,1,1.0,3.0,25.0,1,9.0,0,0,0,0.0,0,11.7,11.7,,,75.0,231.0,34.531,11.0,Vanderbilt,2006.0,2006.0,DEN,11.0,,
2017,4,00-0024226,J.Cutler,QB,MIA,NO,20,28,164.0,0,1.0,4.0,36.0,1,5.0,0,0,0,0.0,0,5.06,5.06,,,75.0,231.0,34.531,11.0,Vanderbilt,2006.0,2006.0,DEN,11.0,-20.0,
2017,5,00-0024226,J.Cutler,QB,MIA,TEN,12,26,92.0,1,1.0,1.0,14.0,2,8.0,0,0,0,0.0,0,6.48,6.48,,,75.0,231.0,34.531,11.0,Vanderbilt,2006.0,2006.0,DEN,11.0,6.0,
2017,6,00-0024226,J.Cutler,QB,MIA,ATL,19,33,151.0,2,1.0,0.0,-0.0,1,-1.0,0,0,0,0.0,0,11.94,11.94,,,75.0,231.0,34.531,11.0,Vanderbilt,2006.0,2006.0,DEN,11.0,,
2017,7,00-0024226,J.Cutler,QB,MIA,NYJ,12,16,138.0,2,1.0,2.0,13.0,0,0.0,0,0,0,0.0,0,11.52,11.52,,,75.0,231.0,34.531,11.0,Vanderbilt,2006.0,2006.0,DEN,11.0,3.0,
2017,9,00-0024226,J.Cutler,QB,MIA,LV,34,42,311.0,3,0.0,1.0,2.0,1,0.0,0,0,0,0.0,0,24.44,24.44,,,75.0,231.0,34.531,11.0,Vanderbilt,2006.0,2006.0,DEN,11.0,-3.0,
2017,10,00-0024226,J.Cutler,QB,MIA,CAR,22,37,213.0,2,1.0,0.0,-0.0,1,-1.0,0,0,0,0.0,0,14.42,14.42,,,75.0,231.0,34.531,11.0,Vanderbilt,2006.0,2006.0,DEN,11.0,,
2017,11,00-0024226,J.Cutler,QB,MIA,TB,6,12,83.0,1,3.0,0.0,-0.0,1,1.0,0,0,0,0.0,0,1.42,1.42,,,75.0,231.0,34.531,11.0,Vanderbilt,2006.0,2006.0,DEN,11.0,-10.0,
2017,13,00-0024226,J.Cutler,QB,MIA,DEN,18,31,235.0,2,2.0,2.0,13.0,1,1.0,0,0,0,0.0,0,13.5,13.5,,,75.0,231.0,34.531,11.0,Vanderbilt,2006.0,2006.0,DEN,11.0,26.0,
2017,14,00-0024226,J.Cutler,QB,MIA,NE,25,38,263.0,3,0.0,2.0,21.0,4,4.0,0,0,0,0.0,0,22.92,22.92,,,75.0,231.0,34.531,11.0,Vanderbilt,2006.0,2006.0,DEN,11.0,7.0,
2017,15,00-0024226,J.Cutler,QB,MIA,BUF,28,49,274.0,0,3.0,3.0,25.0,2,8.0,0,0,0,0.0,0,5.76,5.76,,,75.0,231.0,34.531,11.0,Vanderbilt,2006.0,2006.0,DEN,11.0,,
2017,16,00-0024226,J.Cutler,QB,MIA,KC,19,38,286.0,1,0.0,0.0,-0.0,2,-1.0,0,0,0,0.0,0,15.34,15.34,,,75.0,231.0,34.531,11.0,Vanderbilt,2006.0,2006.0,DEN,11.0,,
2017,17,00-0024226,J.Cutler,QB,MIA,BUF,1,2,6.0,0,0.0,0.0,-0.0,0,0.0,0,0,0,0.0,0,0.24,0.24,,,75.0,231.0,34.531,11.0,Vanderbilt,2006.0,2006.0,DEN,11.0,-6.0,
2017,1,00-0024243,M.Lewis,TE,JAX,HOU,0,0,0.0,0,0.0,0.0,0.0,0,0.0,0,2,0,0.0,0,0.0,0.0,,,78.0,280.0,33.496,11.0,UCLA,2006.0,2006.0,JAX,28.0,,0.0952381
2017,2,00-0024243,M.Lewis,TE,JAX,TEN,0,0,0.0,0,0.0,0.0,0.0,0,0.0,0,2,0,0.0,0,0.0,0.0,,,78.0,280.0,33.496,11.0,UCLA,2006.0,2006.0,JAX,28.0,-21.0,0.05882353
2017,3,00-0024243,M.Lewis,TE,JAX,BAL,0,0,0.0,0,0.0,0.0,0.0,0,0.0,0,5,4,62.0,3,24.2,28.2,,,78.0,280.0,33.496,11.0,UCLA,2006.0,2006.0,JAX,28.0,37.0,0.16666667
2017,4,00-0024243,M.Lewis,TE,JAX,NYJ,0,0,0.0,0,0.0,0.0,0.0,0,0.0,0,4,0,0.0,0,0.0,0.0,,,78.0,280.0,33.496,11.0,UCLA,2006.0,2006.0,JAX,28.0,,0.114285715
2017,5,00-0024243,M.Lewis,TE,JAX,PIT,0,0,0.0,0,0.0,0.0,0.0,0,0.0,0,2,1,14.0,0,1.4,2.4,,,78.0,280.0,33.496,11.0,UCLA,2006.0,2006.0,JAX,28.0,,0.14285715
2017,6,00-0024243,M.Lewis,TE,JAX,LA,0,0,0.0,0,0.0,0.0,0.0,0,0.0,0,2,0,0.0,0,0.0,0.0,,,78.0,280.0,33.496,11.0,UCLA,2006.0,2006.0,JAX,28.0,-10.0,0.057142857
2017,7,00-0024243,M.Lewis,TE,JAX,IND,0,0,0.0,0,0.0,0.0,0.0,0,0.0,0,3,2,29.0,1,8.9,10.9,,,78.0,280.0,33.496,11.0,UCLA,2006.0,2006.0,JAX,28.0,,0.11111111
2017,9,00-0024243,M.Lewis,TE,JAX,CIN,0,0,0.0,0,0.0,0.0,0.0,0,0.0,0,6,3,49.0,0,4.9,7.9,,,78.0,280.0,33.496,11.0,UCLA,2006.0,2006.0,JAX,28.0,16.0,0.16216215
2017,10,00-0024243,M.Lewis,TE,JAX,LAC,0,0,0.0,0,0.0,0.0,0.0,0,0.0,0,5,2,29.0,0,2.9,4.9,,,78.0,280.0,33.496,11.0,UCLA,2006.0,2006.0,JAX,28.0,3.0,0.09803922
2017,11,00-0024243,M.Lewis,TE,JAX,CLE,0,0,0.0,0,0.0,0.0,0.0,0,0.0,0,2,2,26.0,1,8.6,10.6,,,78.0,280.0,33.496,11.0,UCLA,2006.0,2006.0,JAX,28.0,,0.06896552
2017,12,00-0024243,M.Lewis,TE,JAX,ARI,0,0,0.0,0,0.0,0.0,0.0,0,0.0,0,2,1,10.0,0,1.0,2.0,,,78.0,280.0,33.496,11.0,UCLA,2006.0,2006.0,JAX,28.0,,0.0625
2017,13,00-0024243,M.Lewis,TE,JAX,IND,0,0,0.0,0,0.0,0.0,0.0,0,0.0,0,5,4,46.0,0,6.6,10.6,,,78.0,280.0,33.496,11.0,UCLA,2006.0,2006.0,JAX,28.0,20.0,0.14285715
2017,14,00-0024243,M.Lewis,TE,JAX,SEA,0,0,0.0,0,0.0,0.0,0.0,0,0.0,0,2,0,0.0,0,0.0,0.0,,,78.0,280.0,33.496,11.0,UCLA,2006.0,2006.0,JAX,28.0,6.0,0.074074075
2017,15,00-0024243,M.Lewis,TE,JAX,HOU,0,0,0.0,0,0.0,0.0,0.0,0,0.0,0,2,2,18.0,0,1.8,3.8,,,78.0,280.0,33.496,11.0,UCLA,2006.0,2006.0,JAX,28.0,38.0,0.07692308
2017,16,00-0024243,M.Lewis,TE,JAX,SF,0,0,0.0,0,0.0,0.0,0.0,0,0.0,0,1,1,22.0,0,2.2,3.2,,,78.0,280.0,33.496,11.0,UCLA,2006.0,2006.0,JAX,28.0,,0.02
2017,17,00-0024243,M.Lewis,TE,JAX,TEN,0,0,0.0,0,0.0,0.0,0.0,0,0.0,0,3,2,13.0,0,1.3,3.3,,,78.0,280.0,33.496,11.0,UCLA,2006.0,2006.0,JAX,28.0,,0.0882353
2017,18,00-0024243,M.Lewis,TE,JAX,BUF,0,0,0.0,0,0.0,0.0,0.0,0,0.0,0,3,3,17.0,0,1.7,4.7,,,78.0,280.0,33.496,11.0,UCLA,2006.0,2006.0,JAX,28.0,7.0,0.13636364
2017,19,00-0024243,M.Lewis,TE,JAX,PIT,0,0,0.0,0,0.0,0.0,0.0,0,0.0,0,1,0,0.0,0,0.0,0.0,,,78.0,280.0,33.496,11.0,UCLA,2006.0,2006.0,JAX,28.0,,0.04
2017,20,00-0024243,M.Lewis,TE,JAX,NE,0,0,0.0,0,0.0,0.0,0.0,0,0.0,0,3,1,4.0,1,6.4,7.4,,,78.0,280.0,33.496,11.0,UCLA,2006.0,2006.0,JAX,28.0,,0.083333336
2017,11,00-0024264,K.Clemens,QB,LAC,BUF,5,5,33.0,0,0.0,0.0,-0.0,3,-3.0,0,0,0,0.0,0,1.02,1.02,,,74.0,220.0,34.4170625,11.0,Oregon,2006.0,2006.0,NYJ,49.0,30.0,
2017,14,00-0024264,K.Clemens,QB,LAC,WAS,1,3,3.0,0,1.0,0.0,-0.0,0,0.0,0,0,0,0.0,0,-1.88,-1.88,,,74.0,220.0,34.4170625,11.0,Oregon,2006.0,2006.0,NYJ,49.0,17.0,
2017,17,00-0024264,K.Clemens,QB,LAC,LV,0,0,0.0,0,0.0,0.0,0.0,2,-2.0,0,0,0,0.0,0,-0.2,-0.2,,,74.0,220.0,34.4170625,11.0,Oregon,2006.0,2006.0,NYJ,49.0,20.0,
2017,5,00-0024268,A.Fasano,TE,MIA,TEN,0,0,0.0,0,0.0,0.0,0.0,0,0.0,0,1,0,0.0,0,0.0,0.0,,,76.0,258.0,33.5535,11.0,Notre Dame,2006.0,2006.0,DAL,53.0,6.0,0.03846154
2017,7,00-0024268,A.Fasano,TE,MIA,NYJ,0,0,0.0,0,0.0,0.0,0.0,0,0.0,0,4,3,25.0,1,8.5,11.5,,,76.0,258.0,33.5535,11.0,Notre Dame,2006.0,2006.0,DAL,53.0,3.0,0.11111111
2017,8,00-0024268,A.Fasano,TE,MIA,BAL,0,0,0.0,0,0.0,0.0,0.0,0,0.0,0,2,2,11.0,0,1.1,3.1,,,76.0,258.0,33.5535,11.0,Notre Dame,2006.0,2006.0,DAL,53.0,,0.045454547
2017,9,00-0024268,A.Fasano,TE,MIA,LV,0,0,0.0,0,0.0,0.0,0.0,0,0.0,0,2,2,9.0,0,0.9,2.9,,,76.0,258.0,33.5535,11.0,Notre Dame,2006.0,2006.0,DAL,53.0,-3.0,0.048780486
2017,13,00-0024268,A.Fasano,TE,MIA,DEN,0,0,0.0,0,0.0,0.0,0.0,0,0.0,0,1,1,29.0,0,2.9,3.9,,,76.0,258.0,33.5535,11.0,Notre Dame,2006.0,2006.0,DAL,53.0,26.0,0.03125
2017,14,00-0024268,A.Fasano,TE,MIA,NE,0,0,0.0,0,0.0,0.0,0.0,0,0.0,0,1,1,17.0,0,1.7,2.7,,,76.0,258.0,33.5535,11.0,Notre Dame,2006.0,2006.0,DAL,53.0,7.0,0.029411765
2017,15,00-0024268,A.Fasano,TE,MIA,BUF,0,0,0.0,0,0.0,0.0,0.0,0,0.0,0,2,2,15.0,0,1.5,3.5,,,76.0,258.0,33.5535,11.0,Notre Dame,2006.0,2006.0,DAL,53.0,,0.040816326
2017,17,00-0024268,A.Fasano,TE,MIA,BUF,0,0,0.0,0,0.0,0.0,0.0,0,0.0,0,3,1,1.0,0,0.1,1.1,,,76.0,258.0,33.5535,11.0,Notre Dame,2006.0,2006.0,DAL,53.0,-6.0,0.069767445
2017,1,00-0024334,B.Marshall,WR,NYG,DAL,0,0,0.0,0,0.0,0.0,0.0,0,0.0,0,4,1,10.0,0,1.0,2.0,,,77.0,232.0,33.6215625,11.0,Central Florida,2006.0,2006.0,DEN,119.0,,0.10526316
2017,2,00-0024334,B.Marshall,WR,NYG,DET,0,0,0.0,0,0.0,0.0,0.0,0,0.0,0,5,1,17.0,0,1.7,2.7,,,77.0,232.0,33.6215625,11.0,Central Florida,2006.0,2006.0,DEN,119.0,-14.0,0.15625
2017,3,00-0024334,B.Marshall,WR,NYG,PHI,0,0,0.0,0,0.0,0.0,0.0,0,0.0,0,11,8,66.0,0,6.6,14.6,,,77.0,232.0,33.6215625,11.0,Central Florida,2006.0,2006.0,DEN,119.0,,0.23404256
2017,4,00-0024334,B.Marshall,WR,NYG,TB,0,0,0.0,0,0.0,0.0,0.0,0,0.0,0,10,6,46.0,0,4.6,10.6,,,77.0,232.0,33.6215625,11.0,Central Florida,2006.0,2006.0,DEN,119.0,,0.20408164
2017,5,00-0024334,B.Marshall,WR,NYG,LAC,0,0,0.0,0,0.0,0.0,0.0,0,0.0,0,3,2,15.0,0,1.5,3.5,,,77.0,232.0,33.6215625,11.0,Central Florida,2006.0,2006.0,DEN,119.0,-5.0,0.083333336
2017,17,00-0024348,K.Williams,DT,BUF,MIA,0,0,0.0,0,0.0,0.0,0.0,1,1.0,1,0,0,0.0,0,6.1,6.1,,,73.0,303.0,34.41958823529412,11.0,Louisiana State,2006.0,2006.0,BUF,134.0,,
2017,1,00-0024389,De.Walker,TE,TEN,LV,0,0,0.0,0,0.0,0.0,0.0,0,0.0,0,9,7,76.0,0,7.6,14.6,,,74.0,248.0,33.25272222222222,11.0,Central Missouri State,2006.0,2006.0,SF,175.0,-10.0,0.2195122
2017,2,00-0024389,De.Walker,TE,TEN,JAX,0,0,0.0,0,0.0,0.0,0.0,1,1.0,1,4,4,61.0,0,12.2,16.2,,,74.0,248.0,33.25272222222222,11.0,Central Missouri State,2006.0,2006.0,SF,175.0,,0.17391305
2017,3,00-0024389,De.Walker,TE,TEN,SEA,0,0,0.0,0,0.0,0.0,0.0,0,0.0,0,6,4,31.0,0,3.1,7.1,,,74.0,248.0,33.25272222222222,11.0,Central Missouri State,2006.0,2006.0,SF,175.0,6.0,0.19354838
2017,4,00-0024389,De.Walker,TE,TEN,HOU,0,0,0.0,0,0.0,0.0,0.0,0,0.0,0,7,3,51.0,0,5.1,8.1,,,74.0,248.0,33.25272222222222,11.0,Central Missouri State,2006.0,2006.0,SF,175.0,,0.35
2017,5,00-0024389,De.Walker,TE,TEN,MIA,0,0,0.0,0,0.0,0.0,0.0,0,0.0,0,5,3,25.0,0,2.5,5.5,,,74.0,248.0,33.25272222222222,11.0,Central Missouri State,2006.0,2006.0,SF,175.0,,0.16129032
2017,6,00-0024389,De.Walker,TE,TEN,IND,0,0,0.0,0,0.0,0.0,0.0,1,-3.0,0,8,4,17.0,0,1.4,5.4,,,74.0,248.0,33.25272222222222,11.0,Central Missouri State,2006.0,2006.0,SF,175.0,14.0,0.25
2017,7,00-0024389,De.Walker,TE,TEN,CLE,0,0,0.0,0,0.0,0.0,0.0,0,0.0,0,10,7,63.0,0,4.3,11.3,,,74.0,248.0,33.25272222222222,11.0,Central Missouri State,2006.0,2006.0,SF,175.0,,0.29411766
2017,9,00-0024389,De.Walker,TE,TEN,BAL,0,0,0.0,0,0.0,0.0,0.0,0,0.0,0,5,5,71.0,0,7.1,12.1,,,74.0,248.0,33.25272222222222,11.0,Central Missouri State,2006.0,2006.0,SF,175.0,3.0,0.17857143
2017,10,00-0024389,De.Walker,TE,TEN,CIN,0,0,0.0,0,0.0,0.0,0.0,0,0.0,0,9,6,63.0,0,6.3,12.3,,,74.0,248.0,33.25272222222222,11.0,Central Missouri State,2006.0,2006.0,SF,175.0,4.0,0.20454545
2017,11,00-0024389,De.Walker,TE,TEN,PIT,0,0,0.0,0,0.0,0.0,0.0,0,0.0,0,9,6,92.0,0,9.2,15.2,,,74.0,248.0,33.25272222222222,11.0,Central Missouri State,2006.0,2006.0,SF,175.0,,0.27272728
2017,12,00-0024389,De.Walker,TE,TEN,IND,0,0,0.0,0,0.0,0.0,0.0,0,0.0,0,5,4,63.0,1,12.3,16.3,,,74.0,248.0,33.25272222222222,11.0,Central Missouri State,2006.0,2006.0,SF,175.0,,0.20833333
2017,13,00-0024389,De.Walker,TE,TEN,HOU,0,0,0.0,0,0.0,0.0,0.0,0,0.0,0,5,5,63.0,1,12.3,17.3,,,74.0,248.0,33.25272222222222,11.0,Central Missouri State,2006.0,2006.0,SF,175.0,11.0,0.23809524
2017,14,00-0024389,De.Walker,TE,TEN,ARI,0,0,0.0,0,0.0,0.0,0.0,0,0.0,0,9,5,42.0,0,4.2,9.2,,,74.0,248.0,33.25272222222222,11.0,Central Missouri State,2006.0,2006.0,SF,175.0,,0.29032257
2017,15,00-0024389,De.Walker,TE,TEN,SF,0,0,0.0,0,0.0,0.0,0.0,0,0.0,0,10,5,37.0,1,7.7,12.7,,,74.0,248.0,33.25272222222222,11.0,Central Missouri State,2006.0,2006.0,SF,175.0,,0.3030303
2017,16,00-0024389,De.Walker,TE,TEN,LA,0,0,0.0,0,0.0,0.0,0.0,0,0.0,0,5,3,33.0,0,3.3,6.3,,,74.0,248.0,33.25272222222222,11.0,Central Missouri State,2006.0,2006.0,SF,175.0,-4.0,0.13513513
2017,17,00-0024389,De.Walker,TE,TEN,JAX,0,0,0.0,0,0.0,0.0,0.0,0,0.0,0,5,3,19.0,0,1.9,4.9,,,74.0,248.0,33.25272222222222,11.0,Central Missouri State,2006.0,2006.0,SF,175.0,5.0,0.23809524
2017,18,00-0024389,De.Walker,TE,TEN,KC,0,0,0.0,0,0.0,0.0,0.0,0,0.0,0,8,6,74.0,0,7.4,13.4,,,74.0,248.0,33.25272222222222,11.0,Central Missouri State,2006.0,2006.0,SF,175.0,,0.26666668
2017,19,00-0024389,De.Walker,TE,TEN,NE,0,0,0.0,0,0.0,0.0,0.0,0,0.0,0,7,4,59.0,0,5.9,9.9,,,74.0,248.0,33.25272222222222,11.0,Central Missouri State,2006.0,2006.0,SF,175.0,,0.18421052
2017,9,00-0024417,S.Koch,P,BAL,TEN,1,1,16.0,0,0.0,0.0,-0.0,0,0.0,0,0,0,0.0,0,0.64,0.64,,,73.0,222.0,35.2289375,11.0,Nebraska,2006.0,2006.0,BAL,203.0,,
2017,12,00-0024417,S.Koch,P,BAL,HOU,1,1,22.0,0,0.0,0.0,-0.0,0,0.0,0,0,0,0.0,0,0.88,0.88,,,73.0,222.0,35.2289375,11.0,Nebraska,2006.0,2006.0,BAL,203.0,7.0,
2017,3,00-0024535,E.Weems,WR,TEN,SEA,0,0,0.0,0,0.0,0.0,0.0,0,0.0,0,1,0,0.0,0,0.0,0.0,,,69.0,195.0,32.360166666666665,10.0,Bethune-Cookman,2007.0,2007.0,,,6.0,0.032258064
2017,7,00-0024535,E.Weems,WR,TEN,CLE,0,0,0.0,0,0.0,0.0,0.0,0,0.0,0,1,1,5.0,0,0.5,1.5,,,69.0,195.0,32.360166666666665,10.0,Bethune-Cookman,2007.0,2007.0,,,,0.029411765
2017,14,00-0024535,E.Weems,WR,TEN,ARI,0,0,0.0,0,0.0,0.0,0.0,1,0.0,0,0,0,0.0,0,0.0,0.0,,,69.0,195.0,32.360166666666665,10.0,Bethune-Cookman,2007.0,2007.0,,,,
2017,1,00-0025394,A.Peterson,RB,NO,MIN,0,0,0.0,0,0.0,0.0,0.0,6,18.0,0,1,0,0.0,0,1.8,1.8,,,73.0,220.0,32.632933333333334,10.0,Oklahoma,2007.0,2007.0,MIN,7.0,,0.027027028
2017,2,00-0025394,A.Peterson,RB,NO,NE,0,0,0.0,0,0.0,0.0,0.0,8,26.0,0,0,0,0.0,0,2.6,2.6,,,73.0,220.0,32.632933333333334,10.0,Oklahoma,2007.0,2007.0,MIN,7.0,-16.0,
2017,3,00-0025394,A.Peterson,RB,NO,CAR,0,0,0.0,0,0.0,0.0,0.0,9,33.0,0,2,2,4.0,0,3.7,5.7,,,73.0,220.0,32.632933333333334,10.0,Oklahoma,2007.0,2007.0,MIN,7.0,,0.06896552
2017,4,00-0025394,A.Peterson,RB,NO,MIA,0,0,0.0,0,0.0,0.0,0.0,4,4.0,0,0,0,0.0,0,0.4,0.4,,,73.0,220.0,32.632933333333334,10.0,Oklahoma,2007.0,2007.0,MIN,7.0,,
2017,6,00-0025394,A.Peterson,RB,ARI,TB,0,0,0.0,0,0.0,0.0,0.0,26,134.0,2,0,0,0.0,0,25.4,25.4,,,73.0,220.0,32.632933333333334,10.0,Oklahoma,2007.0,2007.0,MIN,7.0,5.0,
2017,7,00-0025394,A.Peterson,RB,ARI,LA,0,0,0.0,0,0.0,0.0,0.0,11,21.0,0,4,1,12.0,0,3.3,4.3,,,73.0,220.0,32.632933333333334,10.0,Oklahoma,2007.0,2007.0,MIN,7.0,,0.125
2017,9,00-0025394,A.Peterson,RB,ARI,SF,0,0,0.0,0,0.0,0.0,0.0,37,159.0,0,4,2,8.0,0,14.7,16.7,,,73.0,220.0,32.632933333333334,10.0,Oklahoma,2007.0,2007.0,MIN,7.0,,0.13793103
2017,10,00-0025394,A.Peterson,RB,ARI,SEA,0,0,0.0,0,0.0,0.0,0.0,21,29.0,0,2,1,13.0,0,2.2,3.2,,,73.0,220.0,32.632933333333334,10.0,Oklahoma,2007.0,2007.0,MIN,7.0,-6.0,0.04255319
2017,11,00-0025394,A.Peterson,RB,ARI,HOU,0,0,0.0,0,0.0,0.0,0.0,14,26.0,0,1,1,13.0,0,3.9,4.9,,,73.0,220.0,32.632933333333334,10.0,Oklahoma,2007.0,2007.0,MIN,7.0,,0.029411765
2017,12,00-0025394,A.Peterson,RB,ARI,JAX,0,0,0.0,0,0.0,0.0,0.0,20,79.0,0,5,4,20.0,0,9.9,13.9,,,73.0,220.0,32.632933333333334,10.0,Oklahoma,2007.0,2007.0,MIN,7.0,3.0,0.13513513
2017,1,00-0025396,T.Ginn,WR,NO,MIN,0,0,0.0,0,0.0,0.0,0.0,1,5.0,0,5,4,53.0,0,5.8,9.8,,,71.0,180.0,32.590888888888884,10.0,Ohio State,2007.0,2007.0,MIA,9.0,,0.13513513
2017,2,00-0025396,T.Ginn,WR,NO,NE,0,0,0.0,0,0.0,0.0,0.0,0,0.0,0,6,3,24.0,0,2.4,5.4,,,71.0,180.0,32.590888888888884,10.0,Ohio State,2007.0,2007.0,MIA,9.0,-16.0,0.13636364
2017,3,00-0025396,T.Ginn,WR,NO,CAR,0,0,0.0,0,0.0,0.0,0.0,1,15.0,0,3,2,44.0,1,11.9,13.9,,,71.0,180.0,32.590888888888884,10.0,Ohio State,2007.0,2007.0,MIA,9.0,,0.10344828
2017,4,00-0025396,T.Ginn,WR,NO,MIA,0,0,0.0,0,0.0,0.0,0.0,1,9.0,0,2,2,25.0,0,3.4,5.4,,,71.0,180.0,32.590888888888884,10.0,Ohio State,2007.0,2007.0,MIA,9.0,,0.05
2017,6,00-0025396,T.Ginn,WR,NO,DET,0,0,0.0,0,0.0,0.0,0.0,1,3.0,0,4,4,66.0,1,12.9,16.9,,,71.0,180.0,32.590888888888884,10.0,Ohio State,2007.0,2007.0,MIA,9.0,14.0,0.13333334
2017,7,00-0025396,T.Ginn,WR,NO,GB,0,0,0.0,0,0.0,0.0,0.0,0,0.0,0,7,7,141.0,0,14.1,21.1,,,71.0,180.0,32.590888888888884,10.0,Ohio State,2007.0,2007.0,MIA,9.0,,0.18421052
2017,8,00-0025396,T.Ginn,WR,NO,CHI,0,0,0.0,0,0.0,0.0,0.0,0,0.0,0,4,2,68.0,0,6.8,8.8,,,71.0,180.0,32.590888888888884,10.0,Ohio State,2007.0,2007.0,MIA,9.0,8.0,0.14814815
2017,9,00-0025396,T.Ginn,WR,NO,TB,0,0,0.0,0,0.0,0.0,0.0,0,0.0,0,5,4,59.0,1,11.9,15.9,,,71.0,180.0,32.590888888888884,10.0,Ohio State,2007.0,2007.0,MIA,9.0,20.0,0.18518518
2017,10,00-0025396,T.Ginn,WR,NO,BUF,0,0,0.0,0,0.0,0.0,0.0,0,0.0,0,1,1,3.0,0,0.3,1.3,,,71.0,180.0,32.590888888888884,10.0,Ohio State,2007.0,2007.0,MIA,9.0,,0.04347826
2017,11,00-0025396,T.Ginn,WR,NO,WAS,0,0,0.0,0,0.0,0.0,0.0,1,-12.0,0,6,6,87.0,0,7.5,13.5,,,71.0,180.0,32.590888888888884,10.0,Ohio State,2007.0,2007.0,MIA,9.0,3.0,0.15
2017,12,00-0025396,T.Ginn,WR,NO,LA,0,0,0.0,0,0.0,0.0,0.0,0,0.0,0,11,7,71.0,0,7.1,14.1,,,71.0,180.0,32.590888888888884,10.0,Ohio State,2007.0,2007.0,MIA,9.0,,0.34375
2017,13,00-0025396,T.Ginn,WR,NO,CAR,0,0,0.0,0,0.0,0.0,0.0,1,6.0,0,3,2,27.0,0,3.3,5.3,,,71.0,180.0,32.590888888888884,10.0,Ohio State,2007.0,2007.0,MIA,9.0,10.0,0.09090909
2017,14,00-0025396,T.Ginn,WR,NO,ATL,0,0,0.0,0,0.0,0.0,0.0,1,-3.0,0,2,2,10.0,0,0.7,2.7,,,71.0,180.0,32.590888888888884,10.0,Ohio State,2007.0,2007.0,MIA,9.0,,0.057142857
2017,16,00-0025396,T.Ginn,WR,NO,ATL,0,0,0.0,0,0.0,0.0,0.0,2,14.0,0,5,4,76.0,1,15.0,19.0,,,71.0,180.0,32.590888888888884,10.0,Ohio State,2007.0,2007.0,MIA,9.0,10.0,0.17857143
2017,17,00-0025396,T.Ginn,WR,NO,TB,0,0,0.0,0,0.0,0.0,0.0,1,2.0,0,6,3,33.0,0,3.5,6.5,,,71.0,180.0,32.590888888888884,10.0,Ohio State,2007.0,2007.0,MIA,9.0,,0.2
2017,18,00-0025396,T.Ginn,WR,NO,CAR,0,0,0.0,0,0.0,0.0,0.0,0,0.0,0,6,4,115.0,1,17.5,21.5,,,71.0,180.0,32.590888888888884,10.0,Ohio State,2007.0,2007.0,MIA,9.0,5.0,0.2
2017,19,00-0025396,T.Ginn,WR,NO,MIN,0,0,0.0,0,0.0,0.0,0.0,1,11.0,0,11,8,72.0,0,8.3,16.3,,,71.0,180.0,32.590888888888884,10.0,Ohio State,2007.0,2007.0,MIA,9.0,,0.2682927
2017,1,00-0025399,M.Lynch,RB,LV,TEN,0,0,0.0,0,0.0,0.0,0.0,18,76.0,0,2,1,16.0,0,9.2,10.2,,,71.0,215.0,31.5385,10.0,California,2007.0,2007.0,BUF,12.0,,0.0625
2017,2,00-0025399,M.Lynch,RB,LV,NYJ,0,0,0.0,0,0.0,0.0,0.0,12,45.0,1,2,1,4.0,0,10.9,11.9,,,71.0,215.0,31.5385,10.0,California,2007.0,2007.0,BUF,12.0,,0.071428575
2017,3,00-0025399,M.Lynch,RB,LV,WAS,0,0,0.0,0,0.0,0.0,0.0,6,18.0,0,1,1,8.0,0,2.6,3.6,,,71.0,215.0,31.5385,10.0,California,2007.0,2007.0,BUF,12.0,,0.033333335
2017,4,00-0025399,M.Lynch,RB,LV,DEN,0,0,0.0,0,0.0,0.0,0.0,9,12.0,0,1,0,0.0,0,1.2,1.2,,,71.0,215.0,31.5385,10.0,California,2007.0,2007.0,BUF,12.0,,0.028571429
2017,5,00-0025399,M.Lynch,RB,LV,BAL,0,0,0.0,0,0.0,0.0,0.0,12,43.0,1,2,1,10.0,0,11.3,12.3,,,71.0,215.0,31.5385,10.0,California,2007.0,2007.0,BUF,12.0,,0.08
2017,6,00-0025399,M.Lynch,RB,LV,LAC,0,0,0.0,0,0.0,0.0,0.0,13,63.0,0,2,0,0.0,0,6.3,6.3,,,71.0,215.0,31.5385,10.0,California,2007.0,2007.0,BUF,12.0,,0.06666667
2017,7,00-0025399,M.Lynch,RB,LV,KC,0,0,0.0,0,0.0,0.0,0.0,2,9.0,0,0,0,0.0,0,0.9,0.9,,,71.0,215.0,31.5385,10.0,California,2007.0,2007.0,BUF,12.0,,
2017,9,00-0025399,M.Lynch,RB,LV,MIA,0,0,0.0,0,0.0,0.0,0.0,14,57.0,2,2,2,6.0,0,18.3,20.3,,,71.0,215.0,31.5385,10.0,California,2007.0,2007.0,BUF,12.0,,0.06896552
2017,11,00-0025399,M.Lynch,RB,LV,NE,0,0,0.0,0,0.0,0.0,0.0,11,67.0,0,1,1,10.0,0,7.7,8.7,,,71.0,215.0,31.5385,10.0,California,2007.0,2007.0,BUF,12.0,,0.020408163
2017,12,00-0025399,M.Lynch,RB,LV,DEN,0,0,0.0,0,0.0,0.0,0.0,26,67.0,1,3,3,43.0,0,17.0,20.0,,,71.0,215.0,31.5385,10.0,California,2007.0,2007.0,BUF,12.0,,0.125
2017,13,00-0025399,M.Lynch,RB,LV,NYG,0,0,0.0,0,0.0,0.0,0.0,17,101.0,1,3,2,20.0,0,18.1,20.1,,,71.0,215.0,31.5385,10.0,California,2007.0,2007.0,BUF,12.0,,0.08571429
2017,14,00-0025399,M.Lynch,RB,LV,KC,0,0,0.0,0,0.0,0.0,0.0,7,61.0,1,2,1,3.0,0,12.4,13.4,,,71.0,215.0,31.5385,10.0,California,2007.0,2007.0,BUF,12.0,,0.048780486
2017,15,00-0025399,M.Lynch,RB,LV,DAL,0,0,0.0,0,0.0,0.0,0.0,16,76.0,0,4,3,16.0,0,9.2,12.2,,,71.0,215.0,31.5385,10.0,California,2007.0,2007.0,BUF,12.0,,0.10526316
2017,16,00-0025399,M.Lynch,RB,LV,PHI,0,0,0.0,0,0.0,0.0,0.0,25,95.0,0,3,2,-3.0,0,7.2,9.2,,,71.0,215.0,31.5385,10.0,California,2007.0,2007.0,BUF,12.0,,0.10714286
2017,17,00-0025399,M.Lynch,RB,LV,LAC,0,0,0.0,0,0.0,0.0,0.0,19,101.0,0,3,2,18.0,0,11.9,13.9,,,71.0,215.0,31.5385,10.0,California,2007.0,2007.0,BUF,12.0,,0.11111111
2017,1,00-0025418,G.Olsen,TE,CAR,SF,0,0,0.0,0,0.0,0.0,0.0,0,0.0,0,4,2,18.0,0,1.8,3.8,,,77.0,255.0,32.66194117647059,10.0,Miami,2007.0,2007.0,CHI,31.0,,0.16666667
2017,2,00-0025418,G.Olsen,TE,CAR,BUF,0,0,0.0,0,0.0,0.0,0.0,0,0.0,0,2,1,10.0,0,1.0,2.0,,,77.0,255.0,32.66194117647059,10.0,Miami,2007.0,2007.0,CHI,31.0,6.0,0.06451613
2017,12,00-0025418,G.Olsen,TE,CAR,NYJ,0,0,0.0,0,0.0,0.0,0.0,0,0.0,0,4,1,10.0,0,1.0,2.0,,,77.0,255.0,32.66194117647059,10.0,Miami,2007.0,2007.0,CHI,31.0,,0.14285715
2017,14,00-0025418,G.Olsen,TE,CAR,MIN,0,0,0.0,0,0.0,0.0,0.0,0,0.0,0,1,0,0.0,0,0.0,0.0,,,77.0,255.0,32.66194117647059,10.0,Miami,2007.0,2007.0,CHI,31.0,7.0,0.04347826
2017,15,00-0025418,G.Olsen,TE,CAR,GB,0,0,0.0,0,0.0,0.0,0.0,0,0.0,0,12,9,116.0,1,17.6,26.6,,,77.0,255.0,32.66194117647059,10.0,Miami,2007.0,2007.0,CHI,31.0,7.0,0.4
2017,16,00-0025418,G.Olsen,TE,CAR,TB,0,0,0.0,0,0.0,0.0,0.0,0,0.0,0,6,3,27.0,0,2.7,5.7,,,77.0,255.0,32.66194117647059,10.0,Miami,2007.0,2007.0,CHI,31.0,3.0,0.23076923
2017,17,00-0025418,G.Olsen,TE,CAR,ATL,0,0,0.0,0,0.0,0.0,0.0,0,0.0,0,9,1,10.0,0,1.0,2.0,,,77.0,255.0,32.66194117647059,10.0,Miami,2007.0,2007.0,CHI,31.0,,0.27272728
2017,18,00-0025418,G.Olsen,TE,CAR,NO,0,0,0.0,0,0.0,0.0,0.0,0,0.0,0,12,8,107.0,1,16.7,24.7,,,77.0,255.0,32.66194117647059,10.0,Miami,2007.0,2007.0,CHI,31.0,,0.31578946
2017,7,00-0025430,D.Stanton,QB,ARI,LA,5,14,66.0,0,1.0,2.0,6.0,1,4.0,0,0,0,0.0,0,1.04,1.04,,,75.0,243.0,33.4984375,10.0,Michigan State,2007.0,2007.0,DET,43.0,,
2017,9,00-0025430,D.Stanton,QB,ARI,SF,15,30,201.0,2,1.0,0.0,-0.0,4,2.0,0,0,0,0.0,0,14.24,14.24,,,75.0,243.0,33.4984375,10.0,Michigan State,2007.0,2007.0,DET,43.0,,
2017,10,00-0025430,D.Stanton,QB,ARI,SEA,24,47,273.0,1,0.0,2.0,17.0,1,1.0,0,0,0,0.0,0,15.02,15.02,,,75.0,243.0,33.4984375,10.0,Michigan State,2007.0,2007.0,DET,43.0,-6.0,
2017,16,00-0025430,D.Stanton,QB,ARI,NYG,20,34,209.0,2,2.0,2.0,15.0,2,1.0,0,0,0,0.0,0,12.46,12.46,,,75.0,243.0,33.4984375,10.0,Michigan State,2007.0,2007.0,DET,43.0,23.0,
2017,17,00-0025430,D.Stanton,QB,ARI,SEA,15,34,145.0,1,1.0,1.0,2.0,1,-1.0,0,0,0,0.0,0,7.7,7.7,,,75.0,243.0,33.4984375,10.0,Michigan State,2007.0,2007.0,DET,43.0,,
2017,1,00-0025549,B.Celek,TE,PHI,WAS,0,0,0.0,0,0.0,0.0,0.0,0,0.0,0,2,1,11.0,0,1.1,2.1,,,76.0,255.0,32.810526315789474,10.0,Cincinnati,2007.0,2007.0,PHI,162.0,,0.05263158
2017,4,00-0025549,B.Celek,TE,PHI,LAC,0,0,0.0,0,0.0,0.0,0.0,0,0.0,0,1,0,0.0,0,0.0,0.0,,,76.0,255.0,32.810526315789474,10.0,Cincinnati,2007.0,2007.0,PHI,162.0,,0.033333335
2017,5,00-0025549,B.Celek,TE,PHI,ARI,0,0,0.0,0,0.0,0.0,0.0,0,0.0,0,1,1,5.0,0,0.5,1.5,,,76.0,255.0,32.810526315789474,10.0,Cincinnati,2007.0,2007.0,PHI,162.0,27.0,0.033333335
2017,7,00-0025549,B.Celek,TE,PHI,WAS,0,0,0.0,0,0.0,0.0,0.0,0,0.0,0,2,1,3.0,0,0.3,1.3,,,76.0,255.0,32.810526315789474,10.0,Cincinnati,2007.0,2007.0,PHI,162.0,10.0,0.08
2017,8,00-0025549,B.Celek,TE,PHI,SF,0,0,0.0,0,0.0,0.0,0.0,0,0.0,0,2,1,14.0,0,1.4,2.4,,,76.0,255.0,32.810526315789474,10.0,Cincinnati,2007.0,2007.0,PHI,162.0,23.0,0.0625
2017,9,00-0025549,B.Celek,TE,PHI,DEN,0,0,0.0,0,0.0,0.0,0.0,0,0.0,0,4,3,39.0,0,3.9,6.9,,,76.0,255.0,32.810526315789474,10.0,Cincinnati,2007.0,2007.0,PHI,162.0,28.0,0.14285715
2017,11,00-0025549,B.Celek,TE,PHI,DAL,0,0,0.0,0,0.0,0.0,0.0,0,0.0,0,2,1,28.0,0,2.8,3.8,,,76.0,255.0,32.810526315789474,10.0,Cincinnati,2007.0,2007.0,PHI,162.0,,0.07692308
2017,12,00-0025549,B.Celek,TE,PHI,CHI,0,0,0.0,0,0.0,0.0,0.0,0,0.0,0,1,0,0.0,0,0.0,0.0,,,76.0,255.0,32.810526315789474,10.0,Cincinnati,2007.0,2007.0,PHI,162.0,28.0,0.025641026
2017,14,00-0025549,B.Celek,TE,PHI,LA,0,0,0.0,0,0.0,0.0,0.0,0,0.0,0,3,1,5.0,1,6.5,7.5,,,76.0,255.0,32.810526315789474,10.0,Cincinnati,2007.0,2007.0,PHI,162.0,,0.05882353
2017,16,00-0025549,B.Celek,TE,PHI,LV,0,0,0.0,0,0.0,0.0,0.0,0,0.0,0,2,1,12.0,0,1.2,2.2,,,76.0,255.0,32.810526315789474,10.0,Cincinnati,2007.0,2007.0,PHI,162.0,9.0,0.055555556
2017,17,00-0025549,B.Celek,TE,PHI,DAL,0,0,0.0,0,0.0,0.0,0.0,0,0.0,0,4,3,13.0,0,1.3,4.3,,,76.0,255.0,32.810526315789474,10.0,Cincinnati,2007.0,2007.0,PHI,162.0,-6.0,0.121212125
2017,19,00-0025549,B.Celek,TE,PHI,ATL,0,0,0.0,0,0.0,0.0,0.0,0,0.0,0,1,1,6.0,0,0.6,1.6,,,76.0,255.0,32.810526315789474,10.0,Cincinnati,2007.0,2007.0,PHI,162.0,5.0,0.033333335
2017,20,00-0025549,B.Celek,TE,PHI,MIN,0,0,0.0,0,0.0,0.0,0.0,0,0.0,0,1,0,0.0,0,0.0,0.0,,,76.0,255.0,32.810526315789474,10.0,Cincinnati,2007.0,2007.0,PHI,162.0,31.0,0.03125
2017,7,00-0025708,M.Moore,QB,MIA,NYJ,13,21,188.0,2,1.0,1.0,9.0,0,0.0,0,0,0,0.0,0,13.52,13.52,,,75.0,219.0,33.2496875,10.0,Oregon State,2007.0,2007.0,,,3.0,
2017,8,00-0025708,M.Moore,QB,MIA,BAL,25,44,176.0,0,2.0,3.0,25.0,0,0.0,0,0,0,0.0,0,3.04,3.04,,,75.0,219.0,33.2496875,10.0,Oregon State,2007.0,2007.0,,,,
2017,11,00-0025708,M.Moore,QB,MIA,TB,17,28,282.0,1,0.0,1.0,-0.0,1,0.0,0,0,0,0.0,0,15.28,15.28,,,75.0,219.0,33.2496875,10.0,Oregon State,2007.0,2007.0,,,-10.0,
2017,12,00-0025708,M.Moore,QB,MIA,NE,23,34,215.0,1,2.0,7.0,61.0,2,9.0,0,0,0,0.0,0,9.5,9.5,,,75.0,219.0,33.2496875,10.0,Oregon State,2007.0,2007.0,,,,
2017,1,00-0026019,D.Woodhead,RB,BAL,CIN,0,0,0.0,0,0.0,0.0,0.0,1,4.0,0,3,3,33.0,0,3.7,6.7,,,68.0,204.0,32.775875,9.0,Chadron State,2008.0,2008.0,,,,0.1764706
2017,11,00-0026019,D.Woodhead,RB,BAL,GB,0,0,0.0,0,0.0,0.0,0.0,1,2.0,0,6,5,21.0,0,2.3,7.3,,,68.0,204.0,32.775875,9.0,Chadron State,2008.0,2008.0,,,,0.21428572
2017,12,00-0026019,D.Woodhead,RB,BAL,HOU,0,0,0.0,0,0.0,0.0,0.0,4,22.0,0,4,4,23.0,0,4.5,8.5,,,68.0,204.0,32.775875,9.0,Chadron State,2008.0,2008.0,,,7.0,0.121212125
2017,13,00-0026019,D.Woodhead,RB,BAL,DET,0,0,0.0,0,0.0,0.0,0.0,3,9.0,0,2,2,14.0,0,2.3,4.3,,,68.0,204.0,32.775875,9.0,Chadron State,2008.0,2008.0,,,24.0,0.055555556
2017,14,00-0026019,D.Woodhead,RB,BAL,PIT,0,0,0.0,0,0.0,0.0,0.0,2,7.0,0,5,4,29.0,0,3.6,7.6,,,68.0,204.0,32.775875,9.0,Chadron State,2008.0,2008.0,,,,0.14705883
2017,15,00-0026019,D.Woodhead,RB,BAL,CLE,0,0,0.0,0,0.0,0.0,0.0,1,1.0,0,7,6,31.0,0,3.2,9.2,,,68.0,204.0,32.775875,9.0,Chadron State,2008.0,2008.0,,,,0.16666667
2017,16,00-0026019,D.Woodhead,RB,BAL,IND,0,0,0.0,0,0.0,0.0,0.0,1,8.0,0,6,5,33.0,0,4.1,9.1,,,68.0,204.0,32.775875,9.0,Chadron State,2008.0,2008.0,,,7.0,0.15789473
2017,17,00-0026019,D.Woodhead,RB,BAL,CIN,0,0,0.0,0,0.0,0.0,0.0,1,3.0,0,6,4,16.0,0,1.9,5.9,,,68.0,204.0,32.775875,9.0,Chadron State,2008.0,2008.0,,,-4.0,0.12765957
2017,1,00-0026035,D.Amendola,WR,NE,KC,0,0,0.0,0,0.0,0.0,0.0,0,0.0,0,7,6,100.0,0,10.0,16.0,,,71.0,190.0,32.04163157894737,9.0,Texas Tech,2008.0,2008.0,,,-15.0,0.19444445
2017,3,00-0026035,D.Amendola,WR,NE,HOU,0,0,0.0,0,0.0,0.0,0.0,0,0.0,0,5,3,48.0,0,4.8,7.8,,,71.0,190.0,32.04163157894737,9.0,Texas Tech,2008.0,2008.0,,,3.0,0.14285715
2017,4,00-0026035,D.Amendola,WR,NE,CAR,0,0,0.0,0,0.0,0.0,0.0,0,0.0,0,7,6,42.0,1,10.2,16.2,,,71.0,190.0,32.04163157894737,9.0,Texas Tech,2008.0,2008.0,,,-3.0,0.15555556
2017,5,00-0026035,D.Amendola,WR,NE,TB,0,0,0.0,0,0.0,0.0,0.0,0,0.0,0,8,8,77.0,0,7.7,15.7,,,71.0,190.0,32.04163157894737,9.0,Texas Tech,2008.0,2008.0,,,,0.2
2017,6,00-0026035,D.Amendola,WR,NE,NYJ,0,0,0.0,0,0.0,0.0,0.0,0,0.0,0,5,3,40.0,0,4.0,7.0,,,71.0,190.0,32.04163157894737,9.0,Texas Tech,2008.0,2008.0,,,,0.13157895
2017,7,00-0026035,D.Amendola,WR,NE,ATL,0,0,0.0,0,0.0,0.0,0.0,0,0.0,0,4,3,17.0,0,1.7,4.7,,,71.0,190.0,32.04163157894737,9.0,Texas Tech,2008.0,2008.0,,,16.0,0.13793103
2017,8,00-0026035,D.Amendola,WR,NE,LAC,0,0,0.0,0,0.0,0.0,0.0,0,0.0,0,6,2,14.0,0,1.4,3.4,,,71.0,190.0,32.04163157894737,9.0,Texas Tech,2008.0,2008.0,,,8.0,0.12765957
2017,10,00-0026035,D.Amendola,WR,NE,DEN,0,0,0.0,0,0.0,0.0,0.0,0,0.0,0,4,4,36.0,0,3.6,7.6,,,71.0,190.0,32.04163157894737,9.0,Texas Tech,2008.0,2008.0,,,,0.10810811
2017,11,00-0026035,D.Amendola,WR,NE,LV,0,0,0.0,0,0.0,0.0,0.0,0,0.0,0,9,8,66.0,1,12.6,20.6,,,71.0,190.0,32.04163157894737,9.0,Texas Tech,2008.0,2008.0,,,,0.24324325
2017,12,00-0026035,D.Amendola,WR,NE,MIA,0,0,0.0,0,0.0,0.0,0.0,0,0.0,0,4,1,15.0,0,1.5,2.5,,,71.0,190.0,32.04163157894737,9.0,Texas Tech,2008.0,2008.0,,,18.0,0.14285715
2017,13,00-0026035,D.Amendola,WR,NE,BUF,0,0,0.0,0,0.0,0.0,0.0,0,0.0,0,4,2,34.0,0,3.4,5.4,,,71.0,190.0,32.04163157894737,9.0,Texas Tech,2008.0,2008.0,,,,0.13333334
2017,14,00-0026035,D.Amendola,WR,NE,MIA,0,0,0.0,0,0.0,0.0,0.0,0,0.0,0,9,6,76.0,0,7.6,13.6,,,71.0,190.0,32.04163157894737,9.0,Texas Tech,2008.0,2008.0,,,,0.2195122
2017,15,00-0026035,D.Amendola,WR,NE,PIT,0,0,0.0,0,0.0,0.0,0.0,0,0.0,0,4,2,23.0,0,2.3,4.3,,,71.0,190.0,32.04163157894737,9.0,Texas Tech,2008.0,2008.0,,,,0.114285715
2017,16,00-0026035,D.Amendola,WR,NE,BUF,0,0,0.0,0,0.0,0.0,0.0,0,0.0,0,3,3,28.0,0,2.8,5.8,,,71.0,190.0,32.04163157894737,9.0,Texas Tech,2008.0,2008.0,,,21.0,0.10714286
2017,17,00-0026035,D.Amendola,WR,NE,NYJ,0,0,0.0,0,0.0,0.0,0.0,0,0.0,0,7,4,43.0,0,4.3,8.3,,,71.0,190.0,32.04163157894737,9.0,Texas Tech,2008.0,2008.0,,,20.0,0.17948718
2017,19,00-0026035,D.Amendola,WR,NE,TEN,0,0,0.0,0,0.0,0.0,0.0,0,0.0,0,13,11,112.0,0,11.2,22.2,,,71.0,190.0,32.04163157894737,9.0,Texas Tech,2008.0,2008.0,,,21.0,0.24528302
2017,20,00-0026035,D.Amendola,WR,NE,JAX,1,1,20.0,0,0.0,0.0,-0.0,1,3.0,0,9,7,84.0,2,21.5,28.5,,,71.0,190.0,32.04163157894737,9.0,Texas Tech,2008.0,2008.0,,,4.0,0.23076923
2017,21,00-0026035,D.Amendola,WR,NE,PHI,0,1,0.0,0,0.0,0.0,-0.0,0,0.0,0,11,8,152.0,0,15.2,23.2,,,71.0,190.0,32.04163157894737,9.0,Texas Tech,2008.0,2008.0,,,-8.0,0.23404256
2017,1,00-0026069,M.Tolbert,FB,BUF,NYJ,0,0,0.0,0,0.0,0.0,0.0,12,42.0,1,1,1,12.0,0,11.4,12.4,,,69.0,250.0,31.963823529411766,9.0,Coastal Carolina,2008.0,2008.0,,,9.0,0.037037037
2017,2,00-0026069,M.Tolbert,FB,BUF,CAR,0,0,0.0,0,0.0,0.0,0.0,3,5.0,0,1,1,2.0,0,0.7,1.7,,,69.0,250.0,31.963823529411766,9.0,Coastal Carolina,2008.0,2008.0,,,,0.04
2017,3,00-0026069,M.Tolbert,FB,BUF,DEN,0,0,0.0,0,0.0,0.0,0.0,11,41.0,0,1,0,0.0,0,4.1,4.1,,,69.0,250.0,31.963823529411766,9.0,Coastal Carolina,2008.0,2008.0,,,10.0,0.03846154
2017,4,00-0026069,M.Tolbert,FB,BUF,ATL,0,0,0.0,0,0.0,0.0,0.0,8,31.0,0,0,0,0.0,0,3.1,3.1,,,69.0,250.0,31.963823529411766,9.0,Coastal Carolina,2008.0,2008.0,,,,
2017,5,00-0026069,M.Tolbert,FB,BUF,CIN,0,0,0.0,0,0.0,0.0,0.0,3,16.0,0,3,3,18.0,0,3.4,6.4,,,69.0,250.0,31.963823529411766,9.0,Coastal Carolina,2008.0,2008.0,,,,0.08571429
2017,7,00-0026069,M.Tolbert,FB,BUF,TB,0,0,0.0,0,0.0,0.0,0.0,3,29.0,0,1,1,1.0,0,3.0,4.0,,,69.0,250.0,31.963823529411766,9.0,Coastal Carolina,2008.0,2008.0,,,3.0,0.03125
2017,8,00-0026069,M.Tolbert,FB,BUF,LV,0,0,0.0,0,0.0,0.0,0.0,4,14.0,0,1,1,-2.0,0,1.2,2.2,,,69.0,250.0,31.963823529411766,9.0,Coastal Carolina,2008.0,2008.0,,,20.0,0.037037037
2017,9,00-0026069,M.Tolbert,FB,BUF,NYJ,0,0,0.0,0,0.0,0.0,0.0,4,3.0,0,3,3,13.0,0,1.6,4.6,,,69.0,250.0,31.963823529411766,9.0,Coastal Carolina,2008.0,2008.0,,,,0.075
2017,10,00-0026069,M.Tolbert,FB,BUF,NO,0,0,0.0,0,0.0,0.0,0.0,2,-2.0,0,2,2,17.0,0,1.5,3.5,,,69.0,250.0,31.963823529411766,9.0,Coastal Carolina,2008.0,2008.0,,,-37.0,0.074074075
2017,14,00-0026069,M.Tolbert,FB,BUF,IND,0,0,0.0,0,0.0,0.0,0.0,6,32.0,0,0,0,0.0,0,1.2,1.2,,,69.0,250.0,31.963823529411766,9.0,Coastal Carolina,2008.0,2008.0,,,6.0,
2017,16,00-0026069,M.Tolbert,FB,BUF,NE,0,0,0.0,0,0.0,0.0,0.0,3,-3.0,0,2,1,11.0,0,0.8,1.8,,,69.0,250.0,31.963823529411766,9.0,Coastal Carolina,2008.0,2008.0,,,,0.05263158
2017,17,00-0026069,M.Tolbert,FB,BUF,MIA,0,0,0.0,0,0.0,0.0,0.0,7,39.0,0,2,1,6.0,0,4.5,5.5,,,69.0,250.0,31.963823529411766,9.0,Coastal Carolina,2008.0,2008.0,,,,0.074074075
2017,18,00-0026069,M.Tolbert,FB,BUF,JAX,0,0,0.0,0,0.0,0.0,0.0,4,15.0,0,1,1,10.0,0,2.5,3.5,,,69.0,250.0,31.963823529411766,9.0,Coastal Carolina,2008.0,2008.0,,,,0.028571429
2017,1,00-0026143,M.Ryan,QB,ATL,CHI,21,30,321.0,1,0.0,2.0,13.0,3,11.0,0,0,0,0.0,0,17.94,17.94,,,76.0,217.0,32.49505555555555,9.0,Boston College,2008.0,2008.0,ATL,3.0,,
2017,2,00-0026143,M.Ryan,QB,ATL,GB,19,28,252.0,1,0.0,3.0,29.0,1,8.0,0,0,0,0.0,0,14.88,14.88,,,76.0,217.0,32.49505555555555,9.0,Boston College,2008.0,2008.0,ATL,3.0,11.0,
2017,3,00-0026143,M.Ryan,QB,ATL,DET,24,35,294.0,2,3.0,2.0,17.0,1,-1.0,0,0,0,0.0,0,13.66,13.66,,,76.0,217.0,32.49505555555555,9.0,Boston College,2008.0,2008.0,ATL,3.0,,
2017,4,00-0026143,M.Ryan,QB,ATL,BUF,24,42,242.0,1,2.0,1.0,-0.0,1,8.0,0,0,0,0.0,0,8.48,8.48,,,76.0,217.0,32.49505555555555,9.0,Boston College,2008.0,2008.0,ATL,3.0,-6.0,
2017,6,00-0026143,M.Ryan,QB,ATL,MIA,24,35,248.0,1,1.0,2.0,9.0,0,0.0,0,0,0,0.0,0,11.92,11.92,,,76.0,217.0,32.49505555555555,9.0,Boston College,2008.0,2008.0,ATL,3.0,-3.0,
2017,7,00-0026143,M.Ryan,QB,ATL,NE,23,33,233.0,1,0.0,1.0,10.0,3,37.0,0,0,0,0.0,0,17.02,17.02,,,76.0,217.0,32.49505555555555,9.0,Boston College,2008.0,2008.0,ATL,3.0,,
2017,8,00-0026143,M.Ryan,QB,ATL,NYJ,18,29,254.0,2,0.0,1.0,8.0,6,17.0,0,0,0,0.0,0,15.86,15.86,,,76.0,217.0,32.49505555555555,9.0,Boston College,2008.0,2008.0,ATL,3.0,,
2017,9,00-0026143,M.Ryan,QB,ATL,CAR,24,38,313.0,2,1.0,2.0,11.0,1,-1.0,0,0,0,0.0,0,18.42,18.42,,,76.0,217.0,32.49505555555555,9.0,Boston College,2008.0,2008.0,ATL,3.0,,
2017,10,00-0026143,M.Ryan,QB,ATL,DAL,22,29,215.0,2,1.0,1.0,11.0,0,0.0,0,0,0,0.0,0,14.6,14.6,,,76.0,217.0,32.49505555555555,9.0,Boston College,2008.0,2008.0,ATL,3.0,20.0,
2017,11,00-0026143,M.Ryan,QB,ATL,SEA,19,27,195.0,2,0.0,1.0,5.0,3,12.0,0,0,0,0.0,0,17.0,17.0,,,76.0,217.0,32.49505555555555,9.0,Boston College,2008.0,2008.0,ATL,3.0,,
2017,12,00-0026143,M.Ryan,QB,ATL,TB,26,35,317.0,1,0.0,0.0,-0.0,1,1.0,0,0,0,0.0,0,16.78,16.78,,,76.0,217.0,32.49505555555555,9.0,Boston College,2008.0,2008.0,ATL,3.0,14.0,
2017,13,00-0026143,M.Ryan,QB,ATL,MIN,16,29,173.0,0,0.0,0.0,-0.0,1,1.0,0,0,0,0.0,0,7.02,7.02,,,76.0,217.0,32.49505555555555,9.0,Boston College,2008.0,2008.0,ATL,3.0,-5.0,
2017,14,00-0026143,M.Ryan,QB,ATL,NO,15,27,221.0,1,3.0,1.0,10.0,3,0.0,0,0,0,0.0,0,6.84,6.84,,,76.0,217.0,32.49505555555555,9.0,Boston College,2008.0,2008.0,ATL,3.0,3.0,
2017,15,00-0026143,M.Ryan,QB,ATL,TB,17,31,212.0,1,0.0,1.0,3.0,3,29.0,0,0,0,0.0,0,15.38,15.38,,,76.0,217.0,32.49505555555555,9.0,Boston College,2008.0,2008.0,ATL,3.0,,
2017,16,00-0026143,M.Ryan,QB,ATL,NO,22,36,288.0,1,1.0,5.0,24.0,2,7.0,0,0,0,0.0,0,14.22,14.22,,,76.0,217.0,32.49505555555555,9.0,Boston College,2008.0,2008.0,ATL,3.0,,
2017,17,00-0026143,M.Ryan,QB,ATL,CAR,28,45,317.0,1,0.0,1.0,6.0,3,14.0,0,0,0,0.0,0,18.08,18.08,,,76.0,217.0,32.49505555555555,9.0,Boston College,2008.0,2008.0,ATL,3.0,12.0,
2017,18,00-0026143,M.Ryan,QB,ATL,LA,21,30,218.0,1,0.0,3.0,20.0,6,5.0,0,0,0,0.0,0,13.22,13.22,,,76.0,217.0,32.49505555555555,9.0,Boston College,2008.0,2008.0,ATL,3.0,,
2017,19,00-0026143,M.Ryan,QB,ATL,PHI,22,36,210.0,1,0.0,3.0,15.0,0,0.0,0,0,0,0.0,0,12.4,12.4,,,76.0,217.0,32.49505555555555,9.0,Boston College,2008.0,2008.0,ATL,3.0,,
2017,10,00-0026144,D.McFadden,RB,DAL,ATL,0,0,0.0,0,0.0,0.0,0.0,1,-2.0,0,0,0,0.0,0,-0.2,-0.2,,,73.0,210.0,30.195687500000002,9.0,Arkansas,2008.0,2008.0,OAK,4.0,,
2017,1,00-0026153,J.Stewart,RB,CAR,SF,0,0,0.0,0,0.0,0.0,0.0,18,65.0,0,2,2,17.0,1,14.2,16.2,,,70.0,240.0,30.635882352941174,9.0,Oregon,2008.0,2008.0,CAR,13.0,,0.083333336
2017,2,00-0026153,J.Stewart,RB,CAR,BUF,0,0,0.0,0,0.0,0.0,0.0,15,40.0,0,1,0,0.0,0,4.0,4.0,,,70.0,240.0,30.635882352941174,9.0,Oregon,2008.0,2008.0,CAR,13.0,6.0,0.032258064
2017,3,00-0026153,J.Stewart,RB,CAR,NO,0,0,0.0,0,0.0,0.0,0.0,12,57.0,0,2,1,4.0,0,6.1,7.1,,,70.0,240.0,30.635882352941174,9.0,Oregon,2008.0,2008.0,CAR,13.0,-21.0,0.060606062
2017,4,00-0026153,J.Stewart,RB,CAR,NE,0,0,0.0,0,0.0,0.0,0.0,14,68.0,0,1,0,0.0,0,4.8,4.8,,,70.0,240.0,30.635882352941174,9.0,Oregon,2008.0,2008.0,CAR,13.0,,0.03448276
2017,5,00-0026153,J.Stewart,RB,CAR,DET,0,0,0.0,0,0.0,0.0,0.0,18,21.0,0,3,3,23.0,0,4.4,7.4,,,70.0,240.0,30.635882352941174,9.0,Oregon,2008.0,2008.0,CAR,13.0,,0.09090909
2017,6,00-0026153,J.Stewart,RB,CAR,PHI,0,0,0.0,0,0.0,0.0,0.0,8,-4.0,0,2,0,0.0,0,-0.4,-0.4,,,70.0,240.0,30.635882352941174,9.0,Oregon,2008.0,2008.0,CAR,13.0,-5.0,0.03846154
2017,7,00-0026153,J.Stewart,RB,CAR,CHI,0,0,0.0,0,0.0,0.0,0.0,14,48.0,0,0,0,0.0,0,4.8,4.8,,,70.0,240.0,30.635882352941174,9.0,Oregon,2008.0,2008.0,CAR,13.0,,
2017,8,00-0026153,J.Stewart,RB,CAR,TB,0,0,0.0,0,0.0,0.0,0.0,11,34.0,1,0,0,0.0,0,9.4,9.4,,,70.0,240.0,30.635882352941174,9.0,Oregon,2008.0,2008.0,CAR,13.0,,
2017,9,00-0026153,J.Stewart,RB,CAR,ATL,0,0,0.0,0,0.0,0.0,0.0,11,21.0,0,0,0,0.0,0,-1.9,-1.9,,,70.0,240.0,30.635882352941174,9.0,Oregon,2008.0,2008.0,CAR,13.0,3.0,
2017,10,00-0026153,J.Stewart,RB,CAR,MIA,0,0,0.0,0,0.0,0.0,0.0,17,110.0,0,0,0,0.0,0,11.0,11.0,,,70.0,240.0,30.635882352941174,9.0,Oregon,2008.0,2008.0,CAR,13.0,24.0,
2017,12,00-0026153,J.Stewart,RB,CAR,NYJ,0,0,0.0,0,0.0,0.0,0.0,15,26.0,1,0,0,0.0,0,8.6,8.6,,,70.0,240.0,30.635882352941174,9.0,Oregon,2008.0,2008.0,CAR,13.0,,
2017,13,00-0026153,J.Stewart,RB,CAR,NO,0,0,0.0,0,0.0,0.0,0.0,11,45.0,1,1,0,0.0,0,10.5,10.5,,,70.0,240.0,30.635882352941174,9.0,Oregon,2008.0,2008.0,CAR,13.0,,0.035714287
2017,14,00-0026153,J.Stewart,RB,CAR,MIN,0,0,0.0,0,0.0,0.0,0.0,16,103.0,3,1,0,0.0,0,28.3,28.3,,,70.0,240.0,30.635882352941174,9.0,Oregon,2008.0,2008.0,CAR,13.0,7.0,0.04347826
2017,15,00-0026153,J.Stewart,RB,CAR,GB,0,0,0.0,0,0.0,0.0,0.0,11,27.0,0,1,1,9.0,0,3.6,4.6,,,70.0,240.0,30.635882352941174,9.0,Oregon,2008.0,2008.0,CAR,13.0,7.0,0.033333335
2017,16,00-0026153,J.Stewart,RB,CAR,TB,0,0,0.0,0,0.0,0.0,0.0,7,19.0,0,1,1,-1.0,0,1.8,2.8,,,70.0,240.0,30.635882352941174,9.0,Oregon,2008.0,2008.0,CAR,13.0,3.0,0.03846154
2017,18,00-0026153,J.Stewart,RB,CAR,NO,0,0,0.0,0,0.0,0.0,0.0,11,51.0,0,0,0,0.0,0,5.1,5.1,,,70.0,240.0,30.635882352941174,9.0,Oregon,2008.0,2008.0,CAR,13.0,,
2017,1,00-0026158,J.Flacco,QB,BAL,CIN,9,17,121.0,1,1.0,1.0,10.0,0,0.0,0,0,0,0.0,0,6.84,6.84,,,78.0,245.0,32.8005625,9.0,Delaware,2008.0,2008.0,BAL,18.0,,
2017,2,00-0026158,J.Flacco,QB,BAL,CLE,25,34,217.0,2,1.0,2.0,16.0,1,-1.0,0,0,0,0.0,0,14.58,14.58,,,78.0,245.0,32.8005625,9.0,Delaware,2008.0,2008.0,BAL,18.0,14.0,
2017,3,00-0026158,J.Flacco,QB,BAL,JAX,8,18,28.0,0,2.0,2.0,12.0,0,0.0,0,0,0,0.0,0,-2.88,-2.88,,,78.0,245.0,32.8005625,9.0,Delaware,2008.0,2008.0,BAL,18.0,,
2017,4,00-0026158,J.Flacco,QB,BAL,PIT,31,49,235.0,1,2.0,4.0,29.0,0,0.0,0,0,0,0.0,0,9.4,9.4,,,78.0,245.0,32.8005625,9.0,Delaware,2008.0,2008.0,BAL,18.0,-17.0,
2017,5,00-0026158,J.Flacco,QB,BAL,LV,19,26,222.0,0,0.0,0.0,-0.0,3,-4.0,0,0,0,0.0,0,8.48,8.48,,,78.0,245.0,32.8005625,9.0,Delaware,2008.0,2008.0,BAL,18.0,,
2017,6,00-0026158,J.Flacco,QB,BAL,CHI,24,41,180.0,0,2.0,3.0,14.0,1,2.0,0,0,0,0.0,0,5.4,5.4,,,78.0,245.0,32.8005625,9.0,Delaware,2008.0,2008.0,BAL,18.0,-3.0,
2017,7,00-0026158,J.Flacco,QB,BAL,MIN,27,39,186.0,1,0.0,5.0,42.0,1,0.0,0,0,0,0.0,0,11.44,11.44,,,78.0,245.0,32.8005625,9.0,Delaware,2008.0,2008.0,BAL,18.0,,
2017,8,00-0026158,J.Flacco,QB,BAL,MIA,10,15,101.0,1,0.0,0.0,-0.0,1,9.0,0,0,0,0.0,0,8.94,8.94,,,78.0,245.0,32.8005625,9.0,Delaware,2008.0,2008.0,BAL,18.0,40.0,
2017,9,00-0026158,J.Flacco,QB,BAL,TEN,34,52,261.0,2,2.0,2.0,9.0,1,7.0,0,0,0,0.0,0,15.14,15.14,,,78.0,245.0,32.8005625,9.0,Delaware,2008.0,2008.0,BAL,18.0,,
2017,11,00-0026158,J.Flacco,QB,BAL,GB,22,28,183.0,1,1.0,3.0,22.0,2,-1.0,0,0,0,0.0,0,9.22,9.22,,,78.0,245.0,32.8005625,9.0,Delaware,2008.0,2008.0,BAL,18.0,,
2017,12,00-0026158,J.Flacco,QB,BAL,HOU,20,32,141.0,0,0.0,1.0,8.0,6,42.0,0,0,0,0.0,0,9.84,9.84,,,78.0,245.0,32.8005625,9.0,Delaware,2008.0,2008.0,BAL,18.0,7.0,
2017,13,00-0026158,J.Flacco,QB,BAL,DET,23,36,269.0,2,0.0,0.0,-0.0,1,-1.0,0,0,0,0.0,0,18.66,18.66,,,78.0,245.0,32.8005625,9.0,Delaware,2008.0,2008.0,BAL,18.0,24.0,
2017,14,00-0026158,J.Flacco,QB,BAL,PIT,20,35,269.0,2,1.0,1.0,8.0,0,0.0,0,0,0,0.0,0,16.76,16.76,,,78.0,245.0,32.8005625,9.0,Delaware,2008.0,2008.0,BAL,18.0,,
2017,15,00-0026158,J.Flacco,QB,BAL,CLE,26,42,288.0,1,0.0,1.0,9.0,4,3.0,1,0,0,0.0,0,21.82,21.82,,,78.0,245.0,32.8005625,9.0,Delaware,2008.0,2008.0,BAL,18.0,,
2017,16,00-0026158,J.Flacco,QB,BAL,IND,29,38,237.0,2,0.0,1.0,17.0,4,-2.0,0,0,0,0.0,0,17.28,17.28,,,78.0,245.0,32.8005625,9.0,Delaware,2008.0,2008.0,BAL,18.0,7.0,
2017,17,00-0026158,J.Flacco,QB,BAL,CIN,25,47,203.0,2,1.0,1.0,9.0,0,0.0,0,0,0,0.0,0,14.12,14.12,,,78.0,245.0,32.8005625,9.0,Delaware,2008.0,2008.0,BAL,18.0,-4.0,
2017,2,00-0026164,C.Johnson,RB,ARI,IND,0,0,0.0,0,0.0,0.0,0.0,11,44.0,0,0,0,0.0,0,4.4,4.4,,,71.0,203.0,32.1185625,9.0,East Carolina,2008.0,2008.0,TEN,24.0,,
2017,3,00-0026164,C.Johnson,RB,ARI,DAL,0,0,0.0,0,0.0,0.0,0.0,12,17.0,0,2,1,4.0,0,2.1,3.1,,,71.0,203.0,32.1185625,9.0,East Carolina,2008.0,2008.0,TEN,24.0,-11.0,0.041666668
2017,4,00-0026164,C.Johnson,RB,ARI,SF,0,0,0.0,0,0.0,0.0,0.0,13,32.0,0,3,3,31.0,0,6.3,9.3,,,71.0,203.0,32.1185625,9.0,East Carolina,2008.0,2008.0,TEN,24.0,3.0,0.05882353
2017,5,00-0026164,C.Johnson,RB,ARI,PHI,0,0,0.0,0,0.0,0.0,0.0,9,21.0,0,1,1,8.0,0,2.9,3.9,,,71.0,203.0,32.1185625,9.0,East Carolina,2008.0,2008.0,TEN,24.0,,0.022727273
2017,1,00-0026176,J.Nelson,WR,GB,SEA,0,0,0.0,0,0.0,0.0,0.0,0,0.0,0,8,7,79.0,1,13.9,20.9,,,75.0,217.0,32.43325,9.0,Kansas State,2008.0,2008.0,GB,36.0,8.0,0.1904762
2017,3,00-0026176,J.Nelson,WR,GB,CIN,0,0,0.0,0,0.0,0.0,0.0,0,0.0,0,9,6,52.0,2,17.2,23.2,,,75.0,217.0,32.43325,9.0,Kansas State,2008.0,2008.0,GB,36.0,3.0,0.21428572
2017,4,00-0026176,J.Nelson,WR,GB,CHI,0,0,0.0,0,0.0,0.0,0.0,0,0.0,0,7,4,75.0,2,19.5,23.5,,,75.0,217.0,32.43325,9.0,Kansas State,2008.0,2008.0,GB,36.0,21.0,0.25925925
2017,5,00-0026176,J.Nelson,WR,GB,DAL,0,0,0.0,0,0.0,0.0,0.0,0,0.0,0,4,2,24.0,1,8.4,10.4,,,75.0,217.0,32.43325,9.0,Kansas State,2008.0,2008.0,GB,36.0,,0.14285715
2017,6,00-0026176,J.Nelson,WR,GB,MIN,0,0,0.0,0,0.0,0.0,0.0,0,0.0,0,10,6,60.0,0,6.0,12.0,,,75.0,217.0,32.43325,9.0,Kansas State,2008.0,2008.0,GB,36.0,,0.27027026
2017,7,00-0026176,J.Nelson,WR,GB,NO,0,0,0.0,0,0.0,0.0,0.0,0,0.0,0,4,1,13.0,0,1.3,2.3,,,75.0,217.0,32.43325,9.0,Kansas State,2008.0,2008.0,GB,36.0,-9.0,0.16
2017,9,00-0026176,J.Nelson,WR,GB,DET,0,0,0.0,0,0.0,0.0,0.0,0,0.0,0,7,4,35.0,0,3.5,7.5,,,75.0,217.0,32.43325,9.0,Kansas State,2008.0,2008.0,GB,36.0,-13.0,0.18421052
2017,10,00-0026176,J.Nelson,WR,GB,CHI,0,0,0.0,0,0.0,0.0,0.0,0,0.0,0,4,3,20.0,0,2.0,5.0,,,75.0,217.0,32.43325,9.0,Kansas State,2008.0,2008.0,GB,36.0,,0.16666667
2017,11,00-0026176,J.Nelson,WR,GB,BAL,0,0,0.0,0,0.0,0.0,0.0,0,0.0,0,6,2,24.0,0,2.4,4.4,,,75.0,217.0,32.43325,9.0,Kansas State,2008.0,2008.0,GB,36.0,-23.0,0.17142858
2017,12,00-0026176,J.Nelson,WR,GB,PIT,0,0,0.0,0,0.0,0.0,0.0,0,0.0,0,5,3,11.0,0,1.1,4.1,,,75.0,217.0,32.43325,9.0,Kansas State,2008.0,2008.0,GB,36.0,,0.2
2017,13,00-0026176,J.Nelson,WR,GB,TB,0,0,0.0,0,0.0,0.0,0.0,0,0.0,0,8,5,17.0,0,1.7,6.7,,,75.0,217.0,32.43325,9.0,Kansas State,2008.0,2008.0,GB,36.0,6.0,0.36363637
2017,14,00-0026176,J.Nelson,WR,GB,CLE,0,0,0.0,0,0.0,0.0,0.0,0,0.0,0,5,4,33.0,0,3.3,7.3,,,75.0,217.0,32.43325,9.0,Kansas State,2008.0,2008.0,GB,36.0,,0.10869565
2017,15,00-0026176,J.Nelson,WR,GB,CAR,0,0,0.0,0,0.0,0.0,0.0,0,0.0,0,6,3,28.0,0,2.8,5.8,,,75.0,217.0,32.43325,9.0,Kansas State,2008.0,2008.0,GB,36.0,,0.13953489
2017,16,00-0026176,J.Nelson,WR,GB,MIN,0,0,0.0,0,0.0,0.0,0.0,0,0.0,0,5,3,11.0,0,1.1,4.1,,,75.0,217.0,32.43325,9.0,Kansas State,2008.0,2008.0,GB,36.0,-16.0,0.125
2017,1,00-0026184,M.Forte,RB,NYJ,BUF,0,0,0.0,0,0.0,0.0,0.0,6,16.0,0,5,3,20.0,0,3.6,6.6,,,74.0,218.0,31.90125,9.0,Tulane,2008.0,2008.0,CHI,44.0,,0.13157895
2017,2,00-0026184,M.Forte,RB,NYJ,LV,0,0,0.0,0,0.0,0.0,0.0,9,53.0,0,3,3,38.0,0,9.1,12.1,,,74.0,218.0,31.90125,9.0,Tulane,2008.0,2008.0,CHI,44.0,,0.125
2017,3,00-0026184,M.Forte,RB,NYJ,MIA,0,0,0.0,0,0.0,0.0,0.0,8,25.0,0,0,0,0.0,0,2.5,2.5,,,74.0,218.0,31.90125,9.0,Tulane,2008.0,2008.0,CHI,44.0,14.0,
2017,6,00-0026184,M.Forte,RB,NYJ,NE,0,0,0.0,0,0.0,0.0,0.0,9,22.0,0,8,8,59.0,0,8.1,16.1,,,74.0,218.0,31.90125,9.0,Tulane,2008.0,2008.0,CHI,44.0,-7.0,0.17777778
2017,7,00-0026184,M.Forte,RB,NYJ,MIA,0,0,0.0,0,0.0,0.0,0.0,7,41.0,0,5,5,41.0,0,8.2,13.2,,,74.0,218.0,31.90125,9.0,Tulane,2008.0,2008.0,CHI,44.0,,0.1923077
2017,8,00-0026184,M.Forte,RB,NYJ,ATL,0,0,0.0,0,0.0,0.0,0.0,4,7.0,0,7,6,45.0,0,5.2,11.2,,,74.0,218.0,31.90125,9.0,Tulane,2008.0,2008.0,CHI,44.0,-5.0,0.21875
2017,9,00-0026184,M.Forte,RB,NYJ,BUF,0,0,0.0,0,0.0,0.0,0.0,14,77.0,2,4,4,19.0,0,21.6,25.6,,,74.0,218.0,31.90125,9.0,Tulane,2008.0,2008.0,CHI,44.0,13.0,0.2
2017,12,00-0026184,M.Forte,RB,NYJ,CAR,0,0,0.0,0,0.0,0.0,0.0,10,26.0,0,1,0,0.0,0,2.6,2.6,,,74.0,218.0,31.90125,9.0,Tulane,2008.0,2008.0,CHI,44.0,-8.0,0.029411765
2017,13,00-0026184,M.Forte,RB,NYJ,KC,0,0,0.0,0,0.0,0.0,0.0,15,58.0,0,3,3,33.0,1,15.1,18.1,,,74.0,218.0,31.90125,9.0,Tulane,2008.0,2008.0,CHI,44.0,7.0,0.0882353
2017,14,00-0026184,M.Forte,RB,NYJ,DEN,0,0,0.0,0,0.0,0.0,0.0,6,13.0,0,3,2,21.0,0,3.4,5.4,,,74.0,218.0,31.90125,9.0,Tulane,2008.0,2008.0,CHI,44.0,,0.14285715
2017,15,00-0026184,M.Forte,RB,NYJ,NO,0,0,0.0,0,0.0,0.0,0.0,7,24.0,0,5,2,10.0,0,3.4,5.4,,,74.0,218.0,31.90125,9.0,Tulane,2008.0,2008.0,CHI,44.0,,0.14285715
2017,16,00-0026184,M.Forte,RB,NYJ,LAC,0,0,0.0,0,0.0,0.0,0.0,8,19.0,0,1,1,7.0,0,0.6,1.6,,,74.0,218.0,31.90125,9.0,Tulane,2008.0,2008.0,CHI,44.0,-7.0,0.035714287
2017,2,00-0026189,D.Jackson,WR,TB,CHI,0,0,0.0,0,0.0,0.0,0.0,0,0.0,0,7,3,39.0,0,3.9,6.9,,,70.0,175.0,30.9388125,9.0,California,2008.0,2008.0,PHI,49.0,22.0,0.22580644
2017,3,00-0026189,D.Jackson,WR,TB,MIN,0,0,0.0,0,0.0,0.0,0.0,0,0.0,0,7,4,84.0,1,14.4,18.4,,,70.0,175.0,30.9388125,9.0,California,2008.0,2008.0,PHI,49.0,,0.175
2017,4,00-0026189,D.Jackson,WR,TB,NYG,0,0,0.0,0,0.0,0.0,0.0,0,0.0,0,6,2,20.0,0,2.0,4.0,,,70.0,175.0,30.9388125,9.0,California,2008.0,2008.0,PHI,49.0,2.0,0.15789473
2017,5,00-0026189,D.Jackson,WR,TB,NE,0,0,0.0,0,0.0,0.0,0.0,0,0.0,0,9,5,106.0,0,10.6,15.6,,,70.0,175.0,30.9388125,9.0,California,2008.0,2008.0,PHI,49.0,-5.0,0.2
2017,6,00-0026189,D.Jackson,WR,TB,ARI,0,0,0.0,0,0.0,0.0,0.0,0,0.0,0,6,3,38.0,1,9.8,12.8,,,70.0,175.0,30.9388125,9.0,California,2008.0,2008.0,PHI,49.0,,0.14285715
2017,7,00-0026189,D.Jackson,WR,TB,BUF,0,0,0.0,0,0.0,0.0,0.0,0,0.0,0,8,5,73.0,0,7.3,12.3,,,70.0,175.0,30.9388125,9.0,California,2008.0,2008.0,PHI,49.0,,0.18181819
2017,8,00-0026189,D.Jackson,WR,TB,CAR,0,0,0.0,0,0.0,0.0,0.0,0,0.0,0,8,3,37.0,0,3.7,6.7,,,70.0,175.0,30.9388125,9.0,California,2008.0,2008.0,PHI,49.0,-14.0,0.22222222
2017,9,00-0026189,D.Jackson,WR,TB,NO,0,0,0.0,0,0.0,0.0,0.0,1,8.0,0,4,2,25.0,0,3.3,5.3,,,70.0,175.0,30.9388125,9.0,California,2008.0,2008.0,PHI,49.0,,0.14814815
2017,10,00-0026189,D.Jackson,WR,TB,NYJ,0,0,0.0,0,0.0,0.0,0.0,0,0.0,0,10,6,82.0,0,8.2,14.2,,,70.0,175.0,30.9388125,9.0,California,2008.0,2008.0,PHI,49.0,5.0,0.29411766
2017,11,00-0026189,D.Jackson,WR,TB,MIA,0,0,0.0,0,0.0,0.0,0.0,0,0.0,0,3,2,28.0,1,8.8,10.8,,,70.0,175.0,30.9388125,9.0,California,2008.0,2008.0,PHI,49.0,,0.083333336
2017,12,00-0026189,D.Jackson,WR,TB,ATL,0,0,0.0,0,0.0,0.0,0.0,0,0.0,0,11,8,60.0,0,6.0,14.0,,,70.0,175.0,30.9388125,9.0,California,2008.0,2008.0,PHI,49.0,,0.25
2017,13,00-0026189,D.Jackson,WR,TB,GB,0,0,0.0,0,0.0,0.0,0.0,0,0.0,0,3,2,24.0,0,2.4,4.4,,,70.0,175.0,30.9388125,9.0,California,2008.0,2008.0,PHI,49.0,,0.09375
2017,14,00-0026189,D.Jackson,WR,TB,DET,0,0,0.0,0,0.0,0.0,0.0,1,23.0,0,7,4,41.0,0,6.4,10.4,,,70.0,175.0,30.9388125,9.0,California,2008.0,2008.0,PHI,49.0,-3.0,0.1891892
2017,15,00-0026189,D.Jackson,WR,TB,ATL,0,0,0.0,0,0.0,0.0,0.0,1,7.0,0,1,1,11.0,0,1.8,2.8,,,70.0,175.0,30.9388125,9.0,California,2008.0,2008.0,PHI,49.0,-3.0,0.030303031
2017,3,00-0026197,C.Henne,QB,JAX,BAL,0,2,0.0,0,0.0,0.0,-0.0,3,-3.0,0,0,0,0.0,0,-0.3,-0.3,,,75.0,222.0,32.37621052631579,9.0,Michigan,2008.0,2008.0,MIA,57.0,37.0,
2017,15,00-0026197,C.Henne,QB,JAX,HOU,0,0,0.0,0,0.0,0.0,0.0,2,-2.0,0,0,0,0.0,0,-0.2,-0.2,,,75.0,222.0,32.37621052631579,9.0,Michigan,2008.0,2008.0,MIA,57.0,38.0,
2017,1,00-0026201,M.Bennett,TE,GB,SEA,0,0,0.0,0,0.0,0.0,0.0,0,0.0,0,6,3,43.0,0,4.3,7.3,,,78.0,275.0,30.693421052631578,9.0,Texas A&M,2008.0,2008.0,DAL,61.0,8.0,0.14285715
2017,2,00-0026201,M.Bennett,TE,GB,ATL,0,0,0.0,0,0.0,0.0,0.0,0,0.0,0,11,5,47.0,0,4.7,9.7,,,78.0,275.0,30.693421052631578,9.0,Texas A&M,2008.0,2008.0,DAL,61.0,,0.2244898
2017,3,00-0026201,M.Bennett,TE,GB,CIN,0,0,0.0,0,0.0,0.0,0.0,0,0.0,0,4,3,12.0,0,1.2,4.2,,,78.0,275.0,30.693421052631578,9.0,Texas A&M,2008.0,2008.0,DAL,61.0,3.0,0.0952381
2017,4,00-0026201,M.Bennett,TE,GB,CHI,0,0,0.0,0,0.0,0.0,0.0,0,0.0,0,7,6,39.0,0,3.9,9.9,,,78.0,275.0,30.693421052631578,9.0,Texas A&M,2008.0,2008.0,DAL,61.0,21.0,0.25925925
2017,5,00-0026201,M.Bennett,TE,GB,DAL,0,0,0.0,0,0.0,0.0,0.0,0,0.0,0,3,3,53.0,0,5.3,8.3,,,78.0,275.0,30.693421052631578,9.0,Texas A&M,2008.0,2008.0,DAL,61.0,,0.10714286
2017,6,00-0026201,M.Bennett,TE,GB,MIN,0,0,0.0,0,0.0,0.0,0.0,0,0.0,0,4,2,22.0,0,2.2,4.2,,,78.0,275.0,30.693421052631578,9.0,Texas A&M,2008.0,2008.0,DAL,61.0,,0.10810811
2017,7,00-0026201,M.Bennett,TE,GB,NO,0,0,0.0,0,0.0,0.0,0.0,0,0.0,0,3,2,17.0,0,1.7,3.7,,,78.0,275.0,30.693421052631578,9.0,Texas A&M,2008.0,2008.0,DAL,61.0,-9.0,0.12
2017,10,00-0026201,M.Bennett,TE,NE,DEN,0,0,0.0,0,0.0,0.0,0.0,0,0.0,0,3,3,38.0,0,3.8,6.8,,,78.0,275.0,30.693421052631578,9.0,Texas A&M,2008.0,2008.0,DAL,61.0,,0.08108108
2017,11,00-0026201,M.Bennett,TE,NE,LV,0,0,0.0,0,0.0,0.0,0.0,0,0.0,0,3,3,15.0,0,1.5,4.5,,,78.0,275.0,30.693421052631578,9.0,Texas A&M,2008.0,2008.0,DAL,61.0,,0.08108108
2017,1,00-0026213,J.Charles,RB,DEN,LAC,0,0,0.0,0,0.0,0.0,0.0,10,40.0,0,1,0,0.0,0,2.0,2.0,,,71.0,199.0,30.862875,9.0,Texas,2008.0,2008.0,KC,73.0,3.0,0.035714287
2017,2,00-0026213,J.Charles,RB,DEN,DAL,0,0,0.0,0,0.0,0.0,0.0,9,46.0,0,1,1,6.0,0,5.2,6.2,,,71.0,199.0,30.862875,9.0,Texas,2008.0,2008.0,KC,73.0,25.0,0.033333335
2017,3,00-0026213,J.Charles,RB,DEN,BUF,0,0,0.0,0,0.0,0.0,0.0,9,56.0,1,1,1,1.0,0,11.7,12.7,,,71.0,199.0,30.862875,9.0,Texas,2008.0,2008.0,KC,73.0,,0.025
2017,4,00-0026213,J.Charles,RB,DEN,LV,0,0,0.0,0,0.0,0.0,0.0,5,33.0,0,1,1,14.0,0,4.7,5.7,,,71.0,199.0,30.862875,9.0,Texas,2008.0,2008.0,KC,73.0,6.0,0.04
2017,6,00-0026213,J.Charles,RB,DEN,NYG,0,0,0.0,0,0.0,0.0,0.0,5,19.0,0,3,1,2.0,0,2.1,3.1,,,71.0,199.0,30.862875,9.0,Texas,2008.0,2008.0,KC,73.0,-13.0,0.056603774
2017,7,00-0026213,J.Charles,RB,DEN,LAC,0,0,0.0,0,0.0,0.0,0.0,4,2.0,0,4,4,20.0,0,2.2,6.2,,,71.0,199.0,30.862875,9.0,Texas,2008.0,2008.0,KC,73.0,,0.114285715
2017,8,00-0026213,J.Charles,RB,DEN,KC,0,0,0.0,0,0.0,0.0,0.0,8,39.0,0,1,1,5.0,0,2.4,3.4,,,71.0,199.0,30.862875,9.0,Texas,2008.0,2008.0,KC,73.0,,0.027777778
2017,9,00-0026213,J.Charles,RB,DEN,PHI,0,0,0.0,0,0.0,0.0,0.0,4,1.0,0,4,4,23.0,0,2.4,6.4,,,71.0,199.0,30.862875,9.0,Texas,2008.0,2008.0,KC,73.0,,0.10810811
2017,10,00-0026213,J.Charles,RB,DEN,NE,0,0,0.0,0,0.0,0.0,0.0,8,38.0,0,1,0,0.0,0,3.8,3.8,,,71.0,199.0,30.862875,9.0,Texas,2008.0,2008.0,KC,73.0,-25.0,0.03125
2017,11,00-0026213,J.Charles,RB,DEN,CIN,0,0,0.0,0,0.0,0.0,0.0,3,7.0,0,0,0,0.0,0,0.7,0.7,,,71.0,199.0,30.862875,9.0,Texas,2008.0,2008.0,KC,73.0,-3.0,
2017,12,00-0026213,J.Charles,RB,DEN,LV,0,0,0.0,0,0.0,0.0,0.0,1,3.0,0,3,2,7.0,0,1.0,3.0,,,71.0,199.0,30.862875,9.0,Texas,2008.0,2008.0,KC,73.0,,0.0882353
2017,13,00-0026213,J.Charles,RB,DEN,MIA,0,0,0.0,0,0.0,0.0,0.0,3,12.0,0,5,5,39.0,0,5.1,10.1,,,71.0,199.0,30.862875,9.0,Texas,2008.0,2008.0,KC,73.0,,0.125
2017,14,00-0026213,J.Charles,RB,DEN,NYJ,0,0,0.0,0,0.0,0.0,0.0,0,0.0,0,3,3,12.0,0,1.2,4.2,,,71.0,199.0,30.862875,9.0,Texas,2008.0,2008.0,KC,73.0,23.0,0.10714286
2017,12,00-0026224,H.Douglas,WR,TEN,IND,0,0,0.0,0,0.0,0.0,0.0,0,0.0,0,3,1,8.0,0,0.8,1.8,,,72.0,183.0,33.15683333333333,9.0,Louisville,2008.0,2008.0,ATL,84.0,,0.125
2017,1,00-0026345,P.Garcon,WR,SF,CAR,0,0,0.0,0,0.0,0.0,0.0,0,0.0,0,10,6,81.0,0,8.1,14.1,,,72.0,216.0,31.241500000000002,9.0,Mount Union,2008.0,2008.0,IND,205.0,-20.0,0.2857143
2017,2,00-0026345,P.Garcon,WR,SF,SEA,0,0,0.0,0,0.0,0.0,0.0,0,0.0,0,5,3,26.0,0,2.6,5.6,,,72.0,216.0,31.241500000000002,9.0,Mount Union,2008.0,2008.0,IND,205.0,,0.1923077
2017,3,00-0026345,P.Garcon,WR,SF,LA,0,0,0.0,0,0.0,0.0,0.0,0,0.0,0,10,7,142.0,0,14.2,21.2,,,72.0,216.0,31.241500000000002,9.0,Mount Union,2008.0,2008.0,IND,205.0,-2.0,0.27027026
2017,4,00-0026345,P.Garcon,WR,SF,ARI,0,0,0.0,0,0.0,0.0,0.0,0,0.0,0,8,4,36.0,0,3.6,7.6,,,72.0,216.0,31.241500000000002,9.0,Mount Union,2008.0,2008.0,IND,205.0,,0.16666667
2017,5,00-0026345,P.Garcon,WR,SF,IND,0,0,0.0,0,0.0,0.0,0.0,0,0.0,0,11,8,94.0,0,9.4,17.4,,,72.0,216.0,31.241500000000002,9.0,Mount Union,2008.0,2008.0,IND,205.0,,0.24444444
2017,6,00-0026345,P.Garcon,WR,SF,WAS,0,0,0.0,0,0.0,0.0,0.0,0,0.0,0,12,5,55.0,0,5.5,10.5,,,72.0,216.0,31.241500000000002,9.0,Mount Union,2008.0,2008.0,IND,205.0,,0.25531915
2017,7,00-0026345,P.Garcon,WR,SF,DAL,0,0,0.0,0,0.0,0.0,0.0,0,0.0,0,7,5,49.0,0,4.9,9.9,,,72.0,216.0,31.241500000000002,9.0,Mount Union,2008.0,2008.0,IND,205.0,-30.0,0.1891892
2017,8,00-0026345,P.Garcon,WR,SF,PHI,0,0,0.0,0,0.0,0.0,0.0,0,0.0,0,4,2,17.0,0,1.7,3.7,,,72.0,216.0,31.241500000000002,9.0,Mount Union,2008.0,2008.0,IND,205.0,,0.11111111
2017,1,00-0026498,M.Stafford,QB,DET,ARI,29,41,292.0,4,1.0,1.0,7.0,2,14.0,0,0,0,0.0,0,27.08,27.08,,,75.0,220.0,29.7460625,8.0,Georgia,2009.0,2009.0,DET,1.0,12.0,
2017,2,00-0026498,M.Stafford,QB,DET,NYG,15,21,122.0,2,0.0,3.0,3.0,3,23.0,0,0,0,0.0,0,13.18,13.18,,,75.0,220.0,29.7460625,8.0,Georgia,2009.0,2009.0,DET,1.0,,
2017,3,00-0026498,M.Stafford,QB,DET,ATL,25,45,264.0,1,0.0,2.0,11.0,2,19.0,0,0,0,0.0,0,16.46,16.46,,,75.0,220.0,29.7460625,8.0,Georgia,2009.0,2009.0,DET,1.0,-4.0,
2017,4,00-0026498,M.Stafford,QB,DET,MIN,19,31,209.0,0,0.0,6.0,55.0,3,-3.0,0,0,0,0.0,0,10.06,10.06,,,75.0,220.0,29.7460625,8.0,Georgia,2009.0,2009.0,DET,1.0,,
2017,5,00-0026498,M.Stafford,QB,DET,CAR,23,35,229.0,2,0.0,6.0,37.0,0,0.0,0,0,0,0.0,0,15.16,15.16,,,75.0,220.0,29.7460625,8.0,Georgia,2009.0,2009.0,DET,1.0,-3.0,
2017,6,00-0026498,M.Stafford,QB,DET,NO,25,52,312.0,3,3.0,5.0,31.0,2,4.0,0,0,0,0.0,0,14.88,14.88,,,75.0,220.0,29.7460625,8.0,Georgia,2009.0,2009.0,DET,1.0,,
2017,8,00-0026498,M.Stafford,QB,DET,PIT,27,45,423.0,0,0.0,2.0,12.0,1,11.0,0,0,0,0.0,0,18.02,18.02,,,75.0,220.0,29.7460625,8.0,Georgia,2009.0,2009.0,DET,1.0,-5.0,
2017,9,00-0026498,M.Stafford,QB,DET,GB,26,33,361.0,2,0.0,1.0,8.0,1,0.0,0,0,0,0.0,0,22.44,22.44,,,75.0,220.0,29.7460625,8.0,Georgia,2009.0,2009.0,DET,1.0,,
2017,10,00-0026498,M.Stafford,QB,DET,CLE,17,26,249.0,3,1.0,4.0,8.0,4,17.0,0,0,0,0.0,0,21.66,21.66,,,75.0,220.0,29.7460625,8.0,Georgia,2009.0,2009.0,DET,1.0,14.0,
2017,11,00-0026498,M.Stafford,QB,DET,CHI,21,31,299.0,2,0.0,3.0,12.0,3,3.0,0,0,0,0.0,0,18.26,18.26,,,75.0,220.0,29.7460625,8.0,Georgia,2009.0,2009.0,DET,1.0,,
2017,12,00-0026498,M.Stafford,QB,DET,MIN,20,35,250.0,2,1.0,3.0,14.0,1,0.0,0,0,0,0.0,0,14.0,14.0,,,75.0,220.0,29.7460625,8.0,Georgia,2009.0,2009.0,DET,1.0,-7.0,
2017,13,00-0026498,M.Stafford,QB,DET,BAL,24,29,292.0,1,1.0,3.0,22.0,3,2.0,0,0,0,0.0,0,11.88,11.88,,,75.0,220.0,29.7460625,8.0,Georgia,2009.0,2009.0,DET,1.0,,
2017,14,00-0026498,M.Stafford,QB,DET,TB,36,44,381.0,1,2.0,0.0,-0.0,0,0.0,0,0,0,0.0,0,15.24,15.24,,,75.0,220.0,29.7460625,8.0,Georgia,2009.0,2009.0,DET,1.0,,
2017,15,00-0026498,M.Stafford,QB,DET,CHI,25,33,237.0,2,0.0,4.0,35.0,1,-1.0,0,0,0,0.0,0,17.38,17.38,,,75.0,220.0,29.7460625,8.0,Georgia,2009.0,2009.0,DET,1.0,10.0,
2017,16,00-0026498,M.Stafford,QB,DET,CIN,19,35,203.0,1,1.0,2.0,14.0,1,7.0,0,0,0,0.0,0,10.82,10.82,,,75.0,220.0,29.7460625,8.0,Georgia,2009.0,2009.0,DET,1.0,,
2017,17,00-0026498,M.Stafford,QB,DET,GB,20,29,323.0,3,0.0,2.0,18.0,2,2.0,0,0,0,0.0,0,27.12,27.12,,,75.0,220.0,29.7460625,8.0,Georgia,2009.0,2009.0,DET,1.0,24.0,
2017,10,00-0026544,C.Daniel,QB,NO,BUF,0,0,0.0,0,0.0,0.0,0.0,3,-2.0,0,0,0,0.0,0,-0.2,-0.2,,,72.0,225.0,31.104333333333336,8.0,Missouri,2009.0,2009.0,,,,
2017,1,00-0026625,B.Hoyer,QB,SF,CAR,24,35,193.0,0,1.0,4.0,27.0,1,-5.0,0,0,0,0.0,0,3.22,3.22,,,74.0,215.0,32.095150000000004,8.0,Michigan State,2009.0,2009.0,,,-20.0,
2017,2,00-0026625,B.Hoyer,QB,SF,SEA,15,27,99.0,0,1.0,2.0,10.0,0,0.0,0,0,0,0.0,0,1.96,1.96,,,74.0,215.0,32.095150000000004,8.0,Michigan State,2009.0,2009.0,,,,
2017,3,00-0026625,B.Hoyer,QB,SF,LA,23,37,332.0,2,1.0,4.0,24.0,1,9.0,1,0,0,0.0,0,26.18,26.18,,,74.0,215.0,32.095150000000004,8.0,Michigan State,2009.0,2009.0,,,-2.0,
2017,4,00-0026625,B.Hoyer,QB,SF,ARI,24,49,234.0,0,1.0,3.0,24.0,1,3.0,0,0,0,0.0,0,7.66,7.66,,,74.0,215.0,32.095150000000004,8.0,Michigan State,2009.0,2009.0,,,,
2017,5,00-0026625,B.Hoyer,QB,SF,IND,29,46,353.0,2,0.0,2.0,17.0,2,0.0,0,0,0,0.0,0,22.12,22.12,,,74.0,215.0,32.095150000000004,8.0,Michigan State,2009.0,2009.0,,,,
2017,6,00-0026625,B.Hoyer,QB,SF,WAS,4,11,34.0,0,0.0,1.0,10.0,0,0.0,0,0,0,0.0,0,1.36,1.36,,,74.0,215.0,32.095150000000004,8.0,Michigan State,2009.0,2009.0,,,,
2017,10,00-0026625,B.Hoyer,QB,NE,DEN,3,3,37.0,0,0.0,0.0,-0.0,0,0.0,0,0,0,0.0,0,1.48,1.48,,,74.0,215.0,32.095150000000004,8.0,Michigan State,2009.0,2009.0,,,,
2017,13,00-0026625,B.Hoyer,QB,NE,BUF,0,0,0.0,0,0.0,0.0,0.0,2,-2.0,0,0,0,0.0,0,-0.2,-0.2,,,74.0,215.0,32.095150000000004,8.0,Michigan State,2009.0,2009.0,,,,
2017,16,00-0026625,B.Hoyer,QB,NE,BUF,0,0,0.0,0,0.0,0.0,0.0,2,-1.0,0,0,0,0.0,0,-0.1,-0.1,,,74.0,215.0,32.095150000000004,8.0,Michigan State,2009.0,2009.0,,,21.0,
2017,17,00-0026625,B.Hoyer,QB,NE,NYJ,1,3,5.0,0,0.0,0.0,-0.0,0,0.0,0,0,0,0.0,0,0.2,0.2,,,74.0,215.0,32.095150000000004,8.0,Michigan State,2009.0,2009.0,,,20.0,
2017,19,00-0026625,B.Hoyer,QB,NE,TEN,0,0,0.0,0,0.0,0.0,0.0,3,-1.0,0,0,0,0.0,0,-0.1,-0.1,,,74.0,215.0,32.095150000000004,8.0,Michigan State,2009.0,2009.0,,,21.0,
2017,1,00-0026901,M.Wallace,WR,BAL,CIN,0,0,0.0,0,0.0,0.0,0.0,0,0.0,0,1,1,8.0,0,0.8,1.8,,,72.0,200.0,31.261875,8.0,Mississippi,2009.0,2009.0,PIT,84.0,,0.05882353
2017,2,00-0026901,M.Wallace,WR,BAL,CLE,0,0,0.0,0,0.0,0.0,0.0,0,0.0,0,3,1,7.0,0,0.7,1.7,,,72.0,200.0,31.261875,8.0,Mississippi,2009.0,2009.0,PIT,84.0,14.0,0.09090909
2017,3,00-0026901,M.Wallace,WR,BAL,JAX,0,0,0.0,0,0.0,0.0,0.0,1,4.0,0,5,1,6.0,0,1.0,2.0,,,72.0,200.0,31.261875,8.0,Mississippi,2009.0,2009.0,PIT,84.0,,0.18518518
2017,4,00-0026901,M.Wallace,WR,BAL,PIT,0,0,0.0,0,0.0,0.0,0.0,0,0.0,0,10,6,55.0,1,11.5,17.5,,,72.0,200.0,31.261875,8.0,Mississippi,2009.0,2009.0,PIT,84.0,-17.0,0.21276596
2017,5,00-0026901,M.Wallace,WR,BAL,LV,0,0,0.0,0,0.0,0.0,0.0,0,0.0,0,3,3,133.0,0,13.3,16.3,,,72.0,200.0,31.261875,8.0,Mississippi,2009.0,2009.0,PIT,84.0,,0.115384616
2017,6,00-0026901,M.Wallace,WR,BAL,CHI,0,0,0.0,0,0.0,0.0,0.0,0,0.0,0,5,3,30.0,0,3.0,6.0,,,72.0,200.0,31.261875,8.0,Mississippi,2009.0,2009.0,PIT,84.0,-3.0,0.12195122
2017,7,00-0026901,M.Wallace,WR,BAL,MIN,0,0,0.0,0,0.0,0.0,0.0,0,0.0,0,1,1,9.0,0,0.9,1.9,,,72.0,200.0,31.261875,8.0,Mississippi,2009.0,2009.0,PIT,84.0,,0.025641026
2017,9,00-0026901,M.Wallace,WR,BAL,TEN,0,0,0.0,0,0.0,0.0,0.0,0,0.0,0,7,4,19.0,1,7.9,11.9,,,72.0,200.0,31.261875,8.0,Mississippi,2009.0,2009.0,PIT,84.0,,0.13461539
2017,11,00-0026901,M.Wallace,WR,BAL,GB,0,0,0.0,0,0.0,0.0,0.0,0,0.0,0,4,4,56.0,1,11.6,15.6,,,72.0,200.0,31.261875,8.0,Mississippi,2009.0,2009.0,PIT,84.0,,0.14285715
2017,12,00-0026901,M.Wallace,WR,BAL,HOU,0,0,0.0,0,0.0,0.0,0.0,0,0.0,0,11,5,48.0,0,4.8,9.8,,,72.0,200.0,31.261875,8.0,Mississippi,2009.0,2009.0,PIT,84.0,7.0,0.33333334
2017,13,00-0026901,M.Wallace,WR,BAL,DET,0,0,0.0,0,0.0,0.0,0.0,0,0.0,0,8,5,116.0,0,11.6,16.6,,,72.0,200.0,31.261875,8.0,Mississippi,2009.0,2009.0,PIT,84.0,24.0,0.22222222
2017,14,00-0026901,M.Wallace,WR,BAL,PIT,0,0,0.0,0,0.0,0.0,0.0,0,0.0,0,5,3,72.0,0,7.2,10.2,,,72.0,200.0,31.261875,8.0,Mississippi,2009.0,2009.0,PIT,84.0,,0.14705883
2017,15,00-0026901,M.Wallace,WR,BAL,CLE,0,0,0.0,0,0.0,0.0,0.0,0,0.0,0,10,6,89.0,0,8.9,14.9,,,72.0,200.0,31.261875,8.0,Mississippi,2009.0,2009.0,PIT,84.0,,0.23809524
2017,16,00-0026901,M.Wallace,WR,BAL,IND,0,0,0.0,0,0.0,0.0,0.0,0,0.0,0,6,4,60.0,0,6.0,10.0,,,72.0,200.0,31.261875,8.0,Mississippi,2009.0,2009.0,PIT,84.0,7.0,0.15789473
2017,17,00-0026901,M.Wallace,WR,BAL,CIN,0,0,0.0,0,0.0,0.0,0.0,0,0.0,0,13,5,40.0,1,10.0,15.0,,,72.0,200.0,31.261875,8.0,Mississippi,2009.0,2009.0,PIT,84.0,-4.0,0.27659574
2017,4,00-0026983,D.Heyward-Bey,WR,PIT,BAL,0,0,0.0,0,0.0,0.0,0.0,1,3.0,0,0,0,0.0,0,0.3,0.3,,,74.0,210.0,30.702352941176468,8.0,Maryland,2009.0,2009.0,OAK,7.0,,
2017,7,00-0026983,D.Heyward-Bey,WR,PIT,CIN,0,0,0.0,0,0.0,0.0,0.0,0,0.0,0,1,1,44.0,0,4.4,5.4,,,74.0,210.0,30.702352941176468,8.0,Maryland,2009.0,2009.0,OAK,7.0,15.0,0.04
2017,8,00-0026983,D.Heyward-Bey,WR,PIT,DET,0,0,0.0,0,0.0,0.0,0.0,0,0.0,0,1,0,0.0,0,0.0,0.0,,,74.0,210.0,30.702352941176468,8.0,Maryland,2009.0,2009.0,OAK,7.0,,0.032258064
2017,15,00-0026983,D.Heyward-Bey,WR,PIT,NE,0,0,0.0,0,0.0,0.0,0.0,0,0.0,0,1,1,3.0,0,0.3,1.3,,,74.0,210.0,30.702352941176468,8.0,Maryland,2009.0,2009.0,OAK,7.0,-3.0,0.033333335
2017,17,00-0026983,D.Heyward-Bey,WR,PIT,CLE,0,0,0.0,0,0.0,0.0,0.0,1,29.0,1,0,0,0.0,0,8.9,8.9,,,74.0,210.0,30.702352941176468,8.0,Maryland,2009.0,2009.0,OAK,7.0,4.0,
2017,19,00-0026983,D.Heyward-Bey,WR,PIT,JAX,0,0,0.0,0,0.0,0.0,0.0,0,0.0,0,1,0,0.0,0,0.0,0.0,,,74.0,210.0,30.702352941176468,8.0,Maryland,2009.0,2009.0,OAK,7.0,-3.0,0.01754386
2017,1,00-0026986,M.Crabtree,WR,LV,TEN,0,0,0.0,0,0.0,0.0,0.0,0,0.0,0,7,6,83.0,0,8.3,14.3,,,73.0,214.0,30.14225,8.0,Texas Tech,2009.0,2009.0,SF,10.0,,0.21875
2017,2,00-0026986,M.Crabtree,WR,LV,NYJ,0,0,0.0,0,0.0,0.0,0.0,0,0.0,0,6,6,80.0,3,26.0,32.0,,,73.0,214.0,30.14225,8.0,Texas Tech,2009.0,2009.0,SF,10.0,,0.21428572
2017,3,00-0026986,M.Crabtree,WR,LV,WAS,0,0,0.0,0,0.0,0.0,0.0,0,0.0,0,3,1,7.0,0,0.7,1.7,,,73.0,214.0,30.14225,8.0,Texas Tech,2009.0,2009.0,SF,10.0,,0.1
2017,5,00-0026986,M.Crabtree,WR,LV,BAL,0,0,0.0,0,0.0,0.0,0.0,0,0.0,0,8,6,82.0,1,14.2,20.2,,,73.0,214.0,30.14225,8.0,Texas Tech,2009.0,2009.0,SF,10.0,,0.32
2017,6,00-0026986,M.Crabtree,WR,LV,LAC,0,0,0.0,0,0.0,0.0,0.0,0,0.0,0,10,6,52.0,1,11.2,17.2,,,73.0,214.0,30.14225,8.0,Texas Tech,2009.0,2009.0,SF,10.0,,0.33333334
2017,7,00-0026986,M.Crabtree,WR,LV,KC,0,0,0.0,0,0.0,0.0,0.0,0,0.0,0,7,3,24.0,1,8.4,11.4,,,73.0,214.0,30.14225,8.0,Texas Tech,2009.0,2009.0,SF,10.0,,0.13461539
2017,8,00-0026986,M.Crabtree,WR,LV,BUF,0,0,0.0,0,0.0,0.0,0.0,0,0.0,0,10,5,83.0,0,8.3,13.3,,,73.0,214.0,30.14225,8.0,Texas Tech,2009.0,2009.0,SF,10.0,,0.20408164
2017,9,00-0026986,M.Crabtree,WR,LV,MIA,0,0,0.0,0,0.0,0.0,0.0,0,0.0,0,4,3,40.0,0,4.0,7.0,,,73.0,214.0,30.14225,8.0,Texas Tech,2009.0,2009.0,SF,10.0,,0.13793103
2017,11,00-0026986,M.Crabtree,WR,LV,NE,0,0,0.0,0,0.0,0.0,0.0,0,0.0,0,11,6,51.0,0,7.1,13.1,,,73.0,214.0,30.14225,8.0,Texas Tech,2009.0,2009.0,SF,10.0,,0.2244898
2017,14,00-0026986,M.Crabtree,WR,LV,KC,0,0,0.0,0,0.0,0.0,0.0,0,0.0,0,13,7,60.0,0,8.0,15.0,,,73.0,214.0,30.14225,8.0,Texas Tech,2009.0,2009.0,SF,10.0,,0.31707317
2017,15,00-0026986,M.Crabtree,WR,LV,DAL,0,0,0.0,0,0.0,0.0,0.0,0,0.0,0,17,7,39.0,2,15.9,22.9,,,73.0,214.0,30.14225,8.0,Texas Tech,2009.0,2009.0,SF,10.0,,0.4473684
2017,16,00-0026986,M.Crabtree,WR,LV,PHI,0,0,0.0,0,0.0,0.0,0.0,0,0.0,0,3,0,0.0,0,0.0,0.0,,,73.0,214.0,30.14225,8.0,Texas Tech,2009.0,2009.0,SF,10.0,,0.10714286
2017,17,00-0026986,M.Crabtree,WR,LV,LAC,0,0,0.0,0,0.0,0.0,0.0,0,0.0,0,2,2,17.0,0,1.7,3.7,,,73.0,214.0,30.14225,8.0,Texas Tech,2009.0,2009.0,SF,10.0,,0.074074075
2017,1,00-0026995,J.Maclin,WR,BAL,CIN,0,0,0.0,0,0.0,0.0,0.0,0,0.0,0,4,2,56.0,1,11.6,13.6,,,72.0,198.0,29.484875,8.0,Missouri,2009.0,2009.0,PHI,19.0,,0.23529412
2017,2,00-0026995,J.Maclin,WR,BAL,CLE,0,0,0.0,0,0.0,0.0,0.0,0,0.0,0,5,4,31.0,1,9.1,13.1,,,72.0,198.0,29.484875,8.0,Missouri,2009.0,2009.0,PHI,19.0,14.0,0.15151516
2017,3,00-0026995,J.Maclin,WR,BAL,JAX,0,0,0.0,0,0.0,0.0,0.0,0,0.0,0,5,1,8.0,0,0.8,1.8,,,72.0,198.0,29.484875,8.0,Missouri,2009.0,2009.0,PHI,19.0,,0.18518518
2017,4,00-0026995,J.Maclin,WR,BAL,PIT,0,0,0.0,0,0.0,0.0,0.0,0,0.0,0,6,3,21.0,0,2.1,5.1,,,72.0,198.0,29.484875,8.0,Missouri,2009.0,2009.0,PHI,19.0,-17.0,0.12765957
2017,5,00-0026995,J.Maclin,WR,BAL,LV,0,0,0.0,0,0.0,0.0,0.0,0,0.0,0,8,6,43.0,0,4.3,10.3,,,72.0,198.0,29.484875,8.0,Missouri,2009.0,2009.0,PHI,19.0,,0.30769232
2017,8,00-0026995,J.Maclin,WR,BAL,MIA,0,0,0.0,0,0.0,0.0,0.0,0,0.0,0,5,3,53.0,1,11.3,14.3,,,72.0,198.0,29.484875,8.0,Missouri,2009.0,2009.0,PHI,19.0,40.0,0.23809524
2017,9,00-0026995,J.Maclin,WR,BAL,TEN,0,0,0.0,0,0.0,0.0,0.0,0,0.0,0,9,8,98.0,0,9.8,17.8,,,72.0,198.0,29.484875,8.0,Missouri,2009.0,2009.0,PHI,19.0,,0.17307693
2017,11,00-0026995,J.Maclin,WR,BAL,GB,0,0,0.0,0,0.0,0.0,0.0,0,0.0,0,5,4,34.0,0,3.4,7.4,,,72.0,198.0,29.484875,8.0,Missouri,2009.0,2009.0,PHI,19.0,,0.17857143
2017,12,00-0026995,J.Maclin,WR,BAL,HOU,0,0,0.0,0,0.0,0.0,0.0,0,0.0,0,5,1,6.0,0,0.6,1.6,,,72.0,198.0,29.484875,8.0,Missouri,2009.0,2009.0,PHI,19.0,7.0,0.15151516
2017,13,00-0026995,J.Maclin,WR,BAL,DET,0,0,0.0,0,0.0,0.0,0.0,0,0.0,0,8,4,41.0,0,4.1,8.1,,,72.0,198.0,29.484875,8.0,Missouri,2009.0,2009.0,PHI,19.0,24.0,0.22222222
2017,14,00-0026995,J.Maclin,WR,BAL,PIT,0,0,0.0,0,0.0,0.0,0.0,0,0.0,0,11,3,27.0,0,2.7,5.7,,,72.0,198.0,29.484875,8.0,Missouri,2009.0,2009.0,PHI,19.0,,0.32352942
2017,15,00-0026995,J.Maclin,WR,BAL,CLE,0,0,0.0,0,0.0,0.0,0.0,0,0.0,0,1,1,22.0,0,2.2,3.2,,,72.0,198.0,29.484875,8.0,Missouri,2009.0,2009.0,PHI,19.0,,0.023809524
2017,1,00-0027006,K.Britt,WR,CLE,PIT,0,0,0.0,0,0.0,0.0,0.0,0,0.0,0,3,1,13.0,0,1.3,2.3,,,75.0,223.0,29.162105263157898,8.0,Rutgers,2009.0,2009.0,TEN,30.0,-3.0,0.1
2017,2,00-0027006,K.Britt,WR,CLE,BAL,0,0,0.0,0,0.0,0.0,0.0,0,0.0,0,2,1,2.0,0,0.2,1.2,,,75.0,223.0,29.162105263157898,8.0,Rutgers,2009.0,2009.0,TEN,30.0,,0.04761905
2017,3,00-0027006,K.Britt,WR,CLE,IND,0,0,0.0,0,0.0,0.0,0.0,0,0.0,0,10,3,54.0,1,11.4,14.4,,,75.0,223.0,29.162105263157898,8.0,Rutgers,2009.0,2009.0,TEN,30.0,,0.2173913
2017,4,00-0027006,K.Britt,WR,CLE,CIN,0,0,0.0,0,0.0,0.0,0.0,0,0.0,0,8,3,52.0,0,5.2,8.2,,,75.0,223.0,29.162105263157898,8.0,Rutgers,2009.0,2009.0,TEN,30.0,-24.0,0.19512194
2017,7,00-0027006,K.Britt,WR,CLE,TEN,0,0,0.0,0,0.0,0.0,0.0,0,0.0,0,5,2,7.0,0,0.7,2.7,,,75.0,223.0,29.162105263157898,8.0,Rutgers,2009.0,2009.0,TEN,30.0,-3.0,0.13157895
2017,10,00-0027006,K.Britt,WR,CLE,DET,0,0,0.0,0,0.0,0.0,0.0,0,0.0,0,3,2,38.0,1,9.8,11.8,,,75.0,223.0,29.162105263157898,8.0,Rutgers,2009.0,2009.0,TEN,30.0,,0.07692308
2017,11,00-0027006,K.Britt,WR,CLE,JAX,0,0,0.0,0,0.0,0.0,0.0,0,0.0,0,2,2,5.0,0,0.5,2.5,,,75.0,223.0,29.162105263157898,8.0,Rutgers,2009.0,2009.0,TEN,30.0,-12.0,0.06451613
2017,12,00-0027006,K.Britt,WR,CLE,CIN,0,0,0.0,0,0.0,0.0,0.0,0,0.0,0,2,2,52.0,0,5.2,7.2,,,75.0,223.0,29.162105263157898,8.0,Rutgers,2009.0,2009.0,TEN,30.0,,0.06666667
2017,13,00-0027006,K.Britt,WR,CLE,LAC,0,0,0.0,0,0.0,0.0,0.0,0,0.0,0,3,2,10.0,0,1.0,3.0,,,75.0,223.0,29.162105263157898,8.0,Rutgers,2009.0,2009.0,TEN,30.0,,0.09375
2017,15,00-0027006,K.Britt,WR,NE,PIT,0,0,0.0,0,0.0,0.0,0.0,0,0.0,0,1,1,7.0,0,0.7,1.7,,,75.0,223.0,29.162105263157898,8.0,Rutgers,2009.0,2009.0,TEN,30.0,,0.028571429
2017,16,00-0027006,K.Britt,WR,NE,BUF,0,0,0.0,0,0.0,0.0,0.0,0,0.0,0,2,1,16.0,0,1.6,2.6,,,75.0,223.0,29.162105263157898,8.0,Rutgers,2009.0,2009.0,TEN,30.0,21.0,0.071428575
2017,17,00-0027006,K.Britt,WR,NE,NYJ,0,0,0.0,0,0.0,0.0,0.0,0,0.0,0,2,0,0.0,0,0.0,0.0,,,75.0,223.0,29.162105263157898,8.0,Rutgers,2009.0,2009.0,TEN,30.0,20.0,0.051282052
2017,1,00-0027029,L.McCoy,RB,BUF,NYJ,0,0,0.0,0,0.0,0.0,0.0,22,110.0,0,6,5,49.0,0,15.9,20.9,,,71.0,210.0,29.330000000000002,8.0,Pittsburgh,2009.0,2009.0,PHI,53.0,9.0,0.22222222
2017,2,00-0027029,L.McCoy,RB,BUF,CAR,0,0,0.0,0,0.0,0.0,0.0,12,9.0,0,7,6,34.0,0,4.3,10.3,,,71.0,210.0,29.330000000000002,8.0,Pittsburgh,2009.0,2009.0,PHI,53.0,,0.28
2017,3,00-0027029,L.McCoy,RB,BUF,DEN,0,0,0.0,0,0.0,0.0,0.0,14,21.0,0,7,7,48.0,0,6.9,13.9,,,71.0,210.0,29.330000000000002,8.0,Pittsburgh,2009.0,2009.0,PHI,53.0,10.0,0.26923078
2017,4,00-0027029,L.McCoy,RB,BUF,ATL,0,0,0.0,0,0.0,0.0,0.0,20,76.0,0,3,3,32.0,0,10.8,13.8,,,71.0,210.0,29.330000000000002,8.0,Pittsburgh,2009.0,2009.0,PHI,53.0,,0.15
2017,5,00-0027029,L.McCoy,RB,BUF,CIN,0,0,0.0,0,0.0,0.0,0.0,19,63.0,0,9,6,26.0,0,8.9,14.9,,,71.0,210.0,29.330000000000002,8.0,Pittsburgh,2009.0,2009.0,PHI,53.0,,0.25714287
2017,7,00-0027029,L.McCoy,RB,BUF,TB,0,0,0.0,0,0.0,0.0,0.0,23,91.0,2,7,5,31.0,0,22.2,27.2,,,71.0,210.0,29.330000000000002,8.0,Pittsburgh,2009.0,2009.0,PHI,53.0,3.0,0.21875
2017,8,00-0027029,L.McCoy,RB,BUF,LV,0,0,0.0,0,0.0,0.0,0.0,27,151.0,1,7,6,22.0,0,23.3,29.3,,,71.0,210.0,29.330000000000002,8.0,Pittsburgh,2009.0,2009.0,PHI,53.0,20.0,0.25925925
2017,9,00-0027029,L.McCoy,RB,BUF,NYJ,0,0,0.0,0,0.0,0.0,0.0,12,25.0,0,1,0,0.0,0,2.5,2.5,,,71.0,210.0,29.330000000000002,8.0,Pittsburgh,2009.0,2009.0,PHI,53.0,,0.025
2017,10,00-0027029,L.McCoy,RB,BUF,NO,0,0,0.0,0,0.0,0.0,0.0,8,49.0,0,5,3,11.0,0,6.0,9.0,,,71.0,210.0,29.330000000000002,8.0,Pittsburgh,2009.0,2009.0,PHI,53.0,-37.0,0.18518518
2017,11,00-0027029,L.McCoy,RB,BUF,LAC,0,0,0.0,0,0.0,0.0,0.0,13,114.0,1,1,1,12.0,1,24.6,25.6,,,71.0,210.0,29.330000000000002,8.0,Pittsburgh,2009.0,2009.0,PHI,53.0,,0.025641026
2017,12,00-0027029,L.McCoy,RB,BUF,KC,0,0,0.0,0,0.0,0.0,0.0,22,49.0,0,4,4,30.0,0,7.9,11.9,,,71.0,210.0,29.330000000000002,8.0,Pittsburgh,2009.0,2009.0,PHI,53.0,,0.13793103
2017,13,00-0027029,L.McCoy,RB,BUF,NE,0,0,0.0,0,0.0,0.0,0.0,15,93.0,0,5,2,9.0,0,10.2,12.2,,,71.0,210.0,29.330000000000002,8.0,Pittsburgh,2009.0,2009.0,PHI,53.0,-20.0,0.14705883
2017,14,00-0027029,L.McCoy,RB,BUF,IND,0,0,0.0,0,0.0,0.0,0.0,32,156.0,1,0,0,0.0,0,21.6,21.6,,,71.0,210.0,29.330000000000002,8.0,Pittsburgh,2009.0,2009.0,PHI,53.0,6.0,
2017,15,00-0027029,L.McCoy,RB,BUF,MIA,0,0,0.0,0,0.0,0.0,0.0,20,50.0,1,5,4,46.0,1,21.6,25.6,,,71.0,210.0,29.330000000000002,8.0,Pittsburgh,2009.0,2009.0,PHI,53.0,8.0,0.17857143
2017,16,00-0027029,L.McCoy,RB,BUF,NE,0,0,0.0,0,0.0,0.0,0.0,17,71.0,0,7,5,76.0,0,14.7,19.7,,,71.0,210.0,29.330000000000002,8.0,Pittsburgh,2009.0,2009.0,PHI,53.0,,0.18421052
2017,17,00-0027029,L.McCoy,RB,BUF,MIA,0,0,0.0,0,0.0,0.0,0.0,11,10.0,0,3,2,22.0,0,3.2,5.2,,,71.0,210.0,29.330000000000002,8.0,Pittsburgh,2009.0,2009.0,PHI,53.0,,0.11111111
2017,18,00-0027029,L.McCoy,RB,BUF,JAX,0,0,0.0,0,0.0,0.0,0.0,19,75.0,0,8,6,44.0,0,11.9,17.9,,,71.0,210.0,29.330000000000002,8.0,Pittsburgh,2009.0,2009.0,PHI,53.0,,0.22857143
2017,5,00-0027057,B.Tate,WR,BUF,CIN,0,0,0.0,0,0.0,0.0,0.0,0,0.0,0,4,2,25.0,1,8.5,10.5,,,73.0,195.0,30.09929411764706,8.0,North Carolina,2009.0,2009.0,NE,83.0,,0.114285715
2017,8,00-0027057,B.Tate,WR,BUF,LV,0,0,0.0,0,0.0,0.0,0.0,0,0.0,0,1,1,24.0,0,2.4,3.4,,,73.0,195.0,30.09929411764706,8.0,North Carolina,2009.0,2009.0,NE,83.0,20.0,0.037037037
2017,11,00-0027057,B.Tate,WR,BUF,LAC,0,0,0.0,0,0.0,0.0,0.0,0,0.0,0,5,1,7.0,0,0.7,1.7,,,73.0,195.0,30.09929411764706,8.0,North Carolina,2009.0,2009.0,NE,83.0,,0.12820514
2017,15,00-0027057,B.Tate,WR,BUF,MIA,0,0,0.0,0,0.0,0.0,0.0,0,0.0,0,1,1,21.0,0,2.1,3.1,,,73.0,195.0,30.09929411764706,8.0,North Carolina,2009.0,2009.0,NE,83.0,8.0,0.035714287
2017,16,00-0027057,B.Tate,WR,BUF,NE,0,0,0.0,0,0.0,0.0,0.0,0,0.0,0,3,1,4.0,0,0.4,1.4,,,73.0,195.0,30.09929411764706,8.0,North Carolina,2009.0,2009.0,NE,83.0,,0.078947365
2017,1,00-0027061,J.Cook,TE,LV,TEN,0,0,0.0,0,0.0,0.0,0.0,0,0.0,0,5,5,56.0,0,5.6,10.6,,,77.0,254.0,30.58025,8.0,South Carolina,2009.0,2009.0,TEN,89.0,,0.15625
2017,2,00-0027061,J.Cook,TE,LV,NYJ,0,0,0.0,0,0.0,0.0,0.0,0,0.0,0,6,4,25.0,0,2.5,6.5,,,77.0,254.0,30.58025,8.0,South Carolina,2009.0,2009.0,TEN,89.0,,0.21428572
2017,3,00-0027061,J.Cook,TE,LV,WAS,0,0,0.0,0,0.0,0.0,0.0,0,0.0,0,6,4,43.0,1,10.3,14.3,,,77.0,254.0,30.58025,8.0,South Carolina,2009.0,2009.0,TEN,89.0,,0.2
2017,4,00-0027061,J.Cook,TE,LV,DEN,0,0,0.0,0,0.0,0.0,0.0,0,0.0,0,8,3,46.0,0,4.6,7.6,,,77.0,254.0,30.58025,8.0,South Carolina,2009.0,2009.0,TEN,89.0,,0.22857143
2017,5,00-0027061,J.Cook,TE,LV,BAL,0,0,0.0,0,0.0,0.0,0.0,0,0.0,0,6,3,25.0,0,0.5,3.5,,,77.0,254.0,30.58025,8.0,South Carolina,2009.0,2009.0,TEN,89.0,,0.24
2017,6,00-0027061,J.Cook,TE,LV,LAC,0,0,0.0,0,0.0,0.0,0.0,0,0.0,0,3,2,14.0,0,1.4,3.4,,,77.0,254.0,30.58025,8.0,South Carolina,2009.0,2009.0,TEN,89.0,,0.1
2017,7,00-0027061,J.Cook,TE,LV,KC,0,0,0.0,0,0.0,0.0,0.0,0,0.0,0,7,6,107.0,0,10.7,16.7,,,77.0,254.0,30.58025,8.0,South Carolina,2009.0,2009.0,TEN,89.0,,0.13461539
2017,8,00-0027061,J.Cook,TE,LV,BUF,0,0,0.0,0,0.0,0.0,0.0,0,0.0,0,5,4,57.0,0,5.7,9.7,,,77.0,254.0,30.58025,8.0,South Carolina,2009.0,2009.0,TEN,89.0,,0.10204082
2017,9,00-0027061,J.Cook,TE,LV,MIA,0,0,0.0,0,0.0,0.0,0.0,0,0.0,0,9,8,126.0,0,12.6,20.6,,,77.0,254.0,30.58025,8.0,South Carolina,2009.0,2009.0,TEN,89.0,,0.31034482
2017,11,00-0027061,J.Cook,TE,LV,NE,0,0,0.0,0,0.0,0.0,0.0,0,0.0,0,5,2,36.0,0,3.6,5.6,,,77.0,254.0,30.58025,8.0,South Carolina,2009.0,2009.0,TEN,89.0,,0.10204082
2017,12,00-0027061,J.Cook,TE,LV,DEN,0,0,0.0,0,0.0,0.0,0.0,0,0.0,0,5,1,2.0,0,0.2,1.2,,,77.0,254.0,30.58025,8.0,South Carolina,2009.0,2009.0,TEN,89.0,,0.20833333
2017,13,00-0027061,J.Cook,TE,LV,NYG,0,0,0.0,0,0.0,0.0,0.0,0,0.0,0,5,1,9.0,0,0.9,1.9,,,77.0,254.0,30.58025,8.0,South Carolina,2009.0,2009.0,TEN,89.0,,0.14285715
2017,14,00-0027061,J.Cook,TE,LV,KC,0,0,0.0,0,0.0,0.0,0.0,0,0.0,0,6,5,75.0,1,13.5,18.5,,,77.0,254.0,30.58025,8.0,South Carolina,2009.0,2009.0,TEN,89.0,,0.14634146
2017,15,00-0027061,J.Cook,TE,LV,DAL,0,0,0.0,0,0.0,0.0,0.0,0,0.0,0,4,2,17.0,0,1.7,3.7,,,77.0,254.0,30.58025,8.0,South Carolina,2009.0,2009.0,TEN,89.0,,0.10526316
2017,16,00-0027061,J.Cook,TE,LV,PHI,0,0,0.0,0,0.0,0.0,0.0,0,0.0,0,2,1,15.0,0,1.5,2.5,,,77.0,254.0,30.58025,8.0,South Carolina,2009.0,2009.0,TEN,89.0,,0.071428575
2017,17,00-0027061,J.Cook,TE,LV,LAC,0,0,0.0,0,0.0,0.0,0.0,0,0.0,0,4,3,35.0,0,3.5,6.5,,,77.0,254.0,30.58025,8.0,South Carolina,2009.0,2009.0,TEN,89.0,,0.14814815
2017,10,00-0027089,L.Murphy,WR,SF,NYG,0,0,0.0,0,0.0,0.0,0.0,0,0.0,0,2,2,48.0,0,4.8,6.8,,,74.0,200.0,30.485875,8.0,Florida,2009.0,2009.0,OAK,124.0,10.0,0.08
2017,12,00-0027089,L.Murphy,WR,SF,SEA,0,0,0.0,0,0.0,0.0,0.0,0,0.0,0,4,2,14.0,1,7.4,9.4,,,74.0,200.0,30.485875,8.0,Florida,2009.0,2009.0,OAK,124.0,-11.0,0.10526316
2017,13,00-0027089,L.Murphy,WR,SF,CHI,0,0,0.0,0,0.0,0.0,0.0,0,0.0,0,6,1,16.0,0,1.6,2.6,,,74.0,200.0,30.485875,8.0,Florida,2009.0,2009.0,OAK,124.0,,0.16216215
2017,14,00-0027089,L.Murphy,WR,SF,HOU,0,0,0.0,0,0.0,0.0,0.0,0,0.0,0,2,1,20.0,0,2.0,3.0,,,74.0,200.0,30.485875,8.0,Florida,2009.0,2009.0,OAK,124.0,,0.0625
2017,16,00-0027089,L.Murphy,WR,SF,JAX,0,0,0.0,0,0.0,0.0,0.0,0,0.0,0,1,1,17.0,0,1.7,2.7,,,74.0,200.0,30.485875,8.0,Florida,2009.0,2009.0,OAK,124.0,11.0,0.033333335
2017,17,00-0027089,L.Murphy,WR,SF,LA,0,0,0.0,0,0.0,0.0,0.0,0,0.0,0,2,1,6.0,0,0.6,1.6,,,74.0,200.0,30.485875,8.0,Florida,2009.0,2009.0,OAK,124.0,,0.060606062
2017,1,00-0027125,Z.Miller,TE,CHI,ATL,0,0,0.0,0,0.0,0.0,0.0,0,0.0,0,6,4,39.0,0,3.9,7.9,,,77.0,245.0,33.0864375,8.0,Nebraska-Omaha,2009.0,2009.0,JAX,180.0,-6.0,0.15
2017,2,00-0027125,Z.Miller,TE,CHI,TB,0,0,0.0,0,0.0,0.0,0.0,0,0.0,0,9,6,42.0,0,4.2,10.2,,,77.0,245.0,33.0864375,8.0,Nebraska-Omaha,2009.0,2009.0,JAX,180.0,,0.2
2017,3,00-0027125,Z.Miller,TE,CHI,PIT,0,0,0.0,0,0.0,0.0,0.0,0,0.0,0,3,1,17.0,0,1.7,2.7,,,77.0,245.0,33.0864375,8.0,Nebraska-Omaha,2009.0,2009.0,JAX,180.0,6.0,0.14285715
2017,4,00-0027125,Z.Miller,TE,CHI,GB,0,0,0.0,0,0.0,0.0,0.0,0,0.0,0,2,2,45.0,0,4.5,6.5,,,77.0,245.0,33.0864375,8.0,Nebraska-Omaha,2009.0,2009.0,JAX,180.0,,0.060606062
2017,5,00-0027125,Z.Miller,TE,CHI,MIN,0,0,0.0,0,0.0,0.0,0.0,0,0.0,0,7,3,39.0,1,9.9,12.9,,,77.0,245.0,33.0864375,8.0,Nebraska-Omaha,2009.0,2009.0,JAX,180.0,-3.0,0.26923078
2017,6,00-0027125,Z.Miller,TE,CHI,BAL,0,0,0.0,0,0.0,0.0,0.0,0,0.0,0,3,2,25.0,1,8.5,10.5,,,77.0,245.0,33.0864375,8.0,Nebraska-Omaha,2009.0,2009.0,JAX,180.0,,0.1875
2017,7,00-0027125,Z.Miller,TE,CHI,CAR,0,0,0.0,0,0.0,0.0,0.0,0,0.0,0,3,2,29.0,0,2.9,4.9,,,77.0,245.0,33.0864375,8.0,Nebraska-Omaha,2009.0,2009.0,JAX,180.0,14.0,0.42857143
2017,8,00-0027125,Z.Miller,TE,CHI,NO,0,0,0.0,0,0.0,0.0,0.0,0,0.0,0,2,0,0.0,0,0.0,0.0,,,77.0,245.0,33.0864375,8.0,Nebraska-Omaha,2009.0,2009.0,JAX,180.0,,0.0625
2017,4,00-0027215,L.Paulsen,TE,SF,ARI,0,0,0.0,0,0.0,0.0,0.0,0,0.0,0,1,0,0.0,0,0.0,0.0,,,77.0,268.0,30.6883125,7.0,UCLA,2010.0,2010.0,,,,0.020833334
2017,15,00-0027215,L.Paulsen,TE,SF,TEN,0,0,0.0,0,0.0,0.0,0.0,0,0.0,0,1,0,0.0,0,0.0,0.0,,,77.0,268.0,30.6883125,7.0,UCLA,2010.0,2010.0,,,2.0,0.023809524
2017,11,00-0027321,J.Cumberland,TE,LAC,BUF,0,0,0.0,0,0.0,0.0,0.0,0,0.0,0,1,1,2.0,0,0.2,1.2,,,76.0,260.0,30.513,7.0,Illinois,2010.0,2010.0,,,30.0,0.027777778
2017,14,00-0027321,J.Cumberland,TE,LAC,WAS,0,0,0.0,0,0.0,0.0,0.0,0,0.0,0,2,1,0.0,0,0.0,1.0,,,76.0,260.0,30.513,7.0,Illinois,2010.0,2010.0,,,17.0,0.05882353
2017,1,00-0027325,L.Blount,RB,PHI,WAS,0,0,0.0,0,0.0,0.0,0.0,14,46.0,0,1,1,1.0,1,10.7,11.7,,,72.0,250.0,30.951526315789472,7.0,Oregon,2010.0,2010.0,,,,0.02631579
2017,2,00-0027325,L.Blount,RB,PHI,KC,0,0,0.0,0,0.0,0.0,0.0,0,0.0,0,1,1,0.0,0,0.0,1.0,,,72.0,250.0,30.951526315789472,7.0,Oregon,2010.0,2010.0,,,,0.022222223
2017,3,00-0027325,L.Blount,RB,PHI,NYG,0,0,0.0,0,0.0,0.0,0.0,12,67.0,1,0,0,0.0,0,12.7,12.7,,,72.0,250.0,30.951526315789472,7.0,Oregon,2010.0,2010.0,,,3.0,
2017,4,00-0027325,L.Blount,RB,PHI,LAC,0,0,0.0,0,0.0,0.0,0.0,16,136.0,0,1,1,20.0,0,15.6,16.6,,,72.0,250.0,30.951526315789472,7.0,Oregon,2010.0,2010.0,,,,0.033333335
2017,5,00-0027325,L.Blount,RB,PHI,ARI,0,0,0.0,0,0.0,0.0,0.0,14,74.0,0,0,0,0.0,0,7.4,7.4,,,72.0,250.0,30.951526315789472,7.0,Oregon,2010.0,2010.0,,,27.0,
2017,6,00-0027325,L.Blount,RB,PHI,CAR,0,0,0.0,0,0.0,0.0,0.0,14,67.0,0,0,0,0.0,0,8.7,8.7,,,72.0,250.0,30.951526315789472,7.0,Oregon,2010.0,2010.0,,,,
2017,7,00-0027325,L.Blount,RB,PHI,WAS,0,0,0.0,0,0.0,0.0,0.0,14,29.0,0,0,0,0.0,0,2.9,2.9,,,72.0,250.0,30.951526315789472,7.0,Oregon,2010.0,2010.0,,,10.0,
2017,8,00-0027325,L.Blount,RB,PHI,SF,0,0,0.0,0,0.0,0.0,0.0,16,48.0,1,1,1,4.0,0,11.2,12.2,,,72.0,250.0,30.951526315789472,7.0,Oregon,2010.0,2010.0,,,23.0,0.03125
2017,9,00-0027325,L.Blount,RB,PHI,DEN,0,0,0.0,0,0.0,0.0,0.0,9,37.0,0,0,0,0.0,0,3.7,3.7,,,72.0,250.0,30.951526315789472,7.0,Oregon,2010.0,2010.0,,,28.0,
2017,11,00-0027325,L.Blount,RB,PHI,DAL,0,0,0.0,0,0.0,0.0,0.0,13,57.0,0,0,0,0.0,0,5.7,5.7,,,72.0,250.0,30.951526315789472,7.0,Oregon,2010.0,2010.0,,,,
2017,12,00-0027325,L.Blount,RB,PHI,CHI,0,0,0.0,0,0.0,0.0,0.0,15,97.0,0,0,0,0.0,0,7.7,7.7,,,72.0,250.0,30.951526315789472,7.0,Oregon,2010.0,2010.0,,,28.0,
2017,13,00-0027325,L.Blount,RB,PHI,SEA,0,0,0.0,0,0.0,0.0,0.0,8,26.0,0,0,0,0.0,0,2.6,2.6,,,72.0,250.0,30.951526315789472,7.0,Oregon,2010.0,2010.0,,,,
2017,14,00-0027325,L.Blount,RB,PHI,LA,0,0,0.0,0,0.0,0.0,0.0,7,12.0,0,2,2,11.0,0,2.3,4.3,,,72.0,250.0,30.951526315789472,7.0,Oregon,2010.0,2010.0,,,,0.039215688
2017,15,00-0027325,L.Blount,RB,PHI,NYG,0,0,0.0,0,0.0,0.0,0.0,7,21.0,0,0,0,0.0,0,2.1,2.1,,,72.0,250.0,30.951526315789472,7.0,Oregon,2010.0,2010.0,,,,
2017,16,00-0027325,L.Blount,RB,PHI,LV,0,0,0.0,0,0.0,0.0,0.0,5,12.0,0,1,1,3.0,0,1.5,2.5,,,72.0,250.0,30.951526315789472,7.0,Oregon,2010.0,2010.0,,,9.0,0.027777778
2017,17,00-0027325,L.Blount,RB,PHI,DAL,0,0,0.0,0,0.0,0.0,0.0,9,37.0,0,1,1,11.0,0,4.8,5.8,,,72.0,250.0,30.951526315789472,7.0,Oregon,2010.0,2010.0,,,-6.0,0.030303031
2017,19,00-0027325,L.Blount,RB,PHI,ATL,0,0,0.0,0,0.0,0.0,0.0,9,19.0,1,0,0,0.0,0,7.9,7.9,,,72.0,250.0,30.951526315789472,7.0,Oregon,2010.0,2010.0,,,5.0,
2017,20,00-0027325,L.Blount,RB,PHI,MIN,0,0,0.0,0,0.0,0.0,0.0,6,21.0,1,0,0,0.0,0,8.1,8.1,,,72.0,250.0,30.951526315789472,7.0,Oregon,2010.0,2010.0,,,31.0,
2017,21,00-0027325,L.Blount,RB,PHI,NE,0,0,0.0,0,0.0,0.0,0.0,14,90.0,1,0,0,0.0,0,15.0,15.0,,,72.0,250.0,30.951526315789472,7.0,Oregon,2010.0,2010.0,,,,
2017,1,00-0027531,C.Ivory,RB,JAX,HOU,0,0,0.0,0,0.0,0.0,0.0,9,42.0,0,2,1,11.0,0,5.3,6.3,,,72.0,223.0,29.654842105263157,7.0,Tiffin University,2010.0,2010.0,,,,0.0952381
2017,2,00-0027531,C.Ivory,RB,JAX,TEN,0,0,0.0,0,0.0,0.0,0.0,6,17.0,0,4,3,31.0,0,4.8,7.8,,,72.0,223.0,29.654842105263157,7.0,Tiffin University,2010.0,2010.0,,,-21.0,0.11764706
2017,3,00-0027531,C.Ivory,RB,JAX,BAL,0,0,0.0,0,0.0,0.0,0.0,6,17.0,0,2,2,25.0,0,4.2,6.2,,,72.0,223.0,29.654842105263157,7.0,Tiffin University,2010.0,2010.0,,,37.0,0.06666667
2017,4,00-0027531,C.Ivory,RB,JAX,NYJ,0,0,0.0,0,0.0,0.0,0.0,9,42.0,0,3,1,2.0,0,4.4,5.4,,,72.0,223.0,29.654842105263157,7.0,Tiffin University,2010.0,2010.0,,,,0.08571429
2017,5,00-0027531,C.Ivory,RB,JAX,PIT,0,0,0.0,0,0.0,0.0,0.0,8,41.0,0,0,0,0.0,0,4.1,4.1,,,72.0,223.0,29.654842105263157,7.0,Tiffin University,2010.0,2010.0,,,,
2017,6,00-0027531,C.Ivory,RB,JAX,LA,0,0,0.0,0,0.0,0.0,0.0,2,3.0,0,10,9,74.0,1,13.7,22.7,,,72.0,223.0,29.654842105263157,7.0,Tiffin University,2010.0,2010.0,,,-10.0,0.2857143
2017,7,00-0027531,C.Ivory,RB,JAX,IND,0,0,0.0,0,0.0,0.0,0.0,17,47.0,1,0,0,0.0,0,8.7,8.7,,,72.0,223.0,29.654842105263157,7.0,Tiffin University,2010.0,2010.0,,,,
2017,9,00-0027531,C.Ivory,RB,JAX,CIN,0,0,0.0,0,0.0,0.0,0.0,20,70.0,0,4,3,34.0,0,10.4,13.4,,,72.0,223.0,29.654842105263157,7.0,Tiffin University,2010.0,2010.0,,,16.0,0.10810811
2017,10,00-0027531,C.Ivory,RB,JAX,LAC,0,0,0.0,0,0.0,0.0,0.0,1,1.0,0,2,1,-5.0,0,-0.4,0.6,,,72.0,223.0,29.654842105263157,7.0,Tiffin University,2010.0,2010.0,,,3.0,0.039215688
2017,11,00-0027531,C.Ivory,RB,JAX,CLE,0,0,0.0,0,0.0,0.0,0.0,6,6.0,0,0,0,0.0,0,0.6,0.6,,,72.0,223.0,29.654842105263157,7.0,Tiffin University,2010.0,2010.0,,,,
2017,12,00-0027531,C.Ivory,RB,JAX,ARI,0,0,0.0,0,0.0,0.0,0.0,1,-6.0,0,0,0,0.0,0,-2.6,-2.6,,,72.0,223.0,29.654842105263157,7.0,Tiffin University,2010.0,2010.0,,,,
2017,13,00-0027531,C.Ivory,RB,JAX,IND,0,0,0.0,0,0.0,0.0,0.0,4,12.0,0,1,1,3.0,0,1.5,2.5,,,72.0,223.0,29.654842105263157,7.0,Tiffin University,2010.0,2010.0,,,20.0,0.028571429
2017,14,00-0027531,C.Ivory,RB,JAX,SEA,0,0,0.0,0,0.0,0.0,0.0,6,48.0,0,0,0,0.0,0,4.8,4.8,,,72.0,223.0,29.654842105263157,7.0,Tiffin University,2010.0,2010.0,,,6.0,
2017,15,00-0027531,C.Ivory,RB,JAX,HOU,0,0,0.0,0,0.0,0.0,0.0,17,42.0,0,0,0,0.0,0,4.2,4.2,,,72.0,223.0,29.654842105263157,7.0,Tiffin University,2010.0,2010.0,,,38.0,
2017,18,00-0027531,C.Ivory,RB,JAX,BUF,0,0,0.0,0,0.0,0.0,0.0,1,2.0,0,1,0,0.0,0,0.2,0.2,,,72.0,223.0,29.654842105263157,7.0,Tiffin University,2010.0,2010.0,,,7.0,0.045454547
2017,1,00-0027654,A.Benn,WR,JAX,HOU,0,0,0.0,0,0.0,0.0,0.0,0,0.0,0,1,1,12.0,0,1.2,2.2,,,74.0,228.0,29.18936842105263,7.0,Illinois,2010.0,2010.0,TB,39.0,,0.04761905
2017,7,00-0027654,A.Benn,WR,JAX,IND,0,0,0.0,0,0.0,0.0,0.0,0,0.0,0,1,0,0.0,0,0.0,0.0,,,74.0,228.0,29.18936842105263,7.0,Illinois,2010.0,2010.0,TB,39.0,,0.037037037
2017,1,00-0027656,R.Gronkowski,TE,NE,KC,0,0,0.0,0,0.0,0.0,0.0,0,0.0,0,6,2,33.0,0,3.3,5.3,,,78.0,265.0,28.512526315789476,7.0,Arizona,2010.0,2010.0,NE,42.0,-15.0,0.16666667
2017,2,00-0027656,R.Gronkowski,TE,NE,NO,0,0,0.0,0,0.0,0.0,0.0,0,0.0,0,9,6,116.0,1,17.6,23.6,,,78.0,265.0,28.512526315789476,7.0,Arizona,2010.0,2010.0,NE,42.0,,0.23076923
2017,3,00-0027656,R.Gronkowski,TE,NE,HOU,0,0,0.0,0,0.0,0.0,0.0,0,0.0,0,10,8,89.0,1,14.9,22.9,,,78.0,265.0,28.512526315789476,7.0,Arizona,2010.0,2010.0,NE,42.0,3.0,0.2857143
2017,4,00-0027656,R.Gronkowski,TE,NE,CAR,0,0,0.0,0,0.0,0.0,0.0,0,0.0,0,5,4,80.0,0,8.0,12.0,,,78.0,265.0,28.512526315789476,7.0,Arizona,2010.0,2010.0,NE,42.0,-3.0,0.11111111
2017,6,00-0027656,R.Gronkowski,TE,NE,NYJ,0,0,0.0,0,0.0,0.0,0.0,0,0.0,0,10,6,83.0,2,20.3,26.3,,,78.0,265.0,28.512526315789476,7.0,Arizona,2010.0,2010.0,NE,42.0,,0.2631579
2017,7,00-0027656,R.Gronkowski,TE,NE,ATL,0,0,0.0,0,0.0,0.0,0.0,0,0.0,0,7,3,51.0,0,5.1,8.1,,,78.0,265.0,28.512526315789476,7.0,Arizona,2010.0,2010.0,NE,42.0,16.0,0.2413793
2017,8,00-0027656,R.Gronkowski,TE,NE,LAC,0,0,0.0,0,0.0,0.0,0.0,0,0.0,0,9,5,57.0,1,11.7,16.7,,,78.0,265.0,28.512526315789476,7.0,Arizona,2010.0,2010.0,NE,42.0,8.0,0.19148937
2017,10,00-0027656,R.Gronkowski,TE,NE,DEN,0,0,0.0,0,0.0,0.0,0.0,0,0.0,0,7,4,74.0,0,7.4,11.4,,,78.0,265.0,28.512526315789476,7.0,Arizona,2010.0,2010.0,NE,42.0,,0.1891892
2017,11,00-0027656,R.Gronkowski,TE,NE,LV,0,0,0.0,0,0.0,0.0,0.0,0,0.0,0,3,3,37.0,0,3.7,6.7,,,78.0,265.0,28.512526315789476,7.0,Arizona,2010.0,2010.0,NE,42.0,,0.08108108
2017,12,00-0027656,R.Gronkowski,TE,NE,MIA,0,0,0.0,0,0.0,0.0,0.0,0,0.0,0,8,5,82.0,2,20.2,25.2,,,78.0,265.0,28.512526315789476,7.0,Arizona,2010.0,2010.0,NE,42.0,18.0,0.2857143
2017,13,00-0027656,R.Gronkowski,TE,NE,BUF,0,0,0.0,0,0.0,0.0,0.0,0,0.0,0,11,9,147.0,0,14.7,23.7,,,78.0,265.0,28.512526315789476,7.0,Arizona,2010.0,2010.0,NE,42.0,,0.36666667
2017,15,00-0027656,R.Gronkowski,TE,NE,PIT,0,0,0.0,0,0.0,0.0,0.0,0,0.0,0,13,9,168.0,0,18.8,27.8,,,78.0,265.0,28.512526315789476,7.0,Arizona,2010.0,2010.0,NE,42.0,,0.37142858
2017,16,00-0027656,R.Gronkowski,TE,NE,BUF,0,0,0.0,0,0.0,0.0,0.0,0,0.0,0,7,5,67.0,1,12.7,17.7,,,78.0,265.0,28.512526315789476,7.0,Arizona,2010.0,2010.0,NE,42.0,21.0,0.25
2017,19,00-0027656,R.Gronkowski,TE,NE,TEN,0,0,0.0,0,0.0,0.0,0.0,0,0.0,0,9,6,81.0,1,14.1,20.1,,,78.0,265.0,28.512526315789476,7.0,Arizona,2010.0,2010.0,NE,42.0,21.0,0.16981132
2017,20,00-0027656,R.Gronkowski,TE,NE,JAX,0,0,0.0,0,0.0,0.0,0.0,0,0.0,0,3,1,21.0,0,2.1,3.1,,,78.0,265.0,28.512526315789476,7.0,Arizona,2010.0,2010.0,NE,42.0,4.0,0.07692308
2017,21,00-0027656,R.Gronkowski,TE,NE,PHI,0,0,0.0,0,0.0,0.0,0.0,0,0.0,0,15,9,116.0,2,23.6,32.6,,,78.0,265.0,28.512526315789476,7.0,Arizona,2010.0,2010.0,NE,42.0,-8.0,0.31914893
2017,1,00-0027675,E.Dickson,TE,CAR,SF,0,0,0.0,0,0.0,0.0,0.0,0,0.0,0,1,0,0.0,0,0.0,0.0,,,76.0,255.0,30.29094117647059,7.0,Oregon,2010.0,2010.0,BAL,70.0,,0.041666668
2017,2,00-0027675,E.Dickson,TE,CAR,BUF,0,0,0.0,0,0.0,0.0,0.0,0,0.0,0,3,2,26.0,0,2.6,4.6,,,76.0,255.0,30.29094117647059,7.0,Oregon,2010.0,2010.0,BAL,70.0,6.0,0.09677419
2017,3,00-0027675,E.Dickson,TE,CAR,NO,0,0,0.0,0,0.0,0.0,0.0,0,0.0,0,1,1,8.0,0,0.8,1.8,,,76.0,255.0,30.29094117647059,7.0,Oregon,2010.0,2010.0,BAL,70.0,-21.0,0.030303031
2017,4,00-0027675,E.Dickson,TE,CAR,NE,0,0,0.0,0,0.0,0.0,0.0,0,0.0,0,4,3,62.0,0,6.2,9.2,,,76.0,255.0,30.29094117647059,7.0,Oregon,2010.0,2010.0,BAL,70.0,,0.13793103
2017,5,00-0027675,E.Dickson,TE,CAR,DET,0,0,0.0,0,0.0,0.0,0.0,0,0.0,0,5,5,175.0,0,17.5,22.5,,,76.0,255.0,30.29094117647059,7.0,Oregon,2010.0,2010.0,BAL,70.0,,0.15151516
2017,6,00-0027675,E.Dickson,TE,CAR,PHI,0,0,0.0,0,0.0,0.0,0.0,0,0.0,0,8,4,36.0,0,3.6,7.6,,,76.0,255.0,30.29094117647059,7.0,Oregon,2010.0,2010.0,BAL,70.0,-5.0,0.15384616
2017,7,00-0027675,E.Dickson,TE,CAR,CHI,0,0,0.0,0,0.0,0.0,0.0,0,0.0,0,5,3,18.0,0,1.8,4.8,,,76.0,255.0,30.29094117647059,7.0,Oregon,2010.0,2010.0,BAL,70.0,,0.14705883
2017,8,00-0027675,E.Dickson,TE,CAR,TB,0,0,0.0,0,0.0,0.0,0.0,0,0.0,0,5,4,24.0,0,2.4,6.4,,,76.0,255.0,30.29094117647059,7.0,Oregon,2010.0,2010.0,BAL,70.0,,0.16666667
2017,9,00-0027675,E.Dickson,TE,CAR,ATL,0,0,0.0,0,0.0,0.0,0.0,0,0.0,0,2,0,0.0,0,0.0,0.0,,,76.0,255.0,30.29094117647059,7.0,Oregon,2010.0,2010.0,BAL,70.0,3.0,0.08695652
2017,10,00-0027675,E.Dickson,TE,CAR,MIA,0,0,0.0,0,0.0,0.0,0.0,0,0.0,0,5,3,33.0,1,9.3,12.3,,,76.0,255.0,30.29094117647059,7.0,Oregon,2010.0,2010.0,BAL,70.0,24.0,0.14285715
2017,12,00-0027675,E.Dickson,TE,CAR,NYJ,0,0,0.0,0,0.0,0.0,0.0,0,0.0,0,3,1,15.0,0,1.5,2.5,,,76.0,255.0,30.29094117647059,7.0,Oregon,2010.0,2010.0,BAL,70.0,,0.10714286
2017,13,00-0027675,E.Dickson,TE,CAR,NO,0,0,0.0,0,0.0,0.0,0.0,0,0.0,0,2,2,18.0,0,1.8,3.8,,,76.0,255.0,30.29094117647059,7.0,Oregon,2010.0,2010.0,BAL,70.0,,0.071428575
2017,14,00-0027675,E.Dickson,TE,CAR,MIN,0,0,0.0,0,0.0,0.0,0.0,0,0.0,0,1,0,0.0,0,0.0,0.0,,,76.0,255.0,30.29094117647059,7.0,Oregon,2010.0,2010.0,BAL,70.0,7.0,0.04347826
2017,17,00-0027675,E.Dickson,TE,CAR,ATL,0,0,0.0,0,0.0,0.0,0.0,0,0.0,0,3,2,22.0,0,2.2,4.2,,,76.0,255.0,30.29094117647059,7.0,Oregon,2010.0,2010.0,BAL,70.0,,0.09090909
2017,18,00-0027675,E.Dickson,TE,CAR,NO,0,0,0.0,0,0.0,0.0,0.0,0,0.0,0,2,1,3.0,0,0.3,1.3,,,76.0,255.0,30.29094117647059,7.0,Oregon,2010.0,2010.0,BAL,70.0,,0.05263158
2017,1,00-0027681,B.LaFell,WR,CIN,BAL,0,0,0.0,0,0.0,0.0,0.0,0,0.0,0,5,3,24.0,0,2.4,5.4,,,75.0,210.0,31.0066875,7.0,LSU,2010.0,2010.0,CAR,78.0,-20.0,0.1724138
2017,2,00-0027681,B.LaFell,WR,CIN,HOU,0,0,0.0,0,0.0,0.0,0.0,0,0.0,0,7,4,30.0,0,3.0,7.0,,,75.0,210.0,31.0066875,7.0,LSU,2010.0,2010.0,CAR,78.0,-4.0,0.22580644
2017,3,00-0027681,B.LaFell,WR,CIN,GB,0,0,0.0,0,0.0,0.0,0.0,0,0.0,0,2,1,5.0,0,0.5,1.5,,,75.0,210.0,31.0066875,7.0,LSU,2010.0,2010.0,CAR,78.0,,0.07692308
2017,4,00-0027681,B.LaFell,WR,CIN,CLE,0,0,0.0,0,0.0,0.0,0.0,0,0.0,0,3,2,17.0,0,1.7,3.7,,,75.0,210.0,31.0066875,7.0,LSU,2010.0,2010.0,CAR,78.0,,0.1
2017,5,00-0027681,B.LaFell,WR,CIN,BUF,0,0,0.0,0,0.0,0.0,0.0,0,0.0,0,8,5,32.0,0,3.2,8.2,,,75.0,210.0,31.0066875,7.0,LSU,2010.0,2010.0,CAR,78.0,4.0,0.23529412
2017,7,00-0027681,B.LaFell,WR,CIN,PIT,0,0,0.0,0,0.0,0.0,0.0,0,0.0,0,7,4,28.0,1,8.8,12.8,,,75.0,210.0,31.0066875,7.0,LSU,2010.0,2010.0,CAR,78.0,,0.2413793
2017,8,00-0027681,B.LaFell,WR,CIN,IND,0,0,0.0,0,0.0,0.0,0.0,0,0.0,0,5,4,44.0,0,4.4,8.4,,,75.0,210.0,31.0066875,7.0,LSU,2010.0,2010.0,CAR,78.0,1.0,0.17857143
2017,9,00-0027681,B.LaFell,WR,CIN,JAX,0,0,0.0,0,0.0,0.0,0.0,0,0.0,0,2,2,28.0,0,2.8,4.8,,,75.0,210.0,31.0066875,7.0,LSU,2010.0,2010.0,CAR,78.0,,0.11764706
2017,10,00-0027681,B.LaFell,WR,CIN,TEN,0,0,0.0,0,0.0,0.0,0.0,0,0.0,0,10,6,95.0,1,15.5,21.5,,,75.0,210.0,31.0066875,7.0,LSU,2010.0,2010.0,CAR,78.0,,0.29411766
2017,11,00-0027681,B.LaFell,WR,CIN,DEN,0,0,0.0,0,0.0,0.0,0.0,0,0.0,0,5,3,37.0,0,3.7,6.7,,,75.0,210.0,31.0066875,7.0,LSU,2010.0,2010.0,CAR,78.0,,0.20833333
2017,12,00-0027681,B.LaFell,WR,CIN,CLE,0,0,0.0,0,0.0,0.0,0.0,0,0.0,0,6,3,33.0,0,3.3,6.3,,,75.0,210.0,31.0066875,7.0,LSU,2010.0,2010.0,CAR,78.0,14.0,0.23076923
2017,13,00-0027681,B.LaFell,WR,CIN,PIT,0,0,0.0,0,0.0,0.0,0.0,0,0.0,0,7,4,55.0,0,5.5,9.5,,,75.0,210.0,31.0066875,7.0,LSU,2010.0,2010.0,CAR,78.0,-3.0,0.2
2017,14,00-0027681,B.LaFell,WR,CIN,CHI,0,0,0.0,0,0.0,0.0,0.0,0,0.0,0,6,3,24.0,1,8.4,11.4,,,75.0,210.0,31.0066875,7.0,LSU,2010.0,2010.0,CAR,78.0,-26.0,0.16666667
2017,15,00-0027681,B.LaFell,WR,CIN,MIN,0,0,0.0,0,0.0,0.0,0.0,0,0.0,0,6,2,53.0,0,5.3,7.3,,,75.0,210.0,31.0066875,7.0,LSU,2010.0,2010.0,CAR,78.0,,0.21428572
2017,16,00-0027681,B.LaFell,WR,CIN,DET,0,0,0.0,0,0.0,0.0,0.0,0,0.0,0,6,4,8.0,0,0.8,4.8,,,75.0,210.0,31.0066875,7.0,LSU,2010.0,2010.0,CAR,78.0,9.0,0.15
2017,17,00-0027681,B.LaFell,WR,CIN,BAL,0,0,0.0,0,0.0,0.0,0.0,0,0.0,0,4,2,35.0,0,3.5,5.5,,,75.0,210.0,31.0066875,7.0,LSU,2010.0,2010.0,CAR,78.0,,0.09756097
2017,1,00-0027685,E.Sanders,WR,DEN,LAC,0,0,0.0,0,0.0,0.0,0.0,0,0.0,0,6,3,26.0,0,2.6,5.6,,,71.0,180.0,30.643875,7.0,Southern Methodist,2010.0,2010.0,PIT,82.0,3.0,0.21428572
2017,2,00-0027685,E.Sanders,WR,DEN,DAL,0,0,0.0,0,0.0,0.0,0.0,0,0.0,0,8,6,62.0,2,18.2,24.2,,,71.0,180.0,30.643875,7.0,Southern Methodist,2010.0,2010.0,PIT,82.0,25.0,0.26666668
2017,3,00-0027685,E.Sanders,WR,DEN,BUF,0,0,0.0,0,0.0,0.0,0.0,0,0.0,0,15,7,75.0,0,7.5,14.5,,,71.0,180.0,30.643875,7.0,Southern Methodist,2010.0,2010.0,PIT,82.0,,0.375
2017,4,00-0027685,E.Sanders,WR,DEN,LV,0,0,0.0,0,0.0,0.0,0.0,0,0.0,0,5,4,27.0,0,2.7,6.7,,,71.0,180.0,30.643875,7.0,Southern Methodist,2010.0,2010.0,PIT,82.0,6.0,0.2
2017,6,00-0027685,E.Sanders,WR,DEN,NYG,0,0,0.0,0,0.0,0.0,0.0,0,0.0,0,8,5,76.0,0,7.6,12.6,,,71.0,180.0,30.643875,7.0,Southern Methodist,2010.0,2010.0,PIT,82.0,-13.0,0.1509434
2017,9,00-0027685,E.Sanders,WR,DEN,PHI,0,0,0.0,0,0.0,0.0,0.0,0,0.0,0,5,1,30.0,0,3.0,4.0,,,71.0,180.0,30.643875,7.0,Southern Methodist,2010.0,2010.0,PIT,82.0,,0.13513513
2017,10,00-0027685,E.Sanders,WR,DEN,NE,0,0,0.0,0,0.0,0.0,0.0,0,0.0,0,11,6,137.0,0,13.7,19.7,,,71.0,180.0,30.643875,7.0,Southern Methodist,2010.0,2010.0,PIT,82.0,-25.0,0.34375
2017,11,00-0027685,E.Sanders,WR,DEN,CIN,0,0,0.0,0,0.0,0.0,0.0,0,0.0,0,8,2,15.0,0,1.5,3.5,,,71.0,180.0,30.643875,7.0,Southern Methodist,2010.0,2010.0,PIT,82.0,-3.0,0.2
2017,12,00-0027685,E.Sanders,WR,DEN,LV,0,0,0.0,0,0.0,0.0,0.0,0,0.0,0,6,3,12.0,0,1.2,4.2,,,71.0,180.0,30.643875,7.0,Southern Methodist,2010.0,2010.0,PIT,82.0,,0.1764706
2017,13,00-0027685,E.Sanders,WR,DEN,MIA,0,0,0.0,0,0.0,0.0,0.0,0,0.0,0,7,2,11.0,0,1.1,3.1,,,71.0,180.0,30.643875,7.0,Southern Methodist,2010.0,2010.0,PIT,82.0,,0.175
2017,14,00-0027685,E.Sanders,WR,DEN,NYJ,0,0,0.0,0,0.0,0.0,0.0,0,0.0,0,4,1,16.0,0,1.6,2.6,,,71.0,180.0,30.643875,7.0,Southern Methodist,2010.0,2010.0,PIT,82.0,23.0,0.14285715
2017,15,00-0027685,E.Sanders,WR,DEN,IND,0,0,0.0,0,0.0,0.0,0.0,0,0.0,0,9,7,68.0,0,6.8,13.8,,,71.0,180.0,30.643875,7.0,Southern Methodist,2010.0,2010.0,PIT,82.0,,0.36
2017,1,00-0027690,E.Decker,WR,TEN,LV,0,0,0.0,0,0.0,0.0,0.0,0,0.0,0,8,3,10.0,0,1.0,4.0,,,75.0,214.0,30.6655,7.0,Minnesota,2010.0,2010.0,DEN,87.0,-10.0,0.19512194
2017,2,00-0027690,E.Decker,WR,TEN,JAX,0,0,0.0,0,0.0,0.0,0.0,0,0.0,0,5,3,32.0,0,3.2,6.2,,,75.0,214.0,30.6655,7.0,Minnesota,2010.0,2010.0,DEN,87.0,,0.2173913
2017,3,00-0027690,E.Decker,WR,TEN,SEA,0,0,0.0,0,0.0,0.0,0.0,0,0.0,0,5,4,49.0,0,4.9,8.9,,,75.0,214.0,30.6655,7.0,Minnesota,2010.0,2010.0,DEN,87.0,6.0,0.16129032
2017,4,00-0027690,E.Decker,WR,TEN,HOU,0,0,0.0,0,0.0,0.0,0.0,0,0.0,0,2,2,13.0,0,1.3,3.3,,,75.0,214.0,30.6655,7.0,Minnesota,2010.0,2010.0,DEN,87.0,,0.1
2017,5,00-0027690,E.Decker,WR,TEN,MIA,0,0,0.0,0,0.0,0.0,0.0,0,0.0,0,6,4,34.0,0,3.4,7.4,,,75.0,214.0,30.6655,7.0,Minnesota,2010.0,2010.0,DEN,87.0,,0.19354838
2017,6,00-0027690,E.Decker,WR,TEN,IND,0,0,0.0,0,0.0,0.0,0.0,0,0.0,0,9,7,88.0,0,8.8,15.8,,,75.0,214.0,30.6655,7.0,Minnesota,2010.0,2010.0,DEN,87.0,14.0,0.28125
2017,7,00-0027690,E.Decker,WR,TEN,CLE,0,0,0.0,0,0.0,0.0,0.0,0,0.0,0,2,0,0.0,0,0.0,0.0,,,75.0,214.0,30.6655,7.0,Minnesota,2010.0,2010.0,DEN,87.0,,0.05882353
2017,9,00-0027690,E.Decker,WR,TEN,BAL,0,0,0.0,0,0.0,0.0,0.0,0,0.0,0,4,3,21.0,1,8.1,11.1,,,75.0,214.0,30.6655,7.0,Minnesota,2010.0,2010.0,DEN,87.0,3.0,0.14285715
2017,10,00-0027690,E.Decker,WR,TEN,CIN,0,0,0.0,0,0.0,0.0,0.0,0,0.0,0,3,2,19.0,0,1.9,3.9,,,75.0,214.0,30.6655,7.0,Minnesota,2010.0,2010.0,DEN,87.0,4.0,0.06818182
2017,11,00-0027690,E.Decker,WR,TEN,PIT,0,1,0.0,0,0.0,0.0,-0.0,0,0.0,0,3,3,37.0,0,3.7,6.7,,,75.0,214.0,30.6655,7.0,Minnesota,2010.0,2010.0,DEN,87.0,,0.09090909
2017,12,00-0027690,E.Decker,WR,TEN,IND,0,0,0.0,0,0.0,0.0,0.0,0,0.0,0,4,3,23.0,0,2.3,5.3,,,75.0,214.0,30.6655,7.0,Minnesota,2010.0,2010.0,DEN,87.0,,0.16666667
2017,13,00-0027690,E.Decker,WR,TEN,HOU,0,0,0.0,0,0.0,0.0,0.0,0,0.0,0,6,3,27.0,0,2.7,5.7,,,75.0,214.0,30.6655,7.0,Minnesota,2010.0,2010.0,DEN,87.0,11.0,0.2857143
2017,14,00-0027690,E.Decker,WR,TEN,ARI,0,0,0.0,0,0.0,0.0,0.0,0,0.0,0,5,3,56.0,0,5.6,8.6,,,75.0,214.0,30.6655,7.0,Minnesota,2010.0,2010.0,DEN,87.0,,0.16129032
2017,15,00-0027690,E.Decker,WR,TEN,SF,0,0,0.0,0,0.0,0.0,0.0,0,0.0,0,5,5,63.0,0,6.3,11.3,,,75.0,214.0,30.6655,7.0,Minnesota,2010.0,2010.0,DEN,87.0,,0.15151516
2017,16,00-0027690,E.Decker,WR,TEN,LA,0,0,0.0,0,0.0,0.0,0.0,0,0.0,0,10,6,73.0,0,7.3,13.3,,,75.0,214.0,30.6655,7.0,Minnesota,2010.0,2010.0,DEN,87.0,-4.0,0.27027026
2017,17,00-0027690,E.Decker,WR,TEN,JAX,0,0,0.0,0,0.0,0.0,0.0,0,0.0,0,6,3,18.0,0,1.8,4.8,,,75.0,214.0,30.6655,7.0,Minnesota,2010.0,2010.0,DEN,87.0,5.0,0.2857143
2017,18,00-0027690,E.Decker,WR,TEN,KC,0,0,0.0,0,0.0,0.0,0.0,0,0.0,0,5,2,21.0,1,8.1,10.1,,,75.0,214.0,30.6655,7.0,Minnesota,2010.0,2010.0,DEN,87.0,,0.16666667
2017,19,00-0027690,E.Decker,WR,TEN,NE,0,0,0.0,0,0.0,0.0,0.0,0,0.0,0,7,6,85.0,0,8.5,14.5,,,75.0,214.0,30.6655,7.0,Minnesota,2010.0,2010.0,DEN,87.0,,0.18421052
2017,2,00-0027691,A.Roberts,WR,ATL,GB,0,0,0.0,0,0.0,0.0,0.0,0,0.0,0,1,0,0.0,0,0.0,0.0,,,71.0,192.0,29.84738888888889,7.0,Citadel,2010.0,2010.0,ARI,88.0,11.0,0.037037037
2017,3,00-0027691,A.Roberts,WR,ATL,DET,0,0,0.0,0,0.0,0.0,0.0,0,0.0,0,1,1,12.0,0,1.2,2.2,,,71.0,192.0,29.84738888888889,7.0,Citadel,2010.0,2010.0,ARI,88.0,,0.028571429
2017,7,00-0027691,A.Roberts,WR,ATL,NE,0,0,0.0,0,0.0,0.0,0.0,0,0.0,0,1,0,0.0,0,0.0,0.0,,,71.0,192.0,29.84738888888889,7.0,Citadel,2010.0,2010.0,ARI,88.0,,0.030303031
2017,9,00-0027691,A.Roberts,WR,ATL,CAR,0,0,0.0,0,0.0,0.0,0.0,0,0.0,0,1,0,0.0,0,0.0,0.0,,,71.0,192.0,29.84738888888889,7.0,Citadel,2010.0,2010.0,ARI,88.0,,0.027027028
2017,1,00-0027696,J.Graham,TE,SEA,GB,0,0,0.0,0,0.0,0.0,0.0,0,0.0,0,8,3,8.0,0,0.8,3.8,,,79.0,265.0,30.952,7.0,Miami,2010.0,2010.0,NO,95.0,,0.2962963
2017,2,00-0027696,J.Graham,TE,SEA,SF,0,0,0.0,0,0.0,0.0,0.0,0,0.0,0,2,1,1.0,0,0.1,1.1,,,79.0,265.0,30.952,7.0,Miami,2010.0,2010.0,NO,95.0,3.0,0.051282052
2017,3,00-0027696,J.Graham,TE,SEA,TEN,0,0,0.0,0,0.0,0.0,0.0,0,0.0,0,11,7,72.0,0,7.2,14.2,,,79.0,265.0,30.952,7.0,Miami,2010.0,2010.0,NO,95.0,,0.22916667
2017,4,00-0027696,J.Graham,TE,SEA,IND,0,0,0.0,0,0.0,0.0,0.0,0,0.0,0,6,4,61.0,0,6.1,10.1,,,79.0,265.0,30.952,7.0,Miami,2010.0,2010.0,NO,95.0,28.0,0.23076923
2017,5,00-0027696,J.Graham,TE,SEA,LA,0,0,0.0,0,0.0,0.0,0.0,0,0.0,0,8,6,37.0,1,9.7,15.7,,,79.0,265.0,30.952,7.0,Miami,2010.0,2010.0,NO,95.0,,0.21621622
2017,7,00-0027696,J.Graham,TE,SEA,NYG,0,0,0.0,0,0.0,0.0,0.0,0,0.0,0,6,3,51.0,1,11.1,14.1,,,79.0,265.0,30.952,7.0,Miami,2010.0,2010.0,NO,95.0,,0.16216215
2017,8,00-0027696,J.Graham,TE,SEA,HOU,0,0,0.0,0,0.0,0.0,0.0,0,0.0,0,5,4,39.0,2,15.9,19.9,,,79.0,265.0,30.952,7.0,Miami,2010.0,2010.0,NO,95.0,3.0,0.13513513
2017,9,00-0027696,J.Graham,TE,SEA,WAS,0,0,0.0,0,0.0,0.0,0.0,0,0.0,0,8,5,59.0,0,5.9,10.9,,,79.0,265.0,30.952,7.0,Miami,2010.0,2010.0,NO,95.0,-3.0,0.19512194
2017,10,00-0027696,J.Graham,TE,SEA,ARI,0,0,0.0,0,0.0,0.0,0.0,0,0.0,0,9,6,27.0,2,14.7,20.7,,,79.0,265.0,30.952,7.0,Miami,2010.0,2010.0,NO,95.0,,0.3
2017,11,00-0027696,J.Graham,TE,SEA,ATL,0,0,0.0,0,0.0,0.0,0.0,0,0.0,0,11,7,58.0,1,13.8,20.8,,,79.0,265.0,30.952,7.0,Miami,2010.0,2010.0,NO,95.0,-3.0,0.275
2017,12,00-0027696,J.Graham,TE,SEA,SF,0,0,0.0,0,0.0,0.0,0.0,0,0.0,0,6,3,34.0,1,9.4,12.4,,,79.0,265.0,30.952,7.0,Miami,2010.0,2010.0,NO,95.0,,0.18181819
2017,13,00-0027696,J.Graham,TE,SEA,PHI,0,0,0.0,0,0.0,0.0,0.0,0,0.0,0,4,3,26.0,1,8.6,11.6,,,79.0,265.0,30.952,7.0,Miami,2010.0,2010.0,NO,95.0,14.0,0.14814815
2017,14,00-0027696,J.Graham,TE,SEA,JAX,0,0,0.0,0,0.0,0.0,0.0,0,0.0,0,2,0,0.0,0,0.0,0.0,,,79.0,265.0,30.952,7.0,Miami,2010.0,2010.0,NO,95.0,,0.06896552
2017,15,00-0027696,J.Graham,TE,SEA,LA,0,0,0.0,0,0.0,0.0,0.0,0,0.0,0,3,1,-1.0,0,-0.1,0.9,,,79.0,265.0,30.952,7.0,Miami,2010.0,2010.0,NO,95.0,-35.0,0.11111111
2017,16,00-0027696,J.Graham,TE,SEA,DAL,0,0,0.0,0,0.0,0.0,0.0,0,0.0,0,1,1,3.0,1,6.3,7.3,,,79.0,265.0,30.952,7.0,Miami,2010.0,2010.0,NO,95.0,,0.05
2017,17,00-0027696,J.Graham,TE,SEA,ARI,0,0,0.0,0,0.0,0.0,0.0,0,0.0,0,6,3,45.0,0,4.5,7.5,,,79.0,265.0,30.952,7.0,Miami,2010.0,2010.0,NO,95.0,-2.0,0.21428572
2017,2,00-0027732,M.Hoomanawanui,TE,NO,NE,0,0,0.0,0,0.0,0.0,0.0,0,0.0,0,1,1,8.0,0,0.8,1.8,,,76.0,265.0,29.36288888888889,7.0,Illinois,2010.0,2010.0,STL,132.0,-16.0,0.022727273
2017,3,00-0027732,M.Hoomanawanui,TE,NO,CAR,0,0,0.0,0,0.0,0.0,0.0,0,0.0,0,1,0,0.0,0,0.0,0.0,,,76.0,265.0,29.36288888888889,7.0,Illinois,2010.0,2010.0,STL,132.0,,0.03448276
2017,4,00-0027732,M.Hoomanawanui,TE,NO,MIA,0,0,0.0,0,0.0,0.0,0.0,0,0.0,0,2,1,13.0,0,1.3,2.3,,,76.0,265.0,29.36288888888889,7.0,Illinois,2010.0,2010.0,STL,132.0,,0.05
2017,6,00-0027732,M.Hoomanawanui,TE,NO,DET,0,0,0.0,0,0.0,0.0,0.0,0,0.0,0,3,2,27.0,1,8.7,10.7,,,76.0,265.0,29.36288888888889,7.0,Illinois,2010.0,2010.0,STL,132.0,14.0,0.1
2017,10,00-0027732,M.Hoomanawanui,TE,NO,BUF,0,0,0.0,0,0.0,0.0,0.0,0,0.0,0,1,1,4.0,0,0.4,1.4,,,76.0,265.0,29.36288888888889,7.0,Illinois,2010.0,2010.0,STL,132.0,,0.04347826
2017,13,00-0027732,M.Hoomanawanui,TE,NO,CAR,0,0,0.0,0,0.0,0.0,0.0,0,0.0,0,1,1,0.0,0,0.0,1.0,,,76.0,265.0,29.36288888888889,7.0,Illinois,2010.0,2010.0,STL,132.0,10.0,0.030303031
2017,14,00-0027732,M.Hoomanawanui,TE,NO,ATL,0,0,0.0,0,0.0,0.0,0.0,0,0.0,0,1,0,0.0,0,0.0,0.0,,,76.0,265.0,29.36288888888889,7.0,Illinois,2010.0,2010.0,STL,132.0,,0.028571429
2017,1,00-0027793,A.Brown,WR,PIT,CLE,0,0,0.0,0,0.0,0.0,0.0,0,0.0,0,11,11,182.0,0,18.2,29.2,,,70.0,181.0,29.333470588235294,7.0,Central Michigan,2010.0,2010.0,PIT,195.0,,0.30555555
2017,2,00-0027793,A.Brown,WR,PIT,MIN,0,0,0.0,0,0.0,0.0,0.0,0,0.0,0,11,5,62.0,0,6.2,11.2,,,70.0,181.0,29.333470588235294,7.0,Central Michigan,2010.0,2010.0,PIT,195.0,17.0,0.31428573
2017,3,00-0027793,A.Brown,WR,PIT,CHI,0,0,0.0,0,0.0,0.0,0.0,0,0.0,0,14,10,110.0,1,17.0,27.0,,,70.0,181.0,29.333470588235294,7.0,Central Michigan,2010.0,2010.0,PIT,195.0,,0.35897437
2017,4,00-0027793,A.Brown,WR,PIT,BAL,0,0,0.0,0,0.0,0.0,0.0,0,0.0,0,9,4,34.0,0,3.4,7.4,,,70.0,181.0,29.333470588235294,7.0,Central Michigan,2010.0,2010.0,PIT,195.0,,0.3
2017,5,00-0027793,A.Brown,WR,PIT,JAX,0,0,0.0,0,0.0,0.0,0.0,0,0.0,0,19,10,157.0,0,15.7,25.7,,,70.0,181.0,29.333470588235294,7.0,Central Michigan,2010.0,2010.0,PIT,195.0,-21.0,0.35185185
2017,6,00-0027793,A.Brown,WR,PIT,KC,0,0,0.0,0,0.0,0.0,0.0,0,0.0,0,10,8,155.0,1,21.5,29.5,,,70.0,181.0,29.333470588235294,7.0,Central Michigan,2010.0,2010.0,PIT,195.0,,0.41666666
2017,7,00-0027793,A.Brown,WR,PIT,CIN,0,0,0.0,0,0.0,0.0,0.0,0,0.0,0,10,4,65.0,1,12.5,16.5,,,70.0,181.0,29.333470588235294,7.0,Central Michigan,2010.0,2010.0,PIT,195.0,15.0,0.4
2017,8,00-0027793,A.Brown,WR,PIT,DET,0,0,0.0,0,0.0,0.0,0.0,0,0.0,0,10,5,70.0,0,7.0,12.0,,,70.0,181.0,29.333470588235294,7.0,Central Michigan,2010.0,2010.0,PIT,195.0,,0.32258064
2017,10,00-0027793,A.Brown,WR,PIT,IND,0,0,0.0,0,0.0,0.0,0.0,0,0.0,0,7,3,47.0,0,4.7,7.7,,,70.0,181.0,29.333470588235294,7.0,Central Michigan,2010.0,2010.0,PIT,195.0,,0.23333333
2017,11,00-0027793,A.Brown,WR,PIT,TEN,0,0,0.0,0,0.0,0.0,0.0,0,0.0,0,13,10,144.0,3,32.4,42.4,,,70.0,181.0,29.333470588235294,7.0,Central Michigan,2010.0,2010.0,PIT,195.0,23.0,0.2888889
2017,12,00-0027793,A.Brown,WR,PIT,GB,0,0,0.0,0,0.0,0.0,0.0,0,0.0,0,12,10,169.0,2,30.9,40.9,,,70.0,181.0,29.333470588235294,7.0,Central Michigan,2010.0,2010.0,PIT,195.0,3.0,0.26666668
2017,13,00-0027793,A.Brown,WR,PIT,CIN,0,0,0.0,0,0.0,0.0,0.0,0,0.0,0,16,8,101.0,1,16.1,24.1,,,70.0,181.0,29.333470588235294,7.0,Central Michigan,2010.0,2010.0,PIT,195.0,,0.4
2017,14,00-0027793,A.Brown,WR,PIT,BAL,0,0,0.0,0,0.0,0.0,0.0,0,0.0,0,18,11,213.0,0,21.3,32.3,,,70.0,181.0,29.333470588235294,7.0,Central Michigan,2010.0,2010.0,PIT,195.0,1.0,0.28125
2017,15,00-0027793,A.Brown,WR,PIT,NE,0,0,0.0,0,0.0,0.0,0.0,0,0.0,0,3,2,24.0,0,2.4,4.4,,,70.0,181.0,29.333470588235294,7.0,Central Michigan,2010.0,2010.0,PIT,195.0,-3.0,0.1
2017,19,00-0027793,A.Brown,WR,PIT,JAX,0,0,0.0,0,0.0,0.0,0.0,0,0.0,0,11,7,132.0,2,25.2,32.2,,,70.0,181.0,29.333470588235294,7.0,Central Michigan,2010.0,2010.0,PIT,195.0,-3.0,0.19298245
2017,13,00-0027796,J.Webb,QB,BUF,NE,0,1,0.0,0,0.0,0.0,-0.0,3,27.0,0,0,0,0.0,0,2.7,2.7,,,76.0,230.0,30.989117647058826,7.0,Alabama-Birmingham,2010.0,2010.0,MIN,199.0,-20.0,
2017,14,00-0027796,J.Webb,QB,BUF,IND,2,6,35.0,0,1.0,0.0,-0.0,5,27.0,0,0,0,0.0,0,2.1,2.1,,,76.0,230.0,30.989117647058826,7.0,Alabama-Birmingham,2010.0,2010.0,MIN,199.0,6.0,
2017,1,00-0027854,S.Bradford,QB,MIN,NO,27,32,346.0,3,0.0,1.0,5.0,2,-3.0,0,0,0,0.0,0,25.54,25.54,,,76.0,224.0,30.01516666666667,7.0,Oklahoma,2010.0,2010.0,STL,1.0,10.0,
2017,5,00-0027854,S.Bradford,QB,MIN,CHI,5,11,36.0,0,0.0,4.0,35.0,0,0.0,0,0,0,0.0,0,1.44,1.44,,,76.0,224.0,30.01516666666667,7.0,Oklahoma,2010.0,2010.0,STL,1.0,,
2017,7,00-0027861,C.Spiller,RB,KC,LV,0,0,0.0,0,0.0,0.0,0.0,2,0.0,0,2,0,0.0,0,0.0,0.0,,,71.0,200.0,30.26141176470588,7.0,Clemson,2010.0,2010.0,BUF,9.0,,0.055555556
2017,1,00-0027873,J.Gresham,TE,ARI,DET,0,0,0.0,0,0.0,0.0,0.0,0,0.0,0,4,3,15.0,0,1.5,4.5,,,77.0,260.0,29.3889375,7.0,Oklahoma,2010.0,2010.0,CIN,21.0,,0.08510638
2017,3,00-0027873,J.Gresham,TE,ARI,DAL,0,0,0.0,0,0.0,0.0,0.0,0,0.0,0,9,5,47.0,0,4.7,9.7,,,77.0,260.0,29.3889375,7.0,Oklahoma,2010.0,2010.0,CIN,21.0,-11.0,0.1875
2017,4,00-0027873,J.Gresham,TE,ARI,SF,0,0,0.0,0,0.0,0.0,0.0,0,0.0,0,3,2,12.0,0,1.2,3.2,,,77.0,260.0,29.3889375,7.0,Oklahoma,2010.0,2010.0,CIN,21.0,3.0,0.05882353
2017,5,00-0027873,J.Gresham,TE,ARI,PHI,0,0,0.0,0,0.0,0.0,0.0,0,0.0,0,2,2,16.0,0,1.6,3.6,,,77.0,260.0,29.3889375,7.0,Oklahoma,2010.0,2010.0,CIN,21.0,,0.045454547
2017,6,00-0027873,J.Gresham,TE,ARI,TB,0,0,0.0,0,0.0,0.0,0.0,0,0.0,0,2,2,32.0,0,3.2,5.2,,,77.0,260.0,29.3889375,7.0,Oklahoma,2010.0,2010.0,CIN,21.0,5.0,0.09090909
2017,7,00-0027873,J.Gresham,TE,ARI,LA,0,0,0.0,0,0.0,0.0,0.0,0,0.0,0,3,1,18.0,0,1.8,2.8,,,77.0,260.0,29.3889375,7.0,Oklahoma,2010.0,2010.0,CIN,21.0,,0.09375
2017,9,00-0027873,J.Gresham,TE,ARI,SF,0,0,0.0,0,0.0,0.0,0.0,0,0.0,0,3,2,23.0,1,8.3,10.3,,,77.0,260.0,29.3889375,7.0,Oklahoma,2010.0,2010.0,CIN,21.0,,0.10344828
2017,10,00-0027873,J.Gresham,TE,ARI,SEA,0,0,0.0,0,0.0,0.0,0.0,0,0.0,0,7,5,64.0,1,12.4,17.4,,,77.0,260.0,29.3889375,7.0,Oklahoma,2010.0,2010.0,CIN,21.0,-6.0,0.14893617
2017,11,00-0027873,J.Gresham,TE,ARI,HOU,0,0,0.0,0,0.0,0.0,0.0,0,0.0,0,1,1,10.0,0,1.0,2.0,,,77.0,260.0,29.3889375,7.0,Oklahoma,2010.0,2010.0,CIN,21.0,,0.029411765
2017,12,00-0027873,J.Gresham,TE,ARI,JAX,0,0,0.0,0,0.0,0.0,0.0,0,0.0,0,3,2,13.0,0,1.3,3.3,,,77.0,260.0,29.3889375,7.0,Oklahoma,2010.0,2010.0,CIN,21.0,3.0,0.08108108
2017,13,00-0027873,J.Gresham,TE,ARI,LA,0,0,0.0,0,0.0,0.0,0.0,0,0.0,0,3,2,17.0,0,1.7,3.7,,,77.0,260.0,29.3889375,7.0,Oklahoma,2010.0,2010.0,CIN,21.0,-16.0,0.09375
2017,14,00-0027873,J.Gresham,TE,ARI,TEN,0,0,0.0,0,0.0,0.0,0.0,0,0.0,0,2,2,27.0,0,2.7,4.7,,,77.0,260.0,29.3889375,7.0,Oklahoma,2010.0,2010.0,CIN,21.0,5.0,0.07692308
2017,16,00-0027873,J.Gresham,TE,ARI,NYG,0,0,0.0,0,0.0,0.0,0.0,0,0.0,0,1,1,4.0,0,0.4,1.4,,,77.0,260.0,29.3889375,7.0,Oklahoma,2010.0,2010.0,CIN,21.0,23.0,0.029411765
2017,17,00-0027873,J.Gresham,TE,ARI,SEA,0,0,0.0,0,0.0,0.0,0.0,0,0.0,0,3,3,24.0,0,2.4,5.4,,,77.0,260.0,29.3889375,7.0,Oklahoma,2010.0,2010.0,CIN,21.0,,0.09090909
2017,1,00-0027874,D.Thomas,WR,DEN,LAC,0,0,0.0,0,0.0,0.0,0.0,0,0.0,0,8,5,67.0,0,6.7,11.7,,,75.0,229.0,29.8690625,7.0,Georgia Tech,2010.0,2010.0,DEN,22.0,3.0,0.2857143
2017,2,00-0027874,D.Thomas,WR,DEN,DAL,0,0,0.0,0,0.0,0.0,0.0,0,0.0,0,8,6,71.0,0,7.1,13.1,,,75.0,229.0,29.8690625,7.0,Georgia Tech,2010.0,2010.0,DEN,22.0,25.0,0.26666668
2017,3,00-0027874,D.Thomas,WR,DEN,BUF,0,0,0.0,0,0.0,0.0,0.0,0,0.0,0,9,6,98.0,0,9.8,15.8,,,75.0,229.0,29.8690625,7.0,Georgia Tech,2010.0,2010.0,DEN,22.0,,0.225
2017,4,00-0027874,D.Thomas,WR,DEN,LV,0,0,0.0,0,0.0,0.0,0.0,0,0.0,0,5,1,11.0,0,1.1,2.1,,,75.0,229.0,29.8690625,7.0,Georgia Tech,2010.0,2010.0,DEN,22.0,6.0,0.2
2017,6,00-0027874,D.Thomas,WR,DEN,NYG,0,0,0.0,0,0.0,0.0,0.0,0,0.0,0,14,10,133.0,0,11.3,21.3,,,75.0,229.0,29.8690625,7.0,Georgia Tech,2010.0,2010.0,DEN,22.0,-13.0,0.26415095
2017,7,00-0027874,D.Thomas,WR,DEN,LAC,0,0,0.0,0,0.0,0.0,0.0,0,0.0,0,6,2,9.0,0,0.9,2.9,,,75.0,229.0,29.8690625,7.0,Georgia Tech,2010.0,2010.0,DEN,22.0,,0.17142858
2017,8,00-0027874,D.Thomas,WR,DEN,KC,0,0,0.0,0,0.0,0.0,0.0,0,0.0,0,9,5,66.0,0,6.6,11.6,,,75.0,229.0,29.8690625,7.0,Georgia Tech,2010.0,2010.0,DEN,22.0,,0.25
2017,9,00-0027874,D.Thomas,WR,DEN,PHI,0,0,0.0,0,0.0,0.0,0.0,0,0.0,0,12,8,70.0,1,13.0,21.0,,,75.0,229.0,29.8690625,7.0,Georgia Tech,2010.0,2010.0,DEN,22.0,,0.3243243
2017,10,00-0027874,D.Thomas,WR,DEN,NE,0,0,0.0,0,0.0,0.0,0.0,0,0.0,0,8,5,44.0,1,10.4,15.4,,,75.0,229.0,29.8690625,7.0,Georgia Tech,2010.0,2010.0,DEN,22.0,-25.0,0.25
2017,11,00-0027874,D.Thomas,WR,DEN,CIN,0,0,0.0,0,0.0,0.0,0.0,0,0.0,0,9,5,64.0,1,12.4,17.4,,,75.0,229.0,29.8690625,7.0,Georgia Tech,2010.0,2010.0,DEN,22.0,-3.0,0.225
2017,12,00-0027874,D.Thomas,WR,DEN,LV,0,0,0.0,0,0.0,0.0,0.0,0,0.0,0,8,5,18.0,0,1.8,6.8,,,75.0,229.0,29.8690625,7.0,Georgia Tech,2010.0,2010.0,DEN,22.0,,0.23529412
2017,13,00-0027874,D.Thomas,WR,DEN,MIA,0,0,0.0,0,0.0,0.0,0.0,0,0.0,0,10,2,27.0,0,2.7,4.7,,,75.0,229.0,29.8690625,7.0,Georgia Tech,2010.0,2010.0,DEN,22.0,,0.25
2017,14,00-0027874,D.Thomas,WR,DEN,NYJ,0,0,0.0,0,0.0,0.0,0.0,0,0.0,0,12,8,93.0,1,15.3,23.3,,,75.0,229.0,29.8690625,7.0,Georgia Tech,2010.0,2010.0,DEN,22.0,23.0,0.42857143
2017,15,00-0027874,D.Thomas,WR,DEN,IND,0,0,0.0,0,0.0,0.0,0.0,0,0.0,0,8,5,69.0,0,6.9,11.9,,,75.0,229.0,29.8690625,7.0,Georgia Tech,2010.0,2010.0,DEN,22.0,,0.32
2017,16,00-0027874,D.Thomas,WR,DEN,WAS,0,0,0.0,0,0.0,0.0,0.0,0,0.0,0,6,4,52.0,0,5.2,9.2,,,75.0,229.0,29.8690625,7.0,Georgia Tech,2010.0,2010.0,DEN,22.0,,0.16216215
2017,17,00-0027874,D.Thomas,WR,DEN,KC,0,0,0.0,0,0.0,0.0,0.0,0,0.0,0,8,6,57.0,1,11.7,17.7,,,75.0,229.0,29.8690625,7.0,Georgia Tech,2010.0,2010.0,DEN,22.0,-3.0,0.2580645
2017,1,00-0027891,G.Tate,WR,DET,ARI,0,0,0.0,0,0.0,0.0,0.0,2,7.0,0,12,10,107.0,0,11.4,21.4,,,70.0,197.0,29.2615625,7.0,Notre Dame,2010.0,2010.0,SEA,60.0,12.0,0.30769232
2017,2,00-0027891,G.Tate,WR,DET,NYG,0,0,0.0,0,0.0,0.0,0.0,0,0.0,0,4,4,25.0,0,2.5,6.5,,,70.0,197.0,29.2615625,7.0,Notre Dame,2010.0,2010.0,SEA,60.0,,0.1904762
2017,3,00-0027891,G.Tate,WR,DET,ATL,0,0,0.0,0,0.0,0.0,0.0,0,0.0,0,11,7,58.0,1,11.8,18.8,,,70.0,197.0,29.2615625,7.0,Notre Dame,2010.0,2010.0,SEA,60.0,-4.0,0.24444444
2017,4,00-0027891,G.Tate,WR,DET,MIN,0,0,0.0,0,0.0,0.0,0.0,1,2.0,0,5,3,29.0,0,3.1,6.1,,,70.0,197.0,29.2615625,7.0,Notre Dame,2010.0,2010.0,SEA,60.0,,0.16129032
2017,5,00-0027891,G.Tate,WR,DET,CAR,0,0,0.0,0,0.0,0.0,0.0,0,0.0,0,8,5,48.0,0,4.8,9.8,,,70.0,197.0,29.2615625,7.0,Notre Dame,2010.0,2010.0,SEA,60.0,-3.0,0.22857143
2017,6,00-0027891,G.Tate,WR,DET,NO,0,0,0.0,0,0.0,0.0,0.0,0,0.0,0,7,7,96.0,1,15.6,22.6,,,70.0,197.0,29.2615625,7.0,Notre Dame,2010.0,2010.0,SEA,60.0,,0.13725491
2017,8,00-0027891,G.Tate,WR,DET,PIT,0,0,0.0,0,0.0,0.0,0.0,0,0.0,0,8,7,86.0,0,6.6,13.6,,,70.0,197.0,29.2615625,7.0,Notre Dame,2010.0,2010.0,SEA,60.0,-5.0,0.17777778
2017,9,00-0027891,G.Tate,WR,DET,GB,0,0,0.0,0,0.0,0.0,0.0,0,0.0,0,9,7,113.0,0,11.3,18.3,,,70.0,197.0,29.2615625,7.0,Notre Dame,2010.0,2010.0,SEA,60.0,,0.27272728
2017,10,00-0027891,G.Tate,WR,DET,CLE,0,0,0.0,0,0.0,0.0,0.0,0,0.0,0,7,6,97.0,1,15.7,21.7,,,70.0,197.0,29.2615625,7.0,Notre Dame,2010.0,2010.0,SEA,60.0,14.0,0.28
2017,11,00-0027891,G.Tate,WR,DET,CHI,0,0,0.0,0,0.0,0.0,0.0,0,0.0,0,4,3,32.0,0,3.2,6.2,,,70.0,197.0,29.2615625,7.0,Notre Dame,2010.0,2010.0,SEA,60.0,,0.12903225
2017,12,00-0027891,G.Tate,WR,DET,MIN,0,0,0.0,0,0.0,0.0,0.0,2,13.0,0,8,4,7.0,0,2.0,6.0,,,70.0,197.0,29.2615625,7.0,Notre Dame,2010.0,2010.0,SEA,60.0,-7.0,0.22857143
2017,13,00-0027891,G.Tate,WR,DET,BAL,0,0,0.0,0,0.0,0.0,0.0,0,0.0,0,10,8,69.0,0,6.9,14.9,,,70.0,197.0,29.2615625,7.0,Notre Dame,2010.0,2010.0,SEA,60.0,,0.29411766
2017,14,00-0027891,G.Tate,WR,DET,TB,0,0,0.0,0,0.0,0.0,0.0,0,0.0,0,9,8,85.0,1,14.5,22.5,,,70.0,197.0,29.2615625,7.0,Notre Dame,2010.0,2010.0,SEA,60.0,,0.20454545
2017,15,00-0027891,G.Tate,WR,DET,CHI,0,0,0.0,0,0.0,0.0,0.0,0,0.0,0,5,3,33.0,0,3.3,6.3,,,70.0,197.0,29.2615625,7.0,Notre Dame,2010.0,2010.0,SEA,60.0,10.0,0.15151516
2017,16,00-0027891,G.Tate,WR,DET,CIN,0,0,0.0,0,0.0,0.0,0.0,0,0.0,0,6,3,14.0,0,1.4,4.4,,,70.0,197.0,29.2615625,7.0,Notre Dame,2010.0,2010.0,SEA,60.0,,0.1764706
2017,17,00-0027891,G.Tate,WR,DET,GB,0,0,0.0,0,0.0,0.0,0.0,0,0.0,0,7,7,104.0,1,18.4,25.4,,,70.0,197.0,29.2615625,7.0,Notre Dame,2010.0,2010.0,SEA,60.0,24.0,0.2413793
2017,1,00-0027902,D.Bryant,WR,DAL,NYG,0,0,0.0,0,0.0,0.0,0.0,0,0.0,0,9,2,43.0,0,4.3,6.3,,,74.0,220.0,29.0046875,7.0,Oklahoma State,2010.0,2010.0,DAL,24.0,16.0,0.23684211
2017,2,00-0027902,D.Bryant,WR,DAL,DEN,0,0,0.0,0,0.0,0.0,0.0,0,0.0,0,16,7,59.0,1,11.9,18.9,,,74.0,220.0,29.0046875,7.0,Oklahoma State,2010.0,2010.0,DAL,24.0,,0.3265306
2017,3,00-0027902,D.Bryant,WR,DAL,ARI,0,0,0.0,0,0.0,0.0,0.0,0,0.0,0,2,2,12.0,1,7.2,9.2,,,74.0,220.0,29.0046875,7.0,Oklahoma State,2010.0,2010.0,DAL,24.0,,0.11111111
2017,4,00-0027902,D.Bryant,WR,DAL,LA,0,0,0.0,0,0.0,0.0,0.0,0,0.0,0,13,5,98.0,0,9.8,14.8,,,74.0,220.0,29.0046875,7.0,Oklahoma State,2010.0,2010.0,DAL,24.0,-5.0,0.37142858
2017,5,00-0027902,D.Bryant,WR,DAL,GB,0,0,0.0,0,0.0,0.0,0.0,0,0.0,0,8,5,52.0,1,11.2,16.2,,,74.0,220.0,29.0046875,7.0,Oklahoma State,2010.0,2010.0,DAL,24.0,-4.0,0.22222222
2017,7,00-0027902,D.Bryant,WR,DAL,SF,0,0,0.0,0,0.0,0.0,0.0,0,0.0,0,10,7,63.0,1,12.3,19.3,,,74.0,220.0,29.0046875,7.0,Oklahoma State,2010.0,2010.0,DAL,24.0,,0.37037036
2017,8,00-0027902,D.Bryant,WR,DAL,WAS,0,0,0.0,0,0.0,0.0,0.0,0,0.0,0,6,4,39.0,0,3.9,7.9,,,74.0,220.0,29.0046875,7.0,Oklahoma State,2010.0,2010.0,DAL,24.0,,0.27272728
2017,9,00-0027902,D.Bryant,WR,DAL,KC,0,0,0.0,0,0.0,0.0,0.0,0,0.0,0,11,6,73.0,0,7.3,13.3,,,74.0,220.0,29.0046875,7.0,Oklahoma State,2010.0,2010.0,DAL,24.0,11.0,0.3548387
2017,10,00-0027902,D.Bryant,WR,DAL,ATL,0,0,0.0,0,0.0,0.0,0.0,0,0.0,0,8,4,39.0,0,3.9,7.9,,,74.0,220.0,29.0046875,7.0,Oklahoma State,2010.0,2010.0,DAL,24.0,,0.26666668
2017,11,00-0027902,D.Bryant,WR,DAL,PHI,0,0,0.0,0,0.0,0.0,0.0,0,0.0,0,14,8,63.0,0,6.3,14.3,,,74.0,220.0,29.0046875,7.0,Oklahoma State,2010.0,2010.0,DAL,24.0,-28.0,0.4516129
2017,12,00-0027902,D.Bryant,WR,DAL,LAC,0,0,0.0,0,0.0,0.0,0.0,0,0.0,0,5,3,37.0,0,3.7,6.7,,,74.0,220.0,29.0046875,7.0,Oklahoma State,2010.0,2010.0,DAL,24.0,-22.0,0.2
2017,13,00-0027902,D.Bryant,WR,DAL,WAS,0,0,0.0,0,0.0,0.0,0.0,0,0.0,0,7,5,61.0,1,12.1,17.1,,,74.0,220.0,29.0046875,7.0,Oklahoma State,2010.0,2010.0,DAL,24.0,24.0,0.3181818
2017,14,00-0027902,D.Bryant,WR,DAL,NYG,0,0,0.0,0,0.0,0.0,0.0,0,0.0,0,5,3,73.0,1,13.3,16.3,,,74.0,220.0,29.0046875,7.0,Oklahoma State,2010.0,2010.0,DAL,24.0,,0.16666667
2017,15,00-0027902,D.Bryant,WR,DAL,LV,0,0,0.0,0,0.0,0.0,0.0,1,-4.0,0,4,2,59.0,0,5.5,7.5,,,74.0,220.0,29.0046875,7.0,Oklahoma State,2010.0,2010.0,DAL,24.0,,0.14814815
2017,16,00-0027902,D.Bryant,WR,DAL,SEA,0,0,0.0,0,0.0,0.0,0.0,0,0.0,0,6,3,43.0,0,2.3,5.3,,,74.0,220.0,29.0046875,7.0,Oklahoma State,2010.0,2010.0,DAL,24.0,-9.0,0.1764706
2017,17,00-0027902,D.Bryant,WR,DAL,PHI,0,0,0.0,0,0.0,0.0,0.0,0,0.0,0,8,3,24.0,0,2.4,5.4,,,74.0,220.0,29.0046875,7.0,Oklahoma State,2010.0,2010.0,DAL,24.0,,0.26666668
2017,2,00-0027925,J.Develin,FB,NE,NO,0,0,0.0,0,0.0,0.0,0.0,0,0.0,0,1,1,6.0,0,0.6,1.6,,,75.0,255.0,29.320210526315794,7.0,Brown,2010.0,2011.0,,,,0.025641026
2017,4,00-0027925,J.Develin,FB,NE,CAR,0,0,0.0,0,0.0,0.0,0.0,0,0.0,0,2,2,14.0,0,1.4,3.4,,,75.0,255.0,29.320210526315794,7.0,Brown,2010.0,2011.0,,,-3.0,0.044444446
2017,5,00-0027925,J.Develin,FB,NE,TB,0,0,0.0,0,0.0,0.0,0.0,0,0.0,0,1,0,0.0,0,0.0,0.0,,,75.0,255.0,29.320210526315794,7.0,Brown,2010.0,2011.0,,,,0.025
2017,8,00-0027925,J.Develin,FB,NE,LAC,0,0,0.0,0,0.0,0.0,0.0,0,0.0,0,1,0,0.0,0,0.0,0.0,,,75.0,255.0,29.320210526315794,7.0,Brown,2010.0,2011.0,,,8.0,0.021276595
2017,10,00-0027925,J.Develin,FB,NE,DEN,0,0,0.0,0,0.0,0.0,0.0,0,0.0,0,2,2,16.0,0,1.6,3.6,,,75.0,255.0,29.320210526315794,7.0,Brown,2010.0,2011.0,,,,0.054054055
2017,14,00-0027925,J.Develin,FB,NE,MIA,0,0,0.0,0,0.0,0.0,0.0,0,0.0,0,1,1,2.0,0,0.2,1.2,,,75.0,255.0,29.320210526315794,7.0,Brown,2010.0,2011.0,,,,0.024390243
2017,15,00-0027925,J.Develin,FB,NE,PIT,0,0,0.0,0,0.0,0.0,0.0,0,0.0,0,1,0,0.0,0,0.0,0.0,,,75.0,255.0,29.320210526315794,7.0,Brown,2010.0,2011.0,,,,0.028571429
2017,17,00-0027925,J.Develin,FB,NE,NYJ,0,0,0.0,0,0.0,0.0,0.0,0,0.0,0,1,0,0.0,0,0.0,0.0,,,75.0,255.0,29.320210526315794,7.0,Brown,2010.0,2011.0,,,20.0,0.025641026
2017,21,00-0027925,J.Develin,FB,NE,PHI,0,0,0.0,0,0.0,0.0,0.0,0,0.0,0,1,0,0.0,0,0.0,0.0,,,75.0,255.0,29.320210526315794,7.0,Brown,2010.0,2011.0,,,-8.0,0.021276595
2017,1,00-0027939,C.Newton,QB,CAR,SF,14,25,171.0,2,1.0,0.0,-0.0,6,3.0,0,0,0,0.0,0,13.14,13.14,,,77.0,245.0,28.494882352941175,6.0,Auburn,2011.0,2011.0,CAR,1.0,,
2017,2,00-0027939,C.Newton,QB,CAR,BUF,20,32,228.0,0,0.0,6.0,50.0,5,27.0,0,0,0,0.0,0,11.82,11.82,,,77.0,245.0,28.494882352941175,6.0,Auburn,2011.0,2011.0,CAR,1.0,6.0,
2017,3,00-0027939,C.Newton,QB,CAR,NO,17,26,167.0,0,3.0,4.0,28.0,3,16.0,1,0,0,0.0,0,8.28,8.28,,,77.0,245.0,28.494882352941175,6.0,Auburn,2011.0,2011.0,CAR,1.0,-21.0,
2017,4,00-0027939,C.Newton,QB,CAR,NE,22,29,316.0,3,1.0,2.0,12.0,8,44.0,1,0,0,0.0,0,33.04,33.04,,,77.0,245.0,28.494882352941175,6.0,Auburn,2011.0,2011.0,CAR,1.0,,
2017,5,00-0027939,C.Newton,QB,CAR,DET,26,33,355.0,3,0.0,3.0,21.0,7,0.0,0,0,0,0.0,0,26.2,26.2,,,77.0,245.0,28.494882352941175,6.0,Auburn,2011.0,2011.0,CAR,1.0,,
2017,6,00-0027939,C.Newton,QB,CAR,PHI,28,52,239.0,1,3.0,2.0,14.0,11,71.0,1,0,0,0.0,0,20.66,20.66,,,77.0,245.0,28.494882352941175,6.0,Auburn,2011.0,2011.0,CAR,1.0,-5.0,
2017,7,00-0027939,C.Newton,QB,CAR,CHI,21,34,211.0,0,2.0,5.0,26.0,9,50.0,0,0,0,0.0,0,7.44,7.44,,,77.0,245.0,28.494882352941175,6.0,Auburn,2011.0,2011.0,CAR,1.0,,
2017,8,00-0027939,C.Newton,QB,CAR,TB,18,32,154.0,1,1.0,0.0,-0.0,11,44.0,0,0,0,0.0,0,12.56,12.56,,,77.0,245.0,28.494882352941175,6.0,Auburn,2011.0,2011.0,CAR,1.0,,
2017,9,00-0027939,C.Newton,QB,CAR,ATL,13,24,137.0,0,0.0,1.0,8.0,9,86.0,1,0,0,0.0,0,20.08,20.08,,,77.0,245.0,28.494882352941175,6.0,Auburn,2011.0,2011.0,CAR,1.0,3.0,
2017,10,00-0027939,C.Newton,QB,CAR,MIA,21,35,254.0,4,0.0,0.0,-0.0,5,95.0,0,0,0,0.0,0,35.66,35.66,,,77.0,245.0,28.494882352941175,6.0,Auburn,2011.0,2011.0,CAR,1.0,24.0,
2017,12,00-0027939,C.Newton,QB,CAR,NYJ,11,28,168.0,0,0.0,3.0,14.0,9,28.0,1,0,0,0.0,0,17.52,17.52,,,77.0,245.0,28.494882352941175,6.0,Auburn,2011.0,2011.0,CAR,1.0,,
2017,13,00-0027939,C.Newton,QB,CAR,NO,17,27,183.0,2,0.0,2.0,16.0,6,51.0,0,0,0,0.0,0,20.42,20.42,,,77.0,245.0,28.494882352941175,6.0,Auburn,2011.0,2011.0,CAR,1.0,,
2017,14,00-0027939,C.Newton,QB,CAR,MIN,13,25,137.0,1,1.0,2.0,8.0,11,70.0,0,0,0,0.0,0,14.48,14.48,,,77.0,245.0,28.494882352941175,6.0,Auburn,2011.0,2011.0,CAR,1.0,7.0,
2017,15,00-0027939,C.Newton,QB,CAR,GB,20,31,242.0,4,0.0,1.0,6.0,14,58.0,0,0,0,0.0,0,31.48,31.48,,,77.0,245.0,28.494882352941175,6.0,Auburn,2011.0,2011.0,CAR,1.0,7.0,
2017,16,00-0027939,C.Newton,QB,CAR,TB,16,25,160.0,0,1.0,2.0,20.0,14,52.0,1,0,0,0.0,0,15.6,15.6,,,77.0,245.0,28.494882352941175,6.0,Auburn,2011.0,2011.0,CAR,1.0,3.0,
2017,17,00-0027939,C.Newton,QB,CAR,ATL,14,34,180.0,1,3.0,2.0,19.0,11,59.0,0,0,0,0.0,0,11.1,11.1,,,77.0,245.0,28.494882352941175,6.0,Auburn,2011.0,2011.0,CAR,1.0,,
2017,18,00-0027939,C.Newton,QB,CAR,NO,24,40,349.0,2,0.0,4.0,43.0,8,37.0,0,0,0,0.0,0,25.66,25.66,,,77.0,245.0,28.494882352941175,6.0,Auburn,2011.0,2011.0,CAR,1.0,,
2017,1,00-0027942,A.Green,WR,CIN,BAL,0,0,0.0,0,0.0,0.0,0.0,0,0.0,0,10,5,74.0,0,7.4,12.4,,,76.0,210.0,29.2681875,6.0,Georgia,2011.0,2011.0,CIN,4.0,-20.0,0.3448276
2017,2,00-0027942,A.Green,WR,CIN,HOU,0,0,0.0,0,0.0,0.0,0.0,0,0.0,0,8,5,67.0,0,6.7,11.7,,,76.0,210.0,29.2681875,6.0,Georgia,2011.0,2011.0,CIN,4.0,-4.0,0.2580645
2017,3,00-0027942,A.Green,WR,CIN,GB,0,0,0.0,0,0.0,0.0,0.0,0,0.0,0,13,10,111.0,1,17.1,27.1,,,76.0,210.0,29.2681875,6.0,Georgia,2011.0,2011.0,CIN,4.0,,0.5
2017,4,00-0027942,A.Green,WR,CIN,CLE,0,0,0.0,0,0.0,0.0,0.0,0,0.0,0,7,5,63.0,1,12.3,17.3,,,76.0,210.0,29.2681875,6.0,Georgia,2011.0,2011.0,CIN,4.0,,0.23333333
2017,5,00-0027942,A.Green,WR,CIN,BUF,0,0,0.0,0,0.0,0.0,0.0,0,0.0,0,13,7,189.0,1,22.9,29.9,,,76.0,210.0,29.2681875,6.0,Georgia,2011.0,2011.0,CIN,4.0,4.0,0.38235295
2017,7,00-0027942,A.Green,WR,CIN,PIT,0,0,0.0,0,0.0,0.0,0.0,0,0.0,0,6,3,41.0,0,4.1,7.1,,,76.0,210.0,29.2681875,6.0,Georgia,2011.0,2011.0,CIN,4.0,,0.20689656
2017,8,00-0027942,A.Green,WR,CIN,IND,0,0,0.0,0,0.0,0.0,0.0,0,0.0,0,8,3,27.0,1,8.7,11.7,,,76.0,210.0,29.2681875,6.0,Georgia,2011.0,2011.0,CIN,4.0,1.0,0.2857143
2017,9,00-0027942,A.Green,WR,CIN,JAX,0,0,0.0,0,0.0,0.0,0.0,0,0.0,0,2,1,6.0,0,0.6,1.6,,,76.0,210.0,29.2681875,6.0,Georgia,2011.0,2011.0,CIN,4.0,,0.11764706
2017,10,00-0027942,A.Green,WR,CIN,TEN,0,0,0.0,0,0.0,0.0,0.0,0,0.0,0,7,5,115.0,1,17.5,22.5,,,76.0,210.0,29.2681875,6.0,Georgia,2011.0,2011.0,CIN,4.0,,0.20588236
2017,11,00-0027942,A.Green,WR,CIN,DEN,0,0,0.0,0,0.0,0.0,0.0,0,0.0,0,9,4,50.0,1,11.0,15.0,,,76.0,210.0,29.2681875,6.0,Georgia,2011.0,2011.0,CIN,4.0,,0.375
2017,12,00-0027942,A.Green,WR,CIN,CLE,0,0,0.0,0,0.0,0.0,0.0,0,0.0,0,8,5,66.0,0,6.6,11.6,,,76.0,210.0,29.2681875,6.0,Georgia,2011.0,2011.0,CIN,4.0,14.0,0.30769232
2017,13,00-0027942,A.Green,WR,CIN,PIT,0,0,0.0,0,0.0,0.0,0.0,0,0.0,0,16,7,77.0,2,19.7,26.7,,,76.0,210.0,29.2681875,6.0,Georgia,2011.0,2011.0,CIN,4.0,-3.0,0.45714286
2017,14,00-0027942,A.Green,WR,CIN,CHI,0,0,0.0,0,0.0,0.0,0.0,0,0.0,0,12,5,64.0,0,4.4,9.4,,,76.0,210.0,29.2681875,6.0,Georgia,2011.0,2011.0,CIN,4.0,-26.0,0.33333334
2017,15,00-0027942,A.Green,WR,CIN,MIN,0,0,0.0,0,0.0,0.0,0.0,0,0.0,0,4,2,30.0,0,3.0,5.0,,,76.0,210.0,29.2681875,6.0,Georgia,2011.0,2011.0,CIN,4.0,,0.14285715
2017,16,00-0027942,A.Green,WR,CIN,DET,0,0,0.0,0,0.0,0.0,0.0,0,0.0,0,10,6,81.0,0,8.1,14.1,,,76.0,210.0,29.2681875,6.0,Georgia,2011.0,2011.0,CIN,4.0,9.0,0.25
2017,17,00-0027942,A.Green,WR,CIN,BAL,0,0,0.0,0,0.0,0.0,0.0,0,0.0,0,10,2,17.0,0,1.7,3.7,,,76.0,210.0,29.2681875,6.0,Georgia,2011.0,2011.0,CIN,4.0,,0.24390244
2017,1,00-0027944,J.Jones,WR,ATL,CHI,0,0,0.0,0,0.0,0.0,0.0,0,0.0,0,5,4,66.0,0,6.6,10.6,,,75.0,220.0,28.763222222222225,6.0,Alabama,2011.0,2011.0,ATL,6.0,,0.16666667
2017,2,00-0027944,J.Jones,WR,ATL,GB,0,0,0.0,0,0.0,0.0,0.0,0,0.0,0,9,5,108.0,0,10.8,15.8,,,75.0,220.0,28.763222222222225,6.0,Alabama,2011.0,2011.0,ATL,6.0,11.0,0.33333334
2017,3,00-0027944,J.Jones,WR,ATL,DET,0,0,0.0,0,0.0,0.0,0.0,0,0.0,0,12,7,91.0,0,9.1,16.1,,,75.0,220.0,28.763222222222225,6.0,Alabama,2011.0,2011.0,ATL,6.0,,0.34285715
2017,4,00-0027944,J.Jones,WR,ATL,BUF,0,0,0.0,0,0.0,0.0,0.0,0,0.0,0,4,3,30.0,0,3.0,6.0,,,75.0,220.0,28.763222222222225,6.0,Alabama,2011.0,2011.0,ATL,6.0,-6.0,0.0952381
2017,6,00-0027944,J.Jones,WR,ATL,MIA,0,0,0.0,0,0.0,0.0,0.0,0,0.0,0,7,6,72.0,0,7.2,13.2,,,75.0,220.0,28.763222222222225,6.0,Alabama,2011.0,2011.0,ATL,6.0,-3.0,0.20588236
2017,7,00-0027944,J.Jones,WR,ATL,NE,0,0,0.0,0,0.0,0.0,0.0,0,0.0,0,13,9,99.0,1,15.9,24.9,,,75.0,220.0,28.763222222222225,6.0,Alabama,2011.0,2011.0,ATL,6.0,,0.3939394
2017,8,00-0027944,J.Jones,WR,ATL,NYJ,0,0,0.0,0,0.0,0.0,0.0,0,0.0,0,6,3,74.0,0,7.4,10.4,,,75.0,220.0,28.763222222222225,6.0,Alabama,2011.0,2011.0,ATL,6.0,,0.22222222
2017,9,00-0027944,J.Jones,WR,ATL,CAR,0,0,0.0,0,0.0,0.0,0.0,0,0.0,0,12,6,118.0,0,11.8,17.8,,,75.0,220.0,28.763222222222225,6.0,Alabama,2011.0,2011.0,ATL,6.0,,0.3243243
2017,10,00-0027944,J.Jones,WR,ATL,DAL,0,0,0.0,0,0.0,0.0,0.0,0,0.0,0,8,6,57.0,0,5.7,11.7,,,75.0,220.0,28.763222222222225,6.0,Alabama,2011.0,2011.0,ATL,6.0,20.0,0.2857143
2017,11,00-0027944,J.Jones,WR,ATL,SEA,0,0,0.0,0,0.0,0.0,0.0,0,0.0,0,10,5,71.0,0,7.1,12.1,,,75.0,220.0,28.763222222222225,6.0,Alabama,2011.0,2011.0,ATL,6.0,,0.37037036
2017,12,00-0027944,J.Jones,WR,ATL,TB,0,0,0.0,0,0.0,0.0,0.0,1,15.0,0,15,12,253.0,2,38.8,50.8,,,75.0,220.0,28.763222222222225,6.0,Alabama,2011.0,2011.0,ATL,6.0,14.0,0.44117647
2017,13,00-0027944,J.Jones,WR,ATL,MIN,0,0,0.0,0,0.0,0.0,0.0,0,0.0,0,6,2,24.0,0,2.4,4.4,,,75.0,220.0,28.763222222222225,6.0,Alabama,2011.0,2011.0,ATL,6.0,-5.0,0.20689656
2017,14,00-0027944,J.Jones,WR,ATL,NO,0,0,0.0,0,0.0,0.0,0.0,0,0.0,0,11,5,98.0,0,9.8,14.8,,,75.0,220.0,28.763222222222225,6.0,Alabama,2011.0,2011.0,ATL,6.0,3.0,0.4074074
2017,15,00-0027944,J.Jones,WR,ATL,TB,0,0,0.0,0,0.0,0.0,0.0,0,0.0,0,8,3,54.0,0,5.4,8.4,,,75.0,220.0,28.763222222222225,6.0,Alabama,2011.0,2011.0,ATL,6.0,,0.26666668
2017,16,00-0027944,J.Jones,WR,ATL,NO,0,0,0.0,0,0.0,0.0,0.0,0,0.0,0,11,7,149.0,0,14.9,21.9,,,75.0,220.0,28.763222222222225,6.0,Alabama,2011.0,2011.0,ATL,6.0,,0.31428573
2017,17,00-0027944,J.Jones,WR,ATL,CAR,0,0,0.0,0,0.0,0.0,0.0,0,0.0,0,11,5,80.0,0,8.0,13.0,,,75.0,220.0,28.763222222222225,6.0,Alabama,2011.0,2011.0,ATL,6.0,12.0,0.26190478
2017,18,00-0027944,J.Jones,WR,ATL,LA,0,0,0.0,0,0.0,0.0,0.0,1,13.0,0,10,9,94.0,1,16.7,25.7,,,75.0,220.0,28.763222222222225,6.0,Alabama,2011.0,2011.0,ATL,6.0,,0.3448276
2017,19,00-0027944,J.Jones,WR,ATL,PHI,0,0,0.0,0,0.0,0.0,0.0,0,0.0,0,16,9,101.0,0,10.1,19.1,,,75.0,220.0,28.763222222222225,6.0,Alabama,2011.0,2011.0,ATL,6.0,,0.44444445
2017,11,00-0027948,B.Gabbert,QB,ARI,HOU,22,34,257.0,3,2.0,2.0,13.0,3,13.0,0,0,0,0.0,0,19.58,19.58,,,76.0,235.0,28.05825,6.0,Missouri,2011.0,2011.0,JAX,10.0,,
2017,12,00-0027948,B.Gabbert,QB,ARI,JAX,22,38,241.0,2,1.0,1.0,5.0,6,17.0,0,0,0,0.0,0,17.34,17.34,,,76.0,235.0,28.05825,6.0,Missouri,2011.0,2011.0,JAX,10.0,3.0,
2017,13,00-0027948,B.Gabbert,QB,ARI,LA,18,32,221.0,1,2.0,7.0,34.0,3,12.0,0,0,0,0.0,0,10.04,10.04,,,76.0,235.0,28.05825,6.0,Missouri,2011.0,2011.0,JAX,10.0,-16.0,
2017,14,00-0027948,B.Gabbert,QB,ARI,TEN,17,26,178.0,0,0.0,8.0,53.0,4,12.0,0,0,0,0.0,0,8.32,8.32,,,76.0,235.0,28.05825,6.0,Missouri,2011.0,2011.0,JAX,10.0,5.0,
2017,15,00-0027948,B.Gabbert,QB,ARI,WAS,16,41,189.0,0,1.0,5.0,44.0,6,28.0,0,0,0,0.0,0,6.36,6.36,,,76.0,235.0,28.05825,6.0,Missouri,2011.0,2011.0,JAX,10.0,,
2017,1,00-0027966,M.Ingram,RB,NO,MIN,0,0,0.0,0,0.0,0.0,0.0,6,17.0,0,5,5,54.0,0,7.1,12.1,,,69.0,215.0,27.89827777777778,6.0,Alabama,2011.0,2011.0,NO,28.0,,0.13513513
2017,2,00-0027966,M.Ingram,RB,NO,NE,0,0,0.0,0,0.0,0.0,0.0,8,52.0,0,5,4,24.0,0,7.6,11.6,,,69.0,215.0,27.89827777777778,6.0,Alabama,2011.0,2011.0,NO,28.0,-16.0,0.11363637
2017,3,00-0027966,M.Ingram,RB,NO,CAR,0,0,0.0,0,0.0,0.0,0.0,14,56.0,0,4,2,30.0,0,8.6,10.6,,,69.0,215.0,27.89827777777778,6.0,Alabama,2011.0,2011.0,NO,28.0,,0.13793103
2017,4,00-0027966,M.Ingram,RB,NO,MIA,0,0,0.0,0,0.0,0.0,0.0,14,45.0,0,8,4,17.0,0,6.2,10.2,,,69.0,215.0,27.89827777777778,6.0,Alabama,2011.0,2011.0,NO,28.0,,0.2
2017,6,00-0027966,M.Ingram,RB,NO,DET,0,0,0.0,0,0.0,0.0,0.0,25,114.0,2,5,5,36.0,0,25.0,30.0,,,69.0,215.0,27.89827777777778,6.0,Alabama,2011.0,2011.0,NO,28.0,14.0,0.16666667
2017,7,00-0027966,M.Ingram,RB,NO,GB,0,0,0.0,0,0.0,0.0,0.0,22,105.0,1,5,4,5.0,0,17.0,21.0,,,69.0,215.0,27.89827777777778,6.0,Alabama,2011.0,2011.0,NO,28.0,,0.13157895
2017,8,00-0027966,M.Ingram,RB,NO,CHI,0,0,0.0,0,0.0,0.0,0.0,18,75.0,1,6,6,24.0,0,11.9,17.9,,,69.0,215.0,27.89827777777778,6.0,Alabama,2011.0,2011.0,NO,28.0,8.0,0.22222222
2017,9,00-0027966,M.Ingram,RB,NO,TB,0,0,0.0,0,0.0,0.0,0.0,16,77.0,0,1,1,2.0,0,7.9,8.9,,,69.0,215.0,27.89827777777778,6.0,Alabama,2011.0,2011.0,NO,28.0,20.0,0.037037037
2017,10,00-0027966,M.Ingram,RB,NO,BUF,0,0,0.0,0,0.0,0.0,0.0,21,131.0,3,0,0,0.0,0,31.1,31.1,,,69.0,215.0,27.89827777777778,6.0,Alabama,2011.0,2011.0,NO,28.0,,
2017,11,00-0027966,M.Ingram,RB,NO,WAS,0,0,0.0,0,0.0,0.0,0.0,11,134.0,1,4,3,21.0,0,21.5,24.5,,,69.0,215.0,27.89827777777778,6.0,Alabama,2011.0,2011.0,NO,28.0,3.0,0.1
2017,12,00-0027966,M.Ingram,RB,NO,LA,0,0,0.0,0,0.0,0.0,0.0,11,31.0,0,3,2,5.0,0,3.6,5.6,,,69.0,215.0,27.89827777777778,6.0,Alabama,2011.0,2011.0,NO,28.0,,0.09375
2017,13,00-0027966,M.Ingram,RB,NO,CAR,0,0,0.0,0,0.0,0.0,0.0,14,85.0,1,7,6,37.0,0,18.2,24.2,,,69.0,215.0,27.89827777777778,6.0,Alabama,2011.0,2011.0,NO,28.0,10.0,0.21212122
2017,14,00-0027966,M.Ingram,RB,NO,ATL,0,0,0.0,0,0.0,0.0,0.0,12,49.0,0,5,4,43.0,0,9.2,13.2,,,69.0,215.0,27.89827777777778,6.0,Alabama,2011.0,2011.0,NO,28.0,,0.14285715
2017,15,00-0027966,M.Ingram,RB,NO,NYJ,0,0,0.0,0,0.0,0.0,0.0,12,74.0,2,6,5,77.0,0,27.1,32.1,,,69.0,215.0,27.89827777777778,6.0,Alabama,2011.0,2011.0,NO,28.0,12.0,0.16666667
2017,16,00-0027966,M.Ingram,RB,NO,ATL,0,0,0.0,0,0.0,0.0,0.0,13,44.0,1,3,3,22.0,0,12.6,15.6,,,69.0,215.0,27.89827777777778,6.0,Alabama,2011.0,2011.0,NO,28.0,10.0,0.10714286
2017,17,00-0027966,M.Ingram,RB,NO,TB,0,0,0.0,0,0.0,0.0,0.0,13,35.0,0,4,4,19.0,0,5.4,9.4,,,69.0,215.0,27.89827777777778,6.0,Alabama,2011.0,2011.0,NO,28.0,,0.13333334
2017,18,00-0027966,M.Ingram,RB,NO,CAR,0,0,0.0,0,0.0,0.0,0.0,9,22.0,0,1,1,13.0,0,3.5,4.5,,,69.0,215.0,27.89827777777778,6.0,Alabama,2011.0,2011.0,NO,28.0,5.0,0.033333335
2017,19,00-0027966,M.Ingram,RB,NO,MIN,0,0,0.0,0,0.0,0.0,0.0,10,25.0,0,1,1,3.0,0,2.8,3.8,,,69.0,215.0,27.89827777777778,6.0,Alabama,2011.0,2011.0,NO,28.0,,0.024390243
2017,1,00-0027973,A.Dalton,QB,CIN,BAL,16,31,170.0,0,4.0,5.0,26.0,1,2.0,0,0,0,0.0,0,-3.0,-3.0,,,74.0,220.0,30.023875,6.0,Texas Christian,2011.0,2011.0,CIN,35.0,-20.0,
2017,2,00-0027973,A.Dalton,QB,CIN,HOU,20,35,224.0,0,0.0,3.0,11.0,2,5.0,0,0,0,0.0,0,9.46,9.46,,,74.0,220.0,30.023875,6.0,Texas Christian,2011.0,2011.0,CIN,35.0,-4.0,
2017,3,00-0027973,A.Dalton,QB,CIN,GB,21,27,212.0,2,0.0,3.0,21.0,2,-2.0,0,0,0,0.0,0,16.28,16.28,,,74.0,220.0,30.023875,6.0,Texas Christian,2011.0,2011.0,CIN,35.0,,
2017,4,00-0027973,A.Dalton,QB,CIN,CLE,25,30,286.0,4,0.0,3.0,22.0,4,29.0,0,0,0,0.0,0,28.34,28.34,,,74.0,220.0,30.023875,6.0,Texas Christian,2011.0,2011.0,CIN,35.0,,
2017,5,00-0027973,A.Dalton,QB,CIN,BUF,22,36,328.0,1,2.0,1.0,5.0,5,2.0,0,0,0,0.0,0,13.32,13.32,,,74.0,220.0,30.023875,6.0,Texas Christian,2011.0,2011.0,CIN,35.0,4.0,
2017,7,00-0027973,A.Dalton,QB,CIN,PIT,17,30,140.0,2,2.0,4.0,32.0,3,8.0,0,0,0,0.0,0,10.4,10.4,,,74.0,220.0,30.023875,6.0,Texas Christian,2011.0,2011.0,CIN,35.0,,
2017,8,00-0027973,A.Dalton,QB,CIN,IND,17,29,243.0,2,0.0,3.0,25.0,3,10.0,0,0,0,0.0,0,18.72,18.72,,,74.0,220.0,30.023875,6.0,Texas Christian,2011.0,2011.0,CIN,35.0,1.0,
2017,9,00-0027973,A.Dalton,QB,CIN,JAX,10,18,136.0,0,0.0,2.0,17.0,3,-1.0,0,0,0,0.0,0,5.34,5.34,,,74.0,220.0,30.023875,6.0,Texas Christian,2011.0,2011.0,CIN,35.0,,
2017,10,00-0027973,A.Dalton,QB,CIN,TEN,20,35,265.0,2,0.0,1.0,10.0,1,0.0,0,0,0,0.0,0,14.6,14.6,,,74.0,220.0,30.023875,6.0,Texas Christian,2011.0,2011.0,CIN,35.0,,
2017,11,00-0027973,A.Dalton,QB,CIN,DEN,15,25,154.0,3,0.0,2.0,13.0,3,4.0,0,0,0,0.0,0,18.56,18.56,,,74.0,220.0,30.023875,6.0,Texas Christian,2011.0,2011.0,CIN,35.0,,
2017,12,00-0027973,A.Dalton,QB,CIN,CLE,18,28,214.0,2,0.0,1.0,5.0,4,26.0,0,0,0,0.0,0,19.16,19.16,,,74.0,220.0,30.023875,6.0,Texas Christian,2011.0,2011.0,CIN,35.0,14.0,
2017,13,00-0027973,A.Dalton,QB,CIN,PIT,21,36,234.0,2,0.0,2.0,11.0,2,19.0,0,0,0,0.0,0,19.26,19.26,,,74.0,220.0,30.023875,6.0,Texas Christian,2011.0,2011.0,CIN,35.0,-3.0,
2017,14,00-0027973,A.Dalton,QB,CIN,CHI,14,29,141.0,1,1.0,2.0,15.0,0,0.0,0,0,0,0.0,0,7.64,7.64,,,74.0,220.0,30.023875,6.0,Texas Christian,2011.0,2011.0,CIN,35.0,-26.0,
2017,15,00-0027973,A.Dalton,QB,CIN,MIN,11,22,113.0,0,2.0,3.0,17.0,0,0.0,0,0,0,0.0,0,0.52,0.52,,,74.0,220.0,30.023875,6.0,Texas Christian,2011.0,2011.0,CIN,35.0,,
2017,16,00-0027973,A.Dalton,QB,CIN,DET,27,41,238.0,1,1.0,3.0,16.0,3,-1.0,0,0,0,0.0,0,11.42,11.42,,,74.0,220.0,30.023875,6.0,Texas Christian,2011.0,2011.0,CIN,35.0,9.0,
2017,17,00-0027973,A.Dalton,QB,CIN,BAL,23,44,222.0,3,0.0,1.0,9.0,2,-2.0,0,0,0,0.0,0,20.68,20.68,,,74.0,220.0,30.023875,6.0,Texas Christian,2011.0,2011.0,CIN,35.0,,
2017,1,00-0027981,K.Rudolph,TE,MIN,NO,0,0,0.0,0,0.0,0.0,0.0,0,0.0,0,3,3,26.0,1,8.6,11.6,,,78.0,265.0,28.011055555555558,6.0,Notre Dame,2011.0,2011.0,MIN,43.0,10.0,0.09375
2017,2,00-0027981,K.Rudolph,TE,MIN,PIT,0,0,0.0,0,0.0,0.0,0.0,0,0.0,0,6,4,45.0,0,4.5,8.5,,,78.0,265.0,28.011055555555558,6.0,Notre Dame,2011.0,2011.0,MIN,43.0,,0.16666667
2017,3,00-0027981,K.Rudolph,TE,MIN,TB,0,0,0.0,0,0.0,0.0,0.0,0,0.0,0,2,1,4.0,0,0.4,1.4,,,78.0,265.0,28.011055555555558,6.0,Notre Dame,2011.0,2011.0,MIN,43.0,17.0,0.060606062
2017,4,00-0027981,K.Rudolph,TE,MIN,DET,0,0,0.0,0,0.0,0.0,0.0,0,0.0,0,4,2,34.0,0,3.4,5.4,,,78.0,265.0,28.011055555555558,6.0,Notre Dame,2011.0,2011.0,MIN,43.0,-7.0,0.13333334
2017,5,00-0027981,K.Rudolph,TE,MIN,CHI,0,0,0.0,0,0.0,0.0,0.0,0,0.0,0,9,6,45.0,1,10.5,16.5,,,78.0,265.0,28.011055555555558,6.0,Notre Dame,2011.0,2011.0,MIN,43.0,,0.28125
2017,6,00-0027981,K.Rudolph,TE,MIN,GB,0,0,0.0,0,0.0,0.0,0.0,0,0.0,0,9,5,47.0,0,4.7,9.7,,,78.0,265.0,28.011055555555558,6.0,Notre Dame,2011.0,2011.0,MIN,43.0,13.0,0.25
2017,7,00-0027981,K.Rudolph,TE,MIN,BAL,0,0,0.0,0,0.0,0.0,0.0,0,0.0,0,7,5,43.0,0,4.3,9.3,,,78.0,265.0,28.011055555555558,6.0,Notre Dame,2011.0,2011.0,MIN,43.0,8.0,0.22580644
2017,8,00-0027981,K.Rudolph,TE,MIN,CLE,0,0,0.0,0,0.0,0.0,0.0,0,0.0,0,7,6,27.0,1,8.7,14.7,,,78.0,265.0,28.011055555555558,6.0,Notre Dame,2011.0,2011.0,MIN,43.0,,0.1627907
2017,10,00-0027981,K.Rudolph,TE,MIN,WAS,0,0,0.0,0,0.0,0.0,0.0,0,0.0,0,7,5,37.0,0,3.7,8.7,,,78.0,265.0,28.011055555555558,6.0,Notre Dame,2011.0,2011.0,MIN,43.0,,0.2413793
2017,11,00-0027981,K.Rudolph,TE,MIN,LA,0,0,0.0,0,0.0,0.0,0.0,0,0.0,0,7,5,58.0,0,5.8,10.8,,,78.0,265.0,28.011055555555558,6.0,Notre Dame,2011.0,2011.0,MIN,43.0,17.0,0.18421052
2017,12,00-0027981,K.Rudolph,TE,MIN,DET,0,0,0.0,0,0.0,0.0,0.0,0,0.0,0,4,4,63.0,2,18.3,22.3,,,78.0,265.0,28.011055555555558,6.0,Notre Dame,2011.0,2011.0,MIN,43.0,,0.13333334
2017,13,00-0027981,K.Rudolph,TE,MIN,ATL,0,0,0.0,0,0.0,0.0,0.0,0,0.0,0,5,4,36.0,1,9.6,13.6,,,78.0,265.0,28.011055555555558,6.0,Notre Dame,2011.0,2011.0,MIN,43.0,,0.16666667
2017,14,00-0027981,K.Rudolph,TE,MIN,CAR,0,0,0.0,0,0.0,0.0,0.0,0,0.0,0,5,3,41.0,1,10.1,13.1,,,78.0,265.0,28.011055555555558,6.0,Notre Dame,2011.0,2011.0,MIN,43.0,,0.11627907
2017,15,00-0027981,K.Rudolph,TE,MIN,CIN,0,0,0.0,0,0.0,0.0,0.0,0,0.0,0,2,2,17.0,1,7.7,9.7,,,78.0,265.0,28.011055555555558,6.0,Notre Dame,2011.0,2011.0,MIN,43.0,27.0,0.08
2017,16,00-0027981,K.Rudolph,TE,MIN,GB,0,0,0.0,0,0.0,0.0,0.0,0,0.0,0,1,1,6.0,0,0.6,1.6,,,78.0,265.0,28.011055555555558,6.0,Notre Dame,2011.0,2011.0,MIN,43.0,,0.04
2017,17,00-0027981,K.Rudolph,TE,MIN,CHI,0,0,0.0,0,0.0,0.0,0.0,0,0.0,0,3,1,3.0,0,0.3,1.3,,,78.0,265.0,28.011055555555558,6.0,Notre Dame,2011.0,2011.0,MIN,43.0,13.0,0.10714286
2017,19,00-0027981,K.Rudolph,TE,MIN,NO,0,0,0.0,0,0.0,0.0,0.0,0,0.0,0,8,5,28.0,0,2.8,7.8,,,78.0,265.0,28.011055555555558,6.0,Notre Dame,2011.0,2011.0,MIN,43.0,5.0,0.2
2017,20,00-0027981,K.Rudolph,TE,MIN,PHI,0,0,0.0,0,0.0,0.0,0.0,0,0.0,0,4,1,25.0,1,8.5,9.5,,,78.0,265.0,28.011055555555558,6.0,Notre Dame,2011.0,2011.0,MIN,43.0,,0.08695652
2017,1,00-0027985,L.Kendricks,TE,GB,SEA,0,0,0.0,0,0.0,0.0,0.0,0,0.0,0,4,2,18.0,0,1.8,3.8,,,75.0,250.0,29.766625,6.0,Wisconsin,2011.0,2011.0,STL,47.0,8.0,0.0952381
2017,3,00-0027985,L.Kendricks,TE,GB,CIN,0,0,0.0,0,0.0,0.0,0.0,0,0.0,0,3,2,52.0,1,11.2,13.2,,,75.0,250.0,29.766625,6.0,Wisconsin,2011.0,2011.0,STL,47.0,3.0,0.071428575
2017,4,00-0027985,L.Kendricks,TE,GB,CHI,0,0,0.0,0,0.0,0.0,0.0,0,0.0,0,1,1,0.0,0,0.0,1.0,,,75.0,250.0,29.766625,6.0,Wisconsin,2011.0,2011.0,STL,47.0,21.0,0.037037037
2017,5,00-0027985,L.Kendricks,TE,GB,DAL,0,0,0.0,0,0.0,0.0,0.0,0,0.0,0,1,1,24.0,0,2.4,3.4,,,75.0,250.0,29.766625,6.0,Wisconsin,2011.0,2011.0,STL,47.0,,0.035714287
2017,9,00-0027985,L.Kendricks,TE,GB,DET,0,0,0.0,0,0.0,0.0,0.0,0,0.0,0,3,2,32.0,0,3.2,5.2,,,75.0,250.0,29.766625,6.0,Wisconsin,2011.0,2011.0,STL,47.0,-13.0,0.078947365
2017,10,00-0027985,L.Kendricks,TE,GB,CHI,0,0,0.0,0,0.0,0.0,0.0,0,0.0,0,2,1,9.0,0,0.9,1.9,,,75.0,250.0,29.766625,6.0,Wisconsin,2011.0,2011.0,STL,47.0,,0.083333336
2017,11,00-0027985,L.Kendricks,TE,GB,BAL,0,0,0.0,0,0.0,0.0,0.0,0,0.0,0,4,1,5.0,0,0.5,1.5,,,75.0,250.0,29.766625,6.0,Wisconsin,2011.0,2011.0,STL,47.0,-23.0,0.114285715
2017,13,00-0027985,L.Kendricks,TE,GB,TB,0,0,0.0,0,0.0,0.0,0.0,0,0.0,0,1,1,11.0,0,1.1,2.1,,,75.0,250.0,29.766625,6.0,Wisconsin,2011.0,2011.0,STL,47.0,6.0,0.045454547
2017,14,00-0027985,L.Kendricks,TE,GB,CLE,0,0,0.0,0,0.0,0.0,0.0,0,0.0,0,5,2,11.0,0,1.1,3.1,,,75.0,250.0,29.766625,6.0,Wisconsin,2011.0,2011.0,STL,47.0,,0.10869565
2017,15,00-0027985,L.Kendricks,TE,GB,CAR,0,0,0.0,0,0.0,0.0,0.0,0,0.0,0,2,1,5.0,0,0.5,1.5,,,75.0,250.0,29.766625,6.0,Wisconsin,2011.0,2011.0,STL,47.0,,0.046511628
2017,16,00-0027985,L.Kendricks,TE,GB,MIN,0,0,0.0,0,0.0,0.0,0.0,0,0.0,0,9,4,36.0,0,3.6,7.6,,,75.0,250.0,29.766625,6.0,Wisconsin,2011.0,2011.0,STL,47.0,-16.0,0.225
2017,1,00-0027994,S.Vereen,RB,NYG,DAL,0,0,0.0,0,0.0,0.0,0.0,0,0.0,0,10,9,51.0,0,5.1,14.1,,,70.0,205.0,28.6798125,6.0,California,2011.0,2011.0,NE,56.0,,0.2631579
2017,2,00-0027994,S.Vereen,RB,NYG,DET,0,0,0.0,0,0.0,0.0,0.0,6,28.0,0,3,3,27.0,0,5.5,8.5,,,70.0,205.0,28.6798125,6.0,California,2011.0,2011.0,NE,56.0,-14.0,0.09375
2017,3,00-0027994,S.Vereen,RB,NYG,PHI,0,0,0.0,0,0.0,0.0,0.0,1,5.0,0,2,2,18.0,0,2.3,4.3,,,70.0,205.0,28.6798125,6.0,California,2011.0,2011.0,NE,56.0,,0.04255319
2017,4,00-0027994,S.Vereen,RB,NYG,TB,0,0,0.0,0,0.0,0.0,0.0,5,14.0,0,2,1,11.0,0,2.5,3.5,,,70.0,205.0,28.6798125,6.0,California,2011.0,2011.0,NE,56.0,,0.040816326
2017,5,00-0027994,S.Vereen,RB,NYG,LAC,0,0,0.0,0,0.0,0.0,0.0,5,18.0,0,5,4,27.0,0,4.5,8.5,,,70.0,205.0,28.6798125,6.0,California,2011.0,2011.0,NE,56.0,-5.0,0.1388889
2017,6,00-0027994,S.Vereen,RB,NYG,DEN,0,0,0.0,0,0.0,0.0,0.0,1,4.0,0,0,0,0.0,0,0.4,0.4,,,70.0,205.0,28.6798125,6.0,California,2011.0,2011.0,NE,56.0,,
2017,7,00-0027994,S.Vereen,RB,NYG,SEA,0,0,0.0,0,0.0,0.0,0.0,2,4.0,0,4,3,2.0,0,0.6,3.6,,,70.0,205.0,28.6798125,6.0,California,2011.0,2011.0,NE,56.0,-17.0,0.10526316
2017,9,00-0027994,S.Vereen,RB,NYG,LA,0,0,0.0,0,0.0,0.0,0.0,0,0.0,0,4,3,14.0,0,1.4,4.4,,,70.0,205.0,28.6798125,6.0,California,2011.0,2011.0,NE,56.0,-34.0,0.10526316
2017,10,00-0027994,S.Vereen,RB,NYG,SF,0,0,0.0,0,0.0,0.0,0.0,5,11.0,0,4,4,27.0,0,3.8,7.8,,,70.0,205.0,28.6798125,6.0,California,2011.0,2011.0,NE,56.0,,0.10810811
2017,11,00-0027994,S.Vereen,RB,NYG,KC,0,1,0.0,0,1.0,0.0,-0.0,2,13.0,0,3,3,15.0,0,0.8,3.8,,,70.0,205.0,28.6798125,6.0,California,2011.0,2011.0,NE,56.0,3.0,0.08571429
2017,12,00-0027994,S.Vereen,RB,NYG,WAS,0,0,0.0,0,0.0,0.0,0.0,3,18.0,0,2,1,9.0,0,2.7,3.7,,,70.0,205.0,28.6798125,6.0,California,2011.0,2011.0,NE,56.0,,0.07692308
2017,13,00-0027994,S.Vereen,RB,NYG,LV,0,0,0.0,0,0.0,0.0,0.0,1,-3.0,0,3,3,13.0,0,1.0,4.0,,,70.0,205.0,28.6798125,6.0,California,2011.0,2011.0,NE,56.0,,0.09090909
2017,14,00-0027994,S.Vereen,RB,NYG,DAL,0,0,0.0,0,0.0,0.0,0.0,6,23.0,0,4,3,24.0,0,4.7,7.7,,,70.0,205.0,28.6798125,6.0,California,2011.0,2011.0,NE,56.0,-20.0,0.08695652
2017,15,00-0027994,S.Vereen,RB,NYG,PHI,0,0,0.0,0,0.0,0.0,0.0,5,15.0,0,5,5,15.0,0,3.0,8.0,,,70.0,205.0,28.6798125,6.0,California,2011.0,2011.0,NE,56.0,-5.0,0.0877193
2017,17,00-0027994,S.Vereen,RB,NYG,WAS,0,0,0.0,0,0.0,0.0,0.0,3,14.0,0,2,0,0.0,0,1.4,1.4,,,70.0,205.0,28.6798125,6.0,California,2011.0,2011.0,NE,56.0,8.0,0.071428575
2017,1,00-0027996,T.Smith,WR,PHI,WAS,0,0,0.0,0,0.0,0.0,0.0,0,0.0,0,3,1,30.0,0,3.0,4.0,,,72.0,205.0,28.80784210526316,6.0,Maryland,2011.0,2011.0,BAL,58.0,,0.078947365
2017,2,00-0027996,T.Smith,WR,PHI,KC,0,0,0.0,0,0.0,0.0,0.0,0,0.0,0,8,4,66.0,0,6.6,10.6,,,72.0,205.0,28.80784210526316,6.0,Maryland,2011.0,2011.0,BAL,58.0,,0.17777778
2017,3,00-0027996,T.Smith,WR,PHI,NYG,0,0,0.0,0,0.0,0.0,0.0,0,0.0,0,5,4,29.0,0,2.9,6.9,,,72.0,205.0,28.80784210526316,6.0,Maryland,2011.0,2011.0,BAL,58.0,3.0,0.16129032
2017,4,00-0027996,T.Smith,WR,PHI,LAC,0,0,0.0,0,0.0,0.0,0.0,0,0.0,0,3,1,9.0,0,0.9,1.9,,,72.0,205.0,28.80784210526316,6.0,Maryland,2011.0,2011.0,BAL,58.0,,0.1
2017,5,00-0027996,T.Smith,WR,PHI,ARI,0,0,0.0,0,0.0,0.0,0.0,1,-3.0,0,4,3,70.0,1,12.7,15.7,,,72.0,205.0,28.80784210526316,6.0,Maryland,2011.0,2011.0,BAL,58.0,27.0,0.13333334
2017,6,00-0027996,T.Smith,WR,PHI,CAR,0,0,0.0,0,0.0,0.0,0.0,0,0.0,0,2,1,6.0,0,0.6,1.6,,,72.0,205.0,28.80784210526316,6.0,Maryland,2011.0,2011.0,BAL,58.0,,0.06666667
2017,7,00-0027996,T.Smith,WR,PHI,WAS,0,0,0.0,0,0.0,0.0,0.0,0,0.0,0,1,0,0.0,0,0.0,0.0,,,72.0,205.0,28.80784210526316,6.0,Maryland,2011.0,2011.0,BAL,58.0,10.0,0.04
2017,8,00-0027996,T.Smith,WR,PHI,SF,0,0,0.0,0,0.0,0.0,0.0,0,0.0,0,2,0,0.0,0,0.0,0.0,,,72.0,205.0,28.80784210526316,6.0,Maryland,2011.0,2011.0,BAL,58.0,23.0,0.0625
2017,9,00-0027996,T.Smith,WR,PHI,DEN,0,0,0.0,0,0.0,0.0,0.0,0,0.0,0,2,1,11.0,0,1.1,2.1,,,72.0,205.0,28.80784210526316,6.0,Maryland,2011.0,2011.0,BAL,58.0,28.0,0.071428575
2017,11,00-0027996,T.Smith,WR,PHI,DAL,0,0,0.0,0,0.0,0.0,0.0,0,0.0,0,4,3,28.0,1,8.8,11.8,,,72.0,205.0,28.80784210526316,6.0,Maryland,2011.0,2011.0,BAL,58.0,,0.15384616
2017,12,00-0027996,T.Smith,WR,PHI,CHI,0,0,0.0,0,0.0,0.0,0.0,0,0.0,0,5,4,30.0,0,3.0,7.0,,,72.0,205.0,28.80784210526316,6.0,Maryland,2011.0,2011.0,BAL,58.0,28.0,0.12820514
2017,13,00-0027996,T.Smith,WR,PHI,SEA,0,0,0.0,0,0.0,0.0,0.0,0,0.0,0,7,5,29.0,0,2.9,7.9,,,72.0,205.0,28.80784210526316,6.0,Maryland,2011.0,2011.0,BAL,58.0,,0.15555556
2017,14,00-0027996,T.Smith,WR,PHI,LA,0,0,0.0,0,0.0,0.0,0.0,0,0.0,0,11,6,100.0,0,10.0,16.0,,,72.0,205.0,28.80784210526316,6.0,Maryland,2011.0,2011.0,BAL,58.0,,0.21568628
2017,15,00-0027996,T.Smith,WR,PHI,NYG,0,0,0.0,0,0.0,0.0,0.0,0,0.0,0,3,2,17.0,0,1.7,3.7,,,72.0,205.0,28.80784210526316,6.0,Maryland,2011.0,2011.0,BAL,58.0,,0.08108108
2017,16,00-0027996,T.Smith,WR,PHI,LV,0,0,0.0,0,0.0,0.0,0.0,0,0.0,0,5,1,5.0,0,0.5,1.5,,,72.0,205.0,28.80784210526316,6.0,Maryland,2011.0,2011.0,BAL,58.0,9.0,0.1388889
2017,17,00-0027996,T.Smith,WR,PHI,DAL,0,0,0.0,0,0.0,0.0,0.0,0,0.0,0,3,0,0.0,0,0.0,0.0,,,72.0,205.0,28.80784210526316,6.0,Maryland,2011.0,2011.0,BAL,58.0,-6.0,0.09090909
2017,19,00-0027996,T.Smith,WR,PHI,ATL,0,0,0.0,0,0.0,0.0,0.0,0,0.0,0,4,3,39.0,0,3.9,6.9,,,72.0,205.0,28.80784210526316,6.0,Maryland,2011.0,2011.0,BAL,58.0,5.0,0.13333334
2017,20,00-0027996,T.Smith,WR,PHI,MIN,0,0,0.0,0,0.0,0.0,0.0,0,0.0,0,7,5,69.0,1,12.9,17.9,,,72.0,205.0,28.80784210526316,6.0,Maryland,2011.0,2011.0,BAL,58.0,31.0,0.21875
2017,21,00-0027996,T.Smith,WR,PHI,NE,0,0,0.0,0,0.0,0.0,0.0,0,0.0,0,9,5,49.0,0,4.9,9.9,,,72.0,205.0,28.80784210526316,6.0,Maryland,2011.0,2011.0,BAL,58.0,,0.20454545
2017,1,00-0028002,R.Cobb,WR,GB,SEA,0,0,0.0,0,0.0,0.0,0.0,0,0.0,0,13,9,85.0,0,8.5,17.5,,,70.0,192.0,27.20675,6.0,Kentucky,2011.0,2011.0,GB,64.0,8.0,0.30952382
2017,2,00-0028002,R.Cobb,WR,GB,ATL,0,0,0.0,0,0.0,0.0,0.0,1,10.0,0,9,6,60.0,0,7.0,13.0,,,70.0,192.0,27.20675,6.0,Kentucky,2011.0,2011.0,GB,64.0,,0.18367347
2017,4,00-0028002,R.Cobb,WR,GB,CHI,0,0,0.0,0,0.0,0.0,0.0,0,0.0,0,4,4,44.0,1,10.4,14.4,,,70.0,192.0,27.20675,6.0,Kentucky,2011.0,2011.0,GB,64.0,21.0,0.14814815
2017,5,00-0028002,R.Cobb,WR,GB,DAL,0,0,0.0,0,0.0,0.0,0.0,0,0.0,0,5,4,29.0,0,2.9,6.9,,,70.0,192.0,27.20675,6.0,Kentucky,2011.0,2011.0,GB,64.0,,0.17857143
2017,6,00-0028002,R.Cobb,WR,GB,MIN,0,0,0.0,0,0.0,0.0,0.0,0,0.0,0,3,3,28.0,0,2.8,5.8,,,70.0,192.0,27.20675,6.0,Kentucky,2011.0,2011.0,GB,64.0,,0.08108108
2017,7,00-0028002,R.Cobb,WR,GB,NO,0,0,0.0,0,0.0,0.0,0.0,0,0.0,0,4,2,15.0,0,1.5,3.5,,,70.0,192.0,27.20675,6.0,Kentucky,2011.0,2011.0,GB,64.0,-9.0,0.16
2017,9,00-0028002,R.Cobb,WR,GB,DET,0,0,0.0,0,0.0,0.0,0.0,1,1.0,0,5,5,58.0,0,5.9,10.9,,,70.0,192.0,27.20675,6.0,Kentucky,2011.0,2011.0,GB,64.0,-13.0,0.13157895
2017,10,00-0028002,R.Cobb,WR,GB,CHI,0,0,0.0,0,0.0,0.0,0.0,4,8.0,0,4,3,52.0,0,6.0,9.0,,,70.0,192.0,27.20675,6.0,Kentucky,2011.0,2011.0,GB,64.0,,0.16666667
2017,11,00-0028002,R.Cobb,WR,GB,BAL,0,0,0.0,0,0.0,0.0,0.0,1,0.0,0,6,3,34.0,0,3.4,6.4,,,70.0,192.0,27.20675,6.0,Kentucky,2011.0,2011.0,GB,64.0,-23.0,0.17142858
2017,12,00-0028002,R.Cobb,WR,GB,PIT,0,0,0.0,0,0.0,0.0,0.0,0,0.0,0,4,4,58.0,1,11.8,15.8,,,70.0,192.0,27.20675,6.0,Kentucky,2011.0,2011.0,GB,64.0,,0.16
2017,14,00-0028002,R.Cobb,WR,GB,CLE,0,0,0.0,0,0.0,0.0,0.0,0,0.0,0,8,8,39.0,0,3.9,11.9,,,70.0,192.0,27.20675,6.0,Kentucky,2011.0,2011.0,GB,64.0,,0.17391305
2017,15,00-0028002,R.Cobb,WR,GB,CAR,0,0,0.0,0,0.0,0.0,0.0,0,0.0,0,14,7,84.0,1,14.4,21.4,,,70.0,192.0,27.20675,6.0,Kentucky,2011.0,2011.0,GB,64.0,,0.3255814
2017,16,00-0028002,R.Cobb,WR,GB,MIN,0,0,0.0,0,0.0,0.0,0.0,1,-6.0,0,7,4,22.0,0,1.6,5.6,,,70.0,192.0,27.20675,6.0,Kentucky,2011.0,2011.0,GB,64.0,-16.0,0.175
2017,17,00-0028002,R.Cobb,WR,GB,DET,1,1,10.0,0,0.0,0.0,-0.0,1,4.0,0,6,4,45.0,1,13.3,17.3,,,70.0,192.0,27.20675,6.0,Kentucky,2011.0,2011.0,GB,64.0,,0.19354838
2017,1,00-0028009,D.Murray,RB,TEN,LV,0,0,0.0,0,0.0,0.0,0.0,12,44.0,0,2,2,16.0,0,6.0,8.0,,,73.0,220.0,29.750888888888888,6.0,Oklahoma,2011.0,2011.0,DAL,71.0,-10.0,0.048780486
2017,2,00-0028009,D.Murray,RB,TEN,JAX,0,0,0.0,0,0.0,0.0,0.0,9,25.0,0,2,1,3.0,0,2.8,3.8,,,73.0,220.0,29.750888888888888,6.0,Oklahoma,2011.0,2011.0,DAL,71.0,,0.08695652
2017,3,00-0028009,D.Murray,RB,TEN,SEA,0,0,0.0,0,0.0,0.0,0.0,14,115.0,1,2,1,5.0,0,18.0,19.0,,,73.0,220.0,29.750888888888888,6.0,Oklahoma,2011.0,2011.0,DAL,71.0,6.0,0.06451613
2017,4,00-0028009,D.Murray,RB,TEN,HOU,0,0,0.0,0,0.0,0.0,0.0,7,31.0,0,2,2,4.0,0,3.5,5.5,,,73.0,220.0,29.750888888888888,6.0,Oklahoma,2011.0,2011.0,DAL,71.0,,0.1
2017,5,00-0028009,D.Murray,RB,TEN,MIA,0,0,0.0,0,0.0,0.0,0.0,14,58.0,0,5,4,11.0,0,4.9,8.9,,,73.0,220.0,29.750888888888888,6.0,Oklahoma,2011.0,2011.0,DAL,71.0,,0.16129032
2017,6,00-0028009,D.Murray,RB,TEN,IND,0,0,0.0,0,0.0,0.0,0.0,12,40.0,1,4,4,47.0,0,14.7,18.7,,,73.0,220.0,29.750888888888888,6.0,Oklahoma,2011.0,2011.0,DAL,71.0,14.0,0.125
2017,7,00-0028009,D.Murray,RB,TEN,CLE,0,0,0.0,0,0.0,0.0,0.0,18,59.0,0,4,3,17.0,0,7.6,10.6,,,73.0,220.0,29.750888888888888,6.0,Oklahoma,2011.0,2011.0,DAL,71.0,,0.11764706
2017,9,00-0028009,D.Murray,RB,TEN,BAL,0,0,0.0,0,0.0,0.0,0.0,9,19.0,0,2,2,22.0,0,4.1,6.1,,,73.0,220.0,29.750888888888888,6.0,Oklahoma,2011.0,2011.0,DAL,71.0,3.0,0.071428575
2017,10,00-0028009,D.Murray,RB,TEN,CIN,0,0,0.0,0,0.0,0.0,0.0,14,42.0,2,4,4,30.0,1,25.2,29.2,,,73.0,220.0,29.750888888888888,6.0,Oklahoma,2011.0,2011.0,DAL,71.0,4.0,0.09090909
2017,11,00-0028009,D.Murray,RB,TEN,PIT,0,0,0.0,0,0.0,0.0,0.0,8,10.0,0,6,5,37.0,0,4.7,9.7,,,73.0,220.0,29.750888888888888,6.0,Oklahoma,2011.0,2011.0,DAL,71.0,,0.18181819
2017,12,00-0028009,D.Murray,RB,TEN,IND,0,0,0.0,0,0.0,0.0,0.0,12,9.0,1,4,3,33.0,0,10.2,13.2,,,73.0,220.0,29.750888888888888,6.0,Oklahoma,2011.0,2011.0,DAL,71.0,,0.16666667
2017,13,00-0028009,D.Murray,RB,TEN,HOU,0,0,0.0,0,0.0,0.0,0.0,11,66.0,0,2,2,13.0,0,7.9,9.9,,,73.0,220.0,29.750888888888888,6.0,Oklahoma,2011.0,2011.0,DAL,71.0,11.0,0.0952381
2017,14,00-0028009,D.Murray,RB,TEN,ARI,0,0,0.0,0,0.0,0.0,0.0,11,34.0,0,3,2,13.0,0,4.7,6.7,,,73.0,220.0,29.750888888888888,6.0,Oklahoma,2011.0,2011.0,DAL,71.0,,0.09677419
2017,15,00-0028009,D.Murray,RB,TEN,SF,0,0,0.0,0,0.0,0.0,0.0,18,59.0,0,1,1,4.0,0,6.3,7.3,,,73.0,220.0,29.750888888888888,6.0,Oklahoma,2011.0,2011.0,DAL,71.0,,0.030303031
2017,16,00-0028009,D.Murray,RB,TEN,LA,0,0,0.0,0,0.0,0.0,0.0,15,48.0,1,4,3,11.0,0,11.9,14.9,,,73.0,220.0,29.750888888888888,6.0,Oklahoma,2011.0,2011.0,DAL,71.0,-4.0,0.10810811
2017,16,00-0028011,S.Ridley,RB,PIT,HOU,0,0,0.0,0,0.0,0.0,0.0,9,28.0,0,0,0,0.0,0,2.8,2.8,,,71.0,220.0,28.782888888888888,6.0,LSU,2011.0,2011.0,NE,73.0,,
2017,17,00-0028011,S.Ridley,RB,PIT,CLE,0,0,0.0,0,0.0,0.0,0.0,17,80.0,1,0,0,0.0,0,14.0,14.0,,,71.0,220.0,28.782888888888888,6.0,LSU,2011.0,2011.0,NE,73.0,4.0,
2017,3,00-0028012,R.Mallett,QB,BAL,JAX,6,9,36.0,1,0.0,0.0,-0.0,0,0.0,0,0,0,0.0,0,5.44,5.44,,,78.0,250.0,29.4165625,6.0,Arkansas,2011.0,2011.0,NE,74.0,,
2017,8,00-0028012,R.Mallett,QB,BAL,MIA,3,7,20.0,1,0.0,0.0,-0.0,4,-3.0,0,0,0,0.0,0,4.5,4.5,,,78.0,250.0,29.4165625,6.0,Arkansas,2011.0,2011.0,NE,74.0,40.0,
2017,6,00-0028042,L.Stocker,TE,TB,ARI,0,0,0.0,0,0.0,0.0,0.0,0,0.0,0,1,1,5.0,0,0.5,1.5,,,77.0,253.0,29.331166666666668,6.0,Tennessee,2011.0,2011.0,TB,104.0,,0.023809524
2017,9,00-0028042,L.Stocker,TE,TB,NO,0,0,0.0,0,0.0,0.0,0.0,0,0.0,0,2,2,13.0,1,7.3,9.3,,,77.0,253.0,29.331166666666668,6.0,Tennessee,2011.0,2011.0,TB,104.0,,0.074074075
2017,15,00-0028042,L.Stocker,TE,TEN,SF,0,0,0.0,0,0.0,0.0,0.0,0,0.0,0,1,0,0.0,0,0.0,0.0,,,77.0,253.0,29.331166666666668,6.0,Tennessee,2011.0,2011.0,TB,104.0,,0.030303031
2017,17,00-0028042,L.Stocker,TE,TEN,JAX,0,0,0.0,0,0.0,0.0,0.0,0,0.0,0,1,1,12.0,0,1.2,2.2,,,77.0,253.0,29.331166666666668,6.0,Tennessee,2011.0,2011.0,TB,104.0,5.0,0.04761905
2017,7,00-0028063,T.Jones,RB,BUF,TB,0,0,0.0,0,0.0,0.0,0.0,0,0.0,0,2,1,11.0,0,1.1,2.1,,,72.0,195.0,29.291588235294117,6.0,Eastern Washington,2011.0,2011.0,OAK,125.0,3.0,0.0625
2017,1,00-0028064,B.Powell,RB,NYJ,BUF,0,0,0.0,0,0.0,0.0,0.0,7,22.0,0,6,5,17.0,0,3.9,8.9,,,70.0,204.0,29.0210625,6.0,Louisville,2011.0,2011.0,NYJ,126.0,,0.15789473
2017,2,00-0028064,B.Powell,RB,NYJ,LV,0,0,0.0,0,0.0,0.0,0.0,6,13.0,0,2,0,0.0,0,1.3,1.3,,,70.0,204.0,29.0210625,6.0,Louisville,2011.0,2011.0,NYJ,126.0,,0.083333336
2017,3,00-0028064,B.Powell,RB,NYJ,MIA,0,0,0.0,0,0.0,0.0,0.0,15,37.0,1,0,0,0.0,0,9.7,9.7,,,70.0,204.0,29.0210625,6.0,Louisville,2011.0,2011.0,NYJ,126.0,14.0,
2017,4,00-0028064,B.Powell,RB,NYJ,JAX,0,0,0.0,0,0.0,0.0,0.0,21,163.0,1,5,4,27.0,0,25.0,29.0,,,70.0,204.0,29.0210625,6.0,Louisville,2011.0,2011.0,NYJ,126.0,3.0,0.16129032
2017,5,00-0028064,B.Powell,RB,NYJ,CLE,0,0,0.0,0,0.0,0.0,0.0,2,5.0,0,5,4,28.0,0,3.3,7.3,,,70.0,204.0,29.0210625,6.0,Louisville,2011.0,2011.0,NYJ,126.0,,0.16666667
2017,7,00-0028064,B.Powell,RB,NYJ,MIA,0,0,0.0,0,0.0,0.0,0.0,9,43.0,0,2,2,40.0,0,8.3,10.3,,,70.0,204.0,29.0210625,6.0,Louisville,2011.0,2011.0,NYJ,126.0,,0.07692308
2017,8,00-0028064,B.Powell,RB,NYJ,ATL,0,0,0.0,0,0.0,0.0,0.0,14,33.0,0,3,3,28.0,0,6.1,9.1,,,70.0,204.0,29.0210625,6.0,Louisville,2011.0,2011.0,NYJ,126.0,-5.0,0.09375
2017,9,00-0028064,B.Powell,RB,NYJ,BUF,0,0,0.0,0,0.0,0.0,0.0,9,74.0,0,0,0,0.0,0,7.4,7.4,,,70.0,204.0,29.0210625,6.0,Louisville,2011.0,2011.0,NYJ,126.0,13.0,
2017,10,00-0028064,B.Powell,RB,NYJ,TB,0,0,0.0,0,0.0,0.0,0.0,10,30.0,0,2,1,6.0,0,1.6,2.6,,,70.0,204.0,29.0210625,6.0,Louisville,2011.0,2011.0,NYJ,126.0,,0.051282052
2017,12,00-0028064,B.Powell,RB,NYJ,CAR,0,0,0.0,0,0.0,0.0,0.0,9,34.0,0,1,1,12.0,0,4.6,5.6,,,70.0,204.0,29.0210625,6.0,Louisville,2011.0,2011.0,NYJ,126.0,-8.0,0.029411765
2017,13,00-0028064,B.Powell,RB,NYJ,KC,0,0,0.0,0,0.0,0.0,0.0,18,48.0,1,3,2,2.0,0,11.0,13.0,,,70.0,204.0,29.0210625,6.0,Louisville,2011.0,2011.0,NYJ,126.0,7.0,0.0882353
2017,14,00-0028064,B.Powell,RB,NYJ,DEN,0,0,0.0,0,0.0,0.0,0.0,13,35.0,0,0,0,0.0,0,3.5,3.5,,,70.0,204.0,29.0210625,6.0,Louisville,2011.0,2011.0,NYJ,126.0,,
2017,15,00-0028064,B.Powell,RB,NYJ,NO,0,0,0.0,0,0.0,0.0,0.0,13,44.0,1,1,0,0.0,0,10.4,10.4,,,70.0,204.0,29.0210625,6.0,Louisville,2011.0,2011.0,NYJ,126.0,,0.028571429
2017,16,00-0028064,B.Powell,RB,NYJ,LAC,0,0,0.0,0,0.0,0.0,0.0,19,145.0,1,1,0,0.0,0,20.5,20.5,,,70.0,204.0,29.0210625,6.0,Louisville,2011.0,2011.0,NYJ,126.0,-7.0,0.035714287
2017,17,00-0028064,B.Powell,RB,NYJ,NE,0,0,0.0,0,0.0,0.0,0.0,13,46.0,0,2,1,10.0,0,5.6,6.6,,,70.0,204.0,29.0210625,6.0,Louisville,2011.0,2011.0,NYJ,126.0,,0.055555556
2017,2,00-0028067,J.Thomas,TE,MIA,LAC,0,0,0.0,0,0.0,0.0,0.0,0,0.0,0,3,3,26.0,0,2.6,5.6,,,77.0,262.0,29.367375,6.0,Portland State,2011.0,2011.0,DEN,129.0,,0.0882353
2017,3,00-0028067,J.Thomas,TE,MIA,NYJ,0,0,0.0,0,0.0,0.0,0.0,0,0.0,0,5,3,16.0,0,1.6,4.6,,,77.0,262.0,29.367375,6.0,Portland State,2011.0,2011.0,DEN,129.0,,0.11111111
2017,4,00-0028067,J.Thomas,TE,MIA,NO,0,0,0.0,0,0.0,0.0,0.0,0,0.0,0,4,2,29.0,0,2.9,4.9,,,77.0,262.0,29.367375,6.0,Portland State,2011.0,2011.0,DEN,129.0,-20.0,0.14285715
2017,5,00-0028067,J.Thomas,TE,MIA,TEN,0,0,0.0,0,0.0,0.0,0.0,0,0.0,0,4,1,15.0,0,1.5,2.5,,,77.0,262.0,29.367375,6.0,Portland State,2011.0,2011.0,DEN,129.0,6.0,0.15384616
2017,6,00-0028067,J.Thomas,TE,MIA,ATL,0,0,0.0,0,0.0,0.0,0.0,0,0.0,0,5,3,22.0,0,2.2,5.2,,,77.0,262.0,29.367375,6.0,Portland State,2011.0,2011.0,DEN,129.0,,0.15151516
2017,7,00-0028067,J.Thomas,TE,MIA,NYJ,0,0,0.0,0,0.0,0.0,0.0,0,0.0,0,4,3,58.0,0,5.8,8.8,,,77.0,262.0,29.367375,6.0,Portland State,2011.0,2011.0,DEN,129.0,3.0,0.11111111
2017,8,00-0028067,J.Thomas,TE,MIA,BAL,0,0,0.0,0,0.0,0.0,0.0,0,0.0,0,3,2,2.0,0,0.2,2.2,,,77.0,262.0,29.367375,6.0,Portland State,2011.0,2011.0,DEN,129.0,,0.06818182
2017,9,00-0028067,J.Thomas,TE,MIA,LV,0,0,0.0,0,0.0,0.0,0.0,0,0.0,0,8,6,84.0,1,14.4,20.4,,,77.0,262.0,29.367375,6.0,Portland State,2011.0,2011.0,DEN,129.0,-3.0,0.19512194
2017,10,00-0028067,J.Thomas,TE,MIA,CAR,0,0,0.0,0,0.0,0.0,0.0,0,0.0,0,5,2,8.0,1,6.8,8.8,,,77.0,262.0,29.367375,6.0,Portland State,2011.0,2011.0,DEN,129.0,,0.13513513
2017,11,00-0028067,J.Thomas,TE,MIA,TB,0,0,0.0,0,0.0,0.0,0.0,0,0.0,0,4,4,30.0,0,3.0,7.0,,,77.0,262.0,29.367375,6.0,Portland State,2011.0,2011.0,DEN,129.0,-10.0,0.11111111
2017,12,00-0028067,J.Thomas,TE,MIA,NE,0,0,0.0,0,0.0,0.0,0.0,0,0.0,0,6,5,52.0,0,5.2,10.2,,,77.0,262.0,29.367375,6.0,Portland State,2011.0,2011.0,DEN,129.0,,0.18181819
2017,13,00-0028067,J.Thomas,TE,MIA,DEN,0,0,0.0,0,0.0,0.0,0.0,0,0.0,0,3,3,20.0,1,8.0,11.0,,,77.0,262.0,29.367375,6.0,Portland State,2011.0,2011.0,DEN,129.0,26.0,0.09375
2017,14,00-0028067,J.Thomas,TE,MIA,NE,0,0,0.0,0,0.0,0.0,0.0,0,0.0,0,4,2,11.0,0,1.1,3.1,,,77.0,262.0,29.367375,6.0,Portland State,2011.0,2011.0,DEN,129.0,7.0,0.11764706
2017,15,00-0028067,J.Thomas,TE,MIA,BUF,0,0,0.0,0,0.0,0.0,0.0,0,0.0,0,4,2,15.0,0,1.5,3.5,,,77.0,262.0,29.367375,6.0,Portland State,2011.0,2011.0,DEN,129.0,,0.08163265
2017,3,00-0028074,A.Sherman,RB,KC,LAC,0,0,0.0,0,0.0,0.0,0.0,0,0.0,0,1,1,11.0,0,1.1,2.1,,,70.0,242.0,28.908764705882355,6.0,Connecticut,2011.0,2011.0,ARI,136.0,,0.04761905
2017,5,00-0028074,A.Sherman,RB,KC,HOU,0,0,0.0,0,0.0,0.0,0.0,0,0.0,0,1,0,0.0,0,0.0,0.0,,,70.0,242.0,28.908764705882355,6.0,Connecticut,2011.0,2011.0,ARI,136.0,,0.027027028
2017,11,00-0028074,A.Sherman,RB,KC,NYG,0,0,0.0,0,0.0,0.0,0.0,0,0.0,0,1,1,11.0,0,1.1,2.1,,,70.0,242.0,28.908764705882355,6.0,Connecticut,2011.0,2011.0,ARI,136.0,,0.025641026
2017,12,00-0028074,A.Sherman,RB,KC,BUF,0,0,0.0,0,0.0,0.0,0.0,0,0.0,0,1,1,4.0,0,0.4,1.4,,,70.0,242.0,28.908764705882355,6.0,Connecticut,2011.0,2011.0,ARI,136.0,-6.0,0.028571429
2017,17,00-0028074,A.Sherman,RB,KC,DEN,0,0,0.0,0,0.0,0.0,0.0,14,40.0,1,4,3,21.0,0,12.1,15.1,,,70.0,242.0,28.908764705882355,6.0,Connecticut,2011.0,2011.0,ARI,136.0,,0.114285715
2017,2,00-0028083,J.Rodgers,RB,TB,CHI,0,0,0.0,0,0.0,0.0,0.0,19,67.0,1,0,0,0.0,0,12.7,12.7,,,66.0,190.0,27.7546875,6.0,Oregon State,2011.0,2011.0,ATL,145.0,22.0,
2017,3,00-0028083,J.Rodgers,RB,TB,MIN,0,0,0.0,0,0.0,0.0,0.0,5,15.0,0,0,0,0.0,0,1.5,1.5,,,66.0,190.0,27.7546875,6.0,Oregon State,2011.0,2011.0,ATL,145.0,,
2017,4,00-0028083,J.Rodgers,RB,TB,NYG,0,0,0.0,0,0.0,0.0,0.0,16,83.0,0,3,2,25.0,0,10.8,12.8,,,66.0,190.0,27.7546875,6.0,Oregon State,2011.0,2011.0,ATL,145.0,2.0,0.078947365
2017,5,00-0028083,J.Rodgers,RB,TB,NE,0,0,0.0,0,0.0,0.0,0.0,3,2.0,0,1,1,13.0,0,1.5,2.5,,,66.0,190.0,27.7546875,6.0,Oregon State,2011.0,2011.0,ATL,145.0,-5.0,0.022222223
2017,6,00-0028083,J.Rodgers,RB,TB,ARI,0,0,0.0,0,0.0,0.0,0.0,3,1.0,0,1,1,6.0,0,0.7,1.7,,,66.0,190.0,27.7546875,6.0,Oregon State,2011.0,2011.0,ATL,145.0,,0.023809524
2017,7,00-0028083,J.Rodgers,RB,TB,BUF,0,0,0.0,0,0.0,0.0,0.0,1,2.0,0,1,1,9.0,0,1.1,2.1,,,66.0,190.0,27.7546875,6.0,Oregon State,2011.0,2011.0,ATL,145.0,,0.022727273
2017,8,00-0028083,J.Rodgers,RB,TB,CAR,0,0,0.0,0,0.0,0.0,0.0,1,1.0,0,1,1,-5.0,0,-0.4,0.6,,,66.0,190.0,27.7546875,6.0,Oregon State,2011.0,2011.0,ATL,145.0,-14.0,0.027777778
2017,10,00-0028083,J.Rodgers,RB,TB,NYJ,0,0,0.0,0,0.0,0.0,0.0,3,12.0,0,0,0,0.0,0,1.2,1.2,,,66.0,190.0,27.7546875,6.0,Oregon State,2011.0,2011.0,ATL,145.0,5.0,
2017,11,00-0028083,J.Rodgers,RB,TB,MIA,0,0,0.0,0,0.0,0.0,0.0,1,3.0,0,0,0,0.0,0,0.3,0.3,,,66.0,190.0,27.7546875,6.0,Oregon State,2011.0,2011.0,ATL,145.0,,
2017,12,00-0028083,J.Rodgers,RB,TB,ATL,0,0,0.0,0,0.0,0.0,0.0,8,31.0,0,2,1,6.0,0,3.7,4.7,,,66.0,190.0,27.7546875,6.0,Oregon State,2011.0,2011.0,ATL,145.0,,0.045454547
2017,13,00-0028083,J.Rodgers,RB,TB,GB,0,0,0.0,0,0.0,0.0,0.0,3,25.0,0,0,0,0.0,0,2.5,2.5,,,66.0,190.0,27.7546875,6.0,Oregon State,2011.0,2011.0,ATL,145.0,,
2017,16,00-0028083,J.Rodgers,RB,TB,CAR,0,0,0.0,0,0.0,0.0,0.0,1,2.0,0,0,0,0.0,0,0.2,0.2,,,66.0,190.0,27.7546875,6.0,Oregon State,2011.0,2011.0,ATL,145.0,,
2017,17,00-0028083,J.Rodgers,RB,TB,NO,0,0,0.0,0,0.0,0.0,0.0,0,0.0,0,2,2,20.0,0,2.0,4.0,,,66.0,190.0,27.7546875,6.0,Oregon State,2011.0,2011.0,ATL,145.0,7.0,0.04
2017,1,00-0028087,D.Lewis,RB,NE,KC,0,0,0.0,0,0.0,0.0,0.0,2,9.0,0,0,0,0.0,0,0.9,0.9,,,68.0,195.0,27.140894736842107,6.0,Pittsburgh,2011.0,2011.0,PHI,149.0,-15.0,
2017,2,00-0028087,D.Lewis,RB,NE,NO,0,0,0.0,0,0.0,0.0,0.0,4,14.0,0,1,1,11.0,0,2.5,3.5,,,68.0,195.0,27.140894736842107,6.0,Pittsburgh,2011.0,2011.0,PHI,149.0,,0.025641026
2017,3,00-0028087,D.Lewis,RB,NE,HOU,0,0,0.0,0,0.0,0.0,0.0,2,5.0,0,3,3,12.0,0,1.7,4.7,,,68.0,195.0,27.140894736842107,6.0,Pittsburgh,2011.0,2011.0,PHI,149.0,3.0,0.08571429
2017,4,00-0028087,D.Lewis,RB,NE,CAR,0,0,0.0,0,0.0,0.0,0.0,4,18.0,1,1,1,9.0,0,8.7,9.7,,,68.0,195.0,27.140894736842107,6.0,Pittsburgh,2011.0,2011.0,PHI,149.0,-3.0,0.022222223
2017,5,00-0028087,D.Lewis,RB,NE,TB,0,0,0.0,0,0.0,0.0,0.0,7,53.0,0,2,2,10.0,0,6.3,8.3,,,68.0,195.0,27.140894736842107,6.0,Pittsburgh,2011.0,2011.0,PHI,149.0,,0.05
2017,6,00-0028087,D.Lewis,RB,NE,NYJ,0,0,0.0,0,0.0,0.0,0.0,11,52.0,1,0,0,0.0,0,11.2,11.2,,,68.0,195.0,27.140894736842107,6.0,Pittsburgh,2011.0,2011.0,PHI,149.0,,
2017,7,00-0028087,D.Lewis,RB,NE,ATL,0,0,0.0,0,0.0,0.0,0.0,13,76.0,0,1,1,6.0,0,8.2,9.2,,,68.0,195.0,27.140894736842107,6.0,Pittsburgh,2011.0,2011.0,PHI,149.0,16.0,0.03448276
2017,8,00-0028087,D.Lewis,RB,NE,LAC,0,0,0.0,0,0.0,0.0,0.0,15,44.0,0,2,2,10.0,0,5.4,7.4,,,68.0,195.0,27.140894736842107,6.0,Pittsburgh,2011.0,2011.0,PHI,149.0,8.0,0.04255319
2017,10,00-0028087,D.Lewis,RB,NE,DEN,0,0,0.0,0,0.0,0.0,0.0,14,55.0,1,0,0,0.0,0,17.5,17.5,,,68.0,195.0,27.140894736842107,6.0,Pittsburgh,2011.0,2011.0,PHI,149.0,,
2017,11,00-0028087,D.Lewis,RB,NE,LV,0,0,0.0,0,0.0,0.0,0.0,10,60.0,0,4,4,28.0,1,14.8,18.8,,,68.0,195.0,27.140894736842107,6.0,Pittsburgh,2011.0,2011.0,PHI,149.0,,0.10810811
2017,12,00-0028087,D.Lewis,RB,NE,MIA,0,0,0.0,0,0.0,0.0,0.0,15,112.0,0,2,1,1.0,0,11.3,12.3,,,68.0,195.0,27.140894736842107,6.0,Pittsburgh,2011.0,2011.0,PHI,149.0,18.0,0.071428575
2017,13,00-0028087,D.Lewis,RB,NE,BUF,0,0,0.0,0,0.0,0.0,0.0,15,92.0,0,0,0,0.0,0,9.2,9.2,,,68.0,195.0,27.140894736842107,6.0,Pittsburgh,2011.0,2011.0,PHI,149.0,,
2017,14,00-0028087,D.Lewis,RB,NE,MIA,0,0,0.0,0,0.0,0.0,0.0,5,17.0,0,5,5,50.0,0,6.7,11.7,,,68.0,195.0,27.140894736842107,6.0,Pittsburgh,2011.0,2011.0,PHI,149.0,,0.12195122
2017,15,00-0028087,D.Lewis,RB,NE,PIT,0,0,0.0,0,0.0,0.0,0.0,13,67.0,1,2,1,13.0,0,14.0,15.0,,,68.0,195.0,27.140894736842107,6.0,Pittsburgh,2011.0,2011.0,PHI,149.0,,0.057142857
2017,16,00-0028087,D.Lewis,RB,NE,BUF,0,0,0.0,0,0.0,0.0,0.0,24,129.0,1,5,5,24.0,1,27.3,32.3,,,68.0,195.0,27.140894736842107,6.0,Pittsburgh,2011.0,2011.0,PHI,149.0,21.0,0.17857143
2017,17,00-0028087,D.Lewis,RB,NE,NYJ,0,0,0.0,0,0.0,0.0,0.0,26,93.0,1,7,6,40.0,1,25.3,31.3,,,68.0,195.0,27.140894736842107,6.0,Pittsburgh,2011.0,2011.0,PHI,149.0,20.0,0.17948718
2017,19,00-0028087,D.Lewis,RB,NE,TEN,0,0,0.0,0,0.0,0.0,0.0,15,62.0,0,10,9,79.0,0,14.1,23.1,,,68.0,195.0,27.140894736842107,6.0,Pittsburgh,2011.0,2011.0,PHI,149.0,21.0,0.18867925
2017,20,00-0028087,D.Lewis,RB,NE,JAX,0,0,0.0,0,0.0,0.0,0.0,9,34.0,0,8,7,32.0,0,4.6,11.6,,,68.0,195.0,27.140894736842107,6.0,Pittsburgh,2011.0,2011.0,PHI,149.0,4.0,0.20512821
2017,21,00-0028087,D.Lewis,RB,NE,PHI,0,0,0.0,0,0.0,0.0,0.0,9,39.0,0,0,0,0.0,0,3.9,3.9,,,68.0,195.0,27.140894736842107,6.0,Pittsburgh,2011.0,2011.0,PHI,149.0,-8.0,
2017,14,00-0028090,T.Yates,QB,HOU,SF,14,26,175.0,2,0.0,1.0,7.0,3,31.0,0,0,0,0.0,0,18.1,18.1,,,76.0,217.0,30.445999999999998,6.0,North Carolina,2011.0,2011.0,HOU,152.0,-10.0,
2017,15,00-0028090,T.Yates,QB,HOU,JAX,12,31,128.0,1,1.0,4.0,29.0,0,0.0,0,0,0,0.0,0,7.12,7.12,,,76.0,217.0,30.445999999999998,6.0,North Carolina,2011.0,2011.0,HOU,152.0,,
2017,16,00-0028090,T.Yates,QB,HOU,PIT,7,16,83.0,1,1.0,6.0,26.0,1,11.0,0,0,0,0.0,0,4.42,4.42,,,76.0,217.0,30.445999999999998,6.0,North Carolina,2011.0,2011.0,HOU,152.0,-28.0,
2017,17,00-0028090,T.Yates,QB,HOU,IND,14,24,137.0,0,1.0,2.0,13.0,1,9.0,0,0,0,0.0,0,4.38,4.38,,,76.0,217.0,30.445999999999998,6.0,North Carolina,2011.0,2011.0,HOU,152.0,,
2017,2,00-0028091,J.Kerley,WR,NYJ,LV,0,0,0.0,0,0.0,0.0,0.0,0,0.0,0,3,3,14.0,0,1.4,4.4,,,69.0,188.0,28.988187500000002,6.0,Texas Christian,2011.0,2011.0,NYJ,153.0,,0.125
2017,3,00-0028091,J.Kerley,WR,NYJ,MIA,0,0,0.0,0,0.0,0.0,0.0,0,0.0,0,5,5,42.0,0,4.2,9.2,,,69.0,188.0,28.988187500000002,6.0,Texas Christian,2011.0,2011.0,NYJ,153.0,14.0,0.2173913
2017,4,00-0028091,J.Kerley,WR,NYJ,JAX,0,0,0.0,0,0.0,0.0,0.0,0,0.0,0,5,5,37.0,0,3.7,8.7,,,69.0,188.0,28.988187500000002,6.0,Texas Christian,2011.0,2011.0,NYJ,153.0,3.0,0.16129032
2017,5,00-0028091,J.Kerley,WR,NYJ,CLE,0,0,0.0,0,0.0,0.0,0.0,0,0.0,0,4,4,39.0,0,3.9,7.9,,,69.0,188.0,28.988187500000002,6.0,Texas Christian,2011.0,2011.0,NYJ,153.0,,0.13333334
2017,6,00-0028091,J.Kerley,WR,NYJ,NE,0,0,0.0,0,0.0,0.0,0.0,0,0.0,0,3,2,61.0,1,12.1,14.1,,,69.0,188.0,28.988187500000002,6.0,Texas Christian,2011.0,2011.0,NYJ,153.0,-7.0,0.06666667
2017,7,00-0028091,J.Kerley,WR,NYJ,MIA,0,0,0.0,0,0.0,0.0,0.0,0,0.0,0,4,2,17.0,0,-0.3,1.7,,,69.0,188.0,28.988187500000002,6.0,Texas Christian,2011.0,2011.0,NYJ,153.0,,0.15384616
2017,8,00-0028091,J.Kerley,WR,NYJ,ATL,0,0,0.0,0,0.0,0.0,0.0,0,0.0,0,3,1,7.0,0,0.7,1.7,,,69.0,188.0,28.988187500000002,6.0,Texas Christian,2011.0,2011.0,NYJ,153.0,-5.0,0.09375
2017,3,00-0028093,N.Paul,TE,WAS,LV,0,0,0.0,0,0.0,0.0,0.0,0,0.0,0,1,1,-3.0,0,-0.3,0.7,,,73.0,242.0,28.245,6.0,Nebraska,2011.0,2011.0,WAS,155.0,17.0,0.033333335
2017,4,00-0028093,N.Paul,TE,WAS,KC,0,0,0.0,0,0.0,0.0,0.0,0,0.0,0,1,0,0.0,0,0.0,0.0,,,73.0,242.0,28.245,6.0,Nebraska,2011.0,2011.0,WAS,155.0,,0.041666668
2017,6,00-0028093,N.Paul,TE,WAS,SF,0,0,0.0,0,0.0,0.0,0.0,1,-1.0,0,0,0,0.0,0,-0.1,-0.1,,,73.0,242.0,28.245,6.0,Nebraska,2011.0,2011.0,WAS,155.0,2.0,
2017,7,00-0028093,N.Paul,TE,WAS,PHI,0,0,0.0,0,0.0,0.0,0.0,0,0.0,0,1,1,32.0,0,3.2,4.2,,,73.0,242.0,28.245,6.0,Nebraska,2011.0,2011.0,WAS,155.0,,0.025
2017,11,00-0028093,N.Paul,TE,WAS,NO,0,0,0.0,0,0.0,0.0,0.0,1,5.0,0,2,2,11.0,0,1.6,3.6,,,73.0,242.0,28.245,6.0,Nebraska,2011.0,2011.0,WAS,155.0,,0.06666667
2017,12,00-0028093,N.Paul,TE,WAS,NYG,0,0,0.0,0,0.0,0.0,0.0,0,0.0,0,5,3,16.0,0,1.6,4.6,,,73.0,242.0,28.245,6.0,Nebraska,2011.0,2011.0,WAS,155.0,10.0,0.16666667
2017,13,00-0028093,N.Paul,TE,WAS,DAL,0,0,0.0,0,0.0,0.0,0.0,0,0.0,0,3,3,12.0,0,1.2,4.2,,,73.0,242.0,28.245,6.0,Nebraska,2011.0,2011.0,WAS,155.0,,0.083333336
2017,14,00-0028093,N.Paul,TE,WAS,LAC,0,0,0.0,0,0.0,0.0,0.0,0,0.0,0,1,1,15.0,0,1.5,2.5,,,73.0,242.0,28.245,6.0,Nebraska,2011.0,2011.0,WAS,155.0,,0.037037037
2017,15,00-0028093,N.Paul,TE,WAS,ARI,0,0,0.0,0,0.0,0.0,0.0,0,0.0,0,1,1,11.0,0,1.1,2.1,,,73.0,242.0,28.245,6.0,Nebraska,2011.0,2011.0,WAS,155.0,5.0,0.03846154
2017,16,00-0028093,N.Paul,TE,WAS,DEN,0,0,0.0,0,0.0,0.0,0.0,0,0.0,0,2,0,0.0,0,0.0,0.0,,,73.0,242.0,28.245,6.0,Nebraska,2011.0,2011.0,WAS,155.0,16.0,0.054054055
2017,17,00-0028093,N.Paul,TE,WAS,NYG,0,0,0.0,0,0.0,0.0,0.0,0,0.0,0,2,1,0.0,0,0.0,1.0,,,73.0,242.0,28.245,6.0,Nebraska,2011.0,2011.0,WAS,155.0,,0.054054055
2017,2,00-0028097,L.Smith,TE,LV,NYJ,0,0,0.0,0,0.0,0.0,0.0,0,0.0,0,1,1,9.0,0,0.9,1.9,,,78.0,265.0,29.956,6.0,Marshall,2011.0,2011.0,NE,159.0,,0.035714287
2017,4,00-0028097,L.Smith,TE,LV,DEN,0,0,0.0,0,0.0,0.0,0.0,0,0.0,0,2,2,15.0,0,1.5,3.5,,,78.0,265.0,29.956,6.0,Marshall,2011.0,2011.0,NE,159.0,,0.057142857
2017,8,00-0028097,L.Smith,TE,LV,BUF,0,0,0.0,0,0.0,0.0,0.0,0,0.0,0,3,1,21.0,0,2.1,3.1,,,78.0,265.0,29.956,6.0,Marshall,2011.0,2011.0,NE,159.0,,0.06122449
2017,12,00-0028097,L.Smith,TE,LV,DEN,0,0,0.0,0,0.0,0.0,0.0,0,0.0,0,1,1,12.0,0,1.2,2.2,,,78.0,265.0,29.956,6.0,Marshall,2011.0,2011.0,NE,159.0,,0.041666668
2017,15,00-0028097,L.Smith,TE,LV,DAL,0,0,0.0,0,0.0,0.0,0.0,0,0.0,0,1,1,3.0,0,0.3,1.3,,,78.0,265.0,29.956,6.0,Marshall,2011.0,2011.0,NE,159.0,,0.02631579
2017,16,00-0028097,L.Smith,TE,LV,PHI,0,0,0.0,0,0.0,0.0,0.0,0,0.0,0,3,2,16.0,0,1.6,3.6,,,78.0,265.0,29.956,6.0,Marshall,2011.0,2011.0,NE,159.0,,0.10714286
2017,1,00-0028112,C.Clay,TE,BUF,NYJ,0,0,0.0,0,0.0,0.0,0.0,0,0.0,0,9,4,53.0,1,11.3,15.3,,,75.0,255.0,28.738588235294117,6.0,Tulsa,2011.0,2011.0,MIA,174.0,9.0,0.33333334
2017,2,00-0028112,C.Clay,TE,BUF,CAR,0,0,0.0,0,0.0,0.0,0.0,0,0.0,0,3,3,23.0,0,2.3,5.3,,,75.0,255.0,28.738588235294117,6.0,Tulsa,2011.0,2011.0,MIA,174.0,,0.12
2017,3,00-0028112,C.Clay,TE,BUF,DEN,0,0,0.0,0,0.0,0.0,0.0,0,0.0,0,6,6,39.0,1,9.9,15.9,,,75.0,255.0,28.738588235294117,6.0,Tulsa,2011.0,2011.0,MIA,174.0,10.0,0.23076923
2017,4,00-0028112,C.Clay,TE,BUF,ATL,0,0,0.0,0,0.0,0.0,0.0,0,0.0,0,7,5,112.0,0,11.2,16.2,,,75.0,255.0,28.738588235294117,6.0,Tulsa,2011.0,2011.0,MIA,174.0,,0.35
2017,5,00-0028112,C.Clay,TE,BUF,CIN,0,0,0.0,0,0.0,0.0,0.0,0,0.0,0,3,2,31.0,0,3.1,5.1,,,75.0,255.0,28.738588235294117,6.0,Tulsa,2011.0,2011.0,MIA,174.0,,0.08571429
2017,10,00-0028112,C.Clay,TE,BUF,NO,0,0,0.0,0,0.0,0.0,0.0,0,0.0,0,3,2,13.0,0,1.3,3.3,,,75.0,255.0,28.738588235294117,6.0,Tulsa,2011.0,2011.0,MIA,174.0,-37.0,0.11111111
2017,11,00-0028112,C.Clay,TE,BUF,LAC,0,0,0.0,0,0.0,0.0,0.0,0,0.0,0,4,3,27.0,0,2.7,5.7,,,75.0,255.0,28.738588235294117,6.0,Tulsa,2011.0,2011.0,MIA,174.0,,0.102564104
2017,12,00-0028112,C.Clay,TE,BUF,KC,0,0,0.0,0,0.0,0.0,0.0,0,0.0,0,4,4,60.0,0,6.0,10.0,,,75.0,255.0,28.738588235294117,6.0,Tulsa,2011.0,2011.0,MIA,174.0,,0.13793103
2017,13,00-0028112,C.Clay,TE,BUF,NE,0,0,0.0,0,0.0,0.0,0.0,0,0.0,0,3,3,20.0,0,2.0,5.0,,,75.0,255.0,28.738588235294117,6.0,Tulsa,2011.0,2011.0,MIA,174.0,-20.0,0.0882353
2017,14,00-0028112,C.Clay,TE,BUF,IND,0,0,0.0,0,0.0,0.0,0.0,0,0.0,0,5,2,11.0,0,1.1,3.1,,,75.0,255.0,28.738588235294117,6.0,Tulsa,2011.0,2011.0,MIA,174.0,6.0,0.35714287
2017,15,00-0028112,C.Clay,TE,BUF,MIA,0,0,0.0,0,0.0,0.0,0.0,0,0.0,0,9,5,68.0,0,6.8,11.8,,,75.0,255.0,28.738588235294117,6.0,Tulsa,2011.0,2011.0,MIA,174.0,8.0,0.32142857
2017,16,00-0028112,C.Clay,TE,BUF,NE,0,0,0.0,0,0.0,0.0,0.0,0,0.0,0,10,4,37.0,0,3.7,7.7,,,75.0,255.0,28.738588235294117,6.0,Tulsa,2011.0,2011.0,MIA,174.0,,0.2631579
2017,17,00-0028112,C.Clay,TE,BUF,MIA,0,0,0.0,0,0.0,0.0,0.0,0,0.0,0,8,6,64.0,0,6.4,12.4,,,75.0,255.0,28.738588235294117,6.0,Tulsa,2011.0,2011.0,MIA,174.0,,0.2962963
2017,18,00-0028112,C.Clay,TE,BUF,JAX,0,0,0.0,0,0.0,0.0,0.0,0,0.0,0,5,3,15.0,0,1.5,4.5,,,75.0,255.0,28.738588235294117,6.0,Tulsa,2011.0,2011.0,MIA,174.0,,0.14285715
2017,1,00-0028116,A.Robinson,WR,SF,CAR,0,0,0.0,0,0.0,0.0,0.0,0,0.0,0,2,1,7.0,0,0.7,1.7,,,70.0,187.0,29.1113125,6.0,Southern Methodist,2011.0,2011.0,WAS,178.0,-20.0,0.057142857
2017,3,00-0028116,A.Robinson,WR,SF,LA,0,0,0.0,0,0.0,0.0,0.0,0,0.0,0,4,2,23.0,0,2.3,4.3,,,70.0,187.0,29.1113125,6.0,Southern Methodist,2011.0,2011.0,WAS,178.0,-2.0,0.10810811
2017,4,00-0028116,A.Robinson,WR,SF,ARI,0,0,0.0,0,0.0,0.0,0.0,0,0.0,0,12,3,52.0,0,5.2,8.2,,,70.0,187.0,29.1113125,6.0,Southern Methodist,2011.0,2011.0,WAS,178.0,,0.25
2017,5,00-0028116,A.Robinson,WR,SF,IND,0,0,0.0,0,0.0,0.0,0.0,0,0.0,0,1,1,5.0,0,0.5,1.5,,,70.0,187.0,29.1113125,6.0,Southern Methodist,2011.0,2011.0,WAS,178.0,,0.022222223
2017,6,00-0028116,A.Robinson,WR,SF,WAS,0,0,0.0,0,0.0,0.0,0.0,0,0.0,0,5,2,66.0,1,12.6,14.6,,,70.0,187.0,29.1113125,6.0,Southern Methodist,2011.0,2011.0,WAS,178.0,,0.10638298
2017,7,00-0028116,A.Robinson,WR,SF,DAL,0,0,0.0,0,0.0,0.0,0.0,0,0.0,0,1,1,15.0,0,1.5,2.5,,,70.0,187.0,29.1113125,6.0,Southern Methodist,2011.0,2011.0,WAS,178.0,-30.0,0.027027028
2017,8,00-0028116,A.Robinson,WR,SF,PHI,0,0,0.0,0,0.0,0.0,0.0,0,0.0,0,2,0,0.0,0,0.0,0.0,,,70.0,187.0,29.1113125,6.0,Southern Methodist,2011.0,2011.0,WAS,178.0,,0.055555556
2017,9,00-0028116,A.Robinson,WR,SF,ARI,0,0,0.0,0,0.0,0.0,0.0,0,0.0,0,8,2,18.0,0,1.8,3.8,,,70.0,187.0,29.1113125,6.0,Southern Methodist,2011.0,2011.0,WAS,178.0,-10.0,0.15686275
2017,10,00-0028116,A.Robinson,WR,SF,NYG,0,0,0.0,0,0.0,0.0,0.0,0,0.0,0,1,1,12.0,0,1.2,2.2,,,70.0,187.0,29.1113125,6.0,Southern Methodist,2011.0,2011.0,WAS,178.0,10.0,0.04
2017,12,00-0028116,A.Robinson,WR,SF,SEA,0,0,0.0,0,0.0,0.0,0.0,0,0.0,0,3,1,8.0,0,0.8,1.8,,,70.0,187.0,29.1113125,6.0,Southern Methodist,2011.0,2011.0,WAS,178.0,-11.0,0.078947365
2017,14,00-0028116,A.Robinson,WR,SF,HOU,0,0,0.0,0,0.0,0.0,0.0,0,0.0,0,2,2,27.0,0,2.7,4.7,,,70.0,187.0,29.1113125,6.0,Southern Methodist,2011.0,2011.0,WAS,178.0,,0.0625
2017,15,00-0028116,A.Robinson,WR,SF,TEN,0,0,0.0,0,0.0,0.0,0.0,0,0.0,0,2,1,3.0,0,0.3,1.3,,,70.0,187.0,29.1113125,6.0,Southern Methodist,2011.0,2011.0,WAS,178.0,2.0,0.04761905
2017,16,00-0028116,A.Robinson,WR,SF,JAX,0,0,0.0,0,0.0,0.0,0.0,0,0.0,0,2,1,12.0,0,1.2,2.2,,,70.0,187.0,29.1113125,6.0,Southern Methodist,2011.0,2011.0,WAS,178.0,11.0,0.06666667
2017,17,00-0028116,A.Robinson,WR,SF,LA,0,0,0.0,0,0.0,0.0,0.0,0,0.0,0,3,1,12.0,1,7.2,8.2,,,70.0,187.0,29.1113125,6.0,Southern Methodist,2011.0,2011.0,WAS,178.0,,0.09090909
2017,1,00-0028118,T.Taylor,QB,BUF,NYJ,16,28,224.0,2,1.0,2.0,6.0,8,38.0,0,0,0,0.0,0,18.76,18.76,,,73.0,215.0,28.270470588235295,6.0,Virginia Tech,2011.0,2011.0,BAL,180.0,9.0,
2017,2,00-0028118,T.Taylor,QB,BUF,CAR,17,25,125.0,0,0.0,3.0,18.0,8,55.0,0,0,0,0.0,0,10.5,10.5,,,73.0,215.0,28.270470588235295,6.0,Virginia Tech,2011.0,2011.0,BAL,180.0,,
2017,3,00-0028118,T.Taylor,QB,BUF,DEN,20,26,213.0,2,0.0,4.0,16.0,8,13.0,0,0,0,0.0,0,17.82,17.82,,,73.0,215.0,28.270470588235295,6.0,Virginia Tech,2011.0,2011.0,BAL,180.0,10.0,
2017,4,00-0028118,T.Taylor,QB,BUF,ATL,12,20,182.0,1,0.0,3.0,18.0,7,12.0,0,0,0,0.0,0,12.48,12.48,,,73.0,215.0,28.270470588235295,6.0,Virginia Tech,2011.0,2011.0,BAL,180.0,,
2017,5,00-0028118,T.Taylor,QB,BUF,CIN,20,37,166.0,1,1.0,6.0,27.0,1,3.0,0,0,0,0.0,0,8.94,8.94,,,73.0,215.0,28.270470588235295,6.0,Virginia Tech,2011.0,2011.0,BAL,180.0,,
2017,7,00-0028118,T.Taylor,QB,BUF,TB,20,33,268.0,1,0.0,1.0,7.0,6,53.0,0,0,0,0.0,0,20.02,20.02,,,73.0,215.0,28.270470588235295,6.0,Virginia Tech,2011.0,2011.0,BAL,180.0,3.0,
2017,8,00-0028118,T.Taylor,QB,BUF,LV,20,27,165.0,1,0.0,0.0,-0.0,6,1.0,1,0,0,0.0,0,16.7,16.7,,,73.0,215.0,28.270470588235295,6.0,Virginia Tech,2011.0,2011.0,BAL,180.0,20.0,
2017,9,00-0028118,T.Taylor,QB,BUF,NYJ,29,40,285.0,2,0.0,7.0,41.0,6,35.0,1,0,0,0.0,0,26.9,26.9,,,73.0,215.0,28.270470588235295,6.0,Virginia Tech,2011.0,2011.0,BAL,180.0,,
2017,10,00-0028118,T.Taylor,QB,BUF,NO,9,18,56.0,0,1.0,2.0,6.0,3,27.0,0,0,0,0.0,0,2.94,2.94,,,73.0,215.0,28.270470588235295,6.0,Virginia Tech,2011.0,2011.0,BAL,180.0,-37.0,
2017,11,00-0028118,T.Taylor,QB,BUF,LAC,15,25,158.0,1,0.0,1.0,4.0,4,38.0,1,0,0,0.0,0,18.12,18.12,,,73.0,215.0,28.270470588235295,6.0,Virginia Tech,2011.0,2011.0,BAL,180.0,,
2017,12,00-0028118,T.Taylor,QB,BUF,KC,19,29,183.0,1,0.0,2.0,19.0,9,27.0,0,0,0,0.0,0,14.02,14.02,,,73.0,215.0,28.270470588235295,6.0,Virginia Tech,2011.0,2011.0,BAL,180.0,,
2017,13,00-0028118,T.Taylor,QB,BUF,NE,9,18,65.0,0,1.0,3.0,25.0,3,32.0,0,0,0,0.0,0,3.8,3.8,,,73.0,215.0,28.270470588235295,6.0,Virginia Tech,2011.0,2011.0,BAL,180.0,-20.0,
2017,15,00-0028118,T.Taylor,QB,BUF,MIA,17,29,224.0,1,0.0,2.0,12.0,6,42.0,1,0,0,0.0,0,23.16,23.16,,,73.0,215.0,28.270470588235295,6.0,Virginia Tech,2011.0,2011.0,BAL,180.0,8.0,
2017,16,00-0028118,T.Taylor,QB,BUF,NE,21,38,281.0,0,0.0,6.0,39.0,3,16.0,0,0,0,0.0,0,12.84,12.84,,,73.0,215.0,28.270470588235295,6.0,Virginia Tech,2011.0,2011.0,BAL,180.0,,
2017,17,00-0028118,T.Taylor,QB,BUF,MIA,19,27,204.0,1,0.0,4.0,18.0,6,35.0,0,0,0,0.0,0,15.66,15.66,,,73.0,215.0,28.270470588235295,6.0,Virginia Tech,2011.0,2011.0,BAL,180.0,,
2017,18,00-0028118,T.Taylor,QB,BUF,JAX,17,37,134.0,0,1.0,2.0,15.0,7,27.0,0,0,0,0.0,0,6.06,6.06,,,73.0,215.0,28.270470588235295,6.0,Virginia Tech,2011.0,2011.0,BAL,180.0,,
2017,6,00-0028130,M.Bosher,P,ATL,MIA,0,0,0.0,0,0.0,0.0,0.0,1,0.0,0,0,0,0.0,0,0.0,0.0,,,72.0,208.0,30.07461111111111,6.0,Miami (Fla.),2011.0,2011.0,ATL,192.0,-3.0,
2017,1,00-0028142,V.Green,TE,DEN,LAC,0,0,0.0,0,0.0,0.0,0.0,0,0.0,0,1,1,44.0,0,4.4,5.4,,,77.0,255.0,29.26125,6.0,Nevada,2011.0,2011.0,DEN,204.0,3.0,0.035714287
2017,2,00-0028142,V.Green,TE,DEN,DAL,0,0,0.0,0,0.0,0.0,0.0,0,0.0,0,3,2,11.0,1,7.1,9.1,,,77.0,255.0,29.26125,6.0,Nevada,2011.0,2011.0,DEN,204.0,25.0,0.1
2017,3,00-0028142,V.Green,TE,DEN,BUF,0,0,0.0,0,0.0,0.0,0.0,0,0.0,0,3,3,18.0,0,1.8,4.8,,,77.0,255.0,29.26125,6.0,Nevada,2011.0,2011.0,DEN,204.0,,0.075
2017,6,00-0028142,V.Green,TE,DEN,NYG,0,0,0.0,0,0.0,0.0,0.0,0,0.0,0,1,1,24.0,0,2.4,3.4,,,77.0,255.0,29.26125,6.0,Nevada,2011.0,2011.0,DEN,204.0,-13.0,0.018867925
2017,7,00-0028142,V.Green,TE,DEN,LAC,0,0,0.0,0,0.0,0.0,0.0,0,0.0,0,2,1,7.0,0,0.7,1.7,,,77.0,255.0,29.26125,6.0,Nevada,2011.0,2011.0,DEN,204.0,,0.057142857
2017,8,00-0028142,V.Green,TE,DEN,KC,0,0,0.0,0,0.0,0.0,0.0,0,0.0,0,2,1,16.0,0,1.6,2.6,,,77.0,255.0,29.26125,6.0,Nevada,2011.0,2011.0,DEN,204.0,,0.055555556
2017,11,00-0028142,V.Green,TE,DEN,CIN,0,0,0.0,0,0.0,0.0,0.0,0,0.0,0,4,2,13.0,0,1.3,3.3,,,77.0,255.0,29.26125,6.0,Nevada,2011.0,2011.0,DEN,204.0,-3.0,0.1
2017,12,00-0028142,V.Green,TE,DEN,LV,0,0,0.0,0,0.0,0.0,0.0,0,0.0,0,3,1,16.0,0,1.6,2.6,,,77.0,255.0,29.26125,6.0,Nevada,2011.0,2011.0,DEN,204.0,,0.0882353
2017,13,00-0028142,V.Green,TE,DEN,MIA,0,0,0.0,0,0.0,0.0,0.0,0,0.0,0,1,1,36.0,0,3.6,4.6,,,77.0,255.0,29.26125,6.0,Nevada,2011.0,2011.0,DEN,204.0,,0.025
2017,15,00-0028142,V.Green,TE,DEN,IND,0,0,0.0,0,0.0,0.0,0.0,0,0.0,0,1,0,0.0,0,0.0,0.0,,,77.0,255.0,29.26125,6.0,Nevada,2011.0,2011.0,DEN,204.0,,0.04
2017,17,00-0028142,V.Green,TE,DEN,KC,0,0,0.0,0,0.0,0.0,0.0,0,0.0,0,1,1,6.0,0,0.6,1.6,,,77.0,255.0,29.26125,6.0,Nevada,2011.0,2011.0,DEN,204.0,-3.0,0.032258064
2017,1,00-0028237,C.Hogan,WR,NE,KC,0,0,0.0,0,0.0,0.0,0.0,3,17.0,0,5,1,8.0,0,2.5,3.5,,,73.0,210.0,30.067631578947367,6.0,"Monmouth, N.J.",2011.0,2011.0,,,-15.0,0.1388889
2017,2,00-0028237,C.Hogan,WR,NE,NO,0,0,0.0,0,0.0,0.0,0.0,0,0.0,0,6,5,78.0,1,13.8,18.8,,,73.0,210.0,30.067631578947367,6.0,"Monmouth, N.J.",2011.0,2011.0,,,,0.15384616
2017,3,00-0028237,C.Hogan,WR,NE,HOU,0,0,0.0,0,0.0,0.0,0.0,0,0.0,0,6,4,68.0,2,18.8,22.8,,,73.0,210.0,30.067631578947367,6.0,"Monmouth, N.J.",2011.0,2011.0,,,3.0,0.17142858
2017,4,00-0028237,C.Hogan,WR,NE,CAR,0,0,0.0,0,0.0,0.0,0.0,0,0.0,0,9,5,60.0,1,12.0,17.0,,,73.0,210.0,30.067631578947367,6.0,"Monmouth, N.J.",2011.0,2011.0,,,-3.0,0.2
2017,5,00-0028237,C.Hogan,WR,NE,TB,0,0,0.0,0,0.0,0.0,0.0,0,0.0,0,11,8,74.0,1,13.4,21.4,,,73.0,210.0,30.067631578947367,6.0,"Monmouth, N.J.",2011.0,2011.0,,,,0.275
2017,6,00-0028237,C.Hogan,WR,NE,NYJ,0,0,0.0,0,0.0,0.0,0.0,0,0.0,0,4,1,19.0,0,1.9,2.9,,,73.0,210.0,30.067631578947367,6.0,"Monmouth, N.J.",2011.0,2011.0,,,,0.10526316
2017,7,00-0028237,C.Hogan,WR,NE,ATL,0,0,0.0,0,0.0,0.0,0.0,0,0.0,0,6,4,71.0,0,7.1,11.1,,,73.0,210.0,30.067631578947367,6.0,"Monmouth, N.J.",2011.0,2011.0,,,16.0,0.20689656
2017,8,00-0028237,C.Hogan,WR,NE,LAC,0,0,0.0,0,0.0,0.0,0.0,0,0.0,0,7,5,60.0,0,6.0,11.0,,,73.0,210.0,30.067631578947367,6.0,"Monmouth, N.J.",2011.0,2011.0,,,8.0,0.14893617
2017,14,00-0028237,C.Hogan,WR,NE,MIA,0,0,0.0,0,0.0,0.0,0.0,0,0.0,0,5,1,1.0,0,0.1,1.1,,,73.0,210.0,30.067631578947367,6.0,"Monmouth, N.J.",2011.0,2011.0,,,,0.12195122
2017,19,00-0028237,C.Hogan,WR,NE,TEN,0,0,0.0,0,0.0,0.0,0.0,0,0.0,0,4,1,4.0,1,6.4,7.4,,,73.0,210.0,30.067631578947367,6.0,"Monmouth, N.J.",2011.0,2011.0,,,21.0,0.0754717
2017,20,00-0028237,C.Hogan,WR,NE,JAX,0,0,0.0,0,0.0,0.0,0.0,0,0.0,0,4,2,20.0,0,2.0,4.0,,,73.0,210.0,30.067631578947367,6.0,"Monmouth, N.J.",2011.0,2011.0,,,4.0,0.102564104
2017,21,00-0028237,C.Hogan,WR,NE,PHI,0,0,0.0,0,0.0,0.0,0.0,1,4.0,0,8,6,128.0,1,19.2,25.2,,,73.0,210.0,30.067631578947367,6.0,"Monmouth, N.J.",2011.0,2011.0,,,-8.0,0.17021276
2017,1,00-0028263,A.Holmes,WR,BUF,NYJ,0,0,0.0,0,0.0,0.0,0.0,0,0.0,0,1,1,1.0,1,6.1,7.1,,,76.0,210.0,29.401117647058825,6.0,Hillsdale,2011.0,2011.0,,,9.0,0.037037037
2017,2,00-0028263,A.Holmes,WR,BUF,CAR,0,0,0.0,0,0.0,0.0,0.0,0,0.0,0,4,2,18.0,0,1.8,3.8,,,76.0,210.0,29.401117647058825,6.0,Hillsdale,2011.0,2011.0,,,,0.16
2017,3,00-0028263,A.Holmes,WR,BUF,DEN,0,0,0.0,0,0.0,0.0,0.0,0,0.0,0,2,2,6.0,1,6.6,8.6,,,76.0,210.0,29.401117647058825,6.0,Hillsdale,2011.0,2011.0,,,10.0,0.07692308
2017,4,00-0028263,A.Holmes,WR,BUF,ATL,0,0,0.0,0,0.0,0.0,0.0,0,0.0,0,1,1,10.0,0,1.0,2.0,,,76.0,210.0,29.401117647058825,6.0,Hillsdale,2011.0,2011.0,,,,0.05
2017,5,00-0028263,A.Holmes,WR,BUF,CIN,0,0,0.0,0,0.0,0.0,0.0,0,0.0,0,1,0,0.0,0,0.0,0.0,,,76.0,210.0,29.401117647058825,6.0,Hillsdale,2011.0,2011.0,,,,0.028571429
2017,7,00-0028263,A.Holmes,WR,BUF,TB,0,0,0.0,0,0.0,0.0,0.0,0,0.0,0,3,2,11.0,0,1.1,3.1,,,76.0,210.0,29.401117647058825,6.0,Hillsdale,2011.0,2011.0,,,3.0,0.09375
2017,8,00-0028263,A.Holmes,WR,BUF,LV,0,0,0.0,0,0.0,0.0,0.0,0,0.0,0,4,3,51.0,1,11.1,14.1,,,76.0,210.0,29.401117647058825,6.0,Hillsdale,2011.0,2011.0,,,20.0,0.14814815
2017,9,00-0028263,A.Holmes,WR,BUF,NYJ,0,0,0.0,0,0.0,0.0,0.0,0,0.0,0,3,1,16.0,0,1.6,2.6,,,76.0,210.0,29.401117647058825,6.0,Hillsdale,2011.0,2011.0,,,,0.075
2017,11,00-0028263,A.Holmes,WR,BUF,LAC,0,0,0.0,0,0.0,0.0,0.0,0,0.0,0,3,1,7.0,0,0.7,1.7,,,76.0,210.0,29.401117647058825,6.0,Hillsdale,2011.0,2011.0,,,,0.07692308
2017,13,00-0028263,A.Holmes,WR,BUF,NE,0,0,0.0,0,0.0,0.0,0.0,0,0.0,0,1,0,0.0,0,0.0,0.0,,,76.0,210.0,29.401117647058825,6.0,Hillsdale,2011.0,2011.0,,,-20.0,0.029411765
2017,13,00-0028292,N.Bellore,ILB,DET,BAL,0,0,0.0,0,0.0,0.0,0.0,0,0.0,0,1,1,1.0,1,6.1,7.1,,,73.0,250.0,28.486625,6.0,Central Michigan,2011.0,2011.0,,,,0.029411765
2017,2,00-0028411,D.Inman,WR,LAC,MIA,0,0,0.0,0,0.0,0.0,0.0,0,0.0,0,2,0,0.0,0,0.0,0.0,,,75.0,205.0,28.7610625,6.0,Virginia,2011.0,2011.0,,,-2.0,0.051282052
2017,3,00-0028411,D.Inman,WR,LAC,KC,0,0,0.0,0,0.0,0.0,0.0,0,0.0,0,1,1,2.0,0,0.2,1.2,,,75.0,205.0,28.7610625,6.0,Virginia,2011.0,2011.0,,,-14.0,0.025641026
2017,4,00-0028411,D.Inman,WR,LAC,PHI,0,0,0.0,0,0.0,0.0,0.0,0,0.0,0,1,1,7.0,0,0.7,1.7,,,75.0,205.0,28.7610625,6.0,Virginia,2011.0,2011.0,,,-2.0,0.027027028
2017,10,00-0028411,D.Inman,WR,CHI,GB,0,0,0.0,0,0.0,0.0,0.0,0,0.0,0,8,6,88.0,0,8.8,14.8,,,75.0,205.0,28.7610625,6.0,Virginia,2011.0,2011.0,,,-7.0,0.22857143
2017,11,00-0028411,D.Inman,WR,CHI,DET,0,0,0.0,0,0.0,0.0,0.0,0,0.0,0,5,3,43.0,0,4.3,7.3,,,75.0,205.0,28.7610625,6.0,Virginia,2011.0,2011.0,,,-3.0,0.16666667
2017,12,00-0028411,D.Inman,WR,CHI,PHI,0,0,0.0,0,0.0,0.0,0.0,0,0.0,0,9,4,64.0,0,6.4,10.4,,,75.0,205.0,28.7610625,6.0,Virginia,2011.0,2011.0,,,,0.28125
2017,13,00-0028411,D.Inman,WR,CHI,SF,0,0,0.0,0,0.0,0.0,0.0,0,0.0,0,2,2,21.0,1,8.1,10.1,,,75.0,205.0,28.7610625,6.0,Virginia,2011.0,2011.0,,,-1.0,0.13333334
2017,15,00-0028411,D.Inman,WR,CHI,DET,0,0,0.0,0,0.0,0.0,0.0,0,0.0,0,2,1,5.0,0,0.5,1.5,,,75.0,205.0,28.7610625,6.0,Virginia,2011.0,2011.0,,,,0.04347826
2017,16,00-0028411,D.Inman,WR,CHI,CLE,0,0,0.0,0,0.0,0.0,0.0,0,0.0,0,4,2,19.0,0,1.9,3.9,,,75.0,205.0,28.7610625,6.0,Virginia,2011.0,2011.0,,,17.0,0.17391305
2017,17,00-0028411,D.Inman,WR,CHI,MIN,0,0,0.0,0,0.0,0.0,0.0,0,0.0,0,10,5,94.0,0,9.4,14.4,,,75.0,205.0,28.7610625,6.0,Virginia,2011.0,2011.0,,,,0.2777778
2017,1,00-0028434,D.Baldwin,WR,SEA,GB,0,0,0.0,0,0.0,0.0,0.0,1,-3.0,0,4,4,63.0,0,6.0,10.0,,,70.0,192.0,29.125812500000002,6.0,Stanford,2011.0,2011.0,,,,0.14814815
2017,2,00-0028434,D.Baldwin,WR,SEA,SF,0,0,0.0,0,0.0,0.0,0.0,0,0.0,0,9,6,44.0,0,4.4,10.4,,,70.0,192.0,29.125812500000002,6.0,Stanford,2011.0,2011.0,,,3.0,0.23076923
2017,3,00-0028434,D.Baldwin,WR,SEA,TEN,0,0,0.0,0,0.0,0.0,0.0,0,0.0,0,15,10,105.0,1,16.5,26.5,,,70.0,192.0,29.125812500000002,6.0,Stanford,2011.0,2011.0,,,,0.3125
2017,4,00-0028434,D.Baldwin,WR,SEA,IND,0,0,0.0,0,0.0,0.0,0.0,0,0.0,0,3,3,35.0,0,5.5,8.5,,,70.0,192.0,29.125812500000002,6.0,Stanford,2011.0,2011.0,,,28.0,0.115384616
2017,5,00-0028434,D.Baldwin,WR,SEA,LA,0,0,0.0,0,0.0,0.0,0.0,0,0.0,0,8,4,37.0,0,3.7,7.7,,,70.0,192.0,29.125812500000002,6.0,Stanford,2011.0,2011.0,,,,0.21621622
2017,7,00-0028434,D.Baldwin,WR,SEA,NYG,0,0,0.0,0,0.0,0.0,0.0,0,0.0,0,12,9,92.0,1,15.2,24.2,,,70.0,192.0,29.125812500000002,6.0,Stanford,2011.0,2011.0,,,,0.3243243
2017,8,00-0028434,D.Baldwin,WR,SEA,HOU,0,0,0.0,0,0.0,0.0,0.0,0,0.0,0,10,6,54.0,0,5.4,11.4,,,70.0,192.0,29.125812500000002,6.0,Stanford,2011.0,2011.0,,,3.0,0.27027026
2017,9,00-0028434,D.Baldwin,WR,SEA,WAS,0,0,0.0,0,0.0,0.0,0.0,0,0.0,0,12,7,108.0,1,16.8,23.8,,,70.0,192.0,29.125812500000002,6.0,Stanford,2011.0,2011.0,,,-3.0,0.29268292
2017,10,00-0028434,D.Baldwin,WR,SEA,ARI,0,0,0.0,0,0.0,0.0,0.0,0,0.0,0,6,5,95.0,0,9.5,14.5,,,70.0,192.0,29.125812500000002,6.0,Stanford,2011.0,2011.0,,,,0.2
2017,11,00-0028434,D.Baldwin,WR,SEA,ATL,0,0,0.0,0,0.0,0.0,0.0,0,0.0,0,6,2,40.0,1,10.0,12.0,,,70.0,192.0,29.125812500000002,6.0,Stanford,2011.0,2011.0,,,-3.0,0.15
2017,12,00-0028434,D.Baldwin,WR,SEA,SF,0,0,0.0,0,0.0,0.0,0.0,1,-5.0,0,3,2,25.0,0,2.0,4.0,,,70.0,192.0,29.125812500000002,6.0,Stanford,2011.0,2011.0,,,,0.09090909
2017,13,00-0028434,D.Baldwin,WR,SEA,PHI,0,0,0.0,0,0.0,0.0,0.0,0,0.0,0,7,5,84.0,0,8.4,13.4,,,70.0,192.0,29.125812500000002,6.0,Stanford,2011.0,2011.0,,,14.0,0.25925925
2017,14,00-0028434,D.Baldwin,WR,SEA,JAX,0,0,0.0,0,0.0,0.0,0.0,0,0.0,0,6,3,78.0,1,13.8,16.8,,,70.0,192.0,29.125812500000002,6.0,Stanford,2011.0,2011.0,,,,0.20689656
2017,15,00-0028434,D.Baldwin,WR,SEA,LA,0,0,0.0,0,0.0,0.0,0.0,0,0.0,0,4,1,6.0,0,0.6,1.6,,,70.0,192.0,29.125812500000002,6.0,Stanford,2011.0,2011.0,,,-35.0,0.14814815
2017,16,00-0028434,D.Baldwin,WR,SEA,DAL,0,0,0.0,0,0.0,0.0,0.0,0,0.0,0,6,4,35.0,1,9.5,13.5,,,70.0,192.0,29.125812500000002,6.0,Stanford,2011.0,2011.0,,,,0.3
2017,17,00-0028434,D.Baldwin,WR,SEA,ARI,0,0,0.0,0,0.0,0.0,0.0,0,0.0,0,5,4,90.0,2,21.0,25.0,,,70.0,192.0,29.125812500000002,6.0,Stanford,2011.0,2011.0,,,-2.0,0.17857143
2017,1,00-0028497,K.Aiken,WR,IND,LA,0,0,0.0,0,0.0,0.0,0.0,0,0.0,0,2,1,3.0,0,0.3,1.3,,,74.0,216.0,28.432375,6.0,Central Florida,2011.0,2011.0,,,,0.0952381
2017,2,00-0028497,K.Aiken,WR,IND,ARI,0,0,0.0,0,0.0,0.0,0.0,0,0.0,0,9,3,31.0,0,3.1,6.1,,,74.0,216.0,28.432375,6.0,Central Florida,2011.0,2011.0,,,-3.0,0.25
2017,3,00-0028497,K.Aiken,WR,IND,CLE,0,0,0.0,0,0.0,0.0,0.0,0,0.0,0,1,1,9.0,0,0.9,1.9,,,74.0,216.0,28.432375,6.0,Central Florida,2011.0,2011.0,,,3.0,0.041666668
2017,4,00-0028497,K.Aiken,WR,IND,SEA,0,0,0.0,0,0.0,0.0,0.0,0,0.0,0,5,1,4.0,0,0.4,1.4,,,74.0,216.0,28.432375,6.0,Central Florida,2011.0,2011.0,,,,0.17857143
2017,5,00-0028497,K.Aiken,WR,IND,SF,0,0,0.0,0,0.0,0.0,0.0,0,0.0,0,7,2,22.0,0,2.2,4.2,,,74.0,216.0,28.432375,6.0,Central Florida,2011.0,2011.0,,,3.0,0.21212122
2017,6,00-0028497,K.Aiken,WR,IND,TEN,0,0,0.0,0,0.0,0.0,0.0,0,0.0,0,4,2,21.0,0,2.1,4.1,,,74.0,216.0,28.432375,6.0,Central Florida,2011.0,2011.0,,,,0.11111111
2017,7,00-0028497,K.Aiken,WR,IND,JAX,0,0,0.0,0,0.0,0.0,0.0,0,0.0,0,3,2,8.0,0,0.8,2.8,,,74.0,216.0,28.432375,6.0,Central Florida,2011.0,2011.0,,,-27.0,0.08108108
2017,8,00-0028497,K.Aiken,WR,IND,CIN,0,0,0.0,0,0.0,0.0,0.0,0,0.0,0,5,2,33.0,0,3.3,5.3,,,74.0,216.0,28.432375,6.0,Central Florida,2011.0,2011.0,,,,0.13157895
2017,9,00-0028497,K.Aiken,WR,IND,HOU,0,0,0.0,0,0.0,0.0,0.0,0,0.0,0,2,0,0.0,0,0.0,0.0,,,74.0,216.0,28.432375,6.0,Central Florida,2011.0,2011.0,,,,0.06666667
2017,13,00-0028497,K.Aiken,WR,IND,JAX,0,0,0.0,0,0.0,0.0,0.0,0,0.0,0,2,0,0.0,0,0.0,0.0,,,74.0,216.0,28.432375,6.0,Central Florida,2011.0,2011.0,,,,0.05882353
2017,15,00-0028497,K.Aiken,WR,IND,DEN,0,0,0.0,0,0.0,0.0,0.0,0,0.0,0,1,0,0.0,0,0.0,0.0,,,74.0,216.0,28.432375,6.0,Central Florida,2011.0,2011.0,,,-12.0,0.035714287
2017,16,00-0028497,K.Aiken,WR,IND,BAL,0,0,0.0,0,0.0,0.0,0.0,0,0.0,0,2,0,0.0,0,0.0,0.0,,,74.0,216.0,28.432375,6.0,Central Florida,2011.0,2011.0,,,,0.060606062
2017,17,00-0028497,K.Aiken,WR,IND,HOU,0,0,0.0,0,0.0,0.0,0.0,0,0.0,0,1,1,2.0,0,0.2,1.2,,,74.0,216.0,28.432375,6.0,Central Florida,2011.0,2011.0,,,9.0,0.041666668
2017,1,00-0028581,P.DiMarco,FB,BUF,NYJ,0,0,0.0,0,0.0,0.0,0.0,0,0.0,0,1,1,5.0,0,0.5,1.5,,,73.0,234.0,28.530470588235296,6.0,South Carolina,2011.0,2011.0,,,9.0,0.037037037
2017,2,00-0028581,P.DiMarco,FB,BUF,CAR,0,0,0.0,0,0.0,0.0,0.0,0,0.0,0,1,0,0.0,0,0.0,0.0,,,73.0,234.0,28.530470588235296,6.0,South Carolina,2011.0,2011.0,,,,0.04
2017,4,00-0028581,P.DiMarco,FB,BUF,ATL,0,0,0.0,0,0.0,0.0,0.0,1,-2.0,0,0,0,0.0,0,-0.2,-0.2,,,73.0,234.0,28.530470588235296,6.0,South Carolina,2011.0,2011.0,,,,
2017,10,00-0028581,P.DiMarco,FB,BUF,NO,0,0,0.0,0,0.0,0.0,0.0,1,0.0,0,3,3,21.0,0,2.1,5.1,,,73.0,234.0,28.530470588235296,6.0,South Carolina,2011.0,2011.0,,,-37.0,0.11111111
2017,11,00-0028581,P.DiMarco,FB,BUF,LAC,0,0,0.0,0,0.0,0.0,0.0,0,0.0,0,1,0,0.0,0,0.0,0.0,,,73.0,234.0,28.530470588235296,6.0,South Carolina,2011.0,2011.0,,,,0.025641026
2017,15,00-0028581,P.DiMarco,FB,BUF,MIA,0,0,0.0,0,0.0,0.0,0.0,0,0.0,0,2,1,6.0,0,0.6,1.6,,,73.0,234.0,28.530470588235296,6.0,South Carolina,2011.0,2011.0,,,8.0,0.071428575
2017,16,00-0028581,P.DiMarco,FB,BUF,NE,0,0,0.0,0,0.0,0.0,0.0,0,0.0,0,1,1,-8.0,0,-0.8,0.2,,,73.0,234.0,28.530470588235296,6.0,South Carolina,2011.0,2011.0,,,,0.02631579
2017,17,00-0028581,P.DiMarco,FB,BUF,MIA,0,0,0.0,0,0.0,0.0,0.0,0,0.0,0,1,1,4.0,0,0.4,1.4,,,73.0,234.0,28.530470588235296,6.0,South Carolina,2011.0,2011.0,,,,0.037037037
2017,18,00-0028581,P.DiMarco,FB,BUF,JAX,0,0,0.0,0,0.0,0.0,0.0,0,0.0,0,1,0,0.0,0,0.0,0.0,,,73.0,234.0,28.530470588235296,6.0,South Carolina,2011.0,2011.0,,,,0.028571429
2017,1,00-0028595,S.Tolzien,QB,IND,LA,9,18,128.0,0,2.0,4.0,29.0,2,2.0,0,0,0,0.0,0,1.32,1.32,,,74.0,215.0,30.168187500000002,6.0,Wisconsin,2011.0,2011.0,,,,
2017,15,00-0028664,C.Jones,P,DAL,LV,0,0,0.0,0,0.0,0.0,0.0,1,24.0,0,0,0,0.0,0,2.4,2.4,,,72.0,205.0,28.2956875,6.0,Carson-Newman,2011.0,2011.0,,,,
2017,3,00-0028702,C.Matthews,WR,BAL,JAX,0,0,0.0,0,0.0,0.0,0.0,0,0.0,0,1,1,8.0,0,0.8,1.8,,,77.0,228.0,28.080375,6.0,Kentucky,2011.0,2011.0,,,,0.037037037
2017,4,00-0028702,C.Matthews,WR,BAL,PIT,0,0,0.0,0,0.0,0.0,0.0,0,0.0,0,2,1,12.0,0,1.2,2.2,,,77.0,228.0,28.080375,6.0,Kentucky,2011.0,2011.0,,,-17.0,0.04255319
2017,6,00-0028702,C.Matthews,WR,BAL,CHI,0,0,0.0,0,0.0,0.0,0.0,0,0.0,0,3,1,5.0,0,0.5,1.5,,,77.0,228.0,28.080375,6.0,Kentucky,2011.0,2011.0,,,-3.0,0.07317073
2017,1,00-0028825,T.Pryor,WR,WAS,PHI,0,0,0.0,0,0.0,0.0,0.0,0,0.0,0,11,6,66.0,0,6.6,12.6,,,76.0,223.0,28.382,6.0,Ohio State,2011.0,2011.0,OAK,82.0,-13.0,0.275
2017,2,00-0028825,T.Pryor,WR,WAS,LA,0,0,0.0,0,0.0,0.0,0.0,0,0.0,0,4,2,31.0,0,3.1,5.1,,,76.0,223.0,28.382,6.0,Ohio State,2011.0,2011.0,OAK,82.0,,0.14814815
2017,3,00-0028825,T.Pryor,WR,WAS,LV,0,0,0.0,0,0.0,0.0,0.0,0,0.0,0,4,2,19.0,0,1.9,3.9,,,76.0,223.0,28.382,6.0,Ohio State,2011.0,2011.0,OAK,82.0,17.0,0.13333334
2017,4,00-0028825,T.Pryor,WR,WAS,KC,0,0,0.0,0,0.0,0.0,0.0,0,0.0,0,5,3,70.0,1,13.0,16.0,,,76.0,223.0,28.382,6.0,Ohio State,2011.0,2011.0,OAK,82.0,,0.20833333
2017,6,00-0028825,T.Pryor,WR,WAS,SF,0,0,0.0,0,0.0,0.0,0.0,0,0.0,0,5,3,23.0,0,2.3,5.3,,,76.0,223.0,28.382,6.0,Ohio State,2011.0,2011.0,OAK,82.0,2.0,0.1388889
2017,7,00-0028825,T.Pryor,WR,WAS,PHI,0,0,0.0,0,0.0,0.0,0.0,0,0.0,0,4,2,14.0,0,1.4,3.4,,,76.0,223.0,28.382,6.0,Ohio State,2011.0,2011.0,OAK,82.0,,0.1
2017,8,00-0028825,T.Pryor,WR,WAS,DAL,0,0,0.0,0,0.0,0.0,0.0,0,0.0,0,1,0,0.0,0,0.0,0.0,,,76.0,223.0,28.382,6.0,Ohio State,2011.0,2011.0,OAK,82.0,-14.0,0.025641026
2017,9,00-0028825,T.Pryor,WR,WAS,SEA,0,0,0.0,0,0.0,0.0,0.0,0,0.0,0,3,2,17.0,0,1.7,3.7,,,76.0,223.0,28.382,6.0,Ohio State,2011.0,2011.0,OAK,82.0,,0.1
2017,2,00-0028872,J.Hekker,P,LA,WAS,1,1,28.0,0,0.0,0.0,-0.0,0,0.0,0,0,0,0.0,0,1.12,1.12,,,77.0,241.0,27.750588235294117,5.0,Oregon State,2012.0,2012.0,,,-7.0,
2017,10,00-0028872,J.Hekker,P,LA,HOU,1,1,6.0,0,0.0,0.0,-0.0,0,0.0,0,0,0,0.0,0,0.24,0.24,,,77.0,241.0,27.750588235294117,5.0,Oregon State,2012.0,2012.0,,,26.0,
2017,16,00-0028872,J.Hekker,P,LA,TEN,0,1,0.0,0,0.0,0.0,-0.0,0,0.0,0,0,0,0.0,0,0.0,0.0,,,77.0,241.0,27.750588235294117,5.0,Oregon State,2012.0,2012.0,,,,
2017,2,00-0028903,G.Celek,TE,SF,SEA,0,0,0.0,0,0.0,0.0,0.0,0,0.0,0,1,1,6.0,0,0.6,1.6,,,77.0,252.0,29.4345,5.0,Michigan State,2012.0,2012.0,,,,0.03846154
2017,3,00-0028903,G.Celek,TE,SF,LA,0,0,0.0,0,0.0,0.0,0.0,0,0.0,0,2,1,1.0,1,6.1,7.1,,,77.0,252.0,29.4345,5.0,Michigan State,2012.0,2012.0,,,-2.0,0.054054055
2017,5,00-0028903,G.Celek,TE,SF,IND,0,0,0.0,0,0.0,0.0,0.0,0,0.0,0,1,1,6.0,0,0.6,1.6,,,77.0,252.0,29.4345,5.0,Michigan State,2012.0,2012.0,,,,0.022222223
2017,6,00-0028903,G.Celek,TE,SF,WAS,0,0,0.0,0,0.0,0.0,0.0,0,0.0,0,2,1,13.0,0,1.3,2.3,,,77.0,252.0,29.4345,5.0,Michigan State,2012.0,2012.0,,,,0.04255319
2017,7,00-0028903,G.Celek,TE,SF,DAL,0,0,0.0,0,0.0,0.0,0.0,0,0.0,0,1,1,11.0,0,1.1,2.1,,,77.0,252.0,29.4345,5.0,Michigan State,2012.0,2012.0,,,-30.0,0.027027028
2017,8,00-0028903,G.Celek,TE,SF,PHI,0,0,0.0,0,0.0,0.0,0.0,0,0.0,0,2,1,24.0,0,2.4,3.4,,,77.0,252.0,29.4345,5.0,Michigan State,2012.0,2012.0,,,,0.055555556
2017,9,00-0028903,G.Celek,TE,SF,ARI,0,0,0.0,0,0.0,0.0,0.0,0,0.0,0,4,1,13.0,0,1.3,2.3,,,77.0,252.0,29.4345,5.0,Michigan State,2012.0,2012.0,,,-10.0,0.078431375
2017,10,00-0028903,G.Celek,TE,SF,NYG,0,0,0.0,0,0.0,0.0,0.0,0,0.0,0,6,4,67.0,1,12.7,16.7,,,77.0,252.0,29.4345,5.0,Michigan State,2012.0,2012.0,,,10.0,0.24
2017,12,00-0028903,G.Celek,TE,SF,SEA,0,0,0.0,0,0.0,0.0,0.0,0,0.0,0,2,2,7.0,0,0.7,2.7,,,77.0,252.0,29.4345,5.0,Michigan State,2012.0,2012.0,,,-11.0,0.05263158
2017,13,00-0028903,G.Celek,TE,SF,CHI,0,0,0.0,0,0.0,0.0,0.0,0,0.0,0,4,2,30.0,0,3.0,5.0,,,77.0,252.0,29.4345,5.0,Michigan State,2012.0,2012.0,,,,0.10810811
2017,14,00-0028903,G.Celek,TE,SF,HOU,0,0,0.0,0,0.0,0.0,0.0,0,0.0,0,4,2,67.0,1,12.7,14.7,,,77.0,252.0,29.4345,5.0,Michigan State,2012.0,2012.0,,,,0.125
2017,15,00-0028903,G.Celek,TE,SF,TEN,0,0,0.0,0,0.0,0.0,0.0,0,0.0,0,3,3,63.0,1,12.3,15.3,,,77.0,252.0,29.4345,5.0,Michigan State,2012.0,2012.0,,,2.0,0.071428575
2017,17,00-0028903,G.Celek,TE,SF,LA,0,0,0.0,0,0.0,0.0,0.0,0,0.0,0,1,1,28.0,0,2.8,3.8,,,77.0,252.0,29.4345,5.0,Michigan State,2012.0,2012.0,,,,0.030303031
2017,7,00-0028954,R.Golden,SS,PIT,CIN,1,1,44.0,0,0.0,0.0,-0.0,0,0.0,0,0,0,0.0,0,1.76,1.76,,,71.0,202.0,27.156882352941174,5.0,Arizona,2012.0,2012.0,,,15.0,
2017,7,00-0028957,A.Davis,QB,SEA,NYG,0,0,0.0,0,0.0,0.0,0.0,1,-1.0,0,0,0,0.0,0,-0.1,-0.1,,,74.0,221.0,28.4303125,5.0,Southern Mississippi,2012.0,2012.0,,,,
2017,2,00-0028986,C.Keenum,QB,MIN,PIT,20,37,167.0,0,0.0,2.0,21.0,0,0.0,0,0,0,0.0,0,6.68,6.68,,,73.0,205.0,29.73861111111111,5.0,Houston,2012.0,2012.0,,,,
2017,3,00-0028986,C.Keenum,QB,MIN,TB,25,33,369.0,3,0.0,0.0,-0.0,6,18.0,0,0,0,0.0,0,28.56,28.56,,,73.0,205.0,29.73861111111111,5.0,Houston,2012.0,2012.0,,,17.0,
2017,4,00-0028986,C.Keenum,QB,MIN,DET,16,30,219.0,0,0.0,2.0,22.0,0,0.0,0,0,0,0.0,0,8.76,8.76,,,73.0,205.0,29.73861111111111,5.0,Houston,2012.0,2012.0,,,-7.0,
2017,5,00-0028986,C.Keenum,QB,MIN,CHI,17,21,140.0,1,0.0,0.0,-0.0,1,22.0,0,0,0,0.0,0,11.8,11.8,,,73.0,205.0,29.73861111111111,5.0,Houston,2012.0,2012.0,,,,
2017,6,00-0028986,C.Keenum,QB,MIN,GB,24,38,239.0,1,1.0,0.0,-0.0,2,15.0,0,0,0,0.0,0,13.06,13.06,,,73.0,205.0,29.73861111111111,5.0,Houston,2012.0,2012.0,,,13.0,
2017,7,00-0028986,C.Keenum,QB,MIN,BAL,20,31,188.0,0,1.0,0.0,-0.0,1,9.0,0,0,0,0.0,0,6.42,6.42,,,73.0,205.0,29.73861111111111,5.0,Houston,2012.0,2012.0,,,8.0,
2017,8,00-0028986,C.Keenum,QB,MIN,CLE,27,43,288.0,2,1.0,1.0,1.0,0,0.0,0,0,0,0.0,0,17.52,17.52,,,73.0,205.0,29.73861111111111,5.0,Houston,2012.0,2012.0,,,,
2017,10,00-0028986,C.Keenum,QB,MIN,WAS,21,29,304.0,4,2.0,0.0,-0.0,3,-1.0,0,0,0,0.0,0,24.06,24.06,,,73.0,205.0,29.73861111111111,5.0,Houston,2012.0,2012.0,,,,
2017,11,00-0028986,C.Keenum,QB,MIN,LA,27,38,280.0,1,0.0,0.0,-0.0,3,20.0,0,0,0,0.0,0,17.2,17.2,,,73.0,205.0,29.73861111111111,5.0,Houston,2012.0,2012.0,,,17.0,
2017,12,00-0028986,C.Keenum,QB,MIN,DET,21,30,282.0,2,0.0,2.0,10.0,7,20.0,1,0,0,0.0,0,27.28,27.28,,,73.0,205.0,29.73861111111111,5.0,Houston,2012.0,2012.0,,,,
2017,13,00-0028986,C.Keenum,QB,MIN,ATL,25,30,227.0,2,0.0,2.0,20.0,4,-1.0,0,0,0,0.0,0,16.98,16.98,,,73.0,205.0,29.73861111111111,5.0,Houston,2012.0,2012.0,,,,
2017,14,00-0028986,C.Keenum,QB,MIN,CAR,27,44,280.0,2,2.0,6.0,24.0,5,40.0,0,0,0,0.0,0,19.2,19.2,,,73.0,205.0,29.73861111111111,5.0,Houston,2012.0,2012.0,,,,
2017,15,00-0028986,C.Keenum,QB,MIN,CIN,20,23,236.0,2,0.0,2.0,14.0,1,20.0,0,0,0,0.0,0,19.44,19.44,,,73.0,205.0,29.73861111111111,5.0,Houston,2012.0,2012.0,,,27.0,
2017,16,00-0028986,C.Keenum,QB,MIN,GB,14,25,139.0,1,0.0,3.0,15.0,4,-2.0,0,0,0,0.0,0,9.36,9.36,,,73.0,205.0,29.73861111111111,5.0,Houston,2012.0,2012.0,,,,
2017,17,00-0028986,C.Keenum,QB,MIN,CHI,21,29,189.0,1,0.0,2.0,9.0,3,0.0,0,0,0,0.0,0,11.56,11.56,,,73.0,205.0,29.73861111111111,5.0,Houston,2012.0,2012.0,,,13.0,
2017,19,00-0028986,C.Keenum,QB,MIN,NO,25,40,318.0,1,1.0,2.0,10.0,1,4.0,0,0,0,0.0,0,15.12,15.12,,,73.0,205.0,29.73861111111111,5.0,Houston,2012.0,2012.0,,,5.0,
2017,20,00-0028986,C.Keenum,QB,MIN,PHI,28,48,271.0,1,2.0,1.0,8.0,1,8.0,0,0,0,0.0,0,9.64,9.64,,,73.0,205.0,29.73861111111111,5.0,Houston,2012.0,2012.0,,,,
2017,3,00-0028987,P.Supernaw,TE,TEN,SEA,0,0,0.0,0,0.0,0.0,0.0,0,0.0,0,1,1,3.0,0,0.3,1.3,,,77.0,248.0,27.78527777777778,5.0,Ouachita Baptist,2012.0,2012.0,,,6.0,0.032258064
2017,5,00-0028987,P.Supernaw,TE,TEN,MIA,0,0,0.0,0,0.0,0.0,0.0,0,0.0,0,2,2,16.0,1,7.6,9.6,,,77.0,248.0,27.78527777777778,5.0,Ouachita Baptist,2012.0,2012.0,,,,0.06451613
2017,6,00-0028987,P.Supernaw,TE,TEN,IND,0,0,0.0,0,0.0,0.0,0.0,0,0.0,0,1,0,0.0,0,0.0,0.0,,,77.0,248.0,27.78527777777778,5.0,Ouachita Baptist,2012.0,2012.0,,,14.0,0.03125
2017,13,00-0028987,P.Supernaw,TE,TEN,HOU,0,0,0.0,0,0.0,0.0,0.0,0,0.0,0,1,1,20.0,0,2.0,3.0,,,77.0,248.0,27.78527777777778,5.0,Ouachita Baptist,2012.0,2012.0,,,11.0,0.04761905
2017,14,00-0028987,P.Supernaw,TE,TEN,ARI,0,0,0.0,0,0.0,0.0,0.0,0,0.0,0,1,0,0.0,0,0.0,0.0,,,77.0,248.0,27.78527777777778,5.0,Ouachita Baptist,2012.0,2012.0,,,,0.032258064
2017,1,00-0029000,C.Beasley,WR,DAL,NYG,0,0,0.0,0,0.0,0.0,0.0,0,0.0,0,5,3,32.0,0,3.2,6.2,,,68.0,180.0,28.5311875,5.0,Southern Methodist,2012.0,2012.0,,,16.0,0.13157895
2017,2,00-0029000,C.Beasley,WR,DAL,DEN,0,0,0.0,0,0.0,0.0,0.0,0,0.0,0,8,4,33.0,0,3.3,7.3,,,68.0,180.0,28.5311875,5.0,Southern Methodist,2012.0,2012.0,,,,0.1632653
2017,3,00-0029000,C.Beasley,WR,DAL,ARI,0,0,0.0,0,0.0,0.0,0.0,0,0.0,0,1,1,4.0,0,0.4,1.4,,,68.0,180.0,28.5311875,5.0,Southern Methodist,2012.0,2012.0,,,,0.055555556
2017,4,00-0029000,C.Beasley,WR,DAL,LA,0,0,0.0,0,0.0,0.0,0.0,0,0.0,0,6,3,17.0,0,1.7,4.7,,,68.0,180.0,28.5311875,5.0,Southern Methodist,2012.0,2012.0,,,-5.0,0.17142858
2017,5,00-0029000,C.Beasley,WR,DAL,GB,0,0,0.0,0,0.0,0.0,0.0,0,0.0,0,6,4,23.0,2,14.3,18.3,,,68.0,180.0,28.5311875,5.0,Southern Methodist,2012.0,2012.0,,,-4.0,0.16666667
2017,7,00-0029000,C.Beasley,WR,DAL,SF,0,0,0.0,0,0.0,0.0,0.0,0,0.0,0,2,1,24.0,0,2.4,3.4,,,68.0,180.0,28.5311875,5.0,Southern Methodist,2012.0,2012.0,,,,0.074074075
2017,8,00-0029000,C.Beasley,WR,DAL,WAS,0,0,0.0,0,0.0,0.0,0.0,0,0.0,0,3,2,8.0,0,0.8,2.8,,,68.0,180.0,28.5311875,5.0,Southern Methodist,2012.0,2012.0,,,,0.13636364
2017,9,00-0029000,C.Beasley,WR,DAL,KC,0,0,0.0,0,0.0,0.0,0.0,0,0.0,0,6,4,24.0,2,14.4,18.4,,,68.0,180.0,28.5311875,5.0,Southern Methodist,2012.0,2012.0,,,11.0,0.19354838
2017,10,00-0029000,C.Beasley,WR,DAL,ATL,0,0,0.0,0,0.0,0.0,0.0,0,0.0,0,3,2,23.0,0,2.3,4.3,,,68.0,180.0,28.5311875,5.0,Southern Methodist,2012.0,2012.0,,,,0.1
2017,11,00-0029000,C.Beasley,WR,DAL,PHI,0,0,0.0,0,0.0,0.0,0.0,0,0.0,0,4,2,7.0,0,0.7,2.7,,,68.0,180.0,28.5311875,5.0,Southern Methodist,2012.0,2012.0,,,-28.0,0.12903225
2017,12,00-0029000,C.Beasley,WR,DAL,LAC,0,0,0.0,0,0.0,0.0,0.0,0,0.0,0,3,2,19.0,0,1.9,3.9,,,68.0,180.0,28.5311875,5.0,Southern Methodist,2012.0,2012.0,,,-22.0,0.12
2017,13,00-0029000,C.Beasley,WR,DAL,WAS,0,0,0.0,0,0.0,0.0,0.0,0,0.0,0,3,2,14.0,0,1.4,3.4,,,68.0,180.0,28.5311875,5.0,Southern Methodist,2012.0,2012.0,,,24.0,0.13636364
2017,14,00-0029000,C.Beasley,WR,DAL,NYG,0,0,0.0,0,0.0,0.0,0.0,0,0.0,0,5,3,59.0,0,5.9,8.9,,,68.0,180.0,28.5311875,5.0,Southern Methodist,2012.0,2012.0,,,,0.16666667
2017,15,00-0029000,C.Beasley,WR,DAL,LV,0,0,0.0,0,0.0,0.0,0.0,0,0.0,0,5,1,15.0,0,1.5,2.5,,,68.0,180.0,28.5311875,5.0,Southern Methodist,2012.0,2012.0,,,,0.18518518
2017,16,00-0029000,C.Beasley,WR,DAL,SEA,0,0,0.0,0,0.0,0.0,0.0,0,0.0,0,3,2,12.0,0,1.2,3.2,,,68.0,180.0,28.5311875,5.0,Southern Methodist,2012.0,2012.0,,,-9.0,0.0882353
2017,10,00-0029004,L.Dunbar,RB,LA,HOU,0,0,0.0,0,0.0,0.0,0.0,5,31.0,0,1,0,0.0,0,3.1,3.1,,,68.0,187.0,27.788882352941176,5.0,North Texas,2012.0,2012.0,,,26.0,0.027777778
2017,17,00-0029004,L.Dunbar,RB,LA,SF,0,0,0.0,0,0.0,0.0,0.0,6,20.0,1,2,1,1.0,0,8.1,9.1,,,68.0,187.0,27.788882352941176,5.0,North Texas,2012.0,2012.0,,,-21.0,0.05882353
2017,7,00-0029033,G.Whalen,WR,BAL,MIN,0,0,0.0,0,0.0,0.0,0.0,0,0.0,0,6,4,23.0,0,2.3,6.3,,,71.0,190.0,27.6806875,5.0,Stanford,2012.0,2012.0,,,,0.15384616
2017,1,00-0029068,D.Coleman,FB,ATL,CHI,0,0,0.0,0,0.0,0.0,0.0,0,0.0,0,1,0,0.0,0,0.0,0.0,,,72.0,233.0,27.074055555555553,5.0,UCLA,2012.0,2012.0,,,,0.033333335
2017,4,00-0029068,D.Coleman,FB,ATL,BUF,0,0,0.0,0,0.0,0.0,0.0,0,0.0,0,2,1,11.0,0,1.1,2.1,,,72.0,233.0,27.074055555555553,5.0,UCLA,2012.0,2012.0,,,-6.0,0.04761905
2017,9,00-0029068,D.Coleman,FB,ATL,CAR,0,0,0.0,0,0.0,0.0,0.0,0,0.0,0,1,1,9.0,0,0.9,1.9,,,72.0,233.0,27.074055555555553,5.0,UCLA,2012.0,2012.0,,,,0.027027028
2017,10,00-0029068,D.Coleman,FB,ATL,DAL,0,0,0.0,0,0.0,0.0,0.0,2,8.0,0,0,0,0.0,0,0.8,0.8,,,72.0,233.0,27.074055555555553,5.0,UCLA,2012.0,2012.0,,,20.0,
2017,12,00-0029068,D.Coleman,FB,ATL,TB,0,0,0.0,0,0.0,0.0,0.0,0,0.0,0,1,0,0.0,0,0.0,0.0,,,72.0,233.0,27.074055555555553,5.0,UCLA,2012.0,2012.0,,,14.0,0.029411765
2017,15,00-0029068,D.Coleman,FB,ATL,TB,0,0,0.0,0,0.0,0.0,0.0,0,0.0,0,1,0,0.0,0,0.0,0.0,,,72.0,233.0,27.074055555555553,5.0,UCLA,2012.0,2012.0,,,,0.033333335
2017,16,00-0029068,D.Coleman,FB,ATL,NO,0,0,0.0,0,0.0,0.0,0.0,0,0.0,0,1,0,0.0,0,0.0,0.0,,,72.0,233.0,27.074055555555553,5.0,UCLA,2012.0,2012.0,,,,0.028571429
2017,1,00-0029119,D.Carrier,TE,LA,IND,0,0,0.0,0,0.0,0.0,0.0,0,0.0,0,2,1,12.0,0,1.2,2.2,,,76.0,244.0,27.293294117647058,5.0,Beloit,2012.0,2012.0,,,37.0,0.06666667
2017,2,00-0029119,D.Carrier,TE,LA,WAS,0,0,0.0,0,0.0,0.0,0.0,0,0.0,0,1,1,9.0,0,0.9,1.9,,,76.0,244.0,27.293294117647058,5.0,Beloit,2012.0,2012.0,,,-7.0,0.04
2017,3,00-0029119,D.Carrier,TE,LA,SF,0,0,0.0,0,0.0,0.0,0.0,0,0.0,0,1,1,17.0,0,1.7,2.7,,,76.0,244.0,27.293294117647058,5.0,Beloit,2012.0,2012.0,,,,0.035714287
2017,7,00-0029119,D.Carrier,TE,LA,ARI,0,0,0.0,0,0.0,0.0,0.0,0,0.0,0,1,0,0.0,0,0.0,0.0,,,76.0,244.0,27.293294117647058,5.0,Beloit,2012.0,2012.0,,,33.0,0.027027028
2017,9,00-0029119,D.Carrier,TE,LA,NYG,0,0,0.0,0,0.0,0.0,0.0,0,0.0,0,1,1,5.0,0,0.5,1.5,,,76.0,244.0,27.293294117647058,5.0,Beloit,2012.0,2012.0,,,,0.045454547
2017,13,00-0029119,D.Carrier,TE,LA,ARI,0,0,0.0,0,0.0,0.0,0.0,0,0.0,0,1,1,14.0,0,1.4,2.4,,,76.0,244.0,27.293294117647058,5.0,Beloit,2012.0,2012.0,,,,0.032258064
2017,15,00-0029119,D.Carrier,TE,LA,SEA,0,0,0.0,0,0.0,0.0,0.0,0,0.0,0,2,1,4.0,0,0.4,1.4,,,76.0,244.0,27.293294117647058,5.0,Beloit,2012.0,2012.0,,,,0.08695652
2017,17,00-0029119,D.Carrier,TE,LA,SF,0,0,0.0,0,0.0,0.0,0.0,0,0.0,0,2,2,10.0,0,1.0,3.0,,,76.0,244.0,27.293294117647058,5.0,Beloit,2012.0,2012.0,,,-21.0,0.05882353
2017,4,00-0029123,M.King,P,LV,DEN,0,0,0.0,0,0.0,0.0,0.0,1,-3.0,0,0,0,0.0,0,-0.3,-0.3,,,72.0,192.0,29.02525,5.0,Fort Valley State,2012.0,2012.0,,,,
2017,13,00-0029123,M.King,P,LV,NYG,0,0,0.0,0,0.0,0.0,0.0,1,-11.0,0,0,0,0.0,0,-1.1,-1.1,,,72.0,192.0,29.02525,5.0,Fort Valley State,2012.0,2012.0,,,,
2017,1,00-0029137,A.Jeffery,WR,PHI,WAS,0,0,0.0,0,0.0,0.0,0.0,0,0.0,0,7,3,38.0,0,5.8,8.8,,,75.0,218.0,27.75636842105263,5.0,South Carolina,2012.0,2012.0,CHI,45.0,,0.18421052
2017,2,00-0029137,A.Jeffery,WR,PHI,KC,0,0,0.0,0,0.0,0.0,0.0,0,0.0,0,13,7,92.0,1,15.2,22.2,,,75.0,218.0,27.75636842105263,5.0,South Carolina,2012.0,2012.0,CHI,45.0,,0.2888889
2017,3,00-0029137,A.Jeffery,WR,PHI,NYG,0,0,0.0,0,0.0,0.0,0.0,0,0.0,0,8,4,56.0,0,5.6,9.6,,,75.0,218.0,27.75636842105263,5.0,South Carolina,2012.0,2012.0,CHI,45.0,3.0,0.2580645
2017,4,00-0029137,A.Jeffery,WR,PHI,LAC,0,0,0.0,0,0.0,0.0,0.0,0,0.0,0,6,3,29.0,1,8.9,11.9,,,75.0,218.0,27.75636842105263,5.0,South Carolina,2012.0,2012.0,CHI,45.0,,0.2
2017,5,00-0029137,A.Jeffery,WR,PHI,ARI,0,0,0.0,0,0.0,0.0,0.0,0,0.0,0,4,3,31.0,0,3.1,6.1,,,75.0,218.0,27.75636842105263,5.0,South Carolina,2012.0,2012.0,CHI,45.0,27.0,0.13333334
2017,6,00-0029137,A.Jeffery,WR,PHI,CAR,0,0,0.0,0,0.0,0.0,0.0,0,0.0,0,10,4,71.0,0,7.1,11.1,,,75.0,218.0,27.75636842105263,5.0,South Carolina,2012.0,2012.0,CHI,45.0,,0.33333334
2017,7,00-0029137,A.Jeffery,WR,PHI,WAS,0,0,0.0,0,0.0,0.0,0.0,0,0.0,0,6,2,37.0,0,3.7,5.7,,,75.0,218.0,27.75636842105263,5.0,South Carolina,2012.0,2012.0,CHI,45.0,10.0,0.24
2017,8,00-0029137,A.Jeffery,WR,PHI,SF,0,0,0.0,0,0.0,0.0,0.0,0,0.0,0,8,2,62.0,1,14.2,16.2,,,75.0,218.0,27.75636842105263,5.0,South Carolina,2012.0,2012.0,CHI,45.0,23.0,0.25
2017,9,00-0029137,A.Jeffery,WR,PHI,DEN,0,0,0.0,0,0.0,0.0,0.0,0,0.0,0,11,6,84.0,2,20.4,26.4,,,75.0,218.0,27.75636842105263,5.0,South Carolina,2012.0,2012.0,CHI,45.0,28.0,0.39285713
2017,11,00-0029137,A.Jeffery,WR,PHI,DAL,0,0,0.0,0,0.0,0.0,0.0,0,0.0,0,7,4,67.0,1,14.7,18.7,,,75.0,218.0,27.75636842105263,5.0,South Carolina,2012.0,2012.0,CHI,45.0,,0.26923078
2017,12,00-0029137,A.Jeffery,WR,PHI,CHI,0,0,0.0,0,0.0,0.0,0.0,0,0.0,0,9,5,52.0,1,11.2,16.2,,,75.0,218.0,27.75636842105263,5.0,South Carolina,2012.0,2012.0,CHI,45.0,28.0,0.23076923
2017,13,00-0029137,A.Jeffery,WR,PHI,SEA,0,0,0.0,0,0.0,0.0,0.0,0,0.0,0,6,4,61.0,0,6.1,10.1,,,75.0,218.0,27.75636842105263,5.0,South Carolina,2012.0,2012.0,CHI,45.0,,0.13333334
2017,14,00-0029137,A.Jeffery,WR,PHI,LA,0,0,0.0,0,0.0,0.0,0.0,0,0.0,0,11,5,52.0,1,11.2,16.2,,,75.0,218.0,27.75636842105263,5.0,South Carolina,2012.0,2012.0,CHI,45.0,,0.21568628
2017,15,00-0029137,A.Jeffery,WR,PHI,NYG,0,0,0.0,0,0.0,0.0,0.0,0,0.0,0,10,4,49.0,1,10.9,14.9,,,75.0,218.0,27.75636842105263,5.0,South Carolina,2012.0,2012.0,CHI,45.0,,0.27027026
2017,16,00-0029137,A.Jeffery,WR,PHI,LV,0,0,0.0,0,0.0,0.0,0.0,0,0.0,0,2,0,0.0,0,0.0,0.0,,,75.0,218.0,27.75636842105263,5.0,South Carolina,2012.0,2012.0,CHI,45.0,9.0,0.055555556
2017,17,00-0029137,A.Jeffery,WR,PHI,DAL,0,0,0.0,0,0.0,0.0,0.0,0,0.0,0,2,1,8.0,0,0.8,1.8,,,75.0,218.0,27.75636842105263,5.0,South Carolina,2012.0,2012.0,CHI,45.0,-6.0,0.060606062
2017,19,00-0029137,A.Jeffery,WR,PHI,ATL,0,0,0.0,0,0.0,0.0,0.0,0,0.0,0,5,4,61.0,0,6.1,10.1,,,75.0,218.0,27.75636842105263,5.0,South Carolina,2012.0,2012.0,CHI,45.0,5.0,0.16666667
2017,20,00-0029137,A.Jeffery,WR,PHI,MIN,0,0,0.0,0,0.0,0.0,0.0,0,0.0,0,5,5,85.0,2,20.5,25.5,,,75.0,218.0,27.75636842105263,5.0,South Carolina,2012.0,2012.0,CHI,45.0,31.0,0.15625
2017,21,00-0029137,A.Jeffery,WR,PHI,NE,0,0,0.0,0,0.0,0.0,0.0,0,0.0,0,8,3,73.0,1,13.3,16.3,,,75.0,218.0,27.75636842105263,5.0,South Carolina,2012.0,2012.0,CHI,45.0,,0.18181819
2017,1,00-0029141,A.Morris,RB,DAL,NYG,0,0,0.0,0,0.0,0.0,0.0,4,1.0,0,0,0,0.0,0,0.1,0.1,,,70.0,224.0,28.9006875,5.0,Florida Atlantic,2012.0,2012.0,WAS,173.0,16.0,
2017,4,00-0029141,A.Morris,RB,DAL,LA,0,0,0.0,0,0.0,0.0,0.0,2,76.0,0,0,0,0.0,0,7.6,7.6,,,70.0,224.0,28.9006875,5.0,Florida Atlantic,2012.0,2012.0,WAS,173.0,-5.0,
2017,5,00-0029141,A.Morris,RB,DAL,GB,0,0,0.0,0,0.0,0.0,0.0,2,10.0,0,1,0,0.0,0,1.0,1.0,,,70.0,224.0,28.9006875,5.0,Florida Atlantic,2012.0,2012.0,WAS,173.0,-4.0,0.027777778
2017,7,00-0029141,A.Morris,RB,DAL,SF,0,0,0.0,0,0.0,0.0,0.0,2,15.0,0,1,1,9.0,0,2.4,3.4,,,70.0,224.0,28.9006875,5.0,Florida Atlantic,2012.0,2012.0,WAS,173.0,,0.037037037
2017,8,00-0029141,A.Morris,RB,DAL,WAS,0,0,0.0,0,0.0,0.0,0.0,3,3.0,0,0,0,0.0,0,0.3,0.3,,,70.0,224.0,28.9006875,5.0,Florida Atlantic,2012.0,2012.0,WAS,173.0,,
2017,9,00-0029141,A.Morris,RB,DAL,KC,0,0,0.0,0,0.0,0.0,0.0,1,11.0,0,0,0,0.0,0,1.1,1.1,,,70.0,224.0,28.9006875,5.0,Florida Atlantic,2012.0,2012.0,WAS,173.0,11.0,
2017,10,00-0029141,A.Morris,RB,DAL,ATL,0,0,0.0,0,0.0,0.0,0.0,11,53.0,0,0,0,0.0,0,5.3,5.3,,,70.0,224.0,28.9006875,5.0,Florida Atlantic,2012.0,2012.0,WAS,173.0,,
2017,11,00-0029141,A.Morris,RB,DAL,PHI,0,0,0.0,0,0.0,0.0,0.0,17,91.0,0,0,0,0.0,0,9.1,9.1,,,70.0,224.0,28.9006875,5.0,Florida Atlantic,2012.0,2012.0,WAS,173.0,-28.0,
2017,12,00-0029141,A.Morris,RB,DAL,LAC,0,0,0.0,0,0.0,0.0,0.0,9,36.0,0,1,1,13.0,0,4.9,5.9,,,70.0,224.0,28.9006875,5.0,Florida Atlantic,2012.0,2012.0,WAS,173.0,-22.0,0.04
2017,13,00-0029141,A.Morris,RB,DAL,WAS,0,0,0.0,0,0.0,0.0,0.0,27,127.0,1,1,0,0.0,0,18.7,18.7,,,70.0,224.0,28.9006875,5.0,Florida Atlantic,2012.0,2012.0,WAS,173.0,24.0,0.045454547
2017,14,00-0029141,A.Morris,RB,DAL,NYG,0,0,0.0,0,0.0,0.0,0.0,19,62.0,0,3,3,23.0,0,8.5,11.5,,,70.0,224.0,28.9006875,5.0,Florida Atlantic,2012.0,2012.0,WAS,173.0,,0.1
2017,15,00-0029141,A.Morris,RB,DAL,LV,0,0,0.0,0,0.0,0.0,0.0,16,61.0,0,2,2,0.0,0,6.1,8.1,,,70.0,224.0,28.9006875,5.0,Florida Atlantic,2012.0,2012.0,WAS,173.0,,0.074074075
2017,17,00-0029141,A.Morris,RB,DAL,PHI,0,0,0.0,0,0.0,0.0,0.0,2,1.0,0,0,0,0.0,0,0.1,0.1,,,70.0,224.0,28.9006875,5.0,Florida Atlantic,2012.0,2012.0,WAS,173.0,,
2017,1,00-0029159,J.Kearse,WR,NYJ,BUF,0,0,0.0,0,0.0,0.0,0.0,0,0.0,0,9,7,59.0,0,5.9,12.9,,,73.0,209.0,27.7425,5.0,Washington,2012.0,2012.0,,,,0.23684211
2017,2,00-0029159,J.Kearse,WR,NYJ,LV,0,0,0.0,0,0.0,0.0,0.0,0,0.0,0,5,4,64.0,2,18.4,22.4,,,73.0,209.0,27.7425,5.0,Washington,2012.0,2012.0,,,,0.20833333
2017,3,00-0029159,J.Kearse,WR,NYJ,MIA,0,0,0.0,0,0.0,0.0,0.0,0,0.0,0,3,3,42.0,0,4.2,7.2,,,73.0,209.0,27.7425,5.0,Washington,2012.0,2012.0,,,14.0,0.13043478
2017,4,00-0029159,J.Kearse,WR,NYJ,JAX,0,0,0.0,0,0.0,0.0,0.0,0,0.0,0,7,4,17.0,0,1.7,5.7,,,73.0,209.0,27.7425,5.0,Washington,2012.0,2012.0,,,3.0,0.22580644
2017,5,00-0029159,J.Kearse,WR,NYJ,CLE,0,0,0.0,0,0.0,0.0,0.0,0,0.0,0,4,4,38.0,1,9.8,13.8,,,73.0,209.0,27.7425,5.0,Washington,2012.0,2012.0,,,,0.13333334
2017,6,00-0029159,J.Kearse,WR,NYJ,NE,0,0,0.0,0,0.0,0.0,0.0,0,0.0,0,4,4,79.0,0,7.9,11.9,,,73.0,209.0,27.7425,5.0,Washington,2012.0,2012.0,,,-7.0,0.08888889
2017,7,00-0029159,J.Kearse,WR,NYJ,MIA,0,0,0.0,0,0.0,0.0,0.0,0,0.0,0,4,1,29.0,1,8.9,9.9,,,73.0,209.0,27.7425,5.0,Washington,2012.0,2012.0,,,,0.15384616
2017,8,00-0029159,J.Kearse,WR,NYJ,ATL,0,0,0.0,0,0.0,0.0,0.0,0,0.0,0,5,2,14.0,0,1.4,3.4,,,73.0,209.0,27.7425,5.0,Washington,2012.0,2012.0,,,-5.0,0.15625
2017,9,00-0029159,J.Kearse,WR,NYJ,BUF,0,0,0.0,0,0.0,0.0,0.0,0,0.0,0,6,2,38.0,0,3.8,5.8,,,73.0,209.0,27.7425,5.0,Washington,2012.0,2012.0,,,13.0,0.3
2017,10,00-0029159,J.Kearse,WR,NYJ,TB,0,0,0.0,0,0.0,0.0,0.0,0,0.0,0,8,4,35.0,0,3.5,7.5,,,73.0,209.0,27.7425,5.0,Washington,2012.0,2012.0,,,,0.20512821
2017,12,00-0029159,J.Kearse,WR,NYJ,CAR,0,0,0.0,0,0.0,0.0,0.0,0,0.0,0,11,7,105.0,1,16.5,23.5,,,73.0,209.0,27.7425,5.0,Washington,2012.0,2012.0,,,-8.0,0.32352942
2017,13,00-0029159,J.Kearse,WR,NYJ,KC,0,0,0.0,0,0.0,0.0,0.0,0,0.0,0,10,9,157.0,0,15.7,24.7,,,73.0,209.0,27.7425,5.0,Washington,2012.0,2012.0,,,7.0,0.29411766
2017,14,00-0029159,J.Kearse,WR,NYJ,DEN,0,0,0.0,0,0.0,0.0,0.0,0,0.0,0,6,1,4.0,0,0.4,1.4,,,73.0,209.0,27.7425,5.0,Washington,2012.0,2012.0,,,,0.2857143
2017,15,00-0029159,J.Kearse,WR,NYJ,NO,0,0,0.0,0,0.0,0.0,0.0,0,0.0,0,5,3,28.0,0,2.8,5.8,,,73.0,209.0,27.7425,5.0,Washington,2012.0,2012.0,,,,0.14285715
2017,16,00-0029159,J.Kearse,WR,NYJ,LAC,0,0,0.0,0,0.0,0.0,0.0,0,0.0,0,8,5,42.0,0,4.2,9.2,,,73.0,209.0,27.7425,5.0,Washington,2012.0,2012.0,,,-7.0,0.2857143
2017,17,00-0029159,J.Kearse,WR,NYJ,NE,0,0,0.0,0,0.0,0.0,0.0,0,0.0,0,7,5,59.0,0,5.9,10.9,,,73.0,209.0,27.7425,5.0,Washington,2012.0,2012.0,,,,0.19444445
2017,6,00-0029205,T.Cadet,RB,NYJ,NE,0,0,0.0,0,0.0,0.0,0.0,1,3.0,0,3,3,26.0,0,2.9,5.9,,,73.0,210.0,28.76772222222222,5.0,Appalachian State,2012.0,2012.0,,,-7.0,0.06666667
2017,11,00-0029205,T.Cadet,RB,BUF,LAC,0,0,0.0,0,0.0,0.0,0.0,3,17.0,0,6,6,39.0,0,5.6,11.6,,,73.0,210.0,28.76772222222222,5.0,Appalachian State,2012.0,2012.0,,,,0.15384616
2017,12,00-0029205,T.Cadet,RB,BUF,KC,0,0,0.0,0,0.0,0.0,0.0,6,28.0,0,3,3,21.0,0,4.9,7.9,,,73.0,210.0,28.76772222222222,5.0,Appalachian State,2012.0,2012.0,,,,0.10344828
2017,13,00-0029205,T.Cadet,RB,BUF,NE,0,0,0.0,0,0.0,0.0,0.0,4,22.0,0,5,3,19.0,0,4.1,7.1,,,73.0,210.0,28.76772222222222,5.0,Appalachian State,2012.0,2012.0,,,-20.0,0.14705883
2017,14,00-0029205,T.Cadet,RB,BUF,IND,0,0,0.0,0,0.0,0.0,0.0,4,2.0,0,0,0,0.0,0,0.2,0.2,,,73.0,210.0,28.76772222222222,5.0,Appalachian State,2012.0,2012.0,,,6.0,
2017,15,00-0029205,T.Cadet,RB,BUF,MIA,0,0,0.0,0,0.0,0.0,0.0,4,24.0,0,1,1,14.0,0,3.8,4.8,,,73.0,210.0,28.76772222222222,5.0,Appalachian State,2012.0,2012.0,,,8.0,0.035714287
2017,16,00-0029205,T.Cadet,RB,BUF,NE,0,0,0.0,0,0.0,0.0,0.0,1,0.0,0,1,0,0.0,0,0.0,0.0,,,73.0,210.0,28.76772222222222,5.0,Appalachian State,2012.0,2012.0,,,,0.02631579
2017,10,00-0029239,B.Bolden,RB,NE,DEN,0,0,0.0,0,0.0,0.0,0.0,2,1.0,0,0,0,0.0,0,0.1,0.1,,,71.0,220.0,27.80894736842105,5.0,Mississippi,2012.0,2012.0,,,,
2017,16,00-0029239,B.Bolden,RB,NE,BUF,0,0,0.0,0,0.0,0.0,0.0,2,20.0,0,0,0,0.0,0,2.0,2.0,,,71.0,220.0,27.80894736842105,5.0,Mississippi,2012.0,2012.0,,,21.0,
2017,17,00-0029239,B.Bolden,RB,NE,NYJ,0,0,0.0,0,0.0,0.0,0.0,9,46.0,0,4,1,7.0,0,5.3,6.3,,,71.0,220.0,27.80894736842105,5.0,Mississippi,2012.0,2012.0,,,20.0,0.102564104
2017,19,00-0029239,B.Bolden,RB,NE,TEN,0,0,0.0,0,0.0,0.0,0.0,4,27.0,1,0,0,0.0,0,8.7,8.7,,,71.0,220.0,27.80894736842105,5.0,Mississippi,2012.0,2012.0,,,21.0,
2017,1,00-0029263,R.Wilson,QB,SEA,GB,14,27,158.0,0,0.0,3.0,23.0,2,40.0,0,0,0,0.0,0,8.32,8.32,,,71.0,215.0,28.936875,5.0,Wisconsin,2012.0,2012.0,SEA,75.0,,
2017,2,00-0029263,R.Wilson,QB,SEA,SF,23,39,198.0,1,0.0,3.0,17.0,12,34.0,0,0,0,0.0,0,15.32,15.32,,,71.0,215.0,28.936875,5.0,Wisconsin,2012.0,2012.0,SEA,75.0,3.0,
2017,3,00-0029263,R.Wilson,QB,SEA,TEN,29,49,373.0,4,0.0,1.0,9.0,7,26.0,0,0,0,0.0,0,33.52,33.52,,,71.0,215.0,28.936875,5.0,Wisconsin,2012.0,2012.0,SEA,75.0,,
2017,4,00-0029263,R.Wilson,QB,SEA,IND,21,26,295.0,2,2.0,3.0,12.0,4,38.0,1,0,0,0.0,0,27.6,27.6,,,71.0,215.0,28.936875,5.0,Wisconsin,2012.0,2012.0,SEA,75.0,28.0,
2017,5,00-0029263,R.Wilson,QB,SEA,LA,24,37,198.0,1,1.0,3.0,19.0,5,16.0,0,0,0,0.0,0,11.52,11.52,,,71.0,215.0,28.936875,5.0,Wisconsin,2012.0,2012.0,SEA,75.0,,
2017,7,00-0029263,R.Wilson,QB,SEA,NYG,27,39,334.0,3,0.0,1.0,13.0,2,10.0,0,0,0,0.0,0,26.36,26.36,,,71.0,215.0,28.936875,5.0,Wisconsin,2012.0,2012.0,SEA,75.0,,
2017,8,00-0029263,R.Wilson,QB,SEA,HOU,26,41,452.0,4,1.0,2.0,6.0,4,30.0,0,0,0,0.0,0,35.08,35.08,,,71.0,215.0,28.936875,5.0,Wisconsin,2012.0,2012.0,SEA,75.0,3.0,
2017,9,00-0029263,R.Wilson,QB,SEA,WAS,24,45,297.0,2,2.0,2.0,8.0,10,77.0,0,0,0,0.0,0,23.58,23.58,,,71.0,215.0,28.936875,5.0,Wisconsin,2012.0,2012.0,SEA,75.0,-3.0,
2017,10,00-0029263,R.Wilson,QB,SEA,ARI,22,32,238.0,2,0.0,5.0,26.0,5,19.0,0,0,0,0.0,0,19.42,19.42,,,71.0,215.0,28.936875,5.0,Wisconsin,2012.0,2012.0,SEA,75.0,,
2017,11,00-0029263,R.Wilson,QB,SEA,ATL,26,42,258.0,2,1.0,3.0,30.0,7,86.0,1,0,0,0.0,0,30.92,30.92,,,71.0,215.0,28.936875,5.0,Wisconsin,2012.0,2012.0,SEA,75.0,-3.0,
2017,12,00-0029263,R.Wilson,QB,SEA,SF,20,34,228.0,2,1.0,0.0,-0.0,7,25.0,1,0,0,0.0,0,23.62,23.62,,,71.0,215.0,28.936875,5.0,Wisconsin,2012.0,2012.0,SEA,75.0,,
2017,13,00-0029263,R.Wilson,QB,SEA,PHI,20,31,227.0,3,0.0,2.0,18.0,6,31.0,0,0,0,0.0,0,24.18,24.18,,,71.0,215.0,28.936875,5.0,Wisconsin,2012.0,2012.0,SEA,75.0,14.0,
2017,14,00-0029263,R.Wilson,QB,SEA,JAX,17,31,271.0,3,3.0,2.0,11.0,5,50.0,0,0,0,0.0,0,21.84,21.84,,,71.0,215.0,28.936875,5.0,Wisconsin,2012.0,2012.0,SEA,75.0,,
2017,15,00-0029263,R.Wilson,QB,SEA,LA,14,30,142.0,1,0.0,7.0,71.0,5,39.0,0,0,0,0.0,0,11.58,11.58,,,71.0,215.0,28.936875,5.0,Wisconsin,2012.0,2012.0,SEA,75.0,-35.0,
2017,16,00-0029263,R.Wilson,QB,SEA,DAL,14,21,93.0,2,0.0,3.0,33.0,9,29.0,0,0,0,0.0,0,14.62,14.62,,,71.0,215.0,28.936875,5.0,Wisconsin,2012.0,2012.0,SEA,75.0,,
2017,17,00-0029263,R.Wilson,QB,SEA,ARI,18,29,221.0,2,0.0,3.0,26.0,5,36.0,0,0,0,0.0,0,20.44,20.44,,,71.0,215.0,28.936875,5.0,Wisconsin,2012.0,2012.0,SEA,75.0,-2.0,
2017,1,00-0029269,T.Benjamin,WR,LAC,DEN,0,0,0.0,0,0.0,0.0,0.0,0,0.0,0,4,3,43.0,1,10.3,13.3,,,70.0,175.0,27.8515,5.0,Miami,2012.0,2012.0,CLE,100.0,,0.121212125
2017,2,00-0029269,T.Benjamin,WR,LAC,MIA,0,0,0.0,0,0.0,0.0,0.0,0,0.0,0,3,1,11.0,0,1.1,2.1,,,70.0,175.0,27.8515,5.0,Miami,2012.0,2012.0,CLE,100.0,-2.0,0.07692308
2017,3,00-0029269,T.Benjamin,WR,LAC,KC,0,0,0.0,0,0.0,0.0,0.0,1,9.0,0,8,5,105.0,0,11.4,16.4,,,70.0,175.0,27.8515,5.0,Miami,2012.0,2012.0,CLE,100.0,-14.0,0.20512821
2017,4,00-0029269,T.Benjamin,WR,LAC,PHI,0,0,0.0,0,0.0,0.0,0.0,0,0.0,0,5,2,21.0,0,2.1,4.1,,,70.0,175.0,27.8515,5.0,Miami,2012.0,2012.0,CLE,100.0,-2.0,0.13513513
2017,5,00-0029269,T.Benjamin,WR,LAC,NYG,0,0,0.0,0,0.0,0.0,0.0,1,14.0,0,3,2,18.0,0,3.2,5.2,,,70.0,175.0,27.8515,5.0,Miami,2012.0,2012.0,CLE,100.0,,0.071428575
2017,6,00-0029269,T.Benjamin,WR,LAC,LV,0,0,0.0,0,0.0,0.0,0.0,0,0.0,0,1,0,0.0,0,0.0,0.0,,,70.0,175.0,27.8515,5.0,Miami,2012.0,2012.0,CLE,100.0,,0.027777778
2017,7,00-0029269,T.Benjamin,WR,LAC,DEN,0,0,0.0,0,0.0,0.0,0.0,1,4.0,0,1,1,42.0,1,16.6,17.6,,,70.0,175.0,27.8515,5.0,Miami,2012.0,2012.0,CLE,100.0,21.0,0.04
2017,8,00-0029269,T.Benjamin,WR,LAC,NE,0,0,0.0,0,0.0,0.0,0.0,2,14.0,0,9,5,64.0,1,13.8,18.8,,,70.0,175.0,27.8515,5.0,Miami,2012.0,2012.0,CLE,100.0,,0.31034482
2017,10,00-0029269,T.Benjamin,WR,LAC,JAX,0,0,0.0,0,0.0,0.0,0.0,1,13.0,0,3,0,0.0,0,1.3,1.3,,,70.0,175.0,27.8515,5.0,Miami,2012.0,2012.0,CLE,100.0,,0.083333336
2017,11,00-0029269,T.Benjamin,WR,LAC,BUF,0,0,0.0,0,0.0,0.0,0.0,1,7.0,0,1,1,21.0,0,2.8,3.8,,,70.0,175.0,27.8515,5.0,Miami,2012.0,2012.0,CLE,100.0,30.0,0.027777778
2017,12,00-0029269,T.Benjamin,WR,LAC,DAL,0,0,0.0,0,0.0,0.0,0.0,1,6.0,0,3,3,50.0,0,5.6,8.6,,,70.0,175.0,27.8515,5.0,Miami,2012.0,2012.0,CLE,100.0,,0.09090909
2017,13,00-0029269,T.Benjamin,WR,LAC,CLE,0,0,0.0,0,0.0,0.0,0.0,0,0.0,0,6,4,68.0,0,6.8,10.8,,,70.0,175.0,27.8515,5.0,Miami,2012.0,2012.0,CLE,100.0,9.0,0.13953489
2017,14,00-0029269,T.Benjamin,WR,LAC,WAS,0,0,0.0,0,0.0,0.0,0.0,1,22.0,0,4,2,21.0,0,4.3,6.3,,,70.0,175.0,27.8515,5.0,Miami,2012.0,2012.0,CLE,100.0,17.0,0.11764706
2017,15,00-0029269,T.Benjamin,WR,LAC,KC,0,0,0.0,0,0.0,0.0,0.0,1,7.0,0,4,1,7.0,0,1.4,2.4,,,70.0,175.0,27.8515,5.0,Miami,2012.0,2012.0,CLE,100.0,,0.11111111
2017,16,00-0029269,T.Benjamin,WR,LAC,NYJ,0,0,0.0,0,0.0,0.0,0.0,1,-4.0,0,5,0,0.0,0,-0.4,-0.4,,,70.0,175.0,27.8515,5.0,Miami,2012.0,2012.0,CLE,100.0,,0.12820514
2017,17,00-0029269,T.Benjamin,WR,LAC,LV,0,0,0.0,0,0.0,0.0,0.0,2,4.0,0,5,4,96.0,1,16.0,20.0,,,70.0,175.0,27.8515,5.0,Miami,2012.0,2012.0,CLE,100.0,20.0,0.1388889
2017,1,00-0029273,R.Turbin,RB,IND,LA,0,0,0.0,0,0.0,0.0,0.0,2,7.0,0,1,1,-4.0,0,0.3,1.3,,,70.0,216.0,27.923125,5.0,Utah State,2012.0,2012.0,SEA,106.0,,0.04761905
2017,2,00-0029273,R.Turbin,RB,IND,ARI,0,0,0.0,0,0.0,0.0,0.0,3,11.0,0,1,1,8.0,0,1.9,2.9,,,70.0,216.0,27.923125,5.0,Utah State,2012.0,2012.0,SEA,106.0,-3.0,0.027777778
2017,3,00-0029273,R.Turbin,RB,IND,CLE,0,0,0.0,0,0.0,0.0,0.0,5,18.0,0,2,1,2.0,0,2.0,3.0,,,70.0,216.0,27.923125,5.0,Utah State,2012.0,2012.0,SEA,106.0,3.0,0.083333336
2017,4,00-0029273,R.Turbin,RB,IND,SEA,0,0,0.0,0,0.0,0.0,0.0,6,8.0,1,0,0,0.0,0,6.8,6.8,,,70.0,216.0,27.923125,5.0,Utah State,2012.0,2012.0,SEA,106.0,,
2017,5,00-0029273,R.Turbin,RB,IND,SF,0,0,0.0,0,0.0,0.0,0.0,4,6.0,0,2,2,13.0,0,1.9,3.9,,,70.0,216.0,27.923125,5.0,Utah State,2012.0,2012.0,SEA,106.0,3.0,0.060606062
2017,6,00-0029273,R.Turbin,RB,IND,TEN,0,0,0.0,0,0.0,0.0,0.0,3,3.0,0,5,4,37.0,0,4.0,8.0,,,70.0,216.0,27.923125,5.0,Utah State,2012.0,2012.0,SEA,106.0,,0.1388889
2017,1,00-0029293,M.Jones,WR,DET,ARI,0,0,0.0,0,0.0,0.0,0.0,0,0.0,0,2,2,37.0,1,9.7,11.7,,,74.0,198.0,27.654375,5.0,California,2012.0,2012.0,CIN,166.0,12.0,0.051282052
2017,2,00-0029293,M.Jones,WR,DET,NYG,0,0,0.0,0,0.0,0.0,0.0,0,0.0,0,5,1,27.0,1,8.7,9.7,,,74.0,198.0,27.654375,5.0,California,2012.0,2012.0,CIN,166.0,,0.23809524
2017,3,00-0029293,M.Jones,WR,DET,ATL,0,0,0.0,0,0.0,0.0,0.0,0,0.0,0,6,3,24.0,0,2.4,5.4,,,74.0,198.0,27.654375,5.0,California,2012.0,2012.0,CIN,166.0,-4.0,0.13333334
2017,4,00-0029293,M.Jones,WR,DET,MIN,0,0,0.0,0,0.0,0.0,0.0,0,0.0,0,5,2,42.0,0,4.2,6.2,,,74.0,198.0,27.654375,5.0,California,2012.0,2012.0,CIN,166.0,,0.16129032
2017,5,00-0029293,M.Jones,WR,DET,CAR,0,0,0.0,0,0.0,0.0,0.0,0,0.0,0,8,6,54.0,0,5.4,11.4,,,74.0,198.0,27.654375,5.0,California,2012.0,2012.0,CIN,166.0,-3.0,0.22857143
2017,6,00-0029293,M.Jones,WR,DET,NO,0,0,0.0,0,0.0,0.0,0.0,0,0.0,0,14,6,96.0,1,15.6,21.6,,,74.0,198.0,27.654375,5.0,California,2012.0,2012.0,CIN,166.0,,0.27450982
2017,8,00-0029293,M.Jones,WR,DET,PIT,0,0,0.0,0,0.0,0.0,0.0,0,0.0,0,11,6,128.0,0,12.8,18.8,,,74.0,198.0,27.654375,5.0,California,2012.0,2012.0,CIN,166.0,-5.0,0.24444444
2017,9,00-0029293,M.Jones,WR,DET,GB,0,0,0.0,0,0.0,0.0,0.0,0,0.0,0,11,7,107.0,2,22.7,29.7,,,74.0,198.0,27.654375,5.0,California,2012.0,2012.0,CIN,166.0,,0.33333334
2017,10,00-0029293,M.Jones,WR,DET,CLE,0,0,0.0,0,0.0,0.0,0.0,0,0.0,0,2,1,22.0,0,2.2,3.2,,,74.0,198.0,27.654375,5.0,California,2012.0,2012.0,CIN,166.0,14.0,0.08
2017,11,00-0029293,M.Jones,WR,DET,CHI,0,0,0.0,0,0.0,0.0,0.0,0,0.0,0,7,4,85.0,1,14.5,18.5,,,74.0,198.0,27.654375,5.0,California,2012.0,2012.0,CIN,166.0,,0.22580644
2017,12,00-0029293,M.Jones,WR,DET,MIN,0,0,0.0,0,0.0,0.0,0.0,0,0.0,0,9,6,109.0,2,22.9,28.9,,,74.0,198.0,27.654375,5.0,California,2012.0,2012.0,CIN,166.0,-7.0,0.25714287
2017,13,00-0029293,M.Jones,WR,DET,BAL,0,0,0.0,0,0.0,0.0,0.0,0,0.0,0,8,4,90.0,0,9.0,13.0,,,74.0,198.0,27.654375,5.0,California,2012.0,2012.0,CIN,166.0,,0.23529412
2017,14,00-0029293,M.Jones,WR,DET,TB,0,0,0.0,0,0.0,0.0,0.0,0,0.0,0,4,3,64.0,0,6.4,9.4,,,74.0,198.0,27.654375,5.0,California,2012.0,2012.0,CIN,166.0,,0.09090909
2017,15,00-0029293,M.Jones,WR,DET,CHI,0,0,0.0,0,0.0,0.0,0.0,0,0.0,0,5,3,85.0,0,8.5,11.5,,,74.0,198.0,27.654375,5.0,California,2012.0,2012.0,CIN,166.0,10.0,0.15151516
2017,16,00-0029293,M.Jones,WR,DET,CIN,0,0,0.0,0,0.0,0.0,0.0,0,0.0,0,5,3,50.0,0,5.0,8.0,,,74.0,198.0,27.654375,5.0,California,2012.0,2012.0,CIN,166.0,,0.14705883
2017,17,00-0029293,M.Jones,WR,DET,GB,0,0,0.0,0,0.0,0.0,0.0,0,0.0,0,5,4,81.0,1,14.1,18.1,,,74.0,198.0,27.654375,5.0,California,2012.0,2012.0,CIN,166.0,24.0,0.1724138
2017,13,00-0029304,B.Nortman,P,JAX,IND,1,1,29.0,0,0.0,0.0,-0.0,0,0.0,0,0,0,0.0,0,1.16,1.16,,,74.0,214.0,28.179157894736843,5.0,Wisconsin,2012.0,2012.0,CAR,207.0,20.0,
2017,1,00-0029319,J.Bellamy,WR,CHI,ATL,0,0,0.0,0,0.0,0.0,0.0,0,0.0,0,4,3,27.0,0,2.7,5.7,,,72.0,208.0,28.467625,5.0,Louisville,2012.0,2012.0,,,-6.0,0.1
2017,2,00-0029319,J.Bellamy,WR,CHI,TB,0,0,0.0,0,0.0,0.0,0.0,0,0.0,0,7,4,51.0,0,5.1,9.1,,,72.0,208.0,28.467625,5.0,Louisville,2012.0,2012.0,,,,0.15555556
2017,4,00-0029319,J.Bellamy,WR,CHI,GB,0,0,0.0,0,0.0,0.0,0.0,0,0.0,0,6,3,36.0,0,3.6,6.6,,,72.0,208.0,28.467625,5.0,Louisville,2012.0,2012.0,,,,0.18181819
2017,10,00-0029319,J.Bellamy,WR,CHI,GB,0,0,0.0,0,0.0,0.0,0.0,0,0.0,0,7,2,57.0,1,11.7,13.7,,,72.0,208.0,28.467625,5.0,Louisville,2012.0,2012.0,,,-7.0,0.2
2017,13,00-0029319,J.Bellamy,WR,CHI,SF,0,0,0.0,0,0.0,0.0,0.0,0,0.0,0,2,1,4.0,0,0.4,1.4,,,72.0,208.0,28.467625,5.0,Louisville,2012.0,2012.0,,,-1.0,0.13333334
2017,14,00-0029319,J.Bellamy,WR,CHI,CIN,0,0,0.0,0,0.0,0.0,0.0,0,0.0,0,4,2,52.0,0,5.2,7.2,,,72.0,208.0,28.467625,5.0,Louisville,2012.0,2012.0,,,,0.12903225
2017,15,00-0029319,J.Bellamy,WR,CHI,DET,0,0,0.0,0,0.0,0.0,0.0,0,0.0,0,7,5,70.0,0,7.0,12.0,,,72.0,208.0,28.467625,5.0,Louisville,2012.0,2012.0,,,,0.1521739
2017,16,00-0029319,J.Bellamy,WR,CHI,CLE,0,0,0.0,0,0.0,0.0,0.0,0,0.0,0,4,3,49.0,0,4.9,7.9,,,72.0,208.0,28.467625,5.0,Louisville,2012.0,2012.0,,,17.0,0.17391305
2017,17,00-0029319,J.Bellamy,WR,CHI,MIN,0,0,0.0,0,0.0,0.0,0.0,1,6.0,0,5,1,30.0,0,3.6,4.6,,,72.0,208.0,28.467625,5.0,Louisville,2012.0,2012.0,,,,0.1388889
2017,2,00-0029336,B.Golden,WR,ARI,IND,0,0,0.0,0,0.0,0.0,0.0,0,0.0,0,2,1,29.0,0,2.9,3.9,,,71.0,186.0,29.295875,5.0,West Texas A&M,2012.0,2012.0,,,,0.055555556
2017,3,00-0029336,B.Golden,WR,ARI,DAL,0,0,0.0,0,0.0,0.0,0.0,0,0.0,0,3,1,21.0,0,2.1,3.1,,,71.0,186.0,29.295875,5.0,West Texas A&M,2012.0,2012.0,,,-11.0,0.0625
2017,7,00-0029336,B.Golden,WR,ARI,LA,0,0,0.0,0,0.0,0.0,0.0,0,0.0,0,3,3,20.0,0,2.0,5.0,,,71.0,186.0,29.295875,5.0,West Texas A&M,2012.0,2012.0,,,,0.09375
2017,11,00-0029336,B.Golden,WR,ARI,HOU,0,0,0.0,0,0.0,0.0,0.0,0,0.0,0,1,0,0.0,0,0.0,0.0,,,71.0,186.0,29.295875,5.0,West Texas A&M,2012.0,2012.0,,,,0.029411765
2017,6,00-0029384,B.Rainey,RB,BAL,CHI,0,0,0.0,0,0.0,0.0,0.0,0,0.0,0,2,2,11.0,0,7.1,9.1,,,68.0,212.0,30.054375,5.0,Western Kentucky,2012.0,2012.0,,,-3.0,0.048780486
2017,7,00-0029384,B.Rainey,RB,BAL,MIN,0,0,0.0,0,0.0,0.0,0.0,0,0.0,0,2,2,8.0,0,0.8,2.8,,,68.0,212.0,30.054375,5.0,Western Kentucky,2012.0,2012.0,,,,0.051282052
2017,9,00-0029384,B.Rainey,RB,BAL,TEN,0,0,0.0,0,0.0,0.0,0.0,1,2.0,0,3,1,-1.0,0,0.1,1.1,,,68.0,212.0,30.054375,5.0,Western Kentucky,2012.0,2012.0,,,,0.057692308
2017,1,00-0029388,D.Thompson,WR,CHI,ATL,0,0,0.0,0,0.0,0.0,0.0,0,0.0,0,2,1,15.0,0,1.5,2.5,,,72.0,204.0,28.73161111111111,5.0,Florida,2012.0,2012.0,,,-6.0,0.05
2017,2,00-0029388,D.Thompson,WR,CHI,TB,0,0,0.0,0,0.0,0.0,0.0,0,0.0,0,5,4,57.0,1,11.7,15.7,,,72.0,204.0,28.73161111111111,5.0,Florida,2012.0,2012.0,,,,0.11111111
2017,3,00-0029388,D.Thompson,WR,CHI,PIT,0,0,0.0,0,0.0,0.0,0.0,0,0.0,0,2,1,9.0,0,0.9,1.9,,,72.0,204.0,28.73161111111111,5.0,Florida,2012.0,2012.0,,,6.0,0.0952381
2017,4,00-0029388,D.Thompson,WR,CHI,GB,0,0,0.0,0,0.0,0.0,0.0,0,0.0,0,9,5,44.0,0,4.4,9.4,,,72.0,204.0,28.73161111111111,5.0,Florida,2012.0,2012.0,,,,0.27272728
2017,7,00-0029388,D.Thompson,WR,BUF,TB,0,0,0.0,0,0.0,0.0,0.0,1,0.0,0,4,4,107.0,0,10.7,14.7,,,72.0,204.0,28.73161111111111,5.0,Florida,2012.0,2012.0,,,3.0,0.125
2017,8,00-0029388,D.Thompson,WR,BUF,LV,0,0,0.0,0,0.0,0.0,0.0,0,0.0,0,1,1,5.0,0,0.5,1.5,,,72.0,204.0,28.73161111111111,5.0,Florida,2012.0,2012.0,,,20.0,0.037037037
2017,9,00-0029388,D.Thompson,WR,BUF,NYJ,0,0,0.0,0,0.0,0.0,0.0,0,0.0,0,10,7,81.0,1,14.1,21.1,,,72.0,204.0,28.73161111111111,5.0,Florida,2012.0,2012.0,,,,0.25
2017,10,00-0029388,D.Thompson,WR,BUF,NO,0,0,0.0,0,0.0,0.0,0.0,1,-5.0,0,4,1,10.0,0,0.5,1.5,,,72.0,204.0,28.73161111111111,5.0,Florida,2012.0,2012.0,,,-37.0,0.14814815
2017,11,00-0029388,D.Thompson,WR,BUF,LAC,0,0,0.0,0,0.0,0.0,0.0,0,0.0,0,8,3,36.0,0,3.6,6.6,,,72.0,204.0,28.73161111111111,5.0,Florida,2012.0,2012.0,,,,0.20512821
2017,12,00-0029388,D.Thompson,WR,BUF,KC,0,0,0.0,0,0.0,0.0,0.0,0,0.0,0,3,1,6.0,0,0.6,1.6,,,72.0,204.0,28.73161111111111,5.0,Florida,2012.0,2012.0,,,,0.10344828
2017,13,00-0029388,D.Thompson,WR,BUF,NE,0,0,0.0,0,0.0,0.0,0.0,0,0.0,0,8,2,21.0,0,2.1,4.1,,,72.0,204.0,28.73161111111111,5.0,Florida,2012.0,2012.0,,,-20.0,0.23529412
2017,14,00-0029388,D.Thompson,WR,BUF,IND,0,0,0.0,0,0.0,0.0,0.0,0,0.0,0,1,1,34.0,0,3.4,4.4,,,72.0,204.0,28.73161111111111,5.0,Florida,2012.0,2012.0,,,6.0,0.071428575
2017,15,00-0029388,D.Thompson,WR,BUF,MIA,0,0,0.0,0,0.0,0.0,0.0,0,0.0,0,4,1,16.0,0,1.6,2.6,,,72.0,204.0,28.73161111111111,5.0,Florida,2012.0,2012.0,,,8.0,0.14285715
2017,16,00-0029388,D.Thompson,WR,BUF,NE,0,0,0.0,0,0.0,0.0,0.0,0,0.0,0,5,4,91.0,0,9.1,13.1,,,72.0,204.0,28.73161111111111,5.0,Florida,2012.0,2012.0,,,,0.13157895
2017,17,00-0029388,D.Thompson,WR,BUF,MIA,0,0,0.0,0,0.0,0.0,0.0,0,0.0,0,3,2,23.0,0,2.3,4.3,,,72.0,204.0,28.73161111111111,5.0,Florida,2012.0,2012.0,,,,0.11111111
2017,18,00-0029388,D.Thompson,WR,BUF,JAX,0,0,0.0,0,0.0,0.0,0.0,1,9.0,0,6,2,23.0,0,3.2,5.2,,,72.0,204.0,28.73161111111111,5.0,Florida,2012.0,2012.0,,,,0.17142858
2017,2,00-0029391,S.McGrath,TE,LAC,MIA,0,0,0.0,0,0.0,0.0,0.0,0,0.0,0,1,1,10.0,0,1.0,2.0,,,77.0,259.0,29.92425,5.0,Henderson State,2012.0,2012.0,,,-2.0,0.025641026
2017,11,00-0029391,S.McGrath,TE,LAC,BUF,0,0,0.0,0,0.0,0.0,0.0,0,0.0,0,1,1,10.0,0,1.0,2.0,,,77.0,259.0,29.92425,5.0,Henderson State,2012.0,2012.0,,,30.0,0.027777778
2017,16,00-0029391,S.McGrath,TE,LAC,NYJ,0,0,0.0,0,0.0,0.0,0.0,0,0.0,0,2,2,26.0,0,2.6,4.6,,,77.0,259.0,29.92425,5.0,Henderson State,2012.0,2012.0,,,,0.051282052
2017,10,00-0029394,B.Bersin,WR,CAR,MIA,0,0,0.0,0,0.0,0.0,0.0,0,0.0,0,2,1,12.0,0,1.2,2.2,,,75.0,210.0,27.501,5.0,Wofford,2012.0,2012.0,,,24.0,0.057142857
2017,12,00-0029394,B.Bersin,WR,CAR,NYJ,0,0,0.0,0,0.0,0.0,0.0,0,0.0,0,1,0,0.0,0,0.0,0.0,,,75.0,210.0,27.501,5.0,Wofford,2012.0,2012.0,,,,0.035714287
2017,13,00-0029394,B.Bersin,WR,CAR,NO,0,0,0.0,0,0.0,0.0,0.0,0,0.0,0,2,1,18.0,0,1.8,2.8,,,75.0,210.0,27.501,5.0,Wofford,2012.0,2012.0,,,,0.071428575
2017,14,00-0029394,B.Bersin,WR,CAR,MIN,0,0,0.0,0,0.0,0.0,0.0,0,0.0,0,1,1,17.0,0,1.7,2.7,,,75.0,210.0,27.501,5.0,Wofford,2012.0,2012.0,,,7.0,0.04347826
2017,16,00-0029394,B.Bersin,WR,CAR,TB,0,0,0.0,0,0.0,0.0,0.0,0,0.0,0,4,3,45.0,0,4.5,7.5,,,75.0,210.0,27.501,5.0,Wofford,2012.0,2012.0,,,3.0,0.15384616
2017,17,00-0029394,B.Bersin,WR,CAR,ATL,0,0,0.0,0,0.0,0.0,0.0,0,0.0,0,4,2,36.0,0,3.6,5.6,,,75.0,210.0,27.501,5.0,Wofford,2012.0,2012.0,,,,0.121212125
2017,18,00-0029394,B.Bersin,WR,CAR,NO,0,0,0.0,0,0.0,0.0,0.0,0,0.0,0,2,2,27.0,0,2.7,4.7,,,75.0,210.0,27.501,5.0,Wofford,2012.0,2012.0,,,,0.05263158
2017,15,00-0029414,O.Charles,TE,KC,LAC,0,0,0.0,0,0.0,0.0,0.0,0,0.0,0,1,1,18.0,0,1.8,2.8,,,75.0,247.0,26.781470588235294,5.0,Georgia,2012.0,2012.0,CIN,116.0,17.0,0.033333335
2017,16,00-0029414,O.Charles,TE,KC,MIA,0,0,0.0,0,0.0,0.0,0.0,0,0.0,0,1,1,35.0,0,3.5,4.5,,,75.0,247.0,26.781470588235294,5.0,Georgia,2012.0,2012.0,CIN,116.0,16.0,0.025641026
2017,18,00-0029414,O.Charles,TE,KC,TEN,0,0,0.0,0,0.0,0.0,0.0,0,0.0,0,1,0,0.0,0,0.0,0.0,,,75.0,247.0,26.781470588235294,5.0,Georgia,2012.0,2012.0,CIN,116.0,-1.0,0.03125
2017,4,00-0029492,J.Olawale,FB,LV,DEN,0,0,0.0,0,0.0,0.0,0.0,1,2.0,0,2,2,13.0,0,1.5,3.5,,,73.0,240.0,28.5515625,5.0,North Texas,2012.0,2012.0,,,,0.057142857
2017,5,00-0029492,J.Olawale,FB,LV,BAL,0,0,0.0,0,0.0,0.0,0.0,2,13.0,0,0,0,0.0,0,1.3,1.3,,,73.0,240.0,28.5515625,5.0,North Texas,2012.0,2012.0,,,,
2017,7,00-0029492,J.Olawale,FB,LV,KC,0,0,0.0,0,0.0,0.0,0.0,0,0.0,0,1,0,0.0,0,0.0,0.0,,,73.0,240.0,28.5515625,5.0,North Texas,2012.0,2012.0,,,,0.01923077
2017,8,00-0029492,J.Olawale,FB,LV,BUF,0,0,0.0,0,0.0,0.0,0.0,2,3.0,1,0,0,0.0,0,6.3,6.3,,,73.0,240.0,28.5515625,5.0,North Texas,2012.0,2012.0,,,,
2017,11,00-0029492,J.Olawale,FB,LV,NE,0,0,0.0,0,0.0,0.0,0.0,3,16.0,0,2,2,6.0,0,2.2,4.2,,,73.0,240.0,28.5515625,5.0,North Texas,2012.0,2012.0,,,,0.040816326
2017,13,00-0029492,J.Olawale,FB,LV,NYG,0,0,0.0,0,0.0,0.0,0.0,1,9.0,0,2,2,14.0,0,2.3,4.3,,,73.0,240.0,28.5515625,5.0,North Texas,2012.0,2012.0,,,,0.057142857
2017,2,00-0029493,R.Quigley,P,MIN,PIT,0,1,0.0,0,0.0,0.0,-0.0,0,0.0,0,0,0,0.0,0,0.0,0.0,,,74.0,188.0,27.797555555555554,5.0,Boston College,2012.0,2012.0,,,,
2017,8,00-0029567,N.Foles,QB,PHI,SF,0,0,0.0,0,0.0,0.0,0.0,2,-2.0,0,0,0,0.0,0,-0.2,-0.2,,,78.0,243.0,28.824263157894734,5.0,Arizona,2012.0,2012.0,PHI,88.0,23.0,
2017,9,00-0029567,N.Foles,QB,PHI,DEN,1,1,35.0,0,0.0,1.0,8.0,1,-1.0,0,0,0,0.0,0,-0.7,-0.7,,,78.0,243.0,28.824263157894734,5.0,Arizona,2012.0,2012.0,PHI,88.0,28.0,
2017,12,00-0029567,N.Foles,QB,PHI,CHI,3,3,21.0,0,0.0,0.0,-0.0,4,-3.0,0,0,0,0.0,0,-1.46,-1.46,,,78.0,243.0,28.824263157894734,5.0,Arizona,2012.0,2012.0,PHI,88.0,28.0,
2017,14,00-0029567,N.Foles,QB,PHI,LA,6,10,42.0,0,0.0,1.0,7.0,1,9.0,0,0,0,0.0,0,2.58,2.58,,,78.0,243.0,28.824263157894734,5.0,Arizona,2012.0,2012.0,PHI,88.0,,
2017,15,00-0029567,N.Foles,QB,PHI,NYG,24,38,237.0,4,0.0,1.0,4.0,2,0.0,0,0,0,0.0,0,25.48,25.48,,,78.0,243.0,28.824263157894734,5.0,Arizona,2012.0,2012.0,PHI,88.0,,
2017,16,00-0029567,N.Foles,QB,PHI,LV,19,38,163.0,1,1.0,2.0,25.0,0,0.0,0,0,0,0.0,0,8.52,8.52,,,78.0,243.0,28.824263157894734,5.0,Arizona,2012.0,2012.0,PHI,88.0,9.0,
2017,17,00-0029567,N.Foles,QB,PHI,DAL,4,11,39.0,0,1.0,0.0,-0.0,1,0.0,0,0,0,0.0,0,-0.44,-0.44,,,78.0,243.0,28.824263157894734,5.0,Arizona,2012.0,2012.0,PHI,88.0,-6.0,
2017,19,00-0029567,N.Foles,QB,PHI,ATL,23,30,246.0,0,0.0,1.0,8.0,5,-2.0,0,0,0,0.0,0,9.64,9.64,,,78.0,243.0,28.824263157894734,5.0,Arizona,2012.0,2012.0,PHI,88.0,5.0,
2017,20,00-0029567,N.Foles,QB,PHI,MIN,26,33,352.0,3,0.0,1.0,6.0,0,0.0,0,0,0,0.0,0,26.08,26.08,,,78.0,243.0,28.824263157894734,5.0,Arizona,2012.0,2012.0,PHI,88.0,31.0,
2017,21,00-0029567,N.Foles,QB,PHI,NE,28,43,373.0,3,1.0,0.0,-0.0,0,0.0,0,1,1,1.0,1,31.02,32.02,,,78.0,243.0,28.824263157894734,5.0,Arizona,2012.0,2012.0,PHI,88.0,,0.022727273
2017,12,00-0029570,N.Ebner,SS,NE,MIA,0,0,0.0,0,0.0,0.0,0.0,1,14.0,0,0,0,0.0,0,1.4,1.4,,,72.0,220.0,28.926000000000002,5.0,Ohio State,2012.0,2012.0,NE,197.0,18.0,
2017,1,00-0029572,J.Wright,WR,MIN,NO,0,0,0.0,0,0.0,0.0,0.0,0,0.0,0,2,1,21.0,0,2.1,3.1,,,70.0,191.0,27.967333333333332,5.0,Arkansas,2012.0,2012.0,MIN,118.0,10.0,0.0625
2017,2,00-0029572,J.Wright,WR,MIN,PIT,0,0,0.0,0,0.0,0.0,0.0,0,0.0,0,2,1,9.0,0,0.9,1.9,,,70.0,191.0,27.967333333333332,5.0,Arkansas,2012.0,2012.0,MIN,118.0,,0.055555556
2017,3,00-0029572,J.Wright,WR,MIN,TB,0,0,0.0,0,0.0,0.0,0.0,0,0.0,0,3,2,9.0,1,6.9,8.9,,,70.0,191.0,27.967333333333332,5.0,Arkansas,2012.0,2012.0,MIN,118.0,17.0,0.09090909
2017,7,00-0029572,J.Wright,WR,MIN,BAL,0,0,0.0,0,0.0,0.0,0.0,0,0.0,0,4,3,54.0,0,5.4,8.4,,,70.0,191.0,27.967333333333332,5.0,Arkansas,2012.0,2012.0,MIN,118.0,8.0,0.12903225
2017,8,00-0029572,J.Wright,WR,MIN,CLE,0,0,0.0,0,0.0,0.0,0.0,0,0.0,0,1,0,0.0,0,0.0,0.0,,,70.0,191.0,27.967333333333332,5.0,Arkansas,2012.0,2012.0,MIN,118.0,,0.023255814
2017,10,00-0029572,J.Wright,WR,MIN,WAS,0,0,0.0,0,0.0,0.0,0.0,0,0.0,0,1,1,7.0,1,6.7,7.7,,,70.0,191.0,27.967333333333332,5.0,Arkansas,2012.0,2012.0,MIN,118.0,,0.03448276
2017,11,00-0029572,J.Wright,WR,MIN,LA,0,0,0.0,0,0.0,0.0,0.0,0,0.0,0,1,1,23.0,0,2.3,3.3,,,70.0,191.0,27.967333333333332,5.0,Arkansas,2012.0,2012.0,MIN,118.0,17.0,0.02631579
2017,12,00-0029572,J.Wright,WR,MIN,DET,0,0,0.0,0,0.0,0.0,0.0,0,0.0,0,3,2,25.0,0,2.5,4.5,,,70.0,191.0,27.967333333333332,5.0,Arkansas,2012.0,2012.0,MIN,118.0,,0.1
2017,13,00-0029572,J.Wright,WR,MIN,ATL,0,0,0.0,0,0.0,0.0,0.0,0,0.0,0,3,3,18.0,0,1.8,4.8,,,70.0,191.0,27.967333333333332,5.0,Arkansas,2012.0,2012.0,MIN,118.0,,0.1
2017,14,00-0029572,J.Wright,WR,MIN,CAR,0,0,0.0,0,0.0,0.0,0.0,0,0.0,0,2,2,13.0,0,1.3,3.3,,,70.0,191.0,27.967333333333332,5.0,Arkansas,2012.0,2012.0,MIN,118.0,,0.046511628
2017,15,00-0029572,J.Wright,WR,MIN,CIN,0,0,0.0,0,0.0,0.0,0.0,0,0.0,0,1,1,11.0,0,1.1,2.1,,,70.0,191.0,27.967333333333332,5.0,Arkansas,2012.0,2012.0,MIN,118.0,27.0,0.04
2017,16,00-0029572,J.Wright,WR,MIN,GB,0,0,0.0,0,0.0,0.0,0.0,0,0.0,0,2,1,8.0,0,0.8,1.8,,,70.0,191.0,27.967333333333332,5.0,Arkansas,2012.0,2012.0,MIN,118.0,,0.08
2017,19,00-0029572,J.Wright,WR,MIN,NO,0,0,0.0,0,0.0,0.0,0.0,0,0.0,0,6,3,56.0,0,5.6,8.6,,,70.0,191.0,27.967333333333332,5.0,Arkansas,2012.0,2012.0,MIN,118.0,5.0,0.15
2017,20,00-0029572,J.Wright,WR,MIN,PHI,0,0,0.0,0,0.0,0.0,0.0,1,4.0,0,6,3,51.0,0,5.5,8.5,,,70.0,191.0,27.967333333333332,5.0,Arkansas,2012.0,2012.0,MIN,118.0,,0.13043478
2017,1,00-0029580,R.Matthews,WR,TEN,LV,0,0,0.0,0,0.0,0.0,0.0,0,0.0,0,9,5,71.0,0,7.1,12.1,,,72.0,217.0,28.086444444444442,5.0,Nevada,2012.0,2012.0,MIA,227.0,-10.0,0.2195122
2017,2,00-0029580,R.Matthews,WR,TEN,JAX,0,0,0.0,0,0.0,0.0,0.0,0,0.0,0,5,3,43.0,0,4.3,7.3,,,72.0,217.0,28.086444444444442,5.0,Nevada,2012.0,2012.0,MIA,227.0,,0.2173913
2017,3,00-0029580,R.Matthews,WR,TEN,SEA,0,0,0.0,0,0.0,0.0,0.0,0,0.0,0,10,6,87.0,1,14.7,20.7,,,72.0,217.0,28.086444444444442,5.0,Nevada,2012.0,2012.0,MIA,227.0,6.0,0.32258064
2017,4,00-0029580,R.Matthews,WR,TEN,HOU,0,0,0.0,0,0.0,0.0,0.0,0,0.0,0,8,3,49.0,0,4.9,7.9,,,72.0,217.0,28.086444444444442,5.0,Nevada,2012.0,2012.0,MIA,227.0,,0.4
2017,5,00-0029580,R.Matthews,WR,TEN,MIA,0,0,0.0,0,0.0,0.0,0.0,1,-3.0,0,6,3,34.0,0,3.1,6.1,,,72.0,217.0,28.086444444444442,5.0,Nevada,2012.0,2012.0,MIA,227.0,,0.19354838
2017,6,00-0029580,R.Matthews,WR,TEN,IND,0,0,0.0,0,0.0,0.0,0.0,0,0.0,0,4,4,69.0,0,6.9,10.9,,,72.0,217.0,28.086444444444442,5.0,Nevada,2012.0,2012.0,MIA,227.0,14.0,0.125
2017,7,00-0029580,R.Matthews,WR,TEN,CLE,0,0,0.0,0,0.0,0.0,0.0,0,0.0,0,6,3,40.0,0,4.0,7.0,,,72.0,217.0,28.086444444444442,5.0,Nevada,2012.0,2012.0,MIA,227.0,,0.1764706
2017,9,00-0029580,R.Matthews,WR,TEN,BAL,0,0,0.0,0,0.0,0.0,0.0,0,0.0,0,7,4,70.0,1,13.0,17.0,,,72.0,217.0,28.086444444444442,5.0,Nevada,2012.0,2012.0,MIA,227.0,3.0,0.25
2017,10,00-0029580,R.Matthews,WR,TEN,CIN,0,0,0.0,0,0.0,0.0,0.0,0,0.0,0,7,5,50.0,0,5.0,10.0,,,72.0,217.0,28.086444444444442,5.0,Nevada,2012.0,2012.0,MIA,227.0,4.0,0.1590909
2017,11,00-0029580,R.Matthews,WR,TEN,PIT,0,0,0.0,0,0.0,0.0,0.0,0,0.0,0,6,5,113.0,1,17.3,22.3,,,72.0,217.0,28.086444444444442,5.0,Nevada,2012.0,2012.0,MIA,227.0,,0.18181819
2017,14,00-0029580,R.Matthews,WR,TEN,ARI,0,0,0.0,0,0.0,0.0,0.0,0,0.0,0,5,3,19.0,0,1.9,4.9,,,72.0,217.0,28.086444444444442,5.0,Nevada,2012.0,2012.0,MIA,227.0,,0.16129032
2017,15,00-0029580,R.Matthews,WR,TEN,SF,0,0,0.0,0,0.0,0.0,0.0,0,0.0,0,8,6,95.0,1,15.5,21.5,,,72.0,217.0,28.086444444444442,5.0,Nevada,2012.0,2012.0,MIA,227.0,,0.24242425
2017,16,00-0029580,R.Matthews,WR,TEN,LA,0,0,0.0,0,0.0,0.0,0.0,0,0.0,0,4,2,48.0,0,4.8,6.8,,,72.0,217.0,28.086444444444442,5.0,Nevada,2012.0,2012.0,MIA,227.0,-4.0,0.10810811
2017,17,00-0029580,R.Matthews,WR,TEN,JAX,0,0,0.0,0,0.0,0.0,0.0,0,0.0,0,2,1,7.0,0,0.7,1.7,,,72.0,217.0,28.086444444444442,5.0,Nevada,2012.0,2012.0,MIA,227.0,5.0,0.0952381
2017,18,00-0029580,R.Matthews,WR,TEN,KC,0,0,0.0,0,0.0,0.0,0.0,0,0.0,0,2,1,15.0,0,1.5,2.5,,,72.0,217.0,28.086444444444442,5.0,Nevada,2012.0,2012.0,MIA,227.0,,0.06666667
2017,19,00-0029580,R.Matthews,WR,TEN,NE,0,0,0.0,0,0.0,0.0,0.0,0,0.0,0,8,3,27.0,0,2.7,5.7,,,72.0,217.0,28.086444444444442,5.0,Nevada,2012.0,2012.0,MIA,227.0,,0.21052632
2017,1,00-0029587,R.Ellison,TE,NYG,DAL,0,0,0.0,0,0.0,0.0,0.0,0,0.0,0,1,1,9.0,0,0.9,1.9,,,77.0,250.0,29.0905,5.0,USC,2012.0,2012.0,MIN,128.0,,0.02631579
2017,2,00-0029587,R.Ellison,TE,NYG,DET,0,0,0.0,0,0.0,0.0,0.0,0,0.0,0,2,2,21.0,0,2.1,4.1,,,77.0,250.0,29.0905,5.0,USC,2012.0,2012.0,MIN,128.0,-14.0,0.0625
2017,4,00-0029587,R.Ellison,TE,NYG,TB,0,0,0.0,0,0.0,0.0,0.0,0,0.0,0,2,2,11.0,1,7.1,9.1,,,77.0,250.0,29.0905,5.0,USC,2012.0,2012.0,MIN,128.0,,0.040816326
2017,5,00-0029587,R.Ellison,TE,NYG,LAC,0,0,0.0,0,0.0,0.0,0.0,0,0.0,0,2,1,9.0,0,0.9,1.9,,,77.0,250.0,29.0905,5.0,USC,2012.0,2012.0,MIN,128.0,-5.0,0.055555556
2017,7,00-0029587,R.Ellison,TE,NYG,SEA,0,0,0.0,0,0.0,0.0,0.0,0,0.0,0,1,0,0.0,0,0.0,0.0,,,77.0,250.0,29.0905,5.0,USC,2012.0,2012.0,MIN,128.0,-17.0,0.02631579
2017,9,00-0029587,R.Ellison,TE,NYG,LA,0,0,0.0,0,0.0,0.0,0.0,0,0.0,0,2,2,21.0,0,2.1,4.1,,,77.0,250.0,29.0905,5.0,USC,2012.0,2012.0,MIN,128.0,-34.0,0.05263158
2017,11,00-0029587,R.Ellison,TE,NYG,KC,0,0,0.0,0,0.0,0.0,0.0,0,0.0,0,1,1,7.0,0,0.7,1.7,,,77.0,250.0,29.0905,5.0,USC,2012.0,2012.0,MIN,128.0,3.0,0.028571429
2017,12,00-0029587,R.Ellison,TE,NYG,WAS,0,0,0.0,0,0.0,0.0,0.0,0,0.0,0,1,1,9.0,0,0.9,1.9,,,77.0,250.0,29.0905,5.0,USC,2012.0,2012.0,MIN,128.0,,0.03846154
2017,13,00-0029587,R.Ellison,TE,NYG,LV,0,0,0.0,0,0.0,0.0,0.0,0,0.0,0,2,1,5.0,0,0.5,1.5,,,77.0,250.0,29.0905,5.0,USC,2012.0,2012.0,MIN,128.0,,0.060606062
2017,14,00-0029587,R.Ellison,TE,NYG,DAL,0,0,0.0,0,0.0,0.0,0.0,0,0.0,0,5,4,20.0,1,8.0,12.0,,,77.0,250.0,29.0905,5.0,USC,2012.0,2012.0,MIN,128.0,-20.0,0.10869565
2017,16,00-0029587,R.Ellison,TE,NYG,ARI,0,0,0.0,0,0.0,0.0,0.0,0,0.0,0,7,4,60.0,0,6.0,10.0,,,77.0,250.0,29.0905,5.0,USC,2012.0,2012.0,MIN,128.0,,0.1590909
2017,17,00-0029587,R.Ellison,TE,NYG,WAS,0,0,0.0,0,0.0,0.0,0.0,0,0.0,0,6,5,63.0,0,6.3,11.3,,,77.0,250.0,29.0905,5.0,USC,2012.0,2012.0,MIN,128.0,8.0,0.21428572
2017,3,00-0029592,K.Zeitler,G,CLE,IND,0,0,0.0,0,0.0,0.0,0.0,0,0.0,0,1,1,-4.0,0,-0.4,0.6,,,76.0,315.0,27.66325,5.0,Wisconsin,2012.0,2012.0,CIN,27.0,,0.02173913
2017,1,00-0029604,K.Cousins,QB,WAS,PHI,23,40,240.0,1,1.0,4.0,40.0,4,30.0,0,0,0,0.0,0,10.6,10.6,,,75.0,202.0,29.217,5.0,Michigan State,2012.0,2012.0,WAS,102.0,-13.0,
2017,2,00-0029604,K.Cousins,QB,WAS,LA,18,27,179.0,1,0.0,2.0,23.0,3,7.0,0,0,0,0.0,0,11.86,11.86,,,75.0,202.0,29.217,5.0,Michigan State,2012.0,2012.0,WAS,102.0,,
2017,3,00-0029604,K.Cousins,QB,WAS,LV,25,30,365.0,3,0.0,1.0,9.0,1,2.0,0,0,0,0.0,0,26.8,26.8,,,75.0,202.0,29.217,5.0,Michigan State,2012.0,2012.0,WAS,102.0,17.0,
2017,4,00-0029604,K.Cousins,QB,WAS,KC,14,24,220.0,2,0.0,0.0,-0.0,7,38.0,0,0,0,0.0,0,20.6,20.6,,,75.0,202.0,29.217,5.0,Michigan State,2012.0,2012.0,WAS,102.0,,
2017,6,00-0029604,K.Cousins,QB,WAS,SF,25,37,330.0,2,1.0,1.0,5.0,4,26.0,1,0,0,0.0,0,27.8,27.8,,,75.0,202.0,29.217,5.0,Michigan State,2012.0,2012.0,WAS,102.0,2.0,
2017,7,00-0029604,K.Cousins,QB,WAS,PHI,30,40,303.0,3,1.0,4.0,34.0,3,18.0,0,0,0,0.0,0,23.92,23.92,,,75.0,202.0,29.217,5.0,Michigan State,2012.0,2012.0,WAS,102.0,,
2017,8,00-0029604,K.Cousins,QB,WAS,DAL,26,39,263.0,1,1.0,4.0,27.0,1,0.0,0,0,0,0.0,0,10.52,10.52,,,75.0,202.0,29.217,5.0,Michigan State,2012.0,2012.0,WAS,102.0,-14.0,
2017,9,00-0029604,K.Cousins,QB,WAS,SEA,21,31,247.0,0,0.0,6.0,54.0,3,4.0,0,0,0,0.0,0,8.28,8.28,,,75.0,202.0,29.217,5.0,Michigan State,2012.0,2012.0,WAS,102.0,,
2017,10,00-0029604,K.Cousins,QB,WAS,MIN,26,45,327.0,1,1.0,1.0,14.0,4,5.0,2,0,0,0.0,0,27.58,27.58,,,75.0,202.0,29.217,5.0,Michigan State,2012.0,2012.0,WAS,102.0,-8.0,
2017,11,00-0029604,K.Cousins,QB,WAS,NO,22,32,322.0,3,0.0,2.0,22.0,3,11.0,0,0,0,0.0,0,25.98,25.98,,,75.0,202.0,29.217,5.0,Michigan State,2012.0,2012.0,WAS,102.0,,
2017,12,00-0029604,K.Cousins,QB,WAS,NYG,19,31,242.0,2,1.0,6.0,41.0,3,4.0,0,0,0,0.0,0,16.08,16.08,,,75.0,202.0,29.217,5.0,Michigan State,2012.0,2012.0,WAS,102.0,10.0,
2017,13,00-0029604,K.Cousins,QB,WAS,DAL,26,37,251.0,2,2.0,4.0,27.0,3,6.0,0,0,0,0.0,0,12.64,12.64,,,75.0,202.0,29.217,5.0,Michigan State,2012.0,2012.0,WAS,102.0,,
2017,14,00-0029604,K.Cousins,QB,WAS,LAC,15,27,151.0,1,1.0,2.0,15.0,2,8.0,0,0,0,0.0,0,8.84,8.84,,,75.0,202.0,29.217,5.0,Michigan State,2012.0,2012.0,WAS,102.0,,
2017,15,00-0029604,K.Cousins,QB,WAS,ARI,18,26,196.0,2,0.0,1.0,9.0,2,0.0,0,0,0,0.0,0,15.84,15.84,,,75.0,202.0,29.217,5.0,Michigan State,2012.0,2012.0,WAS,102.0,5.0,
2017,16,00-0029604,K.Cousins,QB,WAS,DEN,19,37,299.0,3,1.0,0.0,-0.0,5,8.0,0,0,0,0.0,0,22.76,22.76,,,75.0,202.0,29.217,5.0,Michigan State,2012.0,2012.0,WAS,102.0,16.0,
2017,17,00-0029604,K.Cousins,QB,WAS,NYG,20,37,158.0,0,3.0,3.0,22.0,1,12.0,1,0,0,0.0,0,7.52,7.52,,,75.0,202.0,29.217,5.0,Michigan State,2012.0,2012.0,WAS,102.0,,
2017,1,00-0029608,T.Hilton,WR,IND,LA,0,0,0.0,0,0.0,0.0,0.0,0,0.0,0,7,3,57.0,0,3.7,6.7,,,69.0,178.0,27.9725,5.0,Florida International,2012.0,2012.0,IND,92.0,,0.33333334
2017,2,00-0029608,T.Hilton,WR,IND,ARI,0,0,0.0,0,0.0,0.0,0.0,0,0.0,0,6,4,49.0,0,4.9,8.9,,,69.0,178.0,27.9725,5.0,Florida International,2012.0,2012.0,IND,92.0,-3.0,0.16666667
2017,3,00-0029608,T.Hilton,WR,IND,CLE,0,0,0.0,0,0.0,0.0,0.0,0,0.0,0,9,7,153.0,1,21.3,28.3,,,69.0,178.0,27.9725,5.0,Florida International,2012.0,2012.0,IND,92.0,3.0,0.375
2017,4,00-0029608,T.Hilton,WR,IND,SEA,0,0,0.0,0,0.0,0.0,0.0,0,0.0,0,6,3,30.0,0,3.0,6.0,,,69.0,178.0,27.9725,5.0,Florida International,2012.0,2012.0,IND,92.0,,0.21428572
2017,5,00-0029608,T.Hilton,WR,IND,SF,0,0,0.0,0,0.0,0.0,0.0,0,0.0,0,9,7,177.0,0,17.7,24.7,,,69.0,178.0,27.9725,5.0,Florida International,2012.0,2012.0,IND,92.0,3.0,0.27272728
2017,6,00-0029608,T.Hilton,WR,IND,TEN,0,0,0.0,0,0.0,0.0,0.0,0,0.0,0,4,1,19.0,0,1.9,2.9,,,69.0,178.0,27.9725,5.0,Florida International,2012.0,2012.0,IND,92.0,,0.11111111
2017,7,00-0029608,T.Hilton,WR,IND,JAX,0,0,0.0,0,0.0,0.0,0.0,0,0.0,0,8,2,27.0,0,2.7,4.7,,,69.0,178.0,27.9725,5.0,Florida International,2012.0,2012.0,IND,92.0,-27.0,0.21621622
2017,8,00-0029608,T.Hilton,WR,IND,CIN,0,0,0.0,0,0.0,0.0,0.0,0,0.0,0,7,2,15.0,0,1.5,3.5,,,69.0,178.0,27.9725,5.0,Florida International,2012.0,2012.0,IND,92.0,,0.18421052
2017,9,00-0029608,T.Hilton,WR,IND,HOU,0,0,0.0,0,0.0,0.0,0.0,0,0.0,0,9,5,175.0,2,29.5,34.5,,,69.0,178.0,27.9725,5.0,Florida International,2012.0,2012.0,IND,92.0,,0.3
2017,10,00-0029608,T.Hilton,WR,IND,PIT,0,0,0.0,0,0.0,0.0,0.0,0,0.0,0,4,2,23.0,0,2.3,4.3,,,69.0,178.0,27.9725,5.0,Florida International,2012.0,2012.0,IND,92.0,-3.0,0.17391305
2017,12,00-0029608,T.Hilton,WR,IND,TEN,0,0,0.0,0,0.0,0.0,0.0,0,0.0,0,5,2,15.0,0,1.5,3.5,,,69.0,178.0,27.9725,5.0,Florida International,2012.0,2012.0,IND,92.0,-4.0,0.18518518
2017,13,00-0029608,T.Hilton,WR,IND,JAX,0,0,0.0,0,0.0,0.0,0.0,0,0.0,0,6,3,51.0,1,11.1,14.1,,,69.0,178.0,27.9725,5.0,Florida International,2012.0,2012.0,IND,92.0,,0.1764706
2017,14,00-0029608,T.Hilton,WR,IND,BUF,0,0,0.0,0,0.0,0.0,0.0,0,0.0,0,4,2,20.0,0,2.0,4.0,,,69.0,178.0,27.9725,5.0,Florida International,2012.0,2012.0,IND,92.0,,0.2
2017,15,00-0029608,T.Hilton,WR,IND,DEN,0,0,0.0,0,0.0,0.0,0.0,0,0.0,0,7,5,41.0,0,4.1,9.1,,,69.0,178.0,27.9725,5.0,Florida International,2012.0,2012.0,IND,92.0,-12.0,0.25
2017,16,00-0029608,T.Hilton,WR,IND,BAL,0,0,0.0,0,0.0,0.0,0.0,0,0.0,0,12,6,100.0,0,10.0,16.0,,,69.0,178.0,27.9725,5.0,Florida International,2012.0,2012.0,IND,92.0,,0.36363637
2017,17,00-0029608,T.Hilton,WR,IND,HOU,0,0,0.0,0,0.0,0.0,0.0,0,0.0,0,6,3,14.0,0,1.4,4.4,,,69.0,178.0,27.9725,5.0,Florida International,2012.0,2012.0,IND,92.0,9.0,0.25
2017,5,00-0029613,D.Martin,RB,TB,NE,0,0,0.0,0,0.0,0.0,0.0,13,74.0,1,3,1,8.0,0,14.2,15.2,,,69.0,223.0,28.8196875,5.0,Boise State,2012.0,2012.0,TB,31.0,-5.0,0.06666667
2017,6,00-0029613,D.Martin,RB,TB,ARI,0,0,0.0,0,0.0,0.0,0.0,14,53.0,1,2,1,11.0,0,14.4,15.4,,,69.0,223.0,28.8196875,5.0,Boise State,2012.0,2012.0,TB,31.0,,0.04761905
2017,7,00-0029613,D.Martin,RB,TB,BUF,0,0,0.0,0,0.0,0.0,0.0,20,49.0,0,3,2,31.0,0,8.0,10.0,,,69.0,223.0,28.8196875,5.0,Boise State,2012.0,2012.0,TB,31.0,,0.06818182
2017,8,00-0029613,D.Martin,RB,TB,CAR,0,0,0.0,0,0.0,0.0,0.0,18,71.0,0,2,1,4.0,0,7.5,8.5,,,69.0,223.0,28.8196875,5.0,Boise State,2012.0,2012.0,TB,31.0,-14.0,0.055555556
2017,9,00-0029613,D.Martin,RB,TB,NO,0,0,0.0,0,0.0,0.0,0.0,8,7.0,0,0,0,0.0,0,0.7,0.7,,,69.0,223.0,28.8196875,5.0,Boise State,2012.0,2012.0,TB,31.0,,
2017,10,00-0029613,D.Martin,RB,TB,NYJ,0,0,0.0,0,0.0,0.0,0.0,20,51.0,0,2,0,0.0,0,5.1,5.1,,,69.0,223.0,28.8196875,5.0,Boise State,2012.0,2012.0,TB,31.0,5.0,0.05882353
2017,11,00-0029613,D.Martin,RB,TB,MIA,0,0,0.0,0,0.0,0.0,0.0,19,38.0,0,3,2,6.0,0,4.4,6.4,,,69.0,223.0,28.8196875,5.0,Boise State,2012.0,2012.0,TB,31.0,,0.083333336
2017,12,00-0029613,D.Martin,RB,TB,ATL,0,0,0.0,0,0.0,0.0,0.0,7,33.0,0,0,0,0.0,0,3.3,3.3,,,69.0,223.0,28.8196875,5.0,Boise State,2012.0,2012.0,TB,31.0,,
2017,14,00-0029613,D.Martin,RB,TB,DET,0,0,0.0,0,0.0,0.0,0.0,10,26.0,1,3,2,24.0,0,9.0,11.0,,,69.0,223.0,28.8196875,5.0,Boise State,2012.0,2012.0,TB,31.0,-3.0,0.08108108
2017,16,00-0029613,D.Martin,RB,TB,CAR,0,0,0.0,0,0.0,0.0,0.0,6,7.0,0,0,0,0.0,0,0.7,0.7,,,69.0,223.0,28.8196875,5.0,Boise State,2012.0,2012.0,TB,31.0,,
2017,17,00-0029613,D.Martin,RB,TB,NO,0,0,0.0,0,0.0,0.0,0.0,3,-3.0,0,0,0,0.0,0,-0.3,-0.3,,,69.0,223.0,28.8196875,5.0,Boise State,2012.0,2012.0,TB,31.0,7.0,
2017,1,00-0029615,L.Miller,RB,HOU,JAX,0,0,0.0,0,0.0,0.0,0.0,17,65.0,0,2,2,31.0,0,9.6,11.6,,,70.0,220.0,26.5348125,5.0,Miami,2012.0,2012.0,MIA,97.0,-22.0,0.055555556
2017,2,00-0029615,L.Miller,RB,HOU,CIN,0,0,0.0,0,0.0,0.0,0.0,18,61.0,0,3,3,26.0,0,8.7,11.7,,,70.0,220.0,26.5348125,5.0,Miami,2012.0,2012.0,MIA,97.0,,0.125
2017,3,00-0029615,L.Miller,RB,HOU,NE,0,0,0.0,0,0.0,0.0,0.0,14,56.0,0,1,1,7.0,0,6.3,7.3,,,70.0,220.0,26.5348125,5.0,Miami,2012.0,2012.0,MIA,97.0,,0.030303031
2017,4,00-0029615,L.Miller,RB,HOU,TEN,0,0,0.0,0,0.0,0.0,0.0,19,75.0,1,5,4,56.0,1,25.1,29.1,,,70.0,220.0,26.5348125,5.0,Miami,2012.0,2012.0,MIA,97.0,43.0,0.14705883
2017,5,00-0029615,L.Miller,RB,HOU,KC,0,0,0.0,0,0.0,0.0,0.0,15,74.0,0,3,2,15.0,0,8.9,10.9,,,70.0,220.0,26.5348125,5.0,Miami,2012.0,2012.0,MIA,97.0,-8.0,0.10344828
2017,6,00-0029615,L.Miller,RB,HOU,CLE,0,0,0.0,0,0.0,0.0,0.0,15,41.0,0,4,3,40.0,0,8.1,11.1,,,70.0,220.0,26.5348125,5.0,Miami,2012.0,2012.0,MIA,97.0,16.0,0.13793103
2017,8,00-0029615,L.Miller,RB,HOU,SEA,0,0,0.0,0,0.0,0.0,0.0,21,54.0,1,3,3,19.0,1,19.3,22.3,,,70.0,220.0,26.5348125,5.0,Miami,2012.0,2012.0,MIA,97.0,,0.1
2017,9,00-0029615,L.Miller,RB,HOU,IND,0,0,0.0,0,0.0,0.0,0.0,10,57.0,0,4,3,34.0,0,9.1,12.1,,,70.0,220.0,26.5348125,5.0,Miami,2012.0,2012.0,MIA,97.0,-6.0,0.09090909
2017,10,00-0029615,L.Miller,RB,HOU,LA,0,0,0.0,0,0.0,0.0,0.0,11,60.0,0,1,1,14.0,0,7.4,8.4,,,70.0,220.0,26.5348125,5.0,Miami,2012.0,2012.0,MIA,97.0,,0.028571429
2017,11,00-0029615,L.Miller,RB,HOU,ARI,0,0,0.0,0,0.0,0.0,0.0,22,61.0,0,5,4,22.0,1,14.3,18.3,,,70.0,220.0,26.5348125,5.0,Miami,2012.0,2012.0,MIA,97.0,10.0,0.15625
2017,12,00-0029615,L.Miller,RB,HOU,BAL,0,0,0.0,0,0.0,0.0,0.0,17,51.0,1,3,1,7.0,0,11.8,12.8,,,70.0,220.0,26.5348125,5.0,Miami,2012.0,2012.0,MIA,97.0,,0.08108108
2017,13,00-0029615,L.Miller,RB,HOU,TEN,0,0,0.0,0,0.0,0.0,0.0,15,56.0,0,4,4,38.0,0,9.4,13.4,,,70.0,220.0,26.5348125,5.0,Miami,2012.0,2012.0,MIA,97.0,,0.083333336
2017,14,00-0029615,L.Miller,RB,HOU,SF,0,0,0.0,0,0.0,0.0,0.0,17,53.0,0,2,2,7.0,0,6.0,8.0,,,70.0,220.0,26.5348125,5.0,Miami,2012.0,2012.0,MIA,97.0,-10.0,0.054054055
2017,15,00-0029615,L.Miller,RB,HOU,JAX,0,0,0.0,0,0.0,0.0,0.0,9,32.0,0,4,2,1.0,0,3.3,5.3,,,70.0,220.0,26.5348125,5.0,Miami,2012.0,2012.0,MIA,97.0,,0.13793103
2017,16,00-0029615,L.Miller,RB,HOU,PIT,0,0,0.0,0,0.0,0.0,0.0,10,55.0,0,1,1,10.0,0,6.5,7.5,,,70.0,220.0,26.5348125,5.0,Miami,2012.0,2012.0,MIA,97.0,-28.0,0.0625
2017,17,00-0029615,L.Miller,RB,HOU,IND,0,0,0.0,0,0.0,0.0,0.0,8,37.0,0,0,0,0.0,0,3.7,3.7,,,70.0,220.0,26.5348125,5.0,Miami,2012.0,2012.0,MIA,97.0,,
2017,1,00-0029632,M.Sanu,WR,ATL,CHI,0,0,0.0,0,0.0,0.0,0.0,0,0.0,0,9,6,47.0,0,4.7,10.7,,,74.0,210.0,28.229333333333333,5.0,Rutgers,2012.0,2012.0,CIN,83.0,,0.3
2017,2,00-0029632,M.Sanu,WR,ATL,GB,0,0,0.0,0,0.0,0.0,0.0,0,0.0,0,6,5,85.0,0,8.5,13.5,,,74.0,210.0,28.229333333333333,5.0,Rutgers,2012.0,2012.0,CIN,83.0,11.0,0.22222222
2017,3,00-0029632,M.Sanu,WR,ATL,DET,0,0,0.0,0,0.0,0.0,0.0,0,0.0,0,6,4,28.0,1,8.8,12.8,,,74.0,210.0,28.229333333333333,5.0,Rutgers,2012.0,2012.0,CIN,83.0,,0.17142858
2017,4,00-0029632,M.Sanu,WR,ATL,BUF,0,0,0.0,0,0.0,0.0,0.0,1,4.0,0,3,1,3.0,0,0.7,1.7,,,74.0,210.0,28.229333333333333,5.0,Rutgers,2012.0,2012.0,CIN,83.0,-6.0,0.071428575
2017,7,00-0029632,M.Sanu,WR,ATL,NE,0,0,0.0,0,0.0,0.0,0.0,0,0.0,0,10,6,65.0,0,6.5,12.5,,,74.0,210.0,28.229333333333333,5.0,Rutgers,2012.0,2012.0,CIN,83.0,,0.3030303
2017,8,00-0029632,M.Sanu,WR,ATL,NYJ,0,0,0.0,0,0.0,0.0,0.0,0,0.0,0,7,6,74.0,1,13.4,19.4,,,74.0,210.0,28.229333333333333,5.0,Rutgers,2012.0,2012.0,CIN,83.0,,0.25925925
2017,9,00-0029632,M.Sanu,WR,ATL,CAR,0,0,0.0,0,0.0,0.0,0.0,0,0.0,0,3,3,23.0,1,8.3,11.3,,,74.0,210.0,28.229333333333333,5.0,Rutgers,2012.0,2012.0,CIN,83.0,,0.08108108
2017,10,00-0029632,M.Sanu,WR,ATL,DAL,0,0,0.0,0,0.0,0.0,0.0,0,0.0,0,5,3,29.0,0,2.9,5.9,,,74.0,210.0,28.229333333333333,5.0,Rutgers,2012.0,2012.0,CIN,83.0,20.0,0.17857143
2017,11,00-0029632,M.Sanu,WR,ATL,SEA,0,0,0.0,0,0.0,0.0,0.0,1,3.0,0,3,3,34.0,1,9.7,12.7,,,74.0,210.0,28.229333333333333,5.0,Rutgers,2012.0,2012.0,CIN,83.0,,0.11111111
2017,12,00-0029632,M.Sanu,WR,ATL,TB,1,1,51.0,1,0.0,0.0,-0.0,0,0.0,0,9,8,64.0,0,12.44,20.44,,,74.0,210.0,28.229333333333333,5.0,Rutgers,2012.0,2012.0,CIN,83.0,14.0,0.2647059
2017,13,00-0029632,M.Sanu,WR,ATL,MIN,0,0,0.0,0,0.0,0.0,0.0,0,0.0,0,5,3,43.0,0,4.3,7.3,,,74.0,210.0,28.229333333333333,5.0,Rutgers,2012.0,2012.0,CIN,83.0,-5.0,0.1724138
2017,14,00-0029632,M.Sanu,WR,ATL,NO,0,0,0.0,0,0.0,0.0,0.0,0,0.0,0,8,6,83.0,1,14.3,20.3,,,74.0,210.0,28.229333333333333,5.0,Rutgers,2012.0,2012.0,CIN,83.0,3.0,0.2962963
2017,15,00-0029632,M.Sanu,WR,ATL,TB,0,0,0.0,0,0.0,0.0,0.0,1,3.0,0,5,2,23.0,0,2.6,4.6,,,74.0,210.0,28.229333333333333,5.0,Rutgers,2012.0,2012.0,CIN,83.0,,0.16666667
2017,16,00-0029632,M.Sanu,WR,ATL,NO,0,0,0.0,0,0.0,0.0,0.0,0,0.0,0,6,4,31.0,0,3.1,7.1,,,74.0,210.0,28.229333333333333,5.0,Rutgers,2012.0,2012.0,CIN,83.0,,0.17142858
2017,17,00-0029632,M.Sanu,WR,ATL,CAR,0,0,0.0,0,0.0,0.0,0.0,1,0.0,0,11,7,71.0,0,7.1,14.1,,,74.0,210.0,28.229333333333333,5.0,Rutgers,2012.0,2012.0,CIN,83.0,12.0,0.26190478
2017,18,00-0029632,M.Sanu,WR,ATL,LA,0,0,0.0,0,0.0,0.0,0.0,0,0.0,0,8,4,75.0,0,7.5,11.5,,,74.0,210.0,28.229333333333333,5.0,Rutgers,2012.0,2012.0,CIN,83.0,,0.27586207
2017,19,00-0029632,M.Sanu,WR,ATL,PHI,0,0,0.0,0,0.0,0.0,0.0,0,0.0,0,5,3,50.0,0,5.0,8.0,,,74.0,210.0,28.229333333333333,5.0,Rutgers,2012.0,2012.0,CIN,83.0,,0.1388889
2017,4,00-0029634,J.Hanna,TE,DAL,LA,0,0,0.0,0,0.0,0.0,0.0,0,0.0,0,1,1,28.0,1,8.8,9.8,,,76.0,260.0,28.31475,5.0,Oklahoma,2012.0,2012.0,DAL,186.0,-5.0,0.028571429
2017,5,00-0029634,J.Hanna,TE,DAL,GB,0,0,0.0,0,0.0,0.0,0.0,0,0.0,0,1,0,0.0,0,0.0,0.0,,,76.0,260.0,28.31475,5.0,Oklahoma,2012.0,2012.0,DAL,186.0,-4.0,0.027777778
2017,9,00-0029634,J.Hanna,TE,DAL,KC,0,0,0.0,0,0.0,0.0,0.0,0,0.0,0,1,0,0.0,0,0.0,0.0,,,76.0,260.0,28.31475,5.0,Oklahoma,2012.0,2012.0,DAL,186.0,11.0,0.032258064
2017,11,00-0029634,J.Hanna,TE,DAL,PHI,0,0,0.0,0,0.0,0.0,0.0,0,0.0,0,2,0,0.0,0,0.0,0.0,,,76.0,260.0,28.31475,5.0,Oklahoma,2012.0,2012.0,DAL,186.0,-28.0,0.06451613
2017,14,00-0029634,J.Hanna,TE,DAL,NYG,0,0,0.0,0,0.0,0.0,0.0,0,0.0,0,1,1,16.0,0,1.6,2.6,,,76.0,260.0,28.31475,5.0,Oklahoma,2012.0,2012.0,DAL,186.0,,0.033333335
2017,15,00-0029634,J.Hanna,TE,DAL,LV,0,0,0.0,0,0.0,0.0,0.0,0,0.0,0,1,1,31.0,0,3.1,4.1,,,76.0,260.0,28.31475,5.0,Oklahoma,2012.0,2012.0,DAL,186.0,,0.037037037
2017,17,00-0029634,J.Hanna,TE,DAL,PHI,0,0,0.0,0,0.0,0.0,0.0,0,0.0,0,2,1,13.0,0,1.3,2.3,,,76.0,260.0,28.31475,5.0,Oklahoma,2012.0,2012.0,DAL,186.0,,0.06666667
2017,5,00-0029638,M.Floyd,WR,MIN,CHI,0,0,0.0,0,0.0,0.0,0.0,0,0.0,0,1,1,19.0,0,1.9,2.9,,,75.0,220.0,27.96183333333333,5.0,Notre Dame,2012.0,2012.0,ARI,13.0,,0.03125
2017,6,00-0029638,M.Floyd,WR,MIN,GB,0,0,0.0,0,0.0,0.0,0.0,0,0.0,0,3,1,5.0,0,0.5,1.5,,,75.0,220.0,27.96183333333333,5.0,Notre Dame,2012.0,2012.0,ARI,13.0,13.0,0.083333336
2017,8,00-0029638,M.Floyd,WR,MIN,CLE,0,0,0.0,0,0.0,0.0,0.0,0,0.0,0,1,1,7.0,0,0.7,1.7,,,75.0,220.0,27.96183333333333,5.0,Notre Dame,2012.0,2012.0,ARI,13.0,,0.023255814
2017,11,00-0029638,M.Floyd,WR,MIN,LA,0,0,0.0,0,0.0,0.0,0.0,0,0.0,0,2,2,16.0,0,1.6,3.6,,,75.0,220.0,27.96183333333333,5.0,Notre Dame,2012.0,2012.0,ARI,13.0,17.0,0.05263158
2017,12,00-0029638,M.Floyd,WR,MIN,DET,0,0,0.0,0,0.0,0.0,0.0,0,0.0,0,1,1,8.0,0,0.8,1.8,,,75.0,220.0,27.96183333333333,5.0,Notre Dame,2012.0,2012.0,ARI,13.0,,0.033333335
2017,13,00-0029638,M.Floyd,WR,MIN,ATL,0,0,0.0,0,0.0,0.0,0.0,0,0.0,0,2,2,20.0,0,2.0,4.0,,,75.0,220.0,27.96183333333333,5.0,Notre Dame,2012.0,2012.0,ARI,13.0,,0.06666667
2017,14,00-0029638,M.Floyd,WR,MIN,CAR,0,0,0.0,0,0.0,0.0,0.0,0,0.0,0,2,1,3.0,0,0.3,1.3,,,75.0,220.0,27.96183333333333,5.0,Notre Dame,2012.0,2012.0,ARI,13.0,,0.046511628
2017,15,00-0029638,M.Floyd,WR,MIN,CIN,0,0,0.0,0,0.0,0.0,0.0,0,0.0,0,1,0,0.0,0,0.0,0.0,,,75.0,220.0,27.96183333333333,5.0,Notre Dame,2012.0,2012.0,ARI,13.0,27.0,0.04
2017,16,00-0029638,M.Floyd,WR,MIN,GB,0,0,0.0,0,0.0,0.0,0.0,0,0.0,0,1,1,0.0,0,0.0,1.0,,,75.0,220.0,27.96183333333333,5.0,Notre Dame,2012.0,2012.0,ARI,13.0,,0.04
2017,17,00-0029638,M.Floyd,WR,MIN,CHI,0,0,0.0,0,0.0,0.0,0.0,0,0.0,0,3,0,0.0,0,0.0,0.0,,,75.0,220.0,27.96183333333333,5.0,Notre Dame,2012.0,2012.0,ARI,13.0,13.0,0.10714286
2017,19,00-0029638,M.Floyd,WR,MIN,NO,0,0,0.0,0,0.0,0.0,0.0,0,0.0,0,1,0,0.0,0,0.0,0.0,,,75.0,220.0,27.96183333333333,5.0,Notre Dame,2012.0,2012.0,ARI,13.0,5.0,0.025
2017,1,00-0029640,B.Quick,WR,WAS,PHI,0,0,0.0,0,0.0,0.0,0.0,0,0.0,0,1,1,11.0,0,1.1,2.1,,,75.0,218.0,28.423,5.0,Appalachian State,2012.0,2012.0,STL,33.0,-13.0,0.025
2017,9,00-0029640,B.Quick,WR,WAS,SEA,0,0,0.0,0,0.0,0.0,0.0,0,0.0,0,3,3,49.0,0,4.9,7.9,,,75.0,218.0,28.423,5.0,Appalachian State,2012.0,2012.0,STL,33.0,,0.1
2017,14,00-0029640,B.Quick,WR,WAS,LAC,0,0,0.0,0,0.0,0.0,0.0,0,0.0,0,2,1,7.0,0,0.7,1.7,,,75.0,218.0,28.423,5.0,Appalachian State,2012.0,2012.0,STL,33.0,,0.074074075
2017,16,00-0029640,B.Quick,WR,WAS,DEN,0,0,0.0,0,0.0,0.0,0.0,0,0.0,0,1,1,9.0,0,0.9,1.9,,,75.0,218.0,28.423,5.0,Appalachian State,2012.0,2012.0,STL,33.0,16.0,0.027027028
2017,17,00-0029640,B.Quick,WR,WAS,NYG,0,0,0.0,0,0.0,0.0,0.0,0,0.0,0,1,0,0.0,0,0.0,0.0,,,75.0,218.0,28.423,5.0,Appalachian State,2012.0,2012.0,STL,33.0,,0.027027028
2017,13,00-0029664,J.Gordon,WR,CLE,LAC,0,0,0.0,0,0.0,0.0,0.0,0,0.0,0,11,4,85.0,0,8.5,12.5,,,75.0,225.0,26.5654375,5.0,Baylor,2012.0,2012.0,CLE,34.0,,0.34375
2017,14,00-0029664,J.Gordon,WR,CLE,GB,0,0,0.0,0,0.0,0.0,0.0,0,0.0,0,6,3,69.0,1,12.9,15.9,,,75.0,225.0,26.5654375,5.0,Baylor,2012.0,2012.0,CLE,34.0,-6.0,0.21428572
2017,15,00-0029664,J.Gordon,WR,CLE,BAL,0,0,0.0,0,0.0,0.0,0.0,0,0.0,0,10,5,47.0,0,4.7,9.7,,,75.0,225.0,26.5654375,5.0,Baylor,2012.0,2012.0,CLE,34.0,-17.0,0.27027026
2017,16,00-0029664,J.Gordon,WR,CLE,CHI,0,0,0.0,0,0.0,0.0,0.0,0,0.0,0,8,2,19.0,0,1.9,3.9,,,75.0,225.0,26.5654375,5.0,Baylor,2012.0,2012.0,CLE,34.0,,0.22222222
2017,17,00-0029664,J.Gordon,WR,CLE,PIT,0,0,0.0,0,0.0,0.0,0.0,0,0.0,0,7,4,115.0,0,11.5,15.5,,,75.0,225.0,26.5654375,5.0,Baylor,2012.0,2012.0,CLE,34.0,,0.23333333
2017,6,00-0029682,B.Osweiler,QB,DEN,NYG,2,4,18.0,0,0.0,0.0,-0.0,1,-1.0,0,0,0,0.0,0,0.62,0.62,,,79.0,240.0,26.95875,5.0,Arizona State,2012.0,2012.0,DEN,57.0,-13.0,
2017,9,00-0029682,B.Osweiler,QB,DEN,PHI,19,38,208.0,1,2.0,3.0,17.0,0,0.0,0,0,0,0.0,0,8.32,8.32,,,79.0,240.0,26.95875,5.0,Arizona State,2012.0,2012.0,DEN,57.0,,
2017,10,00-0029682,B.Osweiler,QB,DEN,NE,18,33,221.0,1,1.0,0.0,-0.0,1,-1.0,0,0,0,0.0,0,10.74,10.74,,,79.0,240.0,26.95875,5.0,Arizona State,2012.0,2012.0,DEN,57.0,-25.0,
2017,11,00-0029682,B.Osweiler,QB,DEN,CIN,23,42,254.0,1,1.0,3.0,25.0,4,24.0,0,0,0,0.0,0,14.56,14.56,,,79.0,240.0,26.95875,5.0,Arizona State,2012.0,2012.0,DEN,57.0,-3.0,
2017,15,00-0029682,B.Osweiler,QB,DEN,IND,12,17,194.0,2,0.0,0.0,-0.0,4,15.0,1,0,0,0.0,0,25.26,25.26,,,79.0,240.0,26.95875,5.0,Arizona State,2012.0,2012.0,DEN,57.0,,
2017,16,00-0029682,B.Osweiler,QB,DEN,WAS,22,38,193.0,0,1.0,4.0,22.0,4,27.0,0,0,0,0.0,0,8.42,8.42,,,79.0,240.0,26.95875,5.0,Arizona State,2012.0,2012.0,DEN,57.0,,
2017,1,00-0029689,D.Allen,TE,NE,KC,0,0,0.0,0,0.0,0.0,0.0,0,0.0,0,2,0,0.0,0,0.0,0.0,,,75.0,265.0,27.729526315789474,5.0,Clemson,2012.0,2012.0,IND,64.0,-15.0,0.055555556
2017,2,00-0029689,D.Allen,TE,NE,NO,0,0,0.0,0,0.0,0.0,0.0,0,0.0,0,1,0,0.0,0,0.0,0.0,,,75.0,265.0,27.729526315789474,5.0,Clemson,2012.0,2012.0,IND,64.0,,0.025641026
2017,3,00-0029689,D.Allen,TE,NE,HOU,0,0,0.0,0,0.0,0.0,0.0,0,0.0,0,2,0,0.0,0,0.0,0.0,,,75.0,265.0,27.729526315789474,5.0,Clemson,2012.0,2012.0,IND,64.0,3.0,0.057142857
2017,4,00-0029689,D.Allen,TE,NE,CAR,0,0,0.0,0,0.0,0.0,0.0,0,0.0,0,1,0,0.0,0,0.0,0.0,,,75.0,265.0,27.729526315789474,5.0,Clemson,2012.0,2012.0,IND,64.0,-3.0,0.022222223
2017,10,00-0029689,D.Allen,TE,NE,DEN,0,0,0.0,0,0.0,0.0,0.0,0,0.0,0,2,1,11.0,1,7.1,8.1,,,75.0,265.0,27.729526315789474,5.0,Clemson,2012.0,2012.0,IND,64.0,,0.054054055
2017,11,00-0029689,D.Allen,TE,NE,LV,0,0,0.0,0,0.0,0.0,0.0,0,0.0,0,2,2,24.0,0,2.4,4.4,,,75.0,265.0,27.729526315789474,5.0,Clemson,2012.0,2012.0,IND,64.0,,0.054054055
2017,12,00-0029689,D.Allen,TE,NE,MIA,0,0,0.0,0,0.0,0.0,0.0,0,0.0,0,2,1,2.0,0,0.2,1.2,,,75.0,265.0,27.729526315789474,5.0,Clemson,2012.0,2012.0,IND,64.0,18.0,0.071428575
2017,13,00-0029689,D.Allen,TE,NE,BUF,0,0,0.0,0,0.0,0.0,0.0,0,0.0,0,1,1,3.0,0,0.3,1.3,,,75.0,265.0,27.729526315789474,5.0,Clemson,2012.0,2012.0,IND,64.0,,0.033333335
2017,14,00-0029689,D.Allen,TE,NE,MIA,0,0,0.0,0,0.0,0.0,0.0,0,0.0,0,5,2,10.0,0,1.0,3.0,,,75.0,265.0,27.729526315789474,5.0,Clemson,2012.0,2012.0,IND,64.0,,0.12195122
2017,15,00-0029689,D.Allen,TE,NE,PIT,0,0,0.0,0,0.0,0.0,0.0,0,0.0,0,1,1,10.0,0,1.0,2.0,,,75.0,265.0,27.729526315789474,5.0,Clemson,2012.0,2012.0,IND,64.0,,0.028571429
2017,16,00-0029689,D.Allen,TE,NE,BUF,0,0,0.0,0,0.0,0.0,0.0,0,0.0,0,2,2,26.0,0,2.6,4.6,,,75.0,265.0,27.729526315789474,5.0,Clemson,2012.0,2012.0,IND,64.0,21.0,0.071428575
2017,17,00-0029689,D.Allen,TE,NE,NYJ,0,0,0.0,0,0.0,0.0,0.0,0,0.0,0,1,0,0.0,0,0.0,0.0,,,75.0,265.0,27.729526315789474,5.0,Clemson,2012.0,2012.0,IND,64.0,20.0,0.025641026
2017,1,00-0029697,C.Fleener,TE,NO,MIN,0,0,0.0,0,0.0,0.0,0.0,0,0.0,0,6,5,54.0,1,11.4,16.4,,,78.0,251.0,29.14944444444445,5.0,Stanford,2012.0,2012.0,IND,34.0,,0.16216215
2017,2,00-0029697,C.Fleener,TE,NO,NE,0,0,0.0,0,0.0,0.0,0.0,0,0.0,0,4,3,33.0,1,9.3,12.3,,,78.0,251.0,29.14944444444445,5.0,Stanford,2012.0,2012.0,IND,34.0,-16.0,0.09090909
2017,3,00-0029697,C.Fleener,TE,NO,CAR,0,0,0.0,0,0.0,0.0,0.0,0,0.0,0,1,1,21.0,0,2.1,3.1,,,78.0,251.0,29.14944444444445,5.0,Stanford,2012.0,2012.0,IND,34.0,,0.03448276
2017,4,00-0029697,C.Fleener,TE,NO,MIA,0,0,0.0,0,0.0,0.0,0.0,0,0.0,0,4,2,21.0,0,2.1,4.1,,,78.0,251.0,29.14944444444445,5.0,Stanford,2012.0,2012.0,IND,34.0,,0.1
2017,6,00-0029697,C.Fleener,TE,NO,DET,0,0,0.0,0,0.0,0.0,0.0,0,0.0,0,1,0,0.0,0,0.0,0.0,,,78.0,251.0,29.14944444444445,5.0,Stanford,2012.0,2012.0,IND,34.0,14.0,0.033333335
2017,7,00-0029697,C.Fleener,TE,NO,GB,0,0,0.0,0,0.0,0.0,0.0,0,0.0,0,3,2,22.0,0,2.2,4.2,,,78.0,251.0,29.14944444444445,5.0,Stanford,2012.0,2012.0,IND,34.0,,0.078947365
2017,8,00-0029697,C.Fleener,TE,NO,CHI,0,0,0.0,0,0.0,0.0,0.0,0,0.0,0,1,1,-1.0,0,-0.1,0.9,,,78.0,251.0,29.14944444444445,5.0,Stanford,2012.0,2012.0,IND,34.0,8.0,0.037037037
2017,9,00-0029697,C.Fleener,TE,NO,TB,0,0,0.0,0,0.0,0.0,0.0,0,0.0,0,2,2,46.0,0,4.6,6.6,,,78.0,251.0,29.14944444444445,5.0,Stanford,2012.0,2012.0,IND,34.0,20.0,0.074074075
2017,10,00-0029697,C.Fleener,TE,NO,BUF,0,0,0.0,0,0.0,0.0,0.0,0,0.0,0,1,0,0.0,0,0.0,0.0,,,78.0,251.0,29.14944444444445,5.0,Stanford,2012.0,2012.0,IND,34.0,,0.04347826
2017,11,00-0029697,C.Fleener,TE,NO,WAS,0,0,0.0,0,0.0,0.0,0.0,0,0.0,0,5,5,91.0,0,9.1,14.1,,,78.0,251.0,29.14944444444445,5.0,Stanford,2012.0,2012.0,IND,34.0,3.0,0.125
2017,12,00-0029697,C.Fleener,TE,NO,LA,0,0,0.0,0,0.0,0.0,0.0,0,0.0,0,2,1,8.0,0,0.8,1.8,,,78.0,251.0,29.14944444444445,5.0,Stanford,2012.0,2012.0,IND,34.0,,0.0625
2017,1,00-0029708,K.Wright,WR,CHI,ATL,0,0,0.0,0,0.0,0.0,0.0,0,0.0,0,4,3,34.0,0,3.4,6.4,,,70.0,185.0,27.980375,5.0,Baylor,2012.0,2012.0,TEN,20.0,-6.0,0.1
2017,2,00-0029708,K.Wright,WR,CHI,TB,0,0,0.0,0,0.0,0.0,0.0,0,0.0,0,10,7,69.0,0,6.9,13.9,,,70.0,185.0,27.980375,5.0,Baylor,2012.0,2012.0,TEN,20.0,,0.22222222
2017,4,00-0029708,K.Wright,WR,CHI,GB,0,0,0.0,0,0.0,0.0,0.0,0,0.0,0,4,4,51.0,1,11.1,15.1,,,70.0,185.0,27.980375,5.0,Baylor,2012.0,2012.0,TEN,20.0,,0.121212125
2017,5,00-0029708,K.Wright,WR,CHI,MIN,0,0,0.0,0,0.0,0.0,0.0,0,0.0,0,5,4,46.0,0,4.6,8.6,,,70.0,185.0,27.980375,5.0,Baylor,2012.0,2012.0,TEN,20.0,-3.0,0.1923077
2017,6,00-0029708,K.Wright,WR,CHI,BAL,0,0,0.0,0,0.0,0.0,0.0,0,0.0,0,3,2,36.0,0,3.6,5.6,,,70.0,185.0,27.980375,5.0,Baylor,2012.0,2012.0,TEN,20.0,,0.1875
2017,8,00-0029708,K.Wright,WR,CHI,NO,0,0,0.0,0,0.0,0.0,0.0,0,0.0,0,8,2,23.0,0,2.3,4.3,,,70.0,185.0,27.980375,5.0,Baylor,2012.0,2012.0,TEN,20.0,,0.25
2017,10,00-0029708,K.Wright,WR,CHI,GB,0,0,0.0,0,0.0,0.0,0.0,0,0.0,0,8,5,46.0,0,4.6,9.6,,,70.0,185.0,27.980375,5.0,Baylor,2012.0,2012.0,TEN,20.0,-7.0,0.22857143
2017,11,00-0029708,K.Wright,WR,CHI,DET,0,0,0.0,0,0.0,0.0,0.0,0,0.0,0,4,2,25.0,0,2.5,4.5,,,70.0,185.0,27.980375,5.0,Baylor,2012.0,2012.0,TEN,20.0,-3.0,0.13333334
2017,12,00-0029708,K.Wright,WR,CHI,PHI,0,0,0.0,0,0.0,0.0,0.0,0,0.0,0,5,2,15.0,0,1.5,3.5,,,70.0,185.0,27.980375,5.0,Baylor,2012.0,2012.0,TEN,20.0,,0.15625
2017,13,00-0029708,K.Wright,WR,CHI,SF,0,0,0.0,0,0.0,0.0,0.0,0,0.0,0,2,2,25.0,0,2.5,4.5,,,70.0,185.0,27.980375,5.0,Baylor,2012.0,2012.0,TEN,20.0,-1.0,0.13333334
2017,14,00-0029708,K.Wright,WR,CHI,CIN,0,0,0.0,0,0.0,0.0,0.0,0,0.0,0,11,10,107.0,0,10.7,20.7,,,70.0,185.0,27.980375,5.0,Baylor,2012.0,2012.0,TEN,20.0,,0.3548387
2017,15,00-0029708,K.Wright,WR,CHI,DET,0,0,0.0,0,0.0,0.0,0.0,0,0.0,0,13,7,81.0,0,8.1,15.1,,,70.0,185.0,27.980375,5.0,Baylor,2012.0,2012.0,TEN,20.0,,0.2826087
2017,16,00-0029708,K.Wright,WR,CHI,CLE,0,0,0.0,0,0.0,0.0,0.0,0,0.0,0,6,4,27.0,0,2.7,6.7,,,70.0,185.0,27.980375,5.0,Baylor,2012.0,2012.0,TEN,20.0,17.0,0.26086956
2017,17,00-0029708,K.Wright,WR,CHI,MIN,0,0,0.0,0,0.0,0.0,0.0,0,0.0,0,8,5,29.0,0,2.9,7.9,,,70.0,185.0,27.980375,5.0,Baylor,2012.0,2012.0,TEN,20.0,,0.22222222
2017,1,00-0029731,F.Whittaker,RB,CAR,SF,0,0,0.0,0,0.0,0.0,0.0,1,1.0,0,0,0,0.0,0,0.1,0.1,,,70.0,205.0,28.763176470588235,5.0,Texas,2012.0,2013.0,,,,
2017,3,00-0029731,F.Whittaker,RB,CAR,NO,0,0,0.0,0,0.0,0.0,0.0,2,12.0,0,0,0,0.0,0,1.2,1.2,,,70.0,205.0,28.763176470588235,5.0,Texas,2012.0,2013.0,,,-21.0,
2017,4,00-0029731,F.Whittaker,RB,CAR,NE,0,0,0.0,0,0.0,0.0,0.0,0,0.0,0,3,3,34.0,1,9.4,12.4,,,70.0,205.0,28.763176470588235,5.0,Texas,2012.0,2013.0,,,,0.10344828
2017,6,00-0029731,F.Whittaker,RB,CAR,PHI,0,0,0.0,0,0.0,0.0,0.0,1,-3.0,0,0,0,0.0,0,-0.3,-0.3,,,70.0,205.0,28.763176470588235,5.0,Texas,2012.0,2013.0,,,-5.0,
2017,14,00-0029731,F.Whittaker,RB,CAR,MIN,0,0,0.0,0,0.0,0.0,0.0,0,0.0,0,1,0,0.0,0,0.0,0.0,,,70.0,205.0,28.763176470588235,5.0,Texas,2012.0,2013.0,,,7.0,0.04347826
2017,15,00-0029731,F.Whittaker,RB,CAR,GB,0,0,0.0,0,0.0,0.0,0.0,1,3.0,0,0,0,0.0,0,0.3,0.3,,,70.0,205.0,28.763176470588235,5.0,Texas,2012.0,2013.0,,,7.0,
2017,16,00-0029731,F.Whittaker,RB,CAR,TB,0,0,0.0,0,0.0,0.0,0.0,1,5.0,0,1,1,4.0,0,0.9,1.9,,,70.0,205.0,28.763176470588235,5.0,Texas,2012.0,2013.0,,,3.0,0.03846154
2017,17,00-0029731,F.Whittaker,RB,CAR,ATL,0,0,0.0,0,0.0,0.0,0.0,1,0.0,0,1,1,9.0,0,0.9,1.9,,,70.0,205.0,28.763176470588235,5.0,Texas,2012.0,2013.0,,,,0.030303031
2017,18,00-0029731,F.Whittaker,RB,CAR,NO,0,0,0.0,0,0.0,0.0,0.0,1,3.0,0,0,0,0.0,0,0.3,0.3,,,70.0,205.0,28.763176470588235,5.0,Texas,2012.0,2013.0,,,,
2017,2,00-0029738,D.Fells,TE,DET,NYG,0,0,0.0,0,0.0,0.0,0.0,0,0.0,0,1,1,3.0,0,0.3,1.3,,,79.0,270.0,31.5420625,4.0,California-Irvine,2013.0,2013.0,,,,0.04761905
2017,3,00-0029738,D.Fells,TE,DET,ATL,0,0,0.0,0,0.0,0.0,0.0,0,0.0,0,1,1,8.0,0,0.8,1.8,,,79.0,270.0,31.5420625,4.0,California-Irvine,2013.0,2013.0,,,-4.0,0.022222223
2017,4,00-0029738,D.Fells,TE,DET,MIN,0,0,0.0,0,0.0,0.0,0.0,0,0.0,0,5,4,40.0,0,4.0,8.0,,,79.0,270.0,31.5420625,4.0,California-Irvine,2013.0,2013.0,,,,0.16129032
2017,5,00-0029738,D.Fells,TE,DET,CAR,0,0,0.0,0,0.0,0.0,0.0,0,0.0,0,2,2,24.0,2,14.4,16.4,,,79.0,270.0,31.5420625,4.0,California-Irvine,2013.0,2013.0,,,-3.0,0.057142857
2017,6,00-0029738,D.Fells,TE,DET,NO,0,0,0.0,0,0.0,0.0,0.0,0,0.0,0,4,2,26.0,1,8.6,10.6,,,79.0,270.0,31.5420625,4.0,California-Irvine,2013.0,2013.0,,,,0.078431375
2017,8,00-0029738,D.Fells,TE,DET,PIT,0,0,0.0,0,0.0,0.0,0.0,0,0.0,0,3,1,12.0,0,1.2,2.2,,,79.0,270.0,31.5420625,4.0,California-Irvine,2013.0,2013.0,,,-5.0,0.06666667
2017,9,00-0029738,D.Fells,TE,DET,GB,0,0,0.0,0,0.0,0.0,0.0,0,0.0,0,1,1,10.0,0,1.0,2.0,,,79.0,270.0,31.5420625,4.0,California-Irvine,2013.0,2013.0,,,,0.030303031
2017,10,00-0029738,D.Fells,TE,DET,CLE,0,0,0.0,0,0.0,0.0,0.0,0,0.0,0,1,0,0.0,0,0.0,0.0,,,79.0,270.0,31.5420625,4.0,California-Irvine,2013.0,2013.0,,,14.0,0.04
2017,11,00-0029738,D.Fells,TE,DET,CHI,0,0,0.0,0,0.0,0.0,0.0,0,0.0,0,1,1,9.0,0,0.9,1.9,,,79.0,270.0,31.5420625,4.0,California-Irvine,2013.0,2013.0,,,,0.032258064
2017,12,00-0029738,D.Fells,TE,DET,MIN,0,0,0.0,0,0.0,0.0,0.0,0,0.0,0,3,0,0.0,0,0.0,0.0,,,79.0,270.0,31.5420625,4.0,California-Irvine,2013.0,2013.0,,,-7.0,0.08571429
2017,13,00-0029738,D.Fells,TE,DET,BAL,0,0,0.0,0,0.0,0.0,0.0,0,0.0,0,2,2,10.0,0,1.0,3.0,,,79.0,270.0,31.5420625,4.0,California-Irvine,2013.0,2013.0,,,,0.05882353
2017,14,00-0029738,D.Fells,TE,DET,TB,0,0,0.0,0,0.0,0.0,0.0,0,0.0,0,1,1,23.0,0,2.3,3.3,,,79.0,270.0,31.5420625,4.0,California-Irvine,2013.0,2013.0,,,,0.022727273
2017,17,00-0029738,D.Fells,TE,DET,GB,0,0,0.0,0,0.0,0.0,0.0,0,0.0,0,1,1,12.0,0,1.2,2.2,,,79.0,270.0,31.5420625,4.0,California-Irvine,2013.0,2013.0,,,24.0,0.03448276
2017,2,00-0029740,I.Momah,TE,ARI,IND,0,0,0.0,0,0.0,0.0,0.0,0,0.0,0,2,1,46.0,0,4.6,5.6,,,79.0,255.0,28.0364375,4.0,Boston College,2013.0,2013.0,,,,0.055555556
2017,2,00-0029793,B.Williams,TE,IND,ARI,0,0,0.0,0,0.0,0.0,0.0,0,0.0,0,1,1,20.0,0,2.0,3.0,,,75.0,260.0,30.064125,4.0,Oregon,2013.0,2013.0,,,-3.0,0.027777778
2017,3,00-0029793,B.Williams,TE,IND,CLE,0,0,0.0,0,0.0,0.0,0.0,0,0.0,0,1,1,7.0,0,0.7,1.7,,,75.0,260.0,30.064125,4.0,Oregon,2013.0,2013.0,,,3.0,0.041666668
2017,4,00-0029793,B.Williams,TE,IND,SEA,0,0,0.0,0,0.0,0.0,0.0,0,0.0,0,2,1,32.0,0,3.2,4.2,,,75.0,260.0,30.064125,4.0,Oregon,2013.0,2013.0,,,,0.071428575
2017,5,00-0029793,B.Williams,TE,IND,SF,0,0,0.0,0,0.0,0.0,0.0,0,0.0,0,3,3,17.0,0,1.7,4.7,,,75.0,260.0,30.064125,4.0,Oregon,2013.0,2013.0,,,3.0,0.09090909
2017,7,00-0029793,B.Williams,TE,IND,JAX,0,0,0.0,0,0.0,0.0,0.0,0,0.0,0,2,1,6.0,0,0.6,1.6,,,75.0,260.0,30.064125,4.0,Oregon,2013.0,2013.0,,,-27.0,0.054054055
2017,9,00-0029793,B.Williams,TE,IND,HOU,0,0,0.0,0,0.0,0.0,0.0,0,0.0,0,2,2,20.0,0,2.0,4.0,,,75.0,260.0,30.064125,4.0,Oregon,2013.0,2013.0,,,,0.06666667
2017,13,00-0029793,B.Williams,TE,IND,JAX,0,0,0.0,0,0.0,0.0,0.0,0,0.0,0,2,2,11.0,0,1.1,3.1,,,75.0,260.0,30.064125,4.0,Oregon,2013.0,2013.0,,,,0.05882353
2017,14,00-0029793,B.Williams,TE,IND,BUF,0,0,0.0,0,0.0,0.0,0.0,0,0.0,0,3,2,8.0,0,0.8,2.8,,,75.0,260.0,30.064125,4.0,Oregon,2013.0,2013.0,,,,0.15
2017,15,00-0029793,B.Williams,TE,IND,DEN,0,0,0.0,0,0.0,0.0,0.0,0,0.0,0,1,0,0.0,0,0.0,0.0,,,75.0,260.0,30.064125,4.0,Oregon,2013.0,2013.0,,,-12.0,0.035714287
2017,3,00-0029795,B.Cunningham,RB,CHI,PIT,0,0,0.0,0,0.0,0.0,0.0,0,0.0,0,3,3,23.0,0,2.3,5.3,,,70.0,218.0,27.3314375,4.0,Middle Tennessee State,2013.0,2013.0,,,6.0,0.14285715
2017,4,00-0029795,B.Cunningham,RB,CHI,GB,0,0,0.0,0,0.0,0.0,0.0,5,26.0,0,0,0,0.0,0,2.6,2.6,,,70.0,218.0,27.3314375,4.0,Middle Tennessee State,2013.0,2013.0,,,,
2017,5,00-0029795,B.Cunningham,RB,CHI,MIN,0,0,0.0,0,0.0,0.0,0.0,1,4.0,0,4,2,43.0,1,10.7,12.7,,,70.0,218.0,27.3314375,4.0,Middle Tennessee State,2013.0,2013.0,,,-3.0,0.15384616
2017,8,00-0029795,B.Cunningham,RB,CHI,NO,0,0,0.0,0,0.0,0.0,0.0,1,0.0,0,1,1,0.0,0,0.0,1.0,,,70.0,218.0,27.3314375,4.0,Middle Tennessee State,2013.0,2013.0,,,,0.03125
2017,10,00-0029795,B.Cunningham,RB,CHI,GB,0,0,0.0,0,0.0,0.0,0.0,1,0.0,0,4,3,32.0,0,3.2,6.2,,,70.0,218.0,27.3314375,4.0,Middle Tennessee State,2013.0,2013.0,,,-7.0,0.114285715
2017,11,00-0029795,B.Cunningham,RB,CHI,DET,0,0,0.0,0,0.0,0.0,0.0,0,0.0,0,2,1,18.0,0,1.8,2.8,,,70.0,218.0,27.3314375,4.0,Middle Tennessee State,2013.0,2013.0,,,-3.0,0.06666667
2017,12,00-0029795,B.Cunningham,RB,CHI,PHI,0,0,0.0,0,0.0,0.0,0.0,1,-1.0,0,2,1,9.0,0,0.8,1.8,,,70.0,218.0,27.3314375,4.0,Middle Tennessee State,2013.0,2013.0,,,,0.0625
2017,14,00-0029795,B.Cunningham,RB,CHI,CIN,0,0,0.0,0,0.0,0.0,0.0,0,0.0,0,2,2,14.0,0,1.4,3.4,,,70.0,218.0,27.3314375,4.0,Middle Tennessee State,2013.0,2013.0,,,,0.06451613
2017,15,00-0029795,B.Cunningham,RB,CHI,DET,0,0,0.0,0,0.0,0.0,0.0,0,0.0,0,5,4,33.0,1,9.3,13.3,,,70.0,218.0,27.3314375,4.0,Middle Tennessee State,2013.0,2013.0,,,,0.10869565
2017,16,00-0029795,B.Cunningham,RB,CHI,CLE,0,0,0.0,0,0.0,0.0,0.0,0,0.0,0,2,2,62.0,0,6.2,8.2,,,70.0,218.0,27.3314375,4.0,Middle Tennessee State,2013.0,2013.0,,,17.0,0.08695652
2017,17,00-0029795,B.Cunningham,RB,CHI,MIN,0,0,0.0,0,0.0,0.0,0.0,0,0.0,0,1,1,6.0,0,0.6,1.6,,,70.0,218.0,27.3314375,4.0,Middle Tennessee State,2013.0,2013.0,,,,0.027777778
2017,4,00-0029848,N.Williams,WR,ATL,BUF,0,0,0.0,0,0.0,0.0,0.0,0,0.0,0,4,3,30.0,0,3.0,6.0,,,70.0,184.0,26.97538888888889,4.0,Connecticut,2013.0,2013.0,,,-6.0,0.0952381
2017,19,00-0029848,N.Williams,WR,ATL,PHI,0,0,0.0,0,0.0,0.0,0.0,0,0.0,0,1,0,0.0,0,0.0,0.0,,,70.0,184.0,26.97538888888889,4.0,Connecticut,2013.0,2013.0,,,,0.027777778
2017,1,00-0029854,C.Anderson,RB,DEN,LAC,0,0,0.0,0,0.0,0.0,0.0,20,81.0,0,3,1,7.0,0,8.8,9.8,,,68.0,224.0,26.73975,4.0,California,2013.0,2013.0,,,3.0,0.10714286
2017,2,00-0029854,C.Anderson,RB,DEN,DAL,0,0,0.0,0,0.0,0.0,0.0,25,118.0,1,3,3,36.0,1,27.4,30.4,,,68.0,224.0,26.73975,4.0,California,2013.0,2013.0,,,25.0,0.1
2017,3,00-0029854,C.Anderson,RB,DEN,BUF,0,0,0.0,0,0.0,0.0,0.0,8,36.0,0,2,2,7.0,0,4.3,6.3,,,68.0,224.0,26.73975,4.0,California,2013.0,2013.0,,,,0.05
2017,4,00-0029854,C.Anderson,RB,DEN,LV,0,0,0.0,0,0.0,0.0,0.0,20,95.0,0,4,4,17.0,0,11.2,15.2,,,68.0,224.0,26.73975,4.0,California,2013.0,2013.0,,,6.0,0.16
2017,6,00-0029854,C.Anderson,RB,DEN,NYG,0,0,0.0,0,0.0,0.0,0.0,9,17.0,0,0,0,0.0,0,1.7,1.7,,,68.0,224.0,26.73975,4.0,California,2013.0,2013.0,,,-13.0,
2017,7,00-0029854,C.Anderson,RB,DEN,LAC,0,0,0.0,0,0.0,0.0,0.0,10,44.0,0,2,1,17.0,0,6.1,7.1,,,68.0,224.0,26.73975,4.0,California,2013.0,2013.0,,,,0.057142857
2017,8,00-0029854,C.Anderson,RB,DEN,KC,0,0,0.0,0,0.0,0.0,0.0,15,78.0,0,1,1,7.0,0,8.5,9.5,,,68.0,224.0,26.73975,4.0,California,2013.0,2013.0,,,,0.027777778
2017,9,00-0029854,C.Anderson,RB,DEN,PHI,0,0,0.0,0,0.0,0.0,0.0,9,13.0,0,1,0,0.0,0,1.3,1.3,,,68.0,224.0,26.73975,4.0,California,2013.0,2013.0,,,,0.027027028
2017,10,00-0029854,C.Anderson,RB,DEN,NE,0,0,0.0,0,0.0,0.0,0.0,10,54.0,0,1,1,1.0,0,5.5,6.5,,,68.0,224.0,26.73975,4.0,California,2013.0,2013.0,,,-25.0,0.03125
2017,11,00-0029854,C.Anderson,RB,DEN,CIN,0,0,0.0,0,0.0,0.0,0.0,13,37.0,1,3,2,19.0,0,9.6,11.6,,,68.0,224.0,26.73975,4.0,California,2013.0,2013.0,,,-3.0,0.075
2017,12,00-0029854,C.Anderson,RB,DEN,LV,0,0,0.0,0,0.0,0.0,0.0,5,12.0,0,0,0,0.0,0,1.2,1.2,,,68.0,224.0,26.73975,4.0,California,2013.0,2013.0,,,,
2017,13,00-0029854,C.Anderson,RB,DEN,MIA,0,0,0.0,0,0.0,0.0,0.0,15,67.0,0,7,4,43.0,0,11.0,15.0,,,68.0,224.0,26.73975,4.0,California,2013.0,2013.0,,,,0.175
2017,14,00-0029854,C.Anderson,RB,DEN,NYJ,0,0,0.0,0,0.0,0.0,0.0,22,48.0,0,2,2,25.0,0,7.3,9.3,,,68.0,224.0,26.73975,4.0,California,2013.0,2013.0,,,23.0,0.071428575
2017,15,00-0029854,C.Anderson,RB,DEN,IND,0,0,0.0,0,0.0,0.0,0.0,30,158.0,0,1,0,0.0,0,15.8,15.8,,,68.0,224.0,26.73975,4.0,California,2013.0,2013.0,,,,0.04
2017,16,00-0029854,C.Anderson,RB,DEN,WAS,0,0,0.0,0,0.0,0.0,0.0,16,88.0,1,9,7,45.0,0,21.3,28.3,,,68.0,224.0,26.73975,4.0,California,2013.0,2013.0,,,,0.24324325
2017,17,00-0029854,C.Anderson,RB,DEN,KC,0,0,0.0,0,0.0,0.0,0.0,18,61.0,0,1,0,0.0,0,6.1,6.1,,,68.0,224.0,26.73975,4.0,California,2013.0,2013.0,,,-3.0,0.032258064
2017,5,00-0029878,M.Gray,TE,MIA,TEN,0,1,0.0,0,0.0,0.0,-0.0,0,0.0,0,1,0,0.0,0,0.0,0.0,,,76.0,263.0,28.004,4.0,Minnesota,2013.0,2013.0,,,6.0,0.03846154
2017,9,00-0029878,M.Gray,TE,MIA,LV,0,0,0.0,0,0.0,0.0,0.0,1,3.0,0,0,0,0.0,0,0.3,0.3,,,76.0,263.0,28.004,4.0,Minnesota,2013.0,2013.0,,,-3.0,
2017,11,00-0029878,M.Gray,TE,MIA,TB,0,0,0.0,0,0.0,0.0,0.0,0,0.0,0,1,0,0.0,0,0.0,0.0,,,76.0,263.0,28.004,4.0,Minnesota,2013.0,2013.0,,,-10.0,0.027777778
2017,14,00-0029878,M.Gray,TE,MIA,NE,0,0,0.0,0,0.0,0.0,0.0,1,2.0,0,1,1,10.0,0,1.2,2.2,,,76.0,263.0,28.004,4.0,Minnesota,2013.0,2013.0,,,7.0,0.029411765
2017,15,00-0029878,M.Gray,TE,MIA,BUF,0,0,0.0,0,0.0,0.0,0.0,2,7.0,0,0,0,0.0,0,0.7,0.7,,,76.0,263.0,28.004,4.0,Minnesota,2013.0,2013.0,,,,
2017,17,00-0029878,M.Gray,TE,MIA,BUF,0,0,0.0,0,0.0,0.0,0.0,1,2.0,0,0,0,0.0,0,0.2,0.2,,,76.0,263.0,28.004,4.0,Minnesota,2013.0,2013.0,,,-6.0,
2017,1,00-0029892,K.Juszczyk,FB,SF,CAR,0,0,0.0,0,0.0,0.0,0.0,1,0.0,0,4,2,17.0,0,1.7,3.7,,,73.0,240.0,26.5350625,4.0,Harvard,2013.0,2013.0,BAL,130.0,-20.0,0.114285715
2017,3,00-0029892,K.Juszczyk,FB,SF,LA,0,0,0.0,0,0.0,0.0,0.0,0,0.0,0,1,1,34.0,0,3.4,4.4,,,73.0,240.0,26.5350625,4.0,Harvard,2013.0,2013.0,BAL,130.0,-2.0,0.027027028
2017,4,00-0029892,K.Juszczyk,FB,SF,ARI,0,0,0.0,0,0.0,0.0,0.0,1,8.0,0,3,3,15.0,0,2.3,5.3,,,73.0,240.0,26.5350625,4.0,Harvard,2013.0,2013.0,BAL,130.0,,0.0625
2017,5,00-0029892,K.Juszczyk,FB,SF,IND,0,0,0.0,0,0.0,0.0,0.0,1,3.0,0,4,2,14.0,1,7.7,9.7,,,73.0,240.0,26.5350625,4.0,Harvard,2013.0,2013.0,BAL,130.0,,0.08888889
2017,8,00-0029892,K.Juszczyk,FB,SF,PHI,0,0,0.0,0,0.0,0.0,0.0,1,12.0,0,0,0,0.0,0,1.2,1.2,,,73.0,240.0,26.5350625,4.0,Harvard,2013.0,2013.0,BAL,130.0,,
2017,9,00-0029892,K.Juszczyk,FB,SF,ARI,0,0,0.0,0,0.0,0.0,0.0,1,5.0,0,2,1,5.0,0,-1.0,0.0,,,73.0,240.0,26.5350625,4.0,Harvard,2013.0,2013.0,BAL,130.0,-10.0,0.039215688
2017,10,00-0029892,K.Juszczyk,FB,SF,NYG,0,0,0.0,0,0.0,0.0,0.0,1,0.0,0,6,5,27.0,0,0.7,5.7,,,73.0,240.0,26.5350625,4.0,Harvard,2013.0,2013.0,BAL,130.0,10.0,0.24
2017,12,00-0029892,K.Juszczyk,FB,SF,SEA,0,0,0.0,0,0.0,0.0,0.0,0,0.0,0,2,2,8.0,0,0.8,2.8,,,73.0,240.0,26.5350625,4.0,Harvard,2013.0,2013.0,BAL,130.0,-11.0,0.05263158
2017,13,00-0029892,K.Juszczyk,FB,SF,CHI,0,0,0.0,0,0.0,0.0,0.0,1,3.0,0,3,3,20.0,0,2.3,5.3,,,73.0,240.0,26.5350625,4.0,Harvard,2013.0,2013.0,BAL,130.0,,0.08108108
2017,14,00-0029892,K.Juszczyk,FB,SF,HOU,0,0,0.0,0,0.0,0.0,0.0,0,0.0,0,4,3,64.0,0,6.4,9.4,,,73.0,240.0,26.5350625,4.0,Harvard,2013.0,2013.0,BAL,130.0,,0.125
2017,15,00-0029892,K.Juszczyk,FB,SF,TEN,0,0,0.0,0,0.0,0.0,0.0,0,0.0,0,4,2,16.0,0,1.6,3.6,,,73.0,240.0,26.5350625,4.0,Harvard,2013.0,2013.0,BAL,130.0,2.0,0.0952381
2017,16,00-0029892,K.Juszczyk,FB,SF,JAX,0,0,0.0,0,0.0,0.0,0.0,0,0.0,0,5,5,76.0,0,7.6,12.6,,,73.0,240.0,26.5350625,4.0,Harvard,2013.0,2013.0,BAL,130.0,11.0,0.16666667
2017,17,00-0029892,K.Juszczyk,FB,SF,LA,0,0,0.0,0,0.0,0.0,0.0,0,0.0,0,4,4,19.0,0,1.9,5.9,,,73.0,240.0,26.5350625,4.0,Harvard,2013.0,2013.0,BAL,130.0,,0.121212125
2017,6,00-0029931,Z.Line,FB,NO,DET,0,0,0.0,0,0.0,0.0,0.0,0,0.0,0,1,0,0.0,0,0.0,0.0,,,73.0,233.0,27.55333333333333,4.0,Southern Methodist,2013.0,2013.0,,,14.0,0.033333335
2017,7,00-0029931,Z.Line,FB,NO,GB,0,0,0.0,0,0.0,0.0,0.0,0,0.0,0,1,0,0.0,0,0.0,0.0,,,73.0,233.0,27.55333333333333,4.0,Southern Methodist,2013.0,2013.0,,,,0.02631579
2017,9,00-0029931,Z.Line,FB,NO,TB,0,0,0.0,0,0.0,0.0,0.0,2,4.0,0,0,0,0.0,0,0.4,0.4,,,73.0,233.0,27.55333333333333,4.0,Southern Methodist,2013.0,2013.0,,,20.0,
2017,10,00-0029931,Z.Line,FB,NO,BUF,0,0,0.0,0,0.0,0.0,0.0,1,9.0,0,0,0,0.0,0,0.9,0.9,,,73.0,233.0,27.55333333333333,4.0,Southern Methodist,2013.0,2013.0,,,,
2017,11,00-0029931,Z.Line,FB,NO,WAS,0,0,0.0,0,0.0,0.0,0.0,1,2.0,0,0,0,0.0,0,0.2,0.2,,,73.0,233.0,27.55333333333333,4.0,Southern Methodist,2013.0,2013.0,,,3.0,
2017,15,00-0029931,Z.Line,FB,NO,NYJ,0,0,0.0,0,0.0,0.0,0.0,2,8.0,0,2,1,5.0,0,1.3,2.3,,,73.0,233.0,27.55333333333333,4.0,Southern Methodist,2013.0,2013.0,,,12.0,0.055555556
2017,17,00-0029931,Z.Line,FB,NO,TB,0,0,0.0,0,0.0,0.0,0.0,1,5.0,0,1,1,3.0,1,6.8,7.8,,,73.0,233.0,27.55333333333333,4.0,Southern Methodist,2013.0,2013.0,,,,0.033333335
2017,18,00-0029931,Z.Line,FB,NO,CAR,0,0,0.0,0,0.0,0.0,0.0,1,1.0,1,1,1,7.0,0,6.8,7.8,,,73.0,233.0,27.55333333333333,4.0,Southern Methodist,2013.0,2013.0,,,5.0,0.033333335
2017,1,00-0030035,A.Thielen,WR,MIN,NO,0,0,0.0,0,0.0,0.0,0.0,0,0.0,0,10,9,157.0,0,15.7,24.7,,,74.0,200.0,27.228055555555557,4.0,Minn. State-Mankato,2013.0,2013.0,,,10.0,0.3125
2017,2,00-0030035,A.Thielen,WR,MIN,PIT,0,0,0.0,0,0.0,0.0,0.0,0,0.0,0,6,5,44.0,0,2.4,7.4,,,74.0,200.0,27.228055555555557,4.0,Minn. State-Mankato,2013.0,2013.0,,,,0.16666667
2017,3,00-0030035,A.Thielen,WR,MIN,TB,0,0,0.0,0,0.0,0.0,0.0,0,0.0,0,8,5,98.0,0,9.8,14.8,,,74.0,200.0,27.228055555555557,4.0,Minn. State-Mankato,2013.0,2013.0,,,17.0,0.24242425
2017,4,00-0030035,A.Thielen,WR,MIN,DET,0,0,0.0,0,0.0,0.0,0.0,0,0.0,0,8,5,59.0,0,3.9,8.9,,,74.0,200.0,27.228055555555557,4.0,Minn. State-Mankato,2013.0,2013.0,,,-7.0,0.26666668
2017,5,00-0030035,A.Thielen,WR,MIN,CHI,0,0,0.0,0,0.0,0.0,0.0,1,11.0,0,8,5,34.0,0,4.5,9.5,,,74.0,200.0,27.228055555555557,4.0,Minn. State-Mankato,2013.0,2013.0,,,,0.25
2017,6,00-0030035,A.Thielen,WR,MIN,GB,0,0,0.0,0,0.0,0.0,0.0,0,0.0,0,13,9,96.0,0,9.6,18.6,,,74.0,200.0,27.228055555555557,4.0,Minn. State-Mankato,2013.0,2013.0,,,13.0,0.3611111
2017,7,00-0030035,A.Thielen,WR,MIN,BAL,0,0,0.0,0,0.0,0.0,0.0,0,0.0,0,12,5,41.0,0,4.1,9.1,,,74.0,200.0,27.228055555555557,4.0,Minn. State-Mankato,2013.0,2013.0,,,8.0,0.38709676
2017,8,00-0030035,A.Thielen,WR,MIN,CLE,0,0,0.0,0,0.0,0.0,0.0,0,0.0,0,10,5,98.0,1,15.8,20.8,,,74.0,200.0,27.228055555555557,4.0,Minn. State-Mankato,2013.0,2013.0,,,,0.23255815
2017,10,00-0030035,A.Thielen,WR,MIN,WAS,0,0,0.0,0,0.0,0.0,0.0,0,0.0,0,12,8,166.0,1,22.6,30.6,,,74.0,200.0,27.228055555555557,4.0,Minn. State-Mankato,2013.0,2013.0,,,,0.41379312
2017,11,00-0030035,A.Thielen,WR,MIN,LA,0,0,0.0,0,0.0,0.0,0.0,0,0.0,0,9,6,123.0,1,18.3,24.3,,,74.0,200.0,27.228055555555557,4.0,Minn. State-Mankato,2013.0,2013.0,,,17.0,0.23684211
2017,12,00-0030035,A.Thielen,WR,MIN,DET,0,0,0.0,0,0.0,0.0,0.0,0,0.0,0,11,8,89.0,0,8.9,16.9,,,74.0,200.0,27.228055555555557,4.0,Minn. State-Mankato,2013.0,2013.0,,,,0.36666667
2017,13,00-0030035,A.Thielen,WR,MIN,ATL,0,0,0.0,0,0.0,0.0,0.0,0,0.0,0,5,4,51.0,0,5.1,9.1,,,74.0,200.0,27.228055555555557,4.0,Minn. State-Mankato,2013.0,2013.0,,,,0.16666667
2017,14,00-0030035,A.Thielen,WR,MIN,CAR,0,0,0.0,0,0.0,0.0,0.0,0,0.0,0,12,6,105.0,1,16.5,22.5,,,74.0,200.0,27.228055555555557,4.0,Minn. State-Mankato,2013.0,2013.0,,,,0.27906978
2017,15,00-0030035,A.Thielen,WR,MIN,CIN,0,0,0.0,0,0.0,0.0,0.0,0,0.0,0,5,3,30.0,0,3.0,6.0,,,74.0,200.0,27.228055555555557,4.0,Minn. State-Mankato,2013.0,2013.0,,,27.0,0.2
2017,16,00-0030035,A.Thielen,WR,MIN,GB,0,0,0.0,0,0.0,0.0,0.0,0,0.0,0,6,2,24.0,0,2.4,4.4,,,74.0,200.0,27.228055555555557,4.0,Minn. State-Mankato,2013.0,2013.0,,,,0.24
2017,17,00-0030035,A.Thielen,WR,MIN,CHI,0,0,0.0,0,0.0,0.0,0.0,0,0.0,0,7,6,61.0,0,6.1,12.1,,,74.0,200.0,27.228055555555557,4.0,Minn. State-Mankato,2013.0,2013.0,,,13.0,0.25
2017,19,00-0030035,A.Thielen,WR,MIN,NO,0,0,0.0,0,0.0,0.0,0.0,0,0.0,0,9,6,74.0,0,7.4,13.4,,,74.0,200.0,27.228055555555557,4.0,Minn. State-Mankato,2013.0,2013.0,,,5.0,0.225
2017,20,00-0030035,A.Thielen,WR,MIN,PHI,0,0,0.0,0,0.0,0.0,0.0,0,0.0,0,9,3,28.0,0,2.8,5.8,,,74.0,200.0,27.228055555555557,4.0,Minn. State-Mankato,2013.0,2013.0,,,,0.19565217
2017,1,00-0030061,Z.Ertz,TE,PHI,WAS,0,0,0.0,0,0.0,0.0,0.0,0,0.0,0,8,8,93.0,0,9.3,17.3,,,77.0,250.0,27.019947368421054,4.0,Stanford,2013.0,2013.0,PHI,35.0,,0.21052632
2017,2,00-0030061,Z.Ertz,TE,PHI,KC,0,0,0.0,0,0.0,0.0,0.0,0,0.0,0,10,5,97.0,0,9.7,14.7,,,77.0,250.0,27.019947368421054,4.0,Stanford,2013.0,2013.0,PHI,35.0,,0.22222222
2017,3,00-0030061,Z.Ertz,TE,PHI,NYG,0,0,0.0,0,0.0,0.0,0.0,0,0.0,0,10,8,55.0,1,9.5,17.5,,,77.0,250.0,27.019947368421054,4.0,Stanford,2013.0,2013.0,PHI,35.0,3.0,0.32258064
2017,4,00-0030061,Z.Ertz,TE,PHI,LAC,0,0,0.0,0,0.0,0.0,0.0,0,0.0,0,8,5,81.0,0,8.1,13.1,,,77.0,250.0,27.019947368421054,4.0,Stanford,2013.0,2013.0,PHI,35.0,,0.26666668
2017,5,00-0030061,Z.Ertz,TE,PHI,ARI,0,0,0.0,0,0.0,0.0,0.0,0,0.0,0,12,6,61.0,1,12.1,18.1,,,77.0,250.0,27.019947368421054,4.0,Stanford,2013.0,2013.0,PHI,35.0,27.0,0.4
2017,6,00-0030061,Z.Ertz,TE,PHI,CAR,0,0,0.0,0,0.0,0.0,0.0,0,0.0,0,5,2,18.0,2,13.8,15.8,,,77.0,250.0,27.019947368421054,4.0,Stanford,2013.0,2013.0,PHI,35.0,,0.16666667
2017,7,00-0030061,Z.Ertz,TE,PHI,WAS,0,0,0.0,0,0.0,0.0,0.0,0,0.0,0,5,5,89.0,1,14.9,19.9,,,77.0,250.0,27.019947368421054,4.0,Stanford,2013.0,2013.0,PHI,35.0,10.0,0.2
2017,8,00-0030061,Z.Ertz,TE,PHI,SF,0,0,0.0,0,0.0,0.0,0.0,0,0.0,0,6,4,34.0,1,9.4,13.4,,,77.0,250.0,27.019947368421054,4.0,Stanford,2013.0,2013.0,PHI,35.0,23.0,0.1875
2017,11,00-0030061,Z.Ertz,TE,PHI,DAL,0,0,0.0,0,0.0,0.0,0.0,0,0.0,0,5,2,8.0,0,0.8,2.8,,,77.0,250.0,27.019947368421054,4.0,Stanford,2013.0,2013.0,PHI,35.0,,0.1923077
2017,12,00-0030061,Z.Ertz,TE,PHI,CHI,0,0,0.0,0,0.0,0.0,0.0,0,0.0,0,12,10,103.0,1,16.3,26.3,,,77.0,250.0,27.019947368421054,4.0,Stanford,2013.0,2013.0,PHI,35.0,28.0,0.30769232
2017,13,00-0030061,Z.Ertz,TE,PHI,SEA,0,0,0.0,0,0.0,0.0,0.0,0,0.0,0,4,2,24.0,0,2.4,4.4,,,77.0,250.0,27.019947368421054,4.0,Stanford,2013.0,2013.0,PHI,35.0,,0.08888889
2017,15,00-0030061,Z.Ertz,TE,PHI,NYG,0,0,0.0,0,0.0,0.0,0.0,0,0.0,0,9,6,56.0,1,11.6,17.6,,,77.0,250.0,27.019947368421054,4.0,Stanford,2013.0,2013.0,PHI,35.0,,0.24324325
2017,16,00-0030061,Z.Ertz,TE,PHI,LV,0,0,0.0,0,0.0,0.0,0.0,0,0.0,0,14,9,81.0,0,8.1,17.1,,,77.0,250.0,27.019947368421054,4.0,Stanford,2013.0,2013.0,PHI,35.0,9.0,0.3888889
2017,17,00-0030061,Z.Ertz,TE,PHI,DAL,0,0,0.0,0,0.0,0.0,0.0,0,0.0,0,2,2,24.0,0,2.4,4.4,,,77.0,250.0,27.019947368421054,4.0,Stanford,2013.0,2013.0,PHI,35.0,-6.0,0.060606062
2017,19,00-0030061,Z.Ertz,TE,PHI,ATL,0,0,0.0,0,0.0,0.0,0.0,0,0.0,0,5,3,32.0,0,3.2,6.2,,,77.0,250.0,27.019947368421054,4.0,Stanford,2013.0,2013.0,PHI,35.0,5.0,0.16666667
2017,20,00-0030061,Z.Ertz,TE,PHI,MIN,0,0,0.0,0,0.0,0.0,0.0,0,0.0,0,8,8,93.0,0,9.3,17.3,,,77.0,250.0,27.019947368421054,4.0,Stanford,2013.0,2013.0,PHI,35.0,31.0,0.25
2017,21,00-0030061,Z.Ertz,TE,PHI,NE,0,0,0.0,0,0.0,0.0,0.0,0,0.0,0,9,7,67.0,1,12.7,19.7,,,77.0,250.0,27.019947368421054,4.0,Stanford,2013.0,2013.0,PHI,35.0,,0.20454545
2017,1,00-0030068,M.Goodwin,WR,SF,CAR,0,0,0.0,0,0.0,0.0,0.0,0,0.0,0,6,3,21.0,0,2.1,5.1,,,69.0,179.0,26.9595,4.0,Texas,2013.0,2013.0,BUF,78.0,-20.0,0.17142858
2017,2,00-0030068,M.Goodwin,WR,SF,SEA,0,0,0.0,0,0.0,0.0,0.0,0,0.0,0,6,3,26.0,0,2.6,5.6,,,69.0,179.0,26.9595,4.0,Texas,2013.0,2013.0,BUF,78.0,,0.23076923
2017,3,00-0030068,M.Goodwin,WR,SF,LA,0,0,0.0,0,0.0,0.0,0.0,0,0.0,0,5,2,62.0,0,6.2,8.2,,,69.0,179.0,26.9595,4.0,Texas,2013.0,2013.0,BUF,78.0,-2.0,0.13513513
2017,4,00-0030068,M.Goodwin,WR,SF,ARI,0,0,0.0,0,0.0,0.0,0.0,0,0.0,0,2,1,18.0,0,1.8,2.8,,,69.0,179.0,26.9595,4.0,Texas,2013.0,2013.0,BUF,78.0,,0.041666668
2017,5,00-0030068,M.Goodwin,WR,SF,IND,0,0,0.0,0,0.0,0.0,0.0,0,0.0,0,11,5,116.0,0,11.6,16.6,,,69.0,179.0,26.9595,4.0,Texas,2013.0,2013.0,BUF,78.0,,0.24444444
2017,6,00-0030068,M.Goodwin,WR,SF,WAS,0,0,0.0,0,0.0,0.0,0.0,1,6.0,0,5,2,26.0,0,3.2,5.2,,,69.0,179.0,26.9595,4.0,Texas,2013.0,2013.0,BUF,78.0,,0.10638298
2017,7,00-0030068,M.Goodwin,WR,SF,DAL,0,0,0.0,0,0.0,0.0,0.0,0,0.0,0,8,4,80.0,0,8.0,12.0,,,69.0,179.0,26.9595,4.0,Texas,2013.0,2013.0,BUF,78.0,-30.0,0.21621622
2017,8,00-0030068,M.Goodwin,WR,SF,PHI,0,0,0.0,0,0.0,0.0,0.0,0,0.0,0,3,0,0.0,0,0.0,0.0,,,69.0,179.0,26.9595,4.0,Texas,2013.0,2013.0,BUF,78.0,,0.083333336
2017,9,00-0030068,M.Goodwin,WR,SF,ARI,0,0,0.0,0,0.0,0.0,0.0,0,0.0,0,8,2,68.0,0,6.8,8.8,,,69.0,179.0,26.9595,4.0,Texas,2013.0,2013.0,BUF,78.0,-10.0,0.15686275
2017,10,00-0030068,M.Goodwin,WR,SF,NYG,0,0,0.0,0,0.0,0.0,0.0,1,18.0,0,2,1,83.0,1,16.1,17.1,,,69.0,179.0,26.9595,4.0,Texas,2013.0,2013.0,BUF,78.0,10.0,0.08
2017,12,00-0030068,M.Goodwin,WR,SF,SEA,0,0,0.0,0,0.0,0.0,0.0,0,0.0,0,6,4,78.0,0,7.8,11.8,,,69.0,179.0,26.9595,4.0,Texas,2013.0,2013.0,BUF,78.0,-11.0,0.15789473
2017,13,00-0030068,M.Goodwin,WR,SF,CHI,0,0,0.0,0,0.0,0.0,0.0,0,0.0,0,8,8,99.0,0,9.9,17.9,,,69.0,179.0,26.9595,4.0,Texas,2013.0,2013.0,BUF,78.0,,0.21621622
2017,14,00-0030068,M.Goodwin,WR,SF,HOU,0,0,0.0,0,0.0,0.0,0.0,0,0.0,0,12,6,106.0,0,10.6,16.6,,,69.0,179.0,26.9595,4.0,Texas,2013.0,2013.0,BUF,78.0,,0.375
2017,15,00-0030068,M.Goodwin,WR,SF,TEN,0,0,0.0,0,0.0,0.0,0.0,1,10.0,0,13,10,114.0,0,12.4,22.4,,,69.0,179.0,26.9595,4.0,Texas,2013.0,2013.0,BUF,78.0,2.0,0.30952382
2017,16,00-0030068,M.Goodwin,WR,SF,JAX,0,0,0.0,0,0.0,0.0,0.0,0,0.0,0,6,3,37.0,0,3.7,6.7,,,69.0,179.0,26.9595,4.0,Texas,2013.0,2013.0,BUF,78.0,11.0,0.2
2017,17,00-0030068,M.Goodwin,WR,SF,LA,0,0,0.0,0,0.0,0.0,0.0,1,10.0,0,4,2,28.0,1,9.8,11.8,,,69.0,179.0,26.9595,4.0,Texas,2013.0,2013.0,BUF,78.0,,0.121212125
2017,2,00-0030085,K.Stills,WR,MIA,LAC,0,0,0.0,0,0.0,0.0,0.0,0,0.0,0,5,2,37.0,1,9.7,11.7,,,73.0,196.0,25.548125,4.0,Oklahoma,2013.0,2013.0,NO,144.0,,0.14705883
2017,3,00-0030085,K.Stills,WR,MIA,NYJ,0,0,0.0,0,0.0,0.0,0.0,0,0.0,0,10,4,51.0,0,5.1,9.1,,,73.0,196.0,25.548125,4.0,Oklahoma,2013.0,2013.0,NO,144.0,,0.22222222
2017,4,00-0030085,K.Stills,WR,MIA,NO,0,0,0.0,0,0.0,0.0,0.0,0,0.0,0,3,3,13.0,0,1.3,4.3,,,73.0,196.0,25.548125,4.0,Oklahoma,2013.0,2013.0,NO,144.0,-20.0,0.10714286
2017,5,00-0030085,K.Stills,WR,MIA,TEN,0,0,0.0,0,0.0,0.0,0.0,0,0.0,0,2,1,13.0,0,1.3,2.3,,,73.0,196.0,25.548125,4.0,Oklahoma,2013.0,2013.0,NO,144.0,6.0,0.07692308
2017,6,00-0030085,K.Stills,WR,MIA,ATL,0,0,0.0,0,0.0,0.0,0.0,0,0.0,0,4,4,49.0,1,10.9,14.9,,,73.0,196.0,25.548125,4.0,Oklahoma,2013.0,2013.0,NO,144.0,,0.121212125
2017,7,00-0030085,K.Stills,WR,MIA,NYJ,0,0,0.0,0,0.0,0.0,0.0,0,0.0,0,9,6,85.0,2,20.5,26.5,,,73.0,196.0,25.548125,4.0,Oklahoma,2013.0,2013.0,NO,144.0,3.0,0.25
2017,8,00-0030085,K.Stills,WR,MIA,BAL,0,0,0.0,0,0.0,0.0,0.0,0,0.0,0,10,5,65.0,0,6.5,11.5,,,73.0,196.0,25.548125,4.0,Oklahoma,2013.0,2013.0,NO,144.0,,0.22727273
2017,9,00-0030085,K.Stills,WR,MIA,LV,0,0,0.0,0,0.0,0.0,0.0,0,0.0,0,4,3,28.0,0,2.8,5.8,,,73.0,196.0,25.548125,4.0,Oklahoma,2013.0,2013.0,NO,144.0,-3.0,0.09756097
2017,10,00-0030085,K.Stills,WR,MIA,CAR,0,0,0.0,0,0.0,0.0,0.0,0,0.0,0,8,5,67.0,0,6.7,11.7,,,73.0,196.0,25.548125,4.0,Oklahoma,2013.0,2013.0,NO,144.0,,0.21621622
2017,11,00-0030085,K.Stills,WR,MIA,TB,0,0,0.0,0,0.0,0.0,0.0,0,0.0,0,8,7,180.0,1,24.0,31.0,,,73.0,196.0,25.548125,4.0,Oklahoma,2013.0,2013.0,NO,144.0,-10.0,0.22222222
2017,12,00-0030085,K.Stills,WR,MIA,NE,0,0,0.0,0,0.0,0.0,0.0,0,0.0,0,6,3,47.0,0,4.7,7.7,,,73.0,196.0,25.548125,4.0,Oklahoma,2013.0,2013.0,NO,144.0,,0.18181819
2017,13,00-0030085,K.Stills,WR,MIA,DEN,0,0,0.0,0,0.0,0.0,0.0,0,0.0,0,13,5,98.0,1,13.8,18.8,,,73.0,196.0,25.548125,4.0,Oklahoma,2013.0,2013.0,NO,144.0,26.0,0.40625
2017,14,00-0030085,K.Stills,WR,MIA,NE,0,0,0.0,0,0.0,0.0,0.0,0,0.0,0,4,2,18.0,0,1.8,3.8,,,73.0,196.0,25.548125,4.0,Oklahoma,2013.0,2013.0,NO,144.0,7.0,0.11764706
2017,15,00-0030085,K.Stills,WR,MIA,BUF,0,0,0.0,0,0.0,0.0,0.0,0,0.0,0,6,1,8.0,0,0.8,1.8,,,73.0,196.0,25.548125,4.0,Oklahoma,2013.0,2013.0,NO,144.0,,0.12244898
2017,16,00-0030085,K.Stills,WR,MIA,KC,0,0,0.0,0,0.0,0.0,0.0,0,0.0,0,6,4,54.0,0,3.4,7.4,,,73.0,196.0,25.548125,4.0,Oklahoma,2013.0,2013.0,NO,144.0,,0.16216215
2017,17,00-0030085,K.Stills,WR,MIA,BUF,0,0,0.0,0,0.0,0.0,0.0,0,0.0,0,7,3,34.0,0,3.4,6.4,,,73.0,196.0,25.548125,4.0,Oklahoma,2013.0,2013.0,NO,144.0,-6.0,0.1627907
2017,1,00-0030089,L.Willson,TE,SEA,GB,0,0,0.0,0,0.0,0.0,0.0,0,0.0,0,1,0,0.0,0,0.0,0.0,,,77.0,254.0,27.808875,4.0,Rice,2013.0,2013.0,SEA,158.0,,0.037037037
2017,2,00-0030089,L.Willson,TE,SEA,SF,0,0,0.0,0,0.0,0.0,0.0,0,0.0,0,3,3,25.0,0,2.5,5.5,,,77.0,254.0,27.808875,4.0,Rice,2013.0,2013.0,SEA,158.0,3.0,0.07692308
2017,3,00-0030089,L.Willson,TE,SEA,TEN,0,0,0.0,0,0.0,0.0,0.0,0,0.0,0,4,3,53.0,1,11.3,14.3,,,77.0,254.0,27.808875,4.0,Rice,2013.0,2013.0,SEA,158.0,,0.083333336
2017,4,00-0030089,L.Willson,TE,SEA,IND,0,0,0.0,0,0.0,0.0,0.0,0,0.0,0,1,1,6.0,1,6.6,7.6,,,77.0,254.0,27.808875,4.0,Rice,2013.0,2013.0,SEA,158.0,28.0,0.03846154
2017,5,00-0030089,L.Willson,TE,SEA,LA,0,0,0.0,0,0.0,0.0,0.0,0,0.0,0,1,0,0.0,0,0.0,0.0,,,77.0,254.0,27.808875,4.0,Rice,2013.0,2013.0,SEA,158.0,,0.027027028
2017,7,00-0030089,L.Willson,TE,SEA,NYG,0,0,0.0,0,0.0,0.0,0.0,0,0.0,0,1,1,13.0,0,1.3,2.3,,,77.0,254.0,27.808875,4.0,Rice,2013.0,2013.0,SEA,158.0,,0.027027028
2017,8,00-0030089,L.Willson,TE,SEA,HOU,0,0,0.0,0,0.0,0.0,0.0,0,0.0,0,1,0,0.0,0,0.0,0.0,,,77.0,254.0,27.808875,4.0,Rice,2013.0,2013.0,SEA,158.0,3.0,0.027027028
2017,9,00-0030089,L.Willson,TE,SEA,WAS,0,0,0.0,0,0.0,0.0,0.0,0,0.0,0,2,1,10.0,1,7.0,8.0,,,77.0,254.0,27.808875,4.0,Rice,2013.0,2013.0,SEA,158.0,-3.0,0.048780486
2017,11,00-0030089,L.Willson,TE,SEA,ATL,0,0,0.0,0,0.0,0.0,0.0,0,0.0,0,2,2,-1.0,0,-0.1,1.9,,,77.0,254.0,27.808875,4.0,Rice,2013.0,2013.0,SEA,158.0,-3.0,0.05
2017,14,00-0030089,L.Willson,TE,SEA,JAX,0,0,0.0,0,0.0,0.0,0.0,0,0.0,0,1,1,12.0,0,1.2,2.2,,,77.0,254.0,27.808875,4.0,Rice,2013.0,2013.0,SEA,158.0,,0.03448276
2017,15,00-0030089,L.Willson,TE,SEA,LA,0,0,0.0,0,0.0,0.0,0.0,0,0.0,0,2,1,26.0,1,8.6,9.6,,,77.0,254.0,27.808875,4.0,Rice,2013.0,2013.0,SEA,158.0,-35.0,0.074074075
2017,16,00-0030089,L.Willson,TE,SEA,DAL,0,0,0.0,0,0.0,0.0,0.0,0,0.0,0,2,2,9.0,0,0.9,2.9,,,77.0,254.0,27.808875,4.0,Rice,2013.0,2013.0,SEA,158.0,,0.1
2017,17,00-0030089,L.Willson,TE,SEA,ARI,0,0,0.0,0,0.0,0.0,0.0,0,0.0,0,1,0,0.0,0,0.0,0.0,,,77.0,254.0,27.808875,4.0,Rice,2013.0,2013.0,SEA,158.0,-2.0,0.035714287
2017,6,00-0030091,T.King,WR,NYG,DEN,0,0,0.0,0,0.0,0.0,0.0,0,0.0,0,3,1,7.0,0,0.7,1.7,,,73.0,192.0,27.3135625,4.0,Georgia,2013.0,2013.0,DEN,161.0,,0.15789473
2017,7,00-0030091,T.King,WR,NYG,SEA,0,0,0.0,0,0.0,0.0,0.0,1,-8.0,0,3,1,1.0,0,-0.7,0.3,,,73.0,192.0,27.3135625,4.0,Georgia,2013.0,2013.0,DEN,161.0,-17.0,0.078947365
2017,9,00-0030091,T.King,WR,NYG,LA,0,0,0.0,0,0.0,0.0,0.0,0,0.0,0,6,3,33.0,1,9.3,12.3,,,73.0,192.0,27.3135625,4.0,Georgia,2013.0,2013.0,DEN,161.0,-34.0,0.15789473
2017,10,00-0030091,T.King,WR,NYG,SF,0,0,0.0,0,0.0,0.0,0.0,1,11.0,0,4,2,22.0,0,3.3,5.3,,,73.0,192.0,27.3135625,4.0,Georgia,2013.0,2013.0,DEN,161.0,,0.10810811
2017,11,00-0030091,T.King,WR,NYG,KC,0,0,0.0,0,0.0,0.0,0.0,0,0.0,0,5,3,48.0,0,4.8,7.8,,,73.0,192.0,27.3135625,4.0,Georgia,2013.0,2013.0,DEN,161.0,3.0,0.14285715
2017,12,00-0030091,T.King,WR,NYG,WAS,0,0,0.0,0,0.0,0.0,0.0,0,0.0,0,4,2,36.0,0,3.6,5.6,,,73.0,192.0,27.3135625,4.0,Georgia,2013.0,2013.0,DEN,161.0,,0.15384616
2017,13,00-0030091,T.King,WR,NYG,LV,0,0,0.0,0,0.0,0.0,0.0,0,0.0,0,9,4,23.0,0,2.3,6.3,,,73.0,192.0,27.3135625,4.0,Georgia,2013.0,2013.0,DEN,161.0,,0.27272728
2017,15,00-0030091,T.King,WR,NYG,PHI,0,0,0.0,0,0.0,0.0,0.0,0,0.0,0,3,2,70.0,2,19.0,21.0,,,73.0,192.0,27.3135625,4.0,Georgia,2013.0,2013.0,DEN,161.0,-5.0,0.05263158
2017,1,00-0030107,T.Riddick,RB,DET,ARI,0,0,0.0,0,0.0,0.0,0.0,1,-1.0,0,7,6,27.0,1,8.6,14.6,,,69.0,201.0,26.5099375,4.0,Notre Dame,2013.0,2013.0,DET,199.0,12.0,0.17948718
2017,2,00-0030107,T.Riddick,RB,DET,NYG,0,0,0.0,0,0.0,0.0,0.0,9,20.0,0,3,3,17.0,0,3.7,6.7,,,69.0,201.0,26.5099375,4.0,Notre Dame,2013.0,2013.0,DET,199.0,,0.14285715
2017,3,00-0030107,T.Riddick,RB,DET,ATL,0,0,0.0,0,0.0,0.0,0.0,0,0.0,0,9,4,38.0,0,3.8,7.8,,,69.0,201.0,26.5099375,4.0,Notre Dame,2013.0,2013.0,DET,199.0,-4.0,0.2
2017,4,00-0030107,T.Riddick,RB,DET,MIN,0,0,0.0,0,0.0,0.0,0.0,4,4.0,0,2,1,8.0,0,1.2,2.2,,,69.0,201.0,26.5099375,4.0,Notre Dame,2013.0,2013.0,DET,199.0,,0.06451613
2017,5,00-0030107,T.Riddick,RB,DET,CAR,0,0,0.0,0,0.0,0.0,0.0,2,8.0,0,5,4,45.0,0,5.3,9.3,,,69.0,201.0,26.5099375,4.0,Notre Dame,2013.0,2013.0,DET,199.0,-3.0,0.14285715
2017,6,00-0030107,T.Riddick,RB,DET,NO,0,0,0.0,0,0.0,0.0,0.0,2,8.0,0,7,5,45.0,0,5.3,10.3,,,69.0,201.0,26.5099375,4.0,Notre Dame,2013.0,2013.0,DET,199.0,,0.13725491
2017,8,00-0030107,T.Riddick,RB,DET,PIT,0,0,0.0,0,0.0,0.0,0.0,4,21.0,0,2,2,24.0,0,4.5,6.5,,,69.0,201.0,26.5099375,4.0,Notre Dame,2013.0,2013.0,DET,199.0,-5.0,0.044444446
2017,9,00-0030107,T.Riddick,RB,DET,GB,0,0,0.0,0,0.0,0.0,0.0,5,11.0,0,4,4,62.0,0,7.3,11.3,,,69.0,201.0,26.5099375,4.0,Notre Dame,2013.0,2013.0,DET,199.0,,0.121212125
2017,10,00-0030107,T.Riddick,RB,DET,CLE,0,0,0.0,0,0.0,0.0,0.0,4,35.0,0,3,3,12.0,1,10.7,13.7,,,69.0,201.0,26.5099375,4.0,Notre Dame,2013.0,2013.0,DET,199.0,14.0,0.12
2017,11,00-0030107,T.Riddick,RB,DET,CHI,0,0,0.0,0,0.0,0.0,0.0,9,35.0,0,2,1,4.0,0,3.9,4.9,,,69.0,201.0,26.5099375,4.0,Notre Dame,2013.0,2013.0,DET,199.0,,0.06451613
2017,12,00-0030107,T.Riddick,RB,DET,MIN,0,0,0.0,0,0.0,0.0,0.0,5,20.0,0,2,1,10.0,0,3.0,4.0,,,69.0,201.0,26.5099375,4.0,Notre Dame,2013.0,2013.0,DET,199.0,-7.0,0.057142857
2017,13,00-0030107,T.Riddick,RB,DET,BAL,0,0,0.0,0,0.0,0.0,0.0,9,21.0,1,5,5,41.0,0,12.2,17.2,,,69.0,201.0,26.5099375,4.0,Notre Dame,2013.0,2013.0,DET,199.0,,0.14705883
2017,14,00-0030107,T.Riddick,RB,DET,TB,0,0,0.0,0,0.0,0.0,0.0,10,29.0,2,10,6,64.0,0,21.3,27.3,,,69.0,201.0,26.5099375,4.0,Notre Dame,2013.0,2013.0,DET,199.0,,0.22727273
2017,15,00-0030107,T.Riddick,RB,DET,CHI,0,0,0.0,0,0.0,0.0,0.0,8,49.0,0,3,3,12.0,0,4.1,7.1,,,69.0,201.0,26.5099375,4.0,Notre Dame,2013.0,2013.0,DET,199.0,10.0,0.09090909
2017,16,00-0030107,T.Riddick,RB,DET,CIN,0,0,0.0,0,0.0,0.0,0.0,8,16.0,0,4,3,23.0,0,3.9,6.9,,,69.0,201.0,26.5099375,4.0,Notre Dame,2013.0,2013.0,DET,199.0,,0.11764706
2017,17,00-0030107,T.Riddick,RB,DET,GB,0,0,0.0,0,0.0,0.0,0.0,4,10.0,0,3,2,12.0,0,2.2,4.2,,,69.0,201.0,26.5099375,4.0,Notre Dame,2013.0,2013.0,DET,199.0,24.0,0.10344828
2017,1,00-0030108,R.Griffin,TE,HOU,JAX,0,0,0.0,0,0.0,0.0,0.0,0,0.0,0,1,0,0.0,0,0.0,0.0,,,78.0,255.0,27.8188125,4.0,Connecticut,2013.0,2013.0,HOU,201.0,-22.0,0.027777778
2017,3,00-0030108,R.Griffin,TE,HOU,NE,0,0,0.0,0,0.0,0.0,0.0,0,0.0,0,6,5,61.0,1,12.1,17.1,,,78.0,255.0,27.8188125,4.0,Connecticut,2013.0,2013.0,HOU,201.0,,0.18181819
2017,4,00-0030108,R.Griffin,TE,HOU,TEN,0,0,0.0,0,0.0,0.0,0.0,0,0.0,0,5,2,13.0,0,1.3,3.3,,,78.0,255.0,27.8188125,4.0,Connecticut,2013.0,2013.0,HOU,201.0,43.0,0.14705883
2017,5,00-0030108,R.Griffin,TE,HOU,KC,0,0,0.0,0,0.0,0.0,0.0,0,0.0,0,4,2,22.0,0,2.2,4.2,,,78.0,255.0,27.8188125,4.0,Connecticut,2013.0,2013.0,HOU,201.0,-8.0,0.13793103
2017,6,00-0030108,R.Griffin,TE,HOU,CLE,0,0,0.0,0,0.0,0.0,0.0,0,0.0,0,8,3,52.0,0,7.2,10.2,,,78.0,255.0,27.8188125,4.0,Connecticut,2013.0,2013.0,HOU,201.0,16.0,0.27586207
2017,8,00-0030108,R.Griffin,TE,HOU,SEA,0,0,0.0,0,0.0,0.0,0.0,0,0.0,0,2,1,10.0,0,1.0,2.0,,,78.0,255.0,27.8188125,4.0,Connecticut,2013.0,2013.0,HOU,201.0,,0.06666667
2017,1,00-0030112,T.Bohanon,FB,JAX,HOU,0,0,0.0,0,0.0,0.0,0.0,1,0.0,0,1,1,1.0,1,6.1,7.1,,,73.0,246.0,27.185263157894735,4.0,Wake Forest,2013.0,2013.0,NYJ,215.0,,0.04761905
2017,3,00-0030112,T.Bohanon,FB,JAX,BAL,0,0,0.0,0,0.0,0.0,0.0,0,0.0,0,3,1,8.0,0,0.8,1.8,,,73.0,246.0,27.185263157894735,4.0,Wake Forest,2013.0,2013.0,NYJ,215.0,37.0,0.1
2017,4,00-0030112,T.Bohanon,FB,JAX,NYJ,0,0,0.0,0,0.0,0.0,0.0,0,0.0,0,2,2,14.0,0,1.4,3.4,,,73.0,246.0,27.185263157894735,4.0,Wake Forest,2013.0,2013.0,NYJ,215.0,,0.057142857
2017,6,00-0030112,T.Bohanon,FB,JAX,LA,0,0,0.0,0,0.0,0.0,0.0,0,0.0,0,2,0,0.0,0,0.0,0.0,,,73.0,246.0,27.185263157894735,4.0,Wake Forest,2013.0,2013.0,NYJ,215.0,-10.0,0.057142857
2017,7,00-0030112,T.Bohanon,FB,JAX,IND,0,0,0.0,0,0.0,0.0,0.0,1,0.0,0,1,1,14.0,0,1.4,2.4,,,73.0,246.0,27.185263157894735,4.0,Wake Forest,2013.0,2013.0,NYJ,215.0,,0.037037037
2017,9,00-0030112,T.Bohanon,FB,JAX,CIN,0,0,0.0,0,0.0,0.0,0.0,0,0.0,0,1,1,6.0,0,0.6,1.6,,,73.0,246.0,27.185263157894735,4.0,Wake Forest,2013.0,2013.0,NYJ,215.0,16.0,0.027027028
2017,10,00-0030112,T.Bohanon,FB,JAX,LAC,0,0,0.0,0,0.0,0.0,0.0,0,0.0,0,1,0,0.0,0,0.0,0.0,,,73.0,246.0,27.185263157894735,4.0,Wake Forest,2013.0,2013.0,NYJ,215.0,3.0,0.019607844
2017,11,00-0030112,T.Bohanon,FB,JAX,CLE,0,0,0.0,0,0.0,0.0,0.0,1,3.0,0,0,0,0.0,0,0.3,0.3,,,73.0,246.0,27.185263157894735,4.0,Wake Forest,2013.0,2013.0,NYJ,215.0,,
2017,15,00-0030112,T.Bohanon,FB,JAX,HOU,0,0,0.0,0,0.0,0.0,0.0,2,2.0,2,0,0,0.0,0,12.2,12.2,,,73.0,246.0,27.185263157894735,4.0,Wake Forest,2013.0,2013.0,NYJ,215.0,38.0,
2017,18,00-0030112,T.Bohanon,FB,JAX,BUF,0,0,0.0,0,0.0,0.0,0.0,0,0.0,0,1,0,0.0,0,0.0,0.0,,,73.0,246.0,27.185263157894735,4.0,Wake Forest,2013.0,2013.0,NYJ,215.0,7.0,0.045454547
2017,19,00-0030112,T.Bohanon,FB,JAX,PIT,0,0,0.0,0,0.0,0.0,0.0,0,0.0,0,1,1,14.0,1,7.4,8.4,,,73.0,246.0,27.185263157894735,4.0,Wake Forest,2013.0,2013.0,NYJ,215.0,,0.04
2017,20,00-0030112,T.Bohanon,FB,JAX,NE,0,0,0.0,0,0.0,0.0,0.0,0,0.0,0,1,1,20.0,0,2.0,3.0,,,73.0,246.0,27.185263157894735,4.0,Wake Forest,2013.0,2013.0,NYJ,215.0,,0.027777778
2017,1,00-0030117,K.Williams,RB,ARI,DET,0,0,0.0,0,0.0,0.0,0.0,5,10.0,1,1,1,2.0,0,7.2,8.2,,,68.0,198.0,26.410125,4.0,Utah State,2013.0,2013.0,IND,230.0,,0.021276595
2017,2,00-0030117,K.Williams,RB,ARI,IND,0,0,0.0,0,0.0,0.0,0.0,9,22.0,0,0,0,0.0,0,2.2,2.2,,,68.0,198.0,26.410125,4.0,Utah State,2013.0,2013.0,IND,230.0,,
2017,3,00-0030117,K.Williams,RB,ARI,DAL,0,0,0.0,0,0.0,0.0,0.0,1,3.0,0,0,0,0.0,0,0.3,0.3,,,68.0,198.0,26.410125,4.0,Utah State,2013.0,2013.0,IND,230.0,-11.0,
2017,4,00-0030117,K.Williams,RB,ARI,SF,0,0,0.0,0,0.0,0.0,0.0,1,-1.0,0,1,1,10.0,0,0.9,1.9,,,68.0,198.0,26.410125,4.0,Utah State,2013.0,2013.0,IND,230.0,3.0,0.019607844
2017,5,00-0030117,K.Williams,RB,ARI,PHI,0,0,0.0,0,0.0,0.0,0.0,3,-2.0,0,0,0,0.0,0,-0.2,-0.2,,,68.0,198.0,26.410125,4.0,Utah State,2013.0,2013.0,IND,230.0,,
2017,6,00-0030117,K.Williams,RB,ARI,TB,0,0,0.0,0,0.0,0.0,0.0,3,14.0,0,0,0,0.0,0,1.4,1.4,,,68.0,198.0,26.410125,4.0,Utah State,2013.0,2013.0,IND,230.0,5.0,
2017,7,00-0030117,K.Williams,RB,ARI,LA,0,0,0.0,0,0.0,0.0,0.0,0,0.0,0,4,2,27.0,0,2.7,4.7,,,68.0,198.0,26.410125,4.0,Utah State,2013.0,2013.0,IND,230.0,,0.125
2017,9,00-0030117,K.Williams,RB,ARI,SF,0,0,0.0,0,0.0,0.0,0.0,2,6.0,0,0,0,0.0,0,0.6,0.6,,,68.0,198.0,26.410125,4.0,Utah State,2013.0,2013.0,IND,230.0,,
2017,11,00-0030117,K.Williams,RB,ARI,HOU,0,0,0.0,0,0.0,0.0,0.0,1,9.0,0,2,1,9.0,0,1.8,2.8,,,68.0,198.0,26.410125,4.0,Utah State,2013.0,2013.0,IND,230.0,,0.05882353
2017,12,00-0030117,K.Williams,RB,ARI,JAX,0,0,0.0,0,0.0,0.0,0.0,3,8.0,0,1,1,10.0,0,1.8,2.8,,,68.0,198.0,26.410125,4.0,Utah State,2013.0,2013.0,IND,230.0,3.0,0.027027028
2017,13,00-0030117,K.Williams,RB,ARI,LA,0,0,0.0,0,0.0,0.0,0.0,16,97.0,0,0,0,0.0,0,9.7,9.7,,,68.0,198.0,26.410125,4.0,Utah State,2013.0,2013.0,IND,230.0,-16.0,
2017,14,00-0030117,K.Williams,RB,ARI,TEN,0,0,0.0,0,0.0,0.0,0.0,20,73.0,0,1,1,15.0,0,8.8,9.8,,,68.0,198.0,26.410125,4.0,Utah State,2013.0,2013.0,IND,230.0,5.0,0.03846154
2017,15,00-0030117,K.Williams,RB,ARI,WAS,0,0,0.0,0,0.0,0.0,0.0,17,61.0,0,1,0,0.0,0,6.1,6.1,,,68.0,198.0,26.410125,4.0,Utah State,2013.0,2013.0,IND,230.0,,0.025
2017,16,00-0030117,K.Williams,RB,ARI,NYG,0,0,0.0,0,0.0,0.0,0.0,16,51.0,0,3,2,14.0,0,6.5,8.5,,,68.0,198.0,26.410125,4.0,Utah State,2013.0,2013.0,IND,230.0,23.0,0.0882353
2017,17,00-0030117,K.Williams,RB,ARI,SEA,0,0,0.0,0,0.0,0.0,0.0,23,75.0,0,1,1,6.0,0,8.1,9.1,,,68.0,198.0,26.410125,4.0,Utah State,2013.0,2013.0,IND,230.0,,0.030303031
2017,1,00-0030147,R.Shepard,WR,CAR,SF,0,0,0.0,0,0.0,0.0,0.0,0,0.0,0,2,2,53.0,1,11.3,13.3,,,73.0,195.0,27.142470588235295,4.0,LSU,2013.0,2013.0,,,,0.083333336
2017,2,00-0030147,R.Shepard,WR,CAR,BUF,0,0,0.0,0,0.0,0.0,0.0,0,0.0,0,2,1,6.0,0,0.6,1.6,,,73.0,195.0,27.142470588235295,4.0,LSU,2013.0,2013.0,,,6.0,0.06451613
2017,3,00-0030147,R.Shepard,WR,CAR,NO,0,0,0.0,0,0.0,0.0,0.0,0,0.0,0,1,0,0.0,0,0.0,0.0,,,73.0,195.0,27.142470588235295,4.0,LSU,2013.0,2013.0,,,-21.0,0.030303031
2017,4,00-0030147,R.Shepard,WR,CAR,NE,0,0,0.0,0,0.0,0.0,0.0,0,0.0,0,1,1,13.0,0,1.3,2.3,,,73.0,195.0,27.142470588235295,4.0,LSU,2013.0,2013.0,,,,0.03448276
2017,5,00-0030147,R.Shepard,WR,CAR,DET,0,0,0.0,0,0.0,0.0,0.0,0,0.0,0,2,2,15.0,0,1.5,3.5,,,73.0,195.0,27.142470588235295,4.0,LSU,2013.0,2013.0,,,,0.060606062
2017,6,00-0030147,R.Shepard,WR,CAR,PHI,0,0,0.0,0,0.0,0.0,0.0,0,0.0,0,6,2,12.0,0,1.2,3.2,,,73.0,195.0,27.142470588235295,4.0,LSU,2013.0,2013.0,,,-5.0,0.115384616
2017,7,00-0030147,R.Shepard,WR,CAR,CHI,0,0,0.0,0,0.0,0.0,0.0,0,0.0,0,3,2,20.0,0,2.0,4.0,,,73.0,195.0,27.142470588235295,4.0,LSU,2013.0,2013.0,,,,0.0882353
2017,8,00-0030147,R.Shepard,WR,CAR,TB,0,0,0.0,0,0.0,0.0,0.0,0,0.0,0,1,1,14.0,0,1.4,2.4,,,73.0,195.0,27.142470588235295,4.0,LSU,2013.0,2013.0,,,,0.033333335
2017,9,00-0030147,R.Shepard,WR,CAR,ATL,0,0,0.0,0,0.0,0.0,0.0,1,11.0,0,2,0,0.0,0,1.1,1.1,,,73.0,195.0,27.142470588235295,4.0,LSU,2013.0,2013.0,,,3.0,0.08695652
2017,10,00-0030147,R.Shepard,WR,CAR,MIA,0,0,0.0,0,0.0,0.0,0.0,0,0.0,0,7,3,40.0,0,4.0,7.0,,,73.0,195.0,27.142470588235295,4.0,LSU,2013.0,2013.0,,,24.0,0.2
2017,13,00-0030147,R.Shepard,WR,CAR,NO,0,0,0.0,0,0.0,0.0,0.0,0,0.0,0,5,3,29.0,0,2.9,5.9,,,73.0,195.0,27.142470588235295,4.0,LSU,2013.0,2013.0,,,,0.17857143
2017,14,00-0030147,R.Shepard,WR,CAR,MIN,0,0,0.0,0,0.0,0.0,0.0,1,8.0,0,0,0,0.0,0,0.8,0.8,,,73.0,195.0,27.142470588235295,4.0,LSU,2013.0,2013.0,,,7.0,
2017,18,00-0030147,R.Shepard,WR,CAR,NO,0,0,0.0,0,0.0,0.0,0.0,0,0.0,0,2,0,0.0,0,0.0,0.0,,,73.0,195.0,27.142470588235295,4.0,LSU,2013.0,2013.0,,,,0.05263158
2017,17,00-0030151,T.Bray,QB,KC,DEN,0,1,0.0,0,0.0,0.0,-0.0,1,0.0,0,0,0,0.0,0,-2.0,-2.0,,,78.0,215.0,25.866999999999997,4.0,Tennessee,2013.0,2013.0,,,,
2017,1,00-0030155,D.Harris,TE,KC,NE,0,0,0.0,0,0.0,0.0,0.0,0,0.0,0,2,2,15.0,1,7.5,9.5,,,79.0,230.0,26.280470588235293,4.0,Wisconsin-Milwaukee,2013.0,2013.0,,,,0.05882353
2017,4,00-0030155,D.Harris,TE,KC,WAS,0,0,0.0,0,0.0,0.0,0.0,0,0.0,0,3,0,0.0,0,0.0,0.0,,,79.0,230.0,26.280470588235293,4.0,Wisconsin-Milwaukee,2013.0,2013.0,,,9.0,0.08571429
2017,5,00-0030155,D.Harris,TE,KC,HOU,0,0,0.0,0,0.0,0.0,0.0,0,0.0,0,3,3,21.0,0,2.1,5.1,,,79.0,230.0,26.280470588235293,4.0,Wisconsin-Milwaukee,2013.0,2013.0,,,,0.08108108
2017,6,00-0030155,D.Harris,TE,KC,PIT,0,0,0.0,0,0.0,0.0,0.0,0,0.0,0,2,0,0.0,0,0.0,0.0,,,79.0,230.0,26.280470588235293,4.0,Wisconsin-Milwaukee,2013.0,2013.0,,,-6.0,0.0625
2017,7,00-0030155,D.Harris,TE,KC,LV,0,0,0.0,0,0.0,0.0,0.0,0,0.0,0,3,2,16.0,0,1.6,3.6,,,79.0,230.0,26.280470588235293,4.0,Wisconsin-Milwaukee,2013.0,2013.0,,,,0.083333336
2017,8,00-0030155,D.Harris,TE,KC,DEN,0,0,0.0,0,0.0,0.0,0.0,0,0.0,0,2,0,0.0,0,0.0,0.0,,,79.0,230.0,26.280470588235293,4.0,Wisconsin-Milwaukee,2013.0,2013.0,,,10.0,0.06896552
2017,9,00-0030155,D.Harris,TE,KC,DAL,0,0,0.0,0,0.0,0.0,0.0,0,0.0,0,1,0,0.0,0,0.0,0.0,,,79.0,230.0,26.280470588235293,4.0,Wisconsin-Milwaukee,2013.0,2013.0,,,,0.030303031
2017,11,00-0030155,D.Harris,TE,KC,NYG,0,0,0.0,0,0.0,0.0,0.0,0,0.0,0,1,0,0.0,0,0.0,0.0,,,79.0,230.0,26.280470588235293,4.0,Wisconsin-Milwaukee,2013.0,2013.0,,,,0.025641026
2017,12,00-0030155,D.Harris,TE,KC,BUF,0,0,0.0,0,0.0,0.0,0.0,0,0.0,0,2,2,33.0,0,3.3,5.3,,,79.0,230.0,26.280470588235293,4.0,Wisconsin-Milwaukee,2013.0,2013.0,,,-6.0,0.057142857
2017,14,00-0030155,D.Harris,TE,KC,LV,0,0,0.0,0,0.0,0.0,0.0,0,0.0,0,3,1,25.0,0,2.5,3.5,,,79.0,230.0,26.280470588235293,4.0,Wisconsin-Milwaukee,2013.0,2013.0,,,11.0,0.0882353
2017,15,00-0030155,D.Harris,TE,KC,LAC,0,0,0.0,0,0.0,0.0,0.0,0,0.0,0,2,1,7.0,0,0.7,1.7,,,79.0,230.0,26.280470588235293,4.0,Wisconsin-Milwaukee,2013.0,2013.0,,,17.0,0.06666667
2017,16,00-0030155,D.Harris,TE,KC,MIA,0,0,0.0,0,0.0,0.0,0.0,0,0.0,0,7,4,34.0,0,3.4,7.4,,,79.0,230.0,26.280470588235293,4.0,Wisconsin-Milwaukee,2013.0,2013.0,,,16.0,0.17948718
2017,17,00-0030155,D.Harris,TE,KC,DEN,0,0,0.0,0,0.0,0.0,0.0,0,0.0,0,4,3,73.0,0,7.3,10.3,,,79.0,230.0,26.280470588235293,4.0,Wisconsin-Milwaukee,2013.0,2013.0,,,,0.114285715
2017,18,00-0030155,D.Harris,TE,KC,TEN,0,0,0.0,0,0.0,0.0,0.0,0,0.0,0,3,2,22.0,0,2.2,4.2,,,79.0,230.0,26.280470588235293,4.0,Wisconsin-Milwaukee,2013.0,2013.0,,,-1.0,0.09375
2017,1,00-0030181,J.Doyle,TE,IND,LA,0,0,0.0,0,0.0,0.0,0.0,0,0.0,0,3,2,41.0,0,4.1,6.1,,,78.0,262.0,27.5015,4.0,Western Kentucky,2013.0,2013.0,,,,0.14285715
2017,2,00-0030181,J.Doyle,TE,IND,ARI,0,0,0.0,0,0.0,0.0,0.0,0,0.0,0,8,8,79.0,0,7.9,15.9,,,78.0,262.0,27.5015,4.0,Western Kentucky,2013.0,2013.0,,,-3.0,0.22222222
2017,3,00-0030181,J.Doyle,TE,IND,CLE,0,0,0.0,0,0.0,0.0,0.0,0,0.0,0,5,2,16.0,0,-0.4,1.6,,,78.0,262.0,27.5015,4.0,Western Kentucky,2013.0,2013.0,,,3.0,0.20833333
2017,4,00-0030181,J.Doyle,TE,IND,SEA,0,0,0.0,0,0.0,0.0,0.0,0,0.0,0,7,5,27.0,0,2.7,7.7,,,78.0,262.0,27.5015,4.0,Western Kentucky,2013.0,2013.0,,,,0.25
2017,6,00-0030181,J.Doyle,TE,IND,TEN,0,0,0.0,0,0.0,0.0,0.0,0,0.0,0,11,7,50.0,1,9.0,16.0,,,78.0,262.0,27.5015,4.0,Western Kentucky,2013.0,2013.0,,,,0.30555555
2017,7,00-0030181,J.Doyle,TE,IND,JAX,0,0,0.0,0,0.0,0.0,0.0,0,0.0,0,7,6,44.0,0,4.4,10.4,,,78.0,262.0,27.5015,4.0,Western Kentucky,2013.0,2013.0,,,-27.0,0.1891892
2017,8,00-0030181,J.Doyle,TE,IND,CIN,0,0,0.0,0,0.0,0.0,0.0,0,0.0,0,14,12,121.0,1,18.1,30.1,,,78.0,262.0,27.5015,4.0,Western Kentucky,2013.0,2013.0,,,,0.36842105
2017,9,00-0030181,J.Doyle,TE,IND,HOU,0,0,0.0,0,0.0,0.0,0.0,0,0.0,0,9,8,63.0,0,6.3,14.3,,,78.0,262.0,27.5015,4.0,Western Kentucky,2013.0,2013.0,,,,0.3
2017,10,00-0030181,J.Doyle,TE,IND,PIT,0,0,0.0,0,0.0,0.0,0.0,0,0.0,0,5,2,9.0,0,0.9,2.9,,,78.0,262.0,27.5015,4.0,Western Kentucky,2013.0,2013.0,,,-3.0,0.2173913
2017,12,00-0030181,J.Doyle,TE,IND,TEN,0,0,0.0,0,0.0,0.0,0.0,0,0.0,0,8,7,94.0,0,9.4,16.4,,,78.0,262.0,27.5015,4.0,Western Kentucky,2013.0,2013.0,,,-4.0,0.2962963
2017,13,00-0030181,J.Doyle,TE,IND,JAX,0,0,0.0,0,0.0,0.0,0.0,0,0.0,0,5,3,16.0,0,1.6,4.6,,,78.0,262.0,27.5015,4.0,Western Kentucky,2013.0,2013.0,,,,0.14705883
2017,14,00-0030181,J.Doyle,TE,IND,BUF,0,0,0.0,0,0.0,0.0,0.0,0,0.0,0,3,2,4.0,1,6.4,8.4,,,78.0,262.0,27.5015,4.0,Western Kentucky,2013.0,2013.0,,,,0.15
2017,15,00-0030181,J.Doyle,TE,IND,DEN,0,0,0.0,0,0.0,0.0,0.0,0,0.0,0,8,7,47.0,0,4.7,11.7,,,78.0,262.0,27.5015,4.0,Western Kentucky,2013.0,2013.0,,,-12.0,0.2857143
2017,16,00-0030181,J.Doyle,TE,IND,BAL,0,0,0.0,0,0.0,0.0,0.0,0,0.0,0,10,5,41.0,0,4.1,9.1,,,78.0,262.0,27.5015,4.0,Western Kentucky,2013.0,2013.0,,,,0.3030303
2017,17,00-0030181,J.Doyle,TE,IND,HOU,0,0,0.0,0,0.0,0.0,0.0,0,0.0,0,5,4,38.0,1,9.8,13.8,,,78.0,262.0,27.5015,4.0,Western Kentucky,2013.0,2013.0,,,9.0,0.20833333
2017,2,00-0030216,J.Hill,TE,NO,NE,0,0,0.0,0,0.0,0.0,0.0,0,0.0,0,3,3,29.0,0,2.9,5.9,,,77.0,250.0,27.48477777777778,4.0,Idaho State,2013.0,2013.0,,,-16.0,0.06818182
2017,3,00-0030216,J.Hill,TE,NO,CAR,0,0,0.0,0,0.0,0.0,0.0,0,0.0,0,1,1,3.0,0,0.3,1.3,,,77.0,250.0,27.48477777777778,4.0,Idaho State,2013.0,2013.0,,,,0.03448276
2017,8,00-0030216,J.Hill,TE,NO,CHI,0,0,0.0,0,0.0,0.0,0.0,0,0.0,0,4,3,29.0,0,2.9,5.9,,,77.0,250.0,27.48477777777778,4.0,Idaho State,2013.0,2013.0,,,8.0,0.14814815
2017,10,00-0030216,J.Hill,TE,NO,BUF,0,0,0.0,0,0.0,0.0,0.0,0,0.0,0,1,1,-2.0,0,-2.2,-1.2,,,77.0,250.0,27.48477777777778,4.0,Idaho State,2013.0,2013.0,,,,0.04347826
2017,11,00-0030216,J.Hill,TE,NO,WAS,0,0,0.0,0,0.0,0.0,0.0,1,-8.0,0,1,1,3.0,1,5.5,6.5,,,77.0,250.0,27.48477777777778,4.0,Idaho State,2013.0,2013.0,,,3.0,0.025
2017,13,00-0030216,J.Hill,TE,NO,CAR,0,0,0.0,0,0.0,0.0,0.0,0,0.0,0,2,1,8.0,0,-1.2,-0.2,,,77.0,250.0,27.48477777777778,4.0,Idaho State,2013.0,2013.0,,,10.0,0.060606062
2017,14,00-0030216,J.Hill,TE,NO,ATL,0,0,0.0,0,0.0,0.0,0.0,0,0.0,0,3,2,14.0,0,1.4,3.4,,,77.0,250.0,27.48477777777778,4.0,Idaho State,2013.0,2013.0,,,,0.08571429
2017,15,00-0030216,J.Hill,TE,NO,NYJ,0,0,0.0,0,0.0,0.0,0.0,0,0.0,0,2,1,22.0,0,2.2,3.2,,,77.0,250.0,27.48477777777778,4.0,Idaho State,2013.0,2013.0,,,12.0,0.055555556
2017,16,00-0030216,J.Hill,TE,NO,ATL,0,0,0.0,0,0.0,0.0,0.0,0,0.0,0,3,2,11.0,0,1.1,3.1,,,77.0,250.0,27.48477777777778,4.0,Idaho State,2013.0,2013.0,,,10.0,0.10714286
2017,17,00-0030216,J.Hill,TE,NO,TB,0,0,0.0,0,0.0,0.0,0.0,0,0.0,0,2,1,8.0,0,0.8,1.8,,,77.0,250.0,27.48477777777778,4.0,Idaho State,2013.0,2013.0,,,,0.06666667
2017,18,00-0030216,J.Hill,TE,NO,CAR,0,0,0.0,0,0.0,0.0,0.0,0,0.0,0,4,3,49.0,1,10.9,13.9,,,77.0,250.0,27.48477777777778,4.0,Idaho State,2013.0,2013.0,,,5.0,0.13333334
2017,19,00-0030216,J.Hill,TE,NO,MIN,0,0,0.0,0,0.0,0.0,0.0,0,0.0,0,6,3,54.0,0,5.4,8.4,,,77.0,250.0,27.48477777777778,4.0,Idaho State,2013.0,2013.0,,,,0.14634146
2017,1,00-0030279,K.Allen,WR,LAC,DEN,0,0,0.0,0,0.0,0.0,0.0,0,0.0,0,10,5,35.0,1,9.5,14.5,,,74.0,211.0,25.524375,4.0,California,2013.0,2013.0,SD,76.0,,0.3030303
2017,2,00-0030279,K.Allen,WR,LAC,MIA,0,0,0.0,0,0.0,0.0,0.0,0,0.0,0,10,9,100.0,0,10.0,19.0,,,74.0,211.0,25.524375,4.0,California,2013.0,2013.0,SD,76.0,-2.0,0.25641027
2017,3,00-0030279,K.Allen,WR,LAC,KC,0,0,0.0,0,0.0,0.0,0.0,0,0.0,0,9,5,61.0,0,6.1,11.1,,,74.0,211.0,25.524375,4.0,California,2013.0,2013.0,SD,76.0,-14.0,0.23076923
2017,4,00-0030279,K.Allen,WR,LAC,PHI,0,0,0.0,0,0.0,0.0,0.0,0,0.0,0,11,5,138.0,0,13.8,18.8,,,74.0,211.0,25.524375,4.0,California,2013.0,2013.0,SD,76.0,-2.0,0.2972973
2017,5,00-0030279,K.Allen,WR,LAC,NYG,0,0,0.0,0,0.0,0.0,0.0,0,0.0,0,12,4,67.0,0,6.7,10.7,,,74.0,211.0,25.524375,4.0,California,2013.0,2013.0,SD,76.0,,0.2857143
2017,6,00-0030279,K.Allen,WR,LAC,LV,0,0,0.0,0,0.0,0.0,0.0,0,0.0,0,9,5,45.0,0,4.5,9.5,,,74.0,211.0,25.524375,4.0,California,2013.0,2013.0,SD,76.0,,0.25
2017,7,00-0030279,K.Allen,WR,LAC,DEN,0,0,0.0,0,0.0,0.0,0.0,0,0.0,0,7,3,41.0,0,4.1,7.1,,,74.0,211.0,25.524375,4.0,California,2013.0,2013.0,SD,76.0,21.0,0.28
2017,8,00-0030279,K.Allen,WR,LAC,NE,0,0,0.0,0,0.0,0.0,0.0,0,0.0,0,5,4,61.0,0,6.1,10.1,,,74.0,211.0,25.524375,4.0,California,2013.0,2013.0,SD,76.0,,0.1724138
2017,10,00-0030279,K.Allen,WR,LAC,JAX,0,0,0.0,0,0.0,0.0,0.0,1,6.0,0,7,4,48.0,0,5.4,9.4,,,74.0,211.0,25.524375,4.0,California,2013.0,2013.0,SD,76.0,,0.19444445
2017,11,00-0030279,K.Allen,WR,LAC,BUF,0,0,0.0,0,0.0,0.0,0.0,1,3.0,0,13,12,159.0,2,28.2,40.2,,,74.0,211.0,25.524375,4.0,California,2013.0,2013.0,SD,76.0,30.0,0.3611111
2017,12,00-0030279,K.Allen,WR,LAC,DAL,0,0,0.0,0,0.0,0.0,0.0,0,0.0,0,14,11,172.0,1,23.2,34.2,,,74.0,211.0,25.524375,4.0,California,2013.0,2013.0,SD,76.0,,0.42424244
2017,13,00-0030279,K.Allen,WR,LAC,CLE,0,0,0.0,0,0.0,0.0,0.0,0,0.0,0,14,10,105.0,1,16.5,26.5,,,74.0,211.0,25.524375,4.0,California,2013.0,2013.0,SD,76.0,9.0,0.3255814
2017,14,00-0030279,K.Allen,WR,LAC,WAS,0,0,0.0,0,0.0,0.0,0.0,0,0.0,0,8,6,111.0,0,11.1,17.1,,,74.0,211.0,25.524375,4.0,California,2013.0,2013.0,SD,76.0,17.0,0.23529412
2017,15,00-0030279,K.Allen,WR,LAC,KC,0,0,0.0,0,0.0,0.0,0.0,0,0.0,0,8,5,54.0,0,5.4,10.4,,,74.0,211.0,25.524375,4.0,California,2013.0,2013.0,SD,76.0,,0.22222222
2017,16,00-0030279,K.Allen,WR,LAC,NYJ,0,0,0.0,0,0.0,0.0,0.0,0,0.0,0,10,5,63.0,0,6.3,11.3,,,74.0,211.0,25.524375,4.0,California,2013.0,2013.0,SD,76.0,,0.25641027
2017,17,00-0030279,K.Allen,WR,LAC,LV,0,0,0.0,0,0.0,0.0,0.0,0,0.0,0,12,9,133.0,1,19.3,28.3,,,74.0,211.0,25.524375,4.0,California,2013.0,2013.0,SD,76.0,20.0,0.33333334
2017,1,00-0030287,A.Ellington,RB,ARI,DET,0,0,0.0,0,0.0,0.0,0.0,0,0.0,0,3,2,35.0,0,3.5,5.5,,,69.0,199.0,28.7541875,4.0,Clemson,2013.0,2013.0,ARI,187.0,,0.06382979
2017,2,00-0030287,A.Ellington,RB,ARI,IND,0,0,0.0,0,0.0,0.0,0.0,2,11.0,0,5,3,12.0,0,2.3,5.3,,,69.0,199.0,28.7541875,4.0,Clemson,2013.0,2013.0,ARI,187.0,,0.1388889
2017,3,00-0030287,A.Ellington,RB,ARI,DAL,0,0,0.0,0,0.0,0.0,0.0,5,22.0,0,8,5,59.0,0,8.1,13.1,,,69.0,199.0,28.7541875,4.0,Clemson,2013.0,2013.0,ARI,187.0,-11.0,0.16666667
2017,4,00-0030287,A.Ellington,RB,ARI,SF,0,0,0.0,0,0.0,0.0,0.0,5,18.0,0,14,9,86.0,0,10.4,19.4,,,69.0,199.0,28.7541875,4.0,Clemson,2013.0,2013.0,ARI,187.0,3.0,0.27450982
2017,5,00-0030287,A.Ellington,RB,ARI,PHI,0,0,0.0,0,0.0,0.0,0.0,1,-2.0,0,10,9,65.0,0,6.3,15.3,,,69.0,199.0,28.7541875,4.0,Clemson,2013.0,2013.0,ARI,187.0,,0.22727273
2017,6,00-0030287,A.Ellington,RB,ARI,TB,0,0,0.0,0,0.0,0.0,0.0,0,0.0,0,1,0,0.0,0,0.0,0.0,,,69.0,199.0,28.7541875,4.0,Clemson,2013.0,2013.0,ARI,187.0,5.0,0.045454547
2017,9,00-0030287,A.Ellington,RB,ARI,SF,0,0,0.0,0,0.0,0.0,0.0,0,0.0,0,3,2,14.0,0,1.4,3.4,,,69.0,199.0,28.7541875,4.0,Clemson,2013.0,2013.0,ARI,187.0,,0.10344828
2017,10,00-0030287,A.Ellington,RB,ARI,SEA,0,0,0.0,0,0.0,0.0,0.0,2,4.0,1,6,3,26.0,0,9.0,12.0,,,69.0,199.0,28.7541875,4.0,Clemson,2013.0,2013.0,ARI,187.0,-6.0,0.12765957
2017,13,00-0030287,A.Ellington,RB,HOU,TEN,0,0,0.0,0,0.0,0.0,0.0,2,-4.0,0,6,5,56.0,0,5.2,10.2,,,69.0,199.0,28.7541875,4.0,Clemson,2013.0,2013.0,ARI,187.0,,0.125
2017,14,00-0030287,A.Ellington,RB,HOU,SF,0,0,0.0,0,0.0,0.0,0.0,3,6.0,0,2,1,16.0,0,2.2,3.2,,,69.0,199.0,28.7541875,4.0,Clemson,2013.0,2013.0,ARI,187.0,-10.0,0.054054055
2017,17,00-0030287,A.Ellington,RB,HOU,IND,0,0,0.0,0,0.0,0.0,0.0,0,0.0,0,1,0,0.0,0,0.0,0.0,,,69.0,199.0,28.7541875,4.0,Clemson,2013.0,2013.0,ARI,187.0,,0.04347826
2017,1,00-0030288,R.Burkhead,RB,NE,KC,0,0,0.0,0,0.0,0.0,0.0,3,15.0,0,3,1,8.0,0,2.3,3.3,,,70.0,210.0,27.379052631578947,4.0,Nebraska,2013.0,2013.0,CIN,190.0,-15.0,0.083333336
2017,2,00-0030288,R.Burkhead,RB,NE,NO,0,0,0.0,0,0.0,0.0,0.0,2,3.0,0,4,3,41.0,1,10.4,13.4,,,70.0,210.0,27.379052631578947,4.0,Nebraska,2013.0,2013.0,CIN,190.0,,0.102564104
2017,7,00-0030288,R.Burkhead,RB,NE,ATL,0,0,0.0,0,0.0,0.0,0.0,6,31.0,0,1,1,11.0,0,4.2,5.2,,,70.0,210.0,27.379052631578947,4.0,Nebraska,2013.0,2013.0,CIN,190.0,16.0,0.03448276
2017,8,00-0030288,R.Burkhead,RB,NE,LAC,0,0,0.0,0,0.0,0.0,0.0,4,15.0,0,7,7,68.0,0,8.3,15.3,,,70.0,210.0,27.379052631578947,4.0,Nebraska,2013.0,2013.0,CIN,190.0,8.0,0.14893617
2017,10,00-0030288,R.Burkhead,RB,NE,DEN,0,0,0.0,0,0.0,0.0,0.0,10,36.0,0,3,3,27.0,1,12.3,15.3,,,70.0,210.0,27.379052631578947,4.0,Nebraska,2013.0,2013.0,CIN,190.0,,0.08108108
2017,11,00-0030288,R.Burkhead,RB,NE,LV,0,0,0.0,0,0.0,0.0,0.0,5,16.0,0,6,4,21.0,0,3.7,7.7,,,70.0,210.0,27.379052631578947,4.0,Nebraska,2013.0,2013.0,CIN,190.0,,0.16216215
2017,12,00-0030288,R.Burkhead,RB,NE,MIA,0,0,0.0,0,0.0,0.0,0.0,13,50.0,1,2,2,3.0,1,17.3,19.3,,,70.0,210.0,27.379052631578947,4.0,Nebraska,2013.0,2013.0,CIN,190.0,18.0,0.071428575
2017,13,00-0030288,R.Burkhead,RB,NE,BUF,0,0,0.0,0,0.0,0.0,0.0,12,78.0,2,4,3,25.0,0,22.3,25.3,,,70.0,210.0,27.379052631578947,4.0,Nebraska,2013.0,2013.0,CIN,190.0,,0.13333334
2017,14,00-0030288,R.Burkhead,RB,NE,MIA,0,0,0.0,0,0.0,0.0,0.0,5,8.0,1,5,5,45.0,0,11.3,16.3,,,70.0,210.0,27.379052631578947,4.0,Nebraska,2013.0,2013.0,CIN,190.0,,0.12195122
2017,15,00-0030288,R.Burkhead,RB,NE,PIT,0,0,0.0,0,0.0,0.0,0.0,4,12.0,1,1,1,5.0,0,7.7,8.7,,,70.0,210.0,27.379052631578947,4.0,Nebraska,2013.0,2013.0,CIN,190.0,,0.028571429
2017,20,00-0030288,R.Burkhead,RB,NE,JAX,0,0,0.0,0,0.0,0.0,0.0,1,5.0,0,1,0,0.0,0,0.5,0.5,,,70.0,210.0,27.379052631578947,4.0,Nebraska,2013.0,2013.0,CIN,190.0,4.0,0.025641026
2017,21,00-0030288,R.Burkhead,RB,NE,PHI,0,0,0.0,0,0.0,0.0,0.0,3,18.0,0,1,1,46.0,0,6.4,7.4,,,70.0,210.0,27.379052631578947,4.0,Nebraska,2013.0,2013.0,CIN,190.0,-8.0,0.021276595
2017,15,00-0030290,C.Hamilton,WR,HOU,JAX,0,0,0.0,0,0.0,0.0,0.0,0,0.0,0,1,0,0.0,0,0.0,0.0,,,74.0,201.0,26.9815625,4.0,Arkansas,2013.0,2013.0,CIN,197.0,,0.03448276
2017,17,00-0030290,C.Hamilton,WR,HOU,IND,0,0,0.0,0,0.0,0.0,0.0,0,0.0,0,5,1,8.0,0,0.8,1.8,,,74.0,201.0,26.9815625,4.0,Arkansas,2013.0,2013.0,CIN,197.0,,0.2173913
2017,2,00-0030300,J.Brown,WR,ARI,IND,0,0,0.0,0,0.0,0.0,0.0,0,0.0,0,11,4,73.0,0,7.3,11.3,,,74.0,205.0,27.825625,4.0,Clemson,2013.0,2013.0,,,,0.30555555
2017,3,00-0030300,J.Brown,WR,ARI,DAL,0,0,0.0,0,0.0,0.0,0.0,0,0.0,0,6,2,27.0,1,8.7,10.7,,,74.0,205.0,27.825625,4.0,Clemson,2013.0,2013.0,,,-11.0,0.125
2017,4,00-0030300,J.Brown,WR,ARI,SF,0,0,0.0,0,0.0,0.0,0.0,0,0.0,0,12,8,105.0,0,10.5,18.5,,,74.0,205.0,27.825625,4.0,Clemson,2013.0,2013.0,,,3.0,0.23529412
2017,5,00-0030300,J.Brown,WR,ARI,PHI,0,0,0.0,0,0.0,0.0,0.0,0,0.0,0,6,3,39.0,0,3.9,6.9,,,74.0,205.0,27.825625,4.0,Clemson,2013.0,2013.0,,,,0.13636364
2017,6,00-0030300,J.Brown,WR,ARI,TB,0,0,0.0,0,0.0,0.0,0.0,0,0.0,0,1,1,30.0,0,3.0,4.0,,,74.0,205.0,27.825625,4.0,Clemson,2013.0,2013.0,,,5.0,0.045454547
2017,7,00-0030300,J.Brown,WR,ARI,LA,0,0,0.0,0,0.0,0.0,0.0,0,0.0,0,5,2,37.0,0,3.7,5.7,,,74.0,205.0,27.825625,4.0,Clemson,2013.0,2013.0,,,,0.15625
2017,9,00-0030300,J.Brown,WR,ARI,SF,0,0,0.0,0,0.0,0.0,0.0,0,0.0,0,1,1,3.0,1,6.3,7.3,,,74.0,205.0,27.825625,4.0,Clemson,2013.0,2013.0,,,,0.03448276
2017,10,00-0030300,J.Brown,WR,ARI,SEA,0,0,0.0,0,0.0,0.0,0.0,0,0.0,0,6,2,13.0,0,1.3,3.3,,,74.0,205.0,27.825625,4.0,Clemson,2013.0,2013.0,,,-6.0,0.12765957
2017,11,00-0030300,J.Brown,WR,ARI,HOU,0,0,0.0,0,0.0,0.0,0.0,0,0.0,0,3,1,22.0,0,2.2,3.2,,,74.0,205.0,27.825625,4.0,Clemson,2013.0,2013.0,,,,0.0882353
2017,12,00-0030300,J.Brown,WR,ARI,JAX,0,0,0.0,0,0.0,0.0,0.0,0,0.0,0,1,1,52.0,1,11.2,12.2,,,74.0,205.0,27.825625,4.0,Clemson,2013.0,2013.0,,,3.0,0.027027028
2017,14,00-0030300,J.Brown,WR,ARI,TEN,0,0,0.0,0,0.0,0.0,0.0,0,0.0,0,5,2,15.0,0,1.5,3.5,,,74.0,205.0,27.825625,4.0,Clemson,2013.0,2013.0,,,5.0,0.1923077
2017,15,00-0030300,J.Brown,WR,ARI,WAS,0,0,0.0,0,0.0,0.0,0.0,0,0.0,0,3,1,9.0,0,0.9,1.9,,,74.0,205.0,27.825625,4.0,Clemson,2013.0,2013.0,,,,0.075
2017,16,00-0030300,J.Brown,WR,ARI,NYG,0,0,0.0,0,0.0,0.0,0.0,0,0.0,0,4,2,27.0,0,2.7,4.7,,,74.0,205.0,27.825625,4.0,Clemson,2013.0,2013.0,,,23.0,0.11764706
2017,17,00-0030300,J.Brown,WR,ARI,SEA,0,0,0.0,0,0.0,0.0,0.0,0,0.0,0,5,1,25.0,1,8.5,9.5,,,74.0,205.0,27.825625,4.0,Clemson,2013.0,2013.0,,,,0.15151516
2017,1,00-0030404,C.Thompson,RB,WAS,PHI,0,0,0.0,0,0.0,0.0,0.0,3,4.0,0,5,4,52.0,1,11.6,15.6,,,68.0,191.0,27.0485625,4.0,Florida State,2013.0,2013.0,WAS,154.0,-13.0,0.125
2017,2,00-0030404,C.Thompson,RB,WAS,LA,0,0,0.0,0,0.0,0.0,0.0,3,77.0,2,7,3,29.0,0,22.6,25.6,,,68.0,191.0,27.0485625,4.0,Florida State,2013.0,2013.0,WAS,154.0,,0.25925925
2017,3,00-0030404,C.Thompson,RB,WAS,LV,0,0,0.0,0,0.0,0.0,0.0,8,38.0,0,7,6,150.0,1,24.8,30.8,,,68.0,191.0,27.0485625,4.0,Florida State,2013.0,2013.0,WAS,154.0,17.0,0.23333333
2017,4,00-0030404,C.Thompson,RB,WAS,KC,0,0,0.0,0,0.0,0.0,0.0,6,23.0,0,2,1,4.0,0,2.7,3.7,,,68.0,191.0,27.0485625,4.0,Florida State,2013.0,2013.0,WAS,154.0,,0.083333336
2017,6,00-0030404,C.Thompson,RB,WAS,SF,0,0,0.0,0,0.0,0.0,0.0,16,33.0,0,5,4,105.0,0,13.8,17.8,,,68.0,191.0,27.0485625,4.0,Florida State,2013.0,2013.0,WAS,154.0,2.0,0.1388889
2017,7,00-0030404,C.Thompson,RB,WAS,PHI,0,0,0.0,0,0.0,0.0,0.0,7,38.0,0,5,5,26.0,1,12.4,17.4,,,68.0,191.0,27.0485625,4.0,Florida State,2013.0,2013.0,WAS,154.0,,0.125
2017,8,00-0030404,C.Thompson,RB,WAS,DAL,0,0,0.0,0,0.0,0.0,0.0,4,18.0,0,9,8,76.0,0,9.4,17.4,,,68.0,191.0,27.0485625,4.0,Florida State,2013.0,2013.0,WAS,154.0,-14.0,0.23076923
2017,9,00-0030404,C.Thompson,RB,WAS,SEA,0,0,0.0,0,0.0,0.0,0.0,4,20.0,0,6,4,11.0,0,3.1,7.1,,,68.0,191.0,27.0485625,4.0,Florida State,2013.0,2013.0,WAS,154.0,,0.2
2017,10,00-0030404,C.Thompson,RB,WAS,MIN,0,0,0.0,0,0.0,0.0,0.0,9,26.0,0,7,3,41.0,0,6.7,9.7,,,68.0,191.0,27.0485625,4.0,Florida State,2013.0,2013.0,WAS,154.0,-8.0,0.15555556
2017,11,00-0030404,C.Thompson,RB,WAS,NO,0,0,0.0,0,0.0,0.0,0.0,4,17.0,0,1,1,16.0,1,9.3,10.3,,,68.0,191.0,27.0485625,4.0,Florida State,2013.0,2013.0,WAS,154.0,,0.033333335
2017,1,00-0030422,D.Sims,TE,CHI,ATL,0,0,0.0,0,0.0,0.0,0.0,0,0.0,0,3,2,31.0,0,3.1,5.1,,,76.0,268.0,26.7126875,4.0,Michigan State,2013.0,2013.0,MIA,106.0,-6.0,0.075
2017,2,00-0030422,D.Sims,TE,CHI,TB,0,0,0.0,0,0.0,0.0,0.0,0,0.0,0,1,0,0.0,0,0.0,0.0,,,76.0,268.0,26.7126875,4.0,Michigan State,2013.0,2013.0,MIA,106.0,,0.022222223
2017,4,00-0030422,D.Sims,TE,CHI,GB,0,0,0.0,0,0.0,0.0,0.0,0,0.0,0,1,1,8.0,0,0.8,1.8,,,76.0,268.0,26.7126875,4.0,Michigan State,2013.0,2013.0,MIA,106.0,,0.030303031
2017,5,00-0030422,D.Sims,TE,CHI,MIN,0,0,0.0,0,0.0,0.0,0.0,0,0.0,0,4,1,17.0,0,1.7,2.7,,,76.0,268.0,26.7126875,4.0,Michigan State,2013.0,2013.0,MIA,106.0,-3.0,0.15384616
2017,6,00-0030422,D.Sims,TE,CHI,BAL,0,0,0.0,0,0.0,0.0,0.0,0,0.0,0,4,2,42.0,1,10.2,12.2,,,76.0,268.0,26.7126875,4.0,Michigan State,2013.0,2013.0,MIA,106.0,,0.25
2017,8,00-0030422,D.Sims,TE,CHI,NO,0,0,0.0,0,0.0,0.0,0.0,0,0.0,0,5,3,15.0,0,1.5,4.5,,,76.0,268.0,26.7126875,4.0,Michigan State,2013.0,2013.0,MIA,106.0,,0.15625
2017,12,00-0030422,D.Sims,TE,CHI,PHI,0,0,0.0,0,0.0,0.0,0.0,0,0.0,0,1,1,-3.0,0,-0.3,0.7,,,76.0,268.0,26.7126875,4.0,Michigan State,2013.0,2013.0,MIA,106.0,,0.03125
2017,13,00-0030422,D.Sims,TE,CHI,SF,0,0,0.0,0,0.0,0.0,0.0,0,0.0,0,2,1,5.0,0,0.5,1.5,,,76.0,268.0,26.7126875,4.0,Michigan State,2013.0,2013.0,MIA,106.0,-1.0,0.13333334
2017,14,00-0030422,D.Sims,TE,CHI,CIN,0,0,0.0,0,0.0,0.0,0.0,0,0.0,0,3,2,32.0,0,3.2,5.2,,,76.0,268.0,26.7126875,4.0,Michigan State,2013.0,2013.0,MIA,106.0,,0.09677419
2017,15,00-0030422,D.Sims,TE,CHI,DET,0,0,0.0,0,0.0,0.0,0.0,0,0.0,0,1,1,9.0,0,0.9,1.9,,,76.0,268.0,26.7126875,4.0,Michigan State,2013.0,2013.0,MIA,106.0,,0.02173913
2017,16,00-0030422,D.Sims,TE,CHI,CLE,0,0,0.0,0,0.0,0.0,0.0,0,0.0,0,3,1,24.0,0,2.4,3.4,,,76.0,268.0,26.7126875,4.0,Michigan State,2013.0,2013.0,MIA,106.0,17.0,0.13043478
2017,17,00-0030422,D.Sims,TE,CHI,MIN,0,0,0.0,0,0.0,0.0,0.0,0,0.0,0,1,0,0.0,0,0.0,0.0,,,76.0,268.0,26.7126875,4.0,Michigan State,2013.0,2013.0,MIA,106.0,,0.027777778
2017,1,00-0030431,R.Woods,WR,LA,IND,0,0,0.0,0,0.0,0.0,0.0,0,0.0,0,5,3,53.0,0,5.3,8.3,,,72.0,193.0,25.582176470588234,4.0,Southern California,2013.0,2013.0,BUF,41.0,37.0,0.16666667
2017,2,00-0030431,R.Woods,WR,LA,WAS,0,0,0.0,0,0.0,0.0,0.0,0,0.0,0,4,1,8.0,0,0.8,1.8,,,72.0,193.0,25.582176470588234,4.0,Southern California,2013.0,2013.0,BUF,41.0,-7.0,0.16
2017,3,00-0030431,R.Woods,WR,LA,SF,0,0,0.0,0,0.0,0.0,0.0,0,0.0,0,7,6,108.0,0,10.8,16.8,,,72.0,193.0,25.582176470588234,4.0,Southern California,2013.0,2013.0,BUF,41.0,,0.25
2017,4,00-0030431,R.Woods,WR,LA,DAL,0,0,0.0,0,0.0,0.0,0.0,0,0.0,0,6,2,17.0,0,1.7,3.7,,,72.0,193.0,25.582176470588234,4.0,Southern California,2013.0,2013.0,BUF,41.0,,0.17142858
2017,5,00-0030431,R.Woods,WR,LA,SEA,0,0,0.0,0,0.0,0.0,0.0,1,8.0,0,8,5,66.0,0,7.4,12.4,,,72.0,193.0,25.582176470588234,4.0,Southern California,2013.0,2013.0,BUF,41.0,-6.0,0.17391305
2017,6,00-0030431,R.Woods,WR,LA,JAX,0,0,0.0,0,0.0,0.0,0.0,0,0.0,0,7,5,70.0,0,5.0,10.0,,,72.0,193.0,25.582176470588234,4.0,Southern California,2013.0,2013.0,BUF,41.0,,0.33333334
2017,7,00-0030431,R.Woods,WR,LA,ARI,0,0,0.0,0,0.0,0.0,0.0,1,4.0,0,7,5,59.0,0,6.3,11.3,,,72.0,193.0,25.582176470588234,4.0,Southern California,2013.0,2013.0,BUF,41.0,33.0,0.1891892
2017,9,00-0030431,R.Woods,WR,LA,NYG,0,0,0.0,0,0.0,0.0,0.0,0,0.0,0,5,4,70.0,2,19.0,23.0,,,72.0,193.0,25.582176470588234,4.0,Southern California,2013.0,2013.0,BUF,41.0,,0.22727273
2017,10,00-0030431,R.Woods,WR,LA,HOU,0,0,0.0,0,0.0,0.0,0.0,0,0.0,0,10,8,171.0,2,29.1,37.1,,,72.0,193.0,25.582176470588234,4.0,Southern California,2013.0,2013.0,BUF,41.0,26.0,0.2777778
2017,11,00-0030431,R.Woods,WR,LA,MIN,0,0,0.0,0,0.0,0.0,0.0,0,0.0,0,11,8,81.0,0,8.1,16.1,,,72.0,193.0,25.582176470588234,4.0,Southern California,2013.0,2013.0,BUF,41.0,,0.30555555
2017,15,00-0030431,R.Woods,WR,LA,SEA,0,0,0.0,0,0.0,0.0,0.0,0,0.0,0,7,6,45.0,1,10.5,16.5,,,72.0,193.0,25.582176470588234,4.0,Southern California,2013.0,2013.0,BUF,41.0,,0.3043478
2017,16,00-0030431,R.Woods,WR,LA,TEN,0,0,0.0,0,0.0,0.0,0.0,0,0.0,0,8,3,33.0,0,3.3,6.3,,,72.0,193.0,25.582176470588234,4.0,Southern California,2013.0,2013.0,BUF,41.0,,0.21052632
2017,18,00-0030431,R.Woods,WR,LA,ATL,0,0,0.0,0,0.0,0.0,0.0,0,0.0,0,14,9,142.0,0,14.2,23.2,,,72.0,193.0,25.582176470588234,4.0,Southern California,2013.0,2013.0,BUF,41.0,-13.0,0.31111112
2017,1,00-0030433,M.Gillislee,RB,NE,KC,0,0,0.0,0,0.0,0.0,0.0,15,45.0,3,0,0,0.0,0,22.5,22.5,,,71.0,219.0,27.045052631578947,4.0,Florida,2013.0,2013.0,MIA,164.0,-15.0,
2017,2,00-0030433,M.Gillislee,RB,NE,NO,0,0,0.0,0,0.0,0.0,0.0,18,69.0,1,0,0,0.0,0,12.9,12.9,,,71.0,219.0,27.045052631578947,4.0,Florida,2013.0,2013.0,MIA,164.0,,
2017,3,00-0030433,M.Gillislee,RB,NE,HOU,0,0,0.0,0,0.0,0.0,0.0,12,31.0,0,0,0,0.0,0,3.1,3.1,,,71.0,219.0,27.045052631578947,4.0,Florida,2013.0,2013.0,MIA,164.0,3.0,
2017,4,00-0030433,M.Gillislee,RB,NE,CAR,0,0,0.0,0,0.0,0.0,0.0,12,49.0,0,0,0,0.0,0,4.9,4.9,,,71.0,219.0,27.045052631578947,4.0,Florida,2013.0,2013.0,MIA,164.0,-3.0,
2017,5,00-0030433,M.Gillislee,RB,NE,TB,0,0,0.0,0,0.0,0.0,0.0,12,52.0,0,0,0,0.0,0,5.2,5.2,,,71.0,219.0,27.045052631578947,4.0,Florida,2013.0,2013.0,MIA,164.0,,
2017,6,00-0030433,M.Gillislee,RB,NE,NYJ,0,0,0.0,0,0.0,0.0,0.0,10,44.0,0,0,0,0.0,0,2.4,2.4,,,71.0,219.0,27.045052631578947,4.0,Florida,2013.0,2013.0,MIA,164.0,,
2017,7,00-0030433,M.Gillislee,RB,NE,ATL,0,0,0.0,0,0.0,0.0,0.0,8,31.0,0,0,0,0.0,0,3.1,3.1,,,71.0,219.0,27.045052631578947,4.0,Florida,2013.0,2013.0,MIA,164.0,16.0,
2017,8,00-0030433,M.Gillislee,RB,NE,LAC,0,0,0.0,0,0.0,0.0,0.0,11,34.0,0,0,0,0.0,0,3.4,3.4,,,71.0,219.0,27.045052631578947,4.0,Florida,2013.0,2013.0,MIA,164.0,8.0,
2017,16,00-0030433,M.Gillislee,RB,NE,BUF,0,0,0.0,0,0.0,0.0,0.0,6,28.0,1,1,1,15.0,0,10.3,11.3,,,71.0,219.0,27.045052631578947,4.0,Florida,2013.0,2013.0,MIA,164.0,21.0,0.035714287
2017,1,00-0030443,L.Toilolo,TE,ATL,CHI,0,0,0.0,0,0.0,0.0,0.0,0,0.0,0,1,0,0.0,0,0.0,0.0,,,80.0,265.0,26.29372222222222,4.0,Stanford,2013.0,2013.0,ATL,133.0,,0.033333335
2017,4,00-0030443,L.Toilolo,TE,ATL,BUF,0,0,0.0,0,0.0,0.0,0.0,0,0.0,0,3,3,21.0,0,2.1,5.1,,,80.0,265.0,26.29372222222222,4.0,Stanford,2013.0,2013.0,ATL,133.0,-6.0,0.071428575
2017,8,00-0030443,L.Toilolo,TE,ATL,NYJ,0,0,0.0,0,0.0,0.0,0.0,0,0.0,0,3,2,20.0,0,2.0,4.0,,,80.0,265.0,26.29372222222222,4.0,Stanford,2013.0,2013.0,ATL,133.0,,0.11111111
2017,9,00-0030443,L.Toilolo,TE,ATL,CAR,0,0,0.0,0,0.0,0.0,0.0,0,0.0,0,1,1,8.0,0,0.8,1.8,,,80.0,265.0,26.29372222222222,4.0,Stanford,2013.0,2013.0,ATL,133.0,,0.027027028
2017,10,00-0030443,L.Toilolo,TE,ATL,DAL,0,0,0.0,0,0.0,0.0,0.0,0,0.0,0,1,1,10.0,0,1.0,2.0,,,80.0,265.0,26.29372222222222,4.0,Stanford,2013.0,2013.0,ATL,133.0,20.0,0.035714287
2017,11,00-0030443,L.Toilolo,TE,ATL,SEA,0,0,0.0,0,0.0,0.0,0.0,0,0.0,0,2,2,31.0,1,9.1,11.1,,,80.0,265.0,26.29372222222222,4.0,Stanford,2013.0,2013.0,ATL,133.0,,0.074074075
2017,13,00-0030443,L.Toilolo,TE,ATL,MIN,0,0,0.0,0,0.0,0.0,0.0,0,0.0,0,2,2,25.0,0,2.5,4.5,,,80.0,265.0,26.29372222222222,4.0,Stanford,2013.0,2013.0,ATL,133.0,-5.0,0.06896552
2017,14,00-0030443,L.Toilolo,TE,ATL,NO,0,0,0.0,0,0.0,0.0,0.0,0,0.0,0,1,1,7.0,0,0.7,1.7,,,80.0,265.0,26.29372222222222,4.0,Stanford,2013.0,2013.0,ATL,133.0,3.0,0.037037037
2017,19,00-0030443,L.Toilolo,TE,ATL,PHI,0,0,0.0,0,0.0,0.0,0.0,0,0.0,0,2,1,12.0,0,1.2,2.2,,,80.0,265.0,26.29372222222222,4.0,Stanford,2013.0,2013.0,ATL,133.0,,0.055555556
2017,1,00-0030456,G.Bernard,RB,CIN,BAL,0,0,0.0,0,0.0,0.0,0.0,7,40.0,0,2,1,39.0,0,7.9,8.9,,,69.0,205.0,25.9580625,4.0,North Carolina,2013.0,2013.0,CIN,37.0,-20.0,0.06896552
2017,2,00-0030456,G.Bernard,RB,CIN,HOU,0,0,0.0,0,0.0,0.0,0.0,5,10.0,0,4,2,8.0,0,1.8,3.8,,,69.0,205.0,25.9580625,4.0,North Carolina,2013.0,2013.0,CIN,37.0,-4.0,0.12903225
2017,3,00-0030456,G.Bernard,RB,CIN,GB,0,0,0.0,0,0.0,0.0,0.0,3,27.0,0,2,2,12.0,1,9.9,11.9,,,69.0,205.0,25.9580625,4.0,North Carolina,2013.0,2013.0,CIN,37.0,,0.07692308
2017,4,00-0030456,G.Bernard,RB,CIN,CLE,0,0,0.0,0,0.0,0.0,0.0,3,12.0,0,4,3,67.0,1,13.9,16.9,,,69.0,205.0,25.9580625,4.0,North Carolina,2013.0,2013.0,CIN,37.0,,0.13333334
2017,5,00-0030456,G.Bernard,RB,CIN,BUF,0,0,0.0,0,0.0,0.0,0.0,2,2.0,0,2,2,30.0,0,3.2,5.2,,,69.0,205.0,25.9580625,4.0,North Carolina,2013.0,2013.0,CIN,37.0,4.0,0.05882353
2017,7,00-0030456,G.Bernard,RB,CIN,PIT,0,0,0.0,0,0.0,0.0,0.0,3,8.0,0,3,1,-1.0,0,0.7,1.7,,,69.0,205.0,25.9580625,4.0,North Carolina,2013.0,2013.0,CIN,37.0,,0.10344828
2017,8,00-0030456,G.Bernard,RB,CIN,IND,0,0,0.0,0,0.0,0.0,0.0,2,5.0,0,2,0,0.0,0,0.5,0.5,,,69.0,205.0,25.9580625,4.0,North Carolina,2013.0,2013.0,CIN,37.0,1.0,0.071428575
2017,9,00-0030456,G.Bernard,RB,CIN,JAX,0,0,0.0,0,0.0,0.0,0.0,1,-1.0,0,1,1,-5.0,0,-0.6,0.4,,,69.0,205.0,25.9580625,4.0,North Carolina,2013.0,2013.0,CIN,37.0,,0.05882353
2017,10,00-0030456,G.Bernard,RB,CIN,TEN,0,0,0.0,0,0.0,0.0,0.0,2,10.0,0,5,5,38.0,0,4.8,9.8,,,69.0,205.0,25.9580625,4.0,North Carolina,2013.0,2013.0,CIN,37.0,,0.14705883
2017,11,00-0030456,G.Bernard,RB,CIN,DEN,0,0,0.0,0,0.0,0.0,0.0,3,-4.0,0,2,1,8.0,0,0.4,1.4,,,69.0,205.0,25.9580625,4.0,North Carolina,2013.0,2013.0,CIN,37.0,,0.083333336
2017,12,00-0030456,G.Bernard,RB,CIN,CLE,0,0,0.0,0,0.0,0.0,0.0,3,12.0,0,1,1,15.0,0,2.7,3.7,,,69.0,205.0,25.9580625,4.0,North Carolina,2013.0,2013.0,CIN,37.0,14.0,0.03846154
2017,13,00-0030456,G.Bernard,RB,CIN,PIT,0,0,0.0,0,0.0,0.0,0.0,13,77.0,0,3,2,19.0,0,9.6,11.6,,,69.0,205.0,25.9580625,4.0,North Carolina,2013.0,2013.0,CIN,37.0,-3.0,0.08571429
2017,14,00-0030456,G.Bernard,RB,CIN,CHI,0,0,0.0,0,0.0,0.0,0.0,11,62.0,0,8,6,68.0,0,13.0,19.0,,,69.0,205.0,25.9580625,4.0,North Carolina,2013.0,2013.0,CIN,37.0,-26.0,0.22222222
2017,15,00-0030456,G.Bernard,RB,CIN,MIN,0,0,0.0,0,0.0,0.0,0.0,14,30.0,1,5,3,13.0,0,10.3,13.3,,,69.0,205.0,25.9580625,4.0,North Carolina,2013.0,2013.0,CIN,37.0,,0.17857143
2017,16,00-0030456,G.Bernard,RB,CIN,DET,0,0,0.0,0,0.0,0.0,0.0,23,116.0,1,7,7,52.0,0,22.8,29.8,,,69.0,205.0,25.9580625,4.0,North Carolina,2013.0,2013.0,CIN,37.0,9.0,0.175
2017,17,00-0030456,G.Bernard,RB,CIN,BAL,0,0,0.0,0,0.0,0.0,0.0,10,52.0,0,9,6,18.0,0,7.0,13.0,,,69.0,205.0,25.9580625,4.0,North Carolina,2013.0,2013.0,CIN,37.0,,0.2195122
2017,3,00-0030460,M.Wheaton,WR,CHI,PIT,0,0,0.0,0,0.0,0.0,0.0,0,0.0,0,2,0,0.0,0,0.0,0.0,,,71.0,182.0,26.74275,4.0,Oregon State,2013.0,2013.0,PIT,79.0,6.0,0.0952381
2017,4,00-0030460,M.Wheaton,WR,CHI,GB,0,0,0.0,0,0.0,0.0,0.0,0,0.0,0,3,0,0.0,0,0.0,0.0,,,71.0,182.0,26.74275,4.0,Oregon State,2013.0,2013.0,PIT,79.0,,0.09090909
2017,5,00-0030460,M.Wheaton,WR,CHI,MIN,0,0,0.0,0,0.0,0.0,0.0,0,0.0,0,4,1,9.0,0,0.9,1.9,,,71.0,182.0,26.74275,4.0,Oregon State,2013.0,2013.0,PIT,79.0,-3.0,0.15384616
2017,11,00-0030460,M.Wheaton,WR,CHI,DET,0,0,0.0,0,0.0,0.0,0.0,0,0.0,0,2,0,0.0,0,0.0,0.0,,,71.0,182.0,26.74275,4.0,Oregon State,2013.0,2013.0,PIT,79.0,-3.0,0.06666667
2017,12,00-0030460,M.Wheaton,WR,CHI,PHI,0,0,0.0,0,0.0,0.0,0.0,0,0.0,0,1,0,0.0,0,0.0,0.0,,,71.0,182.0,26.74275,4.0,Oregon State,2013.0,2013.0,PIT,79.0,,0.03125
2017,15,00-0030460,M.Wheaton,WR,CHI,DET,0,0,0.0,0,0.0,0.0,0.0,0,0.0,0,4,2,42.0,0,4.2,6.2,,,71.0,182.0,26.74275,4.0,Oregon State,2013.0,2013.0,PIT,79.0,,0.08695652
2017,17,00-0030460,M.Wheaton,WR,CHI,MIN,0,0,0.0,0,0.0,0.0,0.0,0,0.0,0,1,0,0.0,0,0.0,0.0,,,71.0,182.0,26.74275,4.0,Oregon State,2013.0,2013.0,PIT,79.0,,0.027777778
2017,5,00-0030465,K.Barner,RB,PHI,ARI,0,0,0.0,0,0.0,0.0,0.0,5,23.0,0,0,0,0.0,0,2.3,2.3,,,69.0,185.0,28.55605263157895,4.0,Oregon,2013.0,2013.0,CAR,182.0,27.0,
2017,6,00-0030465,K.Barner,RB,PHI,CAR,0,0,0.0,0,0.0,0.0,0.0,5,7.0,0,2,1,9.0,0,1.6,2.6,,,69.0,185.0,28.55605263157895,4.0,Oregon,2013.0,2013.0,CAR,182.0,,0.06666667
2017,7,00-0030465,K.Barner,RB,PHI,WAS,0,0,0.0,0,0.0,0.0,0.0,2,4.0,0,0,0,0.0,0,0.4,0.4,,,69.0,185.0,28.55605263157895,4.0,Oregon,2013.0,2013.0,CAR,182.0,10.0,
2017,8,00-0030465,K.Barner,RB,PHI,SF,0,0,0.0,0,0.0,0.0,0.0,0,0.0,0,2,2,11.0,0,1.1,3.1,,,69.0,185.0,28.55605263157895,4.0,Oregon,2013.0,2013.0,CAR,182.0,23.0,0.0625
2017,11,00-0030465,K.Barner,RB,PHI,DAL,0,0,0.0,0,0.0,0.0,0.0,1,4.0,1,1,1,22.0,0,8.6,9.6,,,69.0,185.0,28.55605263157895,4.0,Oregon,2013.0,2013.0,CAR,182.0,,0.03846154
2017,12,00-0030465,K.Barner,RB,PHI,CHI,0,0,0.0,0,0.0,0.0,0.0,0,0.0,0,1,0,0.0,0,0.0,0.0,,,69.0,185.0,28.55605263157895,4.0,Oregon,2013.0,2013.0,CAR,182.0,28.0,0.025641026
2017,13,00-0030465,K.Barner,RB,PHI,SEA,0,0,0.0,0,0.0,0.0,0.0,0,0.0,0,1,0,0.0,0,0.0,0.0,,,69.0,185.0,28.55605263157895,4.0,Oregon,2013.0,2013.0,CAR,182.0,,0.022222223
2017,15,00-0030465,K.Barner,RB,PHI,NYG,0,0,0.0,0,0.0,0.0,0.0,2,21.0,0,0,0,0.0,0,2.1,2.1,,,69.0,185.0,28.55605263157895,4.0,Oregon,2013.0,2013.0,CAR,182.0,,
2017,17,00-0030465,K.Barner,RB,PHI,DAL,0,0,0.0,0,0.0,0.0,0.0,1,-2.0,0,1,1,14.0,0,1.2,2.2,,,69.0,185.0,28.55605263157895,4.0,Oregon,2013.0,2013.0,CAR,182.0,-6.0,0.030303031
2017,1,00-0030470,V.McDonald,TE,PIT,CLE,0,0,0.0,0,0.0,0.0,0.0,0,0.0,0,1,0,0.0,0,0.0,0.0,,,76.0,267.0,27.408823529411762,4.0,Rice,2013.0,2013.0,SF,55.0,,0.027777778
2017,4,00-0030470,V.McDonald,TE,PIT,BAL,0,0,0.0,0,0.0,0.0,0.0,0,0.0,0,1,0,0.0,0,0.0,0.0,,,76.0,267.0,27.408823529411762,4.0,Rice,2013.0,2013.0,SF,55.0,,0.033333335
2017,5,00-0030470,V.McDonald,TE,PIT,JAX,0,0,0.0,0,0.0,0.0,0.0,0,0.0,0,2,0,0.0,0,0.0,0.0,,,76.0,267.0,27.408823529411762,4.0,Rice,2013.0,2013.0,SF,55.0,-21.0,0.037037037
2017,6,00-0030470,V.McDonald,TE,PIT,KC,0,0,0.0,0,0.0,0.0,0.0,0,0.0,0,2,1,26.0,0,2.6,3.6,,,76.0,267.0,27.408823529411762,4.0,Rice,2013.0,2013.0,SF,55.0,,0.083333336
2017,7,00-0030470,V.McDonald,TE,PIT,CIN,0,0,0.0,0,0.0,0.0,0.0,0,0.0,0,3,2,37.0,0,3.7,5.7,,,76.0,267.0,27.408823529411762,4.0,Rice,2013.0,2013.0,SF,55.0,15.0,0.12
2017,10,00-0030470,V.McDonald,TE,PIT,IND,0,0,0.0,0,0.0,0.0,0.0,0,0.0,0,2,2,16.0,1,7.6,9.6,,,76.0,267.0,27.408823529411762,4.0,Rice,2013.0,2013.0,SF,55.0,,0.06666667
2017,14,00-0030470,V.McDonald,TE,PIT,BAL,0,0,0.0,0,0.0,0.0,0.0,0,0.0,0,6,4,52.0,0,5.2,9.2,,,76.0,267.0,27.408823529411762,4.0,Rice,2013.0,2013.0,SF,55.0,1.0,0.09375
2017,16,00-0030470,V.McDonald,TE,PIT,HOU,0,0,0.0,0,0.0,0.0,0.0,0,0.0,0,5,4,52.0,0,5.2,9.2,,,76.0,267.0,27.408823529411762,4.0,Rice,2013.0,2013.0,SF,55.0,,0.16666667
2017,17,00-0030470,V.McDonald,TE,PIT,CLE,0,0,0.0,0,0.0,0.0,0.0,0,0.0,0,2,1,5.0,0,0.5,1.5,,,76.0,267.0,27.408823529411762,4.0,Rice,2013.0,2013.0,SF,55.0,4.0,0.074074075
2017,19,00-0030470,V.McDonald,TE,PIT,JAX,0,0,0.0,0,0.0,0.0,0.0,0,0.0,0,16,10,112.0,0,11.2,21.2,,,76.0,267.0,27.408823529411762,4.0,Rice,2013.0,2013.0,SF,55.0,-3.0,0.28070176
2017,1,00-0030472,J.Reed,TE,WAS,PHI,0,0,0.0,0,0.0,0.0,0.0,0,0.0,0,8,5,36.0,0,3.6,8.6,,,74.0,246.0,27.347,4.0,Florida,2013.0,2013.0,WAS,85.0,-13.0,0.2
2017,2,00-0030472,J.Reed,TE,WAS,LA,0,0,0.0,0,0.0,0.0,0.0,0,0.0,0,6,6,48.0,0,4.8,10.8,,,74.0,246.0,27.347,4.0,Florida,2013.0,2013.0,WAS,85.0,,0.22222222
2017,4,00-0030472,J.Reed,TE,WAS,KC,0,0,0.0,0,0.0,0.0,0.0,0,0.0,0,5,3,21.0,0,2.1,5.1,,,74.0,246.0,27.347,4.0,Florida,2013.0,2013.0,WAS,85.0,,0.20833333
2017,6,00-0030472,J.Reed,TE,WAS,SF,0,0,0.0,0,0.0,0.0,0.0,0,0.0,0,5,4,37.0,0,3.7,7.7,,,74.0,246.0,27.347,4.0,Florida,2013.0,2013.0,WAS,85.0,2.0,0.1388889
2017,7,00-0030472,J.Reed,TE,WAS,PHI,0,0,0.0,0,0.0,0.0,0.0,0,0.0,0,10,8,64.0,2,18.4,26.4,,,74.0,246.0,27.347,4.0,Florida,2013.0,2013.0,WAS,85.0,,0.25
2017,8,00-0030472,J.Reed,TE,WAS,DAL,0,0,0.0,0,0.0,0.0,0.0,0,0.0,0,1,1,5.0,0,0.5,1.5,,,74.0,246.0,27.347,4.0,Florida,2013.0,2013.0,WAS,85.0,-14.0,0.025641026
2017,1,00-0030485,E.Lacy,RB,SEA,GB,0,0,0.0,0,0.0,0.0,0.0,5,3.0,0,0,0,0.0,0,0.3,0.3,,,71.0,250.0,27.4310625,4.0,Alabama,2013.0,2013.0,GB,61.0,,
2017,4,00-0030485,E.Lacy,RB,SEA,IND,0,0,0.0,0,0.0,0.0,0.0,11,52.0,0,0,0,0.0,0,5.2,5.2,,,71.0,250.0,27.4310625,4.0,Alabama,2013.0,2013.0,GB,61.0,28.0,
2017,5,00-0030485,E.Lacy,RB,SEA,LA,0,0,0.0,0,0.0,0.0,0.0,9,19.0,0,1,1,9.0,0,2.8,3.8,,,71.0,250.0,27.4310625,4.0,Alabama,2013.0,2013.0,GB,61.0,,0.027027028
2017,7,00-0030485,E.Lacy,RB,SEA,NYG,0,0,0.0,0,0.0,0.0,0.0,11,34.0,0,1,1,9.0,0,4.3,5.3,,,71.0,250.0,27.4310625,4.0,Alabama,2013.0,2013.0,GB,61.0,,0.027027028
2017,8,00-0030485,E.Lacy,RB,SEA,HOU,0,0,0.0,0,0.0,0.0,0.0,6,0.0,0,0,0,0.0,0,0.0,0.0,,,71.0,250.0,27.4310625,4.0,Alabama,2013.0,2013.0,GB,61.0,3.0,
2017,9,00-0030485,E.Lacy,RB,SEA,WAS,0,0,0.0,0,0.0,0.0,0.0,6,20.0,0,1,1,14.0,0,3.4,4.4,,,71.0,250.0,27.4310625,4.0,Alabama,2013.0,2013.0,GB,61.0,-3.0,0.024390243
2017,11,00-0030485,E.Lacy,RB,SEA,ATL,0,0,0.0,0,0.0,0.0,0.0,3,2.0,0,0,0,0.0,0,0.2,0.2,,,71.0,250.0,27.4310625,4.0,Alabama,2013.0,2013.0,GB,61.0,-3.0,
2017,12,00-0030485,E.Lacy,RB,SEA,SF,0,0,0.0,0,0.0,0.0,0.0,17,46.0,0,3,3,15.0,0,6.1,9.1,,,71.0,250.0,27.4310625,4.0,Alabama,2013.0,2013.0,GB,61.0,,0.09090909
2017,13,00-0030485,E.Lacy,RB,SEA,PHI,0,0,0.0,0,0.0,0.0,0.0,1,3.0,0,0,0,0.0,0,0.3,0.3,,,71.0,250.0,27.4310625,4.0,Alabama,2013.0,2013.0,GB,61.0,14.0,
2017,1,00-0030496,L.Bell,RB,PIT,CLE,0,0,0.0,0,0.0,0.0,0.0,10,32.0,0,6,3,15.0,0,4.7,7.7,,,73.0,244.0,25.725058823529412,4.0,Michigan State,2013.0,2013.0,PIT,48.0,,0.16666667
2017,2,00-0030496,L.Bell,RB,PIT,MIN,0,0,0.0,0,0.0,0.0,0.0,27,87.0,0,4,4,4.0,0,9.1,13.1,,,73.0,244.0,25.725058823529412,4.0,Michigan State,2013.0,2013.0,PIT,48.0,17.0,0.114285715
2017,3,00-0030496,L.Bell,RB,PIT,CHI,0,0,0.0,0,0.0,0.0,0.0,15,61.0,1,7,6,37.0,0,15.8,21.8,,,73.0,244.0,25.725058823529412,4.0,Michigan State,2013.0,2013.0,PIT,48.0,,0.17948718
2017,4,00-0030496,L.Bell,RB,PIT,BAL,0,0,0.0,0,0.0,0.0,0.0,35,144.0,2,6,4,42.0,0,30.6,34.6,,,73.0,244.0,25.725058823529412,4.0,Michigan State,2013.0,2013.0,PIT,48.0,,0.2
2017,5,00-0030496,L.Bell,RB,PIT,JAX,0,0,0.0,0,0.0,0.0,0.0,15,47.0,0,10,10,46.0,0,9.3,19.3,,,73.0,244.0,25.725058823529412,4.0,Michigan State,2013.0,2013.0,PIT,48.0,-21.0,0.18518518
2017,6,00-0030496,L.Bell,RB,PIT,KC,0,0,0.0,0,0.0,0.0,0.0,32,179.0,1,6,3,12.0,0,25.1,28.1,,,73.0,244.0,25.725058823529412,4.0,Michigan State,2013.0,2013.0,PIT,48.0,,0.25
2017,7,00-0030496,L.Bell,RB,PIT,CIN,0,0,0.0,0,0.0,0.0,0.0,35,134.0,0,3,3,58.0,0,19.2,22.2,,,73.0,244.0,25.725058823529412,4.0,Michigan State,2013.0,2013.0,PIT,48.0,15.0,0.12
2017,8,00-0030496,L.Bell,RB,PIT,DET,0,0,0.0,0,0.0,0.0,0.0,25,76.0,1,3,2,5.0,0,12.1,14.1,,,73.0,244.0,25.725058823529412,4.0,Michigan State,2013.0,2013.0,PIT,48.0,,0.09677419
2017,10,00-0030496,L.Bell,RB,PIT,IND,0,0,0.0,0,0.0,0.0,0.0,26,80.0,0,6,5,32.0,0,11.2,16.2,,,73.0,244.0,25.725058823529412,4.0,Michigan State,2013.0,2013.0,PIT,48.0,,0.2
2017,11,00-0030496,L.Bell,RB,PIT,TEN,0,0,0.0,0,0.0,0.0,0.0,12,46.0,0,12,10,65.0,0,11.1,21.1,,,73.0,244.0,25.725058823529412,4.0,Michigan State,2013.0,2013.0,PIT,48.0,23.0,0.26666668
2017,12,00-0030496,L.Bell,RB,PIT,GB,0,0,0.0,0,0.0,0.0,0.0,20,95.0,0,14,12,88.0,0,16.3,28.3,,,73.0,244.0,25.725058823529412,4.0,Michigan State,2013.0,2013.0,PIT,48.0,3.0,0.31111112
2017,13,00-0030496,L.Bell,RB,PIT,CIN,0,0,0.0,0,0.0,0.0,0.0,18,76.0,0,6,5,106.0,1,24.2,29.2,,,73.0,244.0,25.725058823529412,4.0,Michigan State,2013.0,2013.0,PIT,48.0,,0.15
2017,14,00-0030496,L.Bell,RB,PIT,BAL,0,0,0.0,0,0.0,0.0,0.0,13,48.0,2,10,9,77.0,1,30.5,39.5,,,73.0,244.0,25.725058823529412,4.0,Michigan State,2013.0,2013.0,PIT,48.0,1.0,0.15625
2017,15,00-0030496,L.Bell,RB,PIT,NE,0,0,0.0,0,0.0,0.0,0.0,24,117.0,1,6,5,48.0,0,22.5,27.5,,,73.0,244.0,25.725058823529412,4.0,Michigan State,2013.0,2013.0,PIT,48.0,-3.0,0.2
2017,16,00-0030496,L.Bell,RB,PIT,HOU,0,0,0.0,0,0.0,0.0,0.0,14,69.0,1,8,5,28.0,0,15.7,20.7,,,73.0,244.0,25.725058823529412,4.0,Michigan State,2013.0,2013.0,PIT,48.0,,0.26666668
2017,19,00-0030496,L.Bell,RB,PIT,JAX,0,0,0.0,0,0.0,0.0,0.0,16,67.0,1,13,9,88.0,1,27.5,36.5,,,73.0,244.0,25.725058823529412,4.0,Michigan State,2013.0,2013.0,PIT,48.0,-3.0,0.22807017
2017,1,00-0030506,T.Kelce,TE,KC,NE,0,0,0.0,0,0.0,0.0,0.0,1,4.0,0,7,5,40.0,0,4.4,9.4,,,77.0,260.0,28.092882352941178,4.0,Cincinnati,2013.0,2013.0,KC,63.0,,0.20588236
2017,2,00-0030506,T.Kelce,TE,KC,PHI,0,0,0.0,0,0.0,0.0,0.0,0,0.0,0,10,8,103.0,1,16.3,24.3,,,77.0,260.0,28.092882352941178,4.0,Cincinnati,2013.0,2013.0,KC,63.0,7.0,0.37037036
2017,3,00-0030506,T.Kelce,TE,KC,LAC,0,0,0.0,0,0.0,0.0,0.0,0,0.0,0,1,1,1.0,0,0.1,1.1,,,77.0,260.0,28.092882352941178,4.0,Cincinnati,2013.0,2013.0,KC,63.0,,0.04761905
2017,4,00-0030506,T.Kelce,TE,KC,WAS,0,0,0.0,0,0.0,0.0,0.0,1,3.0,0,8,7,111.0,1,17.4,24.4,,,77.0,260.0,28.092882352941178,4.0,Cincinnati,2013.0,2013.0,KC,63.0,9.0,0.22857143
2017,5,00-0030506,T.Kelce,TE,KC,HOU,0,0,0.0,0,0.0,0.0,0.0,0,0.0,0,11,8,98.0,0,9.8,17.8,,,77.0,260.0,28.092882352941178,4.0,Cincinnati,2013.0,2013.0,KC,63.0,,0.2972973
2017,6,00-0030506,T.Kelce,TE,KC,PIT,0,0,0.0,0,0.0,0.0,0.0,0,0.0,0,7,4,37.0,0,3.7,7.7,,,77.0,260.0,28.092882352941178,4.0,Cincinnati,2013.0,2013.0,KC,63.0,-6.0,0.21875
2017,7,00-0030506,T.Kelce,TE,KC,LV,0,0,0.0,0,0.0,0.0,0.0,0,0.0,0,5,4,33.0,1,9.3,13.3,,,77.0,260.0,28.092882352941178,4.0,Cincinnati,2013.0,2013.0,KC,63.0,,0.1388889
2017,8,00-0030506,T.Kelce,TE,KC,DEN,0,0,0.0,0,0.0,0.0,0.0,0,0.0,0,10,7,133.0,1,19.3,26.3,,,77.0,260.0,28.092882352941178,4.0,Cincinnati,2013.0,2013.0,KC,63.0,10.0,0.3448276
2017,9,00-0030506,T.Kelce,TE,KC,DAL,0,0,0.0,0,0.0,0.0,0.0,0,0.0,0,9,7,73.0,1,13.3,20.3,,,77.0,260.0,28.092882352941178,4.0,Cincinnati,2013.0,2013.0,KC,63.0,,0.27272728
2017,11,00-0030506,T.Kelce,TE,KC,NYG,0,1,0.0,0,1.0,0.0,-0.0,0,0.0,0,14,8,109.0,0,8.9,16.9,,,77.0,260.0,28.092882352941178,4.0,Cincinnati,2013.0,2013.0,KC,63.0,,0.35897437
2017,12,00-0030506,T.Kelce,TE,KC,BUF,0,0,0.0,0,0.0,0.0,0.0,0,0.0,0,4,3,39.0,0,3.9,6.9,,,77.0,260.0,28.092882352941178,4.0,Cincinnati,2013.0,2013.0,KC,63.0,-6.0,0.114285715
2017,13,00-0030506,T.Kelce,TE,KC,NYJ,0,0,0.0,0,0.0,0.0,0.0,0,0.0,0,8,4,94.0,2,21.4,25.4,,,77.0,260.0,28.092882352941178,4.0,Cincinnati,2013.0,2013.0,KC,63.0,,0.25
2017,14,00-0030506,T.Kelce,TE,KC,LV,0,0,0.0,0,0.0,0.0,0.0,0,0.0,0,13,7,74.0,0,7.4,14.4,,,77.0,260.0,28.092882352941178,4.0,Cincinnati,2013.0,2013.0,KC,63.0,11.0,0.38235295
2017,15,00-0030506,T.Kelce,TE,KC,LAC,0,0,0.0,0,0.0,0.0,0.0,0,0.0,0,7,6,46.0,0,4.6,10.6,,,77.0,260.0,28.092882352941178,4.0,Cincinnati,2013.0,2013.0,KC,63.0,17.0,0.23333333
2017,16,00-0030506,T.Kelce,TE,KC,MIA,0,0,0.0,0,0.0,0.0,0.0,0,0.0,0,8,4,47.0,1,10.7,14.7,,,77.0,260.0,28.092882352941178,4.0,Cincinnati,2013.0,2013.0,KC,63.0,16.0,0.20512821
2017,18,00-0030506,T.Kelce,TE,KC,TEN,0,0,0.0,0,0.0,0.0,0.0,0,0.0,0,4,4,66.0,1,12.6,16.6,,,77.0,260.0,28.092882352941178,4.0,Cincinnati,2013.0,2013.0,KC,63.0,-1.0,0.125
2017,1,00-0030513,L.Murray,RB,MIN,NO,0,0,0.0,0,0.0,0.0,0.0,2,6.0,0,0,0,0.0,0,0.6,0.6,,,75.0,230.0,27.819444444444443,4.0,Central Florida,2013.0,2013.0,OAK,181.0,10.0,
2017,2,00-0030513,L.Murray,RB,MIN,PIT,0,0,0.0,0,0.0,0.0,0.0,3,6.0,0,0,0,0.0,0,0.6,0.6,,,75.0,230.0,27.819444444444443,4.0,Central Florida,2013.0,2013.0,OAK,181.0,,
2017,3,00-0030513,L.Murray,RB,MIN,TB,0,0,0.0,0,0.0,0.0,0.0,2,5.0,0,0,0,0.0,0,0.5,0.5,,,75.0,230.0,27.819444444444443,4.0,Central Florida,2013.0,2013.0,OAK,181.0,17.0,
2017,4,00-0030513,L.Murray,RB,MIN,DET,0,0,0.0,0,0.0,0.0,0.0,7,21.0,0,2,2,8.0,0,2.9,4.9,,,75.0,230.0,27.819444444444443,4.0,Central Florida,2013.0,2013.0,OAK,181.0,-7.0,0.06666667
2017,5,00-0030513,L.Murray,RB,MIN,CHI,0,0,0.0,0,0.0,0.0,0.0,12,31.0,0,2,2,12.0,0,4.3,6.3,,,75.0,230.0,27.819444444444443,4.0,Central Florida,2013.0,2013.0,OAK,181.0,,0.0625
2017,6,00-0030513,L.Murray,RB,MIN,GB,0,0,0.0,0,0.0,0.0,0.0,15,28.0,0,1,1,10.0,0,3.8,4.8,,,75.0,230.0,27.819444444444443,4.0,Central Florida,2013.0,2013.0,OAK,181.0,13.0,0.027777778
2017,7,00-0030513,L.Murray,RB,MIN,BAL,0,0,0.0,0,0.0,0.0,0.0,18,113.0,1,0,0,0.0,0,17.3,17.3,,,75.0,230.0,27.819444444444443,4.0,Central Florida,2013.0,2013.0,OAK,181.0,8.0,
2017,8,00-0030513,L.Murray,RB,MIN,CLE,0,0,0.0,0,0.0,0.0,0.0,19,39.0,0,1,1,8.0,0,4.7,5.7,,,75.0,230.0,27.819444444444443,4.0,Central Florida,2013.0,2013.0,OAK,181.0,,0.023255814
2017,10,00-0030513,L.Murray,RB,MIN,WAS,0,0,0.0,0,0.0,0.0,0.0,17,68.0,1,0,0,0.0,0,12.8,12.8,,,75.0,230.0,27.819444444444443,4.0,Central Florida,2013.0,2013.0,OAK,181.0,,
2017,11,00-0030513,L.Murray,RB,MIN,LA,0,0,0.0,0,0.0,0.0,0.0,15,95.0,2,2,1,1.0,0,21.6,22.6,,,75.0,230.0,27.819444444444443,4.0,Central Florida,2013.0,2013.0,OAK,181.0,17.0,0.05263158
2017,12,00-0030513,L.Murray,RB,MIN,DET,0,0,0.0,0,0.0,0.0,0.0,20,84.0,1,1,0,0.0,0,14.4,14.4,,,75.0,230.0,27.819444444444443,4.0,Central Florida,2013.0,2013.0,OAK,181.0,,0.033333335
2017,13,00-0030513,L.Murray,RB,MIN,ATL,0,0,0.0,0,0.0,0.0,0.0,16,76.0,0,3,3,21.0,0,9.7,12.7,,,75.0,230.0,27.819444444444443,4.0,Central Florida,2013.0,2013.0,OAK,181.0,,0.1
2017,14,00-0030513,L.Murray,RB,MIN,CAR,0,0,0.0,0,0.0,0.0,0.0,9,14.0,0,2,2,6.0,0,2.0,4.0,,,75.0,230.0,27.819444444444443,4.0,Central Florida,2013.0,2013.0,OAK,181.0,,0.046511628
2017,15,00-0030513,L.Murray,RB,MIN,CIN,0,0,0.0,0,0.0,0.0,0.0,20,76.0,1,1,1,28.0,0,16.4,17.4,,,75.0,230.0,27.819444444444443,4.0,Central Florida,2013.0,2013.0,OAK,181.0,27.0,0.04
2017,16,00-0030513,L.Murray,RB,MIN,GB,0,0,0.0,0,0.0,0.0,0.0,21,69.0,0,1,1,6.0,0,7.5,8.5,,,75.0,230.0,27.819444444444443,4.0,Central Florida,2013.0,2013.0,OAK,181.0,,0.04
2017,17,00-0030513,L.Murray,RB,MIN,CHI,0,0,0.0,0,0.0,0.0,0.0,20,111.0,2,1,1,3.0,0,23.4,24.4,,,75.0,230.0,27.819444444444443,4.0,Central Florida,2013.0,2013.0,OAK,181.0,13.0,0.035714287
2017,19,00-0030513,L.Murray,RB,MIN,NO,0,0,0.0,0,0.0,0.0,0.0,19,50.0,1,2,2,17.0,0,12.7,14.7,,,75.0,230.0,27.819444444444443,4.0,Central Florida,2013.0,2013.0,OAK,181.0,5.0,0.05
2017,20,00-0030513,L.Murray,RB,MIN,PHI,0,0,0.0,0,0.0,0.0,0.0,6,18.0,0,2,2,11.0,0,2.9,4.9,,,75.0,230.0,27.819444444444443,4.0,Central Florida,2013.0,2013.0,OAK,181.0,,0.04347826
2017,1,00-0030516,B.Butler,WR,DAL,NYG,0,0,0.0,0,0.0,0.0,0.0,0,0.0,0,3,1,30.0,0,3.0,4.0,,,75.0,220.0,27.77,4.0,San Diego State,2013.0,2013.0,OAK,209.0,16.0,0.078947365
2017,2,00-0030516,B.Butler,WR,DAL,DEN,0,0,0.0,0,0.0,0.0,0.0,0,0.0,0,2,1,18.0,0,1.8,2.8,,,75.0,220.0,27.77,4.0,San Diego State,2013.0,2013.0,OAK,209.0,,0.040816326
2017,3,00-0030516,B.Butler,WR,DAL,ARI,0,0,0.0,0,0.0,0.0,0.0,0,0.0,0,2,2,90.0,1,15.0,17.0,,,75.0,220.0,27.77,4.0,San Diego State,2013.0,2013.0,OAK,209.0,,0.11111111
2017,4,00-0030516,B.Butler,WR,DAL,LA,0,0,0.0,0,0.0,0.0,0.0,0,0.0,0,2,2,12.0,1,7.2,9.2,,,75.0,220.0,27.77,4.0,San Diego State,2013.0,2013.0,OAK,209.0,-5.0,0.057142857
2017,5,00-0030516,B.Butler,WR,DAL,GB,0,0,0.0,0,0.0,0.0,0.0,0,0.0,0,2,2,57.0,0,5.7,7.7,,,75.0,220.0,27.77,4.0,San Diego State,2013.0,2013.0,OAK,209.0,-4.0,0.055555556
2017,8,00-0030516,B.Butler,WR,DAL,WAS,0,0,0.0,0,0.0,0.0,0.0,0,0.0,0,1,0,0.0,0,0.0,0.0,,,75.0,220.0,27.77,4.0,San Diego State,2013.0,2013.0,OAK,209.0,,0.045454547
2017,9,00-0030516,B.Butler,WR,DAL,KC,0,0,0.0,0,0.0,0.0,0.0,0,0.0,0,3,1,6.0,0,0.6,1.6,,,75.0,220.0,27.77,4.0,San Diego State,2013.0,2013.0,OAK,209.0,11.0,0.09677419
2017,10,00-0030516,B.Butler,WR,DAL,ATL,0,0,0.0,0,0.0,0.0,0.0,0,0.0,0,1,1,30.0,0,3.0,4.0,,,75.0,220.0,27.77,4.0,San Diego State,2013.0,2013.0,OAK,209.0,,0.033333335
2017,11,00-0030516,B.Butler,WR,DAL,PHI,0,0,0.0,0,0.0,0.0,0.0,0,0.0,0,2,2,19.0,0,1.9,3.9,,,75.0,220.0,27.77,4.0,San Diego State,2013.0,2013.0,OAK,209.0,-28.0,0.06451613
2017,12,00-0030516,B.Butler,WR,DAL,LAC,0,0,0.0,0,0.0,0.0,0.0,0,0.0,0,2,1,5.0,0,0.5,1.5,,,75.0,220.0,27.77,4.0,San Diego State,2013.0,2013.0,OAK,209.0,-22.0,0.08
2017,13,00-0030516,B.Butler,WR,DAL,WAS,0,0,0.0,0,0.0,0.0,0.0,0,0.0,0,1,0,0.0,0,0.0,0.0,,,75.0,220.0,27.77,4.0,San Diego State,2013.0,2013.0,OAK,209.0,24.0,0.045454547
2017,17,00-0030516,B.Butler,WR,DAL,PHI,0,0,0.0,0,0.0,0.0,0.0,0,0.0,0,2,2,50.0,1,11.0,13.0,,,75.0,220.0,27.77,4.0,San Diego State,2013.0,2013.0,OAK,209.0,,0.06666667
2017,1,00-0030520,M.Glennon,QB,CHI,ATL,26,40,213.0,1,0.0,4.0,37.0,0,0.0,0,0,0,0.0,0,12.52,12.52,,,78.0,229.0,27.89825,4.0,North Carolina State,2013.0,2013.0,TB,73.0,-6.0,
2017,2,00-0030520,M.Glennon,QB,CHI,TB,31,45,301.0,1,2.0,1.0,11.0,0,0.0,0,0,0,0.0,0,10.04,10.04,,,78.0,229.0,27.89825,4.0,North Carolina State,2013.0,2013.0,TB,73.0,,
2017,3,00-0030520,M.Glennon,QB,CHI,PIT,15,22,101.0,1,1.0,2.0,17.0,3,4.0,0,0,0,0.0,0,6.44,6.44,,,78.0,229.0,27.89825,4.0,North Carolina State,2013.0,2013.0,TB,73.0,6.0,
2017,4,00-0030520,M.Glennon,QB,CHI,GB,21,33,218.0,1,2.0,1.0,13.0,1,0.0,0,0,0,0.0,0,4.72,4.72,,,78.0,229.0,27.89825,4.0,North Carolina State,2013.0,2013.0,TB,73.0,,
2017,4,00-0030521,J.Hunter,WR,PIT,BAL,0,0,0.0,0,0.0,0.0,0.0,0,0.0,0,2,1,5.0,0,0.5,1.5,,,76.0,203.0,26.475176470588234,4.0,Tennessee,2013.0,2013.0,TEN,34.0,,0.06666667
2017,5,00-0030521,J.Hunter,WR,PIT,JAX,0,0,0.0,0,0.0,0.0,0.0,0,0.0,0,3,1,6.0,0,0.6,1.6,,,76.0,203.0,26.475176470588234,4.0,Tennessee,2013.0,2013.0,TEN,34.0,-21.0,0.055555556
2017,8,00-0030521,J.Hunter,WR,PIT,DET,0,0,0.0,0,0.0,0.0,0.0,0,0.0,0,3,1,7.0,0,0.7,1.7,,,76.0,203.0,26.475176470588234,4.0,Tennessee,2013.0,2013.0,TEN,34.0,,0.09677419
2017,12,00-0030521,J.Hunter,WR,PIT,GB,0,0,0.0,0,0.0,0.0,0.0,0,0.0,0,1,0,0.0,0,0.0,0.0,,,76.0,203.0,26.475176470588234,4.0,Tennessee,2013.0,2013.0,TEN,34.0,3.0,0.022222223
2017,16,00-0030521,J.Hunter,WR,PIT,HOU,0,0,0.0,0,0.0,0.0,0.0,0,0.0,0,1,1,5.0,1,6.5,7.5,,,76.0,203.0,26.475176470588234,4.0,Tennessee,2013.0,2013.0,TEN,34.0,,0.033333335
2017,11,00-0030524,L.Jones,QB,PIT,TEN,0,0,0.0,0,0.0,0.0,0.0,3,-3.0,0,0,0,0.0,0,-0.3,-0.3,,,76.0,221.0,28.59970588235294,4.0,Oklahoma,2013.0,2013.0,PIT,115.0,23.0,
2017,16,00-0030524,L.Jones,QB,PIT,HOU,0,1,0.0,0,0.0,0.0,-0.0,2,-1.0,0,0,0,0.0,0,-0.1,-0.1,,,76.0,221.0,28.59970588235294,4.0,Oklahoma,2013.0,2013.0,PIT,115.0,,
2017,17,00-0030524,L.Jones,QB,PIT,CLE,23,27,239.0,1,1.0,3.0,15.0,3,-6.0,0,0,0,0.0,0,8.96,8.96,,,76.0,221.0,28.59970588235294,4.0,Oklahoma,2013.0,2013.0,PIT,115.0,4.0,
2017,1,00-0030525,T.Austin,WR,LA,IND,0,0,0.0,0,0.0,0.0,0.0,2,11.0,0,1,1,7.0,0,1.8,2.8,,,68.0,179.0,27.654705882352943,4.0,West Virginia,2013.0,2013.0,STL,8.0,37.0,0.033333335
2017,2,00-0030525,T.Austin,WR,LA,WAS,0,0,0.0,0,0.0,0.0,0.0,3,8.0,0,2,0,0.0,0,0.8,0.8,,,68.0,179.0,27.654705882352943,4.0,West Virginia,2013.0,2013.0,STL,8.0,-7.0,0.08
2017,3,00-0030525,T.Austin,WR,LA,SF,0,0,0.0,0,0.0,0.0,0.0,3,14.0,0,0,0,0.0,0,1.4,1.4,,,68.0,179.0,27.654705882352943,4.0,West Virginia,2013.0,2013.0,STL,8.0,,
2017,4,00-0030525,T.Austin,WR,LA,DAL,0,0,0.0,0,0.0,0.0,0.0,6,48.0,0,2,1,-2.0,0,4.6,5.6,,,68.0,179.0,27.654705882352943,4.0,West Virginia,2013.0,2013.0,STL,8.0,,0.057142857
2017,5,00-0030525,T.Austin,WR,LA,SEA,0,0,0.0,0,0.0,0.0,0.0,6,27.0,1,5,3,14.0,0,10.1,13.1,,,68.0,179.0,27.654705882352943,4.0,West Virginia,2013.0,2013.0,STL,8.0,-6.0,0.10869565
2017,6,00-0030525,T.Austin,WR,LA,JAX,0,0,0.0,0,0.0,0.0,0.0,2,0.0,0,0,0,0.0,0,0.0,0.0,,,68.0,179.0,27.654705882352943,4.0,West Virginia,2013.0,2013.0,STL,8.0,,
2017,7,00-0030525,T.Austin,WR,LA,ARI,0,0,0.0,0,0.0,0.0,0.0,3,27.0,0,2,2,15.0,0,4.2,6.2,,,68.0,179.0,27.654705882352943,4.0,West Virginia,2013.0,2013.0,STL,8.0,33.0,0.054054055
2017,9,00-0030525,T.Austin,WR,LA,NYG,0,0,0.0,0,0.0,0.0,0.0,6,34.0,0,0,0,0.0,0,3.4,3.4,,,68.0,179.0,27.654705882352943,4.0,West Virginia,2013.0,2013.0,STL,8.0,,
2017,10,00-0030525,T.Austin,WR,LA,HOU,0,0,0.0,0,0.0,0.0,0.0,5,2.0,0,0,0,0.0,0,0.2,0.2,,,68.0,179.0,27.654705882352943,4.0,West Virginia,2013.0,2013.0,STL,8.0,26.0,
2017,12,00-0030525,T.Austin,WR,LA,NO,0,0,0.0,0,0.0,0.0,0.0,5,17.0,0,4,3,-1.0,0,1.6,4.6,,,68.0,179.0,27.654705882352943,4.0,West Virginia,2013.0,2013.0,STL,8.0,6.0,0.093023255
2017,13,00-0030525,T.Austin,WR,LA,ARI,0,0,0.0,0,0.0,0.0,0.0,3,8.0,0,1,0,0.0,0,0.8,0.8,,,68.0,179.0,27.654705882352943,4.0,West Virginia,2013.0,2013.0,STL,8.0,,0.032258064
2017,14,00-0030525,T.Austin,WR,LA,PHI,0,0,0.0,0,0.0,0.0,0.0,1,6.0,0,0,0,0.0,0,0.6,0.6,,,68.0,179.0,27.654705882352943,4.0,West Virginia,2013.0,2013.0,STL,8.0,-8.0,
2017,15,00-0030525,T.Austin,WR,LA,SEA,0,0,0.0,0,0.0,0.0,0.0,10,44.0,0,0,0,0.0,0,4.4,4.4,,,68.0,179.0,27.654705882352943,4.0,West Virginia,2013.0,2013.0,STL,8.0,,
2017,17,00-0030525,T.Austin,WR,LA,SF,0,0,0.0,0,0.0,0.0,0.0,4,24.0,0,5,3,14.0,0,3.8,6.8,,,68.0,179.0,27.654705882352943,4.0,West Virginia,2013.0,2013.0,STL,8.0,-21.0,0.14705883
2017,4,00-0030526,E.Manuel,QB,LV,DEN,11,17,106.0,0,1.0,1.0,7.0,0,0.0,0,0,0,0.0,0,2.24,2.24,,,76.0,237.0,27.6315625,4.0,Florida State,2013.0,2013.0,BUF,16.0,,
2017,5,00-0030526,E.Manuel,QB,LV,BAL,13,26,159.0,1,0.0,3.0,22.0,2,15.0,0,0,0,0.0,0,11.86,11.86,,,76.0,237.0,27.6315625,4.0,Florida State,2013.0,2013.0,BUF,16.0,,
2017,1,00-0030542,T.Williams,WR,DAL,NYG,0,0,0.0,0,0.0,0.0,0.0,0,0.0,0,7,6,68.0,0,6.8,12.8,,,74.0,210.0,28.1341875,4.0,Baylor,2013.0,2013.0,DAL,74.0,16.0,0.18421052
2017,2,00-0030542,T.Williams,WR,DAL,DEN,0,0,0.0,0,0.0,0.0,0.0,0,0.0,0,5,4,17.0,0,1.7,5.7,,,74.0,210.0,28.1341875,4.0,Baylor,2013.0,2013.0,DAL,74.0,,0.10204082
2017,3,00-0030542,T.Williams,WR,DAL,ARI,0,0,0.0,0,0.0,0.0,0.0,0,0.0,0,4,3,47.0,0,4.7,7.7,,,74.0,210.0,28.1341875,4.0,Baylor,2013.0,2013.0,DAL,74.0,,0.22222222
2017,4,00-0030542,T.Williams,WR,DAL,LA,0,0,0.0,0,0.0,0.0,0.0,0,0.0,0,6,4,34.0,0,3.4,7.4,,,74.0,210.0,28.1341875,4.0,Baylor,2013.0,2013.0,DAL,74.0,-5.0,0.17142858
2017,5,00-0030542,T.Williams,WR,DAL,GB,0,0,0.0,0,0.0,0.0,0.0,0,0.0,0,3,2,14.0,0,1.4,3.4,,,74.0,210.0,28.1341875,4.0,Baylor,2013.0,2013.0,DAL,74.0,-4.0,0.083333336
2017,7,00-0030542,T.Williams,WR,DAL,SF,0,0,0.0,0,0.0,0.0,0.0,0,0.0,0,3,0,0.0,0,0.0,0.0,,,74.0,210.0,28.1341875,4.0,Baylor,2013.0,2013.0,DAL,74.0,,0.11111111
2017,8,00-0030542,T.Williams,WR,DAL,WAS,0,0,0.0,0,0.0,0.0,0.0,0,0.0,0,3,2,36.0,0,3.6,5.6,,,74.0,210.0,28.1341875,4.0,Baylor,2013.0,2013.0,DAL,74.0,,0.13636364
2017,9,00-0030542,T.Williams,WR,DAL,KC,0,0,0.0,0,0.0,0.0,0.0,0,0.0,0,9,9,141.0,0,14.1,23.1,,,74.0,210.0,28.1341875,4.0,Baylor,2013.0,2013.0,DAL,74.0,11.0,0.29032257
2017,10,00-0030542,T.Williams,WR,DAL,ATL,0,0,0.0,0,0.0,0.0,0.0,0,0.0,0,4,1,9.0,0,0.9,1.9,,,74.0,210.0,28.1341875,4.0,Baylor,2013.0,2013.0,DAL,74.0,,0.13333334
2017,11,00-0030542,T.Williams,WR,DAL,PHI,0,0,0.0,0,0.0,0.0,0.0,0,0.0,0,7,4,35.0,0,3.5,7.5,,,74.0,210.0,28.1341875,4.0,Baylor,2013.0,2013.0,DAL,74.0,-28.0,0.22580644
2017,12,00-0030542,T.Williams,WR,DAL,LAC,0,0,0.0,0,0.0,0.0,0.0,1,6.0,0,5,4,54.0,0,6.0,10.0,,,74.0,210.0,28.1341875,4.0,Baylor,2013.0,2013.0,DAL,74.0,-22.0,0.2
2017,13,00-0030542,T.Williams,WR,DAL,WAS,0,0,0.0,0,0.0,0.0,0.0,0,0.0,0,3,2,21.0,0,2.1,4.1,,,74.0,210.0,28.1341875,4.0,Baylor,2013.0,2013.0,DAL,74.0,24.0,0.13636364
2017,14,00-0030542,T.Williams,WR,DAL,NYG,0,0,0.0,0,0.0,0.0,0.0,0,0.0,0,6,3,25.0,0,2.5,5.5,,,74.0,210.0,28.1341875,4.0,Baylor,2013.0,2013.0,DAL,74.0,,0.2
2017,15,00-0030542,T.Williams,WR,DAL,LV,0,0,0.0,0,0.0,0.0,0.0,0,0.0,0,5,3,19.0,0,1.9,4.9,,,74.0,210.0,28.1341875,4.0,Baylor,2013.0,2013.0,DAL,74.0,,0.18518518
2017,16,00-0030542,T.Williams,WR,DAL,SEA,0,0,0.0,0,0.0,0.0,0.0,0,0.0,0,4,4,43.0,0,4.3,8.3,,,74.0,210.0,28.1341875,4.0,Baylor,2013.0,2013.0,DAL,74.0,-9.0,0.11764706
2017,17,00-0030542,T.Williams,WR,DAL,PHI,0,0,0.0,0,0.0,0.0,0.0,1,9.0,0,4,2,5.0,0,1.4,3.4,,,74.0,210.0,28.1341875,4.0,Baylor,2013.0,2013.0,DAL,74.0,,0.13333334
2017,1,00-0030549,T.Eifert,TE,CIN,BAL,0,0,0.0,0,0.0,0.0,0.0,0,0.0,0,1,1,4.0,0,0.4,1.4,,,78.0,255.0,27.1626875,4.0,Notre Dame,2013.0,2013.0,CIN,21.0,-20.0,0.03448276
2017,2,00-0030549,T.Eifert,TE,CIN,HOU,0,0,0.0,0,0.0,0.0,0.0,0,0.0,0,4,3,42.0,0,4.2,7.2,,,78.0,255.0,27.1626875,4.0,Notre Dame,2013.0,2013.0,CIN,21.0,-4.0,0.12903225
2017,1,00-0030564,D.Hopkins,WR,HOU,JAX,0,0,0.0,0,0.0,0.0,0.0,0,0.0,0,16,7,55.0,1,11.5,18.5,,,73.0,215.0,25.417625,4.0,Clemson,2013.0,2013.0,HOU,27.0,-22.0,0.44444445
2017,2,00-0030564,D.Hopkins,WR,HOU,CIN,0,0,0.0,0,0.0,0.0,0.0,0,0.0,0,13,7,73.0,0,7.3,14.3,,,73.0,215.0,25.417625,4.0,Clemson,2013.0,2013.0,HOU,27.0,,0.5416667
2017,3,00-0030564,D.Hopkins,WR,HOU,NE,0,0,0.0,0,0.0,0.0,0.0,0,0.0,0,8,7,76.0,0,7.6,14.6,,,73.0,215.0,25.417625,4.0,Clemson,2013.0,2013.0,HOU,27.0,,0.24242425
2017,4,00-0030564,D.Hopkins,WR,HOU,TEN,0,0,0.0,0,0.0,0.0,0.0,0,0.0,0,12,10,107.0,1,16.7,26.7,,,73.0,215.0,25.417625,4.0,Clemson,2013.0,2013.0,HOU,27.0,43.0,0.3529412
2017,5,00-0030564,D.Hopkins,WR,HOU,KC,0,0,0.0,0,0.0,0.0,0.0,0,0.0,0,12,4,52.0,3,23.2,27.2,,,73.0,215.0,25.417625,4.0,Clemson,2013.0,2013.0,HOU,27.0,-8.0,0.41379312
2017,6,00-0030564,D.Hopkins,WR,HOU,CLE,0,0,0.0,0,0.0,0.0,0.0,0,0.0,0,4,2,19.0,1,7.9,9.9,,,73.0,215.0,25.417625,4.0,Clemson,2013.0,2013.0,HOU,27.0,16.0,0.13793103
2017,8,00-0030564,D.Hopkins,WR,HOU,SEA,0,0,0.0,0,0.0,0.0,0.0,0,0.0,0,11,8,224.0,1,28.4,36.4,,,73.0,215.0,25.417625,4.0,Clemson,2013.0,2013.0,HOU,27.0,,0.36666667
2017,9,00-0030564,D.Hopkins,WR,HOU,IND,0,0,0.0,0,0.0,0.0,0.0,0,0.0,0,16,6,86.0,1,14.6,20.6,,,73.0,215.0,25.417625,4.0,Clemson,2013.0,2013.0,HOU,27.0,-6.0,0.36363637
2017,10,00-0030564,D.Hopkins,WR,HOU,LA,0,0,0.0,0,0.0,0.0,0.0,0,0.0,0,14,7,111.0,0,11.1,18.1,,,73.0,215.0,25.417625,4.0,Clemson,2013.0,2013.0,HOU,27.0,,0.4
2017,11,00-0030564,D.Hopkins,WR,HOU,ARI,0,0,0.0,0,0.0,0.0,0.0,0,0.0,0,9,4,76.0,1,13.6,17.6,,,73.0,215.0,25.417625,4.0,Clemson,2013.0,2013.0,HOU,27.0,10.0,0.28125
2017,12,00-0030564,D.Hopkins,WR,HOU,BAL,0,0,0.0,0,0.0,0.0,0.0,0,0.0,0,10,7,125.0,0,12.5,19.5,,,73.0,215.0,25.417625,4.0,Clemson,2013.0,2013.0,HOU,27.0,,0.27027026
2017,13,00-0030564,D.Hopkins,WR,HOU,TEN,0,0,0.0,0,0.0,0.0,0.0,0,0.0,0,14,8,80.0,0,8.0,16.0,,,73.0,215.0,25.417625,4.0,Clemson,2013.0,2013.0,HOU,27.0,,0.29166666
2017,14,00-0030564,D.Hopkins,WR,HOU,SF,0,0,0.0,0,0.0,0.0,0.0,0,0.0,0,16,11,149.0,2,24.9,35.9,,,73.0,215.0,25.417625,4.0,Clemson,2013.0,2013.0,HOU,27.0,-10.0,0.43243244
2017,15,00-0030564,D.Hopkins,WR,HOU,JAX,0,0,0.0,0,0.0,0.0,0.0,0,0.0,0,13,4,80.0,1,14.0,18.0,,,73.0,215.0,25.417625,4.0,Clemson,2013.0,2013.0,HOU,27.0,,0.44827586
2017,16,00-0030564,D.Hopkins,WR,HOU,PIT,0,0,0.0,0,0.0,0.0,0.0,0,0.0,0,6,4,65.0,1,12.5,16.5,,,73.0,215.0,25.417625,4.0,Clemson,2013.0,2013.0,HOU,27.0,-28.0,0.375
2017,9,00-0030565,G.Smith,QB,NYG,LA,0,2,0.0,0,0.0,0.0,-0.0,1,-1.0,0,0,0,0.0,0,-0.1,-0.1,,,75.0,221.0,27.07275,4.0,West Virginia,2013.0,2013.0,NYJ,39.0,-34.0,
2017,13,00-0030565,G.Smith,QB,NYG,LV,21,34,212.0,1,0.0,3.0,12.0,3,13.0,0,0,0,0.0,0,9.78,9.78,,,75.0,221.0,27.07275,4.0,West Virginia,2013.0,2013.0,NYJ,39.0,,
2017,1,00-0030578,C.Patterson,RB,LV,TEN,0,0,0.0,0,0.0,0.0,0.0,1,5.0,0,1,1,2.0,0,0.7,1.7,,,74.0,220.0,26.63775,4.0,Tennessee,2013.0,2013.0,MIN,29.0,,0.03125
2017,2,00-0030578,C.Patterson,RB,LV,NYJ,0,0,0.0,0,0.0,0.0,0.0,3,57.0,1,1,1,6.0,0,12.3,13.3,,,74.0,220.0,26.63775,4.0,Tennessee,2013.0,2013.0,MIN,29.0,,0.035714287
2017,3,00-0030578,C.Patterson,RB,LV,WAS,0,0,0.0,0,0.0,0.0,0.0,2,5.0,0,2,1,7.0,0,1.2,2.2,,,74.0,220.0,26.63775,4.0,Tennessee,2013.0,2013.0,MIN,29.0,,0.06666667
2017,4,00-0030578,C.Patterson,RB,LV,DEN,0,0,0.0,0,0.0,0.0,0.0,1,2.0,0,6,6,33.0,0,3.5,9.5,,,74.0,220.0,26.63775,4.0,Tennessee,2013.0,2013.0,MIN,29.0,,0.17142858
2017,5,00-0030578,C.Patterson,RB,LV,BAL,0,0,0.0,0,0.0,0.0,0.0,0,0.0,0,1,0,0.0,0,0.0,0.0,,,74.0,220.0,26.63775,4.0,Tennessee,2013.0,2013.0,MIN,29.0,,0.04
2017,6,00-0030578,C.Patterson,RB,LV,LAC,0,0,0.0,0,0.0,0.0,0.0,3,55.0,1,1,1,5.0,0,12.0,13.0,,,74.0,220.0,26.63775,4.0,Tennessee,2013.0,2013.0,MIN,29.0,,0.033333335
2017,7,00-0030578,C.Patterson,RB,LV,KC,0,0,0.0,0,0.0,0.0,0.0,0,0.0,0,3,1,9.0,0,0.9,1.9,,,74.0,220.0,26.63775,4.0,Tennessee,2013.0,2013.0,MIN,29.0,,0.057692308
2017,8,00-0030578,C.Patterson,RB,LV,BUF,0,0,0.0,0,0.0,0.0,0.0,0,0.0,0,4,3,7.0,0,0.7,3.7,,,74.0,220.0,26.63775,4.0,Tennessee,2013.0,2013.0,MIN,29.0,,0.08163265
2017,11,00-0030578,C.Patterson,RB,LV,NE,0,0,0.0,0,0.0,0.0,0.0,0,0.0,0,4,4,45.0,0,4.5,8.5,,,74.0,220.0,26.63775,4.0,Tennessee,2013.0,2013.0,MIN,29.0,,0.08163265
2017,12,00-0030578,C.Patterson,RB,LV,DEN,0,0,0.0,0,0.0,0.0,0.0,0,0.0,0,4,3,72.0,0,7.2,10.2,,,74.0,220.0,26.63775,4.0,Tennessee,2013.0,2013.0,MIN,29.0,,0.16666667
2017,13,00-0030578,C.Patterson,RB,LV,NYG,0,0,0.0,0,0.0,0.0,0.0,2,1.0,0,4,4,97.0,0,9.8,13.8,,,74.0,220.0,26.63775,4.0,Tennessee,2013.0,2013.0,MIN,29.0,,0.114285715
2017,14,00-0030578,C.Patterson,RB,LV,KC,0,0,0.0,0,0.0,0.0,0.0,0,0.0,0,6,3,8.0,0,0.8,3.8,,,74.0,220.0,26.63775,4.0,Tennessee,2013.0,2013.0,MIN,29.0,,0.14634146
2017,15,00-0030578,C.Patterson,RB,LV,DAL,0,0,0.0,0,0.0,0.0,0.0,1,-4.0,0,2,1,7.0,0,0.3,1.3,,,74.0,220.0,26.63775,4.0,Tennessee,2013.0,2013.0,MIN,29.0,,0.05263158
2017,16,00-0030578,C.Patterson,RB,LV,PHI,0,0,0.0,0,0.0,0.0,0.0,0,0.0,0,2,1,7.0,0,0.7,1.7,,,74.0,220.0,26.63775,4.0,Tennessee,2013.0,2013.0,MIN,29.0,,0.071428575
2017,17,00-0030578,C.Patterson,RB,LV,LAC,0,0,0.0,0,0.0,0.0,0.0,0,0.0,0,1,1,4.0,0,0.4,1.4,,,74.0,220.0,26.63775,4.0,Tennessee,2013.0,2013.0,MIN,29.0,,0.037037037
2017,1,00-0030656,I.Crowell,RB,CLE,PIT,0,0,0.0,0,0.0,0.0,0.0,17,33.0,0,2,2,33.0,0,8.6,10.6,,,71.0,225.0,24.8240625,3.0,Alabama State,2014.0,2014.0,,,-3.0,0.06666667
2017,2,00-0030656,I.Crowell,RB,CLE,BAL,0,0,0.0,0,0.0,0.0,0.0,10,37.0,0,1,0,0.0,0,3.7,3.7,,,71.0,225.0,24.8240625,3.0,Alabama State,2014.0,2014.0,,,,0.023809524
2017,3,00-0030656,I.Crowell,RB,CLE,IND,0,0,0.0,0,0.0,0.0,0.0,12,44.0,0,3,2,10.0,0,5.4,7.4,,,71.0,225.0,24.8240625,3.0,Alabama State,2014.0,2014.0,,,,0.06521739
2017,4,00-0030656,I.Crowell,RB,CLE,CIN,0,0,0.0,0,0.0,0.0,0.0,7,20.0,0,2,1,7.0,0,2.7,3.7,,,71.0,225.0,24.8240625,3.0,Alabama State,2014.0,2014.0,,,-24.0,0.048780486
2017,5,00-0030656,I.Crowell,RB,CLE,NYJ,0,0,0.0,0,0.0,0.0,0.0,16,60.0,0,3,2,7.0,0,6.7,8.7,,,71.0,225.0,24.8240625,3.0,Alabama State,2014.0,2014.0,,,-3.0,0.083333336
2017,6,00-0030656,I.Crowell,RB,CLE,HOU,0,0,0.0,0,0.0,0.0,0.0,12,58.0,0,2,2,15.0,0,7.3,9.3,,,71.0,225.0,24.8240625,3.0,Alabama State,2014.0,2014.0,,,,0.055555556
2017,7,00-0030656,I.Crowell,RB,CLE,TEN,0,0,0.0,0,0.0,0.0,0.0,17,35.0,0,6,4,36.0,0,7.1,11.1,,,71.0,225.0,24.8240625,3.0,Alabama State,2014.0,2014.0,,,-3.0,0.15789473
2017,8,00-0030656,I.Crowell,RB,CLE,MIN,0,0,0.0,0,0.0,0.0,0.0,11,64.0,1,6,4,54.0,0,15.8,19.8,,,71.0,225.0,24.8240625,3.0,Alabama State,2014.0,2014.0,,,-17.0,0.1764706
2017,10,00-0030656,I.Crowell,RB,CLE,DET,0,0,0.0,0,0.0,0.0,0.0,16,90.0,1,2,1,5.0,0,15.5,16.5,,,71.0,225.0,24.8240625,3.0,Alabama State,2014.0,2014.0,,,,0.051282052
2017,11,00-0030656,I.Crowell,RB,CLE,JAX,0,0,0.0,0,0.0,0.0,0.0,11,18.0,0,0,0,0.0,0,1.8,1.8,,,71.0,225.0,24.8240625,3.0,Alabama State,2014.0,2014.0,,,-12.0,
2017,12,00-0030656,I.Crowell,RB,CLE,CIN,0,0,0.0,0,0.0,0.0,0.0,16,95.0,0,2,1,10.0,0,10.5,11.5,,,71.0,225.0,24.8240625,3.0,Alabama State,2014.0,2014.0,,,,0.06666667
2017,13,00-0030656,I.Crowell,RB,CLE,LAC,0,0,0.0,0,0.0,0.0,0.0,10,41.0,0,1,1,3.0,0,4.4,5.4,,,71.0,225.0,24.8240625,3.0,Alabama State,2014.0,2014.0,,,,0.03125
2017,14,00-0030656,I.Crowell,RB,CLE,GB,0,0,0.0,0,0.0,0.0,0.0,19,121.0,0,3,3,10.0,0,13.1,16.1,,,71.0,225.0,24.8240625,3.0,Alabama State,2014.0,2014.0,,,-6.0,0.10714286
2017,15,00-0030656,I.Crowell,RB,CLE,BAL,0,0,0.0,0,0.0,0.0,0.0,5,72.0,0,5,4,-7.0,0,6.5,10.5,,,71.0,225.0,24.8240625,3.0,Alabama State,2014.0,2014.0,,,-17.0,0.13513513
2017,16,00-0030656,I.Crowell,RB,CLE,CHI,0,0,0.0,0,0.0,0.0,0.0,12,44.0,0,4,1,-1.0,0,4.3,5.3,,,71.0,225.0,24.8240625,3.0,Alabama State,2014.0,2014.0,,,,0.11111111
2017,17,00-0030656,I.Crowell,RB,CLE,PIT,0,0,0.0,0,0.0,0.0,0.0,15,21.0,0,0,0,0.0,0,2.1,2.1,,,71.0,225.0,24.8240625,3.0,Alabama State,2014.0,2014.0,,,,
2017,6,00-0030663,W.Snead,WR,NO,DET,0,0,0.0,0,0.0,0.0,0.0,0,0.0,0,3,1,11.0,0,1.1,2.1,,,71.0,195.0,25.075499999999998,3.0,Ball State,2014.0,2014.0,,,14.0,0.1
2017,11,00-0030663,W.Snead,WR,NO,WAS,0,0,0.0,0,0.0,0.0,0.0,0,0.0,0,2,1,12.0,0,1.2,2.2,,,71.0,195.0,25.075499999999998,3.0,Ball State,2014.0,2014.0,,,3.0,0.05
2017,12,00-0030663,W.Snead,WR,NO,LA,0,0,0.0,0,0.0,0.0,0.0,0,0.0,0,1,1,9.0,0,0.9,1.9,,,71.0,195.0,25.075499999999998,3.0,Ball State,2014.0,2014.0,,,,0.03125
2017,13,00-0030663,W.Snead,WR,NO,CAR,0,0,0.0,0,0.0,0.0,0.0,0,0.0,0,2,2,31.0,0,3.1,5.1,,,71.0,195.0,25.075499999999998,3.0,Ball State,2014.0,2014.0,,,10.0,0.060606062
2017,14,00-0030663,W.Snead,WR,NO,ATL,0,0,0.0,0,0.0,0.0,0.0,0,0.0,0,2,1,0.0,0,0.0,1.0,,,71.0,195.0,25.075499999999998,3.0,Ball State,2014.0,2014.0,,,,0.057142857
2017,15,00-0030663,W.Snead,WR,NO,NYJ,0,0,0.0,0,0.0,0.0,0.0,0,0.0,0,3,1,23.0,0,2.3,3.3,,,71.0,195.0,25.075499999999998,3.0,Ball State,2014.0,2014.0,,,12.0,0.083333336
2017,16,00-0030663,W.Snead,WR,NO,ATL,0,0,0.0,0,0.0,0.0,0.0,0,0.0,0,3,1,6.0,0,0.6,1.6,,,71.0,195.0,25.075499999999998,3.0,Ball State,2014.0,2014.0,,,10.0,0.10714286
2017,18,00-0030663,W.Snead,WR,NO,CAR,0,0,0.0,0,0.0,0.0,0.0,0,0.0,0,1,1,7.0,0,0.7,1.7,,,71.0,195.0,25.075499999999998,3.0,Ball State,2014.0,2014.0,,,5.0,0.033333335
2017,19,00-0030663,W.Snead,WR,NO,MIN,0,1,0.0,0,0.0,0.0,-0.0,0,0.0,0,3,2,18.0,0,1.8,3.8,,,71.0,195.0,25.075499999999998,3.0,Ball State,2014.0,2014.0,,,,0.07317073
2017,1,00-0030668,C.West,RB,KC,NE,0,0,0.0,0,0.0,0.0,0.0,1,21.0,1,1,1,4.0,0,8.5,9.5,,,70.0,205.0,26.436470588235295,3.0,Abilene Christian,2014.0,2014.0,,,,0.029411765
2017,3,00-0030668,C.West,RB,KC,LAC,0,0,0.0,0,0.0,0.0,0.0,2,-1.0,0,2,2,14.0,0,1.3,3.3,,,70.0,205.0,26.436470588235295,3.0,Abilene Christian,2014.0,2014.0,,,,0.0952381
2017,4,00-0030668,C.West,RB,KC,WAS,0,0,0.0,0,0.0,0.0,0.0,1,2.0,0,5,5,33.0,0,3.5,8.5,,,70.0,205.0,26.436470588235295,3.0,Abilene Christian,2014.0,2014.0,,,9.0,0.14285715
2017,5,00-0030668,C.West,RB,KC,HOU,0,0,0.0,0,0.0,0.0,0.0,1,1.0,0,2,2,12.0,2,13.3,15.3,,,70.0,205.0,26.436470588235295,3.0,Abilene Christian,2014.0,2014.0,,,,0.054054055
2017,6,00-0030668,C.West,RB,KC,PIT,0,0,0.0,0,0.0,0.0,0.0,0,0.0,0,1,1,9.0,0,0.9,1.9,,,70.0,205.0,26.436470588235295,3.0,Abilene Christian,2014.0,2014.0,,,-6.0,0.03125
2017,8,00-0030668,C.West,RB,KC,DEN,0,0,0.0,0,0.0,0.0,0.0,0,0.0,0,2,1,4.0,0,0.4,1.4,,,70.0,205.0,26.436470588235295,3.0,Abilene Christian,2014.0,2014.0,,,10.0,0.06896552
2017,9,00-0030668,C.West,RB,KC,DAL,0,0,0.0,0,0.0,0.0,0.0,1,3.0,0,6,5,30.0,0,3.3,8.3,,,70.0,205.0,26.436470588235295,3.0,Abilene Christian,2014.0,2014.0,,,,0.18181819
2017,11,00-0030668,C.West,RB,KC,NYG,0,0,0.0,0,0.0,0.0,0.0,4,15.0,0,4,4,9.0,0,2.4,6.4,,,70.0,205.0,26.436470588235295,3.0,Abilene Christian,2014.0,2014.0,,,,0.102564104
2017,12,00-0030668,C.West,RB,KC,BUF,0,0,0.0,0,0.0,0.0,0.0,0,0.0,0,4,3,7.0,0,0.7,3.7,,,70.0,205.0,26.436470588235295,3.0,Abilene Christian,2014.0,2014.0,,,-6.0,0.114285715
2017,14,00-0030668,C.West,RB,KC,LV,0,0,0.0,0,0.0,0.0,0.0,3,25.0,1,2,0,0.0,0,8.5,8.5,,,70.0,205.0,26.436470588235295,3.0,Abilene Christian,2014.0,2014.0,,,11.0,0.05882353
2017,15,00-0030668,C.West,RB,KC,LAC,0,0,0.0,0,0.0,0.0,0.0,5,6.0,0,1,0,0.0,0,0.6,0.6,,,70.0,205.0,26.436470588235295,3.0,Abilene Christian,2014.0,2014.0,,,17.0,0.033333335
2017,16,00-0030668,C.West,RB,KC,MIA,0,0,0.0,0,0.0,0.0,0.0,0,0.0,0,4,3,28.0,0,2.8,5.8,,,70.0,205.0,26.436470588235295,3.0,Abilene Christian,2014.0,2014.0,,,16.0,0.102564104
2017,18,00-0030668,C.West,RB,KC,TEN,0,0,0.0,0,0.0,0.0,0.0,0,0.0,0,2,2,1.0,0,0.1,2.1,,,70.0,205.0,26.436470588235295,3.0,Abilene Christian,2014.0,2014.0,,,-1.0,0.0625
2017,1,00-0030669,A.Wilson,WR,KC,NE,0,0,0.0,0,0.0,0.0,0.0,0,0.0,0,5,5,37.0,0,3.7,8.7,,,69.0,200.0,25.324882352941177,3.0,Georgia State,2014.0,2014.0,,,,0.14705883
2017,2,00-0030669,A.Wilson,WR,KC,PHI,0,0,0.0,0,0.0,0.0,0.0,1,4.0,0,3,2,22.0,0,2.6,4.6,,,69.0,200.0,25.324882352941177,3.0,Georgia State,2014.0,2014.0,,,7.0,0.11111111
2017,3,00-0030669,A.Wilson,WR,KC,LAC,0,0,0.0,0,0.0,0.0,0.0,1,-4.0,0,4,3,18.0,1,7.4,10.4,,,69.0,200.0,25.324882352941177,3.0,Georgia State,2014.0,2014.0,,,,0.1904762
2017,4,00-0030669,A.Wilson,WR,KC,WAS,0,0,0.0,0,0.0,0.0,0.0,1,6.0,0,4,4,63.0,0,6.9,10.9,,,69.0,200.0,25.324882352941177,3.0,Georgia State,2014.0,2014.0,,,9.0,0.114285715
2017,5,00-0030669,A.Wilson,WR,KC,HOU,0,0,0.0,0,0.0,0.0,0.0,0,0.0,0,3,2,18.0,0,1.8,3.8,,,69.0,200.0,25.324882352941177,3.0,Georgia State,2014.0,2014.0,,,,0.08108108
2017,7,00-0030669,A.Wilson,WR,KC,LV,0,0,0.0,0,0.0,0.0,0.0,0,0.0,0,2,1,63.0,1,12.3,13.3,,,69.0,200.0,25.324882352941177,3.0,Georgia State,2014.0,2014.0,,,,0.055555556
2017,8,00-0030669,A.Wilson,WR,KC,DEN,0,0,0.0,0,0.0,0.0,0.0,0,0.0,0,1,0,0.0,0,0.0,0.0,,,69.0,200.0,25.324882352941177,3.0,Georgia State,2014.0,2014.0,,,10.0,0.03448276
2017,12,00-0030669,A.Wilson,WR,KC,BUF,0,0,0.0,0,0.0,0.0,0.0,0,0.0,0,7,3,36.0,1,9.6,12.6,,,69.0,200.0,25.324882352941177,3.0,Georgia State,2014.0,2014.0,,,-6.0,0.2
2017,13,00-0030669,A.Wilson,WR,KC,NYJ,0,0,0.0,0,0.0,0.0,0.0,0,0.0,0,5,3,27.0,0,2.7,5.7,,,69.0,200.0,25.324882352941177,3.0,Georgia State,2014.0,2014.0,,,,0.15625
2017,14,00-0030669,A.Wilson,WR,KC,LV,0,0,0.0,0,0.0,0.0,0.0,0,0.0,0,7,5,72.0,0,7.2,12.2,,,69.0,200.0,25.324882352941177,3.0,Georgia State,2014.0,2014.0,,,11.0,0.20588236
2017,15,00-0030669,A.Wilson,WR,KC,LAC,0,0,0.0,0,0.0,0.0,0.0,0,0.0,0,2,1,15.0,0,1.5,2.5,,,69.0,200.0,25.324882352941177,3.0,Georgia State,2014.0,2014.0,,,17.0,0.06666667
2017,16,00-0030669,A.Wilson,WR,KC,MIA,0,0,0.0,0,0.0,0.0,0.0,0,0.0,0,8,3,36.0,0,3.6,6.6,,,69.0,200.0,25.324882352941177,3.0,Georgia State,2014.0,2014.0,,,16.0,0.20512821
2017,17,00-0030669,A.Wilson,WR,KC,DEN,0,0,0.0,0,0.0,0.0,0.0,0,0.0,0,11,10,147.0,0,14.7,24.7,,,69.0,200.0,25.324882352941177,3.0,Georgia State,2014.0,2014.0,,,,0.31428573
2017,18,00-0030669,A.Wilson,WR,KC,TEN,0,0,0.0,0,0.0,0.0,0.0,0,0.0,0,4,2,26.0,0,2.6,4.6,,,69.0,200.0,25.324882352941177,3.0,Georgia State,2014.0,2014.0,,,-1.0,0.125
2017,1,00-0030670,B.Fowler,WR,DEN,LAC,0,0,0.0,0,0.0,0.0,0.0,0,0.0,0,4,3,21.0,2,14.1,17.1,,,73.0,212.0,26.4111875,3.0,Michigan State,2014.0,2014.0,,,3.0,0.14285715
2017,2,00-0030670,B.Fowler,WR,DEN,DAL,0,0,0.0,0,0.0,0.0,0.0,0,0.0,0,3,1,8.0,0,0.8,1.8,,,73.0,212.0,26.4111875,3.0,Michigan State,2014.0,2014.0,,,25.0,0.1
2017,3,00-0030670,B.Fowler,WR,DEN,BUF,0,0,0.0,0,0.0,0.0,0.0,0,0.0,0,7,4,55.0,0,5.5,9.5,,,73.0,212.0,26.4111875,3.0,Michigan State,2014.0,2014.0,,,,0.175
2017,4,00-0030670,B.Fowler,WR,DEN,LV,0,0,0.0,0,0.0,0.0,0.0,0,0.0,0,2,2,35.0,0,3.5,5.5,,,73.0,212.0,26.4111875,3.0,Michigan State,2014.0,2014.0,,,6.0,0.08
2017,6,00-0030670,B.Fowler,WR,DEN,NYG,0,0,0.0,0,0.0,0.0,0.0,0,0.0,0,8,3,21.0,0,2.1,5.1,,,73.0,212.0,26.4111875,3.0,Michigan State,2014.0,2014.0,,,-13.0,0.1509434
2017,7,00-0030670,B.Fowler,WR,DEN,LAC,0,0,0.0,0,0.0,0.0,0.0,0,0.0,0,5,5,45.0,0,4.5,9.5,,,73.0,212.0,26.4111875,3.0,Michigan State,2014.0,2014.0,,,,0.14285715
2017,8,00-0030670,B.Fowler,WR,DEN,KC,0,0,0.0,0,0.0,0.0,0.0,0,0.0,0,6,2,35.0,0,3.5,5.5,,,73.0,212.0,26.4111875,3.0,Michigan State,2014.0,2014.0,,,,0.16666667
2017,9,00-0030670,B.Fowler,WR,DEN,PHI,0,0,0.0,0,0.0,0.0,0.0,0,0.0,0,2,0,0.0,0,0.0,0.0,,,73.0,212.0,26.4111875,3.0,Michigan State,2014.0,2014.0,,,,0.054054055
2017,10,00-0030670,B.Fowler,WR,DEN,NE,0,0,0.0,0,0.0,0.0,0.0,0,0.0,0,1,0,0.0,0,0.0,0.0,,,73.0,212.0,26.4111875,3.0,Michigan State,2014.0,2014.0,,,-25.0,0.03125
2017,11,00-0030670,B.Fowler,WR,DEN,CIN,0,0,0.0,0,0.0,0.0,0.0,0,0.0,0,1,1,18.0,0,1.8,2.8,,,73.0,212.0,26.4111875,3.0,Michigan State,2014.0,2014.0,,,-3.0,0.025
2017,12,00-0030670,B.Fowler,WR,DEN,LV,0,0,0.0,0,0.0,0.0,0.0,0,0.0,0,4,3,33.0,1,9.3,12.3,,,73.0,212.0,26.4111875,3.0,Michigan State,2014.0,2014.0,,,,0.11764706
2017,13,00-0030670,B.Fowler,WR,DEN,MIA,0,0,0.0,0,0.0,0.0,0.0,0,0.0,0,4,1,23.0,0,2.3,3.3,,,73.0,212.0,26.4111875,3.0,Michigan State,2014.0,2014.0,,,,0.1
2017,16,00-0030670,B.Fowler,WR,DEN,WAS,0,0,0.0,0,0.0,0.0,0.0,0,0.0,0,3,0,0.0,0,0.0,0.0,,,73.0,212.0,26.4111875,3.0,Michigan State,2014.0,2014.0,,,,0.08108108
2017,17,00-0030670,B.Fowler,WR,DEN,KC,0,0,0.0,0,0.0,0.0,0.0,0,0.0,0,6,4,56.0,0,5.6,9.6,,,73.0,212.0,26.4111875,3.0,Michigan State,2014.0,2014.0,,,-3.0,0.19354838
2017,2,00-0030710,T.Burton,TE,PHI,KC,0,0,0.0,0,0.0,0.0,0.0,0,0.0,0,1,1,10.0,0,1.0,2.0,,,75.0,235.0,26.053526315789473,3.0,Florida,2014.0,2014.0,,,,0.022222223
2017,3,00-0030710,T.Burton,TE,PHI,NYG,0,0,0.0,0,0.0,0.0,0.0,0,0.0,0,3,2,7.0,0,0.7,2.7,,,75.0,235.0,26.053526315789473,3.0,Florida,2014.0,2014.0,,,3.0,0.09677419
2017,5,00-0030710,T.Burton,TE,PHI,ARI,0,0,0.0,0,0.0,0.0,0.0,0,0.0,0,2,2,16.0,1,7.6,9.6,,,75.0,235.0,26.053526315789473,3.0,Florida,2014.0,2014.0,,,27.0,0.06666667
2017,6,00-0030710,T.Burton,TE,PHI,CAR,0,0,0.0,0,0.0,0.0,0.0,0,0.0,0,1,1,9.0,0,0.9,1.9,,,75.0,235.0,26.053526315789473,3.0,Florida,2014.0,2014.0,,,,0.033333335
2017,7,00-0030710,T.Burton,TE,PHI,WAS,0,0,0.0,0,0.0,0.0,0.0,0,0.0,0,1,1,7.0,0,0.7,1.7,,,75.0,235.0,26.053526315789473,3.0,Florida,2014.0,2014.0,,,10.0,0.04
2017,8,00-0030710,T.Burton,TE,PHI,SF,0,0,0.0,0,0.0,0.0,0.0,0,0.0,0,2,2,21.0,0,2.1,4.1,,,75.0,235.0,26.053526315789473,3.0,Florida,2014.0,2014.0,,,23.0,0.0625
2017,9,00-0030710,T.Burton,TE,PHI,DEN,0,0,0.0,0,0.0,0.0,0.0,0,0.0,0,4,2,41.0,1,10.1,12.1,,,75.0,235.0,26.053526315789473,3.0,Florida,2014.0,2014.0,,,28.0,0.14285715
2017,11,00-0030710,T.Burton,TE,PHI,DAL,0,0,0.0,0,0.0,0.0,0.0,0,0.0,0,0,0,0.0,0,2.0,2.0,,,75.0,235.0,26.053526315789473,3.0,Florida,2014.0,2014.0,,,,
2017,13,00-0030710,T.Burton,TE,PHI,SEA,0,0,0.0,0,0.0,0.0,0.0,0,0.0,0,7,4,42.0,0,4.2,8.2,,,75.0,235.0,26.053526315789473,3.0,Florida,2014.0,2014.0,,,,0.15555556
2017,14,00-0030710,T.Burton,TE,PHI,LA,0,0,0.0,0,0.0,0.0,0.0,0,0.0,0,6,5,71.0,2,19.1,24.1,,,75.0,235.0,26.053526315789473,3.0,Florida,2014.0,2014.0,,,,0.11764706
2017,15,00-0030710,T.Burton,TE,PHI,NYG,0,0,0.0,0,0.0,0.0,0.0,0,0.0,0,2,2,15.0,1,7.5,9.5,,,75.0,235.0,26.053526315789473,3.0,Florida,2014.0,2014.0,,,,0.054054055
2017,17,00-0030710,T.Burton,TE,PHI,DAL,0,0,0.0,0,0.0,0.0,0.0,0,0.0,0,2,1,9.0,0,0.9,1.9,,,75.0,235.0,26.053526315789473,3.0,Florida,2014.0,2014.0,,,-6.0,0.060606062
2017,19,00-0030710,T.Burton,TE,PHI,ATL,0,0,0.0,0,0.0,0.0,0.0,0,0.0,0,1,0,0.0,0,0.0,0.0,,,75.0,235.0,26.053526315789473,3.0,Florida,2014.0,2014.0,,,5.0,0.033333335
2017,20,00-0030710,T.Burton,TE,PHI,MIN,0,0,0.0,0,0.0,0.0,0.0,0,0.0,0,2,1,12.0,0,1.2,2.2,,,75.0,235.0,26.053526315789473,3.0,Florida,2014.0,2014.0,,,31.0,0.0625
2017,21,00-0030710,T.Burton,TE,PHI,NE,1,1,1.0,1,0.0,0.0,-0.0,0,0.0,0,1,0,0.0,0,4.04,4.04,,,75.0,235.0,26.053526315789473,3.0,Florida,2014.0,2014.0,,,,0.022727273
2017,2,00-0030711,D.Fluellen,RB,TEN,JAX,0,0,0.0,0,0.0,0.0,0.0,3,18.0,0,0,0,0.0,0,1.8,1.8,,,71.0,224.0,25.79211111111111,3.0,Toledo,2014.0,2014.0,,,,
2017,4,00-0030711,D.Fluellen,RB,TEN,HOU,0,0,0.0,0,0.0,0.0,0.0,1,3.0,0,0,0,0.0,0,0.3,0.3,,,71.0,224.0,25.79211111111111,3.0,Toledo,2014.0,2014.0,,,,
2017,16,00-0030711,D.Fluellen,RB,TEN,LA,0,0,0.0,0,0.0,0.0,0.0,0,0.0,0,1,0,0.0,0,0.0,0.0,,,71.0,224.0,25.79211111111111,3.0,Toledo,2014.0,2014.0,,,-4.0,0.027027028
2017,10,00-0030737,F.Martino,WR,TB,NYJ,0,0,0.0,0,0.0,0.0,0.0,0,0.0,0,1,0,0.0,0,0.0,0.0,,,72.0,195.0,26.1721875,3.0,North Greenville,2014.0,2014.0,,,5.0,0.029411765
2017,14,00-0030737,F.Martino,WR,TB,DET,0,0,0.0,0,0.0,0.0,0.0,0,0.0,0,1,1,19.0,0,1.9,2.9,,,72.0,195.0,26.1721875,3.0,North Greenville,2014.0,2014.0,,,-3.0,0.027027028
2017,15,00-0030737,F.Martino,WR,TB,ATL,0,0,0.0,0,0.0,0.0,0.0,0,0.0,0,1,1,11.0,0,1.1,2.1,,,72.0,195.0,26.1721875,3.0,North Greenville,2014.0,2014.0,,,-3.0,0.030303031
2017,16,00-0030737,F.Martino,WR,TB,CAR,0,0,0.0,0,0.0,0.0,0.0,0,0.0,0,2,2,57.0,0,5.7,7.7,,,72.0,195.0,26.1721875,3.0,North Greenville,2014.0,2014.0,,,,0.074074075
2017,17,00-0030737,F.Martino,WR,TB,NO,0,0,0.0,0,0.0,0.0,0.0,0,0.0,0,1,1,9.0,0,0.9,1.9,,,72.0,195.0,26.1721875,3.0,North Greenville,2014.0,2014.0,,,7.0,0.02
2017,13,00-0030741,R.Nix,FB,PIT,CIN,0,0,0.0,0,0.0,0.0,0.0,0,0.0,0,1,0,0.0,0,0.0,0.0,,,71.0,248.0,25.61270588235294,3.0,Kent State,2014.0,2014.0,,,,0.025
2017,14,00-0030741,R.Nix,FB,PIT,BAL,0,0,0.0,0,0.0,0.0,0.0,0,0.0,0,1,1,1.0,1,6.1,7.1,,,71.0,248.0,25.61270588235294,3.0,Kent State,2014.0,2014.0,,,1.0,0.015625
2017,16,00-0030741,R.Nix,FB,PIT,HOU,0,0,0.0,0,0.0,0.0,0.0,1,1.0,1,0,0,0.0,0,6.1,6.1,,,71.0,248.0,25.61270588235294,3.0,Kent State,2014.0,2014.0,,,,
2017,17,00-0030741,R.Nix,FB,PIT,CLE,0,0,0.0,0,0.0,0.0,0.0,2,-1.0,0,1,1,5.0,0,0.4,1.4,,,71.0,248.0,25.61270588235294,3.0,Kent State,2014.0,2014.0,,,4.0,0.037037037
2017,3,00-0030743,B.Reedy,WR,TB,MIN,0,0,0.0,0,0.0,0.0,0.0,1,3.0,0,1,1,6.0,0,0.9,1.9,,,68.0,175.0,25.89,3.0,Toledo,2014.0,2014.0,,,,0.025
2017,6,00-0030743,B.Reedy,WR,TB,ARI,0,0,0.0,0,0.0,0.0,0.0,1,4.0,0,0,0,0.0,0,0.4,0.4,,,68.0,175.0,25.89,3.0,Toledo,2014.0,2014.0,,,,
2017,7,00-0030743,B.Reedy,WR,TB,BUF,0,0,0.0,0,0.0,0.0,0.0,1,10.0,0,0,0,0.0,0,1.0,1.0,,,68.0,175.0,25.89,3.0,Toledo,2014.0,2014.0,,,,
2017,9,00-0030743,B.Reedy,WR,TB,NO,0,0,0.0,0,0.0,0.0,0.0,0,0.0,0,1,1,15.0,0,1.5,2.5,,,68.0,175.0,25.89,3.0,Toledo,2014.0,2014.0,,,,0.037037037
2017,4,00-0030780,R.Hewitt,TE,CIN,CLE,0,0,0.0,0,0.0,0.0,0.0,0,0.0,0,1,1,16.0,0,1.6,2.6,,,76.0,255.0,26.784875,3.0,Stanford,2014.0,2014.0,,,,0.033333335
2017,14,00-0030780,R.Hewitt,TE,CIN,CHI,0,0,0.0,0,0.0,0.0,0.0,0,0.0,0,1,1,6.0,0,0.6,1.6,,,76.0,255.0,26.784875,3.0,Stanford,2014.0,2014.0,,,-26.0,0.027777778
2017,1,00-0030801,B.Coleman,WR,NO,MIN,0,0,0.0,0,0.0,0.0,0.0,0,0.0,0,3,2,13.0,0,1.3,3.3,,,78.0,225.0,25.395833333333332,3.0,Rutgers,2014.0,2014.0,,,,0.08108108
2017,2,00-0030801,B.Coleman,WR,NO,NE,0,0,0.0,0,0.0,0.0,0.0,0,0.0,0,6,4,82.0,1,14.2,18.2,,,78.0,225.0,25.395833333333332,3.0,Rutgers,2014.0,2014.0,,,-16.0,0.13636364
2017,3,00-0030801,B.Coleman,WR,NO,CAR,0,0,0.0,0,0.0,0.0,0.0,0,0.0,0,1,1,11.0,1,7.1,8.1,,,78.0,225.0,25.395833333333332,3.0,Rutgers,2014.0,2014.0,,,,0.03448276
2017,4,00-0030801,B.Coleman,WR,NO,MIA,0,0,0.0,0,0.0,0.0,0.0,0,0.0,0,1,1,31.0,0,3.1,4.1,,,78.0,225.0,25.395833333333332,3.0,Rutgers,2014.0,2014.0,,,,0.025
2017,6,00-0030801,B.Coleman,WR,NO,DET,0,0,0.0,0,0.0,0.0,0.0,0,0.0,0,4,2,23.0,0,2.3,4.3,,,78.0,225.0,25.395833333333332,3.0,Rutgers,2014.0,2014.0,,,14.0,0.13333334
2017,7,00-0030801,B.Coleman,WR,NO,GB,0,0,0.0,0,0.0,0.0,0.0,0,0.0,0,3,2,31.0,1,9.1,11.1,,,78.0,225.0,25.395833333333332,3.0,Rutgers,2014.0,2014.0,,,,0.078947365
2017,8,00-0030801,B.Coleman,WR,NO,CHI,0,0,0.0,0,0.0,0.0,0.0,0,0.0,0,1,1,54.0,0,5.4,6.4,,,78.0,225.0,25.395833333333332,3.0,Rutgers,2014.0,2014.0,,,8.0,0.037037037
2017,9,00-0030801,B.Coleman,WR,NO,TB,0,0,0.0,0,0.0,0.0,0.0,0,0.0,0,1,1,7.0,0,0.7,1.7,,,78.0,225.0,25.395833333333332,3.0,Rutgers,2014.0,2014.0,,,20.0,0.037037037
2017,10,00-0030801,B.Coleman,WR,NO,BUF,0,0,0.0,0,0.0,0.0,0.0,0,0.0,0,4,1,30.0,0,3.0,4.0,,,78.0,225.0,25.395833333333332,3.0,Rutgers,2014.0,2014.0,,,,0.17391305
2017,11,00-0030801,B.Coleman,WR,NO,WAS,0,0,0.0,0,0.0,0.0,0.0,0,0.0,0,2,1,6.0,0,0.6,1.6,,,78.0,225.0,25.395833333333332,3.0,Rutgers,2014.0,2014.0,,,3.0,0.05
2017,13,00-0030801,B.Coleman,WR,NO,CAR,0,0,0.0,0,0.0,0.0,0.0,0,0.0,0,2,2,28.0,0,2.8,4.8,,,78.0,225.0,25.395833333333332,3.0,Rutgers,2014.0,2014.0,,,10.0,0.060606062
2017,14,00-0030801,B.Coleman,WR,NO,ATL,0,0,0.0,0,0.0,0.0,0.0,0,0.0,0,3,2,32.0,0,3.2,5.2,,,78.0,225.0,25.395833333333332,3.0,Rutgers,2014.0,2014.0,,,,0.08571429
2017,15,00-0030801,B.Coleman,WR,NO,NYJ,0,0,0.0,0,0.0,0.0,0.0,0,0.0,0,5,3,16.0,0,-2.4,0.6,,,78.0,225.0,25.395833333333332,3.0,Rutgers,2014.0,2014.0,,,12.0,0.1388889
2017,17,00-0030801,B.Coleman,WR,NO,TB,0,0,0.0,0,0.0,0.0,0.0,0,0.0,0,1,0,0.0,0,0.0,0.0,,,78.0,225.0,25.395833333333332,3.0,Rutgers,2014.0,2014.0,,,,0.033333335
2017,18,00-0030801,B.Coleman,WR,NO,CAR,0,0,0.0,0,0.0,0.0,0.0,0,0.0,0,5,4,44.0,0,4.4,8.4,,,78.0,225.0,25.395833333333332,3.0,Rutgers,2014.0,2014.0,,,5.0,0.16666667
2017,1,00-0030821,A.Hurns,WR,JAX,HOU,0,0,0.0,0,0.0,0.0,0.0,0,0.0,0,4,3,42.0,0,4.2,7.2,,,75.0,201.0,26.013526315789473,3.0,Miami,2014.0,2014.0,,,,0.1904762
2017,2,00-0030821,A.Hurns,WR,JAX,TEN,0,0,0.0,0,0.0,0.0,0.0,0,0.0,0,7,6,82.0,1,14.2,20.2,,,75.0,201.0,26.013526315789473,3.0,Miami,2014.0,2014.0,,,-21.0,0.20588236
2017,3,00-0030821,A.Hurns,WR,JAX,BAL,0,0,0.0,0,0.0,0.0,0.0,0,0.0,0,3,3,20.0,1,8.0,11.0,,,75.0,201.0,26.013526315789473,3.0,Miami,2014.0,2014.0,,,37.0,0.1
2017,4,00-0030821,A.Hurns,WR,JAX,NYJ,0,0,0.0,0,0.0,0.0,0.0,0,0.0,0,10,4,42.0,0,4.2,8.2,,,75.0,201.0,26.013526315789473,3.0,Miami,2014.0,2014.0,,,,0.2857143
2017,5,00-0030821,A.Hurns,WR,JAX,PIT,0,0,0.0,0,0.0,0.0,0.0,0,0.0,0,3,2,21.0,0,2.1,4.1,,,75.0,201.0,26.013526315789473,3.0,Miami,2014.0,2014.0,,,,0.21428572
2017,6,00-0030821,A.Hurns,WR,JAX,LA,0,0,0.0,0,0.0,0.0,0.0,0,0.0,0,3,3,37.0,0,3.7,6.7,,,75.0,201.0,26.013526315789473,3.0,Miami,2014.0,2014.0,,,-10.0,0.08571429
2017,7,00-0030821,A.Hurns,WR,JAX,IND,0,0,0.0,0,0.0,0.0,0.0,0,0.0,0,8,5,101.0,0,10.1,15.1,,,75.0,201.0,26.013526315789473,3.0,Miami,2014.0,2014.0,,,,0.2962963
2017,9,00-0030821,A.Hurns,WR,JAX,CIN,0,0,0.0,0,0.0,0.0,0.0,0,0.0,0,4,3,31.0,0,3.1,6.1,,,75.0,201.0,26.013526315789473,3.0,Miami,2014.0,2014.0,,,16.0,0.10810811
2017,10,00-0030821,A.Hurns,WR,JAX,LAC,0,0,0.0,0,0.0,0.0,0.0,0,0.0,0,9,7,70.0,0,7.0,14.0,,,75.0,201.0,26.013526315789473,3.0,Miami,2014.0,2014.0,,,3.0,0.1764706
2017,17,00-0030821,A.Hurns,WR,JAX,TEN,0,0,0.0,0,0.0,0.0,0.0,0,0.0,0,5,3,38.0,0,3.8,6.8,,,75.0,201.0,26.013526315789473,3.0,Miami,2014.0,2014.0,,,,0.14705883
2017,18,00-0030821,A.Hurns,WR,JAX,BUF,0,0,0.0,0,0.0,0.0,0.0,0,0.0,0,1,0,0.0,0,0.0,0.0,,,75.0,201.0,26.013526315789473,3.0,Miami,2014.0,2014.0,,,7.0,0.045454547
2017,19,00-0030821,A.Hurns,WR,JAX,PIT,0,0,0.0,0,0.0,0.0,0.0,0,0.0,0,2,1,12.0,0,1.2,2.2,,,75.0,201.0,26.013526315789473,3.0,Miami,2014.0,2014.0,,,,0.08
2017,20,00-0030821,A.Hurns,WR,JAX,NE,0,0,0.0,0,0.0,0.0,0.0,0,0.0,0,7,6,80.0,0,8.0,14.0,,,75.0,201.0,26.013526315789473,3.0,Miami,2014.0,2014.0,,,,0.19444445
2017,1,00-0030860,O.Darkwa,RB,NYG,DAL,0,0,0.0,0,0.0,0.0,0.0,3,14.0,0,1,1,-1.0,0,1.3,2.3,,,71.0,215.0,25.6875,3.0,Tulane,2014.0,2014.0,,,,0.02631579
2017,2,00-0030860,O.Darkwa,RB,NYG,DET,0,0,0.0,0,0.0,0.0,0.0,3,17.0,0,1,1,3.0,0,2.0,3.0,,,71.0,215.0,25.6875,3.0,Tulane,2014.0,2014.0,,,-14.0,0.03125
2017,3,00-0030860,O.Darkwa,RB,NYG,PHI,0,0,0.0,0,0.0,0.0,0.0,7,22.0,0,1,1,11.0,0,3.3,4.3,,,71.0,215.0,25.6875,3.0,Tulane,2014.0,2014.0,,,,0.021276595
2017,5,00-0030860,O.Darkwa,RB,NYG,LAC,0,0,0.0,0,0.0,0.0,0.0,8,69.0,1,4,1,3.0,0,13.2,14.2,,,71.0,215.0,25.6875,3.0,Tulane,2014.0,2014.0,,,-5.0,0.11111111
2017,6,00-0030860,O.Darkwa,RB,NYG,DEN,0,0,0.0,0,0.0,0.0,0.0,21,117.0,0,1,1,13.0,0,13.0,14.0,,,71.0,215.0,25.6875,3.0,Tulane,2014.0,2014.0,,,,0.05263158
2017,7,00-0030860,O.Darkwa,RB,NYG,SEA,0,0,0.0,0,0.0,0.0,0.0,9,35.0,0,3,3,13.0,0,4.8,7.8,,,71.0,215.0,25.6875,3.0,Tulane,2014.0,2014.0,,,-17.0,0.078947365
2017,9,00-0030860,O.Darkwa,RB,NYG,LA,0,0,0.0,0,0.0,0.0,0.0,16,71.0,0,2,2,8.0,0,7.9,9.9,,,71.0,215.0,25.6875,3.0,Tulane,2014.0,2014.0,,,-34.0,0.05263158
2017,10,00-0030860,O.Darkwa,RB,NYG,SF,0,0,0.0,0,0.0,0.0,0.0,14,70.0,0,2,2,18.0,0,10.8,12.8,,,71.0,215.0,25.6875,3.0,Tulane,2014.0,2014.0,,,,0.054054055
2017,11,00-0030860,O.Darkwa,RB,NYG,KC,0,0,0.0,0,0.0,0.0,0.0,20,74.0,1,4,2,16.0,0,15.0,17.0,,,71.0,215.0,25.6875,3.0,Tulane,2014.0,2014.0,,,3.0,0.114285715
2017,12,00-0030860,O.Darkwa,RB,NYG,WAS,0,0,0.0,0,0.0,0.0,0.0,11,30.0,0,1,1,9.0,0,3.9,4.9,,,71.0,215.0,25.6875,3.0,Tulane,2014.0,2014.0,,,,0.03846154
2017,13,00-0030860,O.Darkwa,RB,NYG,LV,0,0,0.0,0,0.0,0.0,0.0,14,32.0,1,1,1,-1.0,0,9.1,10.1,,,71.0,215.0,25.6875,3.0,Tulane,2014.0,2014.0,,,,0.030303031
2017,14,00-0030860,O.Darkwa,RB,NYG,DAL,0,0,0.0,0,0.0,0.0,0.0,10,29.0,0,3,2,15.0,0,4.4,6.4,,,71.0,215.0,25.6875,3.0,Tulane,2014.0,2014.0,,,-20.0,0.06521739
2017,15,00-0030860,O.Darkwa,RB,NYG,PHI,0,0,0.0,0,0.0,0.0,0.0,9,7.0,1,3,1,9.0,0,7.6,8.6,,,71.0,215.0,25.6875,3.0,Tulane,2014.0,2014.0,,,-5.0,0.05263158
2017,16,00-0030860,O.Darkwa,RB,NYG,ARI,0,0,0.0,0,0.0,0.0,0.0,6,10.0,0,0,0,0.0,0,1.0,1.0,,,71.0,215.0,25.6875,3.0,Tulane,2014.0,2014.0,,,,
2017,17,00-0030860,O.Darkwa,RB,NYG,WAS,0,0,0.0,0,0.0,0.0,0.0,20,154.0,1,1,0,0.0,0,21.4,21.4,,,71.0,215.0,25.6875,3.0,Tulane,2014.0,2014.0,,,8.0,0.035714287
2017,3,00-0030874,D.Williams,RB,MIA,NYJ,0,0,0.0,0,0.0,0.0,0.0,2,5.0,0,1,1,6.0,0,1.1,2.1,,,71.0,224.0,25.600125,3.0,Oklahoma,2014.0,2014.0,,,,0.022222223
2017,4,00-0030874,D.Williams,RB,MIA,NO,0,0,0.0,0,0.0,0.0,0.0,1,1.0,0,2,0,0.0,0,0.1,0.1,,,71.0,224.0,25.600125,3.0,Oklahoma,2014.0,2014.0,,,-20.0,0.071428575
2017,5,00-0030874,D.Williams,RB,MIA,TEN,0,0,0.0,0,0.0,0.0,0.0,3,15.0,0,2,1,13.0,0,2.8,3.8,,,71.0,224.0,25.600125,3.0,Oklahoma,2014.0,2014.0,,,6.0,0.07692308
2017,6,00-0030874,D.Williams,RB,MIA,ATL,0,0,0.0,0,0.0,0.0,0.0,4,9.0,0,3,3,14.0,0,2.3,5.3,,,71.0,224.0,25.600125,3.0,Oklahoma,2014.0,2014.0,,,,0.09090909
2017,7,00-0030874,D.Williams,RB,MIA,NYJ,0,0,0.0,0,0.0,0.0,0.0,2,2.0,0,3,2,18.0,0,2.0,4.0,,,71.0,224.0,25.600125,3.0,Oklahoma,2014.0,2014.0,,,3.0,0.083333336
2017,8,00-0030874,D.Williams,RB,MIA,BAL,0,0,0.0,0,0.0,0.0,0.0,0,0.0,0,2,1,-1.0,0,-0.1,0.9,,,71.0,224.0,25.600125,3.0,Oklahoma,2014.0,2014.0,,,,0.045454547
2017,9,00-0030874,D.Williams,RB,MIA,LV,0,0,0.0,0,0.0,0.0,0.0,7,14.0,0,6,6,47.0,1,12.1,18.1,,,71.0,224.0,25.600125,3.0,Oklahoma,2014.0,2014.0,,,-3.0,0.14634146
2017,10,00-0030874,D.Williams,RB,MIA,CAR,0,0,0.0,0,0.0,0.0,0.0,9,19.0,0,3,2,20.0,0,3.9,5.9,,,71.0,224.0,25.600125,3.0,Oklahoma,2014.0,2014.0,,,,0.08108108
2017,11,00-0030874,D.Williams,RB,MIA,TB,0,0,0.0,0,0.0,0.0,0.0,10,78.0,0,1,1,24.0,0,10.2,11.2,,,71.0,224.0,25.600125,3.0,Oklahoma,2014.0,2014.0,,,-10.0,0.027777778
2017,12,00-0030874,D.Williams,RB,MIA,NE,0,0,0.0,0,0.0,0.0,0.0,8,38.0,0,5,3,14.0,0,5.2,8.2,,,71.0,224.0,25.600125,3.0,Oklahoma,2014.0,2014.0,,,,0.15151516
2017,5,00-0030968,K.Smith,FB,DAL,GB,0,0,0.0,0,0.0,0.0,0.0,0,0.0,0,2,2,10.0,0,1.0,3.0,,,72.0,232.0,25.5796875,3.0,San Jose State,2014.0,2014.0,,,-4.0,0.055555556
2017,10,00-0030968,K.Smith,FB,DAL,ATL,0,0,0.0,0,0.0,0.0,0.0,0,0.0,0,1,1,1.0,0,0.1,1.1,,,72.0,232.0,25.5796875,3.0,San Jose State,2014.0,2014.0,,,,0.033333335
2017,14,00-0030968,K.Smith,FB,DAL,NYG,0,0,0.0,0,0.0,0.0,0.0,0,0.0,0,1,1,3.0,0,0.3,1.3,,,72.0,232.0,25.5796875,3.0,San Jose State,2014.0,2014.0,,,,0.033333335
2017,15,00-0030968,K.Smith,FB,DAL,LV,0,0,0.0,0,0.0,0.0,0.0,0,0.0,0,1,1,12.0,0,1.2,2.2,,,72.0,232.0,25.5796875,3.0,San Jose State,2014.0,2014.0,,,,0.037037037
2017,16,00-0031001,J.Janis,WR,GB,MIN,0,0,0.0,0,0.0,0.0,0.0,0,0.0,0,2,1,12.0,0,1.2,2.2,,,75.0,219.0,26.369,3.0,Saginaw Valley State,2014.0,2014.0,GB,236.0,-16.0,0.05
2017,17,00-0031001,J.Janis,WR,GB,DET,0,0,0.0,0,0.0,0.0,0.0,0,0.0,0,3,1,0.0,0,0.0,1.0,,,75.0,219.0,26.369,3.0,Saginaw Valley State,2014.0,2014.0,GB,236.0,,0.09677419
2017,5,00-0031021,J.Abbrederis,WR,DET,CAR,0,0,0.0,0,0.0,0.0,0.0,0,0.0,0,3,2,37.0,0,3.7,5.7,,,73.0,195.0,26.88775,3.0,Wisconsin,2014.0,2014.0,GB,176.0,-3.0,0.08571429
2017,6,00-0031021,J.Abbrederis,WR,DET,NO,0,0,0.0,0,0.0,0.0,0.0,0,0.0,0,4,1,7.0,0,0.7,1.7,,,73.0,195.0,26.88775,3.0,Wisconsin,2014.0,2014.0,GB,176.0,,0.078431375
2017,1,00-0031025,M.Campanaro,WR,BAL,CIN,0,0,0.0,0,0.0,0.0,0.0,1,2.0,0,0,0,0.0,0,0.2,0.2,,,69.0,191.0,26.77725,3.0,Wake Forest,2014.0,2014.0,BAL,218.0,,
2017,2,00-0031025,M.Campanaro,WR,BAL,CLE,0,0,0.0,0,0.0,0.0,0.0,1,5.0,0,0,0,0.0,0,0.5,0.5,,,69.0,191.0,26.77725,3.0,Wake Forest,2014.0,2014.0,BAL,218.0,14.0,
2017,3,00-0031025,M.Campanaro,WR,BAL,JAX,0,0,0.0,0,0.0,0.0,0.0,1,7.0,0,2,1,3.0,0,1.0,2.0,,,69.0,191.0,26.77725,3.0,Wake Forest,2014.0,2014.0,BAL,218.0,,0.074074075
2017,4,00-0031025,M.Campanaro,WR,BAL,PIT,0,0,0.0,0,0.0,0.0,0.0,0,0.0,0,6,4,25.0,0,2.5,6.5,,,69.0,191.0,26.77725,3.0,Wake Forest,2014.0,2014.0,BAL,218.0,-17.0,0.12765957
2017,5,00-0031025,M.Campanaro,WR,BAL,LV,0,0,0.0,0,0.0,0.0,0.0,0,0.0,0,1,1,8.0,0,0.8,1.8,,,69.0,191.0,26.77725,3.0,Wake Forest,2014.0,2014.0,BAL,218.0,,0.03846154
2017,6,00-0031025,M.Campanaro,WR,BAL,CHI,0,0,0.0,0,0.0,0.0,0.0,0,0.0,0,5,3,24.0,0,8.4,11.4,,,69.0,191.0,26.77725,3.0,Wake Forest,2014.0,2014.0,BAL,218.0,-3.0,0.12195122
2017,7,00-0031025,M.Campanaro,WR,BAL,MIN,0,0,0.0,0,0.0,0.0,0.0,1,19.0,0,3,3,31.0,0,5.0,8.0,,,69.0,191.0,26.77725,3.0,Wake Forest,2014.0,2014.0,BAL,218.0,,0.07692308
2017,14,00-0031025,M.Campanaro,WR,BAL,PIT,0,0,0.0,0,0.0,0.0,0.0,0,0.0,0,3,1,8.0,0,0.8,1.8,,,69.0,191.0,26.77725,3.0,Wake Forest,2014.0,2014.0,BAL,218.0,,0.0882353
2017,15,00-0031025,M.Campanaro,WR,BAL,CLE,0,0,0.0,0,0.0,0.0,0.0,0,0.0,0,1,1,17.0,0,1.7,2.7,,,69.0,191.0,26.77725,3.0,Wake Forest,2014.0,2014.0,BAL,218.0,,0.023809524
2017,16,00-0031025,M.Campanaro,WR,BAL,IND,0,0,0.0,0,0.0,0.0,0.0,1,9.0,0,2,2,21.0,1,9.0,11.0,,,69.0,191.0,26.77725,3.0,Wake Forest,2014.0,2014.0,BAL,218.0,7.0,0.05263158
2017,17,00-0031025,M.Campanaro,WR,BAL,CIN,0,0,0.0,0,0.0,0.0,0.0,0,0.0,0,4,3,36.0,0,3.6,6.6,,,69.0,191.0,26.77725,3.0,Wake Forest,2014.0,2014.0,BAL,218.0,-4.0,0.08510638
2017,7,00-0031035,X.Grimble,TE,PIT,CIN,0,0,0.0,0,0.0,0.0,0.0,0,0.0,0,1,1,12.0,0,1.2,2.2,,,76.0,261.0,25.13088235294118,3.0,Southern California,2014.0,2014.0,,,15.0,0.04
2017,12,00-0031035,X.Grimble,TE,PIT,GB,0,0,0.0,0,0.0,0.0,0.0,0,0.0,0,1,1,1.0,1,6.1,7.1,,,76.0,261.0,25.13088235294118,3.0,Southern California,2014.0,2014.0,,,3.0,0.022222223
2017,13,00-0031035,X.Grimble,TE,PIT,CIN,0,0,0.0,0,0.0,0.0,0.0,0,0.0,0,3,1,9.0,0,0.9,1.9,,,76.0,261.0,25.13088235294118,3.0,Southern California,2014.0,2014.0,,,,0.075
2017,14,00-0031035,X.Grimble,TE,PIT,BAL,0,0,0.0,0,0.0,0.0,0.0,0,0.0,0,2,0,0.0,0,0.0,0.0,,,76.0,261.0,25.13088235294118,3.0,Southern California,2014.0,2014.0,,,1.0,0.03125
2017,15,00-0031035,X.Grimble,TE,PIT,NE,0,0,0.0,0,0.0,0.0,0.0,0,0.0,0,1,1,8.0,0,0.8,1.8,,,76.0,261.0,25.13088235294118,3.0,Southern California,2014.0,2014.0,,,-3.0,0.033333335
2017,17,00-0031035,X.Grimble,TE,PIT,CLE,0,0,0.0,0,0.0,0.0,0.0,0,0.0,0,1,1,2.0,0,0.2,1.2,,,76.0,261.0,25.13088235294118,3.0,Southern California,2014.0,2014.0,,,4.0,0.037037037
2017,19,00-0031035,X.Grimble,TE,PIT,JAX,0,0,0.0,0,0.0,0.0,0.0,0,0.0,0,1,0,0.0,0,0.0,0.0,,,76.0,261.0,25.13088235294118,3.0,Southern California,2014.0,2014.0,,,-3.0,0.01754386
2017,1,00-0031044,T.Niklas,TE,ARI,DET,0,0,0.0,0,0.0,0.0,0.0,0,0.0,0,2,0,0.0,0,0.0,0.0,,,78.0,270.0,25.1315625,3.0,Notre Dame,2014.0,2014.0,ARI,52.0,,0.04255319
2017,2,00-0031044,T.Niklas,TE,ARI,IND,0,0,0.0,0,0.0,0.0,0.0,0,0.0,0,1,1,16.0,0,1.6,2.6,,,78.0,270.0,25.1315625,3.0,Notre Dame,2014.0,2014.0,ARI,52.0,,0.027777778
2017,3,00-0031044,T.Niklas,TE,ARI,DAL,0,0,0.0,0,0.0,0.0,0.0,0,0.0,0,1,1,10.0,0,1.0,2.0,,,78.0,270.0,25.1315625,3.0,Notre Dame,2014.0,2014.0,ARI,52.0,-11.0,0.020833334
2017,6,00-0031044,T.Niklas,TE,ARI,TB,0,0,0.0,0,0.0,0.0,0.0,0,0.0,0,2,2,20.0,1,8.0,10.0,,,78.0,270.0,25.1315625,3.0,Notre Dame,2014.0,2014.0,ARI,52.0,5.0,0.09090909
2017,7,00-0031044,T.Niklas,TE,ARI,LA,0,0,0.0,0,0.0,0.0,0.0,0,0.0,0,1,0,0.0,0,0.0,0.0,,,78.0,270.0,25.1315625,3.0,Notre Dame,2014.0,2014.0,ARI,52.0,,0.03125
2017,9,00-0031044,T.Niklas,TE,ARI,SF,0,0,0.0,0,0.0,0.0,0.0,0,0.0,0,3,1,16.0,0,1.6,2.6,,,78.0,270.0,25.1315625,3.0,Notre Dame,2014.0,2014.0,ARI,52.0,,0.10344828
2017,10,00-0031044,T.Niklas,TE,ARI,SEA,0,0,0.0,0,0.0,0.0,0.0,0,0.0,0,2,0,0.0,0,0.0,0.0,,,78.0,270.0,25.1315625,3.0,Notre Dame,2014.0,2014.0,ARI,52.0,-6.0,0.04255319
2017,12,00-0031044,T.Niklas,TE,ARI,JAX,0,0,0.0,0,0.0,0.0,0.0,0,0.0,0,2,2,22.0,0,2.2,4.2,,,78.0,270.0,25.1315625,3.0,Notre Dame,2014.0,2014.0,ARI,52.0,3.0,0.054054055
2017,14,00-0031044,T.Niklas,TE,ARI,TEN,0,0,0.0,0,0.0,0.0,0.0,0,0.0,0,2,1,7.0,0,0.7,1.7,,,78.0,270.0,25.1315625,3.0,Notre Dame,2014.0,2014.0,ARI,52.0,5.0,0.07692308
2017,15,00-0031044,T.Niklas,TE,ARI,WAS,0,0,0.0,0,0.0,0.0,0.0,0,0.0,0,6,3,41.0,0,4.1,7.1,,,78.0,270.0,25.1315625,3.0,Notre Dame,2014.0,2014.0,ARI,52.0,,0.15
2017,17,00-0031044,T.Niklas,TE,ARI,SEA,0,0,0.0,0,0.0,0.0,0.0,0,0.0,0,1,0,0.0,0,0.0,0.0,,,78.0,270.0,25.1315625,3.0,Notre Dame,2014.0,2014.0,ARI,52.0,,0.030303031
2017,1,00-0031045,C.Hyde,RB,SF,CAR,0,0,0.0,0,0.0,0.0,0.0,9,45.0,0,6,6,32.0,0,7.7,13.7,,,72.0,235.0,27.123625,3.0,Ohio State,2014.0,2014.0,SF,57.0,-20.0,0.17142858
2017,2,00-0031045,C.Hyde,RB,SF,SEA,0,0,0.0,0,0.0,0.0,0.0,15,124.0,0,6,3,19.0,0,14.3,17.3,,,72.0,235.0,27.123625,3.0,Ohio State,2014.0,2014.0,SF,57.0,,0.23076923
2017,3,00-0031045,C.Hyde,RB,SF,LA,0,0,0.0,0,0.0,0.0,0.0,25,84.0,2,4,3,10.0,0,21.4,24.4,,,72.0,235.0,27.123625,3.0,Ohio State,2014.0,2014.0,SF,57.0,-2.0,0.10810811
2017,4,00-0031045,C.Hyde,RB,SF,ARI,0,0,0.0,0,0.0,0.0,0.0,16,68.0,0,6,5,27.0,0,9.5,14.5,,,72.0,235.0,27.123625,3.0,Ohio State,2014.0,2014.0,SF,57.0,,0.125
2017,5,00-0031045,C.Hyde,RB,SF,IND,0,0,0.0,0,0.0,0.0,0.0,8,11.0,0,1,1,7.0,0,1.8,2.8,,,72.0,235.0,27.123625,3.0,Ohio State,2014.0,2014.0,SF,57.0,,0.022222223
2017,6,00-0031045,C.Hyde,RB,SF,WAS,0,0,0.0,0,0.0,0.0,0.0,13,28.0,2,6,5,47.0,0,19.5,24.5,,,72.0,235.0,27.123625,3.0,Ohio State,2014.0,2014.0,SF,57.0,,0.12765957
2017,7,00-0031045,C.Hyde,RB,SF,DAL,0,0,0.0,0,0.0,0.0,0.0,14,68.0,0,8,4,20.0,0,8.8,12.8,,,72.0,235.0,27.123625,3.0,Ohio State,2014.0,2014.0,SF,57.0,-30.0,0.21621622
2017,8,00-0031045,C.Hyde,RB,SF,PHI,0,0,0.0,0,0.0,0.0,0.0,12,25.0,0,9,4,22.0,0,4.7,8.7,,,72.0,235.0,27.123625,3.0,Ohio State,2014.0,2014.0,SF,57.0,,0.25
2017,9,00-0031045,C.Hyde,RB,SF,ARI,0,0,0.0,0,0.0,0.0,0.0,12,41.0,0,11,9,84.0,0,12.5,21.5,,,72.0,235.0,27.123625,3.0,Ohio State,2014.0,2014.0,SF,57.0,-10.0,0.21568628
2017,10,00-0031045,C.Hyde,RB,SF,NYG,0,0,0.0,0,0.0,0.0,0.0,17,98.0,0,3,2,6.0,0,10.4,12.4,,,72.0,235.0,27.123625,3.0,Ohio State,2014.0,2014.0,SF,57.0,10.0,0.12
2017,12,00-0031045,C.Hyde,RB,SF,SEA,0,0,0.0,0,0.0,0.0,0.0,16,47.0,0,13,7,21.0,0,6.8,13.8,,,72.0,235.0,27.123625,3.0,Ohio State,2014.0,2014.0,SF,57.0,-11.0,0.34210527
2017,13,00-0031045,C.Hyde,RB,SF,CHI,0,0,0.0,0,0.0,0.0,0.0,17,54.0,0,5,3,12.0,0,6.6,9.6,,,72.0,235.0,27.123625,3.0,Ohio State,2014.0,2014.0,SF,57.0,,0.13513513
2017,14,00-0031045,C.Hyde,RB,SF,HOU,0,0,0.0,0,0.0,0.0,0.0,14,78.0,1,1,0,0.0,0,13.8,13.8,,,72.0,235.0,27.123625,3.0,Ohio State,2014.0,2014.0,SF,57.0,,0.03125
2017,15,00-0031045,C.Hyde,RB,SF,TEN,0,0,0.0,0,0.0,0.0,0.0,16,25.0,0,2,2,14.0,0,3.9,5.9,,,72.0,235.0,27.123625,3.0,Ohio State,2014.0,2014.0,SF,57.0,2.0,0.04761905
2017,16,00-0031045,C.Hyde,RB,SF,JAX,0,0,0.0,0,0.0,0.0,0.0,21,54.0,1,3,3,19.0,0,13.3,16.3,,,72.0,235.0,27.123625,3.0,Ohio State,2014.0,2014.0,SF,57.0,11.0,0.1
2017,17,00-0031045,C.Hyde,RB,SF,LA,0,0,0.0,0,0.0,0.0,0.0,15,88.0,2,4,2,10.0,0,19.8,21.8,,,72.0,235.0,27.123625,3.0,Ohio State,2014.0,2014.0,SF,57.0,,0.121212125
2017,1,00-0031051,J.Brown,WR,ARI,DET,0,0,0.0,0,0.0,0.0,0.0,1,10.0,0,9,4,32.0,0,4.2,8.2,,,71.0,179.0,27.592937499999998,3.0,Pittsburg State,2014.0,2014.0,ARI,91.0,,0.19148937
2017,4,00-0031051,J.Brown,WR,ARI,SF,0,0,0.0,0,0.0,0.0,0.0,0,0.0,0,7,3,47.0,0,4.7,7.7,,,71.0,179.0,27.592937499999998,3.0,Pittsburg State,2014.0,2014.0,ARI,91.0,3.0,0.13725491
2017,5,00-0031051,J.Brown,WR,ARI,PHI,0,0,0.0,0,0.0,0.0,0.0,0,0.0,0,7,2,26.0,1,8.6,10.6,,,71.0,179.0,27.592937499999998,3.0,Pittsburg State,2014.0,2014.0,ARI,91.0,,0.1590909
2017,6,00-0031051,J.Brown,WR,ARI,TB,0,0,0.0,0,0.0,0.0,0.0,0,0.0,0,4,3,63.0,1,12.3,15.3,,,71.0,179.0,27.592937499999998,3.0,Pittsburg State,2014.0,2014.0,ARI,91.0,5.0,0.18181819
2017,7,00-0031051,J.Brown,WR,ARI,LA,0,0,0.0,0,0.0,0.0,0.0,0,0.0,0,4,1,6.0,0,0.6,1.6,,,71.0,179.0,27.592937499999998,3.0,Pittsburg State,2014.0,2014.0,ARI,91.0,,0.125
2017,9,00-0031051,J.Brown,WR,ARI,SF,0,0,0.0,0,0.0,0.0,0.0,0,0.0,0,4,1,52.0,0,5.2,6.2,,,71.0,179.0,27.592937499999998,3.0,Pittsburg State,2014.0,2014.0,ARI,91.0,,0.13793103
2017,10,00-0031051,J.Brown,WR,ARI,SEA,0,0,0.0,0,0.0,0.0,0.0,0,0.0,0,6,2,27.0,0,2.7,4.7,,,71.0,179.0,27.592937499999998,3.0,Pittsburg State,2014.0,2014.0,ARI,91.0,-6.0,0.12765957
2017,11,00-0031051,J.Brown,WR,ARI,HOU,0,0,0.0,0,0.0,0.0,0.0,0,0.0,0,6,3,18.0,0,1.8,4.8,,,71.0,179.0,27.592937499999998,3.0,Pittsburg State,2014.0,2014.0,ARI,91.0,,0.1764706
2017,16,00-0031051,J.Brown,WR,ARI,NYG,0,0,0.0,0,0.0,0.0,0.0,0,0.0,0,4,2,28.0,1,8.8,10.8,,,71.0,179.0,27.592937499999998,3.0,Pittsburg State,2014.0,2014.0,ARI,91.0,23.0,0.11764706
2017,17,00-0031051,J.Brown,WR,ARI,SEA,0,0,0.0,0,0.0,0.0,0.0,0,0.0,0,4,0,0.0,0,0.0,0.0,,,71.0,179.0,27.592937499999998,3.0,Pittsburg State,2014.0,2014.0,ARI,91.0,,0.121212125
2017,11,00-0031055,A.Williams,RB,LAC,BUF,0,0,0.0,0,0.0,0.0,0.0,2,2.0,0,0,0,0.0,0,0.2,0.2,,,72.0,220.0,25.18775,3.0,Boston College,2014.0,2014.0,NYG,113.0,30.0,
2017,14,00-0031055,A.Williams,RB,LAC,WAS,0,0,0.0,0,0.0,0.0,0.0,7,23.0,0,0,0,0.0,0,2.3,2.3,,,72.0,220.0,25.18775,3.0,Boston College,2014.0,2014.0,NYG,113.0,17.0,
2017,1,00-0031060,D.Thomas,WR,KC,NE,0,0,0.0,0,0.0,0.0,0.0,1,4.0,0,1,1,-2.0,0,0.2,1.2,,,68.0,176.0,24.84041176470588,3.0,Oregon,2014.0,2014.0,KC,124.0,,0.029411765
2017,3,00-0031060,D.Thomas,WR,KC,LAC,0,0,0.0,0,0.0,0.0,0.0,0,0.0,0,1,1,14.0,0,1.4,2.4,,,68.0,176.0,24.84041176470588,3.0,Oregon,2014.0,2014.0,KC,124.0,,0.04761905
2017,5,00-0031060,D.Thomas,WR,KC,HOU,0,0,0.0,0,0.0,0.0,0.0,0,0.0,0,1,1,10.0,1,7.0,8.0,,,68.0,176.0,24.84041176470588,3.0,Oregon,2014.0,2014.0,KC,124.0,,0.027027028
2017,6,00-0031060,D.Thomas,WR,KC,PIT,0,0,0.0,0,0.0,0.0,0.0,0,0.0,0,4,3,61.0,1,12.1,15.1,,,68.0,176.0,24.84041176470588,3.0,Oregon,2014.0,2014.0,KC,124.0,-6.0,0.125
2017,7,00-0031060,D.Thomas,WR,KC,LV,0,0,0.0,0,0.0,0.0,0.0,0,0.0,0,1,1,2.0,0,0.2,1.2,,,68.0,176.0,24.84041176470588,3.0,Oregon,2014.0,2014.0,KC,124.0,,0.027777778
2017,9,00-0031060,D.Thomas,WR,KC,DAL,0,0,0.0,0,0.0,0.0,0.0,0,0.0,0,3,3,41.0,0,4.1,7.1,,,68.0,176.0,24.84041176470588,3.0,Oregon,2014.0,2014.0,KC,124.0,,0.09090909
2017,11,00-0031060,D.Thomas,WR,KC,NYG,0,0,0.0,0,0.0,0.0,0.0,0,0.0,0,2,2,11.0,0,1.1,3.1,,,68.0,176.0,24.84041176470588,3.0,Oregon,2014.0,2014.0,KC,124.0,,0.051282052
2017,15,00-0031060,D.Thomas,WR,KC,LAC,0,0,0.0,0,0.0,0.0,0.0,0,0.0,0,2,2,6.0,0,0.6,2.6,,,68.0,176.0,24.84041176470588,3.0,Oregon,2014.0,2014.0,KC,124.0,17.0,0.06666667
2017,17,00-0031060,D.Thomas,WR,KC,DEN,0,0,0.0,0,0.0,0.0,0.0,0,0.0,0,1,0,0.0,0,0.0,0.0,,,68.0,176.0,24.84041176470588,3.0,Oregon,2014.0,2014.0,KC,124.0,,0.028571429
2017,1,00-0031062,J.White,RB,NE,KC,0,0,0.0,0,0.0,0.0,0.0,10,38.0,0,5,3,30.0,0,6.8,9.8,,,70.0,205.0,25.78836842105263,3.0,Wisconsin,2014.0,2014.0,NE,130.0,-15.0,0.1388889
2017,2,00-0031062,J.White,RB,NE,NO,0,0,0.0,0,0.0,0.0,0.0,2,11.0,0,8,8,85.0,0,9.6,17.6,,,70.0,205.0,25.78836842105263,3.0,Wisconsin,2014.0,2014.0,NE,130.0,,0.20512821
2017,3,00-0031062,J.White,RB,NE,HOU,0,0,0.0,0,0.0,0.0,0.0,5,17.0,0,1,1,11.0,0,2.8,3.8,,,70.0,205.0,25.78836842105263,3.0,Wisconsin,2014.0,2014.0,NE,130.0,3.0,0.028571429
2017,4,00-0031062,J.White,RB,NE,CAR,0,0,0.0,0,0.0,0.0,0.0,1,7.0,0,12,10,47.0,0,5.4,15.4,,,70.0,205.0,25.78836842105263,3.0,Wisconsin,2014.0,2014.0,NE,130.0,-3.0,0.26666668
2017,5,00-0031062,J.White,RB,NE,TB,0,0,0.0,0,0.0,0.0,0.0,2,3.0,0,9,7,57.0,0,6.0,13.0,,,70.0,205.0,25.78836842105263,3.0,Wisconsin,2014.0,2014.0,NE,130.0,,0.225
2017,6,00-0031062,J.White,RB,NE,NYJ,0,0,0.0,0,0.0,0.0,0.0,3,23.0,0,7,4,22.0,0,4.5,8.5,,,70.0,205.0,25.78836842105263,3.0,Wisconsin,2014.0,2014.0,NE,130.0,,0.18421052
2017,7,00-0031062,J.White,RB,NE,ATL,0,0,0.0,0,0.0,0.0,0.0,4,19.0,0,5,5,28.0,1,10.7,15.7,,,70.0,205.0,25.78836842105263,3.0,Wisconsin,2014.0,2014.0,NE,130.0,16.0,0.1724138
2017,8,00-0031062,J.White,RB,NE,LAC,0,0,0.0,0,0.0,0.0,0.0,1,2.0,0,6,5,85.0,0,8.7,13.7,,,70.0,205.0,25.78836842105263,3.0,Wisconsin,2014.0,2014.0,NE,130.0,8.0,0.12765957
2017,10,00-0031062,J.White,RB,NE,DEN,0,0,0.0,0,0.0,0.0,0.0,2,7.0,0,3,3,11.0,1,7.8,10.8,,,70.0,205.0,25.78836842105263,3.0,Wisconsin,2014.0,2014.0,NE,130.0,,0.08108108
2017,11,00-0031062,J.White,RB,NE,LV,0,0,0.0,0,0.0,0.0,0.0,5,13.0,0,1,0,0.0,0,1.3,1.3,,,70.0,205.0,25.78836842105263,3.0,Wisconsin,2014.0,2014.0,NE,130.0,,0.027027028
2017,12,00-0031062,J.White,RB,NE,MIA,0,0,0.0,0,0.0,0.0,0.0,3,13.0,0,2,1,2.0,0,1.5,2.5,,,70.0,205.0,25.78836842105263,3.0,Wisconsin,2014.0,2014.0,NE,130.0,18.0,0.071428575
2017,13,00-0031062,J.White,RB,NE,BUF,0,0,0.0,0,0.0,0.0,0.0,5,18.0,0,6,4,32.0,0,5.0,9.0,,,70.0,205.0,25.78836842105263,3.0,Wisconsin,2014.0,2014.0,NE,130.0,,0.2
2017,14,00-0031062,J.White,RB,NE,MIA,0,0,0.0,0,0.0,0.0,0.0,0,0.0,0,4,3,11.0,1,7.1,10.1,,,70.0,205.0,25.78836842105263,3.0,Wisconsin,2014.0,2014.0,NE,130.0,,0.09756097
2017,15,00-0031062,J.White,RB,NE,PIT,0,0,0.0,0,0.0,0.0,0.0,0,0.0,0,3,2,8.0,0,0.8,2.8,,,70.0,205.0,25.78836842105263,3.0,Wisconsin,2014.0,2014.0,NE,130.0,,0.08571429
2017,19,00-0031062,J.White,RB,NE,TEN,0,0,0.0,0,0.0,0.0,0.0,4,11.0,1,7,4,29.0,1,16.0,20.0,,,70.0,205.0,25.78836842105263,3.0,Wisconsin,2014.0,2014.0,NE,130.0,21.0,0.13207547
2017,20,00-0031062,J.White,RB,NE,JAX,0,0,0.0,0,0.0,0.0,0.0,3,4.0,1,5,3,22.0,0,8.6,11.6,,,70.0,205.0,25.78836842105263,3.0,Wisconsin,2014.0,2014.0,NE,130.0,4.0,0.12820514
2017,21,00-0031062,J.White,RB,NE,PHI,0,0,0.0,0,0.0,0.0,0.0,7,45.0,1,6,2,21.0,0,12.6,14.6,,,70.0,205.0,25.78836842105263,3.0,Wisconsin,2014.0,2014.0,NE,130.0,-8.0,0.12765957
2017,1,00-0031064,T.Savage,QB,HOU,JAX,7,13,62.0,0,0.0,6.0,33.0,0,0.0,0,0,0,0.0,0,-1.52,-1.52,,,76.0,230.0,27.53125,3.0,Pittsburgh,2014.0,2014.0,HOU,135.0,-22.0,
2017,4,00-0031064,T.Savage,QB,HOU,TEN,0,0,0.0,0,0.0,1.0,8.0,0,0.0,0,0,0,0.0,0,0.0,0.0,,,76.0,230.0,27.53125,3.0,Pittsburgh,2014.0,2014.0,HOU,135.0,43.0,
2017,9,00-0031064,T.Savage,QB,HOU,IND,19,44,219.0,1,0.0,2.0,25.0,0,0.0,0,0,0,0.0,0,10.76,10.76,,,76.0,230.0,27.53125,3.0,Pittsburgh,2014.0,2014.0,HOU,135.0,-6.0,
2017,10,00-0031064,T.Savage,QB,HOU,LA,18,36,221.0,1,2.0,3.0,27.0,2,0.0,0,0,0,0.0,0,4.84,4.84,,,76.0,230.0,27.53125,3.0,Pittsburgh,2014.0,2014.0,HOU,135.0,,
2017,11,00-0031064,T.Savage,QB,HOU,ARI,22,32,230.0,2,1.0,1.0,7.0,1,3.0,0,0,0,0.0,0,13.5,13.5,,,76.0,230.0,27.53125,3.0,Pittsburgh,2014.0,2014.0,HOU,135.0,10.0,
2017,12,00-0031064,T.Savage,QB,HOU,BAL,22,37,252.0,0,2.0,2.0,15.0,0,0.0,0,0,0,0.0,0,4.08,4.08,,,76.0,230.0,27.53125,3.0,Pittsburgh,2014.0,2014.0,HOU,135.0,,
2017,13,00-0031064,T.Savage,QB,HOU,TEN,31,49,365.0,1,1.0,4.0,34.0,1,-1.0,0,0,0,0.0,0,16.5,16.5,,,76.0,230.0,27.53125,3.0,Pittsburgh,2014.0,2014.0,HOU,135.0,,
2017,14,00-0031064,T.Savage,QB,HOU,SF,6,12,63.0,0,0.0,2.0,10.0,0,0.0,0,0,0,0.0,0,2.52,2.52,,,76.0,230.0,27.53125,3.0,Pittsburgh,2014.0,2014.0,HOU,135.0,-10.0,
2017,1,00-0031068,R.Grant,WR,WAS,PHI,0,0,0.0,0,0.0,0.0,0.0,0,0.0,0,6,4,61.0,0,6.1,10.1,,,72.0,204.0,26.884375,3.0,Tulane,2014.0,2014.0,WAS,142.0,-13.0,0.15
2017,2,00-0031068,R.Grant,WR,WAS,LA,0,0,0.0,0,0.0,0.0,0.0,0,0.0,0,2,1,11.0,1,7.1,8.1,,,72.0,204.0,26.884375,3.0,Tulane,2014.0,2014.0,WAS,142.0,,0.074074075
2017,3,00-0031068,R.Grant,WR,WAS,LV,0,0,0.0,0,0.0,0.0,0.0,0,0.0,0,4,3,31.0,0,3.1,6.1,,,72.0,204.0,26.884375,3.0,Tulane,2014.0,2014.0,WAS,142.0,17.0,0.13333334
2017,4,00-0031068,R.Grant,WR,WAS,KC,0,0,0.0,0,0.0,0.0,0.0,0,0.0,0,3,2,16.0,1,7.6,9.6,,,72.0,204.0,26.884375,3.0,Tulane,2014.0,2014.0,WAS,142.0,,0.125
2017,6,00-0031068,R.Grant,WR,WAS,SF,0,0,0.0,0,0.0,0.0,0.0,0,0.0,0,5,3,39.0,0,3.9,6.9,,,72.0,204.0,26.884375,3.0,Tulane,2014.0,2014.0,WAS,142.0,2.0,0.1388889
2017,7,00-0031068,R.Grant,WR,WAS,PHI,0,0,0.0,0,0.0,0.0,0.0,0,0.0,0,3,3,19.0,0,1.9,4.9,,,72.0,204.0,26.884375,3.0,Tulane,2014.0,2014.0,WAS,142.0,,0.075
2017,8,00-0031068,R.Grant,WR,WAS,DAL,0,0,0.0,0,0.0,0.0,0.0,0,0.0,0,7,5,38.0,0,3.8,8.8,,,72.0,204.0,26.884375,3.0,Tulane,2014.0,2014.0,WAS,142.0,-14.0,0.17948718
2017,9,00-0031068,R.Grant,WR,WAS,SEA,0,0,0.0,0,0.0,0.0,0.0,0,0.0,0,3,3,39.0,0,3.9,6.9,,,72.0,204.0,26.884375,3.0,Tulane,2014.0,2014.0,WAS,142.0,,0.1
2017,10,00-0031068,R.Grant,WR,WAS,MIN,0,0,0.0,0,0.0,0.0,0.0,0,0.0,0,3,3,25.0,0,2.5,5.5,,,72.0,204.0,26.884375,3.0,Tulane,2014.0,2014.0,WAS,142.0,-8.0,0.06666667
2017,11,00-0031068,R.Grant,WR,WAS,NO,0,0,0.0,0,0.0,0.0,0.0,0,0.0,0,3,3,59.0,1,11.9,14.9,,,72.0,204.0,26.884375,3.0,Tulane,2014.0,2014.0,WAS,142.0,,0.1
2017,12,00-0031068,R.Grant,WR,WAS,NYG,0,0,0.0,0,0.0,0.0,0.0,0,0.0,0,2,1,3.0,0,0.3,1.3,,,72.0,204.0,26.884375,3.0,Tulane,2014.0,2014.0,WAS,142.0,10.0,0.06666667
2017,13,00-0031068,R.Grant,WR,WAS,DAL,0,0,0.0,0,0.0,0.0,0.0,0,0.0,0,9,5,76.0,1,13.6,18.6,,,72.0,204.0,26.884375,3.0,Tulane,2014.0,2014.0,WAS,142.0,,0.25
2017,14,00-0031068,R.Grant,WR,WAS,LAC,0,0,0.0,0,0.0,0.0,0.0,0,0.0,0,1,1,28.0,0,2.8,3.8,,,72.0,204.0,26.884375,3.0,Tulane,2014.0,2014.0,WAS,142.0,,0.037037037
2017,15,00-0031068,R.Grant,WR,WAS,ARI,0,0,0.0,0,0.0,0.0,0.0,0,0.0,0,3,2,20.0,0,2.0,4.0,,,72.0,204.0,26.884375,3.0,Tulane,2014.0,2014.0,WAS,142.0,5.0,0.115384616
2017,16,00-0031068,R.Grant,WR,WAS,DEN,0,0,0.0,0,0.0,0.0,0.0,0,0.0,0,6,4,85.0,0,8.5,12.5,,,72.0,204.0,26.884375,3.0,Tulane,2014.0,2014.0,WAS,142.0,16.0,0.16216215
2017,17,00-0031068,R.Grant,WR,WAS,NYG,0,0,0.0,0,0.0,0.0,0.0,0,0.0,0,5,2,23.0,0,2.3,4.3,,,72.0,204.0,26.884375,3.0,Tulane,2014.0,2014.0,WAS,142.0,,0.13513513
2017,11,00-0031070,N.Berhe,SS,NYG,KC,0,0,0.0,0,0.0,0.0,0.0,1,2.0,0,0,0,0.0,0,0.2,0.2,,,71.0,194.0,26.3363125,3.0,San Diego State,2014.0,2014.0,NYG,152.0,3.0,
2017,4,00-0031075,A.Blue,RB,HOU,TEN,0,0,0.0,0,0.0,0.0,0.0,4,12.0,0,0,0,0.0,0,1.2,1.2,,,74.0,225.0,26.52925,3.0,LSU,2014.0,2014.0,HOU,181.0,43.0,
2017,8,00-0031075,A.Blue,RB,HOU,SEA,0,0,0.0,0,0.0,0.0,0.0,5,21.0,0,0,0,0.0,0,2.1,2.1,,,74.0,225.0,26.52925,3.0,LSU,2014.0,2014.0,HOU,181.0,,
2017,10,00-0031075,A.Blue,RB,HOU,LA,0,0,0.0,0,0.0,0.0,0.0,4,10.0,0,0,0,0.0,0,1.0,1.0,,,74.0,225.0,26.52925,3.0,LSU,2014.0,2014.0,HOU,181.0,,
2017,12,00-0031075,A.Blue,RB,HOU,BAL,0,0,0.0,0,0.0,0.0,0.0,8,15.0,0,2,2,11.0,0,2.6,4.6,,,74.0,225.0,26.52925,3.0,LSU,2014.0,2014.0,HOU,181.0,,0.054054055
2017,13,00-0031075,A.Blue,RB,HOU,TEN,0,0,0.0,0,0.0,0.0,0.0,4,2.0,0,1,1,7.0,0,0.9,1.9,,,74.0,225.0,26.52925,3.0,LSU,2014.0,2014.0,HOU,181.0,,0.020833334
2017,15,00-0031075,A.Blue,RB,HOU,JAX,0,0,0.0,0,0.0,0.0,0.0,12,55.0,0,1,0,0.0,0,5.5,5.5,,,74.0,225.0,26.52925,3.0,LSU,2014.0,2014.0,HOU,181.0,,0.03448276
2017,16,00-0031075,A.Blue,RB,HOU,PIT,0,0,0.0,0,0.0,0.0,0.0,16,108.0,0,0,0,0.0,0,10.8,10.8,,,74.0,225.0,26.52925,3.0,LSU,2014.0,2014.0,HOU,181.0,-28.0,
2017,17,00-0031075,A.Blue,RB,HOU,IND,0,0,0.0,0,0.0,0.0,0.0,18,39.0,1,5,4,36.0,0,13.5,17.5,,,74.0,225.0,26.52925,3.0,LSU,2014.0,2014.0,HOU,181.0,,0.2173913
2017,13,00-0031076,D.Fales,QB,MIA,DEN,0,1,0.0,0,0.0,0.0,-0.0,0,0.0,0,0,0,0.0,0,0.0,0.0,,,74.0,219.0,27.0976875,3.0,San Jose State,2014.0,2014.0,CHI,183.0,26.0,
2017,17,00-0031076,D.Fales,QB,MIA,BUF,29,42,265.0,1,1.0,1.0,8.0,4,8.0,1,0,0,0.0,0,19.4,19.4,,,74.0,219.0,27.0976875,3.0,San Jose State,2014.0,2014.0,CHI,183.0,-6.0,
2017,5,00-0031079,P.O'Donnell,P,CHI,MIN,1,1,38.0,1,0.0,0.0,-0.0,0,0.0,0,0,0,0.0,0,5.52,5.52,,,76.0,217.0,26.70175,3.0,Miami,2014.0,2014.0,CHI,191.0,-3.0,
2017,6,00-0031085,J.Prosch,RB,HOU,CLE,0,0,0.0,0,0.0,0.0,0.0,0,0.0,0,1,1,18.0,0,1.8,2.8,,,73.0,255.0,25.209625,3.0,Auburn,2014.0,2014.0,HOU,211.0,16.0,0.03448276
2017,9,00-0031085,J.Prosch,RB,HOU,IND,0,0,0.0,0,0.0,0.0,0.0,0,0.0,0,1,1,1.0,0,0.1,1.1,,,73.0,255.0,25.209625,3.0,Auburn,2014.0,2014.0,HOU,211.0,-6.0,0.022727273
2017,15,00-0031085,J.Prosch,RB,HOU,JAX,0,0,0.0,0,0.0,0.0,0.0,0,0.0,0,1,1,3.0,0,0.3,1.3,,,73.0,255.0,25.209625,3.0,Auburn,2014.0,2014.0,HOU,211.0,,0.03448276
2017,17,00-0031085,J.Prosch,RB,HOU,IND,0,0,0.0,0,0.0,0.0,0.0,0,0.0,0,1,1,9.0,0,0.9,1.9,,,73.0,255.0,25.209625,3.0,Auburn,2014.0,2014.0,HOU,211.0,,0.04347826
2017,15,00-0031102,K.Bibbs,RB,WAS,ARI,0,0,0.0,0,0.0,0.0,0.0,2,6.0,0,4,4,47.0,1,11.3,15.3,,,71.0,203.0,24.815125000000002,3.0,Colorado State,2014.0,2014.0,,,5.0,0.15384616
2017,16,00-0031102,K.Bibbs,RB,WAS,DEN,0,0,0.0,0,0.0,0.0,0.0,7,26.0,0,4,2,28.0,0,5.4,7.4,,,71.0,203.0,24.815125000000002,3.0,Colorado State,2014.0,2014.0,,,16.0,0.10810811
2017,17,00-0031102,K.Bibbs,RB,WAS,NYG,0,0,0.0,0,0.0,0.0,0.0,12,47.0,0,9,8,53.0,0,10.0,18.0,,,71.0,203.0,24.815125000000002,3.0,Colorado State,2014.0,2014.0,,,,0.24324325
2017,11,00-0031120,A.Taylor,MLB,TB,TB,0,0,0.0,0,0.0,0.0,0.0,0,0.0,0,0,0,0.0,0,6.0,6.0,,,73.0,230.0,27.1331875,3.0,Florida Atlantic,2014.0,2014.0,,,,
2017,4,00-0031151,M.Williams,CB,NYJ,JAX,0,0,0.0,0,0.0,0.0,0.0,0,0.0,0,1,1,31.0,0,3.1,4.1,,,71.0,196.0,26.62275,3.0,North Dakota State,2014.0,2014.0,,,3.0,0.032258064
2017,1,00-0031166,S.Roberts,WR,LV,TEN,0,0,0.0,0,0.0,0.0,0.0,0,0.0,0,1,1,19.0,1,7.9,8.9,,,74.0,195.0,26.70075,3.0,West Alabama,2014.0,2014.0,,,,0.03125
2017,2,00-0031166,S.Roberts,WR,LV,NYJ,0,0,0.0,0,0.0,0.0,0.0,0,0.0,0,1,0,0.0,0,0.0,0.0,,,74.0,195.0,26.70075,3.0,West Alabama,2014.0,2014.0,,,,0.035714287
2017,3,00-0031166,S.Roberts,WR,LV,WAS,0,0,0.0,0,0.0,0.0,0.0,0,0.0,0,5,4,20.0,0,0.0,4.0,,,74.0,195.0,26.70075,3.0,West Alabama,2014.0,2014.0,,,,0.16666667
2017,4,00-0031166,S.Roberts,WR,LV,DEN,0,0,0.0,0,0.0,0.0,0.0,0,0.0,0,5,4,49.0,0,4.9,8.9,,,74.0,195.0,26.70075,3.0,West Alabama,2014.0,2014.0,,,,0.14285715
2017,5,00-0031166,S.Roberts,WR,LV,BAL,0,0,0.0,0,0.0,0.0,0.0,0,0.0,0,4,2,34.0,0,3.4,5.4,,,74.0,195.0,26.70075,3.0,West Alabama,2014.0,2014.0,,,,0.16
2017,6,00-0031166,S.Roberts,WR,LV,LAC,0,0,0.0,0,0.0,0.0,0.0,0,0.0,0,3,3,35.0,0,3.5,6.5,,,74.0,195.0,26.70075,3.0,West Alabama,2014.0,2014.0,,,,0.1
2017,7,00-0031166,S.Roberts,WR,LV,KC,0,0,0.0,0,0.0,0.0,0.0,0,0.0,0,6,1,15.0,0,1.5,2.5,,,74.0,195.0,26.70075,3.0,West Alabama,2014.0,2014.0,,,,0.115384616
2017,9,00-0031166,S.Roberts,WR,LV,MIA,0,0,0.0,0,0.0,0.0,0.0,0,0.0,0,2,2,28.0,0,2.8,4.8,,,74.0,195.0,26.70075,3.0,West Alabama,2014.0,2014.0,,,,0.06896552
2017,11,00-0031166,S.Roberts,WR,LV,NE,0,0,0.0,0,0.0,0.0,0.0,0,0.0,0,9,5,36.0,0,1.6,6.6,,,74.0,195.0,26.70075,3.0,West Alabama,2014.0,2014.0,,,,0.18367347
2017,12,00-0031166,S.Roberts,WR,LV,DEN,0,0,0.0,0,0.0,0.0,0.0,0,0.0,0,3,2,26.0,0,2.6,4.6,,,74.0,195.0,26.70075,3.0,West Alabama,2014.0,2014.0,,,,0.125
2017,13,00-0031166,S.Roberts,WR,LV,NYG,0,0,0.0,0,0.0,0.0,0.0,0,0.0,0,6,5,46.0,0,4.6,9.6,,,74.0,195.0,26.70075,3.0,West Alabama,2014.0,2014.0,,,,0.17142858
2017,14,00-0031166,S.Roberts,WR,LV,KC,0,0,0.0,0,0.0,0.0,0.0,0,0.0,0,3,3,24.0,0,2.4,5.4,,,74.0,195.0,26.70075,3.0,West Alabama,2014.0,2014.0,,,,0.07317073
2017,15,00-0031166,S.Roberts,WR,LV,DAL,0,0,0.0,0,0.0,0.0,0.0,0,0.0,0,5,3,52.0,0,5.2,8.2,,,74.0,195.0,26.70075,3.0,West Alabama,2014.0,2014.0,,,,0.13157895
2017,16,00-0031166,S.Roberts,WR,LV,PHI,0,0,0.0,0,0.0,0.0,0.0,0,0.0,0,6,3,23.0,0,2.3,5.3,,,74.0,195.0,26.70075,3.0,West Alabama,2014.0,2014.0,,,,0.21428572
2017,17,00-0031166,S.Roberts,WR,LV,LAC,0,0,0.0,0,0.0,0.0,0.0,0,0.0,0,6,5,48.0,0,4.8,9.8,,,74.0,195.0,26.70075,3.0,West Alabama,2014.0,2014.0,,,,0.22222222
2017,1,00-0031189,T.Jones,WR,DET,ARI,0,0,0.0,0,0.0,0.0,0.0,0,0.0,0,4,2,32.0,0,3.2,5.2,,,72.0,190.0,25.29975,3.0,Notre Dame,2014.0,2014.0,DET,189.0,12.0,0.102564104
2017,3,00-0031189,T.Jones,WR,DET,ATL,0,0,0.0,0,0.0,0.0,0.0,0,0.0,0,3,3,63.0,0,6.3,9.3,,,72.0,190.0,25.29975,3.0,Notre Dame,2014.0,2014.0,DET,189.0,-4.0,0.06666667
2017,4,00-0031189,T.Jones,WR,DET,MIN,0,0,0.0,0,0.0,0.0,0.0,0,0.0,0,5,3,33.0,0,5.3,8.3,,,72.0,190.0,25.29975,3.0,Notre Dame,2014.0,2014.0,DET,189.0,,0.16129032
2017,5,00-0031189,T.Jones,WR,DET,CAR,0,0,0.0,0,0.0,0.0,0.0,0,0.0,0,4,2,12.0,0,1.2,3.2,,,72.0,190.0,25.29975,3.0,Notre Dame,2014.0,2014.0,DET,189.0,-3.0,0.114285715
2017,6,00-0031189,T.Jones,WR,DET,NO,0,0,0.0,0,0.0,0.0,0.0,0,0.0,0,9,3,33.0,0,3.3,6.3,,,72.0,190.0,25.29975,3.0,Notre Dame,2014.0,2014.0,DET,189.0,,0.1764706
2017,8,00-0031189,T.Jones,WR,DET,PIT,0,0,0.0,0,0.0,0.0,0.0,0,0.0,0,8,4,88.0,0,8.8,12.8,,,72.0,190.0,25.29975,3.0,Notre Dame,2014.0,2014.0,DET,189.0,-5.0,0.17777778
2017,9,00-0031189,T.Jones,WR,DET,GB,0,0,0.0,0,0.0,0.0,0.0,0,0.0,0,2,2,29.0,0,2.9,4.9,,,72.0,190.0,25.29975,3.0,Notre Dame,2014.0,2014.0,DET,189.0,,0.060606062
2017,10,00-0031189,T.Jones,WR,DET,CLE,0,0,0.0,0,0.0,0.0,0.0,0,0.0,0,3,1,2.0,0,0.2,1.2,,,72.0,190.0,25.29975,3.0,Notre Dame,2014.0,2014.0,DET,189.0,14.0,0.12
2017,11,00-0031189,T.Jones,WR,DET,CHI,0,0,0.0,0,0.0,0.0,0.0,0,0.0,0,5,4,55.0,0,5.5,9.5,,,72.0,190.0,25.29975,3.0,Notre Dame,2014.0,2014.0,DET,189.0,,0.16129032
2017,14,00-0031189,T.Jones,WR,DET,TB,0,0,0.0,0,0.0,0.0,0.0,0,0.0,0,3,3,26.0,0,2.6,5.6,,,72.0,190.0,25.29975,3.0,Notre Dame,2014.0,2014.0,DET,189.0,,0.06818182
2017,15,00-0031189,T.Jones,WR,DET,CHI,0,0,0.0,0,0.0,0.0,0.0,0,0.0,0,3,3,26.0,1,8.6,11.6,,,72.0,190.0,25.29975,3.0,Notre Dame,2014.0,2014.0,DET,189.0,10.0,0.09090909
2017,13,00-0031209,S.Perry,RB,MIA,DEN,0,0,0.0,0,0.0,0.0,0.0,5,22.0,0,0,0,0.0,0,2.2,2.2,,,72.0,210.0,26.139499999999998,3.0,Louisville,2014.0,2014.0,,,26.0,
2017,17,00-0031209,S.Perry,RB,MIA,BUF,0,0,0.0,0,0.0,0.0,0.0,3,8.0,0,1,1,3.0,0,1.1,2.1,,,72.0,210.0,26.139499999999998,3.0,Louisville,2014.0,2014.0,,,-6.0,0.023255814
2017,1,00-0031228,T.Gabriel,WR,ATL,CHI,0,0,0.0,0,0.0,0.0,0.0,0,0.0,0,4,3,36.0,0,3.6,6.6,,,68.0,167.0,26.740055555555557,3.0,Abilene Christian,2014.0,2014.0,,,,0.13333334
2017,2,00-0031228,T.Gabriel,WR,ATL,GB,0,0,0.0,0,0.0,0.0,0.0,1,7.0,0,3,2,14.0,0,2.1,4.1,,,68.0,167.0,26.740055555555557,3.0,Abilene Christian,2014.0,2014.0,,,11.0,0.11111111
2017,3,00-0031228,T.Gabriel,WR,ATL,DET,0,0,0.0,0,0.0,0.0,0.0,0,0.0,0,6,5,79.0,1,13.9,18.9,,,68.0,167.0,26.740055555555557,3.0,Abilene Christian,2014.0,2014.0,,,,0.17142858
2017,4,00-0031228,T.Gabriel,WR,ATL,BUF,0,0,0.0,0,0.0,0.0,0.0,0,0.0,0,5,0,0.0,0,0.0,0.0,,,68.0,167.0,26.740055555555557,3.0,Abilene Christian,2014.0,2014.0,,,-6.0,0.11904762
2017,6,00-0031228,T.Gabriel,WR,ATL,MIA,0,0,0.0,0,0.0,0.0,0.0,0,0.0,0,8,4,39.0,0,3.9,7.9,,,68.0,167.0,26.740055555555557,3.0,Abilene Christian,2014.0,2014.0,,,-3.0,0.23529412
2017,7,00-0031228,T.Gabriel,WR,ATL,NE,0,0,0.0,0,0.0,0.0,0.0,1,-5.0,0,2,2,24.0,0,1.9,3.9,,,68.0,167.0,26.740055555555557,3.0,Abilene Christian,2014.0,2014.0,,,,0.060606062
2017,8,00-0031228,T.Gabriel,WR,ATL,NYJ,0,0,0.0,0,0.0,0.0,0.0,0,0.0,0,1,1,-3.0,0,-0.3,0.7,,,68.0,167.0,26.740055555555557,3.0,Abilene Christian,2014.0,2014.0,,,,0.037037037
2017,9,00-0031228,T.Gabriel,WR,ATL,CAR,0,0,0.0,0,0.0,0.0,0.0,1,3.0,0,4,3,56.0,0,5.9,8.9,,,68.0,167.0,26.740055555555557,3.0,Abilene Christian,2014.0,2014.0,,,,0.10810811
2017,10,00-0031228,T.Gabriel,WR,ATL,DAL,0,0,0.0,0,0.0,0.0,0.0,1,15.0,0,3,3,58.0,0,7.3,10.3,,,68.0,167.0,26.740055555555557,3.0,Abilene Christian,2014.0,2014.0,,,20.0,0.10714286
2017,11,00-0031228,T.Gabriel,WR,ATL,SEA,0,0,0.0,0,0.0,0.0,0.0,0,0.0,0,2,2,7.0,0,0.7,2.7,,,68.0,167.0,26.740055555555557,3.0,Abilene Christian,2014.0,2014.0,,,,0.074074075
2017,12,00-0031228,T.Gabriel,WR,ATL,TB,0,0,0.0,0,0.0,0.0,0.0,0,0.0,0,3,3,16.0,0,1.6,4.6,,,68.0,167.0,26.740055555555557,3.0,Abilene Christian,2014.0,2014.0,,,14.0,0.0882353
2017,13,00-0031228,T.Gabriel,WR,ATL,MIN,0,0,0.0,0,0.0,0.0,0.0,1,5.0,0,2,1,6.0,0,1.1,2.1,,,68.0,167.0,26.740055555555557,3.0,Abilene Christian,2014.0,2014.0,,,-5.0,0.06896552
2017,14,00-0031228,T.Gabriel,WR,ATL,NO,0,0,0.0,0,0.0,0.0,0.0,1,9.0,0,1,1,10.0,0,1.9,2.9,,,68.0,167.0,26.740055555555557,3.0,Abilene Christian,2014.0,2014.0,,,3.0,0.037037037
2017,15,00-0031228,T.Gabriel,WR,ATL,TB,0,0,0.0,0,0.0,0.0,0.0,1,3.0,0,2,2,16.0,0,1.9,3.9,,,68.0,167.0,26.740055555555557,3.0,Abilene Christian,2014.0,2014.0,,,,0.06666667
2017,16,00-0031228,T.Gabriel,WR,ATL,NO,0,0,0.0,0,0.0,0.0,0.0,1,12.0,0,4,1,20.0,0,3.2,4.2,,,68.0,167.0,26.740055555555557,3.0,Abilene Christian,2014.0,2014.0,,,,0.114285715
2017,17,00-0031228,T.Gabriel,WR,ATL,CAR,0,0,0.0,0,0.0,0.0,0.0,0,0.0,0,1,0,0.0,0,0.0,0.0,,,68.0,167.0,26.740055555555557,3.0,Abilene Christian,2014.0,2014.0,,,12.0,0.023809524
2017,19,00-0031228,T.Gabriel,WR,ATL,PHI,0,0,0.0,0,0.0,0.0,0.0,0,0.0,0,3,2,4.0,0,0.4,2.4,,,68.0,167.0,26.740055555555557,3.0,Abilene Christian,2014.0,2014.0,,,,0.083333336
2017,2,00-0031235,O.Beckham,WR,NYG,DET,0,0,0.0,0,0.0,0.0,0.0,0,0.0,0,5,4,36.0,0,3.6,7.6,,,71.0,198.0,25.000125,3.0,Louisiana State,2014.0,2014.0,NYG,12.0,-14.0,0.15625
2017,3,00-0031235,O.Beckham,WR,NYG,PHI,0,0,0.0,0,0.0,0.0,0.0,0,0.0,0,13,9,79.0,2,19.9,28.9,,,71.0,198.0,25.000125,3.0,Louisiana State,2014.0,2014.0,NYG,12.0,,0.27659574
2017,4,00-0031235,O.Beckham,WR,NYG,TB,0,0,0.0,0,0.0,0.0,0.0,0,0.0,0,15,7,90.0,0,9.0,16.0,,,71.0,198.0,25.000125,3.0,Louisiana State,2014.0,2014.0,NYG,12.0,,0.30612245
2017,5,00-0031235,O.Beckham,WR,NYG,LAC,0,0,0.0,0,0.0,0.0,0.0,1,8.0,0,8,5,97.0,1,16.5,21.5,,,71.0,198.0,25.000125,3.0,Louisiana State,2014.0,2014.0,NYG,12.0,-5.0,0.22222222
2017,1,00-0031236,B.Cooks,WR,NE,KC,0,0,0.0,0,0.0,0.0,0.0,0,0.0,0,7,3,88.0,0,8.8,11.8,,,70.0,189.0,24.14563157894737,3.0,Oregon State,2014.0,2014.0,NO,20.0,-15.0,0.19444445
2017,2,00-0031236,B.Cooks,WR,NE,NO,0,0,0.0,0,0.0,0.0,0.0,2,6.0,0,4,2,37.0,0,4.3,6.3,,,70.0,189.0,24.14563157894737,3.0,Oregon State,2014.0,2014.0,NO,20.0,,0.102564104
2017,3,00-0031236,B.Cooks,WR,NE,HOU,0,0,0.0,0,0.0,0.0,0.0,0,0.0,0,7,5,131.0,2,27.1,32.1,,,70.0,189.0,24.14563157894737,3.0,Oregon State,2014.0,2014.0,NO,20.0,3.0,0.2
2017,4,00-0031236,B.Cooks,WR,NE,CAR,0,0,0.0,0,0.0,0.0,0.0,1,4.0,0,6,3,38.0,0,4.2,7.2,,,70.0,189.0,24.14563157894737,3.0,Oregon State,2014.0,2014.0,NO,20.0,-3.0,0.13333334
2017,5,00-0031236,B.Cooks,WR,NE,TB,0,0,0.0,0,0.0,0.0,0.0,0,0.0,0,8,5,85.0,0,8.5,13.5,,,70.0,189.0,24.14563157894737,3.0,Oregon State,2014.0,2014.0,NO,20.0,,0.2
2017,6,00-0031236,B.Cooks,WR,NE,NYJ,0,0,0.0,0,0.0,0.0,0.0,0,0.0,0,9,6,93.0,0,9.3,15.3,,,70.0,189.0,24.14563157894737,3.0,Oregon State,2014.0,2014.0,NO,20.0,,0.23684211
2017,7,00-0031236,B.Cooks,WR,NE,ATL,0,0,0.0,0,0.0,0.0,0.0,0,0.0,0,5,4,65.0,1,12.5,16.5,,,70.0,189.0,24.14563157894737,3.0,Oregon State,2014.0,2014.0,NO,20.0,16.0,0.1724138
2017,8,00-0031236,B.Cooks,WR,NE,LAC,0,0,0.0,0,0.0,0.0,0.0,0,0.0,0,8,5,26.0,0,2.6,7.6,,,70.0,189.0,24.14563157894737,3.0,Oregon State,2014.0,2014.0,NO,20.0,8.0,0.17021276
2017,10,00-0031236,B.Cooks,WR,NE,DEN,0,0,0.0,0,0.0,0.0,0.0,0,0.0,0,11,6,74.0,0,7.4,13.4,,,70.0,189.0,24.14563157894737,3.0,Oregon State,2014.0,2014.0,NO,20.0,,0.2972973
2017,11,00-0031236,B.Cooks,WR,NE,LV,0,0,0.0,0,0.0,0.0,0.0,0,0.0,0,9,6,149.0,1,20.9,26.9,,,70.0,189.0,24.14563157894737,3.0,Oregon State,2014.0,2014.0,NO,20.0,,0.24324325
2017,12,00-0031236,B.Cooks,WR,NE,MIA,0,0,0.0,0,0.0,0.0,0.0,1,11.0,0,7,6,83.0,1,15.4,21.4,,,70.0,189.0,24.14563157894737,3.0,Oregon State,2014.0,2014.0,NO,20.0,18.0,0.25
2017,13,00-0031236,B.Cooks,WR,NE,BUF,0,0,0.0,0,0.0,0.0,0.0,1,5.0,0,3,2,17.0,0,2.2,4.2,,,70.0,189.0,24.14563157894737,3.0,Oregon State,2014.0,2014.0,NO,20.0,,0.1
2017,14,00-0031236,B.Cooks,WR,NE,MIA,0,0,0.0,0,0.0,0.0,0.0,0,0.0,0,7,1,38.0,0,3.8,4.8,,,70.0,189.0,24.14563157894737,3.0,Oregon State,2014.0,2014.0,NO,20.0,,0.17073171
2017,15,00-0031236,B.Cooks,WR,NE,PIT,0,0,0.0,0,0.0,0.0,0.0,0,0.0,0,7,4,60.0,1,12.0,16.0,,,70.0,189.0,24.14563157894737,3.0,Oregon State,2014.0,2014.0,NO,20.0,,0.2
2017,16,00-0031236,B.Cooks,WR,NE,BUF,0,0,0.0,0,0.0,0.0,0.0,1,6.0,0,5,2,19.0,0,2.5,4.5,,,70.0,189.0,24.14563157894737,3.0,Oregon State,2014.0,2014.0,NO,20.0,21.0,0.17857143
2017,17,00-0031236,B.Cooks,WR,NE,NYJ,0,0,0.0,0,0.0,0.0,0.0,3,8.0,0,11,5,79.0,1,14.7,19.7,,,70.0,189.0,24.14563157894737,3.0,Oregon State,2014.0,2014.0,NO,20.0,20.0,0.2820513
2017,19,00-0031236,B.Cooks,WR,NE,TEN,0,0,0.0,0,0.0,0.0,0.0,0,0.0,0,9,3,32.0,0,3.2,6.2,,,70.0,189.0,24.14563157894737,3.0,Oregon State,2014.0,2014.0,NO,20.0,21.0,0.16981132
2017,20,00-0031236,B.Cooks,WR,NE,JAX,0,0,0.0,0,0.0,0.0,0.0,0,0.0,0,8,6,100.0,0,10.0,16.0,,,70.0,189.0,24.14563157894737,3.0,Oregon State,2014.0,2014.0,NO,20.0,4.0,0.20512821
2017,21,00-0031236,B.Cooks,WR,NE,PHI,0,0,0.0,0,0.0,0.0,0.0,1,1.0,0,2,1,23.0,0,2.4,3.4,,,70.0,189.0,24.14563157894737,3.0,Oregon State,2014.0,2014.0,NO,20.0,-8.0,0.04255319
2017,15,00-0031237,T.Bridgewater,QB,MIN,CIN,0,2,0.0,0,1.0,0.0,-0.0,3,-3.0,0,0,0,0.0,0,-2.3,-2.3,,,74.0,215.0,25.00761111111111,3.0,Louisville,2014.0,2014.0,MIN,32.0,27.0,
2017,1,00-0031257,P.Richardson,WR,SEA,GB,0,0,0.0,0,0.0,0.0,0.0,0,0.0,0,7,4,59.0,0,5.9,9.9,,,72.0,183.0,25.5664375,3.0,Colorado,2014.0,2014.0,SEA,45.0,,0.25925925
2017,2,00-0031257,P.Richardson,WR,SEA,SF,0,0,0.0,0,0.0,0.0,0.0,0,0.0,0,5,2,19.0,1,7.9,9.9,,,72.0,183.0,25.5664375,3.0,Colorado,2014.0,2014.0,SEA,45.0,3.0,0.12820514
2017,3,00-0031257,P.Richardson,WR,SEA,TEN,0,0,0.0,0,0.0,0.0,0.0,0,0.0,0,7,2,30.0,1,9.0,11.0,,,72.0,183.0,25.5664375,3.0,Colorado,2014.0,2014.0,SEA,45.0,,0.14583333
2017,4,00-0031257,P.Richardson,WR,SEA,IND,0,0,0.0,0,0.0,0.0,0.0,0,0.0,0,3,3,65.0,0,6.5,9.5,,,72.0,183.0,25.5664375,3.0,Colorado,2014.0,2014.0,SEA,45.0,28.0,0.115384616
2017,5,00-0031257,P.Richardson,WR,SEA,LA,0,0,0.0,0,0.0,0.0,0.0,0,0.0,0,5,3,35.0,0,3.5,6.5,,,72.0,183.0,25.5664375,3.0,Colorado,2014.0,2014.0,SEA,45.0,,0.13513513
2017,7,00-0031257,P.Richardson,WR,SEA,NYG,0,0,0.0,0,0.0,0.0,0.0,0,0.0,0,2,2,61.0,1,12.1,14.1,,,72.0,183.0,25.5664375,3.0,Colorado,2014.0,2014.0,SEA,45.0,,0.054054055
2017,8,00-0031257,P.Richardson,WR,SEA,HOU,0,0,0.0,0,0.0,0.0,0.0,0,0.0,0,7,6,105.0,2,22.5,28.5,,,72.0,183.0,25.5664375,3.0,Colorado,2014.0,2014.0,SEA,45.0,3.0,0.1891892
2017,9,00-0031257,P.Richardson,WR,SEA,WAS,0,0,0.0,0,0.0,0.0,0.0,0,0.0,0,3,3,41.0,0,4.1,7.1,,,72.0,183.0,25.5664375,3.0,Colorado,2014.0,2014.0,SEA,45.0,-3.0,0.07317073
2017,10,00-0031257,P.Richardson,WR,SEA,ARI,0,0,0.0,0,0.0,0.0,0.0,0,0.0,0,2,1,43.0,0,4.3,5.3,,,72.0,183.0,25.5664375,3.0,Colorado,2014.0,2014.0,SEA,45.0,,0.06666667
2017,11,00-0031257,P.Richardson,WR,SEA,ATL,0,0,0.0,0,0.0,0.0,0.0,0,0.0,0,8,5,56.0,0,5.6,10.6,,,72.0,183.0,25.5664375,3.0,Colorado,2014.0,2014.0,SEA,45.0,-3.0,0.2
2017,12,00-0031257,P.Richardson,WR,SEA,SF,0,0,0.0,0,0.0,0.0,0.0,0,0.0,0,7,4,70.0,0,7.0,11.0,,,72.0,183.0,25.5664375,3.0,Colorado,2014.0,2014.0,SEA,45.0,,0.21212122
2017,13,00-0031257,P.Richardson,WR,SEA,PHI,0,0,0.0,0,0.0,0.0,0.0,0,0.0,0,4,2,8.0,0,0.8,2.8,,,72.0,183.0,25.5664375,3.0,Colorado,2014.0,2014.0,SEA,45.0,14.0,0.14814815
2017,14,00-0031257,P.Richardson,WR,SEA,JAX,0,0,0.0,0,0.0,0.0,0.0,0,0.0,0,7,3,72.0,1,13.2,16.2,,,72.0,183.0,25.5664375,3.0,Colorado,2014.0,2014.0,SEA,45.0,,0.2413793
2017,15,00-0031257,P.Richardson,WR,SEA,LA,0,0,0.0,0,0.0,0.0,0.0,0,0.0,0,7,2,18.0,0,1.8,3.8,,,72.0,183.0,25.5664375,3.0,Colorado,2014.0,2014.0,SEA,45.0,-35.0,0.25925925
2017,16,00-0031257,P.Richardson,WR,SEA,DAL,0,0,0.0,0,0.0,0.0,0.0,0,0.0,0,4,2,21.0,0,2.1,4.1,,,72.0,183.0,25.5664375,3.0,Colorado,2014.0,2014.0,SEA,45.0,,0.2
2017,17,00-0031257,P.Richardson,WR,SEA,ARI,0,0,0.0,0,0.0,0.0,0.0,0,0.0,0,2,0,0.0,0,0.0,0.0,,,72.0,183.0,25.5664375,3.0,Colorado,2014.0,2014.0,SEA,45.0,-2.0,0.071428575
2017,5,00-0031260,L.Thomas,TE,BUF,CIN,0,0,0.0,0,0.0,0.0,0.0,0,0.0,0,2,1,3.0,0,0.3,1.3,,,78.0,250.0,26.362117647058824,3.0,Virginia Tech,2014.0,2014.0,ARI,120.0,,0.057142857
2017,7,00-0031260,L.Thomas,TE,BUF,TB,0,0,0.0,0,0.0,0.0,0.0,0,0.0,0,1,1,22.0,1,8.2,9.2,,,78.0,250.0,26.362117647058824,3.0,Virginia Tech,2014.0,2014.0,ARI,120.0,3.0,0.03125
2017,8,00-0031260,L.Thomas,TE,BUF,LV,0,0,0.0,0,0.0,0.0,0.0,0,0.0,0,1,1,7.0,0,0.7,1.7,,,78.0,250.0,26.362117647058824,3.0,Virginia Tech,2014.0,2014.0,ARI,120.0,20.0,0.037037037
2017,9,00-0031260,L.Thomas,TE,BUF,NYJ,0,0,0.0,0,0.0,0.0,0.0,0,0.0,0,3,2,25.0,0,2.5,4.5,,,78.0,250.0,26.362117647058824,3.0,Virginia Tech,2014.0,2014.0,ARI,120.0,,0.075
2017,13,00-0031260,L.Thomas,TE,BUF,NE,0,0,0.0,0,0.0,0.0,0.0,0,0.0,0,2,2,10.0,0,1.0,3.0,,,78.0,250.0,26.362117647058824,3.0,Virginia Tech,2014.0,2014.0,ARI,120.0,-20.0,0.05882353
2017,18,00-0031260,L.Thomas,TE,BUF,JAX,0,0,0.0,0,0.0,0.0,0.0,0,0.0,0,2,1,5.0,0,0.5,1.5,,,78.0,250.0,26.362117647058824,3.0,Virginia Tech,2014.0,2014.0,ARI,120.0,,0.057142857
2017,2,00-0031273,C.Brate,TE,TB,CHI,0,0,0.0,0,0.0,0.0,0.0,0,0.0,0,3,2,24.0,0,2.4,4.4,,,77.0,235.0,26.3528125,3.0,Harvard,2014.0,2014.0,,,22.0,0.09677419
2017,3,00-0031273,C.Brate,TE,TB,MIN,0,0,0.0,0,0.0,0.0,0.0,0,0.0,0,4,4,33.0,1,9.3,13.3,,,77.0,235.0,26.3528125,3.0,Harvard,2014.0,2014.0,,,,0.1
2017,4,00-0031273,C.Brate,TE,TB,NYG,0,0,0.0,0,0.0,0.0,0.0,0,0.0,0,6,4,80.0,1,14.0,18.0,,,77.0,235.0,26.3528125,3.0,Harvard,2014.0,2014.0,,,2.0,0.15789473
2017,5,00-0031273,C.Brate,TE,TB,NE,0,0,0.0,0,0.0,0.0,0.0,0,0.0,0,9,5,68.0,1,12.8,17.8,,,77.0,235.0,26.3528125,3.0,Harvard,2014.0,2014.0,,,-5.0,0.2
2017,6,00-0031273,C.Brate,TE,TB,ARI,0,0,0.0,0,0.0,0.0,0.0,0,0.0,0,8,6,76.0,1,13.6,19.6,,,77.0,235.0,26.3528125,3.0,Harvard,2014.0,2014.0,,,,0.1904762
2017,7,00-0031273,C.Brate,TE,TB,BUF,0,0,0.0,0,0.0,0.0,0.0,0,0.0,0,9,6,60.0,0,6.0,12.0,,,77.0,235.0,26.3528125,3.0,Harvard,2014.0,2014.0,,,,0.20454545
2017,8,00-0031273,C.Brate,TE,TB,CAR,0,0,0.0,0,0.0,0.0,0.0,0,0.0,0,5,4,64.0,0,6.4,10.4,,,77.0,235.0,26.3528125,3.0,Harvard,2014.0,2014.0,,,-14.0,0.1388889
2017,9,00-0031273,C.Brate,TE,TB,NO,0,0,0.0,0,0.0,0.0,0.0,0,0.0,0,4,1,9.0,0,0.9,1.9,,,77.0,235.0,26.3528125,3.0,Harvard,2014.0,2014.0,,,,0.14814815
2017,10,00-0031273,C.Brate,TE,TB,NYJ,0,0,0.0,0,0.0,0.0,0.0,0,0.0,0,3,1,10.0,0,1.0,2.0,,,77.0,235.0,26.3528125,3.0,Harvard,2014.0,2014.0,,,5.0,0.0882353
2017,11,00-0031273,C.Brate,TE,TB,MIA,0,0,0.0,0,0.0,0.0,0.0,0,0.0,0,3,1,12.0,0,1.2,2.2,,,77.0,235.0,26.3528125,3.0,Harvard,2014.0,2014.0,,,,0.083333336
2017,12,00-0031273,C.Brate,TE,TB,ATL,0,0,0.0,0,0.0,0.0,0.0,0,0.0,0,2,1,6.0,0,0.6,1.6,,,77.0,235.0,26.3528125,3.0,Harvard,2014.0,2014.0,,,,0.045454547
2017,13,00-0031273,C.Brate,TE,TB,GB,0,0,0.0,0,0.0,0.0,0.0,0,0.0,0,6,2,39.0,2,15.9,17.9,,,77.0,235.0,26.3528125,3.0,Harvard,2014.0,2014.0,,,,0.1875
2017,14,00-0031273,C.Brate,TE,TB,DET,0,0,0.0,0,0.0,0.0,0.0,0,0.0,0,1,1,11.0,0,1.1,2.1,,,77.0,235.0,26.3528125,3.0,Harvard,2014.0,2014.0,,,-3.0,0.027027028
2017,15,00-0031273,C.Brate,TE,TB,ATL,0,0,0.0,0,0.0,0.0,0.0,0,0.0,0,5,4,49.0,0,4.9,8.9,,,77.0,235.0,26.3528125,3.0,Harvard,2014.0,2014.0,,,-3.0,0.15151516
2017,16,00-0031273,C.Brate,TE,TB,CAR,0,0,0.0,0,0.0,0.0,0.0,0,0.0,0,4,3,13.0,0,1.3,4.3,,,77.0,235.0,26.3528125,3.0,Harvard,2014.0,2014.0,,,,0.14814815
2017,17,00-0031273,C.Brate,TE,TB,NO,0,0,0.0,0,0.0,0.0,0.0,0,0.0,0,5,3,37.0,0,3.7,6.7,,,77.0,235.0,26.3528125,3.0,Harvard,2014.0,2014.0,,,7.0,0.1
2017,1,00-0031277,B.Oliver,RB,LAC,DEN,0,0,0.0,0,0.0,0.0,0.0,4,10.0,0,1,0,0.0,0,1.0,1.0,,,68.0,208.0,26.499125,3.0,Buffalo,2014.0,2014.0,,,,0.030303031
2017,2,00-0031277,B.Oliver,RB,LAC,MIA,0,0,0.0,0,0.0,0.0,0.0,3,31.0,0,0,0,0.0,0,3.1,3.1,,,68.0,208.0,26.499125,3.0,Buffalo,2014.0,2014.0,,,-2.0,
2017,3,00-0031277,B.Oliver,RB,LAC,KC,0,0,0.0,0,0.0,0.0,0.0,8,16.0,0,6,4,18.0,0,3.4,7.4,,,68.0,208.0,26.499125,3.0,Buffalo,2014.0,2014.0,,,-14.0,0.15384616
2017,4,00-0031277,B.Oliver,RB,LAC,PHI,0,0,0.0,0,0.0,0.0,0.0,2,1.0,0,1,1,2.0,0,0.3,1.3,,,68.0,208.0,26.499125,3.0,Buffalo,2014.0,2014.0,,,-2.0,0.027027028
2017,8,00-0031277,B.Oliver,RB,LAC,NE,0,0,0.0,0,0.0,0.0,0.0,3,3.0,0,0,0,0.0,0,0.3,0.3,,,68.0,208.0,26.499125,3.0,Buffalo,2014.0,2014.0,,,,
2017,15,00-0031277,B.Oliver,RB,LAC,KC,0,0,0.0,0,0.0,0.0,0.0,0,0.0,0,1,0,0.0,0,0.0,0.0,,,68.0,208.0,26.499125,3.0,Buffalo,2014.0,2014.0,,,,0.027777778
2017,16,00-0031277,B.Oliver,RB,LAC,NYJ,0,0,0.0,0,0.0,0.0,0.0,8,9.0,0,1,0,0.0,0,0.9,0.9,,,68.0,208.0,26.499125,3.0,Buffalo,2014.0,2014.0,,,,0.025641026
2017,17,00-0031277,B.Oliver,RB,LAC,LV,0,0,0.0,0,0.0,0.0,0.0,7,13.0,0,1,1,6.0,0,1.9,2.9,,,68.0,208.0,26.499125,3.0,Buffalo,2014.0,2014.0,,,20.0,0.027777778
2017,1,00-0031280,D.Carr,QB,LV,TEN,22,32,262.0,2,0.0,2.0,12.0,2,2.0,0,0,0,0.0,0,18.68,18.68,,,75.0,214.0,26.6076875,3.0,Fresno State,2014.0,2014.0,OAK,36.0,,
2017,2,00-0031280,D.Carr,QB,LV,NYJ,23,28,230.0,3,0.0,0.0,-0.0,0,0.0,0,0,0,0.0,0,21.2,21.2,,,75.0,214.0,26.6076875,3.0,Fresno State,2014.0,2014.0,OAK,36.0,,
2017,3,00-0031280,D.Carr,QB,LV,WAS,19,31,118.0,1,2.0,4.0,22.0,2,5.0,0,0,0,0.0,0,5.22,5.22,,,75.0,214.0,26.6076875,3.0,Fresno State,2014.0,2014.0,OAK,36.0,,
2017,4,00-0031280,D.Carr,QB,LV,DEN,10,18,143.0,1,0.0,2.0,12.0,0,0.0,0,0,0,0.0,0,9.72,9.72,,,75.0,214.0,26.6076875,3.0,Fresno State,2014.0,2014.0,OAK,36.0,,
2017,6,00-0031280,D.Carr,QB,LV,LAC,21,30,171.0,1,2.0,1.0,6.0,1,0.0,0,0,0,0.0,0,6.84,6.84,,,75.0,214.0,26.6076875,3.0,Fresno State,2014.0,2014.0,OAK,36.0,,
2017,7,00-0031280,D.Carr,QB,LV,KC,29,52,417.0,3,0.0,0.0,-0.0,1,15.0,0,0,0,0.0,0,30.18,30.18,,,75.0,214.0,26.6076875,3.0,Fresno State,2014.0,2014.0,OAK,36.0,,
2017,8,00-0031280,D.Carr,QB,LV,BUF,31,49,313.0,1,2.0,0.0,-0.0,0,0.0,0,0,0,0.0,0,12.52,12.52,,,75.0,214.0,26.6076875,3.0,Fresno State,2014.0,2014.0,OAK,36.0,,
2017,9,00-0031280,D.Carr,QB,LV,MIA,21,30,300.0,1,1.0,1.0,5.0,4,-3.0,0,0,0,0.0,0,13.7,13.7,,,75.0,214.0,26.6076875,3.0,Fresno State,2014.0,2014.0,OAK,36.0,,
2017,11,00-0031280,D.Carr,QB,LV,NE,28,49,237.0,1,1.0,1.0,2.0,0,0.0,0,0,0,0.0,0,13.48,13.48,,,75.0,214.0,26.6076875,3.0,Fresno State,2014.0,2014.0,OAK,36.0,,
2017,12,00-0031280,D.Carr,QB,LV,DEN,18,24,253.0,2,0.0,2.0,9.0,3,-3.0,0,0,0,0.0,0,15.82,15.82,,,75.0,214.0,26.6076875,3.0,Fresno State,2014.0,2014.0,OAK,36.0,,
2017,13,00-0031280,D.Carr,QB,LV,NYG,22,36,287.0,1,0.0,1.0,5.0,1,-1.0,0,0,0,0.0,0,15.38,15.38,,,75.0,214.0,26.6076875,3.0,Fresno State,2014.0,2014.0,OAK,36.0,,
2017,14,00-0031280,D.Carr,QB,LV,KC,24,41,211.0,1,2.0,3.0,13.0,0,0.0,0,0,0,0.0,0,10.44,10.44,,,75.0,214.0,26.6076875,3.0,Fresno State,2014.0,2014.0,OAK,36.0,,
2017,15,00-0031280,D.Carr,QB,LV,DAL,21,38,171.0,2,0.0,0.0,-0.0,4,47.0,0,0,0,0.0,0,19.54,19.54,,,75.0,214.0,26.6076875,3.0,Fresno State,2014.0,2014.0,OAK,36.0,,
2017,16,00-0031280,D.Carr,QB,LV,PHI,15,29,140.0,1,2.0,1.0,3.0,3,3.0,0,0,0,0.0,0,5.9,5.9,,,75.0,214.0,26.6076875,3.0,Fresno State,2014.0,2014.0,OAK,36.0,,
2017,17,00-0031280,D.Carr,QB,LV,LAC,19,28,243.0,1,1.0,2.0,12.0,2,1.0,0,0,0,0.0,0,9.82,9.82,,,75.0,214.0,26.6076875,3.0,Fresno State,2014.0,2014.0,OAK,36.0,,
2017,1,00-0031285,D.Freeman,RB,ATL,CHI,0,0,0.0,0,0.0,0.0,0.0,12,37.0,1,2,2,2.0,0,9.9,11.9,,,68.0,206.0,25.66672222222222,3.0,Florida State,2014.0,2014.0,ATL,103.0,,0.06666667
2017,2,00-0031285,D.Freeman,RB,ATL,GB,0,0,0.0,0,0.0,0.0,0.0,19,84.0,2,2,2,16.0,0,22.0,24.0,,,68.0,206.0,25.66672222222222,3.0,Florida State,2014.0,2014.0,ATL,103.0,11.0,0.074074075
2017,3,00-0031285,D.Freeman,RB,ATL,DET,0,0,0.0,0,0.0,0.0,0.0,21,106.0,1,3,3,32.0,0,19.8,22.8,,,68.0,206.0,25.66672222222222,3.0,Florida State,2014.0,2014.0,ATL,103.0,,0.08571429
2017,4,00-0031285,D.Freeman,RB,ATL,BUF,0,0,0.0,0,0.0,0.0,0.0,18,58.0,1,2,2,20.0,0,13.8,15.8,,,68.0,206.0,25.66672222222222,3.0,Florida State,2014.0,2014.0,ATL,103.0,-6.0,0.04761905
2017,6,00-0031285,D.Freeman,RB,ATL,MIA,0,0,0.0,0,0.0,0.0,0.0,9,68.0,0,4,2,11.0,0,7.9,9.9,,,68.0,206.0,25.66672222222222,3.0,Florida State,2014.0,2014.0,ATL,103.0,-3.0,0.11764706
2017,7,00-0031285,D.Freeman,RB,ATL,NE,0,0,0.0,0,0.0,0.0,0.0,12,72.0,0,3,3,18.0,0,9.0,12.0,,,68.0,206.0,25.66672222222222,3.0,Florida State,2014.0,2014.0,ATL,103.0,,0.09090909
2017,8,00-0031285,D.Freeman,RB,ATL,NYJ,0,0,0.0,0,0.0,0.0,0.0,12,41.0,0,3,1,20.0,0,6.1,7.1,,,68.0,206.0,25.66672222222222,3.0,Florida State,2014.0,2014.0,ATL,103.0,,0.11111111
2017,9,00-0031285,D.Freeman,RB,ATL,CAR,0,0,0.0,0,0.0,0.0,0.0,11,46.0,0,5,4,18.0,0,6.4,10.4,,,68.0,206.0,25.66672222222222,3.0,Florida State,2014.0,2014.0,ATL,103.0,,0.13513513
2017,10,00-0031285,D.Freeman,RB,ATL,DAL,0,0,0.0,0,0.0,0.0,0.0,2,3.0,0,0,0,0.0,0,0.3,0.3,,,68.0,206.0,25.66672222222222,3.0,Florida State,2014.0,2014.0,ATL,103.0,20.0,
2017,13,00-0031285,D.Freeman,RB,ATL,MIN,0,0,0.0,0,0.0,0.0,0.0,12,74.0,0,2,1,7.0,0,8.1,9.1,,,68.0,206.0,25.66672222222222,3.0,Florida State,2014.0,2014.0,ATL,103.0,-5.0,0.06896552
2017,14,00-0031285,D.Freeman,RB,ATL,NO,0,0,0.0,0,0.0,0.0,0.0,24,91.0,1,0,0,0.0,0,15.1,15.1,,,68.0,206.0,25.66672222222222,3.0,Florida State,2014.0,2014.0,ATL,103.0,3.0,
2017,15,00-0031285,D.Freeman,RB,ATL,TB,0,0,0.0,0,0.0,0.0,0.0,22,126.0,1,7,5,68.0,0,25.4,30.4,,,68.0,206.0,25.66672222222222,3.0,Florida State,2014.0,2014.0,ATL,103.0,,0.23333333
2017,16,00-0031285,D.Freeman,RB,ATL,NO,0,0,0.0,0,0.0,0.0,0.0,11,36.0,0,3,2,20.0,0,3.6,5.6,,,68.0,206.0,25.66672222222222,3.0,Florida State,2014.0,2014.0,ATL,103.0,,0.08571429
2017,17,00-0031285,D.Freeman,RB,ATL,CAR,0,0,0.0,0,0.0,0.0,0.0,11,23.0,0,11,9,85.0,1,16.8,25.8,,,68.0,206.0,25.66672222222222,3.0,Florida State,2014.0,2014.0,ATL,103.0,12.0,0.26190478
2017,18,00-0031285,D.Freeman,RB,ATL,LA,0,0,0.0,0,0.0,0.0,0.0,18,66.0,1,2,1,3.0,0,12.9,13.9,,,68.0,206.0,25.66672222222222,3.0,Florida State,2014.0,2014.0,ATL,103.0,,0.06896552
2017,19,00-0031285,D.Freeman,RB,ATL,PHI,0,0,0.0,0,0.0,0.0,0.0,10,7.0,0,5,5,26.0,1,9.3,14.3,,,68.0,206.0,25.66672222222222,3.0,Florida State,2014.0,2014.0,ATL,103.0,,0.1388889
2017,14,00-0031288,A.McCarron,QB,CIN,CHI,4,8,47.0,0,0.0,1.0,9.0,0,0.0,0,0,0,0.0,0,1.88,1.88,,,75.0,220.0,27.149,3.0,Alabama,2014.0,2014.0,CIN,164.0,-26.0,
2017,15,00-0031288,A.McCarron,QB,CIN,MIN,3,6,19.0,0,0.0,0.0,-0.0,0,0.0,0,0,0,0.0,0,0.76,0.76,,,75.0,220.0,27.149,3.0,Alabama,2014.0,2014.0,CIN,164.0,,
2017,1,00-0031299,J.Matthews,TE,BUF,NYJ,0,0,0.0,0,0.0,0.0,0.0,0,0.0,0,3,2,61.0,0,6.1,8.1,,,75.0,212.0,25.319,3.0,Vanderbilt,2014.0,2014.0,PHI,42.0,9.0,0.11111111
2017,2,00-0031299,J.Matthews,TE,BUF,CAR,0,0,0.0,0,0.0,0.0,0.0,0,0.0,0,3,3,30.0,0,3.0,6.0,,,75.0,212.0,25.319,3.0,Vanderbilt,2014.0,2014.0,PHI,42.0,,0.12
2017,3,00-0031299,J.Matthews,TE,BUF,DEN,0,0,0.0,0,0.0,0.0,0.0,0,0.0,0,5,3,61.0,0,6.1,9.1,,,75.0,212.0,25.319,3.0,Vanderbilt,2014.0,2014.0,PHI,42.0,10.0,0.1923077
2017,4,00-0031299,J.Matthews,TE,BUF,ATL,0,0,0.0,0,0.0,0.0,0.0,0,0.0,0,2,2,10.0,1,7.0,9.0,,,75.0,212.0,25.319,3.0,Vanderbilt,2014.0,2014.0,PHI,42.0,,0.1
2017,7,00-0031299,J.Matthews,TE,BUF,TB,0,0,0.0,0,0.0,0.0,0.0,0,0.0,0,3,2,10.0,0,1.0,3.0,,,75.0,212.0,25.319,3.0,Vanderbilt,2014.0,2014.0,PHI,42.0,3.0,0.09375
2017,8,00-0031299,J.Matthews,TE,BUF,LV,0,0,0.0,0,0.0,0.0,0.0,0,0.0,0,4,3,21.0,0,2.1,5.1,,,75.0,212.0,25.319,3.0,Vanderbilt,2014.0,2014.0,PHI,42.0,20.0,0.14814815
2017,9,00-0031299,J.Matthews,TE,BUF,NYJ,0,0,0.0,0,0.0,0.0,0.0,0,0.0,0,8,6,46.0,0,2.6,8.6,,,75.0,212.0,25.319,3.0,Vanderbilt,2014.0,2014.0,PHI,42.0,,0.2
2017,10,00-0031299,J.Matthews,TE,BUF,NO,0,0,0.0,0,0.0,0.0,0.0,0,0.0,0,2,1,14.0,0,1.4,2.4,,,75.0,212.0,25.319,3.0,Vanderbilt,2014.0,2014.0,PHI,42.0,-37.0,0.074074075
2017,12,00-0031299,J.Matthews,TE,BUF,KC,0,0,0.0,0,0.0,0.0,0.0,0,0.0,0,3,2,15.0,0,1.5,3.5,,,75.0,212.0,25.319,3.0,Vanderbilt,2014.0,2014.0,PHI,42.0,,0.10344828
2017,13,00-0031299,J.Matthews,TE,BUF,NE,0,0,0.0,0,0.0,0.0,0.0,0,0.0,0,3,1,14.0,0,1.4,2.4,,,75.0,212.0,25.319,3.0,Vanderbilt,2014.0,2014.0,PHI,42.0,-20.0,0.0882353
2017,1,00-0031301,J.Hill,RB,CIN,BAL,0,0,0.0,0,0.0,0.0,0.0,6,26.0,0,1,1,-2.0,0,2.4,3.4,,,73.0,235.0,25.0463125,3.0,LSU,2014.0,2014.0,CIN,55.0,-20.0,0.03448276
2017,2,00-0031301,J.Hill,RB,CIN,HOU,0,0,0.0,0,0.0,0.0,0.0,6,17.0,0,1,1,2.0,0,1.9,2.9,,,73.0,235.0,25.0463125,3.0,LSU,2014.0,2014.0,CIN,55.0,-4.0,0.032258064
2017,3,00-0031301,J.Hill,RB,CIN,GB,0,0,0.0,0,0.0,0.0,0.0,7,23.0,0,1,1,6.0,0,2.9,3.9,,,73.0,235.0,25.0463125,3.0,LSU,2014.0,2014.0,CIN,55.0,,0.03846154
2017,4,00-0031301,J.Hill,RB,CIN,CLE,0,0,0.0,0,0.0,0.0,0.0,6,16.0,0,1,1,10.0,0,2.6,3.6,,,73.0,235.0,25.0463125,3.0,LSU,2014.0,2014.0,CIN,55.0,,0.033333335
2017,5,00-0031301,J.Hill,RB,CIN,BUF,0,0,0.0,0,0.0,0.0,0.0,4,16.0,0,0,0,0.0,0,1.6,1.6,,,73.0,235.0,25.0463125,3.0,LSU,2014.0,2014.0,CIN,55.0,4.0,
2017,7,00-0031301,J.Hill,RB,CIN,PIT,0,0,0.0,0,0.0,0.0,0.0,4,7.0,0,0,0,0.0,0,0.7,0.7,,,73.0,235.0,25.0463125,3.0,LSU,2014.0,2014.0,CIN,55.0,,
2017,8,00-0031301,J.Hill,RB,CIN,IND,0,0,0.0,0,0.0,0.0,0.0,4,11.0,0,0,0,0.0,0,1.1,1.1,,,73.0,235.0,25.0463125,3.0,LSU,2014.0,2014.0,CIN,55.0,1.0,
2017,1,00-0031302,C.Fiedorowicz,TE,HOU,JAX,0,0,0.0,0,0.0,0.0,0.0,0,0.0,0,4,4,46.0,0,4.6,8.6,,,77.0,265.0,26.042,3.0,Iowa,2014.0,2014.0,HOU,65.0,-22.0,0.11111111
2017,10,00-0031302,C.Fiedorowicz,TE,HOU,LA,0,0,0.0,0,0.0,0.0,0.0,0,0.0,0,5,2,10.0,0,1.0,3.0,,,77.0,265.0,26.042,3.0,Iowa,2014.0,2014.0,HOU,65.0,,0.14285715
2017,11,00-0031302,C.Fiedorowicz,TE,HOU,ARI,0,0,0.0,0,0.0,0.0,0.0,0,0.0,0,2,2,18.0,0,1.8,3.8,,,77.0,265.0,26.042,3.0,Iowa,2014.0,2014.0,HOU,65.0,10.0,0.0625
2017,12,00-0031302,C.Fiedorowicz,TE,HOU,BAL,0,0,0.0,0,0.0,0.0,0.0,0,0.0,0,8,4,37.0,0,3.7,7.7,,,77.0,265.0,26.042,3.0,Iowa,2014.0,2014.0,HOU,65.0,,0.21621622
2017,13,00-0031302,C.Fiedorowicz,TE,HOU,TEN,0,0,0.0,0,0.0,0.0,0.0,0,0.0,0,3,2,16.0,0,1.6,3.6,,,77.0,265.0,26.042,3.0,Iowa,2014.0,2014.0,HOU,65.0,,0.0625
2017,1,00-0031315,M.Hazel,WR,IND,LA,0,0,0.0,0,0.0,0.0,0.0,0,0.0,0,1,1,1.0,0,0.1,1.1,,,73.0,195.0,25.7828125,3.0,Coastal Carolina,2014.0,2014.0,MIA,190.0,,0.04761905
2017,1,00-0031325,S.Watkins,WR,LA,IND,0,0,0.0,0,0.0,0.0,0.0,0,0.0,0,5,5,58.0,0,5.8,10.8,,,73.0,211.0,24.404882352941176,3.0,Clemson,2014.0,2014.0,BUF,4.0,37.0,0.16666667
2017,2,00-0031325,S.Watkins,WR,LA,WAS,0,0,0.0,0,0.0,0.0,0.0,0,0.0,0,2,2,30.0,0,3.0,5.0,,,73.0,211.0,24.404882352941176,3.0,Clemson,2014.0,2014.0,BUF,4.0,-7.0,0.08
2017,3,00-0031325,S.Watkins,WR,LA,SF,0,0,0.0,0,0.0,0.0,0.0,0,0.0,0,7,6,106.0,2,22.6,28.6,,,73.0,211.0,24.404882352941176,3.0,Clemson,2014.0,2014.0,BUF,4.0,,0.25
2017,4,00-0031325,S.Watkins,WR,LA,DAL,0,0,0.0,0,0.0,0.0,0.0,0,0.0,0,2,1,17.0,0,1.7,2.7,,,73.0,211.0,24.404882352941176,3.0,Clemson,2014.0,2014.0,BUF,4.0,,0.057142857
2017,5,00-0031325,S.Watkins,WR,LA,SEA,0,0,0.0,0,0.0,0.0,0.0,0,0.0,0,4,0,0.0,0,0.0,0.0,,,73.0,211.0,24.404882352941176,3.0,Clemson,2014.0,2014.0,BUF,4.0,-6.0,0.08695652
2017,6,00-0031325,S.Watkins,WR,LA,JAX,0,0,0.0,0,0.0,0.0,0.0,0,0.0,0,4,1,11.0,0,1.1,2.1,,,73.0,211.0,24.404882352941176,3.0,Clemson,2014.0,2014.0,BUF,4.0,,0.1904762
2017,7,00-0031325,S.Watkins,WR,LA,ARI,0,0,0.0,0,0.0,0.0,0.0,0,0.0,0,5,3,42.0,0,4.2,7.2,,,73.0,211.0,24.404882352941176,3.0,Clemson,2014.0,2014.0,BUF,4.0,33.0,0.13513513
2017,9,00-0031325,S.Watkins,WR,LA,NYG,0,0,0.0,0,0.0,0.0,0.0,0,0.0,0,2,1,67.0,1,12.7,13.7,,,73.0,211.0,24.404882352941176,3.0,Clemson,2014.0,2014.0,BUF,4.0,,0.09090909
2017,10,00-0031325,S.Watkins,WR,LA,HOU,0,0,0.0,0,0.0,0.0,0.0,0,0.0,0,3,2,41.0,1,10.1,12.1,,,73.0,211.0,24.404882352941176,3.0,Clemson,2014.0,2014.0,BUF,4.0,26.0,0.083333336
2017,11,00-0031325,S.Watkins,WR,LA,MIN,0,0,0.0,0,0.0,0.0,0.0,0,0.0,0,4,3,36.0,0,3.6,6.6,,,73.0,211.0,24.404882352941176,3.0,Clemson,2014.0,2014.0,BUF,4.0,,0.11111111
2017,12,00-0031325,S.Watkins,WR,LA,NO,0,0,0.0,0,0.0,0.0,0.0,0,0.0,0,9,4,82.0,1,14.2,18.2,,,73.0,211.0,24.404882352941176,3.0,Clemson,2014.0,2014.0,BUF,4.0,6.0,0.20930232
2017,13,00-0031325,S.Watkins,WR,LA,ARI,0,0,0.0,0,0.0,0.0,0.0,0,0.0,0,4,3,38.0,1,9.8,12.8,,,73.0,211.0,24.404882352941176,3.0,Clemson,2014.0,2014.0,BUF,4.0,,0.12903225
2017,14,00-0031325,S.Watkins,WR,LA,PHI,0,0,0.0,0,0.0,0.0,0.0,0,0.0,0,7,3,21.0,1,8.1,11.1,,,73.0,211.0,24.404882352941176,3.0,Clemson,2014.0,2014.0,BUF,4.0,-8.0,0.28
2017,15,00-0031325,S.Watkins,WR,LA,SEA,0,0,0.0,0,0.0,0.0,0.0,0,0.0,0,5,2,14.0,0,1.4,3.4,,,73.0,211.0,24.404882352941176,3.0,Clemson,2014.0,2014.0,BUF,4.0,,0.2173913
2017,16,00-0031325,S.Watkins,WR,LA,TEN,0,0,0.0,0,0.0,0.0,0.0,0,0.0,0,7,3,30.0,1,9.0,12.0,,,73.0,211.0,24.404882352941176,3.0,Clemson,2014.0,2014.0,BUF,4.0,,0.18421052
2017,18,00-0031325,S.Watkins,WR,LA,ATL,0,0,0.0,0,0.0,0.0,0.0,0,0.0,0,4,1,23.0,0,2.3,3.3,,,73.0,211.0,24.404882352941176,3.0,Clemson,2014.0,2014.0,BUF,4.0,-13.0,0.08888889
2017,1,00-0031326,B.Ellington,WR,HOU,JAX,0,0,0.0,0,0.0,0.0,0.0,0,0.0,0,2,0,0.0,0,0.0,0.0,,,69.0,200.0,26.209,3.0,South Carolina,2014.0,2014.0,SF,106.0,-22.0,0.055555556
2017,3,00-0031326,B.Ellington,WR,HOU,NE,0,0,0.0,0,0.0,0.0,0.0,1,-1.0,0,7,4,59.0,1,11.8,15.8,,,69.0,200.0,26.209,3.0,South Carolina,2014.0,2014.0,SF,106.0,,0.21212122
2017,4,00-0031326,B.Ellington,WR,HOU,TEN,0,0,0.0,0,0.0,0.0,0.0,1,13.0,0,4,3,44.0,0,5.7,8.7,,,69.0,200.0,26.209,3.0,South Carolina,2014.0,2014.0,SF,106.0,43.0,0.11764706
2017,5,00-0031326,B.Ellington,WR,HOU,KC,0,0,0.0,0,0.0,0.0,0.0,0,0.0,0,3,2,30.0,0,3.0,5.0,,,69.0,200.0,26.209,3.0,South Carolina,2014.0,2014.0,SF,106.0,-8.0,0.10344828
2017,6,00-0031326,B.Ellington,WR,HOU,CLE,0,0,0.0,0,0.0,0.0,0.0,0,0.0,0,3,2,22.0,0,2.2,4.2,,,69.0,200.0,26.209,3.0,South Carolina,2014.0,2014.0,SF,106.0,16.0,0.10344828
2017,8,00-0031326,B.Ellington,WR,HOU,SEA,0,0,0.0,0,0.0,0.0,0.0,0,0.0,0,4,1,13.0,0,1.3,2.3,,,69.0,200.0,26.209,3.0,South Carolina,2014.0,2014.0,SF,106.0,,0.13333334
2017,9,00-0031326,B.Ellington,WR,HOU,IND,0,0,0.0,0,0.0,0.0,0.0,0,0.0,0,8,3,22.0,0,2.2,5.2,,,69.0,200.0,26.209,3.0,South Carolina,2014.0,2014.0,SF,106.0,-6.0,0.18181819
2017,10,00-0031326,B.Ellington,WR,HOU,LA,0,0,0.0,0,0.0,0.0,0.0,0,0.0,0,9,4,41.0,1,10.1,14.1,,,69.0,200.0,26.209,3.0,South Carolina,2014.0,2014.0,SF,106.0,,0.25714287
2017,11,00-0031326,B.Ellington,WR,HOU,ARI,0,0,0.0,0,0.0,0.0,0.0,1,5.0,0,7,6,63.0,0,6.8,12.8,,,69.0,200.0,26.209,3.0,South Carolina,2014.0,2014.0,SF,106.0,10.0,0.21875
2017,12,00-0031326,B.Ellington,WR,HOU,BAL,0,0,0.0,0,0.0,0.0,0.0,0,0.0,0,8,3,29.0,0,2.9,5.9,,,69.0,200.0,26.209,3.0,South Carolina,2014.0,2014.0,SF,106.0,,0.21621622
2017,13,00-0031326,B.Ellington,WR,HOU,TEN,0,0,0.0,0,0.0,0.0,0.0,0,0.0,0,2,1,7.0,0,0.7,1.7,,,69.0,200.0,26.209,3.0,South Carolina,2014.0,2014.0,SF,106.0,,0.041666668
2017,15,00-0031332,F.Toussaint,RB,PIT,NE,0,0,0.0,0,0.0,0.0,0.0,1,3.0,0,0,0,0.0,0,0.3,0.3,,,69.0,204.0,27.51835294117647,3.0,Michigan,2014.0,2014.0,,,-3.0,
2017,17,00-0031332,F.Toussaint,RB,PIT,CLE,0,0,0.0,0,0.0,0.0,0.0,5,22.0,0,3,2,9.0,0,3.1,5.1,,,69.0,204.0,27.51835294117647,3.0,Michigan,2014.0,2014.0,,,4.0,0.11111111
2017,1,00-0031339,D.Moncrief,WR,IND,LA,0,0,0.0,0,0.0,0.0,0.0,0,0.0,0,4,1,50.0,0,5.0,6.0,,,74.0,216.0,24.2461875,3.0,Mississippi,2014.0,2014.0,IND,90.0,,0.1904762
2017,2,00-0031339,D.Moncrief,WR,IND,ARI,0,0,0.0,0,0.0,0.0,0.0,0,0.0,0,8,2,18.0,0,1.8,3.8,,,74.0,216.0,24.2461875,3.0,Mississippi,2014.0,2014.0,IND,90.0,-3.0,0.22222222
2017,3,00-0031339,D.Moncrief,WR,IND,CLE,0,0,0.0,0,0.0,0.0,0.0,0,0.0,0,3,2,44.0,0,4.4,6.4,,,74.0,216.0,24.2461875,3.0,Mississippi,2014.0,2014.0,IND,90.0,3.0,0.125
2017,4,00-0031339,D.Moncrief,WR,IND,SEA,0,0,0.0,0,0.0,0.0,0.0,0,0.0,0,3,3,30.0,1,9.0,12.0,,,74.0,216.0,24.2461875,3.0,Mississippi,2014.0,2014.0,IND,90.0,,0.10714286
2017,5,00-0031339,D.Moncrief,WR,IND,SF,0,0,0.0,0,0.0,0.0,0.0,0,0.0,0,3,3,32.0,0,3.2,6.2,,,74.0,216.0,24.2461875,3.0,Mississippi,2014.0,2014.0,IND,90.0,3.0,0.09090909
2017,6,00-0031339,D.Moncrief,WR,IND,TEN,0,0,0.0,0,0.0,0.0,0.0,0,0.0,0,7,5,67.0,0,6.7,11.7,,,74.0,216.0,24.2461875,3.0,Mississippi,2014.0,2014.0,IND,90.0,,0.19444445
2017,7,00-0031339,D.Moncrief,WR,IND,JAX,0,0,0.0,0,0.0,0.0,0.0,0,0.0,0,4,2,30.0,0,3.0,5.0,,,74.0,216.0,24.2461875,3.0,Mississippi,2014.0,2014.0,IND,90.0,-27.0,0.10810811
2017,8,00-0031339,D.Moncrief,WR,IND,CIN,0,0,0.0,0,0.0,0.0,0.0,0,0.0,0,1,0,0.0,0,0.0,0.0,,,74.0,216.0,24.2461875,3.0,Mississippi,2014.0,2014.0,IND,90.0,,0.02631579
2017,9,00-0031339,D.Moncrief,WR,IND,HOU,0,0,0.0,0,0.0,0.0,0.0,0,0.0,0,2,1,7.0,0,0.7,1.7,,,74.0,216.0,24.2461875,3.0,Mississippi,2014.0,2014.0,IND,90.0,,0.06666667
2017,10,00-0031339,D.Moncrief,WR,IND,PIT,0,0,0.0,0,0.0,0.0,0.0,0,0.0,0,1,1,60.0,1,12.0,13.0,,,74.0,216.0,24.2461875,3.0,Mississippi,2014.0,2014.0,IND,90.0,-3.0,0.04347826
2017,12,00-0031339,D.Moncrief,WR,IND,TEN,0,0,0.0,0,0.0,0.0,0.0,0,0.0,0,3,1,16.0,0,1.6,2.6,,,74.0,216.0,24.2461875,3.0,Mississippi,2014.0,2014.0,IND,90.0,-4.0,0.11111111
2017,13,00-0031339,D.Moncrief,WR,IND,JAX,0,0,0.0,0,0.0,0.0,0.0,0,0.0,0,8,5,37.0,0,3.7,8.7,,,74.0,216.0,24.2461875,3.0,Mississippi,2014.0,2014.0,IND,90.0,,0.23529412
2017,2,00-0031344,C.Latimer,WR,DEN,DAL,0,0,0.0,0,0.0,0.0,0.0,0,0.0,0,2,2,22.0,0,2.2,4.2,,,74.0,215.0,25.075125,3.0,Indiana,2014.0,2014.0,DEN,56.0,25.0,0.06666667
2017,3,00-0031344,C.Latimer,WR,DEN,BUF,0,0,0.0,0,0.0,0.0,0.0,0,0.0,0,1,0,0.0,0,0.0,0.0,,,74.0,215.0,25.075125,3.0,Indiana,2014.0,2014.0,DEN,56.0,,0.025
2017,8,00-0031344,C.Latimer,WR,DEN,KC,0,0,0.0,0,0.0,0.0,0.0,0,0.0,0,3,2,15.0,0,1.5,3.5,,,74.0,215.0,25.075125,3.0,Indiana,2014.0,2014.0,DEN,56.0,,0.083333336
2017,9,00-0031344,C.Latimer,WR,DEN,PHI,0,0,0.0,0,0.0,0.0,0.0,0,0.0,0,3,2,51.0,0,5.1,7.1,,,74.0,215.0,25.075125,3.0,Indiana,2014.0,2014.0,DEN,56.0,,0.08108108
2017,10,00-0031344,C.Latimer,WR,DEN,NE,0,0,0.0,0,0.0,0.0,0.0,0,0.0,0,5,3,28.0,0,2.8,5.8,,,74.0,215.0,25.075125,3.0,Indiana,2014.0,2014.0,DEN,56.0,-25.0,0.15625
2017,11,00-0031344,C.Latimer,WR,DEN,CIN,0,0,0.0,0,0.0,0.0,0.0,0,0.0,0,3,1,21.0,0,2.1,3.1,,,74.0,215.0,25.075125,3.0,Indiana,2014.0,2014.0,DEN,56.0,-3.0,0.075
2017,12,00-0031344,C.Latimer,WR,DEN,LV,0,0,0.0,0,0.0,0.0,0.0,0,0.0,0,4,3,48.0,1,10.8,13.8,,,74.0,215.0,25.075125,3.0,Indiana,2014.0,2014.0,DEN,56.0,,0.11764706
2017,13,00-0031344,C.Latimer,WR,DEN,MIA,0,0,0.0,0,0.0,0.0,0.0,0,0.0,0,3,1,5.0,0,0.5,1.5,,,74.0,215.0,25.075125,3.0,Indiana,2014.0,2014.0,DEN,56.0,,0.075
2017,14,00-0031344,C.Latimer,WR,DEN,NYJ,0,0,0.0,0,0.0,0.0,0.0,0,0.0,0,3,2,37.0,0,3.7,5.7,,,74.0,215.0,25.075125,3.0,Indiana,2014.0,2014.0,DEN,56.0,23.0,0.10714286
2017,15,00-0031344,C.Latimer,WR,DEN,IND,0,0,0.0,0,0.0,0.0,0.0,0,0.0,0,4,3,60.0,1,14.0,17.0,,,74.0,215.0,25.075125,3.0,Indiana,2014.0,2014.0,DEN,56.0,,0.16
2017,12,00-0031345,J.Garoppolo,QB,SF,SEA,2,2,18.0,1,0.0,0.0,-0.0,1,4.0,0,0,0,0.0,0,5.12,5.12,,,74.0,225.0,26.0061875,3.0,Eastern Illinois,2014.0,2014.0,NE,62.0,-11.0,
2017,13,00-0031345,J.Garoppolo,QB,SF,CHI,26,37,293.0,0,1.0,2.0,15.0,4,8.0,0,0,0,0.0,0,10.52,10.52,,,74.0,225.0,26.0061875,3.0,Eastern Illinois,2014.0,2014.0,NE,62.0,,
2017,14,00-0031345,J.Garoppolo,QB,SF,HOU,20,33,334.0,1,1.0,2.0,20.0,5,-3.0,0,0,0,0.0,0,15.06,15.06,,,74.0,225.0,26.0061875,3.0,Eastern Illinois,2014.0,2014.0,NE,62.0,,
2017,15,00-0031345,J.Garoppolo,QB,SF,TEN,31,43,381.0,1,0.0,3.0,18.0,0,0.0,0,1,1,-6.0,0,18.64,19.64,,,74.0,225.0,26.0061875,3.0,Eastern Illinois,2014.0,2014.0,NE,62.0,2.0,0.023809524
2017,16,00-0031345,J.Garoppolo,QB,SF,JAX,21,30,242.0,2,1.0,1.0,4.0,3,3.0,1,0,0,0.0,0,21.98,21.98,,,74.0,225.0,26.0061875,3.0,Eastern Illinois,2014.0,2014.0,NE,62.0,11.0,
2017,17,00-0031345,J.Garoppolo,QB,SF,LA,20,33,292.0,2,2.0,0.0,-0.0,2,-1.0,0,0,0,0.0,0,15.58,15.58,,,74.0,225.0,26.0061875,3.0,Eastern Illinois,2014.0,2014.0,NE,62.0,,
2017,1,00-0031359,K.Benjamin,WR,CAR,SF,0,0,0.0,0,0.0,0.0,0.0,0,0.0,0,5,1,25.0,0,2.5,3.5,,,77.0,245.0,26.757444444444445,3.0,Florida State,2014.0,2014.0,CAR,28.0,,0.20833333
2017,2,00-0031359,K.Benjamin,WR,CAR,BUF,0,0,0.0,0,0.0,0.0,0.0,0,0.0,0,8,6,77.0,0,7.7,13.7,,,77.0,245.0,26.757444444444445,3.0,Florida State,2014.0,2014.0,CAR,28.0,6.0,0.2580645
2017,3,00-0031359,K.Benjamin,WR,CAR,NO,0,0,0.0,0,0.0,0.0,0.0,0,0.0,0,2,2,8.0,0,0.8,2.8,,,77.0,245.0,26.757444444444445,3.0,Florida State,2014.0,2014.0,CAR,28.0,-21.0,0.060606062
2017,4,00-0031359,K.Benjamin,WR,CAR,NE,0,0,0.0,0,0.0,0.0,0.0,0,0.0,0,4,4,104.0,0,10.4,14.4,,,77.0,245.0,26.757444444444445,3.0,Florida State,2014.0,2014.0,CAR,28.0,,0.13793103
2017,5,00-0031359,K.Benjamin,WR,CAR,DET,0,0,0.0,0,0.0,0.0,0.0,0,0.0,0,6,4,58.0,1,11.8,15.8,,,77.0,245.0,26.757444444444445,3.0,Florida State,2014.0,2014.0,CAR,28.0,,0.18181819
2017,6,00-0031359,K.Benjamin,WR,CAR,PHI,0,0,0.0,0,0.0,0.0,0.0,0,0.0,0,13,9,99.0,0,9.9,18.9,,,77.0,245.0,26.757444444444445,3.0,Florida State,2014.0,2014.0,CAR,28.0,-5.0,0.25
2017,7,00-0031359,K.Benjamin,WR,CAR,CHI,0,0,0.0,0,0.0,0.0,0.0,0,0.0,0,6,3,65.0,0,6.5,9.5,,,77.0,245.0,26.757444444444445,3.0,Florida State,2014.0,2014.0,CAR,28.0,,0.1764706
2017,8,00-0031359,K.Benjamin,WR,CAR,TB,0,0,0.0,0,0.0,0.0,0.0,0,0.0,0,7,3,39.0,1,9.9,12.9,,,77.0,245.0,26.757444444444445,3.0,Florida State,2014.0,2014.0,CAR,28.0,,0.23333333
2017,10,00-0031359,K.Benjamin,WR,BUF,NO,0,0,0.0,0,0.0,0.0,0.0,0,0.0,0,6,3,42.0,0,4.2,7.2,,,77.0,245.0,26.757444444444445,3.0,Florida State,2014.0,2014.0,CAR,28.0,-37.0,0.22222222
2017,11,00-0031359,K.Benjamin,WR,BUF,LAC,0,0,0.0,0,0.0,0.0,0.0,0,0.0,0,1,1,20.0,0,2.0,3.0,,,77.0,245.0,26.757444444444445,3.0,Florida State,2014.0,2014.0,CAR,28.0,,0.025641026
2017,14,00-0031359,K.Benjamin,WR,BUF,IND,0,0,0.0,0,0.0,0.0,0.0,0,0.0,0,7,2,17.0,1,7.7,9.7,,,77.0,245.0,26.757444444444445,3.0,Florida State,2014.0,2014.0,CAR,28.0,6.0,0.5
2017,15,00-0031359,K.Benjamin,WR,BUF,MIA,0,0,0.0,0,0.0,0.0,0.0,0,0.0,0,2,2,20.0,0,2.0,4.0,,,77.0,245.0,26.757444444444445,3.0,Florida State,2014.0,2014.0,CAR,28.0,8.0,0.071428575
2017,16,00-0031359,K.Benjamin,WR,BUF,NE,0,0,0.0,0,0.0,0.0,0.0,0,0.0,0,7,5,70.0,0,7.0,12.0,,,77.0,245.0,26.757444444444445,3.0,Florida State,2014.0,2014.0,CAR,28.0,,0.18421052
2017,17,00-0031359,K.Benjamin,WR,BUF,MIA,0,0,0.0,0,0.0,0.0,0.0,0,0.0,0,3,2,27.0,0,2.7,4.7,,,77.0,245.0,26.757444444444445,3.0,Florida State,2014.0,2014.0,CAR,28.0,,0.11111111
2017,18,00-0031359,K.Benjamin,WR,BUF,JAX,0,0,0.0,0,0.0,0.0,0.0,0,0.0,0,2,1,9.0,0,0.9,1.9,,,77.0,245.0,26.757444444444445,3.0,Florida State,2014.0,2014.0,CAR,28.0,,0.057142857
2017,13,00-0031363,M.Palardy,P,CAR,NO,0,1,0.0,0,0.0,0.0,-0.0,0,0.0,0,0,0,0.0,0,0.0,0.0,,,71.0,200.0,25.34088235294118,3.0,Tennessee,2014.0,2014.0,,,,
2017,1,00-0031373,M.Bryant,WR,PIT,CLE,0,0,0.0,0,0.0,0.0,0.0,0,0.0,0,6,2,14.0,0,1.4,3.4,,,76.0,211.0,25.889294117647058,3.0,Clemson,2014.0,2014.0,PIT,118.0,,0.16666667
2017,2,00-0031373,M.Bryant,WR,PIT,MIN,0,0,0.0,0,0.0,0.0,0.0,1,7.0,0,4,3,91.0,1,15.8,18.8,,,76.0,211.0,25.889294117647058,3.0,Clemson,2014.0,2014.0,PIT,118.0,17.0,0.114285715
2017,3,00-0031373,M.Bryant,WR,PIT,CHI,0,0,0.0,0,0.0,0.0,0.0,0,0.0,0,8,2,30.0,0,3.0,5.0,,,76.0,211.0,25.889294117647058,3.0,Clemson,2014.0,2014.0,PIT,118.0,,0.20512821
2017,4,00-0031373,M.Bryant,WR,PIT,BAL,0,0,0.0,0,0.0,0.0,0.0,0,0.0,0,5,3,48.0,0,4.8,7.8,,,76.0,211.0,25.889294117647058,3.0,Clemson,2014.0,2014.0,PIT,118.0,,0.16666667
2017,5,00-0031373,M.Bryant,WR,PIT,JAX,0,0,0.0,0,0.0,0.0,0.0,1,13.0,0,8,5,21.0,0,3.4,8.4,,,76.0,211.0,25.889294117647058,3.0,Clemson,2014.0,2014.0,PIT,118.0,-21.0,0.14814815
2017,6,00-0031373,M.Bryant,WR,PIT,KC,0,0,0.0,0,0.0,0.0,0.0,0,0.0,0,3,2,27.0,0,2.7,4.7,,,76.0,211.0,25.889294117647058,3.0,Clemson,2014.0,2014.0,PIT,118.0,,0.125
2017,7,00-0031373,M.Bryant,WR,PIT,CIN,0,0,0.0,0,0.0,0.0,0.0,1,2.0,0,2,1,3.0,0,0.5,1.5,,,76.0,211.0,25.889294117647058,3.0,Clemson,2014.0,2014.0,PIT,118.0,15.0,0.08
2017,10,00-0031373,M.Bryant,WR,PIT,IND,0,0,0.0,0,0.0,0.0,0.0,1,-9.0,0,5,3,42.0,0,5.3,8.3,,,76.0,211.0,25.889294117647058,3.0,Clemson,2014.0,2014.0,PIT,118.0,,0.16666667
2017,11,00-0031373,M.Bryant,WR,PIT,TEN,0,0,0.0,0,0.0,0.0,0.0,0,0.0,0,4,2,30.0,0,3.0,5.0,,,76.0,211.0,25.889294117647058,3.0,Clemson,2014.0,2014.0,PIT,118.0,23.0,0.08888889
2017,12,00-0031373,M.Bryant,WR,PIT,GB,0,0,0.0,0,0.0,0.0,0.0,1,1.0,0,6,4,40.0,1,10.1,14.1,,,76.0,211.0,25.889294117647058,3.0,Clemson,2014.0,2014.0,PIT,118.0,3.0,0.13333334
2017,13,00-0031373,M.Bryant,WR,PIT,CIN,0,0,0.0,0,0.0,0.0,0.0,0,0.0,0,6,4,40.0,0,4.0,8.0,,,76.0,211.0,25.889294117647058,3.0,Clemson,2014.0,2014.0,PIT,118.0,,0.15
2017,14,00-0031373,M.Bryant,WR,PIT,BAL,0,0,0.0,0,0.0,0.0,0.0,0,0.0,0,10,6,33.0,0,3.3,9.3,,,76.0,211.0,25.889294117647058,3.0,Clemson,2014.0,2014.0,PIT,118.0,1.0,0.15625
2017,15,00-0031373,M.Bryant,WR,PIT,NE,0,0,0.0,0,0.0,0.0,0.0,0,0.0,0,6,4,59.0,1,11.9,15.9,,,76.0,211.0,25.889294117647058,3.0,Clemson,2014.0,2014.0,PIT,118.0,-3.0,0.2
2017,16,00-0031373,M.Bryant,WR,PIT,HOU,0,0,0.0,0,0.0,0.0,0.0,1,8.0,0,4,3,60.0,0,6.8,9.8,,,76.0,211.0,25.889294117647058,3.0,Clemson,2014.0,2014.0,PIT,118.0,,0.13333334
2017,17,00-0031373,M.Bryant,WR,PIT,CLE,0,0,0.0,0,0.0,0.0,0.0,0,0.0,0,7,6,65.0,0,6.5,12.5,,,76.0,211.0,25.889294117647058,3.0,Clemson,2014.0,2014.0,PIT,118.0,4.0,0.25925925
2017,19,00-0031373,M.Bryant,WR,PIT,JAX,0,0,0.0,0,0.0,0.0,0.0,0,0.0,0,4,2,78.0,1,13.8,15.8,,,76.0,211.0,25.889294117647058,3.0,Clemson,2014.0,2014.0,PIT,118.0,-3.0,0.07017544
2017,1,00-0031375,T.West,RB,BAL,CIN,0,0,0.0,0,0.0,0.0,0.0,19,80.0,1,1,0,0.0,0,14.0,14.0,,,70.0,225.0,26.769,3.0,Towson,2014.0,2014.0,CLE,94.0,,0.05882353
2017,2,00-0031375,T.West,RB,BAL,CLE,0,0,0.0,0,0.0,0.0,0.0,8,22.0,1,2,2,23.0,0,10.5,12.5,,,70.0,225.0,26.769,3.0,Towson,2014.0,2014.0,CLE,94.0,14.0,0.060606062
2017,3,00-0031375,T.West,RB,BAL,JAX,0,0,0.0,0,0.0,0.0,0.0,6,26.0,0,1,0,0.0,0,0.6,0.6,,,70.0,225.0,26.769,3.0,Towson,2014.0,2014.0,CLE,94.0,,0.037037037
2017,4,00-0031375,T.West,RB,BAL,PIT,0,0,0.0,0,0.0,0.0,0.0,4,-7.0,0,0,0,0.0,0,-0.7,-0.7,,,70.0,225.0,26.769,3.0,Towson,2014.0,2014.0,CLE,94.0,-17.0,
2017,5,00-0031375,T.West,RB,BAL,LV,0,0,0.0,0,0.0,0.0,0.0,2,17.0,0,0,0,0.0,0,1.7,1.7,,,70.0,225.0,26.769,3.0,Towson,2014.0,2014.0,CLE,94.0,,
2017,1,00-0031376,J.McKinnon,RB,MIN,NO,0,0,0.0,0,0.0,0.0,0.0,3,5.0,0,3,3,32.0,0,3.7,6.7,,,69.0,205.0,25.53061111111111,3.0,Georgia Southern,2014.0,2014.0,MIN,96.0,10.0,0.09375
2017,2,00-0031376,J.McKinnon,RB,MIN,PIT,0,0,0.0,0,0.0,0.0,0.0,3,16.0,0,5,3,9.0,0,2.5,5.5,,,69.0,205.0,25.53061111111111,3.0,Georgia Southern,2014.0,2014.0,MIN,96.0,,0.1388889
2017,3,00-0031376,J.McKinnon,RB,MIN,TB,0,0,0.0,0,0.0,0.0,0.0,2,5.0,0,2,2,-1.0,0,0.4,2.4,,,69.0,205.0,25.53061111111111,3.0,Georgia Southern,2014.0,2014.0,MIN,96.0,17.0,0.060606062
2017,4,00-0031376,J.McKinnon,RB,MIN,DET,0,0,0.0,0,0.0,0.0,0.0,2,0.0,0,2,0,0.0,0,-2.0,-2.0,,,69.0,205.0,25.53061111111111,3.0,Georgia Southern,2014.0,2014.0,MIN,96.0,-7.0,0.06666667
2017,5,00-0031376,J.McKinnon,RB,MIN,CHI,0,0,0.0,0,0.0,0.0,0.0,16,95.0,1,6,6,51.0,0,20.6,26.6,,,69.0,205.0,25.53061111111111,3.0,Georgia Southern,2014.0,2014.0,MIN,96.0,,0.1875
2017,6,00-0031376,J.McKinnon,RB,MIN,GB,0,0,0.0,0,0.0,0.0,0.0,15,69.0,1,6,5,30.0,1,19.9,24.9,,,69.0,205.0,25.53061111111111,3.0,Georgia Southern,2014.0,2014.0,MIN,96.0,13.0,0.16666667
2017,7,00-0031376,J.McKinnon,RB,MIN,BAL,0,0,0.0,0,0.0,0.0,0.0,14,47.0,0,3,3,10.0,0,5.7,8.7,,,69.0,205.0,25.53061111111111,3.0,Georgia Southern,2014.0,2014.0,MIN,96.0,8.0,0.09677419
2017,8,00-0031376,J.McKinnon,RB,MIN,CLE,0,0,0.0,0,0.0,0.0,0.0,14,50.0,1,10,6,72.0,0,20.2,26.2,,,69.0,205.0,25.53061111111111,3.0,Georgia Southern,2014.0,2014.0,MIN,96.0,,0.23255815
2017,10,00-0031376,J.McKinnon,RB,MIN,WAS,0,0,0.0,0,0.0,0.0,0.0,10,32.0,0,2,2,15.0,0,4.7,6.7,,,69.0,205.0,25.53061111111111,3.0,Georgia Southern,2014.0,2014.0,MIN,96.0,,0.06896552
2017,11,00-0031376,J.McKinnon,RB,MIN,LA,0,0,0.0,0,0.0,0.0,0.0,14,48.0,0,7,5,12.0,0,6.0,11.0,,,69.0,205.0,25.53061111111111,3.0,Georgia Southern,2014.0,2014.0,MIN,96.0,17.0,0.18421052
2017,12,00-0031376,J.McKinnon,RB,MIN,DET,0,0,0.0,0,0.0,0.0,0.0,13,23.0,0,3,1,31.0,0,5.4,6.4,,,69.0,205.0,25.53061111111111,3.0,Georgia Southern,2014.0,2014.0,MIN,96.0,,0.1
2017,13,00-0031376,J.McKinnon,RB,MIN,ATL,0,0,0.0,0,0.0,0.0,0.0,9,24.0,0,5,5,28.0,1,11.2,16.2,,,69.0,205.0,25.53061111111111,3.0,Georgia Southern,2014.0,2014.0,MIN,96.0,,0.16666667
2017,14,00-0031376,J.McKinnon,RB,MIN,CAR,0,0,0.0,0,0.0,0.0,0.0,7,46.0,0,3,2,9.0,0,5.5,7.5,,,69.0,205.0,25.53061111111111,3.0,Georgia Southern,2014.0,2014.0,MIN,96.0,,0.069767445
2017,15,00-0031376,J.McKinnon,RB,MIN,CIN,0,0,0.0,0,0.0,0.0,0.0,9,24.0,0,8,7,114.0,0,13.8,20.8,,,69.0,205.0,25.53061111111111,3.0,Georgia Southern,2014.0,2014.0,MIN,96.0,27.0,0.32
2017,16,00-0031376,J.McKinnon,RB,MIN,GB,0,0,0.0,0,0.0,0.0,0.0,7,42.0,0,2,1,9.0,0,5.1,6.1,,,69.0,205.0,25.53061111111111,3.0,Georgia Southern,2014.0,2014.0,MIN,96.0,,0.08
2017,17,00-0031376,J.McKinnon,RB,MIN,CHI,0,0,0.0,0,0.0,0.0,0.0,12,44.0,0,1,0,0.0,0,4.4,4.4,,,69.0,205.0,25.53061111111111,3.0,Georgia Southern,2014.0,2014.0,MIN,96.0,13.0,0.035714287
2017,19,00-0031376,J.McKinnon,RB,MIN,NO,0,0,0.0,0,0.0,0.0,0.0,8,34.0,1,4,3,6.0,0,10.0,13.0,,,69.0,205.0,25.53061111111111,3.0,Georgia Southern,2014.0,2014.0,MIN,96.0,5.0,0.1
2017,20,00-0031376,J.McKinnon,RB,MIN,PHI,0,0,0.0,0,0.0,0.0,0.0,10,40.0,0,12,11,86.0,0,12.6,23.6,,,69.0,205.0,25.53061111111111,3.0,Georgia Southern,2014.0,2014.0,MIN,96.0,,0.26086956
2017,1,00-0031381,D.Adams,WR,GB,SEA,0,0,0.0,0,0.0,0.0,0.0,0,0.0,0,7,3,47.0,0,4.7,7.7,,,73.0,215.0,24.865875,3.0,Fresno State,2014.0,2014.0,GB,53.0,8.0,0.16666667
2017,2,00-0031381,D.Adams,WR,GB,ATL,0,0,0.0,0,0.0,0.0,0.0,0,0.0,0,10,8,99.0,1,15.9,23.9,,,73.0,215.0,24.865875,3.0,Fresno State,2014.0,2014.0,GB,53.0,,0.20408164
2017,3,00-0031381,D.Adams,WR,GB,CIN,0,0,0.0,0,0.0,0.0,0.0,0,0.0,0,6,3,60.0,0,6.0,9.0,,,73.0,215.0,24.865875,3.0,Fresno State,2014.0,2014.0,GB,53.0,3.0,0.14285715
2017,4,00-0031381,D.Adams,WR,GB,CHI,0,0,0.0,0,0.0,0.0,0.0,0,0.0,0,5,2,13.0,1,7.3,9.3,,,73.0,215.0,24.865875,3.0,Fresno State,2014.0,2014.0,GB,53.0,21.0,0.18518518
2017,5,00-0031381,D.Adams,WR,GB,DAL,0,0,0.0,0,0.0,0.0,0.0,0,0.0,0,11,7,66.0,2,18.6,25.6,,,73.0,215.0,24.865875,3.0,Fresno State,2014.0,2014.0,GB,53.0,,0.39285713
2017,6,00-0031381,D.Adams,WR,GB,MIN,0,0,0.0,0,0.0,0.0,0.0,0,0.0,0,10,5,54.0,1,11.4,16.4,,,73.0,215.0,24.865875,3.0,Fresno State,2014.0,2014.0,GB,53.0,,0.27027026
2017,7,00-0031381,D.Adams,WR,GB,NO,0,0,0.0,0,0.0,0.0,0.0,0,0.0,0,5,2,12.0,0,1.2,3.2,,,73.0,215.0,24.865875,3.0,Fresno State,2014.0,2014.0,GB,53.0,-9.0,0.2
2017,9,00-0031381,D.Adams,WR,GB,DET,0,0,0.0,0,0.0,0.0,0.0,0,0.0,0,10,7,53.0,0,5.3,12.3,,,73.0,215.0,24.865875,3.0,Fresno State,2014.0,2014.0,GB,53.0,-13.0,0.2631579
2017,10,00-0031381,D.Adams,WR,GB,CHI,0,0,0.0,0,0.0,0.0,0.0,0,0.0,0,8,5,90.0,1,15.0,20.0,,,73.0,215.0,24.865875,3.0,Fresno State,2014.0,2014.0,GB,53.0,,0.33333334
2017,11,00-0031381,D.Adams,WR,GB,BAL,0,0,0.0,0,0.0,0.0,0.0,0,0.0,0,10,8,126.0,0,12.6,20.6,,,73.0,215.0,24.865875,3.0,Fresno State,2014.0,2014.0,GB,53.0,-23.0,0.2857143
2017,12,00-0031381,D.Adams,WR,GB,PIT,0,0,0.0,0,0.0,0.0,0.0,0,0.0,0,8,5,82.0,1,14.2,19.2,,,73.0,215.0,24.865875,3.0,Fresno State,2014.0,2014.0,GB,53.0,,0.32
2017,13,00-0031381,D.Adams,WR,GB,TB,0,0,0.0,0,0.0,0.0,0.0,0,0.0,0,6,4,42.0,0,4.2,8.2,,,73.0,215.0,24.865875,3.0,Fresno State,2014.0,2014.0,GB,53.0,6.0,0.27272728
2017,14,00-0031381,D.Adams,WR,GB,CLE,0,0,0.0,0,0.0,0.0,0.0,0,0.0,0,14,10,84.0,2,20.4,30.4,,,73.0,215.0,24.865875,3.0,Fresno State,2014.0,2014.0,GB,53.0,,0.3043478
2017,15,00-0031381,D.Adams,WR,GB,CAR,0,0,0.0,0,0.0,0.0,0.0,0,0.0,0,7,5,57.0,1,11.7,16.7,,,73.0,215.0,24.865875,3.0,Fresno State,2014.0,2014.0,GB,53.0,,0.1627907
2017,2,00-0031382,J.Landry,WR,MIA,LAC,0,1,0.0,0,0.0,0.0,-0.0,1,-7.0,0,15,13,78.0,0,7.1,20.1,,,71.0,208.0,24.94575,3.0,Louisiana State,2014.0,2014.0,MIA,63.0,,0.44117647
2017,3,00-0031382,J.Landry,WR,MIA,NYJ,0,0,0.0,0,0.0,0.0,0.0,0,0.0,0,11,6,48.0,0,4.8,10.8,,,71.0,208.0,24.94575,3.0,Louisiana State,2014.0,2014.0,MIA,63.0,,0.24444444
2017,4,00-0031382,J.Landry,WR,MIA,NO,0,0,0.0,0,0.0,0.0,0.0,0,0.0,0,7,6,40.0,0,4.0,10.0,,,71.0,208.0,24.94575,3.0,Louisiana State,2014.0,2014.0,MIA,63.0,-20.0,0.25
2017,5,00-0031382,J.Landry,WR,MIA,TEN,0,0,0.0,0,0.0,0.0,0.0,0,0.0,0,10,5,44.0,1,10.4,15.4,,,71.0,208.0,24.94575,3.0,Louisiana State,2014.0,2014.0,MIA,63.0,6.0,0.3846154
2017,6,00-0031382,J.Landry,WR,MIA,ATL,0,0,0.0,0,0.0,0.0,0.0,0,0.0,0,14,8,62.0,1,12.2,20.2,,,71.0,208.0,24.94575,3.0,Louisiana State,2014.0,2014.0,MIA,63.0,,0.42424244
2017,7,00-0031382,J.Landry,WR,MIA,NYJ,0,0,0.0,0,0.0,0.0,0.0,0,0.0,0,11,7,93.0,1,15.3,22.3,,,71.0,208.0,24.94575,3.0,Louisiana State,2014.0,2014.0,MIA,63.0,3.0,0.30555555
2017,8,00-0031382,J.Landry,WR,MIA,BAL,0,0,0.0,0,0.0,0.0,0.0,0,0.0,0,12,5,33.0,0,3.3,8.3,,,71.0,208.0,24.94575,3.0,Louisiana State,2014.0,2014.0,MIA,63.0,,0.27272728
2017,9,00-0031382,J.Landry,WR,MIA,LV,0,0,0.0,0,0.0,0.0,0.0,0,0.0,0,7,6,32.0,1,9.2,15.2,,,71.0,208.0,24.94575,3.0,Louisiana State,2014.0,2014.0,MIA,63.0,-3.0,0.17073171
2017,10,00-0031382,J.Landry,WR,MIA,CAR,0,0,0.0,0,0.0,0.0,0.0,0,0.0,0,10,5,42.0,1,10.2,15.2,,,71.0,208.0,24.94575,3.0,Louisiana State,2014.0,2014.0,MIA,63.0,,0.27027026
2017,11,00-0031382,J.Landry,WR,MIA,TB,0,0,0.0,0,0.0,0.0,0.0,0,0.0,0,11,6,95.0,1,13.5,19.5,,,71.0,208.0,24.94575,3.0,Louisiana State,2014.0,2014.0,MIA,63.0,-10.0,0.30555555
2017,12,00-0031382,J.Landry,WR,MIA,NE,0,0,0.0,0,0.0,0.0,0.0,0,0.0,0,9,8,70.0,0,7.0,15.0,,,71.0,208.0,24.94575,3.0,Louisiana State,2014.0,2014.0,MIA,63.0,,0.27272728
2017,13,00-0031382,J.Landry,WR,MIA,DEN,0,0,0.0,0,0.0,0.0,0.0,0,0.0,0,6,5,62.0,0,6.2,11.2,,,71.0,208.0,24.94575,3.0,Louisiana State,2014.0,2014.0,MIA,63.0,26.0,0.1875
2017,14,00-0031382,J.Landry,WR,MIA,NE,0,0,0.0,0,0.0,0.0,0.0,0,0.0,0,8,8,46.0,2,16.6,24.6,,,71.0,208.0,24.94575,3.0,Louisiana State,2014.0,2014.0,MIA,63.0,7.0,0.23529412
2017,15,00-0031382,J.Landry,WR,MIA,BUF,0,0,0.0,0,0.0,0.0,0.0,0,0.0,0,13,10,99.0,0,9.9,19.9,,,71.0,208.0,24.94575,3.0,Louisiana State,2014.0,2014.0,MIA,63.0,,0.26530612
2017,16,00-0031382,J.Landry,WR,MIA,KC,0,0,0.0,0,0.0,0.0,0.0,0,0.0,0,7,5,51.0,0,3.1,8.1,,,71.0,208.0,24.94575,3.0,Louisiana State,2014.0,2014.0,MIA,63.0,,0.1891892
2017,17,00-0031382,J.Landry,WR,MIA,BUF,0,0,0.0,0,0.0,0.0,0.0,0,0.0,0,10,9,92.0,1,15.2,24.2,,,71.0,208.0,24.94575,3.0,Louisiana State,2014.0,2014.0,MIA,63.0,-6.0,0.23255815
2017,2,00-0031384,R.Rodgers,TE,GB,ATL,0,0,0.0,0,0.0,0.0,0.0,0,0.0,0,4,2,22.0,0,2.2,4.2,,,76.0,257.0,25.7884375,3.0,California,2014.0,2014.0,GB,98.0,,0.08163265
2017,5,00-0031384,R.Rodgers,TE,GB,DAL,0,0,0.0,0,0.0,0.0,0.0,0,0.0,0,1,1,16.0,0,1.6,2.6,,,76.0,257.0,25.7884375,3.0,California,2014.0,2014.0,GB,98.0,,0.035714287
2017,9,00-0031384,R.Rodgers,TE,GB,DET,0,0,0.0,0,0.0,0.0,0.0,0,0.0,0,2,1,5.0,0,0.5,1.5,,,76.0,257.0,25.7884375,3.0,California,2014.0,2014.0,GB,98.0,-13.0,0.05263158
2017,10,00-0031384,R.Rodgers,TE,GB,CHI,0,0,0.0,0,0.0,0.0,0.0,0,0.0,0,1,1,8.0,0,0.8,1.8,,,76.0,257.0,25.7884375,3.0,California,2014.0,2014.0,GB,98.0,,0.041666668
2017,11,00-0031384,R.Rodgers,TE,GB,BAL,0,0,0.0,0,0.0,0.0,0.0,0,0.0,0,1,1,3.0,0,0.3,1.3,,,76.0,257.0,25.7884375,3.0,California,2014.0,2014.0,GB,98.0,-23.0,0.028571429
2017,12,00-0031384,R.Rodgers,TE,GB,PIT,0,0,0.0,0,0.0,0.0,0.0,0,0.0,0,3,1,25.0,0,2.5,3.5,,,76.0,257.0,25.7884375,3.0,California,2014.0,2014.0,GB,98.0,,0.12
2017,13,00-0031384,R.Rodgers,TE,GB,TB,0,0,0.0,0,0.0,0.0,0.0,0,0.0,0,2,1,4.0,0,0.4,1.4,,,76.0,257.0,25.7884375,3.0,California,2014.0,2014.0,GB,98.0,6.0,0.09090909
2017,14,00-0031384,R.Rodgers,TE,GB,CLE,0,0,0.0,0,0.0,0.0,0.0,0,0.0,0,1,0,0.0,0,0.0,0.0,,,76.0,257.0,25.7884375,3.0,California,2014.0,2014.0,GB,98.0,,0.02173913
2017,15,00-0031384,R.Rodgers,TE,GB,CAR,0,0,0.0,0,0.0,0.0,0.0,0,0.0,0,4,4,77.0,1,13.7,17.7,,,76.0,257.0,25.7884375,3.0,California,2014.0,2014.0,GB,98.0,,0.093023255
2017,1,00-0031387,E.Ebron,TE,DET,ARI,0,0,0.0,0,0.0,0.0,0.0,0,0.0,0,3,2,9.0,0,0.9,2.9,,,76.0,253.0,24.57425,3.0,North Carolina,2014.0,2014.0,DET,10.0,12.0,0.07692308
2017,2,00-0031387,E.Ebron,TE,DET,NYG,0,0,0.0,0,0.0,0.0,0.0,0,0.0,0,5,5,42.0,1,10.2,15.2,,,76.0,253.0,24.57425,3.0,North Carolina,2014.0,2014.0,DET,10.0,,0.23809524
2017,3,00-0031387,E.Ebron,TE,DET,ATL,0,0,0.0,0,0.0,0.0,0.0,0,0.0,0,7,2,9.0,0,0.9,2.9,,,76.0,253.0,24.57425,3.0,North Carolina,2014.0,2014.0,DET,10.0,-4.0,0.15555556
2017,4,00-0031387,E.Ebron,TE,DET,MIN,0,0,0.0,0,0.0,0.0,0.0,0,0.0,0,4,2,27.0,0,2.7,4.7,,,76.0,253.0,24.57425,3.0,North Carolina,2014.0,2014.0,DET,10.0,,0.12903225
2017,5,00-0031387,E.Ebron,TE,DET,CAR,0,0,0.0,0,0.0,0.0,0.0,0,0.0,0,4,1,6.0,0,0.6,1.6,,,76.0,253.0,24.57425,3.0,North Carolina,2014.0,2014.0,DET,10.0,-3.0,0.114285715
2017,6,00-0031387,E.Ebron,TE,DET,NO,0,0,0.0,0,0.0,0.0,0.0,0,0.0,0,3,1,9.0,0,0.9,1.9,,,76.0,253.0,24.57425,3.0,North Carolina,2014.0,2014.0,DET,10.0,,0.05882353
2017,8,00-0031387,E.Ebron,TE,DET,PIT,0,0,0.0,0,0.0,0.0,0.0,0,0.0,0,6,2,58.0,0,5.8,7.8,,,76.0,253.0,24.57425,3.0,North Carolina,2014.0,2014.0,DET,10.0,-5.0,0.13333334
2017,9,00-0031387,E.Ebron,TE,DET,GB,0,0,0.0,0,0.0,0.0,0.0,0,0.0,0,4,3,35.0,0,3.5,6.5,,,76.0,253.0,24.57425,3.0,North Carolina,2014.0,2014.0,DET,10.0,,0.121212125
2017,10,00-0031387,E.Ebron,TE,DET,CLE,0,0,0.0,0,0.0,0.0,0.0,0,0.0,0,3,2,39.0,1,9.9,11.9,,,76.0,253.0,24.57425,3.0,North Carolina,2014.0,2014.0,DET,10.0,14.0,0.12
2017,11,00-0031387,E.Ebron,TE,DET,CHI,0,0,0.0,0,0.0,0.0,0.0,0,0.0,0,7,4,49.0,0,4.9,8.9,,,76.0,253.0,24.57425,3.0,North Carolina,2014.0,2014.0,DET,10.0,,0.22580644
2017,12,00-0031387,E.Ebron,TE,DET,MIN,0,0,0.0,0,0.0,0.0,0.0,0,0.0,0,4,4,34.0,0,3.4,7.4,,,76.0,253.0,24.57425,3.0,North Carolina,2014.0,2014.0,DET,10.0,-7.0,0.114285715
2017,13,00-0031387,E.Ebron,TE,DET,BAL,0,0,0.0,0,0.0,0.0,0.0,0,0.0,0,4,4,38.0,0,3.8,7.8,,,76.0,253.0,24.57425,3.0,North Carolina,2014.0,2014.0,DET,10.0,,0.11764706
2017,14,00-0031387,E.Ebron,TE,DET,TB,0,0,0.0,0,0.0,0.0,0.0,0,0.0,0,11,10,94.0,0,7.4,17.4,,,76.0,253.0,24.57425,3.0,North Carolina,2014.0,2014.0,DET,10.0,,0.25
2017,15,00-0031387,E.Ebron,TE,DET,CHI,0,0,0.0,0,0.0,0.0,0.0,0,0.0,0,7,5,33.0,1,9.3,14.3,,,76.0,253.0,24.57425,3.0,North Carolina,2014.0,2014.0,DET,10.0,10.0,0.21212122
2017,16,00-0031387,E.Ebron,TE,DET,CIN,0,0,0.0,0,0.0,0.0,0.0,0,0.0,0,8,5,83.0,1,14.3,19.3,,,76.0,253.0,24.57425,3.0,North Carolina,2014.0,2014.0,DET,10.0,,0.23529412
2017,17,00-0031387,E.Ebron,TE,DET,GB,0,0,0.0,0,0.0,0.0,0.0,0,0.0,0,6,1,9.0,0,0.9,1.9,,,76.0,253.0,24.57425,3.0,North Carolina,2014.0,2014.0,DET,10.0,24.0,0.20689656
2017,2,00-0031390,C.Sims,RB,TB,CHI,0,0,0.0,0,0.0,0.0,0.0,2,2.0,0,3,2,7.0,0,-1.1,0.9,,,72.0,211.0,27.138625,3.0,West Virginia,2014.0,2014.0,TB,69.0,22.0,0.09677419
2017,3,00-0031390,C.Sims,RB,TB,MIN,0,0,0.0,0,0.0,0.0,0.0,2,4.0,0,1,1,9.0,0,1.3,2.3,,,72.0,211.0,27.138625,3.0,West Virginia,2014.0,2014.0,TB,69.0,,0.025
2017,4,00-0031390,C.Sims,RB,TB,NYG,0,0,0.0,0,0.0,0.0,0.0,1,14.0,0,1,1,7.0,0,2.1,3.1,,,72.0,211.0,27.138625,3.0,West Virginia,2014.0,2014.0,TB,69.0,2.0,0.02631579
2017,5,00-0031390,C.Sims,RB,TB,NE,0,0,0.0,0,0.0,0.0,0.0,1,3.0,0,7,5,31.0,0,3.4,8.4,,,72.0,211.0,27.138625,3.0,West Virginia,2014.0,2014.0,TB,69.0,-5.0,0.15555556
2017,6,00-0031390,C.Sims,RB,TB,ARI,0,0,0.0,0,0.0,0.0,0.0,0,0.0,0,5,4,45.0,0,4.5,8.5,,,72.0,211.0,27.138625,3.0,West Virginia,2014.0,2014.0,TB,69.0,,0.11904762
2017,7,00-0031390,C.Sims,RB,TB,BUF,0,0,0.0,0,0.0,0.0,0.0,2,8.0,0,3,2,7.0,0,1.5,3.5,,,72.0,211.0,27.138625,3.0,West Virginia,2014.0,2014.0,TB,69.0,,0.06818182
2017,9,00-0031390,C.Sims,RB,TB,NO,0,0,0.0,0,0.0,0.0,0.0,0,0.0,0,2,2,11.0,0,1.1,3.1,,,72.0,211.0,27.138625,3.0,West Virginia,2014.0,2014.0,TB,69.0,,0.074074075
2017,10,00-0031390,C.Sims,RB,TB,NYJ,0,0,0.0,0,0.0,0.0,0.0,3,20.0,0,4,3,10.0,1,9.0,12.0,,,72.0,211.0,27.138625,3.0,West Virginia,2014.0,2014.0,TB,69.0,5.0,0.11764706
2017,11,00-0031390,C.Sims,RB,TB,MIA,0,0,0.0,0,0.0,0.0,0.0,1,3.0,0,5,3,25.0,0,2.8,5.8,,,72.0,211.0,27.138625,3.0,West Virginia,2014.0,2014.0,TB,69.0,,0.1388889
2017,12,00-0031390,C.Sims,RB,TB,ATL,0,0,0.0,0,0.0,0.0,0.0,1,3.0,0,5,3,26.0,0,2.9,5.9,,,72.0,211.0,27.138625,3.0,West Virginia,2014.0,2014.0,TB,69.0,,0.11363637
2017,13,00-0031390,C.Sims,RB,TB,GB,0,0,0.0,0,0.0,0.0,0.0,3,16.0,0,2,2,35.0,0,5.1,7.1,,,72.0,211.0,27.138625,3.0,West Virginia,2014.0,2014.0,TB,69.0,,0.0625
2017,14,00-0031390,C.Sims,RB,TB,DET,0,0,0.0,0,0.0,0.0,0.0,3,16.0,0,3,2,11.0,0,2.7,4.7,,,72.0,211.0,27.138625,3.0,West Virginia,2014.0,2014.0,TB,69.0,-3.0,0.08108108
2017,15,00-0031390,C.Sims,RB,TB,ATL,0,0,0.0,0,0.0,0.0,0.0,0,0.0,0,4,4,6.0,0,0.6,4.6,,,72.0,211.0,27.138625,3.0,West Virginia,2014.0,2014.0,TB,69.0,-3.0,0.121212125
2017,16,00-0031390,C.Sims,RB,TB,CAR,0,0,0.0,0,0.0,0.0,0.0,1,0.0,0,1,1,19.0,0,1.9,2.9,,,72.0,211.0,27.138625,3.0,West Virginia,2014.0,2014.0,TB,69.0,,0.037037037
2017,17,00-0031390,C.Sims,RB,TB,NO,0,0,0.0,0,0.0,0.0,0.0,1,6.0,0,1,0,0.0,0,0.6,0.6,,,72.0,211.0,27.138625,3.0,West Virginia,2014.0,2014.0,TB,69.0,7.0,0.02
2017,1,00-0031407,B.Bortles,QB,JAX,HOU,11,21,125.0,1,0.0,0.0,-0.0,3,13.0,0,0,0,0.0,0,10.3,10.3,,,77.0,236.0,25.553526315789473,3.0,Central Florida,2014.0,2014.0,JAX,3.0,,
2017,2,00-0031407,B.Bortles,QB,JAX,TEN,20,34,223.0,1,2.0,2.0,12.0,4,29.0,0,0,0,0.0,0,9.82,9.82,,,77.0,236.0,25.553526315789473,3.0,Central Florida,2014.0,2014.0,JAX,3.0,-21.0,
2017,3,00-0031407,B.Bortles,QB,JAX,BAL,20,31,244.0,4,0.0,0.0,-0.0,3,18.0,0,0,0,0.0,0,27.56,27.56,,,77.0,236.0,25.553526315789473,3.0,Central Florida,2014.0,2014.0,JAX,3.0,37.0,
2017,4,00-0031407,B.Bortles,QB,JAX,NYJ,15,35,140.0,1,1.0,1.0,4.0,4,38.0,0,0,0,0.0,0,11.4,11.4,,,77.0,236.0,25.553526315789473,3.0,Central Florida,2014.0,2014.0,JAX,3.0,,
2017,5,00-0031407,B.Bortles,QB,JAX,PIT,8,14,95.0,0,1.0,2.0,13.0,1,9.0,0,0,0,0.0,0,2.7,2.7,,,77.0,236.0,25.553526315789473,3.0,Central Florida,2014.0,2014.0,JAX,3.0,,
2017,6,00-0031407,B.Bortles,QB,JAX,LA,23,35,241.0,1,1.0,5.0,21.0,2,19.0,0,0,0,0.0,0,13.54,13.54,,,77.0,236.0,25.553526315789473,3.0,Central Florida,2014.0,2014.0,JAX,3.0,-10.0,
2017,7,00-0031407,B.Bortles,QB,JAX,IND,18,26,330.0,1,0.0,1.0,-0.0,4,11.0,0,0,0,0.0,0,16.3,16.3,,,77.0,236.0,25.553526315789473,3.0,Central Florida,2014.0,2014.0,JAX,3.0,,
2017,9,00-0031407,B.Bortles,QB,JAX,CIN,24,38,259.0,1,0.0,0.0,-0.0,5,20.0,0,0,0,0.0,0,16.36,16.36,,,77.0,236.0,25.553526315789473,3.0,Central Florida,2014.0,2014.0,JAX,3.0,16.0,
2017,10,00-0031407,B.Bortles,QB,JAX,LAC,28,51,273.0,1,2.0,3.0,10.0,5,34.0,0,0,0,0.0,0,16.32,16.32,,,77.0,236.0,25.553526315789473,3.0,Central Florida,2014.0,2014.0,JAX,3.0,3.0,
2017,11,00-0031407,B.Bortles,QB,JAX,CLE,17,30,154.0,1,0.0,2.0,9.0,4,4.0,0,0,0,0.0,0,8.56,8.56,,,77.0,236.0,25.553526315789473,3.0,Central Florida,2014.0,2014.0,JAX,3.0,,
2017,12,00-0031407,B.Bortles,QB,JAX,ARI,19,33,160.0,0,1.0,3.0,32.0,6,62.0,2,0,0,0.0,0,22.6,22.6,,,77.0,236.0,25.553526315789473,3.0,Central Florida,2014.0,2014.0,JAX,3.0,,
2017,13,00-0031407,B.Bortles,QB,JAX,IND,26,35,309.0,2,0.0,1.0,8.0,3,27.0,0,0,0,0.0,0,25.06,25.06,,,77.0,236.0,25.553526315789473,3.0,Central Florida,2014.0,2014.0,JAX,3.0,20.0,
2017,14,00-0031407,B.Bortles,QB,JAX,SEA,18,27,268.0,2,0.0,0.0,-0.0,7,-2.0,0,0,0,0.0,0,18.52,18.52,,,77.0,236.0,25.553526315789473,3.0,Central Florida,2014.0,2014.0,JAX,3.0,6.0,
2017,15,00-0031407,B.Bortles,QB,JAX,HOU,21,29,326.0,3,0.0,1.0,-0.0,0,0.0,0,0,0,0.0,0,25.04,25.04,,,77.0,236.0,25.553526315789473,3.0,Central Florida,2014.0,2014.0,JAX,3.0,38.0,
2017,16,00-0031407,B.Bortles,QB,JAX,SF,32,50,382.0,2,3.0,1.0,2.0,5,31.0,0,0,0,0.0,0,22.38,22.38,,,77.0,236.0,25.553526315789473,3.0,Central Florida,2014.0,2014.0,JAX,3.0,,
2017,17,00-0031407,B.Bortles,QB,JAX,TEN,15,34,158.0,0,2.0,2.0,12.0,1,9.0,0,0,0,0.0,0,3.22,3.22,,,77.0,236.0,25.553526315789473,3.0,Central Florida,2014.0,2014.0,JAX,3.0,,
2017,18,00-0031407,B.Bortles,QB,JAX,BUF,12,23,87.0,1,0.0,2.0,12.0,10,88.0,0,0,0,0.0,0,16.28,16.28,,,77.0,236.0,25.553526315789473,3.0,Central Florida,2014.0,2014.0,JAX,3.0,7.0,
2017,19,00-0031407,B.Bortles,QB,JAX,PIT,14,26,214.0,1,0.0,0.0,-0.0,5,35.0,0,0,0,0.0,0,16.06,16.06,,,77.0,236.0,25.553526315789473,3.0,Central Florida,2014.0,2014.0,JAX,3.0,,
2017,20,00-0031407,B.Bortles,QB,JAX,NE,23,36,293.0,1,0.0,3.0,20.0,2,-2.0,0,0,0,0.0,0,15.52,15.52,,,77.0,236.0,25.553526315789473,3.0,Central Florida,2014.0,2014.0,JAX,3.0,,
2017,2,00-0031408,M.Evans,WR,TB,CHI,0,0,0.0,0,0.0,0.0,0.0,0,0.0,0,9,7,93.0,1,15.3,22.3,,,77.0,231.0,24.2173125,3.0,Texas A&amp;M,2014.0,2014.0,TB,7.0,22.0,0.29032257
2017,3,00-0031408,M.Evans,WR,TB,MIN,0,0,0.0,0,0.0,0.0,0.0,0,0.0,0,12,7,67.0,0,6.7,13.7,,,77.0,231.0,24.2173125,3.0,Texas A&amp;M,2014.0,2014.0,TB,7.0,,0.3
2017,4,00-0031408,M.Evans,WR,TB,NYG,0,0,0.0,0,0.0,0.0,0.0,0,0.0,0,11,5,67.0,1,12.7,17.7,,,77.0,231.0,24.2173125,3.0,Texas A&amp;M,2014.0,2014.0,TB,7.0,2.0,0.28947368
2017,5,00-0031408,M.Evans,WR,TB,NE,0,0,0.0,0,0.0,0.0,0.0,0,0.0,0,8,5,49.0,0,4.9,9.9,,,77.0,231.0,24.2173125,3.0,Texas A&amp;M,2014.0,2014.0,TB,7.0,-5.0,0.17777778
2017,6,00-0031408,M.Evans,WR,TB,ARI,0,0,0.0,0,0.0,0.0,0.0,0,0.0,0,8,3,95.0,1,15.5,18.5,,,77.0,231.0,24.2173125,3.0,Texas A&amp;M,2014.0,2014.0,TB,7.0,,0.1904762
2017,7,00-0031408,M.Evans,WR,TB,BUF,0,0,0.0,0,0.0,0.0,0.0,0,0.0,0,10,7,88.0,1,14.8,21.8,,,77.0,231.0,24.2173125,3.0,Texas A&amp;M,2014.0,2014.0,TB,7.0,,0.22727273
2017,8,00-0031408,M.Evans,WR,TB,CAR,0,0,0.0,0,0.0,0.0,0.0,0,0.0,0,10,5,60.0,0,6.0,11.0,,,77.0,231.0,24.2173125,3.0,Texas A&amp;M,2014.0,2014.0,TB,7.0,-14.0,0.2777778
2017,9,00-0031408,M.Evans,WR,TB,NO,0,0,0.0,0,0.0,0.0,0.0,0,0.0,0,6,1,13.0,0,1.3,2.3,,,77.0,231.0,24.2173125,3.0,Texas A&amp;M,2014.0,2014.0,TB,7.0,,0.22222222
2017,11,00-0031408,M.Evans,WR,TB,MIA,0,0,0.0,0,0.0,0.0,0.0,0,0.0,0,10,5,92.0,0,9.2,14.2,,,77.0,231.0,24.2173125,3.0,Texas A&amp;M,2014.0,2014.0,TB,7.0,,0.2777778
2017,12,00-0031408,M.Evans,WR,TB,ATL,0,0,0.0,0,0.0,0.0,0.0,0,0.0,0,12,6,78.0,0,7.8,13.8,,,77.0,231.0,24.2173125,3.0,Texas A&amp;M,2014.0,2014.0,TB,7.0,,0.27272728
2017,13,00-0031408,M.Evans,WR,TB,GB,0,0,0.0,0,0.0,0.0,0.0,0,0.0,0,6,2,33.0,0,3.3,5.3,,,77.0,231.0,24.2173125,3.0,Texas A&amp;M,2014.0,2014.0,TB,7.0,,0.1875
2017,14,00-0031408,M.Evans,WR,TB,DET,0,0,0.0,0,0.0,0.0,0.0,0,0.0,0,5,2,25.0,0,2.5,4.5,,,77.0,231.0,24.2173125,3.0,Texas A&amp;M,2014.0,2014.0,TB,7.0,-3.0,0.13513513
2017,15,00-0031408,M.Evans,WR,TB,ATL,0,0,0.0,0,0.0,0.0,0.0,0,0.0,0,8,5,79.0,1,13.9,18.9,,,77.0,231.0,24.2173125,3.0,Texas A&amp;M,2014.0,2014.0,TB,7.0,-3.0,0.24242425
2017,16,00-0031408,M.Evans,WR,TB,CAR,0,0,0.0,0,0.0,0.0,0.0,0,0.0,0,8,6,107.0,0,10.7,16.7,,,77.0,231.0,24.2173125,3.0,Texas A&amp;M,2014.0,2014.0,TB,7.0,,0.2962963
2017,17,00-0031408,M.Evans,WR,TB,NO,0,0,0.0,0,0.0,0.0,0.0,0,0.0,0,13,5,55.0,0,7.5,12.5,,,77.0,231.0,24.2173125,3.0,Texas A&amp;M,2014.0,2014.0,TB,7.0,7.0,0.26
2017,3,00-0031418,A.Seferian-Jenkins,TE,NYJ,MIA,0,0,0.0,0,0.0,0.0,0.0,0,0.0,0,6,5,31.0,0,3.1,8.1,,,77.0,262.0,25.097625,3.0,Washington,2014.0,2014.0,TB,38.0,14.0,0.26086956
2017,4,00-0031418,A.Seferian-Jenkins,TE,NYJ,JAX,0,0,0.0,0,0.0,0.0,0.0,0,0.0,0,4,4,46.0,0,4.6,8.6,,,77.0,262.0,25.097625,3.0,Washington,2014.0,2014.0,TB,38.0,3.0,0.12903225
2017,5,00-0031418,A.Seferian-Jenkins,TE,NYJ,CLE,0,0,0.0,0,0.0,0.0,0.0,0,0.0,0,8,6,29.0,1,8.9,14.9,,,77.0,262.0,25.097625,3.0,Washington,2014.0,2014.0,TB,38.0,,0.26666668
2017,6,00-0031418,A.Seferian-Jenkins,TE,NYJ,NE,0,0,0.0,0,0.0,0.0,0.0,0,0.0,0,11,8,46.0,1,10.6,18.6,,,77.0,262.0,25.097625,3.0,Washington,2014.0,2014.0,TB,38.0,-7.0,0.24444444
2017,7,00-0031418,A.Seferian-Jenkins,TE,NYJ,MIA,0,0,0.0,0,0.0,0.0,0.0,0,0.0,0,5,3,21.0,1,8.1,11.1,,,77.0,262.0,25.097625,3.0,Washington,2014.0,2014.0,TB,38.0,,0.1923077
2017,8,00-0031418,A.Seferian-Jenkins,TE,NYJ,ATL,0,0,0.0,0,0.0,0.0,0.0,0,0.0,0,5,5,28.0,0,2.8,7.8,,,77.0,262.0,25.097625,3.0,Washington,2014.0,2014.0,TB,38.0,-5.0,0.15625
2017,9,00-0031418,A.Seferian-Jenkins,TE,NYJ,BUF,0,0,0.0,0,0.0,0.0,0.0,0,0.0,0,2,2,20.0,0,2.0,4.0,,,77.0,262.0,25.097625,3.0,Washington,2014.0,2014.0,TB,38.0,13.0,0.1
2017,10,00-0031418,A.Seferian-Jenkins,TE,NYJ,TB,0,0,0.0,0,0.0,0.0,0.0,0,0.0,0,9,6,67.0,0,6.7,12.7,,,77.0,262.0,25.097625,3.0,Washington,2014.0,2014.0,TB,38.0,,0.23076923
2017,12,00-0031418,A.Seferian-Jenkins,TE,NYJ,CAR,0,0,0.0,0,0.0,0.0,0.0,0,0.0,0,7,2,27.0,0,2.7,4.7,,,77.0,262.0,25.097625,3.0,Washington,2014.0,2014.0,TB,38.0,-8.0,0.20588236
2017,13,00-0031418,A.Seferian-Jenkins,TE,NYJ,KC,0,0,0.0,0,0.0,0.0,0.0,0,0.0,0,3,2,7.0,0,0.7,2.7,,,77.0,262.0,25.097625,3.0,Washington,2014.0,2014.0,TB,38.0,7.0,0.0882353
2017,14,00-0031418,A.Seferian-Jenkins,TE,NYJ,DEN,0,0,0.0,0,0.0,0.0,0.0,0,0.0,0,4,1,1.0,0,0.1,1.1,,,77.0,262.0,25.097625,3.0,Washington,2014.0,2014.0,TB,38.0,,0.1904762
2017,15,00-0031418,A.Seferian-Jenkins,TE,NYJ,NO,0,0,0.0,0,0.0,0.0,0.0,0,0.0,0,2,2,13.0,0,1.3,3.3,,,77.0,262.0,25.097625,3.0,Washington,2014.0,2014.0,TB,38.0,,0.057142857
2017,16,00-0031418,A.Seferian-Jenkins,TE,NYJ,LAC,0,0,0.0,0,0.0,0.0,0.0,0,0.0,0,8,4,21.0,0,2.1,6.1,,,77.0,262.0,25.097625,3.0,Washington,2014.0,2014.0,TB,38.0,-7.0,0.2857143
2017,1,00-0031420,K.Redfern,P,DET,ARI,0,0,0.0,0,0.0,0.0,0.0,1,10.0,0,0,0,0.0,0,1.0,1.0,,,73.0,205.0,26.1129375,3.0,Wofford,2014.0,2014.0,,,12.0,
2017,1,00-0031428,A.Robinson,WR,JAX,HOU,0,0,0.0,0,0.0,0.0,0.0,0,0.0,0,1,1,17.0,0,1.7,2.7,,,75.0,211.0,24.23121052631579,3.0,Penn State,2014.0,2014.0,JAX,61.0,,0.04761905
2017,1,00-0031431,M.Lee,WR,JAX,HOU,0,0,0.0,0,0.0,0.0,0.0,0,0.0,0,4,0,0.0,0,0.0,0.0,,,72.0,196.0,25.977842105263157,3.0,Southern California,2014.0,2014.0,JAX,39.0,,0.1904762
2017,2,00-0031431,M.Lee,WR,JAX,TEN,0,0,0.0,0,0.0,0.0,0.0,0,0.0,0,12,7,76.0,0,7.6,14.6,,,72.0,196.0,25.977842105263157,3.0,Southern California,2014.0,2014.0,JAX,39.0,-21.0,0.3529412
2017,3,00-0031431,M.Lee,WR,JAX,BAL,0,0,0.0,0,0.0,0.0,0.0,0,0.0,0,7,4,65.0,0,6.5,10.5,,,72.0,196.0,25.977842105263157,3.0,Southern California,2014.0,2014.0,JAX,39.0,37.0,0.23333333
2017,4,00-0031431,M.Lee,WR,JAX,NYJ,0,0,0.0,0,0.0,0.0,0.0,0,0.0,0,3,2,18.0,0,1.8,3.8,,,72.0,196.0,25.977842105263157,3.0,Southern California,2014.0,2014.0,JAX,39.0,,0.08571429
2017,5,00-0031431,M.Lee,WR,JAX,PIT,0,0,0.0,0,0.0,0.0,0.0,0,0.0,0,4,2,49.0,0,4.9,6.9,,,72.0,196.0,25.977842105263157,3.0,Southern California,2014.0,2014.0,JAX,39.0,,0.2857143
2017,6,00-0031431,M.Lee,WR,JAX,LA,0,0,0.0,0,0.0,0.0,0.0,1,17.0,0,10,5,83.0,0,10.0,15.0,,,72.0,196.0,25.977842105263157,3.0,Southern California,2014.0,2014.0,JAX,39.0,-10.0,0.2857143
2017,7,00-0031431,M.Lee,WR,JAX,IND,0,1,0.0,0,0.0,0.0,-0.0,0,0.0,0,6,4,72.0,0,7.2,11.2,,,72.0,196.0,25.977842105263157,3.0,Southern California,2014.0,2014.0,JAX,39.0,,0.22222222
2017,9,00-0031431,M.Lee,WR,JAX,CIN,0,0,0.0,0,0.0,0.0,0.0,0,0.0,0,12,8,75.0,1,13.5,21.5,,,72.0,196.0,25.977842105263157,3.0,Southern California,2014.0,2014.0,JAX,39.0,16.0,0.3243243
2017,10,00-0031431,M.Lee,WR,JAX,LAC,0,0,0.0,0,0.0,0.0,0.0,0,0.0,0,11,6,55.0,1,13.5,19.5,,,72.0,196.0,25.977842105263157,3.0,Southern California,2014.0,2014.0,JAX,39.0,3.0,0.21568628
2017,11,00-0031431,M.Lee,WR,JAX,CLE,0,0,0.0,0,0.0,0.0,0.0,0,0.0,0,9,5,45.0,0,4.5,9.5,,,72.0,196.0,25.977842105263157,3.0,Southern California,2014.0,2014.0,JAX,39.0,,0.31034482
2017,12,00-0031431,M.Lee,WR,JAX,ARI,0,0,0.0,0,0.0,0.0,0.0,0,0.0,0,2,1,13.0,0,1.3,2.3,,,72.0,196.0,25.977842105263157,3.0,Southern California,2014.0,2014.0,JAX,39.0,,0.0625
2017,13,00-0031431,M.Lee,WR,JAX,IND,0,0,0.0,0,0.0,0.0,0.0,0,0.0,0,10,7,86.0,1,14.6,21.6,,,72.0,196.0,25.977842105263157,3.0,Southern California,2014.0,2014.0,JAX,39.0,20.0,0.2857143
2017,14,00-0031431,M.Lee,WR,JAX,SEA,0,0,0.0,0,0.0,0.0,0.0,0,0.0,0,6,5,65.0,0,6.5,11.5,,,72.0,196.0,25.977842105263157,3.0,Southern California,2014.0,2014.0,JAX,39.0,6.0,0.22222222
2017,18,00-0031431,M.Lee,WR,JAX,BUF,0,0,0.0,0,0.0,0.0,0.0,1,5.0,0,1,0,0.0,0,0.5,0.5,,,72.0,196.0,25.977842105263157,3.0,Southern California,2014.0,2014.0,JAX,39.0,7.0,0.045454547
2017,19,00-0031431,M.Lee,WR,JAX,PIT,0,0,0.0,0,0.0,0.0,0.0,0,0.0,0,6,3,28.0,0,2.8,5.8,,,72.0,196.0,25.977842105263157,3.0,Southern California,2014.0,2014.0,JAX,39.0,,0.24
2017,20,00-0031431,M.Lee,WR,JAX,NE,0,0,0.0,0,0.0,0.0,0.0,0,0.0,0,8,4,41.0,0,4.1,8.1,,,72.0,196.0,25.977842105263157,3.0,Southern California,2014.0,2014.0,JAX,39.0,,0.22222222
2017,7,00-0031484,C.Manhertz,TE,CAR,CHI,0,0,0.0,0,0.0,0.0,0.0,0,0.0,0,2,1,11.0,0,1.1,2.1,,,78.0,255.0,25.579117647058826,2.0,Canisius,2015.0,2015.0,,,,0.05882353
2017,13,00-0031484,C.Manhertz,TE,CAR,NO,0,0,0.0,0,0.0,0.0,0.0,0,0.0,0,1,0,0.0,0,0.0,0.0,,,78.0,255.0,25.579117647058826,2.0,Canisius,2015.0,2015.0,,,,0.035714287
2017,14,00-0031484,C.Manhertz,TE,CAR,MIN,0,0,0.0,0,0.0,0.0,0.0,0,0.0,0,1,1,6.0,0,0.6,1.6,,,78.0,255.0,25.579117647058826,2.0,Canisius,2015.0,2015.0,,,7.0,0.04347826
2017,2,00-0031503,J.Winston,QB,TB,CHI,18,30,204.0,1,0.0,2.0,10.0,1,3.0,0,0,0,0.0,0,12.46,12.46,,,76.0,231.0,23.8394375,2.0,Florida State,2015.0,2015.0,TB,1.0,22.0,
2017,3,00-0031503,J.Winston,QB,TB,MIN,28,40,328.0,2,3.0,2.0,12.0,1,4.0,0,0,0,0.0,0,15.52,15.52,,,76.0,231.0,23.8394375,2.0,Florida State,2015.0,2015.0,TB,1.0,,
2017,4,00-0031503,J.Winston,QB,TB,NYG,22,38,332.0,3,0.0,1.0,9.0,4,12.0,0,0,0,0.0,0,26.48,26.48,,,76.0,231.0,23.8394375,2.0,Florida State,2015.0,2015.0,TB,1.0,2.0,
2017,5,00-0031503,J.Winston,QB,TB,NE,26,46,334.0,1,0.0,2.0,15.0,3,11.0,0,0,0,0.0,0,18.46,18.46,,,76.0,231.0,23.8394375,2.0,Florida State,2015.0,2015.0,TB,1.0,-5.0,
2017,6,00-0031503,J.Winston,QB,TB,ARI,5,10,61.0,0,0.0,0.0,-0.0,0,0.0,0,0,0,0.0,0,2.44,2.44,,,76.0,231.0,23.8394375,2.0,Florida State,2015.0,2015.0,TB,1.0,,
2017,7,00-0031503,J.Winston,QB,TB,BUF,32,44,384.0,3,1.0,1.0,6.0,1,0.0,0,0,0,0.0,0,23.36,23.36,,,76.0,231.0,23.8394375,2.0,Florida State,2015.0,2015.0,TB,1.0,,
2017,8,00-0031503,J.Winston,QB,TB,CAR,21,38,210.0,0,2.0,3.0,16.0,3,13.0,0,0,0,0.0,0,3.7,3.7,,,76.0,231.0,23.8394375,2.0,Florida State,2015.0,2015.0,TB,1.0,-14.0,
2017,9,00-0031503,J.Winston,QB,TB,NO,7,13,67.0,0,0.0,2.0,12.0,2,8.0,0,0,0,0.0,0,3.48,3.48,,,76.0,231.0,23.8394375,2.0,Florida State,2015.0,2015.0,TB,1.0,,
2017,13,00-0031503,J.Winston,QB,TB,GB,21,32,270.0,2,0.0,7.0,40.0,5,18.0,0,0,0,0.0,0,18.6,18.6,,,76.0,231.0,23.8394375,2.0,Florida State,2015.0,2015.0,TB,1.0,,
2017,14,00-0031503,J.Winston,QB,TB,DET,26,38,285.0,2,2.0,3.0,18.0,2,10.0,0,0,0,0.0,0,14.4,14.4,,,76.0,231.0,23.8394375,2.0,Florida State,2015.0,2015.0,TB,1.0,-3.0,
2017,15,00-0031503,J.Winston,QB,TB,ATL,27,35,299.0,3,0.0,2.0,10.0,3,18.0,0,0,0,0.0,0,25.76,25.76,,,76.0,231.0,23.8394375,2.0,Florida State,2015.0,2015.0,TB,1.0,-3.0,
2017,16,00-0031503,J.Winston,QB,TB,CAR,21,27,367.0,1,0.0,6.0,41.0,3,6.0,0,0,0,0.0,0,13.28,13.28,,,76.0,231.0,23.8394375,2.0,Florida State,2015.0,2015.0,TB,1.0,,
2017,17,00-0031503,J.Winston,QB,TB,NO,28,51,363.0,1,3.0,2.0,18.0,5,32.0,1,0,0,0.0,0,23.72,23.72,,,76.0,231.0,23.8394375,2.0,Florida State,2015.0,2015.0,TB,1.0,7.0,
2017,14,00-0031511,D.White,WR,HOU,SF,0,0,0.0,0,0.0,0.0,0.0,0,0.0,0,6,1,24.0,0,2.4,3.4,,,72.0,192.0,26.05825,2.0,Alabama,2015.0,2015.0,,,-10.0,0.16216215
2017,15,00-0031511,D.White,WR,HOU,JAX,0,0,0.0,0,0.0,0.0,0.0,0,0.0,0,1,0,0.0,0,0.0,0.0,,,72.0,192.0,26.05825,2.0,Alabama,2015.0,2015.0,,,,0.03448276
2017,14,00-0031512,J.Whitehead,FS,GB,CLE,0,0,0.0,0,0.0,0.0,0.0,1,7.0,0,0,0,0.0,0,0.7,0.7,,,71.0,195.0,24.65225,2.0,Auburn,2015.0,2015.0,,,,
2017,1,00-0031514,Q.Bray,WR,IND,LA,0,0,0.0,0,0.0,0.0,0.0,0,0.0,0,1,0,0.0,0,0.0,0.0,,,70.0,183.0,24.53035294117647,2.0,Auburn,2015.0,2015.0,,,,0.04761905
2017,3,00-0031514,Q.Bray,WR,IND,CLE,0,0,0.0,0,0.0,0.0,0.0,0,0.0,0,1,1,22.0,0,2.2,3.2,,,70.0,183.0,24.53035294117647,2.0,Auburn,2015.0,2015.0,,,3.0,0.041666668
2017,7,00-0031514,Q.Bray,WR,IND,JAX,0,0,0.0,0,0.0,0.0,0.0,0,0.0,0,2,2,17.0,0,1.7,3.7,,,70.0,183.0,24.53035294117647,2.0,Auburn,2015.0,2015.0,,,-27.0,0.054054055
2017,2,00-0031533,R.Telfer,TE,CLE,BAL,0,0,0.0,0,0.0,0.0,0.0,0,0.0,0,1,1,20.0,0,2.0,3.0,,,76.0,250.0,25.4729375,2.0,Southern California,2015.0,2015.0,CLE,198.0,,0.023809524
2017,3,00-0031533,R.Telfer,TE,CLE,IND,0,0,0.0,0,0.0,0.0,0.0,0,0.0,0,1,1,4.0,0,0.4,1.4,,,76.0,250.0,25.4729375,2.0,Southern California,2015.0,2015.0,CLE,198.0,,0.02173913
2017,14,00-0031533,R.Telfer,TE,CLE,GB,0,0,0.0,0,0.0,0.0,0.0,0,0.0,0,2,1,12.0,0,1.2,2.2,,,76.0,250.0,25.4729375,2.0,Southern California,2015.0,2015.0,CLE,198.0,-6.0,0.071428575
2017,1,00-0031544,A.Cooper,WR,LV,TEN,0,0,0.0,0,0.0,0.0,0.0,0,0.0,0,13,5,62.0,1,12.2,17.2,,,73.0,211.0,23.38525,2.0,Alabama,2015.0,2015.0,OAK,4.0,,0.40625
2017,2,00-0031544,A.Cooper,WR,LV,NYJ,0,0,0.0,0,0.0,0.0,0.0,0,0.0,0,5,4,33.0,0,3.3,7.3,,,73.0,211.0,23.38525,2.0,Alabama,2015.0,2015.0,OAK,4.0,,0.17857143
2017,3,00-0031544,A.Cooper,WR,LV,WAS,0,0,0.0,0,0.0,0.0,0.0,0,0.0,0,5,1,6.0,0,0.6,1.6,,,73.0,211.0,23.38525,2.0,Alabama,2015.0,2015.0,OAK,4.0,,0.16666667
2017,4,00-0031544,A.Cooper,WR,LV,DEN,0,0,0.0,0,0.0,0.0,0.0,0,0.0,0,8,2,9.0,0,0.9,2.9,,,73.0,211.0,23.38525,2.0,Alabama,2015.0,2015.0,OAK,4.0,,0.22857143
2017,5,00-0031544,A.Cooper,WR,LV,BAL,0,0,0.0,0,0.0,0.0,0.0,0,0.0,0,2,1,8.0,0,0.8,1.8,,,73.0,211.0,23.38525,2.0,Alabama,2015.0,2015.0,OAK,4.0,,0.08
2017,6,00-0031544,A.Cooper,WR,LV,LAC,0,0,0.0,0,0.0,0.0,0.0,0,0.0,0,6,5,28.0,0,2.8,7.8,,,73.0,211.0,23.38525,2.0,Alabama,2015.0,2015.0,OAK,4.0,,0.2
2017,7,00-0031544,A.Cooper,WR,LV,KC,0,0,0.0,0,0.0,0.0,0.0,0,0.0,0,19,11,210.0,2,33.0,44.0,,,73.0,211.0,23.38525,2.0,Alabama,2015.0,2015.0,OAK,4.0,,0.3653846
2017,8,00-0031544,A.Cooper,WR,LV,BUF,0,0,0.0,0,0.0,0.0,0.0,1,4.0,0,10,5,48.0,0,5.2,10.2,,,73.0,211.0,23.38525,2.0,Alabama,2015.0,2015.0,OAK,4.0,,0.20408164
2017,9,00-0031544,A.Cooper,WR,LV,MIA,0,0,0.0,0,0.0,0.0,0.0,0,0.0,0,9,4,58.0,0,5.8,9.8,,,73.0,211.0,23.38525,2.0,Alabama,2015.0,2015.0,OAK,4.0,,0.31034482
2017,11,00-0031544,A.Cooper,WR,LV,NE,0,0,0.0,0,0.0,0.0,0.0,0,0.0,0,7,3,28.0,1,8.8,11.8,,,73.0,211.0,23.38525,2.0,Alabama,2015.0,2015.0,OAK,4.0,,0.14285715
2017,12,00-0031544,A.Cooper,WR,LV,DEN,0,0,0.0,0,0.0,0.0,0.0,0,0.0,0,1,1,9.0,1,6.9,7.9,,,73.0,211.0,23.38525,2.0,Alabama,2015.0,2015.0,OAK,4.0,,0.041666668
2017,14,00-0031544,A.Cooper,WR,LV,KC,0,0,0.0,0,0.0,0.0,0.0,0,0.0,0,1,0,0.0,0,0.0,0.0,,,73.0,211.0,23.38525,2.0,Alabama,2015.0,2015.0,OAK,4.0,,0.024390243
2017,16,00-0031544,A.Cooper,WR,LV,PHI,0,0,0.0,0,0.0,0.0,0.0,0,0.0,0,4,3,66.0,1,12.6,15.6,,,73.0,211.0,23.38525,2.0,Alabama,2015.0,2015.0,OAK,4.0,,0.14285715
2017,17,00-0031544,A.Cooper,WR,LV,LAC,0,0,0.0,0,0.0,0.0,0.0,0,0.0,0,6,3,115.0,1,17.5,20.5,,,73.0,211.0,23.38525,2.0,Alabama,2015.0,2015.0,OAK,4.0,,0.22222222
2017,1,00-0031545,K.White,WR,CHI,ATL,0,0,0.0,0,0.0,0.0,0.0,0,0.0,0,4,2,6.0,0,0.6,2.6,,,75.0,216.0,25.3629375,2.0,West Virginia,2015.0,2015.0,CHI,7.0,-6.0,0.1
2017,2,00-0031547,D.Parker,WR,MIA,LAC,0,0,0.0,0,0.0,0.0,0.0,0,0.0,0,9,4,85.0,0,8.5,12.5,,,75.0,212.0,24.8006875,2.0,Louisville,2015.0,2015.0,MIA,14.0,,0.2647059
2017,3,00-0031547,D.Parker,WR,MIA,NYJ,0,0,0.0,0,0.0,0.0,0.0,0,0.0,0,10,8,76.0,1,13.6,21.6,,,75.0,212.0,24.8006875,2.0,Louisville,2015.0,2015.0,MIA,14.0,,0.22222222
2017,4,00-0031547,D.Parker,WR,MIA,NO,0,0,0.0,0,0.0,0.0,0.0,0,0.0,0,8,6,69.0,0,6.9,12.9,,,75.0,212.0,24.8006875,2.0,Louisville,2015.0,2015.0,MIA,14.0,-20.0,0.2857143
2017,5,00-0031547,D.Parker,WR,MIA,TEN,0,0,0.0,0,0.0,0.0,0.0,0,0.0,0,1,1,6.0,0,0.6,1.6,,,75.0,212.0,24.8006875,2.0,Louisville,2015.0,2015.0,MIA,14.0,6.0,0.03846154
2017,9,00-0031547,D.Parker,WR,MIA,LV,0,0,0.0,0,0.0,0.0,0.0,0,0.0,0,8,5,76.0,0,7.6,12.6,,,75.0,212.0,24.8006875,2.0,Louisville,2015.0,2015.0,MIA,14.0,-3.0,0.19512194
2017,10,00-0031547,D.Parker,WR,MIA,CAR,0,0,0.0,0,0.0,0.0,0.0,0,0.0,0,9,6,66.0,0,6.6,12.6,,,75.0,212.0,24.8006875,2.0,Louisville,2015.0,2015.0,MIA,14.0,,0.24324325
2017,11,00-0031547,D.Parker,WR,MIA,TB,0,0,0.0,0,0.0,0.0,0.0,0,0.0,0,9,4,26.0,0,2.6,6.6,,,75.0,212.0,24.8006875,2.0,Louisville,2015.0,2015.0,MIA,14.0,-10.0,0.25
2017,12,00-0031547,D.Parker,WR,MIA,NE,0,0,0.0,0,0.0,0.0,0.0,0,0.0,0,3,1,5.0,0,0.5,1.5,,,75.0,212.0,24.8006875,2.0,Louisville,2015.0,2015.0,MIA,14.0,,0.09090909
2017,13,00-0031547,D.Parker,WR,MIA,DEN,0,0,0.0,0,0.0,0.0,0.0,0,0.0,0,4,1,5.0,0,0.5,1.5,,,75.0,212.0,24.8006875,2.0,Louisville,2015.0,2015.0,MIA,14.0,26.0,0.125
2017,14,00-0031547,D.Parker,WR,MIA,NE,0,0,0.0,0,0.0,0.0,0.0,0,0.0,0,6,4,40.0,0,4.0,8.0,,,75.0,212.0,24.8006875,2.0,Louisville,2015.0,2015.0,MIA,14.0,7.0,0.1764706
2017,15,00-0031547,D.Parker,WR,MIA,BUF,0,0,0.0,0,0.0,0.0,0.0,0,0.0,0,12,6,89.0,0,8.9,14.9,,,75.0,212.0,24.8006875,2.0,Louisville,2015.0,2015.0,MIA,14.0,,0.24489796
2017,16,00-0031547,D.Parker,WR,MIA,KC,0,0,0.0,0,0.0,0.0,0.0,0,0.0,0,10,5,63.0,0,6.3,11.3,,,75.0,212.0,24.8006875,2.0,Louisville,2015.0,2015.0,MIA,14.0,,0.27027026
2017,17,00-0031547,D.Parker,WR,MIA,BUF,0,0,0.0,0,0.0,0.0,0.0,0,0.0,0,7,6,64.0,0,6.4,12.4,,,75.0,212.0,24.8006875,2.0,Louisville,2015.0,2015.0,MIA,14.0,-6.0,0.1627907
2017,1,00-0031549,N.Agholor,WR,PHI,WAS,0,0,0.0,0,0.0,0.0,0.0,0,0.0,0,8,6,86.0,1,14.6,20.6,,,72.0,198.0,24.48484210526316,2.0,Southern California,2015.0,2015.0,PHI,20.0,,0.21052632
2017,2,00-0031549,N.Agholor,WR,PHI,KC,0,0,0.0,0,0.0,0.0,0.0,0,0.0,0,3,1,9.0,1,6.9,7.9,,,72.0,198.0,24.48484210526316,2.0,Southern California,2015.0,2015.0,PHI,20.0,,0.06666667
2017,3,00-0031549,N.Agholor,WR,PHI,NYG,0,0,0.0,0,0.0,0.0,0.0,0,0.0,0,3,2,20.0,0,2.0,4.0,,,72.0,198.0,24.48484210526316,2.0,Southern California,2015.0,2015.0,PHI,20.0,3.0,0.09677419
2017,4,00-0031549,N.Agholor,WR,PHI,LAC,0,0,0.0,0,0.0,0.0,0.0,0,0.0,0,4,3,58.0,0,5.8,8.8,,,72.0,198.0,24.48484210526316,2.0,Southern California,2015.0,2015.0,PHI,20.0,,0.13333334
2017,5,00-0031549,N.Agholor,WR,PHI,ARI,0,0,0.0,0,0.0,0.0,0.0,0,0.0,0,5,4,93.0,1,15.3,19.3,,,72.0,198.0,24.48484210526316,2.0,Southern California,2015.0,2015.0,PHI,20.0,27.0,0.16666667
2017,6,00-0031549,N.Agholor,WR,PHI,CAR,0,0,0.0,0,0.0,0.0,0.0,0,0.0,0,7,4,55.0,1,11.5,15.5,,,72.0,198.0,24.48484210526316,2.0,Southern California,2015.0,2015.0,PHI,20.0,,0.23333333
2017,7,00-0031549,N.Agholor,WR,PHI,WAS,0,0,0.0,0,0.0,0.0,0.0,0,0.0,0,5,4,45.0,1,10.5,14.5,,,72.0,198.0,24.48484210526316,2.0,Southern California,2015.0,2015.0,PHI,20.0,10.0,0.2
2017,8,00-0031549,N.Agholor,WR,PHI,SF,0,0,0.0,0,0.0,0.0,0.0,0,0.0,0,3,3,26.0,0,2.6,5.6,,,72.0,198.0,24.48484210526316,2.0,Southern California,2015.0,2015.0,PHI,20.0,23.0,0.09375
2017,9,00-0031549,N.Agholor,WR,PHI,DEN,0,0,0.0,0,0.0,0.0,0.0,0,0.0,0,4,2,36.0,0,3.6,5.6,,,72.0,198.0,24.48484210526316,2.0,Southern California,2015.0,2015.0,PHI,20.0,28.0,0.14285715
2017,11,00-0031549,N.Agholor,WR,PHI,DAL,0,0,0.0,0,0.0,0.0,0.0,0,0.0,0,5,1,-2.0,0,-0.2,0.8,,,72.0,198.0,24.48484210526316,2.0,Southern California,2015.0,2015.0,PHI,20.0,,0.1923077
2017,12,00-0031549,N.Agholor,WR,PHI,CHI,0,0,0.0,0,0.0,0.0,0.0,0,0.0,0,6,3,32.0,1,9.2,12.2,,,72.0,198.0,24.48484210526316,2.0,Southern California,2015.0,2015.0,PHI,20.0,28.0,0.15384616
2017,13,00-0031549,N.Agholor,WR,PHI,SEA,0,0,0.0,0,0.0,0.0,0.0,0,0.0,0,12,7,141.0,1,20.1,27.1,,,72.0,198.0,24.48484210526316,2.0,Southern California,2015.0,2015.0,PHI,20.0,,0.26666668
2017,14,00-0031549,N.Agholor,WR,PHI,LA,0,0,0.0,0,0.0,0.0,0.0,0,0.0,0,11,8,64.0,0,6.4,14.4,,,72.0,198.0,24.48484210526316,2.0,Southern California,2015.0,2015.0,PHI,20.0,,0.21568628
2017,15,00-0031549,N.Agholor,WR,PHI,NYG,0,0,0.0,0,0.0,0.0,0.0,0,0.0,0,9,7,59.0,1,11.9,18.9,,,72.0,198.0,24.48484210526316,2.0,Southern California,2015.0,2015.0,PHI,20.0,,0.24324325
2017,16,00-0031549,N.Agholor,WR,PHI,LV,0,0,0.0,0,0.0,0.0,0.0,0,0.0,0,7,4,35.0,0,3.5,7.5,,,72.0,198.0,24.48484210526316,2.0,Southern California,2015.0,2015.0,PHI,20.0,9.0,0.19444445
2017,17,00-0031549,N.Agholor,WR,PHI,DAL,0,0,0.0,0,0.0,0.0,0.0,1,7.0,0,3,3,11.0,0,1.8,4.8,,,72.0,198.0,24.48484210526316,2.0,Southern California,2015.0,2015.0,PHI,20.0,-6.0,0.09090909
2017,19,00-0031549,N.Agholor,WR,PHI,ATL,0,0,0.0,0,0.0,0.0,0.0,2,20.0,0,3,3,24.0,0,4.4,7.4,,,72.0,198.0,24.48484210526316,2.0,Southern California,2015.0,2015.0,PHI,20.0,5.0,0.1
2017,20,00-0031549,N.Agholor,WR,PHI,MIN,0,0,0.0,0,0.0,0.0,0.0,1,0.0,0,4,3,59.0,0,5.9,8.9,,,72.0,198.0,24.48484210526316,2.0,Southern California,2015.0,2015.0,PHI,20.0,31.0,0.125
2017,21,00-0031549,N.Agholor,WR,PHI,NE,0,0,0.0,0,0.0,0.0,0.0,1,9.0,0,11,9,84.0,0,9.3,18.3,,,72.0,198.0,24.48484210526316,2.0,Southern California,2015.0,2015.0,PHI,20.0,,0.25
2017,13,00-0031550,S.Thompson,ILB,CAR,NO,0,0,0.0,0,0.0,0.0,0.0,0,0.0,0,1,0,0.0,0,0.0,0.0,,,72.0,230.0,23.55035294117647,2.0,Washington,2015.0,2015.0,CAR,25.0,,0.035714287
2017,1,00-0031558,M.Williams,TE,BAL,CIN,0,0,0.0,0,0.0,0.0,0.0,0,0.0,0,1,1,5.0,0,0.5,1.5,,,76.0,257.0,23.5656875,2.0,Minnesota,2015.0,2015.0,BAL,55.0,,0.05882353
2017,2,00-0031558,M.Williams,TE,BAL,CLE,0,0,0.0,0,0.0,0.0,0.0,1,2.0,0,4,4,21.0,0,2.3,6.3,,,76.0,257.0,23.5656875,2.0,Minnesota,2015.0,2015.0,BAL,55.0,14.0,0.121212125
2017,6,00-0031558,M.Williams,TE,BAL,CHI,0,0,0.0,0,0.0,0.0,0.0,0,0.0,0,1,1,6.0,0,-1.4,-0.4,,,76.0,257.0,23.5656875,2.0,Minnesota,2015.0,2015.0,BAL,55.0,-3.0,0.024390243
2017,9,00-0031558,M.Williams,TE,BAL,TEN,0,0,0.0,0,0.0,0.0,0.0,0,0.0,0,3,3,29.0,0,2.9,5.9,,,76.0,257.0,23.5656875,2.0,Minnesota,2015.0,2015.0,BAL,55.0,,0.057692308
2017,11,00-0031558,M.Williams,TE,BAL,GB,0,0,0.0,0,0.0,0.0,0.0,0,0.0,0,2,2,6.0,0,0.6,2.6,,,76.0,257.0,23.5656875,2.0,Minnesota,2015.0,2015.0,BAL,55.0,,0.071428575
2017,12,00-0031558,M.Williams,TE,BAL,HOU,0,0,0.0,0,0.0,0.0,0.0,0,0.0,0,1,1,12.0,0,1.2,2.2,,,76.0,257.0,23.5656875,2.0,Minnesota,2015.0,2015.0,BAL,55.0,7.0,0.030303031
2017,13,00-0031558,M.Williams,TE,BAL,DET,0,0,0.0,0,0.0,0.0,0.0,0,0.0,0,2,1,1.0,0,0.1,1.1,,,76.0,257.0,23.5656875,2.0,Minnesota,2015.0,2015.0,BAL,55.0,24.0,0.055555556
2017,15,00-0031558,M.Williams,TE,BAL,CLE,0,0,0.0,0,0.0,0.0,0.0,1,4.0,0,1,0,0.0,0,0.4,0.4,,,76.0,257.0,23.5656875,2.0,Minnesota,2015.0,2015.0,BAL,55.0,,0.023809524
2017,16,00-0031558,M.Williams,TE,BAL,IND,0,0,0.0,0,0.0,0.0,0.0,0,0.0,0,3,2,6.0,1,6.6,8.6,,,76.0,257.0,23.5656875,2.0,Minnesota,2015.0,2015.0,BAL,55.0,7.0,0.078947365
2017,16,00-0031560,J.Strong,WR,JAX,SF,0,0,0.0,0,0.0,0.0,0.0,0,0.0,0,4,3,38.0,1,9.8,12.8,,,74.0,205.0,23.809105263157893,2.0,Arizona State,2015.0,2015.0,HOU,70.0,,0.08
2017,14,00-0031568,B.Petty,QB,NYJ,DEN,2,9,14.0,0,0.0,0.0,-0.0,1,7.0,0,0,0,0.0,0,1.26,1.26,,,75.0,230.0,26.4310625,2.0,Baylor,2015.0,2015.0,NYJ,103.0,,
2017,15,00-0031568,B.Petty,QB,NYJ,NO,19,39,179.0,1,2.0,1.0,9.0,2,16.0,0,0,0,0.0,0,8.76,8.76,,,75.0,230.0,26.4310625,2.0,Baylor,2015.0,2015.0,NYJ,103.0,,
2017,16,00-0031568,B.Petty,QB,NYJ,LAC,15,28,119.0,0,1.0,3.0,21.0,3,33.0,0,0,0,0.0,0,6.06,6.06,,,75.0,230.0,26.4310625,2.0,Baylor,2015.0,2015.0,NYJ,103.0,-7.0,
2017,17,00-0031568,B.Petty,QB,NYJ,NE,19,36,232.0,0,0.0,4.0,25.0,1,-1.0,0,0,0,0.0,0,9.18,9.18,,,75.0,230.0,26.4310625,2.0,Baylor,2015.0,2015.0,NYJ,103.0,,
2017,2,00-0031570,J.Hardy,WR,ATL,GB,0,0,0.0,0,0.0,0.0,0.0,0,0.0,0,2,1,19.0,0,1.9,2.9,,,70.0,192.0,25.90761111111111,2.0,East Carolina,2015.0,2015.0,ATL,107.0,11.0,0.074074075
2017,4,00-0031570,J.Hardy,WR,ATL,BUF,0,0,0.0,0,0.0,0.0,0.0,0,0.0,0,6,2,12.0,1,7.2,9.2,,,70.0,192.0,25.90761111111111,2.0,East Carolina,2015.0,2015.0,ATL,107.0,-6.0,0.14285715
2017,6,00-0031570,J.Hardy,WR,ATL,MIA,0,0,0.0,0,0.0,0.0,0.0,0,0.0,0,3,3,34.0,0,3.4,6.4,,,70.0,192.0,25.90761111111111,2.0,East Carolina,2015.0,2015.0,ATL,107.0,-3.0,0.0882353
2017,7,00-0031570,J.Hardy,WR,ATL,NE,0,0,0.0,0,0.0,0.0,0.0,0,0.0,0,2,2,21.0,0,2.1,4.1,,,70.0,192.0,25.90761111111111,2.0,East Carolina,2015.0,2015.0,ATL,107.0,,0.060606062
2017,9,00-0031570,J.Hardy,WR,ATL,CAR,0,0,0.0,0,0.0,0.0,0.0,0,0.0,0,2,2,26.0,0,2.6,4.6,,,70.0,192.0,25.90761111111111,2.0,East Carolina,2015.0,2015.0,ATL,107.0,,0.054054055
2017,10,00-0031570,J.Hardy,WR,ATL,DAL,0,0,0.0,0,0.0,0.0,0.0,0,0.0,0,2,2,7.0,1,6.7,8.7,,,70.0,192.0,25.90761111111111,2.0,East Carolina,2015.0,2015.0,ATL,107.0,20.0,0.071428575
2017,11,00-0031570,J.Hardy,WR,ATL,SEA,0,0,0.0,0,0.0,0.0,0.0,0,0.0,0,4,3,27.0,0,2.7,5.7,,,70.0,192.0,25.90761111111111,2.0,East Carolina,2015.0,2015.0,ATL,107.0,,0.14814815
2017,15,00-0031570,J.Hardy,WR,ATL,TB,0,0,0.0,0,0.0,0.0,0.0,0,0.0,0,4,2,33.0,1,9.3,11.3,,,70.0,192.0,25.90761111111111,2.0,East Carolina,2015.0,2015.0,ATL,107.0,,0.13333334
2017,16,00-0031570,J.Hardy,WR,ATL,NO,0,0,0.0,0,0.0,0.0,0.0,0,0.0,0,1,1,10.0,0,1.0,2.0,,,70.0,192.0,25.90761111111111,2.0,East Carolina,2015.0,2015.0,ATL,107.0,,0.028571429
2017,17,00-0031570,J.Hardy,WR,ATL,CAR,0,0,0.0,0,0.0,0.0,0.0,0,0.0,0,3,2,32.0,0,3.2,5.2,,,70.0,192.0,25.90761111111111,2.0,East Carolina,2015.0,2015.0,ATL,107.0,12.0,0.071428575
2017,18,00-0031570,J.Hardy,WR,ATL,LA,0,0,0.0,0,0.0,0.0,0.0,0,0.0,0,1,1,3.0,0,0.3,1.3,,,70.0,192.0,25.90761111111111,2.0,East Carolina,2015.0,2015.0,ATL,107.0,,0.03448276
2017,19,00-0031570,J.Hardy,WR,ATL,PHI,0,0,0.0,0,0.0,0.0,0.0,0,0.0,0,1,0,0.0,0,0.0,0.0,,,70.0,192.0,25.90761111111111,2.0,East Carolina,2015.0,2015.0,ATL,107.0,,0.027777778
2017,1,00-0031577,J.Allen,RB,BAL,CIN,0,0,0.0,0,0.0,0.0,0.0,21,71.0,0,1,0,0.0,0,7.1,7.1,,,72.0,222.0,26.191312500000002,2.0,Southern California,2015.0,2015.0,BAL,125.0,,0.05882353
2017,2,00-0031577,J.Allen,RB,BAL,CLE,0,0,0.0,0,0.0,0.0,0.0,14,66.0,0,6,5,35.0,1,16.1,21.1,,,72.0,222.0,26.191312500000002,2.0,Southern California,2015.0,2015.0,BAL,125.0,14.0,0.18181819
2017,3,00-0031577,J.Allen,RB,BAL,JAX,0,0,0.0,0,0.0,0.0,0.0,8,15.0,0,6,5,13.0,0,2.8,7.8,,,72.0,222.0,26.191312500000002,2.0,Southern California,2015.0,2015.0,BAL,125.0,,0.22222222
2017,4,00-0031577,J.Allen,RB,BAL,PIT,0,0,0.0,0,0.0,0.0,0.0,2,7.0,0,6,6,37.0,0,4.4,10.4,,,72.0,222.0,26.191312500000002,2.0,Southern California,2015.0,2015.0,BAL,125.0,-17.0,0.12765957
2017,5,00-0031577,J.Allen,RB,BAL,LV,0,0,0.0,0,0.0,0.0,0.0,21,73.0,1,5,4,12.0,0,14.5,18.5,,,72.0,222.0,26.191312500000002,2.0,Southern California,2015.0,2015.0,BAL,125.0,,0.1923077
2017,6,00-0031577,J.Allen,RB,BAL,CHI,0,0,0.0,0,0.0,0.0,0.0,10,49.0,0,4,3,17.0,0,6.6,9.6,,,72.0,222.0,26.191312500000002,2.0,Southern California,2015.0,2015.0,BAL,125.0,-3.0,0.09756097
2017,7,00-0031577,J.Allen,RB,BAL,MIN,0,0,0.0,0,0.0,0.0,0.0,6,20.0,0,11,8,29.0,0,4.9,12.9,,,72.0,222.0,26.191312500000002,2.0,Southern California,2015.0,2015.0,BAL,125.0,,0.2820513
2017,8,00-0031577,J.Allen,RB,BAL,MIA,0,0,0.0,0,0.0,0.0,0.0,17,55.0,0,3,1,2.0,0,5.7,6.7,,,72.0,222.0,26.191312500000002,2.0,Southern California,2015.0,2015.0,BAL,125.0,40.0,0.14285715
2017,9,00-0031577,J.Allen,RB,BAL,TEN,0,0,0.0,0,0.0,0.0,0.0,7,21.0,0,8,7,44.0,1,12.5,19.5,,,72.0,222.0,26.191312500000002,2.0,Southern California,2015.0,2015.0,BAL,125.0,,0.15384616
2017,11,00-0031577,J.Allen,RB,BAL,GB,0,0,0.0,0,0.0,0.0,0.0,3,8.0,0,1,1,9.0,0,1.7,2.7,,,72.0,222.0,26.191312500000002,2.0,Southern California,2015.0,2015.0,BAL,125.0,,0.035714287
2017,12,00-0031577,J.Allen,RB,BAL,HOU,0,0,0.0,0,0.0,0.0,0.0,5,15.0,1,1,1,2.0,0,7.7,8.7,,,72.0,222.0,26.191312500000002,2.0,Southern California,2015.0,2015.0,BAL,125.0,7.0,0.030303031
2017,13,00-0031577,J.Allen,RB,BAL,DET,0,0,0.0,0,0.0,0.0,0.0,7,22.0,0,1,1,4.0,0,2.6,3.6,,,72.0,222.0,26.191312500000002,2.0,Southern California,2015.0,2015.0,BAL,125.0,24.0,0.027777778
2017,14,00-0031577,J.Allen,RB,BAL,PIT,0,0,0.0,0,0.0,0.0,0.0,6,25.0,2,2,2,32.0,0,17.7,19.7,,,72.0,222.0,26.191312500000002,2.0,Southern California,2015.0,2015.0,BAL,125.0,,0.05882353
2017,15,00-0031577,J.Allen,RB,BAL,CLE,0,0,0.0,0,0.0,0.0,0.0,13,70.0,0,3,1,4.0,0,7.4,8.4,,,72.0,222.0,26.191312500000002,2.0,Southern California,2015.0,2015.0,BAL,125.0,,0.071428575
2017,16,00-0031577,J.Allen,RB,BAL,IND,0,0,0.0,0,0.0,0.0,0.0,8,37.0,0,1,1,10.0,0,4.7,5.7,,,72.0,222.0,26.191312500000002,2.0,Southern California,2015.0,2015.0,BAL,125.0,7.0,0.02631579
2017,17,00-0031577,J.Allen,RB,BAL,CIN,0,0,0.0,0,0.0,0.0,0.0,5,37.0,0,1,0,0.0,0,3.7,3.7,,,72.0,222.0,26.191312500000002,2.0,Southern California,2015.0,2015.0,BAL,125.0,-4.0,0.021276595
2017,1,00-0031588,S.Diggs,WR,MIN,NO,0,0,0.0,0,0.0,0.0,0.0,1,-6.0,0,8,7,93.0,2,20.7,27.7,,,72.0,191.0,23.956333333333333,2.0,Maryland,2015.0,2015.0,MIN,146.0,10.0,0.25
2017,2,00-0031588,S.Diggs,WR,MIN,PIT,0,0,0.0,0,0.0,0.0,0.0,1,4.0,0,6,2,27.0,0,3.1,5.1,,,72.0,191.0,23.956333333333333,2.0,Maryland,2015.0,2015.0,MIN,146.0,,0.16666667
2017,3,00-0031588,S.Diggs,WR,MIN,TB,0,0,0.0,0,0.0,0.0,0.0,0,0.0,0,11,8,173.0,2,29.3,37.3,,,72.0,191.0,23.956333333333333,2.0,Maryland,2015.0,2015.0,MIN,146.0,17.0,0.33333334
2017,4,00-0031588,S.Diggs,WR,MIN,DET,0,0,0.0,0,0.0,0.0,0.0,0,0.0,0,7,5,98.0,0,9.8,14.8,,,72.0,191.0,23.956333333333333,2.0,Maryland,2015.0,2015.0,MIN,146.0,-7.0,0.23333333
2017,5,00-0031588,S.Diggs,WR,MIN,CHI,0,0,0.0,0,0.0,0.0,0.0,0,0.0,0,4,1,4.0,0,0.4,1.4,,,72.0,191.0,23.956333333333333,2.0,Maryland,2015.0,2015.0,MIN,146.0,,0.125
2017,8,00-0031588,S.Diggs,WR,MIN,CLE,0,0,0.0,0,0.0,0.0,0.0,1,-1.0,0,6,4,27.0,0,2.6,6.6,,,72.0,191.0,23.956333333333333,2.0,Maryland,2015.0,2015.0,MIN,146.0,,0.13953489
2017,10,00-0031588,S.Diggs,WR,MIN,WAS,0,0,0.0,0,0.0,0.0,0.0,0,0.0,0,5,4,78.0,1,13.8,17.8,,,72.0,191.0,23.956333333333333,2.0,Maryland,2015.0,2015.0,MIN,146.0,,0.1724138
2017,11,00-0031588,S.Diggs,WR,MIN,LA,0,0,0.0,0,0.0,0.0,0.0,0,0.0,0,6,4,32.0,0,3.2,7.2,,,72.0,191.0,23.956333333333333,2.0,Maryland,2015.0,2015.0,MIN,146.0,17.0,0.15789473
2017,12,00-0031588,S.Diggs,WR,MIN,DET,0,0,0.0,0,0.0,0.0,0.0,1,9.0,0,7,5,66.0,0,7.5,12.5,,,72.0,191.0,23.956333333333333,2.0,Maryland,2015.0,2015.0,MIN,146.0,,0.23333333
2017,13,00-0031588,S.Diggs,WR,MIN,ATL,0,0,0.0,0,0.0,0.0,0.0,1,5.0,0,5,2,32.0,0,3.7,5.7,,,72.0,191.0,23.956333333333333,2.0,Maryland,2015.0,2015.0,MIN,146.0,,0.16666667
2017,14,00-0031588,S.Diggs,WR,MIN,CAR,0,0,0.0,0,0.0,0.0,0.0,0,0.0,0,10,6,64.0,0,6.4,12.4,,,72.0,191.0,23.956333333333333,2.0,Maryland,2015.0,2015.0,MIN,146.0,,0.23255815
2017,15,00-0031588,S.Diggs,WR,MIN,CIN,0,0,0.0,0,0.0,0.0,0.0,1,7.0,0,6,5,30.0,1,9.7,14.7,,,72.0,191.0,23.956333333333333,2.0,Maryland,2015.0,2015.0,MIN,146.0,27.0,0.24
2017,16,00-0031588,S.Diggs,WR,MIN,GB,0,0,0.0,0,0.0,0.0,0.0,1,3.0,0,8,5,60.0,1,12.3,17.3,,,72.0,191.0,23.956333333333333,2.0,Maryland,2015.0,2015.0,MIN,146.0,,0.32
2017,17,00-0031588,S.Diggs,WR,MIN,CHI,0,0,0.0,0,0.0,0.0,0.0,1,-8.0,0,6,6,65.0,1,11.7,17.7,,,72.0,191.0,23.956333333333333,2.0,Maryland,2015.0,2015.0,MIN,146.0,13.0,0.21428572
2017,19,00-0031588,S.Diggs,WR,MIN,NO,0,0,0.0,0,0.0,0.0,0.0,0,0.0,0,10,6,137.0,1,19.7,25.7,,,72.0,191.0,23.956333333333333,2.0,Maryland,2015.0,2015.0,MIN,146.0,5.0,0.25
2017,20,00-0031588,S.Diggs,WR,MIN,PHI,0,0,0.0,0,0.0,0.0,0.0,0,0.0,0,12,8,70.0,0,7.0,15.0,,,72.0,191.0,23.956333333333333,2.0,Maryland,2015.0,2015.0,MIN,146.0,,0.26086956
2017,4,00-0031589,B.Hundley,QB,GB,CHI,1,1,0.0,0,0.0,0.0,-0.0,0,0.0,0,0,0,0.0,0,0.0,0.0,,,75.0,226.0,24.3921875,2.0,UCLA,2015.0,2015.0,GB,147.0,21.0,
2017,6,00-0031589,B.Hundley,QB,GB,MIN,18,33,157.0,1,3.0,4.0,20.0,1,3.0,0,0,0,0.0,0,4.58,4.58,,,75.0,226.0,24.3921875,2.0,UCLA,2015.0,2015.0,GB,147.0,,
2017,7,00-0031589,B.Hundley,QB,GB,NO,12,25,87.0,0,1.0,1.0,8.0,3,44.0,1,0,0,0.0,0,11.88,11.88,,,75.0,226.0,24.3921875,2.0,UCLA,2015.0,2015.0,GB,147.0,-9.0,
2017,9,00-0031589,B.Hundley,QB,GB,DET,26,38,245.0,0,0.0,3.0,12.0,4,22.0,1,0,0,0.0,0,18.0,18.0,,,75.0,226.0,24.3921875,2.0,UCLA,2015.0,2015.0,GB,147.0,-13.0,
2017,10,00-0031589,B.Hundley,QB,GB,CHI,18,25,212.0,1,0.0,3.0,30.0,2,16.0,0,0,0,0.0,0,14.08,14.08,,,75.0,226.0,24.3921875,2.0,UCLA,2015.0,2015.0,GB,147.0,,
2017,11,00-0031589,B.Hundley,QB,GB,BAL,21,36,239.0,0,3.0,6.0,49.0,3,19.0,0,0,0,0.0,0,3.46,3.46,,,75.0,226.0,24.3921875,2.0,UCLA,2015.0,2015.0,GB,147.0,-23.0,
2017,12,00-0031589,B.Hundley,QB,GB,PIT,17,26,245.0,3,0.0,4.0,18.0,1,6.0,0,0,0,0.0,0,22.4,22.4,,,75.0,226.0,24.3921875,2.0,UCLA,2015.0,2015.0,GB,147.0,,
2017,13,00-0031589,B.Hundley,QB,GB,TB,13,22,84.0,0,1.0,2.0,7.0,7,66.0,0,0,0,0.0,0,7.96,7.96,,,75.0,226.0,24.3921875,2.0,UCLA,2015.0,2015.0,GB,147.0,6.0,
2017,14,00-0031589,B.Hundley,QB,GB,CLE,35,46,265.0,3,0.0,1.0,9.0,7,31.0,0,0,0,0.0,0,25.7,25.7,,,75.0,226.0,24.3921875,2.0,UCLA,2015.0,2015.0,GB,147.0,,
2017,16,00-0031589,B.Hundley,QB,GB,MIN,17,40,130.0,0,2.0,1.0,4.0,5,48.0,0,0,0,0.0,0,6.0,6.0,,,75.0,226.0,24.3921875,2.0,UCLA,2015.0,2015.0,GB,147.0,-16.0,
2017,17,00-0031589,B.Hundley,QB,GB,DET,14,24,172.0,1,2.0,4.0,40.0,3,15.0,0,1,1,10.0,0,9.38,10.38,,,75.0,226.0,24.3921875,2.0,UCLA,2015.0,2015.0,GB,147.0,,0.032258064
2017,2,00-0031590,J.Ajayi,RB,MIA,LAC,0,0,0.0,0,0.0,0.0,0.0,28,122.0,0,2,2,4.0,0,12.6,14.6,,,72.0,223.0,24.43472222222222,2.0,Boise State,2015.0,2015.0,MIA,149.0,,0.05882353
2017,3,00-0031590,J.Ajayi,RB,MIA,NYJ,0,0,0.0,0,0.0,0.0,0.0,11,16.0,0,3,2,9.0,0,2.5,4.5,,,72.0,223.0,24.43472222222222,2.0,Boise State,2015.0,2015.0,MIA,149.0,,0.06666667
2017,4,00-0031590,J.Ajayi,RB,MIA,NO,0,0,0.0,0,0.0,0.0,0.0,12,46.0,0,1,1,8.0,0,5.4,6.4,,,72.0,223.0,24.43472222222222,2.0,Boise State,2015.0,2015.0,MIA,149.0,-20.0,0.035714287
2017,5,00-0031590,J.Ajayi,RB,MIA,TEN,0,0,0.0,0,0.0,0.0,0.0,25,77.0,0,3,2,2.0,0,5.9,7.9,,,72.0,223.0,24.43472222222222,2.0,Boise State,2015.0,2015.0,MIA,149.0,6.0,0.115384616
2017,6,00-0031590,J.Ajayi,RB,MIA,ATL,0,0,0.0,0,0.0,0.0,0.0,26,130.0,0,3,0,0.0,0,13.0,13.0,,,72.0,223.0,24.43472222222222,2.0,Boise State,2015.0,2015.0,MIA,149.0,,0.09090909
2017,7,00-0031590,J.Ajayi,RB,MIA,NYJ,0,0,0.0,0,0.0,0.0,0.0,23,51.0,0,4,3,26.0,0,7.7,10.7,,,72.0,223.0,24.43472222222222,2.0,Boise State,2015.0,2015.0,MIA,149.0,3.0,0.11111111
2017,8,00-0031590,J.Ajayi,RB,MIA,BAL,0,0,0.0,0,0.0,0.0,0.0,13,23.0,0,4,4,18.0,0,4.1,8.1,,,72.0,223.0,24.43472222222222,2.0,Boise State,2015.0,2015.0,MIA,149.0,,0.09090909
2017,9,00-0031590,J.Ajayi,RB,PHI,DEN,0,0,0.0,0,0.0,0.0,0.0,8,77.0,1,0,0,0.0,0,13.7,13.7,,,72.0,223.0,24.43472222222222,2.0,Boise State,2015.0,2015.0,MIA,149.0,28.0,
2017,11,00-0031590,J.Ajayi,RB,PHI,DAL,0,0,0.0,0,0.0,0.0,0.0,7,91.0,0,1,1,10.0,0,10.1,11.1,,,72.0,223.0,24.43472222222222,2.0,Boise State,2015.0,2015.0,MIA,149.0,,0.03846154
2017,12,00-0031590,J.Ajayi,RB,PHI,CHI,0,0,0.0,0,0.0,0.0,0.0,5,26.0,0,2,1,7.0,0,3.3,4.3,,,72.0,223.0,24.43472222222222,2.0,Boise State,2015.0,2015.0,MIA,149.0,28.0,0.051282052
2017,13,00-0031590,J.Ajayi,RB,PHI,SEA,0,0,0.0,0,0.0,0.0,0.0,9,35.0,0,4,3,11.0,0,4.6,7.6,,,72.0,223.0,24.43472222222222,2.0,Boise State,2015.0,2015.0,MIA,149.0,,0.08888889
2017,14,00-0031590,J.Ajayi,RB,PHI,LA,0,0,0.0,0,0.0,0.0,0.0,15,78.0,0,2,1,2.0,0,8.0,9.0,,,72.0,223.0,24.43472222222222,2.0,Boise State,2015.0,2015.0,MIA,149.0,,0.039215688
2017,15,00-0031590,J.Ajayi,RB,PHI,NYG,0,0,0.0,0,0.0,0.0,0.0,12,49.0,0,2,2,40.0,0,8.9,10.9,,,72.0,223.0,24.43472222222222,2.0,Boise State,2015.0,2015.0,MIA,149.0,,0.054054055
2017,16,00-0031590,J.Ajayi,RB,PHI,LV,0,0,0.0,0,0.0,0.0,0.0,14,52.0,0,3,2,21.0,1,11.3,13.3,,,72.0,223.0,24.43472222222222,2.0,Boise State,2015.0,2015.0,MIA,149.0,9.0,0.083333336
2017,19,00-0031590,J.Ajayi,RB,PHI,ATL,0,0,0.0,0,0.0,0.0,0.0,15,54.0,0,5,3,44.0,0,7.8,10.8,,,72.0,223.0,24.43472222222222,2.0,Boise State,2015.0,2015.0,MIA,149.0,5.0,0.16666667
2017,20,00-0031590,J.Ajayi,RB,PHI,MIN,0,0,0.0,0,0.0,0.0,0.0,18,73.0,0,3,3,26.0,0,9.9,12.9,,,72.0,223.0,24.43472222222222,2.0,Boise State,2015.0,2015.0,MIA,149.0,31.0,0.09375
2017,21,00-0031590,J.Ajayi,RB,PHI,NE,0,0,0.0,0,0.0,0.0,0.0,9,57.0,0,0,0,0.0,0,5.7,5.7,,,72.0,223.0,24.43472222222222,2.0,Boise State,2015.0,2015.0,MIA,149.0,,
2017,1,00-0031595,M.Burton,FB,CHI,ATL,0,0,0.0,0,0.0,0.0,0.0,1,7.0,0,0,0,0.0,0,0.7,0.7,,,72.0,240.0,25.7599375,2.0,Rutgers,2015.0,2015.0,DET,168.0,-6.0,
2017,3,00-0031595,M.Burton,FB,CHI,PIT,0,0,0.0,0,0.0,0.0,0.0,0,0.0,0,1,0,0.0,0,0.0,0.0,,,72.0,240.0,25.7599375,2.0,Rutgers,2015.0,2015.0,DET,168.0,6.0,0.04761905
2017,6,00-0031595,M.Burton,FB,CHI,BAL,0,0,0.0,0,0.0,0.0,0.0,0,0.0,0,1,1,8.0,0,0.8,1.8,,,72.0,240.0,25.7599375,2.0,Rutgers,2015.0,2015.0,DET,168.0,,0.0625
2017,14,00-0031595,M.Burton,FB,CHI,CIN,0,0,0.0,0,0.0,0.0,0.0,1,0.0,0,0,0,0.0,0,0.0,0.0,,,72.0,240.0,25.7599375,2.0,Rutgers,2015.0,2015.0,DET,168.0,,
2017,15,00-0031595,M.Burton,FB,CHI,DET,0,0,0.0,0,0.0,0.0,0.0,1,2.0,0,0,0,0.0,0,0.2,0.2,,,72.0,240.0,25.7599375,2.0,Rutgers,2015.0,2015.0,DET,168.0,,
2017,16,00-0031595,M.Burton,FB,CHI,CLE,0,0,0.0,0,0.0,0.0,0.0,0,0.0,0,1,0,0.0,0,0.0,0.0,,,72.0,240.0,25.7599375,2.0,Rutgers,2015.0,2015.0,DET,168.0,17.0,0.04347826
2017,17,00-0031595,M.Burton,FB,CHI,MIN,0,0,0.0,0,0.0,0.0,0.0,1,0.0,0,1,1,0.0,0,0.0,1.0,,,72.0,240.0,25.7599375,2.0,Rutgers,2015.0,2015.0,DET,168.0,,0.027777778
2017,1,00-0031598,N.Boyle,TE,BAL,CIN,0,0,0.0,0,0.0,0.0,0.0,0,0.0,0,1,1,14.0,0,1.4,2.4,,,76.0,270.0,24.712875,2.0,Delaware,2015.0,2015.0,BAL,171.0,,0.05882353
2017,2,00-0031598,N.Boyle,TE,BAL,CLE,0,0,0.0,0,0.0,0.0,0.0,0,0.0,0,1,1,9.0,0,0.9,1.9,,,76.0,270.0,24.712875,2.0,Delaware,2015.0,2015.0,BAL,171.0,14.0,0.030303031
2017,3,00-0031598,N.Boyle,TE,BAL,JAX,0,0,0.0,0,0.0,0.0,0.0,0,0.0,0,2,2,14.0,0,1.4,3.4,,,76.0,270.0,24.712875,2.0,Delaware,2015.0,2015.0,BAL,171.0,,0.074074075
2017,4,00-0031598,N.Boyle,TE,BAL,PIT,0,0,0.0,0,0.0,0.0,0.0,0,0.0,0,5,5,36.0,0,3.6,8.6,,,76.0,270.0,24.712875,2.0,Delaware,2015.0,2015.0,BAL,171.0,-17.0,0.10638298
2017,5,00-0031598,N.Boyle,TE,BAL,LV,0,0,0.0,0,0.0,0.0,0.0,0,0.0,0,2,1,9.0,0,0.9,1.9,,,76.0,270.0,24.712875,2.0,Delaware,2015.0,2015.0,BAL,171.0,,0.07692308
2017,6,00-0031598,N.Boyle,TE,BAL,CHI,0,0,0.0,0,0.0,0.0,0.0,0,0.0,0,3,2,15.0,0,3.5,5.5,,,76.0,270.0,24.712875,2.0,Delaware,2015.0,2015.0,BAL,171.0,-3.0,0.07317073
2017,7,00-0031598,N.Boyle,TE,BAL,MIN,0,0,0.0,0,0.0,0.0,0.0,0,0.0,0,3,2,12.0,0,1.2,3.2,,,76.0,270.0,24.712875,2.0,Delaware,2015.0,2015.0,BAL,171.0,,0.07692308
2017,8,00-0031598,N.Boyle,TE,BAL,MIA,0,0,0.0,0,0.0,0.0,0.0,0,0.0,0,4,4,29.0,0,2.9,6.9,,,76.0,270.0,24.712875,2.0,Delaware,2015.0,2015.0,BAL,171.0,40.0,0.1904762
2017,11,00-0031598,N.Boyle,TE,BAL,GB,0,0,0.0,0,0.0,0.0,0.0,0,0.0,0,2,1,2.0,0,0.2,1.2,,,76.0,270.0,24.712875,2.0,Delaware,2015.0,2015.0,BAL,171.0,,0.071428575
2017,12,00-0031598,N.Boyle,TE,BAL,HOU,0,0,0.0,0,0.0,0.0,0.0,0,0.0,0,1,1,9.0,0,0.9,1.9,,,76.0,270.0,24.712875,2.0,Delaware,2015.0,2015.0,BAL,171.0,7.0,0.030303031
2017,13,00-0031598,N.Boyle,TE,BAL,DET,0,0,0.0,0,0.0,0.0,0.0,0,0.0,0,3,1,11.0,0,1.1,2.1,,,76.0,270.0,24.712875,2.0,Delaware,2015.0,2015.0,BAL,171.0,24.0,0.083333336
2017,14,00-0031598,N.Boyle,TE,BAL,PIT,0,0,0.0,0,0.0,0.0,0.0,0,0.0,0,1,1,1.0,0,0.1,1.1,,,76.0,270.0,24.712875,2.0,Delaware,2015.0,2015.0,BAL,171.0,,0.029411765
2017,15,00-0031598,N.Boyle,TE,BAL,CLE,0,0,0.0,0,0.0,0.0,0.0,0,0.0,0,2,1,9.0,0,0.9,1.9,,,76.0,270.0,24.712875,2.0,Delaware,2015.0,2015.0,BAL,171.0,,0.04761905
2017,16,00-0031598,N.Boyle,TE,BAL,IND,0,0,0.0,0,0.0,0.0,0.0,0,0.0,0,4,3,9.0,0,0.9,3.9,,,76.0,270.0,24.712875,2.0,Delaware,2015.0,2015.0,BAL,171.0,7.0,0.10526316
2017,17,00-0031598,N.Boyle,TE,BAL,CIN,0,0,0.0,0,0.0,0.0,0.0,0,0.0,0,3,2,24.0,0,2.4,4.4,,,76.0,270.0,24.712875,2.0,Delaware,2015.0,2015.0,BAL,171.0,-4.0,0.06382979
2017,8,00-0031599,C.Artis-Payne,RB,CAR,TB,0,0,0.0,0,0.0,0.0,0.0,4,8.0,0,1,1,2.0,0,1.0,2.0,,,70.0,215.0,27.377823529411764,2.0,Auburn,2015.0,2015.0,CAR,174.0,,0.033333335
2017,9,00-0031599,C.Artis-Payne,RB,CAR,ATL,0,0,0.0,0,0.0,0.0,0.0,1,3.0,0,0,0,0.0,0,0.3,0.3,,,70.0,215.0,27.377823529411764,2.0,Auburn,2015.0,2015.0,CAR,174.0,3.0,
2017,10,00-0031599,C.Artis-Payne,RB,CAR,MIA,0,0,0.0,0,0.0,0.0,0.0,7,68.0,1,0,0,0.0,0,12.8,12.8,,,70.0,215.0,27.377823529411764,2.0,Auburn,2015.0,2015.0,CAR,174.0,24.0,
2017,12,00-0031599,C.Artis-Payne,RB,CAR,NYJ,0,0,0.0,0,0.0,0.0,0.0,1,0.0,0,0,0,0.0,0,0.0,0.0,,,70.0,215.0,27.377823529411764,2.0,Auburn,2015.0,2015.0,CAR,174.0,,
2017,17,00-0031599,C.Artis-Payne,RB,CAR,ATL,0,0,0.0,0,0.0,0.0,0.0,5,16.0,0,0,0,0.0,0,1.6,1.6,,,70.0,215.0,27.377823529411764,2.0,Auburn,2015.0,2015.0,CAR,174.0,,
2017,1,00-0031609,A.Derby,TE,DEN,LAC,0,0,0.0,0,0.0,0.0,0.0,0,0.0,0,3,3,34.0,0,3.4,6.4,,,77.0,255.0,26.1325625,2.0,Arkansas,2015.0,2015.0,NE,202.0,3.0,0.10714286
2017,2,00-0031609,A.Derby,TE,DEN,DAL,0,0,0.0,0,0.0,0.0,0.0,0,0.0,0,1,0,0.0,0,0.0,0.0,,,77.0,255.0,26.1325625,2.0,Arkansas,2015.0,2015.0,NE,202.0,25.0,0.033333335
2017,3,00-0031609,A.Derby,TE,DEN,BUF,0,0,0.0,0,0.0,0.0,0.0,0,0.0,0,2,1,5.0,0,0.5,1.5,,,77.0,255.0,26.1325625,2.0,Arkansas,2015.0,2015.0,NE,202.0,,0.05
2017,4,00-0031609,A.Derby,TE,DEN,LV,0,0,0.0,0,0.0,0.0,0.0,0,0.0,0,6,4,75.0,1,13.5,17.5,,,77.0,255.0,26.1325625,2.0,Arkansas,2015.0,2015.0,NE,202.0,6.0,0.24
2017,6,00-0031609,A.Derby,TE,DEN,NYG,0,0,0.0,0,0.0,0.0,0.0,0,0.0,0,4,1,10.0,0,1.0,2.0,,,77.0,255.0,26.1325625,2.0,Arkansas,2015.0,2015.0,NE,202.0,-13.0,0.0754717
2017,7,00-0031609,A.Derby,TE,DEN,LAC,0,0,0.0,0,0.0,0.0,0.0,0,0.0,0,7,6,66.0,0,4.6,10.6,,,77.0,255.0,26.1325625,2.0,Arkansas,2015.0,2015.0,NE,202.0,,0.2
2017,8,00-0031609,A.Derby,TE,DEN,KC,0,0,0.0,0,0.0,0.0,0.0,0,0.0,0,4,2,21.0,1,8.1,10.1,,,77.0,255.0,26.1325625,2.0,Arkansas,2015.0,2015.0,NE,202.0,,0.11111111
2017,9,00-0031609,A.Derby,TE,DEN,PHI,0,0,0.0,0,0.0,0.0,0.0,0,0.0,0,3,1,11.0,0,1.1,2.1,,,77.0,255.0,26.1325625,2.0,Arkansas,2015.0,2015.0,NE,202.0,,0.08108108
2017,10,00-0031609,A.Derby,TE,DEN,NE,0,0,0.0,0,0.0,0.0,0.0,0,0.0,0,1,1,2.0,0,0.2,1.2,,,77.0,255.0,26.1325625,2.0,Arkansas,2015.0,2015.0,NE,202.0,-25.0,0.03125
2017,16,00-0031609,A.Derby,TE,MIA,KC,0,0,0.0,0,0.0,0.0,0.0,0,0.0,0,5,1,11.0,0,1.1,2.1,,,77.0,255.0,26.1325625,2.0,Arkansas,2015.0,2015.0,NE,202.0,,0.13513513
2017,17,00-0031609,A.Derby,TE,MIA,BUF,0,0,0.0,0,0.0,0.0,0.0,0,0.0,0,4,1,9.0,0,0.9,1.9,,,77.0,255.0,26.1325625,2.0,Arkansas,2015.0,2015.0,NE,202.0,-6.0,0.093023255
2017,2,00-0031612,A.Ripkowski,FB,GB,ATL,0,0,0.0,0,0.0,0.0,0.0,0,0.0,0,1,1,2.0,0,0.2,1.2,,,73.0,246.0,24.8768125,2.0,Oklahoma,2015.0,2015.0,GB,206.0,,0.020408163
2017,4,00-0031612,A.Ripkowski,FB,GB,CHI,0,0,0.0,0,0.0,0.0,0.0,1,4.0,0,2,1,6.0,0,1.0,2.0,,,73.0,246.0,24.8768125,2.0,Oklahoma,2015.0,2015.0,GB,206.0,21.0,0.074074075
2017,5,00-0031612,A.Ripkowski,FB,GB,DAL,0,0,0.0,0,0.0,0.0,0.0,1,2.0,0,0,0,0.0,0,0.2,0.2,,,73.0,246.0,24.8768125,2.0,Oklahoma,2015.0,2015.0,GB,206.0,,
2017,6,00-0031612,A.Ripkowski,FB,GB,MIN,0,0,0.0,0,0.0,0.0,0.0,0,0.0,0,1,1,0.0,0,0.0,1.0,,,73.0,246.0,24.8768125,2.0,Oklahoma,2015.0,2015.0,GB,206.0,,0.027027028
2017,9,00-0031612,A.Ripkowski,FB,GB,DET,0,0,0.0,0,0.0,0.0,0.0,0,0.0,0,1,1,9.0,0,0.9,1.9,,,73.0,246.0,24.8768125,2.0,Oklahoma,2015.0,2015.0,GB,206.0,-13.0,0.02631579
2017,10,00-0031612,A.Ripkowski,FB,GB,CHI,0,0,0.0,0,0.0,0.0,0.0,2,3.0,0,1,1,12.0,0,1.5,2.5,,,73.0,246.0,24.8768125,2.0,Oklahoma,2015.0,2015.0,GB,206.0,,0.041666668
2017,11,00-0031612,A.Ripkowski,FB,GB,BAL,0,0,0.0,0,0.0,0.0,0.0,0,0.0,0,1,1,6.0,0,0.6,1.6,,,73.0,246.0,24.8768125,2.0,Oklahoma,2015.0,2015.0,GB,206.0,-23.0,0.028571429
2017,12,00-0031612,A.Ripkowski,FB,GB,PIT,0,0,0.0,0,0.0,0.0,0.0,1,4.0,0,0,0,0.0,0,0.4,0.4,,,73.0,246.0,24.8768125,2.0,Oklahoma,2015.0,2015.0,GB,206.0,,
2017,13,00-0031612,A.Ripkowski,FB,GB,TB,0,0,0.0,0,0.0,0.0,0.0,0,0.0,0,1,0,0.0,0,0.0,0.0,,,73.0,246.0,24.8768125,2.0,Oklahoma,2015.0,2015.0,GB,206.0,6.0,0.045454547
2017,14,00-0031612,A.Ripkowski,FB,GB,CLE,0,0,0.0,0,0.0,0.0,0.0,0,0.0,0,1,0,0.0,0,0.0,0.0,,,73.0,246.0,24.8768125,2.0,Oklahoma,2015.0,2015.0,GB,206.0,,0.02173913
2017,16,00-0031612,A.Ripkowski,FB,GB,MIN,0,0,0.0,0,0.0,0.0,0.0,0,0.0,0,1,1,4.0,0,0.4,1.4,,,73.0,246.0,24.8768125,2.0,Oklahoma,2015.0,2015.0,GB,206.0,-16.0,0.025
2017,9,00-0031626,B.Mihalik,T,DET,GB,0,0,0.0,0,0.0,0.0,0.0,0,0.0,0,1,1,-4.0,0,-0.4,0.6,,,81.0,315.0,25.2095625,2.0,Boston College,2015.0,2015.0,PHI,237.0,,0.030303031
2017,3,00-0031665,Z.Zenner,RB,DET,ATL,0,0,0.0,0,0.0,0.0,0.0,3,5.0,0,0,0,0.0,0,0.5,0.5,,,71.0,221.0,26.1485625,2.0,South Dakota,2015.0,2015.0,,,-4.0,
2017,4,00-0031665,Z.Zenner,RB,DET,MIN,0,0,0.0,0,0.0,0.0,0.0,3,0.0,0,0,0,0.0,0,0.0,0.0,,,71.0,221.0,26.1485625,2.0,South Dakota,2015.0,2015.0,,,,
2017,5,00-0031665,Z.Zenner,RB,DET,CAR,0,0,0.0,0,0.0,0.0,0.0,3,11.0,1,0,0,0.0,0,7.1,7.1,,,71.0,221.0,26.1485625,2.0,South Dakota,2015.0,2015.0,,,-3.0,
2017,6,00-0031665,Z.Zenner,RB,DET,NO,0,0,0.0,0,0.0,0.0,0.0,1,0.0,0,1,0,0.0,0,0.0,0.0,,,71.0,221.0,26.1485625,2.0,South Dakota,2015.0,2015.0,,,,0.019607844
2017,12,00-0031665,Z.Zenner,RB,DET,MIN,0,0,0.0,0,0.0,0.0,0.0,1,6.0,0,0,0,0.0,0,0.6,0.6,,,71.0,221.0,26.1485625,2.0,South Dakota,2015.0,2015.0,,,-7.0,
2017,13,00-0031665,Z.Zenner,RB,DET,BAL,0,0,0.0,0,0.0,0.0,0.0,1,4.0,0,0,0,0.0,0,0.4,0.4,,,71.0,221.0,26.1485625,2.0,South Dakota,2015.0,2015.0,,,,
2017,14,00-0031665,Z.Zenner,RB,DET,TB,0,0,0.0,0,0.0,0.0,0.0,2,0.0,0,0,0,0.0,0,0.0,0.0,,,71.0,221.0,26.1485625,2.0,South Dakota,2015.0,2015.0,,,,
2017,10,00-0031682,T.Ward,RB,ATL,DAL,0,0,0.0,0,0.0,0.0,0.0,9,23.0,0,0,0,0.0,0,2.3,2.3,,,67.0,201.0,25.746166666666667,2.0,Oregon State,2015.0,2015.0,,,20.0,
2017,11,00-0031682,T.Ward,RB,ATL,SEA,0,0,0.0,0,0.0,0.0,0.0,6,31.0,0,1,1,11.0,0,4.2,5.2,,,67.0,201.0,25.746166666666667,2.0,Oregon State,2015.0,2015.0,,,,0.037037037
2017,12,00-0031682,T.Ward,RB,ATL,TB,0,0,0.0,0,0.0,0.0,0.0,7,35.0,0,1,1,-3.0,0,1.2,2.2,,,67.0,201.0,25.746166666666667,2.0,Oregon State,2015.0,2015.0,,,14.0,0.029411765
2017,15,00-0031682,T.Ward,RB,ATL,TB,0,0,0.0,0,0.0,0.0,0.0,8,40.0,0,1,1,6.0,0,4.6,5.6,,,67.0,201.0,25.746166666666667,2.0,Oregon State,2015.0,2015.0,,,,0.033333335
2017,19,00-0031682,T.Ward,RB,ATL,PHI,0,0,0.0,0,0.0,0.0,0.0,0,0.0,0,1,0,0.0,0,0.0,0.0,,,67.0,201.0,25.746166666666667,2.0,Oregon State,2015.0,2015.0,,,,0.027777778
2017,3,00-0031687,R.Mostert,RB,SF,LA,0,0,0.0,0,0.0,0.0,0.0,4,11.0,0,0,0,0.0,0,-0.9,-0.9,,,70.0,197.0,25.5713125,2.0,Purdue,2015.0,2015.0,,,-2.0,
2017,5,00-0031687,R.Mostert,RB,SF,IND,0,0,0.0,0,0.0,0.0,0.0,1,3.0,0,0,0,0.0,0,0.3,0.3,,,70.0,197.0,25.5713125,2.0,Purdue,2015.0,2015.0,,,,
2017,6,00-0031687,R.Mostert,RB,SF,WAS,0,0,0.0,0,0.0,0.0,0.0,1,16.0,0,0,0,0.0,0,1.6,1.6,,,70.0,197.0,25.5713125,2.0,Purdue,2015.0,2015.0,,,,
2017,1,00-0031690,E.Tomlinson,TE,NYJ,BUF,0,0,0.0,0,0.0,0.0,0.0,0,0.0,0,2,2,25.0,0,2.5,4.5,,,78.0,263.0,25.53575,2.0,Texas-El Paso,2015.0,2015.0,,,,0.05263158
2017,4,00-0031690,E.Tomlinson,TE,NYJ,JAX,0,0,0.0,0,0.0,0.0,0.0,0,0.0,0,1,0,0.0,0,0.0,0.0,,,78.0,263.0,25.53575,2.0,Texas-El Paso,2015.0,2015.0,,,3.0,0.032258064
2017,5,00-0031690,E.Tomlinson,TE,NYJ,CLE,0,0,0.0,0,0.0,0.0,0.0,0,0.0,0,1,1,34.0,0,3.4,4.4,,,78.0,263.0,25.53575,2.0,Texas-El Paso,2015.0,2015.0,,,,0.033333335
2017,6,00-0031690,E.Tomlinson,TE,NYJ,NE,0,0,0.0,0,0.0,0.0,0.0,0,0.0,0,1,0,0.0,0,0.0,0.0,,,78.0,263.0,25.53575,2.0,Texas-El Paso,2015.0,2015.0,,,-7.0,0.022222223
2017,7,00-0031690,E.Tomlinson,TE,NYJ,MIA,0,0,0.0,0,0.0,0.0,0.0,0,0.0,0,1,1,26.0,0,2.6,3.6,,,78.0,263.0,25.53575,2.0,Texas-El Paso,2015.0,2015.0,,,,0.03846154
2017,8,00-0031690,E.Tomlinson,TE,NYJ,ATL,0,0,0.0,0,0.0,0.0,0.0,0,0.0,0,1,1,20.0,1,8.0,9.0,,,78.0,263.0,25.53575,2.0,Texas-El Paso,2015.0,2015.0,,,-5.0,0.03125
2017,9,00-0031690,E.Tomlinson,TE,NYJ,BUF,0,0,0.0,0,0.0,0.0,0.0,0,0.0,0,2,1,6.0,0,0.6,1.6,,,78.0,263.0,25.53575,2.0,Texas-El Paso,2015.0,2015.0,,,13.0,0.1
2017,17,00-0031690,E.Tomlinson,TE,NYJ,NE,0,0,0.0,0,0.0,0.0,0.0,0,0.0,0,2,2,10.0,0,1.0,3.0,,,78.0,263.0,25.53575,2.0,Texas-El Paso,2015.0,2015.0,,,,0.055555556
2017,6,00-0031697,J.Taylor,WR,DEN,NYG,0,0,0.0,0,0.0,0.0,0.0,0,0.0,0,4,3,26.0,0,2.6,5.6,,,77.0,210.0,25.7185,2.0,Rice,2015.0,2015.0,,,-13.0,0.0754717
2017,7,00-0031697,J.Taylor,WR,DEN,LAC,0,0,0.0,0,0.0,0.0,0.0,0,0.0,0,2,1,7.0,0,0.7,1.7,,,77.0,210.0,25.7185,2.0,Rice,2015.0,2015.0,,,,0.057142857
2017,8,00-0031697,J.Taylor,WR,DEN,KC,0,0,0.0,0,0.0,0.0,0.0,0,0.0,0,3,1,8.0,0,0.8,1.8,,,77.0,210.0,25.7185,2.0,Rice,2015.0,2015.0,,,,0.083333336
2017,11,00-0031697,J.Taylor,WR,DEN,CIN,0,0,0.0,0,0.0,0.0,0.0,0,0.0,0,1,1,14.0,0,1.4,2.4,,,77.0,210.0,25.7185,2.0,Rice,2015.0,2015.0,,,-3.0,0.025
2017,16,00-0031697,J.Taylor,WR,DEN,WAS,0,0,0.0,0,0.0,0.0,0.0,0,0.0,0,2,1,22.0,0,2.2,3.2,,,77.0,210.0,25.7185,2.0,Rice,2015.0,2015.0,,,,0.054054055
2017,17,00-0031697,J.Taylor,WR,DEN,KC,0,0,0.0,0,0.0,0.0,0.0,0,0.0,0,8,6,65.0,0,6.5,12.5,,,77.0,210.0,25.7185,2.0,Rice,2015.0,2015.0,,,-3.0,0.2580645
2017,2,00-0031731,C.Grant,RB,JAX,TEN,0,0,0.0,0,0.0,0.0,0.0,1,13.0,0,0,0,0.0,0,1.3,1.3,,,71.0,203.0,25.91221052631579,2.0,Auburn,2015.0,2015.0,,,-21.0,
2017,3,00-0031731,C.Grant,RB,JAX,BAL,0,0,0.0,0,0.0,0.0,0.0,6,75.0,0,1,1,18.0,0,9.3,10.3,,,71.0,203.0,25.91221052631579,2.0,Auburn,2015.0,2015.0,,,37.0,0.033333335
2017,4,00-0031731,C.Grant,RB,JAX,NYJ,0,0,0.0,0,0.0,0.0,0.0,2,9.0,0,1,1,-5.0,0,0.4,1.4,,,71.0,203.0,25.91221052631579,2.0,Auburn,2015.0,2015.0,,,,0.028571429
2017,5,00-0031731,C.Grant,RB,JAX,PIT,0,0,0.0,0,0.0,0.0,0.0,0,0.0,0,1,0,0.0,0,0.0,0.0,,,71.0,203.0,25.91221052631579,2.0,Auburn,2015.0,2015.0,,,,0.071428575
2017,7,00-0031731,C.Grant,RB,JAX,IND,0,0,0.0,0,0.0,0.0,0.0,6,8.0,0,1,1,28.0,0,3.6,4.6,,,71.0,203.0,25.91221052631579,2.0,Auburn,2015.0,2015.0,,,,0.037037037
2017,9,00-0031731,C.Grant,RB,JAX,CIN,0,0,0.0,0,0.0,0.0,0.0,4,18.0,0,0,0,0.0,0,1.8,1.8,,,71.0,203.0,25.91221052631579,2.0,Auburn,2015.0,2015.0,,,16.0,
2017,10,00-0031731,C.Grant,RB,JAX,LAC,0,0,0.0,0,0.0,0.0,0.0,1,56.0,1,0,0,0.0,0,11.6,11.6,,,71.0,203.0,25.91221052631579,2.0,Auburn,2015.0,2015.0,,,3.0,
2017,15,00-0031731,C.Grant,RB,JAX,HOU,0,0,0.0,0,0.0,0.0,0.0,10,69.0,1,0,0,0.0,0,12.9,12.9,,,71.0,203.0,25.91221052631579,2.0,Auburn,2015.0,2015.0,,,38.0,
2017,18,00-0031731,C.Grant,RB,JAX,BUF,0,0,0.0,0,0.0,0.0,0.0,1,3.0,0,0,0,0.0,0,0.3,0.3,,,71.0,203.0,25.91221052631579,2.0,Auburn,2015.0,2015.0,,,7.0,
2017,20,00-0031731,C.Grant,RB,JAX,NE,0,0,0.0,0,0.0,0.0,0.0,1,2.0,0,3,3,59.0,0,6.1,9.1,,,71.0,203.0,25.91221052631579,2.0,Auburn,2015.0,2015.0,,,,0.083333336
2017,4,00-0031743,A.Hunt,RB,KC,WAS,0,0,0.0,0,0.0,0.0,0.0,0,0.0,0,1,0,0.0,0,0.0,0.0,,,70.0,185.0,24.708882352941174,2.0,Purdue,2015.0,2015.0,,,9.0,0.028571429
2017,6,00-0031743,A.Hunt,RB,KC,PIT,0,0,0.0,0,0.0,0.0,0.0,1,3.0,0,0,0,0.0,0,0.3,0.3,,,70.0,185.0,24.708882352941174,2.0,Purdue,2015.0,2015.0,,,-6.0,
2017,7,00-0031743,A.Hunt,RB,KC,LV,0,0,0.0,0,0.0,0.0,0.0,0,0.0,0,2,1,1.0,0,0.1,1.1,,,70.0,185.0,24.708882352941174,2.0,Purdue,2015.0,2015.0,,,,0.055555556
2017,11,00-0031743,A.Hunt,RB,KC,NYG,0,0,0.0,0,0.0,0.0,0.0,1,3.0,0,0,0,0.0,0,0.3,0.3,,,70.0,185.0,24.708882352941174,2.0,Purdue,2015.0,2015.0,,,,
2017,12,00-0031743,A.Hunt,RB,KC,BUF,0,0,0.0,0,0.0,0.0,0.0,1,-10.0,0,1,1,6.0,0,-0.4,0.6,,,70.0,185.0,24.708882352941174,2.0,Purdue,2015.0,2015.0,,,-6.0,0.028571429
2017,13,00-0031743,A.Hunt,RB,KC,NYJ,0,0,0.0,0,0.0,0.0,0.0,1,2.0,0,1,1,20.0,0,2.2,3.2,,,70.0,185.0,24.708882352941174,2.0,Purdue,2015.0,2015.0,,,,0.03125
2017,17,00-0031743,A.Hunt,RB,KC,DEN,0,0,0.0,0,0.0,0.0,0.0,4,25.0,0,2,1,4.0,0,2.9,3.9,,,70.0,185.0,24.708882352941174,2.0,Purdue,2015.0,2015.0,,,,0.057142857
2017,6,00-0031744,M.LaCosse,TE,NYG,DEN,0,0,0.0,0,0.0,0.0,0.0,0,0.0,0,1,0,0.0,0,0.0,0.0,,,78.0,261.0,25.1229375,2.0,Illinois,2015.0,2015.0,,,,0.05263158
2017,1,00-0031782,E.Rogers,WR,PIT,CLE,0,0,0.0,0,0.0,0.0,0.0,0,0.0,0,4,2,11.0,0,1.1,3.1,,,70.0,187.0,24.879058823529412,2.0,Louisville,2015.0,2015.0,,,,0.11111111
2017,2,00-0031782,E.Rogers,WR,PIT,MIN,0,0,0.0,0,0.0,0.0,0.0,0,0.0,0,7,4,43.0,0,4.3,8.3,,,70.0,187.0,24.879058823529412,2.0,Louisville,2015.0,2015.0,,,17.0,0.2
2017,7,00-0031782,E.Rogers,WR,PIT,CIN,0,0,0.0,0,0.0,0.0,0.0,0,0.0,0,2,1,10.0,0,1.0,2.0,,,70.0,187.0,24.879058823529412,2.0,Louisville,2015.0,2015.0,,,15.0,0.08
2017,8,00-0031782,E.Rogers,WR,PIT,DET,0,0,0.0,0,0.0,0.0,0.0,0,0.0,0,1,0,0.0,0,0.0,0.0,,,70.0,187.0,24.879058823529412,2.0,Louisville,2015.0,2015.0,,,,0.032258064
2017,10,00-0031782,E.Rogers,WR,PIT,IND,0,0,0.0,0,0.0,0.0,0.0,0,0.0,0,1,1,2.0,0,0.2,1.2,,,70.0,187.0,24.879058823529412,2.0,Louisville,2015.0,2015.0,,,,0.033333335
2017,12,00-0031782,E.Rogers,WR,PIT,GB,0,0,0.0,0,0.0,0.0,0.0,0,0.0,0,7,3,21.0,0,2.1,5.1,,,70.0,187.0,24.879058823529412,2.0,Louisville,2015.0,2015.0,,,3.0,0.15555556
2017,13,00-0031782,E.Rogers,WR,PIT,CIN,0,0,0.0,0,0.0,0.0,0.0,0,0.0,0,2,1,4.0,0,0.4,1.4,,,70.0,187.0,24.879058823529412,2.0,Louisville,2015.0,2015.0,,,,0.05
2017,14,00-0031782,E.Rogers,WR,PIT,BAL,0,0,0.0,0,0.0,0.0,0.0,0,0.0,0,5,3,33.0,0,3.3,6.3,,,70.0,187.0,24.879058823529412,2.0,Louisville,2015.0,2015.0,,,1.0,0.078125
2017,15,00-0031782,E.Rogers,WR,PIT,NE,0,0,0.0,0,0.0,0.0,0.0,0,0.0,0,2,1,18.0,1,7.8,8.8,,,70.0,187.0,24.879058823529412,2.0,Louisville,2015.0,2015.0,,,-3.0,0.06666667
2017,16,00-0031782,E.Rogers,WR,PIT,HOU,0,0,0.0,0,0.0,0.0,0.0,0,0.0,0,4,1,6.0,0,0.6,1.6,,,70.0,187.0,24.879058823529412,2.0,Louisville,2015.0,2015.0,,,,0.13333334
2017,17,00-0031782,E.Rogers,WR,PIT,CLE,0,0,0.0,0,0.0,0.0,0.0,0,0.0,0,1,1,1.0,0,0.1,1.1,,,70.0,187.0,24.879058823529412,2.0,Louisville,2015.0,2015.0,,,4.0,0.037037037
2017,19,00-0031782,E.Rogers,WR,PIT,JAX,0,0,0.0,0,0.0,0.0,0.0,0,0.0,0,5,5,42.0,0,4.2,9.2,,,70.0,187.0,24.879058823529412,2.0,Louisville,2015.0,2015.0,,,-3.0,0.0877193
2017,2,00-0031793,T.Watson,RB,PIT,MIN,0,0,0.0,0,0.0,0.0,0.0,1,1.0,0,0,0,0.0,0,0.1,0.1,,,73.0,240.0,24.216470588235296,2.0,Azusa Pacific,2015.0,2015.0,,,17.0,
2017,3,00-0031793,T.Watson,RB,PIT,CHI,0,0,0.0,0,0.0,0.0,0.0,1,3.0,0,0,0,0.0,0,0.3,0.3,,,73.0,240.0,24.216470588235296,2.0,Azusa Pacific,2015.0,2015.0,,,,
2017,4,00-0031793,T.Watson,RB,PIT,BAL,0,0,0.0,0,0.0,0.0,0.0,1,1.0,0,0,0,0.0,0,0.1,0.1,,,73.0,240.0,24.216470588235296,2.0,Azusa Pacific,2015.0,2015.0,,,,
2017,6,00-0031793,T.Watson,RB,PIT,KC,0,0,0.0,0,0.0,0.0,0.0,1,3.0,0,0,0,0.0,0,0.3,0.3,,,73.0,240.0,24.216470588235296,2.0,Azusa Pacific,2015.0,2015.0,,,,
2017,7,00-0031793,T.Watson,RB,PIT,CIN,0,0,0.0,0,0.0,0.0,0.0,1,0.0,0,0,0,0.0,0,0.0,0.0,,,73.0,240.0,24.216470588235296,2.0,Azusa Pacific,2015.0,2015.0,,,15.0,
2017,16,00-0031800,T.Heinicke,QB,HOU,PIT,1,1,10.0,0,0.0,1.0,16.0,1,2.0,0,0,0,0.0,0,0.6,0.6,,,73.0,210.0,24.64325,2.0,Old Dominion,2015.0,2015.0,,,-28.0,
2017,3,00-0031801,J.Leslie,WR,CLE,IND,0,0,0.0,0,0.0,0.0,0.0,0,0.0,0,1,1,26.0,0,2.6,3.6,,,73.0,205.0,26.0150625,2.0,Brigham Young,2015.0,2015.0,,,,0.02173913
2017,1,00-0031806,M.Brown,RB,LA,IND,0,0,0.0,0,0.0,0.0,0.0,7,16.0,1,0,0,0.0,0,7.6,7.6,,,71.0,227.0,24.48705882352941,2.0,Texas,2015.0,2015.0,,,37.0,
2017,2,00-0031806,M.Brown,RB,LA,WAS,0,0,0.0,0,0.0,0.0,0.0,0,0.0,0,1,1,-4.0,0,-0.4,0.6,,,71.0,227.0,24.48705882352941,2.0,Texas,2015.0,2015.0,,,-7.0,0.04
2017,4,00-0031806,M.Brown,RB,LA,DAL,0,0,0.0,0,0.0,0.0,0.0,1,0.0,0,1,1,14.0,0,1.4,2.4,,,71.0,227.0,24.48705882352941,2.0,Texas,2015.0,2015.0,,,,0.028571429
2017,5,00-0031806,M.Brown,RB,LA,SEA,0,0,0.0,0,0.0,0.0,0.0,0,0.0,0,2,2,29.0,0,2.9,4.9,,,71.0,227.0,24.48705882352941,2.0,Texas,2015.0,2015.0,,,-6.0,0.04347826
2017,6,00-0031806,M.Brown,RB,LA,JAX,0,0,0.0,0,0.0,0.0,0.0,3,17.0,0,0,0,0.0,0,7.7,7.7,,,71.0,227.0,24.48705882352941,2.0,Texas,2015.0,2015.0,,,,
2017,7,00-0031806,M.Brown,RB,LA,ARI,0,0,0.0,0,0.0,0.0,0.0,11,48.0,0,1,1,7.0,0,5.5,6.5,,,71.0,227.0,24.48705882352941,2.0,Texas,2015.0,2015.0,,,33.0,0.027027028
2017,9,00-0031806,M.Brown,RB,LA,NYG,0,0,0.0,0,0.0,0.0,0.0,15,57.0,0,0,0,0.0,0,5.7,5.7,,,71.0,227.0,24.48705882352941,2.0,Texas,2015.0,2015.0,,,,
2017,14,00-0031806,M.Brown,RB,LA,PHI,0,0,0.0,0,0.0,0.0,0.0,1,5.0,0,0,0,0.0,0,0.5,0.5,,,71.0,227.0,24.48705882352941,2.0,Texas,2015.0,2015.0,,,-8.0,
2017,15,00-0031806,M.Brown,RB,LA,SEA,0,0,0.0,0,0.0,0.0,0.0,10,45.0,0,1,0,0.0,0,4.5,4.5,,,71.0,227.0,24.48705882352941,2.0,Texas,2015.0,2015.0,,,,0.04347826
2017,16,00-0031806,M.Brown,RB,LA,TEN,0,0,0.0,0,0.0,0.0,0.0,1,4.0,0,0,0,0.0,0,0.4,0.4,,,71.0,227.0,24.48705882352941,2.0,Texas,2015.0,2015.0,,,,
2017,17,00-0031806,M.Brown,RB,LA,SF,0,0,0.0,0,0.0,0.0,0.0,14,54.0,0,5,4,7.0,0,6.1,10.1,,,71.0,227.0,24.48705882352941,2.0,Texas,2015.0,2015.0,,,-21.0,0.14705883
2017,18,00-0031806,M.Brown,RB,LA,ATL,0,0,0.0,0,0.0,0.0,0.0,2,14.0,0,0,0,0.0,0,1.4,1.4,,,71.0,227.0,24.48705882352941,2.0,Texas,2015.0,2015.0,,,-13.0,
2017,14,00-0031834,L.Pinkard,WR,JAX,SEA,0,0,0.0,0,0.0,0.0,0.0,0,0.0,0,1,1,5.0,0,0.5,1.5,,,72.0,196.0,25.726,2.0,Old Dominion,2015.0,2015.0,,,6.0,0.037037037
2017,1,00-0031868,D.Byrd,WR,CAR,SF,0,0,0.0,0,0.0,0.0,0.0,0,0.0,0,1,0,0.0,0,0.0,0.0,,,69.0,180.0,24.77964705882353,2.0,South Carolina,2015.0,2015.0,,,,0.041666668
2017,2,00-0031868,D.Byrd,WR,CAR,BUF,0,0,0.0,0,0.0,0.0,0.0,0,0.0,0,1,0,0.0,0,0.0,0.0,,,69.0,180.0,24.77964705882353,2.0,South Carolina,2015.0,2015.0,,,6.0,0.032258064
2017,3,00-0031868,D.Byrd,WR,CAR,NO,0,0,0.0,0,0.0,0.0,0.0,0,0.0,0,1,0,0.0,0,0.0,0.0,,,69.0,180.0,24.77964705882353,2.0,South Carolina,2015.0,2015.0,,,-21.0,0.030303031
2017,4,00-0031868,D.Byrd,WR,CAR,NE,0,0,0.0,0,0.0,0.0,0.0,1,12.0,0,1,0,0.0,0,1.2,1.2,,,69.0,180.0,24.77964705882353,2.0,South Carolina,2015.0,2015.0,,,,0.03448276
2017,13,00-0031868,D.Byrd,WR,CAR,NO,0,0,0.0,0,0.0,0.0,0.0,0,0.0,0,2,1,12.0,0,1.2,2.2,,,69.0,180.0,24.77964705882353,2.0,South Carolina,2015.0,2015.0,,,,0.071428575
2017,14,00-0031868,D.Byrd,WR,CAR,MIN,0,0,0.0,0,0.0,0.0,0.0,0,0.0,0,5,5,37.0,0,3.7,8.7,,,69.0,180.0,24.77964705882353,2.0,South Carolina,2015.0,2015.0,,,7.0,0.2173913
2017,15,00-0031868,D.Byrd,WR,CAR,GB,0,0,0.0,0,0.0,0.0,0.0,0,0.0,0,4,3,25.0,2,14.5,17.5,,,69.0,180.0,24.77964705882353,2.0,South Carolina,2015.0,2015.0,,,7.0,0.13333334
2017,16,00-0031868,D.Byrd,WR,CAR,TB,0,0,0.0,0,0.0,0.0,0.0,0,0.0,0,2,1,31.0,0,9.1,10.1,,,69.0,180.0,24.77964705882353,2.0,South Carolina,2015.0,2015.0,,,3.0,0.07692308
2017,15,00-0031884,G.Holmes,TE,ARI,WAS,0,0,0.0,0,0.0,0.0,0.0,0,0.0,0,1,0,0.0,0,0.0,0.0,,,76.0,255.0,26.604875,2.0,Purdue,2015.0,2015.0,,,,0.025
2017,2,00-0031897,T.Rawls,RB,SEA,SF,0,0,0.0,0,0.0,0.0,0.0,5,4.0,0,0,0,0.0,0,0.4,0.4,,,69.0,215.0,24.2605625,2.0,Central Michigan,2015.0,2015.0,,,3.0,
2017,5,00-0031897,T.Rawls,RB,SEA,LA,0,0,0.0,0,0.0,0.0,0.0,8,20.0,0,3,2,15.0,0,3.5,5.5,,,69.0,215.0,24.2605625,2.0,Central Michigan,2015.0,2015.0,,,,0.08108108
2017,7,00-0031897,T.Rawls,RB,SEA,NYG,0,0,0.0,0,0.0,0.0,0.0,11,36.0,0,2,1,16.0,0,3.2,4.2,,,69.0,215.0,24.2605625,2.0,Central Michigan,2015.0,2015.0,,,,0.054054055
2017,8,00-0031897,T.Rawls,RB,SEA,HOU,0,0,0.0,0,0.0,0.0,0.0,6,-1.0,0,1,0,0.0,0,-0.1,-0.1,,,69.0,215.0,24.2605625,2.0,Central Michigan,2015.0,2015.0,,,3.0,0.027027028
2017,9,00-0031897,T.Rawls,RB,SEA,WAS,0,0,0.0,0,0.0,0.0,0.0,9,39.0,0,2,2,31.0,0,7.0,9.0,,,69.0,215.0,24.2605625,2.0,Central Michigan,2015.0,2015.0,,,-3.0,0.048780486
2017,10,00-0031897,T.Rawls,RB,SEA,ARI,0,0,0.0,0,0.0,0.0,0.0,10,27.0,0,2,2,12.0,0,3.9,5.9,,,69.0,215.0,24.2605625,2.0,Central Michigan,2015.0,2015.0,,,,0.06666667
2017,13,00-0031897,T.Rawls,RB,SEA,PHI,0,0,0.0,0,0.0,0.0,0.0,1,4.0,0,0,0,0.0,0,0.4,0.4,,,69.0,215.0,24.2605625,2.0,Central Michigan,2015.0,2015.0,,,14.0,
2017,16,00-0031897,T.Rawls,RB,SEA,DAL,0,0,0.0,0,0.0,0.0,0.0,5,20.0,0,0,0,0.0,0,2.0,2.0,,,69.0,215.0,24.2605625,2.0,Central Michigan,2015.0,2015.0,,,,
2017,17,00-0031897,T.Rawls,RB,SEA,ARI,0,0,0.0,0,0.0,0.0,0.0,3,8.0,0,3,2,20.0,0,2.8,4.8,,,69.0,215.0,24.2605625,2.0,Central Michigan,2015.0,2015.0,,,-2.0,0.10714286
2017,2,00-0031900,R.Smith,RB,DAL,DEN,0,0,0.0,0,0.0,0.0,0.0,2,8.0,0,0,0,0.0,0,0.8,0.8,,,75.0,240.0,25.8234375,2.0,Ohio State,2015.0,2015.0,,,,
2017,5,00-0031900,R.Smith,RB,DAL,GB,0,0,0.0,0,0.0,0.0,0.0,0,0.0,0,1,1,18.0,0,1.8,2.8,,,75.0,240.0,25.8234375,2.0,Ohio State,2015.0,2015.0,,,-4.0,0.027777778
2017,7,00-0031900,R.Smith,RB,DAL,SF,0,0,0.0,0,0.0,0.0,0.0,8,61.0,0,2,1,5.0,0,6.6,7.6,,,75.0,240.0,25.8234375,2.0,Ohio State,2015.0,2015.0,,,,0.074074075
2017,10,00-0031900,R.Smith,RB,DAL,ATL,0,0,0.0,0,0.0,0.0,0.0,3,14.0,0,6,4,15.0,0,2.9,6.9,,,75.0,240.0,25.8234375,2.0,Ohio State,2015.0,2015.0,,,,0.2
2017,11,00-0031900,R.Smith,RB,DAL,PHI,0,0,0.0,0,0.0,0.0,0.0,8,11.0,0,0,0,0.0,0,1.1,1.1,,,75.0,240.0,25.8234375,2.0,Ohio State,2015.0,2015.0,,,-28.0,
2017,12,00-0031900,R.Smith,RB,DAL,LAC,0,0,0.0,0,0.0,0.0,0.0,9,41.0,1,2,2,7.0,0,10.8,12.8,,,75.0,240.0,25.8234375,2.0,Ohio State,2015.0,2015.0,,,-22.0,0.08
2017,13,00-0031900,R.Smith,RB,DAL,WAS,0,0,0.0,0,0.0,0.0,0.0,10,27.0,1,1,0,0.0,0,8.7,8.7,,,75.0,240.0,25.8234375,2.0,Ohio State,2015.0,2015.0,,,24.0,0.045454547
2017,14,00-0031900,R.Smith,RB,DAL,NYG,0,0,0.0,0,0.0,0.0,0.0,6,47.0,1,5,5,113.0,1,28.0,33.0,,,75.0,240.0,25.8234375,2.0,Ohio State,2015.0,2015.0,,,,0.16666667
2017,15,00-0031900,R.Smith,RB,DAL,LV,0,0,0.0,0,0.0,0.0,0.0,7,13.0,1,3,3,21.0,0,9.4,12.4,,,75.0,240.0,25.8234375,2.0,Ohio State,2015.0,2015.0,,,,0.11111111
2017,16,00-0031900,R.Smith,RB,DAL,SEA,0,0,0.0,0,0.0,0.0,0.0,2,10.0,0,3,3,23.0,0,3.3,6.3,,,75.0,240.0,25.8234375,2.0,Ohio State,2015.0,2015.0,,,-9.0,0.0882353
2017,17,00-0031904,B.Callahan,CB,CHI,CHI,0,0,0.0,0,0.0,0.0,0.0,0,0.0,0,0,0,0.0,0,6.0,6.0,,,69.0,188.0,26.0364375,2.0,Rice,2015.0,2015.0,,,,
2017,3,00-0031939,M.Jones,RB,IND,CLE,0,0,0.0,0,0.0,0.0,0.0,1,3.0,0,0,0,0.0,0,0.3,0.3,,,74.0,239.0,24.662375,2.0,Florida,2015.0,2015.0,WAS,95.0,3.0,
2017,4,00-0031939,M.Jones,RB,IND,SEA,0,0,0.0,0,0.0,0.0,0.0,4,11.0,0,0,0,0.0,0,1.1,1.1,,,74.0,239.0,24.662375,2.0,Florida,2015.0,2015.0,WAS,95.0,,
2017,1,00-0031941,J.Crowder,WR,WAS,PHI,0,0,0.0,0,0.0,0.0,0.0,0,0.0,0,7,3,14.0,0,1.4,4.4,,,69.0,177.0,24.3900625,2.0,Duke,2015.0,2015.0,WAS,105.0,-13.0,0.175
2017,2,00-0031941,J.Crowder,WR,WAS,LA,0,0,0.0,0,0.0,0.0,0.0,0,0.0,0,5,4,47.0,0,4.7,8.7,,,69.0,177.0,24.3900625,2.0,Duke,2015.0,2015.0,WAS,105.0,,0.18518518
2017,3,00-0031941,J.Crowder,WR,WAS,LV,0,0,0.0,0,0.0,0.0,0.0,0,0.0,0,6,6,52.0,0,5.2,11.2,,,69.0,177.0,24.3900625,2.0,Duke,2015.0,2015.0,WAS,105.0,17.0,0.2
2017,4,00-0031941,J.Crowder,WR,WAS,KC,0,0,0.0,0,0.0,0.0,0.0,0,0.0,0,1,1,-7.0,0,-0.7,0.3,,,69.0,177.0,24.3900625,2.0,Duke,2015.0,2015.0,WAS,105.0,,0.041666668
2017,6,00-0031941,J.Crowder,WR,WAS,SF,0,0,0.0,0,0.0,0.0,0.0,1,11.0,0,5,3,15.0,0,2.6,5.6,,,69.0,177.0,24.3900625,2.0,Duke,2015.0,2015.0,WAS,105.0,2.0,0.1388889
2017,7,00-0031941,J.Crowder,WR,WAS,PHI,0,0,0.0,0,0.0,0.0,0.0,1,3.0,0,6,2,28.0,0,3.1,5.1,,,69.0,177.0,24.3900625,2.0,Duke,2015.0,2015.0,WAS,105.0,,0.15
2017,8,00-0031941,J.Crowder,WR,WAS,DAL,0,0,0.0,0,0.0,0.0,0.0,2,12.0,0,13,9,123.0,0,13.5,22.5,,,69.0,177.0,24.3900625,2.0,Duke,2015.0,2015.0,WAS,105.0,-14.0,0.33333334
2017,10,00-0031941,J.Crowder,WR,WAS,MIN,0,0,0.0,0,0.0,0.0,0.0,1,5.0,0,11,4,76.0,0,8.1,12.1,,,69.0,177.0,24.3900625,2.0,Duke,2015.0,2015.0,WAS,105.0,-8.0,0.24444444
2017,11,00-0031941,J.Crowder,WR,WAS,NO,0,0,0.0,0,0.0,0.0,0.0,1,4.0,0,8,7,72.0,0,7.6,14.6,,,69.0,177.0,24.3900625,2.0,Duke,2015.0,2015.0,WAS,105.0,,0.26666668
2017,12,00-0031941,J.Crowder,WR,WAS,NYG,0,0,0.0,0,0.0,0.0,0.0,0,0.0,0,10,7,141.0,1,20.1,27.1,,,69.0,177.0,24.3900625,2.0,Duke,2015.0,2015.0,WAS,105.0,10.0,0.33333334
2017,13,00-0031941,J.Crowder,WR,WAS,DAL,0,0,0.0,0,0.0,0.0,0.0,0,0.0,0,7,5,67.0,0,6.7,11.7,,,69.0,177.0,24.3900625,2.0,Duke,2015.0,2015.0,WAS,105.0,,0.19444445
2017,14,00-0031941,J.Crowder,WR,WAS,LAC,0,0,0.0,0,0.0,0.0,0.0,0,0.0,0,6,3,34.0,0,3.4,6.4,,,69.0,177.0,24.3900625,2.0,Duke,2015.0,2015.0,WAS,105.0,,0.22222222
2017,15,00-0031941,J.Crowder,WR,WAS,ARI,0,0,0.0,0,0.0,0.0,0.0,0,0.0,0,7,5,55.0,1,11.5,16.5,,,69.0,177.0,24.3900625,2.0,Duke,2015.0,2015.0,WAS,105.0,5.0,0.26923078
2017,16,00-0031941,J.Crowder,WR,WAS,DEN,0,0,0.0,0,0.0,0.0,0.0,0,0.0,0,4,4,47.0,1,10.7,14.7,,,69.0,177.0,24.3900625,2.0,Duke,2015.0,2015.0,WAS,105.0,16.0,0.10810811
2017,17,00-0031941,J.Crowder,WR,WAS,NYG,0,0,0.0,0,0.0,0.0,0.0,1,-1.0,0,7,3,25.0,0,2.4,5.4,,,69.0,177.0,24.3900625,2.0,Duke,2015.0,2015.0,WAS,105.0,,0.1891892
2017,1,00-0031951,J.O'Shaughnessy,TE,JAX,HOU,0,0,0.0,0,0.0,0.0,0.0,0,0.0,0,1,1,18.0,0,1.8,2.8,,,76.0,245.0,25.840999999999998,2.0,Illinois State,2015.0,2015.0,KC,173.0,,0.04761905
2017,3,00-0031951,J.O'Shaughnessy,TE,JAX,BAL,0,0,0.0,0,0.0,0.0,0.0,0,0.0,0,1,1,12.0,0,1.2,2.2,,,76.0,245.0,25.840999999999998,2.0,Illinois State,2015.0,2015.0,KC,173.0,37.0,0.033333335
2017,4,00-0031951,J.O'Shaughnessy,TE,JAX,NYJ,0,0,0.0,0,0.0,0.0,0.0,0,0.0,0,1,0,0.0,0,0.0,0.0,,,76.0,245.0,25.840999999999998,2.0,Illinois State,2015.0,2015.0,KC,173.0,,0.028571429
2017,5,00-0031951,J.O'Shaughnessy,TE,JAX,PIT,0,0,0.0,0,0.0,0.0,0.0,0,0.0,0,1,0,0.0,0,0.0,0.0,,,76.0,245.0,25.840999999999998,2.0,Illinois State,2015.0,2015.0,KC,173.0,,0.071428575
2017,6,00-0031951,J.O'Shaughnessy,TE,JAX,LA,0,0,0.0,0,0.0,0.0,0.0,0,0.0,0,3,2,11.0,0,1.1,3.1,,,76.0,245.0,25.840999999999998,2.0,Illinois State,2015.0,2015.0,KC,173.0,-10.0,0.08571429
2017,7,00-0031951,J.O'Shaughnessy,TE,JAX,IND,0,0,0.0,0,0.0,0.0,0.0,0,0.0,0,1,0,0.0,0,0.0,0.0,,,76.0,245.0,25.840999999999998,2.0,Illinois State,2015.0,2015.0,KC,173.0,,0.037037037
2017,9,00-0031951,J.O'Shaughnessy,TE,JAX,CIN,0,0,0.0,0,0.0,0.0,0.0,0,0.0,0,1,1,6.0,0,0.6,1.6,,,76.0,245.0,25.840999999999998,2.0,Illinois State,2015.0,2015.0,KC,173.0,16.0,0.027027028
2017,11,00-0031951,J.O'Shaughnessy,TE,JAX,CLE,0,0,0.0,0,0.0,0.0,0.0,0,0.0,0,1,1,12.0,0,1.2,2.2,,,76.0,245.0,25.840999999999998,2.0,Illinois State,2015.0,2015.0,KC,173.0,,0.03448276
2017,12,00-0031951,J.O'Shaughnessy,TE,JAX,ARI,0,0,0.0,0,0.0,0.0,0.0,0,0.0,0,2,1,7.0,0,0.7,1.7,,,76.0,245.0,25.840999999999998,2.0,Illinois State,2015.0,2015.0,KC,173.0,,0.0625
2017,13,00-0031951,J.O'Shaughnessy,TE,JAX,IND,0,0,0.0,0,0.0,0.0,0.0,0,0.0,0,1,1,29.0,0,2.9,3.9,,,76.0,245.0,25.840999999999998,2.0,Illinois State,2015.0,2015.0,KC,173.0,20.0,0.028571429
2017,14,00-0031951,J.O'Shaughnessy,TE,JAX,SEA,0,0,0.0,0,0.0,0.0,0.0,0,0.0,0,1,0,0.0,0,0.0,0.0,,,76.0,245.0,25.840999999999998,2.0,Illinois State,2015.0,2015.0,KC,173.0,6.0,0.037037037
2017,15,00-0031951,J.O'Shaughnessy,TE,JAX,HOU,0,0,0.0,0,0.0,0.0,0.0,0,0.0,0,2,1,15.0,0,1.5,2.5,,,76.0,245.0,25.840999999999998,2.0,Illinois State,2015.0,2015.0,KC,173.0,38.0,0.07692308
2017,16,00-0031951,J.O'Shaughnessy,TE,JAX,SF,0,0,0.0,0,0.0,0.0,0.0,0,0.0,0,6,5,39.0,1,9.9,14.9,,,76.0,245.0,25.840999999999998,2.0,Illinois State,2015.0,2015.0,KC,173.0,,0.12
2017,17,00-0031951,J.O'Shaughnessy,TE,JAX,TEN,0,0,0.0,0,0.0,0.0,0.0,0,0.0,0,2,0,0.0,0,0.0,0.0,,,76.0,245.0,25.840999999999998,2.0,Illinois State,2015.0,2015.0,KC,173.0,,0.05882353
2017,19,00-0031951,J.O'Shaughnessy,TE,JAX,PIT,0,0,0.0,0,0.0,0.0,0.0,0,0.0,0,2,1,19.0,0,1.9,2.9,,,76.0,245.0,25.840999999999998,2.0,Illinois State,2015.0,2015.0,KC,173.0,,0.08
2017,20,00-0031951,J.O'Shaughnessy,TE,JAX,NE,0,0,0.0,0,0.0,0.0,0.0,0,0.0,0,1,1,4.0,0,0.4,1.4,,,76.0,245.0,25.840999999999998,2.0,Illinois State,2015.0,2015.0,KC,173.0,,0.027777778
2017,1,00-0031956,A.Chickillo,OLB,PIT,PIT,0,0,0.0,0,0.0,0.0,0.0,0,0.0,0,0,0,0.0,0,6.0,6.0,,,75.0,267.0,24.91458823529412,2.0,Miami,2015.0,2015.0,PIT,212.0,,
2017,17,00-0031959,M.Murphy,RB,BUF,MIA,0,0,0.0,0,0.0,0.0,0.0,7,41.0,0,2,2,7.0,0,4.8,6.8,,,69.0,195.0,26.1015,2.0,Missouri,2015.0,2015.0,NO,230.0,,0.074074075
2017,1,00-0032004,W.Tye,TE,NYJ,BUF,0,0,0.0,0,0.0,0.0,0.0,0,0.0,0,3,3,34.0,0,3.4,6.4,,,74.0,256.0,26.03836842105263,2.0,Stony Brook,2015.0,2015.0,,,,0.078947365
2017,2,00-0032004,W.Tye,TE,NYJ,LV,0,0,0.0,0,0.0,0.0,0.0,0,0.0,0,3,1,4.0,0,0.4,1.4,,,74.0,256.0,26.03836842105263,2.0,Stony Brook,2015.0,2015.0,,,,0.125
2017,2,00-0032009,A.Humphries,WR,TB,CHI,0,0,0.0,0,0.0,0.0,0.0,0,0.0,0,3,2,18.0,0,1.8,3.8,,,71.0,195.0,24.3761875,2.0,Clemson,2015.0,2015.0,,,22.0,0.09677419
2017,3,00-0032009,A.Humphries,WR,TB,MIN,0,0,0.0,0,0.0,0.0,0.0,0,0.0,0,10,6,68.0,0,6.8,12.8,,,71.0,195.0,24.3761875,2.0,Clemson,2015.0,2015.0,,,,0.25
2017,4,00-0032009,A.Humphries,WR,TB,NYG,0,0,0.0,0,0.0,0.0,0.0,0,0.0,0,7,6,70.0,0,7.0,13.0,,,71.0,195.0,24.3761875,2.0,Clemson,2015.0,2015.0,,,2.0,0.18421052
2017,5,00-0032009,A.Humphries,WR,TB,NE,0,0,0.0,0,0.0,0.0,0.0,0,0.0,0,5,3,51.0,0,5.1,8.1,,,71.0,195.0,24.3761875,2.0,Clemson,2015.0,2015.0,,,-5.0,0.11111111
2017,6,00-0032009,A.Humphries,WR,TB,ARI,0,0,0.0,0,0.0,0.0,0.0,0,0.0,0,7,6,51.0,0,5.1,11.1,,,71.0,195.0,24.3761875,2.0,Clemson,2015.0,2015.0,,,,0.16666667
2017,7,00-0032009,A.Humphries,WR,TB,BUF,0,0,0.0,0,0.0,0.0,0.0,0,0.0,0,3,2,13.0,0,-0.7,1.3,,,71.0,195.0,24.3761875,2.0,Clemson,2015.0,2015.0,,,,0.06818182
2017,8,00-0032009,A.Humphries,WR,TB,CAR,0,0,0.0,0,0.0,0.0,0.0,0,0.0,0,6,4,26.0,0,2.6,6.6,,,71.0,195.0,24.3761875,2.0,Clemson,2015.0,2015.0,,,-14.0,0.16666667
2017,9,00-0032009,A.Humphries,WR,TB,NO,0,0,0.0,0,0.0,0.0,0.0,0,0.0,0,2,2,14.0,0,1.4,3.4,,,71.0,195.0,24.3761875,2.0,Clemson,2015.0,2015.0,,,,0.074074075
2017,10,00-0032009,A.Humphries,WR,TB,NYJ,0,0,0.0,0,0.0,0.0,0.0,0,0.0,0,4,2,17.0,0,1.7,3.7,,,71.0,195.0,24.3761875,2.0,Clemson,2015.0,2015.0,,,5.0,0.11764706
2017,11,00-0032009,A.Humphries,WR,TB,MIA,0,0,0.0,0,0.0,0.0,0.0,0,0.0,0,4,2,11.0,0,1.1,3.1,,,71.0,195.0,24.3761875,2.0,Clemson,2015.0,2015.0,,,,0.11111111
2017,12,00-0032009,A.Humphries,WR,TB,ATL,0,0,0.0,0,0.0,0.0,0.0,0,0.0,0,6,4,38.0,0,3.8,7.8,,,71.0,195.0,24.3761875,2.0,Clemson,2015.0,2015.0,,,,0.13636364
2017,13,00-0032009,A.Humphries,WR,TB,GB,0,0,0.0,0,0.0,0.0,0.0,0,0.0,0,4,4,33.0,0,3.3,7.3,,,71.0,195.0,24.3761875,2.0,Clemson,2015.0,2015.0,,,,0.125
2017,14,00-0032009,A.Humphries,WR,TB,DET,0,0,0.0,0,0.0,0.0,0.0,0,0.0,0,3,3,25.0,0,2.5,5.5,,,71.0,195.0,24.3761875,2.0,Clemson,2015.0,2015.0,,,-3.0,0.08108108
2017,15,00-0032009,A.Humphries,WR,TB,ATL,0,0,0.0,0,0.0,0.0,0.0,1,6.0,0,5,5,43.0,1,10.9,15.9,,,71.0,195.0,24.3761875,2.0,Clemson,2015.0,2015.0,,,-3.0,0.15151516
2017,16,00-0032009,A.Humphries,WR,TB,CAR,0,0,0.0,0,0.0,0.0,0.0,0,0.0,0,3,3,51.0,0,5.1,8.1,,,71.0,195.0,24.3761875,2.0,Clemson,2015.0,2015.0,,,,0.11111111
2017,17,00-0032009,A.Humphries,WR,TB,NO,0,0,0.0,0,0.0,0.0,0.0,0,0.0,0,11,7,102.0,0,10.2,17.2,,,71.0,195.0,24.3761875,2.0,Clemson,2015.0,2015.0,,,7.0,0.22
2017,3,00-0032048,M.Brown,RB,WAS,LV,0,0,0.0,0,0.0,0.0,0.0,6,27.0,0,0,0,0.0,0,2.7,2.7,,,71.0,213.0,26.144235294117646,2.0,Florida,2015.0,2015.0,,,17.0,
2017,6,00-0032048,M.Brown,RB,WAS,SF,0,0,0.0,0,0.0,0.0,0.0,2,2.0,0,1,1,11.0,0,1.3,2.3,,,71.0,213.0,26.144235294117646,2.0,Florida,2015.0,2015.0,,,2.0,0.027777778
2017,1,00-0032054,B.Perriman,WR,BAL,CIN,0,0,0.0,0,0.0,0.0,0.0,0,0.0,0,4,1,5.0,0,0.5,1.5,,,74.0,215.0,24.151625,2.0,Central Florida,2015.0,2015.0,BAL,26.0,,0.23529412
2017,2,00-0032054,B.Perriman,WR,BAL,CLE,0,0,0.0,0,0.0,0.0,0.0,0,0.0,0,4,0,0.0,0,0.0,0.0,,,74.0,215.0,24.151625,2.0,Central Florida,2015.0,2015.0,BAL,26.0,14.0,0.121212125
2017,3,00-0032054,B.Perriman,WR,BAL,JAX,0,0,0.0,0,0.0,0.0,0.0,0,0.0,0,1,0,0.0,0,0.0,0.0,,,74.0,215.0,24.151625,2.0,Central Florida,2015.0,2015.0,BAL,26.0,,0.037037037
2017,4,00-0032054,B.Perriman,WR,BAL,PIT,0,0,0.0,0,0.0,0.0,0.0,0,0.0,0,4,1,6.0,0,0.6,1.6,,,74.0,215.0,24.151625,2.0,Central Florida,2015.0,2015.0,BAL,26.0,-17.0,0.08510638
2017,5,00-0032054,B.Perriman,WR,BAL,LV,0,0,0.0,0,0.0,0.0,0.0,0,0.0,0,3,2,15.0,0,1.5,3.5,,,74.0,215.0,24.151625,2.0,Central Florida,2015.0,2015.0,BAL,26.0,,0.115384616
2017,6,00-0032054,B.Perriman,WR,BAL,CHI,0,0,0.0,0,0.0,0.0,0.0,0,0.0,0,2,0,0.0,0,0.0,0.0,,,74.0,215.0,24.151625,2.0,Central Florida,2015.0,2015.0,BAL,26.0,-3.0,0.048780486
2017,8,00-0032054,B.Perriman,WR,BAL,MIA,0,0,0.0,0,0.0,0.0,0.0,0,0.0,0,2,0,0.0,0,0.0,0.0,,,74.0,215.0,24.151625,2.0,Central Florida,2015.0,2015.0,BAL,26.0,40.0,0.0952381
2017,9,00-0032054,B.Perriman,WR,BAL,TEN,0,0,0.0,0,0.0,0.0,0.0,0,0.0,0,7,3,28.0,0,2.8,5.8,,,74.0,215.0,24.151625,2.0,Central Florida,2015.0,2015.0,BAL,26.0,,0.13461539
2017,12,00-0032054,B.Perriman,WR,BAL,HOU,0,0,0.0,0,0.0,0.0,0.0,0,0.0,0,2,0,0.0,0,0.0,0.0,,,74.0,215.0,24.151625,2.0,Central Florida,2015.0,2015.0,BAL,26.0,7.0,0.060606062
2017,15,00-0032054,B.Perriman,WR,BAL,CLE,0,0,0.0,0,0.0,0.0,0.0,0,0.0,0,2,1,9.0,0,0.9,1.9,,,74.0,215.0,24.151625,2.0,Central Florida,2015.0,2015.0,BAL,26.0,,0.04761905
2017,16,00-0032054,B.Perriman,WR,BAL,IND,0,0,0.0,0,0.0,0.0,0.0,0,0.0,0,4,2,14.0,0,1.4,3.4,,,74.0,215.0,24.151625,2.0,Central Florida,2015.0,2015.0,BAL,26.0,7.0,0.10526316
2017,1,00-0032055,D.Funchess,TE,CAR,SF,0,0,0.0,0,0.0,0.0,0.0,0,0.0,0,2,2,20.0,0,2.0,4.0,,,76.0,225.0,23.468176470588237,2.0,Michigan,2015.0,2015.0,CAR,41.0,,0.083333336
2017,2,00-0032055,D.Funchess,TE,CAR,BUF,0,0,0.0,0,0.0,0.0,0.0,0,0.0,0,6,4,68.0,0,6.8,10.8,,,76.0,225.0,23.468176470588237,2.0,Michigan,2015.0,2015.0,CAR,41.0,6.0,0.19354838
2017,3,00-0032055,D.Funchess,TE,CAR,NO,0,0,0.0,0,0.0,0.0,0.0,0,0.0,0,10,4,58.0,0,5.8,9.8,,,76.0,225.0,23.468176470588237,2.0,Michigan,2015.0,2015.0,CAR,41.0,-21.0,0.3030303
2017,4,00-0032055,D.Funchess,TE,CAR,NE,0,0,0.0,0,0.0,0.0,0.0,0,0.0,0,9,7,70.0,2,19.0,26.0,,,76.0,225.0,23.468176470588237,2.0,Michigan,2015.0,2015.0,CAR,41.0,,0.31034482
2017,5,00-0032055,D.Funchess,TE,CAR,DET,0,0,0.0,0,0.0,0.0,0.0,0,0.0,0,8,7,53.0,1,11.3,18.3,,,76.0,225.0,23.468176470588237,2.0,Michigan,2015.0,2015.0,CAR,41.0,,0.24242425
2017,6,00-0032055,D.Funchess,TE,CAR,PHI,0,0,0.0,0,0.0,0.0,0.0,0,0.0,0,9,3,36.0,0,3.6,6.6,,,76.0,225.0,23.468176470588237,2.0,Michigan,2015.0,2015.0,CAR,41.0,-5.0,0.17307693
2017,7,00-0032055,D.Funchess,TE,CAR,CHI,0,0,0.0,0,0.0,0.0,0.0,0,0.0,0,8,4,41.0,0,4.1,8.1,,,76.0,225.0,23.468176470588237,2.0,Michigan,2015.0,2015.0,CAR,41.0,,0.23529412
2017,8,00-0032055,D.Funchess,TE,CAR,TB,0,0,0.0,0,0.0,0.0,0.0,0,0.0,0,6,2,11.0,0,1.1,3.1,,,76.0,225.0,23.468176470588237,2.0,Michigan,2015.0,2015.0,CAR,41.0,,0.2
2017,9,00-0032055,D.Funchess,TE,CAR,ATL,0,0,0.0,0,0.0,0.0,0.0,0,0.0,0,7,5,86.0,0,8.6,13.6,,,76.0,225.0,23.468176470588237,2.0,Michigan,2015.0,2015.0,CAR,41.0,3.0,0.3043478
2017,10,00-0032055,D.Funchess,TE,CAR,MIA,0,0,0.0,0,0.0,0.0,0.0,0,0.0,0,6,5,92.0,2,21.2,26.2,,,76.0,225.0,23.468176470588237,2.0,Michigan,2015.0,2015.0,CAR,41.0,24.0,0.17142858
2017,12,00-0032055,D.Funchess,TE,CAR,NYJ,0,0,0.0,0,0.0,0.0,0.0,0,0.0,0,12,7,108.0,0,10.8,17.8,,,76.0,225.0,23.468176470588237,2.0,Michigan,2015.0,2015.0,CAR,41.0,,0.42857143
2017,13,00-0032055,D.Funchess,TE,CAR,NO,0,0,0.0,0,0.0,0.0,0.0,0,0.0,0,7,4,60.0,1,12.0,16.0,,,76.0,225.0,23.468176470588237,2.0,Michigan,2015.0,2015.0,CAR,41.0,,0.25
2017,14,00-0032055,D.Funchess,TE,CAR,MIN,0,0,0.0,0,0.0,0.0,0.0,0,0.0,0,7,3,59.0,1,11.9,14.9,,,76.0,225.0,23.468176470588237,2.0,Michigan,2015.0,2015.0,CAR,41.0,7.0,0.3043478
2017,15,00-0032055,D.Funchess,TE,CAR,GB,0,0,0.0,0,0.0,0.0,0.0,0,0.0,0,4,1,19.0,0,1.9,2.9,,,76.0,225.0,23.468176470588237,2.0,Michigan,2015.0,2015.0,CAR,41.0,7.0,0.13333334
2017,16,00-0032055,D.Funchess,TE,CAR,TB,0,0,0.0,0,0.0,0.0,0.0,0,0.0,0,4,3,11.0,0,1.1,4.1,,,76.0,225.0,23.468176470588237,2.0,Michigan,2015.0,2015.0,CAR,41.0,3.0,0.15384616
2017,17,00-0032055,D.Funchess,TE,CAR,ATL,0,0,0.0,0,0.0,0.0,0.0,0,0.0,0,6,2,48.0,1,10.8,12.8,,,76.0,225.0,23.468176470588237,2.0,Michigan,2015.0,2015.0,CAR,41.0,,0.18181819
2017,18,00-0032055,D.Funchess,TE,CAR,NO,0,0,0.0,0,0.0,0.0,0.0,0,0.0,0,8,4,79.0,0,7.9,11.9,,,76.0,225.0,23.468176470588237,2.0,Michigan,2015.0,2015.0,CAR,41.0,,0.21052632
2017,1,00-0032058,T.Coleman,RB,ATL,CHI,0,0,0.0,0,0.0,0.0,0.0,8,16.0,0,6,4,42.0,0,5.8,9.8,,,73.0,210.0,24.579833333333333,2.0,Indiana,2015.0,2015.0,ATL,73.0,,0.2
2017,2,00-0032058,T.Coleman,RB,ATL,GB,0,0,0.0,0,0.0,0.0,0.0,6,42.0,0,2,2,3.0,1,10.5,12.5,,,73.0,210.0,24.579833333333333,2.0,Indiana,2015.0,2015.0,ATL,73.0,11.0,0.074074075
2017,3,00-0032058,T.Coleman,RB,ATL,DET,0,0,0.0,0,0.0,0.0,0.0,6,46.0,0,5,3,43.0,0,8.9,11.9,,,73.0,210.0,24.579833333333333,2.0,Indiana,2015.0,2015.0,ATL,73.0,,0.14285715
2017,4,00-0032058,T.Coleman,RB,ATL,BUF,0,0,0.0,0,0.0,0.0,0.0,9,77.0,0,6,4,65.0,0,14.2,18.2,,,73.0,210.0,24.579833333333333,2.0,Indiana,2015.0,2015.0,ATL,73.0,-6.0,0.14285715
2017,6,00-0032058,T.Coleman,RB,ATL,MIA,0,0,0.0,0,0.0,0.0,0.0,9,32.0,1,1,1,4.0,0,9.6,10.6,,,73.0,210.0,24.579833333333333,2.0,Indiana,2015.0,2015.0,ATL,73.0,-3.0,0.029411765
2017,7,00-0032058,T.Coleman,RB,ATL,NE,0,0,0.0,0,0.0,0.0,0.0,6,16.0,0,1,0,0.0,0,1.6,1.6,,,73.0,210.0,24.579833333333333,2.0,Indiana,2015.0,2015.0,ATL,73.0,,0.030303031
2017,8,00-0032058,T.Coleman,RB,ATL,NYJ,0,0,0.0,0,0.0,0.0,0.0,14,82.0,0,1,1,22.0,0,10.4,11.4,,,73.0,210.0,24.579833333333333,2.0,Indiana,2015.0,2015.0,ATL,73.0,,0.037037037
2017,9,00-0032058,T.Coleman,RB,ATL,CAR,0,0,0.0,0,0.0,0.0,0.0,5,5.0,0,2,1,19.0,1,8.4,9.4,,,73.0,210.0,24.579833333333333,2.0,Indiana,2015.0,2015.0,ATL,73.0,,0.054054055
2017,10,00-0032058,T.Coleman,RB,ATL,DAL,0,0,0.0,0,0.0,0.0,0.0,20,83.0,1,1,1,5.0,0,14.8,15.8,,,73.0,210.0,24.579833333333333,2.0,Indiana,2015.0,2015.0,ATL,73.0,20.0,0.035714287
2017,11,00-0032058,T.Coleman,RB,ATL,SEA,0,0,0.0,0,0.0,0.0,0.0,20,43.0,1,2,1,15.0,0,11.8,12.8,,,73.0,210.0,24.579833333333333,2.0,Indiana,2015.0,2015.0,ATL,73.0,,0.074074075
2017,12,00-0032058,T.Coleman,RB,ATL,TB,0,0,0.0,0,0.0,0.0,0.0,19,97.0,2,0,0,0.0,0,21.7,21.7,,,73.0,210.0,24.579833333333333,2.0,Indiana,2015.0,2015.0,ATL,73.0,14.0,
2017,13,00-0032058,T.Coleman,RB,ATL,MIN,0,0,0.0,0,0.0,0.0,0.0,8,22.0,0,6,3,27.0,0,4.9,7.9,,,73.0,210.0,24.579833333333333,2.0,Indiana,2015.0,2015.0,ATL,73.0,-5.0,0.20689656
2017,14,00-0032058,T.Coleman,RB,ATL,NO,0,0,0.0,0,0.0,0.0,0.0,9,32.0,0,0,0,0.0,0,3.2,3.2,,,73.0,210.0,24.579833333333333,2.0,Indiana,2015.0,2015.0,ATL,73.0,3.0,
2017,16,00-0032058,T.Coleman,RB,ATL,NO,0,0,0.0,0,0.0,0.0,0.0,6,12.0,0,4,4,40.0,1,11.2,15.2,,,73.0,210.0,24.579833333333333,2.0,Indiana,2015.0,2015.0,ATL,73.0,,0.114285715
2017,17,00-0032058,T.Coleman,RB,ATL,CAR,0,0,0.0,0,0.0,0.0,0.0,11,23.0,0,2,2,14.0,0,3.7,5.7,,,73.0,210.0,24.579833333333333,2.0,Indiana,2015.0,2015.0,ATL,73.0,12.0,0.04761905
2017,18,00-0032058,T.Coleman,RB,ATL,LA,0,0,0.0,0,0.0,0.0,0.0,14,40.0,0,3,3,28.0,0,6.8,9.8,,,73.0,210.0,24.579833333333333,2.0,Indiana,2015.0,2015.0,ATL,73.0,,0.10344828
2017,19,00-0032058,T.Coleman,RB,ATL,PHI,0,0,0.0,0,0.0,0.0,0.0,10,79.0,0,1,1,14.0,0,9.3,10.3,,,73.0,210.0,24.579833333333333,2.0,Indiana,2015.0,2015.0,ATL,73.0,,0.027777778
2017,2,00-0032062,B.Bell,TE,MIN,PIT,0,0,0.0,0,0.0,0.0,0.0,0,0.0,0,1,0,0.0,0,0.0,0.0,,,78.0,252.0,26.269833333333334,2.0,Oklahoma,2015.0,2015.0,SF,117.0,,0.027777778
2017,4,00-0032062,B.Bell,TE,MIN,DET,0,0,0.0,0,0.0,0.0,0.0,0,0.0,0,1,1,12.0,0,1.2,2.2,,,78.0,252.0,26.269833333333334,2.0,Oklahoma,2015.0,2015.0,SF,117.0,-7.0,0.033333335
2017,14,00-0032062,B.Bell,TE,MIN,CAR,0,0,0.0,0,0.0,0.0,0.0,0,0.0,0,2,2,7.0,0,2.7,4.7,,,78.0,252.0,26.269833333333334,2.0,Oklahoma,2015.0,2015.0,SF,117.0,,0.046511628
2017,11,00-0032063,M.Davis,RB,SEA,ATL,0,0,0.0,0,0.0,0.0,0.0,6,18.0,0,2,2,41.0,0,5.9,7.9,,,69.0,217.0,24.7123125,2.0,South Carolina,2015.0,2015.0,SF,126.0,-3.0,0.05
2017,13,00-0032063,M.Davis,RB,SEA,PHI,0,0,0.0,0,0.0,0.0,0.0,16,64.0,0,4,4,37.0,0,10.1,14.1,,,69.0,217.0,24.7123125,2.0,South Carolina,2015.0,2015.0,SF,126.0,14.0,0.14814815
2017,14,00-0032063,M.Davis,RB,SEA,JAX,0,0,0.0,0,0.0,0.0,0.0,15,66.0,0,2,1,-1.0,0,6.5,7.5,,,69.0,217.0,24.7123125,2.0,South Carolina,2015.0,2015.0,SF,126.0,,0.06896552
2017,15,00-0032063,M.Davis,RB,SEA,LA,0,0,0.0,0,0.0,0.0,0.0,6,19.0,0,2,2,20.0,0,3.9,5.9,,,69.0,217.0,24.7123125,2.0,South Carolina,2015.0,2015.0,SF,126.0,-35.0,0.074074075
2017,16,00-0032063,M.Davis,RB,SEA,DAL,0,0,0.0,0,0.0,0.0,0.0,15,25.0,0,5,4,18.0,0,4.3,8.3,,,69.0,217.0,24.7123125,2.0,South Carolina,2015.0,2015.0,SF,126.0,,0.25
2017,17,00-0032063,M.Davis,RB,SEA,ARI,0,0,0.0,0,0.0,0.0,0.0,10,48.0,0,3,2,16.0,0,6.4,8.4,,,69.0,217.0,24.7123125,2.0,South Carolina,2015.0,2015.0,SF,126.0,-2.0,0.10714286
2017,8,00-0032098,D.Brown,TE,CHI,NO,0,0,0.0,0,0.0,0.0,0.0,0,0.0,0,1,1,9.0,0,0.9,1.9,,,77.0,247.0,25.4450625,2.0,James Madison,2015.0,2015.0,,,,0.03125
2017,10,00-0032098,D.Brown,TE,CHI,GB,0,0,0.0,0,0.0,0.0,0.0,0,0.0,0,3,2,23.0,0,2.3,4.3,,,77.0,247.0,25.4450625,2.0,James Madison,2015.0,2015.0,,,-7.0,0.08571429
2017,11,00-0032098,D.Brown,TE,CHI,DET,0,0,0.0,0,0.0,0.0,0.0,0,0.0,0,5,2,23.0,0,2.3,4.3,,,77.0,247.0,25.4450625,2.0,James Madison,2015.0,2015.0,,,-3.0,0.16666667
2017,12,00-0032098,D.Brown,TE,CHI,PHI,0,0,0.0,0,0.0,0.0,0.0,0,0.0,0,3,2,20.0,0,2.0,4.0,,,77.0,247.0,25.4450625,2.0,James Madison,2015.0,2015.0,,,,0.09375
2017,13,00-0032098,D.Brown,TE,CHI,SF,0,0,0.0,0,0.0,0.0,0.0,0,0.0,0,1,1,13.0,0,1.3,2.3,,,77.0,247.0,25.4450625,2.0,James Madison,2015.0,2015.0,,,-1.0,0.06666667
2017,14,00-0032098,D.Brown,TE,CHI,CIN,0,0,0.0,0,0.0,0.0,0.0,0,0.0,0,2,2,9.0,0,0.9,2.9,,,77.0,247.0,25.4450625,2.0,James Madison,2015.0,2015.0,,,,0.06451613
2017,15,00-0032098,D.Brown,TE,CHI,DET,0,0,0.0,0,0.0,0.0,0.0,0,0.0,0,4,3,32.0,0,3.2,6.2,,,77.0,247.0,25.4450625,2.0,James Madison,2015.0,2015.0,,,,0.08695652
2017,16,00-0032098,D.Brown,TE,CHI,CLE,0,0,0.0,0,0.0,0.0,0.0,0,0.0,0,1,0,0.0,0,0.0,0.0,,,77.0,247.0,25.4450625,2.0,James Madison,2015.0,2015.0,,,17.0,0.04347826
2017,1,00-0032104,A.Abdullah,RB,DET,ARI,0,0,0.0,0,0.0,0.0,0.0,15,30.0,0,4,3,11.0,0,4.1,7.1,,,69.0,203.0,24.399,2.0,Nebraska,2015.0,2015.0,DET,54.0,12.0,0.102564104
2017,2,00-0032104,A.Abdullah,RB,DET,NYG,0,0,0.0,0,0.0,0.0,0.0,17,86.0,0,0,0,0.0,0,8.6,8.6,,,69.0,203.0,24.399,2.0,Nebraska,2015.0,2015.0,DET,54.0,,
2017,3,00-0032104,A.Abdullah,RB,DET,ATL,0,0,0.0,0,0.0,0.0,0.0,14,47.0,0,3,3,39.0,0,8.6,11.6,,,69.0,203.0,24.399,2.0,Nebraska,2015.0,2015.0,DET,54.0,-4.0,0.06666667
2017,4,00-0032104,A.Abdullah,RB,DET,MIN,0,0,0.0,0,0.0,0.0,0.0,20,94.0,1,4,3,15.0,0,16.9,19.9,,,69.0,203.0,24.399,2.0,Nebraska,2015.0,2015.0,DET,54.0,,0.12903225
2017,5,00-0032104,A.Abdullah,RB,DET,CAR,0,0,0.0,0,0.0,0.0,0.0,10,31.0,0,1,1,3.0,0,3.4,4.4,,,69.0,203.0,24.399,2.0,Nebraska,2015.0,2015.0,DET,54.0,-3.0,0.028571429
2017,6,00-0032104,A.Abdullah,RB,DET,NO,0,0,0.0,0,0.0,0.0,0.0,14,54.0,0,2,0,0.0,0,5.4,5.4,,,69.0,203.0,24.399,2.0,Nebraska,2015.0,2015.0,DET,54.0,,0.039215688
2017,8,00-0032104,A.Abdullah,RB,DET,PIT,0,0,0.0,0,0.0,0.0,0.0,11,27.0,0,3,3,11.0,0,3.8,6.8,,,69.0,203.0,24.399,2.0,Nebraska,2015.0,2015.0,DET,54.0,-5.0,0.06666667
2017,9,00-0032104,A.Abdullah,RB,DET,GB,0,0,0.0,0,0.0,0.0,0.0,21,48.0,1,1,1,9.0,0,9.7,10.7,,,69.0,203.0,24.399,2.0,Nebraska,2015.0,2015.0,DET,54.0,,0.030303031
2017,10,00-0032104,A.Abdullah,RB,DET,CLE,0,0,0.0,0,0.0,0.0,0.0,11,52.0,1,2,1,3.0,0,11.5,12.5,,,69.0,203.0,24.399,2.0,Nebraska,2015.0,2015.0,DET,54.0,14.0,0.08
2017,11,00-0032104,A.Abdullah,RB,DET,CHI,0,0,0.0,0,0.0,0.0,0.0,11,22.0,0,2,2,13.0,1,9.5,11.5,,,69.0,203.0,24.399,2.0,Nebraska,2015.0,2015.0,DET,54.0,,0.06451613
2017,12,00-0032104,A.Abdullah,RB,DET,MIN,0,0,0.0,0,0.0,0.0,0.0,6,14.0,0,5,3,29.0,0,4.3,7.3,,,69.0,203.0,24.399,2.0,Nebraska,2015.0,2015.0,DET,54.0,-7.0,0.14285715
2017,15,00-0032104,A.Abdullah,RB,DET,CHI,0,0,0.0,0,0.0,0.0,0.0,1,8.0,0,4,3,13.0,0,2.1,5.1,,,69.0,203.0,24.399,2.0,Nebraska,2015.0,2015.0,DET,54.0,10.0,0.121212125
2017,16,00-0032104,A.Abdullah,RB,DET,CIN,0,0,0.0,0,0.0,0.0,0.0,6,21.0,0,2,1,5.0,0,2.6,3.6,,,69.0,203.0,24.399,2.0,Nebraska,2015.0,2015.0,DET,54.0,,0.05882353
2017,17,00-0032104,A.Abdullah,RB,DET,GB,0,0,0.0,0,0.0,0.0,0.0,8,18.0,1,2,1,11.0,0,8.9,9.9,,,69.0,203.0,24.399,2.0,Nebraska,2015.0,2015.0,DET,54.0,24.0,0.06896552
2017,1,00-0032112,J.Nelson,WR,ARI,DET,0,0,0.0,0,0.0,0.0,0.0,0,0.0,0,6,5,43.0,1,10.3,15.3,,,70.0,160.0,25.534125,2.0,Alabama-Birmingham,2015.0,2015.0,ARI,159.0,,0.12765957
2017,2,00-0032112,J.Nelson,WR,ARI,IND,0,0,0.0,0,0.0,0.0,0.0,0,0.0,0,7,5,120.0,1,18.0,23.0,,,70.0,160.0,25.534125,2.0,Alabama-Birmingham,2015.0,2015.0,ARI,159.0,,0.19444445
2017,3,00-0032112,J.Nelson,WR,ARI,DAL,0,0,0.0,0,0.0,0.0,0.0,0,0.0,0,3,0,0.0,0,0.0,0.0,,,70.0,160.0,25.534125,2.0,Alabama-Birmingham,2015.0,2015.0,ARI,159.0,-11.0,0.0625
2017,4,00-0032112,J.Nelson,WR,ARI,SF,0,0,0.0,0,0.0,0.0,0.0,0,0.0,0,4,3,34.0,0,3.4,6.4,,,70.0,160.0,25.534125,2.0,Alabama-Birmingham,2015.0,2015.0,ARI,159.0,3.0,0.078431375
2017,5,00-0032112,J.Nelson,WR,ARI,PHI,0,0,0.0,0,0.0,0.0,0.0,1,14.0,0,6,4,80.0,0,9.4,13.4,,,70.0,160.0,25.534125,2.0,Alabama-Birmingham,2015.0,2015.0,ARI,159.0,,0.13636364
2017,6,00-0032112,J.Nelson,WR,ARI,TB,0,0,0.0,0,0.0,0.0,0.0,1,16.0,0,1,0,0.0,0,1.6,1.6,,,70.0,160.0,25.534125,2.0,Alabama-Birmingham,2015.0,2015.0,ARI,159.0,5.0,0.045454547
2017,7,00-0032112,J.Nelson,WR,ARI,LA,0,0,0.0,0,0.0,0.0,0.0,0,0.0,0,5,2,39.0,0,3.9,5.9,,,70.0,160.0,25.534125,2.0,Alabama-Birmingham,2015.0,2015.0,ARI,159.0,,0.15625
2017,9,00-0032112,J.Nelson,WR,ARI,SF,0,0,0.0,0,0.0,0.0,0.0,0,0.0,0,2,1,15.0,0,1.5,2.5,,,70.0,160.0,25.534125,2.0,Alabama-Birmingham,2015.0,2015.0,ARI,159.0,,0.06896552
2017,10,00-0032112,J.Nelson,WR,ARI,SEA,0,0,0.0,0,0.0,0.0,0.0,0,0.0,0,4,1,17.0,0,1.7,2.7,,,70.0,160.0,25.534125,2.0,Alabama-Birmingham,2015.0,2015.0,ARI,159.0,-6.0,0.08510638
2017,11,00-0032112,J.Nelson,WR,ARI,HOU,0,0,0.0,0,0.0,0.0,0.0,0,0.0,0,3,1,14.0,0,1.4,2.4,,,70.0,160.0,25.534125,2.0,Alabama-Birmingham,2015.0,2015.0,ARI,159.0,,0.0882353
2017,12,00-0032112,J.Nelson,WR,ARI,JAX,0,0,0.0,0,0.0,0.0,0.0,0,0.0,0,4,1,14.0,0,1.4,2.4,,,70.0,160.0,25.534125,2.0,Alabama-Birmingham,2015.0,2015.0,ARI,159.0,3.0,0.10810811
2017,13,00-0032112,J.Nelson,WR,ARI,LA,0,0,0.0,0,0.0,0.0,0.0,0,0.0,0,8,2,42.0,0,4.2,6.2,,,70.0,160.0,25.534125,2.0,Alabama-Birmingham,2015.0,2015.0,ARI,159.0,-16.0,0.25
2017,14,00-0032112,J.Nelson,WR,ARI,TEN,0,0,0.0,0,0.0,0.0,0.0,0,0.0,0,3,2,26.0,0,2.6,4.6,,,70.0,160.0,25.534125,2.0,Alabama-Birmingham,2015.0,2015.0,ARI,159.0,5.0,0.115384616
2017,15,00-0032112,J.Nelson,WR,ARI,WAS,0,0,0.0,0,0.0,0.0,0.0,1,7.0,0,3,1,46.0,0,5.3,6.3,,,70.0,160.0,25.534125,2.0,Alabama-Birmingham,2015.0,2015.0,ARI,159.0,,0.075
2017,16,00-0032112,J.Nelson,WR,ARI,NYG,0,0,0.0,0,0.0,0.0,0.0,0,0.0,0,1,0,0.0,0,0.0,0.0,,,70.0,160.0,25.534125,2.0,Alabama-Birmingham,2015.0,2015.0,ARI,159.0,23.0,0.029411765
2017,17,00-0032112,J.Nelson,WR,ARI,SEA,0,0,0.0,0,0.0,0.0,0.0,0,0.0,0,1,1,18.0,0,1.8,2.8,,,70.0,160.0,25.534125,2.0,Alabama-Birmingham,2015.0,2015.0,ARI,159.0,,0.030303031
2017,3,00-0032115,K.Clay,WR,BUF,DEN,0,0,0.0,0,0.0,0.0,0.0,0,0.0,0,2,1,28.0,0,2.8,3.8,,,70.0,195.0,25.8546875,2.0,Utah,2015.0,2015.0,TB,184.0,10.0,0.07692308
2017,4,00-0032115,K.Clay,WR,BUF,ATL,0,0,0.0,0,0.0,0.0,0.0,0,0.0,0,2,0,0.0,0,0.0,0.0,,,70.0,195.0,25.8546875,2.0,Utah,2015.0,2015.0,TB,184.0,,0.1
2017,5,00-0032115,K.Clay,WR,BUF,CIN,0,0,0.0,0,0.0,0.0,0.0,1,0.0,0,1,0,0.0,0,0.0,0.0,,,70.0,195.0,25.8546875,2.0,Utah,2015.0,2015.0,TB,184.0,,0.028571429
2017,9,00-0032115,K.Clay,WR,CAR,ATL,0,0,0.0,0,0.0,0.0,0.0,0,0.0,0,1,0,0.0,0,0.0,0.0,,,70.0,195.0,25.8546875,2.0,Utah,2015.0,2015.0,TB,184.0,3.0,0.04347826
2017,10,00-0032115,K.Clay,WR,CAR,MIA,0,0,0.0,0,0.0,0.0,0.0,0,0.0,0,1,1,5.0,0,0.5,1.5,,,70.0,195.0,25.8546875,2.0,Utah,2015.0,2015.0,TB,184.0,24.0,0.028571429
2017,12,00-0032115,K.Clay,WR,CAR,NYJ,0,0,0.0,0,0.0,0.0,0.0,1,29.0,0,3,0,0.0,0,8.9,8.9,,,70.0,195.0,25.8546875,2.0,Utah,2015.0,2015.0,TB,184.0,,0.10714286
2017,13,00-0032115,K.Clay,WR,CAR,NO,0,0,0.0,0,0.0,0.0,0.0,0,0.0,0,1,1,13.0,0,1.3,2.3,,,70.0,195.0,25.8546875,2.0,Utah,2015.0,2015.0,TB,184.0,,0.035714287
2017,14,00-0032115,K.Clay,WR,CAR,MIN,0,0,0.0,0,0.0,0.0,0.0,0,0.0,0,1,0,0.0,0,0.0,0.0,,,70.0,195.0,25.8546875,2.0,Utah,2015.0,2015.0,TB,184.0,7.0,0.04347826
2017,15,00-0032115,K.Clay,WR,CAR,GB,0,0,0.0,0,0.0,0.0,0.0,0,0.0,0,2,0,0.0,0,0.0,0.0,,,70.0,195.0,25.8546875,2.0,Utah,2015.0,2015.0,TB,184.0,7.0,0.06666667
2017,16,00-0032115,K.Clay,WR,CAR,TB,0,0,0.0,0,0.0,0.0,0.0,0,0.0,0,4,2,24.0,0,2.4,4.4,,,70.0,195.0,25.8546875,2.0,Utah,2015.0,2015.0,TB,184.0,3.0,0.15384616
2017,17,00-0032115,K.Clay,WR,CAR,ATL,0,0,0.0,0,0.0,0.0,0.0,1,-2.0,0,2,1,15.0,0,1.3,2.3,,,70.0,195.0,25.8546875,2.0,Utah,2015.0,2015.0,TB,184.0,,0.060606062
2017,18,00-0032115,K.Clay,WR,CAR,NO,0,0,0.0,0,0.0,0.0,0.0,0,0.0,0,4,3,32.0,0,3.2,6.2,,,70.0,195.0,25.8546875,2.0,Utah,2015.0,2015.0,TB,184.0,,0.10526316
2017,1,00-0032117,N.O'Leary,TE,BUF,NYJ,0,0,0.0,0,0.0,0.0,0.0,0,0.0,0,2,1,22.0,0,2.2,3.2,,,75.0,252.0,25.193058823529412,2.0,Florida State,2015.0,2015.0,BUF,194.0,9.0,0.074074075
2017,3,00-0032117,N.O'Leary,TE,BUF,DEN,0,0,0.0,0,0.0,0.0,0.0,0,0.0,0,1,1,31.0,0,3.1,4.1,,,75.0,252.0,25.193058823529412,2.0,Florida State,2015.0,2015.0,BUF,194.0,10.0,0.03846154
2017,5,00-0032117,N.O'Leary,TE,BUF,CIN,0,0,0.0,0,0.0,0.0,0.0,0,0.0,0,6,5,54.0,0,5.4,10.4,,,75.0,252.0,25.193058823529412,2.0,Florida State,2015.0,2015.0,BUF,194.0,,0.17142858
2017,7,00-0032117,N.O'Leary,TE,BUF,TB,0,0,0.0,0,0.0,0.0,0.0,0,0.0,0,2,2,58.0,0,5.8,7.8,,,75.0,252.0,25.193058823529412,2.0,Florida State,2015.0,2015.0,BUF,194.0,3.0,0.0625
2017,8,00-0032117,N.O'Leary,TE,BUF,LV,0,0,0.0,0,0.0,0.0,0.0,0,0.0,0,3,1,5.0,0,0.5,1.5,,,75.0,252.0,25.193058823529412,2.0,Florida State,2015.0,2015.0,BUF,194.0,20.0,0.11111111
2017,9,00-0032117,N.O'Leary,TE,BUF,NYJ,0,0,0.0,0,0.0,0.0,0.0,0,0.0,0,5,4,51.0,0,3.1,7.1,,,75.0,252.0,25.193058823529412,2.0,Florida State,2015.0,2015.0,BUF,194.0,,0.125
2017,10,00-0032117,N.O'Leary,TE,BUF,NO,0,0,0.0,0,0.0,0.0,0.0,0,0.0,0,2,1,7.0,1,6.7,7.7,,,75.0,252.0,25.193058823529412,2.0,Florida State,2015.0,2015.0,BUF,194.0,-37.0,0.074074075
2017,11,00-0032117,N.O'Leary,TE,BUF,LAC,0,0,0.0,0,0.0,0.0,0.0,0,0.0,0,3,1,8.0,0,0.8,1.8,,,75.0,252.0,25.193058823529412,2.0,Florida State,2015.0,2015.0,BUF,194.0,,0.07692308
2017,12,00-0032117,N.O'Leary,TE,BUF,KC,0,0,0.0,0,0.0,0.0,0.0,0,0.0,0,2,2,18.0,0,1.8,3.8,,,75.0,252.0,25.193058823529412,2.0,Florida State,2015.0,2015.0,BUF,194.0,,0.06896552
2017,14,00-0032117,N.O'Leary,TE,BUF,IND,0,0,0.0,0,0.0,0.0,0.0,0,0.0,0,1,1,9.0,0,0.9,1.9,,,75.0,252.0,25.193058823529412,2.0,Florida State,2015.0,2015.0,BUF,194.0,6.0,0.071428575
2017,15,00-0032117,N.O'Leary,TE,BUF,MIA,0,0,0.0,0,0.0,0.0,0.0,0,0.0,0,2,2,33.0,0,3.3,5.3,,,75.0,252.0,25.193058823529412,2.0,Florida State,2015.0,2015.0,BUF,194.0,8.0,0.071428575
2017,16,00-0032117,N.O'Leary,TE,BUF,NE,0,0,0.0,0,0.0,0.0,0.0,0,0.0,0,1,0,0.0,0,0.0,0.0,,,75.0,252.0,25.193058823529412,2.0,Florida State,2015.0,2015.0,BUF,194.0,,0.02631579
2017,17,00-0032117,N.O'Leary,TE,BUF,MIA,0,0,0.0,0,0.0,0.0,0.0,0,0.0,0,2,1,26.0,1,8.6,9.6,,,75.0,252.0,25.193058823529412,2.0,Florida State,2015.0,2015.0,BUF,194.0,,0.074074075
2017,18,00-0032117,N.O'Leary,TE,BUF,JAX,0,0,0.0,0,0.0,0.0,0.0,0,0.0,0,6,2,22.0,0,2.2,4.2,,,75.0,252.0,25.193058823529412,2.0,Florida State,2015.0,2015.0,BUF,194.0,,0.17142858
2017,2,00-0032120,N.Sterling,TE,NYJ,LV,0,0,0.0,0,0.0,0.0,0.0,0,0.0,0,1,1,8.0,0,0.8,1.8,,,76.0,238.0,25.806375,2.0,"Monmouth, N.J.",2015.0,2015.0,JAC,220.0,,0.041666668
2017,3,00-0032120,N.Sterling,TE,NYJ,MIA,0,0,0.0,0,0.0,0.0,0.0,0,0.0,0,1,0,0.0,0,0.0,0.0,,,76.0,238.0,25.806375,2.0,"Monmouth, N.J.",2015.0,2015.0,JAC,220.0,14.0,0.04347826
2017,10,00-0032120,N.Sterling,TE,NYJ,TB,0,0,0.0,0,0.0,0.0,0.0,0,0.0,0,1,0,0.0,0,0.0,0.0,,,76.0,238.0,25.806375,2.0,"Monmouth, N.J.",2015.0,2015.0,JAC,220.0,,0.025641026
2017,17,00-0032120,N.Sterling,TE,NYJ,NE,0,0,0.0,0,0.0,0.0,0.0,0,0.0,0,8,5,74.0,0,7.4,12.4,,,76.0,238.0,25.806375,2.0,"Monmouth, N.J.",2015.0,2015.0,JAC,220.0,,0.22222222
2017,5,00-0032123,T.McBride,WR,CHI,MIN,0,0,0.0,0,0.0,0.0,0.0,0,0.0,0,1,1,18.0,0,1.8,2.8,,,72.0,210.0,24.92775,2.0,William & Mary,2015.0,2015.0,TEN,245.0,-3.0,0.03846154
2017,8,00-0032123,T.McBride,WR,CHI,NO,0,0,0.0,0,0.0,0.0,0.0,0,0.0,0,5,3,92.0,0,9.2,12.2,,,72.0,210.0,24.92775,2.0,William & Mary,2015.0,2015.0,TEN,245.0,,0.15625
2017,10,00-0032123,T.McBride,WR,CHI,GB,0,0,0.0,0,0.0,0.0,0.0,0,0.0,0,1,0,0.0,0,0.0,0.0,,,72.0,210.0,24.92775,2.0,William & Mary,2015.0,2015.0,TEN,245.0,-7.0,0.028571429
2017,11,00-0032123,T.McBride,WR,CHI,DET,0,0,0.0,0,0.0,0.0,0.0,0,0.0,0,2,2,14.0,0,1.4,3.4,,,72.0,210.0,24.92775,2.0,William & Mary,2015.0,2015.0,TEN,245.0,-3.0,0.06666667
2017,12,00-0032123,T.McBride,WR,CHI,PHI,0,0,0.0,0,0.0,0.0,0.0,0,0.0,0,6,2,20.0,0,2.0,4.0,,,72.0,210.0,24.92775,2.0,William & Mary,2015.0,2015.0,TEN,245.0,,0.1875
2017,1,00-0032128,C.Conley,WR,KC,NE,0,0,0.0,0,0.0,0.0,0.0,0,0.0,0,4,2,43.0,0,4.3,6.3,,,75.0,205.0,25.037470588235294,2.0,Georgia,2015.0,2015.0,KC,76.0,,0.11764706
2017,2,00-0032128,C.Conley,WR,KC,PHI,0,0,0.0,0,0.0,0.0,0.0,0,0.0,0,4,4,55.0,0,5.5,9.5,,,75.0,205.0,25.037470588235294,2.0,Georgia,2015.0,2015.0,KC,76.0,7.0,0.14814815
2017,3,00-0032128,C.Conley,WR,KC,LAC,0,0,0.0,0,0.0,0.0,0.0,0,0.0,0,1,0,0.0,0,0.0,0.0,,,75.0,205.0,25.037470588235294,2.0,Georgia,2015.0,2015.0,KC,76.0,,0.04761905
2017,4,00-0032128,C.Conley,WR,KC,WAS,0,0,0.0,0,0.0,0.0,0.0,0,0.0,0,4,2,31.0,0,3.1,5.1,,,75.0,205.0,25.037470588235294,2.0,Georgia,2015.0,2015.0,KC,76.0,9.0,0.114285715
2017,5,00-0032128,C.Conley,WR,KC,HOU,0,0,0.0,0,0.0,0.0,0.0,0,0.0,0,3,3,46.0,0,4.6,7.6,,,75.0,205.0,25.037470588235294,2.0,Georgia,2015.0,2015.0,KC,76.0,,0.08108108
2017,2,00-0032130,J.Fowler,FB,TEN,JAX,0,0,0.0,0,0.0,0.0,0.0,1,3.0,1,0,0,0.0,0,6.3,6.3,,,71.0,254.0,27.2808125,2.0,Alabama,2015.0,2015.0,TEN,108.0,,
2017,5,00-0032130,J.Fowler,FB,TEN,MIA,0,0,0.0,0,0.0,0.0,0.0,0,0.0,0,1,0,0.0,0,0.0,0.0,,,71.0,254.0,27.2808125,2.0,Alabama,2015.0,2015.0,TEN,108.0,,0.032258064
2017,10,00-0032130,J.Fowler,FB,TEN,CIN,0,0,0.0,0,0.0,0.0,0.0,1,1.0,0,0,0,0.0,0,0.1,0.1,,,71.0,254.0,27.2808125,2.0,Alabama,2015.0,2015.0,TEN,108.0,4.0,
2017,4,00-0032134,C.Uzomah,TE,CIN,CLE,0,0,0.0,0,0.0,0.0,0.0,0,0.0,0,1,1,11.0,0,1.1,2.1,,,78.0,265.0,24.8109375,2.0,Auburn,2015.0,2015.0,CIN,157.0,,0.033333335
2017,5,00-0032134,C.Uzomah,TE,CIN,BUF,0,0,0.0,0,0.0,0.0,0.0,0,0.0,0,2,1,21.0,0,2.1,3.1,,,78.0,265.0,24.8109375,2.0,Auburn,2015.0,2015.0,CIN,157.0,4.0,0.05882353
2017,7,00-0032134,C.Uzomah,TE,CIN,PIT,0,0,0.0,0,0.0,0.0,0.0,0,0.0,0,2,1,7.0,0,0.7,1.7,,,78.0,265.0,24.8109375,2.0,Auburn,2015.0,2015.0,CIN,157.0,,0.06896552
2017,9,00-0032134,C.Uzomah,TE,CIN,JAX,0,0,0.0,0,0.0,0.0,0.0,0,0.0,0,1,0,0.0,0,0.0,0.0,,,78.0,265.0,24.8109375,2.0,Auburn,2015.0,2015.0,CIN,157.0,,0.05882353
2017,13,00-0032134,C.Uzomah,TE,CIN,PIT,0,0,0.0,0,0.0,0.0,0.0,0,0.0,0,1,1,21.0,0,2.1,3.1,,,78.0,265.0,24.8109375,2.0,Auburn,2015.0,2015.0,CIN,157.0,-3.0,0.028571429
2017,14,00-0032134,C.Uzomah,TE,CIN,CHI,0,0,0.0,0,0.0,0.0,0.0,0,0.0,0,1,0,0.0,0,0.0,0.0,,,78.0,265.0,24.8109375,2.0,Auburn,2015.0,2015.0,CIN,157.0,-26.0,0.027777778
2017,15,00-0032134,C.Uzomah,TE,CIN,MIN,0,0,0.0,0,0.0,0.0,0.0,0,0.0,0,4,4,24.0,0,2.4,6.4,,,78.0,265.0,24.8109375,2.0,Auburn,2015.0,2015.0,CIN,157.0,,0.14285715
2017,16,00-0032134,C.Uzomah,TE,CIN,DET,0,0,0.0,0,0.0,0.0,0.0,0,0.0,0,1,1,1.0,1,6.1,7.1,,,78.0,265.0,24.8109375,2.0,Auburn,2015.0,2015.0,CIN,157.0,9.0,0.025
2017,17,00-0032134,C.Uzomah,TE,CIN,BAL,0,0,0.0,0,0.0,0.0,0.0,0,0.0,0,2,1,7.0,0,0.7,1.7,,,78.0,265.0,24.8109375,2.0,Auburn,2015.0,2015.0,CIN,157.0,,0.048780486
2017,1,00-0032135,J.James,TE,PIT,CLE,0,0,0.0,0,0.0,0.0,0.0,0,0.0,0,8,6,41.0,2,16.1,22.1,,,79.0,261.0,23.433352941176473,2.0,Penn State,2015.0,2015.0,PIT,160.0,,0.22222222
2017,2,00-0032135,J.James,TE,PIT,MIN,0,0,0.0,0,0.0,0.0,0.0,0,0.0,0,5,4,27.0,0,2.7,6.7,,,79.0,261.0,23.433352941176473,2.0,Penn State,2015.0,2015.0,PIT,160.0,17.0,0.14285715
2017,3,00-0032135,J.James,TE,PIT,CHI,0,0,0.0,0,0.0,0.0,0.0,0,0.0,0,4,2,19.0,0,1.9,3.9,,,79.0,261.0,23.433352941176473,2.0,Penn State,2015.0,2015.0,PIT,160.0,,0.102564104
2017,4,00-0032135,J.James,TE,PIT,BAL,0,0,0.0,0,0.0,0.0,0.0,0,0.0,0,3,3,40.0,0,4.0,7.0,,,79.0,261.0,23.433352941176473,2.0,Penn State,2015.0,2015.0,PIT,160.0,,0.1
2017,5,00-0032135,J.James,TE,PIT,JAX,0,0,0.0,0,0.0,0.0,0.0,0,0.0,0,5,3,24.0,0,2.4,5.4,,,79.0,261.0,23.433352941176473,2.0,Penn State,2015.0,2015.0,PIT,160.0,-21.0,0.09259259
2017,8,00-0032135,J.James,TE,PIT,DET,0,0,0.0,0,0.0,0.0,0.0,0,0.0,0,3,2,42.0,0,4.2,6.2,,,79.0,261.0,23.433352941176473,2.0,Penn State,2015.0,2015.0,PIT,160.0,,0.09677419
2017,10,00-0032135,J.James,TE,PIT,IND,0,0,0.0,0,0.0,0.0,0.0,0,0.0,0,2,0,0.0,0,0.0,0.0,,,79.0,261.0,23.433352941176473,2.0,Penn State,2015.0,2015.0,PIT,160.0,,0.06666667
2017,11,00-0032135,J.James,TE,PIT,TEN,0,0,0.0,0,0.0,0.0,0.0,0,0.0,0,8,5,21.0,1,8.1,13.1,,,79.0,261.0,23.433352941176473,2.0,Penn State,2015.0,2015.0,PIT,160.0,23.0,0.17777778
2017,12,00-0032135,J.James,TE,PIT,GB,0,0,0.0,0,0.0,0.0,0.0,0,0.0,0,4,3,32.0,0,3.2,6.2,,,79.0,261.0,23.433352941176473,2.0,Penn State,2015.0,2015.0,PIT,160.0,3.0,0.08888889
2017,13,00-0032135,J.James,TE,PIT,CIN,0,0,0.0,0,0.0,0.0,0.0,0,0.0,0,1,1,13.0,0,1.3,2.3,,,79.0,261.0,23.433352941176473,2.0,Penn State,2015.0,2015.0,PIT,160.0,,0.025
2017,14,00-0032135,J.James,TE,PIT,BAL,0,0,0.0,0,0.0,0.0,0.0,0,0.0,0,12,10,97.0,0,9.7,19.7,,,79.0,261.0,23.433352941176473,2.0,Penn State,2015.0,2015.0,PIT,160.0,1.0,0.1875
2017,15,00-0032135,J.James,TE,PIT,NE,0,0,0.0,0,0.0,0.0,0.0,0,0.0,0,5,2,7.0,0,0.7,2.7,,,79.0,261.0,23.433352941176473,2.0,Penn State,2015.0,2015.0,PIT,160.0,-3.0,0.16666667
2017,16,00-0032135,J.James,TE,PIT,HOU,0,0,0.0,0,0.0,0.0,0.0,0,0.0,0,1,0,0.0,0,0.0,0.0,,,79.0,261.0,23.433352941176473,2.0,Penn State,2015.0,2015.0,PIT,160.0,,0.033333335
2017,17,00-0032135,J.James,TE,PIT,CLE,0,0,0.0,0,0.0,0.0,0.0,0,0.0,0,2,2,9.0,0,0.9,2.9,,,79.0,261.0,23.433352941176473,2.0,Penn State,2015.0,2015.0,PIT,160.0,4.0,0.074074075
2017,19,00-0032135,J.James,TE,PIT,JAX,0,0,0.0,0,0.0,0.0,0.0,0,0.0,0,1,1,12.0,0,1.2,2.2,,,79.0,261.0,23.433352941176473,2.0,Penn State,2015.0,2015.0,PIT,160.0,-3.0,0.01754386
2017,2,00-0032139,B.Koyack,TE,JAX,TEN,0,0,0.0,0,0.0,0.0,0.0,0,0.0,0,1,0,0.0,0,0.0,0.0,,,77.0,258.0,24.60621052631579,2.0,Notre Dame,2015.0,2015.0,JAX,229.0,-21.0,0.029411765
2017,6,00-0032139,B.Koyack,TE,JAX,LA,0,0,0.0,0,0.0,0.0,0.0,0,0.0,0,1,1,21.0,0,2.1,3.1,,,77.0,258.0,24.60621052631579,2.0,Notre Dame,2015.0,2015.0,JAX,229.0,-10.0,0.028571429
2017,7,00-0032139,B.Koyack,TE,JAX,IND,0,0,0.0,0,0.0,0.0,0.0,0,0.0,0,1,1,7.0,0,0.7,1.7,,,77.0,258.0,24.60621052631579,2.0,Notre Dame,2015.0,2015.0,JAX,229.0,,0.037037037
2017,10,00-0032139,B.Koyack,TE,JAX,LAC,0,0,0.0,0,0.0,0.0,0.0,0,0.0,0,1,0,0.0,0,0.0,0.0,,,77.0,258.0,24.60621052631579,2.0,Notre Dame,2015.0,2015.0,JAX,229.0,3.0,0.019607844
2017,15,00-0032139,B.Koyack,TE,JAX,HOU,0,0,0.0,0,0.0,0.0,0.0,0,0.0,0,1,1,0.0,0,0.0,1.0,,,77.0,258.0,24.60621052631579,2.0,Notre Dame,2015.0,2015.0,JAX,229.0,38.0,0.03846154
2017,16,00-0032139,B.Koyack,TE,JAX,SF,0,0,0.0,0,0.0,0.0,0.0,0,0.0,0,2,2,10.0,0,3.0,5.0,,,77.0,258.0,24.60621052631579,2.0,Notre Dame,2015.0,2015.0,JAX,229.0,,0.04
2017,18,00-0032139,B.Koyack,TE,JAX,BUF,0,0,0.0,0,0.0,0.0,0.0,0,0.0,0,1,1,1.0,1,6.1,7.1,,,77.0,258.0,24.60621052631579,2.0,Notre Dame,2015.0,2015.0,JAX,229.0,7.0,0.045454547
2017,19,00-0032139,B.Koyack,TE,JAX,PIT,0,0,0.0,0,0.0,0.0,0.0,0,0.0,0,1,1,21.0,0,2.1,3.1,,,77.0,258.0,24.60621052631579,2.0,Notre Dame,2015.0,2015.0,JAX,229.0,,0.04
2017,20,00-0032139,B.Koyack,TE,JAX,NE,0,0,0.0,0,0.0,0.0,0.0,0,0.0,0,1,0,0.0,0,0.0,0.0,,,77.0,258.0,24.60621052631579,2.0,Notre Dame,2015.0,2015.0,JAX,229.0,,0.027777778
2017,7,00-0032141,G.Swaim,TE,DAL,SF,0,0,0.0,0,0.0,0.0,0.0,0,0.0,0,1,1,7.0,0,0.7,1.7,,,76.0,260.0,24.1396875,2.0,Texas,2015.0,2015.0,DAL,246.0,,0.037037037
2017,8,00-0032141,G.Swaim,TE,DAL,WAS,0,0,0.0,0,0.0,0.0,0.0,0,0.0,0,1,1,18.0,0,1.8,2.8,,,76.0,260.0,24.1396875,2.0,Texas,2015.0,2015.0,DAL,246.0,,0.045454547
2017,1,00-0032144,M.Gordon,RB,LAC,DEN,0,0,0.0,0,0.0,0.0,0.0,18,54.0,0,6,5,25.0,1,13.9,18.9,,,73.0,215.0,24.5634375,2.0,Wisconsin,2015.0,2015.0,SD,15.0,,0.18181819
2017,2,00-0032144,M.Gordon,RB,LAC,MIA,0,0,0.0,0,0.0,0.0,0.0,9,13.0,1,8,7,65.0,0,13.8,20.8,,,73.0,215.0,24.5634375,2.0,Wisconsin,2015.0,2015.0,SD,15.0,-2.0,0.20512821
2017,3,00-0032144,M.Gordon,RB,LAC,KC,0,0,0.0,0,0.0,0.0,0.0,17,79.0,1,2,0,0.0,0,13.9,13.9,,,73.0,215.0,24.5634375,2.0,Wisconsin,2015.0,2015.0,SD,15.0,-14.0,0.051282052
2017,4,00-0032144,M.Gordon,RB,LAC,PHI,0,0,0.0,0,0.0,0.0,0.0,10,22.0,0,3,1,7.0,0,2.9,3.9,,,73.0,215.0,24.5634375,2.0,Wisconsin,2015.0,2015.0,SD,15.0,-2.0,0.08108108
2017,5,00-0032144,M.Gordon,RB,LAC,NYG,0,0,0.0,0,0.0,0.0,0.0,20,105.0,0,8,6,58.0,2,28.3,34.3,,,73.0,215.0,24.5634375,2.0,Wisconsin,2015.0,2015.0,SD,15.0,,0.1904762
2017,6,00-0032144,M.Gordon,RB,LAC,LV,0,0,0.0,0,0.0,0.0,0.0,25,83.0,1,12,9,67.0,1,27.0,36.0,,,73.0,215.0,24.5634375,2.0,Wisconsin,2015.0,2015.0,SD,15.0,,0.33333334
2017,7,00-0032144,M.Gordon,RB,LAC,DEN,0,0,0.0,0,0.0,0.0,0.0,18,38.0,0,4,1,6.0,0,4.4,5.4,,,73.0,215.0,24.5634375,2.0,Wisconsin,2015.0,2015.0,SD,15.0,21.0,0.16
2017,8,00-0032144,M.Gordon,RB,LAC,NE,0,0,0.0,0,0.0,0.0,0.0,14,132.0,1,2,1,7.0,0,19.9,20.9,,,73.0,215.0,24.5634375,2.0,Wisconsin,2015.0,2015.0,SD,15.0,,0.06896552
2017,10,00-0032144,M.Gordon,RB,LAC,JAX,0,0,0.0,0,0.0,0.0,0.0,16,27.0,0,8,5,15.0,0,4.2,9.2,,,73.0,215.0,24.5634375,2.0,Wisconsin,2015.0,2015.0,SD,15.0,,0.22222222
2017,11,00-0032144,M.Gordon,RB,LAC,BUF,0,0,0.0,0,0.0,0.0,0.0,20,80.0,1,2,0,0.0,0,14.0,14.0,,,73.0,215.0,24.5634375,2.0,Wisconsin,2015.0,2015.0,SD,15.0,30.0,0.055555556
2017,12,00-0032144,M.Gordon,RB,LAC,DAL,0,0,0.0,0,0.0,0.0,0.0,21,65.0,0,3,3,23.0,0,8.8,11.8,,,73.0,215.0,24.5634375,2.0,Wisconsin,2015.0,2015.0,SD,15.0,,0.09090909
2017,13,00-0032144,M.Gordon,RB,LAC,CLE,0,0,0.0,0,0.0,0.0,0.0,19,77.0,0,4,4,29.0,0,10.6,14.6,,,73.0,215.0,24.5634375,2.0,Wisconsin,2015.0,2015.0,SD,15.0,9.0,0.093023255
2017,14,00-0032144,M.Gordon,RB,LAC,WAS,0,0,0.0,0,0.0,0.0,0.0,22,78.0,1,3,1,5.0,0,14.3,15.3,,,73.0,215.0,24.5634375,2.0,Wisconsin,2015.0,2015.0,SD,15.0,17.0,0.0882353
2017,15,00-0032144,M.Gordon,RB,LAC,KC,0,0,0.0,0,0.0,0.0,0.0,19,78.0,1,8,6,91.0,0,22.9,28.9,,,73.0,215.0,24.5634375,2.0,Wisconsin,2015.0,2015.0,SD,15.0,,0.22222222
2017,16,00-0032144,M.Gordon,RB,LAC,NYJ,0,0,0.0,0,0.0,0.0,0.0,19,81.0,1,3,3,47.0,0,18.8,21.8,,,73.0,215.0,24.5634375,2.0,Wisconsin,2015.0,2015.0,SD,15.0,,0.07692308
2017,17,00-0032144,M.Gordon,RB,LAC,LV,0,0,0.0,0,0.0,0.0,0.0,17,93.0,0,7,6,31.0,0,12.4,18.4,,,73.0,215.0,24.5634375,2.0,Wisconsin,2015.0,2015.0,SD,15.0,20.0,0.19444445
2017,13,00-0032145,C.Erving,T,KC,NYJ,0,0,0.0,0,0.0,0.0,0.0,0,0.0,0,1,0,0.0,0,0.0,0.0,,,77.0,313.0,25.209882352941175,2.0,Florida State,2015.0,2015.0,CLE,19.0,,0.03125
2017,14,00-0032147,T.Sambrailo,T,ATL,NO,0,0,0.0,0,0.0,0.0,0.0,0,0.0,0,1,0,0.0,0,0.0,0.0,,,77.0,315.0,25.68038888888889,2.0,Colorado State,2015.0,2015.0,DEN,59.0,3.0,0.037037037
2017,1,00-0032156,T.Siemian,QB,DEN,LAC,17,28,219.0,2,1.0,4.0,38.0,6,19.0,1,0,0,0.0,0,22.66,22.66,,,75.0,220.0,25.866374999999998,2.0,Northwestern,2015.0,2015.0,DEN,250.0,3.0,
2017,2,00-0032156,T.Siemian,QB,DEN,DAL,22,32,231.0,4,1.0,2.0,29.0,5,14.0,0,0,0,0.0,0,22.64,22.64,,,75.0,220.0,25.866374999999998,2.0,Northwestern,2015.0,2015.0,DEN,250.0,25.0,
2017,3,00-0032156,T.Siemian,QB,DEN,BUF,24,40,259.0,0,2.0,3.0,4.0,3,12.0,0,0,0,0.0,0,7.56,7.56,,,75.0,220.0,25.866374999999998,2.0,Northwestern,2015.0,2015.0,DEN,250.0,,
2017,4,00-0032156,T.Siemian,QB,DEN,LV,16,26,179.0,1,0.0,4.0,24.0,4,1.0,0,0,0,0.0,0,11.26,11.26,,,75.0,220.0,25.866374999999998,2.0,Northwestern,2015.0,2015.0,DEN,250.0,6.0,
2017,6,00-0032156,T.Siemian,QB,DEN,NYG,29,50,376.0,1,2.0,4.0,28.0,1,9.0,0,0,0,0.0,0,15.94,15.94,,,75.0,220.0,25.866374999999998,2.0,Northwestern,2015.0,2015.0,DEN,250.0,-13.0,
2017,7,00-0032156,T.Siemian,QB,DEN,LAC,25,35,207.0,0,1.0,5.0,25.0,2,14.0,0,0,0,0.0,0,5.68,5.68,,,75.0,220.0,25.866374999999998,2.0,Northwestern,2015.0,2015.0,DEN,250.0,,
2017,8,00-0032156,T.Siemian,QB,DEN,KC,19,36,198.0,1,3.0,3.0,11.0,2,20.0,0,0,0,0.0,0,7.92,7.92,,,75.0,220.0,25.866374999999998,2.0,Northwestern,2015.0,2015.0,DEN,250.0,,
2017,12,00-0032156,T.Siemian,QB,DEN,LV,11,21,149.0,2,0.0,1.0,7.0,2,9.0,0,0,0,0.0,0,14.86,14.86,,,75.0,220.0,25.866374999999998,2.0,Northwestern,2015.0,2015.0,DEN,250.0,,
2017,13,00-0032156,T.Siemian,QB,DEN,MIA,19,41,200.0,0,3.0,3.0,33.0,3,16.0,0,0,0,0.0,0,3.6,3.6,,,75.0,220.0,25.866374999999998,2.0,Northwestern,2015.0,2015.0,DEN,250.0,,
2017,14,00-0032156,T.Siemian,QB,DEN,NYJ,19,31,200.0,1,0.0,2.0,11.0,3,13.0,0,0,0,0.0,0,13.3,13.3,,,75.0,220.0,25.866374999999998,2.0,Northwestern,2015.0,2015.0,DEN,250.0,23.0,
2017,15,00-0032156,T.Siemian,QB,DEN,IND,5,9,67.0,0,1.0,2.0,10.0,0,0.0,0,0,0,0.0,0,0.68,0.68,,,75.0,220.0,25.866374999999998,2.0,Northwestern,2015.0,2015.0,DEN,250.0,,
2017,1,00-0032160,T.Williams,WR,LAC,DEN,0,0,0.0,0,0.0,0.0,0.0,0,0.0,0,7,5,54.0,0,5.4,10.4,,,76.0,205.0,25.7298125,2.0,Western Oregon,2015.0,2015.0,,,,0.21212122
2017,2,00-0032160,T.Williams,WR,LAC,MIA,0,0,0.0,0,0.0,0.0,0.0,0,0.0,0,4,4,54.0,0,5.4,9.4,,,76.0,205.0,25.7298125,2.0,Western Oregon,2015.0,2015.0,,,-2.0,0.102564104
2017,3,00-0032160,T.Williams,WR,LAC,KC,0,0,0.0,0,0.0,0.0,0.0,0,0.0,0,7,2,15.0,0,1.5,3.5,,,76.0,205.0,25.7298125,2.0,Western Oregon,2015.0,2015.0,,,-14.0,0.17948718
2017,4,00-0032160,T.Williams,WR,LAC,PHI,0,0,0.0,0,0.0,0.0,0.0,0,0.0,0,6,5,115.0,1,17.5,22.5,,,76.0,205.0,25.7298125,2.0,Western Oregon,2015.0,2015.0,,,-2.0,0.16216215
2017,5,00-0032160,T.Williams,WR,LAC,NYG,0,0,0.0,0,0.0,0.0,0.0,0,0.0,0,2,1,22.0,0,2.2,3.2,,,76.0,205.0,25.7298125,2.0,Western Oregon,2015.0,2015.0,,,,0.04761905
2017,6,00-0032160,T.Williams,WR,LAC,LV,0,0,0.0,0,0.0,0.0,0.0,0,0.0,0,3,3,27.0,0,0.7,3.7,,,76.0,205.0,25.7298125,2.0,Western Oregon,2015.0,2015.0,,,,0.083333336
2017,7,00-0032160,T.Williams,WR,LAC,DEN,0,0,0.0,0,0.0,0.0,0.0,0,0.0,0,1,1,11.0,0,1.1,2.1,,,76.0,205.0,25.7298125,2.0,Western Oregon,2015.0,2015.0,,,21.0,0.04
2017,8,00-0032160,T.Williams,WR,LAC,NE,0,0,0.0,0,0.0,0.0,0.0,0,0.0,0,6,1,24.0,0,2.4,3.4,,,76.0,205.0,25.7298125,2.0,Western Oregon,2015.0,2015.0,,,,0.20689656
2017,10,00-0032160,T.Williams,WR,LAC,JAX,0,0,0.0,0,0.0,0.0,0.0,0,0.0,0,5,2,49.0,0,4.9,6.9,,,76.0,205.0,25.7298125,2.0,Western Oregon,2015.0,2015.0,,,,0.1388889
2017,11,00-0032160,T.Williams,WR,LAC,BUF,0,0,0.0,0,0.0,0.0,0.0,0,0.0,0,1,1,11.0,0,1.1,2.1,,,76.0,205.0,25.7298125,2.0,Western Oregon,2015.0,2015.0,,,30.0,0.027777778
2017,12,00-0032160,T.Williams,WR,LAC,DAL,0,0,0.0,0,0.0,0.0,0.0,0,0.0,0,3,2,58.0,1,11.8,13.8,,,76.0,205.0,25.7298125,2.0,Western Oregon,2015.0,2015.0,,,,0.09090909
2017,13,00-0032160,T.Williams,WR,LAC,CLE,0,0,0.0,0,0.0,0.0,0.0,0,0.0,0,3,1,8.0,0,0.8,1.8,,,76.0,205.0,25.7298125,2.0,Western Oregon,2015.0,2015.0,,,9.0,0.069767445
2017,14,00-0032160,T.Williams,WR,LAC,WAS,0,0,0.0,0,0.0,0.0,0.0,0,0.0,0,4,4,132.0,1,19.2,23.2,,,76.0,205.0,25.7298125,2.0,Western Oregon,2015.0,2015.0,,,17.0,0.11764706
2017,15,00-0032160,T.Williams,WR,LAC,KC,0,0,0.0,0,0.0,0.0,0.0,0,0.0,0,7,3,31.0,0,3.1,6.1,,,76.0,205.0,25.7298125,2.0,Western Oregon,2015.0,2015.0,,,,0.19444445
2017,16,00-0032160,T.Williams,WR,LAC,NYJ,0,0,0.0,0,0.0,0.0,0.0,0,0.0,0,6,5,50.0,0,5.0,10.0,,,76.0,205.0,25.7298125,2.0,Western Oregon,2015.0,2015.0,,,,0.15384616
2017,17,00-0032160,T.Williams,WR,LAC,LV,0,0,0.0,0,0.0,0.0,0.0,0,0.0,0,4,3,67.0,1,12.7,15.7,,,76.0,205.0,25.7298125,2.0,Western Oregon,2015.0,2015.0,,,20.0,0.11111111
2017,2,00-0032166,S.Coates,WR,CLE,BAL,0,0,0.0,0,0.0,0.0,0.0,0,0.0,0,4,0,0.0,0,0.0,0.0,,,73.0,212.0,24.5995625,2.0,Auburn,2015.0,2015.0,PIT,87.0,,0.0952381
2017,6,00-0032166,S.Coates,WR,CLE,HOU,0,0,0.0,0,0.0,0.0,0.0,0,0.0,0,2,1,11.0,0,1.1,2.1,,,73.0,212.0,24.5995625,2.0,Auburn,2015.0,2015.0,PIT,87.0,,0.055555556
2017,8,00-0032166,S.Coates,WR,CLE,MIN,0,0,0.0,0,0.0,0.0,0.0,0,0.0,0,2,2,13.0,0,1.3,3.3,,,73.0,212.0,24.5995625,2.0,Auburn,2015.0,2015.0,PIT,87.0,-17.0,0.05882353
2017,10,00-0032166,S.Coates,WR,CLE,DET,0,0,0.0,0,0.0,0.0,0.0,0,0.0,0,2,2,38.0,0,3.8,5.8,,,73.0,212.0,24.5995625,2.0,Auburn,2015.0,2015.0,PIT,87.0,,0.051282052
2017,15,00-0032166,S.Coates,WR,CLE,BAL,0,0,0.0,0,0.0,0.0,0.0,0,0.0,0,1,1,8.0,0,0.8,1.8,,,73.0,212.0,24.5995625,2.0,Auburn,2015.0,2015.0,PIT,87.0,-17.0,0.027027028
2017,1,00-0032187,D.Johnson,RB,ARI,DET,0,0,0.0,0,0.0,0.0,0.0,11,23.0,0,9,6,67.0,0,7.0,13.0,,,73.0,224.0,25.8899375,2.0,Northern Iowa,2015.0,2015.0,ARI,86.0,,0.19148937
2017,5,00-0032188,V.Mayle,WR,BAL,LV,0,0,0.0,0,0.0,0.0,0.0,1,2.0,1,0,0,0.0,0,6.2,6.2,,,74.0,228.0,26.399375,2.0,Washington State,2015.0,2015.0,CLE,123.0,,
2017,6,00-0032188,V.Mayle,WR,BAL,CHI,0,0,0.0,0,0.0,0.0,0.0,0,0.0,0,1,0,0.0,0,0.0,0.0,,,74.0,228.0,26.399375,2.0,Washington State,2015.0,2015.0,CLE,123.0,-3.0,0.024390243
2017,7,00-0032188,V.Mayle,WR,BAL,MIN,0,0,0.0,0,0.0,0.0,0.0,1,0.0,0,0,0,0.0,0,0.0,0.0,,,74.0,228.0,26.399375,2.0,Washington State,2015.0,2015.0,CLE,123.0,,
2017,1,00-0032200,T.Montgomery,WR,GB,SEA,0,0,0.0,0,0.0,0.0,0.0,19,54.0,1,4,4,39.0,0,15.3,19.3,,,72.0,216.0,24.7864375,2.0,Stanford,2015.0,2015.0,GB,94.0,8.0,0.0952381
2017,2,00-0032200,T.Montgomery,WR,GB,ATL,0,0,0.0,0,0.0,0.0,0.0,10,35.0,1,7,6,75.0,1,23.0,29.0,,,72.0,216.0,24.7864375,2.0,Stanford,2015.0,2015.0,GB,94.0,,0.14285715
2017,3,00-0032200,T.Montgomery,WR,GB,CIN,0,0,0.0,0,0.0,0.0,0.0,12,35.0,0,12,8,15.0,0,5.0,13.0,,,72.0,216.0,24.7864375,2.0,Stanford,2015.0,2015.0,GB,94.0,3.0,0.2857143
2017,4,00-0032200,T.Montgomery,WR,GB,CHI,0,0,0.0,0,0.0,0.0,0.0,5,28.0,0,0,0,0.0,0,2.8,2.8,,,72.0,216.0,24.7864375,2.0,Stanford,2015.0,2015.0,GB,94.0,21.0,
2017,6,00-0032200,T.Montgomery,WR,GB,MIN,0,0,0.0,0,0.0,0.0,0.0,10,28.0,0,3,1,3.0,0,3.1,4.1,,,72.0,216.0,24.7864375,2.0,Stanford,2015.0,2015.0,GB,94.0,,0.08108108
2017,7,00-0032200,T.Montgomery,WR,GB,NO,0,0,0.0,0,0.0,0.0,0.0,4,6.0,0,2,1,9.0,0,1.5,2.5,,,72.0,216.0,24.7864375,2.0,Stanford,2015.0,2015.0,GB,94.0,-9.0,0.08
2017,9,00-0032200,T.Montgomery,WR,GB,DET,0,0,0.0,0,0.0,0.0,0.0,5,33.0,0,1,1,18.0,0,5.1,6.1,,,72.0,216.0,24.7864375,2.0,Stanford,2015.0,2015.0,GB,94.0,-13.0,0.02631579
2017,10,00-0032200,T.Montgomery,WR,GB,CHI,0,0,0.0,0,0.0,0.0,0.0,6,54.0,1,2,2,14.0,0,12.8,14.8,,,72.0,216.0,24.7864375,2.0,Stanford,2015.0,2015.0,GB,94.0,,0.083333336
2017,1,00-0032208,P.Dorsett,WR,NE,KC,0,0,0.0,0,0.0,0.0,0.0,0,0.0,0,1,0,0.0,0,0.0,0.0,,,70.0,185.0,24.86563157894737,2.0,Miami,2015.0,2015.0,IND,29.0,-15.0,0.027777778
2017,2,00-0032208,P.Dorsett,WR,NE,NO,0,0,0.0,0,0.0,0.0,0.0,1,7.0,0,3,3,68.0,0,7.5,10.5,,,70.0,185.0,24.86563157894737,2.0,Miami,2015.0,2015.0,IND,29.0,,0.07692308
2017,4,00-0032208,P.Dorsett,WR,NE,CAR,0,0,0.0,0,0.0,0.0,0.0,0,0.0,0,1,1,17.0,0,1.7,2.7,,,70.0,185.0,24.86563157894737,2.0,Miami,2015.0,2015.0,IND,29.0,-3.0,0.022222223
2017,6,00-0032208,P.Dorsett,WR,NE,NYJ,0,0,0.0,0,0.0,0.0,0.0,0,0.0,0,3,0,0.0,0,0.0,0.0,,,70.0,185.0,24.86563157894737,2.0,Miami,2015.0,2015.0,IND,29.0,,0.078947365
2017,10,00-0032208,P.Dorsett,WR,NE,DEN,0,0,0.0,0,0.0,0.0,0.0,0,0.0,0,2,2,16.0,0,1.6,3.6,,,70.0,185.0,24.86563157894737,2.0,Miami,2015.0,2015.0,IND,29.0,,0.054054055
2017,12,00-0032208,P.Dorsett,WR,NE,MIA,0,0,0.0,0,0.0,0.0,0.0,0,0.0,0,1,1,39.0,0,3.9,4.9,,,70.0,185.0,24.86563157894737,2.0,Miami,2015.0,2015.0,IND,29.0,18.0,0.035714287
2017,15,00-0032208,P.Dorsett,WR,NE,PIT,0,0,0.0,0,0.0,0.0,0.0,0,0.0,0,1,1,4.0,0,0.4,1.4,,,70.0,185.0,24.86563157894737,2.0,Miami,2015.0,2015.0,IND,29.0,,0.028571429
2017,16,00-0032208,P.Dorsett,WR,NE,BUF,0,0,0.0,0,0.0,0.0,0.0,0,0.0,0,1,1,24.0,0,2.4,3.4,,,70.0,185.0,24.86563157894737,2.0,Miami,2015.0,2015.0,IND,29.0,21.0,0.035714287
2017,17,00-0032208,P.Dorsett,WR,NE,NYJ,0,0,0.0,0,0.0,0.0,0.0,0,0.0,0,5,3,26.0,0,2.6,5.6,,,70.0,185.0,24.86563157894737,2.0,Miami,2015.0,2015.0,IND,29.0,20.0,0.12820514
2017,20,00-0032208,P.Dorsett,WR,NE,JAX,0,0,0.0,0,0.0,0.0,0.0,0,0.0,0,1,1,31.0,0,3.1,4.1,,,70.0,185.0,24.86563157894737,2.0,Miami,2015.0,2015.0,IND,29.0,4.0,0.025641026
2017,21,00-0032208,P.Dorsett,WR,NE,PHI,0,0,0.0,0,0.0,0.0,0.0,0,0.0,0,2,1,19.0,0,1.9,2.9,,,70.0,185.0,24.86563157894737,2.0,Miami,2015.0,2015.0,IND,29.0,-8.0,0.04255319
2017,7,00-0032209,T.Yeldon,RB,JAX,IND,0,0,0.0,0,0.0,0.0,0.0,9,122.0,1,2,2,15.0,0,19.7,21.7,,,73.0,223.0,24.124368421052633,2.0,Alabama,2015.0,2015.0,JAX,36.0,,0.074074075
2017,9,00-0032209,T.Yeldon,RB,JAX,CIN,0,0,0.0,0,0.0,0.0,0.0,11,41.0,0,4,2,11.0,0,3.2,5.2,,,73.0,223.0,24.124368421052633,2.0,Alabama,2015.0,2015.0,JAX,36.0,16.0,0.10810811
2017,10,00-0032209,T.Yeldon,RB,JAX,LAC,0,0,0.0,0,0.0,0.0,0.0,3,11.0,0,8,6,39.0,0,5.0,11.0,,,73.0,223.0,24.124368421052633,2.0,Alabama,2015.0,2015.0,JAX,36.0,3.0,0.15686275
2017,11,00-0032209,T.Yeldon,RB,JAX,CLE,0,0,0.0,0,0.0,0.0,0.0,5,15.0,0,2,1,5.0,0,2.0,3.0,,,73.0,223.0,24.124368421052633,2.0,Alabama,2015.0,2015.0,JAX,36.0,,0.06896552
2017,12,00-0032209,T.Yeldon,RB,JAX,ARI,0,0,0.0,0,0.0,0.0,0.0,3,10.0,0,6,5,42.0,0,5.2,10.2,,,73.0,223.0,24.124368421052633,2.0,Alabama,2015.0,2015.0,JAX,36.0,,0.1875
2017,13,00-0032209,T.Yeldon,RB,JAX,IND,0,0,0.0,0,0.0,0.0,0.0,0,0.0,0,2,2,25.0,0,2.5,4.5,,,73.0,223.0,24.124368421052633,2.0,Alabama,2015.0,2015.0,JAX,36.0,20.0,0.057142857
2017,14,00-0032209,T.Yeldon,RB,JAX,SEA,0,0,0.0,0,0.0,0.0,0.0,2,9.0,0,0,0,0.0,0,0.9,0.9,,,73.0,223.0,24.124368421052633,2.0,Alabama,2015.0,2015.0,JAX,36.0,6.0,
2017,15,00-0032209,T.Yeldon,RB,JAX,HOU,0,0,0.0,0,0.0,0.0,0.0,7,27.0,0,5,4,25.0,0,5.2,9.2,,,73.0,223.0,24.124368421052633,2.0,Alabama,2015.0,2015.0,JAX,36.0,38.0,0.1923077
2017,16,00-0032209,T.Yeldon,RB,JAX,SF,0,0,0.0,0,0.0,0.0,0.0,5,13.0,1,10,7,64.0,0,13.7,20.7,,,73.0,223.0,24.124368421052633,2.0,Alabama,2015.0,2015.0,JAX,36.0,,0.2
2017,17,00-0032209,T.Yeldon,RB,JAX,TEN,0,0,0.0,0,0.0,0.0,0.0,4,5.0,0,2,1,-2.0,0,0.3,1.3,,,73.0,223.0,24.124368421052633,2.0,Alabama,2015.0,2015.0,JAX,36.0,,0.05882353
2017,19,00-0032209,T.Yeldon,RB,JAX,PIT,0,0,0.0,0,0.0,0.0,0.0,5,20.0,1,3,3,57.0,0,13.7,16.7,,,73.0,223.0,24.124368421052633,2.0,Alabama,2015.0,2015.0,JAX,36.0,,0.12
2017,20,00-0032209,T.Yeldon,RB,JAX,NE,0,0,0.0,0,0.0,0.0,0.0,5,25.0,0,3,2,6.0,0,3.1,5.1,,,73.0,223.0,24.124368421052633,2.0,Alabama,2015.0,2015.0,JAX,36.0,,0.083333336
2017,1,00-0032211,T.Lockett,WR,SEA,GB,0,0,0.0,0,0.0,0.0,0.0,0,0.0,0,3,1,8.0,0,0.8,1.8,,,70.0,182.0,25.1065625,2.0,Kansas State,2015.0,2015.0,SEA,69.0,,0.11111111
2017,2,00-0032211,T.Lockett,WR,SEA,SF,0,0,0.0,0,0.0,0.0,0.0,0,0.0,0,9,6,64.0,0,6.4,12.4,,,70.0,182.0,25.1065625,2.0,Kansas State,2015.0,2015.0,SEA,69.0,3.0,0.23076923
2017,3,00-0032211,T.Lockett,WR,SEA,TEN,0,0,0.0,0,0.0,0.0,0.0,0,0.0,0,3,2,30.0,0,3.0,5.0,,,70.0,182.0,25.1065625,2.0,Kansas State,2015.0,2015.0,SEA,69.0,,0.0625
2017,4,00-0032211,T.Lockett,WR,SEA,IND,0,0,0.0,0,0.0,0.0,0.0,2,24.0,0,5,4,67.0,0,9.1,13.1,,,70.0,182.0,25.1065625,2.0,Kansas State,2015.0,2015.0,SEA,69.0,28.0,0.1923077
2017,5,00-0032211,T.Lockett,WR,SEA,LA,0,0,0.0,0,0.0,0.0,0.0,1,7.0,0,4,3,26.0,0,3.3,6.3,,,70.0,182.0,25.1065625,2.0,Kansas State,2015.0,2015.0,SEA,69.0,,0.10810811
2017,7,00-0032211,T.Lockett,WR,SEA,NYG,0,0,0.0,0,0.0,0.0,0.0,3,15.0,0,7,4,29.0,0,4.4,8.4,,,70.0,182.0,25.1065625,2.0,Kansas State,2015.0,2015.0,SEA,69.0,,0.1891892
2017,8,00-0032211,T.Lockett,WR,SEA,HOU,0,0,0.0,0,0.0,0.0,0.0,1,-2.0,0,8,6,121.0,0,11.9,17.9,,,70.0,182.0,25.1065625,2.0,Kansas State,2015.0,2015.0,SEA,69.0,3.0,0.21621622
2017,9,00-0032211,T.Lockett,WR,SEA,WAS,0,0,0.0,0,0.0,0.0,0.0,0,0.0,0,8,2,10.0,0,1.0,3.0,,,70.0,182.0,25.1065625,2.0,Kansas State,2015.0,2015.0,SEA,69.0,-3.0,0.19512194
2017,10,00-0032211,T.Lockett,WR,SEA,ARI,0,0,0.0,0,0.0,0.0,0.0,0,0.0,0,2,1,16.0,0,1.6,2.6,,,70.0,182.0,25.1065625,2.0,Kansas State,2015.0,2015.0,SEA,69.0,,0.06666667
2017,11,00-0032211,T.Lockett,WR,SEA,ATL,0,0,0.0,0,0.0,0.0,0.0,0,0.0,0,5,4,37.0,0,3.7,7.7,,,70.0,182.0,25.1065625,2.0,Kansas State,2015.0,2015.0,SEA,69.0,-3.0,0.125
2017,12,00-0032211,T.Lockett,WR,SEA,SF,0,0,0.0,0,0.0,0.0,0.0,1,2.0,0,1,0,0.0,0,0.2,0.2,,,70.0,182.0,25.1065625,2.0,Kansas State,2015.0,2015.0,SEA,69.0,,0.030303031
2017,13,00-0032211,T.Lockett,WR,SEA,PHI,0,0,0.0,0,0.0,0.0,0.0,0,0.0,0,2,2,17.0,1,7.7,9.7,,,70.0,182.0,25.1065625,2.0,Kansas State,2015.0,2015.0,SEA,69.0,14.0,0.074074075
2017,14,00-0032211,T.Lockett,WR,SEA,JAX,0,0,0.0,0,0.0,0.0,0.0,1,10.0,0,5,4,90.0,1,16.0,20.0,,,70.0,182.0,25.1065625,2.0,Kansas State,2015.0,2015.0,SEA,69.0,,0.1724138
2017,15,00-0032211,T.Lockett,WR,SEA,LA,0,0,0.0,0,0.0,0.0,0.0,0,0.0,0,3,2,8.0,0,0.8,2.8,,,70.0,182.0,25.1065625,2.0,Kansas State,2015.0,2015.0,SEA,69.0,-35.0,0.11111111
2017,16,00-0032211,T.Lockett,WR,SEA,DAL,0,0,0.0,0,0.0,0.0,0.0,1,2.0,0,2,1,7.0,0,0.9,1.9,,,70.0,182.0,25.1065625,2.0,Kansas State,2015.0,2015.0,SEA,69.0,,0.1
2017,17,00-0032211,T.Lockett,WR,SEA,ARI,0,0,0.0,0,0.0,0.0,0.0,0,0.0,0,4,3,25.0,0,8.5,11.5,,,70.0,182.0,25.1065625,2.0,Kansas State,2015.0,2015.0,SEA,69.0,-2.0,0.14285715
2017,1,00-0032214,T.Kroft,TE,CIN,BAL,0,0,0.0,0,0.0,0.0,0.0,0,0.0,0,1,1,5.0,0,0.5,1.5,,,78.0,250.0,25.06,2.0,Rutgers,2015.0,2015.0,CIN,85.0,-20.0,0.03448276
2017,3,00-0032214,T.Kroft,TE,CIN,GB,0,0,0.0,0,0.0,0.0,0.0,0,0.0,0,4,3,28.0,0,2.8,5.8,,,78.0,250.0,25.06,2.0,Rutgers,2015.0,2015.0,CIN,85.0,,0.15384616
2017,4,00-0032214,T.Kroft,TE,CIN,CLE,0,0,0.0,0,0.0,0.0,0.0,0,0.0,0,7,6,68.0,2,18.8,24.8,,,78.0,250.0,25.06,2.0,Rutgers,2015.0,2015.0,CIN,85.0,,0.23333333
2017,5,00-0032214,T.Kroft,TE,CIN,BUF,0,0,0.0,0,0.0,0.0,0.0,0,0.0,0,5,4,38.0,0,3.8,7.8,,,78.0,250.0,25.06,2.0,Rutgers,2015.0,2015.0,CIN,85.0,4.0,0.14705883
2017,7,00-0032214,T.Kroft,TE,CIN,PIT,0,0,0.0,0,0.0,0.0,0.0,0,0.0,0,4,4,23.0,1,8.3,12.3,,,78.0,250.0,25.06,2.0,Rutgers,2015.0,2015.0,CIN,85.0,,0.13793103
2017,8,00-0032214,T.Kroft,TE,CIN,IND,0,0,0.0,0,0.0,0.0,0.0,0,0.0,0,6,5,46.0,0,4.6,9.6,,,78.0,250.0,25.06,2.0,Rutgers,2015.0,2015.0,CIN,85.0,1.0,0.21428572
2017,9,00-0032214,T.Kroft,TE,CIN,JAX,0,0,0.0,0,0.0,0.0,0.0,0,0.0,0,2,2,79.0,0,7.9,9.9,,,78.0,250.0,25.06,2.0,Rutgers,2015.0,2015.0,CIN,85.0,,0.11764706
2017,10,00-0032214,T.Kroft,TE,CIN,TEN,0,0,0.0,0,0.0,0.0,0.0,0,0.0,0,6,1,4.0,0,0.4,1.4,,,78.0,250.0,25.06,2.0,Rutgers,2015.0,2015.0,CIN,85.0,,0.1764706
2017,11,00-0032214,T.Kroft,TE,CIN,DEN,0,0,0.0,0,0.0,0.0,0.0,0,0.0,0,3,2,12.0,1,7.2,9.2,,,78.0,250.0,25.06,2.0,Rutgers,2015.0,2015.0,CIN,85.0,,0.125
2017,12,00-0032214,T.Kroft,TE,CIN,CLE,0,0,0.0,0,0.0,0.0,0.0,0,0.0,0,4,3,14.0,1,7.4,10.4,,,78.0,250.0,25.06,2.0,Rutgers,2015.0,2015.0,CIN,85.0,14.0,0.15384616
2017,13,00-0032214,T.Kroft,TE,CIN,PIT,0,0,0.0,0,0.0,0.0,0.0,0,0.0,0,2,2,30.0,0,3.0,5.0,,,78.0,250.0,25.06,2.0,Rutgers,2015.0,2015.0,CIN,85.0,-3.0,0.057142857
2017,14,00-0032214,T.Kroft,TE,CIN,CHI,0,0,0.0,0,0.0,0.0,0.0,0,0.0,0,1,0,0.0,0,0.0,0.0,,,78.0,250.0,25.06,2.0,Rutgers,2015.0,2015.0,CIN,85.0,-26.0,0.027777778
2017,15,00-0032214,T.Kroft,TE,CIN,MIN,0,0,0.0,0,0.0,0.0,0.0,0,0.0,0,4,2,1.0,0,0.1,2.1,,,78.0,250.0,25.06,2.0,Rutgers,2015.0,2015.0,CIN,85.0,,0.14285715
2017,16,00-0032214,T.Kroft,TE,CIN,DET,0,0,0.0,0,0.0,0.0,0.0,0,0.0,0,5,1,3.0,0,0.3,1.3,,,78.0,250.0,25.06,2.0,Rutgers,2015.0,2015.0,CIN,85.0,9.0,0.125
2017,17,00-0032214,T.Kroft,TE,CIN,BAL,0,0,0.0,0,0.0,0.0,0.0,0,0.0,0,8,6,53.0,2,17.3,23.3,,,78.0,250.0,25.06,2.0,Rutgers,2015.0,2015.0,CIN,85.0,,0.19512194
2017,1,00-0032227,J.Heuerman,TE,DEN,LAC,0,0,0.0,0,0.0,0.0,0.0,0,0.0,0,2,1,20.0,0,2.0,3.0,,,77.0,255.0,24.951875,2.0,Ohio State,2015.0,2015.0,DEN,92.0,3.0,0.071428575
2017,2,00-0032227,J.Heuerman,TE,DEN,DAL,0,0,0.0,0,0.0,0.0,0.0,0,0.0,0,1,1,15.0,0,1.5,2.5,,,77.0,255.0,24.951875,2.0,Ohio State,2015.0,2015.0,DEN,92.0,25.0,0.033333335
2017,6,00-0032227,J.Heuerman,TE,DEN,NYG,0,0,0.0,0,0.0,0.0,0.0,0,0.0,0,2,2,24.0,1,8.4,10.4,,,77.0,255.0,24.951875,2.0,Ohio State,2015.0,2015.0,DEN,92.0,-13.0,0.03773585
2017,8,00-0032227,J.Heuerman,TE,DEN,KC,0,0,0.0,0,0.0,0.0,0.0,0,0.0,0,2,1,11.0,0,1.1,2.1,,,77.0,255.0,24.951875,2.0,Ohio State,2015.0,2015.0,DEN,92.0,,0.055555556
2017,9,00-0032227,J.Heuerman,TE,DEN,PHI,0,0,0.0,0,0.0,0.0,0.0,0,0.0,0,1,0,0.0,0,0.0,0.0,,,77.0,255.0,24.951875,2.0,Ohio State,2015.0,2015.0,DEN,92.0,,0.027027028
2017,10,00-0032227,J.Heuerman,TE,DEN,NE,0,0,0.0,0,0.0,0.0,0.0,0,0.0,0,3,1,4.0,0,0.4,1.4,,,77.0,255.0,24.951875,2.0,Ohio State,2015.0,2015.0,DEN,92.0,-25.0,0.09375
2017,14,00-0032227,J.Heuerman,TE,DEN,NYJ,0,0,0.0,0,0.0,0.0,0.0,0,0.0,0,2,1,5.0,0,0.5,1.5,,,77.0,255.0,24.951875,2.0,Ohio State,2015.0,2015.0,DEN,92.0,23.0,0.071428575
2017,15,00-0032227,J.Heuerman,TE,DEN,IND,0,0,0.0,0,0.0,0.0,0.0,0,0.0,0,1,1,54.0,1,11.4,12.4,,,77.0,255.0,24.951875,2.0,Ohio State,2015.0,2015.0,DEN,92.0,,0.04
2017,16,00-0032227,J.Heuerman,TE,DEN,WAS,0,0,0.0,0,0.0,0.0,0.0,0,0.0,0,2,0,0.0,0,0.0,0.0,,,77.0,255.0,24.951875,2.0,Ohio State,2015.0,2015.0,DEN,92.0,,0.054054055
2017,17,00-0032227,J.Heuerman,TE,DEN,KC,0,0,0.0,0,0.0,0.0,0.0,0,0.0,0,2,1,9.0,0,0.9,1.9,,,77.0,255.0,24.951875,2.0,Ohio State,2015.0,2015.0,DEN,92.0,-3.0,0.06451613
2017,1,00-0032241,T.Gurley,RB,LA,IND,0,0,0.0,0,0.0,0.0,0.0,19,40.0,1,6,5,56.0,0,15.6,20.6,,,73.0,227.0,23.26870588235294,2.0,Georgia,2015.0,2015.0,STL,10.0,37.0,0.2
2017,2,00-0032241,T.Gurley,RB,LA,WAS,0,0,0.0,0,0.0,0.0,0.0,16,88.0,1,4,3,48.0,1,23.6,26.6,,,73.0,227.0,23.26870588235294,2.0,Georgia,2015.0,2015.0,STL,10.0,-7.0,0.16
2017,3,00-0032241,T.Gurley,RB,LA,SF,0,0,0.0,0,0.0,0.0,0.0,28,113.0,2,7,5,36.0,1,32.9,37.9,,,73.0,227.0,23.26870588235294,2.0,Georgia,2015.0,2015.0,STL,10.0,,0.25
2017,4,00-0032241,T.Gurley,RB,LA,DAL,0,0,0.0,0,0.0,0.0,0.0,23,121.0,0,8,7,94.0,1,27.5,34.5,,,73.0,227.0,23.26870588235294,2.0,Georgia,2015.0,2015.0,STL,10.0,,0.22857143
2017,5,00-0032241,T.Gurley,RB,LA,SEA,0,0,0.0,0,0.0,0.0,0.0,14,43.0,0,4,2,7.0,0,5.0,7.0,,,73.0,227.0,23.26870588235294,2.0,Georgia,2015.0,2015.0,STL,10.0,-6.0,0.08695652
2017,6,00-0032241,T.Gurley,RB,LA,JAX,0,0,0.0,0,0.0,0.0,0.0,23,116.0,0,1,1,4.0,0,12.0,13.0,,,73.0,227.0,23.26870588235294,2.0,Georgia,2015.0,2015.0,STL,10.0,,0.04761905
2017,7,00-0032241,T.Gurley,RB,LA,ARI,0,0,0.0,0,0.0,0.0,0.0,22,106.0,1,8,4,48.0,0,21.4,25.4,,,73.0,227.0,23.26870588235294,2.0,Georgia,2015.0,2015.0,STL,10.0,33.0,0.21621622
2017,9,00-0032241,T.Gurley,RB,LA,NYG,0,0,0.0,0,0.0,0.0,0.0,16,59.0,2,3,2,45.0,0,22.4,24.4,,,73.0,227.0,23.26870588235294,2.0,Georgia,2015.0,2015.0,STL,10.0,,0.13636364
2017,10,00-0032241,T.Gurley,RB,LA,HOU,0,0,0.0,0,0.0,0.0,0.0,11,68.0,0,7,6,68.0,0,13.6,19.6,,,73.0,227.0,23.26870588235294,2.0,Georgia,2015.0,2015.0,STL,10.0,26.0,0.19444445
2017,11,00-0032241,T.Gurley,RB,LA,MIN,0,0,0.0,0,0.0,0.0,0.0,15,37.0,1,4,3,19.0,0,11.6,14.6,,,73.0,227.0,23.26870588235294,2.0,Georgia,2015.0,2015.0,STL,10.0,,0.11111111
2017,12,00-0032241,T.Gurley,RB,LA,NO,0,0,0.0,0,0.0,0.0,0.0,17,74.0,0,7,4,54.0,0,12.8,16.8,,,73.0,227.0,23.26870588235294,2.0,Georgia,2015.0,2015.0,STL,10.0,6.0,0.1627907
2017,13,00-0032241,T.Gurley,RB,LA,ARI,0,0,0.0,0,0.0,0.0,0.0,19,74.0,0,7,6,84.0,0,15.8,21.8,,,73.0,227.0,23.26870588235294,2.0,Georgia,2015.0,2015.0,STL,10.0,,0.22580644
2017,14,00-0032241,T.Gurley,RB,LA,PHI,0,0,0.0,0,0.0,0.0,0.0,13,96.0,2,5,3,39.0,0,25.5,28.5,,,73.0,227.0,23.26870588235294,2.0,Georgia,2015.0,2015.0,STL,10.0,-8.0,0.2
2017,15,00-0032241,T.Gurley,RB,LA,SEA,0,0,0.0,0,0.0,0.0,0.0,21,152.0,3,3,3,28.0,1,42.0,45.0,,,73.0,227.0,23.26870588235294,2.0,Georgia,2015.0,2015.0,STL,10.0,,0.13043478
2017,16,00-0032241,T.Gurley,RB,LA,TEN,0,0,0.0,0,0.0,0.0,0.0,22,118.0,0,13,10,158.0,2,39.6,49.6,,,73.0,227.0,23.26870588235294,2.0,Georgia,2015.0,2015.0,STL,10.0,,0.34210527
2017,18,00-0032241,T.Gurley,RB,LA,ATL,0,0,0.0,0,0.0,0.0,0.0,14,101.0,0,10,4,10.0,0,11.1,15.1,,,73.0,227.0,23.26870588235294,2.0,Georgia,2015.0,2015.0,STL,10.0,-13.0,0.22222222
2017,1,00-0032245,S.Mannion,QB,LA,IND,1,1,12.0,0,0.0,0.0,-0.0,3,-7.0,0,0,0,0.0,0,-0.22,-0.22,,,78.0,231.0,25.54105882352941,2.0,Oregon State,2015.0,2015.0,STL,89.0,37.0,
2017,7,00-0032245,S.Mannion,QB,LA,ARI,0,0,0.0,0,0.0,0.0,0.0,1,-1.0,0,0,0,0.0,0,-0.1,-0.1,,,78.0,231.0,25.54105882352941,2.0,Oregon State,2015.0,2015.0,STL,89.0,33.0,
2017,9,00-0032245,S.Mannion,QB,LA,NYG,0,0,0.0,0,0.0,0.0,0.0,1,-1.0,0,0,0,0.0,0,-0.1,-0.1,,,78.0,231.0,25.54105882352941,2.0,Oregon State,2015.0,2015.0,STL,89.0,,
2017,15,00-0032245,S.Mannion,QB,LA,SEA,1,2,4.0,0,0.0,0.0,-0.0,2,3.0,0,0,0,0.0,0,0.46,0.46,,,78.0,231.0,25.54105882352941,2.0,Oregon State,2015.0,2015.0,STL,89.0,,
2017,17,00-0032245,S.Mannion,QB,LA,SF,20,34,169.0,0,0.0,3.0,20.0,2,4.0,0,0,0,0.0,0,5.16,5.16,,,78.0,231.0,25.54105882352941,2.0,Oregon State,2015.0,2015.0,STL,89.0,-21.0,
2017,1,00-0032250,K.Williams,WR,CLE,PIT,0,0,0.0,0,0.0,0.0,0.0,0,0.0,0,2,0,0.0,0,0.0,0.0,,,73.0,219.0,24.9171875,2.0,Washington,2015.0,2015.0,,,-3.0,0.06666667
2017,3,00-0032250,K.Williams,WR,CLE,IND,0,0,0.0,0,0.0,0.0,0.0,0,0.0,0,2,1,10.0,0,1.0,2.0,,,73.0,219.0,24.9171875,2.0,Washington,2015.0,2015.0,,,,0.04347826
2017,4,00-0032250,K.Williams,WR,CLE,CIN,0,0,0.0,0,0.0,0.0,0.0,0,0.0,0,2,0,0.0,0,0.0,0.0,,,73.0,219.0,24.9171875,2.0,Washington,2015.0,2015.0,,,-24.0,0.048780486
2017,5,00-0032250,K.Williams,WR,CLE,NYJ,0,0,0.0,0,0.0,0.0,0.0,0,0.0,0,5,4,33.0,0,3.3,7.3,,,73.0,219.0,24.9171875,2.0,Washington,2015.0,2015.0,,,-3.0,0.1388889
2017,6,00-0032250,K.Williams,WR,CLE,HOU,0,0,0.0,0,0.0,0.0,0.0,0,0.0,0,6,4,41.0,0,4.1,8.1,,,73.0,219.0,24.9171875,2.0,Washington,2015.0,2015.0,,,,0.16666667
2017,7,00-0032250,K.Williams,WR,CLE,TEN,0,0,0.0,0,0.0,0.0,0.0,0,0.0,0,1,0,0.0,0,0.0,0.0,,,73.0,219.0,24.9171875,2.0,Washington,2015.0,2015.0,,,-3.0,0.02631579
2017,2,00-0032256,C.Walford,TE,LV,NYJ,0,0,0.0,0,0.0,0.0,0.0,0,0.0,0,1,1,7.0,0,0.7,1.7,,,76.0,258.0,26.09575,2.0,Miami,2015.0,2015.0,OAK,68.0,,0.035714287
2017,3,00-0032256,C.Walford,TE,LV,WAS,0,0,0.0,0,0.0,0.0,0.0,0,0.0,0,1,1,-1.0,0,-0.1,0.9,,,76.0,258.0,26.09575,2.0,Miami,2015.0,2015.0,OAK,68.0,,0.033333335
2017,7,00-0032256,C.Walford,TE,LV,KC,0,0,0.0,0,0.0,0.0,0.0,0,0.0,0,1,0,0.0,0,0.0,0.0,,,76.0,258.0,26.09575,2.0,Miami,2015.0,2015.0,OAK,68.0,,0.01923077
2017,11,00-0032256,C.Walford,TE,LV,NE,0,0,0.0,0,0.0,0.0,0.0,0,0.0,0,2,1,4.0,0,0.4,1.4,,,76.0,258.0,26.09575,2.0,Miami,2015.0,2015.0,OAK,68.0,,0.040816326
2017,13,00-0032256,C.Walford,TE,LV,NYG,0,0,0.0,0,0.0,0.0,0.0,0,0.0,0,4,4,57.0,0,5.7,9.7,,,76.0,258.0,26.09575,2.0,Miami,2015.0,2015.0,OAK,68.0,,0.114285715
2017,14,00-0032256,C.Walford,TE,LV,KC,0,0,0.0,0,0.0,0.0,0.0,0,0.0,0,4,2,13.0,0,1.3,3.3,,,76.0,258.0,26.09575,2.0,Miami,2015.0,2015.0,OAK,68.0,,0.09756097
2017,1,00-0032257,D.Johnson,RB,CLE,PIT,0,0,0.0,0,0.0,0.0,0.0,0,0.0,0,5,2,20.0,0,2.0,4.0,,,69.0,210.0,24.11775,2.0,Miami,2015.0,2015.0,CLE,77.0,-3.0,0.16666667
2017,2,00-0032257,D.Johnson,RB,CLE,BAL,0,0,0.0,0,0.0,0.0,0.0,4,21.0,0,6,3,59.0,0,8.0,11.0,,,69.0,210.0,24.11775,2.0,Miami,2015.0,2015.0,CLE,77.0,,0.14285715
2017,3,00-0032257,D.Johnson,RB,CLE,IND,0,0,0.0,0,0.0,0.0,0.0,2,23.0,1,7,6,81.0,0,16.4,22.4,,,69.0,210.0,24.11775,2.0,Miami,2015.0,2015.0,CLE,77.0,,0.1521739
2017,4,00-0032257,D.Johnson,RB,CLE,CIN,0,0,0.0,0,0.0,0.0,0.0,4,13.0,1,10,9,47.0,0,12.0,21.0,,,69.0,210.0,24.11775,2.0,Miami,2015.0,2015.0,CLE,77.0,-24.0,0.24390244
2017,5,00-0032257,D.Johnson,RB,CLE,NYJ,0,0,0.0,0,0.0,0.0,0.0,6,20.0,0,3,3,63.0,1,14.3,17.3,,,69.0,210.0,24.11775,2.0,Miami,2015.0,2015.0,CLE,77.0,-3.0,0.083333336
2017,6,00-0032257,D.Johnson,RB,CLE,HOU,0,0,0.0,0,0.0,0.0,0.0,5,40.0,0,5,3,-1.0,0,3.9,6.9,,,69.0,210.0,24.11775,2.0,Miami,2015.0,2015.0,CLE,77.0,,0.1388889
2017,7,00-0032257,D.Johnson,RB,CLE,TEN,0,0,0.0,0,0.0,0.0,0.0,7,26.0,0,7,6,45.0,0,7.1,13.1,,,69.0,210.0,24.11775,2.0,Miami,2015.0,2015.0,CLE,77.0,-3.0,0.18421052
2017,8,00-0032257,D.Johnson,RB,CLE,MIN,0,0,0.0,0,0.0,0.0,0.0,6,33.0,0,5,4,10.0,0,4.3,8.3,,,69.0,210.0,24.11775,2.0,Miami,2015.0,2015.0,CLE,77.0,-17.0,0.14705883
2017,10,00-0032257,D.Johnson,RB,CLE,DET,0,0,0.0,0,0.0,0.0,0.0,10,54.0,0,6,6,34.0,0,8.8,14.8,,,69.0,210.0,24.11775,2.0,Miami,2015.0,2015.0,CLE,77.0,,0.15384616
2017,11,00-0032257,D.Johnson,RB,CLE,JAX,0,0,0.0,0,0.0,0.0,0.0,2,10.0,0,6,4,56.0,1,12.6,16.6,,,69.0,210.0,24.11775,2.0,Miami,2015.0,2015.0,CLE,77.0,-12.0,0.19354838
2017,12,00-0032257,D.Johnson,RB,CLE,CIN,0,0,0.0,0,0.0,0.0,0.0,6,35.0,0,5,4,32.0,0,6.7,10.7,,,69.0,210.0,24.11775,2.0,Miami,2015.0,2015.0,CLE,77.0,,0.16666667
2017,13,00-0032257,D.Johnson,RB,CLE,LAC,0,0,0.0,0,0.0,0.0,0.0,7,2.0,0,4,2,10.0,0,1.2,3.2,,,69.0,210.0,24.11775,2.0,Miami,2015.0,2015.0,CLE,77.0,,0.125
2017,14,00-0032257,D.Johnson,RB,CLE,GB,0,0,0.0,0,0.0,0.0,0.0,6,8.0,0,4,4,41.0,1,10.9,14.9,,,69.0,210.0,24.11775,2.0,Miami,2015.0,2015.0,CLE,77.0,-6.0,0.14285715
2017,15,00-0032257,D.Johnson,RB,CLE,BAL,0,0,0.0,0,0.0,0.0,0.0,7,23.0,1,7,5,40.0,0,10.3,15.3,,,69.0,210.0,24.11775,2.0,Miami,2015.0,2015.0,CLE,77.0,-17.0,0.1891892
2017,16,00-0032257,D.Johnson,RB,CLE,CHI,0,0,0.0,0,0.0,0.0,0.0,4,20.0,0,7,7,81.0,0,10.1,17.1,,,69.0,210.0,24.11775,2.0,Miami,2015.0,2015.0,CLE,77.0,,0.19444445
2017,17,00-0032257,D.Johnson,RB,CLE,PIT,0,0,0.0,0,0.0,0.0,0.0,6,20.0,1,6,6,75.0,0,13.5,19.5,,,69.0,210.0,24.11775,2.0,Miami,2015.0,2015.0,CLE,77.0,,0.2
2017,1,00-0032268,M.Mariota,QB,TEN,LV,25,41,256.0,0,0.0,1.0,1.0,3,26.0,1,0,0,0.0,0,18.84,18.84,,,76.0,222.0,24.037111111111113,2.0,Oregon,2015.0,2015.0,TEN,2.0,-10.0,
2017,2,00-0032268,M.Mariota,QB,TEN,JAX,15,27,215.0,1,1.0,1.0,4.0,6,24.0,0,0,0,0.0,0,13.0,13.0,,,76.0,222.0,24.037111111111113,2.0,Oregon,2015.0,2015.0,TEN,2.0,,
2017,3,00-0032268,M.Mariota,QB,TEN,SEA,20,32,225.0,2,0.0,0.0,-0.0,7,27.0,0,0,0,0.0,0,19.7,19.7,,,76.0,222.0,24.037111111111113,2.0,Oregon,2015.0,2015.0,TEN,2.0,6.0,
2017,4,00-0032268,M.Mariota,QB,TEN,HOU,6,10,96.0,0,2.0,0.0,-0.0,4,39.0,2,0,0,0.0,0,15.74,15.74,,,76.0,222.0,24.037111111111113,2.0,Oregon,2015.0,2015.0,TEN,2.0,,
2017,6,00-0032268,M.Mariota,QB,TEN,IND,23,32,306.0,1,1.0,1.0,1.0,2,0.0,0,0,0,0.0,0,14.24,14.24,,,76.0,222.0,24.037111111111113,2.0,Oregon,2015.0,2015.0,TEN,2.0,14.0,
2017,7,00-0032268,M.Mariota,QB,TEN,CLE,21,34,203.0,0,0.0,2.0,14.0,1,8.0,0,0,0,0.0,0,8.92,8.92,,,76.0,222.0,24.037111111111113,2.0,Oregon,2015.0,2015.0,TEN,2.0,,
2017,9,00-0032268,M.Mariota,QB,TEN,BAL,19,28,218.0,2,1.0,3.0,32.0,3,6.0,0,0,0,0.0,0,15.32,15.32,,,76.0,222.0,24.037111111111113,2.0,Oregon,2015.0,2015.0,TEN,2.0,3.0,
2017,10,00-0032268,M.Mariota,QB,TEN,CIN,25,44,264.0,1,1.0,4.0,28.0,6,51.0,0,0,0,0.0,0,17.66,17.66,,,76.0,222.0,24.037111111111113,2.0,Oregon,2015.0,2015.0,TEN,2.0,4.0,
2017,11,00-0032268,M.Mariota,QB,TEN,PIT,22,33,306.0,1,4.0,5.0,42.0,5,5.0,1,0,0,0.0,0,14.74,14.74,,,76.0,222.0,24.037111111111113,2.0,Oregon,2015.0,2015.0,TEN,2.0,,
2017,12,00-0032268,M.Mariota,QB,TEN,IND,17,25,184.0,1,2.0,0.0,-0.0,3,4.0,0,0,0,0.0,0,7.76,7.76,,,76.0,222.0,24.037111111111113,2.0,Oregon,2015.0,2015.0,TEN,2.0,,
2017,13,00-0032268,M.Mariota,QB,TEN,HOU,15,23,150.0,1,0.0,2.0,4.0,3,23.0,1,0,0,0.0,0,18.3,18.3,,,76.0,222.0,24.037111111111113,2.0,Oregon,2015.0,2015.0,TEN,2.0,11.0,
2017,14,00-0032268,M.Mariota,QB,TEN,ARI,16,31,159.0,0,2.0,3.0,20.0,2,11.0,0,0,0,0.0,0,3.46,3.46,,,76.0,222.0,24.037111111111113,2.0,Oregon,2015.0,2015.0,TEN,2.0,,
2017,15,00-0032268,M.Mariota,QB,TEN,SF,23,33,241.0,2,0.0,1.0,3.0,2,4.0,0,0,0,0.0,0,18.04,18.04,,,76.0,222.0,24.037111111111113,2.0,Oregon,2015.0,2015.0,TEN,2.0,,
2017,16,00-0032268,M.Mariota,QB,TEN,LA,22,39,275.0,0,1.0,1.0,6.0,3,24.0,0,0,0,0.0,0,11.4,11.4,,,76.0,222.0,24.037111111111113,2.0,Oregon,2015.0,2015.0,TEN,2.0,-4.0,
2017,17,00-0032268,M.Mariota,QB,TEN,JAX,12,21,134.0,1,0.0,3.0,18.0,10,60.0,0,0,0,0.0,0,13.36,13.36,,,76.0,222.0,24.037111111111113,2.0,Oregon,2015.0,2015.0,TEN,2.0,5.0,
2017,18,00-0032268,M.Mariota,QB,TEN,KC,19,31,205.0,2,1.0,2.0,10.0,8,46.0,0,1,1,6.0,1,25.4,26.4,,,76.0,222.0,24.037111111111113,2.0,Oregon,2015.0,2015.0,TEN,2.0,,0.033333335
2017,19,00-0032268,M.Mariota,QB,TEN,NE,23,38,264.0,2,0.0,8.0,52.0,4,37.0,0,0,0,0.0,0,22.26,22.26,,,76.0,222.0,24.037111111111113,2.0,Oregon,2015.0,2015.0,TEN,2.0,,
2017,16,00-0032298,B.Hill,RB,ARI,NYG,0,0,0.0,0,0.0,0.0,0.0,1,-2.0,0,0,0,0.0,0,-0.2,-0.2,,,70.0,215.0,24.8409375,2.0,Eastern Michigan,2015.0,2015.0,,,23.0,
2017,1,00-0032319,R.Travis,TE,KC,NE,0,0,0.0,0,0.0,0.0,0.0,0,0.0,0,1,0,0.0,0,0.0,0.0,,,79.0,235.0,24.8188125,2.0,Penn State,2015.0,2016.0,,,,0.029411765
2017,2,00-0032319,R.Travis,TE,KC,PHI,0,0,0.0,0,0.0,0.0,0.0,0,0.0,0,1,0,0.0,0,0.0,0.0,,,79.0,235.0,24.8188125,2.0,Penn State,2015.0,2016.0,,,7.0,0.037037037
2017,5,00-0032319,R.Travis,TE,KC,HOU,0,0,0.0,0,0.0,0.0,0.0,0,0.0,0,2,2,26.0,0,2.6,4.6,,,79.0,235.0,24.8188125,2.0,Penn State,2015.0,2016.0,,,,0.054054055
2017,7,00-0032319,R.Travis,TE,KC,LV,0,0,0.0,0,0.0,0.0,0.0,0,0.0,0,1,1,3.0,0,0.3,1.3,,,79.0,235.0,24.8188125,2.0,Penn State,2015.0,2016.0,,,,0.027777778
2017,8,00-0032319,R.Travis,TE,KC,DEN,0,0,0.0,0,0.0,0.0,0.0,0,0.0,0,2,0,0.0,0,0.0,0.0,,,79.0,235.0,24.8188125,2.0,Penn State,2015.0,2016.0,,,10.0,0.06896552
2017,9,00-0032319,R.Travis,TE,KC,DAL,0,0,0.0,0,0.0,0.0,0.0,0,0.0,0,2,1,3.0,0,0.3,1.3,,,79.0,235.0,24.8188125,2.0,Penn State,2015.0,2016.0,,,,0.060606062
2017,11,00-0032319,R.Travis,TE,KC,NYG,0,0,0.0,0,0.0,0.0,0.0,0,0.0,0,3,1,11.0,0,1.1,2.1,,,79.0,235.0,24.8188125,2.0,Penn State,2015.0,2016.0,,,,0.07692308
2017,14,00-0032319,R.Travis,TE,IND,BUF,0,0,0.0,0,0.0,0.0,0.0,0,0.0,0,2,0,0.0,0,0.0,0.0,,,79.0,235.0,24.8188125,2.0,Penn State,2015.0,2016.0,,,,0.1
2017,15,00-0032319,R.Travis,TE,IND,DEN,0,0,0.0,0,0.0,0.0,0.0,0,0.0,0,2,2,33.0,0,3.3,5.3,,,79.0,235.0,24.8188125,2.0,Penn State,2015.0,2016.0,,,-12.0,0.071428575
2017,16,00-0032319,R.Travis,TE,IND,BAL,0,0,0.0,0,0.0,0.0,0.0,0,0.0,0,1,0,0.0,0,0.0,0.0,,,79.0,235.0,24.8188125,2.0,Penn State,2015.0,2016.0,,,,0.030303031
2017,7,00-0032355,C.Rogers,WR,IND,JAX,0,0,0.0,0,0.0,0.0,0.0,0,0.0,0,2,2,21.0,0,2.1,4.1,,,73.0,184.0,23.8109375,1.0,Grambling,2016.0,2016.0,,,-27.0,0.054054055
2017,8,00-0032355,C.Rogers,WR,IND,CIN,0,0,0.0,0,0.0,0.0,0.0,0,0.0,0,2,2,9.0,0,0.9,2.9,,,73.0,184.0,23.8109375,1.0,Grambling,2016.0,2016.0,,,,0.05263158
2017,9,00-0032355,C.Rogers,WR,IND,HOU,0,0,0.0,0,0.0,0.0,0.0,0,0.0,0,2,1,17.0,0,1.7,2.7,,,73.0,184.0,23.8109375,1.0,Grambling,2016.0,2016.0,,,,0.06666667
2017,10,00-0032355,C.Rogers,WR,IND,PIT,0,0,0.0,0,0.0,0.0,0.0,1,3.0,0,6,6,104.0,1,16.7,22.7,,,73.0,184.0,23.8109375,1.0,Grambling,2016.0,2016.0,,,-3.0,0.26086956
2017,12,00-0032355,C.Rogers,WR,IND,TEN,0,0,0.0,0,0.0,0.0,0.0,0,0.0,0,4,3,34.0,0,3.4,6.4,,,73.0,184.0,23.8109375,1.0,Grambling,2016.0,2016.0,,,-4.0,0.14814815
2017,13,00-0032355,C.Rogers,WR,IND,JAX,0,0,0.0,0,0.0,0.0,0.0,1,-2.0,0,6,4,35.0,0,3.3,7.3,,,73.0,184.0,23.8109375,1.0,Grambling,2016.0,2016.0,,,,0.1764706
2017,14,00-0032355,C.Rogers,WR,IND,BUF,0,0,0.0,0,0.0,0.0,0.0,0,0.0,0,4,2,6.0,0,0.6,2.6,,,73.0,184.0,23.8109375,1.0,Grambling,2016.0,2016.0,,,,0.2
2017,15,00-0032355,C.Rogers,WR,IND,DEN,0,0,0.0,0,0.0,0.0,0.0,1,7.0,0,3,0,0.0,0,0.7,0.7,,,73.0,184.0,23.8109375,1.0,Grambling,2016.0,2016.0,,,-12.0,0.10714286
2017,16,00-0032355,C.Rogers,WR,IND,BAL,0,0,0.0,0,0.0,0.0,0.0,0,0.0,0,4,1,19.0,0,1.9,2.9,,,73.0,184.0,23.8109375,1.0,Grambling,2016.0,2016.0,,,,0.121212125
2017,17,00-0032355,C.Rogers,WR,IND,HOU,0,0,0.0,0,0.0,0.0,0.0,0,0.0,0,4,2,39.0,0,3.9,5.9,,,73.0,184.0,23.8109375,1.0,Grambling,2016.0,2016.0,,,9.0,0.16666667
2017,10,00-0032362,M.Harris,WR,WAS,MIN,0,0,0.0,0,0.0,0.0,0.0,0,0.0,0,3,2,50.0,1,11.0,13.0,,,75.0,200.0,24.987,1.0,California,2016.0,2016.0,,,-8.0,0.06666667
2017,12,00-0032362,M.Harris,WR,WAS,NYG,0,0,0.0,0,0.0,0.0,0.0,0,0.0,0,2,2,12.0,0,1.2,3.2,,,75.0,200.0,24.987,1.0,California,2016.0,2016.0,,,10.0,0.06666667
2017,13,00-0032362,M.Harris,WR,WAS,DAL,0,0,0.0,0,0.0,0.0,0.0,0,0.0,0,1,0,0.0,0,0.0,0.0,,,75.0,200.0,24.987,1.0,California,2016.0,2016.0,,,,0.027777778
2017,1,00-0032371,R.Kelley,RB,WAS,PHI,0,0,0.0,0,0.0,0.0,0.0,10,30.0,0,1,0,0.0,0,3.0,3.0,,,72.0,233.0,25.0938125,1.0,Tulane,2016.0,2016.0,,,-13.0,0.025
2017,2,00-0032371,R.Kelley,RB,WAS,LA,0,0,0.0,0,0.0,0.0,0.0,12,78.0,0,0,0,0.0,0,7.8,7.8,,,72.0,233.0,25.0938125,1.0,Tulane,2016.0,2016.0,,,,
2017,4,00-0032371,R.Kelley,RB,WAS,KC,0,0,0.0,0,0.0,0.0,0.0,7,23.0,0,1,0,0.0,0,2.3,2.3,,,72.0,233.0,25.0938125,1.0,Tulane,2016.0,2016.0,,,,0.041666668
2017,7,00-0032371,R.Kelley,RB,WAS,PHI,0,0,0.0,0,0.0,0.0,0.0,7,16.0,0,2,2,14.0,0,3.0,5.0,,,72.0,233.0,25.0938125,1.0,Tulane,2016.0,2016.0,,,,0.05
2017,8,00-0032371,R.Kelley,RB,WAS,DAL,0,0,0.0,0,0.0,0.0,0.0,8,19.0,1,1,0,0.0,0,7.9,7.9,,,72.0,233.0,25.0938125,1.0,Tulane,2016.0,2016.0,,,-14.0,0.025641026
2017,9,00-0032371,R.Kelley,RB,WAS,SEA,0,0,0.0,0,0.0,0.0,0.0,14,18.0,2,0,0,0.0,0,13.8,13.8,,,72.0,233.0,25.0938125,1.0,Tulane,2016.0,2016.0,,,,
2017,10,00-0032371,R.Kelley,RB,WAS,MIN,0,0,0.0,0,0.0,0.0,0.0,4,10.0,0,2,2,4.0,0,1.4,3.4,,,72.0,233.0,25.0938125,1.0,Tulane,2016.0,2016.0,,,-8.0,0.044444446
2017,11,00-0032375,J.Kerridge,FB,GB,BAL,0,0,0.0,0,0.0,0.0,0.0,0,0.0,0,1,1,3.0,0,0.3,1.3,,,72.0,245.0,25.1340625,1.0,Michigan,2016.0,2016.0,,,-23.0,0.028571429
2017,7,00-0032377,J.Ferguson,RB,IND,JAX,0,0,0.0,0,0.0,0.0,0.0,1,5.0,0,0,0,0.0,0,0.5,0.5,,,70.0,200.0,24.4515,1.0,Illinois,2016.0,2016.0,,,-27.0,
2017,13,00-0032377,J.Ferguson,RB,IND,JAX,0,0,0.0,0,0.0,0.0,0.0,0,0.0,0,3,3,16.0,0,1.6,4.6,,,70.0,200.0,24.4515,1.0,Illinois,2016.0,2016.0,,,,0.0882353
2017,15,00-0032377,J.Ferguson,RB,IND,DEN,0,0,0.0,0,0.0,0.0,0.0,0,0.0,0,1,0,0.0,0,0.0,0.0,,,70.0,200.0,24.4515,1.0,Illinois,2016.0,2016.0,,,-12.0,0.035714287
2017,1,00-0032385,S.Shepard,WR,NYG,DAL,0,0,0.0,0,0.0,0.0,0.0,1,6.0,0,8,7,44.0,0,5.0,12.0,,,70.0,194.0,24.7345625,1.0,Oklahoma,2016.0,2016.0,NYG,40.0,,0.21052632
2017,2,00-0032385,S.Shepard,WR,NYG,DET,0,0,0.0,0,0.0,0.0,0.0,2,7.0,0,4,2,23.0,0,3.0,5.0,,,70.0,194.0,24.7345625,1.0,Oklahoma,2016.0,2016.0,NYG,40.0,-14.0,0.125
2017,3,00-0032385,S.Shepard,WR,NYG,PHI,0,0,0.0,0,0.0,0.0,0.0,0,0.0,0,10,7,133.0,1,19.3,26.3,,,70.0,194.0,24.7345625,1.0,Oklahoma,2016.0,2016.0,NYG,40.0,,0.21276596
2017,4,00-0032385,S.Shepard,WR,NYG,TB,0,0,0.0,0,0.0,0.0,0.0,0,0.0,0,5,5,54.0,0,5.4,10.4,,,70.0,194.0,24.7345625,1.0,Oklahoma,2016.0,2016.0,NYG,40.0,,0.10204082
2017,5,00-0032385,S.Shepard,WR,NYG,LAC,0,0,0.0,0,0.0,0.0,0.0,0,0.0,0,2,1,9.0,0,0.9,1.9,,,70.0,194.0,24.7345625,1.0,Oklahoma,2016.0,2016.0,NYG,40.0,-5.0,0.055555556
2017,9,00-0032385,S.Shepard,WR,NYG,LA,0,0,0.0,0,0.0,0.0,0.0,0,0.0,0,9,5,70.0,0,7.0,12.0,,,70.0,194.0,24.7345625,1.0,Oklahoma,2016.0,2016.0,NYG,40.0,-34.0,0.23684211
2017,10,00-0032385,S.Shepard,WR,NYG,SF,0,0,0.0,0,0.0,0.0,0.0,0,0.0,0,13,11,142.0,0,14.2,25.2,,,70.0,194.0,24.7345625,1.0,Oklahoma,2016.0,2016.0,NYG,40.0,,0.35135135
2017,13,00-0032385,S.Shepard,WR,NYG,LV,0,0,0.0,0,0.0,0.0,0.0,0,0.0,0,6,3,56.0,0,5.6,8.6,,,70.0,194.0,24.7345625,1.0,Oklahoma,2016.0,2016.0,NYG,40.0,,0.18181819
2017,14,00-0032385,S.Shepard,WR,NYG,DAL,0,0,0.0,0,0.0,0.0,0.0,1,-9.0,0,3,2,16.0,0,0.7,2.7,,,70.0,194.0,24.7345625,1.0,Oklahoma,2016.0,2016.0,NYG,40.0,-20.0,0.06521739
2017,15,00-0032385,S.Shepard,WR,NYG,PHI,0,0,0.0,0,0.0,0.0,0.0,0,0.0,0,16,11,139.0,1,19.9,30.9,,,70.0,194.0,24.7345625,1.0,Oklahoma,2016.0,2016.0,NYG,40.0,-5.0,0.28070176
2017,16,00-0032385,S.Shepard,WR,NYG,ARI,0,0,0.0,0,0.0,0.0,0.0,0,0.0,0,8,5,45.0,0,4.5,9.5,,,70.0,194.0,24.7345625,1.0,Oklahoma,2016.0,2016.0,NYG,40.0,,0.18181819
2017,1,00-0032392,A.Hooper,TE,ATL,CHI,0,0,0.0,0,0.0,0.0,0.0,0,0.0,0,2,2,128.0,1,18.8,20.8,,,75.0,248.0,23.044,1.0,Stanford,2016.0,2016.0,ATL,81.0,,0.06666667
2017,2,00-0032392,A.Hooper,TE,ATL,GB,0,0,0.0,0,0.0,0.0,0.0,0,0.0,0,2,2,7.0,0,0.7,2.7,,,75.0,248.0,23.044,1.0,Stanford,2016.0,2016.0,ATL,81.0,11.0,0.074074075
2017,3,00-0032392,A.Hooper,TE,ATL,DET,0,0,0.0,0,0.0,0.0,0.0,0,0.0,0,2,1,9.0,0,0.9,1.9,,,75.0,248.0,23.044,1.0,Stanford,2016.0,2016.0,ATL,81.0,,0.057142857
2017,4,00-0032392,A.Hooper,TE,ATL,BUF,0,0,0.0,0,0.0,0.0,0.0,0,0.0,0,7,5,50.0,0,5.0,10.0,,,75.0,248.0,23.044,1.0,Stanford,2016.0,2016.0,ATL,81.0,-6.0,0.16666667
2017,6,00-0032392,A.Hooper,TE,ATL,MIA,0,0,0.0,0,0.0,0.0,0.0,0,0.0,0,9,7,48.0,0,4.8,11.8,,,75.0,248.0,23.044,1.0,Stanford,2016.0,2016.0,ATL,81.0,-3.0,0.2647059
2017,7,00-0032392,A.Hooper,TE,ATL,NE,0,0,0.0,0,0.0,0.0,0.0,0,0.0,0,1,1,6.0,0,0.6,1.6,,,75.0,248.0,23.044,1.0,Stanford,2016.0,2016.0,ATL,81.0,,0.030303031
2017,8,00-0032392,A.Hooper,TE,ATL,NYJ,0,0,0.0,0,0.0,0.0,0.0,0,0.0,0,6,4,47.0,1,10.7,14.7,,,75.0,248.0,23.044,1.0,Stanford,2016.0,2016.0,ATL,81.0,,0.22222222
2017,9,00-0032392,A.Hooper,TE,ATL,CAR,0,0,0.0,0,0.0,0.0,0.0,0,0.0,0,6,3,36.0,0,3.6,6.6,,,75.0,248.0,23.044,1.0,Stanford,2016.0,2016.0,ATL,81.0,,0.16216215
2017,10,00-0032392,A.Hooper,TE,ATL,DAL,0,0,0.0,0,0.0,0.0,0.0,0,0.0,0,6,6,49.0,1,10.9,16.9,,,75.0,248.0,23.044,1.0,Stanford,2016.0,2016.0,ATL,81.0,20.0,0.21428572
2017,11,00-0032392,A.Hooper,TE,ATL,SEA,0,0,0.0,0,0.0,0.0,0.0,0,0.0,0,2,2,-1.0,0,-0.1,1.9,,,75.0,248.0,23.044,1.0,Stanford,2016.0,2016.0,ATL,81.0,,0.074074075
2017,12,00-0032392,A.Hooper,TE,ATL,TB,0,0,0.0,0,0.0,0.0,0.0,0,0.0,0,5,3,38.0,0,3.8,6.8,,,75.0,248.0,23.044,1.0,Stanford,2016.0,2016.0,ATL,81.0,14.0,0.14705883
2017,13,00-0032392,A.Hooper,TE,ATL,MIN,0,0,0.0,0,0.0,0.0,0.0,0,0.0,0,4,3,21.0,0,2.1,5.1,,,75.0,248.0,23.044,1.0,Stanford,2016.0,2016.0,ATL,81.0,-5.0,0.13793103
2017,14,00-0032392,A.Hooper,TE,ATL,NO,0,0,0.0,0,0.0,0.0,0.0,0,0.0,0,4,2,23.0,0,2.3,4.3,,,75.0,248.0,23.044,1.0,Stanford,2016.0,2016.0,ATL,81.0,3.0,0.14814815
2017,15,00-0032392,A.Hooper,TE,ATL,TB,0,0,0.0,0,0.0,0.0,0.0,0,0.0,0,2,2,12.0,0,1.2,3.2,,,75.0,248.0,23.044,1.0,Stanford,2016.0,2016.0,ATL,81.0,,0.06666667
2017,16,00-0032392,A.Hooper,TE,ATL,NO,0,0,0.0,0,0.0,0.0,0.0,0,0.0,0,4,3,18.0,0,1.8,4.8,,,75.0,248.0,23.044,1.0,Stanford,2016.0,2016.0,ATL,81.0,,0.114285715
2017,17,00-0032392,A.Hooper,TE,ATL,CAR,0,0,0.0,0,0.0,0.0,0.0,0,0.0,0,3,3,35.0,0,3.5,6.5,,,75.0,248.0,23.044,1.0,Stanford,2016.0,2016.0,ATL,81.0,12.0,0.071428575
2017,18,00-0032392,A.Hooper,TE,ATL,LA,0,0,0.0,0,0.0,0.0,0.0,0,0.0,0,5,3,15.0,0,1.5,4.5,,,75.0,248.0,23.044,1.0,Stanford,2016.0,2016.0,ATL,81.0,,0.1724138
2017,19,00-0032392,A.Hooper,TE,ATL,PHI,0,0,0.0,0,0.0,0.0,0.0,0,0.0,0,1,1,3.0,0,0.3,1.3,,,75.0,248.0,23.044,1.0,Stanford,2016.0,2016.0,ATL,81.0,,0.027777778
2017,1,00-0032393,C.Prosise,RB,SEA,GB,0,0,0.0,0,0.0,0.0,0.0,4,11.0,0,0,0,0.0,0,1.1,1.1,,,73.0,225.0,23.4665625,1.0,Notre Dame,2016.0,2016.0,SEA,90.0,,
2017,2,00-0032393,C.Prosise,RB,SEA,SF,0,0,0.0,0,0.0,0.0,0.0,0,0.0,0,6,3,22.0,0,2.2,5.2,,,73.0,225.0,23.4665625,1.0,Notre Dame,2016.0,2016.0,SEA,90.0,3.0,0.15384616
2017,3,00-0032393,C.Prosise,RB,SEA,TEN,0,0,0.0,0,0.0,0.0,0.0,4,9.0,0,5,3,65.0,0,7.4,10.4,,,73.0,225.0,23.4665625,1.0,Notre Dame,2016.0,2016.0,SEA,90.0,,0.104166664
2017,10,00-0032393,C.Prosise,RB,SEA,ARI,0,0,0.0,0,0.0,0.0,0.0,3,3.0,0,0,0,0.0,0,0.3,0.3,,,73.0,225.0,23.4665625,1.0,Notre Dame,2016.0,2016.0,SEA,90.0,,
2017,1,00-0032394,N.Vannett,TE,SEA,GB,0,0,0.0,0,0.0,0.0,0.0,0,0.0,0,1,1,10.0,0,1.0,2.0,,,78.0,261.0,24.6713125,1.0,Ohio State,2016.0,2016.0,SEA,94.0,,0.037037037
2017,5,00-0032394,N.Vannett,TE,SEA,LA,0,0,0.0,0,0.0,0.0,0.0,0,0.0,0,2,2,3.0,0,0.3,2.3,,,78.0,261.0,24.6713125,1.0,Ohio State,2016.0,2016.0,SEA,94.0,,0.054054055
2017,7,00-0032394,N.Vannett,TE,SEA,NYG,0,0,0.0,0,0.0,0.0,0.0,0,0.0,0,1,1,12.0,0,1.2,2.2,,,78.0,261.0,24.6713125,1.0,Ohio State,2016.0,2016.0,SEA,94.0,,0.027027028
2017,8,00-0032394,N.Vannett,TE,SEA,HOU,0,0,0.0,0,0.0,0.0,0.0,0,0.0,0,1,1,8.0,0,0.8,1.8,,,78.0,261.0,24.6713125,1.0,Ohio State,2016.0,2016.0,SEA,94.0,3.0,0.027027028
2017,10,00-0032394,N.Vannett,TE,SEA,ARI,0,0,0.0,0,0.0,0.0,0.0,0,0.0,0,2,2,22.0,0,2.2,4.2,,,78.0,261.0,24.6713125,1.0,Ohio State,2016.0,2016.0,SEA,94.0,,0.06666667
2017,12,00-0032394,N.Vannett,TE,SEA,SF,0,0,0.0,0,0.0,0.0,0.0,0,0.0,0,4,2,29.0,1,8.9,10.9,,,78.0,261.0,24.6713125,1.0,Ohio State,2016.0,2016.0,SEA,94.0,,0.121212125
2017,13,00-0032394,N.Vannett,TE,SEA,PHI,0,0,0.0,0,0.0,0.0,0.0,0,0.0,0,3,3,40.0,0,4.0,7.0,,,78.0,261.0,24.6713125,1.0,Ohio State,2016.0,2016.0,SEA,94.0,14.0,0.11111111
2017,14,00-0032394,N.Vannett,TE,SEA,JAX,0,0,0.0,0,0.0,0.0,0.0,0,0.0,0,1,0,0.0,0,0.0,0.0,,,78.0,261.0,24.6713125,1.0,Ohio State,2016.0,2016.0,SEA,94.0,,0.03448276
2017,3,00-0032398,C.Moore,WR,BAL,JAX,0,0,0.0,0,0.0,0.0,0.0,0,0.0,0,1,0,0.0,0,0.0,0.0,,,73.0,200.0,24.387,1.0,Cincinnati,2016.0,2016.0,BAL,107.0,,0.037037037
2017,6,00-0032398,C.Moore,WR,BAL,CHI,0,0,0.0,0,0.0,0.0,0.0,0,0.0,0,7,3,44.0,0,4.4,7.4,,,73.0,200.0,24.387,1.0,Cincinnati,2016.0,2016.0,BAL,107.0,-3.0,0.17073171
2017,7,00-0032398,C.Moore,WR,BAL,MIN,0,0,0.0,0,0.0,0.0,0.0,1,-5.0,0,8,2,36.0,1,9.1,11.1,,,73.0,200.0,24.387,1.0,Cincinnati,2016.0,2016.0,BAL,107.0,,0.20512821
2017,9,00-0032398,C.Moore,WR,BAL,TEN,0,0,0.0,0,0.0,0.0,0.0,0,0.0,0,4,1,16.0,0,1.6,2.6,,,73.0,200.0,24.387,1.0,Cincinnati,2016.0,2016.0,BAL,107.0,,0.07692308
2017,12,00-0032398,C.Moore,WR,BAL,HOU,0,0,0.0,0,0.0,0.0,0.0,0,0.0,0,3,3,37.0,0,3.7,6.7,,,73.0,200.0,24.387,1.0,Cincinnati,2016.0,2016.0,BAL,107.0,7.0,0.09090909
2017,13,00-0032398,C.Moore,WR,BAL,DET,0,0,0.0,0,0.0,0.0,0.0,1,-4.0,0,4,3,32.0,0,2.8,5.8,,,73.0,200.0,24.387,1.0,Cincinnati,2016.0,2016.0,BAL,107.0,24.0,0.11111111
2017,14,00-0032398,C.Moore,WR,BAL,PIT,0,0,0.0,0,0.0,0.0,0.0,0,0.0,0,3,3,48.0,1,10.8,13.8,,,73.0,200.0,24.387,1.0,Cincinnati,2016.0,2016.0,BAL,107.0,,0.0882353
2017,15,00-0032398,C.Moore,WR,BAL,CLE,0,0,0.0,0,0.0,0.0,0.0,0,0.0,0,3,0,0.0,0,0.0,0.0,,,73.0,200.0,24.387,1.0,Cincinnati,2016.0,2016.0,BAL,107.0,,0.071428575
2017,16,00-0032398,C.Moore,WR,BAL,IND,0,0,0.0,0,0.0,0.0,0.0,0,0.0,0,2,2,29.0,0,2.9,4.9,,,73.0,200.0,24.387,1.0,Cincinnati,2016.0,2016.0,BAL,107.0,7.0,0.05263158
2017,17,00-0032398,C.Moore,WR,BAL,CIN,0,0,0.0,0,0.0,0.0,0.0,0,0.0,0,3,1,6.0,1,6.6,7.6,,,73.0,200.0,24.387,1.0,Cincinnati,2016.0,2016.0,BAL,107.0,-4.0,0.06382979
2017,1,00-0032404,T.Ervin,RB,HOU,JAX,0,0,0.0,0,0.0,0.0,0.0,3,8.0,0,5,4,18.0,0,2.6,6.6,,,70.0,180.0,24.081625,1.0,San Jose State,2016.0,2016.0,HOU,119.0,-22.0,0.1388889
2017,2,00-0032404,T.Ervin,RB,HOU,CIN,0,0,0.0,0,0.0,0.0,0.0,0,0.0,0,5,3,16.0,0,1.6,4.6,,,70.0,180.0,24.081625,1.0,San Jose State,2016.0,2016.0,HOU,119.0,,0.20833333
2017,3,00-0032404,T.Ervin,RB,HOU,NE,0,0,0.0,0,0.0,0.0,0.0,1,4.0,0,1,1,4.0,0,0.8,1.8,,,70.0,180.0,24.081625,1.0,San Jose State,2016.0,2016.0,HOU,119.0,,0.030303031
2017,1,00-0032417,P.Perkins,RB,NYG,DAL,0,0,0.0,0,0.0,0.0,0.0,7,16.0,0,3,2,9.0,0,2.5,4.5,,,71.0,208.0,22.9715,1.0,UCLA,2016.0,2016.0,NYG,149.0,,0.078947365
2017,2,00-0032417,P.Perkins,RB,NYG,DET,0,0,0.0,0,0.0,0.0,0.0,7,10.0,0,2,2,12.0,0,2.2,4.2,,,71.0,208.0,22.9715,1.0,UCLA,2016.0,2016.0,NYG,149.0,-14.0,0.0625
2017,3,00-0032417,P.Perkins,RB,NYG,PHI,0,0,0.0,0,0.0,0.0,0.0,9,22.0,0,2,2,8.0,0,3.0,5.0,,,71.0,208.0,22.9715,1.0,UCLA,2016.0,2016.0,NYG,149.0,,0.04255319
2017,4,00-0032417,P.Perkins,RB,NYG,TB,0,0,0.0,0,0.0,0.0,0.0,9,13.0,0,2,1,6.0,0,1.9,2.9,,,71.0,208.0,22.9715,1.0,UCLA,2016.0,2016.0,NYG,149.0,,0.040816326
2017,13,00-0032417,P.Perkins,RB,NYG,LV,0,0,0.0,0,0.0,0.0,0.0,3,12.0,0,0,0,0.0,0,1.2,1.2,,,71.0,208.0,22.9715,1.0,UCLA,2016.0,2016.0,NYG,149.0,,
2017,16,00-0032417,P.Perkins,RB,NYG,ARI,0,0,0.0,0,0.0,0.0,0.0,3,10.0,0,0,0,0.0,0,1.0,1.0,,,71.0,208.0,22.9715,1.0,UCLA,2016.0,2016.0,NYG,149.0,,
2017,17,00-0032417,P.Perkins,RB,NYG,WAS,0,0,0.0,0,0.0,0.0,0.0,3,7.0,0,1,1,11.0,0,1.8,2.8,,,71.0,208.0,22.9715,1.0,UCLA,2016.0,2016.0,NYG,149.0,8.0,0.035714287
2017,2,00-0032423,T.Davis,WR,GB,ATL,0,0,0.0,0,0.0,0.0,0.0,0,0.0,0,1,1,9.0,0,0.9,1.9,,,73.0,188.0,24.340125,1.0,California,2016.0,2016.0,GB,163.0,,0.020408163
2017,9,00-0032423,T.Davis,WR,GB,DET,0,0,0.0,0,0.0,0.0,0.0,1,9.0,0,1,1,5.0,0,1.4,2.4,,,73.0,188.0,24.340125,1.0,California,2016.0,2016.0,GB,163.0,-13.0,0.02631579
2017,12,00-0032423,T.Davis,WR,GB,PIT,0,0,0.0,0,0.0,0.0,0.0,1,4.0,0,0,0,0.0,0,0.4,0.4,,,73.0,188.0,24.340125,1.0,California,2016.0,2016.0,GB,163.0,,
2017,14,00-0032423,T.Davis,WR,GB,CLE,0,0,0.0,0,0.0,0.0,0.0,0,0.0,0,1,0,0.0,0,0.0,0.0,,,73.0,188.0,24.340125,1.0,California,2016.0,2016.0,GB,163.0,,0.02173913
2017,16,00-0032423,T.Davis,WR,GB,MIN,0,0,0.0,0,0.0,0.0,0.0,0,0.0,0,1,0,0.0,0,0.0,0.0,,,73.0,188.0,24.340125,1.0,California,2016.0,2016.0,GB,163.0,-16.0,0.025
2017,17,00-0032423,T.Davis,WR,GB,DET,0,0,0.0,0,0.0,0.0,0.0,0,0.0,0,3,3,56.0,0,5.6,8.6,,,73.0,188.0,24.340125,1.0,California,2016.0,2016.0,GB,163.0,,0.09677419
2017,2,00-0032426,A.Collins,RB,BAL,CLE,0,0,0.0,0,0.0,0.0,0.0,7,42.0,0,0,0,0.0,0,2.2,2.2,,,70.0,210.0,23.1933125,1.0,Arkansas,2016.0,2016.0,SEA,171.0,14.0,
2017,3,00-0032426,A.Collins,RB,BAL,JAX,0,0,0.0,0,0.0,0.0,0.0,9,82.0,0,0,0,0.0,0,8.2,8.2,,,70.0,210.0,23.1933125,1.0,Arkansas,2016.0,2016.0,SEA,171.0,,
2017,4,00-0032426,A.Collins,RB,BAL,PIT,0,0,0.0,0,0.0,0.0,0.0,9,82.0,0,2,0,0.0,0,6.2,6.2,,,70.0,210.0,23.1933125,1.0,Arkansas,2016.0,2016.0,SEA,171.0,-17.0,0.04255319
2017,5,00-0032426,A.Collins,RB,BAL,LV,0,0,0.0,0,0.0,0.0,0.0,12,55.0,0,0,0,0.0,0,5.5,5.5,,,70.0,210.0,23.1933125,1.0,Arkansas,2016.0,2016.0,SEA,171.0,,
2017,6,00-0032426,A.Collins,RB,BAL,CHI,0,0,0.0,0,0.0,0.0,0.0,15,74.0,0,0,0,0.0,0,7.4,7.4,,,70.0,210.0,23.1933125,1.0,Arkansas,2016.0,2016.0,SEA,171.0,-3.0,
2017,7,00-0032426,A.Collins,RB,BAL,MIN,0,0,0.0,0,0.0,0.0,0.0,10,30.0,0,0,0,0.0,0,3.0,3.0,,,70.0,210.0,23.1933125,1.0,Arkansas,2016.0,2016.0,SEA,171.0,,
2017,8,00-0032426,A.Collins,RB,BAL,MIA,0,0,0.0,0,0.0,0.0,0.0,18,113.0,0,2,2,30.0,0,14.3,16.3,,,70.0,210.0,23.1933125,1.0,Arkansas,2016.0,2016.0,SEA,171.0,40.0,0.0952381
2017,9,00-0032426,A.Collins,RB,BAL,TEN,0,0,0.0,0,0.0,0.0,0.0,13,43.0,0,1,1,3.0,0,4.6,5.6,,,70.0,210.0,23.1933125,1.0,Arkansas,2016.0,2016.0,SEA,171.0,,0.01923077
2017,11,00-0032426,A.Collins,RB,BAL,GB,0,0,0.0,0,0.0,0.0,0.0,20,49.0,1,7,4,22.0,0,13.1,17.1,,,70.0,210.0,23.1933125,1.0,Arkansas,2016.0,2016.0,SEA,171.0,,0.25
2017,12,00-0032426,A.Collins,RB,BAL,HOU,0,0,0.0,0,0.0,0.0,0.0,16,60.0,1,2,2,-3.0,0,11.7,13.7,,,70.0,210.0,23.1933125,1.0,Arkansas,2016.0,2016.0,SEA,171.0,7.0,0.060606062
2017,13,00-0032426,A.Collins,RB,BAL,DET,0,0,0.0,0,0.0,0.0,0.0,15,75.0,2,2,2,23.0,0,21.8,23.8,,,70.0,210.0,23.1933125,1.0,Arkansas,2016.0,2016.0,SEA,171.0,24.0,0.055555556
2017,14,00-0032426,A.Collins,RB,BAL,PIT,0,0,0.0,0,0.0,0.0,0.0,18,120.0,1,2,2,46.0,0,22.6,24.6,,,70.0,210.0,23.1933125,1.0,Arkansas,2016.0,2016.0,SEA,171.0,,0.05882353
2017,15,00-0032426,A.Collins,RB,BAL,CLE,0,0,0.0,0,0.0,0.0,0.0,12,19.0,0,8,5,33.0,0,5.2,10.2,,,70.0,210.0,23.1933125,1.0,Arkansas,2016.0,2016.0,SEA,171.0,,0.1904762
2017,16,00-0032426,A.Collins,RB,BAL,IND,0,0,0.0,0,0.0,0.0,0.0,18,51.0,0,4,3,15.0,0,6.6,9.6,,,70.0,210.0,23.1933125,1.0,Arkansas,2016.0,2016.0,SEA,171.0,7.0,0.10526316
2017,17,00-0032426,A.Collins,RB,BAL,CIN,0,0,0.0,0,0.0,0.0,0.0,20,78.0,1,6,2,18.0,0,15.6,17.6,,,70.0,210.0,23.1933125,1.0,Arkansas,2016.0,2016.0,SEA,171.0,-4.0,0.12765957
2017,2,00-0032429,J.Adams,TE,NYG,DET,0,0,0.0,0,0.0,0.0,0.0,0,0.0,0,1,1,38.0,0,3.8,4.8,,,77.0,247.0,24.846875,1.0,South Carolina,2016.0,2016.0,NYG,184.0,-14.0,0.03125
2017,5,00-0032429,J.Adams,TE,NYG,LAC,0,0,0.0,0,0.0,0.0,0.0,0,0.0,0,1,1,11.0,0,1.1,2.1,,,77.0,247.0,24.846875,1.0,South Carolina,2016.0,2016.0,NYG,184.0,-5.0,0.027777778
2017,6,00-0032429,J.Adams,TE,NYG,DEN,0,0,0.0,0,0.0,0.0,0.0,0,0.0,0,1,1,6.0,0,0.6,1.6,,,77.0,247.0,24.846875,1.0,South Carolina,2016.0,2016.0,NYG,184.0,,0.05263158
2017,11,00-0032429,J.Adams,TE,NYG,KC,0,0,0.0,0,0.0,0.0,0.0,0,0.0,0,1,1,6.0,0,0.6,1.6,,,77.0,247.0,24.846875,1.0,South Carolina,2016.0,2016.0,NYG,184.0,3.0,0.028571429
2017,16,00-0032429,J.Adams,TE,NYG,ARI,0,0,0.0,0,0.0,0.0,0.0,0,0.0,0,4,4,31.0,0,3.1,7.1,,,77.0,247.0,24.846875,1.0,South Carolina,2016.0,2016.0,NYG,184.0,,0.09090909
2017,17,00-0032429,J.Adams,TE,NYG,WAS,0,0,0.0,0,0.0,0.0,0.0,0,0.0,0,3,0,0.0,0,0.0,0.0,,,77.0,247.0,24.846875,1.0,South Carolina,2016.0,2016.0,NYG,184.0,8.0,0.10714286
2017,2,00-0032430,D.Morgan,TE,MIN,PIT,0,0,0.0,0,0.0,0.0,0.0,0,0.0,0,1,0,0.0,0,0.0,0.0,,,76.0,265.0,24.487499999999997,1.0,Texas-San Antonio,2016.0,2016.0,MIN,188.0,,0.027777778
2017,4,00-0032430,D.Morgan,TE,MIN,DET,0,0,0.0,0,0.0,0.0,0.0,0,0.0,0,1,0,0.0,0,0.0,0.0,,,76.0,265.0,24.487499999999997,1.0,Texas-San Antonio,2016.0,2016.0,MIN,188.0,-7.0,0.033333335
2017,8,00-0032430,D.Morgan,TE,MIN,CLE,0,0,0.0,0,0.0,0.0,0.0,0,0.0,0,3,3,28.0,0,2.8,5.8,,,76.0,265.0,24.487499999999997,1.0,Texas-San Antonio,2016.0,2016.0,MIN,188.0,,0.069767445
2017,10,00-0032430,D.Morgan,TE,MIN,WAS,0,0,0.0,0,0.0,0.0,0.0,0,0.0,0,1,1,1.0,1,6.1,7.1,,,76.0,265.0,24.487499999999997,1.0,Texas-San Antonio,2016.0,2016.0,MIN,188.0,,0.03448276
2017,11,00-0032430,D.Morgan,TE,MIN,LA,0,0,0.0,0,0.0,0.0,0.0,0,0.0,0,1,1,5.0,0,0.5,1.5,,,76.0,265.0,24.487499999999997,1.0,Texas-San Antonio,2016.0,2016.0,MIN,188.0,17.0,0.02631579
2017,16,00-0032430,D.Morgan,TE,MIN,GB,0,0,0.0,0,0.0,0.0,0.0,0,0.0,0,2,2,26.0,0,2.6,4.6,,,76.0,265.0,24.487499999999997,1.0,Texas-San Antonio,2016.0,2016.0,MIN,188.0,,0.08
2017,17,00-0032430,D.Morgan,TE,MIN,CHI,0,0,0.0,0,0.0,0.0,0.0,0,0.0,0,3,3,35.0,0,3.5,6.5,,,76.0,265.0,24.487499999999997,1.0,Texas-San Antonio,2016.0,2016.0,MIN,188.0,13.0,0.10714286
2017,13,00-0032431,J.Rudock,QB,DET,BAL,3,5,24.0,0,1.0,0.0,-0.0,0,0.0,0,0,0,0.0,0,-1.04,-1.04,,,75.0,212.0,24.790625,1.0,Michigan,2016.0,2016.0,DET,191.0,,
2017,4,00-0032449,L.Edwards,P,NYJ,JAX,1,1,31.0,0,0.0,0.0,-0.0,0,0.0,0,0,0,0.0,0,1.24,1.24,,,76.0,209.0,25.5220625,1.0,Sam Houston State,2016.0,2016.0,NYJ,235.0,3.0,
2017,1,00-0032450,D.Washington,RB,DET,ARI,0,0,0.0,0,0.0,0.0,0.0,6,22.0,0,0,0,0.0,0,2.2,2.2,,,73.0,223.0,23.536625,1.0,Washington,2016.0,2016.0,DET,236.0,12.0,
2017,2,00-0032450,D.Washington,RB,DET,NYG,0,0,0.0,0,0.0,0.0,0.0,3,9.0,0,0,0,0.0,0,0.9,0.9,,,73.0,223.0,23.536625,1.0,Washington,2016.0,2016.0,DET,236.0,,
2017,8,00-0032450,D.Washington,RB,DET,PIT,0,0,0.0,0,0.0,0.0,0.0,6,12.0,0,1,1,4.0,0,1.6,2.6,,,73.0,223.0,23.536625,1.0,Washington,2016.0,2016.0,DET,236.0,-5.0,0.022222223
2017,9,00-0032450,D.Washington,RB,DET,GB,0,0,0.0,0,0.0,0.0,0.0,5,1.0,0,0,0,0.0,0,0.1,0.1,,,73.0,223.0,23.536625,1.0,Washington,2016.0,2016.0,DET,236.0,,
2017,10,00-0032450,D.Washington,RB,DET,CLE,0,0,0.0,0,0.0,0.0,0.0,0,0.0,0,1,1,10.0,0,1.0,2.0,,,73.0,223.0,23.536625,1.0,Washington,2016.0,2016.0,DET,236.0,14.0,0.04
2017,11,00-0032464,K.Raymond,WR,NYG,KC,0,0,0.0,0,0.0,0.0,0.0,1,-1.0,0,1,1,12.0,0,1.1,2.1,,,69.0,160.0,23.245125,1.0,Holy Cross,2016.0,2016.0,,,3.0,0.028571429
2017,7,00-0032472,T.Madden,FB,SEA,NYG,0,0,0.0,0,0.0,0.0,0.0,0,0.0,0,1,1,-1.0,0,-0.1,0.9,,,72.0,235.0,24.2250625,1.0,USC,2016.0,2016.0,,,,0.027027028
2017,8,00-0032472,T.Madden,FB,SEA,HOU,0,0,0.0,0,0.0,0.0,0.0,0,0.0,0,1,1,66.0,0,6.6,7.6,,,72.0,235.0,24.2250625,1.0,USC,2016.0,2016.0,,,3.0,0.027027028
2017,1,00-0032475,T.McEvoy,WR,SEA,GB,0,0,0.0,0,0.0,0.0,0.0,0,0.0,0,1,0,0.0,0,0.0,0.0,,,78.0,230.0,24.7780625,1.0,Wisconsin,2016.0,2016.0,,,,0.037037037
2017,2,00-0032475,T.McEvoy,WR,SEA,SF,0,0,0.0,0,0.0,0.0,0.0,0,0.0,0,2,0,0.0,0,0.0,0.0,,,78.0,230.0,24.7780625,1.0,Wisconsin,2016.0,2016.0,,,3.0,0.051282052
2017,5,00-0032475,T.McEvoy,WR,SEA,LA,0,1,0.0,0,1.0,0.0,-0.0,0,0.0,0,0,0,0.0,0,-2.0,-2.0,,,78.0,230.0,24.7780625,1.0,Wisconsin,2016.0,2016.0,,,,
2017,8,00-0032475,T.McEvoy,WR,SEA,HOU,0,0,0.0,0,0.0,0.0,0.0,0,0.0,0,1,1,53.0,0,5.3,6.3,,,78.0,230.0,24.7780625,1.0,Wisconsin,2016.0,2016.0,,,3.0,0.027027028
2017,9,00-0032475,T.McEvoy,WR,SEA,WAS,0,0,0.0,0,0.0,0.0,0.0,0,0.0,0,2,1,10.0,0,1.0,2.0,,,78.0,230.0,24.7780625,1.0,Wisconsin,2016.0,2016.0,,,-3.0,0.048780486
2017,12,00-0032475,T.McEvoy,WR,SEA,SF,0,0,0.0,0,0.0,0.0,0.0,0,0.0,0,2,2,31.0,0,3.1,5.1,,,78.0,230.0,24.7780625,1.0,Wisconsin,2016.0,2016.0,,,,0.060606062
2017,15,00-0032475,T.McEvoy,WR,SEA,LA,0,0,0.0,0,0.0,0.0,0.0,0,0.0,0,1,1,19.0,0,-0.1,0.9,,,78.0,230.0,24.7780625,1.0,Wisconsin,2016.0,2016.0,,,-35.0,0.037037037
2017,2,00-0032543,A.Erickson,WR,CIN,HOU,0,0,0.0,0,0.0,0.0,0.0,1,2.0,0,6,4,62.0,0,6.4,10.4,,,72.0,197.0,24.999875,1.0,Wisconsin,2016.0,2016.0,,,-4.0,0.19354838
2017,5,00-0032543,A.Erickson,WR,CIN,BUF,0,0,0.0,0,0.0,0.0,0.0,1,-6.0,0,1,1,12.0,0,0.6,1.6,,,72.0,197.0,24.999875,1.0,Wisconsin,2016.0,2016.0,,,4.0,0.029411765
2017,7,00-0032543,A.Erickson,WR,CIN,PIT,0,0,0.0,0,0.0,0.0,0.0,0,0.0,0,1,1,22.0,0,2.2,3.2,,,72.0,197.0,24.999875,1.0,Wisconsin,2016.0,2016.0,,,,0.03448276
2017,8,00-0032543,A.Erickson,WR,CIN,IND,0,0,0.0,0,0.0,0.0,0.0,1,14.0,0,0,0,0.0,0,1.4,1.4,,,72.0,197.0,24.999875,1.0,Wisconsin,2016.0,2016.0,,,1.0,
2017,9,00-0032543,A.Erickson,WR,CIN,JAX,0,0,0.0,0,0.0,0.0,0.0,0,0.0,0,1,0,0.0,0,0.0,0.0,,,72.0,197.0,24.999875,1.0,Wisconsin,2016.0,2016.0,,,,0.05882353
2017,10,00-0032543,A.Erickson,WR,CIN,TEN,0,0,0.0,0,0.0,0.0,0.0,2,6.0,0,1,1,4.0,0,1.0,2.0,,,72.0,197.0,24.999875,1.0,Wisconsin,2016.0,2016.0,,,,0.029411765
2017,11,00-0032543,A.Erickson,WR,CIN,DEN,0,0,0.0,0,0.0,0.0,0.0,0,0.0,0,2,2,42.0,1,10.2,12.2,,,72.0,197.0,24.999875,1.0,Wisconsin,2016.0,2016.0,,,,0.083333336
2017,12,00-0032543,A.Erickson,WR,CIN,CLE,0,0,0.0,0,0.0,0.0,0.0,0,0.0,0,1,1,18.0,0,1.8,2.8,,,72.0,197.0,24.999875,1.0,Wisconsin,2016.0,2016.0,,,14.0,0.03846154
2017,14,00-0032543,A.Erickson,WR,CIN,CHI,0,0,0.0,0,0.0,0.0,0.0,0,0.0,0,1,1,9.0,0,0.9,1.9,,,72.0,197.0,24.999875,1.0,Wisconsin,2016.0,2016.0,,,-26.0,0.027777778
2017,15,00-0032543,A.Erickson,WR,CIN,MIN,0,0,0.0,0,0.0,0.0,0.0,0,0.0,0,2,1,11.0,0,1.1,2.1,,,72.0,197.0,24.999875,1.0,Wisconsin,2016.0,2016.0,,,,0.071428575
2017,17,00-0032569,W.Lutz,K,NO,TB,0,0,0.0,0,0.0,0.0,0.0,1,4.0,0,0,0,0.0,0,0.4,0.4,,,71.0,184.0,23.35611111111111,1.0,Georgia State,2016.0,2016.0,,,,
2017,11,00-0032577,D.Foster,RB,ARI,HOU,0,0,0.0,0,0.0,0.0,0.0,0,0.0,0,2,2,26.0,0,2.6,4.6,,,72.0,195.0,23.95375,1.0,Arizona State,2016.0,2016.0,,,,0.05882353
2017,12,00-0032577,D.Foster,RB,ARI,JAX,0,0,0.0,0,0.0,0.0,0.0,1,4.0,0,4,3,18.0,0,2.2,5.2,,,72.0,195.0,23.95375,1.0,Arizona State,2016.0,2016.0,,,3.0,0.10810811
2017,13,00-0032577,D.Foster,RB,ARI,LA,0,0,0.0,0,0.0,0.0,0.0,2,5.0,0,5,2,20.0,0,2.5,4.5,,,72.0,195.0,23.95375,1.0,Arizona State,2016.0,2016.0,,,-16.0,0.15625
2017,14,00-0032577,D.Foster,RB,ARI,TEN,0,0,0.0,0,0.0,0.0,0.0,2,7.0,0,2,2,6.0,0,1.3,3.3,,,72.0,195.0,23.95375,1.0,Arizona State,2016.0,2016.0,,,5.0,0.07692308
2017,15,00-0032577,D.Foster,RB,ARI,WAS,0,0,0.0,0,0.0,0.0,0.0,0,0.0,0,9,4,22.0,0,2.2,6.2,,,72.0,195.0,23.95375,1.0,Arizona State,2016.0,2016.0,,,,0.225
2017,16,00-0032577,D.Foster,RB,ARI,NYG,0,0,0.0,0,0.0,0.0,0.0,0,0.0,0,3,3,24.0,0,2.4,5.4,,,72.0,195.0,23.95375,1.0,Arizona State,2016.0,2016.0,,,23.0,0.0882353
2017,17,00-0032577,D.Foster,RB,ARI,SEA,0,0,0.0,0,0.0,0.0,0.0,1,3.0,0,3,1,17.0,0,2.0,3.0,,,72.0,195.0,23.95375,1.0,Arizona State,2016.0,2016.0,,,,0.09090909
2017,4,00-0032602,J.McKissic,RB,SEA,IND,0,0,0.0,0,0.0,0.0,0.0,4,38.0,1,1,1,27.0,1,18.5,19.5,,,70.0,195.0,24.22775,1.0,Arkansas State,2016.0,2016.0,,,28.0,0.03846154
2017,5,00-0032602,J.McKissic,RB,SEA,LA,0,0,0.0,0,0.0,0.0,0.0,2,0.0,0,5,3,36.0,0,3.6,6.6,,,70.0,195.0,24.22775,1.0,Arkansas State,2016.0,2016.0,,,,0.13513513
2017,7,00-0032602,J.McKissic,RB,SEA,NYG,0,0,0.0,0,0.0,0.0,0.0,3,10.0,0,2,2,23.0,0,3.3,5.3,,,70.0,195.0,24.22775,1.0,Arkansas State,2016.0,2016.0,,,,0.054054055
2017,8,00-0032602,J.McKissic,RB,SEA,HOU,0,0,0.0,0,0.0,0.0,0.0,4,6.0,0,2,1,6.0,0,1.2,2.2,,,70.0,195.0,24.22775,1.0,Arkansas State,2016.0,2016.0,,,3.0,0.054054055
2017,9,00-0032602,J.McKissic,RB,SEA,WAS,0,0,0.0,0,0.0,0.0,0.0,3,12.0,0,3,2,14.0,0,2.6,4.6,,,70.0,195.0,24.22775,1.0,Arkansas State,2016.0,2016.0,,,-3.0,0.07317073
2017,10,00-0032602,J.McKissic,RB,SEA,ARI,0,0,0.0,0,0.0,0.0,0.0,5,26.0,0,5,4,20.0,0,4.6,8.6,,,70.0,195.0,24.22775,1.0,Arkansas State,2016.0,2016.0,,,,0.16666667
2017,11,00-0032602,J.McKissic,RB,SEA,ATL,0,0,0.0,0,0.0,0.0,0.0,7,30.0,0,6,5,23.0,0,5.3,10.3,,,70.0,195.0,24.22775,1.0,Arkansas State,2016.0,2016.0,,,-3.0,0.15
2017,12,00-0032602,J.McKissic,RB,SEA,SF,0,0,0.0,0,0.0,0.0,0.0,4,22.0,0,7,4,24.0,0,4.6,8.6,,,70.0,195.0,24.22775,1.0,Arkansas State,2016.0,2016.0,,,,0.21212122
2017,13,00-0032602,J.McKissic,RB,SEA,PHI,0,0,0.0,0,0.0,0.0,0.0,1,-1.0,0,3,1,15.0,1,7.4,8.4,,,70.0,195.0,24.22775,1.0,Arkansas State,2016.0,2016.0,,,14.0,0.11111111
2017,14,00-0032602,J.McKissic,RB,SEA,JAX,0,0,0.0,0,0.0,0.0,0.0,3,15.0,0,5,5,20.0,0,3.5,8.5,,,70.0,195.0,24.22775,1.0,Arkansas State,2016.0,2016.0,,,,0.1724138
2017,15,00-0032602,J.McKissic,RB,SEA,LA,0,0,0.0,0,0.0,0.0,0.0,6,20.0,0,4,3,38.0,0,5.8,8.8,,,70.0,195.0,24.22775,1.0,Arkansas State,2016.0,2016.0,,,-35.0,0.14814815
2017,17,00-0032602,J.McKissic,RB,SEA,ARI,0,0,0.0,0,0.0,0.0,0.0,4,9.0,0,3,3,20.0,0,2.9,5.9,,,70.0,195.0,24.22775,1.0,Arkansas State,2016.0,2016.0,,,-2.0,0.10714286
2017,2,00-0032626,G.Allison,WR,GB,ATL,0,0,0.0,0,0.0,0.0,0.0,0,0.0,0,5,3,24.0,0,2.4,5.4,,,75.0,202.0,23.7980625,1.0,Illinois,2016.0,2016.0,,,,0.10204082
2017,3,00-0032626,G.Allison,WR,GB,CIN,0,0,0.0,0,0.0,0.0,0.0,0,0.0,0,8,6,122.0,0,12.2,18.2,,,75.0,202.0,23.7980625,1.0,Illinois,2016.0,2016.0,,,3.0,0.1904762
2017,5,00-0032626,G.Allison,WR,GB,DAL,0,0,0.0,0,0.0,0.0,0.0,0,0.0,0,2,0,0.0,0,0.0,0.0,,,75.0,202.0,23.7980625,1.0,Illinois,2016.0,2016.0,,,,0.071428575
2017,6,00-0032626,G.Allison,WR,GB,MIN,0,0,0.0,0,0.0,0.0,0.0,0,0.0,0,2,1,7.0,0,0.7,1.7,,,75.0,202.0,23.7980625,1.0,Illinois,2016.0,2016.0,,,,0.054054055
2017,7,00-0032626,G.Allison,WR,GB,NO,0,0,0.0,0,0.0,0.0,0.0,0,0.0,0,2,1,14.0,0,1.4,2.4,,,75.0,202.0,23.7980625,1.0,Illinois,2016.0,2016.0,,,-9.0,0.08
2017,9,00-0032626,G.Allison,WR,GB,DET,0,0,0.0,0,0.0,0.0,0.0,0,0.0,0,1,0,0.0,0,0.0,0.0,,,75.0,202.0,23.7980625,1.0,Illinois,2016.0,2016.0,,,-13.0,0.02631579
2017,13,00-0032626,G.Allison,WR,GB,TB,0,0,0.0,0,0.0,0.0,0.0,0,0.0,0,1,0,0.0,0,0.0,0.0,,,75.0,202.0,23.7980625,1.0,Illinois,2016.0,2016.0,,,6.0,0.045454547
2017,14,00-0032626,G.Allison,WR,GB,CLE,0,0,0.0,0,0.0,0.0,0.0,0,0.0,0,4,4,29.0,0,2.9,6.9,,,75.0,202.0,23.7980625,1.0,Illinois,2016.0,2016.0,,,,0.08695652
2017,15,00-0032626,G.Allison,WR,GB,CAR,0,0,0.0,0,0.0,0.0,0.0,0,0.0,0,8,5,33.0,0,1.3,6.3,,,75.0,202.0,23.7980625,1.0,Illinois,2016.0,2016.0,,,,0.18604651
2017,16,00-0032626,G.Allison,WR,GB,MIN,0,0,0.0,0,0.0,0.0,0.0,0,0.0,0,3,1,9.0,0,0.9,1.9,,,75.0,202.0,23.7980625,1.0,Illinois,2016.0,2016.0,,,-16.0,0.075
2017,17,00-0032626,G.Allison,WR,GB,DET,0,0,0.0,0,0.0,0.0,0.0,0,0.0,0,3,2,15.0,0,1.5,3.5,,,75.0,202.0,23.7980625,1.0,Illinois,2016.0,2016.0,,,,0.09677419
2017,17,00-0032630,J.Callahan,QB,GB,DET,5,7,11.0,0,0.0,0.0,-0.0,0,0.0,0,0,0,0.0,0,0.44,0.44,,,73.0,216.0,24.42225,1.0,Wesley,2016.0,2016.0,,,,
2017,16,00-0032650,R.Malleck,TE,HOU,PIT,0,0,0.0,0,0.0,0.0,0.0,0,0.0,0,1,1,3.0,0,0.3,1.3,,,76.0,249.0,24.288875,1.0,Virginia Tech,2016.0,2016.0,,,-28.0,0.0625
2017,14,00-0032656,D.Powe,WR,NYG,DAL,0,0,0.0,0,0.0,0.0,0.0,0,0.0,0,4,2,13.0,0,1.3,3.3,,,74.0,218.0,23.644875,1.0,California,2016.0,2016.0,,,-20.0,0.08695652
2017,1,00-0032659,Ro.Lewis,WR,NYG,DAL,0,0,0.0,0,0.0,0.0,0.0,0,0.0,0,6,4,54.0,0,5.4,9.4,,,72.0,196.0,23.9405625,1.0,Bowling Green State,2016.0,2016.0,,,,0.15789473
2017,2,00-0032659,Ro.Lewis,WR,NYG,DET,0,0,0.0,0,0.0,0.0,0.0,0,0.0,0,2,2,13.0,0,1.3,3.3,,,72.0,196.0,23.9405625,1.0,Bowling Green State,2016.0,2016.0,,,-14.0,0.0625
2017,3,00-0032659,Ro.Lewis,WR,NYG,PHI,0,0,0.0,0,0.0,0.0,0.0,0,0.0,0,1,1,6.0,0,0.6,1.6,,,72.0,196.0,23.9405625,1.0,Bowling Green State,2016.0,2016.0,,,,0.021276595
2017,5,00-0032659,Ro.Lewis,WR,NYG,LAC,0,0,0.0,0,0.0,0.0,0.0,0,0.0,0,2,1,29.0,1,8.9,9.9,,,72.0,196.0,23.9405625,1.0,Bowling Green State,2016.0,2016.0,,,-5.0,0.055555556
2017,6,00-0032659,Ro.Lewis,WR,NYG,DEN,0,0,0.0,0,0.0,0.0,0.0,0,0.0,0,2,1,15.0,0,1.5,2.5,,,72.0,196.0,23.9405625,1.0,Bowling Green State,2016.0,2016.0,,,,0.10526316
2017,7,00-0032659,Ro.Lewis,WR,NYG,SEA,0,0,0.0,0,0.0,0.0,0.0,0,0.0,0,6,1,12.0,0,1.2,2.2,,,72.0,196.0,23.9405625,1.0,Bowling Green State,2016.0,2016.0,,,-17.0,0.15789473
2017,9,00-0032659,Ro.Lewis,WR,NYG,LA,0,0,0.0,0,0.0,0.0,0.0,0,0.0,0,3,1,4.0,0,0.4,1.4,,,72.0,196.0,23.9405625,1.0,Bowling Green State,2016.0,2016.0,,,-34.0,0.078947365
2017,10,00-0032659,Ro.Lewis,WR,NYG,SF,0,0,0.0,0,0.0,0.0,0.0,0,0.0,0,4,3,33.0,1,9.3,12.3,,,72.0,196.0,23.9405625,1.0,Bowling Green State,2016.0,2016.0,,,,0.10810811
2017,11,00-0032659,Ro.Lewis,WR,NYG,KC,0,0,0.0,0,0.0,0.0,0.0,0,0.0,0,4,3,55.0,0,5.5,8.5,,,72.0,196.0,23.9405625,1.0,Bowling Green State,2016.0,2016.0,,,3.0,0.114285715
2017,12,00-0032659,Ro.Lewis,WR,NYG,WAS,0,0,0.0,0,0.0,0.0,0.0,0,0.0,0,7,3,26.0,0,2.6,5.6,,,72.0,196.0,23.9405625,1.0,Bowling Green State,2016.0,2016.0,,,,0.26923078
2017,13,00-0032659,Ro.Lewis,WR,NYG,LV,0,0,0.0,0,0.0,0.0,0.0,0,0.0,0,3,1,9.0,0,0.9,1.9,,,72.0,196.0,23.9405625,1.0,Bowling Green State,2016.0,2016.0,,,,0.09090909
2017,14,00-0032659,Ro.Lewis,WR,NYG,DAL,0,0,0.0,0,0.0,0.0,0.0,0,0.0,0,11,7,46.0,0,4.6,11.6,,,72.0,196.0,23.9405625,1.0,Bowling Green State,2016.0,2016.0,,,-20.0,0.23913044
2017,15,00-0032659,Ro.Lewis,WR,NYG,PHI,0,0,0.0,0,0.0,0.0,0.0,0,0.0,0,10,4,74.0,0,7.4,11.4,,,72.0,196.0,23.9405625,1.0,Bowling Green State,2016.0,2016.0,,,-5.0,0.1754386
2017,16,00-0032659,Ro.Lewis,WR,NYG,ARI,0,0,0.0,0,0.0,0.0,0.0,0,0.0,0,11,4,40.0,0,4.0,8.0,,,72.0,196.0,23.9405625,1.0,Bowling Green State,2016.0,2016.0,,,,0.25
2017,1,00-0032688,R.Chosen,WR,NYJ,BUF,0,0,0.0,0,0.0,0.0,0.0,0,0.0,0,8,4,22.0,0,2.2,6.2,,,75.0,190.0,24.489875,1.0,Temple,2016.0,2016.0,,,,0.21052632
2017,2,00-0032688,R.Chosen,WR,NYJ,LV,0,0,0.0,0,0.0,0.0,0.0,0,0.0,0,4,2,28.0,0,2.8,4.8,,,75.0,190.0,24.489875,1.0,Temple,2016.0,2016.0,,,,0.16666667
2017,3,00-0032688,R.Chosen,WR,NYJ,MIA,0,0,0.0,0,0.0,0.0,0.0,0,0.0,0,6,3,95.0,1,15.5,18.5,,,75.0,190.0,24.489875,1.0,Temple,2016.0,2016.0,,,14.0,0.26086956
2017,4,00-0032688,R.Chosen,WR,NYJ,JAX,0,0,0.0,0,0.0,0.0,0.0,0,0.0,0,6,3,59.0,0,5.9,8.9,,,75.0,190.0,24.489875,1.0,Temple,2016.0,2016.0,,,3.0,0.19354838
2017,5,00-0032688,R.Chosen,WR,NYJ,CLE,0,0,0.0,0,0.0,0.0,0.0,0,0.0,0,5,2,16.0,0,1.6,3.6,,,75.0,190.0,24.489875,1.0,Temple,2016.0,2016.0,,,,0.16666667
2017,6,00-0032688,R.Chosen,WR,NYJ,NE,0,0,0.0,0,0.0,0.0,0.0,0,0.0,0,12,4,76.0,0,7.6,11.6,,,75.0,190.0,24.489875,1.0,Temple,2016.0,2016.0,,,-7.0,0.26666668
2017,7,00-0032688,R.Chosen,WR,NYJ,MIA,0,0,0.0,0,0.0,0.0,0.0,0,0.0,0,5,3,35.0,1,9.5,12.5,,,75.0,190.0,24.489875,1.0,Temple,2016.0,2016.0,,,,0.1923077
2017,8,00-0032688,R.Chosen,WR,NYJ,ATL,0,0,0.0,0,0.0,0.0,0.0,1,1.0,0,6,6,104.0,1,16.5,22.5,,,75.0,190.0,24.489875,1.0,Temple,2016.0,2016.0,,,-5.0,0.1875
2017,9,00-0032688,R.Chosen,WR,NYJ,BUF,0,0,0.0,0,0.0,0.0,0.0,0,0.0,0,5,4,48.0,1,10.8,14.8,,,75.0,190.0,24.489875,1.0,Temple,2016.0,2016.0,,,13.0,0.25
2017,10,00-0032688,R.Chosen,WR,NYJ,TB,0,0,0.0,0,0.0,0.0,0.0,0,0.0,0,7,4,85.0,1,14.5,18.5,,,75.0,190.0,24.489875,1.0,Temple,2016.0,2016.0,,,,0.17948718
2017,12,00-0032688,R.Chosen,WR,NYJ,CAR,0,0,0.0,0,0.0,0.0,0.0,0,0.0,0,10,6,146.0,2,26.6,32.6,,,75.0,190.0,24.489875,1.0,Temple,2016.0,2016.0,,,-8.0,0.29411766
2017,13,00-0032688,R.Chosen,WR,NYJ,KC,0,0,0.0,0,0.0,0.0,0.0,1,7.0,0,12,8,107.0,0,11.4,19.4,,,75.0,190.0,24.489875,1.0,Temple,2016.0,2016.0,,,7.0,0.3529412
2017,14,00-0032688,R.Chosen,WR,NYJ,DEN,0,0,0.0,0,0.0,0.0,0.0,0,0.0,0,6,3,27.0,0,2.7,5.7,,,75.0,190.0,24.489875,1.0,Temple,2016.0,2016.0,,,,0.2857143
2017,15,00-0032688,R.Chosen,WR,NYJ,NO,0,0,0.0,0,0.0,0.0,0.0,0,0.0,0,12,5,40.0,0,4.0,9.0,,,75.0,190.0,24.489875,1.0,Temple,2016.0,2016.0,,,,0.34285715
2017,16,00-0032688,R.Chosen,WR,NYJ,LAC,0,0,0.0,0,0.0,0.0,0.0,0,0.0,0,7,5,51.0,0,5.1,10.1,,,75.0,190.0,24.489875,1.0,Temple,2016.0,2016.0,,,-7.0,0.25
2017,17,00-0032688,R.Chosen,WR,NYJ,NE,0,0,0.0,0,0.0,0.0,0.0,1,1.0,0,3,1,2.0,0,0.3,1.3,,,75.0,190.0,24.489875,1.0,Temple,2016.0,2016.0,,,,0.083333336
2017,9,00-0032705,E.Eagan,WR,NYG,LA,0,0,0.0,0,0.0,0.0,0.0,0,0.0,0,1,0,0.0,0,0.0,0.0,,,70.0,198.0,24.3815,1.0,Northwestern State-Louisiana,2016.0,2016.0,,,-34.0,0.02631579
2017,5,00-0032724,B.Treggs,WR,CLE,NYJ,0,0,0.0,0,0.0,0.0,0.0,0,0.0,0,6,2,28.0,0,2.8,4.8,,,72.0,185.0,23.55236842105263,1.0,California,2016.0,2016.0,,,-3.0,0.16666667
2017,6,00-0032724,B.Treggs,WR,CLE,HOU,0,0,0.0,0,0.0,0.0,0.0,0,0.0,0,3,1,20.0,0,2.0,3.0,,,72.0,185.0,23.55236842105263,1.0,California,2016.0,2016.0,,,,0.083333336
2017,7,00-0032724,B.Treggs,WR,CLE,TEN,0,0,0.0,0,0.0,0.0,0.0,1,6.0,0,2,1,19.0,0,2.5,3.5,,,72.0,185.0,23.55236842105263,1.0,California,2016.0,2016.0,,,-3.0,0.05263158
2017,8,00-0032724,B.Treggs,WR,CLE,MIN,0,0,0.0,0,0.0,0.0,0.0,0,0.0,0,3,1,12.0,0,1.2,2.2,,,72.0,185.0,23.55236842105263,1.0,California,2016.0,2016.0,,,-17.0,0.0882353
2017,10,00-0032724,B.Treggs,WR,CLE,DET,0,0,0.0,0,0.0,0.0,0.0,0,0.0,0,3,0,0.0,0,0.0,0.0,,,72.0,185.0,23.55236842105263,1.0,California,2016.0,2016.0,,,,0.07692308
2017,12,00-0032724,B.Treggs,WR,CLE,CIN,0,0,0.0,0,0.0,0.0,0.0,0,0.0,0,1,0,0.0,0,0.0,0.0,,,72.0,185.0,23.55236842105263,1.0,California,2016.0,2016.0,,,,0.033333335
2017,1,00-0032725,S.Anderson,TE,HOU,JAX,0,0,0.0,0,0.0,0.0,0.0,0,0.0,0,5,2,14.0,0,1.4,3.4,,,75.0,230.0,24.766125,1.0,California,2016.0,2016.0,,,-22.0,0.1388889
2017,3,00-0032725,S.Anderson,TE,HOU,NE,0,0,0.0,0,0.0,0.0,0.0,0,0.0,0,3,1,14.0,0,1.4,2.4,,,75.0,230.0,24.766125,1.0,California,2016.0,2016.0,,,,0.09090909
2017,4,00-0032725,S.Anderson,TE,HOU,TEN,0,0,0.0,0,0.0,0.0,0.0,0,0.0,0,2,2,28.0,0,2.8,4.8,,,75.0,230.0,24.766125,1.0,California,2016.0,2016.0,,,43.0,0.05882353
2017,5,00-0032725,S.Anderson,TE,HOU,KC,0,0,0.0,0,0.0,0.0,0.0,0,0.0,0,2,2,63.0,0,6.3,8.3,,,75.0,230.0,24.766125,1.0,California,2016.0,2016.0,,,-8.0,0.06896552
2017,6,00-0032725,S.Anderson,TE,HOU,CLE,0,0,0.0,0,0.0,0.0,0.0,0,0.0,0,2,2,17.0,0,1.7,3.7,,,75.0,230.0,24.766125,1.0,California,2016.0,2016.0,,,16.0,0.06896552
2017,8,00-0032725,S.Anderson,TE,HOU,SEA,0,0,0.0,0,0.0,0.0,0.0,0,0.0,0,2,1,11.0,0,1.1,2.1,,,75.0,230.0,24.766125,1.0,California,2016.0,2016.0,,,,0.06666667
2017,9,00-0032725,S.Anderson,TE,HOU,IND,0,0,0.0,0,0.0,0.0,0.0,0,0.0,0,6,4,44.0,0,4.4,8.4,,,75.0,230.0,24.766125,1.0,California,2016.0,2016.0,,,-6.0,0.13636364
2017,10,00-0032725,S.Anderson,TE,HOU,LA,0,0,0.0,0,0.0,0.0,0.0,0,0.0,0,3,2,30.0,0,3.0,5.0,,,75.0,230.0,24.766125,1.0,California,2016.0,2016.0,,,,0.08571429
2017,11,00-0032725,S.Anderson,TE,HOU,ARI,0,0,0.0,0,0.0,0.0,0.0,0,0.0,0,3,1,22.0,0,2.2,3.2,,,75.0,230.0,24.766125,1.0,California,2016.0,2016.0,,,10.0,0.09375
2017,13,00-0032725,S.Anderson,TE,HOU,TEN,0,0,0.0,0,0.0,0.0,0.0,0,0.0,0,12,5,79.0,1,13.9,18.9,,,75.0,230.0,24.766125,1.0,California,2016.0,2016.0,,,,0.25
2017,14,00-0032725,S.Anderson,TE,HOU,SF,0,0,0.0,0,0.0,0.0,0.0,0,0.0,0,6,2,16.0,0,1.6,3.6,,,75.0,230.0,24.766125,1.0,California,2016.0,2016.0,,,-10.0,0.16216215
2017,15,00-0032725,S.Anderson,TE,HOU,JAX,0,0,0.0,0,0.0,0.0,0.0,0,0.0,0,3,0,0.0,0,0.0,0.0,,,75.0,230.0,24.766125,1.0,California,2016.0,2016.0,,,,0.10344828
2017,16,00-0032725,S.Anderson,TE,HOU,PIT,0,0,0.0,0,0.0,0.0,0.0,0,0.0,0,1,0,0.0,0,0.0,0.0,,,75.0,230.0,24.766125,1.0,California,2016.0,2016.0,,,-28.0,0.0625
2017,17,00-0032725,S.Anderson,TE,HOU,IND,0,0,0.0,0,0.0,0.0,0.0,0,0.0,0,2,1,4.0,0,0.4,1.4,,,75.0,230.0,24.766125,1.0,California,2016.0,2016.0,,,,0.08695652
2017,3,00-0032740,L.Thomas,FB,NYJ,MIA,0,0,0.0,0,0.0,0.0,0.0,0,0.0,0,1,1,15.0,0,1.5,2.5,,,75.0,286.0,24.552875,1.0,Michigan State,2016.0,2016.0,,,14.0,0.04347826
2017,6,00-0032740,L.Thomas,FB,NYJ,NE,0,0,0.0,0,0.0,0.0,0.0,0,0.0,0,1,1,5.0,0,0.5,1.5,,,75.0,286.0,24.552875,1.0,Michigan State,2016.0,2016.0,,,-7.0,0.022222223
2017,8,00-0032740,L.Thomas,FB,NYJ,ATL,0,0,0.0,0,0.0,0.0,0.0,1,0.0,0,2,2,11.0,0,1.1,3.1,,,75.0,286.0,24.552875,1.0,Michigan State,2016.0,2016.0,,,-5.0,0.0625
2017,12,00-0032740,L.Thomas,FB,NYJ,CAR,0,0,0.0,0,0.0,0.0,0.0,0,0.0,0,1,1,5.0,0,0.5,1.5,,,75.0,286.0,24.552875,1.0,Michigan State,2016.0,2016.0,,,-8.0,0.029411765
2017,14,00-0032740,L.Thomas,FB,NYJ,DEN,0,0,0.0,0,0.0,0.0,0.0,0,0.0,0,1,1,7.0,0,0.7,1.7,,,75.0,286.0,24.552875,1.0,Michigan State,2016.0,2016.0,,,,0.04761905
2017,15,00-0032740,L.Thomas,FB,NYJ,NO,0,0,0.0,0,0.0,0.0,0.0,1,1.0,0,0,0,0.0,0,0.1,0.1,,,75.0,286.0,24.552875,1.0,Michigan State,2016.0,2016.0,,,,
2017,16,00-0032740,L.Thomas,FB,NYJ,LAC,0,0,0.0,0,0.0,0.0,0.0,0,0.0,0,1,0,0.0,0,0.0,0.0,,,75.0,286.0,24.552875,1.0,Michigan State,2016.0,2016.0,,,-7.0,0.035714287
2017,2,00-0032741,P.Barber,RB,TB,CHI,0,0,0.0,0,0.0,0.0,0.0,10,47.0,0,0,0,0.0,0,4.7,4.7,,,71.0,225.0,23.6971875,1.0,Auburn,2016.0,2016.0,,,22.0,
2017,4,00-0032741,P.Barber,RB,TB,NYG,0,0,0.0,0,0.0,0.0,0.0,2,2.0,0,0,0,0.0,0,0.2,0.2,,,71.0,225.0,23.6971875,1.0,Auburn,2016.0,2016.0,,,2.0,
2017,9,00-0032741,P.Barber,RB,TB,NO,0,0,0.0,0,0.0,0.0,0.0,11,34.0,0,3,2,20.0,0,5.4,7.4,,,71.0,225.0,23.6971875,1.0,Auburn,2016.0,2016.0,,,,0.11111111
2017,10,00-0032741,P.Barber,RB,TB,NYJ,0,0,0.0,0,0.0,0.0,0.0,2,-2.0,0,0,0,0.0,0,-0.2,-0.2,,,71.0,225.0,23.6971875,1.0,Auburn,2016.0,2016.0,,,5.0,
2017,11,00-0032741,P.Barber,RB,TB,MIA,0,0,0.0,0,0.0,0.0,0.0,0,0.0,0,2,2,11.0,0,1.1,3.1,,,71.0,225.0,23.6971875,1.0,Auburn,2016.0,2016.0,,,,0.055555556
2017,12,00-0032741,P.Barber,RB,TB,ATL,0,0,0.0,0,0.0,0.0,0.0,5,7.0,2,0,0,0.0,0,12.7,12.7,,,71.0,225.0,23.6971875,1.0,Auburn,2016.0,2016.0,,,,
2017,13,00-0032741,P.Barber,RB,TB,GB,0,0,0.0,0,0.0,0.0,0.0,23,102.0,0,4,4,41.0,0,14.3,18.3,,,71.0,225.0,23.6971875,1.0,Auburn,2016.0,2016.0,,,,0.125
2017,14,00-0032741,P.Barber,RB,TB,DET,0,0,0.0,0,0.0,0.0,0.0,12,58.0,0,1,1,5.0,0,6.3,7.3,,,71.0,225.0,23.6971875,1.0,Auburn,2016.0,2016.0,,,-3.0,0.027027028
2017,15,00-0032741,P.Barber,RB,TB,ATL,0,0,0.0,0,0.0,0.0,0.0,13,53.0,0,3,3,15.0,0,4.8,7.8,,,71.0,225.0,23.6971875,1.0,Auburn,2016.0,2016.0,,,-3.0,0.09090909
2017,16,00-0032741,P.Barber,RB,TB,CAR,0,0,0.0,0,0.0,0.0,0.0,13,51.0,0,2,2,4.0,0,5.5,7.5,,,71.0,225.0,23.6971875,1.0,Auburn,2016.0,2016.0,,,,0.074074075
2017,17,00-0032741,P.Barber,RB,TB,NO,0,0,0.0,0,0.0,0.0,0.0,17,71.0,1,4,2,18.0,0,14.9,16.9,,,71.0,225.0,23.6971875,1.0,Auburn,2016.0,2016.0,,,7.0,0.08
2017,2,00-0032745,A.Cross,TE,TB,CHI,0,0,0.0,0,0.0,0.0,0.0,0,0.0,0,1,1,6.0,0,0.6,1.6,,,73.0,235.0,24.3541875,1.0,Memphis,2016.0,2016.0,,,22.0,0.032258064
2017,3,00-0032745,A.Cross,TE,TB,MIN,0,0,0.0,0,0.0,0.0,0.0,0,0.0,0,1,1,5.0,0,0.5,1.5,,,73.0,235.0,24.3541875,1.0,Memphis,2016.0,2016.0,,,,0.025
2017,13,00-0032745,A.Cross,TE,TB,GB,0,0,0.0,0,0.0,0.0,0.0,0,0.0,0,1,1,13.0,0,1.3,2.3,,,73.0,235.0,24.3541875,1.0,Memphis,2016.0,2016.0,,,,0.03125
2017,15,00-0032745,A.Cross,TE,TB,ATL,0,0,0.0,0,0.0,0.0,0.0,0,0.0,0,2,1,23.0,0,2.3,3.3,,,73.0,235.0,24.3541875,1.0,Memphis,2016.0,2016.0,,,-3.0,0.060606062
2017,17,00-0032745,A.Cross,TE,TB,NO,0,0,0.0,0,0.0,0.0,0.0,0,0.0,0,1,1,11.0,0,1.1,2.1,,,73.0,235.0,24.3541875,1.0,Memphis,2016.0,2016.0,,,7.0,0.02
2017,17,00-0032749,I.Johnson,S,TB,NO,0,0,0.0,0,0.0,0.0,0.0,0,0.0,0,0,0,0.0,0,6.0,6.0,,,72.0,209.0,25.0688125,1.0,South Carolina,2016.0,2016.0,,,7.0,
2017,2,00-0032760,J.Doctson,WR,WAS,LA,0,0,0.0,0,0.0,0.0,0.0,0,0.0,0,1,0,0.0,0,0.0,0.0,,,74.0,206.0,24.9268125,1.0,Texas Christian,2016.0,2016.0,WAS,22.0,,0.037037037
2017,3,00-0032760,J.Doctson,WR,WAS,LV,0,0,0.0,0,0.0,0.0,0.0,0,0.0,0,2,1,52.0,1,11.2,12.2,,,74.0,206.0,24.9268125,1.0,Texas Christian,2016.0,2016.0,WAS,22.0,17.0,0.06666667
2017,4,00-0032760,J.Doctson,WR,WAS,KC,0,0,0.0,0,0.0,0.0,0.0,0,0.0,0,3,2,27.0,0,2.7,4.7,,,74.0,206.0,24.9268125,1.0,Texas Christian,2016.0,2016.0,WAS,22.0,,0.125
2017,6,00-0032760,J.Doctson,WR,WAS,SF,0,0,0.0,0,0.0,0.0,0.0,0,0.0,0,3,1,11.0,1,7.1,8.1,,,74.0,206.0,24.9268125,1.0,Texas Christian,2016.0,2016.0,WAS,22.0,2.0,0.083333336
2017,7,00-0032760,J.Doctson,WR,WAS,PHI,0,0,0.0,0,0.0,0.0,0.0,0,0.0,0,5,3,39.0,0,3.9,6.9,,,74.0,206.0,24.9268125,1.0,Texas Christian,2016.0,2016.0,WAS,22.0,,0.125
2017,8,00-0032760,J.Doctson,WR,WAS,DAL,0,0,0.0,0,0.0,0.0,0.0,0,0.0,0,3,1,1.0,1,6.1,7.1,,,74.0,206.0,24.9268125,1.0,Texas Christian,2016.0,2016.0,WAS,22.0,-14.0,0.07692308
2017,9,00-0032760,J.Doctson,WR,WAS,SEA,0,0,0.0,0,0.0,0.0,0.0,0,0.0,0,5,3,59.0,0,5.9,8.9,,,74.0,206.0,24.9268125,1.0,Texas Christian,2016.0,2016.0,WAS,22.0,,0.16666667
2017,10,00-0032760,J.Doctson,WR,WAS,MIN,0,0,0.0,0,0.0,0.0,0.0,0,0.0,0,7,4,30.0,0,3.0,7.0,,,74.0,206.0,24.9268125,1.0,Texas Christian,2016.0,2016.0,WAS,22.0,-8.0,0.15555556
2017,11,00-0032760,J.Doctson,WR,WAS,NO,0,0,0.0,0,0.0,0.0,0.0,0,0.0,0,7,4,81.0,0,8.1,12.1,,,74.0,206.0,24.9268125,1.0,Texas Christian,2016.0,2016.0,WAS,22.0,,0.23333333
2017,12,00-0032760,J.Doctson,WR,WAS,NYG,0,0,0.0,0,0.0,0.0,0.0,0,0.0,0,4,2,28.0,1,8.8,10.8,,,74.0,206.0,24.9268125,1.0,Texas Christian,2016.0,2016.0,WAS,22.0,10.0,0.13333334
2017,13,00-0032760,J.Doctson,WR,WAS,DAL,0,0,0.0,0,0.0,0.0,0.0,0,0.0,0,5,3,26.0,1,8.6,11.6,,,74.0,206.0,24.9268125,1.0,Texas Christian,2016.0,2016.0,WAS,22.0,,0.1388889
2017,14,00-0032760,J.Doctson,WR,WAS,LAC,0,0,0.0,0,0.0,0.0,0.0,0,0.0,0,6,3,34.0,0,3.4,6.4,,,74.0,206.0,24.9268125,1.0,Texas Christian,2016.0,2016.0,WAS,22.0,,0.22222222
2017,15,00-0032760,J.Doctson,WR,WAS,ARI,0,0,0.0,0,0.0,0.0,0.0,1,-14.0,0,4,2,16.0,0,0.2,2.2,,,74.0,206.0,24.9268125,1.0,Texas Christian,2016.0,2016.0,WAS,22.0,5.0,0.15384616
2017,16,00-0032760,J.Doctson,WR,WAS,DEN,0,0,0.0,0,0.0,0.0,0.0,0,0.0,0,13,2,61.0,1,12.1,14.1,,,74.0,206.0,24.9268125,1.0,Texas Christian,2016.0,2016.0,WAS,22.0,16.0,0.35135135
2017,17,00-0032760,J.Doctson,WR,WAS,NYG,0,0,0.0,0,0.0,0.0,0.0,0,0.0,0,10,4,37.0,0,3.7,7.7,,,74.0,206.0,24.9268125,1.0,Texas Christian,2016.0,2016.0,WAS,22.0,,0.27027026
2017,1,00-0032764,D.Henry,RB,TEN,LV,0,0,0.0,0,0.0,0.0,0.0,6,25.0,0,0,0,0.0,0,2.5,2.5,,,75.0,247.0,23.856444444444445,1.0,Alabama,2016.0,2016.0,TEN,45.0,-10.0,
2017,2,00-0032764,D.Henry,RB,TEN,JAX,0,0,0.0,0,0.0,0.0,0.0,14,92.0,1,0,0,0.0,0,15.2,15.2,,,75.0,247.0,23.856444444444445,1.0,Alabama,2016.0,2016.0,TEN,45.0,,
2017,3,00-0032764,D.Henry,RB,TEN,SEA,0,0,0.0,0,0.0,0.0,0.0,13,54.0,0,1,1,10.0,0,6.4,7.4,,,75.0,247.0,23.856444444444445,1.0,Alabama,2016.0,2016.0,TEN,45.0,6.0,0.032258064
2017,4,00-0032764,D.Henry,RB,TEN,HOU,0,0,0.0,0,0.0,0.0,0.0,6,7.0,0,0,0,0.0,0,0.7,0.7,,,75.0,247.0,23.856444444444445,1.0,Alabama,2016.0,2016.0,TEN,45.0,,
2017,5,00-0032764,D.Henry,RB,TEN,MIA,0,0,0.0,0,0.0,0.0,0.0,4,9.0,0,0,0,0.0,0,0.9,0.9,,,75.0,247.0,23.856444444444445,1.0,Alabama,2016.0,2016.0,TEN,45.0,,
2017,6,00-0032764,D.Henry,RB,TEN,IND,0,0,0.0,0,0.0,0.0,0.0,19,131.0,1,1,1,14.0,0,20.5,21.5,,,75.0,247.0,23.856444444444445,1.0,Alabama,2016.0,2016.0,TEN,45.0,14.0,0.03125
2017,7,00-0032764,D.Henry,RB,TEN,CLE,0,0,0.0,0,0.0,0.0,0.0,13,13.0,0,3,2,11.0,0,2.4,4.4,,,75.0,247.0,23.856444444444445,1.0,Alabama,2016.0,2016.0,TEN,45.0,,0.0882353
2017,9,00-0032764,D.Henry,RB,TEN,BAL,0,0,0.0,0,0.0,0.0,0.0,8,26.0,1,2,2,10.0,0,9.6,11.6,,,75.0,247.0,23.856444444444445,1.0,Alabama,2016.0,2016.0,TEN,45.0,3.0,0.071428575
2017,10,00-0032764,D.Henry,RB,TEN,CIN,0,0,0.0,0,0.0,0.0,0.0,11,52.0,0,3,0,0.0,0,5.2,5.2,,,75.0,247.0,23.856444444444445,1.0,Alabama,2016.0,2016.0,TEN,45.0,4.0,0.06818182
2017,11,00-0032764,D.Henry,RB,TEN,PIT,0,0,0.0,0,0.0,0.0,0.0,7,32.0,0,0,0,0.0,0,3.2,3.2,,,75.0,247.0,23.856444444444445,1.0,Alabama,2016.0,2016.0,TEN,45.0,,
2017,12,00-0032764,D.Henry,RB,TEN,IND,0,0,0.0,0,0.0,0.0,0.0,13,79.0,0,2,1,10.0,0,8.9,9.9,,,75.0,247.0,23.856444444444445,1.0,Alabama,2016.0,2016.0,TEN,45.0,,0.083333336
2017,13,00-0032764,D.Henry,RB,TEN,HOU,0,0,0.0,0,0.0,0.0,0.0,11,109.0,1,0,0,0.0,0,16.9,16.9,,,75.0,247.0,23.856444444444445,1.0,Alabama,2016.0,2016.0,TEN,45.0,11.0,
2017,14,00-0032764,D.Henry,RB,TEN,ARI,0,0,0.0,0,0.0,0.0,0.0,8,20.0,1,0,0,0.0,0,8.0,8.0,,,75.0,247.0,23.856444444444445,1.0,Alabama,2016.0,2016.0,TEN,45.0,,
2017,15,00-0032764,D.Henry,RB,TEN,SF,0,0,0.0,0,0.0,0.0,0.0,7,19.0,0,2,2,9.0,0,2.8,4.8,,,75.0,247.0,23.856444444444445,1.0,Alabama,2016.0,2016.0,TEN,45.0,,0.060606062
2017,16,00-0032764,D.Henry,RB,TEN,LA,0,0,0.0,0,0.0,0.0,0.0,8,25.0,0,1,1,6.0,0,3.1,4.1,,,75.0,247.0,23.856444444444445,1.0,Alabama,2016.0,2016.0,TEN,45.0,-4.0,0.027027028
2017,17,00-0032764,D.Henry,RB,TEN,JAX,0,0,0.0,0,0.0,0.0,0.0,28,51.0,0,2,1,66.0,1,17.7,18.7,,,75.0,247.0,23.856444444444445,1.0,Alabama,2016.0,2016.0,TEN,45.0,5.0,0.0952381
2017,18,00-0032764,D.Henry,RB,TEN,KC,0,0,0.0,0,0.0,0.0,0.0,23,156.0,1,2,2,35.0,0,25.1,27.1,,,75.0,247.0,23.856444444444445,1.0,Alabama,2016.0,2016.0,TEN,45.0,,0.06666667
2017,19,00-0032764,D.Henry,RB,TEN,NE,0,0,0.0,0,0.0,0.0,0.0,12,28.0,0,4,3,21.0,0,4.9,7.9,,,75.0,247.0,23.856444444444445,1.0,Alabama,2016.0,2016.0,TEN,45.0,,0.10526316
2017,1,00-0032765,M.Thomas,WR,NO,MIN,0,0,0.0,0,0.0,0.0,0.0,0,0.0,0,8,5,45.0,0,4.5,9.5,,,75.0,212.0,24.700444444444443,1.0,Ohio State,2016.0,2016.0,NO,47.0,,0.21621622
2017,2,00-0032765,M.Thomas,WR,NO,NE,0,0,0.0,0,0.0,0.0,0.0,0,0.0,0,10,5,89.0,0,8.9,13.9,,,75.0,212.0,24.700444444444443,1.0,Ohio State,2016.0,2016.0,NO,47.0,-16.0,0.22727273
2017,3,00-0032765,M.Thomas,WR,NO,CAR,0,0,0.0,0,0.0,0.0,0.0,0,0.0,0,8,7,87.0,1,14.7,21.7,,,75.0,212.0,24.700444444444443,1.0,Ohio State,2016.0,2016.0,NO,47.0,,0.27586207
2017,4,00-0032765,M.Thomas,WR,NO,MIA,0,0,0.0,0,0.0,0.0,0.0,0,0.0,0,11,8,89.0,1,14.9,22.9,,,75.0,212.0,24.700444444444443,1.0,Ohio State,2016.0,2016.0,NO,47.0,,0.275
2017,6,00-0032765,M.Thomas,WR,NO,DET,0,0,0.0,0,0.0,0.0,0.0,0,0.0,0,6,3,11.0,0,1.1,4.1,,,75.0,212.0,24.700444444444443,1.0,Ohio State,2016.0,2016.0,NO,47.0,14.0,0.2
2017,7,00-0032765,M.Thomas,WR,NO,GB,0,0,0.0,0,0.0,0.0,0.0,0,0.0,0,11,7,82.0,0,8.2,15.2,,,75.0,212.0,24.700444444444443,1.0,Ohio State,2016.0,2016.0,NO,47.0,,0.28947368
2017,8,00-0032765,M.Thomas,WR,NO,CHI,0,0,0.0,0,0.0,0.0,0.0,0,0.0,0,8,7,77.0,0,7.7,14.7,,,75.0,212.0,24.700444444444443,1.0,Ohio State,2016.0,2016.0,NO,47.0,8.0,0.2962963
2017,9,00-0032765,M.Thomas,WR,NO,TB,0,0,0.0,0,0.0,0.0,0.0,0,0.0,0,11,8,65.0,0,6.5,14.5,,,75.0,212.0,24.700444444444443,1.0,Ohio State,2016.0,2016.0,NO,47.0,20.0,0.4074074
2017,10,00-0032765,M.Thomas,WR,NO,BUF,0,0,0.0,0,0.0,0.0,0.0,0,0.0,0,10,9,117.0,0,11.7,20.7,,,75.0,212.0,24.700444444444443,1.0,Ohio State,2016.0,2016.0,NO,47.0,,0.4347826
2017,11,00-0032765,M.Thomas,WR,NO,WAS,0,0,0.0,0,0.0,0.0,0.0,0,0.0,0,11,6,91.0,0,9.1,15.1,,,75.0,212.0,24.700444444444443,1.0,Ohio State,2016.0,2016.0,NO,47.0,3.0,0.275
2017,12,00-0032765,M.Thomas,WR,NO,LA,0,0,0.0,0,0.0,0.0,0.0,0,0.0,0,8,5,52.0,0,5.2,10.2,,,75.0,212.0,24.700444444444443,1.0,Ohio State,2016.0,2016.0,NO,47.0,,0.25
2017,13,00-0032765,M.Thomas,WR,NO,CAR,0,0,0.0,0,0.0,0.0,0.0,0,0.0,0,9,5,70.0,1,13.0,18.0,,,75.0,212.0,24.700444444444443,1.0,Ohio State,2016.0,2016.0,NO,47.0,10.0,0.27272728
2017,14,00-0032765,M.Thomas,WR,NO,ATL,0,0,0.0,0,0.0,0.0,0.0,0,0.0,0,14,10,117.0,1,17.7,27.7,,,75.0,212.0,24.700444444444443,1.0,Ohio State,2016.0,2016.0,NO,47.0,,0.4
2017,15,00-0032765,M.Thomas,WR,NO,NYJ,0,0,0.0,0,0.0,0.0,0.0,0,0.0,0,11,9,93.0,1,15.3,24.3,,,75.0,212.0,24.700444444444443,1.0,Ohio State,2016.0,2016.0,NO,47.0,12.0,0.30555555
2017,16,00-0032765,M.Thomas,WR,NO,ATL,0,0,0.0,0,0.0,0.0,0.0,0,0.0,0,5,4,66.0,0,6.6,10.6,,,75.0,212.0,24.700444444444443,1.0,Ohio State,2016.0,2016.0,NO,47.0,10.0,0.17857143
2017,17,00-0032765,M.Thomas,WR,NO,TB,0,0,0.0,0,0.0,0.0,0.0,0,0.0,0,8,6,94.0,0,9.4,15.4,,,75.0,212.0,24.700444444444443,1.0,Ohio State,2016.0,2016.0,NO,47.0,,0.26666668
2017,18,00-0032765,M.Thomas,WR,NO,CAR,0,0,0.0,0,0.0,0.0,0.0,0,0.0,0,9,8,131.0,0,13.1,21.1,,,75.0,212.0,24.700444444444443,1.0,Ohio State,2016.0,2016.0,NO,47.0,5.0,0.3
2017,19,00-0032765,M.Thomas,WR,NO,MIN,0,0,0.0,0,0.0,0.0,0.0,0,0.0,0,13,7,85.0,2,20.5,27.5,,,75.0,212.0,24.700444444444443,1.0,Ohio State,2016.0,2016.0,NO,47.0,,0.31707317
2017,3,00-0032775,D.Robinson,WR,KC,LAC,0,0,0.0,0,0.0,0.0,0.0,0,0.0,0,2,2,9.0,0,0.9,2.9,,,73.0,203.0,23.131882352941176,1.0,Florida,2016.0,2016.0,KC,126.0,,0.0952381
2017,5,00-0032775,D.Robinson,WR,KC,HOU,0,0,0.0,0,0.0,0.0,0.0,0,0.0,0,1,1,16.0,0,1.6,2.6,,,73.0,203.0,23.131882352941176,1.0,Florida,2016.0,2016.0,KC,126.0,,0.027027028
2017,6,00-0032775,D.Robinson,WR,KC,PIT,0,0,0.0,0,0.0,0.0,0.0,0,0.0,0,5,1,16.0,0,1.6,2.6,,,73.0,203.0,23.131882352941176,1.0,Florida,2016.0,2016.0,KC,126.0,-6.0,0.15625
2017,7,00-0032775,D.Robinson,WR,KC,LV,0,0,0.0,0,0.0,0.0,0.0,0,0.0,0,8,5,69.0,0,6.9,11.9,,,73.0,203.0,23.131882352941176,1.0,Florida,2016.0,2016.0,KC,126.0,,0.22222222
2017,8,00-0032775,D.Robinson,WR,KC,DEN,0,0,0.0,0,0.0,0.0,0.0,0,0.0,0,1,1,5.0,0,0.5,1.5,,,73.0,203.0,23.131882352941176,1.0,Florida,2016.0,2016.0,KC,126.0,10.0,0.03448276
2017,9,00-0032775,D.Robinson,WR,KC,DAL,0,0,0.0,0,0.0,0.0,0.0,0,0.0,0,2,2,18.0,0,1.8,3.8,,,73.0,203.0,23.131882352941176,1.0,Florida,2016.0,2016.0,KC,126.0,,0.060606062
2017,11,00-0032775,D.Robinson,WR,KC,NYG,0,0,0.0,0,0.0,0.0,0.0,0,0.0,0,3,1,7.0,0,0.7,1.7,,,73.0,203.0,23.131882352941176,1.0,Florida,2016.0,2016.0,KC,126.0,,0.07692308
2017,12,00-0032775,D.Robinson,WR,KC,BUF,0,0,0.0,0,0.0,0.0,0.0,0,0.0,0,4,2,24.0,0,2.4,4.4,,,73.0,203.0,23.131882352941176,1.0,Florida,2016.0,2016.0,KC,126.0,-6.0,0.114285715
2017,13,00-0032775,D.Robinson,WR,KC,NYJ,0,0,0.0,0,0.0,0.0,0.0,0,0.0,0,3,2,17.0,0,1.7,3.7,,,73.0,203.0,23.131882352941176,1.0,Florida,2016.0,2016.0,KC,126.0,,0.09375
2017,17,00-0032775,D.Robinson,WR,KC,DEN,0,0,0.0,0,0.0,0.0,0.0,0,0.0,0,10,4,31.0,0,3.1,7.1,,,73.0,203.0,23.131882352941176,1.0,Florida,2016.0,2016.0,KC,126.0,,0.2857143
2017,18,00-0032775,D.Robinson,WR,KC,TEN,0,0,0.0,0,0.0,0.0,0.0,0,0.0,0,4,4,57.0,1,11.7,15.7,,,73.0,203.0,23.131882352941176,1.0,Florida,2016.0,2016.0,KC,126.0,-1.0,0.125
2017,1,00-0032780,J.Howard,RB,CHI,ATL,0,0,0.0,0,0.0,0.0,0.0,13,52.0,1,5,3,14.0,0,12.6,15.6,,,72.0,224.0,23.0084375,1.0,Indiana,2016.0,2016.0,CHI,150.0,-6.0,0.125
2017,2,00-0032780,J.Howard,RB,CHI,TB,0,0,0.0,0,0.0,0.0,0.0,9,7.0,0,1,0,0.0,0,0.7,0.7,,,72.0,224.0,23.0084375,1.0,Indiana,2016.0,2016.0,CHI,150.0,,0.022222223
2017,3,00-0032780,J.Howard,RB,CHI,PIT,0,0,0.0,0,0.0,0.0,0.0,23,140.0,2,5,5,26.0,0,26.6,31.6,,,72.0,224.0,23.0084375,1.0,Indiana,2016.0,2016.0,CHI,150.0,6.0,0.23809524
2017,4,00-0032780,J.Howard,RB,CHI,GB,0,0,0.0,0,0.0,0.0,0.0,18,53.0,1,4,2,10.0,0,12.3,14.3,,,72.0,224.0,23.0084375,1.0,Indiana,2016.0,2016.0,CHI,150.0,,0.121212125
2017,5,00-0032780,J.Howard,RB,CHI,MIN,0,0,0.0,0,0.0,0.0,0.0,19,76.0,0,0,0,0.0,0,7.6,7.6,,,72.0,224.0,23.0084375,1.0,Indiana,2016.0,2016.0,CHI,150.0,-3.0,
2017,6,00-0032780,J.Howard,RB,CHI,BAL,0,0,0.0,0,0.0,0.0,0.0,36,167.0,0,1,1,9.0,0,17.6,18.6,,,72.0,224.0,23.0084375,1.0,Indiana,2016.0,2016.0,CHI,150.0,,0.0625
2017,7,00-0032780,J.Howard,RB,CHI,CAR,0,0,0.0,0,0.0,0.0,0.0,21,65.0,0,0,0,0.0,0,6.5,6.5,,,72.0,224.0,23.0084375,1.0,Indiana,2016.0,2016.0,CHI,150.0,14.0,
2017,8,00-0032780,J.Howard,RB,CHI,NO,0,0,0.0,0,0.0,0.0,0.0,23,102.0,0,5,3,19.0,0,12.1,15.1,,,72.0,224.0,23.0084375,1.0,Indiana,2016.0,2016.0,CHI,150.0,,0.15625
2017,10,00-0032780,J.Howard,RB,CHI,GB,0,0,0.0,0,0.0,0.0,0.0,15,54.0,0,0,0,0.0,0,5.4,5.4,,,72.0,224.0,23.0084375,1.0,Indiana,2016.0,2016.0,CHI,150.0,-7.0,
2017,11,00-0032780,J.Howard,RB,CHI,DET,0,0,0.0,0,0.0,0.0,0.0,15,125.0,1,0,0,0.0,0,18.5,18.5,,,72.0,224.0,23.0084375,1.0,Indiana,2016.0,2016.0,CHI,150.0,-3.0,
2017,12,00-0032780,J.Howard,RB,CHI,PHI,0,0,0.0,0,0.0,0.0,0.0,7,6.0,0,2,2,13.0,0,1.9,3.9,,,72.0,224.0,23.0084375,1.0,Indiana,2016.0,2016.0,CHI,150.0,,0.0625
2017,13,00-0032780,J.Howard,RB,CHI,SF,0,0,0.0,0,0.0,0.0,0.0,13,38.0,0,2,1,-5.0,0,3.3,4.3,,,72.0,224.0,23.0084375,1.0,Indiana,2016.0,2016.0,CHI,150.0,-1.0,0.13333334
2017,14,00-0032780,J.Howard,RB,CHI,CIN,0,0,0.0,0,0.0,0.0,0.0,23,147.0,2,2,1,8.0,0,27.5,28.5,,,72.0,224.0,23.0084375,1.0,Indiana,2016.0,2016.0,CHI,150.0,,0.06451613
2017,15,00-0032780,J.Howard,RB,CHI,DET,0,0,0.0,0,0.0,0.0,0.0,10,37.0,0,4,4,26.0,0,6.3,10.3,,,72.0,224.0,23.0084375,1.0,Indiana,2016.0,2016.0,CHI,150.0,,0.08695652
2017,16,00-0032780,J.Howard,RB,CHI,CLE,0,0,0.0,0,0.0,0.0,0.0,22,44.0,2,0,0,0.0,0,16.4,16.4,,,72.0,224.0,23.0084375,1.0,Indiana,2016.0,2016.0,CHI,150.0,17.0,
2017,17,00-0032780,J.Howard,RB,CHI,MIN,0,0,0.0,0,0.0,0.0,0.0,9,9.0,0,1,1,5.0,0,1.4,2.4,,,72.0,224.0,23.0084375,1.0,Indiana,2016.0,2016.0,CHI,150.0,,0.027777778
2017,1,00-0032782,W.Smallwood,RB,PHI,WAS,0,0,0.0,0,0.0,0.0,0.0,4,4.0,0,1,1,5.0,0,0.9,1.9,,,70.0,208.0,23.82494736842105,1.0,West Virginia,2016.0,2016.0,PHI,153.0,,0.02631579
2017,2,00-0032782,W.Smallwood,RB,PHI,KC,0,0,0.0,0,0.0,0.0,0.0,3,4.0,0,2,1,-3.0,0,0.1,1.1,,,70.0,208.0,23.82494736842105,1.0,West Virginia,2016.0,2016.0,PHI,153.0,,0.044444446
2017,3,00-0032782,W.Smallwood,RB,PHI,NYG,0,0,0.0,0,0.0,0.0,0.0,12,71.0,0,2,1,9.0,0,8.0,9.0,,,70.0,208.0,23.82494736842105,1.0,West Virginia,2016.0,2016.0,PHI,153.0,3.0,0.06451613
2017,4,00-0032782,W.Smallwood,RB,PHI,LAC,0,0,0.0,0,0.0,0.0,0.0,10,34.0,1,6,4,45.0,0,13.9,17.9,,,70.0,208.0,23.82494736842105,1.0,West Virginia,2016.0,2016.0,PHI,153.0,,0.2
2017,7,00-0032782,W.Smallwood,RB,PHI,WAS,0,0,0.0,0,0.0,0.0,0.0,8,25.0,0,2,2,14.0,0,3.9,5.9,,,70.0,208.0,23.82494736842105,1.0,West Virginia,2016.0,2016.0,PHI,153.0,10.0,0.08
2017,8,00-0032782,W.Smallwood,RB,PHI,SF,0,0,0.0,0,0.0,0.0,0.0,1,5.0,0,2,1,9.0,0,1.4,2.4,,,70.0,208.0,23.82494736842105,1.0,West Virginia,2016.0,2016.0,PHI,153.0,23.0,0.0625
2017,9,00-0032782,W.Smallwood,RB,PHI,DEN,0,0,0.0,0,0.0,0.0,0.0,5,25.0,0,0,0,0.0,0,2.5,2.5,,,70.0,208.0,23.82494736842105,1.0,West Virginia,2016.0,2016.0,PHI,153.0,28.0,
2017,17,00-0032782,W.Smallwood,RB,PHI,DAL,0,0,0.0,0,0.0,0.0,0.0,4,6.0,0,3,3,24.0,0,3.0,6.0,,,70.0,208.0,23.82494736842105,1.0,West Virginia,2016.0,2016.0,PHI,153.0,-6.0,0.09090909
2017,2,00-0032784,K.Hogan,QB,CLE,BAL,5,11,118.0,1,1.0,1.0,2.0,1,5.0,0,0,0,0.0,0,7.22,7.22,,,75.0,218.0,25.0430625,1.0,Stanford,2016.0,2016.0,KC,162.0,,
2017,4,00-0032784,K.Hogan,QB,CLE,CIN,5,8,65.0,0,0.0,1.0,6.0,0,0.0,0,0,0,0.0,0,2.6,2.6,,,75.0,218.0,25.0430625,1.0,Stanford,2016.0,2016.0,KC,162.0,-24.0,
2017,5,00-0032784,K.Hogan,QB,CLE,NYJ,16,19,194.0,2,1.0,0.0,-0.0,4,30.0,0,0,0,0.0,0,16.76,16.76,,,75.0,218.0,25.0430625,1.0,Stanford,2016.0,2016.0,KC,162.0,-3.0,
2017,6,00-0032784,K.Hogan,QB,CLE,HOU,20,37,140.0,1,3.0,4.0,27.0,5,36.0,0,0,0,0.0,0,7.2,7.2,,,75.0,218.0,25.0430625,1.0,Stanford,2016.0,2016.0,KC,162.0,,
2017,3,00-0032791,J.Grant,WR,MIA,NYJ,0,0,0.0,0,0.0,0.0,0.0,0,0.0,0,1,1,12.0,0,1.2,2.2,,,67.0,169.0,25.025125,1.0,Texas Tech,2016.0,2016.0,MIA,186.0,,0.022222223
2017,5,00-0032791,J.Grant,WR,MIA,TEN,0,0,0.0,0,0.0,0.0,0.0,0,0.0,0,2,1,-1.0,0,-0.1,0.9,,,67.0,169.0,25.025125,1.0,Texas Tech,2016.0,2016.0,MIA,186.0,6.0,0.07692308
2017,6,00-0032791,J.Grant,WR,MIA,ATL,0,0,0.0,0,0.0,0.0,0.0,0,0.0,0,1,1,4.0,0,0.4,1.4,,,67.0,169.0,25.025125,1.0,Texas Tech,2016.0,2016.0,MIA,186.0,,0.030303031
2017,8,00-0032791,J.Grant,WR,MIA,BAL,0,0,0.0,0,0.0,0.0,0.0,0,0.0,0,2,0,0.0,0,0.0,0.0,,,67.0,169.0,25.025125,1.0,Texas Tech,2016.0,2016.0,MIA,186.0,,0.045454547
2017,13,00-0032791,J.Grant,WR,MIA,DEN,0,0,0.0,0,0.0,0.0,0.0,1,2.0,0,0,0,0.0,0,0.2,0.2,,,67.0,169.0,25.025125,1.0,Texas Tech,2016.0,2016.0,MIA,186.0,26.0,
2017,14,00-0032791,J.Grant,WR,MIA,NE,0,0,0.0,0,0.0,0.0,0.0,0,0.0,0,4,2,42.0,1,10.2,12.2,,,67.0,169.0,25.025125,1.0,Texas Tech,2016.0,2016.0,MIA,186.0,7.0,0.11764706
2017,15,00-0032791,J.Grant,WR,MIA,BUF,0,0,0.0,0,0.0,0.0,0.0,1,7.0,0,1,1,13.0,0,2.0,3.0,,,67.0,169.0,25.025125,1.0,Texas Tech,2016.0,2016.0,MIA,186.0,,0.020408163
2017,16,00-0032791,J.Grant,WR,MIA,KC,0,0,0.0,0,0.0,0.0,0.0,1,3.0,0,6,4,107.0,1,17.0,21.0,,,67.0,169.0,25.025125,1.0,Texas Tech,2016.0,2016.0,MIA,186.0,,0.16216215
2017,17,00-0032791,J.Grant,WR,MIA,BUF,0,0,0.0,0,0.0,0.0,0.0,0,0.0,0,5,3,26.0,0,2.6,5.6,,,67.0,169.0,25.025125,1.0,Texas Tech,2016.0,2016.0,MIA,186.0,-6.0,0.11627907
2017,17,00-0032792,N.Sudfeld,QB,PHI,DAL,19,23,134.0,0,0.0,3.0,24.0,1,22.0,0,0,0,0.0,0,7.56,7.56,,,78.0,227.0,24.112368421052633,1.0,Indiana,2016.0,2016.0,WAS,187.0,-6.0,
2017,20,00-0032792,N.Sudfeld,QB,PHI,MIN,0,0,0.0,0,0.0,0.0,0.0,3,-4.0,0,0,0,0.0,0,-0.4,-0.4,,,78.0,227.0,24.112368421052633,1.0,Indiana,2016.0,2016.0,WAS,187.0,31.0,
2017,14,00-0032793,B.Countess,SS,LA,LA,0,0,0.0,0,0.0,0.0,0.0,0,0.0,0,0,0,0.0,0,6.0,6.0,,,70.0,185.0,24.25423529411765,1.0,Auburn,2016.0,2016.0,PHI,196.0,-8.0,
2017,6,00-0032794,D.Vitale,FB,CLE,HOU,0,0,0.0,0,0.0,0.0,0.0,0,0.0,0,1,1,7.0,0,0.7,1.7,,,73.0,239.0,24.0274375,1.0,Northwestern,2016.0,2016.0,TB,197.0,,0.027777778
2017,7,00-0032794,D.Vitale,FB,CLE,TEN,0,0,0.0,0,0.0,0.0,0.0,0,0.0,0,1,1,11.0,0,1.1,2.1,,,73.0,239.0,24.0274375,1.0,Northwestern,2016.0,2016.0,TB,197.0,-3.0,0.02631579
2017,10,00-0032794,D.Vitale,FB,CLE,DET,0,0,0.0,0,0.0,0.0,0.0,0,0.0,0,1,0,0.0,0,0.0,0.0,,,73.0,239.0,24.0274375,1.0,Northwestern,2016.0,2016.0,TB,197.0,,0.025641026
2017,12,00-0032794,D.Vitale,FB,CLE,CIN,0,0,0.0,0,0.0,0.0,0.0,0,0.0,0,1,0,0.0,0,0.0,0.0,,,73.0,239.0,24.0274375,1.0,Northwestern,2016.0,2016.0,TB,197.0,,0.033333335
2017,14,00-0032794,D.Vitale,FB,CLE,GB,0,0,0.0,0,0.0,0.0,0.0,0,0.0,0,1,1,1.0,0,0.1,1.1,,,73.0,239.0,24.0274375,1.0,Northwestern,2016.0,2016.0,TB,197.0,-6.0,0.035714287
2017,1,00-0032795,C.Core,WR,CIN,BAL,0,0,0.0,0,0.0,0.0,0.0,0,0.0,0,2,0,0.0,0,0.0,0.0,,,75.0,210.0,23.557,1.0,Mississippi,2016.0,2016.0,CIN,199.0,-20.0,0.06896552
2017,7,00-0032795,C.Core,WR,CIN,PIT,0,0,0.0,0,0.0,0.0,0.0,0,0.0,0,2,0,0.0,0,0.0,0.0,,,75.0,210.0,23.557,1.0,Mississippi,2016.0,2016.0,CIN,199.0,,0.06896552
2017,4,00-0032813,E.Penny,RB,ARI,SF,0,0,0.0,0,0.0,0.0,0.0,1,1.0,0,0,0,0.0,0,0.1,0.1,,,73.0,234.0,24.2199375,1.0,Idaho,2016.0,2016.0,,,3.0,
2017,5,00-0032813,E.Penny,RB,ARI,PHI,0,0,0.0,0,0.0,0.0,0.0,0,0.0,0,1,1,6.0,0,0.6,1.6,,,73.0,234.0,24.2199375,1.0,Idaho,2016.0,2016.0,,,,0.022727273
2017,13,00-0032813,E.Penny,RB,ARI,LA,0,0,0.0,0,0.0,0.0,0.0,2,4.0,1,0,0,0.0,0,6.4,6.4,,,73.0,234.0,24.2199375,1.0,Idaho,2016.0,2016.0,,,-16.0,
2017,14,00-0032813,E.Penny,RB,ARI,TEN,0,0,0.0,0,0.0,0.0,0.0,2,11.0,0,1,1,18.0,0,2.9,3.9,,,73.0,234.0,24.2199375,1.0,Idaho,2016.0,2016.0,,,5.0,0.03846154
2017,15,00-0032813,E.Penny,RB,ARI,WAS,0,0,0.0,0,0.0,0.0,0.0,10,45.0,0,1,0,0.0,0,4.5,4.5,,,73.0,234.0,24.2199375,1.0,Idaho,2016.0,2016.0,,,,0.025
2017,16,00-0032813,E.Penny,RB,ARI,NYG,0,0,0.0,0,0.0,0.0,0.0,8,24.0,0,2,2,14.0,0,3.8,5.8,,,73.0,234.0,24.2199375,1.0,Idaho,2016.0,2016.0,,,23.0,0.05882353
2017,17,00-0032813,E.Penny,RB,ARI,SEA,0,0,0.0,0,0.0,0.0,0.0,8,39.0,1,1,0,0.0,0,9.9,9.9,,,73.0,234.0,24.2199375,1.0,Idaho,2016.0,2016.0,,,,0.030303031
2017,14,00-0032827,L.Wester,T,TB,DET,0,0,0.0,0,0.0,0.0,0.0,0,0.0,0,1,1,2.0,1,6.2,7.2,,,78.0,305.0,24.8470625,1.0,Missouri Western,2016.0,2016.0,,,-3.0,0.027027028
2017,7,00-0032839,H.Sharp,WR,DEN,LAC,0,0,0.0,0,0.0,0.0,0.0,0,0.0,0,1,0,0.0,0,0.0,0.0,,,71.0,198.0,23.536875,1.0,Utah State,2016.0,2016.0,,,,0.028571429
2017,16,00-0032839,H.Sharp,WR,NYG,ARI,0,0,0.0,0,0.0,0.0,0.0,0,0.0,0,2,2,25.0,0,2.5,4.5,,,71.0,198.0,23.536875,1.0,Utah State,2016.0,2016.0,,,,0.045454547
2017,17,00-0032839,H.Sharp,WR,NYG,WAS,0,0,0.0,0,0.0,0.0,0.0,0,0.0,0,6,3,29.0,1,8.9,11.9,,,71.0,198.0,23.536875,1.0,Utah State,2016.0,2016.0,,,8.0,0.21428572
2017,1,00-0032881,T.Lewis,WR,NO,MIN,0,0,0.0,0,0.0,0.0,0.0,0,0.0,0,3,2,52.0,0,5.2,7.2,,,67.0,168.0,25.056333333333335,1.0,Northern Illinois,2016.0,2016.0,,,,0.08108108
2017,2,00-0032881,T.Lewis,WR,NO,NE,0,0,0.0,0,0.0,0.0,0.0,0,0.0,0,2,1,16.0,0,1.6,2.6,,,67.0,168.0,25.056333333333335,1.0,Northern Illinois,2016.0,2016.0,,,-16.0,0.045454547
2017,3,00-0032881,T.Lewis,WR,NO,CAR,0,0,0.0,0,0.0,0.0,0.0,1,8.0,0,3,3,15.0,0,2.3,5.3,,,67.0,168.0,25.056333333333335,1.0,Northern Illinois,2016.0,2016.0,,,,0.10344828
2017,4,00-0032881,T.Lewis,WR,NO,MIA,0,0,0.0,0,0.0,0.0,0.0,0,0.0,0,2,1,1.0,0,0.1,1.1,,,67.0,168.0,25.056333333333335,1.0,Northern Illinois,2016.0,2016.0,,,,0.05
2017,7,00-0032881,T.Lewis,WR,NO,GB,0,0,0.0,0,0.0,0.0,0.0,0,0.0,0,1,0,0.0,0,0.0,0.0,,,67.0,168.0,25.056333333333335,1.0,Northern Illinois,2016.0,2016.0,,,,0.02631579
2017,12,00-0032881,T.Lewis,WR,NO,LA,0,0,0.0,0,0.0,0.0,0.0,0,0.0,0,1,0,0.0,0,0.0,0.0,,,67.0,168.0,25.056333333333335,1.0,Northern Illinois,2016.0,2016.0,,,,0.03125
2017,13,00-0032881,T.Lewis,WR,NO,CAR,0,0,0.0,0,0.0,0.0,0.0,0,0.0,0,1,1,2.0,0,0.2,1.2,,,67.0,168.0,25.056333333333335,1.0,Northern Illinois,2016.0,2016.0,,,10.0,0.030303031
2017,14,00-0032881,T.Lewis,WR,NO,ATL,0,0,0.0,0,0.0,0.0,0.0,0,0.0,0,2,2,30.0,1,9.0,11.0,,,67.0,168.0,25.056333333333335,1.0,Northern Illinois,2016.0,2016.0,,,,0.057142857
2017,15,00-0032881,T.Lewis,WR,NO,NYJ,0,0,0.0,0,0.0,0.0,0.0,1,6.0,0,0,0,0.0,0,0.6,0.6,,,67.0,168.0,25.056333333333335,1.0,Northern Illinois,2016.0,2016.0,,,12.0,
2017,18,00-0032881,T.Lewis,WR,NO,CAR,0,0,0.0,0,0.0,0.0,0.0,1,-4.0,0,0,0,0.0,0,-0.4,-0.4,,,67.0,168.0,25.056333333333335,1.0,Northern Illinois,2016.0,2016.0,,,5.0,
2017,2,00-0032897,D.Watt,FB,LAC,MIA,0,0,0.0,0,0.0,0.0,0.0,1,0.0,0,0,0,0.0,0,0.0,0.0,,,74.0,234.0,24.993312500000002,1.0,Wisconsin,2016.0,2016.0,SD,198.0,-2.0,
2017,10,00-0032897,D.Watt,FB,LAC,JAX,0,0,0.0,0,0.0,0.0,0.0,0,0.0,0,2,1,12.0,0,1.2,2.2,,,74.0,234.0,24.993312500000002,1.0,Wisconsin,2016.0,2016.0,SD,198.0,,0.055555556
2017,11,00-0032897,D.Watt,FB,LAC,BUF,0,0,0.0,0,0.0,0.0,0.0,2,17.0,0,0,0,0.0,0,1.7,1.7,,,74.0,234.0,24.993312500000002,1.0,Wisconsin,2016.0,2016.0,SD,198.0,30.0,
2017,14,00-0032897,D.Watt,FB,LAC,WAS,0,0,0.0,0,0.0,0.0,0.0,1,2.0,0,0,0,0.0,0,0.2,0.2,,,74.0,234.0,24.993312500000002,1.0,Wisconsin,2016.0,2016.0,SD,198.0,17.0,
2017,16,00-0032897,D.Watt,FB,LAC,NYJ,0,0,0.0,0,0.0,0.0,0.0,1,3.0,0,1,1,23.0,0,2.6,3.6,,,74.0,234.0,24.993312500000002,1.0,Wisconsin,2016.0,2016.0,SD,198.0,,0.025641026
2017,17,00-0032897,D.Watt,FB,LAC,LV,0,0,0.0,0,0.0,0.0,0.0,1,2.0,0,0,0,0.0,0,0.2,0.2,,,74.0,234.0,24.993312500000002,1.0,Wisconsin,2016.0,2016.0,SD,198.0,20.0,
2017,2,00-0032918,C.Ham,FB,MIN,PIT,0,0,0.0,0,0.0,0.0,0.0,1,1.0,1,0,0,0.0,0,6.1,6.1,,,71.0,235.0,24.312277777777776,1.0,"Augustana, S.D.",2016.0,2016.0,,,,
2017,3,00-0032918,C.Ham,FB,MIN,TB,0,0,0.0,0,0.0,0.0,0.0,0,0.0,0,1,1,12.0,0,1.2,2.2,,,71.0,235.0,24.312277777777776,1.0,"Augustana, S.D.",2016.0,2016.0,,,17.0,0.030303031
2017,5,00-0032918,C.Ham,FB,MIN,CHI,0,0,0.0,0,0.0,0.0,0.0,1,0.0,0,2,1,11.0,0,1.1,2.1,,,71.0,235.0,24.312277777777776,1.0,"Augustana, S.D.",2016.0,2016.0,,,,0.0625
2017,7,00-0032918,C.Ham,FB,MIN,BAL,0,0,0.0,0,0.0,0.0,0.0,0,0.0,0,1,1,12.0,0,1.2,2.2,,,71.0,235.0,24.312277777777776,1.0,"Augustana, S.D.",2016.0,2016.0,,,8.0,0.032258064
2017,10,00-0032918,C.Ham,FB,MIN,WAS,0,0,0.0,0,0.0,0.0,0.0,1,3.0,0,0,0,0.0,0,0.3,0.3,,,71.0,235.0,24.312277777777776,1.0,"Augustana, S.D.",2016.0,2016.0,,,,
2017,11,00-0032918,C.Ham,FB,MIN,LA,0,0,0.0,0,0.0,0.0,0.0,3,8.0,0,0,0,0.0,0,0.8,0.8,,,71.0,235.0,24.312277777777776,1.0,"Augustana, S.D.",2016.0,2016.0,,,17.0,
2017,13,00-0032918,C.Ham,FB,MIN,ATL,0,0,0.0,0,0.0,0.0,0.0,1,1.0,0,1,1,12.0,0,1.3,2.3,,,71.0,235.0,24.312277777777776,1.0,"Augustana, S.D.",2016.0,2016.0,,,,0.033333335
2017,14,00-0032918,C.Ham,FB,MIN,CAR,0,0,0.0,0,0.0,0.0,0.0,0,0.0,0,1,1,9.0,0,0.9,1.9,,,71.0,235.0,24.312277777777776,1.0,"Augustana, S.D.",2016.0,2016.0,,,,0.023255814
2017,15,00-0032918,C.Ham,FB,MIN,CIN,0,0,0.0,0,0.0,0.0,0.0,0,0.0,0,1,1,6.0,0,0.6,1.6,,,71.0,235.0,24.312277777777776,1.0,"Augustana, S.D.",2016.0,2016.0,,,27.0,0.04
2017,17,00-0032918,C.Ham,FB,MIN,CHI,0,0,0.0,0,0.0,0.0,0.0,0,0.0,0,1,1,6.0,0,0.6,1.6,,,71.0,235.0,24.312277777777776,1.0,"Augustana, S.D.",2016.0,2016.0,,,13.0,0.035714287
2017,19,00-0032918,C.Ham,FB,MIN,NO,0,0,0.0,0,0.0,0.0,0.0,1,7.0,0,0,0,0.0,0,0.7,0.7,,,71.0,235.0,24.312277777777776,1.0,"Augustana, S.D.",2016.0,2016.0,,,5.0,
2017,17,00-0032926,K.Brent,WR,IND,HOU,0,0,0.0,0,0.0,0.0,0.0,0,0.0,0,1,0,0.0,0,0.0,0.0,,,75.0,200.0,24.2455625,1.0,Wake Forest,2016.0,2016.0,,,9.0,0.041666668
2017,4,00-0032935,J.Holton,WR,LV,DEN,0,0,0.0,0,0.0,0.0,0.0,0,0.0,0,1,1,64.0,1,12.4,13.4,,,73.0,190.0,26.20525,1.0,Cincinnati,2016.0,2016.0,,,,0.028571429
2017,9,00-0032935,J.Holton,WR,LV,MIA,0,0,0.0,0,0.0,0.0,0.0,0,0.0,0,1,1,44.0,1,10.4,11.4,,,73.0,190.0,26.20525,1.0,Cincinnati,2016.0,2016.0,,,,0.03448276
2017,11,00-0032935,J.Holton,WR,LV,NE,0,0,0.0,0,0.0,0.0,0.0,0,0.0,0,2,0,0.0,0,0.0,0.0,,,73.0,190.0,26.20525,1.0,Cincinnati,2016.0,2016.0,,,,0.040816326
2017,12,00-0032935,J.Holton,WR,LV,DEN,0,0,0.0,0,0.0,0.0,0.0,0,0.0,0,2,2,53.0,0,5.3,7.3,,,73.0,190.0,26.20525,1.0,Cincinnati,2016.0,2016.0,,,,0.083333336
2017,13,00-0032935,J.Holton,WR,LV,NYG,0,0,0.0,0,0.0,0.0,0.0,0,0.0,0,7,3,39.0,1,7.9,10.9,,,73.0,190.0,26.20525,1.0,Cincinnati,2016.0,2016.0,,,,0.2
2017,14,00-0032935,J.Holton,WR,LV,KC,0,0,0.0,0,0.0,0.0,0.0,0,0.0,0,4,2,18.0,0,-0.2,1.8,,,73.0,190.0,26.20525,1.0,Cincinnati,2016.0,2016.0,,,,0.09756097
2017,17,00-0032935,J.Holton,WR,LV,LAC,0,0,0.0,0,0.0,0.0,0.0,0,0.0,0,1,0,0.0,0,0.0,0.0,,,73.0,190.0,26.20525,1.0,Cincinnati,2016.0,2016.0,,,,0.037037037
2017,5,00-0032937,M.McCaffrey,WR,JAX,PIT,0,0,0.0,0,0.0,0.0,0.0,0,0.0,0,1,1,4.0,0,0.4,1.4,,,74.0,200.0,23.473125,1.0,Duke,2016.0,2016.0,,,,0.071428575
2017,1,00-0032940,D.Washington,RB,LV,TEN,0,0,0.0,0,0.0,0.0,0.0,3,4.0,0,2,2,18.0,0,2.2,4.2,,,68.0,204.0,24.699375,1.0,Texas Tech,2016.0,2016.0,OAK,143.0,,0.0625
2017,2,00-0032940,D.Washington,RB,LV,NYJ,0,0,0.0,0,0.0,0.0,0.0,6,20.0,0,3,3,15.0,0,3.5,6.5,,,68.0,204.0,24.699375,1.0,Texas Tech,2016.0,2016.0,OAK,143.0,,0.10714286
2017,3,00-0032940,D.Washington,RB,LV,WAS,0,0,0.0,0,0.0,0.0,0.0,1,0.0,0,6,5,24.0,0,2.4,7.4,,,68.0,204.0,24.699375,1.0,Texas Tech,2016.0,2016.0,OAK,143.0,,0.2
2017,4,00-0032940,D.Washington,RB,LV,DEN,0,0,0.0,0,0.0,0.0,0.0,1,4.0,0,1,0,0.0,0,0.4,0.4,,,68.0,204.0,24.699375,1.0,Texas Tech,2016.0,2016.0,OAK,143.0,,0.028571429
2017,6,00-0032940,D.Washington,RB,LV,LAC,0,0,0.0,0,0.0,0.0,0.0,3,-8.0,0,1,1,10.0,0,0.2,1.2,,,68.0,204.0,24.699375,1.0,Texas Tech,2016.0,2016.0,OAK,143.0,,0.033333335
2017,7,00-0032940,D.Washington,RB,LV,KC,0,0,0.0,0,0.0,0.0,0.0,9,33.0,1,4,3,7.0,0,10.0,13.0,,,68.0,204.0,24.699375,1.0,Texas Tech,2016.0,2016.0,OAK,143.0,,0.07692308
2017,8,00-0032940,D.Washington,RB,LV,BUF,0,0,0.0,0,0.0,0.0,0.0,6,26.0,0,10,8,62.0,1,12.8,20.8,,,68.0,204.0,24.699375,1.0,Texas Tech,2016.0,2016.0,OAK,143.0,,0.20408164
2017,9,00-0032940,D.Washington,RB,LV,MIA,0,0,0.0,0,0.0,0.0,0.0,4,16.0,0,1,1,-2.0,0,1.4,2.4,,,68.0,204.0,24.699375,1.0,Texas Tech,2016.0,2016.0,OAK,143.0,,0.03448276
2017,11,00-0032940,D.Washington,RB,LV,NE,0,0,0.0,0,0.0,0.0,0.0,3,7.0,0,3,2,12.0,0,1.9,3.9,,,68.0,204.0,24.699375,1.0,Texas Tech,2016.0,2016.0,OAK,143.0,,0.06122449
2017,12,00-0032940,D.Washington,RB,LV,DEN,0,0,0.0,0,0.0,0.0,0.0,6,23.0,0,3,3,23.0,0,4.6,7.6,,,68.0,204.0,24.699375,1.0,Texas Tech,2016.0,2016.0,OAK,143.0,,0.125
2017,13,00-0032940,D.Washington,RB,LV,NYG,0,0,0.0,0,0.0,0.0,0.0,6,16.0,1,0,0,0.0,0,7.6,7.6,,,68.0,204.0,24.699375,1.0,Texas Tech,2016.0,2016.0,OAK,143.0,,
2017,14,00-0032940,D.Washington,RB,LV,KC,0,0,0.0,0,0.0,0.0,0.0,4,9.0,0,2,1,10.0,0,1.9,2.9,,,68.0,204.0,24.699375,1.0,Texas Tech,2016.0,2016.0,OAK,143.0,,0.048780486
2017,15,00-0032940,D.Washington,RB,LV,DAL,0,0,0.0,0,0.0,0.0,0.0,2,3.0,0,3,2,16.0,0,1.9,3.9,,,68.0,204.0,24.699375,1.0,Texas Tech,2016.0,2016.0,OAK,143.0,,0.078947365
2017,16,00-0032940,D.Washington,RB,LV,PHI,0,0,0.0,0,0.0,0.0,0.0,1,-3.0,0,3,1,2.0,0,-0.1,0.9,,,68.0,204.0,24.699375,1.0,Texas Tech,2016.0,2016.0,OAK,143.0,,0.10714286
2017,17,00-0032940,D.Washington,RB,LV,LAC,0,0,0.0,0,0.0,0.0,0.0,2,3.0,0,3,2,0.0,0,0.3,2.3,,,68.0,204.0,24.699375,1.0,Texas Tech,2016.0,2016.0,OAK,143.0,,0.11111111
2017,1,00-0032950,C.Wentz,QB,PHI,WAS,26,39,307.0,2,1.0,2.0,9.0,4,6.0,0,0,0,0.0,0,18.88,18.88,,,77.0,237.0,24.881842105263157,1.0,North Dakota State,2016.0,2016.0,PHI,2.0,,
2017,2,00-0032950,C.Wentz,QB,PHI,KC,25,46,333.0,2,1.0,6.0,34.0,4,55.0,0,0,0,0.0,0,24.82,24.82,,,77.0,237.0,24.881842105263157,1.0,North Dakota State,2016.0,2016.0,PHI,2.0,,
2017,3,00-0032950,C.Wentz,QB,PHI,NYG,21,31,176.0,1,0.0,3.0,15.0,6,22.0,0,0,0,0.0,0,13.24,13.24,,,77.0,237.0,24.881842105263157,1.0,North Dakota State,2016.0,2016.0,PHI,2.0,3.0,
2017,4,00-0032950,C.Wentz,QB,PHI,LAC,17,31,242.0,1,0.0,1.0,2.0,6,14.0,0,0,0,0.0,0,15.08,15.08,,,77.0,237.0,24.881842105263157,1.0,North Dakota State,2016.0,2016.0,PHI,2.0,,
2017,5,00-0032950,C.Wentz,QB,PHI,ARI,21,30,304.0,4,1.0,1.0,7.0,6,11.0,0,0,0,0.0,0,27.26,27.26,,,77.0,237.0,24.881842105263157,1.0,North Dakota State,2016.0,2016.0,PHI,2.0,27.0,
2017,6,00-0032950,C.Wentz,QB,PHI,CAR,16,30,222.0,3,0.0,3.0,13.0,6,25.0,0,0,0,0.0,0,21.38,21.38,,,77.0,237.0,24.881842105263157,1.0,North Dakota State,2016.0,2016.0,PHI,2.0,,
2017,7,00-0032950,C.Wentz,QB,PHI,WAS,17,25,268.0,4,1.0,3.0,24.0,8,63.0,0,0,0,0.0,0,31.02,31.02,,,77.0,237.0,24.881842105263157,1.0,North Dakota State,2016.0,2016.0,PHI,2.0,10.0,
2017,8,00-0032950,C.Wentz,QB,PHI,SF,18,32,211.0,2,1.0,3.0,19.0,2,7.0,0,0,0,0.0,0,17.14,17.14,,,77.0,237.0,24.881842105263157,1.0,North Dakota State,2016.0,2016.0,PHI,2.0,23.0,
2017,9,00-0032950,C.Wentz,QB,PHI,DEN,15,27,199.0,4,0.0,1.0,4.0,2,8.0,0,0,0,0.0,0,24.76,24.76,,,77.0,237.0,24.881842105263157,1.0,North Dakota State,2016.0,2016.0,PHI,2.0,28.0,
2017,11,00-0032950,C.Wentz,QB,PHI,DAL,14,27,168.0,2,0.0,0.0,-0.0,6,13.0,0,0,0,0.0,0,20.02,20.02,,,77.0,237.0,24.881842105263157,1.0,North Dakota State,2016.0,2016.0,PHI,2.0,,
2017,12,00-0032950,C.Wentz,QB,PHI,CHI,23,36,227.0,3,0.0,1.0,4.0,5,29.0,0,0,0,0.0,0,23.98,23.98,,,77.0,237.0,24.881842105263157,1.0,North Dakota State,2016.0,2016.0,PHI,2.0,28.0,
2017,13,00-0032950,C.Wentz,QB,PHI,SEA,29,45,348.0,1,1.0,3.0,21.0,6,30.0,0,0,0,0.0,0,18.92,18.92,,,77.0,237.0,24.881842105263157,1.0,North Dakota State,2016.0,2016.0,PHI,2.0,,
2017,14,00-0032950,C.Wentz,QB,PHI,LA,23,41,291.0,4,1.0,1.0,10.0,3,16.0,0,0,0,0.0,0,27.24,27.24,,,77.0,237.0,24.881842105263157,1.0,North Dakota State,2016.0,2016.0,PHI,2.0,,
2017,1,00-0032951,L.Treadwell,WR,MIN,NO,0,0,0.0,0,0.0,0.0,0.0,0,0.0,0,1,1,7.0,0,0.7,1.7,,,74.0,210.0,22.41761111111111,1.0,Mississippi,2016.0,2016.0,MIN,23.0,10.0,0.03125
2017,2,00-0032951,L.Treadwell,WR,MIN,PIT,0,0,0.0,0,0.0,0.0,0.0,0,0.0,0,6,3,33.0,0,3.3,6.3,,,74.0,210.0,22.41761111111111,1.0,Mississippi,2016.0,2016.0,MIN,23.0,,0.16666667
2017,3,00-0032951,L.Treadwell,WR,MIN,TB,0,0,0.0,0,0.0,0.0,0.0,0,0.0,0,1,1,2.0,0,0.2,1.2,,,74.0,210.0,22.41761111111111,1.0,Mississippi,2016.0,2016.0,MIN,23.0,17.0,0.030303031
2017,4,00-0032951,L.Treadwell,WR,MIN,DET,0,0,0.0,0,0.0,0.0,0.0,0,0.0,0,2,0,0.0,0,0.0,0.0,,,74.0,210.0,22.41761111111111,1.0,Mississippi,2016.0,2016.0,MIN,23.0,-7.0,0.06666667
2017,6,00-0032951,L.Treadwell,WR,MIN,GB,0,0,0.0,0,0.0,0.0,0.0,0,0.0,0,3,3,51.0,0,5.1,8.1,,,74.0,210.0,22.41761111111111,1.0,Mississippi,2016.0,2016.0,MIN,23.0,13.0,0.083333336
2017,7,00-0032951,L.Treadwell,WR,MIN,BAL,0,0,0.0,0,0.0,0.0,0.0,0,0.0,0,4,3,28.0,0,2.8,5.8,,,74.0,210.0,22.41761111111111,1.0,Mississippi,2016.0,2016.0,MIN,23.0,8.0,0.12903225
2017,8,00-0032951,L.Treadwell,WR,MIN,CLE,0,0,0.0,0,0.0,0.0,0.0,0,0.0,0,4,1,21.0,0,2.1,3.1,,,74.0,210.0,22.41761111111111,1.0,Mississippi,2016.0,2016.0,MIN,23.0,,0.093023255
2017,10,00-0032951,L.Treadwell,WR,MIN,WAS,0,0,0.0,0,0.0,0.0,0.0,0,0.0,0,1,0,0.0,0,0.0,0.0,,,74.0,210.0,22.41761111111111,1.0,Mississippi,2016.0,2016.0,MIN,23.0,,0.03448276
2017,11,00-0032951,L.Treadwell,WR,MIN,LA,0,0,0.0,0,0.0,0.0,0.0,0,0.0,0,3,2,10.0,0,1.0,3.0,,,74.0,210.0,22.41761111111111,1.0,Mississippi,2016.0,2016.0,MIN,23.0,17.0,0.078947365
2017,13,00-0032951,L.Treadwell,WR,MIN,ATL,0,0,0.0,0,0.0,0.0,0.0,0,0.0,0,1,1,9.0,0,0.9,1.9,,,74.0,210.0,22.41761111111111,1.0,Mississippi,2016.0,2016.0,MIN,23.0,,0.033333335
2017,14,00-0032951,L.Treadwell,WR,MIN,CAR,0,0,0.0,0,0.0,0.0,0.0,0,0.0,0,4,2,23.0,0,2.3,4.3,,,74.0,210.0,22.41761111111111,1.0,Mississippi,2016.0,2016.0,MIN,23.0,,0.093023255
2017,16,00-0032951,L.Treadwell,WR,MIN,GB,0,0,0.0,0,0.0,0.0,0.0,0,0.0,0,2,0,0.0,0,0.0,0.0,,,74.0,210.0,22.41761111111111,1.0,Mississippi,2016.0,2016.0,MIN,23.0,,0.08
2017,17,00-0032951,L.Treadwell,WR,MIN,CHI,0,0,0.0,0,0.0,0.0,0.0,0,0.0,0,3,3,16.0,0,1.6,4.6,,,74.0,210.0,22.41761111111111,1.0,Mississippi,2016.0,2016.0,MIN,23.0,13.0,0.10714286
2017,20,00-0032951,L.Treadwell,WR,MIN,PHI,0,0,0.0,0,0.0,0.0,0.0,0,0.0,0,1,0,0.0,0,0.0,0.0,,,74.0,210.0,22.41761111111111,1.0,Mississippi,2016.0,2016.0,MIN,23.0,,0.02173913
2017,3,00-0032956,A.Janovich,FB,DEN,BUF,0,0,0.0,0,0.0,0.0,0.0,1,2.0,0,0,0,0.0,0,0.2,0.2,,,73.0,238.0,24.459062499999998,1.0,Nebraska,2016.0,2016.0,DEN,176.0,,
2017,6,00-0032956,A.Janovich,FB,DEN,NYG,0,0,0.0,0,0.0,0.0,0.0,0,0.0,0,1,0,0.0,0,0.0,0.0,,,73.0,238.0,24.459062499999998,1.0,Nebraska,2016.0,2016.0,DEN,176.0,-13.0,0.018867925
2017,7,00-0032956,A.Janovich,FB,DEN,LAC,0,0,0.0,0,0.0,0.0,0.0,1,3.0,0,2,2,14.0,0,1.7,3.7,,,73.0,238.0,24.459062499999998,1.0,Nebraska,2016.0,2016.0,DEN,176.0,,0.057142857
2017,8,00-0032956,A.Janovich,FB,DEN,KC,0,0,0.0,0,0.0,0.0,0.0,0,0.0,0,1,0,0.0,0,0.0,0.0,,,73.0,238.0,24.459062499999998,1.0,Nebraska,2016.0,2016.0,DEN,176.0,,0.027777778
2017,10,00-0032956,A.Janovich,FB,DEN,NE,0,0,0.0,0,0.0,0.0,0.0,1,3.0,0,0,0,0.0,0,0.3,0.3,,,73.0,238.0,24.459062499999998,1.0,Nebraska,2016.0,2016.0,DEN,176.0,-25.0,
2017,12,00-0032956,A.Janovich,FB,DEN,LV,0,0,0.0,0,0.0,0.0,0.0,1,4.0,0,0,0,0.0,0,0.4,0.4,,,73.0,238.0,24.459062499999998,1.0,Nebraska,2016.0,2016.0,DEN,176.0,,
2017,14,00-0032956,A.Janovich,FB,DEN,NYJ,0,0,0.0,0,0.0,0.0,0.0,1,1.0,1,0,0,0.0,0,6.1,6.1,,,73.0,238.0,24.459062499999998,1.0,Nebraska,2016.0,2016.0,DEN,176.0,23.0,
2017,15,00-0032956,A.Janovich,FB,DEN,IND,0,0,0.0,0,0.0,0.0,0.0,1,-1.0,0,0,0,0.0,0,-0.1,-0.1,,,73.0,238.0,24.459062499999998,1.0,Nebraska,2016.0,2016.0,DEN,176.0,,
2017,16,00-0032956,A.Janovich,FB,DEN,WAS,0,0,0.0,0,0.0,0.0,0.0,0,0.0,0,2,2,21.0,0,2.1,4.1,,,73.0,238.0,24.459062499999998,1.0,Nebraska,2016.0,2016.0,DEN,176.0,,0.054054055
2017,2,00-0032959,C.Peake,WR,NYJ,LV,0,0,0.0,0,0.0,0.0,0.0,0,0.0,0,1,1,3.0,0,0.3,1.3,,,74.0,209.0,25.0511875,1.0,Clemson,2016.0,2016.0,NYJ,241.0,,0.041666668
2017,11,00-0032964,B.Marshall,RB,WAS,NO,0,0,0.0,0,0.0,0.0,0.0,1,2.0,0,0,0,0.0,0,0.2,0.2,,,69.0,201.0,23.7236875,1.0,Oregon,2016.0,2016.0,,,,
2017,12,00-0032964,B.Marshall,RB,WAS,NYG,0,0,0.0,0,0.0,0.0,0.0,4,18.0,0,2,1,12.0,0,3.0,4.0,,,69.0,201.0,23.7236875,1.0,Oregon,2016.0,2016.0,,,10.0,0.06666667
2017,13,00-0032964,B.Marshall,RB,WAS,DAL,0,0,0.0,0,0.0,0.0,0.0,4,12.0,0,6,5,24.0,0,3.6,8.6,,,69.0,201.0,23.7236875,1.0,Oregon,2016.0,2016.0,,,,0.16666667
2017,1,00-0032966,C.Coleman,WR,CLE,PIT,0,0,0.0,0,0.0,0.0,0.0,0,0.0,0,6,5,53.0,1,11.3,16.3,,,71.0,190.0,23.33475,1.0,Baylor,2016.0,2016.0,CLE,15.0,-3.0,0.2
2017,2,00-0032966,C.Coleman,WR,CLE,BAL,0,0,0.0,0,0.0,0.0,0.0,0,0.0,0,7,1,9.0,0,0.9,1.9,,,71.0,190.0,23.33475,1.0,Baylor,2016.0,2016.0,CLE,15.0,,0.16666667
2017,11,00-0032966,C.Coleman,WR,CLE,JAX,0,0,0.0,0,0.0,0.0,0.0,0,0.0,0,11,6,80.0,0,8.0,14.0,,,71.0,190.0,23.33475,1.0,Baylor,2016.0,2016.0,CLE,15.0,-12.0,0.3548387
2017,12,00-0032966,C.Coleman,WR,CLE,CIN,0,0,0.0,0,0.0,0.0,0.0,0,0.0,0,8,3,64.0,0,6.4,9.4,,,71.0,190.0,23.33475,1.0,Baylor,2016.0,2016.0,CLE,15.0,,0.26666668
2017,13,00-0032966,C.Coleman,WR,CLE,LAC,0,0,0.0,0,0.0,0.0,0.0,0,0.0,0,4,0,0.0,0,0.0,0.0,,,71.0,190.0,23.33475,1.0,Baylor,2016.0,2016.0,CLE,15.0,,0.125
2017,14,00-0032966,C.Coleman,WR,CLE,GB,0,0,0.0,0,0.0,0.0,0.0,0,0.0,0,6,5,62.0,1,12.2,17.2,,,71.0,190.0,23.33475,1.0,Baylor,2016.0,2016.0,CLE,15.0,-6.0,0.21428572
2017,15,00-0032966,C.Coleman,WR,CLE,BAL,0,0,0.0,0,0.0,0.0,0.0,0,0.0,0,4,1,16.0,0,1.6,2.6,,,71.0,190.0,23.33475,1.0,Baylor,2016.0,2016.0,CLE,15.0,-17.0,0.10810811
2017,16,00-0032966,C.Coleman,WR,CLE,CHI,0,0,0.0,0,0.0,0.0,0.0,0,0.0,0,6,1,3.0,0,0.3,1.3,,,71.0,190.0,23.33475,1.0,Baylor,2016.0,2016.0,CLE,15.0,,0.16666667
2017,17,00-0032966,C.Coleman,WR,CLE,PIT,0,0,0.0,0,0.0,0.0,0.0,0,0.0,0,6,1,18.0,0,1.8,2.8,,,71.0,190.0,23.33475,1.0,Baylor,2016.0,2016.0,CLE,15.0,,0.2
2017,4,00-0032972,D.Booker,RB,DEN,LV,0,0,0.0,0,0.0,0.0,0.0,3,14.0,0,0,0,0.0,0,1.4,1.4,,,71.0,219.0,25.4475,1.0,Utah,2016.0,2016.0,DEN,136.0,6.0,
2017,6,00-0032972,D.Booker,RB,DEN,NYG,0,0,0.0,0,0.0,0.0,0.0,1,2.0,0,6,4,78.0,0,8.0,12.0,,,71.0,219.0,25.4475,1.0,Utah,2016.0,2016.0,DEN,136.0,-13.0,0.11320755
2017,7,00-0032972,D.Booker,RB,DEN,LAC,0,0,0.0,0,0.0,0.0,0.0,2,6.0,0,4,3,22.0,0,2.8,5.8,,,71.0,219.0,25.4475,1.0,Utah,2016.0,2016.0,DEN,136.0,,0.114285715
2017,8,00-0032972,D.Booker,RB,DEN,KC,0,0,0.0,0,0.0,0.0,0.0,6,40.0,1,3,3,14.0,0,11.4,14.4,,,71.0,219.0,25.4475,1.0,Utah,2016.0,2016.0,DEN,136.0,,0.083333336
2017,9,00-0032972,D.Booker,RB,DEN,PHI,0,0,0.0,0,0.0,0.0,0.0,6,21.0,0,3,2,9.0,0,3.0,5.0,,,71.0,219.0,25.4475,1.0,Utah,2016.0,2016.0,DEN,136.0,,0.08108108
2017,10,00-0032972,D.Booker,RB,DEN,NE,0,0,0.0,0,0.0,0.0,0.0,8,24.0,0,1,1,5.0,0,2.9,3.9,,,71.0,219.0,25.4475,1.0,Utah,2016.0,2016.0,DEN,136.0,-25.0,0.03125
2017,11,00-0032972,D.Booker,RB,DEN,CIN,0,0,0.0,0,0.0,0.0,0.0,14,44.0,0,6,5,54.0,0,9.8,14.8,,,71.0,219.0,25.4475,1.0,Utah,2016.0,2016.0,DEN,136.0,-3.0,0.15
2017,12,00-0032972,D.Booker,RB,DEN,LV,0,0,0.0,0,0.0,0.0,0.0,6,11.0,0,2,2,22.0,0,3.3,5.3,,,71.0,219.0,25.4475,1.0,Utah,2016.0,2016.0,DEN,136.0,,0.05882353
2017,13,00-0032972,D.Booker,RB,DEN,MIA,0,0,0.0,0,0.0,0.0,0.0,2,8.0,0,1,1,0.0,0,0.8,1.8,,,71.0,219.0,25.4475,1.0,Utah,2016.0,2016.0,DEN,136.0,,0.025
2017,14,00-0032972,D.Booker,RB,DEN,NYJ,0,0,0.0,0,0.0,0.0,0.0,9,22.0,0,2,2,12.0,0,3.4,5.4,,,71.0,219.0,25.4475,1.0,Utah,2016.0,2016.0,DEN,136.0,23.0,0.071428575
2017,15,00-0032972,D.Booker,RB,DEN,IND,0,0,0.0,0,0.0,0.0,0.0,11,39.0,0,1,1,10.0,0,4.9,5.9,,,71.0,219.0,25.4475,1.0,Utah,2016.0,2016.0,DEN,136.0,,0.04
2017,16,00-0032972,D.Booker,RB,DEN,WAS,0,0,0.0,0,0.0,0.0,0.0,8,47.0,0,8,5,24.0,0,5.1,10.1,,,71.0,219.0,25.4475,1.0,Utah,2016.0,2016.0,DEN,136.0,,0.21621622
2017,17,00-0032972,D.Booker,RB,DEN,KC,0,0,0.0,0,0.0,0.0,0.0,3,21.0,0,1,1,25.0,0,4.6,5.6,,,71.0,219.0,25.4475,1.0,Utah,2016.0,2016.0,DEN,136.0,-3.0,0.032258064
2017,2,00-0032977,R.Higgins,WR,CLE,BAL,0,0,0.0,0,0.0,0.0,0.0,1,4.0,0,11,7,95.0,0,9.9,16.9,,,73.0,198.0,23.0800625,1.0,Colorado State,2016.0,2016.0,CLE,172.0,,0.26190478
2017,3,00-0032977,R.Higgins,WR,CLE,IND,0,0,0.0,0,0.0,0.0,0.0,0,0.0,0,6,2,10.0,0,1.0,3.0,,,73.0,198.0,23.0800625,1.0,Colorado State,2016.0,2016.0,CLE,172.0,,0.13043478
2017,4,00-0032977,R.Higgins,WR,CLE,CIN,0,0,0.0,0,0.0,0.0,0.0,0,0.0,0,4,0,0.0,0,0.0,0.0,,,73.0,198.0,23.0800625,1.0,Colorado State,2016.0,2016.0,CLE,172.0,-24.0,0.09756097
2017,5,00-0032977,R.Higgins,WR,CLE,NYJ,0,0,0.0,0,0.0,0.0,0.0,0,0.0,0,4,2,7.0,0,0.7,2.7,,,73.0,198.0,23.0800625,1.0,Colorado State,2016.0,2016.0,CLE,172.0,-3.0,0.11111111
2017,6,00-0032977,R.Higgins,WR,CLE,HOU,0,0,0.0,0,0.0,0.0,0.0,0,0.0,0,2,1,13.0,0,1.3,2.3,,,73.0,198.0,23.0800625,1.0,Colorado State,2016.0,2016.0,CLE,172.0,,0.055555556
2017,7,00-0032977,R.Higgins,WR,CLE,TEN,0,0,0.0,0,0.0,0.0,0.0,0,0.0,0,3,1,11.0,0,1.1,2.1,,,73.0,198.0,23.0800625,1.0,Colorado State,2016.0,2016.0,CLE,172.0,-3.0,0.078947365
2017,8,00-0032977,R.Higgins,WR,CLE,MIN,0,0,0.0,0,0.0,0.0,0.0,0,0.0,0,1,1,14.0,0,1.4,2.4,,,73.0,198.0,23.0800625,1.0,Colorado State,2016.0,2016.0,CLE,172.0,-17.0,0.029411765
2017,10,00-0032977,R.Higgins,WR,CLE,DET,0,0,0.0,0,0.0,0.0,0.0,0,0.0,0,4,4,34.0,0,3.4,7.4,,,73.0,198.0,23.0800625,1.0,Colorado State,2016.0,2016.0,CLE,172.0,,0.102564104
2017,11,00-0032977,R.Higgins,WR,CLE,JAX,0,0,0.0,0,0.0,0.0,0.0,0,0.0,0,2,0,0.0,0,0.0,0.0,,,73.0,198.0,23.0800625,1.0,Colorado State,2016.0,2016.0,CLE,172.0,-12.0,0.06451613
2017,12,00-0032977,R.Higgins,WR,CLE,CIN,0,0,0.0,0,0.0,0.0,0.0,0,0.0,0,3,2,30.0,0,3.0,5.0,,,73.0,198.0,23.0800625,1.0,Colorado State,2016.0,2016.0,CLE,172.0,,0.1
2017,14,00-0032977,R.Higgins,WR,CLE,GB,0,0,0.0,0,0.0,0.0,0.0,0,0.0,0,1,0,0.0,0,0.0,0.0,,,73.0,198.0,23.0800625,1.0,Colorado State,2016.0,2016.0,CLE,172.0,-6.0,0.035714287
2017,15,00-0032977,R.Higgins,WR,CLE,BAL,0,0,0.0,0,0.0,0.0,0.0,0,0.0,0,2,2,10.0,0,1.0,3.0,,,73.0,198.0,23.0800625,1.0,Colorado State,2016.0,2016.0,CLE,172.0,-17.0,0.054054055
2017,16,00-0032977,R.Higgins,WR,CLE,CHI,0,0,0.0,0,0.0,0.0,0.0,0,0.0,0,3,2,20.0,0,0.0,2.0,,,73.0,198.0,23.0800625,1.0,Colorado State,2016.0,2016.0,CLE,172.0,,0.083333336
2017,17,00-0032977,R.Higgins,WR,CLE,PIT,0,0,0.0,0,0.0,0.0,0.0,0,0.0,0,4,3,68.0,2,18.8,21.8,,,73.0,198.0,23.0800625,1.0,Colorado State,2016.0,2016.0,CLE,172.0,,0.13333334
2017,4,00-0032980,M.Johnson,WR,PHI,LAC,0,0,0.0,0,0.0,0.0,0.0,0,0.0,0,1,0,0.0,0,0.0,0.0,,,73.0,204.0,23.285526315789475,1.0,Texas,2016.0,2016.0,,,,0.033333335
2017,5,00-0032980,M.Johnson,WR,PHI,ARI,0,0,0.0,0,0.0,0.0,0.0,0,0.0,0,1,1,6.0,0,0.6,1.6,,,73.0,204.0,23.285526315789475,1.0,Texas,2016.0,2016.0,,,27.0,0.033333335
2017,6,00-0032980,M.Johnson,WR,PHI,CAR,0,0,0.0,0,0.0,0.0,0.0,0,0.0,0,1,1,16.0,0,1.6,2.6,,,73.0,204.0,23.285526315789475,1.0,Texas,2016.0,2016.0,,,,0.033333335
2017,7,00-0032980,M.Johnson,WR,PHI,WAS,0,0,0.0,0,0.0,0.0,0.0,0,0.0,0,1,0,0.0,0,0.0,0.0,,,73.0,204.0,23.285526315789475,1.0,Texas,2016.0,2016.0,,,10.0,0.04
2017,9,00-0032980,M.Johnson,WR,PHI,DEN,0,0,0.0,0,0.0,0.0,0.0,0,0.0,0,1,0,0.0,0,0.0,0.0,,,73.0,204.0,23.285526315789475,1.0,Texas,2016.0,2016.0,,,28.0,0.035714287
2017,17,00-0032980,M.Johnson,WR,PHI,DAL,0,0,0.0,0,0.0,0.0,0.0,0,0.0,0,3,3,23.0,0,0.3,3.3,,,73.0,204.0,23.285526315789475,1.0,Texas,2016.0,2016.0,,,-6.0,0.09090909
2017,9,00-0033006,J.Mickens,WR,JAX,JAX,0,0,0.0,0,0.0,0.0,0.0,0,0.0,0,0,0,0.0,0,6.0,6.0,,,70.0,174.0,23.574,1.0,Washington,2016.0,2016.0,,,16.0,
2017,10,00-0033006,J.Mickens,WR,JAX,LAC,0,0,0.0,0,0.0,0.0,0.0,0,0.0,0,2,1,11.0,0,1.1,2.1,,,70.0,174.0,23.574,1.0,Washington,2016.0,2016.0,,,3.0,0.039215688
2017,15,00-0033006,J.Mickens,WR,JAX,HOU,0,0,0.0,0,0.0,0.0,0.0,0,0.0,0,5,4,61.0,2,18.1,22.1,,,70.0,174.0,23.574,1.0,Washington,2016.0,2016.0,,,38.0,0.1923077
2017,16,00-0033006,J.Mickens,WR,JAX,SF,0,0,0.0,0,0.0,0.0,0.0,0,0.0,0,4,1,5.0,0,0.5,1.5,,,70.0,174.0,23.574,1.0,Washington,2016.0,2016.0,,,,0.08
2017,1,00-0033009,T.Boyd,WR,CIN,BAL,0,0,0.0,0,0.0,0.0,0.0,0,0.0,0,4,1,11.0,0,1.1,2.1,,,74.0,190.0,22.9765,1.0,Pittsburgh,2016.0,2016.0,CIN,55.0,-20.0,0.13793103
2017,3,00-0033009,T.Boyd,WR,CIN,GB,0,0,0.0,0,0.0,0.0,0.0,0,0.0,0,1,1,11.0,0,1.1,2.1,,,74.0,190.0,22.9765,1.0,Pittsburgh,2016.0,2016.0,CIN,55.0,,0.03846154
2017,4,00-0033009,T.Boyd,WR,CIN,CLE,0,0,0.0,0,0.0,0.0,0.0,0,0.0,0,2,2,15.0,0,1.5,3.5,,,74.0,190.0,22.9765,1.0,Pittsburgh,2016.0,2016.0,CIN,55.0,,0.06666667
2017,5,00-0033009,T.Boyd,WR,CIN,BUF,0,0,0.0,0,0.0,0.0,0.0,0,0.0,0,2,2,6.0,0,0.6,2.6,,,74.0,190.0,22.9765,1.0,Pittsburgh,2016.0,2016.0,CIN,55.0,4.0,0.05882353
2017,11,00-0033009,T.Boyd,WR,CIN,DEN,0,0,0.0,0,0.0,0.0,0.0,0,0.0,0,1,1,5.0,0,0.5,1.5,,,74.0,190.0,22.9765,1.0,Pittsburgh,2016.0,2016.0,CIN,55.0,,0.041666668
2017,12,00-0033009,T.Boyd,WR,CIN,CLE,0,0,0.0,0,0.0,0.0,0.0,0,0.0,0,2,2,17.0,1,7.7,9.7,,,74.0,190.0,22.9765,1.0,Pittsburgh,2016.0,2016.0,CIN,55.0,14.0,0.07692308
2017,13,00-0033009,T.Boyd,WR,CIN,PIT,0,0,0.0,0,0.0,0.0,0.0,0,0.0,0,3,2,15.0,0,1.5,3.5,,,74.0,190.0,22.9765,1.0,Pittsburgh,2016.0,2016.0,CIN,55.0,-3.0,0.08571429
2017,14,00-0033009,T.Boyd,WR,CIN,CHI,0,0,0.0,0,0.0,0.0,0.0,0,0.0,0,4,1,15.0,0,1.5,2.5,,,74.0,190.0,22.9765,1.0,Pittsburgh,2016.0,2016.0,CIN,55.0,-26.0,0.11111111
2017,16,00-0033009,T.Boyd,WR,CIN,DET,0,0,0.0,0,0.0,0.0,0.0,0,0.0,0,6,5,39.0,0,3.9,8.9,,,74.0,190.0,22.9765,1.0,Pittsburgh,2016.0,2016.0,CIN,55.0,9.0,0.15
2017,17,00-0033009,T.Boyd,WR,CIN,BAL,0,0,0.0,0,0.0,0.0,0.0,0,0.0,0,7,5,91.0,1,15.1,20.1,,,74.0,190.0,22.9765,1.0,Pittsburgh,2016.0,2016.0,CIN,55.0,,0.17073171
2017,1,00-0033025,J.Richard,RB,LV,TEN,0,0,0.0,0,0.0,0.0,0.0,5,22.0,0,1,1,6.0,0,2.8,3.8,,,68.0,207.0,24.055875,1.0,Southern Mississippi,2016.0,2016.0,,,,0.03125
2017,2,00-0033025,J.Richard,RB,LV,NYJ,0,0,0.0,0,0.0,0.0,0.0,6,58.0,1,2,2,51.0,0,16.9,18.9,,,68.0,207.0,24.055875,1.0,Southern Mississippi,2016.0,2016.0,,,,0.071428575
2017,3,00-0033025,J.Richard,RB,LV,WAS,0,0,0.0,0,0.0,0.0,0.0,2,4.0,0,1,1,4.0,0,0.8,1.8,,,68.0,207.0,24.055875,1.0,Southern Mississippi,2016.0,2016.0,,,,0.033333335
2017,4,00-0033025,J.Richard,RB,LV,DEN,0,0,0.0,0,0.0,0.0,0.0,2,7.0,0,1,1,20.0,0,2.7,3.7,,,68.0,207.0,24.055875,1.0,Southern Mississippi,2016.0,2016.0,,,,0.028571429
2017,5,00-0033025,J.Richard,RB,LV,BAL,0,0,0.0,0,0.0,0.0,0.0,9,37.0,0,2,0,0.0,0,3.7,3.7,,,68.0,207.0,24.055875,1.0,Southern Mississippi,2016.0,2016.0,,,,0.08
2017,6,00-0033025,J.Richard,RB,LV,LAC,0,0,0.0,0,0.0,0.0,0.0,2,-1.0,0,4,3,27.0,0,2.6,5.6,,,68.0,207.0,24.055875,1.0,Southern Mississippi,2016.0,2016.0,,,,0.13333334
2017,7,00-0033025,J.Richard,RB,LV,KC,0,0,0.0,0,0.0,0.0,0.0,9,31.0,0,4,4,45.0,0,7.6,11.6,,,68.0,207.0,24.055875,1.0,Southern Mississippi,2016.0,2016.0,,,,0.07692308
2017,8,00-0033025,J.Richard,RB,LV,BUF,0,0,0.0,0,0.0,0.0,0.0,5,21.0,0,7,5,35.0,0,5.6,10.6,,,68.0,207.0,24.055875,1.0,Southern Mississippi,2016.0,2016.0,,,,0.14285715
2017,9,00-0033025,J.Richard,RB,LV,MIA,0,0,0.0,0,0.0,0.0,0.0,5,14.0,0,1,0,0.0,0,1.4,1.4,,,68.0,207.0,24.055875,1.0,Southern Mississippi,2016.0,2016.0,,,,0.03448276
2017,11,00-0033025,J.Richard,RB,LV,NE,0,0,0.0,0,0.0,0.0,0.0,4,19.0,0,3,2,9.0,0,2.8,4.8,,,68.0,207.0,24.055875,1.0,Southern Mississippi,2016.0,2016.0,,,,0.06122449
2017,12,00-0033025,J.Richard,RB,LV,DEN,0,0,0.0,0,0.0,0.0,0.0,2,17.0,0,2,2,13.0,1,9.0,11.0,,,68.0,207.0,24.055875,1.0,Southern Mississippi,2016.0,2016.0,,,,0.083333336
2017,13,00-0033025,J.Richard,RB,LV,NYG,0,0,0.0,0,0.0,0.0,0.0,1,4.0,0,3,1,5.0,0,0.9,1.9,,,68.0,207.0,24.055875,1.0,Southern Mississippi,2016.0,2016.0,,,,0.08571429
2017,15,00-0033025,J.Richard,RB,LV,DAL,0,0,0.0,0,0.0,0.0,0.0,0,0.0,0,2,2,21.0,0,2.1,4.1,,,68.0,207.0,24.055875,1.0,Southern Mississippi,2016.0,2016.0,,,,0.05263158
2017,16,00-0033025,J.Richard,RB,LV,PHI,0,0,0.0,0,0.0,0.0,0.0,4,42.0,0,2,2,14.0,0,1.6,3.6,,,68.0,207.0,24.055875,1.0,Southern Mississippi,2016.0,2016.0,,,,0.071428575
2017,17,00-0033025,J.Richard,RB,LV,LAC,0,0,0.0,0,0.0,0.0,0.0,0,0.0,0,1,1,6.0,0,0.6,1.6,,,68.0,207.0,24.055875,1.0,Southern Mississippi,2016.0,2016.0,,,,0.037037037
2017,1,00-0033040,T.Hill,WR,KC,NE,0,0,0.0,0,0.0,0.0,0.0,2,5.0,0,8,7,133.0,1,19.8,26.8,,,70.0,185.0,23.690470588235293,1.0,West Alabama,2016.0,2016.0,KC,165.0,,0.23529412
2017,2,00-0033040,T.Hill,WR,KC,PHI,0,0,0.0,0,0.0,0.0,0.0,1,6.0,0,6,4,43.0,0,4.9,8.9,,,70.0,185.0,23.690470588235293,1.0,West Alabama,2016.0,2016.0,KC,165.0,7.0,0.22222222
2017,3,00-0033040,T.Hill,WR,KC,LAC,0,0,0.0,0,0.0,0.0,0.0,3,13.0,0,8,5,77.0,1,15.0,20.0,,,70.0,185.0,23.690470588235293,1.0,West Alabama,2016.0,2016.0,KC,165.0,,0.3809524
2017,4,00-0033040,T.Hill,WR,KC,WAS,0,0,0.0,0,0.0,0.0,0.0,0,0.0,0,6,5,35.0,0,3.5,8.5,,,70.0,185.0,23.690470588235293,1.0,West Alabama,2016.0,2016.0,KC,165.0,9.0,0.17142858
2017,5,00-0033040,T.Hill,WR,KC,HOU,0,0,0.0,0,0.0,0.0,0.0,0,0.0,0,6,4,68.0,0,12.8,16.8,,,70.0,185.0,23.690470588235293,1.0,West Alabama,2016.0,2016.0,KC,165.0,,0.16216215
2017,6,00-0033040,T.Hill,WR,KC,PIT,0,0,0.0,0,0.0,0.0,0.0,1,-9.0,0,7,5,34.0,0,2.5,7.5,,,70.0,185.0,23.690470588235293,1.0,West Alabama,2016.0,2016.0,KC,165.0,-6.0,0.21875
2017,7,00-0033040,T.Hill,WR,KC,LV,0,0,0.0,0,0.0,0.0,0.0,2,7.0,0,8,6,125.0,1,19.2,25.2,,,70.0,185.0,23.690470588235293,1.0,West Alabama,2016.0,2016.0,KC,165.0,,0.22222222
2017,8,00-0033040,T.Hill,WR,KC,DEN,0,1,0.0,0,1.0,0.0,-0.0,0,0.0,0,6,2,38.0,0,1.8,3.8,,,70.0,185.0,23.690470588235293,1.0,West Alabama,2016.0,2016.0,KC,165.0,10.0,0.20689656
2017,9,00-0033040,T.Hill,WR,KC,DAL,0,0,0.0,0,0.0,0.0,0.0,4,9.0,0,4,2,64.0,1,13.3,15.3,,,70.0,185.0,23.690470588235293,1.0,West Alabama,2016.0,2016.0,KC,165.0,,0.121212125
2017,11,00-0033040,T.Hill,WR,KC,NYG,0,0,0.0,0,0.0,0.0,0.0,1,16.0,0,7,7,68.0,0,8.4,15.4,,,70.0,185.0,23.690470588235293,1.0,West Alabama,2016.0,2016.0,KC,165.0,,0.17948718
2017,12,00-0033040,T.Hill,WR,KC,BUF,0,0,0.0,0,0.0,0.0,0.0,2,13.0,0,11,7,41.0,0,5.4,12.4,,,70.0,185.0,23.690470588235293,1.0,West Alabama,2016.0,2016.0,KC,165.0,-6.0,0.31428573
2017,13,00-0033040,T.Hill,WR,KC,NYJ,0,0,0.0,0,0.0,0.0,0.0,0,0.0,0,9,6,185.0,2,30.5,36.5,,,70.0,185.0,23.690470588235293,1.0,West Alabama,2016.0,2016.0,KC,165.0,,0.28125
2017,14,00-0033040,T.Hill,WR,KC,LV,0,0,0.0,0,0.0,0.0,0.0,0,0.0,0,6,4,75.0,0,7.5,11.5,,,70.0,185.0,23.690470588235293,1.0,West Alabama,2016.0,2016.0,KC,165.0,11.0,0.1764706
2017,15,00-0033040,T.Hill,WR,KC,LAC,0,0,0.0,0,0.0,0.0,0.0,0,0.0,0,6,5,88.0,1,14.8,19.8,,,70.0,185.0,23.690470588235293,1.0,West Alabama,2016.0,2016.0,KC,165.0,17.0,0.2
2017,16,00-0033040,T.Hill,WR,KC,MIA,0,0,0.0,0,0.0,0.0,0.0,1,-1.0,0,7,6,109.0,0,10.8,16.8,,,70.0,185.0,23.690470588235293,1.0,West Alabama,2016.0,2016.0,KC,165.0,16.0,0.17948718
2017,18,00-0033040,T.Hill,WR,KC,TEN,0,0,0.0,0,0.0,0.0,0.0,1,14.0,0,11,7,87.0,0,10.1,17.1,,,70.0,185.0,23.690470588235293,1.0,West Alabama,2016.0,2016.0,KC,165.0,-1.0,0.34375
2017,11,00-0033043,A.Traylor,TE,DEN,CIN,0,0,0.0,0,0.0,0.0,0.0,0,0.0,0,5,4,36.0,0,3.6,7.6,,,75.0,255.0,24.177062499999998,1.0,Wisconsin,2016.0,2016.0,,,-3.0,0.125
2017,12,00-0033043,A.Traylor,TE,DEN,LV,0,0,0.0,0,0.0,0.0,0.0,0,0.0,0,4,1,34.0,0,3.4,4.4,,,75.0,255.0,24.177062499999998,1.0,Wisconsin,2016.0,2016.0,,,,0.11764706
2017,13,00-0033043,A.Traylor,TE,DEN,MIA,0,0,0.0,0,0.0,0.0,0.0,0,0.0,0,2,2,16.0,0,1.6,3.6,,,75.0,255.0,24.177062499999998,1.0,Wisconsin,2016.0,2016.0,,,,0.05
2017,16,00-0033043,A.Traylor,TE,DEN,WAS,0,0,0.0,0,0.0,0.0,0.0,0,0.0,0,2,1,14.0,0,1.4,2.4,,,75.0,255.0,24.177062499999998,1.0,Wisconsin,2016.0,2016.0,,,,0.054054055
2017,1,00-0033045,E.Elliott,RB,DAL,NYG,0,0,0.0,0,0.0,0.0,0.0,24,104.0,0,5,5,36.0,0,14.0,19.0,,,72.0,225.0,22.2943125,1.0,Ohio State,2016.0,2016.0,DAL,4.0,16.0,0.13157895
2017,2,00-0033045,E.Elliott,RB,DAL,DEN,0,0,0.0,0,0.0,0.0,0.0,9,8.0,0,5,4,14.0,0,2.2,6.2,,,72.0,225.0,22.2943125,1.0,Ohio State,2016.0,2016.0,DAL,4.0,,0.10204082
2017,3,00-0033045,E.Elliott,RB,DAL,ARI,0,0,0.0,0,0.0,0.0,0.0,22,80.0,1,4,3,14.0,0,15.4,18.4,,,72.0,225.0,22.2943125,1.0,Ohio State,2016.0,2016.0,DAL,4.0,,0.22222222
2017,4,00-0033045,E.Elliott,RB,DAL,LA,0,0,0.0,0,0.0,0.0,0.0,21,85.0,1,5,4,54.0,1,25.9,29.9,,,72.0,225.0,22.2943125,1.0,Ohio State,2016.0,2016.0,DAL,4.0,-5.0,0.14285715
2017,5,00-0033045,E.Elliott,RB,DAL,GB,0,0,0.0,0,0.0,0.0,0.0,29,116.0,0,2,1,16.0,0,13.2,14.2,,,72.0,225.0,22.2943125,1.0,Ohio State,2016.0,2016.0,DAL,4.0,-4.0,0.055555556
2017,7,00-0033045,E.Elliott,RB,DAL,SF,0,0,0.0,0,0.0,0.0,0.0,26,147.0,2,3,1,72.0,1,39.9,40.9,,,72.0,225.0,22.2943125,1.0,Ohio State,2016.0,2016.0,DAL,4.0,,0.11111111
2017,8,00-0033045,E.Elliott,RB,DAL,WAS,0,0,0.0,0,0.0,0.0,0.0,33,150.0,2,2,1,4.0,0,25.4,26.4,,,72.0,225.0,22.2943125,1.0,Ohio State,2016.0,2016.0,DAL,4.0,,0.09090909
2017,9,00-0033045,E.Elliott,RB,DAL,KC,0,0,0.0,0,0.0,0.0,0.0,27,93.0,1,0,0,0.0,0,15.3,15.3,,,72.0,225.0,22.2943125,1.0,Ohio State,2016.0,2016.0,DAL,4.0,11.0,
2017,16,00-0033045,E.Elliott,RB,DAL,SEA,0,0,0.0,0,0.0,0.0,0.0,24,97.0,0,7,4,21.0,0,11.8,15.8,,,72.0,225.0,22.2943125,1.0,Ohio State,2016.0,2016.0,DAL,4.0,-9.0,0.20588236
2017,17,00-0033045,E.Elliott,RB,DAL,PHI,0,0,0.0,0,0.0,0.0,0.0,27,103.0,0,5,3,38.0,0,14.1,17.1,,,72.0,225.0,22.2943125,1.0,Ohio State,2016.0,2016.0,DAL,4.0,,0.16666667
2017,3,00-0033060,L.Carroo,WR,MIA,NYJ,0,0,0.0,0,0.0,0.0,0.0,0,0.0,0,2,0,0.0,0,0.0,0.0,,,73.0,215.0,23.790375,1.0,Rutgers,2016.0,2016.0,MIA,86.0,,0.044444446
2017,6,00-0033060,L.Carroo,WR,MIA,ATL,0,0,0.0,0,0.0,0.0,0.0,0,0.0,0,3,0,0.0,0,0.0,0.0,,,73.0,215.0,23.790375,1.0,Rutgers,2016.0,2016.0,MIA,86.0,,0.09090909
2017,7,00-0033060,L.Carroo,WR,MIA,NYJ,0,0,0.0,0,0.0,0.0,0.0,0,0.0,0,1,1,21.0,0,2.1,3.1,,,73.0,215.0,23.790375,1.0,Rutgers,2016.0,2016.0,MIA,86.0,3.0,0.027777778
2017,8,00-0033060,L.Carroo,WR,MIA,BAL,0,0,0.0,0,0.0,0.0,0.0,0,0.0,0,8,6,48.0,0,4.8,10.8,,,73.0,215.0,23.790375,1.0,Rutgers,2016.0,2016.0,MIA,86.0,,0.18181819
2017,1,00-0033069,B.Miller,WR,HOU,JAX,0,0,0.0,0,0.0,0.0,0.0,0,0.0,0,1,0,0.0,0,0.0,0.0,,,74.0,205.0,24.9331875,1.0,Ohio State,2016.0,2016.0,HOU,85.0,-22.0,0.027777778
2017,2,00-0033069,B.Miller,WR,HOU,CIN,0,0,0.0,0,0.0,0.0,0.0,0,0.0,0,3,2,10.0,0,1.0,3.0,,,74.0,205.0,24.9331875,1.0,Ohio State,2016.0,2016.0,HOU,85.0,,0.125
2017,3,00-0033069,B.Miller,WR,HOU,NE,0,0,0.0,0,0.0,0.0,0.0,0,0.0,0,4,1,15.0,0,1.5,2.5,,,74.0,205.0,24.9331875,1.0,Ohio State,2016.0,2016.0,HOU,85.0,,0.121212125
2017,6,00-0033069,B.Miller,WR,HOU,CLE,0,0,0.0,0,0.0,0.0,0.0,0,0.0,0,2,2,-5.0,1,5.5,7.5,,,74.0,205.0,24.9331875,1.0,Ohio State,2016.0,2016.0,HOU,85.0,16.0,0.06896552
2017,10,00-0033069,B.Miller,WR,HOU,LA,0,0,0.0,0,0.0,0.0,0.0,1,1.0,0,0,0,0.0,0,0.1,0.1,,,74.0,205.0,24.9331875,1.0,Ohio State,2016.0,2016.0,HOU,85.0,,
2017,11,00-0033069,B.Miller,WR,HOU,ARI,0,0,0.0,0,0.0,0.0,0.0,0,0.0,0,3,2,14.0,0,1.4,3.4,,,74.0,205.0,24.9331875,1.0,Ohio State,2016.0,2016.0,HOU,85.0,10.0,0.09375
2017,12,00-0033069,B.Miller,WR,HOU,BAL,0,0,0.0,0,0.0,0.0,0.0,0,0.0,0,6,5,43.0,0,4.3,9.3,,,74.0,205.0,24.9331875,1.0,Ohio State,2016.0,2016.0,HOU,85.0,,0.16216215
2017,13,00-0033069,B.Miller,WR,HOU,TEN,0,0,0.0,0,0.0,0.0,0.0,0,0.0,0,4,4,71.0,0,7.1,11.1,,,74.0,205.0,24.9331875,1.0,Ohio State,2016.0,2016.0,HOU,85.0,,0.083333336
2017,16,00-0033069,B.Miller,WR,HOU,PIT,0,0,0.0,0,0.0,0.0,0.0,0,0.0,0,2,1,5.0,0,0.5,1.5,,,74.0,205.0,24.9331875,1.0,Ohio State,2016.0,2016.0,HOU,85.0,-28.0,0.125
2017,17,00-0033069,B.Miller,WR,HOU,IND,0,0,0.0,0,0.0,0.0,0.0,0,0.0,0,4,2,9.0,0,0.9,2.9,,,74.0,205.0,24.9331875,1.0,Ohio State,2016.0,2016.0,HOU,85.0,,0.17391305
2017,1,00-0033077,D.Prescott,QB,DAL,NYG,24,39,268.0,1,0.0,1.0,5.0,3,24.0,0,0,0,0.0,0,17.12,17.12,,,74.0,238.0,24.2736875,1.0,Mississippi State,2016.0,2016.0,DAL,135.0,16.0,
2017,2,00-0033077,D.Prescott,QB,DAL,DEN,30,50,238.0,2,2.0,2.0,10.0,3,24.0,0,0,0,0.0,0,15.92,15.92,,,74.0,238.0,24.2736875,1.0,Mississippi State,2016.0,2016.0,DAL,135.0,,
2017,3,00-0033077,D.Prescott,QB,DAL,ARI,13,18,183.0,2,0.0,1.0,9.0,3,16.0,1,0,0,0.0,0,22.92,22.92,,,74.0,238.0,24.2736875,1.0,Mississippi State,2016.0,2016.0,DAL,135.0,,
2017,4,00-0033077,D.Prescott,QB,DAL,LA,20,36,252.0,3,1.0,2.0,1.0,3,25.0,0,0,0,0.0,0,22.58,22.58,,,74.0,238.0,24.2736875,1.0,Mississippi State,2016.0,2016.0,DAL,135.0,-5.0,
2017,5,00-0033077,D.Prescott,QB,DAL,GB,25,36,251.0,3,1.0,1.0,6.0,4,37.0,1,0,0,0.0,0,29.74,29.74,,,74.0,238.0,24.2736875,1.0,Mississippi State,2016.0,2016.0,DAL,135.0,-4.0,
2017,7,00-0033077,D.Prescott,QB,DAL,SF,16,25,234.0,3,0.0,0.0,-0.0,4,26.0,1,0,0,0.0,0,29.96,29.96,,,74.0,238.0,24.2736875,1.0,Mississippi State,2016.0,2016.0,DAL,135.0,,
2017,8,00-0033077,D.Prescott,QB,DAL,WAS,14,22,143.0,0,0.0,2.0,5.0,3,16.0,0,0,0,0.0,0,7.32,7.32,,,74.0,238.0,24.2736875,1.0,Mississippi State,2016.0,2016.0,DAL,135.0,,
2017,9,00-0033077,D.Prescott,QB,DAL,KC,21,33,249.0,2,0.0,1.0,5.0,3,27.0,1,0,0,0.0,0,26.66,26.66,,,74.0,238.0,24.2736875,1.0,Mississippi State,2016.0,2016.0,DAL,135.0,11.0,
2017,10,00-0033077,D.Prescott,QB,DAL,ATL,20,30,176.0,0,0.0,8.0,50.0,6,42.0,1,0,0,0.0,0,13.24,13.24,,,74.0,238.0,24.2736875,1.0,Mississippi State,2016.0,2016.0,DAL,135.0,,
2017,11,00-0033077,D.Prescott,QB,DAL,PHI,18,31,145.0,0,3.0,4.0,32.0,2,10.0,0,0,0,0.0,0,-1.2,-1.2,,,74.0,238.0,24.2736875,1.0,Mississippi State,2016.0,2016.0,DAL,135.0,-28.0,
2017,12,00-0033077,D.Prescott,QB,DAL,LAC,20,27,179.0,0,2.0,2.0,11.0,0,0.0,0,0,0,0.0,0,3.16,3.16,,,74.0,238.0,24.2736875,1.0,Mississippi State,2016.0,2016.0,DAL,135.0,-22.0,
2017,13,00-0033077,D.Prescott,QB,DAL,WAS,11,22,102.0,2,0.0,1.0,9.0,5,28.0,0,0,0,0.0,0,14.88,14.88,,,74.0,238.0,24.2736875,1.0,Mississippi State,2016.0,2016.0,DAL,135.0,24.0,
2017,14,00-0033077,D.Prescott,QB,DAL,NYG,20,30,332.0,3,0.0,0.0,-0.0,6,13.0,0,0,0,0.0,0,26.58,26.58,,,74.0,238.0,24.2736875,1.0,Mississippi State,2016.0,2016.0,DAL,135.0,,
2017,15,00-0033077,D.Prescott,QB,DAL,LV,18,27,212.0,0,2.0,2.0,8.0,6,32.0,1,0,0,0.0,0,13.68,13.68,,,74.0,238.0,24.2736875,1.0,Mississippi State,2016.0,2016.0,DAL,135.0,,
2017,16,00-0033077,D.Prescott,QB,DAL,SEA,21,34,181.0,0,2.0,4.0,27.0,4,21.0,0,0,0,0.0,0,5.34,5.34,,,74.0,238.0,24.2736875,1.0,Mississippi State,2016.0,2016.0,DAL,135.0,-9.0,
2017,17,00-0033077,D.Prescott,QB,DAL,PHI,17,30,179.0,1,0.0,1.0,7.0,2,16.0,0,0,0,0.0,0,12.76,12.76,,,74.0,238.0,24.2736875,1.0,Mississippi State,2016.0,2016.0,DAL,135.0,,
2017,1,00-0033079,R.Louis,WR,CLE,PIT,0,0,0.0,0,0.0,0.0,0.0,0,0.0,0,3,2,32.0,0,3.2,5.2,,,74.0,215.0,23.6221875,1.0,Auburn,2016.0,2016.0,CLE,114.0,-3.0,0.1
2017,2,00-0033079,R.Louis,WR,CLE,BAL,0,0,0.0,0,0.0,0.0,0.0,0,0.0,0,2,2,27.0,0,2.7,4.7,,,74.0,215.0,23.6221875,1.0,Auburn,2016.0,2016.0,CLE,114.0,,0.04761905
2017,3,00-0033079,R.Louis,WR,CLE,IND,0,0,0.0,0,0.0,0.0,0.0,0,0.0,0,6,1,10.0,0,1.0,2.0,,,74.0,215.0,23.6221875,1.0,Auburn,2016.0,2016.0,CLE,114.0,,0.13043478
2017,4,00-0033079,R.Louis,WR,CLE,CIN,0,0,0.0,0,0.0,0.0,0.0,0,0.0,0,9,5,64.0,0,6.4,11.4,,,74.0,215.0,23.6221875,1.0,Auburn,2016.0,2016.0,CLE,114.0,-24.0,0.2195122
2017,5,00-0033079,R.Louis,WR,CLE,NYJ,0,0,0.0,0,0.0,0.0,0.0,0,0.0,0,8,5,71.0,0,7.1,12.1,,,74.0,215.0,23.6221875,1.0,Auburn,2016.0,2016.0,CLE,114.0,-3.0,0.22222222
2017,6,00-0033079,R.Louis,WR,CLE,HOU,0,0,0.0,0,0.0,0.0,0.0,0,0.0,0,7,3,25.0,0,2.5,5.5,,,74.0,215.0,23.6221875,1.0,Auburn,2016.0,2016.0,CLE,114.0,,0.19444445
2017,7,00-0033079,R.Louis,WR,CLE,TEN,0,0,0.0,0,0.0,0.0,0.0,0,0.0,0,4,3,21.0,0,2.1,5.1,,,74.0,215.0,23.6221875,1.0,Auburn,2016.0,2016.0,CLE,114.0,-3.0,0.10526316
2017,8,00-0033079,R.Louis,WR,CLE,MIN,0,0,0.0,0,0.0,0.0,0.0,0,0.0,0,6,2,42.0,0,4.2,6.2,,,74.0,215.0,23.6221875,1.0,Auburn,2016.0,2016.0,CLE,114.0,-17.0,0.1764706
2017,10,00-0033079,R.Louis,WR,CLE,DET,0,0,0.0,0,0.0,0.0,0.0,0,0.0,0,6,2,15.0,0,1.5,3.5,,,74.0,215.0,23.6221875,1.0,Auburn,2016.0,2016.0,CLE,114.0,,0.15384616
2017,11,00-0033079,R.Louis,WR,CLE,JAX,0,0,0.0,0,0.0,0.0,0.0,0,0.0,0,4,1,15.0,0,1.5,2.5,,,74.0,215.0,23.6221875,1.0,Auburn,2016.0,2016.0,CLE,114.0,-12.0,0.12903225
2017,12,00-0033079,R.Louis,WR,CLE,CIN,0,0,0.0,0,0.0,0.0,0.0,0,0.0,0,2,0,0.0,0,0.0,0.0,,,74.0,215.0,23.6221875,1.0,Auburn,2016.0,2016.0,CLE,114.0,,0.06666667
2017,15,00-0033079,R.Louis,WR,CLE,BAL,0,0,0.0,0,0.0,0.0,0.0,0,0.0,0,1,0,0.0,0,0.0,0.0,,,74.0,215.0,23.6221875,1.0,Auburn,2016.0,2016.0,CLE,114.0,-17.0,0.027027028
2017,16,00-0033079,R.Louis,WR,CLE,CHI,0,0,0.0,0,0.0,0.0,0.0,0,0.0,0,1,1,35.0,0,3.5,4.5,,,74.0,215.0,23.6221875,1.0,Auburn,2016.0,2016.0,CLE,114.0,,0.027777778
2017,17,00-0033079,R.Louis,WR,CLE,PIT,0,0,0.0,0,0.0,0.0,0.0,0,0.0,0,2,0,0.0,0,0.0,0.0,,,74.0,215.0,23.6221875,1.0,Auburn,2016.0,2016.0,CLE,114.0,,0.06666667
2017,1,00-0033080,S.DeValve,TE,CLE,PIT,0,0,0.0,0,0.0,0.0,0.0,0,0.0,0,5,4,42.0,0,4.2,8.2,,,75.0,245.0,24.7665625,1.0,Princeton,2016.0,2016.0,CLE,138.0,-3.0,0.16666667
2017,2,00-0033080,S.DeValve,TE,CLE,BAL,0,0,0.0,0,0.0,0.0,0.0,0,0.0,0,4,2,61.0,0,6.1,8.1,,,75.0,245.0,24.7665625,1.0,Princeton,2016.0,2016.0,CLE,138.0,,0.0952381
2017,3,00-0033080,S.DeValve,TE,CLE,IND,0,0,0.0,0,0.0,0.0,0.0,0,0.0,0,5,2,29.0,0,2.9,4.9,,,75.0,245.0,24.7665625,1.0,Princeton,2016.0,2016.0,CLE,138.0,,0.10869565
2017,4,00-0033080,S.DeValve,TE,CLE,CIN,0,0,0.0,0,0.0,0.0,0.0,0,0.0,0,4,1,2.0,0,0.2,1.2,,,75.0,245.0,24.7665625,1.0,Princeton,2016.0,2016.0,CLE,138.0,-24.0,0.09756097
2017,5,00-0033080,S.DeValve,TE,CLE,NYJ,0,0,0.0,0,0.0,0.0,0.0,0,0.0,0,4,3,24.0,0,2.4,5.4,,,75.0,245.0,24.7665625,1.0,Princeton,2016.0,2016.0,CLE,138.0,-3.0,0.11111111
2017,6,00-0033080,S.DeValve,TE,CLE,HOU,0,0,0.0,0,0.0,0.0,0.0,0,0.0,0,3,2,9.0,1,6.9,8.9,,,75.0,245.0,24.7665625,1.0,Princeton,2016.0,2016.0,CLE,138.0,,0.083333336
2017,7,00-0033080,S.DeValve,TE,CLE,TEN,0,0,0.0,0,0.0,0.0,0.0,0,0.0,0,4,2,27.0,0,2.7,4.7,,,75.0,245.0,24.7665625,1.0,Princeton,2016.0,2016.0,CLE,138.0,-3.0,0.10526316
2017,8,00-0033080,S.DeValve,TE,CLE,MIN,0,0,0.0,0,0.0,0.0,0.0,0,0.0,0,3,1,0.0,0,0.0,1.0,,,75.0,245.0,24.7665625,1.0,Princeton,2016.0,2016.0,CLE,138.0,-17.0,0.0882353
2017,10,00-0033080,S.DeValve,TE,CLE,DET,0,0,0.0,0,0.0,0.0,0.0,0,0.0,0,6,4,70.0,0,5.0,9.0,,,75.0,245.0,24.7665625,1.0,Princeton,2016.0,2016.0,CLE,138.0,,0.15384616
2017,11,00-0033080,S.DeValve,TE,CLE,JAX,0,0,0.0,0,0.0,0.0,0.0,0,0.0,0,3,1,5.0,0,0.5,1.5,,,75.0,245.0,24.7665625,1.0,Princeton,2016.0,2016.0,CLE,138.0,-12.0,0.09677419
2017,12,00-0033080,S.DeValve,TE,CLE,CIN,0,0,0.0,0,0.0,0.0,0.0,0,0.0,0,2,2,33.0,0,3.3,5.3,,,75.0,245.0,24.7665625,1.0,Princeton,2016.0,2016.0,CLE,138.0,,0.06666667
2017,13,00-0033080,S.DeValve,TE,CLE,LAC,0,0,0.0,0,0.0,0.0,0.0,0,0.0,0,3,2,33.0,0,3.3,5.3,,,75.0,245.0,24.7665625,1.0,Princeton,2016.0,2016.0,CLE,138.0,,0.09375
2017,14,00-0033080,S.DeValve,TE,CLE,GB,0,0,0.0,0,0.0,0.0,0.0,0,0.0,0,3,2,16.0,0,1.6,3.6,,,75.0,245.0,24.7665625,1.0,Princeton,2016.0,2016.0,CLE,138.0,-6.0,0.10714286
2017,15,00-0033080,S.DeValve,TE,CLE,BAL,0,0,0.0,0,0.0,0.0,0.0,0,0.0,0,4,2,32.0,0,3.2,5.2,,,75.0,245.0,24.7665625,1.0,Princeton,2016.0,2016.0,CLE,138.0,-17.0,0.10810811
2017,16,00-0033080,S.DeValve,TE,CLE,CHI,0,0,0.0,0,0.0,0.0,0.0,0,0.0,0,4,3,12.0,0,1.2,4.2,,,75.0,245.0,24.7665625,1.0,Princeton,2016.0,2016.0,CLE,138.0,,0.11111111
2017,17,00-0033080,S.DeValve,TE,CLE,PIT,0,0,0.0,0,0.0,0.0,0.0,0,0.0,0,1,0,0.0,0,0.0,0.0,,,75.0,245.0,24.7665625,1.0,Princeton,2016.0,2016.0,CLE,138.0,,0.033333335
2017,17,00-0033087,M.Bundy,WR,NYG,WAS,0,0,0.0,0,0.0,0.0,0.0,0,0.0,0,3,0,0.0,0,0.0,0.0,,,76.0,215.0,23.2535,1.0,New Mexico State,2016.0,2016.0,,,8.0,0.10714286
2017,2,00-0033090,H.Henry,TE,LAC,MIA,0,0,0.0,0,0.0,0.0,0.0,0,0.0,0,7,7,80.0,0,8.0,15.0,,,77.0,250.0,22.9124375,1.0,Arkansas,2016.0,2016.0,SD,35.0,-2.0,0.17948718
2017,4,00-0033090,H.Henry,TE,LAC,PHI,0,0,0.0,0,0.0,0.0,0.0,0,0.0,0,3,2,16.0,1,7.6,9.6,,,77.0,250.0,22.9124375,1.0,Arkansas,2016.0,2016.0,SD,35.0,-2.0,0.08108108
2017,5,00-0033090,H.Henry,TE,LAC,NYG,0,0,0.0,0,0.0,0.0,0.0,0,0.0,0,8,3,42.0,1,10.2,13.2,,,77.0,250.0,22.9124375,1.0,Arkansas,2016.0,2016.0,SD,35.0,,0.1904762
2017,6,00-0033090,H.Henry,TE,LAC,LV,0,0,0.0,0,0.0,0.0,0.0,0,0.0,0,7,5,90.0,0,9.0,14.0,,,77.0,250.0,22.9124375,1.0,Arkansas,2016.0,2016.0,SD,35.0,,0.19444445
2017,7,00-0033090,H.Henry,TE,LAC,DEN,0,0,0.0,0,0.0,0.0,0.0,0,0.0,0,5,4,73.0,0,7.3,11.3,,,77.0,250.0,22.9124375,1.0,Arkansas,2016.0,2016.0,SD,35.0,21.0,0.2
2017,8,00-0033090,H.Henry,TE,LAC,NE,0,0,0.0,0,0.0,0.0,0.0,0,0.0,0,2,2,11.0,0,1.1,3.1,,,77.0,250.0,22.9124375,1.0,Arkansas,2016.0,2016.0,SD,35.0,,0.06896552
2017,10,00-0033090,H.Henry,TE,LAC,JAX,0,0,0.0,0,0.0,0.0,0.0,0,0.0,0,2,1,7.0,0,0.7,1.7,,,77.0,250.0,22.9124375,1.0,Arkansas,2016.0,2016.0,SD,35.0,,0.055555556
2017,11,00-0033090,H.Henry,TE,LAC,BUF,0,0,0.0,0,0.0,0.0,0.0,0,0.0,0,5,2,25.0,0,2.5,4.5,,,77.0,250.0,22.9124375,1.0,Arkansas,2016.0,2016.0,SD,35.0,30.0,0.1388889
2017,12,00-0033090,H.Henry,TE,LAC,DAL,0,0,0.0,0,0.0,0.0,0.0,0,0.0,0,5,5,76.0,1,13.6,18.6,,,77.0,250.0,22.9124375,1.0,Arkansas,2016.0,2016.0,SD,35.0,,0.15151516
2017,13,00-0033090,H.Henry,TE,LAC,CLE,0,0,0.0,0,0.0,0.0,0.0,0,0.0,0,9,7,81.0,0,8.1,15.1,,,77.0,250.0,22.9124375,1.0,Arkansas,2016.0,2016.0,SD,35.0,9.0,0.20930232
2017,14,00-0033090,H.Henry,TE,LAC,WAS,0,0,0.0,0,0.0,0.0,0.0,0,0.0,0,6,4,50.0,1,11.0,15.0,,,77.0,250.0,22.9124375,1.0,Arkansas,2016.0,2016.0,SD,35.0,17.0,0.1764706
2017,15,00-0033090,H.Henry,TE,LAC,KC,0,0,0.0,0,0.0,0.0,0.0,0,0.0,0,3,3,28.0,0,2.8,5.8,,,77.0,250.0,22.9124375,1.0,Arkansas,2016.0,2016.0,SD,35.0,,0.083333336
2017,6,00-0033094,M.Hall,WR,ATL,MIA,0,0,0.0,0,0.0,0.0,0.0,0,0.0,0,2,1,40.0,1,10.0,11.0,,,70.0,190.0,24.59622222222222,1.0,Washington,2016.0,2016.0,,,-3.0,0.05882353
2017,10,00-0033094,M.Hall,WR,ATL,DAL,0,0,0.0,0,0.0,0.0,0.0,0,0.0,0,2,0,0.0,0,0.0,0.0,,,70.0,190.0,24.59622222222222,1.0,Washington,2016.0,2016.0,,,20.0,0.071428575
2017,11,00-0033094,M.Hall,WR,ATL,SEA,0,0,0.0,0,0.0,0.0,0.0,0,0.0,0,1,0,0.0,0,0.0,0.0,,,70.0,190.0,24.59622222222222,1.0,Washington,2016.0,2016.0,,,,0.037037037
2017,13,00-0033094,M.Hall,WR,ATL,MIN,0,0,0.0,0,0.0,0.0,0.0,0,0.0,0,2,1,20.0,0,2.0,3.0,,,70.0,190.0,24.59622222222222,1.0,Washington,2016.0,2016.0,,,-5.0,0.06896552
2017,14,00-0033094,M.Hall,WR,ATL,NO,0,0,0.0,0,0.0,0.0,0.0,0,0.0,0,1,0,0.0,0,0.0,0.0,,,70.0,190.0,24.59622222222222,1.0,Washington,2016.0,2016.0,,,3.0,0.037037037
2017,16,00-0033094,M.Hall,WR,ATL,NO,0,0,0.0,0,0.0,0.0,0.0,0,0.0,0,1,0,0.0,0,0.0,0.0,,,70.0,190.0,24.59622222222222,1.0,Washington,2016.0,2016.0,,,,0.028571429
2017,17,00-0033095,G.Griffin,TE,NO,TB,0,0,0.0,0,0.0,0.0,0.0,0,0.0,0,1,1,4.0,0,0.4,1.4,,,76.0,240.0,23.698444444444444,1.0,Air Force,2016.0,2016.0,,,,0.033333335
2017,7,00-0033104,C.Kessler,QB,CLE,TEN,10,19,121.0,0,1.0,2.0,17.0,1,-1.0,0,0,0,0.0,0,2.74,2.74,,,73.0,215.0,24.487375,1.0,Southern California,2016.0,2016.0,CLE,93.0,-3.0,
2017,10,00-0033104,C.Kessler,QB,CLE,DET,1,3,5.0,0,0.0,3.0,22.0,0,0.0,0,0,0,0.0,0,0.2,0.2,,,73.0,215.0,24.487375,1.0,Southern California,2016.0,2016.0,CLE,93.0,,
2017,12,00-0033104,C.Kessler,QB,CLE,CIN,0,1,0.0,0,0.0,1.0,9.0,0,0.0,0,0,0,0.0,0,0.0,0.0,,,73.0,215.0,24.487375,1.0,Southern California,2016.0,2016.0,CLE,93.0,,
2017,1,00-0033106,J.Goff,QB,LA,IND,21,29,306.0,1,0.0,1.0,8.0,1,2.0,0,0,0,0.0,0,16.44,16.44,,,76.0,223.0,23.071588235294115,1.0,California,2016.0,2016.0,LA,1.0,37.0,
2017,2,00-0033106,J.Goff,QB,LA,WAS,14,24,219.0,1,1.0,2.0,12.0,3,1.0,0,0,0,0.0,0,10.86,10.86,,,76.0,223.0,23.071588235294115,1.0,California,2016.0,2016.0,LA,1.0,-7.0,
2017,3,00-0033106,J.Goff,QB,LA,SF,22,28,292.0,3,0.0,0.0,-0.0,1,-1.0,0,0,0,0.0,0,23.58,23.58,,,76.0,223.0,23.071588235294115,1.0,California,2016.0,2016.0,LA,1.0,,
2017,4,00-0033106,J.Goff,QB,LA,DAL,21,36,255.0,2,0.0,1.0,11.0,1,-1.0,0,0,0,0.0,0,18.1,18.1,,,76.0,223.0,23.071588235294115,1.0,California,2016.0,2016.0,LA,1.0,,
2017,5,00-0033106,J.Goff,QB,LA,SEA,22,47,288.0,0,2.0,2.0,13.0,1,22.0,0,0,0,0.0,0,7.72,7.72,,,76.0,223.0,23.071588235294115,1.0,California,2016.0,2016.0,LA,1.0,-6.0,
2017,6,00-0033106,J.Goff,QB,LA,JAX,11,21,124.0,1,0.0,3.0,17.0,4,9.0,0,0,0,0.0,0,9.86,9.86,,,76.0,223.0,23.071588235294115,1.0,California,2016.0,2016.0,LA,1.0,,
2017,7,00-0033106,J.Goff,QB,LA,ARI,22,37,235.0,1,1.0,1.0,7.0,2,13.0,1,0,0,0.0,0,18.7,18.7,,,76.0,223.0,23.071588235294115,1.0,California,2016.0,2016.0,LA,1.0,33.0,
2017,9,00-0033106,J.Goff,QB,LA,NYG,14,22,311.0,4,0.0,0.0,-0.0,0,0.0,0,0,0,0.0,0,28.44,28.44,,,76.0,223.0,23.071588235294115,1.0,California,2016.0,2016.0,LA,1.0,,
2017,10,00-0033106,J.Goff,QB,LA,HOU,25,37,355.0,3,0.0,3.0,22.0,4,3.0,0,0,0,0.0,0,26.5,26.5,,,76.0,223.0,23.071588235294115,1.0,California,2016.0,2016.0,LA,1.0,26.0,
2017,11,00-0033106,J.Goff,QB,LA,MIN,23,37,225.0,0,0.0,2.0,16.0,2,8.0,0,0,0,0.0,0,9.8,9.8,,,76.0,223.0,23.071588235294115,1.0,California,2016.0,2016.0,LA,1.0,,
2017,12,00-0033106,J.Goff,QB,LA,NO,28,43,354.0,2,1.0,4.0,27.0,3,-3.0,0,0,0,0.0,0,19.86,19.86,,,76.0,223.0,23.071588235294115,1.0,California,2016.0,2016.0,LA,1.0,6.0,
2017,13,00-0033106,J.Goff,QB,LA,ARI,21,31,220.0,2,1.0,1.0,7.0,1,2.0,0,0,0,0.0,0,15.0,15.0,,,76.0,223.0,23.071588235294115,1.0,California,2016.0,2016.0,LA,1.0,,
2017,14,00-0033106,J.Goff,QB,LA,PHI,16,26,199.0,2,0.0,2.0,1.0,2,2.0,0,0,0,0.0,0,14.16,14.16,,,76.0,223.0,23.071588235294115,1.0,California,2016.0,2016.0,LA,1.0,-8.0,
2017,15,00-0033106,J.Goff,QB,LA,SEA,14,21,120.0,2,1.0,2.0,16.0,0,0.0,0,0,0,0.0,0,10.8,10.8,,,76.0,223.0,23.071588235294115,1.0,California,2016.0,2016.0,LA,1.0,,
2017,16,00-0033106,J.Goff,QB,LA,TEN,22,38,301.0,4,0.0,1.0,15.0,3,-6.0,0,0,0,0.0,0,25.44,25.44,,,76.0,223.0,23.071588235294115,1.0,California,2016.0,2016.0,LA,1.0,,
2017,18,00-0033106,J.Goff,QB,LA,ATL,24,45,259.0,1,0.0,3.0,13.0,0,0.0,0,0,0,0.0,0,14.36,14.36,,,76.0,223.0,23.071588235294115,1.0,California,2016.0,2016.0,LA,1.0,-13.0,
2017,12,00-0033108,P.Lynch,QB,DEN,LV,9,14,41.0,0,1.0,4.0,23.0,2,17.0,0,0,0,0.0,0,1.34,1.34,,,79.0,244.0,23.7335625,1.0,Memphis,2016.0,2016.0,DEN,26.0,,
2017,17,00-0033108,P.Lynch,QB,DEN,KC,21,31,254.0,2,2.0,5.0,28.0,3,13.0,0,0,0,0.0,0,13.46,13.46,,,79.0,244.0,23.7335625,1.0,Memphis,2016.0,2016.0,DEN,26.0,-3.0,
2017,1,00-0033110,T.Higbee,TE,LA,IND,0,0,0.0,0,0.0,0.0,0.0,0,0.0,0,3,2,17.0,0,1.7,3.7,,,78.0,257.0,24.853882352941177,1.0,Western Kentucky,2016.0,2016.0,LA,110.0,37.0,0.1
2017,2,00-0033110,T.Higbee,TE,LA,WAS,0,0,0.0,0,0.0,0.0,0.0,0,0.0,0,1,0,0.0,0,0.0,0.0,,,78.0,257.0,24.853882352941177,1.0,Western Kentucky,2016.0,2016.0,LA,110.0,-7.0,0.04
2017,3,00-0033110,T.Higbee,TE,LA,SF,0,0,0.0,0,0.0,0.0,0.0,0,0.0,0,3,1,4.0,0,0.4,1.4,,,78.0,257.0,24.853882352941177,1.0,Western Kentucky,2016.0,2016.0,LA,110.0,,0.10714286
2017,4,00-0033110,T.Higbee,TE,LA,DAL,0,0,0.0,0,0.0,0.0,0.0,0,0.0,0,6,3,47.0,0,4.7,7.7,,,78.0,257.0,24.853882352941177,1.0,Western Kentucky,2016.0,2016.0,LA,110.0,,0.17142858
2017,5,00-0033110,T.Higbee,TE,LA,SEA,0,0,0.0,0,0.0,0.0,0.0,0,0.0,0,8,4,98.0,0,9.8,13.8,,,78.0,257.0,24.853882352941177,1.0,Western Kentucky,2016.0,2016.0,LA,110.0,-6.0,0.17391305
2017,6,00-0033110,T.Higbee,TE,LA,JAX,0,0,0.0,0,0.0,0.0,0.0,0,0.0,0,3,1,0.0,0,0.0,1.0,,,78.0,257.0,24.853882352941177,1.0,Western Kentucky,2016.0,2016.0,LA,110.0,,0.14285715
2017,7,00-0033110,T.Higbee,TE,LA,ARI,0,0,0.0,0,0.0,0.0,0.0,0,0.0,0,3,3,13.0,0,1.3,4.3,,,78.0,257.0,24.853882352941177,1.0,Western Kentucky,2016.0,2016.0,LA,110.0,33.0,0.08108108
2017,9,00-0033110,T.Higbee,TE,LA,NYG,0,0,0.0,0,0.0,0.0,0.0,0,0.0,0,2,1,8.0,1,6.8,7.8,,,78.0,257.0,24.853882352941177,1.0,Western Kentucky,2016.0,2016.0,LA,110.0,,0.09090909
2017,10,00-0033110,T.Higbee,TE,LA,HOU,0,0,0.0,0,0.0,0.0,0.0,0,0.0,0,4,2,22.0,0,2.2,4.2,,,78.0,257.0,24.853882352941177,1.0,Western Kentucky,2016.0,2016.0,LA,110.0,26.0,0.11111111
2017,11,00-0033110,T.Higbee,TE,LA,MIN,0,0,0.0,0,0.0,0.0,0.0,0,0.0,0,5,1,5.0,0,0.5,1.5,,,78.0,257.0,24.853882352941177,1.0,Western Kentucky,2016.0,2016.0,LA,110.0,,0.1388889
2017,12,00-0033110,T.Higbee,TE,LA,NO,0,0,0.0,0,0.0,0.0,0.0,0,0.0,0,3,3,48.0,0,4.8,7.8,,,78.0,257.0,24.853882352941177,1.0,Western Kentucky,2016.0,2016.0,LA,110.0,6.0,0.069767445
2017,13,00-0033110,T.Higbee,TE,LA,ARI,0,0,0.0,0,0.0,0.0,0.0,0,0.0,0,1,1,6.0,0,0.6,1.6,,,78.0,257.0,24.853882352941177,1.0,Western Kentucky,2016.0,2016.0,LA,110.0,,0.032258064
2017,15,00-0033110,T.Higbee,TE,LA,SEA,0,0,0.0,0,0.0,0.0,0.0,0,0.0,0,1,1,12.0,0,1.2,2.2,,,78.0,257.0,24.853882352941177,1.0,Western Kentucky,2016.0,2016.0,LA,110.0,,0.04347826
2017,16,00-0033110,T.Higbee,TE,LA,TEN,0,0,0.0,0,0.0,0.0,0.0,0,0.0,0,2,2,15.0,0,1.5,3.5,,,78.0,257.0,24.853882352941177,1.0,Western Kentucky,2016.0,2016.0,LA,110.0,,0.05263158
2017,18,00-0033110,T.Higbee,TE,LA,ATL,0,0,0.0,0,0.0,0.0,0.0,0,0.0,0,2,1,11.0,0,1.1,2.1,,,78.0,257.0,24.853882352941177,1.0,Western Kentucky,2016.0,2016.0,LA,110.0,-13.0,0.044444446
2017,1,00-0033111,P.Cooper,WR,LA,IND,0,0,0.0,0,0.0,0.0,0.0,0,0.0,0,1,0,0.0,0,0.0,0.0,,,71.0,207.0,22.677235294117647,1.0,South Carolina,2016.0,2016.0,LA,117.0,37.0,0.033333335
2017,3,00-0033111,P.Cooper,WR,LA,SF,0,0,0.0,0,0.0,0.0,0.0,0,0.0,0,1,1,4.0,0,0.4,1.4,,,71.0,207.0,22.677235294117647,1.0,South Carolina,2016.0,2016.0,LA,117.0,,0.035714287
2017,5,00-0033111,P.Cooper,WR,LA,SEA,0,0,0.0,0,0.0,0.0,0.0,0,0.0,0,4,2,22.0,0,2.2,4.2,,,71.0,207.0,22.677235294117647,1.0,South Carolina,2016.0,2016.0,LA,117.0,-6.0,0.08695652
2017,6,00-0033111,P.Cooper,WR,LA,JAX,0,0,0.0,0,0.0,0.0,0.0,0,0.0,0,0,0,0.0,0,6.0,6.0,,,71.0,207.0,22.677235294117647,1.0,South Carolina,2016.0,2016.0,LA,117.0,,
2017,9,00-0033111,P.Cooper,WR,LA,NYG,0,0,0.0,0,0.0,0.0,0.0,0,0.0,0,1,1,9.0,0,0.9,1.9,,,71.0,207.0,22.677235294117647,1.0,South Carolina,2016.0,2016.0,LA,117.0,,0.045454547
2017,10,00-0033111,P.Cooper,WR,LA,HOU,0,0,0.0,0,0.0,0.0,0.0,0,0.0,0,2,2,12.0,0,1.2,3.2,,,71.0,207.0,22.677235294117647,1.0,South Carolina,2016.0,2016.0,LA,117.0,26.0,0.055555556
2017,11,00-0033111,P.Cooper,WR,LA,MIN,0,0,0.0,0,0.0,0.0,0.0,0,0.0,0,1,0,0.0,0,0.0,0.0,,,71.0,207.0,22.677235294117647,1.0,South Carolina,2016.0,2016.0,LA,117.0,,0.027777778
2017,12,00-0033111,P.Cooper,WR,LA,NO,0,0,0.0,0,0.0,0.0,0.0,0,0.0,0,2,1,9.0,0,0.9,1.9,,,71.0,207.0,22.677235294117647,1.0,South Carolina,2016.0,2016.0,LA,117.0,6.0,0.046511628
2017,13,00-0033111,P.Cooper,WR,LA,ARI,0,0,0.0,0,0.0,0.0,0.0,1,6.0,0,1,1,-3.0,0,0.3,1.3,,,71.0,207.0,22.677235294117647,1.0,South Carolina,2016.0,2016.0,LA,117.0,,0.032258064
2017,14,00-0033111,P.Cooper,WR,LA,PHI,0,0,0.0,0,0.0,0.0,0.0,0,0.0,0,2,1,1.0,0,0.1,1.1,,,71.0,207.0,22.677235294117647,1.0,South Carolina,2016.0,2016.0,LA,117.0,-8.0,0.08
2017,17,00-0033111,P.Cooper,WR,LA,SF,0,0,0.0,0,0.0,0.0,0.0,0,0.0,0,4,2,30.0,0,3.0,5.0,,,71.0,207.0,22.677235294117647,1.0,South Carolina,2016.0,2016.0,LA,117.0,-21.0,0.11764706
2017,11,00-0033114,M.Thomas,WR,LA,MIN,0,0,0.0,0,0.0,0.0,0.0,0,0.0,0,1,1,12.0,0,1.2,2.2,,,73.0,195.0,23.23305882352941,1.0,Southern Mississippi,2016.0,2016.0,LA,206.0,,0.027777778
2017,14,00-0033114,M.Thomas,WR,LA,PHI,0,0,0.0,0,0.0,0.0,0.0,0,0.0,0,1,1,6.0,0,0.6,1.6,,,73.0,195.0,23.23305882352941,1.0,Southern Mississippi,2016.0,2016.0,LA,206.0,-8.0,0.04
2017,16,00-0033114,M.Thomas,WR,LA,TEN,0,0,0.0,0,0.0,0.0,0.0,0,0.0,0,1,0,0.0,0,0.0,0.0,,,73.0,195.0,23.23305882352941,1.0,Southern Mississippi,2016.0,2016.0,LA,206.0,,0.02631579
2017,17,00-0033114,M.Thomas,WR,LA,SF,0,0,0.0,0,0.0,0.0,0.0,0,0.0,0,4,3,75.0,0,7.5,10.5,,,73.0,195.0,23.23305882352941,1.0,Southern Mississippi,2016.0,2016.0,LA,206.0,-21.0,0.11764706
2017,2,00-0033118,K.Drake,RB,MIA,LAC,0,0,0.0,0,0.0,0.0,0.0,1,-3.0,0,0,0,0.0,0,-0.3,-0.3,,,73.0,211.0,23.784875,1.0,Alabama,2016.0,2016.0,MIA,73.0,,
2017,3,00-0033118,K.Drake,RB,MIA,NYJ,0,0,0.0,0,0.0,0.0,0.0,1,0.0,0,2,1,2.0,0,0.2,1.2,,,73.0,211.0,23.784875,1.0,Alabama,2016.0,2016.0,MIA,73.0,,0.044444446
2017,4,00-0033118,K.Drake,RB,MIA,NO,0,0,0.0,0,0.0,0.0,0.0,1,6.0,0,3,2,5.0,0,1.1,3.1,,,73.0,211.0,23.784875,1.0,Alabama,2016.0,2016.0,MIA,73.0,-20.0,0.10714286
2017,5,00-0033118,K.Drake,RB,MIA,TEN,0,0,0.0,0,0.0,0.0,0.0,1,0.0,0,0,0,0.0,0,0.0,0.0,,,73.0,211.0,23.784875,1.0,Alabama,2016.0,2016.0,MIA,73.0,6.0,
2017,8,00-0033118,K.Drake,RB,MIA,BAL,0,0,0.0,0,0.0,0.0,0.0,6,22.0,0,1,0,0.0,0,2.2,2.2,,,73.0,211.0,23.784875,1.0,Alabama,2016.0,2016.0,MIA,73.0,,0.022727273
2017,9,00-0033118,K.Drake,RB,MIA,LV,0,0,0.0,0,0.0,0.0,0.0,9,69.0,0,6,6,35.0,0,10.4,16.4,,,73.0,211.0,23.784875,1.0,Alabama,2016.0,2016.0,MIA,73.0,-3.0,0.14634146
2017,10,00-0033118,K.Drake,RB,MIA,CAR,0,0,0.0,0,0.0,0.0,0.0,7,82.0,1,2,2,10.0,0,15.2,17.2,,,73.0,211.0,23.784875,1.0,Alabama,2016.0,2016.0,MIA,73.0,,0.054054055
2017,11,00-0033118,K.Drake,RB,MIA,TB,0,0,0.0,0,0.0,0.0,0.0,7,4.0,0,2,1,10.0,0,1.4,2.4,,,73.0,211.0,23.784875,1.0,Alabama,2016.0,2016.0,MIA,73.0,-10.0,0.055555556
2017,12,00-0033118,K.Drake,RB,MIA,NE,0,0,0.0,0,0.0,0.0,0.0,9,20.0,0,4,3,27.0,1,8.7,11.7,,,73.0,211.0,23.784875,1.0,Alabama,2016.0,2016.0,MIA,73.0,,0.121212125
2017,13,00-0033118,K.Drake,RB,MIA,DEN,0,0,0.0,0,0.0,0.0,0.0,23,120.0,1,5,3,21.0,0,20.1,23.1,,,73.0,211.0,23.784875,1.0,Alabama,2016.0,2016.0,MIA,73.0,26.0,0.15625
2017,14,00-0033118,K.Drake,RB,MIA,NE,0,0,0.0,0,0.0,0.0,0.0,25,114.0,0,6,5,79.0,0,19.3,24.3,,,73.0,211.0,23.784875,1.0,Alabama,2016.0,2016.0,MIA,73.0,7.0,0.1764706
2017,15,00-0033118,K.Drake,RB,MIA,BUF,0,0,0.0,0,0.0,0.0,0.0,16,78.0,1,11,6,35.0,0,17.3,23.3,,,73.0,211.0,23.784875,1.0,Alabama,2016.0,2016.0,MIA,73.0,,0.2244898
2017,16,00-0033118,K.Drake,RB,MIA,KC,0,0,0.0,0,0.0,0.0,0.0,13,57.0,0,3,0,0.0,0,5.7,5.7,,,73.0,211.0,23.784875,1.0,Alabama,2016.0,2016.0,MIA,73.0,,0.08108108
2017,17,00-0033118,K.Drake,RB,MIA,BUF,0,0,0.0,0,0.0,0.0,0.0,14,75.0,0,3,3,15.0,0,9.0,12.0,,,73.0,211.0,23.784875,1.0,Alabama,2016.0,2016.0,MIA,73.0,-6.0,0.069767445
2017,1,00-0033119,J.Brissett,QB,IND,LA,2,3,51.0,0,0.0,0.0,-0.0,0,0.0,0,0,0,0.0,0,2.04,2.04,,,76.0,235.0,24.897875,1.0,North Carolina State,2016.0,2016.0,NE,91.0,,
2017,2,00-0033119,J.Brissett,QB,IND,ARI,20,37,216.0,0,1.0,4.0,26.0,6,22.0,0,0,0,0.0,0,8.84,8.84,,,76.0,235.0,24.897875,1.0,North Carolina State,2016.0,2016.0,NE,91.0,-3.0,
2017,3,00-0033119,J.Brissett,QB,IND,CLE,17,24,259.0,1,0.0,3.0,16.0,5,14.0,2,0,0,0.0,0,27.76,27.76,,,76.0,235.0,24.897875,1.0,North Carolina State,2016.0,2016.0,NE,91.0,3.0,
2017,4,00-0033119,J.Brissett,QB,IND,SEA,16,29,157.0,1,1.0,3.0,18.0,3,33.0,0,0,0,0.0,0,9.58,9.58,,,76.0,235.0,24.897875,1.0,North Carolina State,2016.0,2016.0,NE,91.0,,
2017,5,00-0033119,J.Brissett,QB,IND,SF,22,34,314.0,0,1.0,4.0,26.0,8,14.0,1,0,0,0.0,0,17.96,17.96,,,76.0,235.0,24.897875,1.0,North Carolina State,2016.0,2016.0,NE,91.0,3.0,
2017,6,00-0033119,J.Brissett,QB,IND,TEN,21,37,212.0,1,0.0,1.0,-0.0,4,15.0,0,0,0,0.0,0,13.98,13.98,,,76.0,235.0,24.897875,1.0,North Carolina State,2016.0,2016.0,NE,91.0,,
2017,7,00-0033119,J.Brissett,QB,IND,JAX,22,37,200.0,0,0.0,10.0,64.0,5,31.0,0,0,0,0.0,0,11.1,11.1,,,76.0,235.0,24.897875,1.0,North Carolina State,2016.0,2016.0,NE,91.0,-27.0,
2017,8,00-0033119,J.Brissett,QB,IND,CIN,25,39,233.0,2,1.0,4.0,17.0,1,6.0,0,0,0,0.0,0,15.92,15.92,,,76.0,235.0,24.897875,1.0,North Carolina State,2016.0,2016.0,NE,91.0,,
2017,9,00-0033119,J.Brissett,QB,IND,HOU,20,30,308.0,2,0.0,3.0,29.0,2,12.0,0,0,0,0.0,0,19.52,19.52,,,76.0,235.0,24.897875,1.0,North Carolina State,2016.0,2016.0,NE,91.0,,
2017,10,00-0033119,J.Brissett,QB,IND,PIT,14,24,222.0,2,1.0,3.0,26.0,4,7.0,0,0,0,0.0,0,15.58,15.58,,,76.0,235.0,24.897875,1.0,North Carolina State,2016.0,2016.0,NE,91.0,-3.0,
2017,12,00-0033119,J.Brissett,QB,IND,TEN,17,29,196.0,0,0.0,8.0,31.0,3,16.0,0,0,0,0.0,0,7.44,7.44,,,76.0,235.0,24.897875,1.0,North Carolina State,2016.0,2016.0,NE,91.0,-4.0,
2017,13,00-0033119,J.Brissett,QB,IND,JAX,21,36,174.0,1,2.0,4.0,25.0,6,36.0,0,0,0,0.0,0,10.56,10.56,,,76.0,235.0,24.897875,1.0,North Carolina State,2016.0,2016.0,NE,91.0,,
2017,14,00-0033119,J.Brissett,QB,IND,BUF,11,22,69.0,1,0.0,1.0,5.0,3,10.0,0,0,0,0.0,0,7.76,7.76,,,76.0,235.0,24.897875,1.0,North Carolina State,2016.0,2016.0,NE,91.0,,
2017,15,00-0033119,J.Brissett,QB,IND,DEN,17,30,158.0,0,0.0,1.0,-0.0,5,18.0,1,0,0,0.0,0,14.12,14.12,,,76.0,235.0,24.897875,1.0,North Carolina State,2016.0,2016.0,NE,91.0,-12.0,
2017,16,00-0033119,J.Brissett,QB,IND,BAL,16,33,215.0,1,0.0,2.0,12.0,3,8.0,0,0,0,0.0,0,13.4,13.4,,,76.0,235.0,24.897875,1.0,North Carolina State,2016.0,2016.0,NE,91.0,,
2017,17,00-0033119,J.Brissett,QB,IND,HOU,15,25,114.0,1,0.0,1.0,10.0,5,18.0,0,0,0,0.0,0,10.36,10.36,,,76.0,235.0,24.897875,1.0,North Carolina State,2016.0,2016.0,NE,91.0,9.0,
2017,4,00-0033127,W.Fuller,WR,HOU,TEN,0,0,0.0,0,0.0,0.0,0.0,1,4.0,0,6,4,35.0,2,15.9,19.9,,,72.0,180.0,23.558625,1.0,Notre Dame,2016.0,2016.0,HOU,21.0,43.0,0.1764706
2017,5,00-0033127,W.Fuller,WR,HOU,KC,0,0,0.0,0,0.0,0.0,0.0,1,5.0,0,3,2,57.0,2,18.2,20.2,,,72.0,180.0,23.558625,1.0,Notre Dame,2016.0,2016.0,HOU,21.0,-8.0,0.10344828
2017,6,00-0033127,W.Fuller,WR,HOU,CLE,0,0,0.0,0,0.0,0.0,0.0,0,0.0,0,5,2,62.0,1,12.2,14.2,,,72.0,180.0,23.558625,1.0,Notre Dame,2016.0,2016.0,HOU,21.0,16.0,0.1724138
2017,8,00-0033127,W.Fuller,WR,HOU,SEA,0,0,0.0,0,0.0,0.0,0.0,0,0.0,0,8,5,125.0,2,24.5,29.5,,,72.0,180.0,23.558625,1.0,Notre Dame,2016.0,2016.0,HOU,21.0,,0.26666668
2017,9,00-0033127,W.Fuller,WR,HOU,IND,0,0,0.0,0,0.0,0.0,0.0,0,0.0,0,8,2,32.0,0,3.2,5.2,,,72.0,180.0,23.558625,1.0,Notre Dame,2016.0,2016.0,HOU,21.0,-6.0,0.18181819
2017,10,00-0033127,W.Fuller,WR,HOU,LA,0,0,0.0,0,0.0,0.0,0.0,0,0.0,0,3,2,15.0,0,1.5,3.5,,,72.0,180.0,23.558625,1.0,Notre Dame,2016.0,2016.0,HOU,21.0,,0.08571429
2017,14,00-0033127,W.Fuller,WR,HOU,SF,0,0,0.0,0,0.0,0.0,0.0,0,0.0,0,5,3,26.0,0,2.6,5.6,,,72.0,180.0,23.558625,1.0,Notre Dame,2016.0,2016.0,HOU,21.0,-10.0,0.13513513
2017,15,00-0033127,W.Fuller,WR,HOU,JAX,0,0,0.0,0,0.0,0.0,0.0,0,0.0,0,5,5,44.0,0,4.4,9.4,,,72.0,180.0,23.558625,1.0,Notre Dame,2016.0,2016.0,HOU,21.0,,0.1724138
2017,16,00-0033127,W.Fuller,WR,HOU,PIT,0,0,0.0,0,0.0,0.0,0.0,0,0.0,0,5,1,10.0,0,1.0,2.0,,,72.0,180.0,23.558625,1.0,Notre Dame,2016.0,2016.0,HOU,21.0,-28.0,0.3125
2017,17,00-0033127,W.Fuller,WR,HOU,IND,0,0,0.0,0,0.0,0.0,0.0,0,0.0,0,2,2,17.0,0,1.7,3.7,,,72.0,180.0,23.558625,1.0,Notre Dame,2016.0,2016.0,HOU,21.0,,0.08695652
2017,3,00-0033258,D.Daniels,TE,IND,CLE,0,0,0.0,0,0.0,0.0,0.0,0,0.0,0,1,1,6.0,0,0.6,1.6,,,75.0,246.0,22.9511875,0.0,Washington,2017.0,2017.0,,,3.0,0.041666668
2017,4,00-0033258,D.Daniels,TE,IND,SEA,0,0,0.0,0,0.0,0.0,0.0,0,0.0,0,2,0,0.0,0,0.0,0.0,,,75.0,246.0,22.9511875,0.0,Washington,2017.0,2017.0,,,,0.071428575
2017,5,00-0033258,D.Daniels,TE,IND,SF,0,0,0.0,0,0.0,0.0,0.0,0,0.0,0,4,1,13.0,0,1.3,2.3,,,75.0,246.0,22.9511875,0.0,Washington,2017.0,2017.0,,,3.0,0.121212125
2017,7,00-0033258,D.Daniels,TE,IND,JAX,0,0,0.0,0,0.0,0.0,0.0,0,0.0,0,3,1,7.0,0,0.7,1.7,,,75.0,246.0,22.9511875,0.0,Washington,2017.0,2017.0,,,-27.0,0.08108108
2017,10,00-0033258,D.Daniels,TE,IND,PIT,0,0,0.0,0,0.0,0.0,0.0,0,0.0,0,2,0,0.0,0,0.0,0.0,,,75.0,246.0,22.9511875,0.0,Washington,2017.0,2017.0,,,-3.0,0.08695652
2017,17,00-0033258,D.Daniels,TE,IND,HOU,0,0,0.0,0,0.0,0.0,0.0,0,0.0,0,1,0,0.0,0,0.0,0.0,,,75.0,246.0,22.9511875,0.0,Washington,2017.0,2017.0,,,9.0,0.041666668
2017,12,00-0033266,J.Natson,WR,NYJ,CAR,0,0,0.0,0,0.0,0.0,0.0,0,0.0,0,1,1,-1.0,0,-0.1,0.9,,,67.0,153.0,23.7561875,0.0,Akron,2017.0,2017.0,,,-8.0,0.029411765
2017,15,00-0033266,J.Natson,WR,NYJ,NO,0,0,0.0,0,0.0,0.0,0.0,1,15.0,0,2,1,19.0,0,3.4,4.4,,,67.0,153.0,23.7561875,0.0,Akron,2017.0,2017.0,,,,0.057142857
2017,17,00-0033266,J.Natson,WR,NYJ,NE,0,0,0.0,0,0.0,0.0,0.0,0,0.0,0,2,0,0.0,0,0.0,0.0,,,67.0,153.0,23.7561875,0.0,Akron,2017.0,2017.0,,,,0.055555556
2017,1,00-0033280,C.McCaffrey,RB,CAR,SF,0,0,0.0,0,0.0,0.0,0.0,13,47.0,0,7,5,38.0,0,6.5,11.5,,,71.0,205.0,21.42035294117647,0.0,Stanford,2017.0,2017.0,CAR,8.0,,0.29166666
2017,2,00-0033280,C.McCaffrey,RB,CAR,BUF,0,0,0.0,0,0.0,0.0,0.0,8,10.0,0,5,4,34.0,0,4.4,8.4,,,71.0,205.0,21.42035294117647,0.0,Stanford,2017.0,2017.0,CAR,8.0,6.0,0.16129032
2017,3,00-0033280,C.McCaffrey,RB,CAR,NO,0,0,0.0,0,0.0,0.0,0.0,4,16.0,0,11,9,101.0,0,11.7,20.7,,,71.0,205.0,21.42035294117647,0.0,Stanford,2017.0,2017.0,CAR,8.0,-21.0,0.33333334
2017,4,00-0033280,C.McCaffrey,RB,CAR,NE,0,0,0.0,0,0.0,0.0,0.0,6,16.0,0,6,4,33.0,0,4.9,8.9,,,71.0,205.0,21.42035294117647,0.0,Stanford,2017.0,2017.0,CAR,8.0,,0.20689656
2017,5,00-0033280,C.McCaffrey,RB,CAR,DET,0,0,0.0,0,0.0,0.0,0.0,3,7.0,0,7,5,31.0,1,9.8,14.8,,,71.0,205.0,21.42035294117647,0.0,Stanford,2017.0,2017.0,CAR,8.0,,0.21212122
2017,6,00-0033280,C.McCaffrey,RB,CAR,PHI,0,0,0.0,0,0.0,0.0,0.0,4,8.0,0,14,10,56.0,1,12.4,22.4,,,71.0,205.0,21.42035294117647,0.0,Stanford,2017.0,2017.0,CAR,8.0,-5.0,0.26923078
2017,7,00-0033280,C.McCaffrey,RB,CAR,CHI,0,0,0.0,0,0.0,0.0,0.0,7,10.0,0,9,7,36.0,0,4.6,11.6,,,71.0,205.0,21.42035294117647,0.0,Stanford,2017.0,2017.0,CAR,8.0,,0.2647059
2017,8,00-0033280,C.McCaffrey,RB,CAR,TB,0,0,0.0,0,0.0,0.0,0.0,4,3.0,0,7,5,49.0,0,5.2,10.2,,,71.0,205.0,21.42035294117647,0.0,Stanford,2017.0,2017.0,CAR,8.0,,0.23333333
2017,9,00-0033280,C.McCaffrey,RB,CAR,ATL,0,0,0.0,0,0.0,0.0,0.0,15,66.0,1,6,5,28.0,0,15.4,20.4,,,71.0,205.0,21.42035294117647,0.0,Stanford,2017.0,2017.0,CAR,8.0,3.0,0.26086956
2017,10,00-0033280,C.McCaffrey,RB,CAR,MIA,0,0,0.0,0,0.0,0.0,0.0,5,23.0,1,7,3,27.0,1,17.0,20.0,,,71.0,205.0,21.42035294117647,0.0,Stanford,2017.0,2017.0,CAR,8.0,24.0,0.2
2017,12,00-0033280,C.McCaffrey,RB,CAR,NYJ,0,0,0.0,0,0.0,0.0,0.0,7,62.0,0,5,2,35.0,0,9.7,11.7,,,71.0,205.0,21.42035294117647,0.0,Stanford,2017.0,2017.0,CAR,8.0,,0.17857143
2017,13,00-0033280,C.McCaffrey,RB,CAR,NO,0,0,0.0,0,0.0,0.0,0.0,6,16.0,0,6,5,33.0,1,10.9,15.9,,,71.0,205.0,21.42035294117647,0.0,Stanford,2017.0,2017.0,CAR,8.0,,0.21428572
2017,14,00-0033280,C.McCaffrey,RB,CAR,MIN,0,0,0.0,0,0.0,0.0,0.0,8,35.0,0,4,3,18.0,0,5.3,8.3,,,71.0,205.0,21.42035294117647,0.0,Stanford,2017.0,2017.0,CAR,8.0,7.0,0.17391305
2017,15,00-0033280,C.McCaffrey,RB,CAR,GB,0,0,0.0,0,0.0,0.0,0.0,12,63.0,0,7,6,73.0,1,19.6,25.6,,,71.0,205.0,21.42035294117647,0.0,Stanford,2017.0,2017.0,CAR,8.0,7.0,0.23333333
2017,16,00-0033280,C.McCaffrey,RB,CAR,TB,0,0,0.0,0,0.0,0.0,0.0,9,39.0,0,4,2,19.0,0,5.8,7.8,,,71.0,205.0,21.42035294117647,0.0,Stanford,2017.0,2017.0,CAR,8.0,3.0,0.15384616
2017,17,00-0033280,C.McCaffrey,RB,CAR,ATL,0,0,0.0,0,0.0,0.0,0.0,6,14.0,0,8,5,40.0,0,5.4,10.4,,,71.0,205.0,21.42035294117647,0.0,Stanford,2017.0,2017.0,CAR,8.0,,0.24242425
2017,18,00-0033280,C.McCaffrey,RB,CAR,NO,0,0,0.0,0,0.0,0.0,0.0,6,16.0,0,8,6,101.0,1,17.7,23.7,,,71.0,205.0,21.42035294117647,0.0,Stanford,2017.0,2017.0,CAR,8.0,,0.21052632
2017,2,00-0033282,C.Samuel,WR,CAR,BUF,0,0,0.0,0,0.0,0.0,0.0,0,0.0,0,3,2,7.0,0,0.7,2.7,,,71.0,195.0,21.24235294117647,0.0,Ohio State,2017.0,2017.0,CAR,40.0,6.0,0.09677419
2017,3,00-0033282,C.Samuel,WR,CAR,NO,0,0,0.0,0,0.0,0.0,0.0,1,31.0,0,5,2,5.0,0,3.6,5.6,,,71.0,195.0,21.24235294117647,0.0,Ohio State,2017.0,2017.0,CAR,40.0,-21.0,0.15151516
2017,5,00-0033282,C.Samuel,WR,CAR,DET,0,0,0.0,0,0.0,0.0,0.0,0,0.0,0,2,0,0.0,0,0.0,0.0,,,71.0,195.0,21.24235294117647,0.0,Ohio State,2017.0,2017.0,CAR,40.0,,0.060606062
2017,6,00-0033282,C.Samuel,WR,CAR,PHI,0,0,0.0,0,0.0,0.0,0.0,1,8.0,0,0,0,0.0,0,0.8,0.8,,,71.0,195.0,21.24235294117647,0.0,Ohio State,2017.0,2017.0,CAR,40.0,-5.0,
2017,7,00-0033282,C.Samuel,WR,CAR,CHI,0,0,0.0,0,0.0,0.0,0.0,0,0.0,0,1,1,20.0,0,2.0,3.0,,,71.0,195.0,21.24235294117647,0.0,Ohio State,2017.0,2017.0,CAR,40.0,,0.029411765
2017,8,00-0033282,C.Samuel,WR,CAR,TB,0,0,0.0,0,0.0,0.0,0.0,1,11.0,0,3,2,15.0,0,2.6,4.6,,,71.0,195.0,21.24235294117647,0.0,Ohio State,2017.0,2017.0,CAR,40.0,,0.1
2017,9,00-0033282,C.Samuel,WR,CAR,ATL,0,0,0.0,0,0.0,0.0,0.0,1,14.0,0,5,3,23.0,0,3.7,6.7,,,71.0,195.0,21.24235294117647,0.0,Ohio State,2017.0,2017.0,CAR,40.0,3.0,0.2173913
2017,10,00-0033282,C.Samuel,WR,CAR,MIA,0,0,0.0,0,0.0,0.0,0.0,0,0.0,0,7,5,45.0,0,4.5,9.5,,,71.0,195.0,21.24235294117647,0.0,Ohio State,2017.0,2017.0,CAR,40.0,24.0,0.2
2017,1,00-0033288,G.Kittle,TE,SF,CAR,0,0,0.0,0,0.0,0.0,0.0,0,0.0,0,6,5,27.0,0,2.7,7.7,,,76.0,247.0,24.0710625,0.0,Iowa,2017.0,2017.0,SF,146.0,-20.0,0.17142858
2017,2,00-0033288,G.Kittle,TE,SF,SEA,0,0,0.0,0,0.0,0.0,0.0,0,0.0,0,2,2,13.0,0,1.3,3.3,,,76.0,247.0,24.0710625,0.0,Iowa,2017.0,2017.0,SF,146.0,,0.07692308
2017,3,00-0033288,G.Kittle,TE,SF,LA,0,0,0.0,0,0.0,0.0,0.0,0,0.0,0,3,1,8.0,0,0.8,1.8,,,76.0,247.0,24.0710625,0.0,Iowa,2017.0,2017.0,SF,146.0,-2.0,0.08108108
2017,4,00-0033288,G.Kittle,TE,SF,ARI,0,0,0.0,0,0.0,0.0,0.0,0,0.0,0,3,2,35.0,0,3.5,5.5,,,76.0,247.0,24.0710625,0.0,Iowa,2017.0,2017.0,SF,146.0,,0.0625
2017,5,00-0033288,G.Kittle,TE,SF,IND,0,0,0.0,0,0.0,0.0,0.0,0,0.0,0,9,7,83.0,1,14.3,21.3,,,76.0,247.0,24.0710625,0.0,Iowa,2017.0,2017.0,SF,146.0,,0.2
2017,6,00-0033288,G.Kittle,TE,SF,WAS,0,0,0.0,0,0.0,0.0,0.0,0,0.0,0,8,4,46.0,0,4.6,8.6,,,76.0,247.0,24.0710625,0.0,Iowa,2017.0,2017.0,SF,146.0,,0.17021276
2017,7,00-0033288,G.Kittle,TE,SF,DAL,0,0,0.0,0,0.0,0.0,0.0,0,0.0,0,2,1,16.0,0,1.6,2.6,,,76.0,247.0,24.0710625,0.0,Iowa,2017.0,2017.0,SF,146.0,-30.0,0.054054055
2017,8,00-0033288,G.Kittle,TE,SF,PHI,0,0,0.0,0,0.0,0.0,0.0,0,0.0,0,4,2,22.0,0,2.2,4.2,,,76.0,247.0,24.0710625,0.0,Iowa,2017.0,2017.0,SF,146.0,,0.11111111
2017,9,00-0033288,G.Kittle,TE,SF,ARI,0,0,0.0,0,0.0,0.0,0.0,0,0.0,0,5,3,27.0,0,2.7,5.7,,,76.0,247.0,24.0710625,0.0,Iowa,2017.0,2017.0,SF,146.0,-10.0,0.09803922
2017,12,00-0033288,G.Kittle,TE,SF,SEA,0,0,0.0,0,0.0,0.0,0.0,0,0.0,0,2,1,14.0,0,1.4,2.4,,,76.0,247.0,24.0710625,0.0,Iowa,2017.0,2017.0,SF,146.0,-11.0,0.05263158
2017,13,00-0033288,G.Kittle,TE,SF,CHI,0,0,0.0,0,0.0,0.0,0.0,0,0.0,0,3,2,20.0,0,2.0,4.0,,,76.0,247.0,24.0710625,0.0,Iowa,2017.0,2017.0,SF,146.0,,0.08108108
2017,14,00-0033288,G.Kittle,TE,SF,HOU,0,0,0.0,0,0.0,0.0,0.0,0,0.0,0,2,2,10.0,0,1.0,3.0,,,76.0,247.0,24.0710625,0.0,Iowa,2017.0,2017.0,SF,146.0,,0.0625
2017,15,00-0033288,G.Kittle,TE,SF,TEN,0,0,0.0,0,0.0,0.0,0.0,0,0.0,0,5,4,52.0,0,5.2,9.2,,,76.0,247.0,24.0710625,0.0,Iowa,2017.0,2017.0,SF,146.0,2.0,0.11904762
2017,16,00-0033288,G.Kittle,TE,SF,JAX,0,0,0.0,0,0.0,0.0,0.0,0,0.0,0,3,3,42.0,1,10.2,13.2,,,76.0,247.0,24.0710625,0.0,Iowa,2017.0,2017.0,SF,146.0,11.0,0.1
2017,17,00-0033288,G.Kittle,TE,SF,LA,0,0,0.0,0,0.0,0.0,0.0,0,0.0,0,6,4,100.0,0,10.0,14.0,,,76.0,247.0,24.0710625,0.0,Iowa,2017.0,2017.0,SF,146.0,,0.18181819
2017,1,00-0033292,T.Taylor,WR,SF,CAR,0,0,0.0,0,0.0,0.0,0.0,0,0.0,0,1,1,8.0,0,0.8,1.8,,,68.0,181.0,23.5151875,0.0,Louisiana Tech,2017.0,2017.0,SF,177.0,-20.0,0.028571429
2017,2,00-0033292,T.Taylor,WR,SF,SEA,0,0,0.0,0,0.0,0.0,0.0,0,0.0,0,4,2,6.0,0,0.6,2.6,,,68.0,181.0,23.5151875,0.0,Louisiana Tech,2017.0,2017.0,SF,177.0,,0.15384616
2017,3,00-0033292,T.Taylor,WR,SF,LA,0,0,0.0,0,0.0,0.0,0.0,0,0.0,0,4,3,32.0,1,9.2,12.2,,,68.0,181.0,23.5151875,0.0,Louisiana Tech,2017.0,2017.0,SF,177.0,-2.0,0.10810811
2017,4,00-0033292,T.Taylor,WR,SF,ARI,0,0,0.0,0,0.0,0.0,0.0,0,0.0,0,10,5,47.0,0,4.7,9.7,,,68.0,181.0,23.5151875,0.0,Louisiana Tech,2017.0,2017.0,SF,177.0,,0.20833333
2017,5,00-0033292,T.Taylor,WR,SF,IND,0,0,0.0,0,0.0,0.0,0.0,0,0.0,0,2,1,6.0,0,0.6,1.6,,,68.0,181.0,23.5151875,0.0,Louisiana Tech,2017.0,2017.0,SF,177.0,,0.044444446
2017,6,00-0033292,T.Taylor,WR,SF,WAS,0,0,0.0,0,0.0,0.0,0.0,0,0.0,0,5,2,11.0,0,1.1,3.1,,,68.0,181.0,23.5151875,0.0,Louisiana Tech,2017.0,2017.0,SF,177.0,,0.10638298
2017,7,00-0033292,T.Taylor,WR,SF,DAL,0,0,0.0,0,0.0,0.0,0.0,0,0.0,0,5,5,39.0,0,3.9,8.9,,,68.0,181.0,23.5151875,0.0,Louisiana Tech,2017.0,2017.0,SF,177.0,-30.0,0.13513513
2017,8,00-0033292,T.Taylor,WR,SF,PHI,0,0,0.0,0,0.0,0.0,0.0,0,0.0,0,3,3,33.0,0,3.3,6.3,,,68.0,181.0,23.5151875,0.0,Louisiana Tech,2017.0,2017.0,SF,177.0,,0.083333336
2017,9,00-0033292,T.Taylor,WR,SF,ARI,0,0,0.0,0,0.0,0.0,0.0,0,0.0,0,3,2,22.0,0,2.2,4.2,,,68.0,181.0,23.5151875,0.0,Louisiana Tech,2017.0,2017.0,SF,177.0,-10.0,0.05882353
2017,12,00-0033292,T.Taylor,WR,SF,SEA,0,0,0.0,0,0.0,0.0,0.0,0,0.0,0,3,2,35.0,0,3.5,5.5,,,68.0,181.0,23.5151875,0.0,Louisiana Tech,2017.0,2017.0,SF,177.0,-11.0,0.078947365
2017,13,00-0033292,T.Taylor,WR,SF,CHI,0,0,0.0,0,0.0,0.0,0.0,0,0.0,0,6,6,92.0,0,9.2,15.2,,,68.0,181.0,23.5151875,0.0,Louisiana Tech,2017.0,2017.0,SF,177.0,,0.16216215
2017,14,00-0033292,T.Taylor,WR,SF,HOU,0,0,0.0,0,0.0,0.0,0.0,0,0.0,0,3,2,11.0,0,1.1,3.1,,,68.0,181.0,23.5151875,0.0,Louisiana Tech,2017.0,2017.0,SF,177.0,,0.09375
2017,15,00-0033292,T.Taylor,WR,SF,TEN,0,0,0.0,0,0.0,0.0,0.0,0,0.0,0,5,4,40.0,0,4.0,8.0,,,68.0,181.0,23.5151875,0.0,Louisiana Tech,2017.0,2017.0,SF,177.0,2.0,0.11904762
2017,16,00-0033292,T.Taylor,WR,SF,JAX,0,0,0.0,0,0.0,0.0,0.0,0,0.0,0,4,3,19.0,1,7.9,10.9,,,68.0,181.0,23.5151875,0.0,Louisiana Tech,2017.0,2017.0,SF,177.0,11.0,0.13333334
2017,17,00-0033292,T.Taylor,WR,SF,LA,0,0,0.0,0,0.0,0.0,0.0,0,0.0,0,2,2,29.0,0,2.9,4.9,,,68.0,181.0,23.5151875,0.0,Louisiana Tech,2017.0,2017.0,SF,177.0,,0.060606062
2017,4,00-0033293,A.Jones,RB,GB,CHI,0,0,0.0,0,0.0,0.0,0.0,13,49.0,1,0,0,0.0,0,10.9,10.9,,,69.0,208.0,22.9274375,0.0,Texas-El Paso,2017.0,2017.0,GB,182.0,21.0,
2017,5,00-0033293,A.Jones,RB,GB,DAL,0,0,0.0,0,0.0,0.0,0.0,19,125.0,1,1,1,9.0,0,19.4,20.4,,,69.0,208.0,22.9274375,0.0,Texas-El Paso,2017.0,2017.0,GB,182.0,,0.035714287
2017,6,00-0033293,A.Jones,RB,GB,MIN,0,0,0.0,0,0.0,0.0,0.0,13,41.0,0,4,1,1.0,0,4.2,5.2,,,69.0,208.0,22.9274375,0.0,Texas-El Paso,2017.0,2017.0,GB,182.0,,0.10810811
2017,7,00-0033293,A.Jones,RB,GB,NO,0,0,0.0,0,0.0,0.0,0.0,17,131.0,1,5,3,7.0,0,19.8,22.8,,,69.0,208.0,22.9274375,0.0,Texas-El Paso,2017.0,2017.0,GB,182.0,-9.0,0.2
2017,9,00-0033293,A.Jones,RB,GB,DET,0,0,0.0,0,0.0,0.0,0.0,5,12.0,0,5,2,-1.0,0,1.1,3.1,,,69.0,208.0,22.9274375,0.0,Texas-El Paso,2017.0,2017.0,GB,182.0,-13.0,0.13157895
2017,10,00-0033293,A.Jones,RB,GB,CHI,0,0,0.0,0,0.0,0.0,0.0,3,12.0,0,1,1,0.0,0,1.2,2.2,,,69.0,208.0,22.9274375,0.0,Texas-El Paso,2017.0,2017.0,GB,182.0,,0.041666668
2017,13,00-0033293,A.Jones,RB,GB,TB,0,0,0.0,0,0.0,0.0,0.0,1,20.0,1,0,0,0.0,0,8.0,8.0,,,69.0,208.0,22.9274375,0.0,Texas-El Paso,2017.0,2017.0,GB,182.0,6.0,
2017,14,00-0033293,A.Jones,RB,GB,CLE,0,0,0.0,0,0.0,0.0,0.0,4,-2.0,0,0,0,0.0,0,-0.2,-0.2,,,69.0,208.0,22.9274375,0.0,Texas-El Paso,2017.0,2017.0,GB,182.0,,
2017,15,00-0033293,A.Jones,RB,GB,CAR,0,0,0.0,0,0.0,0.0,0.0,3,47.0,0,2,1,6.0,0,5.3,6.3,,,69.0,208.0,22.9274375,0.0,Texas-El Paso,2017.0,2017.0,GB,182.0,,0.046511628
2017,16,00-0033293,A.Jones,RB,GB,MIN,0,0,0.0,0,0.0,0.0,0.0,3,13.0,0,0,0,0.0,0,1.3,1.3,,,69.0,208.0,22.9274375,0.0,Texas-El Paso,2017.0,2017.0,GB,182.0,-16.0,
2017,2,00-0033295,E.McGuire,RB,NYJ,LV,0,0,0.0,0,0.0,0.0,0.0,6,29.0,0,2,1,7.0,0,3.6,4.6,,,69.0,209.0,23.427625,0.0,Louisiana-Lafayette,2017.0,2017.0,NYJ,188.0,,0.083333336
2017,3,00-0033295,E.McGuire,RB,NYJ,MIA,0,0,0.0,0,0.0,0.0,0.0,7,34.0,0,0,0,0.0,0,1.4,1.4,,,69.0,209.0,23.427625,0.0,Louisiana-Lafayette,2017.0,2017.0,NYJ,188.0,14.0,
2017,4,00-0033295,E.McGuire,RB,NYJ,JAX,0,0,0.0,0,0.0,0.0,0.0,10,93.0,1,2,2,38.0,0,19.1,21.1,,,69.0,209.0,23.427625,0.0,Louisiana-Lafayette,2017.0,2017.0,NYJ,188.0,3.0,0.06451613
2017,5,00-0033295,E.McGuire,RB,NYJ,CLE,0,0,0.0,0,0.0,0.0,0.0,11,20.0,0,3,2,10.0,0,3.0,5.0,,,69.0,209.0,23.427625,0.0,Louisiana-Lafayette,2017.0,2017.0,NYJ,188.0,,0.1
2017,6,00-0033295,E.McGuire,RB,NYJ,NE,0,0,0.0,0,0.0,0.0,0.0,10,22.0,0,0,0,0.0,0,2.2,2.2,,,69.0,209.0,23.427625,0.0,Louisiana-Lafayette,2017.0,2017.0,NYJ,188.0,-7.0,
2017,7,00-0033295,E.McGuire,RB,NYJ,MIA,0,0,0.0,0,0.0,0.0,0.0,3,7.0,0,0,0,0.0,0,0.7,0.7,,,69.0,209.0,23.427625,0.0,Louisiana-Lafayette,2017.0,2017.0,NYJ,188.0,,
2017,8,00-0033295,E.McGuire,RB,NYJ,ATL,0,0,0.0,0,0.0,0.0,0.0,1,2.0,0,0,0,0.0,0,0.2,0.2,,,69.0,209.0,23.427625,0.0,Louisiana-Lafayette,2017.0,2017.0,NYJ,188.0,-5.0,
2017,9,00-0033295,E.McGuire,RB,NYJ,BUF,0,0,0.0,0,0.0,0.0,0.0,13,30.0,0,1,1,9.0,0,3.9,4.9,,,69.0,209.0,23.427625,0.0,Louisiana-Lafayette,2017.0,2017.0,NYJ,188.0,13.0,0.05
2017,10,00-0033295,E.McGuire,RB,NYJ,TB,0,0,0.0,0,0.0,0.0,0.0,8,22.0,0,7,4,36.0,0,5.8,9.8,,,69.0,209.0,23.427625,0.0,Louisiana-Lafayette,2017.0,2017.0,NYJ,188.0,,0.17948718
2017,12,00-0033295,E.McGuire,RB,NYJ,CAR,0,0,0.0,0,0.0,0.0,0.0,5,21.0,0,1,1,13.0,0,3.4,4.4,,,69.0,209.0,23.427625,0.0,Louisiana-Lafayette,2017.0,2017.0,NYJ,188.0,-8.0,0.029411765
2017,13,00-0033295,E.McGuire,RB,NYJ,KC,0,0,0.0,0,0.0,0.0,0.0,5,20.0,0,0,0,0.0,0,4.0,4.0,,,69.0,209.0,23.427625,0.0,Louisiana-Lafayette,2017.0,2017.0,NYJ,188.0,7.0,
2017,14,00-0033295,E.McGuire,RB,NYJ,DEN,0,0,0.0,0,0.0,0.0,0.0,1,-3.0,0,0,0,0.0,0,-0.3,-0.3,,,69.0,209.0,23.427625,0.0,Louisiana-Lafayette,2017.0,2017.0,NYJ,188.0,,
2017,15,00-0033295,E.McGuire,RB,NYJ,NO,0,0,0.0,0,0.0,0.0,0.0,4,24.0,0,3,3,48.0,1,13.2,16.2,,,69.0,209.0,23.427625,0.0,Louisiana-Lafayette,2017.0,2017.0,NYJ,188.0,,0.08571429
2017,16,00-0033295,E.McGuire,RB,NYJ,LAC,0,0,0.0,0,0.0,0.0,0.0,0,0.0,0,1,0,0.0,0,-2.0,-2.0,,,69.0,209.0,23.427625,0.0,Louisiana-Lafayette,2017.0,2017.0,NYJ,188.0,-7.0,0.035714287
2017,17,00-0033295,E.McGuire,RB,NYJ,NE,0,0,0.0,0,0.0,0.0,0.0,4,-6.0,0,6,3,16.0,0,1.0,4.0,,,69.0,209.0,23.427625,0.0,Louisiana-Lafayette,2017.0,2017.0,NYJ,188.0,,0.16666667
2017,11,00-0033304,D.Mays,RB,GB,BAL,0,0,0.0,0,0.0,0.0,0.0,3,-1.0,0,0,0,0.0,0,-2.1,-2.1,,,70.0,230.0,23.447625,0.0,Utah State,2017.0,2017.0,GB,238.0,-23.0,
2017,17,00-0033304,D.Mays,RB,GB,DET,0,0,0.0,0,0.0,0.0,0.0,1,2.0,0,3,3,0.0,0,0.2,3.2,,,70.0,230.0,23.447625,0.0,Utah State,2017.0,2017.0,GB,238.0,,0.09677419
2017,7,00-0033307,K.Bourne,WR,SF,DAL,0,0,0.0,0,0.0,0.0,0.0,0,0.0,0,2,0,0.0,0,0.0,0.0,,,73.0,203.0,22.2530625,0.0,Eastern Washington,2017.0,2017.0,,,-30.0,0.054054055
2017,8,00-0033307,K.Bourne,WR,SF,PHI,0,0,0.0,0,0.0,0.0,0.0,0,0.0,0,2,0,0.0,0,0.0,0.0,,,73.0,203.0,22.2530625,0.0,Eastern Washington,2017.0,2017.0,,,,0.055555556
2017,9,00-0033307,K.Bourne,WR,SF,ARI,0,0,0.0,0,0.0,0.0,0.0,0,0.0,0,6,2,39.0,0,3.9,5.9,,,73.0,203.0,22.2530625,0.0,Eastern Washington,2017.0,2017.0,,,-10.0,0.11764706
2017,10,00-0033307,K.Bourne,WR,SF,NYG,0,0,0.0,0,0.0,0.0,0.0,0,0.0,0,3,3,42.0,0,4.2,7.2,,,73.0,203.0,22.2530625,0.0,Eastern Washington,2017.0,2017.0,,,10.0,0.12
2017,12,00-0033307,K.Bourne,WR,SF,SEA,0,0,0.0,0,0.0,0.0,0.0,0,0.0,0,2,2,22.0,0,2.2,4.2,,,73.0,203.0,22.2530625,0.0,Eastern Washington,2017.0,2017.0,,,-11.0,0.05263158
2017,13,00-0033307,K.Bourne,WR,SF,CHI,0,0,0.0,0,0.0,0.0,0.0,0,0.0,0,1,0,0.0,0,0.0,0.0,,,73.0,203.0,22.2530625,0.0,Eastern Washington,2017.0,2017.0,,,,0.027027028
2017,14,00-0033307,K.Bourne,WR,SF,HOU,0,0,0.0,0,0.0,0.0,0.0,0,0.0,0,2,2,29.0,0,2.9,4.9,,,73.0,203.0,22.2530625,0.0,Eastern Washington,2017.0,2017.0,,,,0.0625
2017,15,00-0033307,K.Bourne,WR,SF,TEN,0,0,0.0,0,0.0,0.0,0.0,0,0.0,0,6,4,85.0,0,8.5,12.5,,,73.0,203.0,22.2530625,0.0,Eastern Washington,2017.0,2017.0,,,2.0,0.14285715
2017,16,00-0033307,K.Bourne,WR,SF,JAX,0,0,0.0,0,0.0,0.0,0.0,0,0.0,0,5,1,12.0,0,1.2,2.2,,,73.0,203.0,22.2530625,0.0,Eastern Washington,2017.0,2017.0,,,11.0,0.16666667
2017,17,00-0033307,K.Bourne,WR,SF,LA,0,0,0.0,0,0.0,0.0,0.0,0,0.0,0,5,2,28.0,0,2.8,4.8,,,73.0,203.0,22.2530625,0.0,Eastern Washington,2017.0,2017.0,,,,0.15151516
2017,1,00-0033308,M.Breida,RB,SF,CAR,0,0,0.0,0,0.0,0.0,0.0,4,11.0,0,0,0,0.0,0,1.1,1.1,,,70.0,190.0,22.683,0.0,Georgia Southern,2017.0,2017.0,,,-20.0,
2017,2,00-0033308,M.Breida,RB,SF,SEA,0,0,0.0,0,0.0,0.0,0.0,4,35.0,0,2,1,3.0,0,3.8,4.8,,,70.0,190.0,22.683,0.0,Georgia Southern,2017.0,2017.0,,,,0.07692308
2017,3,00-0033308,M.Breida,RB,SF,LA,0,0,0.0,0,0.0,0.0,0.0,3,9.0,0,4,3,20.0,0,2.9,5.9,,,70.0,190.0,22.683,0.0,Georgia Southern,2017.0,2017.0,,,-2.0,0.10810811
2017,4,00-0033308,M.Breida,RB,SF,ARI,0,0,0.0,0,0.0,0.0,0.0,9,16.0,0,3,1,4.0,0,2.0,3.0,,,70.0,190.0,22.683,0.0,Georgia Southern,2017.0,2017.0,,,,0.0625
2017,5,00-0033308,M.Breida,RB,SF,IND,0,0,0.0,0,0.0,0.0,0.0,10,49.0,0,5,3,22.0,0,7.1,10.1,,,70.0,190.0,22.683,0.0,Georgia Southern,2017.0,2017.0,,,,0.11111111
2017,6,00-0033308,M.Breida,RB,SF,WAS,0,0,0.0,0,0.0,0.0,0.0,4,21.0,0,4,2,15.0,0,3.6,5.6,,,70.0,190.0,22.683,0.0,Georgia Southern,2017.0,2017.0,,,,0.08510638
2017,7,00-0033308,M.Breida,RB,SF,DAL,0,0,0.0,0,0.0,0.0,0.0,3,5.0,0,1,0,0.0,0,0.5,0.5,,,70.0,190.0,22.683,0.0,Georgia Southern,2017.0,2017.0,,,-30.0,0.027027028
2017,8,00-0033308,M.Breida,RB,SF,PHI,0,0,0.0,0,0.0,0.0,0.0,5,17.0,0,6,4,39.0,1,11.6,15.6,,,70.0,190.0,22.683,0.0,Georgia Southern,2017.0,2017.0,,,,0.16666667
2017,9,00-0033308,M.Breida,RB,SF,ARI,0,0,0.0,0,0.0,0.0,0.0,1,1.0,0,4,2,18.0,0,1.9,3.9,,,70.0,190.0,22.683,0.0,Georgia Southern,2017.0,2017.0,,,-10.0,0.078431375
2017,10,00-0033308,M.Breida,RB,SF,NYG,0,0,0.0,0,0.0,0.0,0.0,9,55.0,1,2,1,3.0,0,11.8,12.8,,,70.0,190.0,22.683,0.0,Georgia Southern,2017.0,2017.0,,,10.0,0.08
2017,12,00-0033308,M.Breida,RB,SF,SEA,0,0,0.0,0,0.0,0.0,0.0,1,12.0,0,1,1,12.0,0,2.4,3.4,,,70.0,190.0,22.683,0.0,Georgia Southern,2017.0,2017.0,,,-11.0,0.02631579
2017,13,00-0033308,M.Breida,RB,SF,CHI,0,0,0.0,0,0.0,0.0,0.0,12,45.0,0,1,1,4.0,0,4.9,5.9,,,70.0,190.0,22.683,0.0,Georgia Southern,2017.0,2017.0,,,,0.027027028
2017,14,00-0033308,M.Breida,RB,SF,HOU,0,0,0.0,0,0.0,0.0,0.0,12,27.0,0,0,0,0.0,0,2.7,2.7,,,70.0,190.0,22.683,0.0,Georgia Southern,2017.0,2017.0,,,,
2017,15,00-0033308,M.Breida,RB,SF,TEN,0,0,0.0,0,0.0,0.0,0.0,5,16.0,0,0,0,0.0,0,1.6,1.6,,,70.0,190.0,22.683,0.0,Georgia Southern,2017.0,2017.0,,,2.0,
2017,16,00-0033308,M.Breida,RB,SF,JAX,0,0,0.0,0,0.0,0.0,0.0,11,74.0,1,1,1,8.0,0,14.2,15.2,,,70.0,190.0,22.683,0.0,Georgia Southern,2017.0,2017.0,,,11.0,0.033333335
2017,17,00-0033308,M.Breida,RB,SF,LA,0,0,0.0,0,0.0,0.0,0.0,12,72.0,0,2,1,32.0,0,10.4,11.4,,,70.0,190.0,22.683,0.0,Georgia Southern,2017.0,2017.0,,,,0.060606062
2017,7,00-0033315,C.Hikutini,TE,SF,DAL,0,0,0.0,0,0.0,0.0,0.0,0,0.0,0,2,1,5.0,0,0.5,1.5,,,76.0,247.0,23.4001875,0.0,Louisville,2017.0,2017.0,,,-30.0,0.054054055
2017,8,00-0033315,C.Hikutini,TE,SF,PHI,0,0,0.0,0,0.0,0.0,0.0,0,0.0,0,1,1,10.0,0,1.0,2.0,,,76.0,247.0,23.4001875,0.0,Louisville,2017.0,2017.0,,,,0.027777778
2017,5,00-0033338,C.Carter,TE,CIN,BUF,0,0,0.0,0,0.0,0.0,0.0,0,0.0,0,1,0,0.0,0,0.0,0.0,,,75.0,241.0,22.1716875,0.0,Nebraska,2017.0,2017.0,,,4.0,0.029411765
2017,16,00-0033352,M.Clark,WR,GB,MIN,0,0,0.0,0,0.0,0.0,0.0,0,0.0,0,9,3,36.0,0,3.6,6.6,,,78.0,217.0,22.029374999999998,0.0,Marshall,2017.0,2017.0,,,-16.0,0.225
2017,17,00-0033352,M.Clark,WR,GB,DET,0,0,0.0,0,0.0,0.0,0.0,0,0.0,0,5,1,5.0,0,0.5,1.5,,,78.0,217.0,22.029374999999998,0.0,Marshall,2017.0,2017.0,,,,0.16129032
2017,8,00-0033376,P.Ricard,FB,BAL,MIA,0,0,0.0,0,0.0,0.0,0.0,0,0.0,0,1,1,1.0,0,0.1,1.1,,,75.0,300.0,23.4425625,0.0,Maine,2017.0,2017.0,,,40.0,0.04761905
2017,13,00-0033376,P.Ricard,FB,BAL,DET,0,0,0.0,0,0.0,0.0,0.0,0,0.0,0,1,1,3.0,1,6.3,7.3,,,75.0,300.0,23.4425625,0.0,Maine,2017.0,2017.0,,,24.0,0.027777778
2017,14,00-0033376,P.Ricard,FB,BAL,PIT,0,0,0.0,0,0.0,0.0,0.0,0,0.0,0,1,1,6.0,1,6.6,7.6,,,75.0,300.0,23.4425625,0.0,Maine,2017.0,2017.0,,,,0.029411765
2017,17,00-0033376,P.Ricard,FB,BAL,CIN,0,0,0.0,0,0.0,0.0,0.0,0,0.0,0,1,1,2.0,0,0.2,1.2,,,75.0,300.0,23.4425625,0.0,Maine,2017.0,2017.0,,,-4.0,0.021276595
2017,14,00-0033384,L.Daniels,RB,WAS,LAC,0,0,0.0,0,0.0,0.0,0.0,2,12.0,0,0,0,0.0,0,1.2,1.2,,,71.0,225.0,22.421375,0.0,Iowa,2017.0,2017.0,,,,
2017,15,00-0033384,L.Daniels,RB,WAS,ARI,0,0,0.0,0,0.0,0.0,0.0,1,2.0,0,0,0,0.0,0,0.2,0.2,,,71.0,225.0,22.421375,0.0,Iowa,2017.0,2017.0,,,5.0,
2017,2,00-0033387,J.Hollister,TE,NE,NO,0,0,0.0,0,0.0,0.0,0.0,0,0.0,0,2,1,5.0,0,0.5,1.5,,,76.0,239.0,23.997894736842103,0.0,Wyoming,2017.0,2017.0,,,,0.051282052
2017,3,00-0033387,J.Hollister,TE,NE,HOU,0,0,0.0,0,0.0,0.0,0.0,0,0.0,0,1,1,19.0,0,1.9,2.9,,,76.0,239.0,23.997894736842103,0.0,Wyoming,2017.0,2017.0,,,3.0,0.028571429
2017,4,00-0033387,J.Hollister,TE,NE,CAR,0,0,0.0,0,0.0,0.0,0.0,0,0.0,0,1,0,0.0,0,0.0,0.0,,,76.0,239.0,23.997894736842103,0.0,Wyoming,2017.0,2017.0,,,-3.0,0.022222223
2017,5,00-0033387,J.Hollister,TE,NE,TB,0,0,0.0,0,0.0,0.0,0.0,0,0.0,0,1,0,0.0,0,0.0,0.0,,,76.0,239.0,23.997894736842103,0.0,Wyoming,2017.0,2017.0,,,,0.025
2017,8,00-0033387,J.Hollister,TE,NE,LAC,0,0,0.0,0,0.0,0.0,0.0,0,0.0,0,1,1,13.0,0,1.3,2.3,,,76.0,239.0,23.997894736842103,0.0,Wyoming,2017.0,2017.0,,,8.0,0.021276595
2017,13,00-0033387,J.Hollister,TE,NE,BUF,0,0,0.0,0,0.0,0.0,0.0,0,0.0,0,1,0,0.0,0,0.0,0.0,,,76.0,239.0,23.997894736842103,0.0,Wyoming,2017.0,2017.0,,,,0.033333335
2017,15,00-0033387,J.Hollister,TE,NE,PIT,0,0,0.0,0,0.0,0.0,0.0,0,0.0,0,1,0,0.0,0,0.0,0.0,,,76.0,239.0,23.997894736842103,0.0,Wyoming,2017.0,2017.0,,,,0.028571429
2017,16,00-0033387,J.Hollister,TE,NE,BUF,0,0,0.0,0,0.0,0.0,0.0,1,5.0,0,2,1,5.0,0,1.0,2.0,,,76.0,239.0,23.997894736842103,0.0,Wyoming,2017.0,2017.0,,,21.0,0.071428575
2017,17,00-0033387,J.Hollister,TE,NE,NYJ,0,0,0.0,0,0.0,0.0,0.0,0,0.0,0,1,0,0.0,0,0.0,0.0,,,76.0,239.0,23.997894736842103,0.0,Wyoming,2017.0,2017.0,,,20.0,0.025641026
2017,19,00-0033387,J.Hollister,TE,NE,TEN,0,0,0.0,0,0.0,0.0,0.0,0,0.0,0,1,1,0.0,0,0.0,1.0,,,76.0,239.0,23.997894736842103,0.0,Wyoming,2017.0,2017.0,,,21.0,0.018867925
2017,3,00-0033400,M.Haack,P,MIA,NYJ,0,1,0.0,0,1.0,0.0,-0.0,0,0.0,0,0,0,0.0,0,-2.0,-2.0,,,72.0,205.0,23.292125,0.0,Arizona State,2017.0,2017.0,,,,
2017,17,00-0033413,D.Smith,RB,MIA,BUF,0,0,0.0,0,0.0,0.0,0.0,0,0.0,0,3,3,27.0,0,2.7,5.7,,,71.0,221.0,23.0018125,0.0,Michigan,2017.0,2017.0,,,-6.0,0.069767445
2017,13,00-0033421,A.Auclair,TE,TB,GB,0,0,0.0,0,0.0,0.0,0.0,0,0.0,0,1,1,11.0,0,1.1,2.1,,,77.0,256.0,24.4500625,0.0,"Laval, Can.",2017.0,2017.0,,,,0.03125
2017,15,00-0033421,A.Auclair,TE,TB,ATL,0,0,0.0,0,0.0,0.0,0.0,0,0.0,0,1,1,14.0,0,1.4,2.4,,,77.0,256.0,24.4500625,0.0,"Laval, Can.",2017.0,2017.0,,,-3.0,0.030303031
2017,13,00-0033434,B.Wilson,WR,TB,GB,0,0,0.0,0,0.0,0.0,0.0,1,4.0,0,0,0,0.0,0,0.4,0.4,,,69.0,186.0,22.7881875,0.0,Florida State,2017.0,2017.0,,,,
2017,16,00-0033434,B.Wilson,WR,TB,CAR,0,0,0.0,0,0.0,0.0,0.0,0,0.0,0,1,1,18.0,1,7.8,8.8,,,69.0,186.0,22.7881875,0.0,Florida State,2017.0,2017.0,,,,0.037037037
2017,17,00-0033434,B.Wilson,WR,TB,NO,0,0,0.0,0,0.0,0.0,0.0,2,4.0,0,0,0,0.0,0,0.4,0.4,,,69.0,186.0,22.7881875,0.0,Florida State,2017.0,2017.0,,,7.0,
2017,13,00-0033449,I.Whitney,WR,LV,NYG,0,0,0.0,0,0.0,0.0,0.0,0,0.0,0,1,0,0.0,0,0.0,0.0,,,74.0,204.0,23.3715,0.0,Southern California,2017.0,2017.0,,,,0.028571429
2017,2,00-0033460,J.Ross,WR,CIN,HOU,0,0,0.0,0,0.0,0.0,0.0,1,12.0,0,0,0,0.0,0,-0.8,-0.8,,,71.0,188.0,21.9443125,0.0,Washington,2017.0,2017.0,CIN,9.0,-4.0,
2017,8,00-0033460,J.Ross,WR,CIN,IND,0,0,0.0,0,0.0,0.0,0.0,0,0.0,0,1,0,0.0,0,0.0,0.0,,,71.0,188.0,21.9443125,0.0,Washington,2017.0,2017.0,CIN,9.0,1.0,0.035714287
2017,10,00-0033460,J.Ross,WR,CIN,TEN,0,0,0.0,0,0.0,0.0,0.0,0,0.0,0,1,0,0.0,0,0.0,0.0,,,71.0,188.0,21.9443125,0.0,Washington,2017.0,2017.0,CIN,9.0,,0.029411765
2017,9,00-0033464,J.Chesson,WR,KC,DAL,0,0,0.0,0,0.0,0.0,0.0,0,0.0,0,1,1,10.0,0,1.0,2.0,,,74.0,203.0,23.88482352941176,0.0,Michigan,2017.0,2017.0,KC,139.0,,0.030303031
2017,17,00-0033464,J.Chesson,WR,KC,DEN,0,0,0.0,0,0.0,0.0,0.0,0,0.0,0,3,1,8.0,0,0.8,1.8,,,74.0,203.0,23.88482352941176,0.0,Michigan,2017.0,2017.0,KC,139.0,,0.08571429
2017,3,00-0033466,I.McKenzie,WR,DEN,BUF,0,0,0.0,0,0.0,0.0,0.0,1,4.0,0,0,0,0.0,0,0.4,0.4,,,67.0,173.0,22.580875,0.0,Georgia,2017.0,2017.0,DEN,172.0,,
2017,4,00-0033466,I.McKenzie,WR,DEN,LV,0,0,0.0,0,0.0,0.0,0.0,0,0.0,0,2,0,0.0,0,0.0,0.0,,,67.0,173.0,22.580875,0.0,Georgia,2017.0,2017.0,DEN,172.0,6.0,0.08
2017,6,00-0033466,I.McKenzie,WR,DEN,NYG,0,0,0.0,0,0.0,0.0,0.0,0,0.0,0,2,1,0.0,0,0.0,1.0,,,67.0,173.0,22.580875,0.0,Georgia,2017.0,2017.0,DEN,172.0,-13.0,0.03773585
2017,8,00-0033466,I.McKenzie,WR,DEN,KC,0,0,0.0,0,0.0,0.0,0.0,0,0.0,0,1,0,0.0,0,0.0,0.0,,,67.0,173.0,22.580875,0.0,Georgia,2017.0,2017.0,DEN,172.0,,0.027777778
2017,9,00-0033466,I.McKenzie,WR,DEN,PHI,0,0,0.0,0,0.0,0.0,0.0,0,0.0,0,3,1,14.0,0,1.4,2.4,,,67.0,173.0,22.580875,0.0,Georgia,2017.0,2017.0,DEN,172.0,,0.08108108
2017,16,00-0033466,I.McKenzie,WR,DEN,WAS,0,0,0.0,0,0.0,0.0,0.0,0,0.0,0,2,1,8.0,0,0.8,1.8,,,67.0,173.0,22.580875,0.0,Georgia,2017.0,2017.0,DEN,172.0,,0.054054055
2017,17,00-0033466,I.McKenzie,WR,DEN,KC,0,0,0.0,0,0.0,0.0,0.0,0,0.0,0,3,1,7.0,0,0.7,1.7,,,67.0,173.0,22.580875,0.0,Georgia,2017.0,2017.0,DEN,172.0,-3.0,0.09677419
2017,17,00-0033514,E.Byrd,TE,GB,DET,0,0,0.0,0,0.0,0.0,0.0,0,0.0,0,2,2,31.0,0,3.1,5.1,,,74.0,236.0,22.90825,0.0,Marshall,2017.0,2017.0,,,,0.06451613
2017,2,00-0033526,S.Perine,RB,WAS,LA,0,0,0.0,0,0.0,0.0,0.0,21,67.0,0,1,1,0.0,0,6.7,7.7,,,70.0,236.0,22.142375,0.0,Oklahoma,2017.0,2017.0,WAS,114.0,,0.037037037
2017,3,00-0033526,S.Perine,RB,WAS,LV,0,0,0.0,0,0.0,0.0,0.0,19,49.0,0,1,1,6.0,0,3.5,4.5,,,70.0,236.0,22.142375,0.0,Oklahoma,2017.0,2017.0,WAS,114.0,17.0,0.033333335
2017,4,00-0033526,S.Perine,RB,WAS,KC,0,0,0.0,0,0.0,0.0,0.0,6,27.0,0,0,0,0.0,0,2.7,2.7,,,70.0,236.0,22.142375,0.0,Oklahoma,2017.0,2017.0,WAS,114.0,,
2017,6,00-0033526,S.Perine,RB,WAS,SF,0,0,0.0,0,0.0,0.0,0.0,9,23.0,0,3,3,24.0,1,10.7,13.7,,,70.0,236.0,22.142375,0.0,Oklahoma,2017.0,2017.0,WAS,114.0,2.0,0.083333336
2017,9,00-0033526,S.Perine,RB,WAS,SEA,0,0,0.0,0,0.0,0.0,0.0,2,9.0,0,0,0,0.0,0,0.9,0.9,,,70.0,236.0,22.142375,0.0,Oklahoma,2017.0,2017.0,WAS,114.0,,
2017,10,00-0033526,S.Perine,RB,WAS,MIN,0,0,0.0,0,0.0,0.0,0.0,9,35.0,0,1,1,25.0,0,6.0,7.0,,,70.0,236.0,22.142375,0.0,Oklahoma,2017.0,2017.0,WAS,114.0,-8.0,0.022222223
2017,11,00-0033526,S.Perine,RB,WAS,NO,0,0,0.0,0,0.0,0.0,0.0,23,117.0,1,2,1,9.0,0,18.6,19.6,,,70.0,236.0,22.142375,0.0,Oklahoma,2017.0,2017.0,WAS,114.0,,0.06666667
2017,12,00-0033526,S.Perine,RB,WAS,NYG,0,0,0.0,0,0.0,0.0,0.0,24,100.0,0,4,3,30.0,0,13.0,16.0,,,70.0,236.0,22.142375,0.0,Oklahoma,2017.0,2017.0,WAS,114.0,10.0,0.13333334
2017,13,00-0033526,S.Perine,RB,WAS,DAL,0,0,0.0,0,0.0,0.0,0.0,12,38.0,0,3,3,31.0,0,6.9,9.9,,,70.0,236.0,22.142375,0.0,Oklahoma,2017.0,2017.0,WAS,114.0,,0.083333336
2017,14,00-0033526,S.Perine,RB,WAS,LAC,0,0,0.0,0,0.0,0.0,0.0,17,45.0,0,4,4,7.0,0,5.2,9.2,,,70.0,236.0,22.142375,0.0,Oklahoma,2017.0,2017.0,WAS,114.0,,0.14814815
2017,15,00-0033526,S.Perine,RB,WAS,ARI,0,0,0.0,0,0.0,0.0,0.0,14,37.0,0,2,2,29.0,0,6.6,8.6,,,70.0,236.0,22.142375,0.0,Oklahoma,2017.0,2017.0,WAS,114.0,5.0,0.07692308
2017,16,00-0033526,S.Perine,RB,WAS,DEN,0,0,0.0,0,0.0,0.0,0.0,17,53.0,0,3,3,21.0,0,5.4,8.4,,,70.0,236.0,22.142375,0.0,Oklahoma,2017.0,2017.0,WAS,114.0,16.0,0.08108108
2017,17,00-0033526,S.Perine,RB,WAS,NYG,0,0,0.0,0,0.0,0.0,0.0,2,3.0,0,0,0,0.0,0,0.3,0.3,,,70.0,236.0,22.142375,0.0,Oklahoma,2017.0,2017.0,WAS,114.0,,
2017,9,00-0033528,J.Sprinkle,TE,WAS,SEA,0,0,0.0,0,0.0,0.0,0.0,0,0.0,0,1,0,0.0,0,0.0,0.0,,,77.0,252.0,23.243,0.0,Arkansas,2017.0,2017.0,WAS,154.0,,0.033333335
2017,11,00-0033528,J.Sprinkle,TE,WAS,NO,0,0,0.0,0,0.0,0.0,0.0,0,0.0,0,1,1,7.0,1,6.7,7.7,,,77.0,252.0,23.243,0.0,Arkansas,2017.0,2017.0,WAS,154.0,,0.033333335
2017,16,00-0033528,J.Sprinkle,TE,WAS,DEN,0,0,0.0,0,0.0,0.0,0.0,0,0.0,0,1,1,6.0,0,0.6,1.6,,,77.0,252.0,23.243,0.0,Arkansas,2017.0,2017.0,WAS,154.0,16.0,0.027027028
2017,6,00-0033536,M.Williams,WR,LAC,LV,0,0,0.0,0,0.0,0.0,0.0,0,0.0,0,1,1,15.0,0,1.5,2.5,,,75.0,218.0,23.0878125,0.0,Clemson,2017.0,2017.0,LAC,7.0,,0.027777778
2017,7,00-0033536,M.Williams,WR,LAC,DEN,0,0,0.0,0,0.0,0.0,0.0,0,0.0,0,2,0,0.0,0,0.0,0.0,,,75.0,218.0,23.0878125,0.0,Clemson,2017.0,2017.0,LAC,7.0,21.0,0.08
2017,8,00-0033536,M.Williams,WR,LAC,NE,0,0,0.0,0,0.0,0.0,0.0,0,0.0,0,2,1,7.0,0,0.7,1.7,,,75.0,218.0,23.0878125,0.0,Clemson,2017.0,2017.0,LAC,7.0,,0.06896552
2017,10,00-0033536,M.Williams,WR,LAC,JAX,0,0,0.0,0,0.0,0.0,0.0,0,0.0,0,2,2,24.0,0,2.4,4.4,,,75.0,218.0,23.0878125,0.0,Clemson,2017.0,2017.0,LAC,7.0,,0.055555556
2017,11,00-0033536,M.Williams,WR,LAC,BUF,0,0,0.0,0,0.0,0.0,0.0,0,0.0,0,8,5,38.0,0,3.8,8.8,,,75.0,218.0,23.0878125,0.0,Clemson,2017.0,2017.0,LAC,7.0,30.0,0.22222222
2017,14,00-0033536,M.Williams,WR,LAC,WAS,0,0,0.0,0,0.0,0.0,0.0,0,0.0,0,3,1,3.0,0,0.3,1.3,,,75.0,218.0,23.0878125,0.0,Clemson,2017.0,2017.0,LAC,7.0,17.0,0.0882353
2017,15,00-0033536,M.Williams,WR,LAC,KC,0,0,0.0,0,0.0,0.0,0.0,0,0.0,0,1,0,0.0,0,0.0,0.0,,,75.0,218.0,23.0878125,0.0,Clemson,2017.0,2017.0,LAC,7.0,,0.027777778
2017,16,00-0033536,M.Williams,WR,LAC,NYJ,0,0,0.0,0,0.0,0.0,0.0,0,0.0,0,3,0,0.0,0,0.0,0.0,,,75.0,218.0,23.0878125,0.0,Clemson,2017.0,2017.0,LAC,7.0,,0.07692308
2017,17,00-0033536,M.Williams,WR,LAC,LV,0,0,0.0,0,0.0,0.0,0.0,0,0.0,0,1,1,8.0,0,0.8,1.8,,,75.0,218.0,23.0878125,0.0,Clemson,2017.0,2017.0,LAC,7.0,20.0,0.027777778
2017,1,00-0033537,D.Watson,QB,HOU,JAX,12,23,102.0,1,1.0,4.0,21.0,2,16.0,0,0,0,0.0,0,5.68,5.68,,,74.0,215.0,22.146,0.0,Clemson,2017.0,2017.0,HOU,12.0,-22.0,
2017,2,00-0033537,D.Watson,QB,HOU,CIN,15,24,125.0,0,0.0,3.0,27.0,5,67.0,1,0,0,0.0,0,17.7,17.7,,,74.0,215.0,22.146,0.0,Clemson,2017.0,2017.0,HOU,12.0,,
2017,3,00-0033537,D.Watson,QB,HOU,NE,22,33,301.0,2,2.0,2.0,9.0,8,41.0,0,0,0,0.0,0,20.14,20.14,,,74.0,215.0,22.146,0.0,Clemson,2017.0,2017.0,HOU,12.0,,
2017,4,00-0033537,D.Watson,QB,HOU,TEN,25,34,283.0,4,1.0,1.0,3.0,4,24.0,1,0,0,0.0,0,33.72,33.72,,,74.0,215.0,22.146,0.0,Clemson,2017.0,2017.0,HOU,12.0,43.0,
2017,5,00-0033537,D.Watson,QB,HOU,KC,16,31,261.0,5,0.0,3.0,13.0,3,31.0,0,0,0,0.0,0,35.54,35.54,,,74.0,215.0,22.146,0.0,Clemson,2017.0,2017.0,HOU,12.0,-8.0,
2017,6,00-0033537,D.Watson,QB,HOU,CLE,17,29,225.0,3,1.0,1.0,8.0,6,23.0,0,0,0,0.0,0,23.3,23.3,,,74.0,215.0,22.146,0.0,Clemson,2017.0,2017.0,HOU,12.0,16.0,
2017,8,00-0033537,D.Watson,QB,HOU,SEA,19,30,402.0,4,3.0,5.0,35.0,8,67.0,0,0,0,0.0,0,32.78,32.78,,,74.0,215.0,22.146,0.0,Clemson,2017.0,2017.0,HOU,12.0,,
2017,1,00-0033553,J.Conner,RB,PIT,CLE,0,0,0.0,0,0.0,0.0,0.0,4,11.0,0,0,0,0.0,0,1.1,1.1,,,73.0,235.0,22.51623529411765,0.0,Pittsburgh,2017.0,2017.0,PIT,105.0,,
2017,2,00-0033553,J.Conner,RB,PIT,MIN,0,0,0.0,0,0.0,0.0,0.0,1,9.0,0,0,0,0.0,0,0.9,0.9,,,73.0,235.0,22.51623529411765,0.0,Pittsburgh,2017.0,2017.0,PIT,105.0,17.0,
2017,4,00-0033553,J.Conner,RB,PIT,BAL,0,0,0.0,0,0.0,0.0,0.0,4,26.0,0,0,0,0.0,0,2.6,2.6,,,73.0,235.0,22.51623529411765,0.0,Pittsburgh,2017.0,2017.0,PIT,105.0,,
2017,5,00-0033553,J.Conner,RB,PIT,JAX,0,0,0.0,0,0.0,0.0,0.0,3,9.0,0,1,0,0.0,0,0.9,0.9,,,73.0,235.0,22.51623529411765,0.0,Pittsburgh,2017.0,2017.0,PIT,105.0,-21.0,0.018518519
2017,6,00-0033553,J.Conner,RB,PIT,KC,0,0,0.0,0,0.0,0.0,0.0,2,14.0,0,0,0,0.0,0,1.4,1.4,,,73.0,235.0,22.51623529411765,0.0,Pittsburgh,2017.0,2017.0,PIT,105.0,,
2017,7,00-0033553,J.Conner,RB,PIT,CIN,0,0,0.0,0,0.0,0.0,0.0,3,19.0,0,0,0,0.0,0,1.9,1.9,,,73.0,235.0,22.51623529411765,0.0,Pittsburgh,2017.0,2017.0,PIT,105.0,15.0,
2017,8,00-0033553,J.Conner,RB,PIT,DET,0,0,0.0,0,0.0,0.0,0.0,1,1.0,0,0,0,0.0,0,0.1,0.1,,,73.0,235.0,22.51623529411765,0.0,Pittsburgh,2017.0,2017.0,PIT,105.0,,
2017,10,00-0033553,J.Conner,RB,PIT,IND,0,0,0.0,0,0.0,0.0,0.0,1,12.0,0,0,0,0.0,0,1.2,1.2,,,73.0,235.0,22.51623529411765,0.0,Pittsburgh,2017.0,2017.0,PIT,105.0,,
2017,11,00-0033553,J.Conner,RB,PIT,TEN,0,0,0.0,0,0.0,0.0,0.0,5,12.0,0,0,0,0.0,0,1.2,1.2,,,73.0,235.0,22.51623529411765,0.0,Pittsburgh,2017.0,2017.0,PIT,105.0,23.0,
2017,13,00-0033553,J.Conner,RB,PIT,CIN,0,0,0.0,0,0.0,0.0,0.0,3,12.0,0,0,0,0.0,0,1.2,1.2,,,73.0,235.0,22.51623529411765,0.0,Pittsburgh,2017.0,2017.0,PIT,105.0,,
2017,14,00-0033553,J.Conner,RB,PIT,BAL,0,0,0.0,0,0.0,0.0,0.0,2,6.0,0,0,0,0.0,0,0.6,0.6,,,73.0,235.0,22.51623529411765,0.0,Pittsburgh,2017.0,2017.0,PIT,105.0,1.0,
2017,15,00-0033553,J.Conner,RB,PIT,NE,0,0,0.0,0,0.0,0.0,0.0,3,13.0,0,0,0,0.0,0,1.3,1.3,,,73.0,235.0,22.51623529411765,0.0,Pittsburgh,2017.0,2017.0,PIT,105.0,-3.0,
2017,2,00-0033555,M.Hollins,WR,PHI,KC,0,0,0.0,0,0.0,0.0,0.0,0,0.0,0,3,3,32.0,0,3.2,6.2,,,76.0,221.0,24.169947368421052,0.0,North Carolina,2017.0,2017.0,PHI,118.0,,0.06666667
2017,6,00-0033555,M.Hollins,WR,PHI,CAR,0,0,0.0,0,0.0,0.0,0.0,0,0.0,0,2,2,38.0,0,3.8,5.8,,,76.0,221.0,24.169947368421052,0.0,North Carolina,2017.0,2017.0,PHI,118.0,,0.06666667
2017,7,00-0033555,M.Hollins,WR,PHI,WAS,0,0,0.0,0,0.0,0.0,0.0,0,0.0,0,1,1,64.0,1,12.4,13.4,,,76.0,221.0,24.169947368421052,0.0,North Carolina,2017.0,2017.0,PHI,118.0,10.0,0.04
2017,8,00-0033555,M.Hollins,WR,PHI,SF,0,0,0.0,0,0.0,0.0,0.0,0,0.0,0,3,2,30.0,0,3.0,5.0,,,76.0,221.0,24.169947368421052,0.0,North Carolina,2017.0,2017.0,PHI,118.0,23.0,0.09375
2017,9,00-0033555,M.Hollins,WR,PHI,DEN,0,0,0.0,0,0.0,0.0,0.0,0,0.0,0,1,1,8.0,0,0.8,1.8,,,76.0,221.0,24.169947368421052,0.0,North Carolina,2017.0,2017.0,PHI,118.0,28.0,0.035714287
2017,11,00-0033555,M.Hollins,WR,PHI,DAL,0,0,0.0,0,0.0,0.0,0.0,0,0.0,0,1,1,7.0,0,0.7,1.7,,,76.0,221.0,24.169947368421052,0.0,North Carolina,2017.0,2017.0,PHI,118.0,,0.03846154
2017,12,00-0033555,M.Hollins,WR,PHI,CHI,0,0,0.0,0,0.0,0.0,0.0,0,0.0,0,2,2,12.0,0,1.2,3.2,,,76.0,221.0,24.169947368421052,0.0,North Carolina,2017.0,2017.0,PHI,118.0,28.0,0.051282052
2017,13,00-0033555,M.Hollins,WR,PHI,SEA,0,0,0.0,0,0.0,0.0,0.0,0,0.0,0,1,1,10.0,0,1.0,2.0,,,76.0,221.0,24.169947368421052,0.0,North Carolina,2017.0,2017.0,PHI,118.0,,0.022222223
2017,14,00-0033555,M.Hollins,WR,PHI,LA,0,0,0.0,0,0.0,0.0,0.0,0,0.0,0,2,0,0.0,0,0.0,0.0,,,76.0,221.0,24.169947368421052,0.0,North Carolina,2017.0,2017.0,PHI,118.0,,0.039215688
2017,15,00-0033555,M.Hollins,WR,PHI,NYG,0,0,0.0,0,0.0,0.0,0.0,0,0.0,0,1,0,0.0,0,0.0,0.0,,,76.0,221.0,24.169947368421052,0.0,North Carolina,2017.0,2017.0,PHI,118.0,,0.027027028
2017,17,00-0033555,M.Hollins,WR,PHI,DAL,0,0,0.0,0,0.0,0.0,0.0,0,0.0,0,5,3,25.0,0,2.5,5.5,,,76.0,221.0,24.169947368421052,0.0,North Carolina,2017.0,2017.0,PHI,118.0,-6.0,0.15151516
2017,19,00-0033555,M.Hollins,WR,PHI,ATL,0,0,0.0,0,0.0,0.0,0.0,0,0.0,0,1,1,9.0,0,0.9,1.9,,,76.0,221.0,24.169947368421052,0.0,North Carolina,2017.0,2017.0,PHI,118.0,5.0,0.033333335
2017,20,00-0033555,M.Hollins,WR,PHI,MIN,0,0,0.0,0,0.0,0.0,0.0,0,0.0,0,1,0,0.0,0,0.0,0.0,,,76.0,221.0,24.169947368421052,0.0,North Carolina,2017.0,2017.0,PHI,118.0,31.0,0.03125
2017,1,00-0033556,T.Cohen,RB,CHI,ATL,0,0,0.0,0,0.0,0.0,0.0,5,66.0,0,12,8,47.0,1,17.3,25.3,,,66.0,181.0,22.2800625,0.0,North Carolina A&amp;T,2017.0,2017.0,CHI,119.0,-6.0,0.3
2017,2,00-0033556,T.Cohen,RB,CHI,TB,0,0,0.0,0,0.0,0.0,0.0,7,13.0,0,9,8,55.0,0,6.8,14.8,,,66.0,181.0,22.2800625,0.0,North Carolina A&amp;T,2017.0,2017.0,CHI,119.0,,0.2
2017,3,00-0033556,T.Cohen,RB,CHI,PIT,0,0,0.0,0,0.0,0.0,0.0,12,78.0,0,4,4,24.0,0,10.2,14.2,,,66.0,181.0,22.2800625,0.0,North Carolina A&amp;T,2017.0,2017.0,CHI,119.0,6.0,0.1904762
2017,4,00-0033556,T.Cohen,RB,CHI,GB,0,0,0.0,0,0.0,0.0,0.0,6,24.0,0,4,4,24.0,0,4.8,8.8,,,66.0,181.0,22.2800625,0.0,North Carolina A&amp;T,2017.0,2017.0,CHI,119.0,,0.121212125
2017,5,00-0033556,T.Cohen,RB,CHI,MIN,0,0,0.0,0,0.0,0.0,0.0,6,13.0,0,1,1,-6.0,0,0.7,1.7,,,66.0,181.0,22.2800625,0.0,North Carolina A&amp;T,2017.0,2017.0,CHI,119.0,-3.0,0.03846154
2017,6,00-0033556,T.Cohen,RB,CHI,BAL,1,1,21.0,1,0.0,0.0,-0.0,14,32.0,0,3,1,14.0,0,7.44,8.44,,,66.0,181.0,22.2800625,0.0,North Carolina A&amp;T,2017.0,2017.0,CHI,119.0,,0.1875
2017,7,00-0033556,T.Cohen,RB,CHI,CAR,0,0,0.0,0,0.0,0.0,0.0,0,0.0,0,3,1,70.0,0,7.0,8.0,,,66.0,181.0,22.2800625,0.0,North Carolina A&amp;T,2017.0,2017.0,CHI,119.0,14.0,0.42857143
2017,8,00-0033556,T.Cohen,RB,CHI,NO,0,0,0.0,0,0.0,0.0,0.0,4,2.0,1,3,1,6.0,0,6.8,7.8,,,66.0,181.0,22.2800625,0.0,North Carolina A&amp;T,2017.0,2017.0,CHI,119.0,,0.09375
2017,10,00-0033556,T.Cohen,RB,CHI,GB,0,0,0.0,0,0.0,0.0,0.0,1,1.0,0,2,1,10.0,0,1.1,2.1,,,66.0,181.0,22.2800625,0.0,North Carolina A&amp;T,2017.0,2017.0,CHI,119.0,-7.0,0.057142857
2017,11,00-0033556,T.Cohen,RB,CHI,DET,0,0,0.0,0,0.0,0.0,0.0,9,44.0,1,6,4,15.0,0,11.9,15.9,,,66.0,181.0,22.2800625,0.0,North Carolina A&amp;T,2017.0,2017.0,CHI,119.0,-3.0,0.2
2017,12,00-0033556,T.Cohen,RB,CHI,PHI,0,0,0.0,0,0.0,0.0,0.0,2,-11.0,0,2,2,8.0,0,-0.3,1.7,,,66.0,181.0,22.2800625,0.0,North Carolina A&amp;T,2017.0,2017.0,CHI,119.0,,0.0625
2017,13,00-0033556,T.Cohen,RB,CHI,SF,0,0,0.0,0,0.0,0.0,0.0,2,5.0,0,4,4,39.0,0,10.4,14.4,,,66.0,181.0,22.2800625,0.0,North Carolina A&amp;T,2017.0,2017.0,CHI,119.0,-1.0,0.26666668
2017,14,00-0033556,T.Cohen,RB,CHI,CIN,0,0,0.0,0,0.0,0.0,0.0,12,80.0,0,2,2,5.0,0,8.5,10.5,,,66.0,181.0,22.2800625,0.0,North Carolina A&amp;T,2017.0,2017.0,CHI,119.0,,0.06451613
2017,15,00-0033556,T.Cohen,RB,CHI,DET,0,0,0.0,0,0.0,0.0,0.0,2,1.0,0,6,4,16.0,0,1.7,5.7,,,66.0,181.0,22.2800625,0.0,North Carolina A&amp;T,2017.0,2017.0,CHI,119.0,,0.13043478
2017,16,00-0033556,T.Cohen,RB,CHI,CLE,0,0,0.0,0,0.0,0.0,0.0,2,9.0,0,2,2,12.0,0,2.1,4.1,,,66.0,181.0,22.2800625,0.0,North Carolina A&amp;T,2017.0,2017.0,CHI,119.0,17.0,0.08695652
2017,17,00-0033556,T.Cohen,RB,CHI,MIN,0,1,0.0,0,0.0,0.0,-0.0,3,13.0,0,8,6,14.0,0,2.7,8.7,,,66.0,181.0,22.2800625,0.0,North Carolina A&amp;T,2017.0,2017.0,CHI,119.0,,0.22222222
2017,4,00-0033559,M.Roberts,TE,DET,MIN,0,0,0.0,0,0.0,0.0,0.0,0,0.0,0,1,1,15.0,0,1.5,2.5,,,76.0,265.0,23.501,0.0,Toledo,2017.0,2017.0,DET,127.0,,0.032258064
2017,8,00-0033559,M.Roberts,TE,DET,PIT,0,0,0.0,0,0.0,0.0,0.0,0,0.0,0,2,0,0.0,0,0.0,0.0,,,76.0,265.0,23.501,0.0,Toledo,2017.0,2017.0,DET,127.0,-5.0,0.044444446
2017,13,00-0033559,M.Roberts,TE,DET,BAL,0,0,0.0,0,0.0,0.0,0.0,0,0.0,0,1,1,23.0,0,2.3,3.3,,,76.0,265.0,23.501,0.0,Toledo,2017.0,2017.0,DET,127.0,,0.029411765
2017,14,00-0033559,M.Roberts,TE,DET,TB,0,0,0.0,0,0.0,0.0,0.0,0,0.0,0,2,2,8.0,0,0.8,2.8,,,76.0,265.0,23.501,0.0,Toledo,2017.0,2017.0,DET,127.0,,0.045454547
2017,16,00-0033559,M.Roberts,TE,DET,CIN,0,0,0.0,0,0.0,0.0,0.0,0,0.0,0,1,0,0.0,0,0.0,0.0,,,76.0,265.0,23.501,0.0,Toledo,2017.0,2017.0,DET,127.0,,0.029411765
2017,3,00-0033562,R.Switzer,WR,DAL,ARI,0,0,0.0,0,0.0,0.0,0.0,1,3.0,0,0,0,0.0,0,0.3,0.3,,,68.0,181.0,23.0061875,0.0,North Carolina,2017.0,2017.0,DAL,133.0,,
2017,4,00-0033562,R.Switzer,WR,DAL,LA,0,0,0.0,0,0.0,0.0,0.0,1,3.0,0,0,0,0.0,0,0.3,0.3,,,68.0,181.0,23.0061875,0.0,North Carolina,2017.0,2017.0,DAL,133.0,-5.0,
2017,7,00-0033562,R.Switzer,WR,DAL,SF,0,0,0.0,0,0.0,0.0,0.0,1,3.0,0,1,1,2.0,0,0.5,1.5,,,68.0,181.0,23.0061875,0.0,North Carolina,2017.0,2017.0,DAL,133.0,,0.037037037
2017,8,00-0033562,R.Switzer,WR,DAL,WAS,0,0,0.0,0,0.0,0.0,0.0,0,0.0,0,1,1,7.0,0,0.7,1.7,,,68.0,181.0,23.0061875,0.0,North Carolina,2017.0,2017.0,DAL,133.0,,0.045454547
2017,12,00-0033562,R.Switzer,WR,DAL,LAC,0,0,0.0,0,0.0,0.0,0.0,1,-4.0,0,0,0,0.0,0,-0.4,-0.4,,,68.0,181.0,23.0061875,0.0,North Carolina,2017.0,2017.0,DAL,133.0,-22.0,
2017,13,00-0033562,R.Switzer,WR,DAL,DAL,0,0,0.0,0,0.0,0.0,0.0,0,0.0,0,0,0,0.0,0,6.0,6.0,,,68.0,181.0,23.0061875,0.0,North Carolina,2017.0,2017.0,DAL,133.0,24.0,
2017,17,00-0033562,R.Switzer,WR,DAL,PHI,0,0,0.0,0,0.0,0.0,0.0,0,0.0,0,5,4,32.0,0,3.2,7.2,,,68.0,181.0,23.0061875,0.0,North Carolina,2017.0,2017.0,DAL,133.0,,0.16666667
2017,14,00-0033567,B.Hill,RB,CIN,CHI,0,0,0.0,0,0.0,0.0,0.0,2,8.0,0,1,1,2.0,0,1.0,2.0,,,73.0,219.0,21.995375,0.0,Wyoming,2017.0,2017.0,ATL,156.0,-26.0,0.027777778
2017,15,00-0033567,B.Hill,RB,CIN,MIN,0,0,0.0,0,0.0,0.0,0.0,5,12.0,0,0,0,0.0,0,1.2,1.2,,,73.0,219.0,21.995375,0.0,Wyoming,2017.0,2017.0,ATL,156.0,,
2017,16,00-0033567,B.Hill,RB,CIN,DET,0,0,0.0,0,0.0,0.0,0.0,4,17.0,0,1,1,34.0,0,5.1,6.1,,,73.0,219.0,21.995375,0.0,Wyoming,2017.0,2017.0,ATL,156.0,9.0,0.025
2017,2,00-0033572,J.Agnew,WR,DET,DET,0,0,0.0,0,0.0,0.0,0.0,0,0.0,0,0,0,0.0,0,6.0,6.0,,,70.0,190.0,22.59475,0.0,San Diego,2017.0,2017.0,DET,165.0,,
2017,6,00-0033572,J.Agnew,WR,DET,DET,0,0,0.0,0,0.0,0.0,0.0,0,0.0,0,0,0,0.0,0,6.0,6.0,,,70.0,190.0,22.59475,0.0,San Diego,2017.0,2017.0,DET,165.0,,
2017,8,00-0033572,J.Agnew,WR,DET,PIT,0,0,0.0,0,0.0,0.0,0.0,0,0.0,0,1,1,12.0,0,1.2,2.2,,,70.0,190.0,22.59475,0.0,San Diego,2017.0,2017.0,DET,165.0,-5.0,0.022222223
2017,9,00-0033572,J.Agnew,WR,DET,GB,0,0,0.0,0,0.0,0.0,0.0,1,4.0,0,0,0,0.0,0,0.4,0.4,,,70.0,190.0,22.59475,0.0,San Diego,2017.0,2017.0,DET,165.0,,
2017,11,00-0033572,J.Agnew,WR,DET,CHI,0,0,0.0,0,0.0,0.0,0.0,1,5.0,0,0,0,0.0,0,0.5,0.5,,,70.0,190.0,22.59475,0.0,San Diego,2017.0,2017.0,DET,165.0,,
2017,15,00-0033572,J.Agnew,WR,DET,CHI,0,0,0.0,0,0.0,0.0,0.0,0,0.0,0,1,1,6.0,0,0.6,1.6,,,70.0,190.0,22.59475,0.0,San Diego,2017.0,2017.0,DET,165.0,10.0,0.030303031
2017,17,00-0033573,S.Gibson,WR,PHI,DAL,0,0,0.0,0,0.0,0.0,0.0,0,0.0,0,3,2,11.0,0,1.1,3.1,,,71.0,191.0,22.663999999999998,0.0,West Virginia,2017.0,2017.0,PHI,166.0,-6.0,0.09090909
2017,3,00-0033581,D.Henderson,RB,DEN,BUF,0,0,0.0,0,0.0,0.0,0.0,1,1.0,0,0,0,0.0,0,0.1,0.1,,,67.0,208.0,24.951875,0.0,Coastal Carolina,2017.0,2017.0,DEN,203.0,,
2017,16,00-0033581,D.Henderson,RB,DEN,WAS,0,0,0.0,0,0.0,0.0,0.0,1,-3.0,0,1,1,7.0,0,0.4,1.4,,,67.0,208.0,24.951875,0.0,Coastal Carolina,2017.0,2017.0,DEN,203.0,,0.027027028
2017,17,00-0033581,D.Henderson,RB,DEN,KC,0,0,0.0,0,0.0,0.0,0.0,5,15.0,0,1,1,29.0,1,10.4,11.4,,,67.0,208.0,24.951875,0.0,Coastal Carolina,2017.0,2017.0,DEN,203.0,-3.0,0.032258064
2017,3,00-0033591,N.Brown,WR,DAL,ARI,0,0,0.0,0,0.0,0.0,0.0,0,0.0,0,1,1,13.0,0,1.3,2.3,,,74.0,222.0,21.8343125,0.0,Ohio State,2017.0,2017.0,DAL,239.0,,0.055555556
2017,11,00-0033591,N.Brown,WR,DAL,PHI,0,0,0.0,0,0.0,0.0,0.0,0,0.0,0,1,1,14.0,0,1.4,2.4,,,74.0,222.0,21.8343125,0.0,Ohio State,2017.0,2017.0,DAL,239.0,-28.0,0.032258064
2017,13,00-0033591,N.Brown,WR,DAL,WAS,0,0,0.0,0,0.0,0.0,0.0,0,0.0,0,1,1,-2.0,0,-0.2,0.8,,,74.0,222.0,21.8343125,0.0,Ohio State,2017.0,2017.0,DAL,239.0,24.0,0.045454547
2017,14,00-0033591,N.Brown,WR,DAL,NYG,0,0,0.0,0,0.0,0.0,0.0,0,0.0,0,2,0,0.0,0,0.0,0.0,,,74.0,222.0,21.8343125,0.0,Ohio State,2017.0,2017.0,DAL,239.0,,0.06666667
2017,15,00-0033591,N.Brown,WR,DAL,LV,0,0,0.0,0,0.0,0.0,0.0,0,0.0,0,1,1,8.0,0,0.8,1.8,,,74.0,222.0,21.8343125,0.0,Ohio State,2017.0,2017.0,DAL,239.0,,0.037037037
2017,16,00-0033591,N.Brown,WR,DAL,SEA,0,0,0.0,0,0.0,0.0,0.0,0,0.0,0,2,0,0.0,0,0.0,0.0,,,74.0,222.0,21.8343125,0.0,Ohio State,2017.0,2017.0,DAL,239.0,-9.0,0.05882353
2017,17,00-0033591,N.Brown,WR,DAL,PHI,0,0,0.0,0,0.0,0.0,0.0,0,0.0,0,1,0,0.0,0,0.0,0.0,,,74.0,222.0,21.8343125,0.0,Ohio State,2017.0,2017.0,DAL,239.0,,0.033333335
2017,1,00-0033594,C.Carson,RB,SEA,GB,0,0,0.0,0,0.0,0.0,0.0,6,39.0,0,1,1,10.0,0,4.9,5.9,,,71.0,218.0,23.140875,0.0,Oklahoma State,2017.0,2017.0,SEA,249.0,,0.037037037
2017,2,00-0033594,C.Carson,RB,SEA,SF,0,0,0.0,0,0.0,0.0,0.0,20,93.0,0,2,1,7.0,0,10.0,11.0,,,71.0,218.0,23.140875,0.0,Oklahoma State,2017.0,2017.0,SEA,249.0,3.0,0.051282052
2017,3,00-0033594,C.Carson,RB,SEA,TEN,0,0,0.0,0,0.0,0.0,0.0,11,34.0,0,2,2,18.0,1,11.2,13.2,,,71.0,218.0,23.140875,0.0,Oklahoma State,2017.0,2017.0,SEA,249.0,,0.041666668
2017,4,00-0033594,C.Carson,RB,SEA,IND,0,0,0.0,0,0.0,0.0,0.0,12,42.0,0,3,3,24.0,0,6.6,9.6,,,71.0,218.0,23.140875,0.0,Oklahoma State,2017.0,2017.0,SEA,249.0,28.0,0.115384616
2017,1,00-0033596,M.Dayes,RB,CLE,PIT,0,0,0.0,0,0.0,0.0,0.0,3,7.0,0,2,2,9.0,0,1.6,3.6,,,68.0,205.0,23.173125,0.0,North Carolina State,2017.0,2017.0,CLE,252.0,-3.0,0.06666667
2017,4,00-0033596,M.Dayes,RB,CLE,CIN,0,0,0.0,0,0.0,0.0,0.0,1,2.0,0,0,0,0.0,0,0.2,0.2,,,68.0,205.0,23.173125,0.0,North Carolina State,2017.0,2017.0,CLE,252.0,-24.0,
2017,8,00-0033596,M.Dayes,RB,CLE,MIN,0,0,0.0,0,0.0,0.0,0.0,0,0.0,0,1,1,15.0,0,1.5,2.5,,,68.0,205.0,23.173125,0.0,North Carolina State,2017.0,2017.0,CLE,252.0,-17.0,0.029411765
2017,11,00-0033596,M.Dayes,RB,CLE,JAX,0,0,0.0,0,0.0,0.0,0.0,0,0.0,0,2,1,5.0,0,0.5,1.5,,,68.0,205.0,23.173125,0.0,North Carolina State,2017.0,2017.0,CLE,252.0,-12.0,0.06451613
2017,16,00-0033596,M.Dayes,RB,CLE,CHI,0,0,0.0,0,0.0,0.0,0.0,1,4.0,0,0,0,0.0,0,0.4,0.4,,,68.0,205.0,23.173125,0.0,North Carolina State,2017.0,2017.0,CLE,252.0,,
2017,5,00-0033611,R.Seals-Jones,TE,ARI,PHI,0,0,0.0,0,0.0,0.0,0.0,0,0.0,0,1,0,0.0,0,0.0,0.0,,,77.0,243.0,22.645625,0.0,Texas A&amp;M,2017.0,2017.0,,,,0.022727273
2017,11,00-0033611,R.Seals-Jones,TE,ARI,HOU,0,0,0.0,0,0.0,0.0,0.0,0,0.0,0,5,3,54.0,2,17.4,20.4,,,77.0,243.0,22.645625,0.0,Texas A&amp;M,2017.0,2017.0,,,,0.14705883
2017,12,00-0033611,R.Seals-Jones,TE,ARI,JAX,0,0,0.0,0,0.0,0.0,0.0,0,0.0,0,6,4,72.0,1,13.2,17.2,,,77.0,243.0,22.645625,0.0,Texas A&amp;M,2017.0,2017.0,,,3.0,0.16216215
2017,13,00-0033611,R.Seals-Jones,TE,ARI,LA,0,0,0.0,0,0.0,0.0,0.0,0,0.0,0,5,2,44.0,0,4.4,6.4,,,77.0,243.0,22.645625,0.0,Texas A&amp;M,2017.0,2017.0,,,-16.0,0.15625
2017,14,00-0033611,R.Seals-Jones,TE,ARI,TEN,0,0,0.0,0,0.0,0.0,0.0,0,0.0,0,3,1,20.0,0,2.0,3.0,,,77.0,243.0,22.645625,0.0,Texas A&amp;M,2017.0,2017.0,,,5.0,0.115384616
2017,15,00-0033611,R.Seals-Jones,TE,ARI,WAS,0,0,0.0,0,0.0,0.0,0.0,0,0.0,0,6,2,11.0,0,1.1,3.1,,,77.0,243.0,22.645625,0.0,Texas A&amp;M,2017.0,2017.0,,,,0.15
2017,16,00-0033611,R.Seals-Jones,TE,ARI,NYG,0,0,0.0,0,0.0,0.0,0.0,0,0.0,0,1,0,0.0,0,0.0,0.0,,,77.0,243.0,22.645625,0.0,Texas A&amp;M,2017.0,2017.0,,,23.0,0.029411765
2017,17,00-0033611,R.Seals-Jones,TE,ARI,SEA,0,0,0.0,0,0.0,0.0,0.0,0,0.0,0,1,0,0.0,0,0.0,0.0,,,77.0,243.0,22.645625,0.0,Texas A&amp;M,2017.0,2017.0,,,,0.030303031
2017,2,00-0033633,T.Gentry,WR,CHI,TB,0,0,0.0,0,0.0,0.0,0.0,0,0.0,0,3,2,27.0,0,2.7,4.7,,,73.0,209.0,22.8824375,0.0,Wyoming,2017.0,2017.0,,,,0.06666667
2017,6,00-0033633,T.Gentry,WR,CHI,BAL,0,0,0.0,0,0.0,0.0,0.0,0,0.0,0,1,0,0.0,0,0.0,0.0,,,73.0,209.0,22.8824375,0.0,Wyoming,2017.0,2017.0,,,,0.0625
2017,7,00-0033633,T.Gentry,WR,CHI,CAR,0,0,0.0,0,0.0,0.0,0.0,0,0.0,0,1,1,8.0,0,0.8,1.8,,,73.0,209.0,22.8824375,0.0,Wyoming,2017.0,2017.0,,,14.0,0.14285715
2017,8,00-0033633,T.Gentry,WR,CHI,NO,0,0,0.0,0,0.0,0.0,0.0,0,0.0,0,1,0,0.0,0,0.0,0.0,,,73.0,209.0,22.8824375,0.0,Wyoming,2017.0,2017.0,,,,0.03125
2017,7,00-0033662,C.Rush,QB,DAL,SF,1,2,2.0,0,0.0,0.0,-0.0,2,13.0,0,0,0,0.0,0,1.38,1.38,,,75.0,228.0,23.9589375,0.0,Central Michigan,2017.0,2017.0,,,,
2017,11,00-0033662,C.Rush,QB,DAL,PHI,0,1,0.0,0,0.0,0.0,-0.0,0,0.0,0,0,0,0.0,0,0.0,0.0,,,75.0,228.0,23.9589375,0.0,Central Michigan,2017.0,2017.0,,,-28.0,
2017,1,00-0033681,K.Cole,WR,JAX,HOU,0,0,0.0,0,0.0,0.0,0.0,0,0.0,0,2,0,0.0,0,0.0,0.0,,,73.0,194.0,24.576105263157896,0.0,Kentucky Wesleyan,2017.0,2017.0,,,,0.0952381
2017,2,00-0033681,K.Cole,WR,JAX,TEN,0,0,0.0,0,0.0,0.0,0.0,0,0.0,0,3,2,13.0,0,1.3,3.3,,,73.0,194.0,24.576105263157896,0.0,Kentucky Wesleyan,2017.0,2017.0,,,-21.0,0.0882353
2017,3,00-0033681,K.Cole,WR,JAX,BAL,0,0,0.0,0,0.0,0.0,0.0,0,0.0,0,4,1,13.0,0,1.3,2.3,,,73.0,194.0,24.576105263157896,0.0,Kentucky Wesleyan,2017.0,2017.0,,,37.0,0.13333334
2017,4,00-0033681,K.Cole,WR,JAX,NYJ,0,0,0.0,0,0.0,0.0,0.0,0,0.0,0,6,1,10.0,0,1.0,2.0,,,73.0,194.0,24.576105263157896,0.0,Kentucky Wesleyan,2017.0,2017.0,,,,0.17142858
2017,5,00-0033681,K.Cole,WR,JAX,PIT,0,0,0.0,0,0.0,0.0,0.0,0,0.0,0,1,1,4.0,0,0.4,1.4,,,73.0,194.0,24.576105263157896,0.0,Kentucky Wesleyan,2017.0,2017.0,,,,0.071428575
2017,6,00-0033681,K.Cole,WR,JAX,LA,0,0,0.0,0,0.0,0.0,0.0,0,0.0,0,2,1,7.0,0,0.7,1.7,,,73.0,194.0,24.576105263157896,0.0,Kentucky Wesleyan,2017.0,2017.0,,,-10.0,0.057142857
2017,7,00-0033681,K.Cole,WR,JAX,IND,0,0,0.0,0,0.0,0.0,0.0,0,0.0,0,3,2,64.0,0,6.4,8.4,,,73.0,194.0,24.576105263157896,0.0,Kentucky Wesleyan,2017.0,2017.0,,,,0.11111111
2017,9,00-0033681,K.Cole,WR,JAX,CIN,0,0,0.0,0,0.0,0.0,0.0,0,0.0,0,5,3,47.0,0,4.7,7.7,,,73.0,194.0,24.576105263157896,0.0,Kentucky Wesleyan,2017.0,2017.0,,,16.0,0.13513513
2017,10,00-0033681,K.Cole,WR,JAX,LAC,0,0,0.0,0,0.0,0.0,0.0,0,0.0,0,8,3,61.0,0,6.1,9.1,,,73.0,194.0,24.576105263157896,0.0,Kentucky Wesleyan,2017.0,2017.0,,,3.0,0.15686275
2017,11,00-0033681,K.Cole,WR,JAX,CLE,0,0,0.0,0,0.0,0.0,0.0,0,0.0,0,6,3,24.0,0,2.4,5.4,,,73.0,194.0,24.576105263157896,0.0,Kentucky Wesleyan,2017.0,2017.0,,,,0.20689656
2017,12,00-0033681,K.Cole,WR,JAX,ARI,0,0,0.0,0,0.0,0.0,0.0,0,0.0,0,7,2,30.0,0,3.0,5.0,,,73.0,194.0,24.576105263157896,0.0,Kentucky Wesleyan,2017.0,2017.0,,,,0.21875
2017,13,00-0033681,K.Cole,WR,JAX,IND,0,0,0.0,0,0.0,0.0,0.0,0,0.0,0,3,3,49.0,1,10.9,13.9,,,73.0,194.0,24.576105263157896,0.0,Kentucky Wesleyan,2017.0,2017.0,,,20.0,0.08571429
2017,14,00-0033681,K.Cole,WR,JAX,SEA,0,0,0.0,0,0.0,0.0,0.0,0,0.0,0,3,3,99.0,1,15.9,18.9,,,73.0,194.0,24.576105263157896,0.0,Kentucky Wesleyan,2017.0,2017.0,,,6.0,0.11111111
2017,15,00-0033681,K.Cole,WR,JAX,HOU,0,0,0.0,0,0.0,0.0,0.0,0,0.0,0,9,7,186.0,1,24.6,31.6,,,73.0,194.0,24.576105263157896,0.0,Kentucky Wesleyan,2017.0,2017.0,,,38.0,0.34615386
2017,16,00-0033681,K.Cole,WR,JAX,SF,0,0,0.0,0,0.0,0.0,0.0,0,0.0,0,13,6,108.0,0,10.8,16.8,,,73.0,194.0,24.576105263157896,0.0,Kentucky Wesleyan,2017.0,2017.0,,,,0.26
2017,17,00-0033681,K.Cole,WR,JAX,TEN,0,0,0.0,0,0.0,0.0,0.0,0,0.0,0,8,4,33.0,0,1.3,5.3,,,73.0,194.0,24.576105263157896,0.0,Kentucky Wesleyan,2017.0,2017.0,,,,0.23529412
2017,18,00-0033681,K.Cole,WR,JAX,BUF,0,0,0.0,0,0.0,0.0,0.0,0,0.0,0,1,0,0.0,0,0.0,0.0,,,73.0,194.0,24.576105263157896,0.0,Kentucky Wesleyan,2017.0,2017.0,,,7.0,0.045454547
2017,19,00-0033681,K.Cole,WR,JAX,PIT,0,0,0.0,0,0.0,0.0,0.0,0,0.0,0,2,1,45.0,0,4.5,5.5,,,73.0,194.0,24.576105263157896,0.0,Kentucky Wesleyan,2017.0,2017.0,,,,0.08
2017,20,00-0033681,K.Cole,WR,JAX,NE,0,0,0.0,0,0.0,0.0,0.0,0,0.0,0,3,2,37.0,0,3.7,5.7,,,73.0,194.0,24.576105263157896,0.0,Kentucky Wesleyan,2017.0,2017.0,,,,0.083333336
2017,1,00-0033699,A.Ekeler,RB,LAC,DEN,0,0,0.0,0,0.0,0.0,0.0,0,0.0,0,2,2,18.0,0,1.8,3.8,,,69.0,195.0,22.4718125,0.0,"Western State, Colo.",2017.0,2017.0,,,,0.060606062
2017,3,00-0033699,A.Ekeler,RB,LAC,KC,0,0,0.0,0,0.0,0.0,0.0,0,0.0,0,1,1,6.0,0,0.6,1.6,,,69.0,195.0,22.4718125,0.0,"Western State, Colo.",2017.0,2017.0,,,-14.0,0.025641026
2017,4,00-0033699,A.Ekeler,RB,LAC,PHI,0,0,0.0,0,0.0,0.0,0.0,1,35.0,1,2,2,23.0,0,11.8,13.8,,,69.0,195.0,22.4718125,0.0,"Western State, Colo.",2017.0,2017.0,,,-2.0,0.054054055
2017,5,00-0033699,A.Ekeler,RB,LAC,NYG,0,0,0.0,0,0.0,0.0,0.0,4,0.0,0,6,3,28.0,0,2.8,5.8,,,69.0,195.0,22.4718125,0.0,"Western State, Colo.",2017.0,2017.0,,,,0.14285715
2017,6,00-0033699,A.Ekeler,RB,LAC,LV,0,0,0.0,0,0.0,0.0,0.0,1,1.0,0,2,1,8.0,0,0.9,1.9,,,69.0,195.0,22.4718125,0.0,"Western State, Colo.",2017.0,2017.0,,,,0.055555556
2017,7,00-0033699,A.Ekeler,RB,LAC,DEN,0,0,0.0,0,0.0,0.0,0.0,7,38.0,0,4,4,6.0,1,10.4,14.4,,,69.0,195.0,22.4718125,0.0,"Western State, Colo.",2017.0,2017.0,,,21.0,0.16
2017,8,00-0033699,A.Ekeler,RB,LAC,NE,0,0,0.0,0,0.0,0.0,0.0,2,8.0,0,1,1,13.0,0,2.1,3.1,,,69.0,195.0,22.4718125,0.0,"Western State, Colo.",2017.0,2017.0,,,,0.03448276
2017,10,00-0033699,A.Ekeler,RB,LAC,JAX,0,0,0.0,0,0.0,0.0,0.0,10,42.0,0,5,5,77.0,2,21.9,26.9,,,69.0,195.0,22.4718125,0.0,"Western State, Colo.",2017.0,2017.0,,,,0.1388889
2017,11,00-0033699,A.Ekeler,RB,LAC,BUF,0,0,0.0,0,0.0,0.0,0.0,6,40.0,1,2,2,18.0,0,11.8,13.8,,,69.0,195.0,22.4718125,0.0,"Western State, Colo.",2017.0,2017.0,,,30.0,0.055555556
2017,12,00-0033699,A.Ekeler,RB,LAC,DAL,0,0,0.0,0,0.0,0.0,0.0,6,15.0,0,3,3,55.0,0,7.0,10.0,,,69.0,195.0,22.4718125,0.0,"Western State, Colo.",2017.0,2017.0,,,,0.09090909
2017,13,00-0033699,A.Ekeler,RB,LAC,CLE,0,0,0.0,0,0.0,0.0,0.0,4,19.0,0,3,2,21.0,0,4.0,6.0,,,69.0,195.0,22.4718125,0.0,"Western State, Colo.",2017.0,2017.0,,,9.0,0.069767445
2017,14,00-0033699,A.Ekeler,RB,LAC,WAS,0,0,0.0,0,0.0,0.0,0.0,4,49.0,0,3,0,0.0,0,4.9,4.9,,,69.0,195.0,22.4718125,0.0,"Western State, Colo.",2017.0,2017.0,,,17.0,0.0882353
2017,15,00-0033699,A.Ekeler,RB,LAC,KC,0,0,0.0,0,0.0,0.0,0.0,2,13.0,0,1,1,6.0,0,-0.1,0.9,,,69.0,195.0,22.4718125,0.0,"Western State, Colo.",2017.0,2017.0,,,,0.027777778
2017,6,00-0033717,T.Rudolph,WR,NYG,DEN,0,0,0.0,0,0.0,0.0,0.0,0,0.0,0,1,0,0.0,0,0.0,0.0,,,72.0,190.0,22.141875,0.0,Florida State,2017.0,2017.0,,,,0.05263158
2017,7,00-0033717,T.Rudolph,WR,NYG,SEA,0,0,0.0,0,0.0,0.0,0.0,0,0.0,0,6,3,32.0,0,3.2,6.2,,,72.0,190.0,22.141875,0.0,Florida State,2017.0,2017.0,,,-17.0,0.15789473
2017,11,00-0033717,T.Rudolph,WR,NYG,KC,0,0,0.0,0,0.0,0.0,0.0,0,0.0,0,6,3,34.0,0,3.4,6.4,,,72.0,190.0,22.141875,0.0,Florida State,2017.0,2017.0,,,3.0,0.17142858
2017,12,00-0033717,T.Rudolph,WR,NYG,WAS,0,0,0.0,0,0.0,0.0,0.0,0,0.0,0,2,0,0.0,0,0.0,0.0,,,72.0,190.0,22.141875,0.0,Florida State,2017.0,2017.0,,,,0.07692308
2017,16,00-0033717,T.Rudolph,WR,NYG,ARI,0,0,0.0,0,0.0,0.0,0.0,0,0.0,0,2,1,6.0,0,0.6,1.6,,,72.0,190.0,22.141875,0.0,Florida State,2017.0,2017.0,,,,0.045454547
2017,17,00-0033717,T.Rudolph,WR,NYG,WAS,0,0,0.0,0,0.0,0.0,0.0,0,0.0,0,4,1,29.0,0,2.9,3.9,,,72.0,190.0,22.141875,0.0,Florida State,2017.0,2017.0,,,8.0,0.14285715
2017,3,00-0033725,C.Clement,RB,PHI,NYG,0,0,0.0,0,0.0,0.0,0.0,6,22.0,1,0,0,0.0,0,8.2,8.2,,,70.0,220.0,23.041947368421052,0.0,Wisconsin,2017.0,2017.0,,,3.0,
2017,4,00-0033725,C.Clement,RB,PHI,LAC,0,0,0.0,0,0.0,0.0,0.0,10,30.0,0,0,0,0.0,0,3.0,3.0,,,70.0,220.0,23.041947368421052,0.0,Wisconsin,2017.0,2017.0,,,,
2017,5,00-0033725,C.Clement,RB,PHI,ARI,0,0,0.0,0,0.0,0.0,0.0,7,17.0,0,1,1,22.0,0,3.9,4.9,,,70.0,220.0,23.041947368421052,0.0,Wisconsin,2017.0,2017.0,,,27.0,0.033333335
2017,6,00-0033725,C.Clement,RB,PHI,CAR,0,0,0.0,0,0.0,0.0,0.0,2,2.0,0,0,0,0.0,0,0.2,0.2,,,70.0,220.0,23.041947368421052,0.0,Wisconsin,2017.0,2017.0,,,,
2017,7,00-0033725,C.Clement,RB,PHI,WAS,0,0,0.0,0,0.0,0.0,0.0,1,6.0,0,1,1,9.0,1,7.5,8.5,,,70.0,220.0,23.041947368421052,0.0,Wisconsin,2017.0,2017.0,,,10.0,0.04
2017,8,00-0033725,C.Clement,RB,PHI,SF,0,0,0.0,0,0.0,0.0,0.0,10,54.0,0,1,0,0.0,0,5.4,5.4,,,70.0,220.0,23.041947368421052,0.0,Wisconsin,2017.0,2017.0,,,23.0,0.03125
2017,9,00-0033725,C.Clement,RB,PHI,DEN,0,0,0.0,0,0.0,0.0,0.0,12,51.0,2,1,1,15.0,1,24.6,25.6,,,70.0,220.0,23.041947368421052,0.0,Wisconsin,2017.0,2017.0,,,28.0,0.035714287
2017,11,00-0033725,C.Clement,RB,PHI,DAL,0,0,0.0,0,0.0,0.0,0.0,6,50.0,1,0,0,0.0,0,13.0,13.0,,,70.0,220.0,23.041947368421052,0.0,Wisconsin,2017.0,2017.0,,,,
2017,12,00-0033725,C.Clement,RB,PHI,CHI,0,0,0.0,0,0.0,0.0,0.0,4,27.0,0,1,1,12.0,0,3.9,4.9,,,70.0,220.0,23.041947368421052,0.0,Wisconsin,2017.0,2017.0,,,28.0,0.025641026
2017,13,00-0033725,C.Clement,RB,PHI,SEA,0,0,0.0,0,0.0,0.0,0.0,3,7.0,0,3,3,30.0,0,3.7,6.7,,,70.0,220.0,23.041947368421052,0.0,Wisconsin,2017.0,2017.0,,,,0.06666667
2017,14,00-0033725,C.Clement,RB,PHI,LA,0,0,0.0,0,0.0,0.0,0.0,6,24.0,0,3,1,28.0,0,5.2,6.2,,,70.0,220.0,23.041947368421052,0.0,Wisconsin,2017.0,2017.0,,,,0.05882353
2017,15,00-0033725,C.Clement,RB,PHI,NYG,0,0,0.0,0,0.0,0.0,0.0,4,17.0,0,1,1,1.0,0,1.8,2.8,,,70.0,220.0,23.041947368421052,0.0,Wisconsin,2017.0,2017.0,,,,0.027027028
2017,16,00-0033725,C.Clement,RB,PHI,LV,0,0,0.0,0,0.0,0.0,0.0,2,14.0,0,2,1,6.0,0,2.0,3.0,,,70.0,220.0,23.041947368421052,0.0,Wisconsin,2017.0,2017.0,,,9.0,0.055555556
2017,17,00-0033725,C.Clement,RB,PHI,DAL,0,0,0.0,0,0.0,0.0,0.0,1,0.0,0,1,0,0.0,0,0.0,0.0,,,70.0,220.0,23.041947368421052,0.0,Wisconsin,2017.0,2017.0,,,-6.0,0.030303031
2017,19,00-0033725,C.Clement,RB,PHI,ATL,0,0,0.0,0,0.0,0.0,0.0,1,5.0,0,5,5,31.0,0,3.6,8.6,,,70.0,220.0,23.041947368421052,0.0,Wisconsin,2017.0,2017.0,,,5.0,0.16666667
2017,20,00-0033725,C.Clement,RB,PHI,MIN,0,0,0.0,0,0.0,0.0,0.0,2,20.0,0,1,1,8.0,0,2.8,3.8,,,70.0,220.0,23.041947368421052,0.0,Wisconsin,2017.0,2017.0,,,31.0,0.03125
2017,21,00-0033725,C.Clement,RB,PHI,NE,0,0,0.0,0,0.0,0.0,0.0,3,8.0,0,5,4,100.0,1,16.8,20.8,,,70.0,220.0,23.041947368421052,0.0,Wisconsin,2017.0,2017.0,,,,0.11363637
2017,13,00-0033748,Ti.Green,RB,DET,BAL,0,0,0.0,0,0.0,0.0,0.0,11,51.0,1,0,0,0.0,0,11.1,11.1,,,72.0,220.0,23.8953125,0.0,Cincinnati,2017.0,2017.0,,,,
2017,14,00-0033748,Ti.Green,RB,DET,TB,0,0,0.0,0,0.0,0.0,0.0,5,15.0,0,0,0,0.0,0,1.5,1.5,,,72.0,220.0,23.8953125,0.0,Cincinnati,2017.0,2017.0,,,,
2017,15,00-0033748,Ti.Green,RB,DET,CHI,0,0,0.0,0,0.0,0.0,0.0,10,35.0,0,0,0,0.0,0,3.5,3.5,,,72.0,220.0,23.8953125,0.0,Cincinnati,2017.0,2017.0,,,10.0,
2017,16,00-0033748,Ti.Green,RB,DET,CIN,0,0,0.0,0,0.0,0.0,0.0,7,43.0,1,0,0,0.0,0,10.3,10.3,,,72.0,220.0,23.8953125,0.0,Cincinnati,2017.0,2017.0,,,,
2017,17,00-0033748,Ti.Green,RB,DET,GB,0,0,0.0,0,0.0,0.0,0.0,9,21.0,0,2,2,14.0,0,3.5,5.5,,,72.0,220.0,23.8953125,0.0,Cincinnati,2017.0,2017.0,,,24.0,0.06896552
2017,1,00-0033760,J.Davis,RB,LA,IND,0,0,0.0,0,0.0,0.0,0.0,1,1.0,0,0,0,0.0,0,0.1,0.1,,,73.0,198.0,21.995588235294118,0.0,USC,2017.0,2017.0,,,37.0,
2017,9,00-0033770,J.Hardee,CB,NO,NO,0,0,0.0,0,0.0,0.0,0.0,0,0.0,0,0,0,0.0,0,6.0,6.0,,,72.0,200.0,23.76677777777778,0.0,Illinois,2017.0,2017.0,,,20.0,
2017,17,00-0033796,M.Williams,FB,CLE,PIT,0,0,0.0,0,0.0,0.0,0.0,0,0.0,0,1,0,0.0,0,0.0,0.0,,,71.0,260.0,23.3084375,0.0,Miami (Fla.),2017.0,2017.0,JAX,240.0,,0.033333335
2017,10,00-0033838,T.Edmunds,RB,NO,BUF,0,0,0.0,0,0.0,0.0,0.0,9,48.0,1,0,0,0.0,0,10.8,10.8,,,73.0,223.0,22.874333333333333,0.0,Maryland,2017.0,2017.0,,,,
2017,11,00-0033839,D.Westbrook,WR,JAX,CLE,0,0,0.0,0,0.0,0.0,0.0,0,0.0,0,6,3,35.0,0,3.5,6.5,,,71.0,178.0,23.987526315789477,0.0,Oklahoma,2017.0,2017.0,JAX,110.0,,0.20689656
2017,12,00-0033839,D.Westbrook,WR,JAX,ARI,0,0,0.0,0,0.0,0.0,0.0,0,0.0,0,10,6,41.0,0,4.1,10.1,,,71.0,178.0,23.987526315789477,0.0,Oklahoma,2017.0,2017.0,JAX,110.0,,0.3125
2017,13,00-0033839,D.Westbrook,WR,JAX,IND,0,0,0.0,0,0.0,0.0,0.0,0,0.0,0,9,6,78.0,0,7.8,13.8,,,71.0,178.0,23.987526315789477,0.0,Oklahoma,2017.0,2017.0,JAX,110.0,20.0,0.25714287
2017,14,00-0033839,D.Westbrook,WR,JAX,SEA,0,0,0.0,0,0.0,0.0,0.0,0,0.0,0,8,5,81.0,1,14.1,19.1,,,71.0,178.0,23.987526315789477,0.0,Oklahoma,2017.0,2017.0,JAX,110.0,6.0,0.2962963
2017,15,00-0033839,D.Westbrook,WR,JAX,HOU,0,0,0.0,0,0.0,0.0,0.0,0,0.0,0,2,2,21.0,0,2.1,4.1,,,71.0,178.0,23.987526315789477,0.0,Oklahoma,2017.0,2017.0,JAX,110.0,38.0,0.07692308
2017,16,00-0033839,D.Westbrook,WR,JAX,SF,0,0,0.0,0,0.0,0.0,0.0,0,0.0,0,7,4,74.0,0,7.4,11.4,,,71.0,178.0,23.987526315789477,0.0,Oklahoma,2017.0,2017.0,JAX,110.0,,0.14
2017,17,00-0033839,D.Westbrook,WR,JAX,TEN,0,0,0.0,0,0.0,0.0,0.0,0,0.0,0,9,1,9.0,0,0.9,1.9,,,71.0,178.0,23.987526315789477,0.0,Oklahoma,2017.0,2017.0,JAX,110.0,,0.2647059
2017,18,00-0033839,D.Westbrook,WR,JAX,BUF,0,0,0.0,0,0.0,0.0,0.0,0,0.0,0,8,5,48.0,0,4.8,9.8,,,71.0,178.0,23.987526315789477,0.0,Oklahoma,2017.0,2017.0,JAX,110.0,7.0,0.36363637
2017,19,00-0033839,D.Westbrook,WR,JAX,PIT,0,0,0.0,0,0.0,0.0,0.0,0,0.0,0,3,1,8.0,0,0.8,1.8,,,71.0,178.0,23.987526315789477,0.0,Oklahoma,2017.0,2017.0,JAX,110.0,,0.12
2017,20,00-0033839,D.Westbrook,WR,JAX,NE,0,0,0.0,0,0.0,0.0,0.0,0,0.0,0,3,1,29.0,0,2.9,3.9,,,71.0,178.0,23.987526315789477,0.0,Oklahoma,2017.0,2017.0,JAX,110.0,,0.083333336
2017,10,00-0033840,C.Hansen,WR,NYJ,TB,0,0,0.0,0,0.0,0.0,0.0,0,0.0,0,4,3,33.0,0,3.3,6.3,,,73.0,202.0,22.7951875,0.0,California,2017.0,2017.0,NYJ,141.0,,0.102564104
2017,12,00-0033840,C.Hansen,WR,NYJ,CAR,0,0,0.0,0,0.0,0.0,0.0,0,0.0,0,1,0,0.0,0,0.0,0.0,,,73.0,202.0,22.7951875,0.0,California,2017.0,2017.0,NYJ,141.0,-8.0,0.029411765
2017,13,00-0033840,C.Hansen,WR,NYJ,KC,0,0,0.0,0,0.0,0.0,0.0,0,0.0,0,3,2,25.0,0,2.5,4.5,,,73.0,202.0,22.7951875,0.0,California,2017.0,2017.0,NYJ,141.0,7.0,0.0882353
2017,15,00-0033840,C.Hansen,WR,NYJ,NO,0,0,0.0,0,0.0,0.0,0.0,0,0.0,0,4,3,21.0,0,2.1,5.1,,,73.0,202.0,22.7951875,0.0,California,2017.0,2017.0,NYJ,141.0,,0.114285715
2017,16,00-0033840,C.Hansen,WR,NYJ,LAC,0,0,0.0,0,0.0,0.0,0.0,0,0.0,0,1,0,0.0,0,0.0,0.0,,,73.0,202.0,22.7951875,0.0,California,2017.0,2017.0,NYJ,141.0,-7.0,0.035714287
2017,17,00-0033840,C.Hansen,WR,NYJ,NE,0,0,0.0,0,0.0,0.0,0.0,0,0.0,0,4,1,15.0,0,1.5,2.5,,,73.0,202.0,22.7951875,0.0,California,2017.0,2017.0,NYJ,141.0,,0.11111111
2017,5,00-0033855,C.Thompson,WR,HOU,KC,0,0,0.0,0,0.0,0.0,0.0,0,0.0,0,1,1,19.0,0,1.9,2.9,,,72.0,175.0,23.4956875,0.0,Florida,2017.0,2017.0,,,-8.0,0.03448276
2017,13,00-0033855,C.Thompson,WR,HOU,TEN,0,0,0.0,0,0.0,0.0,0.0,0,0.0,0,2,1,11.0,0,1.1,2.1,,,72.0,175.0,23.4956875,0.0,Florida,2017.0,2017.0,,,,0.041666668
2017,17,00-0033855,C.Thompson,WR,HOU,IND,0,0,0.0,0,0.0,0.0,0.0,0,0.0,0,3,3,54.0,0,5.4,8.4,,,72.0,175.0,23.4956875,0.0,Florida,2017.0,2017.0,,,,0.13043478
2017,1,00-0033856,L.Fournette,RB,JAX,HOU,0,0,0.0,0,0.0,0.0,0.0,26,100.0,1,3,3,24.0,0,18.4,21.4,,,72.0,228.0,22.82936842105263,0.0,Louisiana State,2017.0,2017.0,JAX,4.0,,0.14285715
2017,2,00-0033856,L.Fournette,RB,JAX,TEN,0,0,0.0,0,0.0,0.0,0.0,14,40.0,1,5,2,21.0,0,12.1,14.1,,,72.0,228.0,22.82936842105263,0.0,Louisiana State,2017.0,2017.0,JAX,4.0,-21.0,0.14705883
2017,3,00-0033856,L.Fournette,RB,JAX,BAL,0,0,0.0,0,0.0,0.0,0.0,17,59.0,1,4,3,21.0,0,14.0,17.0,,,72.0,228.0,22.82936842105263,0.0,Louisiana State,2017.0,2017.0,JAX,4.0,37.0,0.13333334
2017,4,00-0033856,L.Fournette,RB,JAX,NYJ,0,0,0.0,0,0.0,0.0,0.0,24,86.0,0,5,4,59.0,1,20.5,24.5,,,72.0,228.0,22.82936842105263,0.0,Louisiana State,2017.0,2017.0,JAX,4.0,,0.14285715
2017,5,00-0033856,L.Fournette,RB,JAX,PIT,0,0,0.0,0,0.0,0.0,0.0,28,181.0,2,1,1,3.0,0,30.4,31.4,,,72.0,228.0,22.82936842105263,0.0,Louisiana State,2017.0,2017.0,JAX,4.0,,0.071428575
2017,6,00-0033856,L.Fournette,RB,JAX,LA,0,0,0.0,0,0.0,0.0,0.0,21,130.0,1,2,2,8.0,0,19.8,21.8,,,72.0,228.0,22.82936842105263,0.0,Louisiana State,2017.0,2017.0,JAX,4.0,-10.0,0.057142857
2017,10,00-0033856,L.Fournette,RB,JAX,LAC,0,0,0.0,0,0.0,0.0,0.0,17,33.0,0,4,2,13.0,0,4.6,6.6,,,72.0,228.0,22.82936842105263,0.0,Louisiana State,2017.0,2017.0,JAX,4.0,3.0,0.078431375
2017,11,00-0033856,L.Fournette,RB,JAX,CLE,0,0,0.0,0,0.0,0.0,0.0,28,111.0,0,3,2,7.0,0,11.8,13.8,,,72.0,228.0,22.82936842105263,0.0,Louisiana State,2017.0,2017.0,JAX,4.0,,0.10344828
2017,12,00-0033856,L.Fournette,RB,JAX,ARI,0,0,0.0,0,0.0,0.0,0.0,12,25.0,0,3,3,17.0,0,4.2,7.2,,,72.0,228.0,22.82936842105263,0.0,Louisiana State,2017.0,2017.0,JAX,4.0,,0.09375
2017,13,00-0033856,L.Fournette,RB,JAX,IND,0,0,0.0,0,0.0,0.0,0.0,20,57.0,1,4,3,22.0,0,13.9,16.9,,,72.0,228.0,22.82936842105263,0.0,Louisiana State,2017.0,2017.0,JAX,4.0,20.0,0.114285715
2017,14,00-0033856,L.Fournette,RB,JAX,SEA,0,0,0.0,0,0.0,0.0,0.0,24,101.0,1,6,4,18.0,0,17.9,21.9,,,72.0,228.0,22.82936842105263,0.0,Louisiana State,2017.0,2017.0,JAX,4.0,6.0,0.22222222
2017,16,00-0033856,L.Fournette,RB,JAX,SF,0,0,0.0,0,0.0,0.0,0.0,18,48.0,1,3,3,22.0,0,13.0,16.0,,,72.0,228.0,22.82936842105263,0.0,Louisiana State,2017.0,2017.0,JAX,4.0,,0.06
2017,17,00-0033856,L.Fournette,RB,JAX,TEN,0,0,0.0,0,0.0,0.0,0.0,19,69.0,0,5,4,67.0,0,13.6,17.6,,,72.0,228.0,22.82936842105263,0.0,Louisiana State,2017.0,2017.0,JAX,4.0,,0.14705883
2017,18,00-0033856,L.Fournette,RB,JAX,BUF,0,0,0.0,0,0.0,0.0,0.0,21,57.0,0,5,3,21.0,0,7.8,10.8,,,72.0,228.0,22.82936842105263,0.0,Louisiana State,2017.0,2017.0,JAX,4.0,7.0,0.22727273
2017,19,00-0033856,L.Fournette,RB,JAX,PIT,0,0,0.0,0,0.0,0.0,0.0,25,109.0,3,4,2,10.0,0,29.9,31.9,,,72.0,228.0,22.82936842105263,0.0,Louisiana State,2017.0,2017.0,JAX,4.0,,0.16
2017,20,00-0033856,L.Fournette,RB,JAX,NE,0,0,0.0,0,0.0,0.0,0.0,24,76.0,1,3,2,13.0,0,14.9,16.9,,,72.0,228.0,22.82936842105263,0.0,Louisiana State,2017.0,2017.0,JAX,4.0,,0.083333336
2017,2,00-0033857,J.Smith-Schuster,WR,PIT,MIN,0,0,0.0,0,0.0,0.0,0.0,0,0.0,0,4,3,16.0,1,7.6,10.6,,,73.0,215.0,20.963882352941177,0.0,Southern California,2017.0,2017.0,PIT,62.0,17.0,0.114285715
2017,3,00-0033857,J.Smith-Schuster,WR,PIT,CHI,0,0,0.0,0,0.0,0.0,0.0,0,0.0,0,6,2,39.0,0,3.9,5.9,,,73.0,215.0,20.963882352941177,0.0,Southern California,2017.0,2017.0,PIT,62.0,,0.15384616
2017,4,00-0033857,J.Smith-Schuster,WR,PIT,BAL,0,0,0.0,0,0.0,0.0,0.0,0,0.0,0,4,3,47.0,1,10.7,13.7,,,73.0,215.0,20.963882352941177,0.0,Southern California,2017.0,2017.0,PIT,62.0,,0.13333334
2017,5,00-0033857,J.Smith-Schuster,WR,PIT,JAX,0,0,0.0,0,0.0,0.0,0.0,0,0.0,0,6,4,58.0,0,5.8,9.8,,,73.0,215.0,20.963882352941177,0.0,Southern California,2017.0,2017.0,PIT,62.0,-21.0,0.11111111
2017,6,00-0033857,J.Smith-Schuster,WR,PIT,KC,0,0,0.0,0,0.0,0.0,0.0,0,0.0,0,3,3,32.0,0,3.2,6.2,,,73.0,215.0,20.963882352941177,0.0,Southern California,2017.0,2017.0,PIT,62.0,,0.125
2017,7,00-0033857,J.Smith-Schuster,WR,PIT,CIN,0,0,0.0,0,0.0,0.0,0.0,0,0.0,0,3,2,39.0,1,9.9,11.9,,,73.0,215.0,20.963882352941177,0.0,Southern California,2017.0,2017.0,PIT,62.0,15.0,0.12
2017,8,00-0033857,J.Smith-Schuster,WR,PIT,DET,0,0,0.0,0,0.0,0.0,0.0,0,0.0,0,10,7,193.0,1,25.3,32.3,,,73.0,215.0,20.963882352941177,0.0,Southern California,2017.0,2017.0,PIT,62.0,,0.32258064
2017,10,00-0033857,J.Smith-Schuster,WR,PIT,IND,0,0,0.0,0,0.0,0.0,0.0,0,0.0,0,7,5,97.0,1,15.7,20.7,,,73.0,215.0,20.963882352941177,0.0,Southern California,2017.0,2017.0,PIT,62.0,,0.23333333
2017,11,00-0033857,J.Smith-Schuster,WR,PIT,TEN,0,0,0.0,0,0.0,0.0,0.0,0,0.0,0,8,4,47.0,0,4.7,8.7,,,73.0,215.0,20.963882352941177,0.0,Southern California,2017.0,2017.0,PIT,62.0,23.0,0.17777778
2017,13,00-0033857,J.Smith-Schuster,WR,PIT,CIN,0,0,0.0,0,0.0,0.0,0.0,0,0.0,0,5,4,17.0,0,1.7,5.7,,,73.0,215.0,20.963882352941177,0.0,Southern California,2017.0,2017.0,PIT,62.0,,0.125
2017,15,00-0033857,J.Smith-Schuster,WR,PIT,NE,0,0,0.0,0,0.0,0.0,0.0,0,0.0,0,6,6,114.0,0,11.4,17.4,,,73.0,215.0,20.963882352941177,0.0,Southern California,2017.0,2017.0,PIT,62.0,-3.0,0.2
2017,16,00-0033857,J.Smith-Schuster,WR,PIT,HOU,0,0,0.0,0,0.0,0.0,0.0,0,0.0,0,7,6,75.0,1,13.5,19.5,,,73.0,215.0,20.963882352941177,0.0,Southern California,2017.0,2017.0,PIT,62.0,,0.23333333
2017,17,00-0033857,J.Smith-Schuster,WR,PIT,CLE,0,0,0.0,0,0.0,0.0,0.0,0,0.0,0,10,9,143.0,1,26.3,35.3,,,73.0,215.0,20.963882352941177,0.0,Southern California,2017.0,2017.0,PIT,62.0,4.0,0.37037036
2017,19,00-0033857,J.Smith-Schuster,WR,PIT,JAX,0,0,0.0,0,0.0,0.0,0.0,0,0.0,0,5,3,5.0,1,6.5,9.5,,,73.0,215.0,20.963882352941177,0.0,Southern California,2017.0,2017.0,PIT,62.0,-3.0,0.0877193
2017,1,00-0033858,J.Smith,TE,TEN,LV,0,0,0.0,0,0.0,0.0,0.0,0,0.0,0,1,0,0.0,0,0.0,0.0,,,75.0,248.0,22.227444444444444,0.0,Florida International,2017.0,2017.0,TEN,100.0,-10.0,0.024390243
2017,2,00-0033858,J.Smith,TE,TEN,JAX,0,0,0.0,0,0.0,0.0,0.0,0,0.0,0,3,2,30.0,1,9.0,11.0,,,75.0,248.0,22.227444444444444,0.0,Florida International,2017.0,2017.0,TEN,100.0,,0.13043478
2017,3,00-0033858,J.Smith,TE,TEN,SEA,0,0,0.0,0,0.0,0.0,0.0,0,0.0,0,2,1,24.0,1,8.4,9.4,,,75.0,248.0,22.227444444444444,0.0,Florida International,2017.0,2017.0,TEN,100.0,6.0,0.06451613
2017,5,00-0033858,J.Smith,TE,TEN,MIA,0,0,0.0,0,0.0,0.0,0.0,0,0.0,0,5,5,21.0,0,2.1,7.1,,,75.0,248.0,22.227444444444444,0.0,Florida International,2017.0,2017.0,TEN,100.0,,0.16129032
2017,6,00-0033858,J.Smith,TE,TEN,IND,0,0,0.0,0,0.0,0.0,0.0,0,0.0,0,1,1,10.0,0,1.0,2.0,,,75.0,248.0,22.227444444444444,0.0,Florida International,2017.0,2017.0,TEN,100.0,14.0,0.03125
2017,7,00-0033858,J.Smith,TE,TEN,CLE,0,0,0.0,0,0.0,0.0,0.0,0,0.0,0,4,2,22.0,0,2.2,4.2,,,75.0,248.0,22.227444444444444,0.0,Florida International,2017.0,2017.0,TEN,100.0,,0.11764706
2017,9,00-0033858,J.Smith,TE,TEN,BAL,0,0,0.0,0,0.0,0.0,0.0,0,0.0,0,1,0,0.0,0,0.0,0.0,,,75.0,248.0,22.227444444444444,0.0,Florida International,2017.0,2017.0,TEN,100.0,3.0,0.035714287
2017,10,00-0033858,J.Smith,TE,TEN,CIN,0,0,0.0,0,0.0,0.0,0.0,0,0.0,0,5,2,20.0,0,2.0,4.0,,,75.0,248.0,22.227444444444444,0.0,Florida International,2017.0,2017.0,TEN,100.0,4.0,0.11363637
2017,11,00-0033858,J.Smith,TE,TEN,PIT,0,0,0.0,0,0.0,0.0,0.0,0,0.0,0,1,0,0.0,0,0.0,0.0,,,75.0,248.0,22.227444444444444,0.0,Florida International,2017.0,2017.0,TEN,100.0,,0.030303031
2017,13,00-0033858,J.Smith,TE,TEN,HOU,0,0,0.0,0,0.0,0.0,0.0,0,0.0,0,1,0,0.0,0,0.0,0.0,,,75.0,248.0,22.227444444444444,0.0,Florida International,2017.0,2017.0,TEN,100.0,11.0,0.04761905
2017,15,00-0033858,J.Smith,TE,TEN,SF,0,0,0.0,0,0.0,0.0,0.0,0,0.0,0,1,1,5.0,0,0.5,1.5,,,75.0,248.0,22.227444444444444,0.0,Florida International,2017.0,2017.0,TEN,100.0,,0.030303031
2017,16,00-0033858,J.Smith,TE,TEN,LA,0,0,0.0,0,0.0,0.0,0.0,0,0.0,0,2,1,13.0,0,1.3,2.3,,,75.0,248.0,22.227444444444444,0.0,Florida International,2017.0,2017.0,TEN,100.0,-4.0,0.054054055
2017,17,00-0033858,J.Smith,TE,TEN,JAX,0,0,0.0,0,0.0,0.0,0.0,0,0.0,0,3,3,12.0,0,1.2,4.2,,,75.0,248.0,22.227444444444444,0.0,Florida International,2017.0,2017.0,TEN,100.0,5.0,0.14285715
2017,18,00-0033858,J.Smith,TE,TEN,KC,0,0,0.0,0,0.0,0.0,0.0,0,0.0,0,4,2,15.0,0,1.5,3.5,,,75.0,248.0,22.227444444444444,0.0,Florida International,2017.0,2017.0,TEN,100.0,,0.13333334
2017,19,00-0033858,J.Smith,TE,TEN,NE,0,0,0.0,0,0.0,0.0,0.0,0,0.0,0,1,1,4.0,0,0.4,1.4,,,75.0,248.0,22.227444444444444,0.0,Florida International,2017.0,2017.0,TEN,100.0,,0.02631579
2017,7,00-0033859,J.Malone,WR,CIN,PIT,0,0,0.0,0,0.0,0.0,0.0,0,0.0,0,1,0,0.0,0,0.0,0.0,,,74.0,208.0,21.6295,0.0,Tennessee,2017.0,2017.0,CIN,128.0,,0.03448276
2017,8,00-0033859,J.Malone,WR,CIN,IND,0,0,0.0,0,0.0,0.0,0.0,0,0.0,0,3,2,35.0,1,9.5,11.5,,,74.0,208.0,21.6295,0.0,Tennessee,2017.0,2017.0,CIN,128.0,1.0,0.10714286
2017,9,00-0033859,J.Malone,WR,CIN,JAX,0,0,0.0,0,0.0,0.0,0.0,0,0.0,0,4,1,13.0,0,1.3,2.3,,,74.0,208.0,21.6295,0.0,Tennessee,2017.0,2017.0,CIN,128.0,,0.23529412
2017,10,00-0033859,J.Malone,WR,CIN,TEN,0,0,0.0,0,0.0,0.0,0.0,0,0.0,0,1,1,6.0,0,0.6,1.6,,,74.0,208.0,21.6295,0.0,Tennessee,2017.0,2017.0,CIN,128.0,,0.029411765
2017,12,00-0033859,J.Malone,WR,CIN,CLE,0,0,0.0,0,0.0,0.0,0.0,0,0.0,0,1,0,0.0,0,0.0,0.0,,,74.0,208.0,21.6295,0.0,Tennessee,2017.0,2017.0,CIN,128.0,14.0,0.03846154
2017,13,00-0033859,J.Malone,WR,CIN,PIT,0,0,0.0,0,0.0,0.0,0.0,0,0.0,0,2,2,9.0,0,0.9,2.9,,,74.0,208.0,21.6295,0.0,Tennessee,2017.0,2017.0,CIN,128.0,-3.0,0.057142857
2017,14,00-0033859,J.Malone,WR,CIN,CHI,0,0,0.0,0,0.0,0.0,0.0,0,0.0,0,1,0,0.0,0,0.0,0.0,,,74.0,208.0,21.6295,0.0,Tennessee,2017.0,2017.0,CIN,128.0,-26.0,0.027777778
2017,15,00-0033859,J.Malone,WR,CIN,MIN,0,0,0.0,0,0.0,0.0,0.0,1,4.0,0,3,0,0.0,0,0.4,0.4,,,74.0,208.0,21.6295,0.0,Tennessee,2017.0,2017.0,CIN,128.0,,0.10714286
2017,16,00-0033859,J.Malone,WR,CIN,DET,0,0,0.0,0,0.0,0.0,0.0,1,-2.0,0,1,0,0.0,0,-0.2,-0.2,,,74.0,208.0,21.6295,0.0,Tennessee,2017.0,2017.0,CIN,128.0,9.0,0.025
2017,5,00-0033869,M.Trubisky,QB,CHI,MIN,12,25,128.0,1,1.0,1.0,7.0,3,22.0,0,0,0,0.0,0,9.32,9.32,,,75.0,222.0,23.211,0.0,North Carolina,2017.0,2017.0,CHI,2.0,-3.0,
2017,6,00-0033869,M.Trubisky,QB,CHI,BAL,8,16,113.0,1,0.0,4.0,23.0,4,32.0,0,0,0,0.0,0,9.72,9.72,,,75.0,222.0,23.211,0.0,North Carolina,2017.0,2017.0,CHI,2.0,,
2017,7,00-0033869,M.Trubisky,QB,CHI,CAR,4,7,107.0,0,0.0,4.0,22.0,5,3.0,0,0,0,0.0,0,4.58,4.58,,,75.0,222.0,23.211,0.0,North Carolina,2017.0,2017.0,CHI,2.0,14.0,
2017,8,00-0033869,M.Trubisky,QB,CHI,NO,14,32,164.0,0,1.0,2.0,14.0,3,53.0,0,0,0,0.0,0,9.86,9.86,,,75.0,222.0,23.211,0.0,North Carolina,2017.0,2017.0,CHI,2.0,,
2017,10,00-0033869,M.Trubisky,QB,CHI,GB,21,35,297.0,1,0.0,5.0,29.0,0,0.0,0,0,0,0.0,0,15.88,15.88,,,75.0,222.0,23.211,0.0,North Carolina,2017.0,2017.0,CHI,2.0,-7.0,
2017,11,00-0033869,M.Trubisky,QB,CHI,DET,18,30,179.0,1,0.0,1.0,3.0,6,53.0,0,0,0,0.0,0,14.46,14.46,,,75.0,222.0,23.211,0.0,North Carolina,2017.0,2017.0,CHI,2.0,-3.0,
2017,12,00-0033869,M.Trubisky,QB,CHI,PHI,17,33,147.0,0,2.0,2.0,13.0,4,12.0,0,0,0,0.0,0,3.08,3.08,,,75.0,222.0,23.211,0.0,North Carolina,2017.0,2017.0,CHI,2.0,,
2017,13,00-0033869,M.Trubisky,QB,CHI,SF,12,15,102.0,1,0.0,2.0,17.0,4,19.0,0,0,0,0.0,0,9.98,9.98,,,75.0,222.0,23.211,0.0,North Carolina,2017.0,2017.0,CHI,2.0,-1.0,
2017,14,00-0033869,M.Trubisky,QB,CHI,CIN,25,32,271.0,1,0.0,2.0,21.0,2,5.0,1,0,0,0.0,0,21.34,21.34,,,75.0,222.0,23.211,0.0,North Carolina,2017.0,2017.0,CHI,2.0,,
2017,15,00-0033869,M.Trubisky,QB,CHI,DET,31,46,314.0,1,3.0,2.0,8.0,2,3.0,0,0,0,0.0,0,10.86,10.86,,,75.0,222.0,23.211,0.0,North Carolina,2017.0,2017.0,CHI,2.0,,
2017,16,00-0033869,M.Trubisky,QB,CHI,CLE,14,23,193.0,0,0.0,5.0,32.0,7,44.0,1,0,0,0.0,0,18.12,18.12,,,75.0,222.0,23.211,0.0,North Carolina,2017.0,2017.0,CHI,2.0,17.0,
2017,17,00-0033869,M.Trubisky,QB,CHI,MIN,20,36,178.0,0,0.0,1.0,7.0,1,2.0,0,0,0,0.0,0,7.32,7.32,,,75.0,222.0,23.211,0.0,North Carolina,2017.0,2017.0,CHI,2.0,,
2017,1,00-0033871,C.Davis,WR,TEN,LV,0,0,0.0,0,0.0,0.0,0.0,0,0.0,0,10,6,69.0,0,6.9,12.9,,,75.0,209.0,22.837833333333336,0.0,Western Michigan,2017.0,2017.0,TEN,5.0,-10.0,0.24390244
2017,2,00-0033871,C.Davis,WR,TEN,JAX,0,0,0.0,0,0.0,0.0,0.0,0,0.0,0,3,1,4.0,0,0.4,1.4,,,75.0,209.0,22.837833333333336,0.0,Western Michigan,2017.0,2017.0,TEN,5.0,,0.13043478
2017,9,00-0033871,C.Davis,WR,TEN,BAL,0,0,0.0,0,0.0,0.0,0.0,0,0.0,0,5,2,28.0,0,2.8,4.8,,,75.0,209.0,22.837833333333336,0.0,Western Michigan,2017.0,2017.0,TEN,5.0,3.0,0.17857143
2017,10,00-0033871,C.Davis,WR,TEN,CIN,0,0,0.0,0,0.0,0.0,0.0,0,0.0,0,10,4,48.0,0,4.8,8.8,,,75.0,209.0,22.837833333333336,0.0,Western Michigan,2017.0,2017.0,TEN,5.0,4.0,0.22727273
2017,11,00-0033871,C.Davis,WR,TEN,PIT,0,0,0.0,0,0.0,0.0,0.0,0,0.0,0,7,3,27.0,0,2.7,5.7,,,75.0,209.0,22.837833333333336,0.0,Western Michigan,2017.0,2017.0,TEN,5.0,,0.21212122
2017,12,00-0033871,C.Davis,WR,TEN,IND,0,0,0.0,0,0.0,0.0,0.0,0,0.0,0,4,4,39.0,0,3.9,7.9,,,75.0,209.0,22.837833333333336,0.0,Western Michigan,2017.0,2017.0,TEN,5.0,,0.16666667
2017,13,00-0033871,C.Davis,WR,TEN,HOU,0,0,0.0,0,0.0,0.0,0.0,0,0.0,0,4,2,12.0,0,1.2,3.2,,,75.0,209.0,22.837833333333336,0.0,Western Michigan,2017.0,2017.0,TEN,5.0,11.0,0.1904762
2017,14,00-0033871,C.Davis,WR,TEN,ARI,0,0,0.0,0,0.0,0.0,0.0,0,0.0,0,6,3,29.0,0,2.9,5.9,,,75.0,209.0,22.837833333333336,0.0,Western Michigan,2017.0,2017.0,TEN,5.0,,0.19354838
2017,15,00-0033871,C.Davis,WR,TEN,SF,0,0,0.0,0,0.0,0.0,0.0,0,0.0,0,5,3,28.0,0,2.8,5.8,,,75.0,209.0,22.837833333333336,0.0,Western Michigan,2017.0,2017.0,TEN,5.0,,0.15151516
2017,16,00-0033871,C.Davis,WR,TEN,LA,0,0,0.0,0,0.0,0.0,0.0,0,0.0,0,9,6,91.0,0,9.1,15.1,,,75.0,209.0,22.837833333333336,0.0,Western Michigan,2017.0,2017.0,TEN,5.0,-4.0,0.24324325
2017,17,00-0033871,C.Davis,WR,TEN,JAX,0,0,0.0,0,0.0,0.0,0.0,0,0.0,0,2,0,0.0,0,0.0,0.0,,,75.0,209.0,22.837833333333336,0.0,Western Michigan,2017.0,2017.0,TEN,5.0,5.0,0.0952381
2017,18,00-0033871,C.Davis,WR,TEN,KC,0,0,0.0,0,0.0,0.0,0.0,0,0.0,0,7,4,35.0,0,3.5,7.5,,,75.0,209.0,22.837833333333336,0.0,Western Michigan,2017.0,2017.0,TEN,5.0,,0.23333333
2017,19,00-0033871,C.Davis,WR,TEN,NE,0,0,0.0,0,0.0,0.0,0.0,0,0.0,0,8,5,63.0,2,18.3,23.3,,,75.0,209.0,22.837833333333336,0.0,Western Michigan,2017.0,2017.0,TEN,5.0,,0.21052632
2017,17,00-0033873,P.Mahomes,QB,KC,DEN,22,35,284.0,0,1.0,2.0,15.0,7,10.0,0,0,0,0.0,0,10.36,10.36,,,74.0,230.0,22.143588235294118,0.0,Texas Tech,2017.0,2017.0,KC,10.0,,
2017,9,00-0033878,A.Jackson,CB,TEN,BAL,0,0,0.0,0,0.0,0.0,0.0,1,20.0,0,0,0,0.0,0,2.0,2.0,,,71.0,185.0,22.153499999999998,0.0,Southern California,2017.0,2017.0,TEN,18.0,3.0,
2017,10,00-0033878,A.Jackson,CB,TEN,CIN,0,0,0.0,0,0.0,0.0,0.0,3,30.0,0,0,0,0.0,0,3.0,3.0,,,71.0,185.0,22.153499999999998,0.0,Southern California,2017.0,2017.0,TEN,18.0,4.0,
2017,11,00-0033878,A.Jackson,CB,TEN,PIT,0,0,0.0,0,0.0,0.0,0.0,1,5.0,0,0,0,0.0,0,0.5,0.5,,,71.0,185.0,22.153499999999998,0.0,Southern California,2017.0,2017.0,TEN,18.0,,
2017,14,00-0033878,A.Jackson,CB,TEN,ARI,0,0,0.0,0,0.0,0.0,0.0,0,0.0,0,1,0,0.0,0,0.0,0.0,,,71.0,185.0,22.153499999999998,0.0,Southern California,2017.0,2017.0,TEN,18.0,,0.032258064
2017,2,00-0033879,O.Howard,TE,TB,CHI,0,0,0.0,0,0.0,0.0,0.0,0,0.0,0,3,1,17.0,0,1.7,2.7,,,78.0,250.0,22.9743125,0.0,Alabama,2017.0,2017.0,TB,19.0,22.0,0.09677419
2017,3,00-0033879,O.Howard,TE,TB,MIN,0,0,0.0,0,0.0,0.0,0.0,0,0.0,0,1,1,12.0,0,1.2,2.2,,,78.0,250.0,22.9743125,0.0,Alabama,2017.0,2017.0,TB,19.0,,0.025
2017,4,00-0033879,O.Howard,TE,TB,NYG,0,0,0.0,0,0.0,0.0,0.0,0,0.0,0,4,2,63.0,1,12.3,14.3,,,78.0,250.0,22.9743125,0.0,Alabama,2017.0,2017.0,TB,19.0,2.0,0.10526316
2017,5,00-0033879,O.Howard,TE,TB,NE,0,0,0.0,0,0.0,0.0,0.0,0,0.0,0,1,0,0.0,0,0.0,0.0,,,78.0,250.0,22.9743125,0.0,Alabama,2017.0,2017.0,TB,19.0,-5.0,0.022222223
2017,6,00-0033879,O.Howard,TE,TB,ARI,0,0,0.0,0,0.0,0.0,0.0,0,0.0,0,3,1,15.0,0,1.5,2.5,,,78.0,250.0,22.9743125,0.0,Alabama,2017.0,2017.0,TB,19.0,,0.071428575
2017,7,00-0033879,O.Howard,TE,TB,BUF,0,0,0.0,0,0.0,0.0,0.0,0,0.0,0,6,6,98.0,2,21.8,27.8,,,78.0,250.0,22.9743125,0.0,Alabama,2017.0,2017.0,TB,19.0,,0.13636364
2017,8,00-0033879,O.Howard,TE,TB,CAR,0,0,0.0,0,0.0,0.0,0.0,0,0.0,0,2,2,16.0,0,1.6,3.6,,,78.0,250.0,22.9743125,0.0,Alabama,2017.0,2017.0,TB,19.0,-14.0,0.055555556
2017,9,00-0033879,O.Howard,TE,TB,NO,0,0,0.0,0,0.0,0.0,0.0,0,0.0,0,2,1,6.0,0,-1.4,-0.4,,,78.0,250.0,22.9743125,0.0,Alabama,2017.0,2017.0,TB,19.0,,0.074074075
2017,11,00-0033879,O.Howard,TE,TB,MIA,0,0,0.0,0,0.0,0.0,0.0,0,0.0,0,4,3,52.0,1,11.2,14.2,,,78.0,250.0,22.9743125,0.0,Alabama,2017.0,2017.0,TB,19.0,,0.11111111
2017,12,00-0033879,O.Howard,TE,TB,ATL,0,0,0.0,0,0.0,0.0,0.0,0,0.0,0,4,3,52.0,0,5.2,8.2,,,78.0,250.0,22.9743125,0.0,Alabama,2017.0,2017.0,TB,19.0,,0.09090909
2017,13,00-0033879,O.Howard,TE,TB,GB,0,0,0.0,0,0.0,0.0,0.0,0,0.0,0,2,1,17.0,0,1.7,2.7,,,78.0,250.0,22.9743125,0.0,Alabama,2017.0,2017.0,TB,19.0,,0.0625
2017,14,00-0033879,O.Howard,TE,TB,DET,0,0,0.0,0,0.0,0.0,0.0,0,0.0,0,6,4,54.0,1,9.4,13.4,,,78.0,250.0,22.9743125,0.0,Alabama,2017.0,2017.0,TB,19.0,-3.0,0.16216215
2017,15,00-0033879,O.Howard,TE,TB,ATL,0,0,0.0,0,0.0,0.0,0.0,0,0.0,0,1,1,30.0,1,9.0,10.0,,,78.0,250.0,22.9743125,0.0,Alabama,2017.0,2017.0,TB,19.0,-3.0,0.030303031
2017,1,00-0033881,E.Engram,TE,NYG,DAL,0,0,0.0,0,0.0,0.0,0.0,0,0.0,0,5,4,44.0,0,4.4,8.4,,,75.0,236.0,23.17675,0.0,Mississippi,2017.0,2017.0,NYG,23.0,,0.13157895
2017,2,00-0033881,E.Engram,TE,NYG,DET,0,0,0.0,0,0.0,0.0,0.0,0,0.0,0,7,4,49.0,1,10.9,14.9,,,75.0,236.0,23.17675,0.0,Mississippi,2017.0,2017.0,NYG,23.0,-14.0,0.21875
2017,3,00-0033881,E.Engram,TE,NYG,PHI,0,0,0.0,0,0.0,0.0,0.0,0,0.0,0,7,5,45.0,0,4.5,9.5,,,75.0,236.0,23.17675,0.0,Mississippi,2017.0,2017.0,NYG,23.0,,0.14893617
2017,4,00-0033881,E.Engram,TE,NYG,TB,0,0,0.0,0,0.0,0.0,0.0,0,0.0,0,11,6,62.0,0,6.2,12.2,,,75.0,236.0,23.17675,0.0,Mississippi,2017.0,2017.0,NYG,23.0,,0.2244898
2017,5,00-0033881,E.Engram,TE,NYG,LAC,0,0,0.0,0,0.0,0.0,0.0,0,0.0,0,4,0,0.0,0,0.0,0.0,,,75.0,236.0,23.17675,0.0,Mississippi,2017.0,2017.0,NYG,23.0,-5.0,0.11111111
2017,6,00-0033881,E.Engram,TE,NYG,DEN,0,0,0.0,0,0.0,0.0,0.0,0,0.0,0,7,5,82.0,1,14.2,19.2,,,75.0,236.0,23.17675,0.0,Mississippi,2017.0,2017.0,NYG,23.0,,0.36842105
2017,7,00-0033881,E.Engram,TE,NYG,SEA,0,0,0.0,0,0.0,0.0,0.0,0,0.0,0,12,6,60.0,1,12.0,18.0,,,75.0,236.0,23.17675,0.0,Mississippi,2017.0,2017.0,NYG,23.0,-17.0,0.31578946
2017,9,00-0033881,E.Engram,TE,NYG,LA,0,0,0.0,0,0.0,0.0,0.0,0,0.0,0,10,4,70.0,1,13.0,17.0,,,75.0,236.0,23.17675,0.0,Mississippi,2017.0,2017.0,NYG,23.0,-34.0,0.2631579
2017,10,00-0033881,E.Engram,TE,NYG,SF,0,0,0.0,0,0.0,0.0,0.0,0,0.0,0,9,6,31.0,1,9.1,15.1,,,75.0,236.0,23.17675,0.0,Mississippi,2017.0,2017.0,NYG,23.0,,0.24324325
2017,11,00-0033881,E.Engram,TE,NYG,KC,0,0,0.0,0,0.0,0.0,0.0,0,0.0,0,6,1,9.0,0,0.9,1.9,,,75.0,236.0,23.17675,0.0,Mississippi,2017.0,2017.0,NYG,23.0,3.0,0.17142858
2017,12,00-0033881,E.Engram,TE,NYG,WAS,0,0,0.0,0,0.0,0.0,0.0,0,0.0,0,7,3,18.0,0,1.8,4.8,,,75.0,236.0,23.17675,0.0,Mississippi,2017.0,2017.0,NYG,23.0,,0.26923078
2017,13,00-0033881,E.Engram,TE,NYG,LV,0,0,0.0,0,0.0,0.0,0.0,0,0.0,0,8,7,99.0,1,15.9,22.9,,,75.0,236.0,23.17675,0.0,Mississippi,2017.0,2017.0,NYG,23.0,,0.24242425
2017,14,00-0033881,E.Engram,TE,NYG,DAL,0,0,0.0,0,0.0,0.0,0.0,0,0.0,0,7,4,54.0,0,5.4,9.4,,,75.0,236.0,23.17675,0.0,Mississippi,2017.0,2017.0,NYG,23.0,-20.0,0.1521739
2017,15,00-0033881,E.Engram,TE,NYG,PHI,0,0,0.0,0,0.0,0.0,0.0,1,14.0,0,13,8,87.0,0,10.1,18.1,,,75.0,236.0,23.17675,0.0,Mississippi,2017.0,2017.0,NYG,23.0,-5.0,0.22807017
2017,16,00-0033881,E.Engram,TE,NYG,ARI,0,0,0.0,0,0.0,0.0,0.0,0,0.0,0,2,1,12.0,0,1.2,2.2,,,75.0,236.0,23.17675,0.0,Mississippi,2017.0,2017.0,NYG,23.0,,0.045454547
2017,1,00-0033885,D.Njoku,TE,CLE,PIT,0,0,0.0,0,0.0,0.0,0.0,0,0.0,0,2,2,20.0,0,2.0,4.0,,,76.0,246.0,21.3224375,0.0,Miami,2017.0,2017.0,CLE,29.0,-3.0,0.06666667
2017,2,00-0033885,D.Njoku,TE,CLE,BAL,0,0,0.0,0,0.0,0.0,0.0,0,0.0,0,4,3,27.0,1,8.7,11.7,,,76.0,246.0,21.3224375,0.0,Miami,2017.0,2017.0,CLE,29.0,,0.0952381
2017,3,00-0033885,D.Njoku,TE,CLE,IND,0,0,0.0,0,0.0,0.0,0.0,0,0.0,0,4,2,12.0,1,7.2,9.2,,,76.0,246.0,21.3224375,0.0,Miami,2017.0,2017.0,CLE,29.0,,0.08695652
2017,4,00-0033885,D.Njoku,TE,CLE,CIN,0,0,0.0,0,0.0,0.0,0.0,0,0.0,0,2,2,11.0,0,1.1,3.1,,,76.0,246.0,21.3224375,0.0,Miami,2017.0,2017.0,CLE,29.0,-24.0,0.048780486
2017,5,00-0033885,D.Njoku,TE,CLE,NYJ,0,0,0.0,0,0.0,0.0,0.0,1,1.0,0,3,3,48.0,1,10.9,13.9,,,76.0,246.0,21.3224375,0.0,Miami,2017.0,2017.0,CLE,29.0,-3.0,0.083333336
2017,6,00-0033885,D.Njoku,TE,CLE,HOU,0,0,0.0,0,0.0,0.0,0.0,0,0.0,0,5,2,0.0,0,0.0,2.0,,,76.0,246.0,21.3224375,0.0,Miami,2017.0,2017.0,CLE,29.0,,0.1388889
2017,7,00-0033885,D.Njoku,TE,CLE,TEN,0,0,0.0,0,0.0,0.0,0.0,0,0.0,0,5,2,58.0,0,5.8,7.8,,,76.0,246.0,21.3224375,0.0,Miami,2017.0,2017.0,CLE,29.0,-3.0,0.13157895
2017,8,00-0033885,D.Njoku,TE,CLE,MIN,0,0,0.0,0,0.0,0.0,0.0,0,0.0,0,7,2,19.0,0,1.9,3.9,,,76.0,246.0,21.3224375,0.0,Miami,2017.0,2017.0,CLE,29.0,-17.0,0.20588236
2017,10,00-0033885,D.Njoku,TE,CLE,DET,0,0,0.0,0,0.0,0.0,0.0,0,0.0,0,6,1,3.0,0,0.3,1.3,,,76.0,246.0,21.3224375,0.0,Miami,2017.0,2017.0,CLE,29.0,,0.15384616
2017,11,00-0033885,D.Njoku,TE,CLE,JAX,0,0,0.0,0,0.0,0.0,0.0,0,0.0,0,1,1,13.0,0,1.3,2.3,,,76.0,246.0,21.3224375,0.0,Miami,2017.0,2017.0,CLE,29.0,-12.0,0.032258064
2017,12,00-0033885,D.Njoku,TE,CLE,CIN,0,0,0.0,0,0.0,0.0,0.0,0,0.0,0,4,4,47.0,0,4.7,8.7,,,76.0,246.0,21.3224375,0.0,Miami,2017.0,2017.0,CLE,29.0,,0.13333334
2017,13,00-0033885,D.Njoku,TE,CLE,LAC,0,0,0.0,0,0.0,0.0,0.0,0,0.0,0,6,4,74.0,1,13.4,17.4,,,76.0,246.0,21.3224375,0.0,Miami,2017.0,2017.0,CLE,29.0,,0.1875
2017,14,00-0033885,D.Njoku,TE,CLE,GB,0,0,0.0,0,0.0,0.0,0.0,0,0.0,0,2,1,3.0,0,0.3,1.3,,,76.0,246.0,21.3224375,0.0,Miami,2017.0,2017.0,CLE,29.0,-6.0,0.071428575
2017,15,00-0033885,D.Njoku,TE,CLE,BAL,0,0,0.0,0,0.0,0.0,0.0,0,0.0,0,3,0,0.0,0,0.0,0.0,,,76.0,246.0,21.3224375,0.0,Miami,2017.0,2017.0,CLE,29.0,-17.0,0.08108108
2017,16,00-0033885,D.Njoku,TE,CLE,CHI,0,0,0.0,0,0.0,0.0,0.0,0,0.0,0,3,1,13.0,0,1.3,2.3,,,76.0,246.0,21.3224375,0.0,Miami,2017.0,2017.0,CLE,29.0,,0.083333336
2017,17,00-0033885,D.Njoku,TE,CLE,PIT,0,0,0.0,0,0.0,0.0,0.0,0,0.0,0,3,2,38.0,0,3.8,5.8,,,76.0,246.0,21.3224375,0.0,Miami,2017.0,2017.0,CLE,29.0,,0.1
2017,1,00-0033891,Z.Jones,WR,BUF,NYJ,0,0,0.0,0,0.0,0.0,0.0,0,0.0,0,4,1,21.0,0,2.1,3.1,,,74.0,200.0,22.616764705882353,0.0,East Carolina,2017.0,2017.0,BUF,37.0,9.0,0.14814815
2017,2,00-0033891,Z.Jones,WR,BUF,CAR,0,0,0.0,0,0.0,0.0,0.0,0,0.0,0,6,2,18.0,0,1.8,3.8,,,74.0,200.0,22.616764705882353,0.0,East Carolina,2017.0,2017.0,BUF,37.0,,0.24
2017,3,00-0033891,Z.Jones,WR,BUF,DEN,0,0,0.0,0,0.0,0.0,0.0,0,0.0,0,2,0,0.0,0,0.0,0.0,,,74.0,200.0,22.616764705882353,0.0,East Carolina,2017.0,2017.0,BUF,37.0,10.0,0.07692308
2017,4,00-0033891,Z.Jones,WR,BUF,ATL,0,0,0.0,0,0.0,0.0,0.0,0,0.0,0,5,1,18.0,0,1.8,2.8,,,74.0,200.0,22.616764705882353,0.0,East Carolina,2017.0,2017.0,BUF,37.0,,0.25
2017,5,00-0033891,Z.Jones,WR,BUF,CIN,0,0,0.0,0,0.0,0.0,0.0,0,0.0,0,6,1,9.0,0,0.9,1.9,,,74.0,200.0,22.616764705882353,0.0,East Carolina,2017.0,2017.0,BUF,37.0,,0.17142858
2017,7,00-0033891,Z.Jones,WR,BUF,TB,0,0,0.0,0,0.0,0.0,0.0,0,0.0,0,9,2,17.0,0,1.7,3.7,,,74.0,200.0,22.616764705882353,0.0,East Carolina,2017.0,2017.0,BUF,37.0,3.0,0.28125
2017,8,00-0033891,Z.Jones,WR,BUF,LV,0,0,0.0,0,0.0,0.0,0.0,0,0.0,0,5,3,32.0,0,3.2,6.2,,,74.0,200.0,22.616764705882353,0.0,East Carolina,2017.0,2017.0,BUF,37.0,20.0,0.18518518
2017,9,00-0033891,Z.Jones,WR,BUF,NYJ,0,0,0.0,0,0.0,0.0,0.0,0,0.0,0,7,6,53.0,1,11.3,17.3,,,74.0,200.0,22.616764705882353,0.0,East Carolina,2017.0,2017.0,BUF,37.0,,0.175
2017,11,00-0033891,Z.Jones,WR,BUF,LAC,0,0,0.0,0,0.0,0.0,0.0,0,0.0,0,7,4,68.0,0,6.8,10.8,,,74.0,200.0,22.616764705882353,0.0,East Carolina,2017.0,2017.0,BUF,37.0,,0.17948718
2017,12,00-0033891,Z.Jones,WR,BUF,KC,0,0,0.0,0,0.0,0.0,0.0,0,0.0,0,10,3,33.0,1,9.3,12.3,,,74.0,200.0,22.616764705882353,0.0,East Carolina,2017.0,2017.0,BUF,37.0,,0.3448276
2017,13,00-0033891,Z.Jones,WR,BUF,NE,0,0,0.0,0,0.0,0.0,0.0,0,0.0,0,7,2,22.0,0,2.2,4.2,,,74.0,200.0,22.616764705882353,0.0,East Carolina,2017.0,2017.0,BUF,37.0,-20.0,0.20588236
2017,15,00-0033891,Z.Jones,WR,BUF,MIA,0,0,0.0,0,0.0,0.0,0.0,0,0.0,0,2,0,0.0,0,0.0,0.0,,,74.0,200.0,22.616764705882353,0.0,East Carolina,2017.0,2017.0,BUF,37.0,8.0,0.071428575
2017,16,00-0033891,Z.Jones,WR,BUF,NE,0,0,0.0,0,0.0,0.0,0.0,0,0.0,0,1,0,0.0,0,0.0,0.0,,,74.0,200.0,22.616764705882353,0.0,East Carolina,2017.0,2017.0,BUF,37.0,,0.02631579
2017,17,00-0033891,Z.Jones,WR,BUF,MIA,0,0,0.0,0,0.0,0.0,0.0,0,0.0,0,3,2,25.0,0,2.5,4.5,,,74.0,200.0,22.616764705882353,0.0,East Carolina,2017.0,2017.0,BUF,37.0,,0.11111111
2017,18,00-0033891,Z.Jones,WR,BUF,JAX,0,0,0.0,0,0.0,0.0,0.0,0,0.0,0,4,2,20.0,0,2.0,4.0,,,74.0,200.0,22.616764705882353,0.0,East Carolina,2017.0,2017.0,BUF,37.0,,0.114285715
2017,1,00-0033893,D.Cook,RB,MIN,NO,0,0,0.0,0,0.0,0.0,0.0,22,127.0,0,5,3,10.0,0,13.7,16.7,,,70.0,210.0,22.26161111111111,0.0,Florida State,2017.0,2017.0,MIN,41.0,10.0,0.15625
2017,2,00-0033893,D.Cook,RB,MIN,PIT,0,0,0.0,0,0.0,0.0,0.0,12,64.0,0,3,2,0.0,0,6.4,8.4,,,70.0,210.0,22.26161111111111,0.0,Florida State,2017.0,2017.0,MIN,41.0,,0.083333336
2017,3,00-0033893,D.Cook,RB,MIN,TB,0,0,0.0,0,0.0,0.0,0.0,27,97.0,1,5,5,72.0,0,22.9,27.9,,,70.0,210.0,22.26161111111111,0.0,Florida State,2017.0,2017.0,MIN,41.0,17.0,0.15151516
2017,4,00-0033893,D.Cook,RB,MIN,DET,0,0,0.0,0,0.0,0.0,0.0,13,66.0,1,3,1,8.0,0,11.4,12.4,,,70.0,210.0,22.26161111111111,0.0,Florida State,2017.0,2017.0,MIN,41.0,-7.0,0.1
2017,1,00-0033895,G.Everett,TE,LA,IND,0,0,0.0,0,0.0,0.0,0.0,0,0.0,0,1,1,39.0,0,3.9,4.9,,,75.0,240.0,23.375411764705884,0.0,South Alabama,2017.0,2017.0,LA,44.0,37.0,0.033333335
2017,2,00-0033895,G.Everett,TE,LA,WAS,0,0,0.0,0,0.0,0.0,0.0,0,0.0,0,3,3,95.0,0,9.5,12.5,,,75.0,240.0,23.375411764705884,0.0,South Alabama,2017.0,2017.0,LA,44.0,-7.0,0.12
2017,4,00-0033895,G.Everett,TE,LA,DAL,0,0,0.0,0,0.0,0.0,0.0,0,0.0,0,3,1,8.0,0,0.8,1.8,,,75.0,240.0,23.375411764705884,0.0,South Alabama,2017.0,2017.0,LA,44.0,,0.08571429
2017,5,00-0033895,G.Everett,TE,LA,SEA,0,0,0.0,0,0.0,0.0,0.0,0,0.0,0,3,1,8.0,0,0.8,1.8,,,75.0,240.0,23.375411764705884,0.0,South Alabama,2017.0,2017.0,LA,44.0,-6.0,0.06521739
2017,6,00-0033895,G.Everett,TE,LA,JAX,0,0,0.0,0,0.0,0.0,0.0,0,0.0,0,3,1,4.0,1,6.4,7.4,,,75.0,240.0,23.375411764705884,0.0,South Alabama,2017.0,2017.0,LA,44.0,,0.14285715
2017,9,00-0033895,G.Everett,TE,LA,NYG,0,0,0.0,0,0.0,0.0,0.0,1,13.0,0,2,1,44.0,0,5.7,6.7,,,75.0,240.0,23.375411764705884,0.0,South Alabama,2017.0,2017.0,LA,44.0,,0.09090909
2017,10,00-0033895,G.Everett,TE,LA,HOU,0,0,0.0,0,0.0,0.0,0.0,0,0.0,0,2,0,0.0,0,0.0,0.0,,,75.0,240.0,23.375411764705884,0.0,South Alabama,2017.0,2017.0,LA,44.0,26.0,0.055555556
2017,11,00-0033895,G.Everett,TE,LA,MIN,0,0,0.0,0,0.0,0.0,0.0,0,0.0,0,2,1,8.0,0,0.8,1.8,,,75.0,240.0,23.375411764705884,0.0,South Alabama,2017.0,2017.0,LA,44.0,,0.055555556
2017,12,00-0033895,G.Everett,TE,LA,NO,0,0,0.0,0,0.0,0.0,0.0,0,0.0,0,1,1,9.0,0,0.9,1.9,,,75.0,240.0,23.375411764705884,0.0,South Alabama,2017.0,2017.0,LA,44.0,6.0,0.023255814
2017,13,00-0033895,G.Everett,TE,LA,ARI,0,0,0.0,0,0.0,0.0,0.0,0,0.0,0,4,2,7.0,1,6.7,8.7,,,75.0,240.0,23.375411764705884,0.0,South Alabama,2017.0,2017.0,LA,44.0,,0.12903225
2017,14,00-0033895,G.Everett,TE,LA,PHI,0,0,0.0,0,0.0,0.0,0.0,0,0.0,0,1,1,6.0,0,0.6,1.6,,,75.0,240.0,23.375411764705884,0.0,South Alabama,2017.0,2017.0,LA,44.0,-8.0,0.04
2017,15,00-0033895,G.Everett,TE,LA,SEA,0,0,0.0,0,0.0,0.0,0.0,0,0.0,0,1,0,0.0,0,0.0,0.0,,,75.0,240.0,23.375411764705884,0.0,South Alabama,2017.0,2017.0,LA,44.0,,0.04347826
2017,17,00-0033895,G.Everett,TE,LA,SF,0,0,0.0,0,0.0,0.0,0.0,0,0.0,0,6,3,16.0,0,-0.4,2.6,,,75.0,240.0,23.375411764705884,0.0,South Alabama,2017.0,2017.0,LA,44.0,-21.0,0.1764706
2017,18,00-0033895,G.Everett,TE,LA,ATL,0,0,0.0,0,0.0,0.0,0.0,0,0.0,0,2,1,4.0,0,0.4,1.4,,,75.0,240.0,23.375411764705884,0.0,South Alabama,2017.0,2017.0,LA,44.0,-13.0,0.044444446
2017,3,00-0033896,A.Shaheen,TE,CHI,PIT,0,0,0.0,0,0.0,0.0,0.0,0,0.0,0,1,1,2.0,1,6.2,7.2,,,77.0,270.0,23.0330625,0.0,Ashland,2017.0,2017.0,CHI,45.0,6.0,0.04761905
2017,8,00-0033896,A.Shaheen,TE,CHI,NO,0,0,0.0,0,0.0,0.0,0.0,0,0.0,0,1,0,0.0,0,0.0,0.0,,,77.0,270.0,23.0330625,0.0,Ashland,2017.0,2017.0,CHI,45.0,,0.03125
2017,10,00-0033896,A.Shaheen,TE,CHI,GB,0,0,0.0,0,0.0,0.0,0.0,0,0.0,0,2,2,39.0,0,3.9,5.9,,,77.0,270.0,23.0330625,0.0,Ashland,2017.0,2017.0,CHI,45.0,-7.0,0.057142857
2017,11,00-0033896,A.Shaheen,TE,CHI,DET,0,0,0.0,0,0.0,0.0,0.0,0,0.0,0,4,4,41.0,1,10.1,14.1,,,77.0,270.0,23.0330625,0.0,Ashland,2017.0,2017.0,CHI,45.0,-3.0,0.13333334
2017,12,00-0033896,A.Shaheen,TE,CHI,PHI,0,0,0.0,0,0.0,0.0,0.0,0,0.0,0,1,1,1.0,0,0.1,1.1,,,77.0,270.0,23.0330625,0.0,Ashland,2017.0,2017.0,CHI,45.0,,0.03125
2017,14,00-0033896,A.Shaheen,TE,CHI,CIN,0,0,0.0,0,0.0,0.0,0.0,0,0.0,0,5,4,44.0,1,10.4,14.4,,,77.0,270.0,23.0330625,0.0,Ashland,2017.0,2017.0,CHI,45.0,,0.16129032
2017,1,00-0033897,J.Mixon,RB,CIN,BAL,0,0,0.0,0,0.0,0.0,0.0,8,9.0,0,3,3,15.0,0,2.4,5.4,,,73.0,228.0,21.28725,0.0,Oklahoma,2017.0,2017.0,CIN,48.0,-20.0,0.10344828
2017,2,00-0033897,J.Mixon,RB,CIN,HOU,0,0,0.0,0,0.0,0.0,0.0,9,36.0,0,1,1,5.0,0,4.1,5.1,,,73.0,228.0,21.28725,0.0,Oklahoma,2017.0,2017.0,CIN,48.0,-4.0,0.032258064
2017,3,00-0033897,J.Mixon,RB,CIN,GB,0,0,0.0,0,0.0,0.0,0.0,18,62.0,0,3,3,39.0,0,10.1,13.1,,,73.0,228.0,21.28725,0.0,Oklahoma,2017.0,2017.0,CIN,48.0,,0.115384616
2017,4,00-0033897,J.Mixon,RB,CIN,CLE,0,0,0.0,0,0.0,0.0,0.0,17,29.0,0,4,4,19.0,0,4.8,8.8,,,73.0,228.0,21.28725,0.0,Oklahoma,2017.0,2017.0,CIN,48.0,,0.13333334
2017,5,00-0033897,J.Mixon,RB,CIN,BUF,0,0,0.0,0,0.0,0.0,0.0,15,51.0,1,0,0,0.0,0,11.1,11.1,,,73.0,228.0,21.28725,0.0,Oklahoma,2017.0,2017.0,CIN,48.0,4.0,
2017,7,00-0033897,J.Mixon,RB,CIN,PIT,0,0,0.0,0,0.0,0.0,0.0,7,48.0,0,3,3,20.0,0,6.8,9.8,,,73.0,228.0,21.28725,0.0,Oklahoma,2017.0,2017.0,CIN,48.0,,0.10344828
2017,8,00-0033897,J.Mixon,RB,CIN,IND,0,0,0.0,0,0.0,0.0,0.0,11,18.0,0,3,3,91.0,0,8.9,11.9,,,73.0,228.0,21.28725,0.0,Oklahoma,2017.0,2017.0,CIN,48.0,1.0,0.10714286
2017,9,00-0033897,J.Mixon,RB,CIN,JAX,0,0,0.0,0,0.0,0.0,0.0,13,31.0,1,4,3,15.0,0,10.6,13.6,,,73.0,228.0,21.28725,0.0,Oklahoma,2017.0,2017.0,CIN,48.0,,0.23529412
2017,10,00-0033897,J.Mixon,RB,CIN,TEN,0,0,0.0,0,0.0,0.0,0.0,9,37.0,1,3,1,3.0,0,10.0,11.0,,,73.0,228.0,21.28725,0.0,Oklahoma,2017.0,2017.0,CIN,48.0,,0.0882353
2017,11,00-0033897,J.Mixon,RB,CIN,DEN,0,0,0.0,0,0.0,0.0,0.0,20,49.0,0,2,2,0.0,0,4.9,6.9,,,73.0,228.0,21.28725,0.0,Oklahoma,2017.0,2017.0,CIN,48.0,,0.083333336
2017,12,00-0033897,J.Mixon,RB,CIN,CLE,0,0,0.0,0,0.0,0.0,0.0,23,114.0,1,3,3,51.0,0,22.5,25.5,,,73.0,228.0,21.28725,0.0,Oklahoma,2017.0,2017.0,CIN,48.0,14.0,0.115384616
2017,13,00-0033897,J.Mixon,RB,CIN,PIT,0,0,0.0,0,0.0,0.0,0.0,7,34.0,0,1,1,8.0,0,4.2,5.2,,,73.0,228.0,21.28725,0.0,Oklahoma,2017.0,2017.0,CIN,48.0,-3.0,0.028571429
2017,16,00-0033897,J.Mixon,RB,CIN,DET,0,0,0.0,0,0.0,0.0,0.0,3,12.0,0,3,2,20.0,0,3.2,5.2,,,73.0,228.0,21.28725,0.0,Oklahoma,2017.0,2017.0,CIN,48.0,9.0,0.075
2017,17,00-0033897,J.Mixon,RB,CIN,BAL,0,0,0.0,0,0.0,0.0,0.0,18,96.0,0,1,1,1.0,0,7.7,8.7,,,73.0,228.0,21.28725,0.0,Oklahoma,2017.0,2017.0,CIN,48.0,,0.024390243
2017,1,00-0033899,D.Kizer,QB,CLE,PIT,20,30,222.0,1,1.0,7.0,42.0,5,17.0,1,0,0,0.0,0,18.58,18.58,,,76.0,233.0,21.839875,0.0,Notre Dame,2017.0,2017.0,CLE,52.0,-3.0,
2017,2,00-0033899,D.Kizer,QB,CLE,BAL,15,31,182.0,0,3.0,2.0,5.0,5,26.0,0,0,0,0.0,0,1.88,1.88,,,76.0,233.0,21.839875,0.0,Notre Dame,2017.0,2017.0,CLE,52.0,,
2017,3,00-0033899,D.Kizer,QB,CLE,IND,22,47,242.0,2,3.0,1.0,7.0,7,44.0,1,0,0,0.0,0,22.08,22.08,,,76.0,233.0,21.839875,0.0,Notre Dame,2017.0,2017.0,CLE,52.0,,
2017,4,00-0033899,D.Kizer,QB,CLE,CIN,16,34,118.0,0,1.0,1.0,7.0,5,10.0,0,0,0,0.0,0,3.72,3.72,,,76.0,233.0,21.839875,0.0,Notre Dame,2017.0,2017.0,CLE,52.0,-24.0,
2017,5,00-0033899,D.Kizer,QB,CLE,NYJ,8,17,87.0,0,1.0,1.0,2.0,6,29.0,0,0,0,0.0,0,2.38,2.38,,,76.0,233.0,21.839875,0.0,Notre Dame,2017.0,2017.0,CLE,52.0,-3.0,
2017,7,00-0033899,D.Kizer,QB,CLE,TEN,12,20,114.0,0,2.0,0.0,-0.0,0,0.0,0,0,0,0.0,0,0.56,0.56,,,76.0,233.0,21.839875,0.0,Notre Dame,2017.0,2017.0,CLE,52.0,-3.0,
2017,8,00-0033899,D.Kizer,QB,CLE,MIN,18,34,179.0,0,0.0,3.0,18.0,5,18.0,1,0,0,0.0,0,14.96,14.96,,,76.0,233.0,21.839875,0.0,Notre Dame,2017.0,2017.0,CLE,52.0,-17.0,
2017,10,00-0033899,D.Kizer,QB,CLE,DET,21,37,232.0,1,1.0,1.0,3.0,7,57.0,1,0,0,0.0,0,22.98,22.98,,,76.0,233.0,21.839875,0.0,Notre Dame,2017.0,2017.0,CLE,52.0,,
2017,11,00-0033899,D.Kizer,QB,CLE,JAX,16,32,179.0,1,2.0,5.0,45.0,5,22.0,0,0,0,0.0,0,5.36,5.36,,,76.0,233.0,21.839875,0.0,Notre Dame,2017.0,2017.0,CLE,52.0,-12.0,
2017,12,00-0033899,D.Kizer,QB,CLE,CIN,18,31,268.0,0,0.0,3.0,23.0,9,39.0,1,0,0,0.0,0,20.62,20.62,,,76.0,233.0,21.839875,0.0,Notre Dame,2017.0,2017.0,CLE,52.0,,
2017,13,00-0033899,D.Kizer,QB,CLE,LAC,15,32,215.0,1,1.0,3.0,13.0,5,46.0,0,0,0,0.0,0,13.2,13.2,,,76.0,233.0,21.839875,0.0,Notre Dame,2017.0,2017.0,CLE,52.0,,
2017,14,00-0033899,D.Kizer,QB,CLE,GB,20,28,214.0,3,2.0,2.0,5.0,2,7.0,0,0,0,0.0,0,17.26,17.26,,,76.0,233.0,21.839875,0.0,Notre Dame,2017.0,2017.0,CLE,52.0,-6.0,
2017,15,00-0033899,D.Kizer,QB,CLE,BAL,20,37,146.0,0,2.0,2.0,10.0,7,35.0,0,0,0,0.0,0,3.34,3.34,,,76.0,233.0,21.839875,0.0,Notre Dame,2017.0,2017.0,CLE,52.0,-17.0,
2017,16,00-0033899,D.Kizer,QB,CLE,CHI,18,36,182.0,0,2.0,1.0,4.0,3,8.0,0,0,0,0.0,0,4.08,4.08,,,76.0,233.0,21.839875,0.0,Notre Dame,2017.0,2017.0,CLE,52.0,,
2017,17,00-0033899,D.Kizer,QB,CLE,PIT,16,30,314.0,2,1.0,6.0,42.0,6,61.0,0,0,0,0.0,0,24.66,24.66,,,76.0,233.0,21.839875,0.0,Notre Dame,2017.0,2017.0,CLE,52.0,,
2017,1,00-0033906,A.Kamara,RB,NO,MIN,0,0,0.0,0,0.0,0.0,0.0,7,18.0,0,6,4,20.0,0,3.8,7.8,,,70.0,215.0,22.30761111111111,0.0,Tennessee,2017.0,2017.0,NO,67.0,,0.16216215
2017,2,00-0033906,A.Kamara,RB,NO,NE,0,0,0.0,0,0.0,0.0,0.0,1,3.0,0,7,3,51.0,0,5.4,8.4,,,70.0,215.0,22.30761111111111,0.0,Tennessee,2017.0,2017.0,NO,67.0,-16.0,0.1590909
2017,3,00-0033906,A.Kamara,RB,NO,CAR,0,0,0.0,0,0.0,0.0,0.0,2,37.0,1,5,3,5.0,0,10.2,13.2,,,70.0,215.0,22.30761111111111,0.0,Tennessee,2017.0,2017.0,NO,67.0,,0.1724138
2017,4,00-0033906,A.Kamara,RB,NO,MIA,0,0,0.0,0,0.0,0.0,0.0,5,25.0,0,10,10,71.0,1,15.6,25.6,,,70.0,215.0,22.30761111111111,0.0,Tennessee,2017.0,2017.0,NO,67.0,,0.25
2017,6,00-0033906,A.Kamara,RB,NO,DET,0,0,0.0,0,0.0,0.0,0.0,10,75.0,0,3,3,12.0,0,8.7,11.7,,,70.0,215.0,22.30761111111111,0.0,Tennessee,2017.0,2017.0,NO,67.0,14.0,0.1
2017,7,00-0033906,A.Kamara,RB,NO,GB,0,0,0.0,0,0.0,0.0,0.0,9,57.0,0,7,5,50.0,0,10.7,15.7,,,70.0,215.0,22.30761111111111,0.0,Tennessee,2017.0,2017.0,NO,67.0,,0.18421052
2017,8,00-0033906,A.Kamara,RB,NO,CHI,0,0,0.0,0,0.0,0.0,0.0,8,28.0,1,3,3,48.0,0,13.6,16.6,,,70.0,215.0,22.30761111111111,0.0,Tennessee,2017.0,2017.0,NO,67.0,8.0,0.11111111
2017,9,00-0033906,A.Kamara,RB,NO,TB,0,0,0.0,0,0.0,0.0,0.0,10,68.0,1,7,6,84.0,1,25.2,31.2,,,70.0,215.0,22.30761111111111,0.0,Tennessee,2017.0,2017.0,NO,67.0,20.0,0.25925925
2017,10,00-0033906,A.Kamara,RB,NO,BUF,0,0,0.0,0,0.0,0.0,0.0,12,106.0,1,5,5,32.0,0,19.8,24.8,,,70.0,215.0,22.30761111111111,0.0,Tennessee,2017.0,2017.0,NO,67.0,,0.2173913
2017,11,00-0033906,A.Kamara,RB,NO,WAS,0,0,0.0,0,0.0,0.0,0.0,8,42.0,0,9,6,74.0,1,19.6,25.6,,,70.0,215.0,22.30761111111111,0.0,Tennessee,2017.0,2017.0,NO,67.0,3.0,0.225
2017,12,00-0033906,A.Kamara,RB,NO,LA,0,0,0.0,0,0.0,0.0,0.0,5,87.0,1,6,6,101.0,1,30.8,36.8,,,70.0,215.0,22.30761111111111,0.0,Tennessee,2017.0,2017.0,NO,67.0,,0.1875
2017,13,00-0033906,A.Kamara,RB,NO,CAR,0,0,0.0,0,0.0,0.0,0.0,9,60.0,2,6,5,66.0,0,24.6,29.6,,,70.0,215.0,22.30761111111111,0.0,Tennessee,2017.0,2017.0,NO,67.0,10.0,0.18181819
2017,14,00-0033906,A.Kamara,RB,NO,ATL,0,0,0.0,0,0.0,0.0,0.0,1,2.0,0,3,3,25.0,0,2.7,5.7,,,70.0,215.0,22.30761111111111,0.0,Tennessee,2017.0,2017.0,NO,67.0,,0.08571429
2017,15,00-0033906,A.Kamara,RB,NO,NYJ,0,0,0.0,0,0.0,0.0,0.0,12,44.0,0,7,6,45.0,1,14.9,20.9,,,70.0,215.0,22.30761111111111,0.0,Tennessee,2017.0,2017.0,NO,67.0,12.0,0.19444445
2017,16,00-0033906,A.Kamara,RB,NO,ATL,0,0,0.0,0,0.0,0.0,0.0,12,32.0,0,9,7,58.0,0,9.0,16.0,,,70.0,215.0,22.30761111111111,0.0,Tennessee,2017.0,2017.0,NO,67.0,10.0,0.32142857
2017,17,00-0033906,A.Kamara,RB,NO,TB,0,0,0.0,0,0.0,0.0,0.0,9,44.0,1,7,6,84.0,0,24.8,30.8,,,70.0,215.0,22.30761111111111,0.0,Tennessee,2017.0,2017.0,NO,67.0,,0.23333333
2017,18,00-0033906,A.Kamara,RB,NO,CAR,0,0,0.0,0,0.0,0.0,0.0,10,23.0,1,3,1,10.0,0,9.3,10.3,,,70.0,215.0,22.30761111111111,0.0,Tennessee,2017.0,2017.0,NO,67.0,5.0,0.1
2017,19,00-0033906,A.Kamara,RB,NO,MIN,0,0,0.0,0,0.0,0.0,0.0,11,43.0,0,7,4,62.0,1,16.5,20.5,,,70.0,215.0,22.30761111111111,0.0,Tennessee,2017.0,2017.0,NO,67.0,,0.17073171
2017,1,00-0033908,C.Kupp,WR,LA,IND,0,0,0.0,0,0.0,0.0,0.0,0,0.0,0,6,4,76.0,1,13.6,17.6,,,73.0,205.0,24.402176470588234,0.0,Eastern Washington,2017.0,2017.0,LA,69.0,37.0,0.2
2017,2,00-0033908,C.Kupp,WR,LA,WAS,0,0,0.0,0,0.0,0.0,0.0,0,0.0,0,6,3,33.0,0,3.3,6.3,,,73.0,205.0,24.402176470588234,0.0,Eastern Washington,2017.0,2017.0,LA,69.0,-7.0,0.24
2017,3,00-0033908,C.Kupp,WR,LA,SF,0,0,0.0,0,0.0,0.0,0.0,0,0.0,0,2,2,17.0,0,1.7,3.7,,,73.0,205.0,24.402176470588234,0.0,Eastern Washington,2017.0,2017.0,LA,69.0,,0.071428575
2017,4,00-0033908,C.Kupp,WR,LA,DAL,0,0,0.0,0,0.0,0.0,0.0,0,0.0,0,7,5,60.0,1,12.0,17.0,,,73.0,205.0,24.402176470588234,0.0,Eastern Washington,2017.0,2017.0,LA,69.0,,0.2
2017,5,00-0033908,C.Kupp,WR,LA,SEA,0,0,0.0,0,0.0,0.0,0.0,0,0.0,0,8,3,44.0,0,4.4,7.4,,,73.0,205.0,24.402176470588234,0.0,Eastern Washington,2017.0,2017.0,LA,69.0,-6.0,0.17391305
2017,6,00-0033908,C.Kupp,WR,LA,JAX,0,0,0.0,0,0.0,0.0,0.0,0,0.0,0,3,2,35.0,0,3.5,5.5,,,73.0,205.0,24.402176470588234,0.0,Eastern Washington,2017.0,2017.0,LA,69.0,,0.14285715
2017,7,00-0033908,C.Kupp,WR,LA,ARI,0,0,0.0,0,0.0,0.0,0.0,0,0.0,0,10,4,51.0,1,11.1,15.1,,,73.0,205.0,24.402176470588234,0.0,Eastern Washington,2017.0,2017.0,LA,69.0,33.0,0.27027026
2017,9,00-0033908,C.Kupp,WR,LA,NYG,0,0,0.0,0,0.0,0.0,0.0,0,0.0,0,5,3,54.0,0,5.4,8.4,,,73.0,205.0,24.402176470588234,0.0,Eastern Washington,2017.0,2017.0,LA,69.0,,0.22727273
2017,10,00-0033908,C.Kupp,WR,LA,HOU,0,0,0.0,0,0.0,0.0,0.0,0,0.0,0,7,6,47.0,0,4.7,10.7,,,73.0,205.0,24.402176470588234,0.0,Eastern Washington,2017.0,2017.0,LA,69.0,26.0,0.19444445
2017,11,00-0033908,C.Kupp,WR,LA,MIN,0,0,0.0,0,0.0,0.0,0.0,0,0.0,0,7,6,64.0,0,4.4,10.4,,,73.0,205.0,24.402176470588234,0.0,Eastern Washington,2017.0,2017.0,LA,69.0,,0.19444445
2017,12,00-0033908,C.Kupp,WR,LA,NO,0,1,0.0,0,0.0,0.0,-0.0,0,0.0,0,11,8,116.0,0,11.6,19.6,,,73.0,205.0,24.402176470588234,0.0,Eastern Washington,2017.0,2017.0,LA,69.0,6.0,0.25581396
2017,13,00-0033908,C.Kupp,WR,LA,ARI,0,0,0.0,0,0.0,0.0,0.0,0,0.0,0,6,5,68.0,0,6.8,11.8,,,73.0,205.0,24.402176470588234,0.0,Eastern Washington,2017.0,2017.0,LA,69.0,,0.19354838
2017,14,00-0033908,C.Kupp,WR,LA,PHI,0,0,0.0,0,0.0,0.0,0.0,0,0.0,0,7,5,118.0,1,17.8,22.8,,,73.0,205.0,24.402176470588234,0.0,Eastern Washington,2017.0,2017.0,LA,69.0,-8.0,0.28
2017,15,00-0033908,C.Kupp,WR,LA,SEA,0,0,0.0,0,0.0,0.0,0.0,0,0.0,0,3,2,21.0,0,2.1,4.1,,,73.0,205.0,24.402176470588234,0.0,Eastern Washington,2017.0,2017.0,LA,69.0,,0.13043478
2017,16,00-0033908,C.Kupp,WR,LA,TEN,0,0,0.0,0,0.0,0.0,0.0,0,0.0,0,6,4,65.0,1,12.5,16.5,,,73.0,205.0,24.402176470588234,0.0,Eastern Washington,2017.0,2017.0,LA,69.0,,0.15789473
2017,18,00-0033908,C.Kupp,WR,LA,ATL,0,0,0.0,0,0.0,0.0,0.0,0,0.0,0,13,8,69.0,1,12.9,20.9,,,73.0,205.0,24.402176470588234,0.0,Eastern Washington,2017.0,2017.0,LA,69.0,-13.0,0.2888889
2017,1,00-0033911,T.Taylor,WR,TEN,LV,0,0,0.0,0,0.0,0.0,0.0,0,0.0,0,2,2,14.0,0,1.4,3.4,,,71.0,203.0,22.701055555555556,0.0,Western Kentucky,2017.0,2017.0,TEN,72.0,-10.0,0.048780486
2017,2,00-0033911,T.Taylor,WR,TEN,JAX,0,0,0.0,0,0.0,0.0,0.0,2,16.0,0,1,1,42.0,0,5.8,6.8,,,71.0,203.0,22.701055555555556,0.0,Western Kentucky,2017.0,2017.0,TEN,72.0,,0.04347826
2017,3,00-0033911,T.Taylor,WR,TEN,SEA,0,0,0.0,0,0.0,0.0,0.0,1,-1.0,0,3,2,16.0,0,1.5,3.5,,,71.0,203.0,22.701055555555556,0.0,Western Kentucky,2017.0,2017.0,TEN,72.0,6.0,0.09677419
2017,4,00-0033911,T.Taylor,WR,TEN,HOU,0,0,0.0,0,0.0,0.0,0.0,1,6.0,0,1,0,0.0,0,0.6,0.6,,,71.0,203.0,22.701055555555556,0.0,Western Kentucky,2017.0,2017.0,TEN,72.0,,0.05
2017,5,00-0033911,T.Taylor,WR,TEN,MIA,0,0,0.0,0,0.0,0.0,0.0,1,5.0,0,1,0,0.0,0,0.5,0.5,,,71.0,203.0,22.701055555555556,0.0,Western Kentucky,2017.0,2017.0,TEN,72.0,,0.032258064
2017,6,00-0033911,T.Taylor,WR,TEN,IND,0,0,0.0,0,0.0,0.0,0.0,0,0.0,0,4,2,61.0,1,12.1,14.1,,,71.0,203.0,22.701055555555556,0.0,Western Kentucky,2017.0,2017.0,TEN,72.0,14.0,0.125
2017,7,00-0033911,T.Taylor,WR,TEN,CLE,0,0,0.0,0,0.0,0.0,0.0,0,0.0,0,4,3,45.0,0,4.5,7.5,,,71.0,203.0,22.701055555555556,0.0,Western Kentucky,2017.0,2017.0,TEN,72.0,,0.11764706
2017,9,00-0033911,T.Taylor,WR,TEN,BAL,0,0,0.0,0,0.0,0.0,0.0,0,0.0,0,2,1,-4.0,0,-0.4,0.6,,,71.0,203.0,22.701055555555556,0.0,Western Kentucky,2017.0,2017.0,TEN,72.0,3.0,0.071428575
2017,10,00-0033911,T.Taylor,WR,TEN,CIN,0,0,0.0,0,0.0,0.0,0.0,1,4.0,0,3,2,34.0,0,3.8,5.8,,,71.0,203.0,22.701055555555556,0.0,Western Kentucky,2017.0,2017.0,TEN,72.0,4.0,0.06818182
2017,11,00-0033911,T.Taylor,WR,TEN,PIT,0,0,0.0,0,0.0,0.0,0.0,0,0.0,0,1,0,0.0,0,0.0,0.0,,,71.0,203.0,22.701055555555556,0.0,Western Kentucky,2017.0,2017.0,TEN,72.0,,0.030303031
2017,12,00-0033911,T.Taylor,WR,TEN,IND,0,0,0.0,0,0.0,0.0,0.0,0,0.0,0,2,1,8.0,0,0.8,1.8,,,71.0,203.0,22.701055555555556,0.0,Western Kentucky,2017.0,2017.0,TEN,72.0,,0.083333336
2017,13,00-0033911,T.Taylor,WR,TEN,HOU,0,0,0.0,0,0.0,0.0,0.0,0,0.0,0,2,2,15.0,0,1.5,3.5,,,71.0,203.0,22.701055555555556,0.0,Western Kentucky,2017.0,2017.0,TEN,72.0,11.0,0.0952381
2017,14,00-0033911,T.Taylor,WR,TEN,ARI,0,0,0.0,0,0.0,0.0,0.0,0,0.0,0,1,0,0.0,0,0.0,0.0,,,71.0,203.0,22.701055555555556,0.0,Western Kentucky,2017.0,2017.0,TEN,72.0,,0.032258064
2017,15,00-0033911,T.Taylor,WR,TEN,SF,0,0,0.0,0,0.0,0.0,0.0,1,8.0,0,0,0,0.0,0,0.8,0.8,,,71.0,203.0,22.701055555555556,0.0,Western Kentucky,2017.0,2017.0,TEN,72.0,,
2017,16,00-0033911,T.Taylor,WR,TEN,LA,0,0,0.0,0,0.0,0.0,0.0,0,0.0,0,1,0,0.0,0,0.0,0.0,,,71.0,203.0,22.701055555555556,0.0,Western Kentucky,2017.0,2017.0,TEN,72.0,-4.0,0.027027028
2017,17,00-0033911,T.Taylor,WR,TEN,JAX,0,0,0.0,0,0.0,0.0,0.0,1,5.0,0,0,0,0.0,0,0.5,0.5,,,71.0,203.0,22.701055555555556,0.0,Western Kentucky,2017.0,2017.0,TEN,72.0,5.0,
2017,18,00-0033911,T.Taylor,WR,TEN,KC,0,0,0.0,0,0.0,0.0,0.0,0,0.0,0,1,1,4.0,0,0.4,1.4,,,71.0,203.0,22.701055555555556,0.0,Western Kentucky,2017.0,2017.0,TEN,72.0,,0.033333335
2017,19,00-0033911,T.Taylor,WR,TEN,NE,0,0,0.0,0,0.0,0.0,0.0,0,0.0,0,3,1,5.0,0,0.5,1.5,,,71.0,203.0,22.701055555555556,0.0,Western Kentucky,2017.0,2017.0,TEN,72.0,,0.078947365
2017,1,00-0033916,A.Stewart,WR,NYJ,BUF,0,0,0.0,0,0.0,0.0,0.0,0,0.0,0,5,2,10.0,0,1.0,3.0,,,71.0,204.0,23.906625,0.0,Alabama,2017.0,2017.0,NYJ,79.0,,0.13157895
2017,3,00-0033916,A.Stewart,WR,NYJ,MIA,0,0,0.0,0,0.0,0.0,0.0,0,0.0,0,1,1,24.0,0,2.4,3.4,,,71.0,204.0,23.906625,0.0,Alabama,2017.0,2017.0,NYJ,79.0,14.0,0.04347826
2017,5,00-0033916,A.Stewart,WR,NYJ,CLE,0,0,0.0,0,0.0,0.0,0.0,2,12.0,0,0,0,0.0,0,1.2,1.2,,,71.0,204.0,23.906625,0.0,Alabama,2017.0,2017.0,NYJ,79.0,,
2017,6,00-0033916,A.Stewart,WR,NYJ,NE,0,0,0.0,0,0.0,0.0,0.0,1,6.0,0,2,1,2.0,0,0.8,1.8,,,71.0,204.0,23.906625,0.0,Alabama,2017.0,2017.0,NYJ,79.0,-7.0,0.044444446
2017,10,00-0033916,A.Stewart,WR,NYJ,TB,0,0,0.0,0,0.0,0.0,0.0,1,4.0,0,1,1,0.0,0,0.4,1.4,,,71.0,204.0,23.906625,0.0,Alabama,2017.0,2017.0,NYJ,79.0,,0.025641026
2017,13,00-0033916,A.Stewart,WR,NYJ,KC,0,0,0.0,0,0.0,0.0,0.0,3,5.0,0,0,0,0.0,0,0.5,0.5,,,71.0,204.0,23.906625,0.0,Alabama,2017.0,2017.0,NYJ,79.0,7.0,
2017,14,00-0033916,A.Stewart,WR,NYJ,DEN,0,0,0.0,0,0.0,0.0,0.0,0,0.0,0,1,0,0.0,0,0.0,0.0,,,71.0,204.0,23.906625,0.0,Alabama,2017.0,2017.0,NYJ,79.0,,0.04761905
2017,15,00-0033916,A.Stewart,WR,NYJ,NO,0,0,0.0,0,0.0,0.0,0.0,0,0.0,0,1,0,0.0,0,0.0,0.0,,,71.0,204.0,23.906625,0.0,Alabama,2017.0,2017.0,NYJ,79.0,,0.028571429
2017,17,00-0033916,A.Stewart,WR,NYJ,NE,0,0,0.0,0,0.0,0.0,0.0,0,0.0,0,2,1,46.0,0,4.6,5.6,,,71.0,204.0,23.906625,0.0,Alabama,2017.0,2017.0,NYJ,79.0,,0.055555556
2017,2,00-0033921,C.Godwin,WR,TB,CHI,0,0,0.0,0,0.0,0.0,0.0,0,0.0,0,2,0,0.0,0,0.0,0.0,,,73.0,209.0,21.6984375,0.0,Penn State,2017.0,2017.0,TB,84.0,22.0,0.06451613
2017,3,00-0033921,C.Godwin,WR,TB,MIN,0,0,0.0,0,0.0,0.0,0.0,0,0.0,0,3,3,44.0,0,4.4,7.4,,,73.0,209.0,21.6984375,0.0,Penn State,2017.0,2017.0,TB,84.0,,0.075
2017,5,00-0033921,C.Godwin,WR,TB,NE,0,0,0.0,0,0.0,0.0,0.0,0,0.0,0,2,1,8.0,0,0.8,1.8,,,73.0,209.0,21.6984375,0.0,Penn State,2017.0,2017.0,TB,84.0,-5.0,0.044444446
2017,6,00-0033921,C.Godwin,WR,TB,ARI,0,0,0.0,0,0.0,0.0,0.0,0,0.0,0,1,1,9.0,0,0.9,1.9,,,73.0,209.0,21.6984375,0.0,Penn State,2017.0,2017.0,TB,84.0,,0.023809524
2017,7,00-0033921,C.Godwin,WR,TB,BUF,0,0,0.0,0,0.0,0.0,0.0,0,0.0,0,1,1,5.0,0,0.5,1.5,,,73.0,209.0,21.6984375,0.0,Penn State,2017.0,2017.0,TB,84.0,,0.022727273
2017,8,00-0033921,C.Godwin,WR,TB,CAR,0,0,0.0,0,0.0,0.0,0.0,0,0.0,0,2,1,8.0,0,0.8,1.8,,,73.0,209.0,21.6984375,0.0,Penn State,2017.0,2017.0,TB,84.0,-14.0,0.055555556
2017,9,00-0033921,C.Godwin,WR,TB,NO,0,0,0.0,0,0.0,0.0,0.0,0,0.0,0,1,1,9.0,0,0.9,1.9,,,73.0,209.0,21.6984375,0.0,Penn State,2017.0,2017.0,TB,84.0,,0.037037037
2017,10,00-0033921,C.Godwin,WR,TB,NYJ,0,0,0.0,0,0.0,0.0,0.0,0,0.0,0,10,5,68.0,0,6.8,11.8,,,73.0,209.0,21.6984375,0.0,Penn State,2017.0,2017.0,TB,84.0,5.0,0.29411766
2017,11,00-0033921,C.Godwin,WR,TB,MIA,0,0,0.0,0,0.0,0.0,0.0,0,0.0,0,2,2,38.0,0,3.8,5.8,,,73.0,209.0,21.6984375,0.0,Penn State,2017.0,2017.0,TB,84.0,,0.055555556
2017,12,00-0033921,C.Godwin,WR,TB,ATL,0,0,0.0,0,0.0,0.0,0.0,0,0.0,0,2,1,17.0,0,1.7,2.7,,,73.0,209.0,21.6984375,0.0,Penn State,2017.0,2017.0,TB,84.0,,0.045454547
2017,13,00-0033921,C.Godwin,WR,TB,GB,0,0,0.0,0,0.0,0.0,0.0,0,0.0,0,3,2,24.0,0,2.4,4.4,,,73.0,209.0,21.6984375,0.0,Penn State,2017.0,2017.0,TB,84.0,,0.09375
2017,14,00-0033921,C.Godwin,WR,TB,DET,0,0,0.0,0,0.0,0.0,0.0,0,0.0,0,6,5,68.0,0,6.8,11.8,,,73.0,209.0,21.6984375,0.0,Penn State,2017.0,2017.0,TB,84.0,-3.0,0.16216215
2017,15,00-0033921,C.Godwin,WR,TB,ATL,0,0,0.0,0,0.0,0.0,0.0,0,0.0,0,2,1,18.0,0,1.8,2.8,,,73.0,209.0,21.6984375,0.0,Penn State,2017.0,2017.0,TB,84.0,-3.0,0.060606062
2017,16,00-0033921,C.Godwin,WR,TB,CAR,0,0,0.0,0,0.0,0.0,0.0,0,0.0,0,6,3,98.0,0,9.8,12.8,,,73.0,209.0,21.6984375,0.0,Penn State,2017.0,2017.0,TB,84.0,,0.22222222
2017,17,00-0033921,C.Godwin,WR,TB,NO,0,0,0.0,0,0.0,0.0,0.0,0,0.0,0,12,7,111.0,1,17.1,24.1,,,73.0,209.0,21.6984375,0.0,Penn State,2017.0,2017.0,TB,84.0,7.0,0.24
2017,1,00-0033923,K.Hunt,RB,KC,NE,0,0,0.0,0,0.0,0.0,0.0,17,148.0,1,5,5,98.0,2,40.6,45.6,,,70.0,208.0,22.25858823529412,0.0,Toledo,2017.0,2017.0,KC,86.0,,0.14705883
2017,2,00-0033923,K.Hunt,RB,KC,PHI,0,0,0.0,0,0.0,0.0,0.0,13,81.0,2,3,3,28.0,0,22.9,25.9,,,70.0,208.0,22.25858823529412,0.0,Toledo,2017.0,2017.0,KC,86.0,7.0,0.11111111
2017,3,00-0033923,K.Hunt,RB,KC,LAC,0,0,0.0,0,0.0,0.0,0.0,17,172.0,1,1,1,11.0,0,24.3,25.3,,,70.0,208.0,22.25858823529412,0.0,Toledo,2017.0,2017.0,KC,86.0,,0.04761905
2017,4,00-0033923,K.Hunt,RB,KC,WAS,0,0,0.0,0,0.0,0.0,0.0,21,101.0,0,4,4,20.0,0,12.1,16.1,,,70.0,208.0,22.25858823529412,0.0,Toledo,2017.0,2017.0,KC,86.0,9.0,0.114285715
2017,5,00-0033923,K.Hunt,RB,KC,HOU,0,0,0.0,0,0.0,0.0,0.0,29,107.0,0,4,3,9.0,0,11.6,14.6,,,70.0,208.0,22.25858823529412,0.0,Toledo,2017.0,2017.0,KC,86.0,,0.10810811
2017,6,00-0033923,K.Hunt,RB,KC,PIT,0,0,0.0,0,0.0,0.0,0.0,9,21.0,0,6,5,89.0,0,11.0,16.0,,,70.0,208.0,22.25858823529412,0.0,Toledo,2017.0,2017.0,KC,86.0,-6.0,0.1875
2017,7,00-0033923,K.Hunt,RB,KC,LV,0,0,0.0,0,0.0,0.0,0.0,18,87.0,0,4,4,30.0,0,11.7,15.7,,,70.0,208.0,22.25858823529412,0.0,Toledo,2017.0,2017.0,KC,86.0,,0.11111111
2017,8,00-0033923,K.Hunt,RB,KC,DEN,0,0,0.0,0,0.0,0.0,0.0,22,46.0,0,5,3,22.0,0,6.8,9.8,,,70.0,208.0,22.25858823529412,0.0,Toledo,2017.0,2017.0,KC,86.0,10.0,0.1724138
2017,9,00-0033923,K.Hunt,RB,KC,DAL,0,0,0.0,0,0.0,0.0,0.0,9,37.0,0,5,4,24.0,0,6.1,10.1,,,70.0,208.0,22.25858823529412,0.0,Toledo,2017.0,2017.0,KC,86.0,,0.15151516
2017,11,00-0033923,K.Hunt,RB,KC,NYG,0,0,0.0,0,0.0,0.0,0.0,18,73.0,0,4,3,4.0,0,7.7,10.7,,,70.0,208.0,22.25858823529412,0.0,Toledo,2017.0,2017.0,KC,86.0,,0.102564104
2017,12,00-0033923,K.Hunt,RB,KC,BUF,0,0,0.0,0,0.0,0.0,0.0,11,17.0,0,1,1,9.0,0,2.6,3.6,,,70.0,208.0,22.25858823529412,0.0,Toledo,2017.0,2017.0,KC,86.0,-6.0,0.028571429
2017,13,00-0033923,K.Hunt,RB,KC,NYJ,0,0,0.0,0,0.0,0.0,0.0,9,40.0,0,5,3,23.0,0,6.3,9.3,,,70.0,208.0,22.25858823529412,0.0,Toledo,2017.0,2017.0,KC,86.0,,0.15625
2017,14,00-0033923,K.Hunt,RB,KC,LV,0,0,0.0,0,0.0,0.0,0.0,25,116.0,1,3,3,22.0,0,19.8,22.8,,,70.0,208.0,22.25858823529412,0.0,Toledo,2017.0,2017.0,KC,86.0,11.0,0.0882353
2017,15,00-0033923,K.Hunt,RB,KC,LAC,0,0,0.0,0,0.0,0.0,0.0,24,155.0,1,9,7,51.0,1,32.6,39.6,,,70.0,208.0,22.25858823529412,0.0,Toledo,2017.0,2017.0,KC,86.0,17.0,0.3
2017,16,00-0033923,K.Hunt,RB,KC,MIA,0,0,0.0,0,0.0,0.0,0.0,29,91.0,1,4,4,15.0,0,16.6,20.6,,,70.0,208.0,22.25858823529412,0.0,Toledo,2017.0,2017.0,KC,86.0,16.0,0.102564104
2017,17,00-0033923,K.Hunt,RB,KC,DEN,0,0,0.0,0,0.0,0.0,0.0,1,35.0,1,0,0,0.0,0,9.5,9.5,,,70.0,208.0,22.25858823529412,0.0,Toledo,2017.0,2017.0,KC,86.0,,
2017,18,00-0033923,K.Hunt,RB,KC,TEN,0,0,0.0,0,0.0,0.0,0.0,11,42.0,1,3,3,5.0,0,10.7,13.7,,,70.0,208.0,22.25858823529412,0.0,Toledo,2017.0,2017.0,KC,86.0,-1.0,0.09375
2017,1,00-0033925,D.Foreman,RB,HOU,JAX,0,0,0.0,0,0.0,0.0,0.0,1,4.0,0,0,0,0.0,0,0.4,0.4,,,72.0,235.0,21.5354375,0.0,Texas,2017.0,2017.0,HOU,89.0,-22.0,
2017,2,00-0033925,D.Foreman,RB,HOU,CIN,0,0,0.0,0,0.0,0.0,0.0,12,40.0,0,0,0,0.0,0,4.0,4.0,,,72.0,235.0,21.5354375,0.0,Texas,2017.0,2017.0,HOU,89.0,,
2017,3,00-0033925,D.Foreman,RB,HOU,NE,0,0,0.0,0,0.0,0.0,0.0,8,25.0,0,3,2,65.0,0,9.0,11.0,,,72.0,235.0,21.5354375,0.0,Texas,2017.0,2017.0,HOU,89.0,,0.09090909
2017,4,00-0033925,D.Foreman,RB,HOU,TEN,0,0,0.0,0,0.0,0.0,0.0,13,45.0,0,0,0,0.0,0,4.5,4.5,,,72.0,235.0,21.5354375,0.0,Texas,2017.0,2017.0,HOU,89.0,43.0,
2017,5,00-0033925,D.Foreman,RB,HOU,KC,0,0,0.0,0,0.0,0.0,0.0,4,34.0,0,1,1,3.0,0,1.7,2.7,,,72.0,235.0,21.5354375,0.0,Texas,2017.0,2017.0,HOU,89.0,-8.0,0.03448276
2017,6,00-0033925,D.Foreman,RB,HOU,CLE,0,0,0.0,0,0.0,0.0,0.0,12,59.0,0,0,0,0.0,0,5.9,5.9,,,72.0,235.0,21.5354375,0.0,Texas,2017.0,2017.0,HOU,89.0,16.0,
2017,9,00-0033925,D.Foreman,RB,HOU,IND,0,0,0.0,0,0.0,0.0,0.0,11,37.0,0,1,0,0.0,0,3.7,3.7,,,72.0,235.0,21.5354375,0.0,Texas,2017.0,2017.0,HOU,89.0,-6.0,0.022727273
2017,10,00-0033925,D.Foreman,RB,HOU,LA,0,0,0.0,0,0.0,0.0,0.0,7,18.0,0,0,0,0.0,0,1.8,1.8,,,72.0,235.0,21.5354375,0.0,Texas,2017.0,2017.0,HOU,89.0,,
2017,11,00-0033925,D.Foreman,RB,HOU,ARI,0,0,0.0,0,0.0,0.0,0.0,10,65.0,2,3,3,15.0,0,20.0,23.0,,,72.0,235.0,21.5354375,0.0,Texas,2017.0,2017.0,HOU,89.0,10.0,0.09375
2017,1,00-0033932,K.Golladay,WR,DET,ARI,0,0,0.0,0,0.0,0.0,0.0,0,0.0,0,7,4,69.0,2,18.9,22.9,,,76.0,213.0,24.0075625,0.0,Northern Illinois,2017.0,2017.0,DET,96.0,12.0,0.17948718
2017,2,00-0033932,K.Golladay,WR,DET,NYG,0,0,0.0,0,0.0,0.0,0.0,0,0.0,0,3,1,8.0,0,0.8,1.8,,,76.0,213.0,24.0075625,0.0,Northern Illinois,2017.0,2017.0,DET,96.0,,0.14285715
2017,3,00-0033932,K.Golladay,WR,DET,ATL,0,0,0.0,0,0.0,0.0,0.0,0,0.0,0,5,2,25.0,0,2.5,4.5,,,76.0,213.0,24.0075625,0.0,Northern Illinois,2017.0,2017.0,DET,96.0,-4.0,0.11111111
2017,10,00-0033932,K.Golladay,WR,DET,CLE,0,0,0.0,0,0.0,0.0,0.0,0,0.0,0,3,2,64.0,0,6.4,8.4,,,76.0,213.0,24.0075625,0.0,Northern Illinois,2017.0,2017.0,DET,96.0,14.0,0.12
2017,11,00-0033932,K.Golladay,WR,DET,CHI,0,0,0.0,0,0.0,0.0,0.0,0,0.0,0,3,2,52.0,0,5.2,7.2,,,76.0,213.0,24.0075625,0.0,Northern Illinois,2017.0,2017.0,DET,96.0,,0.09677419
2017,12,00-0033932,K.Golladay,WR,DET,MIN,0,0,0.0,0,0.0,0.0,0.0,0,0.0,0,4,2,61.0,0,6.1,8.1,,,76.0,213.0,24.0075625,0.0,Northern Illinois,2017.0,2017.0,DET,96.0,-7.0,0.114285715
2017,13,00-0033932,K.Golladay,WR,DET,BAL,0,0,0.0,0,0.0,0.0,0.0,0,0.0,0,3,2,44.0,0,4.4,6.4,,,76.0,213.0,24.0075625,0.0,Northern Illinois,2017.0,2017.0,DET,96.0,,0.0882353
2017,14,00-0033932,K.Golladay,WR,DET,TB,0,0,0.0,0,0.0,0.0,0.0,1,9.0,0,4,3,17.0,0,2.6,5.6,,,76.0,213.0,24.0075625,0.0,Northern Illinois,2017.0,2017.0,DET,96.0,,0.09090909
2017,15,00-0033932,K.Golladay,WR,DET,CHI,0,0,0.0,0,0.0,0.0,0.0,0,0.0,0,5,4,29.0,0,2.9,6.9,,,76.0,213.0,24.0075625,0.0,Northern Illinois,2017.0,2017.0,DET,96.0,10.0,0.15151516
2017,16,00-0033932,K.Golladay,WR,DET,CIN,0,0,0.0,0,0.0,0.0,0.0,0,0.0,0,8,4,28.0,0,2.8,6.8,,,76.0,213.0,24.0075625,0.0,Northern Illinois,2017.0,2017.0,DET,96.0,,0.23529412
2017,17,00-0033932,K.Golladay,WR,DET,GB,0,0,0.0,0,0.0,0.0,0.0,0,0.0,0,3,2,80.0,1,14.0,16.0,,,76.0,213.0,24.0075625,0.0,Northern Illinois,2017.0,2017.0,DET,96.0,24.0,0.10344828
2017,2,00-0033933,C.Williams,WR,ARI,IND,0,0,0.0,0,0.0,0.0,0.0,0,0.0,0,2,1,15.0,0,1.5,2.5,,,73.0,204.0,23.048125,0.0,Grambling,2017.0,2017.0,ARI,98.0,,0.055555556
2017,3,00-0033933,C.Williams,WR,ARI,DAL,0,0,0.0,0,0.0,0.0,0.0,0,0.0,0,1,1,8.0,0,0.8,1.8,,,73.0,204.0,23.048125,0.0,Grambling,2017.0,2017.0,ARI,98.0,-11.0,0.020833334
2017,12,00-0033933,C.Williams,WR,ARI,JAX,0,0,0.0,0,0.0,0.0,0.0,1,0.0,0,3,1,8.0,0,0.8,1.8,,,73.0,204.0,23.048125,0.0,Grambling,2017.0,2017.0,ARI,98.0,3.0,0.08108108
2017,13,00-0033933,C.Williams,WR,ARI,LA,0,0,0.0,0,0.0,0.0,0.0,0,0.0,0,1,0,0.0,0,0.0,0.0,,,73.0,204.0,23.048125,0.0,Grambling,2017.0,2017.0,ARI,98.0,-16.0,0.03125
2017,14,00-0033933,C.Williams,WR,ARI,TEN,0,0,0.0,0,0.0,0.0,0.0,1,33.0,0,0,0,0.0,0,3.3,3.3,,,73.0,204.0,23.048125,0.0,Grambling,2017.0,2017.0,ARI,98.0,5.0,
2017,6,00-0033936,C.Beathard,QB,SF,WAS,19,36,245.0,1,1.0,2.0,19.0,1,14.0,0,0,0,0.0,0,13.2,13.2,,,74.0,215.0,23.9670625,0.0,Iowa,2017.0,2017.0,SF,104.0,,
2017,7,00-0033936,C.Beathard,QB,SF,DAL,22,38,235.0,0,0.0,5.0,48.0,5,30.0,1,0,0,0.0,0,14.4,14.4,,,74.0,215.0,23.9670625,0.0,Iowa,2017.0,2017.0,SF,104.0,-30.0,
2017,8,00-0033936,C.Beathard,QB,SF,PHI,17,36,167.0,1,2.0,4.0,23.0,6,40.0,0,0,0,0.0,0,10.68,10.68,,,74.0,215.0,23.9670625,0.0,Iowa,2017.0,2017.0,SF,104.0,,
2017,9,00-0033936,C.Beathard,QB,SF,ARI,24,51,294.0,0,1.0,5.0,28.0,3,16.0,1,0,0,0.0,0,17.36,17.36,,,74.0,215.0,23.9670625,0.0,Iowa,2017.0,2017.0,SF,104.0,-10.0,
2017,10,00-0033936,C.Beathard,QB,SF,NYG,19,25,288.0,2,1.0,0.0,-0.0,5,15.0,1,0,0,0.0,0,25.02,25.02,,,74.0,215.0,23.9670625,0.0,Iowa,2017.0,2017.0,SF,104.0,10.0,
2017,12,00-0033936,C.Beathard,QB,SF,SEA,22,38,201.0,0,1.0,3.0,23.0,6,21.0,0,0,0,0.0,0,8.14,8.14,,,74.0,215.0,23.9670625,0.0,Iowa,2017.0,2017.0,SF,104.0,-11.0,
2017,1,00-0033937,A.Darboh,WR,SEA,GB,0,0,0.0,0,0.0,0.0,0.0,0,0.0,0,1,0,0.0,0,0.0,0.0,,,74.0,219.0,23.7623125,0.0,Michigan,2017.0,2017.0,SEA,106.0,,0.037037037
2017,2,00-0033937,A.Darboh,WR,SEA,SF,0,0,0.0,0,0.0,0.0,0.0,0,0.0,0,1,1,16.0,0,1.6,2.6,,,74.0,219.0,23.7623125,0.0,Michigan,2017.0,2017.0,SEA,106.0,3.0,0.025641026
2017,3,00-0033937,A.Darboh,WR,SEA,TEN,0,0,0.0,0,0.0,0.0,0.0,0,0.0,0,1,0,0.0,0,0.0,0.0,,,74.0,219.0,23.7623125,0.0,Michigan,2017.0,2017.0,SEA,106.0,,0.020833334
2017,4,00-0033937,A.Darboh,WR,SEA,IND,0,0,0.0,0,0.0,0.0,0.0,0,0.0,0,4,2,10.0,0,1.0,3.0,,,74.0,219.0,23.7623125,0.0,Michigan,2017.0,2017.0,SEA,106.0,28.0,0.15384616
2017,7,00-0033937,A.Darboh,WR,SEA,NYG,0,0,0.0,0,0.0,0.0,0.0,0,0.0,0,2,2,29.0,0,2.9,4.9,,,74.0,219.0,23.7623125,0.0,Michigan,2017.0,2017.0,SEA,106.0,,0.054054055
2017,10,00-0033937,A.Darboh,WR,SEA,ARI,0,0,0.0,0,0.0,0.0,0.0,0,0.0,0,2,1,3.0,0,0.3,1.3,,,74.0,219.0,23.7623125,0.0,Michigan,2017.0,2017.0,SEA,106.0,,0.06666667
2017,15,00-0033937,A.Darboh,WR,SEA,LA,0,0,0.0,0,0.0,0.0,0.0,0,0.0,0,1,1,8.0,0,0.8,1.8,,,74.0,219.0,23.7623125,0.0,Michigan,2017.0,2017.0,SEA,106.0,-35.0,0.037037037
2017,17,00-0033937,A.Darboh,WR,SEA,ARI,0,0,0.0,0,0.0,0.0,0.0,0,0.0,0,1,1,5.0,0,0.5,1.5,,,74.0,219.0,23.7623125,0.0,Michigan,2017.0,2017.0,SEA,106.0,-2.0,0.035714287
2017,2,00-0033943,J.Reynolds,WR,LA,WAS,0,0,0.0,0,0.0,0.0,0.0,0,0.0,0,1,1,28.0,0,2.8,3.8,,,75.0,192.0,22.72929411764706,0.0,Texas A&amp;M,2017.0,2017.0,LA,117.0,-7.0,0.04
2017,9,00-0033943,J.Reynolds,WR,LA,NYG,0,0,0.0,0,0.0,0.0,0.0,0,0.0,0,1,0,0.0,0,0.0,0.0,,,75.0,192.0,22.72929411764706,0.0,Texas A&amp;M,2017.0,2017.0,LA,117.0,,0.045454547
2017,11,00-0033943,J.Reynolds,WR,LA,MIN,0,0,0.0,0,0.0,0.0,0.0,0,0.0,0,1,0,0.0,0,0.0,0.0,,,75.0,192.0,22.72929411764706,0.0,Texas A&amp;M,2017.0,2017.0,LA,117.0,,0.027777778
2017,12,00-0033943,J.Reynolds,WR,LA,NO,0,0,0.0,0,0.0,0.0,0.0,0,0.0,0,6,4,37.0,1,9.7,13.7,,,75.0,192.0,22.72929411764706,0.0,Texas A&amp;M,2017.0,2017.0,LA,117.0,6.0,0.13953489
2017,13,00-0033943,J.Reynolds,WR,LA,ARI,0,0,0.0,0,0.0,0.0,0.0,0,0.0,0,6,2,6.0,0,0.6,2.6,,,75.0,192.0,22.72929411764706,0.0,Texas A&amp;M,2017.0,2017.0,LA,117.0,,0.19354838
2017,14,00-0033943,J.Reynolds,WR,LA,PHI,0,0,0.0,0,0.0,0.0,0.0,0,0.0,0,2,2,17.0,0,1.7,3.7,,,75.0,192.0,22.72929411764706,0.0,Texas A&amp;M,2017.0,2017.0,LA,117.0,-8.0,0.08
2017,16,00-0033943,J.Reynolds,WR,LA,TEN,0,0,0.0,0,0.0,0.0,0.0,0,0.0,0,1,0,0.0,0,0.0,0.0,,,75.0,192.0,22.72929411764706,0.0,Texas A&amp;M,2017.0,2017.0,LA,117.0,,0.02631579
2017,17,00-0033943,J.Reynolds,WR,LA,SF,0,0,0.0,0,0.0,0.0,0.0,0,0.0,0,6,2,16.0,0,1.6,3.6,,,75.0,192.0,22.72929411764706,0.0,Texas A&amp;M,2017.0,2017.0,LA,117.0,-21.0,0.1764706
2017,1,00-0033948,J.Williams,RB,GB,SEA,0,0,0.0,0,0.0,0.0,0.0,2,9.0,0,0,0,0.0,0,0.9,0.9,,,72.0,213.0,22.593374999999998,0.0,Brigham Young,2017.0,2017.0,GB,134.0,8.0,
2017,2,00-0033948,J.Williams,RB,GB,ATL,0,0,0.0,0,0.0,0.0,0.0,2,6.0,0,1,1,5.0,0,1.1,2.1,,,72.0,213.0,22.593374999999998,0.0,Brigham Young,2017.0,2017.0,GB,134.0,,0.020408163
2017,3,00-0033948,J.Williams,RB,GB,CIN,0,0,0.0,0,0.0,0.0,0.0,1,6.0,0,0,0,0.0,0,0.6,0.6,,,72.0,213.0,22.593374999999998,0.0,Brigham Young,2017.0,2017.0,GB,134.0,3.0,
2017,4,00-0033948,J.Williams,RB,GB,CHI,0,0,0.0,0,0.0,0.0,0.0,4,11.0,0,1,1,2.0,0,1.3,2.3,,,72.0,213.0,22.593374999999998,0.0,Brigham Young,2017.0,2017.0,GB,134.0,21.0,0.037037037
2017,5,00-0033948,J.Williams,RB,GB,DAL,0,0,0.0,0,0.0,0.0,0.0,1,1.0,0,0,0,0.0,0,0.1,0.1,,,72.0,213.0,22.593374999999998,0.0,Brigham Young,2017.0,2017.0,GB,134.0,,
2017,9,00-0033948,J.Williams,RB,GB,DET,0,0,0.0,0,0.0,0.0,0.0,1,1.0,1,2,2,31.0,0,9.2,11.2,,,72.0,213.0,22.593374999999998,0.0,Brigham Young,2017.0,2017.0,GB,134.0,-13.0,0.05263158
2017,10,00-0033948,J.Williams,RB,GB,CHI,0,0,0.0,0,0.0,0.0,0.0,20,67.0,0,1,1,7.0,0,7.4,8.4,,,72.0,213.0,22.593374999999998,0.0,Brigham Young,2017.0,2017.0,GB,134.0,,0.041666668
2017,11,00-0033948,J.Williams,RB,GB,BAL,0,0,0.0,0,0.0,0.0,0.0,18,57.0,0,6,4,38.0,0,9.5,13.5,,,72.0,213.0,22.593374999999998,0.0,Brigham Young,2017.0,2017.0,GB,134.0,-23.0,0.17142858
2017,12,00-0033948,J.Williams,RB,GB,PIT,0,0,0.0,0,0.0,0.0,0.0,21,66.0,1,5,4,69.0,1,25.5,29.5,,,72.0,213.0,22.593374999999998,0.0,Brigham Young,2017.0,2017.0,GB,134.0,,0.2
2017,13,00-0033948,J.Williams,RB,GB,TB,0,0,0.0,0,0.0,0.0,0.0,21,113.0,1,3,2,10.0,0,18.3,20.3,,,72.0,213.0,22.593374999999998,0.0,Brigham Young,2017.0,2017.0,GB,134.0,6.0,0.13636364
2017,14,00-0033948,J.Williams,RB,GB,CLE,0,0,0.0,0,0.0,0.0,0.0,15,49.0,1,7,7,69.0,1,23.8,30.8,,,72.0,213.0,22.593374999999998,0.0,Brigham Young,2017.0,2017.0,GB,134.0,,0.1521739
2017,15,00-0033948,J.Williams,RB,GB,CAR,0,0,0.0,0,0.0,0.0,0.0,10,30.0,0,0,0,0.0,0,3.0,3.0,,,72.0,213.0,22.593374999999998,0.0,Brigham Young,2017.0,2017.0,GB,134.0,,
2017,16,00-0033948,J.Williams,RB,GB,MIN,0,0,0.0,0,0.0,0.0,0.0,15,58.0,0,3,0,0.0,0,5.8,5.8,,,72.0,213.0,22.593374999999998,0.0,Brigham Young,2017.0,2017.0,GB,134.0,-16.0,0.075
2017,17,00-0033948,J.Williams,RB,GB,DET,0,0,0.0,0,0.0,0.0,0.0,22,82.0,0,5,3,31.0,0,11.3,14.3,,,72.0,213.0,22.593374999999998,0.0,Brigham Young,2017.0,2017.0,GB,134.0,,0.16129032
2017,4,00-0033950,W.Gallman,RB,NYG,TB,0,0,0.0,0,0.0,0.0,0.0,11,42.0,0,2,2,8.0,1,11.0,13.0,,,72.0,210.0,23.0974375,0.0,Clemson,2017.0,2017.0,NYG,140.0,,0.040816326
2017,5,00-0033950,W.Gallman,RB,NYG,LAC,0,0,0.0,0,0.0,0.0,0.0,11,57.0,0,5,5,25.0,0,8.2,13.2,,,72.0,210.0,23.0974375,0.0,Clemson,2017.0,2017.0,NYG,140.0,-5.0,0.1388889
2017,6,00-0033950,W.Gallman,RB,NYG,DEN,0,0,0.0,0,0.0,0.0,0.0,9,27.0,0,3,2,5.0,0,3.2,5.2,,,72.0,210.0,23.0974375,0.0,Clemson,2017.0,2017.0,NYG,140.0,,0.15789473
2017,7,00-0033950,W.Gallman,RB,NYG,SEA,0,0,0.0,0,0.0,0.0,0.0,5,15.0,0,3,2,14.0,0,2.9,4.9,,,72.0,210.0,23.0974375,0.0,Clemson,2017.0,2017.0,NYG,140.0,-17.0,0.078947365
2017,9,00-0033950,W.Gallman,RB,NYG,LA,0,0,0.0,0,0.0,0.0,0.0,9,41.0,0,1,0,0.0,0,2.1,2.1,,,72.0,210.0,23.0974375,0.0,Clemson,2017.0,2017.0,NYG,140.0,-34.0,0.02631579
2017,10,00-0033950,W.Gallman,RB,NYG,SF,0,0,0.0,0,0.0,0.0,0.0,3,22.0,0,1,0,0.0,0,2.2,2.2,,,72.0,210.0,23.0974375,0.0,Clemson,2017.0,2017.0,NYG,140.0,,0.027027028
2017,11,00-0033950,W.Gallman,RB,NYG,KC,0,0,0.0,0,0.0,0.0,0.0,6,19.0,0,4,1,3.0,0,2.2,3.2,,,72.0,210.0,23.0974375,0.0,Clemson,2017.0,2017.0,NYG,140.0,3.0,0.114285715
2017,12,00-0033950,W.Gallman,RB,NYG,WAS,0,0,0.0,0,0.0,0.0,0.0,9,37.0,0,2,2,6.0,0,4.3,6.3,,,72.0,210.0,23.0974375,0.0,Clemson,2017.0,2017.0,NYG,140.0,,0.07692308
2017,13,00-0033950,W.Gallman,RB,NYG,LV,0,0,0.0,0,0.0,0.0,0.0,3,11.0,0,1,1,8.0,0,1.9,2.9,,,72.0,210.0,23.0974375,0.0,Clemson,2017.0,2017.0,NYG,140.0,,0.030303031
2017,14,00-0033950,W.Gallman,RB,NYG,DAL,0,0,0.0,0,0.0,0.0,0.0,12,59.0,0,9,7,40.0,0,9.9,16.9,,,72.0,210.0,23.0974375,0.0,Clemson,2017.0,2017.0,NYG,140.0,-20.0,0.19565217
2017,15,00-0033950,W.Gallman,RB,NYG,PHI,0,0,0.0,0,0.0,0.0,0.0,8,39.0,0,7,6,40.0,0,7.9,13.9,,,72.0,210.0,23.0974375,0.0,Clemson,2017.0,2017.0,NYG,140.0,-5.0,0.12280702
2017,16,00-0033950,W.Gallman,RB,NYG,ARI,0,0,0.0,0,0.0,0.0,0.0,10,18.0,0,8,6,44.0,0,6.2,12.2,,,72.0,210.0,23.0974375,0.0,Clemson,2017.0,2017.0,NYG,140.0,,0.18181819
2017,17,00-0033950,W.Gallman,RB,NYG,WAS,0,0,0.0,0,0.0,0.0,0.0,15,89.0,0,2,0,0.0,0,8.9,8.9,,,72.0,210.0,23.0974375,0.0,Clemson,2017.0,2017.0,NYG,140.0,8.0,0.071428575
2017,1,00-0033951,M.Mack,RB,IND,LA,0,0,0.0,0,0.0,0.0,0.0,10,24.0,1,1,1,21.0,0,10.5,11.5,,,71.0,210.0,21.661625,0.0,South Florida,2017.0,2017.0,IND,143.0,,0.04761905
2017,2,00-0033951,M.Mack,RB,IND,ARI,0,0,0.0,0,0.0,0.0,0.0,6,-3.0,0,1,1,11.0,0,0.8,1.8,,,71.0,210.0,21.661625,0.0,South Florida,2017.0,2017.0,IND,143.0,-3.0,0.027777778
2017,5,00-0033951,M.Mack,RB,IND,SF,0,0,0.0,0,0.0,0.0,0.0,9,91.0,1,1,1,2.0,0,15.3,16.3,,,71.0,210.0,21.661625,0.0,South Florida,2017.0,2017.0,IND,143.0,3.0,0.030303031
2017,6,00-0033951,M.Mack,RB,IND,TEN,0,0,0.0,0,0.0,0.0,0.0,2,18.0,0,2,0,0.0,0,1.8,1.8,,,71.0,210.0,21.661625,0.0,South Florida,2017.0,2017.0,IND,143.0,,0.055555556
2017,7,00-0033951,M.Mack,RB,IND,JAX,0,0,0.0,0,0.0,0.0,0.0,5,26.0,0,6,4,40.0,0,6.6,10.6,,,71.0,210.0,21.661625,0.0,South Florida,2017.0,2017.0,IND,143.0,-27.0,0.16216215
2017,8,00-0033951,M.Mack,RB,IND,CIN,0,0,0.0,0,0.0,0.0,0.0,11,27.0,0,5,3,36.0,1,12.3,15.3,,,71.0,210.0,21.661625,0.0,South Florida,2017.0,2017.0,IND,143.0,,0.13157895
2017,9,00-0033951,M.Mack,RB,IND,HOU,0,0,0.0,0,0.0,0.0,0.0,9,29.0,0,0,0,0.0,0,2.9,2.9,,,71.0,210.0,21.661625,0.0,South Florida,2017.0,2017.0,IND,143.0,,
2017,10,00-0033951,M.Mack,RB,IND,PIT,0,0,0.0,0,0.0,0.0,0.0,7,7.0,0,4,2,19.0,0,2.6,4.6,,,71.0,210.0,21.661625,0.0,South Florida,2017.0,2017.0,IND,143.0,-3.0,0.17391305
2017,12,00-0033951,M.Mack,RB,IND,TEN,0,0,0.0,0,0.0,0.0,0.0,4,11.0,0,2,2,20.0,0,3.1,5.1,,,71.0,210.0,21.661625,0.0,South Florida,2017.0,2017.0,IND,143.0,-4.0,0.074074075
2017,13,00-0033951,M.Mack,RB,IND,JAX,0,0,0.0,0,0.0,0.0,0.0,6,46.0,0,2,1,8.0,0,5.4,6.4,,,71.0,210.0,21.661625,0.0,South Florida,2017.0,2017.0,IND,143.0,,0.05882353
2017,14,00-0033951,M.Mack,RB,IND,BUF,0,0,0.0,0,0.0,0.0,0.0,7,23.0,0,3,2,21.0,0,4.4,6.4,,,71.0,210.0,21.661625,0.0,South Florida,2017.0,2017.0,IND,143.0,,0.15
2017,15,00-0033951,M.Mack,RB,IND,DEN,0,0,0.0,0,0.0,0.0,0.0,6,14.0,0,1,0,0.0,0,1.4,1.4,,,71.0,210.0,21.661625,0.0,South Florida,2017.0,2017.0,IND,143.0,-12.0,0.035714287
2017,16,00-0033951,M.Mack,RB,IND,BAL,0,0,0.0,0,0.0,0.0,0.0,4,17.0,0,2,2,37.0,0,5.4,7.4,,,71.0,210.0,21.661625,0.0,South Florida,2017.0,2017.0,IND,143.0,,0.060606062
2017,17,00-0033951,M.Mack,RB,IND,HOU,0,0,0.0,0,0.0,0.0,0.0,7,28.0,1,3,2,10.0,0,9.8,11.8,,,71.0,210.0,21.661625,0.0,South Florida,2017.0,2017.0,IND,143.0,9.0,0.125
2017,10,00-0033958,N.Peterman,QB,BUF,NO,7,10,79.0,1,0.0,0.0,-0.0,0,0.0,0,0,0,0.0,0,7.16,7.16,,,74.0,225.0,23.52029411764706,0.0,Pittsburgh,2017.0,2017.0,BUF,171.0,-37.0,
2017,11,00-0033958,N.Peterman,QB,BUF,LAC,6,14,66.0,0,5.0,0.0,-0.0,2,4.0,0,0,0,0.0,0,-6.96,-6.96,,,74.0,225.0,23.52029411764706,0.0,Pittsburgh,2017.0,2017.0,BUF,171.0,,
2017,13,00-0033958,N.Peterman,QB,BUF,NE,6,15,50.0,0,0.0,1.0,5.0,1,9.0,0,0,0,0.0,0,2.9,2.9,,,74.0,225.0,23.52029411764706,0.0,Pittsburgh,2017.0,2017.0,BUF,171.0,-20.0,
2017,14,00-0033958,N.Peterman,QB,BUF,IND,4,9,36.0,1,0.0,0.0,-0.0,4,10.0,0,0,0,0.0,0,6.44,6.44,,,74.0,225.0,23.52029411764706,0.0,Pittsburgh,2017.0,2017.0,BUF,171.0,6.0,
2017,18,00-0033958,N.Peterman,QB,BUF,JAX,1,3,14.0,0,1.0,0.0,-0.0,1,4.0,0,0,0,0.0,0,-1.04,-1.04,,,74.0,225.0,23.52029411764706,0.0,Pittsburgh,2017.0,2017.0,BUF,171.0,,
2017,6,00-0033968,S.Coley,WR,MIN,GB,0,0,0.0,0,0.0,0.0,0.0,0,0.0,0,1,0,0.0,0,0.0,0.0,,,72.0,195.0,23.50461111111111,0.0,Miami (Fla.),2017.0,2017.0,MIN,219.0,13.0,0.027777778
2018,1,00-0019596,T.Brady,QB,NE,HOU,26,39,277.0,3,1.0,2.0,10.0,1,2.0,0,0,0,0.0,0,21.28,21.28,,,76.0,225.0,41.286,18.0,Michigan,2000.0,2000.0,NE,199.0,7.0,
2018,2,00-0019596,T.Brady,QB,NE,JAX,24,35,234.0,2,0.0,2.0,14.0,3,10.0,0,0,0,0.0,0,16.36,16.36,,,76.0,225.0,41.286,18.0,Michigan,2000.0,2000.0,NE,199.0,,
2018,3,00-0019596,T.Brady,QB,NE,DET,14,26,133.0,1,1.0,2.0,13.0,1,2.0,0,0,0,0.0,0,7.52,7.52,,,76.0,225.0,41.286,18.0,Michigan,2000.0,2000.0,NE,199.0,,
2018,4,00-0019596,T.Brady,QB,NE,MIA,23,35,274.0,3,2.0,0.0,-0.0,0,0.0,0,0,0,0.0,0,18.96,18.96,,,76.0,225.0,41.286,18.0,Michigan,2000.0,2000.0,NE,199.0,31.0,
2018,5,00-0019596,T.Brady,QB,NE,IND,34,44,341.0,3,2.0,0.0,-0.0,3,-1.0,1,0,0,0.0,0,27.54,27.54,,,76.0,225.0,41.286,18.0,Michigan,2000.0,2000.0,NE,199.0,14.0,
2018,6,00-0019596,T.Brady,QB,NE,KC,24,35,340.0,1,0.0,2.0,13.0,3,2.0,1,0,0,0.0,0,21.8,21.8,,,76.0,225.0,41.286,18.0,Michigan,2000.0,2000.0,NE,199.0,3.0,
2018,7,00-0019596,T.Brady,QB,NE,CHI,25,36,277.0,3,1.0,1.0,4.0,1,6.0,0,0,0,0.0,0,21.68,21.68,,,76.0,225.0,41.286,18.0,Michigan,2000.0,2000.0,NE,199.0,,
2018,8,00-0019596,T.Brady,QB,NE,BUF,29,45,324.0,0,0.0,2.0,13.0,1,8.0,0,0,0,0.0,0,13.76,13.76,,,76.0,225.0,41.286,18.0,Michigan,2000.0,2000.0,NE,199.0,,
2018,9,00-0019596,T.Brady,QB,NE,GB,22,35,294.0,1,0.0,2.0,21.0,5,-1.0,0,0,0,0.0,0,15.66,15.66,,,76.0,225.0,41.286,18.0,Michigan,2000.0,2000.0,NE,199.0,14.0,
2018,10,00-0019596,T.Brady,QB,NE,TEN,21,41,254.0,0,0.0,3.0,23.0,1,0.0,0,1,1,6.0,0,10.76,11.76,,,76.0,225.0,41.286,18.0,Michigan,2000.0,2000.0,NE,199.0,,0.025
2018,12,00-0019596,T.Brady,QB,NE,NYJ,20,31,283.0,2,0.0,0.0,-0.0,1,-1.0,0,0,0,0.0,0,19.22,19.22,,,76.0,225.0,41.286,18.0,Michigan,2000.0,2000.0,NE,199.0,,
2018,13,00-0019596,T.Brady,QB,NE,MIN,24,32,311.0,1,1.0,0.0,-0.0,2,5.0,0,0,0,0.0,0,14.94,14.94,,,76.0,225.0,41.286,18.0,Michigan,2000.0,2000.0,NE,199.0,14.0,
2018,14,00-0019596,T.Brady,QB,NE,MIA,27,43,358.0,3,0.0,2.0,14.0,1,3.0,0,0,0,0.0,0,26.62,26.62,,,76.0,225.0,41.286,18.0,Michigan,2000.0,2000.0,NE,199.0,,
2018,15,00-0019596,T.Brady,QB,NE,PIT,25,36,279.0,1,1.0,1.0,7.0,0,0.0,0,0,0,0.0,0,13.16,13.16,,,76.0,225.0,41.286,18.0,Michigan,2000.0,2000.0,NE,199.0,,
2018,16,00-0019596,T.Brady,QB,NE,BUF,13,24,126.0,1,2.0,1.0,9.0,0,0.0,0,0,0,0.0,0,5.04,5.04,,,76.0,225.0,41.286,18.0,Michigan,2000.0,2000.0,NE,199.0,12.0,
2018,17,00-0019596,T.Brady,QB,NE,NYJ,24,33,250.0,4,0.0,1.0,6.0,0,0.0,0,0,0,0.0,0,26.0,26.0,,,76.0,225.0,41.286,18.0,Michigan,2000.0,2000.0,NE,199.0,35.0,
2018,19,00-0019596,T.Brady,QB,NE,LAC,34,44,343.0,1,0.0,0.0,-0.0,2,-1.0,0,0,0,0.0,0,17.62,17.62,,,76.0,225.0,41.286,18.0,Michigan,2000.0,2000.0,NE,199.0,13.0,
2018,20,00-0019596,T.Brady,QB,NE,KC,30,46,348.0,1,2.0,0.0,-0.0,1,-1.0,0,0,0,0.0,0,13.82,13.82,,,76.0,225.0,41.286,18.0,Michigan,2000.0,2000.0,NE,199.0,,
2018,21,00-0019596,T.Brady,QB,NE,LA,21,35,262.0,0,1.0,1.0,9.0,2,-2.0,0,0,0,0.0,0,8.28,8.28,,,76.0,225.0,41.286,18.0,Michigan,2000.0,2000.0,NE,199.0,,
2018,1,00-0020531,D.Brees,QB,NO,TB,37,45,439.0,3,0.0,1.0,7.0,0,0.0,0,0,0,0.0,0,31.56,31.56,,,72.0,209.0,39.82794444444445,17.0,Purdue,2001.0,2001.0,SD,32.0,-8.0,
2018,2,00-0020531,D.Brees,QB,NO,CLE,28,35,243.0,2,0.0,3.0,30.0,1,-1.0,0,0,0,0.0,0,17.62,17.62,,,72.0,209.0,39.82794444444445,17.0,Purdue,2001.0,2001.0,SD,32.0,3.0,
2018,3,00-0020531,D.Brees,QB,NO,ATL,39,49,396.0,3,0.0,1.0,5.0,3,7.0,2,0,0,0.0,0,40.54,40.54,,,72.0,209.0,39.82794444444445,17.0,Purdue,2001.0,2001.0,SD,32.0,,
2018,4,00-0020531,D.Brees,QB,NO,NYG,18,32,217.0,0,0.0,1.0,8.0,4,-1.0,0,0,0,0.0,0,8.58,8.58,,,72.0,209.0,39.82794444444445,17.0,Purdue,2001.0,2001.0,SD,32.0,,
2018,5,00-0020531,D.Brees,QB,NO,WAS,26,29,363.0,3,0.0,2.0,14.0,2,1.0,0,1,1,1.0,0,26.72,27.72,,,72.0,209.0,39.82794444444445,17.0,Purdue,2001.0,2001.0,SD,32.0,24.0,0.03448276
2018,7,00-0020531,D.Brees,QB,NO,BAL,22,30,212.0,2,0.0,1.0,7.0,4,3.0,0,0,0,0.0,0,16.78,16.78,,,72.0,209.0,39.82794444444445,17.0,Purdue,2001.0,2001.0,SD,32.0,,
2018,8,00-0020531,D.Brees,QB,NO,MIN,18,23,120.0,1,1.0,0.0,-0.0,0,0.0,0,0,0,0.0,0,6.8,6.8,,,72.0,209.0,39.82794444444445,17.0,Purdue,2001.0,2001.0,SD,32.0,,
2018,9,00-0020531,D.Brees,QB,NO,LA,25,36,346.0,4,0.0,0.0,-0.0,4,16.0,0,0,0,0.0,0,31.44,31.44,,,72.0,209.0,39.82794444444445,17.0,Purdue,2001.0,2001.0,SD,32.0,10.0,
2018,10,00-0020531,D.Brees,QB,NO,CIN,22,25,265.0,3,0.0,0.0,-0.0,2,3.0,1,0,0,0.0,0,28.9,28.9,,,72.0,209.0,39.82794444444445,17.0,Purdue,2001.0,2001.0,SD,32.0,,
2018,11,00-0020531,D.Brees,QB,NO,PHI,22,30,363.0,4,0.0,0.0,-0.0,0,0.0,0,0,0,0.0,0,30.52,30.52,,,72.0,209.0,39.82794444444445,17.0,Purdue,2001.0,2001.0,SD,32.0,41.0,
2018,12,00-0020531,D.Brees,QB,NO,ATL,15,22,171.0,4,1.0,1.0,6.0,4,-4.0,0,0,0,0.0,0,20.44,20.44,,,72.0,209.0,39.82794444444445,17.0,Purdue,2001.0,2001.0,SD,32.0,14.0,
2018,13,00-0020531,D.Brees,QB,NO,DAL,18,28,127.0,1,1.0,2.0,16.0,1,2.0,0,0,0,0.0,0,7.28,7.28,,,72.0,209.0,39.82794444444445,17.0,Purdue,2001.0,2001.0,SD,32.0,,
2018,14,00-0020531,D.Brees,QB,NO,TB,24,31,201.0,1,1.0,1.0,3.0,3,-1.0,1,0,0,0.0,0,13.94,13.94,,,72.0,209.0,39.82794444444445,17.0,Purdue,2001.0,2001.0,SD,32.0,,
2018,15,00-0020531,D.Brees,QB,NO,CAR,23,35,203.0,0,1.0,2.0,12.0,2,-2.0,0,0,0,0.0,0,5.92,5.92,,,72.0,209.0,39.82794444444445,17.0,Purdue,2001.0,2001.0,SD,32.0,,
2018,16,00-0020531,D.Brees,QB,NO,PIT,27,39,326.0,1,0.0,2.0,13.0,1,-1.0,0,0,0,0.0,0,16.94,16.94,,,72.0,209.0,39.82794444444445,17.0,Purdue,2001.0,2001.0,SD,32.0,3.0,
2018,19,00-0020531,D.Brees,QB,NO,PHI,28,38,301.0,2,1.0,2.0,18.0,3,0.0,0,0,0,0.0,0,18.04,18.04,,,72.0,209.0,39.82794444444445,17.0,Purdue,2001.0,2001.0,SD,32.0,6.0,
2018,20,00-0020531,D.Brees,QB,NO,LA,26,40,249.0,2,1.0,2.0,7.0,2,-2.0,0,0,0,0.0,0,15.76,15.76,,,72.0,209.0,39.82794444444445,17.0,Purdue,2001.0,2001.0,SD,32.0,-3.0,
2018,10,00-0021206,J.McCown,QB,NYJ,BUF,17,34,135.0,0,2.0,3.0,19.0,1,4.0,0,0,0,0.0,0,1.8,1.8,,,76.0,218.0,39.334562500000004,16.0,Sam Houston State,2002.0,2002.0,ARI,81.0,-31.0,
2018,12,00-0021206,J.McCown,QB,NYJ,NE,26,45,276.0,1,1.0,2.0,12.0,3,25.0,0,0,0,0.0,0,15.54,15.54,,,76.0,218.0,39.334562500000004,16.0,Sam Houston State,2002.0,2002.0,ARI,81.0,-14.0,
2018,13,00-0021206,J.McCown,QB,NYJ,TEN,17,30,128.0,0,1.0,2.0,4.0,1,3.0,0,0,0,0.0,0,3.42,3.42,,,76.0,218.0,39.334562500000004,16.0,Sam Houston State,2002.0,2002.0,ARI,81.0,,
2018,14,00-0021206,J.McCown,QB,NYJ,BUF,0,1,0.0,0,0.0,0.0,-0.0,0,0.0,0,0,0,0.0,0,0.0,0.0,,,76.0,218.0,39.334562500000004,16.0,Sam Houston State,2002.0,2002.0,ARI,81.0,,
2018,1,00-0021547,A.Gates,TE,LAC,KC,0,0,0.0,0,0.0,0.0,0.0,0,0.0,0,3,2,16.0,0,3.6,5.6,,,76.0,255.0,38.400000000000006,15.0,Kent State,2003.0,2003.0,,,-10.0,0.06
2018,2,00-0021547,A.Gates,TE,LAC,BUF,0,0,0.0,0,0.0,0.0,0.0,0,0.0,0,1,0,0.0,0,0.0,0.0,,,76.0,255.0,38.400000000000006,15.0,Kent State,2003.0,2003.0,,,,0.037037037
2018,3,00-0021547,A.Gates,TE,LAC,LA,0,0,0.0,0,0.0,0.0,0.0,0,0.0,0,5,3,45.0,0,4.5,7.5,,,76.0,255.0,38.400000000000006,15.0,Kent State,2003.0,2003.0,,,,0.16666667
2018,4,00-0021547,A.Gates,TE,LAC,SF,0,0,0.0,0,0.0,0.0,0.0,0,0.0,0,4,2,27.0,1,8.7,10.7,,,76.0,255.0,38.400000000000006,15.0,Kent State,2003.0,2003.0,,,2.0,0.10526316
2018,5,00-0021547,A.Gates,TE,LAC,LV,0,0,0.0,0,0.0,0.0,0.0,0,0.0,0,2,2,19.0,0,1.9,3.9,,,76.0,255.0,38.400000000000006,15.0,Kent State,2003.0,2003.0,,,16.0,0.07692308
2018,6,00-0021547,A.Gates,TE,LAC,CLE,0,0,0.0,0,0.0,0.0,0.0,0,0.0,0,2,1,5.0,0,0.5,1.5,,,76.0,255.0,38.400000000000006,15.0,Kent State,2003.0,2003.0,,,,0.0952381
2018,7,00-0021547,A.Gates,TE,LAC,TEN,0,0,0.0,0,0.0,0.0,0.0,0,0.0,0,3,2,11.0,0,1.1,3.1,,,76.0,255.0,38.400000000000006,15.0,Kent State,2003.0,2003.0,,,1.0,0.12
2018,10,00-0021547,A.Gates,TE,LAC,LV,0,0,0.0,0,0.0,0.0,0.0,0,0.0,0,2,1,18.0,0,1.8,2.8,,,76.0,255.0,38.400000000000006,15.0,Kent State,2003.0,2003.0,,,,0.07692308
2018,11,00-0021547,A.Gates,TE,LAC,DEN,0,0,0.0,0,0.0,0.0,0.0,0,0.0,0,7,5,80.0,1,14.0,19.0,,,76.0,255.0,38.400000000000006,15.0,Kent State,2003.0,2003.0,,,-1.0,0.1627907
2018,12,00-0021547,A.Gates,TE,LAC,ARI,0,0,0.0,0,0.0,0.0,0.0,0,0.0,0,1,1,18.0,0,1.8,2.8,,,76.0,255.0,38.400000000000006,15.0,Kent State,2003.0,2003.0,,,35.0,0.032258064
2018,13,00-0021547,A.Gates,TE,LAC,PIT,0,0,0.0,0,0.0,0.0,0.0,0,0.0,0,1,0,0.0,0,2.0,2.0,,,76.0,255.0,38.400000000000006,15.0,Kent State,2003.0,2003.0,,,,0.027777778
2018,14,00-0021547,A.Gates,TE,LAC,CIN,0,0,0.0,0,0.0,0.0,0.0,0,0.0,0,2,2,19.0,0,1.9,3.9,,,76.0,255.0,38.400000000000006,15.0,Kent State,2003.0,2003.0,,,5.0,0.06896552
2018,15,00-0021547,A.Gates,TE,LAC,KC,0,0,0.0,0,0.0,0.0,0.0,0,0.0,0,5,4,54.0,0,5.4,9.4,,,76.0,255.0,38.400000000000006,15.0,Kent State,2003.0,2003.0,,,,0.13157895
2018,16,00-0021547,A.Gates,TE,LAC,BAL,0,0,0.0,0,0.0,0.0,0.0,0,0.0,0,5,3,21.0,0,0.1,3.1,,,76.0,255.0,38.400000000000006,15.0,Kent State,2003.0,2003.0,,,-12.0,0.1388889
2018,17,00-0021547,A.Gates,TE,LAC,DEN,0,0,0.0,0,0.0,0.0,0.0,0,0.0,0,2,0,0.0,0,0.0,0.0,,,76.0,255.0,38.400000000000006,15.0,Kent State,2003.0,2003.0,,,,0.083333336
2018,18,00-0021547,A.Gates,TE,LAC,BAL,0,0,0.0,0,0.0,0.0,0.0,0,0.0,0,4,4,35.0,0,3.5,7.5,,,76.0,255.0,38.400000000000006,15.0,Kent State,2003.0,2003.0,,,,0.13793103
2018,19,00-0021547,A.Gates,TE,LAC,NE,0,0,0.0,0,0.0,0.0,0.0,0,0.0,0,8,5,41.0,1,10.1,15.1,,,76.0,255.0,38.400000000000006,15.0,Kent State,2003.0,2003.0,,,,0.17021276
2018,2,00-0022787,M.Schaub,QB,ATL,CAR,0,0,0.0,0,0.0,0.0,0.0,1,0.0,0,0,0,0.0,0,0.0,0.0,,,78.0,245.0,37.361125,14.0,Virginia,2004.0,2004.0,ATL,90.0,7.0,
2018,5,00-0022787,M.Schaub,QB,ATL,PIT,5,7,20.0,0,0.0,0.0,-0.0,0,0.0,0,1,1,-7.0,0,0.1,1.1,,,78.0,245.0,37.361125,14.0,Virginia,2004.0,2004.0,ATL,90.0,,0.022222223
2018,1,00-0022803,E.Manning,QB,NYG,JAX,23,37,224.0,0,1.0,2.0,14.0,1,2.0,0,0,0,0.0,0,7.16,7.16,,,77.0,218.0,37.83425,14.0,Mississippi,2004.0,2004.0,SD,1.0,-5.0,
2018,2,00-0022803,E.Manning,QB,NYG,DAL,33,44,279.0,1,0.0,6.0,59.0,3,4.0,0,0,0,0.0,0,13.56,13.56,,,77.0,218.0,37.83425,14.0,Mississippi,2004.0,2004.0,SD,1.0,,
2018,3,00-0022803,E.Manning,QB,NYG,HOU,25,29,297.0,2,0.0,4.0,32.0,1,-1.0,0,0,0,0.0,0,19.78,19.78,,,77.0,218.0,37.83425,14.0,Mississippi,2004.0,2004.0,SD,1.0,,
2018,4,00-0022803,E.Manning,QB,NYG,NO,31,41,255.0,1,0.0,3.0,21.0,2,5.0,0,0,0,0.0,0,14.7,14.7,,,77.0,218.0,37.83425,14.0,Mississippi,2004.0,2004.0,SD,1.0,-15.0,
2018,5,00-0022803,E.Manning,QB,NYG,CAR,22,36,326.0,2,2.0,1.0,1.0,1,2.0,0,0,0,0.0,0,19.24,19.24,,,77.0,218.0,37.83425,14.0,Mississippi,2004.0,2004.0,SD,1.0,,
2018,6,00-0022803,E.Manning,QB,NYG,PHI,24,43,281.0,0,1.0,4.0,27.0,0,0.0,0,0,0,0.0,0,9.24,9.24,,,77.0,218.0,37.83425,14.0,Mississippi,2004.0,2004.0,SD,1.0,-21.0,
2018,7,00-0022803,E.Manning,QB,NYG,ATL,27,38,399.0,1,0.0,4.0,27.0,3,7.0,0,0,0,0.0,0,20.66,20.66,,,77.0,218.0,37.83425,14.0,Mississippi,2004.0,2004.0,SD,1.0,,
2018,8,00-0022803,E.Manning,QB,NYG,WAS,30,47,316.0,1,2.0,7.0,50.0,0,0.0,0,0,0,0.0,0,12.64,12.64,,,77.0,218.0,37.83425,14.0,Mississippi,2004.0,2004.0,SD,1.0,-7.0,
2018,10,00-0022803,E.Manning,QB,NYG,SF,19,31,188.0,3,0.0,1.0,8.0,0,0.0,0,0,0,0.0,0,19.52,19.52,,,77.0,218.0,37.83425,14.0,Mississippi,2004.0,2004.0,SD,1.0,,
2018,11,00-0022803,E.Manning,QB,NYG,TB,17,18,231.0,2,0.0,4.0,35.0,1,-1.0,0,0,0,0.0,0,17.14,17.14,,,77.0,218.0,37.83425,14.0,Mississippi,2004.0,2004.0,SD,1.0,3.0,
2018,12,00-0022803,E.Manning,QB,NYG,PHI,26,37,297.0,1,1.0,2.0,21.0,0,0.0,0,0,0,0.0,0,13.88,13.88,,,77.0,218.0,37.83425,14.0,Mississippi,2004.0,2004.0,SD,1.0,,
2018,13,00-0022803,E.Manning,QB,NYG,CHI,19,35,170.0,1,1.0,3.0,22.0,0,0.0,0,0,0,0.0,0,8.8,8.8,,,77.0,218.0,37.83425,14.0,Mississippi,2004.0,2004.0,SD,1.0,3.0,
2018,14,00-0022803,E.Manning,QB,NYG,WAS,14,22,197.0,3,0.0,2.0,22.0,0,0.0,0,0,0,0.0,0,19.88,19.88,,,77.0,218.0,37.83425,14.0,Mississippi,2004.0,2004.0,SD,1.0,,
2018,15,00-0022803,E.Manning,QB,NYG,TEN,21,44,229.0,0,1.0,3.0,16.0,0,0.0,0,0,0,0.0,0,5.16,5.16,,,77.0,218.0,37.83425,14.0,Mississippi,2004.0,2004.0,SD,1.0,-17.0,
2018,16,00-0022803,E.Manning,QB,NYG,IND,25,33,309.0,1,1.0,0.0,-0.0,2,0.0,1,0,0,0.0,0,20.36,20.36,,,77.0,218.0,37.83425,14.0,Mississippi,2004.0,2004.0,SD,1.0,,
2018,17,00-0022803,E.Manning,QB,NYG,DAL,24,41,301.0,2,1.0,1.0,3.0,1,2.0,0,0,0,0.0,0,18.24,18.24,,,77.0,218.0,37.83425,14.0,Mississippi,2004.0,2004.0,SD,1.0,-1.0,
2018,1,00-0022921,L.Fitzgerald,WR,ARI,WAS,0,0,0.0,0,0.0,0.0,0.0,0,0.0,0,10,7,76.0,0,7.6,14.6,,,75.0,218.0,35.178062499999996,14.0,Pittsburgh,2004.0,2004.0,ARI,3.0,-18.0,0.29411766
2018,2,00-0022921,L.Fitzgerald,WR,ARI,LA,0,0,0.0,0,0.0,0.0,0.0,0,0.0,0,5,3,28.0,0,2.8,5.8,,,75.0,218.0,35.178062499999996,14.0,Pittsburgh,2004.0,2004.0,ARI,3.0,,0.18518518
2018,3,00-0022921,L.Fitzgerald,WR,ARI,CHI,0,0,0.0,0,0.0,0.0,0.0,0,0.0,0,2,2,9.0,0,0.9,2.9,,,75.0,218.0,35.178062499999996,14.0,Pittsburgh,2004.0,2004.0,ARI,3.0,-2.0,0.08
2018,4,00-0022921,L.Fitzgerald,WR,ARI,SEA,0,0,0.0,0,0.0,0.0,0.0,0,0.0,0,7,3,28.0,0,2.8,5.8,,,75.0,218.0,35.178062499999996,14.0,Pittsburgh,2004.0,2004.0,ARI,3.0,-3.0,0.28
2018,5,00-0022921,L.Fitzgerald,WR,ARI,SF,0,0,0.0,0,0.0,0.0,0.0,0,0.0,0,3,2,35.0,0,3.5,5.5,,,75.0,218.0,35.178062499999996,14.0,Pittsburgh,2004.0,2004.0,ARI,3.0,,0.13043478
2018,6,00-0022921,L.Fitzgerald,WR,ARI,MIN,0,0,0.0,0,0.0,0.0,0.0,0,0.0,0,8,5,39.0,0,3.9,8.9,,,75.0,218.0,35.178062499999996,14.0,Pittsburgh,2004.0,2004.0,ARI,3.0,,0.2580645
2018,7,00-0022921,L.Fitzgerald,WR,ARI,DEN,0,0,0.0,0,0.0,0.0,0.0,0,0.0,0,8,4,40.0,1,10.0,14.0,,,75.0,218.0,35.178062499999996,14.0,Pittsburgh,2004.0,2004.0,ARI,3.0,-35.0,0.22222222
2018,8,00-0022921,L.Fitzgerald,WR,ARI,SF,0,0,0.0,0,0.0,0.0,0.0,0,0.0,0,12,8,102.0,1,18.2,26.2,,,75.0,218.0,35.178062499999996,14.0,Pittsburgh,2004.0,2004.0,ARI,3.0,3.0,0.34285715
2018,10,00-0022921,L.Fitzgerald,WR,ARI,KC,0,0,0.0,0,0.0,0.0,0.0,0,0.0,0,10,6,50.0,0,5.0,11.0,,,75.0,218.0,35.178062499999996,14.0,Pittsburgh,2004.0,2004.0,ARI,3.0,,0.27027026
2018,11,00-0022921,L.Fitzgerald,WR,ARI,LV,0,0,0.0,0,0.0,0.0,0.0,0,0.0,0,4,2,23.0,2,14.3,16.3,,,75.0,218.0,35.178062499999996,14.0,Pittsburgh,2004.0,2004.0,ARI,3.0,-2.0,0.21052632
2018,12,00-0022921,L.Fitzgerald,WR,ARI,LAC,0,0,0.0,0,0.0,0.0,0.0,0,0.0,0,2,2,30.0,1,9.0,11.0,,,75.0,218.0,35.178062499999996,14.0,Pittsburgh,2004.0,2004.0,ARI,3.0,,0.11764706
2018,13,00-0022921,L.Fitzgerald,WR,ARI,GB,0,0,0.0,0,0.0,0.0,0.0,0,0.0,0,6,3,48.0,0,4.8,7.8,,,75.0,218.0,35.178062499999996,14.0,Pittsburgh,2004.0,2004.0,ARI,3.0,,0.25
2018,14,00-0022921,L.Fitzgerald,WR,ARI,DET,0,0,0.0,0,0.0,0.0,0.0,0,0.0,0,9,5,55.0,0,5.5,10.5,,,75.0,218.0,35.178062499999996,14.0,Pittsburgh,2004.0,2004.0,ARI,3.0,-14.0,0.2195122
2018,15,00-0022921,L.Fitzgerald,WR,ARI,ATL,0,0,0.0,0,0.0,0.0,0.0,0,0.0,0,8,7,82.0,0,8.2,15.2,,,75.0,218.0,35.178062499999996,14.0,Pittsburgh,2004.0,2004.0,ARI,3.0,,0.22857143
2018,16,00-0022921,L.Fitzgerald,WR,ARI,LA,1,1,32.0,1,0.0,0.0,-0.0,0,0.0,0,9,6,53.0,0,10.58,16.58,,,75.0,218.0,35.178062499999996,14.0,Pittsburgh,2004.0,2004.0,ARI,3.0,-22.0,0.29032257
2018,17,00-0022921,L.Fitzgerald,WR,ARI,SEA,0,0,0.0,0,0.0,0.0,0.0,0,0.0,0,9,4,36.0,1,9.6,13.6,,,75.0,218.0,35.178062499999996,14.0,Pittsburgh,2004.0,2004.0,ARI,3.0,,0.27272728
2018,1,00-0022924,B.Roethlisberger,QB,PIT,CLE,23,41,335.0,1,3.0,4.0,22.0,3,16.0,0,0,0,0.0,0,9.0,9.0,,,77.0,240.0,36.6783125,14.0,"Miami, O.",2004.0,2004.0,PIT,11.0,,
2018,2,00-0022924,B.Roethlisberger,QB,PIT,KC,39,60,452.0,3,0.0,1.0,10.0,2,9.0,1,0,0,0.0,0,38.98,38.98,,,77.0,240.0,36.6783125,14.0,"Miami, O.",2004.0,2004.0,PIT,11.0,-5.0,
2018,3,00-0022924,B.Roethlisberger,QB,PIT,TB,30,38,353.0,3,1.0,3.0,18.0,4,-1.0,0,0,0,0.0,0,24.02,24.02,,,77.0,240.0,36.6783125,14.0,"Miami, O.",2004.0,2004.0,PIT,11.0,,
2018,4,00-0022924,B.Roethlisberger,QB,PIT,BAL,27,47,274.0,1,1.0,1.0,9.0,1,-1.0,0,0,0,0.0,0,14.86,14.86,,,77.0,240.0,36.6783125,14.0,"Miami, O.",2004.0,2004.0,PIT,11.0,-12.0,
2018,5,00-0022924,B.Roethlisberger,QB,PIT,ATL,19,29,250.0,3,1.0,0.0,-0.0,2,16.0,0,0,0,0.0,0,21.6,21.6,,,77.0,240.0,36.6783125,14.0,"Miami, O.",2004.0,2004.0,PIT,11.0,24.0,
2018,6,00-0022924,B.Roethlisberger,QB,PIT,CIN,32,46,369.0,1,0.0,0.0,-0.0,1,-1.0,0,1,1,-1.0,0,20.56,21.56,,,77.0,240.0,36.6783125,14.0,"Miami, O.",2004.0,2004.0,PIT,11.0,,0.022222223
2018,8,00-0022924,B.Roethlisberger,QB,PIT,CLE,24,36,257.0,2,1.0,1.0,4.0,2,6.0,0,0,0,0.0,0,16.88,16.88,,,77.0,240.0,36.6783125,14.0,"Miami, O.",2004.0,2004.0,PIT,11.0,15.0,
2018,9,00-0022924,B.Roethlisberger,QB,PIT,BAL,28,47,270.0,2,0.0,1.0,10.0,2,4.0,1,0,0,0.0,0,25.2,25.2,,,77.0,240.0,36.6783125,14.0,"Miami, O.",2004.0,2004.0,PIT,11.0,,
2018,10,00-0022924,B.Roethlisberger,QB,PIT,CAR,22,25,328.0,5,0.0,1.0,6.0,3,27.0,0,0,0,0.0,0,35.82,35.82,,,77.0,240.0,36.6783125,14.0,"Miami, O.",2004.0,2004.0,PIT,11.0,31.0,
2018,11,00-0022924,B.Roethlisberger,QB,PIT,JAX,27,47,314.0,2,3.0,2.0,17.0,2,1.0,1,0,0,0.0,0,20.66,20.66,,,77.0,240.0,36.6783125,14.0,"Miami, O.",2004.0,2004.0,PIT,11.0,,
2018,12,00-0022924,B.Roethlisberger,QB,PIT,DEN,41,56,462.0,1,2.0,2.0,12.0,2,18.0,0,0,0,0.0,0,20.28,20.28,,,77.0,240.0,36.6783125,14.0,"Miami, O.",2004.0,2004.0,PIT,11.0,,
2018,13,00-0022924,B.Roethlisberger,QB,PIT,LAC,29,45,281.0,2,1.0,1.0,10.0,0,0.0,0,0,0,0.0,0,17.24,17.24,,,77.0,240.0,36.6783125,14.0,"Miami, O.",2004.0,2004.0,PIT,11.0,-3.0,
2018,14,00-0022924,B.Roethlisberger,QB,PIT,LV,25,29,282.0,2,0.0,1.0,6.0,0,0.0,0,0,0,0.0,0,19.28,19.28,,,77.0,240.0,36.6783125,14.0,"Miami, O.",2004.0,2004.0,PIT,11.0,,
2018,15,00-0022924,B.Roethlisberger,QB,PIT,NE,22,34,235.0,2,2.0,2.0,17.0,2,-3.0,0,0,0,0.0,0,13.1,13.1,,,77.0,240.0,36.6783125,14.0,"Miami, O.",2004.0,2004.0,PIT,11.0,7.0,
2018,16,00-0022924,B.Roethlisberger,QB,PIT,NO,33,50,380.0,3,0.0,3.0,16.0,2,4.0,0,0,0,0.0,0,29.6,29.6,,,77.0,240.0,36.6783125,14.0,"Miami, O.",2004.0,2004.0,PIT,11.0,,
2018,17,00-0022924,B.Roethlisberger,QB,PIT,CIN,31,45,287.0,1,1.0,1.0,9.0,3,3.0,0,0,0,0.0,0,13.78,13.78,,,77.0,240.0,36.6783125,14.0,"Miami, O.",2004.0,2004.0,PIT,11.0,3.0,
2018,1,00-0022942,P.Rivers,QB,LAC,KC,34,51,424.0,3,1.0,1.0,6.0,0,0.0,0,0,0,0.0,0,28.96,28.96,,,77.0,228.0,36.927,14.0,North Carolina State,2004.0,2004.0,NYG,4.0,-10.0,
2018,2,00-0022942,P.Rivers,QB,LAC,BUF,23,27,256.0,3,0.0,2.0,16.0,3,5.0,0,0,0,0.0,0,22.74,22.74,,,77.0,228.0,36.927,14.0,North Carolina State,2004.0,2004.0,NYG,4.0,,
2018,3,00-0022942,P.Rivers,QB,LAC,LA,18,30,226.0,2,0.0,1.0,4.0,0,0.0,0,0,0,0.0,0,17.04,17.04,,,77.0,228.0,36.927,14.0,North Carolina State,2004.0,2004.0,NYG,4.0,,
2018,4,00-0022942,P.Rivers,QB,LAC,SF,25,39,250.0,3,1.0,1.0,8.0,4,-3.0,0,0,0,0.0,0,21.7,21.7,,,77.0,228.0,36.927,14.0,North Carolina State,2004.0,2004.0,NYG,4.0,2.0,
2018,5,00-0022942,P.Rivers,QB,LAC,LV,22,27,339.0,2,0.0,1.0,6.0,3,-2.0,0,0,0,0.0,0,21.36,21.36,,,77.0,228.0,36.927,14.0,North Carolina State,2004.0,2004.0,NYG,4.0,16.0,
2018,6,00-0022942,P.Rivers,QB,LAC,CLE,11,20,207.0,2,1.0,1.0,12.0,0,0.0,0,0,0,0.0,0,14.28,14.28,,,77.0,228.0,36.927,14.0,North Carolina State,2004.0,2004.0,NYG,4.0,,
2018,7,00-0022942,P.Rivers,QB,LAC,TEN,19,26,306.0,2,0.0,2.0,9.0,1,-1.0,0,0,0,0.0,0,20.14,20.14,,,77.0,228.0,36.927,14.0,North Carolina State,2004.0,2004.0,NYG,4.0,1.0,
2018,9,00-0022942,P.Rivers,QB,LAC,SEA,13,26,228.0,2,0.0,2.0,13.0,0,0.0,0,0,0,0.0,0,17.12,17.12,,,77.0,228.0,36.927,14.0,North Carolina State,2004.0,2004.0,NYG,4.0,,
2018,10,00-0022942,P.Rivers,QB,LAC,LV,18,26,223.0,2,1.0,1.0,1.0,1,1.0,0,0,0,0.0,0,15.02,15.02,,,77.0,228.0,36.927,14.0,North Carolina State,2004.0,2004.0,NYG,4.0,,
2018,11,00-0022942,P.Rivers,QB,LAC,DEN,28,43,401.0,2,2.0,3.0,17.0,1,-4.0,0,0,0,0.0,0,19.64,19.64,,,77.0,228.0,36.927,14.0,North Carolina State,2004.0,2004.0,NYG,4.0,-1.0,
2018,12,00-0022942,P.Rivers,QB,LAC,ARI,28,29,259.0,3,0.0,4.0,23.0,1,3.0,0,0,0,0.0,0,20.66,20.66,,,77.0,228.0,36.927,14.0,North Carolina State,2004.0,2004.0,NYG,4.0,35.0,
2018,13,00-0022942,P.Rivers,QB,LAC,PIT,26,36,299.0,2,0.0,2.0,13.0,0,0.0,0,0,0,0.0,0,23.96,23.96,,,77.0,228.0,36.927,14.0,North Carolina State,2004.0,2004.0,NYG,4.0,,
2018,14,00-0022942,P.Rivers,QB,LAC,CIN,19,29,220.0,1,0.0,2.0,17.0,2,7.0,0,0,0,0.0,0,13.5,13.5,,,77.0,228.0,36.927,14.0,North Carolina State,2004.0,2004.0,NYG,4.0,5.0,
2018,15,00-0022942,P.Rivers,QB,LAC,KC,26,38,313.0,2,2.0,5.0,25.0,0,0.0,0,0,0,0.0,0,18.52,18.52,,,77.0,228.0,36.927,14.0,North Carolina State,2004.0,2004.0,NYG,4.0,,
2018,16,00-0022942,P.Rivers,QB,LAC,BAL,23,37,181.0,0,2.0,4.0,34.0,1,1.0,0,0,0,0.0,0,3.34,3.34,,,77.0,228.0,36.927,14.0,North Carolina State,2004.0,2004.0,NYG,4.0,-12.0,
2018,17,00-0022942,P.Rivers,QB,LAC,DEN,14,24,176.0,1,2.0,0.0,-0.0,1,0.0,0,0,0,0.0,0,7.04,7.04,,,77.0,228.0,36.927,14.0,North Carolina State,2004.0,2004.0,NYG,4.0,,
2018,18,00-0022942,P.Rivers,QB,LAC,BAL,22,32,160.0,0,0.0,1.0,6.0,3,15.0,0,0,0,0.0,0,9.9,9.9,,,77.0,228.0,36.927,14.0,North Carolina State,2004.0,2004.0,NYG,4.0,,
2018,19,00-0022942,P.Rivers,QB,LAC,NE,25,51,331.0,3,1.0,2.0,15.0,0,0.0,0,0,0,0.0,0,25.24,25.24,,,77.0,228.0,36.927,14.0,North Carolina State,2004.0,2004.0,NYG,4.0,,
2018,1,00-0022943,B.Watson,TE,NO,TB,0,0,0.0,0,0.0,0.0,0.0,0,0.0,0,4,4,44.0,0,4.4,8.4,,,75.0,251.0,37.903,14.0,Georgia,2004.0,2004.0,NE,32.0,-8.0,0.09090909
2018,2,00-0022943,B.Watson,TE,NO,CLE,0,0,0.0,0,0.0,0.0,0.0,0,0.0,0,5,3,19.0,0,1.9,4.9,,,75.0,251.0,37.903,14.0,Georgia,2004.0,2004.0,NE,32.0,3.0,0.14285715
2018,3,00-0022943,B.Watson,TE,NO,ATL,0,0,0.0,0,0.0,0.0,0.0,0,0.0,0,6,5,71.0,0,7.1,12.1,,,75.0,251.0,37.903,14.0,Georgia,2004.0,2004.0,NE,32.0,,0.12244898
2018,4,00-0022943,B.Watson,TE,NO,NYG,0,0,0.0,0,0.0,0.0,0.0,0,0.0,0,3,1,23.0,0,2.3,3.3,,,75.0,251.0,37.903,14.0,Georgia,2004.0,2004.0,NE,32.0,,0.09090909
2018,5,00-0022943,B.Watson,TE,NO,WAS,0,0,0.0,0,0.0,0.0,0.0,0,0.0,0,4,4,30.0,0,3.0,7.0,,,75.0,251.0,37.903,14.0,Georgia,2004.0,2004.0,NE,32.0,24.0,0.13793103
2018,7,00-0022943,B.Watson,TE,NO,BAL,0,0,0.0,0,0.0,0.0,0.0,0,0.0,0,6,6,43.0,1,10.3,16.3,,,75.0,251.0,37.903,14.0,Georgia,2004.0,2004.0,NE,32.0,,0.21428572
2018,9,00-0022943,B.Watson,TE,NO,LA,0,0,0.0,0,0.0,0.0,0.0,0,0.0,0,4,3,62.0,1,12.2,15.2,,,75.0,251.0,37.903,14.0,Georgia,2004.0,2004.0,NE,32.0,10.0,0.11111111
2018,10,00-0022943,B.Watson,TE,NO,CIN,0,0,0.0,0,0.0,0.0,0.0,0,0.0,0,2,1,1.0,0,0.1,1.1,,,75.0,251.0,37.903,14.0,Georgia,2004.0,2004.0,NE,32.0,,0.074074075
2018,12,00-0022943,B.Watson,TE,NO,ATL,0,0,0.0,0,0.0,0.0,0.0,0,0.0,0,2,1,20.0,0,2.0,3.0,,,75.0,251.0,37.903,14.0,Georgia,2004.0,2004.0,NE,32.0,14.0,0.09090909
2018,14,00-0022943,B.Watson,TE,NO,TB,0,0,0.0,0,0.0,0.0,0.0,0,0.0,0,3,3,24.0,0,2.4,5.4,,,75.0,251.0,37.903,14.0,Georgia,2004.0,2004.0,NE,32.0,,0.09677419
2018,15,00-0022943,B.Watson,TE,NO,CAR,0,0,0.0,0,0.0,0.0,0.0,0,0.0,0,2,1,28.0,0,2.8,3.8,,,75.0,251.0,37.903,14.0,Georgia,2004.0,2004.0,NE,32.0,,0.05882353
2018,16,00-0022943,B.Watson,TE,NO,PIT,0,0,0.0,0,0.0,0.0,0.0,0,0.0,0,2,1,6.0,0,0.6,1.6,,,75.0,251.0,37.903,14.0,Georgia,2004.0,2004.0,NE,32.0,3.0,0.051282052
2018,17,00-0022943,B.Watson,TE,NO,CAR,0,0,0.0,0,0.0,0.0,0.0,0,0.0,0,3,2,29.0,0,2.9,4.9,,,75.0,251.0,37.903,14.0,Georgia,2004.0,2004.0,NE,32.0,-19.0,0.14285715
2018,19,00-0022943,B.Watson,TE,NO,PHI,0,0,0.0,0,0.0,0.0,0.0,0,0.0,0,1,1,12.0,0,1.2,2.2,,,75.0,251.0,37.903,14.0,Georgia,2004.0,2004.0,NE,32.0,6.0,0.027027028
2018,1,00-0023436,A.Smith,QB,WAS,ARI,21,30,255.0,2,0.0,3.0,8.0,8,14.0,0,0,0,0.0,0,19.6,19.6,,,76.0,213.0,34.499875,13.0,Utah,2005.0,2005.0,SF,1.0,,
2018,2,00-0023436,A.Smith,QB,WAS,IND,33,46,292.0,0,0.0,3.0,23.0,4,14.0,0,0,0,0.0,0,13.08,13.08,,,76.0,213.0,34.499875,13.0,Utah,2005.0,2005.0,SF,1.0,-12.0,
2018,3,00-0023436,A.Smith,QB,WAS,GB,12,20,220.0,2,1.0,0.0,-0.0,7,20.0,0,0,0,0.0,0,16.8,16.8,,,76.0,213.0,34.499875,13.0,Utah,2005.0,2005.0,SF,1.0,14.0,
2018,5,00-0023436,A.Smith,QB,WAS,NO,23,39,275.0,0,1.0,3.0,31.0,2,7.0,1,0,0,0.0,0,13.7,13.7,,,76.0,213.0,34.499875,13.0,Utah,2005.0,2005.0,SF,1.0,,
2018,6,00-0023436,A.Smith,QB,WAS,CAR,21,36,163.0,2,0.0,3.0,7.0,6,13.0,0,0,0,0.0,0,15.82,15.82,,,76.0,213.0,34.499875,13.0,Utah,2005.0,2005.0,SF,1.0,6.0,
2018,7,00-0023436,A.Smith,QB,WAS,DAL,14,25,178.0,1,0.0,1.0,3.0,4,16.0,0,0,0,0.0,0,12.72,12.72,,,76.0,213.0,34.499875,13.0,Utah,2005.0,2005.0,SF,1.0,3.0,
2018,8,00-0023436,A.Smith,QB,WAS,NYG,20,32,178.0,1,0.0,0.0,-0.0,3,13.0,0,0,0,0.0,0,12.42,12.42,,,76.0,213.0,34.499875,13.0,Utah,2005.0,2005.0,SF,1.0,,
2018,9,00-0023436,A.Smith,QB,WAS,ATL,30,46,306.0,1,1.0,3.0,19.0,1,22.0,0,0,0,0.0,0,16.44,16.44,,,76.0,213.0,34.499875,13.0,Utah,2005.0,2005.0,SF,1.0,-24.0,
2018,10,00-0023436,A.Smith,QB,WAS,TB,19,27,178.0,1,0.0,3.0,8.0,2,16.0,0,0,0,0.0,0,12.72,12.72,,,76.0,213.0,34.499875,13.0,Utah,2005.0,2005.0,SF,1.0,,
2018,11,00-0023436,A.Smith,QB,WAS,HOU,12,27,135.0,0,2.0,3.0,22.0,4,33.0,0,0,0,0.0,0,4.7,4.7,,,76.0,213.0,34.499875,13.0,Utah,2005.0,2005.0,SF,1.0,-2.0,
2018,1,00-0023459,A.Rodgers,QB,GB,CHI,20,30,286.0,3,0.0,2.0,19.0,1,15.0,0,0,0,0.0,0,24.94,24.94,,,74.0,225.0,34.9260625,13.0,California,2005.0,2005.0,GB,24.0,1.0,
2018,2,00-0023459,A.Rodgers,QB,GB,MIN,30,42,281.0,1,0.0,4.0,28.0,3,8.0,0,0,0,0.0,0,16.04,16.04,,,74.0,225.0,34.9260625,13.0,California,2005.0,2005.0,GB,24.0,0.0,
2018,3,00-0023459,A.Rodgers,QB,GB,WAS,27,44,265.0,2,0.0,4.0,25.0,2,13.0,0,0,0,0.0,0,19.9,19.9,,,74.0,225.0,34.9260625,13.0,California,2005.0,2005.0,GB,24.0,,
2018,4,00-0023459,A.Rodgers,QB,GB,BUF,22,40,298.0,1,1.0,2.0,16.0,5,31.0,0,0,0,0.0,0,15.02,15.02,,,74.0,225.0,34.9260625,13.0,California,2005.0,2005.0,GB,24.0,22.0,
2018,5,00-0023459,A.Rodgers,QB,GB,DET,32,52,442.0,3,0.0,4.0,19.0,3,10.0,0,0,0,0.0,0,28.68,28.68,,,74.0,225.0,34.9260625,13.0,California,2005.0,2005.0,GB,24.0,,
2018,6,00-0023459,A.Rodgers,QB,GB,SF,25,46,425.0,2,0.0,3.0,20.0,3,34.0,0,0,0,0.0,0,28.4,28.4,,,74.0,225.0,34.9260625,13.0,California,2005.0,2005.0,GB,24.0,3.0,
2018,8,00-0023459,A.Rodgers,QB,GB,LA,18,30,286.0,1,0.0,3.0,33.0,1,5.0,0,0,0,0.0,0,15.94,15.94,,,74.0,225.0,34.9260625,13.0,California,2005.0,2005.0,GB,24.0,,
2018,9,00-0023459,A.Rodgers,QB,GB,NE,24,43,259.0,2,0.0,1.0,9.0,4,8.0,0,0,0,0.0,0,19.16,19.16,,,74.0,225.0,34.9260625,13.0,California,2005.0,2005.0,GB,24.0,,
2018,10,00-0023459,A.Rodgers,QB,GB,MIA,19,28,199.0,2,0.0,2.0,17.0,6,21.0,0,0,0,0.0,0,18.06,18.06,,,74.0,225.0,34.9260625,13.0,California,2005.0,2005.0,GB,24.0,19.0,
2018,11,00-0023459,A.Rodgers,QB,GB,SEA,21,30,332.0,2,0.0,5.0,21.0,1,3.0,0,0,0,0.0,0,21.58,21.58,,,74.0,225.0,34.9260625,13.0,California,2005.0,2005.0,GB,24.0,,
2018,12,00-0023459,A.Rodgers,QB,GB,MIN,17,28,198.0,1,0.0,4.0,26.0,0,0.0,0,0,0,0.0,0,11.92,11.92,,,74.0,225.0,34.9260625,13.0,California,2005.0,2005.0,GB,24.0,,
2018,13,00-0023459,A.Rodgers,QB,GB,ARI,31,50,233.0,1,0.0,1.0,6.0,3,20.0,0,0,0,0.0,0,15.32,15.32,,,74.0,225.0,34.9260625,13.0,California,2005.0,2005.0,GB,24.0,-3.0,
2018,14,00-0023459,A.Rodgers,QB,GB,ATL,21,32,196.0,2,0.0,4.0,34.0,3,44.0,0,0,0,0.0,0,20.24,20.24,,,74.0,225.0,34.9260625,13.0,California,2005.0,2005.0,GB,24.0,14.0,
2018,15,00-0023459,A.Rodgers,QB,GB,CHI,25,42,274.0,0,1.0,5.0,39.0,3,25.0,0,0,0,0.0,0,13.46,13.46,,,74.0,225.0,34.9260625,13.0,California,2005.0,2005.0,GB,24.0,,
2018,16,00-0023459,A.Rodgers,QB,GB,NYJ,37,55,442.0,2,0.0,4.0,29.0,5,32.0,2,0,0,0.0,0,42.88,42.88,,,74.0,225.0,34.9260625,13.0,California,2005.0,2005.0,GB,24.0,,
2018,17,00-0023459,A.Rodgers,QB,GB,DET,3,5,26.0,0,0.0,1.0,12.0,0,0.0,0,0,0,0.0,0,1.04,1.04,,,74.0,225.0,34.9260625,13.0,California,2005.0,2005.0,GB,24.0,-31.0,
2018,1,00-0023500,F.Gore,RB,MIA,TEN,0,0,0.0,0,0.0,0.0,0.0,9,61.0,0,0,0,0.0,0,6.1,6.1,,,69.0,212.0,35.4741875,13.0,Miami,2005.0,2005.0,SF,65.0,7.0,
2018,2,00-0023500,F.Gore,RB,MIA,NYJ,0,0,0.0,0,0.0,0.0,0.0,9,25.0,0,1,1,19.0,0,4.4,5.4,,,69.0,212.0,35.4741875,13.0,Miami,2005.0,2005.0,SF,65.0,,0.04347826
2018,3,00-0023500,F.Gore,RB,MIA,LV,0,0,0.0,0,0.0,0.0,0.0,6,12.0,0,0,0,0.0,0,1.2,1.2,,,69.0,212.0,35.4741875,13.0,Miami,2005.0,2005.0,SF,65.0,8.0,
2018,4,00-0023500,F.Gore,RB,MIA,NE,0,0,0.0,0,0.0,0.0,0.0,11,41.0,0,3,2,16.0,1,11.7,13.7,,,69.0,212.0,35.4741875,13.0,Miami,2005.0,2005.0,SF,65.0,,0.12
2018,5,00-0023500,F.Gore,RB,MIA,CIN,0,0,0.0,0,0.0,0.0,0.0,12,63.0,0,0,0,0.0,0,6.3,6.3,,,69.0,212.0,35.4741875,13.0,Miami,2005.0,2005.0,SF,65.0,,
2018,6,00-0023500,F.Gore,RB,MIA,CHI,0,0,0.0,0,0.0,0.0,0.0,15,101.0,0,1,1,18.0,0,11.9,12.9,,,69.0,212.0,35.4741875,13.0,Miami,2005.0,2005.0,SF,65.0,3.0,0.025
2018,7,00-0023500,F.Gore,RB,MIA,DET,0,0,0.0,0,0.0,0.0,0.0,10,29.0,0,1,1,4.0,0,3.3,4.3,,,69.0,212.0,35.4741875,13.0,Miami,2005.0,2005.0,SF,65.0,-11.0,0.033333335
2018,8,00-0023500,F.Gore,RB,MIA,HOU,0,0,0.0,0,0.0,0.0,0.0,12,53.0,0,2,1,5.0,0,5.8,6.8,,,69.0,212.0,35.4741875,13.0,Miami,2005.0,2005.0,SF,65.0,,0.060606062
2018,9,00-0023500,F.Gore,RB,MIA,NYJ,0,0,0.0,0,0.0,0.0,0.0,20,53.0,0,1,1,6.0,0,5.9,6.9,,,69.0,212.0,35.4741875,13.0,Miami,2005.0,2005.0,SF,65.0,7.0,0.045454547
2018,10,00-0023500,F.Gore,RB,MIA,GB,0,0,0.0,0,0.0,0.0,0.0,13,90.0,0,3,2,12.0,0,10.2,12.2,,,69.0,212.0,35.4741875,13.0,Miami,2005.0,2005.0,SF,65.0,,0.083333336
2018,12,00-0023500,F.Gore,RB,MIA,IND,0,0,0.0,0,0.0,0.0,0.0,14,67.0,0,2,1,10.0,0,7.7,8.7,,,69.0,212.0,35.4741875,13.0,Miami,2005.0,2005.0,SF,65.0,,0.083333336
2018,13,00-0023500,F.Gore,RB,MIA,BUF,0,0,0.0,0,0.0,0.0,0.0,8,21.0,0,1,1,10.0,0,3.1,4.1,,,69.0,212.0,35.4741875,13.0,Miami,2005.0,2005.0,SF,65.0,4.0,0.041666668
2018,14,00-0023500,F.Gore,RB,MIA,NE,0,0,0.0,0,0.0,0.0,0.0,12,92.0,0,1,1,24.0,0,11.6,12.6,,,69.0,212.0,35.4741875,13.0,Miami,2005.0,2005.0,SF,65.0,1.0,0.05263158
2018,15,00-0023500,F.Gore,RB,MIA,MIN,0,0,0.0,0,0.0,0.0,0.0,5,14.0,0,0,0,0.0,0,1.4,1.4,,,69.0,212.0,35.4741875,13.0,Miami,2005.0,2005.0,SF,65.0,,
2018,1,00-0023564,D.Sproles,RB,PHI,ATL,0,0,0.0,0,0.0,0.0,0.0,5,10.0,0,7,4,22.0,0,3.2,7.2,,,66.0,190.0,35.39522222222222,13.0,Kansas State,2005.0,2005.0,SD,130.0,6.0,0.2
2018,13,00-0023564,D.Sproles,RB,PHI,WAS,0,0,0.0,0,0.0,0.0,0.0,4,22.0,1,0,0,0.0,0,8.2,8.2,,,66.0,190.0,35.39522222222222,13.0,Kansas State,2005.0,2005.0,SD,130.0,15.0,
2018,14,00-0023564,D.Sproles,RB,PHI,DAL,0,0,0.0,0,0.0,0.0,0.0,1,2.0,0,3,3,34.0,1,9.6,12.6,,,66.0,190.0,35.39522222222222,13.0,Kansas State,2005.0,2005.0,SD,130.0,,0.09375
2018,15,00-0023564,D.Sproles,RB,PHI,LA,0,0,0.0,0,0.0,0.0,0.0,3,30.0,0,4,3,16.0,0,4.6,7.6,,,66.0,190.0,35.39522222222222,13.0,Kansas State,2005.0,2005.0,SD,130.0,,0.12903225
2018,16,00-0023564,D.Sproles,RB,PHI,HOU,0,0,0.0,0,0.0,0.0,0.0,9,32.0,0,6,3,76.0,1,16.8,19.8,,,66.0,190.0,35.39522222222222,13.0,Kansas State,2005.0,2005.0,SD,130.0,2.0,0.12244898
2018,17,00-0023564,D.Sproles,RB,PHI,WAS,0,0,0.0,0,0.0,0.0,0.0,7,24.0,0,3,2,12.0,0,3.6,5.6,,,66.0,190.0,35.39522222222222,13.0,Kansas State,2005.0,2005.0,SD,130.0,,0.0882353
2018,18,00-0023564,D.Sproles,RB,PHI,CHI,0,0,0.0,0,0.0,0.0,0.0,13,21.0,0,3,2,14.0,0,3.5,5.5,,,66.0,190.0,35.39522222222222,13.0,Kansas State,2005.0,2005.0,SD,130.0,,0.075
2018,19,00-0023564,D.Sproles,RB,PHI,NO,0,0,0.0,0,0.0,0.0,0.0,3,4.0,0,4,3,21.0,0,2.5,5.5,,,66.0,190.0,35.39522222222222,13.0,Kansas State,2005.0,2005.0,SD,130.0,,0.12903225
2018,7,00-0023645,D.Anderson,QB,BUF,IND,20,31,175.0,0,3.0,2.0,7.0,0,0.0,0,0,0,0.0,0,-1.0,-1.0,,,78.0,235.0,35.43845454545454,13.0,Oregon State,2005.0,2005.0,BAL,213.0,,
2018,8,00-0023645,D.Anderson,QB,BUF,NE,22,39,290.0,0,1.0,3.0,26.0,1,-1.0,0,0,0,0.0,0,7.5,7.5,,,78.0,235.0,35.43845454545454,13.0,Oregon State,2005.0,2005.0,BAL,213.0,-19.0,
2018,1,00-0023662,M.Cassel,QB,DET,NYJ,2,6,14.0,0,1.0,0.0,-0.0,1,-1.0,0,0,0,0.0,0,-1.54,-1.54,,,76.0,228.0,36.471375,13.0,USC,2005.0,2005.0,NE,230.0,-31.0,
2018,16,00-0023662,M.Cassel,QB,DET,MIN,5,11,45.0,0,0.0,1.0,13.0,1,14.0,0,0,0,0.0,0,3.2,3.2,,,76.0,228.0,36.471375,13.0,USC,2005.0,2005.0,NE,230.0,-18.0,
2018,1,00-0023682,R.Fitzpatrick,QB,TB,NO,21,28,417.0,4,0.0,0.0,-0.0,12,36.0,1,0,0,0.0,0,42.28,42.28,,,74.0,223.0,35.9501875,13.0,Harvard,2005.0,2005.0,STL,250.0,,
2018,2,00-0023682,R.Fitzpatrick,QB,TB,PHI,27,33,402.0,4,1.0,2.0,9.0,1,-1.0,0,0,0,0.0,0,29.98,29.98,,,74.0,223.0,35.9501875,13.0,Harvard,2005.0,2005.0,STL,250.0,6.0,
2018,3,00-0023682,R.Fitzpatrick,QB,TB,PIT,30,50,411.0,3,3.0,3.0,19.0,5,27.0,0,0,0,0.0,0,25.14,25.14,,,74.0,223.0,35.9501875,13.0,Harvard,2005.0,2005.0,STL,250.0,-3.0,
2018,4,00-0023682,R.Fitzpatrick,QB,TB,CHI,9,18,126.0,0,1.0,2.0,9.0,0,0.0,0,0,0,0.0,0,3.04,3.04,,,74.0,223.0,35.9501875,13.0,Harvard,2005.0,2005.0,STL,250.0,,
2018,8,00-0023682,R.Fitzpatrick,QB,TB,CIN,11,15,194.0,2,0.0,1.0,-0.0,1,18.0,0,0,0,0.0,0,19.56,19.56,,,74.0,223.0,35.9501875,13.0,Harvard,2005.0,2005.0,STL,250.0,,
2018,9,00-0023682,R.Fitzpatrick,QB,TB,CAR,24,40,243.0,4,2.0,3.0,24.0,5,23.0,0,0,0,0.0,0,24.02,24.02,,,74.0,223.0,35.9501875,13.0,Harvard,2005.0,2005.0,STL,250.0,,
2018,10,00-0023682,R.Fitzpatrick,QB,TB,WAS,29,41,406.0,0,2.0,2.0,8.0,8,35.0,0,0,0,0.0,0,13.74,13.74,,,74.0,223.0,35.9501875,13.0,Harvard,2005.0,2005.0,STL,250.0,-13.0,
2018,11,00-0023682,R.Fitzpatrick,QB,TB,NYG,13,21,167.0,0,3.0,1.0,7.0,4,14.0,1,0,0,0.0,0,8.08,8.08,,,74.0,223.0,35.9501875,13.0,Harvard,2005.0,2005.0,STL,250.0,,
2018,17,00-0023853,M.Prater,K,DET,GB,1,1,8.0,1,0.0,0.0,-0.0,0,0.0,0,0,0,0.0,0,4.32,4.32,,,70.0,201.0,34.23725,12.0,Central Florida,2006.0,2006.0,,,,
2018,1,00-0024221,V.Davis,TE,WAS,ARI,0,0,0.0,0,0.0,0.0,0.0,0,0.0,0,1,1,9.0,0,0.9,1.9,,,75.0,244.0,34.7654375,12.0,Maryland,2006.0,2006.0,SF,6.0,,0.03448276
2018,2,00-0024221,V.Davis,TE,WAS,IND,0,0,0.0,0,0.0,0.0,0.0,0,0.0,0,1,1,7.0,0,0.7,1.7,,,75.0,244.0,34.7654375,12.0,Maryland,2006.0,2006.0,SF,6.0,-12.0,0.022727273
2018,3,00-0024221,V.Davis,TE,WAS,GB,0,0,0.0,0,0.0,0.0,0.0,0,0.0,0,2,2,70.0,0,7.0,9.0,,,75.0,244.0,34.7654375,12.0,Maryland,2006.0,2006.0,SF,6.0,14.0,0.1
2018,5,00-0024221,V.Davis,TE,WAS,NO,0,0,0.0,0,0.0,0.0,0.0,0,0.0,0,3,2,15.0,0,1.5,3.5,,,75.0,244.0,34.7654375,12.0,Maryland,2006.0,2006.0,SF,6.0,,0.08108108
2018,6,00-0024221,V.Davis,TE,WAS,CAR,0,0,0.0,0,0.0,0.0,0.0,0,0.0,0,3,3,48.0,1,10.8,13.8,,,75.0,244.0,34.7654375,12.0,Maryland,2006.0,2006.0,SF,6.0,6.0,0.09090909
2018,8,00-0024221,V.Davis,TE,WAS,NYG,0,0,0.0,0,0.0,0.0,0.0,0,0.0,0,3,1,21.0,0,2.1,3.1,,,75.0,244.0,34.7654375,12.0,Maryland,2006.0,2006.0,SF,6.0,,0.09677419
2018,9,00-0024221,V.Davis,TE,WAS,ATL,0,0,0.0,0,0.0,0.0,0.0,0,0.0,0,7,5,62.0,0,6.2,11.2,,,75.0,244.0,34.7654375,12.0,Maryland,2006.0,2006.0,SF,6.0,-24.0,0.15555556
2018,10,00-0024221,V.Davis,TE,WAS,TB,0,0,0.0,0,0.0,0.0,0.0,0,0.0,0,1,0,0.0,0,0.0,0.0,,,75.0,244.0,34.7654375,12.0,Maryland,2006.0,2006.0,SF,6.0,,0.03846154
2018,11,00-0024221,V.Davis,TE,WAS,HOU,0,0,0.0,0,0.0,0.0,0.0,0,0.0,0,2,0,0.0,0,0.0,0.0,,,75.0,244.0,34.7654375,12.0,Maryland,2006.0,2006.0,SF,6.0,-2.0,0.055555556
2018,12,00-0024221,V.Davis,TE,WAS,DAL,0,0,0.0,0,0.0,0.0,0.0,0,0.0,0,4,2,73.0,1,13.3,15.3,,,75.0,244.0,34.7654375,12.0,Maryland,2006.0,2006.0,SF,6.0,,0.10526316
2018,13,00-0024221,V.Davis,TE,WAS,PHI,0,0,0.0,0,0.0,0.0,0.0,0,0.0,0,2,2,15.0,0,1.5,3.5,,,75.0,244.0,34.7654375,12.0,Maryland,2006.0,2006.0,SF,6.0,,0.083333336
2018,14,00-0024221,V.Davis,TE,WAS,NYG,0,0,0.0,0,0.0,0.0,0.0,0,0.0,0,4,4,31.0,0,5.1,9.1,,,75.0,244.0,34.7654375,12.0,Maryland,2006.0,2006.0,SF,6.0,-24.0,0.13793103
2018,15,00-0024221,V.Davis,TE,WAS,JAX,0,0,0.0,0,0.0,0.0,0.0,0,0.0,0,3,2,16.0,0,1.6,3.6,,,75.0,244.0,34.7654375,12.0,Maryland,2006.0,2006.0,SF,6.0,,0.13043478
2018,2,00-0024243,M.Lewis,TE,GB,MIN,0,0,0.0,0,0.0,0.0,0.0,0,0.0,0,1,0,0.0,0,0.0,0.0,,,78.0,280.0,34.4633125,12.0,UCLA,2006.0,2006.0,JAX,28.0,0.0,0.024390243
2018,9,00-0024243,M.Lewis,TE,GB,NE,0,0,0.0,0,0.0,0.0,0.0,0,0.0,0,1,1,5.0,0,0.5,1.5,,,78.0,280.0,34.4633125,12.0,UCLA,2006.0,2006.0,JAX,28.0,,0.025641026
2018,10,00-0024243,M.Lewis,TE,GB,MIA,0,0,0.0,0,0.0,0.0,0.0,0,0.0,0,1,1,30.0,0,3.0,4.0,,,78.0,280.0,34.4633125,12.0,UCLA,2006.0,2006.0,JAX,28.0,19.0,0.03846154
2018,12,00-0024243,M.Lewis,TE,GB,MIN,0,0,0.0,0,0.0,0.0,0.0,0,0.0,0,1,1,4.0,0,0.4,1.4,,,78.0,280.0,34.4633125,12.0,UCLA,2006.0,2006.0,JAX,28.0,,0.037037037
2018,1,00-0024334,B.Marshall,WR,SEA,DEN,0,0,0.0,0,0.0,0.0,0.0,0,0.0,0,6,3,46.0,1,10.6,13.6,,,77.0,232.0,34.641333333333336,12.0,Central Florida,2006.0,2006.0,DEN,119.0,,0.18181819
2018,2,00-0024334,B.Marshall,WR,SEA,CHI,0,0,0.0,0,0.0,0.0,0.0,0,0.0,0,6,4,44.0,0,4.4,8.4,,,77.0,232.0,34.641333333333336,12.0,Central Florida,2006.0,2006.0,DEN,119.0,,0.18181819
2018,3,00-0024334,B.Marshall,WR,SEA,DAL,0,0,0.0,0,0.0,0.0,0.0,0,0.0,0,6,2,30.0,0,3.0,5.0,,,77.0,232.0,34.641333333333336,12.0,Central Florida,2006.0,2006.0,DEN,119.0,11.0,0.24
2018,4,00-0024334,B.Marshall,WR,SEA,ARI,0,0,0.0,0,0.0,0.0,0.0,0,0.0,0,3,1,5.0,0,0.5,1.5,,,77.0,232.0,34.641333333333336,12.0,Central Florida,2006.0,2006.0,DEN,119.0,,0.12
2018,5,00-0024334,B.Marshall,WR,SEA,LA,0,0,0.0,0,0.0,0.0,0.0,0,0.0,0,1,0,0.0,0,0.0,0.0,,,77.0,232.0,34.641333333333336,12.0,Central Florida,2006.0,2006.0,DEN,119.0,-2.0,0.05263158
2018,6,00-0024334,B.Marshall,WR,SEA,LV,0,0,0.0,0,0.0,0.0,0.0,0,0.0,0,1,1,11.0,0,1.1,2.1,,,77.0,232.0,34.641333333333336,12.0,Central Florida,2006.0,2006.0,DEN,119.0,,0.04347826
2018,17,00-0024348,K.Williams,DT,BUF,MIA,0,0,0.0,0,0.0,0.0,0.0,0,0.0,0,1,1,9.0,0,0.9,1.9,,,73.0,303.0,35.400875,12.0,Louisiana State,2006.0,2006.0,BUF,134.0,25.0,0.041666668
2018,1,00-0024389,De.Walker,TE,TEN,MIA,0,0,0.0,0,0.0,0.0,0.0,0,0.0,0,7,4,52.0,0,5.2,9.2,,,74.0,248.0,34.2294375,12.0,Central Missouri State,2006.0,2006.0,SF,175.0,,0.18421052
2018,13,00-0024417,S.Koch,P,BAL,ATL,1,1,21.0,0,0.0,0.0,-0.0,0,0.0,0,0,0,0.0,0,0.84,0.84,,,73.0,222.0,36.23570588235294,12.0,Nebraska,2006.0,2006.0,BAL,203.0,,
2018,1,00-0025394,A.Peterson,RB,WAS,ARI,0,0,0.0,0,0.0,0.0,0.0,26,96.0,1,3,2,70.0,0,20.6,22.6,,,73.0,220.0,33.62925,11.0,Oklahoma,2007.0,2007.0,MIN,7.0,,0.10344828
2018,2,00-0025394,A.Peterson,RB,WAS,IND,0,0,0.0,0,0.0,0.0,0.0,11,20.0,0,3,3,30.0,0,5.0,8.0,,,73.0,220.0,33.62925,11.0,Oklahoma,2007.0,2007.0,MIN,7.0,-12.0,0.06818182
2018,3,00-0025394,A.Peterson,RB,WAS,GB,0,0,0.0,0,0.0,0.0,0.0,19,120.0,2,0,0,0.0,0,24.0,24.0,,,73.0,220.0,33.62925,11.0,Oklahoma,2007.0,2007.0,MIN,7.0,14.0,
2018,5,00-0025394,A.Peterson,RB,WAS,NO,0,0,0.0,0,0.0,0.0,0.0,4,6.0,0,3,2,36.0,0,4.2,6.2,,,73.0,220.0,33.62925,11.0,Oklahoma,2007.0,2007.0,MIN,7.0,,0.08108108
2018,6,00-0025394,A.Peterson,RB,WAS,CAR,0,0,0.0,0,0.0,0.0,0.0,17,97.0,0,1,0,0.0,0,9.7,9.7,,,73.0,220.0,33.62925,11.0,Oklahoma,2007.0,2007.0,MIN,7.0,6.0,0.030303031
2018,7,00-0025394,A.Peterson,RB,WAS,DAL,0,0,0.0,0,0.0,0.0,0.0,24,99.0,0,2,1,8.0,0,10.7,11.7,,,73.0,220.0,33.62925,11.0,Oklahoma,2007.0,2007.0,MIN,7.0,3.0,0.083333336
2018,8,00-0025394,A.Peterson,RB,WAS,NYG,0,0,0.0,0,0.0,0.0,0.0,26,149.0,1,1,1,7.0,1,25.6,26.6,,,73.0,220.0,33.62925,11.0,Oklahoma,2007.0,2007.0,MIN,7.0,,0.032258064
2018,9,00-0025394,A.Peterson,RB,WAS,ATL,0,0,0.0,0,0.0,0.0,0.0,9,17.0,0,3,3,16.0,0,3.3,6.3,,,73.0,220.0,33.62925,11.0,Oklahoma,2007.0,2007.0,MIN,7.0,-24.0,0.06666667
2018,10,00-0025394,A.Peterson,RB,WAS,TB,0,0,0.0,0,0.0,0.0,0.0,19,68.0,0,2,2,1.0,0,6.9,8.9,,,73.0,220.0,33.62925,11.0,Oklahoma,2007.0,2007.0,MIN,7.0,,0.07692308
2018,11,00-0025394,A.Peterson,RB,WAS,HOU,0,0,0.0,0,0.0,0.0,0.0,16,51.0,2,0,0,0.0,0,17.1,17.1,,,73.0,220.0,33.62925,11.0,Oklahoma,2007.0,2007.0,MIN,7.0,-2.0,
2018,12,00-0025394,A.Peterson,RB,WAS,DAL,0,0,0.0,0,0.0,0.0,0.0,12,35.0,0,2,2,9.0,0,4.4,6.4,,,73.0,220.0,33.62925,11.0,Oklahoma,2007.0,2007.0,MIN,7.0,,0.05263158
2018,13,00-0025394,A.Peterson,RB,WAS,PHI,0,0,0.0,0,0.0,0.0,0.0,9,98.0,1,0,0,0.0,0,15.8,15.8,,,73.0,220.0,33.62925,11.0,Oklahoma,2007.0,2007.0,MIN,7.0,,
2018,14,00-0025394,A.Peterson,RB,WAS,NYG,0,0,0.0,0,0.0,0.0,0.0,10,16.0,0,1,1,3.0,0,1.9,2.9,,,73.0,220.0,33.62925,11.0,Oklahoma,2007.0,2007.0,MIN,7.0,-24.0,0.03448276
2018,15,00-0025394,A.Peterson,RB,WAS,JAX,0,0,0.0,0,0.0,0.0,0.0,19,51.0,0,3,2,20.0,0,7.1,9.1,,,73.0,220.0,33.62925,11.0,Oklahoma,2007.0,2007.0,MIN,7.0,,0.13043478
2018,16,00-0025394,A.Peterson,RB,WAS,TEN,0,0,0.0,0,0.0,0.0,0.0,26,119.0,0,2,1,8.0,0,12.7,13.7,,,73.0,220.0,33.62925,11.0,Oklahoma,2007.0,2007.0,MIN,7.0,,0.08695652
2018,17,00-0025394,A.Peterson,RB,WAS,PHI,0,0,0.0,0,0.0,0.0,0.0,4,0.0,0,0,0,0.0,0,0.0,0.0,,,73.0,220.0,33.62925,11.0,Oklahoma,2007.0,2007.0,MIN,7.0,-24.0,
2018,1,00-0025396,T.Ginn,WR,NO,TB,0,0,0.0,0,0.0,0.0,0.0,1,5.0,0,6,5,68.0,1,15.3,20.3,,,71.0,180.0,33.588166666666666,11.0,Ohio State,2007.0,2007.0,MIA,9.0,-8.0,0.13636364
2018,2,00-0025396,T.Ginn,WR,NO,CLE,0,0,0.0,0,0.0,0.0,0.0,0,0.0,0,7,4,55.0,0,3.5,7.5,,,71.0,180.0,33.588166666666666,11.0,Ohio State,2007.0,2007.0,MIA,9.0,3.0,0.2
2018,3,00-0025396,T.Ginn,WR,NO,ATL,0,0,0.0,0,0.0,0.0,0.0,1,20.0,0,6,3,12.0,1,9.2,12.2,,,71.0,180.0,33.588166666666666,11.0,Ohio State,2007.0,2007.0,MIA,9.0,,0.12244898
2018,4,00-0025396,T.Ginn,WR,NO,NYG,0,0,0.0,0,0.0,0.0,0.0,1,1.0,0,3,0,0.0,0,0.1,0.1,,,71.0,180.0,33.588166666666666,11.0,Ohio State,2007.0,2007.0,MIA,9.0,,0.09090909
2018,16,00-0025396,T.Ginn,WR,NO,PIT,0,0,0.0,0,0.0,0.0,0.0,0,0.0,0,8,5,74.0,0,7.4,12.4,,,71.0,180.0,33.588166666666666,11.0,Ohio State,2007.0,2007.0,MIA,9.0,3.0,0.20512821
2018,19,00-0025396,T.Ginn,WR,NO,PHI,0,0,0.0,0,0.0,0.0,0.0,0,0.0,0,7,3,44.0,0,4.4,7.4,,,71.0,180.0,33.588166666666666,11.0,Ohio State,2007.0,2007.0,MIA,9.0,6.0,0.1891892
2018,20,00-0025396,T.Ginn,WR,NO,LA,0,0,0.0,0,0.0,0.0,0.0,0,0.0,0,6,3,58.0,0,5.8,8.8,,,71.0,180.0,33.588166666666666,11.0,Ohio State,2007.0,2007.0,MIA,9.0,-3.0,0.15384616
2018,1,00-0025399,M.Lynch,RB,LV,LA,0,0,0.0,0,0.0,0.0,0.0,11,41.0,1,2,2,8.0,0,10.9,12.9,,,71.0,215.0,32.5388125,11.0,California,2007.0,2007.0,BUF,12.0,,0.05263158
2018,2,00-0025399,M.Lynch,RB,LV,DEN,0,0,0.0,0,0.0,0.0,0.0,18,65.0,1,2,2,3.0,0,12.8,14.8,,,71.0,215.0,32.5388125,11.0,California,2007.0,2007.0,BUF,12.0,,0.0625
2018,3,00-0025399,M.Lynch,RB,LV,MIA,0,0,0.0,0,0.0,0.0,0.0,19,64.0,1,4,3,22.0,0,14.6,17.6,,,71.0,215.0,32.5388125,11.0,California,2007.0,2007.0,BUF,12.0,,0.10526316
2018,4,00-0025399,M.Lynch,RB,LV,CLE,0,0,0.0,0,0.0,0.0,0.0,20,130.0,0,5,3,27.0,0,15.7,18.7,,,71.0,215.0,32.5388125,11.0,California,2007.0,2007.0,BUF,12.0,,0.08928572
2018,5,00-0025399,M.Lynch,RB,LV,LAC,0,0,0.0,0,0.0,0.0,0.0,9,31.0,0,2,2,10.0,0,4.1,6.1,,,71.0,215.0,32.5388125,11.0,California,2007.0,2007.0,BUF,12.0,,0.06451613
2018,6,00-0025399,M.Lynch,RB,LV,SEA,0,0,0.0,0,0.0,0.0,0.0,13,45.0,0,5,3,14.0,0,5.9,8.9,,,71.0,215.0,32.5388125,11.0,California,2007.0,2007.0,BUF,12.0,,0.16666667
2018,14,00-0025415,J.Staley,T,SF,DEN,0,0,0.0,0,0.0,0.0,0.0,0,0.0,0,1,1,-5.0,0,-0.5,0.5,,,77.0,315.0,34.17675,11.0,Central Michigan,2007.0,2007.0,SF,28.0,6.0,0.03125
2018,1,00-0025418,G.Olsen,TE,CAR,DAL,0,0,0.0,0,0.0,0.0,0.0,0,0.0,0,2,2,33.0,0,3.3,5.3,,,77.0,255.0,33.656625,11.0,Miami,2007.0,2007.0,CHI,31.0,8.0,0.08
2018,6,00-0025418,G.Olsen,TE,CAR,WAS,0,0,0.0,0,0.0,0.0,0.0,0,0.0,0,7,4,48.0,0,4.8,8.8,,,77.0,255.0,33.656625,11.0,Miami,2007.0,2007.0,CHI,31.0,,0.1891892
2018,7,00-0025418,G.Olsen,TE,CAR,PHI,0,0,0.0,0,0.0,0.0,0.0,0,0.0,0,5,2,5.0,1,6.5,8.5,,,77.0,255.0,33.656625,11.0,Miami,2007.0,2007.0,CHI,31.0,,0.13513513
2018,8,00-0025418,G.Olsen,TE,CAR,BAL,0,0,0.0,0,0.0,0.0,0.0,0,0.0,0,4,4,56.0,1,11.6,15.6,,,77.0,255.0,33.656625,11.0,Miami,2007.0,2007.0,CHI,31.0,15.0,0.14814815
2018,9,00-0025418,G.Olsen,TE,CAR,TB,0,0,0.0,0,0.0,0.0,0.0,0,0.0,0,6,6,76.0,1,13.6,19.6,,,77.0,255.0,33.656625,11.0,Miami,2007.0,2007.0,CHI,31.0,14.0,0.25
2018,10,00-0025418,G.Olsen,TE,CAR,PIT,0,0,0.0,0,0.0,0.0,0.0,0,0.0,0,6,4,40.0,0,4.0,8.0,,,77.0,255.0,33.656625,11.0,Miami,2007.0,2007.0,CHI,31.0,,0.21428572
2018,11,00-0025418,G.Olsen,TE,CAR,DET,0,0,0.0,0,0.0,0.0,0.0,0,0.0,0,3,2,9.0,1,6.9,8.9,,,77.0,255.0,33.656625,11.0,Miami,2007.0,2007.0,CHI,31.0,,0.08108108
2018,12,00-0025418,G.Olsen,TE,CAR,SEA,0,0,0.0,0,0.0,0.0,0.0,0,0.0,0,4,2,11.0,0,1.1,3.1,,,77.0,255.0,33.656625,11.0,Miami,2007.0,2007.0,CHI,31.0,-3.0,0.13793103
2018,13,00-0025418,G.Olsen,TE,CAR,TB,0,0,0.0,0,0.0,0.0,0.0,0,0.0,0,1,1,13.0,0,1.3,2.3,,,77.0,255.0,33.656625,11.0,Miami,2007.0,2007.0,CHI,31.0,,0.024390243
2018,3,00-0025580,M.Crosby,K,GB,WAS,0,0,0.0,0,0.0,0.0,0.0,0,0.0,0,1,0,0.0,0,0.0,0.0,,,73.0,207.0,34.1704375,11.0,Colorado,2007.0,2007.0,GB,193.0,,0.022222223
2018,5,00-0025944,S.Hauschka,K,BUF,TEN,0,0,0.0,0,0.0,0.0,0.0,0,0.0,0,1,0,0.0,0,0.0,0.0,,,76.0,210.0,33.3475,10.0,North Carolina State,2008.0,2008.0,,,1.0,0.05
2018,1,00-0026035,D.Amendola,WR,MIA,TEN,0,0,0.0,0,0.0,0.0,0.0,0,0.0,0,6,4,26.0,0,2.6,6.6,,,71.0,190.0,33.0018125,10.0,Texas Tech,2008.0,2008.0,,,7.0,0.21428572
2018,2,00-0026035,D.Amendola,WR,MIA,NYJ,0,0,0.0,0,0.0,0.0,0.0,0,0.0,0,4,4,32.0,0,3.2,7.2,,,71.0,190.0,33.0018125,10.0,Texas Tech,2008.0,2008.0,,,,0.17391305
2018,3,00-0026035,D.Amendola,WR,MIA,LV,0,0,0.0,0,0.0,0.0,0.0,0,0.0,0,3,3,42.0,0,4.2,7.2,,,71.0,190.0,33.0018125,10.0,Texas Tech,2008.0,2008.0,,,8.0,0.125
2018,4,00-0026035,D.Amendola,WR,MIA,NE,0,0,0.0,0,0.0,0.0,0.0,0,0.0,0,3,2,21.0,0,2.1,4.1,,,71.0,190.0,33.0018125,10.0,Texas Tech,2008.0,2008.0,,,,0.12
2018,5,00-0026035,D.Amendola,WR,MIA,CIN,0,0,0.0,0,0.0,0.0,0.0,0,0.0,0,4,3,30.0,0,3.0,6.0,,,71.0,190.0,33.0018125,10.0,Texas Tech,2008.0,2008.0,,,,0.121212125
2018,6,00-0026035,D.Amendola,WR,MIA,CHI,0,0,0.0,0,0.0,0.0,0.0,0,0.0,0,11,8,59.0,0,5.9,13.9,,,71.0,190.0,33.0018125,10.0,Texas Tech,2008.0,2008.0,,,3.0,0.275
2018,7,00-0026035,D.Amendola,WR,MIA,DET,0,0,0.0,0,0.0,0.0,0.0,0,0.0,0,7,6,84.0,1,14.4,20.4,,,71.0,190.0,33.0018125,10.0,Texas Tech,2008.0,2008.0,,,-11.0,0.23333333
2018,8,00-0026035,D.Amendola,WR,MIA,HOU,1,1,28.0,1,0.0,0.0,-0.0,0,0.0,0,6,5,43.0,0,9.42,14.42,,,71.0,190.0,33.0018125,10.0,Texas Tech,2008.0,2008.0,,,,0.18181819
2018,9,00-0026035,D.Amendola,WR,MIA,NYJ,0,0,0.0,0,0.0,0.0,0.0,0,0.0,0,7,5,47.0,0,4.7,9.7,,,71.0,190.0,33.0018125,10.0,Texas Tech,2008.0,2008.0,,,7.0,0.3181818
2018,10,00-0026035,D.Amendola,WR,MIA,GB,0,0,0.0,0,0.0,0.0,0.0,0,0.0,0,10,7,72.0,0,7.2,14.2,,,71.0,190.0,33.0018125,10.0,Texas Tech,2008.0,2008.0,,,,0.2777778
2018,12,00-0026035,D.Amendola,WR,MIA,IND,0,0,0.0,0,0.0,0.0,0.0,0,0.0,0,1,1,13.0,0,1.3,2.3,,,71.0,190.0,33.0018125,10.0,Texas Tech,2008.0,2008.0,,,,0.041666668
2018,14,00-0026035,D.Amendola,WR,MIA,NE,0,0,0.0,0,0.0,0.0,0.0,0,0.0,0,1,1,10.0,0,1.0,2.0,,,71.0,190.0,33.0018125,10.0,Texas Tech,2008.0,2008.0,,,1.0,0.05263158
2018,15,00-0026035,D.Amendola,WR,MIA,MIN,0,0,0.0,0,0.0,0.0,0.0,0,0.0,0,8,3,30.0,0,3.0,6.0,,,71.0,190.0,33.0018125,10.0,Texas Tech,2008.0,2008.0,,,,0.3478261
2018,16,00-0026035,D.Amendola,WR,MIA,JAX,0,0,0.0,0,0.0,0.0,0.0,1,-2.0,0,3,3,40.0,0,3.8,6.8,,,71.0,190.0,33.0018125,10.0,Texas Tech,2008.0,2008.0,,,-10.0,0.14285715
2018,17,00-0026035,D.Amendola,WR,MIA,BUF,0,0,0.0,0,0.0,0.0,0.0,0,0.0,0,5,4,26.0,0,2.6,6.6,,,71.0,190.0,33.0018125,10.0,Texas Tech,2008.0,2008.0,,,,0.16666667
2018,1,00-0026143,M.Ryan,QB,ATL,PHI,21,43,251.0,0,1.0,4.0,26.0,2,8.0,0,0,0,0.0,0,8.84,8.84,,,76.0,217.0,33.4678125,10.0,Boston College,2008.0,2008.0,ATL,3.0,,
2018,2,00-0026143,M.Ryan,QB,ATL,CAR,23,28,272.0,2,1.0,0.0,-0.0,4,18.0,2,0,0,0.0,0,30.68,30.68,,,76.0,217.0,33.4678125,10.0,Boston College,2008.0,2008.0,ATL,3.0,7.0,
2018,3,00-0026143,M.Ryan,QB,ATL,NO,26,35,374.0,5,0.0,3.0,15.0,4,12.0,0,0,0,0.0,0,40.16,40.16,,,76.0,217.0,33.4678125,10.0,Boston College,2008.0,2008.0,ATL,3.0,-6.0,
2018,4,00-0026143,M.Ryan,QB,ATL,CIN,29,39,419.0,3,0.0,3.0,16.0,2,5.0,0,0,0,0.0,0,29.26,29.26,,,76.0,217.0,33.4678125,10.0,Boston College,2008.0,2008.0,ATL,3.0,-1.0,
2018,5,00-0026143,M.Ryan,QB,ATL,PIT,26,38,285.0,1,0.0,6.0,43.0,1,10.0,0,0,0,0.0,0,14.4,14.4,,,76.0,217.0,33.4678125,10.0,Boston College,2008.0,2008.0,ATL,3.0,,
2018,6,00-0026143,M.Ryan,QB,ATL,TB,31,41,355.0,3,0.0,1.0,8.0,1,13.0,0,0,0,0.0,0,27.5,27.5,,,76.0,217.0,33.4678125,10.0,Boston College,2008.0,2008.0,ATL,3.0,5.0,
2018,7,00-0026143,M.Ryan,QB,ATL,NYG,31,39,379.0,1,0.0,3.0,23.0,2,1.0,0,0,0,0.0,0,19.26,19.26,,,76.0,217.0,33.4678125,10.0,Boston College,2008.0,2008.0,ATL,3.0,3.0,
2018,9,00-0026143,M.Ryan,QB,ATL,WAS,26,38,350.0,4,1.0,2.0,13.0,0,0.0,0,0,0,0.0,0,28.0,28.0,,,76.0,217.0,33.4678125,10.0,Boston College,2008.0,2008.0,ATL,3.0,,
2018,10,00-0026143,M.Ryan,QB,ATL,CLE,38,52,330.0,2,0.0,2.0,19.0,3,13.0,0,0,0,0.0,0,20.5,20.5,,,76.0,217.0,33.4678125,10.0,Boston College,2008.0,2008.0,ATL,3.0,,
2018,11,00-0026143,M.Ryan,QB,ATL,DAL,24,34,291.0,1,1.0,3.0,17.0,1,1.0,0,0,0,0.0,0,13.74,13.74,,,76.0,217.0,33.4678125,10.0,Boston College,2008.0,2008.0,ATL,3.0,-3.0,
2018,12,00-0026143,M.Ryan,QB,ATL,NO,35,47,377.0,2,1.0,6.0,37.0,2,16.0,0,0,0,0.0,0,20.68,20.68,,,76.0,217.0,33.4678125,10.0,Boston College,2008.0,2008.0,ATL,3.0,,
2018,13,00-0026143,M.Ryan,QB,ATL,BAL,16,26,131.0,1,0.0,3.0,34.0,2,4.0,0,0,0,0.0,0,7.64,7.64,,,76.0,217.0,33.4678125,10.0,Boston College,2008.0,2008.0,ATL,3.0,-10.0,
2018,14,00-0026143,M.Ryan,QB,ATL,GB,28,42,262.0,3,1.0,2.0,25.0,1,0.0,0,0,0,0.0,0,20.48,20.48,,,76.0,217.0,33.4678125,10.0,Boston College,2008.0,2008.0,ATL,3.0,,
2018,15,00-0026143,M.Ryan,QB,ATL,ARI,22,36,231.0,2,0.0,2.0,11.0,3,18.0,1,0,0,0.0,0,25.04,25.04,,,76.0,217.0,33.4678125,10.0,Boston College,2008.0,2008.0,ATL,3.0,26.0,
2018,16,00-0026143,M.Ryan,QB,ATL,CAR,15,26,239.0,3,0.0,1.0,6.0,1,-1.0,0,0,0,0.0,0,19.46,19.46,,,76.0,217.0,33.4678125,10.0,Boston College,2008.0,2008.0,ATL,3.0,,
2018,17,00-0026143,M.Ryan,QB,ATL,TB,31,44,378.0,2,1.0,1.0,3.0,4,7.0,0,1,1,5.0,1,28.32,29.32,,,76.0,217.0,33.4678125,10.0,Boston College,2008.0,2008.0,ATL,3.0,,0.023255814
2018,1,00-0026153,J.Stewart,RB,NYG,JAX,0,0,0.0,0,0.0,0.0,0.0,2,8.0,0,0,0,0.0,0,0.8,0.8,,,70.0,245.0,31.62475,10.0,Oregon,2008.0,2008.0,CAR,13.0,-5.0,
2018,2,00-0026153,J.Stewart,RB,NYG,DAL,0,0,0.0,0,0.0,0.0,0.0,2,1.0,0,0,0,0.0,0,0.1,0.1,,,70.0,245.0,31.62475,10.0,Oregon,2008.0,2008.0,CAR,13.0,,
2018,3,00-0026153,J.Stewart,RB,NYG,HOU,0,0,0.0,0,0.0,0.0,0.0,2,8.0,0,0,0,0.0,0,0.8,0.8,,,70.0,245.0,31.62475,10.0,Oregon,2008.0,2008.0,CAR,13.0,,
2018,1,00-0026158,J.Flacco,QB,BAL,BUF,25,34,236.0,3,0.0,1.0,-0.0,2,3.0,0,0,0,0.0,0,21.74,21.74,,,78.0,245.0,33.80705882352942,10.0,Delaware,2008.0,2008.0,BAL,18.0,44.0,
2018,2,00-0026158,J.Flacco,QB,BAL,CIN,32,55,376.0,2,2.0,4.0,17.0,3,8.0,0,0,0,0.0,0,17.84,17.84,,,78.0,245.0,33.80705882352942,10.0,Delaware,2008.0,2008.0,BAL,18.0,,
2018,3,00-0026158,J.Flacco,QB,BAL,DEN,25,40,277.0,1,0.0,2.0,12.0,4,2.0,0,0,0,0.0,0,15.28,15.28,,,78.0,245.0,33.80705882352942,10.0,Delaware,2008.0,2008.0,BAL,18.0,13.0,
2018,4,00-0026158,J.Flacco,QB,BAL,PIT,28,42,363.0,2,0.0,2.0,8.0,2,-3.0,0,0,0,0.0,0,22.22,22.22,,,78.0,245.0,33.80705882352942,10.0,Delaware,2008.0,2008.0,BAL,18.0,,
2018,5,00-0026158,J.Flacco,QB,BAL,CLE,29,56,298.0,0,1.0,2.0,4.0,2,13.0,0,0,0,0.0,0,11.22,11.22,,,78.0,245.0,33.80705882352942,10.0,Delaware,2008.0,2008.0,BAL,18.0,,
2018,6,00-0026158,J.Flacco,QB,BAL,TEN,25,37,238.0,1,1.0,0.0,-0.0,3,4.0,0,0,0,0.0,0,11.92,11.92,,,78.0,245.0,33.80705882352942,10.0,Delaware,2008.0,2008.0,BAL,18.0,,
2018,7,00-0026158,J.Flacco,QB,BAL,NO,23,39,279.0,2,0.0,1.0,10.0,1,4.0,0,0,0,0.0,0,19.56,19.56,,,78.0,245.0,33.80705882352942,10.0,Delaware,2008.0,2008.0,BAL,18.0,-1.0,
2018,8,00-0026158,J.Flacco,QB,BAL,CAR,22,39,192.0,1,2.0,2.0,14.0,2,14.0,0,0,0,0.0,0,9.08,9.08,,,78.0,245.0,33.80705882352942,10.0,Delaware,2008.0,2008.0,BAL,18.0,,
2018,9,00-0026158,J.Flacco,QB,BAL,PIT,23,37,206.0,0,0.0,2.0,14.0,0,0.0,0,0,0,0.0,0,8.24,8.24,,,78.0,245.0,33.80705882352942,10.0,Delaware,2008.0,2008.0,BAL,18.0,-7.0,
2018,1,00-0026176,J.Nelson,WR,LV,LA,0,0,0.0,0,0.0,0.0,0.0,0,0.0,0,4,3,23.0,0,2.3,5.3,,,75.0,217.0,33.4313125,10.0,Kansas State,2008.0,2008.0,GB,36.0,,0.10526316
2018,2,00-0026176,J.Nelson,WR,LV,DEN,0,0,0.0,0,0.0,0.0,0.0,0,0.0,0,4,2,30.0,0,3.0,5.0,,,75.0,217.0,33.4313125,10.0,Kansas State,2008.0,2008.0,GB,36.0,,0.125
2018,3,00-0026176,J.Nelson,WR,LV,MIA,0,0,0.0,0,0.0,0.0,0.0,0,0.0,0,8,6,173.0,1,23.3,29.3,,,75.0,217.0,33.4313125,10.0,Kansas State,2008.0,2008.0,GB,36.0,,0.21052632
2018,4,00-0026176,J.Nelson,WR,LV,CLE,0,0,0.0,0,0.0,0.0,0.0,0,0.0,0,8,5,48.0,1,12.8,17.8,,,75.0,217.0,33.4313125,10.0,Kansas State,2008.0,2008.0,GB,36.0,,0.14285715
2018,5,00-0026176,J.Nelson,WR,LV,LAC,0,0,0.0,0,0.0,0.0,0.0,0,0.0,0,4,4,43.0,1,10.3,14.3,,,75.0,217.0,33.4313125,10.0,Kansas State,2008.0,2008.0,GB,36.0,,0.12903225
2018,6,00-0026176,J.Nelson,WR,LV,SEA,0,0,0.0,0,0.0,0.0,0.0,0,0.0,0,3,2,6.0,0,0.6,2.6,,,75.0,217.0,33.4313125,10.0,Kansas State,2008.0,2008.0,GB,36.0,,0.1
2018,8,00-0026176,J.Nelson,WR,LV,IND,0,0,0.0,0,0.0,0.0,0.0,0,0.0,0,4,1,14.0,0,1.4,2.4,,,75.0,217.0,33.4313125,10.0,Kansas State,2008.0,2008.0,GB,36.0,,0.14285715
2018,9,00-0026176,J.Nelson,WR,LV,SF,0,0,0.0,0,0.0,0.0,0.0,0,0.0,0,3,2,16.0,0,1.6,3.6,,,75.0,217.0,33.4313125,10.0,Kansas State,2008.0,2008.0,GB,36.0,,0.14285715
2018,10,00-0026176,J.Nelson,WR,LV,LAC,0,0,0.0,0,0.0,0.0,0.0,0,0.0,0,1,0,0.0,0,0.0,0.0,,,75.0,217.0,33.4313125,10.0,Kansas State,2008.0,2008.0,GB,36.0,,0.028571429
2018,12,00-0026176,J.Nelson,WR,LV,BAL,0,0,0.0,0,0.0,0.0,0.0,1,-2.0,0,1,0,0.0,0,-0.2,-0.2,,,75.0,217.0,33.4313125,10.0,Kansas State,2008.0,2008.0,GB,36.0,,0.030303031
2018,13,00-0026176,J.Nelson,WR,LV,KC,0,0,0.0,0,0.0,0.0,0.0,0,0.0,0,11,10,97.0,0,9.7,19.7,,,75.0,217.0,33.4313125,10.0,Kansas State,2008.0,2008.0,GB,36.0,,0.2972973
2018,14,00-0026176,J.Nelson,WR,LV,PIT,0,0,0.0,0,0.0,0.0,0.0,0,0.0,0,7,6,48.0,0,4.8,10.8,,,75.0,217.0,33.4313125,10.0,Kansas State,2008.0,2008.0,GB,36.0,,0.21875
2018,15,00-0026176,J.Nelson,WR,LV,CIN,0,0,0.0,0,0.0,0.0,0.0,0,0.0,0,8,6,88.0,0,8.8,14.8,,,75.0,217.0,33.4313125,10.0,Kansas State,2008.0,2008.0,GB,36.0,,0.24242425
2018,16,00-0026176,J.Nelson,WR,LV,DEN,0,0,0.0,0,0.0,0.0,0.0,0,0.0,0,10,7,75.0,0,7.5,14.5,,,75.0,217.0,33.4313125,10.0,Kansas State,2008.0,2008.0,GB,36.0,,0.3846154
2018,17,00-0026176,J.Nelson,WR,LV,KC,0,0,0.0,0,0.0,0.0,0.0,0,0.0,0,12,9,78.0,0,7.8,16.8,,,75.0,217.0,33.4313125,10.0,Kansas State,2008.0,2008.0,GB,36.0,,0.375
2018,1,00-0026189,D.Jackson,WR,TB,NO,0,0,0.0,0,0.0,0.0,0.0,0,0.0,0,5,5,146.0,2,26.6,31.6,,,70.0,175.0,31.9310625,10.0,California,2008.0,2008.0,PHI,49.0,,0.17857143
2018,2,00-0026189,D.Jackson,WR,TB,PHI,0,0,0.0,0,0.0,0.0,0.0,0,0.0,0,4,4,129.0,1,18.9,22.9,,,70.0,175.0,31.9310625,10.0,California,2008.0,2008.0,PHI,49.0,6.0,0.121212125
2018,3,00-0026189,D.Jackson,WR,TB,PIT,0,0,0.0,0,0.0,0.0,0.0,0,0.0,0,5,3,37.0,0,3.7,6.7,,,70.0,175.0,31.9310625,10.0,California,2008.0,2008.0,PHI,49.0,-3.0,0.1
2018,4,00-0026189,D.Jackson,WR,TB,CHI,0,0,0.0,0,0.0,0.0,0.0,0,0.0,0,8,5,112.0,0,11.2,16.2,,,70.0,175.0,31.9310625,10.0,California,2008.0,2008.0,PHI,49.0,,0.21052632
2018,6,00-0026189,D.Jackson,WR,TB,ATL,0,0,0.0,0,0.0,0.0,0.0,1,7.0,0,9,4,77.0,0,8.4,12.4,,,70.0,175.0,31.9310625,10.0,California,2008.0,2008.0,PHI,49.0,,0.225
2018,7,00-0026189,D.Jackson,WR,TB,CLE,0,0,0.0,0,0.0,0.0,0.0,2,8.0,1,4,2,25.0,0,9.3,11.3,,,70.0,175.0,31.9310625,10.0,California,2008.0,2008.0,PHI,49.0,3.0,0.07692308
2018,8,00-0026189,D.Jackson,WR,TB,CIN,0,0,0.0,0,0.0,0.0,0.0,1,4.0,0,8,3,68.0,1,13.2,16.2,,,70.0,175.0,31.9310625,10.0,California,2008.0,2008.0,PHI,49.0,,0.16
2018,9,00-0026189,D.Jackson,WR,TB,CAR,0,0,0.0,0,0.0,0.0,0.0,0,0.0,0,4,2,32.0,0,3.2,5.2,,,70.0,175.0,31.9310625,10.0,California,2008.0,2008.0,PHI,49.0,,0.09756097
2018,10,00-0026189,D.Jackson,WR,TB,WAS,0,0,0.0,0,0.0,0.0,0.0,0,0.0,0,8,5,67.0,0,6.7,11.7,,,70.0,175.0,31.9310625,10.0,California,2008.0,2008.0,PHI,49.0,-13.0,0.19512194
2018,11,00-0026189,D.Jackson,WR,TB,NYG,0,0,0.0,0,0.0,0.0,0.0,0,0.0,0,7,4,38.0,0,3.8,7.8,,,70.0,175.0,31.9310625,10.0,California,2008.0,2008.0,PHI,49.0,,0.19444445
2018,12,00-0026189,D.Jackson,WR,TB,SF,0,0,0.0,0,0.0,0.0,0.0,1,6.0,0,8,3,19.0,0,2.5,5.5,,,70.0,175.0,31.9310625,10.0,California,2008.0,2008.0,PHI,49.0,18.0,0.21052632
2018,16,00-0026189,D.Jackson,WR,TB,DAL,0,0,0.0,0,0.0,0.0,0.0,1,4.0,0,4,1,24.0,0,2.8,3.8,,,70.0,175.0,31.9310625,10.0,California,2008.0,2008.0,PHI,49.0,,0.083333336
2018,17,00-0026197,C.Henne,QB,KC,LV,2,3,29.0,0,0.0,0.0,-0.0,1,3.0,0,0,0,0.0,0,1.46,1.46,,,75.0,222.0,33.36033333333333,10.0,Michigan,2008.0,2008.0,MIA,57.0,32.0,
2018,6,00-0026213,J.Charles,RB,JAX,DAL,0,0,0.0,0,0.0,0.0,0.0,5,5.0,0,2,1,5.0,0,1.0,2.0,,,71.0,199.0,31.906454545454547,10.0,Texas,2008.0,2008.0,KC,73.0,,0.07692308
2018,7,00-0026213,J.Charles,RB,JAX,HOU,0,0,0.0,0,0.0,0.0,0.0,1,2.0,0,1,1,2.0,0,0.4,1.4,,,71.0,199.0,31.906454545454547,10.0,Texas,2008.0,2008.0,KC,73.0,-13.0,0.025
2018,14,00-0026300,J.Johnson,QB,WAS,NYG,11,16,195.0,1,1.0,0.0,-0.0,7,45.0,1,0,0,0.0,0,24.3,24.3,,,75.0,198.0,32.5975,10.0,San Diego,2008.0,2008.0,TB,160.0,-24.0,
2018,15,00-0026300,J.Johnson,QB,WAS,JAX,16,25,151.0,1,0.0,3.0,15.0,9,49.0,0,0,0,0.0,0,14.94,14.94,,,75.0,198.0,32.5975,10.0,San Diego,2008.0,2008.0,TB,160.0,,
2018,16,00-0026300,J.Johnson,QB,WAS,TEN,13,23,153.0,1,2.0,2.0,22.0,4,22.0,0,0,0,0.0,0,8.32,8.32,,,75.0,198.0,32.5975,10.0,San Diego,2008.0,2008.0,TB,160.0,,
2018,17,00-0026300,J.Johnson,QB,WAS,PHI,12,27,91.0,0,1.0,4.0,30.0,3,4.0,0,0,0,0.0,0,2.04,2.04,,,75.0,198.0,32.5975,10.0,San Diego,2008.0,2008.0,TB,160.0,-24.0,
2018,1,00-0026345,P.Garcon,WR,SF,MIN,0,0,0.0,0,0.0,0.0,0.0,0,0.0,0,6,2,21.0,0,2.1,4.1,,,72.0,211.0,32.2384375,10.0,Mount Union,2008.0,2008.0,IND,205.0,,0.1875
2018,2,00-0026345,P.Garcon,WR,SF,DET,0,0,0.0,0,0.0,0.0,0.0,0,0.0,0,4,4,57.0,0,5.7,9.7,,,72.0,211.0,32.2384375,10.0,Mount Union,2008.0,2008.0,IND,205.0,3.0,0.16
2018,3,00-0026345,P.Garcon,WR,SF,KC,0,0,0.0,0,0.0,0.0,0.0,0,0.0,0,4,1,11.0,0,1.1,2.1,,,72.0,211.0,32.2384375,10.0,Mount Union,2008.0,2008.0,IND,205.0,,0.13333334
2018,4,00-0026345,P.Garcon,WR,SF,LAC,0,0,0.0,0,0.0,0.0,0.0,0,0.0,0,7,4,52.0,0,5.2,9.2,,,72.0,211.0,32.2384375,10.0,Mount Union,2008.0,2008.0,IND,205.0,,0.19444445
2018,5,00-0026345,P.Garcon,WR,SF,ARI,0,0,0.0,0,0.0,0.0,0.0,0,0.0,0,13,5,47.0,0,4.7,9.7,,,72.0,211.0,32.2384375,10.0,Mount Union,2008.0,2008.0,IND,205.0,-10.0,0.24074075
2018,6,00-0026345,P.Garcon,WR,SF,GB,0,0,0.0,0,0.0,0.0,0.0,0,0.0,0,6,4,37.0,0,3.7,7.7,,,72.0,211.0,32.2384375,10.0,Mount Union,2008.0,2008.0,IND,205.0,,0.26086956
2018,7,00-0026345,P.Garcon,WR,SF,LA,0,0,0.0,0,0.0,0.0,0.0,0,0.0,0,1,1,5.0,0,0.5,1.5,,,72.0,211.0,32.2384375,10.0,Mount Union,2008.0,2008.0,IND,205.0,-29.0,0.037037037
2018,9,00-0026345,P.Garcon,WR,SF,LV,0,0,0.0,0,0.0,0.0,0.0,0,0.0,0,5,3,56.0,1,11.6,14.6,,,72.0,211.0,32.2384375,10.0,Mount Union,2008.0,2008.0,IND,205.0,31.0,0.22727273
2018,1,00-0026498,M.Stafford,QB,DET,NYJ,27,46,286.0,1,4.0,0.0,-0.0,1,6.0,0,0,0,0.0,0,8.04,8.04,,,75.0,220.0,30.743875,9.0,Georgia,2009.0,2009.0,DET,1.0,-31.0,
2018,2,00-0026498,M.Stafford,QB,DET,SF,34,53,347.0,3,0.0,2.0,18.0,1,8.0,0,0,0,0.0,0,24.68,24.68,,,75.0,220.0,30.743875,9.0,Georgia,2009.0,2009.0,DET,1.0,,
2018,3,00-0026498,M.Stafford,QB,DET,NE,27,36,262.0,2,1.0,1.0,7.0,1,10.0,0,0,0,0.0,0,17.48,17.48,,,75.0,220.0,30.743875,9.0,Georgia,2009.0,2009.0,DET,1.0,16.0,
2018,4,00-0026498,M.Stafford,QB,DET,DAL,24,30,307.0,2,0.0,3.0,21.0,2,5.0,0,0,0,0.0,0,20.78,20.78,,,75.0,220.0,30.743875,9.0,Georgia,2009.0,2009.0,DET,1.0,,
2018,5,00-0026498,M.Stafford,QB,DET,GB,14,26,183.0,2,0.0,3.0,13.0,1,-1.0,0,0,0,0.0,0,15.22,15.22,,,75.0,220.0,30.743875,9.0,Georgia,2009.0,2009.0,DET,1.0,8.0,
2018,7,00-0026498,M.Stafford,QB,DET,MIA,18,22,217.0,2,0.0,1.0,8.0,4,9.0,0,0,0,0.0,0,17.58,17.58,,,75.0,220.0,30.743875,9.0,Georgia,2009.0,2009.0,DET,1.0,,
2018,8,00-0026498,M.Stafford,QB,DET,SEA,27,40,310.0,2,1.0,3.0,13.0,1,6.0,0,0,0,0.0,0,17.0,17.0,,,75.0,220.0,30.743875,9.0,Georgia,2009.0,2009.0,DET,1.0,-14.0,
2018,9,00-0026498,M.Stafford,QB,DET,MIN,25,36,199.0,0,0.0,10.0,56.0,5,6.0,0,0,0,0.0,0,6.56,6.56,,,75.0,220.0,30.743875,9.0,Georgia,2009.0,2009.0,DET,1.0,,
2018,10,00-0026498,M.Stafford,QB,DET,CHI,25,42,274.0,2,2.0,6.0,45.0,2,9.0,0,0,0,0.0,0,15.86,15.86,,,75.0,220.0,30.743875,9.0,Georgia,2009.0,2009.0,DET,1.0,,
2018,11,00-0026498,M.Stafford,QB,DET,CAR,23,37,220.0,1,0.0,1.0,5.0,3,6.0,0,0,0,0.0,0,13.4,13.4,,,75.0,220.0,30.743875,9.0,Georgia,2009.0,2009.0,DET,1.0,1.0,
2018,12,00-0026498,M.Stafford,QB,DET,CHI,28,38,236.0,0,2.0,2.0,14.0,0,0.0,0,0,0,0.0,0,5.44,5.44,,,75.0,220.0,30.743875,9.0,Georgia,2009.0,2009.0,DET,1.0,-7.0,
2018,13,00-0026498,M.Stafford,QB,DET,LA,20,33,245.0,1,1.0,4.0,37.0,1,2.0,0,0,0,0.0,0,10.0,10.0,,,75.0,220.0,30.743875,9.0,Georgia,2009.0,2009.0,DET,1.0,-14.0,
2018,14,00-0026498,M.Stafford,QB,DET,ARI,15,23,101.0,0,0.0,1.0,5.0,1,7.0,0,0,0,0.0,0,4.74,4.74,,,75.0,220.0,30.743875,9.0,Georgia,2009.0,2009.0,DET,1.0,,
2018,15,00-0026498,M.Stafford,QB,DET,BUF,22,29,208.0,1,0.0,0.0,-0.0,0,0.0,0,0,0,0.0,0,12.32,12.32,,,75.0,220.0,30.743875,9.0,Georgia,2009.0,2009.0,DET,1.0,,
2018,16,00-0026498,M.Stafford,QB,DET,MIN,18,32,116.0,0,0.0,2.0,11.0,0,0.0,0,0,0,0.0,0,4.64,4.64,,,75.0,220.0,30.743875,9.0,Georgia,2009.0,2009.0,DET,1.0,-18.0,
2018,17,00-0026498,M.Stafford,QB,DET,GB,20,32,266.0,2,0.0,1.0,2.0,2,-2.0,0,0,0,0.0,0,18.44,18.44,,,75.0,220.0,30.743875,9.0,Georgia,2009.0,2009.0,DET,1.0,,
2018,4,00-0026544,C.Daniel,QB,CHI,TB,0,0,0.0,0,0.0,0.0,0.0,2,-2.0,0,0,0,0.0,0,-0.2,-0.2,,,72.0,225.0,32.09094117647059,9.0,Missouri,2009.0,2009.0,,,38.0,
2018,9,00-0026544,C.Daniel,QB,CHI,BUF,0,0,0.0,0,0.0,0.0,0.0,3,-3.0,0,0,0,0.0,0,-0.3,-0.3,,,72.0,225.0,32.09094117647059,9.0,Missouri,2009.0,2009.0,,,,
2018,12,00-0026544,C.Daniel,QB,CHI,DET,27,37,230.0,2,0.0,4.0,12.0,4,4.0,0,1,1,8.0,0,18.4,19.4,,,72.0,225.0,32.09094117647059,9.0,Missouri,2009.0,2009.0,,,,0.02631579
2018,13,00-0026544,C.Daniel,QB,CHI,NYG,26,39,285.0,1,2.0,5.0,28.0,4,4.0,0,0,0,0.0,0,11.8,11.8,,,72.0,225.0,32.09094117647059,9.0,Missouri,2009.0,2009.0,,,,
2018,4,00-0026625,B.Hoyer,QB,NE,MIA,0,0,0.0,0,0.0,0.0,0.0,3,-3.0,0,0,0,0.0,0,-0.3,-0.3,,,74.0,215.0,33.09157894736842,9.0,Michigan State,2009.0,2009.0,,,31.0,
2018,8,00-0026625,B.Hoyer,QB,NE,BUF,0,0,0.0,0,0.0,0.0,0.0,2,-2.0,0,0,0,0.0,0,-0.2,-0.2,,,74.0,215.0,33.09157894736842,9.0,Michigan State,2009.0,2009.0,,,,
2018,10,00-0026625,B.Hoyer,QB,NE,TEN,1,1,7.0,0,0.0,0.0,-0.0,1,2.0,0,0,0,0.0,0,0.48,0.48,,,74.0,215.0,33.09157894736842,9.0,Michigan State,2009.0,2009.0,,,,
2018,16,00-0026625,B.Hoyer,QB,NE,BUF,0,1,0.0,0,0.0,0.0,-0.0,2,-2.0,0,0,0,0.0,0,-0.2,-0.2,,,74.0,215.0,33.09157894736842,9.0,Michigan State,2009.0,2009.0,,,12.0,
2018,17,00-0026625,B.Hoyer,QB,NE,NYJ,0,0,0.0,0,0.0,0.0,0.0,3,-3.0,0,0,0,0.0,0,-0.3,-0.3,,,74.0,215.0,33.09157894736842,9.0,Michigan State,2009.0,2009.0,,,35.0,
2018,13,00-0026898,M.Sanchez,QB,WAS,PHI,13,21,100.0,0,1.0,2.0,13.0,1,8.0,0,0,0,0.0,0,2.8,2.8,,,74.0,232.0,32.084833333333336,9.0,USC,2009.0,2009.0,NYJ,5.0,,
2018,14,00-0026898,M.Sanchez,QB,WAS,NYG,6,14,38.0,0,2.0,5.0,29.0,0,0.0,0,0,0,0.0,0,-2.48,-2.48,,,74.0,232.0,32.084833333333336,9.0,USC,2009.0,2009.0,NYJ,5.0,-24.0,
2018,1,00-0026901,M.Wallace,WR,PHI,ATL,0,0,0.0,0,0.0,0.0,0.0,0,0.0,0,3,0,0.0,0,0.0,0.0,,,72.0,200.0,32.2795,9.0,Mississippi,2009.0,2009.0,PIT,84.0,6.0,0.08571429
2018,10,00-0026983,D.Heyward-Bey,WR,PIT,CAR,0,0,0.0,0,0.0,0.0,0.0,0,0.0,0,1,1,9.0,0,0.9,1.9,,,74.0,210.0,31.69,9.0,Maryland,2009.0,2009.0,OAK,7.0,31.0,0.037037037
2018,13,00-0026983,D.Heyward-Bey,WR,PIT,LAC,0,0,0.0,0,0.0,0.0,0.0,0,0.0,0,1,0,0.0,0,0.0,0.0,,,74.0,210.0,31.69,9.0,Maryland,2009.0,2009.0,OAK,7.0,-3.0,0.022222223
2018,14,00-0026983,D.Heyward-Bey,WR,PIT,LV,0,0,0.0,0,0.0,0.0,0.0,1,-7.0,0,0,0,0.0,0,-0.7,-0.7,,,74.0,210.0,31.69,9.0,Maryland,2009.0,2009.0,OAK,7.0,,
2018,1,00-0026986,M.Crabtree,WR,BAL,BUF,0,0,0.0,0,0.0,0.0,0.0,0,0.0,0,6,3,38.0,1,9.8,12.8,,,73.0,214.0,31.148705882352942,9.0,Texas Tech,2009.0,2009.0,SF,10.0,44.0,0.16216215
2018,2,00-0026986,M.Crabtree,WR,BAL,CIN,0,0,0.0,0,0.0,0.0,0.0,0,0.0,0,10,5,56.0,0,5.6,10.6,,,73.0,214.0,31.148705882352942,9.0,Texas Tech,2009.0,2009.0,SF,10.0,,0.18867925
2018,3,00-0026986,M.Crabtree,WR,BAL,DEN,0,0,0.0,0,0.0,0.0,0.0,0,0.0,0,10,7,61.0,0,6.1,13.1,,,73.0,214.0,31.148705882352942,9.0,Texas Tech,2009.0,2009.0,SF,10.0,13.0,0.2631579
2018,4,00-0026986,M.Crabtree,WR,BAL,PIT,0,0,0.0,0,0.0,0.0,0.0,0,0.0,0,8,3,29.0,0,2.9,5.9,,,73.0,214.0,31.148705882352942,9.0,Texas Tech,2009.0,2009.0,SF,10.0,,0.2
2018,5,00-0026986,M.Crabtree,WR,BAL,CLE,0,0,0.0,0,0.0,0.0,0.0,0,0.0,0,12,6,66.0,0,6.6,12.6,,,73.0,214.0,31.148705882352942,9.0,Texas Tech,2009.0,2009.0,SF,10.0,,0.21052632
2018,6,00-0026986,M.Crabtree,WR,BAL,TEN,0,0,0.0,0,0.0,0.0,0.0,0,0.0,0,9,6,93.0,1,15.3,21.3,,,73.0,214.0,31.148705882352942,9.0,Texas Tech,2009.0,2009.0,SF,10.0,,0.24324325
2018,7,00-0026986,M.Crabtree,WR,BAL,NO,0,0,0.0,0,0.0,0.0,0.0,0,0.0,0,9,5,66.0,0,6.6,11.6,,,73.0,214.0,31.148705882352942,9.0,Texas Tech,2009.0,2009.0,SF,10.0,-1.0,0.24324325
2018,8,00-0026986,M.Crabtree,WR,BAL,CAR,0,0,0.0,0,0.0,0.0,0.0,0,0.0,0,5,3,31.0,0,3.1,6.1,,,73.0,214.0,31.148705882352942,9.0,Texas Tech,2009.0,2009.0,SF,10.0,,0.11363637
2018,9,00-0026986,M.Crabtree,WR,BAL,PIT,0,0,0.0,0,0.0,0.0,0.0,0,0.0,0,7,3,32.0,0,3.2,6.2,,,73.0,214.0,31.148705882352942,9.0,Texas Tech,2009.0,2009.0,SF,10.0,-7.0,0.1891892
2018,11,00-0026986,M.Crabtree,WR,BAL,CIN,0,0,0.0,0,0.0,0.0,0.0,0,0.0,0,3,1,7.0,0,0.7,1.7,,,73.0,214.0,31.148705882352942,9.0,Texas Tech,2009.0,2009.0,SF,10.0,3.0,0.16666667
2018,12,00-0026986,M.Crabtree,WR,BAL,LV,0,0,0.0,0,0.0,0.0,0.0,0,0.0,0,6,3,21.0,1,8.1,11.1,,,73.0,214.0,31.148705882352942,9.0,Texas Tech,2009.0,2009.0,SF,10.0,17.0,0.25
2018,13,00-0026986,M.Crabtree,WR,BAL,ATL,0,0,0.0,0,0.0,0.0,0.0,0,0.0,0,4,3,36.0,0,3.6,6.6,,,73.0,214.0,31.148705882352942,9.0,Texas Tech,2009.0,2009.0,SF,10.0,,0.16
2018,14,00-0026986,M.Crabtree,WR,BAL,KC,0,0,0.0,0,0.0,0.0,0.0,0,0.0,0,4,3,31.0,0,3.1,6.1,,,73.0,214.0,31.148705882352942,9.0,Texas Tech,2009.0,2009.0,SF,10.0,,0.15384616
2018,15,00-0026986,M.Crabtree,WR,BAL,TB,0,0,0.0,0,0.0,0.0,0.0,0,0.0,0,1,0,0.0,0,0.0,0.0,,,73.0,214.0,31.148705882352942,9.0,Texas Tech,2009.0,2009.0,SF,10.0,8.0,0.04761905
2018,16,00-0026986,M.Crabtree,WR,BAL,LAC,0,0,0.0,0,0.0,0.0,0.0,0,0.0,0,4,1,20.0,0,2.0,3.0,,,73.0,214.0,31.148705882352942,9.0,Texas Tech,2009.0,2009.0,SF,10.0,,0.18181819
2018,17,00-0026986,M.Crabtree,WR,BAL,CLE,0,0,0.0,0,0.0,0.0,0.0,0,0.0,0,2,2,20.0,0,2.0,4.0,,,73.0,214.0,31.148705882352942,9.0,Texas Tech,2009.0,2009.0,SF,10.0,2.0,0.08695652
2018,18,00-0026986,M.Crabtree,WR,BAL,LAC,0,0,0.0,0,0.0,0.0,0.0,0,0.0,0,4,2,38.0,2,15.8,17.8,,,73.0,214.0,31.148705882352942,9.0,Texas Tech,2009.0,2009.0,SF,10.0,-6.0,0.15384616
2018,1,00-0027029,L.McCoy,RB,BUF,BAL,0,0,0.0,0,0.0,0.0,0.0,7,22.0,0,3,1,-1.0,0,2.1,3.1,,,71.0,210.0,30.3111875,9.0,Pittsburgh,2009.0,2009.0,PHI,53.0,,0.09375
2018,2,00-0027029,L.McCoy,RB,BUF,LAC,0,0,0.0,0,0.0,0.0,0.0,9,39.0,0,4,4,29.0,0,6.8,10.8,,,71.0,210.0,30.3111875,9.0,Pittsburgh,2009.0,2009.0,PHI,53.0,-11.0,0.125
2018,4,00-0027029,L.McCoy,RB,BUF,GB,0,0,0.0,0,0.0,0.0,0.0,5,24.0,0,6,3,13.0,0,3.7,6.7,,,71.0,210.0,30.3111875,9.0,Pittsburgh,2009.0,2009.0,PHI,53.0,,0.18181819
2018,5,00-0027029,L.McCoy,RB,BUF,TEN,0,0,0.0,0,0.0,0.0,0.0,24,85.0,0,3,2,23.0,0,10.8,12.8,,,71.0,210.0,30.3111875,9.0,Pittsburgh,2009.0,2009.0,PHI,53.0,1.0,0.15
2018,6,00-0027029,L.McCoy,RB,BUF,HOU,0,0,0.0,0,0.0,0.0,0.0,16,73.0,0,5,3,21.0,0,9.4,12.4,,,71.0,210.0,30.3111875,9.0,Pittsburgh,2009.0,2009.0,PHI,53.0,,0.1724138
2018,7,00-0027029,L.McCoy,RB,BUF,IND,0,0,0.0,0,0.0,0.0,0.0,2,1.0,0,0,0,0.0,0,0.1,0.1,,,71.0,210.0,30.3111875,9.0,Pittsburgh,2009.0,2009.0,PHI,53.0,,
2018,8,00-0027029,L.McCoy,RB,BUF,NE,0,0,0.0,0,0.0,0.0,0.0,12,13.0,0,8,6,82.0,0,9.5,15.5,,,71.0,210.0,30.3111875,9.0,Pittsburgh,2009.0,2009.0,PHI,53.0,-19.0,0.2
2018,9,00-0027029,L.McCoy,RB,BUF,CHI,0,0,0.0,0,0.0,0.0,0.0,10,10.0,0,4,4,19.0,0,2.9,6.9,,,71.0,210.0,30.3111875,9.0,Pittsburgh,2009.0,2009.0,PHI,53.0,-32.0,0.08510638
2018,10,00-0027029,L.McCoy,RB,BUF,NYJ,0,0,0.0,0,0.0,0.0,0.0,26,113.0,2,1,1,5.0,0,23.8,24.8,,,71.0,210.0,30.3111875,9.0,Pittsburgh,2009.0,2009.0,PHI,53.0,,0.03846154
2018,12,00-0027029,L.McCoy,RB,BUF,JAX,0,0,0.0,0,0.0,0.0,0.0,17,46.0,0,1,1,7.0,0,5.3,6.3,,,71.0,210.0,30.3111875,9.0,Pittsburgh,2009.0,2009.0,PHI,53.0,3.0,0.05882353
2018,13,00-0027029,L.McCoy,RB,BUF,MIA,0,0,0.0,0,0.0,0.0,0.0,15,52.0,0,4,4,12.0,0,6.4,10.4,,,71.0,210.0,30.3111875,9.0,Pittsburgh,2009.0,2009.0,PHI,53.0,,0.14285715
2018,14,00-0027029,L.McCoy,RB,BUF,NYJ,0,0,0.0,0,0.0,0.0,0.0,2,1.0,0,1,0,0.0,0,0.1,0.1,,,71.0,210.0,30.3111875,9.0,Pittsburgh,2009.0,2009.0,PHI,53.0,-4.0,0.028571429
2018,16,00-0027029,L.McCoy,RB,BUF,NE,0,0,0.0,0,0.0,0.0,0.0,6,9.0,0,3,3,10.0,0,1.9,4.9,,,71.0,210.0,30.3111875,9.0,Pittsburgh,2009.0,2009.0,PHI,53.0,,0.075
2018,17,00-0027029,L.McCoy,RB,BUF,MIA,0,0,0.0,0,0.0,0.0,0.0,10,26.0,1,3,2,18.0,0,10.4,12.4,,,71.0,210.0,30.3111875,9.0,Pittsburgh,2009.0,2009.0,PHI,53.0,25.0,0.125
2018,1,00-0027061,J.Cook,TE,LV,LA,0,0,0.0,0,0.0,0.0,0.0,0,0.0,0,12,9,180.0,0,18.0,27.0,,,77.0,254.0,31.580625,9.0,South Carolina,2009.0,2009.0,TEN,89.0,,0.31578946
2018,2,00-0027061,J.Cook,TE,LV,DEN,0,0,0.0,0,0.0,0.0,0.0,0,0.0,0,4,4,49.0,0,4.9,8.9,,,77.0,254.0,31.580625,9.0,South Carolina,2009.0,2009.0,TEN,89.0,,0.125
2018,3,00-0027061,J.Cook,TE,LV,MIA,0,0,0.0,0,0.0,0.0,0.0,0,0.0,0,6,5,31.0,0,3.1,8.1,,,77.0,254.0,31.580625,9.0,South Carolina,2009.0,2009.0,TEN,89.0,,0.15789473
2018,4,00-0027061,J.Cook,TE,LV,CLE,0,0,0.0,0,0.0,0.0,0.0,0,0.0,0,13,8,110.0,2,23.0,31.0,,,77.0,254.0,31.580625,9.0,South Carolina,2009.0,2009.0,TEN,89.0,,0.23214285
2018,5,00-0027061,J.Cook,TE,LV,LAC,0,0,0.0,0,0.0,0.0,0.0,0,0.0,0,6,4,20.0,0,2.0,6.0,,,77.0,254.0,31.580625,9.0,South Carolina,2009.0,2009.0,TEN,89.0,,0.19354838
2018,6,00-0027061,J.Cook,TE,LV,SEA,0,0,0.0,0,0.0,0.0,0.0,0,0.0,0,2,2,10.0,0,1.0,3.0,,,77.0,254.0,31.580625,9.0,South Carolina,2009.0,2009.0,TEN,89.0,,0.06666667
2018,8,00-0027061,J.Cook,TE,LV,IND,0,0,0.0,0,0.0,0.0,0.0,0,0.0,0,5,4,74.0,1,13.4,17.4,,,77.0,254.0,31.580625,9.0,South Carolina,2009.0,2009.0,TEN,89.0,,0.17857143
2018,9,00-0027061,J.Cook,TE,LV,SF,0,0,0.0,0,0.0,0.0,0.0,0,0.0,0,2,2,20.0,0,2.0,4.0,,,77.0,254.0,31.580625,9.0,South Carolina,2009.0,2009.0,TEN,89.0,,0.0952381
2018,10,00-0027061,J.Cook,TE,LV,LAC,0,0,0.0,0,0.0,0.0,0.0,0,0.0,0,9,4,52.0,0,5.2,9.2,,,77.0,254.0,31.580625,9.0,South Carolina,2009.0,2009.0,TEN,89.0,,0.25714287
2018,11,00-0027061,J.Cook,TE,LV,ARI,0,0,0.0,0,0.0,0.0,0.0,0,0.0,0,6,3,31.0,1,9.1,12.1,,,77.0,254.0,31.580625,9.0,South Carolina,2009.0,2009.0,TEN,89.0,,0.21428572
2018,12,00-0027061,J.Cook,TE,LV,BAL,0,0,0.0,0,0.0,0.0,0.0,0,0.0,0,5,2,32.0,1,9.2,11.2,,,77.0,254.0,31.580625,9.0,South Carolina,2009.0,2009.0,TEN,89.0,,0.15151516
2018,13,00-0027061,J.Cook,TE,LV,KC,0,0,0.0,0,0.0,0.0,0.0,0,0.0,0,8,7,100.0,1,16.0,23.0,,,77.0,254.0,31.580625,9.0,South Carolina,2009.0,2009.0,TEN,89.0,,0.21621622
2018,14,00-0027061,J.Cook,TE,LV,PIT,0,0,0.0,0,0.0,0.0,0.0,0,0.0,0,10,7,116.0,0,11.6,18.6,,,77.0,254.0,31.580625,9.0,South Carolina,2009.0,2009.0,TEN,89.0,,0.3125
2018,15,00-0027061,J.Cook,TE,LV,CIN,0,0,0.0,0,0.0,0.0,0.0,0,0.0,0,5,2,23.0,0,2.3,4.3,,,77.0,254.0,31.580625,9.0,South Carolina,2009.0,2009.0,TEN,89.0,,0.15151516
2018,16,00-0027061,J.Cook,TE,LV,DEN,0,0,0.0,0,0.0,0.0,0.0,0,0.0,0,3,2,20.0,0,2.0,4.0,,,77.0,254.0,31.580625,9.0,South Carolina,2009.0,2009.0,TEN,89.0,,0.115384616
2018,17,00-0027061,J.Cook,TE,LV,KC,0,0,0.0,0,0.0,0.0,0.0,0,0.0,0,5,3,28.0,0,2.8,5.8,,,77.0,254.0,31.580625,9.0,South Carolina,2009.0,2009.0,TEN,89.0,,0.15625
2018,16,00-0027139,J.Phillips,TE,ARI,LA,0,0,0.0,0,0.0,0.0,0.0,0,0.0,0,1,1,9.0,0,0.9,1.9,,,77.0,251.0,31.4044,9.0,Virginia,2009.0,2009.0,DAL,208.0,-22.0,0.032258064
2018,17,00-0027139,J.Phillips,TE,ARI,SEA,0,0,0.0,0,0.0,0.0,0.0,0,0.0,0,2,2,29.0,0,2.9,4.9,,,77.0,251.0,31.4044,9.0,Virginia,2009.0,2009.0,DAL,208.0,,0.060606062
2018,5,00-0027150,J.Edelman,WR,NE,IND,0,0,0.0,0,0.0,0.0,0.0,0,0.0,0,9,7,57.0,0,5.7,12.7,,,70.0,200.0,32.48642105263158,9.0,Kent State,2009.0,2009.0,NE,232.0,14.0,0.20454545
2018,6,00-0027150,J.Edelman,WR,NE,KC,0,0,0.0,0,0.0,0.0,0.0,1,7.0,0,7,4,54.0,1,12.1,16.1,,,70.0,200.0,32.48642105263158,9.0,Kent State,2009.0,2009.0,NE,232.0,3.0,0.2
2018,7,00-0027150,J.Edelman,WR,NE,CHI,0,0,0.0,0,0.0,0.0,0.0,0,0.0,0,8,5,36.0,1,9.6,14.6,,,70.0,200.0,32.48642105263158,9.0,Kent State,2009.0,2009.0,NE,232.0,,0.22857143
2018,8,00-0027150,J.Edelman,WR,NE,BUF,0,0,0.0,0,0.0,0.0,0.0,2,13.0,0,10,9,104.0,0,11.7,20.7,,,70.0,200.0,32.48642105263158,9.0,Kent State,2009.0,2009.0,NE,232.0,,0.24390244
2018,9,00-0027150,J.Edelman,WR,NE,GB,1,1,37.0,0,0.0,0.0,-0.0,2,28.0,0,10,6,71.0,0,11.38,17.38,,,70.0,200.0,32.48642105263158,9.0,Kent State,2009.0,2009.0,NE,232.0,14.0,0.2857143
2018,10,00-0027150,J.Edelman,WR,NE,TEN,1,1,6.0,0,0.0,0.0,-0.0,0,0.0,0,12,9,104.0,0,10.64,19.64,,,70.0,200.0,32.48642105263158,9.0,Kent State,2009.0,2009.0,NE,232.0,,0.3
2018,12,00-0027150,J.Edelman,WR,NE,NYJ,0,0,0.0,0,0.0,0.0,0.0,0,0.0,0,5,4,84.0,1,14.4,18.4,,,70.0,200.0,32.48642105263158,9.0,Kent State,2009.0,2009.0,NE,232.0,,0.16666667
2018,13,00-0027150,J.Edelman,WR,NE,MIN,0,0,0.0,0,0.0,0.0,0.0,2,35.0,0,8,3,25.0,0,6.0,9.0,,,70.0,200.0,32.48642105263158,9.0,Kent State,2009.0,2009.0,NE,232.0,14.0,0.25
2018,14,00-0027150,J.Edelman,WR,NE,MIA,0,0,0.0,0,0.0,0.0,0.0,0,0.0,0,12,9,86.0,1,14.6,23.6,,,70.0,200.0,32.48642105263158,9.0,Kent State,2009.0,2009.0,NE,232.0,,0.30769232
2018,15,00-0027150,J.Edelman,WR,NE,PIT,0,0,0.0,0,0.0,0.0,0.0,0,0.0,0,11,7,90.0,0,9.0,16.0,,,70.0,200.0,32.48642105263158,9.0,Kent State,2009.0,2009.0,NE,232.0,,0.30555555
2018,16,00-0027150,J.Edelman,WR,NE,BUF,0,0,0.0,0,0.0,0.0,0.0,0,0.0,0,10,6,70.0,1,13.0,19.0,,,70.0,200.0,32.48642105263158,9.0,Kent State,2009.0,2009.0,NE,232.0,12.0,0.41666666
2018,17,00-0027150,J.Edelman,WR,NE,NYJ,0,0,0.0,0,0.0,0.0,0.0,2,24.0,0,6,5,69.0,1,15.3,20.3,,,70.0,200.0,32.48642105263158,9.0,Kent State,2009.0,2009.0,NE,232.0,35.0,0.1875
2018,19,00-0027150,J.Edelman,WR,NE,LAC,0,0,0.0,0,0.0,0.0,0.0,1,7.0,0,13,9,151.0,0,15.8,24.8,,,70.0,200.0,32.48642105263158,9.0,Kent State,2009.0,2009.0,NE,232.0,13.0,0.29545453
2018,20,00-0027150,J.Edelman,WR,NE,KC,0,0,0.0,0,0.0,0.0,0.0,0,0.0,0,10,7,96.0,0,9.6,16.6,,,70.0,200.0,32.48642105263158,9.0,Kent State,2009.0,2009.0,NE,232.0,,0.2173913
2018,21,00-0027150,J.Edelman,WR,NE,LA,0,0,0.0,0,0.0,0.0,0.0,1,8.0,0,12,10,141.0,0,14.9,24.9,,,70.0,200.0,32.48642105263158,9.0,Kent State,2009.0,2009.0,NE,232.0,,0.34285715
2018,2,00-0027215,L.Paulsen,TE,ATL,CAR,0,0,0.0,0,0.0,0.0,0.0,0,0.0,0,1,1,10.0,0,1.0,2.0,,,77.0,268.0,31.688187499999998,8.0,UCLA,2010.0,2010.0,,,7.0,0.035714287
2018,3,00-0027215,L.Paulsen,TE,ATL,NO,0,0,0.0,0,0.0,0.0,0.0,0,0.0,0,1,1,11.0,0,1.1,2.1,,,77.0,268.0,31.688187499999998,8.0,UCLA,2010.0,2010.0,,,-6.0,0.029411765
2018,4,00-0027215,L.Paulsen,TE,ATL,CIN,0,0,0.0,0,0.0,0.0,0.0,0,0.0,0,1,1,17.0,1,7.7,8.7,,,77.0,268.0,31.688187499999998,8.0,UCLA,2010.0,2010.0,,,-1.0,0.02631579
2018,10,00-0027215,L.Paulsen,TE,ATL,CLE,0,0,0.0,0,0.0,0.0,0.0,0,0.0,0,2,2,13.0,0,1.3,3.3,,,77.0,268.0,31.688187499999998,8.0,UCLA,2010.0,2010.0,,,,0.039215688
2018,11,00-0027215,L.Paulsen,TE,ATL,DAL,0,0,0.0,0,0.0,0.0,0.0,0,0.0,0,2,2,19.0,0,1.9,3.9,,,77.0,268.0,31.688187499999998,8.0,UCLA,2010.0,2010.0,,,-3.0,0.05882353
2018,12,00-0027215,L.Paulsen,TE,ATL,NO,0,0,0.0,0,0.0,0.0,0.0,0,0.0,0,1,1,2.0,0,0.2,1.2,,,77.0,268.0,31.688187499999998,8.0,UCLA,2010.0,2010.0,,,,0.021276595
2018,17,00-0027215,L.Paulsen,TE,ATL,TB,0,0,0.0,0,0.0,0.0,0.0,0,0.0,0,1,1,19.0,0,1.9,2.9,,,77.0,268.0,31.688187499999998,8.0,UCLA,2010.0,2010.0,,,,0.023255814
2018,1,00-0027325,L.Blount,RB,DET,NYJ,0,0,0.0,0,0.0,0.0,0.0,4,-3.0,0,0,0,0.0,0,-0.3,-0.3,,,72.0,250.0,31.91825,8.0,Oregon,2010.0,2010.0,,,-31.0,
2018,2,00-0027325,L.Blount,RB,DET,SF,0,0,0.0,0,0.0,0.0,0.0,8,38.0,0,1,1,-3.0,0,3.5,4.5,,,72.0,250.0,31.91825,8.0,Oregon,2010.0,2010.0,,,,0.01923077
2018,3,00-0027325,L.Blount,RB,DET,NE,0,0,0.0,0,0.0,0.0,0.0,16,48.0,0,2,2,17.0,0,6.5,8.5,,,72.0,250.0,31.91825,8.0,Oregon,2010.0,2010.0,,,16.0,0.057142857
2018,4,00-0027325,L.Blount,RB,DET,DAL,0,0,0.0,0,0.0,0.0,0.0,7,12.0,0,0,0,0.0,0,1.2,1.2,,,72.0,250.0,31.91825,8.0,Oregon,2010.0,2010.0,,,,
2018,5,00-0027325,L.Blount,RB,DET,GB,0,0,0.0,0,0.0,0.0,0.0,12,22.0,2,0,0,0.0,0,14.2,14.2,,,72.0,250.0,31.91825,8.0,Oregon,2010.0,2010.0,,,8.0,
2018,7,00-0027325,L.Blount,RB,DET,MIA,0,0,0.0,0,0.0,0.0,0.0,10,50.0,1,0,0,0.0,0,11.0,11.0,,,72.0,250.0,31.91825,8.0,Oregon,2010.0,2010.0,,,,
2018,8,00-0027325,L.Blount,RB,DET,SEA,0,0,0.0,0,0.0,0.0,0.0,3,3.0,0,1,1,23.0,0,2.6,3.6,,,72.0,250.0,31.91825,8.0,Oregon,2010.0,2010.0,,,-14.0,0.025641026
2018,9,00-0027325,L.Blount,RB,DET,MIN,0,0,0.0,0,0.0,0.0,0.0,5,8.0,0,1,1,2.0,0,1.0,2.0,,,72.0,250.0,31.91825,8.0,Oregon,2010.0,2010.0,,,,0.029411765
2018,10,00-0027325,L.Blount,RB,DET,CHI,0,0,0.0,0,0.0,0.0,0.0,6,4.0,0,0,0,0.0,0,0.4,0.4,,,72.0,250.0,31.91825,8.0,Oregon,2010.0,2010.0,,,,
2018,11,00-0027325,L.Blount,RB,DET,CAR,0,0,0.0,0,0.0,0.0,0.0,7,1.0,0,0,0,0.0,0,0.1,0.1,,,72.0,250.0,31.91825,8.0,Oregon,2010.0,2010.0,,,1.0,
2018,12,00-0027325,L.Blount,RB,DET,CHI,0,0,0.0,0,0.0,0.0,0.0,19,88.0,2,1,1,15.0,0,22.3,23.3,,,72.0,250.0,31.91825,8.0,Oregon,2010.0,2010.0,,,-7.0,0.027027028
2018,13,00-0027325,L.Blount,RB,DET,LA,0,0,0.0,0,0.0,0.0,0.0,16,61.0,0,1,0,0.0,0,6.1,6.1,,,72.0,250.0,31.91825,8.0,Oregon,2010.0,2010.0,,,-14.0,0.030303031
2018,14,00-0027325,L.Blount,RB,DET,ARI,0,0,0.0,0,0.0,0.0,0.0,12,33.0,0,3,2,18.0,0,3.1,5.1,,,72.0,250.0,31.91825,8.0,Oregon,2010.0,2010.0,,,,0.13636364
2018,15,00-0027325,L.Blount,RB,DET,BUF,0,0,0.0,0,0.0,0.0,0.0,7,9.0,0,1,0,0.0,0,0.9,0.9,,,72.0,250.0,31.91825,8.0,Oregon,2010.0,2010.0,,,,0.035714287
2018,16,00-0027325,L.Blount,RB,DET,MIN,0,0,0.0,0,0.0,0.0,0.0,11,29.0,0,4,2,-5.0,0,2.4,4.4,,,72.0,250.0,31.91825,8.0,Oregon,2010.0,2010.0,,,-18.0,0.0952381
2018,17,00-0027325,L.Blount,RB,DET,GB,0,0,0.0,0,0.0,0.0,0.0,11,15.0,0,0,0,0.0,0,1.5,1.5,,,72.0,250.0,31.91825,8.0,Oregon,2010.0,2010.0,,,,
2018,8,00-0027440,S.Shields,CB,LA,GB,0,0,0.0,0,0.0,0.0,0.0,0,0.0,0,1,1,12.0,0,1.2,2.2,,,71.0,184.0,30.938631578947373,8.0,Miami (Fla.),2010.0,2010.0,,,2.0,0.03125
2018,20,00-0027440,S.Shields,CB,LA,NO,0,0,0.0,0,0.0,0.0,0.0,0,0.0,0,1,1,12.0,0,1.2,2.2,,,71.0,184.0,30.938631578947373,8.0,Miami (Fla.),2010.0,2010.0,,,,0.025641026
2018,1,00-0027531,C.Ivory,RB,BUF,BAL,0,0,0.0,0,0.0,0.0,0.0,3,3.0,0,0,0,0.0,0,0.3,0.3,,,72.0,223.0,30.617875,8.0,Tiffin University,2010.0,2010.0,,,,
2018,2,00-0027531,C.Ivory,RB,BUF,LAC,0,0,0.0,0,0.0,0.0,0.0,2,7.0,1,1,0,0.0,0,6.7,6.7,,,72.0,223.0,30.617875,8.0,Tiffin University,2010.0,2010.0,,,-11.0,0.03125
2018,3,00-0027531,C.Ivory,RB,BUF,MIN,0,0,0.0,0,0.0,0.0,0.0,20,56.0,0,4,3,70.0,0,12.6,15.6,,,72.0,223.0,30.617875,8.0,Tiffin University,2010.0,2010.0,,,,0.18181819
2018,4,00-0027531,C.Ivory,RB,BUF,GB,0,0,0.0,0,0.0,0.0,0.0,6,15.0,0,0,0,0.0,0,1.5,1.5,,,72.0,223.0,30.617875,8.0,Tiffin University,2010.0,2010.0,,,,
2018,5,00-0027531,C.Ivory,RB,BUF,TEN,0,0,0.0,0,0.0,0.0,0.0,14,43.0,0,0,0,0.0,0,4.3,4.3,,,72.0,223.0,30.617875,8.0,Tiffin University,2010.0,2010.0,,,1.0,
2018,6,00-0027531,C.Ivory,RB,BUF,HOU,0,0,0.0,0,0.0,0.0,0.0,6,5.0,0,1,1,4.0,0,0.9,1.9,,,72.0,223.0,30.617875,8.0,Tiffin University,2010.0,2010.0,,,,0.03448276
2018,7,00-0027531,C.Ivory,RB,BUF,IND,0,0,0.0,0,0.0,0.0,0.0,16,81.0,0,6,3,25.0,0,10.6,13.6,,,72.0,223.0,30.617875,8.0,Tiffin University,2010.0,2010.0,,,,0.19354838
2018,8,00-0027531,C.Ivory,RB,BUF,NE,0,0,0.0,0,0.0,0.0,0.0,6,34.0,0,2,1,11.0,0,4.5,5.5,,,72.0,223.0,30.617875,8.0,Tiffin University,2010.0,2010.0,,,-19.0,0.05
2018,9,00-0027531,C.Ivory,RB,BUF,CHI,0,0,0.0,0,0.0,0.0,0.0,7,36.0,0,4,3,19.0,0,5.5,8.5,,,72.0,223.0,30.617875,8.0,Tiffin University,2010.0,2010.0,,,-32.0,0.08510638
2018,12,00-0027531,C.Ivory,RB,BUF,JAX,0,0,0.0,0,0.0,0.0,0.0,3,14.0,0,0,0,0.0,0,1.4,1.4,,,72.0,223.0,30.617875,8.0,Tiffin University,2010.0,2010.0,,,3.0,
2018,13,00-0027531,C.Ivory,RB,BUF,MIA,0,0,0.0,0,0.0,0.0,0.0,6,4.0,0,0,0,0.0,0,0.4,0.4,,,72.0,223.0,30.617875,8.0,Tiffin University,2010.0,2010.0,,,,
2018,14,00-0027531,C.Ivory,RB,BUF,NYJ,0,0,0.0,0,0.0,0.0,0.0,12,42.0,0,1,0,0.0,0,4.2,4.2,,,72.0,223.0,30.617875,8.0,Tiffin University,2010.0,2010.0,,,-4.0,0.028571429
2018,17,00-0027531,C.Ivory,RB,BUF,MIA,0,0,0.0,0,0.0,0.0,0.0,14,45.0,0,1,1,46.0,0,9.1,10.1,,,72.0,223.0,30.617875,8.0,Tiffin University,2010.0,2010.0,,,25.0,0.041666668
2018,1,00-0027656,R.Gronkowski,TE,NE,HOU,0,0,0.0,0,0.0,0.0,0.0,0,0.0,0,8,7,123.0,1,16.3,23.3,,,78.0,265.0,29.507736842105267,8.0,Arizona,2010.0,2010.0,NE,42.0,7.0,0.20512821
2018,2,00-0027656,R.Gronkowski,TE,NE,JAX,0,0,0.0,0,0.0,0.0,0.0,0,0.0,0,4,2,15.0,0,1.5,3.5,,,78.0,265.0,29.507736842105267,8.0,Arizona,2010.0,2010.0,NE,42.0,,0.114285715
2018,3,00-0027656,R.Gronkowski,TE,NE,DET,0,0,0.0,0,0.0,0.0,0.0,0,0.0,0,5,4,51.0,0,5.1,9.1,,,78.0,265.0,29.507736842105267,8.0,Arizona,2010.0,2010.0,NE,42.0,,0.20833333
2018,4,00-0027656,R.Gronkowski,TE,NE,MIA,0,0,0.0,0,0.0,0.0,0.0,0,0.0,0,7,4,44.0,0,4.4,8.4,,,78.0,265.0,29.507736842105267,8.0,Arizona,2010.0,2010.0,NE,42.0,31.0,0.2
2018,5,00-0027656,R.Gronkowski,TE,NE,IND,0,0,0.0,0,0.0,0.0,0.0,0,0.0,0,7,6,75.0,0,7.5,13.5,,,78.0,265.0,29.507736842105267,8.0,Arizona,2010.0,2010.0,NE,42.0,14.0,0.1590909
2018,6,00-0027656,R.Gronkowski,TE,NE,KC,0,0,0.0,0,0.0,0.0,0.0,0,0.0,0,4,3,97.0,0,9.7,12.7,,,78.0,265.0,29.507736842105267,8.0,Arizona,2010.0,2010.0,NE,42.0,3.0,0.114285715
2018,8,00-0027656,R.Gronkowski,TE,NE,BUF,0,0,0.0,0,0.0,0.0,0.0,0,0.0,0,8,3,43.0,0,4.3,7.3,,,78.0,265.0,29.507736842105267,8.0,Arizona,2010.0,2010.0,NE,42.0,,0.19512194
2018,12,00-0027656,R.Gronkowski,TE,NE,NYJ,0,0,0.0,0,0.0,0.0,0.0,0,0.0,0,7,3,56.0,1,11.6,14.6,,,78.0,265.0,29.507736842105267,8.0,Arizona,2010.0,2010.0,NE,42.0,,0.23333333
2018,13,00-0027656,R.Gronkowski,TE,NE,MIN,0,0,0.0,0,0.0,0.0,0.0,0,0.0,0,4,3,26.0,0,2.6,5.6,,,78.0,265.0,29.507736842105267,8.0,Arizona,2010.0,2010.0,NE,42.0,14.0,0.125
2018,14,00-0027656,R.Gronkowski,TE,NE,MIA,0,0,0.0,0,0.0,0.0,0.0,0,0.0,0,8,8,107.0,1,16.7,24.7,,,78.0,265.0,29.507736842105267,8.0,Arizona,2010.0,2010.0,NE,42.0,,0.20512821
2018,15,00-0027656,R.Gronkowski,TE,NE,PIT,0,0,0.0,0,0.0,0.0,0.0,0,0.0,0,5,2,21.0,0,2.1,4.1,,,78.0,265.0,29.507736842105267,8.0,Arizona,2010.0,2010.0,NE,42.0,,0.1388889
2018,16,00-0027656,R.Gronkowski,TE,NE,BUF,0,0,0.0,0,0.0,0.0,0.0,0,0.0,0,3,0,0.0,0,0.0,0.0,,,78.0,265.0,29.507736842105267,8.0,Arizona,2010.0,2010.0,NE,42.0,12.0,0.125
2018,17,00-0027656,R.Gronkowski,TE,NE,NYJ,0,0,0.0,0,0.0,0.0,0.0,0,0.0,0,2,2,24.0,0,2.4,4.4,,,78.0,265.0,29.507736842105267,8.0,Arizona,2010.0,2010.0,NE,42.0,35.0,0.0625
2018,19,00-0027656,R.Gronkowski,TE,NE,LAC,0,0,0.0,0,0.0,0.0,0.0,0,0.0,0,1,1,25.0,0,2.5,3.5,,,78.0,265.0,29.507736842105267,8.0,Arizona,2010.0,2010.0,NE,42.0,13.0,0.022727273
2018,20,00-0027656,R.Gronkowski,TE,NE,KC,0,0,0.0,0,0.0,0.0,0.0,0,0.0,0,11,6,79.0,0,7.9,13.9,,,78.0,265.0,29.507736842105267,8.0,Arizona,2010.0,2010.0,NE,42.0,,0.23913044
2018,21,00-0027656,R.Gronkowski,TE,NE,LA,0,0,0.0,0,0.0,0.0,0.0,0,0.0,0,7,6,87.0,0,8.7,14.7,,,78.0,265.0,29.507736842105267,8.0,Arizona,2010.0,2010.0,NE,42.0,,0.2
2018,8,00-0027675,E.Dickson,TE,SEA,DET,0,0,0.0,0,0.0,0.0,0.0,0,0.0,0,2,2,54.0,1,11.4,13.4,,,76.0,250.0,31.292058823529413,8.0,Oregon,2010.0,2010.0,BAL,70.0,,0.11764706
2018,9,00-0027675,E.Dickson,TE,SEA,LAC,0,0,0.0,0,0.0,0.0,0.0,0,0.0,0,1,0,0.0,0,0.0,0.0,,,76.0,250.0,31.292058823529413,8.0,Oregon,2010.0,2010.0,BAL,70.0,-8.0,0.027027028
2018,10,00-0027675,E.Dickson,TE,SEA,LA,0,0,0.0,0,0.0,0.0,0.0,0,0.0,0,1,1,24.0,0,2.4,3.4,,,76.0,250.0,31.292058823529413,8.0,Oregon,2010.0,2010.0,BAL,70.0,,0.04347826
2018,11,00-0027675,E.Dickson,TE,SEA,GB,0,0,0.0,0,0.0,0.0,0.0,0,0.0,0,1,1,15.0,1,7.5,8.5,,,76.0,250.0,31.292058823529413,8.0,Oregon,2010.0,2010.0,BAL,70.0,3.0,0.03448276
2018,12,00-0027675,E.Dickson,TE,SEA,CAR,0,0,0.0,0,0.0,0.0,0.0,0,0.0,0,2,2,13.0,0,1.3,3.3,,,76.0,250.0,31.292058823529413,8.0,Oregon,2010.0,2010.0,BAL,70.0,,0.071428575
2018,14,00-0027675,E.Dickson,TE,SEA,MIN,0,0,0.0,0,0.0,0.0,0.0,0,0.0,0,1,1,4.0,0,0.4,1.4,,,76.0,250.0,31.292058823529413,8.0,Oregon,2010.0,2010.0,BAL,70.0,14.0,0.0625
2018,15,00-0027675,E.Dickson,TE,SEA,SF,0,0,0.0,0,0.0,0.0,0.0,0,0.0,0,2,2,14.0,0,1.4,3.4,,,76.0,250.0,31.292058823529413,8.0,Oregon,2010.0,2010.0,BAL,70.0,,0.071428575
2018,16,00-0027675,E.Dickson,TE,SEA,KC,0,0,0.0,0,0.0,0.0,0.0,0,0.0,0,3,3,19.0,1,7.9,10.9,,,76.0,250.0,31.292058823529413,8.0,Oregon,2010.0,2010.0,BAL,70.0,7.0,0.11111111
2018,17,00-0027675,E.Dickson,TE,SEA,ARI,0,0,0.0,0,0.0,0.0,0.0,1,9.0,0,0,0,0.0,0,0.9,0.9,,,76.0,250.0,31.292058823529413,8.0,Oregon,2010.0,2010.0,BAL,70.0,3.0,
2018,18,00-0027675,E.Dickson,TE,SEA,DAL,0,0,0.0,0,0.0,0.0,0.0,0,0.0,0,5,4,42.0,0,4.2,8.2,,,76.0,250.0,31.292058823529413,8.0,Oregon,2010.0,2010.0,BAL,70.0,,0.18518518
2018,8,00-0027681,B.LaFell,WR,LV,IND,0,0,0.0,0,0.0,0.0,0.0,0,0.0,0,4,3,39.0,1,9.9,12.9,,,75.0,210.0,32.0021875,8.0,LSU,2010.0,2010.0,CAR,78.0,,0.14285715
2018,9,00-0027681,B.LaFell,WR,LV,SF,0,0,0.0,0,0.0,0.0,0.0,0,0.0,0,3,3,20.0,0,2.0,5.0,,,75.0,210.0,32.0021875,8.0,LSU,2010.0,2010.0,CAR,78.0,,0.14285715
2018,10,00-0027681,B.LaFell,WR,LV,LAC,0,0,0.0,0,0.0,0.0,0.0,0,0.0,0,6,4,47.0,0,4.7,8.7,,,75.0,210.0,32.0021875,8.0,LSU,2010.0,2010.0,CAR,78.0,,0.17142858
2018,11,00-0027681,B.LaFell,WR,LV,ARI,0,0,0.0,0,0.0,0.0,0.0,0,0.0,0,3,2,29.0,1,8.9,10.9,,,75.0,210.0,32.0021875,8.0,LSU,2010.0,2010.0,CAR,78.0,,0.10714286
2018,1,00-0027685,E.Sanders,WR,DEN,SEA,0,0,0.0,0,0.0,0.0,0.0,0,0.0,0,11,10,135.0,1,19.5,29.5,,,71.0,180.0,31.634375,8.0,Southern Methodist,2010.0,2010.0,PIT,82.0,3.0,0.2820513
2018,2,00-0027685,E.Sanders,WR,DEN,LV,0,0,0.0,0,0.0,0.0,0.0,0,0.0,0,4,4,96.0,0,9.6,13.6,,,71.0,180.0,31.634375,8.0,Southern Methodist,2010.0,2010.0,PIT,82.0,1.0,0.11764706
2018,3,00-0027685,E.Sanders,WR,DEN,BAL,0,0,0.0,0,0.0,0.0,0.0,1,35.0,1,8,5,38.0,0,13.3,18.3,,,71.0,180.0,31.634375,8.0,Southern Methodist,2010.0,2010.0,PIT,82.0,,0.23529412
2018,4,00-0027685,E.Sanders,WR,DEN,KC,0,0,0.0,0,0.0,0.0,0.0,1,18.0,0,7,5,45.0,0,6.3,11.3,,,71.0,180.0,31.634375,8.0,Southern Methodist,2010.0,2010.0,PIT,82.0,-4.0,0.21212122
2018,5,00-0027685,E.Sanders,WR,DEN,NYJ,0,0,0.0,0,0.0,0.0,0.0,0,0.0,0,14,9,72.0,0,7.2,16.2,,,71.0,180.0,31.634375,8.0,Southern Methodist,2010.0,2010.0,PIT,82.0,,0.27450982
2018,6,00-0027685,E.Sanders,WR,DEN,LA,0,0,0.0,0,0.0,0.0,0.0,0,0.0,0,10,7,115.0,1,17.5,24.5,,,71.0,180.0,31.634375,8.0,Southern Methodist,2010.0,2010.0,PIT,82.0,-3.0,0.25641027
2018,7,00-0027685,E.Sanders,WR,DEN,ARI,1,1,28.0,1,0.0,0.0,-0.0,0,0.0,0,7,6,102.0,1,21.32,27.32,,,71.0,180.0,31.634375,8.0,Southern Methodist,2010.0,2010.0,PIT,82.0,,0.36842105
2018,8,00-0027685,E.Sanders,WR,DEN,KC,0,0,0.0,0,0.0,0.0,0.0,1,-6.0,0,4,4,57.0,0,5.1,9.1,,,71.0,180.0,31.634375,8.0,Southern Methodist,2010.0,2010.0,PIT,82.0,,0.121212125
2018,9,00-0027685,E.Sanders,WR,DEN,HOU,0,0,0.0,0,0.0,0.0,0.0,0,0.0,0,9,6,47.0,0,4.7,10.7,,,71.0,180.0,31.634375,8.0,Southern Methodist,2010.0,2010.0,PIT,82.0,-2.0,0.23684211
2018,11,00-0027685,E.Sanders,WR,DEN,LAC,0,0,0.0,0,0.0,0.0,0.0,1,6.0,0,6,4,56.0,0,6.2,10.2,,,71.0,180.0,31.634375,8.0,Southern Methodist,2010.0,2010.0,PIT,82.0,,0.19354838
2018,12,00-0027685,E.Sanders,WR,DEN,PIT,0,0,0.0,0,0.0,0.0,0.0,0,0.0,0,12,7,86.0,1,14.6,21.6,,,71.0,180.0,31.634375,8.0,Southern Methodist,2010.0,2010.0,PIT,82.0,7.0,0.42857143
2018,13,00-0027685,E.Sanders,WR,DEN,CIN,0,0,0.0,0,0.0,0.0,0.0,0,0.0,0,6,4,19.0,0,1.9,5.9,,,71.0,180.0,31.634375,8.0,Southern Methodist,2010.0,2010.0,PIT,82.0,,0.31578946
2018,11,00-0027688,C.McCoy,QB,WAS,HOU,6,12,54.0,1,0.0,2.0,13.0,5,35.0,0,0,0,0.0,0,9.66,9.66,,,73.0,215.0,32.1699375,8.0,Texas,2010.0,2010.0,CLE,85.0,-2.0,
2018,12,00-0027688,C.McCoy,QB,WAS,DAL,24,38,268.0,2,3.0,3.0,17.0,5,28.0,0,0,0,0.0,0,15.52,15.52,,,73.0,215.0,32.1699375,8.0,Texas,2010.0,2010.0,CLE,85.0,,
2018,13,00-0027688,C.McCoy,QB,WAS,PHI,4,4,50.0,0,0.0,1.0,6.0,0,0.0,0,0,0,0.0,0,2.0,2.0,,,73.0,215.0,32.1699375,8.0,Texas,2010.0,2010.0,CLE,85.0,,
2018,1,00-0027691,A.Roberts,WR,NYJ,DET,0,0,0.0,0,0.0,0.0,0.0,1,2.0,0,0,0,0.0,0,6.2,6.2,,,71.0,192.0,30.817,8.0,Citadel,2010.0,2010.0,ARI,88.0,,
2018,5,00-0027691,A.Roberts,WR,NYJ,DEN,0,0,0.0,0,0.0,0.0,0.0,0,0.0,0,2,1,4.0,0,0.4,1.4,,,71.0,192.0,30.817,8.0,Citadel,2010.0,2010.0,ARI,88.0,18.0,0.09090909
2018,7,00-0027691,A.Roberts,WR,NYJ,MIN,0,0,0.0,0,0.0,0.0,0.0,0,0.0,0,6,2,21.0,0,2.1,4.1,,,71.0,192.0,30.817,8.0,Citadel,2010.0,2010.0,ARI,88.0,-20.0,0.14285715
2018,8,00-0027691,A.Roberts,WR,NYJ,CHI,0,0,0.0,0,0.0,0.0,0.0,0,0.0,0,1,0,0.0,0,0.0,0.0,,,71.0,192.0,30.817,8.0,Citadel,2010.0,2010.0,ARI,88.0,,0.04
2018,13,00-0027691,A.Roberts,WR,NYJ,TEN,0,0,0.0,0,0.0,0.0,0.0,1,18.0,0,1,1,10.0,0,2.8,3.8,,,71.0,192.0,30.817,8.0,Citadel,2010.0,2010.0,ARI,88.0,,0.033333335
2018,15,00-0027691,A.Roberts,WR,NYJ,HOU,0,0,0.0,0,0.0,0.0,0.0,0,0.0,0,4,3,16.0,1,7.6,10.6,,,71.0,192.0,30.817,8.0,Citadel,2010.0,2010.0,ARI,88.0,-7.0,0.114285715
2018,16,00-0027691,A.Roberts,WR,NYJ,GB,0,0,0.0,0,0.0,0.0,0.0,0,0.0,0,0,0,0.0,0,6.0,6.0,,,71.0,192.0,30.817,8.0,Citadel,2010.0,2010.0,ARI,88.0,-6.0,
2018,17,00-0027691,A.Roberts,WR,NYJ,NE,0,0,0.0,0,0.0,0.0,0.0,0,0.0,0,4,3,28.0,0,2.8,5.8,,,71.0,192.0,30.817,8.0,Citadel,2010.0,2010.0,ARI,88.0,,0.14285715
2018,1,00-0027696,J.Graham,TE,GB,CHI,0,0,0.0,0,0.0,0.0,0.0,0,0.0,0,4,2,8.0,0,0.8,2.8,,,79.0,265.0,31.9471875,8.0,Miami,2010.0,2010.0,NO,95.0,1.0,0.11111111
2018,2,00-0027696,J.Graham,TE,GB,MIN,0,0,0.0,0,0.0,0.0,0.0,0,0.0,0,8,6,95.0,0,9.5,15.5,,,79.0,265.0,31.9471875,8.0,Miami,2010.0,2010.0,NO,95.0,0.0,0.19512194
2018,3,00-0027696,J.Graham,TE,GB,WAS,0,0,0.0,0,0.0,0.0,0.0,0,0.0,0,7,5,45.0,0,4.5,9.5,,,79.0,265.0,31.9471875,8.0,Miami,2010.0,2010.0,NO,95.0,,0.15555556
2018,4,00-0027696,J.Graham,TE,GB,BUF,0,0,0.0,0,0.0,0.0,0.0,0,0.0,0,6,3,21.0,1,8.1,11.1,,,79.0,265.0,31.9471875,8.0,Miami,2010.0,2010.0,NO,95.0,22.0,0.15
2018,5,00-0027696,J.Graham,TE,GB,DET,0,0,0.0,0,0.0,0.0,0.0,0,0.0,0,10,6,76.0,0,7.6,13.6,,,79.0,265.0,31.9471875,8.0,Miami,2010.0,2010.0,NO,95.0,,0.2
2018,6,00-0027696,J.Graham,TE,GB,SF,0,0,0.0,0,0.0,0.0,0.0,0,0.0,0,9,5,104.0,0,10.4,15.4,,,79.0,265.0,31.9471875,8.0,Miami,2010.0,2010.0,NO,95.0,3.0,0.20454545
2018,8,00-0027696,J.Graham,TE,GB,LA,0,0,0.0,0,0.0,0.0,0.0,0,0.0,0,4,1,21.0,0,2.1,3.1,,,79.0,265.0,31.9471875,8.0,Miami,2010.0,2010.0,NO,95.0,,0.13333334
2018,9,00-0027696,J.Graham,TE,GB,NE,0,0,0.0,0,0.0,0.0,0.0,0,0.0,0,6,4,55.0,1,11.5,15.5,,,79.0,265.0,31.9471875,8.0,Miami,2010.0,2010.0,NO,95.0,,0.15384616
2018,10,00-0027696,J.Graham,TE,GB,MIA,0,0,0.0,0,0.0,0.0,0.0,0,0.0,0,1,1,14.0,0,1.4,2.4,,,79.0,265.0,31.9471875,8.0,Miami,2010.0,2010.0,NO,95.0,19.0,0.03846154
2018,11,00-0027696,J.Graham,TE,GB,SEA,0,0,0.0,0,0.0,0.0,0.0,0,0.0,0,1,1,13.0,0,1.3,2.3,,,79.0,265.0,31.9471875,8.0,Miami,2010.0,2010.0,NO,95.0,,0.03448276
2018,12,00-0027696,J.Graham,TE,GB,MIN,0,0,0.0,0,0.0,0.0,0.0,0,0.0,0,4,2,34.0,0,3.4,5.4,,,79.0,265.0,31.9471875,8.0,Miami,2010.0,2010.0,NO,95.0,,0.14814815
2018,13,00-0027696,J.Graham,TE,GB,ARI,0,0,0.0,0,0.0,0.0,0.0,0,0.0,0,11,8,50.0,0,5.0,13.0,,,79.0,265.0,31.9471875,8.0,Miami,2010.0,2010.0,NO,95.0,-3.0,0.22916667
2018,14,00-0027696,J.Graham,TE,GB,ATL,0,0,0.0,0,0.0,0.0,0.0,0,0.0,0,5,2,13.0,0,1.3,3.3,,,79.0,265.0,31.9471875,8.0,Miami,2010.0,2010.0,NO,95.0,14.0,0.16129032
2018,15,00-0027696,J.Graham,TE,GB,CHI,0,0,0.0,0,0.0,0.0,0.0,0,0.0,0,4,3,32.0,0,3.2,6.2,,,79.0,265.0,31.9471875,8.0,Miami,2010.0,2010.0,NO,95.0,,0.1
2018,16,00-0027696,J.Graham,TE,GB,NYJ,0,0,0.0,0,0.0,0.0,0.0,0,0.0,0,4,3,34.0,0,3.4,6.4,,,79.0,265.0,31.9471875,8.0,Miami,2010.0,2010.0,NO,95.0,,0.0754717
2018,17,00-0027696,J.Graham,TE,GB,DET,0,0,0.0,0,0.0,0.0,0.0,0,0.0,0,5,3,21.0,0,2.1,5.1,,,79.0,265.0,31.9471875,8.0,Miami,2010.0,2010.0,NO,95.0,-31.0,0.1388889
2018,1,00-0027793,A.Brown,WR,PIT,CLE,0,0,0.0,0,0.0,0.0,0.0,0,0.0,0,16,9,93.0,1,15.3,24.3,,,70.0,181.0,30.321,8.0,Central Michigan,2010.0,2010.0,PIT,195.0,,0.3902439
2018,2,00-0027793,A.Brown,WR,PIT,KC,0,0,0.0,0,0.0,0.0,0.0,0,0.0,0,17,9,67.0,0,6.7,15.7,,,70.0,181.0,30.321,8.0,Central Michigan,2010.0,2010.0,PIT,195.0,-5.0,0.28333333
2018,3,00-0027793,A.Brown,WR,PIT,TB,0,0,0.0,0,0.0,0.0,0.0,0,0.0,0,9,6,50.0,1,11.0,17.0,,,70.0,181.0,30.321,8.0,Central Michigan,2010.0,2010.0,PIT,195.0,,0.24324325
2018,4,00-0027793,A.Brown,WR,PIT,BAL,0,0,0.0,0,0.0,0.0,0.0,0,0.0,0,11,5,62.0,1,12.2,17.2,,,70.0,181.0,30.321,8.0,Central Michigan,2010.0,2010.0,PIT,195.0,-12.0,0.23913044
2018,5,00-0027793,A.Brown,WR,PIT,ATL,0,0,0.0,0,0.0,0.0,0.0,0,0.0,0,13,6,101.0,2,22.1,28.1,,,70.0,181.0,30.321,8.0,Central Michigan,2010.0,2010.0,PIT,195.0,24.0,0.44827586
2018,6,00-0027793,A.Brown,WR,PIT,CIN,0,0,0.0,0,0.0,0.0,0.0,0,0.0,0,6,5,105.0,1,16.5,21.5,,,70.0,181.0,30.321,8.0,Central Michigan,2010.0,2010.0,PIT,195.0,,0.13333334
2018,8,00-0027793,A.Brown,WR,PIT,CLE,0,0,0.0,0,0.0,0.0,0.0,0,0.0,0,8,6,74.0,2,19.4,25.4,,,70.0,181.0,30.321,8.0,Central Michigan,2010.0,2010.0,PIT,195.0,15.0,0.24242425
2018,9,00-0027793,A.Brown,WR,PIT,BAL,0,0,0.0,0,0.0,0.0,0.0,0,0.0,0,10,5,42.0,1,10.2,15.2,,,70.0,181.0,30.321,8.0,Central Michigan,2010.0,2010.0,PIT,195.0,,0.2173913
2018,10,00-0027793,A.Brown,WR,PIT,CAR,0,0,0.0,0,0.0,0.0,0.0,0,0.0,0,6,6,96.0,1,15.6,21.6,,,70.0,181.0,30.321,8.0,Central Michigan,2010.0,2010.0,PIT,195.0,31.0,0.22222222
2018,11,00-0027793,A.Brown,WR,PIT,JAX,0,0,0.0,0,0.0,0.0,0.0,0,0.0,0,13,5,117.0,1,17.7,22.7,,,70.0,181.0,30.321,8.0,Central Michigan,2010.0,2010.0,PIT,195.0,,0.2888889
2018,12,00-0027793,A.Brown,WR,PIT,DEN,0,1,0.0,0,0.0,0.0,-0.0,0,0.0,0,13,9,67.0,0,6.7,15.7,,,70.0,181.0,30.321,8.0,Central Michigan,2010.0,2010.0,PIT,195.0,,0.22413793
2018,13,00-0027793,A.Brown,WR,PIT,LAC,0,0,0.0,0,0.0,0.0,0.0,0,0.0,0,13,10,154.0,1,21.4,31.4,,,70.0,181.0,30.321,8.0,Central Michigan,2010.0,2010.0,PIT,195.0,-3.0,0.2888889
2018,14,00-0027793,A.Brown,WR,PIT,LV,0,0,0.0,0,0.0,0.0,0.0,0,0.0,0,7,5,35.0,0,3.5,8.5,,,70.0,181.0,30.321,8.0,Central Michigan,2010.0,2010.0,PIT,195.0,,0.1891892
2018,15,00-0027793,A.Brown,WR,PIT,NE,0,0,0.0,0,0.0,0.0,0.0,0,0.0,0,7,4,49.0,1,10.9,14.9,,,70.0,181.0,30.321,8.0,Central Michigan,2010.0,2010.0,PIT,195.0,7.0,0.21212122
2018,16,00-0027793,A.Brown,WR,PIT,NO,0,0,0.0,0,0.0,0.0,0.0,0,0.0,0,19,14,185.0,2,30.5,44.5,,,70.0,181.0,30.321,8.0,Central Michigan,2010.0,2010.0,PIT,195.0,,0.3877551
2018,14,00-0027796,J.Webb,QB,HOU,IND,0,0,0.0,0,0.0,0.0,0.0,0,0.0,0,3,2,13.0,0,1.3,3.3,,,76.0,230.0,31.98094117647059,8.0,Alabama-Birmingham,2010.0,2010.0,MIN,199.0,-3.0,0.078947365
2018,1,00-0027854,S.Bradford,QB,ARI,WAS,20,34,153.0,0,1.0,2.0,8.0,2,7.0,0,0,0,0.0,0,2.82,2.82,,,76.0,224.0,30.98925,8.0,Oklahoma,2010.0,2010.0,STL,1.0,-18.0,
2018,2,00-0027854,S.Bradford,QB,ARI,LA,17,27,90.0,0,1.0,1.0,7.0,0,0.0,0,0,0,0.0,0,1.6,1.6,,,76.0,224.0,30.98925,8.0,Oklahoma,2010.0,2010.0,STL,1.0,,
2018,3,00-0027854,S.Bradford,QB,ARI,CHI,13,19,157.0,2,2.0,3.0,18.0,0,0.0,0,0,0,0.0,0,8.28,8.28,,,76.0,224.0,30.98925,8.0,Oklahoma,2010.0,2010.0,STL,1.0,-2.0,
2018,3,00-0027873,J.Gresham,TE,ARI,CHI,0,0,0.0,0,0.0,0.0,0.0,0,0.0,0,2,1,9.0,0,0.9,1.9,,,77.0,260.0,30.3841875,8.0,Oklahoma,2010.0,2010.0,CIN,21.0,-2.0,0.08
2018,5,00-0027873,J.Gresham,TE,ARI,SF,0,0,0.0,0,0.0,0.0,0.0,0,0.0,0,1,1,11.0,0,1.1,2.1,,,77.0,260.0,30.3841875,8.0,Oklahoma,2010.0,2010.0,CIN,21.0,,0.04347826
2018,6,00-0027873,J.Gresham,TE,ARI,MIN,0,0,0.0,0,0.0,0.0,0.0,0,0.0,0,1,1,26.0,0,2.6,3.6,,,77.0,260.0,30.3841875,8.0,Oklahoma,2010.0,2010.0,CIN,21.0,,0.032258064
2018,8,00-0027873,J.Gresham,TE,ARI,SF,0,0,0.0,0,0.0,0.0,0.0,0,0.0,0,3,3,22.0,0,0.2,3.2,,,77.0,260.0,30.3841875,8.0,Oklahoma,2010.0,2010.0,CIN,21.0,3.0,0.08571429
2018,11,00-0027873,J.Gresham,TE,ARI,LV,0,0,0.0,0,0.0,0.0,0.0,0,0.0,0,2,1,8.0,0,0.8,1.8,,,77.0,260.0,30.3841875,8.0,Oklahoma,2010.0,2010.0,CIN,21.0,-2.0,0.10526316
2018,12,00-0027873,J.Gresham,TE,ARI,LAC,0,0,0.0,0,0.0,0.0,0.0,0,0.0,0,1,1,2.0,0,0.2,1.2,,,77.0,260.0,30.3841875,8.0,Oklahoma,2010.0,2010.0,CIN,21.0,,0.05882353
2018,14,00-0027873,J.Gresham,TE,ARI,DET,0,0,0.0,0,0.0,0.0,0.0,0,0.0,0,1,0,0.0,0,0.0,0.0,,,77.0,260.0,30.3841875,8.0,Oklahoma,2010.0,2010.0,CIN,21.0,-14.0,0.024390243
2018,15,00-0027873,J.Gresham,TE,ARI,ATL,0,0,0.0,0,0.0,0.0,0.0,0,0.0,0,1,1,16.0,0,1.6,2.6,,,77.0,260.0,30.3841875,8.0,Oklahoma,2010.0,2010.0,CIN,21.0,,0.028571429
2018,1,00-0027874,D.Thomas,WR,DEN,SEA,0,0,0.0,0,0.0,0.0,0.0,0,0.0,0,10,6,63.0,1,12.3,18.3,,,75.0,229.0,30.869588235294117,8.0,Georgia Tech,2010.0,2010.0,DEN,22.0,3.0,0.25641027
2018,2,00-0027874,D.Thomas,WR,DEN,LV,0,0,0.0,0,0.0,0.0,0.0,0,0.0,0,11,5,18.0,0,1.8,6.8,,,75.0,229.0,30.869588235294117,8.0,Georgia Tech,2010.0,2010.0,DEN,22.0,1.0,0.32352942
2018,3,00-0027874,D.Thomas,WR,DEN,BAL,0,0,0.0,0,0.0,0.0,0.0,0,0.0,0,5,5,63.0,0,6.3,11.3,,,75.0,229.0,30.869588235294117,8.0,Georgia Tech,2010.0,2010.0,DEN,22.0,,0.14705883
2018,4,00-0027874,D.Thomas,WR,DEN,KC,0,0,0.0,0,0.0,0.0,0.0,0,0.0,0,7,4,24.0,0,2.4,6.4,,,75.0,229.0,30.869588235294117,8.0,Georgia Tech,2010.0,2010.0,DEN,22.0,-4.0,0.21212122
2018,5,00-0027874,D.Thomas,WR,DEN,NYJ,0,0,0.0,0,0.0,0.0,0.0,0,0.0,0,6,5,105.0,1,16.5,21.5,,,75.0,229.0,30.869588235294117,8.0,Georgia Tech,2010.0,2010.0,DEN,22.0,,0.11764706
2018,6,00-0027874,D.Thomas,WR,DEN,LA,0,0,0.0,0,0.0,0.0,0.0,0,0.0,0,4,3,57.0,1,11.7,14.7,,,75.0,229.0,30.869588235294117,8.0,Georgia Tech,2010.0,2010.0,DEN,22.0,-3.0,0.102564104
2018,7,00-0027874,D.Thomas,WR,DEN,ARI,0,0,0.0,0,0.0,0.0,0.0,0,0.0,0,6,5,42.0,0,4.2,9.2,,,75.0,229.0,30.869588235294117,8.0,Georgia Tech,2010.0,2010.0,DEN,22.0,,0.31578946
2018,8,00-0027874,D.Thomas,WR,DEN,KC,0,0,0.0,0,0.0,0.0,0.0,0,0.0,0,7,3,30.0,0,3.0,6.0,,,75.0,229.0,30.869588235294117,8.0,Georgia Tech,2010.0,2010.0,DEN,22.0,,0.21212122
2018,9,00-0027874,D.Thomas,WR,HOU,DEN,0,0,0.0,0,0.0,0.0,0.0,0,0.0,0,3,3,61.0,0,6.1,9.1,,,75.0,229.0,30.869588235294117,8.0,Georgia Tech,2010.0,2010.0,DEN,22.0,,0.13043478
2018,11,00-0027874,D.Thomas,WR,HOU,WAS,0,0,0.0,0,0.0,0.0,0.0,0,0.0,0,1,0,0.0,0,0.0,0.0,,,75.0,229.0,30.869588235294117,8.0,Georgia Tech,2010.0,2010.0,DEN,22.0,,0.041666668
2018,12,00-0027874,D.Thomas,WR,HOU,TEN,0,0,0.0,0,0.0,0.0,0.0,0,0.0,0,5,4,38.0,2,15.8,19.8,,,75.0,229.0,30.869588235294117,8.0,Georgia Tech,2010.0,2010.0,DEN,22.0,17.0,0.2173913
2018,13,00-0027874,D.Thomas,WR,HOU,CLE,0,0,0.0,0,0.0,0.0,0.0,0,0.0,0,5,3,32.0,0,3.2,6.2,,,75.0,229.0,30.869588235294117,8.0,Georgia Tech,2010.0,2010.0,DEN,22.0,16.0,0.1724138
2018,14,00-0027874,D.Thomas,WR,HOU,IND,0,0,0.0,0,0.0,0.0,0.0,0,0.0,0,6,4,48.0,0,4.8,8.8,,,75.0,229.0,30.869588235294117,8.0,Georgia Tech,2010.0,2010.0,DEN,22.0,-3.0,0.15789473
2018,15,00-0027874,D.Thomas,WR,HOU,NYJ,0,0,0.0,0,0.0,0.0,0.0,0,0.0,0,8,6,59.0,0,5.9,11.9,,,75.0,229.0,30.869588235294117,8.0,Georgia Tech,2010.0,2010.0,DEN,22.0,,0.30769232
2018,16,00-0027874,D.Thomas,WR,HOU,PHI,0,0,0.0,0,0.0,0.0,0.0,0,0.0,0,5,3,37.0,0,3.7,6.7,,,75.0,229.0,30.869588235294117,8.0,Georgia Tech,2010.0,2010.0,DEN,22.0,,0.125
2018,1,00-0027891,G.Tate,WR,DET,NYJ,0,0,0.0,0,0.0,0.0,0.0,0,0.0,0,15,7,79.0,1,13.9,20.9,,,70.0,197.0,30.281000000000002,8.0,Notre Dame,2010.0,2010.0,SEA,60.0,-31.0,0.28846154
2018,2,00-0027891,G.Tate,WR,DET,SF,0,0,0.0,0,0.0,0.0,0.0,1,9.0,0,13,7,109.0,0,11.8,18.8,,,70.0,197.0,30.281000000000002,8.0,Notre Dame,2010.0,2010.0,SEA,60.0,,0.25
2018,3,00-0027891,G.Tate,WR,DET,NE,0,0,0.0,0,0.0,0.0,0.0,0,0.0,0,8,6,69.0,0,6.9,12.9,,,70.0,197.0,30.281000000000002,8.0,Notre Dame,2010.0,2010.0,SEA,60.0,16.0,0.22857143
2018,4,00-0027891,G.Tate,WR,DET,DAL,0,0,0.0,0,0.0,0.0,0.0,0,0.0,0,8,8,132.0,2,25.2,33.2,,,70.0,197.0,30.281000000000002,8.0,Notre Dame,2010.0,2010.0,SEA,60.0,,0.27586207
2018,5,00-0027891,G.Tate,WR,DET,GB,0,0,0.0,0,0.0,0.0,0.0,0,0.0,0,7,5,42.0,0,4.2,9.2,,,70.0,197.0,30.281000000000002,8.0,Notre Dame,2010.0,2010.0,SEA,60.0,8.0,0.26923078
2018,7,00-0027891,G.Tate,WR,DET,MIA,0,0,0.0,0,0.0,0.0,0.0,1,30.0,0,6,4,36.0,0,6.6,10.6,,,70.0,197.0,30.281000000000002,8.0,Notre Dame,2010.0,2010.0,SEA,60.0,,0.27272728
2018,8,00-0027891,G.Tate,WR,DET,SEA,0,0,0.0,0,0.0,0.0,0.0,1,3.0,0,12,7,50.0,0,5.3,12.3,,,70.0,197.0,30.281000000000002,8.0,Notre Dame,2010.0,2010.0,SEA,60.0,-14.0,0.30769232
2018,10,00-0027891,G.Tate,WR,PHI,DAL,0,0,0.0,0,0.0,0.0,0.0,0,0.0,0,4,2,19.0,0,1.9,3.9,,,70.0,197.0,30.281000000000002,8.0,Notre Dame,2010.0,2010.0,SEA,60.0,-7.0,0.093023255
2018,11,00-0027891,G.Tate,WR,PHI,NO,0,0,0.0,0,0.0,0.0,0.0,1,-8.0,0,8,5,48.0,0,4.0,9.0,,,70.0,197.0,30.281000000000002,8.0,Notre Dame,2010.0,2010.0,SEA,60.0,,0.24242425
2018,12,00-0027891,G.Tate,WR,PHI,NYG,0,0,0.0,0,0.0,0.0,0.0,0,0.0,0,8,4,30.0,0,3.0,7.0,,,70.0,197.0,30.281000000000002,8.0,Notre Dame,2010.0,2010.0,SEA,60.0,3.0,0.2857143
2018,13,00-0027891,G.Tate,WR,PHI,WAS,0,0,0.0,0,0.0,0.0,0.0,0,0.0,0,7,7,85.0,1,16.5,23.5,,,70.0,197.0,30.281000000000002,8.0,Notre Dame,2010.0,2010.0,SEA,60.0,15.0,0.18421052
2018,14,00-0027891,G.Tate,WR,PHI,DAL,0,0,0.0,0,0.0,0.0,0.0,0,0.0,0,3,1,7.0,0,0.7,1.7,,,70.0,197.0,30.281000000000002,8.0,Notre Dame,2010.0,2010.0,SEA,60.0,,0.09375
2018,15,00-0027891,G.Tate,WR,PHI,LA,0,0,0.0,0,0.0,0.0,0.0,0,0.0,0,5,5,43.0,0,4.3,9.3,,,70.0,197.0,30.281000000000002,8.0,Notre Dame,2010.0,2010.0,SEA,60.0,,0.16129032
2018,16,00-0027891,G.Tate,WR,PHI,HOU,0,0,0.0,0,0.0,0.0,0.0,0,0.0,0,3,2,13.0,0,1.3,3.3,,,70.0,197.0,30.281000000000002,8.0,Notre Dame,2010.0,2010.0,SEA,60.0,2.0,0.06122449
2018,17,00-0027891,G.Tate,WR,PHI,WAS,0,0,0.0,0,0.0,0.0,0.0,0,0.0,0,6,4,33.0,0,3.3,7.3,,,70.0,197.0,30.281000000000002,8.0,Notre Dame,2010.0,2010.0,SEA,60.0,,0.1764706
2018,18,00-0027891,G.Tate,WR,PHI,CHI,0,0,0.0,0,0.0,0.0,0.0,0,0.0,0,8,5,46.0,1,10.6,15.6,,,70.0,197.0,30.281000000000002,8.0,Notre Dame,2010.0,2010.0,SEA,60.0,,0.2
2018,19,00-0027891,G.Tate,WR,PHI,NO,0,0,0.0,0,0.0,0.0,0.0,0,0.0,0,5,2,18.0,0,1.8,3.8,,,70.0,197.0,30.281000000000002,8.0,Notre Dame,2010.0,2010.0,SEA,60.0,,0.16129032
2018,1,00-0027925,J.Develin,FB,NE,HOU,0,0,0.0,0,0.0,0.0,0.0,0,0.0,0,4,4,22.0,0,2.2,6.2,,,75.0,255.0,30.31536842105263,8.0,Brown,2010.0,2011.0,,,7.0,0.102564104
2018,2,00-0027925,J.Develin,FB,NE,JAX,0,0,0.0,0,0.0,0.0,0.0,0,0.0,0,1,0,0.0,0,0.0,0.0,,,75.0,255.0,30.31536842105263,8.0,Brown,2010.0,2011.0,,,,0.028571429
2018,4,00-0027925,J.Develin,FB,NE,MIA,0,0,0.0,0,0.0,0.0,0.0,0,0.0,0,1,0,0.0,0,0.0,0.0,,,75.0,255.0,30.31536842105263,8.0,Brown,2010.0,2011.0,,,31.0,0.028571429
2018,6,00-0027925,J.Develin,FB,NE,KC,0,0,0.0,0,0.0,0.0,0.0,0,0.0,0,2,2,3.0,0,0.3,2.3,,,75.0,255.0,30.31536842105263,8.0,Brown,2010.0,2011.0,,,3.0,0.057142857
2018,7,00-0027925,J.Develin,FB,NE,CHI,0,0,0.0,0,0.0,0.0,0.0,0,0.0,0,1,0,0.0,0,0.0,0.0,,,75.0,255.0,30.31536842105263,8.0,Brown,2010.0,2011.0,,,,0.028571429
2018,8,00-0027925,J.Develin,FB,NE,BUF,0,0,0.0,0,0.0,0.0,0.0,0,0.0,0,2,1,7.0,0,0.7,1.7,,,75.0,255.0,30.31536842105263,8.0,Brown,2010.0,2011.0,,,,0.048780486
2018,9,00-0027925,J.Develin,FB,NE,GB,0,0,0.0,0,0.0,0.0,0.0,0,0.0,0,2,1,0.0,0,0.0,1.0,,,75.0,255.0,30.31536842105263,8.0,Brown,2010.0,2011.0,,,14.0,0.057142857
2018,10,00-0027925,J.Develin,FB,NE,TEN,0,0,0.0,0,0.0,0.0,0.0,1,1.0,1,0,0,0.0,0,6.1,6.1,,,75.0,255.0,30.31536842105263,8.0,Brown,2010.0,2011.0,,,,
2018,13,00-0027925,J.Develin,FB,NE,MIN,0,0,0.0,0,0.0,0.0,0.0,4,5.0,2,1,1,9.0,0,13.4,14.4,,,75.0,255.0,30.31536842105263,8.0,Brown,2010.0,2011.0,,,14.0,0.03125
2018,14,00-0027925,J.Develin,FB,NE,MIA,0,0,0.0,0,0.0,0.0,0.0,1,2.0,1,0,0,0.0,0,6.2,6.2,,,75.0,255.0,30.31536842105263,8.0,Brown,2010.0,2011.0,,,,
2018,15,00-0027925,J.Develin,FB,NE,PIT,0,0,0.0,0,0.0,0.0,0.0,0,0.0,0,2,2,18.0,0,1.8,3.8,,,75.0,255.0,30.31536842105263,8.0,Brown,2010.0,2011.0,,,,0.055555556
2018,17,00-0027925,J.Develin,FB,NE,NYJ,0,0,0.0,0,0.0,0.0,0.0,0,0.0,0,1,1,2.0,0,0.2,1.2,,,75.0,255.0,30.31536842105263,8.0,Brown,2010.0,2011.0,,,35.0,0.03125
2018,19,00-0027925,J.Develin,FB,NE,LAC,0,0,0.0,0,0.0,0.0,0.0,2,5.0,0,0,0,0.0,0,0.5,0.5,,,75.0,255.0,30.31536842105263,8.0,Brown,2010.0,2011.0,,,13.0,
2018,20,00-0027925,J.Develin,FB,NE,KC,0,0,0.0,0,0.0,0.0,0.0,0,0.0,0,1,1,9.0,0,0.9,1.9,,,75.0,255.0,30.31536842105263,8.0,Brown,2010.0,2011.0,,,,0.02173913
2018,1,00-0027939,C.Newton,QB,CAR,DAL,17,26,161.0,0,0.0,3.0,15.0,13,58.0,1,0,0,0.0,0,18.24,18.24,,,77.0,245.0,29.489625,7.0,Auburn,2011.0,2011.0,CAR,1.0,8.0,
2018,2,00-0027939,C.Newton,QB,CAR,ATL,32,45,335.0,3,1.0,2.0,17.0,5,42.0,0,0,0,0.0,0,27.6,27.6,,,77.0,245.0,29.489625,7.0,Auburn,2011.0,2011.0,CAR,1.0,,
2018,3,00-0027939,C.Newton,QB,CAR,CIN,15,24,150.0,2,0.0,1.0,3.0,10,36.0,2,0,0,0.0,0,29.6,29.6,,,77.0,245.0,29.489625,7.0,Auburn,2011.0,2011.0,CAR,1.0,10.0,
2018,5,00-0027939,C.Newton,QB,CAR,NYG,21,35,237.0,2,2.0,1.0,5.0,8,29.0,0,0,0,0.0,0,16.38,16.38,,,77.0,245.0,29.489625,7.0,Auburn,2011.0,2011.0,CAR,1.0,2.0,
2018,6,00-0027939,C.Newton,QB,CAR,WAS,27,40,275.0,2,1.0,1.0,6.0,9,43.0,0,0,0,0.0,0,23.3,23.3,,,77.0,245.0,29.489625,7.0,Auburn,2011.0,2011.0,CAR,1.0,,
2018,7,00-0027939,C.Newton,QB,CAR,PHI,25,39,269.0,2,0.0,2.0,19.0,7,49.0,0,0,0,0.0,0,25.66,25.66,,,77.0,245.0,29.489625,7.0,Auburn,2011.0,2011.0,CAR,1.0,,
2018,8,00-0027939,C.Newton,QB,CAR,BAL,21,29,219.0,2,0.0,0.0,-0.0,10,52.0,1,0,0,0.0,0,27.96,27.96,,,77.0,245.0,29.489625,7.0,Auburn,2011.0,2011.0,CAR,1.0,15.0,
2018,9,00-0027939,C.Newton,QB,CAR,TB,19,25,247.0,2,0.0,2.0,19.0,11,33.0,0,0,0,0.0,0,21.18,21.18,,,77.0,245.0,29.489625,7.0,Auburn,2011.0,2011.0,CAR,1.0,14.0,
2018,10,00-0027939,C.Newton,QB,CAR,PIT,23,29,193.0,2,1.0,5.0,46.0,2,10.0,0,0,0,0.0,0,14.72,14.72,,,77.0,245.0,29.489625,7.0,Auburn,2011.0,2011.0,CAR,1.0,,
2018,11,00-0027939,C.Newton,QB,CAR,DET,25,37,357.0,3,1.0,3.0,26.0,2,2.0,0,0,0,0.0,0,24.48,24.48,,,77.0,245.0,29.489625,7.0,Auburn,2011.0,2011.0,CAR,1.0,,
2018,12,00-0027939,C.Newton,QB,CAR,SEA,25,30,256.0,2,1.0,0.0,-0.0,8,63.0,0,0,0,0.0,0,22.54,22.54,,,77.0,245.0,29.489625,7.0,Auburn,2011.0,2011.0,CAR,1.0,-3.0,
2018,13,00-0027939,C.Newton,QB,CAR,TB,28,41,300.0,2,4.0,4.0,24.0,6,33.0,0,0,0,0.0,0,15.3,15.3,,,77.0,245.0,29.489625,7.0,Auburn,2011.0,2011.0,CAR,1.0,,
2018,14,00-0027939,C.Newton,QB,CAR,CLE,26,42,265.0,0,1.0,1.0,1.0,5,23.0,0,0,0,0.0,0,10.9,10.9,,,77.0,245.0,29.489625,7.0,Auburn,2011.0,2011.0,CAR,1.0,,
2018,15,00-0027939,C.Newton,QB,CAR,NO,16,29,131.0,0,1.0,4.0,32.0,5,15.0,0,0,0,0.0,0,4.74,4.74,,,77.0,245.0,29.489625,7.0,Auburn,2011.0,2011.0,CAR,1.0,-3.0,
2018,1,00-0027942,A.Green,WR,CIN,IND,0,0,0.0,0,0.0,0.0,0.0,0,0.0,0,8,6,92.0,1,13.2,19.2,,,76.0,210.0,30.2609375,7.0,Georgia,2011.0,2011.0,CIN,4.0,,0.2857143
2018,2,00-0027942,A.Green,WR,CIN,BAL,0,0,0.0,0,0.0,0.0,0.0,0,0.0,0,9,5,69.0,3,24.9,29.9,,,76.0,210.0,30.2609375,7.0,Georgia,2011.0,2011.0,CIN,4.0,11.0,0.2195122
2018,3,00-0027942,A.Green,WR,CIN,CAR,0,0,0.0,0,0.0,0.0,0.0,0,0.0,0,8,5,58.0,0,5.8,10.8,,,76.0,210.0,30.2609375,7.0,Georgia,2011.0,2011.0,CIN,4.0,,0.17777778
2018,4,00-0027942,A.Green,WR,CIN,ATL,0,0,0.0,0,0.0,0.0,0.0,0,0.0,0,8,4,78.0,1,13.8,17.8,,,76.0,210.0,30.2609375,7.0,Georgia,2011.0,2011.0,CIN,4.0,,0.19512194
2018,5,00-0027942,A.Green,WR,CIN,MIA,0,0,0.0,0,0.0,0.0,0.0,0,0.0,0,10,6,112.0,0,11.2,17.2,,,76.0,210.0,30.2609375,7.0,Georgia,2011.0,2011.0,CIN,4.0,10.0,0.33333334
2018,6,00-0027942,A.Green,WR,CIN,PIT,0,0,0.0,0,0.0,0.0,0.0,0,0.0,0,12,7,85.0,0,8.5,15.5,,,76.0,210.0,30.2609375,7.0,Georgia,2011.0,2011.0,CIN,4.0,-7.0,0.29268292
2018,7,00-0027942,A.Green,WR,CIN,KC,0,0,0.0,0,0.0,0.0,0.0,0,0.0,0,14,7,117.0,0,11.7,18.7,,,76.0,210.0,30.2609375,7.0,Georgia,2011.0,2011.0,CIN,4.0,,0.4375
2018,8,00-0027942,A.Green,WR,CIN,TB,0,0,0.0,0,0.0,0.0,0.0,0,0.0,0,7,5,76.0,1,13.6,18.6,,,76.0,210.0,30.2609375,7.0,Georgia,2011.0,2011.0,CIN,4.0,3.0,0.21875
2018,13,00-0027942,A.Green,WR,CIN,DEN,0,0,0.0,0,0.0,0.0,0.0,0,0.0,0,1,1,7.0,0,0.7,1.7,,,76.0,210.0,30.2609375,7.0,Georgia,2011.0,2011.0,CIN,4.0,-14.0,0.027777778
2018,1,00-0027944,J.Jones,WR,ATL,PHI,0,0,0.0,0,0.0,0.0,0.0,1,11.0,0,19,10,169.0,0,18.0,28.0,,,75.0,220.0,29.736125,7.0,Alabama,2011.0,2011.0,ATL,6.0,,0.4871795
2018,2,00-0027944,J.Jones,WR,ATL,CAR,0,0,0.0,0,0.0,0.0,0.0,0,0.0,0,9,5,64.0,0,6.4,11.4,,,75.0,220.0,29.736125,7.0,Alabama,2011.0,2011.0,ATL,6.0,7.0,0.32142857
2018,3,00-0027944,J.Jones,WR,ATL,NO,0,0,0.0,0,0.0,0.0,0.0,0,0.0,0,6,5,96.0,0,9.6,14.6,,,75.0,220.0,29.736125,7.0,Alabama,2011.0,2011.0,ATL,6.0,-6.0,0.1764706
2018,4,00-0027944,J.Jones,WR,ATL,CIN,0,0,0.0,0,0.0,0.0,0.0,0,0.0,0,12,9,173.0,0,17.3,26.3,,,75.0,220.0,29.736125,7.0,Alabama,2011.0,2011.0,ATL,6.0,-1.0,0.31578946
2018,5,00-0027944,J.Jones,WR,ATL,PIT,0,0,0.0,0,0.0,0.0,0.0,0,0.0,0,9,5,62.0,0,6.2,11.2,,,75.0,220.0,29.736125,7.0,Alabama,2011.0,2011.0,ATL,6.0,,0.2
2018,6,00-0027944,J.Jones,WR,ATL,TB,0,0,0.0,0,0.0,0.0,0.0,0,0.0,0,14,10,144.0,0,14.4,24.4,,,75.0,220.0,29.736125,7.0,Alabama,2011.0,2011.0,ATL,6.0,5.0,0.34146342
2018,7,00-0027944,J.Jones,WR,ATL,NYG,0,0,0.0,0,0.0,0.0,0.0,0,0.0,0,12,9,104.0,0,8.4,17.4,,,75.0,220.0,29.736125,7.0,Alabama,2011.0,2011.0,ATL,6.0,3.0,0.33333334
2018,9,00-0027944,J.Jones,WR,ATL,WAS,0,0,0.0,0,0.0,0.0,0.0,0,0.0,0,10,7,121.0,1,18.1,25.1,,,75.0,220.0,29.736125,7.0,Alabama,2011.0,2011.0,ATL,6.0,,0.27027026
2018,10,00-0027944,J.Jones,WR,ATL,CLE,0,0,0.0,0,0.0,0.0,0.0,0,0.0,0,11,7,107.0,1,16.7,23.7,,,75.0,220.0,29.736125,7.0,Alabama,2011.0,2011.0,ATL,6.0,,0.21568628
2018,11,00-0027944,J.Jones,WR,ATL,DAL,0,0,0.0,0,0.0,0.0,0.0,0,0.0,0,9,6,118.0,1,17.8,23.8,,,75.0,220.0,29.736125,7.0,Alabama,2011.0,2011.0,ATL,6.0,-3.0,0.2647059
2018,12,00-0027944,J.Jones,WR,ATL,NO,0,0,0.0,0,0.0,0.0,0.0,1,1.0,0,14,11,147.0,0,12.8,23.8,,,75.0,220.0,29.736125,7.0,Alabama,2011.0,2011.0,ATL,6.0,,0.29787233
2018,13,00-0027944,J.Jones,WR,ATL,BAL,0,0,0.0,0,0.0,0.0,0.0,0,0.0,0,8,2,18.0,0,1.8,3.8,,,75.0,220.0,29.736125,7.0,Alabama,2011.0,2011.0,ATL,6.0,-10.0,0.2962963
2018,14,00-0027944,J.Jones,WR,ATL,GB,0,0,0.0,0,0.0,0.0,0.0,0,0.0,0,11,8,106.0,2,22.6,30.6,,,75.0,220.0,29.736125,7.0,Alabama,2011.0,2011.0,ATL,6.0,,0.26190478
2018,15,00-0027944,J.Jones,WR,ATL,ARI,0,0,0.0,0,0.0,0.0,0.0,0,0.0,0,8,6,82.0,1,14.2,20.2,,,75.0,220.0,29.736125,7.0,Alabama,2011.0,2011.0,ATL,6.0,26.0,0.22222222
2018,16,00-0027944,J.Jones,WR,ATL,CAR,0,0,0.0,0,0.0,0.0,0.0,0,0.0,0,5,4,28.0,1,8.8,12.8,,,75.0,220.0,29.736125,7.0,Alabama,2011.0,2011.0,ATL,6.0,,0.1923077
2018,17,00-0027944,J.Jones,WR,ATL,TB,0,0,0.0,0,0.0,0.0,0.0,0,0.0,0,13,9,138.0,1,19.8,28.8,,,75.0,220.0,29.736125,7.0,Alabama,2011.0,2011.0,ATL,6.0,,0.30232558
2018,1,00-0027948,B.Gabbert,QB,TEN,MIA,11,22,117.0,0,1.0,0.0,-0.0,0,0.0,0,0,0,0.0,0,2.68,2.68,,,76.0,235.0,29.054875,7.0,Missouri,2011.0,2011.0,JAX,10.0,,
2018,2,00-0027948,B.Gabbert,QB,TEN,HOU,13,20,117.0,1,0.0,1.0,8.0,2,2.0,0,0,0,0.0,0,8.88,8.88,,,76.0,235.0,29.054875,7.0,Missouri,2011.0,2011.0,JAX,10.0,3.0,
2018,3,00-0027948,B.Gabbert,QB,TEN,JAX,1,3,8.0,0,0.0,2.0,17.0,0,0.0,0,0,0,0.0,0,0.32,0.32,,,76.0,235.0,29.054875,7.0,Missouri,2011.0,2011.0,JAX,10.0,,
2018,11,00-0027948,B.Gabbert,QB,TEN,IND,11,16,118.0,1,1.0,1.0,8.0,0,0.0,0,0,0,0.0,0,6.72,6.72,,,76.0,235.0,29.054875,7.0,Missouri,2011.0,2011.0,JAX,10.0,,
2018,13,00-0027948,B.Gabbert,QB,TEN,NYJ,0,0,0.0,0,0.0,0.0,0.0,1,-1.0,0,0,0,0.0,0,-0.1,-0.1,,,76.0,235.0,29.054875,7.0,Missouri,2011.0,2011.0,JAX,10.0,4.0,
2018,15,00-0027948,B.Gabbert,QB,TEN,NYG,0,0,0.0,0,0.0,0.0,0.0,3,-1.0,0,0,0,0.0,0,-0.1,-0.1,,,76.0,235.0,29.054875,7.0,Missouri,2011.0,2011.0,JAX,10.0,,
2018,16,00-0027948,B.Gabbert,QB,TEN,WAS,7,11,101.0,1,0.0,1.0,4.0,0,0.0,0,0,0,0.0,0,8.04,8.04,,,76.0,235.0,29.054875,7.0,Missouri,2011.0,2011.0,JAX,10.0,9.0,
2018,17,00-0027948,B.Gabbert,QB,TEN,IND,18,29,165.0,1,2.0,0.0,-0.0,0,0.0,0,0,0,0.0,0,6.6,6.6,,,76.0,235.0,29.054875,7.0,Missouri,2011.0,2011.0,JAX,10.0,-16.0,
2018,5,00-0027966,M.Ingram,RB,NO,WAS,0,0,0.0,0,0.0,0.0,0.0,16,53.0,2,3,2,20.0,0,19.3,21.3,,,69.0,215.0,28.895500000000002,7.0,Alabama,2011.0,2011.0,NO,28.0,24.0,0.10344828
2018,7,00-0027966,M.Ingram,RB,NO,BAL,0,0,0.0,0,0.0,0.0,0.0,12,32.0,0,2,2,10.0,0,4.2,6.2,,,69.0,215.0,28.895500000000002,7.0,Alabama,2011.0,2011.0,NO,28.0,,0.071428575
2018,8,00-0027966,M.Ingram,RB,NO,MIN,0,0,0.0,0,0.0,0.0,0.0,13,63.0,0,3,3,29.0,0,9.2,12.2,,,69.0,215.0,28.895500000000002,7.0,Alabama,2011.0,2011.0,NO,28.0,,0.13043478
2018,9,00-0027966,M.Ingram,RB,NO,LA,0,0,0.0,0,0.0,0.0,0.0,9,33.0,0,2,1,3.0,0,1.6,2.6,,,69.0,215.0,28.895500000000002,7.0,Alabama,2011.0,2011.0,NO,28.0,10.0,0.055555556
2018,10,00-0027966,M.Ingram,RB,NO,CIN,0,0,0.0,0,0.0,0.0,0.0,13,104.0,0,3,3,58.0,1,22.2,25.2,,,69.0,215.0,28.895500000000002,7.0,Alabama,2011.0,2011.0,NO,28.0,,0.11111111
2018,11,00-0027966,M.Ingram,RB,NO,PHI,0,0,0.0,0,0.0,0.0,0.0,16,103.0,2,0,0,0.0,0,22.3,22.3,,,69.0,215.0,28.895500000000002,7.0,Alabama,2011.0,2011.0,NO,28.0,41.0,
2018,12,00-0027966,M.Ingram,RB,NO,ATL,0,0,0.0,0,0.0,0.0,0.0,11,52.0,0,2,2,14.0,0,6.6,8.6,,,69.0,215.0,28.895500000000002,7.0,Alabama,2011.0,2011.0,NO,28.0,14.0,0.09090909
2018,13,00-0027966,M.Ingram,RB,NO,DAL,0,0,0.0,0,0.0,0.0,0.0,7,27.0,0,3,2,1.0,0,2.8,4.8,,,69.0,215.0,28.895500000000002,7.0,Alabama,2011.0,2011.0,NO,28.0,,0.10714286
2018,14,00-0027966,M.Ingram,RB,NO,TB,0,0,0.0,0,0.0,0.0,0.0,13,52.0,1,3,1,1.0,0,11.3,12.3,,,69.0,215.0,28.895500000000002,7.0,Alabama,2011.0,2011.0,NO,28.0,,0.09677419
2018,15,00-0027966,M.Ingram,RB,NO,CAR,0,0,0.0,0,0.0,0.0,0.0,12,63.0,0,2,2,11.0,0,7.4,9.4,,,69.0,215.0,28.895500000000002,7.0,Alabama,2011.0,2011.0,NO,28.0,,0.05882353
2018,16,00-0027966,M.Ingram,RB,NO,PIT,0,0,0.0,0,0.0,0.0,0.0,11,35.0,1,2,1,8.0,0,10.3,11.3,,,69.0,215.0,28.895500000000002,7.0,Alabama,2011.0,2011.0,NO,28.0,3.0,0.051282052
2018,17,00-0027966,M.Ingram,RB,NO,CAR,0,0,0.0,0,0.0,0.0,0.0,5,28.0,0,2,2,15.0,0,4.3,6.3,,,69.0,215.0,28.895500000000002,7.0,Alabama,2011.0,2011.0,NO,28.0,-19.0,0.0952381
2018,19,00-0027966,M.Ingram,RB,NO,PHI,0,0,0.0,0,0.0,0.0,0.0,9,53.0,0,2,2,9.0,0,6.2,8.2,,,69.0,215.0,28.895500000000002,7.0,Alabama,2011.0,2011.0,NO,28.0,6.0,0.054054055
2018,20,00-0027966,M.Ingram,RB,NO,LA,0,0,0.0,0,0.0,0.0,0.0,9,31.0,0,2,2,6.0,0,3.7,5.7,,,69.0,215.0,28.895500000000002,7.0,Alabama,2011.0,2011.0,NO,28.0,-3.0,0.051282052
2018,1,00-0027973,A.Dalton,QB,CIN,IND,21,28,243.0,2,1.0,2.0,14.0,2,8.0,0,0,0,0.0,0,16.52,16.52,,,74.0,220.0,31.0165625,7.0,Texas Christian,2011.0,2011.0,CIN,35.0,,
2018,2,00-0027973,A.Dalton,QB,CIN,BAL,24,42,265.0,4,0.0,0.0,-0.0,0,0.0,0,0,0,0.0,0,26.6,26.6,,,74.0,220.0,31.0165625,7.0,Texas Christian,2011.0,2011.0,CIN,35.0,11.0,
2018,3,00-0027973,A.Dalton,QB,CIN,CAR,29,46,352.0,2,4.0,2.0,22.0,0,0.0,0,0,0,0.0,0,14.08,14.08,,,74.0,220.0,31.0165625,7.0,Texas Christian,2011.0,2011.0,CIN,35.0,,
2018,4,00-0027973,A.Dalton,QB,CIN,ATL,29,41,337.0,3,1.0,3.0,29.0,2,13.0,0,0,0,0.0,0,24.78,24.78,,,74.0,220.0,31.0165625,7.0,Texas Christian,2011.0,2011.0,CIN,35.0,,
2018,5,00-0027973,A.Dalton,QB,CIN,MIA,20,30,248.0,1,1.0,2.0,19.0,4,10.0,0,0,0,0.0,0,12.92,12.92,,,74.0,220.0,31.0165625,7.0,Texas Christian,2011.0,2011.0,CIN,35.0,10.0,
2018,6,00-0027973,A.Dalton,QB,CIN,PIT,26,42,229.0,2,0.0,3.0,16.0,0,0.0,0,0,0,0.0,0,17.16,17.16,,,74.0,220.0,31.0165625,7.0,Texas Christian,2011.0,2011.0,CIN,35.0,-7.0,
2018,7,00-0027973,A.Dalton,QB,CIN,KC,15,29,148.0,1,1.0,2.0,13.0,0,0.0,0,0,0,0.0,0,7.92,7.92,,,74.0,220.0,31.0165625,7.0,Texas Christian,2011.0,2011.0,CIN,35.0,,
2018,8,00-0027973,A.Dalton,QB,CIN,TB,21,34,280.0,2,0.0,2.0,16.0,3,10.0,0,0,0,0.0,0,20.2,20.2,,,74.0,220.0,31.0165625,7.0,Texas Christian,2011.0,2011.0,CIN,35.0,3.0,
2018,10,00-0027973,A.Dalton,QB,CIN,NO,12,20,153.0,1,2.0,4.0,24.0,1,8.0,0,0,0,0.0,0,6.92,6.92,,,74.0,220.0,31.0165625,7.0,Texas Christian,2011.0,2011.0,CIN,35.0,-37.0,
2018,11,00-0027973,A.Dalton,QB,CIN,BAL,19,36,211.0,2,0.0,1.0,4.0,2,29.0,0,0,0,0.0,0,19.34,19.34,,,74.0,220.0,31.0165625,7.0,Texas Christian,2011.0,2011.0,CIN,35.0,,
2018,12,00-0027973,A.Dalton,QB,CIN,CLE,10,17,100.0,1,1.0,0.0,-0.0,2,21.0,0,0,0,0.0,0,8.1,8.1,,,74.0,220.0,31.0165625,7.0,Texas Christian,2011.0,2011.0,CIN,35.0,-15.0,
2018,1,00-0027981,K.Rudolph,TE,MIN,SF,0,0,0.0,0,0.0,0.0,0.0,0,0.0,0,2,1,11.0,1,7.1,8.1,,,78.0,265.0,28.9840625,7.0,Notre Dame,2011.0,2011.0,MIN,43.0,8.0,0.057142857
2018,2,00-0027981,K.Rudolph,TE,MIN,GB,0,0,0.0,0,0.0,0.0,0.0,0,0.0,0,8,7,72.0,0,7.2,14.2,,,78.0,265.0,28.9840625,7.0,Notre Dame,2011.0,2011.0,MIN,43.0,,0.16666667
2018,3,00-0027981,K.Rudolph,TE,MIN,BUF,0,0,0.0,0,0.0,0.0,0.0,0,0.0,0,6,5,48.0,1,10.8,15.8,,,78.0,265.0,28.9840625,7.0,Notre Dame,2011.0,2011.0,MIN,43.0,-21.0,0.10909091
2018,4,00-0027981,K.Rudolph,TE,MIN,LA,0,0,0.0,0,0.0,0.0,0.0,0,0.0,0,6,5,57.0,0,5.7,10.7,,,78.0,265.0,28.9840625,7.0,Notre Dame,2011.0,2011.0,MIN,43.0,,0.12244898
2018,5,00-0027981,K.Rudolph,TE,MIN,PHI,0,0,0.0,0,0.0,0.0,0.0,0,0.0,0,5,5,41.0,0,4.1,9.1,,,78.0,265.0,28.9840625,7.0,Notre Dame,2011.0,2011.0,MIN,43.0,,0.13513513
2018,6,00-0027981,K.Rudolph,TE,MIN,ARI,0,0,0.0,0,0.0,0.0,0.0,0,0.0,0,5,4,37.0,0,3.7,7.7,,,78.0,265.0,28.9840625,7.0,Notre Dame,2011.0,2011.0,MIN,43.0,10.0,0.16129032
2018,7,00-0027981,K.Rudolph,TE,MIN,NYJ,0,0,0.0,0,0.0,0.0,0.0,0,0.0,0,4,1,16.0,0,1.6,2.6,,,78.0,265.0,28.9840625,7.0,Notre Dame,2011.0,2011.0,MIN,43.0,,0.102564104
2018,8,00-0027981,K.Rudolph,TE,MIN,NO,0,0,0.0,0,0.0,0.0,0.0,0,0.0,0,7,4,39.0,0,3.9,7.9,,,78.0,265.0,28.9840625,7.0,Notre Dame,2011.0,2011.0,MIN,43.0,-10.0,0.175
2018,9,00-0027981,K.Rudolph,TE,MIN,DET,0,0,0.0,0,0.0,0.0,0.0,0,0.0,0,2,2,28.0,0,2.8,4.8,,,78.0,265.0,28.9840625,7.0,Notre Dame,2011.0,2011.0,MIN,43.0,15.0,0.09090909
2018,11,00-0027981,K.Rudolph,TE,MIN,CHI,0,0,0.0,0,0.0,0.0,0.0,0,0.0,0,5,2,13.0,0,1.3,3.3,,,78.0,265.0,28.9840625,7.0,Notre Dame,2011.0,2011.0,MIN,43.0,,0.11111111
2018,12,00-0027981,K.Rudolph,TE,MIN,GB,0,0,0.0,0,0.0,0.0,0.0,0,0.0,0,7,7,63.0,0,6.3,13.3,,,78.0,265.0,28.9840625,7.0,Notre Dame,2011.0,2011.0,MIN,43.0,7.0,0.1891892
2018,13,00-0027981,K.Rudolph,TE,MIN,NE,0,0,0.0,0,0.0,0.0,0.0,0,0.0,0,3,3,38.0,0,3.8,6.8,,,78.0,265.0,28.9840625,7.0,Notre Dame,2011.0,2011.0,MIN,43.0,,0.06818182
2018,14,00-0027981,K.Rudolph,TE,MIN,SEA,0,0,0.0,0,0.0,0.0,0.0,0,0.0,0,5,2,7.0,0,0.7,2.7,,,78.0,265.0,28.9840625,7.0,Notre Dame,2011.0,2011.0,MIN,43.0,,0.16129032
2018,15,00-0027981,K.Rudolph,TE,MIN,MIA,0,0,0.0,0,0.0,0.0,0.0,0,0.0,0,3,3,23.0,0,2.3,5.3,,,78.0,265.0,28.9840625,7.0,Notre Dame,2011.0,2011.0,MIN,43.0,24.0,0.15
2018,16,00-0027981,K.Rudolph,TE,MIN,DET,0,0,0.0,0,0.0,0.0,0.0,0,0.0,0,9,9,122.0,2,24.2,33.2,,,78.0,265.0,28.9840625,7.0,Notre Dame,2011.0,2011.0,MIN,43.0,,0.32142857
2018,17,00-0027981,K.Rudolph,TE,MIN,CHI,0,0,0.0,0,0.0,0.0,0.0,0,0.0,0,5,4,19.0,0,1.9,5.9,,,78.0,265.0,28.9840625,7.0,Notre Dame,2011.0,2011.0,MIN,43.0,-14.0,0.16129032
2018,1,00-0027985,L.Kendricks,TE,GB,CHI,0,0,0.0,0,0.0,0.0,0.0,0,0.0,0,1,1,13.0,0,1.3,2.3,,,75.0,250.0,30.7645625,7.0,Wisconsin,2011.0,2011.0,STL,47.0,1.0,0.027777778
2018,2,00-0027985,L.Kendricks,TE,GB,MIN,0,0,0.0,0,0.0,0.0,0.0,0,0.0,0,1,1,4.0,0,0.4,1.4,,,75.0,250.0,30.7645625,7.0,Wisconsin,2011.0,2011.0,STL,47.0,0.0,0.024390243
2018,3,00-0027985,L.Kendricks,TE,GB,WAS,0,0,0.0,0,0.0,0.0,0.0,0,0.0,0,1,0,0.0,0,0.0,0.0,,,75.0,250.0,30.7645625,7.0,Wisconsin,2011.0,2011.0,STL,47.0,,0.022222223
2018,4,00-0027985,L.Kendricks,TE,GB,BUF,0,0,0.0,0,0.0,0.0,0.0,0,0.0,0,2,1,5.0,0,0.5,1.5,,,75.0,250.0,30.7645625,7.0,Wisconsin,2011.0,2011.0,STL,47.0,22.0,0.05
2018,5,00-0027985,L.Kendricks,TE,GB,DET,0,0,0.0,0,0.0,0.0,0.0,0,0.0,0,2,2,8.0,1,6.8,8.8,,,75.0,250.0,30.7645625,7.0,Wisconsin,2011.0,2011.0,STL,47.0,,0.04
2018,6,00-0027985,L.Kendricks,TE,GB,SF,0,0,0.0,0,0.0,0.0,0.0,0,0.0,0,4,2,37.0,0,3.7,5.7,,,75.0,250.0,30.7645625,7.0,Wisconsin,2011.0,2011.0,STL,47.0,3.0,0.09090909
2018,9,00-0027985,L.Kendricks,TE,GB,NE,0,0,0.0,0,0.0,0.0,0.0,0,0.0,0,1,0,0.0,0,0.0,0.0,,,75.0,250.0,30.7645625,7.0,Wisconsin,2011.0,2011.0,STL,47.0,,0.025641026
2018,10,00-0027985,L.Kendricks,TE,GB,MIA,0,0,0.0,0,0.0,0.0,0.0,0,0.0,0,2,2,24.0,0,2.4,4.4,,,75.0,250.0,30.7645625,7.0,Wisconsin,2011.0,2011.0,STL,47.0,19.0,0.07692308
2018,11,00-0027985,L.Kendricks,TE,GB,SEA,0,0,0.0,0,0.0,0.0,0.0,0,0.0,0,2,2,12.0,0,1.2,3.2,,,75.0,250.0,30.7645625,7.0,Wisconsin,2011.0,2011.0,STL,47.0,,0.06896552
2018,12,00-0027985,L.Kendricks,TE,GB,MIN,0,0,0.0,0,0.0,0.0,0.0,0,0.0,0,2,2,14.0,0,1.4,3.4,,,75.0,250.0,30.7645625,7.0,Wisconsin,2011.0,2011.0,STL,47.0,,0.074074075
2018,15,00-0027985,L.Kendricks,TE,GB,CHI,0,0,0.0,0,0.0,0.0,0.0,0,0.0,0,4,4,27.0,0,2.7,6.7,,,75.0,250.0,30.7645625,7.0,Wisconsin,2011.0,2011.0,STL,47.0,,0.1
2018,16,00-0027985,L.Kendricks,TE,GB,NYJ,0,0,0.0,0,0.0,0.0,0.0,0,0.0,0,2,2,26.0,0,2.6,4.6,,,75.0,250.0,30.7645625,7.0,Wisconsin,2011.0,2011.0,STL,47.0,,0.03773585
2018,17,00-0027985,L.Kendricks,TE,GB,DET,0,0,0.0,0,0.0,0.0,0.0,0,0.0,0,1,0,0.0,0,0.0,0.0,,,75.0,250.0,30.7645625,7.0,Wisconsin,2011.0,2011.0,STL,47.0,-31.0,0.027777778
2018,1,00-0027996,T.Smith,WR,CAR,DAL,0,0,0.0,0,0.0,0.0,0.0,0,0.0,0,2,1,15.0,0,1.5,2.5,,,72.0,205.0,29.777,7.0,Maryland,2011.0,2011.0,BAL,58.0,8.0,0.08
2018,2,00-0027996,T.Smith,WR,CAR,ATL,0,0,0.0,0,0.0,0.0,0.0,0,0.0,0,7,3,33.0,1,9.3,12.3,,,72.0,205.0,29.777,7.0,Maryland,2011.0,2011.0,BAL,58.0,,0.15555556
2018,3,00-0027996,T.Smith,WR,CAR,CIN,0,0,0.0,0,0.0,0.0,0.0,0,0.0,0,6,3,19.0,0,1.9,4.9,,,72.0,205.0,29.777,7.0,Maryland,2011.0,2011.0,BAL,58.0,10.0,0.25
2018,5,00-0027996,T.Smith,WR,CAR,NYG,0,0,0.0,0,0.0,0.0,0.0,0,0.0,0,1,0,0.0,0,0.0,0.0,,,72.0,205.0,29.777,7.0,Maryland,2011.0,2011.0,BAL,58.0,2.0,0.029411765
2018,6,00-0027996,T.Smith,WR,CAR,WAS,0,0,0.0,0,0.0,0.0,0.0,0,0.0,0,5,5,43.0,1,12.3,17.3,,,72.0,205.0,29.777,7.0,Maryland,2011.0,2011.0,BAL,58.0,,0.13513513
2018,7,00-0027996,T.Smith,WR,CAR,PHI,0,0,0.0,0,0.0,0.0,0.0,0,0.0,0,6,4,61.0,0,6.1,10.1,,,72.0,205.0,29.777,7.0,Maryland,2011.0,2011.0,BAL,58.0,,0.16216215
2018,16,00-0027996,T.Smith,WR,CAR,ATL,0,0,0.0,0,0.0,0.0,0.0,0,0.0,0,2,1,19.0,0,1.9,2.9,,,72.0,205.0,29.777,7.0,Maryland,2011.0,2011.0,BAL,58.0,-14.0,0.036363635
2018,17,00-0027996,T.Smith,WR,CAR,NO,0,0,0.0,0,0.0,0.0,0.0,0,0.0,0,2,0,0.0,0,0.0,0.0,,,72.0,205.0,29.777,7.0,Maryland,2011.0,2011.0,BAL,58.0,,0.06666667
2018,1,00-0028002,R.Cobb,WR,GB,CHI,0,0,0.0,0,0.0,0.0,0.0,0,0.0,0,10,9,142.0,1,20.2,29.2,,,70.0,192.0,28.2046875,7.0,Kentucky,2011.0,2011.0,GB,64.0,1.0,0.2777778
2018,2,00-0028002,R.Cobb,WR,GB,MIN,0,0,0.0,0,0.0,0.0,0.0,0,0.0,0,6,4,30.0,0,3.0,7.0,,,70.0,192.0,28.2046875,7.0,Kentucky,2011.0,2011.0,GB,64.0,0.0,0.14634146
2018,3,00-0028002,R.Cobb,WR,GB,WAS,0,0,0.0,0,0.0,0.0,0.0,0,0.0,0,11,4,22.0,0,0.2,4.2,,,70.0,192.0,28.2046875,7.0,Kentucky,2011.0,2011.0,GB,64.0,,0.24444444
2018,8,00-0028002,R.Cobb,WR,GB,LA,0,0,0.0,0,0.0,0.0,0.0,0,0.0,0,5,4,40.0,0,4.0,8.0,,,70.0,192.0,28.2046875,7.0,Kentucky,2011.0,2011.0,GB,64.0,,0.16666667
2018,9,00-0028002,R.Cobb,WR,GB,NE,0,0,0.0,0,0.0,0.0,0.0,0,0.0,0,6,5,24.0,0,2.4,7.4,,,70.0,192.0,28.2046875,7.0,Kentucky,2011.0,2011.0,GB,64.0,,0.15384616
2018,13,00-0028002,R.Cobb,WR,GB,ARI,0,0,0.0,0,0.0,0.0,0.0,0,0.0,0,5,3,25.0,0,2.5,5.5,,,70.0,192.0,28.2046875,7.0,Kentucky,2011.0,2011.0,GB,64.0,-3.0,0.104166664
2018,14,00-0028002,R.Cobb,WR,GB,ATL,0,0,0.0,0,0.0,0.0,0.0,0,0.0,0,6,5,43.0,1,10.3,15.3,,,70.0,192.0,28.2046875,7.0,Kentucky,2011.0,2011.0,GB,64.0,14.0,0.19354838
2018,15,00-0028002,R.Cobb,WR,GB,CHI,0,0,0.0,0,0.0,0.0,0.0,0,0.0,0,7,3,30.0,0,3.0,6.0,,,70.0,192.0,28.2046875,7.0,Kentucky,2011.0,2011.0,GB,64.0,,0.175
2018,17,00-0028002,R.Cobb,WR,GB,DET,0,0,0.0,0,0.0,0.0,0.0,0,0.0,0,5,1,27.0,0,2.7,3.7,,,70.0,192.0,28.2046875,7.0,Kentucky,2011.0,2011.0,GB,64.0,-31.0,0.1388889
2018,2,00-0028011,S.Ridley,RB,PIT,KC,0,0,0.0,0,0.0,0.0,0.0,1,2.0,0,1,1,5.0,0,0.7,1.7,,,71.0,220.0,29.770625,7.0,LSU,2011.0,2011.0,NE,73.0,-5.0,0.016666668
2018,3,00-0028011,S.Ridley,RB,PIT,TB,0,0,0.0,0,0.0,0.0,0.0,3,18.0,0,0,0,0.0,0,1.8,1.8,,,71.0,220.0,29.770625,7.0,LSU,2011.0,2011.0,NE,73.0,,
2018,5,00-0028011,S.Ridley,RB,PIT,ATL,0,0,0.0,0,0.0,0.0,0.0,5,8.0,0,0,0,0.0,0,0.8,0.8,,,71.0,220.0,29.770625,7.0,LSU,2011.0,2011.0,NE,73.0,24.0,
2018,6,00-0028011,S.Ridley,RB,PIT,CIN,0,0,0.0,0,0.0,0.0,0.0,1,2.0,0,0,0,0.0,0,0.2,0.2,,,71.0,220.0,29.770625,7.0,LSU,2011.0,2011.0,NE,73.0,,
2018,8,00-0028011,S.Ridley,RB,PIT,CLE,0,0,0.0,0,0.0,0.0,0.0,0,0.0,0,2,2,13.0,0,-0.7,1.3,,,71.0,220.0,29.770625,7.0,LSU,2011.0,2011.0,NE,73.0,15.0,0.060606062
2018,10,00-0028011,S.Ridley,RB,PIT,CAR,0,0,0.0,0,0.0,0.0,0.0,8,26.0,0,1,0,0.0,0,2.6,2.6,,,71.0,220.0,29.770625,7.0,LSU,2011.0,2011.0,NE,73.0,31.0,0.037037037
2018,14,00-0028011,S.Ridley,RB,PIT,LV,0,0,0.0,0,0.0,0.0,0.0,5,4.0,1,0,0,0.0,0,6.4,6.4,,,71.0,220.0,29.770625,7.0,LSU,2011.0,2011.0,NE,73.0,,
2018,15,00-0028011,S.Ridley,RB,PIT,NE,0,0,0.0,0,0.0,0.0,0.0,3,16.0,0,0,0,0.0,0,1.6,1.6,,,71.0,220.0,29.770625,7.0,LSU,2011.0,2011.0,NE,73.0,7.0,
2018,16,00-0028011,S.Ridley,RB,PIT,NO,0,0,0.0,0,0.0,0.0,0.0,3,4.0,0,0,0,0.0,0,-1.6,-1.6,,,71.0,220.0,29.770625,7.0,LSU,2011.0,2011.0,NE,73.0,,
2018,1,00-0028042,L.Stocker,TE,TEN,MIA,0,0,0.0,0,0.0,0.0,0.0,0,0.0,0,2,2,37.0,0,3.7,5.7,,,77.0,253.0,30.3005625,7.0,Tennessee,2011.0,2011.0,TB,104.0,,0.05263158
2018,2,00-0028042,L.Stocker,TE,TEN,HOU,0,0,0.0,0,0.0,0.0,0.0,0,0.0,0,2,2,15.0,0,1.5,3.5,,,77.0,253.0,30.3005625,7.0,Tennessee,2011.0,2011.0,TB,104.0,3.0,0.0952381
2018,3,00-0028042,L.Stocker,TE,TEN,JAX,0,0,0.0,0,0.0,0.0,0.0,0,0.0,0,2,1,11.0,0,1.1,2.1,,,77.0,253.0,30.3005625,7.0,Tennessee,2011.0,2011.0,TB,104.0,,0.0952381
2018,5,00-0028042,L.Stocker,TE,TEN,BUF,0,0,0.0,0,0.0,0.0,0.0,0,0.0,0,1,0,0.0,0,0.0,0.0,,,77.0,253.0,30.3005625,7.0,Tennessee,2011.0,2011.0,TB,104.0,,0.04
2018,7,00-0028042,L.Stocker,TE,TEN,LAC,0,0,0.0,0,0.0,0.0,0.0,0,0.0,0,2,2,11.0,1,7.1,9.1,,,77.0,253.0,30.3005625,7.0,Tennessee,2011.0,2011.0,TB,104.0,,0.0625
2018,9,00-0028042,L.Stocker,TE,TEN,DAL,0,0,0.0,0,0.0,0.0,0.0,0,0.0,0,2,1,5.0,0,0.5,1.5,,,77.0,253.0,30.3005625,7.0,Tennessee,2011.0,2011.0,TB,104.0,,0.074074075
2018,11,00-0028042,L.Stocker,TE,TEN,IND,0,0,0.0,0,0.0,0.0,0.0,0,0.0,0,3,2,16.0,0,1.6,3.6,,,77.0,253.0,30.3005625,7.0,Tennessee,2011.0,2011.0,TB,104.0,,0.10344828
2018,12,00-0028042,L.Stocker,TE,TEN,HOU,0,0,0.0,0,0.0,0.0,0.0,1,0.0,0,1,1,14.0,0,1.4,2.4,,,77.0,253.0,30.3005625,7.0,Tennessee,2011.0,2011.0,TB,104.0,,0.04347826
2018,14,00-0028042,L.Stocker,TE,TEN,JAX,0,0,0.0,0,0.0,0.0,0.0,0,0.0,0,1,1,7.0,0,0.7,1.7,,,77.0,253.0,30.3005625,7.0,Tennessee,2011.0,2011.0,TB,104.0,21.0,0.041666668
2018,15,00-0028042,L.Stocker,TE,TEN,NYG,0,0,0.0,0,0.0,0.0,0.0,0,0.0,0,2,2,27.0,0,2.7,4.7,,,77.0,253.0,30.3005625,7.0,Tennessee,2011.0,2011.0,TB,104.0,,0.1
2018,16,00-0028042,L.Stocker,TE,TEN,WAS,0,0,0.0,0,0.0,0.0,0.0,0,0.0,0,1,0,0.0,0,0.0,0.0,,,77.0,253.0,30.3005625,7.0,Tennessee,2011.0,2011.0,TB,104.0,9.0,0.04347826
2018,17,00-0028042,L.Stocker,TE,TEN,IND,0,0,0.0,0,0.0,0.0,0.0,0,0.0,0,2,1,22.0,1,8.2,9.2,,,77.0,253.0,30.3005625,7.0,Tennessee,2011.0,2011.0,TB,104.0,-16.0,0.06896552
2018,4,00-0028063,T.Jones,RB,BUF,GB,0,0,0.0,0,0.0,0.0,0.0,0,0.0,0,1,0,0.0,0,0.0,0.0,,,72.0,195.0,30.272875,7.0,Eastern Washington,2011.0,2011.0,OAK,125.0,,0.030303031
2018,5,00-0028063,T.Jones,RB,BUF,TEN,0,0,0.0,0,0.0,0.0,0.0,0,0.0,0,1,0,0.0,0,0.0,0.0,,,72.0,195.0,30.272875,7.0,Eastern Washington,2011.0,2011.0,OAK,125.0,1.0,0.05
2018,1,00-0028064,B.Powell,RB,NYJ,DET,0,0,0.0,0,0.0,0.0,0.0,12,60.0,0,2,1,5.0,0,6.5,7.5,,,70.0,204.0,30.017625,7.0,Louisville,2011.0,2011.0,NYJ,126.0,,0.1
2018,2,00-0028064,B.Powell,RB,NYJ,MIA,0,0,0.0,0,0.0,0.0,0.0,5,6.0,0,6,5,74.0,1,14.0,19.0,,,70.0,204.0,30.017625,7.0,Louisville,2011.0,2011.0,NYJ,126.0,-8.0,0.14634146
2018,3,00-0028064,B.Powell,RB,NYJ,CLE,0,0,0.0,0,0.0,0.0,0.0,14,73.0,0,1,0,0.0,0,7.3,7.3,,,70.0,204.0,30.017625,7.0,Louisville,2011.0,2011.0,NYJ,126.0,,0.033333335
2018,4,00-0028064,B.Powell,RB,NYJ,JAX,0,0,0.0,0,0.0,0.0,0.0,8,26.0,0,7,4,26.0,0,5.2,9.2,,,70.0,204.0,30.017625,7.0,Louisville,2011.0,2011.0,NYJ,126.0,,0.21212122
2018,5,00-0028064,B.Powell,RB,NYJ,DEN,0,0,0.0,0,0.0,0.0,0.0,20,99.0,0,0,0,0.0,0,7.9,7.9,,,70.0,204.0,30.017625,7.0,Louisville,2011.0,2011.0,NYJ,126.0,18.0,
2018,6,00-0028064,B.Powell,RB,NYJ,IND,0,0,0.0,0,0.0,0.0,0.0,16,59.0,0,1,0,0.0,0,5.9,5.9,,,70.0,204.0,30.017625,7.0,Louisville,2011.0,2011.0,NYJ,126.0,8.0,0.03448276
2018,7,00-0028064,B.Powell,RB,NYJ,MIN,0,0,0.0,0,0.0,0.0,0.0,5,20.0,0,1,1,5.0,0,2.5,3.5,,,70.0,204.0,30.017625,7.0,Louisville,2011.0,2011.0,NYJ,126.0,-20.0,0.023809524
2018,1,00-0028074,A.Sherman,RB,KC,LAC,0,0,0.0,0,0.0,0.0,0.0,0,0.0,0,1,1,36.0,1,9.6,10.6,,,70.0,242.0,29.91605555555556,7.0,Connecticut,2011.0,2011.0,ARI,136.0,,0.04
2018,3,00-0028074,A.Sherman,RB,KC,SF,0,0,0.0,0,0.0,0.0,0.0,0,0.0,0,1,1,16.0,0,1.6,2.6,,,70.0,242.0,29.91605555555556,7.0,Connecticut,2011.0,2011.0,ARI,136.0,11.0,0.02631579
2018,5,00-0028074,A.Sherman,RB,KC,JAX,0,0,0.0,0,0.0,0.0,0.0,0,0.0,0,1,1,15.0,0,1.5,2.5,,,70.0,242.0,29.91605555555556,7.0,Connecticut,2011.0,2011.0,ARI,136.0,16.0,0.027777778
2018,6,00-0028074,A.Sherman,RB,KC,NE,0,0,0.0,0,0.0,0.0,0.0,0,0.0,0,1,1,-2.0,0,-0.2,0.8,,,70.0,242.0,29.91605555555556,7.0,Connecticut,2011.0,2011.0,ARI,136.0,,0.027777778
2018,8,00-0028074,A.Sherman,RB,KC,DEN,0,0,0.0,0,0.0,0.0,0.0,0,0.0,0,1,1,10.0,0,1.0,2.0,,,70.0,242.0,29.91605555555556,7.0,Connecticut,2011.0,2011.0,ARI,136.0,7.0,0.032258064
2018,10,00-0028074,A.Sherman,RB,KC,ARI,0,0,0.0,0,0.0,0.0,0.0,0,0.0,0,1,1,2.0,0,0.2,1.2,,,70.0,242.0,29.91605555555556,7.0,Connecticut,2011.0,2011.0,ARI,136.0,12.0,0.035714287
2018,14,00-0028074,A.Sherman,RB,KC,BAL,0,0,0.0,0,0.0,0.0,0.0,1,2.0,0,1,0,0.0,0,0.2,0.2,,,70.0,242.0,29.91605555555556,7.0,Connecticut,2011.0,2011.0,ARI,136.0,3.0,0.020833334
2018,17,00-0028074,A.Sherman,RB,KC,LV,0,0,0.0,0,0.0,0.0,0.0,0,0.0,0,2,2,19.0,0,1.9,3.9,,,70.0,242.0,29.91605555555556,7.0,Connecticut,2011.0,2011.0,ARI,136.0,32.0,0.074074075
2018,1,00-0028083,J.Rodgers,RB,TB,NO,0,0,0.0,0,0.0,0.0,0.0,2,1.0,0,1,1,2.0,0,0.3,1.3,,,66.0,190.0,28.7469375,7.0,Oregon State,2011.0,2011.0,ATL,145.0,,0.035714287
2018,2,00-0028083,J.Rodgers,RB,TB,PHI,0,0,0.0,0,0.0,0.0,0.0,5,13.0,0,3,3,23.0,0,3.6,6.6,,,66.0,190.0,28.7469375,7.0,Oregon State,2011.0,2011.0,ATL,145.0,6.0,0.09090909
2018,3,00-0028083,J.Rodgers,RB,TB,PIT,0,0,0.0,0,0.0,0.0,0.0,2,-1.0,0,3,2,18.0,0,1.7,3.7,,,66.0,190.0,28.7469375,7.0,Oregon State,2011.0,2011.0,ATL,145.0,-3.0,0.06
2018,7,00-0028083,J.Rodgers,RB,TB,CLE,0,0,0.0,0,0.0,0.0,0.0,3,8.0,0,1,1,11.0,0,1.9,2.9,,,66.0,190.0,28.7469375,7.0,Oregon State,2011.0,2011.0,ATL,145.0,3.0,0.01923077
2018,8,00-0028083,J.Rodgers,RB,TB,CIN,0,0,0.0,0,0.0,0.0,0.0,1,4.0,0,4,4,25.0,0,2.9,6.9,,,66.0,190.0,28.7469375,7.0,Oregon State,2011.0,2011.0,ATL,145.0,,0.08
2018,9,00-0028083,J.Rodgers,RB,TB,CAR,0,0,0.0,0,0.0,0.0,0.0,2,14.0,0,3,2,-4.0,0,1.0,3.0,,,66.0,190.0,28.7469375,7.0,Oregon State,2011.0,2011.0,ATL,145.0,,0.07317073
2018,10,00-0028083,J.Rodgers,RB,TB,WAS,0,0,0.0,0,0.0,0.0,0.0,1,0.0,0,8,8,102.0,0,8.2,16.2,,,66.0,190.0,28.7469375,7.0,Oregon State,2011.0,2011.0,ATL,145.0,-13.0,0.19512194
2018,11,00-0028083,J.Rodgers,RB,TB,NYG,0,0,0.0,0,0.0,0.0,0.0,3,15.0,0,3,0,0.0,0,1.5,1.5,,,66.0,190.0,28.7469375,7.0,Oregon State,2011.0,2011.0,ATL,145.0,,0.083333336
2018,12,00-0028083,J.Rodgers,RB,TB,SF,0,0,0.0,0,0.0,0.0,0.0,5,31.0,0,5,4,31.0,0,6.2,10.2,,,66.0,190.0,28.7469375,7.0,Oregon State,2011.0,2011.0,ATL,145.0,18.0,0.13157895
2018,14,00-0028083,J.Rodgers,RB,TB,NO,0,0,0.0,0,0.0,0.0,0.0,4,16.0,0,5,4,38.0,0,5.4,9.4,,,66.0,190.0,28.7469375,7.0,Oregon State,2011.0,2011.0,ATL,145.0,-14.0,0.13513513
2018,15,00-0028083,J.Rodgers,RB,TB,BAL,0,0,0.0,0,0.0,0.0,0.0,0,0.0,0,1,1,1.0,0,0.1,1.1,,,66.0,190.0,28.7469375,7.0,Oregon State,2011.0,2011.0,ATL,145.0,,0.04
2018,16,00-0028083,J.Rodgers,RB,TB,DAL,0,0,0.0,0,0.0,0.0,0.0,2,2.0,1,7,7,55.0,0,11.7,18.7,,,66.0,190.0,28.7469375,7.0,Oregon State,2011.0,2011.0,ATL,145.0,,0.14583333
2018,17,00-0028083,J.Rodgers,RB,TB,ATL,0,0,0.0,0,0.0,0.0,0.0,3,3.0,0,1,1,2.0,0,0.5,1.5,,,66.0,190.0,28.7469375,7.0,Oregon State,2011.0,2011.0,ATL,145.0,-2.0,0.03125
2018,1,00-0028087,D.Lewis,RB,TEN,MIA,0,0,0.0,0,0.0,0.0,0.0,16,75.0,1,8,5,35.0,0,17.0,22.0,,,68.0,195.0,28.104875,7.0,Pittsburgh,2011.0,2011.0,PHI,149.0,,0.21052632
2018,2,00-0028087,D.Lewis,RB,TEN,HOU,0,0,0.0,0,0.0,0.0,0.0,14,42.0,0,1,1,1.0,0,4.3,5.3,,,68.0,195.0,28.104875,7.0,Pittsburgh,2011.0,2011.0,PHI,149.0,3.0,0.04761905
2018,3,00-0028087,D.Lewis,RB,TEN,JAX,0,0,0.0,0,0.0,0.0,0.0,9,26.0,0,3,3,14.0,0,4.0,7.0,,,68.0,195.0,28.104875,7.0,Pittsburgh,2011.0,2011.0,PHI,149.0,,0.14285715
2018,4,00-0028087,D.Lewis,RB,TEN,PHI,0,0,0.0,0,0.0,0.0,0.0,4,0.0,0,9,9,66.0,0,6.6,15.6,,,68.0,195.0,28.104875,7.0,Pittsburgh,2011.0,2011.0,PHI,149.0,3.0,0.21428572
2018,5,00-0028087,D.Lewis,RB,TEN,BUF,0,0,0.0,0,0.0,0.0,0.0,12,34.0,0,4,3,14.0,0,2.8,5.8,,,68.0,195.0,28.104875,7.0,Pittsburgh,2011.0,2011.0,PHI,149.0,,0.16
2018,6,00-0028087,D.Lewis,RB,TEN,BAL,0,0,0.0,0,0.0,0.0,0.0,5,9.0,0,2,2,5.0,0,1.4,3.4,,,68.0,195.0,28.104875,7.0,Pittsburgh,2011.0,2011.0,PHI,149.0,-21.0,0.14285715
2018,7,00-0028087,D.Lewis,RB,TEN,LAC,0,0,0.0,0,0.0,0.0,0.0,13,91.0,0,6,6,64.0,0,15.5,21.5,,,68.0,195.0,28.104875,7.0,Pittsburgh,2011.0,2011.0,PHI,149.0,,0.1875
2018,9,00-0028087,D.Lewis,RB,TEN,DAL,0,0,0.0,0,0.0,0.0,0.0,19,62.0,0,4,4,60.0,1,18.2,22.2,,,68.0,195.0,28.104875,7.0,Pittsburgh,2011.0,2011.0,PHI,149.0,,0.14814815
2018,10,00-0028087,D.Lewis,RB,TEN,NE,0,0,0.0,0,0.0,0.0,0.0,20,57.0,0,2,2,11.0,0,6.8,8.8,,,68.0,195.0,28.104875,7.0,Pittsburgh,2011.0,2011.0,PHI,149.0,24.0,0.083333336
2018,11,00-0028087,D.Lewis,RB,TEN,IND,0,0,0.0,0,0.0,0.0,0.0,10,24.0,0,2,1,8.0,0,3.2,4.2,,,68.0,195.0,28.104875,7.0,Pittsburgh,2011.0,2011.0,PHI,149.0,,0.06896552
2018,12,00-0028087,D.Lewis,RB,TEN,HOU,0,0,0.0,0,0.0,0.0,0.0,7,8.0,0,7,7,33.0,0,4.1,11.1,,,68.0,195.0,28.104875,7.0,Pittsburgh,2011.0,2011.0,PHI,149.0,,0.3043478
2018,13,00-0028087,D.Lewis,RB,TEN,NYJ,0,0,0.0,0,0.0,0.0,0.0,6,36.0,0,3,2,-2.0,0,3.4,5.4,,,68.0,195.0,28.104875,7.0,Pittsburgh,2011.0,2011.0,PHI,149.0,4.0,0.09090909
2018,14,00-0028087,D.Lewis,RB,TEN,JAX,0,0,0.0,0,0.0,0.0,0.0,10,13.0,0,5,5,39.0,0,5.2,10.2,,,68.0,195.0,28.104875,7.0,Pittsburgh,2011.0,2011.0,PHI,149.0,21.0,0.20833333
2018,15,00-0028087,D.Lewis,RB,TEN,NYG,0,0,0.0,0,0.0,0.0,0.0,7,35.0,0,3,3,9.0,0,4.4,7.4,,,68.0,195.0,28.104875,7.0,Pittsburgh,2011.0,2011.0,PHI,149.0,,0.15
2018,16,00-0028087,D.Lewis,RB,TEN,WAS,0,0,0.0,0,0.0,0.0,0.0,3,5.0,0,4,3,20.0,0,2.5,5.5,,,68.0,195.0,28.104875,7.0,Pittsburgh,2011.0,2011.0,PHI,149.0,9.0,0.17391305
2018,17,00-0028087,D.Lewis,RB,TEN,IND,0,0,0.0,0,0.0,0.0,0.0,0,0.0,0,4,3,23.0,0,2.3,5.3,,,68.0,195.0,28.104875,7.0,Pittsburgh,2011.0,2011.0,PHI,149.0,-16.0,0.13793103
2018,1,00-0028091,J.Kerley,WR,BUF,BAL,0,0,0.0,0,0.0,0.0,0.0,0,0.0,0,4,2,7.0,0,0.7,2.7,,,69.0,188.0,29.985500000000002,7.0,Texas Christian,2011.0,2011.0,NYJ,153.0,,0.125
2018,1,00-0028093,N.Paul,TE,JAX,NYG,0,0,0.0,0,0.0,0.0,0.0,0,0.0,0,1,0,0.0,0,0.0,0.0,,,73.0,242.0,29.237000000000002,7.0,Nebraska,2011.0,2011.0,WAS,155.0,,0.030303031
2018,2,00-0028093,N.Paul,TE,JAX,NE,0,0,0.0,0,0.0,0.0,0.0,0,0.0,0,1,1,22.0,0,2.2,3.2,,,73.0,242.0,29.237000000000002,7.0,Nebraska,2011.0,2011.0,WAS,155.0,11.0,0.022727273
2018,4,00-0028093,N.Paul,TE,JAX,NYJ,0,0,0.0,0,0.0,0.0,0.0,0,0.0,0,2,2,11.0,0,1.1,3.1,,,73.0,242.0,29.237000000000002,7.0,Nebraska,2011.0,2011.0,WAS,155.0,19.0,0.05263158
2018,5,00-0028093,N.Paul,TE,JAX,KC,0,0,0.0,0,0.0,0.0,0.0,0,0.0,0,9,7,65.0,0,6.5,13.5,,,73.0,242.0,29.237000000000002,7.0,Nebraska,2011.0,2011.0,WAS,155.0,,0.14754099
2018,6,00-0028093,N.Paul,TE,JAX,DAL,0,0,0.0,0,0.0,0.0,0.0,1,-3.0,0,0,0,0.0,0,-0.3,-0.3,,,73.0,242.0,29.237000000000002,7.0,Nebraska,2011.0,2011.0,WAS,155.0,,
2018,4,00-0028097,L.Smith,TE,LV,CLE,0,0,0.0,0,0.0,0.0,0.0,0,0.0,0,4,3,23.0,0,2.3,5.3,,,78.0,265.0,30.9563125,7.0,Marshall,2011.0,2011.0,NE,159.0,,0.071428575
2018,11,00-0028097,L.Smith,TE,LV,ARI,0,0,0.0,0,0.0,0.0,0.0,0,0.0,0,2,2,6.0,0,0.6,2.6,,,78.0,265.0,30.9563125,7.0,Marshall,2011.0,2011.0,NE,159.0,,0.071428575
2018,12,00-0028097,L.Smith,TE,LV,BAL,0,0,0.0,0,0.0,0.0,0.0,0,0.0,0,2,2,39.0,0,3.9,5.9,,,78.0,265.0,30.9563125,7.0,Marshall,2011.0,2011.0,NE,159.0,,0.060606062
2018,13,00-0028097,L.Smith,TE,LV,KC,0,0,0.0,0,0.0,0.0,0.0,0,0.0,0,1,1,1.0,1,6.1,7.1,,,78.0,265.0,30.9563125,7.0,Marshall,2011.0,2011.0,NE,159.0,,0.027027028
2018,14,00-0028097,L.Smith,TE,LV,PIT,0,0,0.0,0,0.0,0.0,0.0,0,0.0,0,1,1,3.0,1,6.3,7.3,,,78.0,265.0,30.9563125,7.0,Marshall,2011.0,2011.0,NE,159.0,,0.03125
2018,15,00-0028097,L.Smith,TE,LV,CIN,0,0,0.0,0,0.0,0.0,0.0,0,0.0,0,1,1,1.0,1,6.1,7.1,,,78.0,265.0,30.9563125,7.0,Marshall,2011.0,2011.0,NE,159.0,,0.030303031
2018,1,00-0028112,C.Clay,TE,BUF,BAL,0,0,0.0,0,0.0,0.0,0.0,0,0.0,0,2,0,0.0,0,0.0,0.0,,,75.0,255.0,29.719875000000002,7.0,Tulsa,2011.0,2011.0,MIA,174.0,,0.0625
2018,2,00-0028112,C.Clay,TE,BUF,LAC,0,0,0.0,0,0.0,0.0,0.0,0,0.0,0,3,2,29.0,0,2.9,4.9,,,75.0,255.0,29.719875000000002,7.0,Tulsa,2011.0,2011.0,MIA,174.0,-11.0,0.09375
2018,3,00-0028112,C.Clay,TE,BUF,MIN,0,0,0.0,0,0.0,0.0,0.0,0,0.0,0,3,2,18.0,0,1.8,3.8,,,75.0,255.0,29.719875000000002,7.0,Tulsa,2011.0,2011.0,MIA,174.0,,0.13636364
2018,4,00-0028112,C.Clay,TE,BUF,GB,0,0,0.0,0,0.0,0.0,0.0,0,0.0,0,6,4,40.0,0,4.0,8.0,,,75.0,255.0,29.719875000000002,7.0,Tulsa,2011.0,2011.0,MIA,174.0,,0.18181819
2018,5,00-0028112,C.Clay,TE,BUF,TEN,0,0,0.0,0,0.0,0.0,0.0,0,0.0,0,1,1,12.0,0,1.2,2.2,,,75.0,255.0,29.719875000000002,7.0,Tulsa,2011.0,2011.0,MIA,174.0,1.0,0.05
2018,6,00-0028112,C.Clay,TE,BUF,HOU,0,0,0.0,0,0.0,0.0,0.0,0,0.0,0,5,4,20.0,0,2.0,6.0,,,75.0,255.0,29.719875000000002,7.0,Tulsa,2011.0,2011.0,MIA,174.0,,0.1724138
2018,7,00-0028112,C.Clay,TE,BUF,IND,0,0,0.0,0,0.0,0.0,0.0,0,0.0,0,5,3,14.0,0,-0.6,2.4,,,75.0,255.0,29.719875000000002,7.0,Tulsa,2011.0,2011.0,MIA,174.0,,0.16129032
2018,8,00-0028112,C.Clay,TE,BUF,NE,0,0,0.0,0,0.0,0.0,0.0,0,0.0,0,6,3,36.0,0,3.6,6.6,,,75.0,255.0,29.719875000000002,7.0,Tulsa,2011.0,2011.0,MIA,174.0,-19.0,0.15
2018,13,00-0028112,C.Clay,TE,BUF,MIA,0,0,0.0,0,0.0,0.0,0.0,0,0.0,0,2,1,9.0,0,0.9,1.9,,,75.0,255.0,29.719875000000002,7.0,Tulsa,2011.0,2011.0,MIA,174.0,,0.071428575
2018,14,00-0028112,C.Clay,TE,BUF,NYJ,0,0,0.0,0,0.0,0.0,0.0,0,0.0,0,2,1,6.0,0,0.6,1.6,,,75.0,255.0,29.719875000000002,7.0,Tulsa,2011.0,2011.0,MIA,174.0,-4.0,0.057142857
2018,15,00-0028112,C.Clay,TE,BUF,DET,0,0,0.0,0,0.0,0.0,0.0,0,0.0,0,1,0,0.0,0,0.0,0.0,,,75.0,255.0,29.719875000000002,7.0,Tulsa,2011.0,2011.0,MIA,174.0,1.0,0.04347826
2018,3,00-0028114,D.Harris,WR,LV,MIA,0,0,0.0,0,0.0,0.0,0.0,0,0.0,0,2,2,11.0,0,1.1,3.1,,,71.0,202.0,31.1370625,7.0,East Carolina,2011.0,2011.0,DAL,176.0,,0.05263158
2018,4,00-0028114,D.Harris,WR,LV,CLE,0,0,0.0,0,0.0,0.0,0.0,1,-1.0,0,0,0,0.0,0,-0.1,-0.1,,,71.0,202.0,31.1370625,7.0,East Carolina,2011.0,2011.0,DAL,176.0,,
2018,6,00-0028114,D.Harris,WR,LV,SEA,0,0,0.0,0,0.0,0.0,0.0,0,0.0,0,1,1,7.0,0,0.7,1.7,,,71.0,202.0,31.1370625,7.0,East Carolina,2011.0,2011.0,DAL,176.0,,0.033333335
2018,8,00-0028114,D.Harris,WR,LV,IND,0,0,0.0,0,0.0,0.0,0.0,1,13.0,0,0,0,0.0,0,1.3,1.3,,,71.0,202.0,31.1370625,7.0,East Carolina,2011.0,2011.0,DAL,176.0,,
2018,9,00-0028114,D.Harris,WR,LV,SF,0,0,0.0,0,0.0,0.0,0.0,0,0.0,0,1,1,13.0,0,1.3,2.3,,,71.0,202.0,31.1370625,7.0,East Carolina,2011.0,2011.0,DAL,176.0,,0.04761905
2018,10,00-0028114,D.Harris,WR,LV,LAC,0,0,0.0,0,0.0,0.0,0.0,0,0.0,0,1,1,0.0,0,0.0,1.0,,,71.0,202.0,31.1370625,7.0,East Carolina,2011.0,2011.0,DAL,176.0,,0.028571429
2018,13,00-0028114,D.Harris,WR,LV,KC,0,0,0.0,0,0.0,0.0,0.0,0,0.0,0,1,1,9.0,0,0.9,1.9,,,71.0,202.0,31.1370625,7.0,East Carolina,2011.0,2011.0,DAL,176.0,,0.027027028
2018,16,00-0028114,D.Harris,WR,LV,LV,0,0,0.0,0,0.0,0.0,0.0,0,0.0,0,0,0,0.0,0,6.0,6.0,,,71.0,202.0,31.1370625,7.0,East Carolina,2011.0,2011.0,DAL,176.0,,
2018,3,00-0028116,A.Robinson,WR,MIN,BUF,0,0,0.0,0,0.0,0.0,0.0,0,0.0,0,1,1,9.0,0,0.9,1.9,,,70.0,187.0,30.109375,7.0,Southern Methodist,2011.0,2011.0,WAS,178.0,-21.0,0.018181818
2018,4,00-0028116,A.Robinson,WR,MIN,LA,0,0,0.0,0,0.0,0.0,0.0,0,0.0,0,2,2,33.0,2,15.3,17.3,,,70.0,187.0,30.109375,7.0,Southern Methodist,2011.0,2011.0,WAS,178.0,,0.040816326
2018,5,00-0028116,A.Robinson,WR,MIN,PHI,0,0,0.0,0,0.0,0.0,0.0,0,0.0,0,1,0,0.0,0,0.0,0.0,,,70.0,187.0,30.109375,7.0,Southern Methodist,2011.0,2011.0,WAS,178.0,,0.027027028
2018,6,00-0028116,A.Robinson,WR,MIN,ARI,0,0,0.0,0,0.0,0.0,0.0,0,0.0,0,1,0,0.0,0,0.0,0.0,,,70.0,187.0,30.109375,7.0,Southern Methodist,2011.0,2011.0,WAS,178.0,10.0,0.032258064
2018,7,00-0028116,A.Robinson,WR,MIN,NYJ,0,0,0.0,0,0.0,0.0,0.0,0,0.0,0,3,1,34.0,1,9.4,10.4,,,70.0,187.0,30.109375,7.0,Southern Methodist,2011.0,2011.0,WAS,178.0,,0.07692308
2018,8,00-0028116,A.Robinson,WR,MIN,NO,0,0,0.0,0,0.0,0.0,0.0,0,0.0,0,2,1,19.0,0,1.9,2.9,,,70.0,187.0,30.109375,7.0,Southern Methodist,2011.0,2011.0,WAS,178.0,-10.0,0.05
2018,9,00-0028116,A.Robinson,WR,MIN,DET,0,0,0.0,0,0.0,0.0,0.0,0,0.0,0,3,2,20.0,0,2.0,4.0,,,70.0,187.0,30.109375,7.0,Southern Methodist,2011.0,2011.0,WAS,178.0,15.0,0.13636364
2018,11,00-0028116,A.Robinson,WR,MIN,CHI,0,0,0.0,0,0.0,0.0,0.0,0,0.0,0,2,2,24.0,1,8.4,10.4,,,70.0,187.0,30.109375,7.0,Southern Methodist,2011.0,2011.0,WAS,178.0,,0.044444446
2018,12,00-0028116,A.Robinson,WR,MIN,GB,0,0,0.0,0,0.0,0.0,0.0,0,0.0,0,2,1,11.0,0,1.1,2.1,,,70.0,187.0,30.109375,7.0,Southern Methodist,2011.0,2011.0,WAS,178.0,7.0,0.054054055
2018,13,00-0028116,A.Robinson,WR,MIN,NE,0,0,0.0,0,0.0,0.0,0.0,0,0.0,0,9,5,37.0,0,3.7,8.7,,,70.0,187.0,30.109375,7.0,Southern Methodist,2011.0,2011.0,WAS,178.0,,0.20454545
2018,14,00-0028116,A.Robinson,WR,MIN,SEA,0,0,0.0,0,0.0,0.0,0.0,0,0.0,0,1,0,0.0,0,0.0,0.0,,,70.0,187.0,30.109375,7.0,Southern Methodist,2011.0,2011.0,WAS,178.0,,0.032258064
2018,15,00-0028116,A.Robinson,WR,MIN,MIA,0,0,0.0,0,0.0,0.0,0.0,0,0.0,0,2,2,44.0,1,10.4,12.4,,,70.0,187.0,30.109375,7.0,Southern Methodist,2011.0,2011.0,WAS,178.0,24.0,0.1
2018,16,00-0028116,A.Robinson,WR,MIN,DET,0,0,0.0,0,0.0,0.0,0.0,0,0.0,0,2,0,0.0,0,0.0,0.0,,,70.0,187.0,30.109375,7.0,Southern Methodist,2011.0,2011.0,WAS,178.0,,0.071428575
2018,17,00-0028116,A.Robinson,WR,MIN,CHI,0,0,0.0,0,0.0,0.0,0.0,0,0.0,0,4,0,0.0,0,0.0,0.0,,,70.0,187.0,30.109375,7.0,Southern Methodist,2011.0,2011.0,WAS,178.0,-14.0,0.12903225
2018,1,00-0028118,T.Taylor,QB,CLE,PIT,15,40,197.0,1,1.0,7.0,47.0,8,77.0,1,0,0,0.0,0,23.58,23.58,,,73.0,215.0,29.250875,7.0,Virginia Tech,2011.0,2011.0,BAL,180.0,0.0,
2018,2,00-0028118,T.Taylor,QB,CLE,NO,22,30,246.0,1,1.0,3.0,12.0,4,26.0,0,0,0,0.0,0,14.44,14.44,,,73.0,215.0,29.250875,7.0,Virginia Tech,2011.0,2011.0,BAL,180.0,,
2018,3,00-0028118,T.Taylor,QB,CLE,NYJ,4,14,19.0,0,0.0,3.0,22.0,4,22.0,0,0,0,0.0,0,2.96,2.96,,,73.0,215.0,29.250875,7.0,Virginia Tech,2011.0,2011.0,BAL,180.0,4.0,
2018,9,00-0028118,T.Taylor,QB,CLE,KC,1,1,11.0,0,0.0,0.0,-0.0,0,0.0,0,0,0,0.0,0,0.44,0.44,,,73.0,215.0,29.250875,7.0,Virginia Tech,2011.0,2011.0,BAL,180.0,-16.0,
2018,5,00-0028128,C.Jones,FS,CAR,NYG,0,0,0.0,0,0.0,0.0,0.0,0,0.0,0,0,0,0.0,0,6.0,6.0,,,72.0,205.0,31.0281875,7.0,Texas Christian,2011.0,2011.0,SF,190.0,2.0,
2018,1,00-0028142,V.Green,TE,LAC,KC,0,0,0.0,0,0.0,0.0,0.0,0,0.0,0,2,2,21.0,0,2.1,4.1,,,77.0,255.0,30.274,7.0,Nevada,2011.0,2011.0,DEN,204.0,-10.0,0.04
2018,2,00-0028142,V.Green,TE,LAC,BUF,0,0,0.0,0,0.0,0.0,0.0,0,0.0,0,3,3,55.0,0,5.5,8.5,,,77.0,255.0,30.274,7.0,Nevada,2011.0,2011.0,DEN,204.0,,0.11111111
2018,3,00-0028142,V.Green,TE,LAC,LA,0,0,0.0,0,0.0,0.0,0.0,0,0.0,0,1,1,6.0,0,0.6,1.6,,,77.0,255.0,30.274,7.0,Nevada,2011.0,2011.0,DEN,204.0,,0.033333335
2018,4,00-0028142,V.Green,TE,LAC,SF,0,0,0.0,0,0.0,0.0,0.0,0,0.0,0,2,2,9.0,0,0.9,2.9,,,77.0,255.0,30.274,7.0,Nevada,2011.0,2011.0,DEN,204.0,2.0,0.05263158
2018,5,00-0028142,V.Green,TE,LAC,LV,0,0,0.0,0,0.0,0.0,0.0,0,0.0,0,1,1,13.0,1,7.3,8.3,,,77.0,255.0,30.274,7.0,Nevada,2011.0,2011.0,DEN,204.0,16.0,0.03846154
2018,7,00-0028142,V.Green,TE,LAC,TEN,0,0,0.0,0,0.0,0.0,0.0,0,0.0,0,1,0,0.0,0,0.0,0.0,,,77.0,255.0,30.274,7.0,Nevada,2011.0,2011.0,DEN,204.0,1.0,0.04
2018,9,00-0028142,V.Green,TE,LAC,SEA,0,0,0.0,0,0.0,0.0,0.0,0,0.0,0,3,2,28.0,0,2.8,4.8,,,77.0,255.0,30.274,7.0,Nevada,2011.0,2011.0,DEN,204.0,,0.115384616
2018,10,00-0028142,V.Green,TE,LAC,LV,0,0,0.0,0,0.0,0.0,0.0,0,0.0,0,3,2,30.0,0,3.0,5.0,,,77.0,255.0,30.274,7.0,Nevada,2011.0,2011.0,DEN,204.0,,0.115384616
2018,11,00-0028142,V.Green,TE,LAC,DEN,0,0,0.0,0,0.0,0.0,0.0,0,0.0,0,4,2,27.0,0,2.7,4.7,,,77.0,255.0,30.274,7.0,Nevada,2011.0,2011.0,DEN,204.0,-1.0,0.093023255
2018,12,00-0028142,V.Green,TE,LAC,ARI,0,0,0.0,0,0.0,0.0,0.0,0,0.0,0,1,0,0.0,0,0.0,0.0,,,77.0,255.0,30.274,7.0,Nevada,2011.0,2011.0,DEN,204.0,35.0,0.032258064
2018,15,00-0028142,V.Green,TE,LAC,KC,0,0,0.0,0,0.0,0.0,0.0,0,0.0,0,3,2,9.0,0,0.9,2.9,,,77.0,255.0,30.274,7.0,Nevada,2011.0,2011.0,DEN,204.0,,0.078947365
2018,16,00-0028142,V.Green,TE,LAC,BAL,0,0,0.0,0,0.0,0.0,0.0,0,0.0,0,2,2,12.0,0,1.2,3.2,,,77.0,255.0,30.274,7.0,Nevada,2011.0,2011.0,DEN,204.0,-12.0,0.055555556
2018,17,00-0028142,V.Green,TE,LAC,DEN,0,0,0.0,0,0.0,0.0,0.0,0,0.0,0,1,0,0.0,0,0.0,0.0,,,77.0,255.0,30.274,7.0,Nevada,2011.0,2011.0,DEN,204.0,,0.041666668
2018,18,00-0028142,V.Green,TE,LAC,BAL,0,0,0.0,0,0.0,0.0,0.0,0,0.0,0,1,1,8.0,0,-1.2,-0.2,,,77.0,255.0,30.274,7.0,Nevada,2011.0,2011.0,DEN,204.0,,0.03448276
2018,19,00-0028142,V.Green,TE,LAC,NE,0,0,0.0,0,0.0,0.0,0.0,0,0.0,0,1,1,1.0,1,6.1,7.1,,,77.0,255.0,30.274,7.0,Nevada,2011.0,2011.0,DEN,204.0,,0.021276595
2018,1,00-0028237,C.Hogan,WR,NE,HOU,0,0,0.0,0,0.0,0.0,0.0,0,0.0,0,5,1,11.0,0,1.1,2.1,,,73.0,210.0,31.062736842105263,7.0,"Monmouth, N.J.",2011.0,2011.0,,,7.0,0.12820514
2018,2,00-0028237,C.Hogan,WR,NE,JAX,0,0,0.0,0,0.0,0.0,0.0,0,0.0,0,5,3,42.0,2,16.2,19.2,,,73.0,210.0,31.062736842105263,7.0,"Monmouth, N.J.",2011.0,2011.0,,,,0.14285715
2018,3,00-0028237,C.Hogan,WR,NE,DET,0,0,0.0,0,0.0,0.0,0.0,0,0.0,0,4,3,31.0,0,3.1,6.1,,,73.0,210.0,31.062736842105263,7.0,"Monmouth, N.J.",2011.0,2011.0,,,,0.16666667
2018,4,00-0028237,C.Hogan,WR,NE,MIA,0,0,0.0,0,0.0,0.0,0.0,0,0.0,0,1,1,25.0,0,2.5,3.5,,,73.0,210.0,31.062736842105263,7.0,"Monmouth, N.J.",2011.0,2011.0,,,31.0,0.028571429
2018,5,00-0028237,C.Hogan,WR,NE,IND,0,0,0.0,0,0.0,0.0,0.0,0,0.0,0,4,3,34.0,0,3.4,6.4,,,73.0,210.0,31.062736842105263,7.0,"Monmouth, N.J.",2011.0,2011.0,,,14.0,0.09090909
2018,6,00-0028237,C.Hogan,WR,NE,KC,0,0,0.0,0,0.0,0.0,0.0,0,0.0,0,4,4,78.0,0,7.8,11.8,,,73.0,210.0,31.062736842105263,7.0,"Monmouth, N.J.",2011.0,2011.0,,,3.0,0.114285715
2018,7,00-0028237,C.Hogan,WR,NE,CHI,0,0,0.0,0,0.0,0.0,0.0,0,0.0,0,7,6,63.0,0,6.3,12.3,,,73.0,210.0,31.062736842105263,7.0,"Monmouth, N.J.",2011.0,2011.0,,,,0.2
2018,8,00-0028237,C.Hogan,WR,NE,BUF,0,0,0.0,0,0.0,0.0,0.0,0,0.0,0,2,2,49.0,0,4.9,6.9,,,73.0,210.0,31.062736842105263,7.0,"Monmouth, N.J.",2011.0,2011.0,,,,0.048780486
2018,9,00-0028237,C.Hogan,WR,NE,GB,0,0,0.0,0,0.0,0.0,0.0,0,0.0,0,2,0,0.0,0,0.0,0.0,,,73.0,210.0,31.062736842105263,7.0,"Monmouth, N.J.",2011.0,2011.0,,,14.0,0.057142857
2018,10,00-0028237,C.Hogan,WR,NE,TEN,0,0,0.0,0,0.0,0.0,0.0,0,0.0,0,2,0,0.0,0,0.0,0.0,,,73.0,210.0,31.062736842105263,7.0,"Monmouth, N.J.",2011.0,2011.0,,,,0.05
2018,12,00-0028237,C.Hogan,WR,NE,NYJ,0,0,0.0,0,0.0,0.0,0.0,0,0.0,0,2,2,47.0,0,4.7,6.7,,,73.0,210.0,31.062736842105263,7.0,"Monmouth, N.J.",2011.0,2011.0,,,,0.06666667
2018,13,00-0028237,C.Hogan,WR,NE,MIN,0,0,0.0,0,0.0,0.0,0.0,0,0.0,0,2,2,20.0,0,2.0,4.0,,,73.0,210.0,31.062736842105263,7.0,"Monmouth, N.J.",2011.0,2011.0,,,14.0,0.0625
2018,14,00-0028237,C.Hogan,WR,NE,MIA,0,0,0.0,0,0.0,0.0,0.0,0,0.0,0,1,0,0.0,0,0.0,0.0,,,73.0,210.0,31.062736842105263,7.0,"Monmouth, N.J.",2011.0,2011.0,,,,0.025641026
2018,15,00-0028237,C.Hogan,WR,NE,PIT,0,0,0.0,0,0.0,0.0,0.0,0,0.0,0,3,2,68.0,1,12.8,14.8,,,73.0,210.0,31.062736842105263,7.0,"Monmouth, N.J.",2011.0,2011.0,,,,0.083333336
2018,17,00-0028237,C.Hogan,WR,NE,NYJ,0,0,0.0,0,0.0,0.0,0.0,0,0.0,0,11,6,64.0,0,6.4,12.4,,,73.0,210.0,31.062736842105263,7.0,"Monmouth, N.J.",2011.0,2011.0,,,35.0,0.34375
2018,19,00-0028237,C.Hogan,WR,NE,LAC,0,0,0.0,0,0.0,0.0,0.0,0,0.0,0,5,3,13.0,0,1.3,4.3,,,73.0,210.0,31.062736842105263,7.0,"Monmouth, N.J.",2011.0,2011.0,,,13.0,0.11363637
2018,20,00-0028237,C.Hogan,WR,NE,KC,0,0,0.0,0,0.0,0.0,0.0,0,0.0,0,7,5,45.0,0,4.5,9.5,,,73.0,210.0,31.062736842105263,7.0,"Monmouth, N.J.",2011.0,2011.0,,,,0.1521739
2018,21,00-0028237,C.Hogan,WR,NE,LA,0,0,0.0,0,0.0,0.0,0.0,0,0.0,0,6,0,0.0,0,0.0,0.0,,,73.0,210.0,31.062736842105263,7.0,"Monmouth, N.J.",2011.0,2011.0,,,,0.17142858
2018,1,00-0028263,A.Holmes,WR,BUF,BAL,0,0,0.0,0,0.0,0.0,0.0,0,0.0,0,1,1,14.0,0,1.4,2.4,,,76.0,210.0,30.3824375,7.0,Hillsdale,2011.0,2011.0,,,,0.03125
2018,2,00-0028263,A.Holmes,WR,BUF,LAC,0,0,0.0,0,0.0,0.0,0.0,0,0.0,0,4,0,0.0,0,0.0,0.0,,,76.0,210.0,30.3824375,7.0,Hillsdale,2011.0,2011.0,,,-11.0,0.125
2018,3,00-0028263,A.Holmes,WR,BUF,MIN,0,0,0.0,0,0.0,0.0,0.0,0,0.0,0,4,3,29.0,0,2.9,5.9,,,76.0,210.0,30.3824375,7.0,Hillsdale,2011.0,2011.0,,,,0.18181819
2018,4,00-0028263,A.Holmes,WR,BUF,GB,0,0,0.0,0,0.0,0.0,0.0,0,0.0,0,3,2,8.0,0,0.8,2.8,,,76.0,210.0,30.3824375,7.0,Hillsdale,2011.0,2011.0,,,,0.09090909
2018,5,00-0028263,A.Holmes,WR,BUF,TEN,0,0,0.0,0,0.0,0.0,0.0,0,0.0,0,2,0,0.0,0,0.0,0.0,,,76.0,210.0,30.3824375,7.0,Hillsdale,2011.0,2011.0,,,1.0,0.1
2018,6,00-0028263,A.Holmes,WR,BUF,HOU,0,0,0.0,0,0.0,0.0,0.0,0,0.0,0,2,1,20.0,0,2.0,3.0,,,76.0,210.0,30.3824375,7.0,Hillsdale,2011.0,2011.0,,,,0.06896552
2018,7,00-0028263,A.Holmes,WR,BUF,IND,0,0,0.0,0,0.0,0.0,0.0,0,0.0,0,2,1,13.0,0,1.3,2.3,,,76.0,210.0,30.3824375,7.0,Hillsdale,2011.0,2011.0,,,,0.06451613
2018,8,00-0028263,A.Holmes,WR,BUF,NE,0,0,0.0,0,0.0,0.0,0.0,0,0.0,0,3,2,45.0,0,4.5,6.5,,,76.0,210.0,30.3824375,7.0,Hillsdale,2011.0,2011.0,,,-19.0,0.075
2018,9,00-0028263,A.Holmes,WR,BUF,CHI,0,0,0.0,0,0.0,0.0,0.0,0,0.0,0,1,1,6.0,0,0.6,1.6,,,76.0,210.0,30.3824375,7.0,Hillsdale,2011.0,2011.0,,,-32.0,0.021276595
2018,10,00-0028263,A.Holmes,WR,BUF,NYJ,0,0,0.0,0,0.0,0.0,0.0,0,0.0,0,1,1,22.0,0,2.2,3.2,,,76.0,210.0,30.3824375,7.0,Hillsdale,2011.0,2011.0,,,,0.03846154
2018,15,00-0028263,A.Holmes,WR,DEN,CLE,0,0,0.0,0,0.0,0.0,0.0,0,0.0,0,1,1,5.0,0,0.5,1.5,,,76.0,210.0,30.3824375,7.0,Hillsdale,2011.0,2011.0,,,-1.0,0.022222223
2018,3,00-0028292,N.Bellore,ILB,DET,NE,0,0,0.0,0,0.0,0.0,0.0,0,0.0,0,1,1,-5.0,0,-0.5,0.5,,,73.0,250.0,29.484375,7.0,Central Michigan,2011.0,2011.0,,,16.0,0.028571429
2018,10,00-0028292,N.Bellore,ILB,DET,CHI,0,0,0.0,0,0.0,0.0,0.0,1,0.0,0,0,0,0.0,0,0.0,0.0,,,73.0,250.0,29.484375,7.0,Central Michigan,2011.0,2011.0,,,,
2018,12,00-0028292,N.Bellore,ILB,DET,CHI,0,0,0.0,0,0.0,0.0,0.0,0,0.0,0,2,2,12.0,0,1.2,3.2,,,73.0,250.0,29.484375,7.0,Central Michigan,2011.0,2011.0,,,-7.0,0.054054055
2018,17,00-0028292,N.Bellore,ILB,DET,GB,0,0,0.0,0,0.0,0.0,0.0,0,0.0,0,1,1,8.0,0,0.8,1.8,,,73.0,250.0,29.484375,7.0,Central Michigan,2011.0,2011.0,,,,0.030303031
2018,8,00-0028411,D.Inman,WR,IND,LV,0,0,0.0,0,0.0,0.0,0.0,0,0.0,0,7,6,52.0,0,5.2,11.2,,,75.0,205.0,29.840333333333334,7.0,Virginia,2011.0,2011.0,,,,0.22580644
2018,10,00-0028411,D.Inman,WR,IND,JAX,0,0,0.0,0,0.0,0.0,0.0,0,0.0,0,4,4,41.0,0,4.1,8.1,,,75.0,205.0,29.840333333333334,7.0,Virginia,2011.0,2011.0,,,3.0,0.13793103
2018,11,00-0028411,D.Inman,WR,IND,TEN,0,0,0.0,0,0.0,0.0,0.0,0,0.0,0,6,4,34.0,1,9.4,13.4,,,75.0,205.0,29.840333333333334,7.0,Virginia,2011.0,2011.0,,,28.0,0.1875
2018,12,00-0028411,D.Inman,WR,IND,MIA,0,0,0.0,0,0.0,0.0,0.0,0,0.0,0,4,3,40.0,0,4.0,7.0,,,75.0,205.0,29.840333333333334,7.0,Virginia,2011.0,2011.0,,,3.0,0.10526316
2018,13,00-0028411,D.Inman,WR,IND,JAX,0,0,0.0,0,0.0,0.0,0.0,0,0.0,0,6,2,14.0,0,1.4,3.4,,,75.0,205.0,29.840333333333334,7.0,Virginia,2011.0,2011.0,,,,0.12
2018,15,00-0028411,D.Inman,WR,IND,DAL,0,0,0.0,0,0.0,0.0,0.0,0,0.0,0,1,0,0.0,0,0.0,0.0,,,75.0,205.0,29.840333333333334,7.0,Virginia,2011.0,2011.0,,,23.0,0.03846154
2018,16,00-0028411,D.Inman,WR,IND,NYG,0,0,0.0,0,0.0,0.0,0.0,0,0.0,0,5,4,46.0,1,10.6,14.6,,,75.0,205.0,29.840333333333334,7.0,Virginia,2011.0,2011.0,,,1.0,0.11363637
2018,17,00-0028411,D.Inman,WR,IND,TEN,0,0,0.0,0,0.0,0.0,0.0,0,0.0,0,6,5,77.0,1,13.7,18.7,,,75.0,205.0,29.840333333333334,7.0,Virginia,2011.0,2011.0,,,,0.17142858
2018,18,00-0028411,D.Inman,WR,IND,HOU,0,0,0.0,0,0.0,0.0,0.0,0,0.0,0,4,4,53.0,1,11.3,15.3,,,75.0,205.0,29.840333333333334,7.0,Virginia,2011.0,2011.0,,,,0.12903225
2018,19,00-0028411,D.Inman,WR,IND,KC,0,0,0.0,0,0.0,0.0,0.0,0,0.0,0,4,4,55.0,0,5.5,9.5,,,75.0,205.0,29.840333333333334,7.0,Virginia,2011.0,2011.0,,,,0.11111111
2018,1,00-0028434,D.Baldwin,WR,SEA,DEN,0,0,0.0,0,0.0,0.0,0.0,0,0.0,0,1,0,0.0,0,0.0,0.0,,,70.0,192.0,30.131176470588237,7.0,Stanford,2011.0,2011.0,,,,0.030303031
2018,4,00-0028434,D.Baldwin,WR,SEA,ARI,0,0,0.0,0,0.0,0.0,0.0,0,0.0,0,7,5,41.0,0,4.1,9.1,,,70.0,192.0,30.131176470588237,7.0,Stanford,2011.0,2011.0,,,,0.28
2018,5,00-0028434,D.Baldwin,WR,SEA,LA,0,0,0.0,0,0.0,0.0,0.0,0,0.0,0,1,1,1.0,0,0.1,1.1,,,70.0,192.0,30.131176470588237,7.0,Stanford,2011.0,2011.0,,,-2.0,0.05263158
2018,6,00-0028434,D.Baldwin,WR,SEA,LV,0,0,0.0,0,0.0,0.0,0.0,0,0.0,0,8,6,91.0,0,9.1,15.1,,,70.0,192.0,30.131176470588237,7.0,Stanford,2011.0,2011.0,,,,0.3478261
2018,8,00-0028434,D.Baldwin,WR,SEA,DET,0,0,0.0,0,0.0,0.0,0.0,0,0.0,0,3,2,26.0,0,2.6,4.6,,,70.0,192.0,30.131176470588237,7.0,Stanford,2011.0,2011.0,,,,0.1764706
2018,9,00-0028434,D.Baldwin,WR,SEA,LAC,0,0,0.0,0,0.0,0.0,0.0,0,0.0,0,4,4,77.0,0,7.7,11.7,,,70.0,192.0,30.131176470588237,7.0,Stanford,2011.0,2011.0,,,-8.0,0.10810811
2018,10,00-0028434,D.Baldwin,WR,SEA,LA,0,0,0.0,0,0.0,0.0,0.0,0,0.0,0,5,5,39.0,0,3.9,8.9,,,70.0,192.0,30.131176470588237,7.0,Stanford,2011.0,2011.0,,,,0.2173913
2018,11,00-0028434,D.Baldwin,WR,SEA,GB,0,0,0.0,0,0.0,0.0,0.0,0,0.0,0,10,7,52.0,1,11.2,18.2,,,70.0,192.0,30.131176470588237,7.0,Stanford,2011.0,2011.0,,,3.0,0.3448276
2018,12,00-0028434,D.Baldwin,WR,SEA,CAR,0,0,0.0,0,0.0,0.0,0.0,0,0.0,0,7,5,39.0,0,3.9,8.9,,,70.0,192.0,30.131176470588237,7.0,Stanford,2011.0,2011.0,,,,0.25
2018,13,00-0028434,D.Baldwin,WR,SEA,SF,0,0,0.0,0,0.0,0.0,0.0,0,0.0,0,4,2,22.0,1,8.2,10.2,,,70.0,192.0,30.131176470588237,7.0,Stanford,2011.0,2011.0,,,27.0,0.23529412
2018,15,00-0028434,D.Baldwin,WR,SEA,SF,0,0,0.0,0,0.0,0.0,0.0,0,0.0,0,6,4,77.0,2,19.7,23.7,,,70.0,192.0,30.131176470588237,7.0,Stanford,2011.0,2011.0,,,,0.21428572
2018,16,00-0028434,D.Baldwin,WR,SEA,KC,0,0,0.0,0,0.0,0.0,0.0,0,0.0,0,12,7,126.0,1,18.6,25.6,,,70.0,192.0,30.131176470588237,7.0,Stanford,2011.0,2011.0,,,7.0,0.44444445
2018,17,00-0028434,D.Baldwin,WR,SEA,ARI,0,0,0.0,0,0.0,0.0,0.0,0,0.0,0,5,2,27.0,0,2.7,4.7,,,70.0,192.0,30.131176470588237,7.0,Stanford,2011.0,2011.0,,,3.0,0.25
2018,18,00-0028434,D.Baldwin,WR,SEA,DAL,0,0,0.0,0,0.0,0.0,0.0,0,0.0,0,6,3,32.0,0,3.2,6.2,,,70.0,192.0,30.131176470588237,7.0,Stanford,2011.0,2011.0,,,,0.22222222
2018,2,00-0028497,K.Aiken,WR,PHI,TB,0,0,0.0,0,0.0,0.0,0.0,0,0.0,0,6,5,39.0,0,3.9,8.9,,,74.0,216.0,29.451333333333334,7.0,Central Florida,2011.0,2011.0,,,,0.12765957
2018,4,00-0028497,K.Aiken,WR,PHI,TEN,0,0,0.0,0,0.0,0.0,0.0,0,0.0,0,1,1,14.0,0,1.4,2.4,,,74.0,216.0,29.451333333333334,7.0,Central Florida,2011.0,2011.0,,,,0.02
2018,2,00-0028581,P.DiMarco,FB,BUF,LAC,0,0,0.0,0,0.0,0.0,0.0,0,0.0,0,1,1,24.0,0,2.4,3.4,,,73.0,234.0,29.511875,7.0,South Carolina,2011.0,2011.0,,,-11.0,0.03125
2018,8,00-0028581,P.DiMarco,FB,BUF,NE,0,0,0.0,0,0.0,0.0,0.0,0,0.0,0,1,1,0.0,0,0.0,1.0,,,73.0,234.0,29.511875,7.0,South Carolina,2011.0,2011.0,,,-19.0,0.025
2018,13,00-0028581,P.DiMarco,FB,BUF,MIA,0,0,0.0,0,0.0,0.0,0.0,0,0.0,0,1,1,38.0,0,3.8,4.8,,,73.0,234.0,29.511875,7.0,South Carolina,2011.0,2011.0,,,,0.035714287
2018,14,00-0028581,P.DiMarco,FB,BUF,NYJ,0,0,0.0,0,0.0,0.0,0.0,0,0.0,0,1,0,0.0,0,0.0,0.0,,,73.0,234.0,29.511875,7.0,South Carolina,2011.0,2011.0,,,-4.0,0.028571429
2018,15,00-0028581,P.DiMarco,FB,BUF,DET,0,0,0.0,0,0.0,0.0,0.0,1,9.0,0,0,0,0.0,0,0.9,0.9,,,73.0,234.0,29.511875,7.0,South Carolina,2011.0,2011.0,,,1.0,
2018,1,00-0028825,T.Pryor,WR,NYJ,DET,0,0,0.0,0,0.0,0.0,0.0,0,0.0,0,3,3,49.0,0,4.9,7.9,,,76.0,228.0,29.3716875,7.0,Ohio State,2011.0,2011.0,OAK,82.0,,0.15
2018,2,00-0028825,T.Pryor,WR,NYJ,MIA,0,0,0.0,0,0.0,0.0,0.0,0,0.0,0,8,4,84.0,0,8.4,12.4,,,76.0,228.0,29.3716875,7.0,Ohio State,2011.0,2011.0,OAK,82.0,-8.0,0.19512194
2018,3,00-0028825,T.Pryor,WR,NYJ,CLE,0,0,0.0,0,0.0,0.0,0.0,0,0.0,0,3,1,25.0,0,2.5,3.5,,,76.0,228.0,29.3716875,7.0,Ohio State,2011.0,2011.0,OAK,82.0,,0.1
2018,4,00-0028825,T.Pryor,WR,NYJ,JAX,0,0,0.0,0,0.0,0.0,0.0,0,0.0,0,1,0,0.0,0,0.0,0.0,,,76.0,228.0,29.3716875,7.0,Ohio State,2011.0,2011.0,OAK,82.0,,0.030303031
2018,5,00-0028825,T.Pryor,WR,NYJ,DEN,0,0,0.0,0,0.0,0.0,0.0,0,0.0,0,1,1,20.0,1,8.0,9.0,,,76.0,228.0,29.3716875,7.0,Ohio State,2011.0,2011.0,OAK,82.0,18.0,0.045454547
2018,6,00-0028825,T.Pryor,WR,NYJ,IND,0,0,0.0,0,0.0,0.0,0.0,0,0.0,0,6,5,57.0,1,11.7,16.7,,,76.0,228.0,29.3716875,7.0,Ohio State,2011.0,2011.0,OAK,82.0,8.0,0.20689656
2018,9,00-0028825,T.Pryor,WR,BUF,CHI,0,0,0.0,0,0.0,0.0,0.0,1,-1.0,0,5,2,17.0,0,1.6,3.6,,,76.0,228.0,29.3716875,7.0,Ohio State,2011.0,2011.0,OAK,82.0,-32.0,0.10638298
2018,10,00-0028825,T.Pryor,WR,BUF,NYJ,0,0,0.0,0,0.0,0.0,0.0,0,0.0,0,3,0,0.0,0,0.0,0.0,,,76.0,228.0,29.3716875,7.0,Ohio State,2011.0,2011.0,OAK,82.0,,0.115384616
2018,4,00-0028872,J.Hekker,P,LA,MIN,0,1,0.0,0,0.0,0.0,-0.0,0,0.0,0,0,0,0.0,0,0.0,0.0,,,77.0,241.0,28.767368421052634,6.0,Oregon State,2012.0,2012.0,,,7.0,
2018,8,00-0028872,J.Hekker,P,LA,GB,1,1,12.0,0,0.0,0.0,-0.0,0,0.0,0,0,0,0.0,0,0.48,0.48,,,77.0,241.0,28.767368421052634,6.0,Oregon State,2012.0,2012.0,,,2.0,
2018,9,00-0028872,J.Hekker,P,LA,NO,0,0,0.0,0,0.0,0.0,0.0,1,3.0,0,0,0,0.0,0,0.3,0.3,,,77.0,241.0,28.767368421052634,6.0,Oregon State,2012.0,2012.0,,,,
2018,14,00-0028872,J.Hekker,P,LA,CHI,1,1,7.0,0,0.0,0.0,-0.0,0,0.0,0,0,0,0.0,0,0.28,0.28,,,77.0,241.0,28.767368421052634,6.0,Oregon State,2012.0,2012.0,,,,
2018,15,00-0028872,J.Hekker,P,LA,PHI,0,1,0.0,0,0.0,0.0,-0.0,0,0.0,0,0,0,0.0,0,0.0,0.0,,,77.0,241.0,28.767368421052634,6.0,Oregon State,2012.0,2012.0,,,-7.0,
2018,20,00-0028872,J.Hekker,P,LA,NO,1,1,12.0,0,0.0,0.0,-0.0,0,0.0,0,0,0,0.0,0,0.48,0.48,,,77.0,241.0,28.767368421052634,6.0,Oregon State,2012.0,2012.0,,,,
2018,2,00-0028903,G.Celek,TE,SF,DET,0,0,0.0,0,0.0,0.0,0.0,0,0.0,0,2,2,22.0,1,8.2,10.2,,,77.0,252.0,30.4314375,6.0,Michigan State,2012.0,2012.0,,,3.0,0.08
2018,3,00-0028903,G.Celek,TE,SF,KC,0,0,0.0,0,0.0,0.0,0.0,0,0.0,0,1,1,7.0,0,0.7,1.7,,,77.0,252.0,30.4314375,6.0,Michigan State,2012.0,2012.0,,,,0.033333335
2018,4,00-0028903,G.Celek,TE,SF,LAC,0,0,0.0,0,0.0,0.0,0.0,0,0.0,0,1,0,0.0,0,0.0,0.0,,,77.0,252.0,30.4314375,6.0,Michigan State,2012.0,2012.0,,,,0.027777778
2018,7,00-0028903,G.Celek,TE,SF,LA,0,0,0.0,0,0.0,0.0,0.0,0,0.0,0,1,0,0.0,0,0.0,0.0,,,77.0,252.0,30.4314375,6.0,Michigan State,2012.0,2012.0,,,-29.0,0.037037037
2018,14,00-0028903,G.Celek,TE,SF,DEN,0,0,0.0,0,0.0,0.0,0.0,0,0.0,0,1,0,0.0,0,0.0,0.0,,,77.0,252.0,30.4314375,6.0,Michigan State,2012.0,2012.0,,,6.0,0.03125
2018,15,00-0028903,G.Celek,TE,SF,SEA,0,0,0.0,0,0.0,0.0,0.0,0,0.0,0,2,2,61.0,1,12.1,14.1,,,77.0,252.0,30.4314375,6.0,Michigan State,2012.0,2012.0,,,3.0,0.06896552
2018,1,00-0028986,C.Keenum,QB,DEN,SEA,25,39,329.0,3,3.0,1.0,5.0,0,0.0,0,0,0,0.0,0,19.16,19.16,,,73.0,205.0,30.71175,6.0,Houston,2012.0,2012.0,,,3.0,
2018,2,00-0028986,C.Keenum,QB,DEN,LV,19,35,222.0,0,1.0,1.0,5.0,3,16.0,1,0,0,0.0,0,14.48,14.48,,,73.0,205.0,30.71175,6.0,Houston,2012.0,2012.0,,,1.0,
2018,3,00-0028986,C.Keenum,QB,DEN,BAL,22,34,192.0,0,1.0,3.0,19.0,0,0.0,0,0,0,0.0,0,5.68,5.68,,,73.0,205.0,30.71175,6.0,Houston,2012.0,2012.0,,,,
2018,4,00-0028986,C.Keenum,QB,DEN,KC,21,33,245.0,0,1.0,4.0,19.0,0,0.0,0,0,0,0.0,0,7.8,7.8,,,73.0,205.0,30.71175,6.0,Houston,2012.0,2012.0,,,-4.0,
2018,5,00-0028986,C.Keenum,QB,DEN,NYJ,35,51,377.0,2,1.0,4.0,33.0,0,0.0,0,0,0,0.0,0,21.08,21.08,,,73.0,205.0,30.71175,6.0,Houston,2012.0,2012.0,,,,
2018,6,00-0028986,C.Keenum,QB,DEN,LA,25,41,322.0,2,1.0,2.0,25.0,1,6.0,0,0,0,0.0,0,19.48,19.48,,,73.0,205.0,30.71175,6.0,Houston,2012.0,2012.0,,,-3.0,
2018,7,00-0028986,C.Keenum,QB,DEN,ARI,14,21,161.0,1,1.0,2.0,11.0,4,4.0,0,0,0,0.0,0,8.84,8.84,,,73.0,205.0,30.71175,6.0,Houston,2012.0,2012.0,,,,
2018,8,00-0028986,C.Keenum,QB,DEN,KC,23,34,262.0,2,1.0,5.0,40.0,1,9.0,0,0,0,0.0,0,15.38,15.38,,,73.0,205.0,30.71175,6.0,Houston,2012.0,2012.0,,,,
2018,9,00-0028986,C.Keenum,QB,DEN,HOU,26,42,290.0,1,0.0,2.0,17.0,0,0.0,0,0,0,0.0,0,15.6,15.6,,,73.0,205.0,30.71175,6.0,Houston,2012.0,2012.0,,,-2.0,
2018,11,00-0028986,C.Keenum,QB,DEN,LAC,19,32,205.0,0,0.0,0.0,-0.0,0,0.0,0,0,0,0.0,0,8.2,8.2,,,73.0,205.0,30.71175,6.0,Houston,2012.0,2012.0,,,,
2018,12,00-0028986,C.Keenum,QB,DEN,PIT,15,28,197.0,2,0.0,2.0,13.0,3,-3.0,0,0,0,0.0,0,15.58,15.58,,,73.0,205.0,30.71175,6.0,Houston,2012.0,2012.0,,,7.0,
2018,13,00-0028986,C.Keenum,QB,DEN,CIN,12,21,151.0,1,0.0,2.0,8.0,2,9.0,0,0,0,0.0,0,10.94,10.94,,,73.0,205.0,30.71175,6.0,Houston,2012.0,2012.0,,,,
2018,14,00-0028986,C.Keenum,QB,DEN,SF,24,42,186.0,1,0.0,2.0,15.0,4,24.0,0,0,0,0.0,0,13.84,13.84,,,73.0,205.0,30.71175,6.0,Houston,2012.0,2012.0,,,,
2018,15,00-0028986,C.Keenum,QB,DEN,CLE,31,48,257.0,0,2.0,2.0,19.0,2,1.0,1,0,0,0.0,0,12.38,12.38,,,73.0,205.0,30.71175,6.0,Houston,2012.0,2012.0,,,-1.0,
2018,16,00-0028986,C.Keenum,QB,DEN,LV,23,37,202.0,2,2.0,1.0,2.0,3,19.0,0,0,0,0.0,0,13.98,13.98,,,73.0,205.0,30.71175,6.0,Houston,2012.0,2012.0,,,,
2018,17,00-0028986,C.Keenum,QB,DEN,LAC,31,48,292.0,1,1.0,1.0,4.0,3,8.0,0,0,0,0.0,0,12.48,12.48,,,73.0,205.0,30.71175,6.0,Houston,2012.0,2012.0,,,-14.0,
2018,1,00-0029000,C.Beasley,WR,DAL,CAR,0,0,0.0,0,0.0,0.0,0.0,0,0.0,0,8,7,73.0,0,7.3,14.3,,,68.0,180.0,29.545166666666667,6.0,Southern Methodist,2012.0,2012.0,,,,0.27586207
2018,2,00-0029000,C.Beasley,WR,DAL,NYG,0,0,0.0,0,0.0,0.0,0.0,0,0.0,0,3,2,13.0,0,1.3,3.3,,,68.0,180.0,29.545166666666667,6.0,Southern Methodist,2012.0,2012.0,,,7.0,0.13043478
2018,3,00-0029000,C.Beasley,WR,DAL,SEA,0,0,0.0,0,0.0,0.0,0.0,0,0.0,0,5,3,46.0,0,4.6,7.6,,,68.0,180.0,29.545166666666667,6.0,Southern Methodist,2012.0,2012.0,,,,0.14705883
2018,4,00-0029000,C.Beasley,WR,DAL,DET,0,0,0.0,0,0.0,0.0,0.0,0,0.0,0,5,4,53.0,0,5.3,9.3,,,68.0,180.0,29.545166666666667,6.0,Southern Methodist,2012.0,2012.0,,,2.0,0.18518518
2018,5,00-0029000,C.Beasley,WR,DAL,HOU,0,0,0.0,0,0.0,0.0,0.0,0,0.0,0,3,1,8.0,0,0.8,1.8,,,68.0,180.0,29.545166666666667,6.0,Southern Methodist,2012.0,2012.0,,,,0.10714286
2018,6,00-0029000,C.Beasley,WR,DAL,JAX,0,0,0.0,0,0.0,0.0,0.0,0,0.0,0,11,9,101.0,2,22.1,31.1,,,68.0,180.0,29.545166666666667,6.0,Southern Methodist,2012.0,2012.0,,,33.0,0.42307693
2018,7,00-0029000,C.Beasley,WR,DAL,WAS,0,0,0.0,0,0.0,0.0,0.0,0,0.0,0,8,7,56.0,0,5.6,12.6,,,68.0,180.0,29.545166666666667,6.0,Southern Methodist,2012.0,2012.0,,,,0.22857143
2018,9,00-0029000,C.Beasley,WR,DAL,TEN,0,1,0.0,0,0.0,0.0,-0.0,0,0.0,0,4,3,16.0,0,1.6,4.6,,,68.0,180.0,29.545166666666667,6.0,Southern Methodist,2012.0,2012.0,,,-14.0,0.12903225
2018,10,00-0029000,C.Beasley,WR,DAL,PHI,0,0,0.0,0,0.0,0.0,0.0,0,0.0,0,5,4,37.0,0,3.7,7.7,,,68.0,180.0,29.545166666666667,6.0,Southern Methodist,2012.0,2012.0,,,,0.14705883
2018,11,00-0029000,C.Beasley,WR,DAL,ATL,0,0,0.0,0,0.0,0.0,0.0,0,0.0,0,7,5,51.0,0,5.1,10.1,,,68.0,180.0,29.545166666666667,6.0,Southern Methodist,2012.0,2012.0,,,,0.21875
2018,12,00-0029000,C.Beasley,WR,DAL,WAS,0,0,0.0,0,0.0,0.0,0.0,0,0.0,0,3,1,5.0,0,0.5,1.5,,,68.0,180.0,29.545166666666667,6.0,Southern Methodist,2012.0,2012.0,,,8.0,0.09677419
2018,13,00-0029000,C.Beasley,WR,DAL,NO,0,0,0.0,0,0.0,0.0,0.0,0,0.0,0,3,2,9.0,0,0.9,2.9,,,68.0,180.0,29.545166666666667,6.0,Southern Methodist,2012.0,2012.0,,,3.0,0.10714286
2018,14,00-0029000,C.Beasley,WR,DAL,PHI,0,0,0.0,0,0.0,0.0,0.0,0,0.0,0,4,2,18.0,0,1.8,3.8,,,68.0,180.0,29.545166666666667,6.0,Southern Methodist,2012.0,2012.0,,,6.0,0.0754717
2018,15,00-0029000,C.Beasley,WR,DAL,IND,0,0,0.0,0,0.0,0.0,0.0,0,0.0,0,7,4,42.0,0,4.2,8.2,,,68.0,180.0,29.545166666666667,6.0,Southern Methodist,2012.0,2012.0,,,,0.18421052
2018,16,00-0029000,C.Beasley,WR,DAL,TB,0,0,0.0,0,0.0,0.0,0.0,0,0.0,0,5,5,50.0,0,5.0,10.0,,,68.0,180.0,29.545166666666667,6.0,Southern Methodist,2012.0,2012.0,,,7.0,0.2
2018,17,00-0029000,C.Beasley,WR,DAL,NYG,0,0,0.0,0,0.0,0.0,0.0,0,0.0,0,6,6,94.0,1,15.4,21.4,,,68.0,180.0,29.545166666666667,6.0,Southern Methodist,2012.0,2012.0,,,,0.13953489
2018,18,00-0029000,C.Beasley,WR,DAL,SEA,0,0,0.0,0,0.0,0.0,0.0,0,0.0,0,3,3,28.0,0,2.8,5.8,,,68.0,180.0,29.545166666666667,6.0,Southern Methodist,2012.0,2012.0,,,2.0,0.09375
2018,19,00-0029000,C.Beasley,WR,DAL,LA,0,0,0.0,0,0.0,0.0,0.0,0,0.0,0,2,1,15.0,0,1.5,2.5,,,68.0,180.0,29.545166666666667,6.0,Southern Methodist,2012.0,2012.0,,,,0.0625
2018,2,00-0029068,D.Coleman,FB,ARI,LA,0,0,0.0,0,0.0,0.0,0.0,1,1.0,0,0,0,0.0,0,0.1,0.1,,,72.0,233.0,28.0460625,6.0,UCLA,2012.0,2012.0,,,,
2018,3,00-0029068,D.Coleman,FB,ARI,CHI,0,0,0.0,0,0.0,0.0,0.0,0,0.0,0,1,1,12.0,0,1.2,2.2,,,72.0,233.0,28.0460625,6.0,UCLA,2012.0,2012.0,,,-2.0,0.04
2018,4,00-0029068,D.Coleman,FB,ARI,SEA,0,0,0.0,0,0.0,0.0,0.0,0,0.0,0,1,1,5.0,0,0.5,1.5,,,72.0,233.0,28.0460625,6.0,UCLA,2012.0,2012.0,,,-3.0,0.04
2018,6,00-0029068,D.Coleman,FB,ARI,MIN,0,0,0.0,0,0.0,0.0,0.0,1,2.0,0,0,0,0.0,0,0.2,0.2,,,72.0,233.0,28.0460625,6.0,UCLA,2012.0,2012.0,,,,
2018,12,00-0029068,D.Coleman,FB,ARI,LAC,0,0,0.0,0,0.0,0.0,0.0,0,0.0,0,1,0,0.0,0,0.0,0.0,,,72.0,233.0,28.0460625,6.0,UCLA,2012.0,2012.0,,,,0.05882353
2018,7,00-0029091,B.Sowell,TE,CHI,NE,0,0,0.0,0,0.0,0.0,0.0,0,0.0,0,1,0,0.0,0,0.0,0.0,,,79.0,312.0,29.42705882352941,6.0,Mississippi,2012.0,2012.0,,,-7.0,0.020833334
2018,14,00-0029091,B.Sowell,TE,CHI,LA,0,0,0.0,0,0.0,0.0,0.0,0,0.0,0,1,1,2.0,1,6.2,7.2,,,79.0,312.0,29.42705882352941,6.0,Mississippi,2012.0,2012.0,,,9.0,0.035714287
2018,1,00-0029119,D.Carrier,TE,LV,LA,0,0,0.0,0,0.0,0.0,0.0,0,0.0,0,3,2,20.0,0,2.0,4.0,,,76.0,244.0,28.2815,6.0,Beloit,2012.0,2012.0,,,,0.078947365
2018,2,00-0029119,D.Carrier,TE,LV,DEN,0,0,0.0,0,0.0,0.0,0.0,0,0.0,0,1,1,5.0,0,0.5,1.5,,,76.0,244.0,28.2815,6.0,Beloit,2012.0,2012.0,,,,0.03125
2018,5,00-0029119,D.Carrier,TE,LV,LAC,0,0,0.0,0,0.0,0.0,0.0,0,0.0,0,1,0,0.0,0,0.0,0.0,,,76.0,244.0,28.2815,6.0,Beloit,2012.0,2012.0,,,,0.032258064
2018,9,00-0029119,D.Carrier,TE,LV,SF,0,0,0.0,0,0.0,0.0,0.0,0,0.0,0,2,1,8.0,0,0.8,1.8,,,76.0,244.0,28.2815,6.0,Beloit,2012.0,2012.0,,,,0.0952381
2018,10,00-0029119,D.Carrier,TE,LV,LAC,0,0,0.0,0,0.0,0.0,0.0,0,0.0,0,3,1,5.0,0,0.5,1.5,,,76.0,244.0,28.2815,6.0,Beloit,2012.0,2012.0,,,,0.08571429
2018,14,00-0029119,D.Carrier,TE,LV,PIT,0,0,0.0,0,0.0,0.0,0.0,0,0.0,0,2,2,29.0,1,8.9,10.9,,,76.0,244.0,28.2815,6.0,Beloit,2012.0,2012.0,,,,0.0625
2018,5,00-0029129,R.Streater,WR,CLE,BAL,0,0,0.0,0,0.0,0.0,0.0,1,-11.0,0,0,0,0.0,0,-1.1,-1.1,,,74.0,200.0,30.732,6.0,Temple,2012.0,2012.0,,,3.0,
2018,4,00-0029137,A.Jeffery,WR,PHI,TEN,0,0,0.0,0,0.0,0.0,0.0,0,0.0,0,9,8,105.0,1,16.5,24.5,,,75.0,218.0,28.739500000000003,6.0,South Carolina,2012.0,2012.0,CHI,45.0,,0.18
2018,5,00-0029137,A.Jeffery,WR,PHI,MIN,0,0,0.0,0,0.0,0.0,0.0,0,0.0,0,8,2,39.0,0,3.9,5.9,,,75.0,218.0,28.739500000000003,6.0,South Carolina,2012.0,2012.0,CHI,45.0,-2.0,0.25
2018,6,00-0029137,A.Jeffery,WR,PHI,NYG,0,0,0.0,0,0.0,0.0,0.0,0,0.0,0,12,8,74.0,2,19.4,27.4,,,75.0,218.0,28.739500000000003,6.0,South Carolina,2012.0,2012.0,CHI,45.0,,0.33333334
2018,7,00-0029137,A.Jeffery,WR,PHI,CAR,0,0,0.0,0,0.0,0.0,0.0,0,0.0,0,10,7,88.0,1,14.8,21.8,,,75.0,218.0,28.739500000000003,6.0,South Carolina,2012.0,2012.0,CHI,45.0,-4.0,0.27027026
2018,8,00-0029137,A.Jeffery,WR,PHI,JAX,0,0,0.0,0,0.0,0.0,0.0,0,0.0,0,5,4,35.0,0,3.5,7.5,,,75.0,218.0,28.739500000000003,6.0,South Carolina,2012.0,2012.0,CHI,45.0,,0.16666667
2018,10,00-0029137,A.Jeffery,WR,PHI,DAL,0,0,0.0,0,0.0,0.0,0.0,0,0.0,0,8,4,48.0,0,4.8,8.8,,,75.0,218.0,28.739500000000003,6.0,South Carolina,2012.0,2012.0,CHI,45.0,-7.0,0.18604651
2018,11,00-0029137,A.Jeffery,WR,PHI,NO,0,0,0.0,0,0.0,0.0,0.0,0,0.0,0,5,4,33.0,0,3.3,7.3,,,75.0,218.0,28.739500000000003,6.0,South Carolina,2012.0,2012.0,CHI,45.0,,0.15151516
2018,12,00-0029137,A.Jeffery,WR,PHI,NYG,0,0,0.0,0,0.0,0.0,0.0,0,0.0,0,3,3,39.0,0,3.9,6.9,,,75.0,218.0,28.739500000000003,6.0,South Carolina,2012.0,2012.0,CHI,45.0,3.0,0.10714286
2018,13,00-0029137,A.Jeffery,WR,PHI,WAS,0,0,0.0,0,0.0,0.0,0.0,0,0.0,0,5,3,31.0,0,3.1,6.1,,,75.0,218.0,28.739500000000003,6.0,South Carolina,2012.0,2012.0,CHI,45.0,15.0,0.13157895
2018,14,00-0029137,A.Jeffery,WR,PHI,DAL,0,0,0.0,0,0.0,0.0,0.0,0,0.0,0,9,6,50.0,1,11.0,17.0,,,75.0,218.0,28.739500000000003,6.0,South Carolina,2012.0,2012.0,CHI,45.0,,0.28125
2018,15,00-0029137,A.Jeffery,WR,PHI,LA,0,0,0.0,0,0.0,0.0,0.0,0,0.0,0,8,8,160.0,0,16.0,24.0,,,75.0,218.0,28.739500000000003,6.0,South Carolina,2012.0,2012.0,CHI,45.0,,0.2580645
2018,16,00-0029137,A.Jeffery,WR,PHI,HOU,0,0,0.0,0,0.0,0.0,0.0,0,0.0,0,5,3,82.0,0,8.2,11.2,,,75.0,218.0,28.739500000000003,6.0,South Carolina,2012.0,2012.0,CHI,45.0,2.0,0.10204082
2018,17,00-0029137,A.Jeffery,WR,PHI,WAS,0,0,0.0,0,0.0,0.0,0.0,0,0.0,0,5,5,59.0,1,11.9,16.9,,,75.0,218.0,28.739500000000003,6.0,South Carolina,2012.0,2012.0,CHI,45.0,,0.14705883
2018,18,00-0029137,A.Jeffery,WR,PHI,CHI,0,0,0.0,0,0.0,0.0,0.0,0,0.0,0,9,6,82.0,0,8.2,14.2,,,75.0,218.0,28.739500000000003,6.0,South Carolina,2012.0,2012.0,CHI,45.0,,0.225
2018,19,00-0029137,A.Jeffery,WR,PHI,NO,0,0,0.0,0,0.0,0.0,0.0,0,0.0,0,8,5,63.0,0,6.3,11.3,,,75.0,218.0,28.739500000000003,6.0,South Carolina,2012.0,2012.0,CHI,45.0,,0.2580645
2018,1,00-0029141,A.Morris,RB,SF,MIN,0,0,0.0,0,0.0,0.0,0.0,12,38.0,0,0,0,0.0,0,1.8,1.8,,,70.0,224.0,29.8919375,6.0,Florida Atlantic,2012.0,2012.0,WAS,173.0,,
2018,2,00-0029141,A.Morris,RB,SF,DET,0,0,0.0,0,0.0,0.0,0.0,14,48.0,0,2,2,32.0,0,8.0,10.0,,,70.0,224.0,29.8919375,6.0,Florida Atlantic,2012.0,2012.0,WAS,173.0,3.0,0.08
2018,3,00-0029141,A.Morris,RB,SF,KC,0,0,0.0,0,0.0,0.0,0.0,14,67.0,1,0,0,0.0,0,12.7,12.7,,,70.0,224.0,29.8919375,6.0,Florida Atlantic,2012.0,2012.0,WAS,173.0,,
2018,4,00-0029141,A.Morris,RB,SF,LAC,0,0,0.0,0,0.0,0.0,0.0,4,14.0,0,3,1,4.0,0,1.8,2.8,,,70.0,224.0,29.8919375,6.0,Florida Atlantic,2012.0,2012.0,WAS,173.0,,0.083333336
2018,5,00-0029141,A.Morris,RB,SF,ARI,0,0,0.0,0,0.0,0.0,0.0,18,61.0,0,4,3,30.0,0,9.1,12.1,,,70.0,224.0,29.8919375,6.0,Florida Atlantic,2012.0,2012.0,WAS,173.0,-10.0,0.074074075
2018,7,00-0029141,A.Morris,RB,SF,LA,0,0,0.0,0,0.0,0.0,0.0,9,25.0,0,1,0,0.0,0,2.5,2.5,,,70.0,224.0,29.8919375,6.0,Florida Atlantic,2012.0,2012.0,WAS,173.0,-29.0,0.037037037
2018,8,00-0029141,A.Morris,RB,SF,ARI,0,0,0.0,0,0.0,0.0,0.0,6,28.0,0,0,0,0.0,0,2.8,2.8,,,70.0,224.0,29.8919375,6.0,Florida Atlantic,2012.0,2012.0,WAS,173.0,,
2018,9,00-0029141,A.Morris,RB,SF,LV,0,0,0.0,0,0.0,0.0,0.0,7,13.0,0,0,0,0.0,0,1.3,1.3,,,70.0,224.0,29.8919375,6.0,Florida Atlantic,2012.0,2012.0,WAS,173.0,31.0,
2018,10,00-0029141,A.Morris,RB,SF,NYG,0,0,0.0,0,0.0,0.0,0.0,9,19.0,0,1,0,0.0,0,1.9,1.9,,,70.0,224.0,29.8919375,6.0,Florida Atlantic,2012.0,2012.0,WAS,173.0,-4.0,0.028571429
2018,14,00-0029141,A.Morris,RB,SF,DEN,0,0,0.0,0,0.0,0.0,0.0,2,4.0,0,1,1,3.0,0,0.7,1.7,,,70.0,224.0,29.8919375,6.0,Florida Atlantic,2012.0,2012.0,WAS,173.0,6.0,0.03125
2018,17,00-0029141,A.Morris,RB,SF,LA,0,0,0.0,0,0.0,0.0,0.0,16,111.0,1,1,1,4.0,0,17.5,18.5,,,70.0,224.0,29.8919375,6.0,Florida Atlantic,2012.0,2012.0,WAS,173.0,,0.030303031
2018,2,00-0029159,J.Kearse,WR,NYJ,MIA,0,0,0.0,0,0.0,0.0,0.0,0,0.0,0,2,1,-1.0,0,-0.1,0.9,,,73.0,209.0,28.739,6.0,Washington,2012.0,2012.0,,,-8.0,0.048780486
2018,3,00-0029159,J.Kearse,WR,NYJ,CLE,0,0,0.0,0,0.0,0.0,0.0,0,0.0,0,6,3,35.0,0,3.5,6.5,,,73.0,209.0,28.739,6.0,Washington,2012.0,2012.0,,,,0.2
2018,4,00-0029159,J.Kearse,WR,NYJ,JAX,0,0,0.0,0,0.0,0.0,0.0,0,0.0,0,5,2,23.0,0,2.3,4.3,,,73.0,209.0,28.739,6.0,Washington,2012.0,2012.0,,,,0.15151516
2018,5,00-0029159,J.Kearse,WR,NYJ,DEN,0,0,0.0,0,0.0,0.0,0.0,0,0.0,0,4,1,14.0,0,1.4,2.4,,,73.0,209.0,28.739,6.0,Washington,2012.0,2012.0,,,18.0,0.18181819
2018,6,00-0029159,J.Kearse,WR,NYJ,IND,0,0,0.0,0,0.0,0.0,0.0,0,0.0,0,10,9,94.0,0,9.4,18.4,,,73.0,209.0,28.739,6.0,Washington,2012.0,2012.0,,,8.0,0.3448276
2018,7,00-0029159,J.Kearse,WR,NYJ,MIN,0,0,0.0,0,0.0,0.0,0.0,0,0.0,0,2,0,0.0,0,0.0,0.0,,,73.0,209.0,28.739,6.0,Washington,2012.0,2012.0,,,-20.0,0.04761905
2018,8,00-0029159,J.Kearse,WR,NYJ,CHI,0,0,0.0,0,0.0,0.0,0.0,0,0.0,0,10,3,30.0,0,3.0,6.0,,,73.0,209.0,28.739,6.0,Washington,2012.0,2012.0,,,,0.4
2018,9,00-0029159,J.Kearse,WR,NYJ,MIA,0,0,0.0,0,0.0,0.0,0.0,0,0.0,0,9,3,20.0,0,2.0,5.0,,,73.0,209.0,28.739,6.0,Washington,2012.0,2012.0,,,,0.23684211
2018,10,00-0029159,J.Kearse,WR,NYJ,BUF,0,0,0.0,0,0.0,0.0,0.0,0,0.0,0,5,2,16.0,0,1.6,3.6,,,73.0,209.0,28.739,6.0,Washington,2012.0,2012.0,,,-31.0,0.15151516
2018,12,00-0029159,J.Kearse,WR,NYJ,NE,0,0,0.0,0,0.0,0.0,0.0,0,0.0,0,12,6,66.0,1,12.6,18.6,,,73.0,209.0,28.739,6.0,Washington,2012.0,2012.0,,,-14.0,0.29268292
2018,14,00-0029159,J.Kearse,WR,NYJ,BUF,0,0,0.0,0,0.0,0.0,0.0,0,0.0,0,2,1,10.0,0,1.0,2.0,,,73.0,209.0,28.739,6.0,Washington,2012.0,2012.0,,,,0.083333336
2018,15,00-0029159,J.Kearse,WR,NYJ,HOU,0,0,0.0,0,0.0,0.0,0.0,0,0.0,0,5,2,9.0,0,0.9,2.9,,,73.0,209.0,28.739,6.0,Washington,2012.0,2012.0,,,-7.0,0.14285715
2018,16,00-0029159,J.Kearse,WR,NYJ,GB,0,0,0.0,0,0.0,0.0,0.0,0,0.0,0,4,4,55.0,0,5.5,9.5,,,73.0,209.0,28.739,6.0,Washington,2012.0,2012.0,,,-6.0,0.11764706
2018,17,00-0029205,T.Cadet,RB,CAR,NO,0,0,0.0,0,0.0,0.0,0.0,11,17.0,0,1,1,5.0,0,2.2,3.2,,,73.0,210.0,29.755294117647058,6.0,Appalachian State,2012.0,2012.0,,,,0.033333335
2018,13,00-0029239,B.Bolden,RB,MIA,BUF,0,0,0.0,0,0.0,0.0,0.0,1,10.0,0,0,0,0.0,0,1.0,1.0,,,71.0,220.0,28.7691875,6.0,Mississippi,2012.0,2012.0,,,4.0,
2018,14,00-0029239,B.Bolden,RB,MIA,NE,0,0,0.0,0,0.0,0.0,0.0,2,60.0,2,1,1,0.0,0,18.0,19.0,,,71.0,220.0,28.7691875,6.0,Mississippi,2012.0,2012.0,,,1.0,0.05263158
2018,15,00-0029239,B.Bolden,RB,MIA,MIN,0,0,0.0,0,0.0,0.0,0.0,1,12.0,0,0,0,0.0,0,1.2,1.2,,,71.0,220.0,28.7691875,6.0,Mississippi,2012.0,2012.0,,,,
2018,16,00-0029239,B.Bolden,RB,MIA,JAX,0,0,0.0,0,0.0,0.0,0.0,4,9.0,0,1,1,4.0,1,5.3,6.3,,,71.0,220.0,28.7691875,6.0,Mississippi,2012.0,2012.0,,,-10.0,0.04761905
2018,17,00-0029239,B.Bolden,RB,MIA,BUF,0,0,0.0,0,0.0,0.0,0.0,0,0.0,0,1,1,9.0,0,0.9,1.9,,,71.0,220.0,28.7691875,6.0,Mississippi,2012.0,2012.0,,,,0.033333335
2018,5,00-0029249,M.Ingram,OLB,LAC,LV,0,0,0.0,0,0.0,0.0,0.0,1,0.0,0,0,0,0.0,0,0.0,0.0,,,74.0,247.0,29.545611111111114,6.0,South Carolina,2012.0,2012.0,SD,18.0,16.0,
2018,1,00-0029263,R.Wilson,QB,SEA,DEN,19,33,298.0,3,2.0,6.0,56.0,2,5.0,0,0,0,0.0,0,20.42,20.42,,,71.0,215.0,29.94229411764706,6.0,Wisconsin,2012.0,2012.0,SEA,75.0,,
2018,2,00-0029263,R.Wilson,QB,SEA,CHI,22,36,226.0,2,1.0,6.0,24.0,3,17.0,0,0,0,0.0,0,14.74,14.74,,,71.0,215.0,29.94229411764706,6.0,Wisconsin,2012.0,2012.0,SEA,75.0,,
2018,3,00-0029263,R.Wilson,QB,SEA,DAL,16,26,192.0,2,0.0,2.0,10.0,2,-1.0,0,0,0,0.0,0,15.58,15.58,,,71.0,215.0,29.94229411764706,6.0,Wisconsin,2012.0,2012.0,SEA,75.0,11.0,
2018,4,00-0029263,R.Wilson,QB,SEA,ARI,19,26,172.0,0,0.0,2.0,12.0,4,21.0,0,0,0,0.0,0,8.98,8.98,,,71.0,215.0,29.94229411764706,6.0,Wisconsin,2012.0,2012.0,SEA,75.0,,
2018,5,00-0029263,R.Wilson,QB,SEA,LA,13,21,198.0,3,0.0,2.0,15.0,0,0.0,0,0,0,0.0,0,19.92,19.92,,,71.0,215.0,29.94229411764706,6.0,Wisconsin,2012.0,2012.0,SEA,75.0,-2.0,
2018,6,00-0029263,R.Wilson,QB,SEA,LV,17,23,222.0,3,1.0,1.0,8.0,6,20.0,0,0,0,0.0,0,20.88,20.88,,,71.0,215.0,29.94229411764706,6.0,Wisconsin,2012.0,2012.0,SEA,75.0,,
2018,8,00-0029263,R.Wilson,QB,SEA,DET,14,17,248.0,3,0.0,2.0,11.0,2,15.0,0,0,0,0.0,0,23.42,23.42,,,71.0,215.0,29.94229411764706,6.0,Wisconsin,2012.0,2012.0,SEA,75.0,,
2018,9,00-0029263,R.Wilson,QB,SEA,LAC,26,39,235.0,2,1.0,4.0,33.0,5,41.0,0,0,0,0.0,0,19.5,19.5,,,71.0,215.0,29.94229411764706,6.0,Wisconsin,2012.0,2012.0,SEA,75.0,-8.0,
2018,10,00-0029263,R.Wilson,QB,SEA,LA,17,26,176.0,3,0.0,4.0,35.0,9,92.0,0,0,0,0.0,0,26.24,26.24,,,71.0,215.0,29.94229411764706,6.0,Wisconsin,2012.0,2012.0,SEA,75.0,,
2018,11,00-0029263,R.Wilson,QB,SEA,GB,21,31,225.0,2,0.0,3.0,20.0,5,17.0,0,1,1,-11.0,0,17.6,18.6,,,71.0,215.0,29.94229411764706,6.0,Wisconsin,2012.0,2012.0,SEA,75.0,3.0,0.03448276
2018,12,00-0029263,R.Wilson,QB,SEA,CAR,22,31,339.0,2,0.0,2.0,17.0,3,4.0,0,0,0,0.0,0,21.96,21.96,,,71.0,215.0,29.94229411764706,6.0,Wisconsin,2012.0,2012.0,SEA,75.0,,
2018,13,00-0029263,R.Wilson,QB,SEA,SF,11,17,185.0,4,0.0,3.0,22.0,4,14.0,0,0,0,0.0,0,24.8,24.8,,,71.0,215.0,29.94229411764706,6.0,Wisconsin,2012.0,2012.0,SEA,75.0,27.0,
2018,14,00-0029263,R.Wilson,QB,SEA,MIN,10,20,72.0,0,1.0,2.0,12.0,7,61.0,0,0,0,0.0,0,8.98,8.98,,,71.0,215.0,29.94229411764706,6.0,Wisconsin,2012.0,2012.0,SEA,75.0,14.0,
2018,15,00-0029263,R.Wilson,QB,SEA,SF,23,31,237.0,2,0.0,3.0,20.0,5,15.0,0,0,0,0.0,0,18.98,18.98,,,71.0,215.0,29.94229411764706,6.0,Wisconsin,2012.0,2012.0,SEA,75.0,,
2018,16,00-0029263,R.Wilson,QB,SEA,KC,18,29,271.0,3,0.0,3.0,17.0,8,57.0,0,0,0,0.0,0,28.54,28.54,,,71.0,215.0,29.94229411764706,6.0,Wisconsin,2012.0,2012.0,SEA,75.0,7.0,
2018,17,00-0029263,R.Wilson,QB,SEA,ARI,12,21,152.0,1,1.0,6.0,43.0,2,-2.0,0,0,0,0.0,0,7.88,7.88,,,71.0,215.0,29.94229411764706,6.0,Wisconsin,2012.0,2012.0,SEA,75.0,3.0,
2018,18,00-0029263,R.Wilson,QB,SEA,DAL,18,27,233.0,1,0.0,1.0,7.0,3,14.0,1,0,0,0.0,0,20.72,20.72,,,71.0,215.0,29.94229411764706,6.0,Wisconsin,2012.0,2012.0,SEA,75.0,,
2018,1,00-0029269,T.Benjamin,WR,LAC,KC,0,0,0.0,0,0.0,0.0,0.0,1,19.0,0,5,1,1.0,0,2.0,3.0,,,70.0,175.0,28.86938888888889,6.0,Miami,2012.0,2012.0,CLE,100.0,-10.0,0.1
2018,4,00-0029269,T.Benjamin,WR,LAC,SF,0,0,0.0,0,0.0,0.0,0.0,0,0.0,0,1,1,2.0,0,0.2,1.2,,,70.0,175.0,28.86938888888889,6.0,Miami,2012.0,2012.0,CLE,100.0,2.0,0.02631579
2018,7,00-0029269,T.Benjamin,WR,LAC,TEN,0,0,0.0,0,0.0,0.0,0.0,0,0.0,0,1,1,13.0,0,1.3,2.3,,,70.0,175.0,28.86938888888889,6.0,Miami,2012.0,2012.0,CLE,100.0,1.0,0.04
2018,9,00-0029269,T.Benjamin,WR,LAC,SEA,0,0,0.0,0,0.0,0.0,0.0,1,-2.0,0,1,0,0.0,0,-0.2,-0.2,,,70.0,175.0,28.86938888888889,6.0,Miami,2012.0,2012.0,CLE,100.0,,0.03846154
2018,10,00-0029269,T.Benjamin,WR,LAC,LV,0,0,0.0,0,0.0,0.0,0.0,1,-2.0,0,0,0,0.0,0,-0.2,-0.2,,,70.0,175.0,28.86938888888889,6.0,Miami,2012.0,2012.0,CLE,100.0,,
2018,11,00-0029269,T.Benjamin,WR,LAC,DEN,0,0,0.0,0,0.0,0.0,0.0,0,0.0,0,3,0,0.0,0,0.0,0.0,,,70.0,175.0,28.86938888888889,6.0,Miami,2012.0,2012.0,CLE,100.0,-1.0,0.069767445
2018,12,00-0029269,T.Benjamin,WR,LAC,ARI,0,0,0.0,0,0.0,0.0,0.0,0,0.0,0,3,3,47.0,0,4.7,7.7,,,70.0,175.0,28.86938888888889,6.0,Miami,2012.0,2012.0,CLE,100.0,35.0,0.09677419
2018,13,00-0029269,T.Benjamin,WR,LAC,PIT,0,0,0.0,0,0.0,0.0,0.0,1,1.0,0,2,2,44.0,1,10.5,12.5,,,70.0,175.0,28.86938888888889,6.0,Miami,2012.0,2012.0,CLE,100.0,,0.055555556
2018,14,00-0029269,T.Benjamin,WR,LAC,CIN,0,0,0.0,0,0.0,0.0,0.0,0,0.0,0,1,1,11.0,0,1.1,2.1,,,70.0,175.0,28.86938888888889,6.0,Miami,2012.0,2012.0,CLE,100.0,5.0,0.03448276
2018,15,00-0029269,T.Benjamin,WR,LAC,KC,0,0,0.0,0,0.0,0.0,0.0,1,8.0,0,3,2,57.0,0,6.5,8.5,,,70.0,175.0,28.86938888888889,6.0,Miami,2012.0,2012.0,CLE,100.0,,0.078947365
2018,16,00-0029269,T.Benjamin,WR,LAC,BAL,0,0,0.0,0,0.0,0.0,0.0,1,6.0,0,3,1,11.0,0,1.7,2.7,,,70.0,175.0,28.86938888888889,6.0,Miami,2012.0,2012.0,CLE,100.0,-12.0,0.083333336
2018,17,00-0029269,T.Benjamin,WR,LAC,DEN,0,0,0.0,0,0.0,0.0,0.0,1,11.0,0,1,0,0.0,0,1.1,1.1,,,70.0,175.0,28.86938888888889,6.0,Miami,2012.0,2012.0,CLE,100.0,,0.041666668
2018,18,00-0029269,T.Benjamin,WR,LAC,BAL,0,0,0.0,0,0.0,0.0,0.0,0,0.0,0,3,3,11.0,0,1.1,4.1,,,70.0,175.0,28.86938888888889,6.0,Miami,2012.0,2012.0,CLE,100.0,,0.10344828
2018,19,00-0029269,T.Benjamin,WR,LAC,NE,0,0,0.0,0,0.0,0.0,0.0,0,0.0,0,2,0,0.0,0,0.0,0.0,,,70.0,175.0,28.86938888888889,6.0,Miami,2012.0,2012.0,CLE,100.0,,0.04255319
2018,5,00-0029273,R.Turbin,RB,IND,NE,0,0,0.0,0,0.0,0.0,0.0,0,0.0,0,1,0,0.0,0,0.0,0.0,,,70.0,225.0,28.94211111111111,6.0,Utah State,2012.0,2012.0,SEA,106.0,,0.016949153
2018,6,00-0029273,R.Turbin,RB,IND,NYJ,0,0,0.0,0,0.0,0.0,0.0,4,10.0,0,1,1,3.0,0,-0.7,0.3,,,70.0,225.0,28.94211111111111,6.0,Utah State,2012.0,2012.0,SEA,106.0,,0.023809524
2018,1,00-0029293,M.Jones,WR,DET,NYJ,0,0,0.0,0,0.0,0.0,0.0,0,0.0,0,8,4,54.0,0,5.4,9.4,,,74.0,198.0,28.6521875,6.0,California,2012.0,2012.0,CIN,166.0,-31.0,0.15384616
2018,2,00-0029293,M.Jones,WR,DET,SF,0,0,0.0,0,0.0,0.0,0.0,0,0.0,0,9,4,54.0,1,11.4,15.4,,,74.0,198.0,28.6521875,6.0,California,2012.0,2012.0,CIN,166.0,,0.17307693
2018,3,00-0029293,M.Jones,WR,DET,NE,0,0,0.0,0,0.0,0.0,0.0,0,0.0,0,6,4,69.0,1,12.9,16.9,,,74.0,198.0,28.6521875,6.0,California,2012.0,2012.0,CIN,166.0,16.0,0.17142858
2018,4,00-0029293,M.Jones,WR,DET,DAL,0,0,0.0,0,0.0,0.0,0.0,0,0.0,0,6,3,56.0,0,5.6,8.6,,,74.0,198.0,28.6521875,6.0,California,2012.0,2012.0,CIN,166.0,,0.20689656
2018,5,00-0029293,M.Jones,WR,DET,GB,0,0,0.0,0,0.0,0.0,0.0,0,0.0,0,4,1,8.0,1,6.8,7.8,,,74.0,198.0,28.6521875,6.0,California,2012.0,2012.0,CIN,166.0,8.0,0.15384616
2018,7,00-0029293,M.Jones,WR,DET,MIA,0,0,0.0,0,0.0,0.0,0.0,0,0.0,0,4,3,29.0,0,2.9,5.9,,,74.0,198.0,28.6521875,6.0,California,2012.0,2012.0,CIN,166.0,,0.18181819
2018,8,00-0029293,M.Jones,WR,DET,SEA,0,0,0.0,0,0.0,0.0,0.0,0,0.0,0,10,7,117.0,2,23.7,30.7,,,74.0,198.0,28.6521875,6.0,California,2012.0,2012.0,CIN,166.0,-14.0,0.25641027
2018,9,00-0029293,M.Jones,WR,DET,MIN,0,0,0.0,0,0.0,0.0,0.0,0,0.0,0,8,6,66.0,0,6.6,12.6,,,74.0,198.0,28.6521875,6.0,California,2012.0,2012.0,CIN,166.0,,0.23529412
2018,10,00-0029293,M.Jones,WR,DET,CHI,0,0,0.0,0,0.0,0.0,0.0,0,0.0,0,7,3,55.0,0,5.5,8.5,,,74.0,198.0,28.6521875,6.0,California,2012.0,2012.0,CIN,166.0,,0.16666667
2018,2,00-0029319,J.Bellamy,WR,CHI,SEA,0,0,0.0,0,0.0,0.0,0.0,0,0.0,0,1,1,6.0,0,0.6,1.6,,,72.0,208.0,29.479058823529414,6.0,Louisville,2012.0,2012.0,,,7.0,0.029411765
2018,3,00-0029319,J.Bellamy,WR,CHI,ARI,0,0,0.0,0,0.0,0.0,0.0,0,0.0,0,1,1,2.0,0,0.2,1.2,,,72.0,208.0,29.479058823529414,6.0,Louisville,2012.0,2012.0,,,,0.028571429
2018,4,00-0029319,J.Bellamy,WR,CHI,TB,0,0,0.0,0,0.0,0.0,0.0,0,0.0,0,1,1,20.0,1,8.0,9.0,,,72.0,208.0,29.479058823529414,6.0,Louisville,2012.0,2012.0,,,38.0,0.03846154
2018,7,00-0029319,J.Bellamy,WR,CHI,NE,0,0,0.0,0,0.0,0.0,0.0,0,0.0,0,3,0,0.0,0,0.0,0.0,,,72.0,208.0,29.479058823529414,6.0,Louisville,2012.0,2012.0,,,-7.0,0.0625
2018,8,00-0029319,J.Bellamy,WR,CHI,NYJ,0,0,0.0,0,0.0,0.0,0.0,0,0.0,0,5,4,37.0,0,3.7,7.7,,,72.0,208.0,29.479058823529414,6.0,Louisville,2012.0,2012.0,,,14.0,0.1724138
2018,9,00-0029319,J.Bellamy,WR,CHI,BUF,0,0,0.0,0,0.0,0.0,0.0,0,0.0,0,2,0,0.0,0,0.0,0.0,,,72.0,208.0,29.479058823529414,6.0,Louisville,2012.0,2012.0,,,,0.1
2018,11,00-0029319,J.Bellamy,WR,CHI,MIN,0,0,0.0,0,0.0,0.0,0.0,0,0.0,0,3,2,11.0,0,3.1,5.1,,,72.0,208.0,29.479058823529414,6.0,Louisville,2012.0,2012.0,,,5.0,0.1
2018,12,00-0029319,J.Bellamy,WR,CHI,DET,0,0,0.0,0,0.0,0.0,0.0,0,0.0,0,1,1,7.0,0,0.7,1.7,,,72.0,208.0,29.479058823529414,6.0,Louisville,2012.0,2012.0,,,,0.02631579
2018,13,00-0029319,J.Bellamy,WR,CHI,NYG,0,0,0.0,0,0.0,0.0,0.0,0,0.0,0,1,1,8.0,0,0.8,1.8,,,72.0,208.0,29.479058823529414,6.0,Louisville,2012.0,2012.0,,,,0.025
2018,14,00-0029319,J.Bellamy,WR,CHI,LA,0,0,0.0,0,0.0,0.0,0.0,0,0.0,0,1,0,0.0,0,0.0,0.0,,,72.0,208.0,29.479058823529414,6.0,Louisville,2012.0,2012.0,,,9.0,0.035714287
2018,15,00-0029319,J.Bellamy,WR,CHI,GB,0,0,0.0,0,0.0,0.0,0.0,0,0.0,0,1,1,18.0,0,1.8,2.8,,,72.0,208.0,29.479058823529414,6.0,Louisville,2012.0,2012.0,,,7.0,0.035714287
2018,16,00-0029319,J.Bellamy,WR,CHI,SF,0,0,0.0,0,0.0,0.0,0.0,0,0.0,0,1,1,6.0,0,0.6,1.6,,,72.0,208.0,29.479058823529414,6.0,Louisville,2012.0,2012.0,,,,0.03448276
2018,17,00-0029319,J.Bellamy,WR,CHI,MIN,0,0,0.0,0,0.0,0.0,0.0,0,0.0,0,4,1,2.0,0,0.2,1.2,,,72.0,208.0,29.479058823529414,6.0,Louisville,2012.0,2012.0,,,,0.15384616
2018,18,00-0029319,J.Bellamy,WR,CHI,PHI,0,0,0.0,0,0.0,0.0,0.0,0,0.0,0,1,1,34.0,0,3.4,4.4,,,72.0,208.0,29.479058823529414,6.0,Louisville,2012.0,2012.0,,,-1.0,0.024390243
2018,1,00-0029388,D.Thompson,WR,DAL,CAR,0,0,0.0,0,0.0,0.0,0.0,0,0.0,0,5,3,27.0,0,2.7,5.7,,,72.0,204.0,29.7208125,6.0,Florida,2012.0,2012.0,,,,0.1724138
2018,2,00-0029388,D.Thompson,WR,DAL,NYG,0,0,0.0,0,0.0,0.0,0.0,0,0.0,0,5,4,33.0,0,3.3,7.3,,,72.0,204.0,29.7208125,6.0,Florida,2012.0,2012.0,,,7.0,0.2173913
2018,3,00-0029388,D.Thompson,WR,DAL,SEA,0,0,0.0,0,0.0,0.0,0.0,0,0.0,0,2,2,23.0,0,2.3,4.3,,,72.0,204.0,29.7208125,6.0,Florida,2012.0,2012.0,,,,0.05882353
2018,5,00-0029388,D.Thompson,WR,DAL,HOU,0,0,0.0,0,0.0,0.0,0.0,0,0.0,0,4,2,19.0,0,1.9,3.9,,,72.0,204.0,29.7208125,6.0,Florida,2012.0,2012.0,,,,0.14285715
2018,6,00-0029388,D.Thompson,WR,DAL,JAX,0,0,0.0,0,0.0,0.0,0.0,0,0.0,0,1,1,1.0,0,0.1,1.1,,,72.0,204.0,29.7208125,6.0,Florida,2012.0,2012.0,,,33.0,0.03846154
2018,7,00-0029388,D.Thompson,WR,DAL,WAS,0,0,0.0,0,0.0,0.0,0.0,0,0.0,0,1,0,0.0,0,0.0,0.0,,,72.0,204.0,29.7208125,6.0,Florida,2012.0,2012.0,,,,0.028571429
2018,9,00-0029388,D.Thompson,WR,DAL,TEN,0,0,0.0,0,0.0,0.0,0.0,0,0.0,0,2,2,21.0,0,2.1,4.1,,,72.0,204.0,29.7208125,6.0,Florida,2012.0,2012.0,,,-14.0,0.06451613
2018,12,00-0029388,D.Thompson,WR,BUF,JAX,0,0,0.0,0,0.0,0.0,0.0,0,0.0,0,3,0,0.0,0,0.0,0.0,,,72.0,204.0,29.7208125,6.0,Florida,2012.0,2012.0,,,3.0,0.1764706
2018,13,00-0029388,D.Thompson,WR,BUF,MIA,0,0,0.0,0,0.0,0.0,0.0,0,0.0,0,1,1,12.0,0,1.2,2.2,,,72.0,204.0,29.7208125,6.0,Florida,2012.0,2012.0,,,,0.035714287
2018,14,00-0029388,D.Thompson,WR,BUF,NYJ,0,0,0.0,0,0.0,0.0,0.0,0,0.0,0,2,1,14.0,0,1.4,2.4,,,72.0,204.0,29.7208125,6.0,Florida,2012.0,2012.0,,,-4.0,0.057142857
2018,15,00-0029388,D.Thompson,WR,BUF,DET,0,0,0.0,0,0.0,0.0,0.0,0,0.0,0,2,0,0.0,0,0.0,0.0,,,72.0,204.0,29.7208125,6.0,Florida,2012.0,2012.0,,,1.0,0.08695652
2018,16,00-0029388,D.Thompson,WR,BUF,NE,0,0,0.0,0,0.0,0.0,0.0,0,0.0,0,2,1,11.0,0,1.1,2.1,,,72.0,204.0,29.7208125,6.0,Florida,2012.0,2012.0,,,,0.05
2018,9,00-0029410,T.Wilson,SS,DET,MIN,0,0,0.0,0,0.0,0.0,0.0,1,7.0,0,0,0,0.0,0,0.7,0.7,,,72.0,212.0,28.6330625,6.0,Illinois,2012.0,2012.0,NE,48.0,,
2018,3,00-0029414,O.Charles,TE,CLE,NYJ,0,0,0.0,0,0.0,0.0,0.0,0,0.0,0,1,0,0.0,0,0.0,0.0,,,75.0,247.0,27.767,6.0,Georgia,2012.0,2012.0,CIN,116.0,4.0,0.028571429
2018,4,00-0029414,O.Charles,TE,CLE,LV,0,0,0.0,0,0.0,0.0,0.0,0,0.0,0,1,0,0.0,0,0.0,0.0,,,75.0,247.0,27.767,6.0,Georgia,2012.0,2012.0,CIN,116.0,,0.024390243
2018,6,00-0029414,O.Charles,TE,CLE,LAC,0,0,0.0,0,0.0,0.0,0.0,0,0.0,0,1,1,8.0,0,0.8,1.8,,,75.0,247.0,27.767,6.0,Georgia,2012.0,2012.0,CIN,116.0,-24.0,0.023255814
2018,10,00-0029414,O.Charles,TE,CLE,ATL,0,0,0.0,0,0.0,0.0,0.0,0,0.0,0,1,1,6.0,0,0.6,1.6,,,75.0,247.0,27.767,6.0,Georgia,2012.0,2012.0,CIN,116.0,12.0,0.04761905
2018,14,00-0029414,O.Charles,TE,CLE,CAR,0,0,0.0,0,0.0,0.0,0.0,0,0.0,0,1,1,9.0,0,0.9,1.9,,,75.0,247.0,27.767,6.0,Georgia,2012.0,2012.0,CIN,116.0,6.0,0.04347826
2018,6,00-0029492,J.Olawale,FB,DAL,JAX,0,0,0.0,0,0.0,0.0,0.0,0,0.0,0,1,1,3.0,0,0.3,1.3,,,73.0,240.0,29.56983333333333,6.0,North Texas,2012.0,2012.0,,,33.0,0.03846154
2018,12,00-0029492,J.Olawale,FB,DAL,WAS,0,0,0.0,0,0.0,0.0,0.0,0,0.0,0,1,1,10.0,0,1.0,2.0,,,73.0,240.0,29.56983333333333,6.0,North Texas,2012.0,2012.0,,,8.0,0.032258064
2018,15,00-0029492,J.Olawale,FB,DAL,IND,0,0,0.0,0,0.0,0.0,0.0,0,0.0,0,1,0,0.0,0,0.0,0.0,,,73.0,240.0,29.56983333333333,6.0,North Texas,2012.0,2012.0,,,,0.02631579
2018,17,00-0029492,J.Olawale,FB,DAL,NYG,0,0,0.0,0,0.0,0.0,0.0,0,0.0,0,1,0,0.0,0,0.0,0.0,,,73.0,240.0,29.56983333333333,6.0,North Texas,2012.0,2012.0,,,,0.023255814
2018,1,00-0029567,N.Foles,QB,PHI,ATL,19,34,117.0,0,1.0,2.0,13.0,1,-1.0,0,1,1,15.0,0,4.08,5.08,,,78.0,243.0,29.807222222222222,6.0,Arizona,2012.0,2012.0,PHI,88.0,6.0,0.028571429
2018,2,00-0029567,N.Foles,QB,PHI,TB,35,48,334.0,1,0.0,3.0,13.0,3,8.0,0,0,0,0.0,0,16.16,16.16,,,78.0,243.0,29.807222222222222,6.0,Arizona,2012.0,2012.0,PHI,88.0,,
2018,15,00-0029567,N.Foles,QB,PHI,LA,24,31,270.0,0,1.0,0.0,-0.0,2,5.0,0,0,0,0.0,0,9.3,9.3,,,78.0,243.0,29.807222222222222,6.0,Arizona,2012.0,2012.0,PHI,88.0,,
2018,16,00-0029567,N.Foles,QB,PHI,HOU,35,49,471.0,4,1.0,1.0,9.0,1,1.0,0,0,0,0.0,0,30.94,30.94,,,78.0,243.0,29.807222222222222,6.0,Arizona,2012.0,2012.0,PHI,88.0,2.0,
2018,17,00-0029567,N.Foles,QB,PHI,WAS,28,33,221.0,2,1.0,3.0,12.0,2,4.0,0,0,0,0.0,0,15.24,15.24,,,78.0,243.0,29.807222222222222,6.0,Arizona,2012.0,2012.0,PHI,88.0,,
2018,18,00-0029567,N.Foles,QB,PHI,CHI,25,40,266.0,2,2.0,1.0,8.0,1,-1.0,0,0,0,0.0,0,14.54,14.54,,,78.0,243.0,29.807222222222222,6.0,Arizona,2012.0,2012.0,PHI,88.0,,
2018,19,00-0029567,N.Foles,QB,PHI,NO,18,31,201.0,1,2.0,0.0,-0.0,2,0.0,1,0,0,0.0,0,14.04,14.04,,,78.0,243.0,29.807222222222222,6.0,Arizona,2012.0,2012.0,PHI,88.0,,
2018,1,00-0029572,J.Wright,WR,CAR,DAL,0,0,0.0,0,0.0,0.0,0.0,0,0.0,0,5,3,23.0,0,2.3,5.3,,,70.0,191.0,28.947499999999998,6.0,Arkansas,2012.0,2012.0,MIN,118.0,8.0,0.2
2018,2,00-0029572,J.Wright,WR,CAR,ATL,0,0,0.0,0,0.0,0.0,0.0,0,0.0,0,7,5,62.0,1,12.2,17.2,,,70.0,191.0,28.947499999999998,6.0,Arkansas,2012.0,2012.0,MIN,118.0,,0.15555556
2018,3,00-0029572,J.Wright,WR,CAR,CIN,0,0,0.0,0,0.0,0.0,0.0,0,0.0,0,1,1,7.0,0,0.7,1.7,,,70.0,191.0,28.947499999999998,6.0,Arkansas,2012.0,2012.0,MIN,118.0,10.0,0.041666668
2018,5,00-0029572,J.Wright,WR,CAR,NYG,0,0,0.0,0,0.0,0.0,0.0,0,0.0,0,6,3,25.0,0,2.5,5.5,,,70.0,191.0,28.947499999999998,6.0,Arkansas,2012.0,2012.0,MIN,118.0,2.0,0.1764706
2018,6,00-0029572,J.Wright,WR,CAR,WAS,0,0,0.0,0,0.0,0.0,0.0,0,0.0,0,2,1,3.0,0,0.3,1.3,,,70.0,191.0,28.947499999999998,6.0,Arkansas,2012.0,2012.0,MIN,118.0,,0.054054055
2018,7,00-0029572,J.Wright,WR,CAR,PHI,0,0,0.0,0,0.0,0.0,0.0,1,34.0,0,2,2,37.0,0,9.1,11.1,,,70.0,191.0,28.947499999999998,6.0,Arkansas,2012.0,2012.0,MIN,118.0,,0.054054055
2018,8,00-0029572,J.Wright,WR,CAR,BAL,0,0,0.0,0,0.0,0.0,0.0,0,0.0,0,3,2,5.0,0,0.5,2.5,,,70.0,191.0,28.947499999999998,6.0,Arkansas,2012.0,2012.0,MIN,118.0,15.0,0.11111111
2018,9,00-0029572,J.Wright,WR,CAR,TB,0,0,0.0,0,0.0,0.0,0.0,0,0.0,0,1,1,8.0,0,0.8,1.8,,,70.0,191.0,28.947499999999998,6.0,Arkansas,2012.0,2012.0,MIN,118.0,14.0,0.041666668
2018,10,00-0029572,J.Wright,WR,CAR,PIT,0,0,0.0,0,0.0,0.0,0.0,0,0.0,0,3,3,22.0,0,2.2,5.2,,,70.0,191.0,28.947499999999998,6.0,Arkansas,2012.0,2012.0,MIN,118.0,,0.10714286
2018,11,00-0029572,J.Wright,WR,CAR,DET,0,0,0.0,0,0.0,0.0,0.0,0,0.0,0,3,3,40.0,0,4.0,7.0,,,70.0,191.0,28.947499999999998,6.0,Arkansas,2012.0,2012.0,MIN,118.0,,0.08108108
2018,12,00-0029572,J.Wright,WR,CAR,SEA,0,0,0.0,0,0.0,0.0,0.0,0,0.0,0,2,2,25.0,0,2.5,4.5,,,70.0,191.0,28.947499999999998,6.0,Arkansas,2012.0,2012.0,MIN,118.0,-3.0,0.06896552
2018,13,00-0029572,J.Wright,WR,CAR,TB,0,0,0.0,0,0.0,0.0,0.0,0,0.0,0,3,2,44.0,0,4.4,6.4,,,70.0,191.0,28.947499999999998,6.0,Arkansas,2012.0,2012.0,MIN,118.0,,0.07317073
2018,14,00-0029572,J.Wright,WR,CAR,CLE,0,0,0.0,0,0.0,0.0,0.0,1,5.0,0,5,3,36.0,0,4.1,7.1,,,70.0,191.0,28.947499999999998,6.0,Arkansas,2012.0,2012.0,MIN,118.0,,0.11904762
2018,15,00-0029572,J.Wright,WR,CAR,NO,0,0,0.0,0,0.0,0.0,0.0,0,0.0,0,4,3,21.0,0,2.1,5.1,,,70.0,191.0,28.947499999999998,6.0,Arkansas,2012.0,2012.0,MIN,118.0,-3.0,0.13793103
2018,16,00-0029572,J.Wright,WR,CAR,ATL,0,0,0.0,0,0.0,0.0,0.0,0,0.0,0,8,7,69.0,0,4.9,11.9,,,70.0,191.0,28.947499999999998,6.0,Arkansas,2012.0,2012.0,MIN,118.0,-14.0,0.14545454
2018,17,00-0029572,J.Wright,WR,CAR,NO,0,0,0.0,0,0.0,0.0,0.0,0,0.0,0,4,2,20.0,0,2.0,4.0,,,70.0,191.0,28.947499999999998,6.0,Arkansas,2012.0,2012.0,MIN,118.0,,0.13333334
2018,2,00-0029580,R.Matthews,WR,TEN,HOU,0,0,0.0,0,0.0,0.0,0.0,0,0.0,0,4,2,8.0,0,0.8,2.8,,,72.0,217.0,29.0596875,6.0,Nevada,2012.0,2012.0,MIA,227.0,3.0,0.1904762
2018,3,00-0029580,R.Matthews,WR,TEN,JAX,0,0,0.0,0,0.0,0.0,0.0,0,0.0,0,2,1,3.0,0,0.3,1.3,,,72.0,217.0,29.0596875,6.0,Nevada,2012.0,2012.0,MIA,227.0,,0.0952381
2018,10,00-0029580,R.Matthews,WR,NYJ,BUF,0,0,0.0,0,0.0,0.0,0.0,0,0.0,0,1,0,0.0,0,0.0,0.0,,,72.0,217.0,29.0596875,6.0,Nevada,2012.0,2012.0,MIA,227.0,-31.0,0.030303031
2018,14,00-0029580,R.Matthews,WR,NYJ,BUF,0,0,0.0,0,0.0,0.0,0.0,0,0.0,0,1,1,6.0,0,0.6,1.6,,,72.0,217.0,29.0596875,6.0,Nevada,2012.0,2012.0,MIA,227.0,,0.041666668
2018,15,00-0029580,R.Matthews,WR,NYJ,HOU,0,0,0.0,0,0.0,0.0,0.0,0,0.0,0,1,1,7.0,0,0.7,1.7,,,72.0,217.0,29.0596875,6.0,Nevada,2012.0,2012.0,MIA,227.0,-7.0,0.028571429
2018,1,00-0029587,R.Ellison,TE,NYG,JAX,0,0,0.0,0,0.0,0.0,0.0,0,0.0,0,1,1,16.0,0,1.6,2.6,,,77.0,250.0,30.086125,6.0,USC,2012.0,2012.0,MIN,128.0,-5.0,0.027777778
2018,2,00-0029587,R.Ellison,TE,NYG,DAL,0,0,0.0,0,0.0,0.0,0.0,0,0.0,0,2,2,5.0,0,0.5,2.5,,,77.0,250.0,30.086125,6.0,USC,2012.0,2012.0,MIN,128.0,,0.045454547
2018,3,00-0029587,R.Ellison,TE,NYG,HOU,0,0,0.0,0,0.0,0.0,0.0,0,0.0,0,3,3,39.0,1,9.9,12.9,,,77.0,250.0,30.086125,6.0,USC,2012.0,2012.0,MIN,128.0,,0.10344828
2018,4,00-0029587,R.Ellison,TE,NYG,NO,0,0,0.0,0,0.0,0.0,0.0,0,0.0,0,5,3,29.0,0,2.9,5.9,,,77.0,250.0,30.086125,6.0,USC,2012.0,2012.0,MIN,128.0,-15.0,0.12195122
2018,5,00-0029587,R.Ellison,TE,NYG,CAR,0,0,0.0,0,0.0,0.0,0.0,0,0.0,0,3,2,17.0,0,3.7,5.7,,,77.0,250.0,30.086125,6.0,USC,2012.0,2012.0,MIN,128.0,,0.08108108
2018,7,00-0029587,R.Ellison,TE,NYG,ATL,0,0,0.0,0,0.0,0.0,0.0,0,0.0,0,2,2,11.0,0,1.1,3.1,,,77.0,250.0,30.086125,6.0,USC,2012.0,2012.0,MIN,128.0,,0.054054055
2018,8,00-0029587,R.Ellison,TE,NYG,WAS,0,0,0.0,0,0.0,0.0,0.0,0,0.0,0,1,0,0.0,0,0.0,0.0,,,77.0,250.0,30.086125,6.0,USC,2012.0,2012.0,MIN,128.0,-7.0,0.02173913
2018,10,00-0029587,R.Ellison,TE,NYG,SF,0,0,0.0,0,0.0,0.0,0.0,0,0.0,0,1,1,6.0,0,0.6,1.6,,,77.0,250.0,30.086125,6.0,USC,2012.0,2012.0,MIN,128.0,,0.032258064
2018,11,00-0029587,R.Ellison,TE,NYG,TB,0,0,0.0,0,0.0,0.0,0.0,0,0.0,0,1,1,12.0,0,1.2,2.2,,,77.0,250.0,30.086125,6.0,USC,2012.0,2012.0,MIN,128.0,3.0,0.055555556
2018,12,00-0029587,R.Ellison,TE,NYG,PHI,0,0,0.0,0,0.0,0.0,0.0,0,0.0,0,6,4,77.0,0,7.7,11.7,,,77.0,250.0,30.086125,6.0,USC,2012.0,2012.0,MIN,128.0,,0.16216215
2018,13,00-0029587,R.Ellison,TE,NYG,CHI,0,0,0.0,0,0.0,0.0,0.0,0,0.0,0,6,4,42.0,0,4.2,8.2,,,77.0,250.0,30.086125,6.0,USC,2012.0,2012.0,MIN,128.0,3.0,0.17142858
2018,15,00-0029587,R.Ellison,TE,NYG,TEN,0,0,0.0,0,0.0,0.0,0.0,0,0.0,0,1,0,0.0,0,0.0,0.0,,,77.0,250.0,30.086125,6.0,USC,2012.0,2012.0,MIN,128.0,-17.0,0.022727273
2018,16,00-0029587,R.Ellison,TE,NYG,IND,0,0,0.0,0,0.0,0.0,0.0,0,0.0,0,2,2,18.0,0,1.8,3.8,,,77.0,250.0,30.086125,6.0,USC,2012.0,2012.0,MIN,128.0,,0.06451613
2018,1,00-0029604,K.Cousins,QB,MIN,SF,20,36,244.0,2,0.0,3.0,17.0,4,26.0,0,0,0,0.0,0,20.36,20.36,,,75.0,202.0,30.2078125,6.0,Michigan State,2012.0,2012.0,WAS,102.0,8.0,
2018,2,00-0029604,K.Cousins,QB,MIN,GB,35,48,425.0,4,1.0,2.0,13.0,2,5.0,0,0,0,0.0,0,33.5,33.5,,,75.0,202.0,30.2078125,6.0,Michigan State,2012.0,2012.0,WAS,102.0,,
2018,3,00-0029604,K.Cousins,QB,MIN,BUF,40,55,296.0,1,1.0,4.0,18.0,2,2.0,0,0,0,0.0,0,10.04,10.04,,,75.0,202.0,30.2078125,6.0,Michigan State,2012.0,2012.0,WAS,102.0,-21.0,
2018,4,00-0029604,K.Cousins,QB,MIN,LA,36,50,422.0,3,0.0,4.0,30.0,4,28.0,0,0,0,0.0,0,31.68,31.68,,,75.0,202.0,30.2078125,6.0,Michigan State,2012.0,2012.0,WAS,102.0,,
2018,5,00-0029604,K.Cousins,QB,MIN,PHI,30,37,301.0,1,0.0,1.0,3.0,5,1.0,0,0,0,0.0,0,14.14,14.14,,,75.0,202.0,30.2078125,6.0,Michigan State,2012.0,2012.0,WAS,102.0,,
2018,6,00-0029604,K.Cousins,QB,MIN,ARI,24,34,233.0,1,1.0,4.0,17.0,4,14.0,1,1,1,-1.0,0,16.62,17.62,,,75.0,202.0,30.2078125,6.0,Michigan State,2012.0,2012.0,WAS,102.0,10.0,0.032258064
2018,7,00-0029604,K.Cousins,QB,MIN,NYJ,25,40,241.0,2,0.0,1.0,13.0,2,-1.0,0,0,0,0.0,0,17.54,17.54,,,75.0,202.0,30.2078125,6.0,Michigan State,2012.0,2012.0,WAS,102.0,,
2018,8,00-0029604,K.Cousins,QB,MIN,NO,31,41,359.0,2,1.0,4.0,21.0,2,3.0,0,0,0,0.0,0,20.66,20.66,,,75.0,202.0,30.2078125,6.0,Michigan State,2012.0,2012.0,WAS,102.0,-10.0,
2018,9,00-0029604,K.Cousins,QB,MIN,DET,18,22,164.0,1,1.0,1.0,9.0,2,3.0,0,0,0,0.0,0,6.86,6.86,,,75.0,202.0,30.2078125,6.0,Michigan State,2012.0,2012.0,WAS,102.0,15.0,
2018,11,00-0029604,K.Cousins,QB,MIN,CHI,30,46,262.0,2,2.0,2.0,16.0,1,5.0,0,0,0,0.0,0,16.98,16.98,,,75.0,202.0,30.2078125,6.0,Michigan State,2012.0,2012.0,WAS,102.0,,
2018,12,00-0029604,K.Cousins,QB,MIN,GB,29,38,342.0,3,0.0,2.0,17.0,6,17.0,0,0,0,0.0,0,27.38,27.38,,,75.0,202.0,30.2078125,6.0,Michigan State,2012.0,2012.0,WAS,102.0,7.0,
2018,13,00-0029604,K.Cousins,QB,MIN,NE,32,44,201.0,1,2.0,2.0,18.0,0,0.0,0,0,0,0.0,0,8.04,8.04,,,75.0,202.0,30.2078125,6.0,Michigan State,2012.0,2012.0,WAS,102.0,,
2018,14,00-0029604,K.Cousins,QB,MIN,SEA,20,33,208.0,1,0.0,2.0,9.0,3,5.0,0,0,0,0.0,0,10.82,10.82,,,75.0,202.0,30.2078125,6.0,Michigan State,2012.0,2012.0,WAS,102.0,,
2018,15,00-0029604,K.Cousins,QB,MIN,MIA,14,21,215.0,2,1.0,2.0,17.0,5,7.0,0,0,0,0.0,0,15.3,15.3,,,75.0,202.0,30.2078125,6.0,Michigan State,2012.0,2012.0,WAS,102.0,24.0,
2018,16,00-0029604,K.Cousins,QB,MIN,DET,21,28,253.0,3,0.0,2.0,13.0,1,1.0,0,0,0,0.0,0,22.22,22.22,,,75.0,202.0,30.2078125,6.0,Michigan State,2012.0,2012.0,WAS,102.0,,
2018,17,00-0029604,K.Cousins,QB,MIN,CHI,20,33,132.0,1,0.0,4.0,31.0,1,7.0,0,0,0,0.0,0,9.98,9.98,,,75.0,202.0,30.2078125,6.0,Michigan State,2012.0,2012.0,WAS,102.0,-14.0,
2018,1,00-0029608,T.Hilton,WR,IND,CIN,0,0,0.0,0,0.0,0.0,0.0,0,0.0,0,11,5,46.0,1,10.6,15.6,,,70.0,178.0,28.991444444444443,6.0,Florida International,2012.0,2012.0,IND,92.0,-11.0,0.21153846
2018,2,00-0029608,T.Hilton,WR,IND,WAS,0,0,0.0,0,0.0,0.0,0.0,0,0.0,0,11,7,83.0,1,14.3,21.3,,,70.0,178.0,28.991444444444443,6.0,Florida International,2012.0,2012.0,IND,92.0,,0.3548387
2018,3,00-0029608,T.Hilton,WR,IND,PHI,0,0,0.0,0,0.0,0.0,0.0,0,0.0,0,10,5,50.0,0,5.0,10.0,,,70.0,178.0,28.991444444444443,6.0,Florida International,2012.0,2012.0,IND,92.0,,0.24390244
2018,4,00-0029608,T.Hilton,WR,IND,HOU,0,0,0.0,0,0.0,0.0,0.0,0,0.0,0,6,4,115.0,0,11.5,15.5,,,70.0,178.0,28.991444444444443,6.0,Florida International,2012.0,2012.0,IND,92.0,-3.0,0.09836066
2018,7,00-0029608,T.Hilton,WR,IND,BUF,0,0,0.0,0,0.0,0.0,0.0,0,0.0,0,4,4,25.0,2,14.5,18.5,,,70.0,178.0,28.991444444444443,6.0,Florida International,2012.0,2012.0,IND,92.0,32.0,0.17391305
2018,8,00-0029608,T.Hilton,WR,IND,LV,0,0,0.0,0,0.0,0.0,0.0,0,0.0,0,5,1,34.0,0,3.4,4.4,,,70.0,178.0,28.991444444444443,6.0,Florida International,2012.0,2012.0,IND,92.0,,0.16129032
2018,10,00-0029608,T.Hilton,WR,IND,JAX,0,0,0.0,0,0.0,0.0,0.0,0,0.0,0,7,3,77.0,0,7.7,10.7,,,70.0,178.0,28.991444444444443,6.0,Florida International,2012.0,2012.0,IND,92.0,3.0,0.2413793
2018,11,00-0029608,T.Hilton,WR,IND,TEN,0,0,0.0,0,0.0,0.0,0.0,0,0.0,0,9,9,155.0,2,27.5,36.5,,,70.0,178.0,28.991444444444443,6.0,Florida International,2012.0,2012.0,IND,92.0,28.0,0.28125
2018,12,00-0029608,T.Hilton,WR,IND,MIA,0,0,0.0,0,0.0,0.0,0.0,0,0.0,0,10,7,125.0,0,12.5,19.5,,,70.0,178.0,28.991444444444443,6.0,Florida International,2012.0,2012.0,IND,92.0,3.0,0.2631579
2018,13,00-0029608,T.Hilton,WR,IND,JAX,0,0,0.0,0,0.0,0.0,0.0,0,0.0,0,13,8,77.0,0,7.7,15.7,,,70.0,178.0,28.991444444444443,6.0,Florida International,2012.0,2012.0,IND,92.0,,0.26
2018,14,00-0029608,T.Hilton,WR,IND,HOU,0,0,0.0,0,0.0,0.0,0.0,0,0.0,0,12,9,199.0,0,19.9,28.9,,,70.0,178.0,28.991444444444443,6.0,Florida International,2012.0,2012.0,IND,92.0,,0.3
2018,15,00-0029608,T.Hilton,WR,IND,DAL,0,0,0.0,0,0.0,0.0,0.0,0,0.0,0,8,5,85.0,0,8.5,13.5,,,70.0,178.0,28.991444444444443,6.0,Florida International,2012.0,2012.0,IND,92.0,23.0,0.30769232
2018,16,00-0029608,T.Hilton,WR,IND,NYG,0,0,0.0,0,0.0,0.0,0.0,0,0.0,0,8,7,138.0,0,13.8,20.8,,,70.0,178.0,28.991444444444443,6.0,Florida International,2012.0,2012.0,IND,92.0,1.0,0.18181819
2018,17,00-0029608,T.Hilton,WR,IND,TEN,0,0,0.0,0,0.0,0.0,0.0,0,0.0,0,6,2,61.0,0,6.1,8.1,,,70.0,178.0,28.991444444444443,6.0,Florida International,2012.0,2012.0,IND,92.0,,0.17142858
2018,18,00-0029608,T.Hilton,WR,IND,HOU,0,0,0.0,0,0.0,0.0,0.0,0,0.0,0,10,5,85.0,0,8.5,13.5,,,70.0,178.0,28.991444444444443,6.0,Florida International,2012.0,2012.0,IND,92.0,,0.32258064
2018,19,00-0029608,T.Hilton,WR,IND,KC,0,0,0.0,0,0.0,0.0,0.0,0,0.0,0,11,4,60.0,1,12.0,16.0,,,70.0,178.0,28.991444444444443,6.0,Florida International,2012.0,2012.0,IND,92.0,,0.30555555
2018,1,00-0029613,D.Martin,RB,LV,LA,0,0,0.0,0,0.0,0.0,0.0,4,20.0,0,2,2,-3.0,0,1.7,3.7,,,69.0,223.0,29.809124999999998,6.0,Boise State,2012.0,2012.0,TB,31.0,,0.05263158
2018,2,00-0029613,D.Martin,RB,LV,DEN,0,0,0.0,0,0.0,0.0,0.0,7,24.0,0,1,1,0.0,0,2.4,3.4,,,69.0,223.0,29.809124999999998,6.0,Boise State,2012.0,2012.0,TB,31.0,,0.03125
2018,3,00-0029613,D.Martin,RB,LV,MIA,0,0,0.0,0,0.0,0.0,0.0,9,43.0,0,0,0,0.0,0,4.3,4.3,,,69.0,223.0,29.809124999999998,6.0,Boise State,2012.0,2012.0,TB,31.0,,
2018,4,00-0029613,D.Martin,RB,LV,CLE,0,0,0.0,0,0.0,0.0,0.0,5,11.0,0,0,0,0.0,0,1.1,1.1,,,69.0,223.0,29.809124999999998,6.0,Boise State,2012.0,2012.0,TB,31.0,,
2018,5,00-0029613,D.Martin,RB,LV,LAC,0,0,0.0,0,0.0,0.0,0.0,2,1.0,0,1,0,0.0,0,0.1,0.1,,,69.0,223.0,29.809124999999998,6.0,Boise State,2012.0,2012.0,TB,31.0,,0.032258064
2018,6,00-0029613,D.Martin,RB,LV,SEA,0,0,0.0,0,0.0,0.0,0.0,0,0.0,0,1,1,8.0,0,0.8,1.8,,,69.0,223.0,29.809124999999998,6.0,Boise State,2012.0,2012.0,TB,31.0,,0.033333335
2018,8,00-0029613,D.Martin,RB,LV,IND,0,0,0.0,0,0.0,0.0,0.0,13,72.0,0,2,2,17.0,0,6.9,8.9,,,69.0,223.0,29.809124999999998,6.0,Boise State,2012.0,2012.0,TB,31.0,,0.071428575
2018,9,00-0029613,D.Martin,RB,LV,SF,0,0,0.0,0,0.0,0.0,0.0,11,49.0,0,2,1,20.0,0,6.9,7.9,,,69.0,223.0,29.809124999999998,6.0,Boise State,2012.0,2012.0,TB,31.0,,0.0952381
2018,10,00-0029613,D.Martin,RB,LV,LAC,0,0,0.0,0,0.0,0.0,0.0,15,61.0,0,3,3,31.0,0,9.2,12.2,,,69.0,223.0,29.809124999999998,6.0,Boise State,2012.0,2012.0,TB,31.0,,0.08571429
2018,11,00-0029613,D.Martin,RB,LV,ARI,0,0,0.0,0,0.0,0.0,0.0,10,52.0,0,1,1,6.0,0,5.8,6.8,,,69.0,223.0,29.809124999999998,6.0,Boise State,2012.0,2012.0,TB,31.0,,0.035714287
2018,12,00-0029613,D.Martin,RB,LV,BAL,0,0,0.0,0,0.0,0.0,0.0,11,51.0,1,4,3,21.0,0,13.2,16.2,,,69.0,223.0,29.809124999999998,6.0,Boise State,2012.0,2012.0,TB,31.0,,0.121212125
2018,13,00-0029613,D.Martin,RB,LV,KC,0,0,0.0,0,0.0,0.0,0.0,18,61.0,1,2,2,6.0,0,10.7,12.7,,,69.0,223.0,29.809124999999998,6.0,Boise State,2012.0,2012.0,TB,31.0,,0.054054055
2018,14,00-0029613,D.Martin,RB,LV,PIT,0,0,0.0,0,0.0,0.0,0.0,16,32.0,1,0,0,0.0,0,9.2,9.2,,,69.0,223.0,29.809124999999998,6.0,Boise State,2012.0,2012.0,TB,31.0,,
2018,15,00-0029613,D.Martin,RB,LV,CIN,0,0,0.0,0,0.0,0.0,0.0,9,39.0,0,1,0,0.0,0,3.9,3.9,,,69.0,223.0,29.809124999999998,6.0,Boise State,2012.0,2012.0,TB,31.0,,0.030303031
2018,16,00-0029613,D.Martin,RB,LV,DEN,0,0,0.0,0,0.0,0.0,0.0,21,107.0,1,2,1,9.0,0,17.6,18.6,,,69.0,223.0,29.809124999999998,6.0,Boise State,2012.0,2012.0,TB,31.0,,0.07692308
2018,17,00-0029613,D.Martin,RB,LV,KC,0,0,0.0,0,0.0,0.0,0.0,21,100.0,0,2,1,1.0,0,8.1,9.1,,,69.0,223.0,29.809124999999998,6.0,Boise State,2012.0,2012.0,TB,31.0,,0.0625
2018,1,00-0029615,L.Miller,RB,HOU,NE,0,0,0.0,0,0.0,0.0,0.0,20,98.0,0,2,1,11.0,0,10.9,11.9,,,70.0,220.0,27.537411764705883,6.0,Miami,2012.0,2012.0,MIA,97.0,,0.05882353
2018,2,00-0029615,L.Miller,RB,HOU,TEN,0,0,0.0,0,0.0,0.0,0.0,14,68.0,0,2,2,2.0,0,7.0,9.0,,,70.0,220.0,27.537411764705883,6.0,Miami,2012.0,2012.0,MIA,97.0,,0.06451613
2018,3,00-0029615,L.Miller,RB,HOU,NYG,0,0,0.0,0,0.0,0.0,0.0,10,10.0,0,6,5,41.0,1,9.1,14.1,,,70.0,220.0,27.537411764705883,6.0,Miami,2012.0,2012.0,MIA,97.0,-5.0,0.15789473
2018,4,00-0029615,L.Miller,RB,HOU,IND,0,0,0.0,0,0.0,0.0,0.0,14,49.0,0,0,0,0.0,0,4.9,4.9,,,70.0,220.0,27.537411764705883,6.0,Miami,2012.0,2012.0,MIA,97.0,,
2018,6,00-0029615,L.Miller,RB,HOU,BUF,0,0,0.0,0,0.0,0.0,0.0,15,46.0,0,3,2,25.0,0,7.1,9.1,,,70.0,220.0,27.537411764705883,6.0,Miami,2012.0,2012.0,MIA,97.0,7.0,0.115384616
2018,7,00-0029615,L.Miller,RB,HOU,JAX,0,0,0.0,0,0.0,0.0,0.0,22,100.0,1,3,1,-1.0,0,15.9,16.9,,,70.0,220.0,27.537411764705883,6.0,Miami,2012.0,2012.0,MIA,97.0,,0.125
2018,8,00-0029615,L.Miller,RB,HOU,MIA,0,0,0.0,0,0.0,0.0,0.0,18,133.0,1,2,0,0.0,0,19.3,19.3,,,70.0,220.0,27.537411764705883,6.0,Miami,2012.0,2012.0,MIA,97.0,19.0,0.1
2018,9,00-0029615,L.Miller,RB,HOU,DEN,0,0,0.0,0,0.0,0.0,0.0,12,21.0,0,2,2,27.0,0,4.8,6.8,,,70.0,220.0,27.537411764705883,6.0,Miami,2012.0,2012.0,MIA,97.0,,0.08695652
2018,11,00-0029615,L.Miller,RB,HOU,WAS,0,0,0.0,0,0.0,0.0,0.0,20,86.0,0,5,3,22.0,0,10.8,13.8,,,70.0,220.0,27.537411764705883,6.0,Miami,2012.0,2012.0,MIA,97.0,,0.20833333
2018,12,00-0029615,L.Miller,RB,HOU,TEN,0,0,0.0,0,0.0,0.0,0.0,12,162.0,1,1,1,5.0,0,22.7,23.7,,,70.0,220.0,27.537411764705883,6.0,Miami,2012.0,2012.0,MIA,97.0,17.0,0.04347826
2018,13,00-0029615,L.Miller,RB,HOU,CLE,0,0,0.0,0,0.0,0.0,0.0,19,103.0,0,1,1,12.0,0,11.5,12.5,,,70.0,220.0,27.537411764705883,6.0,Miami,2012.0,2012.0,MIA,97.0,16.0,0.03448276
2018,14,00-0029615,L.Miller,RB,HOU,IND,0,0,0.0,0,0.0,0.0,0.0,14,33.0,1,6,5,19.0,0,11.2,16.2,,,70.0,220.0,27.537411764705883,6.0,Miami,2012.0,2012.0,MIA,97.0,-3.0,0.15789473
2018,15,00-0029615,L.Miller,RB,HOU,NYJ,0,0,0.0,0,0.0,0.0,0.0,3,8.0,0,0,0,0.0,0,0.8,0.8,,,70.0,220.0,27.537411764705883,6.0,Miami,2012.0,2012.0,MIA,97.0,,
2018,17,00-0029615,L.Miller,RB,HOU,JAX,0,0,0.0,0,0.0,0.0,0.0,17,56.0,1,2,2,0.0,0,11.6,13.6,,,70.0,220.0,27.537411764705883,6.0,Miami,2012.0,2012.0,MIA,97.0,17.0,0.057142857
2018,18,00-0029615,L.Miller,RB,HOU,IND,0,0,0.0,0,0.0,0.0,0.0,5,18.0,0,10,8,63.0,0,8.1,16.1,,,70.0,220.0,27.537411764705883,6.0,Miami,2012.0,2012.0,MIA,97.0,-14.0,0.21276596
2018,1,00-0029632,M.Sanu,WR,ATL,PHI,0,0,0.0,0,0.0,0.0,0.0,0,0.0,0,6,4,18.0,0,1.8,5.8,,,74.0,210.0,29.2021875,6.0,Rutgers,2012.0,2012.0,CIN,83.0,,0.15384616
2018,2,00-0029632,M.Sanu,WR,ATL,CAR,0,0,0.0,0,0.0,0.0,0.0,1,-4.0,0,2,2,19.0,0,1.5,3.5,,,74.0,210.0,29.2021875,6.0,Rutgers,2012.0,2012.0,CIN,83.0,7.0,0.071428575
2018,3,00-0029632,M.Sanu,WR,ATL,NO,0,0,0.0,0,0.0,0.0,0.0,0,0.0,0,7,4,36.0,1,11.6,15.6,,,74.0,210.0,29.2021875,6.0,Rutgers,2012.0,2012.0,CIN,83.0,-6.0,0.20588236
2018,4,00-0029632,M.Sanu,WR,ATL,CIN,0,0,0.0,0,0.0,0.0,0.0,0,0.0,0,9,6,111.0,0,11.1,17.1,,,74.0,210.0,29.2021875,6.0,Rutgers,2012.0,2012.0,CIN,83.0,-1.0,0.23684211
2018,5,00-0029632,M.Sanu,WR,ATL,PIT,0,0,0.0,0,0.0,0.0,0.0,0,0.0,0,7,4,73.0,1,13.3,17.3,,,74.0,210.0,29.2021875,6.0,Rutgers,2012.0,2012.0,CIN,83.0,,0.15555556
2018,6,00-0029632,M.Sanu,WR,ATL,TB,0,0,0.0,0,0.0,0.0,0.0,0,0.0,0,2,2,46.0,1,10.6,12.6,,,74.0,210.0,29.2021875,6.0,Rutgers,2012.0,2012.0,CIN,83.0,5.0,0.048780486
2018,7,00-0029632,M.Sanu,WR,ATL,NYG,0,0,0.0,0,0.0,0.0,0.0,0,0.0,0,2,2,21.0,0,2.1,4.1,,,74.0,210.0,29.2021875,6.0,Rutgers,2012.0,2012.0,CIN,83.0,3.0,0.055555556
2018,9,00-0029632,M.Sanu,WR,ATL,WAS,0,0,0.0,0,0.0,0.0,0.0,0,0.0,0,5,4,45.0,0,4.5,8.5,,,74.0,210.0,29.2021875,6.0,Rutgers,2012.0,2012.0,CIN,83.0,,0.13513513
2018,10,00-0029632,M.Sanu,WR,ATL,CLE,0,0,0.0,0,0.0,0.0,0.0,0,0.0,0,8,6,47.0,0,2.7,8.7,,,74.0,210.0,29.2021875,6.0,Rutgers,2012.0,2012.0,CIN,83.0,,0.15686275
2018,11,00-0029632,M.Sanu,WR,ATL,DAL,0,0,0.0,0,0.0,0.0,0.0,1,3.0,0,6,4,56.0,0,5.9,9.9,,,74.0,210.0,29.2021875,6.0,Rutgers,2012.0,2012.0,CIN,83.0,-3.0,0.1764706
2018,12,00-0029632,M.Sanu,WR,ATL,NO,0,0,0.0,0,0.0,0.0,0.0,1,3.0,0,4,4,74.0,0,7.7,11.7,,,74.0,210.0,29.2021875,6.0,Rutgers,2012.0,2012.0,CIN,83.0,,0.08510638
2018,13,00-0029632,M.Sanu,WR,ATL,BAL,0,1,0.0,0,0.0,0.0,-0.0,0,0.0,0,4,3,37.0,0,3.7,6.7,,,74.0,210.0,29.2021875,6.0,Rutgers,2012.0,2012.0,CIN,83.0,-10.0,0.14814815
2018,14,00-0029632,M.Sanu,WR,ATL,GB,0,0,0.0,0,0.0,0.0,0.0,0,0.0,0,8,6,54.0,0,5.4,11.4,,,74.0,210.0,29.2021875,6.0,Rutgers,2012.0,2012.0,CIN,83.0,,0.1904762
2018,15,00-0029632,M.Sanu,WR,ATL,ARI,0,0,0.0,0,0.0,0.0,0.0,1,11.0,0,6,3,30.0,0,4.1,7.1,,,74.0,210.0,29.2021875,6.0,Rutgers,2012.0,2012.0,CIN,83.0,26.0,0.16666667
2018,16,00-0029632,M.Sanu,WR,ATL,CAR,0,0,0.0,0,0.0,0.0,0.0,2,29.0,0,8,5,81.0,1,17.0,22.0,,,74.0,210.0,29.2021875,6.0,Rutgers,2012.0,2012.0,CIN,83.0,,0.30769232
2018,17,00-0029632,M.Sanu,WR,ATL,TB,1,1,5.0,1,0.0,0.0,-0.0,1,2.0,0,10,7,90.0,0,13.4,20.4,,,74.0,210.0,29.2021875,6.0,Rutgers,2012.0,2012.0,CIN,83.0,,0.23255815
2018,6,00-0029638,M.Floyd,WR,WAS,CAR,0,0,0.0,0,0.0,0.0,0.0,0,0.0,0,1,0,0.0,0,0.0,0.0,,,75.0,220.0,28.942,6.0,Notre Dame,2012.0,2012.0,ARI,13.0,6.0,0.030303031
2018,7,00-0029638,M.Floyd,WR,WAS,DAL,0,0,0.0,0,0.0,0.0,0.0,0,0.0,0,3,1,20.0,0,2.0,3.0,,,75.0,220.0,28.942,6.0,Notre Dame,2012.0,2012.0,ARI,13.0,3.0,0.125
2018,9,00-0029638,M.Floyd,WR,WAS,ATL,0,0,0.0,0,0.0,0.0,0.0,0,0.0,0,1,0,0.0,0,0.0,0.0,,,75.0,220.0,28.942,6.0,Notre Dame,2012.0,2012.0,ARI,13.0,-24.0,0.022222223
2018,10,00-0029638,M.Floyd,WR,WAS,TB,0,0,0.0,0,0.0,0.0,0.0,0,0.0,0,3,2,15.0,0,1.5,3.5,,,75.0,220.0,28.942,6.0,Notre Dame,2012.0,2012.0,ARI,13.0,,0.115384616
2018,11,00-0029638,M.Floyd,WR,WAS,HOU,0,0,0.0,0,0.0,0.0,0.0,0,0.0,0,3,1,18.0,0,1.8,2.8,,,75.0,220.0,28.942,6.0,Notre Dame,2012.0,2012.0,ARI,13.0,-2.0,0.083333336
2018,13,00-0029638,M.Floyd,WR,WAS,PHI,0,0,0.0,0,0.0,0.0,0.0,0,0.0,0,2,1,9.0,0,0.9,1.9,,,75.0,220.0,28.942,6.0,Notre Dame,2012.0,2012.0,ARI,13.0,,0.083333336
2018,14,00-0029638,M.Floyd,WR,WAS,NYG,0,0,0.0,0,0.0,0.0,0.0,0,0.0,0,2,0,0.0,0,2.0,2.0,,,75.0,220.0,28.942,6.0,Notre Dame,2012.0,2012.0,ARI,13.0,-24.0,0.06896552
2018,15,00-0029638,M.Floyd,WR,WAS,JAX,0,0,0.0,0,0.0,0.0,0.0,0,0.0,0,3,2,16.0,0,1.6,3.6,,,75.0,220.0,28.942,6.0,Notre Dame,2012.0,2012.0,ARI,13.0,,0.13043478
2018,16,00-0029638,M.Floyd,WR,WAS,TEN,0,0,0.0,0,0.0,0.0,0.0,0,0.0,0,3,1,7.0,1,6.7,7.7,,,75.0,220.0,28.942,6.0,Notre Dame,2012.0,2012.0,ARI,13.0,,0.13043478
2018,17,00-0029638,M.Floyd,WR,WAS,PHI,0,0,0.0,0,0.0,0.0,0.0,0,0.0,0,3,2,15.0,0,1.5,3.5,,,75.0,220.0,28.942,6.0,Notre Dame,2012.0,2012.0,ARI,13.0,-24.0,0.11111111
2018,5,00-0029640,B.Quick,WR,WAS,NO,0,0,0.0,0,0.0,0.0,0.0,0,0.0,0,1,1,6.0,0,0.6,1.6,,,75.0,218.0,29.4210625,6.0,Appalachian State,2012.0,2012.0,STL,33.0,,0.027027028
2018,6,00-0029640,B.Quick,WR,WAS,CAR,0,0,0.0,0,0.0,0.0,0.0,0,0.0,0,2,2,12.0,0,1.2,3.2,,,75.0,218.0,29.4210625,6.0,Appalachian State,2012.0,2012.0,STL,33.0,6.0,0.060606062
2018,13,00-0029657,A.Hicks,DT,CHI,NYG,0,0,0.0,0,0.0,0.0,0.0,1,1.0,1,0,0,0.0,0,6.1,6.1,,,77.0,332.0,28.980764705882354,6.0,"Regina, Can.",2012.0,2012.0,NO,89.0,,
2018,1,00-0029664,J.Gordon,WR,CLE,PIT,0,0,0.0,0,0.0,0.0,0.0,0,0.0,0,3,1,17.0,1,7.7,8.7,,,75.0,225.0,27.594000000000005,6.0,Baylor,2012.0,2012.0,CLE,34.0,0.0,0.078947365
2018,4,00-0029664,J.Gordon,WR,NE,MIA,0,0,0.0,0,0.0,0.0,0.0,0,0.0,0,2,2,32.0,0,3.2,5.2,,,75.0,225.0,27.594000000000005,6.0,Baylor,2012.0,2012.0,CLE,34.0,31.0,0.057142857
2018,5,00-0029664,J.Gordon,WR,NE,IND,0,0,0.0,0,0.0,0.0,0.0,0,0.0,0,4,2,50.0,1,11.0,13.0,,,75.0,225.0,27.594000000000005,6.0,Baylor,2012.0,2012.0,CLE,34.0,14.0,0.09090909
2018,6,00-0029664,J.Gordon,WR,NE,KC,0,0,0.0,0,0.0,0.0,0.0,0,0.0,0,9,5,42.0,0,4.2,9.2,,,75.0,225.0,27.594000000000005,6.0,Baylor,2012.0,2012.0,CLE,34.0,3.0,0.25714287
2018,7,00-0029664,J.Gordon,WR,NE,CHI,0,0,0.0,0,0.0,0.0,0.0,0,0.0,0,7,4,100.0,0,10.0,14.0,,,75.0,225.0,27.594000000000005,6.0,Baylor,2012.0,2012.0,CLE,34.0,,0.2
2018,8,00-0029664,J.Gordon,WR,NE,BUF,0,0,0.0,0,0.0,0.0,0.0,0,0.0,0,6,4,42.0,0,4.2,8.2,,,75.0,225.0,27.594000000000005,6.0,Baylor,2012.0,2012.0,CLE,34.0,,0.14634146
2018,9,00-0029664,J.Gordon,WR,NE,GB,0,0,0.0,0,0.0,0.0,0.0,0,0.0,0,9,5,130.0,1,19.0,24.0,,,75.0,225.0,27.594000000000005,6.0,Baylor,2012.0,2012.0,CLE,34.0,14.0,0.25714287
2018,10,00-0029664,J.Gordon,WR,NE,TEN,0,0,0.0,0,0.0,0.0,0.0,0,0.0,0,12,4,81.0,0,8.1,12.1,,,75.0,225.0,27.594000000000005,6.0,Baylor,2012.0,2012.0,CLE,34.0,,0.3
2018,12,00-0029664,J.Gordon,WR,NE,NYJ,0,0,0.0,0,0.0,0.0,0.0,0,0.0,0,5,5,70.0,0,7.0,12.0,,,75.0,225.0,27.594000000000005,6.0,Baylor,2012.0,2012.0,CLE,34.0,,0.16666667
2018,13,00-0029664,J.Gordon,WR,NE,MIN,0,0,0.0,0,0.0,0.0,0.0,0,0.0,0,3,3,58.0,1,11.8,14.8,,,75.0,225.0,27.594000000000005,6.0,Baylor,2012.0,2012.0,CLE,34.0,14.0,0.09375
2018,14,00-0029664,J.Gordon,WR,NE,MIA,0,0,0.0,0,0.0,0.0,0.0,0,0.0,0,9,5,96.0,0,9.6,14.6,,,75.0,225.0,27.594000000000005,6.0,Baylor,2012.0,2012.0,CLE,34.0,,0.23076923
2018,15,00-0029664,J.Gordon,WR,NE,PIT,0,0,0.0,0,0.0,0.0,0.0,0,0.0,0,2,1,19.0,0,1.9,2.9,,,75.0,225.0,27.594000000000005,6.0,Baylor,2012.0,2012.0,CLE,34.0,,0.055555556
2018,13,00-0029665,R.Griffin,QB,BAL,ATL,2,4,21.0,0,0.0,0.0,-0.0,0,0.0,0,0,0,0.0,0,0.84,0.84,,,74.0,222.0,28.733941176470587,6.0,Baylor,2012.0,2012.0,WAS,2.0,,
2018,14,00-0029665,R.Griffin,QB,BAL,KC,0,2,0.0,0,0.0,0.0,-0.0,0,0.0,0,0,0,0.0,0,0.0,0.0,,,74.0,222.0,28.733941176470587,6.0,Baylor,2012.0,2012.0,WAS,2.0,,
2018,1,00-0029668,A.Luck,QB,IND,CIN,39,53,319.0,2,1.0,2.0,14.0,1,7.0,0,0,0,0.0,0,19.46,19.46,,,76.0,240.0,29.16388888888889,6.0,Stanford,2012.0,2012.0,IND,1.0,-11.0,
2018,2,00-0029668,A.Luck,QB,IND,WAS,21,31,179.0,2,2.0,1.0,2.0,4,2.0,0,0,0,0.0,0,11.36,11.36,,,76.0,240.0,29.16388888888889,6.0,Stanford,2012.0,2012.0,IND,1.0,,
2018,3,00-0029668,A.Luck,QB,IND,PHI,25,40,164.0,1,0.0,2.0,23.0,1,33.0,0,0,0,0.0,0,13.86,13.86,,,76.0,240.0,29.16388888888889,6.0,Stanford,2012.0,2012.0,IND,1.0,,
2018,4,00-0029668,A.Luck,QB,IND,HOU,40,62,464.0,4,0.0,4.0,27.0,3,11.0,0,0,0,0.0,0,35.66,35.66,,,76.0,240.0,29.16388888888889,6.0,Stanford,2012.0,2012.0,IND,1.0,-3.0,
2018,5,00-0029668,A.Luck,QB,IND,NE,38,59,365.0,3,2.0,1.0,10.0,0,0.0,0,0,0,0.0,0,22.6,22.6,,,76.0,240.0,29.16388888888889,6.0,Stanford,2012.0,2012.0,IND,1.0,,
2018,6,00-0029668,A.Luck,QB,IND,NYJ,23,43,301.0,4,3.0,0.0,-0.0,2,7.0,0,0,0,0.0,0,22.74,22.74,,,76.0,240.0,29.16388888888889,6.0,Stanford,2012.0,2012.0,IND,1.0,,
2018,7,00-0029668,A.Luck,QB,IND,BUF,17,23,156.0,4,0.0,0.0,-0.0,3,5.0,0,0,0,0.0,0,22.74,22.74,,,76.0,240.0,29.16388888888889,6.0,Stanford,2012.0,2012.0,IND,1.0,32.0,
2018,8,00-0029668,A.Luck,QB,IND,LV,22,31,239.0,3,0.0,0.0,-0.0,2,-2.0,0,0,0,0.0,0,23.36,23.36,,,76.0,240.0,29.16388888888889,6.0,Stanford,2012.0,2012.0,IND,1.0,,
2018,10,00-0029668,A.Luck,QB,IND,JAX,21,29,285.0,3,1.0,0.0,-0.0,5,-2.0,0,0,0,0.0,0,21.2,21.2,,,76.0,240.0,29.16388888888889,6.0,Stanford,2012.0,2012.0,IND,1.0,3.0,
2018,11,00-0029668,A.Luck,QB,IND,TEN,23,29,297.0,3,0.0,0.0,-0.0,0,0.0,0,1,0,0.0,0,23.88,23.88,,,76.0,240.0,29.16388888888889,6.0,Stanford,2012.0,2012.0,IND,1.0,28.0,0.03125
2018,12,00-0029668,A.Luck,QB,IND,MIA,30,37,343.0,3,2.0,1.0,10.0,2,5.0,0,1,1,4.0,0,22.62,23.62,,,76.0,240.0,29.16388888888889,6.0,Stanford,2012.0,2012.0,IND,1.0,3.0,0.02631579
2018,13,00-0029668,A.Luck,QB,IND,JAX,33,52,248.0,0,1.0,3.0,24.0,2,16.0,0,0,0,0.0,0,9.52,9.52,,,76.0,240.0,29.16388888888889,6.0,Stanford,2012.0,2012.0,IND,1.0,,
2018,14,00-0029668,A.Luck,QB,IND,HOU,27,41,399.0,2,1.0,2.0,13.0,6,16.0,0,0,0,0.0,0,23.56,23.56,,,76.0,240.0,29.16388888888889,6.0,Stanford,2012.0,2012.0,IND,1.0,,
2018,15,00-0029668,A.Luck,QB,IND,DAL,16,27,192.0,0,0.0,0.0,-0.0,6,20.0,0,0,0,0.0,0,9.68,9.68,,,76.0,240.0,29.16388888888889,6.0,Stanford,2012.0,2012.0,IND,1.0,23.0,
2018,16,00-0029668,A.Luck,QB,IND,NYG,31,47,357.0,2,1.0,1.0,4.0,2,13.0,0,0,0,0.0,0,21.58,21.58,,,76.0,240.0,29.16388888888889,6.0,Stanford,2012.0,2012.0,IND,1.0,1.0,
2018,17,00-0029668,A.Luck,QB,IND,TEN,24,35,285.0,3,1.0,1.0,7.0,7,17.0,0,0,0,0.0,0,23.1,23.1,,,76.0,240.0,29.16388888888889,6.0,Stanford,2012.0,2012.0,IND,1.0,,
2018,18,00-0029668,A.Luck,QB,IND,HOU,19,32,222.0,2,1.0,0.0,-0.0,8,29.0,0,0,0,0.0,0,17.78,17.78,,,76.0,240.0,29.16388888888889,6.0,Stanford,2012.0,2012.0,IND,1.0,,
2018,19,00-0029668,A.Luck,QB,IND,KC,19,36,203.0,1,0.0,3.0,24.0,2,17.0,0,0,0,0.0,0,11.82,11.82,,,76.0,240.0,29.16388888888889,6.0,Stanford,2012.0,2012.0,IND,1.0,,
2018,8,00-0029677,B.Weeden,QB,HOU,MIA,0,0,0.0,0,0.0,0.0,0.0,1,-1.0,0,0,0,0.0,0,-0.1,-0.1,,,75.0,228.0,35.066529411764705,6.0,Oklahoma State,2012.0,2012.0,CLE,22.0,19.0,
2018,4,00-0029682,B.Osweiler,QB,MIA,NE,4,5,35.0,1,0.0,0.0,-0.0,1,7.0,0,0,0,0.0,0,6.1,6.1,,,79.0,240.0,27.9478125,6.0,Arizona State,2012.0,2012.0,DEN,57.0,,
2018,6,00-0029682,B.Osweiler,QB,MIA,CHI,28,44,380.0,3,2.0,0.0,-0.0,2,8.0,0,0,0,0.0,0,26.0,26.0,,,79.0,240.0,27.9478125,6.0,Arizona State,2012.0,2012.0,DEN,57.0,3.0,
2018,7,00-0029682,B.Osweiler,QB,MIA,DET,22,31,239.0,2,0.0,4.0,24.0,1,2.0,0,0,0,0.0,0,17.76,17.76,,,79.0,240.0,27.9478125,6.0,Arizona State,2012.0,2012.0,DEN,57.0,-11.0,
2018,8,00-0029682,B.Osweiler,QB,MIA,HOU,21,37,241.0,0,1.0,2.0,15.0,0,0.0,0,0,0,0.0,0,7.64,7.64,,,79.0,240.0,27.9478125,6.0,Arizona State,2012.0,2012.0,DEN,57.0,,
2018,9,00-0029682,B.Osweiler,QB,MIA,NYJ,15,24,139.0,0,0.0,4.0,35.0,3,4.0,0,0,0,0.0,0,5.96,5.96,,,79.0,240.0,27.9478125,6.0,Arizona State,2012.0,2012.0,DEN,57.0,7.0,
2018,10,00-0029682,B.Osweiler,QB,MIA,GB,23,37,213.0,0,1.0,6.0,50.0,1,0.0,0,0,0,0.0,0,4.52,4.52,,,79.0,240.0,27.9478125,6.0,Arizona State,2012.0,2012.0,DEN,57.0,,
2018,14,00-0029682,B.Osweiler,QB,MIA,NE,0,0,0.0,0,0.0,1.0,6.0,0,0.0,0,0,0,0.0,0,0.0,0.0,,,79.0,240.0,27.9478125,6.0,Arizona State,2012.0,2012.0,DEN,57.0,1.0,
2018,4,00-0029689,D.Allen,TE,NE,MIA,0,0,0.0,0,0.0,0.0,0.0,0,0.0,0,2,1,-4.0,0,-0.4,0.6,,,75.0,265.0,28.724684210526316,6.0,Clemson,2012.0,2012.0,IND,64.0,31.0,0.057142857
2018,9,00-0029689,D.Allen,TE,NE,GB,0,0,0.0,0,0.0,0.0,0.0,0,0.0,0,1,1,21.0,0,2.1,3.1,,,75.0,265.0,28.724684210526316,6.0,Clemson,2012.0,2012.0,IND,64.0,14.0,0.028571429
2018,10,00-0029689,D.Allen,TE,NE,TEN,0,0,0.0,0,0.0,0.0,0.0,0,0.0,0,1,1,10.0,0,1.0,2.0,,,75.0,265.0,28.724684210526316,6.0,Clemson,2012.0,2012.0,IND,64.0,,0.025
2018,9,00-0029692,B.Anger,P,TB,CAR,0,1,0.0,0,0.0,0.0,-0.0,0,0.0,0,0,0,0.0,0,0.0,0.0,,,75.0,205.0,30.0830625,6.0,California,2012.0,2012.0,JAX,70.0,,
2018,1,00-0029701,R.Tannehill,QB,MIA,TEN,20,28,230.0,2,2.0,1.0,8.0,4,4.0,0,0,0,0.0,0,13.6,13.6,,,76.0,216.0,30.2695,6.0,Texas A&amp;M,2012.0,2012.0,MIA,8.0,7.0,
2018,2,00-0029701,R.Tannehill,QB,MIA,NYJ,17,23,168.0,2,0.0,4.0,46.0,8,44.0,0,0,0,0.0,0,17.12,17.12,,,76.0,216.0,30.2695,6.0,Texas A&amp;M,2012.0,2012.0,MIA,8.0,,
2018,3,00-0029701,R.Tannehill,QB,MIA,LV,17,23,289.0,3,0.0,1.0,9.0,3,26.0,0,0,0,0.0,0,26.16,26.16,,,76.0,216.0,30.2695,6.0,Texas A&amp;M,2012.0,2012.0,MIA,8.0,8.0,
2018,4,00-0029701,R.Tannehill,QB,MIA,NE,11,20,100.0,0,1.0,2.0,19.0,1,0.0,0,0,0,0.0,0,0.0,0.0,,,76.0,216.0,30.2695,6.0,Texas A&amp;M,2012.0,2012.0,MIA,8.0,,
2018,5,00-0029701,R.Tannehill,QB,MIA,CIN,20,35,185.0,1,2.0,3.0,16.0,3,17.0,0,0,0,0.0,0,7.1,7.1,,,76.0,216.0,30.2695,6.0,Texas A&amp;M,2012.0,2012.0,MIA,8.0,,
2018,12,00-0029701,R.Tannehill,QB,MIA,IND,17,25,204.0,2,0.0,1.0,3.0,3,14.0,0,0,0,0.0,0,17.56,17.56,,,76.0,216.0,30.2695,6.0,Texas A&amp;M,2012.0,2012.0,MIA,8.0,,
2018,13,00-0029701,R.Tannehill,QB,MIA,BUF,16,24,137.0,3,1.0,3.0,22.0,3,-5.0,0,0,0,0.0,0,14.98,14.98,,,76.0,216.0,30.2695,6.0,Texas A&amp;M,2012.0,2012.0,MIA,8.0,4.0,
2018,14,00-0029701,R.Tannehill,QB,MIA,NE,14,19,265.0,3,0.0,4.0,36.0,1,13.0,0,0,0,0.0,0,23.9,23.9,,,76.0,216.0,30.2695,6.0,Texas A&amp;M,2012.0,2012.0,MIA,8.0,1.0,
2018,15,00-0029701,R.Tannehill,QB,MIA,MIN,11,24,108.0,0,0.0,9.0,71.0,1,1.0,0,0,0,0.0,0,4.42,4.42,,,76.0,216.0,30.2695,6.0,Texas A&amp;M,2012.0,2012.0,MIA,8.0,,
2018,16,00-0029701,R.Tannehill,QB,MIA,JAX,15,22,146.0,1,1.0,3.0,25.0,3,22.0,0,0,0,0.0,0,10.04,10.04,,,76.0,216.0,30.2695,6.0,Texas A&amp;M,2012.0,2012.0,MIA,8.0,-10.0,
2018,17,00-0029701,R.Tannehill,QB,MIA,BUF,18,31,147.0,0,2.0,4.0,24.0,2,9.0,0,1,1,3.0,1,7.08,8.08,,,76.0,216.0,30.2695,6.0,Texas A&amp;M,2012.0,2012.0,MIA,8.0,,0.033333335
2018,1,00-0029738,D.Fells,TE,CLE,PIT,0,0,0.0,0,0.0,0.0,0.0,0,0.0,0,1,1,12.0,0,1.2,2.2,,,79.0,270.0,32.5334375,5.0,California-Irvine,2013.0,2013.0,,,0.0,0.02631579
2018,2,00-0029738,D.Fells,TE,CLE,NO,0,0,0.0,0,0.0,0.0,0.0,0,0.0,0,2,2,15.0,0,1.5,3.5,,,79.0,270.0,32.5334375,5.0,California-Irvine,2013.0,2013.0,,,,0.06666667
2018,4,00-0029738,D.Fells,TE,CLE,LV,0,0,0.0,0,0.0,0.0,0.0,0,0.0,0,2,1,49.0,1,10.9,11.9,,,79.0,270.0,32.5334375,5.0,California-Irvine,2013.0,2013.0,,,,0.048780486
2018,5,00-0029738,D.Fells,TE,CLE,BAL,0,0,0.0,0,0.0,0.0,0.0,0,0.0,0,1,1,8.0,0,0.8,1.8,,,79.0,270.0,32.5334375,5.0,California-Irvine,2013.0,2013.0,,,3.0,0.023809524
2018,8,00-0029738,D.Fells,TE,CLE,PIT,0,0,0.0,0,0.0,0.0,0.0,0,0.0,0,1,1,6.0,0,0.6,1.6,,,79.0,270.0,32.5334375,5.0,California-Irvine,2013.0,2013.0,,,,0.030303031
2018,12,00-0029738,D.Fells,TE,CLE,CIN,0,0,0.0,0,0.0,0.0,0.0,0,0.0,0,1,1,6.0,1,6.6,7.6,,,79.0,270.0,32.5334375,5.0,California-Irvine,2013.0,2013.0,,,,0.04
2018,16,00-0029738,D.Fells,TE,CLE,CIN,0,0,0.0,0,0.0,0.0,0.0,0,0.0,0,3,3,18.0,1,7.8,10.8,,,79.0,270.0,32.5334375,5.0,California-Irvine,2013.0,2013.0,,,8.0,0.078947365
2018,17,00-0029738,D.Fells,TE,CLE,BAL,0,0,0.0,0,0.0,0.0,0.0,0,0.0,0,1,1,3.0,0,0.3,1.3,,,79.0,270.0,32.5334375,5.0,California-Irvine,2013.0,2013.0,,,,0.024390243
2018,3,00-0029795,B.Cunningham,RB,CHI,ARI,0,0,0.0,0,0.0,0.0,0.0,0,0.0,0,2,1,9.0,0,0.9,1.9,,,70.0,218.0,28.34294117647059,5.0,Middle Tennessee State,2013.0,2013.0,,,,0.057142857
2018,4,00-0029795,B.Cunningham,RB,CHI,TB,0,0,0.0,0,0.0,0.0,0.0,1,0.0,0,0,0,0.0,0,0.0,0.0,,,70.0,218.0,28.34294117647059,5.0,Middle Tennessee State,2013.0,2013.0,,,38.0,
2018,6,00-0029795,B.Cunningham,RB,CHI,MIA,0,0,0.0,0,0.0,0.0,0.0,3,8.0,0,0,0,0.0,0,0.8,0.8,,,70.0,218.0,28.34294117647059,5.0,Middle Tennessee State,2013.0,2013.0,,,,
2018,15,00-0029795,B.Cunningham,RB,CHI,GB,0,0,0.0,0,0.0,0.0,0.0,1,-1.0,0,0,0,0.0,0,-0.1,-0.1,,,70.0,218.0,28.34294117647059,5.0,Middle Tennessee State,2013.0,2013.0,,,7.0,
2018,17,00-0029795,B.Cunningham,RB,CHI,MIN,0,0,0.0,0,0.0,0.0,0.0,6,13.0,0,0,0,0.0,0,1.3,1.3,,,70.0,218.0,28.34294117647059,5.0,Middle Tennessee State,2013.0,2013.0,,,,
2018,18,00-0029795,B.Cunningham,RB,CHI,PHI,0,0,0.0,0,0.0,0.0,0.0,1,2.0,0,0,0,0.0,0,0.2,0.2,,,70.0,218.0,28.34294117647059,5.0,Middle Tennessee State,2013.0,2013.0,,,-1.0,
2018,5,00-0029848,N.Williams,WR,TEN,BUF,0,0,0.0,0,0.0,0.0,0.0,0,0.0,0,2,0,0.0,0,0.0,0.0,,,70.0,184.0,27.979263157894735,5.0,Connecticut,2013.0,2013.0,,,,0.08
2018,7,00-0029848,N.Williams,WR,LA,SF,0,0,0.0,0,0.0,0.0,0.0,0,0.0,0,2,2,17.0,0,1.7,3.7,,,70.0,184.0,27.979263157894735,5.0,Connecticut,2013.0,2013.0,,,,0.083333336
2018,8,00-0029848,N.Williams,WR,LA,GB,0,0,0.0,0,0.0,0.0,0.0,0,0.0,0,1,0,0.0,0,0.0,0.0,,,70.0,184.0,27.979263157894735,5.0,Connecticut,2013.0,2013.0,,,2.0,0.03125
2018,1,00-0029854,C.Anderson,RB,CAR,DAL,0,0,0.0,0,0.0,0.0,0.0,7,35.0,0,0,0,0.0,0,3.5,3.5,,,68.0,224.0,27.77057894736842,5.0,California,2013.0,2013.0,,,8.0,
2018,2,00-0029854,C.Anderson,RB,CAR,ATL,0,0,0.0,0,0.0,0.0,0.0,3,31.0,0,2,0,0.0,0,3.1,3.1,,,68.0,224.0,27.77057894736842,5.0,California,2013.0,2013.0,,,,0.044444446
2018,3,00-0029854,C.Anderson,RB,CAR,CIN,0,0,0.0,0,0.0,0.0,0.0,2,9.0,0,1,1,24.0,1,9.3,10.3,,,68.0,224.0,27.77057894736842,5.0,California,2013.0,2013.0,,,10.0,0.041666668
2018,5,00-0029854,C.Anderson,RB,CAR,NYG,0,0,0.0,0,0.0,0.0,0.0,4,9.0,0,0,0,0.0,0,0.9,0.9,,,68.0,224.0,27.77057894736842,5.0,California,2013.0,2013.0,,,2.0,
2018,8,00-0029854,C.Anderson,RB,CAR,BAL,0,0,0.0,0,0.0,0.0,0.0,5,20.0,0,0,0,0.0,0,2.0,2.0,,,68.0,224.0,27.77057894736842,5.0,California,2013.0,2013.0,,,15.0,
2018,9,00-0029854,C.Anderson,RB,CAR,TB,0,0,0.0,0,0.0,0.0,0.0,1,1.0,0,0,0,0.0,0,0.1,0.1,,,68.0,224.0,27.77057894736842,5.0,California,2013.0,2013.0,,,14.0,
2018,10,00-0029854,C.Anderson,RB,CAR,PIT,0,0,0.0,0,0.0,0.0,0.0,2,-1.0,0,0,0,0.0,0,-0.1,-0.1,,,68.0,224.0,27.77057894736842,5.0,California,2013.0,2013.0,,,,
2018,16,00-0029854,C.Anderson,RB,LA,ARI,0,0,0.0,0,0.0,0.0,0.0,20,167.0,1,3,1,-5.0,0,22.2,23.2,,,68.0,224.0,27.77057894736842,5.0,California,2013.0,2013.0,,,,0.13043478
2018,17,00-0029854,C.Anderson,RB,LA,SF,0,0,0.0,0,0.0,0.0,0.0,23,132.0,1,3,3,22.0,0,21.4,24.4,,,68.0,224.0,27.77057894736842,5.0,California,2013.0,2013.0,,,16.0,0.11111111
2018,19,00-0029854,C.Anderson,RB,LA,DAL,0,0,0.0,0,0.0,0.0,0.0,23,123.0,2,1,0,0.0,0,24.3,24.3,,,68.0,224.0,27.77057894736842,5.0,California,2013.0,2013.0,,,8.0,0.037037037
2018,20,00-0029854,C.Anderson,RB,LA,NO,0,0,0.0,0,0.0,0.0,0.0,16,44.0,0,1,1,5.0,0,4.9,5.9,,,68.0,224.0,27.77057894736842,5.0,California,2013.0,2013.0,,,,0.025641026
2018,21,00-0029854,C.Anderson,RB,LA,NE,0,0,0.0,0,0.0,0.0,0.0,7,22.0,0,3,2,12.0,0,3.4,5.4,,,68.0,224.0,27.77057894736842,5.0,California,2013.0,2013.0,,,-10.0,0.083333336
2018,1,00-0029892,K.Juszczyk,FB,SF,MIN,0,0,0.0,0,0.0,0.0,0.0,0,0.0,0,2,1,56.0,0,5.6,6.6,,,73.0,240.0,27.531937499999998,5.0,Harvard,2013.0,2013.0,BAL,130.0,,0.0625
2018,2,00-0029892,K.Juszczyk,FB,SF,DET,0,0,0.0,0,0.0,0.0,0.0,0,0.0,0,4,3,13.0,0,1.3,4.3,,,73.0,240.0,27.531937499999998,5.0,Harvard,2013.0,2013.0,BAL,130.0,3.0,0.16
2018,3,00-0029892,K.Juszczyk,FB,SF,KC,0,0,0.0,0,0.0,0.0,0.0,0,0.0,0,4,2,38.0,1,9.8,11.8,,,73.0,240.0,27.531937499999998,5.0,Harvard,2013.0,2013.0,BAL,130.0,,0.13333334
2018,4,00-0029892,K.Juszczyk,FB,SF,LAC,0,0,0.0,0,0.0,0.0,0.0,0,0.0,0,3,2,15.0,0,1.5,3.5,,,73.0,240.0,27.531937499999998,5.0,Harvard,2013.0,2013.0,BAL,130.0,,0.083333336
2018,5,00-0029892,K.Juszczyk,FB,SF,ARI,0,0,0.0,0,0.0,0.0,0.0,1,12.0,0,7,6,75.0,0,8.7,14.7,,,73.0,240.0,27.531937499999998,5.0,Harvard,2013.0,2013.0,BAL,130.0,-10.0,0.12962963
2018,6,00-0029892,K.Juszczyk,FB,SF,GB,0,0,0.0,0,0.0,0.0,0.0,0,0.0,0,3,3,30.0,0,1.0,4.0,,,73.0,240.0,27.531937499999998,5.0,Harvard,2013.0,2013.0,BAL,130.0,,0.13043478
2018,7,00-0029892,K.Juszczyk,FB,SF,LA,0,0,0.0,0,0.0,0.0,0.0,1,-5.0,0,3,2,18.0,0,1.3,3.3,,,73.0,240.0,27.531937499999998,5.0,Harvard,2013.0,2013.0,BAL,130.0,-29.0,0.11111111
2018,8,00-0029892,K.Juszczyk,FB,SF,ARI,0,0,0.0,0,0.0,0.0,0.0,2,10.0,0,1,0,0.0,0,1.0,1.0,,,73.0,240.0,27.531937499999998,5.0,Harvard,2013.0,2013.0,BAL,130.0,,0.037037037
2018,9,00-0029892,K.Juszczyk,FB,SF,LV,0,0,0.0,0,0.0,0.0,0.0,1,1.0,0,2,2,10.0,0,1.1,3.1,,,73.0,240.0,27.531937499999998,5.0,Harvard,2013.0,2013.0,BAL,130.0,31.0,0.09090909
2018,10,00-0029892,K.Juszczyk,FB,SF,NYG,0,0,0.0,0,0.0,0.0,0.0,1,3.0,0,2,2,10.0,0,1.3,3.3,,,73.0,240.0,27.531937499999998,5.0,Harvard,2013.0,2013.0,BAL,130.0,-4.0,0.057142857
2018,12,00-0029892,K.Juszczyk,FB,SF,TB,0,0,0.0,0,0.0,0.0,0.0,0,0.0,0,1,0,0.0,0,0.0,0.0,,,73.0,240.0,27.531937499999998,5.0,Harvard,2013.0,2013.0,BAL,130.0,,0.032258064
2018,13,00-0029892,K.Juszczyk,FB,SF,SEA,0,0,0.0,0,0.0,0.0,0.0,0,0.0,0,3,3,20.0,0,2.0,5.0,,,73.0,240.0,27.531937499999998,5.0,Harvard,2013.0,2013.0,BAL,130.0,,0.071428575
2018,14,00-0029892,K.Juszczyk,FB,SF,DEN,0,0,0.0,0,0.0,0.0,0.0,0,0.0,0,3,2,21.0,0,2.1,4.1,,,73.0,240.0,27.531937499999998,5.0,Harvard,2013.0,2013.0,BAL,130.0,6.0,0.09375
2018,15,00-0029892,K.Juszczyk,FB,SF,SEA,0,0,0.0,0,0.0,0.0,0.0,0,0.0,0,1,1,3.0,0,0.3,1.3,,,73.0,240.0,27.531937499999998,5.0,Harvard,2013.0,2013.0,BAL,130.0,3.0,0.03448276
2018,17,00-0029892,K.Juszczyk,FB,SF,LA,0,0,0.0,0,0.0,0.0,0.0,2,9.0,0,2,1,15.0,0,0.4,1.4,,,73.0,240.0,27.531937499999998,5.0,Harvard,2013.0,2013.0,BAL,130.0,,0.060606062
2018,1,00-0029931,Z.Line,FB,NO,TB,0,0,0.0,0,0.0,0.0,0.0,0,0.0,0,1,0,0.0,0,0.0,0.0,,,73.0,233.0,28.550611111111113,5.0,Southern Methodist,2013.0,2013.0,,,-8.0,0.022727273
2018,2,00-0029931,Z.Line,FB,NO,CLE,0,0,0.0,0,0.0,0.0,0.0,0,0.0,0,1,1,4.0,0,0.4,1.4,,,73.0,233.0,28.550611111111113,5.0,Southern Methodist,2013.0,2013.0,,,3.0,0.028571429
2018,3,00-0029931,Z.Line,FB,NO,ATL,0,0,0.0,0,0.0,0.0,0.0,0,0.0,0,2,2,6.0,1,6.6,8.6,,,73.0,233.0,28.550611111111113,5.0,Southern Methodist,2013.0,2013.0,,,,0.040816326
2018,4,00-0029931,Z.Line,FB,NO,NYG,0,0,0.0,0,0.0,0.0,0.0,0,0.0,0,2,0,0.0,0,0.0,0.0,,,73.0,233.0,28.550611111111113,5.0,Southern Methodist,2013.0,2013.0,,,,0.060606062
2018,9,00-0029931,Z.Line,FB,NO,LA,0,0,0.0,0,0.0,0.0,0.0,0,0.0,0,1,1,3.0,0,0.3,1.3,,,73.0,233.0,28.550611111111113,5.0,Southern Methodist,2013.0,2013.0,,,10.0,0.027777778
2018,10,00-0029931,Z.Line,FB,NO,CIN,0,0,0.0,0,0.0,0.0,0.0,2,13.0,0,1,0,0.0,0,1.3,1.3,,,73.0,233.0,28.550611111111113,5.0,Southern Methodist,2013.0,2013.0,,,,0.037037037
2018,11,00-0029931,Z.Line,FB,NO,PHI,0,0,0.0,0,0.0,0.0,0.0,1,-1.0,0,0,0,0.0,0,-0.1,-0.1,,,73.0,233.0,28.550611111111113,5.0,Southern Methodist,2013.0,2013.0,,,41.0,
2018,14,00-0029931,Z.Line,FB,NO,TB,0,0,0.0,0,0.0,0.0,0.0,1,4.0,0,1,1,1.0,1,6.5,7.5,,,73.0,233.0,28.550611111111113,5.0,Southern Methodist,2013.0,2013.0,,,,0.032258064
2018,15,00-0029931,Z.Line,FB,NO,CAR,0,0,0.0,0,0.0,0.0,0.0,2,6.0,0,0,0,0.0,0,0.6,0.6,,,73.0,233.0,28.550611111111113,5.0,Southern Methodist,2013.0,2013.0,,,,
2018,17,00-0029931,Z.Line,FB,NO,CAR,0,0,0.0,0,0.0,0.0,0.0,3,19.0,0,1,0,0.0,0,1.9,1.9,,,73.0,233.0,28.550611111111113,5.0,Southern Methodist,2013.0,2013.0,,,-19.0,0.04761905
2018,20,00-0029931,Z.Line,FB,NO,LA,0,0,0.0,0,0.0,0.0,0.0,1,4.0,0,0,0,0.0,0,0.4,0.4,,,73.0,233.0,28.550611111111113,5.0,Southern Methodist,2013.0,2013.0,,,-3.0,
2018,1,00-0030035,A.Thielen,WR,MIN,SF,0,0,0.0,0,0.0,0.0,0.0,0,0.0,0,12,6,102.0,0,10.2,16.2,,,74.0,200.0,28.2010625,5.0,Minn. State-Mankato,2013.0,2013.0,,,8.0,0.34285715
2018,2,00-0030035,A.Thielen,WR,MIN,GB,0,0,0.0,0,0.0,0.0,0.0,0,0.0,0,13,12,131.0,1,19.1,31.1,,,74.0,200.0,28.2010625,5.0,Minn. State-Mankato,2013.0,2013.0,,,,0.27083334
2018,3,00-0030035,A.Thielen,WR,MIN,BUF,0,0,0.0,0,0.0,0.0,0.0,0,0.0,0,19,14,105.0,0,10.5,24.5,,,74.0,200.0,28.2010625,5.0,Minn. State-Mankato,2013.0,2013.0,,,-21.0,0.34545454
2018,4,00-0030035,A.Thielen,WR,MIN,LA,0,0,0.0,0,0.0,0.0,0.0,0,0.0,0,12,8,135.0,1,19.5,27.5,,,74.0,200.0,28.2010625,5.0,Minn. State-Mankato,2013.0,2013.0,,,,0.24489796
2018,5,00-0030035,A.Thielen,WR,MIN,PHI,0,0,0.0,0,0.0,0.0,0.0,0,0.0,0,10,7,116.0,1,17.6,24.6,,,74.0,200.0,28.2010625,5.0,Minn. State-Mankato,2013.0,2013.0,,,,0.27027026
2018,6,00-0030035,A.Thielen,WR,MIN,ARI,0,0,0.0,0,0.0,0.0,0.0,0,0.0,0,13,11,123.0,1,18.3,29.3,,,74.0,200.0,28.2010625,5.0,Minn. State-Mankato,2013.0,2013.0,,,10.0,0.41935483
2018,7,00-0030035,A.Thielen,WR,MIN,NYJ,0,0,0.0,0,0.0,0.0,0.0,0,0.0,0,10,9,110.0,1,17.0,26.0,,,74.0,200.0,28.2010625,5.0,Minn. State-Mankato,2013.0,2013.0,,,,0.25641027
2018,8,00-0030035,A.Thielen,WR,MIN,NO,0,0,0.0,0,0.0,0.0,0.0,1,15.0,0,7,7,103.0,1,15.8,22.8,,,74.0,200.0,28.2010625,5.0,Minn. State-Mankato,2013.0,2013.0,,,-10.0,0.175
2018,9,00-0030035,A.Thielen,WR,MIN,DET,0,0,0.0,0,0.0,0.0,0.0,1,5.0,0,7,4,22.0,1,8.7,12.7,,,74.0,200.0,28.2010625,5.0,Minn. State-Mankato,2013.0,2013.0,,,15.0,0.3181818
2018,11,00-0030035,A.Thielen,WR,MIN,CHI,0,0,0.0,0,0.0,0.0,0.0,0,0.0,0,12,7,66.0,0,8.6,15.6,,,74.0,200.0,28.2010625,5.0,Minn. State-Mankato,2013.0,2013.0,,,,0.26666668
2018,12,00-0030035,A.Thielen,WR,MIN,GB,0,0,0.0,0,0.0,0.0,0.0,0,0.0,0,9,8,125.0,1,18.5,26.5,,,74.0,200.0,28.2010625,5.0,Minn. State-Mankato,2013.0,2013.0,,,7.0,0.24324325
2018,13,00-0030035,A.Thielen,WR,MIN,NE,0,0,0.0,0,0.0,0.0,0.0,0,0.0,0,10,5,28.0,1,8.8,13.8,,,74.0,200.0,28.2010625,5.0,Minn. State-Mankato,2013.0,2013.0,,,,0.22727273
2018,14,00-0030035,A.Thielen,WR,MIN,SEA,0,0,0.0,0,0.0,0.0,0.0,1,8.0,0,7,5,70.0,0,7.8,12.8,,,74.0,200.0,28.2010625,5.0,Minn. State-Mankato,2013.0,2013.0,,,,0.22580644
2018,15,00-0030035,A.Thielen,WR,MIN,MIA,0,0,0.0,0,0.0,0.0,0.0,0,0.0,0,2,2,19.0,0,1.9,3.9,,,74.0,200.0,28.2010625,5.0,Minn. State-Mankato,2013.0,2013.0,,,24.0,0.1
2018,16,00-0030035,A.Thielen,WR,MIN,DET,0,0,0.0,0,0.0,0.0,0.0,1,3.0,0,6,5,80.0,0,8.3,13.3,,,74.0,200.0,28.2010625,5.0,Minn. State-Mankato,2013.0,2013.0,,,,0.21428572
2018,17,00-0030035,A.Thielen,WR,MIN,CHI,0,0,0.0,0,0.0,0.0,0.0,1,-1.0,0,4,3,38.0,0,3.7,6.7,,,74.0,200.0,28.2010625,5.0,Minn. State-Mankato,2013.0,2013.0,,,-14.0,0.12903225
2018,1,00-0030061,Z.Ertz,TE,PHI,ATL,0,0,0.0,0,0.0,0.0,0.0,0,0.0,0,10,5,48.0,0,4.8,9.8,,,77.0,250.0,28.003055555555555,5.0,Stanford,2013.0,2013.0,PHI,35.0,6.0,0.2857143
2018,2,00-0030061,Z.Ertz,TE,PHI,TB,0,0,0.0,0,0.0,0.0,0.0,0,0.0,0,13,11,94.0,0,9.4,20.4,,,77.0,250.0,28.003055555555555,5.0,Stanford,2013.0,2013.0,PHI,35.0,,0.27659574
2018,3,00-0030061,Z.Ertz,TE,PHI,IND,0,0,0.0,0,0.0,0.0,0.0,0,0.0,0,10,5,73.0,0,7.3,12.3,,,77.0,250.0,28.003055555555555,5.0,Stanford,2013.0,2013.0,PHI,35.0,4.0,0.27027026
2018,4,00-0030061,Z.Ertz,TE,PHI,TEN,0,0,0.0,0,0.0,0.0,0.0,0,0.0,0,14,10,112.0,0,11.2,21.2,,,77.0,250.0,28.003055555555555,5.0,Stanford,2013.0,2013.0,PHI,35.0,,0.28
2018,5,00-0030061,Z.Ertz,TE,PHI,MIN,0,0,0.0,0,0.0,0.0,0.0,0,0.0,0,11,10,110.0,1,17.0,27.0,,,77.0,250.0,28.003055555555555,5.0,Stanford,2013.0,2013.0,PHI,35.0,-2.0,0.34375
2018,6,00-0030061,Z.Ertz,TE,PHI,NYG,0,0,0.0,0,0.0,0.0,0.0,0,0.0,0,9,7,43.0,1,10.3,17.3,,,77.0,250.0,28.003055555555555,5.0,Stanford,2013.0,2013.0,PHI,35.0,,0.25
2018,7,00-0030061,Z.Ertz,TE,PHI,CAR,0,0,0.0,0,0.0,0.0,0.0,0,0.0,0,11,9,138.0,0,13.8,22.8,,,77.0,250.0,28.003055555555555,5.0,Stanford,2013.0,2013.0,PHI,35.0,-4.0,0.2972973
2018,8,00-0030061,Z.Ertz,TE,PHI,JAX,0,0,0.0,0,0.0,0.0,0.0,0,0.0,0,6,4,26.0,1,8.6,12.6,,,77.0,250.0,28.003055555555555,5.0,Stanford,2013.0,2013.0,PHI,35.0,,0.2
2018,10,00-0030061,Z.Ertz,TE,PHI,DAL,0,0,0.0,0,0.0,0.0,0.0,0,0.0,0,16,14,145.0,2,26.5,40.5,,,77.0,250.0,28.003055555555555,5.0,Stanford,2013.0,2013.0,PHI,35.0,-7.0,0.37209302
2018,11,00-0030061,Z.Ertz,TE,PHI,NO,0,0,0.0,0,0.0,0.0,0.0,0,0.0,0,3,2,15.0,0,1.5,3.5,,,77.0,250.0,28.003055555555555,5.0,Stanford,2013.0,2013.0,PHI,35.0,,0.09090909
2018,12,00-0030061,Z.Ertz,TE,PHI,NYG,0,0,0.0,0,0.0,0.0,0.0,0,0.0,0,8,7,91.0,1,15.1,22.1,,,77.0,250.0,28.003055555555555,5.0,Stanford,2013.0,2013.0,PHI,35.0,3.0,0.2857143
2018,13,00-0030061,Z.Ertz,TE,PHI,WAS,0,0,0.0,0,0.0,0.0,0.0,0,0.0,0,10,9,83.0,0,8.3,17.3,,,77.0,250.0,28.003055555555555,5.0,Stanford,2013.0,2013.0,PHI,35.0,15.0,0.2631579
2018,14,00-0030061,Z.Ertz,TE,PHI,DAL,0,0,0.0,0,0.0,0.0,0.0,0,0.0,0,8,5,38.0,0,3.8,8.8,,,77.0,250.0,28.003055555555555,5.0,Stanford,2013.0,2013.0,PHI,35.0,,0.25
2018,15,00-0030061,Z.Ertz,TE,PHI,LA,0,0,0.0,0,0.0,0.0,0.0,0,0.0,0,7,3,22.0,0,2.2,5.2,,,77.0,250.0,28.003055555555555,5.0,Stanford,2013.0,2013.0,PHI,35.0,,0.22580644
2018,16,00-0030061,Z.Ertz,TE,PHI,HOU,0,0,0.0,0,0.0,0.0,0.0,0,0.0,0,16,12,110.0,2,23.0,35.0,,,77.0,250.0,28.003055555555555,5.0,Stanford,2013.0,2013.0,PHI,35.0,2.0,0.3265306
2018,17,00-0030061,Z.Ertz,TE,PHI,WAS,0,0,0.0,0,0.0,0.0,0.0,0,0.0,0,4,3,15.0,0,1.5,4.5,,,77.0,250.0,28.003055555555555,5.0,Stanford,2013.0,2013.0,PHI,35.0,,0.11764706
2018,18,00-0030061,Z.Ertz,TE,PHI,CHI,0,0,0.0,0,0.0,0.0,0.0,0,0.0,0,7,5,52.0,0,5.2,10.2,,,77.0,250.0,28.003055555555555,5.0,Stanford,2013.0,2013.0,PHI,35.0,,0.175
2018,19,00-0030061,Z.Ertz,TE,PHI,NO,0,0,0.0,0,0.0,0.0,0.0,0,0.0,0,8,5,50.0,0,5.0,10.0,,,77.0,250.0,28.003055555555555,5.0,Stanford,2013.0,2013.0,PHI,35.0,,0.2580645
2018,1,00-0030068,M.Goodwin,WR,SF,MIN,0,0,0.0,0,0.0,0.0,0.0,0,0.0,0,1,0,0.0,0,0.0,0.0,,,69.0,179.0,27.9564375,5.0,Texas,2013.0,2013.0,BUF,78.0,,0.03125
2018,3,00-0030068,M.Goodwin,WR,SF,KC,0,0,0.0,0,0.0,0.0,0.0,1,-2.0,0,4,3,30.0,1,8.8,11.8,,,69.0,179.0,27.9564375,5.0,Texas,2013.0,2013.0,BUF,78.0,,0.13333334
2018,4,00-0030068,M.Goodwin,WR,SF,LAC,0,0,0.0,0,0.0,0.0,0.0,1,4.0,0,4,2,24.0,0,2.8,4.8,,,69.0,179.0,27.9564375,5.0,Texas,2013.0,2013.0,BUF,78.0,,0.11111111
2018,6,00-0030068,M.Goodwin,WR,SF,GB,0,0,0.0,0,0.0,0.0,0.0,1,5.0,0,5,4,126.0,2,25.1,29.1,,,69.0,179.0,27.9564375,5.0,Texas,2013.0,2013.0,BUF,78.0,,0.2173913
2018,7,00-0030068,M.Goodwin,WR,SF,LA,0,0,0.0,0,0.0,0.0,0.0,0,0.0,0,5,2,24.0,0,2.4,4.4,,,69.0,179.0,27.9564375,5.0,Texas,2013.0,2013.0,BUF,78.0,-29.0,0.18518518
2018,8,00-0030068,M.Goodwin,WR,SF,ARI,0,0,0.0,0,0.0,0.0,0.0,0,0.0,0,4,1,55.0,1,11.5,12.5,,,69.0,179.0,27.9564375,5.0,Texas,2013.0,2013.0,BUF,78.0,,0.14814815
2018,9,00-0030068,M.Goodwin,WR,SF,LV,0,0,0.0,0,0.0,0.0,0.0,1,2.0,0,4,1,11.0,0,1.3,2.3,,,69.0,179.0,27.9564375,5.0,Texas,2013.0,2013.0,BUF,78.0,31.0,0.18181819
2018,10,00-0030068,M.Goodwin,WR,SF,NYG,0,0,0.0,0,0.0,0.0,0.0,0,0.0,0,5,4,69.0,0,6.9,10.9,,,69.0,179.0,27.9564375,5.0,Texas,2013.0,2013.0,BUF,78.0,-4.0,0.14285715
2018,14,00-0030068,M.Goodwin,WR,SF,DEN,0,0,0.0,0,0.0,0.0,0.0,0,0.0,0,2,2,20.0,0,2.0,4.0,,,69.0,179.0,27.9564375,5.0,Texas,2013.0,2013.0,BUF,78.0,6.0,0.0625
2018,15,00-0030068,M.Goodwin,WR,SF,SEA,0,0,0.0,0,0.0,0.0,0.0,0,0.0,0,1,1,7.0,0,0.7,1.7,,,69.0,179.0,27.9564375,5.0,Texas,2013.0,2013.0,BUF,78.0,3.0,0.03448276
2018,16,00-0030068,M.Goodwin,WR,SF,CHI,0,0,0.0,0,0.0,0.0,0.0,0,0.0,0,9,3,29.0,0,2.9,5.9,,,69.0,179.0,27.9564375,5.0,Texas,2013.0,2013.0,BUF,78.0,-5.0,0.24324325
2018,1,00-0030085,K.Stills,WR,MIA,TEN,0,0,0.0,0,0.0,0.0,0.0,0,0.0,0,5,4,106.0,2,22.6,26.6,,,73.0,196.0,26.5323125,5.0,Oklahoma,2013.0,2013.0,NO,144.0,7.0,0.17857143
2018,2,00-0030085,K.Stills,WR,MIA,NYJ,0,0,0.0,0,0.0,0.0,0.0,0,0.0,0,3,2,17.0,0,1.7,3.7,,,73.0,196.0,26.5323125,5.0,Oklahoma,2013.0,2013.0,NO,144.0,,0.13043478
2018,3,00-0030085,K.Stills,WR,MIA,LV,0,0,0.0,0,0.0,0.0,0.0,0,0.0,0,5,3,61.0,1,12.1,15.1,,,73.0,196.0,26.5323125,5.0,Oklahoma,2013.0,2013.0,NO,144.0,8.0,0.20833333
2018,4,00-0030085,K.Stills,WR,MIA,NE,0,0,0.0,0,0.0,0.0,0.0,0,0.0,0,6,3,40.0,0,4.0,7.0,,,73.0,196.0,26.5323125,5.0,Oklahoma,2013.0,2013.0,NO,144.0,,0.24
2018,5,00-0030085,K.Stills,WR,MIA,CIN,0,0,0.0,0,0.0,0.0,0.0,0,0.0,0,5,2,17.0,0,1.7,3.7,,,73.0,196.0,26.5323125,5.0,Oklahoma,2013.0,2013.0,NO,144.0,,0.15151516
2018,6,00-0030085,K.Stills,WR,MIA,CHI,0,0,0.0,0,0.0,0.0,0.0,0,0.0,0,2,1,35.0,0,5.5,6.5,,,73.0,196.0,26.5323125,5.0,Oklahoma,2013.0,2013.0,NO,144.0,3.0,0.05
2018,7,00-0030085,K.Stills,WR,MIA,DET,0,0,0.0,0,0.0,0.0,0.0,0,0.0,0,3,1,5.0,1,6.5,7.5,,,73.0,196.0,26.5323125,5.0,Oklahoma,2013.0,2013.0,NO,144.0,-11.0,0.1
2018,9,00-0030085,K.Stills,WR,MIA,NYJ,0,0,0.0,0,0.0,0.0,0.0,0,0.0,0,1,1,19.0,0,1.9,2.9,,,73.0,196.0,26.5323125,5.0,Oklahoma,2013.0,2013.0,NO,144.0,7.0,0.045454547
2018,10,00-0030085,K.Stills,WR,MIA,GB,0,0,0.0,0,0.0,0.0,0.0,0,0.0,0,3,2,26.0,0,2.6,4.6,,,73.0,196.0,26.5323125,5.0,Oklahoma,2013.0,2013.0,NO,144.0,,0.083333336
2018,12,00-0030085,K.Stills,WR,MIA,IND,0,0,0.0,0,0.0,0.0,0.0,0,0.0,0,4,1,6.0,0,0.6,1.6,,,73.0,196.0,26.5323125,5.0,Oklahoma,2013.0,2013.0,NO,144.0,,0.16666667
2018,13,00-0030085,K.Stills,WR,MIA,BUF,0,0,0.0,0,0.0,0.0,0.0,0,0.0,0,6,4,37.0,1,9.7,13.7,,,73.0,196.0,26.5323125,5.0,Oklahoma,2013.0,2013.0,NO,144.0,4.0,0.25
2018,14,00-0030085,K.Stills,WR,MIA,NE,0,0,0.0,0,0.0,0.0,0.0,0,0.0,0,9,8,135.0,1,19.5,27.5,,,73.0,196.0,26.5323125,5.0,Oklahoma,2013.0,2013.0,NO,144.0,1.0,0.47368422
2018,15,00-0030085,K.Stills,WR,MIA,MIN,0,0,0.0,0,0.0,0.0,0.0,0,0.0,0,3,1,17.0,0,1.7,2.7,,,73.0,196.0,26.5323125,5.0,Oklahoma,2013.0,2013.0,NO,144.0,,0.13043478
2018,16,00-0030085,K.Stills,WR,MIA,JAX,0,0,0.0,0,0.0,0.0,0.0,0,0.0,0,2,1,5.0,0,0.5,1.5,,,73.0,196.0,26.5323125,5.0,Oklahoma,2013.0,2013.0,NO,144.0,-10.0,0.0952381
2018,17,00-0030085,K.Stills,WR,MIA,BUF,1,1,3.0,1,0.0,0.0,-0.0,0,0.0,0,7,3,27.0,0,6.82,9.82,,,73.0,196.0,26.5323125,5.0,Oklahoma,2013.0,2013.0,NO,144.0,,0.23333333
2018,1,00-0030089,L.Willson,TE,DET,NYJ,0,0,0.0,0,0.0,0.0,0.0,0,0.0,0,1,0,0.0,0,0.0,0.0,,,77.0,254.0,28.8054375,5.0,Rice,2013.0,2013.0,SEA,158.0,-31.0,0.01923077
2018,2,00-0030089,L.Willson,TE,DET,SF,0,0,0.0,0,0.0,0.0,0.0,0,0.0,0,1,1,13.0,0,1.3,2.3,,,77.0,254.0,28.8054375,5.0,Rice,2013.0,2013.0,SEA,158.0,,0.01923077
2018,3,00-0030089,L.Willson,TE,DET,NE,0,0,0.0,0,0.0,0.0,0.0,0,0.0,0,3,2,10.0,0,1.0,3.0,,,77.0,254.0,28.8054375,5.0,Rice,2013.0,2013.0,SEA,158.0,16.0,0.08571429
2018,4,00-0030089,L.Willson,TE,DET,DAL,0,0,0.0,0,0.0,0.0,0.0,0,0.0,0,2,1,6.0,0,0.6,1.6,,,77.0,254.0,28.8054375,5.0,Rice,2013.0,2013.0,SEA,158.0,,0.06896552
2018,7,00-0030089,L.Willson,TE,DET,MIA,0,0,0.0,0,0.0,0.0,0.0,0,0.0,0,2,2,8.0,0,0.8,2.8,,,77.0,254.0,28.8054375,5.0,Rice,2013.0,2013.0,SEA,158.0,,0.09090909
2018,8,00-0030089,L.Willson,TE,DET,SEA,0,0,0.0,0,0.0,0.0,0.0,0,0.0,0,4,3,21.0,0,2.1,5.1,,,77.0,254.0,28.8054375,5.0,Rice,2013.0,2013.0,SEA,158.0,-14.0,0.102564104
2018,9,00-0030089,L.Willson,TE,DET,MIN,0,0,0.0,0,0.0,0.0,0.0,0,0.0,0,2,2,17.0,0,1.7,3.7,,,77.0,254.0,28.8054375,5.0,Rice,2013.0,2013.0,SEA,158.0,,0.05882353
2018,11,00-0030089,L.Willson,TE,DET,CAR,0,0,0.0,0,0.0,0.0,0.0,0,0.0,0,1,0,0.0,0,0.0,0.0,,,77.0,254.0,28.8054375,5.0,Rice,2013.0,2013.0,SEA,158.0,1.0,0.028571429
2018,12,00-0030089,L.Willson,TE,DET,CHI,0,0,0.0,0,0.0,0.0,0.0,0,0.0,0,1,1,4.0,0,0.4,1.4,,,77.0,254.0,28.8054375,5.0,Rice,2013.0,2013.0,SEA,158.0,-7.0,0.027027028
2018,13,00-0030089,L.Willson,TE,DET,LA,0,0,0.0,0,0.0,0.0,0.0,0,0.0,0,2,1,8.0,0,0.8,1.8,,,77.0,254.0,28.8054375,5.0,Rice,2013.0,2013.0,SEA,158.0,-14.0,0.060606062
2018,1,00-0030107,T.Riddick,RB,DET,NYJ,0,0,0.0,0,0.0,0.0,0.0,4,20.0,0,7,5,15.0,0,3.5,8.5,,,69.0,201.0,27.5076875,5.0,Notre Dame,2013.0,2013.0,DET,199.0,-31.0,0.13461539
2018,2,00-0030107,T.Riddick,RB,DET,SF,0,0,0.0,0,0.0,0.0,0.0,0,0.0,0,12,9,47.0,0,4.7,13.7,,,69.0,201.0,27.5076875,5.0,Notre Dame,2013.0,2013.0,DET,199.0,,0.23076923
2018,3,00-0030107,T.Riddick,RB,DET,NE,0,0,0.0,0,0.0,0.0,0.0,0,0.0,0,3,3,36.0,0,3.6,6.6,,,69.0,201.0,27.5076875,5.0,Notre Dame,2013.0,2013.0,DET,199.0,16.0,0.08571429
2018,4,00-0030107,T.Riddick,RB,DET,DAL,0,0,0.0,0,0.0,0.0,0.0,1,7.0,0,5,4,20.0,0,2.7,6.7,,,69.0,201.0,27.5076875,5.0,Notre Dame,2013.0,2013.0,DET,199.0,,0.1724138
2018,5,00-0030107,T.Riddick,RB,DET,GB,0,0,0.0,0,0.0,0.0,0.0,3,3.0,0,3,2,20.0,0,2.3,4.3,,,69.0,201.0,27.5076875,5.0,Notre Dame,2013.0,2013.0,DET,199.0,8.0,0.115384616
2018,9,00-0030107,T.Riddick,RB,DET,MIN,0,0,0.0,0,0.0,0.0,0.0,0,0.0,0,8,7,36.0,0,3.6,10.6,,,69.0,201.0,27.5076875,5.0,Notre Dame,2013.0,2013.0,DET,199.0,,0.23529412
2018,10,00-0030107,T.Riddick,RB,DET,CHI,0,0,0.0,0,0.0,0.0,0.0,0,0.0,0,7,6,60.0,0,6.0,12.0,,,69.0,201.0,27.5076875,5.0,Notre Dame,2013.0,2013.0,DET,199.0,,0.16666667
2018,11,00-0030107,T.Riddick,RB,DET,CAR,0,0,0.0,0,0.0,0.0,0.0,1,0.0,0,6,5,30.0,0,3.0,8.0,,,69.0,201.0,27.5076875,5.0,Notre Dame,2013.0,2013.0,DET,199.0,1.0,0.17142858
2018,12,00-0030107,T.Riddick,RB,DET,CHI,0,0,0.0,0,0.0,0.0,0.0,2,12.0,0,7,7,48.0,0,6.0,13.0,,,69.0,201.0,27.5076875,5.0,Notre Dame,2013.0,2013.0,DET,199.0,-7.0,0.1891892
2018,13,00-0030107,T.Riddick,RB,DET,LA,0,0,0.0,0,0.0,0.0,0.0,8,32.0,0,4,3,26.0,0,5.8,8.8,,,69.0,201.0,27.5076875,5.0,Notre Dame,2013.0,2013.0,DET,199.0,-14.0,0.121212125
2018,14,00-0030107,T.Riddick,RB,DET,ARI,0,0,0.0,0,0.0,0.0,0.0,6,28.0,0,4,4,30.0,0,5.8,9.8,,,69.0,201.0,27.5076875,5.0,Notre Dame,2013.0,2013.0,DET,199.0,,0.18181819
2018,15,00-0030107,T.Riddick,RB,DET,BUF,0,0,0.0,0,0.0,0.0,0.0,8,47.0,0,3,2,9.0,0,5.6,7.6,,,69.0,201.0,27.5076875,5.0,Notre Dame,2013.0,2013.0,DET,199.0,,0.10714286
2018,16,00-0030107,T.Riddick,RB,DET,MIN,0,0,0.0,0,0.0,0.0,0.0,3,-2.0,0,5,4,7.0,0,0.5,4.5,,,69.0,201.0,27.5076875,5.0,Notre Dame,2013.0,2013.0,DET,199.0,-18.0,0.11904762
2018,17,00-0030107,T.Riddick,RB,DET,GB,0,0,0.0,0,0.0,0.0,0.0,4,24.0,0,0,0,0.0,0,2.4,2.4,,,69.0,201.0,27.5076875,5.0,Notre Dame,2013.0,2013.0,DET,199.0,,
2018,1,00-0030108,R.Griffin,TE,HOU,NE,0,0,0.0,0,0.0,0.0,0.0,0,0.0,0,5,0,0.0,0,0.0,0.0,,,78.0,255.0,28.821411764705882,5.0,Connecticut,2013.0,2013.0,HOU,201.0,,0.14705883
2018,2,00-0030108,R.Griffin,TE,HOU,TEN,0,0,0.0,0,0.0,0.0,0.0,0,0.0,0,1,1,19.0,0,1.9,2.9,,,78.0,255.0,28.821411764705882,5.0,Connecticut,2013.0,2013.0,HOU,201.0,,0.032258064
2018,3,00-0030108,R.Griffin,TE,HOU,NYG,0,0,0.0,0,0.0,0.0,0.0,0,0.0,0,4,2,44.0,0,4.4,6.4,,,78.0,255.0,28.821411764705882,5.0,Connecticut,2013.0,2013.0,HOU,201.0,-5.0,0.10526316
2018,4,00-0030108,R.Griffin,TE,HOU,IND,0,0,0.0,0,0.0,0.0,0.0,0,0.0,0,1,1,12.0,0,1.2,2.2,,,78.0,255.0,28.821411764705882,5.0,Connecticut,2013.0,2013.0,HOU,201.0,,0.025
2018,5,00-0030108,R.Griffin,TE,HOU,DAL,0,0,0.0,0,0.0,0.0,0.0,0,0.0,0,9,6,65.0,0,6.5,12.5,,,78.0,255.0,28.821411764705882,5.0,Connecticut,2013.0,2013.0,HOU,201.0,3.0,0.20930232
2018,6,00-0030108,R.Griffin,TE,HOU,BUF,0,0,0.0,0,0.0,0.0,0.0,0,0.0,0,5,0,0.0,0,0.0,0.0,,,78.0,255.0,28.821411764705882,5.0,Connecticut,2013.0,2013.0,HOU,201.0,7.0,0.1923077
2018,9,00-0030108,R.Griffin,TE,HOU,DEN,0,0,0.0,0,0.0,0.0,0.0,0,0.0,0,2,1,13.0,0,1.3,2.3,,,78.0,255.0,28.821411764705882,5.0,Connecticut,2013.0,2013.0,HOU,201.0,,0.08695652
2018,12,00-0030108,R.Griffin,TE,HOU,TEN,0,0,0.0,0,0.0,0.0,0.0,0,0.0,0,4,3,38.0,0,3.8,6.8,,,78.0,255.0,28.821411764705882,5.0,Connecticut,2013.0,2013.0,HOU,201.0,17.0,0.17391305
2018,13,00-0030108,R.Griffin,TE,HOU,CLE,0,0,0.0,0,0.0,0.0,0.0,0,0.0,0,1,1,12.0,0,1.2,2.2,,,78.0,255.0,28.821411764705882,5.0,Connecticut,2013.0,2013.0,HOU,201.0,16.0,0.03448276
2018,14,00-0030108,R.Griffin,TE,HOU,IND,0,0,0.0,0,0.0,0.0,0.0,0,0.0,0,5,5,80.0,0,8.0,13.0,,,78.0,255.0,28.821411764705882,5.0,Connecticut,2013.0,2013.0,HOU,201.0,-3.0,0.13157895
2018,15,00-0030108,R.Griffin,TE,HOU,NYJ,0,0,0.0,0,0.0,0.0,0.0,0,0.0,0,1,1,-1.0,0,-0.1,0.9,,,78.0,255.0,28.821411764705882,5.0,Connecticut,2013.0,2013.0,HOU,201.0,,0.03846154
2018,16,00-0030108,R.Griffin,TE,HOU,PHI,0,0,0.0,0,0.0,0.0,0.0,0,0.0,0,4,2,15.0,0,1.5,3.5,,,78.0,255.0,28.821411764705882,5.0,Connecticut,2013.0,2013.0,HOU,201.0,,0.1
2018,17,00-0030108,R.Griffin,TE,HOU,JAX,0,0,0.0,0,0.0,0.0,0.0,0,0.0,0,1,1,8.0,0,0.8,1.8,,,78.0,255.0,28.821411764705882,5.0,Connecticut,2013.0,2013.0,HOU,201.0,17.0,0.028571429
2018,18,00-0030108,R.Griffin,TE,HOU,IND,0,0,0.0,0,0.0,0.0,0.0,0,0.0,0,5,1,6.0,0,0.6,1.6,,,78.0,255.0,28.821411764705882,5.0,Connecticut,2013.0,2013.0,HOU,201.0,-14.0,0.10638298
2018,3,00-0030112,T.Bohanon,FB,JAX,TEN,0,0,0.0,0,0.0,0.0,0.0,0,0.0,0,2,1,5.0,0,0.5,1.5,,,73.0,246.0,28.1500625,5.0,Wake Forest,2013.0,2013.0,NYJ,215.0,-3.0,0.05882353
2018,5,00-0030112,T.Bohanon,FB,JAX,KC,0,0,0.0,0,0.0,0.0,0.0,0,0.0,0,1,0,0.0,0,0.0,0.0,,,73.0,246.0,28.1500625,5.0,Wake Forest,2013.0,2013.0,NYJ,215.0,,0.016393442
2018,7,00-0030112,T.Bohanon,FB,JAX,HOU,0,0,0.0,0,0.0,0.0,0.0,0,0.0,0,1,1,5.0,0,0.5,1.5,,,73.0,246.0,28.1500625,5.0,Wake Forest,2013.0,2013.0,NYJ,215.0,-13.0,0.025
2018,10,00-0030112,T.Bohanon,FB,JAX,IND,0,0,0.0,0,0.0,0.0,0.0,0,0.0,0,1,1,5.0,0,0.5,1.5,,,73.0,246.0,28.1500625,5.0,Wake Forest,2013.0,2013.0,NYJ,215.0,,0.02631579
2018,12,00-0030112,T.Bohanon,FB,JAX,BUF,0,0,0.0,0,0.0,0.0,0.0,1,0.0,0,2,2,19.0,0,1.9,3.9,,,73.0,246.0,28.1500625,5.0,Wake Forest,2013.0,2013.0,NYJ,215.0,,0.09090909
2018,14,00-0030112,T.Bohanon,FB,JAX,TEN,0,0,0.0,0,0.0,0.0,0.0,0,0.0,0,1,0,0.0,0,0.0,0.0,,,73.0,246.0,28.1500625,5.0,Wake Forest,2013.0,2013.0,NYJ,215.0,,0.024390243
2018,16,00-0030112,T.Bohanon,FB,JAX,MIA,0,0,0.0,0,0.0,0.0,0.0,0,0.0,0,1,1,7.0,0,0.7,1.7,,,73.0,246.0,28.1500625,5.0,Wake Forest,2013.0,2013.0,NYJ,215.0,,0.04347826
2018,17,00-0030140,T.Way,P,WAS,PHI,1,1,7.0,0,0.0,0.0,-0.0,0,0.0,0,0,0,0.0,0,0.28,0.28,,,73.0,216.0,28.55325,5.0,Oklahoma,2013.0,2013.0,,,-24.0,
2018,2,00-0030147,R.Shepard,WR,NYG,DAL,0,0,0.0,0,0.0,0.0,0.0,0,0.0,0,1,0,0.0,0,0.0,0.0,,,73.0,195.0,28.13125,5.0,LSU,2013.0,2013.0,,,,0.022727273
2018,4,00-0030147,R.Shepard,WR,NYG,NO,0,0,0.0,0,0.0,0.0,0.0,0,0.0,0,3,1,9.0,0,0.9,1.9,,,73.0,195.0,28.13125,5.0,LSU,2013.0,2013.0,,,-15.0,0.07317073
2018,5,00-0030147,R.Shepard,WR,NYG,CAR,0,0,0.0,0,0.0,0.0,0.0,0,0.0,0,4,3,52.0,0,5.2,8.2,,,73.0,195.0,28.13125,5.0,LSU,2013.0,2013.0,,,,0.10810811
2018,12,00-0030147,R.Shepard,WR,NYG,PHI,0,0,0.0,0,0.0,0.0,0.0,0,0.0,0,1,1,29.0,0,2.9,3.9,,,73.0,195.0,28.13125,5.0,LSU,2013.0,2013.0,,,,0.027027028
2018,13,00-0030147,R.Shepard,WR,NYG,CHI,0,0,0.0,0,0.0,0.0,0.0,0,0.0,0,2,2,59.0,1,11.9,13.9,,,73.0,195.0,28.13125,5.0,LSU,2013.0,2013.0,,,3.0,0.057142857
2018,14,00-0030147,R.Shepard,WR,NYG,WAS,0,0,0.0,0,0.0,0.0,0.0,0,0.0,0,4,1,11.0,1,7.1,8.1,,,73.0,195.0,28.13125,5.0,LSU,2013.0,2013.0,,,,0.15384616
2018,15,00-0030147,R.Shepard,WR,NYG,TEN,0,0,0.0,0,0.0,0.0,0.0,0,0.0,0,4,2,28.0,0,2.8,4.8,,,73.0,195.0,28.13125,5.0,LSU,2013.0,2013.0,,,-17.0,0.09090909
2018,3,00-0030155,D.Harris,TE,KC,SF,0,0,0.0,0,0.0,0.0,0.0,0,0.0,0,3,1,13.0,1,7.3,8.3,,,79.0,230.0,27.28788888888889,5.0,Wisconsin-Milwaukee,2013.0,2013.0,,,11.0,0.078947365
2018,4,00-0030155,D.Harris,TE,KC,DEN,0,0,0.0,0,0.0,0.0,0.0,0,0.0,0,3,2,59.0,0,5.9,7.9,,,79.0,230.0,27.28788888888889,5.0,Wisconsin-Milwaukee,2013.0,2013.0,,,,0.06818182
2018,5,00-0030155,D.Harris,TE,KC,JAX,0,0,0.0,0,0.0,0.0,0.0,0,0.0,0,2,1,5.0,0,0.5,1.5,,,79.0,230.0,27.28788888888889,5.0,Wisconsin-Milwaukee,2013.0,2013.0,,,16.0,0.055555556
2018,7,00-0030155,D.Harris,TE,KC,CIN,0,0,0.0,0,0.0,0.0,0.0,0,0.0,0,2,1,17.0,1,7.7,8.7,,,79.0,230.0,27.28788888888889,5.0,Wisconsin-Milwaukee,2013.0,2013.0,,,35.0,0.055555556
2018,9,00-0030155,D.Harris,TE,KC,CLE,0,0,0.0,0,0.0,0.0,0.0,0,0.0,0,1,0,0.0,0,0.0,0.0,,,79.0,230.0,27.28788888888889,5.0,Wisconsin-Milwaukee,2013.0,2013.0,,,,0.032258064
2018,11,00-0030155,D.Harris,TE,KC,LA,0,0,0.0,0,0.0,0.0,0.0,0,0.0,0,2,1,3.0,0,0.3,1.3,,,79.0,230.0,27.28788888888889,5.0,Wisconsin-Milwaukee,2013.0,2013.0,,,,0.04347826
2018,13,00-0030155,D.Harris,TE,KC,LV,0,0,0.0,0,0.0,0.0,0.0,0,0.0,0,6,3,39.0,1,9.9,12.9,,,79.0,230.0,27.28788888888889,5.0,Wisconsin-Milwaukee,2013.0,2013.0,,,,0.16216215
2018,14,00-0030155,D.Harris,TE,KC,BAL,0,0,0.0,0,0.0,0.0,0.0,0,0.0,0,3,3,28.0,0,2.8,5.8,,,79.0,230.0,27.28788888888889,5.0,Wisconsin-Milwaukee,2013.0,2013.0,,,3.0,0.0625
2018,15,00-0030155,D.Harris,TE,KC,LAC,0,0,0.0,0,0.0,0.0,0.0,0,0.0,0,2,0,0.0,0,0.0,0.0,,,79.0,230.0,27.28788888888889,5.0,Wisconsin-Milwaukee,2013.0,2013.0,,,-1.0,0.05882353
2018,16,00-0030155,D.Harris,TE,KC,SEA,0,0,0.0,0,0.0,0.0,0.0,0,0.0,0,1,0,0.0,0,0.0,0.0,,,79.0,230.0,27.28788888888889,5.0,Wisconsin-Milwaukee,2013.0,2013.0,,,,0.025641026
2018,19,00-0030155,D.Harris,TE,KC,IND,0,0,0.0,0,0.0,0.0,0.0,0,0.0,0,1,0,0.0,0,0.0,0.0,,,79.0,230.0,27.28788888888889,5.0,Wisconsin-Milwaukee,2013.0,2013.0,,,18.0,0.024390243
2018,20,00-0030155,D.Harris,TE,KC,NE,0,0,0.0,0,0.0,0.0,0.0,0,0.0,0,1,1,2.0,0,0.2,1.2,,,79.0,230.0,27.28788888888889,5.0,Wisconsin-Milwaukee,2013.0,2013.0,,,-6.0,0.03448276
2018,16,00-0030170,R.Miles,FS,NYJ,GB,0,0,0.0,0,0.0,0.0,0.0,1,4.0,0,0,0,0.0,0,0.4,0.4,,,72.0,203.0,29.9381875,5.0,California (PA),2013.0,2013.0,,,-6.0,
2018,1,00-0030181,J.Doyle,TE,IND,CIN,0,0,0.0,0,0.0,0.0,0.0,0,0.0,0,10,7,60.0,0,4.0,11.0,,,78.0,262.0,28.520555555555557,5.0,Western Kentucky,2013.0,2013.0,,,-11.0,0.1923077
2018,2,00-0030181,J.Doyle,TE,IND,WAS,0,0,0.0,0,0.0,0.0,0.0,0,0.0,0,5,2,20.0,0,2.0,4.0,,,78.0,262.0,28.520555555555557,5.0,Western Kentucky,2013.0,2013.0,,,,0.16129032
2018,8,00-0030181,J.Doyle,TE,IND,LV,0,0,0.0,0,0.0,0.0,0.0,0,0.0,0,7,6,70.0,1,13.0,19.0,,,78.0,262.0,28.520555555555557,5.0,Western Kentucky,2013.0,2013.0,,,,0.22580644
2018,10,00-0030181,J.Doyle,TE,IND,JAX,0,0,0.0,0,0.0,0.0,0.0,0,0.0,0,3,3,36.0,0,3.6,6.6,,,78.0,262.0,28.520555555555557,5.0,Western Kentucky,2013.0,2013.0,,,3.0,0.10344828
2018,11,00-0030181,J.Doyle,TE,IND,TEN,0,0,0.0,0,0.0,0.0,0.0,0,0.0,0,4,4,43.0,0,4.3,8.3,,,78.0,262.0,28.520555555555557,5.0,Western Kentucky,2013.0,2013.0,,,28.0,0.125
2018,12,00-0030181,J.Doyle,TE,IND,MIA,0,0,0.0,0,0.0,0.0,0.0,0,0.0,0,4,4,16.0,1,7.6,11.6,,,78.0,262.0,28.520555555555557,5.0,Western Kentucky,2013.0,2013.0,,,3.0,0.10526316
2018,10,00-0030196,J.Heath,SS,DAL,PHI,0,0,0.0,0,0.0,0.0,0.0,1,3.0,0,0,0,0.0,0,0.3,0.3,,,73.0,212.0,27.49727777777778,5.0,Saginaw Valley State,2013.0,2013.0,,,,
2018,1,00-0030216,J.Hill,TE,NO,TB,0,0,0.0,0,0.0,0.0,0.0,0,0.0,0,1,1,15.0,0,1.5,2.5,,,77.0,250.0,28.482166666666664,5.0,Idaho State,2013.0,2013.0,,,-8.0,0.022727273
2018,2,00-0030216,J.Hill,TE,NO,CLE,0,0,0.0,0,0.0,0.0,0.0,0,0.0,0,1,1,5.0,0,0.5,1.5,,,77.0,250.0,28.482166666666664,5.0,Idaho State,2013.0,2013.0,,,3.0,0.028571429
2018,3,00-0030216,J.Hill,TE,NO,ATL,0,0,0.0,0,0.0,0.0,0.0,0,0.0,0,1,1,17.0,0,1.7,2.7,,,77.0,250.0,28.482166666666664,5.0,Idaho State,2013.0,2013.0,,,,0.020408163
2018,4,00-0030216,J.Hill,TE,NO,NYG,0,0,0.0,0,0.0,0.0,0.0,0,0.0,0,3,3,63.0,0,6.3,9.3,,,77.0,250.0,28.482166666666664,5.0,Idaho State,2013.0,2013.0,,,,0.09090909
2018,5,00-0030216,J.Hill,TE,NO,WAS,0,0,0.0,0,0.0,0.0,0.0,0,0.0,0,2,2,24.0,1,8.4,10.4,,,77.0,250.0,28.482166666666664,5.0,Idaho State,2013.0,2013.0,,,24.0,0.06896552
2018,9,00-0030216,J.Hill,TE,NO,LA,0,0,0.0,0,0.0,0.0,0.0,0,0.0,0,4,2,10.0,0,1.0,3.0,,,77.0,250.0,28.482166666666664,5.0,Idaho State,2013.0,2013.0,,,10.0,0.11111111
2018,11,00-0030216,J.Hill,TE,NO,PHI,0,0,0.0,0,0.0,0.0,0.0,0,0.0,0,4,2,26.0,0,2.6,4.6,,,77.0,250.0,28.482166666666664,5.0,Idaho State,2013.0,2013.0,,,41.0,0.125
2018,14,00-0030216,J.Hill,TE,NO,TB,0,0,0.0,0,0.0,0.0,0.0,0,0.0,0,1,0,0.0,0,0.0,0.0,,,77.0,250.0,28.482166666666664,5.0,Idaho State,2013.0,2013.0,,,,0.032258064
2018,15,00-0030216,J.Hill,TE,NO,CAR,0,0,0.0,0,0.0,0.0,0.0,0,0.0,0,3,2,24.0,0,2.4,4.4,,,77.0,250.0,28.482166666666664,5.0,Idaho State,2013.0,2013.0,,,,0.0882353
2018,16,00-0030216,J.Hill,TE,NO,PIT,0,0,0.0,0,0.0,0.0,0.0,0,0.0,0,3,2,1.0,0,0.1,2.1,,,77.0,250.0,28.482166666666664,5.0,Idaho State,2013.0,2013.0,,,3.0,0.07692308
2018,17,00-0030216,J.Hill,TE,NO,CAR,0,0,0.0,0,0.0,0.0,0.0,0,0.0,0,1,0,0.0,0,0.0,0.0,,,77.0,250.0,28.482166666666664,5.0,Idaho State,2013.0,2013.0,,,-19.0,0.04761905
2018,19,00-0030216,J.Hill,TE,NO,PHI,0,0,0.0,0,0.0,0.0,0.0,0,0.0,0,3,3,7.0,0,0.7,3.7,,,77.0,250.0,28.482166666666664,5.0,Idaho State,2013.0,2013.0,,,6.0,0.08108108
2018,20,00-0030216,J.Hill,TE,NO,LA,0,0,0.0,0,0.0,0.0,0.0,0,0.0,0,1,1,24.0,0,2.4,3.4,,,77.0,250.0,28.482166666666664,5.0,Idaho State,2013.0,2013.0,,,-3.0,0.025641026
2018,1,00-0030279,K.Allen,WR,LAC,KC,0,0,0.0,0,0.0,0.0,0.0,0,0.0,0,11,8,108.0,1,16.8,24.8,,,74.0,211.0,26.54222222222222,5.0,California,2013.0,2013.0,SD,76.0,-10.0,0.22
2018,2,00-0030279,K.Allen,WR,LAC,BUF,0,0,0.0,0,0.0,0.0,0.0,0,0.0,0,8,6,67.0,0,6.7,12.7,,,74.0,211.0,26.54222222222222,5.0,California,2013.0,2013.0,SD,76.0,,0.2962963
2018,3,00-0030279,K.Allen,WR,LAC,LA,0,0,0.0,0,0.0,1.0,7.0,0,0.0,0,7,3,44.0,0,2.4,5.4,,,74.0,211.0,26.54222222222222,5.0,California,2013.0,2013.0,SD,76.0,,0.23333333
2018,4,00-0030279,K.Allen,WR,LAC,SF,0,0,0.0,0,0.0,0.0,0.0,0,0.0,0,10,7,63.0,0,6.3,13.3,,,74.0,211.0,26.54222222222222,5.0,California,2013.0,2013.0,SD,76.0,2.0,0.2631579
2018,5,00-0030279,K.Allen,WR,LAC,LV,0,0,0.0,0,0.0,0.0,0.0,1,5.0,0,9,8,90.0,0,9.5,17.5,,,74.0,211.0,26.54222222222222,5.0,California,2013.0,2013.0,SD,76.0,16.0,0.34615386
2018,6,00-0030279,K.Allen,WR,LAC,CLE,0,0,0.0,0,0.0,0.0,0.0,4,41.0,0,6,4,62.0,0,10.3,14.3,,,74.0,211.0,26.54222222222222,5.0,California,2013.0,2013.0,SD,76.0,,0.2857143
2018,7,00-0030279,K.Allen,WR,LAC,TEN,0,0,0.0,0,0.0,0.0,0.0,0,0.0,0,5,5,72.0,0,7.2,12.2,,,74.0,211.0,26.54222222222222,5.0,California,2013.0,2013.0,SD,76.0,1.0,0.2
2018,9,00-0030279,K.Allen,WR,LAC,SEA,0,0,0.0,0,0.0,0.0,0.0,2,28.0,0,10,6,124.0,0,15.2,21.2,,,74.0,211.0,26.54222222222222,5.0,California,2013.0,2013.0,SD,76.0,,0.3846154
2018,10,00-0030279,K.Allen,WR,LAC,LV,0,0,0.0,0,0.0,0.0,0.0,0,0.0,0,9,6,57.0,1,11.7,17.7,,,74.0,211.0,26.54222222222222,5.0,California,2013.0,2013.0,SD,76.0,,0.34615386
2018,11,00-0030279,K.Allen,WR,LAC,DEN,0,0,0.0,0,0.0,0.0,0.0,1,1.0,0,12,9,89.0,1,15.0,24.0,,,74.0,211.0,26.54222222222222,5.0,California,2013.0,2013.0,SD,76.0,-1.0,0.27906978
2018,12,00-0030279,K.Allen,WR,LAC,ARI,0,0,0.0,0,0.0,0.0,0.0,0,0.0,0,7,7,72.0,1,13.2,20.2,,,74.0,211.0,26.54222222222222,5.0,California,2013.0,2013.0,SD,76.0,35.0,0.22580644
2018,13,00-0030279,K.Allen,WR,LAC,PIT,0,0,0.0,0,0.0,0.0,0.0,0,0.0,0,19,14,148.0,1,22.8,36.8,,,74.0,211.0,26.54222222222222,5.0,California,2013.0,2013.0,SD,76.0,,0.5277778
2018,14,00-0030279,K.Allen,WR,LAC,CIN,0,0,0.0,0,0.0,0.0,0.0,1,0.0,0,8,5,78.0,1,13.8,18.8,,,74.0,211.0,26.54222222222222,5.0,California,2013.0,2013.0,SD,76.0,5.0,0.27586207
2018,16,00-0030279,K.Allen,WR,LAC,BAL,0,0,0.0,0,0.0,0.0,0.0,0,0.0,0,8,5,58.0,0,5.8,10.8,,,74.0,211.0,26.54222222222222,5.0,California,2013.0,2013.0,SD,76.0,-12.0,0.22222222
2018,17,00-0030279,K.Allen,WR,LAC,DEN,0,0,0.0,0,0.0,0.0,0.0,0,0.0,0,7,4,64.0,0,6.4,10.4,,,74.0,211.0,26.54222222222222,5.0,California,2013.0,2013.0,SD,76.0,,0.29166666
2018,18,00-0030279,K.Allen,WR,LAC,BAL,0,0,0.0,0,0.0,0.0,0.0,0,0.0,0,6,4,37.0,0,3.7,7.7,,,74.0,211.0,26.54222222222222,5.0,California,2013.0,2013.0,SD,76.0,,0.20689656
2018,19,00-0030279,K.Allen,WR,LAC,NE,0,0,0.0,0,0.0,0.0,0.0,0,0.0,0,6,2,75.0,1,15.5,17.5,,,74.0,211.0,26.54222222222222,5.0,California,2013.0,2013.0,SD,76.0,,0.12765957
2018,1,00-0030288,R.Burkhead,RB,NE,HOU,0,0,0.0,0,0.0,0.0,0.0,18,64.0,0,3,1,5.0,0,6.9,7.9,,,70.0,210.0,28.374157894736843,5.0,Nebraska,2013.0,2013.0,CIN,190.0,7.0,0.07692308
2018,2,00-0030288,R.Burkhead,RB,NE,JAX,0,0,0.0,0,0.0,0.0,0.0,6,22.0,0,0,0,0.0,0,2.2,2.2,,,70.0,210.0,28.374157894736843,5.0,Nebraska,2013.0,2013.0,CIN,190.0,,
2018,3,00-0030288,R.Burkhead,RB,NE,DET,0,0,0.0,0,0.0,0.0,0.0,0,0.0,0,3,2,26.0,0,2.6,4.6,,,70.0,210.0,28.374157894736843,5.0,Nebraska,2013.0,2013.0,CIN,190.0,,0.125
2018,13,00-0030288,R.Burkhead,RB,NE,MIN,0,0,0.0,0,0.0,0.0,0.0,7,20.0,0,2,2,21.0,0,4.1,6.1,,,70.0,210.0,28.374157894736843,5.0,Nebraska,2013.0,2013.0,CIN,190.0,14.0,0.0625
2018,14,00-0030288,R.Burkhead,RB,NE,MIA,0,0,0.0,0,0.0,0.0,0.0,4,2.0,0,2,1,3.0,0,0.5,1.5,,,70.0,210.0,28.374157894736843,5.0,Nebraska,2013.0,2013.0,CIN,190.0,,0.051282052
2018,15,00-0030288,R.Burkhead,RB,NE,PIT,0,0,0.0,0,0.0,0.0,0.0,4,25.0,0,3,3,18.0,0,4.3,7.3,,,70.0,210.0,28.374157894736843,5.0,Nebraska,2013.0,2013.0,CIN,190.0,,0.083333336
2018,16,00-0030288,R.Burkhead,RB,NE,BUF,0,0,0.0,0,0.0,0.0,0.0,13,39.0,0,5,4,40.0,0,5.9,9.9,,,70.0,210.0,28.374157894736843,5.0,Nebraska,2013.0,2013.0,CIN,190.0,12.0,0.20833333
2018,17,00-0030288,R.Burkhead,RB,NE,NYJ,0,0,0.0,0,0.0,0.0,0.0,5,14.0,0,2,1,18.0,1,9.2,10.2,,,70.0,210.0,28.374157894736843,5.0,Nebraska,2013.0,2013.0,CIN,190.0,35.0,0.0625
2018,19,00-0030288,R.Burkhead,RB,NE,LAC,0,0,0.0,0,0.0,0.0,0.0,4,12.0,1,1,1,7.0,0,7.9,8.9,,,70.0,210.0,28.374157894736843,5.0,Nebraska,2013.0,2013.0,CIN,190.0,13.0,0.022727273
2018,20,00-0030288,R.Burkhead,RB,NE,KC,0,0,0.0,0,0.0,0.0,0.0,12,41.0,2,4,4,23.0,0,18.4,22.4,,,70.0,210.0,28.374157894736843,5.0,Nebraska,2013.0,2013.0,CIN,190.0,,0.08695652
2018,21,00-0030288,R.Burkhead,RB,NE,LA,0,0,0.0,0,0.0,0.0,0.0,7,43.0,0,2,2,15.0,0,5.8,7.8,,,70.0,210.0,28.374157894736843,5.0,Nebraska,2013.0,2013.0,CIN,190.0,,0.057142857
2018,1,00-0030300,J.Brown,WR,SEA,DEN,0,0,0.0,0,0.0,0.0,0.0,0,0.0,0,3,1,7.0,0,0.7,1.7,,,75.0,205.0,28.833470588235294,5.0,Clemson,2013.0,2013.0,,,,0.09090909
2018,2,00-0030300,J.Brown,WR,SEA,CHI,0,0,0.0,0,0.0,0.0,0.0,0,0.0,0,3,3,36.0,0,3.6,6.6,,,75.0,205.0,28.833470588235294,5.0,Clemson,2013.0,2013.0,,,,0.09090909
2018,3,00-0030300,J.Brown,WR,SEA,DAL,0,0,0.0,0,0.0,0.0,0.0,0,0.0,0,2,2,25.0,1,8.5,10.5,,,75.0,205.0,28.833470588235294,5.0,Clemson,2013.0,2013.0,,,11.0,0.08
2018,6,00-0030300,J.Brown,WR,SEA,LV,0,0,0.0,0,0.0,0.0,0.0,0,0.0,0,1,1,5.0,1,6.5,7.5,,,75.0,205.0,28.833470588235294,5.0,Clemson,2013.0,2013.0,,,,0.04347826
2018,9,00-0030300,J.Brown,WR,SEA,LAC,0,0,0.0,0,0.0,0.0,0.0,0,0.0,0,2,1,10.0,1,7.0,8.0,,,75.0,205.0,28.833470588235294,5.0,Clemson,2013.0,2013.0,,,-8.0,0.054054055
2018,12,00-0030300,J.Brown,WR,SEA,CAR,0,0,0.0,0,0.0,0.0,0.0,0,0.0,0,1,0,0.0,0,0.0,0.0,,,75.0,205.0,28.833470588235294,5.0,Clemson,2013.0,2013.0,,,,0.035714287
2018,13,00-0030300,J.Brown,WR,SEA,SF,0,0,0.0,0,0.0,0.0,0.0,0,0.0,0,3,3,67.0,2,18.7,21.7,,,75.0,205.0,28.833470588235294,5.0,Clemson,2013.0,2013.0,,,27.0,0.1764706
2018,14,00-0030300,J.Brown,WR,SEA,MIN,0,0,0.0,0,0.0,0.0,0.0,0,0.0,0,1,1,0.0,0,0.0,1.0,,,75.0,205.0,28.833470588235294,5.0,Clemson,2013.0,2013.0,,,14.0,0.0625
2018,16,00-0030300,J.Brown,WR,SEA,KC,0,0,0.0,0,0.0,0.0,0.0,0,0.0,0,1,1,9.0,0,0.9,1.9,,,75.0,205.0,28.833470588235294,5.0,Clemson,2013.0,2013.0,,,7.0,0.037037037
2018,17,00-0030300,J.Brown,WR,SEA,ARI,0,0,0.0,0,0.0,0.0,0.0,0,0.0,0,2,1,7.0,0,0.7,1.7,,,75.0,205.0,28.833470588235294,5.0,Clemson,2013.0,2013.0,,,3.0,0.1
2018,1,00-0030404,C.Thompson,RB,WAS,ARI,0,0,0.0,0,0.0,0.0,0.0,5,65.0,0,7,6,63.0,1,18.8,24.8,,,68.0,191.0,28.046625,5.0,Florida State,2013.0,2013.0,WAS,154.0,,0.2413793
2018,2,00-0030404,C.Thompson,RB,WAS,IND,0,0,0.0,0,0.0,0.0,0.0,4,1.0,0,14,13,92.0,0,9.3,22.3,,,68.0,191.0,28.046625,5.0,Florida State,2013.0,2013.0,WAS,154.0,-12.0,0.3181818
2018,3,00-0030404,C.Thompson,RB,WAS,GB,0,0,0.0,0,0.0,0.0,0.0,6,17.0,0,2,1,0.0,0,1.7,2.7,,,68.0,191.0,28.046625,5.0,Florida State,2013.0,2013.0,WAS,154.0,14.0,0.1
2018,5,00-0030404,C.Thompson,RB,WAS,NO,0,0,0.0,0,0.0,0.0,0.0,8,17.0,0,8,6,45.0,0,6.2,12.2,,,68.0,191.0,28.046625,5.0,Florida State,2013.0,2013.0,WAS,154.0,,0.21621622
2018,8,00-0030404,C.Thompson,RB,WAS,NYG,0,0,0.0,0,0.0,0.0,0.0,3,13.0,0,3,2,9.0,0,2.2,4.2,,,68.0,191.0,28.046625,5.0,Florida State,2013.0,2013.0,WAS,154.0,,0.09677419
2018,13,00-0030404,C.Thompson,RB,WAS,PHI,0,0,0.0,0,0.0,0.0,0.0,3,3.0,0,5,3,18.0,0,2.1,5.1,,,68.0,191.0,28.046625,5.0,Florida State,2013.0,2013.0,WAS,154.0,,0.20833333
2018,14,00-0030404,C.Thompson,RB,WAS,NYG,0,0,0.0,0,0.0,0.0,0.0,3,23.0,0,5,3,15.0,0,3.8,6.8,,,68.0,191.0,28.046625,5.0,Florida State,2013.0,2013.0,WAS,154.0,-24.0,0.1724138
2018,15,00-0030404,C.Thompson,RB,WAS,JAX,0,0,0.0,0,0.0,0.0,0.0,5,9.0,0,2,1,4.0,0,1.3,2.3,,,68.0,191.0,28.046625,5.0,Florida State,2013.0,2013.0,WAS,154.0,,0.08695652
2018,16,00-0030404,C.Thompson,RB,WAS,TEN,0,0,0.0,0,0.0,0.0,0.0,4,20.0,0,1,1,8.0,0,2.8,3.8,,,68.0,191.0,28.046625,5.0,Florida State,2013.0,2013.0,WAS,154.0,,0.04347826
2018,17,00-0030404,C.Thompson,RB,WAS,PHI,0,0,0.0,0,0.0,0.0,0.0,2,10.0,0,8,5,14.0,0,2.4,7.4,,,68.0,191.0,28.046625,5.0,Florida State,2013.0,2013.0,WAS,154.0,-24.0,0.2962963
2018,1,00-0030414,S.Ware,RB,KC,LAC,0,0,0.0,0,0.0,0.0,0.0,3,32.0,0,1,1,8.0,0,4.0,5.0,,,70.0,229.0,26.967555555555556,5.0,Louisiana State,2013.0,2013.0,SEA,194.0,,0.04
2018,2,00-0030414,S.Ware,RB,KC,PIT,0,0,0.0,0,0.0,0.0,0.0,1,3.0,0,0,0,0.0,0,0.3,0.3,,,70.0,229.0,26.967555555555556,5.0,Louisiana State,2013.0,2013.0,SEA,194.0,,
2018,3,00-0030414,S.Ware,RB,KC,SF,0,0,0.0,0,0.0,0.0,0.0,1,1.0,0,3,2,29.0,0,3.0,5.0,,,70.0,229.0,26.967555555555556,5.0,Louisiana State,2013.0,2013.0,SEA,194.0,11.0,0.078947365
2018,4,00-0030414,S.Ware,RB,KC,DEN,0,0,0.0,0,0.0,0.0,0.0,2,6.0,0,0,0,0.0,0,0.6,0.6,,,70.0,229.0,26.967555555555556,5.0,Louisiana State,2013.0,2013.0,SEA,194.0,,
2018,5,00-0030414,S.Ware,RB,KC,JAX,0,0,0.0,0,0.0,0.0,0.0,1,0.0,0,1,1,13.0,0,1.3,2.3,,,70.0,229.0,26.967555555555556,5.0,Louisiana State,2013.0,2013.0,SEA,194.0,16.0,0.027777778
2018,6,00-0030414,S.Ware,RB,KC,NE,0,0,0.0,0,0.0,0.0,0.0,2,5.0,0,3,2,9.0,0,1.4,3.4,,,70.0,229.0,26.967555555555556,5.0,Louisiana State,2013.0,2013.0,SEA,194.0,,0.083333336
2018,7,00-0030414,S.Ware,RB,KC,CIN,0,0,0.0,0,0.0,0.0,0.0,8,59.0,0,3,3,30.0,0,8.9,11.9,,,70.0,229.0,26.967555555555556,5.0,Louisiana State,2013.0,2013.0,SEA,194.0,35.0,0.083333336
2018,9,00-0030414,S.Ware,RB,KC,CLE,0,0,0.0,0,0.0,0.0,0.0,2,12.0,0,5,4,69.0,0,8.1,12.1,,,70.0,229.0,26.967555555555556,5.0,Louisiana State,2013.0,2013.0,SEA,194.0,,0.16129032
2018,10,00-0030414,S.Ware,RB,KC,ARI,0,0,0.0,0,0.0,0.0,0.0,2,6.0,1,1,1,7.0,0,7.3,8.3,,,70.0,229.0,26.967555555555556,5.0,Louisiana State,2013.0,2013.0,SEA,194.0,12.0,0.035714287
2018,13,00-0030414,S.Ware,RB,KC,LV,0,0,0.0,0,0.0,0.0,0.0,14,47.0,1,1,1,5.0,0,11.2,12.2,,,70.0,229.0,26.967555555555556,5.0,Louisiana State,2013.0,2013.0,SEA,194.0,,0.027027028
2018,14,00-0030414,S.Ware,RB,KC,BAL,0,0,0.0,0,0.0,0.0,0.0,15,75.0,0,5,5,54.0,0,12.9,17.9,,,70.0,229.0,26.967555555555556,5.0,Louisiana State,2013.0,2013.0,SEA,194.0,3.0,0.104166664
2018,20,00-0030414,S.Ware,RB,KC,NE,0,0,0.0,0,0.0,0.0,0.0,0,0.0,0,1,1,21.0,0,2.1,3.1,,,70.0,229.0,26.967555555555556,5.0,Louisiana State,2013.0,2013.0,SEA,194.0,-6.0,0.03448276
2018,1,00-0030422,D.Sims,TE,CHI,GB,0,0,0.0,0,0.0,0.0,0.0,0,0.0,0,3,2,9.0,0,0.9,2.9,,,76.0,268.0,27.724058823529415,5.0,Michigan State,2013.0,2013.0,MIA,106.0,,0.09090909
2018,7,00-0030422,D.Sims,TE,CHI,NE,0,0,0.0,0,0.0,0.0,0.0,0,0.0,0,1,0,0.0,0,0.0,0.0,,,76.0,268.0,27.724058823529415,5.0,Michigan State,2013.0,2013.0,MIA,106.0,-7.0,0.020833334
2018,1,00-0030431,R.Woods,WR,LA,LV,0,0,0.0,0,0.0,0.0,0.0,1,6.0,0,9,3,37.0,0,4.3,7.3,,,72.0,193.0,26.599052631578946,5.0,Southern California,2013.0,2013.0,BUF,41.0,,0.27272728
2018,2,00-0030431,R.Woods,WR,LA,ARI,0,0,0.0,0,0.0,0.0,0.0,0,0.0,0,9,6,81.0,0,8.1,14.1,,,72.0,193.0,26.599052631578946,5.0,Southern California,2013.0,2013.0,BUF,41.0,34.0,0.29032257
2018,3,00-0030431,R.Woods,WR,LA,LAC,0,0,0.0,0,0.0,0.0,0.0,3,13.0,0,11,10,104.0,2,23.7,33.7,,,72.0,193.0,26.599052631578946,5.0,Southern California,2013.0,2013.0,BUF,41.0,12.0,0.31428573
2018,4,00-0030431,R.Woods,WR,LA,MIN,0,0,0.0,0,0.0,0.0,0.0,0,0.0,0,5,5,101.0,1,16.1,21.1,,,72.0,193.0,26.599052631578946,5.0,Southern California,2013.0,2013.0,BUF,41.0,7.0,0.15151516
2018,5,00-0030431,R.Woods,WR,LA,SEA,0,0,0.0,0,0.0,0.0,0.0,2,53.0,0,7,5,92.0,0,14.5,19.5,,,72.0,193.0,26.599052631578946,5.0,Southern California,2013.0,2013.0,BUF,41.0,,0.21875
2018,6,00-0030431,R.Woods,WR,LA,DEN,0,0,0.0,0,0.0,0.0,0.0,1,12.0,0,10,7,109.0,0,12.1,19.1,,,72.0,193.0,26.599052631578946,5.0,Southern California,2013.0,2013.0,BUF,41.0,,0.35714287
2018,7,00-0030431,R.Woods,WR,LA,SF,0,0,0.0,0,0.0,0.0,0.0,1,6.0,0,7,5,78.0,0,8.4,13.4,,,72.0,193.0,26.599052631578946,5.0,Southern California,2013.0,2013.0,BUF,41.0,,0.29166666
2018,8,00-0030431,R.Woods,WR,LA,GB,0,0,0.0,0,0.0,0.0,0.0,0,0.0,0,7,5,70.0,0,7.0,12.0,,,72.0,193.0,26.599052631578946,5.0,Southern California,2013.0,2013.0,BUF,41.0,2.0,0.21875
2018,9,00-0030431,R.Woods,WR,LA,NO,0,0,0.0,0,0.0,0.0,0.0,2,4.0,0,9,5,71.0,0,7.5,12.5,,,72.0,193.0,26.599052631578946,5.0,Southern California,2013.0,2013.0,BUF,41.0,,0.225
2018,10,00-0030431,R.Woods,WR,LA,SEA,0,0,0.0,0,0.0,0.0,0.0,3,17.0,0,5,4,89.0,0,10.6,14.6,,,72.0,193.0,26.599052631578946,5.0,Southern California,2013.0,2013.0,BUF,41.0,5.0,0.14285715
2018,11,00-0030431,R.Woods,WR,LA,KC,0,0,0.0,0,0.0,0.0,0.0,0,0.0,0,11,4,72.0,1,13.2,17.2,,,72.0,193.0,26.599052631578946,5.0,Southern California,2013.0,2013.0,BUF,41.0,3.0,0.23913044
2018,13,00-0030431,R.Woods,WR,LA,DET,0,0,0.0,0,0.0,0.0,0.0,2,11.0,0,8,5,67.0,1,13.8,18.8,,,72.0,193.0,26.599052631578946,5.0,Southern California,2013.0,2013.0,BUF,41.0,,0.25
2018,14,00-0030431,R.Woods,WR,LA,CHI,0,0,0.0,0,0.0,0.0,0.0,0,0.0,0,13,7,61.0,0,6.1,13.1,,,72.0,193.0,26.599052631578946,5.0,Southern California,2013.0,2013.0,BUF,41.0,,0.30232558
2018,15,00-0030431,R.Woods,WR,LA,PHI,0,0,0.0,0,0.0,0.0,0.0,1,19.0,0,9,7,74.0,0,9.3,16.3,,,72.0,193.0,26.599052631578946,5.0,Southern California,2013.0,2013.0,BUF,41.0,-7.0,0.1764706
2018,16,00-0030431,R.Woods,WR,LA,ARI,0,0,0.0,0,0.0,0.0,0.0,2,15.0,1,7,6,89.0,1,22.4,28.4,,,72.0,193.0,26.599052631578946,5.0,Southern California,2013.0,2013.0,BUF,41.0,,0.3043478
2018,17,00-0030431,R.Woods,WR,LA,SF,0,0,0.0,0,0.0,0.0,0.0,1,1.0,0,3,2,24.0,0,2.5,4.5,,,72.0,193.0,26.599052631578946,5.0,Southern California,2013.0,2013.0,BUF,41.0,16.0,0.11111111
2018,19,00-0030431,R.Woods,WR,LA,DAL,0,0,0.0,0,0.0,0.0,0.0,1,9.0,0,8,6,69.0,0,7.8,13.8,,,72.0,193.0,26.599052631578946,5.0,Southern California,2013.0,2013.0,BUF,41.0,8.0,0.2962963
2018,20,00-0030431,R.Woods,WR,LA,NO,0,0,0.0,0,0.0,0.0,0.0,2,-3.0,0,11,6,33.0,0,3.0,9.0,,,72.0,193.0,26.599052631578946,5.0,Southern California,2013.0,2013.0,BUF,41.0,,0.2820513
2018,21,00-0030431,R.Woods,WR,LA,NE,0,0,0.0,0,0.0,0.0,0.0,1,5.0,0,10,5,70.0,0,7.5,12.5,,,72.0,193.0,26.599052631578946,5.0,Southern California,2013.0,2013.0,BUF,41.0,-10.0,0.2777778
2018,1,00-0030432,C.Michael,RB,IND,CIN,0,0,0.0,0,0.0,0.0,0.0,2,9.0,0,0,0,0.0,0,0.9,0.9,,,70.0,221.0,28.005666666666666,5.0,Texas A&M,2013.0,2013.0,SEA,62.0,-11.0,
2018,1,00-0030433,M.Gillislee,RB,NO,TB,0,0,0.0,0,0.0,0.0,0.0,3,9.0,0,0,0,0.0,0,-1.1,-1.1,,,71.0,219.0,28.03311111111111,5.0,Florida,2013.0,2013.0,MIA,164.0,-8.0,
2018,2,00-0030433,M.Gillislee,RB,NO,CLE,0,0,0.0,0,0.0,0.0,0.0,8,18.0,0,0,0,0.0,0,1.8,1.8,,,71.0,219.0,28.03311111111111,5.0,Florida,2013.0,2013.0,MIA,164.0,3.0,
2018,3,00-0030433,M.Gillislee,RB,NO,ATL,0,0,0.0,0,0.0,0.0,0.0,3,10.0,0,0,0,0.0,0,1.0,1.0,,,71.0,219.0,28.03311111111111,5.0,Florida,2013.0,2013.0,MIA,164.0,,
2018,4,00-0030433,M.Gillislee,RB,NO,NYG,0,0,0.0,0,0.0,0.0,0.0,2,6.0,0,1,1,9.0,0,1.5,2.5,,,71.0,219.0,28.03311111111111,5.0,Florida,2013.0,2013.0,MIA,164.0,,0.030303031
2018,1,00-0030443,L.Toilolo,TE,DET,NYJ,0,0,0.0,0,0.0,0.0,0.0,0,0.0,0,1,1,7.0,0,0.7,1.7,,,80.0,265.0,27.2695,5.0,Stanford,2013.0,2013.0,ATL,133.0,-31.0,0.01923077
2018,4,00-0030443,L.Toilolo,TE,DET,DAL,0,0,0.0,0,0.0,0.0,0.0,0,0.0,0,2,2,12.0,0,1.2,3.2,,,80.0,265.0,27.2695,5.0,Stanford,2013.0,2013.0,ATL,133.0,,0.06896552
2018,5,00-0030443,L.Toilolo,TE,DET,GB,0,0,0.0,0,0.0,0.0,0.0,0,0.0,0,1,0,0.0,0,0.0,0.0,,,80.0,265.0,27.2695,5.0,Stanford,2013.0,2013.0,ATL,133.0,8.0,0.03846154
2018,8,00-0030443,L.Toilolo,TE,DET,SEA,0,0,0.0,0,0.0,0.0,0.0,0,0.0,0,1,1,12.0,0,1.2,2.2,,,80.0,265.0,27.2695,5.0,Stanford,2013.0,2013.0,ATL,133.0,-14.0,0.025641026
2018,10,00-0030443,L.Toilolo,TE,DET,CHI,0,0,0.0,0,0.0,0.0,0.0,0,0.0,0,1,1,16.0,0,1.6,2.6,,,80.0,265.0,27.2695,5.0,Stanford,2013.0,2013.0,ATL,133.0,,0.023809524
2018,11,00-0030443,L.Toilolo,TE,DET,CAR,0,0,0.0,0,0.0,0.0,0.0,0,0.0,0,1,1,13.0,0,1.3,2.3,,,80.0,265.0,27.2695,5.0,Stanford,2013.0,2013.0,ATL,133.0,1.0,0.028571429
2018,13,00-0030443,L.Toilolo,TE,DET,LA,0,0,0.0,0,0.0,0.0,0.0,0,0.0,0,6,4,90.0,0,9.0,13.0,,,80.0,265.0,27.2695,5.0,Stanford,2013.0,2013.0,ATL,133.0,-14.0,0.18181819
2018,14,00-0030443,L.Toilolo,TE,DET,ARI,0,0,0.0,0,0.0,0.0,0.0,0,0.0,0,2,2,26.0,0,2.6,4.6,,,80.0,265.0,27.2695,5.0,Stanford,2013.0,2013.0,ATL,133.0,,0.09090909
2018,15,00-0030443,L.Toilolo,TE,DET,BUF,0,0,0.0,0,0.0,0.0,0.0,0,0.0,0,4,4,28.0,0,2.8,6.8,,,80.0,265.0,27.2695,5.0,Stanford,2013.0,2013.0,ATL,133.0,,0.14285715
2018,16,00-0030443,L.Toilolo,TE,DET,MIN,0,0,0.0,0,0.0,0.0,0.0,0,0.0,0,1,1,16.0,0,1.6,2.6,,,80.0,265.0,27.2695,5.0,Stanford,2013.0,2013.0,ATL,133.0,-18.0,0.023809524
2018,17,00-0030443,L.Toilolo,TE,DET,GB,0,0,0.0,0,0.0,0.0,0.0,0,0.0,0,4,4,43.0,1,10.3,14.3,,,80.0,265.0,27.2695,5.0,Stanford,2013.0,2013.0,ATL,133.0,,0.121212125
2018,1,00-0030456,G.Bernard,RB,CIN,IND,0,0,0.0,0,0.0,0.0,0.0,1,-2.0,0,1,1,11.0,0,0.9,1.9,,,69.0,205.0,26.9509375,5.0,North Carolina,2013.0,2013.0,CIN,37.0,,0.035714287
2018,2,00-0030456,G.Bernard,RB,CIN,BAL,0,0,0.0,0,0.0,0.0,0.0,6,27.0,0,7,4,15.0,0,4.2,8.2,,,69.0,205.0,26.9509375,5.0,North Carolina,2013.0,2013.0,CIN,37.0,11.0,0.17073171
2018,3,00-0030456,G.Bernard,RB,CIN,CAR,0,0,0.0,0,0.0,0.0,0.0,12,61.0,1,9,5,25.0,0,14.6,19.6,,,69.0,205.0,26.9509375,5.0,North Carolina,2013.0,2013.0,CIN,37.0,,0.2
2018,4,00-0030456,G.Bernard,RB,CIN,ATL,0,0,0.0,0,0.0,0.0,0.0,15,69.0,2,4,4,27.0,0,21.6,25.6,,,69.0,205.0,26.9509375,5.0,North Carolina,2013.0,2013.0,CIN,37.0,,0.09756097
2018,10,00-0030456,G.Bernard,RB,CIN,NO,0,0,0.0,0,0.0,0.0,0.0,2,6.0,0,3,2,30.0,0,3.6,5.6,,,69.0,205.0,26.9509375,5.0,North Carolina,2013.0,2013.0,CIN,37.0,-37.0,0.13636364
2018,11,00-0030456,G.Bernard,RB,CIN,BAL,0,0,0.0,0,0.0,0.0,0.0,2,5.0,0,4,4,20.0,0,2.5,6.5,,,69.0,205.0,26.9509375,5.0,North Carolina,2013.0,2013.0,CIN,37.0,,0.11111111
2018,12,00-0030456,G.Bernard,RB,CIN,CLE,0,0,0.0,0,0.0,0.0,0.0,1,10.0,0,1,1,12.0,0,2.2,3.2,,,69.0,205.0,26.9509375,5.0,North Carolina,2013.0,2013.0,CIN,37.0,-15.0,0.022222223
2018,13,00-0030456,G.Bernard,RB,CIN,DEN,0,0,0.0,0,0.0,0.0,0.0,5,14.0,0,8,6,32.0,0,4.6,10.6,,,69.0,205.0,26.9509375,5.0,North Carolina,2013.0,2013.0,CIN,37.0,-14.0,0.22222222
2018,14,00-0030456,G.Bernard,RB,CIN,LAC,0,0,0.0,0,0.0,0.0,0.0,3,7.0,0,2,2,13.0,0,2.0,4.0,,,69.0,205.0,26.9509375,5.0,North Carolina,2013.0,2013.0,CIN,37.0,,0.08
2018,15,00-0030456,G.Bernard,RB,CIN,LV,0,0,0.0,0,0.0,0.0,0.0,6,7.0,0,2,2,25.0,0,3.2,5.2,,,69.0,205.0,26.9509375,5.0,North Carolina,2013.0,2013.0,CIN,37.0,14.0,0.060606062
2018,16,00-0030456,G.Bernard,RB,CIN,CLE,0,0,0.0,0,0.0,0.0,0.0,0,0.0,0,2,2,0.0,0,0.0,2.0,,,69.0,205.0,26.9509375,5.0,North Carolina,2013.0,2013.0,CIN,37.0,,0.10526316
2018,17,00-0030456,G.Bernard,RB,CIN,PIT,0,0,0.0,0,0.0,0.0,0.0,3,7.0,0,5,2,8.0,0,1.5,3.5,,,69.0,205.0,26.9509375,5.0,North Carolina,2013.0,2013.0,CIN,37.0,,0.2173913
2018,4,00-0030465,K.Barner,RB,NE,MIA,0,0,0.0,0,0.0,0.0,0.0,3,11.0,0,0,0,0.0,0,1.1,1.1,,,69.0,185.0,29.519411764705882,5.0,Oregon,2013.0,2013.0,CAR,182.0,31.0,
2018,6,00-0030465,K.Barner,RB,NE,KC,0,0,0.0,0,0.0,0.0,0.0,3,16.0,0,0,0,0.0,0,1.6,1.6,,,69.0,185.0,29.519411764705882,5.0,Oregon,2013.0,2013.0,CAR,182.0,3.0,
2018,7,00-0030465,K.Barner,RB,NE,CHI,0,0,0.0,0,0.0,0.0,0.0,10,36.0,0,0,0,0.0,0,3.6,3.6,,,69.0,185.0,29.519411764705882,5.0,Oregon,2013.0,2013.0,CAR,182.0,,
2018,8,00-0030465,K.Barner,RB,NE,BUF,0,0,0.0,0,0.0,0.0,0.0,2,4.0,0,0,0,0.0,0,0.4,0.4,,,69.0,185.0,29.519411764705882,5.0,Oregon,2013.0,2013.0,CAR,182.0,,
2018,9,00-0030465,K.Barner,RB,NE,GB,0,0,0.0,0,0.0,0.0,0.0,1,4.0,0,0,0,0.0,0,0.4,0.4,,,69.0,185.0,29.519411764705882,5.0,Oregon,2013.0,2013.0,CAR,182.0,14.0,
2018,16,00-0030465,K.Barner,RB,CAR,ATL,0,0,0.0,0,0.0,0.0,0.0,0,0.0,0,1,1,3.0,0,0.3,1.3,,,69.0,185.0,29.519411764705882,5.0,Oregon,2013.0,2013.0,CAR,182.0,-14.0,0.018181818
2018,2,00-0030470,V.McDonald,TE,PIT,KC,0,0,0.0,0,0.0,0.0,0.0,0,0.0,0,5,3,26.0,0,2.6,5.6,,,76.0,267.0,28.3963125,5.0,Rice,2013.0,2013.0,SF,55.0,-5.0,0.083333336
2018,3,00-0030470,V.McDonald,TE,PIT,TB,0,0,0.0,0,0.0,0.0,0.0,0,0.0,0,4,4,112.0,1,17.2,21.2,,,76.0,267.0,28.3963125,5.0,Rice,2013.0,2013.0,SF,55.0,,0.10810811
2018,4,00-0030470,V.McDonald,TE,PIT,BAL,0,0,0.0,0,0.0,0.0,0.0,0,0.0,0,5,5,62.0,0,4.2,9.2,,,76.0,267.0,28.3963125,5.0,Rice,2013.0,2013.0,SF,55.0,-12.0,0.10869565
2018,5,00-0030470,V.McDonald,TE,PIT,ATL,0,0,0.0,0,0.0,0.0,0.0,0,0.0,0,2,1,6.0,0,0.6,1.6,,,76.0,267.0,28.3963125,5.0,Rice,2013.0,2013.0,SF,55.0,24.0,0.06896552
2018,6,00-0030470,V.McDonald,TE,PIT,CIN,0,0,0.0,0,0.0,0.0,0.0,0,0.0,0,8,7,68.0,0,6.8,13.8,,,76.0,267.0,28.3963125,5.0,Rice,2013.0,2013.0,SF,55.0,,0.17777778
2018,8,00-0030470,V.McDonald,TE,PIT,CLE,0,0,0.0,0,0.0,0.0,0.0,0,0.0,0,3,3,47.0,0,4.7,7.7,,,76.0,267.0,28.3963125,5.0,Rice,2013.0,2013.0,SF,55.0,15.0,0.09090909
2018,9,00-0030470,V.McDonald,TE,PIT,BAL,0,0,0.0,0,0.0,0.0,0.0,0,0.0,0,6,3,25.0,0,2.5,5.5,,,76.0,267.0,28.3963125,5.0,Rice,2013.0,2013.0,SF,55.0,,0.13043478
2018,10,00-0030470,V.McDonald,TE,PIT,CAR,0,0,0.0,0,0.0,0.0,0.0,0,0.0,0,4,4,44.0,1,10.4,14.4,,,76.0,267.0,28.3963125,5.0,Rice,2013.0,2013.0,SF,55.0,31.0,0.14814815
2018,11,00-0030470,V.McDonald,TE,PIT,JAX,0,0,0.0,0,0.0,0.0,0.0,0,0.0,0,6,3,27.0,1,8.7,11.7,,,76.0,267.0,28.3963125,5.0,Rice,2013.0,2013.0,SF,55.0,,0.13333334
2018,12,00-0030470,V.McDonald,TE,PIT,DEN,0,0,0.0,0,0.0,0.0,0.0,0,0.0,0,5,3,27.0,0,2.7,5.7,,,76.0,267.0,28.3963125,5.0,Rice,2013.0,2013.0,SF,55.0,,0.0862069
2018,13,00-0030470,V.McDonald,TE,PIT,LAC,0,0,0.0,0,0.0,0.0,0.0,0,0.0,0,7,4,28.0,0,2.8,6.8,,,76.0,267.0,28.3963125,5.0,Rice,2013.0,2013.0,SF,55.0,-3.0,0.15555556
2018,14,00-0030470,V.McDonald,TE,PIT,LV,0,0,0.0,0,0.0,0.0,0.0,0,0.0,0,4,4,37.0,0,3.7,7.7,,,76.0,267.0,28.3963125,5.0,Rice,2013.0,2013.0,SF,55.0,,0.10810811
2018,15,00-0030470,V.McDonald,TE,PIT,NE,0,0,0.0,0,0.0,0.0,0.0,0,0.0,0,3,2,13.0,1,7.3,9.3,,,76.0,267.0,28.3963125,5.0,Rice,2013.0,2013.0,SF,55.0,7.0,0.09090909
2018,16,00-0030470,V.McDonald,TE,PIT,NO,0,0,0.0,0,0.0,0.0,0.0,0,0.0,0,4,1,49.0,0,4.9,5.9,,,76.0,267.0,28.3963125,5.0,Rice,2013.0,2013.0,SF,55.0,,0.08163265
2018,17,00-0030470,V.McDonald,TE,PIT,CIN,0,0,0.0,0,0.0,0.0,0.0,0,0.0,0,6,3,39.0,0,3.9,6.9,,,76.0,267.0,28.3963125,5.0,Rice,2013.0,2013.0,SF,55.0,3.0,0.13333334
2018,1,00-0030472,J.Reed,TE,WAS,ARI,0,0,0.0,0,0.0,0.0,0.0,0,0.0,0,5,4,48.0,1,10.8,14.8,,,74.0,246.0,28.345125,5.0,Florida,2013.0,2013.0,WAS,85.0,,0.1724138
2018,2,00-0030472,J.Reed,TE,WAS,IND,0,0,0.0,0,0.0,0.0,0.0,0,0.0,0,8,6,55.0,0,3.5,9.5,,,74.0,246.0,28.345125,5.0,Florida,2013.0,2013.0,WAS,85.0,-12.0,0.18181819
2018,3,00-0030472,J.Reed,TE,WAS,GB,0,0,0.0,0,0.0,0.0,0.0,0,0.0,0,7,4,65.0,0,6.5,10.5,,,74.0,246.0,28.345125,5.0,Florida,2013.0,2013.0,WAS,85.0,14.0,0.35
2018,5,00-0030472,J.Reed,TE,WAS,NO,0,0,0.0,0,0.0,0.0,0.0,0,0.0,0,2,1,21.0,0,2.1,3.1,,,74.0,246.0,28.345125,5.0,Florida,2013.0,2013.0,WAS,85.0,,0.054054055
2018,6,00-0030472,J.Reed,TE,WAS,CAR,0,0,0.0,0,0.0,0.0,0.0,0,0.0,0,9,5,36.0,0,3.6,8.6,,,74.0,246.0,28.345125,5.0,Florida,2013.0,2013.0,WAS,85.0,6.0,0.27272728
2018,7,00-0030472,J.Reed,TE,WAS,DAL,0,0,0.0,0,0.0,0.0,0.0,0,0.0,0,4,2,43.0,0,4.3,6.3,,,74.0,246.0,28.345125,5.0,Florida,2013.0,2013.0,WAS,85.0,3.0,0.16666667
2018,8,00-0030472,J.Reed,TE,WAS,NYG,0,0,0.0,0,0.0,0.0,0.0,0,0.0,0,12,7,38.0,0,3.8,10.8,,,74.0,246.0,28.345125,5.0,Florida,2013.0,2013.0,WAS,85.0,,0.38709676
2018,9,00-0030472,J.Reed,TE,WAS,ATL,0,0,0.0,0,0.0,0.0,0.0,0,0.0,0,6,4,34.0,0,3.4,7.4,,,74.0,246.0,28.345125,5.0,Florida,2013.0,2013.0,WAS,85.0,-24.0,0.13333334
2018,10,00-0030472,J.Reed,TE,WAS,TB,0,0,0.0,0,0.0,0.0,0.0,0,0.0,0,6,4,51.0,0,5.1,9.1,,,74.0,246.0,28.345125,5.0,Florida,2013.0,2013.0,WAS,85.0,,0.23076923
2018,11,00-0030472,J.Reed,TE,WAS,HOU,0,0,0.0,0,0.0,0.0,0.0,0,0.0,0,11,7,71.0,1,13.1,20.1,,,74.0,246.0,28.345125,5.0,Florida,2013.0,2013.0,WAS,85.0,-2.0,0.30555555
2018,12,00-0030472,J.Reed,TE,WAS,DAL,0,0,0.0,0,0.0,0.0,0.0,0,0.0,0,8,6,75.0,0,7.5,13.5,,,74.0,246.0,28.345125,5.0,Florida,2013.0,2013.0,WAS,85.0,,0.21052632
2018,13,00-0030472,J.Reed,TE,WAS,PHI,0,0,0.0,0,0.0,0.0,0.0,0,0.0,0,5,4,21.0,0,2.1,6.1,,,74.0,246.0,28.345125,5.0,Florida,2013.0,2013.0,WAS,85.0,,0.20833333
2018,14,00-0030472,J.Reed,TE,WAS,NYG,0,0,0.0,0,0.0,0.0,0.0,0,0.0,0,1,0,0.0,0,0.0,0.0,,,74.0,246.0,28.345125,5.0,Florida,2013.0,2013.0,WAS,85.0,-24.0,0.03448276
2018,1,00-0030506,T.Kelce,TE,KC,LAC,0,0,0.0,0,0.0,0.0,0.0,0,0.0,0,6,1,6.0,0,0.6,1.6,,,77.0,260.0,29.10022222222222,5.0,Cincinnati,2013.0,2013.0,KC,63.0,,0.24
2018,2,00-0030506,T.Kelce,TE,KC,PIT,0,0,0.0,0,0.0,0.0,0.0,0,0.0,0,10,7,109.0,2,22.9,29.9,,,77.0,260.0,29.10022222222222,5.0,Cincinnati,2013.0,2013.0,KC,63.0,,0.35714287
2018,3,00-0030506,T.Kelce,TE,KC,SF,0,0,0.0,0,0.0,0.0,0.0,0,0.0,0,10,8,114.0,0,11.4,19.4,,,77.0,260.0,29.10022222222222,5.0,Cincinnati,2013.0,2013.0,KC,63.0,11.0,0.2631579
2018,4,00-0030506,T.Kelce,TE,KC,DEN,0,0,0.0,0,0.0,0.0,0.0,0,0.0,0,12,7,78.0,1,13.8,20.8,,,77.0,260.0,29.10022222222222,5.0,Cincinnati,2013.0,2013.0,KC,63.0,,0.27272728
2018,5,00-0030506,T.Kelce,TE,KC,JAX,0,0,0.0,0,0.0,0.0,0.0,0,0.0,0,8,5,100.0,0,10.0,15.0,,,77.0,260.0,29.10022222222222,5.0,Cincinnati,2013.0,2013.0,KC,63.0,16.0,0.22222222
2018,6,00-0030506,T.Kelce,TE,KC,NE,0,0,0.0,0,0.0,0.0,0.0,0,0.0,0,9,5,61.0,0,6.1,11.1,,,77.0,260.0,29.10022222222222,5.0,Cincinnati,2013.0,2013.0,KC,63.0,,0.25
2018,7,00-0030506,T.Kelce,TE,KC,CIN,0,0,0.0,0,0.0,0.0,0.0,0,0.0,0,5,5,95.0,0,9.5,14.5,,,77.0,260.0,29.10022222222222,5.0,Cincinnati,2013.0,2013.0,KC,63.0,35.0,0.1388889
2018,8,00-0030506,T.Kelce,TE,KC,DEN,0,0,0.0,0,0.0,0.0,0.0,0,0.0,0,10,6,79.0,1,13.9,19.9,,,77.0,260.0,29.10022222222222,5.0,Cincinnati,2013.0,2013.0,KC,63.0,7.0,0.32258064
2018,9,00-0030506,T.Kelce,TE,KC,CLE,0,0,0.0,0,0.0,0.0,0.0,0,0.0,0,9,7,99.0,2,21.9,28.9,,,77.0,260.0,29.10022222222222,5.0,Cincinnati,2013.0,2013.0,KC,63.0,,0.29032257
2018,10,00-0030506,T.Kelce,TE,KC,ARI,0,0,0.0,0,0.0,0.0,0.0,0,0.0,0,7,6,46.0,0,4.6,10.6,,,77.0,260.0,29.10022222222222,5.0,Cincinnati,2013.0,2013.0,KC,63.0,12.0,0.25
2018,11,00-0030506,T.Kelce,TE,KC,LA,0,0,0.0,0,0.0,0.0,0.0,0,0.0,0,15,10,127.0,1,18.7,28.7,,,77.0,260.0,29.10022222222222,5.0,Cincinnati,2013.0,2013.0,KC,63.0,,0.32608697
2018,13,00-0030506,T.Kelce,TE,KC,LV,0,0,0.0,0,0.0,0.0,0.0,0,0.0,0,13,12,168.0,2,26.8,38.8,,,77.0,260.0,29.10022222222222,5.0,Cincinnati,2013.0,2013.0,KC,63.0,,0.35135135
2018,14,00-0030506,T.Kelce,TE,KC,BAL,0,0,0.0,0,0.0,0.0,0.0,0,0.0,0,9,7,77.0,1,13.7,20.7,,,77.0,260.0,29.10022222222222,5.0,Cincinnati,2013.0,2013.0,KC,63.0,3.0,0.1875
2018,15,00-0030506,T.Kelce,TE,KC,LAC,0,0,0.0,0,0.0,0.0,0.0,0,0.0,0,9,7,61.0,0,6.1,13.1,,,77.0,260.0,29.10022222222222,5.0,Cincinnati,2013.0,2013.0,KC,63.0,-1.0,0.2647059
2018,16,00-0030506,T.Kelce,TE,KC,SEA,0,0,0.0,0,0.0,0.0,0.0,0,0.0,0,9,5,54.0,0,5.4,10.4,,,77.0,260.0,29.10022222222222,5.0,Cincinnati,2013.0,2013.0,KC,63.0,,0.23076923
2018,17,00-0030506,T.Kelce,TE,KC,LV,0,0,0.0,0,0.0,0.0,0.0,0,0.0,0,9,5,62.0,0,6.2,11.2,,,77.0,260.0,29.10022222222222,5.0,Cincinnati,2013.0,2013.0,KC,63.0,32.0,0.33333334
2018,19,00-0030506,T.Kelce,TE,KC,IND,0,0,0.0,0,0.0,0.0,0.0,0,0.0,0,10,7,108.0,0,10.8,17.8,,,77.0,260.0,29.10022222222222,5.0,Cincinnati,2013.0,2013.0,KC,63.0,18.0,0.24390244
2018,20,00-0030506,T.Kelce,TE,KC,NE,0,0,0.0,0,0.0,0.0,0.0,0,0.0,0,6,3,23.0,1,8.3,11.3,,,77.0,260.0,29.10022222222222,5.0,Cincinnati,2013.0,2013.0,KC,63.0,-6.0,0.20689656
2018,1,00-0030513,L.Murray,RB,MIN,SF,0,0,0.0,0,0.0,0.0,0.0,11,42.0,0,0,0,0.0,0,4.2,4.2,,,75.0,230.0,28.7924375,5.0,Central Florida,2013.0,2013.0,OAK,181.0,8.0,
2018,2,00-0030513,L.Murray,RB,MIN,GB,0,0,0.0,0,0.0,0.0,0.0,4,19.0,0,0,0,0.0,0,1.9,1.9,,,75.0,230.0,28.7924375,5.0,Central Florida,2013.0,2013.0,OAK,181.0,,
2018,3,00-0030513,L.Murray,RB,MIN,BUF,0,0,0.0,0,0.0,0.0,0.0,2,1.0,0,7,5,30.0,0,3.1,8.1,,,75.0,230.0,28.7924375,5.0,Central Florida,2013.0,2013.0,OAK,181.0,-21.0,0.12727273
2018,4,00-0030513,L.Murray,RB,MIN,LA,0,0,0.0,0,0.0,0.0,0.0,2,2.0,0,2,2,16.0,0,3.8,5.8,,,75.0,230.0,28.7924375,5.0,Central Florida,2013.0,2013.0,OAK,181.0,,0.040816326
2018,5,00-0030513,L.Murray,RB,MIN,PHI,0,0,0.0,0,0.0,0.0,0.0,11,42.0,0,2,2,14.0,0,5.6,7.6,,,75.0,230.0,28.7924375,5.0,Central Florida,2013.0,2013.0,OAK,181.0,,0.054054055
2018,6,00-0030513,L.Murray,RB,MIN,ARI,0,0,0.0,0,0.0,0.0,0.0,24,155.0,1,2,1,3.0,0,21.8,22.8,,,75.0,230.0,28.7924375,5.0,Central Florida,2013.0,2013.0,OAK,181.0,10.0,0.06451613
2018,7,00-0030513,L.Murray,RB,MIN,NYJ,0,0,0.0,0,0.0,0.0,0.0,15,69.0,2,2,2,14.0,0,20.3,22.3,,,75.0,230.0,28.7924375,5.0,Central Florida,2013.0,2013.0,OAK,181.0,,0.051282052
2018,8,00-0030513,L.Murray,RB,MIN,NO,0,0,0.0,0,0.0,0.0,0.0,13,56.0,1,6,5,39.0,0,15.5,20.5,,,75.0,230.0,28.7924375,5.0,Central Florida,2013.0,2013.0,OAK,181.0,-10.0,0.15
2018,9,00-0030513,L.Murray,RB,MIN,DET,0,0,0.0,0,0.0,0.0,0.0,10,31.0,1,1,1,16.0,0,10.7,11.7,,,75.0,230.0,28.7924375,5.0,Central Florida,2013.0,2013.0,OAK,181.0,15.0,0.045454547
2018,11,00-0030513,L.Murray,RB,MIN,CHI,0,0,0.0,0,0.0,0.0,0.0,4,5.0,0,0,0,0.0,0,0.5,0.5,,,75.0,230.0,28.7924375,5.0,Central Florida,2013.0,2013.0,OAK,181.0,,
2018,12,00-0030513,L.Murray,RB,MIN,GB,0,0,0.0,0,0.0,0.0,0.0,11,33.0,0,0,0,0.0,0,3.3,3.3,,,75.0,230.0,28.7924375,5.0,Central Florida,2013.0,2013.0,OAK,181.0,7.0,
2018,13,00-0030513,L.Murray,RB,MIN,NE,0,0,0.0,0,0.0,0.0,0.0,4,11.0,0,2,2,3.0,0,1.4,3.4,,,75.0,230.0,28.7924375,5.0,Central Florida,2013.0,2013.0,OAK,181.0,,0.045454547
2018,14,00-0030513,L.Murray,RB,MIN,SEA,0,0,0.0,0,0.0,0.0,0.0,3,4.0,0,0,0,0.0,0,0.4,0.4,,,75.0,230.0,28.7924375,5.0,Central Florida,2013.0,2013.0,OAK,181.0,,
2018,15,00-0030513,L.Murray,RB,MIN,MIA,0,0,0.0,0,0.0,0.0,0.0,15,68.0,1,0,0,0.0,0,12.8,12.8,,,75.0,230.0,28.7924375,5.0,Central Florida,2013.0,2013.0,OAK,181.0,24.0,
2018,16,00-0030513,L.Murray,RB,MIN,DET,0,0,0.0,0,0.0,0.0,0.0,9,22.0,0,2,2,6.0,0,2.8,4.8,,,75.0,230.0,28.7924375,5.0,Central Florida,2013.0,2013.0,OAK,181.0,,0.071428575
2018,17,00-0030513,L.Murray,RB,MIN,CHI,0,0,0.0,0,0.0,0.0,0.0,2,18.0,0,0,0,0.0,0,1.8,1.8,,,75.0,230.0,28.7924375,5.0,Central Florida,2013.0,2013.0,OAK,181.0,-14.0,
2018,7,00-0030516,B.Butler,WR,DAL,WAS,0,0,0.0,0,0.0,0.0,0.0,0,0.0,0,1,0,0.0,0,0.0,0.0,,,75.0,220.0,28.7653125,5.0,San Diego State,2013.0,2013.0,OAK,209.0,,0.028571429
2018,12,00-0030516,B.Butler,WR,MIA,IND,0,0,0.0,0,0.0,0.0,0.0,0,0.0,0,1,0,0.0,0,0.0,0.0,,,75.0,220.0,28.7653125,5.0,San Diego State,2013.0,2013.0,OAK,209.0,,0.041666668
2018,13,00-0030516,B.Butler,WR,MIA,BUF,0,0,0.0,0,0.0,0.0,0.0,0,0.0,0,4,4,25.0,0,2.5,6.5,,,75.0,220.0,28.7653125,5.0,San Diego State,2013.0,2013.0,OAK,209.0,4.0,0.16666667
2018,14,00-0030516,B.Butler,WR,MIA,NE,0,0,0.0,0,0.0,0.0,0.0,0,0.0,0,1,1,23.0,1,8.3,9.3,,,75.0,220.0,28.7653125,5.0,San Diego State,2013.0,2013.0,OAK,209.0,1.0,0.05263158
2018,15,00-0030516,B.Butler,WR,MIA,MIN,0,0,0.0,0,0.0,0.0,0.0,0,0.0,0,3,1,12.0,0,1.2,2.2,,,75.0,220.0,28.7653125,5.0,San Diego State,2013.0,2013.0,OAK,209.0,,0.13043478
2018,15,00-0030520,M.Glennon,QB,ARI,ATL,10,14,111.0,1,0.0,1.0,8.0,0,0.0,0,0,0,0.0,0,8.44,8.44,,,78.0,229.0,28.894750000000002,5.0,North Carolina State,2013.0,2013.0,TB,73.0,,
2018,16,00-0030520,M.Glennon,QB,ARI,LA,5,7,63.0,0,0.0,0.0,-0.0,0,0.0,0,0,0,0.0,0,2.52,2.52,,,78.0,229.0,28.894750000000002,5.0,North Carolina State,2013.0,2013.0,TB,73.0,-22.0,
2018,1,00-0030521,J.Hunter,WR,PIT,CLE,0,0,0.0,0,0.0,0.0,0.0,0,0.0,0,5,1,6.0,0,0.6,1.6,,,76.0,203.0,27.462625,5.0,Tennessee,2013.0,2013.0,TEN,34.0,,0.12195122
2018,6,00-0030521,J.Hunter,WR,PIT,CIN,0,0,0.0,0,0.0,0.0,0.0,0,0.0,0,1,0,0.0,0,0.0,0.0,,,76.0,203.0,27.462625,5.0,Tennessee,2013.0,2013.0,TEN,34.0,,0.022222223
2018,8,00-0030521,J.Hunter,WR,PIT,CLE,0,0,0.0,0,0.0,0.0,0.0,0,0.0,0,4,2,15.0,0,1.5,3.5,,,76.0,203.0,27.462625,5.0,Tennessee,2013.0,2013.0,TEN,34.0,15.0,0.121212125
2018,13,00-0030521,J.Hunter,WR,PIT,LAC,0,0,0.0,0,0.0,0.0,0.0,0,0.0,0,3,0,0.0,0,0.0,0.0,,,76.0,203.0,27.462625,5.0,Tennessee,2013.0,2013.0,TEN,34.0,-3.0,0.06666667
2018,1,00-0030525,T.Austin,WR,DAL,CAR,0,0,0.0,0,0.0,0.0,0.0,1,1.0,0,0,0,0.0,0,0.1,0.1,,,68.0,179.0,28.660888888888888,5.0,West Virginia,2013.0,2013.0,STL,8.0,,
2018,2,00-0030525,T.Austin,WR,DAL,NYG,0,0,0.0,0,0.0,0.0,0.0,1,15.0,0,2,2,79.0,1,15.4,17.4,,,68.0,179.0,28.660888888888888,5.0,West Virginia,2013.0,2013.0,STL,8.0,7.0,0.08695652
2018,3,00-0030525,T.Austin,WR,DAL,SEA,0,0,0.0,0,0.0,0.0,0.0,1,18.0,0,3,3,2.0,1,8.0,11.0,,,68.0,179.0,28.660888888888888,5.0,West Virginia,2013.0,2013.0,STL,8.0,,0.0882353
2018,4,00-0030525,T.Austin,WR,DAL,DET,0,0,0.0,0,0.0,0.0,0.0,1,7.0,0,1,0,0.0,0,0.7,0.7,,,68.0,179.0,28.660888888888888,5.0,West Virginia,2013.0,2013.0,STL,8.0,2.0,0.037037037
2018,5,00-0030525,T.Austin,WR,DAL,HOU,0,0,0.0,0,0.0,0.0,0.0,0,0.0,0,3,1,44.0,0,4.4,5.4,,,68.0,179.0,28.660888888888888,5.0,West Virginia,2013.0,2013.0,STL,8.0,,0.10714286
2018,6,00-0030525,T.Austin,WR,DAL,JAX,0,0,0.0,0,0.0,0.0,0.0,2,14.0,0,1,1,5.0,0,1.9,2.9,,,68.0,179.0,28.660888888888888,5.0,West Virginia,2013.0,2013.0,STL,8.0,33.0,0.03846154
2018,17,00-0030525,T.Austin,WR,DAL,NYG,0,0,0.0,0,0.0,0.0,0.0,0,0.0,0,3,1,10.0,0,1.0,2.0,,,68.0,179.0,28.660888888888888,5.0,West Virginia,2013.0,2013.0,STL,8.0,,0.069767445
2018,18,00-0030525,T.Austin,WR,DAL,SEA,0,0,0.0,0,0.0,0.0,0.0,1,-3.0,0,1,1,7.0,0,0.4,1.4,,,68.0,179.0,28.660888888888888,5.0,West Virginia,2013.0,2013.0,STL,8.0,2.0,0.03125
2018,19,00-0030525,T.Austin,WR,DAL,LA,0,0,0.0,0,0.0,0.0,0.0,0,0.0,0,1,1,-2.0,0,-0.2,0.8,,,68.0,179.0,28.660888888888888,5.0,West Virginia,2013.0,2013.0,STL,8.0,,0.03125
2018,10,00-0030533,M.Barkley,QB,BUF,NYJ,15,25,232.0,3,0.0,1.0,8.0,3,-2.0,0,0,0,0.0,0,21.08,21.08,,,74.0,227.0,28.1531875,5.0,Southern California,2013.0,2013.0,PHI,98.0,,
2018,1,00-0030542,T.Williams,WR,DAL,CAR,0,0,0.0,0,0.0,0.0,0.0,0,0.0,0,2,1,6.0,0,0.6,1.6,,,74.0,210.0,29.14816666666667,5.0,Baylor,2013.0,2013.0,DAL,74.0,,0.06896552
2018,2,00-0030542,T.Williams,WR,DAL,NYG,0,0,0.0,0,0.0,0.0,0.0,0,0.0,0,1,1,12.0,0,1.2,2.2,,,74.0,210.0,29.14816666666667,5.0,Baylor,2013.0,2013.0,DAL,74.0,7.0,0.04347826
2018,1,00-0030549,T.Eifert,TE,CIN,IND,0,0,0.0,0,0.0,0.0,0.0,0,0.0,0,3,3,44.0,0,4.4,7.4,,,78.0,255.0,28.1555625,5.0,Notre Dame,2013.0,2013.0,CIN,21.0,,0.10714286
2018,2,00-0030549,T.Eifert,TE,CIN,BAL,0,0,0.0,0,0.0,0.0,0.0,0,0.0,0,4,2,23.0,0,2.3,4.3,,,78.0,255.0,28.1555625,5.0,Notre Dame,2013.0,2013.0,CIN,21.0,11.0,0.09756097
2018,3,00-0030549,T.Eifert,TE,CIN,CAR,0,0,0.0,0,0.0,0.0,0.0,0,0.0,0,8,6,74.0,0,7.4,13.4,,,78.0,255.0,28.1555625,5.0,Notre Dame,2013.0,2013.0,CIN,21.0,,0.17777778
2018,4,00-0030549,T.Eifert,TE,CIN,ATL,0,0,0.0,0,0.0,0.0,0.0,0,0.0,0,4,4,38.0,1,9.8,13.8,,,78.0,255.0,28.1555625,5.0,Notre Dame,2013.0,2013.0,CIN,21.0,,0.09756097
2018,1,00-0030564,D.Hopkins,WR,HOU,NE,0,0,0.0,0,0.0,0.0,0.0,1,-7.0,0,11,8,78.0,0,7.1,15.1,,,73.0,215.0,26.420411764705882,5.0,Clemson,2013.0,2013.0,HOU,27.0,,0.32352942
2018,2,00-0030564,D.Hopkins,WR,HOU,TEN,0,0,0.0,0,0.0,0.0,0.0,0,0.0,0,11,6,110.0,1,17.0,23.0,,,73.0,215.0,26.420411764705882,5.0,Clemson,2013.0,2013.0,HOU,27.0,,0.3548387
2018,3,00-0030564,D.Hopkins,WR,HOU,NYG,0,0,0.0,0,0.0,0.0,0.0,0,0.0,0,10,6,86.0,0,8.6,14.6,,,73.0,215.0,26.420411764705882,5.0,Clemson,2013.0,2013.0,HOU,27.0,-5.0,0.2631579
2018,4,00-0030564,D.Hopkins,WR,HOU,IND,0,0,0.0,0,0.0,0.0,0.0,0,0.0,0,12,10,169.0,1,22.9,32.9,,,73.0,215.0,26.420411764705882,5.0,Clemson,2013.0,2013.0,HOU,27.0,,0.3
2018,5,00-0030564,D.Hopkins,WR,HOU,DAL,0,0,0.0,0,0.0,0.0,0.0,0,0.0,0,13,9,151.0,0,13.1,22.1,,,73.0,215.0,26.420411764705882,5.0,Clemson,2013.0,2013.0,HOU,27.0,3.0,0.30232558
2018,6,00-0030564,D.Hopkins,WR,HOU,BUF,0,1,0.0,0,0.0,0.0,-0.0,0,0.0,0,6,5,63.0,1,12.3,17.3,,,73.0,215.0,26.420411764705882,5.0,Clemson,2013.0,2013.0,HOU,27.0,7.0,0.23076923
2018,7,00-0030564,D.Hopkins,WR,HOU,JAX,0,0,0.0,0,0.0,0.0,0.0,0,0.0,0,8,3,50.0,1,11.0,14.0,,,73.0,215.0,26.420411764705882,5.0,Clemson,2013.0,2013.0,HOU,27.0,,0.33333334
2018,8,00-0030564,D.Hopkins,WR,HOU,MIA,0,0,0.0,0,0.0,0.0,0.0,0,0.0,0,7,6,82.0,2,20.2,26.2,,,73.0,215.0,26.420411764705882,5.0,Clemson,2013.0,2013.0,HOU,27.0,19.0,0.35
2018,9,00-0030564,D.Hopkins,WR,HOU,DEN,0,0,0.0,0,0.0,0.0,0.0,0,0.0,0,12,10,105.0,1,16.5,26.5,,,73.0,215.0,26.420411764705882,5.0,Clemson,2013.0,2013.0,HOU,27.0,,0.5217391
2018,11,00-0030564,D.Hopkins,WR,HOU,WAS,0,0,0.0,0,0.0,0.0,0.0,0,0.0,0,6,5,56.0,1,9.6,14.6,,,73.0,215.0,26.420411764705882,5.0,Clemson,2013.0,2013.0,HOU,27.0,,0.25
2018,12,00-0030564,D.Hopkins,WR,HOU,TEN,0,0,0.0,0,0.0,0.0,0.0,0,0.0,0,6,5,74.0,0,7.4,12.4,,,73.0,215.0,26.420411764705882,5.0,Clemson,2013.0,2013.0,HOU,27.0,17.0,0.26086956
2018,13,00-0030564,D.Hopkins,WR,HOU,CLE,0,0,0.0,0,0.0,0.0,0.0,0,0.0,0,12,7,91.0,0,9.1,16.1,,,73.0,215.0,26.420411764705882,5.0,Clemson,2013.0,2013.0,HOU,27.0,16.0,0.41379312
2018,14,00-0030564,D.Hopkins,WR,HOU,IND,0,0,0.0,0,0.0,0.0,0.0,0,0.0,0,10,4,36.0,1,9.6,13.6,,,73.0,215.0,26.420411764705882,5.0,Clemson,2013.0,2013.0,HOU,27.0,-3.0,0.2631579
2018,15,00-0030564,D.Hopkins,WR,HOU,NYJ,0,0,0.0,0,0.0,0.0,0.0,0,0.0,0,11,10,170.0,2,29.0,39.0,,,73.0,215.0,26.420411764705882,5.0,Clemson,2013.0,2013.0,HOU,27.0,,0.42307693
2018,16,00-0030564,D.Hopkins,WR,HOU,PHI,0,0,0.0,0,0.0,0.0,0.0,0,0.0,0,12,9,104.0,0,10.4,19.4,,,73.0,215.0,26.420411764705882,5.0,Clemson,2013.0,2013.0,HOU,27.0,,0.3
2018,17,00-0030564,D.Hopkins,WR,HOU,JAX,0,0,0.0,0,0.0,0.0,0.0,0,0.0,0,16,12,147.0,0,14.7,26.7,,,73.0,215.0,26.420411764705882,5.0,Clemson,2013.0,2013.0,HOU,27.0,17.0,0.45714286
2018,18,00-0030564,D.Hopkins,WR,HOU,IND,0,0,0.0,0,0.0,0.0,0.0,0,0.0,0,10,5,37.0,0,3.7,8.7,,,73.0,215.0,26.420411764705882,5.0,Clemson,2013.0,2013.0,HOU,27.0,-14.0,0.21276596
2018,2,00-0030565,G.Smith,QB,LAC,BUF,0,0,0.0,0,0.0,0.0,0.0,1,-1.0,0,0,0,0.0,0,-0.1,-0.1,,,75.0,221.0,28.08911111111111,5.0,West Virginia,2013.0,2013.0,NYJ,39.0,,
2018,6,00-0030565,G.Smith,QB,LAC,CLE,1,1,8.0,0,0.0,0.0,-0.0,2,-2.0,0,0,0,0.0,0,0.12,0.12,,,75.0,221.0,28.08911111111111,5.0,West Virginia,2013.0,2013.0,NYJ,39.0,,
2018,12,00-0030565,G.Smith,QB,LAC,ARI,0,3,0.0,0,0.0,0.0,-0.0,3,7.0,0,0,0,0.0,0,0.7,0.7,,,75.0,221.0,28.08911111111111,5.0,West Virginia,2013.0,2013.0,NYJ,39.0,35.0,
2018,17,00-0030565,G.Smith,QB,LAC,DEN,0,0,0.0,0,0.0,1.0,16.0,2,-2.0,0,0,0,0.0,0,-2.2,-2.2,,,75.0,221.0,28.08911111111111,5.0,West Virginia,2013.0,2013.0,NYJ,39.0,,
2018,1,00-0030578,C.Patterson,RB,NE,HOU,0,0,0.0,0,0.0,0.0,0.0,3,13.0,0,1,1,6.0,0,1.9,2.9,,,74.0,220.0,27.667947368421054,5.0,Tennessee,2013.0,2013.0,MIN,29.0,7.0,0.025641026
2018,2,00-0030578,C.Patterson,RB,NE,JAX,0,0,0.0,0,0.0,0.0,0.0,1,5.0,0,5,3,18.0,0,2.3,5.3,,,74.0,220.0,27.667947368421054,5.0,Tennessee,2013.0,2013.0,MIN,29.0,,0.14285715
2018,3,00-0030578,C.Patterson,RB,NE,DET,0,0,0.0,0,0.0,0.0,0.0,0,0.0,0,1,1,12.0,0,1.2,2.2,,,74.0,220.0,27.667947368421054,5.0,Tennessee,2013.0,2013.0,MIN,29.0,,0.041666668
2018,4,00-0030578,C.Patterson,RB,NE,MIA,0,0,0.0,0,0.0,0.0,0.0,1,11.0,0,5,3,54.0,1,12.5,15.5,,,74.0,220.0,27.667947368421054,5.0,Tennessee,2013.0,2013.0,MIN,29.0,31.0,0.14285715
2018,5,00-0030578,C.Patterson,RB,NE,IND,0,0,0.0,0,0.0,0.0,0.0,0,0.0,0,2,2,11.0,1,7.1,9.1,,,74.0,220.0,27.667947368421054,5.0,Tennessee,2013.0,2013.0,MIN,29.0,14.0,0.045454547
2018,6,00-0030578,C.Patterson,RB,NE,KC,0,0,0.0,0,0.0,0.0,0.0,1,3.0,0,1,1,13.0,0,1.6,2.6,,,74.0,220.0,27.667947368421054,5.0,Tennessee,2013.0,2013.0,MIN,29.0,3.0,0.028571429
2018,7,00-0030578,C.Patterson,RB,NE,CHI,0,0,0.0,0,0.0,0.0,0.0,1,4.0,0,0,0,0.0,0,6.4,6.4,,,74.0,220.0,27.667947368421054,5.0,Tennessee,2013.0,2013.0,MIN,29.0,,
2018,8,00-0030578,C.Patterson,RB,NE,BUF,0,0,0.0,0,0.0,0.0,0.0,10,38.0,0,0,0,0.0,0,3.8,3.8,,,74.0,220.0,27.667947368421054,5.0,Tennessee,2013.0,2013.0,MIN,29.0,,
2018,9,00-0030578,C.Patterson,RB,NE,GB,0,0,0.0,0,0.0,0.0,0.0,11,61.0,1,1,1,7.0,0,12.8,13.8,,,74.0,220.0,27.667947368421054,5.0,Tennessee,2013.0,2013.0,MIN,29.0,14.0,0.028571429
2018,10,00-0030578,C.Patterson,RB,NE,TEN,0,0,0.0,0,0.0,0.0,0.0,4,11.0,0,0,0,0.0,0,1.1,1.1,,,74.0,220.0,27.667947368421054,5.0,Tennessee,2013.0,2013.0,MIN,29.0,,
2018,12,00-0030578,C.Patterson,RB,NE,NYJ,0,0,0.0,0,0.0,0.0,0.0,5,10.0,0,2,1,-1.0,0,0.9,1.9,,,74.0,220.0,27.667947368421054,5.0,Tennessee,2013.0,2013.0,MIN,29.0,,0.06666667
2018,13,00-0030578,C.Patterson,RB,NE,MIN,0,0,0.0,0,0.0,0.0,0.0,1,6.0,0,2,2,53.0,0,5.9,7.9,,,74.0,220.0,27.667947368421054,5.0,Tennessee,2013.0,2013.0,MIN,29.0,14.0,0.0625
2018,14,00-0030578,C.Patterson,RB,NE,MIA,0,0,0.0,0,0.0,0.0,0.0,0,0.0,0,3,2,51.0,1,11.1,13.1,,,74.0,220.0,27.667947368421054,5.0,Tennessee,2013.0,2013.0,MIN,29.0,,0.07692308
2018,15,00-0030578,C.Patterson,RB,NE,PIT,0,0,0.0,0,0.0,0.0,0.0,0,0.0,0,3,3,20.0,0,2.0,5.0,,,74.0,220.0,27.667947368421054,5.0,Tennessee,2013.0,2013.0,MIN,29.0,,0.083333336
2018,16,00-0030578,C.Patterson,RB,NE,BUF,0,0,0.0,0,0.0,0.0,0.0,4,66.0,0,2,1,3.0,0,6.9,7.9,,,74.0,220.0,27.667947368421054,5.0,Tennessee,2013.0,2013.0,MIN,29.0,12.0,0.083333336
2018,19,00-0030578,C.Patterson,RB,NE,LAC,0,0,0.0,0,0.0,0.0,0.0,1,3.0,0,1,0,0.0,0,0.3,0.3,,,74.0,220.0,27.667947368421054,5.0,Tennessee,2013.0,2013.0,MIN,29.0,13.0,0.022727273
2018,20,00-0030578,C.Patterson,RB,NE,KC,0,0,0.0,0,0.0,0.0,0.0,0,0.0,0,4,2,18.0,0,1.8,3.8,,,74.0,220.0,27.667947368421054,5.0,Tennessee,2013.0,2013.0,MIN,29.0,,0.08695652
2018,21,00-0030578,C.Patterson,RB,NE,LA,0,0,0.0,0,0.0,0.0,0.0,2,7.0,0,2,2,14.0,0,2.1,4.1,,,74.0,220.0,27.667947368421054,5.0,Tennessee,2013.0,2013.0,MIN,29.0,,0.057142857
2018,12,00-0030648,A.Villanueva,T,PIT,DEN,0,0,0.0,0,0.0,0.0,0.0,0,0.0,0,1,1,2.0,1,6.2,7.2,,,81.0,320.0,30.1184375,4.0,Army,2014.0,2014.0,,,,0.01724138
2018,1,00-0030656,I.Crowell,RB,NYJ,DET,0,0,0.0,0,0.0,0.0,0.0,10,102.0,2,0,0,0.0,0,22.2,22.2,,,71.0,225.0,25.81775,4.0,Alabama State,2014.0,2014.0,,,,
2018,2,00-0030656,I.Crowell,RB,NYJ,MIA,0,0,0.0,0,0.0,0.0,0.0,12,35.0,0,3,2,4.0,0,3.9,5.9,,,71.0,225.0,25.81775,4.0,Alabama State,2014.0,2014.0,,,-8.0,0.07317073
2018,3,00-0030656,I.Crowell,RB,NYJ,CLE,0,0,0.0,0,0.0,0.0,0.0,16,34.0,2,3,2,17.0,0,17.1,19.1,,,71.0,225.0,25.81775,4.0,Alabama State,2014.0,2014.0,,,,0.1
2018,4,00-0030656,I.Crowell,RB,NYJ,JAX,0,0,0.0,0,0.0,0.0,0.0,4,0.0,0,1,1,3.0,0,0.3,1.3,,,71.0,225.0,25.81775,4.0,Alabama State,2014.0,2014.0,,,,0.030303031
2018,5,00-0030656,I.Crowell,RB,NYJ,DEN,0,0,0.0,0,0.0,0.0,0.0,15,219.0,1,1,1,12.0,0,29.1,30.1,,,71.0,225.0,25.81775,4.0,Alabama State,2014.0,2014.0,,,18.0,0.045454547
2018,6,00-0030656,I.Crowell,RB,NYJ,IND,0,0,0.0,0,0.0,0.0,0.0,13,40.0,0,2,2,12.0,0,5.2,7.2,,,71.0,225.0,25.81775,4.0,Alabama State,2014.0,2014.0,,,8.0,0.06896552
2018,7,00-0030656,I.Crowell,RB,NYJ,MIN,0,0,0.0,0,0.0,0.0,0.0,11,29.0,0,3,1,21.0,0,5.0,6.0,,,71.0,225.0,25.81775,4.0,Alabama State,2014.0,2014.0,,,-20.0,0.071428575
2018,8,00-0030656,I.Crowell,RB,NYJ,CHI,0,0,0.0,0,0.0,0.0,0.0,13,25.0,0,1,1,13.0,0,3.8,4.8,,,71.0,225.0,25.81775,4.0,Alabama State,2014.0,2014.0,,,,0.04
2018,9,00-0030656,I.Crowell,RB,NYJ,MIA,0,0,0.0,0,0.0,0.0,0.0,13,49.0,0,2,1,11.0,0,6.0,7.0,,,71.0,225.0,25.81775,4.0,Alabama State,2014.0,2014.0,,,,0.05263158
2018,10,00-0030656,I.Crowell,RB,NYJ,BUF,0,0,0.0,0,0.0,0.0,0.0,7,19.0,1,2,2,18.0,0,9.7,11.7,,,71.0,225.0,25.81775,4.0,Alabama State,2014.0,2014.0,,,-31.0,0.060606062
2018,12,00-0030656,I.Crowell,RB,NYJ,NE,0,0,0.0,0,0.0,0.0,0.0,6,30.0,0,4,3,30.0,0,6.0,9.0,,,71.0,225.0,25.81775,4.0,Alabama State,2014.0,2014.0,,,-14.0,0.09756097
2018,13,00-0030656,I.Crowell,RB,NYJ,TEN,0,0,0.0,0,0.0,0.0,0.0,21,98.0,0,5,4,9.0,0,10.7,14.7,,,71.0,225.0,25.81775,4.0,Alabama State,2014.0,2014.0,,,,0.16666667
2018,14,00-0030656,I.Crowell,RB,NYJ,BUF,0,0,0.0,0,0.0,0.0,0.0,2,5.0,0,1,1,2.0,0,0.7,1.7,,,71.0,225.0,25.81775,4.0,Alabama State,2014.0,2014.0,,,,0.041666668
2018,1,00-0030663,W.Snead,WR,BAL,BUF,0,0,0.0,0,0.0,0.0,0.0,0,0.0,0,6,4,49.0,1,10.9,14.9,,,71.0,195.0,26.05629411764706,4.0,Ball State,2014.0,2014.0,,,44.0,0.16216215
2018,2,00-0030663,W.Snead,WR,BAL,CIN,0,0,0.0,0,0.0,0.0,0.0,0,0.0,0,8,5,54.0,0,5.4,10.4,,,71.0,195.0,26.05629411764706,4.0,Ball State,2014.0,2014.0,,,,0.1509434
2018,3,00-0030663,W.Snead,WR,BAL,DEN,0,0,0.0,0,0.0,0.0,0.0,0,0.0,0,5,3,39.0,0,3.9,6.9,,,71.0,195.0,26.05629411764706,4.0,Ball State,2014.0,2014.0,,,13.0,0.13157895
2018,4,00-0030663,W.Snead,WR,BAL,PIT,0,0,0.0,0,0.0,0.0,0.0,0,0.0,0,7,6,56.0,0,5.6,11.6,,,71.0,195.0,26.05629411764706,4.0,Ball State,2014.0,2014.0,,,,0.175
2018,5,00-0030663,W.Snead,WR,BAL,CLE,0,0,0.0,0,0.0,0.0,0.0,0,0.0,0,7,5,55.0,0,5.5,10.5,,,71.0,195.0,26.05629411764706,4.0,Ball State,2014.0,2014.0,,,,0.12280702
2018,6,00-0030663,W.Snead,WR,BAL,TEN,0,0,0.0,0,0.0,0.0,0.0,0,0.0,0,10,7,60.0,0,6.0,13.0,,,71.0,195.0,26.05629411764706,4.0,Ball State,2014.0,2014.0,,,,0.27027026
2018,7,00-0030663,W.Snead,WR,BAL,NO,0,0,0.0,0,0.0,0.0,0.0,1,13.0,0,7,3,23.0,0,3.6,6.6,,,71.0,195.0,26.05629411764706,4.0,Ball State,2014.0,2014.0,,,-1.0,0.1891892
2018,8,00-0030663,W.Snead,WR,BAL,CAR,0,0,0.0,0,0.0,0.0,0.0,0,0.0,0,11,5,54.0,0,5.4,10.4,,,71.0,195.0,26.05629411764706,4.0,Ball State,2014.0,2014.0,,,,0.25
2018,9,00-0030663,W.Snead,WR,BAL,PIT,0,0,0.0,0,0.0,0.0,0.0,0,0.0,0,8,7,58.0,0,5.8,12.8,,,71.0,195.0,26.05629411764706,4.0,Ball State,2014.0,2014.0,,,-7.0,0.21621622
2018,11,00-0030663,W.Snead,WR,BAL,CIN,0,0,0.0,0,0.0,0.0,0.0,0,0.0,0,8,5,51.0,0,5.1,10.1,,,71.0,195.0,26.05629411764706,4.0,Ball State,2014.0,2014.0,,,3.0,0.44444445
2018,13,00-0030663,W.Snead,WR,BAL,ATL,0,0,0.0,0,0.0,0.0,0.0,0,0.0,0,3,1,8.0,0,0.8,1.8,,,71.0,195.0,26.05629411764706,4.0,Ball State,2014.0,2014.0,,,,0.12
2018,14,00-0030663,W.Snead,WR,BAL,KC,0,0,0.0,0,0.0,0.0,0.0,0,0.0,0,7,5,61.0,0,6.1,11.1,,,71.0,195.0,26.05629411764706,4.0,Ball State,2014.0,2014.0,,,,0.26923078
2018,15,00-0030663,W.Snead,WR,BAL,TB,0,0,0.0,0,0.0,0.0,0.0,0,0.0,0,6,5,58.0,0,5.8,10.8,,,71.0,195.0,26.05629411764706,4.0,Ball State,2014.0,2014.0,,,8.0,0.2857143
2018,17,00-0030663,W.Snead,WR,BAL,CLE,0,0,0.0,0,0.0,0.0,0.0,0,0.0,0,2,1,25.0,0,2.5,3.5,,,71.0,195.0,26.05629411764706,4.0,Ball State,2014.0,2014.0,,,2.0,0.08695652
2018,18,00-0030663,W.Snead,WR,BAL,LAC,0,0,0.0,0,0.0,0.0,0.0,0,0.0,0,6,3,50.0,0,5.0,8.0,,,71.0,195.0,26.05629411764706,4.0,Ball State,2014.0,2014.0,,,-6.0,0.23076923
2018,16,00-0030668,C.West,RB,KC,SEA,0,0,0.0,0,0.0,0.0,0.0,1,1.0,0,3,2,37.0,1,9.8,11.8,,,70.0,205.0,27.44438888888889,4.0,Abilene Christian,2014.0,2014.0,,,,0.07692308
2018,17,00-0030668,C.West,RB,KC,LV,0,0,0.0,0,0.0,0.0,0.0,1,-2.0,0,0,0,0.0,0,-0.2,-0.2,,,70.0,205.0,27.44438888888889,4.0,Abilene Christian,2014.0,2014.0,,,32.0,
2018,1,00-0030669,A.Wilson,WR,MIA,TEN,0,0,0.0,0,0.0,0.0,0.0,2,7.0,0,4,3,31.0,0,3.8,6.8,,,69.0,186.0,26.3105,4.0,Georgia State,2014.0,2014.0,,,7.0,0.14285715
2018,2,00-0030669,A.Wilson,WR,MIA,NYJ,0,0,0.0,0,0.0,0.0,0.0,2,8.0,0,5,3,37.0,1,10.5,13.5,,,69.0,186.0,26.3105,4.0,Georgia State,2014.0,2014.0,,,,0.2173913
2018,3,00-0030669,A.Wilson,WR,MIA,LV,1,1,52.0,1,0.0,0.0,-0.0,0,0.0,0,2,2,74.0,1,19.48,21.48,,,69.0,186.0,26.3105,4.0,Georgia State,2014.0,2014.0,,,8.0,0.083333336
2018,4,00-0030669,A.Wilson,WR,MIA,NE,0,0,0.0,0,0.0,0.0,0.0,1,2.0,0,6,4,19.0,0,2.1,6.1,,,69.0,186.0,26.3105,4.0,Georgia State,2014.0,2014.0,,,,0.24
2018,5,00-0030669,A.Wilson,WR,MIA,CIN,0,0,0.0,0,0.0,0.0,0.0,0,0.0,0,6,5,43.0,0,4.3,9.3,,,69.0,186.0,26.3105,4.0,Georgia State,2014.0,2014.0,,,,0.18181819
2018,6,00-0030669,A.Wilson,WR,MIA,CHI,0,0,0.0,0,0.0,0.0,0.0,1,-5.0,0,9,6,155.0,2,27.0,33.0,,,69.0,186.0,26.3105,4.0,Georgia State,2014.0,2014.0,,,3.0,0.225
2018,7,00-0030669,A.Wilson,WR,MIA,DET,0,0,0.0,0,0.0,0.0,0.0,2,4.0,0,3,3,32.0,0,3.6,6.6,,,69.0,186.0,26.3105,4.0,Georgia State,2014.0,2014.0,,,-11.0,0.1
2018,7,00-0030670,B.Fowler,WR,NYG,ATL,0,0,0.0,0,0.0,0.0,0.0,0,0.0,0,1,1,11.0,0,1.1,2.1,,,73.0,212.0,27.4088,4.0,Michigan State,2014.0,2014.0,,,,0.027027028
2018,8,00-0030670,B.Fowler,WR,NYG,WAS,0,0,0.0,0,0.0,0.0,0.0,0,0.0,0,7,4,48.0,0,4.8,8.8,,,73.0,212.0,27.4088,4.0,Michigan State,2014.0,2014.0,,,-7.0,0.1521739
2018,10,00-0030670,B.Fowler,WR,NYG,SF,0,0,0.0,0,0.0,0.0,0.0,0,0.0,0,1,0,0.0,0,0.0,0.0,,,73.0,212.0,27.4088,4.0,Michigan State,2014.0,2014.0,,,,0.032258064
2018,11,00-0030670,B.Fowler,WR,NYG,TB,0,0,0.0,0,0.0,0.0,0.0,0,0.0,0,1,1,10.0,0,1.0,2.0,,,73.0,212.0,27.4088,4.0,Michigan State,2014.0,2014.0,,,3.0,0.055555556
2018,12,00-0030670,B.Fowler,WR,NYG,PHI,0,0,0.0,0,0.0,0.0,0.0,0,0.0,0,3,2,23.0,0,2.3,4.3,,,73.0,212.0,27.4088,4.0,Michigan State,2014.0,2014.0,,,,0.08108108
2018,13,00-0030670,B.Fowler,WR,NYG,CHI,0,0,0.0,0,0.0,0.0,0.0,0,0.0,0,2,1,11.0,0,1.1,2.1,,,73.0,212.0,27.4088,4.0,Michigan State,2014.0,2014.0,,,3.0,0.057142857
2018,14,00-0030670,B.Fowler,WR,NYG,WAS,0,0,0.0,0,0.0,0.0,0.0,0,0.0,0,1,1,6.0,1,6.6,7.6,,,73.0,212.0,27.4088,4.0,Michigan State,2014.0,2014.0,,,,0.03846154
2018,15,00-0030670,B.Fowler,WR,NYG,TEN,0,0,0.0,0,0.0,0.0,0.0,0,0.0,0,4,2,43.0,0,4.3,6.3,,,73.0,212.0,27.4088,4.0,Michigan State,2014.0,2014.0,,,-17.0,0.09090909
2018,16,00-0030670,B.Fowler,WR,NYG,IND,0,0,0.0,0,0.0,0.0,0.0,0,0.0,0,3,1,26.0,0,2.6,3.6,,,73.0,212.0,27.4088,4.0,Michigan State,2014.0,2014.0,,,,0.09677419
2018,17,00-0030670,B.Fowler,WR,NYG,DAL,0,0,0.0,0,0.0,0.0,0.0,0,0.0,0,4,3,21.0,0,2.1,5.1,,,73.0,212.0,27.4088,4.0,Michigan State,2014.0,2014.0,,,-1.0,0.102564104
2018,1,00-0030710,T.Burton,TE,CHI,GB,0,0,0.0,0,0.0,0.0,0.0,0,0.0,0,5,1,15.0,0,1.5,2.5,,,75.0,235.0,27.031411764705883,4.0,Florida,2014.0,2014.0,,,,0.15151516
2018,2,00-0030710,T.Burton,TE,CHI,SEA,0,0,0.0,0,0.0,0.0,0.0,1,2.0,0,4,4,20.0,1,8.2,12.2,,,75.0,235.0,27.031411764705883,4.0,Florida,2014.0,2014.0,,,7.0,0.11764706
2018,3,00-0030710,T.Burton,TE,CHI,ARI,0,0,0.0,0,0.0,0.0,0.0,0,0.0,0,5,4,55.0,0,5.5,9.5,,,75.0,235.0,27.031411764705883,4.0,Florida,2014.0,2014.0,,,,0.14285715
2018,4,00-0030710,T.Burton,TE,CHI,TB,0,0,0.0,0,0.0,0.0,0.0,0,0.0,0,4,2,86.0,1,14.6,16.6,,,75.0,235.0,27.031411764705883,4.0,Florida,2014.0,2014.0,,,38.0,0.15384616
2018,6,00-0030710,T.Burton,TE,CHI,MIA,0,0,0.0,0,0.0,0.0,0.0,0,0.0,0,4,4,23.0,1,8.3,12.3,,,75.0,235.0,27.031411764705883,4.0,Florida,2014.0,2014.0,,,,0.13333334
2018,7,00-0030710,T.Burton,TE,CHI,NE,0,0,0.0,0,0.0,0.0,0.0,0,0.0,0,11,9,126.0,1,18.6,27.6,,,75.0,235.0,27.031411764705883,4.0,Florida,2014.0,2014.0,,,-7.0,0.22916667
2018,8,00-0030710,T.Burton,TE,CHI,NYJ,0,0,0.0,0,0.0,0.0,0.0,0,0.0,0,4,3,18.0,0,1.8,4.8,,,75.0,235.0,27.031411764705883,4.0,Florida,2014.0,2014.0,,,14.0,0.13793103
2018,9,00-0030710,T.Burton,TE,CHI,BUF,0,0,0.0,0,0.0,0.0,0.0,0,0.0,0,3,2,28.0,1,8.8,10.8,,,75.0,235.0,27.031411764705883,4.0,Florida,2014.0,2014.0,,,,0.15
2018,10,00-0030710,T.Burton,TE,CHI,DET,0,0,0.0,0,0.0,0.0,0.0,0,0.0,0,4,4,40.0,0,6.0,10.0,,,75.0,235.0,27.031411764705883,4.0,Florida,2014.0,2014.0,,,12.0,0.13333334
2018,11,00-0030710,T.Burton,TE,CHI,MIN,0,0,0.0,0,0.0,0.0,0.0,0,0.0,0,1,1,9.0,0,0.9,1.9,,,75.0,235.0,27.031411764705883,4.0,Florida,2014.0,2014.0,,,5.0,0.033333335
2018,12,00-0030710,T.Burton,TE,CHI,DET,0,0,0.0,0,0.0,0.0,0.0,0,0.0,0,7,4,28.0,0,0.8,4.8,,,75.0,235.0,27.031411764705883,4.0,Florida,2014.0,2014.0,,,,0.18421052
2018,13,00-0030710,T.Burton,TE,CHI,NYG,0,0,0.0,0,0.0,0.0,0.0,0,0.0,0,1,0,0.0,0,0.0,0.0,,,75.0,235.0,27.031411764705883,4.0,Florida,2014.0,2014.0,,,,0.025
2018,14,00-0030710,T.Burton,TE,CHI,LA,0,0,0.0,0,0.0,0.0,0.0,0,0.0,0,5,2,22.0,0,2.2,4.2,,,75.0,235.0,27.031411764705883,4.0,Florida,2014.0,2014.0,,,9.0,0.17857143
2018,15,00-0030710,T.Burton,TE,CHI,GB,0,0,0.0,0,0.0,0.0,0.0,0,0.0,0,7,4,36.0,1,9.6,13.6,,,75.0,235.0,27.031411764705883,4.0,Florida,2014.0,2014.0,,,7.0,0.25
2018,16,00-0030710,T.Burton,TE,CHI,SF,0,0,0.0,0,0.0,0.0,0.0,0,0.0,0,5,5,30.0,0,3.0,8.0,,,75.0,235.0,27.031411764705883,4.0,Florida,2014.0,2014.0,,,,0.1724138
2018,17,00-0030710,T.Burton,TE,CHI,MIN,0,0,0.0,0,0.0,0.0,0.0,0,0.0,0,6,5,33.0,0,3.3,8.3,,,75.0,235.0,27.031411764705883,4.0,Florida,2014.0,2014.0,,,,0.23076923
2018,7,00-0030711,D.Fluellen,RB,TEN,LAC,0,0,0.0,0,0.0,0.0,0.0,1,2.0,0,0,0,0.0,0,0.2,0.2,,,71.0,224.0,26.7688125,4.0,Toledo,2014.0,2014.0,,,,
2018,10,00-0030711,D.Fluellen,RB,TEN,NE,0,0,0.0,0,0.0,0.0,0.0,3,14.0,0,0,0,0.0,0,1.4,1.4,,,71.0,224.0,26.7688125,4.0,Toledo,2014.0,2014.0,,,24.0,
2018,1,00-0030737,F.Martino,WR,TB,NO,0,0,0.0,0,0.0,0.0,0.0,0,0.0,0,1,0,0.0,0,0.0,0.0,,,72.0,195.0,27.164375,4.0,North Greenville,2014.0,2014.0,,,,0.035714287
2018,2,00-0030741,R.Nix,FB,PIT,KC,0,0,0.0,0,0.0,0.0,0.0,0,0.0,0,1,1,19.0,0,1.9,2.9,,,71.0,248.0,26.6003125,4.0,Kent State,2014.0,2014.0,,,-5.0,0.016666668
2018,6,00-0030741,R.Nix,FB,PIT,CIN,0,0,0.0,0,0.0,0.0,0.0,0,0.0,0,1,0,0.0,0,0.0,0.0,,,71.0,248.0,26.6003125,4.0,Kent State,2014.0,2014.0,,,,0.022222223
2018,10,00-0030741,R.Nix,FB,PIT,CAR,0,0,0.0,0,0.0,0.0,0.0,0,0.0,0,2,2,17.0,0,1.7,3.7,,,71.0,248.0,26.6003125,4.0,Kent State,2014.0,2014.0,,,31.0,0.074074075
2018,16,00-0030741,R.Nix,FB,PIT,NO,0,0,0.0,0,0.0,0.0,0.0,1,4.0,0,1,0,0.0,0,0.4,0.4,,,71.0,248.0,26.6003125,4.0,Kent State,2014.0,2014.0,,,,0.020408163
2018,17,00-0030741,R.Nix,FB,PIT,CIN,0,0,0.0,0,0.0,0.0,0.0,0,0.0,0,1,1,2.0,0,0.2,1.2,,,71.0,248.0,26.6003125,4.0,Kent State,2014.0,2014.0,,,3.0,0.022222223
2018,2,00-0030780,R.Hewitt,TE,IND,WAS,0,0,0.0,0,0.0,0.0,0.0,0,0.0,0,1,0,0.0,0,0.0,0.0,,,76.0,255.0,27.797666666666668,4.0,Stanford,2014.0,2014.0,,,,0.032258064
2018,17,00-0030780,R.Hewitt,TE,IND,TEN,0,0,0.0,0,0.0,0.0,0.0,0,0.0,0,1,1,1.0,1,6.1,7.1,,,76.0,255.0,27.797666666666668,4.0,Stanford,2014.0,2014.0,,,,0.028571429
2018,19,00-0030780,R.Hewitt,TE,IND,KC,0,0,0.0,0,0.0,0.0,0.0,0,0.0,0,1,0,0.0,0,0.0,0.0,,,76.0,255.0,27.797666666666668,4.0,Stanford,2014.0,2014.0,,,,0.027777778
2018,1,00-0030821,A.Hurns,WR,DAL,CAR,0,0,0.0,0,0.0,0.0,0.0,0,0.0,0,3,1,20.0,0,2.0,3.0,,,73.0,201.0,26.999055555555557,4.0,Miami,2014.0,2014.0,,,,0.10344828
2018,2,00-0030821,A.Hurns,WR,DAL,NYG,0,0,0.0,0,0.0,0.0,0.0,0,0.0,0,2,1,9.0,0,0.9,1.9,,,73.0,201.0,26.999055555555557,4.0,Miami,2014.0,2014.0,,,7.0,0.08695652
2018,3,00-0030821,A.Hurns,WR,DAL,SEA,0,0,0.0,0,0.0,0.0,0.0,0,0.0,0,4,2,22.0,0,2.2,4.2,,,73.0,201.0,26.999055555555557,4.0,Miami,2014.0,2014.0,,,,0.11764706
2018,4,00-0030821,A.Hurns,WR,DAL,DET,0,0,0.0,0,0.0,0.0,0.0,0,0.0,0,5,3,30.0,0,3.0,6.0,,,73.0,201.0,26.999055555555557,4.0,Miami,2014.0,2014.0,,,2.0,0.18518518
2018,5,00-0030821,A.Hurns,WR,DAL,HOU,0,0,0.0,0,0.0,0.0,0.0,0,0.0,0,2,1,3.0,1,6.3,7.3,,,73.0,201.0,26.999055555555557,4.0,Miami,2014.0,2014.0,,,,0.071428575
2018,6,00-0030821,A.Hurns,WR,DAL,JAX,0,0,0.0,0,0.0,0.0,0.0,0,0.0,0,5,0,0.0,0,0.0,0.0,,,73.0,201.0,26.999055555555557,4.0,Miami,2014.0,2014.0,,,33.0,0.1923077
2018,7,00-0030821,A.Hurns,WR,DAL,WAS,0,0,0.0,0,0.0,0.0,0.0,0,0.0,0,6,5,74.0,0,7.4,12.4,,,73.0,201.0,26.999055555555557,4.0,Miami,2014.0,2014.0,,,,0.17142858
2018,9,00-0030821,A.Hurns,WR,DAL,TEN,0,0,0.0,0,0.0,0.0,0.0,0,0.0,0,1,1,23.0,1,8.3,9.3,,,73.0,201.0,26.999055555555557,4.0,Miami,2014.0,2014.0,,,-14.0,0.032258064
2018,10,00-0030821,A.Hurns,WR,DAL,PHI,0,0,0.0,0,0.0,0.0,0.0,0,0.0,0,2,2,40.0,0,4.0,6.0,,,73.0,201.0,26.999055555555557,4.0,Miami,2014.0,2014.0,,,,0.05882353
2018,12,00-0030821,A.Hurns,WR,DAL,WAS,0,0,0.0,0,0.0,0.0,0.0,0,0.0,0,1,1,7.0,0,0.7,1.7,,,73.0,201.0,26.999055555555557,4.0,Miami,2014.0,2014.0,,,8.0,0.032258064
2018,14,00-0030821,A.Hurns,WR,DAL,PHI,0,0,0.0,0,0.0,0.0,0.0,0,0.0,0,1,1,9.0,0,0.9,1.9,,,73.0,201.0,26.999055555555557,4.0,Miami,2014.0,2014.0,,,6.0,0.018867925
2018,15,00-0030821,A.Hurns,WR,DAL,IND,0,0,0.0,0,0.0,0.0,0.0,0,0.0,0,2,1,9.0,0,0.9,1.9,,,73.0,201.0,26.999055555555557,4.0,Miami,2014.0,2014.0,,,,0.05263158
2018,17,00-0030821,A.Hurns,WR,DAL,NYG,0,0,0.0,0,0.0,0.0,0.0,0,0.0,0,1,1,49.0,0,4.9,5.9,,,73.0,201.0,26.999055555555557,4.0,Miami,2014.0,2014.0,,,,0.023255814
2018,18,00-0030821,A.Hurns,WR,DAL,SEA,0,0,0.0,0,0.0,0.0,0.0,0,0.0,0,1,1,14.0,0,1.4,2.4,,,73.0,201.0,26.999055555555557,4.0,Miami,2014.0,2014.0,,,2.0,0.03125
2018,1,00-0030854,E.Swoope,TE,IND,CIN,0,0,0.0,0,0.0,0.0,0.0,0,0.0,0,1,1,13.0,0,1.3,2.3,,,76.0,255.0,26.51088888888889,4.0,Miami,2014.0,2014.0,,,-11.0,0.01923077
2018,3,00-0030854,E.Swoope,TE,IND,PHI,0,0,0.0,0,0.0,0.0,0.0,0,0.0,0,1,1,7.0,0,0.7,1.7,,,76.0,255.0,26.51088888888889,4.0,Miami,2014.0,2014.0,,,,0.024390243
2018,5,00-0030854,E.Swoope,TE,IND,NE,0,0,0.0,0,0.0,0.0,0.0,0,0.0,0,3,3,44.0,1,10.4,13.4,,,76.0,255.0,26.51088888888889,4.0,Miami,2014.0,2014.0,,,,0.050847456
2018,6,00-0030854,E.Swoope,TE,IND,NYJ,0,0,0.0,0,0.0,0.0,0.0,0,0.0,0,2,1,2.0,1,6.2,7.2,,,76.0,255.0,26.51088888888889,4.0,Miami,2014.0,2014.0,,,,0.04761905
2018,7,00-0030854,E.Swoope,TE,IND,BUF,0,0,0.0,0,0.0,0.0,0.0,0,0.0,0,1,1,17.0,1,7.7,8.7,,,76.0,255.0,26.51088888888889,4.0,Miami,2014.0,2014.0,,,32.0,0.04347826
2018,13,00-0030854,E.Swoope,TE,IND,JAX,0,0,0.0,0,0.0,0.0,0.0,0,0.0,0,1,1,4.0,0,0.4,1.4,,,76.0,255.0,26.51088888888889,4.0,Miami,2014.0,2014.0,,,,0.02
2018,14,00-0030854,E.Swoope,TE,IND,HOU,0,0,0.0,0,0.0,0.0,0.0,0,0.0,0,1,0,0.0,0,0.0,0.0,,,76.0,255.0,26.51088888888889,4.0,Miami,2014.0,2014.0,,,,0.025
2018,1,00-0030874,D.Williams,RB,KC,LAC,0,0,0.0,0,0.0,0.0,0.0,1,0.0,0,0,0,0.0,0,0.0,0.0,,,71.0,224.0,26.606055555555557,4.0,Oklahoma,2014.0,2014.0,,,,
2018,2,00-0030874,D.Williams,RB,KC,PIT,0,0,0.0,0,0.0,0.0,0.0,0,0.0,0,1,1,2.0,0,0.2,1.2,,,71.0,224.0,26.606055555555557,4.0,Oklahoma,2014.0,2014.0,,,,0.035714287
2018,3,00-0030874,D.Williams,RB,KC,SF,0,0,0.0,0,0.0,0.0,0.0,0,0.0,0,2,2,16.0,0,1.6,3.6,,,71.0,224.0,26.606055555555557,4.0,Oklahoma,2014.0,2014.0,,,11.0,0.05263158
2018,5,00-0030874,D.Williams,RB,KC,JAX,0,0,0.0,0,0.0,0.0,0.0,1,0.0,0,0,0,0.0,0,0.0,0.0,,,71.0,224.0,26.606055555555557,4.0,Oklahoma,2014.0,2014.0,,,16.0,
2018,6,00-0030874,D.Williams,RB,KC,NE,0,0,0.0,0,0.0,0.0,0.0,1,1.0,0,0,0,0.0,0,0.1,0.1,,,71.0,224.0,26.606055555555557,4.0,Oklahoma,2014.0,2014.0,,,,
2018,13,00-0030874,D.Williams,RB,KC,LV,0,0,0.0,0,0.0,0.0,0.0,5,38.0,0,2,2,7.0,0,4.5,6.5,,,71.0,224.0,26.606055555555557,4.0,Oklahoma,2014.0,2014.0,,,,0.054054055
2018,14,00-0030874,D.Williams,RB,KC,BAL,0,0,0.0,0,0.0,0.0,0.0,8,14.0,1,5,4,16.0,1,15.0,19.0,,,71.0,224.0,26.606055555555557,4.0,Oklahoma,2014.0,2014.0,,,3.0,0.104166664
2018,15,00-0030874,D.Williams,RB,KC,LAC,0,0,0.0,0,0.0,0.0,0.0,10,49.0,2,6,6,74.0,0,24.3,30.3,,,71.0,224.0,26.606055555555557,4.0,Oklahoma,2014.0,2014.0,,,-1.0,0.1764706
2018,16,00-0030874,D.Williams,RB,KC,SEA,0,0,0.0,0,0.0,0.0,0.0,13,103.0,0,7,7,37.0,1,18.0,25.0,,,71.0,224.0,26.606055555555557,4.0,Oklahoma,2014.0,2014.0,,,,0.17948718
2018,17,00-0030874,D.Williams,RB,KC,LV,0,0,0.0,0,0.0,0.0,0.0,11,51.0,1,1,1,8.0,0,11.9,12.9,,,71.0,224.0,26.606055555555557,4.0,Oklahoma,2014.0,2014.0,,,32.0,0.037037037
2018,19,00-0030874,D.Williams,RB,KC,IND,0,0,0.0,0,0.0,0.0,0.0,25,129.0,1,6,5,25.0,0,21.4,26.4,,,71.0,224.0,26.606055555555557,4.0,Oklahoma,2014.0,2014.0,,,18.0,0.14634146
2018,20,00-0030874,D.Williams,RB,KC,NE,0,0,0.0,0,0.0,0.0,0.0,10,30.0,1,8,5,66.0,2,27.6,32.6,,,71.0,224.0,26.606055555555557,4.0,Oklahoma,2014.0,2014.0,,,-6.0,0.27586207
2018,2,00-0030968,K.Smith,FB,LV,DEN,0,0,0.0,0,0.0,0.0,0.0,0,0.0,0,3,2,12.0,0,1.2,3.2,,,72.0,232.0,26.57575,4.0,San Jose State,2014.0,2014.0,,,,0.09375
2018,3,00-0030968,K.Smith,FB,LV,MIA,0,0,0.0,0,0.0,0.0,0.0,1,0.0,0,1,1,2.0,0,0.2,1.2,,,72.0,232.0,26.57575,4.0,San Jose State,2014.0,2014.0,,,,0.02631579
2018,8,00-0030968,K.Smith,FB,LV,IND,0,0,0.0,0,0.0,0.0,0.0,0,0.0,0,1,1,8.0,0,0.8,1.8,,,72.0,232.0,26.57575,4.0,San Jose State,2014.0,2014.0,,,,0.035714287
2018,15,00-0030968,K.Smith,FB,LV,CIN,0,0,0.0,0,0.0,0.0,0.0,0,0.0,0,1,0,0.0,0,0.0,0.0,,,72.0,232.0,26.57575,4.0,San Jose State,2014.0,2014.0,,,,0.030303031
2018,16,00-0030968,K.Smith,FB,LV,DEN,0,0,0.0,0,0.0,0.0,0.0,0,0.0,0,1,1,1.0,0,0.1,1.1,,,72.0,232.0,26.57575,4.0,San Jose State,2014.0,2014.0,,,,0.03846154
2018,1,00-0031023,Q.Enunwa,WR,NYJ,DET,0,0,0.0,0,0.0,0.0,0.0,0,0.0,0,9,6,63.0,1,12.3,18.3,,,74.0,225.0,26.425562499999998,4.0,Nebraska,2014.0,2014.0,NYJ,209.0,,0.45
2018,2,00-0031023,Q.Enunwa,WR,NYJ,MIA,0,0,0.0,0,0.0,0.0,0.0,0,0.0,0,11,7,92.0,0,9.2,16.2,,,74.0,225.0,26.425562499999998,4.0,Nebraska,2014.0,2014.0,NYJ,209.0,-8.0,0.2682927
2018,3,00-0031023,Q.Enunwa,WR,NYJ,CLE,0,0,0.0,0,0.0,0.0,0.0,0,0.0,0,8,4,57.0,0,5.7,9.7,,,74.0,225.0,26.425562499999998,4.0,Nebraska,2014.0,2014.0,NYJ,209.0,,0.26666668
2018,4,00-0031023,Q.Enunwa,WR,NYJ,JAX,0,0,0.0,0,0.0,0.0,0.0,0,0.0,0,8,4,66.0,0,6.6,10.6,,,74.0,225.0,26.425562499999998,4.0,Nebraska,2014.0,2014.0,NYJ,209.0,,0.24242425
2018,5,00-0031023,Q.Enunwa,WR,NYJ,DEN,0,0,0.0,0,0.0,0.0,0.0,0,0.0,0,5,0,0.0,0,0.0,0.0,,,74.0,225.0,26.425562499999998,4.0,Nebraska,2014.0,2014.0,NYJ,209.0,18.0,0.22727273
2018,6,00-0031023,Q.Enunwa,WR,NYJ,IND,0,0,0.0,0,0.0,0.0,0.0,1,0.0,0,1,1,9.0,0,-1.1,-0.1,,,74.0,225.0,26.425562499999998,4.0,Nebraska,2014.0,2014.0,NYJ,209.0,8.0,0.03448276
2018,9,00-0031023,Q.Enunwa,WR,NYJ,MIA,0,0,0.0,0,0.0,0.0,0.0,0,0.0,0,4,3,40.0,0,4.0,7.0,,,74.0,225.0,26.425562499999998,4.0,Nebraska,2014.0,2014.0,NYJ,209.0,,0.10526316
2018,10,00-0031023,Q.Enunwa,WR,NYJ,BUF,0,0,0.0,0,0.0,0.0,0.0,0,0.0,0,8,4,18.0,0,1.8,5.8,,,74.0,225.0,26.425562499999998,4.0,Nebraska,2014.0,2014.0,NYJ,209.0,-31.0,0.24242425
2018,12,00-0031023,Q.Enunwa,WR,NYJ,NE,0,0,0.0,0,0.0,0.0,0.0,0,0.0,0,4,4,73.0,0,7.3,11.3,,,74.0,225.0,26.425562499999998,4.0,Nebraska,2014.0,2014.0,NYJ,209.0,-14.0,0.09756097
2018,13,00-0031023,Q.Enunwa,WR,NYJ,TEN,0,0,0.0,0,0.0,0.0,0.0,0,0.0,0,6,2,9.0,0,0.9,2.9,,,74.0,225.0,26.425562499999998,4.0,Nebraska,2014.0,2014.0,NYJ,209.0,,0.2
2018,14,00-0031023,Q.Enunwa,WR,NYJ,BUF,0,0,0.0,0,0.0,0.0,0.0,0,0.0,0,4,3,22.0,0,2.2,5.2,,,74.0,225.0,26.425562499999998,4.0,Nebraska,2014.0,2014.0,NYJ,209.0,,0.16666667
2018,3,00-0031035,X.Grimble,TE,PIT,TB,0,0,0.0,0,0.0,0.0,0.0,0,0.0,0,1,0,0.0,0,0.0,0.0,,,76.0,261.0,26.1184375,4.0,Southern California,2014.0,2014.0,,,,0.027027028
2018,5,00-0031035,X.Grimble,TE,PIT,ATL,0,0,0.0,0,0.0,0.0,0.0,0,0.0,0,1,1,9.0,0,0.9,1.9,,,76.0,261.0,26.1184375,4.0,Southern California,2014.0,2014.0,,,24.0,0.03448276
2018,6,00-0031035,X.Grimble,TE,PIT,CIN,0,0,0.0,0,0.0,0.0,0.0,0,0.0,0,2,2,35.0,0,3.5,5.5,,,76.0,261.0,26.1184375,4.0,Southern California,2014.0,2014.0,,,,0.044444446
2018,11,00-0031035,X.Grimble,TE,PIT,JAX,0,0,0.0,0,0.0,0.0,0.0,0,0.0,0,1,1,3.0,0,0.3,1.3,,,76.0,261.0,26.1184375,4.0,Southern California,2014.0,2014.0,,,,0.022222223
2018,12,00-0031035,X.Grimble,TE,PIT,DEN,0,0,0.0,0,0.0,0.0,0.0,0,0.0,0,1,1,23.0,0,2.3,3.3,,,76.0,261.0,26.1184375,4.0,Southern California,2014.0,2014.0,,,,0.01724138
2018,16,00-0031035,X.Grimble,TE,PIT,NO,0,0,0.0,0,0.0,0.0,0.0,0,0.0,0,1,0,0.0,0,0.0,0.0,,,76.0,261.0,26.1184375,4.0,Southern California,2014.0,2014.0,,,,0.020408163
2018,17,00-0031035,X.Grimble,TE,PIT,CIN,0,0,0.0,0,0.0,0.0,0.0,0,0.0,0,1,1,16.0,0,1.6,2.6,,,76.0,261.0,26.1184375,4.0,Southern California,2014.0,2014.0,,,3.0,0.022222223
2018,1,00-0031045,C.Hyde,RB,CLE,PIT,0,0,0.0,0,0.0,0.0,0.0,22,62.0,1,2,1,3.0,0,12.5,13.5,,,72.0,235.0,28.12225,4.0,Ohio State,2014.0,2014.0,SF,57.0,0.0,0.05263158
2018,2,00-0031045,C.Hyde,RB,CLE,NO,0,0,0.0,0,0.0,0.0,0.0,16,43.0,1,1,1,7.0,0,11.0,12.0,,,72.0,235.0,28.12225,4.0,Ohio State,2014.0,2014.0,SF,57.0,,0.033333335
2018,3,00-0031045,C.Hyde,RB,CLE,NYJ,0,0,0.0,0,0.0,0.0,0.0,23,98.0,2,2,2,5.0,0,22.3,24.3,,,72.0,235.0,28.12225,4.0,Ohio State,2014.0,2014.0,SF,57.0,4.0,0.057142857
2018,4,00-0031045,C.Hyde,RB,CLE,LV,0,0,0.0,0,0.0,0.0,0.0,22,82.0,1,1,0,0.0,0,14.2,14.2,,,72.0,235.0,28.12225,4.0,Ohio State,2014.0,2014.0,SF,57.0,,0.024390243
2018,5,00-0031045,C.Hyde,RB,CLE,BAL,0,0,0.0,0,0.0,0.0,0.0,17,63.0,0,3,2,14.0,0,7.7,9.7,,,72.0,235.0,28.12225,4.0,Ohio State,2014.0,2014.0,SF,57.0,3.0,0.071428575
2018,6,00-0031045,C.Hyde,RB,CLE,LAC,0,0,0.0,0,0.0,0.0,0.0,14,34.0,0,0,0,0.0,0,3.4,3.4,,,72.0,235.0,28.12225,4.0,Ohio State,2014.0,2014.0,SF,57.0,-24.0,
2018,8,00-0031045,C.Hyde,RB,JAX,PHI,0,0,0.0,0,0.0,0.0,0.0,6,11.0,0,2,0,0.0,0,1.1,1.1,,,72.0,235.0,28.12225,4.0,Ohio State,2014.0,2014.0,SF,57.0,-6.0,0.048780486
2018,10,00-0031045,C.Hyde,RB,JAX,IND,0,0,0.0,0,0.0,0.0,0.0,3,5.0,0,0,0,0.0,0,0.5,0.5,,,72.0,235.0,28.12225,4.0,Ohio State,2014.0,2014.0,SF,57.0,,
2018,11,00-0031045,C.Hyde,RB,JAX,PIT,0,0,0.0,0,0.0,0.0,0.0,8,44.0,0,0,0,0.0,0,4.4,4.4,,,72.0,235.0,28.12225,4.0,Ohio State,2014.0,2014.0,SF,57.0,-4.0,
2018,12,00-0031045,C.Hyde,RB,JAX,BUF,0,0,0.0,0,0.0,0.0,0.0,10,33.0,0,0,0,0.0,0,3.3,3.3,,,72.0,235.0,28.12225,4.0,Ohio State,2014.0,2014.0,SF,57.0,,
2018,13,00-0031045,C.Hyde,RB,JAX,IND,0,0,0.0,0,0.0,0.0,0.0,13,36.0,0,1,1,1.0,0,1.7,2.7,,,72.0,235.0,28.12225,4.0,Ohio State,2014.0,2014.0,SF,57.0,6.0,0.045454547
2018,14,00-0031045,C.Hyde,RB,JAX,TEN,0,0,0.0,0,0.0,0.0,0.0,0,0.0,0,1,1,-3.0,0,-0.3,0.7,,,72.0,235.0,28.12225,4.0,Ohio State,2014.0,2014.0,SF,57.0,,0.024390243
2018,16,00-0031045,C.Hyde,RB,JAX,MIA,0,0,0.0,0,0.0,0.0,0.0,8,47.0,0,0,0,0.0,0,4.7,4.7,,,72.0,235.0,28.12225,4.0,Ohio State,2014.0,2014.0,SF,57.0,,
2018,17,00-0031045,C.Hyde,RB,JAX,HOU,0,0,0.0,0,0.0,0.0,0.0,10,13.0,0,3,2,6.0,0,1.9,3.9,,,72.0,235.0,28.12225,4.0,Ohio State,2014.0,2014.0,SF,57.0,,0.10714286
2018,1,00-0031051,J.Brown,WR,BAL,BUF,0,0,0.0,0,0.0,0.0,0.0,1,1.0,0,4,3,44.0,1,10.5,13.5,,,71.0,179.0,28.59694117647059,4.0,Pittsburg State,2014.0,2014.0,ARI,91.0,44.0,0.10810811
2018,2,00-0031051,J.Brown,WR,BAL,CIN,0,0,0.0,0,0.0,0.0,0.0,0,0.0,0,10,4,92.0,1,15.2,19.2,,,71.0,179.0,28.59694117647059,4.0,Pittsburg State,2014.0,2014.0,ARI,91.0,,0.18867925
2018,3,00-0031051,J.Brown,WR,BAL,DEN,0,0,0.0,0,0.0,0.0,0.0,0,0.0,0,9,5,86.0,0,8.6,13.6,,,71.0,179.0,28.59694117647059,4.0,Pittsburg State,2014.0,2014.0,ARI,91.0,13.0,0.23684211
2018,4,00-0031051,J.Brown,WR,BAL,PIT,0,0,0.0,0,0.0,0.0,0.0,1,3.0,0,7,3,116.0,1,17.9,20.9,,,71.0,179.0,28.59694117647059,4.0,Pittsburg State,2014.0,2014.0,ARI,91.0,,0.175
2018,5,00-0031051,J.Brown,WR,BAL,CLE,0,0,0.0,0,0.0,0.0,0.0,0,0.0,0,14,4,58.0,0,5.8,9.8,,,71.0,179.0,28.59694117647059,4.0,Pittsburg State,2014.0,2014.0,ARI,91.0,,0.24561404
2018,6,00-0031051,J.Brown,WR,BAL,TEN,0,0,0.0,0,0.0,0.0,0.0,0,0.0,0,3,2,28.0,0,2.8,4.8,,,71.0,179.0,28.59694117647059,4.0,Pittsburg State,2014.0,2014.0,ARI,91.0,,0.08108108
2018,7,00-0031051,J.Brown,WR,BAL,NO,0,0,0.0,0,0.0,0.0,0.0,0,0.0,0,7,7,134.0,1,19.4,26.4,,,71.0,179.0,28.59694117647059,4.0,Pittsburg State,2014.0,2014.0,ARI,91.0,-1.0,0.1891892
2018,8,00-0031051,J.Brown,WR,BAL,CAR,0,0,0.0,0,0.0,0.0,0.0,0,0.0,0,7,3,28.0,0,2.8,5.8,,,71.0,179.0,28.59694117647059,4.0,Pittsburg State,2014.0,2014.0,ARI,91.0,,0.1590909
2018,9,00-0031051,J.Brown,WR,BAL,PIT,0,0,0.0,0,0.0,0.0,0.0,0,0.0,0,6,3,15.0,0,1.5,4.5,,,71.0,179.0,28.59694117647059,4.0,Pittsburg State,2014.0,2014.0,ARI,91.0,-7.0,0.16216215
2018,11,00-0031051,J.Brown,WR,BAL,CIN,0,0,0.0,0,0.0,0.0,0.0,1,0.0,0,1,1,23.0,0,2.3,3.3,,,71.0,179.0,28.59694117647059,4.0,Pittsburg State,2014.0,2014.0,ARI,91.0,3.0,0.055555556
2018,12,00-0031051,J.Brown,WR,BAL,LV,0,0,0.0,0,0.0,0.0,0.0,0,0.0,0,7,1,25.0,0,2.5,3.5,,,71.0,179.0,28.59694117647059,4.0,Pittsburg State,2014.0,2014.0,ARI,91.0,17.0,0.29166666
2018,13,00-0031051,J.Brown,WR,BAL,ATL,0,0,0.0,0,0.0,0.0,0.0,0,0.0,0,4,0,0.0,0,0.0,0.0,,,71.0,179.0,28.59694117647059,4.0,Pittsburg State,2014.0,2014.0,ARI,91.0,,0.16
2018,14,00-0031051,J.Brown,WR,BAL,KC,0,0,0.0,0,0.0,0.0,0.0,0,0.0,0,6,2,23.0,1,8.3,10.3,,,71.0,179.0,28.59694117647059,4.0,Pittsburg State,2014.0,2014.0,ARI,91.0,,0.23076923
2018,15,00-0031051,J.Brown,WR,BAL,TB,0,0,0.0,0,0.0,0.0,0.0,0,0.0,0,3,1,9.0,0,0.9,1.9,,,71.0,179.0,28.59694117647059,4.0,Pittsburg State,2014.0,2014.0,ARI,91.0,8.0,0.14285715
2018,16,00-0031051,J.Brown,WR,BAL,LAC,0,0,0.0,0,0.0,0.0,0.0,0,0.0,0,6,2,27.0,0,2.7,4.7,,,71.0,179.0,28.59694117647059,4.0,Pittsburg State,2014.0,2014.0,ARI,91.0,,0.27272728
2018,17,00-0031051,J.Brown,WR,BAL,CLE,0,0,0.0,0,0.0,0.0,0.0,0,0.0,0,3,1,7.0,0,0.7,1.7,,,71.0,179.0,28.59694117647059,4.0,Pittsburg State,2014.0,2014.0,ARI,91.0,2.0,0.13043478
2018,18,00-0031051,J.Brown,WR,BAL,LAC,0,0,0.0,0,0.0,0.0,0.0,0,0.0,0,3,2,14.0,0,1.4,3.4,,,71.0,179.0,28.59694117647059,4.0,Pittsburg State,2014.0,2014.0,ARI,91.0,-6.0,0.115384616
2018,1,00-0031060,D.Thomas,WR,KC,LAC,0,0,0.0,0,0.0,0.0,0.0,0,0.0,0,2,1,1.0,1,6.1,7.1,,,68.0,176.0,25.84788888888889,4.0,Oregon,2014.0,2014.0,KC,124.0,,0.08
2018,4,00-0031060,D.Thomas,WR,KC,DEN,0,0,0.0,0,0.0,0.0,0.0,1,6.0,0,2,1,15.0,0,2.1,3.1,,,68.0,176.0,25.84788888888889,4.0,Oregon,2014.0,2014.0,KC,124.0,,0.045454547
2018,5,00-0031060,D.Thomas,WR,KC,JAX,0,0,0.0,0,0.0,0.0,0.0,0,0.0,0,1,1,13.0,0,1.3,2.3,,,68.0,176.0,25.84788888888889,4.0,Oregon,2014.0,2014.0,KC,124.0,16.0,0.027777778
2018,1,00-0031062,J.White,RB,NE,HOU,0,0,0.0,0,0.0,0.0,0.0,5,18.0,0,9,4,38.0,1,11.6,15.6,,,70.0,205.0,26.783578947368422,4.0,Wisconsin,2014.0,2014.0,NE,130.0,7.0,0.23076923
2018,2,00-0031062,J.White,RB,NE,JAX,0,0,0.0,0,0.0,0.0,0.0,4,11.0,0,8,7,73.0,0,8.4,15.4,,,70.0,205.0,26.783578947368422,4.0,Wisconsin,2014.0,2014.0,NE,130.0,,0.22857143
2018,3,00-0031062,J.White,RB,NE,DET,0,0,0.0,0,0.0,0.0,0.0,4,37.0,0,3,3,14.0,1,11.1,14.1,,,70.0,205.0,26.783578947368422,4.0,Wisconsin,2014.0,2014.0,NE,130.0,,0.125
2018,4,00-0031062,J.White,RB,NE,MIA,0,0,0.0,0,0.0,0.0,0.0,8,44.0,1,10,8,68.0,1,23.2,31.2,,,70.0,205.0,26.783578947368422,4.0,Wisconsin,2014.0,2014.0,NE,130.0,31.0,0.2857143
2018,5,00-0031062,J.White,RB,NE,IND,0,0,0.0,0,0.0,0.0,0.0,2,0.0,0,14,10,77.0,1,13.7,23.7,,,70.0,205.0,26.783578947368422,4.0,Wisconsin,2014.0,2014.0,NE,130.0,14.0,0.3181818
2018,6,00-0031062,J.White,RB,NE,KC,0,0,0.0,0,0.0,0.0,0.0,6,39.0,0,7,5,53.0,0,9.2,14.2,,,70.0,205.0,26.783578947368422,4.0,Wisconsin,2014.0,2014.0,NE,130.0,3.0,0.2
2018,7,00-0031062,J.White,RB,NE,CHI,0,0,0.0,0,0.0,0.0,0.0,11,40.0,0,10,8,57.0,2,21.7,29.7,,,70.0,205.0,26.783578947368422,4.0,Wisconsin,2014.0,2014.0,NE,130.0,,0.2857143
2018,8,00-0031062,J.White,RB,NE,BUF,0,0,0.0,0,0.0,0.0,0.0,8,15.0,1,13,10,79.0,0,15.4,25.4,,,70.0,205.0,26.783578947368422,4.0,Wisconsin,2014.0,2014.0,NE,130.0,,0.31707317
2018,9,00-0031062,J.White,RB,NE,GB,0,0,0.0,0,0.0,0.0,0.0,12,31.0,2,7,6,72.0,0,22.3,28.3,,,70.0,205.0,26.783578947368422,4.0,Wisconsin,2014.0,2014.0,NE,130.0,14.0,0.2
2018,10,00-0031062,J.White,RB,NE,TEN,0,0,0.0,0,0.0,0.0,0.0,1,-5.0,0,8,5,31.0,0,2.6,7.6,,,70.0,205.0,26.783578947368422,4.0,Wisconsin,2014.0,2014.0,NE,130.0,,0.2
2018,12,00-0031062,J.White,RB,NE,NYJ,0,0,0.0,0,0.0,0.0,0.0,9,73.0,0,5,1,5.0,0,7.8,8.8,,,70.0,205.0,26.783578947368422,4.0,Wisconsin,2014.0,2014.0,NE,130.0,,0.16666667
2018,13,00-0031062,J.White,RB,NE,MIN,0,0,0.0,0,0.0,0.0,0.0,6,26.0,0,9,7,92.0,0,11.8,18.8,,,70.0,205.0,26.783578947368422,4.0,Wisconsin,2014.0,2014.0,NE,130.0,14.0,0.28125
2018,14,00-0031062,J.White,RB,NE,MIA,0,0,0.0,0,0.0,0.0,0.0,4,13.0,0,4,2,15.0,0,2.8,4.8,,,70.0,205.0,26.783578947368422,4.0,Wisconsin,2014.0,2014.0,NE,130.0,,0.102564104
2018,15,00-0031062,J.White,RB,NE,PIT,0,0,0.0,0,0.0,0.0,0.0,2,12.0,0,7,5,25.0,0,3.7,8.7,,,70.0,205.0,26.783578947368422,4.0,Wisconsin,2014.0,2014.0,NE,130.0,,0.19444445
2018,16,00-0031062,J.White,RB,NE,BUF,0,0,0.0,0,0.0,0.0,0.0,8,41.0,1,4,2,13.0,0,11.4,13.4,,,70.0,205.0,26.783578947368422,4.0,Wisconsin,2014.0,2014.0,NE,130.0,12.0,0.16666667
2018,17,00-0031062,J.White,RB,NE,NYJ,0,0,0.0,0,0.0,0.0,0.0,4,30.0,0,5,4,39.0,1,12.9,16.9,,,70.0,205.0,26.783578947368422,4.0,Wisconsin,2014.0,2014.0,NE,130.0,35.0,0.15625
2018,19,00-0031062,J.White,RB,NE,LAC,0,0,0.0,0,0.0,0.0,0.0,0,0.0,0,17,15,97.0,0,9.7,24.7,,,70.0,205.0,26.783578947368422,4.0,Wisconsin,2014.0,2014.0,NE,130.0,13.0,0.38636363
2018,20,00-0031062,J.White,RB,NE,KC,0,0,0.0,0,0.0,0.0,0.0,6,23.0,0,6,4,49.0,0,7.2,11.2,,,70.0,205.0,26.783578947368422,4.0,Wisconsin,2014.0,2014.0,NE,130.0,,0.13043478
2018,21,00-0031062,J.White,RB,NE,LA,0,0,0.0,0,0.0,0.0,0.0,2,4.0,0,4,1,5.0,0,0.9,1.9,,,70.0,205.0,26.783578947368422,4.0,Wisconsin,2014.0,2014.0,NE,130.0,,0.114285715
2018,1,00-0031068,R.Grant,WR,IND,CIN,0,0,0.0,0,0.0,0.0,0.0,0,0.0,0,9,8,59.0,0,5.9,13.9,,,72.0,204.0,27.896277777777776,4.0,Tulane,2014.0,2014.0,WAS,142.0,-11.0,0.17307693
2018,2,00-0031068,R.Grant,WR,IND,WAS,0,0,0.0,0,0.0,0.0,0.0,0,0.0,0,2,2,30.0,0,3.0,5.0,,,72.0,204.0,27.896277777777776,4.0,Tulane,2014.0,2014.0,WAS,142.0,,0.06451613
2018,3,00-0031068,R.Grant,WR,IND,PHI,0,0,0.0,0,0.0,0.0,0.0,0,0.0,0,5,3,35.0,1,9.5,12.5,,,72.0,204.0,27.896277777777776,4.0,Tulane,2014.0,2014.0,WAS,142.0,,0.12195122
2018,4,00-0031068,R.Grant,WR,IND,HOU,0,0,0.0,0,0.0,0.0,0.0,0,0.0,0,7,5,64.0,0,6.4,11.4,,,72.0,204.0,27.896277777777776,4.0,Tulane,2014.0,2014.0,WAS,142.0,-3.0,0.114754096
2018,5,00-0031068,R.Grant,WR,IND,NE,0,0,0.0,0,0.0,0.0,0.0,0,0.0,0,9,6,58.0,0,5.8,11.8,,,72.0,204.0,27.896277777777776,4.0,Tulane,2014.0,2014.0,WAS,142.0,,0.15254237
2018,6,00-0031068,R.Grant,WR,IND,NYJ,0,0,0.0,0,0.0,0.0,0.0,0,0.0,0,5,2,24.0,0,2.4,4.4,,,72.0,204.0,27.896277777777776,4.0,Tulane,2014.0,2014.0,WAS,142.0,,0.11904762
2018,10,00-0031068,R.Grant,WR,IND,JAX,0,0,0.0,0,0.0,0.0,0.0,0,0.0,0,1,1,6.0,0,0.6,1.6,,,72.0,204.0,27.896277777777776,4.0,Tulane,2014.0,2014.0,WAS,142.0,3.0,0.03448276
2018,11,00-0031068,R.Grant,WR,IND,TEN,0,0,0.0,0,0.0,0.0,0.0,0,0.0,0,3,2,15.0,0,1.5,3.5,,,72.0,204.0,27.896277777777776,4.0,Tulane,2014.0,2014.0,WAS,142.0,28.0,0.09375
2018,12,00-0031068,R.Grant,WR,IND,MIA,0,0,0.0,0,0.0,0.0,0.0,0,0.0,0,1,1,3.0,0,0.3,1.3,,,72.0,204.0,27.896277777777776,4.0,Tulane,2014.0,2014.0,WAS,142.0,3.0,0.02631579
2018,13,00-0031068,R.Grant,WR,IND,JAX,0,0,0.0,0,0.0,0.0,0.0,0,0.0,0,2,0,0.0,0,0.0,0.0,,,72.0,204.0,27.896277777777776,4.0,Tulane,2014.0,2014.0,WAS,142.0,,0.04
2018,14,00-0031068,R.Grant,WR,IND,HOU,0,0,0.0,0,0.0,0.0,0.0,0,0.0,0,1,1,15.0,0,1.5,2.5,,,72.0,204.0,27.896277777777776,4.0,Tulane,2014.0,2014.0,WAS,142.0,,0.025
2018,15,00-0031068,R.Grant,WR,IND,DAL,0,0,0.0,0,0.0,0.0,0.0,0,0.0,0,2,2,16.0,0,1.6,3.6,,,72.0,204.0,27.896277777777776,4.0,Tulane,2014.0,2014.0,WAS,142.0,23.0,0.07692308
2018,16,00-0031068,R.Grant,WR,IND,NYG,0,0,0.0,0,0.0,0.0,0.0,0,0.0,0,3,1,5.0,0,0.5,1.5,,,72.0,204.0,27.896277777777776,4.0,Tulane,2014.0,2014.0,WAS,142.0,1.0,0.06818182
2018,17,00-0031068,R.Grant,WR,IND,TEN,0,0,0.0,0,0.0,0.0,0.0,0,0.0,0,2,1,4.0,0,0.4,1.4,,,72.0,204.0,27.896277777777776,4.0,Tulane,2014.0,2014.0,WAS,142.0,,0.057142857
2018,1,00-0031075,A.Blue,RB,HOU,NE,0,0,0.0,0,0.0,0.0,0.0,5,36.0,1,0,0,0.0,0,9.6,9.6,,,74.0,225.0,27.53194117647059,4.0,LSU,2014.0,2014.0,HOU,181.0,,
2018,2,00-0031075,A.Blue,RB,HOU,TEN,0,0,0.0,0,0.0,0.0,0.0,7,36.0,0,0,0,0.0,0,3.6,3.6,,,74.0,225.0,27.53194117647059,4.0,LSU,2014.0,2014.0,HOU,181.0,,
2018,3,00-0031075,A.Blue,RB,HOU,NYG,0,0,0.0,0,0.0,0.0,0.0,4,13.0,0,1,1,4.0,0,1.7,2.7,,,74.0,225.0,27.53194117647059,4.0,LSU,2014.0,2014.0,HOU,181.0,-5.0,0.02631579
2018,4,00-0031075,A.Blue,RB,HOU,IND,0,0,0.0,0,0.0,0.0,0.0,13,31.0,0,3,0,0.0,0,3.1,3.1,,,74.0,225.0,27.53194117647059,4.0,LSU,2014.0,2014.0,HOU,181.0,,0.075
2018,5,00-0031075,A.Blue,RB,HOU,DAL,0,0,0.0,0,0.0,0.0,0.0,20,46.0,0,8,8,73.0,0,11.9,19.9,,,74.0,225.0,27.53194117647059,4.0,LSU,2014.0,2014.0,HOU,181.0,3.0,0.18604651
2018,6,00-0031075,A.Blue,RB,HOU,BUF,0,0,0.0,0,0.0,0.0,0.0,7,26.0,0,3,2,17.0,0,4.3,6.3,,,74.0,225.0,27.53194117647059,4.0,LSU,2014.0,2014.0,HOU,181.0,7.0,0.115384616
2018,7,00-0031075,A.Blue,RB,HOU,JAX,0,0,0.0,0,0.0,0.0,0.0,8,28.0,0,0,0,0.0,0,2.8,2.8,,,74.0,225.0,27.53194117647059,4.0,LSU,2014.0,2014.0,HOU,181.0,,
2018,8,00-0031075,A.Blue,RB,HOU,MIA,0,0,0.0,0,0.0,0.0,0.0,15,42.0,0,0,0,0.0,0,4.2,4.2,,,74.0,225.0,27.53194117647059,4.0,LSU,2014.0,2014.0,HOU,181.0,19.0,
2018,9,00-0031075,A.Blue,RB,HOU,DEN,0,0,0.0,0,0.0,0.0,0.0,15,39.0,0,0,0,0.0,0,3.9,3.9,,,74.0,225.0,27.53194117647059,4.0,LSU,2014.0,2014.0,HOU,181.0,,
2018,11,00-0031075,A.Blue,RB,HOU,WAS,0,0,0.0,0,0.0,0.0,0.0,8,46.0,0,0,0,0.0,0,4.6,4.6,,,74.0,225.0,27.53194117647059,4.0,LSU,2014.0,2014.0,HOU,181.0,,
2018,12,00-0031075,A.Blue,RB,HOU,TEN,0,0,0.0,0,0.0,0.0,0.0,13,49.0,0,1,1,13.0,0,6.2,7.2,,,74.0,225.0,27.53194117647059,4.0,LSU,2014.0,2014.0,HOU,181.0,17.0,0.04347826
2018,13,00-0031075,A.Blue,RB,HOU,CLE,0,0,0.0,0,0.0,0.0,0.0,13,54.0,0,0,0,0.0,0,5.4,5.4,,,74.0,225.0,27.53194117647059,4.0,LSU,2014.0,2014.0,HOU,181.0,16.0,
2018,14,00-0031075,A.Blue,RB,HOU,IND,0,0,0.0,0,0.0,0.0,0.0,6,21.0,1,1,0,0.0,0,8.1,8.1,,,74.0,225.0,27.53194117647059,4.0,LSU,2014.0,2014.0,HOU,181.0,-3.0,0.02631579
2018,15,00-0031075,A.Blue,RB,HOU,NYJ,0,0,0.0,0,0.0,0.0,0.0,9,6.0,0,2,2,9.0,0,1.5,3.5,,,74.0,225.0,27.53194117647059,4.0,LSU,2014.0,2014.0,HOU,181.0,,0.07692308
2018,16,00-0031075,A.Blue,RB,HOU,PHI,0,0,0.0,0,0.0,0.0,0.0,4,14.0,0,5,4,26.0,0,4.0,8.0,,,74.0,225.0,27.53194117647059,4.0,LSU,2014.0,2014.0,HOU,181.0,,0.125
2018,17,00-0031075,A.Blue,RB,HOU,JAX,0,0,0.0,0,0.0,0.0,0.0,3,12.0,0,3,2,12.0,0,2.4,4.4,,,74.0,225.0,27.53194117647059,4.0,LSU,2014.0,2014.0,HOU,181.0,17.0,0.08571429
2018,18,00-0031075,A.Blue,RB,HOU,IND,0,0,0.0,0,0.0,0.0,0.0,2,8.0,0,2,2,11.0,0,1.9,3.9,,,74.0,225.0,27.53194117647059,4.0,LSU,2014.0,2014.0,HOU,181.0,-14.0,0.04255319
2018,3,00-0031102,K.Bibbs,RB,WAS,GB,0,0,0.0,0,0.0,0.0,0.0,2,3.0,0,0,0,0.0,0,0.3,0.3,,,70.0,203.0,25.821,4.0,Colorado State,2014.0,2014.0,,,14.0,
2018,5,00-0031102,K.Bibbs,RB,WAS,NO,0,0,0.0,0,0.0,0.0,0.0,4,9.0,1,0,0,0.0,0,6.9,6.9,,,70.0,203.0,25.821,4.0,Colorado State,2014.0,2014.0,,,,
2018,6,00-0031102,K.Bibbs,RB,WAS,CAR,0,0,0.0,0,0.0,0.0,0.0,2,11.0,0,2,1,6.0,0,1.7,2.7,,,70.0,203.0,25.821,4.0,Colorado State,2014.0,2014.0,,,6.0,0.060606062
2018,7,00-0031102,K.Bibbs,RB,WAS,DAL,0,0,0.0,0,0.0,0.0,0.0,2,13.0,0,5,4,43.0,1,11.6,15.6,,,70.0,203.0,25.821,4.0,Colorado State,2014.0,2014.0,,,3.0,0.20833333
2018,9,00-0031102,K.Bibbs,RB,WAS,ATL,0,0,0.0,0,0.0,0.0,0.0,3,20.0,1,1,1,15.0,0,9.5,10.5,,,70.0,203.0,25.821,4.0,Colorado State,2014.0,2014.0,,,-24.0,0.022222223
2018,10,00-0031102,K.Bibbs,RB,WAS,TB,0,0,0.0,0,0.0,0.0,0.0,3,28.0,0,4,2,13.0,0,4.1,6.1,,,70.0,203.0,25.821,4.0,Colorado State,2014.0,2014.0,,,,0.15384616
2018,11,00-0031102,K.Bibbs,RB,WAS,HOU,0,0,0.0,0,0.0,0.0,0.0,1,0.0,0,3,2,6.0,0,0.6,2.6,,,70.0,203.0,25.821,4.0,Colorado State,2014.0,2014.0,,,-2.0,0.083333336
2018,12,00-0031102,K.Bibbs,RB,WAS,DAL,0,0,0.0,0,0.0,0.0,0.0,3,17.0,1,3,3,19.0,0,9.6,12.6,,,70.0,203.0,25.821,4.0,Colorado State,2014.0,2014.0,,,,0.078947365
2018,17,00-0031102,K.Bibbs,RB,GB,DET,0,0,0.0,0,0.0,0.0,0.0,1,2.0,0,5,3,13.0,0,1.5,4.5,,,70.0,203.0,25.821,4.0,Colorado State,2014.0,2014.0,,,-31.0,0.1388889
2018,12,00-0031136,C.Boswell,K,PIT,DEN,1,1,2.0,1,0.0,0.0,-0.0,0,0.0,0,0,0,0.0,0,4.08,4.08,,,74.0,185.0,27.640625,4.0,Rice,2014.0,2014.0,,,,
2018,1,00-0031166,S.Roberts,WR,LV,LA,0,0,0.0,0,0.0,0.0,0.0,0,0.0,0,1,1,11.0,0,1.1,2.1,,,74.0,195.0,27.7010625,4.0,West Alabama,2014.0,2014.0,,,,0.02631579
2018,2,00-0031166,S.Roberts,WR,LV,DEN,0,0,0.0,0,0.0,0.0,0.0,0,0.0,0,3,3,43.0,1,10.3,13.3,,,74.0,195.0,27.7010625,4.0,West Alabama,2014.0,2014.0,,,,0.09375
2018,4,00-0031166,S.Roberts,WR,LV,CLE,0,0,0.0,0,0.0,0.0,0.0,0,0.0,0,3,2,12.0,0,1.2,3.2,,,74.0,195.0,27.7010625,4.0,West Alabama,2014.0,2014.0,,,,0.05357143
2018,5,00-0031166,S.Roberts,WR,LV,LAC,0,0,0.0,0,0.0,0.0,0.0,0,0.0,0,7,4,41.0,0,4.1,8.1,,,74.0,195.0,27.7010625,4.0,West Alabama,2014.0,2014.0,,,,0.22580644
2018,6,00-0031166,S.Roberts,WR,LV,SEA,0,0,0.0,0,0.0,0.0,0.0,0,0.0,0,6,5,31.0,0,3.1,8.1,,,74.0,195.0,27.7010625,4.0,West Alabama,2014.0,2014.0,,,,0.2
2018,8,00-0031166,S.Roberts,WR,LV,IND,0,0,0.0,0,0.0,0.0,0.0,0,0.0,0,4,2,42.0,1,10.2,12.2,,,74.0,195.0,27.7010625,4.0,West Alabama,2014.0,2014.0,,,,0.14285715
2018,9,00-0031166,S.Roberts,WR,LV,SF,0,0,0.0,0,0.0,0.0,0.0,0,0.0,0,2,1,8.0,0,0.8,1.8,,,74.0,195.0,27.7010625,4.0,West Alabama,2014.0,2014.0,,,,0.0952381
2018,10,00-0031166,S.Roberts,WR,LV,LAC,0,0,0.0,0,0.0,0.0,0.0,0,0.0,0,3,3,39.0,0,3.9,6.9,,,74.0,195.0,27.7010625,4.0,West Alabama,2014.0,2014.0,,,,0.08571429
2018,11,00-0031166,S.Roberts,WR,LV,ARI,0,0,0.0,0,0.0,0.0,0.0,0,0.0,0,7,4,38.0,0,3.8,7.8,,,74.0,195.0,27.7010625,4.0,West Alabama,2014.0,2014.0,,,,0.25
2018,12,00-0031166,S.Roberts,WR,LV,BAL,0,0,0.0,0,0.0,0.0,0.0,1,11.0,0,3,2,54.0,0,6.5,8.5,,,74.0,195.0,27.7010625,4.0,West Alabama,2014.0,2014.0,,,,0.09090909
2018,13,00-0031166,S.Roberts,WR,LV,KC,0,0,0.0,0,0.0,0.0,0.0,0,0.0,0,6,3,25.0,0,2.5,5.5,,,74.0,195.0,27.7010625,4.0,West Alabama,2014.0,2014.0,,,,0.16216215
2018,14,00-0031166,S.Roberts,WR,LV,PIT,0,0,0.0,0,0.0,0.0,0.0,0,0.0,0,7,5,76.0,0,7.6,12.6,,,74.0,195.0,27.7010625,4.0,West Alabama,2014.0,2014.0,,,,0.21875
2018,15,00-0031166,S.Roberts,WR,LV,CIN,0,0,0.0,0,0.0,0.0,0.0,1,-2.0,0,4,3,29.0,0,2.7,5.7,,,74.0,195.0,27.7010625,4.0,West Alabama,2014.0,2014.0,,,,0.121212125
2018,16,00-0031166,S.Roberts,WR,LV,DEN,0,0,0.0,0,0.0,0.0,0.0,0,0.0,0,3,2,14.0,0,1.4,3.4,,,74.0,195.0,27.7010625,4.0,West Alabama,2014.0,2014.0,,,,0.115384616
2018,17,00-0031166,S.Roberts,WR,LV,KC,0,0,0.0,0,0.0,0.0,0.0,1,-4.0,0,5,5,31.0,0,2.7,7.7,,,74.0,195.0,27.7010625,4.0,West Alabama,2014.0,2014.0,,,,0.15625
2018,4,00-0031167,S.Simonson,TE,NYG,NO,0,0,0.0,0,0.0,0.0,0.0,0,0.0,0,1,1,7.0,0,0.7,1.7,,,77.0,255.0,26.55975,4.0,Assumption,2014.0,2014.0,,,-15.0,0.024390243
2018,5,00-0031167,S.Simonson,TE,NYG,CAR,0,0,0.0,0,0.0,0.0,0.0,0,0.0,0,1,0,0.0,0,0.0,0.0,,,77.0,255.0,26.55975,4.0,Assumption,2014.0,2014.0,,,,0.027027028
2018,6,00-0031167,S.Simonson,TE,NYG,PHI,0,0,0.0,0,0.0,0.0,0.0,0,0.0,0,3,1,24.0,0,2.4,3.4,,,77.0,255.0,26.55975,4.0,Assumption,2014.0,2014.0,,,-21.0,0.069767445
2018,7,00-0031167,S.Simonson,TE,NYG,ATL,0,0,0.0,0,0.0,0.0,0.0,0,0.0,0,1,0,0.0,0,0.0,0.0,,,77.0,255.0,26.55975,4.0,Assumption,2014.0,2014.0,,,,0.027027028
2018,13,00-0031167,S.Simonson,TE,NYG,CHI,0,0,0.0,0,0.0,0.0,0.0,0,0.0,0,3,2,25.0,0,2.5,4.5,,,77.0,255.0,26.55975,4.0,Assumption,2014.0,2014.0,,,3.0,0.08571429
2018,16,00-0031167,S.Simonson,TE,NYG,IND,0,0,0.0,0,0.0,0.0,0.0,0,0.0,0,3,3,16.0,1,7.6,10.6,,,77.0,255.0,26.55975,4.0,Assumption,2014.0,2014.0,,,,0.09677419
2018,17,00-0031167,S.Simonson,TE,NYG,DAL,0,0,0.0,0,0.0,0.0,0.0,0,0.0,0,2,2,14.0,0,1.4,3.4,,,77.0,255.0,26.55975,4.0,Assumption,2014.0,2014.0,,,-1.0,0.051282052
2018,1,00-0031189,T.Jones,WR,DET,NYJ,0,0,0.0,0,0.0,0.0,0.0,0,0.0,0,3,1,6.0,0,0.6,1.6,,,72.0,190.0,26.2975,4.0,Notre Dame,2014.0,2014.0,DET,189.0,-31.0,0.057692308
2018,3,00-0031189,T.Jones,WR,DET,NE,0,0,0.0,0,0.0,0.0,0.0,0,0.0,0,2,1,4.0,0,0.4,1.4,,,72.0,190.0,26.2975,4.0,Notre Dame,2014.0,2014.0,DET,189.0,16.0,0.057142857
2018,7,00-0031189,T.Jones,WR,DET,MIA,0,0,0.0,0,0.0,0.0,0.0,0,0.0,0,1,1,26.0,0,2.6,3.6,,,72.0,190.0,26.2975,4.0,Notre Dame,2014.0,2014.0,DET,189.0,,0.045454547
2018,9,00-0031189,T.Jones,WR,DET,MIN,0,0,0.0,0,0.0,0.0,0.0,0,0.0,0,2,2,13.0,0,1.3,3.3,,,72.0,190.0,26.2975,4.0,Notre Dame,2014.0,2014.0,DET,189.0,,0.05882353
2018,10,00-0031189,T.Jones,WR,DET,CHI,0,0,0.0,0,0.0,0.0,0.0,0,0.0,0,2,1,12.0,0,1.2,2.2,,,72.0,190.0,26.2975,4.0,Notre Dame,2014.0,2014.0,DET,189.0,,0.04761905
2018,11,00-0031189,T.Jones,WR,DET,CAR,0,0,0.0,0,0.0,0.0,0.0,0,0.0,0,1,1,2.0,0,0.2,1.2,,,72.0,190.0,26.2975,4.0,Notre Dame,2014.0,2014.0,DET,189.0,1.0,0.028571429
2018,12,00-0031189,T.Jones,WR,DET,CHI,0,0,0.0,0,0.0,0.0,0.0,0,0.0,0,1,1,15.0,0,1.5,2.5,,,72.0,190.0,26.2975,4.0,Notre Dame,2014.0,2014.0,DET,189.0,-7.0,0.027027028
2018,13,00-0031189,T.Jones,WR,DET,LA,0,0,0.0,0,0.0,0.0,0.0,0,0.0,0,1,1,25.0,0,2.5,3.5,,,72.0,190.0,26.2975,4.0,Notre Dame,2014.0,2014.0,DET,189.0,-14.0,0.030303031
2018,14,00-0031189,T.Jones,WR,DET,ARI,0,0,0.0,0,0.0,0.0,0.0,0,0.0,0,1,0,0.0,0,0.0,0.0,,,72.0,190.0,26.2975,4.0,Notre Dame,2014.0,2014.0,DET,189.0,,0.045454547
2018,15,00-0031189,T.Jones,WR,DET,BUF,0,0,0.0,0,0.0,0.0,0.0,0,0.0,0,3,1,5.0,0,0.5,1.5,,,72.0,190.0,26.2975,4.0,Notre Dame,2014.0,2014.0,DET,189.0,,0.10714286
2018,16,00-0031189,T.Jones,WR,DET,MIN,0,0,0.0,0,0.0,0.0,0.0,0,0.0,0,6,6,42.0,0,4.2,10.2,,,72.0,190.0,26.2975,4.0,Notre Dame,2014.0,2014.0,DET,189.0,-18.0,0.14285715
2018,17,00-0031189,T.Jones,WR,DET,GB,0,0,0.0,0,0.0,0.0,0.0,0,0.0,0,4,3,40.0,2,16.0,19.0,,,72.0,190.0,26.2975,4.0,Notre Dame,2014.0,2014.0,DET,189.0,,0.121212125
2018,1,00-0031228,T.Gabriel,WR,CHI,GB,0,0,0.0,0,0.0,0.0,0.0,0,0.0,0,5,5,25.0,0,2.5,7.5,,,68.0,167.0,27.72694117647059,4.0,Abilene Christian,2014.0,2014.0,,,,0.15151516
2018,2,00-0031228,T.Gabriel,WR,CHI,SEA,0,0,0.0,0,0.0,0.0,0.0,3,17.0,0,7,4,30.0,0,4.7,8.7,,,68.0,167.0,27.72694117647059,4.0,Abilene Christian,2014.0,2014.0,,,7.0,0.20588236
2018,3,00-0031228,T.Gabriel,WR,CHI,ARI,0,0,0.0,0,0.0,0.0,0.0,0,0.0,0,10,6,34.0,0,3.4,9.4,,,68.0,167.0,27.72694117647059,4.0,Abilene Christian,2014.0,2014.0,,,,0.2857143
2018,4,00-0031228,T.Gabriel,WR,CHI,TB,0,0,0.0,0,0.0,0.0,0.0,1,10.0,0,7,7,104.0,2,23.4,30.4,,,68.0,167.0,27.72694117647059,4.0,Abilene Christian,2014.0,2014.0,,,38.0,0.26923078
2018,6,00-0031228,T.Gabriel,WR,CHI,MIA,0,0,0.0,0,0.0,0.0,0.0,1,9.0,0,5,5,110.0,0,11.9,16.9,,,68.0,167.0,27.72694117647059,4.0,Abilene Christian,2014.0,2014.0,,,,0.16666667
2018,7,00-0031228,T.Gabriel,WR,CHI,NE,0,0,0.0,0,0.0,0.0,0.0,1,0.0,0,4,3,26.0,0,2.6,5.6,,,68.0,167.0,27.72694117647059,4.0,Abilene Christian,2014.0,2014.0,,,-7.0,0.083333336
2018,8,00-0031228,T.Gabriel,WR,CHI,NYJ,0,0,0.0,0,0.0,0.0,0.0,0,0.0,0,6,4,52.0,0,5.2,9.2,,,68.0,167.0,27.72694117647059,4.0,Abilene Christian,2014.0,2014.0,,,14.0,0.20689656
2018,9,00-0031228,T.Gabriel,WR,CHI,BUF,0,0,0.0,0,0.0,0.0,0.0,0,0.0,0,5,3,45.0,0,4.5,7.5,,,68.0,167.0,27.72694117647059,4.0,Abilene Christian,2014.0,2014.0,,,,0.25
2018,10,00-0031228,T.Gabriel,WR,CHI,DET,0,0,0.0,0,0.0,0.0,0.0,0,0.0,0,3,0,0.0,0,0.0,0.0,,,68.0,167.0,27.72694117647059,4.0,Abilene Christian,2014.0,2014.0,,,12.0,0.1
2018,11,00-0031228,T.Gabriel,WR,CHI,MIN,0,0,0.0,0,0.0,0.0,0.0,2,17.0,0,9,7,52.0,0,6.9,13.9,,,68.0,167.0,27.72694117647059,4.0,Abilene Christian,2014.0,2014.0,,,5.0,0.3
2018,12,00-0031228,T.Gabriel,WR,CHI,DET,0,0,0.0,0,0.0,0.0,0.0,0,0.0,0,8,7,49.0,0,4.9,11.9,,,68.0,167.0,27.72694117647059,4.0,Abilene Christian,2014.0,2014.0,,,,0.21052632
2018,13,00-0031228,T.Gabriel,WR,CHI,NYG,0,0,0.0,0,0.0,0.0,0.0,0,0.0,0,7,3,17.0,0,-0.3,2.7,,,68.0,167.0,27.72694117647059,4.0,Abilene Christian,2014.0,2014.0,,,,0.175
2018,14,00-0031228,T.Gabriel,WR,CHI,LA,0,0,0.0,0,0.0,0.0,0.0,0,0.0,0,7,3,22.0,0,2.2,5.2,,,68.0,167.0,27.72694117647059,4.0,Abilene Christian,2014.0,2014.0,,,9.0,0.25
2018,15,00-0031228,T.Gabriel,WR,CHI,GB,0,0,0.0,0,0.0,0.0,0.0,0,0.0,0,3,3,33.0,0,3.3,6.3,,,68.0,167.0,27.72694117647059,4.0,Abilene Christian,2014.0,2014.0,,,7.0,0.10714286
2018,16,00-0031228,T.Gabriel,WR,CHI,SF,0,0,0.0,0,0.0,0.0,0.0,1,8.0,0,3,3,28.0,0,3.6,6.6,,,68.0,167.0,27.72694117647059,4.0,Abilene Christian,2014.0,2014.0,,,,0.10344828
2018,17,00-0031228,T.Gabriel,WR,CHI,MIN,0,0,0.0,0,0.0,0.0,0.0,0,0.0,0,4,4,61.0,0,6.1,10.1,,,68.0,167.0,27.72694117647059,4.0,Abilene Christian,2014.0,2014.0,,,,0.15384616
2018,18,00-0031228,T.Gabriel,WR,CHI,PHI,0,0,0.0,0,0.0,0.0,0.0,2,20.0,0,9,4,37.0,0,5.7,9.7,,,68.0,167.0,27.72694117647059,4.0,Abilene Christian,2014.0,2014.0,,,-1.0,0.2195122
2018,1,00-0031235,O.Beckham,WR,NYG,JAX,0,0,0.0,0,0.0,0.0,0.0,1,-1.0,0,15,11,111.0,0,11.0,22.0,,,71.0,198.0,25.99575,4.0,Louisiana State,2014.0,2014.0,NYG,12.0,-5.0,0.41666666
2018,2,00-0031235,O.Beckham,WR,NYG,DAL,0,0,0.0,0,0.0,0.0,0.0,0,0.0,0,9,4,51.0,0,5.1,9.1,,,71.0,198.0,25.99575,4.0,Louisiana State,2014.0,2014.0,NYG,12.0,,0.20454545
2018,3,00-0031235,O.Beckham,WR,NYG,HOU,0,0,0.0,0,0.0,0.0,0.0,1,0.0,0,10,9,109.0,0,10.9,19.9,,,71.0,198.0,25.99575,4.0,Louisiana State,2014.0,2014.0,NYG,12.0,,0.3448276
2018,4,00-0031235,O.Beckham,WR,NYG,NO,0,0,0.0,0,0.0,0.0,0.0,1,10.0,0,11,7,60.0,0,7.0,14.0,,,71.0,198.0,25.99575,4.0,Louisiana State,2014.0,2014.0,NYG,12.0,-15.0,0.2682927
2018,5,00-0031235,O.Beckham,WR,NYG,CAR,1,1,57.0,1,0.0,0.0,-0.0,0,0.0,0,14,8,131.0,1,25.38,33.38,,,71.0,198.0,25.99575,4.0,Louisiana State,2014.0,2014.0,NYG,12.0,,0.3783784
2018,6,00-0031235,O.Beckham,WR,NYG,PHI,0,0,0.0,0,0.0,0.0,0.0,0,0.0,0,10,6,44.0,0,4.4,10.4,,,71.0,198.0,25.99575,4.0,Louisiana State,2014.0,2014.0,NYG,12.0,-21.0,0.23255815
2018,7,00-0031235,O.Beckham,WR,NYG,ATL,0,0,0.0,0,0.0,0.0,0.0,1,-1.0,0,11,8,143.0,1,20.2,28.2,,,71.0,198.0,25.99575,4.0,Louisiana State,2014.0,2014.0,NYG,12.0,,0.2972973
2018,8,00-0031235,O.Beckham,WR,NYG,WAS,0,0,0.0,0,0.0,0.0,0.0,0,0.0,0,11,8,136.0,0,13.6,21.6,,,71.0,198.0,25.99575,4.0,Louisiana State,2014.0,2014.0,NYG,12.0,-7.0,0.23913044
2018,10,00-0031235,O.Beckham,WR,NYG,SF,0,0,0.0,0,0.0,0.0,0.0,0,0.0,0,11,4,73.0,2,19.3,23.3,,,71.0,198.0,25.99575,4.0,Louisiana State,2014.0,2014.0,NYG,12.0,,0.3548387
2018,11,00-0031235,O.Beckham,WR,NYG,TB,0,0,0.0,0,0.0,0.0,0.0,1,11.0,0,4,4,74.0,1,14.5,18.5,,,71.0,198.0,25.99575,4.0,Louisiana State,2014.0,2014.0,NYG,12.0,3.0,0.22222222
2018,12,00-0031235,O.Beckham,WR,NYG,PHI,0,0,0.0,0,0.0,0.0,0.0,0,0.0,0,9,5,85.0,0,8.5,13.5,,,71.0,198.0,25.99575,4.0,Louisiana State,2014.0,2014.0,NYG,12.0,,0.24324325
2018,13,00-0031235,O.Beckham,WR,NYG,CHI,1,1,49.0,1,0.0,0.0,-0.0,0,0.0,0,9,3,35.0,1,15.46,18.46,,,71.0,198.0,25.99575,4.0,Louisiana State,2014.0,2014.0,NYG,12.0,3.0,0.25714287
2018,1,00-0031236,B.Cooks,WR,LA,LV,0,0,0.0,0,0.0,0.0,0.0,1,6.0,0,8,5,87.0,0,9.3,14.3,,,70.0,189.0,25.139842105263156,4.0,Oregon State,2014.0,2014.0,NO,20.0,,0.24242425
2018,2,00-0031236,B.Cooks,WR,LA,ARI,0,0,0.0,0,0.0,0.0,0.0,0,0.0,0,9,7,159.0,0,15.9,22.9,,,70.0,189.0,25.139842105263156,4.0,Oregon State,2014.0,2014.0,NO,20.0,34.0,0.29032257
2018,3,00-0031236,B.Cooks,WR,LA,LAC,0,0,0.0,0,0.0,0.0,0.0,0,0.0,0,8,7,90.0,0,9.0,16.0,,,70.0,189.0,25.139842105263156,4.0,Oregon State,2014.0,2014.0,NO,20.0,12.0,0.22857143
2018,4,00-0031236,B.Cooks,WR,LA,MIN,0,0,0.0,0,0.0,0.0,0.0,1,10.0,0,8,7,116.0,1,18.6,25.6,,,70.0,189.0,25.139842105263156,4.0,Oregon State,2014.0,2014.0,NO,20.0,7.0,0.24242425
2018,6,00-0031236,B.Cooks,WR,LA,DEN,0,0,0.0,0,0.0,0.0,0.0,0,0.0,0,6,2,53.0,0,5.3,7.3,,,70.0,189.0,25.139842105263156,4.0,Oregon State,2014.0,2014.0,NO,20.0,,0.21428572
2018,7,00-0031236,B.Cooks,WR,LA,SF,0,0,0.0,0,0.0,0.0,0.0,1,7.0,0,5,4,64.0,1,13.1,17.1,,,70.0,189.0,25.139842105263156,4.0,Oregon State,2014.0,2014.0,NO,20.0,,0.20833333
2018,8,00-0031236,B.Cooks,WR,LA,GB,0,0,0.0,0,0.0,0.0,0.0,2,9.0,0,8,3,74.0,0,8.3,11.3,,,70.0,189.0,25.139842105263156,4.0,Oregon State,2014.0,2014.0,NO,20.0,2.0,0.25
2018,9,00-0031236,B.Cooks,WR,LA,NO,0,0,0.0,0,0.0,0.0,0.0,0,0.0,0,8,6,114.0,1,17.4,23.4,,,70.0,189.0,25.139842105263156,4.0,Oregon State,2014.0,2014.0,NO,20.0,,0.2
2018,10,00-0031236,B.Cooks,WR,LA,SEA,0,0,0.0,0,0.0,0.0,0.0,1,9.0,1,12,10,100.0,0,16.9,26.9,,,70.0,189.0,25.139842105263156,4.0,Oregon State,2014.0,2014.0,NO,20.0,5.0,0.34285715
2018,11,00-0031236,B.Cooks,WR,LA,KC,0,0,0.0,0,0.0,0.0,0.0,1,0.0,0,12,8,107.0,0,10.7,18.7,,,70.0,189.0,25.139842105263156,4.0,Oregon State,2014.0,2014.0,NO,20.0,3.0,0.26086956
2018,13,00-0031236,B.Cooks,WR,LA,DET,0,0,0.0,0,0.0,0.0,0.0,0,0.0,0,6,4,62.0,0,6.2,10.2,,,70.0,189.0,25.139842105263156,4.0,Oregon State,2014.0,2014.0,NO,20.0,,0.1875
2018,14,00-0031236,B.Cooks,WR,LA,CHI,0,0,0.0,0,0.0,0.0,0.0,0,0.0,0,8,3,22.0,0,2.2,5.2,,,70.0,189.0,25.139842105263156,4.0,Oregon State,2014.0,2014.0,NO,20.0,,0.18604651
2018,15,00-0031236,B.Cooks,WR,LA,PHI,0,0,0.0,0,0.0,0.0,0.0,0,0.0,0,7,6,59.0,0,5.9,11.9,,,70.0,189.0,25.139842105263156,4.0,Oregon State,2014.0,2014.0,NO,20.0,-7.0,0.13725491
2018,16,00-0031236,B.Cooks,WR,LA,ARI,0,0,0.0,0,0.0,0.0,0.0,3,27.0,0,3,3,35.0,0,6.2,9.2,,,70.0,189.0,25.139842105263156,4.0,Oregon State,2014.0,2014.0,NO,20.0,,0.13043478
2018,17,00-0031236,B.Cooks,WR,LA,SF,0,0,0.0,0,0.0,0.0,0.0,0,0.0,0,9,5,62.0,2,18.2,23.2,,,70.0,189.0,25.139842105263156,4.0,Oregon State,2014.0,2014.0,NO,20.0,16.0,0.33333334
2018,19,00-0031236,B.Cooks,WR,LA,DAL,0,0,0.0,0,0.0,0.0,0.0,1,5.0,0,6,4,65.0,0,7.0,11.0,,,70.0,189.0,25.139842105263156,4.0,Oregon State,2014.0,2014.0,NO,20.0,8.0,0.22222222
2018,20,00-0031236,B.Cooks,WR,LA,NO,0,0,0.0,0,0.0,0.0,0.0,0,0.0,0,8,7,107.0,0,10.7,17.7,,,70.0,189.0,25.139842105263156,4.0,Oregon State,2014.0,2014.0,NO,20.0,,0.20512821
2018,21,00-0031236,B.Cooks,WR,LA,NE,0,0,0.0,0,0.0,0.0,0.0,0,0.0,0,13,8,120.0,0,12.0,20.0,,,70.0,189.0,25.139842105263156,4.0,Oregon State,2014.0,2014.0,NO,20.0,-10.0,0.3611111
2018,5,00-0031237,T.Bridgewater,QB,NO,WAS,0,0,0.0,0,0.0,0.0,0.0,3,-3.0,0,0,0,0.0,0,-0.3,-0.3,,,74.0,215.0,26.00711111111111,4.0,Louisville,2014.0,2014.0,MIN,32.0,24.0,
2018,10,00-0031237,T.Bridgewater,QB,NO,CIN,0,1,0.0,0,0.0,0.0,-0.0,3,-3.0,0,0,0,0.0,0,-0.3,-0.3,,,74.0,215.0,26.00711111111111,4.0,Louisville,2014.0,2014.0,MIN,32.0,,
2018,11,00-0031237,T.Bridgewater,QB,NO,PHI,0,0,0.0,0,0.0,0.0,0.0,1,-1.0,0,0,0,0.0,0,-0.1,-0.1,,,74.0,215.0,26.00711111111111,4.0,Louisville,2014.0,2014.0,MIN,32.0,41.0,
2018,17,00-0031237,T.Bridgewater,QB,NO,CAR,14,22,118.0,1,1.0,2.0,8.0,4,12.0,0,0,0,0.0,0,7.92,7.92,,,74.0,215.0,26.00711111111111,4.0,Louisville,2014.0,2014.0,MIN,32.0,-19.0,
2018,1,00-0031257,P.Richardson,WR,WAS,ARI,0,0,0.0,0,0.0,0.0,0.0,0,0.0,0,6,4,22.0,0,2.2,6.2,,,72.0,180.0,26.5655625,4.0,Colorado,2014.0,2014.0,SEA,45.0,,0.20689656
2018,2,00-0031257,P.Richardson,WR,WAS,IND,0,0,0.0,0,0.0,0.0,0.0,0,0.0,0,6,4,63.0,0,6.3,10.3,,,72.0,180.0,26.5655625,4.0,Colorado,2014.0,2014.0,SEA,45.0,-12.0,0.13636364
2018,3,00-0031257,P.Richardson,WR,WAS,GB,0,0,0.0,0,0.0,0.0,0.0,0,0.0,0,2,1,46.0,1,10.6,11.6,,,72.0,180.0,26.5655625,4.0,Colorado,2014.0,2014.0,SEA,45.0,14.0,0.1
2018,5,00-0031257,P.Richardson,WR,WAS,NO,0,0,0.0,0,0.0,0.0,0.0,0,0.0,0,5,4,50.0,0,5.0,9.0,,,72.0,180.0,26.5655625,4.0,Colorado,2014.0,2014.0,SEA,45.0,,0.13513513
2018,6,00-0031257,P.Richardson,WR,WAS,CAR,0,0,0.0,0,0.0,0.0,0.0,1,2.0,0,5,3,31.0,1,9.3,12.3,,,72.0,180.0,26.5655625,4.0,Colorado,2014.0,2014.0,SEA,45.0,6.0,0.15151516
2018,8,00-0031257,P.Richardson,WR,WAS,NYG,0,0,0.0,0,0.0,0.0,0.0,1,7.0,0,5,2,34.0,0,4.1,6.1,,,72.0,180.0,26.5655625,4.0,Colorado,2014.0,2014.0,SEA,45.0,,0.16129032
2018,9,00-0031257,P.Richardson,WR,WAS,ATL,0,0,0.0,0,0.0,0.0,0.0,0,0.0,0,6,2,16.0,0,1.6,3.6,,,72.0,180.0,26.5655625,4.0,Colorado,2014.0,2014.0,SEA,45.0,-24.0,0.13333334
2018,1,00-0031260,L.Thomas,TE,BUF,BAL,0,0,0.0,0,0.0,0.0,0.0,0,0.0,0,2,1,24.0,0,2.4,3.4,,,78.0,250.0,27.343374999999998,4.0,Virginia Tech,2014.0,2014.0,ARI,120.0,,0.0625
2018,2,00-0031260,L.Thomas,TE,BUF,LAC,0,0,0.0,0,0.0,0.0,0.0,0,0.0,0,1,1,7.0,0,0.7,1.7,,,78.0,250.0,27.343374999999998,4.0,Virginia Tech,2014.0,2014.0,ARI,120.0,-11.0,0.03125
2018,6,00-0031260,L.Thomas,TE,BUF,HOU,0,0,0.0,0,0.0,0.0,0.0,0,0.0,0,1,1,0.0,0,0.0,1.0,,,78.0,250.0,27.343374999999998,4.0,Virginia Tech,2014.0,2014.0,ARI,120.0,,0.03448276
2018,9,00-0031260,L.Thomas,TE,BUF,CHI,0,0,0.0,0,0.0,0.0,0.0,0,0.0,0,8,7,40.0,0,4.0,11.0,,,78.0,250.0,27.343374999999998,4.0,Virginia Tech,2014.0,2014.0,ARI,120.0,-32.0,0.17021276
2018,10,00-0031260,L.Thomas,TE,BUF,NYJ,1,1,15.0,0,0.0,0.0,-0.0,0,0.0,0,1,1,1.0,0,0.7,1.7,,,78.0,250.0,27.343374999999998,4.0,Virginia Tech,2014.0,2014.0,ARI,120.0,,0.03846154
2018,12,00-0031260,L.Thomas,TE,BUF,JAX,0,0,0.0,0,0.0,0.0,0.0,0,0.0,0,1,0,0.0,0,0.0,0.0,,,78.0,250.0,27.343374999999998,4.0,Virginia Tech,2014.0,2014.0,ARI,120.0,3.0,0.05882353
2018,14,00-0031260,L.Thomas,TE,BUF,NYJ,0,0,0.0,0,0.0,0.0,0.0,0,0.0,0,2,1,5.0,0,0.5,1.5,,,78.0,250.0,27.343374999999998,4.0,Virginia Tech,2014.0,2014.0,ARI,120.0,-4.0,0.057142857
2018,16,00-0031260,L.Thomas,TE,BUF,NE,0,0,0.0,0,0.0,0.0,0.0,0,0.0,0,1,0,0.0,0,0.0,0.0,,,78.0,250.0,27.343374999999998,4.0,Virginia Tech,2014.0,2014.0,ARI,120.0,,0.025
2018,1,00-0031273,C.Brate,TE,TB,NO,0,0,0.0,0,0.0,0.0,0.0,0,0.0,0,2,0,0.0,0,0.0,0.0,,,77.0,235.0,27.345125,4.0,Harvard,2014.0,2014.0,,,,0.071428575
2018,3,00-0031273,C.Brate,TE,TB,PIT,0,0,0.0,0,0.0,0.0,0.0,0,0.0,0,4,3,34.0,1,9.4,12.4,,,77.0,235.0,27.345125,4.0,Harvard,2014.0,2014.0,,,-3.0,0.08
2018,4,00-0031273,C.Brate,TE,TB,CHI,0,0,0.0,0,0.0,0.0,0.0,0,0.0,0,4,3,29.0,1,8.9,11.9,,,77.0,235.0,27.345125,4.0,Harvard,2014.0,2014.0,,,,0.10526316
2018,6,00-0031273,C.Brate,TE,TB,ATL,0,0,0.0,0,0.0,0.0,0.0,0,0.0,0,1,1,15.0,1,7.5,8.5,,,77.0,235.0,27.345125,4.0,Harvard,2014.0,2014.0,,,,0.025
2018,7,00-0031273,C.Brate,TE,TB,CLE,0,0,0.0,0,0.0,0.0,0.0,0,0.0,0,4,3,23.0,0,0.3,3.3,,,77.0,235.0,27.345125,4.0,Harvard,2014.0,2014.0,,,3.0,0.07692308
2018,8,00-0031273,C.Brate,TE,TB,CIN,0,0,0.0,0,0.0,0.0,0.0,0,0.0,0,2,1,13.0,0,1.3,2.3,,,77.0,235.0,27.345125,4.0,Harvard,2014.0,2014.0,,,,0.04
2018,9,00-0031273,C.Brate,TE,TB,CAR,0,0,0.0,0,0.0,0.0,0.0,0,0.0,0,3,3,15.0,0,1.5,4.5,,,77.0,235.0,27.345125,4.0,Harvard,2014.0,2014.0,,,,0.07317073
2018,10,00-0031273,C.Brate,TE,TB,WAS,0,0,0.0,0,0.0,0.0,0.0,0,0.0,0,3,1,14.0,0,1.4,2.4,,,77.0,235.0,27.345125,4.0,Harvard,2014.0,2014.0,,,-13.0,0.07317073
2018,11,00-0031273,C.Brate,TE,TB,NYG,0,0,0.0,0,0.0,0.0,0.0,0,0.0,0,3,2,16.0,0,1.6,3.6,,,77.0,235.0,27.345125,4.0,Harvard,2014.0,2014.0,,,,0.083333336
2018,12,00-0031273,C.Brate,TE,TB,SF,0,0,0.0,0,0.0,0.0,0.0,0,0.0,0,4,3,26.0,1,8.6,11.6,,,77.0,235.0,27.345125,4.0,Harvard,2014.0,2014.0,,,18.0,0.10526316
2018,13,00-0031273,C.Brate,TE,TB,CAR,0,0,0.0,0,0.0,0.0,0.0,0,0.0,0,6,3,36.0,0,3.6,6.6,,,77.0,235.0,27.345125,4.0,Harvard,2014.0,2014.0,,,7.0,0.2
2018,14,00-0031273,C.Brate,TE,TB,NO,0,0,0.0,0,0.0,0.0,0.0,0,0.0,0,4,2,12.0,2,13.2,15.2,,,77.0,235.0,27.345125,4.0,Harvard,2014.0,2014.0,,,-14.0,0.10810811
2018,15,00-0031273,C.Brate,TE,TB,BAL,0,0,0.0,0,0.0,0.0,0.0,0,0.0,0,2,1,9.0,0,0.9,1.9,,,77.0,235.0,27.345125,4.0,Harvard,2014.0,2014.0,,,,0.08
2018,16,00-0031273,C.Brate,TE,TB,DAL,0,0,0.0,0,0.0,0.0,0.0,0,0.0,0,3,2,8.0,0,0.8,2.8,,,77.0,235.0,27.345125,4.0,Harvard,2014.0,2014.0,,,,0.0625
2018,17,00-0031273,C.Brate,TE,TB,ATL,0,0,0.0,0,0.0,0.0,0.0,0,0.0,0,4,2,39.0,0,3.9,5.9,,,77.0,235.0,27.345125,4.0,Harvard,2014.0,2014.0,,,-2.0,0.125
2018,1,00-0031280,D.Carr,QB,LV,LA,29,40,303.0,0,3.0,1.0,3.0,2,1.0,0,0,0,0.0,0,6.22,6.22,,,75.0,214.0,27.6080625,4.0,Fresno State,2014.0,2014.0,OAK,36.0,,
2018,2,00-0031280,D.Carr,QB,LV,DEN,29,32,288.0,1,0.0,1.0,7.0,0,0.0,0,0,0,0.0,0,15.52,15.52,,,75.0,214.0,27.6080625,4.0,Fresno State,2014.0,2014.0,OAK,36.0,,
2018,3,00-0031280,D.Carr,QB,LV,MIA,27,39,345.0,1,2.0,3.0,20.0,2,-2.0,0,0,0,0.0,0,13.6,13.6,,,75.0,214.0,27.6080625,4.0,Fresno State,2014.0,2014.0,OAK,36.0,,
2018,4,00-0031280,D.Carr,QB,LV,CLE,35,58,437.0,4,2.0,3.0,11.0,2,1.0,0,0,0,0.0,0,31.58,31.58,,,75.0,214.0,27.6080625,4.0,Fresno State,2014.0,2014.0,OAK,36.0,,
2018,5,00-0031280,D.Carr,QB,LV,LAC,24,33,268.0,1,1.0,3.0,20.0,1,5.0,0,0,0,0.0,0,13.22,13.22,,,75.0,214.0,27.6080625,4.0,Fresno State,2014.0,2014.0,OAK,36.0,,
2018,6,00-0031280,D.Carr,QB,LV,SEA,23,31,142.0,0,0.0,6.0,36.0,4,31.0,0,0,0,0.0,0,4.78,4.78,,,75.0,214.0,27.6080625,4.0,Fresno State,2014.0,2014.0,OAK,36.0,,
2018,8,00-0031280,D.Carr,QB,LV,IND,21,28,244.0,3,0.0,0.0,-0.0,2,0.0,1,0,0,0.0,0,27.76,27.76,,,75.0,214.0,27.6080625,4.0,Fresno State,2014.0,2014.0,OAK,36.0,,
2018,9,00-0031280,D.Carr,QB,LV,SF,16,21,171.0,0,0.0,7.0,32.0,3,5.0,0,0,0,0.0,0,7.34,7.34,,,75.0,214.0,27.6080625,4.0,Fresno State,2014.0,2014.0,OAK,36.0,,
2018,10,00-0031280,D.Carr,QB,LV,LAC,24,37,243.0,0,0.0,4.0,40.0,2,2.0,0,0,0,0.0,0,7.92,7.92,,,75.0,214.0,27.6080625,4.0,Fresno State,2014.0,2014.0,OAK,36.0,,
2018,11,00-0031280,D.Carr,QB,LV,ARI,19,31,192.0,2,0.0,4.0,19.0,0,0.0,0,0,0,0.0,0,15.68,15.68,,,75.0,214.0,27.6080625,4.0,Fresno State,2014.0,2014.0,OAK,36.0,,
2018,12,00-0031280,D.Carr,QB,LV,BAL,16,34,194.0,1,0.0,3.0,12.0,0,0.0,0,0,0,0.0,0,9.76,9.76,,,75.0,214.0,27.6080625,4.0,Fresno State,2014.0,2014.0,OAK,36.0,,
2018,13,00-0031280,D.Carr,QB,LV,KC,29,38,285.0,3,0.0,3.0,14.0,1,8.0,0,0,0,0.0,0,24.2,24.2,,,75.0,214.0,27.6080625,4.0,Fresno State,2014.0,2014.0,OAK,36.0,,
2018,14,00-0031280,D.Carr,QB,LV,PIT,25,34,322.0,2,0.0,4.0,23.0,1,-1.0,0,0,0,0.0,0,18.78,18.78,,,75.0,214.0,27.6080625,4.0,Fresno State,2014.0,2014.0,OAK,36.0,,
2018,15,00-0031280,D.Carr,QB,LV,CIN,21,38,263.0,1,0.0,5.0,34.0,0,0.0,0,1,1,-9.0,0,11.62,12.62,,,75.0,214.0,27.6080625,4.0,Fresno State,2014.0,2014.0,OAK,36.0,,0.030303031
2018,16,00-0031280,D.Carr,QB,LV,DEN,19,26,167.0,0,0.0,1.0,8.0,4,-3.0,0,0,0,0.0,0,6.38,6.38,,,75.0,214.0,27.6080625,4.0,Fresno State,2014.0,2014.0,OAK,36.0,,
2018,17,00-0031280,D.Carr,QB,LV,KC,24,33,185.0,0,2.0,3.0,20.0,0,0.0,0,0,0,0.0,0,1.4,1.4,,,75.0,214.0,27.6080625,4.0,Fresno State,2014.0,2014.0,OAK,36.0,,
2018,1,00-0031285,D.Freeman,RB,ATL,PHI,0,0,0.0,0,0.0,0.0,0.0,6,36.0,0,5,3,14.0,0,5.0,8.0,,,68.0,206.0,26.639625,4.0,Florida State,2014.0,2014.0,ATL,103.0,,0.12820514
2018,5,00-0031285,D.Freeman,RB,ATL,PIT,0,0,0.0,0,0.0,0.0,0.0,8,32.0,0,2,2,9.0,0,4.1,6.1,,,68.0,206.0,26.639625,4.0,Florida State,2014.0,2014.0,ATL,103.0,,0.044444446
2018,9,00-0031288,A.McCarron,QB,LV,SF,1,3,8.0,0,0.0,1.0,7.0,1,0.0,0,0,0,0.0,0,0.32,0.32,,,75.0,220.0,28.144625,4.0,Alabama,2014.0,2014.0,CIN,164.0,,
2018,12,00-0031288,A.McCarron,QB,LV,BAL,0,0,0.0,0,0.0,0.0,0.0,2,-2.0,0,0,0,0.0,0,-0.2,-0.2,,,75.0,220.0,28.144625,4.0,Alabama,2014.0,2014.0,CIN,164.0,,
2018,3,00-0031299,J.Matthews,TE,PHI,IND,0,0,0.0,0,0.0,0.0,0.0,0,0.0,0,2,2,21.0,0,2.1,4.1,,,75.0,212.0,26.3225,4.0,Vanderbilt,2014.0,2014.0,PHI,42.0,4.0,0.054054055
2018,4,00-0031299,J.Matthews,TE,PHI,TEN,0,0,0.0,0,0.0,0.0,0.0,0,0.0,0,3,1,56.0,1,11.6,12.6,,,75.0,212.0,26.3225,4.0,Vanderbilt,2014.0,2014.0,PHI,42.0,,0.06
2018,5,00-0031299,J.Matthews,TE,PHI,MIN,0,0,0.0,0,0.0,0.0,0.0,0,0.0,0,1,1,4.0,0,0.4,1.4,,,75.0,212.0,26.3225,4.0,Vanderbilt,2014.0,2014.0,PHI,42.0,-2.0,0.03125
2018,6,00-0031299,J.Matthews,TE,PHI,NYG,0,0,0.0,0,0.0,0.0,0.0,0,0.0,0,3,2,26.0,0,2.6,4.6,,,75.0,212.0,26.3225,4.0,Vanderbilt,2014.0,2014.0,PHI,42.0,,0.083333336
2018,8,00-0031299,J.Matthews,TE,PHI,JAX,0,0,0.0,0,0.0,0.0,0.0,0,0.0,0,5,4,93.0,0,9.3,13.3,,,75.0,212.0,26.3225,4.0,Vanderbilt,2014.0,2014.0,PHI,42.0,,0.16666667
2018,10,00-0031299,J.Matthews,TE,PHI,DAL,0,0,0.0,0,0.0,0.0,0.0,0,0.0,0,3,3,40.0,0,4.0,7.0,,,75.0,212.0,26.3225,4.0,Vanderbilt,2014.0,2014.0,PHI,42.0,-7.0,0.069767445
2018,11,00-0031299,J.Matthews,TE,PHI,NO,0,0,0.0,0,0.0,0.0,0.0,0,0.0,0,4,3,37.0,0,3.7,6.7,,,75.0,212.0,26.3225,4.0,Vanderbilt,2014.0,2014.0,PHI,42.0,,0.121212125
2018,12,00-0031299,J.Matthews,TE,PHI,NYG,0,0,0.0,0,0.0,0.0,0.0,0,0.0,0,1,0,0.0,0,0.0,0.0,,,75.0,212.0,26.3225,4.0,Vanderbilt,2014.0,2014.0,PHI,42.0,3.0,0.035714287
2018,13,00-0031299,J.Matthews,TE,PHI,WAS,0,0,0.0,0,0.0,0.0,0.0,0,0.0,0,2,1,4.0,1,6.4,7.4,,,75.0,212.0,26.3225,4.0,Vanderbilt,2014.0,2014.0,PHI,42.0,15.0,0.05263158
2018,14,00-0031299,J.Matthews,TE,PHI,DAL,0,0,0.0,0,0.0,0.0,0.0,0,0.0,0,1,1,6.0,0,0.6,1.6,,,75.0,212.0,26.3225,4.0,Vanderbilt,2014.0,2014.0,PHI,42.0,,0.03125
2018,16,00-0031299,J.Matthews,TE,PHI,HOU,0,0,0.0,0,0.0,0.0,0.0,0,0.0,0,3,2,13.0,0,1.3,3.3,,,75.0,212.0,26.3225,4.0,Vanderbilt,2014.0,2014.0,PHI,42.0,2.0,0.06122449
2018,19,00-0031299,J.Matthews,TE,PHI,NO,0,0,0.0,0,0.0,0.0,0.0,0,0.0,0,2,1,37.0,1,9.7,10.7,,,75.0,212.0,26.3225,4.0,Vanderbilt,2014.0,2014.0,PHI,42.0,,0.06451613
2018,1,00-0031301,J.Hill,RB,NE,HOU,0,0,0.0,0,0.0,0.0,0.0,4,25.0,0,1,1,6.0,0,3.1,4.1,,,73.0,230.0,26.071736842105263,4.0,LSU,2014.0,2014.0,CIN,55.0,7.0,0.025641026
2018,1,00-0031325,S.Watkins,WR,KC,LAC,0,0,0.0,0,0.0,0.0,0.0,0,0.0,0,5,3,21.0,0,2.1,5.1,,,73.0,211.0,25.409777777777776,4.0,Clemson,2014.0,2014.0,BUF,4.0,,0.2
2018,2,00-0031325,S.Watkins,WR,KC,PIT,0,0,0.0,0,0.0,0.0,0.0,1,31.0,0,7,6,100.0,0,13.1,19.1,,,73.0,211.0,25.409777777777776,4.0,Clemson,2014.0,2014.0,BUF,4.0,,0.25
2018,3,00-0031325,S.Watkins,WR,KC,SF,0,0,0.0,0,0.0,0.0,0.0,2,20.0,0,8,5,55.0,1,13.5,18.5,,,73.0,211.0,25.409777777777776,4.0,Clemson,2014.0,2014.0,BUF,4.0,11.0,0.21052632
2018,4,00-0031325,S.Watkins,WR,KC,DEN,0,0,0.0,0,0.0,0.0,0.0,0,0.0,0,1,0,0.0,0,0.0,0.0,,,73.0,211.0,25.409777777777776,4.0,Clemson,2014.0,2014.0,BUF,4.0,,0.022727273
2018,5,00-0031325,S.Watkins,WR,KC,JAX,0,0,0.0,0,0.0,0.0,0.0,0,0.0,0,8,6,78.0,0,7.8,13.8,,,73.0,211.0,25.409777777777776,4.0,Clemson,2014.0,2014.0,BUF,4.0,16.0,0.22222222
2018,6,00-0031325,S.Watkins,WR,KC,NE,0,0,0.0,0,0.0,0.0,0.0,1,-1.0,0,4,2,18.0,0,1.7,3.7,,,73.0,211.0,25.409777777777776,4.0,Clemson,2014.0,2014.0,BUF,4.0,,0.11111111
2018,7,00-0031325,S.Watkins,WR,KC,CIN,0,0,0.0,0,0.0,0.0,0.0,0,0.0,0,7,4,74.0,0,7.4,11.4,,,73.0,211.0,25.409777777777776,4.0,Clemson,2014.0,2014.0,BUF,4.0,35.0,0.19444445
2018,8,00-0031325,S.Watkins,WR,KC,DEN,0,0,0.0,0,0.0,0.0,0.0,0,0.0,0,9,8,107.0,2,22.7,30.7,,,73.0,211.0,25.409777777777776,4.0,Clemson,2014.0,2014.0,BUF,4.0,7.0,0.29032257
2018,9,00-0031325,S.Watkins,WR,KC,CLE,0,0,0.0,0,0.0,0.0,0.0,1,2.0,0,5,5,62.0,0,6.4,11.4,,,73.0,211.0,25.409777777777776,4.0,Clemson,2014.0,2014.0,BUF,4.0,,0.16129032
2018,11,00-0031325,S.Watkins,WR,KC,LA,0,0,0.0,0,0.0,0.0,0.0,0,0.0,0,1,1,4.0,0,0.4,1.4,,,73.0,211.0,25.409777777777776,4.0,Clemson,2014.0,2014.0,BUF,4.0,,0.02173913
2018,19,00-0031325,S.Watkins,WR,KC,IND,0,0,0.0,0,0.0,0.0,0.0,1,-2.0,0,8,6,62.0,0,4.0,10.0,,,73.0,211.0,25.409777777777776,4.0,Clemson,2014.0,2014.0,BUF,4.0,18.0,0.19512194
2018,20,00-0031325,S.Watkins,WR,KC,NE,0,0,0.0,0,0.0,0.0,0.0,0,0.0,0,8,4,114.0,0,11.4,15.4,,,73.0,211.0,25.409777777777776,4.0,Clemson,2014.0,2014.0,BUF,4.0,-6.0,0.27586207
2018,1,00-0031326,B.Ellington,WR,HOU,NE,0,0,0.0,0,0.0,0.0,0.0,0,0.0,0,8,4,37.0,1,9.7,13.7,,,69.0,200.0,27.20229411764706,4.0,South Carolina,2014.0,2014.0,SF,106.0,,0.23529412
2018,2,00-0031326,B.Ellington,WR,HOU,TEN,0,0,0.0,0,0.0,0.0,0.0,0,0.0,0,3,3,45.0,0,4.5,7.5,,,69.0,200.0,27.20229411764706,4.0,South Carolina,2014.0,2014.0,SF,106.0,,0.09677419
2018,3,00-0031326,B.Ellington,WR,HOU,NYG,0,0,0.0,0,0.0,0.0,0.0,0,0.0,0,1,1,10.0,0,1.0,2.0,,,69.0,200.0,27.20229411764706,4.0,South Carolina,2014.0,2014.0,SF,106.0,-5.0,0.02631579
2018,11,00-0031326,B.Ellington,WR,DET,CAR,0,0,0.0,0,0.0,0.0,0.0,0,0.0,0,9,6,52.0,0,5.2,11.2,,,69.0,200.0,27.20229411764706,4.0,South Carolina,2014.0,2014.0,SF,106.0,1.0,0.25714287
2018,12,00-0031326,B.Ellington,WR,DET,CHI,0,0,0.0,0,0.0,0.0,0.0,1,2.0,0,7,6,28.0,0,3.0,9.0,,,69.0,200.0,27.20229411764706,4.0,South Carolina,2014.0,2014.0,SF,106.0,-7.0,0.1891892
2018,13,00-0031326,B.Ellington,WR,DET,LA,0,1,0.0,0,0.0,0.0,-0.0,0,0.0,0,10,7,35.0,0,3.5,10.5,,,69.0,200.0,27.20229411764706,4.0,South Carolina,2014.0,2014.0,SF,106.0,-14.0,0.3030303
2018,14,00-0031326,B.Ellington,WR,DET,ARI,0,0,0.0,0,0.0,0.0,0.0,0,0.0,0,4,4,17.0,0,1.7,5.7,,,69.0,200.0,27.20229411764706,4.0,South Carolina,2014.0,2014.0,SF,106.0,,0.18181819
2018,1,00-0031339,D.Moncrief,WR,JAX,NYG,0,0,0.0,0,0.0,0.0,0.0,0,0.0,0,5,1,14.0,0,1.4,2.4,,,74.0,216.0,25.2451875,4.0,Mississippi,2014.0,2014.0,IND,90.0,,0.15151516
2018,2,00-0031339,D.Moncrief,WR,JAX,NE,0,0,0.0,0,0.0,0.0,0.0,0,0.0,0,9,4,34.0,1,9.4,13.4,,,74.0,216.0,25.2451875,4.0,Mississippi,2014.0,2014.0,IND,90.0,11.0,0.20454545
2018,3,00-0031339,D.Moncrief,WR,JAX,TEN,0,0,0.0,0,0.0,0.0,0.0,0,0.0,0,3,2,16.0,0,-0.4,1.6,,,74.0,216.0,25.2451875,4.0,Mississippi,2014.0,2014.0,IND,90.0,-3.0,0.0882353
2018,4,00-0031339,D.Moncrief,WR,JAX,NYJ,0,0,0.0,0,0.0,0.0,0.0,0,0.0,0,5,5,109.0,1,16.9,21.9,,,74.0,216.0,25.2451875,4.0,Mississippi,2014.0,2014.0,IND,90.0,19.0,0.13157895
2018,5,00-0031339,D.Moncrief,WR,JAX,KC,0,0,0.0,0,0.0,0.0,0.0,0,0.0,0,14,6,76.0,0,7.6,13.6,,,74.0,216.0,25.2451875,4.0,Mississippi,2014.0,2014.0,IND,90.0,,0.22950819
2018,6,00-0031339,D.Moncrief,WR,JAX,DAL,0,0,0.0,0,0.0,0.0,0.0,0,0.0,0,3,0,0.0,0,0.0,0.0,,,74.0,216.0,25.2451875,4.0,Mississippi,2014.0,2014.0,IND,90.0,,0.115384616
2018,7,00-0031339,D.Moncrief,WR,JAX,HOU,0,0,0.0,0,0.0,0.0,0.0,0,0.0,0,10,7,76.0,0,7.6,14.6,,,74.0,216.0,25.2451875,4.0,Mississippi,2014.0,2014.0,IND,90.0,-13.0,0.25
2018,8,00-0031339,D.Moncrief,WR,JAX,PHI,0,0,0.0,0,0.0,0.0,0.0,0,0.0,0,7,4,54.0,0,5.4,9.4,,,74.0,216.0,25.2451875,4.0,Mississippi,2014.0,2014.0,IND,90.0,-6.0,0.17073171
2018,10,00-0031339,D.Moncrief,WR,JAX,IND,0,0,0.0,0,0.0,0.0,0.0,0,0.0,0,4,3,98.0,1,15.8,18.8,,,74.0,216.0,25.2451875,4.0,Mississippi,2014.0,2014.0,IND,90.0,,0.10526316
2018,11,00-0031339,D.Moncrief,WR,JAX,PIT,0,0,0.0,0,0.0,0.0,0.0,0,0.0,0,2,1,11.0,0,1.1,2.1,,,74.0,216.0,25.2451875,4.0,Mississippi,2014.0,2014.0,IND,90.0,-4.0,0.11111111
2018,12,00-0031339,D.Moncrief,WR,JAX,BUF,0,0,0.0,0,0.0,0.0,0.0,0,0.0,0,4,1,29.0,0,2.9,3.9,,,74.0,216.0,25.2451875,4.0,Mississippi,2014.0,2014.0,IND,90.0,,0.18181819
2018,13,00-0031339,D.Moncrief,WR,JAX,IND,0,0,0.0,0,0.0,0.0,0.0,0,0.0,0,4,3,40.0,0,4.0,7.0,,,74.0,216.0,25.2451875,4.0,Mississippi,2014.0,2014.0,IND,90.0,6.0,0.18181819
2018,14,00-0031339,D.Moncrief,WR,JAX,TEN,0,0,0.0,0,0.0,0.0,0.0,0,0.0,0,10,5,47.0,0,4.7,9.7,,,74.0,216.0,25.2451875,4.0,Mississippi,2014.0,2014.0,IND,90.0,,0.24390244
2018,15,00-0031339,D.Moncrief,WR,JAX,WAS,0,0,0.0,0,0.0,0.0,0.0,0,0.0,0,2,0,0.0,0,0.0,0.0,,,74.0,216.0,25.2451875,4.0,Mississippi,2014.0,2014.0,IND,90.0,-3.0,0.13333334
2018,16,00-0031339,D.Moncrief,WR,JAX,MIA,0,0,0.0,0,0.0,0.0,0.0,0,0.0,0,4,4,43.0,0,4.3,8.3,,,74.0,216.0,25.2451875,4.0,Mississippi,2014.0,2014.0,IND,90.0,,0.17391305
2018,17,00-0031339,D.Moncrief,WR,JAX,HOU,0,0,0.0,0,0.0,0.0,0.0,0,0.0,0,3,2,21.0,0,2.1,4.1,,,74.0,216.0,25.2451875,4.0,Mississippi,2014.0,2014.0,IND,90.0,,0.10714286
2018,2,00-0031344,C.Latimer,WR,NYG,DAL,0,0,0.0,0,0.0,0.0,0.0,0,0.0,0,3,2,41.0,0,4.1,6.1,,,74.0,217.0,26.0668125,4.0,Indiana,2014.0,2014.0,DEN,56.0,,0.06818182
2018,3,00-0031344,C.Latimer,WR,NYG,HOU,0,0,0.0,0,0.0,0.0,0.0,0,0.0,0,2,1,15.0,0,1.5,2.5,,,74.0,217.0,26.0668125,4.0,Indiana,2014.0,2014.0,DEN,56.0,,0.06896552
2018,6,00-0031344,C.Latimer,WR,NYG,PHI,0,0,0.0,0,0.0,0.0,0.0,0,0.0,0,4,3,52.0,0,5.2,8.2,,,74.0,217.0,26.0668125,4.0,Indiana,2014.0,2014.0,DEN,56.0,-21.0,0.093023255
2018,16,00-0031344,C.Latimer,WR,NYG,IND,0,0,0.0,0,0.0,0.0,0.0,0,0.0,0,1,1,10.0,0,1.0,2.0,,,74.0,217.0,26.0668125,4.0,Indiana,2014.0,2014.0,DEN,56.0,,0.032258064
2018,17,00-0031344,C.Latimer,WR,NYG,DAL,0,0,0.0,0,0.0,0.0,0.0,0,0.0,0,6,4,72.0,1,13.2,17.2,,,74.0,217.0,26.0668125,4.0,Indiana,2014.0,2014.0,DEN,56.0,-1.0,0.15384616
2018,1,00-0031345,J.Garoppolo,QB,SF,MIN,15,33,261.0,1,3.0,3.0,24.0,2,6.0,0,0,0,0.0,0,9.04,9.04,,,74.0,225.0,27.0035625,4.0,Eastern Illinois,2014.0,2014.0,NE,62.0,,
2018,2,00-0031345,J.Garoppolo,QB,SF,DET,18,26,206.0,2,0.0,6.0,50.0,3,4.0,0,0,0,0.0,0,16.64,16.64,,,74.0,225.0,27.0035625,4.0,Eastern Illinois,2014.0,2014.0,NE,62.0,3.0,
2018,3,00-0031345,J.Garoppolo,QB,SF,KC,20,30,251.0,2,0.0,4.0,23.0,3,23.0,0,0,0,0.0,0,22.34,22.34,,,74.0,225.0,27.0035625,4.0,Eastern Illinois,2014.0,2014.0,NE,62.0,,
2018,1,00-0031359,K.Benjamin,WR,BUF,BAL,0,0,0.0,0,0.0,0.0,0.0,0,0.0,0,7,1,10.0,0,1.0,2.0,,,77.0,245.0,27.76516666666667,4.0,Florida State,2014.0,2014.0,CAR,28.0,,0.21875
2018,2,00-0031359,K.Benjamin,WR,BUF,LAC,0,0,0.0,0,0.0,0.0,0.0,0,0.0,0,3,2,19.0,1,7.9,9.9,,,77.0,245.0,27.76516666666667,4.0,Florida State,2014.0,2014.0,CAR,28.0,-11.0,0.09375
2018,3,00-0031359,K.Benjamin,WR,BUF,MIN,0,0,0.0,0,0.0,0.0,0.0,0,0.0,0,5,3,29.0,0,2.9,5.9,,,77.0,245.0,27.76516666666667,4.0,Florida State,2014.0,2014.0,CAR,28.0,,0.22727273
2018,4,00-0031359,K.Benjamin,WR,BUF,GB,0,0,0.0,0,0.0,0.0,0.0,0,0.0,0,6,1,34.0,0,3.4,4.4,,,77.0,245.0,27.76516666666667,4.0,Florida State,2014.0,2014.0,CAR,28.0,,0.18181819
2018,5,00-0031359,K.Benjamin,WR,BUF,TEN,0,0,0.0,0,0.0,0.0,0.0,0,0.0,0,5,1,11.0,0,1.1,2.1,,,77.0,245.0,27.76516666666667,4.0,Florida State,2014.0,2014.0,CAR,28.0,1.0,0.25
2018,6,00-0031359,K.Benjamin,WR,BUF,HOU,0,0,0.0,0,0.0,0.0,0.0,0,0.0,0,6,2,43.0,0,4.3,6.3,,,77.0,245.0,27.76516666666667,4.0,Florida State,2014.0,2014.0,CAR,28.0,,0.20689656
2018,7,00-0031359,K.Benjamin,WR,BUF,IND,0,0,0.0,0,0.0,0.0,0.0,0,0.0,0,5,4,71.0,0,7.1,11.1,,,77.0,245.0,27.76516666666667,4.0,Florida State,2014.0,2014.0,CAR,28.0,,0.16129032
2018,8,00-0031359,K.Benjamin,WR,BUF,NE,0,0,0.0,0,0.0,0.0,0.0,0,0.0,0,7,2,45.0,0,4.5,6.5,,,77.0,245.0,27.76516666666667,4.0,Florida State,2014.0,2014.0,CAR,28.0,-19.0,0.175
2018,9,00-0031359,K.Benjamin,WR,BUF,CHI,0,0,0.0,0,0.0,0.0,0.0,0,0.0,0,9,4,40.0,0,4.0,8.0,,,77.0,245.0,27.76516666666667,4.0,Florida State,2014.0,2014.0,CAR,28.0,-32.0,0.19148937
2018,10,00-0031359,K.Benjamin,WR,BUF,NYJ,0,0,0.0,0,0.0,0.0,0.0,0,0.0,0,3,0,0.0,0,0.0,0.0,,,77.0,245.0,27.76516666666667,4.0,Florida State,2014.0,2014.0,CAR,28.0,,0.115384616
2018,12,00-0031359,K.Benjamin,WR,BUF,JAX,0,0,0.0,0,0.0,0.0,0.0,0,0.0,0,2,1,32.0,0,3.2,4.2,,,77.0,245.0,27.76516666666667,4.0,Florida State,2014.0,2014.0,CAR,28.0,3.0,0.11764706
2018,13,00-0031359,K.Benjamin,WR,BUF,MIA,0,0,0.0,0,0.0,0.0,0.0,0,0.0,0,4,2,20.0,0,2.0,4.0,,,77.0,245.0,27.76516666666667,4.0,Florida State,2014.0,2014.0,CAR,28.0,,0.14285715
2018,15,00-0031359,K.Benjamin,WR,KC,LAC,0,0,0.0,0,0.0,0.0,0.0,0,0.0,0,2,1,17.0,0,1.7,2.7,,,77.0,245.0,27.76516666666667,4.0,Florida State,2014.0,2014.0,CAR,28.0,-1.0,0.05882353
2018,16,00-0031359,K.Benjamin,WR,KC,SEA,0,0,0.0,0,0.0,0.0,0.0,0,0.0,0,2,0,0.0,0,0.0,0.0,,,77.0,245.0,27.76516666666667,4.0,Florida State,2014.0,2014.0,CAR,28.0,,0.051282052
2018,17,00-0031359,K.Benjamin,WR,KC,LV,0,0,0.0,0,0.0,0.0,0.0,0,0.0,0,1,1,9.0,0,0.9,1.9,,,77.0,245.0,27.76516666666667,4.0,Florida State,2014.0,2014.0,CAR,28.0,32.0,0.037037037
2018,7,00-0031360,K.Van Noy,OLB,NE,NE,0,0,0.0,0,0.0,0.0,0.0,0,0.0,0,0,0,0.0,0,6.0,6.0,,,75.0,243.0,27.643157894736845,4.0,Brigham Young,2014.0,2014.0,DET,40.0,,
2018,2,00-0031373,M.Bryant,WR,LV,DEN,0,0,0.0,0,0.0,0.0,0.0,0,0.0,0,4,4,30.0,0,3.0,7.0,,,76.0,210.0,26.8770625,4.0,Clemson,2014.0,2014.0,PIT,118.0,,0.125
2018,3,00-0031373,M.Bryant,WR,LV,MIA,0,0,0.0,0,0.0,0.0,0.0,1,4.0,0,5,2,30.0,0,3.4,5.4,,,76.0,210.0,26.8770625,4.0,Clemson,2014.0,2014.0,PIT,118.0,,0.13157895
2018,4,00-0031373,M.Bryant,WR,LV,CLE,0,0,0.0,0,0.0,0.0,0.0,0,0.0,0,7,3,51.0,0,5.1,8.1,,,76.0,210.0,26.8770625,4.0,Clemson,2014.0,2014.0,PIT,118.0,,0.125
2018,5,00-0031373,M.Bryant,WR,LV,LAC,0,0,0.0,0,0.0,0.0,0.0,0,0.0,0,3,3,91.0,0,7.1,10.1,,,76.0,210.0,26.8770625,4.0,Clemson,2014.0,2014.0,PIT,118.0,,0.09677419
2018,6,00-0031373,M.Bryant,WR,LV,SEA,0,0,0.0,0,0.0,0.0,0.0,0,0.0,0,3,2,18.0,0,1.8,3.8,,,76.0,210.0,26.8770625,4.0,Clemson,2014.0,2014.0,PIT,118.0,,0.1
2018,9,00-0031373,M.Bryant,WR,LV,SF,0,0,0.0,0,0.0,0.0,0.0,1,17.0,0,2,2,29.0,0,4.6,6.6,,,76.0,210.0,26.8770625,4.0,Clemson,2014.0,2014.0,PIT,118.0,,0.0952381
2018,10,00-0031373,M.Bryant,WR,LV,LAC,0,0,0.0,0,0.0,0.0,0.0,1,2.0,0,3,3,17.0,0,1.9,4.9,,,76.0,210.0,26.8770625,4.0,Clemson,2014.0,2014.0,PIT,118.0,,0.08571429
2018,1,00-0031381,D.Adams,WR,GB,CHI,0,0,0.0,0,0.0,0.0,0.0,0,0.0,0,8,5,88.0,1,14.8,19.8,,,73.0,215.0,25.863875,4.0,Fresno State,2014.0,2014.0,GB,53.0,1.0,0.22222222
2018,2,00-0031381,D.Adams,WR,GB,MIN,0,0,0.0,0,0.0,0.0,0.0,0,0.0,0,12,8,64.0,1,12.4,20.4,,,73.0,215.0,25.863875,4.0,Fresno State,2014.0,2014.0,GB,53.0,0.0,0.29268292
2018,3,00-0031381,D.Adams,WR,GB,WAS,0,0,0.0,0,0.0,0.0,0.0,0,0.0,0,9,7,52.0,1,11.2,18.2,,,73.0,215.0,25.863875,4.0,Fresno State,2014.0,2014.0,GB,53.0,,0.2
2018,4,00-0031381,D.Adams,WR,GB,BUF,0,0,0.0,0,0.0,0.0,0.0,0,0.0,0,14,8,81.0,0,8.1,16.1,,,73.0,215.0,25.863875,4.0,Fresno State,2014.0,2014.0,GB,53.0,22.0,0.35
2018,5,00-0031381,D.Adams,WR,GB,DET,0,0,0.0,0,0.0,0.0,0.0,0,0.0,0,12,9,140.0,1,20.0,29.0,,,73.0,215.0,25.863875,4.0,Fresno State,2014.0,2014.0,GB,53.0,,0.24
2018,6,00-0031381,D.Adams,WR,GB,SF,0,0,0.0,0,0.0,0.0,0.0,0,0.0,0,16,10,132.0,2,25.2,35.2,,,73.0,215.0,25.863875,4.0,Fresno State,2014.0,2014.0,GB,53.0,3.0,0.36363637
2018,8,00-0031381,D.Adams,WR,GB,LA,0,0,0.0,0,0.0,0.0,0.0,0,0.0,0,7,5,133.0,0,13.3,18.3,,,73.0,215.0,25.863875,4.0,Fresno State,2014.0,2014.0,GB,53.0,,0.23333333
2018,9,00-0031381,D.Adams,WR,GB,NE,0,0,0.0,0,0.0,0.0,0.0,0,0.0,0,9,6,40.0,1,10.0,16.0,,,73.0,215.0,25.863875,4.0,Fresno State,2014.0,2014.0,GB,53.0,,0.23076923
2018,10,00-0031381,D.Adams,WR,GB,MIA,0,0,0.0,0,0.0,0.0,0.0,0,0.0,0,7,4,57.0,2,17.7,21.7,,,73.0,215.0,25.863875,4.0,Fresno State,2014.0,2014.0,GB,53.0,19.0,0.26923078
2018,11,00-0031381,D.Adams,WR,GB,SEA,0,0,0.0,0,0.0,0.0,0.0,0,0.0,0,12,10,166.0,0,16.6,26.6,,,73.0,215.0,25.863875,4.0,Fresno State,2014.0,2014.0,GB,53.0,,0.41379312
2018,12,00-0031381,D.Adams,WR,GB,MIN,0,0,0.0,0,0.0,0.0,0.0,0,0.0,0,8,5,69.0,1,12.9,17.9,,,73.0,215.0,25.863875,4.0,Fresno State,2014.0,2014.0,GB,53.0,,0.2962963
2018,13,00-0031381,D.Adams,WR,GB,ARI,0,0,0.0,0,0.0,0.0,0.0,0,0.0,0,13,8,93.0,1,15.3,23.3,,,73.0,215.0,25.863875,4.0,Fresno State,2014.0,2014.0,GB,53.0,-3.0,0.27083334
2018,14,00-0031381,D.Adams,WR,GB,ATL,0,0,0.0,0,0.0,0.0,0.0,0,0.0,0,11,7,81.0,1,14.1,21.1,,,73.0,215.0,25.863875,4.0,Fresno State,2014.0,2014.0,GB,53.0,14.0,0.3548387
2018,15,00-0031381,D.Adams,WR,GB,CHI,0,0,0.0,0,0.0,0.0,0.0,0,0.0,0,13,8,119.0,0,13.9,21.9,,,73.0,215.0,25.863875,4.0,Fresno State,2014.0,2014.0,GB,53.0,,0.325
2018,16,00-0031381,D.Adams,WR,GB,NYJ,0,0,0.0,0,0.0,0.0,0.0,0,0.0,0,18,11,71.0,1,13.1,24.1,,,73.0,215.0,25.863875,4.0,Fresno State,2014.0,2014.0,GB,53.0,,0.33962265
2018,1,00-0031382,J.Landry,WR,CLE,PIT,0,0,0.0,0,0.0,0.0,0.0,0,0.0,0,15,7,106.0,0,10.6,17.6,,,71.0,208.0,25.929875,4.0,Louisiana State,2014.0,2014.0,MIA,63.0,0.0,0.39473686
2018,2,00-0031382,J.Landry,WR,CLE,NO,0,0,0.0,0,0.0,0.0,0.0,0,0.0,0,7,5,69.0,0,6.9,11.9,,,71.0,208.0,25.929875,4.0,Louisiana State,2014.0,2014.0,MIA,63.0,,0.23333333
2018,3,00-0031382,J.Landry,WR,CLE,NYJ,0,0,0.0,0,0.0,0.0,0.0,0,0.0,0,14,8,103.0,0,12.3,20.3,,,71.0,208.0,25.929875,4.0,Louisiana State,2014.0,2014.0,MIA,63.0,4.0,0.4
2018,4,00-0031382,J.Landry,WR,CLE,LV,0,0,0.0,0,0.0,0.0,0.0,0,0.0,0,10,4,34.0,1,9.4,13.4,,,71.0,208.0,25.929875,4.0,Louisiana State,2014.0,2014.0,MIA,63.0,,0.24390244
2018,5,00-0031382,J.Landry,WR,CLE,BAL,0,0,0.0,0,0.0,0.0,0.0,0,0.0,0,11,5,69.0,0,6.9,11.9,,,71.0,208.0,25.929875,4.0,Louisiana State,2014.0,2014.0,MIA,63.0,3.0,0.26190478
2018,6,00-0031382,J.Landry,WR,CLE,LAC,0,0,0.0,0,0.0,0.0,0.0,0,0.0,0,10,2,11.0,0,1.1,3.1,,,71.0,208.0,25.929875,4.0,Louisiana State,2014.0,2014.0,MIA,63.0,-24.0,0.23255815
2018,7,00-0031382,J.Landry,WR,CLE,TB,0,0,0.0,0,0.0,0.0,0.0,0,0.0,0,15,10,97.0,1,15.7,25.7,,,71.0,208.0,25.929875,4.0,Louisiana State,2014.0,2014.0,MIA,63.0,,0.45454547
2018,8,00-0031382,J.Landry,WR,CLE,PIT,0,0,0.0,0,0.0,0.0,0.0,0,0.0,0,12,8,39.0,0,3.9,11.9,,,71.0,208.0,25.929875,4.0,Louisiana State,2014.0,2014.0,MIA,63.0,,0.36363637
2018,9,00-0031382,J.Landry,WR,CLE,KC,0,0,0.0,0,0.0,0.0,0.0,0,0.0,0,7,6,50.0,0,5.0,11.0,,,71.0,208.0,25.929875,4.0,Louisiana State,2014.0,2014.0,MIA,63.0,-16.0,0.1627907
2018,10,00-0031382,J.Landry,WR,CLE,ATL,0,0,0.0,0,0.0,0.0,0.0,0,0.0,0,5,2,22.0,0,2.2,4.2,,,71.0,208.0,25.929875,4.0,Louisiana State,2014.0,2014.0,MIA,63.0,12.0,0.23809524
2018,12,00-0031382,J.Landry,WR,CLE,CIN,0,0,0.0,0,0.0,0.0,0.0,0,0.0,0,5,3,30.0,0,3.0,6.0,,,71.0,208.0,25.929875,4.0,Louisiana State,2014.0,2014.0,MIA,63.0,,0.2
2018,13,00-0031382,J.Landry,WR,CLE,HOU,0,0,0.0,0,0.0,0.0,0.0,0,0.0,0,9,6,103.0,0,10.3,16.3,,,71.0,208.0,25.929875,4.0,Louisiana State,2014.0,2014.0,MIA,63.0,,0.225
2018,14,00-0031382,J.Landry,WR,CLE,CAR,0,1,0.0,0,0.0,0.0,-0.0,2,54.0,1,4,3,57.0,1,21.1,24.1,,,71.0,208.0,25.929875,4.0,Louisiana State,2014.0,2014.0,MIA,63.0,6.0,0.17391305
2018,15,00-0031382,J.Landry,WR,CLE,DEN,0,0,0.0,0,0.0,0.0,0.0,0,0.0,0,8,3,37.0,0,3.7,6.7,,,71.0,208.0,25.929875,4.0,Louisiana State,2014.0,2014.0,MIA,63.0,,0.2580645
2018,16,00-0031382,J.Landry,WR,CLE,CIN,1,1,63.0,0,0.0,0.0,-0.0,1,6.0,0,8,4,47.0,0,7.82,11.82,,,71.0,208.0,25.929875,4.0,Louisiana State,2014.0,2014.0,MIA,63.0,8.0,0.21052632
2018,17,00-0031382,J.Landry,WR,CLE,BAL,0,0,0.0,0,0.0,0.0,0.0,0,0.0,0,9,5,102.0,1,16.2,21.2,,,71.0,208.0,25.929875,4.0,Louisiana State,2014.0,2014.0,MIA,63.0,,0.2195122
2018,16,00-0031384,R.Rodgers,TE,PHI,HOU,0,0,0.0,0,0.0,0.0,0.0,0,0.0,0,1,1,7.0,0,0.7,1.7,,,76.0,257.0,26.803944444444443,4.0,California,2014.0,2014.0,GB,98.0,2.0,0.020408163
2018,1,00-0031387,E.Ebron,TE,IND,CIN,0,0,0.0,0,0.0,0.0,0.0,0,0.0,0,5,4,51.0,1,11.1,15.1,,,76.0,253.0,25.588277777777776,4.0,North Carolina,2014.0,2014.0,DET,10.0,-11.0,0.09615385
2018,2,00-0031387,E.Ebron,TE,IND,WAS,0,0,0.0,0,0.0,0.0,0.0,0,0.0,0,4,3,26.0,1,8.6,11.6,,,76.0,253.0,25.588277777777776,4.0,North Carolina,2014.0,2014.0,DET,10.0,,0.12903225
2018,3,00-0031387,E.Ebron,TE,IND,PHI,0,0,0.0,0,0.0,0.0,0.0,0,0.0,0,11,5,33.0,0,3.3,8.3,,,76.0,253.0,25.588277777777776,4.0,North Carolina,2014.0,2014.0,DET,10.0,,0.2682927
2018,4,00-0031387,E.Ebron,TE,IND,HOU,0,0,0.0,0,0.0,0.0,0.0,0,0.0,0,10,5,40.0,1,10.0,15.0,,,76.0,253.0,25.588277777777776,4.0,North Carolina,2014.0,2014.0,DET,10.0,-3.0,0.16393442
2018,5,00-0031387,E.Ebron,TE,IND,NE,0,0,0.0,0,0.0,0.0,0.0,0,0.0,0,15,9,105.0,2,22.5,31.5,,,76.0,253.0,25.588277777777776,4.0,North Carolina,2014.0,2014.0,DET,10.0,,0.2542373
2018,6,00-0031387,E.Ebron,TE,IND,NYJ,0,0,0.0,0,0.0,0.0,0.0,1,-1.0,0,7,4,71.0,1,13.0,17.0,,,76.0,253.0,25.588277777777776,4.0,North Carolina,2014.0,2014.0,DET,10.0,,0.16666667
2018,7,00-0031387,E.Ebron,TE,IND,BUF,0,0,0.0,0,0.0,0.0,0.0,0,0.0,0,7,3,31.0,0,3.1,6.1,,,76.0,253.0,25.588277777777776,4.0,North Carolina,2014.0,2014.0,DET,10.0,32.0,0.3043478
2018,8,00-0031387,E.Ebron,TE,IND,LV,0,0,0.0,0,0.0,0.0,0.0,0,0.0,0,3,3,37.0,1,9.7,12.7,,,76.0,253.0,25.588277777777776,4.0,North Carolina,2014.0,2014.0,DET,10.0,,0.09677419
2018,10,00-0031387,E.Ebron,TE,IND,JAX,0,0,0.0,0,0.0,0.0,0.0,1,2.0,1,3,3,69.0,2,25.1,28.1,,,76.0,253.0,25.588277777777776,4.0,North Carolina,2014.0,2014.0,DET,10.0,3.0,0.10344828
2018,11,00-0031387,E.Ebron,TE,IND,TEN,0,1,0.0,0,0.0,0.0,-0.0,0,0.0,0,0,0,0.0,0,0.0,0.0,,,76.0,253.0,25.588277777777776,4.0,North Carolina,2014.0,2014.0,DET,10.0,28.0,
2018,12,00-0031387,E.Ebron,TE,IND,MIA,0,0,0.0,0,0.0,0.0,0.0,0,0.0,0,7,5,45.0,2,16.5,21.5,,,76.0,253.0,25.588277777777776,4.0,North Carolina,2014.0,2014.0,DET,10.0,3.0,0.18421052
2018,13,00-0031387,E.Ebron,TE,IND,JAX,0,0,0.0,0,0.0,0.0,0.0,1,-9.0,0,16,10,81.0,0,5.2,15.2,,,76.0,253.0,25.588277777777776,4.0,North Carolina,2014.0,2014.0,DET,10.0,,0.32
2018,14,00-0031387,E.Ebron,TE,IND,HOU,0,0,0.0,0,0.0,0.0,0.0,0,0.0,0,8,4,65.0,1,12.5,16.5,,,76.0,253.0,25.588277777777776,4.0,North Carolina,2014.0,2014.0,DET,10.0,,0.2
2018,15,00-0031387,E.Ebron,TE,IND,DAL,0,0,0.0,0,0.0,0.0,0.0,0,0.0,0,3,1,8.0,0,0.8,1.8,,,76.0,253.0,25.588277777777776,4.0,North Carolina,2014.0,2014.0,DET,10.0,23.0,0.115384616
2018,16,00-0031387,E.Ebron,TE,IND,NYG,0,0,0.0,0,0.0,0.0,0.0,0,0.0,0,5,3,28.0,0,2.8,5.8,,,76.0,253.0,25.588277777777776,4.0,North Carolina,2014.0,2014.0,DET,10.0,1.0,0.11363637
2018,17,00-0031387,E.Ebron,TE,IND,TEN,0,0,0.0,0,0.0,0.0,0.0,0,0.0,0,6,4,60.0,1,12.0,16.0,,,76.0,253.0,25.588277777777776,4.0,North Carolina,2014.0,2014.0,DET,10.0,,0.17142858
2018,18,00-0031387,E.Ebron,TE,IND,HOU,0,0,0.0,0,0.0,0.0,0.0,0,0.0,0,6,3,26.0,1,8.6,11.6,,,76.0,253.0,25.588277777777776,4.0,North Carolina,2014.0,2014.0,DET,10.0,,0.19354838
2018,19,00-0031387,E.Ebron,TE,IND,KC,0,0,0.0,0,0.0,0.0,0.0,0,0.0,0,9,5,51.0,0,5.1,10.1,,,76.0,253.0,25.588277777777776,4.0,North Carolina,2014.0,2014.0,DET,10.0,,0.25
2018,17,00-0031395,G.Gilbert,QB,CAR,NO,2,3,40.0,0,0.0,1.0,5.0,0,0.0,0,0,0,0.0,0,1.6,1.6,,,75.0,230.0,27.351187499999998,4.0,Southern Methodist,2014.0,2014.0,STL,214.0,,
2018,1,00-0031407,B.Bortles,QB,JAX,NYG,18,33,176.0,1,1.0,1.0,8.0,4,42.0,0,0,0,0.0,0,13.24,13.24,,,77.0,236.0,26.51825,4.0,Central Florida,2014.0,2014.0,JAX,3.0,,
2018,2,00-0031407,B.Bortles,QB,JAX,NE,29,45,376.0,4,1.0,0.0,-0.0,6,35.0,0,0,0,0.0,0,32.54,32.54,,,77.0,236.0,26.51825,4.0,Central Florida,2014.0,2014.0,JAX,3.0,11.0,
2018,3,00-0031407,B.Bortles,QB,JAX,TEN,21,34,155.0,0,0.0,3.0,10.0,5,27.0,0,0,0,0.0,0,8.9,8.9,,,77.0,236.0,26.51825,4.0,Central Florida,2014.0,2014.0,JAX,3.0,-3.0,
2018,4,00-0031407,B.Bortles,QB,JAX,NYJ,29,38,388.0,2,1.0,2.0,11.0,3,28.0,0,0,0,0.0,0,24.32,24.32,,,77.0,236.0,26.51825,4.0,Central Florida,2014.0,2014.0,JAX,3.0,19.0,
2018,5,00-0031407,B.Bortles,QB,JAX,KC,33,61,430.0,1,4.0,5.0,29.0,4,34.0,1,0,0,0.0,0,20.6,20.6,,,77.0,236.0,26.51825,4.0,Central Florida,2014.0,2014.0,JAX,3.0,,
2018,6,00-0031407,B.Bortles,QB,JAX,DAL,15,26,149.0,1,1.0,3.0,10.0,4,22.0,0,0,0,0.0,0,10.16,10.16,,,77.0,236.0,26.51825,4.0,Central Florida,2014.0,2014.0,JAX,3.0,,
2018,7,00-0031407,B.Bortles,QB,JAX,HOU,6,12,61.0,0,0.0,0.0,-0.0,6,30.0,0,0,0,0.0,0,1.44,1.44,,,77.0,236.0,26.51825,4.0,Central Florida,2014.0,2014.0,JAX,3.0,-13.0,
2018,8,00-0031407,B.Bortles,QB,JAX,PHI,24,41,286.0,1,0.0,4.0,21.0,8,43.0,0,0,0,0.0,0,19.74,19.74,,,77.0,236.0,26.51825,4.0,Central Florida,2014.0,2014.0,JAX,3.0,-6.0,
2018,10,00-0031407,B.Bortles,QB,JAX,IND,26,38,320.0,2,0.0,0.0,-0.0,2,8.0,0,0,0,0.0,0,21.6,21.6,,,77.0,236.0,26.51825,4.0,Central Florida,2014.0,2014.0,JAX,3.0,,
2018,11,00-0031407,B.Bortles,QB,JAX,PIT,10,18,104.0,0,0.0,6.0,40.0,2,17.0,0,0,0,0.0,0,3.86,3.86,,,77.0,236.0,26.51825,4.0,Central Florida,2014.0,2014.0,JAX,3.0,-4.0,
2018,12,00-0031407,B.Bortles,QB,JAX,BUF,12,23,127.0,1,2.0,3.0,20.0,6,39.0,0,0,0,0.0,0,8.98,8.98,,,77.0,236.0,26.51825,4.0,Central Florida,2014.0,2014.0,JAX,3.0,,
2018,16,00-0031407,B.Bortles,QB,JAX,MIA,5,6,39.0,0,0.0,1.0,6.0,4,25.0,0,0,0,0.0,0,4.06,4.06,,,77.0,236.0,26.51825,4.0,Central Florida,2014.0,2014.0,JAX,3.0,,
2018,17,00-0031407,B.Bortles,QB,JAX,HOU,15,28,107.0,0,1.0,3.0,18.0,4,15.0,0,0,0,0.0,0,3.78,3.78,,,77.0,236.0,26.51825,4.0,Central Florida,2014.0,2014.0,JAX,3.0,,
2018,1,00-0031408,M.Evans,WR,TB,NO,0,0,0.0,0,0.0,0.0,0.0,0,0.0,0,7,7,147.0,1,20.7,27.7,,,77.0,231.0,25.2095,4.0,Texas A&amp;M,2014.0,2014.0,TB,7.0,,0.25
2018,2,00-0031408,M.Evans,WR,TB,PHI,0,0,0.0,0,0.0,0.0,0.0,0,0.0,0,12,10,83.0,1,12.3,22.3,,,77.0,231.0,25.2095,4.0,Texas A&amp;M,2014.0,2014.0,TB,7.0,6.0,0.36363637
2018,3,00-0031408,M.Evans,WR,TB,PIT,0,0,0.0,0,0.0,0.0,0.0,0,0.0,0,11,6,137.0,1,19.7,25.7,,,77.0,231.0,25.2095,4.0,Texas A&amp;M,2014.0,2014.0,TB,7.0,-3.0,0.22
2018,4,00-0031408,M.Evans,WR,TB,CHI,0,0,0.0,0,0.0,0.0,0.0,0,0.0,0,9,6,59.0,0,5.9,11.9,,,77.0,231.0,25.2095,4.0,Texas A&amp;M,2014.0,2014.0,TB,7.0,,0.23684211
2018,6,00-0031408,M.Evans,WR,TB,ATL,0,0,0.0,0,0.0,0.0,0.0,0,0.0,0,5,4,58.0,0,5.8,9.8,,,77.0,231.0,25.2095,4.0,Texas A&amp;M,2014.0,2014.0,TB,7.0,,0.125
2018,7,00-0031408,M.Evans,WR,TB,CLE,0,0,0.0,0,0.0,0.0,0.0,0,0.0,0,11,7,107.0,0,10.7,17.7,,,77.0,231.0,25.2095,4.0,Texas A&amp;M,2014.0,2014.0,TB,7.0,3.0,0.21153846
2018,8,00-0031408,M.Evans,WR,TB,CIN,0,0,0.0,0,0.0,0.0,0.0,0,0.0,0,13,6,179.0,1,23.9,29.9,,,77.0,231.0,25.2095,4.0,Texas A&amp;M,2014.0,2014.0,TB,7.0,,0.26
2018,9,00-0031408,M.Evans,WR,TB,CAR,0,0,0.0,0,0.0,0.0,0.0,0,0.0,0,10,1,16.0,0,1.6,2.6,,,77.0,231.0,25.2095,4.0,Texas A&amp;M,2014.0,2014.0,TB,7.0,,0.24390244
2018,10,00-0031408,M.Evans,WR,TB,WAS,0,0,0.0,0,0.0,0.0,0.0,0,0.0,0,6,3,51.0,0,5.1,8.1,,,77.0,231.0,25.2095,4.0,Texas A&amp;M,2014.0,2014.0,TB,7.0,-13.0,0.14634146
2018,11,00-0031408,M.Evans,WR,TB,NYG,0,0,0.0,0,0.0,0.0,0.0,0,0.0,0,7,6,120.0,1,18.0,24.0,,,77.0,231.0,25.2095,4.0,Texas A&amp;M,2014.0,2014.0,TB,7.0,,0.19444445
2018,12,00-0031408,M.Evans,WR,TB,SF,0,0,0.0,0,0.0,0.0,0.0,0,0.0,0,8,6,116.0,0,11.6,17.6,,,77.0,231.0,25.2095,4.0,Texas A&amp;M,2014.0,2014.0,TB,7.0,18.0,0.21052632
2018,13,00-0031408,M.Evans,WR,TB,CAR,0,0,0.0,0,0.0,0.0,0.0,0,0.0,0,6,4,48.0,0,4.8,8.8,,,77.0,231.0,25.2095,4.0,Texas A&amp;M,2014.0,2014.0,TB,7.0,7.0,0.2
2018,14,00-0031408,M.Evans,WR,TB,NO,0,0,0.0,0,0.0,0.0,0.0,0,0.0,0,6,4,86.0,0,8.6,12.6,,,77.0,231.0,25.2095,4.0,Texas A&amp;M,2014.0,2014.0,TB,7.0,-14.0,0.16216215
2018,15,00-0031408,M.Evans,WR,TB,BAL,0,0,0.0,0,0.0,0.0,0.0,0,0.0,0,9,4,121.0,0,12.1,16.1,,,77.0,231.0,25.2095,4.0,Texas A&amp;M,2014.0,2014.0,TB,7.0,,0.36
2018,16,00-0031408,M.Evans,WR,TB,DAL,0,0,0.0,0,0.0,0.0,0.0,0,0.0,0,10,6,90.0,1,15.0,21.0,,,77.0,231.0,25.2095,4.0,Texas A&amp;M,2014.0,2014.0,TB,7.0,,0.20833333
2018,17,00-0031408,M.Evans,WR,TB,ATL,0,0,0.0,0,0.0,0.0,0.0,0,0.0,0,8,6,106.0,2,22.6,28.6,,,77.0,231.0,25.2095,4.0,Texas A&amp;M,2014.0,2014.0,TB,7.0,-2.0,0.25
2018,1,00-0031418,A.Seferian-Jenkins,TE,JAX,NYG,0,0,0.0,0,0.0,0.0,0.0,0,0.0,0,5,3,25.0,0,2.5,5.5,,,77.0,262.0,26.09675,4.0,Washington,2014.0,2014.0,TB,38.0,,0.15151516
2018,2,00-0031418,A.Seferian-Jenkins,TE,JAX,NE,0,0,0.0,0,0.0,0.0,0.0,0,0.0,0,4,3,23.0,1,8.3,11.3,,,77.0,262.0,26.09675,4.0,Washington,2014.0,2014.0,TB,38.0,11.0,0.09090909
2018,3,00-0031418,A.Seferian-Jenkins,TE,JAX,TEN,0,0,0.0,0,0.0,0.0,0.0,0,0.0,0,5,3,18.0,0,1.8,4.8,,,77.0,262.0,26.09675,4.0,Washington,2014.0,2014.0,TB,38.0,-3.0,0.14705883
2018,4,00-0031418,A.Seferian-Jenkins,TE,JAX,NYJ,0,0,0.0,0,0.0,0.0,0.0,0,0.0,0,4,2,24.0,0,2.4,4.4,,,77.0,262.0,26.09675,4.0,Washington,2014.0,2014.0,TB,38.0,19.0,0.10526316
2018,5,00-0031418,A.Seferian-Jenkins,TE,JAX,KC,0,0,0.0,0,0.0,0.0,0.0,0,0.0,0,1,0,0.0,0,0.0,0.0,,,77.0,262.0,26.09675,4.0,Washington,2014.0,2014.0,TB,38.0,,0.016393442
2018,1,00-0031428,A.Robinson,WR,CHI,GB,0,0,0.0,0,0.0,0.0,0.0,0,0.0,0,7,4,61.0,0,6.1,10.1,,,75.0,210.0,25.210764705882355,4.0,Penn State,2014.0,2014.0,JAX,61.0,,0.21212122
2018,2,00-0031428,A.Robinson,WR,CHI,SEA,0,0,0.0,0,0.0,0.0,0.0,0,0.0,0,14,10,83.0,0,8.3,18.3,,,75.0,210.0,25.210764705882355,4.0,Penn State,2014.0,2014.0,JAX,61.0,7.0,0.4117647
2018,3,00-0031428,A.Robinson,WR,CHI,ARI,0,0,0.0,0,0.0,0.0,0.0,0,0.0,0,7,3,50.0,0,5.0,8.0,,,75.0,210.0,25.210764705882355,4.0,Penn State,2014.0,2014.0,JAX,61.0,,0.2
2018,4,00-0031428,A.Robinson,WR,CHI,TB,0,0,0.0,0,0.0,0.0,0.0,0,0.0,0,4,2,23.0,1,8.3,10.3,,,75.0,210.0,25.210764705882355,4.0,Penn State,2014.0,2014.0,JAX,61.0,38.0,0.15384616
2018,6,00-0031428,A.Robinson,WR,CHI,MIA,0,0,0.0,0,0.0,0.0,0.0,0,0.0,0,6,5,64.0,1,12.4,17.4,,,75.0,210.0,25.210764705882355,4.0,Penn State,2014.0,2014.0,JAX,61.0,,0.2
2018,7,00-0031428,A.Robinson,WR,CHI,NE,0,0,0.0,0,0.0,0.0,0.0,0,0.0,0,5,1,4.0,0,0.4,1.4,,,75.0,210.0,25.210764705882355,4.0,Penn State,2014.0,2014.0,JAX,61.0,-7.0,0.104166664
2018,10,00-0031428,A.Robinson,WR,CHI,DET,0,0,0.0,0,0.0,0.0,0.0,0,0.0,0,8,6,133.0,2,25.3,31.3,,,75.0,210.0,25.210764705882355,4.0,Penn State,2014.0,2014.0,JAX,61.0,12.0,0.26666668
2018,11,00-0031428,A.Robinson,WR,CHI,MIN,0,0,0.0,0,0.0,0.0,0.0,0,0.0,0,7,3,39.0,0,3.9,6.9,,,75.0,210.0,25.210764705882355,4.0,Penn State,2014.0,2014.0,JAX,61.0,5.0,0.23333333
2018,12,00-0031428,A.Robinson,WR,CHI,DET,0,0,0.0,0,0.0,0.0,0.0,0,0.0,0,4,2,37.0,0,3.7,5.7,,,75.0,210.0,25.210764705882355,4.0,Penn State,2014.0,2014.0,JAX,61.0,,0.10526316
2018,13,00-0031428,A.Robinson,WR,CHI,NYG,0,0,0.0,0,0.0,0.0,0.0,0,0.0,0,9,5,79.0,0,7.9,12.9,,,75.0,210.0,25.210764705882355,4.0,Penn State,2014.0,2014.0,JAX,61.0,,0.225
2018,14,00-0031428,A.Robinson,WR,CHI,LA,0,0,0.0,0,0.0,0.0,0.0,0,0.0,0,8,5,42.0,0,4.2,9.2,,,75.0,210.0,25.210764705882355,4.0,Penn State,2014.0,2014.0,JAX,61.0,9.0,0.2857143
2018,15,00-0031428,A.Robinson,WR,CHI,GB,0,0,0.0,0,0.0,0.0,0.0,0,0.0,0,7,3,54.0,0,5.4,8.4,,,75.0,210.0,25.210764705882355,4.0,Penn State,2014.0,2014.0,JAX,61.0,7.0,0.25
2018,16,00-0031428,A.Robinson,WR,CHI,SF,0,0,0.0,0,0.0,0.0,0.0,1,9.0,0,8,6,85.0,0,7.4,13.4,,,75.0,210.0,25.210764705882355,4.0,Penn State,2014.0,2014.0,JAX,61.0,,0.27586207
2018,18,00-0031428,A.Robinson,WR,CHI,PHI,0,0,0.0,0,0.0,0.0,0.0,0,0.0,0,13,10,143.0,1,20.3,30.3,,,75.0,210.0,25.210764705882355,4.0,Penn State,2014.0,2014.0,JAX,61.0,-1.0,0.31707317
2018,16,00-0031462,J.Cunningham,TE,DET,MIN,0,0,0.0,0,0.0,0.0,0.0,0,0.0,0,1,0,0.0,0,0.0,0.0,,,75.0,250.0,27.4500625,4.0,Southern Connecticut State,2014.0,2014.0,,,-18.0,0.023809524
2018,6,00-0031484,C.Manhertz,TE,CAR,WAS,0,0,0.0,0,0.0,0.0,0.0,0,0.0,0,2,1,2.0,0,0.2,1.2,,,78.0,255.0,26.57375,3.0,Canisius,2015.0,2015.0,,,,0.054054055
2018,12,00-0031484,C.Manhertz,TE,CAR,SEA,0,0,0.0,0,0.0,0.0,0.0,0,0.0,0,1,0,0.0,0,0.0,0.0,,,78.0,255.0,26.57375,3.0,Canisius,2015.0,2015.0,,,-3.0,0.03448276
2018,15,00-0031484,C.Manhertz,TE,CAR,NO,0,0,0.0,0,0.0,0.0,0.0,0,0.0,0,2,1,50.0,1,11.0,12.0,,,78.0,255.0,26.57375,3.0,Canisius,2015.0,2015.0,,,-3.0,0.06896552
2018,4,00-0031503,J.Winston,QB,TB,CHI,16,20,145.0,1,2.0,2.0,11.0,1,7.0,0,0,0,0.0,0,6.5,6.5,,,76.0,231.0,24.831875,3.0,Florida State,2015.0,2015.0,TB,1.0,,
2018,6,00-0031503,J.Winston,QB,TB,ATL,30,41,395.0,4,2.0,2.0,6.0,5,29.0,0,0,0,0.0,0,30.7,30.7,,,76.0,231.0,24.831875,3.0,Florida State,2015.0,2015.0,TB,1.0,,
2018,7,00-0031503,J.Winston,QB,TB,CLE,32,52,365.0,0,2.0,4.0,23.0,10,55.0,1,0,0,0.0,0,20.1,20.1,,,76.0,231.0,24.831875,3.0,Florida State,2015.0,2015.0,TB,1.0,3.0,
2018,8,00-0031503,J.Winston,QB,TB,CIN,18,35,276.0,1,4.0,5.0,20.0,3,18.0,0,0,0,0.0,0,8.84,8.84,,,76.0,231.0,24.831875,3.0,Florida State,2015.0,2015.0,TB,1.0,,
2018,11,00-0031503,J.Winston,QB,TB,NYG,12,16,199.0,2,1.0,0.0,-0.0,5,16.0,0,0,0,0.0,0,15.56,15.56,,,76.0,231.0,24.831875,3.0,Florida State,2015.0,2015.0,TB,1.0,,
2018,12,00-0031503,J.Winston,QB,TB,SF,29,38,312.0,2,0.0,1.0,8.0,7,24.0,0,0,0,0.0,0,22.88,22.88,,,76.0,231.0,24.831875,3.0,Florida State,2015.0,2015.0,TB,1.0,18.0,
2018,13,00-0031503,J.Winston,QB,TB,CAR,20,30,249.0,2,0.0,4.0,29.0,5,48.0,0,0,0,0.0,0,22.76,22.76,,,76.0,231.0,24.831875,3.0,Florida State,2015.0,2015.0,TB,1.0,7.0,
2018,14,00-0031503,J.Winston,QB,TB,NO,18,38,213.0,2,1.0,4.0,39.0,5,47.0,0,0,0,0.0,0,19.22,19.22,,,76.0,231.0,24.831875,3.0,Florida State,2015.0,2015.0,TB,1.0,-14.0,
2018,15,00-0031503,J.Winston,QB,TB,BAL,13,25,157.0,0,1.0,1.0,1.0,2,0.0,0,0,0,0.0,0,4.28,4.28,,,76.0,231.0,24.831875,3.0,Florida State,2015.0,2015.0,TB,1.0,,
2018,16,00-0031503,J.Winston,QB,TB,DAL,34,48,336.0,1,0.0,3.0,16.0,4,14.0,0,0,0,0.0,0,14.84,14.84,,,76.0,231.0,24.831875,3.0,Florida State,2015.0,2015.0,TB,1.0,,
2018,17,00-0031503,J.Winston,QB,TB,ATL,22,35,345.0,4,1.0,1.0,4.0,2,23.0,0,0,0,0.0,0,30.1,30.1,,,76.0,231.0,24.831875,3.0,Florida State,2015.0,2015.0,TB,1.0,-2.0,
2018,1,00-0031544,A.Cooper,WR,LV,LA,0,0,0.0,0,0.0,0.0,0.0,1,9.0,0,3,1,9.0,0,1.8,2.8,,,73.0,211.0,24.407117647058822,3.0,Alabama,2015.0,2015.0,OAK,4.0,,0.078947365
2018,2,00-0031544,A.Cooper,WR,LV,DEN,0,0,0.0,0,0.0,0.0,0.0,0,0.0,0,10,10,116.0,0,11.6,21.6,,,73.0,211.0,24.407117647058822,3.0,Alabama,2015.0,2015.0,OAK,4.0,,0.3125
2018,3,00-0031544,A.Cooper,WR,LV,MIA,0,0,0.0,0,0.0,0.0,0.0,0,0.0,0,5,2,17.0,0,1.7,3.7,,,73.0,211.0,24.407117647058822,3.0,Alabama,2015.0,2015.0,OAK,4.0,,0.13157895
2018,4,00-0031544,A.Cooper,WR,LV,CLE,0,0,0.0,0,0.0,0.0,0.0,0,0.0,0,11,8,128.0,1,18.8,26.8,,,73.0,211.0,24.407117647058822,3.0,Alabama,2015.0,2015.0,OAK,4.0,,0.19642857
2018,5,00-0031544,A.Cooper,WR,LV,LAC,0,0,0.0,0,0.0,0.0,0.0,0,0.0,0,1,1,10.0,0,1.0,2.0,,,73.0,211.0,24.407117647058822,3.0,Alabama,2015.0,2015.0,OAK,4.0,,0.032258064
2018,6,00-0031544,A.Cooper,WR,LV,SEA,0,0,0.0,0,0.0,0.0,0.0,0,0.0,0,1,0,0.0,0,0.0,0.0,,,73.0,211.0,24.407117647058822,3.0,Alabama,2015.0,2015.0,OAK,4.0,,0.033333335
2018,9,00-0031544,A.Cooper,WR,DAL,TEN,0,0,0.0,0,0.0,0.0,0.0,0,0.0,0,8,5,58.0,1,11.8,16.8,,,73.0,211.0,24.407117647058822,3.0,Alabama,2015.0,2015.0,OAK,4.0,-14.0,0.2580645
2018,10,00-0031544,A.Cooper,WR,DAL,PHI,0,0,0.0,0,0.0,0.0,0.0,0,0.0,0,10,6,75.0,0,7.5,13.5,,,73.0,211.0,24.407117647058822,3.0,Alabama,2015.0,2015.0,OAK,4.0,,0.29411766
2018,11,00-0031544,A.Cooper,WR,DAL,ATL,0,0,0.0,0,0.0,0.0,0.0,0,0.0,0,5,3,36.0,0,3.6,6.6,,,73.0,211.0,24.407117647058822,3.0,Alabama,2015.0,2015.0,OAK,4.0,,0.15625
2018,12,00-0031544,A.Cooper,WR,DAL,WAS,0,0,0.0,0,0.0,0.0,0.0,0,0.0,0,9,8,180.0,2,30.0,38.0,,,73.0,211.0,24.407117647058822,3.0,Alabama,2015.0,2015.0,OAK,4.0,8.0,0.29032257
2018,13,00-0031544,A.Cooper,WR,DAL,NO,0,0,0.0,0,0.0,0.0,0.0,0,0.0,0,8,8,76.0,0,5.6,13.6,,,73.0,211.0,24.407117647058822,3.0,Alabama,2015.0,2015.0,OAK,4.0,3.0,0.2857143
2018,14,00-0031544,A.Cooper,WR,DAL,PHI,0,0,0.0,0,0.0,0.0,0.0,0,0.0,0,13,10,217.0,3,39.7,49.7,,,73.0,211.0,24.407117647058822,3.0,Alabama,2015.0,2015.0,OAK,4.0,6.0,0.24528302
2018,15,00-0031544,A.Cooper,WR,DAL,IND,0,0,0.0,0,0.0,0.0,0.0,1,11.0,0,7,4,32.0,0,4.3,8.3,,,73.0,211.0,24.407117647058822,3.0,Alabama,2015.0,2015.0,OAK,4.0,,0.18421052
2018,16,00-0031544,A.Cooper,WR,DAL,TB,0,0,0.0,0,0.0,0.0,0.0,0,0.0,0,5,4,20.0,0,2.0,6.0,,,73.0,211.0,24.407117647058822,3.0,Alabama,2015.0,2015.0,OAK,4.0,7.0,0.2
2018,17,00-0031544,A.Cooper,WR,DAL,NYG,0,0,0.0,0,0.0,0.0,0.0,0,0.0,0,11,5,31.0,0,1.1,6.1,,,73.0,211.0,24.407117647058822,3.0,Alabama,2015.0,2015.0,OAK,4.0,,0.25581396
2018,18,00-0031544,A.Cooper,WR,DAL,SEA,0,0,0.0,0,0.0,0.0,0.0,0,0.0,0,9,7,106.0,0,10.6,17.6,,,73.0,211.0,24.407117647058822,3.0,Alabama,2015.0,2015.0,OAK,4.0,2.0,0.28125
2018,19,00-0031544,A.Cooper,WR,DAL,LA,0,0,0.0,0,0.0,0.0,0.0,0,0.0,0,9,6,65.0,1,14.5,20.5,,,73.0,211.0,24.407117647058822,3.0,Alabama,2015.0,2015.0,OAK,4.0,,0.28125
2018,7,00-0031545,K.White,WR,CHI,NE,0,0,0.0,0,0.0,0.0,0.0,0,0.0,0,2,2,64.0,0,6.4,8.4,,,75.0,216.0,26.374411764705883,3.0,West Virginia,2015.0,2015.0,CHI,7.0,-7.0,0.041666668
2018,8,00-0031545,K.White,WR,CHI,NYJ,0,0,0.0,0,0.0,0.0,0.0,0,0.0,0,3,1,6.0,0,0.6,1.6,,,75.0,216.0,26.374411764705883,3.0,West Virginia,2015.0,2015.0,CHI,7.0,14.0,0.10344828
2018,17,00-0031545,K.White,WR,CHI,MIN,0,0,0.0,0,0.0,0.0,0.0,0,0.0,0,3,1,22.0,0,2.2,3.2,,,75.0,216.0,26.374411764705883,3.0,West Virginia,2015.0,2015.0,CHI,7.0,,0.115384616
2018,3,00-0031547,D.Parker,WR,MIA,LV,0,0,0.0,0,0.0,0.0,0.0,0,0.0,0,3,2,40.0,0,4.0,6.0,,,75.0,212.0,25.7848125,3.0,Louisville,2015.0,2015.0,MIA,14.0,8.0,0.125
2018,6,00-0031547,D.Parker,WR,MIA,CHI,0,0,0.0,0,0.0,0.0,0.0,0,0.0,0,1,0,0.0,0,0.0,0.0,,,75.0,212.0,25.7848125,3.0,Louisville,2015.0,2015.0,MIA,14.0,3.0,0.025
2018,8,00-0031547,D.Parker,WR,MIA,HOU,0,0,0.0,0,0.0,0.0,0.0,0,0.0,0,9,6,134.0,0,13.4,19.4,,,75.0,212.0,25.7848125,3.0,Louisville,2015.0,2015.0,MIA,14.0,,0.27272728
2018,9,00-0031547,D.Parker,WR,MIA,NYJ,0,0,0.0,0,0.0,0.0,0.0,0,0.0,0,2,1,8.0,0,0.8,1.8,,,75.0,212.0,25.7848125,3.0,Louisville,2015.0,2015.0,MIA,14.0,7.0,0.09090909
2018,10,00-0031547,D.Parker,WR,MIA,GB,0,0,0.0,0,0.0,0.0,0.0,0,0.0,0,11,5,43.0,0,4.3,9.3,,,75.0,212.0,25.7848125,3.0,Louisville,2015.0,2015.0,MIA,14.0,,0.30555555
2018,12,00-0031547,D.Parker,WR,MIA,IND,0,0,0.0,0,0.0,0.0,0.0,0,0.0,0,3,3,10.0,0,1.0,4.0,,,75.0,212.0,25.7848125,3.0,Louisville,2015.0,2015.0,MIA,14.0,,0.125
2018,13,00-0031547,D.Parker,WR,MIA,BUF,0,0,0.0,0,0.0,0.0,0.0,0,0.0,0,7,4,43.0,1,10.3,14.3,,,75.0,212.0,25.7848125,3.0,Louisville,2015.0,2015.0,MIA,14.0,4.0,0.29166666
2018,14,00-0031547,D.Parker,WR,MIA,NE,0,0,0.0,0,0.0,0.0,0.0,0,0.0,0,4,1,18.0,0,1.8,2.8,,,75.0,212.0,25.7848125,3.0,Louisville,2015.0,2015.0,MIA,14.0,1.0,0.21052632
2018,15,00-0031547,D.Parker,WR,MIA,MIN,0,0,0.0,0,0.0,0.0,0.0,0,0.0,0,1,0,0.0,0,0.0,0.0,,,75.0,212.0,25.7848125,3.0,Louisville,2015.0,2015.0,MIA,14.0,,0.04347826
2018,16,00-0031547,D.Parker,WR,MIA,JAX,0,0,0.0,0,0.0,0.0,0.0,0,0.0,0,3,2,13.0,0,1.3,3.3,,,75.0,212.0,25.7848125,3.0,Louisville,2015.0,2015.0,MIA,14.0,-10.0,0.14285715
2018,17,00-0031547,D.Parker,WR,MIA,BUF,0,0,0.0,0,0.0,0.0,0.0,0,0.0,0,3,0,0.0,0,0.0,0.0,,,75.0,212.0,25.7848125,3.0,Louisville,2015.0,2015.0,MIA,14.0,,0.1
2018,1,00-0031549,N.Agholor,WR,PHI,ATL,1,1,15.0,0,0.0,0.0,-0.0,1,16.0,0,10,8,33.0,0,5.5,13.5,,,72.0,198.0,25.46777777777778,3.0,Southern California,2015.0,2015.0,PHI,20.0,6.0,0.2857143
2018,2,00-0031549,N.Agholor,WR,PHI,TB,0,0,0.0,0,0.0,0.0,0.0,1,2.0,0,12,8,88.0,1,15.0,23.0,,,72.0,198.0,25.46777777777778,3.0,Southern California,2015.0,2015.0,PHI,20.0,,0.25531915
2018,3,00-0031549,N.Agholor,WR,PHI,IND,0,0,0.0,0,0.0,0.0,0.0,0,0.0,0,5,4,24.0,0,2.4,6.4,,,72.0,198.0,25.46777777777778,3.0,Southern California,2015.0,2015.0,PHI,20.0,4.0,0.13513513
2018,4,00-0031549,N.Agholor,WR,PHI,TEN,0,0,0.0,0,0.0,0.0,0.0,0,0.0,0,12,5,22.0,0,2.2,7.2,,,72.0,198.0,25.46777777777778,3.0,Southern California,2015.0,2015.0,PHI,20.0,,0.24
2018,5,00-0031549,N.Agholor,WR,PHI,MIN,0,0,0.0,0,0.0,0.0,0.0,0,0.0,0,4,4,45.0,0,4.5,8.5,,,72.0,198.0,25.46777777777778,3.0,Southern California,2015.0,2015.0,PHI,20.0,-2.0,0.125
2018,6,00-0031549,N.Agholor,WR,PHI,NYG,0,0,0.0,0,0.0,0.0,0.0,0,0.0,0,5,3,91.0,0,9.1,12.1,,,72.0,198.0,25.46777777777778,3.0,Southern California,2015.0,2015.0,PHI,20.0,,0.1388889
2018,7,00-0031549,N.Agholor,WR,PHI,CAR,0,0,0.0,0,0.0,0.0,0.0,0,0.0,0,7,6,20.0,0,2.0,8.0,,,72.0,198.0,25.46777777777778,3.0,Southern California,2015.0,2015.0,PHI,20.0,-4.0,0.1891892
2018,8,00-0031549,N.Agholor,WR,PHI,JAX,0,0,0.0,0,0.0,0.0,0.0,1,14.0,0,6,3,49.0,0,6.3,9.3,,,72.0,198.0,25.46777777777778,3.0,Southern California,2015.0,2015.0,PHI,20.0,,0.2
2018,10,00-0031549,N.Agholor,WR,PHI,DAL,0,0,0.0,0,0.0,0.0,0.0,0,0.0,0,7,5,83.0,0,8.3,13.3,,,72.0,198.0,25.46777777777778,3.0,Southern California,2015.0,2015.0,PHI,20.0,-7.0,0.1627907
2018,11,00-0031549,N.Agholor,WR,PHI,NO,0,0,0.0,0,0.0,0.0,0.0,0,0.0,0,2,0,0.0,0,0.0,0.0,,,72.0,198.0,25.46777777777778,3.0,Southern California,2015.0,2015.0,PHI,20.0,,0.060606062
2018,12,00-0031549,N.Agholor,WR,PHI,NYG,0,0,0.0,0,0.0,0.0,0.0,0,0.0,0,1,1,12.0,0,1.2,2.2,,,72.0,198.0,25.46777777777778,3.0,Southern California,2015.0,2015.0,PHI,20.0,3.0,0.035714287
2018,13,00-0031549,N.Agholor,WR,PHI,WAS,0,0,0.0,0,0.0,0.0,0.0,0,0.0,0,8,4,56.0,0,5.6,9.6,,,72.0,198.0,25.46777777777778,3.0,Southern California,2015.0,2015.0,PHI,20.0,15.0,0.21052632
2018,14,00-0031549,N.Agholor,WR,PHI,DAL,0,0,0.0,0,0.0,0.0,0.0,0,0.0,0,3,2,49.0,0,4.9,6.9,,,72.0,198.0,25.46777777777778,3.0,Southern California,2015.0,2015.0,PHI,20.0,,0.09375
2018,15,00-0031549,N.Agholor,WR,PHI,LA,0,0,0.0,0,0.0,0.0,0.0,0,0.0,0,2,1,8.0,0,0.8,1.8,,,72.0,198.0,25.46777777777778,3.0,Southern California,2015.0,2015.0,PHI,20.0,,0.06451613
2018,16,00-0031549,N.Agholor,WR,PHI,HOU,0,0,0.0,0,0.0,0.0,0.0,0,0.0,0,7,5,116.0,1,17.6,22.6,,,72.0,198.0,25.46777777777778,3.0,Southern California,2015.0,2015.0,PHI,20.0,2.0,0.14285715
2018,17,00-0031549,N.Agholor,WR,PHI,WAS,0,0,0.0,0,0.0,0.0,0.0,0,0.0,0,6,5,40.0,2,16.0,21.0,,,72.0,198.0,25.46777777777778,3.0,Southern California,2015.0,2015.0,PHI,20.0,,0.1764706
2018,18,00-0031549,N.Agholor,WR,PHI,CHI,0,0,0.0,0,0.0,0.0,0.0,0,0.0,0,6,3,32.0,0,3.2,6.2,,,72.0,198.0,25.46777777777778,3.0,Southern California,2015.0,2015.0,PHI,20.0,,0.15
2018,19,00-0031549,N.Agholor,WR,PHI,NO,0,0,0.0,0,0.0,0.0,0.0,1,12.0,0,3,1,6.0,0,1.8,2.8,,,72.0,198.0,25.46777777777778,3.0,Southern California,2015.0,2015.0,PHI,20.0,,0.09677419
2018,1,00-0031558,M.Williams,TE,BAL,BUF,0,0,0.0,0,0.0,0.0,0.0,0,0.0,0,3,3,32.0,0,3.2,6.2,,,76.0,257.0,24.572352941176472,3.0,Minnesota,2015.0,2015.0,BAL,55.0,44.0,0.08108108
2018,2,00-0031558,M.Williams,TE,BAL,CIN,0,0,0.0,0,0.0,0.0,0.0,1,7.0,0,3,3,31.0,0,3.8,6.8,,,76.0,257.0,24.572352941176472,3.0,Minnesota,2015.0,2015.0,BAL,55.0,,0.056603774
2018,3,00-0031558,M.Williams,TE,BAL,DEN,0,0,0.0,0,0.0,0.0,0.0,0,0.0,0,1,1,5.0,0,0.5,1.5,,,76.0,257.0,24.572352941176472,3.0,Minnesota,2015.0,2015.0,BAL,55.0,13.0,0.02631579
2018,4,00-0031558,M.Williams,TE,BAL,PIT,0,0,0.0,0,0.0,0.0,0.0,0,0.0,0,5,5,51.0,0,5.1,10.1,,,76.0,257.0,24.572352941176472,3.0,Minnesota,2015.0,2015.0,BAL,55.0,,0.125
2018,5,00-0031558,M.Williams,TE,BAL,CLE,0,0,0.0,0,0.0,0.0,0.0,0,0.0,0,2,2,8.0,0,0.8,2.8,,,76.0,257.0,24.572352941176472,3.0,Minnesota,2015.0,2015.0,BAL,55.0,,0.03508772
2018,7,00-0031558,M.Williams,TE,BAL,NO,0,0,0.0,0,0.0,0.0,0.0,1,1.0,0,0,0,0.0,0,0.1,0.1,,,76.0,257.0,24.572352941176472,3.0,Minnesota,2015.0,2015.0,BAL,55.0,-1.0,
2018,14,00-0031558,M.Williams,TE,BAL,KC,0,0,0.0,0,0.0,0.0,0.0,0,0.0,0,1,1,10.0,1,7.0,8.0,,,76.0,257.0,24.572352941176472,3.0,Minnesota,2015.0,2015.0,BAL,55.0,,0.03846154
2018,15,00-0031558,M.Williams,TE,BAL,TB,0,0,0.0,0,0.0,0.0,0.0,0,0.0,0,2,1,6.0,0,0.6,1.6,,,76.0,257.0,24.572352941176472,3.0,Minnesota,2015.0,2015.0,BAL,55.0,8.0,0.0952381
2018,17,00-0031558,M.Williams,TE,BAL,CLE,0,0,0.0,0,0.0,0.0,0.0,1,0.0,0,0,0,0.0,0,0.0,0.0,,,76.0,257.0,24.572352941176472,3.0,Minnesota,2015.0,2015.0,BAL,55.0,2.0,
2018,18,00-0031558,M.Williams,TE,BAL,LAC,0,0,0.0,0,0.0,0.0,0.0,0,0.0,0,1,1,8.0,0,0.8,1.8,,,76.0,257.0,24.572352941176472,3.0,Minnesota,2015.0,2015.0,BAL,55.0,-6.0,0.03846154
2018,17,00-0031569,J.Langford,RB,ATL,TB,0,0,0.0,0,0.0,0.0,0.0,9,25.0,0,0,0,0.0,0,2.5,2.5,,,72.0,211.0,26.9101875,3.0,Michigan State,2015.0,2015.0,CHI,106.0,,
2018,4,00-0031570,J.Hardy,WR,ATL,CIN,0,0,0.0,0,0.0,0.0,0.0,0,0.0,0,1,1,4.0,0,0.4,1.4,,,70.0,192.0,26.880625,3.0,East Carolina,2015.0,2015.0,ATL,107.0,-1.0,0.02631579
2018,6,00-0031570,J.Hardy,WR,ATL,TB,0,0,0.0,0,0.0,0.0,0.0,0,0.0,0,7,3,33.0,0,3.3,6.3,,,70.0,192.0,26.880625,3.0,East Carolina,2015.0,2015.0,ATL,107.0,5.0,0.17073171
2018,7,00-0031570,J.Hardy,WR,ATL,NYG,0,0,0.0,0,0.0,0.0,0.0,0,0.0,0,2,2,24.0,0,2.4,4.4,,,70.0,192.0,26.880625,3.0,East Carolina,2015.0,2015.0,ATL,107.0,3.0,0.055555556
2018,10,00-0031570,J.Hardy,WR,ATL,CLE,0,0,0.0,0,0.0,0.0,0.0,0,0.0,0,1,1,7.0,0,0.7,1.7,,,70.0,192.0,26.880625,3.0,East Carolina,2015.0,2015.0,ATL,107.0,,0.019607844
2018,12,00-0031570,J.Hardy,WR,ATL,NO,0,0,0.0,0,0.0,0.0,0.0,0,0.0,0,2,1,6.0,0,0.6,1.6,,,70.0,192.0,26.880625,3.0,East Carolina,2015.0,2015.0,ATL,107.0,,0.04255319
2018,14,00-0031570,J.Hardy,WR,ATL,GB,0,0,0.0,0,0.0,0.0,0.0,0,0.0,0,4,3,30.0,1,9.0,12.0,,,70.0,192.0,26.880625,3.0,East Carolina,2015.0,2015.0,ATL,107.0,,0.0952381
2018,15,00-0031570,J.Hardy,WR,ATL,ARI,0,0,0.0,0,0.0,0.0,0.0,0,0.0,0,3,3,29.0,1,8.9,11.9,,,70.0,192.0,26.880625,3.0,East Carolina,2015.0,2015.0,ATL,107.0,26.0,0.083333336
2018,17,00-0031570,J.Hardy,WR,ATL,TB,0,0,0.0,0,0.0,0.0,0.0,0,0.0,0,2,0,0.0,0,0.0,0.0,,,70.0,192.0,26.880625,3.0,East Carolina,2015.0,2015.0,ATL,107.0,,0.046511628
2018,1,00-0031577,J.Allen,RB,BAL,BUF,0,0,0.0,0,0.0,0.0,0.0,4,17.0,1,6,5,15.0,0,9.2,14.2,,,72.0,222.0,27.19794117647059,3.0,Southern California,2015.0,2015.0,BAL,125.0,44.0,0.16216215
2018,2,00-0031577,J.Allen,RB,BAL,CIN,0,0,0.0,0,0.0,0.0,0.0,6,8.0,1,7,5,36.0,0,10.4,15.4,,,72.0,222.0,27.19794117647059,3.0,Southern California,2015.0,2015.0,BAL,125.0,,0.13207547
2018,3,00-0031577,J.Allen,RB,BAL,DEN,0,0,0.0,0,0.0,0.0,0.0,6,7.0,1,4,3,19.0,1,14.6,17.6,,,72.0,222.0,27.19794117647059,3.0,Southern California,2015.0,2015.0,BAL,125.0,13.0,0.10526316
2018,4,00-0031577,J.Allen,RB,BAL,PIT,0,0,0.0,0,0.0,0.0,0.0,10,30.0,0,2,2,17.0,0,4.7,6.7,,,72.0,222.0,27.19794117647059,3.0,Southern California,2015.0,2015.0,BAL,125.0,,0.05
2018,5,00-0031577,J.Allen,RB,BAL,CLE,0,0,0.0,0,0.0,0.0,0.0,8,34.0,0,8,6,44.0,0,5.8,11.8,,,72.0,222.0,27.19794117647059,3.0,Southern California,2015.0,2015.0,BAL,125.0,,0.14035088
2018,6,00-0031577,J.Allen,RB,BAL,TEN,0,0,0.0,0,0.0,0.0,0.0,1,1.0,0,3,3,18.0,0,1.9,4.9,,,72.0,222.0,27.19794117647059,3.0,Southern California,2015.0,2015.0,BAL,125.0,,0.08108108
2018,7,00-0031577,J.Allen,RB,BAL,NO,0,0,0.0,0,0.0,0.0,0.0,3,3.0,0,3,3,21.0,0,2.4,5.4,,,72.0,222.0,27.19794117647059,3.0,Southern California,2015.0,2015.0,BAL,125.0,-1.0,0.08108108
2018,8,00-0031577,J.Allen,RB,BAL,CAR,0,0,0.0,0,0.0,0.0,0.0,0,0.0,0,5,3,18.0,1,7.8,10.8,,,72.0,222.0,27.19794117647059,3.0,Southern California,2015.0,2015.0,BAL,125.0,,0.11363637
2018,9,00-0031577,J.Allen,RB,BAL,PIT,0,0,0.0,0,0.0,0.0,0.0,1,6.0,0,5,5,8.0,0,1.4,6.4,,,72.0,222.0,27.19794117647059,3.0,Southern California,2015.0,2015.0,BAL,125.0,-7.0,0.13513513
2018,11,00-0031577,J.Allen,RB,BAL,CIN,0,0,0.0,0,0.0,0.0,0.0,1,2.0,0,0,0,0.0,0,0.2,0.2,,,72.0,222.0,27.19794117647059,3.0,Southern California,2015.0,2015.0,BAL,125.0,3.0,
2018,12,00-0031577,J.Allen,RB,BAL,LV,0,0,0.0,0,0.0,0.0,0.0,1,2.0,0,0,0,0.0,0,0.2,0.2,,,72.0,222.0,27.19794117647059,3.0,Southern California,2015.0,2015.0,BAL,125.0,17.0,
2018,11,00-0031585,M.Pruitt,TE,TEN,IND,0,0,0.0,0,0.0,0.0,0.0,0,0.0,0,1,1,19.0,0,1.9,2.9,,,74.0,243.0,26.6154375,3.0,Southern Illinois,2015.0,2015.0,MIN,143.0,,0.03448276
2018,12,00-0031585,M.Pruitt,TE,TEN,HOU,0,0,0.0,0,0.0,0.0,0.0,0,0.0,0,1,1,13.0,0,1.3,2.3,,,74.0,243.0,26.6154375,3.0,Southern Illinois,2015.0,2015.0,MIN,143.0,,0.04347826
2018,13,00-0031585,M.Pruitt,TE,TEN,NYJ,0,0,0.0,0,0.0,0.0,0.0,0,0.0,0,1,1,4.0,0,0.4,1.4,,,74.0,243.0,26.6154375,3.0,Southern Illinois,2015.0,2015.0,MIN,143.0,4.0,0.030303031
2018,14,00-0031585,M.Pruitt,TE,TEN,JAX,0,0,0.0,0,0.0,0.0,0.0,0,0.0,0,1,1,9.0,0,0.9,1.9,,,74.0,243.0,26.6154375,3.0,Southern Illinois,2015.0,2015.0,MIN,143.0,21.0,0.041666668
2018,15,00-0031585,M.Pruitt,TE,TEN,NYG,0,0,0.0,0,0.0,0.0,0.0,0,0.0,0,2,1,2.0,0,0.2,1.2,,,74.0,243.0,26.6154375,3.0,Southern Illinois,2015.0,2015.0,MIN,143.0,,0.1
2018,16,00-0031585,M.Pruitt,TE,TEN,WAS,0,0,0.0,0,0.0,0.0,0.0,0,0.0,0,3,2,29.0,1,8.9,10.9,,,74.0,243.0,26.6154375,3.0,Southern Illinois,2015.0,2015.0,MIN,143.0,9.0,0.13043478
2018,17,00-0031585,M.Pruitt,TE,TEN,IND,0,0,0.0,0,0.0,0.0,0.0,0,0.0,0,2,2,26.0,0,2.6,4.6,,,74.0,243.0,26.6154375,3.0,Southern Illinois,2015.0,2015.0,MIN,143.0,-16.0,0.06896552
2018,1,00-0031588,S.Diggs,WR,MIN,SF,0,0,0.0,0,0.0,0.0,0.0,1,8.0,0,6,3,43.0,1,11.1,14.1,,,72.0,191.0,24.929375,3.0,Maryland,2015.0,2015.0,MIN,146.0,8.0,0.17142858
2018,2,00-0031588,S.Diggs,WR,MIN,GB,0,0,0.0,0,0.0,0.0,0.0,1,1.0,0,13,9,128.0,2,26.9,35.9,,,72.0,191.0,24.929375,3.0,Maryland,2015.0,2015.0,MIN,146.0,,0.27083334
2018,3,00-0031588,S.Diggs,WR,MIN,BUF,0,0,0.0,0,0.0,0.0,0.0,0,0.0,0,10,4,17.0,0,1.7,5.7,,,72.0,191.0,24.929375,3.0,Maryland,2015.0,2015.0,MIN,146.0,-21.0,0.18181819
2018,4,00-0031588,S.Diggs,WR,MIN,LA,0,0,0.0,0,0.0,0.0,0.0,0,0.0,0,15,11,123.0,0,12.3,23.3,,,72.0,191.0,24.929375,3.0,Maryland,2015.0,2015.0,MIN,146.0,,0.30612245
2018,5,00-0031588,S.Diggs,WR,MIN,PHI,0,0,0.0,0,0.0,0.0,0.0,2,25.0,0,11,10,91.0,0,11.6,21.6,,,72.0,191.0,24.929375,3.0,Maryland,2015.0,2015.0,MIN,146.0,,0.2972973
2018,6,00-0031588,S.Diggs,WR,MIN,ARI,0,0,0.0,0,0.0,0.0,0.0,1,9.0,0,4,3,33.0,0,4.2,7.2,,,72.0,191.0,24.929375,3.0,Maryland,2015.0,2015.0,MIN,146.0,10.0,0.12903225
2018,7,00-0031588,S.Diggs,WR,MIN,NYJ,0,0,0.0,0,0.0,0.0,0.0,2,-7.0,0,15,8,33.0,0,2.6,10.6,,,72.0,191.0,24.929375,3.0,Maryland,2015.0,2015.0,MIN,146.0,,0.3846154
2018,8,00-0031588,S.Diggs,WR,MIN,NO,0,0,0.0,0,0.0,0.0,0.0,0,0.0,0,11,10,119.0,1,17.9,27.9,,,72.0,191.0,24.929375,3.0,Maryland,2015.0,2015.0,MIN,146.0,-10.0,0.275
2018,11,00-0031588,S.Diggs,WR,MIN,CHI,0,0,0.0,0,0.0,0.0,0.0,0,0.0,0,18,13,126.0,1,18.6,31.6,,,72.0,191.0,24.929375,3.0,Maryland,2015.0,2015.0,MIN,146.0,,0.4
2018,12,00-0031588,S.Diggs,WR,MIN,GB,0,0,0.0,0,0.0,0.0,0.0,1,12.0,0,11,8,77.0,1,14.9,22.9,,,72.0,191.0,24.929375,3.0,Maryland,2015.0,2015.0,MIN,146.0,7.0,0.2972973
2018,13,00-0031588,S.Diggs,WR,MIN,NE,0,0,0.0,0,0.0,0.0,0.0,0,0.0,0,6,5,49.0,0,4.9,9.9,,,72.0,191.0,24.929375,3.0,Maryland,2015.0,2015.0,MIN,146.0,,0.13636364
2018,14,00-0031588,S.Diggs,WR,MIN,SEA,0,0,0.0,0,0.0,0.0,0.0,1,5.0,0,6,4,76.0,0,8.1,12.1,,,72.0,191.0,24.929375,3.0,Maryland,2015.0,2015.0,MIN,146.0,,0.19354838
2018,15,00-0031588,S.Diggs,WR,MIN,MIA,0,0,0.0,0,0.0,0.0,0.0,1,9.0,0,7,4,49.0,1,11.8,15.8,,,72.0,191.0,24.929375,3.0,Maryland,2015.0,2015.0,MIN,146.0,24.0,0.35
2018,16,00-0031588,S.Diggs,WR,MIN,DET,0,0,0.0,0,0.0,0.0,0.0,0,0.0,0,6,2,10.0,1,7.0,9.0,,,72.0,191.0,24.929375,3.0,Maryland,2015.0,2015.0,MIN,146.0,,0.21428572
2018,17,00-0031588,S.Diggs,WR,MIN,CHI,0,0,0.0,0,0.0,0.0,0.0,0,0.0,0,10,8,47.0,1,10.7,18.7,,,72.0,191.0,24.929375,3.0,Maryland,2015.0,2015.0,MIN,146.0,-14.0,0.32258064
2018,1,00-0031590,J.Ajayi,RB,PHI,ATL,0,0,0.0,0,0.0,0.0,0.0,15,62.0,2,0,0,0.0,0,20.2,20.2,,,72.0,223.0,25.4075,3.0,Boise State,2015.0,2015.0,MIA,149.0,6.0,
2018,2,00-0031590,J.Ajayi,RB,PHI,TB,0,0,0.0,0,0.0,0.0,0.0,7,23.0,1,1,1,4.0,0,8.7,9.7,,,72.0,223.0,25.4075,3.0,Boise State,2015.0,2015.0,MIA,149.0,,0.021276595
2018,4,00-0031590,J.Ajayi,RB,PHI,TEN,0,0,0.0,0,0.0,0.0,0.0,15,70.0,0,4,3,11.0,0,8.1,11.1,,,72.0,223.0,25.4075,3.0,Boise State,2015.0,2015.0,MIA,149.0,,0.08
2018,5,00-0031590,J.Ajayi,RB,PHI,MIN,0,0,0.0,0,0.0,0.0,0.0,8,29.0,0,1,1,5.0,0,1.4,2.4,,,72.0,223.0,25.4075,3.0,Boise State,2015.0,2015.0,MIA,149.0,-2.0,0.03125
2018,1,00-0031595,M.Burton,FB,CHI,GB,0,0,0.0,0,0.0,0.0,0.0,0,0.0,0,1,1,6.0,0,0.6,1.6,,,72.0,240.0,26.771411764705885,3.0,Rutgers,2015.0,2015.0,DET,168.0,,0.030303031
2018,1,00-0031598,N.Boyle,TE,BAL,BUF,0,0,0.0,0,0.0,0.0,0.0,0,0.0,0,6,3,40.0,0,4.0,7.0,,,76.0,270.0,25.719529411764704,3.0,Delaware,2015.0,2015.0,BAL,171.0,44.0,0.16216215
2018,2,00-0031598,N.Boyle,TE,BAL,CIN,0,0,0.0,0,0.0,0.0,0.0,0,0.0,0,4,2,26.0,0,2.6,4.6,,,76.0,270.0,25.719529411764704,3.0,Delaware,2015.0,2015.0,BAL,171.0,,0.0754717
2018,3,00-0031598,N.Boyle,TE,BAL,DEN,0,0,0.0,0,0.0,0.0,0.0,0,0.0,0,1,1,2.0,0,0.2,1.2,,,76.0,270.0,25.719529411764704,3.0,Delaware,2015.0,2015.0,BAL,171.0,13.0,0.02631579
2018,4,00-0031598,N.Boyle,TE,BAL,PIT,0,0,0.0,0,0.0,0.0,0.0,0,0.0,0,5,3,36.0,0,3.6,6.6,,,76.0,270.0,25.719529411764704,3.0,Delaware,2015.0,2015.0,BAL,171.0,,0.125
2018,5,00-0031598,N.Boyle,TE,BAL,CLE,0,0,0.0,0,0.0,0.0,0.0,0,0.0,0,2,1,10.0,0,1.0,2.0,,,76.0,270.0,25.719529411764704,3.0,Delaware,2015.0,2015.0,BAL,171.0,,0.03508772
2018,6,00-0031598,N.Boyle,TE,BAL,TEN,0,0,0.0,0,0.0,0.0,0.0,0,0.0,0,4,2,7.0,0,0.7,2.7,,,76.0,270.0,25.719529411764704,3.0,Delaware,2015.0,2015.0,BAL,171.0,,0.10810811
2018,7,00-0031598,N.Boyle,TE,BAL,NO,0,0,0.0,0,0.0,0.0,0.0,0,0.0,0,2,1,8.0,0,0.8,1.8,,,76.0,270.0,25.719529411764704,3.0,Delaware,2015.0,2015.0,BAL,171.0,-1.0,0.054054055
2018,8,00-0031598,N.Boyle,TE,BAL,CAR,0,0,0.0,0,0.0,0.0,0.0,0,0.0,0,3,1,7.0,0,0.7,1.7,,,76.0,270.0,25.719529411764704,3.0,Delaware,2015.0,2015.0,BAL,171.0,,0.06818182
2018,11,00-0031598,N.Boyle,TE,BAL,CIN,0,0,0.0,0,0.0,0.0,0.0,0,0.0,0,4,4,36.0,0,3.6,7.6,,,76.0,270.0,25.719529411764704,3.0,Delaware,2015.0,2015.0,BAL,171.0,3.0,0.22222222
2018,12,00-0031598,N.Boyle,TE,BAL,LV,0,0,0.0,0,0.0,0.0,0.0,0,0.0,0,2,2,19.0,0,1.9,3.9,,,76.0,270.0,25.719529411764704,3.0,Delaware,2015.0,2015.0,BAL,171.0,17.0,0.083333336
2018,13,00-0031598,N.Boyle,TE,BAL,ATL,0,0,0.0,0,0.0,0.0,0.0,0,0.0,0,2,1,7.0,0,0.7,1.7,,,76.0,270.0,25.719529411764704,3.0,Delaware,2015.0,2015.0,BAL,171.0,,0.08
2018,16,00-0031598,N.Boyle,TE,BAL,LAC,0,0,0.0,0,0.0,0.0,0.0,0,0.0,0,2,2,15.0,0,1.5,3.5,,,76.0,270.0,25.719529411764704,3.0,Delaware,2015.0,2015.0,BAL,171.0,,0.09090909
2018,11,00-0031599,C.Artis-Payne,RB,CAR,DET,0,0,0.0,0,0.0,0.0,0.0,1,1.0,0,0,0,0.0,0,0.1,0.1,,,70.0,215.0,28.372625,3.0,Auburn,2015.0,2015.0,CAR,174.0,,
2018,14,00-0031599,C.Artis-Payne,RB,CAR,CLE,0,0,0.0,0,0.0,0.0,0.0,1,5.0,0,0,0,0.0,0,0.5,0.5,,,70.0,215.0,28.372625,3.0,Auburn,2015.0,2015.0,CAR,174.0,,
2018,16,00-0031599,C.Artis-Payne,RB,CAR,ATL,0,0,0.0,0,0.0,0.0,0.0,1,7.0,0,2,1,13.0,0,2.0,3.0,,,70.0,215.0,28.372625,3.0,Auburn,2015.0,2015.0,CAR,174.0,-14.0,0.036363635
2018,17,00-0031599,C.Artis-Payne,RB,CAR,NO,0,0,0.0,0,0.0,0.0,0.0,16,56.0,1,2,2,2.0,0,11.8,13.8,,,70.0,215.0,28.372625,3.0,Auburn,2015.0,2015.0,CAR,174.0,,0.06666667
2018,2,00-0031609,A.Derby,TE,MIA,NYJ,0,0,0.0,0,0.0,0.0,0.0,0,0.0,0,2,1,19.0,1,7.9,8.9,,,77.0,255.0,27.1210625,3.0,Arkansas,2015.0,2015.0,NE,202.0,,0.08695652
2018,3,00-0031609,A.Derby,TE,MIA,LV,0,0,0.0,0,0.0,0.0,0.0,0,0.0,0,1,1,16.0,0,1.6,2.6,,,77.0,255.0,27.1210625,3.0,Arkansas,2015.0,2015.0,NE,202.0,8.0,0.041666668
2018,10,00-0031609,A.Derby,TE,MIA,GB,0,0,0.0,0,0.0,0.0,0.0,0,0.0,0,2,1,13.0,0,1.3,2.3,,,77.0,255.0,27.1210625,3.0,Arkansas,2015.0,2015.0,NE,202.0,,0.055555556
2018,15,00-0031610,D.Waller,TE,LV,CIN,0,0,0.0,0,0.0,0.0,0.0,1,21.0,0,1,1,44.0,0,6.5,7.5,,,78.0,255.0,26.139499999999998,3.0,Georgia Tech,2015.0,2015.0,BAL,204.0,,0.030303031
2018,16,00-0031610,D.Waller,TE,LV,DEN,0,0,0.0,0,0.0,0.0,0.0,0,0.0,0,2,2,8.0,0,0.8,2.8,,,78.0,255.0,26.139499999999998,3.0,Georgia Tech,2015.0,2015.0,BAL,204.0,,0.07692308
2018,17,00-0031610,D.Waller,TE,LV,KC,0,0,0.0,0,0.0,0.0,0.0,0,0.0,0,3,3,23.0,0,2.3,5.3,,,78.0,255.0,26.139499999999998,3.0,Georgia Tech,2015.0,2015.0,BAL,204.0,,0.09375
2018,10,00-0031665,Z.Zenner,RB,DET,CHI,0,0,0.0,0,0.0,0.0,0.0,1,12.0,0,0,0,0.0,0,1.2,1.2,,,71.0,221.0,27.1461875,3.0,South Dakota,2015.0,2015.0,,,,
2018,12,00-0031665,Z.Zenner,RB,DET,CHI,0,0,0.0,0,0.0,0.0,0.0,2,9.0,0,1,1,4.0,0,1.3,2.3,,,71.0,221.0,27.1461875,3.0,South Dakota,2015.0,2015.0,,,-7.0,0.027027028
2018,13,00-0031665,Z.Zenner,RB,DET,LA,0,0,0.0,0,0.0,0.0,0.0,1,7.0,0,0,0,0.0,0,0.7,0.7,,,71.0,221.0,27.1461875,3.0,South Dakota,2015.0,2015.0,,,-14.0,
2018,14,00-0031665,Z.Zenner,RB,DET,ARI,0,0,0.0,0,0.0,0.0,0.0,12,54.0,1,0,0,0.0,0,11.4,11.4,,,71.0,221.0,27.1461875,3.0,South Dakota,2015.0,2015.0,,,,
2018,15,00-0031665,Z.Zenner,RB,DET,BUF,0,0,0.0,0,0.0,0.0,0.0,10,45.0,1,4,3,0.0,0,10.5,13.5,,,71.0,221.0,27.1461875,3.0,South Dakota,2015.0,2015.0,,,,0.14285715
2018,16,00-0031665,Z.Zenner,RB,DET,MIN,0,0,0.0,0,0.0,0.0,0.0,8,45.0,0,3,2,22.0,0,6.7,8.7,,,71.0,221.0,27.1461875,3.0,South Dakota,2015.0,2015.0,,,-18.0,0.071428575
2018,17,00-0031665,Z.Zenner,RB,DET,GB,0,0,0.0,0,0.0,0.0,0.0,21,93.0,1,2,1,30.0,0,18.3,19.3,,,71.0,221.0,27.1461875,3.0,South Dakota,2015.0,2015.0,,,,0.060606062
2018,3,00-0031687,R.Mostert,RB,SF,KC,0,0,0.0,0,0.0,0.0,0.0,1,0.0,0,1,1,8.0,0,0.8,1.8,,,70.0,197.0,26.5684375,3.0,Purdue,2015.0,2015.0,,,,0.033333335
2018,5,00-0031687,R.Mostert,RB,SF,ARI,0,0,0.0,0,0.0,0.0,0.0,5,11.0,0,1,1,-2.0,0,-1.1,-0.1,,,70.0,197.0,26.5684375,3.0,Purdue,2015.0,2015.0,,,-10.0,0.018518519
2018,6,00-0031687,R.Mostert,RB,SF,GB,0,0,0.0,0,0.0,0.0,0.0,12,87.0,0,0,0,0.0,0,8.7,8.7,,,70.0,197.0,26.5684375,3.0,Purdue,2015.0,2015.0,,,,
2018,7,00-0031687,R.Mostert,RB,SF,LA,0,0,0.0,0,0.0,0.0,0.0,7,59.0,0,4,4,19.0,0,7.8,11.8,,,70.0,197.0,26.5684375,3.0,Purdue,2015.0,2015.0,,,-29.0,0.14814815
2018,8,00-0031687,R.Mostert,RB,SF,ARI,0,0,0.0,0,0.0,0.0,0.0,2,18.0,0,1,0,0.0,0,1.8,1.8,,,70.0,197.0,26.5684375,3.0,Purdue,2015.0,2015.0,,,,0.037037037
2018,9,00-0031687,R.Mostert,RB,SF,LV,0,0,0.0,0,0.0,0.0,0.0,7,86.0,1,0,0,0.0,0,14.6,14.6,,,70.0,197.0,26.5684375,3.0,Purdue,2015.0,2015.0,,,31.0,
2018,1,00-0031690,E.Tomlinson,TE,NYJ,DET,0,0,0.0,0,0.0,0.0,0.0,0,0.0,0,1,1,7.0,0,0.7,1.7,,,78.0,263.0,26.532375,3.0,Texas-El Paso,2015.0,2015.0,,,,0.05
2018,2,00-0031690,E.Tomlinson,TE,NYJ,MIA,0,0,0.0,0,0.0,0.0,0.0,0,0.0,0,2,1,24.0,0,2.4,3.4,,,78.0,263.0,26.532375,3.0,Texas-El Paso,2015.0,2015.0,,,-8.0,0.048780486
2018,3,00-0031690,E.Tomlinson,TE,NYJ,CLE,0,0,0.0,0,0.0,0.0,0.0,0,0.0,0,2,1,14.0,0,1.4,2.4,,,78.0,263.0,26.532375,3.0,Texas-El Paso,2015.0,2015.0,,,,0.06666667
2018,5,00-0031690,E.Tomlinson,TE,NYJ,DEN,0,0,0.0,0,0.0,0.0,0.0,0,0.0,0,3,2,15.0,0,1.5,3.5,,,78.0,263.0,26.532375,3.0,Texas-El Paso,2015.0,2015.0,,,18.0,0.13636364
2018,7,00-0031690,E.Tomlinson,TE,NYJ,MIN,0,0,0.0,0,0.0,0.0,0.0,0,0.0,0,2,1,-5.0,0,-0.5,0.5,,,78.0,263.0,26.532375,3.0,Texas-El Paso,2015.0,2015.0,,,-20.0,0.04761905
2018,9,00-0031690,E.Tomlinson,TE,NYJ,MIA,0,0,0.0,0,0.0,0.0,0.0,0,0.0,0,2,1,6.0,0,0.6,1.6,,,78.0,263.0,26.532375,3.0,Texas-El Paso,2015.0,2015.0,,,,0.05263158
2018,10,00-0031690,E.Tomlinson,TE,NYJ,BUF,0,0,0.0,0,0.0,0.0,0.0,0,0.0,0,1,0,0.0,0,0.0,0.0,,,78.0,263.0,26.532375,3.0,Texas-El Paso,2015.0,2015.0,,,-31.0,0.030303031
2018,15,00-0031690,E.Tomlinson,TE,NYJ,HOU,0,0,0.0,0,0.0,0.0,0.0,0,0.0,0,1,1,11.0,0,1.1,2.1,,,78.0,263.0,26.532375,3.0,Texas-El Paso,2015.0,2015.0,,,-7.0,0.028571429
2018,1,00-0031731,C.Grant,RB,JAX,NYG,0,0,0.0,0,0.0,0.0,0.0,1,3.0,0,0,0,0.0,0,0.3,0.3,,,71.0,203.0,26.8769375,3.0,Auburn,2015.0,2015.0,,,,
2018,2,00-0031731,C.Grant,RB,JAX,NE,0,0,0.0,0,0.0,0.0,0.0,4,13.0,0,7,6,56.0,0,6.9,12.9,,,71.0,203.0,26.8769375,3.0,Auburn,2015.0,2015.0,,,11.0,0.1590909
2018,3,00-0031731,C.Grant,RB,JAX,TEN,0,0,0.0,0,0.0,0.0,0.0,6,11.0,0,2,1,-1.0,0,1.0,2.0,,,71.0,203.0,26.8769375,3.0,Auburn,2015.0,2015.0,,,-3.0,0.05882353
2018,4,00-0031731,C.Grant,RB,JAX,NYJ,0,0,0.0,0,0.0,0.0,0.0,1,5.0,0,3,2,12.0,0,1.7,3.7,,,71.0,203.0,26.8769375,3.0,Auburn,2015.0,2015.0,,,19.0,0.078947365
2018,5,00-0031731,C.Grant,RB,JAX,KC,0,0,0.0,0,0.0,0.0,0.0,1,8.0,0,0,0,0.0,0,0.8,0.8,,,71.0,203.0,26.8769375,3.0,Auburn,2015.0,2015.0,,,,
2018,1,00-0031744,M.LaCosse,TE,DEN,SEA,0,0,0.0,0,0.0,0.0,0.0,0,0.0,0,1,0,0.0,0,0.0,0.0,,,78.0,261.0,26.117562500000002,3.0,Illinois,2015.0,2015.0,,,3.0,0.025641026
2018,4,00-0031744,M.LaCosse,TE,DEN,KC,0,0,0.0,0,0.0,0.0,0.0,0,0.0,0,1,1,17.0,0,1.7,2.7,,,78.0,261.0,26.117562500000002,3.0,Illinois,2015.0,2015.0,,,-4.0,0.030303031
2018,5,00-0031744,M.LaCosse,TE,DEN,NYJ,0,0,0.0,0,0.0,0.0,0.0,0,0.0,0,2,2,19.0,0,1.9,3.9,,,78.0,261.0,26.117562500000002,3.0,Illinois,2015.0,2015.0,,,,0.039215688
2018,6,00-0031744,M.LaCosse,TE,DEN,LA,0,0,0.0,0,0.0,0.0,0.0,0,0.0,0,4,1,7.0,0,0.7,1.7,,,78.0,261.0,26.117562500000002,3.0,Illinois,2015.0,2015.0,,,-3.0,0.102564104
2018,7,00-0031744,M.LaCosse,TE,DEN,ARI,0,0,0.0,0,0.0,0.0,0.0,0,0.0,0,1,1,12.0,0,1.2,2.2,,,78.0,261.0,26.117562500000002,3.0,Illinois,2015.0,2015.0,,,,0.05263158
2018,8,00-0031744,M.LaCosse,TE,DEN,KC,0,0,0.0,0,0.0,0.0,0.0,0,0.0,0,5,4,29.0,0,2.9,6.9,,,78.0,261.0,26.117562500000002,3.0,Illinois,2015.0,2015.0,,,,0.15151516
2018,9,00-0031744,M.LaCosse,TE,DEN,HOU,0,0,0.0,0,0.0,0.0,0.0,0,0.0,0,1,1,44.0,0,4.4,5.4,,,78.0,261.0,26.117562500000002,3.0,Illinois,2015.0,2015.0,,,-2.0,0.02631579
2018,11,00-0031744,M.LaCosse,TE,DEN,LAC,0,0,0.0,0,0.0,0.0,0.0,0,0.0,0,2,1,9.0,0,0.9,1.9,,,78.0,261.0,26.117562500000002,3.0,Illinois,2015.0,2015.0,,,,0.06451613
2018,12,00-0031744,M.LaCosse,TE,DEN,PIT,0,0,0.0,0,0.0,0.0,0.0,0,0.0,0,4,3,34.0,1,9.4,12.4,,,78.0,261.0,26.117562500000002,3.0,Illinois,2015.0,2015.0,,,7.0,0.14285715
2018,13,00-0031744,M.LaCosse,TE,DEN,CIN,0,0,0.0,0,0.0,0.0,0.0,0,0.0,0,1,0,0.0,0,0.0,0.0,,,78.0,261.0,26.117562500000002,3.0,Illinois,2015.0,2015.0,,,,0.05263158
2018,14,00-0031744,M.LaCosse,TE,DEN,SF,0,0,0.0,0,0.0,0.0,0.0,0,0.0,0,1,1,3.0,0,0.3,1.3,,,78.0,261.0,26.117562500000002,3.0,Illinois,2015.0,2015.0,,,,0.02631579
2018,15,00-0031744,M.LaCosse,TE,DEN,CLE,0,0,0.0,0,0.0,0.0,0.0,0,0.0,0,6,4,43.0,0,4.3,8.3,,,78.0,261.0,26.117562500000002,3.0,Illinois,2015.0,2015.0,,,-1.0,0.13333334
2018,17,00-0031744,M.LaCosse,TE,DEN,LAC,0,0,0.0,0,0.0,0.0,0.0,0,0.0,0,8,5,33.0,0,3.3,8.3,,,78.0,261.0,26.117562500000002,3.0,Illinois,2015.0,2015.0,,,-14.0,0.17021276
2018,1,00-0031763,D.Carter,WR,PHI,ATL,0,0,0.0,0,0.0,0.0,0.0,0,0.0,0,1,1,10.0,0,1.0,2.0,,,68.0,190.0,25.577823529411763,3.0,Sacramento State,2015.0,2015.0,,,6.0,0.028571429
2018,6,00-0031763,D.Carter,WR,PHI,NYG,0,0,0.0,0,0.0,0.0,0.0,0,0.0,0,1,1,11.0,0,1.1,2.1,,,68.0,190.0,25.577823529411763,3.0,Sacramento State,2015.0,2015.0,,,,0.027777778
2018,12,00-0031763,D.Carter,WR,HOU,TEN,0,0,0.0,0,0.0,0.0,0.0,0,0.0,0,1,1,14.0,0,1.4,2.4,,,68.0,190.0,25.577823529411763,3.0,Sacramento State,2015.0,2015.0,,,17.0,0.04347826
2018,13,00-0031763,D.Carter,WR,HOU,CLE,0,0,0.0,0,0.0,0.0,0.0,0,0.0,0,6,6,32.0,0,3.2,9.2,,,68.0,190.0,25.577823529411763,3.0,Sacramento State,2015.0,2015.0,,,16.0,0.20689656
2018,14,00-0031763,D.Carter,WR,HOU,IND,0,0,0.0,0,0.0,0.0,0.0,0,0.0,0,1,1,0.0,0,0.0,1.0,,,68.0,190.0,25.577823529411763,3.0,Sacramento State,2015.0,2015.0,,,-3.0,0.02631579
2018,15,00-0031763,D.Carter,WR,HOU,NYJ,0,0,0.0,0,0.0,0.0,0.0,1,7.0,0,3,2,55.0,0,6.2,8.2,,,68.0,190.0,25.577823529411763,3.0,Sacramento State,2015.0,2015.0,,,,0.115384616
2018,16,00-0031763,D.Carter,WR,HOU,PHI,0,0,0.0,0,0.0,0.0,0.0,0,0.0,0,7,6,61.0,0,6.1,12.1,,,68.0,190.0,25.577823529411763,3.0,Sacramento State,2015.0,2015.0,,,,0.175
2018,17,00-0031763,D.Carter,WR,HOU,JAX,0,0,0.0,0,0.0,0.0,0.0,0,0.0,0,5,4,33.0,0,3.3,7.3,,,68.0,190.0,25.577823529411763,3.0,Sacramento State,2015.0,2015.0,,,17.0,0.14285715
2018,15,00-0031782,E.Rogers,WR,PIT,NE,0,0,0.0,0,0.0,0.0,0.0,0,0.0,0,4,4,20.0,0,2.0,6.0,,,70.0,187.0,25.8664375,3.0,Louisville,2015.0,2015.0,,,7.0,0.121212125
2018,16,00-0031782,E.Rogers,WR,PIT,NO,0,0,0.0,0,0.0,0.0,0.0,0,0.0,0,1,1,2.0,0,2.2,3.2,,,70.0,187.0,25.8664375,3.0,Louisville,2015.0,2015.0,,,,0.020408163
2018,17,00-0031782,E.Rogers,WR,PIT,CIN,0,0,0.0,0,0.0,0.0,0.0,1,-4.0,0,9,7,57.0,0,5.3,12.3,,,70.0,187.0,25.8664375,3.0,Louisville,2015.0,2015.0,,,3.0,0.2
2018,13,00-0031787,J.Kumerow,WR,GB,ARI,0,0,0.0,0,0.0,0.0,0.0,0,0.0,0,2,1,11.0,0,1.1,2.1,,,76.0,209.0,26.7151875,3.0,Wisconsin-Whitewater,2015.0,2015.0,,,-3.0,0.041666668
2018,15,00-0031787,J.Kumerow,WR,GB,CHI,0,0,0.0,0,0.0,0.0,0.0,0,0.0,0,2,1,5.0,0,0.5,1.5,,,76.0,209.0,26.7151875,3.0,Wisconsin-Whitewater,2015.0,2015.0,,,,0.05
2018,16,00-0031787,J.Kumerow,WR,GB,NYJ,0,0,0.0,0,0.0,0.0,0.0,0,0.0,0,3,3,68.0,1,12.8,15.8,,,76.0,209.0,26.7151875,3.0,Wisconsin-Whitewater,2015.0,2015.0,,,,0.056603774
2018,17,00-0031787,J.Kumerow,WR,GB,DET,0,0,0.0,0,0.0,0.0,0.0,0,0.0,0,4,3,19.0,0,1.9,4.9,,,76.0,209.0,26.7151875,3.0,Wisconsin-Whitewater,2015.0,2015.0,,,-31.0,0.11111111
2018,7,00-0031788,M.Lengel,TE,CIN,KC,0,0,0.0,0,0.0,0.0,0.0,0,0.0,0,1,0,0.0,0,0.0,0.0,,,79.0,266.0,27.8549375,3.0,Eastern Kentucky,2015.0,2015.0,,,,0.03125
2018,8,00-0031788,M.Lengel,TE,CIN,TB,0,0,0.0,0,0.0,0.0,0.0,0,0.0,0,1,1,4.0,0,0.4,1.4,,,79.0,266.0,27.8549375,3.0,Eastern Kentucky,2015.0,2015.0,,,3.0,0.03125
2018,11,00-0031788,M.Lengel,TE,CIN,BAL,0,0,0.0,0,0.0,0.0,0.0,0,0.0,0,1,1,4.0,1,6.4,7.4,,,79.0,266.0,27.8549375,3.0,Eastern Kentucky,2015.0,2015.0,,,,0.027777778
2018,12,00-0031788,M.Lengel,TE,CIN,CLE,0,0,0.0,0,0.0,0.0,0.0,0,0.0,0,1,0,0.0,0,0.0,0.0,,,79.0,266.0,27.8549375,3.0,Eastern Kentucky,2015.0,2015.0,,,-15.0,0.022222223
2018,13,00-0031788,M.Lengel,TE,CIN,DEN,0,0,0.0,0,0.0,0.0,0.0,0,0.0,0,2,1,9.0,0,0.9,1.9,,,79.0,266.0,27.8549375,3.0,Eastern Kentucky,2015.0,2015.0,,,-14.0,0.055555556
2018,15,00-0031788,M.Lengel,TE,CIN,LV,0,0,0.0,0,0.0,0.0,0.0,0,0.0,0,2,0,0.0,0,0.0,0.0,,,79.0,266.0,27.8549375,3.0,Eastern Kentucky,2015.0,2015.0,,,14.0,0.060606062
2018,8,00-0031800,T.Heinicke,QB,CAR,BAL,1,1,13.0,0,0.0,0.0,-0.0,2,-2.0,0,0,0,0.0,0,0.32,0.32,,,73.0,210.0,25.645625,3.0,Old Dominion,2015.0,2015.0,,,15.0,
2018,11,00-0031800,T.Heinicke,QB,CAR,DET,0,1,0.0,0,0.0,0.0,-0.0,0,0.0,0,0,0,0.0,0,0.0,0.0,,,73.0,210.0,25.645625,3.0,Old Dominion,2015.0,2015.0,,,,
2018,13,00-0031800,T.Heinicke,QB,CAR,TB,0,1,0.0,0,0.0,0.0,-0.0,0,0.0,0,0,0,0.0,0,0.0,0.0,,,73.0,210.0,25.645625,3.0,Old Dominion,2015.0,2015.0,,,,
2018,14,00-0031800,T.Heinicke,QB,CAR,CLE,1,1,33.0,0,0.0,0.0,-0.0,0,0.0,0,0,0,0.0,0,1.32,1.32,,,73.0,210.0,25.645625,3.0,Old Dominion,2015.0,2015.0,,,,
2018,16,00-0031800,T.Heinicke,QB,CAR,ATL,33,53,274.0,1,3.0,2.0,17.0,3,33.0,0,0,0,0.0,0,12.26,12.26,,,73.0,210.0,25.645625,3.0,Old Dominion,2015.0,2015.0,,,-14.0,
2018,1,00-0031806,M.Brown,RB,LA,LV,0,0,0.0,0,0.0,0.0,0.0,1,5.0,0,2,2,18.0,0,2.3,4.3,,,71.0,227.0,25.503947368421052,3.0,Texas,2015.0,2015.0,,,,0.060606062
2018,2,00-0031806,M.Brown,RB,LA,ARI,0,0,0.0,0,0.0,0.0,0.0,12,46.0,0,1,0,0.0,0,6.6,6.6,,,71.0,227.0,25.503947368421052,3.0,Texas,2015.0,2015.0,,,34.0,0.032258064
2018,3,00-0031806,M.Brown,RB,LA,LAC,0,0,0.0,0,0.0,0.0,0.0,5,42.0,0,1,0,0.0,0,4.2,4.2,,,71.0,227.0,25.503947368421052,3.0,Texas,2015.0,2015.0,,,12.0,0.028571429
2018,6,00-0031806,M.Brown,RB,LA,DEN,0,0,0.0,0,0.0,0.0,0.0,5,24.0,0,0,0,0.0,0,2.4,2.4,,,71.0,227.0,25.503947368421052,3.0,Texas,2015.0,2015.0,,,,
2018,7,00-0031806,M.Brown,RB,LA,SF,0,0,0.0,0,0.0,0.0,0.0,13,65.0,0,1,1,6.0,0,7.1,8.1,,,71.0,227.0,25.503947368421052,3.0,Texas,2015.0,2015.0,,,,0.041666668
2018,8,00-0031806,M.Brown,RB,LA,GB,0,0,0.0,0,0.0,0.0,0.0,1,7.0,0,0,0,0.0,0,0.7,0.7,,,71.0,227.0,25.503947368421052,3.0,Texas,2015.0,2015.0,,,2.0,
2018,9,00-0031806,M.Brown,RB,LA,NO,0,0,0.0,0,0.0,0.0,0.0,0,0.0,0,1,1,18.0,1,7.8,8.8,,,71.0,227.0,25.503947368421052,3.0,Texas,2015.0,2015.0,,,,0.025
2018,10,00-0031806,M.Brown,RB,LA,SEA,0,0,0.0,0,0.0,0.0,0.0,0,0.0,0,1,1,10.0,0,1.0,2.0,,,71.0,227.0,25.503947368421052,3.0,Texas,2015.0,2015.0,,,5.0,0.028571429
2018,11,00-0031806,M.Brown,RB,LA,KC,0,0,0.0,0,0.0,0.0,0.0,4,15.0,0,0,0,0.0,0,1.5,1.5,,,71.0,227.0,25.503947368421052,3.0,Texas,2015.0,2015.0,,,3.0,
2018,13,00-0031806,M.Brown,RB,LA,DET,0,0,0.0,0,0.0,0.0,0.0,2,8.0,0,0,0,0.0,0,0.8,0.8,,,71.0,227.0,25.503947368421052,3.0,Texas,2015.0,2015.0,,,,
2018,7,00-0031868,D.Byrd,WR,CAR,PHI,0,0,0.0,0,0.0,0.0,0.0,0,0.0,0,1,1,8.0,0,0.8,1.8,,,69.0,180.0,25.7741875,3.0,South Carolina,2015.0,2015.0,,,,0.027027028
2018,8,00-0031868,D.Byrd,WR,CAR,BAL,0,0,0.0,0,0.0,0.0,0.0,0,0.0,0,1,0,0.0,0,0.0,0.0,,,69.0,180.0,25.7741875,3.0,South Carolina,2015.0,2015.0,,,15.0,0.037037037
2018,1,00-0031900,R.Smith,RB,DAL,CAR,0,0,0.0,0,0.0,0.0,0.0,1,5.0,0,1,0,0.0,0,0.5,0.5,,,75.0,240.0,26.8375,3.0,Ohio State,2015.0,2015.0,,,,0.03448276
2018,4,00-0031900,R.Smith,RB,DAL,DET,0,0,0.0,0,0.0,0.0,0.0,6,22.0,0,1,1,0.0,0,2.2,3.2,,,75.0,240.0,26.8375,3.0,Ohio State,2015.0,2015.0,,,2.0,0.037037037
2018,5,00-0031900,R.Smith,RB,DAL,HOU,0,0,0.0,0,0.0,0.0,0.0,3,10.0,0,0,0,0.0,0,1.0,1.0,,,75.0,240.0,26.8375,3.0,Ohio State,2015.0,2015.0,,,,
2018,6,00-0031900,R.Smith,RB,DAL,JAX,0,0,0.0,0,0.0,0.0,0.0,5,4.0,0,0,0,0.0,0,0.4,0.4,,,75.0,240.0,26.8375,3.0,Ohio State,2015.0,2015.0,,,33.0,
2018,9,00-0031900,R.Smith,RB,DAL,TEN,0,0,0.0,0,0.0,0.0,0.0,0,0.0,0,2,1,8.0,0,0.8,1.8,,,75.0,240.0,26.8375,3.0,Ohio State,2015.0,2015.0,,,-14.0,0.06451613
2018,10,00-0031900,R.Smith,RB,DAL,PHI,0,0,0.0,0,0.0,0.0,0.0,2,8.0,0,1,1,14.0,0,2.2,3.2,,,75.0,240.0,26.8375,3.0,Ohio State,2015.0,2015.0,,,,0.029411765
2018,11,00-0031900,R.Smith,RB,DAL,ATL,0,0,0.0,0,0.0,0.0,0.0,1,0.0,0,2,2,8.0,0,0.8,2.8,,,75.0,240.0,26.8375,3.0,Ohio State,2015.0,2015.0,,,,0.0625
2018,12,00-0031900,R.Smith,RB,DAL,WAS,0,0,0.0,0,0.0,0.0,0.0,2,7.0,0,0,0,0.0,0,0.7,0.7,,,75.0,240.0,26.8375,3.0,Ohio State,2015.0,2015.0,,,8.0,
2018,13,00-0031900,R.Smith,RB,DAL,NO,0,0,0.0,0,0.0,0.0,0.0,3,2.0,0,0,0,0.0,0,0.2,0.2,,,75.0,240.0,26.8375,3.0,Ohio State,2015.0,2015.0,,,3.0,
2018,14,00-0031900,R.Smith,RB,DAL,PHI,0,0,0.0,0,0.0,0.0,0.0,4,27.0,0,2,2,16.0,0,4.3,6.3,,,75.0,240.0,26.8375,3.0,Ohio State,2015.0,2015.0,,,6.0,0.03773585
2018,15,00-0031900,R.Smith,RB,DAL,IND,0,0,0.0,0,0.0,0.0,0.0,3,14.0,0,0,0,0.0,0,1.4,1.4,,,75.0,240.0,26.8375,3.0,Ohio State,2015.0,2015.0,,,,
2018,16,00-0031900,R.Smith,RB,DAL,TB,0,0,0.0,0,0.0,0.0,0.0,2,-7.0,0,0,0,0.0,0,-0.7,-0.7,,,75.0,240.0,26.8375,3.0,Ohio State,2015.0,2015.0,,,7.0,
2018,17,00-0031900,R.Smith,RB,DAL,NYG,0,0,0.0,0,0.0,0.0,0.0,12,35.0,1,3,2,14.0,0,10.9,12.9,,,75.0,240.0,26.8375,3.0,Ohio State,2015.0,2015.0,,,,0.069767445
2018,18,00-0031900,R.Smith,RB,DAL,SEA,0,0,0.0,0,0.0,0.0,0.0,1,1.0,0,0,0,0.0,0,0.1,0.1,,,75.0,240.0,26.8375,3.0,Ohio State,2015.0,2015.0,,,2.0,
2018,3,00-0031912,C.Meredith,WR,NO,ATL,0,0,0.0,0,0.0,0.0,0.0,0,0.0,0,1,1,11.0,1,7.1,8.1,,,75.0,207.0,26.144,3.0,Illinois State,2015.0,2015.0,,,,0.020408163
2018,4,00-0031912,C.Meredith,WR,NO,NYG,0,0,0.0,0,0.0,0.0,0.0,0,0.0,0,4,3,32.0,0,3.2,6.2,,,75.0,207.0,26.144,3.0,Illinois State,2015.0,2015.0,,,,0.121212125
2018,5,00-0031912,C.Meredith,WR,NO,WAS,0,0,0.0,0,0.0,0.0,0.0,0,0.0,0,5,5,71.0,0,5.1,10.1,,,75.0,207.0,26.144,3.0,Illinois State,2015.0,2015.0,,,24.0,0.1724138
2018,4,00-0031922,K.Lee,TE,BUF,GB,0,0,0.0,0,0.0,0.0,0.0,0,0.0,0,1,1,5.0,0,0.5,1.5,,,76.0,253.0,26.7985625,3.0,Bowie State,2015.0,2015.0,,,,0.030303031
2018,1,00-0031941,J.Crowder,WR,WAS,ARI,0,0,0.0,0,0.0,0.0,0.0,0,0.0,0,4,3,32.0,0,3.2,6.2,,,69.0,177.0,25.38825,3.0,Duke,2015.0,2015.0,WAS,105.0,,0.13793103
2018,2,00-0031941,J.Crowder,WR,WAS,IND,0,0,0.0,0,0.0,0.0,0.0,2,29.0,0,4,2,8.0,0,3.7,5.7,,,69.0,177.0,25.38825,3.0,Duke,2015.0,2015.0,WAS,105.0,-12.0,0.09090909
2018,3,00-0031941,J.Crowder,WR,WAS,GB,0,0,0.0,0,0.0,0.0,0.0,1,6.0,0,4,4,39.0,1,10.5,14.5,,,69.0,177.0,25.38825,3.0,Duke,2015.0,2015.0,WAS,105.0,14.0,0.2
2018,5,00-0031941,J.Crowder,WR,WAS,NO,0,0,0.0,0,0.0,0.0,0.0,0,0.0,0,7,4,55.0,0,5.5,9.5,,,69.0,177.0,25.38825,3.0,Duke,2015.0,2015.0,WAS,105.0,,0.1891892
2018,13,00-0031941,J.Crowder,WR,WAS,PHI,0,0,0.0,0,0.0,0.0,0.0,1,-5.0,0,4,4,36.0,0,3.1,7.1,,,69.0,177.0,25.38825,3.0,Duke,2015.0,2015.0,WAS,105.0,,0.16666667
2018,14,00-0031941,J.Crowder,WR,WAS,NYG,0,0,0.0,0,0.0,0.0,0.0,0,0.0,0,7,2,87.0,1,14.7,16.7,,,69.0,177.0,25.38825,3.0,Duke,2015.0,2015.0,WAS,105.0,-24.0,0.2413793
2018,15,00-0031941,J.Crowder,WR,WAS,JAX,0,0,0.0,0,0.0,0.0,0.0,0,0.0,0,4,4,46.0,0,4.6,8.6,,,69.0,177.0,25.38825,3.0,Duke,2015.0,2015.0,WAS,105.0,,0.17391305
2018,16,00-0031941,J.Crowder,WR,WAS,TEN,0,0,0.0,0,0.0,0.0,0.0,0,0.0,0,7,5,78.0,0,7.8,12.8,,,69.0,177.0,25.38825,3.0,Duke,2015.0,2015.0,WAS,105.0,,0.3043478
2018,17,00-0031941,J.Crowder,WR,WAS,PHI,0,0,0.0,0,0.0,0.0,0.0,0,0.0,0,8,1,7.0,0,0.7,1.7,,,69.0,177.0,25.38825,3.0,Duke,2015.0,2015.0,WAS,105.0,-24.0,0.2962963
2018,1,00-0031951,J.O'Shaughnessy,TE,JAX,NYG,0,0,0.0,0,0.0,0.0,0.0,0,0.0,0,2,0,0.0,0,0.0,0.0,,,76.0,245.0,26.80575,3.0,Illinois State,2015.0,2015.0,KC,173.0,,0.060606062
2018,2,00-0031951,J.O'Shaughnessy,TE,JAX,NE,0,0,0.0,0,0.0,0.0,0.0,0,0.0,0,1,1,17.0,0,1.7,2.7,,,76.0,245.0,26.80575,3.0,Illinois State,2015.0,2015.0,KC,173.0,11.0,0.022727273
2018,3,00-0031951,J.O'Shaughnessy,TE,JAX,TEN,0,0,0.0,0,0.0,0.0,0.0,0,0.0,0,1,0,0.0,0,0.0,0.0,,,76.0,245.0,26.80575,3.0,Illinois State,2015.0,2015.0,KC,173.0,-3.0,0.029411765
2018,4,00-0031951,J.O'Shaughnessy,TE,JAX,NYJ,0,0,0.0,0,0.0,0.0,0.0,0,0.0,0,3,2,28.0,0,2.8,4.8,,,76.0,245.0,26.80575,3.0,Illinois State,2015.0,2015.0,KC,173.0,19.0,0.078947365
2018,5,00-0031951,J.O'Shaughnessy,TE,JAX,KC,0,0,0.0,0,0.0,0.0,0.0,0,0.0,0,6,3,27.0,0,2.7,5.7,,,76.0,245.0,26.80575,3.0,Illinois State,2015.0,2015.0,KC,173.0,,0.09836066
2018,6,00-0031951,J.O'Shaughnessy,TE,JAX,DAL,0,0,0.0,0,0.0,0.0,0.0,0,0.0,0,4,3,29.0,0,2.9,5.9,,,76.0,245.0,26.80575,3.0,Illinois State,2015.0,2015.0,KC,173.0,,0.15384616
2018,10,00-0031951,J.O'Shaughnessy,TE,JAX,IND,0,0,0.0,0,0.0,0.0,0.0,0,0.0,0,6,5,46.0,0,4.6,9.6,,,76.0,245.0,26.80575,3.0,Illinois State,2015.0,2015.0,KC,173.0,,0.15789473
2018,11,00-0031951,J.O'Shaughnessy,TE,JAX,PIT,0,0,0.0,0,0.0,0.0,0.0,0,0.0,0,2,1,4.0,0,0.4,1.4,,,76.0,245.0,26.80575,3.0,Illinois State,2015.0,2015.0,KC,173.0,-4.0,0.11111111
2018,12,00-0031951,J.O'Shaughnessy,TE,JAX,BUF,0,0,0.0,0,0.0,0.0,0.0,0,0.0,0,2,0,0.0,0,0.0,0.0,,,76.0,245.0,26.80575,3.0,Illinois State,2015.0,2015.0,KC,173.0,,0.09090909
2018,13,00-0031951,J.O'Shaughnessy,TE,JAX,IND,0,0,0.0,0,0.0,0.0,0.0,0,0.0,0,2,2,19.0,0,1.9,3.9,,,76.0,245.0,26.80575,3.0,Illinois State,2015.0,2015.0,KC,173.0,6.0,0.09090909
2018,14,00-0031951,J.O'Shaughnessy,TE,JAX,TEN,0,0,0.0,0,0.0,0.0,0.0,0,0.0,0,4,3,12.0,0,1.2,4.2,,,76.0,245.0,26.80575,3.0,Illinois State,2015.0,2015.0,KC,173.0,,0.09756097
2018,15,00-0031951,J.O'Shaughnessy,TE,JAX,WAS,0,0,0.0,0,0.0,0.0,0.0,0,0.0,0,1,1,7.0,0,0.7,1.7,,,76.0,245.0,26.80575,3.0,Illinois State,2015.0,2015.0,KC,173.0,-3.0,0.06666667
2018,17,00-0031951,J.O'Shaughnessy,TE,JAX,HOU,0,0,0.0,0,0.0,0.0,0.0,0,0.0,0,4,3,25.0,0,2.5,5.5,,,76.0,245.0,26.80575,3.0,Illinois State,2015.0,2015.0,KC,173.0,,0.14285715
2018,12,00-0031953,G.Davis,WR,LAC,ARI,0,0,0.0,0,0.0,0.0,0.0,0,0.0,0,1,0,0.0,0,0.0,0.0,,,75.0,217.0,26.838,3.0,Connecticut,2015.0,2015.0,NYG,186.0,35.0,0.032258064
2018,1,00-0031959,M.Murphy,RB,BUF,BAL,0,0,0.0,0,0.0,0.0,0.0,6,31.0,0,2,0,0.0,0,3.1,3.1,,,69.0,195.0,27.086,3.0,Missouri,2015.0,2015.0,NO,230.0,,0.0625
2018,2,00-0031959,M.Murphy,RB,BUF,LAC,0,0,0.0,0,0.0,0.0,0.0,3,6.0,0,5,1,7.0,0,1.3,2.3,,,69.0,195.0,27.086,3.0,Missouri,2015.0,2015.0,NO,230.0,-11.0,0.15625
2018,3,00-0031959,M.Murphy,RB,BUF,MIN,0,0,0.0,0,0.0,0.0,0.0,8,33.0,0,1,1,1.0,0,3.4,4.4,,,69.0,195.0,27.086,3.0,Missouri,2015.0,2015.0,NO,230.0,,0.045454547
2018,7,00-0031959,M.Murphy,RB,BUF,IND,0,0,0.0,0,0.0,0.0,0.0,4,53.0,0,6,5,17.0,0,7.0,12.0,,,69.0,195.0,27.086,3.0,Missouri,2015.0,2015.0,NO,230.0,,0.19354838
2018,9,00-0031959,M.Murphy,RB,BUF,CHI,0,0,0.0,0,0.0,0.0,0.0,1,6.0,0,4,3,-7.0,0,-0.1,2.9,,,69.0,195.0,27.086,3.0,Missouri,2015.0,2015.0,NO,230.0,-32.0,0.08510638
2018,10,00-0031959,M.Murphy,RB,BUF,NYJ,0,0,0.0,0,0.0,0.0,0.0,14,69.0,0,0,0,0.0,0,6.9,6.9,,,69.0,195.0,27.086,3.0,Missouri,2015.0,2015.0,NO,230.0,,
2018,13,00-0031959,M.Murphy,RB,BUF,MIA,0,0,0.0,0,0.0,0.0,0.0,1,7.0,0,0,0,0.0,0,0.7,0.7,,,69.0,195.0,27.086,3.0,Missouri,2015.0,2015.0,NO,230.0,,
2018,14,00-0031959,M.Murphy,RB,BUF,NYJ,0,0,0.0,0,0.0,0.0,0.0,4,10.0,0,1,1,8.0,0,1.8,2.8,,,69.0,195.0,27.086,3.0,Missouri,2015.0,2015.0,NO,230.0,-4.0,0.028571429
2018,15,00-0031959,M.Murphy,RB,BUF,DET,0,0,0.0,0,0.0,0.0,0.0,11,35.0,0,0,0,0.0,0,3.5,3.5,,,69.0,195.0,27.086,3.0,Missouri,2015.0,2015.0,NO,230.0,1.0,
2018,1,00-0031972,D.Jennings,WR,TEN,MIA,0,0,0.0,0,0.0,0.0,0.0,0,0.0,0,0,0,0.0,0,6.0,6.0,,,70.0,169.0,26.3525625,3.0,Virginia,2015.0,2015.0,,,,
2018,3,00-0031972,D.Jennings,WR,TEN,JAX,0,0,0.0,0,0.0,0.0,0.0,0,0.0,0,1,1,7.0,0,0.7,1.7,,,70.0,169.0,26.3525625,3.0,Virginia,2015.0,2015.0,,,,0.04761905
2018,4,00-0031972,D.Jennings,WR,TEN,PHI,0,0,0.0,0,0.0,0.0,0.0,0,0.0,0,2,1,6.0,0,0.6,1.6,,,70.0,169.0,26.3525625,3.0,Virginia,2015.0,2015.0,,,3.0,0.04761905
2018,5,00-0031972,D.Jennings,WR,TEN,BUF,0,0,0.0,0,0.0,0.0,0.0,0,0.0,0,1,1,6.0,0,0.6,1.6,,,70.0,169.0,26.3525625,3.0,Virginia,2015.0,2015.0,,,,0.04
2018,9,00-0031972,D.Jennings,WR,TEN,DAL,0,0,0.0,0,0.0,0.0,0.0,0,0.0,0,1,1,36.0,0,3.6,4.6,,,70.0,169.0,26.3525625,3.0,Virginia,2015.0,2015.0,,,,0.037037037
2018,10,00-0031972,D.Jennings,WR,TEN,NE,1,1,21.0,0,0.0,0.0,-0.0,0,0.0,0,1,1,0.0,0,0.84,1.84,,,70.0,169.0,26.3525625,3.0,Virginia,2015.0,2015.0,,,24.0,0.041666668
2018,13,00-0031972,D.Jennings,WR,TEN,NYJ,0,0,0.0,0,0.0,0.0,0.0,0,0.0,0,1,0,0.0,0,0.0,0.0,,,70.0,169.0,26.3525625,3.0,Virginia,2015.0,2015.0,,,4.0,0.030303031
2018,16,00-0031972,D.Jennings,WR,TEN,WAS,0,0,0.0,0,0.0,0.0,0.0,1,2.0,0,3,3,29.0,0,3.1,6.1,,,70.0,169.0,26.3525625,3.0,Virginia,2015.0,2015.0,,,9.0,0.13043478
2018,17,00-0031972,D.Jennings,WR,TEN,IND,0,0,0.0,0,0.0,0.0,0.0,0,0.0,0,5,3,17.0,0,1.7,4.7,,,70.0,169.0,26.3525625,3.0,Virginia,2015.0,2015.0,,,-16.0,0.1724138
2018,1,00-0032009,A.Humphries,WR,TB,NO,0,0,0.0,0,0.0,0.0,0.0,0,0.0,0,5,3,27.0,0,2.7,5.7,,,71.0,195.0,25.368375,3.0,Clemson,2015.0,2015.0,,,,0.17857143
2018,2,00-0032009,A.Humphries,WR,TB,PHI,0,0,0.0,0,0.0,0.0,0.0,0,0.0,0,2,1,8.0,0,0.8,1.8,,,71.0,195.0,25.368375,3.0,Clemson,2015.0,2015.0,,,6.0,0.060606062
2018,3,00-0032009,A.Humphries,WR,TB,PIT,0,0,0.0,0,0.0,0.0,0.0,1,4.0,0,5,3,30.0,0,3.4,6.4,,,71.0,195.0,25.368375,3.0,Clemson,2015.0,2015.0,,,-3.0,0.1
2018,4,00-0032009,A.Humphries,WR,TB,CHI,0,0,0.0,0,0.0,0.0,0.0,0,0.0,0,7,6,36.0,0,3.6,9.6,,,71.0,195.0,25.368375,3.0,Clemson,2015.0,2015.0,,,,0.18421052
2018,6,00-0032009,A.Humphries,WR,TB,ATL,0,0,0.0,0,0.0,0.0,0.0,0,0.0,0,4,3,82.0,0,8.2,11.2,,,71.0,195.0,25.368375,3.0,Clemson,2015.0,2015.0,,,,0.1
2018,7,00-0032009,A.Humphries,WR,TB,CLE,0,0,0.0,0,0.0,0.0,0.0,0,0.0,0,9,4,37.0,0,3.7,7.7,,,71.0,195.0,25.368375,3.0,Clemson,2015.0,2015.0,,,3.0,0.17307693
2018,8,00-0032009,A.Humphries,WR,TB,CIN,0,0,0.0,0,0.0,0.0,0.0,0,0.0,0,10,7,76.0,0,7.6,14.6,,,71.0,195.0,25.368375,3.0,Clemson,2015.0,2015.0,,,,0.2
2018,9,00-0032009,A.Humphries,WR,TB,CAR,0,0,0.0,0,0.0,0.0,0.0,1,7.0,0,8,8,82.0,2,20.9,28.9,,,71.0,195.0,25.368375,3.0,Clemson,2015.0,2015.0,,,,0.19512194
2018,10,00-0032009,A.Humphries,WR,TB,WAS,0,0,0.0,0,0.0,0.0,0.0,0,0.0,0,3,2,53.0,0,5.3,7.3,,,71.0,195.0,25.368375,3.0,Clemson,2015.0,2015.0,,,-13.0,0.07317073
2018,11,00-0032009,A.Humphries,WR,TB,NYG,0,0,0.0,0,0.0,0.0,0.0,0,0.0,0,5,3,60.0,1,12.0,15.0,,,71.0,195.0,25.368375,3.0,Clemson,2015.0,2015.0,,,,0.1388889
2018,12,00-0032009,A.Humphries,WR,TB,SF,0,0,0.0,0,0.0,0.0,0.0,0,0.0,0,6,6,54.0,1,11.4,17.4,,,71.0,195.0,25.368375,3.0,Clemson,2015.0,2015.0,,,18.0,0.15789473
2018,13,00-0032009,A.Humphries,WR,TB,CAR,0,0,0.0,0,0.0,0.0,0.0,0,0.0,0,9,7,61.0,1,12.1,19.1,,,71.0,195.0,25.368375,3.0,Clemson,2015.0,2015.0,,,7.0,0.3
2018,14,00-0032009,A.Humphries,WR,TB,NO,0,0,0.0,0,0.0,0.0,0.0,0,0.0,0,8,4,42.0,0,4.2,8.2,,,71.0,195.0,25.368375,3.0,Clemson,2015.0,2015.0,,,-14.0,0.21621622
2018,15,00-0032009,A.Humphries,WR,TB,BAL,0,0,0.0,0,0.0,0.0,0.0,0,0.0,0,6,4,23.0,0,2.3,6.3,,,71.0,195.0,25.368375,3.0,Clemson,2015.0,2015.0,,,,0.24
2018,16,00-0032009,A.Humphries,WR,TB,DAL,0,0,0.0,0,0.0,0.0,0.0,0,0.0,0,12,10,79.0,0,7.9,17.9,,,71.0,195.0,25.368375,3.0,Clemson,2015.0,2015.0,,,,0.25
2018,17,00-0032009,A.Humphries,WR,TB,ATL,0,0,0.0,0,0.0,0.0,0.0,0,0.0,0,6,5,66.0,0,6.6,11.6,,,71.0,195.0,25.368375,3.0,Clemson,2015.0,2015.0,,,-2.0,0.1875
2018,7,00-0032054,B.Perriman,WR,CLE,TB,0,0,0.0,0,0.0,0.0,0.0,0,0.0,0,1,1,6.0,0,0.6,1.6,,,74.0,215.0,25.146875,3.0,Central Florida,2015.0,2015.0,BAL,26.0,,0.030303031
2018,8,00-0032054,B.Perriman,WR,CLE,PIT,0,0,0.0,0,0.0,0.0,0.0,0,0.0,0,1,0,0.0,0,0.0,0.0,,,74.0,215.0,25.146875,3.0,Central Florida,2015.0,2015.0,BAL,26.0,,0.030303031
2018,9,00-0032054,B.Perriman,WR,CLE,KC,0,0,0.0,0,0.0,0.0,0.0,2,9.0,0,6,2,36.0,0,4.5,6.5,,,74.0,215.0,25.146875,3.0,Central Florida,2015.0,2015.0,BAL,26.0,-16.0,0.13953489
2018,10,00-0032054,B.Perriman,WR,CLE,ATL,0,0,0.0,0,0.0,0.0,0.0,0,0.0,0,2,2,33.0,0,3.3,5.3,,,74.0,215.0,25.146875,3.0,Central Florida,2015.0,2015.0,BAL,26.0,12.0,0.0952381
2018,12,00-0032054,B.Perriman,WR,CLE,CIN,0,0,0.0,0,0.0,0.0,0.0,1,-12.0,0,1,1,6.0,0,-0.6,0.4,,,74.0,215.0,25.146875,3.0,Central Florida,2015.0,2015.0,BAL,26.0,,0.04
2018,13,00-0032054,B.Perriman,WR,CLE,HOU,0,0,0.0,0,0.0,0.0,0.0,0,0.0,0,2,2,26.0,0,2.6,4.6,,,74.0,215.0,25.146875,3.0,Central Florida,2015.0,2015.0,BAL,26.0,,0.05
2018,14,00-0032054,B.Perriman,WR,CLE,CAR,0,0,0.0,0,0.0,0.0,0.0,0,0.0,0,2,2,81.0,0,8.1,10.1,,,74.0,215.0,25.146875,3.0,Central Florida,2015.0,2015.0,BAL,26.0,6.0,0.08695652
2018,15,00-0032054,B.Perriman,WR,CLE,DEN,0,0,0.0,0,0.0,0.0,0.0,0,0.0,0,2,1,31.0,1,9.1,10.1,,,74.0,215.0,25.146875,3.0,Central Florida,2015.0,2015.0,BAL,26.0,,0.06451613
2018,16,00-0032054,B.Perriman,WR,CLE,CIN,0,0,0.0,0,0.0,0.0,0.0,0,0.0,0,4,2,76.0,0,7.6,9.6,,,74.0,215.0,25.146875,3.0,Central Florida,2015.0,2015.0,BAL,26.0,8.0,0.10526316
2018,17,00-0032054,B.Perriman,WR,CLE,BAL,0,0,0.0,0,0.0,0.0,0.0,1,5.0,0,4,3,45.0,1,11.0,14.0,,,74.0,215.0,25.146875,3.0,Central Florida,2015.0,2015.0,BAL,26.0,,0.09756097
2018,1,00-0032055,D.Funchess,TE,CAR,DAL,0,0,0.0,0,0.0,0.0,0.0,0,0.0,0,5,3,41.0,0,4.1,7.1,,,76.0,225.0,24.4629375,3.0,Michigan,2015.0,2015.0,CAR,41.0,8.0,0.2
2018,2,00-0032055,D.Funchess,TE,CAR,ATL,0,0,0.0,0,0.0,0.0,0.0,0,0.0,0,9,7,77.0,0,7.7,14.7,,,76.0,225.0,24.4629375,3.0,Michigan,2015.0,2015.0,CAR,41.0,,0.2
2018,3,00-0032055,D.Funchess,TE,CAR,CIN,0,0,0.0,0,0.0,0.0,0.0,0,0.0,0,7,4,67.0,1,12.7,16.7,,,76.0,225.0,24.4629375,3.0,Michigan,2015.0,2015.0,CAR,41.0,10.0,0.29166666
2018,5,00-0032055,D.Funchess,TE,CAR,NYG,0,0,0.0,0,0.0,0.0,0.0,0,0.0,0,7,4,53.0,0,5.3,9.3,,,76.0,225.0,24.4629375,3.0,Michigan,2015.0,2015.0,CAR,41.0,2.0,0.20588236
2018,6,00-0032055,D.Funchess,TE,CAR,WAS,0,0,0.0,0,0.0,0.0,0.0,0,0.0,0,8,5,74.0,1,13.4,18.4,,,76.0,225.0,24.4629375,3.0,Michigan,2015.0,2015.0,CAR,41.0,,0.21621622
2018,7,00-0032055,D.Funchess,TE,CAR,PHI,0,0,0.0,0,0.0,0.0,0.0,0,0.0,0,11,6,62.0,1,12.2,18.2,,,76.0,225.0,24.4629375,3.0,Michigan,2015.0,2015.0,CAR,41.0,,0.2972973
2018,8,00-0032055,D.Funchess,TE,CAR,BAL,0,0,0.0,0,0.0,0.0,0.0,0,0.0,0,3,3,27.0,0,2.7,5.7,,,76.0,225.0,24.4629375,3.0,Michigan,2015.0,2015.0,CAR,41.0,15.0,0.11111111
2018,9,00-0032055,D.Funchess,TE,CAR,TB,0,0,0.0,0,0.0,0.0,0.0,0,0.0,0,5,4,44.0,0,4.4,8.4,,,76.0,225.0,24.4629375,3.0,Michigan,2015.0,2015.0,CAR,41.0,14.0,0.20833333
2018,10,00-0032055,D.Funchess,TE,CAR,PIT,0,0,0.0,0,0.0,0.0,0.0,0,0.0,0,5,3,32.0,0,3.2,6.2,,,76.0,225.0,24.4629375,3.0,Michigan,2015.0,2015.0,CAR,41.0,,0.17857143
2018,11,00-0032055,D.Funchess,TE,CAR,DET,0,0,0.0,0,0.0,0.0,0.0,0,0.0,0,8,2,39.0,0,3.9,5.9,,,76.0,225.0,24.4629375,3.0,Michigan,2015.0,2015.0,CAR,41.0,,0.21621622
2018,13,00-0032055,D.Funchess,TE,CAR,TB,0,0,0.0,0,0.0,0.0,0.0,0,0.0,0,3,1,10.0,1,7.0,8.0,,,76.0,225.0,24.4629375,3.0,Michigan,2015.0,2015.0,CAR,41.0,,0.07317073
2018,14,00-0032055,D.Funchess,TE,CAR,CLE,0,0,0.0,0,0.0,0.0,0.0,0,0.0,0,3,0,0.0,0,0.0,0.0,,,76.0,225.0,24.4629375,3.0,Michigan,2015.0,2015.0,CAR,41.0,,0.071428575
2018,15,00-0032055,D.Funchess,TE,CAR,NO,0,0,0.0,0,0.0,0.0,0.0,0,0.0,0,1,0,0.0,0,0.0,0.0,,,76.0,225.0,24.4629375,3.0,Michigan,2015.0,2015.0,CAR,41.0,-3.0,0.03448276
2018,16,00-0032055,D.Funchess,TE,CAR,ATL,0,0,0.0,0,0.0,0.0,0.0,0,0.0,0,4,2,23.0,0,2.3,4.3,,,76.0,225.0,24.4629375,3.0,Michigan,2015.0,2015.0,CAR,41.0,-14.0,0.07272727
2018,1,00-0032058,T.Coleman,RB,ATL,PHI,0,0,0.0,0,0.0,0.0,0.0,9,19.0,1,2,1,26.0,0,10.5,11.5,,,73.0,210.0,25.5528125,3.0,Indiana,2015.0,2015.0,ATL,73.0,,0.051282052
2018,2,00-0032058,T.Coleman,RB,ATL,CAR,0,0,0.0,0,0.0,0.0,0.0,16,107.0,0,4,4,18.0,0,12.5,16.5,,,73.0,210.0,25.5528125,3.0,Indiana,2015.0,2015.0,ATL,73.0,7.0,0.14285715
2018,3,00-0032058,T.Coleman,RB,ATL,NO,0,0,0.0,0,0.0,0.0,0.0,15,33.0,0,3,2,14.0,1,10.7,12.7,,,73.0,210.0,25.5528125,3.0,Indiana,2015.0,2015.0,ATL,73.0,-6.0,0.0882353
2018,4,00-0032058,T.Coleman,RB,ATL,CIN,0,0,0.0,0,0.0,0.0,0.0,14,51.0,0,3,3,26.0,0,7.7,10.7,,,73.0,210.0,25.5528125,3.0,Indiana,2015.0,2015.0,ATL,73.0,-1.0,0.078947365
2018,5,00-0032058,T.Coleman,RB,ATL,PIT,0,0,0.0,0,0.0,0.0,0.0,7,15.0,0,2,2,15.0,0,3.0,5.0,,,73.0,210.0,25.5528125,3.0,Indiana,2015.0,2015.0,ATL,73.0,,0.044444446
2018,6,00-0032058,T.Coleman,RB,ATL,TB,0,0,0.0,0,0.0,0.0,0.0,10,35.0,0,2,1,6.0,1,10.1,11.1,,,73.0,210.0,25.5528125,3.0,Indiana,2015.0,2015.0,ATL,73.0,5.0,0.048780486
2018,7,00-0032058,T.Coleman,RB,ATL,NYG,0,0,0.0,0,0.0,0.0,0.0,11,50.0,1,2,2,32.0,0,14.2,16.2,,,73.0,210.0,25.5528125,3.0,Indiana,2015.0,2015.0,ATL,73.0,3.0,0.055555556
2018,9,00-0032058,T.Coleman,RB,ATL,WAS,0,0,0.0,0,0.0,0.0,0.0,13,88.0,0,7,5,68.0,2,27.6,32.6,,,73.0,210.0,25.5528125,3.0,Indiana,2015.0,2015.0,ATL,73.0,,0.1891892
2018,10,00-0032058,T.Coleman,RB,ATL,CLE,0,0,0.0,0,0.0,0.0,0.0,11,44.0,0,5,3,19.0,0,6.3,9.3,,,73.0,210.0,25.5528125,3.0,Indiana,2015.0,2015.0,ATL,73.0,,0.09803922
2018,11,00-0032058,T.Coleman,RB,ATL,DAL,0,0,0.0,0,0.0,0.0,0.0,8,58.0,0,3,3,27.0,0,8.5,11.5,,,73.0,210.0,25.5528125,3.0,Indiana,2015.0,2015.0,ATL,73.0,-3.0,0.0882353
2018,12,00-0032058,T.Coleman,RB,ATL,NO,0,0,0.0,0,0.0,0.0,0.0,8,6.0,0,4,3,17.0,1,8.3,11.3,,,73.0,210.0,25.5528125,3.0,Indiana,2015.0,2015.0,ATL,73.0,,0.08510638
2018,13,00-0032058,T.Coleman,RB,ATL,BAL,0,0,0.0,0,0.0,0.0,0.0,6,8.0,0,3,1,3.0,0,1.1,2.1,,,73.0,210.0,25.5528125,3.0,Indiana,2015.0,2015.0,ATL,73.0,-10.0,0.11111111
2018,14,00-0032058,T.Coleman,RB,ATL,GB,0,0,0.0,0,0.0,0.0,0.0,10,45.0,0,1,1,-4.0,0,4.1,5.1,,,73.0,210.0,25.5528125,3.0,Indiana,2015.0,2015.0,ATL,73.0,,0.023809524
2018,15,00-0032058,T.Coleman,RB,ATL,ARI,0,0,0.0,0,0.0,0.0,0.0,11,145.0,1,1,0,0.0,0,20.5,20.5,,,73.0,210.0,25.5528125,3.0,Indiana,2015.0,2015.0,ATL,73.0,26.0,0.027777778
2018,16,00-0032058,T.Coleman,RB,ATL,CAR,0,0,0.0,0,0.0,0.0,0.0,10,51.0,0,1,0,0.0,0,5.1,5.1,,,73.0,210.0,25.5528125,3.0,Indiana,2015.0,2015.0,ATL,73.0,,0.03846154
2018,17,00-0032058,T.Coleman,RB,ATL,TB,0,0,0.0,0,0.0,0.0,0.0,8,45.0,1,1,1,9.0,0,11.4,12.4,,,73.0,210.0,25.5528125,3.0,Indiana,2015.0,2015.0,ATL,73.0,,0.023255814
2018,8,00-0032062,B.Bell,TE,JAX,PHI,0,0,0.0,0,0.0,0.0,0.0,0,0.0,0,2,1,13.0,0,1.3,2.3,,,78.0,252.0,27.243375,3.0,Oklahoma,2015.0,2015.0,SF,117.0,-6.0,0.048780486
2018,10,00-0032062,B.Bell,TE,JAX,IND,0,0,0.0,0,0.0,0.0,0.0,0,0.0,0,3,2,27.0,0,2.7,4.7,,,78.0,252.0,27.243375,3.0,Oklahoma,2015.0,2015.0,SF,117.0,,0.078947365
2018,12,00-0032062,B.Bell,TE,JAX,BUF,0,0,0.0,0,0.0,0.0,0.0,0,0.0,0,1,1,5.0,0,0.5,1.5,,,78.0,252.0,27.243375,3.0,Oklahoma,2015.0,2015.0,SF,117.0,,0.045454547
2018,14,00-0032062,B.Bell,TE,JAX,TEN,0,0,0.0,0,0.0,0.0,0.0,0,0.0,0,2,2,16.0,0,1.6,3.6,,,78.0,252.0,27.243375,3.0,Oklahoma,2015.0,2015.0,SF,117.0,,0.048780486
2018,15,00-0032062,B.Bell,TE,JAX,WAS,0,0,0.0,0,0.0,0.0,0.0,0,0.0,0,1,1,6.0,0,0.6,1.6,,,78.0,252.0,27.243375,3.0,Oklahoma,2015.0,2015.0,SF,117.0,-3.0,0.06666667
2018,16,00-0032062,B.Bell,TE,JAX,MIA,0,0,0.0,0,0.0,0.0,0.0,0,0.0,0,1,0,0.0,0,0.0,0.0,,,78.0,252.0,27.243375,3.0,Oklahoma,2015.0,2015.0,SF,117.0,,0.04347826
2018,17,00-0032062,B.Bell,TE,JAX,HOU,0,0,0.0,0,0.0,0.0,0.0,0,0.0,0,1,1,0.0,0,0.0,1.0,,,78.0,252.0,27.243375,3.0,Oklahoma,2015.0,2015.0,SF,117.0,,0.035714287
2018,2,00-0032063,M.Davis,RB,SEA,CHI,0,0,0.0,0,0.0,0.0,0.0,3,3.0,0,1,1,-1.0,0,0.2,1.2,,,69.0,217.0,25.717764705882352,3.0,South Carolina,2015.0,2015.0,SF,126.0,,0.030303031
2018,3,00-0032063,M.Davis,RB,SEA,DAL,0,0,0.0,0,0.0,0.0,0.0,0,0.0,0,1,1,7.0,0,0.7,1.7,,,69.0,217.0,25.717764705882352,3.0,South Carolina,2015.0,2015.0,SF,126.0,11.0,0.04
2018,4,00-0032063,M.Davis,RB,SEA,ARI,0,0,0.0,0,0.0,0.0,0.0,21,101.0,2,4,4,23.0,0,24.4,28.4,,,69.0,217.0,25.717764705882352,3.0,South Carolina,2015.0,2015.0,SF,126.0,,0.16
2018,5,00-0032063,M.Davis,RB,SEA,LA,0,0,0.0,0,0.0,0.0,0.0,12,68.0,1,2,2,7.0,0,13.5,15.5,,,69.0,217.0,25.717764705882352,3.0,South Carolina,2015.0,2015.0,SF,126.0,-2.0,0.10526316
2018,6,00-0032063,M.Davis,RB,SEA,LV,0,0,0.0,0,0.0,0.0,0.0,6,21.0,0,3,1,5.0,0,2.6,3.6,,,69.0,217.0,25.717764705882352,3.0,South Carolina,2015.0,2015.0,SF,126.0,,0.13043478
2018,8,00-0032063,M.Davis,RB,SEA,DET,0,0,0.0,0,0.0,0.0,0.0,10,33.0,0,1,1,2.0,0,3.5,4.5,,,69.0,217.0,25.717764705882352,3.0,South Carolina,2015.0,2015.0,SF,126.0,,0.05882353
2018,9,00-0032063,M.Davis,RB,SEA,LAC,0,0,0.0,0,0.0,0.0,0.0,15,62.0,0,8,7,45.0,0,10.7,17.7,,,69.0,217.0,25.717764705882352,3.0,South Carolina,2015.0,2015.0,SF,126.0,-8.0,0.21621622
2018,10,00-0032063,M.Davis,RB,SEA,LA,0,0,0.0,0,0.0,0.0,0.0,11,58.0,0,6,4,22.0,1,14.0,18.0,,,69.0,217.0,25.717764705882352,3.0,South Carolina,2015.0,2015.0,SF,126.0,,0.26086956
2018,11,00-0032063,M.Davis,RB,SEA,GB,0,0,0.0,0,0.0,0.0,0.0,4,26.0,0,2,2,24.0,0,5.0,7.0,,,69.0,217.0,25.717764705882352,3.0,South Carolina,2015.0,2015.0,SF,126.0,3.0,0.06896552
2018,12,00-0032063,M.Davis,RB,SEA,CAR,0,0,0.0,0,0.0,0.0,0.0,4,14.0,0,1,0,0.0,0,1.4,1.4,,,69.0,217.0,25.717764705882352,3.0,South Carolina,2015.0,2015.0,SF,126.0,,0.035714287
2018,13,00-0032063,M.Davis,RB,SEA,SF,0,0,0.0,0,0.0,0.0,0.0,4,10.0,0,0,0,0.0,0,1.0,1.0,,,69.0,217.0,25.717764705882352,3.0,South Carolina,2015.0,2015.0,SF,126.0,27.0,
2018,14,00-0032063,M.Davis,RB,SEA,MIN,0,0,0.0,0,0.0,0.0,0.0,3,22.0,0,1,1,5.0,0,2.7,3.7,,,69.0,217.0,25.717764705882352,3.0,South Carolina,2015.0,2015.0,SF,126.0,14.0,0.0625
2018,15,00-0032063,M.Davis,RB,SEA,SF,0,0,0.0,0,0.0,0.0,0.0,5,21.0,0,8,8,63.0,0,8.4,16.4,,,69.0,217.0,25.717764705882352,3.0,South Carolina,2015.0,2015.0,SF,126.0,,0.2857143
2018,16,00-0032063,M.Davis,RB,SEA,KC,0,0,0.0,0,0.0,0.0,0.0,7,31.0,0,1,0,0.0,0,3.1,3.1,,,69.0,217.0,25.717764705882352,3.0,South Carolina,2015.0,2015.0,SF,126.0,7.0,0.037037037
2018,17,00-0032063,M.Davis,RB,SEA,ARI,0,0,0.0,0,0.0,0.0,0.0,7,44.0,1,3,2,12.0,0,11.6,13.6,,,69.0,217.0,25.717764705882352,3.0,South Carolina,2015.0,2015.0,SF,126.0,3.0,0.15
2018,18,00-0032063,M.Davis,RB,SEA,DAL,0,0,0.0,0,0.0,0.0,0.0,4,10.0,0,2,2,22.0,0,5.2,7.2,,,69.0,217.0,25.717764705882352,3.0,South Carolina,2015.0,2015.0,SF,126.0,,0.074074075
2018,5,00-0032089,B.Parker,TE,DEN,NYJ,0,0,0.0,0,0.0,0.0,0.0,0,0.0,0,1,0,0.0,0,0.0,0.0,,,76.0,265.0,26.42975,3.0,"Albany, N.Y.",2015.0,2015.0,,,,0.019607844
2018,6,00-0032089,B.Parker,TE,DEN,LA,0,0,0.0,0,0.0,0.0,0.0,0,0.0,0,1,0,0.0,0,0.0,0.0,,,76.0,265.0,26.42975,3.0,"Albany, N.Y.",2015.0,2015.0,,,-3.0,0.025641026
2018,12,00-0032089,B.Parker,TE,DEN,PIT,0,0,0.0,0,0.0,0.0,0.0,0,0.0,0,1,0,0.0,0,0.0,0.0,,,76.0,265.0,26.42975,3.0,"Albany, N.Y.",2015.0,2015.0,,,7.0,0.035714287
2018,14,00-0032089,B.Parker,TE,DEN,SF,0,0,0.0,0,0.0,0.0,0.0,0,0.0,0,2,1,5.0,0,0.5,1.5,,,76.0,265.0,26.42975,3.0,"Albany, N.Y.",2015.0,2015.0,,,,0.05263158
2018,15,00-0032089,B.Parker,TE,DEN,CLE,0,0,0.0,0,0.0,0.0,0.0,0,0.0,0,2,2,18.0,0,1.8,3.8,,,76.0,265.0,26.42975,3.0,"Albany, N.Y.",2015.0,2015.0,,,-1.0,0.044444446
2018,16,00-0032089,B.Parker,TE,DEN,LV,0,0,0.0,0,0.0,0.0,0.0,0,0.0,0,3,2,10.0,0,1.0,3.0,,,76.0,265.0,26.42975,3.0,"Albany, N.Y.",2015.0,2015.0,,,,0.083333336
2018,7,00-0032104,A.Abdullah,RB,DET,MIA,0,0,0.0,0,0.0,0.0,0.0,1,1.0,0,1,1,12.0,0,1.3,2.3,,,69.0,203.0,25.3975625,3.0,Nebraska,2015.0,2015.0,DET,54.0,,0.045454547
2018,8,00-0032104,A.Abdullah,RB,DET,SEA,0,0,0.0,0,0.0,0.0,0.0,0,0.0,0,1,1,6.0,0,0.6,1.6,,,69.0,203.0,25.3975625,3.0,Nebraska,2015.0,2015.0,DET,54.0,-14.0,0.025641026
2018,11,00-0032104,A.Abdullah,RB,MIN,CHI,0,0,0.0,0,0.0,0.0,0.0,0,0.0,0,1,1,10.0,0,1.0,2.0,,,69.0,203.0,25.3975625,3.0,Nebraska,2015.0,2015.0,DET,54.0,,0.022222223
2018,12,00-0032104,A.Abdullah,RB,MIN,GB,0,0,0.0,0,0.0,0.0,0.0,0,0.0,0,1,0,0.0,0,0.0,0.0,,,69.0,203.0,25.3975625,3.0,Nebraska,2015.0,2015.0,DET,54.0,7.0,0.027027028
2018,2,00-0032112,J.Nelson,WR,ARI,LA,0,0,0.0,0,0.0,0.0,0.0,0,0.0,0,1,0,0.0,0,0.0,0.0,,,70.0,160.0,26.52925,3.0,Alabama-Birmingham,2015.0,2015.0,ARI,159.0,,0.037037037
2018,3,00-0032112,J.Nelson,WR,ARI,CHI,0,0,0.0,0,0.0,0.0,0.0,0,0.0,0,1,0,0.0,0,0.0,0.0,,,70.0,160.0,26.52925,3.0,Alabama-Birmingham,2015.0,2015.0,ARI,159.0,-2.0,0.04
2018,4,00-0032112,J.Nelson,WR,ARI,SEA,0,0,0.0,0,0.0,0.0,0.0,0,0.0,0,1,1,4.0,0,0.4,1.4,,,70.0,160.0,26.52925,3.0,Alabama-Birmingham,2015.0,2015.0,ARI,159.0,-3.0,0.04
2018,6,00-0032112,J.Nelson,WR,ARI,MIN,0,0,0.0,0,0.0,0.0,0.0,0,0.0,0,2,1,9.0,0,0.9,1.9,,,70.0,160.0,26.52925,3.0,Alabama-Birmingham,2015.0,2015.0,ARI,159.0,,0.06451613
2018,7,00-0032112,J.Nelson,WR,ARI,DEN,0,0,0.0,0,0.0,0.0,0.0,1,7.0,0,4,2,8.0,0,1.5,3.5,,,70.0,160.0,26.52925,3.0,Alabama-Birmingham,2015.0,2015.0,ARI,159.0,-35.0,0.11111111
2018,8,00-0032112,J.Nelson,WR,ARI,SF,0,0,0.0,0,0.0,0.0,0.0,1,8.0,0,1,0,0.0,0,0.8,0.8,,,70.0,160.0,26.52925,3.0,Alabama-Birmingham,2015.0,2015.0,ARI,159.0,3.0,0.028571429
2018,10,00-0032112,J.Nelson,WR,ARI,KC,0,0,0.0,0,0.0,0.0,0.0,1,-10.0,0,1,0,0.0,0,-1.0,-1.0,,,70.0,160.0,26.52925,3.0,Alabama-Birmingham,2015.0,2015.0,ARI,159.0,,0.027027028
2018,11,00-0032112,J.Nelson,WR,ARI,LV,0,0,0.0,0,0.0,0.0,0.0,0,0.0,0,1,0,0.0,0,0.0,0.0,,,70.0,160.0,26.52925,3.0,Alabama-Birmingham,2015.0,2015.0,ARI,159.0,-2.0,0.05263158
2018,14,00-0032112,J.Nelson,WR,ARI,DET,0,0,0.0,0,0.0,0.0,0.0,1,-5.0,0,7,3,43.0,0,3.8,6.8,,,70.0,160.0,26.52925,3.0,Alabama-Birmingham,2015.0,2015.0,ARI,159.0,-14.0,0.17073171
2018,6,00-0032117,N.O'Leary,TE,MIA,CHI,0,0,0.0,0,0.0,0.0,0.0,0,0.0,0,4,4,49.0,1,10.9,14.9,,,75.0,252.0,26.1736875,3.0,Florida State,2015.0,2015.0,BUF,194.0,3.0,0.1
2018,7,00-0032117,N.O'Leary,TE,MIA,DET,0,0,0.0,0,0.0,0.0,0.0,0,0.0,0,3,2,23.0,0,2.3,4.3,,,75.0,252.0,26.1736875,3.0,Florida State,2015.0,2015.0,BUF,194.0,-11.0,0.1
2018,10,00-0032117,N.O'Leary,TE,MIA,GB,0,0,0.0,0,0.0,0.0,0.0,0,0.0,0,1,1,5.0,0,0.5,1.5,,,75.0,252.0,26.1736875,3.0,Florida State,2015.0,2015.0,BUF,194.0,,0.027777778
2018,13,00-0032117,N.O'Leary,TE,MIA,BUF,0,0,0.0,0,0.0,0.0,0.0,0,0.0,0,1,1,9.0,0,0.9,1.9,,,75.0,252.0,26.1736875,3.0,Florida State,2015.0,2015.0,BUF,194.0,4.0,0.041666668
2018,15,00-0032117,N.O'Leary,TE,MIA,MIN,0,0,0.0,0,0.0,0.0,0.0,0,0.0,0,1,0,0.0,0,0.0,0.0,,,75.0,252.0,26.1736875,3.0,Florida State,2015.0,2015.0,BUF,194.0,,0.04347826
2018,1,00-0032120,N.Sterling,TE,NYJ,DET,0,0,0.0,0,0.0,0.0,0.0,0,0.0,0,3,3,27.0,0,2.7,5.7,,,76.0,257.0,26.803375,3.0,"Monmouth, N.J.",2015.0,2015.0,JAX,220.0,,0.15
2018,6,00-0032120,N.Sterling,TE,NYJ,IND,0,0,0.0,0,0.0,0.0,0.0,0,0.0,0,2,2,13.0,0,1.3,3.3,,,76.0,257.0,26.803375,3.0,"Monmouth, N.J.",2015.0,2015.0,JAX,220.0,8.0,0.06896552
2018,7,00-0032120,N.Sterling,TE,NYJ,MIN,0,0,0.0,0,0.0,0.0,0.0,0,0.0,0,2,0,0.0,0,0.0,0.0,,,76.0,257.0,26.803375,3.0,"Monmouth, N.J.",2015.0,2015.0,JAX,220.0,-20.0,0.04761905
2018,8,00-0032120,N.Sterling,TE,NYJ,CHI,0,0,0.0,0,0.0,0.0,0.0,0,0.0,0,1,1,7.0,0,0.7,1.7,,,76.0,257.0,26.803375,3.0,"Monmouth, N.J.",2015.0,2015.0,JAX,220.0,,0.04
2018,1,00-0032128,C.Conley,WR,KC,LAC,0,0,0.0,0,0.0,0.0,0.0,0,0.0,0,1,1,15.0,0,1.5,2.5,,,75.0,205.0,26.044944444444447,3.0,Georgia,2015.0,2015.0,KC,76.0,,0.04
2018,2,00-0032128,C.Conley,WR,KC,PIT,0,0,0.0,0,0.0,0.0,0.0,0,0.0,0,2,2,17.0,1,5.7,7.7,,,75.0,205.0,26.044944444444447,3.0,Georgia,2015.0,2015.0,KC,76.0,,0.071428575
2018,3,00-0032128,C.Conley,WR,KC,SF,0,0,0.0,0,0.0,0.0,0.0,0,0.0,0,3,2,13.0,1,7.3,9.3,,,75.0,205.0,26.044944444444447,3.0,Georgia,2015.0,2015.0,KC,76.0,11.0,0.078947365
2018,4,00-0032128,C.Conley,WR,KC,DEN,0,0,0.0,0,0.0,0.0,0.0,0,0.0,0,6,4,13.0,0,1.3,5.3,,,75.0,205.0,26.044944444444447,3.0,Georgia,2015.0,2015.0,KC,76.0,,0.13636364
2018,5,00-0032128,C.Conley,WR,KC,JAX,0,0,0.0,0,0.0,0.0,0.0,0,0.0,0,5,2,21.0,0,2.1,4.1,,,75.0,205.0,26.044944444444447,3.0,Georgia,2015.0,2015.0,KC,76.0,16.0,0.1388889
2018,6,00-0032128,C.Conley,WR,KC,NE,0,0,0.0,0,0.0,0.0,0.0,0,0.0,0,1,1,19.0,0,1.9,2.9,,,75.0,205.0,26.044944444444447,3.0,Georgia,2015.0,2015.0,KC,76.0,,0.027777778
2018,7,00-0032128,C.Conley,WR,KC,CIN,0,0,0.0,0,0.0,0.0,0.0,0,0.0,0,1,1,6.0,0,0.6,1.6,,,75.0,205.0,26.044944444444447,3.0,Georgia,2015.0,2015.0,KC,76.0,35.0,0.027777778
2018,9,00-0032128,C.Conley,WR,KC,CLE,0,0,0.0,0,0.0,0.0,0.0,0,0.0,0,2,1,23.0,0,2.3,3.3,,,75.0,205.0,26.044944444444447,3.0,Georgia,2015.0,2015.0,KC,76.0,,0.06451613
2018,10,00-0032128,C.Conley,WR,KC,ARI,0,0,0.0,0,0.0,0.0,0.0,0,0.0,0,2,1,22.0,0,2.2,3.2,,,75.0,205.0,26.044944444444447,3.0,Georgia,2015.0,2015.0,KC,76.0,12.0,0.071428575
2018,11,00-0032128,C.Conley,WR,KC,LA,0,0,0.0,0,0.0,0.0,0.0,0,0.0,0,8,7,74.0,2,19.4,26.4,,,75.0,205.0,26.044944444444447,3.0,Georgia,2015.0,2015.0,KC,76.0,,0.17391305
2018,13,00-0032128,C.Conley,WR,KC,LV,0,0,0.0,0,0.0,0.0,0.0,0,0.0,0,7,3,25.0,1,8.5,11.5,,,75.0,205.0,26.044944444444447,3.0,Georgia,2015.0,2015.0,KC,76.0,,0.1891892
2018,14,00-0032128,C.Conley,WR,KC,BAL,0,0,0.0,0,0.0,0.0,0.0,0,0.0,0,3,2,13.0,0,1.3,3.3,,,75.0,205.0,26.044944444444447,3.0,Georgia,2015.0,2015.0,KC,76.0,3.0,0.0625
2018,15,00-0032128,C.Conley,WR,KC,LAC,0,0,0.0,0,0.0,0.0,0.0,0,0.0,0,3,2,19.0,0,1.9,3.9,,,75.0,205.0,26.044944444444447,3.0,Georgia,2015.0,2015.0,KC,76.0,-1.0,0.0882353
2018,16,00-0032128,C.Conley,WR,KC,SEA,0,0,0.0,0,0.0,0.0,0.0,0,0.0,0,5,3,54.0,0,3.4,6.4,,,75.0,205.0,26.044944444444447,3.0,Georgia,2015.0,2015.0,KC,76.0,,0.12820514
2018,17,00-0032128,C.Conley,WR,KC,LV,0,0,0.0,0,0.0,0.0,0.0,0,0.0,0,3,0,0.0,0,0.0,0.0,,,75.0,205.0,26.044944444444447,3.0,Georgia,2015.0,2015.0,KC,76.0,32.0,0.11111111
2018,19,00-0032128,C.Conley,WR,KC,IND,0,0,0.0,0,0.0,0.0,0.0,0,0.0,0,2,0,0.0,0,0.0,0.0,,,75.0,205.0,26.044944444444447,3.0,Georgia,2015.0,2015.0,KC,76.0,18.0,0.048780486
2018,20,00-0032128,C.Conley,WR,KC,NE,0,0,0.0,0,0.0,0.0,0.0,0,0.0,0,1,0,0.0,0,0.0,0.0,,,75.0,205.0,26.044944444444447,3.0,Georgia,2015.0,2015.0,KC,76.0,-6.0,0.03448276
2018,1,00-0032134,C.Uzomah,TE,CIN,IND,0,0,0.0,0,0.0,0.0,0.0,0,0.0,0,1,1,4.0,0,0.4,1.4,,,78.0,265.0,25.80375,3.0,Auburn,2015.0,2015.0,CIN,157.0,,0.035714287
2018,2,00-0032134,C.Uzomah,TE,CIN,BAL,0,0,0.0,0,0.0,0.0,0.0,0,0.0,0,4,3,45.0,0,4.5,7.5,,,78.0,265.0,25.80375,3.0,Auburn,2015.0,2015.0,CIN,157.0,11.0,0.09756097
2018,3,00-0032134,C.Uzomah,TE,CIN,CAR,0,0,0.0,0,0.0,0.0,0.0,0,0.0,0,2,2,19.0,1,7.9,9.9,,,78.0,265.0,25.80375,3.0,Auburn,2015.0,2015.0,CIN,157.0,,0.044444446
2018,4,00-0032134,C.Uzomah,TE,CIN,ATL,0,0,0.0,0,0.0,0.0,0.0,0,0.0,0,1,1,6.0,0,0.6,1.6,,,78.0,265.0,25.80375,3.0,Auburn,2015.0,2015.0,CIN,157.0,,0.024390243
2018,5,00-0032134,C.Uzomah,TE,CIN,MIA,0,0,0.0,0,0.0,0.0,0.0,0,0.0,0,2,2,43.0,0,4.3,6.3,,,78.0,265.0,25.80375,3.0,Auburn,2015.0,2015.0,CIN,157.0,10.0,0.06666667
2018,6,00-0032134,C.Uzomah,TE,CIN,PIT,0,0,0.0,0,0.0,0.0,0.0,0,0.0,0,7,6,54.0,0,5.4,11.4,,,78.0,265.0,25.80375,3.0,Auburn,2015.0,2015.0,CIN,157.0,-7.0,0.17073171
2018,7,00-0032134,C.Uzomah,TE,CIN,KC,0,0,0.0,0,0.0,0.0,0.0,0,0.0,0,2,2,13.0,1,7.3,9.3,,,78.0,265.0,25.80375,3.0,Auburn,2015.0,2015.0,CIN,157.0,,0.0625
2018,8,00-0032134,C.Uzomah,TE,CIN,TB,0,0,0.0,0,0.0,0.0,0.0,0,0.0,0,4,0,0.0,0,0.0,0.0,,,78.0,265.0,25.80375,3.0,Auburn,2015.0,2015.0,CIN,157.0,3.0,0.125
2018,10,00-0032134,C.Uzomah,TE,CIN,NO,0,0,0.0,0,0.0,0.0,0.0,0,0.0,0,4,3,23.0,0,2.3,5.3,,,78.0,265.0,25.80375,3.0,Auburn,2015.0,2015.0,CIN,157.0,-37.0,0.18181819
2018,11,00-0032134,C.Uzomah,TE,CIN,BAL,0,0,0.0,0,0.0,0.0,0.0,0,0.0,0,5,3,41.0,0,4.1,7.1,,,78.0,265.0,25.80375,3.0,Auburn,2015.0,2015.0,CIN,157.0,,0.1388889
2018,12,00-0032134,C.Uzomah,TE,CIN,CLE,0,0,0.0,0,0.0,0.0,0.0,0,0.0,0,12,6,39.0,0,3.9,9.9,,,78.0,265.0,25.80375,3.0,Auburn,2015.0,2015.0,CIN,157.0,-15.0,0.26666668
2018,13,00-0032134,C.Uzomah,TE,CIN,DEN,0,0,0.0,0,0.0,0.0,0.0,0,0.0,0,6,5,33.0,0,3.3,8.3,,,78.0,265.0,25.80375,3.0,Auburn,2015.0,2015.0,CIN,157.0,-14.0,0.16666667
2018,14,00-0032134,C.Uzomah,TE,CIN,LAC,0,0,0.0,0,0.0,0.0,0.0,0,0.0,0,3,3,37.0,0,3.7,6.7,,,78.0,265.0,25.80375,3.0,Auburn,2015.0,2015.0,CIN,157.0,,0.12
2018,15,00-0032134,C.Uzomah,TE,CIN,LV,0,0,0.0,0,0.0,0.0,0.0,0,0.0,0,5,1,27.0,0,2.7,3.7,,,78.0,265.0,25.80375,3.0,Auburn,2015.0,2015.0,CIN,157.0,14.0,0.15151516
2018,16,00-0032134,C.Uzomah,TE,CIN,CLE,0,0,0.0,0,0.0,0.0,0.0,0,0.0,0,5,4,49.0,1,10.9,14.9,,,78.0,265.0,25.80375,3.0,Auburn,2015.0,2015.0,CIN,157.0,,0.2631579
2018,17,00-0032134,C.Uzomah,TE,CIN,PIT,0,0,0.0,0,0.0,0.0,0.0,0,0.0,0,1,1,6.0,0,0.6,1.6,,,78.0,265.0,25.80375,3.0,Auburn,2015.0,2015.0,CIN,157.0,,0.04347826
2018,1,00-0032135,J.James,TE,PIT,CLE,0,0,0.0,0,0.0,0.0,0.0,0,0.0,0,5,3,60.0,0,6.0,9.0,,,79.0,261.0,24.421,3.0,Penn State,2015.0,2015.0,PIT,160.0,,0.12195122
2018,2,00-0032135,J.James,TE,PIT,KC,0,0,0.0,0,0.0,0.0,0.0,0,0.0,0,5,5,138.0,1,19.8,24.8,,,79.0,261.0,24.421,3.0,Penn State,2015.0,2015.0,PIT,160.0,-5.0,0.083333336
2018,3,00-0032135,J.James,TE,PIT,TB,0,0,0.0,0,0.0,0.0,0.0,0,0.0,0,1,1,7.0,0,0.7,1.7,,,79.0,261.0,24.421,3.0,Penn State,2015.0,2015.0,PIT,160.0,,0.027027028
2018,4,00-0032135,J.James,TE,PIT,BAL,0,0,0.0,0,0.0,0.0,0.0,0,0.0,0,1,1,23.0,0,2.3,3.3,,,79.0,261.0,24.421,3.0,Penn State,2015.0,2015.0,PIT,160.0,-12.0,0.02173913
2018,5,00-0032135,J.James,TE,PIT,ATL,0,0,0.0,0,0.0,0.0,0.0,0,0.0,0,2,2,20.0,0,2.0,4.0,,,79.0,261.0,24.421,3.0,Penn State,2015.0,2015.0,PIT,160.0,24.0,0.06896552
2018,6,00-0032135,J.James,TE,PIT,CIN,0,0,0.0,0,0.0,0.0,0.0,0,0.0,0,7,5,26.0,0,2.6,7.6,,,79.0,261.0,24.421,3.0,Penn State,2015.0,2015.0,PIT,160.0,,0.15555556
2018,8,00-0032135,J.James,TE,PIT,CLE,0,0,0.0,0,0.0,0.0,0.0,0,0.0,0,3,2,9.0,0,0.9,2.9,,,79.0,261.0,24.421,3.0,Penn State,2015.0,2015.0,PIT,160.0,15.0,0.09090909
2018,9,00-0032135,J.James,TE,PIT,BAL,0,0,0.0,0,0.0,0.0,0.0,0,0.0,0,3,2,53.0,0,5.3,7.3,,,79.0,261.0,24.421,3.0,Penn State,2015.0,2015.0,PIT,160.0,,0.06521739
2018,10,00-0032135,J.James,TE,PIT,CAR,0,0,0.0,0,0.0,0.0,0.0,0,0.0,0,1,1,8.0,1,6.8,7.8,,,79.0,261.0,24.421,3.0,Penn State,2015.0,2015.0,PIT,160.0,31.0,0.037037037
2018,12,00-0032135,J.James,TE,PIT,DEN,0,0,0.0,0,0.0,0.0,0.0,0,0.0,0,4,4,35.0,0,3.5,7.5,,,79.0,261.0,24.421,3.0,Penn State,2015.0,2015.0,PIT,160.0,,0.06896552
2018,13,00-0032135,J.James,TE,PIT,LAC,0,0,0.0,0,0.0,0.0,0.0,0,0.0,0,3,1,7.0,0,0.7,1.7,,,79.0,261.0,24.421,3.0,Penn State,2015.0,2015.0,PIT,160.0,-3.0,0.06666667
2018,14,00-0032135,J.James,TE,PIT,LV,0,0,0.0,0,0.0,0.0,0.0,0,0.0,0,2,2,28.0,0,2.8,4.8,,,79.0,261.0,24.421,3.0,Penn State,2015.0,2015.0,PIT,160.0,,0.054054055
2018,15,00-0032135,J.James,TE,PIT,NE,0,0,0.0,0,0.0,0.0,0.0,0,0.0,0,1,1,9.0,0,0.9,1.9,,,79.0,261.0,24.421,3.0,Penn State,2015.0,2015.0,PIT,160.0,7.0,0.030303031
2018,17,00-0032135,J.James,TE,PIT,CIN,0,0,0.0,0,0.0,0.0,0.0,0,0.0,0,1,0,0.0,0,0.0,0.0,,,79.0,261.0,24.421,3.0,Penn State,2015.0,2015.0,PIT,160.0,3.0,0.022222223
2018,1,00-0032141,G.Swaim,TE,DAL,CAR,0,0,0.0,0,0.0,0.0,0.0,0,0.0,0,4,3,18.0,0,1.8,4.8,,,76.0,260.0,25.153666666666666,3.0,Texas,2015.0,2015.0,DAL,246.0,,0.13793103
2018,3,00-0032141,G.Swaim,TE,DAL,SEA,0,0,0.0,0,0.0,0.0,0.0,0,0.0,0,7,5,47.0,0,4.7,9.7,,,76.0,260.0,25.153666666666666,3.0,Texas,2015.0,2015.0,DAL,246.0,,0.20588236
2018,4,00-0032141,G.Swaim,TE,DAL,DET,0,0,0.0,0,0.0,0.0,0.0,0,0.0,0,5,3,39.0,1,9.9,12.9,,,76.0,260.0,25.153666666666666,3.0,Texas,2015.0,2015.0,DAL,246.0,2.0,0.18518518
2018,5,00-0032141,G.Swaim,TE,DAL,HOU,0,0,0.0,0,0.0,0.0,0.0,0,0.0,0,3,3,55.0,0,5.5,8.5,,,76.0,260.0,25.153666666666666,3.0,Texas,2015.0,2015.0,DAL,246.0,,0.10714286
2018,6,00-0032141,G.Swaim,TE,DAL,JAX,0,0,0.0,0,0.0,0.0,0.0,0,0.0,0,2,2,21.0,0,2.1,4.1,,,76.0,260.0,25.153666666666666,3.0,Texas,2015.0,2015.0,DAL,246.0,33.0,0.07692308
2018,7,00-0032141,G.Swaim,TE,DAL,WAS,0,0,0.0,0,0.0,0.0,0.0,0,0.0,0,3,3,25.0,0,2.5,5.5,,,76.0,260.0,25.153666666666666,3.0,Texas,2015.0,2015.0,DAL,246.0,,0.08571429
2018,10,00-0032141,G.Swaim,TE,DAL,PHI,0,0,0.0,0,0.0,0.0,0.0,0,0.0,0,3,3,13.0,0,1.3,4.3,,,76.0,260.0,25.153666666666666,3.0,Texas,2015.0,2015.0,DAL,246.0,,0.0882353
2018,11,00-0032141,G.Swaim,TE,DAL,ATL,0,0,0.0,0,0.0,0.0,0.0,0,0.0,0,5,4,24.0,0,2.4,6.4,,,76.0,260.0,25.153666666666666,3.0,Texas,2015.0,2015.0,DAL,246.0,,0.15625
2018,1,00-0032144,M.Gordon,RB,LAC,KC,0,0,0.0,0,0.0,0.0,0.0,15,64.0,0,13,9,102.0,0,18.6,27.6,,,73.0,215.0,25.581222222222223,3.0,Wisconsin,2015.0,2015.0,SD,15.0,-10.0,0.26
2018,2,00-0032144,M.Gordon,RB,LAC,BUF,0,0,0.0,0,0.0,0.0,0.0,9,28.0,1,7,6,38.0,2,24.6,30.6,,,73.0,215.0,25.581222222222223,3.0,Wisconsin,2015.0,2015.0,SD,15.0,,0.25925925
2018,3,00-0032144,M.Gordon,RB,LAC,LA,0,0,0.0,0,0.0,0.0,0.0,15,80.0,1,4,2,4.0,0,14.4,16.4,,,73.0,215.0,25.581222222222223,3.0,Wisconsin,2015.0,2015.0,SD,15.0,,0.13333334
2018,4,00-0032144,M.Gordon,RB,LAC,SF,0,0,0.0,0,0.0,0.0,0.0,15,104.0,0,10,7,55.0,1,23.9,30.9,,,73.0,215.0,25.581222222222223,3.0,Wisconsin,2015.0,2015.0,SD,15.0,2.0,0.2631579
2018,5,00-0032144,M.Gordon,RB,LAC,LV,0,0,0.0,0,0.0,0.0,0.0,19,58.0,1,4,4,62.0,0,18.0,22.0,,,73.0,215.0,25.581222222222223,3.0,Wisconsin,2015.0,2015.0,SD,15.0,16.0,0.15384616
2018,6,00-0032144,M.Gordon,RB,LAC,CLE,0,0,0.0,0,0.0,0.0,0.0,18,132.0,3,4,2,18.0,0,33.0,35.0,,,73.0,215.0,25.581222222222223,3.0,Wisconsin,2015.0,2015.0,SD,15.0,,0.1904762
2018,9,00-0032144,M.Gordon,RB,LAC,SEA,0,0,0.0,0,0.0,0.0,0.0,16,113.0,1,4,1,10.0,0,18.3,19.3,,,73.0,215.0,25.581222222222223,3.0,Wisconsin,2015.0,2015.0,SD,15.0,,0.15384616
2018,10,00-0032144,M.Gordon,RB,LAC,LV,0,0,0.0,0,0.0,0.0,0.0,18,93.0,0,6,5,72.0,1,22.5,27.5,,,73.0,215.0,25.581222222222223,3.0,Wisconsin,2015.0,2015.0,SD,15.0,,0.23076923
2018,11,00-0032144,M.Gordon,RB,LAC,DEN,0,0,0.0,0,0.0,0.0,0.0,18,69.0,0,6,6,87.0,0,15.6,21.6,,,73.0,215.0,25.581222222222223,3.0,Wisconsin,2015.0,2015.0,SD,15.0,-1.0,0.13953489
2018,12,00-0032144,M.Gordon,RB,LAC,ARI,0,0,0.0,0,0.0,0.0,0.0,10,61.0,2,2,2,5.0,0,18.6,20.6,,,73.0,215.0,25.581222222222223,3.0,Wisconsin,2015.0,2015.0,SD,15.0,35.0,0.06451613
2018,16,00-0032144,M.Gordon,RB,LAC,BAL,0,0,0.0,0,0.0,0.0,0.0,12,41.0,1,3,3,13.0,0,11.4,14.4,,,73.0,215.0,25.581222222222223,3.0,Wisconsin,2015.0,2015.0,SD,15.0,-12.0,0.083333336
2018,17,00-0032144,M.Gordon,RB,LAC,DEN,0,0,0.0,0,0.0,0.0,0.0,10,42.0,0,3,3,24.0,0,6.6,9.6,,,73.0,215.0,25.581222222222223,3.0,Wisconsin,2015.0,2015.0,SD,15.0,,0.125
2018,18,00-0032144,M.Gordon,RB,LAC,BAL,0,0,0.0,0,0.0,0.0,0.0,17,40.0,1,1,1,3.0,0,10.3,11.3,,,73.0,215.0,25.581222222222223,3.0,Wisconsin,2015.0,2015.0,SD,15.0,,0.03448276
2018,19,00-0032144,M.Gordon,RB,LAC,NE,0,0,0.0,0,0.0,0.0,0.0,9,15.0,1,2,1,11.0,0,8.6,9.6,,,73.0,215.0,25.581222222222223,3.0,Wisconsin,2015.0,2015.0,SD,15.0,,0.04255319
2018,1,00-0032160,T.Williams,WR,LAC,KC,0,0,0.0,0,0.0,0.0,0.0,0,0.0,0,5,2,8.0,1,6.8,8.8,,,76.0,205.0,26.747611111111112,3.0,Western Oregon,2015.0,2015.0,,,-10.0,0.1
2018,2,00-0032160,T.Williams,WR,LAC,BUF,0,0,0.0,0,0.0,0.0,0.0,0,0.0,0,3,3,48.0,0,4.8,7.8,,,76.0,205.0,26.747611111111112,3.0,Western Oregon,2015.0,2015.0,,,,0.11111111
2018,3,00-0032160,T.Williams,WR,LAC,LA,0,0,0.0,0,0.0,0.0,0.0,1,14.0,0,3,2,22.0,0,3.6,5.6,,,76.0,205.0,26.747611111111112,3.0,Western Oregon,2015.0,2015.0,,,,0.1
2018,4,00-0032160,T.Williams,WR,LAC,SF,0,0,0.0,0,0.0,0.0,0.0,0,0.0,0,5,3,48.0,0,4.8,7.8,,,76.0,205.0,26.747611111111112,3.0,Western Oregon,2015.0,2015.0,,,2.0,0.13157895
2018,5,00-0032160,T.Williams,WR,LAC,LV,0,0,0.0,0,0.0,0.0,0.0,0,0.0,0,3,3,66.0,0,6.6,9.6,,,76.0,205.0,26.747611111111112,3.0,Western Oregon,2015.0,2015.0,,,16.0,0.115384616
2018,6,00-0032160,T.Williams,WR,LAC,CLE,0,0,0.0,0,0.0,0.0,0.0,1,1.0,0,4,3,118.0,2,23.9,26.9,,,76.0,205.0,26.747611111111112,3.0,Western Oregon,2015.0,2015.0,,,,0.1904762
2018,7,00-0032160,T.Williams,WR,LAC,TEN,0,0,0.0,0,0.0,0.0,0.0,0,0.0,0,4,4,118.0,1,17.8,21.8,,,76.0,205.0,26.747611111111112,3.0,Western Oregon,2015.0,2015.0,,,1.0,0.16
2018,9,00-0032160,T.Williams,WR,LAC,SEA,0,0,0.0,0,0.0,0.0,0.0,0,0.0,0,3,2,23.0,1,8.3,10.3,,,76.0,205.0,26.747611111111112,3.0,Western Oregon,2015.0,2015.0,,,,0.115384616
2018,10,00-0032160,T.Williams,WR,LAC,LV,0,0,0.0,0,0.0,0.0,0.0,0,0.0,0,6,4,46.0,0,4.6,8.6,,,76.0,205.0,26.747611111111112,3.0,Western Oregon,2015.0,2015.0,,,,0.23076923
2018,11,00-0032160,T.Williams,WR,LAC,DEN,0,0,0.0,0,0.0,0.0,0.0,0,0.0,0,6,2,22.0,0,2.2,4.2,,,76.0,205.0,26.747611111111112,3.0,Western Oregon,2015.0,2015.0,,,-1.0,0.13953489
2018,13,00-0032160,T.Williams,WR,LAC,PIT,0,0,0.0,0,0.0,0.0,0.0,0,0.0,0,2,1,14.0,0,1.4,2.4,,,76.0,205.0,26.747611111111112,3.0,Western Oregon,2015.0,2015.0,,,,0.055555556
2018,14,00-0032160,T.Williams,WR,LAC,CIN,0,0,0.0,0,0.0,0.0,0.0,0,0.0,0,4,3,14.0,0,1.4,4.4,,,76.0,205.0,26.747611111111112,3.0,Western Oregon,2015.0,2015.0,,,5.0,0.13793103
2018,15,00-0032160,T.Williams,WR,LAC,KC,0,0,0.0,0,0.0,0.0,0.0,0,0.0,0,12,6,71.0,0,7.1,13.1,,,76.0,205.0,26.747611111111112,3.0,Western Oregon,2015.0,2015.0,,,,0.31578946
2018,16,00-0032160,T.Williams,WR,LAC,BAL,0,0,0.0,0,0.0,0.0,0.0,0,0.0,0,2,1,12.0,0,1.2,2.2,,,76.0,205.0,26.747611111111112,3.0,Western Oregon,2015.0,2015.0,,,-12.0,0.055555556
2018,17,00-0032160,T.Williams,WR,LAC,DEN,0,0,0.0,0,0.0,0.0,0.0,0,0.0,0,3,2,23.0,0,2.3,4.3,,,76.0,205.0,26.747611111111112,3.0,Western Oregon,2015.0,2015.0,,,,0.125
2018,18,00-0032160,T.Williams,WR,LAC,BAL,0,0,0.0,0,0.0,0.0,0.0,0,0.0,0,4,2,9.0,0,0.9,2.9,,,76.0,205.0,26.747611111111112,3.0,Western Oregon,2015.0,2015.0,,,,0.13793103
2018,19,00-0032160,T.Williams,WR,LAC,NE,0,0,0.0,0,0.0,0.0,0.0,0,0.0,0,7,5,94.0,0,9.4,14.4,,,76.0,205.0,26.747611111111112,3.0,Western Oregon,2015.0,2015.0,,,,0.14893617
2018,1,00-0032166,S.Coates,WR,HOU,NE,0,0,0.0,0,0.0,0.0,0.0,0,0.0,0,1,0,0.0,0,0.0,0.0,,,73.0,212.0,25.604470588235294,3.0,Auburn,2015.0,2015.0,PIT,87.0,,0.029411765
2018,4,00-0032166,S.Coates,WR,HOU,IND,0,0,0.0,0,0.0,0.0,0.0,0,0.0,0,1,1,12.0,0,1.2,2.2,,,73.0,212.0,25.604470588235294,3.0,Auburn,2015.0,2015.0,PIT,87.0,,0.025
2018,7,00-0032170,R.Greene,WR,JAX,HOU,0,0,0.0,0,0.0,0.0,0.0,0,0.0,0,1,1,8.0,0,0.8,1.8,,,71.0,182.0,26.1130625,3.0,Florida State,2015.0,2015.0,JAX,139.0,-13.0,0.025
2018,8,00-0032170,R.Greene,WR,JAX,PHI,0,0,0.0,0,0.0,0.0,0.0,0,0.0,0,2,1,9.0,0,0.9,1.9,,,71.0,182.0,26.1130625,3.0,Florida State,2015.0,2015.0,JAX,139.0,-6.0,0.048780486
2018,10,00-0032170,R.Greene,WR,JAX,IND,0,0,0.0,0,0.0,0.0,0.0,0,0.0,0,1,1,11.0,0,-0.9,0.1,,,71.0,182.0,26.1130625,3.0,Florida State,2015.0,2015.0,JAX,139.0,,0.02631579
2018,14,00-0032170,R.Greene,WR,JAX,TEN,0,0,0.0,0,0.0,0.0,0.0,0,0.0,0,2,1,10.0,0,1.0,2.0,,,71.0,182.0,26.1130625,3.0,Florida State,2015.0,2015.0,JAX,139.0,,0.048780486
2018,16,00-0032170,R.Greene,WR,JAX,MIA,0,0,0.0,0,0.0,0.0,0.0,0,0.0,0,2,2,22.0,0,2.2,4.2,,,71.0,182.0,26.1130625,3.0,Florida State,2015.0,2015.0,JAX,139.0,,0.08695652
2018,1,00-0032187,D.Johnson,RB,ARI,WAS,0,0,0.0,0,0.0,0.0,0.0,9,37.0,1,9,5,30.0,0,12.7,17.7,,,73.0,224.0,26.88525,3.0,Northern Iowa,2015.0,2015.0,ARI,86.0,-18.0,0.2647059
2018,2,00-0032187,D.Johnson,RB,ARI,LA,0,0,0.0,0,0.0,0.0,0.0,13,48.0,0,2,1,3.0,0,5.1,6.1,,,73.0,224.0,26.88525,3.0,Northern Iowa,2015.0,2015.0,ARI,86.0,,0.074074075
2018,3,00-0032187,D.Johnson,RB,ARI,CHI,0,0,0.0,0,0.0,0.0,0.0,12,31.0,0,4,4,30.0,1,12.1,16.1,,,73.0,224.0,26.88525,3.0,Northern Iowa,2015.0,2015.0,ARI,86.0,-2.0,0.16
2018,4,00-0032187,D.Johnson,RB,ARI,SEA,0,0,0.0,0,0.0,0.0,0.0,22,71.0,1,4,3,41.0,0,15.2,18.2,,,73.0,224.0,26.88525,3.0,Northern Iowa,2015.0,2015.0,ARI,86.0,-3.0,0.16
2018,5,00-0032187,D.Johnson,RB,ARI,SF,0,0,0.0,0,0.0,0.0,0.0,18,55.0,2,3,2,16.0,0,19.1,21.1,,,73.0,224.0,26.88525,3.0,Northern Iowa,2015.0,2015.0,ARI,86.0,,0.13043478
2018,6,00-0032187,D.Johnson,RB,ARI,MIN,0,0,0.0,0,0.0,0.0,0.0,18,54.0,1,5,2,15.0,0,10.9,12.9,,,73.0,224.0,26.88525,3.0,Northern Iowa,2015.0,2015.0,ARI,86.0,,0.16129032
2018,7,00-0032187,D.Johnson,RB,ARI,DEN,0,0,0.0,0,0.0,0.0,0.0,14,39.0,0,3,3,31.0,0,7.0,10.0,,,73.0,224.0,26.88525,3.0,Northern Iowa,2015.0,2015.0,ARI,86.0,-35.0,0.083333336
2018,8,00-0032187,D.Johnson,RB,ARI,SF,0,0,0.0,0,0.0,0.0,0.0,16,59.0,0,4,4,41.0,0,10.0,14.0,,,73.0,224.0,26.88525,3.0,Northern Iowa,2015.0,2015.0,ARI,86.0,3.0,0.114285715
2018,10,00-0032187,D.Johnson,RB,ARI,KC,0,0,0.0,0,0.0,0.0,0.0,21,98.0,1,9,7,85.0,1,30.3,37.3,,,73.0,224.0,26.88525,3.0,Northern Iowa,2015.0,2015.0,ARI,86.0,,0.24324325
2018,11,00-0032187,D.Johnson,RB,ARI,LV,0,0,0.0,0,0.0,0.0,0.0,25,137.0,0,3,1,17.0,0,15.4,16.4,,,73.0,224.0,26.88525,3.0,Northern Iowa,2015.0,2015.0,ARI,86.0,-2.0,0.15789473
2018,12,00-0032187,D.Johnson,RB,ARI,LAC,0,0,0.0,0,0.0,0.0,0.0,17,63.0,0,3,2,16.0,0,7.9,9.9,,,73.0,224.0,26.88525,3.0,Northern Iowa,2015.0,2015.0,ARI,86.0,,0.1764706
2018,13,00-0032187,D.Johnson,RB,ARI,GB,0,0,0.0,0,0.0,0.0,0.0,20,69.0,0,2,1,3.0,0,7.2,8.2,,,73.0,224.0,26.88525,3.0,Northern Iowa,2015.0,2015.0,ARI,86.0,,0.083333336
2018,14,00-0032187,D.Johnson,RB,ARI,DET,0,0,0.0,0,0.0,0.0,0.0,15,49.0,0,10,8,12.0,0,6.1,14.1,,,73.0,224.0,26.88525,3.0,Northern Iowa,2015.0,2015.0,ARI,86.0,-14.0,0.24390244
2018,15,00-0032187,D.Johnson,RB,ARI,ATL,0,0,0.0,0,0.0,0.0,0.0,11,33.0,1,6,3,68.0,0,16.1,19.1,,,73.0,224.0,26.88525,3.0,Northern Iowa,2015.0,2015.0,ARI,86.0,,0.17142858
2018,16,00-0032187,D.Johnson,RB,ARI,LA,0,0,0.0,0,0.0,0.0,0.0,10,35.0,0,5,1,32.0,1,12.7,13.7,,,73.0,224.0,26.88525,3.0,Northern Iowa,2015.0,2015.0,ARI,86.0,-22.0,0.16129032
2018,17,00-0032187,D.Johnson,RB,ARI,SEA,0,0,0.0,0,0.0,0.0,0.0,17,62.0,0,4,3,6.0,0,8.8,11.8,,,73.0,224.0,26.88525,3.0,Northern Iowa,2015.0,2015.0,ARI,86.0,,0.121212125
2018,1,00-0032200,T.Montgomery,WR,GB,CHI,0,0,0.0,0,0.0,0.0,0.0,2,7.0,0,3,2,21.0,0,2.8,4.8,,,72.0,216.0,25.794375000000002,3.0,Stanford,2015.0,2015.0,GB,94.0,1.0,0.083333336
2018,2,00-0032200,T.Montgomery,WR,GB,MIN,0,0,0.0,0,0.0,0.0,0.0,5,31.0,0,2,1,9.0,0,4.0,5.0,,,72.0,216.0,25.794375000000002,3.0,Stanford,2015.0,2015.0,GB,94.0,0.0,0.048780486
2018,3,00-0032200,T.Montgomery,WR,GB,WAS,0,0,0.0,0,0.0,0.0,0.0,4,16.0,0,7,6,49.0,0,6.5,12.5,,,72.0,216.0,25.794375000000002,3.0,Stanford,2015.0,2015.0,GB,94.0,,0.15555556
2018,4,00-0032200,T.Montgomery,WR,GB,BUF,0,0,0.0,0,0.0,0.0,0.0,5,18.0,0,3,2,56.0,0,7.4,9.4,,,72.0,216.0,25.794375000000002,3.0,Stanford,2015.0,2015.0,GB,94.0,22.0,0.075
2018,5,00-0032200,T.Montgomery,WR,GB,DET,0,0,0.0,0,0.0,0.0,0.0,4,15.0,0,3,1,23.0,0,3.8,4.8,,,72.0,216.0,25.794375000000002,3.0,Stanford,2015.0,2015.0,GB,94.0,,0.06
2018,6,00-0032200,T.Montgomery,WR,GB,SF,0,0,0.0,0,0.0,0.0,0.0,4,12.0,1,3,2,10.0,0,8.2,10.2,,,72.0,216.0,25.794375000000002,3.0,Stanford,2015.0,2015.0,GB,94.0,3.0,0.06818182
2018,8,00-0032200,T.Montgomery,WR,GB,LA,0,0,0.0,0,0.0,0.0,0.0,2,6.0,0,2,1,2.0,0,0.8,1.8,,,72.0,216.0,25.794375000000002,3.0,Stanford,2015.0,2015.0,GB,94.0,,0.06666667
2018,12,00-0032200,T.Montgomery,WR,BAL,LV,0,0,0.0,0,0.0,0.0,0.0,8,51.0,0,3,3,13.0,0,6.4,9.4,,,72.0,216.0,25.794375000000002,3.0,Stanford,2015.0,2015.0,GB,94.0,17.0,0.125
2018,13,00-0032200,T.Montgomery,WR,BAL,ATL,0,0,0.0,0,0.0,0.0,0.0,3,13.0,0,7,5,42.0,0,5.5,10.5,,,72.0,216.0,25.794375000000002,3.0,Stanford,2015.0,2015.0,GB,94.0,,0.28
2018,14,00-0032200,T.Montgomery,WR,BAL,KC,0,0,0.0,0,0.0,0.0,0.0,2,1.0,0,3,1,1.0,0,0.2,1.2,,,72.0,216.0,25.794375000000002,3.0,Stanford,2015.0,2015.0,GB,94.0,,0.115384616
2018,16,00-0032200,T.Montgomery,WR,BAL,LAC,0,0,0.0,0,0.0,0.0,0.0,0,0.0,0,1,0,0.0,0,0.0,0.0,,,72.0,216.0,25.794375000000002,3.0,Stanford,2015.0,2015.0,GB,94.0,,0.045454547
2018,17,00-0032200,T.Montgomery,WR,BAL,CLE,0,0,0.0,0,0.0,0.0,0.0,2,13.0,0,3,1,9.0,0,2.2,3.2,,,72.0,216.0,25.794375000000002,3.0,Stanford,2015.0,2015.0,GB,94.0,2.0,0.13043478
2018,1,00-0032208,P.Dorsett,WR,NE,HOU,0,0,0.0,0,0.0,0.0,0.0,0,0.0,0,7,7,66.0,1,12.6,19.6,,,70.0,185.0,25.86094736842105,3.0,Miami,2015.0,2015.0,IND,29.0,7.0,0.17948718
2018,2,00-0032208,P.Dorsett,WR,NE,JAX,0,0,0.0,0,0.0,0.0,0.0,0,0.0,0,7,5,44.0,0,4.4,9.4,,,70.0,185.0,25.86094736842105,3.0,Miami,2015.0,2015.0,IND,29.0,,0.2
2018,3,00-0032208,P.Dorsett,WR,NE,DET,0,0,0.0,0,0.0,0.0,0.0,0,0.0,0,5,0,0.0,0,0.0,0.0,,,70.0,185.0,25.86094736842105,3.0,Miami,2015.0,2015.0,IND,29.0,,0.20833333
2018,4,00-0032208,P.Dorsett,WR,NE,MIA,0,0,0.0,0,0.0,0.0,0.0,0,0.0,0,7,4,55.0,1,11.5,15.5,,,70.0,185.0,25.86094736842105,3.0,Miami,2015.0,2015.0,IND,29.0,31.0,0.2
2018,5,00-0032208,P.Dorsett,WR,NE,IND,0,0,0.0,0,0.0,0.0,0.0,0,0.0,0,3,3,25.0,0,2.5,5.5,,,70.0,185.0,25.86094736842105,3.0,Miami,2015.0,2015.0,IND,29.0,14.0,0.06818182
2018,7,00-0032208,P.Dorsett,WR,NE,CHI,0,0,0.0,0,0.0,0.0,0.0,0,0.0,0,1,1,8.0,0,0.8,1.8,,,70.0,185.0,25.86094736842105,3.0,Miami,2015.0,2015.0,IND,29.0,,0.028571429
2018,9,00-0032208,P.Dorsett,WR,NE,GB,0,0,0.0,0,0.0,0.0,0.0,0,0.0,0,3,3,30.0,0,3.0,6.0,,,70.0,185.0,25.86094736842105,3.0,Miami,2015.0,2015.0,IND,29.0,14.0,0.08571429
2018,10,00-0032208,P.Dorsett,WR,NE,TEN,0,0,0.0,0,0.0,0.0,0.0,0,0.0,0,2,2,18.0,0,1.8,3.8,,,70.0,185.0,25.86094736842105,3.0,Miami,2015.0,2015.0,IND,29.0,,0.05
2018,12,00-0032208,P.Dorsett,WR,NE,NYJ,0,0,0.0,0,0.0,0.0,0.0,0,0.0,0,2,2,10.0,0,1.0,3.0,,,70.0,185.0,25.86094736842105,3.0,Miami,2015.0,2015.0,IND,29.0,,0.06666667
2018,16,00-0032208,P.Dorsett,WR,NE,BUF,0,0,0.0,0,0.0,0.0,0.0,2,13.0,0,0,0,0.0,0,1.3,1.3,,,70.0,185.0,25.86094736842105,3.0,Miami,2015.0,2015.0,IND,29.0,12.0,
2018,17,00-0032208,P.Dorsett,WR,NE,NYJ,0,0,0.0,0,0.0,0.0,0.0,2,16.0,0,5,5,34.0,1,11.0,16.0,,,70.0,185.0,25.86094736842105,3.0,Miami,2015.0,2015.0,IND,29.0,35.0,0.15625
2018,19,00-0032208,P.Dorsett,WR,NE,LAC,0,0,0.0,0,0.0,0.0,0.0,0,0.0,0,5,4,41.0,1,10.1,14.1,,,70.0,185.0,25.86094736842105,3.0,Miami,2015.0,2015.0,IND,29.0,13.0,0.11363637
2018,20,00-0032208,P.Dorsett,WR,NE,KC,0,0,0.0,0,0.0,0.0,0.0,0,0.0,0,3,1,29.0,1,8.9,9.9,,,70.0,185.0,25.86094736842105,3.0,Miami,2015.0,2015.0,IND,29.0,,0.06521739
2018,1,00-0032209,T.Yeldon,RB,JAX,NYG,0,0,0.0,0,0.0,0.0,0.0,14,51.0,0,7,3,18.0,1,12.9,15.9,,,73.0,223.0,25.089125,3.0,Alabama,2015.0,2015.0,JAX,36.0,,0.21212122
2018,2,00-0032209,T.Yeldon,RB,JAX,NE,0,0,0.0,0,0.0,0.0,0.0,10,58.0,0,5,2,13.0,0,7.1,9.1,,,73.0,223.0,25.089125,3.0,Alabama,2015.0,2015.0,JAX,36.0,11.0,0.11363637
2018,3,00-0032209,T.Yeldon,RB,JAX,TEN,0,0,0.0,0,0.0,0.0,0.0,7,44.0,0,7,6,46.0,0,9.0,15.0,,,73.0,223.0,25.089125,3.0,Alabama,2015.0,2015.0,JAX,36.0,-3.0,0.20588236
2018,4,00-0032209,T.Yeldon,RB,JAX,NYJ,0,0,0.0,0,0.0,0.0,0.0,18,52.0,1,3,3,48.0,1,20.0,23.0,,,73.0,223.0,25.089125,3.0,Alabama,2015.0,2015.0,JAX,36.0,19.0,0.078947365
2018,5,00-0032209,T.Yeldon,RB,JAX,KC,0,0,0.0,0,0.0,0.0,0.0,10,53.0,0,11,8,69.0,1,18.2,26.2,,,73.0,223.0,25.089125,3.0,Alabama,2015.0,2015.0,JAX,36.0,,0.18032786
2018,6,00-0032209,T.Yeldon,RB,JAX,DAL,0,0,0.0,0,0.0,0.0,0.0,8,41.0,0,5,3,29.0,0,7.0,10.0,,,73.0,223.0,25.089125,3.0,Alabama,2015.0,2015.0,JAX,36.0,,0.1923077
2018,7,00-0032209,T.Yeldon,RB,JAX,HOU,0,0,0.0,0,0.0,0.0,0.0,12,28.0,0,7,5,40.0,1,12.8,17.8,,,73.0,223.0,25.089125,3.0,Alabama,2015.0,2015.0,JAX,36.0,-13.0,0.175
2018,8,00-0032209,T.Yeldon,RB,JAX,PHI,0,0,0.0,0,0.0,0.0,0.0,2,7.0,0,9,7,83.0,0,9.0,16.0,,,73.0,223.0,25.089125,3.0,Alabama,2015.0,2015.0,JAX,36.0,-6.0,0.2195122
2018,10,00-0032209,T.Yeldon,RB,JAX,IND,0,0,0.0,0,0.0,0.0,0.0,3,12.0,0,6,5,51.0,0,6.3,11.3,,,73.0,223.0,25.089125,3.0,Alabama,2015.0,2015.0,JAX,36.0,,0.15789473
2018,11,00-0032209,T.Yeldon,RB,JAX,PIT,0,0,0.0,0,0.0,0.0,0.0,5,23.0,0,3,2,9.0,0,3.2,5.2,,,73.0,223.0,25.089125,3.0,Alabama,2015.0,2015.0,JAX,36.0,-4.0,0.16666667
2018,12,00-0032209,T.Yeldon,RB,JAX,BUF,0,0,0.0,0,0.0,0.0,0.0,3,16.0,0,4,2,17.0,0,3.3,5.3,,,73.0,223.0,25.089125,3.0,Alabama,2015.0,2015.0,JAX,36.0,,0.18181819
2018,13,00-0032209,T.Yeldon,RB,JAX,IND,0,0,0.0,0,0.0,0.0,0.0,8,16.0,0,8,7,49.0,0,6.5,13.5,,,73.0,223.0,25.089125,3.0,Alabama,2015.0,2015.0,JAX,36.0,6.0,0.36363637
2018,14,00-0032209,T.Yeldon,RB,JAX,TEN,0,0,0.0,0,0.0,0.0,0.0,1,7.0,0,1,1,10.0,0,1.7,2.7,,,73.0,223.0,25.089125,3.0,Alabama,2015.0,2015.0,JAX,36.0,,0.024390243
2018,15,00-0032209,T.Yeldon,RB,JAX,WAS,0,0,0.0,0,0.0,0.0,0.0,3,6.0,0,2,1,5.0,0,1.1,2.1,,,73.0,223.0,25.089125,3.0,Alabama,2015.0,2015.0,JAX,36.0,-3.0,0.13333334
2018,1,00-0032211,T.Lockett,WR,SEA,DEN,0,0,0.0,0,0.0,0.0,0.0,0,0.0,0,4,3,59.0,1,11.9,14.9,,,70.0,182.0,26.112,3.0,Kansas State,2015.0,2015.0,SEA,69.0,,0.121212125
2018,2,00-0032211,T.Lockett,WR,SEA,CHI,0,0,0.0,0,0.0,0.0,0.0,0,0.0,0,7,5,60.0,1,12.0,17.0,,,70.0,182.0,26.112,3.0,Kansas State,2015.0,2015.0,SEA,69.0,,0.21212122
2018,3,00-0032211,T.Lockett,WR,SEA,DAL,0,0,0.0,0,0.0,0.0,0.0,1,5.0,0,6,4,77.0,1,14.2,18.2,,,70.0,182.0,26.112,3.0,Kansas State,2015.0,2015.0,SEA,69.0,11.0,0.24
2018,4,00-0032211,T.Lockett,WR,SEA,ARI,0,0,0.0,0,0.0,0.0,0.0,0,0.0,0,6,5,53.0,0,5.3,10.3,,,70.0,182.0,26.112,3.0,Kansas State,2015.0,2015.0,SEA,69.0,,0.24
2018,5,00-0032211,T.Lockett,WR,SEA,LA,0,0,0.0,0,0.0,0.0,0.0,1,6.0,0,4,3,98.0,1,16.4,19.4,,,70.0,182.0,26.112,3.0,Kansas State,2015.0,2015.0,SEA,69.0,-2.0,0.21052632
2018,6,00-0032211,T.Lockett,WR,SEA,LV,0,0,0.0,0,0.0,0.0,0.0,1,7.0,0,4,3,13.0,1,8.0,11.0,,,70.0,182.0,26.112,3.0,Kansas State,2015.0,2015.0,SEA,69.0,,0.17391305
2018,8,00-0032211,T.Lockett,WR,SEA,DET,0,0,0.0,0,0.0,0.0,0.0,2,13.0,0,2,2,34.0,1,10.7,12.7,,,70.0,182.0,26.112,3.0,Kansas State,2015.0,2015.0,SEA,69.0,,0.11764706
2018,9,00-0032211,T.Lockett,WR,SEA,LAC,0,0,0.0,0,0.0,0.0,0.0,0,0.0,0,4,3,22.0,0,2.2,5.2,,,70.0,182.0,26.112,3.0,Kansas State,2015.0,2015.0,SEA,69.0,-8.0,0.10810811
2018,10,00-0032211,T.Lockett,WR,SEA,LA,0,0,0.0,0,0.0,0.0,0.0,1,18.0,0,6,5,67.0,1,14.5,19.5,,,70.0,182.0,26.112,3.0,Kansas State,2015.0,2015.0,SEA,69.0,,0.26086956
2018,11,00-0032211,T.Lockett,WR,SEA,GB,0,0,0.0,0,0.0,0.0,0.0,1,1.0,0,5,5,71.0,0,7.2,12.2,,,70.0,182.0,26.112,3.0,Kansas State,2015.0,2015.0,SEA,69.0,3.0,0.1724138
2018,12,00-0032211,T.Lockett,WR,SEA,CAR,0,0,0.0,0,0.0,0.0,0.0,1,-2.0,0,5,5,107.0,1,16.5,21.5,,,70.0,182.0,26.112,3.0,Kansas State,2015.0,2015.0,SEA,69.0,,0.17857143
2018,13,00-0032211,T.Lockett,WR,SEA,SF,0,0,0.0,0,0.0,0.0,0.0,1,10.0,0,2,1,52.0,1,12.2,13.2,,,70.0,182.0,26.112,3.0,Kansas State,2015.0,2015.0,SEA,69.0,27.0,0.11764706
2018,14,00-0032211,T.Lockett,WR,SEA,MIN,0,0,0.0,0,0.0,0.0,0.0,2,-3.0,0,6,5,42.0,0,5.9,10.9,,,70.0,182.0,26.112,3.0,Kansas State,2015.0,2015.0,SEA,69.0,14.0,0.375
2018,15,00-0032211,T.Lockett,WR,SEA,SF,0,0,0.0,0,0.0,0.0,0.0,1,11.0,0,2,2,45.0,0,5.6,7.6,,,70.0,182.0,26.112,3.0,Kansas State,2015.0,2015.0,SEA,69.0,,0.071428575
2018,16,00-0032211,T.Lockett,WR,SEA,KC,0,0,0.0,0,0.0,0.0,0.0,0,0.0,0,5,4,99.0,0,9.9,13.9,,,70.0,182.0,26.112,3.0,Kansas State,2015.0,2015.0,SEA,69.0,7.0,0.18518518
2018,17,00-0032211,T.Lockett,WR,SEA,ARI,0,0,0.0,0,0.0,0.0,0.0,1,3.0,0,2,2,66.0,1,12.9,14.9,,,70.0,182.0,26.112,3.0,Kansas State,2015.0,2015.0,SEA,69.0,3.0,0.1
2018,18,00-0032211,T.Lockett,WR,SEA,DAL,0,0,0.0,0,0.0,0.0,0.0,0,0.0,0,6,4,120.0,0,12.0,16.0,,,70.0,182.0,26.112,3.0,Kansas State,2015.0,2015.0,SEA,69.0,,0.22222222
2018,1,00-0032214,T.Kroft,TE,CIN,IND,0,0,0.0,0,0.0,0.0,0.0,0,0.0,0,1,1,9.0,0,0.9,1.9,,,78.0,250.0,26.0529375,3.0,Rutgers,2015.0,2015.0,CIN,85.0,,0.035714287
2018,2,00-0032214,T.Kroft,TE,CIN,BAL,0,0,0.0,0,0.0,0.0,0.0,0,0.0,0,2,2,11.0,0,1.1,3.1,,,78.0,250.0,26.0529375,3.0,Rutgers,2015.0,2015.0,CIN,85.0,11.0,0.048780486
2018,3,00-0032214,T.Kroft,TE,CIN,CAR,0,0,0.0,0,0.0,0.0,0.0,0,0.0,0,1,1,16.0,0,1.6,2.6,,,78.0,250.0,26.0529375,3.0,Rutgers,2015.0,2015.0,CIN,85.0,,0.022222223
2018,4,00-0032214,T.Kroft,TE,CIN,ATL,0,0,0.0,0,0.0,0.0,0.0,0,0.0,0,1,0,0.0,0,0.0,0.0,,,78.0,250.0,26.0529375,3.0,Rutgers,2015.0,2015.0,CIN,85.0,,0.024390243
2018,5,00-0032214,T.Kroft,TE,CIN,MIA,0,0,0.0,0,0.0,0.0,0.0,0,0.0,0,1,0,0.0,0,0.0,0.0,,,78.0,250.0,26.0529375,3.0,Rutgers,2015.0,2015.0,CIN,85.0,10.0,0.033333335
2018,1,00-0032227,J.Heuerman,TE,DEN,SEA,0,0,0.0,0,0.0,0.0,0.0,0,0.0,0,1,1,15.0,0,1.5,2.5,,,77.0,255.0,25.942375,3.0,Ohio State,2015.0,2015.0,DEN,92.0,3.0,0.025641026
2018,2,00-0032227,J.Heuerman,TE,DEN,LV,0,0,0.0,0,0.0,0.0,0.0,0,0.0,0,3,2,10.0,0,1.0,3.0,,,77.0,255.0,25.942375,3.0,Ohio State,2015.0,2015.0,DEN,92.0,1.0,0.0882353
2018,3,00-0032227,J.Heuerman,TE,DEN,BAL,0,0,0.0,0,0.0,0.0,0.0,0,0.0,0,4,2,7.0,0,0.7,2.7,,,77.0,255.0,25.942375,3.0,Ohio State,2015.0,2015.0,DEN,92.0,,0.11764706
2018,4,00-0032227,J.Heuerman,TE,DEN,KC,0,0,0.0,0,0.0,0.0,0.0,0,0.0,0,7,4,57.0,0,5.7,9.7,,,77.0,255.0,25.942375,3.0,Ohio State,2015.0,2015.0,DEN,92.0,-4.0,0.21212122
2018,5,00-0032227,J.Heuerman,TE,DEN,NYJ,0,0,0.0,0,0.0,0.0,0.0,0,0.0,0,4,2,18.0,0,1.8,3.8,,,77.0,255.0,25.942375,3.0,Ohio State,2015.0,2015.0,DEN,92.0,,0.078431375
2018,6,00-0032227,J.Heuerman,TE,DEN,LA,0,0,0.0,0,0.0,0.0,0.0,0,0.0,0,5,3,23.0,0,2.3,5.3,,,77.0,255.0,25.942375,3.0,Ohio State,2015.0,2015.0,DEN,92.0,-3.0,0.12820514
2018,8,00-0032227,J.Heuerman,TE,DEN,KC,0,0,0.0,0,0.0,0.0,0.0,0,0.0,0,5,1,4.0,1,6.4,7.4,,,77.0,255.0,25.942375,3.0,Ohio State,2015.0,2015.0,DEN,92.0,,0.15151516
2018,9,00-0032227,J.Heuerman,TE,DEN,HOU,0,0,0.0,0,0.0,0.0,0.0,0,0.0,0,11,10,83.0,1,14.3,24.3,,,77.0,255.0,25.942375,3.0,Ohio State,2015.0,2015.0,DEN,92.0,-2.0,0.28947368
2018,11,00-0032227,J.Heuerman,TE,DEN,LAC,0,0,0.0,0,0.0,0.0,0.0,0,0.0,0,5,4,20.0,0,2.0,6.0,,,77.0,255.0,25.942375,3.0,Ohio State,2015.0,2015.0,DEN,92.0,,0.16129032
2018,12,00-0032227,J.Heuerman,TE,DEN,PIT,0,0,0.0,0,0.0,0.0,0.0,0,0.0,0,3,2,44.0,0,4.4,6.4,,,77.0,255.0,25.942375,3.0,Ohio State,2015.0,2015.0,DEN,92.0,7.0,0.10714286
2018,1,00-0032241,T.Gurley,RB,LA,LV,0,0,0.0,0,0.0,0.0,0.0,20,108.0,0,5,3,39.0,1,20.7,23.7,,,73.0,227.0,24.28563157894737,3.0,Georgia,2015.0,2015.0,STL,10.0,,0.15151516
2018,2,00-0032241,T.Gurley,RB,LA,ARI,0,0,0.0,0,0.0,0.0,0.0,19,42.0,3,3,3,31.0,0,29.3,32.3,,,73.0,227.0,24.28563157894737,3.0,Georgia,2015.0,2015.0,STL,10.0,34.0,0.09677419
2018,3,00-0032241,T.Gurley,RB,LA,LAC,0,0,0.0,0,0.0,0.0,0.0,23,105.0,1,6,5,51.0,0,19.6,24.6,,,73.0,227.0,24.28563157894737,3.0,Georgia,2015.0,2015.0,STL,10.0,12.0,0.17142858
2018,4,00-0032241,T.Gurley,RB,LA,MIN,0,0,0.0,0,0.0,0.0,0.0,17,83.0,0,6,4,73.0,1,21.6,25.6,,,73.0,227.0,24.28563157894737,3.0,Georgia,2015.0,2015.0,STL,10.0,7.0,0.18181819
2018,5,00-0032241,T.Gurley,RB,LA,SEA,0,0,0.0,0,0.0,0.0,0.0,22,77.0,3,5,4,36.0,0,29.3,33.3,,,73.0,227.0,24.28563157894737,3.0,Georgia,2015.0,2015.0,STL,10.0,,0.15625
2018,6,00-0032241,T.Gurley,RB,LA,DEN,0,0,0.0,0,0.0,0.0,0.0,28,208.0,2,5,2,17.0,0,34.5,36.5,,,73.0,227.0,24.28563157894737,3.0,Georgia,2015.0,2015.0,STL,10.0,,0.17857143
2018,7,00-0032241,T.Gurley,RB,LA,SF,0,0,0.0,0,0.0,0.0,0.0,15,63.0,2,5,4,23.0,1,26.6,30.6,,,73.0,227.0,24.28563157894737,3.0,Georgia,2015.0,2015.0,STL,10.0,,0.20833333
2018,8,00-0032241,T.Gurley,RB,LA,GB,0,0,0.0,0,0.0,0.0,0.0,25,114.0,0,7,6,81.0,1,27.5,33.5,,,73.0,227.0,24.28563157894737,3.0,Georgia,2015.0,2015.0,STL,10.0,2.0,0.21875
2018,9,00-0032241,T.Gurley,RB,LA,NO,0,0,0.0,0,0.0,0.0,0.0,13,68.0,1,7,6,11.0,0,13.9,19.9,,,73.0,227.0,24.28563157894737,3.0,Georgia,2015.0,2015.0,STL,10.0,,0.175
2018,10,00-0032241,T.Gurley,RB,LA,SEA,0,0,0.0,0,0.0,0.0,0.0,16,120.0,1,4,3,40.0,0,22.0,25.0,,,73.0,227.0,24.28563157894737,3.0,Georgia,2015.0,2015.0,STL,10.0,5.0,0.114285715
2018,11,00-0032241,T.Gurley,RB,LA,KC,0,0,0.0,0,0.0,0.0,0.0,12,55.0,0,3,3,39.0,0,9.4,12.4,,,73.0,227.0,24.28563157894737,3.0,Georgia,2015.0,2015.0,STL,10.0,3.0,0.06521739
2018,13,00-0032241,T.Gurley,RB,LA,DET,0,0,0.0,0,0.0,0.0,0.0,23,132.0,2,5,3,33.0,0,28.5,31.5,,,73.0,227.0,24.28563157894737,3.0,Georgia,2015.0,2015.0,STL,10.0,,0.15625
2018,14,00-0032241,T.Gurley,RB,LA,CHI,0,0,0.0,0,0.0,0.0,0.0,11,28.0,0,7,3,30.0,0,5.8,8.8,,,73.0,227.0,24.28563157894737,3.0,Georgia,2015.0,2015.0,STL,10.0,,0.1627907
2018,15,00-0032241,T.Gurley,RB,LA,PHI,0,0,0.0,0,0.0,0.0,0.0,12,48.0,2,13,10,76.0,0,24.4,34.4,,,73.0,227.0,24.28563157894737,3.0,Georgia,2015.0,2015.0,STL,10.0,-7.0,0.25490198
2018,19,00-0032241,T.Gurley,RB,LA,DAL,0,0,0.0,0,0.0,0.0,0.0,16,115.0,1,2,2,3.0,0,17.8,19.8,,,73.0,227.0,24.28563157894737,3.0,Georgia,2015.0,2015.0,STL,10.0,8.0,0.074074075
2018,20,00-0032241,T.Gurley,RB,LA,NO,0,0,0.0,0,0.0,0.0,0.0,4,10.0,1,3,1,3.0,0,7.3,8.3,,,73.0,227.0,24.28563157894737,3.0,Georgia,2015.0,2015.0,STL,10.0,,0.07692308
2018,21,00-0032241,T.Gurley,RB,LA,NE,0,0,0.0,0,0.0,0.0,0.0,10,35.0,0,2,1,-1.0,0,3.4,4.4,,,73.0,227.0,24.28563157894737,3.0,Georgia,2015.0,2015.0,STL,10.0,-10.0,0.055555556
2018,7,00-0032245,S.Mannion,QB,LA,SF,0,0,0.0,0,0.0,0.0,0.0,3,1.0,0,0,0,0.0,0,0.1,0.1,,,78.0,231.0,26.558,3.0,Oregon State,2015.0,2015.0,STL,89.0,,
2018,16,00-0032245,S.Mannion,QB,LA,ARI,0,0,0.0,0,0.0,0.0,0.0,2,-2.0,0,0,0,0.0,0,-0.2,-0.2,,,78.0,231.0,26.558,3.0,Oregon State,2015.0,2015.0,STL,89.0,,
2018,17,00-0032245,S.Mannion,QB,LA,SF,2,3,23.0,0,0.0,0.0,-0.0,2,-8.0,0,0,0,0.0,0,0.12,0.12,,,78.0,231.0,26.558,3.0,Oregon State,2015.0,2015.0,STL,89.0,16.0,
2018,1,00-0032257,D.Johnson,RB,CLE,PIT,0,0,0.0,0,0.0,0.0,0.0,5,17.0,0,6,1,8.0,0,2.5,3.5,,,69.0,210.0,25.1111875,3.0,Miami,2015.0,2015.0,CLE,77.0,0.0,0.15789473
2018,2,00-0032257,D.Johnson,RB,CLE,NO,0,0,0.0,0,0.0,0.0,0.0,3,3.0,0,2,2,7.0,0,1.0,3.0,,,69.0,210.0,25.1111875,3.0,Miami,2015.0,2015.0,CLE,77.0,,0.06666667
2018,3,00-0032257,D.Johnson,RB,CLE,NYJ,0,0,0.0,0,0.0,0.0,0.0,2,9.0,0,2,2,24.0,0,3.3,5.3,,,69.0,210.0,25.1111875,3.0,Miami,2015.0,2015.0,CLE,77.0,4.0,0.057142857
2018,4,00-0032257,D.Johnson,RB,CLE,LV,0,0,0.0,0,0.0,0.0,0.0,2,11.0,0,6,4,45.0,0,9.6,13.6,,,69.0,210.0,25.1111875,3.0,Miami,2015.0,2015.0,CLE,77.0,,0.14634146
2018,5,00-0032257,D.Johnson,RB,CLE,BAL,0,0,0.0,0,0.0,0.0,0.0,5,35.0,0,1,1,7.0,0,4.2,5.2,,,69.0,210.0,25.1111875,3.0,Miami,2015.0,2015.0,CLE,77.0,3.0,0.023809524
2018,6,00-0032257,D.Johnson,RB,CLE,LAC,0,0,0.0,0,0.0,0.0,0.0,2,36.0,0,5,4,73.0,0,10.9,14.9,,,69.0,210.0,25.1111875,3.0,Miami,2015.0,2015.0,CLE,77.0,-24.0,0.11627907
2018,7,00-0032257,D.Johnson,RB,CLE,TB,0,0,0.0,0,0.0,0.0,0.0,1,-4.0,0,4,4,23.0,0,1.9,5.9,,,69.0,210.0,25.1111875,3.0,Miami,2015.0,2015.0,CLE,77.0,,0.121212125
2018,8,00-0032257,D.Johnson,RB,CLE,PIT,0,0,0.0,0,0.0,0.0,0.0,2,0.0,0,3,2,16.0,0,1.6,3.6,,,69.0,210.0,25.1111875,3.0,Miami,2015.0,2015.0,CLE,77.0,,0.09090909
2018,9,00-0032257,D.Johnson,RB,CLE,KC,0,0,0.0,0,0.0,0.0,0.0,1,8.0,0,9,9,78.0,2,20.6,29.6,,,69.0,210.0,25.1111875,3.0,Miami,2015.0,2015.0,CLE,77.0,-16.0,0.20930232
2018,10,00-0032257,D.Johnson,RB,CLE,ATL,0,0,0.0,0,0.0,0.0,0.0,3,15.0,0,4,4,31.0,1,10.6,14.6,,,69.0,210.0,25.1111875,3.0,Miami,2015.0,2015.0,CLE,77.0,12.0,0.1904762
2018,12,00-0032257,D.Johnson,RB,CLE,CIN,0,0,0.0,0,0.0,0.0,0.0,2,16.0,0,2,1,23.0,0,3.9,4.9,,,69.0,210.0,25.1111875,3.0,Miami,2015.0,2015.0,CLE,77.0,,0.08
2018,13,00-0032257,D.Johnson,RB,CLE,HOU,0,0,0.0,0,0.0,0.0,0.0,0,0.0,0,3,2,12.0,0,1.2,3.2,,,69.0,210.0,25.1111875,3.0,Miami,2015.0,2015.0,CLE,77.0,,0.075
2018,14,00-0032257,D.Johnson,RB,CLE,CAR,0,0,0.0,0,0.0,0.0,0.0,2,-6.0,0,0,0,0.0,0,-0.6,-0.6,,,69.0,210.0,25.1111875,3.0,Miami,2015.0,2015.0,CLE,77.0,6.0,
2018,15,00-0032257,D.Johnson,RB,CLE,DEN,0,0,0.0,0,0.0,0.0,0.0,4,28.0,0,5,4,25.0,0,5.3,9.3,,,69.0,210.0,25.1111875,3.0,Miami,2015.0,2015.0,CLE,77.0,,0.16129032
2018,16,00-0032257,D.Johnson,RB,CLE,CIN,0,0,0.0,0,0.0,0.0,0.0,2,12.0,0,6,6,54.0,0,6.6,12.6,,,69.0,210.0,25.1111875,3.0,Miami,2015.0,2015.0,CLE,77.0,8.0,0.15789473
2018,17,00-0032257,D.Johnson,RB,CLE,BAL,0,0,0.0,0,0.0,0.0,0.0,4,21.0,0,4,1,3.0,0,2.4,3.4,,,69.0,210.0,25.1111875,3.0,Miami,2015.0,2015.0,CLE,77.0,,0.09756097
2018,1,00-0032268,M.Mariota,QB,TEN,MIA,9,16,103.0,0,2.0,0.0,-0.0,3,15.0,0,0,0,0.0,0,1.62,1.62,,,76.0,222.0,25.013875,3.0,Oregon,2015.0,2015.0,TEN,2.0,,
2018,3,00-0032268,M.Mariota,QB,TEN,JAX,12,18,100.0,0,0.0,1.0,8.0,7,51.0,0,0,0,0.0,0,9.1,9.1,,,76.0,222.0,25.013875,3.0,Oregon,2015.0,2015.0,TEN,2.0,,
2018,4,00-0032268,M.Mariota,QB,TEN,PHI,30,43,344.0,2,1.0,3.0,17.0,10,46.0,1,0,0,0.0,0,30.36,30.36,,,76.0,222.0,25.013875,3.0,Oregon,2015.0,2015.0,TEN,2.0,3.0,
2018,5,00-0032268,M.Mariota,QB,TEN,BUF,14,26,129.0,0,1.0,2.0,8.0,2,10.0,0,0,0,0.0,0,4.16,4.16,,,76.0,222.0,25.013875,3.0,Oregon,2015.0,2015.0,TEN,2.0,,
2018,6,00-0032268,M.Mariota,QB,TEN,BAL,10,15,117.0,0,0.0,11.0,66.0,2,25.0,0,0,0,0.0,0,7.18,7.18,,,76.0,222.0,25.013875,3.0,Oregon,2015.0,2015.0,TEN,2.0,-21.0,
2018,7,00-0032268,M.Mariota,QB,TEN,LAC,24,32,237.0,1,1.0,2.0,11.0,7,38.0,0,0,0,0.0,0,15.28,15.28,,,76.0,222.0,25.013875,3.0,Oregon,2015.0,2015.0,TEN,2.0,,
2018,9,00-0032268,M.Mariota,QB,TEN,DAL,21,29,240.0,2,0.0,4.0,25.0,10,32.0,1,0,0,0.0,0,22.8,22.8,,,76.0,222.0,25.013875,3.0,Oregon,2015.0,2015.0,TEN,2.0,,
2018,10,00-0032268,M.Mariota,QB,TEN,NE,16,24,228.0,2,0.0,2.0,14.0,2,21.0,0,1,1,21.0,0,21.32,22.32,,,76.0,222.0,25.013875,3.0,Oregon,2015.0,2015.0,TEN,2.0,24.0,0.041666668
2018,11,00-0032268,M.Mariota,QB,TEN,IND,10,13,85.0,0,1.0,4.0,19.0,4,17.0,0,0,0,0.0,0,3.1,3.1,,,76.0,222.0,25.013875,3.0,Oregon,2015.0,2015.0,TEN,2.0,,
2018,12,00-0032268,M.Mariota,QB,TEN,HOU,22,23,303.0,2,0.0,6.0,43.0,6,28.0,0,0,0,0.0,0,22.92,22.92,,,76.0,222.0,25.013875,3.0,Oregon,2015.0,2015.0,TEN,2.0,,
2018,13,00-0032268,M.Mariota,QB,TEN,NYJ,20,35,282.0,2,1.0,3.0,9.0,4,43.0,0,0,0,0.0,0,21.58,21.58,,,76.0,222.0,25.013875,3.0,Oregon,2015.0,2015.0,TEN,2.0,4.0,
2018,14,00-0032268,M.Mariota,QB,TEN,JAX,18,24,162.0,0,1.0,1.0,-0.0,4,13.0,0,0,0,0.0,0,5.78,5.78,,,76.0,222.0,25.013875,3.0,Oregon,2015.0,2015.0,TEN,2.0,21.0,
2018,15,00-0032268,M.Mariota,QB,TEN,NYG,12,20,88.0,0,0.0,1.0,8.0,2,11.0,0,0,0,0.0,0,4.62,4.62,,,76.0,222.0,25.013875,3.0,Oregon,2015.0,2015.0,TEN,2.0,,
2018,16,00-0032268,M.Mariota,QB,TEN,WAS,10,13,110.0,0,0.0,2.0,15.0,1,7.0,0,0,0,0.0,0,5.1,5.1,,,76.0,222.0,25.013875,3.0,Oregon,2015.0,2015.0,TEN,2.0,9.0,
2018,1,00-0032355,C.Rogers,WR,IND,CIN,0,0,0.0,0,0.0,0.0,0.0,0,0.0,0,3,3,18.0,0,1.8,4.8,,,72.0,184.0,24.82988888888889,2.0,Grambling,2016.0,2016.0,,,-11.0,0.057692308
2018,2,00-0032355,C.Rogers,WR,IND,WAS,0,0,0.0,0,0.0,0.0,0.0,0,0.0,0,3,3,17.0,0,1.7,4.7,,,72.0,184.0,24.82988888888889,2.0,Grambling,2016.0,2016.0,,,,0.09677419
2018,3,00-0032355,C.Rogers,WR,IND,PHI,0,0,0.0,0,0.0,0.0,0.0,0,0.0,0,4,2,14.0,0,1.4,3.4,,,72.0,184.0,24.82988888888889,2.0,Grambling,2016.0,2016.0,,,,0.09756097
2018,4,00-0032355,C.Rogers,WR,IND,HOU,0,0,0.0,0,0.0,0.0,0.0,0,0.0,0,11,8,85.0,0,10.5,18.5,,,72.0,184.0,24.82988888888889,2.0,Grambling,2016.0,2016.0,,,-3.0,0.18032786
2018,5,00-0032355,C.Rogers,WR,IND,NE,0,0,0.0,0,0.0,0.0,0.0,0,0.0,0,11,8,66.0,0,6.6,14.6,,,72.0,184.0,24.82988888888889,2.0,Grambling,2016.0,2016.0,,,,0.18644068
2018,6,00-0032355,C.Rogers,WR,IND,NYJ,0,0,0.0,0,0.0,0.0,0.0,0,0.0,0,10,4,55.0,1,11.5,15.5,,,72.0,184.0,24.82988888888889,2.0,Grambling,2016.0,2016.0,,,,0.23809524
2018,7,00-0032355,C.Rogers,WR,IND,BUF,0,0,0.0,0,0.0,0.0,0.0,0,0.0,0,4,4,40.0,0,4.0,8.0,,,72.0,184.0,24.82988888888889,2.0,Grambling,2016.0,2016.0,,,32.0,0.17391305
2018,8,00-0032355,C.Rogers,WR,IND,LV,0,0,0.0,0,0.0,0.0,0.0,0,0.0,0,1,0,0.0,0,2.0,2.0,,,72.0,184.0,24.82988888888889,2.0,Grambling,2016.0,2016.0,,,,0.032258064
2018,10,00-0032355,C.Rogers,WR,IND,JAX,0,0,0.0,0,0.0,0.0,0.0,1,-4.0,0,1,0,0.0,0,-0.4,-0.4,,,72.0,184.0,24.82988888888889,2.0,Grambling,2016.0,2016.0,,,3.0,0.03448276
2018,11,00-0032355,C.Rogers,WR,IND,TEN,0,0,0.0,0,0.0,0.0,0.0,0,0.0,0,2,2,9.0,0,0.9,2.9,,,72.0,184.0,24.82988888888889,2.0,Grambling,2016.0,2016.0,,,28.0,0.0625
2018,12,00-0032355,C.Rogers,WR,IND,MIA,0,0,0.0,0,0.0,0.0,0.0,0,0.0,0,4,3,49.0,0,4.9,7.9,,,72.0,184.0,24.82988888888889,2.0,Grambling,2016.0,2016.0,,,3.0,0.10526316
2018,14,00-0032355,C.Rogers,WR,IND,HOU,0,0,0.0,0,0.0,0.0,0.0,0,0.0,0,6,5,36.0,0,3.6,8.6,,,72.0,184.0,24.82988888888889,2.0,Grambling,2016.0,2016.0,,,,0.15
2018,15,00-0032355,C.Rogers,WR,IND,DAL,0,0,0.0,0,0.0,0.0,0.0,0,0.0,0,1,1,10.0,0,1.0,2.0,,,72.0,184.0,24.82988888888889,2.0,Grambling,2016.0,2016.0,,,23.0,0.03846154
2018,16,00-0032355,C.Rogers,WR,IND,NYG,0,0,0.0,0,0.0,0.0,0.0,0,0.0,0,7,7,54.0,1,11.4,18.4,,,72.0,184.0,24.82988888888889,2.0,Grambling,2016.0,2016.0,,,1.0,0.1590909
2018,17,00-0032355,C.Rogers,WR,IND,TEN,0,0,0.0,0,0.0,0.0,0.0,0,0.0,0,4,3,32.0,0,3.2,6.2,,,72.0,184.0,24.82988888888889,2.0,Grambling,2016.0,2016.0,,,,0.114285715
2018,18,00-0032355,C.Rogers,WR,IND,HOU,0,0,0.0,0,0.0,0.0,0.0,0,0.0,0,5,4,46.0,0,4.6,8.6,,,72.0,184.0,24.82988888888889,2.0,Grambling,2016.0,2016.0,,,,0.16129032
2018,19,00-0032355,C.Rogers,WR,IND,KC,0,0,0.0,0,0.0,0.0,0.0,0,0.0,0,6,5,30.0,0,3.0,8.0,,,72.0,184.0,24.82988888888889,2.0,Grambling,2016.0,2016.0,,,,0.16666667
2018,5,00-0032362,M.Harris,WR,WAS,NO,0,0,0.0,0,0.0,0.0,0.0,0,0.0,0,8,3,47.0,0,4.7,7.7,,,75.0,200.0,25.9850625,2.0,California,2016.0,2016.0,,,,0.21621622
2018,6,00-0032362,M.Harris,WR,WAS,CAR,0,0,0.0,0,0.0,0.0,0.0,1,6.0,0,4,3,13.0,0,1.9,4.9,,,75.0,200.0,25.9850625,2.0,California,2016.0,2016.0,,,6.0,0.121212125
2018,7,00-0032362,M.Harris,WR,WAS,DAL,0,0,0.0,0,0.0,0.0,0.0,0,0.0,0,3,3,22.0,0,2.2,5.2,,,75.0,200.0,25.9850625,2.0,California,2016.0,2016.0,,,3.0,0.125
2018,8,00-0032362,M.Harris,WR,WAS,NYG,0,0,0.0,0,0.0,0.0,0.0,0,0.0,0,2,2,20.0,0,2.0,4.0,,,75.0,200.0,25.9850625,2.0,California,2016.0,2016.0,,,,0.06451613
2018,9,00-0032362,M.Harris,WR,WAS,ATL,0,0,0.0,0,0.0,0.0,0.0,0,0.0,0,12,10,124.0,0,12.4,22.4,,,75.0,200.0,25.9850625,2.0,California,2016.0,2016.0,,,-24.0,0.26666668
2018,10,00-0032362,M.Harris,WR,WAS,TB,0,0,0.0,0,0.0,0.0,0.0,1,4.0,0,5,5,52.0,0,5.6,10.6,,,75.0,200.0,25.9850625,2.0,California,2016.0,2016.0,,,,0.1923077
2018,11,00-0032362,M.Harris,WR,WAS,HOU,0,0,0.0,0,0.0,0.0,0.0,0,0.0,0,4,1,13.0,0,1.3,2.3,,,75.0,200.0,25.9850625,2.0,California,2016.0,2016.0,,,-2.0,0.11111111
2018,12,00-0032362,M.Harris,WR,WAS,DAL,0,0,0.0,0,0.0,0.0,0.0,0,0.0,0,5,0,0.0,0,0.0,0.0,,,75.0,200.0,25.9850625,2.0,California,2016.0,2016.0,,,,0.13157895
2018,13,00-0032362,M.Harris,WR,WAS,PHI,0,0,0.0,0,0.0,0.0,0.0,0,0.0,0,1,0,0.0,0,0.0,0.0,,,75.0,200.0,25.9850625,2.0,California,2016.0,2016.0,,,,0.041666668
2018,14,00-0032362,M.Harris,WR,WAS,NYG,0,0,0.0,0,0.0,0.0,0.0,0,0.0,0,1,0,0.0,0,0.0,0.0,,,75.0,200.0,25.9850625,2.0,California,2016.0,2016.0,,,-24.0,0.03448276
2018,15,00-0032362,M.Harris,WR,WAS,JAX,0,0,0.0,0,0.0,0.0,0.0,0,0.0,0,2,1,13.0,0,1.3,2.3,,,75.0,200.0,25.9850625,2.0,California,2016.0,2016.0,,,,0.08695652
2018,1,00-0032371,R.Kelley,RB,WAS,ARI,0,0,0.0,0,0.0,0.0,0.0,3,7.0,0,0,0,0.0,0,0.7,0.7,,,72.0,229.0,26.0919375,2.0,Tulane,2016.0,2016.0,,,,
2018,2,00-0032371,R.Kelley,RB,WAS,IND,0,0,0.0,0,0.0,0.0,0.0,1,1.0,0,0,0,0.0,0,0.1,0.1,,,72.0,229.0,26.0919375,2.0,Tulane,2016.0,2016.0,,,-12.0,
2018,13,00-0032381,T.Decker,T,DET,LA,0,0,0.0,0,0.0,0.0,0.0,0,0.0,0,1,1,11.0,1,7.1,8.1,,,79.0,311.0,25.202375,2.0,Ohio State,2016.0,2016.0,DET,16.0,-14.0,0.030303031
2018,3,00-0032383,R.Kelly,C,IND,PHI,0,0,0.0,0,0.0,0.0,0.0,0,0.0,0,1,1,-4.0,0,-0.4,0.6,,,76.0,309.0,25.451444444444444,2.0,Alabama,2016.0,2016.0,IND,18.0,,0.024390243
2018,1,00-0032385,S.Shepard,WR,NYG,JAX,0,0,0.0,0,0.0,0.0,0.0,0,0.0,0,7,5,48.0,0,4.8,9.8,,,70.0,194.0,25.730125,2.0,Oklahoma,2016.0,2016.0,NYG,40.0,-5.0,0.19444445
2018,2,00-0032385,S.Shepard,WR,NYG,DAL,0,0,0.0,0,0.0,0.0,0.0,0,0.0,0,5,3,24.0,0,2.4,5.4,,,70.0,194.0,25.730125,2.0,Oklahoma,2016.0,2016.0,NYG,40.0,,0.11363637
2018,3,00-0032385,S.Shepard,WR,NYG,HOU,0,0,0.0,0,0.0,0.0,0.0,0,0.0,0,7,6,80.0,1,14.0,20.0,,,70.0,194.0,25.730125,2.0,Oklahoma,2016.0,2016.0,NYG,40.0,,0.2413793
2018,4,00-0032385,S.Shepard,WR,NYG,NO,0,0,0.0,0,0.0,0.0,0.0,0,0.0,0,10,10,77.0,1,15.7,25.7,,,70.0,194.0,25.730125,2.0,Oklahoma,2016.0,2016.0,NYG,40.0,-15.0,0.24390244
2018,5,00-0032385,S.Shepard,WR,NYG,CAR,0,0,0.0,0,0.0,0.0,0.0,0,0.0,0,7,4,75.0,0,7.5,11.5,,,70.0,194.0,25.730125,2.0,Oklahoma,2016.0,2016.0,NYG,40.0,,0.1891892
2018,6,00-0032385,S.Shepard,WR,NYG,PHI,0,0,0.0,0,0.0,0.0,0.0,0,0.0,0,7,3,37.0,0,3.7,6.7,,,70.0,194.0,25.730125,2.0,Oklahoma,2016.0,2016.0,NYG,40.0,-21.0,0.1627907
2018,7,00-0032385,S.Shepard,WR,NYG,ATL,0,0,0.0,0,0.0,0.0,0.0,0,0.0,0,8,5,167.0,0,16.7,21.7,,,70.0,194.0,25.730125,2.0,Oklahoma,2016.0,2016.0,NYG,40.0,,0.21621622
2018,8,00-0032385,S.Shepard,WR,NYG,WAS,0,0,0.0,0,0.0,0.0,0.0,0,0.0,0,8,4,34.0,0,3.4,7.4,,,70.0,194.0,25.730125,2.0,Oklahoma,2016.0,2016.0,NYG,40.0,-7.0,0.17391305
2018,10,00-0032385,S.Shepard,WR,NYG,SF,0,0,0.0,0,0.0,0.0,0.0,1,27.0,0,3,2,9.0,1,9.6,11.6,,,70.0,194.0,25.730125,2.0,Oklahoma,2016.0,2016.0,NYG,40.0,,0.09677419
2018,11,00-0032385,S.Shepard,WR,NYG,TB,0,0,0.0,0,0.0,0.0,0.0,0,0.0,0,2,2,22.0,0,2.2,4.2,,,70.0,194.0,25.730125,2.0,Oklahoma,2016.0,2016.0,NYG,40.0,3.0,0.11111111
2018,12,00-0032385,S.Shepard,WR,NYG,PHI,0,0,0.0,0,0.0,0.0,0.0,0,0.0,0,6,4,37.0,0,3.7,7.7,,,70.0,194.0,25.730125,2.0,Oklahoma,2016.0,2016.0,NYG,40.0,,0.16216215
2018,13,00-0032385,S.Shepard,WR,NYG,CHI,0,0,0.0,0,0.0,0.0,0.0,0,0.0,0,6,4,28.0,0,2.8,6.8,,,70.0,194.0,25.730125,2.0,Oklahoma,2016.0,2016.0,NYG,40.0,3.0,0.17142858
2018,14,00-0032385,S.Shepard,WR,NYG,WAS,0,0,0.0,0,0.0,0.0,0.0,0,0.0,0,6,2,17.0,1,7.7,9.7,,,70.0,194.0,25.730125,2.0,Oklahoma,2016.0,2016.0,NYG,40.0,,0.23076923
2018,15,00-0032385,S.Shepard,WR,NYG,TEN,0,0,0.0,0,0.0,0.0,0.0,0,0.0,0,9,2,37.0,0,3.7,5.7,,,70.0,194.0,25.730125,2.0,Oklahoma,2016.0,2016.0,NYG,40.0,-17.0,0.20454545
2018,16,00-0032385,S.Shepard,WR,NYG,IND,0,0,0.0,0,0.0,0.0,0.0,1,-3.0,0,7,6,113.0,0,11.0,17.0,,,70.0,194.0,25.730125,2.0,Oklahoma,2016.0,2016.0,NYG,40.0,,0.22580644
2018,17,00-0032385,S.Shepard,WR,NYG,DAL,0,0,0.0,0,0.0,0.0,0.0,1,9.0,0,9,4,67.0,0,7.6,11.6,,,70.0,194.0,25.730125,2.0,Oklahoma,2016.0,2016.0,NYG,40.0,-1.0,0.23076923
2018,12,00-0032390,C.Jones,CB,BAL,BAL,0,0,0.0,0,0.0,0.0,0.0,0,0.0,0,0,0,0.0,0,6.0,6.0,,,70.0,200.0,24.938823529411764,2.0,Alabama,2016.0,2016.0,NE,60.0,17.0,
2018,1,00-0032392,A.Hooper,TE,ATL,PHI,0,0,0.0,0,0.0,0.0,0.0,0,0.0,0,4,3,24.0,0,2.4,5.4,,,75.0,248.0,24.0168125,2.0,Stanford,2016.0,2016.0,ATL,81.0,,0.102564104
2018,2,00-0032392,A.Hooper,TE,ATL,CAR,0,0,0.0,0,0.0,0.0,0.0,0,0.0,0,5,5,59.0,1,11.9,16.9,,,75.0,248.0,24.0168125,2.0,Stanford,2016.0,2016.0,ATL,81.0,7.0,0.17857143
2018,3,00-0032392,A.Hooper,TE,ATL,NO,0,0,0.0,0,0.0,0.0,0.0,0,0.0,0,4,3,23.0,0,4.3,7.3,,,75.0,248.0,24.0168125,2.0,Stanford,2016.0,2016.0,ATL,81.0,-6.0,0.11764706
2018,4,00-0032392,A.Hooper,TE,ATL,CIN,0,0,0.0,0,0.0,0.0,0.0,0,0.0,0,2,1,19.0,0,1.9,2.9,,,75.0,248.0,24.0168125,2.0,Stanford,2016.0,2016.0,ATL,81.0,-1.0,0.05263158
2018,5,00-0032392,A.Hooper,TE,ATL,PIT,0,0,0.0,0,0.0,0.0,0.0,0,0.0,0,12,9,77.0,0,7.7,16.7,,,75.0,248.0,24.0168125,2.0,Stanford,2016.0,2016.0,ATL,81.0,,0.26666668
2018,6,00-0032392,A.Hooper,TE,ATL,TB,0,0,0.0,0,0.0,0.0,0.0,0,0.0,0,10,9,71.0,1,13.1,22.1,,,75.0,248.0,24.0168125,2.0,Stanford,2016.0,2016.0,ATL,81.0,5.0,0.24390244
2018,7,00-0032392,A.Hooper,TE,ATL,NYG,0,0,0.0,0,0.0,0.0,0.0,0,0.0,0,4,3,48.0,0,4.8,7.8,,,75.0,248.0,24.0168125,2.0,Stanford,2016.0,2016.0,ATL,81.0,3.0,0.11111111
2018,9,00-0032392,A.Hooper,TE,ATL,WAS,0,0,0.0,0,0.0,0.0,0.0,0,0.0,0,3,3,41.0,0,4.1,7.1,,,75.0,248.0,24.0168125,2.0,Stanford,2016.0,2016.0,ATL,81.0,,0.08108108
2018,10,00-0032392,A.Hooper,TE,ATL,CLE,0,0,0.0,0,0.0,0.0,0.0,0,0.0,0,11,10,56.0,1,11.6,21.6,,,75.0,248.0,24.0168125,2.0,Stanford,2016.0,2016.0,ATL,81.0,,0.21568628
2018,11,00-0032392,A.Hooper,TE,ATL,DAL,0,0,0.0,0,0.0,0.0,0.0,0,0.0,0,8,4,27.0,0,2.7,6.7,,,75.0,248.0,24.0168125,2.0,Stanford,2016.0,2016.0,ATL,81.0,-3.0,0.23529412
2018,12,00-0032392,A.Hooper,TE,ATL,NO,0,0,0.0,0,0.0,0.0,0.0,0,0.0,0,5,5,31.0,0,3.1,8.1,,,75.0,248.0,24.0168125,2.0,Stanford,2016.0,2016.0,ATL,81.0,,0.10638298
2018,13,00-0032392,A.Hooper,TE,ATL,BAL,0,0,0.0,0,0.0,0.0,0.0,0,0.0,0,5,5,44.0,1,10.4,15.4,,,75.0,248.0,24.0168125,2.0,Stanford,2016.0,2016.0,ATL,81.0,-10.0,0.18518518
2018,14,00-0032392,A.Hooper,TE,ATL,GB,0,0,0.0,0,0.0,0.0,0.0,0,0.0,0,6,4,37.0,0,3.7,7.7,,,75.0,248.0,24.0168125,2.0,Stanford,2016.0,2016.0,ATL,81.0,,0.14285715
2018,15,00-0032392,A.Hooper,TE,ATL,ARI,0,0,0.0,0,0.0,0.0,0.0,0,0.0,0,1,0,0.0,0,0.0,0.0,,,75.0,248.0,24.0168125,2.0,Stanford,2016.0,2016.0,ATL,81.0,26.0,0.027777778
2018,16,00-0032392,A.Hooper,TE,ATL,CAR,0,0,0.0,0,0.0,0.0,0.0,0,0.0,0,2,2,36.0,0,3.6,5.6,,,75.0,248.0,24.0168125,2.0,Stanford,2016.0,2016.0,ATL,81.0,,0.07692308
2018,17,00-0032392,A.Hooper,TE,ATL,TB,0,0,0.0,0,0.0,0.0,0.0,0,0.0,0,6,5,67.0,0,6.7,11.7,,,75.0,248.0,24.0168125,2.0,Stanford,2016.0,2016.0,ATL,81.0,,0.13953489
2018,2,00-0032393,C.Prosise,RB,SEA,CHI,0,0,0.0,0,0.0,0.0,0.0,0,0.0,0,3,3,22.0,0,2.2,5.2,,,73.0,225.0,24.47205882352941,2.0,Notre Dame,2016.0,2016.0,SEA,90.0,,0.09090909
2018,10,00-0032393,C.Prosise,RB,SEA,LA,0,0,0.0,0,0.0,0.0,0.0,1,-3.0,0,0,0,0.0,0,-0.3,-0.3,,,73.0,225.0,24.47205882352941,2.0,Notre Dame,2016.0,2016.0,SEA,90.0,,
2018,1,00-0032394,N.Vannett,TE,SEA,DEN,0,0,0.0,0,0.0,0.0,0.0,0,0.0,0,2,1,11.0,0,1.1,2.1,,,78.0,261.0,25.67670588235294,2.0,Ohio State,2016.0,2016.0,SEA,94.0,,0.060606062
2018,2,00-0032394,N.Vannett,TE,SEA,CHI,0,0,0.0,0,0.0,0.0,0.0,0,0.0,0,5,3,23.0,0,2.3,5.3,,,78.0,261.0,25.67670588235294,2.0,Ohio State,2016.0,2016.0,SEA,94.0,,0.15151516
2018,3,00-0032394,N.Vannett,TE,SEA,DAL,0,0,0.0,0,0.0,0.0,0.0,0,0.0,0,5,4,27.0,0,2.7,6.7,,,78.0,261.0,25.67670588235294,2.0,Ohio State,2016.0,2016.0,SEA,94.0,11.0,0.2
2018,4,00-0032394,N.Vannett,TE,SEA,ARI,0,0,0.0,0,0.0,0.0,0.0,0,0.0,0,2,1,6.0,0,0.6,1.6,,,78.0,261.0,25.67670588235294,2.0,Ohio State,2016.0,2016.0,SEA,94.0,,0.08
2018,5,00-0032394,N.Vannett,TE,SEA,LA,0,0,0.0,0,0.0,0.0,0.0,0,0.0,0,4,3,43.0,0,4.3,7.3,,,78.0,261.0,25.67670588235294,2.0,Ohio State,2016.0,2016.0,SEA,94.0,-2.0,0.21052632
2018,8,00-0032394,N.Vannett,TE,SEA,DET,0,0,0.0,0,0.0,0.0,0.0,0,0.0,0,3,1,16.0,0,1.6,2.6,,,78.0,261.0,25.67670588235294,2.0,Ohio State,2016.0,2016.0,SEA,94.0,,0.1764706
2018,9,00-0032394,N.Vannett,TE,SEA,LAC,0,0,0.0,0,0.0,0.0,0.0,0,0.0,0,8,6,52.0,1,11.2,17.2,,,78.0,261.0,25.67670588235294,2.0,Ohio State,2016.0,2016.0,SEA,94.0,-8.0,0.21621622
2018,10,00-0032394,N.Vannett,TE,SEA,LA,0,0,0.0,0,0.0,0.0,0.0,0,0.0,0,2,1,8.0,1,6.8,7.8,,,78.0,261.0,25.67670588235294,2.0,Ohio State,2016.0,2016.0,SEA,94.0,,0.08695652
2018,11,00-0032394,N.Vannett,TE,SEA,GB,0,0,0.0,0,0.0,0.0,0.0,0,0.0,0,2,1,17.0,0,1.7,2.7,,,78.0,261.0,25.67670588235294,2.0,Ohio State,2016.0,2016.0,SEA,94.0,3.0,0.06896552
2018,12,00-0032394,N.Vannett,TE,SEA,CAR,0,0,0.0,0,0.0,0.0,0.0,0,0.0,0,2,2,22.0,0,2.2,4.2,,,78.0,261.0,25.67670588235294,2.0,Ohio State,2016.0,2016.0,SEA,94.0,,0.071428575
2018,13,00-0032394,N.Vannett,TE,SEA,SF,0,0,0.0,0,0.0,0.0,0.0,0,0.0,0,1,1,4.0,0,0.4,1.4,,,78.0,261.0,25.67670588235294,2.0,Ohio State,2016.0,2016.0,SEA,94.0,27.0,0.05882353
2018,14,00-0032394,N.Vannett,TE,SEA,MIN,0,0,0.0,0,0.0,0.0,0.0,0,0.0,0,1,1,12.0,0,1.2,2.2,,,78.0,261.0,25.67670588235294,2.0,Ohio State,2016.0,2016.0,SEA,94.0,14.0,0.0625
2018,15,00-0032394,N.Vannett,TE,SEA,SF,0,0,0.0,0,0.0,0.0,0.0,0,0.0,0,1,0,0.0,0,0.0,0.0,,,78.0,261.0,25.67670588235294,2.0,Ohio State,2016.0,2016.0,SEA,94.0,,0.035714287
2018,16,00-0032394,N.Vannett,TE,SEA,KC,0,0,0.0,0,0.0,0.0,0.0,0,0.0,0,2,2,11.0,1,7.1,9.1,,,78.0,261.0,25.67670588235294,2.0,Ohio State,2016.0,2016.0,SEA,94.0,7.0,0.074074075
2018,17,00-0032394,N.Vannett,TE,SEA,ARI,0,0,0.0,0,0.0,0.0,0.0,0,0.0,0,3,2,17.0,0,1.7,3.7,,,78.0,261.0,25.67670588235294,2.0,Ohio State,2016.0,2016.0,SEA,94.0,3.0,0.15
2018,18,00-0032394,N.Vannett,TE,SEA,DAL,0,0,0.0,0,0.0,0.0,0.0,0,0.0,0,2,1,5.0,0,0.5,1.5,,,78.0,261.0,25.67670588235294,2.0,Ohio State,2016.0,2016.0,SEA,94.0,,0.074074075
2018,1,00-0032398,C.Moore,WR,BAL,BUF,0,0,0.0,0,0.0,0.0,0.0,0,0.0,0,1,1,5.0,0,0.5,1.5,,,73.0,200.0,25.393764705882354,2.0,Cincinnati,2016.0,2016.0,BAL,107.0,44.0,0.027027028
2018,2,00-0032398,C.Moore,WR,BAL,CIN,0,0,0.0,0,0.0,0.0,0.0,1,2.0,0,3,2,9.0,0,1.1,3.1,,,73.0,200.0,25.393764705882354,2.0,Cincinnati,2016.0,2016.0,BAL,107.0,,0.056603774
2018,4,00-0032398,C.Moore,WR,BAL,PIT,0,0,0.0,0,0.0,0.0,0.0,1,3.0,0,1,1,19.0,0,2.2,3.2,,,73.0,200.0,25.393764705882354,2.0,Cincinnati,2016.0,2016.0,BAL,107.0,,0.025
2018,5,00-0032398,C.Moore,WR,BAL,CLE,0,0,0.0,0,0.0,0.0,0.0,0,0.0,0,2,1,20.0,0,2.0,3.0,,,73.0,200.0,25.393764705882354,2.0,Cincinnati,2016.0,2016.0,BAL,107.0,,0.03508772
2018,6,00-0032398,C.Moore,WR,BAL,TEN,0,0,0.0,0,0.0,0.0,0.0,0,0.0,0,3,3,12.0,0,1.2,4.2,,,73.0,200.0,25.393764705882354,2.0,Cincinnati,2016.0,2016.0,BAL,107.0,,0.08108108
2018,7,00-0032398,C.Moore,WR,BAL,NO,0,0,0.0,0,0.0,0.0,0.0,1,9.0,0,2,1,14.0,0,2.3,3.3,,,73.0,200.0,25.393764705882354,2.0,Cincinnati,2016.0,2016.0,BAL,107.0,-1.0,0.054054055
2018,8,00-0032398,C.Moore,WR,BAL,CAR,0,0,0.0,0,0.0,0.0,0.0,0,0.0,0,2,2,19.0,0,1.9,3.9,,,73.0,200.0,25.393764705882354,2.0,Cincinnati,2016.0,2016.0,BAL,107.0,,0.045454547
2018,9,00-0032398,C.Moore,WR,BAL,PIT,0,0,0.0,0,0.0,0.0,0.0,0,0.0,0,1,1,30.0,0,3.0,4.0,,,73.0,200.0,25.393764705882354,2.0,Cincinnati,2016.0,2016.0,BAL,107.0,-7.0,0.027027028
2018,11,00-0032398,C.Moore,WR,BAL,CIN,0,0,0.0,0,0.0,0.0,0.0,1,8.0,0,1,1,14.0,0,2.2,3.2,,,73.0,200.0,25.393764705882354,2.0,Cincinnati,2016.0,2016.0,BAL,107.0,3.0,0.055555556
2018,12,00-0032398,C.Moore,WR,BAL,LV,0,0,0.0,0,0.0,0.0,0.0,0,0.0,0,1,1,1.0,0,0.1,1.1,,,73.0,200.0,25.393764705882354,2.0,Cincinnati,2016.0,2016.0,BAL,107.0,17.0,0.041666668
2018,13,00-0032398,C.Moore,WR,BAL,ATL,0,0,0.0,0,0.0,0.0,0.0,0,0.0,0,1,1,21.0,0,2.1,3.1,,,73.0,200.0,25.393764705882354,2.0,Cincinnati,2016.0,2016.0,BAL,107.0,,0.04
2018,14,00-0032398,C.Moore,WR,BAL,KC,0,0,0.0,0,0.0,0.0,0.0,0,0.0,0,2,0,0.0,0,0.0,0.0,,,73.0,200.0,25.393764705882354,2.0,Cincinnati,2016.0,2016.0,BAL,107.0,,0.07692308
2018,15,00-0032398,C.Moore,WR,BAL,TB,0,0,0.0,0,0.0,0.0,0.0,1,-5.0,0,1,1,5.0,1,6.0,7.0,,,73.0,200.0,25.393764705882354,2.0,Cincinnati,2016.0,2016.0,BAL,107.0,8.0,0.04761905
2018,16,00-0032398,C.Moore,WR,BAL,LAC,0,0,0.0,0,0.0,0.0,0.0,0,0.0,0,1,1,8.0,0,0.8,1.8,,,73.0,200.0,25.393764705882354,2.0,Cincinnati,2016.0,2016.0,BAL,107.0,,0.045454547
2018,17,00-0032398,C.Moore,WR,BAL,CLE,0,0,0.0,0,0.0,0.0,0.0,0,0.0,0,3,2,19.0,0,1.9,3.9,,,73.0,200.0,25.393764705882354,2.0,Cincinnati,2016.0,2016.0,BAL,107.0,2.0,0.13043478
2018,18,00-0032398,C.Moore,WR,BAL,LAC,0,0,0.0,0,0.0,0.0,0.0,0,0.0,0,1,0,0.0,0,0.0,0.0,,,73.0,200.0,25.393764705882354,2.0,Cincinnati,2016.0,2016.0,BAL,107.0,-6.0,0.03846154
2018,1,00-0032404,T.Ervin,RB,HOU,NE,0,0,0.0,0,0.0,0.0,0.0,0,0.0,0,1,1,12.0,0,1.2,2.2,,,70.0,185.0,25.084294117647058,2.0,San Jose State,2016.0,2016.0,HOU,119.0,,0.029411765
2018,7,00-0032404,T.Ervin,RB,HOU,JAX,0,0,0.0,0,0.0,0.0,0.0,0,0.0,0,1,1,19.0,0,1.9,2.9,,,70.0,185.0,25.084294117647058,2.0,San Jose State,2016.0,2016.0,HOU,119.0,,0.041666668
2018,8,00-0032404,T.Ervin,RB,HOU,MIA,0,0,0.0,0,0.0,0.0,0.0,0,0.0,0,1,1,4.0,0,0.4,1.4,,,70.0,185.0,25.084294117647058,2.0,San Jose State,2016.0,2016.0,HOU,119.0,19.0,0.05
2018,1,00-0032411,K.Dixon,RB,BAL,BUF,0,0,0.0,0,0.0,0.0,0.0,13,44.0,1,0,0,0.0,0,10.4,10.4,,,70.0,212.0,24.79405882352941,2.0,Louisiana Tech,2016.0,2016.0,BAL,134.0,44.0,
2018,13,00-0032411,K.Dixon,RB,BAL,ATL,0,0,0.0,0,0.0,0.0,0.0,8,37.0,0,1,1,6.0,0,4.3,5.3,,,70.0,212.0,24.79405882352941,2.0,Louisiana Tech,2016.0,2016.0,BAL,134.0,,0.04
2018,14,00-0032411,K.Dixon,RB,BAL,KC,0,0,0.0,0,0.0,0.0,0.0,8,59.0,1,1,1,21.0,0,14.0,15.0,,,70.0,212.0,24.79405882352941,2.0,Louisiana Tech,2016.0,2016.0,BAL,134.0,,0.03846154
2018,15,00-0032411,K.Dixon,RB,BAL,TB,0,0,0.0,0,0.0,0.0,0.0,11,48.0,0,1,1,2.0,0,5.0,6.0,,,70.0,212.0,24.79405882352941,2.0,Louisiana Tech,2016.0,2016.0,BAL,134.0,8.0,0.04761905
2018,16,00-0032411,K.Dixon,RB,BAL,LAC,0,0,0.0,0,0.0,0.0,0.0,8,28.0,0,3,2,20.0,0,2.8,4.8,,,70.0,212.0,24.79405882352941,2.0,Louisiana Tech,2016.0,2016.0,BAL,134.0,,0.13636364
2018,17,00-0032411,K.Dixon,RB,BAL,CLE,0,0,0.0,0,0.0,0.0,0.0,12,117.0,0,1,1,2.0,0,11.9,12.9,,,70.0,212.0,24.79405882352941,2.0,Louisiana Tech,2016.0,2016.0,BAL,134.0,2.0,0.04347826
2018,18,00-0032411,K.Dixon,RB,BAL,LAC,0,0,0.0,0,0.0,0.0,0.0,6,13.0,0,3,3,53.0,0,4.6,7.6,,,70.0,212.0,24.79405882352941,2.0,Louisiana Tech,2016.0,2016.0,BAL,134.0,-6.0,0.115384616
2018,1,00-0032426,A.Collins,RB,BAL,BUF,0,0,0.0,0,0.0,0.0,0.0,7,13.0,1,1,1,6.0,0,5.9,6.9,,,70.0,210.0,24.19994117647059,2.0,Arkansas,2016.0,2016.0,SEA,171.0,44.0,0.027027028
2018,2,00-0032426,A.Collins,RB,BAL,CIN,0,0,0.0,0,0.0,0.0,0.0,9,35.0,0,4,3,55.0,0,9.0,12.0,,,70.0,210.0,24.19994117647059,2.0,Arkansas,2016.0,2016.0,SEA,171.0,,0.0754717
2018,3,00-0032426,A.Collins,RB,BAL,DEN,0,0,0.0,0,0.0,0.0,0.0,18,68.0,1,4,3,6.0,0,13.4,16.4,,,70.0,210.0,24.19994117647059,2.0,Arkansas,2016.0,2016.0,SEA,171.0,13.0,0.10526316
2018,4,00-0032426,A.Collins,RB,BAL,PIT,0,0,0.0,0,0.0,0.0,0.0,11,42.0,0,1,1,3.0,1,8.5,9.5,,,70.0,210.0,24.19994117647059,2.0,Arkansas,2016.0,2016.0,SEA,171.0,,0.025
2018,5,00-0032426,A.Collins,RB,BAL,CLE,0,0,0.0,0,0.0,0.0,0.0,12,59.0,0,4,1,7.0,0,6.6,7.6,,,70.0,210.0,24.19994117647059,2.0,Arkansas,2016.0,2016.0,SEA,171.0,,0.07017544
2018,6,00-0032426,A.Collins,RB,BAL,TEN,0,0,0.0,0,0.0,0.0,0.0,19,54.0,2,0,0,0.0,0,17.4,17.4,,,70.0,210.0,24.19994117647059,2.0,Arkansas,2016.0,2016.0,SEA,171.0,,
2018,7,00-0032426,A.Collins,RB,BAL,NO,0,0,0.0,0,0.0,0.0,0.0,11,38.0,0,4,3,10.0,0,4.8,7.8,,,70.0,210.0,24.19994117647059,2.0,Arkansas,2016.0,2016.0,SEA,171.0,-1.0,0.10810811
2018,8,00-0032426,A.Collins,RB,BAL,CAR,0,0,0.0,0,0.0,0.0,0.0,11,49.0,1,2,2,14.0,0,10.3,12.3,,,70.0,210.0,24.19994117647059,2.0,Arkansas,2016.0,2016.0,SEA,171.0,,0.045454547
2018,9,00-0032426,A.Collins,RB,BAL,PIT,0,0,0.0,0,0.0,0.0,0.0,9,35.0,1,1,1,4.0,0,9.9,10.9,,,70.0,210.0,24.19994117647059,2.0,Arkansas,2016.0,2016.0,SEA,171.0,-7.0,0.027027028
2018,11,00-0032426,A.Collins,RB,BAL,CIN,0,0,0.0,0,0.0,0.0,0.0,7,18.0,1,0,0,0.0,0,7.8,7.8,,,70.0,210.0,24.19994117647059,2.0,Arkansas,2016.0,2016.0,SEA,171.0,3.0,
2018,1,00-0032430,D.Morgan,TE,MIN,SF,0,0,0.0,0,0.0,0.0,0.0,0,0.0,0,1,1,9.0,0,0.9,1.9,,,76.0,265.0,25.4605625,2.0,Texas-San Antonio,2016.0,2016.0,MIN,188.0,8.0,0.028571429
2018,2,00-0032430,D.Morgan,TE,MIN,GB,0,0,0.0,0,0.0,0.0,0.0,0,0.0,0,2,2,19.0,0,1.9,3.9,,,76.0,265.0,25.4605625,2.0,Texas-San Antonio,2016.0,2016.0,MIN,188.0,,0.041666668
2018,4,00-0032430,D.Morgan,TE,MIN,LA,0,0,0.0,0,0.0,0.0,0.0,0,0.0,0,1,1,3.0,0,0.3,1.3,,,76.0,265.0,25.4605625,2.0,Texas-San Antonio,2016.0,2016.0,MIN,188.0,,0.020408163
2018,5,00-0032430,D.Morgan,TE,MIN,PHI,0,0,0.0,0,0.0,0.0,0.0,0,0.0,0,1,1,5.0,0,0.5,1.5,,,76.0,265.0,25.4605625,2.0,Texas-San Antonio,2016.0,2016.0,MIN,188.0,,0.027027028
2018,8,00-0032430,D.Morgan,TE,MIN,NO,0,0,0.0,0,0.0,0.0,0.0,0,0.0,0,1,0,0.0,0,0.0,0.0,,,76.0,265.0,25.4605625,2.0,Texas-San Antonio,2016.0,2016.0,MIN,188.0,-10.0,0.025
2018,7,00-0032436,J.Driskel,QB,CIN,KC,4,4,39.0,0,0.0,0.0,-0.0,1,5.0,0,0,0,0.0,0,2.06,2.06,,,76.0,231.0,25.53275,2.0,Louisiana Tech,2016.0,2016.0,SF,207.0,,
2018,10,00-0032436,J.Driskel,QB,CIN,NO,2,3,45.0,0,0.0,0.0,-0.0,2,35.0,1,0,0,0.0,0,11.3,11.3,,,76.0,231.0,25.53275,2.0,Louisiana Tech,2016.0,2016.0,SF,207.0,-37.0,
2018,12,00-0032436,J.Driskel,QB,CIN,CLE,17,29,155.0,1,0.0,1.0,12.0,3,9.0,1,0,0,0.0,0,17.1,17.1,,,76.0,231.0,25.53275,2.0,Louisiana Tech,2016.0,2016.0,SF,207.0,-15.0,
2018,13,00-0032436,J.Driskel,QB,CIN,DEN,25,37,236.0,1,1.0,4.0,34.0,3,3.0,0,0,0,0.0,0,9.74,9.74,,,76.0,231.0,25.53275,2.0,Louisiana Tech,2016.0,2016.0,SF,207.0,-14.0,
2018,14,00-0032436,J.Driskel,QB,CIN,LAC,18,27,170.0,1,0.0,3.0,19.0,2,12.0,0,0,0,0.0,0,12.0,12.0,,,76.0,231.0,25.53275,2.0,Louisiana Tech,2016.0,2016.0,SF,207.0,,
2018,15,00-0032436,J.Driskel,QB,CIN,LV,14,33,130.0,1,1.0,1.0,7.0,7,32.0,0,0,0,0.0,0,10.4,10.4,,,76.0,231.0,25.53275,2.0,Louisiana Tech,2016.0,2016.0,SF,207.0,14.0,
2018,16,00-0032436,J.Driskel,QB,CIN,CLE,13,19,133.0,2,0.0,3.0,26.0,5,21.0,0,0,0,0.0,0,17.42,17.42,,,76.0,231.0,25.53275,2.0,Louisiana Tech,2016.0,2016.0,SF,207.0,,
2018,17,00-0032436,J.Driskel,QB,CIN,PIT,12,24,95.0,0,0.0,4.0,24.0,2,13.0,0,0,0,0.0,0,5.1,5.1,,,76.0,231.0,25.53275,2.0,Louisiana Tech,2016.0,2016.0,SF,207.0,,
2018,4,00-0032450,D.Washington,RB,NO,NYG,0,0,0.0,0,0.0,0.0,0.0,2,2.0,0,0,0,0.0,0,0.2,0.2,,,73.0,223.0,24.555999999999997,2.0,Washington,2016.0,2016.0,DET,236.0,,
2018,10,00-0032450,D.Washington,RB,NO,CIN,0,0,0.0,0,0.0,0.0,0.0,11,47.0,0,0,0,0.0,0,4.7,4.7,,,73.0,223.0,24.555999999999997,2.0,Washington,2016.0,2016.0,DET,236.0,,
2018,11,00-0032450,D.Washington,RB,NO,PHI,0,0,0.0,0,0.0,0.0,0.0,3,-3.0,0,0,0,0.0,0,-0.3,-0.3,,,73.0,223.0,24.555999999999997,2.0,Washington,2016.0,2016.0,DET,236.0,41.0,
2018,17,00-0032450,D.Washington,RB,NO,CAR,0,0,0.0,0,0.0,0.0,0.0,11,108.0,0,0,0,0.0,0,10.8,10.8,,,73.0,223.0,24.555999999999997,2.0,Washington,2016.0,2016.0,DET,236.0,-19.0,
2018,14,00-0032466,G.Fant,T,SEA,MIN,0,0,0.0,0,0.0,0.0,0.0,0,0.0,0,1,1,9.0,0,0.9,1.9,,,77.0,322.0,26.30629411764706,2.0,Western Kentucky,2016.0,2016.0,,,14.0,0.0625
2018,1,00-0032472,T.Madden,FB,SEA,DEN,0,0,0.0,0,0.0,0.0,0.0,0,0.0,0,1,1,7.0,0,0.7,1.7,,,72.0,235.0,25.230411764705885,2.0,USC,2016.0,2016.0,,,,0.030303031
2018,3,00-0032472,T.Madden,FB,SEA,DAL,0,0,0.0,0,0.0,0.0,0.0,1,2.0,0,0,0,0.0,0,0.2,0.2,,,72.0,235.0,25.230411764705885,2.0,USC,2016.0,2016.0,,,11.0,
2018,5,00-0032472,T.Madden,FB,SEA,LA,0,0,0.0,0,0.0,0.0,0.0,0,0.0,0,1,0,0.0,0,0.0,0.0,,,72.0,235.0,25.230411764705885,2.0,USC,2016.0,2016.0,,,-2.0,0.05263158
2018,8,00-0032472,T.Madden,FB,SEA,DET,0,0,0.0,0,0.0,0.0,0.0,2,1.0,0,0,0,0.0,0,0.1,0.1,,,72.0,235.0,25.230411764705885,2.0,USC,2016.0,2016.0,,,,
2018,12,00-0032472,T.Madden,FB,SEA,CAR,0,0,0.0,0,0.0,0.0,0.0,0,0.0,0,1,1,28.0,0,2.8,3.8,,,72.0,235.0,25.230411764705885,2.0,USC,2016.0,2016.0,,,,0.035714287
2018,1,00-0032508,H.Valles,TE,DET,NYJ,0,0,0.0,0,0.0,0.0,0.0,0,0.0,0,2,1,5.0,0,0.5,1.5,,,75.0,250.0,25.949875,2.0,Monmouth (N.J.),2016.0,2016.0,,,-31.0,0.03846154
2018,4,00-0032508,H.Valles,TE,DET,DAL,0,0,0.0,0,0.0,0.0,0.0,0,0.0,0,1,1,6.0,0,0.6,1.6,,,75.0,250.0,25.949875,2.0,Monmouth (N.J.),2016.0,2016.0,,,,0.03448276
2018,4,00-0032543,A.Erickson,WR,CIN,ATL,0,0,0.0,0,0.0,0.0,0.0,1,8.0,0,2,1,8.0,0,1.6,2.6,,,72.0,195.0,25.9925625,2.0,Wisconsin,2016.0,2016.0,,,,0.048780486
2018,5,00-0032543,A.Erickson,WR,CIN,MIA,0,0,0.0,0,0.0,0.0,0.0,0,0.0,0,3,3,24.0,0,2.4,5.4,,,72.0,195.0,25.9925625,2.0,Wisconsin,2016.0,2016.0,,,10.0,0.1
2018,6,00-0032543,A.Erickson,WR,CIN,PIT,0,0,0.0,0,0.0,0.0,0.0,0,0.0,0,3,2,8.0,0,0.8,2.8,,,72.0,195.0,25.9925625,2.0,Wisconsin,2016.0,2016.0,,,-7.0,0.07317073
2018,7,00-0032543,A.Erickson,WR,CIN,KC,0,0,0.0,0,0.0,0.0,0.0,0,0.0,0,2,1,-1.0,0,-0.1,0.9,,,72.0,195.0,25.9925625,2.0,Wisconsin,2016.0,2016.0,,,,0.0625
2018,8,00-0032543,A.Erickson,WR,CIN,TB,0,0,0.0,0,0.0,0.0,0.0,0,0.0,0,4,1,5.0,0,0.5,1.5,,,72.0,195.0,25.9925625,2.0,Wisconsin,2016.0,2016.0,,,3.0,0.125
2018,11,00-0032543,A.Erickson,WR,CIN,BAL,0,0,0.0,0,0.0,0.0,0.0,0,0.0,0,1,0,0.0,0,0.0,0.0,,,72.0,195.0,25.9925625,2.0,Wisconsin,2016.0,2016.0,,,,0.027777778
2018,13,00-0032543,A.Erickson,WR,CIN,DEN,0,0,0.0,0,0.0,0.0,0.0,1,0.0,0,1,1,2.0,0,0.2,1.2,,,72.0,195.0,25.9925625,2.0,Wisconsin,2016.0,2016.0,,,-14.0,0.027777778
2018,14,00-0032543,A.Erickson,WR,CIN,LAC,0,0,0.0,0,0.0,0.0,0.0,1,14.0,0,0,0,0.0,0,1.4,1.4,,,72.0,195.0,25.9925625,2.0,Wisconsin,2016.0,2016.0,,,,
2018,15,00-0032543,A.Erickson,WR,CIN,LV,0,0,0.0,0,0.0,0.0,0.0,0,0.0,0,5,3,23.0,0,2.3,5.3,,,72.0,195.0,25.9925625,2.0,Wisconsin,2016.0,2016.0,,,14.0,0.15151516
2018,16,00-0032543,A.Erickson,WR,CIN,CLE,0,0,0.0,0,0.0,0.0,0.0,0,0.0,0,2,2,35.0,0,3.5,5.5,,,72.0,195.0,25.9925625,2.0,Wisconsin,2016.0,2016.0,,,,0.10526316
2018,17,00-0032543,A.Erickson,WR,CIN,PIT,0,0,0.0,0,0.0,0.0,0.0,0,0.0,0,6,6,63.0,0,6.3,12.3,,,72.0,195.0,25.9925625,2.0,Wisconsin,2016.0,2016.0,,,,0.26086956
2018,5,00-0032562,C.Wick,TE,SF,ARI,0,0,0.0,0,0.0,0.0,0.0,0,0.0,0,1,0,0.0,0,0.0,0.0,,,78.0,255.0,24.925375,2.0,Incarnate Word,2016.0,2016.0,,,-10.0,0.018518519
2018,2,00-0032593,B.Wilds,RB,JAX,NE,0,0,0.0,0,0.0,0.0,0.0,3,4.0,0,0,0,0.0,0,0.4,0.4,,,72.0,220.0,25.28625,2.0,South Carolina,2016.0,2016.0,,,11.0,
2018,3,00-0032593,B.Wilds,RB,JAX,TEN,0,0,0.0,0,0.0,0.0,0.0,1,5.0,0,0,0,0.0,0,0.5,0.5,,,72.0,220.0,25.28625,2.0,South Carolina,2016.0,2016.0,,,-3.0,
2018,5,00-0032593,B.Wilds,RB,JAX,KC,0,0,0.0,0,0.0,0.0,0.0,2,6.0,0,0,0,0.0,0,0.6,0.6,,,72.0,220.0,25.28625,2.0,South Carolina,2016.0,2016.0,,,,
2018,2,00-0032599,J.Perkins,TE,PHI,TB,0,0,0.0,0,0.0,0.0,0.0,0,0.0,0,6,4,57.0,0,5.7,9.7,,,75.0,223.0,25.267944444444442,2.0,Washington,2016.0,2016.0,,,,0.12765957
2018,3,00-0032599,J.Perkins,TE,PHI,IND,0,0,0.0,0,0.0,0.0,0.0,0,0.0,0,4,1,10.0,0,1.0,2.0,,,75.0,223.0,25.267944444444442,2.0,Washington,2016.0,2016.0,,,4.0,0.10810811
2018,8,00-0032599,J.Perkins,TE,PHI,JAX,0,0,0.0,0,0.0,0.0,0.0,0,0.0,0,1,0,0.0,0,0.0,0.0,,,75.0,223.0,25.267944444444442,2.0,Washington,2016.0,2016.0,,,,0.033333335
2018,13,00-0032602,J.McKissic,RB,SEA,SF,0,0,0.0,0,0.0,0.0,0.0,0,0.0,0,1,0,0.0,0,0.0,0.0,,,70.0,195.0,25.233176470588234,2.0,Arkansas State,2016.0,2016.0,,,27.0,0.05882353
2018,15,00-0032602,J.McKissic,RB,SEA,SF,0,0,0.0,0,0.0,0.0,0.0,2,2.0,0,0,0,0.0,0,0.2,0.2,,,70.0,195.0,25.233176470588234,2.0,Arkansas State,2016.0,2016.0,,,,
2018,16,00-0032602,J.McKissic,RB,SEA,KC,0,0,0.0,0,0.0,0.0,0.0,1,6.0,0,0,0,0.0,0,0.6,0.6,,,70.0,195.0,25.233176470588234,2.0,Arkansas State,2016.0,2016.0,,,7.0,
2018,18,00-0032602,J.McKissic,RB,SEA,DAL,0,0,0.0,0,0.0,0.0,0.0,0,0.0,0,3,2,13.0,1,7.3,9.3,,,70.0,195.0,25.233176470588234,2.0,Arkansas State,2016.0,2016.0,,,,0.11111111
2018,1,00-0032626,G.Allison,WR,GB,CHI,0,0,0.0,0,0.0,0.0,0.0,0,0.0,0,8,5,69.0,1,12.9,17.9,,,75.0,202.0,24.796,2.0,Illinois,2016.0,2016.0,,,1.0,0.22222222
2018,2,00-0032626,G.Allison,WR,GB,MIN,0,0,0.0,0,0.0,0.0,0.0,0,0.0,0,6,6,64.0,0,6.4,12.4,,,75.0,202.0,24.796,2.0,Illinois,2016.0,2016.0,,,0.0,0.14634146
2018,3,00-0032626,G.Allison,WR,GB,WAS,0,0,0.0,0,0.0,0.0,0.0,0,0.0,0,4,2,76.0,1,13.6,15.6,,,75.0,202.0,24.796,2.0,Illinois,2016.0,2016.0,,,,0.08888889
2018,4,00-0032626,G.Allison,WR,GB,BUF,0,0,0.0,0,0.0,0.0,0.0,0,0.0,0,11,6,80.0,0,8.0,14.0,,,75.0,202.0,24.796,2.0,Illinois,2016.0,2016.0,,,22.0,0.275
2018,8,00-0032626,G.Allison,WR,GB,LA,0,0,0.0,0,0.0,0.0,0.0,0,0.0,0,1,1,14.0,0,1.4,2.4,,,75.0,202.0,24.796,2.0,Illinois,2016.0,2016.0,,,,0.033333335
2018,6,00-0032634,D.Grinnage,TE,JAX,DAL,0,0,0.0,0,0.0,0.0,0.0,0,0.0,0,1,1,7.0,0,0.7,1.7,,,77.0,265.0,24.7469375,2.0,North Carolina State,2016.0,2016.0,,,,0.03846154
2018,7,00-0032634,D.Grinnage,TE,JAX,HOU,0,0,0.0,0,0.0,0.0,0.0,0,0.0,0,2,2,17.0,0,1.7,3.7,,,77.0,265.0,24.7469375,2.0,North Carolina State,2016.0,2016.0,,,-13.0,0.05
2018,8,00-0032634,D.Grinnage,TE,JAX,PHI,0,0,0.0,0,0.0,0.0,0.0,0,0.0,0,5,3,37.0,0,3.7,6.7,,,77.0,265.0,24.7469375,2.0,North Carolina State,2016.0,2016.0,,,-6.0,0.12195122
2018,6,00-0032661,B.Braunecker,TE,CHI,MIA,0,0,0.0,0,0.0,0.0,0.0,0,0.0,0,1,0,0.0,0,0.0,0.0,,,76.0,252.0,24.753588235294117,2.0,Harvard,2016.0,2016.0,,,,0.033333335
2018,10,00-0032661,B.Braunecker,TE,CHI,DET,0,0,0.0,0,0.0,0.0,0.0,0,0.0,0,1,1,20.0,0,2.0,3.0,,,76.0,252.0,24.753588235294117,2.0,Harvard,2016.0,2016.0,,,12.0,0.033333335
2018,11,00-0032661,B.Braunecker,TE,CHI,MIN,0,0,0.0,0,0.0,0.0,0.0,0,0.0,0,1,1,4.0,0,0.4,1.4,,,76.0,252.0,24.753588235294117,2.0,Harvard,2016.0,2016.0,,,5.0,0.033333335
2018,13,00-0032661,B.Braunecker,TE,CHI,NYG,0,0,0.0,0,0.0,0.0,0.0,0,0.0,0,1,0,0.0,0,0.0,0.0,,,76.0,252.0,24.753588235294117,2.0,Harvard,2016.0,2016.0,,,,0.025
2018,16,00-0032661,B.Braunecker,TE,CHI,SF,0,0,0.0,0,0.0,0.0,0.0,0,0.0,0,1,1,18.0,0,1.8,2.8,,,76.0,252.0,24.753588235294117,2.0,Harvard,2016.0,2016.0,,,,0.03448276
2018,18,00-0032661,B.Braunecker,TE,CHI,PHI,0,0,0.0,0,0.0,0.0,0.0,0,0.0,0,2,2,15.0,0,1.5,3.5,,,76.0,252.0,24.753588235294117,2.0,Harvard,2016.0,2016.0,,,-1.0,0.048780486
2018,1,00-0032688,R.Chosen,WR,NYJ,DET,0,0,0.0,0,0.0,0.0,0.0,1,-9.0,0,1,1,41.0,1,9.2,10.2,,,75.0,190.0,25.486562499999998,2.0,Temple,2016.0,2016.0,,,,0.05
2018,2,00-0032688,R.Chosen,WR,NYJ,MIA,0,0,0.0,0,0.0,0.0,0.0,0,0.0,0,5,3,27.0,0,0.7,3.7,,,75.0,190.0,25.486562499999998,2.0,Temple,2016.0,2016.0,,,-8.0,0.12195122
2018,3,00-0032688,R.Chosen,WR,NYJ,CLE,0,0,0.0,0,0.0,0.0,0.0,0,0.0,0,4,2,22.0,0,0.2,2.2,,,75.0,190.0,25.486562499999998,2.0,Temple,2016.0,2016.0,,,,0.13333334
2018,4,00-0032688,R.Chosen,WR,NYJ,JAX,0,0,0.0,0,0.0,0.0,0.0,0,0.0,0,6,2,18.0,0,1.8,3.8,,,75.0,190.0,25.486562499999998,2.0,Temple,2016.0,2016.0,,,,0.18181819
2018,5,00-0032688,R.Chosen,WR,NYJ,DEN,0,0,0.0,0,0.0,0.0,0.0,0,0.0,0,5,3,123.0,2,24.3,27.3,,,75.0,190.0,25.486562499999998,2.0,Temple,2016.0,2016.0,,,18.0,0.22727273
2018,6,00-0032688,R.Chosen,WR,NYJ,IND,0,0,0.0,0,0.0,0.0,0.0,0,0.0,0,5,3,39.0,0,3.9,6.9,,,75.0,190.0,25.486562499999998,2.0,Temple,2016.0,2016.0,,,8.0,0.1724138
2018,7,00-0032688,R.Chosen,WR,NYJ,MIN,0,0,0.0,0,0.0,0.0,0.0,0,0.0,0,10,3,44.0,0,4.4,7.4,,,75.0,190.0,25.486562499999998,2.0,Temple,2016.0,2016.0,,,-20.0,0.23809524
2018,9,00-0032688,R.Chosen,WR,NYJ,MIA,0,0,0.0,0,0.0,0.0,0.0,1,1.0,0,7,4,32.0,0,3.3,7.3,,,75.0,190.0,25.486562499999998,2.0,Temple,2016.0,2016.0,,,,0.18421052
2018,12,00-0032688,R.Chosen,WR,NYJ,NE,0,0,0.0,0,0.0,0.0,0.0,0,0.0,0,5,2,22.0,0,2.2,4.2,,,75.0,190.0,25.486562499999998,2.0,Temple,2016.0,2016.0,,,-14.0,0.12195122
2018,13,00-0032688,R.Chosen,WR,NYJ,TEN,0,0,0.0,0,0.0,0.0,0.0,0,0.0,0,7,4,48.0,0,4.8,8.8,,,75.0,190.0,25.486562499999998,2.0,Temple,2016.0,2016.0,,,,0.23333333
2018,14,00-0032688,R.Chosen,WR,NYJ,BUF,0,0,0.0,0,0.0,0.0,0.0,0,0.0,0,7,4,76.0,1,13.6,17.6,,,75.0,190.0,25.486562499999998,2.0,Temple,2016.0,2016.0,,,,0.29166666
2018,15,00-0032688,R.Chosen,WR,NYJ,HOU,0,0,0.0,0,0.0,0.0,0.0,0,0.0,0,11,7,96.0,1,15.6,22.6,,,75.0,190.0,25.486562499999998,2.0,Temple,2016.0,2016.0,,,-7.0,0.31428573
2018,16,00-0032688,R.Chosen,WR,NYJ,GB,0,0,0.0,0,0.0,0.0,0.0,0,0.0,0,13,9,140.0,1,20.0,29.0,,,75.0,190.0,25.486562499999998,2.0,Temple,2016.0,2016.0,,,-6.0,0.38235295
2018,17,00-0032688,R.Chosen,WR,NYJ,NE,0,0,0.0,0,0.0,0.0,0.0,0,0.0,0,8,3,24.0,0,2.4,5.4,,,75.0,190.0,25.486562499999998,2.0,Temple,2016.0,2016.0,,,,0.2857143
2018,12,00-0032707,A.Jones,WR,DET,CHI,0,0,0.0,0,0.0,0.0,0.0,0,0.0,0,3,1,4.0,0,0.4,1.4,,,73.0,215.0,24.356437500000002,2.0,Jacksonville,2016.0,2016.0,,,-7.0,0.08108108
2018,14,00-0032707,A.Jones,WR,DET,ARI,0,0,0.0,0,0.0,0.0,0.0,0,0.0,0,2,1,5.0,0,0.5,1.5,,,73.0,215.0,24.356437500000002,2.0,Jacksonville,2016.0,2016.0,,,,0.09090909
2018,15,00-0032707,A.Jones,WR,DET,BUF,0,0,0.0,0,0.0,0.0,0.0,0,0.0,0,2,2,9.0,1,6.9,8.9,,,73.0,215.0,24.356437500000002,2.0,Jacksonville,2016.0,2016.0,,,,0.071428575
2018,16,00-0032707,A.Jones,WR,DET,MIN,0,0,0.0,0,0.0,0.0,0.0,0,0.0,0,5,1,12.0,0,1.2,2.2,,,73.0,215.0,24.356437500000002,2.0,Jacksonville,2016.0,2016.0,,,-18.0,0.11904762
2018,17,00-0032707,A.Jones,WR,DET,GB,0,0,0.0,0,0.0,0.0,0.0,0,0.0,0,12,6,50.0,0,5.0,11.0,,,73.0,215.0,24.356437500000002,2.0,Jacksonville,2016.0,2016.0,,,,0.36363637
2018,1,00-0032741,P.Barber,RB,TB,NO,0,0,0.0,0,0.0,0.0,0.0,19,69.0,0,0,0,0.0,0,6.9,6.9,,,71.0,225.0,24.689375,2.0,Auburn,2016.0,2016.0,,,,
2018,2,00-0032741,P.Barber,RB,TB,PHI,0,0,0.0,0,0.0,0.0,0.0,16,22.0,0,2,1,7.0,0,2.9,3.9,,,71.0,225.0,24.689375,2.0,Auburn,2016.0,2016.0,,,6.0,0.060606062
2018,3,00-0032741,P.Barber,RB,TB,PIT,0,0,0.0,0,0.0,0.0,0.0,8,33.0,0,2,0,0.0,0,3.3,3.3,,,71.0,225.0,24.689375,2.0,Auburn,2016.0,2016.0,,,-3.0,0.04
2018,4,00-0032741,P.Barber,RB,TB,CHI,0,0,0.0,0,0.0,0.0,0.0,7,24.0,0,2,1,6.0,0,3.0,4.0,,,71.0,225.0,24.689375,2.0,Auburn,2016.0,2016.0,,,,0.05263158
2018,6,00-0032741,P.Barber,RB,TB,ATL,0,0,0.0,0,0.0,0.0,0.0,13,82.0,0,4,4,24.0,1,16.6,20.6,,,71.0,225.0,24.689375,2.0,Auburn,2016.0,2016.0,,,,0.1
2018,7,00-0032741,P.Barber,RB,TB,CLE,0,0,0.0,0,0.0,0.0,0.0,11,30.0,0,2,0,0.0,0,3.0,3.0,,,71.0,225.0,24.689375,2.0,Auburn,2016.0,2016.0,,,3.0,0.03846154
2018,8,00-0032741,P.Barber,RB,TB,CIN,0,0,0.0,0,0.0,0.0,0.0,19,85.0,1,0,0,0.0,0,14.5,14.5,,,71.0,225.0,24.689375,2.0,Auburn,2016.0,2016.0,,,,
2018,9,00-0032741,P.Barber,RB,TB,CAR,0,0,0.0,0,0.0,0.0,0.0,11,31.0,0,3,2,9.0,0,4.0,6.0,,,71.0,225.0,24.689375,2.0,Auburn,2016.0,2016.0,,,,0.07317073
2018,10,00-0032741,P.Barber,RB,TB,WAS,0,0,0.0,0,0.0,0.0,0.0,13,61.0,0,1,1,5.0,0,6.6,7.6,,,71.0,225.0,24.689375,2.0,Auburn,2016.0,2016.0,,,-13.0,0.024390243
2018,11,00-0032741,P.Barber,RB,TB,NYG,0,0,0.0,0,0.0,0.0,0.0,18,106.0,1,2,2,4.0,0,17.0,19.0,,,71.0,225.0,24.689375,2.0,Auburn,2016.0,2016.0,,,,0.055555556
2018,12,00-0032741,P.Barber,RB,TB,SF,0,0,0.0,0,0.0,0.0,0.0,18,47.0,1,2,2,16.0,0,12.3,14.3,,,71.0,225.0,24.689375,2.0,Auburn,2016.0,2016.0,,,18.0,0.05263158
2018,13,00-0032741,P.Barber,RB,TB,CAR,0,0,0.0,0,0.0,0.0,0.0,16,45.0,1,1,0,0.0,0,8.5,8.5,,,71.0,225.0,24.689375,2.0,Auburn,2016.0,2016.0,,,7.0,0.033333335
2018,14,00-0032741,P.Barber,RB,TB,NO,0,0,0.0,0,0.0,0.0,0.0,14,42.0,0,2,1,2.0,0,4.4,5.4,,,71.0,225.0,24.689375,2.0,Auburn,2016.0,2016.0,,,-14.0,0.054054055
2018,15,00-0032741,P.Barber,RB,TB,BAL,0,0,0.0,0,0.0,0.0,0.0,19,85.0,1,2,2,4.0,0,14.9,16.9,,,71.0,225.0,24.689375,2.0,Auburn,2016.0,2016.0,,,,0.08
2018,16,00-0032741,P.Barber,RB,TB,DAL,0,0,0.0,0,0.0,0.0,0.0,17,43.0,0,3,3,13.0,0,5.6,8.6,,,71.0,225.0,24.689375,2.0,Auburn,2016.0,2016.0,,,,0.0625
2018,17,00-0032741,P.Barber,RB,TB,ATL,0,0,0.0,0,0.0,0.0,0.0,15,66.0,0,1,1,2.0,0,6.8,7.8,,,71.0,225.0,24.689375,2.0,Auburn,2016.0,2016.0,,,-2.0,0.03125
2018,1,00-0032745,A.Cross,TE,TB,NO,0,0,0.0,0,0.0,0.0,0.0,0,0.0,0,1,0,0.0,0,0.0,0.0,,,73.0,235.0,25.3465,2.0,Memphis,2016.0,2016.0,,,,0.035714287
2018,7,00-0032745,A.Cross,TE,TB,CLE,0,0,0.0,0,0.0,0.0,0.0,0,0.0,0,2,1,6.0,0,0.6,1.6,,,73.0,235.0,25.3465,2.0,Memphis,2016.0,2016.0,,,3.0,0.03846154
2018,9,00-0032745,A.Cross,TE,TB,CAR,0,0,0.0,0,0.0,0.0,0.0,0,0.0,0,1,0,0.0,0,0.0,0.0,,,73.0,235.0,25.3465,2.0,Memphis,2016.0,2016.0,,,,0.024390243
2018,13,00-0032745,A.Cross,TE,TB,CAR,0,0,0.0,0,0.0,0.0,0.0,0,0.0,0,1,1,3.0,0,0.3,1.3,,,73.0,235.0,25.3465,2.0,Memphis,2016.0,2016.0,,,7.0,0.033333335
2018,1,00-0032760,J.Doctson,WR,WAS,ARI,0,0,0.0,0,0.0,0.0,0.0,0,0.0,0,3,1,11.0,0,1.1,2.1,,,74.0,206.0,25.9249375,2.0,Texas Christian,2016.0,2016.0,WAS,22.0,,0.10344828
2018,2,00-0032760,J.Doctson,WR,WAS,IND,0,0,0.0,0,0.0,0.0,0.0,0,0.0,0,7,4,37.0,0,3.7,7.7,,,74.0,206.0,25.9249375,2.0,Texas Christian,2016.0,2016.0,WAS,22.0,-12.0,0.1590909
2018,3,00-0032760,J.Doctson,WR,WAS,GB,0,0,0.0,0,0.0,0.0,0.0,0,0.0,0,3,0,0.0,0,0.0,0.0,,,74.0,206.0,25.9249375,2.0,Texas Christian,2016.0,2016.0,WAS,22.0,14.0,0.15
2018,6,00-0032760,J.Doctson,WR,WAS,CAR,0,0,0.0,0,0.0,0.0,0.0,0,0.0,0,5,3,20.0,0,2.0,5.0,,,74.0,206.0,25.9249375,2.0,Texas Christian,2016.0,2016.0,WAS,22.0,6.0,0.15151516
2018,7,00-0032760,J.Doctson,WR,WAS,DAL,0,0,0.0,0,0.0,0.0,0.0,0,0.0,0,6,3,42.0,0,4.2,7.2,,,74.0,206.0,25.9249375,2.0,Texas Christian,2016.0,2016.0,WAS,22.0,3.0,0.25
2018,8,00-0032760,J.Doctson,WR,WAS,NYG,0,0,0.0,0,0.0,0.0,0.0,0,0.0,0,5,5,49.0,0,4.9,9.9,,,74.0,206.0,25.9249375,2.0,Texas Christian,2016.0,2016.0,WAS,22.0,,0.16129032
2018,9,00-0032760,J.Doctson,WR,WAS,ATL,0,0,0.0,0,0.0,0.0,0.0,0,0.0,0,6,3,31.0,1,9.1,12.1,,,74.0,206.0,25.9249375,2.0,Texas Christian,2016.0,2016.0,WAS,22.0,-24.0,0.13333334
2018,10,00-0032760,J.Doctson,WR,WAS,TB,0,0,0.0,0,0.0,0.0,0.0,0,0.0,0,4,4,46.0,1,10.6,14.6,,,74.0,206.0,25.9249375,2.0,Texas Christian,2016.0,2016.0,WAS,22.0,,0.15384616
2018,11,00-0032760,J.Doctson,WR,WAS,HOU,0,0,0.0,0,0.0,0.0,0.0,0,0.0,0,7,3,32.0,0,3.2,6.2,,,74.0,206.0,25.9249375,2.0,Texas Christian,2016.0,2016.0,WAS,22.0,-2.0,0.19444445
2018,12,00-0032760,J.Doctson,WR,WAS,DAL,0,0,0.0,0,0.0,0.0,0.0,0,0.0,0,10,6,66.0,0,6.6,12.6,,,74.0,206.0,25.9249375,2.0,Texas Christian,2016.0,2016.0,WAS,22.0,,0.2631579
2018,13,00-0032760,J.Doctson,WR,WAS,PHI,0,0,0.0,0,0.0,0.0,0.0,0,0.0,0,5,3,51.0,0,5.1,8.1,,,74.0,206.0,25.9249375,2.0,Texas Christian,2016.0,2016.0,WAS,22.0,,0.20833333
2018,14,00-0032760,J.Doctson,WR,WAS,NYG,0,0,0.0,0,0.0,0.0,0.0,0,0.0,0,5,4,84.0,0,8.4,12.4,,,74.0,206.0,25.9249375,2.0,Texas Christian,2016.0,2016.0,WAS,22.0,-24.0,0.1724138
2018,15,00-0032760,J.Doctson,WR,WAS,JAX,0,0,0.0,0,0.0,0.0,0.0,0,0.0,0,2,0,0.0,0,0.0,0.0,,,74.0,206.0,25.9249375,2.0,Texas Christian,2016.0,2016.0,WAS,22.0,,0.08695652
2018,16,00-0032760,J.Doctson,WR,WAS,TEN,0,0,0.0,0,0.0,0.0,0.0,0,0.0,0,6,3,30.0,0,3.0,6.0,,,74.0,206.0,25.9249375,2.0,Texas Christian,2016.0,2016.0,WAS,22.0,,0.26086956
2018,17,00-0032760,J.Doctson,WR,WAS,PHI,0,0,0.0,0,0.0,0.0,0.0,0,0.0,0,4,2,33.0,0,3.3,5.3,,,74.0,206.0,25.9249375,2.0,Texas Christian,2016.0,2016.0,WAS,22.0,-24.0,0.14814815
2018,1,00-0032764,D.Henry,RB,TEN,MIA,0,0,0.0,0,0.0,0.0,0.0,10,26.0,0,1,1,5.0,0,3.1,4.1,,,75.0,247.0,24.8331875,2.0,Alabama,2016.0,2016.0,TEN,45.0,,0.02631579
2018,2,00-0032764,D.Henry,RB,TEN,HOU,1,1,8.0,0,0.0,0.0,-0.0,18,56.0,0,0,0,0.0,0,5.92,5.92,,,75.0,247.0,24.8331875,2.0,Alabama,2016.0,2016.0,TEN,45.0,3.0,
2018,3,00-0032764,D.Henry,RB,TEN,JAX,0,0,0.0,0,0.0,0.0,0.0,18,57.0,0,1,0,0.0,0,5.7,5.7,,,75.0,247.0,24.8331875,2.0,Alabama,2016.0,2016.0,TEN,45.0,,0.04761905
2018,4,00-0032764,D.Henry,RB,TEN,PHI,0,0,0.0,0,0.0,0.0,0.0,8,24.0,0,2,2,7.0,0,3.1,5.1,,,75.0,247.0,24.8331875,2.0,Alabama,2016.0,2016.0,TEN,45.0,3.0,0.04761905
2018,5,00-0032764,D.Henry,RB,TEN,BUF,0,0,0.0,0,0.0,0.0,0.0,11,56.0,0,1,0,0.0,0,5.6,5.6,,,75.0,247.0,24.8331875,2.0,Alabama,2016.0,2016.0,TEN,45.0,,0.04
2018,6,00-0032764,D.Henry,RB,TEN,BAL,0,0,0.0,0,0.0,0.0,0.0,7,21.0,0,1,1,5.0,0,2.6,3.6,,,75.0,247.0,24.8331875,2.0,Alabama,2016.0,2016.0,TEN,45.0,-21.0,0.071428575
2018,7,00-0032764,D.Henry,RB,TEN,LAC,0,0,0.0,0,0.0,0.0,0.0,12,33.0,1,2,2,32.0,0,12.5,14.5,,,75.0,247.0,24.8331875,2.0,Alabama,2016.0,2016.0,TEN,45.0,,0.0625
2018,9,00-0032764,D.Henry,RB,TEN,DAL,0,0,0.0,0,0.0,0.0,0.0,6,27.0,1,2,2,5.0,0,9.2,11.2,,,75.0,247.0,24.8331875,2.0,Alabama,2016.0,2016.0,TEN,45.0,,0.074074075
2018,10,00-0032764,D.Henry,RB,TEN,NE,0,0,0.0,0,0.0,0.0,0.0,11,58.0,2,0,0,0.0,0,17.8,17.8,,,75.0,247.0,24.8331875,2.0,Alabama,2016.0,2016.0,TEN,45.0,24.0,
2018,11,00-0032764,D.Henry,RB,TEN,IND,0,0,0.0,0,0.0,0.0,0.0,9,46.0,0,0,0,0.0,0,4.6,4.6,,,75.0,247.0,24.8331875,2.0,Alabama,2016.0,2016.0,TEN,45.0,,
2018,12,00-0032764,D.Henry,RB,TEN,HOU,0,0,0.0,0,0.0,0.0,0.0,8,30.0,0,3,2,19.0,0,2.9,4.9,,,75.0,247.0,24.8331875,2.0,Alabama,2016.0,2016.0,TEN,45.0,,0.13043478
2018,13,00-0032764,D.Henry,RB,TEN,NYJ,0,0,0.0,0,0.0,0.0,0.0,10,40.0,1,2,2,5.0,0,10.5,12.5,,,75.0,247.0,24.8331875,2.0,Alabama,2016.0,2016.0,TEN,45.0,4.0,0.060606062
2018,14,00-0032764,D.Henry,RB,TEN,JAX,0,0,0.0,0,0.0,0.0,0.0,17,238.0,4,0,0,0.0,0,47.8,47.8,,,75.0,247.0,24.8331875,2.0,Alabama,2016.0,2016.0,TEN,45.0,21.0,
2018,15,00-0032764,D.Henry,RB,TEN,NYG,1,1,6.0,0,0.0,0.0,-0.0,33,170.0,2,1,1,0.0,0,29.24,30.24,,,75.0,247.0,24.8331875,2.0,Alabama,2016.0,2016.0,TEN,45.0,,0.05
2018,16,00-0032764,D.Henry,RB,TEN,WAS,0,1,0.0,0,0.0,0.0,-0.0,21,84.0,1,1,1,8.0,0,15.2,16.2,,,75.0,247.0,24.8331875,2.0,Alabama,2016.0,2016.0,TEN,45.0,9.0,0.04347826
2018,17,00-0032764,D.Henry,RB,TEN,IND,0,0,0.0,0,0.0,0.0,0.0,16,93.0,0,1,1,13.0,0,10.6,11.6,,,75.0,247.0,24.8331875,2.0,Alabama,2016.0,2016.0,TEN,45.0,-16.0,0.03448276
2018,1,00-0032765,M.Thomas,WR,NO,TB,0,0,0.0,0,0.0,0.0,0.0,0,0.0,0,17,16,180.0,1,22.0,38.0,,,75.0,212.0,25.69783333333333,2.0,Ohio State,2016.0,2016.0,NO,47.0,-8.0,0.38636363
2018,2,00-0032765,M.Thomas,WR,NO,CLE,0,0,0.0,0,0.0,0.0,0.0,0,0.0,0,13,12,89.0,2,18.9,30.9,,,75.0,212.0,25.69783333333333,2.0,Ohio State,2016.0,2016.0,NO,47.0,3.0,0.37142858
2018,3,00-0032765,M.Thomas,WR,NO,ATL,0,0,0.0,0,0.0,0.0,0.0,0,0.0,0,10,10,129.0,0,12.9,22.9,,,75.0,212.0,25.69783333333333,2.0,Ohio State,2016.0,2016.0,NO,47.0,,0.20408164
2018,4,00-0032765,M.Thomas,WR,NO,NYG,0,0,0.0,0,0.0,0.0,0.0,0,0.0,0,4,4,47.0,0,4.7,8.7,,,75.0,212.0,25.69783333333333,2.0,Ohio State,2016.0,2016.0,NO,47.0,,0.121212125
2018,5,00-0032765,M.Thomas,WR,NO,WAS,0,0,0.0,0,0.0,0.0,0.0,0,0.0,0,5,4,74.0,0,7.4,11.4,,,75.0,212.0,25.69783333333333,2.0,Ohio State,2016.0,2016.0,NO,47.0,24.0,0.1724138
2018,7,00-0032765,M.Thomas,WR,NO,BAL,0,0,0.0,0,0.0,0.0,0.0,0,0.0,0,9,7,69.0,1,12.9,19.9,,,75.0,212.0,25.69783333333333,2.0,Ohio State,2016.0,2016.0,NO,47.0,,0.32142857
2018,8,00-0032765,M.Thomas,WR,NO,MIN,0,0,0.0,0,0.0,0.0,0.0,0,0.0,0,6,5,81.0,0,8.1,13.1,,,75.0,212.0,25.69783333333333,2.0,Ohio State,2016.0,2016.0,NO,47.0,,0.26086956
2018,9,00-0032765,M.Thomas,WR,NO,LA,0,0,0.0,0,0.0,0.0,0.0,0,0.0,0,15,12,211.0,1,27.1,39.1,,,75.0,212.0,25.69783333333333,2.0,Ohio State,2016.0,2016.0,NO,47.0,10.0,0.41666666
2018,10,00-0032765,M.Thomas,WR,NO,CIN,0,0,0.0,0,0.0,0.0,0.0,0,0.0,0,8,8,70.0,2,19.0,27.0,,,75.0,212.0,25.69783333333333,2.0,Ohio State,2016.0,2016.0,NO,47.0,,0.2962963
2018,11,00-0032765,M.Thomas,WR,NO,PHI,0,0,0.0,0,0.0,0.0,0.0,0,0.0,0,4,4,92.0,1,15.2,19.2,,,75.0,212.0,25.69783333333333,2.0,Ohio State,2016.0,2016.0,NO,47.0,41.0,0.125
2018,12,00-0032765,M.Thomas,WR,NO,ATL,0,0,0.0,0,0.0,0.0,0.0,0,0.0,0,6,4,38.0,0,3.8,7.8,,,75.0,212.0,25.69783333333333,2.0,Ohio State,2016.0,2016.0,NO,47.0,14.0,0.27272728
2018,13,00-0032765,M.Thomas,WR,NO,DAL,0,0,0.0,0,0.0,0.0,0.0,0,0.0,0,8,5,40.0,0,4.0,9.0,,,75.0,212.0,25.69783333333333,2.0,Ohio State,2016.0,2016.0,NO,47.0,,0.2857143
2018,14,00-0032765,M.Thomas,WR,NO,TB,0,0,0.0,0,0.0,0.0,0.0,0,0.0,0,13,11,98.0,0,9.8,20.8,,,75.0,212.0,25.69783333333333,2.0,Ohio State,2016.0,2016.0,NO,47.0,,0.41935483
2018,15,00-0032765,M.Thomas,WR,NO,CAR,0,0,0.0,0,0.0,0.0,0.0,0,0.0,0,9,7,49.0,0,4.9,11.9,,,75.0,212.0,25.69783333333333,2.0,Ohio State,2016.0,2016.0,NO,47.0,,0.2647059
2018,16,00-0032765,M.Thomas,WR,NO,PIT,0,0,0.0,0,0.0,0.0,0.0,0,0.0,0,13,11,109.0,1,16.9,27.9,,,75.0,212.0,25.69783333333333,2.0,Ohio State,2016.0,2016.0,NO,47.0,3.0,0.33333334
2018,17,00-0032765,M.Thomas,WR,NO,CAR,0,0,0.0,0,0.0,0.0,0.0,0,0.0,0,7,5,29.0,0,2.9,7.9,,,75.0,212.0,25.69783333333333,2.0,Ohio State,2016.0,2016.0,NO,47.0,-19.0,0.33333334
2018,19,00-0032765,M.Thomas,WR,NO,PHI,0,0,0.0,0,0.0,0.0,0.0,0,0.0,0,16,12,171.0,1,23.1,35.1,,,75.0,212.0,25.69783333333333,2.0,Ohio State,2016.0,2016.0,NO,47.0,6.0,0.43243244
2018,20,00-0032765,M.Thomas,WR,NO,LA,0,0,0.0,0,0.0,0.0,0.0,0,0.0,0,7,4,36.0,0,3.6,7.6,,,75.0,212.0,25.69783333333333,2.0,Ohio State,2016.0,2016.0,NO,47.0,-3.0,0.17948718
2018,17,00-0032773,N.Kwiatkoski,ILB,CHI,MIN,0,0,0.0,0,0.0,0.0,0.0,0,0.0,0,0,0,0.0,0,2.0,2.0,,,74.0,242.0,25.45723529411765,2.0,West Virginia,2016.0,2016.0,CHI,113.0,,
2018,2,00-0032775,D.Robinson,WR,KC,PIT,0,0,0.0,0,0.0,0.0,0.0,0,0.0,0,1,1,3.0,1,6.3,7.3,,,73.0,203.0,24.13922222222222,2.0,Florida,2016.0,2016.0,KC,126.0,,0.035714287
2018,3,00-0032775,D.Robinson,WR,KC,SF,0,0,0.0,0,0.0,0.0,0.0,0,0.0,0,1,0,0.0,0,0.0,0.0,,,73.0,203.0,24.13922222222222,2.0,Florida,2016.0,2016.0,KC,126.0,11.0,0.02631579
2018,4,00-0032775,D.Robinson,WR,KC,DEN,0,0,0.0,0,0.0,0.0,0.0,0,0.0,0,3,2,31.0,0,3.1,5.1,,,73.0,203.0,24.13922222222222,2.0,Florida,2016.0,2016.0,KC,126.0,,0.06818182
2018,5,00-0032775,D.Robinson,WR,KC,JAX,0,0,0.0,0,0.0,0.0,0.0,0,0.0,0,1,0,0.0,0,0.0,0.0,,,73.0,203.0,24.13922222222222,2.0,Florida,2016.0,2016.0,KC,126.0,16.0,0.027777778
2018,7,00-0032775,D.Robinson,WR,KC,CIN,0,0,0.0,0,0.0,0.0,0.0,0,0.0,0,2,2,13.0,0,1.3,3.3,,,73.0,203.0,24.13922222222222,2.0,Florida,2016.0,2016.0,KC,126.0,35.0,0.055555556
2018,8,00-0032775,D.Robinson,WR,KC,DEN,0,0,0.0,0,0.0,0.0,0.0,0,0.0,0,1,1,1.0,0,0.1,1.1,,,73.0,203.0,24.13922222222222,2.0,Florida,2016.0,2016.0,KC,126.0,7.0,0.032258064
2018,9,00-0032775,D.Robinson,WR,KC,CLE,0,0,0.0,0,0.0,0.0,0.0,0,0.0,0,2,1,3.0,0,0.3,1.3,,,73.0,203.0,24.13922222222222,2.0,Florida,2016.0,2016.0,KC,126.0,,0.06451613
2018,10,00-0032775,D.Robinson,WR,KC,ARI,0,0,0.0,0,0.0,0.0,0.0,0,0.0,0,4,3,30.0,0,3.0,6.0,,,73.0,203.0,24.13922222222222,2.0,Florida,2016.0,2016.0,KC,126.0,12.0,0.14285715
2018,11,00-0032775,D.Robinson,WR,KC,LA,0,0,0.0,0,0.0,0.0,0.0,0,0.0,0,2,1,14.0,0,1.4,2.4,,,73.0,203.0,24.13922222222222,2.0,Florida,2016.0,2016.0,KC,126.0,,0.04347826
2018,13,00-0032775,D.Robinson,WR,KC,LV,0,0,0.0,0,0.0,0.0,0.0,0,0.0,0,1,1,38.0,0,3.8,4.8,,,73.0,203.0,24.13922222222222,2.0,Florida,2016.0,2016.0,KC,126.0,,0.027027028
2018,14,00-0032775,D.Robinson,WR,KC,BAL,0,0,0.0,0,0.0,0.0,0.0,0,0.0,0,7,5,42.0,0,4.2,9.2,,,73.0,203.0,24.13922222222222,2.0,Florida,2016.0,2016.0,KC,126.0,3.0,0.14583333
2018,15,00-0032775,D.Robinson,WR,KC,LAC,0,0,0.0,0,0.0,0.0,0.0,0,0.0,0,3,2,7.0,1,6.7,8.7,,,73.0,203.0,24.13922222222222,2.0,Florida,2016.0,2016.0,KC,126.0,-1.0,0.0882353
2018,16,00-0032775,D.Robinson,WR,KC,SEA,0,0,0.0,0,0.0,0.0,0.0,0,0.0,0,3,2,17.0,1,7.7,9.7,,,73.0,203.0,24.13922222222222,2.0,Florida,2016.0,2016.0,KC,126.0,,0.07692308
2018,17,00-0032775,D.Robinson,WR,KC,LV,0,0,0.0,0,0.0,0.0,0.0,0,0.0,0,2,1,89.0,1,14.9,15.9,,,73.0,203.0,24.13922222222222,2.0,Florida,2016.0,2016.0,KC,126.0,32.0,0.074074075
2018,20,00-0032775,D.Robinson,WR,KC,NE,0,0,0.0,0,0.0,0.0,0.0,0,0.0,0,1,1,27.0,0,2.7,3.7,,,73.0,203.0,24.13922222222222,2.0,Florida,2016.0,2016.0,KC,126.0,-6.0,0.03448276
2018,1,00-0032778,T.Sharpe,WR,TEN,MIA,0,0,0.0,0,0.0,0.0,0.0,0,0.0,0,3,1,17.0,0,1.7,2.7,,,74.0,194.0,23.86675,2.0,Massachusetts,2016.0,2016.0,TEN,140.0,,0.078947365
2018,2,00-0032778,T.Sharpe,WR,TEN,HOU,0,0,0.0,0,0.0,0.0,0.0,0,0.0,0,2,1,14.0,0,1.4,2.4,,,74.0,194.0,23.86675,2.0,Massachusetts,2016.0,2016.0,TEN,140.0,3.0,0.0952381
2018,3,00-0032778,T.Sharpe,WR,TEN,JAX,0,0,0.0,0,0.0,0.0,0.0,1,16.0,0,1,0,0.0,0,1.6,1.6,,,74.0,194.0,23.86675,2.0,Massachusetts,2016.0,2016.0,TEN,140.0,,0.04761905
2018,4,00-0032778,T.Sharpe,WR,TEN,PHI,0,0,0.0,0,0.0,0.0,0.0,0,0.0,0,3,2,27.0,1,8.7,10.7,,,74.0,194.0,23.86675,2.0,Massachusetts,2016.0,2016.0,TEN,140.0,3.0,0.071428575
2018,5,00-0032778,T.Sharpe,WR,TEN,BUF,0,0,0.0,0,0.0,0.0,0.0,0,0.0,0,4,3,30.0,0,3.0,6.0,,,74.0,194.0,23.86675,2.0,Massachusetts,2016.0,2016.0,TEN,140.0,,0.16
2018,6,00-0032778,T.Sharpe,WR,TEN,BAL,0,0,0.0,0,0.0,0.0,0.0,0,0.0,0,2,2,33.0,0,3.3,5.3,,,74.0,194.0,23.86675,2.0,Massachusetts,2016.0,2016.0,TEN,140.0,-21.0,0.14285715
2018,7,00-0032778,T.Sharpe,WR,TEN,LAC,0,0,0.0,0,0.0,0.0,0.0,0,0.0,0,9,7,101.0,0,10.1,17.1,,,74.0,194.0,23.86675,2.0,Massachusetts,2016.0,2016.0,TEN,140.0,,0.28125
2018,9,00-0032778,T.Sharpe,WR,TEN,DAL,0,0,0.0,0,0.0,0.0,0.0,0,0.0,0,1,1,0.0,0,0.0,1.0,,,74.0,194.0,23.86675,2.0,Massachusetts,2016.0,2016.0,TEN,140.0,,0.037037037
2018,10,00-0032778,T.Sharpe,WR,TEN,NE,0,0,0.0,0,0.0,0.0,0.0,0,0.0,0,3,0,0.0,0,0.0,0.0,,,74.0,194.0,23.86675,2.0,Massachusetts,2016.0,2016.0,TEN,140.0,24.0,0.125
2018,11,00-0032778,T.Sharpe,WR,TEN,IND,0,0,0.0,0,0.0,0.0,0.0,0,0.0,0,7,5,37.0,1,9.7,14.7,,,74.0,194.0,23.86675,2.0,Massachusetts,2016.0,2016.0,TEN,140.0,,0.2413793
2018,13,00-0032778,T.Sharpe,WR,TEN,NYJ,0,0,0.0,0,0.0,0.0,0.0,0,0.0,0,6,3,51.0,0,5.1,8.1,,,74.0,194.0,23.86675,2.0,Massachusetts,2016.0,2016.0,TEN,140.0,4.0,0.18181819
2018,14,00-0032778,T.Sharpe,WR,TEN,JAX,0,0,0.0,0,0.0,0.0,0.0,0,0.0,0,4,0,0.0,0,0.0,0.0,,,74.0,194.0,23.86675,2.0,Massachusetts,2016.0,2016.0,TEN,140.0,21.0,0.16666667
2018,15,00-0032778,T.Sharpe,WR,TEN,NYG,0,0,0.0,0,0.0,0.0,0.0,0,0.0,0,1,1,6.0,0,0.6,1.6,,,74.0,194.0,23.86675,2.0,Massachusetts,2016.0,2016.0,TEN,140.0,,0.05
2018,17,00-0032778,T.Sharpe,WR,TEN,IND,0,0,0.0,0,0.0,0.0,0.0,0,0.0,0,1,0,0.0,0,0.0,0.0,,,74.0,194.0,23.86675,2.0,Massachusetts,2016.0,2016.0,TEN,140.0,-16.0,0.03448276
2018,1,00-0032780,J.Howard,RB,CHI,GB,0,0,0.0,0,0.0,0.0,0.0,15,82.0,0,5,5,25.0,0,10.7,15.7,,,72.0,224.0,24.019764705882352,2.0,Indiana,2016.0,2016.0,CHI,150.0,,0.15151516
2018,2,00-0032780,J.Howard,RB,CHI,SEA,0,0,0.0,0,0.0,0.0,0.0,14,35.0,0,4,3,33.0,0,6.8,9.8,,,72.0,224.0,24.019764705882352,2.0,Indiana,2016.0,2016.0,CHI,150.0,7.0,0.11764706
2018,3,00-0032780,J.Howard,RB,CHI,ARI,0,0,0.0,0,0.0,0.0,0.0,24,61.0,1,2,2,20.0,0,14.1,16.1,,,72.0,224.0,24.019764705882352,2.0,Indiana,2016.0,2016.0,CHI,150.0,,0.057142857
2018,4,00-0032780,J.Howard,RB,CHI,TB,0,0,0.0,0,0.0,0.0,0.0,11,25.0,0,1,0,0.0,0,2.5,2.5,,,72.0,224.0,24.019764705882352,2.0,Indiana,2016.0,2016.0,CHI,150.0,38.0,0.03846154
2018,6,00-0032780,J.Howard,RB,CHI,MIA,0,0,0.0,0,0.0,0.0,0.0,14,69.0,0,1,0,0.0,0,4.9,4.9,,,72.0,224.0,24.019764705882352,2.0,Indiana,2016.0,2016.0,CHI,150.0,,0.033333335
2018,7,00-0032780,J.Howard,RB,CHI,NE,0,0,0.0,0,0.0,0.0,0.0,12,39.0,1,1,1,9.0,0,10.8,11.8,,,72.0,224.0,24.019764705882352,2.0,Indiana,2016.0,2016.0,CHI,150.0,-7.0,0.020833334
2018,8,00-0032780,J.Howard,RB,CHI,NYJ,0,0,0.0,0,0.0,0.0,0.0,22,81.0,1,1,0,0.0,0,14.1,14.1,,,72.0,224.0,24.019764705882352,2.0,Indiana,2016.0,2016.0,CHI,150.0,14.0,0.03448276
2018,9,00-0032780,J.Howard,RB,CHI,BUF,0,0,0.0,0,0.0,0.0,0.0,14,47.0,2,0,0,0.0,0,16.7,16.7,,,72.0,224.0,24.019764705882352,2.0,Indiana,2016.0,2016.0,CHI,150.0,,
2018,10,00-0032780,J.Howard,RB,CHI,DET,0,0,0.0,0,0.0,0.0,0.0,11,21.0,0,1,1,11.0,0,3.2,4.2,,,72.0,224.0,24.019764705882352,2.0,Indiana,2016.0,2016.0,CHI,150.0,12.0,0.033333335
2018,11,00-0032780,J.Howard,RB,CHI,MIN,0,0,0.0,0,0.0,0.0,0.0,18,63.0,0,1,1,2.0,0,6.5,7.5,,,72.0,224.0,24.019764705882352,2.0,Indiana,2016.0,2016.0,CHI,150.0,5.0,0.033333335
2018,12,00-0032780,J.Howard,RB,CHI,DET,0,0,0.0,0,0.0,0.0,0.0,7,13.0,0,2,1,2.0,0,1.5,2.5,,,72.0,224.0,24.019764705882352,2.0,Indiana,2016.0,2016.0,CHI,150.0,,0.05263158
2018,13,00-0032780,J.Howard,RB,CHI,NYG,0,0,0.0,0,0.0,0.0,0.0,16,76.0,0,1,1,4.0,0,8.0,9.0,,,72.0,224.0,24.019764705882352,2.0,Indiana,2016.0,2016.0,CHI,150.0,,0.025
2018,14,00-0032780,J.Howard,RB,CHI,LA,0,0,0.0,0,0.0,0.0,0.0,19,101.0,0,1,1,2.0,0,10.3,11.3,,,72.0,224.0,24.019764705882352,2.0,Indiana,2016.0,2016.0,CHI,150.0,9.0,0.035714287
2018,15,00-0032780,J.Howard,RB,CHI,GB,0,0,0.0,0,0.0,0.0,0.0,19,60.0,1,1,1,15.0,0,13.5,14.5,,,72.0,224.0,24.019764705882352,2.0,Indiana,2016.0,2016.0,CHI,150.0,7.0,0.035714287
2018,16,00-0032780,J.Howard,RB,CHI,SF,0,0,0.0,0,0.0,0.0,0.0,13,53.0,1,3,2,17.0,0,13.0,15.0,,,72.0,224.0,24.019764705882352,2.0,Indiana,2016.0,2016.0,CHI,150.0,,0.10344828
2018,17,00-0032780,J.Howard,RB,CHI,MIN,0,0,0.0,0,0.0,0.0,0.0,21,109.0,2,2,1,5.0,0,23.4,24.4,,,72.0,224.0,24.019764705882352,2.0,Indiana,2016.0,2016.0,CHI,150.0,,0.07692308
2018,18,00-0032780,J.Howard,RB,CHI,PHI,0,0,0.0,0,0.0,0.0,0.0,10,35.0,0,1,0,0.0,0,3.5,3.5,,,72.0,224.0,24.019764705882352,2.0,Indiana,2016.0,2016.0,CHI,150.0,-1.0,0.024390243
2018,2,00-0032782,W.Smallwood,RB,PHI,TB,0,0,0.0,0,0.0,0.0,0.0,7,28.0,0,1,1,2.0,0,1.0,2.0,,,70.0,208.0,24.808,2.0,West Virginia,2016.0,2016.0,PHI,153.0,,0.021276595
2018,3,00-0032782,W.Smallwood,RB,PHI,IND,0,0,0.0,0,0.0,0.0,0.0,10,56.0,1,5,3,35.0,0,15.1,18.1,,,70.0,208.0,24.808,2.0,West Virginia,2016.0,2016.0,PHI,153.0,4.0,0.13513513
2018,4,00-0032782,W.Smallwood,RB,PHI,TEN,0,0,0.0,0,0.0,0.0,0.0,5,39.0,0,5,3,15.0,0,5.4,8.4,,,70.0,208.0,24.808,2.0,West Virginia,2016.0,2016.0,PHI,153.0,,0.1
2018,5,00-0032782,W.Smallwood,RB,PHI,MIN,0,0,0.0,0,0.0,0.0,0.0,3,27.0,0,4,3,44.0,1,15.1,18.1,,,70.0,208.0,24.808,2.0,West Virginia,2016.0,2016.0,PHI,153.0,-2.0,0.125
2018,6,00-0032782,W.Smallwood,RB,PHI,NYG,0,0,0.0,0,0.0,0.0,0.0,18,51.0,0,2,1,0.0,0,5.1,6.1,,,70.0,208.0,24.808,2.0,West Virginia,2016.0,2016.0,PHI,153.0,,0.055555556
2018,7,00-0032782,W.Smallwood,RB,PHI,CAR,0,0,0.0,0,0.0,0.0,0.0,9,32.0,0,2,2,5.0,0,3.7,5.7,,,70.0,208.0,24.808,2.0,West Virginia,2016.0,2016.0,PHI,153.0,-4.0,0.054054055
2018,8,00-0032782,W.Smallwood,RB,PHI,JAX,0,0,0.0,0,0.0,0.0,0.0,8,24.0,0,3,2,42.0,1,12.6,14.6,,,70.0,208.0,24.808,2.0,West Virginia,2016.0,2016.0,PHI,153.0,,0.1
2018,10,00-0032782,W.Smallwood,RB,PHI,DAL,0,0,0.0,0,0.0,0.0,0.0,2,4.0,0,3,3,30.0,0,3.4,6.4,,,70.0,208.0,24.808,2.0,West Virginia,2016.0,2016.0,PHI,153.0,-7.0,0.069767445
2018,11,00-0032782,W.Smallwood,RB,PHI,NO,0,0,0.0,0,0.0,0.0,0.0,1,-4.0,0,0,0,0.0,0,-0.4,-0.4,,,70.0,208.0,24.808,2.0,West Virginia,2016.0,2016.0,PHI,153.0,,
2018,14,00-0032782,W.Smallwood,RB,PHI,DAL,0,0,0.0,0,0.0,0.0,0.0,1,3.0,0,0,0,0.0,0,0.3,0.3,,,70.0,208.0,24.808,2.0,West Virginia,2016.0,2016.0,PHI,153.0,,
2018,15,00-0032782,W.Smallwood,RB,PHI,LA,0,0,0.0,0,0.0,0.0,0.0,10,48.0,2,2,2,9.0,0,17.7,19.7,,,70.0,208.0,24.808,2.0,West Virginia,2016.0,2016.0,PHI,153.0,,0.06451613
2018,16,00-0032782,W.Smallwood,RB,PHI,HOU,0,0,0.0,0,0.0,0.0,0.0,1,3.0,0,4,4,24.0,0,2.7,6.7,,,70.0,208.0,24.808,2.0,West Virginia,2016.0,2016.0,PHI,153.0,2.0,0.08163265
2018,17,00-0032782,W.Smallwood,RB,PHI,WAS,0,0,0.0,0,0.0,0.0,0.0,12,53.0,0,4,4,24.0,0,7.7,11.7,,,70.0,208.0,24.808,2.0,West Virginia,2016.0,2016.0,PHI,153.0,,0.11764706
2018,18,00-0032782,W.Smallwood,RB,PHI,CHI,0,0,0.0,0,0.0,0.0,0.0,8,20.0,0,3,2,20.0,0,4.0,6.0,,,70.0,208.0,24.808,2.0,West Virginia,2016.0,2016.0,PHI,153.0,,0.075
2018,19,00-0032782,W.Smallwood,RB,PHI,NO,0,0,0.0,0,0.0,0.0,0.0,10,33.0,0,1,1,6.0,0,3.9,4.9,,,70.0,208.0,24.808,2.0,West Virginia,2016.0,2016.0,PHI,153.0,,0.032258064
2018,1,00-0032791,J.Grant,WR,MIA,TEN,0,0,0.0,0,0.0,0.0,0.0,0,0.0,0,7,5,38.0,0,9.8,14.8,,,67.0,169.0,26.0093125,2.0,Texas Tech,2016.0,2016.0,MIA,186.0,7.0,0.25
2018,2,00-0032791,J.Grant,WR,MIA,NYJ,0,0,0.0,0,0.0,0.0,0.0,1,5.0,0,4,2,27.0,0,3.2,5.2,,,67.0,169.0,26.0093125,2.0,Texas Tech,2016.0,2016.0,MIA,186.0,,0.17391305
2018,3,00-0032791,J.Grant,WR,MIA,LV,0,0,0.0,0,0.0,0.0,0.0,0,0.0,0,3,2,70.0,2,19.0,21.0,,,67.0,169.0,26.0093125,2.0,Texas Tech,2016.0,2016.0,MIA,186.0,8.0,0.125
2018,4,00-0032791,J.Grant,WR,MIA,NE,0,0,0.0,0,0.0,0.0,0.0,0,0.0,0,2,2,17.0,0,1.7,3.7,,,67.0,169.0,26.0093125,2.0,Texas Tech,2016.0,2016.0,MIA,186.0,,0.08
2018,5,00-0032791,J.Grant,WR,MIA,CIN,0,0,0.0,0,0.0,0.0,0.0,0,0.0,0,1,0,0.0,0,6.0,6.0,,,67.0,169.0,26.0093125,2.0,Texas Tech,2016.0,2016.0,MIA,186.0,,0.030303031
2018,6,00-0032791,J.Grant,WR,MIA,CHI,0,0,0.0,0,0.0,0.0,0.0,0,0.0,0,4,3,32.0,0,3.2,6.2,,,67.0,169.0,26.0093125,2.0,Texas Tech,2016.0,2016.0,MIA,186.0,3.0,0.1
2018,7,00-0032791,J.Grant,WR,MIA,DET,0,0,0.0,0,0.0,0.0,0.0,0,0.0,0,2,2,32.0,0,3.2,5.2,,,67.0,169.0,26.0093125,2.0,Texas Tech,2016.0,2016.0,MIA,186.0,-11.0,0.06666667
2018,8,00-0032791,J.Grant,WR,MIA,HOU,0,0,0.0,0,0.0,0.0,0.0,0,0.0,0,8,4,36.0,0,3.6,7.6,,,67.0,169.0,26.0093125,2.0,Texas Tech,2016.0,2016.0,MIA,186.0,,0.24242425
2018,9,00-0032791,J.Grant,WR,MIA,NYJ,0,0,0.0,0,0.0,0.0,0.0,0,0.0,0,2,1,16.0,0,1.6,2.6,,,67.0,169.0,26.0093125,2.0,Texas Tech,2016.0,2016.0,MIA,186.0,7.0,0.09090909
2018,10,00-0032791,J.Grant,WR,MIA,GB,0,0,0.0,0,0.0,0.0,0.0,0,0.0,0,1,0,0.0,0,0.0,0.0,,,67.0,169.0,26.0093125,2.0,Texas Tech,2016.0,2016.0,MIA,186.0,,0.027777778
2018,16,00-0032792,N.Sudfeld,QB,PHI,HOU,0,1,0.0,0,0.0,0.0,-0.0,0,0.0,0,0,0,0.0,0,0.0,0.0,,,78.0,227.0,25.095333333333333,2.0,Indiana,2016.0,2016.0,WAS,187.0,2.0,
2018,17,00-0032792,N.Sudfeld,QB,PHI,WAS,1,1,22.0,1,0.0,0.0,-0.0,2,-2.0,0,0,0,0.0,0,4.68,4.68,,,78.0,227.0,25.095333333333333,2.0,Indiana,2016.0,2016.0,WAS,187.0,,
2018,3,00-0032793,B.Countess,SS,LA,LA,0,0,0.0,0,0.0,0.0,0.0,0,0.0,0,0,0,0.0,0,6.0,6.0,,,70.0,185.0,25.27115789473684,2.0,Auburn,2016.0,2016.0,PHI,196.0,12.0,
2018,16,00-0032794,D.Vitale,FB,GB,NYJ,0,0,0.0,0,0.0,0.0,0.0,0,0.0,0,2,1,2.0,0,0.2,1.2,,,73.0,245.0,25.023,2.0,Northwestern,2016.0,2016.0,TB,197.0,,0.03773585
2018,6,00-0032795,C.Core,WR,CIN,PIT,0,0,0.0,0,0.0,0.0,0.0,0,0.0,0,3,0,0.0,0,0.0,0.0,,,75.0,210.0,24.54975,2.0,Mississippi,2016.0,2016.0,CIN,199.0,-7.0,0.07317073
2018,7,00-0032795,C.Core,WR,CIN,KC,0,0,0.0,0,0.0,0.0,0.0,0,0.0,0,3,3,30.0,0,3.0,6.0,,,75.0,210.0,24.54975,2.0,Mississippi,2016.0,2016.0,CIN,199.0,,0.09375
2018,10,00-0032795,C.Core,WR,CIN,NO,0,0,0.0,0,0.0,0.0,0.0,0,0.0,0,2,2,17.0,0,1.7,3.7,,,75.0,210.0,24.54975,2.0,Mississippi,2016.0,2016.0,CIN,199.0,-37.0,0.09090909
2018,11,00-0032795,C.Core,WR,CIN,BAL,0,0,0.0,0,0.0,0.0,0.0,0,0.0,0,2,0,0.0,0,0.0,0.0,,,75.0,210.0,24.54975,2.0,Mississippi,2016.0,2016.0,CIN,199.0,,0.055555556
2018,12,00-0032795,C.Core,WR,CIN,CLE,0,0,0.0,0,0.0,0.0,0.0,0,0.0,0,2,1,7.0,0,0.7,1.7,,,75.0,210.0,24.54975,2.0,Mississippi,2016.0,2016.0,CIN,199.0,-15.0,0.044444446
2018,13,00-0032795,C.Core,WR,CIN,DEN,0,0,0.0,0,0.0,0.0,0.0,0,0.0,0,4,1,30.0,1,9.0,10.0,,,75.0,210.0,24.54975,2.0,Mississippi,2016.0,2016.0,CIN,199.0,-14.0,0.11111111
2018,14,00-0032795,C.Core,WR,CIN,LAC,0,0,0.0,0,0.0,0.0,0.0,0,0.0,0,4,3,30.0,0,3.0,6.0,,,75.0,210.0,24.54975,2.0,Mississippi,2016.0,2016.0,CIN,199.0,,0.16
2018,15,00-0032795,C.Core,WR,CIN,LV,0,0,0.0,0,0.0,0.0,0.0,0,0.0,0,4,1,10.0,0,1.0,2.0,,,75.0,210.0,24.54975,2.0,Mississippi,2016.0,2016.0,CIN,199.0,14.0,0.121212125
2018,16,00-0032795,C.Core,WR,CIN,CLE,0,0,0.0,0,0.0,0.0,0.0,0,0.0,0,3,2,36.0,0,5.6,7.6,,,75.0,210.0,24.54975,2.0,Mississippi,2016.0,2016.0,CIN,199.0,,0.15789473
2018,17,00-0032795,C.Core,WR,CIN,PIT,0,0,0.0,0,0.0,0.0,0.0,0,0.0,0,1,0,0.0,0,0.0,0.0,,,75.0,210.0,24.54975,2.0,Mississippi,2016.0,2016.0,CIN,199.0,,0.04347826
2018,7,00-0032807,C.Fejedelem,SS,CIN,KC,0,0,0.0,0,0.0,0.0,0.0,1,0.0,0,0,0,0.0,0,0.0,0.0,,,72.0,205.0,25.4231875,2.0,Illinois,2016.0,2016.0,CIN,245.0,,
2018,16,00-0032807,C.Fejedelem,SS,CIN,CLE,0,0,0.0,0,0.0,0.0,0.0,1,6.0,0,0,0,0.0,0,0.6,0.6,,,72.0,205.0,25.4231875,2.0,Illinois,2016.0,2016.0,CIN,245.0,,
2018,7,00-0032813,E.Penny,RB,NYG,ATL,0,0,0.0,0,0.0,0.0,0.0,1,2.0,0,0,0,0.0,0,0.2,0.2,,,74.0,234.0,25.2154375,2.0,Idaho,2016.0,2016.0,,,,
2018,10,00-0032813,E.Penny,RB,NYG,SF,0,0,0.0,0,0.0,0.0,0.0,0,0.0,0,2,2,12.0,0,1.2,3.2,,,74.0,234.0,25.2154375,2.0,Idaho,2016.0,2016.0,,,,0.06451613
2018,11,00-0032813,E.Penny,RB,NYG,TB,0,0,0.0,0,0.0,0.0,0.0,0,0.0,0,2,2,4.0,0,0.4,2.4,,,74.0,234.0,25.2154375,2.0,Idaho,2016.0,2016.0,,,3.0,0.11111111
2018,12,00-0032813,E.Penny,RB,NYG,PHI,0,0,0.0,0,0.0,0.0,0.0,0,0.0,0,1,1,7.0,0,0.7,1.7,,,74.0,234.0,25.2154375,2.0,Idaho,2016.0,2016.0,,,,0.027027028
2018,13,00-0032813,E.Penny,RB,NYG,CHI,0,0,0.0,0,0.0,0.0,0.0,0,0.0,0,1,0,0.0,0,0.0,0.0,,,74.0,234.0,25.2154375,2.0,Idaho,2016.0,2016.0,,,3.0,0.028571429
2018,14,00-0032813,E.Penny,RB,NYG,WAS,0,0,0.0,0,0.0,0.0,0.0,5,21.0,0,1,1,16.0,0,3.7,4.7,,,74.0,234.0,25.2154375,2.0,Idaho,2016.0,2016.0,,,,0.03846154
2018,15,00-0032813,E.Penny,RB,NYG,TEN,0,0,0.0,0,0.0,0.0,0.0,1,2.0,0,0,0,0.0,0,0.2,0.2,,,74.0,234.0,25.2154375,2.0,Idaho,2016.0,2016.0,,,-17.0,
2018,16,00-0032813,E.Penny,RB,NYG,IND,0,0,0.0,0,0.0,0.0,0.0,0,0.0,0,1,1,5.0,0,0.5,1.5,,,74.0,234.0,25.2154375,2.0,Idaho,2016.0,2016.0,,,,0.032258064
2018,17,00-0032813,E.Penny,RB,NYG,DAL,0,0,0.0,0,0.0,0.0,0.0,0,0.0,0,1,1,6.0,0,0.6,1.6,,,74.0,234.0,25.2154375,2.0,Idaho,2016.0,2016.0,,,-1.0,0.025641026
2018,12,00-0032881,T.Lewis,WR,NO,ATL,0,0,0.0,0,0.0,0.0,0.0,0,0.0,0,1,1,28.0,1,8.8,9.8,,,67.0,168.0,26.05372222222222,2.0,Northern Illinois,2016.0,2016.0,,,14.0,0.045454547
2018,14,00-0032881,T.Lewis,WR,NO,TB,0,0,0.0,0,0.0,0.0,0.0,0,0.0,0,1,1,20.0,0,2.0,3.0,,,67.0,168.0,26.05372222222222,2.0,Northern Illinois,2016.0,2016.0,,,,0.032258064
2018,15,00-0032881,T.Lewis,WR,NO,CAR,0,0,0.0,0,0.0,0.0,0.0,1,4.0,0,0,0,0.0,0,0.4,0.4,,,67.0,168.0,26.05372222222222,2.0,Northern Illinois,2016.0,2016.0,,,,
2018,17,00-0032881,T.Lewis,WR,NO,CAR,0,0,0.0,0,0.0,0.0,0.0,1,6.0,0,1,1,12.0,0,1.8,2.8,,,67.0,168.0,26.05372222222222,2.0,Northern Illinois,2016.0,2016.0,,,-19.0,0.04761905
2018,20,00-0032881,T.Lewis,WR,NO,LA,0,0,0.0,0,0.0,0.0,0.0,0,0.0,0,1,0,0.0,0,0.0,0.0,,,67.0,168.0,26.05372222222222,2.0,Northern Illinois,2016.0,2016.0,,,-3.0,0.025641026
2018,1,00-0032897,D.Watt,FB,LAC,KC,0,0,0.0,0,0.0,0.0,0.0,1,1.0,0,0,0,0.0,0,0.1,0.1,,,74.0,234.0,26.01111111111111,2.0,Wisconsin,2016.0,2016.0,SD,198.0,-10.0,
2018,10,00-0032897,D.Watt,FB,LAC,LV,0,0,0.0,0,0.0,0.0,0.0,2,2.0,0,0,0,0.0,0,0.2,0.2,,,74.0,234.0,26.01111111111111,2.0,Wisconsin,2016.0,2016.0,SD,198.0,,
2018,14,00-0032897,D.Watt,FB,LAC,CIN,0,0,0.0,0,0.0,0.0,0.0,0,0.0,0,1,1,2.0,0,0.2,1.2,,,74.0,234.0,26.01111111111111,2.0,Wisconsin,2016.0,2016.0,SD,198.0,5.0,0.03448276
2018,17,00-0032897,D.Watt,FB,LAC,DEN,0,0,0.0,0,0.0,0.0,0.0,1,8.0,0,0,0,0.0,0,0.8,0.8,,,74.0,234.0,26.01111111111111,2.0,Wisconsin,2016.0,2016.0,SD,198.0,,
2018,18,00-0032897,D.Watt,FB,LAC,BAL,0,0,0.0,0,0.0,0.0,0.0,0,0.0,0,1,1,1.0,0,0.1,1.1,,,74.0,234.0,26.01111111111111,2.0,Wisconsin,2016.0,2016.0,SD,198.0,,0.03448276
2018,10,00-0032911,S.Pulley,C,NYG,SF,0,0,0.0,0,0.0,0.0,0.0,0,0.0,0,1,1,-2.0,0,-0.2,0.8,,,76.0,308.0,25.585125,2.0,Vanderbilt,2016.0,2016.0,,,,0.032258064
2018,1,00-0032918,C.Ham,FB,MIN,SF,0,0,0.0,0,0.0,0.0,0.0,0,0.0,0,2,0,0.0,0,0.0,0.0,,,71.0,235.0,25.2851875,2.0,"Augustana, S.D.",2016.0,2016.0,,,8.0,0.057142857
2018,2,00-0032918,C.Ham,FB,MIN,GB,0,0,0.0,0,0.0,0.0,0.0,1,5.0,0,0,0,0.0,0,0.5,0.5,,,71.0,235.0,25.2851875,2.0,"Augustana, S.D.",2016.0,2016.0,,,,
2018,3,00-0032918,C.Ham,FB,MIN,BUF,0,0,0.0,0,0.0,0.0,0.0,0,0.0,0,6,5,47.0,0,4.7,9.7,,,71.0,235.0,25.2851875,2.0,"Augustana, S.D.",2016.0,2016.0,,,-21.0,0.10909091
2018,4,00-0032918,C.Ham,FB,MIN,LA,0,0,0.0,0,0.0,0.0,0.0,0,0.0,0,2,2,7.0,0,0.7,2.7,,,71.0,235.0,25.2851875,2.0,"Augustana, S.D.",2016.0,2016.0,,,,0.040816326
2018,5,00-0032918,C.Ham,FB,MIN,PHI,0,0,0.0,0,0.0,0.0,0.0,0,0.0,0,1,1,7.0,0,0.7,1.7,,,71.0,235.0,25.2851875,2.0,"Augustana, S.D.",2016.0,2016.0,,,,0.027027028
2018,6,00-0032918,C.Ham,FB,MIN,ARI,0,0,0.0,0,0.0,0.0,0.0,1,1.0,0,1,0,0.0,0,0.1,0.1,,,71.0,235.0,25.2851875,2.0,"Augustana, S.D.",2016.0,2016.0,,,10.0,0.032258064
2018,8,00-0032918,C.Ham,FB,MIN,NO,0,0,0.0,0,0.0,0.0,0.0,2,1.0,0,0,0,0.0,0,0.1,0.1,,,71.0,235.0,25.2851875,2.0,"Augustana, S.D.",2016.0,2016.0,,,-10.0,
2018,12,00-0032918,C.Ham,FB,MIN,GB,0,0,0.0,0,0.0,0.0,0.0,1,0.0,0,1,1,13.0,0,1.3,2.3,,,71.0,235.0,25.2851875,2.0,"Augustana, S.D.",2016.0,2016.0,,,7.0,0.027027028
2018,13,00-0032918,C.Ham,FB,MIN,NE,0,0,0.0,0,0.0,0.0,0.0,0,0.0,0,2,2,11.0,0,1.1,3.1,,,71.0,235.0,25.2851875,2.0,"Augustana, S.D.",2016.0,2016.0,,,,0.045454547
2018,16,00-0032918,C.Ham,FB,MIN,DET,0,0,0.0,0,0.0,0.0,0.0,1,1.0,0,0,0,0.0,0,0.1,0.1,,,71.0,235.0,25.2851875,2.0,"Augustana, S.D.",2016.0,2016.0,,,,
2018,12,00-0032935,J.Holton,WR,LV,BAL,0,0,0.0,0,0.0,0.0,0.0,0,0.0,0,1,0,0.0,0,0.0,0.0,,,73.0,190.0,27.2055,2.0,Cincinnati,2016.0,2016.0,,,,0.030303031
2018,8,00-0032940,D.Washington,RB,LV,IND,0,0,0.0,0,0.0,0.0,0.0,1,4.0,0,0,0,0.0,0,0.4,0.4,,,68.0,204.0,25.699625,2.0,Texas Tech,2016.0,2016.0,OAK,143.0,,
2018,9,00-0032940,D.Washington,RB,LV,SF,0,0,0.0,0,0.0,0.0,0.0,5,27.0,0,0,0,0.0,0,2.7,2.7,,,68.0,204.0,25.699625,2.0,Texas Tech,2016.0,2016.0,OAK,143.0,,
2018,11,00-0032940,D.Washington,RB,LV,ARI,0,0,0.0,0,0.0,0.0,0.0,12,39.0,0,0,0,0.0,0,3.9,3.9,,,68.0,204.0,25.699625,2.0,Texas Tech,2016.0,2016.0,OAK,143.0,,
2018,12,00-0032940,D.Washington,RB,LV,BAL,0,0,0.0,0,0.0,0.0,0.0,3,8.0,0,1,1,9.0,0,1.7,2.7,,,68.0,204.0,25.699625,2.0,Texas Tech,2016.0,2016.0,OAK,143.0,,0.030303031
2018,13,00-0032940,D.Washington,RB,LV,KC,0,0,0.0,0,0.0,0.0,0.0,3,7.0,0,0,0,0.0,0,-1.3,-1.3,,,68.0,204.0,25.699625,2.0,Texas Tech,2016.0,2016.0,OAK,143.0,,
2018,15,00-0032940,D.Washington,RB,LV,CIN,0,0,0.0,0,0.0,0.0,0.0,1,1.0,0,0,0,0.0,0,0.1,0.1,,,68.0,204.0,25.699625,2.0,Texas Tech,2016.0,2016.0,OAK,143.0,,
2018,16,00-0032940,D.Washington,RB,LV,DEN,0,0,0.0,0,0.0,0.0,0.0,1,-1.0,0,0,0,0.0,0,-0.1,-0.1,,,68.0,204.0,25.699625,2.0,Texas Tech,2016.0,2016.0,OAK,143.0,,
2018,17,00-0032940,D.Washington,RB,LV,KC,0,0,0.0,0,0.0,0.0,0.0,4,30.0,0,0,0,0.0,0,3.0,3.0,,,68.0,204.0,25.699625,2.0,Texas Tech,2016.0,2016.0,OAK,143.0,,
2018,15,00-0032943,R.Dixon,P,NYG,TEN,0,0,0.0,0,0.0,0.0,0.0,1,14.0,0,0,0,0.0,0,1.4,1.4,,,77.0,221.0,25.19625,2.0,Syracuse,2016.0,2016.0,DEN,228.0,-17.0,
2018,3,00-0032950,C.Wentz,QB,PHI,IND,25,37,255.0,1,1.0,5.0,28.0,3,10.0,0,0,0,0.0,0,11.2,11.2,,,77.0,237.0,25.864777777777775,2.0,North Dakota State,2016.0,2016.0,PHI,2.0,4.0,
2018,4,00-0032950,C.Wentz,QB,PHI,TEN,33,50,348.0,2,0.0,4.0,33.0,2,8.0,0,0,0,0.0,0,20.72,20.72,,,77.0,237.0,25.864777777777775,2.0,North Dakota State,2016.0,2016.0,PHI,2.0,,
2018,5,00-0032950,C.Wentz,QB,PHI,MIN,24,35,311.0,2,0.0,3.0,28.0,5,26.0,0,0,0,0.0,0,21.04,21.04,,,77.0,237.0,25.864777777777775,2.0,North Dakota State,2016.0,2016.0,PHI,2.0,-2.0,
2018,6,00-0032950,C.Wentz,QB,PHI,NYG,26,36,278.0,3,0.0,1.0,7.0,2,14.0,0,0,0,0.0,0,24.52,24.52,,,77.0,237.0,25.864777777777775,2.0,North Dakota State,2016.0,2016.0,PHI,2.0,,
2018,7,00-0032950,C.Wentz,QB,PHI,CAR,30,37,310.0,2,0.0,4.0,26.0,3,3.0,0,0,0,0.0,0,18.7,18.7,,,77.0,237.0,25.864777777777775,2.0,North Dakota State,2016.0,2016.0,PHI,2.0,-4.0,
2018,8,00-0032950,C.Wentz,QB,PHI,JAX,21,30,286.0,3,1.0,4.0,24.0,6,28.0,0,1,1,4.0,0,22.64,23.64,,,77.0,237.0,25.864777777777775,2.0,North Dakota State,2016.0,2016.0,PHI,2.0,,0.033333335
2018,10,00-0032950,C.Wentz,QB,PHI,DAL,32,44,360.0,2,1.0,2.0,10.0,2,7.0,0,0,0,0.0,0,21.1,21.1,,,77.0,237.0,25.864777777777775,2.0,North Dakota State,2016.0,2016.0,PHI,2.0,-7.0,
2018,11,00-0032950,C.Wentz,QB,PHI,NO,19,33,156.0,0,3.0,3.0,18.0,1,6.0,0,0,0,0.0,0,0.84,0.84,,,77.0,237.0,25.864777777777775,2.0,North Dakota State,2016.0,2016.0,PHI,2.0,,
2018,12,00-0032950,C.Wentz,QB,PHI,NYG,20,28,236.0,1,0.0,3.0,22.0,2,-2.0,0,0,0,0.0,0,13.24,13.24,,,77.0,237.0,25.864777777777775,2.0,North Dakota State,2016.0,2016.0,PHI,2.0,3.0,
2018,13,00-0032950,C.Wentz,QB,PHI,WAS,27,39,306.0,2,1.0,0.0,-0.0,4,-4.0,0,0,0,0.0,0,19.84,19.84,,,77.0,237.0,25.864777777777775,2.0,North Dakota State,2016.0,2016.0,PHI,2.0,15.0,
2018,14,00-0032950,C.Wentz,QB,PHI,DAL,22,32,228.0,3,0.0,2.0,6.0,4,-3.0,0,0,0,0.0,0,18.82,18.82,,,77.0,237.0,25.864777777777775,2.0,North Dakota State,2016.0,2016.0,PHI,2.0,,
2018,1,00-0032951,L.Treadwell,WR,MIN,SF,0,0,0.0,0,0.0,0.0,0.0,0,0.0,0,4,2,18.0,0,1.8,3.8,,,74.0,215.0,23.39075,2.0,Mississippi,2016.0,2016.0,MIN,23.0,8.0,0.114285715
2018,2,00-0032951,L.Treadwell,WR,MIN,GB,0,0,0.0,0,0.0,0.0,0.0,0,0.0,0,6,2,23.0,1,8.3,10.3,,,74.0,215.0,23.39075,2.0,Mississippi,2016.0,2016.0,MIN,23.0,,0.125
2018,3,00-0032951,L.Treadwell,WR,MIN,BUF,0,0,0.0,0,0.0,0.0,0.0,0,0.0,0,4,4,33.0,0,3.3,7.3,,,74.0,215.0,23.39075,2.0,Mississippi,2016.0,2016.0,MIN,23.0,-21.0,0.07272727
2018,4,00-0032951,L.Treadwell,WR,MIN,LA,0,0,0.0,0,0.0,0.0,0.0,0,0.0,0,7,4,47.0,0,4.7,8.7,,,74.0,215.0,23.39075,2.0,Mississippi,2016.0,2016.0,MIN,23.0,,0.14285715
2018,5,00-0032951,L.Treadwell,WR,MIN,PHI,0,0,0.0,0,0.0,0.0,0.0,0,0.0,0,4,3,21.0,0,2.1,5.1,,,74.0,215.0,23.39075,2.0,Mississippi,2016.0,2016.0,MIN,23.0,,0.10810811
2018,6,00-0032951,L.Treadwell,WR,MIN,ARI,0,0,0.0,0,0.0,0.0,0.0,0,0.0,0,4,4,38.0,0,3.8,7.8,,,74.0,215.0,23.39075,2.0,Mississippi,2016.0,2016.0,MIN,23.0,10.0,0.12903225
2018,7,00-0032951,L.Treadwell,WR,MIN,NYJ,0,0,0.0,0,0.0,0.0,0.0,0,0.0,0,3,3,11.0,0,1.1,4.1,,,74.0,215.0,23.39075,2.0,Mississippi,2016.0,2016.0,MIN,23.0,,0.07692308
2018,8,00-0032951,L.Treadwell,WR,MIN,NO,0,0,0.0,0,0.0,0.0,0.0,0,0.0,0,5,3,25.0,0,2.5,5.5,,,74.0,215.0,23.39075,2.0,Mississippi,2016.0,2016.0,MIN,23.0,-10.0,0.125
2018,9,00-0032951,L.Treadwell,WR,MIN,DET,0,0,0.0,0,0.0,0.0,0.0,0,0.0,0,2,2,37.0,0,3.7,5.7,,,74.0,215.0,23.39075,2.0,Mississippi,2016.0,2016.0,MIN,23.0,15.0,0.09090909
2018,11,00-0032951,L.Treadwell,WR,MIN,CHI,0,0,0.0,0,0.0,0.0,0.0,0,0.0,0,3,1,7.0,0,0.7,1.7,,,74.0,215.0,23.39075,2.0,Mississippi,2016.0,2016.0,MIN,23.0,,0.06666667
2018,12,00-0032951,L.Treadwell,WR,MIN,GB,0,0,0.0,0,0.0,0.0,0.0,0,0.0,0,3,1,6.0,0,0.6,1.6,,,74.0,215.0,23.39075,2.0,Mississippi,2016.0,2016.0,MIN,23.0,7.0,0.08108108
2018,13,00-0032951,L.Treadwell,WR,MIN,NE,0,0,0.0,0,0.0,0.0,0.0,0,0.0,0,2,2,13.0,0,1.3,3.3,,,74.0,215.0,23.39075,2.0,Mississippi,2016.0,2016.0,MIN,23.0,,0.045454547
2018,14,00-0032951,L.Treadwell,WR,MIN,SEA,0,0,0.0,0,0.0,0.0,0.0,0,0.0,0,3,3,16.0,0,1.6,4.6,,,74.0,215.0,23.39075,2.0,Mississippi,2016.0,2016.0,MIN,23.0,,0.09677419
2018,15,00-0032951,L.Treadwell,WR,MIN,MIA,0,0,0.0,0,0.0,0.0,0.0,0,0.0,0,1,0,0.0,0,0.0,0.0,,,74.0,215.0,23.39075,2.0,Mississippi,2016.0,2016.0,MIN,23.0,24.0,0.05
2018,17,00-0032951,L.Treadwell,WR,MIN,CHI,0,0,0.0,0,0.0,0.0,0.0,0,0.0,0,2,1,7.0,0,0.7,1.7,,,74.0,215.0,23.39075,2.0,Mississippi,2016.0,2016.0,MIN,23.0,-14.0,0.06451613
2018,2,00-0032956,A.Janovich,FB,DEN,LV,0,0,0.0,0,0.0,0.0,0.0,0,0.0,0,1,1,11.0,0,1.1,2.1,,,73.0,238.0,25.4495625,2.0,Nebraska,2016.0,2016.0,DEN,176.0,1.0,0.029411765
2018,3,00-0032956,A.Janovich,FB,DEN,BAL,0,0,0.0,0,0.0,0.0,0.0,1,2.0,0,0,0,0.0,0,0.2,0.2,,,73.0,238.0,25.4495625,2.0,Nebraska,2016.0,2016.0,DEN,176.0,,
2018,4,00-0032956,A.Janovich,FB,DEN,KC,0,0,0.0,0,0.0,0.0,0.0,0,0.0,0,1,1,32.0,0,3.2,4.2,,,73.0,238.0,25.4495625,2.0,Nebraska,2016.0,2016.0,DEN,176.0,-4.0,0.030303031
2018,9,00-0032956,A.Janovich,FB,DEN,HOU,0,0,0.0,0,0.0,0.0,0.0,0,0.0,0,1,1,9.0,0,0.9,1.9,,,73.0,238.0,25.4495625,2.0,Nebraska,2016.0,2016.0,DEN,176.0,-2.0,0.02631579
2018,11,00-0032956,A.Janovich,FB,DEN,LAC,0,0,0.0,0,0.0,0.0,0.0,0,0.0,0,2,1,12.0,0,1.2,2.2,,,73.0,238.0,25.4495625,2.0,Nebraska,2016.0,2016.0,DEN,176.0,,0.06451613
2018,13,00-0032956,A.Janovich,FB,DEN,CIN,0,0,0.0,0,0.0,0.0,0.0,0,0.0,0,2,1,7.0,0,0.7,1.7,,,73.0,238.0,25.4495625,2.0,Nebraska,2016.0,2016.0,DEN,176.0,,0.10526316
2018,14,00-0032956,A.Janovich,FB,DEN,SF,0,0,0.0,0,0.0,0.0,0.0,1,3.0,0,0,0,0.0,0,0.3,0.3,,,73.0,238.0,25.4495625,2.0,Nebraska,2016.0,2016.0,DEN,176.0,,
2018,16,00-0032956,A.Janovich,FB,DEN,LV,0,0,0.0,0,0.0,0.0,0.0,0,0.0,0,1,1,11.0,0,1.1,2.1,,,73.0,238.0,25.4495625,2.0,Nebraska,2016.0,2016.0,DEN,176.0,,0.027777778
2018,17,00-0032956,A.Janovich,FB,DEN,LAC,0,0,0.0,0,0.0,0.0,0.0,0,0.0,0,2,2,30.0,1,9.0,11.0,,,73.0,238.0,25.4495625,2.0,Nebraska,2016.0,2016.0,DEN,176.0,-14.0,0.04255319
2018,7,00-0032959,C.Peake,WR,NYJ,MIN,0,0,0.0,0,0.0,0.0,0.0,0,0.0,0,1,0,0.0,0,0.0,0.0,,,74.0,209.0,26.047625,2.0,Clemson,2016.0,2016.0,NYJ,241.0,-20.0,0.023809524
2018,8,00-0032959,C.Peake,WR,NYJ,CHI,0,0,0.0,0,0.0,0.0,0.0,0,0.0,0,1,1,14.0,0,1.4,2.4,,,74.0,209.0,26.047625,2.0,Clemson,2016.0,2016.0,NYJ,241.0,,0.04
2018,10,00-0032959,C.Peake,WR,NYJ,BUF,0,0,0.0,0,0.0,0.0,0.0,0,0.0,0,1,1,11.0,0,1.1,2.1,,,74.0,209.0,26.047625,2.0,Clemson,2016.0,2016.0,NYJ,241.0,-31.0,0.030303031
2018,11,00-0032964,B.Marshall,RB,WAS,HOU,0,0,0.0,0,0.0,0.0,0.0,2,5.0,0,1,0,0.0,0,0.5,0.5,,,69.0,201.0,24.7284375,2.0,Oregon,2016.0,2016.0,,,-2.0,0.027777778
2018,14,00-0032964,B.Marshall,RB,WAS,NYG,0,0,0.0,0,0.0,0.0,0.0,1,4.0,0,3,3,13.0,0,1.7,4.7,,,69.0,201.0,24.7284375,2.0,Oregon,2016.0,2016.0,,,-24.0,0.10344828
2018,15,00-0032964,B.Marshall,RB,WAS,JAX,0,0,0.0,0,0.0,0.0,0.0,0,0.0,0,1,1,17.0,0,1.7,2.7,,,69.0,201.0,24.7284375,2.0,Oregon,2016.0,2016.0,,,,0.04347826
2018,16,00-0032964,B.Marshall,RB,WAS,TEN,0,0,0.0,0,0.0,0.0,0.0,0,0.0,0,1,0,0.0,0,0.0,0.0,,,69.0,201.0,24.7284375,2.0,Oregon,2016.0,2016.0,,,,0.04347826
2018,10,00-0032966,C.Coleman,WR,NYG,SF,0,0,0.0,0,0.0,0.0,0.0,0,0.0,0,1,1,11.0,0,1.1,2.1,,,71.0,185.0,24.3310625,2.0,Baylor,2016.0,2016.0,CLE,15.0,,0.032258064
2018,11,00-0032966,C.Coleman,WR,NYG,TB,0,0,0.0,0,0.0,0.0,0.0,0,0.0,0,1,1,9.0,0,0.9,1.9,,,71.0,185.0,24.3310625,2.0,Baylor,2016.0,2016.0,CLE,15.0,3.0,0.055555556
2018,12,00-0032966,C.Coleman,WR,NYG,PHI,0,0,0.0,0,0.0,0.0,0.0,0,0.0,0,1,0,0.0,0,0.0,0.0,,,71.0,185.0,24.3310625,2.0,Baylor,2016.0,2016.0,CLE,15.0,,0.027027028
2018,14,00-0032966,C.Coleman,WR,NYG,WAS,0,0,0.0,0,0.0,0.0,0.0,0,0.0,0,2,2,43.0,0,4.3,6.3,,,71.0,185.0,24.3310625,2.0,Baylor,2016.0,2016.0,CLE,15.0,,0.07692308
2018,15,00-0032966,C.Coleman,WR,NYG,TEN,0,0,0.0,0,0.0,0.0,0.0,0,0.0,0,2,1,8.0,0,0.8,1.8,,,71.0,185.0,24.3310625,2.0,Baylor,2016.0,2016.0,CLE,15.0,-17.0,0.045454547
2018,16,00-0032966,C.Coleman,WR,NYG,IND,0,0,0.0,0,0.0,0.0,0.0,1,5.0,0,1,0,0.0,0,0.5,0.5,,,71.0,185.0,24.3310625,2.0,Baylor,2016.0,2016.0,CLE,15.0,,0.032258064
2018,1,00-0032972,D.Booker,RB,DEN,SEA,0,0,0.0,0,0.0,0.0,0.0,2,4.0,0,2,2,11.0,0,1.5,3.5,,,71.0,219.0,26.4378125,2.0,Utah,2016.0,2016.0,DEN,136.0,3.0,0.051282052
2018,2,00-0032972,D.Booker,RB,DEN,LV,0,0,0.0,0,0.0,0.0,0.0,3,17.0,0,0,0,0.0,0,1.7,1.7,,,71.0,219.0,26.4378125,2.0,Utah,2016.0,2016.0,DEN,136.0,1.0,
2018,3,00-0032972,D.Booker,RB,DEN,BAL,0,0,0.0,0,0.0,0.0,0.0,5,10.0,0,7,5,34.0,0,4.4,9.4,,,71.0,219.0,26.4378125,2.0,Utah,2016.0,2016.0,DEN,136.0,,0.20588236
2018,4,00-0032972,D.Booker,RB,DEN,KC,0,0,0.0,0,0.0,0.0,0.0,1,5.0,0,2,1,9.0,0,1.4,2.4,,,71.0,219.0,26.4378125,2.0,Utah,2016.0,2016.0,DEN,136.0,-4.0,0.060606062
2018,5,00-0032972,D.Booker,RB,DEN,NYJ,0,0,0.0,0,0.0,0.0,0.0,0,0.0,0,6,5,59.0,0,5.9,10.9,,,71.0,219.0,26.4378125,2.0,Utah,2016.0,2016.0,DEN,136.0,,0.11764706
2018,6,00-0032972,D.Booker,RB,DEN,LA,0,0,0.0,0,0.0,0.0,0.0,2,15.0,0,3,2,14.0,0,2.9,4.9,,,71.0,219.0,26.4378125,2.0,Utah,2016.0,2016.0,DEN,136.0,-3.0,0.07692308
2018,7,00-0032972,D.Booker,RB,DEN,ARI,0,0,0.0,0,0.0,0.0,0.0,0,0.0,0,1,1,-1.0,0,-0.1,0.9,,,71.0,219.0,26.4378125,2.0,Utah,2016.0,2016.0,DEN,136.0,,0.05263158
2018,8,00-0032972,D.Booker,RB,DEN,KC,0,0,0.0,0,0.0,0.0,0.0,9,78.0,0,4,4,23.0,0,10.1,14.1,,,71.0,219.0,26.4378125,2.0,Utah,2016.0,2016.0,DEN,136.0,,0.121212125
2018,9,00-0032972,D.Booker,RB,DEN,HOU,0,0,0.0,0,0.0,0.0,0.0,3,15.0,1,4,2,9.0,0,6.4,8.4,,,71.0,219.0,26.4378125,2.0,Utah,2016.0,2016.0,DEN,136.0,-2.0,0.10526316
2018,11,00-0032972,D.Booker,RB,DEN,LAC,0,0,0.0,0,0.0,0.0,0.0,0,0.0,0,1,1,4.0,0,0.4,1.4,,,71.0,219.0,26.4378125,2.0,Utah,2016.0,2016.0,DEN,136.0,,0.032258064
2018,12,00-0032972,D.Booker,RB,DEN,PIT,0,0,0.0,0,0.0,0.0,0.0,0,0.0,0,2,1,6.0,0,0.6,1.6,,,71.0,219.0,26.4378125,2.0,Utah,2016.0,2016.0,DEN,136.0,7.0,0.071428575
2018,13,00-0032972,D.Booker,RB,DEN,CIN,0,0,0.0,0,0.0,0.0,0.0,1,4.0,0,2,2,38.0,0,4.2,6.2,,,71.0,219.0,26.4378125,2.0,Utah,2016.0,2016.0,DEN,136.0,,0.10526316
2018,14,00-0032972,D.Booker,RB,DEN,SF,0,0,0.0,0,0.0,0.0,0.0,0,0.0,0,2,2,11.0,0,1.1,3.1,,,71.0,219.0,26.4378125,2.0,Utah,2016.0,2016.0,DEN,136.0,,0.05263158
2018,15,00-0032972,D.Booker,RB,DEN,CLE,0,0,0.0,0,0.0,0.0,0.0,0,0.0,0,3,2,17.0,0,1.7,3.7,,,71.0,219.0,26.4378125,2.0,Utah,2016.0,2016.0,DEN,136.0,-1.0,0.06666667
2018,16,00-0032972,D.Booker,RB,DEN,LV,0,0,0.0,0,0.0,0.0,0.0,3,21.0,0,5,3,21.0,0,4.2,7.2,,,71.0,219.0,26.4378125,2.0,Utah,2016.0,2016.0,DEN,136.0,,0.1388889
2018,17,00-0032972,D.Booker,RB,DEN,LAC,0,0,0.0,0,0.0,0.0,0.0,5,14.0,0,7,5,20.0,0,3.4,8.4,,,71.0,219.0,26.4378125,2.0,Utah,2016.0,2016.0,DEN,136.0,-14.0,0.14893617
2018,1,00-0032975,J.Williams,RB,NO,TB,0,0,0.0,0,0.0,0.0,0.0,1,0.0,0,0,0,0.0,0,0.0,0.0,,,72.0,223.0,24.772444444444446,2.0,Arkansas,2016.0,2016.0,BUF,156.0,-8.0,
2018,2,00-0032975,J.Williams,RB,NO,CLE,0,0,0.0,0,0.0,0.0,0.0,1,-1.0,0,0,0,0.0,0,-0.1,-0.1,,,72.0,223.0,24.772444444444446,2.0,Arkansas,2016.0,2016.0,BUF,156.0,3.0,
2018,3,00-0032975,J.Williams,RB,NO,ATL,0,0,0.0,0,0.0,0.0,0.0,1,1.0,0,1,1,1.0,0,0.2,1.2,,,72.0,223.0,24.772444444444446,2.0,Arkansas,2016.0,2016.0,BUF,156.0,,0.020408163
2018,1,00-0032977,R.Higgins,WR,CLE,PIT,0,0,0.0,0,0.0,0.0,0.0,0,0.0,0,3,1,38.0,0,3.8,4.8,,,73.0,198.0,24.0735,2.0,Colorado State,2016.0,2016.0,CLE,172.0,0.0,0.078947365
2018,2,00-0032977,R.Higgins,WR,CLE,NO,0,0,0.0,0,0.0,0.0,0.0,0,0.0,0,7,5,47.0,0,4.7,9.7,,,73.0,198.0,24.0735,2.0,Colorado State,2016.0,2016.0,CLE,172.0,,0.23333333
2018,3,00-0032977,R.Higgins,WR,CLE,NYJ,0,0,0.0,0,0.0,0.0,0.0,0,0.0,0,3,3,32.0,0,3.2,6.2,,,73.0,198.0,24.0735,2.0,Colorado State,2016.0,2016.0,CLE,172.0,4.0,0.08571429
2018,4,00-0032977,R.Higgins,WR,CLE,LV,0,0,0.0,0,0.0,0.0,0.0,0,0.0,0,5,4,61.0,0,6.1,10.1,,,73.0,198.0,24.0735,2.0,Colorado State,2016.0,2016.0,CLE,172.0,,0.12195122
2018,5,00-0032977,R.Higgins,WR,CLE,BAL,0,0,0.0,0,0.0,0.0,0.0,0,0.0,0,4,3,66.0,1,12.6,15.6,,,73.0,198.0,24.0735,2.0,Colorado State,2016.0,2016.0,CLE,172.0,3.0,0.0952381
2018,9,00-0032977,R.Higgins,WR,CLE,KC,0,0,0.0,0,0.0,0.0,0.0,0,0.0,0,4,3,19.0,0,1.9,4.9,,,73.0,198.0,24.0735,2.0,Colorado State,2016.0,2016.0,CLE,172.0,-16.0,0.093023255
2018,10,00-0032977,R.Higgins,WR,CLE,ATL,0,0,0.0,0,0.0,0.0,0.0,0,0.0,0,1,1,28.0,1,8.8,9.8,,,73.0,198.0,24.0735,2.0,Colorado State,2016.0,2016.0,CLE,172.0,12.0,0.04761905
2018,12,00-0032977,R.Higgins,WR,CLE,CIN,0,0,0.0,0,0.0,0.0,0.0,0,0.0,0,3,1,24.0,0,2.4,3.4,,,73.0,198.0,24.0735,2.0,Colorado State,2016.0,2016.0,CLE,172.0,,0.12
2018,13,00-0032977,R.Higgins,WR,CLE,HOU,0,0,0.0,0,0.0,0.0,0.0,0,0.0,0,4,4,62.0,1,12.2,16.2,,,73.0,198.0,24.0735,2.0,Colorado State,2016.0,2016.0,CLE,172.0,,0.1
2018,14,00-0032977,R.Higgins,WR,CLE,CAR,0,0,0.0,0,0.0,0.0,0.0,0,0.0,0,3,2,19.0,0,-0.1,1.9,,,73.0,198.0,24.0735,2.0,Colorado State,2016.0,2016.0,CLE,172.0,6.0,0.13043478
2018,15,00-0032977,R.Higgins,WR,CLE,DEN,0,0,0.0,0,0.0,0.0,0.0,0,0.0,0,3,2,30.0,0,3.0,5.0,,,73.0,198.0,24.0735,2.0,Colorado State,2016.0,2016.0,CLE,172.0,,0.09677419
2018,16,00-0032977,R.Higgins,WR,CLE,CIN,0,0,0.0,0,0.0,0.0,0.0,0,0.0,0,7,6,60.0,1,12.0,18.0,,,73.0,198.0,24.0735,2.0,Colorado State,2016.0,2016.0,CLE,172.0,8.0,0.18421052
2018,17,00-0032977,R.Higgins,WR,CLE,BAL,0,0,0.0,0,0.0,0.0,0.0,0,0.0,0,6,4,86.0,0,8.6,12.6,,,73.0,198.0,24.0735,2.0,Colorado State,2016.0,2016.0,CLE,172.0,,0.14634146
2018,3,00-0032980,M.Johnson,WR,IND,PHI,0,0,0.0,0,0.0,0.0,0.0,1,-2.0,0,0,0,0.0,0,-0.2,-0.2,,,73.0,204.0,24.268555555555555,2.0,Texas,2016.0,2016.0,,,,
2018,4,00-0032980,M.Johnson,WR,IND,HOU,0,0,0.0,0,0.0,0.0,0.0,0,0.0,0,3,2,24.0,0,2.4,4.4,,,73.0,204.0,24.268555555555555,2.0,Texas,2016.0,2016.0,,,-3.0,0.04918033
2018,5,00-0032980,M.Johnson,WR,IND,NE,0,0,0.0,0,0.0,0.0,0.0,0,0.0,0,2,2,26.0,0,2.6,4.6,,,73.0,204.0,24.268555555555555,2.0,Texas,2016.0,2016.0,,,,0.033898305
2018,6,00-0032980,M.Johnson,WR,IND,NYJ,0,0,0.0,0,0.0,0.0,0.0,0,0.0,0,3,2,52.0,1,11.2,13.2,,,73.0,204.0,24.268555555555555,2.0,Texas,2016.0,2016.0,,,,0.071428575
2018,1,00-0033009,T.Boyd,WR,CIN,IND,0,0,0.0,0,0.0,0.0,0.0,0,0.0,0,5,3,26.0,0,2.6,5.6,,,74.0,197.0,23.9694375,2.0,Pittsburgh,2016.0,2016.0,CIN,55.0,,0.17857143
2018,2,00-0033009,T.Boyd,WR,CIN,BAL,0,0,0.0,0,0.0,0.0,0.0,0,0.0,0,9,6,91.0,1,15.1,21.1,,,74.0,197.0,23.9694375,2.0,Pittsburgh,2016.0,2016.0,CIN,55.0,11.0,0.2195122
2018,3,00-0033009,T.Boyd,WR,CIN,CAR,0,0,0.0,0,0.0,0.0,0.0,1,5.0,0,7,6,132.0,1,19.7,25.7,,,74.0,197.0,23.9694375,2.0,Pittsburgh,2016.0,2016.0,CIN,55.0,,0.15555556
2018,4,00-0033009,T.Boyd,WR,CIN,ATL,0,0,0.0,0,0.0,0.0,0.0,0,0.0,0,15,11,100.0,0,10.0,21.0,,,74.0,197.0,23.9694375,2.0,Pittsburgh,2016.0,2016.0,CIN,55.0,,0.36585367
2018,5,00-0033009,T.Boyd,WR,CIN,MIA,0,0,0.0,0,0.0,0.0,0.0,0,0.0,0,7,4,44.0,0,4.4,8.4,,,74.0,197.0,23.9694375,2.0,Pittsburgh,2016.0,2016.0,CIN,55.0,10.0,0.23333333
2018,6,00-0033009,T.Boyd,WR,CIN,PIT,0,0,0.0,0,0.0,0.0,0.0,0,0.0,0,9,7,62.0,2,18.2,25.2,,,74.0,197.0,23.9694375,2.0,Pittsburgh,2016.0,2016.0,CIN,55.0,-7.0,0.2195122
2018,7,00-0033009,T.Boyd,WR,CIN,KC,0,0,0.0,0,0.0,0.0,0.0,0,0.0,0,4,3,27.0,0,2.7,5.7,,,74.0,197.0,23.9694375,2.0,Pittsburgh,2016.0,2016.0,CIN,55.0,,0.125
2018,8,00-0033009,T.Boyd,WR,CIN,TB,0,0,0.0,0,0.0,0.0,0.0,1,-2.0,0,10,9,138.0,1,19.6,28.6,,,74.0,197.0,23.9694375,2.0,Pittsburgh,2016.0,2016.0,CIN,55.0,3.0,0.3125
2018,10,00-0033009,T.Boyd,WR,CIN,NO,0,0,0.0,0,0.0,0.0,0.0,0,0.0,0,4,3,65.0,0,6.5,9.5,,,74.0,197.0,23.9694375,2.0,Pittsburgh,2016.0,2016.0,CIN,55.0,-37.0,0.18181819
2018,11,00-0033009,T.Boyd,WR,CIN,BAL,0,1,0.0,0,0.0,0.0,-0.0,0,0.0,0,11,4,71.0,0,7.1,11.1,,,74.0,197.0,23.9694375,2.0,Pittsburgh,2016.0,2016.0,CIN,55.0,,0.30555555
2018,12,00-0033009,T.Boyd,WR,CIN,CLE,0,0,0.0,0,0.0,0.0,0.0,0,0.0,0,8,7,85.0,1,14.5,21.5,,,74.0,197.0,23.9694375,2.0,Pittsburgh,2016.0,2016.0,CIN,55.0,-15.0,0.17777778
2018,13,00-0033009,T.Boyd,WR,CIN,DEN,0,0,0.0,0,0.0,0.0,0.0,0,0.0,0,8,6,97.0,0,9.7,15.7,,,74.0,197.0,23.9694375,2.0,Pittsburgh,2016.0,2016.0,CIN,55.0,-14.0,0.22222222
2018,14,00-0033009,T.Boyd,WR,CIN,LAC,0,0,0.0,0,0.0,0.0,0.0,0,0.0,0,6,3,52.0,0,5.2,8.2,,,74.0,197.0,23.9694375,2.0,Pittsburgh,2016.0,2016.0,CIN,55.0,,0.24
2018,15,00-0033009,T.Boyd,WR,CIN,LV,0,0,0.0,0,0.0,0.0,0.0,0,0.0,0,5,4,38.0,1,9.8,13.8,,,74.0,197.0,23.9694375,2.0,Pittsburgh,2016.0,2016.0,CIN,55.0,14.0,0.15151516
2018,1,00-0033025,J.Richard,RB,LV,LA,0,0,0.0,0,0.0,0.0,0.0,5,24.0,0,11,9,55.0,0,7.9,16.9,,,68.0,207.0,25.05625,2.0,Southern Mississippi,2016.0,2016.0,,,,0.28947368
2018,2,00-0033025,J.Richard,RB,LV,DEN,0,0,0.0,0,0.0,0.0,0.0,2,3.0,0,0,0,0.0,0,0.3,0.3,,,68.0,207.0,25.05625,2.0,Southern Mississippi,2016.0,2016.0,,,,
2018,3,00-0033025,J.Richard,RB,LV,MIA,0,0,0.0,0,0.0,0.0,0.0,0,0.0,0,7,6,59.0,0,5.9,11.9,,,68.0,207.0,25.05625,2.0,Southern Mississippi,2016.0,2016.0,,,,0.18421052
2018,4,00-0033025,J.Richard,RB,LV,CLE,0,0,0.0,0,0.0,0.0,0.0,1,-2.0,0,5,3,38.0,0,3.6,6.6,,,68.0,207.0,25.05625,2.0,Southern Mississippi,2016.0,2016.0,,,,0.08928572
2018,5,00-0033025,J.Richard,RB,LV,LAC,0,0,0.0,0,0.0,0.0,0.0,1,4.0,0,6,6,53.0,0,5.7,11.7,,,68.0,207.0,25.05625,2.0,Southern Mississippi,2016.0,2016.0,,,,0.19354838
2018,6,00-0033025,J.Richard,RB,LV,SEA,0,0,0.0,0,0.0,0.0,0.0,2,3.0,0,8,7,48.0,0,5.1,12.1,,,68.0,207.0,25.05625,2.0,Southern Mississippi,2016.0,2016.0,,,,0.26666668
2018,8,00-0033025,J.Richard,RB,LV,IND,0,0,0.0,0,0.0,0.0,0.0,2,14.0,0,8,8,50.0,0,6.4,14.4,,,68.0,207.0,25.05625,2.0,Southern Mississippi,2016.0,2016.0,,,,0.2857143
2018,9,00-0033025,J.Richard,RB,LV,SF,0,0,0.0,0,0.0,0.0,0.0,2,4.0,0,4,4,45.0,0,4.9,8.9,,,68.0,207.0,25.05625,2.0,Southern Mississippi,2016.0,2016.0,,,,0.1904762
2018,10,00-0033025,J.Richard,RB,LV,LAC,0,0,0.0,0,0.0,0.0,0.0,3,7.0,0,6,5,52.0,0,5.9,10.9,,,68.0,207.0,25.05625,2.0,Southern Mississippi,2016.0,2016.0,,,,0.17142858
2018,11,00-0033025,J.Richard,RB,LV,ARI,0,0,0.0,0,0.0,0.0,0.0,11,61.0,0,4,3,32.0,0,9.3,12.3,,,68.0,207.0,25.05625,2.0,Southern Mississippi,2016.0,2016.0,,,,0.14285715
2018,12,00-0033025,J.Richard,RB,LV,BAL,0,0,0.0,0,0.0,0.0,0.0,1,1.0,0,4,2,15.0,0,1.6,3.6,,,68.0,207.0,25.05625,2.0,Southern Mississippi,2016.0,2016.0,,,,0.121212125
2018,13,00-0033025,J.Richard,RB,LV,KC,0,0,0.0,0,0.0,0.0,0.0,6,95.0,0,4,3,31.0,0,10.6,13.6,,,68.0,207.0,25.05625,2.0,Southern Mississippi,2016.0,2016.0,,,,0.10810811
2018,14,00-0033025,J.Richard,RB,LV,PIT,0,0,0.0,0,0.0,0.0,0.0,8,24.0,0,1,1,5.0,0,2.9,3.9,,,68.0,207.0,25.05625,2.0,Southern Mississippi,2016.0,2016.0,,,,0.03125
2018,15,00-0033025,J.Richard,RB,LV,CIN,0,0,0.0,0,0.0,0.0,0.0,4,9.0,0,6,5,67.0,0,5.6,10.6,,,68.0,207.0,25.05625,2.0,Southern Mississippi,2016.0,2016.0,,,,0.18181819
2018,16,00-0033025,J.Richard,RB,LV,DEN,0,0,0.0,0,0.0,0.0,0.0,4,11.0,1,5,4,40.0,0,11.1,15.1,,,68.0,207.0,25.05625,2.0,Southern Mississippi,2016.0,2016.0,,,,0.1923077
2018,17,00-0033025,J.Richard,RB,LV,KC,0,0,0.0,0,0.0,0.0,0.0,3,1.0,0,2,2,17.0,0,1.8,3.8,,,68.0,207.0,25.05625,2.0,Southern Mississippi,2016.0,2016.0,,,,0.0625
2018,1,00-0033040,T.Hill,WR,KC,LAC,0,0,0.0,0,0.0,0.0,0.0,2,4.0,0,8,7,169.0,2,35.3,42.3,,,70.0,185.0,24.69788888888889,2.0,West Alabama,2016.0,2016.0,KC,165.0,,0.32
2018,2,00-0033040,T.Hill,WR,KC,PIT,0,0,0.0,0,0.0,0.0,0.0,0,0.0,0,6,5,90.0,1,15.0,20.0,,,70.0,185.0,24.69788888888889,2.0,West Alabama,2016.0,2016.0,KC,165.0,,0.21428572
2018,3,00-0033040,T.Hill,WR,KC,SF,0,0,0.0,0,0.0,0.0,0.0,2,5.0,0,5,2,51.0,0,5.6,7.6,,,70.0,185.0,24.69788888888889,2.0,West Alabama,2016.0,2016.0,KC,165.0,11.0,0.13157895
2018,4,00-0033040,T.Hill,WR,KC,DEN,0,0,0.0,0,0.0,0.0,0.0,1,2.0,0,13,9,54.0,0,5.6,14.6,,,70.0,185.0,24.69788888888889,2.0,West Alabama,2016.0,2016.0,KC,165.0,,0.29545453
2018,5,00-0033040,T.Hill,WR,KC,JAX,0,0,0.0,0,0.0,0.0,0.0,2,26.0,0,7,4,61.0,0,8.7,12.7,,,70.0,185.0,24.69788888888889,2.0,West Alabama,2016.0,2016.0,KC,165.0,16.0,0.19444445
2018,6,00-0033040,T.Hill,WR,KC,NE,0,0,0.0,0,0.0,0.0,0.0,1,0.0,0,12,7,142.0,3,32.2,39.2,,,70.0,185.0,24.69788888888889,2.0,West Alabama,2016.0,2016.0,KC,165.0,,0.33333334
2018,7,00-0033040,T.Hill,WR,KC,CIN,0,0,0.0,0,0.0,0.0,0.0,2,8.0,0,10,7,68.0,1,13.6,20.6,,,70.0,185.0,24.69788888888889,2.0,West Alabama,2016.0,2016.0,KC,165.0,35.0,0.2777778
2018,8,00-0033040,T.Hill,WR,KC,DEN,0,0,0.0,0,0.0,0.0,0.0,0,0.0,0,4,3,70.0,0,7.0,10.0,,,70.0,185.0,24.69788888888889,2.0,West Alabama,2016.0,2016.0,KC,165.0,7.0,0.12903225
2018,9,00-0033040,T.Hill,WR,KC,CLE,0,0,0.0,0,0.0,0.0,0.0,2,16.0,0,5,4,69.0,0,8.5,12.5,,,70.0,185.0,24.69788888888889,2.0,West Alabama,2016.0,2016.0,KC,165.0,,0.16129032
2018,10,00-0033040,T.Hill,WR,KC,ARI,0,0,0.0,0,0.0,0.0,0.0,1,20.0,0,10,7,117.0,2,25.7,32.7,,,70.0,185.0,24.69788888888889,2.0,West Alabama,2016.0,2016.0,KC,165.0,12.0,0.35714287
2018,11,00-0033040,T.Hill,WR,KC,LA,0,0,0.0,0,0.0,0.0,0.0,0,0.0,0,14,10,215.0,2,33.5,43.5,,,70.0,185.0,24.69788888888889,2.0,West Alabama,2016.0,2016.0,KC,165.0,,0.3043478
2018,13,00-0033040,T.Hill,WR,KC,LV,0,0,0.0,0,0.0,0.0,0.0,2,37.0,0,6,1,13.0,0,5.0,6.0,,,70.0,185.0,24.69788888888889,2.0,West Alabama,2016.0,2016.0,KC,165.0,,0.16216215
2018,14,00-0033040,T.Hill,WR,KC,BAL,0,0,0.0,0,0.0,0.0,0.0,1,6.0,0,14,8,139.0,0,14.5,22.5,,,70.0,185.0,24.69788888888889,2.0,West Alabama,2016.0,2016.0,KC,165.0,3.0,0.29166666
2018,15,00-0033040,T.Hill,WR,KC,LAC,0,0,0.0,0,0.0,0.0,0.0,3,-5.0,0,7,4,46.0,0,4.1,8.1,,,70.0,185.0,24.69788888888889,2.0,West Alabama,2016.0,2016.0,KC,165.0,-1.0,0.20588236
2018,16,00-0033040,T.Hill,WR,KC,SEA,0,0,0.0,0,0.0,0.0,0.0,2,17.0,0,9,4,74.0,0,9.1,13.1,,,70.0,185.0,24.69788888888889,2.0,West Alabama,2016.0,2016.0,KC,165.0,,0.23076923
2018,17,00-0033040,T.Hill,WR,KC,LV,0,0,0.0,0,0.0,0.0,0.0,1,15.0,1,7,5,101.0,1,23.6,28.6,,,70.0,185.0,24.69788888888889,2.0,West Alabama,2016.0,2016.0,KC,165.0,32.0,0.25925925
2018,19,00-0033040,T.Hill,WR,KC,IND,0,0,0.0,0,0.0,0.0,0.0,1,36.0,1,13,8,72.0,0,16.8,24.8,,,70.0,185.0,24.69788888888889,2.0,West Alabama,2016.0,2016.0,KC,165.0,18.0,0.31707317
2018,20,00-0033040,T.Hill,WR,KC,NE,0,0,0.0,0,0.0,0.0,0.0,0,0.0,0,3,1,42.0,0,4.2,5.2,,,70.0,185.0,24.69788888888889,2.0,West Alabama,2016.0,2016.0,KC,165.0,-6.0,0.10344828
2018,1,00-0033045,E.Elliott,RB,DAL,CAR,0,0,0.0,0,0.0,0.0,0.0,15,69.0,1,4,3,17.0,0,14.6,17.6,,,72.0,225.0,23.308277777777775,2.0,Ohio State,2016.0,2016.0,DAL,4.0,,0.13793103
2018,2,00-0033045,E.Elliott,RB,DAL,NYG,0,0,0.0,0,0.0,0.0,0.0,17,78.0,1,6,5,9.0,0,14.7,19.7,,,72.0,225.0,23.308277777777775,2.0,Ohio State,2016.0,2016.0,DAL,4.0,7.0,0.26086956
2018,3,00-0033045,E.Elliott,RB,DAL,SEA,0,0,0.0,0,0.0,0.0,0.0,16,127.0,0,8,3,11.0,0,11.8,14.8,,,72.0,225.0,23.308277777777775,2.0,Ohio State,2016.0,2016.0,DAL,4.0,,0.23529412
2018,4,00-0033045,E.Elliott,RB,DAL,DET,0,0,0.0,0,0.0,0.0,0.0,25,152.0,0,4,4,88.0,1,30.0,34.0,,,72.0,225.0,23.308277777777775,2.0,Ohio State,2016.0,2016.0,DAL,4.0,2.0,0.14814815
2018,5,00-0033045,E.Elliott,RB,DAL,HOU,0,0,0.0,0,0.0,0.0,0.0,20,54.0,0,7,7,30.0,0,8.4,15.4,,,72.0,225.0,23.308277777777775,2.0,Ohio State,2016.0,2016.0,DAL,4.0,,0.25
2018,6,00-0033045,E.Elliott,RB,DAL,JAX,0,0,0.0,0,0.0,0.0,0.0,24,106.0,1,1,1,11.0,0,17.7,18.7,,,72.0,225.0,23.308277777777775,2.0,Ohio State,2016.0,2016.0,DAL,4.0,33.0,0.03846154
2018,7,00-0033045,E.Elliott,RB,DAL,WAS,0,0,0.0,0,0.0,0.0,0.0,15,33.0,0,6,2,9.0,0,4.2,6.2,,,72.0,225.0,23.308277777777775,2.0,Ohio State,2016.0,2016.0,DAL,4.0,,0.17142858
2018,9,00-0033045,E.Elliott,RB,DAL,TEN,0,0,0.0,0,0.0,0.0,0.0,17,61.0,0,5,4,51.0,0,11.2,15.2,,,72.0,225.0,23.308277777777775,2.0,Ohio State,2016.0,2016.0,DAL,4.0,-14.0,0.16129032
2018,10,00-0033045,E.Elliott,RB,DAL,PHI,0,0,0.0,0,0.0,0.0,0.0,19,151.0,1,7,6,36.0,1,30.7,36.7,,,72.0,225.0,23.308277777777775,2.0,Ohio State,2016.0,2016.0,DAL,4.0,,0.20588236
2018,11,00-0033045,E.Elliott,RB,DAL,ATL,0,0,0.0,0,0.0,0.0,0.0,23,122.0,1,8,7,79.0,0,26.1,33.1,,,72.0,225.0,23.308277777777775,2.0,Ohio State,2016.0,2016.0,DAL,4.0,,0.25
2018,12,00-0033045,E.Elliott,RB,DAL,WAS,0,0,0.0,0,0.0,0.0,0.0,26,121.0,1,6,5,22.0,0,20.3,25.3,,,72.0,225.0,23.308277777777775,2.0,Ohio State,2016.0,2016.0,DAL,4.0,8.0,0.19354838
2018,13,00-0033045,E.Elliott,RB,DAL,NO,0,0,0.0,0,0.0,0.0,0.0,23,75.0,0,6,6,60.0,1,19.5,25.5,,,72.0,225.0,23.308277777777775,2.0,Ohio State,2016.0,2016.0,DAL,4.0,3.0,0.21428572
2018,14,00-0033045,E.Elliott,RB,DAL,PHI,0,0,0.0,0,0.0,0.0,0.0,28,113.0,0,13,12,79.0,0,19.2,31.2,,,72.0,225.0,23.308277777777775,2.0,Ohio State,2016.0,2016.0,DAL,4.0,6.0,0.24528302
2018,15,00-0033045,E.Elliott,RB,DAL,IND,0,0,0.0,0,0.0,0.0,0.0,18,87.0,0,8,7,41.0,0,12.8,19.8,,,72.0,225.0,23.308277777777775,2.0,Ohio State,2016.0,2016.0,DAL,4.0,,0.21052632
2018,16,00-0033045,E.Elliott,RB,DAL,TB,0,0,0.0,0,0.0,0.0,0.0,18,85.0,0,6,5,24.0,0,10.9,15.9,,,72.0,225.0,23.308277777777775,2.0,Ohio State,2016.0,2016.0,DAL,4.0,7.0,0.24
2018,18,00-0033045,E.Elliott,RB,DAL,SEA,0,0,0.0,0,0.0,0.0,0.0,26,137.0,1,5,4,32.0,0,22.9,26.9,,,72.0,225.0,23.308277777777775,2.0,Ohio State,2016.0,2016.0,DAL,4.0,2.0,0.15625
2018,19,00-0033045,E.Elliott,RB,DAL,LA,0,0,0.0,0,0.0,0.0,0.0,20,47.0,1,5,2,19.0,0,12.6,14.6,,,72.0,225.0,23.308277777777775,2.0,Ohio State,2016.0,2016.0,DAL,4.0,,0.15625
2018,17,00-0033049,D.Jackson,RB,DAL,NYG,0,0,0.0,0,0.0,0.0,0.0,6,16.0,0,1,0,0.0,0,1.6,1.6,,,72.0,228.0,24.945666666666668,2.0,Eastern Michigan,2016.0,2016.0,DAL,216.0,,0.023255814
2018,2,00-0033054,R.Gathers,TE,DAL,NYG,0,0,0.0,0,0.0,0.0,0.0,0,0.0,0,2,0,0.0,0,0.0,0.0,,,78.0,290.0,24.844277777777776,2.0,Baylor,2016.0,2016.0,DAL,217.0,7.0,0.08695652
2018,4,00-0033054,R.Gathers,TE,DAL,DET,0,0,0.0,0,0.0,0.0,0.0,0,0.0,0,1,0,0.0,0,0.0,0.0,,,78.0,290.0,24.844277777777776,2.0,Baylor,2016.0,2016.0,DAL,217.0,2.0,0.037037037
2018,5,00-0033054,R.Gathers,TE,DAL,HOU,0,0,0.0,0,0.0,0.0,0.0,0,0.0,0,1,1,32.0,0,3.2,4.2,,,78.0,290.0,24.844277777777776,2.0,Baylor,2016.0,2016.0,DAL,217.0,,0.035714287
2018,6,00-0033054,R.Gathers,TE,DAL,JAX,0,0,0.0,0,0.0,0.0,0.0,0,0.0,0,1,1,14.0,0,1.4,2.4,,,78.0,290.0,24.844277777777776,2.0,Baylor,2016.0,2016.0,DAL,217.0,33.0,0.03846154
2018,7,00-0033054,R.Gathers,TE,DAL,WAS,0,0,0.0,0,0.0,0.0,0.0,0,0.0,0,1,0,0.0,0,0.0,0.0,,,78.0,290.0,24.844277777777776,2.0,Baylor,2016.0,2016.0,DAL,217.0,,0.028571429
2018,14,00-0033054,R.Gathers,TE,DAL,PHI,0,0,0.0,0,0.0,0.0,0.0,0,0.0,0,1,1,-1.0,0,-0.1,0.9,,,78.0,290.0,24.844277777777776,2.0,Baylor,2016.0,2016.0,DAL,217.0,6.0,0.018867925
2018,19,00-0033054,R.Gathers,TE,DAL,LA,0,0,0.0,0,0.0,0.0,0.0,0,0.0,0,1,0,0.0,0,0.0,0.0,,,78.0,290.0,24.844277777777776,2.0,Baylor,2016.0,2016.0,DAL,217.0,,0.03125
2018,10,00-0033060,L.Carroo,WR,MIA,GB,0,0,0.0,0,0.0,0.0,0.0,1,14.0,0,1,1,20.0,0,3.4,4.4,,,73.0,215.0,24.7746875,2.0,Rutgers,2016.0,2016.0,MIA,86.0,,0.027777778
2018,12,00-0033060,L.Carroo,WR,MIA,IND,0,0,0.0,0,0.0,0.0,0.0,0,0.0,0,2,1,74.0,1,13.4,14.4,,,73.0,215.0,24.7746875,2.0,Rutgers,2016.0,2016.0,MIA,86.0,,0.083333336
2018,17,00-0033060,L.Carroo,WR,MIA,BUF,0,0,0.0,0,0.0,0.0,0.0,0,0.0,0,1,0,0.0,0,0.0,0.0,,,73.0,215.0,24.7746875,2.0,Rutgers,2016.0,2016.0,MIA,86.0,,0.033333335
2018,1,00-0033077,D.Prescott,QB,DAL,CAR,19,29,170.0,0,0.0,6.0,32.0,5,19.0,0,0,0,0.0,0,8.7,8.7,,,74.0,238.0,25.28783333333333,2.0,Mississippi State,2016.0,2016.0,DAL,135.0,,
2018,2,00-0033077,D.Prescott,QB,DAL,NYG,16,25,160.0,1,0.0,0.0,-0.0,7,45.0,0,0,0,0.0,0,14.9,14.9,,,74.0,238.0,25.28783333333333,2.0,Mississippi State,2016.0,2016.0,DAL,135.0,7.0,
2018,3,00-0033077,D.Prescott,QB,DAL,SEA,19,34,168.0,1,2.0,5.0,31.0,2,21.0,0,0,0,0.0,0,8.82,8.82,,,74.0,238.0,25.28783333333333,2.0,Mississippi State,2016.0,2016.0,DAL,135.0,,
2018,4,00-0033077,D.Prescott,QB,DAL,DET,17,27,255.0,2,0.0,3.0,24.0,3,2.0,0,0,0,0.0,0,18.4,18.4,,,74.0,238.0,25.28783333333333,2.0,Mississippi State,2016.0,2016.0,DAL,135.0,2.0,
2018,5,00-0033077,D.Prescott,QB,DAL,HOU,18,29,208.0,1,2.0,2.0,14.0,6,34.0,0,0,0,0.0,0,11.72,11.72,,,74.0,238.0,25.28783333333333,2.0,Mississippi State,2016.0,2016.0,DAL,135.0,,
2018,6,00-0033077,D.Prescott,QB,DAL,JAX,17,27,183.0,2,0.0,3.0,11.0,11,82.0,1,0,0,0.0,0,29.52,29.52,,,74.0,238.0,25.28783333333333,2.0,Mississippi State,2016.0,2016.0,DAL,135.0,33.0,
2018,7,00-0033077,D.Prescott,QB,DAL,WAS,22,35,273.0,1,0.0,4.0,23.0,6,33.0,1,0,0,0.0,0,20.22,20.22,,,74.0,238.0,25.28783333333333,2.0,Mississippi State,2016.0,2016.0,DAL,135.0,,
2018,9,00-0033077,D.Prescott,QB,DAL,TEN,21,31,243.0,2,1.0,5.0,18.0,2,11.0,0,1,0,0.0,0,14.82,14.82,,,74.0,238.0,25.28783333333333,2.0,Mississippi State,2016.0,2016.0,DAL,135.0,-14.0,0.032258064
2018,10,00-0033077,D.Prescott,QB,DAL,PHI,26,36,270.0,1,0.0,4.0,31.0,6,9.0,1,0,0,0.0,0,21.7,21.7,,,74.0,238.0,25.28783333333333,2.0,Mississippi State,2016.0,2016.0,DAL,135.0,,
2018,11,00-0033077,D.Prescott,QB,DAL,ATL,22,32,208.0,0,0.0,2.0,17.0,4,5.0,1,0,0,0.0,0,14.82,14.82,,,74.0,238.0,25.28783333333333,2.0,Mississippi State,2016.0,2016.0,DAL,135.0,,
2018,12,00-0033077,D.Prescott,QB,DAL,WAS,22,31,289.0,2,0.0,4.0,31.0,6,18.0,1,0,0,0.0,0,27.36,27.36,,,74.0,238.0,25.28783333333333,2.0,Mississippi State,2016.0,2016.0,DAL,135.0,8.0,
2018,13,00-0033077,D.Prescott,QB,DAL,NO,24,28,249.0,1,0.0,7.0,40.0,5,22.0,0,0,0,0.0,0,14.16,14.16,,,74.0,238.0,25.28783333333333,2.0,Mississippi State,2016.0,2016.0,DAL,135.0,3.0,
2018,14,00-0033077,D.Prescott,QB,DAL,PHI,42,54,455.0,3,2.0,3.0,21.0,4,2.0,0,0,0,0.0,0,24.4,24.4,,,74.0,238.0,25.28783333333333,2.0,Mississippi State,2016.0,2016.0,DAL,135.0,6.0,
2018,15,00-0033077,D.Prescott,QB,DAL,IND,24,39,206.0,0,1.0,3.0,26.0,0,0.0,0,0,0,0.0,0,6.24,6.24,,,74.0,238.0,25.28783333333333,2.0,Mississippi State,2016.0,2016.0,DAL,135.0,,
2018,16,00-0033077,D.Prescott,QB,DAL,TB,20,25,161.0,1,0.0,1.0,9.0,4,2.0,1,0,0,0.0,0,16.64,16.64,,,74.0,238.0,25.28783333333333,2.0,Mississippi State,2016.0,2016.0,DAL,135.0,7.0,
2018,17,00-0033077,D.Prescott,QB,DAL,NYG,27,44,387.0,4,0.0,4.0,19.0,4,0.0,0,0,0,0.0,0,33.48,33.48,,,74.0,238.0,25.28783333333333,2.0,Mississippi State,2016.0,2016.0,DAL,135.0,,
2018,18,00-0033077,D.Prescott,QB,DAL,SEA,22,33,226.0,1,1.0,1.0,10.0,6,29.0,1,0,0,0.0,0,19.94,19.94,,,74.0,238.0,25.28783333333333,2.0,Mississippi State,2016.0,2016.0,DAL,135.0,2.0,
2018,19,00-0033077,D.Prescott,QB,DAL,LA,20,32,266.0,1,0.0,1.0,8.0,2,3.0,1,0,0,0.0,0,22.94,22.94,,,74.0,238.0,25.28783333333333,2.0,Mississippi State,2016.0,2016.0,DAL,135.0,,
2018,5,00-0033080,S.DeValve,TE,CLE,BAL,0,0,0.0,0,0.0,0.0,0.0,0,0.0,0,1,1,26.0,0,2.6,3.6,,,75.0,245.0,25.7600625,2.0,Princeton,2016.0,2016.0,CLE,138.0,3.0,0.023809524
2018,8,00-0033080,S.DeValve,TE,CLE,PIT,0,0,0.0,0,0.0,0.0,0.0,0,0.0,0,2,2,28.0,1,8.8,10.8,,,75.0,245.0,25.7600625,2.0,Princeton,2016.0,2016.0,CLE,138.0,,0.060606062
2018,9,00-0033080,S.DeValve,TE,CLE,KC,0,0,0.0,0,0.0,0.0,0.0,0,0.0,0,1,0,0.0,0,0.0,0.0,,,75.0,245.0,25.7600625,2.0,Princeton,2016.0,2016.0,CLE,138.0,-16.0,0.023255814
2018,13,00-0033080,S.DeValve,TE,CLE,HOU,0,0,0.0,0,0.0,0.0,0.0,0,0.0,0,2,1,19.0,0,1.9,2.9,,,75.0,245.0,25.7600625,2.0,Princeton,2016.0,2016.0,CLE,138.0,,0.05
2018,16,00-0033080,S.DeValve,TE,CLE,CIN,0,0,0.0,0,0.0,0.0,0.0,0,0.0,0,1,1,1.0,0,0.1,1.1,,,75.0,245.0,25.7600625,2.0,Princeton,2016.0,2016.0,CLE,138.0,8.0,0.02631579
2018,19,00-0033090,H.Henry,TE,LAC,NE,0,0,0.0,0,0.0,0.0,0.0,0,0.0,0,1,0,0.0,0,0.0,0.0,,,77.0,250.0,23.93022222222222,2.0,Arkansas,2016.0,2016.0,SD,35.0,,0.021276595
2018,2,00-0033094,M.Hall,WR,ATL,CAR,0,0,0.0,0,0.0,0.0,0.0,0,0.0,0,1,1,30.0,0,3.0,4.0,,,70.0,190.0,25.569125,2.0,Washington,2016.0,2016.0,,,7.0,0.035714287
2018,3,00-0033094,M.Hall,WR,ATL,NO,0,0,0.0,0,0.0,0.0,0.0,0,0.0,0,1,1,7.0,0,0.7,1.7,,,70.0,190.0,25.569125,2.0,Washington,2016.0,2016.0,,,-6.0,0.029411765
2018,4,00-0033094,M.Hall,WR,ATL,CIN,0,0,0.0,0,0.0,0.0,0.0,0,0.0,0,1,1,2.0,0,0.2,1.2,,,70.0,190.0,25.569125,2.0,Washington,2016.0,2016.0,,,-1.0,0.02631579
2018,5,00-0033094,M.Hall,WR,ATL,PIT,0,0,0.0,0,0.0,0.0,0.0,0,0.0,0,3,2,25.0,0,2.5,4.5,,,70.0,190.0,25.569125,2.0,Washington,2016.0,2016.0,,,,0.06666667
2018,7,00-0033094,M.Hall,WR,ATL,NYG,0,0,0.0,0,0.0,0.0,0.0,0,0.0,0,3,3,63.0,1,12.3,15.3,,,70.0,190.0,25.569125,2.0,Washington,2016.0,2016.0,,,3.0,0.083333336
2018,9,00-0033094,M.Hall,WR,ATL,WAS,0,0,0.0,0,0.0,0.0,0.0,0,0.0,0,1,0,0.0,0,0.0,0.0,,,70.0,190.0,25.569125,2.0,Washington,2016.0,2016.0,,,,0.027027028
2018,10,00-0033094,M.Hall,WR,ATL,CLE,0,0,0.0,0,0.0,0.0,0.0,0,0.0,0,1,1,12.0,0,1.2,2.2,,,70.0,190.0,25.569125,2.0,Washington,2016.0,2016.0,,,,0.019607844
2018,11,00-0033094,M.Hall,WR,ATL,DAL,0,0,0.0,0,0.0,0.0,0.0,1,3.0,0,0,0,0.0,0,0.3,0.3,,,70.0,190.0,25.569125,2.0,Washington,2016.0,2016.0,,,-3.0,
2018,12,00-0033094,M.Hall,WR,ATL,NO,0,0,0.0,0,0.0,0.0,0.0,0,0.0,0,2,0,0.0,0,0.0,0.0,,,70.0,190.0,25.569125,2.0,Washington,2016.0,2016.0,,,,0.04255319
2018,14,00-0033094,M.Hall,WR,ATL,GB,0,0,0.0,0,0.0,0.0,0.0,1,-3.0,0,1,0,0.0,0,-0.3,-0.3,,,70.0,190.0,25.569125,2.0,Washington,2016.0,2016.0,,,,0.023809524
2018,15,00-0033094,M.Hall,WR,ATL,ARI,0,0,0.0,0,0.0,0.0,0.0,0,0.0,0,3,1,10.0,0,1.0,2.0,,,70.0,190.0,25.569125,2.0,Washington,2016.0,2016.0,,,26.0,0.083333336
2018,16,00-0033094,M.Hall,WR,ATL,CAR,0,0,0.0,0,0.0,0.0,0.0,0,0.0,0,1,0,0.0,0,0.0,0.0,,,70.0,190.0,25.569125,2.0,Washington,2016.0,2016.0,,,,0.03846154
2018,17,00-0033094,M.Hall,WR,ATL,TB,0,0,0.0,0,0.0,0.0,0.0,0,0.0,0,1,0,0.0,0,0.0,0.0,,,70.0,190.0,25.569125,2.0,Washington,2016.0,2016.0,,,,0.023255814
2018,20,00-0033095,G.Griffin,TE,NO,LA,0,0,0.0,0,0.0,0.0,0.0,0,0.0,0,2,2,12.0,1,7.2,9.2,,,76.0,240.0,24.695777777777778,2.0,Air Force,2016.0,2016.0,,,-3.0,0.051282052
2018,7,00-0033104,C.Kessler,QB,JAX,HOU,21,30,156.0,1,1.0,4.0,28.0,2,8.0,0,0,0,0.0,0,9.04,9.04,,,73.0,215.0,25.4834375,2.0,Southern California,2016.0,2016.0,CLE,93.0,-13.0,
2018,13,00-0033104,C.Kessler,QB,JAX,IND,18,24,150.0,0,0.0,3.0,18.0,5,28.0,0,0,0,0.0,0,8.8,8.8,,,73.0,215.0,25.4834375,2.0,Southern California,2016.0,2016.0,CLE,93.0,6.0,
2018,14,00-0033104,C.Kessler,QB,JAX,TEN,25,43,240.0,1,0.0,4.0,45.0,5,17.0,0,0,0,0.0,0,13.3,13.3,,,73.0,215.0,25.4834375,2.0,Southern California,2016.0,2016.0,CLE,93.0,,
2018,15,00-0033104,C.Kessler,QB,JAX,WAS,9,17,57.0,0,1.0,6.0,37.0,6,68.0,0,0,0,0.0,0,5.08,5.08,,,73.0,215.0,25.4834375,2.0,Southern California,2016.0,2016.0,CLE,93.0,-3.0,
2018,16,00-0033104,C.Kessler,QB,JAX,MIA,12,17,106.0,0,0.0,5.0,21.0,1,2.0,0,0,0,0.0,0,2.44,2.44,,,73.0,215.0,25.4834375,2.0,Southern California,2016.0,2016.0,CLE,93.0,,
2018,1,00-0033106,J.Goff,QB,LA,LV,18,33,233.0,2,0.0,1.0,8.0,1,-1.0,0,0,0,0.0,0,17.22,17.22,,,76.0,223.0,24.088421052631578,2.0,California,2016.0,2016.0,LA,1.0,,
2018,2,00-0033106,J.Goff,QB,LA,ARI,24,32,354.0,1,1.0,2.0,12.0,2,2.0,0,0,0,0.0,0,18.36,18.36,,,76.0,223.0,24.088421052631578,2.0,California,2016.0,2016.0,LA,1.0,34.0,
2018,3,00-0033106,J.Goff,QB,LA,LAC,29,36,354.0,3,1.0,1.0,4.0,3,14.0,0,0,0,0.0,0,25.56,25.56,,,76.0,223.0,24.088421052631578,2.0,California,2016.0,2016.0,LA,1.0,12.0,
2018,4,00-0033106,J.Goff,QB,LA,MIN,26,33,465.0,5,0.0,1.0,9.0,2,7.0,0,0,0,0.0,0,39.3,39.3,,,76.0,223.0,24.088421052631578,2.0,California,2016.0,2016.0,LA,1.0,7.0,
2018,5,00-0033106,J.Goff,QB,LA,SEA,23,32,321.0,1,2.0,1.0,8.0,5,15.0,0,0,0,0.0,0,14.34,14.34,,,76.0,223.0,24.088421052631578,2.0,California,2016.0,2016.0,LA,1.0,,
2018,6,00-0033106,J.Goff,QB,LA,DEN,14,28,201.0,0,1.0,5.0,27.0,4,14.0,0,0,0,0.0,0,7.44,7.44,,,76.0,223.0,24.088421052631578,2.0,California,2016.0,2016.0,LA,1.0,,
2018,7,00-0033106,J.Goff,QB,LA,SF,18,24,202.0,2,0.0,1.0,9.0,3,4.0,0,0,0,0.0,0,16.48,16.48,,,76.0,223.0,24.088421052631578,2.0,California,2016.0,2016.0,LA,1.0,,
2018,8,00-0033106,J.Goff,QB,LA,GB,19,35,295.0,3,0.0,5.0,26.0,5,7.0,0,0,0,0.0,0,26.5,26.5,,,76.0,223.0,24.088421052631578,2.0,California,2016.0,2016.0,LA,1.0,2.0,
2018,9,00-0033106,J.Goff,QB,LA,NO,28,40,391.0,3,1.0,0.0,-0.0,3,17.0,0,0,0,0.0,0,29.34,29.34,,,76.0,223.0,24.088421052631578,2.0,California,2016.0,2016.0,LA,1.0,,
2018,10,00-0033106,J.Goff,QB,LA,SEA,28,39,318.0,2,0.0,2.0,11.0,3,3.0,0,0,0,0.0,0,21.02,21.02,,,76.0,223.0,24.088421052631578,2.0,California,2016.0,2016.0,LA,1.0,5.0,
2018,11,00-0033106,J.Goff,QB,LA,KC,31,49,413.0,4,0.0,5.0,34.0,4,6.0,1,0,0,0.0,0,35.12,35.12,,,76.0,223.0,24.088421052631578,2.0,California,2016.0,2016.0,LA,1.0,3.0,
2018,13,00-0033106,J.Goff,QB,LA,DET,17,33,207.0,1,1.0,2.0,12.0,2,-2.0,0,0,0,0.0,0,8.08,8.08,,,76.0,223.0,24.088421052631578,2.0,California,2016.0,2016.0,LA,1.0,,
2018,14,00-0033106,J.Goff,QB,LA,CHI,20,44,180.0,0,4.0,3.0,25.0,1,5.0,0,0,0,0.0,0,-0.3,-0.3,,,76.0,223.0,24.088421052631578,2.0,California,2016.0,2016.0,LA,1.0,,
2018,15,00-0033106,J.Goff,QB,LA,PHI,35,53,339.0,0,1.0,2.0,14.0,2,11.0,0,0,0,0.0,0,12.66,12.66,,,76.0,223.0,24.088421052631578,2.0,California,2016.0,2016.0,LA,1.0,-7.0,
2018,16,00-0033106,J.Goff,QB,LA,ARI,19,24,216.0,1,0.0,2.0,24.0,2,6.0,1,0,0,0.0,0,17.24,17.24,,,76.0,223.0,24.088421052631578,2.0,California,2016.0,2016.0,LA,1.0,,
2018,17,00-0033106,J.Goff,QB,LA,SF,15,26,199.0,4,0.0,0.0,-0.0,1,0.0,0,0,0,0.0,0,23.96,23.96,,,76.0,223.0,24.088421052631578,2.0,California,2016.0,2016.0,LA,1.0,16.0,
2018,19,00-0033106,J.Goff,QB,LA,DAL,15,28,186.0,0,0.0,0.0,-0.0,6,12.0,0,0,0,0.0,0,8.64,8.64,,,76.0,223.0,24.088421052631578,2.0,California,2016.0,2016.0,LA,1.0,8.0,
2018,20,00-0033106,J.Goff,QB,LA,NO,25,40,297.0,1,1.0,1.0,8.0,3,10.0,0,0,0,0.0,0,14.88,14.88,,,76.0,223.0,24.088421052631578,2.0,California,2016.0,2016.0,LA,1.0,,
2018,21,00-0033106,J.Goff,QB,LA,NE,19,38,229.0,0,1.0,4.0,31.0,0,0.0,0,0,0,0.0,0,7.16,7.16,,,76.0,223.0,24.088421052631578,2.0,California,2016.0,2016.0,LA,1.0,-10.0,
2018,2,00-0033110,T.Higbee,TE,LA,ARI,0,0,0.0,0,0.0,0.0,0.0,0,0.0,0,2,1,3.0,1,6.3,7.3,,,78.0,257.0,25.870894736842107,2.0,Western Kentucky,2016.0,2016.0,LA,110.0,34.0,0.06451613
2018,3,00-0033110,T.Higbee,TE,LA,LAC,0,0,0.0,0,0.0,0.0,0.0,0,0.0,0,2,2,35.0,0,3.5,5.5,,,78.0,257.0,25.870894736842107,2.0,Western Kentucky,2016.0,2016.0,LA,110.0,12.0,0.057142857
2018,4,00-0033110,T.Higbee,TE,LA,MIN,0,0,0.0,0,0.0,0.0,0.0,0,0.0,0,1,0,0.0,0,0.0,0.0,,,78.0,257.0,25.870894736842107,2.0,Western Kentucky,2016.0,2016.0,LA,110.0,7.0,0.030303031
2018,5,00-0033110,T.Higbee,TE,LA,SEA,0,0,0.0,0,0.0,0.0,0.0,0,0.0,0,4,2,26.0,0,2.6,4.6,,,78.0,257.0,25.870894736842107,2.0,Western Kentucky,2016.0,2016.0,LA,110.0,,0.125
2018,7,00-0033110,T.Higbee,TE,LA,SF,0,0,0.0,0,0.0,0.0,0.0,0,0.0,0,1,0,0.0,0,0.0,0.0,,,78.0,257.0,25.870894736842107,2.0,Western Kentucky,2016.0,2016.0,LA,110.0,,0.041666668
2018,8,00-0033110,T.Higbee,TE,LA,GB,0,0,0.0,0,0.0,0.0,0.0,0,0.0,0,1,1,6.0,0,0.6,1.6,,,78.0,257.0,25.870894736842107,2.0,Western Kentucky,2016.0,2016.0,LA,110.0,2.0,0.03125
2018,9,00-0033110,T.Higbee,TE,LA,NO,0,0,0.0,0,0.0,0.0,0.0,0,0.0,0,4,2,40.0,0,4.0,6.0,,,78.0,257.0,25.870894736842107,2.0,Western Kentucky,2016.0,2016.0,LA,110.0,,0.1
2018,10,00-0033110,T.Higbee,TE,LA,SEA,0,0,0.0,0,0.0,0.0,0.0,0,0.0,0,3,3,25.0,1,8.5,11.5,,,78.0,257.0,25.870894736842107,2.0,Western Kentucky,2016.0,2016.0,LA,110.0,5.0,0.08571429
2018,11,00-0033110,T.Higbee,TE,LA,KC,0,0,0.0,0,0.0,0.0,0.0,0,0.0,0,7,6,63.0,0,6.3,12.3,,,78.0,257.0,25.870894736842107,2.0,Western Kentucky,2016.0,2016.0,LA,110.0,3.0,0.1521739
2018,13,00-0033110,T.Higbee,TE,LA,DET,0,0,0.0,0,0.0,0.0,0.0,0,0.0,0,4,2,19.0,0,1.9,3.9,,,78.0,257.0,25.870894736842107,2.0,Western Kentucky,2016.0,2016.0,LA,110.0,,0.125
2018,14,00-0033110,T.Higbee,TE,LA,CHI,0,0,0.0,0,0.0,0.0,0.0,0,0.0,0,1,1,9.0,0,0.9,1.9,,,78.0,257.0,25.870894736842107,2.0,Western Kentucky,2016.0,2016.0,LA,110.0,,0.023255814
2018,15,00-0033110,T.Higbee,TE,LA,PHI,0,0,0.0,0,0.0,0.0,0.0,0,0.0,0,2,2,14.0,0,1.4,3.4,,,78.0,257.0,25.870894736842107,2.0,Western Kentucky,2016.0,2016.0,LA,110.0,-7.0,0.039215688
2018,16,00-0033110,T.Higbee,TE,LA,ARI,0,0,0.0,0,0.0,0.0,0.0,0,0.0,0,1,1,16.0,0,1.6,2.6,,,78.0,257.0,25.870894736842107,2.0,Western Kentucky,2016.0,2016.0,LA,110.0,,0.04347826
2018,17,00-0033110,T.Higbee,TE,LA,SF,0,0,0.0,0,0.0,0.0,0.0,0,0.0,0,1,1,36.0,0,3.6,4.6,,,78.0,257.0,25.870894736842107,2.0,Western Kentucky,2016.0,2016.0,LA,110.0,16.0,0.037037037
2018,19,00-0033110,T.Higbee,TE,LA,DAL,0,0,0.0,0,0.0,0.0,0.0,0,0.0,0,4,2,30.0,0,3.0,5.0,,,78.0,257.0,25.870894736842107,2.0,Western Kentucky,2016.0,2016.0,LA,110.0,8.0,0.14814815
2018,20,00-0033110,T.Higbee,TE,LA,NO,0,0,0.0,0,0.0,0.0,0.0,0,0.0,0,4,4,25.0,1,8.5,12.5,,,78.0,257.0,25.870894736842107,2.0,Western Kentucky,2016.0,2016.0,LA,110.0,,0.102564104
2018,13,00-0033111,P.Cooper,WR,LA,DET,0,0,0.0,0,0.0,0.0,0.0,0,0.0,0,1,0,0.0,0,0.0,0.0,,,71.0,207.0,23.6594375,2.0,South Carolina,2016.0,2016.0,LA,117.0,,0.03125
2018,1,00-0033118,K.Drake,RB,MIA,TEN,0,0,0.0,0,0.0,0.0,0.0,14,48.0,0,4,3,18.0,0,6.6,9.6,,,73.0,211.0,24.7691875,2.0,Alabama,2016.0,2016.0,MIA,73.0,7.0,0.14285715
2018,2,00-0033118,K.Drake,RB,MIA,NYJ,0,0,0.0,0,0.0,0.0,0.0,11,53.0,1,4,4,17.0,0,13.0,17.0,,,73.0,211.0,24.7691875,2.0,Alabama,2016.0,2016.0,MIA,73.0,,0.17391305
2018,3,00-0033118,K.Drake,RB,MIA,LV,0,0,0.0,0,0.0,0.0,0.0,5,3.0,0,4,2,7.0,0,1.0,3.0,,,73.0,211.0,24.7691875,2.0,Alabama,2016.0,2016.0,MIA,73.0,8.0,0.16666667
2018,4,00-0033118,K.Drake,RB,MIA,NE,0,0,0.0,0,0.0,0.0,0.0,3,3.0,0,2,1,13.0,0,1.6,2.6,,,73.0,211.0,24.7691875,2.0,Alabama,2016.0,2016.0,MIA,73.0,,0.08
2018,5,00-0033118,K.Drake,RB,MIA,CIN,0,0,0.0,0,0.0,0.0,0.0,6,46.0,0,11,7,69.0,1,17.5,24.5,,,73.0,211.0,24.7691875,2.0,Alabama,2016.0,2016.0,MIA,73.0,,0.33333334
2018,6,00-0033118,K.Drake,RB,MIA,CHI,0,0,0.0,0,0.0,0.0,0.0,13,57.0,0,6,4,21.0,0,5.8,9.8,,,73.0,211.0,24.7691875,2.0,Alabama,2016.0,2016.0,MIA,73.0,3.0,0.15
2018,7,00-0033118,K.Drake,RB,MIA,DET,0,0,0.0,0,0.0,0.0,0.0,6,72.0,1,8,4,15.0,0,14.7,18.7,,,73.0,211.0,24.7691875,2.0,Alabama,2016.0,2016.0,MIA,73.0,-11.0,0.26666668
2018,8,00-0033118,K.Drake,RB,MIA,HOU,0,0,0.0,0,0.0,0.0,0.0,12,58.0,1,2,2,37.0,1,21.5,23.5,,,73.0,211.0,24.7691875,2.0,Alabama,2016.0,2016.0,MIA,73.0,,0.060606062
2018,9,00-0033118,K.Drake,RB,MIA,NYJ,0,0,0.0,0,0.0,0.0,0.0,3,9.0,0,6,4,26.0,0,3.5,7.5,,,73.0,211.0,24.7691875,2.0,Alabama,2016.0,2016.0,MIA,73.0,7.0,0.27272728
2018,10,00-0033118,K.Drake,RB,MIA,GB,0,0,0.0,0,0.0,0.0,0.0,8,27.0,0,2,2,11.0,0,3.8,5.8,,,73.0,211.0,24.7691875,2.0,Alabama,2016.0,2016.0,MIA,73.0,,0.055555556
2018,12,00-0033118,K.Drake,RB,MIA,IND,0,0,0.0,0,0.0,0.0,0.0,8,32.0,1,6,5,64.0,1,21.6,26.6,,,73.0,211.0,24.7691875,2.0,Alabama,2016.0,2016.0,MIA,73.0,,0.25
2018,13,00-0033118,K.Drake,RB,MIA,BUF,0,0,0.0,0,0.0,0.0,0.0,7,31.0,0,4,2,13.0,1,10.4,12.4,,,73.0,211.0,24.7691875,2.0,Alabama,2016.0,2016.0,MIA,73.0,4.0,0.16666667
2018,14,00-0033118,K.Drake,RB,MIA,NE,0,0,0.0,0,0.0,0.0,0.0,6,24.0,0,1,1,55.0,1,13.9,14.9,,,73.0,211.0,24.7691875,2.0,Alabama,2016.0,2016.0,MIA,73.0,1.0,0.05263158
2018,15,00-0033118,K.Drake,RB,MIA,MIN,0,0,0.0,0,0.0,0.0,0.0,1,6.0,0,3,3,28.0,0,3.4,6.4,,,73.0,211.0,24.7691875,2.0,Alabama,2016.0,2016.0,MIA,73.0,,0.13043478
2018,16,00-0033118,K.Drake,RB,MIA,JAX,0,0,0.0,0,0.0,0.0,0.0,6,23.0,0,5,4,31.0,0,5.4,9.4,,,73.0,211.0,24.7691875,2.0,Alabama,2016.0,2016.0,MIA,73.0,-10.0,0.23809524
2018,17,00-0033118,K.Drake,RB,MIA,BUF,0,0,0.0,0,0.0,0.0,0.0,11,43.0,0,5,5,52.0,0,9.5,14.5,,,73.0,211.0,24.7691875,2.0,Alabama,2016.0,2016.0,MIA,73.0,,0.16666667
2018,3,00-0033119,J.Brissett,QB,IND,PHI,0,1,0.0,0,0.0,0.0,-0.0,0,0.0,0,0,0,0.0,0,0.0,0.0,,,76.0,235.0,25.91672222222222,2.0,North Carolina State,2016.0,2016.0,NE,91.0,,
2018,7,00-0033119,J.Brissett,QB,IND,BUF,0,0,0.0,0,0.0,0.0,0.0,4,-4.0,0,0,0,0.0,0,-0.4,-0.4,,,76.0,235.0,25.91672222222222,2.0,North Carolina State,2016.0,2016.0,NE,91.0,32.0,
2018,11,00-0033119,J.Brissett,QB,IND,TEN,1,2,-2.0,0,0.0,0.0,-0.0,3,-3.0,0,0,0,0.0,0,-0.38,-0.38,,,76.0,235.0,25.91672222222222,2.0,North Carolina State,2016.0,2016.0,NE,91.0,28.0,
2018,12,00-0033119,J.Brissett,QB,IND,MIA,1,1,4.0,0,0.0,0.0,-0.0,0,0.0,0,0,0,0.0,0,0.16,0.16,,,76.0,235.0,25.91672222222222,2.0,North Carolina State,2016.0,2016.0,NE,91.0,3.0,
2018,2,00-0033127,W.Fuller,WR,HOU,TEN,0,0,0.0,0,0.0,0.0,0.0,0,0.0,0,9,8,113.0,1,17.3,25.3,,,72.0,180.0,24.56141176470588,2.0,Notre Dame,2016.0,2016.0,HOU,21.0,,0.29032257
2018,3,00-0033127,W.Fuller,WR,HOU,NYG,0,0,0.0,0,0.0,0.0,0.0,0,0.0,0,11,5,101.0,1,16.1,21.1,,,72.0,180.0,24.56141176470588,2.0,Notre Dame,2016.0,2016.0,HOU,21.0,-5.0,0.28947368
2018,4,00-0033127,W.Fuller,WR,HOU,IND,0,0,0.0,0,0.0,0.0,0.0,0,0.0,0,5,4,49.0,1,10.9,14.9,,,72.0,180.0,24.56141176470588,2.0,Notre Dame,2016.0,2016.0,HOU,21.0,,0.125
2018,5,00-0033127,W.Fuller,WR,HOU,DAL,0,0,0.0,0,0.0,0.0,0.0,0,0.0,0,3,2,15.0,0,1.5,3.5,,,72.0,180.0,24.56141176470588,2.0,Notre Dame,2016.0,2016.0,HOU,21.0,3.0,0.069767445
2018,6,00-0033127,W.Fuller,WR,HOU,BUF,0,0,0.0,0,0.0,0.0,0.0,0,0.0,0,3,2,33.0,0,3.3,5.3,,,72.0,180.0,24.56141176470588,2.0,Notre Dame,2016.0,2016.0,HOU,21.0,7.0,0.115384616
2018,7,00-0033127,W.Fuller,WR,HOU,JAX,0,0,0.0,0,0.0,0.0,0.0,0,0.0,0,8,6,68.0,0,6.8,12.8,,,72.0,180.0,24.56141176470588,2.0,Notre Dame,2016.0,2016.0,HOU,21.0,,0.33333334
2018,8,00-0033127,W.Fuller,WR,HOU,MIA,0,0,0.0,0,0.0,0.0,0.0,0,0.0,0,6,5,124.0,1,18.4,23.4,,,72.0,180.0,24.56141176470588,2.0,Notre Dame,2016.0,2016.0,HOU,21.0,19.0,0.3
2018,2,00-0033132,K.Byard,FS,TEN,HOU,1,1,66.0,1,0.0,0.0,-0.0,0,0.0,0,0,0,0.0,0,6.64,6.64,,,71.0,212.0,25.2164375,2.0,Middle Tennessee,2016.0,2016.0,TEN,64.0,3.0,
2018,4,00-0033217,M.Alie-Cox,TE,IND,HOU,0,0,0.0,0,0.0,0.0,0.0,0,0.0,0,2,1,17.0,0,1.7,2.7,,,77.0,250.0,25.144666666666666,1.0,Virginia Commonwealth,2017.0,2017.0,,,-3.0,0.032786883
2018,6,00-0033217,M.Alie-Cox,TE,IND,NYJ,0,0,0.0,0,0.0,0.0,0.0,0,0.0,0,2,1,34.0,0,3.4,4.4,,,77.0,250.0,25.144666666666666,1.0,Virginia Commonwealth,2017.0,2017.0,,,,0.04761905
2018,7,00-0033217,M.Alie-Cox,TE,IND,BUF,0,0,0.0,0,0.0,0.0,0.0,0,0.0,0,1,1,7.0,0,0.7,1.7,,,77.0,250.0,25.144666666666666,1.0,Virginia Commonwealth,2017.0,2017.0,,,32.0,0.04347826
2018,8,00-0033217,M.Alie-Cox,TE,IND,LV,0,0,0.0,0,0.0,0.0,0.0,0,0.0,0,1,1,26.0,1,8.6,9.6,,,77.0,250.0,25.144666666666666,1.0,Virginia Commonwealth,2017.0,2017.0,,,,0.032258064
2018,10,00-0033217,M.Alie-Cox,TE,IND,JAX,0,0,0.0,0,0.0,0.0,0.0,0,0.0,0,4,2,28.0,1,8.8,10.8,,,77.0,250.0,25.144666666666666,1.0,Virginia Commonwealth,2017.0,2017.0,,,3.0,0.13793103
2018,11,00-0033217,M.Alie-Cox,TE,IND,TEN,0,0,0.0,0,0.0,0.0,0.0,0,0.0,0,1,0,0.0,0,0.0,0.0,,,77.0,250.0,25.144666666666666,1.0,Virginia Commonwealth,2017.0,2017.0,,,28.0,0.03125
2018,16,00-0033217,M.Alie-Cox,TE,IND,NYG,0,0,0.0,0,0.0,0.0,0.0,0,0.0,0,1,0,0.0,0,0.0,0.0,,,77.0,250.0,25.144666666666666,1.0,Virginia Commonwealth,2017.0,2017.0,,,1.0,0.022727273
2018,17,00-0033217,M.Alie-Cox,TE,IND,TEN,0,0,0.0,0,0.0,0.0,0.0,0,0.0,0,1,1,21.0,0,2.1,3.1,,,77.0,250.0,25.144666666666666,1.0,Virginia Commonwealth,2017.0,2017.0,,,,0.028571429
2018,19,00-0033217,M.Alie-Cox,TE,IND,KC,0,0,0.0,0,0.0,0.0,0.0,0,0.0,0,1,0,0.0,0,0.0,0.0,,,77.0,250.0,25.144666666666666,1.0,Virginia Commonwealth,2017.0,2017.0,,,,0.027777778
2018,17,00-0033246,J.Mundt,TE,LA,SF,0,0,0.0,0,0.0,0.0,0.0,0,0.0,0,1,1,5.0,0,0.5,1.5,,,76.0,232.0,23.978947368421053,1.0,Oregon,2017.0,2017.0,,,16.0,0.037037037
2018,1,00-0033251,Z.Pascal,WR,IND,CIN,0,0,0.0,0,0.0,0.0,0.0,0,0.0,0,1,1,18.0,0,1.8,2.8,,,73.0,219.0,23.899,1.0,Old Dominion,2017.0,2017.0,,,-11.0,0.01923077
2018,3,00-0033251,Z.Pascal,WR,IND,PHI,0,0,0.0,0,0.0,0.0,0.0,0,0.0,0,2,1,3.0,0,0.3,1.3,,,73.0,219.0,23.899,1.0,Old Dominion,2017.0,2017.0,,,,0.048780486
2018,4,00-0033251,Z.Pascal,WR,IND,HOU,0,0,0.0,0,0.0,0.0,0.0,0,0.0,0,10,6,56.0,1,11.6,17.6,,,73.0,219.0,23.899,1.0,Old Dominion,2017.0,2017.0,,,-3.0,0.16393442
2018,5,00-0033251,Z.Pascal,WR,IND,NE,0,0,0.0,0,0.0,0.0,0.0,0,0.0,0,7,1,12.0,0,1.2,2.2,,,73.0,219.0,23.899,1.0,Old Dominion,2017.0,2017.0,,,,0.118644066
2018,6,00-0033251,Z.Pascal,WR,IND,NYJ,0,0,0.0,0,0.0,0.0,0.0,1,8.0,0,7,5,35.0,0,4.3,9.3,,,73.0,219.0,23.899,1.0,Old Dominion,2017.0,2017.0,,,,0.16666667
2018,8,00-0033251,Z.Pascal,WR,IND,LV,0,0,0.0,0,0.0,0.0,0.0,0,0.0,0,1,1,-4.0,0,-0.4,0.6,,,73.0,219.0,23.899,1.0,Old Dominion,2017.0,2017.0,,,,0.032258064
2018,11,00-0033251,Z.Pascal,WR,IND,TEN,0,0,0.0,0,0.0,0.0,0.0,0,0.0,0,1,1,11.0,0,1.1,2.1,,,73.0,219.0,23.899,1.0,Old Dominion,2017.0,2017.0,,,28.0,0.03125
2018,13,00-0033251,Z.Pascal,WR,IND,JAX,0,0,0.0,0,0.0,0.0,0.0,1,2.0,0,1,1,16.0,0,1.8,2.8,,,73.0,219.0,23.899,1.0,Old Dominion,2017.0,2017.0,,,,0.02
2018,14,00-0033251,Z.Pascal,WR,IND,HOU,0,0,0.0,0,0.0,0.0,0.0,0,0.0,0,6,5,68.0,1,12.8,17.8,,,73.0,219.0,23.899,1.0,Old Dominion,2017.0,2017.0,,,,0.15
2018,15,00-0033251,Z.Pascal,WR,IND,DAL,0,0,0.0,0,0.0,0.0,0.0,0,0.0,0,3,1,12.0,0,1.2,2.2,,,73.0,219.0,23.899,1.0,Old Dominion,2017.0,2017.0,,,23.0,0.115384616
2018,16,00-0033251,Z.Pascal,WR,IND,NYG,0,0,0.0,0,0.0,0.0,0.0,0,0.0,0,7,4,41.0,0,4.1,8.1,,,73.0,219.0,23.899,1.0,Old Dominion,2017.0,2017.0,,,1.0,0.1590909
2018,18,00-0033251,Z.Pascal,WR,IND,HOU,0,0,0.0,0,0.0,0.0,0.0,1,14.0,0,3,1,6.0,0,2.0,3.0,,,73.0,219.0,23.899,1.0,Old Dominion,2017.0,2017.0,,,,0.09677419
2018,19,00-0033251,Z.Pascal,WR,IND,KC,0,0,0.0,0,0.0,0.0,0.0,0,0.0,0,3,1,7.0,0,6.7,7.7,,,73.0,219.0,23.899,1.0,Old Dominion,2017.0,2017.0,,,,0.083333336
2018,5,00-0033258,D.Daniels,TE,SEA,LA,0,0,0.0,0,0.0,0.0,0.0,0,0.0,0,1,0,0.0,0,0.0,0.0,,,75.0,246.0,23.9528125,1.0,Washington,2017.0,2017.0,,,-2.0,0.05263158
2018,17,00-0033258,D.Daniels,TE,ARI,SEA,0,0,0.0,0,0.0,0.0,0.0,0,0.0,0,1,0,0.0,0,0.0,0.0,,,75.0,246.0,23.9528125,1.0,Washington,2017.0,2017.0,,,,0.030303031
2018,1,00-0033280,C.McCaffrey,RB,CAR,DAL,0,0,0.0,0,0.0,0.0,0.0,10,50.0,0,9,6,45.0,0,7.5,13.5,,,71.0,205.0,22.4149375,1.0,Stanford,2017.0,2017.0,CAR,8.0,8.0,0.36
2018,2,00-0033280,C.McCaffrey,RB,CAR,ATL,0,0,0.0,0,0.0,0.0,0.0,8,37.0,0,15,14,102.0,0,13.9,27.9,,,71.0,205.0,22.4149375,1.0,Stanford,2017.0,2017.0,CAR,8.0,,0.33333334
2018,3,00-0033280,C.McCaffrey,RB,CAR,CIN,0,0,0.0,0,0.0,0.0,0.0,28,184.0,0,2,2,10.0,0,19.4,21.4,,,71.0,205.0,22.4149375,1.0,Stanford,2017.0,2017.0,CAR,8.0,10.0,0.083333336
2018,5,00-0033280,C.McCaffrey,RB,CAR,NYG,0,0,0.0,0,0.0,0.0,0.0,17,58.0,0,6,5,35.0,1,15.3,20.3,,,71.0,205.0,22.4149375,1.0,Stanford,2017.0,2017.0,CAR,8.0,2.0,0.1764706
2018,6,00-0033280,C.McCaffrey,RB,CAR,WAS,0,0,0.0,0,0.0,0.0,0.0,8,20.0,0,8,7,46.0,0,6.6,13.6,,,71.0,205.0,22.4149375,1.0,Stanford,2017.0,2017.0,CAR,8.0,,0.21621622
2018,7,00-0033280,C.McCaffrey,RB,CAR,PHI,0,0,0.0,0,0.0,0.0,0.0,7,29.0,0,6,6,51.0,0,8.0,14.0,,,71.0,205.0,22.4149375,1.0,Stanford,2017.0,2017.0,CAR,8.0,,0.16216215
2018,8,00-0033280,C.McCaffrey,RB,CAR,BAL,0,0,0.0,0,0.0,0.0,0.0,14,45.0,1,6,4,11.0,1,17.6,21.6,,,71.0,205.0,22.4149375,1.0,Stanford,2017.0,2017.0,CAR,8.0,15.0,0.22222222
2018,9,00-0033280,C.McCaffrey,RB,CAR,TB,0,0,0.0,0,0.0,0.0,0.0,17,79.0,2,6,5,78.0,0,27.7,32.7,,,71.0,205.0,22.4149375,1.0,Stanford,2017.0,2017.0,CAR,8.0,14.0,0.25
2018,10,00-0033280,C.McCaffrey,RB,CAR,PIT,0,0,0.0,0,0.0,0.0,0.0,14,77.0,1,5,5,61.0,2,31.8,36.8,,,71.0,205.0,22.4149375,1.0,Stanford,2017.0,2017.0,CAR,8.0,,0.17857143
2018,11,00-0033280,C.McCaffrey,RB,CAR,DET,0,0,0.0,0,0.0,0.0,0.0,13,53.0,0,8,6,57.0,0,11.0,17.0,,,71.0,205.0,22.4149375,1.0,Stanford,2017.0,2017.0,CAR,8.0,,0.21621622
2018,12,00-0033280,C.McCaffrey,RB,CAR,SEA,0,0,0.0,0,0.0,0.0,0.0,17,125.0,1,11,11,112.0,1,35.7,46.7,,,71.0,205.0,22.4149375,1.0,Stanford,2017.0,2017.0,CAR,8.0,-3.0,0.37931034
2018,13,00-0033280,C.McCaffrey,RB,CAR,TB,0,0,0.0,0,0.0,0.0,0.0,10,106.0,0,10,9,55.0,1,22.1,31.1,,,71.0,205.0,22.4149375,1.0,Stanford,2017.0,2017.0,CAR,8.0,,0.24390244
2018,14,00-0033280,C.McCaffrey,RB,CAR,CLE,0,0,0.0,0,0.0,0.0,0.0,16,63.0,2,7,6,38.0,0,22.1,28.1,,,71.0,205.0,22.4149375,1.0,Stanford,2017.0,2017.0,CAR,8.0,,0.16666667
2018,15,00-0033280,C.McCaffrey,RB,CAR,NO,1,1,50.0,1,0.0,0.0,-0.0,15,53.0,0,11,8,67.0,0,18.0,26.0,,,71.0,205.0,22.4149375,1.0,Stanford,2017.0,2017.0,CAR,8.0,-3.0,0.37931034
2018,16,00-0033280,C.McCaffrey,RB,CAR,ATL,0,0,0.0,0,0.0,0.0,0.0,21,101.0,0,13,12,77.0,0,17.8,29.8,,,71.0,205.0,22.4149375,1.0,Stanford,2017.0,2017.0,CAR,8.0,-14.0,0.23636363
2018,17,00-0033280,C.McCaffrey,RB,CAR,NO,0,0,0.0,0,0.0,0.0,0.0,4,18.0,0,1,1,22.0,0,4.0,5.0,,,71.0,205.0,22.4149375,1.0,Stanford,2017.0,2017.0,CAR,8.0,,0.033333335
2018,5,00-0033282,C.Samuel,WR,CAR,NYG,0,0,0.0,0,0.0,0.0,0.0,0,0.0,0,4,2,37.0,1,9.7,11.7,,,71.0,195.0,22.237000000000002,1.0,Ohio State,2017.0,2017.0,CAR,40.0,2.0,0.11764706
2018,7,00-0033282,C.Samuel,WR,CAR,PHI,0,0,0.0,0,0.0,0.0,0.0,2,9.0,1,1,1,16.0,0,8.5,9.5,,,71.0,195.0,22.237000000000002,1.0,Ohio State,2017.0,2017.0,CAR,40.0,,0.027027028
2018,8,00-0033282,C.Samuel,WR,CAR,BAL,0,0,0.0,0,0.0,0.0,0.0,0,0.0,0,3,3,28.0,0,2.8,5.8,,,71.0,195.0,22.237000000000002,1.0,Ohio State,2017.0,2017.0,CAR,40.0,15.0,0.11111111
2018,9,00-0033282,C.Samuel,WR,CAR,TB,0,0,0.0,0,0.0,0.0,0.0,1,33.0,1,4,2,25.0,1,17.8,19.8,,,71.0,195.0,22.237000000000002,1.0,Ohio State,2017.0,2017.0,CAR,40.0,14.0,0.16666667
2018,10,00-0033282,C.Samuel,WR,CAR,PIT,0,0,0.0,0,0.0,0.0,0.0,1,1.0,0,4,4,18.0,0,1.9,5.9,,,71.0,195.0,22.237000000000002,1.0,Ohio State,2017.0,2017.0,CAR,40.0,,0.14285715
2018,11,00-0033282,C.Samuel,WR,CAR,DET,0,0,0.0,0,0.0,0.0,0.0,0,0.0,0,7,5,55.0,1,11.5,16.5,,,71.0,195.0,22.237000000000002,1.0,Ohio State,2017.0,2017.0,CAR,40.0,,0.1891892
2018,12,00-0033282,C.Samuel,WR,CAR,SEA,0,0,0.0,0,0.0,0.0,0.0,1,25.0,0,2,2,17.0,1,10.2,12.2,,,71.0,195.0,22.237000000000002,1.0,Ohio State,2017.0,2017.0,CAR,40.0,-3.0,0.06896552
2018,13,00-0033282,C.Samuel,WR,CAR,TB,0,0,0.0,0,0.0,0.0,0.0,1,8.0,0,11,6,88.0,0,9.6,15.6,,,71.0,195.0,22.237000000000002,1.0,Ohio State,2017.0,2017.0,CAR,40.0,,0.2682927
2018,14,00-0033282,C.Samuel,WR,CAR,CLE,0,0,0.0,0,0.0,0.0,0.0,0,0.0,0,8,4,80.0,0,8.0,12.0,,,71.0,195.0,22.237000000000002,1.0,Ohio State,2017.0,2017.0,CAR,40.0,,0.1904762
2018,15,00-0033282,C.Samuel,WR,CAR,NO,0,0,0.0,0,0.0,0.0,0.0,2,8.0,0,4,1,17.0,0,2.5,3.5,,,71.0,195.0,22.237000000000002,1.0,Ohio State,2017.0,2017.0,CAR,40.0,-3.0,0.13793103
2018,16,00-0033282,C.Samuel,WR,CAR,ATL,0,0,0.0,0,0.0,0.0,0.0,0,0.0,0,13,7,41.0,0,4.1,11.1,,,71.0,195.0,22.237000000000002,1.0,Ohio State,2017.0,2017.0,CAR,40.0,-14.0,0.23636363
2018,17,00-0033282,C.Samuel,WR,CAR,NO,0,0,0.0,0,0.0,0.0,0.0,0,0.0,0,4,2,72.0,1,13.2,15.2,,,71.0,195.0,22.237000000000002,1.0,Ohio State,2017.0,2017.0,CAR,40.0,,0.13333334
2018,1,00-0033288,G.Kittle,TE,SF,MIN,0,0,0.0,0,0.0,0.0,0.0,0,0.0,0,9,5,90.0,0,9.0,14.0,,,76.0,247.0,25.067875,1.0,Iowa,2017.0,2017.0,SF,146.0,,0.28125
2018,2,00-0033288,G.Kittle,TE,SF,DET,0,0,0.0,0,0.0,0.0,0.0,0,0.0,0,4,2,22.0,0,2.2,4.2,,,76.0,247.0,25.067875,1.0,Iowa,2017.0,2017.0,SF,146.0,3.0,0.16
2018,3,00-0033288,G.Kittle,TE,SF,KC,0,0,0.0,0,0.0,0.0,0.0,0,0.0,0,7,5,79.0,0,9.9,14.9,,,76.0,247.0,25.067875,1.0,Iowa,2017.0,2017.0,SF,146.0,,0.23333333
2018,4,00-0033288,G.Kittle,TE,SF,LAC,0,0,0.0,0,0.0,0.0,0.0,0,0.0,0,8,6,125.0,1,18.5,24.5,,,76.0,247.0,25.067875,1.0,Iowa,2017.0,2017.0,SF,146.0,,0.22222222
2018,5,00-0033288,G.Kittle,TE,SF,ARI,0,0,0.0,0,0.0,0.0,0.0,0,0.0,0,7,5,83.0,0,8.3,13.3,,,76.0,247.0,25.067875,1.0,Iowa,2017.0,2017.0,SF,146.0,-10.0,0.12962963
2018,6,00-0033288,G.Kittle,TE,SF,GB,0,0,0.0,0,0.0,0.0,0.0,0,0.0,0,6,4,30.0,0,3.0,7.0,,,76.0,247.0,25.067875,1.0,Iowa,2017.0,2017.0,SF,146.0,,0.26086956
2018,7,00-0033288,G.Kittle,TE,SF,LA,0,0,0.0,0,0.0,0.0,0.0,0,0.0,0,8,5,98.0,1,15.8,20.8,,,76.0,247.0,25.067875,1.0,Iowa,2017.0,2017.0,SF,146.0,-29.0,0.2962963
2018,8,00-0033288,G.Kittle,TE,SF,ARI,0,0,0.0,0,0.0,0.0,0.0,0,0.0,0,8,5,57.0,0,5.7,10.7,,,76.0,247.0,25.067875,1.0,Iowa,2017.0,2017.0,SF,146.0,,0.2962963
2018,9,00-0033288,G.Kittle,TE,SF,LV,0,0,0.0,0,0.0,0.0,0.0,0,0.0,0,4,4,108.0,1,16.8,20.8,,,76.0,247.0,25.067875,1.0,Iowa,2017.0,2017.0,SF,146.0,31.0,0.18181819
2018,10,00-0033288,G.Kittle,TE,SF,NYG,0,0,0.0,0,0.0,0.0,0.0,0,0.0,0,10,9,83.0,0,8.3,17.3,,,76.0,247.0,25.067875,1.0,Iowa,2017.0,2017.0,SF,146.0,-4.0,0.2857143
2018,12,00-0033288,G.Kittle,TE,SF,TB,0,0,0.0,0,0.0,0.0,0.0,1,10.0,0,13,6,48.0,0,5.8,11.8,,,76.0,247.0,25.067875,1.0,Iowa,2017.0,2017.0,SF,146.0,,0.41935483
2018,13,00-0033288,G.Kittle,TE,SF,SEA,0,0,0.0,0,0.0,0.0,0.0,0,0.0,0,9,6,70.0,0,7.0,13.0,,,76.0,247.0,25.067875,1.0,Iowa,2017.0,2017.0,SF,146.0,,0.21428572
2018,14,00-0033288,G.Kittle,TE,SF,DEN,0,0,0.0,0,0.0,0.0,0.0,0,0.0,0,9,7,210.0,1,27.0,34.0,,,76.0,247.0,25.067875,1.0,Iowa,2017.0,2017.0,SF,146.0,6.0,0.28125
2018,15,00-0033288,G.Kittle,TE,SF,SEA,0,0,0.0,0,0.0,0.0,0.0,0,0.0,0,8,3,51.0,0,5.1,8.1,,,76.0,247.0,25.067875,1.0,Iowa,2017.0,2017.0,SF,146.0,3.0,0.27586207
2018,16,00-0033288,G.Kittle,TE,SF,CHI,0,0,0.0,0,0.0,0.0,0.0,0,0.0,0,12,7,74.0,0,7.4,14.4,,,76.0,247.0,25.067875,1.0,Iowa,2017.0,2017.0,SF,146.0,-5.0,0.3243243
2018,17,00-0033288,G.Kittle,TE,SF,LA,0,0,0.0,0,0.0,0.0,0.0,0,0.0,0,14,9,149.0,1,20.9,29.9,,,76.0,247.0,25.067875,1.0,Iowa,2017.0,2017.0,SF,146.0,,0.42424244
2018,1,00-0033292,T.Taylor,WR,SF,MIN,0,0,0.0,0,0.0,0.0,0.0,0,0.0,0,6,4,28.0,0,2.8,6.8,,,68.0,181.0,24.51225,1.0,Louisiana Tech,2017.0,2017.0,SF,177.0,,0.1875
2018,2,00-0033292,T.Taylor,WR,SF,DET,0,0,0.0,0,0.0,0.0,0.0,0,0.0,0,2,0,0.0,0,0.0,0.0,,,68.0,181.0,24.51225,1.0,Louisiana Tech,2017.0,2017.0,SF,177.0,3.0,0.08
2018,3,00-0033292,T.Taylor,WR,SF,KC,0,0,0.0,0,0.0,0.0,0.0,0,0.0,0,4,3,24.0,0,2.4,5.4,,,68.0,181.0,24.51225,1.0,Louisiana Tech,2017.0,2017.0,SF,177.0,,0.13333334
2018,4,00-0033292,T.Taylor,WR,SF,LAC,0,0,0.0,0,0.0,0.0,0.0,0,0.0,0,3,2,12.0,0,1.2,3.2,,,68.0,181.0,24.51225,1.0,Louisiana Tech,2017.0,2017.0,SF,177.0,,0.083333336
2018,5,00-0033292,T.Taylor,WR,SF,ARI,0,0,0.0,0,0.0,0.0,0.0,0,0.0,0,8,7,61.0,1,12.1,19.1,,,68.0,181.0,24.51225,1.0,Louisiana Tech,2017.0,2017.0,SF,177.0,-10.0,0.14814815
2018,7,00-0033292,T.Taylor,WR,SF,LA,0,0,0.0,0,0.0,0.0,0.0,0,0.0,0,3,1,6.0,0,0.6,1.6,,,68.0,181.0,24.51225,1.0,Louisiana Tech,2017.0,2017.0,SF,177.0,-29.0,0.11111111
2018,8,00-0033292,T.Taylor,WR,SF,ARI,0,0,0.0,0,0.0,0.0,0.0,0,0.0,0,2,1,7.0,0,0.7,1.7,,,68.0,181.0,24.51225,1.0,Louisiana Tech,2017.0,2017.0,SF,177.0,,0.074074075
2018,10,00-0033292,T.Taylor,WR,SF,NYG,0,0,0.0,0,0.0,0.0,0.0,0,0.0,0,1,1,12.0,0,1.2,2.2,,,68.0,181.0,24.51225,1.0,Louisiana Tech,2017.0,2017.0,SF,177.0,-4.0,0.028571429
2018,13,00-0033292,T.Taylor,WR,SF,SEA,0,0,0.0,0,0.0,0.0,0.0,0,0.0,0,2,1,11.0,0,1.1,2.1,,,68.0,181.0,24.51225,1.0,Louisiana Tech,2017.0,2017.0,SF,177.0,,0.04761905
2018,14,00-0033292,T.Taylor,WR,SF,DEN,0,0,0.0,0,0.0,0.0,0.0,0,0.0,0,2,1,6.0,0,0.6,1.6,,,68.0,181.0,24.51225,1.0,Louisiana Tech,2017.0,2017.0,SF,177.0,6.0,0.0625
2018,15,00-0033292,T.Taylor,WR,SF,SEA,0,0,0.0,0,0.0,0.0,0.0,0,0.0,0,2,1,8.0,0,0.8,1.8,,,68.0,181.0,24.51225,1.0,Louisiana Tech,2017.0,2017.0,SF,177.0,3.0,0.06896552
2018,16,00-0033292,T.Taylor,WR,SF,CHI,0,0,0.0,0,0.0,0.0,0.0,0,0.0,0,1,1,23.0,0,2.3,3.3,,,68.0,181.0,24.51225,1.0,Louisiana Tech,2017.0,2017.0,SF,177.0,-5.0,0.027027028
2018,17,00-0033292,T.Taylor,WR,SF,LA,0,0,0.0,0,0.0,0.0,0.0,0,0.0,0,4,3,17.0,0,3.7,6.7,,,68.0,181.0,24.51225,1.0,Louisiana Tech,2017.0,2017.0,SF,177.0,,0.121212125
2018,3,00-0033293,A.Jones,RB,GB,WAS,0,0,0.0,0,0.0,0.0,0.0,6,42.0,0,1,1,5.0,0,4.7,5.7,,,69.0,208.0,23.925375,1.0,Texas-El Paso,2017.0,2017.0,GB,182.0,,0.022222223
2018,4,00-0033293,A.Jones,RB,GB,BUF,0,0,0.0,0,0.0,0.0,0.0,11,65.0,1,1,1,17.0,0,14.2,15.2,,,69.0,208.0,23.925375,1.0,Texas-El Paso,2017.0,2017.0,GB,182.0,22.0,0.025
2018,5,00-0033293,A.Jones,RB,GB,DET,0,0,0.0,0,0.0,0.0,0.0,7,40.0,0,3,2,19.0,0,5.9,7.9,,,69.0,208.0,23.925375,1.0,Texas-El Paso,2017.0,2017.0,GB,182.0,,0.06
2018,6,00-0033293,A.Jones,RB,GB,SF,0,0,0.0,0,0.0,0.0,0.0,8,41.0,0,1,0,0.0,0,4.1,4.1,,,69.0,208.0,23.925375,1.0,Texas-El Paso,2017.0,2017.0,GB,182.0,3.0,0.022727273
2018,8,00-0033293,A.Jones,RB,GB,LA,0,0,0.0,0,0.0,0.0,0.0,12,86.0,1,2,2,0.0,0,14.6,16.6,,,69.0,208.0,23.925375,1.0,Texas-El Paso,2017.0,2017.0,GB,182.0,,0.06666667
2018,9,00-0033293,A.Jones,RB,GB,NE,0,0,0.0,0,0.0,0.0,0.0,14,75.0,0,4,2,10.0,0,6.5,8.5,,,69.0,208.0,23.925375,1.0,Texas-El Paso,2017.0,2017.0,GB,182.0,,0.102564104
2018,10,00-0033293,A.Jones,RB,GB,MIA,0,0,0.0,0,0.0,0.0,0.0,15,145.0,2,5,3,27.0,0,29.2,32.2,,,69.0,208.0,23.925375,1.0,Texas-El Paso,2017.0,2017.0,GB,182.0,19.0,0.1923077
2018,11,00-0033293,A.Jones,RB,GB,SEA,0,0,0.0,0,0.0,0.0,0.0,11,40.0,1,6,5,63.0,1,22.3,27.3,,,69.0,208.0,23.925375,1.0,Texas-El Paso,2017.0,2017.0,GB,182.0,,0.20689656
2018,12,00-0033293,A.Jones,RB,GB,MIN,0,0,0.0,0,0.0,0.0,0.0,17,72.0,1,5,3,21.0,0,15.3,18.3,,,69.0,208.0,23.925375,1.0,Texas-El Paso,2017.0,2017.0,GB,182.0,,0.18518518
2018,13,00-0033293,A.Jones,RB,GB,ARI,0,0,0.0,0,0.0,0.0,0.0,11,36.0,1,4,4,16.0,0,11.2,15.2,,,69.0,208.0,23.925375,1.0,Texas-El Paso,2017.0,2017.0,GB,182.0,-3.0,0.083333336
2018,14,00-0033293,A.Jones,RB,GB,ATL,0,0,0.0,0,0.0,0.0,0.0,17,78.0,1,3,3,28.0,0,16.6,19.6,,,69.0,208.0,23.925375,1.0,Texas-El Paso,2017.0,2017.0,GB,182.0,14.0,0.09677419
2018,15,00-0033293,A.Jones,RB,GB,CHI,0,0,0.0,0,0.0,0.0,0.0,4,8.0,0,0,0,0.0,0,0.8,0.8,,,69.0,208.0,23.925375,1.0,Texas-El Paso,2017.0,2017.0,GB,182.0,,
2018,9,00-0033295,E.McGuire,RB,NYJ,MIA,0,0,0.0,0,0.0,0.0,0.0,7,30.0,0,5,3,37.0,0,6.7,9.7,,,70.0,214.0,24.4241875,1.0,Louisiana-Lafayette,2017.0,2017.0,NYJ,188.0,,0.13157895
2018,10,00-0033295,E.McGuire,RB,NYJ,BUF,0,0,0.0,0,0.0,0.0,0.0,6,30.0,0,6,3,27.0,0,5.7,8.7,,,70.0,214.0,24.4241875,1.0,Louisiana-Lafayette,2017.0,2017.0,NYJ,188.0,-31.0,0.18181819
2018,12,00-0033295,E.McGuire,RB,NYJ,NE,0,0,0.0,0,0.0,0.0,0.0,6,19.0,0,3,1,7.0,0,2.6,3.6,,,70.0,214.0,24.4241875,1.0,Louisiana-Lafayette,2017.0,2017.0,NYJ,188.0,-14.0,0.07317073
2018,13,00-0033295,E.McGuire,RB,NYJ,TEN,0,0,0.0,0,0.0,0.0,0.0,6,19.0,0,2,1,-4.0,0,1.5,2.5,,,70.0,214.0,24.4241875,1.0,Louisiana-Lafayette,2017.0,2017.0,NYJ,188.0,,0.06666667
2018,14,00-0033295,E.McGuire,RB,NYJ,BUF,0,0,0.0,0,0.0,0.0,0.0,17,60.0,1,4,3,23.0,0,14.3,17.3,,,70.0,214.0,24.4241875,1.0,Louisiana-Lafayette,2017.0,2017.0,NYJ,188.0,,0.16666667
2018,15,00-0033295,E.McGuire,RB,NYJ,HOU,0,0,0.0,0,0.0,0.0,0.0,18,42.0,1,4,3,29.0,0,11.1,14.1,,,70.0,214.0,24.4241875,1.0,Louisiana-Lafayette,2017.0,2017.0,NYJ,188.0,-7.0,0.114285715
2018,16,00-0033295,E.McGuire,RB,NYJ,GB,0,0,0.0,0,0.0,0.0,0.0,14,35.0,1,5,3,50.0,1,20.5,23.5,,,70.0,214.0,24.4241875,1.0,Louisiana-Lafayette,2017.0,2017.0,NYJ,188.0,-6.0,0.14705883
2018,17,00-0033295,E.McGuire,RB,NYJ,NE,0,0,0.0,0,0.0,0.0,0.0,18,41.0,0,2,2,24.0,0,4.5,6.5,,,70.0,214.0,24.4241875,1.0,Louisiana-Lafayette,2017.0,2017.0,NYJ,188.0,,0.071428575
2018,1,00-0033296,A.Armah,RB,CAR,DAL,0,0,0.0,0,0.0,0.0,0.0,1,1.0,1,0,0,0.0,0,6.1,6.1,,,74.0,255.0,24.473875,1.0,West Georgia,2017.0,2017.0,CAR,192.0,8.0,
2018,2,00-0033296,A.Armah,RB,CAR,ATL,0,0,0.0,0,0.0,0.0,0.0,1,4.0,0,0,0,0.0,0,0.4,0.4,,,74.0,255.0,24.473875,1.0,West Georgia,2017.0,2017.0,CAR,192.0,,
2018,3,00-0033296,A.Armah,RB,CAR,CIN,0,0,0.0,0,0.0,0.0,0.0,1,1.0,0,0,0,0.0,0,0.1,0.1,,,74.0,255.0,24.473875,1.0,West Georgia,2017.0,2017.0,CAR,192.0,10.0,
2018,5,00-0033296,A.Armah,RB,CAR,NYG,0,0,0.0,0,0.0,0.0,0.0,1,4.0,0,0,0,0.0,0,0.4,0.4,,,74.0,255.0,24.473875,1.0,West Georgia,2017.0,2017.0,CAR,192.0,2.0,
2018,9,00-0033296,A.Armah,RB,CAR,TB,0,0,0.0,0,0.0,0.0,0.0,1,1.0,1,0,0,0.0,0,6.1,6.1,,,74.0,255.0,24.473875,1.0,West Georgia,2017.0,2017.0,CAR,192.0,14.0,
2018,10,00-0033296,A.Armah,RB,CAR,PIT,0,0,0.0,0,0.0,0.0,0.0,2,3.0,0,0,0,0.0,0,0.3,0.3,,,74.0,255.0,24.473875,1.0,West Georgia,2017.0,2017.0,CAR,192.0,,
2018,14,00-0033296,A.Armah,RB,CAR,CLE,0,0,0.0,0,0.0,0.0,0.0,1,0.0,0,0,0,0.0,0,0.0,0.0,,,74.0,255.0,24.473875,1.0,West Georgia,2017.0,2017.0,CAR,192.0,,
2018,17,00-0033296,A.Armah,RB,CAR,NO,0,0,0.0,0,0.0,0.0,0.0,1,1.0,0,1,1,5.0,0,0.6,1.6,,,74.0,255.0,24.473875,1.0,West Georgia,2017.0,2017.0,CAR,192.0,,0.033333335
2018,5,00-0033306,V.Bolden,WR,SF,ARI,0,0,0.0,0,0.0,0.0,0.0,0,0.0,0,4,1,10.0,0,1.0,2.0,,,68.0,178.0,23.5839375,1.0,Oregon State,2017.0,2017.0,,,-10.0,0.074074075
2018,1,00-0033307,K.Bourne,WR,SF,MIN,0,0,0.0,0,0.0,0.0,0.0,0,0.0,0,1,0,0.0,0,0.0,0.0,,,73.0,203.0,23.2499375,1.0,Eastern Washington,2017.0,2017.0,,,,0.03125
2018,2,00-0033307,K.Bourne,WR,SF,DET,0,0,0.0,0,0.0,0.0,0.0,0,0.0,0,1,1,4.0,1,6.4,7.4,,,73.0,203.0,23.2499375,1.0,Eastern Washington,2017.0,2017.0,,,3.0,0.04
2018,3,00-0033307,K.Bourne,WR,SF,KC,0,0,0.0,0,0.0,0.0,0.0,0,0.0,0,2,1,27.0,0,2.7,3.7,,,73.0,203.0,23.2499375,1.0,Eastern Washington,2017.0,2017.0,,,,0.06666667
2018,4,00-0033307,K.Bourne,WR,SF,LAC,0,0,0.0,0,0.0,0.0,0.0,0,0.0,0,4,3,34.0,1,9.4,12.4,,,73.0,203.0,23.2499375,1.0,Eastern Washington,2017.0,2017.0,,,,0.11111111
2018,5,00-0033307,K.Bourne,WR,SF,ARI,0,0,0.0,0,0.0,0.0,0.0,0,0.0,0,7,4,33.0,0,3.3,7.3,,,73.0,203.0,23.2499375,1.0,Eastern Washington,2017.0,2017.0,,,-10.0,0.12962963
2018,6,00-0033307,K.Bourne,WR,SF,GB,0,0,0.0,0,0.0,0.0,0.0,0,0.0,0,3,1,22.0,0,2.2,3.2,,,73.0,203.0,23.2499375,1.0,Eastern Washington,2017.0,2017.0,,,,0.13043478
2018,7,00-0033307,K.Bourne,WR,SF,LA,0,0,0.0,0,0.0,0.0,0.0,0,0.0,0,1,0,0.0,0,0.0,0.0,,,73.0,203.0,23.2499375,1.0,Eastern Washington,2017.0,2017.0,,,-29.0,0.037037037
2018,8,00-0033307,K.Bourne,WR,SF,ARI,0,0,0.0,0,0.0,0.0,0.0,0,0.0,0,10,7,71.0,0,7.1,14.1,,,73.0,203.0,23.2499375,1.0,Eastern Washington,2017.0,2017.0,,,,0.37037036
2018,9,00-0033307,K.Bourne,WR,SF,LV,0,0,0.0,0,0.0,0.0,0.0,0,0.0,0,2,2,6.0,1,6.6,8.6,,,73.0,203.0,23.2499375,1.0,Eastern Washington,2017.0,2017.0,,,31.0,0.09090909
2018,10,00-0033307,K.Bourne,WR,SF,NYG,0,0,0.0,0,0.0,0.0,0.0,0,0.0,0,6,4,33.0,0,3.3,7.3,,,73.0,203.0,23.2499375,1.0,Eastern Washington,2017.0,2017.0,,,-4.0,0.17142858
2018,12,00-0033307,K.Bourne,WR,SF,TB,0,0,0.0,0,0.0,0.0,0.0,0,0.0,0,3,2,27.0,0,2.7,4.7,,,73.0,203.0,23.2499375,1.0,Eastern Washington,2017.0,2017.0,,,,0.09677419
2018,13,00-0033307,K.Bourne,WR,SF,SEA,0,0,0.0,0,0.0,0.0,0.0,0,0.0,0,7,4,60.0,0,6.0,10.0,,,73.0,203.0,23.2499375,1.0,Eastern Washington,2017.0,2017.0,,,,0.16666667
2018,14,00-0033307,K.Bourne,WR,SF,DEN,0,0,0.0,0,0.0,0.0,0.0,0,0.0,0,4,2,22.0,0,2.2,4.2,,,73.0,203.0,23.2499375,1.0,Eastern Washington,2017.0,2017.0,,,6.0,0.125
2018,15,00-0033307,K.Bourne,WR,SF,SEA,0,0,0.0,0,0.0,0.0,0.0,0,0.0,0,4,2,16.0,0,1.6,3.6,,,73.0,203.0,23.2499375,1.0,Eastern Washington,2017.0,2017.0,,,3.0,0.13793103
2018,16,00-0033307,K.Bourne,WR,SF,CHI,0,0,0.0,0,0.0,0.0,0.0,0,0.0,0,6,4,73.0,0,7.3,11.3,,,73.0,203.0,23.2499375,1.0,Eastern Washington,2017.0,2017.0,,,-5.0,0.16216215
2018,17,00-0033307,K.Bourne,WR,SF,LA,0,0,0.0,0,0.0,0.0,0.0,0,0.0,0,6,5,59.0,1,11.9,16.9,,,73.0,203.0,23.2499375,1.0,Eastern Washington,2017.0,2017.0,,,,0.18181819
2018,1,00-0033308,M.Breida,RB,SF,MIN,0,0,0.0,0,0.0,0.0,0.0,11,46.0,0,2,1,5.0,0,5.1,6.1,,,71.0,190.0,23.6798125,1.0,Georgia Southern,2017.0,2017.0,,,,0.0625
2018,2,00-0033308,M.Breida,RB,SF,DET,0,0,0.0,0,0.0,0.0,0.0,11,138.0,1,4,3,21.0,0,21.9,24.9,,,71.0,190.0,23.6798125,1.0,Georgia Southern,2017.0,2017.0,,,3.0,0.16
2018,3,00-0033308,M.Breida,RB,SF,KC,0,0,0.0,0,0.0,0.0,0.0,10,90.0,0,3,3,27.0,0,11.7,14.7,,,71.0,190.0,23.6798125,1.0,Georgia Southern,2017.0,2017.0,,,,0.1
2018,4,00-0033308,M.Breida,RB,SF,LAC,0,0,0.0,0,0.0,0.0,0.0,9,39.0,0,3,3,32.0,0,7.1,10.1,,,71.0,190.0,23.6798125,1.0,Georgia Southern,2017.0,2017.0,,,,0.083333336
2018,5,00-0033308,M.Breida,RB,SF,ARI,0,0,0.0,0,0.0,0.0,0.0,8,56.0,0,1,1,5.0,1,12.1,13.1,,,71.0,190.0,23.6798125,1.0,Georgia Southern,2017.0,2017.0,,,-10.0,0.018518519
2018,6,00-0033308,M.Breida,RB,SF,GB,0,0,0.0,0,0.0,0.0,0.0,14,61.0,1,0,0,0.0,0,12.1,12.1,,,71.0,190.0,23.6798125,1.0,Georgia Southern,2017.0,2017.0,,,,
2018,7,00-0033308,M.Breida,RB,SF,LA,0,0,0.0,0,0.0,0.0,0.0,5,15.0,0,0,0,0.0,0,-0.5,-0.5,,,71.0,190.0,23.6798125,1.0,Georgia Southern,2017.0,2017.0,,,-29.0,
2018,8,00-0033308,M.Breida,RB,SF,ARI,0,0,0.0,0,0.0,0.0,0.0,16,42.0,0,0,0,0.0,0,4.2,4.2,,,71.0,190.0,23.6798125,1.0,Georgia Southern,2017.0,2017.0,,,,
2018,9,00-0033308,M.Breida,RB,SF,LV,0,0,0.0,0,0.0,0.0,0.0,12,44.0,0,1,1,3.0,0,4.7,5.7,,,71.0,190.0,23.6798125,1.0,Georgia Southern,2017.0,2017.0,,,31.0,0.045454547
2018,10,00-0033308,M.Breida,RB,SF,NYG,0,0,0.0,0,0.0,0.0,0.0,17,101.0,1,4,3,31.0,1,25.2,28.2,,,71.0,190.0,23.6798125,1.0,Georgia Southern,2017.0,2017.0,,,-4.0,0.114285715
2018,12,00-0033308,M.Breida,RB,SF,TB,0,0,0.0,0,0.0,0.0,0.0,14,106.0,0,4,3,34.0,0,14.0,17.0,,,71.0,190.0,23.6798125,1.0,Georgia Southern,2017.0,2017.0,,,,0.12903225
2018,13,00-0033308,M.Breida,RB,SF,SEA,0,0,0.0,0,0.0,0.0,0.0,5,6.0,0,3,3,51.0,0,5.7,8.7,,,71.0,190.0,23.6798125,1.0,Georgia Southern,2017.0,2017.0,,,,0.071428575
2018,15,00-0033308,M.Breida,RB,SF,SEA,0,0,0.0,0,0.0,0.0,0.0,17,50.0,0,5,5,46.0,0,9.6,14.6,,,71.0,190.0,23.6798125,1.0,Georgia Southern,2017.0,2017.0,,,3.0,0.1724138
2018,16,00-0033308,M.Breida,RB,SF,CHI,0,0,0.0,0,0.0,0.0,0.0,4,20.0,0,1,1,6.0,0,2.6,3.6,,,71.0,190.0,23.6798125,1.0,Georgia Southern,2017.0,2017.0,,,-5.0,0.027027028
2018,9,00-0033319,N.Mullens,QB,SF,LV,16,22,262.0,3,0.0,0.0,-0.0,4,-3.0,0,0,0,0.0,0,22.18,22.18,,,73.0,210.0,23.6224375,1.0,Southern Mississippi,2017.0,2017.0,,,31.0,
2018,10,00-0033319,N.Mullens,QB,SF,NYG,27,39,250.0,1,2.0,0.0,-0.0,2,1.0,0,0,0,0.0,0,10.1,10.1,,,73.0,210.0,23.6224375,1.0,Southern Mississippi,2017.0,2017.0,,,-4.0,
2018,12,00-0033319,N.Mullens,QB,SF,TB,18,32,221.0,1,2.0,4.0,27.0,2,-1.0,0,0,0,0.0,0,8.74,8.74,,,73.0,210.0,23.6224375,1.0,Southern Mississippi,2017.0,2017.0,,,,
2018,13,00-0033319,N.Mullens,QB,SF,SEA,30,48,414.0,2,1.0,3.0,28.0,2,1.0,0,0,0,0.0,0,22.66,22.66,,,73.0,210.0,23.6224375,1.0,Southern Mississippi,2017.0,2017.0,,,,
2018,14,00-0033319,N.Mullens,QB,SF,DEN,20,33,332.0,2,1.0,3.0,27.0,5,-10.0,0,0,0,0.0,0,18.28,18.28,,,73.0,210.0,23.6224375,1.0,Southern Mississippi,2017.0,2017.0,,,6.0,
2018,15,00-0033319,N.Mullens,QB,SF,SEA,20,29,275.0,1,0.0,3.0,18.0,2,-2.0,0,0,0,0.0,0,14.8,14.8,,,73.0,210.0,23.6224375,1.0,Southern Mississippi,2017.0,2017.0,,,3.0,
2018,16,00-0033319,N.Mullens,QB,SF,CHI,22,38,241.0,0,1.0,1.0,9.0,0,0.0,0,0,0,0.0,0,7.64,7.64,,,73.0,210.0,23.6224375,1.0,Southern Mississippi,2017.0,2017.0,,,-5.0,
2018,17,00-0033319,N.Mullens,QB,SF,LA,23,33,282.0,3,3.0,3.0,18.0,1,-2.0,0,0,0,0.0,0,19.08,19.08,,,73.0,210.0,23.6224375,1.0,Southern Mississippi,2017.0,2017.0,,,,
2018,3,00-0033357,T.Hill,QB,NO,ATL,0,0,0.0,0,0.0,0.0,0.0,3,39.0,0,0,0,0.0,0,3.9,3.9,,,74.0,221.0,28.224944444444443,1.0,Brigham Young,2017.0,2017.0,,,,
2018,4,00-0033357,T.Hill,QB,NO,NYG,1,2,10.0,0,0.0,0.0,-0.0,4,28.0,0,1,1,-4.0,0,2.8,3.8,,,74.0,221.0,28.224944444444443,1.0,Brigham Young,2017.0,2017.0,,,,0.030303031
2018,5,00-0033357,T.Hill,QB,NO,WAS,0,0,0.0,0,0.0,0.0,0.0,5,23.0,1,0,0,0.0,0,8.3,8.3,,,74.0,221.0,28.224944444444443,1.0,Brigham Young,2017.0,2017.0,,,24.0,
2018,7,00-0033357,T.Hill,QB,NO,BAL,0,0,0.0,0,0.0,0.0,0.0,6,35.0,0,0,0,0.0,0,1.5,1.5,,,74.0,221.0,28.224944444444443,1.0,Brigham Young,2017.0,2017.0,,,,
2018,8,00-0033357,T.Hill,QB,NO,MIN,1,1,44.0,0,0.0,0.0,-0.0,3,-2.0,0,1,1,5.0,0,2.06,3.06,,,74.0,221.0,28.224944444444443,1.0,Brigham Young,2017.0,2017.0,,,,0.04347826
2018,9,00-0033357,T.Hill,QB,NO,LA,0,0,0.0,0,0.0,0.0,0.0,2,10.0,0,1,0,0.0,0,1.0,1.0,,,74.0,221.0,28.224944444444443,1.0,Brigham Young,2017.0,2017.0,,,10.0,0.027777778
2018,10,00-0033357,T.Hill,QB,NO,CIN,0,1,0.0,0,0.0,0.0,-0.0,4,24.0,0,1,0,0.0,0,2.4,2.4,,,74.0,221.0,28.224944444444443,1.0,Brigham Young,2017.0,2017.0,,,,0.037037037
2018,11,00-0033357,T.Hill,QB,NO,PHI,1,2,10.0,0,0.0,0.0,-0.0,3,4.0,0,1,0,0.0,0,0.8,0.8,,,74.0,221.0,28.224944444444443,1.0,Brigham Young,2017.0,2017.0,,,41.0,0.03125
2018,12,00-0033357,T.Hill,QB,NO,ATL,0,0,0.0,0,0.0,1.0,3.0,2,13.0,0,0,0,0.0,0,1.3,1.3,,,74.0,221.0,28.224944444444443,1.0,Brigham Young,2017.0,2017.0,,,14.0,
2018,14,00-0033357,T.Hill,QB,NO,TB,0,0,0.0,0,0.0,0.0,0.0,1,-6.0,0,0,0,0.0,0,-0.6,-0.6,,,74.0,221.0,28.224944444444443,1.0,Brigham Young,2017.0,2017.0,,,,
2018,15,00-0033357,T.Hill,QB,NO,CAR,0,0,0.0,0,0.0,0.0,0.0,1,17.0,0,1,0,0.0,0,1.7,1.7,,,74.0,221.0,28.224944444444443,1.0,Brigham Young,2017.0,2017.0,,,,0.029411765
2018,16,00-0033357,T.Hill,QB,NO,PIT,0,1,0.0,0,1.0,0.0,-0.0,0,0.0,0,0,0,0.0,0,-2.0,-2.0,,,74.0,221.0,28.224944444444443,1.0,Brigham Young,2017.0,2017.0,,,3.0,
2018,17,00-0033357,T.Hill,QB,NO,CAR,0,0,0.0,0,0.0,0.0,0.0,3,11.0,1,1,1,3.0,0,7.4,8.4,,,74.0,221.0,28.224944444444443,1.0,Brigham Young,2017.0,2017.0,,,-19.0,0.04761905
2018,19,00-0033357,T.Hill,QB,NO,PHI,0,0,0.0,0,0.0,0.0,0.0,2,8.0,0,1,0,0.0,0,0.8,0.8,,,74.0,221.0,28.224944444444443,1.0,Brigham Young,2017.0,2017.0,,,6.0,0.027027028
2018,20,00-0033357,T.Hill,QB,NO,LA,0,1,0.0,0,0.0,0.0,-0.0,1,0.0,0,1,1,2.0,1,6.2,7.2,,,74.0,221.0,28.224944444444443,1.0,Brigham Young,2017.0,2017.0,,,-3.0,0.025641026
2018,9,00-0033373,T.Mizzell,RB,CHI,BUF,0,0,0.0,0,0.0,0.0,0.0,0,0.0,0,2,1,5.0,0,0.5,1.5,,,70.0,185.0,25.05194117647059,1.0,Virginia,2017.0,2017.0,,,,0.1
2018,10,00-0033373,T.Mizzell,RB,CHI,DET,0,0,0.0,0,0.0,0.0,0.0,1,0.0,0,0,0,0.0,0,0.0,0.0,,,70.0,185.0,25.05194117647059,1.0,Virginia,2017.0,2017.0,,,12.0,
2018,11,00-0033373,T.Mizzell,RB,CHI,MIN,0,0,0.0,0,0.0,0.0,0.0,1,-1.0,0,0,0,0.0,0,-0.1,-0.1,,,70.0,185.0,25.05194117647059,1.0,Virginia,2017.0,2017.0,,,5.0,
2018,12,00-0033373,T.Mizzell,RB,CHI,DET,0,0,0.0,0,0.0,0.0,0.0,1,7.0,0,3,2,21.0,1,8.8,10.8,,,70.0,185.0,25.05194117647059,1.0,Virginia,2017.0,2017.0,,,,0.078947365
2018,13,00-0033373,T.Mizzell,RB,CHI,NYG,0,0,0.0,0,0.0,0.0,0.0,3,7.0,0,2,2,16.0,0,2.3,4.3,,,70.0,185.0,25.05194117647059,1.0,Virginia,2017.0,2017.0,,,,0.05
2018,14,00-0033373,T.Mizzell,RB,CHI,LA,0,0,0.0,0,0.0,0.0,0.0,1,1.0,0,0,0,0.0,0,0.1,0.1,,,70.0,185.0,25.05194117647059,1.0,Virginia,2017.0,2017.0,,,9.0,
2018,15,00-0033373,T.Mizzell,RB,CHI,GB,0,0,0.0,0,0.0,0.0,0.0,1,1.0,0,1,1,9.0,0,1.0,2.0,,,70.0,185.0,25.05194117647059,1.0,Virginia,2017.0,2017.0,,,7.0,0.035714287
2018,16,00-0033373,T.Mizzell,RB,CHI,SF,0,0,0.0,0,0.0,0.0,0.0,1,1.0,0,2,2,27.0,0,2.8,4.8,,,70.0,185.0,25.05194117647059,1.0,Virginia,2017.0,2017.0,,,,0.06896552
2018,18,00-0033373,T.Mizzell,RB,CHI,PHI,0,0,0.0,0,0.0,0.0,0.0,1,-1.0,0,1,0,0.0,0,-0.1,-0.1,,,70.0,185.0,25.05194117647059,1.0,Virginia,2017.0,2017.0,,,-1.0,0.024390243
2018,5,00-0033374,R.Ortiz,FB,ATL,PIT,0,0,0.0,0,0.0,0.0,0.0,0,0.0,0,1,0,0.0,0,0.0,0.0,,,72.0,230.0,24.556125,1.0,Oregon State,2017.0,2017.0,,,,0.022222223
2018,7,00-0033374,R.Ortiz,FB,ATL,NYG,0,0,0.0,0,0.0,0.0,0.0,0,0.0,0,2,2,7.0,0,0.7,2.7,,,72.0,230.0,24.556125,1.0,Oregon State,2017.0,2017.0,,,3.0,0.055555556
2018,16,00-0033374,R.Ortiz,FB,ATL,CAR,0,0,0.0,0,0.0,0.0,0.0,0,0.0,0,1,1,4.0,0,0.4,1.4,,,72.0,230.0,24.556125,1.0,Oregon State,2017.0,2017.0,,,,0.03846154
2018,1,00-0033375,T.Patrick,WR,DEN,SEA,0,0,0.0,0,0.0,0.0,0.0,0,0.0,0,2,0,0.0,0,0.0,0.0,,,76.0,205.0,24.9458125,1.0,Utah,2017.0,2017.0,,,3.0,0.051282052
2018,2,00-0033375,T.Patrick,WR,DEN,LV,0,0,0.0,0,0.0,0.0,0.0,0,0.0,0,2,1,26.0,0,2.6,3.6,,,76.0,205.0,24.9458125,1.0,Utah,2017.0,2017.0,,,1.0,0.05882353
2018,5,00-0033375,T.Patrick,WR,DEN,NYJ,0,0,0.0,0,0.0,0.0,0.0,0,0.0,0,1,1,6.0,0,0.6,1.6,,,76.0,205.0,24.9458125,1.0,Utah,2017.0,2017.0,,,,0.019607844
2018,8,00-0033375,T.Patrick,WR,DEN,KC,0,0,0.0,0,0.0,0.0,0.0,1,13.0,0,1,1,24.0,1,9.7,10.7,,,76.0,205.0,24.9458125,1.0,Utah,2017.0,2017.0,,,,0.030303031
2018,9,00-0033375,T.Patrick,WR,DEN,HOU,0,0,0.0,0,0.0,0.0,0.0,0,0.0,0,4,1,17.0,0,1.7,2.7,,,76.0,205.0,24.9458125,1.0,Utah,2017.0,2017.0,,,-2.0,0.10526316
2018,11,00-0033375,T.Patrick,WR,DEN,LAC,0,0,0.0,0,0.0,0.0,0.0,0,0.0,0,1,0,0.0,0,0.0,0.0,,,76.0,205.0,24.9458125,1.0,Utah,2017.0,2017.0,,,,0.032258064
2018,14,00-0033375,T.Patrick,WR,DEN,SF,0,0,0.0,0,0.0,0.0,0.0,1,11.0,0,10,7,85.0,0,9.6,16.6,,,76.0,205.0,24.9458125,1.0,Utah,2017.0,2017.0,,,,0.2631579
2018,15,00-0033375,T.Patrick,WR,DEN,CLE,0,0,0.0,0,0.0,0.0,0.0,0,0.0,0,8,5,65.0,0,6.5,11.5,,,76.0,205.0,24.9458125,1.0,Utah,2017.0,2017.0,,,-1.0,0.17777778
2018,16,00-0033375,T.Patrick,WR,DEN,LV,0,0,0.0,0,0.0,0.0,0.0,1,-7.0,0,5,3,44.0,0,3.7,6.7,,,76.0,205.0,24.9458125,1.0,Utah,2017.0,2017.0,,,,0.1388889
2018,17,00-0033375,T.Patrick,WR,DEN,LAC,0,0,0.0,0,0.0,0.0,0.0,0,0.0,0,7,4,48.0,0,2.8,6.8,,,76.0,205.0,24.9458125,1.0,Utah,2017.0,2017.0,,,-14.0,0.14893617
2018,4,00-0033379,T.White,WR,BAL,PIT,0,0,0.0,0,0.0,0.0,0.0,0,0.0,0,1,1,14.0,0,1.4,2.4,,,70.0,175.0,24.314941176470587,1.0,Arizona State,2017.0,2017.0,,,,0.025
2018,1,00-0033382,A.Carr,WR,NO,TB,0,0,0.0,0,0.0,0.0,0.0,0,0.0,0,2,2,20.0,0,2.0,4.0,,,73.0,195.0,24.884666666666664,1.0,Northwestern,2017.0,2017.0,,,-8.0,0.045454547
2018,2,00-0033382,A.Carr,WR,NO,CLE,0,0,0.0,0,0.0,0.0,0.0,0,0.0,0,1,0,0.0,0,0.0,0.0,,,73.0,195.0,24.884666666666664,1.0,Northwestern,2017.0,2017.0,,,3.0,0.028571429
2018,3,00-0033382,A.Carr,WR,NO,ATL,0,0,0.0,0,0.0,0.0,0.0,0,0.0,0,2,1,25.0,0,2.5,3.5,,,73.0,195.0,24.884666666666664,1.0,Northwestern,2017.0,2017.0,,,,0.040816326
2018,5,00-0033382,A.Carr,WR,NO,WAS,0,0,0.0,0,0.0,0.0,0.0,0,0.0,0,2,2,17.0,0,1.7,3.7,,,73.0,195.0,24.884666666666664,1.0,Northwestern,2017.0,2017.0,,,24.0,0.06896552
2018,8,00-0033382,A.Carr,WR,NO,MIN,0,0,0.0,0,0.0,0.0,0.0,0,0.0,0,1,0,0.0,0,0.0,0.0,,,73.0,195.0,24.884666666666664,1.0,Northwestern,2017.0,2017.0,,,,0.04347826
2018,10,00-0033382,A.Carr,WR,NO,CIN,0,0,0.0,0,0.0,0.0,0.0,0,0.0,0,2,2,20.0,0,2.0,4.0,,,73.0,195.0,24.884666666666664,1.0,Northwestern,2017.0,2017.0,,,,0.074074075
2018,11,00-0033382,A.Carr,WR,NO,PHI,0,0,0.0,0,0.0,0.0,0.0,0,0.0,0,2,1,3.0,1,6.3,7.3,,,73.0,195.0,24.884666666666664,1.0,Northwestern,2017.0,2017.0,,,41.0,0.0625
2018,12,00-0033382,A.Carr,WR,NO,ATL,0,0,0.0,0,0.0,0.0,0.0,0,0.0,0,1,1,12.0,1,7.2,8.2,,,73.0,195.0,24.884666666666664,1.0,Northwestern,2017.0,2017.0,,,14.0,0.045454547
2018,17,00-0033382,A.Carr,WR,NO,CAR,0,0,0.0,0,0.0,0.0,0.0,0,0.0,0,1,0,0.0,0,0.0,0.0,,,73.0,195.0,24.884666666666664,1.0,Northwestern,2017.0,2017.0,,,-19.0,0.04761905
2018,20,00-0033382,A.Carr,WR,NO,LA,0,0,0.0,0,0.0,0.0,0.0,0,0.0,0,1,1,5.0,0,0.5,1.5,,,73.0,195.0,24.884666666666664,1.0,Northwestern,2017.0,2017.0,,,-3.0,0.025641026
2018,2,00-0033387,J.Hollister,TE,NE,JAX,0,0,0.0,0,0.0,0.0,0.0,0,0.0,0,3,3,35.0,0,3.5,6.5,,,76.0,239.0,24.993000000000002,1.0,Wyoming,2017.0,2017.0,,,,0.08571429
2018,10,00-0033387,J.Hollister,TE,NE,TEN,0,0,0.0,0,0.0,0.0,0.0,0,0.0,0,2,1,17.0,0,1.7,2.7,,,76.0,239.0,24.993000000000002,1.0,Wyoming,2017.0,2017.0,,,,0.05
2018,4,00-0033421,A.Auclair,TE,TB,CHI,0,0,0.0,0,0.0,0.0,0.0,0,0.0,0,1,1,8.0,0,0.8,1.8,,,78.0,256.0,25.442375,1.0,"Laval, Can.",2017.0,2017.0,,,,0.02631579
2018,6,00-0033421,A.Auclair,TE,TB,ATL,0,0,0.0,0,0.0,0.0,0.0,0,0.0,0,1,1,5.0,0,0.5,1.5,,,78.0,256.0,25.442375,1.0,"Laval, Can.",2017.0,2017.0,,,,0.025
2018,7,00-0033421,A.Auclair,TE,TB,CLE,0,0,0.0,0,0.0,0.0,0.0,0,0.0,0,3,3,15.0,0,1.5,4.5,,,78.0,256.0,25.442375,1.0,"Laval, Can.",2017.0,2017.0,,,3.0,0.057692308
2018,12,00-0033421,A.Auclair,TE,TB,SF,0,0,0.0,0,0.0,0.0,0.0,0,0.0,0,1,1,8.0,0,0.8,1.8,,,78.0,256.0,25.442375,1.0,"Laval, Can.",2017.0,2017.0,,,18.0,0.02631579
2018,14,00-0033421,A.Auclair,TE,TB,NO,0,0,0.0,0,0.0,0.0,0.0,0,0.0,0,1,1,12.0,0,1.2,2.2,,,78.0,256.0,25.442375,1.0,"Laval, Can.",2017.0,2017.0,,,-14.0,0.027027028
2018,17,00-0033421,A.Auclair,TE,TB,ATL,0,0,0.0,0,0.0,0.0,0.0,0,0.0,0,1,0,0.0,0,0.0,0.0,,,78.0,256.0,25.442375,1.0,"Laval, Can.",2017.0,2017.0,,,-2.0,0.03125
2018,14,00-0033434,B.Wilson,WR,TB,NO,0,0,0.0,0,0.0,0.0,0.0,0,0.0,0,1,1,8.0,0,0.8,1.8,,,69.0,186.0,23.780375,1.0,Florida State,2017.0,2017.0,,,-14.0,0.027027028
2018,16,00-0033434,B.Wilson,WR,TB,DAL,0,0,0.0,0,0.0,0.0,0.0,0,0.0,0,3,2,28.0,0,2.8,4.8,,,69.0,186.0,23.780375,1.0,Florida State,2017.0,2017.0,,,,0.0625
2018,17,00-0033434,B.Wilson,WR,TB,ATL,0,0,0.0,0,0.0,0.0,0.0,0,0.0,0,1,1,16.0,0,1.6,2.6,,,69.0,186.0,23.780375,1.0,Florida State,2017.0,2017.0,,,-2.0,0.03125
2018,12,00-0033441,K.Hatcher,WR,LV,BAL,0,0,0.0,0,0.0,0.0,0.0,0,0.0,0,2,1,8.0,0,0.8,1.8,,,73.0,212.0,24.150312500000002,1.0,Arkansas,2017.0,2017.0,,,,0.060606062
2018,6,00-0033455,A.Firkser,TE,TEN,BAL,0,0,0.0,0,0.0,0.0,0.0,0,0.0,0,2,2,25.0,0,2.5,4.5,,,74.0,220.0,23.707875,1.0,Harvard,2017.0,2017.0,,,-21.0,0.14285715
2018,10,00-0033455,A.Firkser,TE,TEN,NE,0,0,0.0,0,0.0,0.0,0.0,0,0.0,0,1,1,11.0,0,1.1,2.1,,,74.0,220.0,23.707875,1.0,Harvard,2017.0,2017.0,,,24.0,0.041666668
2018,11,00-0033455,A.Firkser,TE,TEN,IND,0,0,0.0,0,0.0,0.0,0.0,0,0.0,0,3,3,44.0,0,4.4,7.4,,,74.0,220.0,23.707875,1.0,Harvard,2017.0,2017.0,,,,0.10344828
2018,12,00-0033455,A.Firkser,TE,TEN,HOU,0,0,0.0,0,0.0,0.0,0.0,0,0.0,0,4,4,52.0,0,5.2,9.2,,,74.0,220.0,23.707875,1.0,Harvard,2017.0,2017.0,,,,0.17391305
2018,13,00-0033455,A.Firkser,TE,TEN,NYJ,0,0,0.0,0,0.0,0.0,0.0,0,0.0,0,3,3,42.0,1,10.2,13.2,,,74.0,220.0,23.707875,1.0,Harvard,2017.0,2017.0,,,4.0,0.09090909
2018,14,00-0033455,A.Firkser,TE,TEN,JAX,0,0,0.0,0,0.0,0.0,0.0,0,0.0,0,3,3,27.0,0,2.7,5.7,,,74.0,220.0,23.707875,1.0,Harvard,2017.0,2017.0,,,21.0,0.125
2018,16,00-0033455,A.Firkser,TE,TEN,WAS,0,0,0.0,0,0.0,0.0,0.0,0,0.0,0,3,2,16.0,0,1.6,3.6,,,74.0,220.0,23.707875,1.0,Harvard,2017.0,2017.0,,,9.0,0.13043478
2018,17,00-0033455,A.Firkser,TE,TEN,IND,0,0,0.0,0,0.0,0.0,0.0,0,0.0,0,1,1,8.0,0,0.8,1.8,,,74.0,220.0,23.707875,1.0,Harvard,2017.0,2017.0,,,-16.0,0.03448276
2018,1,00-0033460,J.Ross,WR,CIN,IND,0,0,0.0,0,0.0,0.0,0.0,0,0.0,0,2,1,3.0,1,6.3,7.3,,,71.0,188.0,22.9371875,1.0,Washington,2017.0,2017.0,CIN,9.0,,0.071428575
2018,2,00-0033460,J.Ross,WR,CIN,BAL,0,0,0.0,0,0.0,0.0,0.0,1,-3.0,0,4,1,8.0,0,0.5,1.5,,,71.0,188.0,22.9371875,1.0,Washington,2017.0,2017.0,CIN,9.0,11.0,0.09756097
2018,3,00-0033460,J.Ross,WR,CIN,CAR,0,0,0.0,0,0.0,0.0,0.0,0,0.0,0,7,3,16.0,0,1.6,4.6,,,71.0,188.0,22.9371875,1.0,Washington,2017.0,2017.0,CIN,9.0,,0.15555556
2018,4,00-0033460,J.Ross,WR,CIN,ATL,0,0,0.0,0,0.0,0.0,0.0,0,0.0,0,2,2,52.0,1,11.2,13.2,,,71.0,188.0,22.9371875,1.0,Washington,2017.0,2017.0,CIN,9.0,,0.048780486
2018,7,00-0033460,J.Ross,WR,CIN,KC,0,0,0.0,0,0.0,0.0,0.0,0,0.0,0,1,0,0.0,0,0.0,0.0,,,71.0,188.0,22.9371875,1.0,Washington,2017.0,2017.0,CIN,9.0,,0.03125
2018,10,00-0033460,J.Ross,WR,CIN,NO,0,0,0.0,0,0.0,0.0,0.0,0,0.0,0,6,2,39.0,1,9.9,11.9,,,71.0,188.0,22.9371875,1.0,Washington,2017.0,2017.0,CIN,9.0,-37.0,0.27272728
2018,11,00-0033460,J.Ross,WR,CIN,BAL,0,0,0.0,0,0.0,0.0,0.0,0,0.0,0,7,2,27.0,1,8.7,10.7,,,71.0,188.0,22.9371875,1.0,Washington,2017.0,2017.0,CIN,9.0,,0.19444445
2018,12,00-0033460,J.Ross,WR,CIN,CLE,0,0,0.0,0,0.0,0.0,0.0,0,0.0,0,7,3,31.0,1,9.1,12.1,,,71.0,188.0,22.9371875,1.0,Washington,2017.0,2017.0,CIN,9.0,-15.0,0.15555556
2018,13,00-0033460,J.Ross,WR,CIN,DEN,0,0,0.0,0,0.0,0.0,0.0,1,2.0,0,3,2,13.0,0,1.5,3.5,,,71.0,188.0,22.9371875,1.0,Washington,2017.0,2017.0,CIN,9.0,-14.0,0.083333336
2018,14,00-0033460,J.Ross,WR,CIN,LAC,0,0,0.0,0,0.0,0.0,0.0,0,0.0,0,4,2,11.0,1,7.1,9.1,,,71.0,188.0,22.9371875,1.0,Washington,2017.0,2017.0,CIN,9.0,,0.16
2018,15,00-0033460,J.Ross,WR,CIN,LV,0,0,0.0,0,0.0,0.0,0.0,1,3.0,0,5,1,6.0,0,0.9,1.9,,,71.0,188.0,22.9371875,1.0,Washington,2017.0,2017.0,CIN,9.0,14.0,0.15151516
2018,16,00-0033460,J.Ross,WR,CIN,CLE,0,0,0.0,0,0.0,0.0,0.0,1,7.0,0,5,1,3.0,1,7.0,8.0,,,71.0,188.0,22.9371875,1.0,Washington,2017.0,2017.0,CIN,9.0,,0.2631579
2018,17,00-0033460,J.Ross,WR,CIN,PIT,0,0,0.0,0,0.0,0.0,0.0,0,0.0,0,5,1,1.0,0,0.1,1.1,,,71.0,188.0,22.9371875,1.0,Washington,2017.0,2017.0,CIN,9.0,,0.2173913
2018,2,00-0033464,J.Chesson,WR,WAS,IND,0,0,0.0,0,0.0,0.0,0.0,0,0.0,0,1,0,0.0,0,0.0,0.0,,,74.0,203.0,24.879,1.0,Michigan,2017.0,2017.0,KC,139.0,-12.0,0.022727273
2018,14,00-0033464,J.Chesson,WR,WAS,NYG,0,0,0.0,0,0.0,0.0,0.0,1,-4.0,0,0,0,0.0,0,-0.4,-0.4,,,74.0,203.0,24.879,1.0,Michigan,2017.0,2017.0,KC,139.0,-24.0,
2018,17,00-0033464,J.Chesson,WR,WAS,PHI,0,0,0.0,0,0.0,0.0,0.0,0,0.0,0,1,1,7.0,0,0.7,1.7,,,74.0,203.0,24.879,1.0,Michigan,2017.0,2017.0,KC,139.0,-24.0,0.037037037
2018,10,00-0033466,I.McKenzie,WR,BUF,NYJ,0,0,0.0,0,0.0,0.0,0.0,3,32.0,0,1,1,14.0,0,4.6,5.6,,,68.0,173.0,23.5701875,1.0,Georgia,2017.0,2017.0,DEN,172.0,,0.03846154
2018,12,00-0033466,I.McKenzie,WR,BUF,JAX,0,0,0.0,0,0.0,0.0,0.0,2,8.0,1,3,2,11.0,0,7.9,9.9,,,68.0,173.0,23.5701875,1.0,Georgia,2017.0,2017.0,DEN,172.0,3.0,0.1764706
2018,13,00-0033466,I.McKenzie,WR,BUF,MIA,0,0,0.0,0,0.0,0.0,0.0,0,0.0,0,4,4,46.0,0,4.6,8.6,,,68.0,173.0,23.5701875,1.0,Georgia,2017.0,2017.0,DEN,172.0,,0.14285715
2018,14,00-0033466,I.McKenzie,WR,BUF,NYJ,0,0,0.0,0,0.0,0.0,0.0,4,22.0,1,7,4,47.0,0,12.9,16.9,,,68.0,173.0,23.5701875,1.0,Georgia,2017.0,2017.0,DEN,172.0,-4.0,0.2
2018,15,00-0033466,I.McKenzie,WR,BUF,DET,0,0,0.0,0,0.0,0.0,0.0,1,4.0,0,7,6,53.0,0,5.7,11.7,,,68.0,173.0,23.5701875,1.0,Georgia,2017.0,2017.0,DEN,172.0,1.0,0.3043478
2018,16,00-0033466,I.McKenzie,WR,BUF,NE,0,0,0.0,0,0.0,0.0,0.0,0,0.0,0,8,1,8.0,0,0.8,1.8,,,68.0,173.0,23.5701875,1.0,Georgia,2017.0,2017.0,DEN,172.0,,0.2
2018,13,00-0033471,I.Ford,WR,MIA,BUF,0,0,0.0,0,0.0,0.0,0.0,0,0.0,0,1,0,0.0,0,0.0,0.0,,,73.0,195.0,22.732187500000002,1.0,Virginia Tech,2017.0,2017.0,MIA,237.0,4.0,0.041666668
2018,13,00-0033474,G.Dieter,WR,KC,LV,0,0,0.0,0,0.0,0.0,0.0,0,0.0,0,1,0,0.0,0,0.0,0.0,,,74.0,207.0,25.71088888888889,1.0,Alabama,2017.0,2017.0,,,,0.027027028
2018,17,00-0033474,G.Dieter,WR,KC,LV,0,0,0.0,0,0.0,0.0,0.0,0,0.0,0,2,1,22.0,0,2.2,3.2,,,74.0,207.0,25.71088888888889,1.0,Alabama,2017.0,2017.0,,,32.0,0.074074075
2018,19,00-0033474,G.Dieter,WR,KC,IND,0,0,0.0,0,0.0,0.0,0.0,0,0.0,0,1,1,11.0,0,1.1,2.1,,,74.0,207.0,25.71088888888889,1.0,Alabama,2017.0,2017.0,,,18.0,0.024390243
2018,3,00-0033481,M.Kemp,WR,KC,SF,0,0,0.0,0,0.0,0.0,0.0,0,0.0,0,1,1,7.0,0,0.7,1.7,,,76.0,185.0,23.24405555555556,1.0,Hawaii,2017.0,2017.0,,,11.0,0.02631579
2018,10,00-0033481,M.Kemp,WR,KC,ARI,0,0,0.0,0,0.0,0.0,0.0,0,0.0,0,1,0,0.0,0,0.0,0.0,,,76.0,185.0,23.24405555555556,1.0,Hawaii,2017.0,2017.0,,,12.0,0.035714287
2018,6,00-0033526,S.Perine,RB,WAS,CAR,0,0,0.0,0,0.0,0.0,0.0,1,3.0,0,1,1,-3.0,0,0.0,1.0,,,71.0,236.0,23.1405625,1.0,Oklahoma,2017.0,2017.0,WAS,114.0,6.0,0.030303031
2018,7,00-0033526,S.Perine,RB,WAS,DAL,0,0,0.0,0,0.0,0.0,0.0,2,2.0,0,0,0,0.0,0,0.2,0.2,,,71.0,236.0,23.1405625,1.0,Oklahoma,2017.0,2017.0,WAS,114.0,3.0,
2018,9,00-0033526,S.Perine,RB,WAS,ATL,0,0,0.0,0,0.0,0.0,0.0,2,20.0,0,3,2,8.0,0,2.8,4.8,,,71.0,236.0,23.1405625,1.0,Oklahoma,2017.0,2017.0,WAS,114.0,-24.0,0.06666667
2018,17,00-0033526,S.Perine,RB,WAS,PHI,0,0,0.0,0,0.0,0.0,0.0,3,7.0,0,0,0,0.0,0,0.7,0.7,,,71.0,236.0,23.1405625,1.0,Oklahoma,2017.0,2017.0,WAS,114.0,-24.0,
2018,7,00-0033528,J.Sprinkle,TE,WAS,DAL,0,0,0.0,0,0.0,0.0,0.0,0,0.0,0,1,0,0.0,0,0.0,0.0,,,77.0,252.0,24.2410625,1.0,Arkansas,2017.0,2017.0,WAS,154.0,3.0,0.041666668
2018,10,00-0033528,J.Sprinkle,TE,WAS,TB,0,0,0.0,0,0.0,0.0,0.0,0,0.0,0,1,0,0.0,0,0.0,0.0,,,77.0,252.0,24.2410625,1.0,Arkansas,2017.0,2017.0,WAS,154.0,,0.03846154
2018,11,00-0033528,J.Sprinkle,TE,WAS,HOU,0,0,0.0,0,0.0,0.0,0.0,0,0.0,0,1,0,0.0,0,0.0,0.0,,,77.0,252.0,24.2410625,1.0,Arkansas,2017.0,2017.0,WAS,154.0,-2.0,0.027777778
2018,15,00-0033528,J.Sprinkle,TE,WAS,JAX,0,0,0.0,0,0.0,0.0,0.0,0,0.0,0,3,3,19.0,1,7.9,10.9,,,77.0,252.0,24.2410625,1.0,Arkansas,2017.0,2017.0,WAS,154.0,,0.13043478
2018,16,00-0033528,J.Sprinkle,TE,WAS,TEN,0,0,0.0,0,0.0,0.0,0.0,0,0.0,0,3,2,22.0,0,2.2,4.2,,,77.0,252.0,24.2410625,1.0,Arkansas,2017.0,2017.0,WAS,154.0,,0.13043478
2018,1,00-0033536,M.Williams,WR,LAC,KC,0,0,0.0,0,0.0,0.0,0.0,0,0.0,0,6,5,81.0,0,8.1,13.1,,,76.0,218.0,24.105611111111113,1.0,Clemson,2017.0,2017.0,LAC,7.0,-10.0,0.12
2018,2,00-0033536,M.Williams,WR,LAC,BUF,0,0,0.0,0,0.0,0.0,0.0,0,0.0,0,2,2,27.0,1,8.7,10.7,,,76.0,218.0,24.105611111111113,1.0,Clemson,2017.0,2017.0,LAC,7.0,,0.074074075
2018,3,00-0033536,M.Williams,WR,LAC,LA,0,0,0.0,0,0.0,0.0,0.0,0,0.0,0,7,4,81.0,2,20.1,24.1,,,76.0,218.0,24.105611111111113,1.0,Clemson,2017.0,2017.0,LAC,7.0,,0.23333333
2018,4,00-0033536,M.Williams,WR,LAC,SF,0,0,0.0,0,0.0,0.0,0.0,0,0.0,0,3,1,15.0,0,1.5,2.5,,,76.0,218.0,24.105611111111113,1.0,Clemson,2017.0,2017.0,LAC,7.0,2.0,0.078947365
2018,5,00-0033536,M.Williams,WR,LAC,LV,0,0,0.0,0,0.0,0.0,0.0,1,3.0,0,4,3,45.0,0,4.8,7.8,,,76.0,218.0,24.105611111111113,1.0,Clemson,2017.0,2017.0,LAC,7.0,16.0,0.15384616
2018,6,00-0033536,M.Williams,WR,LAC,CLE,0,0,0.0,0,0.0,0.0,0.0,1,10.0,0,4,1,4.0,0,1.4,2.4,,,76.0,218.0,24.105611111111113,1.0,Clemson,2017.0,2017.0,LAC,7.0,,0.1904762
2018,7,00-0033536,M.Williams,WR,LAC,TEN,0,0,0.0,0,0.0,0.0,0.0,1,3.0,0,3,1,55.0,1,11.8,12.8,,,76.0,218.0,24.105611111111113,1.0,Clemson,2017.0,2017.0,LAC,7.0,1.0,0.12
2018,9,00-0033536,M.Williams,WR,LAC,SEA,0,0,0.0,0,0.0,0.0,0.0,0,0.0,0,3,1,30.0,1,9.0,10.0,,,76.0,218.0,24.105611111111113,1.0,Clemson,2017.0,2017.0,LAC,7.0,,0.115384616
2018,10,00-0033536,M.Williams,WR,LAC,LV,0,0,0.0,0,0.0,0.0,0.0,1,0.0,0,0,0,0.0,0,0.0,0.0,,,76.0,218.0,24.105611111111113,1.0,Clemson,2017.0,2017.0,LAC,7.0,,
2018,11,00-0033536,M.Williams,WR,LAC,DEN,0,0,0.0,0,0.0,0.0,0.0,0,0.0,0,3,2,56.0,0,5.6,7.6,,,76.0,218.0,24.105611111111113,1.0,Clemson,2017.0,2017.0,LAC,7.0,-1.0,0.069767445
2018,12,00-0033536,M.Williams,WR,LAC,ARI,0,0,0.0,0,0.0,0.0,0.0,0,0.0,0,4,4,25.0,2,14.5,18.5,,,76.0,218.0,24.105611111111113,1.0,Clemson,2017.0,2017.0,LAC,7.0,35.0,0.12903225
2018,13,00-0033536,M.Williams,WR,LAC,PIT,0,0,0.0,0,0.0,0.0,0.0,0,0.0,0,3,3,52.0,0,5.2,8.2,,,76.0,218.0,24.105611111111113,1.0,Clemson,2017.0,2017.0,LAC,7.0,,0.083333336
2018,14,00-0033536,M.Williams,WR,LAC,CIN,0,0,0.0,0,0.0,0.0,0.0,0,0.0,0,6,3,45.0,0,4.5,7.5,,,76.0,218.0,24.105611111111113,1.0,Clemson,2017.0,2017.0,LAC,7.0,5.0,0.20689656
2018,15,00-0033536,M.Williams,WR,LAC,KC,0,0,0.0,0,0.0,0.0,0.0,1,19.0,1,9,7,76.0,2,29.5,36.5,,,76.0,218.0,24.105611111111113,1.0,Clemson,2017.0,2017.0,LAC,7.0,,0.23684211
2018,16,00-0033536,M.Williams,WR,LAC,BAL,0,0,0.0,0,0.0,0.0,0.0,1,4.0,0,3,1,7.0,0,1.1,2.1,,,76.0,218.0,24.105611111111113,1.0,Clemson,2017.0,2017.0,LAC,7.0,-12.0,0.083333336
2018,17,00-0033536,M.Williams,WR,LAC,DEN,0,0,0.0,0,0.0,0.0,0.0,1,-11.0,0,6,5,65.0,1,11.4,16.4,,,76.0,218.0,24.105611111111113,1.0,Clemson,2017.0,2017.0,LAC,7.0,,0.25
2018,18,00-0033536,M.Williams,WR,LAC,BAL,0,0,0.0,0,0.0,0.0,0.0,0,0.0,0,5,2,42.0,0,6.2,8.2,,,76.0,218.0,24.105611111111113,1.0,Clemson,2017.0,2017.0,LAC,7.0,,0.1724138
2018,19,00-0033536,M.Williams,WR,LAC,NE,0,0,0.0,0,0.0,0.0,0.0,0,0.0,0,11,5,68.0,0,6.8,11.8,,,76.0,218.0,24.105611111111113,1.0,Clemson,2017.0,2017.0,LAC,7.0,,0.23404256
2018,1,00-0033537,D.Watson,QB,HOU,NE,17,34,176.0,1,1.0,3.0,18.0,8,40.0,0,0,0,0.0,0,11.04,11.04,,,74.0,221.0,23.148705882352942,1.0,Clemson,2017.0,2017.0,HOU,12.0,,
2018,2,00-0033537,D.Watson,QB,HOU,TEN,22,32,310.0,2,1.0,4.0,21.0,5,44.0,0,0,0,0.0,0,22.8,22.8,,,74.0,221.0,23.148705882352942,1.0,Clemson,2017.0,2017.0,HOU,12.0,,
2018,3,00-0033537,D.Watson,QB,HOU,NYG,24,40,385.0,2,1.0,3.0,17.0,5,36.0,0,0,0,0.0,0,25.0,25.0,,,74.0,221.0,23.148705882352942,1.0,Clemson,2017.0,2017.0,HOU,12.0,-5.0,
2018,4,00-0033537,D.Watson,QB,HOU,IND,29,42,375.0,2,1.0,7.0,28.0,6,41.0,1,0,0,0.0,0,31.1,31.1,,,74.0,221.0,23.148705882352942,1.0,Clemson,2017.0,2017.0,HOU,12.0,,
2018,5,00-0033537,D.Watson,QB,HOU,DAL,33,44,375.0,1,1.0,1.0,1.0,10,40.0,0,0,0,0.0,0,21.0,21.0,,,74.0,221.0,23.148705882352942,1.0,Clemson,2017.0,2017.0,HOU,12.0,3.0,
2018,6,00-0033537,D.Watson,QB,HOU,BUF,15,25,177.0,1,2.0,7.0,35.0,2,2.0,0,0,0,0.0,0,5.28,5.28,,,74.0,221.0,23.148705882352942,1.0,Clemson,2017.0,2017.0,HOU,12.0,7.0,
2018,7,00-0033537,D.Watson,QB,HOU,JAX,12,24,139.0,1,0.0,1.0,8.0,7,13.0,0,0,0,0.0,0,10.86,10.86,,,74.0,221.0,23.148705882352942,1.0,Clemson,2017.0,2017.0,HOU,12.0,,
2018,8,00-0033537,D.Watson,QB,HOU,MIA,16,20,239.0,5,0.0,0.0,-0.0,1,14.0,0,0,0,0.0,0,30.96,30.96,,,74.0,221.0,23.148705882352942,1.0,Clemson,2017.0,2017.0,HOU,12.0,19.0,
2018,9,00-0033537,D.Watson,QB,HOU,DEN,17,24,213.0,2,0.0,4.0,21.0,6,38.0,0,0,0,0.0,0,20.32,20.32,,,74.0,221.0,23.148705882352942,1.0,Clemson,2017.0,2017.0,HOU,12.0,,
2018,11,00-0033537,D.Watson,QB,HOU,WAS,16,24,208.0,1,2.0,3.0,27.0,3,7.0,0,0,0,0.0,0,9.02,9.02,,,74.0,221.0,23.148705882352942,1.0,Clemson,2017.0,2017.0,HOU,12.0,,
2018,12,00-0033537,D.Watson,QB,HOU,TEN,19,24,210.0,2,0.0,4.0,29.0,9,70.0,1,0,0,0.0,0,29.4,29.4,,,74.0,221.0,23.148705882352942,1.0,Clemson,2017.0,2017.0,HOU,12.0,17.0,
2018,13,00-0033537,D.Watson,QB,HOU,CLE,22,31,224.0,1,0.0,4.0,27.0,7,30.0,0,0,0,0.0,0,15.96,15.96,,,74.0,221.0,23.148705882352942,1.0,Clemson,2017.0,2017.0,HOU,12.0,16.0,
2018,14,00-0033537,D.Watson,QB,HOU,IND,27,38,267.0,1,0.0,5.0,41.0,5,35.0,0,0,0,0.0,0,18.18,18.18,,,74.0,221.0,23.148705882352942,1.0,Clemson,2017.0,2017.0,HOU,12.0,-3.0,
2018,15,00-0033537,D.Watson,QB,HOU,NYJ,22,28,294.0,2,0.0,6.0,55.0,4,26.0,0,0,0,0.0,0,22.36,22.36,,,74.0,221.0,23.148705882352942,1.0,Clemson,2017.0,2017.0,HOU,12.0,,
2018,16,00-0033537,D.Watson,QB,HOU,PHI,29,40,339.0,2,0.0,4.0,30.0,8,49.0,2,0,0,0.0,0,36.46,36.46,,,74.0,221.0,23.148705882352942,1.0,Clemson,2017.0,2017.0,HOU,12.0,,
2018,17,00-0033537,D.Watson,QB,HOU,JAX,25,35,234.0,0,0.0,6.0,26.0,13,66.0,1,0,0,0.0,0,21.96,21.96,,,74.0,221.0,23.148705882352942,1.0,Clemson,2017.0,2017.0,HOU,12.0,17.0,
2018,18,00-0033537,D.Watson,QB,HOU,IND,29,49,235.0,1,1.0,3.0,18.0,8,76.0,0,0,0,0.0,0,19.0,19.0,,,74.0,221.0,23.148705882352942,1.0,Clemson,2017.0,2017.0,HOU,12.0,-14.0,
2018,1,00-0033553,J.Conner,RB,PIT,CLE,0,0,0.0,0,0.0,0.0,0.0,31,135.0,2,6,5,57.0,0,29.2,34.2,,,73.0,233.0,23.5038125,1.0,Pittsburgh,2017.0,2017.0,PIT,105.0,,0.14634146
2018,2,00-0033553,J.Conner,RB,PIT,KC,0,0,0.0,0,0.0,0.0,0.0,8,17.0,1,5,5,48.0,0,14.5,19.5,,,73.0,233.0,23.5038125,1.0,Pittsburgh,2017.0,2017.0,PIT,105.0,-5.0,0.083333336
2018,3,00-0033553,J.Conner,RB,PIT,TB,0,0,0.0,0,0.0,0.0,0.0,15,61.0,0,6,5,34.0,0,9.5,14.5,,,73.0,233.0,23.5038125,1.0,Pittsburgh,2017.0,2017.0,PIT,105.0,,0.16216215
2018,4,00-0033553,J.Conner,RB,PIT,BAL,0,0,0.0,0,0.0,0.0,0.0,9,19.0,0,7,3,25.0,0,6.4,9.4,,,73.0,233.0,23.5038125,1.0,Pittsburgh,2017.0,2017.0,PIT,105.0,-12.0,0.1521739
2018,5,00-0033553,J.Conner,RB,PIT,ATL,0,0,0.0,0,0.0,0.0,0.0,21,110.0,2,4,4,75.0,0,30.5,34.5,,,73.0,233.0,23.5038125,1.0,Pittsburgh,2017.0,2017.0,PIT,105.0,24.0,0.13793103
2018,6,00-0033553,J.Conner,RB,PIT,CIN,0,0,0.0,0,0.0,0.0,0.0,19,111.0,2,7,4,18.0,0,24.9,28.9,,,73.0,233.0,23.5038125,1.0,Pittsburgh,2017.0,2017.0,PIT,105.0,,0.15555556
2018,8,00-0033553,J.Conner,RB,PIT,CLE,0,0,0.0,0,0.0,0.0,0.0,24,146.0,2,6,5,66.0,0,33.2,38.2,,,73.0,233.0,23.5038125,1.0,Pittsburgh,2017.0,2017.0,PIT,105.0,15.0,0.18181819
2018,9,00-0033553,J.Conner,RB,PIT,BAL,0,0,0.0,0,0.0,0.0,0.0,24,107.0,0,9,7,56.0,1,22.3,29.3,,,73.0,233.0,23.5038125,1.0,Pittsburgh,2017.0,2017.0,PIT,105.0,,0.19565217
2018,10,00-0033553,J.Conner,RB,PIT,CAR,0,0,0.0,0,0.0,0.0,0.0,13,65.0,1,1,1,8.0,0,13.3,14.3,,,73.0,233.0,23.5038125,1.0,Pittsburgh,2017.0,2017.0,PIT,105.0,31.0,0.037037037
2018,11,00-0033553,J.Conner,RB,PIT,JAX,0,0,0.0,0,0.0,0.0,0.0,9,25.0,0,9,6,24.0,0,4.9,10.9,,,73.0,233.0,23.5038125,1.0,Pittsburgh,2017.0,2017.0,PIT,105.0,,0.2
2018,12,00-0033553,J.Conner,RB,PIT,DEN,0,0,0.0,0,0.0,0.0,0.0,13,53.0,0,4,4,42.0,0,7.5,11.5,,,73.0,233.0,23.5038125,1.0,Pittsburgh,2017.0,2017.0,PIT,105.0,,0.06896552
2018,13,00-0033553,J.Conner,RB,PIT,LAC,0,0,0.0,0,0.0,0.0,0.0,15,60.0,2,4,3,14.0,0,19.4,22.4,,,73.0,233.0,23.5038125,1.0,Pittsburgh,2017.0,2017.0,PIT,105.0,-3.0,0.08888889
2018,17,00-0033553,J.Conner,RB,PIT,CIN,0,0,0.0,0,0.0,0.0,0.0,14,64.0,0,3,3,30.0,0,9.4,12.4,,,73.0,233.0,23.5038125,1.0,Pittsburgh,2017.0,2017.0,PIT,105.0,3.0,0.06666667
2018,1,00-0033556,T.Cohen,RB,CHI,GB,0,0,0.0,0,0.0,0.0,0.0,5,25.0,0,4,3,16.0,0,4.1,7.1,,,66.0,181.0,23.291529411764706,1.0,North Carolina A&amp;T,2017.0,2017.0,CHI,119.0,,0.121212125
2018,2,00-0033556,T.Cohen,RB,CHI,SEA,0,0,0.0,0,0.0,0.0,0.0,4,8.0,0,1,1,17.0,0,2.5,3.5,,,66.0,181.0,23.291529411764706,1.0,North Carolina A&amp;T,2017.0,2017.0,CHI,119.0,7.0,0.029411765
2018,3,00-0033556,T.Cohen,RB,CHI,ARI,0,0,0.0,0,0.0,0.0,0.0,5,53.0,0,3,3,15.0,0,6.8,9.8,,,66.0,181.0,23.291529411764706,1.0,North Carolina A&amp;T,2017.0,2017.0,CHI,119.0,,0.08571429
2018,4,00-0033556,T.Cohen,RB,CHI,TB,0,0,0.0,0,0.0,0.0,0.0,13,53.0,0,8,7,121.0,1,23.4,30.4,,,66.0,181.0,23.291529411764706,1.0,North Carolina A&amp;T,2017.0,2017.0,CHI,119.0,38.0,0.30769232
2018,6,00-0033556,T.Cohen,RB,CHI,MIA,0,0,0.0,0,0.0,0.0,0.0,5,31.0,1,9,7,90.0,0,16.1,23.1,,,66.0,181.0,23.291529411764706,1.0,North Carolina A&amp;T,2017.0,2017.0,CHI,119.0,,0.3
2018,7,00-0033556,T.Cohen,RB,CHI,NE,0,0,0.0,0,0.0,0.0,0.0,6,14.0,0,13,8,69.0,1,14.3,22.3,,,66.0,181.0,23.291529411764706,1.0,North Carolina A&amp;T,2017.0,2017.0,CHI,119.0,-7.0,0.27083334
2018,8,00-0033556,T.Cohen,RB,CHI,NYJ,0,0,0.0,0,0.0,0.0,0.0,5,40.0,0,3,1,70.0,1,17.0,18.0,,,66.0,181.0,23.291529411764706,1.0,North Carolina A&amp;T,2017.0,2017.0,CHI,119.0,14.0,0.10344828
2018,9,00-0033556,T.Cohen,RB,CHI,BUF,0,0,0.0,0,0.0,0.0,0.0,6,5.0,0,2,1,8.0,0,1.3,2.3,,,66.0,181.0,23.291529411764706,1.0,North Carolina A&amp;T,2017.0,2017.0,CHI,119.0,,0.1
2018,10,00-0033556,T.Cohen,RB,CHI,DET,0,0,0.0,0,0.0,0.0,0.0,7,15.0,1,7,6,29.0,0,10.4,16.4,,,66.0,181.0,23.291529411764706,1.0,North Carolina A&amp;T,2017.0,2017.0,CHI,119.0,12.0,0.23333333
2018,11,00-0033556,T.Cohen,RB,CHI,MIN,0,0,0.0,0,0.0,0.0,0.0,7,27.0,0,5,3,23.0,0,3.0,6.0,,,66.0,181.0,23.291529411764706,1.0,North Carolina A&amp;T,2017.0,2017.0,CHI,119.0,5.0,0.16666667
2018,12,00-0033556,T.Cohen,RB,CHI,DET,0,0,0.0,0,0.0,0.0,0.0,3,14.0,0,8,7,45.0,1,11.9,18.9,,,66.0,181.0,23.291529411764706,1.0,North Carolina A&amp;T,2017.0,2017.0,CHI,119.0,,0.21052632
2018,13,00-0033556,T.Cohen,RB,CHI,NYG,1,1,1.0,1,0.0,0.0,-0.0,8,30.0,0,14,12,156.0,0,22.64,34.64,,,66.0,181.0,23.291529411764706,1.0,North Carolina A&amp;T,2017.0,2017.0,CHI,119.0,,0.35
2018,14,00-0033556,T.Cohen,RB,CHI,LA,0,0,0.0,0,0.0,0.0,0.0,9,69.0,0,4,4,20.0,0,8.9,12.9,,,66.0,181.0,23.291529411764706,1.0,North Carolina A&amp;T,2017.0,2017.0,CHI,119.0,9.0,0.14285715
2018,15,00-0033556,T.Cohen,RB,CHI,GB,0,0,0.0,0,0.0,0.0,0.0,5,24.0,0,6,5,31.0,1,9.5,14.5,,,66.0,181.0,23.291529411764706,1.0,North Carolina A&amp;T,2017.0,2017.0,CHI,119.0,7.0,0.21428572
2018,16,00-0033556,T.Cohen,RB,CHI,SF,0,0,0.0,0,0.0,0.0,0.0,6,12.0,0,1,1,7.0,0,1.9,2.9,,,66.0,181.0,23.291529411764706,1.0,North Carolina A&amp;T,2017.0,2017.0,CHI,119.0,,0.03448276
2018,17,00-0033556,T.Cohen,RB,CHI,MIN,0,0,0.0,0,0.0,0.0,0.0,5,24.0,1,3,2,8.0,0,9.2,11.2,,,66.0,181.0,23.291529411764706,1.0,North Carolina A&amp;T,2017.0,2017.0,CHI,119.0,,0.115384616
2018,18,00-0033556,T.Cohen,RB,CHI,PHI,0,0,0.0,0,0.0,0.0,0.0,1,0.0,0,5,3,27.0,0,2.7,5.7,,,66.0,181.0,23.291529411764706,1.0,North Carolina A&amp;T,2017.0,2017.0,CHI,119.0,-1.0,0.12195122
2018,2,00-0033559,M.Roberts,TE,DET,SF,0,0,0.0,0,0.0,0.0,0.0,0,0.0,0,1,1,15.0,1,7.5,8.5,,,77.0,265.0,24.498874999999998,1.0,Toledo,2017.0,2017.0,DET,127.0,,0.01923077
2018,7,00-0033559,M.Roberts,TE,DET,MIA,0,0,0.0,0,0.0,0.0,0.0,0,0.0,0,3,3,48.0,2,16.8,19.8,,,77.0,265.0,24.498874999999998,1.0,Toledo,2017.0,2017.0,DET,127.0,,0.13636364
2018,8,00-0033559,M.Roberts,TE,DET,SEA,0,0,0.0,0,0.0,0.0,0.0,0,0.0,0,1,0,0.0,0,0.0,0.0,,,77.0,265.0,24.498874999999998,1.0,Toledo,2017.0,2017.0,DET,127.0,-14.0,0.025641026
2018,9,00-0033559,M.Roberts,TE,DET,MIN,0,0,0.0,0,0.0,0.0,0.0,0,0.0,0,4,1,12.0,0,1.2,2.2,,,77.0,265.0,24.498874999999998,1.0,Toledo,2017.0,2017.0,DET,127.0,,0.11764706
2018,10,00-0033559,M.Roberts,TE,DET,CHI,0,0,0.0,0,0.0,0.0,0.0,0,0.0,0,3,1,9.0,0,0.9,1.9,,,77.0,265.0,24.498874999999998,1.0,Toledo,2017.0,2017.0,DET,127.0,,0.071428575
2018,12,00-0033559,M.Roberts,TE,DET,CHI,0,0,0.0,0,0.0,0.0,0.0,0,0.0,0,6,3,16.0,0,1.6,4.6,,,77.0,265.0,24.498874999999998,1.0,Toledo,2017.0,2017.0,DET,127.0,-7.0,0.16216215
2018,14,00-0033559,M.Roberts,TE,DET,ARI,0,0,0.0,0,0.0,0.0,0.0,0,0.0,0,2,0,0.0,0,0.0,0.0,,,77.0,265.0,24.498874999999998,1.0,Toledo,2017.0,2017.0,DET,127.0,,0.09090909
2018,1,00-0033562,R.Switzer,WR,PIT,CLE,0,0,0.0,0,0.0,0.0,0.0,1,8.0,0,1,0,0.0,0,0.8,0.8,,,68.0,181.0,24.0020625,1.0,North Carolina,2017.0,2017.0,DAL,133.0,,0.024390243
2018,2,00-0033562,R.Switzer,WR,PIT,KC,0,0,0.0,0,0.0,0.0,0.0,2,5.0,0,2,1,14.0,0,1.9,2.9,,,68.0,181.0,24.0020625,1.0,North Carolina,2017.0,2017.0,DAL,133.0,-5.0,0.033333335
2018,3,00-0033562,R.Switzer,WR,PIT,TB,0,0,0.0,0,0.0,0.0,0.0,0,0.0,0,3,3,9.0,1,6.9,9.9,,,68.0,181.0,24.0020625,1.0,North Carolina,2017.0,2017.0,DAL,133.0,,0.08108108
2018,4,00-0033562,R.Switzer,WR,PIT,BAL,0,0,0.0,0,0.0,0.0,0.0,1,1.0,0,7,7,32.0,0,3.3,10.3,,,68.0,181.0,24.0020625,1.0,North Carolina,2017.0,2017.0,DAL,133.0,-12.0,0.1521739
2018,5,00-0033562,R.Switzer,WR,PIT,ATL,0,0,0.0,0,0.0,0.0,0.0,0,0.0,0,1,1,5.0,0,0.5,1.5,,,68.0,181.0,24.0020625,1.0,North Carolina,2017.0,2017.0,DAL,133.0,24.0,0.03448276
2018,6,00-0033562,R.Switzer,WR,PIT,CIN,0,0,0.0,0,0.0,0.0,0.0,0,0.0,0,1,1,7.0,0,0.7,1.7,,,68.0,181.0,24.0020625,1.0,North Carolina,2017.0,2017.0,DAL,133.0,,0.022222223
2018,8,00-0033562,R.Switzer,WR,PIT,CLE,0,0,0.0,0,0.0,0.0,0.0,0,0.0,0,1,0,0.0,0,0.0,0.0,,,68.0,181.0,24.0020625,1.0,North Carolina,2017.0,2017.0,DAL,133.0,15.0,0.030303031
2018,9,00-0033562,R.Switzer,WR,PIT,BAL,0,0,0.0,0,0.0,0.0,0.0,0,0.0,0,4,3,21.0,0,2.1,5.1,,,68.0,181.0,24.0020625,1.0,North Carolina,2017.0,2017.0,DAL,133.0,,0.08695652
2018,10,00-0033562,R.Switzer,WR,PIT,CAR,0,0,0.0,0,0.0,0.0,0.0,0,0.0,0,2,2,31.0,0,3.1,5.1,,,68.0,181.0,24.0020625,1.0,North Carolina,2017.0,2017.0,DAL,133.0,31.0,0.074074075
2018,11,00-0033562,R.Switzer,WR,PIT,JAX,0,0,0.0,0,0.0,0.0,0.0,0,0.0,0,3,3,28.0,0,2.8,5.8,,,68.0,181.0,24.0020625,1.0,North Carolina,2017.0,2017.0,DAL,133.0,,0.06666667
2018,12,00-0033562,R.Switzer,WR,PIT,DEN,0,0,0.0,0,0.0,0.0,0.0,1,4.0,0,8,6,67.0,0,7.1,13.1,,,68.0,181.0,24.0020625,1.0,North Carolina,2017.0,2017.0,DAL,133.0,,0.13793103
2018,13,00-0033562,R.Switzer,WR,PIT,LAC,0,0,0.0,0,0.0,0.0,0.0,0,0.0,0,2,2,9.0,0,0.9,2.9,,,68.0,181.0,24.0020625,1.0,North Carolina,2017.0,2017.0,DAL,133.0,-3.0,0.044444446
2018,14,00-0033562,R.Switzer,WR,PIT,LV,0,0,0.0,0,0.0,0.0,0.0,0,0.0,0,1,1,1.0,0,0.1,1.1,,,68.0,181.0,24.0020625,1.0,North Carolina,2017.0,2017.0,DAL,133.0,,0.027027028
2018,15,00-0033562,R.Switzer,WR,PIT,NE,0,0,0.0,0,0.0,0.0,0.0,1,3.0,0,2,2,9.0,0,1.2,3.2,,,68.0,181.0,24.0020625,1.0,North Carolina,2017.0,2017.0,DAL,133.0,7.0,0.060606062
2018,16,00-0033562,R.Switzer,WR,PIT,NO,0,0,0.0,0,0.0,0.0,0.0,0,0.0,0,3,3,18.0,0,1.8,4.8,,,68.0,181.0,24.0020625,1.0,North Carolina,2017.0,2017.0,DAL,133.0,,0.06122449
2018,17,00-0033562,R.Switzer,WR,PIT,CIN,0,0,0.0,0,0.0,0.0,0.0,0,0.0,0,3,1,2.0,0,0.2,1.2,,,68.0,181.0,24.0020625,1.0,North Carolina,2017.0,2017.0,DAL,133.0,3.0,0.06666667
2018,1,00-0033564,J.Butt,TE,DEN,SEA,0,0,0.0,0,0.0,0.0,0.0,0,0.0,0,4,2,29.0,0,2.9,4.9,,,77.0,250.0,23.3168125,1.0,Michigan,2017.0,2017.0,DEN,145.0,3.0,0.102564104
2018,2,00-0033564,J.Butt,TE,DEN,LV,0,0,0.0,0,0.0,0.0,0.0,0,0.0,0,5,4,48.0,0,4.8,8.8,,,77.0,250.0,23.3168125,1.0,Michigan,2017.0,2017.0,DEN,145.0,1.0,0.14705883
2018,3,00-0033564,J.Butt,TE,DEN,BAL,0,0,0.0,0,0.0,0.0,0.0,0,0.0,0,4,2,8.0,0,0.8,2.8,,,77.0,250.0,23.3168125,1.0,Michigan,2017.0,2017.0,DEN,145.0,,0.11764706
2018,13,00-0033566,D.King,CB,LAC,LAC,0,0,0.0,0,0.0,0.0,0.0,0,0.0,0,0,0,0.0,0,6.0,6.0,,,70.0,201.0,23.91111111111111,1.0,Iowa,2017.0,2017.0,LAC,151.0,,
2018,14,00-0033567,B.Hill,RB,ATL,GB,0,0,0.0,0,0.0,0.0,0.0,1,5.0,0,0,0,0.0,0,0.5,0.5,,,73.0,219.0,22.98725,1.0,Wyoming,2017.0,2017.0,ATL,156.0,,
2018,15,00-0033567,B.Hill,RB,ATL,ARI,0,0,0.0,0,0.0,0.0,0.0,3,7.0,0,0,0,0.0,0,0.7,0.7,,,73.0,219.0,22.98725,1.0,Wyoming,2017.0,2017.0,ATL,156.0,26.0,
2018,16,00-0033567,B.Hill,RB,ATL,CAR,0,0,0.0,0,0.0,0.0,0.0,8,115.0,0,1,0,0.0,0,9.5,9.5,,,73.0,219.0,22.98725,1.0,Wyoming,2017.0,2017.0,ATL,156.0,,0.03846154
2018,17,00-0033567,B.Hill,RB,ATL,TB,0,0,0.0,0,0.0,0.0,0.0,8,30.0,0,1,1,9.0,0,3.9,4.9,,,73.0,219.0,22.98725,1.0,Wyoming,2017.0,2017.0,ATL,156.0,,0.023255814
2018,4,00-0033572,J.Agnew,WR,DET,DAL,0,0,0.0,0,0.0,0.0,0.0,1,17.0,0,0,0,0.0,0,1.7,1.7,,,70.0,190.0,23.5925,1.0,San Diego,2017.0,2017.0,DET,165.0,,
2018,2,00-0033573,S.Gibson,WR,PHI,TB,0,0,0.0,0,0.0,0.0,0.0,0,0.0,0,2,0,0.0,0,0.0,0.0,,,71.0,191.0,23.647055555555553,1.0,West Virginia,2017.0,2017.0,PHI,166.0,,0.04255319
2018,5,00-0033573,S.Gibson,WR,PHI,MIN,0,0,0.0,0,0.0,0.0,0.0,0,0.0,0,1,1,48.0,0,4.8,5.8,,,71.0,191.0,23.647055555555553,1.0,West Virginia,2017.0,2017.0,PHI,166.0,-2.0,0.03125
2018,1,00-0033576,E.Saubert,TE,ATL,PHI,0,0,0.0,0,0.0,0.0,0.0,0,0.0,0,1,0,0.0,0,0.0,0.0,,,77.0,253.0,24.4903125,1.0,Drake,2017.0,2017.0,ATL,174.0,,0.025641026
2018,5,00-0033576,E.Saubert,TE,ATL,PIT,0,0,0.0,0,0.0,0.0,0.0,0,0.0,0,2,1,8.0,0,0.8,1.8,,,77.0,253.0,24.4903125,1.0,Drake,2017.0,2017.0,ATL,174.0,,0.044444446
2018,7,00-0033576,E.Saubert,TE,ATL,NYG,0,0,0.0,0,0.0,0.0,0.0,0,0.0,0,1,1,8.0,0,0.8,1.8,,,77.0,253.0,24.4903125,1.0,Drake,2017.0,2017.0,ATL,174.0,3.0,0.027777778
2018,10,00-0033576,E.Saubert,TE,ATL,CLE,0,0,0.0,0,0.0,0.0,0.0,0,0.0,0,2,1,17.0,0,1.7,2.7,,,77.0,253.0,24.4903125,1.0,Drake,2017.0,2017.0,ATL,174.0,,0.039215688
2018,14,00-0033576,E.Saubert,TE,ATL,GB,0,0,0.0,0,0.0,0.0,0.0,0,0.0,0,3,2,15.0,0,1.5,3.5,,,77.0,253.0,24.4903125,1.0,Drake,2017.0,2017.0,ATL,174.0,,0.071428575
2018,17,00-0033581,D.Henderson,RB,NYJ,NE,0,0,0.0,0,0.0,0.0,0.0,2,19.0,0,0,0,0.0,0,-0.1,-0.1,,,67.0,208.0,25.941,1.0,Coastal Carolina,2017.0,2017.0,DEN,203.0,,
2018,1,00-0033589,D.Moore,WR,SEA,DEN,0,0,0.0,0,0.0,0.0,0.0,0,0.0,0,1,0,0.0,0,0.0,0.0,,,72.0,219.0,23.814941176470587,1.0,East Central,2017.0,2017.0,SEA,226.0,,0.030303031
2018,4,00-0033589,D.Moore,WR,SEA,ARI,0,0,0.0,0,0.0,0.0,0.0,0,0.0,0,2,2,39.0,0,3.9,5.9,,,72.0,219.0,23.814941176470587,1.0,East Central,2017.0,2017.0,SEA,226.0,,0.08
2018,5,00-0033589,D.Moore,WR,SEA,LA,0,0,0.0,0,0.0,0.0,0.0,0,0.0,0,4,3,38.0,2,15.8,18.8,,,72.0,219.0,23.814941176470587,1.0,East Central,2017.0,2017.0,SEA,226.0,-2.0,0.21052632
2018,6,00-0033589,D.Moore,WR,SEA,LV,0,0,0.0,0,0.0,0.0,0.0,1,5.0,0,3,2,47.0,1,11.2,13.2,,,72.0,219.0,23.814941176470587,1.0,East Central,2017.0,2017.0,SEA,226.0,,0.13043478
2018,8,00-0033589,D.Moore,WR,SEA,DET,0,0,0.0,0,0.0,0.0,0.0,0,0.0,0,4,4,97.0,1,15.7,19.7,,,72.0,219.0,23.814941176470587,1.0,East Central,2017.0,2017.0,SEA,226.0,,0.23529412
2018,9,00-0033589,D.Moore,WR,SEA,LAC,0,0,0.0,0,0.0,0.0,0.0,0,0.0,0,7,2,16.0,0,1.6,3.6,,,72.0,219.0,23.814941176470587,1.0,East Central,2017.0,2017.0,SEA,226.0,-8.0,0.1891892
2018,10,00-0033589,D.Moore,WR,SEA,LA,0,0,0.0,0,0.0,0.0,0.0,0,0.0,0,3,1,16.0,0,1.6,2.6,,,72.0,219.0,23.814941176470587,1.0,East Central,2017.0,2017.0,SEA,226.0,,0.13043478
2018,11,00-0033589,D.Moore,WR,SEA,GB,0,0,0.0,0,0.0,0.0,0.0,0,0.0,0,8,4,57.0,0,5.7,9.7,,,72.0,219.0,23.814941176470587,1.0,East Central,2017.0,2017.0,SEA,226.0,3.0,0.27586207
2018,12,00-0033589,D.Moore,WR,SEA,CAR,0,0,0.0,0,0.0,0.0,0.0,0,0.0,0,5,4,103.0,1,16.3,20.3,,,72.0,219.0,23.814941176470587,1.0,East Central,2017.0,2017.0,SEA,226.0,,0.17857143
2018,13,00-0033589,D.Moore,WR,SEA,SF,0,0,0.0,0,0.0,0.0,0.0,0,0.0,0,1,0,0.0,0,0.0,0.0,,,72.0,219.0,23.814941176470587,1.0,East Central,2017.0,2017.0,SEA,226.0,27.0,0.05882353
2018,14,00-0033589,D.Moore,WR,SEA,MIN,0,0,0.0,0,0.0,0.0,0.0,0,0.0,0,5,0,0.0,0,0.0,0.0,,,72.0,219.0,23.814941176470587,1.0,East Central,2017.0,2017.0,SEA,226.0,14.0,0.3125
2018,15,00-0033589,D.Moore,WR,SEA,SF,0,0,0.0,0,0.0,0.0,0.0,0,0.0,0,3,1,9.0,0,0.9,1.9,,,72.0,219.0,23.814941176470587,1.0,East Central,2017.0,2017.0,SEA,226.0,,0.10714286
2018,16,00-0033589,D.Moore,WR,SEA,KC,0,0,0.0,0,0.0,0.0,0.0,0,0.0,0,3,1,7.0,0,0.7,1.7,,,72.0,219.0,23.814941176470587,1.0,East Central,2017.0,2017.0,SEA,226.0,7.0,0.11111111
2018,17,00-0033589,D.Moore,WR,SEA,ARI,0,0,0.0,0,0.0,0.0,0.0,0,0.0,0,4,2,16.0,0,1.6,3.6,,,72.0,219.0,23.814941176470587,1.0,East Central,2017.0,2017.0,SEA,226.0,3.0,0.2
2018,12,00-0033591,N.Brown,WR,DAL,WAS,0,0,0.0,0,0.0,0.0,0.0,0,0.0,0,2,1,22.0,0,2.2,3.2,,,74.0,225.0,22.848444444444443,1.0,Ohio State,2017.0,2017.0,DAL,239.0,8.0,0.06451613
2018,13,00-0033591,N.Brown,WR,DAL,NO,0,0,0.0,0,0.0,0.0,0.0,0,0.0,0,1,1,9.0,0,0.9,1.9,,,74.0,225.0,22.848444444444443,1.0,Ohio State,2017.0,2017.0,DAL,239.0,3.0,0.035714287
2018,15,00-0033591,N.Brown,WR,DAL,IND,0,0,0.0,0,0.0,0.0,0.0,0,0.0,0,2,1,14.0,0,1.4,2.4,,,74.0,225.0,22.848444444444443,1.0,Ohio State,2017.0,2017.0,DAL,239.0,,0.05263158
2018,16,00-0033591,N.Brown,WR,DAL,TB,0,0,0.0,0,0.0,0.0,0.0,0,0.0,0,2,1,6.0,0,0.6,1.6,,,74.0,225.0,22.848444444444443,1.0,Ohio State,2017.0,2017.0,DAL,239.0,7.0,0.08
2018,17,00-0033591,N.Brown,WR,DAL,NYG,0,0,0.0,0,0.0,0.0,0.0,0,0.0,0,1,1,3.0,0,0.3,1.3,,,74.0,225.0,22.848444444444443,1.0,Ohio State,2017.0,2017.0,DAL,239.0,,0.023255814
2018,18,00-0033591,N.Brown,WR,DAL,SEA,0,0,0.0,0,0.0,0.0,0.0,0,0.0,0,4,1,6.0,0,0.6,1.6,,,74.0,225.0,22.848444444444443,1.0,Ohio State,2017.0,2017.0,DAL,239.0,2.0,0.125
2018,19,00-0033591,N.Brown,WR,DAL,LA,0,0,0.0,0,0.0,0.0,0.0,0,0.0,0,1,1,13.0,0,1.3,2.3,,,74.0,225.0,22.848444444444443,1.0,Ohio State,2017.0,2017.0,DAL,239.0,,0.03125
2018,1,00-0033594,C.Carson,RB,SEA,DEN,0,0,0.0,0,0.0,0.0,0.0,7,51.0,0,5,3,28.0,0,5.9,8.9,,,71.0,218.0,24.146176470588237,1.0,Oklahoma State,2017.0,2017.0,SEA,249.0,,0.15151516
2018,2,00-0033594,C.Carson,RB,SEA,CHI,0,0,0.0,0,0.0,0.0,0.0,6,24.0,0,1,0,0.0,0,2.4,2.4,,,71.0,218.0,24.146176470588237,1.0,Oklahoma State,2017.0,2017.0,SEA,249.0,,0.030303031
2018,3,00-0033594,C.Carson,RB,SEA,DAL,0,0,0.0,0,0.0,0.0,0.0,32,102.0,1,2,2,22.0,0,18.4,20.4,,,71.0,218.0,24.146176470588237,1.0,Oklahoma State,2017.0,2017.0,SEA,249.0,11.0,0.08
2018,5,00-0033594,C.Carson,RB,SEA,LA,0,0,0.0,0,0.0,0.0,0.0,19,116.0,0,1,1,11.0,0,12.7,13.7,,,71.0,218.0,24.146176470588237,1.0,Oklahoma State,2017.0,2017.0,SEA,249.0,-2.0,0.05263158
2018,6,00-0033594,C.Carson,RB,SEA,LV,0,0,0.0,0,0.0,0.0,0.0,14,59.0,0,0,0,0.0,0,5.9,5.9,,,71.0,218.0,24.146176470588237,1.0,Oklahoma State,2017.0,2017.0,SEA,249.0,,
2018,8,00-0033594,C.Carson,RB,SEA,DET,0,0,0.0,0,0.0,0.0,0.0,25,105.0,1,2,2,19.0,0,18.4,20.4,,,71.0,218.0,24.146176470588237,1.0,Oklahoma State,2017.0,2017.0,SEA,249.0,,0.11764706
2018,9,00-0033594,C.Carson,RB,SEA,LAC,0,0,0.0,0,0.0,0.0,0.0,8,40.0,0,0,0,0.0,0,4.0,4.0,,,71.0,218.0,24.146176470588237,1.0,Oklahoma State,2017.0,2017.0,SEA,249.0,-8.0,
2018,11,00-0033594,C.Carson,RB,SEA,GB,0,0,0.0,0,0.0,0.0,0.0,17,83.0,1,0,0,0.0,0,12.3,12.3,,,71.0,218.0,24.146176470588237,1.0,Oklahoma State,2017.0,2017.0,SEA,249.0,3.0,
2018,12,00-0033594,C.Carson,RB,SEA,CAR,0,0,0.0,0,0.0,0.0,0.0,16,55.0,1,2,2,8.0,0,12.3,14.3,,,71.0,218.0,24.146176470588237,1.0,Oklahoma State,2017.0,2017.0,SEA,249.0,,0.071428575
2018,13,00-0033594,C.Carson,RB,SEA,SF,0,0,0.0,0,0.0,0.0,0.0,13,69.0,0,4,3,39.0,0,10.8,13.8,,,71.0,218.0,24.146176470588237,1.0,Oklahoma State,2017.0,2017.0,SEA,249.0,27.0,0.23529412
2018,14,00-0033594,C.Carson,RB,SEA,MIN,0,0,0.0,0,0.0,0.0,0.0,22,90.0,1,0,0,0.0,0,15.0,15.0,,,71.0,218.0,24.146176470588237,1.0,Oklahoma State,2017.0,2017.0,SEA,249.0,14.0,
2018,15,00-0033594,C.Carson,RB,SEA,SF,0,0,0.0,0,0.0,0.0,0.0,22,119.0,1,6,6,29.0,0,20.8,26.8,,,71.0,218.0,24.146176470588237,1.0,Oklahoma State,2017.0,2017.0,SEA,249.0,,0.21428572
2018,16,00-0033594,C.Carson,RB,SEA,KC,0,0,0.0,0,0.0,0.0,0.0,27,116.0,2,0,0,0.0,0,23.6,23.6,,,71.0,218.0,24.146176470588237,1.0,Oklahoma State,2017.0,2017.0,SEA,249.0,7.0,
2018,17,00-0033594,C.Carson,RB,SEA,ARI,0,0,0.0,0,0.0,0.0,0.0,19,122.0,1,1,1,7.0,0,18.9,19.9,,,71.0,218.0,24.146176470588237,1.0,Oklahoma State,2017.0,2017.0,SEA,249.0,3.0,0.05
2018,18,00-0033594,C.Carson,RB,SEA,DAL,0,0,0.0,0,0.0,0.0,0.0,13,20.0,0,3,2,-1.0,0,3.9,5.9,,,71.0,218.0,24.146176470588237,1.0,Oklahoma State,2017.0,2017.0,SEA,249.0,,0.11111111
2018,6,00-0033597,C.Kelly,QB,DEN,LA,0,0,0.0,0,0.0,0.0,0.0,1,-1.0,0,0,0,0.0,0,-0.1,-0.1,,,74.0,224.0,24.6089375,1.0,Mississippi,2017.0,2017.0,DEN,253.0,-3.0,
2018,1,00-0033611,R.Seals-Jones,TE,ARI,WAS,0,0,0.0,0,0.0,0.0,0.0,0,0.0,0,6,3,19.0,0,1.9,4.9,,,77.0,243.0,23.640875,1.0,Texas A&amp;M,2017.0,2017.0,,,-18.0,0.1764706
2018,2,00-0033611,R.Seals-Jones,TE,ARI,LA,0,0,0.0,0,0.0,0.0,0.0,0,0.0,0,6,4,17.0,0,1.7,5.7,,,77.0,243.0,23.640875,1.0,Texas A&amp;M,2017.0,2017.0,,,,0.22222222
2018,3,00-0033611,R.Seals-Jones,TE,ARI,CHI,0,0,0.0,0,0.0,0.0,0.0,0,0.0,0,3,1,35.0,1,9.5,10.5,,,77.0,243.0,23.640875,1.0,Texas A&amp;M,2017.0,2017.0,,,-2.0,0.12
2018,4,00-0033611,R.Seals-Jones,TE,ARI,SEA,0,0,0.0,0,0.0,0.0,0.0,0,0.0,0,4,2,52.0,0,5.2,7.2,,,77.0,243.0,23.640875,1.0,Texas A&amp;M,2017.0,2017.0,,,-3.0,0.16
2018,5,00-0033611,R.Seals-Jones,TE,ARI,SF,0,0,0.0,0,0.0,0.0,0.0,0,0.0,0,5,0,0.0,0,0.0,0.0,,,77.0,243.0,23.640875,1.0,Texas A&amp;M,2017.0,2017.0,,,,0.2173913
2018,6,00-0033611,R.Seals-Jones,TE,ARI,MIN,0,0,0.0,0,0.0,0.0,0.0,0,0.0,0,6,5,69.0,0,6.9,11.9,,,77.0,243.0,23.640875,1.0,Texas A&amp;M,2017.0,2017.0,,,,0.19354838
2018,7,00-0033611,R.Seals-Jones,TE,ARI,DEN,0,0,0.0,0,0.0,0.0,0.0,0,0.0,0,4,2,12.0,0,1.2,3.2,,,77.0,243.0,23.640875,1.0,Texas A&amp;M,2017.0,2017.0,,,-35.0,0.11111111
2018,8,00-0033611,R.Seals-Jones,TE,ARI,SF,0,0,0.0,0,0.0,0.0,0.0,0,0.0,0,4,2,12.0,0,1.2,3.2,,,77.0,243.0,23.640875,1.0,Texas A&amp;M,2017.0,2017.0,,,3.0,0.114285715
2018,10,00-0033611,R.Seals-Jones,TE,ARI,KC,0,0,0.0,0,0.0,0.0,0.0,0,0.0,0,9,5,51.0,0,5.1,10.1,,,77.0,243.0,23.640875,1.0,Texas A&amp;M,2017.0,2017.0,,,,0.24324325
2018,11,00-0033611,R.Seals-Jones,TE,ARI,LV,0,0,0.0,0,0.0,0.0,0.0,0,0.0,0,3,1,5.0,0,0.5,1.5,,,77.0,243.0,23.640875,1.0,Texas A&amp;M,2017.0,2017.0,,,-2.0,0.15789473
2018,12,00-0033611,R.Seals-Jones,TE,ARI,LAC,0,0,0.0,0,0.0,0.0,0.0,0,0.0,0,2,1,5.0,0,0.5,1.5,,,77.0,243.0,23.640875,1.0,Texas A&amp;M,2017.0,2017.0,,,,0.11764706
2018,13,00-0033611,R.Seals-Jones,TE,ARI,GB,0,0,0.0,0,0.0,0.0,0.0,0,0.0,0,3,1,10.0,0,1.0,2.0,,,77.0,243.0,23.640875,1.0,Texas A&amp;M,2017.0,2017.0,,,,0.125
2018,14,00-0033611,R.Seals-Jones,TE,ARI,DET,0,0,0.0,0,0.0,0.0,0.0,0,0.0,0,5,3,31.0,0,3.1,6.1,,,77.0,243.0,23.640875,1.0,Texas A&amp;M,2017.0,2017.0,,,-14.0,0.12195122
2018,15,00-0033611,R.Seals-Jones,TE,ARI,ATL,0,0,0.0,0,0.0,0.0,0.0,0,0.0,0,8,3,22.0,0,2.2,5.2,,,77.0,243.0,23.640875,1.0,Texas A&amp;M,2017.0,2017.0,,,,0.22857143
2018,16,00-0033611,R.Seals-Jones,TE,ARI,LA,0,0,0.0,0,0.0,0.0,0.0,0,0.0,0,1,1,3.0,0,0.3,1.3,,,77.0,243.0,23.640875,1.0,Texas A&amp;M,2017.0,2017.0,,,-22.0,0.032258064
2018,1,00-0033627,J.Croom,TE,BUF,BAL,0,0,0.0,0,0.0,0.0,0.0,0,0.0,0,3,2,18.0,0,1.8,3.8,,,76.0,246.0,24.6795,1.0,Tennessee,2017.0,2017.0,,,,0.09375
2018,2,00-0033627,J.Croom,TE,BUF,LAC,0,0,0.0,0,0.0,0.0,0.0,0,0.0,0,4,2,7.0,0,0.7,2.7,,,76.0,246.0,24.6795,1.0,Tennessee,2017.0,2017.0,,,-11.0,0.125
2018,3,00-0033627,J.Croom,TE,BUF,MIN,0,0,0.0,0,0.0,0.0,0.0,0,0.0,0,1,1,26.0,1,8.6,9.6,,,76.0,246.0,24.6795,1.0,Tennessee,2017.0,2017.0,,,,0.045454547
2018,4,00-0033627,J.Croom,TE,BUF,GB,0,0,0.0,0,0.0,0.0,0.0,0,0.0,0,1,1,13.0,0,1.3,2.3,,,76.0,246.0,24.6795,1.0,Tennessee,2017.0,2017.0,,,,0.030303031
2018,5,00-0033627,J.Croom,TE,BUF,TEN,0,0,0.0,0,0.0,0.0,0.0,0,0.0,0,2,2,9.0,0,0.9,2.9,,,76.0,246.0,24.6795,1.0,Tennessee,2017.0,2017.0,,,1.0,0.1
2018,7,00-0033627,J.Croom,TE,BUF,IND,0,0,0.0,0,0.0,0.0,0.0,0,0.0,0,2,1,8.0,0,0.8,1.8,,,76.0,246.0,24.6795,1.0,Tennessee,2017.0,2017.0,,,,0.06451613
2018,8,00-0033627,J.Croom,TE,BUF,NE,0,0,0.0,0,0.0,0.0,0.0,0,0.0,0,3,1,14.0,0,1.4,2.4,,,76.0,246.0,24.6795,1.0,Tennessee,2017.0,2017.0,,,-19.0,0.075
2018,9,00-0033627,J.Croom,TE,BUF,CHI,0,0,0.0,0,0.0,0.0,0.0,0,0.0,0,5,3,36.0,0,1.6,4.6,,,76.0,246.0,24.6795,1.0,Tennessee,2017.0,2017.0,,,-32.0,0.10638298
2018,12,00-0033627,J.Croom,TE,BUF,JAX,0,0,0.0,0,0.0,0.0,0.0,0,0.0,0,3,2,16.0,0,1.6,3.6,,,76.0,246.0,24.6795,1.0,Tennessee,2017.0,2017.0,,,3.0,0.1764706
2018,15,00-0033627,J.Croom,TE,BUF,DET,0,0,0.0,0,0.0,0.0,0.0,0,0.0,0,1,1,25.0,0,2.5,3.5,,,76.0,246.0,24.6795,1.0,Tennessee,2017.0,2017.0,,,1.0,0.04347826
2018,16,00-0033627,J.Croom,TE,BUF,NE,0,0,0.0,0,0.0,0.0,0.0,0,0.0,0,6,4,55.0,0,3.5,7.5,,,76.0,246.0,24.6795,1.0,Tennessee,2017.0,2017.0,,,,0.15
2018,17,00-0033627,J.Croom,TE,BUF,MIA,0,0,0.0,0,0.0,0.0,0.0,0,0.0,0,4,2,32.0,0,3.2,5.2,,,76.0,246.0,24.6795,1.0,Tennessee,2017.0,2017.0,,,25.0,0.16666667
2018,1,00-0033658,B.Jarwin,TE,DAL,CAR,0,0,0.0,0,0.0,0.0,0.0,0,0.0,0,1,0,0.0,0,0.0,0.0,,,77.0,246.0,24.324166666666667,1.0,Oklahoma State,2017.0,2017.0,,,,0.03448276
2018,3,00-0033658,B.Jarwin,TE,DAL,SEA,0,0,0.0,0,0.0,0.0,0.0,0,0.0,0,1,0,0.0,0,0.0,0.0,,,77.0,246.0,24.324166666666667,1.0,Oklahoma State,2017.0,2017.0,,,,0.029411765
2018,5,00-0033658,B.Jarwin,TE,DAL,HOU,0,0,0.0,0,0.0,0.0,0.0,0,0.0,0,2,1,11.0,0,1.1,2.1,,,77.0,246.0,24.324166666666667,1.0,Oklahoma State,2017.0,2017.0,,,,0.071428575
2018,6,00-0033658,B.Jarwin,TE,DAL,JAX,0,0,0.0,0,0.0,0.0,0.0,0,0.0,0,1,0,0.0,0,0.0,0.0,,,77.0,246.0,24.324166666666667,1.0,Oklahoma State,2017.0,2017.0,,,33.0,0.03846154
2018,7,00-0033658,B.Jarwin,TE,DAL,WAS,0,0,0.0,0,0.0,0.0,0.0,0,0.0,0,1,1,16.0,0,1.6,2.6,,,77.0,246.0,24.324166666666667,1.0,Oklahoma State,2017.0,2017.0,,,,0.028571429
2018,9,00-0033658,B.Jarwin,TE,DAL,TEN,0,0,0.0,0,0.0,0.0,0.0,0,0.0,0,2,2,15.0,0,1.5,3.5,,,77.0,246.0,24.324166666666667,1.0,Oklahoma State,2017.0,2017.0,,,-14.0,0.06451613
2018,12,00-0033658,B.Jarwin,TE,DAL,WAS,0,0,0.0,0,0.0,0.0,0.0,0,0.0,0,2,2,25.0,0,2.5,4.5,,,77.0,246.0,24.324166666666667,1.0,Oklahoma State,2017.0,2017.0,,,8.0,0.06451613
2018,13,00-0033658,B.Jarwin,TE,DAL,NO,0,0,0.0,0,0.0,0.0,0.0,0,0.0,0,1,1,12.0,0,1.2,2.2,,,77.0,246.0,24.324166666666667,1.0,Oklahoma State,2017.0,2017.0,,,3.0,0.035714287
2018,14,00-0033658,B.Jarwin,TE,DAL,PHI,0,0,0.0,0,0.0,0.0,0.0,0,0.0,0,7,7,56.0,0,5.6,12.6,,,77.0,246.0,24.324166666666667,1.0,Oklahoma State,2017.0,2017.0,,,6.0,0.13207547
2018,15,00-0033658,B.Jarwin,TE,DAL,IND,0,0,0.0,0,0.0,0.0,0.0,0,0.0,0,7,4,45.0,0,4.5,8.5,,,77.0,246.0,24.324166666666667,1.0,Oklahoma State,2017.0,2017.0,,,,0.18421052
2018,16,00-0033658,B.Jarwin,TE,DAL,TB,0,0,0.0,0,0.0,0.0,0.0,0,0.0,0,3,2,8.0,0,0.8,2.8,,,77.0,246.0,24.324166666666667,1.0,Oklahoma State,2017.0,2017.0,,,7.0,0.12
2018,17,00-0033658,B.Jarwin,TE,DAL,NYG,0,0,0.0,0,0.0,0.0,0.0,0,0.0,0,8,7,119.0,3,29.9,36.9,,,77.0,246.0,24.324166666666667,1.0,Oklahoma State,2017.0,2017.0,,,,0.18604651
2018,18,00-0033658,B.Jarwin,TE,DAL,SEA,0,0,0.0,0,0.0,0.0,0.0,0,0.0,0,3,3,15.0,0,1.5,4.5,,,77.0,246.0,24.324166666666667,1.0,Oklahoma State,2017.0,2017.0,,,2.0,0.09375
2018,19,00-0033658,B.Jarwin,TE,DAL,LA,0,0,0.0,0,0.0,0.0,0.0,0,0.0,0,2,2,17.0,0,1.7,3.7,,,77.0,246.0,24.324166666666667,1.0,Oklahoma State,2017.0,2017.0,,,,0.0625
2018,1,00-0033681,K.Cole,WR,JAX,NYG,0,0,0.0,0,0.0,0.0,0.0,0,0.0,0,4,3,54.0,0,5.4,8.4,,,73.0,194.0,25.5409375,1.0,Kentucky Wesleyan,2017.0,2017.0,,,,0.121212125
2018,2,00-0033681,K.Cole,WR,JAX,NE,0,0,0.0,0,0.0,0.0,0.0,0,0.0,0,8,7,116.0,1,17.6,24.6,,,73.0,194.0,25.5409375,1.0,Kentucky Wesleyan,2017.0,2017.0,,,11.0,0.18181819
2018,3,00-0033681,K.Cole,WR,JAX,TEN,0,0,0.0,0,0.0,0.0,0.0,0,0.0,0,9,5,40.0,0,4.0,9.0,,,73.0,194.0,25.5409375,1.0,Kentucky Wesleyan,2017.0,2017.0,,,-3.0,0.2647059
2018,4,00-0033681,K.Cole,WR,JAX,NYJ,0,0,0.0,0,0.0,0.0,0.0,0,0.0,0,3,2,15.0,0,1.5,3.5,,,73.0,194.0,25.5409375,1.0,Kentucky Wesleyan,2017.0,2017.0,,,19.0,0.078947365
2018,5,00-0033681,K.Cole,WR,JAX,KC,0,0,0.0,0,0.0,0.0,0.0,0,0.0,0,10,4,70.0,0,7.0,11.0,,,73.0,194.0,25.5409375,1.0,Kentucky Wesleyan,2017.0,2017.0,,,,0.16393442
2018,6,00-0033681,K.Cole,WR,JAX,DAL,0,0,0.0,0,0.0,0.0,0.0,0,0.0,0,5,4,41.0,0,2.1,6.1,,,73.0,194.0,25.5409375,1.0,Kentucky Wesleyan,2017.0,2017.0,,,,0.1923077
2018,7,00-0033681,K.Cole,WR,JAX,HOU,0,0,0.0,0,0.0,0.0,0.0,0,0.0,0,7,2,21.0,0,2.1,4.1,,,73.0,194.0,25.5409375,1.0,Kentucky Wesleyan,2017.0,2017.0,,,-13.0,0.175
2018,8,00-0033681,K.Cole,WR,JAX,PHI,0,0,0.0,0,0.0,0.0,0.0,0,0.0,0,3,2,18.0,0,-0.2,1.8,,,73.0,194.0,25.5409375,1.0,Kentucky Wesleyan,2017.0,2017.0,,,-6.0,0.07317073
2018,12,00-0033681,K.Cole,WR,JAX,BUF,0,0,0.0,0,0.0,0.0,0.0,0,0.0,0,2,0,0.0,0,0.0,0.0,,,73.0,194.0,25.5409375,1.0,Kentucky Wesleyan,2017.0,2017.0,,,,0.09090909
2018,13,00-0033681,K.Cole,WR,JAX,IND,0,0,0.0,0,0.0,0.0,0.0,0,0.0,0,2,2,16.0,0,1.6,3.6,,,73.0,194.0,25.5409375,1.0,Kentucky Wesleyan,2017.0,2017.0,,,6.0,0.09090909
2018,14,00-0033681,K.Cole,WR,JAX,TEN,0,0,0.0,0,0.0,0.0,0.0,0,0.0,0,7,3,55.0,0,5.5,8.5,,,73.0,194.0,25.5409375,1.0,Kentucky Wesleyan,2017.0,2017.0,,,,0.17073171
2018,16,00-0033681,K.Cole,WR,JAX,MIA,0,0,0.0,0,0.0,0.0,0.0,0,0.0,0,2,0,0.0,0,0.0,0.0,,,73.0,194.0,25.5409375,1.0,Kentucky Wesleyan,2017.0,2017.0,,,,0.08695652
2018,17,00-0033681,K.Cole,WR,JAX,HOU,0,0,0.0,0,0.0,0.0,0.0,0,0.0,0,8,4,45.0,0,4.5,8.5,,,73.0,194.0,25.5409375,1.0,Kentucky Wesleyan,2017.0,2017.0,,,,0.2857143
2018,12,00-0033696,S.Culkin,TE,LAC,ARI,0,0,0.0,0,0.0,0.0,0.0,0,0.0,0,1,1,24.0,0,2.4,3.4,,,77.0,255.0,25.419777777777778,1.0,Missouri,2017.0,2017.0,,,35.0,0.032258064
2018,1,00-0033699,A.Ekeler,RB,LAC,KC,0,0,0.0,0,0.0,0.0,0.0,5,39.0,0,5,5,87.0,1,18.6,23.6,,,70.0,195.0,23.48961111111111,1.0,"Western State, Colo.",2017.0,2017.0,,,-10.0,0.1
2018,2,00-0033699,A.Ekeler,RB,LAC,BUF,0,0,0.0,0,0.0,0.0,0.0,11,77.0,0,3,3,21.0,0,9.8,12.8,,,70.0,195.0,23.48961111111111,1.0,"Western State, Colo.",2017.0,2017.0,,,,0.11111111
2018,3,00-0033699,A.Ekeler,RB,LAC,LA,0,0,0.0,0,0.0,0.0,0.0,4,47.0,0,3,3,24.0,0,5.1,8.1,,,70.0,195.0,23.48961111111111,1.0,"Western State, Colo.",2017.0,2017.0,,,,0.1
2018,4,00-0033699,A.Ekeler,RB,LAC,SF,0,0,0.0,0,0.0,0.0,0.0,8,25.0,0,3,2,31.0,1,11.6,13.6,,,70.0,195.0,23.48961111111111,1.0,"Western State, Colo.",2017.0,2017.0,,,2.0,0.078947365
2018,5,00-0033699,A.Ekeler,RB,LAC,LV,0,0,0.0,0,0.0,0.0,0.0,6,15.0,0,3,1,44.0,1,11.9,12.9,,,70.0,195.0,23.48961111111111,1.0,"Western State, Colo.",2017.0,2017.0,,,16.0,0.115384616
2018,6,00-0033699,A.Ekeler,RB,LAC,CLE,0,0,0.0,0,0.0,0.0,0.0,7,60.0,0,0,0,0.0,0,6.0,6.0,,,70.0,195.0,23.48961111111111,1.0,"Western State, Colo.",2017.0,2017.0,,,,
2018,7,00-0033699,A.Ekeler,RB,LAC,TEN,0,0,0.0,0,0.0,0.0,0.0,12,42.0,0,7,5,26.0,0,6.8,11.8,,,70.0,195.0,23.48961111111111,1.0,"Western State, Colo.",2017.0,2017.0,,,1.0,0.28
2018,9,00-0033699,A.Ekeler,RB,LAC,SEA,0,0,0.0,0,0.0,0.0,0.0,3,21.0,0,2,1,13.0,0,3.4,4.4,,,70.0,195.0,23.48961111111111,1.0,"Western State, Colo.",2017.0,2017.0,,,,0.07692308
2018,10,00-0033699,A.Ekeler,RB,LAC,LV,0,0,0.0,0,0.0,0.0,0.0,3,19.0,0,0,0,0.0,0,1.9,1.9,,,70.0,195.0,23.48961111111111,1.0,"Western State, Colo.",2017.0,2017.0,,,,
2018,11,00-0033699,A.Ekeler,RB,LAC,DEN,0,0,0.0,0,0.0,0.0,0.0,6,29.0,0,2,2,40.0,0,6.9,8.9,,,70.0,195.0,23.48961111111111,1.0,"Western State, Colo.",2017.0,2017.0,,,-1.0,0.046511628
2018,12,00-0033699,A.Ekeler,RB,LAC,ARI,0,0,0.0,0,0.0,0.0,0.0,5,35.0,1,11,10,68.0,0,16.3,26.3,,,70.0,195.0,23.48961111111111,1.0,"Western State, Colo.",2017.0,2017.0,,,35.0,0.3548387
2018,13,00-0033699,A.Ekeler,RB,LAC,PIT,0,0,0.0,0,0.0,0.0,0.0,13,21.0,0,8,5,22.0,0,4.3,9.3,,,70.0,195.0,23.48961111111111,1.0,"Western State, Colo.",2017.0,2017.0,,,,0.22222222
2018,14,00-0033699,A.Ekeler,RB,LAC,CIN,0,0,0.0,0,0.0,0.0,0.0,15,66.0,1,5,2,28.0,0,15.4,17.4,,,70.0,195.0,23.48961111111111,1.0,"Western State, Colo.",2017.0,2017.0,,,5.0,0.1724138
2018,17,00-0033699,A.Ekeler,RB,LAC,DEN,0,0,0.0,0,0.0,0.0,0.0,8,58.0,1,1,0,0.0,0,11.8,11.8,,,70.0,195.0,23.48961111111111,1.0,"Western State, Colo.",2017.0,2017.0,,,,0.041666668
2018,18,00-0033699,A.Ekeler,RB,LAC,BAL,0,0,0.0,0,0.0,0.0,0.0,11,29.0,0,4,4,14.0,0,4.3,8.3,,,70.0,195.0,23.48961111111111,1.0,"Western State, Colo.",2017.0,2017.0,,,,0.13793103
2018,19,00-0033699,A.Ekeler,RB,LAC,NE,0,0,0.0,0,0.0,0.0,0.0,0,0.0,0,5,3,19.0,0,1.9,4.9,,,70.0,195.0,23.48961111111111,1.0,"Western State, Colo.",2017.0,2017.0,,,,0.10638298
2018,1,00-0033725,C.Clement,RB,PHI,ATL,0,0,0.0,0,0.0,0.0,0.0,5,26.0,0,0,0,0.0,0,2.6,2.6,,,70.0,220.0,24.024944444444444,1.0,Wisconsin,2017.0,2017.0,,,6.0,
2018,2,00-0033725,C.Clement,RB,PHI,TB,0,0,0.0,0,0.0,0.0,0.0,6,30.0,1,6,5,55.0,0,14.5,19.5,,,70.0,220.0,24.024944444444444,1.0,Wisconsin,2017.0,2017.0,,,,0.12765957
2018,3,00-0033725,C.Clement,RB,PHI,IND,0,0,0.0,0,0.0,0.0,0.0,16,56.0,0,4,3,19.0,0,7.5,10.5,,,70.0,220.0,24.024944444444444,1.0,Wisconsin,2017.0,2017.0,,,4.0,0.10810811
2018,6,00-0033725,C.Clement,RB,PHI,NYG,0,0,0.0,0,0.0,0.0,0.0,11,43.0,1,3,3,26.0,0,12.9,15.9,,,70.0,220.0,24.024944444444444,1.0,Wisconsin,2017.0,2017.0,,,,0.083333336
2018,7,00-0033725,C.Clement,RB,PHI,CAR,0,0,0.0,0,0.0,0.0,0.0,8,6.0,0,2,2,16.0,0,2.2,4.2,,,70.0,220.0,24.024944444444444,1.0,Wisconsin,2017.0,2017.0,,,-4.0,0.054054055
2018,8,00-0033725,C.Clement,RB,PHI,JAX,0,0,0.0,0,0.0,0.0,0.0,4,6.0,0,1,1,-1.0,0,0.5,1.5,,,70.0,220.0,24.024944444444444,1.0,Wisconsin,2017.0,2017.0,,,,0.033333335
2018,10,00-0033725,C.Clement,RB,PHI,DAL,0,0,0.0,0,0.0,0.0,0.0,5,13.0,0,2,1,-5.0,0,0.8,1.8,,,70.0,220.0,24.024944444444444,1.0,Wisconsin,2017.0,2017.0,,,-7.0,0.046511628
2018,11,00-0033725,C.Clement,RB,PHI,NO,0,0,0.0,0,0.0,0.0,0.0,2,11.0,0,2,2,4.0,0,1.5,3.5,,,70.0,220.0,24.024944444444444,1.0,Wisconsin,2017.0,2017.0,,,,0.060606062
2018,12,00-0033725,C.Clement,RB,PHI,NYG,0,0,0.0,0,0.0,0.0,0.0,5,45.0,0,2,2,31.0,0,9.6,11.6,,,70.0,220.0,24.024944444444444,1.0,Wisconsin,2017.0,2017.0,,,3.0,0.071428575
2018,13,00-0033725,C.Clement,RB,PHI,WAS,0,0,0.0,0,0.0,0.0,0.0,5,27.0,0,3,3,47.0,0,7.4,10.4,,,70.0,220.0,24.024944444444444,1.0,Wisconsin,2017.0,2017.0,,,15.0,0.078947365
2018,14,00-0033725,C.Clement,RB,PHI,DAL,0,0,0.0,0,0.0,0.0,0.0,1,-4.0,0,0,0,0.0,0,-0.4,-0.4,,,70.0,220.0,24.024944444444444,1.0,Wisconsin,2017.0,2017.0,,,,
2018,6,00-0033742,T.Swoopes,TE,SEA,LV,0,0,0.0,0,0.0,0.0,0.0,0,0.0,0,1,1,23.0,0,2.3,3.3,,,76.0,254.0,23.98470588235294,1.0,Texas,2017.0,2017.0,,,,0.04347826
2018,8,00-0033757,R.Tonyan,TE,GB,LA,0,0,0.0,0,0.0,0.0,0.0,0,0.0,0,1,0,0.0,0,0.0,0.0,,,77.0,220.0,24.516875,1.0,Indiana State,2017.0,2017.0,,,,0.033333335
2018,11,00-0033757,R.Tonyan,TE,GB,SEA,0,0,0.0,0,0.0,0.0,0.0,0,0.0,0,1,1,54.0,1,11.4,12.4,,,77.0,220.0,24.516875,1.0,Indiana State,2017.0,2017.0,,,,0.03448276
2018,13,00-0033757,R.Tonyan,TE,GB,ARI,0,0,0.0,0,0.0,0.0,0.0,0,0.0,0,1,1,5.0,0,0.5,1.5,,,77.0,220.0,24.516875,1.0,Indiana State,2017.0,2017.0,,,-3.0,0.020833334
2018,16,00-0033757,R.Tonyan,TE,GB,NYJ,0,0,0.0,0,0.0,0.0,0.0,0,0.0,0,1,1,11.0,0,1.1,2.1,,,77.0,220.0,24.516875,1.0,Indiana State,2017.0,2017.0,,,,0.018867925
2018,17,00-0033757,R.Tonyan,TE,GB,DET,0,0,0.0,0,0.0,0.0,0.0,0,0.0,0,2,1,7.0,0,0.7,1.7,,,77.0,220.0,24.516875,1.0,Indiana State,2017.0,2017.0,,,-31.0,0.055555556
2018,14,00-0033760,J.Davis,RB,LA,CHI,0,0,0.0,0,0.0,0.0,0.0,1,19.0,0,0,0,0.0,0,1.9,1.9,,,73.0,198.0,23.012526315789472,1.0,USC,2017.0,2017.0,,,,
2018,15,00-0033760,J.Davis,RB,LA,PHI,0,0,0.0,0,0.0,0.0,0.0,1,0.0,0,0,0,0.0,0,0.0,0.0,,,73.0,198.0,23.012526315789472,1.0,USC,2017.0,2017.0,,,-7.0,
2018,4,00-0033770,J.Hardee,CB,NO,NYG,0,0,0.0,0,0.0,0.0,0.0,0,0.0,0,1,1,10.0,0,1.0,2.0,,,73.0,200.0,24.764166666666668,1.0,Illinois,2017.0,2017.0,,,,0.030303031
2018,1,00-0033773,R.McCarron,WR,NE,HOU,0,0,0.0,0,0.0,0.0,0.0,0,0.0,0,1,0,0.0,0,0.0,0.0,,,69.0,198.0,25.417315789473687,1.0,Iowa,2017.0,2017.0,,,7.0,0.025641026
2018,10,00-0033789,T.Logan,RB,ARI,KC,0,0,0.0,0,0.0,0.0,0.0,0,0.0,0,2,2,14.0,0,1.4,3.4,,,69.0,195.0,24.169249999999998,1.0,North Carolina,2017.0,2017.0,ARI,179.0,,0.054054055
2018,12,00-0033789,T.Logan,RB,ARI,LAC,0,0,0.0,0,0.0,0.0,0.0,0,0.0,0,1,1,5.0,0,0.5,1.5,,,69.0,195.0,24.169249999999998,1.0,North Carolina,2017.0,2017.0,ARI,179.0,,0.05882353
2018,13,00-0033789,T.Logan,RB,ARI,GB,0,0,0.0,0,0.0,0.0,0.0,1,5.0,0,0,0,0.0,0,0.5,0.5,,,69.0,195.0,24.169249999999998,1.0,North Carolina,2017.0,2017.0,ARI,179.0,,
2018,15,00-0033789,T.Logan,RB,ARI,ATL,0,0,0.0,0,0.0,0.0,0.0,1,-3.0,0,4,4,18.0,0,1.5,5.5,,,69.0,195.0,24.169249999999998,1.0,North Carolina,2017.0,2017.0,ARI,179.0,,0.114285715
2018,1,00-0033839,D.Westbrook,WR,JAX,NYG,0,0,0.0,0,0.0,0.0,0.0,0,0.0,0,6,5,51.0,0,5.1,10.1,,,72.0,176.0,24.9521875,1.0,Oklahoma,2017.0,2017.0,JAX,110.0,,0.18181819
2018,2,00-0033839,D.Westbrook,WR,JAX,NE,0,0,0.0,0,0.0,0.0,0.0,1,-6.0,0,5,4,82.0,1,13.6,17.6,,,72.0,176.0,24.9521875,1.0,Oklahoma,2017.0,2017.0,JAX,110.0,11.0,0.11363637
2018,3,00-0033839,D.Westbrook,WR,JAX,TEN,0,0,0.0,0,0.0,0.0,0.0,0,0.0,0,4,3,31.0,0,3.1,6.1,,,72.0,176.0,24.9521875,1.0,Oklahoma,2017.0,2017.0,JAX,110.0,-3.0,0.11764706
2018,4,00-0033839,D.Westbrook,WR,JAX,NYJ,0,0,0.0,0,0.0,0.0,0.0,1,11.0,0,13,9,130.0,0,12.1,21.1,,,72.0,176.0,24.9521875,1.0,Oklahoma,2017.0,2017.0,JAX,110.0,19.0,0.34210527
2018,5,00-0033839,D.Westbrook,WR,JAX,KC,0,0,0.0,0,0.0,0.0,0.0,0,0.0,0,5,3,55.0,0,5.5,8.5,,,72.0,176.0,24.9521875,1.0,Oklahoma,2017.0,2017.0,JAX,110.0,,0.08196721
2018,6,00-0033839,D.Westbrook,WR,JAX,DAL,0,0,0.0,0,0.0,0.0,0.0,0,0.0,0,5,3,38.0,1,9.8,12.8,,,72.0,176.0,24.9521875,1.0,Oklahoma,2017.0,2017.0,JAX,110.0,,0.1923077
2018,7,00-0033839,D.Westbrook,WR,JAX,HOU,0,0,0.0,0,0.0,0.0,0.0,0,0.0,0,4,4,17.0,0,1.7,5.7,,,72.0,176.0,24.9521875,1.0,Oklahoma,2017.0,2017.0,JAX,110.0,-13.0,0.1
2018,8,00-0033839,D.Westbrook,WR,JAX,PHI,0,0,0.0,0,0.0,0.0,0.0,1,9.0,0,6,2,31.0,1,10.0,12.0,,,72.0,176.0,24.9521875,1.0,Oklahoma,2017.0,2017.0,JAX,110.0,-6.0,0.14634146
2018,10,00-0033839,D.Westbrook,WR,JAX,IND,0,0,0.0,0,0.0,0.0,0.0,2,13.0,0,10,5,30.0,0,4.3,9.3,,,72.0,176.0,24.9521875,1.0,Oklahoma,2017.0,2017.0,JAX,110.0,,0.2631579
2018,11,00-0033839,D.Westbrook,WR,JAX,PIT,0,0,0.0,0,0.0,0.0,0.0,0,0.0,0,4,2,19.0,0,1.9,3.9,,,72.0,176.0,24.9521875,1.0,Oklahoma,2017.0,2017.0,JAX,110.0,-4.0,0.22222222
2018,12,00-0033839,D.Westbrook,WR,JAX,BUF,0,0,0.0,0,0.0,0.0,0.0,1,43.0,0,4,3,44.0,1,14.7,17.7,,,72.0,176.0,24.9521875,1.0,Oklahoma,2017.0,2017.0,JAX,110.0,,0.18181819
2018,13,00-0033839,D.Westbrook,WR,JAX,IND,0,0,0.0,0,0.0,0.0,0.0,1,-1.0,0,5,3,25.0,0,2.4,5.4,,,72.0,176.0,24.9521875,1.0,Oklahoma,2017.0,2017.0,JAX,110.0,6.0,0.22727273
2018,14,00-0033839,D.Westbrook,WR,JAX,TEN,0,0,0.0,0,0.0,0.0,0.0,0,0.0,0,10,7,88.0,1,14.8,21.8,,,72.0,176.0,24.9521875,1.0,Oklahoma,2017.0,2017.0,JAX,110.0,,0.24390244
2018,15,00-0033839,D.Westbrook,WR,JAX,WAS,0,0,0.0,0,0.0,0.0,0.0,1,20.0,0,5,3,21.0,0,10.1,13.1,,,72.0,176.0,24.9521875,1.0,Oklahoma,2017.0,2017.0,JAX,110.0,-3.0,0.33333334
2018,16,00-0033839,D.Westbrook,WR,JAX,MIA,0,1,0.0,0,0.0,0.0,-0.0,1,9.0,0,8,7,45.0,0,5.4,12.4,,,72.0,176.0,24.9521875,1.0,Oklahoma,2017.0,2017.0,JAX,110.0,,0.3478261
2018,17,00-0033839,D.Westbrook,WR,JAX,HOU,0,0,0.0,0,0.0,0.0,0.0,0,0.0,0,7,3,10.0,0,1.0,4.0,,,72.0,176.0,24.9521875,1.0,Oklahoma,2017.0,2017.0,JAX,110.0,,0.25
2018,1,00-0033856,L.Fournette,RB,JAX,NYG,0,0,0.0,0,0.0,0.0,0.0,9,41.0,0,3,3,14.0,0,5.5,8.5,,,72.0,228.0,23.794125,1.0,Louisiana State,2017.0,2017.0,JAX,4.0,,0.09090909
2018,4,00-0033856,L.Fournette,RB,JAX,NYJ,0,0,0.0,0,0.0,0.0,0.0,11,30.0,0,1,1,5.0,0,3.5,4.5,,,72.0,228.0,23.794125,1.0,Louisiana State,2017.0,2017.0,JAX,4.0,19.0,0.02631579
2018,10,00-0033856,L.Fournette,RB,JAX,IND,0,0,0.0,0,0.0,0.0,0.0,24,53.0,1,5,5,56.0,1,22.9,27.9,,,72.0,228.0,23.794125,1.0,Louisiana State,2017.0,2017.0,JAX,4.0,,0.13157895
2018,11,00-0033856,L.Fournette,RB,JAX,PIT,0,0,0.0,0,0.0,0.0,0.0,28,95.0,1,2,2,46.0,0,20.1,22.1,,,72.0,228.0,23.794125,1.0,Louisiana State,2017.0,2017.0,JAX,4.0,-4.0,0.11111111
2018,12,00-0033856,L.Fournette,RB,JAX,BUF,0,0,0.0,0,0.0,0.0,0.0,18,95.0,2,3,3,13.0,0,22.8,25.8,,,72.0,228.0,23.794125,1.0,Louisiana State,2017.0,2017.0,JAX,4.0,,0.13636364
2018,14,00-0033856,L.Fournette,RB,JAX,TEN,0,0,0.0,0,0.0,0.0,0.0,14,36.0,0,3,2,5.0,0,4.1,6.1,,,72.0,228.0,23.794125,1.0,Louisiana State,2017.0,2017.0,JAX,4.0,,0.07317073
2018,15,00-0033856,L.Fournette,RB,JAX,WAS,0,0,0.0,0,0.0,0.0,0.0,11,46.0,0,4,3,18.0,0,6.4,9.4,,,72.0,228.0,23.794125,1.0,Louisiana State,2017.0,2017.0,JAX,4.0,-3.0,0.26666668
2018,16,00-0033856,L.Fournette,RB,JAX,MIA,0,0,0.0,0,0.0,0.0,0.0,18,43.0,1,5,3,28.0,0,13.1,16.1,,,72.0,228.0,23.794125,1.0,Louisiana State,2017.0,2017.0,JAX,4.0,,0.2173913
2018,1,00-0033857,J.Smith-Schuster,WR,PIT,CLE,0,0,0.0,0,0.0,0.0,0.0,0,0.0,0,8,5,119.0,0,11.9,16.9,,,73.0,215.0,21.9514375,1.0,Southern California,2017.0,2017.0,PIT,62.0,,0.19512194
2018,2,00-0033857,J.Smith-Schuster,WR,PIT,KC,0,0,0.0,0,0.0,0.0,0.0,0,0.0,0,19,13,121.0,1,18.1,31.1,,,73.0,215.0,21.9514375,1.0,Southern California,2017.0,2017.0,PIT,62.0,-5.0,0.31666666
2018,3,00-0033857,J.Smith-Schuster,WR,PIT,TB,0,0,0.0,0,0.0,0.0,0.0,0,0.0,0,11,9,116.0,0,11.6,20.6,,,73.0,215.0,21.9514375,1.0,Southern California,2017.0,2017.0,PIT,62.0,,0.2972973
2018,4,00-0033857,J.Smith-Schuster,WR,PIT,BAL,0,0,0.0,0,0.0,0.0,0.0,0,0.0,0,11,4,60.0,0,6.0,10.0,,,73.0,215.0,21.9514375,1.0,Southern California,2017.0,2017.0,PIT,62.0,-12.0,0.23913044
2018,5,00-0033857,J.Smith-Schuster,WR,PIT,ATL,0,0,0.0,0,0.0,0.0,0.0,0,0.0,0,4,4,34.0,1,9.4,13.4,,,73.0,215.0,21.9514375,1.0,Southern California,2017.0,2017.0,PIT,62.0,24.0,0.13793103
2018,6,00-0033857,J.Smith-Schuster,WR,PIT,CIN,0,0,0.0,0,0.0,0.0,0.0,0,0.0,0,10,7,111.0,0,13.1,20.1,,,73.0,215.0,21.9514375,1.0,Southern California,2017.0,2017.0,PIT,62.0,,0.22222222
2018,8,00-0033857,J.Smith-Schuster,WR,PIT,CLE,0,0,0.0,0,0.0,0.0,0.0,0,0.0,0,6,4,33.0,0,3.3,7.3,,,73.0,215.0,21.9514375,1.0,Southern California,2017.0,2017.0,PIT,62.0,15.0,0.18181819
2018,9,00-0033857,J.Smith-Schuster,WR,PIT,BAL,0,0,0.0,0,0.0,0.0,0.0,0,0.0,0,9,7,78.0,0,7.8,14.8,,,73.0,215.0,21.9514375,1.0,Southern California,2017.0,2017.0,PIT,62.0,,0.19565217
2018,10,00-0033857,J.Smith-Schuster,WR,PIT,CAR,0,0,0.0,0,0.0,0.0,0.0,1,13.0,0,5,3,90.0,1,16.3,19.3,,,73.0,215.0,21.9514375,1.0,Southern California,2017.0,2017.0,PIT,62.0,31.0,0.18518518
2018,11,00-0033857,J.Smith-Schuster,WR,PIT,JAX,0,0,0.0,0,0.0,0.0,0.0,0,0.0,0,10,8,104.0,0,10.4,18.4,,,73.0,215.0,21.9514375,1.0,Southern California,2017.0,2017.0,PIT,62.0,,0.22222222
2018,12,00-0033857,J.Smith-Schuster,WR,PIT,DEN,0,0,0.0,0,0.0,0.0,0.0,0,0.0,0,17,13,189.0,1,24.9,37.9,,,73.0,215.0,21.9514375,1.0,Southern California,2017.0,2017.0,PIT,62.0,,0.29310346
2018,13,00-0033857,J.Smith-Schuster,WR,PIT,LAC,0,0,0.0,0,0.0,0.0,0.0,0,0.0,0,9,6,49.0,0,4.9,10.9,,,73.0,215.0,21.9514375,1.0,Southern California,2017.0,2017.0,PIT,62.0,-3.0,0.2
2018,14,00-0033857,J.Smith-Schuster,WR,PIT,LV,0,0,0.0,0,0.0,0.0,0.0,0,0.0,0,12,8,130.0,2,25.0,33.0,,,73.0,215.0,21.9514375,1.0,Southern California,2017.0,2017.0,PIT,62.0,,0.3243243
2018,15,00-0033857,J.Smith-Schuster,WR,PIT,NE,0,0,0.0,0,0.0,0.0,0.0,0,0.0,0,10,4,40.0,0,4.0,8.0,,,73.0,215.0,21.9514375,1.0,Southern California,2017.0,2017.0,PIT,62.0,7.0,0.3030303
2018,16,00-0033857,J.Smith-Schuster,WR,PIT,NO,0,0,0.0,0,0.0,0.0,0.0,0,0.0,0,15,11,115.0,0,9.5,20.5,,,73.0,215.0,21.9514375,1.0,Southern California,2017.0,2017.0,PIT,62.0,,0.30612245
2018,17,00-0033857,J.Smith-Schuster,WR,PIT,CIN,0,0,0.0,0,0.0,0.0,0.0,0,0.0,0,10,5,37.0,1,9.7,14.7,,,73.0,215.0,21.9514375,1.0,Southern California,2017.0,2017.0,PIT,62.0,3.0,0.22222222
2018,1,00-0033858,J.Smith,TE,TEN,MIA,0,0,0.0,0,0.0,0.0,0.0,0,0.0,0,3,1,12.0,0,1.2,2.2,,,75.0,248.0,23.2041875,1.0,Florida International,2017.0,2017.0,TEN,100.0,,0.078947365
2018,3,00-0033858,J.Smith,TE,TEN,JAX,0,0,0.0,0,0.0,0.0,0.0,0,0.0,0,2,1,9.0,0,0.9,1.9,,,75.0,248.0,23.2041875,1.0,Florida International,2017.0,2017.0,TEN,100.0,,0.0952381
2018,4,00-0033858,J.Smith,TE,TEN,PHI,0,0,0.0,0,0.0,0.0,0.0,0,0.0,0,2,0,0.0,0,0.0,0.0,,,75.0,248.0,23.2041875,1.0,Florida International,2017.0,2017.0,TEN,100.0,3.0,0.04761905
2018,5,00-0033858,J.Smith,TE,TEN,BUF,0,0,0.0,0,0.0,0.0,0.0,0,0.0,0,1,0,0.0,0,0.0,0.0,,,75.0,248.0,23.2041875,1.0,Florida International,2017.0,2017.0,TEN,100.0,,0.04
2018,6,00-0033858,J.Smith,TE,TEN,BAL,0,0,0.0,0,0.0,0.0,0.0,0,0.0,0,1,1,12.0,0,1.2,2.2,,,75.0,248.0,23.2041875,1.0,Florida International,2017.0,2017.0,TEN,100.0,-21.0,0.071428575
2018,7,00-0033858,J.Smith,TE,TEN,LAC,0,0,0.0,0,0.0,0.0,0.0,0,0.0,0,3,2,11.0,0,1.1,3.1,,,75.0,248.0,23.2041875,1.0,Florida International,2017.0,2017.0,TEN,100.0,,0.09375
2018,9,00-0033858,J.Smith,TE,TEN,DAL,0,0,0.0,0,0.0,0.0,0.0,0,0.0,0,2,2,33.0,1,9.3,11.3,,,75.0,248.0,23.2041875,1.0,Florida International,2017.0,2017.0,TEN,100.0,,0.074074075
2018,10,00-0033858,J.Smith,TE,TEN,NE,0,0,0.0,0,0.0,0.0,0.0,0,0.0,0,3,3,45.0,1,10.5,13.5,,,75.0,248.0,23.2041875,1.0,Florida International,2017.0,2017.0,TEN,100.0,24.0,0.125
2018,11,00-0033858,J.Smith,TE,TEN,IND,0,0,0.0,0,0.0,0.0,0.0,0,0.0,0,8,6,44.0,0,4.4,10.4,,,75.0,248.0,23.2041875,1.0,Florida International,2017.0,2017.0,TEN,100.0,,0.27586207
2018,12,00-0033858,J.Smith,TE,TEN,HOU,0,0,0.0,0,0.0,0.0,0.0,0,0.0,0,2,2,63.0,1,12.3,14.3,,,75.0,248.0,23.2041875,1.0,Florida International,2017.0,2017.0,TEN,100.0,,0.08695652
2018,13,00-0033858,J.Smith,TE,TEN,NYJ,0,0,0.0,0,0.0,0.0,0.0,0,0.0,0,3,2,29.0,0,2.9,4.9,,,75.0,248.0,23.2041875,1.0,Florida International,2017.0,2017.0,TEN,100.0,4.0,0.09090909
2018,2,00-0033859,J.Malone,WR,CIN,BAL,0,0,0.0,0,0.0,0.0,0.0,0,0.0,0,1,0,0.0,0,0.0,0.0,,,75.0,208.0,22.622375,1.0,Tennessee,2017.0,2017.0,CIN,128.0,11.0,0.024390243
2018,3,00-0033859,J.Malone,WR,CIN,CAR,0,0,0.0,0,0.0,0.0,0.0,0,0.0,0,3,1,12.0,0,1.2,2.2,,,75.0,208.0,22.622375,1.0,Tennessee,2017.0,2017.0,CIN,128.0,,0.06666667
2018,17,00-0033859,J.Malone,WR,CIN,PIT,0,0,0.0,0,0.0,0.0,0.0,0,0.0,0,1,0,0.0,0,0.0,0.0,,,75.0,208.0,22.622375,1.0,Tennessee,2017.0,2017.0,CIN,128.0,,0.04347826
2018,1,00-0033869,M.Trubisky,QB,CHI,GB,23,35,171.0,0,0.0,4.0,16.0,7,32.0,1,0,0,0.0,0,14.04,14.04,,,75.0,222.0,24.222411764705882,1.0,North Carolina,2017.0,2017.0,CHI,2.0,,
2018,2,00-0033869,M.Trubisky,QB,CHI,SEA,25,34,200.0,2,2.0,2.0,15.0,5,24.0,0,0,0,0.0,0,14.4,14.4,,,75.0,222.0,24.222411764705882,1.0,North Carolina,2017.0,2017.0,CHI,2.0,7.0,
2018,3,00-0033869,M.Trubisky,QB,CHI,ARI,24,35,220.0,0,1.0,3.0,26.0,2,8.0,0,0,0,0.0,0,5.6,5.6,,,75.0,222.0,24.222411764705882,1.0,North Carolina,2017.0,2017.0,CHI,2.0,,
2018,4,00-0033869,M.Trubisky,QB,CHI,TB,19,26,354.0,6,0.0,1.0,10.0,3,53.0,0,0,0,0.0,0,43.46,43.46,,,75.0,222.0,24.222411764705882,1.0,North Carolina,2017.0,2017.0,CHI,2.0,38.0,
2018,6,00-0033869,M.Trubisky,QB,CHI,MIA,22,31,316.0,3,1.0,2.0,13.0,8,47.0,0,0,0,0.0,0,27.34,27.34,,,75.0,222.0,24.222411764705882,1.0,North Carolina,2017.0,2017.0,CHI,2.0,,
2018,7,00-0033869,M.Trubisky,QB,CHI,NE,26,50,333.0,2,2.0,2.0,14.0,6,81.0,1,0,0,0.0,0,31.42,31.42,,,75.0,222.0,24.222411764705882,1.0,North Carolina,2017.0,2017.0,CHI,2.0,-7.0,
2018,8,00-0033869,M.Trubisky,QB,CHI,NYJ,16,29,220.0,2,0.0,2.0,4.0,6,51.0,0,0,0,0.0,0,21.9,21.9,,,75.0,222.0,24.222411764705882,1.0,North Carolina,2017.0,2017.0,CHI,2.0,14.0,
2018,9,00-0033869,M.Trubisky,QB,CHI,BUF,12,20,135.0,1,1.0,1.0,9.0,1,6.0,0,0,0,0.0,0,8.0,8.0,,,75.0,222.0,24.222411764705882,1.0,North Carolina,2017.0,2017.0,CHI,2.0,,
2018,10,00-0033869,M.Trubisky,QB,CHI,DET,23,30,355.0,3,0.0,1.0,7.0,3,18.0,1,0,0,0.0,0,36.0,36.0,,,75.0,222.0,24.222411764705882,1.0,North Carolina,2017.0,2017.0,CHI,2.0,12.0,
2018,11,00-0033869,M.Trubisky,QB,CHI,MIN,20,31,165.0,1,2.0,1.0,5.0,10,43.0,0,0,0,0.0,0,14.9,14.9,,,75.0,222.0,24.222411764705882,1.0,North Carolina,2017.0,2017.0,CHI,2.0,5.0,
2018,14,00-0033869,M.Trubisky,QB,CHI,LA,16,30,110.0,1,3.0,1.0,10.0,6,23.0,0,0,0,0.0,0,4.7,4.7,,,75.0,222.0,24.222411764705882,1.0,North Carolina,2017.0,2017.0,CHI,2.0,9.0,
2018,15,00-0033869,M.Trubisky,QB,CHI,GB,20,28,235.0,2,0.0,1.0,3.0,3,16.0,0,0,0,0.0,0,19.0,19.0,,,75.0,222.0,24.222411764705882,1.0,North Carolina,2017.0,2017.0,CHI,2.0,7.0,
2018,16,00-0033869,M.Trubisky,QB,CHI,SF,25,29,246.0,1,0.0,3.0,11.0,5,3.0,0,0,0,0.0,0,12.14,12.14,,,75.0,222.0,24.222411764705882,1.0,North Carolina,2017.0,2017.0,CHI,2.0,,
2018,17,00-0033869,M.Trubisky,QB,CHI,MIN,18,26,163.0,0,0.0,0.0,-0.0,3,16.0,0,0,0,0.0,0,10.12,10.12,,,75.0,222.0,24.222411764705882,1.0,North Carolina,2017.0,2017.0,CHI,2.0,,
2018,18,00-0033869,M.Trubisky,QB,CHI,PHI,26,43,303.0,1,0.0,2.0,12.0,3,9.0,0,0,0,0.0,0,17.02,17.02,,,75.0,222.0,24.222411764705882,1.0,North Carolina,2017.0,2017.0,CHI,2.0,-1.0,
2018,1,00-0033871,C.Davis,WR,TEN,MIA,0,0,0.0,0,0.0,0.0,0.0,0,0.0,0,13,6,62.0,0,6.2,12.2,,,75.0,209.0,23.814625,1.0,Western Michigan,2017.0,2017.0,TEN,5.0,,0.34210527
2018,2,00-0033871,C.Davis,WR,TEN,HOU,0,0,0.0,0,0.0,0.0,0.0,0,0.0,0,7,5,55.0,0,5.5,10.5,,,75.0,209.0,23.814625,1.0,Western Michigan,2017.0,2017.0,TEN,5.0,3.0,0.33333334
2018,3,00-0033871,C.Davis,WR,TEN,JAX,0,0,0.0,0,0.0,0.0,0.0,0,0.0,0,4,2,34.0,0,3.4,5.4,,,75.0,209.0,23.814625,1.0,Western Michigan,2017.0,2017.0,TEN,5.0,,0.1904762
2018,4,00-0033871,C.Davis,WR,TEN,PHI,0,0,0.0,0,0.0,0.0,0.0,0,0.0,0,15,9,161.0,1,22.1,31.1,,,75.0,209.0,23.814625,1.0,Western Michigan,2017.0,2017.0,TEN,5.0,3.0,0.35714287
2018,5,00-0033871,C.Davis,WR,TEN,BUF,0,0,0.0,0,0.0,0.0,0.0,0,0.0,0,6,4,49.0,0,4.9,8.9,,,75.0,209.0,23.814625,1.0,Western Michigan,2017.0,2017.0,TEN,5.0,,0.24
2018,6,00-0033871,C.Davis,WR,TEN,BAL,0,0,0.0,0,0.0,0.0,0.0,0,0.0,0,4,1,24.0,0,2.4,3.4,,,75.0,209.0,23.814625,1.0,Western Michigan,2017.0,2017.0,TEN,5.0,-21.0,0.2857143
2018,7,00-0033871,C.Davis,WR,TEN,LAC,0,0,0.0,0,0.0,0.0,0.0,0,0.0,0,7,3,10.0,0,1.0,4.0,,,75.0,209.0,23.814625,1.0,Western Michigan,2017.0,2017.0,TEN,5.0,,0.21875
2018,9,00-0033871,C.Davis,WR,TEN,DAL,0,0,0.0,0,0.0,0.0,0.0,1,4.0,0,10,6,56.0,0,6.0,12.0,,,75.0,209.0,23.814625,1.0,Western Michigan,2017.0,2017.0,TEN,5.0,,0.37037036
2018,10,00-0033871,C.Davis,WR,TEN,NE,0,0,0.0,0,0.0,0.0,0.0,0,0.0,0,10,7,125.0,1,18.5,25.5,,,75.0,209.0,23.814625,1.0,Western Michigan,2017.0,2017.0,TEN,5.0,24.0,0.41666666
2018,11,00-0033871,C.Davis,WR,TEN,IND,0,0,0.0,0,0.0,0.0,0.0,1,-1.0,0,4,2,30.0,0,2.9,4.9,,,75.0,209.0,23.814625,1.0,Western Michigan,2017.0,2017.0,TEN,5.0,,0.13793103
2018,12,00-0033871,C.Davis,WR,TEN,HOU,0,0,0.0,0,0.0,0.0,0.0,1,39.0,0,4,4,96.0,1,19.5,23.5,,,75.0,209.0,23.814625,1.0,Western Michigan,2017.0,2017.0,TEN,5.0,,0.17391305
2018,13,00-0033871,C.Davis,WR,TEN,NYJ,0,0,0.0,0,0.0,0.0,0.0,1,12.0,0,7,3,42.0,1,11.4,14.4,,,75.0,209.0,23.814625,1.0,Western Michigan,2017.0,2017.0,TEN,5.0,4.0,0.21212122
2018,14,00-0033871,C.Davis,WR,TEN,JAX,0,0,0.0,0,0.0,0.0,0.0,1,0.0,0,3,2,21.0,0,2.1,4.1,,,75.0,209.0,23.814625,1.0,Western Michigan,2017.0,2017.0,TEN,5.0,21.0,0.125
2018,15,00-0033871,C.Davis,WR,TEN,NYG,0,0,0.0,0,0.0,0.0,0.0,0,0.0,0,6,3,33.0,0,3.3,6.3,,,75.0,209.0,23.814625,1.0,Western Michigan,2017.0,2017.0,TEN,5.0,,0.3
2018,16,00-0033871,C.Davis,WR,TEN,WAS,0,0,0.0,0,0.0,0.0,0.0,1,1.0,0,5,3,45.0,0,4.6,7.6,,,75.0,209.0,23.814625,1.0,Western Michigan,2017.0,2017.0,TEN,5.0,9.0,0.2173913
2018,17,00-0033871,C.Davis,WR,TEN,IND,0,0,0.0,0,0.0,0.0,0.0,0,0.0,0,7,5,48.0,0,4.8,9.8,,,75.0,209.0,23.814625,1.0,Western Michigan,2017.0,2017.0,TEN,5.0,-16.0,0.2413793
2018,1,00-0033873,P.Mahomes,QB,KC,LAC,15,27,256.0,4,0.0,1.0,-0.0,5,21.0,0,0,0,0.0,0,28.34,28.34,,,75.0,230.0,23.150944444444445,1.0,Texas Tech,2017.0,2017.0,KC,10.0,,
2018,2,00-0033873,P.Mahomes,QB,KC,PIT,23,28,326.0,6,0.0,1.0,4.0,5,18.0,0,0,0,0.0,0,38.84,38.84,,,75.0,230.0,23.150944444444445,1.0,Texas Tech,2017.0,2017.0,KC,10.0,,
2018,3,00-0033873,P.Mahomes,QB,KC,SF,24,38,314.0,3,0.0,2.0,7.0,5,7.0,0,0,0,0.0,0,25.26,25.26,,,75.0,230.0,23.150944444444445,1.0,Texas Tech,2017.0,2017.0,KC,10.0,11.0,
2018,4,00-0033873,P.Mahomes,QB,KC,DEN,28,45,304.0,1,0.0,1.0,-0.0,3,7.0,1,0,0,0.0,0,22.86,22.86,,,75.0,230.0,23.150944444444445,1.0,Texas Tech,2017.0,2017.0,KC,10.0,,
2018,5,00-0033873,P.Mahomes,QB,KC,JAX,22,38,313.0,0,2.0,1.0,15.0,4,13.0,1,0,0,0.0,0,15.82,15.82,,,75.0,230.0,23.150944444444445,1.0,Texas Tech,2017.0,2017.0,KC,10.0,16.0,
2018,6,00-0033873,P.Mahomes,QB,KC,NE,23,36,352.0,4,2.0,0.0,-0.0,2,9.0,0,0,0,0.0,0,26.98,26.98,,,75.0,230.0,23.150944444444445,1.0,Texas Tech,2017.0,2017.0,KC,10.0,,
2018,7,00-0033873,P.Mahomes,QB,KC,CIN,28,39,358.0,4,1.0,2.0,5.0,4,45.0,0,0,0,0.0,0,32.82,32.82,,,75.0,230.0,23.150944444444445,1.0,Texas Tech,2017.0,2017.0,KC,10.0,35.0,
2018,8,00-0033873,P.Mahomes,QB,KC,DEN,24,34,303.0,4,1.0,2.0,12.0,2,-1.0,0,0,0,0.0,0,26.02,26.02,,,75.0,230.0,23.150944444444445,1.0,Texas Tech,2017.0,2017.0,KC,10.0,7.0,
2018,9,00-0033873,P.Mahomes,QB,KC,CLE,23,32,375.0,3,1.0,2.0,15.0,2,18.0,0,0,0,0.0,0,26.8,26.8,,,75.0,230.0,23.150944444444445,1.0,Texas Tech,2017.0,2017.0,KC,10.0,,
2018,10,00-0033873,P.Mahomes,QB,KC,ARI,21,28,249.0,2,0.0,5.0,37.0,4,21.0,0,0,0,0.0,0,20.06,20.06,,,75.0,230.0,23.150944444444445,1.0,Texas Tech,2017.0,2017.0,KC,10.0,12.0,
2018,11,00-0033873,P.Mahomes,QB,KC,LA,33,46,478.0,6,3.0,3.0,30.0,6,28.0,0,0,0,0.0,0,35.92,35.92,,,75.0,230.0,23.150944444444445,1.0,Texas Tech,2017.0,2017.0,KC,10.0,,
2018,13,00-0033873,P.Mahomes,QB,KC,LV,23,38,295.0,4,0.0,0.0,-0.0,9,52.0,0,0,0,0.0,0,33.0,33.0,,,75.0,230.0,23.150944444444445,1.0,Texas Tech,2017.0,2017.0,KC,10.0,,
2018,14,00-0033873,P.Mahomes,QB,KC,BAL,35,53,377.0,2,1.0,3.0,29.0,2,-3.0,0,0,0,0.0,0,20.78,20.78,,,75.0,230.0,23.150944444444445,1.0,Texas Tech,2017.0,2017.0,KC,10.0,3.0,
2018,15,00-0033873,P.Mahomes,QB,KC,LAC,24,34,243.0,2,0.0,2.0,9.0,2,3.0,0,0,0,0.0,0,18.02,18.02,,,75.0,230.0,23.150944444444445,1.0,Texas Tech,2017.0,2017.0,KC,10.0,-1.0,
2018,16,00-0033873,P.Mahomes,QB,KC,SEA,23,40,273.0,3,0.0,1.0,8.0,3,33.0,0,0,0,0.0,0,28.22,28.22,,,75.0,230.0,23.150944444444445,1.0,Texas Tech,2017.0,2017.0,KC,10.0,,
2018,17,00-0033873,P.Mahomes,QB,KC,LV,14,24,281.0,2,1.0,0.0,-0.0,2,1.0,0,0,0,0.0,0,17.34,17.34,,,75.0,230.0,23.150944444444445,1.0,Texas Tech,2017.0,2017.0,KC,10.0,32.0,
2018,19,00-0033873,P.Mahomes,QB,KC,IND,27,41,278.0,0,0.0,4.0,25.0,3,8.0,1,0,0,0.0,0,17.92,17.92,,,75.0,230.0,23.150944444444445,1.0,Texas Tech,2017.0,2017.0,KC,10.0,18.0,
2018,20,00-0033873,P.Mahomes,QB,KC,NE,16,31,295.0,3,0.0,4.0,46.0,2,11.0,0,0,0,0.0,0,24.9,24.9,,,75.0,230.0,23.150944444444445,1.0,Texas Tech,2017.0,2017.0,KC,10.0,-6.0,
2018,1,00-0033879,O.Howard,TE,TB,NO,0,0,0.0,0,0.0,0.0,0.0,0,0.0,0,2,2,54.0,0,5.4,7.4,,,78.0,250.0,23.966625,1.0,Alabama,2017.0,2017.0,TB,19.0,,0.071428575
2018,2,00-0033879,O.Howard,TE,TB,PHI,0,0,0.0,0,0.0,0.0,0.0,0,0.0,0,4,3,96.0,1,15.6,18.6,,,78.0,250.0,23.966625,1.0,Alabama,2017.0,2017.0,TB,19.0,6.0,0.121212125
2018,3,00-0033879,O.Howard,TE,TB,PIT,0,0,0.0,0,0.0,0.0,0.0,0,0.0,0,8,6,72.0,0,7.2,13.2,,,78.0,250.0,23.966625,1.0,Alabama,2017.0,2017.0,TB,19.0,-3.0,0.16
2018,4,00-0033879,O.Howard,TE,TB,CHI,0,0,0.0,0,0.0,0.0,0.0,0,0.0,0,3,0,0.0,0,0.0,0.0,,,78.0,250.0,23.966625,1.0,Alabama,2017.0,2017.0,TB,19.0,,0.078947365
2018,6,00-0033879,O.Howard,TE,TB,ATL,0,0,0.0,0,0.0,0.0,0.0,0,0.0,0,4,4,62.0,1,12.2,16.2,,,78.0,250.0,23.966625,1.0,Alabama,2017.0,2017.0,TB,19.0,,0.1
2018,7,00-0033879,O.Howard,TE,TB,CLE,0,0,0.0,0,0.0,0.0,0.0,0,0.0,0,9,5,67.0,0,6.7,11.7,,,78.0,250.0,23.966625,1.0,Alabama,2017.0,2017.0,TB,19.0,3.0,0.17307693
2018,8,00-0033879,O.Howard,TE,TB,CIN,0,0,0.0,0,0.0,0.0,0.0,0,0.0,0,4,4,68.0,1,12.8,16.8,,,78.0,250.0,23.966625,1.0,Alabama,2017.0,2017.0,TB,19.0,,0.08
2018,9,00-0033879,O.Howard,TE,TB,CAR,0,0,0.0,0,0.0,0.0,0.0,0,0.0,0,6,4,53.0,2,17.3,21.3,,,78.0,250.0,23.966625,1.0,Alabama,2017.0,2017.0,TB,19.0,,0.14634146
2018,10,00-0033879,O.Howard,TE,TB,WAS,0,0,0.0,0,0.0,0.0,0.0,0,0.0,0,2,1,15.0,0,1.5,2.5,,,78.0,250.0,23.966625,1.0,Alabama,2017.0,2017.0,TB,19.0,-13.0,0.048780486
2018,11,00-0033879,O.Howard,TE,TB,NYG,0,0,0.0,0,0.0,0.0,0.0,0,0.0,0,6,5,78.0,0,7.8,12.8,,,78.0,250.0,23.966625,1.0,Alabama,2017.0,2017.0,TB,19.0,,0.16666667
2018,1,00-0033881,E.Engram,TE,NYG,JAX,0,0,0.0,0,0.0,0.0,0.0,0,0.0,0,5,2,18.0,0,1.8,3.8,,,75.0,236.0,24.17225,1.0,Mississippi,2017.0,2017.0,NYG,23.0,-5.0,0.1388889
2018,2,00-0033881,E.Engram,TE,NYG,DAL,0,0,0.0,0,0.0,0.0,0.0,0,0.0,0,7,7,67.0,1,12.7,19.7,,,75.0,236.0,24.17225,1.0,Mississippi,2017.0,2017.0,NYG,23.0,,0.1590909
2018,3,00-0033881,E.Engram,TE,NYG,HOU,0,0,0.0,0,0.0,0.0,0.0,0,0.0,0,1,1,19.0,0,1.9,2.9,,,75.0,236.0,24.17225,1.0,Mississippi,2017.0,2017.0,NYG,23.0,,0.03448276
2018,7,00-0033881,E.Engram,TE,NYG,ATL,0,0,0.0,0,0.0,0.0,0.0,1,10.0,0,4,2,16.0,0,2.6,4.6,,,75.0,236.0,24.17225,1.0,Mississippi,2017.0,2017.0,NYG,23.0,,0.10810811
2018,8,00-0033881,E.Engram,TE,NYG,WAS,0,0,0.0,0,0.0,0.0,0.0,0,0.0,0,9,5,25.0,1,8.5,13.5,,,75.0,236.0,24.17225,1.0,Mississippi,2017.0,2017.0,NYG,23.0,-7.0,0.19565217
2018,10,00-0033881,E.Engram,TE,NYG,SF,0,0,0.0,0,0.0,0.0,0.0,0,0.0,0,5,4,46.0,0,4.6,8.6,,,75.0,236.0,24.17225,1.0,Mississippi,2017.0,2017.0,NYG,23.0,,0.16129032
2018,11,00-0033881,E.Engram,TE,NYG,TB,0,0,0.0,0,0.0,0.0,0.0,0,0.0,0,2,2,66.0,0,6.6,8.6,,,75.0,236.0,24.17225,1.0,Mississippi,2017.0,2017.0,NYG,23.0,3.0,0.11111111
2018,14,00-0033881,E.Engram,TE,NYG,WAS,0,0,0.0,0,0.0,0.0,0.0,0,0.0,0,5,3,77.0,0,7.7,10.7,,,75.0,236.0,24.17225,1.0,Mississippi,2017.0,2017.0,NYG,23.0,,0.1923077
2018,15,00-0033881,E.Engram,TE,NYG,TEN,0,0,0.0,0,0.0,0.0,0.0,0,0.0,0,12,8,75.0,0,7.5,15.5,,,75.0,236.0,24.17225,1.0,Mississippi,2017.0,2017.0,NYG,23.0,-17.0,0.27272728
2018,16,00-0033881,E.Engram,TE,NYG,IND,0,0,0.0,0,0.0,0.0,0.0,2,26.0,0,6,6,87.0,0,11.3,17.3,,,75.0,236.0,24.17225,1.0,Mississippi,2017.0,2017.0,NYG,23.0,,0.19354838
2018,17,00-0033881,E.Engram,TE,NYG,DAL,0,0,0.0,0,0.0,0.0,0.0,0,0.0,0,8,5,81.0,1,16.1,21.1,,,75.0,236.0,24.17225,1.0,Mississippi,2017.0,2017.0,NYG,23.0,-1.0,0.20512821
2018,1,00-0033885,D.Njoku,TE,CLE,PIT,0,0,0.0,0,0.0,0.0,0.0,0,0.0,0,7,3,13.0,0,1.3,4.3,,,76.0,246.0,22.315875,1.0,Miami,2017.0,2017.0,CLE,29.0,0.0,0.18421052
2018,2,00-0033885,D.Njoku,TE,CLE,NO,0,0,0.0,0,0.0,0.0,0.0,0,0.0,0,7,4,20.0,0,2.0,6.0,,,76.0,246.0,22.315875,1.0,Miami,2017.0,2017.0,CLE,29.0,,0.23333333
2018,3,00-0033885,D.Njoku,TE,CLE,NYJ,0,0,0.0,0,0.0,0.0,0.0,0,0.0,0,2,2,36.0,0,3.6,5.6,,,76.0,246.0,22.315875,1.0,Miami,2017.0,2017.0,CLE,29.0,4.0,0.057142857
2018,4,00-0033885,D.Njoku,TE,CLE,LV,0,0,0.0,0,0.0,0.0,0.0,0,0.0,0,7,5,52.0,0,5.2,10.2,,,76.0,246.0,22.315875,1.0,Miami,2017.0,2017.0,CLE,29.0,,0.17073171
2018,5,00-0033885,D.Njoku,TE,CLE,BAL,0,0,0.0,0,0.0,0.0,0.0,0,0.0,0,10,6,69.0,0,6.9,12.9,,,76.0,246.0,22.315875,1.0,Miami,2017.0,2017.0,CLE,29.0,3.0,0.23809524
2018,6,00-0033885,D.Njoku,TE,CLE,LAC,0,0,0.0,0,0.0,0.0,0.0,0,0.0,0,12,7,55.0,1,11.5,18.5,,,76.0,246.0,22.315875,1.0,Miami,2017.0,2017.0,CLE,29.0,-24.0,0.27906978
2018,7,00-0033885,D.Njoku,TE,CLE,TB,0,0,0.0,0,0.0,0.0,0.0,0,0.0,0,6,4,52.0,1,11.2,15.2,,,76.0,246.0,22.315875,1.0,Miami,2017.0,2017.0,CLE,29.0,,0.18181819
2018,9,00-0033885,D.Njoku,TE,CLE,KC,0,0,0.0,0,0.0,0.0,0.0,0,0.0,0,5,4,53.0,0,5.3,9.3,,,76.0,246.0,22.315875,1.0,Miami,2017.0,2017.0,CLE,29.0,-16.0,0.11627907
2018,10,00-0033885,D.Njoku,TE,CLE,ATL,0,0,0.0,0,0.0,0.0,0.0,0,0.0,0,1,1,18.0,0,1.8,2.8,,,76.0,246.0,22.315875,1.0,Miami,2017.0,2017.0,CLE,29.0,12.0,0.04761905
2018,12,00-0033885,D.Njoku,TE,CLE,CIN,0,0,0.0,0,0.0,0.0,0.0,0,0.0,0,5,5,63.0,1,12.3,17.3,,,76.0,246.0,22.315875,1.0,Miami,2017.0,2017.0,CLE,29.0,,0.2
2018,13,00-0033885,D.Njoku,TE,CLE,HOU,0,0,0.0,0,0.0,0.0,0.0,0,0.0,0,6,3,8.0,0,0.8,3.8,,,76.0,246.0,22.315875,1.0,Miami,2017.0,2017.0,CLE,29.0,,0.15
2018,14,00-0033885,D.Njoku,TE,CLE,CAR,0,0,0.0,0,0.0,0.0,0.0,0,0.0,0,4,3,35.0,0,3.5,6.5,,,76.0,246.0,22.315875,1.0,Miami,2017.0,2017.0,CLE,29.0,6.0,0.17391305
2018,15,00-0033885,D.Njoku,TE,CLE,DEN,0,0,0.0,0,0.0,0.0,0.0,0,0.0,0,5,3,30.0,0,3.0,6.0,,,76.0,246.0,22.315875,1.0,Miami,2017.0,2017.0,CLE,29.0,,0.16129032
2018,16,00-0033885,D.Njoku,TE,CLE,CIN,0,0,0.0,0,0.0,0.0,0.0,0,0.0,0,4,3,73.0,1,13.3,16.3,,,76.0,246.0,22.315875,1.0,Miami,2017.0,2017.0,CLE,29.0,8.0,0.10526316
2018,17,00-0033885,D.Njoku,TE,CLE,BAL,0,0,0.0,0,0.0,0.0,0.0,0,0.0,0,7,3,62.0,0,6.2,9.2,,,76.0,246.0,22.315875,1.0,Miami,2017.0,2017.0,CLE,29.0,,0.17073171
2018,1,00-0033891,Z.Jones,WR,BUF,BAL,0,0,0.0,0,0.0,0.0,0.0,0,0.0,0,6,3,26.0,0,2.6,5.6,,,74.0,200.0,23.598,1.0,East Carolina,2017.0,2017.0,BUF,37.0,,0.1875
2018,2,00-0033891,Z.Jones,WR,BUF,LAC,0,0,0.0,0,0.0,0.0,0.0,0,0.0,0,3,2,63.0,0,6.3,8.3,,,74.0,200.0,23.598,1.0,East Carolina,2017.0,2017.0,BUF,37.0,-11.0,0.09375
2018,3,00-0033891,Z.Jones,WR,BUF,MIN,0,0,0.0,0,0.0,0.0,0.0,0,0.0,0,1,1,17.0,0,1.7,2.7,,,74.0,200.0,23.598,1.0,East Carolina,2017.0,2017.0,BUF,37.0,,0.045454547
2018,4,00-0033891,Z.Jones,WR,BUF,GB,0,0,0.0,0,0.0,0.0,0.0,0,0.0,0,7,4,38.0,0,3.8,7.8,,,74.0,200.0,23.598,1.0,East Carolina,2017.0,2017.0,BUF,37.0,,0.21212122
2018,5,00-0033891,Z.Jones,WR,BUF,TEN,0,0,0.0,0,0.0,0.0,0.0,0,0.0,0,4,3,20.0,0,2.0,5.0,,,74.0,200.0,23.598,1.0,East Carolina,2017.0,2017.0,BUF,37.0,1.0,0.2
2018,6,00-0033891,Z.Jones,WR,BUF,HOU,0,0,0.0,0,0.0,0.0,0.0,0,0.0,0,8,3,35.0,1,9.5,12.5,,,74.0,200.0,23.598,1.0,East Carolina,2017.0,2017.0,BUF,37.0,,0.27586207
2018,7,00-0033891,Z.Jones,WR,BUF,IND,0,0,0.0,0,0.0,0.0,0.0,0,0.0,0,5,3,27.0,0,2.7,5.7,,,74.0,200.0,23.598,1.0,East Carolina,2017.0,2017.0,BUF,37.0,,0.16129032
2018,8,00-0033891,Z.Jones,WR,BUF,NE,0,0,0.0,0,0.0,0.0,0.0,0,0.0,0,8,6,55.0,0,5.5,11.5,,,74.0,200.0,23.598,1.0,East Carolina,2017.0,2017.0,BUF,37.0,-19.0,0.2
2018,9,00-0033891,Z.Jones,WR,BUF,CHI,0,0,0.0,0,0.0,0.0,0.0,1,0.0,0,6,4,18.0,0,1.8,5.8,,,74.0,200.0,23.598,1.0,East Carolina,2017.0,2017.0,BUF,37.0,-32.0,0.12765957
2018,10,00-0033891,Z.Jones,WR,BUF,NYJ,0,0,0.0,0,0.0,0.0,0.0,0,0.0,0,11,8,93.0,1,15.3,23.3,,,74.0,200.0,23.598,1.0,East Carolina,2017.0,2017.0,BUF,37.0,,0.42307693
2018,12,00-0033891,Z.Jones,WR,BUF,JAX,0,0,0.0,0,0.0,0.0,0.0,0,0.0,0,1,0,0.0,0,0.0,0.0,,,74.0,200.0,23.598,1.0,East Carolina,2017.0,2017.0,BUF,37.0,3.0,0.05882353
2018,13,00-0033891,Z.Jones,WR,BUF,MIA,0,0,0.0,0,0.0,0.0,0.0,0,0.0,0,9,4,67.0,2,20.7,24.7,,,74.0,200.0,23.598,1.0,East Carolina,2017.0,2017.0,BUF,37.0,,0.32142857
2018,14,00-0033891,Z.Jones,WR,BUF,NYJ,0,1,0.0,0,0.0,0.0,-0.0,0,0.0,0,9,3,22.0,0,2.2,5.2,,,74.0,200.0,23.598,1.0,East Carolina,2017.0,2017.0,BUF,37.0,-4.0,0.25714287
2018,15,00-0033891,Z.Jones,WR,BUF,DET,0,0,0.0,0,0.0,0.0,0.0,0,0.0,0,6,1,11.0,0,1.1,2.1,,,74.0,200.0,23.598,1.0,East Carolina,2017.0,2017.0,BUF,37.0,1.0,0.26086956
2018,16,00-0033891,Z.Jones,WR,BUF,NE,0,0,0.0,0,0.0,0.0,0.0,0,0.0,0,9,5,67.0,1,12.7,17.7,,,74.0,200.0,23.598,1.0,East Carolina,2017.0,2017.0,BUF,37.0,,0.225
2018,17,00-0033891,Z.Jones,WR,BUF,MIA,0,0,0.0,0,0.0,0.0,0.0,0,0.0,0,9,6,93.0,2,21.3,27.3,,,74.0,200.0,23.598,1.0,East Carolina,2017.0,2017.0,BUF,37.0,25.0,0.375
2018,1,00-0033893,D.Cook,RB,MIN,SF,0,0,0.0,0,0.0,0.0,0.0,16,40.0,0,7,6,55.0,0,7.5,13.5,,,70.0,213.0,23.2345625,1.0,Florida State,2017.0,2017.0,MIN,41.0,8.0,0.2
2018,2,00-0033893,D.Cook,RB,MIN,GB,0,0,0.0,0,0.0,0.0,0.0,10,38.0,0,5,3,52.0,0,9.0,12.0,,,70.0,213.0,23.2345625,1.0,Florida State,2017.0,2017.0,MIN,41.0,,0.104166664
2018,4,00-0033893,D.Cook,RB,MIN,LA,0,0,0.0,0,0.0,0.0,0.0,10,20.0,0,0,0,0.0,0,2.0,2.0,,,70.0,213.0,23.2345625,1.0,Florida State,2017.0,2017.0,MIN,41.0,,
2018,9,00-0033893,D.Cook,RB,MIN,DET,0,0,0.0,0,0.0,0.0,0.0,10,89.0,0,4,4,20.0,0,10.9,14.9,,,70.0,213.0,23.2345625,1.0,Florida State,2017.0,2017.0,MIN,41.0,15.0,0.18181819
2018,11,00-0033893,D.Cook,RB,MIN,CHI,0,0,0.0,0,0.0,0.0,0.0,9,12.0,0,3,3,-2.0,0,-1.0,2.0,,,70.0,213.0,23.2345625,1.0,Florida State,2017.0,2017.0,MIN,41.0,,0.06666667
2018,12,00-0033893,D.Cook,RB,MIN,GB,0,0,0.0,0,0.0,0.0,0.0,10,29.0,0,3,3,47.0,1,13.6,16.6,,,70.0,213.0,23.2345625,1.0,Florida State,2017.0,2017.0,MIN,41.0,7.0,0.08108108
2018,13,00-0033893,D.Cook,RB,MIN,NE,0,0,0.0,0,0.0,0.0,0.0,9,84.0,0,10,8,22.0,0,10.6,18.6,,,70.0,213.0,23.2345625,1.0,Florida State,2017.0,2017.0,MIN,41.0,,0.22727273
2018,14,00-0033893,D.Cook,RB,MIN,SEA,0,0,0.0,0,0.0,0.0,0.0,13,55.0,0,7,5,28.0,1,14.3,19.3,,,70.0,213.0,23.2345625,1.0,Florida State,2017.0,2017.0,MIN,41.0,,0.22580644
2018,15,00-0033893,D.Cook,RB,MIN,MIA,0,0,0.0,0,0.0,0.0,0.0,19,136.0,2,2,1,27.0,0,28.3,29.3,,,70.0,213.0,23.2345625,1.0,Florida State,2017.0,2017.0,MIN,41.0,24.0,0.1
2018,16,00-0033893,D.Cook,RB,MIN,DET,0,0,0.0,0,0.0,0.0,0.0,16,73.0,0,3,3,35.0,0,10.8,13.8,,,70.0,213.0,23.2345625,1.0,Florida State,2017.0,2017.0,MIN,41.0,,0.10714286
2018,17,00-0033893,D.Cook,RB,MIN,CHI,0,0,0.0,0,0.0,0.0,0.0,11,39.0,0,5,4,21.0,0,6.0,10.0,,,70.0,213.0,23.2345625,1.0,Florida State,2017.0,2017.0,MIN,41.0,-14.0,0.16129032
2018,2,00-0033895,G.Everett,TE,LA,ARI,0,0,0.0,0,0.0,0.0,0.0,0,0.0,0,1,1,17.0,0,1.7,2.7,,,75.0,245.0,24.392315789473685,1.0,South Alabama,2017.0,2017.0,LA,44.0,34.0,0.032258064
2018,3,00-0033895,G.Everett,TE,LA,LAC,0,0,0.0,0,0.0,0.0,0.0,0,0.0,0,2,1,3.0,0,0.3,1.3,,,75.0,245.0,24.392315789473685,1.0,South Alabama,2017.0,2017.0,LA,44.0,12.0,0.057142857
2018,4,00-0033895,G.Everett,TE,LA,MIN,0,0,0.0,0,0.0,0.0,0.0,0,0.0,0,1,1,13.0,0,1.3,2.3,,,75.0,245.0,24.392315789473685,1.0,South Alabama,2017.0,2017.0,LA,44.0,7.0,0.030303031
2018,5,00-0033895,G.Everett,TE,LA,SEA,0,0,0.0,0,0.0,0.0,0.0,0,0.0,0,3,3,24.0,0,2.4,5.4,,,75.0,245.0,24.392315789473685,1.0,South Alabama,2017.0,2017.0,LA,44.0,,0.09375
2018,6,00-0033895,G.Everett,TE,LA,DEN,0,0,0.0,0,0.0,0.0,0.0,0,0.0,0,4,2,24.0,0,2.4,4.4,,,75.0,245.0,24.392315789473685,1.0,South Alabama,2017.0,2017.0,LA,44.0,,0.14285715
2018,7,00-0033895,G.Everett,TE,LA,SF,0,0,0.0,0,0.0,0.0,0.0,0,0.0,0,2,1,-5.0,0,-0.5,0.5,,,75.0,245.0,24.392315789473685,1.0,South Alabama,2017.0,2017.0,LA,44.0,,0.083333336
2018,8,00-0033895,G.Everett,TE,LA,GB,0,0,0.0,0,0.0,0.0,0.0,0,0.0,0,2,1,22.0,0,2.2,3.2,,,75.0,245.0,24.392315789473685,1.0,South Alabama,2017.0,2017.0,LA,44.0,2.0,0.0625
2018,9,00-0033895,G.Everett,TE,LA,NO,0,0,0.0,0,0.0,0.0,0.0,0,0.0,0,5,3,48.0,0,6.8,9.8,,,75.0,245.0,24.392315789473685,1.0,South Alabama,2017.0,2017.0,LA,44.0,,0.125
2018,10,00-0033895,G.Everett,TE,LA,SEA,0,0,0.0,0,0.0,0.0,0.0,0,0.0,0,2,2,15.0,1,7.5,9.5,,,75.0,245.0,24.392315789473685,1.0,South Alabama,2017.0,2017.0,LA,44.0,5.0,0.057142857
2018,11,00-0033895,G.Everett,TE,LA,KC,0,0,0.0,0,0.0,0.0,0.0,0,0.0,0,4,3,49.0,2,16.9,19.9,,,75.0,245.0,24.392315789473685,1.0,South Alabama,2017.0,2017.0,LA,44.0,3.0,0.08695652
2018,13,00-0033895,G.Everett,TE,LA,DET,0,0,0.0,0,0.0,0.0,0.0,0,0.0,0,3,1,7.0,0,0.7,1.7,,,75.0,245.0,24.392315789473685,1.0,South Alabama,2017.0,2017.0,LA,44.0,,0.09375
2018,14,00-0033895,G.Everett,TE,LA,CHI,0,0,0.0,0,0.0,0.0,0.0,0,0.0,0,7,4,29.0,0,2.9,6.9,,,75.0,245.0,24.392315789473685,1.0,South Alabama,2017.0,2017.0,LA,44.0,,0.1627907
2018,15,00-0033895,G.Everett,TE,LA,PHI,0,0,0.0,0,0.0,0.0,0.0,0,0.0,0,7,5,46.0,0,4.6,9.6,,,75.0,245.0,24.392315789473685,1.0,South Alabama,2017.0,2017.0,LA,44.0,-7.0,0.13725491
2018,16,00-0033895,G.Everett,TE,LA,ARI,0,0,0.0,0,0.0,0.0,0.0,2,16.0,0,6,5,28.0,0,4.4,9.4,,,75.0,245.0,24.392315789473685,1.0,South Alabama,2017.0,2017.0,LA,44.0,,0.26086956
2018,17,00-0033895,G.Everett,TE,LA,SF,0,0,0.0,0,0.0,0.0,0.0,0,0.0,0,1,0,0.0,0,0.0,0.0,,,75.0,245.0,24.392315789473685,1.0,South Alabama,2017.0,2017.0,LA,44.0,16.0,0.037037037
2018,19,00-0033895,G.Everett,TE,LA,DAL,0,0,0.0,0,0.0,0.0,0.0,0,0.0,0,2,0,0.0,0,0.0,0.0,,,75.0,245.0,24.392315789473685,1.0,South Alabama,2017.0,2017.0,LA,44.0,8.0,0.074074075
2018,20,00-0033895,G.Everett,TE,LA,NO,0,0,0.0,0,0.0,0.0,0.0,0,0.0,0,4,2,50.0,0,5.0,7.0,,,75.0,245.0,24.392315789473685,1.0,South Alabama,2017.0,2017.0,LA,44.0,,0.102564104
2018,21,00-0033895,G.Everett,TE,LA,NE,0,0,0.0,0,0.0,0.0,0.0,0,0.0,0,1,0,0.0,0,0.0,0.0,,,75.0,245.0,24.392315789473685,1.0,South Alabama,2017.0,2017.0,LA,44.0,-10.0,0.027777778
2018,11,00-0033896,A.Shaheen,TE,CHI,MIN,0,0,0.0,0,0.0,0.0,0.0,0,0.0,0,0,0,0.0,0,2.0,2.0,,,78.0,270.0,24.04441176470588,1.0,Ashland,2017.0,2017.0,CHI,45.0,5.0,
2018,13,00-0033896,A.Shaheen,TE,CHI,NYG,0,0,0.0,0,0.0,0.0,0.0,0,0.0,0,2,2,5.0,1,6.5,8.5,,,78.0,270.0,24.04441176470588,1.0,Ashland,2017.0,2017.0,CHI,45.0,,0.05
2018,15,00-0033896,A.Shaheen,TE,CHI,GB,0,0,0.0,0,0.0,0.0,0.0,0,0.0,0,2,2,39.0,0,3.9,5.9,,,78.0,270.0,24.04441176470588,1.0,Ashland,2017.0,2017.0,CHI,45.0,7.0,0.071428575
2018,16,00-0033896,A.Shaheen,TE,CHI,SF,0,0,0.0,0,0.0,0.0,0.0,0,0.0,0,2,1,4.0,0,0.4,1.4,,,78.0,270.0,24.04441176470588,1.0,Ashland,2017.0,2017.0,CHI,45.0,,0.06896552
2018,18,00-0033896,A.Shaheen,TE,CHI,PHI,0,0,0.0,0,0.0,0.0,0.0,0,0.0,0,4,3,13.0,0,1.3,4.3,,,78.0,270.0,24.04441176470588,1.0,Ashland,2017.0,2017.0,CHI,45.0,-1.0,0.09756097
2018,1,00-0033897,J.Mixon,RB,CIN,IND,0,0,0.0,0,0.0,0.0,0.0,17,95.0,1,7,5,54.0,0,20.9,25.9,,,73.0,228.0,22.2800625,1.0,Oklahoma,2017.0,2017.0,CIN,48.0,,0.25
2018,2,00-0033897,J.Mixon,RB,CIN,BAL,0,0,0.0,0,0.0,0.0,0.0,21,84.0,0,1,1,3.0,0,8.7,9.7,,,73.0,228.0,22.2800625,1.0,Oklahoma,2017.0,2017.0,CIN,48.0,11.0,0.024390243
2018,5,00-0033897,J.Mixon,RB,CIN,MIA,0,0,0.0,0,0.0,0.0,0.0,22,93.0,0,4,3,22.0,1,17.5,20.5,,,73.0,228.0,22.2800625,1.0,Oklahoma,2017.0,2017.0,CIN,48.0,10.0,0.13333334
2018,6,00-0033897,J.Mixon,RB,CIN,PIT,0,0,0.0,0,0.0,0.0,0.0,11,64.0,1,7,4,20.0,0,14.4,18.4,,,73.0,228.0,22.2800625,1.0,Oklahoma,2017.0,2017.0,CIN,48.0,-7.0,0.17073171
2018,7,00-0033897,J.Mixon,RB,CIN,KC,0,0,0.0,0,0.0,0.0,0.0,13,50.0,0,5,3,1.0,0,5.1,8.1,,,73.0,228.0,22.2800625,1.0,Oklahoma,2017.0,2017.0,CIN,48.0,,0.15625
2018,8,00-0033897,J.Mixon,RB,CIN,TB,0,0,0.0,0,0.0,0.0,0.0,21,123.0,2,4,3,15.0,0,25.8,28.8,,,73.0,228.0,22.2800625,1.0,Oklahoma,2017.0,2017.0,CIN,48.0,3.0,0.125
2018,10,00-0033897,J.Mixon,RB,CIN,NO,0,0,0.0,0,0.0,0.0,0.0,11,61.0,0,2,2,24.0,0,8.5,10.5,,,73.0,228.0,22.2800625,1.0,Oklahoma,2017.0,2017.0,CIN,48.0,-37.0,0.09090909
2018,11,00-0033897,J.Mixon,RB,CIN,BAL,0,0,0.0,0,0.0,0.0,0.0,12,14.0,1,3,3,38.0,0,11.2,14.2,,,73.0,228.0,22.2800625,1.0,Oklahoma,2017.0,2017.0,CIN,48.0,,0.083333336
2018,12,00-0033897,J.Mixon,RB,CIN,CLE,0,0,0.0,0,0.0,0.0,0.0,14,89.0,0,7,7,66.0,0,15.5,22.5,,,73.0,228.0,22.2800625,1.0,Oklahoma,2017.0,2017.0,CIN,48.0,-15.0,0.15555556
2018,13,00-0033897,J.Mixon,RB,CIN,DEN,0,0,0.0,0,0.0,0.0,0.0,12,82.0,0,2,2,13.0,0,9.5,11.5,,,73.0,228.0,22.2800625,1.0,Oklahoma,2017.0,2017.0,CIN,48.0,-14.0,0.055555556
2018,14,00-0033897,J.Mixon,RB,CIN,LAC,0,0,0.0,0,0.0,0.0,0.0,26,111.0,1,6,5,27.0,0,19.8,24.8,,,73.0,228.0,22.2800625,1.0,Oklahoma,2017.0,2017.0,CIN,48.0,,0.24
2018,15,00-0033897,J.Mixon,RB,CIN,LV,0,0,0.0,0,0.0,0.0,0.0,27,129.0,2,4,2,1.0,0,25.0,27.0,,,73.0,228.0,22.2800625,1.0,Oklahoma,2017.0,2017.0,CIN,48.0,14.0,0.121212125
2018,16,00-0033897,J.Mixon,RB,CIN,CLE,0,0,0.0,0,0.0,0.0,0.0,17,68.0,0,2,2,10.0,0,7.8,9.8,,,73.0,228.0,22.2800625,1.0,Oklahoma,2017.0,2017.0,CIN,48.0,,0.10526316
2018,17,00-0033897,J.Mixon,RB,CIN,PIT,0,0,0.0,0,0.0,0.0,0.0,13,105.0,0,1,1,2.0,0,10.7,11.7,,,73.0,228.0,22.2800625,1.0,Oklahoma,2017.0,2017.0,CIN,48.0,,0.04347826
2018,1,00-0033899,D.Kizer,QB,GB,CHI,4,7,55.0,0,1.0,2.0,21.0,0,0.0,0,0,0,0.0,0,-1.8,-1.8,,,76.0,233.0,22.8385,1.0,Notre Dame,2017.0,2017.0,CLE,52.0,1.0,
2018,14,00-0033899,D.Kizer,QB,GB,ATL,0,0,0.0,0,0.0,0.0,0.0,1,-1.0,0,0,0,0.0,0,-0.1,-0.1,,,76.0,233.0,22.8385,1.0,Notre Dame,2017.0,2017.0,CLE,52.0,14.0,
2018,17,00-0033899,D.Kizer,QB,GB,DET,16,35,132.0,0,1.0,2.0,17.0,4,40.0,0,0,0,0.0,0,7.28,7.28,,,76.0,233.0,22.8385,1.0,Notre Dame,2017.0,2017.0,CLE,52.0,-31.0,
2018,10,00-0033904,D.Dawkins,T,BUF,NYJ,0,0,0.0,0,0.0,0.0,0.0,0,0.0,0,1,1,7.0,1,6.7,7.7,,,77.0,320.0,24.5234375,1.0,Temple,2017.0,2017.0,BUF,63.0,,0.03846154
2018,1,00-0033906,A.Kamara,RB,NO,TB,0,0,0.0,0,0.0,0.0,0.0,8,29.0,2,12,9,112.0,1,34.1,43.1,,,70.0,215.0,23.304944444444445,1.0,Tennessee,2017.0,2017.0,NO,67.0,-8.0,0.27272728
2018,2,00-0033906,A.Kamara,RB,NO,CLE,0,0,0.0,0,0.0,0.0,0.0,13,46.0,0,6,6,53.0,0,11.9,17.9,,,70.0,215.0,23.304944444444445,1.0,Tennessee,2017.0,2017.0,NO,67.0,3.0,0.17142858
2018,3,00-0033906,A.Kamara,RB,NO,ATL,0,0,0.0,0,0.0,0.0,0.0,16,66.0,0,20,15,124.0,0,19.0,34.0,,,70.0,215.0,23.304944444444445,1.0,Tennessee,2017.0,2017.0,NO,67.0,,0.40816328
2018,4,00-0033906,A.Kamara,RB,NO,NYG,0,0,0.0,0,0.0,0.0,0.0,19,134.0,3,9,5,47.0,0,36.1,41.1,,,70.0,215.0,23.304944444444445,1.0,Tennessee,2017.0,2017.0,NO,67.0,,0.27272728
2018,5,00-0033906,A.Kamara,RB,NO,WAS,0,0,0.0,0,0.0,0.0,0.0,6,24.0,0,4,3,15.0,0,3.9,6.9,,,70.0,215.0,23.304944444444445,1.0,Tennessee,2017.0,2017.0,NO,67.0,24.0,0.13793103
2018,7,00-0033906,A.Kamara,RB,NO,BAL,0,0,0.0,0,0.0,0.0,0.0,17,64.0,1,2,2,11.0,0,13.5,15.5,,,70.0,215.0,23.304944444444445,1.0,Tennessee,2017.0,2017.0,NO,67.0,,0.071428575
2018,8,00-0033906,A.Kamara,RB,NO,MIN,0,0,0.0,0,0.0,0.0,0.0,13,45.0,1,8,7,31.0,1,19.6,26.6,,,70.0,215.0,23.304944444444445,1.0,Tennessee,2017.0,2017.0,NO,67.0,,0.3478261
2018,9,00-0033906,A.Kamara,RB,NO,LA,0,0,0.0,0,0.0,0.0,0.0,19,82.0,2,5,4,34.0,1,29.6,33.6,,,70.0,215.0,23.304944444444445,1.0,Tennessee,2017.0,2017.0,NO,67.0,10.0,0.1388889
2018,10,00-0033906,A.Kamara,RB,NO,CIN,0,0,0.0,0,0.0,0.0,0.0,12,56.0,2,5,4,46.0,0,22.2,26.2,,,70.0,215.0,23.304944444444445,1.0,Tennessee,2017.0,2017.0,NO,67.0,,0.18518518
2018,11,00-0033906,A.Kamara,RB,NO,PHI,0,0,0.0,0,0.0,0.0,0.0,13,71.0,0,1,1,37.0,1,16.8,17.8,,,70.0,215.0,23.304944444444445,1.0,Tennessee,2017.0,2017.0,NO,67.0,41.0,0.03125
2018,12,00-0033906,A.Kamara,RB,NO,ATL,0,0,0.0,0,0.0,0.0,0.0,14,89.0,0,1,1,9.0,0,9.8,10.8,,,70.0,215.0,23.304944444444445,1.0,Tennessee,2017.0,2017.0,NO,67.0,14.0,0.045454547
2018,13,00-0033906,A.Kamara,RB,NO,DAL,0,0,0.0,0,0.0,0.0,0.0,11,36.0,0,11,8,36.0,0,7.2,15.2,,,70.0,215.0,23.304944444444445,1.0,Tennessee,2017.0,2017.0,NO,67.0,,0.39285713
2018,14,00-0033906,A.Kamara,RB,NO,TB,0,0,0.0,0,0.0,0.0,0.0,12,51.0,0,6,5,36.0,0,10.7,15.7,,,70.0,215.0,23.304944444444445,1.0,Tennessee,2017.0,2017.0,NO,67.0,,0.19354838
2018,15,00-0033906,A.Kamara,RB,NO,CAR,0,0,0.0,0,0.0,0.0,0.0,14,67.0,1,9,7,36.0,0,16.3,23.3,,,70.0,215.0,23.304944444444445,1.0,Tennessee,2017.0,2017.0,NO,67.0,,0.2647059
2018,16,00-0033906,A.Kamara,RB,NO,PIT,0,0,0.0,0,0.0,0.0,0.0,7,23.0,2,6,4,82.0,0,22.5,26.5,,,70.0,215.0,23.304944444444445,1.0,Tennessee,2017.0,2017.0,NO,67.0,3.0,0.15384616
2018,19,00-0033906,A.Kamara,RB,NO,PHI,0,0,0.0,0,0.0,0.0,0.0,16,71.0,0,4,4,35.0,0,10.6,14.6,,,70.0,215.0,23.304944444444445,1.0,Tennessee,2017.0,2017.0,NO,67.0,6.0,0.10810811
2018,20,00-0033906,A.Kamara,RB,NO,LA,0,0,0.0,0,0.0,0.0,0.0,8,15.0,0,13,11,96.0,0,11.1,22.1,,,70.0,215.0,23.304944444444445,1.0,Tennessee,2017.0,2017.0,NO,67.0,-3.0,0.33333334
2018,1,00-0033908,C.Kupp,WR,LA,LV,0,0,0.0,0,0.0,0.0,0.0,2,16.0,0,9,5,52.0,1,12.8,17.8,,,74.0,205.0,25.419052631578946,1.0,Eastern Washington,2017.0,2017.0,LA,69.0,,0.27272728
2018,2,00-0033908,C.Kupp,WR,LA,ARI,0,0,0.0,0,0.0,0.0,0.0,0,0.0,0,6,6,63.0,0,6.3,12.3,,,74.0,205.0,25.419052631578946,1.0,Eastern Washington,2017.0,2017.0,LA,69.0,34.0,0.19354838
2018,3,00-0033908,C.Kupp,WR,LA,LAC,0,0,0.0,0,0.0,0.0,0.0,1,-3.0,0,5,4,71.0,1,12.8,16.8,,,74.0,205.0,25.419052631578946,1.0,Eastern Washington,2017.0,2017.0,LA,69.0,12.0,0.14285715
2018,4,00-0033908,C.Kupp,WR,LA,MIN,0,0,0.0,0,0.0,0.0,0.0,0,0.0,0,11,9,162.0,2,28.2,37.2,,,74.0,205.0,25.419052631578946,1.0,Eastern Washington,2017.0,2017.0,LA,69.0,7.0,0.33333334
2018,5,00-0033908,C.Kupp,WR,LA,SEA,0,0,0.0,0,0.0,0.0,0.0,0,0.0,0,9,6,90.0,1,15.0,21.0,,,74.0,205.0,25.419052631578946,1.0,Eastern Washington,2017.0,2017.0,LA,69.0,,0.28125
2018,6,00-0033908,C.Kupp,WR,LA,DEN,0,0,0.0,0,0.0,0.0,0.0,1,12.0,0,1,0,0.0,0,1.2,1.2,,,74.0,205.0,25.419052631578946,1.0,Eastern Washington,2017.0,2017.0,LA,69.0,,0.035714287
2018,9,00-0033908,C.Kupp,WR,LA,NO,0,0,0.0,0,0.0,0.0,0.0,0,0.0,0,6,5,89.0,1,14.9,19.9,,,74.0,205.0,25.419052631578946,1.0,Eastern Washington,2017.0,2017.0,LA,69.0,,0.15
2018,10,00-0033908,C.Kupp,WR,LA,SEA,0,0,0.0,0,0.0,0.0,0.0,0,0.0,0,8,5,39.0,0,3.9,8.9,,,74.0,205.0,25.419052631578946,1.0,Eastern Washington,2017.0,2017.0,LA,69.0,5.0,0.22857143
2018,1,00-0033911,T.Taylor,WR,TEN,MIA,0,0,0.0,0,0.0,0.0,0.0,0,0.0,0,1,0,0.0,0,0.0,0.0,,,71.0,203.0,23.6778125,1.0,Western Kentucky,2017.0,2017.0,TEN,72.0,,0.02631579
2018,2,00-0033911,T.Taylor,WR,TEN,HOU,0,0,0.0,0,0.0,0.0,0.0,0,0.0,0,4,3,32.0,1,9.2,12.2,,,71.0,203.0,23.6778125,1.0,Western Kentucky,2017.0,2017.0,TEN,72.0,3.0,0.1904762
2018,3,00-0033911,T.Taylor,WR,TEN,JAX,0,0,0.0,0,0.0,0.0,0.0,0,0.0,0,5,4,30.0,0,3.0,7.0,,,71.0,203.0,23.6778125,1.0,Western Kentucky,2017.0,2017.0,TEN,72.0,,0.23809524
2018,4,00-0033911,T.Taylor,WR,TEN,PHI,0,0,0.0,0,0.0,0.0,0.0,0,0.0,0,9,7,77.0,0,7.7,14.7,,,71.0,203.0,23.6778125,1.0,Western Kentucky,2017.0,2017.0,TEN,72.0,3.0,0.21428572
2018,5,00-0033911,T.Taylor,WR,TEN,BUF,0,0,0.0,0,0.0,0.0,0.0,0,0.0,0,5,3,30.0,0,1.0,4.0,,,71.0,203.0,23.6778125,1.0,Western Kentucky,2017.0,2017.0,TEN,72.0,,0.2
2018,6,00-0033911,T.Taylor,WR,TEN,BAL,0,0,0.0,0,0.0,0.0,0.0,0,0.0,0,2,1,13.0,0,1.3,2.3,,,71.0,203.0,23.6778125,1.0,Western Kentucky,2017.0,2017.0,TEN,72.0,-21.0,0.14285715
2018,7,00-0033911,T.Taylor,WR,TEN,LAC,0,0,0.0,0,0.0,0.0,0.0,0,0.0,0,2,1,8.0,0,0.8,1.8,,,71.0,203.0,23.6778125,1.0,Western Kentucky,2017.0,2017.0,TEN,72.0,,0.0625
2018,9,00-0033911,T.Taylor,WR,TEN,DAL,0,0,0.0,0,0.0,0.0,0.0,0,0.0,0,2,2,24.0,0,2.4,4.4,,,71.0,203.0,23.6778125,1.0,Western Kentucky,2017.0,2017.0,TEN,72.0,,0.074074075
2018,13,00-0033911,T.Taylor,WR,TEN,NYJ,0,0,0.0,0,0.0,0.0,0.0,0,0.0,0,5,3,104.0,0,10.4,13.4,,,71.0,203.0,23.6778125,1.0,Western Kentucky,2017.0,2017.0,TEN,72.0,4.0,0.15151516
2018,14,00-0033911,T.Taylor,WR,TEN,JAX,0,0,0.0,0,0.0,0.0,0.0,0,0.0,0,7,6,59.0,0,5.9,11.9,,,71.0,203.0,23.6778125,1.0,Western Kentucky,2017.0,2017.0,TEN,72.0,21.0,0.29166666
2018,15,00-0033911,T.Taylor,WR,TEN,NYG,0,0,0.0,0,0.0,0.0,0.0,0,0.0,0,5,2,17.0,0,1.7,3.7,,,71.0,203.0,23.6778125,1.0,Western Kentucky,2017.0,2017.0,TEN,72.0,,0.25
2018,16,00-0033911,T.Taylor,WR,TEN,WAS,0,0,0.0,0,0.0,0.0,0.0,0,0.0,0,3,3,64.0,0,6.4,9.4,,,71.0,203.0,23.6778125,1.0,Western Kentucky,2017.0,2017.0,TEN,72.0,9.0,0.13043478
2018,17,00-0033911,T.Taylor,WR,TEN,IND,0,0,0.0,0,0.0,0.0,0.0,0,0.0,0,6,2,8.0,0,0.8,2.8,,,71.0,203.0,23.6778125,1.0,Western Kentucky,2017.0,2017.0,TEN,72.0,-16.0,0.20689656
2018,1,00-0033921,C.Godwin,WR,TB,NO,0,0,0.0,0,0.0,0.0,0.0,0,0.0,0,4,3,41.0,1,10.1,13.1,,,73.0,209.0,22.690875,1.0,Penn State,2017.0,2017.0,TB,84.0,,0.14285715
2018,2,00-0033921,C.Godwin,WR,TB,PHI,0,0,0.0,0,0.0,0.0,0.0,0,0.0,0,6,5,56.0,1,11.6,16.6,,,73.0,209.0,22.690875,1.0,Penn State,2017.0,2017.0,TB,84.0,6.0,0.18181819
2018,3,00-0033921,C.Godwin,WR,TB,PIT,0,0,0.0,0,0.0,0.0,0.0,0,0.0,0,10,5,74.0,1,11.4,16.4,,,73.0,209.0,22.690875,1.0,Penn State,2017.0,2017.0,TB,84.0,-3.0,0.2
2018,4,00-0033921,C.Godwin,WR,TB,CHI,0,0,0.0,0,0.0,0.0,0.0,0,0.0,0,2,2,22.0,0,2.2,4.2,,,73.0,209.0,22.690875,1.0,Penn State,2017.0,2017.0,TB,84.0,,0.05263158
2018,6,00-0033921,C.Godwin,WR,TB,ATL,0,0,0.0,0,0.0,0.0,0.0,0,0.0,0,9,6,56.0,1,11.6,17.6,,,73.0,209.0,22.690875,1.0,Penn State,2017.0,2017.0,TB,84.0,,0.225
2018,7,00-0033921,C.Godwin,WR,TB,CLE,0,0,0.0,0,0.0,0.0,0.0,0,0.0,0,6,5,59.0,0,5.9,10.9,,,73.0,209.0,22.690875,1.0,Penn State,2017.0,2017.0,TB,84.0,3.0,0.115384616
2018,8,00-0033921,C.Godwin,WR,TB,CIN,0,0,0.0,0,0.0,0.0,0.0,0,0.0,0,7,2,32.0,0,5.2,7.2,,,73.0,209.0,22.690875,1.0,Penn State,2017.0,2017.0,TB,84.0,,0.14
2018,9,00-0033921,C.Godwin,WR,TB,CAR,0,0,0.0,0,0.0,0.0,0.0,0,0.0,0,3,2,40.0,0,4.0,6.0,,,73.0,209.0,22.690875,1.0,Penn State,2017.0,2017.0,TB,84.0,,0.07317073
2018,10,00-0033921,C.Godwin,WR,TB,WAS,0,0,0.0,0,0.0,0.0,0.0,0,0.0,0,7,7,103.0,0,10.3,17.3,,,73.0,209.0,22.690875,1.0,Penn State,2017.0,2017.0,TB,84.0,-13.0,0.17073171
2018,11,00-0033921,C.Godwin,WR,TB,NYG,0,0,0.0,0,0.0,0.0,0.0,0,0.0,0,3,3,50.0,0,5.0,8.0,,,73.0,209.0,22.690875,1.0,Penn State,2017.0,2017.0,TB,84.0,,0.083333336
2018,12,00-0033921,C.Godwin,WR,TB,SF,0,0,0.0,0,0.0,0.0,0.0,0,0.0,0,4,4,42.0,0,4.2,8.2,,,73.0,209.0,22.690875,1.0,Penn State,2017.0,2017.0,TB,84.0,18.0,0.10526316
2018,13,00-0033921,C.Godwin,WR,TB,CAR,0,0,0.0,0,0.0,0.0,0.0,0,0.0,0,6,5,101.0,1,16.1,21.1,,,73.0,209.0,22.690875,1.0,Penn State,2017.0,2017.0,TB,84.0,7.0,0.2
2018,14,00-0033921,C.Godwin,WR,TB,NO,0,0,0.0,0,0.0,0.0,0.0,0,0.0,0,10,1,13.0,0,1.3,2.3,,,73.0,209.0,22.690875,1.0,Penn State,2017.0,2017.0,TB,84.0,-14.0,0.27027026
2018,15,00-0033921,C.Godwin,WR,TB,BAL,0,0,0.0,0,0.0,0.0,0.0,0,0.0,0,3,0,0.0,0,0.0,0.0,,,73.0,209.0,22.690875,1.0,Penn State,2017.0,2017.0,TB,84.0,,0.12
2018,16,00-0033921,C.Godwin,WR,TB,DAL,0,0,0.0,0,0.0,0.0,0.0,0,0.0,0,6,3,39.0,0,3.9,6.9,,,73.0,209.0,22.690875,1.0,Penn State,2017.0,2017.0,TB,84.0,,0.125
2018,17,00-0033921,C.Godwin,WR,TB,ATL,0,0,0.0,0,0.0,0.0,0.0,0,0.0,0,9,6,114.0,2,23.4,29.4,,,73.0,209.0,22.690875,1.0,Penn State,2017.0,2017.0,TB,84.0,-2.0,0.28125
2018,1,00-0033923,K.Hunt,RB,KC,LAC,0,0,0.0,0,0.0,0.0,0.0,16,49.0,0,1,0,0.0,0,4.9,4.9,,,71.0,208.0,23.265944444444443,1.0,Toledo,2017.0,2017.0,KC,86.0,,0.04
2018,2,00-0033923,K.Hunt,RB,KC,PIT,0,0,0.0,0,0.0,0.0,0.0,18,75.0,0,1,1,5.0,1,14.0,15.0,,,71.0,208.0,23.265944444444443,1.0,Toledo,2017.0,2017.0,KC,86.0,,0.035714287
2018,3,00-0033923,K.Hunt,RB,KC,SF,0,0,0.0,0,0.0,0.0,0.0,18,44.0,2,1,0,0.0,0,16.4,16.4,,,71.0,208.0,23.265944444444443,1.0,Toledo,2017.0,2017.0,KC,86.0,11.0,0.02631579
2018,4,00-0033923,K.Hunt,RB,KC,DEN,0,0,0.0,0,0.0,0.0,0.0,19,121.0,1,4,3,54.0,0,23.5,26.5,,,71.0,208.0,23.265944444444443,1.0,Toledo,2017.0,2017.0,KC,86.0,,0.09090909
2018,5,00-0033923,K.Hunt,RB,KC,JAX,0,0,0.0,0,0.0,0.0,0.0,22,87.0,1,2,1,7.0,0,15.4,16.4,,,71.0,208.0,23.265944444444443,1.0,Toledo,2017.0,2017.0,KC,86.0,16.0,0.055555556
2018,6,00-0033923,K.Hunt,RB,KC,NE,0,0,0.0,0,0.0,0.0,0.0,10,80.0,0,6,5,105.0,1,24.5,29.5,,,71.0,208.0,23.265944444444443,1.0,Toledo,2017.0,2017.0,KC,86.0,,0.16666667
2018,7,00-0033923,K.Hunt,RB,KC,CIN,0,0,0.0,0,0.0,0.0,0.0,15,86.0,1,6,5,55.0,2,32.1,37.1,,,71.0,208.0,23.265944444444443,1.0,Toledo,2017.0,2017.0,KC,86.0,35.0,0.16666667
2018,8,00-0033923,K.Hunt,RB,KC,DEN,0,0,0.0,0,0.0,0.0,0.0,16,50.0,0,6,5,36.0,1,14.6,19.6,,,71.0,208.0,23.265944444444443,1.0,Toledo,2017.0,2017.0,KC,86.0,7.0,0.19354838
2018,9,00-0033923,K.Hunt,RB,KC,CLE,0,0,0.0,0,0.0,0.0,0.0,17,91.0,2,2,1,50.0,1,32.1,33.1,,,71.0,208.0,23.265944444444443,1.0,Toledo,2017.0,2017.0,KC,86.0,,0.06451613
2018,10,00-0033923,K.Hunt,RB,KC,ARI,0,0,0.0,0,0.0,0.0,0.0,16,71.0,0,2,2,25.0,0,9.6,11.6,,,71.0,208.0,23.265944444444443,1.0,Toledo,2017.0,2017.0,KC,86.0,12.0,0.071428575
2018,11,00-0033923,K.Hunt,RB,KC,LA,0,0,0.0,0,0.0,0.0,0.0,14,70.0,0,4,3,41.0,1,17.1,20.1,,,71.0,208.0,23.265944444444443,1.0,Toledo,2017.0,2017.0,KC,86.0,,0.08695652
2018,16,00-0033925,D.Foreman,RB,HOU,PHI,0,0,0.0,0,0.0,0.0,0.0,7,-1.0,0,2,2,28.0,1,8.7,10.7,,,73.0,235.0,22.538117647058826,1.0,Texas,2017.0,2017.0,HOU,89.0,,0.05
2018,18,00-0033925,D.Foreman,RB,HOU,IND,0,0,0.0,0,0.0,0.0,0.0,1,3.0,0,1,0,0.0,0,0.3,0.3,,,73.0,235.0,22.538117647058826,1.0,Texas,2017.0,2017.0,HOU,89.0,-14.0,0.021276595
2018,7,00-0033928,J.Lewis,CB,DAL,WAS,0,0,0.0,0,0.0,0.0,0.0,1,7.0,0,0,0,0.0,0,0.7,0.7,,,70.0,170.0,23.198833333333333,1.0,Michigan,2017.0,2017.0,DAL,92.0,,
2018,10,00-0033928,J.Lewis,CB,DAL,PHI,0,0,0.0,0,0.0,0.0,0.0,0,0.0,0,1,0,0.0,0,0.0,0.0,,,70.0,170.0,23.198833333333333,1.0,Michigan,2017.0,2017.0,DAL,92.0,,0.029411765
2018,11,00-0033928,J.Lewis,CB,DAL,ATL,0,0,0.0,0,0.0,0.0,0.0,1,5.0,0,0,0,0.0,0,0.5,0.5,,,70.0,170.0,23.198833333333333,1.0,Michigan,2017.0,2017.0,DAL,92.0,,
2018,1,00-0033932,K.Golladay,WR,DET,NYJ,0,0,0.0,0,0.0,0.0,0.0,0,0.0,0,12,7,114.0,0,11.4,18.4,,,76.0,213.0,25.005187499999998,1.0,Northern Illinois,2017.0,2017.0,DET,96.0,-31.0,0.23076923
2018,2,00-0033932,K.Golladay,WR,DET,SF,0,0,0.0,0,0.0,0.0,0.0,0,0.0,0,9,6,89.0,1,14.9,20.9,,,76.0,213.0,25.005187499999998,1.0,Northern Illinois,2017.0,2017.0,DET,96.0,,0.17307693
2018,3,00-0033932,K.Golladay,WR,DET,NE,0,0,0.0,0,0.0,0.0,0.0,0,0.0,0,7,6,53.0,1,11.3,17.3,,,76.0,213.0,25.005187499999998,1.0,Northern Illinois,2017.0,2017.0,DET,96.0,16.0,0.2
2018,4,00-0033932,K.Golladay,WR,DET,DAL,0,0,0.0,0,0.0,0.0,0.0,0,0.0,0,4,4,74.0,0,7.4,11.4,,,76.0,213.0,25.005187499999998,1.0,Northern Illinois,2017.0,2017.0,DET,96.0,,0.13793103
2018,5,00-0033932,K.Golladay,WR,DET,GB,0,0,0.0,0,0.0,0.0,0.0,0,0.0,0,9,4,98.0,1,15.8,19.8,,,76.0,213.0,25.005187499999998,1.0,Northern Illinois,2017.0,2017.0,DET,96.0,8.0,0.34615386
2018,7,00-0033932,K.Golladay,WR,DET,MIA,0,0,0.0,0,0.0,0.0,0.0,0,0.0,0,2,2,37.0,0,3.7,5.7,,,76.0,213.0,25.005187499999998,1.0,Northern Illinois,2017.0,2017.0,DET,96.0,,0.09090909
2018,8,00-0033932,K.Golladay,WR,DET,SEA,0,0,0.0,0,0.0,0.0,0.0,0,0.0,0,1,1,12.0,0,1.2,2.2,,,76.0,213.0,25.005187499999998,1.0,Northern Illinois,2017.0,2017.0,DET,96.0,-14.0,0.025641026
2018,9,00-0033932,K.Golladay,WR,DET,MIN,0,0,0.0,0,0.0,0.0,0.0,1,8.0,0,4,3,46.0,0,5.4,8.4,,,76.0,213.0,25.005187499999998,1.0,Northern Illinois,2017.0,2017.0,DET,96.0,,0.11764706
2018,10,00-0033932,K.Golladay,WR,DET,CHI,0,0,0.0,0,0.0,0.0,0.0,0,0.0,0,13,6,78.0,1,13.8,19.8,,,76.0,213.0,25.005187499999998,1.0,Northern Illinois,2017.0,2017.0,DET,96.0,,0.30952382
2018,11,00-0033932,K.Golladay,WR,DET,CAR,0,0,0.0,0,0.0,0.0,0.0,0,0.0,0,15,8,113.0,1,17.3,25.3,,,76.0,213.0,25.005187499999998,1.0,Northern Illinois,2017.0,2017.0,DET,96.0,1.0,0.42857143
2018,12,00-0033932,K.Golladay,WR,DET,CHI,0,0,0.0,0,0.0,0.0,0.0,0,0.0,0,8,5,90.0,0,9.0,14.0,,,76.0,213.0,25.005187499999998,1.0,Northern Illinois,2017.0,2017.0,DET,96.0,-7.0,0.21621622
2018,13,00-0033932,K.Golladay,WR,DET,LA,0,0,0.0,0,0.0,0.0,0.0,0,0.0,0,8,3,50.0,0,5.0,8.0,,,76.0,213.0,25.005187499999998,1.0,Northern Illinois,2017.0,2017.0,DET,96.0,-14.0,0.24242425
2018,14,00-0033932,K.Golladay,WR,DET,ARI,0,0,0.0,0,0.0,0.0,0.0,0,0.0,0,4,2,5.0,0,0.5,2.5,,,76.0,213.0,25.005187499999998,1.0,Northern Illinois,2017.0,2017.0,DET,96.0,,0.18181819
2018,15,00-0033932,K.Golladay,WR,DET,BUF,0,0,0.0,0,0.0,0.0,0.0,0,0.0,0,8,7,146.0,0,14.6,21.6,,,76.0,213.0,25.005187499999998,1.0,Northern Illinois,2017.0,2017.0,DET,96.0,,0.2857143
2018,16,00-0033932,K.Golladay,WR,DET,MIN,0,0,0.0,0,0.0,0.0,0.0,0,0.0,0,15,6,58.0,0,5.8,11.8,,,76.0,213.0,25.005187499999998,1.0,Northern Illinois,2017.0,2017.0,DET,96.0,-18.0,0.35714287
2018,1,00-0033933,C.Williams,WR,ARI,WAS,0,0,0.0,0,0.0,0.0,0.0,0,0.0,0,3,0,0.0,0,0.0,0.0,,,73.0,204.0,24.04325,1.0,Grambling,2017.0,2017.0,ARI,98.0,-18.0,0.0882353
2018,2,00-0033933,C.Williams,WR,ARI,LA,0,0,0.0,0,0.0,0.0,0.0,0,0.0,0,3,0,0.0,0,0.0,0.0,,,73.0,204.0,24.04325,1.0,Grambling,2017.0,2017.0,ARI,98.0,,0.11111111
2018,3,00-0033933,C.Williams,WR,ARI,CHI,0,0,0.0,0,0.0,0.0,0.0,0,0.0,0,4,1,8.0,0,0.8,1.8,,,73.0,204.0,24.04325,1.0,Grambling,2017.0,2017.0,ARI,98.0,-2.0,0.16
2018,4,00-0033933,C.Williams,WR,ARI,SEA,0,0,0.0,0,0.0,0.0,0.0,0,0.0,0,3,1,22.0,1,8.2,9.2,,,73.0,204.0,24.04325,1.0,Grambling,2017.0,2017.0,ARI,98.0,-3.0,0.12
2018,5,00-0033933,C.Williams,WR,ARI,SF,0,0,0.0,0,0.0,0.0,0.0,0,0.0,0,6,2,23.0,0,2.3,4.3,,,73.0,204.0,24.04325,1.0,Grambling,2017.0,2017.0,ARI,98.0,,0.26086956
2018,6,00-0033933,C.Williams,WR,ARI,MIN,0,0,0.0,0,0.0,0.0,0.0,0,0.0,0,2,1,5.0,0,0.5,1.5,,,73.0,204.0,24.04325,1.0,Grambling,2017.0,2017.0,ARI,98.0,,0.06451613
2018,7,00-0033933,C.Williams,WR,ARI,DEN,0,0,0.0,0,0.0,0.0,0.0,0,0.0,0,8,4,34.0,0,3.4,7.4,,,73.0,204.0,24.04325,1.0,Grambling,2017.0,2017.0,ARI,98.0,-35.0,0.22222222
2018,8,00-0033933,C.Williams,WR,ARI,SF,0,0,0.0,0,0.0,0.0,0.0,0,0.0,0,2,2,21.0,0,2.1,4.1,,,73.0,204.0,24.04325,1.0,Grambling,2017.0,2017.0,ARI,98.0,3.0,0.057142857
2018,16,00-0033933,C.Williams,WR,ARI,LA,0,0,0.0,0,0.0,0.0,0.0,0,0.0,0,4,1,7.0,0,0.7,1.7,,,73.0,204.0,24.04325,1.0,Grambling,2017.0,2017.0,ARI,98.0,-22.0,0.12903225
2018,17,00-0033933,C.Williams,WR,ARI,SEA,0,0,0.0,0,0.0,0.0,0.0,1,9.0,0,11,5,51.0,0,6.0,11.0,,,73.0,204.0,24.04325,1.0,Grambling,2017.0,2017.0,ARI,98.0,,0.33333334
2018,4,00-0033936,C.Beathard,QB,SF,LAC,23,37,298.0,2,2.0,1.0,10.0,7,19.0,0,0,0,0.0,0,17.82,17.82,,,74.0,215.0,24.9638125,1.0,Iowa,2017.0,2017.0,SF,104.0,,
2018,5,00-0033936,C.Beathard,QB,SF,ARI,34,54,349.0,2,2.0,4.0,49.0,2,7.0,1,0,0,0.0,0,20.66,20.66,,,74.0,215.0,24.9638125,1.0,Iowa,2017.0,2017.0,SF,104.0,-10.0,
2018,6,00-0033936,C.Beathard,QB,SF,GB,16,23,245.0,2,1.0,2.0,18.0,3,21.0,0,0,0,0.0,0,17.9,17.9,,,74.0,215.0,24.9638125,1.0,Iowa,2017.0,2017.0,SF,104.0,,
2018,7,00-0033936,C.Beathard,QB,SF,LA,15,27,170.0,1,2.0,7.0,49.0,2,13.0,0,0,0,0.0,0,6.1,6.1,,,74.0,215.0,24.9638125,1.0,Iowa,2017.0,2017.0,SF,104.0,-29.0,
2018,8,00-0033936,C.Beathard,QB,SF,ARI,14,28,190.0,1,0.0,4.0,30.0,5,9.0,0,0,0,0.0,0,12.5,12.5,,,74.0,215.0,24.9638125,1.0,Iowa,2017.0,2017.0,SF,104.0,,
2018,4,00-0033943,J.Reynolds,WR,LA,MIN,0,0,0.0,0,0.0,0.0,0.0,0,0.0,0,1,0,0.0,0,0.0,0.0,,,75.0,192.0,23.746157894736843,1.0,Texas A&amp;M,2017.0,2017.0,LA,117.0,7.0,0.030303031
2018,5,00-0033943,J.Reynolds,WR,LA,SEA,0,0,0.0,0,0.0,0.0,0.0,1,10.0,0,3,2,39.0,0,4.9,6.9,,,75.0,192.0,23.746157894736843,1.0,Texas A&amp;M,2017.0,2017.0,LA,117.0,,0.09375
2018,6,00-0033943,J.Reynolds,WR,LA,DEN,0,0,0.0,0,0.0,0.0,0.0,0,0.0,0,2,1,-2.0,0,-0.2,0.8,,,75.0,192.0,23.746157894736843,1.0,Texas A&amp;M,2017.0,2017.0,LA,117.0,,0.071428575
2018,7,00-0033943,J.Reynolds,WR,LA,SF,0,0,0.0,0,0.0,0.0,0.0,0,0.0,0,1,1,19.0,0,1.9,2.9,,,75.0,192.0,23.746157894736843,1.0,Texas A&amp;M,2017.0,2017.0,LA,117.0,,0.041666668
2018,8,00-0033943,J.Reynolds,WR,LA,GB,0,0,0.0,0,0.0,0.0,0.0,1,-2.0,0,5,3,42.0,2,16.0,19.0,,,75.0,192.0,23.746157894736843,1.0,Texas A&amp;M,2017.0,2017.0,LA,117.0,2.0,0.15625
2018,11,00-0033943,J.Reynolds,WR,LA,KC,0,0,0.0,0,0.0,0.0,0.0,0,0.0,0,8,6,80.0,1,14.0,20.0,,,75.0,192.0,23.746157894736843,1.0,Texas A&amp;M,2017.0,2017.0,LA,117.0,3.0,0.17391305
2018,13,00-0033943,J.Reynolds,WR,LA,DET,0,0,0.0,0,0.0,0.0,0.0,0,0.0,0,5,2,19.0,0,1.9,3.9,,,75.0,192.0,23.746157894736843,1.0,Texas A&amp;M,2017.0,2017.0,LA,117.0,,0.15625
2018,14,00-0033943,J.Reynolds,WR,LA,CHI,0,0,0.0,0,0.0,0.0,0.0,0,0.0,0,7,3,36.0,0,3.6,6.6,,,75.0,192.0,23.746157894736843,1.0,Texas A&amp;M,2017.0,2017.0,LA,117.0,,0.1627907
2018,15,00-0033943,J.Reynolds,WR,LA,PHI,0,0,0.0,0,0.0,0.0,0.0,0,0.0,0,12,5,70.0,0,7.0,12.0,,,75.0,192.0,23.746157894736843,1.0,Texas A&amp;M,2017.0,2017.0,LA,117.0,-7.0,0.23529412
2018,16,00-0033943,J.Reynolds,WR,LA,ARI,0,0,0.0,0,0.0,0.0,0.0,0,0.0,0,2,2,44.0,0,4.4,6.4,,,75.0,192.0,23.746157894736843,1.0,Texas A&amp;M,2017.0,2017.0,LA,117.0,,0.08695652
2018,17,00-0033943,J.Reynolds,WR,LA,SF,0,0,0.0,0,0.0,0.0,0.0,0,0.0,0,7,4,55.0,2,17.5,21.5,,,75.0,192.0,23.746157894736843,1.0,Texas A&amp;M,2017.0,2017.0,LA,117.0,16.0,0.25925925
2018,19,00-0033943,J.Reynolds,WR,LA,DAL,0,0,0.0,0,0.0,0.0,0.0,1,9.0,0,4,1,19.0,0,2.8,3.8,,,75.0,192.0,23.746157894736843,1.0,Texas A&amp;M,2017.0,2017.0,LA,117.0,8.0,0.14814815
2018,20,00-0033943,J.Reynolds,WR,LA,NO,0,0,0.0,0,0.0,0.0,0.0,1,16.0,0,7,4,74.0,0,9.0,13.0,,,75.0,192.0,23.746157894736843,1.0,Texas A&amp;M,2017.0,2017.0,LA,117.0,,0.17948718
2018,21,00-0033943,J.Reynolds,WR,LA,NE,0,0,0.0,0,0.0,0.0,0.0,0,0.0,0,7,3,28.0,0,2.8,5.8,,,75.0,192.0,23.746157894736843,1.0,Texas A&amp;M,2017.0,2017.0,LA,117.0,-10.0,0.19444445
2018,1,00-0033948,J.Williams,RB,GB,CHI,0,0,0.0,0,0.0,0.0,0.0,15,47.0,0,2,0,0.0,0,4.7,4.7,,,72.0,213.0,23.59125,1.0,Brigham Young,2017.0,2017.0,GB,134.0,1.0,0.055555556
2018,2,00-0033948,J.Williams,RB,GB,MIN,0,0,0.0,0,0.0,0.0,0.0,16,59.0,0,4,3,12.0,0,7.1,10.1,,,72.0,213.0,23.59125,1.0,Brigham Young,2017.0,2017.0,GB,134.0,0.0,0.09756097
2018,3,00-0033948,J.Williams,RB,GB,WAS,0,0,0.0,0,0.0,0.0,0.0,5,29.0,0,3,2,16.0,0,4.5,6.5,,,72.0,213.0,23.59125,1.0,Brigham Young,2017.0,2017.0,GB,134.0,,0.06666667
2018,4,00-0033948,J.Williams,RB,GB,BUF,0,0,0.0,0,0.0,0.0,0.0,11,27.0,0,0,0,0.0,0,2.7,2.7,,,72.0,213.0,23.59125,1.0,Brigham Young,2017.0,2017.0,GB,134.0,22.0,
2018,5,00-0033948,J.Williams,RB,GB,DET,0,0,0.0,0,0.0,0.0,0.0,6,33.0,0,4,2,19.0,0,7.2,9.2,,,72.0,213.0,23.59125,1.0,Brigham Young,2017.0,2017.0,GB,134.0,,0.08
2018,6,00-0033948,J.Williams,RB,GB,SF,0,0,0.0,0,0.0,0.0,0.0,6,29.0,0,3,1,10.0,0,3.9,4.9,,,72.0,213.0,23.59125,1.0,Brigham Young,2017.0,2017.0,GB,134.0,3.0,0.06818182
2018,8,00-0033948,J.Williams,RB,GB,LA,0,0,0.0,0,0.0,0.0,0.0,4,9.0,1,1,0,0.0,0,6.9,6.9,,,72.0,213.0,23.59125,1.0,Brigham Young,2017.0,2017.0,GB,134.0,,0.033333335
2018,9,00-0033948,J.Williams,RB,GB,NE,0,0,0.0,0,0.0,0.0,0.0,7,34.0,0,2,2,20.0,0,5.4,7.4,,,72.0,213.0,23.59125,1.0,Brigham Young,2017.0,2017.0,GB,134.0,,0.051282052
2018,10,00-0033948,J.Williams,RB,GB,MIA,0,0,0.0,0,0.0,0.0,0.0,3,3.0,0,0,0,0.0,0,0.3,0.3,,,72.0,213.0,23.59125,1.0,Brigham Young,2017.0,2017.0,GB,134.0,19.0,
2018,11,00-0033948,J.Williams,RB,GB,SEA,0,0,0.0,0,0.0,0.0,0.0,1,5.0,0,0,0,0.0,0,0.5,0.5,,,72.0,213.0,23.59125,1.0,Brigham Young,2017.0,2017.0,GB,134.0,,
2018,12,00-0033948,J.Williams,RB,GB,MIN,0,0,0.0,0,0.0,0.0,0.0,1,5.0,0,0,0,0.0,0,0.5,0.5,,,72.0,213.0,23.59125,1.0,Brigham Young,2017.0,2017.0,GB,134.0,,
2018,13,00-0033948,J.Williams,RB,GB,ARI,0,0,0.0,0,0.0,0.0,0.0,7,13.0,0,4,4,14.0,0,2.7,6.7,,,72.0,213.0,23.59125,1.0,Brigham Young,2017.0,2017.0,GB,134.0,-3.0,0.083333336
2018,14,00-0033948,J.Williams,RB,GB,ATL,0,0,0.0,0,0.0,0.0,0.0,4,17.0,0,1,0,0.0,0,1.7,1.7,,,72.0,213.0,23.59125,1.0,Brigham Young,2017.0,2017.0,GB,134.0,14.0,0.032258064
2018,15,00-0033948,J.Williams,RB,GB,CHI,0,0,0.0,0,0.0,0.0,0.0,12,55.0,1,5,4,42.0,0,15.7,19.7,,,72.0,213.0,23.59125,1.0,Brigham Young,2017.0,2017.0,GB,134.0,,0.125
2018,16,00-0033948,J.Williams,RB,GB,NYJ,0,0,0.0,0,0.0,0.0,0.0,15,95.0,1,9,6,61.0,0,21.6,27.6,,,72.0,213.0,23.59125,1.0,Brigham Young,2017.0,2017.0,GB,134.0,,0.16981132
2018,17,00-0033948,J.Williams,RB,GB,DET,0,0,0.0,0,0.0,0.0,0.0,8,4.0,0,3,3,16.0,0,2.0,5.0,,,72.0,213.0,23.59125,1.0,Brigham Young,2017.0,2017.0,GB,134.0,-31.0,0.083333336
2018,5,00-0033949,J.Dobbs,QB,PIT,ATL,0,0,0.0,0,0.0,0.0,0.0,1,-3.0,0,0,0,0.0,0,-0.3,-0.3,,,75.0,216.0,23.774875,1.0,Tennessee,2017.0,2017.0,PIT,135.0,24.0,
2018,8,00-0033949,J.Dobbs,QB,PIT,CLE,0,0,0.0,0,0.0,0.0,0.0,1,-1.0,0,0,0,0.0,0,-0.1,-0.1,,,75.0,216.0,23.774875,1.0,Tennessee,2017.0,2017.0,PIT,135.0,15.0,
2018,9,00-0033949,J.Dobbs,QB,PIT,BAL,1,1,22.0,0,0.0,0.0,-0.0,0,0.0,0,0,0,0.0,0,0.88,0.88,,,75.0,216.0,23.774875,1.0,Tennessee,2017.0,2017.0,PIT,135.0,,
2018,10,00-0033949,J.Dobbs,QB,PIT,CAR,1,2,-3.0,0,0.0,0.0,-0.0,0,0.0,0,0,0,0.0,0,-0.12,-0.12,,,75.0,216.0,23.774875,1.0,Tennessee,2017.0,2017.0,PIT,135.0,31.0,
2018,14,00-0033949,J.Dobbs,QB,PIT,LV,4,9,24.0,0,1.0,0.0,-0.0,2,15.0,0,0,0,0.0,0,0.46,0.46,,,75.0,216.0,23.774875,1.0,Tennessee,2017.0,2017.0,PIT,135.0,,
2018,1,00-0033950,W.Gallman,RB,NYG,JAX,0,0,0.0,0,0.0,0.0,0.0,1,-1.0,0,2,2,9.0,0,0.8,2.8,,,72.0,210.0,24.0928125,1.0,Clemson,2017.0,2017.0,NYG,140.0,-5.0,0.055555556
2018,2,00-0033950,W.Gallman,RB,NYG,DAL,0,0,0.0,0,0.0,0.0,0.0,1,2.0,0,1,1,11.0,0,1.3,2.3,,,72.0,210.0,24.0928125,1.0,Clemson,2017.0,2017.0,NYG,140.0,,0.022727273
2018,3,00-0033950,W.Gallman,RB,NYG,HOU,0,0,0.0,0,0.0,0.0,0.0,6,25.0,0,1,0,0.0,0,2.5,2.5,,,72.0,210.0,24.0928125,1.0,Clemson,2017.0,2017.0,NYG,140.0,,0.03448276
2018,4,00-0033950,W.Gallman,RB,NYG,NO,0,0,0.0,0,0.0,0.0,0.0,2,6.0,0,3,3,17.0,0,0.3,3.3,,,72.0,210.0,24.0928125,1.0,Clemson,2017.0,2017.0,NYG,140.0,-15.0,0.07317073
2018,6,00-0033950,W.Gallman,RB,NYG,PHI,0,0,0.0,0,0.0,0.0,0.0,4,17.0,0,5,2,25.0,0,4.2,6.2,,,72.0,210.0,24.0928125,1.0,Clemson,2017.0,2017.0,NYG,140.0,-21.0,0.11627907
2018,8,00-0033950,W.Gallman,RB,NYG,WAS,0,0,0.0,0,0.0,0.0,0.0,1,-1.0,0,0,0,0.0,0,-0.1,-0.1,,,72.0,210.0,24.0928125,1.0,Clemson,2017.0,2017.0,NYG,140.0,-7.0,
2018,10,00-0033950,W.Gallman,RB,NYG,SF,0,0,0.0,0,0.0,0.0,0.0,2,3.0,0,1,0,0.0,0,0.3,0.3,,,72.0,210.0,24.0928125,1.0,Clemson,2017.0,2017.0,NYG,140.0,,0.032258064
2018,11,00-0033950,W.Gallman,RB,NYG,TB,0,0,0.0,0,0.0,0.0,0.0,2,11.0,0,2,2,24.0,0,3.5,5.5,,,72.0,210.0,24.0928125,1.0,Clemson,2017.0,2017.0,NYG,140.0,3.0,0.11111111
2018,12,00-0033950,W.Gallman,RB,NYG,PHI,0,0,0.0,0,0.0,0.0,0.0,5,25.0,0,2,2,-2.0,0,2.3,4.3,,,72.0,210.0,24.0928125,1.0,Clemson,2017.0,2017.0,NYG,140.0,,0.054054055
2018,13,00-0033950,W.Gallman,RB,NYG,CHI,0,0,0.0,0,0.0,0.0,0.0,5,16.0,0,2,1,-2.0,0,1.4,2.4,,,72.0,210.0,24.0928125,1.0,Clemson,2017.0,2017.0,NYG,140.0,3.0,0.057142857
2018,14,00-0033950,W.Gallman,RB,NYG,WAS,0,0,0.0,0,0.0,0.0,0.0,14,38.0,0,2,0,0.0,0,3.8,3.8,,,72.0,210.0,24.0928125,1.0,Clemson,2017.0,2017.0,NYG,140.0,,0.07692308
2018,16,00-0033950,W.Gallman,RB,NYG,IND,0,0,0.0,0,0.0,0.0,0.0,2,12.0,0,0,0,0.0,0,1.2,1.2,,,72.0,210.0,24.0928125,1.0,Clemson,2017.0,2017.0,NYG,140.0,,
2018,17,00-0033950,W.Gallman,RB,NYG,DAL,0,0,0.0,0,0.0,0.0,0.0,6,23.0,1,1,1,7.0,0,9.0,10.0,,,72.0,210.0,24.0928125,1.0,Clemson,2017.0,2017.0,NYG,140.0,-1.0,0.025641026
2018,2,00-0033951,M.Mack,RB,IND,WAS,0,0,0.0,0,0.0,0.0,0.0,10,34.0,0,2,1,2.0,0,3.6,4.6,,,72.0,210.0,22.680666666666667,1.0,South Florida,2017.0,2017.0,IND,143.0,,0.06451613
2018,6,00-0033951,M.Mack,RB,IND,NYJ,0,0,0.0,0,0.0,0.0,0.0,12,89.0,0,2,1,4.0,0,9.3,10.3,,,72.0,210.0,22.680666666666667,1.0,South Florida,2017.0,2017.0,IND,143.0,,0.04761905
2018,7,00-0033951,M.Mack,RB,IND,BUF,0,0,0.0,0,0.0,0.0,0.0,19,126.0,1,3,2,33.0,1,29.9,31.9,,,72.0,210.0,22.680666666666667,1.0,South Florida,2017.0,2017.0,IND,143.0,32.0,0.13043478
2018,8,00-0033951,M.Mack,RB,IND,LV,0,0,0.0,0,0.0,0.0,0.0,25,132.0,2,4,2,17.0,0,26.9,28.9,,,72.0,210.0,22.680666666666667,1.0,South Florida,2017.0,2017.0,IND,143.0,,0.12903225
2018,10,00-0033951,M.Mack,RB,IND,JAX,0,0,0.0,0,0.0,0.0,0.0,12,29.0,0,2,2,9.0,0,5.8,7.8,,,72.0,210.0,22.680666666666667,1.0,South Florida,2017.0,2017.0,IND,143.0,3.0,0.06896552
2018,11,00-0033951,M.Mack,RB,IND,TEN,0,0,0.0,0,0.0,0.0,0.0,16,61.0,1,2,1,8.0,0,12.9,13.9,,,72.0,210.0,22.680666666666667,1.0,South Florida,2017.0,2017.0,IND,143.0,28.0,0.0625
2018,12,00-0033951,M.Mack,RB,IND,MIA,0,0,0.0,0,0.0,0.0,0.0,15,85.0,0,2,2,11.0,0,9.6,11.6,,,72.0,210.0,22.680666666666667,1.0,South Florida,2017.0,2017.0,IND,143.0,3.0,0.05263158
2018,13,00-0033951,M.Mack,RB,IND,JAX,0,0,0.0,0,0.0,0.0,0.0,8,27.0,0,1,1,6.0,0,3.3,4.3,,,72.0,210.0,22.680666666666667,1.0,South Florida,2017.0,2017.0,IND,143.0,,0.02
2018,14,00-0033951,M.Mack,RB,IND,HOU,0,0,0.0,0,0.0,0.0,0.0,14,33.0,1,1,0,0.0,0,9.3,9.3,,,72.0,210.0,22.680666666666667,1.0,South Florida,2017.0,2017.0,IND,143.0,,0.025
2018,15,00-0033951,M.Mack,RB,IND,DAL,0,0,0.0,0,0.0,0.0,0.0,27,139.0,2,1,1,10.0,0,24.9,25.9,,,72.0,210.0,22.680666666666667,1.0,South Florida,2017.0,2017.0,IND,143.0,23.0,0.03846154
2018,16,00-0033951,M.Mack,RB,IND,NYG,0,0,0.0,0,0.0,0.0,0.0,12,34.0,1,3,1,4.0,0,9.8,10.8,,,72.0,210.0,22.680666666666667,1.0,South Florida,2017.0,2017.0,IND,143.0,1.0,0.06818182
2018,17,00-0033951,M.Mack,RB,IND,TEN,0,0,0.0,0,0.0,0.0,0.0,25,119.0,1,3,3,-1.0,0,15.8,18.8,,,72.0,210.0,22.680666666666667,1.0,South Florida,2017.0,2017.0,IND,143.0,,0.08571429
2018,18,00-0033951,M.Mack,RB,IND,HOU,0,0,0.0,0,0.0,0.0,0.0,24,148.0,1,3,2,6.0,0,21.4,23.4,,,72.0,210.0,22.680666666666667,1.0,South Florida,2017.0,2017.0,IND,143.0,,0.09677419
2018,19,00-0033951,M.Mack,RB,IND,KC,0,0,0.0,0,0.0,0.0,0.0,9,46.0,0,0,0,0.0,0,4.6,4.6,,,72.0,210.0,22.680666666666667,1.0,South Florida,2017.0,2017.0,IND,143.0,,
2018,3,00-0033953,J.Leggett,TE,NYJ,CLE,0,0,0.0,0,0.0,0.0,0.0,0,0.0,0,1,0,0.0,0,0.0,0.0,,,77.0,258.0,23.756125,1.0,Clemson,2017.0,2017.0,NYJ,150.0,,0.033333335
2018,4,00-0033953,J.Leggett,TE,NYJ,JAX,0,0,0.0,0,0.0,0.0,0.0,0,0.0,0,4,3,13.0,1,7.3,10.3,,,77.0,258.0,23.756125,1.0,Clemson,2017.0,2017.0,NYJ,150.0,,0.121212125
2018,5,00-0033953,J.Leggett,TE,NYJ,DEN,0,0,0.0,0,0.0,0.0,0.0,0,0.0,0,1,1,10.0,0,1.0,2.0,,,77.0,258.0,23.756125,1.0,Clemson,2017.0,2017.0,NYJ,150.0,18.0,0.045454547
2018,7,00-0033953,J.Leggett,TE,NYJ,MIN,0,0,0.0,0,0.0,0.0,0.0,0,0.0,0,1,0,0.0,0,0.0,0.0,,,77.0,258.0,23.756125,1.0,Clemson,2017.0,2017.0,NYJ,150.0,-20.0,0.023809524
2018,8,00-0033953,J.Leggett,TE,NYJ,CHI,0,0,0.0,0,0.0,0.0,0.0,0,0.0,0,1,0,0.0,0,0.0,0.0,,,77.0,258.0,23.756125,1.0,Clemson,2017.0,2017.0,NYJ,150.0,,0.04
2018,9,00-0033953,J.Leggett,TE,NYJ,MIA,0,0,0.0,0,0.0,0.0,0.0,0,0.0,0,2,1,6.0,0,0.6,1.6,,,77.0,258.0,23.756125,1.0,Clemson,2017.0,2017.0,NYJ,150.0,,0.05263158
2018,10,00-0033953,J.Leggett,TE,NYJ,BUF,0,0,0.0,0,0.0,0.0,0.0,0,0.0,0,1,1,6.0,0,0.6,1.6,,,77.0,258.0,23.756125,1.0,Clemson,2017.0,2017.0,NYJ,150.0,-31.0,0.030303031
2018,12,00-0033953,J.Leggett,TE,NYJ,NE,0,0,0.0,0,0.0,0.0,0.0,0,0.0,0,4,2,24.0,0,2.4,4.4,,,77.0,258.0,23.756125,1.0,Clemson,2017.0,2017.0,NYJ,150.0,-14.0,0.09756097
2018,13,00-0033953,J.Leggett,TE,NYJ,TEN,0,0,0.0,0,0.0,0.0,0.0,0,0.0,0,2,2,18.0,0,1.8,3.8,,,77.0,258.0,23.756125,1.0,Clemson,2017.0,2017.0,NYJ,150.0,,0.06666667
2018,14,00-0033953,J.Leggett,TE,NYJ,BUF,0,0,0.0,0,0.0,0.0,0.0,0,0.0,0,2,1,13.0,0,1.3,2.3,,,77.0,258.0,23.756125,1.0,Clemson,2017.0,2017.0,NYJ,150.0,,0.083333336
2018,15,00-0033953,J.Leggett,TE,NYJ,HOU,0,0,0.0,0,0.0,0.0,0.0,0,0.0,0,1,1,8.0,0,0.8,1.8,,,77.0,258.0,23.756125,1.0,Clemson,2017.0,2017.0,NYJ,150.0,-7.0,0.028571429
2018,16,00-0033953,J.Leggett,TE,NYJ,GB,0,0,0.0,0,0.0,0.0,0.0,0,0.0,0,1,1,9.0,0,0.9,1.9,,,77.0,258.0,23.756125,1.0,Clemson,2017.0,2017.0,NYJ,150.0,-6.0,0.029411765
2018,17,00-0033953,J.Leggett,TE,NYJ,NE,0,0,0.0,0,0.0,0.0,0.0,0,0.0,0,4,1,7.0,0,0.7,1.7,,,77.0,258.0,23.756125,1.0,Clemson,2017.0,2017.0,NYJ,150.0,,0.14285715
2018,4,00-0033955,J.McNichols,RB,IND,HOU,0,0,0.0,0,0.0,0.0,0.0,2,4.0,0,0,0,0.0,0,0.4,0.4,,,69.0,205.0,22.855375,1.0,Boise State,2017.0,2017.0,TB,162.0,-3.0,
2018,1,00-0033958,N.Peterman,QB,BUF,BAL,5,18,24.0,0,2.0,3.0,12.0,1,1.0,0,0,0,0.0,0,-2.94,-2.94,,,74.0,225.0,24.5016875,1.0,Pittsburgh,2017.0,2017.0,BUF,171.0,,
2018,6,00-0033958,N.Peterman,QB,BUF,HOU,6,12,61.0,1,2.0,0.0,-0.0,1,2.0,0,0,0,0.0,0,2.64,2.64,,,74.0,225.0,24.5016875,1.0,Pittsburgh,2017.0,2017.0,BUF,171.0,,
2018,8,00-0033958,N.Peterman,QB,BUF,NE,2,2,23.0,0,0.0,0.0,-0.0,0,0.0,0,0,0,0.0,0,0.92,0.92,,,74.0,225.0,24.5016875,1.0,Pittsburgh,2017.0,2017.0,BUF,171.0,-19.0,
2018,9,00-0033958,N.Peterman,QB,BUF,CHI,31,49,188.0,0,3.0,4.0,22.0,8,47.0,1,0,0,0.0,0,12.22,12.22,,,74.0,225.0,24.5016875,1.0,Pittsburgh,2017.0,2017.0,BUF,171.0,-32.0,
2018,2,00-0033968,S.Coley,WR,MIN,GB,0,0,0.0,0,0.0,0.0,0.0,0,0.0,0,1,0,0.0,0,0.0,0.0,,,72.0,195.0,24.478875,1.0,Miami (Fla.),2017.0,2017.0,MIN,219.0,,0.020833334
2018,7,00-0034011,D.Arnold,TE,NO,BAL,0,0,0.0,0,0.0,0.0,0.0,0,0.0,0,3,2,35.0,0,3.5,5.5,,,77.0,220.0,23.66627777777778,1.0,Wisconsin-Platteville,2017.0,2017.0,,,,0.10714286
2018,9,00-0034011,D.Arnold,TE,NO,LA,0,0,0.0,0,0.0,0.0,0.0,0,0.0,0,1,0,0.0,0,0.0,0.0,,,77.0,220.0,23.66627777777778,1.0,Wisconsin-Platteville,2017.0,2017.0,,,10.0,0.027777778
2018,10,00-0034011,D.Arnold,TE,NO,CIN,0,0,0.0,0,0.0,0.0,0.0,0,0.0,0,3,2,25.0,0,2.5,4.5,,,77.0,220.0,23.66627777777778,1.0,Wisconsin-Platteville,2017.0,2017.0,,,,0.11111111
2018,11,00-0034011,D.Arnold,TE,NO,PHI,0,0,0.0,0,0.0,0.0,0.0,0,0.0,0,2,2,25.0,0,2.5,4.5,,,77.0,220.0,23.66627777777778,1.0,Wisconsin-Platteville,2017.0,2017.0,,,41.0,0.0625
2018,12,00-0034011,D.Arnold,TE,NO,ATL,0,0,0.0,0,0.0,0.0,0.0,0,0.0,0,6,4,45.0,1,10.5,14.5,,,77.0,220.0,23.66627777777778,1.0,Wisconsin-Platteville,2017.0,2017.0,,,14.0,0.27272728
2018,13,00-0034011,D.Arnold,TE,NO,DAL,0,0,0.0,0,0.0,0.0,0.0,0,0.0,0,2,2,20.0,0,2.0,4.0,,,77.0,220.0,23.66627777777778,1.0,Wisconsin-Platteville,2017.0,2017.0,,,,0.071428575
2018,15,00-0034011,D.Arnold,TE,NO,CAR,0,0,0.0,0,0.0,0.0,0.0,0,0.0,0,2,0,0.0,0,0.0,0.0,,,77.0,220.0,23.66627777777778,1.0,Wisconsin-Platteville,2017.0,2017.0,,,,0.05882353
2018,20,00-0034011,D.Arnold,TE,NO,LA,0,0,0.0,0,0.0,0.0,0.0,0,0.0,0,2,0,0.0,0,0.0,0.0,,,77.0,220.0,23.66627777777778,1.0,Wisconsin-Platteville,2017.0,2017.0,,,-3.0,0.051282052
2018,7,00-0034052,B.Zylstra,WR,MIN,NYJ,0,0,0.0,0,0.0,0.0,0.0,0,0.0,0,1,1,23.0,0,2.3,3.3,,,74.0,220.0,25.6110625,0.0,"Concordia, Minn",2018.0,2018.0,,,,0.025641026
2018,17,00-0034052,B.Zylstra,WR,MIN,CHI,0,0,0.0,0,0.0,0.0,0.0,0,0.0,0,1,0,0.0,0,0.0,0.0,,,74.0,220.0,25.6110625,0.0,"Concordia, Minn",2018.0,2018.0,,,-14.0,0.032258064
2018,17,00-0034054,R.Cracraft,WR,DEN,LAC,0,0,0.0,0,0.0,0.0,0.0,0,0.0,0,2,1,44.0,0,4.4,5.4,,,72.0,200.0,24.00675,1.0,Washington State,2017.0,2017.0,,,-14.0,0.04255319
2018,11,00-0034064,C.Wadman,P,DEN,LAC,1,1,12.0,0,0.0,0.0,-0.0,0,0.0,0,0,0,0.0,0,0.48,0.48,,,73.0,213.0,23.57453846153846,0.0,California-Davis,2018.0,2018.0,,,,
2018,9,00-0034073,R.Dwelley,TE,SF,LV,0,0,0.0,0,0.0,0.0,0.0,0,0.0,0,1,1,8.0,0,0.8,1.8,,,77.0,240.0,23.77025,0.0,San Diego,2018.0,2018.0,,,31.0,0.045454547
2018,17,00-0034073,R.Dwelley,TE,SF,LA,0,0,0.0,0,0.0,0.0,0.0,0,0.0,0,1,1,6.0,0,0.6,1.6,,,77.0,240.0,23.77025,0.0,San Diego,2018.0,2018.0,,,,0.030303031
2018,17,00-0034101,M.Flanagan,TE,WAS,PHI,0,0,0.0,0,0.0,0.0,0.0,0,0.0,0,1,1,14.0,0,1.4,2.4,,,78.0,260.0,23.6169375,0.0,Pittsburgh,2018.0,2018.0,,,-24.0,0.037037037
2018,1,00-0034109,P.Lindsay,RB,DEN,SEA,0,0,0.0,0,0.0,0.0,0.0,15,71.0,0,3,2,31.0,1,16.2,18.2,,,68.0,190.0,24.2804375,0.0,Colorado,2018.0,2018.0,,,3.0,0.07692308
2018,2,00-0034109,P.Lindsay,RB,DEN,LV,0,0,0.0,0,0.0,0.0,0.0,14,107.0,0,1,1,4.0,0,11.1,12.1,,,68.0,190.0,24.2804375,0.0,Colorado,2018.0,2018.0,,,1.0,0.029411765
2018,3,00-0034109,P.Lindsay,RB,DEN,BAL,0,0,0.0,0,0.0,0.0,0.0,4,20.0,0,2,0,0.0,0,2.0,2.0,,,68.0,190.0,24.2804375,0.0,Colorado,2018.0,2018.0,,,,0.05882353
2018,4,00-0034109,P.Lindsay,RB,DEN,KC,0,0,0.0,0,0.0,0.0,0.0,12,69.0,1,2,2,10.0,0,13.9,15.9,,,68.0,190.0,24.2804375,0.0,Colorado,2018.0,2018.0,,,-4.0,0.060606062
2018,5,00-0034109,P.Lindsay,RB,DEN,NYJ,0,0,0.0,0,0.0,0.0,0.0,12,61.0,0,4,3,20.0,0,8.1,11.1,,,68.0,190.0,24.2804375,0.0,Colorado,2018.0,2018.0,,,,0.078431375
2018,6,00-0034109,P.Lindsay,RB,DEN,LA,0,0,0.0,0,0.0,0.0,0.0,4,18.0,0,7,6,48.0,0,6.6,12.6,,,68.0,190.0,24.2804375,0.0,Colorado,2018.0,2018.0,,,-3.0,0.17948718
2018,7,00-0034109,P.Lindsay,RB,DEN,ARI,0,0,0.0,0,0.0,0.0,0.0,14,90.0,1,1,1,6.0,0,15.6,16.6,,,68.0,190.0,24.2804375,0.0,Colorado,2018.0,2018.0,,,,0.05263158
2018,8,00-0034109,P.Lindsay,RB,DEN,KC,0,0,0.0,0,0.0,0.0,0.0,18,95.0,1,3,3,17.0,0,17.2,20.2,,,68.0,190.0,24.2804375,0.0,Colorado,2018.0,2018.0,,,,0.09090909
2018,9,00-0034109,P.Lindsay,RB,DEN,HOU,0,0,0.0,0,0.0,0.0,0.0,17,60.0,0,3,2,24.0,0,8.4,10.4,,,68.0,190.0,24.2804375,0.0,Colorado,2018.0,2018.0,,,-2.0,0.078947365
2018,11,00-0034109,P.Lindsay,RB,DEN,LAC,0,0,0.0,0,0.0,0.0,0.0,11,79.0,2,5,4,27.0,0,22.6,26.6,,,68.0,190.0,24.2804375,0.0,Colorado,2018.0,2018.0,,,,0.16129032
2018,12,00-0034109,P.Lindsay,RB,DEN,PIT,0,0,0.0,0,0.0,0.0,0.0,14,110.0,1,0,0,0.0,0,17.0,17.0,,,68.0,190.0,24.2804375,0.0,Colorado,2018.0,2018.0,,,7.0,
2018,13,00-0034109,P.Lindsay,RB,DEN,CIN,0,0,0.0,0,0.0,0.0,0.0,19,157.0,2,1,1,2.0,0,27.9,28.9,,,68.0,190.0,24.2804375,0.0,Colorado,2018.0,2018.0,,,,0.05263158
2018,14,00-0034109,P.Lindsay,RB,DEN,SF,0,0,0.0,0,0.0,0.0,0.0,14,30.0,1,7,4,21.0,0,11.1,15.1,,,68.0,190.0,24.2804375,0.0,Colorado,2018.0,2018.0,,,,0.18421052
2018,15,00-0034109,P.Lindsay,RB,DEN,CLE,0,0,0.0,0,0.0,0.0,0.0,14,24.0,0,6,4,20.0,0,4.4,8.4,,,68.0,190.0,24.2804375,0.0,Colorado,2018.0,2018.0,,,-1.0,0.13333334
2018,16,00-0034109,P.Lindsay,RB,DEN,LV,0,0,0.0,0,0.0,0.0,0.0,10,46.0,0,2,2,11.0,0,5.7,7.7,,,68.0,190.0,24.2804375,0.0,Colorado,2018.0,2018.0,,,,0.055555556
2018,12,00-0034115,J.Wilson,RB,SF,TB,0,0,0.0,0,0.0,0.0,0.0,7,33.0,0,1,1,8.0,0,4.1,5.1,,,72.0,194.0,22.965375,0.0,North Texas,2018.0,2018.0,,,,0.032258064
2018,13,00-0034115,J.Wilson,RB,SF,SEA,0,0,0.0,0,0.0,0.0,0.0,15,61.0,0,9,8,73.0,0,11.4,19.4,,,72.0,194.0,22.965375,0.0,North Texas,2018.0,2018.0,,,,0.21428572
2018,14,00-0034115,J.Wilson,RB,SF,DEN,0,0,0.0,0,0.0,0.0,0.0,23,90.0,0,2,1,6.0,0,9.6,10.6,,,72.0,194.0,22.965375,0.0,North Texas,2018.0,2018.0,,,6.0,0.0625
2018,15,00-0034115,J.Wilson,RB,SF,SEA,0,0,0.0,0,0.0,0.0,0.0,7,46.0,0,1,0,0.0,0,2.6,2.6,,,72.0,194.0,22.965375,0.0,North Texas,2018.0,2018.0,,,3.0,0.03448276
2018,16,00-0034115,J.Wilson,RB,SF,CHI,0,0,0.0,0,0.0,0.0,0.0,11,27.0,0,2,2,11.0,0,3.8,5.8,,,72.0,194.0,22.965375,0.0,North Texas,2018.0,2018.0,,,-5.0,0.054054055
2018,17,00-0034115,J.Wilson,RB,SF,LA,0,0,0.0,0,0.0,0.0,0.0,3,9.0,0,0,0,0.0,0,0.9,0.9,,,72.0,194.0,22.965375,0.0,North Texas,2018.0,2018.0,,,,
2018,1,00-0034159,W.Dissly,TE,SEA,DEN,0,0,0.0,0,0.0,0.0,0.0,0,0.0,0,5,3,105.0,1,16.5,19.5,,,76.0,265.0,22.336529411764705,0.0,Washington,2018.0,2018.0,SEA,120.0,,0.15151516
2018,2,00-0034159,W.Dissly,TE,SEA,CHI,0,0,0.0,0,0.0,0.0,0.0,0,0.0,0,5,3,42.0,1,10.2,13.2,,,76.0,265.0,22.336529411764705,0.0,Washington,2018.0,2018.0,SEA,120.0,,0.15151516
2018,3,00-0034159,W.Dissly,TE,SEA,DAL,0,0,0.0,0,0.0,0.0,0.0,0,0.0,0,3,1,4.0,0,0.4,1.4,,,76.0,265.0,22.336529411764705,0.0,Washington,2018.0,2018.0,SEA,120.0,11.0,0.12
2018,4,00-0034159,W.Dissly,TE,SEA,ARI,0,0,0.0,0,0.0,0.0,0.0,0,0.0,0,1,1,5.0,0,0.5,1.5,,,76.0,265.0,22.336529411764705,0.0,Washington,2018.0,2018.0,SEA,120.0,,0.04
2018,8,00-0034160,M.Dickson,P,SEA,DET,0,0,0.0,0,0.0,0.0,0.0,1,9.0,0,0,0,0.0,0,0.9,0.9,,,74.0,205.0,22.845764705882353,0.0,Texas,2018.0,2018.0,SEA,149.0,,
2018,3,00-0034162,J.Scott,P,GB,WAS,0,1,0.0,0,0.0,0.0,-0.0,0,0.0,0,0,0,0.0,0,0.0,0.0,,,77.0,204.0,23.0164375,0.0,Alabama,2018.0,2018.0,GB,172.0,,
2018,1,00-0034164,T.Cannon,RB,NYJ,DET,0,0,0.0,0,0.0,0.0,0.0,6,15.0,0,1,1,6.0,0,2.1,3.1,,,71.0,185.0,24.281875,0.0,Virginia State,2018.0,2018.0,NYJ,204.0,,0.05
2018,7,00-0034164,T.Cannon,RB,NYJ,MIN,0,0,0.0,0,0.0,0.0,0.0,2,4.0,0,5,4,69.0,0,7.3,11.3,,,71.0,185.0,24.281875,0.0,Virginia State,2018.0,2018.0,NYJ,204.0,-20.0,0.11904762
2018,8,00-0034164,T.Cannon,RB,NYJ,CHI,0,0,0.0,0,0.0,0.0,0.0,6,10.0,0,4,3,12.0,0,2.2,5.2,,,71.0,185.0,24.281875,0.0,Virginia State,2018.0,2018.0,NYJ,204.0,,0.16
2018,9,00-0034164,T.Cannon,RB,NYJ,MIA,0,0,0.0,0,0.0,0.0,0.0,0,0.0,0,1,1,15.0,0,1.5,2.5,,,71.0,185.0,24.281875,0.0,Virginia State,2018.0,2018.0,NYJ,204.0,,0.02631579
2018,10,00-0034164,T.Cannon,RB,NYJ,BUF,0,0,0.0,0,0.0,0.0,0.0,4,30.0,0,4,1,5.0,0,3.5,4.5,,,71.0,185.0,24.281875,0.0,Virginia State,2018.0,2018.0,NYJ,204.0,-31.0,0.121212125
2018,12,00-0034164,T.Cannon,RB,NYJ,NE,0,0,0.0,0,0.0,0.0,0.0,0,0.0,0,1,1,-3.0,0,-0.3,0.7,,,71.0,185.0,24.281875,0.0,Virginia State,2018.0,2018.0,NYJ,204.0,-14.0,0.024390243
2018,13,00-0034164,T.Cannon,RB,NYJ,TEN,0,0,0.0,0,0.0,0.0,0.0,4,18.0,0,1,1,7.0,0,2.5,3.5,,,71.0,185.0,24.281875,0.0,Virginia State,2018.0,2018.0,NYJ,204.0,,0.033333335
2018,14,00-0034164,T.Cannon,RB,NYJ,BUF,0,0,0.0,0,0.0,0.0,0.0,5,3.0,1,1,1,4.0,0,6.7,7.7,,,71.0,185.0,24.281875,0.0,Virginia State,2018.0,2018.0,NYJ,204.0,,0.041666668
2018,15,00-0034164,T.Cannon,RB,NYJ,HOU,0,0,0.0,0,0.0,0.0,0.0,7,13.0,0,4,3,24.0,0,3.7,6.7,,,71.0,185.0,24.281875,0.0,Virginia State,2018.0,2018.0,NYJ,204.0,-7.0,0.114285715
2018,16,00-0034164,T.Cannon,RB,NYJ,GB,0,0,0.0,0,0.0,0.0,0.0,2,4.0,0,2,1,5.0,0,0.9,1.9,,,71.0,185.0,24.281875,0.0,Virginia State,2018.0,2018.0,NYJ,204.0,-6.0,0.05882353
2018,17,00-0034164,T.Cannon,RB,NYJ,NE,0,0,0.0,0,0.0,0.0,0.0,2,16.0,0,1,0,0.0,0,1.6,1.6,,,71.0,185.0,24.281875,0.0,Virginia State,2018.0,2018.0,NYJ,204.0,,0.035714287
2018,10,00-0034179,R.Greene,FS,GB,MIA,0,0,0.0,0,0.0,0.0,0.0,1,26.0,0,0,0,0.0,0,2.6,2.6,,,71.0,190.0,23.7556875,0.0,James Madison,2018.0,2018.0,,,19.0,
2018,6,00-0034184,G.Edwards,RB,BAL,TEN,0,0,0.0,0,0.0,0.0,0.0,10,42.0,0,0,0,0.0,0,4.2,4.2,,,73.0,235.0,23.57029411764706,0.0,Rutgers,2018.0,2018.0,,,,
2018,7,00-0034184,G.Edwards,RB,BAL,NO,0,0,0.0,0,0.0,0.0,0.0,2,0.0,0,0,0,0.0,0,0.0,0.0,,,73.0,235.0,23.57029411764706,0.0,Rutgers,2018.0,2018.0,,,-1.0,
2018,8,00-0034184,G.Edwards,RB,BAL,CAR,0,0,0.0,0,0.0,0.0,0.0,2,12.0,0,1,1,7.0,0,1.9,2.9,,,73.0,235.0,23.57029411764706,0.0,Rutgers,2018.0,2018.0,,,,0.022727273
2018,9,00-0034184,G.Edwards,RB,BAL,PIT,0,0,0.0,0,0.0,0.0,0.0,1,10.0,0,0,0,0.0,0,1.0,1.0,,,73.0,235.0,23.57029411764706,0.0,Rutgers,2018.0,2018.0,,,-7.0,
2018,11,00-0034184,G.Edwards,RB,BAL,CIN,0,0,0.0,0,0.0,0.0,0.0,17,115.0,1,0,0,0.0,0,19.5,19.5,,,73.0,235.0,23.57029411764706,0.0,Rutgers,2018.0,2018.0,,,3.0,
2018,12,00-0034184,G.Edwards,RB,BAL,LV,0,0,0.0,0,0.0,0.0,0.0,23,118.0,0,0,0,0.0,0,11.8,11.8,,,73.0,235.0,23.57029411764706,0.0,Rutgers,2018.0,2018.0,,,17.0,
2018,13,00-0034184,G.Edwards,RB,BAL,ATL,0,0,0.0,0,0.0,0.0,0.0,21,82.0,0,0,0,0.0,0,8.2,8.2,,,73.0,235.0,23.57029411764706,0.0,Rutgers,2018.0,2018.0,,,,
2018,14,00-0034184,G.Edwards,RB,BAL,KC,0,0,0.0,0,0.0,0.0,0.0,16,67.0,0,0,0,0.0,0,6.7,6.7,,,73.0,235.0,23.57029411764706,0.0,Rutgers,2018.0,2018.0,,,,
2018,15,00-0034184,G.Edwards,RB,BAL,TB,0,0,0.0,0,0.0,0.0,0.0,19,104.0,1,0,0,0.0,0,16.4,16.4,,,73.0,235.0,23.57029411764706,0.0,Rutgers,2018.0,2018.0,,,8.0,
2018,16,00-0034184,G.Edwards,RB,BAL,LAC,0,0,0.0,0,0.0,0.0,0.0,14,92.0,0,1,1,13.0,0,10.5,11.5,,,73.0,235.0,23.57029411764706,0.0,Rutgers,2018.0,2018.0,,,,0.045454547
2018,17,00-0034184,G.Edwards,RB,BAL,CLE,0,0,0.0,0,0.0,0.0,0.0,12,76.0,0,0,0,0.0,0,7.6,7.6,,,73.0,235.0,23.57029411764706,0.0,Rutgers,2018.0,2018.0,,,2.0,
2018,18,00-0034184,G.Edwards,RB,BAL,LAC,0,0,0.0,0,0.0,0.0,0.0,8,23.0,0,0,0,0.0,0,2.3,2.3,,,73.0,235.0,23.57029411764706,0.0,Rutgers,2018.0,2018.0,,,-6.0,
2018,4,00-0034201,D.Turner,RB,BAL,PIT,0,0,0.0,0,0.0,0.0,0.0,1,4.0,0,1,1,10.0,0,1.4,2.4,,,71.0,214.0,23.20894117647059,0.0,Alcorn State,2018.0,2018.0,,,,0.025
2018,5,00-0034201,D.Turner,RB,BAL,CLE,0,0,0.0,0,0.0,0.0,0.0,0,0.0,0,1,1,7.0,0,0.7,1.7,,,71.0,214.0,23.20894117647059,0.0,Alcorn State,2018.0,2018.0,,,,0.01754386
2018,3,00-0034208,M.Boone,RB,MIN,BUF,0,0,0.0,0,0.0,0.0,0.0,2,11.0,0,1,1,0.0,0,1.1,2.1,,,70.0,205.0,23.26475,0.0,Cincinnati,2018.0,2018.0,,,-21.0,0.018181818
2018,4,00-0034208,M.Boone,RB,MIN,LA,0,0,0.0,0,0.0,0.0,0.0,0,0.0,0,1,1,1.0,0,0.1,1.1,,,70.0,205.0,23.26475,0.0,Cincinnati,2018.0,2018.0,,,,0.020408163
2018,5,00-0034208,M.Boone,RB,MIN,PHI,0,0,0.0,0,0.0,0.0,0.0,1,1.0,0,0,0,0.0,0,0.1,0.1,,,70.0,205.0,23.26475,0.0,Cincinnati,2018.0,2018.0,,,,
2018,6,00-0034208,M.Boone,RB,MIN,ARI,0,0,0.0,0,0.0,0.0,0.0,1,20.0,0,0,0,0.0,0,2.0,2.0,,,70.0,205.0,23.26475,0.0,Cincinnati,2018.0,2018.0,,,10.0,
2018,7,00-0034208,M.Boone,RB,MIN,NYJ,0,0,0.0,0,0.0,0.0,0.0,4,4.0,0,1,0,0.0,0,0.4,0.4,,,70.0,205.0,23.26475,0.0,Cincinnati,2018.0,2018.0,,,,0.025641026
2018,8,00-0034208,M.Boone,RB,MIN,NO,0,0,0.0,0,0.0,0.0,0.0,3,11.0,0,0,0,0.0,0,1.1,1.1,,,70.0,205.0,23.26475,0.0,Cincinnati,2018.0,2018.0,,,-10.0,
2018,4,00-0034221,R.Thomas,RB,MIN,LA,0,0,0.0,0,0.0,0.0,0.0,1,4.0,0,1,0,0.0,0,0.4,0.4,,,70.0,193.0,23.171625,0.0,Jacksonville State,2018.0,2018.0,,,,0.020408163
2018,5,00-0034221,R.Thomas,RB,MIN,PHI,0,0,0.0,0,0.0,0.0,0.0,4,8.0,0,2,1,6.0,0,1.4,2.4,,,70.0,193.0,23.171625,0.0,Jacksonville State,2018.0,2018.0,,,,0.054054055
2018,6,00-0034221,R.Thomas,RB,MIN,ARI,0,0,0.0,0,0.0,0.0,0.0,1,-4.0,0,0,0,0.0,0,-0.4,-0.4,,,70.0,193.0,23.171625,0.0,Jacksonville State,2018.0,2018.0,,,10.0,
2018,7,00-0034221,R.Thomas,RB,MIN,NYJ,0,0,0.0,0,0.0,0.0,0.0,1,23.0,0,0,0,0.0,0,2.3,2.3,,,70.0,193.0,23.171625,0.0,Jacksonville State,2018.0,2018.0,,,,
2018,8,00-0034221,R.Thomas,RB,MIN,NO,0,0,0.0,0,0.0,0.0,0.0,1,-1.0,0,1,1,15.0,0,1.4,2.4,,,70.0,193.0,23.171625,0.0,Jacksonville State,2018.0,2018.0,,,-10.0,0.025
2018,8,00-0034253,D.Hilliard,RB,CLE,PIT,0,0,0.0,0,0.0,0.0,0.0,0,0.0,0,1,1,24.0,0,2.4,3.4,,,71.0,205.0,23.684874999999998,0.0,Tulane,2018.0,2018.0,,,,0.030303031
2018,9,00-0034253,D.Hilliard,RB,CLE,KC,0,0,0.0,0,0.0,0.0,0.0,0,0.0,0,1,0,0.0,0,0.0,0.0,,,71.0,205.0,23.684874999999998,0.0,Tulane,2018.0,2018.0,,,-16.0,0.023255814
2018,10,00-0034253,D.Hilliard,RB,CLE,ATL,0,1,0.0,0,1.0,0.0,-0.0,0,0.0,0,1,1,6.0,0,-1.4,-0.4,,,71.0,205.0,23.684874999999998,0.0,Tulane,2018.0,2018.0,,,12.0,0.04761905
2018,13,00-0034253,D.Hilliard,RB,CLE,HOU,0,0,0.0,0,0.0,0.0,0.0,0,0.0,0,4,4,40.0,0,4.0,8.0,,,71.0,205.0,23.684874999999998,0.0,Tulane,2018.0,2018.0,,,,0.1
2018,14,00-0034253,D.Hilliard,RB,CLE,CAR,0,0,0.0,0,0.0,0.0,0.0,0,0.0,0,2,2,20.0,0,2.0,4.0,,,71.0,205.0,23.684874999999998,0.0,Tulane,2018.0,2018.0,,,6.0,0.08695652
2018,16,00-0034253,D.Hilliard,RB,CLE,CIN,0,0,0.0,0,0.0,0.0,0.0,0,0.0,0,1,1,15.0,0,1.5,2.5,,,71.0,205.0,23.684874999999998,0.0,Tulane,2018.0,2018.0,,,8.0,0.02631579
2018,5,00-0034258,D.Willies,WR,CLE,BAL,0,0,0.0,0,0.0,0.0,0.0,0,0.0,0,5,3,61.0,0,6.1,9.1,,,76.0,207.0,24.0461875,0.0,Texas Tech,2018.0,2018.0,,,3.0,0.11904762
2018,6,00-0034268,J.Moore,WR,GB,SF,0,0,0.0,0,0.0,0.0,0.0,0,0.0,0,1,1,10.0,0,1.0,2.0,,,75.0,205.0,23.4545,0.0,Missouri,2018.0,2018.0,GB,133.0,3.0,0.022727273
2018,17,00-0034268,J.Moore,WR,GB,DET,0,0,0.0,0,0.0,0.0,0.0,0,0.0,0,2,1,5.0,0,0.5,1.5,,,75.0,205.0,23.4545,0.0,Missouri,2018.0,2018.0,GB,133.0,-31.0,0.055555556
2018,1,00-0034270,T.Conklin,TE,MIN,SF,0,0,0.0,0,0.0,0.0,0.0,0,0.0,0,1,1,6.0,0,0.6,1.6,,,75.0,240.0,23.26475,0.0,Central Michigan,2018.0,2018.0,MIN,157.0,8.0,0.028571429
2018,3,00-0034270,T.Conklin,TE,MIN,BUF,0,0,0.0,0,0.0,0.0,0.0,0,0.0,0,1,1,7.0,0,0.7,1.7,,,75.0,240.0,23.26475,0.0,Central Michigan,2018.0,2018.0,MIN,157.0,-21.0,0.018181818
2018,14,00-0034270,T.Conklin,TE,MIN,SEA,0,0,0.0,0,0.0,0.0,0.0,0,0.0,0,2,1,11.0,0,1.1,2.1,,,75.0,240.0,23.26475,0.0,Central Michigan,2018.0,2018.0,MIN,157.0,,0.06451613
2018,15,00-0034270,T.Conklin,TE,MIN,MIA,0,0,0.0,0,0.0,0.0,0.0,0,0.0,0,3,2,53.0,0,5.3,7.3,,,75.0,240.0,23.26475,0.0,Central Michigan,2018.0,2018.0,MIN,157.0,24.0,0.15
2018,2,00-0034272,M.Valdes-Scantling,WR,GB,MIN,0,0,0.0,0,0.0,0.0,0.0,0,0.0,0,1,1,3.0,0,0.3,1.3,,,76.0,207.0,24.0705,0.0,South Florida,2018.0,2018.0,GB,174.0,0.0,0.024390243
2018,3,00-0034272,M.Valdes-Scantling,WR,GB,WAS,0,0,0.0,0,0.0,0.0,0.0,0,0.0,0,1,0,0.0,0,0.0,0.0,,,76.0,207.0,24.0705,0.0,South Florida,2018.0,2018.0,GB,174.0,,0.022222223
2018,4,00-0034272,M.Valdes-Scantling,WR,GB,BUF,0,0,0.0,0,0.0,0.0,0.0,0,0.0,0,3,1,38.0,0,3.8,4.8,,,76.0,207.0,24.0705,0.0,South Florida,2018.0,2018.0,GB,174.0,22.0,0.075
2018,5,00-0034272,M.Valdes-Scantling,WR,GB,DET,0,0,0.0,0,0.0,0.0,0.0,0,0.0,0,11,7,68.0,1,12.8,19.8,,,76.0,207.0,24.0705,0.0,South Florida,2018.0,2018.0,GB,174.0,,0.22
2018,6,00-0034272,M.Valdes-Scantling,WR,GB,SF,0,0,0.0,0,0.0,0.0,0.0,0,0.0,0,6,3,103.0,0,10.3,13.3,,,76.0,207.0,24.0705,0.0,South Florida,2018.0,2018.0,GB,174.0,3.0,0.13636364
2018,8,00-0034272,M.Valdes-Scantling,WR,GB,LA,0,0,0.0,0,0.0,0.0,0.0,0,0.0,0,5,2,45.0,1,10.5,12.5,,,76.0,207.0,24.0705,0.0,South Florida,2018.0,2018.0,GB,174.0,,0.16666667
2018,9,00-0034272,M.Valdes-Scantling,WR,GB,NE,0,0,0.0,0,0.0,0.0,0.0,0,0.0,0,6,3,101.0,0,10.1,13.1,,,76.0,207.0,24.0705,0.0,South Florida,2018.0,2018.0,GB,174.0,,0.15384616
2018,10,00-0034272,M.Valdes-Scantling,WR,GB,MIA,0,0,0.0,0,0.0,0.0,0.0,0,0.0,0,7,6,44.0,0,4.4,10.4,,,76.0,207.0,24.0705,0.0,South Florida,2018.0,2018.0,GB,174.0,19.0,0.26923078
2018,11,00-0034272,M.Valdes-Scantling,WR,GB,SEA,0,0,0.0,0,0.0,0.0,0.0,0,0.0,0,3,1,8.0,0,0.8,1.8,,,76.0,207.0,24.0705,0.0,South Florida,2018.0,2018.0,GB,174.0,,0.10344828
2018,12,00-0034272,M.Valdes-Scantling,WR,GB,MIN,0,0,0.0,0,0.0,0.0,0.0,0,0.0,0,2,1,3.0,0,0.3,1.3,,,76.0,207.0,24.0705,0.0,South Florida,2018.0,2018.0,GB,174.0,,0.074074075
2018,13,00-0034272,M.Valdes-Scantling,WR,GB,ARI,0,0,0.0,0,0.0,0.0,0.0,2,29.0,0,7,2,19.0,0,4.8,6.8,,,76.0,207.0,24.0705,0.0,South Florida,2018.0,2018.0,GB,174.0,-3.0,0.14583333
2018,14,00-0034272,M.Valdes-Scantling,WR,GB,ATL,0,0,0.0,0,0.0,0.0,0.0,0,0.0,0,2,2,19.0,0,1.9,3.9,,,76.0,207.0,24.0705,0.0,South Florida,2018.0,2018.0,GB,174.0,14.0,0.06451613
2018,15,00-0034272,M.Valdes-Scantling,WR,GB,CHI,0,0,0.0,0,0.0,0.0,0.0,0,0.0,0,2,1,12.0,0,1.2,2.2,,,76.0,207.0,24.0705,0.0,South Florida,2018.0,2018.0,GB,174.0,,0.05
2018,16,00-0034272,M.Valdes-Scantling,WR,GB,NYJ,0,0,0.0,0,0.0,0.0,0.0,0,0.0,0,9,5,75.0,0,7.5,12.5,,,76.0,207.0,24.0705,0.0,South Florida,2018.0,2018.0,GB,174.0,,0.16981132
2018,17,00-0034272,M.Valdes-Scantling,WR,GB,DET,0,0,0.0,0,0.0,0.0,0.0,0,0.0,0,8,3,43.0,0,4.3,7.3,,,76.0,207.0,24.0705,0.0,South Florida,2018.0,2018.0,GB,174.0,-31.0,0.22222222
2018,6,00-0034273,D.Ratley,WR,CLE,LAC,0,0,0.0,0,0.0,0.0,0.0,0,0.0,0,8,6,82.0,0,8.2,14.2,,,74.0,190.0,23.5506875,0.0,Texas A&amp;M,2018.0,2018.0,CLE,175.0,-24.0,0.18604651
2018,7,00-0034273,D.Ratley,WR,CLE,TB,0,0,0.0,0,0.0,0.0,0.0,0,0.0,0,3,3,23.0,0,2.3,5.3,,,74.0,190.0,23.5506875,0.0,Texas A&amp;M,2018.0,2018.0,CLE,175.0,,0.09090909
2018,8,00-0034273,D.Ratley,WR,CLE,PIT,0,0,0.0,0,0.0,0.0,0.0,0,0.0,0,4,1,21.0,0,2.1,3.1,,,74.0,190.0,23.5506875,0.0,Texas A&amp;M,2018.0,2018.0,CLE,175.0,,0.121212125
2018,9,00-0034273,D.Ratley,WR,CLE,KC,0,0,0.0,0,0.0,0.0,0.0,0,0.0,0,4,2,16.0,0,1.6,3.6,,,74.0,190.0,23.5506875,0.0,Texas A&amp;M,2018.0,2018.0,CLE,175.0,-16.0,0.093023255
2018,13,00-0034273,D.Ratley,WR,CLE,HOU,0,0,0.0,0,0.0,0.0,0.0,0,0.0,0,1,1,2.0,0,0.2,1.2,,,74.0,190.0,23.5506875,0.0,Texas A&amp;M,2018.0,2018.0,CLE,175.0,,0.025
2018,5,00-0034279,E.St. Brown,WR,GB,DET,0,0,0.0,0,0.0,0.0,0.0,0,0.0,0,5,3,89.0,0,8.9,11.9,,,77.0,203.0,22.0965,0.0,Notre Dame,2018.0,2018.0,GB,207.0,,0.1
2018,6,00-0034279,E.St. Brown,WR,GB,SF,0,0,0.0,0,0.0,0.0,0.0,0,0.0,0,1,1,19.0,0,1.9,2.9,,,77.0,203.0,22.0965,0.0,Notre Dame,2018.0,2018.0,GB,207.0,3.0,0.022727273
2018,8,00-0034279,E.St. Brown,WR,GB,LA,0,0,0.0,0,0.0,0.0,0.0,0,0.0,0,2,2,31.0,0,3.1,5.1,,,77.0,203.0,22.0965,0.0,Notre Dame,2018.0,2018.0,GB,207.0,,0.06666667
2018,9,00-0034279,E.St. Brown,WR,GB,NE,0,0,0.0,0,0.0,0.0,0.0,0,0.0,0,4,1,4.0,0,0.4,1.4,,,77.0,203.0,22.0965,0.0,Notre Dame,2018.0,2018.0,GB,207.0,,0.102564104
2018,10,00-0034279,E.St. Brown,WR,GB,MIA,0,0,0.0,0,0.0,0.0,0.0,0,0.0,0,3,2,3.0,0,0.3,2.3,,,77.0,203.0,22.0965,0.0,Notre Dame,2018.0,2018.0,GB,207.0,19.0,0.115384616
2018,11,00-0034279,E.St. Brown,WR,GB,SEA,0,0,0.0,0,0.0,0.0,0.0,0,0.0,0,4,1,16.0,0,1.6,2.6,,,77.0,203.0,22.0965,0.0,Notre Dame,2018.0,2018.0,GB,207.0,,0.13793103
2018,12,00-0034279,E.St. Brown,WR,GB,MIN,0,0,0.0,0,0.0,0.0,0.0,1,5.0,0,5,3,53.0,0,5.8,8.8,,,77.0,203.0,22.0965,0.0,Notre Dame,2018.0,2018.0,GB,207.0,,0.18518518
2018,13,00-0034279,E.St. Brown,WR,GB,ARI,0,0,0.0,0,0.0,0.0,0.0,0,0.0,0,1,0,0.0,0,0.0,0.0,,,77.0,203.0,22.0965,0.0,Notre Dame,2018.0,2018.0,GB,207.0,-3.0,0.020833334
2018,14,00-0034279,E.St. Brown,WR,GB,ATL,0,0,0.0,0,0.0,0.0,0.0,0,0.0,0,3,2,12.0,0,1.2,3.2,,,77.0,203.0,22.0965,0.0,Notre Dame,2018.0,2018.0,GB,207.0,14.0,0.09677419
2018,15,00-0034279,E.St. Brown,WR,GB,CHI,0,0,0.0,0,0.0,0.0,0.0,0,0.0,0,3,1,7.0,0,0.7,1.7,,,77.0,203.0,22.0965,0.0,Notre Dame,2018.0,2018.0,GB,207.0,,0.075
2018,16,00-0034279,E.St. Brown,WR,GB,NYJ,0,0,0.0,0,0.0,0.0,0.0,0,0.0,0,5,5,94.0,0,9.4,14.4,,,77.0,203.0,22.0965,0.0,Notre Dame,2018.0,2018.0,GB,207.0,,0.094339624
2018,5,00-0034286,R.James,WR,SF,ARI,0,0,0.0,0,0.0,0.0,0.0,0,0.0,0,1,1,7.0,0,0.7,1.7,,,69.0,176.0,23.1624375,0.0,Middle Tennessee,2018.0,2018.0,SF,240.0,-10.0,0.018518519
2018,9,00-0034286,R.James,WR,SF,LV,0,0,0.0,0,0.0,0.0,0.0,0,0.0,0,3,2,60.0,0,6.0,8.0,,,69.0,176.0,23.1624375,0.0,Middle Tennessee,2018.0,2018.0,SF,240.0,31.0,0.13636364
2018,12,00-0034286,R.James,WR,SF,TB,0,0,0.0,0,0.0,0.0,0.0,0,0.0,0,2,2,27.0,0,2.7,4.7,,,69.0,176.0,23.1624375,0.0,Middle Tennessee,2018.0,2018.0,SF,240.0,,0.06451613
2018,13,00-0034286,R.James,WR,SF,SEA,0,0,0.0,0,0.0,0.0,0.0,0,0.0,0,2,0,0.0,0,0.0,0.0,,,69.0,176.0,23.1624375,0.0,Middle Tennessee,2018.0,2018.0,SF,240.0,,0.04761905
2018,15,00-0034286,R.James,WR,SF,SEA,0,0,0.0,0,0.0,0.0,0.0,0,0.0,0,0,0,0.0,0,6.0,6.0,,,69.0,176.0,23.1624375,0.0,Middle Tennessee,2018.0,2018.0,SF,240.0,3.0,
2018,16,00-0034286,R.James,WR,SF,CHI,0,0,0.0,0,0.0,0.0,0.0,0,0.0,0,1,1,4.0,0,0.4,1.4,,,69.0,176.0,23.1624375,0.0,Middle Tennessee,2018.0,2018.0,SF,240.0,-5.0,0.027027028
2018,17,00-0034286,R.James,WR,SF,LA,0,0,0.0,0,0.0,0.0,0.0,0,0.0,0,5,3,32.0,1,9.2,12.2,,,69.0,176.0,23.1624375,0.0,Middle Tennessee,2018.0,2018.0,SF,240.0,,0.15151516
2018,14,00-0034301,D.Williams,RB,KC,BAL,0,0,0.0,0,0.0,0.0,0.0,0,0.0,0,1,1,8.0,0,0.8,1.8,,,71.0,229.0,23.575222222222223,0.0,Louisiana State,2018.0,2018.0,,,3.0,0.020833334
2018,15,00-0034301,D.Williams,RB,KC,LAC,0,0,0.0,0,0.0,0.0,0.0,2,13.0,0,2,2,19.0,1,9.2,11.2,,,71.0,229.0,23.575222222222223,0.0,Louisiana State,2018.0,2018.0,,,-1.0,0.05882353
2018,17,00-0034301,D.Williams,RB,KC,LV,0,0,0.0,0,0.0,0.0,0.0,11,31.0,0,0,0,0.0,0,3.1,3.1,,,71.0,229.0,23.575222222222223,0.0,Louisiana State,2018.0,2018.0,,,32.0,
2018,19,00-0034301,D.Williams,RB,KC,IND,0,0,0.0,0,0.0,0.0,0.0,3,9.0,1,0,0,0.0,0,6.9,6.9,,,71.0,229.0,23.575222222222223,0.0,Louisiana State,2018.0,2018.0,,,18.0,
2018,9,00-0034309,C.Beebe,WR,MIN,DET,0,0,0.0,0,0.0,0.0,0.0,0,0.0,0,3,3,21.0,0,2.1,5.1,,,70.0,185.0,24.4255625,0.0,Northern Illinois,2018.0,2018.0,,,15.0,0.13636364
2018,11,00-0034309,C.Beebe,WR,MIN,CHI,0,0,0.0,0,0.0,0.0,0.0,0,0.0,0,1,1,18.0,0,1.8,2.8,,,70.0,185.0,24.4255625,0.0,Northern Illinois,2018.0,2018.0,,,,0.022222223
2018,10,00-0034317,K.Kirkwood,WR,NO,CIN,0,0,0.0,0,0.0,0.0,0.0,0,0.0,0,2,2,45.0,0,4.5,6.5,,,75.0,220.0,23.8825,0.0,Temple,2018.0,2018.0,,,,0.074074075
2018,11,00-0034317,K.Kirkwood,WR,NO,PHI,0,0,0.0,0,0.0,0.0,0.0,0,0.0,0,5,3,33.0,0,3.3,6.3,,,75.0,220.0,23.8825,0.0,Temple,2018.0,2018.0,,,41.0,0.15625
2018,12,00-0034317,K.Kirkwood,WR,NO,ATL,0,0,0.0,0,0.0,0.0,0.0,0,0.0,0,3,1,5.0,1,6.5,7.5,,,75.0,220.0,23.8825,0.0,Temple,2018.0,2018.0,,,14.0,0.13636364
2018,13,00-0034317,K.Kirkwood,WR,NO,DAL,0,0,0.0,0,0.0,0.0,0.0,0,0.0,0,3,1,30.0,1,9.0,10.0,,,75.0,220.0,23.8825,0.0,Temple,2018.0,2018.0,,,,0.10714286
2018,14,00-0034317,K.Kirkwood,WR,NO,TB,0,0,0.0,0,0.0,0.0,0.0,0,0.0,0,2,2,21.0,0,2.1,4.1,,,75.0,220.0,23.8825,0.0,Temple,2018.0,2018.0,,,,0.06451613
2018,15,00-0034317,K.Kirkwood,WR,NO,CAR,0,0,0.0,0,0.0,0.0,0.0,0,0.0,0,2,2,40.0,0,4.0,6.0,,,75.0,220.0,23.8825,0.0,Temple,2018.0,2018.0,,,,0.05882353
2018,16,00-0034317,K.Kirkwood,WR,NO,PIT,0,0,0.0,0,0.0,0.0,0.0,0,0.0,0,4,2,35.0,0,3.5,5.5,,,75.0,220.0,23.8825,0.0,Temple,2018.0,2018.0,,,3.0,0.102564104
2018,19,00-0034317,K.Kirkwood,WR,NO,PHI,0,0,0.0,0,0.0,0.0,0.0,0,0.0,0,2,2,8.0,1,6.8,8.8,,,75.0,220.0,23.8825,0.0,Temple,2018.0,2018.0,,,6.0,0.054054055
2018,8,00-0034331,J.Samuels,RB,PIT,CLE,0,0,0.0,0,0.0,0.0,0.0,4,17.0,0,0,0,0.0,0,1.7,1.7,,,72.0,228.0,22.293625,0.0,North Carolina State,2018.0,2018.0,PIT,165.0,15.0,
2018,9,00-0034331,J.Samuels,RB,PIT,BAL,0,0,0.0,0,0.0,0.0,0.0,1,2.0,0,0,0,0.0,0,0.2,0.2,,,72.0,228.0,22.293625,0.0,North Carolina State,2018.0,2018.0,PIT,165.0,,
2018,10,00-0034331,J.Samuels,RB,PIT,CAR,0,0,0.0,0,0.0,0.0,0.0,5,7.0,0,4,3,22.0,1,8.9,11.9,,,72.0,228.0,22.293625,0.0,North Carolina State,2018.0,2018.0,PIT,165.0,31.0,0.14814815
2018,12,00-0034331,J.Samuels,RB,PIT,DEN,0,0,0.0,0,0.0,0.0,0.0,0,0.0,0,2,1,12.0,0,1.2,2.2,,,72.0,228.0,22.293625,0.0,North Carolina State,2018.0,2018.0,PIT,165.0,,0.03448276
2018,13,00-0034331,J.Samuels,RB,PIT,LAC,0,0,0.0,0,0.0,0.0,0.0,2,5.0,0,3,3,20.0,1,8.5,11.5,,,72.0,228.0,22.293625,0.0,North Carolina State,2018.0,2018.0,PIT,165.0,-3.0,0.06666667
2018,14,00-0034331,J.Samuels,RB,PIT,LV,0,0,0.0,0,0.0,0.0,0.0,11,28.0,0,7,7,64.0,0,9.2,16.2,,,72.0,228.0,22.293625,0.0,North Carolina State,2018.0,2018.0,PIT,165.0,,0.1891892
2018,15,00-0034331,J.Samuels,RB,PIT,NE,0,0,0.0,0,0.0,0.0,0.0,19,142.0,0,2,2,30.0,0,17.2,19.2,,,72.0,228.0,22.293625,0.0,North Carolina State,2018.0,2018.0,PIT,165.0,7.0,0.060606062
2018,16,00-0034331,J.Samuels,RB,PIT,NO,0,0,0.0,0,0.0,0.0,0.0,12,53.0,0,3,3,11.0,1,12.4,15.4,,,72.0,228.0,22.293625,0.0,North Carolina State,2018.0,2018.0,PIT,165.0,,0.06122449
2018,17,00-0034331,J.Samuels,RB,PIT,CIN,0,0,0.0,0,0.0,0.0,0.0,2,2.0,0,8,7,40.0,0,4.2,11.2,,,72.0,228.0,22.293625,0.0,North Carolina State,2018.0,2018.0,PIT,165.0,3.0,0.17777778
2018,11,00-0034339,T.Quinn,WR,WAS,HOU,0,0,0.0,0,0.0,0.0,0.0,1,0.0,0,4,4,49.0,0,4.9,8.9,,,72.0,200.0,22.916,0.0,Southern Methodist,2018.0,2018.0,WAS,256.0,-2.0,0.11111111
2018,12,00-0034339,T.Quinn,WR,WAS,DAL,0,0,0.0,0,0.0,0.0,0.0,0,0.0,0,6,5,26.0,1,8.6,13.6,,,72.0,200.0,22.916,0.0,Southern Methodist,2018.0,2018.0,WAS,256.0,,0.15789473
2018,3,00-0034343,J.Rosen,QB,ARI,CHI,4,7,36.0,0,1.0,1.0,7.0,1,12.0,0,0,0,0.0,0,0.64,0.64,,,76.0,218.0,21.72975,0.0,UCLA,2018.0,2018.0,ARI,10.0,-2.0,
2018,4,00-0034343,J.Rosen,QB,ARI,SEA,15,27,180.0,1,0.0,1.0,9.0,2,13.0,0,0,0,0.0,0,12.5,12.5,,,76.0,218.0,21.72975,0.0,UCLA,2018.0,2018.0,ARI,10.0,-3.0,
2018,5,00-0034343,J.Rosen,QB,ARI,SF,10,25,170.0,1,0.0,1.0,6.0,3,-3.0,0,0,0,0.0,0,10.5,10.5,,,76.0,218.0,21.72975,0.0,UCLA,2018.0,2018.0,ARI,10.0,,
2018,6,00-0034343,J.Rosen,QB,ARI,MIN,21,31,240.0,0,1.0,4.0,32.0,0,0.0,0,0,0,0.0,0,7.6,7.6,,,76.0,218.0,21.72975,0.0,UCLA,2018.0,2018.0,ARI,10.0,,
2018,7,00-0034343,J.Rosen,QB,ARI,DEN,21,39,194.0,1,3.0,6.0,40.0,1,14.0,0,0,0,0.0,0,3.16,3.16,,,76.0,218.0,21.72975,0.0,UCLA,2018.0,2018.0,ARI,10.0,-35.0,
2018,8,00-0034343,J.Rosen,QB,ARI,SF,23,40,252.0,2,1.0,3.0,19.0,2,12.0,0,0,0,0.0,0,19.28,19.28,,,76.0,218.0,21.72975,0.0,UCLA,2018.0,2018.0,ARI,10.0,3.0,
2018,10,00-0034343,J.Rosen,QB,ARI,KC,22,39,208.0,1,2.0,5.0,42.0,1,-1.0,0,0,0,0.0,0,8.22,8.22,,,76.0,218.0,21.72975,0.0,UCLA,2018.0,2018.0,ARI,10.0,,
2018,11,00-0034343,J.Rosen,QB,ARI,LV,9,20,136.0,3,2.0,1.0,8.0,1,0.0,0,0,0,0.0,0,13.44,13.44,,,76.0,218.0,21.72975,0.0,UCLA,2018.0,2018.0,ARI,10.0,-2.0,
2018,12,00-0034343,J.Rosen,QB,ARI,LAC,12,19,105.0,1,1.0,2.0,18.0,2,-1.0,0,0,0,0.0,0,6.1,6.1,,,76.0,218.0,21.72975,0.0,UCLA,2018.0,2018.0,ARI,10.0,,
2018,13,00-0034343,J.Rosen,QB,ARI,GB,11,26,149.0,0,0.0,2.0,16.0,2,32.0,0,0,0,0.0,0,9.16,9.16,,,76.0,218.0,21.72975,0.0,UCLA,2018.0,2018.0,ARI,10.0,,
2018,14,00-0034343,J.Rosen,QB,ARI,DET,26,41,240.0,0,1.0,3.0,22.0,2,3.0,0,0,0,0.0,0,7.9,7.9,,,76.0,218.0,21.72975,0.0,UCLA,2018.0,2018.0,ARI,10.0,-14.0,
2018,15,00-0034343,J.Rosen,QB,ARI,ATL,13,22,132.0,0,2.0,6.0,42.0,2,8.0,0,0,0,0.0,0,0.08,0.08,,,76.0,218.0,21.72975,0.0,UCLA,2018.0,2018.0,ARI,10.0,,
2018,16,00-0034343,J.Rosen,QB,ARI,LA,12,23,87.0,0,0.0,4.0,23.0,4,49.0,0,0,0,0.0,0,8.38,8.38,,,76.0,218.0,21.72975,0.0,UCLA,2018.0,2018.0,ARI,10.0,-22.0,
2018,17,00-0034343,J.Rosen,QB,ARI,SEA,18,34,149.0,1,0.0,6.0,36.0,0,0.0,0,0,0,0.0,0,5.96,5.96,,,76.0,218.0,21.72975,0.0,UCLA,2018.0,2018.0,ARI,10.0,,
2018,1,00-0034348,C.Sutton,WR,DEN,SEA,0,0,0.0,0,0.0,0.0,0.0,0,0.0,0,5,2,45.0,0,4.5,6.5,,,75.0,216.0,23.0675625,0.0,Southern Methodist,2018.0,2018.0,DEN,40.0,3.0,0.12820514
2018,2,00-0034348,C.Sutton,WR,DEN,LV,0,0,0.0,0,0.0,0.0,0.0,0,0.0,0,6,1,9.0,0,0.9,1.9,,,75.0,216.0,23.0675625,0.0,Southern Methodist,2018.0,2018.0,DEN,40.0,1.0,0.1764706
2018,3,00-0034348,C.Sutton,WR,DEN,BAL,0,0,0.0,0,0.0,0.0,0.0,0,0.0,0,3,2,37.0,0,3.7,5.7,,,75.0,216.0,23.0675625,0.0,Southern Methodist,2018.0,2018.0,DEN,40.0,,0.0882353
2018,4,00-0034348,C.Sutton,WR,DEN,KC,0,0,0.0,0,0.0,0.0,0.0,0,0.0,0,6,3,51.0,0,5.1,8.1,,,75.0,216.0,23.0675625,0.0,Southern Methodist,2018.0,2018.0,DEN,40.0,-4.0,0.18181819
2018,5,00-0034348,C.Sutton,WR,DEN,NYJ,0,0,0.0,0,0.0,0.0,0.0,0,0.0,0,6,2,18.0,1,7.8,9.8,,,75.0,216.0,23.0675625,0.0,Southern Methodist,2018.0,2018.0,DEN,40.0,,0.11764706
2018,6,00-0034348,C.Sutton,WR,DEN,LA,0,0,0.0,0,0.0,0.0,0.0,0,0.0,0,4,3,58.0,0,5.8,8.8,,,75.0,216.0,23.0675625,0.0,Southern Methodist,2018.0,2018.0,DEN,40.0,-3.0,0.102564104
2018,7,00-0034348,C.Sutton,WR,DEN,ARI,0,0,0.0,0,0.0,0.0,0.0,0,0.0,0,3,1,28.0,1,8.8,9.8,,,75.0,216.0,23.0675625,0.0,Southern Methodist,2018.0,2018.0,DEN,40.0,,0.15789473
2018,8,00-0034348,C.Sutton,WR,DEN,KC,0,0,0.0,0,0.0,0.0,0.0,0,0.0,0,4,3,78.0,0,7.8,10.8,,,75.0,216.0,23.0675625,0.0,Southern Methodist,2018.0,2018.0,DEN,40.0,,0.121212125
2018,9,00-0034348,C.Sutton,WR,DEN,HOU,0,0,0.0,0,0.0,0.0,0.0,0,0.0,0,5,3,57.0,0,5.7,8.7,,,75.0,216.0,23.0675625,0.0,Southern Methodist,2018.0,2018.0,DEN,40.0,-2.0,0.13157895
2018,11,00-0034348,C.Sutton,WR,DEN,LAC,0,0,0.0,0,0.0,0.0,0.0,0,0.0,0,6,3,78.0,0,7.8,10.8,,,75.0,216.0,23.0675625,0.0,Southern Methodist,2018.0,2018.0,DEN,40.0,,0.19354838
2018,12,00-0034348,C.Sutton,WR,DEN,PIT,0,0,0.0,0,0.0,0.0,0.0,0,0.0,0,4,1,14.0,0,1.4,2.4,,,75.0,216.0,23.0675625,0.0,Southern Methodist,2018.0,2018.0,DEN,40.0,7.0,0.14285715
2018,13,00-0034348,C.Sutton,WR,DEN,CIN,0,0,0.0,0,0.0,0.0,0.0,0,0.0,0,7,4,85.0,1,14.5,18.5,,,75.0,216.0,23.0675625,0.0,Southern Methodist,2018.0,2018.0,DEN,40.0,,0.36842105
2018,14,00-0034348,C.Sutton,WR,DEN,SF,0,0,0.0,0,0.0,0.0,0.0,1,-1.0,0,6,2,14.0,0,1.3,3.3,,,75.0,216.0,23.0675625,0.0,Southern Methodist,2018.0,2018.0,DEN,40.0,,0.15789473
2018,15,00-0034348,C.Sutton,WR,DEN,CLE,0,0,0.0,0,0.0,0.0,0.0,0,0.0,0,6,5,42.0,0,4.2,9.2,,,75.0,216.0,23.0675625,0.0,Southern Methodist,2018.0,2018.0,DEN,40.0,-1.0,0.13333334
2018,16,00-0034348,C.Sutton,WR,DEN,LV,0,0,0.0,0,0.0,0.0,0.0,0,0.0,0,10,6,65.0,1,12.5,18.5,,,75.0,216.0,23.0675625,0.0,Southern Methodist,2018.0,2018.0,DEN,40.0,,0.2777778
2018,17,00-0034348,C.Sutton,WR,DEN,LAC,0,0,0.0,0,0.0,0.0,0.0,0,0.0,0,3,1,25.0,0,2.5,3.5,,,75.0,216.0,23.0675625,0.0,Southern Methodist,2018.0,2018.0,DEN,40.0,-14.0,0.06382979
2018,1,00-0034349,K.Johnson,RB,DET,NYJ,0,0,0.0,0,0.0,0.0,0.0,5,17.0,0,3,3,20.0,0,3.7,6.7,,,71.0,212.0,21.3501875,0.0,Auburn,2018.0,2018.0,DET,43.0,-31.0,0.057692308
2018,2,00-0034349,K.Johnson,RB,DET,SF,0,0,0.0,0,0.0,0.0,0.0,8,43.0,0,6,5,23.0,0,6.6,11.6,,,71.0,212.0,21.3501875,0.0,Auburn,2018.0,2018.0,DET,43.0,,0.115384616
2018,3,00-0034349,K.Johnson,RB,DET,NE,0,0,0.0,0,0.0,0.0,0.0,16,101.0,0,3,2,9.0,0,11.0,13.0,,,71.0,212.0,21.3501875,0.0,Auburn,2018.0,2018.0,DET,43.0,16.0,0.08571429
2018,4,00-0034349,K.Johnson,RB,DET,DAL,0,0,0.0,0,0.0,0.0,0.0,9,55.0,1,1,1,1.0,0,11.6,12.6,,,71.0,212.0,21.3501875,0.0,Auburn,2018.0,2018.0,DET,43.0,,0.03448276
2018,5,00-0034349,K.Johnson,RB,DET,GB,0,0,0.0,0,0.0,0.0,0.0,12,70.0,0,2,2,15.0,0,8.5,10.5,,,71.0,212.0,21.3501875,0.0,Auburn,2018.0,2018.0,DET,43.0,8.0,0.07692308
2018,7,00-0034349,K.Johnson,RB,DET,MIA,0,0,0.0,0,0.0,0.0,0.0,19,158.0,0,3,2,21.0,0,17.9,19.9,,,71.0,212.0,21.3501875,0.0,Auburn,2018.0,2018.0,DET,43.0,,0.13636364
2018,8,00-0034349,K.Johnson,RB,DET,SEA,0,0,0.0,0,0.0,0.0,0.0,8,22.0,0,8,6,69.0,0,9.1,15.1,,,71.0,212.0,21.3501875,0.0,Auburn,2018.0,2018.0,DET,43.0,-14.0,0.20512821
2018,9,00-0034349,K.Johnson,RB,DET,MIN,0,0,0.0,0,0.0,0.0,0.0,12,37.0,0,5,3,7.0,0,4.4,7.4,,,71.0,212.0,21.3501875,0.0,Auburn,2018.0,2018.0,DET,43.0,,0.14705883
2018,10,00-0034349,K.Johnson,RB,DET,CHI,0,0,0.0,0,0.0,0.0,0.0,14,51.0,1,6,6,38.0,1,18.9,24.9,,,71.0,212.0,21.3501875,0.0,Auburn,2018.0,2018.0,DET,43.0,,0.14285715
2018,11,00-0034349,K.Johnson,RB,DET,CAR,0,0,0.0,0,0.0,0.0,0.0,15,87.0,1,2,2,10.0,0,15.7,17.7,,,71.0,212.0,21.3501875,0.0,Auburn,2018.0,2018.0,DET,43.0,1.0,0.057142857
2018,1,00-0034351,D.Goedert,TE,PHI,ATL,0,0,0.0,0,0.0,0.0,0.0,0,0.0,0,3,1,4.0,0,0.4,1.4,,,77.0,260.0,23.855222222222224,0.0,South Dakota State,2018.0,2018.0,PHI,49.0,6.0,0.08571429
2018,3,00-0034351,D.Goedert,TE,PHI,IND,0,0,0.0,0,0.0,0.0,0.0,0,0.0,0,7,7,73.0,1,13.3,20.3,,,77.0,260.0,23.855222222222224,0.0,South Dakota State,2018.0,2018.0,PHI,49.0,4.0,0.1891892
2018,4,00-0034351,D.Goedert,TE,PHI,TEN,0,0,0.0,0,0.0,0.0,0.0,0,0.0,0,2,2,13.0,0,1.3,3.3,,,77.0,260.0,23.855222222222224,0.0,South Dakota State,2018.0,2018.0,PHI,49.0,,0.04
2018,5,00-0034351,D.Goedert,TE,PHI,MIN,0,0,0.0,0,0.0,0.0,0.0,0,0.0,0,2,2,16.0,0,1.6,3.6,,,77.0,260.0,23.855222222222224,0.0,South Dakota State,2018.0,2018.0,PHI,49.0,-2.0,0.0625
2018,6,00-0034351,D.Goedert,TE,PHI,NYG,0,0,0.0,0,0.0,0.0,0.0,0,0.0,0,1,1,7.0,0,0.7,1.7,,,77.0,260.0,23.855222222222224,0.0,South Dakota State,2018.0,2018.0,PHI,49.0,,0.027777778
2018,7,00-0034351,D.Goedert,TE,PHI,CAR,0,0,0.0,0,0.0,0.0,0.0,0,0.0,0,5,4,43.0,1,10.3,14.3,,,77.0,260.0,23.855222222222224,0.0,South Dakota State,2018.0,2018.0,PHI,49.0,-4.0,0.13513513
2018,8,00-0034351,D.Goedert,TE,PHI,JAX,0,0,0.0,0,0.0,0.0,0.0,0,0.0,0,1,1,32.0,1,9.2,10.2,,,77.0,260.0,23.855222222222224,0.0,South Dakota State,2018.0,2018.0,PHI,49.0,,0.033333335
2018,11,00-0034351,D.Goedert,TE,PHI,NO,0,0,0.0,0,0.0,0.0,0.0,0,0.0,0,3,0,0.0,0,0.0,0.0,,,77.0,260.0,23.855222222222224,0.0,South Dakota State,2018.0,2018.0,PHI,49.0,,0.09090909
2018,12,00-0034351,D.Goedert,TE,PHI,NYG,0,0,0.0,0,0.0,0.0,0.0,0,0.0,0,4,3,33.0,0,3.3,6.3,,,77.0,260.0,23.855222222222224,0.0,South Dakota State,2018.0,2018.0,PHI,49.0,3.0,0.14285715
2018,13,00-0034351,D.Goedert,TE,PHI,WAS,0,0,0.0,0,0.0,0.0,0.0,0,0.0,0,3,0,0.0,0,0.0,0.0,,,77.0,260.0,23.855222222222224,0.0,South Dakota State,2018.0,2018.0,PHI,49.0,15.0,0.078947365
2018,14,00-0034351,D.Goedert,TE,PHI,DAL,0,0,0.0,0,0.0,0.0,0.0,0,0.0,0,5,4,44.0,1,10.4,14.4,,,77.0,260.0,23.855222222222224,0.0,South Dakota State,2018.0,2018.0,PHI,49.0,,0.15625
2018,15,00-0034351,D.Goedert,TE,PHI,LA,0,0,0.0,0,0.0,0.0,0.0,0,0.0,0,2,2,12.0,0,1.2,3.2,,,77.0,260.0,23.855222222222224,0.0,South Dakota State,2018.0,2018.0,PHI,49.0,,0.06451613
2018,16,00-0034351,D.Goedert,TE,PHI,HOU,0,0,0.0,0,0.0,0.0,0.0,0,0.0,0,3,3,30.0,0,3.0,6.0,,,77.0,260.0,23.855222222222224,0.0,South Dakota State,2018.0,2018.0,PHI,49.0,2.0,0.06122449
2018,17,00-0034351,D.Goedert,TE,PHI,WAS,0,0,0.0,0,0.0,0.0,0.0,0,0.0,0,3,3,27.0,0,2.7,5.7,,,77.0,260.0,23.855222222222224,0.0,South Dakota State,2018.0,2018.0,PHI,49.0,,0.0882353
2018,18,00-0034351,D.Goedert,TE,PHI,CHI,0,0,0.0,0,0.0,0.0,0.0,0,0.0,0,4,2,20.0,1,8.0,10.0,,,77.0,260.0,23.855222222222224,0.0,South Dakota State,2018.0,2018.0,PHI,49.0,,0.1
2018,1,00-0034353,A.Miller,WR,CHI,GB,0,0,0.0,0,0.0,0.0,0.0,0,0.0,0,3,2,14.0,0,1.4,3.4,,,71.0,190.0,24.085529411764707,0.0,Memphis,2018.0,2018.0,CHI,51.0,,0.09090909
2018,2,00-0034353,A.Miller,WR,CHI,SEA,0,0,0.0,0,0.0,0.0,0.0,0,0.0,0,3,2,11.0,1,7.1,9.1,,,71.0,190.0,24.085529411764707,0.0,Memphis,2018.0,2018.0,CHI,51.0,7.0,0.0882353
2018,3,00-0034353,A.Miller,WR,CHI,ARI,0,0,0.0,0,0.0,0.0,0.0,0,0.0,0,5,4,35.0,0,3.5,7.5,,,71.0,190.0,24.085529411764707,0.0,Memphis,2018.0,2018.0,CHI,51.0,,0.14285715
2018,6,00-0034353,A.Miller,WR,CHI,MIA,0,0,0.0,0,0.0,0.0,0.0,0,0.0,0,4,1,29.0,1,8.9,9.9,,,71.0,190.0,24.085529411764707,0.0,Memphis,2018.0,2018.0,CHI,51.0,,0.13333334
2018,7,00-0034353,A.Miller,WR,CHI,NE,0,0,0.0,0,0.0,0.0,0.0,0,0.0,0,7,2,35.0,0,3.5,5.5,,,71.0,190.0,24.085529411764707,0.0,Memphis,2018.0,2018.0,CHI,51.0,-7.0,0.14583333
2018,8,00-0034353,A.Miller,WR,CHI,NYJ,0,0,0.0,0,0.0,0.0,0.0,1,7.0,0,7,3,37.0,1,10.4,13.4,,,71.0,190.0,24.085529411764707,0.0,Memphis,2018.0,2018.0,CHI,51.0,14.0,0.2413793
2018,9,00-0034353,A.Miller,WR,CHI,BUF,0,0,0.0,0,0.0,0.0,0.0,1,9.0,0,6,5,49.0,0,5.8,10.8,,,71.0,190.0,24.085529411764707,0.0,Memphis,2018.0,2018.0,CHI,51.0,,0.3
2018,10,00-0034353,A.Miller,WR,CHI,DET,0,0,0.0,0,0.0,0.0,0.0,0,0.0,0,6,5,122.0,1,18.2,23.2,,,71.0,190.0,24.085529411764707,0.0,Memphis,2018.0,2018.0,CHI,51.0,12.0,0.2
2018,11,00-0034353,A.Miller,WR,CHI,MIN,0,0,0.0,0,0.0,0.0,0.0,1,-1.0,0,3,2,25.0,1,8.4,10.4,,,71.0,190.0,24.085529411764707,0.0,Memphis,2018.0,2018.0,CHI,51.0,5.0,0.1
2018,12,00-0034353,A.Miller,WR,CHI,DET,1,1,8.0,0,0.0,0.0,-0.0,0,0.0,0,4,3,41.0,0,4.42,7.42,,,71.0,190.0,24.085529411764707,0.0,Memphis,2018.0,2018.0,CHI,51.0,,0.10526316
2018,13,00-0034353,A.Miller,WR,CHI,NYG,0,0,0.0,0,0.0,0.0,0.0,0,0.0,0,2,1,1.0,1,6.1,7.1,,,71.0,190.0,24.085529411764707,0.0,Memphis,2018.0,2018.0,CHI,51.0,,0.05
2018,14,00-0034353,A.Miller,WR,CHI,LA,0,0,0.0,0,0.0,0.0,0.0,0,0.0,0,1,0,0.0,0,0.0,0.0,,,71.0,190.0,24.085529411764707,0.0,Memphis,2018.0,2018.0,CHI,51.0,9.0,0.035714287
2018,16,00-0034353,A.Miller,WR,CHI,SF,0,0,0.0,0,0.0,0.0,0.0,1,4.0,0,3,3,24.0,1,8.8,11.8,,,71.0,190.0,24.085529411764707,0.0,Memphis,2018.0,2018.0,CHI,51.0,,0.10344828
2018,17,00-0034353,A.Miller,WR,CHI,MIN,0,0,0.0,0,0.0,0.0,0.0,2,7.0,0,0,0,0.0,0,0.7,0.7,,,71.0,190.0,24.085529411764707,0.0,Memphis,2018.0,2018.0,CHI,51.0,,
2018,18,00-0034353,A.Miller,WR,CHI,PHI,0,0,0.0,0,0.0,0.0,0.0,0,0.0,0,5,3,34.0,0,3.4,6.4,,,71.0,190.0,24.085529411764707,0.0,Memphis,2018.0,2018.0,CHI,51.0,-1.0,0.12195122
2018,1,00-0034364,J.Akins,TE,HOU,NE,0,0,0.0,0,0.0,0.0,0.0,0,0.0,0,2,2,11.0,0,1.1,3.1,,,75.0,250.0,26.551823529411763,0.0,Central Florida,2018.0,2018.0,HOU,98.0,,0.05882353
2018,2,00-0034364,J.Akins,TE,HOU,TEN,0,0,0.0,0,0.0,0.0,0.0,0,0.0,0,2,2,21.0,0,2.1,4.1,,,75.0,250.0,26.551823529411763,0.0,Central Florida,2018.0,2018.0,HOU,98.0,,0.06451613
2018,3,00-0034364,J.Akins,TE,HOU,NYG,0,0,0.0,0,0.0,0.0,0.0,0,0.0,0,1,1,18.0,0,1.8,2.8,,,75.0,250.0,26.551823529411763,0.0,Central Florida,2018.0,2018.0,HOU,98.0,-5.0,0.02631579
2018,4,00-0034364,J.Akins,TE,HOU,IND,0,0,0.0,0,0.0,0.0,0.0,0,0.0,0,3,2,24.0,0,2.4,4.4,,,75.0,250.0,26.551823529411763,0.0,Central Florida,2018.0,2018.0,HOU,98.0,,0.075
2018,5,00-0034364,J.Akins,TE,HOU,DAL,0,0,0.0,0,0.0,0.0,0.0,0,0.0,0,2,1,9.0,0,0.9,1.9,,,75.0,250.0,26.551823529411763,0.0,Central Florida,2018.0,2018.0,HOU,98.0,3.0,0.046511628
2018,6,00-0034364,J.Akins,TE,HOU,BUF,0,0,0.0,0,0.0,0.0,0.0,0,0.0,0,1,1,6.0,0,0.6,1.6,,,75.0,250.0,26.551823529411763,0.0,Central Florida,2018.0,2018.0,HOU,98.0,7.0,0.03846154
2018,9,00-0034364,J.Akins,TE,HOU,DEN,0,0,0.0,0,0.0,0.0,0.0,0,0.0,0,3,0,0.0,0,0.0,0.0,,,75.0,250.0,26.551823529411763,0.0,Central Florida,2018.0,2018.0,HOU,98.0,,0.13043478
2018,11,00-0034364,J.Akins,TE,HOU,WAS,0,0,0.0,0,0.0,0.0,0.0,0,0.0,0,2,2,42.0,0,4.2,6.2,,,75.0,250.0,26.551823529411763,0.0,Central Florida,2018.0,2018.0,HOU,98.0,,0.083333336
2018,12,00-0034364,J.Akins,TE,HOU,TEN,0,0,0.0,0,0.0,0.0,0.0,0,0.0,0,1,1,8.0,0,0.8,1.8,,,75.0,250.0,26.551823529411763,0.0,Central Florida,2018.0,2018.0,HOU,98.0,17.0,0.04347826
2018,13,00-0034364,J.Akins,TE,HOU,CLE,0,0,0.0,0,0.0,0.0,0.0,0,0.0,0,1,1,13.0,0,1.3,2.3,,,75.0,250.0,26.551823529411763,0.0,Central Florida,2018.0,2018.0,HOU,98.0,16.0,0.03448276
2018,14,00-0034364,J.Akins,TE,HOU,IND,0,0,0.0,0,0.0,0.0,0.0,0,0.0,0,2,2,40.0,0,4.0,6.0,,,75.0,250.0,26.551823529411763,0.0,Central Florida,2018.0,2018.0,HOU,98.0,-3.0,0.05263158
2018,16,00-0034364,J.Akins,TE,HOU,PHI,0,0,0.0,0,0.0,0.0,0.0,0,0.0,0,3,2,33.0,0,3.3,5.3,,,75.0,250.0,26.551823529411763,0.0,Central Florida,2018.0,2018.0,HOU,98.0,,0.075
2018,17,00-0034364,J.Akins,TE,HOU,JAX,0,0,0.0,0,0.0,0.0,0.0,0,0.0,0,2,0,0.0,0,0.0,0.0,,,75.0,250.0,26.551823529411763,0.0,Central Florida,2018.0,2018.0,HOU,98.0,17.0,0.057142857
2018,18,00-0034364,J.Akins,TE,HOU,IND,0,0,0.0,0,0.0,0.0,0.0,0,0.0,0,3,2,8.0,0,0.8,2.8,,,75.0,250.0,26.551823529411763,0.0,Central Florida,2018.0,2018.0,HOU,98.0,-14.0,0.06382979
2018,1,00-0034365,I.Thomas,TE,CAR,DAL,0,0,0.0,0,0.0,0.0,0.0,0,0.0,0,2,2,4.0,0,0.4,2.4,,,76.0,248.0,22.417749999999998,0.0,Indiana,2018.0,2018.0,CAR,101.0,8.0,0.08
2018,2,00-0034365,I.Thomas,TE,CAR,ATL,0,0,0.0,0,0.0,0.0,0.0,0,0.0,0,3,2,10.0,0,1.0,3.0,,,76.0,248.0,22.417749999999998,0.0,Indiana,2018.0,2018.0,CAR,101.0,,0.06666667
2018,3,00-0034365,I.Thomas,TE,CAR,CIN,0,0,0.0,0,0.0,0.0,0.0,0,0.0,0,5,3,20.0,0,2.0,5.0,,,76.0,248.0,22.417749999999998,0.0,Indiana,2018.0,2018.0,CAR,101.0,10.0,0.20833333
2018,5,00-0034365,I.Thomas,TE,CAR,NYG,0,0,0.0,0,0.0,0.0,0.0,0,0.0,0,6,3,38.0,0,3.8,6.8,,,76.0,248.0,22.417749999999998,0.0,Indiana,2018.0,2018.0,CAR,101.0,2.0,0.1764706
2018,8,00-0034365,I.Thomas,TE,CAR,BAL,0,0,0.0,0,0.0,0.0,0.0,0,0.0,0,1,1,15.0,0,1.5,2.5,,,76.0,248.0,22.417749999999998,0.0,Indiana,2018.0,2018.0,CAR,101.0,15.0,0.037037037
2018,13,00-0034365,I.Thomas,TE,CAR,TB,0,0,0.0,0,0.0,0.0,0.0,0,0.0,0,5,5,46.0,0,4.6,9.6,,,76.0,248.0,22.417749999999998,0.0,Indiana,2018.0,2018.0,CAR,101.0,,0.12195122
2018,14,00-0034365,I.Thomas,TE,CAR,CLE,0,0,0.0,0,0.0,0.0,0.0,0,0.0,0,11,9,77.0,0,7.7,16.7,,,76.0,248.0,22.417749999999998,0.0,Indiana,2018.0,2018.0,CAR,101.0,,0.26190478
2018,15,00-0034365,I.Thomas,TE,CAR,NO,0,0,0.0,0,0.0,0.0,0.0,0,0.0,0,4,2,14.0,0,1.4,3.4,,,76.0,248.0,22.417749999999998,0.0,Indiana,2018.0,2018.0,CAR,101.0,-3.0,0.13793103
2018,16,00-0034365,I.Thomas,TE,CAR,ATL,0,0,0.0,0,0.0,0.0,0.0,0,0.0,0,5,4,48.0,1,10.8,14.8,,,76.0,248.0,22.417749999999998,0.0,Indiana,2018.0,2018.0,CAR,101.0,-14.0,0.09090909
2018,17,00-0034365,I.Thomas,TE,CAR,NO,0,0,0.0,0,0.0,0.0,0.0,0,0.0,0,7,5,61.0,1,12.1,17.1,,,76.0,248.0,22.417749999999998,0.0,Indiana,2018.0,2018.0,CAR,101.0,,0.23333333
2018,4,00-0034366,K.Coutee,WR,HOU,IND,0,0,0.0,0,0.0,0.0,0.0,2,-2.0,0,15,11,109.0,0,10.7,21.7,,,71.0,180.0,21.81258823529412,0.0,Texas Tech,2018.0,2018.0,HOU,103.0,,0.375
2018,5,00-0034366,K.Coutee,WR,HOU,DAL,0,0,0.0,0,0.0,0.0,0.0,1,2.0,0,7,6,51.0,1,11.3,17.3,,,71.0,180.0,21.81258823529412,0.0,Texas Tech,2018.0,2018.0,HOU,103.0,3.0,0.1627907
2018,6,00-0034366,K.Coutee,WR,HOU,BUF,0,0,0.0,0,0.0,0.0,0.0,0,0.0,0,5,3,33.0,0,3.3,6.3,,,71.0,180.0,21.81258823529412,0.0,Texas Tech,2018.0,2018.0,HOU,103.0,7.0,0.1923077
2018,7,00-0034366,K.Coutee,WR,HOU,JAX,0,0,0.0,0,0.0,0.0,0.0,0,0.0,0,3,1,3.0,0,0.3,1.3,,,71.0,180.0,21.81258823529412,0.0,Texas Tech,2018.0,2018.0,HOU,103.0,,0.125
2018,11,00-0034366,K.Coutee,WR,HOU,WAS,0,0,0.0,0,0.0,0.0,0.0,0,0.0,0,9,5,77.0,0,7.7,12.7,,,71.0,180.0,21.81258823529412,0.0,Texas Tech,2018.0,2018.0,HOU,103.0,,0.375
2018,12,00-0034366,K.Coutee,WR,HOU,TEN,0,0,0.0,0,0.0,0.0,0.0,0,0.0,0,2,2,14.0,0,1.4,3.4,,,71.0,180.0,21.81258823529412,0.0,Texas Tech,2018.0,2018.0,HOU,103.0,17.0,0.08695652
2018,18,00-0034366,K.Coutee,WR,HOU,IND,0,0,0.0,0,0.0,0.0,0.0,0,0.0,0,14,11,110.0,1,17.0,28.0,,,71.0,180.0,21.81258823529412,0.0,Texas Tech,2018.0,2018.0,HOU,103.0,-14.0,0.29787233
2018,1,00-0034367,N.Hines,RB,IND,CIN,0,0,0.0,0,0.0,0.0,0.0,5,19.0,0,9,7,33.0,0,5.2,12.2,,,68.0,198.0,21.996222222222222,0.0,North Carolina State,2018.0,2018.0,IND,104.0,-11.0,0.17307693
2018,2,00-0034367,N.Hines,RB,IND,WAS,0,0,0.0,0,0.0,0.0,0.0,4,7.0,1,1,1,-2.0,0,6.5,7.5,,,68.0,198.0,21.996222222222222,0.0,North Carolina State,2018.0,2018.0,IND,104.0,,0.032258064
2018,3,00-0034367,N.Hines,RB,IND,PHI,0,0,0.0,0,0.0,0.0,0.0,5,18.0,0,5,5,25.0,0,4.3,9.3,,,68.0,198.0,21.996222222222222,0.0,North Carolina State,2018.0,2018.0,IND,104.0,,0.12195122
2018,4,00-0034367,N.Hines,RB,IND,HOU,0,0,0.0,0,0.0,0.0,0.0,4,10.0,0,11,9,63.0,2,19.3,28.3,,,68.0,198.0,21.996222222222222,0.0,North Carolina State,2018.0,2018.0,IND,104.0,-3.0,0.18032786
2018,5,00-0034367,N.Hines,RB,IND,NE,0,0,0.0,0,0.0,0.0,0.0,15,45.0,0,9,7,45.0,0,9.0,16.0,,,68.0,198.0,21.996222222222222,0.0,North Carolina State,2018.0,2018.0,IND,104.0,,0.15254237
2018,6,00-0034367,N.Hines,RB,IND,NYJ,0,0,0.0,0,0.0,0.0,0.0,3,14.0,0,3,2,21.0,0,3.5,5.5,,,68.0,198.0,21.996222222222222,0.0,North Carolina State,2018.0,2018.0,IND,104.0,,0.071428575
2018,7,00-0034367,N.Hines,RB,IND,BUF,0,0,0.0,0,0.0,0.0,0.0,5,47.0,0,2,1,-5.0,0,4.2,5.2,,,68.0,198.0,21.996222222222222,0.0,North Carolina State,2018.0,2018.0,IND,104.0,32.0,0.08695652
2018,8,00-0034367,N.Hines,RB,IND,LV,0,0,0.0,0,0.0,0.0,0.0,11,78.0,0,2,2,7.0,0,8.5,10.5,,,68.0,198.0,21.996222222222222,0.0,North Carolina State,2018.0,2018.0,IND,104.0,,0.06451613
2018,10,00-0034367,N.Hines,RB,IND,JAX,0,0,0.0,0,0.0,0.0,0.0,3,3.0,0,4,3,19.0,0,2.2,5.2,,,68.0,198.0,21.996222222222222,0.0,North Carolina State,2018.0,2018.0,IND,104.0,3.0,0.13793103
2018,11,00-0034367,N.Hines,RB,IND,TEN,0,0,0.0,0,0.0,0.0,0.0,5,14.0,0,3,1,20.0,0,3.4,4.4,,,68.0,198.0,21.996222222222222,0.0,North Carolina State,2018.0,2018.0,IND,104.0,28.0,0.09375
2018,12,00-0034367,N.Hines,RB,IND,MIA,0,0,0.0,0,0.0,0.0,0.0,9,28.0,0,2,2,22.0,0,5.0,7.0,,,68.0,198.0,21.996222222222222,0.0,North Carolina State,2018.0,2018.0,IND,104.0,3.0,0.05263158
2018,13,00-0034367,N.Hines,RB,IND,JAX,0,0,0.0,0,0.0,0.0,0.0,4,5.0,0,9,9,50.0,0,5.5,14.5,,,68.0,198.0,21.996222222222222,0.0,North Carolina State,2018.0,2018.0,IND,104.0,,0.18
2018,14,00-0034367,N.Hines,RB,IND,HOU,0,0,0.0,0,0.0,0.0,0.0,3,1.0,0,5,3,16.0,0,1.7,4.7,,,68.0,198.0,21.996222222222222,0.0,North Carolina State,2018.0,2018.0,IND,104.0,,0.125
2018,15,00-0034367,N.Hines,RB,IND,DAL,0,0,0.0,0,0.0,0.0,0.0,6,19.0,0,6,4,45.0,0,6.4,10.4,,,68.0,198.0,21.996222222222222,0.0,North Carolina State,2018.0,2018.0,IND,104.0,23.0,0.23076923
2018,16,00-0034367,N.Hines,RB,IND,NYG,0,0,0.0,0,0.0,0.0,0.0,2,2.0,1,5,4,41.0,0,10.3,14.3,,,68.0,198.0,21.996222222222222,0.0,North Carolina State,2018.0,2018.0,IND,104.0,1.0,0.11363637
2018,17,00-0034367,N.Hines,RB,IND,TEN,0,0,0.0,0,0.0,0.0,0.0,1,4.0,0,5,3,25.0,0,2.9,5.9,,,68.0,198.0,21.996222222222222,0.0,North Carolina State,2018.0,2018.0,IND,104.0,,0.14285715
2018,19,00-0034367,N.Hines,RB,IND,KC,0,0,0.0,0,0.0,0.0,0.0,3,24.0,0,0,0,0.0,0,2.4,2.4,,,68.0,198.0,21.996222222222222,0.0,North Carolina State,2018.0,2018.0,IND,104.0,,
2018,14,00-0034369,K.Lauletta,QB,NYG,WAS,0,5,0.0,0,1.0,0.0,-0.0,1,-2.0,0,0,0,0.0,0,-2.2,-2.2,,,75.0,215.0,23.63575,0.0,Richmond,2018.0,2018.0,NYG,108.0,,
2018,5,00-0034370,D.Hamilton,WR,DEN,NYJ,0,0,0.0,0,0.0,0.0,0.0,0,0.0,0,3,3,44.0,0,4.4,7.4,,,73.0,206.0,23.6535,0.0,Penn State,2018.0,2018.0,DEN,113.0,,0.05882353
2018,6,00-0034370,D.Hamilton,WR,DEN,LA,0,0,0.0,0,0.0,0.0,0.0,0,0.0,0,1,0,0.0,0,0.0,0.0,,,73.0,206.0,23.6535,0.0,Penn State,2018.0,2018.0,DEN,113.0,-3.0,0.025641026
2018,11,00-0034370,D.Hamilton,WR,DEN,LAC,0,0,0.0,0,0.0,0.0,0.0,0,0.0,0,2,1,4.0,0,0.4,1.4,,,73.0,206.0,23.6535,0.0,Penn State,2018.0,2018.0,DEN,113.0,,0.06451613
2018,12,00-0034370,D.Hamilton,WR,DEN,PIT,0,0,0.0,0,0.0,0.0,0.0,0,0.0,0,2,1,13.0,0,1.3,2.3,,,73.0,206.0,23.6535,0.0,Penn State,2018.0,2018.0,DEN,113.0,7.0,0.071428575
2018,14,00-0034370,D.Hamilton,WR,DEN,SF,0,0,0.0,0,0.0,0.0,0.0,0,0.0,0,9,7,47.0,1,10.7,17.7,,,73.0,206.0,23.6535,0.0,Penn State,2018.0,2018.0,DEN,113.0,,0.23684211
2018,15,00-0034370,D.Hamilton,WR,DEN,CLE,0,0,0.0,0,0.0,0.0,0.0,0,0.0,0,12,7,46.0,0,4.6,11.6,,,73.0,206.0,23.6535,0.0,Penn State,2018.0,2018.0,DEN,113.0,-1.0,0.26666668
2018,16,00-0034370,D.Hamilton,WR,DEN,LV,0,0,0.0,0,0.0,0.0,0.0,0,0.0,0,9,6,40.0,1,10.0,16.0,,,73.0,206.0,23.6535,0.0,Penn State,2018.0,2018.0,DEN,113.0,,0.25
2018,17,00-0034370,D.Hamilton,WR,DEN,LAC,0,0,0.0,0,0.0,0.0,0.0,0,0.0,0,8,5,49.0,0,4.9,9.9,,,73.0,206.0,23.6535,0.0,Penn State,2018.0,2018.0,DEN,113.0,-14.0,0.17021276
2018,2,00-0034378,I.Smith,RB,ATL,CAR,0,0,0.0,0,0.0,0.0,0.0,9,46.0,0,1,1,8.0,0,5.4,6.4,,,69.0,195.0,23.149,0.0,Southern Mississippi,2018.0,2018.0,ATL,126.0,7.0,0.035714287
2018,3,00-0034378,I.Smith,RB,ATL,NO,0,0,0.0,0,0.0,0.0,0.0,2,-6.0,0,4,3,41.0,0,3.5,6.5,,,69.0,195.0,23.149,0.0,Southern Mississippi,2018.0,2018.0,ATL,126.0,-6.0,0.11764706
2018,4,00-0034378,I.Smith,RB,ATL,CIN,0,0,0.0,0,0.0,0.0,0.0,7,35.0,1,3,3,13.0,0,10.8,13.8,,,69.0,195.0,23.149,0.0,Southern Mississippi,2018.0,2018.0,ATL,126.0,-1.0,0.078947365
2018,5,00-0034378,I.Smith,RB,ATL,PIT,0,0,0.0,0,0.0,0.0,0.0,3,5.0,1,1,1,5.0,0,7.0,8.0,,,69.0,195.0,23.149,0.0,Southern Mississippi,2018.0,2018.0,ATL,126.0,,0.022222223
2018,6,00-0034378,I.Smith,RB,ATL,TB,0,0,0.0,0,0.0,0.0,0.0,11,22.0,1,2,2,-1.0,0,8.1,10.1,,,69.0,195.0,23.149,0.0,Southern Mississippi,2018.0,2018.0,ATL,126.0,5.0,0.048780486
2018,7,00-0034378,I.Smith,RB,ATL,NYG,0,0,0.0,0,0.0,0.0,0.0,7,16.0,0,2,2,29.0,0,4.5,6.5,,,69.0,195.0,23.149,0.0,Southern Mississippi,2018.0,2018.0,ATL,126.0,3.0,0.055555556
2018,9,00-0034378,I.Smith,RB,ATL,WAS,0,0,0.0,0,0.0,0.0,0.0,10,60.0,1,2,1,4.0,0,12.4,13.4,,,69.0,195.0,23.149,0.0,Southern Mississippi,2018.0,2018.0,ATL,126.0,,0.054054055
2018,10,00-0034378,I.Smith,RB,ATL,CLE,0,0,0.0,0,0.0,0.0,0.0,4,11.0,0,5,4,15.0,0,2.6,6.6,,,69.0,195.0,23.149,0.0,Southern Mississippi,2018.0,2018.0,ATL,126.0,,0.09803922
2018,11,00-0034378,I.Smith,RB,ATL,DAL,0,0,0.0,0,0.0,0.0,0.0,6,10.0,0,2,2,12.0,0,2.2,4.2,,,69.0,195.0,23.149,0.0,Southern Mississippi,2018.0,2018.0,ATL,126.0,-3.0,0.05882353
2018,12,00-0034378,I.Smith,RB,ATL,NO,0,0,0.0,0,0.0,0.0,0.0,4,0.0,0,2,2,7.0,0,0.7,2.7,,,69.0,195.0,23.149,0.0,Southern Mississippi,2018.0,2018.0,ATL,126.0,,0.04255319
2018,13,00-0034378,I.Smith,RB,ATL,BAL,0,0,0.0,0,0.0,0.0,0.0,7,22.0,0,1,1,0.0,0,2.2,3.2,,,69.0,195.0,23.149,0.0,Southern Mississippi,2018.0,2018.0,ATL,126.0,-10.0,0.037037037
2018,14,00-0034378,I.Smith,RB,ATL,GB,0,0,0.0,0,0.0,0.0,0.0,11,60.0,0,4,3,14.0,0,7.4,10.4,,,69.0,195.0,23.149,0.0,Southern Mississippi,2018.0,2018.0,ATL,126.0,,0.0952381
2018,15,00-0034378,I.Smith,RB,ATL,ARI,0,0,0.0,0,0.0,0.0,0.0,9,34.0,0,3,2,5.0,0,3.9,5.9,,,69.0,195.0,23.149,0.0,Southern Mississippi,2018.0,2018.0,ATL,126.0,26.0,0.083333336
2018,7,00-0034383,D.Schultz,TE,DAL,WAS,0,0,0.0,0,0.0,0.0,0.0,0,0.0,0,3,1,12.0,0,1.2,2.2,,,77.0,242.0,22.3365,0.0,Stanford,2018.0,2018.0,DAL,137.0,,0.08571429
2018,10,00-0034383,D.Schultz,TE,DAL,PHI,0,0,0.0,0,0.0,0.0,0.0,0,0.0,0,2,2,21.0,0,2.1,4.1,,,77.0,242.0,22.3365,0.0,Stanford,2018.0,2018.0,DAL,137.0,,0.05882353
2018,12,00-0034383,D.Schultz,TE,DAL,WAS,0,0,0.0,0,0.0,0.0,0.0,0,0.0,0,1,1,-1.0,0,-0.1,0.9,,,77.0,242.0,22.3365,0.0,Stanford,2018.0,2018.0,DAL,137.0,8.0,0.032258064
2018,13,00-0034383,D.Schultz,TE,DAL,NO,0,0,0.0,0,0.0,0.0,0.0,0,0.0,0,2,1,7.0,0,0.7,1.7,,,77.0,242.0,22.3365,0.0,Stanford,2018.0,2018.0,DAL,137.0,3.0,0.071428575
2018,14,00-0034383,D.Schultz,TE,DAL,PHI,0,0,0.0,0,0.0,0.0,0.0,0,0.0,0,3,3,37.0,0,3.7,6.7,,,77.0,242.0,22.3365,0.0,Stanford,2018.0,2018.0,DAL,137.0,6.0,0.056603774
2018,15,00-0034383,D.Schultz,TE,DAL,IND,0,0,0.0,0,0.0,0.0,0.0,0,0.0,0,4,3,23.0,0,2.3,5.3,,,77.0,242.0,22.3365,0.0,Stanford,2018.0,2018.0,DAL,137.0,,0.10526316
2018,17,00-0034383,D.Schultz,TE,DAL,NYG,0,0,0.0,0,0.0,0.0,0.0,0,0.0,0,2,1,17.0,0,1.7,2.7,,,77.0,242.0,22.3365,0.0,Stanford,2018.0,2018.0,DAL,137.0,,0.046511628
2018,19,00-0034383,D.Schultz,TE,DAL,LA,0,0,0.0,0,0.0,0.0,0.0,0,0.0,0,2,1,20.0,0,2.0,3.0,,,77.0,242.0,22.3365,0.0,Stanford,2018.0,2018.0,DAL,137.0,,0.0625
2018,8,00-0034386,J.Watson,WR,TB,CIN,0,0,0.0,0,0.0,0.0,0.0,0,0.0,0,1,1,5.0,0,0.5,1.5,,,75.0,225.0,22.5895,0.0,Pennsylvania,2018.0,2018.0,TB,144.0,,0.02
2018,13,00-0034386,J.Watson,WR,TB,CAR,0,0,0.0,0,0.0,0.0,0.0,0,0.0,0,1,0,0.0,0,0.0,0.0,,,75.0,225.0,22.5895,0.0,Pennsylvania,2018.0,2018.0,TB,144.0,7.0,0.033333335
2018,17,00-0034386,J.Watson,WR,TB,ATL,0,0,0.0,0,0.0,0.0,0.0,0,0.0,0,1,0,0.0,0,0.0,0.0,,,75.0,225.0,22.5895,0.0,Pennsylvania,2018.0,2018.0,TB,144.0,-2.0,0.03125
2018,2,00-0034389,D.Cruikshank,SS,TEN,HOU,0,0,0.0,0,0.0,0.0,0.0,0,0.0,0,1,1,66.0,1,12.6,13.6,,,73.0,206.0,23.5244375,0.0,Arizona,2018.0,2018.0,TEN,152.0,3.0,0.04761905
2018,1,00-0034400,J.Wilkins,RB,IND,CIN,0,0,0.0,0,0.0,0.0,0.0,14,40.0,0,3,3,21.0,0,6.1,9.1,,,73.0,217.0,24.317888888888888,0.0,Mississippi,2018.0,2018.0,IND,169.0,-11.0,0.057692308
2018,2,00-0034400,J.Wilkins,RB,IND,WAS,0,0,0.0,0,0.0,0.0,0.0,10,61.0,0,2,2,3.0,0,6.4,8.4,,,73.0,217.0,24.317888888888888,0.0,Mississippi,2018.0,2018.0,IND,169.0,,0.06451613
2018,3,00-0034400,J.Wilkins,RB,IND,PHI,0,0,0.0,0,0.0,0.0,0.0,6,19.0,0,2,2,1.0,0,2.0,4.0,,,73.0,217.0,24.317888888888888,0.0,Mississippi,2018.0,2018.0,IND,169.0,,0.048780486
2018,4,00-0034400,J.Wilkins,RB,IND,HOU,0,0,0.0,0,0.0,0.0,0.0,8,16.0,0,1,0,0.0,0,1.6,1.6,,,73.0,217.0,24.317888888888888,0.0,Mississippi,2018.0,2018.0,IND,169.0,-3.0,0.016393442
2018,5,00-0034400,J.Wilkins,RB,IND,NE,0,0,0.0,0,0.0,0.0,0.0,6,39.0,0,2,2,9.0,0,2.8,4.8,,,73.0,217.0,24.317888888888888,0.0,Mississippi,2018.0,2018.0,IND,169.0,,0.033898305
2018,7,00-0034400,J.Wilkins,RB,IND,BUF,0,0,0.0,0,0.0,0.0,0.0,6,46.0,0,1,1,8.0,0,5.4,6.4,,,73.0,217.0,24.317888888888888,0.0,Mississippi,2018.0,2018.0,IND,169.0,32.0,0.04347826
2018,8,00-0034400,J.Wilkins,RB,IND,LV,0,0,0.0,0,0.0,0.0,0.0,2,14.0,0,0,0,0.0,0,1.4,1.4,,,73.0,217.0,24.317888888888888,0.0,Mississippi,2018.0,2018.0,IND,169.0,,
2018,10,00-0034400,J.Wilkins,RB,IND,JAX,0,0,0.0,0,0.0,0.0,0.0,1,53.0,0,0,0,0.0,0,5.3,5.3,,,73.0,217.0,24.317888888888888,0.0,Mississippi,2018.0,2018.0,IND,169.0,3.0,
2018,11,00-0034400,J.Wilkins,RB,IND,TEN,0,0,0.0,0,0.0,0.0,0.0,4,30.0,1,0,0,0.0,0,9.0,9.0,,,73.0,217.0,24.317888888888888,0.0,Mississippi,2018.0,2018.0,IND,169.0,28.0,
2018,12,00-0034400,J.Wilkins,RB,IND,MIA,0,0,0.0,0,0.0,0.0,0.0,0,0.0,0,3,3,32.0,0,1.2,4.2,,,73.0,217.0,24.317888888888888,0.0,Mississippi,2018.0,2018.0,IND,169.0,3.0,0.078947365
2018,13,00-0034400,J.Wilkins,RB,IND,JAX,0,0,0.0,0,0.0,0.0,0.0,0,0.0,0,1,1,0.0,0,0.0,1.0,,,73.0,217.0,24.317888888888888,0.0,Mississippi,2018.0,2018.0,IND,169.0,,0.02
2018,15,00-0034400,J.Wilkins,RB,IND,DAL,0,0,0.0,0,0.0,0.0,0.0,0,0.0,0,1,1,6.0,0,0.6,1.6,,,73.0,217.0,24.317888888888888,0.0,Mississippi,2018.0,2018.0,IND,169.0,23.0,0.03846154
2018,17,00-0034400,J.Wilkins,RB,IND,TEN,0,0,0.0,0,0.0,0.0,0.0,3,18.0,0,1,1,5.0,0,2.3,3.3,,,73.0,217.0,24.317888888888888,0.0,Mississippi,2018.0,2018.0,IND,169.0,,0.028571429
2018,18,00-0034400,J.Wilkins,RB,IND,HOU,0,0,0.0,0,0.0,0.0,0.0,2,9.0,0,0,0,0.0,0,0.9,0.9,,,73.0,217.0,24.317888888888888,0.0,Mississippi,2018.0,2018.0,IND,169.0,,
2018,19,00-0034400,J.Wilkins,RB,IND,KC,0,0,0.0,0,0.0,0.0,0.0,0,0.0,0,1,0,0.0,0,0.0,0.0,,,73.0,217.0,24.317888888888888,0.0,Mississippi,2018.0,2018.0,IND,169.0,,0.027777778
2018,3,00-0034407,R.McCloud,WR,BUF,MIN,0,0,0.0,0,0.0,0.0,0.0,0,0.0,0,1,1,6.0,0,0.6,1.6,,,69.0,180.0,22.0511875,0.0,Clemson,2018.0,2018.0,BUF,187.0,,0.045454547
2018,5,00-0034407,R.McCloud,WR,BUF,TEN,0,0,0.0,0,0.0,0.0,0.0,1,-3.0,0,1,1,7.0,0,0.4,1.4,,,69.0,180.0,22.0511875,0.0,Clemson,2018.0,2018.0,BUF,187.0,1.0,0.05
2018,6,00-0034407,R.McCloud,WR,BUF,HOU,0,0,0.0,0,0.0,0.0,0.0,0,0.0,0,1,1,2.0,0,0.2,1.2,,,69.0,180.0,22.0511875,0.0,Clemson,2018.0,2018.0,BUF,187.0,,0.03448276
2018,8,00-0034407,R.McCloud,WR,BUF,NE,0,0,0.0,0,0.0,0.0,0.0,0,0.0,0,1,1,16.0,0,1.6,2.6,,,69.0,180.0,22.0511875,0.0,Clemson,2018.0,2018.0,BUF,187.0,-19.0,0.025
2018,9,00-0034407,R.McCloud,WR,BUF,CHI,0,0,0.0,0,0.0,0.0,0.0,0,0.0,0,1,0,0.0,0,0.0,0.0,,,69.0,180.0,22.0511875,0.0,Clemson,2018.0,2018.0,BUF,187.0,-32.0,0.021276595
2018,15,00-0034407,R.McCloud,WR,BUF,DET,0,0,0.0,0,0.0,0.0,0.0,1,7.0,0,0,0,0.0,0,0.7,0.7,,,69.0,180.0,22.0511875,0.0,Clemson,2018.0,2018.0,BUF,187.0,1.0,
2018,17,00-0034407,R.McCloud,WR,BUF,MIA,0,0,0.0,0,0.0,0.0,0.0,0,0.0,0,1,1,5.0,0,0.5,1.5,,,69.0,180.0,22.0511875,0.0,Clemson,2018.0,2018.0,BUF,187.0,25.0,0.041666668
2018,6,00-0034411,R.Gage,WR,ATL,TB,0,0,0.0,0,0.0,0.0,0.0,0,0.0,0,1,1,9.0,0,0.9,1.9,,,72.0,184.0,22.7848125,0.0,Louisiana State,2018.0,2018.0,ATL,194.0,5.0,0.024390243
2018,13,00-0034411,R.Gage,WR,ATL,BAL,0,0,0.0,0,0.0,0.0,0.0,0,0.0,0,1,1,7.0,0,0.7,1.7,,,72.0,184.0,22.7848125,0.0,Louisiana State,2018.0,2018.0,ATL,194.0,-10.0,0.037037037
2018,15,00-0034411,R.Gage,WR,ATL,ARI,0,0,0.0,0,0.0,0.0,0.0,0,0.0,0,4,2,33.0,0,3.3,5.3,,,72.0,184.0,22.7848125,0.0,Louisiana State,2018.0,2018.0,ATL,194.0,26.0,0.11111111
2018,16,00-0034411,R.Gage,WR,ATL,CAR,0,0,0.0,0,0.0,0.0,0.0,0,0.0,0,2,0,0.0,0,0.0,0.0,,,72.0,184.0,22.7848125,0.0,Louisiana State,2018.0,2018.0,ATL,194.0,,0.07692308
2018,17,00-0034411,R.Gage,WR,ATL,TB,0,0,0.0,0,0.0,0.0,0.0,0,0.0,0,2,2,14.0,0,1.4,3.4,,,72.0,184.0,22.7848125,0.0,Louisiana State,2018.0,2018.0,ATL,194.0,,0.046511628
2018,1,00-0034420,J.Thomas,TE,HOU,NE,0,0,0.0,0,0.0,0.0,0.0,0,0.0,0,2,1,27.0,0,2.7,3.7,,,77.0,280.0,22.26435294117647,0.0,Mississippi State,2018.0,2018.0,HOU,211.0,,0.05882353
2018,2,00-0034420,J.Thomas,TE,HOU,TEN,0,0,0.0,0,0.0,0.0,0.0,0,0.0,0,3,0,0.0,0,0.0,0.0,,,77.0,280.0,22.26435294117647,0.0,Mississippi State,2018.0,2018.0,HOU,211.0,,0.09677419
2018,3,00-0034420,J.Thomas,TE,HOU,NYG,0,0,0.0,0,0.0,0.0,0.0,0,0.0,0,2,2,53.0,0,5.3,7.3,,,77.0,280.0,22.26435294117647,0.0,Mississippi State,2018.0,2018.0,HOU,211.0,-5.0,0.05263158
2018,5,00-0034420,J.Thomas,TE,HOU,DAL,0,0,0.0,0,0.0,0.0,0.0,0,0.0,0,1,1,11.0,0,1.1,2.1,,,77.0,280.0,22.26435294117647,0.0,Mississippi State,2018.0,2018.0,HOU,211.0,3.0,0.023255814
2018,7,00-0034420,J.Thomas,TE,HOU,JAX,0,0,0.0,0,0.0,0.0,0.0,0,0.0,0,1,0,0.0,0,0.0,0.0,,,77.0,280.0,22.26435294117647,0.0,Mississippi State,2018.0,2018.0,HOU,211.0,,0.041666668
2018,8,00-0034420,J.Thomas,TE,HOU,MIA,0,0,0.0,0,0.0,0.0,0.0,0,0.0,0,4,4,29.0,2,14.9,18.9,,,77.0,280.0,22.26435294117647,0.0,Mississippi State,2018.0,2018.0,HOU,211.0,19.0,0.2
2018,9,00-0034420,J.Thomas,TE,HOU,DEN,0,0,0.0,0,0.0,0.0,0.0,0,0.0,0,1,1,7.0,1,6.7,7.7,,,77.0,280.0,22.26435294117647,0.0,Mississippi State,2018.0,2018.0,HOU,211.0,,0.04347826
2018,11,00-0034420,J.Thomas,TE,HOU,WAS,0,0,0.0,0,0.0,0.0,0.0,0,0.0,0,1,1,11.0,0,1.1,2.1,,,77.0,280.0,22.26435294117647,0.0,Mississippi State,2018.0,2018.0,HOU,211.0,,0.041666668
2018,12,00-0034420,J.Thomas,TE,HOU,TEN,0,0,0.0,0,0.0,0.0,0.0,0,0.0,0,2,1,6.0,0,0.6,1.6,,,77.0,280.0,22.26435294117647,0.0,Mississippi State,2018.0,2018.0,HOU,211.0,17.0,0.08695652
2018,13,00-0034420,J.Thomas,TE,HOU,CLE,0,0,0.0,0,0.0,0.0,0.0,0,0.0,0,3,3,32.0,1,9.2,12.2,,,77.0,280.0,22.26435294117647,0.0,Mississippi State,2018.0,2018.0,HOU,211.0,16.0,0.10344828
2018,14,00-0034420,J.Thomas,TE,HOU,IND,0,0,0.0,0,0.0,0.0,0.0,0,0.0,0,4,4,31.0,0,3.1,7.1,,,77.0,280.0,22.26435294117647,0.0,Mississippi State,2018.0,2018.0,HOU,211.0,-3.0,0.10526316
2018,15,00-0034420,J.Thomas,TE,HOU,NYJ,0,0,0.0,0,0.0,0.0,0.0,0,0.0,0,1,1,2.0,0,0.2,1.2,,,77.0,280.0,22.26435294117647,0.0,Mississippi State,2018.0,2018.0,HOU,211.0,,0.03846154
2018,16,00-0034420,J.Thomas,TE,HOU,PHI,0,0,0.0,0,0.0,0.0,0.0,0,0.0,0,1,0,0.0,0,0.0,0.0,,,77.0,280.0,22.26435294117647,0.0,Mississippi State,2018.0,2018.0,HOU,211.0,,0.025
2018,17,00-0034420,J.Thomas,TE,HOU,JAX,0,0,0.0,0,0.0,0.0,0.0,0,0.0,0,1,1,6.0,0,0.6,1.6,,,77.0,280.0,22.26435294117647,0.0,Mississippi State,2018.0,2018.0,HOU,211.0,17.0,0.028571429
2018,4,00-0034426,J.Wims,WR,CHI,TB,0,0,0.0,0,0.0,0.0,0.0,0,0.0,0,1,0,0.0,0,0.0,0.0,,,76.0,215.0,24.162235294117647,0.0,Georgia,2018.0,2018.0,CHI,224.0,38.0,0.03846154
2018,17,00-0034426,J.Wims,WR,CHI,MIN,0,0,0.0,0,0.0,0.0,0.0,0,0.0,0,4,4,32.0,0,3.2,7.2,,,76.0,215.0,24.162235294117647,0.0,Georgia,2018.0,2018.0,CHI,224.0,,0.15384616
2018,7,00-0034427,Da.Williams,RB,JAX,HOU,0,0,0.0,0,0.0,0.0,0.0,1,2.0,0,0,0,0.0,0,0.2,0.2,,,72.0,229.0,24.3829375,0.0,Arkansas,2018.0,2018.0,DEN,226.0,-13.0,
2018,15,00-0034427,Da.Williams,RB,JAX,WAS,0,0,0.0,0,0.0,0.0,0.0,5,32.0,0,0,0,0.0,0,3.2,3.2,,,72.0,229.0,24.3829375,0.0,Arkansas,2018.0,2018.0,DEN,226.0,-3.0,
2018,17,00-0034427,Da.Williams,RB,JAX,HOU,0,0,0.0,0,0.0,0.0,0.0,2,2.0,0,0,0,0.0,0,0.2,0.2,,,72.0,229.0,24.3829375,0.0,Arkansas,2018.0,2018.0,DEN,226.0,,
2018,10,00-0034437,L.Cooke,P,JAX,IND,1,1,4.0,0,0.0,0.0,-0.0,0,0.0,0,0,0,0.0,0,0.16,0.16,,,77.0,228.0,23.2711875,0.0,Mississippi State,2018.0,2018.0,JAX,247.0,,
2018,6,00-0034440,J.Jackson,RB,LAC,CLE,0,0,0.0,0,0.0,0.0,0.0,3,4.0,0,1,1,8.0,0,1.2,2.2,,,72.0,190.0,22.555999999999997,0.0,Northwestern,2018.0,2018.0,LAC,251.0,,0.04761905
2018,7,00-0034440,J.Jackson,RB,LAC,TEN,0,0,0.0,0,0.0,0.0,0.0,2,3.0,0,1,1,11.0,0,1.4,2.4,,,72.0,190.0,22.555999999999997,0.0,Northwestern,2018.0,2018.0,LAC,251.0,1.0,0.04
2018,12,00-0034440,J.Jackson,RB,LAC,ARI,0,0,0.0,0,0.0,0.0,0.0,7,57.0,0,0,0,0.0,0,5.7,5.7,,,72.0,190.0,22.555999999999997,0.0,Northwestern,2018.0,2018.0,LAC,251.0,35.0,
2018,13,00-0034440,J.Jackson,RB,LAC,PIT,0,0,0.0,0,0.0,0.0,0.0,8,63.0,1,1,1,19.0,0,14.2,15.2,,,72.0,190.0,22.555999999999997,0.0,Northwestern,2018.0,2018.0,LAC,251.0,,0.027777778
2018,14,00-0034440,J.Jackson,RB,LAC,CIN,0,0,0.0,0,0.0,0.0,0.0,7,12.0,0,2,2,23.0,0,3.5,5.5,,,72.0,190.0,22.555999999999997,0.0,Northwestern,2018.0,2018.0,LAC,251.0,5.0,0.06896552
2018,15,00-0034440,J.Jackson,RB,LAC,KC,0,0,0.0,0,0.0,0.0,0.0,16,58.0,1,4,3,27.0,0,14.5,17.5,,,72.0,190.0,22.555999999999997,0.0,Northwestern,2018.0,2018.0,LAC,251.0,,0.10526316
2018,16,00-0034440,J.Jackson,RB,LAC,BAL,0,0,0.0,0,0.0,0.0,0.0,1,-1.0,0,10,7,47.0,0,4.6,11.6,,,72.0,190.0,22.555999999999997,0.0,Northwestern,2018.0,2018.0,LAC,251.0,-12.0,0.2777778
2018,17,00-0034440,J.Jackson,RB,LAC,DEN,0,0,0.0,0,0.0,0.0,0.0,6,10.0,0,0,0,0.0,0,1.0,1.0,,,72.0,190.0,22.555999999999997,0.0,Northwestern,2018.0,2018.0,LAC,251.0,,
2018,18,00-0034440,J.Jackson,RB,LAC,BAL,0,0,0.0,0,0.0,0.0,0.0,2,5.0,0,0,0,0.0,0,0.5,0.5,,,72.0,190.0,22.555999999999997,0.0,Northwestern,2018.0,2018.0,LAC,251.0,,
2018,19,00-0034440,J.Jackson,RB,LAC,NE,0,0,0.0,0,0.0,0.0,0.0,1,4.0,0,4,3,22.0,0,2.6,5.6,,,72.0,190.0,22.555999999999997,0.0,Northwestern,2018.0,2018.0,LAC,251.0,,0.08510638
2018,3,00-0034457,J.Adams,RB,PHI,IND,0,0,0.0,0,0.0,0.0,0.0,6,30.0,0,0,0,0.0,0,3.0,3.0,,,74.0,217.0,22.034499999999998,0.0,Notre Dame,2018.0,2018.0,,,4.0,
2018,5,00-0034457,J.Adams,RB,PHI,MIN,0,0,0.0,0,0.0,0.0,0.0,1,-1.0,0,0,0,0.0,0,-0.1,-0.1,,,74.0,217.0,22.034499999999998,0.0,Notre Dame,2018.0,2018.0,,,-2.0,
2018,7,00-0034457,J.Adams,RB,PHI,CAR,0,0,0.0,0,0.0,0.0,0.0,4,17.0,0,0,0,0.0,0,1.7,1.7,,,74.0,217.0,22.034499999999998,0.0,Notre Dame,2018.0,2018.0,,,-4.0,
2018,8,00-0034457,J.Adams,RB,PHI,JAX,0,0,0.0,0,0.0,0.0,0.0,9,61.0,0,1,1,6.0,0,6.7,7.7,,,74.0,217.0,22.034499999999998,0.0,Notre Dame,2018.0,2018.0,,,,0.033333335
2018,10,00-0034457,J.Adams,RB,PHI,DAL,0,0,0.0,0,0.0,0.0,0.0,7,47.0,0,0,0,0.0,0,4.7,4.7,,,74.0,217.0,22.034499999999998,0.0,Notre Dame,2018.0,2018.0,,,-7.0,
2018,11,00-0034457,J.Adams,RB,PHI,NO,0,0,0.0,0,0.0,0.0,0.0,7,53.0,1,6,3,19.0,0,13.2,16.2,,,74.0,217.0,22.034499999999998,0.0,Notre Dame,2018.0,2018.0,,,,0.18181819
2018,12,00-0034457,J.Adams,RB,PHI,NYG,0,0,0.0,0,0.0,0.0,0.0,22,84.0,1,1,0,0.0,0,16.4,16.4,,,74.0,217.0,22.034499999999998,0.0,Notre Dame,2018.0,2018.0,,,3.0,0.035714287
2018,13,00-0034457,J.Adams,RB,PHI,WAS,0,0,0.0,0,0.0,0.0,0.0,20,85.0,0,0,0,0.0,0,8.5,8.5,,,74.0,217.0,22.034499999999998,0.0,Notre Dame,2018.0,2018.0,,,15.0,
2018,14,00-0034457,J.Adams,RB,PHI,DAL,0,0,0.0,0,0.0,0.0,0.0,7,36.0,0,0,0,0.0,0,3.6,3.6,,,74.0,217.0,22.034499999999998,0.0,Notre Dame,2018.0,2018.0,,,,
2018,15,00-0034457,J.Adams,RB,PHI,LA,0,0,0.0,0,0.0,0.0,0.0,15,28.0,1,1,0,0.0,0,8.8,8.8,,,74.0,217.0,22.034499999999998,0.0,Notre Dame,2018.0,2018.0,,,,0.032258064
2018,16,00-0034457,J.Adams,RB,PHI,HOU,0,0,0.0,0,0.0,0.0,0.0,11,21.0,0,1,0,0.0,0,0.1,0.1,,,74.0,217.0,22.034499999999998,0.0,Notre Dame,2018.0,2018.0,,,2.0,0.020408163
2018,17,00-0034457,J.Adams,RB,PHI,WAS,0,0,0.0,0,0.0,0.0,0.0,11,50.0,0,3,3,33.0,0,8.3,11.3,,,74.0,217.0,22.034499999999998,0.0,Notre Dame,2018.0,2018.0,,,,0.0882353
2018,18,00-0034457,J.Adams,RB,PHI,CHI,0,0,0.0,0,0.0,0.0,0.0,1,2.0,0,0,0,0.0,0,0.2,0.2,,,74.0,217.0,22.034499999999998,0.0,Notre Dame,2018.0,2018.0,,,,
2018,17,00-0034473,D.Gardeck,OLB,ARI,ARI,0,0,0.0,0,0.0,0.0,0.0,0,0.0,0,0,0,0.0,0,6.0,6.0,,,72.0,205.0,24.237750000000002,0.0,Sioux Falls,2018.0,2018.0,,,,
2018,11,00-0034487,T.Sherfield,WR,ARI,LV,0,0,0.0,0,0.0,0.0,0.0,0,0.0,0,2,1,6.0,0,0.6,1.6,,,73.0,205.0,22.6880625,0.0,Vanderbilt,2018.0,2018.0,,,-2.0,0.10526316
2018,12,00-0034487,T.Sherfield,WR,ARI,LAC,0,0,0.0,0,0.0,0.0,0.0,0,0.0,0,1,1,6.0,0,0.6,1.6,,,73.0,205.0,22.6880625,0.0,Vanderbilt,2018.0,2018.0,,,,0.05882353
2018,13,00-0034487,T.Sherfield,WR,ARI,GB,0,0,0.0,0,0.0,0.0,0.0,0,0.0,0,3,1,21.0,0,2.1,3.1,,,73.0,205.0,22.6880625,0.0,Vanderbilt,2018.0,2018.0,,,,0.125
2018,14,00-0034487,T.Sherfield,WR,ARI,DET,0,0,0.0,0,0.0,0.0,0.0,0,0.0,0,7,5,77.0,0,7.7,12.7,,,73.0,205.0,22.6880625,0.0,Vanderbilt,2018.0,2018.0,,,-14.0,0.17073171
2018,15,00-0034487,T.Sherfield,WR,ARI,ATL,0,0,0.0,0,0.0,0.0,0.0,0,0.0,0,5,3,15.0,1,7.5,10.5,,,73.0,205.0,22.6880625,0.0,Vanderbilt,2018.0,2018.0,,,,0.14285715
2018,16,00-0034487,T.Sherfield,WR,ARI,LA,0,0,0.0,0,0.0,0.0,0.0,0,0.0,0,6,6,62.0,0,6.2,12.2,,,73.0,205.0,22.6880625,0.0,Vanderbilt,2018.0,2018.0,,,-22.0,0.19354838
2018,17,00-0034487,T.Sherfield,WR,ARI,SEA,0,0,0.0,0,0.0,0.0,0.0,0,0.0,0,4,2,23.0,0,2.3,4.3,,,73.0,205.0,22.6880625,0.0,Vanderbilt,2018.0,2018.0,,,,0.121212125
2018,14,00-0034489,J.Tolliver,WR,ARI,DET,0,0,0.0,0,0.0,0.0,0.0,0,0.0,0,2,2,22.0,0,2.2,4.2,,,75.0,210.0,22.8469375,0.0,Arkansas-Monticello,2018.0,2018.0,,,-14.0,0.048780486
2018,15,00-0034489,J.Tolliver,WR,ARI,ATL,0,0,0.0,0,0.0,0.0,0.0,0,0.0,0,1,0,0.0,0,0.0,0.0,,,75.0,210.0,22.8469375,0.0,Arkansas-Monticello,2018.0,2018.0,,,,0.028571429
2018,16,00-0034489,J.Tolliver,WR,ARI,LA,0,0,0.0,0,0.0,0.0,0.0,0,0.0,0,3,1,15.0,0,1.5,2.5,,,75.0,210.0,22.8469375,0.0,Arkansas-Monticello,2018.0,2018.0,,,-22.0,0.09677419
2018,5,00-0034499,J.Davis,WR,NYG,CAR,0,0,0.0,0,0.0,0.0,0.0,0,0.0,0,4,2,27.0,0,2.7,4.7,,,72.0,177.0,23.580875,0.0,Bethune-Cookman,2018.0,2018.0,,,,0.10810811
2018,6,00-0034499,J.Davis,WR,NYG,PHI,0,0,0.0,0,0.0,0.0,0.0,0,0.0,0,2,0,0.0,0,0.0,0.0,,,72.0,177.0,23.580875,0.0,Bethune-Cookman,2018.0,2018.0,,,-21.0,0.046511628
2018,15,00-0034499,J.Davis,WR,NYG,TEN,0,0,0.0,0,0.0,0.0,0.0,0,0.0,0,2,2,13.0,0,1.3,3.3,,,72.0,177.0,23.580875,0.0,Bethune-Cookman,2018.0,2018.0,,,-17.0,0.045454547
2018,15,00-0034509,K.Ford,RB,BUF,DET,0,0,0.0,0,0.0,0.0,0.0,14,46.0,0,1,1,7.0,0,5.3,6.3,,,70.0,219.0,24.545375,0.0,Texas A&M,2018.0,2018.0,,,1.0,0.04347826
2018,16,00-0034509,K.Ford,RB,BUF,NE,0,0,0.0,0,0.0,0.0,0.0,7,33.0,0,4,2,14.0,0,4.7,6.7,,,70.0,219.0,24.545375,0.0,Texas A&M,2018.0,2018.0,,,,0.1
2018,1,00-0034510,R.Foster,WR,BUF,BAL,0,0,0.0,0,0.0,0.0,0.0,0,0.0,0,2,0,0.0,0,0.0,0.0,,,74.0,194.0,24.493375,0.0,Alabama,2018.0,2018.0,,,,0.0625
2018,2,00-0034510,R.Foster,WR,BUF,LAC,0,0,0.0,0,0.0,0.0,0.0,0,0.0,0,3,2,30.0,0,3.0,5.0,,,74.0,194.0,24.493375,0.0,Alabama,2018.0,2018.0,,,-11.0,0.09375
2018,3,00-0034510,R.Foster,WR,BUF,MIN,0,0,0.0,0,0.0,0.0,0.0,0,0.0,0,2,0,0.0,0,0.0,0.0,,,74.0,194.0,24.493375,0.0,Alabama,2018.0,2018.0,,,,0.09090909
2018,4,00-0034510,R.Foster,WR,BUF,GB,0,0,0.0,0,0.0,0.0,0.0,0,0.0,0,2,0,0.0,0,0.0,0.0,,,74.0,194.0,24.493375,0.0,Alabama,2018.0,2018.0,,,,0.060606062
2018,10,00-0034510,R.Foster,WR,BUF,NYJ,0,0,0.0,0,0.0,0.0,0.0,0,0.0,0,4,3,105.0,0,10.5,13.5,,,74.0,194.0,24.493375,0.0,Alabama,2018.0,2018.0,,,,0.15384616
2018,12,00-0034510,R.Foster,WR,BUF,JAX,0,0,0.0,0,0.0,0.0,0.0,0,0.0,0,3,2,94.0,1,15.4,17.4,,,74.0,194.0,24.493375,0.0,Alabama,2018.0,2018.0,,,3.0,0.1764706
2018,13,00-0034510,R.Foster,WR,BUF,MIA,0,0,0.0,0,0.0,0.0,0.0,0,0.0,0,3,1,27.0,0,2.7,3.7,,,74.0,194.0,24.493375,0.0,Alabama,2018.0,2018.0,,,,0.10714286
2018,14,00-0034510,R.Foster,WR,BUF,NYJ,0,0,0.0,0,0.0,0.0,0.0,0,0.0,0,8,7,104.0,0,10.4,17.4,,,74.0,194.0,24.493375,0.0,Alabama,2018.0,2018.0,,,-4.0,0.22857143
2018,15,00-0034510,R.Foster,WR,BUF,DET,0,0,0.0,0,0.0,0.0,0.0,0,0.0,0,5,4,108.0,1,16.8,20.8,,,74.0,194.0,24.493375,0.0,Alabama,2018.0,2018.0,,,1.0,0.2173913
2018,16,00-0034510,R.Foster,WR,BUF,NE,0,0,0.0,0,0.0,0.0,0.0,0,0.0,0,7,4,52.0,0,5.2,9.2,,,74.0,194.0,24.493375,0.0,Alabama,2018.0,2018.0,,,,0.175
2018,17,00-0034510,R.Foster,WR,BUF,MIA,0,0,0.0,0,0.0,0.0,0.0,0,0.0,0,5,4,21.0,1,8.1,12.1,,,74.0,194.0,24.493375,0.0,Alabama,2018.0,2018.0,,,25.0,0.20833333
2018,8,00-0034512,C.Phillips,WR,BUF,NE,0,0,0.0,0,0.0,0.0,0.0,0,0.0,0,1,1,9.0,0,0.9,1.9,,,72.0,201.0,22.8835,0.0,Virginia Tech,2018.0,2018.0,,,-19.0,0.025
2018,17,00-0034521,A.Lazard,WR,GB,DET,0,0,0.0,0,0.0,0.0,0.0,0,0.0,0,1,1,7.0,0,0.7,1.7,,,77.0,227.0,22.8989375,0.0,Iowa State,2018.0,2018.0,,,-31.0,0.027777778
2018,8,00-0034532,J.Franks,TE,CIN,TB,0,0,0.0,0,0.0,0.0,0.0,0,0.0,0,1,1,32.0,0,3.2,4.2,,,76.0,232.0,22.7565625,0.0,Central Florida,2018.0,2018.0,,,3.0,0.03125
2018,11,00-0034532,J.Franks,TE,CIN,BAL,0,0,0.0,0,0.0,0.0,0.0,0,0.0,0,1,1,5.0,0,0.5,1.5,,,76.0,232.0,22.7565625,0.0,Central Florida,2018.0,2018.0,,,,0.027777778
2018,13,00-0034532,J.Franks,TE,CIN,DEN,0,0,0.0,0,0.0,0.0,0.0,0,0.0,0,1,0,0.0,0,0.0,0.0,,,76.0,232.0,22.7565625,0.0,Central Florida,2018.0,2018.0,,,-14.0,0.027777778
2018,2,00-0034560,J.Jones,WR,LAC,BUF,0,0,0.0,0,0.0,0.0,0.0,1,0.0,0,0,0,0.0,0,0.0,0.0,,,70.0,173.0,25.9085,0.0,West Georgia,2018.0,2018.0,,,,
2018,17,00-0034560,J.Jones,WR,NYJ,NE,0,0,0.0,0,0.0,0.0,0.0,0,0.0,0,1,1,3.0,0,0.3,1.3,,,70.0,173.0,25.9085,0.0,West Georgia,2018.0,2018.0,,,,0.035714287
2018,2,00-0034565,D.Newsome,RB,LAC,BUF,0,0,0.0,0,0.0,0.0,0.0,1,0.0,0,0,0,0.0,0,0.0,0.0,,,70.0,210.0,24.686,0.0,Western Carolina,2018.0,2018.0,,,,
2018,12,00-0034565,D.Newsome,RB,LAC,ARI,0,0,0.0,0,0.0,0.0,0.0,4,15.0,0,0,0,0.0,0,1.5,1.5,,,70.0,210.0,24.686,0.0,Western Carolina,2018.0,2018.0,,,35.0,
2018,15,00-0034565,D.Newsome,RB,LAC,KC,0,0,0.0,0,0.0,0.0,0.0,6,34.0,0,2,2,19.0,0,5.3,7.3,,,70.0,210.0,24.686,0.0,Western Carolina,2018.0,2018.0,,,,0.05263158
2018,16,00-0034577,K.Allen,QB,CAR,ATL,4,4,38.0,0,0.0,0.0,-0.0,0,0.0,0,0,0,0.0,0,1.52,1.52,,,75.0,210.0,22.664,0.0,Houston,2018.0,2018.0,,,-14.0,
2018,17,00-0034577,K.Allen,QB,CAR,NO,16,27,228.0,2,0.0,0.0,-0.0,5,19.0,1,0,0,0.0,0,25.02,25.02,,,75.0,210.0,22.664,0.0,Houston,2018.0,2018.0,,,,
2018,17,00-0034593,C.Lacy,WR,DET,GB,0,0,0.0,0,0.0,0.0,0.0,0,0.0,0,1,0,0.0,0,0.0,0.0,,,75.0,205.0,22.7711875,0.0,Oklahoma State,2018.0,2018.0,,,,0.030303031
2018,1,00-0034621,S.Wilson,RB,TB,NO,0,0,0.0,0,0.0,0.0,0.0,1,6.0,0,0,0,0.0,0,0.6,0.6,,,69.0,185.0,22.9290625,0.0,Duke,2018.0,2018.0,,,,
2018,2,00-0034621,S.Wilson,RB,TB,PHI,0,0,0.0,0,0.0,0.0,0.0,1,9.0,0,0,0,0.0,0,0.9,0.9,,,69.0,185.0,22.9290625,0.0,Duke,2018.0,2018.0,,,6.0,
2018,3,00-0034621,S.Wilson,RB,TB,PIT,0,0,0.0,0,0.0,0.0,0.0,0,0.0,0,2,2,9.0,0,0.9,2.9,,,69.0,185.0,22.9290625,0.0,Duke,2018.0,2018.0,,,-3.0,0.04
2018,9,00-0034621,S.Wilson,RB,TB,CAR,0,0,0.0,0,0.0,0.0,0.0,2,7.0,0,0,0,0.0,0,0.7,0.7,,,69.0,185.0,22.9290625,0.0,Duke,2018.0,2018.0,,,,
2018,10,00-0034621,S.Wilson,RB,TB,WAS,0,0,0.0,0,0.0,0.0,0.0,2,7.0,0,3,1,-4.0,0,0.3,1.3,,,69.0,185.0,22.9290625,0.0,Duke,2018.0,2018.0,,,-13.0,0.07317073
2018,1,00-0034631,V.Smith,WR,HOU,NE,0,0,0.0,0,0.0,0.0,0.0,0,0.0,0,2,0,0.0,0,0.0,0.0,,,75.0,195.0,22.412235294117647,0.0,Limestone,2018.0,2018.0,,,,0.05882353
2018,3,00-0034631,V.Smith,WR,HOU,NYG,0,0,0.0,0,0.0,0.0,0.0,0,0.0,0,2,1,28.0,0,2.8,3.8,,,75.0,195.0,22.412235294117647,0.0,Limestone,2018.0,2018.0,,,-5.0,0.05263158
2018,16,00-0034631,V.Smith,WR,HOU,PHI,0,0,0.0,0,0.0,0.0,0.0,0,0.0,0,1,1,35.0,1,9.5,10.5,,,75.0,195.0,22.412235294117647,0.0,Limestone,2018.0,2018.0,,,,0.025
2018,17,00-0034631,V.Smith,WR,HOU,JAX,0,0,0.0,0,0.0,0.0,0.0,0,0.0,0,5,3,28.0,0,2.8,5.8,,,75.0,195.0,22.412235294117647,0.0,Limestone,2018.0,2018.0,,,17.0,0.14285715
2018,18,00-0034631,V.Smith,WR,HOU,IND,0,0,0.0,0,0.0,0.0,0.0,0,0.0,0,2,0,0.0,0,0.0,0.0,,,75.0,195.0,22.412235294117647,0.0,Limestone,2018.0,2018.0,,,-14.0,0.04255319
2018,10,00-0034646,B.Powell,WR,DET,CHI,0,0,0.0,0,0.0,0.0,0.0,0,0.0,0,3,1,6.0,0,0.6,1.6,,,68.0,189.0,23.1490625,0.0,Florida,2018.0,2018.0,,,,0.071428575
2018,15,00-0034646,B.Powell,WR,DET,BUF,0,0,0.0,0,0.0,0.0,0.0,1,4.0,0,3,3,11.0,0,1.5,4.5,,,68.0,189.0,23.1490625,0.0,Florida,2018.0,2018.0,,,,0.10714286
2018,16,00-0034646,B.Powell,WR,DET,MIN,0,0,0.0,0,0.0,0.0,0.0,0,0.0,0,2,1,9.0,0,0.9,1.9,,,68.0,189.0,23.1490625,0.0,Florida,2018.0,2018.0,,,-18.0,0.04761905
2018,17,00-0034646,B.Powell,WR,DET,GB,0,0,0.0,0,0.0,0.0,0.0,0,0.0,0,9,6,103.0,0,10.3,16.3,,,68.0,189.0,23.1490625,0.0,Florida,2018.0,2018.0,,,,0.27272728
2018,7,00-0034652,C.Batson,WR,TEN,LAC,0,0,0.0,0,0.0,0.0,0.0,0,0.0,0,1,1,0.0,0,0.0,1.0,,,68.0,175.0,22.8755,0.0,Texas Tech,2018.0,2018.0,,,,0.03125
2018,9,00-0034652,C.Batson,WR,TEN,DAL,0,0,0.0,0,0.0,0.0,0.0,0,0.0,0,3,2,21.0,0,2.1,4.1,,,68.0,175.0,22.8755,0.0,Texas Tech,2018.0,2018.0,,,,0.11111111
2018,10,00-0034652,C.Batson,WR,TEN,NE,0,0,0.0,0,0.0,0.0,0.0,0,0.0,0,3,2,36.0,0,3.6,5.6,,,68.0,175.0,22.8755,0.0,Texas Tech,2018.0,2018.0,,,24.0,0.125
2018,11,00-0034652,C.Batson,WR,TEN,IND,0,0,0.0,0,0.0,0.0,0.0,1,1.0,0,1,1,5.0,0,0.6,1.6,,,68.0,175.0,22.8755,0.0,Texas Tech,2018.0,2018.0,,,,0.03448276
2018,12,00-0034652,C.Batson,WR,TEN,HOU,0,0,0.0,0,0.0,0.0,0.0,0,0.0,0,1,1,13.0,0,1.3,2.3,,,68.0,175.0,22.8755,0.0,Texas Tech,2018.0,2018.0,,,,0.04347826
2018,13,00-0034652,C.Batson,WR,TEN,NYJ,0,0,0.0,0,0.0,0.0,0.0,0,0.0,0,2,1,7.0,0,0.7,1.7,,,68.0,175.0,22.8755,0.0,Texas Tech,2018.0,2018.0,,,4.0,0.060606062
2018,7,00-0034653,D.Burnett,WR,NYJ,MIN,0,0,0.0,0,0.0,0.0,0.0,0,0.0,0,2,1,9.0,0,0.9,1.9,,,72.0,172.0,21.0813125,0.0,Southern California,2018.0,2018.0,,,-20.0,0.04761905
2018,8,00-0034653,D.Burnett,WR,NYJ,CHI,0,0,0.0,0,0.0,0.0,0.0,0,0.0,0,4,4,61.0,0,6.1,10.1,,,72.0,172.0,21.0813125,0.0,Southern California,2018.0,2018.0,,,,0.16
2018,9,00-0034653,D.Burnett,WR,NYJ,MIA,0,0,0.0,0,0.0,0.0,0.0,0,0.0,0,2,0,0.0,0,0.0,0.0,,,72.0,172.0,21.0813125,0.0,Southern California,2018.0,2018.0,,,,0.05263158
2018,16,00-0034653,D.Burnett,WR,NYJ,GB,0,0,0.0,0,0.0,0.0,0.0,0,0.0,0,2,0,0.0,0,0.0,0.0,,,72.0,172.0,21.0813125,0.0,Southern California,2018.0,2018.0,,,-6.0,0.05882353
2018,17,00-0034653,D.Burnett,WR,NYJ,NE,0,0,0.0,0,0.0,0.0,0.0,0,0.0,0,5,5,73.0,0,7.3,12.3,,,72.0,172.0,21.0813125,0.0,Southern California,2018.0,2018.0,,,,0.17857143
2018,2,00-0034676,J.Washington,WR,PIT,KC,0,0,0.0,0,0.0,0.0,0.0,0,0.0,0,5,1,14.0,1,7.4,8.4,,,71.0,205.0,22.592125,0.0,Oklahoma State,2018.0,2018.0,PIT,60.0,-5.0,0.083333336
2018,3,00-0034676,J.Washington,WR,PIT,TB,0,0,0.0,0,0.0,0.0,0.0,0,0.0,0,2,2,25.0,0,2.5,4.5,,,71.0,205.0,22.592125,0.0,Oklahoma State,2018.0,2018.0,PIT,60.0,,0.054054055
2018,4,00-0034676,J.Washington,WR,PIT,BAL,0,0,0.0,0,0.0,0.0,0.0,0,0.0,0,4,2,10.0,0,1.0,3.0,,,71.0,205.0,22.592125,0.0,Oklahoma State,2018.0,2018.0,PIT,60.0,-12.0,0.08695652
2018,5,00-0034676,J.Washington,WR,PIT,ATL,0,0,0.0,0,0.0,0.0,0.0,0,0.0,0,2,0,0.0,0,0.0,0.0,,,71.0,205.0,22.592125,0.0,Oklahoma State,2018.0,2018.0,PIT,60.0,24.0,0.06896552
2018,6,00-0034676,J.Washington,WR,PIT,CIN,0,0,0.0,0,0.0,0.0,0.0,0,0.0,0,1,0,0.0,0,0.0,0.0,,,71.0,205.0,22.592125,0.0,Oklahoma State,2018.0,2018.0,PIT,60.0,,0.022222223
2018,9,00-0034676,J.Washington,WR,PIT,BAL,0,0,0.0,0,0.0,0.0,0.0,0,0.0,0,5,2,17.0,0,1.7,3.7,,,71.0,205.0,22.592125,0.0,Oklahoma State,2018.0,2018.0,PIT,60.0,,0.10869565
2018,11,00-0034676,J.Washington,WR,PIT,JAX,0,0,0.0,0,0.0,0.0,0.0,0,0.0,0,3,1,11.0,0,1.1,2.1,,,71.0,205.0,22.592125,0.0,Oklahoma State,2018.0,2018.0,PIT,60.0,,0.06666667
2018,12,00-0034676,J.Washington,WR,PIT,DEN,0,0,0.0,0,0.0,0.0,0.0,0,0.0,0,3,0,0.0,0,0.0,0.0,,,71.0,205.0,22.592125,0.0,Oklahoma State,2018.0,2018.0,PIT,60.0,,0.05172414
2018,14,00-0034676,J.Washington,WR,PIT,LV,0,0,0.0,0,0.0,0.0,0.0,0,0.0,0,4,2,11.0,0,1.1,3.1,,,71.0,205.0,22.592125,0.0,Oklahoma State,2018.0,2018.0,PIT,60.0,,0.10810811
2018,15,00-0034676,J.Washington,WR,PIT,NE,0,0,0.0,0,0.0,0.0,0.0,0,0.0,0,4,3,65.0,0,6.5,9.5,,,71.0,205.0,22.592125,0.0,Oklahoma State,2018.0,2018.0,PIT,60.0,7.0,0.121212125
2018,16,00-0034676,J.Washington,WR,PIT,NO,0,0,0.0,0,0.0,0.0,0.0,0,0.0,0,2,0,0.0,0,0.0,0.0,,,71.0,205.0,22.592125,0.0,Oklahoma State,2018.0,2018.0,PIT,60.0,,0.040816326
2018,17,00-0034676,J.Washington,WR,PIT,CIN,0,0,0.0,0,0.0,0.0,0.0,0,0.0,0,3,3,64.0,0,6.4,9.4,,,71.0,205.0,22.592125,0.0,Oklahoma State,2018.0,2018.0,PIT,60.0,3.0,0.06666667
2018,4,00-0034679,M.Walton,HB,CIN,ATL,0,0,0.0,0,0.0,0.0,0.0,5,9.0,0,4,2,28.0,0,3.7,5.7,,,70.0,205.0,21.6010625,0.0,Miami (Fla.),2018.0,2018.0,CIN,112.0,,0.09756097
2018,5,00-0034679,M.Walton,HB,CIN,MIA,0,0,0.0,0,0.0,0.0,0.0,0,0.0,0,3,2,3.0,0,0.3,2.3,,,70.0,205.0,21.6010625,0.0,Miami (Fla.),2018.0,2018.0,CIN,112.0,10.0,0.1
2018,6,00-0034679,M.Walton,HB,CIN,PIT,0,0,0.0,0,0.0,0.0,0.0,2,-2.0,0,0,0,0.0,0,-0.2,-0.2,,,70.0,205.0,21.6010625,0.0,Miami (Fla.),2018.0,2018.0,CIN,112.0,-7.0,
2018,7,00-0034679,M.Walton,HB,CIN,KC,0,0,0.0,0,0.0,0.0,0.0,4,10.0,0,0,0,0.0,0,1.0,1.0,,,70.0,205.0,21.6010625,0.0,Miami (Fla.),2018.0,2018.0,CIN,112.0,,
2018,8,00-0034679,M.Walton,HB,CIN,TB,0,0,0.0,0,0.0,0.0,0.0,2,7.0,0,1,1,10.0,0,1.7,2.7,,,70.0,205.0,21.6010625,0.0,Miami (Fla.),2018.0,2018.0,CIN,112.0,3.0,0.03125
2018,13,00-0034679,M.Walton,HB,CIN,DEN,0,0,0.0,0,0.0,0.0,0.0,1,10.0,0,0,0,0.0,0,1.0,1.0,,,70.0,205.0,21.6010625,0.0,Miami (Fla.),2018.0,2018.0,CIN,112.0,-14.0,
2018,1,00-0034681,C.Edmonds,RB,ARI,WAS,0,0,0.0,0,0.0,0.0,0.0,4,24.0,0,4,4,24.0,0,4.8,8.8,,,69.0,210.0,22.559375,0.0,Fordham,2018.0,2018.0,ARI,134.0,-18.0,0.11764706
2018,2,00-0034681,C.Edmonds,RB,ARI,LA,0,0,0.0,0,0.0,0.0,0.0,1,5.0,0,5,5,15.0,0,2.0,7.0,,,69.0,210.0,22.559375,0.0,Fordham,2018.0,2018.0,ARI,134.0,,0.18518518
2018,3,00-0034681,C.Edmonds,RB,ARI,CHI,0,0,0.0,0,0.0,0.0,0.0,5,10.0,0,0,0,0.0,0,1.0,1.0,,,69.0,210.0,22.559375,0.0,Fordham,2018.0,2018.0,ARI,134.0,-2.0,
2018,4,00-0034681,C.Edmonds,RB,ARI,SEA,0,0,0.0,0,0.0,0.0,0.0,3,1.0,0,0,0,0.0,0,0.1,0.1,,,69.0,210.0,22.559375,0.0,Fordham,2018.0,2018.0,ARI,134.0,-3.0,
2018,5,00-0034681,C.Edmonds,RB,ARI,SF,0,0,0.0,0,0.0,0.0,0.0,1,-1.0,0,1,0,0.0,0,-0.1,-0.1,,,69.0,210.0,22.559375,0.0,Fordham,2018.0,2018.0,ARI,134.0,,0.04347826
2018,6,00-0034681,C.Edmonds,RB,ARI,MIN,0,0,0.0,0,0.0,0.0,0.0,1,4.0,0,0,0,0.0,0,0.4,0.4,,,69.0,210.0,22.559375,0.0,Fordham,2018.0,2018.0,ARI,134.0,,
2018,7,00-0034681,C.Edmonds,RB,ARI,DEN,0,0,0.0,0,0.0,0.0,0.0,5,9.0,0,3,3,12.0,0,2.1,5.1,,,69.0,210.0,22.559375,0.0,Fordham,2018.0,2018.0,ARI,134.0,-35.0,0.083333336
2018,8,00-0034681,C.Edmonds,RB,ARI,SF,0,0,0.0,0,0.0,0.0,0.0,2,9.0,0,2,1,12.0,0,2.1,3.1,,,69.0,210.0,22.559375,0.0,Fordham,2018.0,2018.0,ARI,134.0,3.0,0.057142857
2018,10,00-0034681,C.Edmonds,RB,ARI,KC,0,0,0.0,0,0.0,0.0,0.0,2,7.0,0,0,0,0.0,0,0.7,0.7,,,69.0,210.0,22.559375,0.0,Fordham,2018.0,2018.0,ARI,134.0,,
2018,11,00-0034681,C.Edmonds,RB,ARI,LV,0,0,0.0,0,0.0,0.0,0.0,5,17.0,0,0,0,0.0,0,1.7,1.7,,,69.0,210.0,22.559375,0.0,Fordham,2018.0,2018.0,ARI,134.0,-2.0,
2018,12,00-0034681,C.Edmonds,RB,ARI,LAC,0,0,0.0,0,0.0,0.0,0.0,5,0.0,0,0,0,0.0,0,0.0,0.0,,,69.0,210.0,22.559375,0.0,Fordham,2018.0,2018.0,ARI,134.0,,
2018,13,00-0034681,C.Edmonds,RB,ARI,GB,0,0,0.0,0,0.0,0.0,0.0,5,53.0,2,2,2,13.0,0,18.6,20.6,,,69.0,210.0,22.559375,0.0,Fordham,2018.0,2018.0,ARI,134.0,,0.083333336
2018,14,00-0034681,C.Edmonds,RB,ARI,DET,0,0,0.0,0,0.0,0.0,0.0,3,14.0,0,0,0,0.0,0,1.4,1.4,,,69.0,210.0,22.559375,0.0,Fordham,2018.0,2018.0,ARI,134.0,-14.0,
2018,15,00-0034681,C.Edmonds,RB,ARI,ATL,0,0,0.0,0,0.0,0.0,0.0,8,22.0,0,2,2,22.0,0,4.4,6.4,,,69.0,210.0,22.559375,0.0,Fordham,2018.0,2018.0,ARI,134.0,,0.057142857
2018,16,00-0034681,C.Edmonds,RB,ARI,LA,0,0,0.0,0,0.0,0.0,0.0,4,20.0,0,2,1,1.0,0,2.1,3.1,,,69.0,210.0,22.559375,0.0,Fordham,2018.0,2018.0,ARI,134.0,-22.0,0.06451613
2018,17,00-0034681,C.Edmonds,RB,ARI,SEA,0,0,0.0,0,0.0,0.0,0.0,6,14.0,0,2,2,4.0,0,1.8,3.8,,,69.0,210.0,22.559375,0.0,Fordham,2018.0,2018.0,ARI,134.0,,0.060606062
2018,10,00-0034684,J.Townsend,P,LV,LAC,0,0,0.0,0,0.0,0.0,0.0,1,42.0,0,0,0,0.0,0,4.2,4.2,,,73.0,202.0,23.7230625,0.0,Florida,2018.0,2018.0,OAK,173.0,,
2018,10,00-0034686,A.Tate,WR,CIN,NO,0,0,0.0,0,0.0,0.0,0.0,0,0.0,0,1,0,0.0,0,0.0,0.0,,,77.0,228.0,21.7489375,0.0,Florida State,2018.0,2018.0,CIN,253.0,-37.0,0.045454547
2018,11,00-0034686,A.Tate,WR,CIN,BAL,0,0,0.0,0,0.0,0.0,0.0,0,0.0,0,1,1,5.0,0,0.5,1.5,,,77.0,228.0,21.7489375,0.0,Florida State,2018.0,2018.0,CIN,253.0,,0.027777778
2018,12,00-0034686,A.Tate,WR,CIN,CLE,0,0,0.0,0,0.0,0.0,0.0,0,0.0,0,7,2,15.0,0,1.5,3.5,,,77.0,228.0,21.7489375,0.0,Florida State,2018.0,2018.0,CIN,253.0,-15.0,0.15555556
2018,17,00-0034686,A.Tate,WR,CIN,PIT,0,0,0.0,0,0.0,0.0,0.0,0,0.0,0,3,1,15.0,0,1.5,2.5,,,77.0,228.0,21.7489375,0.0,Florida State,2018.0,2018.0,CIN,253.0,,0.13043478
2018,17,00-0034710,D.Kidsy,WR,WAS,PHI,0,0,0.0,0,0.0,0.0,0.0,0,0.0,0,2,1,8.0,0,0.8,1.8,,,72.0,180.0,23.636,0.0,Texas Southern,2018.0,2018.0,,,-24.0,0.074074075
2018,1,00-0034721,C.Bojorquez,P,BUF,BAL,0,0,0.0,0,0.0,0.0,0.0,1,0.0,0,0,0,0.0,0,0.0,0.0,,,72.0,200.0,22.1388125,0.0,New Mexico,2018.0,2018.0,,,,
2018,5,00-0034721,C.Bojorquez,P,BUF,TEN,0,1,0.0,0,0.0,0.0,-0.0,0,0.0,0,0,0,0.0,0,0.0,0.0,,,72.0,200.0,22.1388125,0.0,New Mexico,2018.0,2018.0,,,1.0,
2018,11,00-0034747,M.Ateman,WR,LV,ARI,0,0,0.0,0,0.0,0.0,0.0,0,0.0,0,5,4,50.0,0,5.0,9.0,,,76.0,220.0,24.1363125,0.0,Oklahoma State,2018.0,2018.0,OAK,228.0,,0.17857143
2018,12,00-0034747,M.Ateman,WR,LV,BAL,0,0,0.0,0,0.0,0.0,0.0,0,0.0,0,10,3,16.0,0,1.6,4.6,,,76.0,220.0,24.1363125,0.0,Oklahoma State,2018.0,2018.0,OAK,228.0,,0.3030303
2018,13,00-0034747,M.Ateman,WR,LV,KC,0,0,0.0,0,0.0,0.0,0.0,0,0.0,0,4,2,16.0,1,7.6,9.6,,,76.0,220.0,24.1363125,0.0,Oklahoma State,2018.0,2018.0,OAK,228.0,,0.10810811
2018,14,00-0034747,M.Ateman,WR,LV,PIT,0,0,0.0,0,0.0,0.0,0.0,0,0.0,0,4,3,45.0,0,4.5,7.5,,,76.0,220.0,24.1363125,0.0,Oklahoma State,2018.0,2018.0,OAK,228.0,,0.125
2018,15,00-0034747,M.Ateman,WR,LV,CIN,0,0,0.0,0,0.0,0.0,0.0,0,0.0,0,5,2,20.0,0,2.0,4.0,,,76.0,220.0,24.1363125,0.0,Oklahoma State,2018.0,2018.0,OAK,228.0,,0.15151516
2018,17,00-0034747,M.Ateman,WR,LV,KC,0,0,0.0,0,0.0,0.0,0.0,0,0.0,0,3,1,7.0,0,0.7,1.7,,,76.0,220.0,24.1363125,0.0,Oklahoma State,2018.0,2018.0,OAK,228.0,,0.09375
2018,1,00-0034750,R.Penny,RB,SEA,DEN,0,0,0.0,0,0.0,0.0,0.0,7,8.0,0,5,4,35.0,0,4.3,8.3,,,71.0,220.0,22.766294117647057,0.0,San Diego State,2018.0,2018.0,SEA,27.0,,0.15151516
2018,2,00-0034750,R.Penny,RB,SEA,CHI,0,0,0.0,0,0.0,0.0,0.0,10,30.0,0,2,0,0.0,0,3.0,3.0,,,71.0,220.0,22.766294117647057,0.0,San Diego State,2018.0,2018.0,SEA,27.0,,0.060606062
2018,3,00-0034750,R.Penny,RB,SEA,DAL,0,0,0.0,0,0.0,0.0,0.0,3,5.0,0,0,0,0.0,0,0.5,0.5,,,71.0,220.0,22.766294117647057,0.0,San Diego State,2018.0,2018.0,SEA,27.0,11.0,
2018,4,00-0034750,R.Penny,RB,SEA,ARI,0,0,0.0,0,0.0,0.0,0.0,9,49.0,0,0,0,0.0,0,4.9,4.9,,,71.0,220.0,22.766294117647057,0.0,San Diego State,2018.0,2018.0,SEA,27.0,,
2018,6,00-0034750,R.Penny,RB,SEA,LV,0,0,0.0,0,0.0,0.0,0.0,9,43.0,0,2,2,27.0,0,7.0,9.0,,,71.0,220.0,22.766294117647057,0.0,San Diego State,2018.0,2018.0,SEA,27.0,,0.08695652
2018,9,00-0034750,R.Penny,RB,SEA,LAC,0,0,0.0,0,0.0,0.0,0.0,4,11.0,0,3,3,13.0,0,2.4,5.4,,,71.0,220.0,22.766294117647057,0.0,San Diego State,2018.0,2018.0,SEA,27.0,-8.0,0.08108108
2018,10,00-0034750,R.Penny,RB,SEA,LA,0,0,0.0,0,0.0,0.0,0.0,12,108.0,1,0,0,0.0,0,16.8,16.8,,,71.0,220.0,22.766294117647057,0.0,San Diego State,2018.0,2018.0,SEA,27.0,,
2018,11,00-0034750,R.Penny,RB,SEA,GB,0,0,0.0,0,0.0,0.0,0.0,8,46.0,0,0,0,0.0,0,4.6,4.6,,,71.0,220.0,22.766294117647057,0.0,San Diego State,2018.0,2018.0,SEA,27.0,3.0,
2018,12,00-0034750,R.Penny,RB,SEA,CAR,0,0,0.0,0,0.0,0.0,0.0,4,4.0,0,0,0,0.0,0,0.4,0.4,,,71.0,220.0,22.766294117647057,0.0,San Diego State,2018.0,2018.0,SEA,27.0,,
2018,13,00-0034750,R.Penny,RB,SEA,SF,0,0,0.0,0,0.0,0.0,0.0,7,65.0,1,0,0,0.0,0,12.5,12.5,,,71.0,220.0,22.766294117647057,0.0,San Diego State,2018.0,2018.0,SEA,27.0,27.0,
2018,14,00-0034750,R.Penny,RB,SEA,MIN,0,0,0.0,0,0.0,0.0,0.0,8,44.0,0,0,0,0.0,0,4.4,4.4,,,71.0,220.0,22.766294117647057,0.0,San Diego State,2018.0,2018.0,SEA,27.0,14.0,
2018,17,00-0034750,R.Penny,RB,SEA,ARI,0,0,0.0,0,0.0,0.0,0.0,4,6.0,0,0,0,0.0,0,0.6,0.6,,,71.0,220.0,22.766294117647057,0.0,San Diego State,2018.0,2018.0,SEA,27.0,3.0,
2018,18,00-0034750,R.Penny,RB,SEA,DAL,0,0,0.0,0,0.0,0.0,0.0,4,29.0,0,0,0,0.0,0,2.9,2.9,,,71.0,220.0,22.766294117647057,0.0,San Diego State,2018.0,2018.0,SEA,27.0,,
2018,2,00-0034751,J.Jackson,CB,GB,GB,0,0,0.0,0,0.0,0.0,0.0,0,0.0,0,0,0,0.0,0,6.0,6.0,,,72.0,192.0,22.58925,0.0,Iowa,2018.0,2018.0,GB,45.0,0.0,
2018,1,00-0034753,M.Andrews,TE,BAL,BUF,0,0,0.0,0,0.0,0.0,0.0,0,0.0,0,4,3,31.0,0,3.1,6.1,,,76.0,255.0,23.17070588235294,0.0,Oklahoma,2018.0,2018.0,BAL,86.0,44.0,0.10810811
2018,2,00-0034753,M.Andrews,TE,BAL,CIN,0,0,0.0,0,0.0,0.0,0.0,0,0.0,0,4,3,17.0,1,7.7,10.7,,,76.0,255.0,23.17070588235294,0.0,Oklahoma,2018.0,2018.0,BAL,86.0,,0.0754717
2018,3,00-0034753,M.Andrews,TE,BAL,DEN,0,0,0.0,0,0.0,0.0,0.0,0,0.0,0,3,2,59.0,0,5.9,7.9,,,76.0,255.0,23.17070588235294,0.0,Oklahoma,2018.0,2018.0,BAL,86.0,13.0,0.078947365
2018,4,00-0034753,M.Andrews,TE,BAL,PIT,0,0,0.0,0,0.0,0.0,0.0,0,0.0,0,2,2,12.0,0,1.2,3.2,,,76.0,255.0,23.17070588235294,0.0,Oklahoma,2018.0,2018.0,BAL,86.0,,0.05
2018,5,00-0034753,M.Andrews,TE,BAL,CLE,0,0,0.0,0,0.0,0.0,0.0,0,0.0,0,3,1,16.0,0,1.6,2.6,,,76.0,255.0,23.17070588235294,0.0,Oklahoma,2018.0,2018.0,BAL,86.0,,0.05263158
2018,6,00-0034753,M.Andrews,TE,BAL,TEN,0,0,0.0,0,0.0,0.0,0.0,0,0.0,0,4,2,20.0,0,2.0,4.0,,,76.0,255.0,23.17070588235294,0.0,Oklahoma,2018.0,2018.0,BAL,86.0,,0.10810811
2018,7,00-0034753,M.Andrews,TE,BAL,NO,0,0,0.0,0,0.0,0.0,0.0,0,0.0,0,1,1,8.0,1,6.8,7.8,,,76.0,255.0,23.17070588235294,0.0,Oklahoma,2018.0,2018.0,BAL,86.0,-1.0,0.027027028
2018,8,00-0034753,M.Andrews,TE,BAL,CAR,0,0,0.0,0,0.0,0.0,0.0,0,0.0,0,5,4,31.0,0,3.1,7.1,,,76.0,255.0,23.17070588235294,0.0,Oklahoma,2018.0,2018.0,BAL,86.0,,0.11363637
2018,9,00-0034753,M.Andrews,TE,BAL,PIT,0,0,0.0,0,0.0,0.0,0.0,0,0.0,0,6,3,50.0,0,5.0,8.0,,,76.0,255.0,23.17070588235294,0.0,Oklahoma,2018.0,2018.0,BAL,86.0,-7.0,0.16216215
2018,11,00-0034753,M.Andrews,TE,BAL,CIN,0,0,0.0,0,0.0,0.0,0.0,0,0.0,0,1,1,19.0,0,1.9,2.9,,,76.0,255.0,23.17070588235294,0.0,Oklahoma,2018.0,2018.0,BAL,86.0,3.0,0.055555556
2018,12,00-0034753,M.Andrews,TE,BAL,LV,0,0,0.0,0,0.0,0.0,0.0,0,0.0,0,1,1,74.0,0,7.4,8.4,,,76.0,255.0,23.17070588235294,0.0,Oklahoma,2018.0,2018.0,BAL,86.0,17.0,0.041666668
2018,13,00-0034753,M.Andrews,TE,BAL,ATL,0,0,0.0,0,0.0,0.0,0.0,0,0.0,0,3,3,47.0,0,4.7,7.7,,,76.0,255.0,23.17070588235294,0.0,Oklahoma,2018.0,2018.0,BAL,86.0,,0.12
2018,14,00-0034753,M.Andrews,TE,BAL,KC,0,0,0.0,0,0.0,0.0,0.0,0,0.0,0,2,0,0.0,0,0.0,0.0,,,76.0,255.0,23.17070588235294,0.0,Oklahoma,2018.0,2018.0,BAL,86.0,,0.07692308
2018,15,00-0034753,M.Andrews,TE,BAL,TB,0,0,0.0,0,0.0,0.0,0.0,0,0.0,0,4,2,31.0,0,3.1,5.1,,,76.0,255.0,23.17070588235294,0.0,Oklahoma,2018.0,2018.0,BAL,86.0,8.0,0.1904762
2018,16,00-0034753,M.Andrews,TE,BAL,LAC,0,0,0.0,0,0.0,0.0,0.0,0,0.0,0,2,2,83.0,1,14.3,16.3,,,76.0,255.0,23.17070588235294,0.0,Oklahoma,2018.0,2018.0,BAL,86.0,,0.09090909
2018,17,00-0034753,M.Andrews,TE,BAL,CLE,0,0,0.0,0,0.0,0.0,0.0,0,0.0,0,5,4,54.0,0,5.4,9.4,,,76.0,255.0,23.17070588235294,0.0,Oklahoma,2018.0,2018.0,BAL,86.0,2.0,0.2173913
2018,18,00-0034753,M.Andrews,TE,BAL,LAC,0,0,0.0,0,0.0,0.0,0.0,0,0.0,0,7,3,31.0,0,3.1,6.1,,,76.0,255.0,23.17070588235294,0.0,Oklahoma,2018.0,2018.0,BAL,86.0,-6.0,0.26923078
2018,1,00-0034764,M.Gallup,WR,DAL,CAR,0,0,0.0,0,0.0,0.0,0.0,0,0.0,0,1,1,9.0,0,0.9,1.9,,,73.0,200.0,22.689666666666668,0.0,Colorado State,2018.0,2018.0,DAL,81.0,,0.03448276
2018,2,00-0034764,M.Gallup,WR,DAL,NYG,0,0,0.0,0,0.0,0.0,0.0,0,0.0,0,2,1,5.0,0,0.5,1.5,,,73.0,200.0,22.689666666666668,0.0,Colorado State,2018.0,2018.0,DAL,81.0,7.0,0.08695652
2018,3,00-0034764,M.Gallup,WR,DAL,SEA,0,0,0.0,0,0.0,0.0,0.0,0,0.0,0,4,1,17.0,0,1.7,2.7,,,73.0,200.0,22.689666666666668,0.0,Colorado State,2018.0,2018.0,DAL,81.0,,0.11764706
2018,4,00-0034764,M.Gallup,WR,DAL,DET,0,0,0.0,0,0.0,0.0,0.0,0,0.0,0,5,2,45.0,0,4.5,6.5,,,73.0,200.0,22.689666666666668,0.0,Colorado State,2018.0,2018.0,DAL,81.0,2.0,0.18518518
2018,5,00-0034764,M.Gallup,WR,DAL,HOU,0,0,0.0,0,0.0,0.0,0.0,0,0.0,0,3,1,6.0,0,0.6,1.6,,,73.0,200.0,22.689666666666668,0.0,Colorado State,2018.0,2018.0,DAL,81.0,,0.10714286
2018,6,00-0034764,M.Gallup,WR,DAL,JAX,0,0,0.0,0,0.0,0.0,0.0,0,0.0,0,2,1,27.0,0,2.7,3.7,,,73.0,200.0,22.689666666666668,0.0,Colorado State,2018.0,2018.0,DAL,81.0,33.0,0.07692308
2018,7,00-0034764,M.Gallup,WR,DAL,WAS,0,0,0.0,0,0.0,0.0,0.0,0,0.0,0,5,3,81.0,1,14.1,17.1,,,73.0,200.0,22.689666666666668,0.0,Colorado State,2018.0,2018.0,DAL,81.0,,0.14285715
2018,9,00-0034764,M.Gallup,WR,DAL,TEN,0,0,0.0,0,0.0,0.0,0.0,0,0.0,0,6,3,51.0,0,5.1,8.1,,,73.0,200.0,22.689666666666668,0.0,Colorado State,2018.0,2018.0,DAL,81.0,-14.0,0.19354838
2018,10,00-0034764,M.Gallup,WR,DAL,PHI,0,0,0.0,0,0.0,0.0,0.0,0,0.0,0,3,2,34.0,0,3.4,5.4,,,73.0,200.0,22.689666666666668,0.0,Colorado State,2018.0,2018.0,DAL,81.0,,0.0882353
2018,11,00-0034764,M.Gallup,WR,DAL,ATL,0,0,0.0,0,0.0,0.0,0.0,0,0.0,0,5,1,10.0,0,1.0,2.0,,,73.0,200.0,22.689666666666668,0.0,Colorado State,2018.0,2018.0,DAL,81.0,,0.15625
2018,12,00-0034764,M.Gallup,WR,DAL,WAS,0,0,0.0,0,0.0,0.0,0.0,0,0.0,0,6,2,19.0,0,1.9,3.9,,,73.0,200.0,22.689666666666668,0.0,Colorado State,2018.0,2018.0,DAL,81.0,8.0,0.19354838
2018,13,00-0034764,M.Gallup,WR,DAL,NO,0,0,0.0,0,0.0,0.0,0.0,0,0.0,0,7,5,76.0,0,7.6,12.6,,,73.0,200.0,22.689666666666668,0.0,Colorado State,2018.0,2018.0,DAL,81.0,3.0,0.25
2018,14,00-0034764,M.Gallup,WR,DAL,PHI,0,0,0.0,0,0.0,0.0,0.0,0,0.0,0,9,4,24.0,0,2.4,6.4,,,73.0,200.0,22.689666666666668,0.0,Colorado State,2018.0,2018.0,DAL,81.0,6.0,0.16981132
2018,16,00-0034764,M.Gallup,WR,DAL,TB,0,0,0.0,0,0.0,0.0,0.0,0,0.0,0,4,3,53.0,1,11.3,14.3,,,73.0,200.0,22.689666666666668,0.0,Colorado State,2018.0,2018.0,DAL,81.0,7.0,0.16
2018,17,00-0034764,M.Gallup,WR,DAL,NYG,0,0,0.0,0,0.0,0.0,0.0,0,0.0,0,6,3,50.0,0,7.0,10.0,,,73.0,200.0,22.689666666666668,0.0,Colorado State,2018.0,2018.0,DAL,81.0,,0.13953489
2018,18,00-0034764,M.Gallup,WR,DAL,SEA,0,0,0.0,0,0.0,0.0,0.0,0,0.0,0,6,2,18.0,1,7.8,9.8,,,73.0,200.0,22.689666666666668,0.0,Colorado State,2018.0,2018.0,DAL,81.0,2.0,0.1875
2018,19,00-0034764,M.Gallup,WR,DAL,LA,0,0,0.0,0,0.0,0.0,0.0,0,0.0,0,9,6,119.0,0,11.9,17.9,,,73.0,200.0,22.689666666666668,0.0,Colorado State,2018.0,2018.0,DAL,81.0,,0.28125
2018,1,00-0034765,T.Smith,WR,NO,TB,0,0,0.0,0,0.0,0.0,0.0,0,0.0,0,1,0,0.0,0,0.0,0.0,,,73.0,210.0,22.85038888888889,0.0,Central Florida,2018.0,2018.0,NO,91.0,-8.0,0.022727273
2018,2,00-0034765,T.Smith,WR,NO,CLE,0,0,0.0,0,0.0,0.0,0.0,0,0.0,0,1,1,18.0,0,1.8,2.8,,,73.0,210.0,22.85038888888889,0.0,Central Florida,2018.0,2018.0,NO,91.0,3.0,0.028571429
2018,4,00-0034765,T.Smith,WR,NO,NYG,0,0,0.0,0,0.0,0.0,0.0,0,0.0,0,2,0,0.0,0,0.0,0.0,,,73.0,210.0,22.85038888888889,0.0,Central Florida,2018.0,2018.0,NO,91.0,,0.060606062
2018,5,00-0034765,T.Smith,WR,NO,WAS,0,0,0.0,0,0.0,0.0,0.0,0,0.0,0,3,3,111.0,2,23.1,26.1,,,73.0,210.0,22.85038888888889,0.0,Central Florida,2018.0,2018.0,NO,91.0,24.0,0.10344828
2018,7,00-0034765,T.Smith,WR,NO,BAL,0,0,0.0,0,0.0,0.0,0.0,0,0.0,0,6,3,44.0,0,4.4,7.4,,,73.0,210.0,22.85038888888889,0.0,Central Florida,2018.0,2018.0,NO,91.0,,0.21428572
2018,8,00-0034765,T.Smith,WR,NO,MIN,0,0,0.0,0,0.0,0.0,0.0,0,0.0,0,4,3,18.0,0,1.8,4.8,,,73.0,210.0,22.85038888888889,0.0,Central Florida,2018.0,2018.0,NO,91.0,,0.17391305
2018,9,00-0034765,T.Smith,WR,NO,LA,0,0,0.0,0,0.0,0.0,0.0,0,0.0,0,3,2,23.0,1,8.3,10.3,,,73.0,210.0,22.85038888888889,0.0,Central Florida,2018.0,2018.0,NO,91.0,10.0,0.083333336
2018,11,00-0034765,T.Smith,WR,NO,PHI,0,0,0.0,0,0.0,0.0,0.0,0,0.0,0,13,10,157.0,1,21.7,31.7,,,73.0,210.0,22.85038888888889,0.0,Central Florida,2018.0,2018.0,NO,91.0,41.0,0.40625
2018,13,00-0034765,T.Smith,WR,NO,DAL,0,0,0.0,0,0.0,0.0,0.0,0,0.0,0,1,0,0.0,0,0.0,0.0,,,73.0,210.0,22.85038888888889,0.0,Central Florida,2018.0,2018.0,NO,91.0,,0.035714287
2018,14,00-0034765,T.Smith,WR,NO,TB,0,0,0.0,0,0.0,0.0,0.0,0,0.0,0,1,0,0.0,0,0.0,0.0,,,73.0,210.0,22.85038888888889,0.0,Central Florida,2018.0,2018.0,NO,91.0,,0.032258064
2018,15,00-0034765,T.Smith,WR,NO,CAR,0,0,0.0,0,0.0,0.0,0.0,0,0.0,0,4,2,15.0,0,1.5,3.5,,,73.0,210.0,22.85038888888889,0.0,Central Florida,2018.0,2018.0,NO,91.0,,0.11764706
2018,16,00-0034765,T.Smith,WR,NO,PIT,0,0,0.0,0,0.0,0.0,0.0,0,0.0,0,1,1,11.0,0,1.1,2.1,,,73.0,210.0,22.85038888888889,0.0,Central Florida,2018.0,2018.0,NO,91.0,3.0,0.025641026
2018,17,00-0034765,T.Smith,WR,NO,CAR,0,0,0.0,0,0.0,0.0,0.0,0,0.0,0,4,3,30.0,1,9.0,12.0,,,73.0,210.0,22.85038888888889,0.0,Central Florida,2018.0,2018.0,NO,91.0,-19.0,0.1904762
2018,19,00-0034765,T.Smith,WR,NO,PHI,0,0,0.0,0,0.0,0.0,0.0,1,5.0,0,1,1,15.0,0,2.0,3.0,,,73.0,210.0,22.85038888888889,0.0,Central Florida,2018.0,2018.0,NO,91.0,6.0,0.027027028
2018,20,00-0034765,T.Smith,WR,NO,LA,0,0,0.0,0,0.0,0.0,0.0,0,0.0,0,3,1,10.0,0,1.0,2.0,,,73.0,210.0,22.85038888888889,0.0,Central Florida,2018.0,2018.0,NO,91.0,-3.0,0.07692308
2018,2,00-0034766,C.Herndon,TE,NYJ,MIA,0,0,0.0,0,0.0,0.0,0.0,0,0.0,0,4,2,30.0,0,3.0,5.0,,,76.0,252.0,22.693875,0.0,Miami,2018.0,2018.0,NYJ,107.0,-8.0,0.09756097
2018,3,00-0034766,C.Herndon,TE,NYJ,CLE,0,0,0.0,0,0.0,0.0,0.0,0,0.0,0,2,2,-1.0,0,-0.1,1.9,,,76.0,252.0,22.693875,0.0,Miami,2018.0,2018.0,NYJ,107.0,,0.06666667
2018,4,00-0034766,C.Herndon,TE,NYJ,JAX,0,0,0.0,0,0.0,0.0,0.0,0,0.0,0,1,1,18.0,0,1.8,2.8,,,76.0,252.0,22.693875,0.0,Miami,2018.0,2018.0,NYJ,107.0,,0.030303031
2018,6,00-0034766,C.Herndon,TE,NYJ,IND,0,0,0.0,0,0.0,0.0,0.0,0,0.0,0,2,2,56.0,1,11.6,13.6,,,76.0,252.0,22.693875,0.0,Miami,2018.0,2018.0,NYJ,107.0,8.0,0.06896552
2018,7,00-0034766,C.Herndon,TE,NYJ,MIN,0,0,0.0,0,0.0,0.0,0.0,0,0.0,0,7,4,42.0,1,10.2,14.2,,,76.0,252.0,22.693875,0.0,Miami,2018.0,2018.0,NYJ,107.0,-20.0,0.16666667
2018,8,00-0034766,C.Herndon,TE,NYJ,CHI,0,0,0.0,0,0.0,0.0,0.0,0,0.0,0,2,1,16.0,1,7.6,8.6,,,76.0,252.0,22.693875,0.0,Miami,2018.0,2018.0,NYJ,107.0,,0.08
2018,9,00-0034766,C.Herndon,TE,NYJ,MIA,0,0,0.0,0,0.0,0.0,0.0,0,0.0,0,4,4,62.0,0,6.2,10.2,,,76.0,252.0,22.693875,0.0,Miami,2018.0,2018.0,NYJ,107.0,,0.10526316
2018,10,00-0034766,C.Herndon,TE,NYJ,BUF,0,0,0.0,0,0.0,0.0,0.0,0,0.0,0,4,3,34.0,0,3.4,6.4,,,76.0,252.0,22.693875,0.0,Miami,2018.0,2018.0,NYJ,107.0,-31.0,0.121212125
2018,12,00-0034766,C.Herndon,TE,NYJ,NE,0,0,0.0,0,0.0,0.0,0.0,0,0.0,0,8,7,57.0,0,5.7,12.7,,,76.0,252.0,22.693875,0.0,Miami,2018.0,2018.0,NYJ,107.0,-14.0,0.19512194
2018,13,00-0034766,C.Herndon,TE,NYJ,TEN,0,0,0.0,0,0.0,0.0,0.0,0,0.0,0,6,2,31.0,0,3.1,5.1,,,76.0,252.0,22.693875,0.0,Miami,2018.0,2018.0,NYJ,107.0,,0.2
2018,14,00-0034766,C.Herndon,TE,NYJ,BUF,0,0,0.0,0,0.0,0.0,0.0,0,0.0,0,2,1,14.0,0,1.4,2.4,,,76.0,252.0,22.693875,0.0,Miami,2018.0,2018.0,NYJ,107.0,,0.083333336
2018,15,00-0034766,C.Herndon,TE,NYJ,HOU,0,0,0.0,0,0.0,0.0,0.0,0,0.0,0,4,3,53.0,0,5.3,8.3,,,76.0,252.0,22.693875,0.0,Miami,2018.0,2018.0,NYJ,107.0,-7.0,0.114285715
2018,16,00-0034766,C.Herndon,TE,NYJ,GB,0,0,0.0,0,0.0,0.0,0.0,0,0.0,0,7,6,82.0,1,14.2,20.2,,,76.0,252.0,22.693875,0.0,Miami,2018.0,2018.0,NYJ,107.0,-6.0,0.20588236
2018,17,00-0034766,C.Herndon,TE,NYJ,NE,0,0,0.0,0,0.0,0.0,0.0,0,0.0,0,3,1,8.0,0,0.8,1.8,,,76.0,252.0,22.693875,0.0,Miami,2018.0,2018.0,NYJ,107.0,,0.10714286
2018,1,00-0034772,A.Callaway,WR,CLE,PIT,0,0,0.0,0,0.0,0.0,0.0,0,0.0,0,1,0,0.0,0,0.0,0.0,,,71.0,193.0,21.814875,0.0,Florida,2018.0,2018.0,CLE,105.0,0.0,0.02631579
2018,2,00-0034772,A.Callaway,WR,CLE,NO,0,0,0.0,0,0.0,0.0,0.0,2,7.0,0,4,3,81.0,1,14.8,17.8,,,71.0,193.0,21.814875,0.0,Florida,2018.0,2018.0,CLE,105.0,,0.13333334
2018,3,00-0034772,A.Callaway,WR,CLE,NYJ,0,0,0.0,0,0.0,0.0,0.0,0,0.0,0,11,4,20.0,0,2.0,6.0,,,71.0,193.0,21.814875,0.0,Florida,2018.0,2018.0,CLE,105.0,4.0,0.31428573
2018,4,00-0034772,A.Callaway,WR,CLE,LV,0,0,0.0,0,0.0,0.0,0.0,0,0.0,0,9,3,54.0,0,5.4,8.4,,,71.0,193.0,21.814875,0.0,Florida,2018.0,2018.0,CLE,105.0,,0.2195122
2018,5,00-0034772,A.Callaway,WR,CLE,BAL,0,0,0.0,0,0.0,0.0,0.0,0,0.0,0,5,3,22.0,0,2.2,5.2,,,71.0,193.0,21.814875,0.0,Florida,2018.0,2018.0,CLE,105.0,3.0,0.11904762
2018,6,00-0034772,A.Callaway,WR,CLE,LAC,0,0,0.0,0,0.0,0.0,0.0,0,0.0,0,7,2,9.0,0,2.9,4.9,,,71.0,193.0,21.814875,0.0,Florida,2018.0,2018.0,CLE,105.0,-24.0,0.1627907
2018,7,00-0034772,A.Callaway,WR,CLE,TB,0,0,0.0,0,0.0,0.0,0.0,0,0.0,0,2,1,14.0,0,1.4,2.4,,,71.0,193.0,21.814875,0.0,Florida,2018.0,2018.0,CLE,105.0,,0.060606062
2018,8,00-0034772,A.Callaway,WR,CLE,PIT,0,0,0.0,0,0.0,0.0,0.0,0,0.0,0,6,5,36.0,1,9.6,14.6,,,71.0,193.0,21.814875,0.0,Florida,2018.0,2018.0,CLE,105.0,,0.18181819
2018,9,00-0034772,A.Callaway,WR,CLE,KC,0,0,0.0,0,0.0,0.0,0.0,0,0.0,0,5,3,51.0,0,5.1,8.1,,,71.0,193.0,21.814875,0.0,Florida,2018.0,2018.0,CLE,105.0,-16.0,0.11627907
2018,10,00-0034772,A.Callaway,WR,CLE,ATL,0,0,0.0,0,0.0,0.0,0.0,0,0.0,0,2,2,39.0,0,3.9,5.9,,,71.0,193.0,21.814875,0.0,Florida,2018.0,2018.0,CLE,105.0,12.0,0.0952381
2018,12,00-0034772,A.Callaway,WR,CLE,CIN,0,0,0.0,0,0.0,0.0,0.0,0,0.0,0,5,4,62.0,1,12.2,16.2,,,71.0,193.0,21.814875,0.0,Florida,2018.0,2018.0,CLE,105.0,,0.2
2018,13,00-0034772,A.Callaway,WR,CLE,HOU,0,0,0.0,0,0.0,0.0,0.0,0,0.0,0,6,3,84.0,0,6.4,9.4,,,71.0,193.0,21.814875,0.0,Florida,2018.0,2018.0,CLE,105.0,,0.15
2018,14,00-0034772,A.Callaway,WR,CLE,CAR,0,0,0.0,0,0.0,0.0,0.0,0,0.0,0,1,1,0.0,0,0.0,1.0,,,71.0,193.0,21.814875,0.0,Florida,2018.0,2018.0,CLE,105.0,6.0,0.04347826
2018,15,00-0034772,A.Callaway,WR,CLE,DEN,0,0,0.0,0,0.0,0.0,0.0,0,0.0,0,7,5,35.0,1,9.5,14.5,,,71.0,193.0,21.814875,0.0,Florida,2018.0,2018.0,CLE,105.0,,0.22580644
2018,16,00-0034772,A.Callaway,WR,CLE,CIN,0,0,0.0,0,0.0,0.0,0.0,0,0.0,0,1,0,0.0,0,0.0,0.0,,,71.0,193.0,21.814875,0.0,Florida,2018.0,2018.0,CLE,105.0,8.0,0.02631579
2018,17,00-0034772,A.Callaway,WR,CLE,BAL,0,0,0.0,0,0.0,0.0,0.0,0,0.0,0,7,4,79.0,1,13.9,17.9,,,71.0,193.0,21.814875,0.0,Florida,2018.0,2018.0,CLE,105.0,,0.17073171
2018,1,00-0034775,C.Kirk,WR,ARI,WAS,0,0,0.0,0,0.0,0.0,0.0,0,0.0,0,2,1,4.0,0,0.4,1.4,,,71.0,200.0,21.95975,0.0,Texas A&amp;M,2018.0,2018.0,ARI,47.0,-18.0,0.05882353
2018,2,00-0034775,C.Kirk,WR,ARI,LA,0,0,0.0,0,0.0,0.0,0.0,0,0.0,0,5,4,27.0,0,2.7,6.7,,,71.0,200.0,21.95975,0.0,Texas A&amp;M,2018.0,2018.0,ARI,47.0,,0.18518518
2018,3,00-0034775,C.Kirk,WR,ARI,CHI,0,0,0.0,0,0.0,0.0,0.0,0,0.0,0,8,7,90.0,0,9.0,16.0,,,71.0,200.0,21.95975,0.0,Texas A&amp;M,2018.0,2018.0,ARI,47.0,-2.0,0.32
2018,4,00-0034775,C.Kirk,WR,ARI,SEA,0,0,0.0,0,0.0,0.0,0.0,1,7.0,0,5,4,28.0,0,3.5,7.5,,,71.0,200.0,21.95975,0.0,Texas A&amp;M,2018.0,2018.0,ARI,47.0,-3.0,0.2
2018,5,00-0034775,C.Kirk,WR,ARI,SF,0,0,0.0,0,0.0,0.0,0.0,1,5.0,0,4,3,85.0,1,15.0,18.0,,,71.0,200.0,21.95975,0.0,Texas A&amp;M,2018.0,2018.0,ARI,47.0,,0.17391305
2018,6,00-0034775,C.Kirk,WR,ARI,MIN,0,0,0.0,0,0.0,0.0,0.0,0,0.0,0,7,6,77.0,0,7.7,13.7,,,71.0,200.0,21.95975,0.0,Texas A&amp;M,2018.0,2018.0,ARI,47.0,,0.22580644
2018,7,00-0034775,C.Kirk,WR,ARI,DEN,0,0,0.0,0,0.0,0.0,0.0,0,0.0,0,6,3,57.0,0,5.7,8.7,,,71.0,200.0,21.95975,0.0,Texas A&amp;M,2018.0,2018.0,ARI,47.0,-35.0,0.16666667
2018,8,00-0034775,C.Kirk,WR,ARI,SF,0,0,0.0,0,0.0,0.0,0.0,0,0.0,0,7,3,42.0,1,10.2,13.2,,,71.0,200.0,21.95975,0.0,Texas A&amp;M,2018.0,2018.0,ARI,47.0,3.0,0.2
2018,10,00-0034775,C.Kirk,WR,ARI,KC,0,0,0.0,0,0.0,0.0,0.0,0,0.0,0,6,2,8.0,0,0.8,2.8,,,71.0,200.0,21.95975,0.0,Texas A&amp;M,2018.0,2018.0,ARI,47.0,,0.16216215
2018,11,00-0034775,C.Kirk,WR,ARI,LV,0,0,0.0,0,0.0,0.0,0.0,0,0.0,0,4,3,77.0,1,13.7,16.7,,,71.0,200.0,21.95975,0.0,Texas A&amp;M,2018.0,2018.0,ARI,47.0,-2.0,0.21052632
2018,12,00-0034775,C.Kirk,WR,ARI,LAC,0,0,0.0,0,0.0,0.0,0.0,0,0.0,0,6,4,41.0,0,4.1,8.1,,,71.0,200.0,21.95975,0.0,Texas A&amp;M,2018.0,2018.0,ARI,47.0,,0.3529412
2018,13,00-0034775,C.Kirk,WR,ARI,GB,0,0,0.0,0,0.0,0.0,0.0,1,23.0,0,8,3,54.0,0,7.7,10.7,,,71.0,200.0,21.95975,0.0,Texas A&amp;M,2018.0,2018.0,ARI,47.0,,0.33333334
2018,2,00-0034777,D.Chark,WR,JAX,NE,0,0,0.0,0,0.0,0.0,0.0,0,0.0,0,4,1,13.0,0,-0.7,0.3,,,75.0,198.0,22.1130625,0.0,Louisiana State,2018.0,2018.0,JAX,61.0,11.0,0.09090909
2018,3,00-0034777,D.Chark,WR,JAX,TEN,0,0,0.0,0,0.0,0.0,0.0,0,0.0,0,1,0,0.0,0,0.0,0.0,,,75.0,198.0,22.1130625,0.0,Louisiana State,2018.0,2018.0,JAX,61.0,-3.0,0.029411765
2018,4,00-0034777,D.Chark,WR,JAX,NYJ,0,0,0.0,0,0.0,0.0,0.0,0,0.0,0,1,1,6.0,0,0.6,1.6,,,75.0,198.0,22.1130625,0.0,Louisiana State,2018.0,2018.0,JAX,61.0,19.0,0.02631579
2018,5,00-0034777,D.Chark,WR,JAX,KC,0,0,0.0,0,0.0,0.0,0.0,0,0.0,0,4,2,68.0,0,6.8,8.8,,,75.0,198.0,22.1130625,0.0,Louisiana State,2018.0,2018.0,JAX,61.0,,0.06557377
2018,6,00-0034777,D.Chark,WR,JAX,DAL,0,0,0.0,0,0.0,0.0,0.0,0,0.0,0,1,0,0.0,0,0.0,0.0,,,75.0,198.0,22.1130625,0.0,Louisiana State,2018.0,2018.0,JAX,61.0,,0.03846154
2018,7,00-0034777,D.Chark,WR,JAX,HOU,0,0,0.0,0,0.0,0.0,0.0,0,0.0,0,7,4,31.0,0,3.1,7.1,,,75.0,198.0,22.1130625,0.0,Louisiana State,2018.0,2018.0,JAX,61.0,-13.0,0.175
2018,8,00-0034777,D.Chark,WR,JAX,PHI,0,0,0.0,0,0.0,0.0,0.0,0,0.0,0,5,4,41.0,0,4.1,8.1,,,75.0,198.0,22.1130625,0.0,Louisiana State,2018.0,2018.0,JAX,61.0,-6.0,0.12195122
2018,10,00-0034777,D.Chark,WR,JAX,IND,0,0,0.0,0,0.0,0.0,0.0,0,0.0,0,2,0,0.0,0,0.0,0.0,,,75.0,198.0,22.1130625,0.0,Louisiana State,2018.0,2018.0,JAX,61.0,,0.05263158
2018,11,00-0034777,D.Chark,WR,JAX,PIT,0,0,0.0,0,0.0,0.0,0.0,0,0.0,0,5,2,15.0,0,1.5,3.5,,,75.0,198.0,22.1130625,0.0,Louisiana State,2018.0,2018.0,JAX,61.0,-4.0,0.2777778
2018,17,00-0034777,D.Chark,WR,JAX,HOU,0,0,0.0,0,0.0,0.0,0.0,0,0.0,0,2,0,0.0,0,0.0,0.0,,,75.0,198.0,22.1130625,0.0,Louisiana State,2018.0,2018.0,JAX,61.0,,0.071428575
2018,1,00-0034791,N.Chubb,RB,CLE,PIT,0,0,0.0,0,0.0,0.0,0.0,3,21.0,0,0,0,0.0,0,2.1,2.1,,,71.0,225.0,22.8524375,0.0,Georgia,2018.0,2018.0,CLE,35.0,0.0,
2018,2,00-0034791,N.Chubb,RB,CLE,NO,0,0,0.0,0,0.0,0.0,0.0,2,14.0,0,0,0,0.0,0,1.4,1.4,,,71.0,225.0,22.8524375,0.0,Georgia,2018.0,2018.0,CLE,35.0,,
2018,3,00-0034791,N.Chubb,RB,CLE,NYJ,0,0,0.0,0,0.0,0.0,0.0,2,6.0,0,0,0,0.0,0,0.6,0.6,,,71.0,225.0,22.8524375,0.0,Georgia,2018.0,2018.0,CLE,35.0,4.0,
2018,4,00-0034791,N.Chubb,RB,CLE,LV,0,0,0.0,0,0.0,0.0,0.0,3,105.0,2,0,0,0.0,0,22.5,22.5,,,71.0,225.0,22.8524375,0.0,Georgia,2018.0,2018.0,CLE,35.0,,
2018,5,00-0034791,N.Chubb,RB,CLE,BAL,0,0,0.0,0,0.0,0.0,0.0,3,2.0,0,1,0,0.0,0,0.2,0.2,,,71.0,225.0,22.8524375,0.0,Georgia,2018.0,2018.0,CLE,35.0,3.0,0.023809524
2018,6,00-0034791,N.Chubb,RB,CLE,LAC,0,0,0.0,0,0.0,0.0,0.0,3,25.0,0,0,0,0.0,0,2.5,2.5,,,71.0,225.0,22.8524375,0.0,Georgia,2018.0,2018.0,CLE,35.0,-24.0,
2018,7,00-0034791,N.Chubb,RB,CLE,TB,0,0,0.0,0,0.0,0.0,0.0,18,80.0,1,2,0,0.0,0,14.0,14.0,,,71.0,225.0,22.8524375,0.0,Georgia,2018.0,2018.0,CLE,35.0,,0.060606062
2018,8,00-0034791,N.Chubb,RB,CLE,PIT,0,0,0.0,0,0.0,0.0,0.0,18,65.0,0,3,2,10.0,0,7.5,9.5,,,71.0,225.0,22.8524375,0.0,Georgia,2018.0,2018.0,CLE,35.0,,0.09090909
2018,9,00-0034791,N.Chubb,RB,CLE,KC,0,0,0.0,0,0.0,0.0,0.0,22,85.0,1,1,1,5.0,0,15.0,16.0,,,71.0,225.0,22.8524375,0.0,Georgia,2018.0,2018.0,CLE,35.0,-16.0,0.023255814
2018,10,00-0034791,N.Chubb,RB,CLE,ATL,0,0,0.0,0,0.0,0.0,0.0,20,176.0,1,3,3,33.0,1,32.9,35.9,,,71.0,225.0,22.8524375,0.0,Georgia,2018.0,2018.0,CLE,35.0,12.0,0.14285715
2018,12,00-0034791,N.Chubb,RB,CLE,CIN,0,0,0.0,0,0.0,0.0,0.0,28,84.0,1,3,3,44.0,1,24.8,27.8,,,71.0,225.0,22.8524375,0.0,Georgia,2018.0,2018.0,CLE,35.0,,0.12
2018,13,00-0034791,N.Chubb,RB,CLE,HOU,0,0,0.0,0,0.0,0.0,0.0,9,31.0,1,3,3,41.0,0,13.2,16.2,,,71.0,225.0,22.8524375,0.0,Georgia,2018.0,2018.0,CLE,35.0,,0.075
2018,14,00-0034791,N.Chubb,RB,CLE,CAR,0,0,0.0,0,0.0,0.0,0.0,13,66.0,1,6,4,17.0,0,14.3,18.3,,,71.0,225.0,22.8524375,0.0,Georgia,2018.0,2018.0,CLE,35.0,6.0,0.26086956
2018,15,00-0034791,N.Chubb,RB,CLE,DEN,0,0,0.0,0,0.0,0.0,0.0,20,100.0,0,1,0,0.0,0,10.0,10.0,,,71.0,225.0,22.8524375,0.0,Georgia,2018.0,2018.0,CLE,35.0,,0.032258064
2018,16,00-0034791,N.Chubb,RB,CLE,CIN,0,0,0.0,0,0.0,0.0,0.0,19,112.0,0,3,2,3.0,0,11.5,13.5,,,71.0,225.0,22.8524375,0.0,Georgia,2018.0,2018.0,CLE,35.0,8.0,0.078947365
2018,17,00-0034791,N.Chubb,RB,CLE,BAL,0,0,0.0,0,0.0,0.0,0.0,9,24.0,0,3,2,-4.0,0,2.0,4.0,,,71.0,225.0,22.8524375,0.0,Georgia,2018.0,2018.0,CLE,35.0,,0.07317073
2018,1,00-0034796,L.Jackson,QB,BAL,BUF,1,4,24.0,0,0.0,1.0,8.0,7,39.0,0,0,0,0.0,0,4.86,4.86,,,74.0,205.0,21.831764705882353,0.0,Louisville,2018.0,2018.0,BAL,32.0,44.0,
2018,2,00-0034796,L.Jackson,QB,BAL,CIN,0,0,0.0,0,0.0,0.0,0.0,2,6.0,0,0,0,0.0,0,0.6,0.6,,,74.0,205.0,21.831764705882353,0.0,Louisville,2018.0,2018.0,BAL,32.0,,
2018,3,00-0034796,L.Jackson,QB,BAL,DEN,0,0,0.0,0,0.0,0.0,0.0,0,0.0,0,1,0,0.0,0,0.0,0.0,,,74.0,205.0,21.831764705882353,0.0,Louisville,2018.0,2018.0,BAL,32.0,13.0,0.02631579
2018,4,00-0034796,L.Jackson,QB,BAL,PIT,0,0,0.0,0,0.0,0.0,0.0,4,17.0,0,0,0,0.0,0,1.7,1.7,,,74.0,205.0,21.831764705882353,0.0,Louisville,2018.0,2018.0,BAL,32.0,,
2018,5,00-0034796,L.Jackson,QB,BAL,CLE,0,1,0.0,0,0.0,0.0,-0.0,3,10.0,0,0,0,0.0,0,1.0,1.0,,,74.0,205.0,21.831764705882353,0.0,Louisville,2018.0,2018.0,BAL,32.0,,
2018,6,00-0034796,L.Jackson,QB,BAL,TEN,0,0,0.0,0,0.0,0.0,0.0,1,22.0,0,0,0,0.0,0,2.2,2.2,,,74.0,205.0,21.831764705882353,0.0,Louisville,2018.0,2018.0,BAL,32.0,,
2018,7,00-0034796,L.Jackson,QB,BAL,NO,1,1,5.0,0,0.0,0.0,-0.0,3,9.0,1,0,0,0.0,0,7.1,7.1,,,74.0,205.0,21.831764705882353,0.0,Louisville,2018.0,2018.0,BAL,32.0,-1.0,
2018,8,00-0034796,L.Jackson,QB,BAL,CAR,4,5,46.0,1,0.0,0.0,-0.0,3,26.0,0,0,0,0.0,0,8.44,8.44,,,74.0,205.0,21.831764705882353,0.0,Louisville,2018.0,2018.0,BAL,32.0,,
2018,9,00-0034796,L.Jackson,QB,BAL,PIT,1,1,12.0,0,0.0,0.0,-0.0,5,10.0,0,1,0,0.0,0,1.48,1.48,,,74.0,205.0,21.831764705882353,0.0,Louisville,2018.0,2018.0,BAL,32.0,-7.0,0.027027028
2018,11,00-0034796,L.Jackson,QB,BAL,CIN,13,19,150.0,0,1.0,3.0,14.0,26,119.0,0,0,0,0.0,0,15.9,15.9,,,74.0,205.0,21.831764705882353,0.0,Louisville,2018.0,2018.0,BAL,32.0,3.0,
2018,12,00-0034796,L.Jackson,QB,BAL,LV,14,25,178.0,1,2.0,1.0,4.0,11,71.0,1,0,0,0.0,0,20.22,20.22,,,74.0,205.0,21.831764705882353,0.0,Louisville,2018.0,2018.0,BAL,32.0,17.0,
2018,13,00-0034796,L.Jackson,QB,BAL,ATL,12,21,125.0,0,0.0,2.0,8.0,17,75.0,1,0,0,0.0,0,16.5,16.5,,,74.0,205.0,21.831764705882353,0.0,Louisville,2018.0,2018.0,BAL,32.0,,
2018,14,00-0034796,L.Jackson,QB,BAL,KC,13,24,147.0,2,0.0,2.0,20.0,14,67.0,0,0,0,0.0,0,18.58,18.58,,,74.0,205.0,21.831764705882353,0.0,Louisville,2018.0,2018.0,BAL,32.0,,
2018,15,00-0034796,L.Jackson,QB,BAL,TB,14,23,131.0,1,0.0,2.0,3.0,18,95.0,0,0,0,0.0,0,16.74,16.74,,,74.0,205.0,21.831764705882353,0.0,Louisville,2018.0,2018.0,BAL,32.0,8.0,
2018,16,00-0034796,L.Jackson,QB,BAL,LAC,12,22,204.0,1,0.0,3.0,2.0,13,39.0,0,0,0,0.0,0,16.06,16.06,,,74.0,205.0,21.831764705882353,0.0,Louisville,2018.0,2018.0,BAL,32.0,,
2018,17,00-0034796,L.Jackson,QB,BAL,CLE,14,24,179.0,0,0.0,2.0,12.0,20,90.0,2,0,0,0.0,0,26.16,26.16,,,74.0,205.0,21.831764705882353,0.0,Louisville,2018.0,2018.0,BAL,32.0,2.0,
2018,18,00-0034796,L.Jackson,QB,BAL,LAC,14,29,194.0,2,1.0,7.0,55.0,9,54.0,0,0,0,0.0,0,17.16,17.16,,,74.0,205.0,21.831764705882353,0.0,Louisville,2018.0,2018.0,BAL,32.0,-6.0,
2018,4,00-0034798,D.Smythe,TE,MIA,NE,0,0,0.0,0,0.0,0.0,0.0,0,0.0,0,1,0,0.0,0,0.0,0.0,,,76.0,257.0,23.236,0.0,Notre Dame,2018.0,2018.0,MIA,123.0,,0.04
2018,5,00-0034798,D.Smythe,TE,MIA,CIN,0,0,0.0,0,0.0,0.0,0.0,0,0.0,0,1,0,0.0,0,0.0,0.0,,,76.0,257.0,23.236,0.0,Notre Dame,2018.0,2018.0,MIA,123.0,,0.030303031
2018,8,00-0034798,D.Smythe,TE,MIA,HOU,0,0,0.0,0,0.0,0.0,0.0,0,0.0,0,1,0,0.0,0,0.0,0.0,,,76.0,257.0,23.236,0.0,Notre Dame,2018.0,2018.0,MIA,123.0,,0.030303031
2018,12,00-0034798,D.Smythe,TE,MIA,IND,0,0,0.0,0,0.0,0.0,0.0,0,0.0,0,2,2,27.0,0,2.7,4.7,,,76.0,257.0,23.236,0.0,Notre Dame,2018.0,2018.0,MIA,123.0,,0.083333336
2018,16,00-0034798,D.Smythe,TE,MIA,JAX,0,0,0.0,0,0.0,0.0,0.0,0,0.0,0,2,1,9.0,0,0.9,1.9,,,76.0,257.0,23.236,0.0,Notre Dame,2018.0,2018.0,MIA,123.0,-10.0,0.0952381
2018,17,00-0034798,D.Smythe,TE,MIA,BUF,0,0,0.0,0,0.0,0.0,0.0,0,0.0,0,4,3,14.0,0,1.4,4.4,,,76.0,257.0,23.236,0.0,Notre Dame,2018.0,2018.0,MIA,123.0,,0.13333334
2018,4,00-0034799,K.Ballage,RB,MIA,NE,0,0,0.0,0,0.0,0.0,0.0,1,3.0,0,0,0,0.0,0,0.3,0.3,,,74.0,230.0,22.8663125,0.0,Arizona State,2018.0,2018.0,MIA,131.0,,
2018,5,00-0034799,K.Ballage,RB,MIA,CIN,0,0,0.0,0,0.0,0.0,0.0,1,2.0,0,0,0,0.0,0,0.2,0.2,,,74.0,230.0,22.8663125,0.0,Arizona State,2018.0,2018.0,MIA,131.0,,
2018,8,00-0034799,K.Ballage,RB,MIA,HOU,0,0,0.0,0,0.0,0.0,0.0,1,5.0,0,0,0,0.0,0,0.5,0.5,,,74.0,230.0,22.8663125,0.0,Arizona State,2018.0,2018.0,MIA,131.0,,
2018,9,00-0034799,K.Ballage,RB,MIA,NYJ,0,0,0.0,0,0.0,0.0,0.0,1,-2.0,0,2,2,17.0,0,1.5,3.5,,,74.0,230.0,22.8663125,0.0,Arizona State,2018.0,2018.0,MIA,131.0,7.0,0.09090909
2018,10,00-0034799,K.Ballage,RB,MIA,GB,0,0,0.0,0,0.0,0.0,0.0,0,0.0,0,1,1,6.0,0,0.6,1.6,,,74.0,230.0,22.8663125,0.0,Arizona State,2018.0,2018.0,MIA,131.0,,0.027777778
2018,12,00-0034799,K.Ballage,RB,MIA,IND,0,0,0.0,0,0.0,0.0,0.0,0,0.0,0,2,2,-5.0,0,-0.5,1.5,,,74.0,230.0,22.8663125,0.0,Arizona State,2018.0,2018.0,MIA,131.0,,0.083333336
2018,13,00-0034799,K.Ballage,RB,MIA,BUF,0,0,0.0,0,0.0,0.0,0.0,4,3.0,0,0,0,0.0,0,0.3,0.3,,,74.0,230.0,22.8663125,0.0,Arizona State,2018.0,2018.0,MIA,131.0,4.0,
2018,15,00-0034799,K.Ballage,RB,MIA,MIN,0,0,0.0,0,0.0,0.0,0.0,12,123.0,1,1,1,-2.0,0,18.1,19.1,,,74.0,230.0,22.8663125,0.0,Arizona State,2018.0,2018.0,MIA,131.0,,0.04347826
2018,16,00-0034799,K.Ballage,RB,MIA,JAX,0,0,0.0,0,0.0,0.0,0.0,4,10.0,0,4,2,39.0,0,4.9,6.9,,,74.0,230.0,22.8663125,0.0,Arizona State,2018.0,2018.0,MIA,131.0,-10.0,0.1904762
2018,17,00-0034799,K.Ballage,RB,MIA,BUF,0,0,0.0,0,0.0,0.0,0.0,12,47.0,0,1,1,1.0,0,2.8,3.8,,,74.0,230.0,22.8663125,0.0,Arizona State,2018.0,2018.0,MIA,131.0,,0.033333335
2018,15,00-0034808,J.Kelly,RB,LA,PHI,0,0,0.0,0,0.0,0.0,0.0,2,4.0,0,0,0,0.0,0,0.4,0.4,,,70.0,205.0,22.114473684210527,0.0,Tennessee,2018.0,2018.0,LA,176.0,-7.0,
2018,16,00-0034808,J.Kelly,RB,LA,ARI,0,0,0.0,0,0.0,0.0,0.0,10,40.0,0,1,1,9.0,0,4.9,5.9,,,70.0,205.0,22.114473684210527,0.0,Tennessee,2018.0,2018.0,LA,176.0,,0.04347826
2018,17,00-0034808,J.Kelly,RB,LA,SF,0,0,0.0,0,0.0,0.0,0.0,15,30.0,0,2,1,18.0,0,4.8,5.8,,,70.0,205.0,22.114473684210527,0.0,Tennessee,2018.0,2018.0,LA,176.0,16.0,0.074074075
2018,4,00-0034816,R.Jones,RB,TB,CHI,0,0,0.0,0,0.0,0.0,0.0,10,29.0,0,2,1,-1.0,0,2.8,3.8,,,71.0,200.0,21.258937500000002,0.0,Southern California,2018.0,2018.0,TB,38.0,,0.05263158
2018,6,00-0034816,R.Jones,RB,TB,ATL,0,0,0.0,0,0.0,0.0,0.0,1,3.0,0,3,3,16.0,0,1.9,4.9,,,71.0,200.0,21.258937500000002,0.0,Southern California,2018.0,2018.0,TB,38.0,,0.075
2018,7,00-0034816,R.Jones,RB,TB,CLE,0,0,0.0,0,0.0,0.0,0.0,6,13.0,1,1,1,15.0,0,8.8,9.8,,,71.0,200.0,21.258937500000002,0.0,Southern California,2018.0,2018.0,TB,38.0,3.0,0.01923077
2018,8,00-0034816,R.Jones,RB,TB,CIN,0,0,0.0,0,0.0,0.0,0.0,2,-3.0,0,1,1,4.0,0,0.1,1.1,,,71.0,200.0,21.258937500000002,0.0,Southern California,2018.0,2018.0,TB,38.0,,0.02
2018,13,00-0034816,R.Jones,RB,TB,CAR,0,0,0.0,0,0.0,0.0,0.0,4,2.0,0,0,0,0.0,0,0.2,0.2,,,71.0,200.0,21.258937500000002,0.0,Southern California,2018.0,2018.0,TB,38.0,7.0,
2018,15,00-0034816,R.Jones,RB,TB,BAL,0,0,0.0,0,0.0,0.0,0.0,0,0.0,0,2,1,-1.0,0,-0.1,0.9,,,71.0,200.0,21.258937500000002,0.0,Southern California,2018.0,2018.0,TB,38.0,,0.08
2018,1,00-0034827,D.Moore,WR,CAR,DAL,0,0,0.0,0,0.0,0.0,0.0,1,3.0,0,0,0,0.0,0,0.3,0.3,,,71.0,215.0,21.5635625,0.0,Maryland,2018.0,2018.0,CAR,24.0,8.0,
2018,2,00-0034827,D.Moore,WR,CAR,ATL,0,0,0.0,0,0.0,0.0,0.0,1,7.0,0,2,1,51.0,1,11.8,12.8,,,71.0,215.0,21.5635625,0.0,Maryland,2018.0,2018.0,CAR,24.0,,0.044444446
2018,3,00-0034827,D.Moore,WR,CAR,CIN,0,0,0.0,0,0.0,0.0,0.0,0,0.0,0,2,1,3.0,0,0.3,1.3,,,71.0,215.0,21.5635625,0.0,Maryland,2018.0,2018.0,CAR,24.0,10.0,0.083333336
2018,5,00-0034827,D.Moore,WR,CAR,NYG,0,0,0.0,0,0.0,0.0,0.0,1,18.0,0,4,4,49.0,0,6.7,10.7,,,71.0,215.0,21.5635625,0.0,Maryland,2018.0,2018.0,CAR,24.0,2.0,0.11764706
2018,6,00-0034827,D.Moore,WR,CAR,WAS,0,0,0.0,0,0.0,0.0,0.0,1,18.0,0,5,4,59.0,0,5.7,9.7,,,71.0,215.0,21.5635625,0.0,Maryland,2018.0,2018.0,CAR,24.0,,0.13513513
2018,7,00-0034827,D.Moore,WR,CAR,PHI,0,0,0.0,0,0.0,0.0,0.0,0,0.0,0,5,3,29.0,0,2.9,5.9,,,71.0,215.0,21.5635625,0.0,Maryland,2018.0,2018.0,CAR,24.0,,0.13513513
2018,8,00-0034827,D.Moore,WR,CAR,BAL,0,0,0.0,0,0.0,0.0,0.0,2,39.0,0,6,5,90.0,0,12.9,17.9,,,71.0,215.0,21.5635625,0.0,Maryland,2018.0,2018.0,CAR,24.0,15.0,0.22222222
2018,9,00-0034827,D.Moore,WR,CAR,TB,0,0,0.0,0,0.0,0.0,0.0,1,32.0,0,2,1,16.0,0,4.8,5.8,,,71.0,215.0,21.5635625,0.0,Maryland,2018.0,2018.0,CAR,24.0,14.0,0.083333336
2018,10,00-0034827,D.Moore,WR,CAR,PIT,0,0,0.0,0,0.0,0.0,0.0,1,5.0,0,5,4,20.0,0,2.5,6.5,,,71.0,215.0,21.5635625,0.0,Maryland,2018.0,2018.0,CAR,24.0,,0.17857143
2018,11,00-0034827,D.Moore,WR,CAR,DET,0,0,0.0,0,0.0,0.0,0.0,0,0.0,0,8,7,157.0,1,21.7,28.7,,,71.0,215.0,21.5635625,0.0,Maryland,2018.0,2018.0,CAR,24.0,,0.21621622
2018,12,00-0034827,D.Moore,WR,CAR,SEA,0,0,0.0,0,0.0,0.0,0.0,1,7.0,0,9,8,91.0,0,9.8,17.8,,,71.0,215.0,21.5635625,0.0,Maryland,2018.0,2018.0,CAR,24.0,-3.0,0.31034482
2018,13,00-0034827,D.Moore,WR,CAR,TB,0,0,0.0,0,0.0,0.0,0.0,2,21.0,0,8,4,44.0,0,6.5,10.5,,,71.0,215.0,21.5635625,0.0,Maryland,2018.0,2018.0,CAR,24.0,,0.19512194
2018,14,00-0034827,D.Moore,WR,CAR,CLE,0,0,0.0,0,0.0,0.0,0.0,1,0.0,0,8,5,67.0,0,6.7,11.7,,,71.0,215.0,21.5635625,0.0,Maryland,2018.0,2018.0,CAR,24.0,,0.1904762
2018,15,00-0034827,D.Moore,WR,CAR,NO,0,0,0.0,0,0.0,0.0,0.0,1,22.0,0,3,2,12.0,0,1.4,3.4,,,71.0,215.0,21.5635625,0.0,Maryland,2018.0,2018.0,CAR,24.0,-3.0,0.10344828
2018,16,00-0034827,D.Moore,WR,CAR,ATL,0,0,0.0,0,0.0,0.0,0.0,0,0.0,0,7,2,19.0,0,1.9,3.9,,,71.0,215.0,21.5635625,0.0,Maryland,2018.0,2018.0,CAR,24.0,-14.0,0.12727273
2018,17,00-0034827,D.Moore,WR,CAR,NO,0,0,0.0,0,0.0,0.0,0.0,0,0.0,0,8,4,81.0,0,8.1,12.1,,,71.0,215.0,21.5635625,0.0,Maryland,2018.0,2018.0,CAR,24.0,,0.26666668
2018,1,00-0034829,M.Gesicki,TE,MIA,TEN,0,0,0.0,0,0.0,0.0,0.0,0,0.0,0,2,1,11.0,0,1.1,2.1,,,78.0,252.0,23.0853125,0.0,Penn State,2018.0,2018.0,MIA,42.0,7.0,0.071428575
2018,3,00-0034829,M.Gesicki,TE,MIA,LV,0,0,0.0,0,0.0,0.0,0.0,0,0.0,0,3,3,31.0,0,3.1,6.1,,,78.0,252.0,23.0853125,0.0,Penn State,2018.0,2018.0,MIA,42.0,8.0,0.125
2018,4,00-0034829,M.Gesicki,TE,MIA,NE,0,0,0.0,0,0.0,0.0,0.0,0,0.0,0,2,1,9.0,0,0.9,1.9,,,78.0,252.0,23.0853125,0.0,Penn State,2018.0,2018.0,MIA,42.0,,0.08
2018,5,00-0034829,M.Gesicki,TE,MIA,CIN,0,0,0.0,0,0.0,0.0,0.0,0,0.0,0,5,3,26.0,0,2.6,5.6,,,78.0,252.0,23.0853125,0.0,Penn State,2018.0,2018.0,MIA,42.0,,0.15151516
2018,6,00-0034829,M.Gesicki,TE,MIA,CHI,0,0,0.0,0,0.0,0.0,0.0,0,0.0,0,2,1,11.0,0,1.1,2.1,,,78.0,252.0,23.0853125,0.0,Penn State,2018.0,2018.0,MIA,42.0,3.0,0.05
2018,7,00-0034829,M.Gesicki,TE,MIA,DET,0,0,0.0,0,0.0,0.0,0.0,0,0.0,0,3,3,44.0,0,4.4,7.4,,,78.0,252.0,23.0853125,0.0,Penn State,2018.0,2018.0,MIA,42.0,-11.0,0.1
2018,8,00-0034829,M.Gesicki,TE,MIA,HOU,0,0,0.0,0,0.0,0.0,0.0,0,0.0,0,5,4,14.0,0,1.4,5.4,,,78.0,252.0,23.0853125,0.0,Penn State,2018.0,2018.0,MIA,42.0,,0.15151516
2018,9,00-0034829,M.Gesicki,TE,MIA,NYJ,0,0,0.0,0,0.0,0.0,0.0,0,0.0,0,1,0,0.0,0,0.0,0.0,,,78.0,252.0,23.0853125,0.0,Penn State,2018.0,2018.0,MIA,42.0,7.0,0.045454547
2018,10,00-0034829,M.Gesicki,TE,MIA,GB,0,0,0.0,0,0.0,0.0,0.0,0,0.0,0,1,1,5.0,0,0.5,1.5,,,78.0,252.0,23.0853125,0.0,Penn State,2018.0,2018.0,MIA,42.0,,0.027777778
2018,12,00-0034829,M.Gesicki,TE,MIA,IND,0,0,0.0,0,0.0,0.0,0.0,0,0.0,0,1,1,5.0,0,-1.5,-0.5,,,78.0,252.0,23.0853125,0.0,Penn State,2018.0,2018.0,MIA,42.0,,0.041666668
2018,14,00-0034829,M.Gesicki,TE,MIA,NE,0,0,0.0,0,0.0,0.0,0.0,0,0.0,0,1,0,0.0,0,0.0,0.0,,,78.0,252.0,23.0853125,0.0,Penn State,2018.0,2018.0,MIA,42.0,1.0,0.05263158
2018,15,00-0034829,M.Gesicki,TE,MIA,MIN,0,0,0.0,0,0.0,0.0,0.0,0,0.0,0,3,2,23.0,0,2.3,4.3,,,78.0,252.0,23.0853125,0.0,Penn State,2018.0,2018.0,MIA,42.0,,0.13043478
2018,16,00-0034829,M.Gesicki,TE,MIA,JAX,0,0,0.0,0,0.0,0.0,0.0,0,0.0,0,1,1,5.0,0,0.5,1.5,,,78.0,252.0,23.0853125,0.0,Penn State,2018.0,2018.0,MIA,42.0,-10.0,0.04761905
2018,17,00-0034829,M.Gesicki,TE,MIA,BUF,0,0,0.0,0,0.0,0.0,0.0,0,0.0,0,2,1,18.0,0,1.8,2.8,,,78.0,252.0,23.0853125,0.0,Penn State,2018.0,2018.0,MIA,42.0,,0.06666667
2018,5,00-0034830,H.Hurst,TE,BAL,CLE,0,0,0.0,0,0.0,0.0,0.0,0,0.0,0,2,1,7.0,0,0.7,1.7,,,76.0,250.0,25.204764705882354,0.0,South Carolina,2018.0,2018.0,BAL,25.0,,0.03508772
2018,6,00-0034830,H.Hurst,TE,BAL,TEN,0,0,0.0,0,0.0,0.0,0.0,1,0.0,0,1,0,0.0,0,0.0,0.0,,,76.0,250.0,25.204764705882354,0.0,South Carolina,2018.0,2018.0,BAL,25.0,,0.027027028
2018,7,00-0034830,H.Hurst,TE,BAL,NO,0,0,0.0,0,0.0,0.0,0.0,0,0.0,0,2,0,0.0,0,0.0,0.0,,,76.0,250.0,25.204764705882354,0.0,South Carolina,2018.0,2018.0,BAL,25.0,-1.0,0.054054055
2018,8,00-0034830,H.Hurst,TE,BAL,CAR,0,0,0.0,0,0.0,0.0,0.0,0,0.0,0,3,2,29.0,1,8.9,10.9,,,76.0,250.0,25.204764705882354,0.0,South Carolina,2018.0,2018.0,BAL,25.0,,0.06818182
2018,9,00-0034830,H.Hurst,TE,BAL,PIT,0,0,0.0,0,0.0,0.0,0.0,0,0.0,0,2,1,21.0,0,2.1,3.1,,,76.0,250.0,25.204764705882354,0.0,South Carolina,2018.0,2018.0,BAL,25.0,-7.0,0.054054055
2018,12,00-0034830,H.Hurst,TE,BAL,LV,0,0,0.0,0,0.0,0.0,0.0,0,0.0,0,4,3,25.0,0,2.5,5.5,,,76.0,250.0,25.204764705882354,0.0,South Carolina,2018.0,2018.0,BAL,25.0,17.0,0.16666667
2018,15,00-0034830,H.Hurst,TE,BAL,TB,0,0,0.0,0,0.0,0.0,0.0,0,0.0,0,3,3,20.0,0,2.0,5.0,,,76.0,250.0,25.204764705882354,0.0,South Carolina,2018.0,2018.0,BAL,25.0,8.0,0.14285715
2018,16,00-0034830,H.Hurst,TE,BAL,LAC,0,0,0.0,0,0.0,0.0,0.0,0,0.0,0,2,1,18.0,0,1.8,2.8,,,76.0,250.0,25.204764705882354,0.0,South Carolina,2018.0,2018.0,BAL,25.0,,0.09090909
2018,17,00-0034830,H.Hurst,TE,BAL,CLE,0,0,0.0,0,0.0,0.0,0.0,0,0.0,0,4,2,43.0,0,4.3,6.3,,,76.0,250.0,25.204764705882354,0.0,South Carolina,2018.0,2018.0,BAL,25.0,2.0,0.17391305
2018,18,00-0034830,H.Hurst,TE,BAL,LAC,0,0,0.0,0,0.0,0.0,0.0,0,0.0,0,1,0,0.0,0,0.0,0.0,,,76.0,250.0,25.204764705882354,0.0,South Carolina,2018.0,2018.0,BAL,25.0,-6.0,0.03846154
2018,15,00-0034834,S.Hubbard,DE,CIN,LV,0,0,0.0,0,0.0,0.0,0.0,0,0.0,0,1,0,0.0,0,0.0,0.0,,,77.0,265.0,23.3505625,0.0,Ohio State,2018.0,2018.0,CIN,77.0,14.0,0.030303031
2018,1,00-0034837,C.Ridley,WR,ATL,PHI,0,0,0.0,0,0.0,0.0,0.0,0,0.0,0,2,0,0.0,0,0.0,0.0,,,73.0,190.0,23.8743125,0.0,Alabama,2018.0,2018.0,ATL,26.0,,0.051282052
2018,2,00-0034837,C.Ridley,WR,ATL,CAR,0,0,0.0,0,0.0,0.0,0.0,1,3.0,0,5,4,64.0,1,12.7,16.7,,,73.0,190.0,23.8743125,0.0,Alabama,2018.0,2018.0,ATL,26.0,7.0,0.17857143
2018,3,00-0034837,C.Ridley,WR,ATL,NO,0,0,0.0,0,0.0,0.0,0.0,1,9.0,0,8,7,146.0,3,33.5,40.5,,,73.0,190.0,23.8743125,0.0,Alabama,2018.0,2018.0,ATL,26.0,-6.0,0.23529412
2018,4,00-0034837,C.Ridley,WR,ATL,CIN,0,0,0.0,0,0.0,0.0,0.0,1,1.0,0,6,4,54.0,2,17.5,21.5,,,73.0,190.0,23.8743125,0.0,Alabama,2018.0,2018.0,ATL,26.0,-1.0,0.15789473
2018,5,00-0034837,C.Ridley,WR,ATL,PIT,0,0,0.0,0,0.0,0.0,0.0,0,0.0,0,5,4,38.0,0,3.8,7.8,,,73.0,190.0,23.8743125,0.0,Alabama,2018.0,2018.0,ATL,26.0,,0.11111111
2018,6,00-0034837,C.Ridley,WR,ATL,TB,0,0,0.0,0,0.0,0.0,0.0,0,0.0,0,3,3,47.0,0,4.7,7.7,,,73.0,190.0,23.8743125,0.0,Alabama,2018.0,2018.0,ATL,26.0,5.0,0.07317073
2018,7,00-0034837,C.Ridley,WR,ATL,NYG,0,0,0.0,0,0.0,0.0,0.0,0,0.0,0,6,5,43.0,0,4.3,9.3,,,73.0,190.0,23.8743125,0.0,Alabama,2018.0,2018.0,ATL,26.0,3.0,0.16666667
2018,9,00-0034837,C.Ridley,WR,ATL,WAS,0,0,0.0,0,0.0,0.0,0.0,1,6.0,0,9,6,71.0,1,13.7,19.7,,,73.0,190.0,23.8743125,0.0,Alabama,2018.0,2018.0,ATL,26.0,,0.24324325
2018,10,00-0034837,C.Ridley,WR,ATL,CLE,0,0,0.0,0,0.0,0.0,0.0,1,3.0,0,5,3,37.0,0,4.0,7.0,,,73.0,190.0,23.8743125,0.0,Alabama,2018.0,2018.0,ATL,26.0,,0.09803922
2018,11,00-0034837,C.Ridley,WR,ATL,DAL,0,0,0.0,0,0.0,0.0,0.0,1,5.0,0,4,3,32.0,0,3.7,6.7,,,73.0,190.0,23.8743125,0.0,Alabama,2018.0,2018.0,ATL,26.0,-3.0,0.11764706
2018,12,00-0034837,C.Ridley,WR,ATL,NO,0,0,0.0,0,0.0,0.0,0.0,0,0.0,0,13,8,93.0,1,13.3,21.3,,,73.0,190.0,23.8743125,0.0,Alabama,2018.0,2018.0,ATL,26.0,,0.27659574
2018,13,00-0034837,C.Ridley,WR,ATL,BAL,0,0,0.0,0,0.0,0.0,0.0,0,0.0,0,5,3,22.0,0,2.2,5.2,,,73.0,190.0,23.8743125,0.0,Alabama,2018.0,2018.0,ATL,26.0,-10.0,0.18518518
2018,14,00-0034837,C.Ridley,WR,ATL,GB,0,0,0.0,0,0.0,0.0,0.0,0,0.0,0,4,1,10.0,0,1.0,2.0,,,73.0,190.0,23.8743125,0.0,Alabama,2018.0,2018.0,ATL,26.0,,0.0952381
2018,15,00-0034837,C.Ridley,WR,ATL,ARI,0,0,0.0,0,0.0,0.0,0.0,0,0.0,0,7,5,42.0,0,4.2,9.2,,,73.0,190.0,23.8743125,0.0,Alabama,2018.0,2018.0,ATL,26.0,26.0,0.19444445
2018,16,00-0034837,C.Ridley,WR,ATL,CAR,0,0,0.0,0,0.0,0.0,0.0,0,0.0,0,5,3,90.0,1,15.0,18.0,,,73.0,190.0,23.8743125,0.0,Alabama,2018.0,2018.0,ATL,26.0,,0.1923077
2018,17,00-0034837,C.Ridley,WR,ATL,TB,0,0,0.0,0,0.0,0.0,0.0,0,0.0,0,5,5,32.0,1,9.2,14.2,,,73.0,190.0,23.8743125,0.0,Alabama,2018.0,2018.0,ATL,26.0,,0.11627907
2018,1,00-0034838,R.Freeman,RB,DEN,SEA,0,0,0.0,0,0.0,0.0,0.0,15,71.0,0,0,0,0.0,0,7.1,7.1,,,72.0,238.0,22.6925625,0.0,Oregon,2018.0,2018.0,DEN,71.0,3.0,
2018,2,00-0034838,R.Freeman,RB,DEN,LV,0,0,0.0,0,0.0,0.0,0.0,8,28.0,1,1,0,0.0,0,8.8,8.8,,,72.0,238.0,22.6925625,0.0,Oregon,2018.0,2018.0,DEN,71.0,1.0,0.029411765
2018,3,00-0034838,R.Freeman,RB,DEN,BAL,0,0,0.0,0,0.0,0.0,0.0,13,53.0,1,1,1,5.0,0,11.8,12.8,,,72.0,238.0,22.6925625,0.0,Oregon,2018.0,2018.0,DEN,71.0,,0.029411765
2018,4,00-0034838,R.Freeman,RB,DEN,KC,0,0,0.0,0,0.0,0.0,0.0,8,67.0,1,0,0,0.0,0,12.7,12.7,,,72.0,238.0,22.6925625,0.0,Oregon,2018.0,2018.0,DEN,71.0,-4.0,
2018,5,00-0034838,R.Freeman,RB,DEN,NYJ,0,0,0.0,0,0.0,0.0,0.0,5,31.0,0,4,3,16.0,0,4.7,7.7,,,72.0,238.0,22.6925625,0.0,Oregon,2018.0,2018.0,DEN,71.0,,0.078431375
2018,6,00-0034838,R.Freeman,RB,DEN,LA,0,0,0.0,0,0.0,0.0,0.0,9,22.0,0,0,0,0.0,0,2.2,2.2,,,72.0,238.0,22.6925625,0.0,Oregon,2018.0,2018.0,DEN,71.0,-3.0,
2018,7,00-0034838,R.Freeman,RB,DEN,ARI,0,0,0.0,0,0.0,0.0,0.0,13,37.0,1,0,0,0.0,0,9.7,9.7,,,72.0,238.0,22.6925625,0.0,Oregon,2018.0,2018.0,DEN,71.0,,
2018,11,00-0034838,R.Freeman,RB,DEN,LAC,0,0,0.0,0,0.0,0.0,0.0,7,23.0,1,1,1,7.0,0,9.0,10.0,,,72.0,238.0,22.6925625,0.0,Oregon,2018.0,2018.0,DEN,71.0,,0.032258064
2018,12,00-0034838,R.Freeman,RB,DEN,PIT,0,0,0.0,0,0.0,0.0,0.0,6,17.0,0,0,0,0.0,0,1.7,1.7,,,72.0,238.0,22.6925625,0.0,Oregon,2018.0,2018.0,DEN,71.0,7.0,
2018,13,00-0034838,R.Freeman,RB,DEN,CIN,0,0,0.0,0,0.0,0.0,0.0,12,48.0,0,0,0,0.0,0,2.8,2.8,,,72.0,238.0,22.6925625,0.0,Oregon,2018.0,2018.0,DEN,71.0,,
2018,14,00-0034838,R.Freeman,RB,DEN,SF,0,0,0.0,0,0.0,0.0,0.0,6,36.0,0,1,0,0.0,0,3.6,3.6,,,72.0,238.0,22.6925625,0.0,Oregon,2018.0,2018.0,DEN,71.0,,0.02631579
2018,15,00-0034838,R.Freeman,RB,DEN,CLE,0,0,0.0,0,0.0,0.0,0.0,4,7.0,0,1,1,1.0,0,0.8,1.8,,,72.0,238.0,22.6925625,0.0,Oregon,2018.0,2018.0,DEN,71.0,-1.0,0.022222223
2018,16,00-0034838,R.Freeman,RB,DEN,LV,0,0,0.0,0,0.0,0.0,0.0,7,21.0,0,1,0,0.0,0,2.1,2.1,,,72.0,238.0,22.6925625,0.0,Oregon,2018.0,2018.0,DEN,71.0,,0.027777778
2018,17,00-0034838,R.Freeman,RB,DEN,LAC,0,0,0.0,0,0.0,0.0,0.0,17,60.0,0,10,8,43.0,0,10.3,18.3,,,72.0,238.0,22.6925625,0.0,Oregon,2018.0,2018.0,DEN,71.0,-14.0,0.21276596
2018,1,00-0034844,S.Barkley,RB,NYG,JAX,0,0,0.0,0,0.0,0.0,0.0,18,106.0,1,6,2,22.0,0,18.8,20.8,,,72.0,223.0,21.7328125,0.0,Penn State,2018.0,2018.0,NYG,2.0,-5.0,0.16666667
2018,2,00-0034844,S.Barkley,RB,NYG,DAL,0,0,0.0,0,0.0,0.0,0.0,11,28.0,0,16,14,80.0,0,10.8,24.8,,,72.0,223.0,21.7328125,0.0,Penn State,2018.0,2018.0,NYG,2.0,,0.36363637
2018,3,00-0034844,S.Barkley,RB,NYG,HOU,0,0,0.0,0,0.0,0.0,0.0,17,82.0,1,5,5,35.0,0,17.7,22.7,,,72.0,223.0,21.7328125,0.0,Penn State,2018.0,2018.0,NYG,2.0,,0.1724138
2018,4,00-0034844,S.Barkley,RB,NYG,NO,0,0,0.0,0,0.0,0.0,0.0,10,44.0,1,8,6,56.0,0,16.0,22.0,,,72.0,223.0,21.7328125,0.0,Penn State,2018.0,2018.0,NYG,2.0,-15.0,0.19512194
2018,5,00-0034844,S.Barkley,RB,NYG,CAR,0,0,0.0,0,0.0,0.0,0.0,15,48.0,0,4,4,81.0,2,24.9,28.9,,,72.0,223.0,21.7328125,0.0,Penn State,2018.0,2018.0,NYG,2.0,,0.10810811
2018,6,00-0034844,S.Barkley,RB,NYG,PHI,0,0,0.0,0,0.0,0.0,0.0,13,130.0,1,12,9,99.0,0,28.9,37.9,,,72.0,223.0,21.7328125,0.0,Penn State,2018.0,2018.0,NYG,2.0,-21.0,0.27906978
2018,7,00-0034844,S.Barkley,RB,NYG,ATL,0,0,0.0,0,0.0,0.0,0.0,14,43.0,1,10,9,51.0,0,17.4,26.4,,,72.0,223.0,21.7328125,0.0,Penn State,2018.0,2018.0,NYG,2.0,,0.27027026
2018,8,00-0034844,S.Barkley,RB,NYG,WAS,0,0,0.0,0,0.0,0.0,0.0,13,38.0,0,10,9,73.0,0,11.1,20.1,,,72.0,223.0,21.7328125,0.0,Penn State,2018.0,2018.0,NYG,2.0,-7.0,0.2173913
2018,10,00-0034844,S.Barkley,RB,NYG,SF,0,0,0.0,0,0.0,0.0,0.0,20,67.0,0,5,4,33.0,0,10.0,14.0,,,72.0,223.0,21.7328125,0.0,Penn State,2018.0,2018.0,NYG,2.0,,0.16129032
2018,11,00-0034844,S.Barkley,RB,NYG,TB,0,0,0.0,0,0.0,0.0,0.0,27,142.0,2,3,2,10.0,1,33.2,35.2,,,72.0,223.0,21.7328125,0.0,Penn State,2018.0,2018.0,NYG,2.0,3.0,0.16666667
2018,12,00-0034844,S.Barkley,RB,NYG,PHI,0,0,0.0,0,0.0,0.0,0.0,13,101.0,1,8,7,41.0,1,26.2,33.2,,,72.0,223.0,21.7328125,0.0,Penn State,2018.0,2018.0,NYG,2.0,,0.21621622
2018,13,00-0034844,S.Barkley,RB,NYG,CHI,0,0,0.0,0,0.0,0.0,0.0,24,125.0,0,4,3,21.0,0,14.6,17.6,,,72.0,223.0,21.7328125,0.0,Penn State,2018.0,2018.0,NYG,2.0,3.0,0.114285715
2018,14,00-0034844,S.Barkley,RB,NYG,WAS,0,0,0.0,0,0.0,0.0,0.0,14,170.0,1,5,4,27.0,0,25.7,29.7,,,72.0,223.0,21.7328125,0.0,Penn State,2018.0,2018.0,NYG,2.0,,0.1923077
2018,15,00-0034844,S.Barkley,RB,NYG,TEN,0,0,0.0,0,0.0,0.0,0.0,14,31.0,0,10,4,25.0,0,5.6,9.6,,,72.0,223.0,21.7328125,0.0,Penn State,2018.0,2018.0,NYG,2.0,-17.0,0.22727273
2018,16,00-0034844,S.Barkley,RB,NYG,IND,0,0,0.0,0,0.0,0.0,0.0,21,43.0,1,7,5,34.0,0,13.7,18.7,,,72.0,223.0,21.7328125,0.0,Penn State,2018.0,2018.0,NYG,2.0,,0.22580644
2018,17,00-0034844,S.Barkley,RB,NYG,DAL,0,0,0.0,0,0.0,0.0,0.0,17,109.0,1,8,4,33.0,0,20.2,24.2,,,72.0,223.0,21.7328125,0.0,Penn State,2018.0,2018.0,NYG,2.0,-1.0,0.20512821
2018,2,00-0034845,S.Michel,RB,NE,JAX,0,0,0.0,0,0.0,0.0,0.0,10,34.0,0,2,1,7.0,0,4.1,5.1,,,71.0,215.0,23.74457894736842,0.0,Georgia,2018.0,2018.0,NE,31.0,,0.057142857
2018,3,00-0034845,S.Michel,RB,NE,DET,0,0,0.0,0,0.0,0.0,0.0,14,50.0,0,3,1,-1.0,0,4.9,5.9,,,71.0,215.0,23.74457894736842,0.0,Georgia,2018.0,2018.0,NE,31.0,,0.125
2018,4,00-0034845,S.Michel,RB,NE,MIA,0,0,0.0,0,0.0,0.0,0.0,25,112.0,1,0,0,0.0,0,17.2,17.2,,,71.0,215.0,23.74457894736842,0.0,Georgia,2018.0,2018.0,NE,31.0,31.0,
2018,5,00-0034845,S.Michel,RB,NE,IND,0,0,0.0,0,0.0,0.0,0.0,18,98.0,1,1,1,12.0,0,17.0,18.0,,,71.0,215.0,23.74457894736842,0.0,Georgia,2018.0,2018.0,NE,31.0,14.0,0.022727273
2018,6,00-0034845,S.Michel,RB,NE,KC,0,0,0.0,0,0.0,0.0,0.0,24,106.0,2,1,0,0.0,0,22.6,22.6,,,71.0,215.0,23.74457894736842,0.0,Georgia,2018.0,2018.0,NE,31.0,3.0,0.028571429
2018,7,00-0034845,S.Michel,RB,NE,CHI,0,0,0.0,0,0.0,0.0,0.0,4,22.0,0,1,1,13.0,0,1.5,2.5,,,71.0,215.0,23.74457894736842,0.0,Georgia,2018.0,2018.0,NE,31.0,,0.028571429
2018,10,00-0034845,S.Michel,RB,NE,TEN,0,0,0.0,0,0.0,0.0,0.0,11,31.0,0,0,0,0.0,0,3.1,3.1,,,71.0,215.0,23.74457894736842,0.0,Georgia,2018.0,2018.0,NE,31.0,,
2018,12,00-0034845,S.Michel,RB,NE,NYJ,0,0,0.0,0,0.0,0.0,0.0,21,133.0,1,2,2,12.0,0,20.5,22.5,,,71.0,215.0,23.74457894736842,0.0,Georgia,2018.0,2018.0,NE,31.0,,0.06666667
2018,13,00-0034845,S.Michel,RB,NE,MIN,0,0,0.0,0,0.0,0.0,0.0,17,63.0,0,1,1,7.0,0,7.0,8.0,,,71.0,215.0,23.74457894736842,0.0,Georgia,2018.0,2018.0,NE,31.0,14.0,0.03125
2018,14,00-0034845,S.Michel,RB,NE,MIA,0,0,0.0,0,0.0,0.0,0.0,20,57.0,0,0,0,0.0,0,5.7,5.7,,,71.0,215.0,23.74457894736842,0.0,Georgia,2018.0,2018.0,NE,31.0,,
2018,15,00-0034845,S.Michel,RB,NE,PIT,0,0,0.0,0,0.0,0.0,0.0,13,59.0,0,0,0,0.0,0,5.9,5.9,,,71.0,215.0,23.74457894736842,0.0,Georgia,2018.0,2018.0,NE,31.0,,
2018,16,00-0034845,S.Michel,RB,NE,BUF,0,0,0.0,0,0.0,0.0,0.0,18,116.0,1,0,0,0.0,0,17.6,17.6,,,71.0,215.0,23.74457894736842,0.0,Georgia,2018.0,2018.0,NE,31.0,12.0,
2018,17,00-0034845,S.Michel,RB,NE,NYJ,0,0,0.0,0,0.0,0.0,0.0,14,50.0,0,0,0,0.0,0,5.0,5.0,,,71.0,215.0,23.74457894736842,0.0,Georgia,2018.0,2018.0,NE,31.0,35.0,
2018,19,00-0034845,S.Michel,RB,NE,LAC,0,0,0.0,0,0.0,0.0,0.0,24,129.0,3,1,1,9.0,0,31.8,32.8,,,71.0,215.0,23.74457894736842,0.0,Georgia,2018.0,2018.0,NE,31.0,13.0,0.022727273
2018,20,00-0034845,S.Michel,RB,NE,KC,0,0,0.0,0,0.0,0.0,0.0,29,113.0,2,0,0,0.0,0,23.3,23.3,,,71.0,215.0,23.74457894736842,0.0,Georgia,2018.0,2018.0,NE,31.0,,
2018,21,00-0034845,S.Michel,RB,NE,LA,0,0,0.0,0,0.0,0.0,0.0,18,94.0,1,2,0,0.0,0,15.4,15.4,,,71.0,215.0,23.74457894736842,0.0,Georgia,2018.0,2018.0,NE,31.0,,0.057142857
2018,5,00-0034854,K.Hodge,WR,LA,SEA,0,0,0.0,0,0.0,0.0,0.0,0,0.0,0,1,1,14.0,0,1.4,2.4,,,71.0,200.0,23.866842105263157,0.0,Prairie View,2018.0,2018.0,,,,0.03125
2018,11,00-0034854,K.Hodge,WR,LA,KC,0,0,0.0,0,0.0,0.0,0.0,0,0.0,0,1,1,3.0,0,0.3,1.3,,,71.0,200.0,23.866842105263157,0.0,Prairie View,2018.0,2018.0,,,3.0,0.02173913
2018,15,00-0034854,K.Hodge,WR,LA,PHI,0,0,0.0,0,0.0,0.0,0.0,0,0.0,0,1,0,0.0,0,0.0,0.0,,,71.0,200.0,23.866842105263157,0.0,Prairie View,2018.0,2018.0,,,-7.0,0.019607844
2018,3,00-0034855,B.Mayfield,QB,CLE,NYJ,17,23,201.0,0,0.0,1.0,8.0,2,-2.0,0,0,0,0.0,0,9.84,9.84,,,73.0,220.0,23.556125,0.0,Oklahoma,2018.0,2018.0,CLE,1.0,4.0,
2018,4,00-0034855,B.Mayfield,QB,CLE,LV,21,41,295.0,2,2.0,2.0,16.0,4,10.0,0,0,0,0.0,0,12.8,12.8,,,73.0,220.0,23.556125,0.0,Oklahoma,2018.0,2018.0,CLE,1.0,,
2018,5,00-0034855,B.Mayfield,QB,CLE,BAL,25,43,342.0,1,1.0,5.0,38.0,2,23.0,0,0,0,0.0,0,17.98,17.98,,,73.0,220.0,23.556125,0.0,Oklahoma,2018.0,2018.0,CLE,1.0,3.0,
2018,6,00-0034855,B.Mayfield,QB,CLE,LAC,22,46,238.0,1,2.0,5.0,24.0,2,8.0,0,0,0,0.0,0,12.32,12.32,,,73.0,220.0,23.556125,0.0,Oklahoma,2018.0,2018.0,CLE,1.0,-24.0,
2018,7,00-0034855,B.Mayfield,QB,CLE,TB,23,34,215.0,2,0.0,5.0,29.0,4,43.0,0,0,0,0.0,0,20.9,20.9,,,73.0,220.0,23.556125,0.0,Oklahoma,2018.0,2018.0,CLE,1.0,,
2018,8,00-0034855,B.Mayfield,QB,CLE,PIT,22,36,180.0,2,1.0,2.0,17.0,1,9.0,0,0,0,0.0,0,14.1,14.1,,,73.0,220.0,23.556125,0.0,Oklahoma,2018.0,2018.0,CLE,1.0,,
2018,9,00-0034855,B.Mayfield,QB,CLE,KC,29,42,297.0,2,1.0,2.0,22.0,0,0.0,0,0,0,0.0,0,17.88,17.88,,,73.0,220.0,23.556125,0.0,Oklahoma,2018.0,2018.0,CLE,1.0,-16.0,
2018,10,00-0034855,B.Mayfield,QB,CLE,ATL,17,20,216.0,3,0.0,0.0,-0.0,6,20.0,0,1,0,0.0,0,22.64,22.64,,,73.0,220.0,23.556125,0.0,Oklahoma,2018.0,2018.0,CLE,1.0,12.0,0.04761905
2018,12,00-0034855,B.Mayfield,QB,CLE,CIN,19,26,258.0,4,0.0,0.0,-0.0,4,-4.0,0,0,0,0.0,0,25.92,25.92,,,73.0,220.0,23.556125,0.0,Oklahoma,2018.0,2018.0,CLE,1.0,,
2018,13,00-0034855,B.Mayfield,QB,CLE,HOU,29,43,397.0,1,3.0,0.0,-0.0,0,0.0,0,0,0,0.0,0,13.88,13.88,,,73.0,220.0,23.556125,0.0,Oklahoma,2018.0,2018.0,CLE,1.0,,
2018,14,00-0034855,B.Mayfield,QB,CLE,CAR,18,22,238.0,1,0.0,1.0,6.0,4,2.0,0,0,0,0.0,0,13.72,13.72,,,73.0,220.0,23.556125,0.0,Oklahoma,2018.0,2018.0,CLE,1.0,6.0,
2018,15,00-0034855,B.Mayfield,QB,CLE,DEN,18,31,188.0,2,1.0,2.0,13.0,4,6.0,0,0,0,0.0,0,12.12,12.12,,,73.0,220.0,23.556125,0.0,Oklahoma,2018.0,2018.0,CLE,1.0,,
2018,16,00-0034855,B.Mayfield,QB,CLE,CIN,27,37,284.0,3,0.0,0.0,-0.0,6,16.0,0,0,0,0.0,0,24.96,24.96,,,73.0,220.0,23.556125,0.0,Oklahoma,2018.0,2018.0,CLE,1.0,8.0,
2018,17,00-0034855,B.Mayfield,QB,CLE,BAL,23,42,376.0,3,3.0,0.0,-0.0,0,0.0,0,0,0,0.0,0,21.04,21.04,,,73.0,220.0,23.556125,0.0,Oklahoma,2018.0,2018.0,CLE,1.0,,
2018,1,00-0034857,J.Allen,QB,BUF,BAL,6,15,74.0,0,0.0,3.0,16.0,4,26.0,0,0,0,0.0,0,5.56,5.56,,,77.0,240.0,22.4536875,0.0,Wyoming,2018.0,2018.0,BUF,7.0,,
2018,2,00-0034857,J.Allen,QB,BUF,LAC,17,32,215.0,1,2.0,5.0,36.0,8,32.0,0,0,0,0.0,0,11.8,11.8,,,77.0,240.0,22.4536875,0.0,Wyoming,2018.0,2018.0,BUF,7.0,-11.0,
2018,3,00-0034857,J.Allen,QB,BUF,MIN,15,22,196.0,1,0.0,3.0,32.0,10,39.0,2,0,0,0.0,0,27.74,27.74,,,77.0,240.0,22.4536875,0.0,Wyoming,2018.0,2018.0,BUF,7.0,,
2018,4,00-0034857,J.Allen,QB,BUF,GB,16,33,151.0,0,2.0,7.0,64.0,5,19.0,0,0,0,0.0,0,1.94,1.94,,,77.0,240.0,22.4536875,0.0,Wyoming,2018.0,2018.0,BUF,7.0,,
2018,5,00-0034857,J.Allen,QB,BUF,TEN,10,19,82.0,0,1.0,1.0,3.0,4,19.0,1,0,0,0.0,0,9.18,9.18,,,77.0,240.0,22.4536875,0.0,Wyoming,2018.0,2018.0,BUF,7.0,1.0,
2018,6,00-0034857,J.Allen,QB,BUF,HOU,10,17,84.0,0,0.0,2.0,16.0,4,20.0,0,0,0,0.0,0,5.36,5.36,,,77.0,240.0,22.4536875,0.0,Wyoming,2018.0,2018.0,BUF,7.0,,
2018,12,00-0034857,J.Allen,QB,BUF,JAX,8,19,160.0,1,0.0,0.0,-0.0,13,99.0,1,0,0,0.0,0,26.3,26.3,,,77.0,240.0,22.4536875,0.0,Wyoming,2018.0,2018.0,BUF,7.0,3.0,
2018,13,00-0034857,J.Allen,QB,BUF,MIA,18,33,231.0,2,2.0,2.0,14.0,9,135.0,0,0,0,0.0,0,28.74,28.74,,,77.0,240.0,22.4536875,0.0,Wyoming,2018.0,2018.0,BUF,7.0,,
2018,14,00-0034857,J.Allen,QB,BUF,NYJ,18,36,206.0,0,2.0,3.0,14.0,9,101.0,1,1,0,0.0,0,18.34,18.34,,,77.0,240.0,22.4536875,0.0,Wyoming,2018.0,2018.0,BUF,7.0,-4.0,0.028571429
2018,15,00-0034857,J.Allen,QB,BUF,DET,13,26,204.0,1,0.0,1.0,9.0,9,16.0,1,0,0,0.0,0,19.76,19.76,,,77.0,240.0,22.4536875,0.0,Wyoming,2018.0,2018.0,BUF,7.0,1.0,
2018,16,00-0034857,J.Allen,QB,BUF,NE,20,41,217.0,1,2.0,0.0,-0.0,5,30.0,0,0,0,0.0,0,11.68,11.68,,,77.0,240.0,22.4536875,0.0,Wyoming,2018.0,2018.0,BUF,7.0,,
2018,17,00-0034857,J.Allen,QB,BUF,MIA,17,26,224.0,3,1.0,1.0,9.0,9,95.0,2,0,0,0.0,0,40.46,40.46,,,77.0,240.0,22.4536875,0.0,Wyoming,2018.0,2018.0,BUF,7.0,25.0,
2018,1,00-0034860,D.Pettis,WR,SF,MIN,0,0,0.0,0,0.0,0.0,0.0,0,0.0,0,5,2,61.0,1,12.1,14.1,,,73.0,195.0,23.0309375,0.0,Washington,2018.0,2018.0,SF,44.0,,0.15625
2018,2,00-0034860,D.Pettis,WR,SF,DET,0,0,0.0,0,0.0,0.0,0.0,0,0.0,0,2,1,35.0,0,3.5,4.5,,,73.0,195.0,23.0309375,0.0,Washington,2018.0,2018.0,SF,44.0,3.0,0.08
2018,8,00-0034860,D.Pettis,WR,SF,ARI,0,0,0.0,0,0.0,0.0,0.0,0,0.0,0,1,0,0.0,0,0.0,0.0,,,73.0,195.0,23.0309375,0.0,Washington,2018.0,2018.0,SF,44.0,,0.037037037
2018,10,00-0034860,D.Pettis,WR,SF,NYG,0,0,0.0,0,0.0,0.0,0.0,0,0.0,0,6,4,12.0,0,1.2,5.2,,,73.0,195.0,23.0309375,0.0,Washington,2018.0,2018.0,SF,44.0,-4.0,0.17142858
2018,12,00-0034860,D.Pettis,WR,SF,TB,0,0,0.0,0,0.0,0.0,0.0,0,0.0,0,7,4,77.0,1,13.7,17.7,,,73.0,195.0,23.0309375,0.0,Washington,2018.0,2018.0,SF,44.0,,0.22580644
2018,13,00-0034860,D.Pettis,WR,SF,SEA,0,0,0.0,0,0.0,0.0,0.0,1,-2.0,0,7,5,129.0,2,24.7,29.7,,,73.0,195.0,23.0309375,0.0,Washington,2018.0,2018.0,SF,44.0,,0.16666667
2018,14,00-0034860,D.Pettis,WR,SF,DEN,0,0,0.0,0,0.0,0.0,0.0,0,0.0,0,7,3,49.0,1,10.9,13.9,,,73.0,195.0,23.0309375,0.0,Washington,2018.0,2018.0,SF,44.0,6.0,0.21875
2018,15,00-0034860,D.Pettis,WR,SF,SEA,0,0,0.0,0,0.0,0.0,0.0,0,0.0,0,5,5,83.0,0,8.3,13.3,,,73.0,195.0,23.0309375,0.0,Washington,2018.0,2018.0,SF,44.0,3.0,0.1724138
2018,16,00-0034860,D.Pettis,WR,SF,CHI,0,0,0.0,0,0.0,0.0,0.0,0,0.0,0,5,3,21.0,0,2.1,5.1,,,73.0,195.0,23.0309375,0.0,Washington,2018.0,2018.0,SF,44.0,-5.0,0.13513513
2018,12,00-0034867,M.Turner,WR,SEA,CAR,0,0,0.0,0,0.0,0.0,0.0,0,0.0,0,2,1,19.0,0,1.9,2.9,,,74.0,202.0,22.774588235294118,0.0,Illinois,2018.0,2018.0,,,,0.071428575
2018,13,00-0034867,M.Turner,WR,SEA,SF,0,0,0.0,0,0.0,0.0,0.0,0,0.0,0,1,1,1.0,0,0.1,1.1,,,74.0,202.0,22.774588235294118,0.0,Illinois,2018.0,2018.0,,,27.0,0.05882353
2018,1,00-0034869,S.Darnold,QB,NYJ,DET,16,21,198.0,2,1.0,2.0,18.0,6,-1.0,0,0,0,0.0,0,13.82,13.82,,,75.0,220.0,21.4125625,0.0,Southern California,2018.0,2018.0,NYJ,3.0,,
2018,2,00-0034869,S.Darnold,QB,NYJ,MIA,25,41,334.0,1,2.0,3.0,14.0,2,1.0,0,0,0,0.0,0,13.46,13.46,,,75.0,220.0,21.4125625,0.0,Southern California,2018.0,2018.0,NYJ,3.0,-8.0,
2018,3,00-0034869,S.Darnold,QB,NYJ,CLE,15,31,169.0,0,2.0,2.0,8.0,0,0.0,0,0,0,0.0,0,2.76,2.76,,,75.0,220.0,21.4125625,0.0,Southern California,2018.0,2018.0,NYJ,3.0,,
2018,4,00-0034869,S.Darnold,QB,NYJ,JAX,17,34,167.0,1,0.0,3.0,23.0,2,8.0,0,0,0,0.0,0,11.48,11.48,,,75.0,220.0,21.4125625,0.0,Southern California,2018.0,2018.0,NYJ,3.0,,
2018,5,00-0034869,S.Darnold,QB,NYJ,DEN,10,22,198.0,3,1.0,1.0,9.0,3,5.0,0,0,0,0.0,0,18.42,18.42,,,75.0,220.0,21.4125625,0.0,Southern California,2018.0,2018.0,NYJ,3.0,18.0,
2018,6,00-0034869,S.Darnold,QB,NYJ,IND,24,30,280.0,2,1.0,2.0,13.0,6,8.0,0,0,0,0.0,0,18.0,18.0,,,75.0,220.0,21.4125625,0.0,Southern California,2018.0,2018.0,NYJ,3.0,8.0,
2018,7,00-0034869,S.Darnold,QB,NYJ,MIN,17,42,206.0,1,3.0,3.0,14.0,6,18.0,1,0,0,0.0,0,12.04,12.04,,,75.0,220.0,21.4125625,0.0,Southern California,2018.0,2018.0,NYJ,3.0,-20.0,
2018,8,00-0034869,S.Darnold,QB,NYJ,CHI,14,29,153.0,1,0.0,1.0,3.0,5,22.0,0,0,0,0.0,0,12.32,12.32,,,75.0,220.0,21.4125625,0.0,Southern California,2018.0,2018.0,NYJ,3.0,,
2018,9,00-0034869,S.Darnold,QB,NYJ,MIA,21,39,229.0,0,4.0,4.0,27.0,0,0.0,0,0,0,0.0,0,1.16,1.16,,,75.0,220.0,21.4125625,0.0,Southern California,2018.0,2018.0,NYJ,3.0,,
2018,14,00-0034869,S.Darnold,QB,NYJ,BUF,16,24,170.0,1,1.0,0.0,-0.0,3,7.0,0,0,0,0.0,0,9.5,9.5,,,75.0,220.0,21.4125625,0.0,Southern California,2018.0,2018.0,NYJ,3.0,,
2018,15,00-0034869,S.Darnold,QB,NYJ,HOU,24,38,253.0,2,0.0,3.0,25.0,6,35.0,0,0,0,0.0,0,21.62,21.62,,,75.0,220.0,21.4125625,0.0,Southern California,2018.0,2018.0,NYJ,3.0,-7.0,
2018,16,00-0034869,S.Darnold,QB,NYJ,GB,24,35,341.0,3,0.0,2.0,18.0,3,4.0,0,0,0,0.0,0,26.04,26.04,,,75.0,220.0,21.4125625,0.0,Southern California,2018.0,2018.0,NYJ,3.0,-6.0,
2018,17,00-0034869,S.Darnold,QB,NYJ,NE,16,28,167.0,0,0.0,4.0,32.0,1,28.0,0,0,0,0.0,0,7.48,7.48,,,75.0,220.0,21.4125625,0.0,Southern California,2018.0,2018.0,NYJ,3.0,,
2019,1,00-0019596,T.Brady,QB,NE,PIT,24,36,341.0,3,0.0,1.0,7.0,0,0.0,0,0,0,0.0,0,25.64,25.64,,,76.0,225.0,42.25894117647059,19.0,Michigan,2000.0,2000.0,NE,199.0,30.0,
2019,2,00-0019596,T.Brady,QB,NE,MIA,20,28,264.0,2,0.0,2.0,9.0,2,1.0,1,0,0,0.0,0,24.66,24.66,,,76.0,225.0,42.25894117647059,19.0,Michigan,2000.0,2000.0,NE,199.0,,
2019,3,00-0019596,T.Brady,QB,NE,NYJ,28,42,306.0,2,0.0,0.0,-0.0,2,-1.0,0,0,0,0.0,0,20.14,20.14,,,76.0,225.0,42.25894117647059,19.0,Michigan,2000.0,2000.0,NE,199.0,16.0,
2019,4,00-0019596,T.Brady,QB,NE,BUF,18,39,150.0,0,1.0,0.0,-0.0,3,-3.0,0,0,0,0.0,0,3.7,3.7,,,76.0,225.0,42.25894117647059,19.0,Michigan,2000.0,2000.0,NE,199.0,,
2019,5,00-0019596,T.Brady,QB,NE,WAS,28,42,348.0,3,1.0,4.0,36.0,0,0.0,0,0,0,0.0,0,23.92,23.92,,,76.0,225.0,42.25894117647059,19.0,Michigan,2000.0,2000.0,NE,199.0,,
2019,6,00-0019596,T.Brady,QB,NE,NYG,31,41,334.0,0,1.0,3.0,21.0,7,6.0,2,0,0,0.0,0,21.96,21.96,,,76.0,225.0,42.25894117647059,19.0,Michigan,2000.0,2000.0,NE,199.0,21.0,
2019,7,00-0019596,T.Brady,QB,NE,NYJ,31,45,249.0,1,1.0,0.0,-0.0,0,0.0,0,0,0,0.0,0,11.96,11.96,,,76.0,225.0,42.25894117647059,19.0,Michigan,2000.0,2000.0,NE,199.0,,
2019,8,00-0019596,T.Brady,QB,NE,CLE,20,36,259.0,2,0.0,3.0,20.0,0,0.0,0,0,0,0.0,0,18.36,18.36,,,76.0,225.0,42.25894117647059,19.0,Michigan,2000.0,2000.0,NE,199.0,14.0,
2019,9,00-0019596,T.Brady,QB,NE,BAL,30,46,285.0,1,1.0,2.0,17.0,0,0.0,0,0,0,0.0,0,13.4,13.4,,,76.0,225.0,42.25894117647059,19.0,Michigan,2000.0,2000.0,NE,199.0,,
2019,11,00-0019596,T.Brady,QB,NE,PHI,26,47,216.0,0,0.0,1.0,7.0,1,-1.0,0,0,0,0.0,0,8.54,8.54,,,76.0,225.0,42.25894117647059,19.0,Michigan,2000.0,2000.0,NE,199.0,,
2019,12,00-0019596,T.Brady,QB,NE,DAL,17,37,190.0,1,0.0,2.0,9.0,2,-3.0,0,0,0,0.0,0,11.3,11.3,,,76.0,225.0,42.25894117647059,19.0,Michigan,2000.0,2000.0,NE,199.0,4.0,
2019,13,00-0019596,T.Brady,QB,NE,HOU,24,47,326.0,3,1.0,3.0,23.0,1,13.0,0,0,0,0.0,0,24.34,24.34,,,76.0,225.0,42.25894117647059,19.0,Michigan,2000.0,2000.0,NE,199.0,,
2019,14,00-0019596,T.Brady,QB,NE,KC,19,36,169.0,1,1.0,3.0,20.0,2,20.0,0,0,0,0.0,0,10.76,10.76,,,76.0,225.0,42.25894117647059,19.0,Michigan,2000.0,2000.0,NE,199.0,-7.0,
2019,15,00-0019596,T.Brady,QB,NE,CIN,15,29,128.0,2,0.0,2.0,12.0,2,-2.0,0,0,0,0.0,0,12.92,12.92,,,76.0,225.0,42.25894117647059,19.0,Michigan,2000.0,2000.0,NE,199.0,,
2019,16,00-0019596,T.Brady,QB,NE,BUF,26,33,271.0,1,0.0,0.0,-0.0,4,4.0,0,0,0,0.0,0,17.24,17.24,,,76.0,225.0,42.25894117647059,19.0,Michigan,2000.0,2000.0,NE,199.0,7.0,
2019,17,00-0019596,T.Brady,QB,NE,MIA,16,29,221.0,2,1.0,1.0,4.0,0,0.0,0,0,0,0.0,0,14.84,14.84,,,76.0,225.0,42.25894117647059,19.0,Michigan,2000.0,2000.0,NE,199.0,-3.0,
2019,18,00-0019596,T.Brady,QB,NE,TEN,20,37,209.0,0,1.0,0.0,-0.0,0,0.0,0,0,0,0.0,0,6.36,6.36,,,76.0,225.0,42.25894117647059,19.0,Michigan,2000.0,2000.0,NE,199.0,-7.0,
2019,1,00-0020531,D.Brees,QB,NO,HOU,32,43,370.0,2,1.0,1.0,8.0,0,0.0,0,0,0,0.0,0,20.8,20.8,,,72.0,209.0,40.80947058823529,18.0,Purdue,2001.0,2001.0,SD,32.0,2.0,
2019,2,00-0020531,D.Brees,QB,NO,LA,3,5,38.0,0,1.0,0.0,-0.0,0,0.0,0,0,0,0.0,0,-0.48,-0.48,,,72.0,209.0,40.80947058823529,18.0,Purdue,2001.0,2001.0,SD,32.0,,
2019,8,00-0020531,D.Brees,QB,NO,ARI,34,43,373.0,3,1.0,0.0,-0.0,0,0.0,0,0,0,0.0,0,24.92,24.92,,,72.0,209.0,40.80947058823529,18.0,Purdue,2001.0,2001.0,SD,32.0,22.0,
2019,10,00-0020531,D.Brees,QB,NO,ATL,32,45,287.0,0,0.0,6.0,46.0,0,0.0,0,0,0,0.0,0,11.48,11.48,,,72.0,209.0,40.80947058823529,18.0,Purdue,2001.0,2001.0,SD,32.0,-17.0,
2019,11,00-0020531,D.Brees,QB,NO,TB,28,35,228.0,3,0.0,0.0,-0.0,3,0.0,0,0,0,0.0,0,21.12,21.12,,,72.0,209.0,40.80947058823529,18.0,Purdue,2001.0,2001.0,SD,32.0,,
2019,12,00-0020531,D.Brees,QB,NO,CAR,30,39,311.0,3,1.0,2.0,11.0,0,0.0,0,0,0,0.0,0,22.44,22.44,,,72.0,209.0,40.80947058823529,18.0,Purdue,2001.0,2001.0,SD,32.0,3.0,
2019,13,00-0020531,D.Brees,QB,NO,ATL,18,30,184.0,1,0.0,0.0,-0.0,1,-1.0,0,0,0,0.0,0,11.26,11.26,,,72.0,209.0,40.80947058823529,18.0,Purdue,2001.0,2001.0,SD,32.0,,
2019,14,00-0020531,D.Brees,QB,NO,SF,29,40,349.0,5,0.0,0.0,-0.0,1,1.0,1,0,0,0.0,0,40.06,40.06,,,72.0,209.0,40.80947058823529,18.0,Purdue,2001.0,2001.0,SD,32.0,-2.0,
2019,15,00-0020531,D.Brees,QB,NO,IND,29,30,307.0,4,0.0,0.0,-0.0,0,0.0,0,0,0,0.0,0,28.28,28.28,,,72.0,209.0,40.80947058823529,18.0,Purdue,2001.0,2001.0,SD,32.0,27.0,
2019,16,00-0020531,D.Brees,QB,NO,TEN,27,38,279.0,3,0.0,3.0,24.0,3,-3.0,0,0,0,0.0,0,22.86,22.86,,,72.0,209.0,40.80947058823529,18.0,Purdue,2001.0,2001.0,SD,32.0,,
2019,17,00-0020531,D.Brees,QB,NO,CAR,19,30,253.0,3,0.0,0.0,-0.0,1,-1.0,0,0,0,0.0,0,22.02,22.02,,,72.0,209.0,40.80947058823529,18.0,Purdue,2001.0,2001.0,SD,32.0,,
2019,18,00-0020531,D.Brees,QB,NO,MIN,26,33,208.0,1,1.0,3.0,31.0,1,5.0,0,0,0,0.0,0,8.82,8.82,,,72.0,209.0,40.80947058823529,18.0,Purdue,2001.0,2001.0,SD,32.0,-6.0,
2019,2,00-0021206,J.McCown,QB,PHI,ATL,3,5,24.0,0,0.0,0.0,-0.0,0,0.0,0,0,0,0.0,0,0.96,0.96,,,76.0,218.0,40.34282352941176,17.0,Sam Houston State,2002.0,2002.0,ARI,81.0,,
2019,5,00-0021206,J.McCown,QB,PHI,NYJ,0,0,0.0,0,0.0,0.0,0.0,2,-2.0,0,0,0,0.0,0,-0.2,-0.2,,,76.0,218.0,40.34282352941176,17.0,Sam Houston State,2002.0,2002.0,ARI,81.0,25.0,
2019,18,00-0021206,J.McCown,QB,PHI,SEA,18,24,174.0,0,0.0,6.0,14.0,5,23.0,0,0,0,0.0,0,9.26,9.26,,,76.0,218.0,40.34282352941176,17.0,Sam Houston State,2002.0,2002.0,ARI,81.0,-8.0,
2019,1,00-0022127,J.Witten,TE,DAL,NYG,0,0,0.0,0,0.0,0.0,0.0,0,0.0,0,4,3,15.0,1,7.5,10.5,,,78.0,263.0,37.4951875,16.0,Tennessee,2003.0,2003.0,DAL,69.0,18.0,0.125
2019,2,00-0022127,J.Witten,TE,DAL,WAS,0,0,0.0,0,0.0,0.0,0.0,0,0.0,0,4,4,25.0,1,8.5,12.5,,,78.0,263.0,37.4951875,16.0,Tennessee,2003.0,2003.0,DAL,69.0,,0.13333334
2019,3,00-0022127,J.Witten,TE,DAL,MIA,0,0,0.0,0,0.0,0.0,0.0,0,0.0,0,4,3,54.0,0,5.4,8.4,,,78.0,263.0,37.4951875,16.0,Tennessee,2003.0,2003.0,DAL,69.0,25.0,0.13333334
2019,4,00-0022127,J.Witten,TE,DAL,NO,0,0,0.0,0,0.0,0.0,0.0,0,0.0,0,4,4,50.0,0,3.0,7.0,,,78.0,263.0,37.4951875,16.0,Tennessee,2003.0,2003.0,DAL,69.0,,0.13333334
2019,5,00-0022127,J.Witten,TE,DAL,GB,0,0,0.0,0,0.0,0.0,0.0,0,0.0,0,4,3,29.0,0,2.9,5.9,,,78.0,263.0,37.4951875,16.0,Tennessee,2003.0,2003.0,DAL,69.0,-10.0,0.0952381
2019,6,00-0022127,J.Witten,TE,DAL,NYJ,0,0,0.0,0,0.0,0.0,0.0,0,0.0,0,7,5,57.0,0,5.7,10.7,,,78.0,263.0,37.4951875,16.0,Tennessee,2003.0,2003.0,DAL,69.0,,0.17948718
2019,7,00-0022127,J.Witten,TE,DAL,PHI,0,0,0.0,0,0.0,0.0,0.0,0,0.0,0,4,4,33.0,0,3.3,7.3,,,78.0,263.0,37.4951875,16.0,Tennessee,2003.0,2003.0,DAL,69.0,27.0,0.16
2019,9,00-0022127,J.Witten,TE,DAL,NYG,0,0,0.0,0,0.0,0.0,0.0,0,0.0,0,9,8,58.0,0,5.8,13.8,,,78.0,263.0,37.4951875,16.0,Tennessee,2003.0,2003.0,DAL,69.0,,0.2647059
2019,10,00-0022127,J.Witten,TE,DAL,MIN,0,0,0.0,0,0.0,0.0,0.0,0,0.0,0,5,2,17.0,0,1.7,3.7,,,78.0,263.0,37.4951875,16.0,Tennessee,2003.0,2003.0,DAL,69.0,-4.0,0.11363637
2019,11,00-0022127,J.Witten,TE,DAL,DET,0,0,0.0,0,0.0,0.0,0.0,0,0.0,0,7,5,33.0,0,3.3,8.3,,,78.0,263.0,37.4951875,16.0,Tennessee,2003.0,2003.0,DAL,69.0,,0.15555556
2019,12,00-0022127,J.Witten,TE,DAL,NE,0,0,0.0,0,0.0,0.0,0.0,0,0.0,0,4,1,5.0,0,0.5,1.5,,,78.0,263.0,37.4951875,16.0,Tennessee,2003.0,2003.0,DAL,69.0,,0.125
2019,13,00-0022127,J.Witten,TE,DAL,BUF,0,0,0.0,0,0.0,0.0,0.0,0,0.0,0,8,6,42.0,1,12.2,18.2,,,78.0,263.0,37.4951875,16.0,Tennessee,2003.0,2003.0,DAL,69.0,-11.0,0.1632653
2019,14,00-0022127,J.Witten,TE,DAL,CHI,0,0,0.0,0,0.0,0.0,0.0,0,0.0,0,7,5,37.0,0,3.7,8.7,,,78.0,263.0,37.4951875,16.0,Tennessee,2003.0,2003.0,DAL,69.0,,0.1521739
2019,15,00-0022127,J.Witten,TE,DAL,LA,0,0,0.0,0,0.0,0.0,0.0,0,0.0,0,5,4,36.0,1,9.6,13.6,,,78.0,263.0,37.4951875,16.0,Tennessee,2003.0,2003.0,DAL,69.0,23.0,0.22727273
2019,16,00-0022127,J.Witten,TE,DAL,PHI,0,0,0.0,0,0.0,0.0,0.0,0,0.0,0,3,2,14.0,0,1.4,3.4,,,78.0,263.0,37.4951875,16.0,Tennessee,2003.0,2003.0,DAL,69.0,,0.06818182
2019,17,00-0022127,J.Witten,TE,DAL,WAS,0,0,0.0,0,0.0,0.0,0.0,0,0.0,0,4,4,24.0,0,2.4,6.4,,,78.0,263.0,37.4951875,16.0,Tennessee,2003.0,2003.0,DAL,69.0,31.0,0.125
2019,7,00-0022787,M.Schaub,QB,ATL,LA,6,6,65.0,1,0.0,0.0,-0.0,1,-1.0,0,0,0,0.0,0,6.5,6.5,,,78.0,245.0,38.35675,15.0,Virginia,2004.0,2004.0,ATL,90.0,-27.0,
2019,8,00-0022787,M.Schaub,QB,ATL,SEA,39,52,460.0,1,1.0,2.0,19.0,0,0.0,0,0,0,0.0,0,20.4,20.4,,,78.0,245.0,38.35675,15.0,Virginia,2004.0,2004.0,ATL,90.0,-7.0,
2019,11,00-0022787,M.Schaub,QB,ATL,CAR,0,0,0.0,0,0.0,0.0,0.0,1,-1.0,0,0,0,0.0,0,-0.1,-0.1,,,78.0,245.0,38.35675,15.0,Virginia,2004.0,2004.0,ATL,90.0,,
2019,12,00-0022787,M.Schaub,QB,ATL,TB,5,9,55.0,1,0.0,0.0,-0.0,0,0.0,0,0,0,0.0,0,6.2,6.2,,,78.0,245.0,38.35675,15.0,Virginia,2004.0,2004.0,ATL,90.0,-13.0,
2019,14,00-0022787,M.Schaub,QB,ATL,CAR,0,0,0.0,0,0.0,0.0,0.0,1,-1.0,0,0,0,0.0,0,-0.1,-0.1,,,78.0,245.0,38.35675,15.0,Virginia,2004.0,2004.0,ATL,90.0,20.0,
2019,1,00-0022803,E.Manning,QB,NYG,DAL,30,44,306.0,1,0.0,1.0,4.0,1,6.0,0,0,0,0.0,0,14.84,14.84,,,77.0,218.0,38.8284375,15.0,Mississippi,2004.0,2004.0,SD,1.0,,
2019,2,00-0022803,E.Manning,QB,NYG,BUF,26,45,250.0,1,2.0,1.0,9.0,1,2.0,0,0,0,0.0,0,10.2,10.2,,,77.0,218.0,38.8284375,15.0,Mississippi,2004.0,2004.0,SD,1.0,-14.0,
2019,14,00-0022803,E.Manning,QB,NYG,PHI,15,30,203.0,2,0.0,2.0,21.0,2,-1.0,0,0,0,0.0,0,16.02,16.02,,,77.0,218.0,38.8284375,15.0,Mississippi,2004.0,2004.0,SD,1.0,,
2019,15,00-0022803,E.Manning,QB,NYG,MIA,20,28,283.0,2,3.0,1.0,10.0,0,0.0,0,0,0,0.0,0,13.32,13.32,,,77.0,218.0,38.8284375,15.0,Mississippi,2004.0,2004.0,SD,1.0,16.0,
2019,10,00-0022824,A.Lee,P,ARI,TB,1,1,26.0,0,0.0,0.0,-0.0,0,0.0,0,0,0,0.0,0,1.04,1.04,,,73.0,185.0,37.225125,15.0,Pittsburgh,2004.0,2004.0,SF,188.0,,
2019,1,00-0022921,L.Fitzgerald,WR,ARI,DET,0,0,0.0,0,0.0,0.0,0.0,0,0.0,0,13,8,113.0,1,17.3,25.3,,,75.0,218.0,36.171125,15.0,Pittsburgh,2004.0,2004.0,ARI,3.0,0.0,0.25
2019,2,00-0022921,L.Fitzgerald,WR,ARI,BAL,0,0,0.0,0,0.0,0.0,0.0,0,0.0,0,11,5,104.0,0,10.4,15.4,,,75.0,218.0,36.171125,15.0,Pittsburgh,2004.0,2004.0,ARI,3.0,,0.2972973
2019,3,00-0022921,L.Fitzgerald,WR,ARI,CAR,0,0,0.0,0,0.0,0.0,0.0,0,0.0,0,7,5,36.0,1,9.6,14.6,,,75.0,218.0,36.171125,15.0,Pittsburgh,2004.0,2004.0,ARI,3.0,-18.0,0.16666667
2019,4,00-0022921,L.Fitzgerald,WR,ARI,SEA,0,0,0.0,0,0.0,0.0,0.0,0,0.0,0,5,5,47.0,0,4.7,9.7,,,75.0,218.0,36.171125,15.0,Pittsburgh,2004.0,2004.0,ARI,3.0,-17.0,0.16666667
2019,5,00-0022921,L.Fitzgerald,WR,ARI,CIN,0,0,0.0,0,0.0,0.0,0.0,0,0.0,0,8,6,58.0,0,5.8,11.8,,,75.0,218.0,36.171125,15.0,Pittsburgh,2004.0,2004.0,ARI,3.0,,0.2580645
2019,6,00-0022921,L.Fitzgerald,WR,ARI,ATL,0,0,0.0,0,0.0,0.0,0.0,0,0.0,0,8,6,69.0,0,6.9,12.9,,,75.0,218.0,36.171125,15.0,Pittsburgh,2004.0,2004.0,ARI,3.0,1.0,0.22857143
2019,7,00-0022921,L.Fitzgerald,WR,ARI,NYG,0,0,0.0,0,0.0,0.0,0.0,0,0.0,0,3,1,12.0,0,1.2,2.2,,,75.0,218.0,36.171125,15.0,Pittsburgh,2004.0,2004.0,ARI,3.0,,0.14285715
2019,8,00-0022921,L.Fitzgerald,WR,ARI,NO,0,0,0.0,0,0.0,0.0,0.0,0,0.0,0,4,2,8.0,0,0.8,2.8,,,75.0,218.0,36.171125,15.0,Pittsburgh,2004.0,2004.0,ARI,3.0,,0.125
2019,9,00-0022921,L.Fitzgerald,WR,ARI,SF,0,0,0.0,0,0.0,0.0,0.0,0,0.0,0,4,4,38.0,0,3.8,7.8,,,75.0,218.0,36.171125,15.0,Pittsburgh,2004.0,2004.0,ARI,3.0,-3.0,0.17391305
2019,10,00-0022921,L.Fitzgerald,WR,ARI,TB,0,0,0.0,0,0.0,0.0,0.0,0,0.0,0,8,8,71.0,0,7.1,15.1,,,75.0,218.0,36.171125,15.0,Pittsburgh,2004.0,2004.0,ARI,3.0,,0.18604651
2019,11,00-0022921,L.Fitzgerald,WR,ARI,SF,0,0,0.0,0,0.0,0.0,0.0,0,0.0,0,5,5,37.0,1,7.7,12.7,,,75.0,218.0,36.171125,15.0,Pittsburgh,2004.0,2004.0,ARI,3.0,,0.15151516
2019,13,00-0022921,L.Fitzgerald,WR,ARI,LA,0,0,0.0,0,0.0,0.0,0.0,0,0.0,0,7,6,56.0,0,5.6,11.6,,,75.0,218.0,36.171125,15.0,Pittsburgh,2004.0,2004.0,ARI,3.0,-27.0,0.21212122
2019,14,00-0022921,L.Fitzgerald,WR,ARI,PIT,0,0,0.0,0,0.0,0.0,0.0,0,0.0,0,7,3,20.0,0,2.0,5.0,,,75.0,218.0,36.171125,15.0,Pittsburgh,2004.0,2004.0,ARI,3.0,-6.0,0.25
2019,15,00-0022921,L.Fitzgerald,WR,ARI,CLE,0,0,0.0,0,0.0,0.0,0.0,0,0.0,0,3,1,73.0,0,7.3,8.3,,,75.0,218.0,36.171125,15.0,Pittsburgh,2004.0,2004.0,ARI,3.0,14.0,0.15
2019,16,00-0022921,L.Fitzgerald,WR,ARI,SEA,0,0,0.0,0,0.0,0.0,0.0,0,0.0,0,7,4,48.0,1,10.8,14.8,,,75.0,218.0,36.171125,15.0,Pittsburgh,2004.0,2004.0,ARI,3.0,,0.25925925
2019,17,00-0022921,L.Fitzgerald,WR,ARI,LA,0,0,0.0,0,0.0,0.0,0.0,0,0.0,0,7,4,45.0,0,4.5,8.5,,,75.0,218.0,36.171125,15.0,Pittsburgh,2004.0,2004.0,ARI,3.0,,0.17948718
2019,1,00-0022924,B.Roethlisberger,QB,PIT,NE,27,47,276.0,0,1.0,1.0,-0.0,1,7.0,0,0,0,0.0,0,9.74,9.74,,,77.0,240.0,37.6750625,15.0,"Miami, O.",2004.0,2004.0,PIT,11.0,,
2019,2,00-0022924,B.Roethlisberger,QB,PIT,SEA,8,15,75.0,0,0.0,1.0,7.0,0,0.0,0,0,0,0.0,0,3.0,3.0,,,77.0,240.0,37.6750625,15.0,"Miami, O.",2004.0,2004.0,PIT,11.0,-2.0,
2019,1,00-0022942,P.Rivers,QB,LAC,IND,25,34,333.0,3,1.0,4.0,23.0,1,6.0,0,0,0,0.0,0,23.92,23.92,,,77.0,228.0,37.898875,15.0,North Carolina State,2004.0,2004.0,NYG,4.0,6.0,
2019,2,00-0022942,P.Rivers,QB,LAC,DET,21,36,293.0,0,1.0,1.0,6.0,1,12.0,0,0,0,0.0,0,10.92,10.92,,,77.0,228.0,37.898875,15.0,North Carolina State,2004.0,2004.0,NYG,4.0,,
2019,3,00-0022942,P.Rivers,QB,LAC,HOU,31,46,318.0,2,0.0,5.0,25.0,2,9.0,0,0,0,0.0,0,19.62,19.62,,,77.0,228.0,37.898875,15.0,North Carolina State,2004.0,2004.0,NYG,4.0,-7.0,
2019,4,00-0022942,P.Rivers,QB,LAC,MIA,24,30,310.0,2,0.0,1.0,6.0,1,0.0,0,0,0,0.0,0,20.4,20.4,,,77.0,228.0,37.898875,15.0,North Carolina State,2004.0,2004.0,NYG,4.0,,
2019,5,00-0022942,P.Rivers,QB,LAC,DEN,32,48,211.0,0,2.0,0.0,-0.0,1,-3.0,0,0,0,0.0,0,4.14,4.14,,,77.0,228.0,37.898875,15.0,North Carolina State,2004.0,2004.0,NYG,4.0,-7.0,
2019,6,00-0022942,P.Rivers,QB,LAC,PIT,26,44,320.0,2,2.0,1.0,4.0,1,0.0,0,0,0,0.0,0,14.8,14.8,,,77.0,228.0,37.898875,15.0,North Carolina State,2004.0,2004.0,NYG,4.0,-7.0,
2019,7,00-0022942,P.Rivers,QB,LAC,TEN,24,38,329.0,2,0.0,1.0,3.0,0,0.0,0,0,0,0.0,0,21.16,21.16,,,77.0,228.0,37.898875,15.0,North Carolina State,2004.0,2004.0,NYG,4.0,,
2019,8,00-0022942,P.Rivers,QB,LAC,CHI,19,29,201.0,1,1.0,1.0,6.0,0,0.0,0,0,0,0.0,0,10.04,10.04,,,77.0,228.0,37.898875,15.0,North Carolina State,2004.0,2004.0,NYG,4.0,,
2019,9,00-0022942,P.Rivers,QB,LAC,GB,21,28,294.0,0,0.0,2.0,11.0,3,0.0,0,0,0,0.0,0,11.76,11.76,,,77.0,228.0,37.898875,15.0,North Carolina State,2004.0,2004.0,NYG,4.0,15.0,
2019,10,00-0022942,P.Rivers,QB,LAC,LV,17,31,207.0,2,3.0,5.0,38.0,0,0.0,0,0,0,0.0,0,10.28,10.28,,,77.0,228.0,37.898875,15.0,North Carolina State,2004.0,2004.0,NYG,4.0,,
2019,11,00-0022942,P.Rivers,QB,LAC,KC,28,52,353.0,1,4.0,2.0,8.0,0,0.0,0,0,0,0.0,0,12.12,12.12,,,77.0,228.0,37.898875,15.0,North Carolina State,2004.0,2004.0,NYG,4.0,-7.0,
2019,13,00-0022942,P.Rivers,QB,LAC,DEN,20,29,265.0,2,1.0,3.0,21.0,0,0.0,0,0,0,0.0,0,16.6,16.6,,,77.0,228.0,37.898875,15.0,North Carolina State,2004.0,2004.0,NYG,4.0,,
2019,14,00-0022942,P.Rivers,QB,LAC,JAX,16,22,314.0,3,0.0,1.0,10.0,1,0.0,0,0,0,0.0,0,24.56,24.56,,,77.0,228.0,37.898875,15.0,North Carolina State,2004.0,2004.0,NYG,4.0,,
2019,15,00-0022942,P.Rivers,QB,LAC,MIN,28,39,307.0,1,3.0,3.0,24.0,0,0.0,0,0,0,0.0,0,8.28,8.28,,,77.0,228.0,37.898875,15.0,North Carolina State,2004.0,2004.0,NYG,4.0,-29.0,
2019,16,00-0022942,P.Rivers,QB,LAC,LV,27,39,279.0,0,0.0,1.0,14.0,0,0.0,0,0,0,0.0,0,11.16,11.16,,,77.0,228.0,37.898875,15.0,North Carolina State,2004.0,2004.0,NYG,4.0,-7.0,
2019,17,00-0022942,P.Rivers,QB,LAC,KC,31,46,281.0,2,2.0,3.0,23.0,1,5.0,0,0,0,0.0,0,15.74,15.74,,,77.0,228.0,37.898875,15.0,North Carolina State,2004.0,2004.0,NYG,4.0,,
2019,7,00-0022943,B.Watson,TE,NE,NYJ,0,0,0.0,0,0.0,0.0,0.0,0,0.0,0,5,3,18.0,0,1.8,4.8,,,75.0,255.0,38.883117647058825,15.0,Georgia,2004.0,2004.0,NE,32.0,,0.11904762
2019,8,00-0022943,B.Watson,TE,NE,CLE,0,0,0.0,0,0.0,0.0,0.0,0,0.0,0,1,1,26.0,0,2.6,3.6,,,75.0,255.0,38.883117647058825,15.0,Georgia,2004.0,2004.0,NE,32.0,14.0,0.03125
2019,9,00-0022943,B.Watson,TE,NE,BAL,0,0,0.0,0,0.0,0.0,0.0,0,0.0,0,5,4,28.0,0,2.8,6.8,,,75.0,255.0,38.883117647058825,15.0,Georgia,2004.0,2004.0,NE,32.0,,0.12195122
2019,11,00-0022943,B.Watson,TE,NE,PHI,0,0,0.0,0,0.0,0.0,0.0,0,0.0,0,4,3,52.0,0,5.2,8.2,,,75.0,255.0,38.883117647058825,15.0,Georgia,2004.0,2004.0,NE,32.0,,0.08888889
2019,12,00-0022943,B.Watson,TE,NE,DAL,0,0,0.0,0,0.0,0.0,0.0,0,0.0,0,1,0,0.0,0,0.0,0.0,,,75.0,255.0,38.883117647058825,15.0,Georgia,2004.0,2004.0,NE,32.0,4.0,0.028571429
2019,13,00-0022943,B.Watson,TE,NE,HOU,0,0,0.0,0,0.0,0.0,0.0,0,0.0,0,1,1,23.0,0,2.3,3.3,,,75.0,255.0,38.883117647058825,15.0,Georgia,2004.0,2004.0,NE,32.0,,0.022222223
2019,14,00-0022943,B.Watson,TE,NE,KC,0,0,0.0,0,0.0,0.0,0.0,0,0.0,0,3,1,7.0,0,0.7,1.7,,,75.0,255.0,38.883117647058825,15.0,Georgia,2004.0,2004.0,NE,32.0,-7.0,0.08571429
2019,16,00-0022943,B.Watson,TE,NE,BUF,0,0,0.0,0,0.0,0.0,0.0,0,0.0,0,3,3,15.0,0,1.5,4.5,,,75.0,255.0,38.883117647058825,15.0,Georgia,2004.0,2004.0,NE,32.0,7.0,0.09375
2019,17,00-0022943,B.Watson,TE,NE,MIA,0,0,0.0,0,0.0,0.0,0.0,0,0.0,0,1,1,4.0,0,0.4,1.4,,,75.0,255.0,38.883117647058825,15.0,Georgia,2004.0,2004.0,NE,32.0,-3.0,0.03448276
2019,18,00-0022943,B.Watson,TE,NE,TEN,0,0,0.0,0,0.0,0.0,0.0,0,0.0,0,4,3,38.0,0,3.8,6.8,,,75.0,255.0,38.883117647058825,15.0,Georgia,2004.0,2004.0,NE,32.0,-7.0,0.114285715
2019,1,00-0023459,A.Rodgers,QB,GB,CHI,18,30,203.0,1,0.0,5.0,37.0,3,8.0,0,0,0,0.0,0,12.92,12.92,,,74.0,225.0,35.94016666666667,14.0,California,2005.0,2005.0,GB,24.0,,
2019,2,00-0023459,A.Rodgers,QB,GB,MIN,22,34,209.0,2,0.0,2.0,18.0,1,0.0,0,0,0,0.0,0,14.36,14.36,,,74.0,225.0,35.94016666666667,14.0,California,2005.0,2005.0,GB,24.0,5.0,
2019,3,00-0023459,A.Rodgers,QB,GB,DEN,17,29,235.0,1,0.0,0.0,-0.0,1,-1.0,0,0,0,0.0,0,13.3,13.3,,,74.0,225.0,35.94016666666667,14.0,California,2005.0,2005.0,GB,24.0,11.0,
2019,4,00-0023459,A.Rodgers,QB,GB,PHI,34,53,422.0,2,1.0,1.0,8.0,5,46.0,0,0,0,0.0,0,25.48,25.48,,,74.0,225.0,35.94016666666667,14.0,California,2005.0,2005.0,GB,24.0,-7.0,
2019,5,00-0023459,A.Rodgers,QB,GB,DAL,22,34,238.0,0,0.0,2.0,23.0,4,-1.0,0,0,0,0.0,0,9.42,9.42,,,74.0,225.0,35.94016666666667,14.0,California,2005.0,2005.0,GB,24.0,,
2019,6,00-0023459,A.Rodgers,QB,GB,DET,24,39,283.0,2,1.0,1.0,6.0,3,10.0,0,0,0,0.0,0,18.32,18.32,,,74.0,225.0,35.94016666666667,14.0,California,2005.0,2005.0,GB,24.0,1.0,
2019,7,00-0023459,A.Rodgers,QB,GB,LV,25,31,429.0,5,0.0,1.0,8.0,2,6.0,1,0,0,0.0,0,43.76,43.76,,,74.0,225.0,35.94016666666667,14.0,California,2005.0,2005.0,GB,24.0,18.0,
2019,8,00-0023459,A.Rodgers,QB,GB,KC,23,33,305.0,3,0.0,5.0,49.0,6,29.0,0,0,0,0.0,0,27.1,27.1,,,74.0,225.0,35.94016666666667,14.0,California,2005.0,2005.0,GB,24.0,,
2019,9,00-0023459,A.Rodgers,QB,GB,LAC,23,35,161.0,1,0.0,3.0,22.0,1,5.0,0,0,0,0.0,0,12.94,12.94,,,74.0,225.0,35.94016666666667,14.0,California,2005.0,2005.0,GB,24.0,,
2019,10,00-0023459,A.Rodgers,QB,GB,CAR,17,29,233.0,0,0.0,2.0,8.0,1,7.0,0,0,0,0.0,0,10.02,10.02,,,74.0,225.0,35.94016666666667,14.0,California,2005.0,2005.0,GB,24.0,8.0,
2019,12,00-0023459,A.Rodgers,QB,GB,SF,20,33,104.0,1,0.0,5.0,38.0,3,13.0,0,0,0,0.0,0,9.46,9.46,,,74.0,225.0,35.94016666666667,14.0,California,2005.0,2005.0,GB,24.0,,
2019,13,00-0023459,A.Rodgers,QB,GB,NYG,21,33,243.0,4,0.0,0.0,-0.0,3,24.0,0,0,0,0.0,0,28.12,28.12,,,74.0,225.0,35.94016666666667,14.0,California,2005.0,2005.0,GB,24.0,,
2019,14,00-0023459,A.Rodgers,QB,GB,WAS,18,28,195.0,1,0.0,4.0,28.0,5,16.0,0,0,0,0.0,0,11.4,11.4,,,74.0,225.0,35.94016666666667,14.0,California,2005.0,2005.0,GB,24.0,5.0,
2019,15,00-0023459,A.Rodgers,QB,GB,CHI,16,33,203.0,1,0.0,1.0,11.0,3,23.0,0,0,0,0.0,0,14.42,14.42,,,74.0,225.0,35.94016666666667,14.0,California,2005.0,2005.0,GB,24.0,8.0,
2019,16,00-0023459,A.Rodgers,QB,GB,MIN,26,40,216.0,0,1.0,3.0,17.0,3,-3.0,0,0,0,0.0,0,8.34,8.34,,,74.0,225.0,35.94016666666667,14.0,California,2005.0,2005.0,GB,24.0,,
2019,17,00-0023459,A.Rodgers,QB,GB,DET,27,55,323.0,2,1.0,1.0,11.0,2,1.0,0,0,0,0.0,0,19.02,19.02,,,74.0,225.0,35.94016666666667,14.0,California,2005.0,2005.0,GB,24.0,,
2019,19,00-0023459,A.Rodgers,QB,GB,SEA,16,27,243.0,2,0.0,2.0,8.0,5,14.0,0,0,0,0.0,0,19.12,19.12,,,74.0,225.0,35.94016666666667,14.0,California,2005.0,2005.0,GB,24.0,5.0,
2019,20,00-0023459,A.Rodgers,QB,GB,SF,31,39,326.0,2,2.0,3.0,30.0,1,0.0,0,0,0,0.0,0,15.04,15.04,,,74.0,225.0,35.94016666666667,14.0,California,2005.0,2005.0,GB,24.0,,
2019,1,00-0023500,F.Gore,RB,BUF,NYJ,0,0,0.0,0,0.0,0.0,0.0,11,20.0,0,0,0,0.0,0,2.0,2.0,,,69.0,212.0,36.48629411764706,14.0,Miami,2005.0,2005.0,SF,65.0,,
2019,2,00-0023500,F.Gore,RB,BUF,NYG,0,0,0.0,0,0.0,0.0,0.0,19,68.0,1,2,2,15.0,0,14.3,16.3,,,69.0,212.0,36.48629411764706,14.0,Miami,2005.0,2005.0,SF,65.0,,0.071428575
2019,3,00-0023500,F.Gore,RB,BUF,CIN,0,0,0.0,0,0.0,0.0,0.0,14,76.0,1,2,2,13.0,0,14.9,16.9,,,69.0,212.0,36.48629411764706,14.0,Miami,2005.0,2005.0,SF,65.0,4.0,0.060606062
2019,4,00-0023500,F.Gore,RB,BUF,NE,0,0,0.0,0,0.0,0.0,0.0,17,109.0,0,1,0,0.0,0,10.9,10.9,,,69.0,212.0,36.48629411764706,14.0,Miami,2005.0,2005.0,SF,65.0,-6.0,0.024390243
2019,5,00-0023500,F.Gore,RB,BUF,TEN,0,0,0.0,0,0.0,0.0,0.0,14,60.0,0,2,2,9.0,0,6.9,8.9,,,69.0,212.0,36.48629411764706,14.0,Miami,2005.0,2005.0,SF,65.0,,0.06896552
2019,7,00-0023500,F.Gore,RB,BUF,MIA,0,0,0.0,0,0.0,0.0,0.0,11,55.0,0,1,1,11.0,0,6.6,7.6,,,69.0,212.0,36.48629411764706,14.0,Miami,2005.0,2005.0,SF,65.0,10.0,0.04
2019,8,00-0023500,F.Gore,RB,BUF,PHI,0,0,0.0,0,0.0,0.0,0.0,9,34.0,0,0,0,0.0,0,3.4,3.4,,,69.0,212.0,36.48629411764706,14.0,Miami,2005.0,2005.0,SF,65.0,-18.0,
2019,9,00-0023500,F.Gore,RB,BUF,WAS,0,0,0.0,0,0.0,0.0,0.0,11,15.0,0,0,0,0.0,0,1.5,1.5,,,69.0,212.0,36.48629411764706,14.0,Miami,2005.0,2005.0,SF,65.0,15.0,
2019,10,00-0023500,F.Gore,RB,BUF,CLE,0,0,0.0,0,0.0,0.0,0.0,5,12.0,0,1,1,4.0,0,1.6,2.6,,,69.0,212.0,36.48629411764706,14.0,Miami,2005.0,2005.0,SF,65.0,,0.025641026
2019,11,00-0023500,F.Gore,RB,BUF,MIA,0,0,0.0,0,0.0,0.0,0.0,11,27.0,0,2,1,18.0,0,4.5,5.5,,,69.0,212.0,36.48629411764706,14.0,Miami,2005.0,2005.0,SF,65.0,,0.06451613
2019,12,00-0023500,F.Gore,RB,BUF,DEN,0,0,0.0,0,0.0,0.0,0.0,15,65.0,0,0,0,0.0,0,6.5,6.5,,,69.0,212.0,36.48629411764706,14.0,Miami,2005.0,2005.0,SF,65.0,17.0,
2019,13,00-0023500,F.Gore,RB,BUF,DAL,0,0,0.0,0,0.0,0.0,0.0,9,11.0,0,1,1,14.0,0,2.5,3.5,,,69.0,212.0,36.48629411764706,14.0,Miami,2005.0,2005.0,SF,65.0,,0.04
2019,14,00-0023500,F.Gore,RB,BUF,BAL,0,0,0.0,0,0.0,0.0,0.0,4,6.0,0,0,0,0.0,0,0.6,0.6,,,69.0,212.0,36.48629411764706,14.0,Miami,2005.0,2005.0,SF,65.0,-7.0,
2019,15,00-0023500,F.Gore,RB,BUF,PIT,0,0,0.0,0,0.0,0.0,0.0,10,15.0,0,0,0,0.0,0,1.5,1.5,,,69.0,212.0,36.48629411764706,14.0,Miami,2005.0,2005.0,SF,65.0,,
2019,17,00-0023500,F.Gore,RB,BUF,NYJ,0,0,0.0,0,0.0,0.0,0.0,6,26.0,0,4,3,16.0,0,4.2,7.2,,,69.0,212.0,36.48629411764706,14.0,Miami,2005.0,2005.0,SF,65.0,-7.0,0.102564104
2019,18,00-0023500,F.Gore,RB,BUF,HOU,0,0,0.0,0,0.0,0.0,0.0,8,22.0,0,1,0,0.0,0,2.2,2.2,,,69.0,212.0,36.48629411764706,14.0,Miami,2005.0,2005.0,SF,65.0,,0.023255814
2019,10,00-0023534,D.Colquitt,P,KC,TEN,0,1,0.0,0,0.0,0.0,-0.0,0,0.0,0,0,0,0.0,0,0.0,0.0,,,75.0,210.0,37.52594736842106,14.0,Tennessee,2005.0,2005.0,KC,99.0,,
2019,1,00-0023564,D.Sproles,RB,PHI,WAS,0,0,0.0,0,0.0,0.0,0.0,9,47.0,0,3,3,16.0,0,8.3,11.3,,,66.0,190.0,36.38105882352941,14.0,Kansas State,2005.0,2005.0,SD,130.0,5.0,0.07692308
2019,2,00-0023564,D.Sproles,RB,PHI,ATL,0,0,0.0,0,0.0,0.0,0.0,0,0.0,0,3,2,5.0,0,0.5,2.5,,,66.0,190.0,36.38105882352941,14.0,Kansas State,2005.0,2005.0,SD,130.0,,0.06382979
2019,3,00-0023564,D.Sproles,RB,PHI,DET,0,0,0.0,0,0.0,0.0,0.0,2,4.0,0,1,0,0.0,0,0.4,0.4,,,66.0,190.0,36.38105882352941,14.0,Kansas State,2005.0,2005.0,SD,130.0,-3.0,0.027777778
2019,4,00-0023564,D.Sproles,RB,PHI,GB,0,0,0.0,0,0.0,0.0,0.0,1,4.0,0,0,0,0.0,0,0.4,0.4,,,66.0,190.0,36.38105882352941,14.0,Kansas State,2005.0,2005.0,SD,130.0,,
2019,5,00-0023564,D.Sproles,RB,PHI,NYJ,0,0,0.0,0,0.0,0.0,0.0,3,4.0,0,1,0,0.0,0,0.4,0.4,,,66.0,190.0,36.38105882352941,14.0,Kansas State,2005.0,2005.0,SD,130.0,25.0,0.035714287
2019,9,00-0023564,D.Sproles,RB,PHI,CHI,0,0,0.0,0,0.0,0.0,0.0,2,7.0,0,2,1,3.0,0,1.0,2.0,,,66.0,190.0,36.38105882352941,14.0,Kansas State,2005.0,2005.0,SD,130.0,8.0,0.051282052
2019,1,00-0023682,R.Fitzpatrick,QB,MIA,BAL,14,29,185.0,1,1.0,2.0,5.0,1,8.0,0,0,0,0.0,0,10.2,10.2,,,74.0,228.0,36.94675,14.0,Harvard,2005.0,2005.0,STL,250.0,-49.0,
2019,2,00-0023682,R.Fitzpatrick,QB,MIA,NE,11,21,89.0,0,3.0,4.0,23.0,1,6.0,0,0,0,0.0,0,-1.84,-1.84,,,74.0,228.0,36.94675,14.0,Harvard,2005.0,2005.0,STL,250.0,-43.0,
2019,3,00-0023682,R.Fitzpatrick,QB,MIA,DAL,2,2,29.0,0,0.0,0.0,-0.0,0,0.0,0,0,0,0.0,0,1.16,1.16,,,74.0,228.0,36.94675,14.0,Harvard,2005.0,2005.0,STL,250.0,,
2019,6,00-0023682,R.Fitzpatrick,QB,MIA,WAS,12,18,132.0,1,0.0,0.0,-0.0,2,5.0,0,0,0,0.0,0,9.78,9.78,,,74.0,228.0,36.94675,14.0,Harvard,2005.0,2005.0,STL,250.0,-1.0,
2019,7,00-0023682,R.Fitzpatrick,QB,MIA,BUF,23,35,282.0,1,1.0,0.0,-0.0,6,13.0,1,0,0,0.0,0,20.58,20.58,,,74.0,228.0,36.94675,14.0,Harvard,2005.0,2005.0,STL,250.0,,
2019,8,00-0023682,R.Fitzpatrick,QB,MIA,PIT,21,34,190.0,2,2.0,4.0,20.0,5,17.0,0,0,0,0.0,0,11.3,11.3,,,74.0,228.0,36.94675,14.0,Harvard,2005.0,2005.0,STL,250.0,,
2019,9,00-0023682,R.Fitzpatrick,QB,MIA,NYJ,24,36,288.0,3,0.0,4.0,22.0,5,2.0,0,0,0,0.0,0,23.72,23.72,,,74.0,228.0,36.94675,14.0,Harvard,2005.0,2005.0,STL,250.0,8.0,
2019,10,00-0023682,R.Fitzpatrick,QB,MIA,IND,21,33,169.0,0,1.0,3.0,10.0,4,23.0,1,0,0,0.0,0,13.06,13.06,,,74.0,228.0,36.94675,14.0,Harvard,2005.0,2005.0,STL,250.0,,
2019,11,00-0023682,R.Fitzpatrick,QB,MIA,BUF,32,45,323.0,0,0.0,7.0,43.0,1,0.0,0,0,0,0.0,0,12.92,12.92,,,74.0,228.0,36.94675,14.0,Harvard,2005.0,2005.0,STL,250.0,-17.0,
2019,12,00-0023682,R.Fitzpatrick,QB,MIA,CLE,21,39,214.0,2,2.0,4.0,22.0,5,45.0,1,0,0,0.0,0,23.06,23.06,,,74.0,228.0,36.94675,14.0,Harvard,2005.0,2005.0,STL,250.0,,
2019,13,00-0023682,R.Fitzpatrick,QB,MIA,PHI,27,39,365.0,3,1.0,3.0,15.0,3,2.0,0,0,0,0.0,0,26.8,26.8,,,74.0,228.0,36.94675,14.0,Harvard,2005.0,2005.0,STL,250.0,6.0,
2019,14,00-0023682,R.Fitzpatrick,QB,MIA,NYJ,21,37,245.0,0,1.0,2.0,5.0,7,65.0,0,0,0,0.0,0,14.3,14.3,,,74.0,228.0,36.94675,14.0,Harvard,2005.0,2005.0,STL,250.0,,
2019,15,00-0023682,R.Fitzpatrick,QB,MIA,NYG,23,41,279.0,2,0.0,3.0,17.0,4,33.0,0,0,0,0.0,0,20.46,20.46,,,74.0,228.0,36.94675,14.0,Harvard,2005.0,2005.0,STL,250.0,,
2019,16,00-0023682,R.Fitzpatrick,QB,MIA,CIN,31,52,419.0,4,1.0,2.0,13.0,5,9.0,0,0,0,0.0,0,31.66,31.66,,,74.0,228.0,36.94675,14.0,Harvard,2005.0,2005.0,STL,250.0,3.0,
2019,17,00-0023682,R.Fitzpatrick,QB,MIA,NE,28,41,320.0,1,0.0,2.0,14.0,5,15.0,1,0,0,0.0,0,24.3,24.3,,,74.0,228.0,36.94675,14.0,Harvard,2005.0,2005.0,STL,250.0,,
2019,1,00-0024221,V.Davis,TE,WAS,PHI,0,0,0.0,0,0.0,0.0,0.0,0,0.0,0,7,4,59.0,1,11.9,15.9,,,75.0,248.0,35.7548125,13.0,Maryland,2006.0,2006.0,SF,6.0,,0.1627907
2019,2,00-0024221,V.Davis,TE,WAS,DAL,0,0,0.0,0,0.0,0.0,0.0,0,0.0,0,4,3,29.0,0,2.9,5.9,,,75.0,248.0,35.7548125,13.0,Maryland,2006.0,2006.0,SF,6.0,-10.0,0.10810811
2019,3,00-0024221,V.Davis,TE,WAS,CHI,0,0,0.0,0,0.0,0.0,0.0,0,0.0,0,4,2,30.0,0,3.0,5.0,,,75.0,248.0,35.7548125,13.0,Maryland,2006.0,2006.0,SF,6.0,-16.0,0.0952381
2019,4,00-0024221,V.Davis,TE,WAS,NYG,0,0,0.0,0,0.0,0.0,0.0,0,0.0,0,4,1,5.0,0,0.5,1.5,,,75.0,248.0,35.7548125,13.0,Maryland,2006.0,2006.0,SF,6.0,,0.15384616
2019,1,00-0024243,M.Lewis,TE,GB,CHI,0,0,0.0,0,0.0,0.0,0.0,0,0.0,0,3,2,14.0,0,1.4,3.4,,,78.0,267.0,35.47761111111111,13.0,UCLA,2006.0,2006.0,JAX,28.0,,0.11111111
2019,2,00-0024243,M.Lewis,TE,GB,MIN,0,0,0.0,0,0.0,0.0,0.0,0,0.0,0,1,0,0.0,0,0.0,0.0,,,78.0,267.0,35.47761111111111,13.0,UCLA,2006.0,2006.0,JAX,28.0,5.0,0.032258064
2019,3,00-0024243,M.Lewis,TE,GB,DEN,0,0,0.0,0,0.0,0.0,0.0,0,0.0,0,2,1,19.0,0,1.9,2.9,,,78.0,267.0,35.47761111111111,13.0,UCLA,2006.0,2006.0,JAX,28.0,11.0,0.074074075
2019,4,00-0024243,M.Lewis,TE,GB,PHI,0,0,0.0,0,0.0,0.0,0.0,0,0.0,0,2,2,19.0,0,1.9,3.9,,,78.0,267.0,35.47761111111111,13.0,UCLA,2006.0,2006.0,JAX,28.0,-7.0,0.040816326
2019,5,00-0024243,M.Lewis,TE,GB,DAL,0,0,0.0,0,0.0,0.0,0.0,0,0.0,0,2,2,17.0,0,1.7,3.7,,,78.0,267.0,35.47761111111111,13.0,UCLA,2006.0,2006.0,JAX,28.0,,0.06451613
2019,6,00-0024243,M.Lewis,TE,GB,DET,0,0,0.0,0,0.0,0.0,0.0,0,0.0,0,2,2,50.0,0,5.0,7.0,,,78.0,267.0,35.47761111111111,13.0,UCLA,2006.0,2006.0,JAX,28.0,1.0,0.05263158
2019,8,00-0024243,M.Lewis,TE,GB,KC,0,0,0.0,0,0.0,0.0,0.0,0,0.0,0,1,1,11.0,0,1.1,2.1,,,78.0,267.0,35.47761111111111,13.0,UCLA,2006.0,2006.0,JAX,28.0,,0.032258064
2019,13,00-0024243,M.Lewis,TE,GB,NYG,0,0,0.0,0,0.0,0.0,0.0,0,0.0,0,2,1,1.0,1,6.1,7.1,,,78.0,267.0,35.47761111111111,13.0,UCLA,2006.0,2006.0,JAX,28.0,,0.060606062
2019,14,00-0024243,M.Lewis,TE,GB,WAS,0,0,0.0,0,0.0,0.0,0.0,0,0.0,0,1,1,5.0,0,0.5,1.5,,,78.0,267.0,35.47761111111111,13.0,UCLA,2006.0,2006.0,JAX,28.0,5.0,0.037037037
2019,15,00-0024243,M.Lewis,TE,GB,CHI,0,0,0.0,0,0.0,0.0,0.0,0,0.0,0,1,1,6.0,0,0.6,1.6,,,78.0,267.0,35.47761111111111,13.0,UCLA,2006.0,2006.0,JAX,28.0,8.0,0.033333335
2019,16,00-0024243,M.Lewis,TE,GB,MIN,0,0,0.0,0,0.0,0.0,0.0,0,0.0,0,1,1,2.0,0,0.2,1.2,,,78.0,267.0,35.47761111111111,13.0,UCLA,2006.0,2006.0,JAX,28.0,,0.02631579
2019,17,00-0024243,M.Lewis,TE,GB,DET,0,0,0.0,0,0.0,0.0,0.0,0,0.0,0,1,1,12.0,0,1.2,2.2,,,78.0,267.0,35.47761111111111,13.0,UCLA,2006.0,2006.0,JAX,28.0,,0.018518519
2019,20,00-0024243,M.Lewis,TE,GB,SF,0,0,0.0,0,0.0,0.0,0.0,0,0.0,0,2,2,14.0,0,1.4,3.4,,,78.0,267.0,35.47761111111111,13.0,UCLA,2006.0,2006.0,JAX,28.0,,0.054054055
2019,1,00-0024389,De.Walker,TE,TEN,CLE,0,0,0.0,0,0.0,0.0,0.0,0,0.0,0,6,5,55.0,2,17.5,22.5,,,74.0,248.0,35.252736842105264,13.0,Central Missouri State,2006.0,2006.0,SF,175.0,,0.25
2019,2,00-0024389,De.Walker,TE,TEN,IND,0,0,0.0,0,0.0,0.0,0.0,0,0.0,0,6,4,39.0,0,3.9,7.9,,,74.0,248.0,35.252736842105264,13.0,Central Missouri State,2006.0,2006.0,SF,175.0,-2.0,0.23076923
2019,3,00-0024389,De.Walker,TE,TEN,JAX,0,0,0.0,0,0.0,0.0,0.0,0,0.0,0,9,7,64.0,0,6.4,13.4,,,74.0,248.0,35.252736842105264,13.0,Central Missouri State,2006.0,2006.0,SF,175.0,,0.23684211
2019,4,00-0024389,De.Walker,TE,TEN,ATL,0,0,0.0,0,0.0,0.0,0.0,0,0.0,0,2,1,4.0,0,0.4,1.4,,,74.0,248.0,35.252736842105264,13.0,Central Missouri State,2006.0,2006.0,SF,175.0,,0.09090909
2019,5,00-0024389,De.Walker,TE,TEN,BUF,0,0,0.0,0,0.0,0.0,0.0,0,0.0,0,2,1,10.0,0,1.0,2.0,,,74.0,248.0,35.252736842105264,13.0,Central Missouri State,2006.0,2006.0,SF,175.0,-7.0,0.0952381
2019,6,00-0024389,De.Walker,TE,TEN,DEN,0,0,0.0,0,0.0,0.0,0.0,0,0.0,0,6,3,43.0,0,4.3,7.3,,,74.0,248.0,35.252736842105264,13.0,Central Missouri State,2006.0,2006.0,SF,175.0,,0.1875
2019,11,00-0024417,S.Koch,P,BAL,HOU,1,1,-2.0,0,0.0,0.0,-0.0,0,0.0,0,0,0,0.0,0,-0.08,-0.08,,,73.0,222.0,37.23570588235294,13.0,Nebraska,2006.0,2006.0,BAL,203.0,34.0,
2019,2,00-0025394,A.Peterson,RB,WAS,DAL,0,0,0.0,0,0.0,0.0,0.0,10,25.0,1,2,2,7.0,0,9.2,11.2,,,73.0,220.0,34.6185625,12.0,Oklahoma,2007.0,2007.0,MIN,7.0,-10.0,0.054054055
2019,3,00-0025394,A.Peterson,RB,WAS,CHI,0,0,0.0,0,0.0,0.0,0.0,12,37.0,0,3,1,-3.0,0,3.4,4.4,,,73.0,220.0,34.6185625,12.0,Oklahoma,2007.0,2007.0,MIN,7.0,-16.0,0.071428575
2019,4,00-0025394,A.Peterson,RB,WAS,NYG,0,0,0.0,0,0.0,0.0,0.0,11,28.0,0,0,0,0.0,0,2.8,2.8,,,73.0,220.0,34.6185625,12.0,Oklahoma,2007.0,2007.0,MIN,7.0,,
2019,5,00-0025394,A.Peterson,RB,WAS,NE,0,0,0.0,0,0.0,0.0,0.0,7,18.0,0,0,0,0.0,0,1.8,1.8,,,73.0,220.0,34.6185625,12.0,Oklahoma,2007.0,2007.0,MIN,7.0,-26.0,
2019,6,00-0025394,A.Peterson,RB,WAS,MIA,0,0,0.0,0,0.0,0.0,0.0,23,118.0,0,2,2,18.0,0,13.6,15.6,,,73.0,220.0,34.6185625,12.0,Oklahoma,2007.0,2007.0,MIN,7.0,,0.083333336
2019,7,00-0025394,A.Peterson,RB,WAS,SF,0,0,0.0,0,0.0,0.0,0.0,20,81.0,0,0,0,0.0,0,6.1,6.1,,,73.0,220.0,34.6185625,12.0,Oklahoma,2007.0,2007.0,MIN,7.0,-9.0,
2019,8,00-0025394,A.Peterson,RB,WAS,MIN,0,0,0.0,0,0.0,0.0,0.0,14,76.0,0,2,2,27.0,0,10.3,12.3,,,73.0,220.0,34.6185625,12.0,Oklahoma,2007.0,2007.0,MIN,7.0,,0.0952381
2019,9,00-0025394,A.Peterson,RB,WAS,BUF,0,0,0.0,0,0.0,0.0,0.0,18,108.0,0,1,1,22.0,0,13.0,14.0,,,73.0,220.0,34.6185625,12.0,Oklahoma,2007.0,2007.0,MIN,7.0,,0.045454547
2019,11,00-0025394,A.Peterson,RB,WAS,NYJ,0,0,0.0,0,0.0,0.0,0.0,9,25.0,0,2,2,5.0,0,3.0,5.0,,,73.0,220.0,34.6185625,12.0,Oklahoma,2007.0,2007.0,MIN,7.0,-17.0,0.0625
2019,12,00-0025394,A.Peterson,RB,WAS,DET,0,0,0.0,0,0.0,0.0,0.0,10,27.0,0,1,1,22.0,0,4.9,5.9,,,73.0,220.0,34.6185625,12.0,Oklahoma,2007.0,2007.0,MIN,7.0,3.0,0.03448276
2019,13,00-0025394,A.Peterson,RB,WAS,CAR,0,0,0.0,0,0.0,0.0,0.0,13,99.0,1,1,0,0.0,0,15.9,15.9,,,73.0,220.0,34.6185625,12.0,Oklahoma,2007.0,2007.0,MIN,7.0,,0.041666668
2019,14,00-0025394,A.Peterson,RB,WAS,GB,0,0,0.0,0,0.0,0.0,0.0,20,76.0,1,0,0,0.0,0,13.6,13.6,,,73.0,220.0,34.6185625,12.0,Oklahoma,2007.0,2007.0,MIN,7.0,,
2019,15,00-0025394,A.Peterson,RB,WAS,PHI,0,0,0.0,0,0.0,0.0,0.0,16,66.0,1,3,3,25.0,0,15.1,18.1,,,73.0,220.0,34.6185625,12.0,Oklahoma,2007.0,2007.0,MIN,7.0,-10.0,0.11111111
2019,16,00-0025394,A.Peterson,RB,WAS,NYG,0,0,0.0,0,0.0,0.0,0.0,15,36.0,1,2,2,19.0,0,11.5,13.5,,,73.0,220.0,34.6185625,12.0,Oklahoma,2007.0,2007.0,MIN,7.0,-6.0,0.054054055
2019,17,00-0025394,A.Peterson,RB,WAS,DAL,0,0,0.0,0,0.0,0.0,0.0,13,78.0,0,4,1,0.0,0,5.8,6.8,,,73.0,220.0,34.6185625,12.0,Oklahoma,2007.0,2007.0,MIN,7.0,,0.114285715
2019,1,00-0025396,T.Ginn,WR,NO,HOU,0,0,0.0,0,0.0,0.0,0.0,0,0.0,0,7,7,101.0,0,10.1,17.1,,,71.0,180.0,34.569823529411764,12.0,Ohio State,2007.0,2007.0,MIA,9.0,2.0,0.17948718
2019,3,00-0025396,T.Ginn,WR,NO,SEA,0,0,0.0,0,0.0,0.0,0.0,0,0.0,0,5,2,15.0,0,1.5,3.5,,,71.0,180.0,34.569823529411764,12.0,Ohio State,2007.0,2007.0,MIA,9.0,,0.18518518
2019,4,00-0025396,T.Ginn,WR,NO,DAL,0,0,0.0,0,0.0,0.0,0.0,0,0.0,0,5,3,19.0,0,1.9,4.9,,,71.0,180.0,34.569823529411764,12.0,Ohio State,2007.0,2007.0,MIA,9.0,2.0,0.16666667
2019,5,00-0025396,T.Ginn,WR,NO,TB,0,0,0.0,0,0.0,0.0,0.0,1,1.0,0,2,2,35.0,1,9.6,11.6,,,71.0,180.0,34.569823529411764,12.0,Ohio State,2007.0,2007.0,MIA,9.0,7.0,0.05882353
2019,6,00-0025396,T.Ginn,WR,NO,JAX,0,0,0.0,0,0.0,0.0,0.0,1,12.0,0,6,2,36.0,0,4.8,6.8,,,71.0,180.0,34.569823529411764,12.0,Ohio State,2007.0,2007.0,MIA,9.0,,0.1764706
2019,7,00-0025396,T.Ginn,WR,NO,CHI,0,0,0.0,0,0.0,0.0,0.0,0,0.0,0,5,2,48.0,0,4.8,6.8,,,71.0,180.0,34.569823529411764,12.0,Ohio State,2007.0,2007.0,MIA,9.0,,0.1388889
2019,8,00-0025396,T.Ginn,WR,NO,ARI,0,0,0.0,0,0.0,0.0,0.0,0,0.0,0,3,2,42.0,0,4.2,6.2,,,71.0,180.0,34.569823529411764,12.0,Ohio State,2007.0,2007.0,MIA,9.0,22.0,0.069767445
2019,10,00-0025396,T.Ginn,WR,NO,ATL,0,0,0.0,0,0.0,0.0,0.0,1,5.0,0,3,0,0.0,0,0.5,0.5,,,71.0,180.0,34.569823529411764,12.0,Ohio State,2007.0,2007.0,MIA,9.0,-17.0,0.06818182
2019,11,00-0025396,T.Ginn,WR,NO,TB,0,0,0.0,0,0.0,0.0,0.0,0,0.0,0,4,2,14.0,1,7.4,9.4,,,71.0,180.0,34.569823529411764,12.0,Ohio State,2007.0,2007.0,MIA,9.0,,0.11764706
2019,12,00-0025396,T.Ginn,WR,NO,CAR,0,0,0.0,0,0.0,0.0,0.0,0,0.0,0,5,2,38.0,0,3.8,5.8,,,71.0,180.0,34.569823529411764,12.0,Ohio State,2007.0,2007.0,MIA,9.0,3.0,0.13157895
2019,13,00-0025396,T.Ginn,WR,NO,ATL,0,0,0.0,0,0.0,0.0,0.0,0,0.0,0,1,0,0.0,0,0.0,0.0,,,71.0,180.0,34.569823529411764,12.0,Ohio State,2007.0,2007.0,MIA,9.0,,0.03448276
2019,14,00-0025396,T.Ginn,WR,NO,SF,0,0,0.0,0,0.0,0.0,0.0,0,0.0,0,6,4,50.0,0,5.0,9.0,,,71.0,180.0,34.569823529411764,12.0,Ohio State,2007.0,2007.0,MIA,9.0,-2.0,0.14634146
2019,15,00-0025396,T.Ginn,WR,NO,IND,0,0,0.0,0,0.0,0.0,0.0,0,0.0,0,1,1,13.0,0,1.3,2.3,,,71.0,180.0,34.569823529411764,12.0,Ohio State,2007.0,2007.0,MIA,9.0,27.0,0.033333335
2019,16,00-0025396,T.Ginn,WR,NO,TEN,0,0,0.0,0,0.0,0.0,0.0,0,0.0,0,1,0,0.0,0,0.0,0.0,,,71.0,180.0,34.569823529411764,12.0,Ohio State,2007.0,2007.0,MIA,9.0,,0.025641026
2019,17,00-0025396,T.Ginn,WR,NO,CAR,0,0,0.0,0,0.0,0.0,0.0,0,0.0,0,2,1,10.0,0,1.0,2.0,,,71.0,180.0,34.569823529411764,12.0,Ohio State,2007.0,2007.0,MIA,9.0,,0.06896552
2019,18,00-0025396,T.Ginn,WR,NO,MIN,0,0,0.0,0,0.0,0.0,0.0,0,0.0,0,2,1,18.0,0,1.8,2.8,,,71.0,180.0,34.569823529411764,12.0,Ohio State,2007.0,2007.0,MIA,9.0,-6.0,0.060606062
2019,17,00-0025399,M.Lynch,RB,SEA,SF,0,0,0.0,0,0.0,0.0,0.0,12,34.0,1,0,0,0.0,0,9.4,9.4,,,71.0,215.0,33.705999999999996,12.0,California,2007.0,2007.0,BUF,12.0,-5.0,
2019,18,00-0025399,M.Lynch,RB,SEA,PHI,0,0,0.0,0,0.0,0.0,0.0,6,7.0,1,3,2,25.0,0,9.2,11.2,,,71.0,215.0,33.705999999999996,12.0,California,2007.0,2007.0,BUF,12.0,,0.10344828
2019,19,00-0025399,M.Lynch,RB,SEA,GB,0,0,0.0,0,0.0,0.0,0.0,12,26.0,2,0,0,0.0,0,14.6,14.6,,,71.0,215.0,33.705999999999996,12.0,California,2007.0,2007.0,BUF,12.0,,
2019,1,00-0025418,G.Olsen,TE,CAR,LA,0,0,0.0,0,0.0,0.0,0.0,0,0.0,0,9,4,36.0,0,3.6,7.6,,,77.0,255.0,34.6494375,12.0,Miami,2007.0,2007.0,CHI,31.0,-3.0,0.24324325
2019,2,00-0025418,G.Olsen,TE,CAR,TB,0,0,0.0,0,0.0,0.0,0.0,0,0.0,0,9,6,110.0,0,11.0,17.0,,,77.0,255.0,34.6494375,12.0,Miami,2007.0,2007.0,CHI,31.0,-6.0,0.18367347
2019,3,00-0025418,G.Olsen,TE,CAR,ARI,0,0,0.0,0,0.0,0.0,0.0,0,0.0,0,7,6,75.0,2,19.5,25.5,,,77.0,255.0,34.6494375,12.0,Miami,2007.0,2007.0,CHI,31.0,,0.28
2019,4,00-0025418,G.Olsen,TE,CAR,HOU,0,0,0.0,0,0.0,0.0,0.0,0,0.0,0,4,2,5.0,0,0.5,2.5,,,77.0,255.0,34.6494375,12.0,Miami,2007.0,2007.0,CHI,31.0,,0.121212125
2019,5,00-0025418,G.Olsen,TE,CAR,JAX,0,0,0.0,0,0.0,0.0,0.0,0,0.0,0,2,0,0.0,0,0.0,0.0,,,77.0,255.0,34.6494375,12.0,Miami,2007.0,2007.0,CHI,31.0,7.0,0.071428575
2019,6,00-0025418,G.Olsen,TE,CAR,TB,0,0,0.0,0,0.0,0.0,0.0,0,0.0,0,7,4,52.0,0,5.2,9.2,,,77.0,255.0,34.6494375,12.0,Miami,2007.0,2007.0,CHI,31.0,,0.22580644
2019,8,00-0025418,G.Olsen,TE,CAR,SF,0,0,0.0,0,0.0,0.0,0.0,0,0.0,0,2,2,13.0,0,1.3,3.3,,,77.0,255.0,34.6494375,12.0,Miami,2007.0,2007.0,CHI,31.0,,0.054054055
2019,9,00-0025418,G.Olsen,TE,CAR,TEN,0,0,0.0,0,0.0,0.0,0.0,0,0.0,0,6,3,40.0,0,4.0,7.0,,,77.0,255.0,34.6494375,12.0,Miami,2007.0,2007.0,CHI,31.0,10.0,0.2
2019,10,00-0025418,G.Olsen,TE,CAR,GB,0,0,0.0,0,0.0,0.0,0.0,0,0.0,0,10,8,98.0,0,9.8,17.8,,,77.0,255.0,34.6494375,12.0,Miami,2007.0,2007.0,CHI,31.0,,0.2631579
2019,11,00-0025418,G.Olsen,TE,CAR,ATL,0,0,0.0,0,0.0,0.0,0.0,0,0.0,0,5,5,57.0,0,5.7,10.7,,,77.0,255.0,34.6494375,12.0,Miami,2007.0,2007.0,CHI,31.0,-26.0,0.10638298
2019,12,00-0025418,G.Olsen,TE,CAR,NO,0,0,0.0,0,0.0,0.0,0.0,0,0.0,0,7,5,44.0,0,4.4,9.4,,,77.0,255.0,34.6494375,12.0,Miami,2007.0,2007.0,CHI,31.0,,0.21875
2019,13,00-0025418,G.Olsen,TE,CAR,WAS,0,0,0.0,0,0.0,0.0,0.0,0,0.0,0,3,3,22.0,0,2.2,5.2,,,77.0,255.0,34.6494375,12.0,Miami,2007.0,2007.0,CHI,31.0,-8.0,0.069767445
2019,16,00-0025418,G.Olsen,TE,CAR,IND,0,0,0.0,0,0.0,0.0,0.0,0,0.0,0,5,2,33.0,0,3.3,5.3,,,77.0,255.0,34.6494375,12.0,Miami,2007.0,2007.0,CHI,31.0,,0.11904762
2019,17,00-0025418,G.Olsen,TE,CAR,NO,0,0,0.0,0,0.0,0.0,0.0,0,0.0,0,6,2,12.0,0,1.2,3.2,,,77.0,255.0,34.6494375,12.0,Miami,2007.0,2007.0,CHI,31.0,-32.0,0.12244898
2019,1,00-0025708,M.Moore,QB,KC,JAX,0,1,0.0,0,0.0,0.0,-0.0,1,-1.0,0,0,0,0.0,0,-0.1,-0.1,,,75.0,219.0,35.26436842105263,12.0,Oregon State,2007.0,2007.0,,,,
2019,7,00-0025708,M.Moore,QB,KC,DEN,10,19,117.0,1,0.0,1.0,2.0,1,-1.0,0,0,0,0.0,0,8.58,8.58,,,75.0,219.0,35.26436842105263,12.0,Oregon State,2007.0,2007.0,,,,
2019,8,00-0025708,M.Moore,QB,KC,GB,24,36,267.0,2,0.0,2.0,18.0,1,3.0,0,0,0,0.0,0,18.98,18.98,,,75.0,219.0,35.26436842105263,12.0,Oregon State,2007.0,2007.0,,,-7.0,
2019,9,00-0025708,M.Moore,QB,KC,MIN,25,35,275.0,1,0.0,5.0,45.0,0,0.0,0,0,0,0.0,0,15.0,15.0,,,75.0,219.0,35.26436842105263,12.0,Oregon State,2007.0,2007.0,,,3.0,
2019,13,00-0025708,M.Moore,QB,KC,LV,0,0,0.0,0,0.0,0.0,0.0,1,-1.0,0,0,0,0.0,0,-0.1,-0.1,,,75.0,219.0,35.26436842105263,12.0,Oregon State,2007.0,2007.0,,,31.0,
2019,16,00-0025708,M.Moore,QB,KC,CHI,0,0,0.0,0,0.0,0.0,0.0,1,-1.0,0,0,0,0.0,0,-0.1,-0.1,,,75.0,219.0,35.26436842105263,12.0,Oregon State,2007.0,2007.0,,,,
2019,7,00-0025825,B.Kern,P,TEN,LAC,1,1,11.0,0,0.0,0.0,-0.0,0,0.0,0,0,0,0.0,0,0.44,0.44,,,74.0,214.0,33.735894736842106,11.0,Toledo,2008.0,2008.0,,,3.0,
2019,8,00-0025825,B.Kern,P,TEN,TB,0,0,0.0,0,0.0,0.0,0.0,1,0.0,0,0,0,0.0,0,0.0,0.0,,,74.0,214.0,33.735894736842106,11.0,Toledo,2008.0,2008.0,,,4.0,
2019,15,00-0025825,B.Kern,P,TEN,HOU,0,1,0.0,0,0.0,0.0,-0.0,0,0.0,0,0,0,0.0,0,0.0,0.0,,,74.0,214.0,33.735894736842106,11.0,Toledo,2008.0,2008.0,,,-3.0,
2019,20,00-0025825,B.Kern,P,TEN,KC,1,1,28.0,0,0.0,0.0,-0.0,0,0.0,0,0,0,0.0,0,1.12,1.12,,,74.0,214.0,33.735894736842106,11.0,Toledo,2008.0,2008.0,,,,
2019,1,00-0026035,D.Amendola,WR,DET,ARI,0,0,0.0,0,0.0,0.0,0.0,0,0.0,0,13,7,104.0,1,16.4,23.4,,,71.0,185.0,34.005875,11.0,Texas Tech,2008.0,2008.0,,,,0.31707317
2019,2,00-0026035,D.Amendola,WR,DET,LAC,0,0,0.0,0,0.0,0.0,0.0,0,0.0,0,1,0,0.0,0,0.0,0.0,,,71.0,185.0,34.005875,11.0,Texas Tech,2008.0,2008.0,,,3.0,0.033333335
2019,3,00-0026035,D.Amendola,WR,DET,PHI,0,0,0.0,0,0.0,0.0,0.0,0,0.0,0,5,4,37.0,0,3.7,7.7,,,71.0,185.0,34.005875,11.0,Texas Tech,2008.0,2008.0,,,,0.15625
2019,6,00-0026035,D.Amendola,WR,DET,GB,0,0,0.0,0,0.0,0.0,0.0,0,0.0,0,1,1,6.0,0,0.6,1.6,,,71.0,185.0,34.005875,11.0,Texas Tech,2008.0,2008.0,,,,0.03125
2019,7,00-0026035,D.Amendola,WR,DET,MIN,0,0,0.0,0,0.0,0.0,0.0,0,0.0,0,11,8,105.0,0,10.5,18.5,,,71.0,185.0,34.005875,11.0,Texas Tech,2008.0,2008.0,,,-12.0,0.24444444
2019,8,00-0026035,D.Amendola,WR,DET,NYG,0,0,0.0,0,0.0,0.0,0.0,0,0.0,0,8,8,95.0,0,9.5,17.5,,,71.0,185.0,34.005875,11.0,Texas Tech,2008.0,2008.0,,,5.0,0.2580645
2019,9,00-0026035,D.Amendola,WR,DET,LV,0,0,0.0,0,0.0,0.0,0.0,0,0.0,0,5,3,29.0,0,2.9,5.9,,,71.0,185.0,34.005875,11.0,Texas Tech,2008.0,2008.0,,,,0.12195122
2019,10,00-0026035,D.Amendola,WR,DET,CHI,0,0,0.0,0,0.0,0.0,0.0,0,0.0,0,9,4,29.0,0,2.9,6.9,,,71.0,185.0,34.005875,11.0,Texas Tech,2008.0,2008.0,,,,0.20930232
2019,11,00-0026035,D.Amendola,WR,DET,DAL,0,0,0.0,0,0.0,0.0,0.0,0,0.0,0,5,4,47.0,0,4.7,8.7,,,71.0,185.0,34.005875,11.0,Texas Tech,2008.0,2008.0,,,-8.0,0.20833333
2019,12,00-0026035,D.Amendola,WR,DET,WAS,0,0,0.0,0,0.0,0.0,0.0,0,0.0,0,3,3,21.0,0,2.1,5.1,,,71.0,185.0,34.005875,11.0,Texas Tech,2008.0,2008.0,,,,0.1
2019,13,00-0026035,D.Amendola,WR,DET,CHI,0,0,0.0,0,0.0,0.0,0.0,0,0.0,0,8,3,32.0,0,3.2,6.2,,,71.0,185.0,34.005875,11.0,Texas Tech,2008.0,2008.0,,,-4.0,0.22222222
2019,14,00-0026035,D.Amendola,WR,DET,MIN,0,0,0.0,0,0.0,0.0,0.0,0,0.0,0,8,5,34.0,0,3.4,8.4,,,71.0,185.0,34.005875,11.0,Texas Tech,2008.0,2008.0,,,,0.21052632
2019,15,00-0026035,D.Amendola,WR,DET,TB,0,0,0.0,0,0.0,0.0,0.0,0,0.0,0,13,8,102.0,0,10.2,18.2,,,71.0,185.0,34.005875,11.0,Texas Tech,2008.0,2008.0,,,-21.0,0.30232558
2019,16,00-0026035,D.Amendola,WR,DET,DEN,0,0,0.0,0,0.0,0.0,0.0,0,0.0,0,3,2,21.0,0,2.1,4.1,,,71.0,185.0,34.005875,11.0,Texas Tech,2008.0,2008.0,,,,0.13043478
2019,17,00-0026035,D.Amendola,WR,DET,GB,1,1,19.0,1,0.0,0.0,-0.0,0,0.0,0,4,2,16.0,0,6.36,8.36,,,71.0,185.0,34.005875,11.0,Texas Tech,2008.0,2008.0,,,-3.0,0.13793103
2019,1,00-0026143,M.Ryan,QB,ATL,MIN,33,46,304.0,2,2.0,4.0,32.0,2,24.0,0,0,0,0.0,0,18.56,18.56,,,76.0,217.0,34.4635625,11.0,Boston College,2008.0,2008.0,ATL,3.0,,
2019,2,00-0026143,M.Ryan,QB,ATL,PHI,27,43,320.0,3,3.0,1.0,10.0,2,3.0,0,0,0,0.0,0,19.1,19.1,,,76.0,217.0,34.4635625,11.0,Boston College,2008.0,2008.0,ATL,3.0,4.0,
2019,3,00-0026143,M.Ryan,QB,ATL,IND,29,34,304.0,3,1.0,0.0,-0.0,2,3.0,0,0,0,0.0,0,22.46,22.46,,,76.0,217.0,34.4635625,11.0,Boston College,2008.0,2008.0,ATL,3.0,,
2019,4,00-0026143,M.Ryan,QB,ATL,TEN,35,53,397.0,0,0.0,5.0,33.0,2,18.0,0,0,0,0.0,0,15.68,15.68,,,76.0,217.0,34.4635625,11.0,Boston College,2008.0,2008.0,ATL,3.0,-14.0,
2019,5,00-0026143,M.Ryan,QB,ATL,HOU,32,46,330.0,3,1.0,2.0,14.0,3,7.0,1,0,0,0.0,0,31.9,31.9,,,76.0,217.0,34.4635625,11.0,Boston College,2008.0,2008.0,ATL,3.0,,
2019,6,00-0026143,M.Ryan,QB,ATL,ARI,30,36,356.0,4,0.0,2.0,15.0,2,7.0,0,0,0,0.0,0,30.94,30.94,,,76.0,217.0,34.4635625,11.0,Boston College,2008.0,2008.0,ATL,3.0,,
2019,7,00-0026143,M.Ryan,QB,ATL,LA,16,27,159.0,0,1.0,5.0,38.0,1,2.0,0,0,0,0.0,0,2.56,2.56,,,76.0,217.0,34.4635625,11.0,Boston College,2008.0,2008.0,ATL,3.0,-27.0,
2019,10,00-0026143,M.Ryan,QB,ATL,NO,20,35,182.0,2,1.0,1.0,8.0,2,13.0,0,0,0,0.0,0,14.58,14.58,,,76.0,217.0,34.4635625,11.0,Boston College,2008.0,2008.0,ATL,3.0,,
2019,11,00-0026143,M.Ryan,QB,ATL,CAR,21,31,311.0,1,0.0,3.0,19.0,2,0.0,0,0,0,0.0,0,16.44,16.44,,,76.0,217.0,34.4635625,11.0,Boston College,2008.0,2008.0,ATL,3.0,,
2019,12,00-0026143,M.Ryan,QB,ATL,TB,23,46,271.0,0,1.0,6.0,46.0,1,8.0,0,0,0,0.0,0,7.64,7.64,,,76.0,217.0,34.4635625,11.0,Boston College,2008.0,2008.0,ATL,3.0,-13.0,
2019,13,00-0026143,M.Ryan,QB,ATL,NO,35,50,312.0,2,2.0,9.0,53.0,3,21.0,0,0,0,0.0,0,16.58,16.58,,,76.0,217.0,34.4635625,11.0,Boston College,2008.0,2008.0,ATL,3.0,-8.0,
2019,14,00-0026143,M.Ryan,QB,ATL,CAR,20,34,313.0,2,0.0,1.0,11.0,1,8.0,0,0,0,0.0,0,21.32,21.32,,,76.0,217.0,34.4635625,11.0,Boston College,2008.0,2008.0,ATL,3.0,20.0,
2019,15,00-0026143,M.Ryan,QB,ATL,SF,25,39,210.0,2,0.0,2.0,9.0,5,27.0,0,0,0,0.0,0,19.1,19.1,,,76.0,217.0,34.4635625,11.0,Boston College,2008.0,2008.0,ATL,3.0,,
2019,16,00-0026143,M.Ryan,QB,ATL,JAX,32,45,384.0,1,2.0,1.0,1.0,4,6.0,0,0,0,0.0,0,15.96,15.96,,,76.0,217.0,34.4635625,11.0,Boston College,2008.0,2008.0,ATL,3.0,12.0,
2019,17,00-0026143,M.Ryan,QB,ATL,TB,30,51,313.0,1,0.0,6.0,27.0,2,0.0,0,0,0,0.0,0,14.52,14.52,,,76.0,217.0,34.4635625,11.0,Boston College,2008.0,2008.0,ATL,3.0,,
2019,1,00-0026158,J.Flacco,QB,DEN,LV,21,31,268.0,1,0.0,3.0,19.0,1,1.0,0,0,0,0.0,0,14.82,14.82,,,78.0,245.0,34.793875,11.0,Delaware,2008.0,2008.0,BAL,18.0,,
2019,2,00-0026158,J.Flacco,QB,DEN,CHI,35,50,292.0,1,1.0,2.0,10.0,0,0.0,0,0,0,0.0,0,15.68,15.68,,,78.0,245.0,34.793875,11.0,Delaware,2008.0,2008.0,BAL,18.0,-2.0,
2019,3,00-0026158,J.Flacco,QB,DEN,GB,20,29,213.0,0,1.0,6.0,52.0,2,5.0,0,0,0,0.0,0,5.02,5.02,,,78.0,245.0,34.793875,11.0,Delaware,2008.0,2008.0,BAL,18.0,,
2019,4,00-0026158,J.Flacco,QB,DEN,JAX,22,38,303.0,3,1.0,0.0,-0.0,1,-1.0,0,0,0,0.0,0,22.02,22.02,,,78.0,245.0,34.793875,11.0,Delaware,2008.0,2008.0,BAL,18.0,-2.0,
2019,5,00-0026158,J.Flacco,QB,DEN,LAC,14,20,182.0,1,1.0,3.0,23.0,3,7.0,0,0,0,0.0,0,7.98,7.98,,,78.0,245.0,34.793875,11.0,Delaware,2008.0,2008.0,BAL,18.0,,
2019,6,00-0026158,J.Flacco,QB,DEN,TEN,18,28,177.0,0,1.0,1.0,10.0,4,-1.0,0,0,0,0.0,0,4.98,4.98,,,78.0,245.0,34.793875,11.0,Delaware,2008.0,2008.0,BAL,18.0,16.0,
2019,7,00-0026158,J.Flacco,QB,DEN,KC,21,34,213.0,0,0.0,8.0,72.0,0,0.0,0,0,0,0.0,0,6.52,6.52,,,78.0,245.0,34.793875,11.0,Delaware,2008.0,2008.0,BAL,18.0,-24.0,
2019,8,00-0026158,J.Flacco,QB,DEN,IND,20,32,174.0,0,0.0,3.0,8.0,1,9.0,0,0,0,0.0,0,7.86,7.86,,,78.0,245.0,34.793875,11.0,Delaware,2008.0,2008.0,BAL,18.0,,
2019,1,00-0026189,D.Jackson,WR,PHI,WAS,0,0,0.0,0,0.0,0.0,0.0,0,0.0,0,9,8,154.0,2,27.4,35.4,,,70.0,175.0,32.93135294117647,11.0,California,2008.0,2008.0,PHI,49.0,5.0,0.23076923
2019,9,00-0026189,D.Jackson,WR,PHI,CHI,0,0,0.0,0,0.0,0.0,0.0,0,0.0,0,1,1,5.0,0,0.5,1.5,,,70.0,175.0,32.93135294117647,11.0,California,2008.0,2008.0,PHI,49.0,8.0,0.025641026
2019,4,00-0026293,M.Slater,WR,NE,NE,0,0,0.0,0,0.0,0.0,0.0,0,0.0,0,0,0,0.0,0,6.0,6.0,,,72.0,205.0,34.15770588235294,11.0,UCLA,2008.0,2008.0,NE,153.0,,
2019,1,00-0026498,M.Stafford,QB,DET,ARI,27,45,385.0,3,0.0,3.0,24.0,3,22.0,0,0,0,0.0,0,27.6,27.6,,,75.0,220.0,31.7415,10.0,Georgia,2009.0,2009.0,DET,1.0,,
2019,2,00-0026498,M.Stafford,QB,DET,LAC,22,30,245.0,2,2.0,0.0,-0.0,4,13.0,0,0,0,0.0,0,15.1,15.1,,,75.0,220.0,31.7415,10.0,Georgia,2009.0,2009.0,DET,1.0,3.0,
2019,3,00-0026498,M.Stafford,QB,DET,PHI,18,32,201.0,1,0.0,0.0,-0.0,3,1.0,0,0,0,0.0,0,12.14,12.14,,,75.0,220.0,31.7415,10.0,Georgia,2009.0,2009.0,DET,1.0,,
2019,4,00-0026498,M.Stafford,QB,DET,KC,21,34,291.0,3,0.0,4.0,30.0,2,18.0,0,0,0,0.0,0,23.44,23.44,,,75.0,220.0,31.7415,10.0,Georgia,2009.0,2009.0,DET,1.0,-4.0,
2019,6,00-0026498,M.Stafford,QB,DET,GB,18,32,265.0,0,0.0,3.0,22.0,3,9.0,0,0,0,0.0,0,11.5,11.5,,,75.0,220.0,31.7415,10.0,Georgia,2009.0,2009.0,DET,1.0,,
2019,7,00-0026498,M.Stafford,QB,DET,MIN,30,45,364.0,4,1.0,2.0,12.0,0,0.0,0,0,0,0.0,0,28.56,28.56,,,75.0,220.0,31.7415,10.0,Georgia,2009.0,2009.0,DET,1.0,-12.0,
2019,8,00-0026498,M.Stafford,QB,DET,NYG,25,32,342.0,3,1.0,4.0,26.0,2,-3.0,0,0,0,0.0,0,23.38,23.38,,,75.0,220.0,31.7415,10.0,Georgia,2009.0,2009.0,DET,1.0,5.0,
2019,9,00-0026498,M.Stafford,QB,DET,LV,26,41,406.0,3,1.0,2.0,23.0,3,6.0,0,0,0,0.0,0,24.84,24.84,,,75.0,220.0,31.7415,10.0,Georgia,2009.0,2009.0,DET,1.0,,
2019,4,00-0026544,C.Daniel,QB,CHI,MIN,22,30,195.0,1,0.0,1.0,7.0,5,4.0,0,0,0,0.0,0,12.2,12.2,,,72.0,229.0,33.0755,10.0,Missouri,2009.0,2009.0,,,10.0,
2019,5,00-0026544,C.Daniel,QB,CHI,LV,22,30,231.0,2,2.0,4.0,37.0,1,2.0,0,0,0,0.0,0,13.44,13.44,,,72.0,229.0,33.0755,10.0,Missouri,2009.0,2009.0,,,,
2019,11,00-0026544,C.Daniel,QB,CHI,LA,1,4,9.0,0,0.0,2.0,4.0,0,0.0,0,0,0,0.0,0,0.36,0.36,,,72.0,229.0,33.0755,10.0,Missouri,2009.0,2009.0,,,,
2019,9,00-0026625,B.Hoyer,QB,IND,PIT,17,26,168.0,3,1.0,4.0,34.0,1,6.0,0,0,0,0.0,0,15.32,15.32,,,74.0,215.0,34.05925,10.0,Michigan State,2009.0,2009.0,,,,
2019,10,00-0026625,B.Hoyer,QB,IND,MIA,18,39,204.0,1,3.0,1.0,13.0,2,0.0,0,0,0,0.0,0,6.16,6.16,,,74.0,215.0,34.05925,10.0,Michigan State,2009.0,2009.0,,,-4.0,
2019,11,00-0026625,B.Hoyer,QB,IND,JAX,0,0,0.0,0,0.0,0.0,0.0,2,-2.0,0,0,0,0.0,0,-0.2,-0.2,,,74.0,215.0,34.05925,10.0,Michigan State,2009.0,2009.0,,,20.0,
2019,16,00-0026625,B.Hoyer,QB,IND,CAR,0,0,0.0,0,0.0,0.0,0.0,3,-2.0,0,0,0,0.0,0,-0.2,-0.2,,,74.0,215.0,34.05925,10.0,Michigan State,2009.0,2009.0,,,32.0,
2019,2,00-0026986,M.Crabtree,WR,ARI,BAL,0,0,0.0,0,0.0,0.0,0.0,0,0.0,0,3,2,13.0,0,1.3,3.3,,,73.0,215.0,32.132875,10.0,Texas Tech,2009.0,2009.0,SF,10.0,,0.08108108
2019,3,00-0026986,M.Crabtree,WR,ARI,CAR,0,0,0.0,0,0.0,0.0,0.0,0,0.0,0,2,2,9.0,0,0.9,2.9,,,73.0,215.0,32.132875,10.0,Texas Tech,2009.0,2009.0,SF,10.0,-18.0,0.04761905
2019,1,00-0027029,L.McCoy,RB,KC,JAX,0,0,0.0,0,0.0,0.0,0.0,10,81.0,0,1,1,12.0,0,9.3,10.3,,,71.0,210.0,31.341052631578947,10.0,Pittsburgh,2009.0,2009.0,PHI,53.0,,0.029411765
2019,2,00-0027029,L.McCoy,RB,KC,LV,0,0,0.0,0,0.0,0.0,0.0,11,23.0,0,3,3,0.0,0,2.3,5.3,,,71.0,210.0,31.341052631578947,10.0,Pittsburgh,2009.0,2009.0,PHI,53.0,,0.06818182
2019,3,00-0027029,L.McCoy,RB,KC,BAL,0,0,0.0,0,0.0,0.0,0.0,8,54.0,1,3,3,26.0,1,20.0,23.0,,,71.0,210.0,31.341052631578947,10.0,Pittsburgh,2009.0,2009.0,PHI,53.0,5.0,0.08571429
2019,4,00-0027029,L.McCoy,RB,KC,DET,0,0,0.0,0,0.0,0.0,0.0,11,56.0,1,4,2,33.0,0,14.9,16.9,,,71.0,210.0,31.341052631578947,10.0,Pittsburgh,2009.0,2009.0,PHI,53.0,,0.102564104
2019,5,00-0027029,L.McCoy,RB,KC,IND,0,0,0.0,0,0.0,0.0,0.0,0,0.0,0,2,2,23.0,0,0.3,2.3,,,71.0,210.0,31.341052631578947,10.0,Pittsburgh,2009.0,2009.0,PHI,53.0,-6.0,0.054054055
2019,6,00-0027029,L.McCoy,RB,KC,HOU,0,0,0.0,0,0.0,0.0,0.0,8,44.0,0,2,2,0.0,0,4.4,6.4,,,71.0,210.0,31.341052631578947,10.0,Pittsburgh,2009.0,2009.0,PHI,53.0,-7.0,0.057142857
2019,7,00-0027029,L.McCoy,RB,KC,DEN,0,0,0.0,0,0.0,0.0,0.0,12,64.0,0,2,2,12.0,0,7.6,9.6,,,71.0,210.0,31.341052631578947,10.0,Pittsburgh,2009.0,2009.0,PHI,53.0,,0.06896552
2019,8,00-0027029,L.McCoy,RB,KC,GB,0,0,0.0,0,0.0,0.0,0.0,9,40.0,0,4,4,23.0,0,4.3,8.3,,,71.0,210.0,31.341052631578947,10.0,Pittsburgh,2009.0,2009.0,PHI,53.0,-7.0,0.114285715
2019,9,00-0027029,L.McCoy,RB,KC,MIN,0,0,0.0,0,0.0,0.0,0.0,3,9.0,0,1,1,0.0,0,0.9,1.9,,,71.0,210.0,31.341052631578947,10.0,Pittsburgh,2009.0,2009.0,PHI,53.0,3.0,0.029411765
2019,11,00-0027029,L.McCoy,RB,KC,LAC,0,0,0.0,0,0.0,0.0,0.0,7,29.0,1,6,4,28.0,0,11.7,15.7,,,71.0,210.0,31.341052631578947,10.0,Pittsburgh,2009.0,2009.0,PHI,53.0,,0.1875
2019,13,00-0027029,L.McCoy,RB,KC,LV,0,0,0.0,0,0.0,0.0,0.0,5,10.0,1,3,3,20.0,0,9.0,12.0,,,71.0,210.0,31.341052631578947,10.0,Pittsburgh,2009.0,2009.0,PHI,53.0,31.0,0.11111111
2019,14,00-0027029,L.McCoy,RB,KC,NE,0,0,0.0,0,0.0,0.0,0.0,11,39.0,0,3,1,4.0,0,4.3,5.3,,,71.0,210.0,31.341052631578947,10.0,Pittsburgh,2009.0,2009.0,PHI,53.0,,0.07692308
2019,15,00-0027029,L.McCoy,RB,KC,DEN,0,0,0.0,0,0.0,0.0,0.0,6,16.0,0,0,0,0.0,0,1.6,1.6,,,71.0,210.0,31.341052631578947,10.0,Pittsburgh,2009.0,2009.0,PHI,53.0,20.0,
2019,1,00-0027061,J.Cook,TE,NO,HOU,0,0,0.0,0,0.0,0.0,0.0,0,0.0,0,3,2,37.0,0,3.7,5.7,,,77.0,254.0,32.584823529411764,10.0,South Carolina,2009.0,2009.0,TEN,89.0,2.0,0.07692308
2019,2,00-0027061,J.Cook,TE,NO,LA,0,0,0.0,0,0.0,0.0,0.0,0,0.0,0,7,2,25.0,0,2.5,4.5,,,77.0,254.0,32.584823529411764,10.0,South Carolina,2009.0,2009.0,TEN,89.0,,0.21875
2019,3,00-0027061,J.Cook,TE,NO,SEA,0,0,0.0,0,0.0,0.0,0.0,0,0.0,0,2,1,7.0,0,0.7,1.7,,,77.0,254.0,32.584823529411764,10.0,South Carolina,2009.0,2009.0,TEN,89.0,,0.074074075
2019,4,00-0027061,J.Cook,TE,NO,DAL,0,0,0.0,0,0.0,0.0,0.0,0,0.0,0,6,3,21.0,0,2.1,5.1,,,77.0,254.0,32.584823529411764,10.0,South Carolina,2009.0,2009.0,TEN,89.0,2.0,0.2
2019,5,00-0027061,J.Cook,TE,NO,TB,0,0,0.0,0,0.0,0.0,0.0,0,0.0,0,6,4,41.0,1,10.1,14.1,,,77.0,254.0,32.584823529411764,10.0,South Carolina,2009.0,2009.0,TEN,89.0,7.0,0.1764706
2019,6,00-0027061,J.Cook,TE,NO,JAX,0,0,0.0,0,0.0,0.0,0.0,0,0.0,0,3,3,37.0,1,9.7,12.7,,,77.0,254.0,32.584823529411764,10.0,South Carolina,2009.0,2009.0,TEN,89.0,,0.0882353
2019,10,00-0027061,J.Cook,TE,NO,ATL,0,0,0.0,0,0.0,0.0,0.0,0,0.0,0,10,6,74.0,0,7.4,13.4,,,77.0,254.0,32.584823529411764,10.0,South Carolina,2009.0,2009.0,TEN,89.0,-17.0,0.22727273
2019,11,00-0027061,J.Cook,TE,NO,TB,0,0,0.0,0,0.0,0.0,0.0,0,0.0,0,2,2,33.0,1,9.3,11.3,,,77.0,254.0,32.584823529411764,10.0,South Carolina,2009.0,2009.0,TEN,89.0,,0.05882353
2019,12,00-0027061,J.Cook,TE,NO,CAR,0,0,0.0,0,0.0,0.0,0.0,0,0.0,0,8,6,99.0,1,15.9,21.9,,,77.0,254.0,32.584823529411764,10.0,South Carolina,2009.0,2009.0,TEN,89.0,3.0,0.21052632
2019,13,00-0027061,J.Cook,TE,NO,ATL,0,0,0.0,0,0.0,0.0,0.0,0,0.0,0,6,3,85.0,0,8.5,11.5,,,77.0,254.0,32.584823529411764,10.0,South Carolina,2009.0,2009.0,TEN,89.0,,0.20689656
2019,14,00-0027061,J.Cook,TE,NO,SF,0,0,0.0,0,0.0,0.0,0.0,0,0.0,0,2,2,64.0,2,18.4,20.4,,,77.0,254.0,32.584823529411764,10.0,South Carolina,2009.0,2009.0,TEN,89.0,-2.0,0.048780486
2019,15,00-0027061,J.Cook,TE,NO,IND,0,0,0.0,0,0.0,0.0,0.0,0,0.0,0,4,4,54.0,0,5.4,9.4,,,77.0,254.0,32.584823529411764,10.0,South Carolina,2009.0,2009.0,TEN,89.0,27.0,0.13333334
2019,16,00-0027061,J.Cook,TE,NO,TEN,0,0,0.0,0,0.0,0.0,0.0,0,0.0,0,4,3,84.0,2,20.4,23.4,,,77.0,254.0,32.584823529411764,10.0,South Carolina,2009.0,2009.0,TEN,89.0,,0.102564104
2019,17,00-0027061,J.Cook,TE,NO,CAR,0,0,0.0,0,0.0,0.0,0.0,0,0.0,0,2,2,44.0,1,10.4,12.4,,,77.0,254.0,32.584823529411764,10.0,South Carolina,2009.0,2009.0,TEN,89.0,,0.06896552
2019,18,00-0027061,J.Cook,TE,NO,MIN,0,0,0.0,0,0.0,0.0,0.0,0,0.0,0,5,5,54.0,0,5.4,10.4,,,77.0,254.0,32.584823529411764,10.0,South Carolina,2009.0,2009.0,TEN,89.0,-6.0,0.15151516
2019,1,00-0027150,J.Edelman,WR,NE,PIT,1,1,32.0,0,0.0,0.0,-0.0,1,8.0,0,11,6,83.0,0,10.38,16.38,,,70.0,200.0,33.45935294117647,10.0,Kent State,2009.0,2009.0,NE,232.0,30.0,0.2972973
2019,2,00-0027150,J.Edelman,WR,NE,MIA,0,0,0.0,0,0.0,0.0,0.0,1,1.0,0,4,4,51.0,0,5.2,9.2,,,70.0,200.0,33.45935294117647,10.0,Kent State,2009.0,2009.0,NE,232.0,,0.14285715
2019,3,00-0027150,J.Edelman,WR,NE,NYJ,0,0,0.0,0,0.0,0.0,0.0,0,0.0,0,10,7,62.0,1,12.2,19.2,,,70.0,200.0,33.45935294117647,10.0,Kent State,2009.0,2009.0,NE,232.0,16.0,0.23255815
2019,4,00-0027150,J.Edelman,WR,NE,BUF,0,0,0.0,0,0.0,0.0,0.0,0,0.0,0,7,4,30.0,0,3.0,7.0,,,70.0,200.0,33.45935294117647,10.0,Kent State,2009.0,2009.0,NE,232.0,,0.20588236
2019,5,00-0027150,J.Edelman,WR,NE,WAS,0,0,0.0,0,0.0,0.0,0.0,0,0.0,0,9,8,110.0,1,17.0,25.0,,,70.0,200.0,33.45935294117647,10.0,Kent State,2009.0,2009.0,NE,232.0,,0.225
2019,6,00-0027150,J.Edelman,WR,NE,NYG,0,0,0.0,0,0.0,0.0,0.0,0,0.0,0,15,9,113.0,0,11.3,20.3,,,70.0,200.0,33.45935294117647,10.0,Kent State,2009.0,2009.0,NE,232.0,21.0,0.36585367
2019,7,00-0027150,J.Edelman,WR,NE,NYJ,0,0,0.0,0,0.0,0.0,0.0,3,20.0,0,12,7,47.0,0,6.7,13.7,,,70.0,200.0,33.45935294117647,10.0,Kent State,2009.0,2009.0,NE,232.0,,0.2857143
2019,8,00-0027150,J.Edelman,WR,NE,CLE,0,0,0.0,0,0.0,0.0,0.0,1,-3.0,0,11,8,78.0,2,19.5,27.5,,,70.0,200.0,33.45935294117647,10.0,Kent State,2009.0,2009.0,NE,232.0,14.0,0.34375
2019,9,00-0027150,J.Edelman,WR,NE,BAL,0,0,0.0,0,0.0,0.0,0.0,0,0.0,0,11,10,89.0,0,6.9,16.9,,,70.0,200.0,33.45935294117647,10.0,Kent State,2009.0,2009.0,NE,232.0,,0.2682927
2019,11,00-0027150,J.Edelman,WR,NE,PHI,1,1,15.0,1,0.0,0.0,-0.0,0,0.0,0,10,5,53.0,0,9.9,14.9,,,70.0,200.0,33.45935294117647,10.0,Kent State,2009.0,2009.0,NE,232.0,,0.22222222
2019,12,00-0027150,J.Edelman,WR,NE,DAL,0,0,0.0,0,0.0,0.0,0.0,0,0.0,0,12,8,93.0,0,9.3,17.3,,,70.0,200.0,33.45935294117647,10.0,Kent State,2009.0,2009.0,NE,232.0,4.0,0.34285715
2019,13,00-0027150,J.Edelman,WR,NE,HOU,0,0,0.0,0,0.0,0.0,0.0,1,-7.0,0,11,6,106.0,1,15.9,21.9,,,70.0,200.0,33.45935294117647,10.0,Kent State,2009.0,2009.0,NE,232.0,,0.24444444
2019,14,00-0027150,J.Edelman,WR,NE,KC,0,0,0.0,0,0.0,0.0,0.0,1,8.0,0,12,8,95.0,1,16.3,24.3,,,70.0,200.0,33.45935294117647,10.0,Kent State,2009.0,2009.0,NE,232.0,-7.0,0.34285715
2019,15,00-0027150,J.Edelman,WR,NE,CIN,0,0,0.0,0,0.0,0.0,0.0,0,0.0,0,5,2,9.0,0,0.9,2.9,,,70.0,200.0,33.45935294117647,10.0,Kent State,2009.0,2009.0,NE,232.0,,0.17857143
2019,16,00-0027150,J.Edelman,WR,NE,BUF,0,0,0.0,0,0.0,0.0,0.0,0,0.0,0,6,5,72.0,0,9.2,14.2,,,70.0,200.0,33.45935294117647,10.0,Kent State,2009.0,2009.0,NE,232.0,7.0,0.1875
2019,17,00-0027150,J.Edelman,WR,NE,MIA,0,0,0.0,0,0.0,0.0,0.0,0,0.0,0,7,3,26.0,0,2.6,5.6,,,70.0,200.0,33.45935294117647,10.0,Kent State,2009.0,2009.0,NE,232.0,-3.0,0.2413793
2019,18,00-0027150,J.Edelman,WR,NE,TEN,0,0,0.0,0,0.0,0.0,0.0,2,12.0,1,5,3,30.0,0,10.2,13.2,,,70.0,200.0,33.45935294117647,10.0,Kent State,2009.0,2009.0,NE,232.0,-7.0,0.14285715
2019,1,00-0027539,A.Levine,SS,BAL,MIA,0,0,0.0,0,0.0,0.0,0.0,1,60.0,0,0,0,0.0,0,6.0,6.0,,,71.0,207.0,32.61694117647059,9.0,Tennessee State,2010.0,2010.0,,,,
2019,17,00-0027539,A.Levine,SS,BAL,PIT,0,0,0.0,0,0.0,0.0,0.0,1,2.0,0,0,0,0.0,0,0.2,0.2,,,71.0,207.0,32.61694117647059,9.0,Tennessee State,2010.0,2010.0,,,18.0,
2019,1,00-0027685,E.Sanders,WR,DEN,LV,0,0,0.0,0,0.0,0.0,0.0,0,0.0,0,7,5,86.0,1,14.6,19.6,,,71.0,180.0,32.66415,9.0,Southern Methodist,2010.0,2010.0,PIT,82.0,,0.23333333
2019,2,00-0027685,E.Sanders,WR,DEN,CHI,0,0,0.0,0,0.0,0.0,0.0,0,0.0,0,13,11,98.0,1,17.8,28.8,,,71.0,180.0,32.66415,9.0,Southern Methodist,2010.0,2010.0,PIT,82.0,-2.0,0.26
2019,3,00-0027685,E.Sanders,WR,DEN,GB,0,0,0.0,0,0.0,0.0,0.0,0,0.0,0,5,2,10.0,0,1.0,3.0,,,71.0,180.0,32.66415,9.0,Southern Methodist,2010.0,2010.0,PIT,82.0,,0.17857143
2019,4,00-0027685,E.Sanders,WR,DEN,JAX,0,0,0.0,0,0.0,0.0,0.0,0,0.0,0,9,5,104.0,0,10.4,15.4,,,71.0,180.0,32.66415,9.0,Southern Methodist,2010.0,2010.0,PIT,82.0,-2.0,0.25714287
2019,5,00-0027685,E.Sanders,WR,DEN,LAC,0,0,0.0,0,0.0,0.0,0.0,0,0.0,0,1,1,9.0,0,0.9,1.9,,,71.0,180.0,32.66415,9.0,Southern Methodist,2010.0,2010.0,PIT,82.0,,0.05263158
2019,6,00-0027685,E.Sanders,WR,DEN,TEN,0,0,0.0,0,0.0,0.0,0.0,0,0.0,0,3,1,0.0,0,0.0,1.0,,,71.0,180.0,32.66415,9.0,Southern Methodist,2010.0,2010.0,PIT,82.0,16.0,0.115384616
2019,7,00-0027685,E.Sanders,WR,DEN,KC,0,0,0.0,0,0.0,0.0,0.0,0,0.0,0,6,5,60.0,0,6.0,11.0,,,71.0,180.0,32.66415,9.0,Southern Methodist,2010.0,2010.0,PIT,82.0,-24.0,0.18181819
2019,8,00-0027685,E.Sanders,WR,SF,CAR,0,0,0.0,0,0.0,0.0,0.0,0,0.0,0,5,4,25.0,1,8.5,12.5,,,71.0,180.0,32.66415,9.0,Southern Methodist,2010.0,2010.0,PIT,82.0,38.0,0.22727273
2019,9,00-0027685,E.Sanders,WR,SF,ARI,0,0,0.0,0,0.0,0.0,0.0,0,0.0,0,9,7,112.0,1,17.2,24.2,,,71.0,180.0,32.66415,9.0,Southern Methodist,2010.0,2010.0,PIT,82.0,,0.24324325
2019,10,00-0027685,E.Sanders,WR,SF,SEA,0,0,0.0,0,0.0,0.0,0.0,0,0.0,0,4,2,24.0,0,2.4,4.4,,,71.0,180.0,32.66415,9.0,Southern Methodist,2010.0,2010.0,PIT,82.0,-3.0,0.09090909
2019,11,00-0027685,E.Sanders,WR,SF,ARI,0,0,0.0,0,0.0,0.0,0.0,0,0.0,0,5,3,33.0,0,3.3,6.3,,,71.0,180.0,32.66415,9.0,Southern Methodist,2010.0,2010.0,PIT,82.0,10.0,0.11363637
2019,12,00-0027685,E.Sanders,WR,SF,GB,0,0,0.0,0,0.0,0.0,0.0,0,0.0,0,1,1,15.0,0,1.5,2.5,,,71.0,180.0,32.66415,9.0,Southern Methodist,2010.0,2010.0,PIT,82.0,29.0,0.05263158
2019,13,00-0027685,E.Sanders,WR,SF,BAL,0,0,0.0,0,0.0,0.0,0.0,0,0.0,0,6,4,41.0,0,4.1,8.1,,,71.0,180.0,32.66415,9.0,Southern Methodist,2010.0,2010.0,PIT,82.0,,0.2857143
2019,14,00-0027685,E.Sanders,WR,SF,NO,1,1,35.0,1,0.0,0.0,-0.0,0,0.0,0,9,7,157.0,1,27.1,34.1,,,71.0,180.0,32.66415,9.0,Southern Methodist,2010.0,2010.0,PIT,82.0,,0.25714287
2019,15,00-0027685,E.Sanders,WR,SF,ATL,0,0,0.0,0,0.0,0.0,0.0,0,0.0,0,4,2,9.0,0,0.9,2.9,,,71.0,180.0,32.66415,9.0,Southern Methodist,2010.0,2010.0,PIT,82.0,-7.0,0.121212125
2019,16,00-0027685,E.Sanders,WR,SF,LA,0,0,0.0,0,0.0,0.0,0.0,0,0.0,0,6,3,61.0,0,6.1,9.1,,,71.0,180.0,32.66415,9.0,Southern Methodist,2010.0,2010.0,PIT,82.0,3.0,0.22222222
2019,17,00-0027685,E.Sanders,WR,SF,SEA,0,0,0.0,0,0.0,0.0,0.0,0,0.0,0,4,3,25.0,0,2.5,5.5,,,71.0,180.0,32.66415,9.0,Southern Methodist,2010.0,2010.0,PIT,82.0,,0.18181819
2019,19,00-0027685,E.Sanders,WR,SF,MIN,0,0,0.0,0,0.0,0.0,0.0,0,0.0,0,2,2,33.0,0,3.3,5.3,,,71.0,180.0,32.66415,9.0,Southern Methodist,2010.0,2010.0,PIT,82.0,17.0,0.11111111
2019,20,00-0027685,E.Sanders,WR,SF,GB,0,0,0.0,0,0.0,0.0,0.0,0,0.0,0,1,0,0.0,0,0.0,0.0,,,71.0,180.0,32.66415,9.0,Southern Methodist,2010.0,2010.0,PIT,82.0,17.0,0.125
2019,21,00-0027685,E.Sanders,WR,SF,KC,0,0,0.0,0,0.0,0.0,0.0,0,0.0,0,5,3,38.0,0,3.8,6.8,,,71.0,180.0,32.66415,9.0,Southern Methodist,2010.0,2010.0,PIT,82.0,,0.16129032
2019,5,00-0027688,C.McCoy,QB,WAS,NE,18,27,122.0,0,1.0,6.0,44.0,2,14.0,0,0,0,0.0,0,4.28,4.28,,,73.0,212.0,33.159375,9.0,Texas,2010.0,2010.0,CLE,85.0,-26.0,
2019,4,00-0027691,A.Roberts,WR,BUF,NE,0,0,0.0,0,0.0,0.0,0.0,0,0.0,0,1,1,6.0,0,0.6,1.6,,,71.0,195.0,31.829294117647056,9.0,Citadel,2010.0,2010.0,ARI,88.0,-6.0,0.024390243
2019,5,00-0027691,A.Roberts,WR,BUF,TEN,0,0,0.0,0,0.0,0.0,0.0,1,7.0,0,0,0,0.0,0,0.7,0.7,,,71.0,195.0,31.829294117647056,9.0,Citadel,2010.0,2010.0,ARI,88.0,,
2019,7,00-0027691,A.Roberts,WR,BUF,MIA,0,0,0.0,0,0.0,0.0,0.0,0,0.0,0,1,0,0.0,0,0.0,0.0,,,71.0,195.0,31.829294117647056,9.0,Citadel,2010.0,2010.0,ARI,88.0,10.0,0.04
2019,10,00-0027691,A.Roberts,WR,BUF,CLE,0,0,0.0,0,0.0,0.0,0.0,0,0.0,0,3,1,7.0,0,0.7,1.7,,,71.0,195.0,31.829294117647056,9.0,Citadel,2010.0,2010.0,ARI,88.0,,0.07692308
2019,15,00-0027691,A.Roberts,WR,BUF,PIT,0,0,0.0,0,0.0,0.0,0.0,0,0.0,0,2,1,7.0,0,0.7,1.7,,,71.0,195.0,31.829294117647056,9.0,Citadel,2010.0,2010.0,ARI,88.0,,0.083333336
2019,1,00-0027696,J.Graham,TE,GB,CHI,0,0,0.0,0,0.0,0.0,0.0,0,0.0,0,5,3,30.0,1,9.0,12.0,,,79.0,265.0,32.961444444444446,9.0,Miami,2010.0,2010.0,NO,95.0,,0.18518518
2019,2,00-0027696,J.Graham,TE,GB,MIN,0,0,0.0,0,0.0,0.0,0.0,0,0.0,0,1,0,0.0,0,0.0,0.0,,,79.0,265.0,32.961444444444446,9.0,Miami,2010.0,2010.0,NO,95.0,5.0,0.032258064
2019,3,00-0027696,J.Graham,TE,GB,DEN,0,0,0.0,0,0.0,0.0,0.0,0,0.0,0,1,0,0.0,0,0.0,0.0,,,79.0,265.0,32.961444444444446,9.0,Miami,2010.0,2010.0,NO,95.0,11.0,0.037037037
2019,4,00-0027696,J.Graham,TE,GB,PHI,0,0,0.0,0,0.0,0.0,0.0,0,0.0,0,9,6,61.0,1,12.1,18.1,,,79.0,265.0,32.961444444444446,9.0,Miami,2010.0,2010.0,NO,95.0,-7.0,0.18367347
2019,5,00-0027696,J.Graham,TE,GB,DAL,0,0,0.0,0,0.0,0.0,0.0,0,0.0,0,3,3,41.0,0,4.1,7.1,,,79.0,265.0,32.961444444444446,9.0,Miami,2010.0,2010.0,NO,95.0,,0.09677419
2019,6,00-0027696,J.Graham,TE,GB,DET,0,0,0.0,0,0.0,0.0,0.0,0,0.0,0,5,2,17.0,0,1.7,3.7,,,79.0,265.0,32.961444444444446,9.0,Miami,2010.0,2010.0,NO,95.0,1.0,0.13157895
2019,7,00-0027696,J.Graham,TE,GB,LV,0,0,0.0,0,0.0,0.0,0.0,0,0.0,0,4,4,65.0,1,12.5,16.5,,,79.0,265.0,32.961444444444446,9.0,Miami,2010.0,2010.0,NO,95.0,18.0,0.13793103
2019,8,00-0027696,J.Graham,TE,GB,KC,0,0,0.0,0,0.0,0.0,0.0,0,0.0,0,5,3,20.0,0,2.0,5.0,,,79.0,265.0,32.961444444444446,9.0,Miami,2010.0,2010.0,NO,95.0,,0.16129032
2019,9,00-0027696,J.Graham,TE,GB,LAC,0,0,0.0,0,0.0,0.0,0.0,0,0.0,0,4,4,17.0,0,1.7,5.7,,,79.0,265.0,32.961444444444446,9.0,Miami,2010.0,2010.0,NO,95.0,,0.11764706
2019,10,00-0027696,J.Graham,TE,GB,CAR,0,0,0.0,0,0.0,0.0,0.0,0,0.0,0,3,2,59.0,0,5.9,7.9,,,79.0,265.0,32.961444444444446,9.0,Miami,2010.0,2010.0,NO,95.0,8.0,0.11111111
2019,12,00-0027696,J.Graham,TE,GB,SF,0,0,0.0,0,0.0,0.0,0.0,0,0.0,0,2,1,7.0,0,0.7,1.7,,,79.0,265.0,32.961444444444446,9.0,Miami,2010.0,2010.0,NO,95.0,,0.055555556
2019,13,00-0027696,J.Graham,TE,GB,NYG,0,0,0.0,0,0.0,0.0,0.0,0,0.0,0,1,1,16.0,0,1.6,2.6,,,79.0,265.0,32.961444444444446,9.0,Miami,2010.0,2010.0,NO,95.0,,0.030303031
2019,14,00-0027696,J.Graham,TE,GB,WAS,0,0,0.0,0,0.0,0.0,0.0,0,0.0,0,5,3,49.0,0,4.9,7.9,,,79.0,265.0,32.961444444444446,9.0,Miami,2010.0,2010.0,NO,95.0,5.0,0.18518518
2019,15,00-0027696,J.Graham,TE,GB,CHI,0,0,0.0,0,0.0,0.0,0.0,0,0.0,0,4,1,0.0,0,0.0,1.0,,,79.0,265.0,32.961444444444446,9.0,Miami,2010.0,2010.0,NO,95.0,8.0,0.13333334
2019,16,00-0027696,J.Graham,TE,GB,MIN,0,0,0.0,0,0.0,0.0,0.0,0,0.0,0,1,1,16.0,0,1.6,2.6,,,79.0,265.0,32.961444444444446,9.0,Miami,2010.0,2010.0,NO,95.0,,0.02631579
2019,17,00-0027696,J.Graham,TE,GB,DET,0,0,0.0,0,0.0,0.0,0.0,0,0.0,0,7,4,49.0,0,4.9,8.9,,,79.0,265.0,32.961444444444446,9.0,Miami,2010.0,2010.0,NO,95.0,,0.12962963
2019,19,00-0027696,J.Graham,TE,GB,SEA,0,0,0.0,0,0.0,0.0,0.0,0,0.0,0,4,3,49.0,0,4.9,7.9,,,79.0,265.0,32.961444444444446,9.0,Miami,2010.0,2010.0,NO,95.0,5.0,0.18181819
2019,20,00-0027696,J.Graham,TE,GB,SF,0,0,0.0,0,0.0,0.0,0.0,0,0.0,0,5,4,59.0,0,5.9,9.9,,,79.0,265.0,32.961444444444446,9.0,Miami,2010.0,2010.0,NO,95.0,,0.13513513
2019,2,00-0027793,A.Brown,WR,NE,MIA,0,0,0.0,0,0.0,0.0,0.0,1,5.0,0,8,4,56.0,1,12.1,16.1,,,70.0,185.0,31.324117647058824,9.0,Central Michigan,2010.0,2010.0,PIT,195.0,,0.2857143
2019,2,00-0027874,D.Thomas,WR,NYJ,CLE,0,0,0.0,0,0.0,0.0,0.0,0,0.0,0,2,1,-1.0,0,-0.1,0.9,,,75.0,225.0,31.863375,9.0,Georgia Tech,2010.0,2010.0,DEN,22.0,-20.0,0.06666667
2019,5,00-0027874,D.Thomas,WR,NYJ,PHI,0,0,0.0,0,0.0,0.0,0.0,0,0.0,0,9,4,47.0,0,4.7,8.7,,,75.0,225.0,31.863375,9.0,Georgia Tech,2010.0,2010.0,DEN,22.0,,0.36
2019,6,00-0027874,D.Thomas,WR,NYJ,DAL,0,0,0.0,0,0.0,0.0,0.0,0,0.0,0,4,4,62.0,0,6.2,10.2,,,75.0,225.0,31.863375,9.0,Georgia Tech,2010.0,2010.0,DEN,22.0,2.0,0.13333334
2019,7,00-0027874,D.Thomas,WR,NYJ,NE,0,0,0.0,0,0.0,0.0,0.0,0,0.0,0,9,3,42.0,0,4.2,7.2,,,75.0,225.0,31.863375,9.0,Georgia Tech,2010.0,2010.0,DEN,22.0,-33.0,0.29032257
2019,8,00-0027874,D.Thomas,WR,NYJ,JAX,0,0,0.0,0,0.0,0.0,0.0,0,0.0,0,5,5,63.0,0,6.3,11.3,,,75.0,225.0,31.863375,9.0,Georgia Tech,2010.0,2010.0,DEN,22.0,,0.1724138
2019,9,00-0027874,D.Thomas,WR,NYJ,MIA,0,0,0.0,0,0.0,0.0,0.0,0,0.0,0,3,2,19.0,0,1.9,3.9,,,75.0,225.0,31.863375,9.0,Georgia Tech,2010.0,2010.0,DEN,22.0,,0.083333336
2019,10,00-0027874,D.Thomas,WR,NYJ,NYG,0,0,0.0,0,0.0,0.0,0.0,0,0.0,0,9,6,84.0,0,8.4,14.4,,,75.0,225.0,31.863375,9.0,Georgia Tech,2010.0,2010.0,DEN,22.0,7.0,0.33333334
2019,11,00-0027874,D.Thomas,WR,NYJ,WAS,0,0,0.0,0,0.0,0.0,0.0,0,0.0,0,5,4,44.0,0,4.4,8.4,,,75.0,225.0,31.863375,9.0,Georgia Tech,2010.0,2010.0,DEN,22.0,,0.17857143
2019,12,00-0027874,D.Thomas,WR,NYJ,LV,0,0,0.0,0,0.0,0.0,0.0,0,0.0,0,3,2,22.0,0,2.2,4.2,,,75.0,225.0,31.863375,9.0,Georgia Tech,2010.0,2010.0,DEN,22.0,31.0,0.115384616
2019,13,00-0027874,D.Thomas,WR,NYJ,CIN,0,0,0.0,0,0.0,0.0,0.0,0,0.0,0,5,3,23.0,0,2.3,5.3,,,75.0,225.0,31.863375,9.0,Georgia Tech,2010.0,2010.0,DEN,22.0,,0.11111111
2019,14,00-0027874,D.Thomas,WR,NYJ,MIA,0,0,0.0,0,0.0,0.0,0.0,0,0.0,0,4,2,28.0,1,8.8,10.8,,,75.0,225.0,31.863375,9.0,Georgia Tech,2010.0,2010.0,DEN,22.0,1.0,0.114285715
2019,5,00-0027891,G.Tate,WR,NYG,MIN,0,0,0.0,0,0.0,0.0,0.0,0,0.0,0,6,3,13.0,0,1.3,4.3,,,71.0,191.0,31.25,9.0,Notre Dame,2010.0,2010.0,SEA,60.0,-18.0,0.16666667
2019,6,00-0027891,G.Tate,WR,NYG,NE,0,0,0.0,0,0.0,0.0,0.0,0,0.0,0,9,6,102.0,1,16.2,22.2,,,71.0,191.0,31.25,9.0,Notre Dame,2010.0,2010.0,SEA,60.0,,0.31034482
2019,7,00-0027891,G.Tate,WR,NYG,ARI,0,0,0.0,0,0.0,0.0,0.0,0,0.0,0,11,6,80.0,0,8.0,14.0,,,71.0,191.0,31.25,9.0,Notre Dame,2010.0,2010.0,SEA,60.0,-6.0,0.31428573
2019,8,00-0027891,G.Tate,WR,NYG,DET,0,0,0.0,0,0.0,0.0,0.0,0,0.0,0,10,8,85.0,0,8.5,16.5,,,71.0,191.0,31.25,9.0,Notre Dame,2010.0,2010.0,SEA,60.0,,0.25
2019,9,00-0027891,G.Tate,WR,NYG,DAL,0,0,0.0,0,0.0,0.0,0.0,1,16.0,0,6,6,42.0,0,5.8,11.8,,,71.0,191.0,31.25,9.0,Notre Dame,2010.0,2010.0,SEA,60.0,-19.0,0.14634146
2019,10,00-0027891,G.Tate,WR,NYG,NYJ,0,0,0.0,0,0.0,0.0,0.0,0,0.0,0,8,4,95.0,2,19.5,23.5,,,71.0,191.0,31.25,9.0,Notre Dame,2010.0,2010.0,SEA,60.0,,0.21052632
2019,12,00-0027891,G.Tate,WR,NYG,CHI,0,0,0.0,0,0.0,0.0,0.0,0,0.0,0,7,3,33.0,1,9.3,12.3,,,71.0,191.0,31.25,9.0,Notre Dame,2010.0,2010.0,SEA,60.0,,0.20588236
2019,14,00-0027891,G.Tate,WR,NYG,PHI,0,0,0.0,0,0.0,0.0,0.0,0,0.0,0,5,1,11.0,0,1.1,2.1,,,71.0,191.0,31.25,9.0,Notre Dame,2010.0,2010.0,SEA,60.0,,0.1724138
2019,15,00-0027891,G.Tate,WR,NYG,MIA,0,0,0.0,0,0.0,0.0,0.0,0,0.0,0,4,1,51.0,1,11.1,12.1,,,71.0,191.0,31.25,9.0,Notre Dame,2010.0,2010.0,SEA,60.0,16.0,0.13793103
2019,16,00-0027891,G.Tate,WR,NYG,WAS,0,0,0.0,0,0.0,0.0,0.0,0,0.0,0,11,6,96.0,0,9.6,15.6,,,71.0,191.0,31.25,9.0,Notre Dame,2010.0,2010.0,SEA,60.0,,0.2820513
2019,17,00-0027891,G.Tate,WR,NYG,PHI,0,0,0.0,0,0.0,0.0,0.0,0,0.0,0,8,5,68.0,1,12.8,17.8,,,71.0,191.0,31.25,9.0,Notre Dame,2010.0,2010.0,SEA,60.0,-17.0,0.17021276
2019,2,00-0027925,J.Develin,FB,NE,MIA,0,0,0.0,0,0.0,0.0,0.0,2,3.0,0,0,0,0.0,0,0.3,0.3,,,75.0,255.0,31.288294117647055,9.0,Brown,2010.0,2011.0,,,,
2019,1,00-0027939,C.Newton,QB,CAR,LA,25,38,239.0,0,1.0,3.0,23.0,3,-2.0,0,0,0,0.0,0,5.36,5.36,,,77.0,245.0,30.482375,8.0,Auburn,2011.0,2011.0,CAR,1.0,-3.0,
2019,2,00-0027939,C.Newton,QB,CAR,TB,25,51,333.0,0,0.0,3.0,20.0,2,0.0,0,0,0,0.0,0,11.32,11.32,,,77.0,245.0,30.482375,8.0,Auburn,2011.0,2011.0,CAR,1.0,-6.0,
2019,1,00-0027944,J.Jones,WR,ATL,MIN,0,0,0.0,0,0.0,0.0,0.0,0,0.0,0,11,6,31.0,1,9.1,15.1,,,75.0,220.0,30.7319375,8.0,Alabama,2011.0,2011.0,ATL,6.0,,0.24444444
2019,2,00-0027944,J.Jones,WR,ATL,PHI,0,0,0.0,0,0.0,0.0,0.0,0,0.0,0,10,5,106.0,2,22.6,27.6,,,75.0,220.0,30.7319375,8.0,Alabama,2011.0,2011.0,ATL,6.0,4.0,0.23255815
2019,3,00-0027944,J.Jones,WR,ATL,IND,0,0,0.0,0,0.0,0.0,0.0,0,0.0,0,9,8,128.0,1,18.8,26.8,,,75.0,220.0,30.7319375,8.0,Alabama,2011.0,2011.0,ATL,6.0,,0.27272728
2019,4,00-0027944,J.Jones,WR,ATL,TEN,0,0,0.0,0,0.0,0.0,0.0,1,1.0,0,7,4,52.0,0,5.3,9.3,,,75.0,220.0,30.7319375,8.0,Alabama,2011.0,2011.0,ATL,6.0,-14.0,0.14
2019,5,00-0027944,J.Jones,WR,ATL,HOU,0,0,0.0,0,0.0,0.0,0.0,0,0.0,0,7,3,42.0,0,4.2,7.2,,,75.0,220.0,30.7319375,8.0,Alabama,2011.0,2011.0,ATL,6.0,,0.1590909
2019,6,00-0027944,J.Jones,WR,ATL,ARI,0,0,0.0,0,0.0,0.0,0.0,0,0.0,0,9,8,108.0,0,10.8,18.8,,,75.0,220.0,30.7319375,8.0,Alabama,2011.0,2011.0,ATL,6.0,,0.2647059
2019,7,00-0027944,J.Jones,WR,ATL,LA,0,0,0.0,0,0.0,0.0,0.0,0,0.0,0,9,6,93.0,0,9.3,15.3,,,75.0,220.0,30.7319375,8.0,Alabama,2011.0,2011.0,ATL,6.0,-27.0,0.27272728
2019,8,00-0027944,J.Jones,WR,ATL,SEA,0,0,0.0,0,0.0,0.0,0.0,0,0.0,0,12,10,152.0,0,15.2,25.2,,,75.0,220.0,30.7319375,8.0,Alabama,2011.0,2011.0,ATL,6.0,-7.0,0.24489796
2019,10,00-0027944,J.Jones,WR,ATL,NO,0,0,0.0,0,0.0,0.0,0.0,0,0.0,0,9,3,79.0,0,7.9,10.9,,,75.0,220.0,30.7319375,8.0,Alabama,2011.0,2011.0,ATL,6.0,,0.28125
2019,11,00-0027944,J.Jones,WR,ATL,CAR,0,0,0.0,0,0.0,0.0,0.0,1,-4.0,0,8,6,91.0,0,8.7,14.7,,,75.0,220.0,30.7319375,8.0,Alabama,2011.0,2011.0,ATL,6.0,,0.2580645
2019,12,00-0027944,J.Jones,WR,ATL,TB,0,0,0.0,0,0.0,0.0,0.0,0,0.0,0,10,5,68.0,0,6.8,11.8,,,75.0,220.0,30.7319375,8.0,Alabama,2011.0,2011.0,ATL,6.0,-13.0,0.18867925
2019,14,00-0027944,J.Jones,WR,ATL,CAR,0,0,0.0,0,0.0,0.0,0.0,0,0.0,0,8,5,66.0,0,6.6,11.6,,,75.0,220.0,30.7319375,8.0,Alabama,2011.0,2011.0,ATL,6.0,20.0,0.2580645
2019,15,00-0027944,J.Jones,WR,ATL,SF,0,0,0.0,0,0.0,0.0,0.0,0,0.0,0,20,13,134.0,2,25.4,38.4,,,75.0,220.0,30.7319375,8.0,Alabama,2011.0,2011.0,ATL,6.0,,0.51282054
2019,16,00-0027944,J.Jones,WR,ATL,JAX,0,0,0.0,0,0.0,0.0,0.0,0,0.0,0,15,10,166.0,0,16.6,26.6,,,75.0,220.0,30.7319375,8.0,Alabama,2011.0,2011.0,ATL,6.0,12.0,0.3488372
2019,17,00-0027944,J.Jones,WR,ATL,TB,0,0,0.0,0,0.0,0.0,0.0,0,0.0,0,13,7,78.0,0,7.8,14.8,,,75.0,220.0,30.7319375,8.0,Alabama,2011.0,2011.0,ATL,6.0,,0.27083334
2019,1,00-0027966,M.Ingram,RB,BAL,MIA,0,0,0.0,0,0.0,0.0,0.0,14,107.0,2,0,0,0.0,0,22.7,22.7,,,69.0,215.0,29.879117647058823,8.0,Alabama,2011.0,2011.0,NO,28.0,,
2019,2,00-0027966,M.Ingram,RB,BAL,ARI,0,0,0.0,0,0.0,0.0,0.0,13,47.0,0,2,2,30.0,0,7.7,9.7,,,69.0,215.0,29.879117647058823,8.0,Alabama,2011.0,2011.0,NO,28.0,6.0,0.057142857
2019,3,00-0027966,M.Ingram,RB,BAL,KC,0,0,0.0,0,0.0,0.0,0.0,16,103.0,3,4,4,32.0,0,31.5,35.5,,,69.0,215.0,29.879117647058823,8.0,Alabama,2011.0,2011.0,NO,28.0,,0.093023255
2019,4,00-0027966,M.Ingram,RB,BAL,CLE,0,0,0.0,0,0.0,0.0,0.0,12,71.0,0,1,1,0.0,0,7.1,8.1,,,69.0,215.0,29.879117647058823,8.0,Alabama,2011.0,2011.0,NO,28.0,-15.0,0.030303031
2019,5,00-0027966,M.Ingram,RB,BAL,PIT,0,0,0.0,0,0.0,0.0,0.0,19,44.0,1,2,2,5.0,0,10.9,12.9,,,69.0,215.0,29.879117647058823,8.0,Alabama,2011.0,2011.0,NO,28.0,,0.071428575
2019,6,00-0027966,M.Ingram,RB,BAL,CIN,0,0,0.0,0,0.0,0.0,0.0,13,52.0,1,2,2,22.0,0,13.4,15.4,,,69.0,215.0,29.879117647058823,8.0,Alabama,2011.0,2011.0,NO,28.0,6.0,0.06896552
2019,7,00-0027966,M.Ingram,RB,BAL,SEA,0,0,0.0,0,0.0,0.0,0.0,12,46.0,0,1,1,7.0,0,5.3,6.3,,,69.0,215.0,29.879117647058823,8.0,Alabama,2011.0,2011.0,NO,28.0,,0.05
2019,9,00-0027966,M.Ingram,RB,BAL,NE,0,0,0.0,0,0.0,0.0,0.0,15,115.0,0,3,2,29.0,0,12.4,14.4,,,69.0,215.0,29.879117647058823,8.0,Alabama,2011.0,2011.0,NO,28.0,17.0,0.13043478
2019,10,00-0027966,M.Ingram,RB,BAL,CIN,0,0,0.0,0,0.0,0.0,0.0,9,34.0,1,0,0,0.0,0,9.4,9.4,,,69.0,215.0,29.879117647058823,8.0,Alabama,2011.0,2011.0,NO,28.0,,
2019,11,00-0027966,M.Ingram,RB,BAL,HOU,0,0,0.0,0,0.0,0.0,0.0,13,48.0,0,4,3,37.0,2,20.5,23.5,,,69.0,215.0,29.879117647058823,8.0,Alabama,2011.0,2011.0,NO,28.0,34.0,0.14814815
2019,12,00-0027966,M.Ingram,RB,BAL,LA,0,0,0.0,0,0.0,0.0,0.0,15,111.0,1,1,1,7.0,1,23.8,24.8,,,69.0,215.0,29.879117647058823,8.0,Alabama,2011.0,2011.0,NO,28.0,,0.045454547
2019,13,00-0027966,M.Ingram,RB,BAL,SF,0,0,0.0,0,0.0,0.0,0.0,15,59.0,0,2,2,3.0,0,6.2,8.2,,,69.0,215.0,29.879117647058823,8.0,Alabama,2011.0,2011.0,NO,28.0,3.0,0.08695652
2019,14,00-0027966,M.Ingram,RB,BAL,BUF,0,0,0.0,0,0.0,0.0,0.0,15,50.0,0,3,3,29.0,0,7.9,10.9,,,69.0,215.0,29.879117647058823,8.0,Alabama,2011.0,2011.0,NO,28.0,,0.13043478
2019,15,00-0027966,M.Ingram,RB,BAL,NYJ,0,0,0.0,0,0.0,0.0,0.0,13,76.0,1,2,1,10.0,1,22.6,23.6,,,69.0,215.0,29.879117647058823,8.0,Alabama,2011.0,2011.0,NO,28.0,21.0,0.09090909
2019,16,00-0027966,M.Ingram,RB,BAL,CLE,0,0,0.0,0,0.0,0.0,0.0,8,55.0,0,2,2,36.0,1,15.1,17.1,,,69.0,215.0,29.879117647058823,8.0,Alabama,2011.0,2011.0,NO,28.0,,0.06666667
2019,19,00-0027966,M.Ingram,RB,BAL,TEN,0,0,0.0,0,0.0,0.0,0.0,6,22.0,0,2,1,9.0,0,3.1,4.1,,,69.0,215.0,29.879117647058823,8.0,Alabama,2011.0,2011.0,NO,28.0,-16.0,0.03773585
2019,1,00-0027973,A.Dalton,QB,CIN,SEA,35,51,418.0,2,0.0,5.0,23.0,0,0.0,0,0,0,0.0,0,20.72,20.72,,,74.0,220.0,32.0139375,8.0,Texas Christian,2011.0,2011.0,CIN,35.0,,
2019,2,00-0027973,A.Dalton,QB,CIN,SF,26,42,311.0,2,1.0,4.0,20.0,2,2.0,0,0,0,0.0,0,18.64,18.64,,,74.0,220.0,32.0139375,8.0,Texas Christian,2011.0,2011.0,CIN,35.0,-24.0,
2019,3,00-0027973,A.Dalton,QB,CIN,BUF,20,36,250.0,1,2.0,2.0,10.0,1,1.0,1,0,0,0.0,0,16.1,16.1,,,74.0,220.0,32.0139375,8.0,Texas Christian,2011.0,2011.0,CIN,35.0,,
2019,4,00-0027973,A.Dalton,QB,CIN,PIT,21,37,171.0,0,1.0,8.0,69.0,3,8.0,0,0,0,0.0,0,3.64,3.64,,,74.0,220.0,32.0139375,8.0,Texas Christian,2011.0,2011.0,CIN,35.0,,
2019,5,00-0027973,A.Dalton,QB,CIN,ARI,27,38,262.0,2,0.0,1.0,-0.0,2,5.0,0,0,0,0.0,0,18.98,18.98,,,74.0,220.0,32.0139375,8.0,Texas Christian,2011.0,2011.0,CIN,35.0,-3.0,
2019,6,00-0027973,A.Dalton,QB,CIN,BAL,21,39,235.0,0,1.0,2.0,18.0,1,2.0,1,0,0,0.0,0,13.6,13.6,,,74.0,220.0,32.0139375,8.0,Texas Christian,2011.0,2011.0,CIN,35.0,,
2019,7,00-0027973,A.Dalton,QB,CIN,JAX,22,43,276.0,1,3.0,2.0,18.0,4,33.0,1,0,0,0.0,0,18.34,18.34,,,74.0,220.0,32.0139375,8.0,Texas Christian,2011.0,2011.0,CIN,35.0,-10.0,
2019,8,00-0027973,A.Dalton,QB,CIN,LA,32,52,329.0,1,0.0,5.0,32.0,1,4.0,0,1,1,-4.0,0,17.16,18.16,,,74.0,220.0,32.0139375,8.0,Texas Christian,2011.0,2011.0,CIN,35.0,,0.020833334
2019,13,00-0027973,A.Dalton,QB,CIN,NYJ,22,37,243.0,1,0.0,1.0,10.0,5,-4.0,0,0,0,0.0,0,13.32,13.32,,,74.0,220.0,32.0139375,8.0,Texas Christian,2011.0,2011.0,CIN,35.0,16.0,
2019,14,00-0027973,A.Dalton,QB,CIN,CLE,22,38,262.0,0,1.0,2.0,16.0,3,11.0,0,0,0,0.0,0,9.58,9.58,,,74.0,220.0,32.0139375,8.0,Texas Christian,2011.0,2011.0,CIN,35.0,,
2019,15,00-0027973,A.Dalton,QB,CIN,NE,17,31,151.0,1,4.0,0.0,-0.0,2,1.0,0,0,0,0.0,0,2.14,2.14,,,74.0,220.0,32.0139375,8.0,Texas Christian,2011.0,2011.0,CIN,35.0,-21.0,
2019,16,00-0027973,A.Dalton,QB,CIN,MIA,33,56,396.0,4,0.0,4.0,25.0,0,0.0,0,0,0,0.0,0,33.84,33.84,,,74.0,220.0,32.0139375,8.0,Texas Christian,2011.0,2011.0,CIN,35.0,,
2019,17,00-0027973,A.Dalton,QB,CIN,CLE,16,28,190.0,1,1.0,1.0,8.0,8,10.0,1,0,0,0.0,0,16.6,16.6,,,74.0,220.0,32.0139375,8.0,Texas Christian,2011.0,2011.0,CIN,35.0,10.0,
2019,1,00-0027981,K.Rudolph,TE,MIN,ATL,0,0,0.0,0,0.0,0.0,0.0,0,0.0,0,1,0,0.0,0,0.0,0.0,,,78.0,265.0,29.999,8.0,Notre Dame,2011.0,2011.0,MIN,43.0,16.0,0.11111111
2019,2,00-0027981,K.Rudolph,TE,MIN,GB,0,0,0.0,0,0.0,0.0,0.0,0,0.0,0,4,3,9.0,0,0.9,3.9,,,78.0,265.0,29.999,8.0,Notre Dame,2011.0,2011.0,MIN,43.0,,0.14814815
2019,3,00-0027981,K.Rudolph,TE,MIN,LV,0,0,0.0,0,0.0,0.0,0.0,0,0.0,0,1,1,11.0,0,1.1,2.1,,,78.0,265.0,29.999,8.0,Notre Dame,2011.0,2011.0,MIN,43.0,20.0,0.05
2019,4,00-0027981,K.Rudolph,TE,MIN,CHI,0,0,0.0,0,0.0,0.0,0.0,0,0.0,0,1,1,12.0,0,1.2,2.2,,,78.0,265.0,29.999,8.0,Notre Dame,2011.0,2011.0,MIN,43.0,,0.028571429
2019,5,00-0027981,K.Rudolph,TE,MIN,NYG,0,0,0.0,0,0.0,0.0,0.0,0,0.0,0,1,1,4.0,0,0.4,1.4,,,78.0,265.0,29.999,8.0,Notre Dame,2011.0,2011.0,MIN,43.0,,0.041666668
2019,6,00-0027981,K.Rudolph,TE,MIN,PHI,0,0,0.0,0,0.0,0.0,0.0,0,0.0,0,3,3,36.0,0,3.6,6.6,,,78.0,265.0,29.999,8.0,Notre Dame,2011.0,2011.0,MIN,43.0,18.0,0.10714286
2019,7,00-0027981,K.Rudolph,TE,MIN,DET,0,0,0.0,0,0.0,0.0,0.0,0,0.0,0,6,5,58.0,1,11.8,16.8,,,78.0,265.0,29.999,8.0,Notre Dame,2011.0,2011.0,MIN,43.0,,0.18181819
2019,8,00-0027981,K.Rudolph,TE,MIN,WAS,0,0,0.0,0,0.0,0.0,0.0,0,0.0,0,3,3,17.0,0,1.7,4.7,,,78.0,265.0,29.999,8.0,Notre Dame,2011.0,2011.0,MIN,43.0,10.0,0.125
2019,9,00-0027981,K.Rudolph,TE,MIN,KC,0,0,0.0,0,0.0,0.0,0.0,0,0.0,0,5,3,23.0,1,8.3,11.3,,,78.0,265.0,29.999,8.0,Notre Dame,2011.0,2011.0,MIN,43.0,,0.13513513
2019,10,00-0027981,K.Rudolph,TE,MIN,DAL,0,0,0.0,0,0.0,0.0,0.0,0,0.0,0,5,4,14.0,2,15.4,19.4,,,78.0,265.0,29.999,8.0,Notre Dame,2011.0,2011.0,MIN,43.0,,0.16129032
2019,11,00-0027981,K.Rudolph,TE,MIN,DEN,0,0,0.0,0,0.0,0.0,0.0,0,0.0,0,5,5,67.0,1,12.7,17.7,,,78.0,265.0,29.999,8.0,Notre Dame,2011.0,2011.0,MIN,43.0,4.0,0.14285715
2019,13,00-0027981,K.Rudolph,TE,MIN,SEA,0,0,0.0,0,0.0,0.0,0.0,0,0.0,0,6,4,50.0,1,11.0,15.0,,,78.0,265.0,29.999,8.0,Notre Dame,2011.0,2011.0,MIN,43.0,,0.16666667
2019,14,00-0027981,K.Rudolph,TE,MIN,DET,0,0,0.0,0,0.0,0.0,0.0,0,0.0,0,2,2,11.0,0,1.1,3.1,,,78.0,265.0,29.999,8.0,Notre Dame,2011.0,2011.0,MIN,43.0,13.0,0.06896552
2019,15,00-0027981,K.Rudolph,TE,MIN,LAC,0,0,0.0,0,0.0,0.0,0.0,0,0.0,0,3,3,48.0,0,4.8,7.8,,,78.0,265.0,29.999,8.0,Notre Dame,2011.0,2011.0,MIN,43.0,,0.125
2019,16,00-0027981,K.Rudolph,TE,MIN,GB,0,0,0.0,0,0.0,0.0,0.0,0,0.0,0,2,1,7.0,0,0.7,1.7,,,78.0,265.0,29.999,8.0,Notre Dame,2011.0,2011.0,MIN,43.0,-13.0,0.06666667
2019,18,00-0027981,K.Rudolph,TE,MIN,NO,0,0,0.0,0,0.0,0.0,0.0,0,0.0,0,7,4,31.0,1,9.1,13.1,,,78.0,265.0,29.999,8.0,Notre Dame,2011.0,2011.0,MIN,43.0,,0.22580644
2019,19,00-0027981,K.Rudolph,TE,MIN,SF,0,0,0.0,0,0.0,0.0,0.0,0,0.0,0,3,2,4.0,0,0.4,2.4,,,78.0,265.0,29.999,8.0,Notre Dame,2011.0,2011.0,MIN,43.0,,0.10344828
2019,3,00-0027985,L.Kendricks,TE,LAC,HOU,0,0,0.0,0,0.0,0.0,0.0,0,0.0,0,2,1,13.0,0,1.3,2.3,,,75.0,250.0,31.755125,8.0,Wisconsin,2011.0,2011.0,STL,47.0,-7.0,0.04347826
2019,4,00-0027985,L.Kendricks,TE,LAC,MIA,0,0,0.0,0,0.0,0.0,0.0,0,0.0,0,3,2,37.0,0,3.7,5.7,,,75.0,250.0,31.755125,8.0,Wisconsin,2011.0,2011.0,STL,47.0,,0.1
2019,5,00-0027985,L.Kendricks,TE,LAC,DEN,0,0,0.0,0,0.0,0.0,0.0,0,0.0,0,1,0,0.0,0,0.0,0.0,,,75.0,250.0,31.755125,8.0,Wisconsin,2011.0,2011.0,STL,47.0,-7.0,0.02173913
2019,10,00-0027985,L.Kendricks,TE,LAC,LV,0,0,0.0,0,0.0,0.0,0.0,0,0.0,0,1,0,0.0,0,0.0,0.0,,,75.0,250.0,31.755125,8.0,Wisconsin,2011.0,2011.0,STL,47.0,,0.032258064
2019,1,00-0028002,R.Cobb,WR,DAL,NYG,0,0,0.0,0,0.0,0.0,0.0,0,0.0,0,5,4,69.0,1,12.9,16.9,,,70.0,192.0,29.1995625,8.0,Kentucky,2011.0,2011.0,GB,64.0,18.0,0.15625
2019,2,00-0028002,R.Cobb,WR,DAL,WAS,0,0,0.0,0,0.0,0.0,0.0,2,11.0,0,6,5,24.0,0,3.5,8.5,,,70.0,192.0,29.1995625,8.0,Kentucky,2011.0,2011.0,GB,64.0,,0.2
2019,3,00-0028002,R.Cobb,WR,DAL,MIA,0,0,0.0,0,0.0,0.0,0.0,0,0.0,0,4,2,23.0,0,2.3,4.3,,,70.0,192.0,29.1995625,8.0,Kentucky,2011.0,2011.0,GB,64.0,25.0,0.13333334
2019,4,00-0028002,R.Cobb,WR,DAL,NO,0,0,0.0,0,0.0,0.0,0.0,0,0.0,0,6,3,41.0,0,4.1,7.1,,,70.0,192.0,29.1995625,8.0,Kentucky,2011.0,2011.0,GB,64.0,,0.2
2019,5,00-0028002,R.Cobb,WR,DAL,GB,0,0,0.0,0,0.0,0.0,0.0,0,0.0,0,6,3,53.0,0,5.3,8.3,,,70.0,192.0,29.1995625,8.0,Kentucky,2011.0,2011.0,GB,64.0,-10.0,0.14285715
2019,7,00-0028002,R.Cobb,WR,DAL,PHI,0,0,0.0,0,0.0,0.0,0.0,0,0.0,0,3,2,29.0,0,2.9,4.9,,,70.0,192.0,29.1995625,8.0,Kentucky,2011.0,2011.0,GB,64.0,27.0,0.12
2019,9,00-0028002,R.Cobb,WR,DAL,NYG,0,0,0.0,0,0.0,0.0,0.0,1,0.0,0,8,6,35.0,0,1.5,7.5,,,70.0,192.0,29.1995625,8.0,Kentucky,2011.0,2011.0,GB,64.0,,0.23529412
2019,10,00-0028002,R.Cobb,WR,DAL,MIN,0,1,0.0,0,0.0,0.0,-0.0,0,0.0,0,8,6,106.0,1,16.6,22.6,,,70.0,192.0,29.1995625,8.0,Kentucky,2011.0,2011.0,GB,64.0,-4.0,0.18181819
2019,11,00-0028002,R.Cobb,WR,DAL,DET,0,0,0.0,0,0.0,0.0,0.0,0,0.0,0,7,4,115.0,1,17.5,21.5,,,70.0,192.0,29.1995625,8.0,Kentucky,2011.0,2011.0,GB,64.0,,0.15555556
2019,12,00-0028002,R.Cobb,WR,DAL,NE,0,0,0.0,0,0.0,0.0,0.0,0,0.0,0,7,4,86.0,0,8.6,12.6,,,70.0,192.0,29.1995625,8.0,Kentucky,2011.0,2011.0,GB,64.0,,0.21875
2019,13,00-0028002,R.Cobb,WR,DAL,BUF,0,0,0.0,0,0.0,0.0,0.0,0,0.0,0,3,3,53.0,0,5.3,8.3,,,70.0,192.0,29.1995625,8.0,Kentucky,2011.0,2011.0,GB,64.0,-11.0,0.06122449
2019,14,00-0028002,R.Cobb,WR,DAL,CHI,0,0,0.0,0,0.0,0.0,0.0,0,0.0,0,5,2,43.0,0,4.3,6.3,,,70.0,192.0,29.1995625,8.0,Kentucky,2011.0,2011.0,GB,64.0,,0.10869565
2019,15,00-0028002,R.Cobb,WR,DAL,LA,0,0,0.0,0,0.0,0.0,0.0,0,0.0,0,2,1,-3.0,0,-0.3,0.7,,,70.0,192.0,29.1995625,8.0,Kentucky,2011.0,2011.0,GB,64.0,23.0,0.09090909
2019,16,00-0028002,R.Cobb,WR,DAL,PHI,0,0,0.0,0,0.0,0.0,0.0,0,0.0,0,7,5,73.0,0,7.3,12.3,,,70.0,192.0,29.1995625,8.0,Kentucky,2011.0,2011.0,GB,64.0,,0.1590909
2019,17,00-0028002,R.Cobb,WR,DAL,WAS,0,0,0.0,0,0.0,0.0,0.0,0,0.0,0,6,5,81.0,0,8.1,13.1,,,70.0,192.0,29.1995625,8.0,Kentucky,2011.0,2011.0,GB,64.0,31.0,0.1875
2019,1,00-0028042,L.Stocker,TE,ATL,MIN,0,0,0.0,0,0.0,0.0,0.0,0,0.0,0,1,0,0.0,0,0.0,0.0,,,77.0,253.0,31.2959375,8.0,Tennessee,2011.0,2011.0,TB,104.0,,0.022222223
2019,2,00-0028042,L.Stocker,TE,ATL,PHI,0,0,0.0,0,0.0,0.0,0.0,0,0.0,0,1,1,4.0,0,0.4,1.4,,,77.0,253.0,31.2959375,8.0,Tennessee,2011.0,2011.0,TB,104.0,4.0,0.023255814
2019,3,00-0028042,L.Stocker,TE,ATL,IND,0,0,0.0,0,0.0,0.0,0.0,0,0.0,0,4,3,12.0,0,1.2,4.2,,,77.0,253.0,31.2959375,8.0,Tennessee,2011.0,2011.0,TB,104.0,,0.121212125
2019,4,00-0028042,L.Stocker,TE,ATL,TEN,0,0,0.0,0,0.0,0.0,0.0,0,0.0,0,1,0,0.0,0,0.0,0.0,,,77.0,253.0,31.2959375,8.0,Tennessee,2011.0,2011.0,TB,104.0,-14.0,0.02
2019,6,00-0028042,L.Stocker,TE,ATL,ARI,0,0,0.0,0,0.0,0.0,0.0,0,0.0,0,1,1,0.0,0,0.0,1.0,,,77.0,253.0,31.2959375,8.0,Tennessee,2011.0,2011.0,TB,104.0,,0.029411765
2019,8,00-0028042,L.Stocker,TE,ATL,SEA,0,0,0.0,0,0.0,0.0,0.0,0,0.0,0,1,1,18.0,0,1.8,2.8,,,77.0,253.0,31.2959375,8.0,Tennessee,2011.0,2011.0,TB,104.0,-7.0,0.020408163
2019,12,00-0028042,L.Stocker,TE,ATL,TB,0,0,0.0,0,0.0,0.0,0.0,0,0.0,0,1,0,0.0,0,0.0,0.0,,,77.0,253.0,31.2959375,8.0,Tennessee,2011.0,2011.0,TB,104.0,-13.0,0.018867925
2019,14,00-0028042,L.Stocker,TE,ATL,CAR,0,0,0.0,0,0.0,0.0,0.0,0,0.0,0,1,0,0.0,0,0.0,0.0,,,77.0,253.0,31.2959375,8.0,Tennessee,2011.0,2011.0,TB,104.0,20.0,0.032258064
2019,15,00-0028042,L.Stocker,TE,ATL,SF,0,0,0.0,0,0.0,0.0,0.0,0,0.0,0,1,1,9.0,0,0.9,1.9,,,77.0,253.0,31.2959375,8.0,Tennessee,2011.0,2011.0,TB,104.0,,0.025641026
2019,16,00-0028042,L.Stocker,TE,ATL,JAX,0,0,0.0,0,0.0,0.0,0.0,0,0.0,0,1,0,0.0,0,0.0,0.0,,,77.0,253.0,31.2959375,8.0,Tennessee,2011.0,2011.0,TB,104.0,12.0,0.023255814
2019,17,00-0028042,L.Stocker,TE,ATL,TB,0,0,0.0,0,0.0,0.0,0.0,0,0.0,0,1,1,10.0,0,1.0,2.0,,,77.0,253.0,31.2959375,8.0,Tennessee,2011.0,2011.0,TB,104.0,,0.020833334
2019,17,00-0028063,T.Jones,RB,HOU,TEN,0,0,0.0,0,0.0,0.0,0.0,9,40.0,0,1,1,9.0,0,4.9,5.9,,,72.0,195.0,31.290277777777778,8.0,Eastern Washington,2011.0,2011.0,OAK,125.0,-21.0,0.03125
2019,18,00-0028063,T.Jones,RB,HOU,BUF,0,0,0.0,0,0.0,0.0,0.0,0,0.0,0,1,1,34.0,0,3.4,4.4,,,72.0,195.0,31.290277777777778,8.0,Eastern Washington,2011.0,2011.0,OAK,125.0,3.0,0.04
2019,19,00-0028063,T.Jones,RB,HOU,KC,0,0,0.0,0,0.0,0.0,0.0,0,0.0,0,1,1,14.0,0,1.4,2.4,,,72.0,195.0,31.290277777777778,8.0,Eastern Washington,2011.0,2011.0,OAK,125.0,,0.02
2019,5,00-0028064,B.Powell,RB,NYJ,PHI,0,0,0.0,0,0.0,0.0,0.0,1,4.0,0,0,0,0.0,0,0.4,0.4,,,70.0,204.0,31.0229375,8.0,Louisville,2011.0,2011.0,NYJ,126.0,,
2019,6,00-0028064,B.Powell,RB,NYJ,DAL,0,0,0.0,0,0.0,0.0,0.0,1,5.0,0,1,0,0.0,0,0.5,0.5,,,70.0,204.0,31.0229375,8.0,Louisville,2011.0,2011.0,NYJ,126.0,2.0,0.033333335
2019,7,00-0028064,B.Powell,RB,NYJ,NE,0,0,0.0,0,0.0,0.0,0.0,1,3.0,0,0,0,0.0,0,0.3,0.3,,,70.0,204.0,31.0229375,8.0,Louisville,2011.0,2011.0,NYJ,126.0,-33.0,
2019,8,00-0028064,B.Powell,RB,NYJ,JAX,0,0,0.0,0,0.0,0.0,0.0,4,11.0,0,0,0,0.0,0,1.1,1.1,,,70.0,204.0,31.0229375,8.0,Louisville,2011.0,2011.0,NYJ,126.0,,
2019,9,00-0028064,B.Powell,RB,NYJ,MIA,0,0,0.0,0,0.0,0.0,0.0,2,16.0,0,0,0,0.0,0,1.6,1.6,,,70.0,204.0,31.0229375,8.0,Louisville,2011.0,2011.0,NYJ,126.0,,
2019,10,00-0028064,B.Powell,RB,NYJ,NYG,0,0,0.0,0,0.0,0.0,0.0,7,15.0,0,0,0,0.0,0,1.5,1.5,,,70.0,204.0,31.0229375,8.0,Louisville,2011.0,2011.0,NYJ,126.0,7.0,
2019,11,00-0028064,B.Powell,RB,NYJ,WAS,0,1,0.0,0,0.0,0.0,-0.0,7,42.0,0,2,1,5.0,0,4.7,5.7,,,70.0,204.0,31.0229375,8.0,Louisville,2011.0,2011.0,NYJ,126.0,,0.071428575
2019,12,00-0028064,B.Powell,RB,NYJ,LV,0,0,0.0,0,0.0,0.0,0.0,5,15.0,0,2,1,5.0,0,2.0,3.0,,,70.0,204.0,31.0229375,8.0,Louisville,2011.0,2011.0,NYJ,126.0,31.0,0.07692308
2019,13,00-0028064,B.Powell,RB,NYJ,CIN,0,0,0.0,0,0.0,0.0,0.0,4,14.0,0,2,2,4.0,0,1.8,3.8,,,70.0,204.0,31.0229375,8.0,Louisville,2011.0,2011.0,NYJ,126.0,,0.044444446
2019,14,00-0028064,B.Powell,RB,NYJ,MIA,0,0,0.0,0,0.0,0.0,0.0,19,74.0,0,3,2,14.0,0,8.8,10.8,,,70.0,204.0,31.0229375,8.0,Louisville,2011.0,2011.0,NYJ,126.0,1.0,0.08571429
2019,16,00-0028064,B.Powell,RB,NYJ,PIT,0,0,0.0,0,0.0,0.0,0.0,1,3.0,0,2,1,5.0,0,0.8,1.8,,,70.0,204.0,31.0229375,8.0,Louisville,2011.0,2011.0,NYJ,126.0,6.0,0.08
2019,17,00-0028064,B.Powell,RB,NYJ,BUF,0,0,0.0,0,0.0,0.0,0.0,7,27.0,0,0,0,0.0,0,2.7,2.7,,,70.0,204.0,31.0229375,8.0,Louisville,2011.0,2011.0,NYJ,126.0,,
2019,1,00-0028074,A.Sherman,RB,KC,JAX,0,0,0.0,0,0.0,0.0,0.0,0,0.0,0,1,1,15.0,0,1.5,2.5,,,70.0,242.0,30.92494736842105,8.0,Connecticut,2011.0,2011.0,ARI,136.0,,0.029411765
2019,5,00-0028074,A.Sherman,RB,KC,IND,0,0,0.0,0,0.0,0.0,0.0,1,2.0,0,1,0,0.0,0,0.2,0.2,,,70.0,242.0,30.92494736842105,8.0,Connecticut,2011.0,2011.0,ARI,136.0,-6.0,0.027027028
2019,7,00-0028074,A.Sherman,RB,KC,DEN,0,0,0.0,0,0.0,0.0,0.0,2,7.0,0,0,0,0.0,0,0.7,0.7,,,70.0,242.0,30.92494736842105,8.0,Connecticut,2011.0,2011.0,ARI,136.0,,
2019,13,00-0028074,A.Sherman,RB,KC,LV,0,0,0.0,0,0.0,0.0,0.0,1,0.0,0,1,1,7.0,0,0.7,1.7,,,70.0,242.0,30.92494736842105,8.0,Connecticut,2011.0,2011.0,ARI,136.0,31.0,0.037037037
2019,20,00-0028074,A.Sherman,RB,KC,TEN,0,0,0.0,0,0.0,0.0,0.0,0,0.0,0,1,0,0.0,0,0.0,0.0,,,70.0,242.0,30.92494736842105,8.0,Connecticut,2011.0,2011.0,ARI,136.0,11.0,0.03125
2019,1,00-0028087,D.Lewis,RB,TEN,CLE,0,0,0.0,0,0.0,0.0,0.0,3,7.0,0,4,3,6.0,0,1.3,4.3,,,68.0,195.0,29.128052631578946,8.0,Pittsburgh,2011.0,2011.0,PHI,149.0,,0.16666667
2019,2,00-0028087,D.Lewis,RB,TEN,IND,0,0,0.0,0,0.0,0.0,0.0,3,9.0,0,1,1,5.0,0,1.4,2.4,,,68.0,195.0,29.128052631578946,8.0,Pittsburgh,2011.0,2011.0,PHI,149.0,-2.0,0.03846154
2019,3,00-0028087,D.Lewis,RB,TEN,JAX,0,0,0.0,0,0.0,0.0,0.0,3,13.0,0,1,1,7.0,0,2.0,3.0,,,68.0,195.0,29.128052631578946,8.0,Pittsburgh,2011.0,2011.0,PHI,149.0,,0.02631579
2019,4,00-0028087,D.Lewis,RB,TEN,ATL,0,0,0.0,0,0.0,0.0,0.0,4,16.0,0,5,4,4.0,0,2.0,6.0,,,68.0,195.0,29.128052631578946,8.0,Pittsburgh,2011.0,2011.0,PHI,149.0,,0.22727273
2019,5,00-0028087,D.Lewis,RB,TEN,BUF,0,0,0.0,0,0.0,0.0,0.0,2,11.0,0,4,2,19.0,0,3.0,5.0,,,68.0,195.0,29.128052631578946,8.0,Pittsburgh,2011.0,2011.0,PHI,149.0,-7.0,0.1904762
2019,6,00-0028087,D.Lewis,RB,TEN,DEN,0,0,0.0,0,0.0,0.0,0.0,1,-1.0,0,3,3,20.0,0,1.9,4.9,,,68.0,195.0,29.128052631578946,8.0,Pittsburgh,2011.0,2011.0,PHI,149.0,,0.09375
2019,7,00-0028087,D.Lewis,RB,TEN,LAC,0,0,0.0,0,0.0,0.0,0.0,1,2.0,0,1,0,0.0,0,0.2,0.2,,,68.0,195.0,29.128052631578946,8.0,Pittsburgh,2011.0,2011.0,PHI,149.0,3.0,0.03448276
2019,8,00-0028087,D.Lewis,RB,TEN,TB,0,0,0.0,0,0.0,0.0,0.0,0,0.0,0,1,1,2.0,0,0.2,1.2,,,68.0,195.0,29.128052631578946,8.0,Pittsburgh,2011.0,2011.0,PHI,149.0,4.0,0.030303031
2019,9,00-0028087,D.Lewis,RB,TEN,CAR,0,0,0.0,0,0.0,0.0,0.0,4,20.0,0,5,5,33.0,0,3.3,8.3,,,68.0,195.0,29.128052631578946,8.0,Pittsburgh,2011.0,2011.0,PHI,149.0,,0.13513513
2019,12,00-0028087,D.Lewis,RB,TEN,JAX,0,0,0.0,0,0.0,0.0,0.0,5,21.0,0,2,1,24.0,0,4.5,5.5,,,68.0,195.0,29.128052631578946,8.0,Pittsburgh,2011.0,2011.0,PHI,149.0,22.0,0.11764706
2019,13,00-0028087,D.Lewis,RB,TEN,IND,0,0,0.0,0,0.0,0.0,0.0,0,0.0,0,1,1,9.0,0,0.9,1.9,,,68.0,195.0,29.128052631578946,8.0,Pittsburgh,2011.0,2011.0,PHI,149.0,,0.04761905
2019,14,00-0028087,D.Lewis,RB,TEN,LV,0,0,0.0,0,0.0,0.0,0.0,9,26.0,0,1,1,5.0,0,3.1,4.1,,,68.0,195.0,29.128052631578946,8.0,Pittsburgh,2011.0,2011.0,PHI,149.0,,0.037037037
2019,15,00-0028087,D.Lewis,RB,TEN,HOU,0,0,0.0,0,0.0,0.0,0.0,3,10.0,0,1,1,11.0,1,8.1,9.1,,,68.0,195.0,29.128052631578946,8.0,Pittsburgh,2011.0,2011.0,PHI,149.0,-3.0,0.027777778
2019,16,00-0028087,D.Lewis,RB,TEN,NO,0,0,0.0,0,0.0,0.0,0.0,15,68.0,0,2,1,19.0,0,8.7,9.7,,,68.0,195.0,29.128052631578946,8.0,Pittsburgh,2011.0,2011.0,PHI,149.0,-10.0,0.08
2019,17,00-0028087,D.Lewis,RB,TEN,HOU,0,0,0.0,0,0.0,0.0,0.0,1,7.0,0,0,0,0.0,0,0.7,0.7,,,68.0,195.0,29.128052631578946,8.0,Pittsburgh,2011.0,2011.0,PHI,149.0,,
2019,18,00-0028087,D.Lewis,RB,TEN,NE,0,0,0.0,0,0.0,0.0,0.0,2,8.0,0,1,1,8.0,0,1.6,2.6,,,68.0,195.0,29.128052631578946,8.0,Pittsburgh,2011.0,2011.0,PHI,149.0,,0.06666667
2019,20,00-0028087,D.Lewis,RB,TEN,KC,0,0,0.0,0,0.0,0.0,0.0,0,0.0,0,1,1,6.0,0,0.6,1.6,,,68.0,195.0,29.128052631578946,8.0,Pittsburgh,2011.0,2011.0,PHI,149.0,,0.03125
2019,2,00-0028097,L.Smith,TE,BUF,NYG,0,0,0.0,0,0.0,0.0,0.0,0,0.0,0,1,1,8.0,0,0.8,1.8,,,78.0,265.0,31.963470588235296,8.0,Marshall,2011.0,2011.0,NE,159.0,,0.035714287
2019,3,00-0028097,L.Smith,TE,BUF,CIN,0,0,0.0,0,0.0,0.0,0.0,0,0.0,0,1,0,0.0,0,0.0,0.0,,,78.0,265.0,31.963470588235296,8.0,Marshall,2011.0,2011.0,NE,159.0,4.0,0.030303031
2019,5,00-0028097,L.Smith,TE,BUF,TEN,0,0,0.0,0,0.0,0.0,0.0,0,0.0,0,1,1,8.0,1,6.8,7.8,,,78.0,265.0,31.963470588235296,8.0,Marshall,2011.0,2011.0,NE,159.0,,0.03448276
2019,7,00-0028097,L.Smith,TE,BUF,MIA,0,0,0.0,0,0.0,0.0,0.0,0,0.0,0,1,1,9.0,0,0.9,1.9,,,78.0,265.0,31.963470588235296,8.0,Marshall,2011.0,2011.0,NE,159.0,10.0,0.04
2019,8,00-0028097,L.Smith,TE,BUF,PHI,0,0,0.0,0,0.0,0.0,0.0,0,0.0,0,1,1,6.0,0,0.6,1.6,,,78.0,265.0,31.963470588235296,8.0,Marshall,2011.0,2011.0,NE,159.0,-18.0,0.032258064
2019,18,00-0028097,L.Smith,TE,BUF,HOU,0,0,0.0,0,0.0,0.0,0.0,0,0.0,0,1,1,8.0,0,0.8,1.8,,,78.0,265.0,31.963470588235296,8.0,Marshall,2011.0,2011.0,NE,159.0,,0.023255814
2019,1,00-0028112,C.Clay,TE,ARI,DET,0,0,0.0,0,0.0,0.0,0.0,0,0.0,0,1,1,5.0,0,0.5,1.5,,,75.0,246.0,30.714625,8.0,Tulsa,2011.0,2011.0,MIA,174.0,0.0,0.01923077
2019,2,00-0028112,C.Clay,TE,ARI,BAL,0,0,0.0,0,0.0,0.0,0.0,0,0.0,0,2,1,6.0,0,0.6,1.6,,,75.0,246.0,30.714625,8.0,Tulsa,2011.0,2011.0,MIA,174.0,,0.054054055
2019,3,00-0028112,C.Clay,TE,ARI,CAR,0,0,0.0,0,0.0,0.0,0.0,0,0.0,0,1,1,9.0,0,0.9,1.9,,,75.0,246.0,30.714625,8.0,Tulsa,2011.0,2011.0,MIA,174.0,-18.0,0.023809524
2019,4,00-0028112,C.Clay,TE,ARI,SEA,0,0,0.0,0,0.0,0.0,0.0,0,0.0,0,2,1,3.0,0,0.3,1.3,,,75.0,246.0,30.714625,8.0,Tulsa,2011.0,2011.0,MIA,174.0,-17.0,0.06666667
2019,5,00-0028112,C.Clay,TE,ARI,CIN,0,0,0.0,0,0.0,0.0,0.0,0,0.0,0,1,1,27.0,0,2.7,3.7,,,75.0,246.0,30.714625,8.0,Tulsa,2011.0,2011.0,MIA,174.0,,0.032258064
2019,6,00-0028112,C.Clay,TE,ARI,ATL,0,0,0.0,0,0.0,0.0,0.0,0,0.0,0,2,2,8.0,0,0.8,2.8,,,75.0,246.0,30.714625,8.0,Tulsa,2011.0,2011.0,MIA,174.0,1.0,0.057142857
2019,7,00-0028112,C.Clay,TE,ARI,NYG,0,0,0.0,0,0.0,0.0,0.0,0,0.0,0,2,1,12.0,0,1.2,2.2,,,75.0,246.0,30.714625,8.0,Tulsa,2011.0,2011.0,MIA,174.0,,0.0952381
2019,8,00-0028112,C.Clay,TE,ARI,NO,0,0,0.0,0,0.0,0.0,0.0,0,0.0,0,3,3,88.0,0,8.8,11.8,,,75.0,246.0,30.714625,8.0,Tulsa,2011.0,2011.0,MIA,174.0,,0.09375
2019,9,00-0028112,C.Clay,TE,ARI,SF,0,0,0.0,0,0.0,0.0,0.0,0,0.0,0,2,1,6.0,0,0.6,1.6,,,75.0,246.0,30.714625,8.0,Tulsa,2011.0,2011.0,MIA,174.0,-3.0,0.08695652
2019,10,00-0028112,C.Clay,TE,ARI,TB,0,0,0.0,0,0.0,0.0,0.0,0,0.0,0,1,1,5.0,0,0.5,1.5,,,75.0,246.0,30.714625,8.0,Tulsa,2011.0,2011.0,MIA,174.0,,0.023255814
2019,11,00-0028112,C.Clay,TE,ARI,SF,0,0,0.0,0,0.0,0.0,0.0,0,0.0,0,1,0,0.0,0,0.0,0.0,,,75.0,246.0,30.714625,8.0,Tulsa,2011.0,2011.0,MIA,174.0,,0.030303031
2019,13,00-0028112,C.Clay,TE,ARI,LA,0,0,0.0,0,0.0,0.0,0.0,0,0.0,0,2,2,29.0,0,2.9,4.9,,,75.0,246.0,30.714625,8.0,Tulsa,2011.0,2011.0,MIA,174.0,-27.0,0.060606062
2019,14,00-0028112,C.Clay,TE,ARI,PIT,0,0,0.0,0,0.0,0.0,0.0,0,0.0,0,1,1,5.0,1,6.5,7.5,,,75.0,246.0,30.714625,8.0,Tulsa,2011.0,2011.0,MIA,174.0,-6.0,0.035714287
2019,15,00-0028112,C.Clay,TE,ARI,CLE,0,0,0.0,0,0.0,0.0,0.0,0,0.0,0,2,1,18.0,0,1.8,2.8,,,75.0,246.0,30.714625,8.0,Tulsa,2011.0,2011.0,MIA,174.0,14.0,0.1
2019,16,00-0028112,C.Clay,TE,ARI,SEA,0,0,0.0,0,0.0,0.0,0.0,0,0.0,0,1,1,16.0,0,1.6,2.6,,,75.0,246.0,30.714625,8.0,Tulsa,2011.0,2011.0,MIA,174.0,,0.037037037
2019,1,00-0028114,D.Harris,WR,LV,DEN,0,0,0.0,0,0.0,0.0,0.0,0,0.0,0,1,1,7.0,0,0.7,1.7,,,70.0,215.0,32.134625,8.0,East Carolina,2011.0,2011.0,DAL,176.0,,0.03846154
2019,1,00-0028118,T.Taylor,QB,LAC,IND,0,0,0.0,0,0.0,0.0,0.0,0,0.0,0,1,0,0.0,0,0.0,0.0,,,73.0,215.0,30.246625,8.0,Virginia Tech,2011.0,2011.0,BAL,180.0,6.0,0.029411765
2019,4,00-0028118,T.Taylor,QB,LAC,MIA,1,1,7.0,0,0.0,0.0,-0.0,4,-1.0,0,0,0,0.0,0,0.18,0.18,,,73.0,215.0,30.246625,8.0,Virginia Tech,2011.0,2011.0,BAL,180.0,,
2019,14,00-0028118,T.Taylor,QB,LAC,JAX,3,5,26.0,1,0.0,0.0,-0.0,4,10.0,0,0,0,0.0,0,6.04,6.04,,,73.0,215.0,30.246625,8.0,Virginia Tech,2011.0,2011.0,BAL,180.0,,
2019,16,00-0028118,T.Taylor,QB,LAC,LV,0,0,0.0,0,0.0,0.0,0.0,2,-2.0,0,0,0,0.0,0,-0.2,-0.2,,,73.0,215.0,30.246625,8.0,Virginia Tech,2011.0,2011.0,BAL,180.0,-7.0,
2019,9,00-0028128,C.Jones,FS,CAR,TEN,0,0,0.0,0,0.0,0.0,0.0,1,5.0,0,0,0,0.0,0,0.5,0.5,,,72.0,205.0,32.021,8.0,Texas Christian,2011.0,2011.0,SF,190.0,10.0,
2019,1,00-0028142,V.Green,TE,LAC,IND,0,0,0.0,0,0.0,0.0,0.0,0,0.0,0,1,1,4.0,0,0.4,1.4,,,77.0,255.0,31.2459375,8.0,Nevada,2011.0,2011.0,DEN,204.0,6.0,0.029411765
2019,2,00-0028142,V.Green,TE,LAC,DET,0,0,0.0,0,0.0,0.0,0.0,0,0.0,0,2,1,9.0,0,0.9,1.9,,,77.0,255.0,31.2459375,8.0,Nevada,2011.0,2011.0,DEN,204.0,,0.057142857
2019,5,00-0028142,V.Green,TE,LAC,DEN,0,0,0.0,0,0.0,0.0,0.0,0,0.0,0,1,1,5.0,0,0.5,1.5,,,77.0,255.0,31.2459375,8.0,Nevada,2011.0,2011.0,DEN,204.0,-7.0,0.02173913
2019,6,00-0028142,V.Green,TE,LAC,PIT,0,0,0.0,0,0.0,0.0,0.0,0,0.0,0,2,1,15.0,0,1.5,2.5,,,77.0,255.0,31.2459375,8.0,Nevada,2011.0,2011.0,DEN,204.0,-7.0,0.04761905
2019,7,00-0028142,V.Green,TE,LAC,TEN,0,0,0.0,0,0.0,0.0,0.0,0,0.0,0,1,1,9.0,0,0.9,1.9,,,77.0,255.0,31.2459375,8.0,Nevada,2011.0,2011.0,DEN,204.0,,0.027027028
2019,8,00-0028142,V.Green,TE,LAC,CHI,0,0,0.0,0,0.0,0.0,0.0,0,0.0,0,1,1,10.0,0,1.0,2.0,,,77.0,255.0,31.2459375,8.0,Nevada,2011.0,2011.0,DEN,204.0,,0.03448276
2019,11,00-0028142,V.Green,TE,LAC,KC,0,0,0.0,0,0.0,0.0,0.0,0,0.0,0,1,1,8.0,0,0.8,1.8,,,77.0,255.0,31.2459375,8.0,Nevada,2011.0,2011.0,DEN,204.0,-7.0,0.020833334
2019,13,00-0028142,V.Green,TE,LAC,DEN,0,0,0.0,0,0.0,0.0,0.0,0,0.0,0,1,0,0.0,0,0.0,0.0,,,77.0,255.0,31.2459375,8.0,Nevada,2011.0,2011.0,DEN,204.0,,0.037037037
2019,14,00-0028142,V.Green,TE,LAC,JAX,0,0,0.0,0,0.0,0.0,0.0,0,0.0,0,1,1,14.0,1,7.4,8.4,,,77.0,255.0,31.2459375,8.0,Nevada,2011.0,2011.0,DEN,204.0,,0.03846154
2019,16,00-0028142,V.Green,TE,LAC,LV,0,0,0.0,0,0.0,0.0,0.0,0,0.0,0,1,1,4.0,0,0.4,1.4,,,77.0,255.0,31.2459375,8.0,Nevada,2011.0,2011.0,DEN,204.0,-7.0,0.027027028
2019,17,00-0028142,V.Green,TE,LAC,KC,0,0,0.0,0,0.0,0.0,0.0,0,0.0,0,1,0,0.0,0,0.0,0.0,,,77.0,255.0,31.2459375,8.0,Nevada,2011.0,2011.0,DEN,204.0,,0.022727273
2019,1,00-0028237,C.Hogan,WR,CAR,LA,0,0,0.0,0,0.0,0.0,0.0,0,0.0,0,1,0,0.0,0,0.0,0.0,,,73.0,210.0,32.0293125,8.0,"Monmouth, N.J.",2011.0,2011.0,,,-3.0,0.027027028
2019,2,00-0028237,C.Hogan,WR,CAR,TB,0,0,0.0,0,0.0,0.0,0.0,0,0.0,0,1,1,12.0,0,1.2,2.2,,,73.0,210.0,32.0293125,8.0,"Monmouth, N.J.",2011.0,2011.0,,,-6.0,0.020408163
2019,3,00-0028237,C.Hogan,WR,CAR,ARI,0,0,0.0,0,0.0,0.0,0.0,0,0.0,0,2,1,6.0,0,0.6,1.6,,,73.0,210.0,32.0293125,8.0,"Monmouth, N.J.",2011.0,2011.0,,,,0.08
2019,4,00-0028237,C.Hogan,WR,CAR,HOU,0,0,0.0,0,0.0,0.0,0.0,0,0.0,0,1,1,6.0,0,0.6,1.6,,,73.0,210.0,32.0293125,8.0,"Monmouth, N.J.",2011.0,2011.0,,,,0.030303031
2019,15,00-0028237,C.Hogan,WR,CAR,SEA,0,0,0.0,0,0.0,0.0,0.0,0,0.0,0,3,1,13.0,0,1.3,2.3,,,73.0,210.0,32.0293125,8.0,"Monmouth, N.J.",2011.0,2011.0,,,-6.0,0.07692308
2019,16,00-0028237,C.Hogan,WR,CAR,IND,0,0,0.0,0,0.0,0.0,0.0,0,0.0,0,3,2,16.0,0,1.6,3.6,,,73.0,210.0,32.0293125,8.0,"Monmouth, N.J.",2011.0,2011.0,,,,0.071428575
2019,17,00-0028237,C.Hogan,WR,CAR,NO,0,0,0.0,0,0.0,0.0,0.0,0,0.0,0,4,2,14.0,0,1.4,3.4,,,73.0,210.0,32.0293125,8.0,"Monmouth, N.J.",2011.0,2011.0,,,-32.0,0.08163265
2019,6,00-0028292,N.Bellore,ILB,SEA,CLE,0,0,0.0,0,0.0,0.0,0.0,0,0.0,0,1,1,20.0,0,2.0,3.0,,,73.0,250.0,30.495722222222224,8.0,Central Michigan,2011.0,2011.0,,,,0.03125
2019,16,00-0028292,N.Bellore,ILB,SEA,ARI,0,0,0.0,0,0.0,0.0,0.0,0,0.0,0,1,1,3.0,1,6.3,7.3,,,73.0,250.0,30.495722222222224,8.0,Central Michigan,2011.0,2011.0,,,-14.0,0.03448276
2019,1,00-0028411,D.Inman,WR,LAC,IND,0,0,0.0,0,0.0,0.0,0.0,0,0.0,0,1,1,5.0,0,0.5,1.5,,,75.0,205.0,30.7504375,8.0,Virginia,2011.0,2011.0,,,6.0,0.029411765
2019,2,00-0028411,D.Inman,WR,LAC,DET,0,0,0.0,0,0.0,0.0,0.0,0,0.0,0,2,1,28.0,0,2.8,3.8,,,75.0,205.0,30.7504375,8.0,Virginia,2011.0,2011.0,,,,0.057142857
2019,3,00-0028411,D.Inman,WR,LAC,HOU,0,0,0.0,0,0.0,0.0,0.0,0,0.0,0,3,1,23.0,0,2.3,3.3,,,75.0,205.0,30.7504375,8.0,Virginia,2011.0,2011.0,,,-7.0,0.06521739
2019,4,00-0028411,D.Inman,WR,LAC,MIA,0,0,0.0,0,0.0,0.0,0.0,0,0.0,0,7,5,76.0,0,7.6,12.6,,,75.0,205.0,30.7504375,8.0,Virginia,2011.0,2011.0,,,,0.23333333
2019,15,00-0028411,D.Inman,WR,IND,NO,0,0,0.0,0,0.0,0.0,0.0,0,0.0,0,3,2,25.0,0,2.5,4.5,,,75.0,205.0,30.7504375,8.0,Virginia,2011.0,2011.0,,,,0.09090909
2019,16,00-0028411,D.Inman,WR,IND,CAR,0,0,0.0,0,0.0,0.0,0.0,0,0.0,0,2,1,18.0,0,1.8,2.8,,,75.0,205.0,30.7504375,8.0,Virginia,2011.0,2011.0,,,32.0,0.083333336
2019,17,00-0028411,D.Inman,WR,IND,JAX,0,0,0.0,0,0.0,0.0,0.0,0,0.0,0,3,1,6.0,0,0.6,1.6,,,75.0,205.0,30.7504375,8.0,Virginia,2011.0,2011.0,,,,0.125
2019,1,00-0028581,P.DiMarco,FB,BUF,NYJ,0,0,0.0,0,0.0,0.0,0.0,0,0.0,0,2,2,9.0,0,0.9,2.9,,,73.0,234.0,30.523294117647055,8.0,South Carolina,2011.0,2011.0,,,,0.057142857
2019,2,00-0028581,P.DiMarco,FB,BUF,NYG,0,0,0.0,0,0.0,0.0,0.0,1,1.0,0,1,1,3.0,0,0.4,1.4,,,73.0,234.0,30.523294117647055,8.0,South Carolina,2011.0,2011.0,,,,0.035714287
2019,7,00-0028581,P.DiMarco,FB,BUF,MIA,0,0,0.0,0,0.0,0.0,0.0,1,4.0,0,1,1,27.0,0,3.1,4.1,,,73.0,234.0,30.523294117647055,8.0,South Carolina,2011.0,2011.0,,,10.0,0.04
2019,8,00-0028581,P.DiMarco,FB,BUF,PHI,0,0,0.0,0,0.0,0.0,0.0,0,0.0,0,1,0,0.0,0,0.0,0.0,,,73.0,234.0,30.523294117647055,8.0,South Carolina,2011.0,2011.0,,,-18.0,0.032258064
2019,10,00-0028581,P.DiMarco,FB,BUF,CLE,0,0,0.0,0,0.0,0.0,0.0,1,2.0,0,1,1,2.0,0,0.4,1.4,,,73.0,234.0,30.523294117647055,8.0,South Carolina,2011.0,2011.0,,,,0.025641026
2019,15,00-0028581,P.DiMarco,FB,BUF,PIT,0,0,0.0,0,0.0,0.0,0.0,0,0.0,0,1,0,0.0,0,0.0,0.0,,,73.0,234.0,30.523294117647055,8.0,South Carolina,2011.0,2011.0,,,,0.041666668
2019,18,00-0028581,P.DiMarco,FB,BUF,HOU,0,0,0.0,0,0.0,0.0,0.0,0,0.0,0,1,0,0.0,0,0.0,0.0,,,73.0,234.0,30.523294117647055,8.0,South Carolina,2011.0,2011.0,,,,0.023255814
2019,7,00-0028872,J.Hekker,P,LA,ATL,1,1,23.0,0,0.0,0.0,-0.0,0,0.0,0,0,0,0.0,0,0.92,0.92,,,77.0,241.0,29.732499999999998,7.0,Oregon State,2012.0,2012.0,,,,
2019,10,00-0028872,J.Hekker,P,LA,PIT,0,1,0.0,0,1.0,0.0,-0.0,0,0.0,0,0,0,0.0,0,-2.0,-2.0,,,77.0,241.0,29.732499999999998,7.0,Oregon State,2012.0,2012.0,,,,
2019,15,00-0028872,J.Hekker,P,LA,DAL,1,1,5.0,0,0.0,0.0,-0.0,0,0.0,0,0,0,0.0,0,0.2,0.2,,,77.0,241.0,29.732499999999998,7.0,Oregon State,2012.0,2012.0,,,,
2019,1,00-0028986,C.Keenum,QB,WAS,PHI,30,44,380.0,3,0.0,1.0,10.0,0,0.0,0,0,0,0.0,0,27.2,27.2,,,73.0,215.0,31.7081875,7.0,Houston,2012.0,2012.0,,,,
2019,2,00-0028986,C.Keenum,QB,WAS,DAL,26,37,221.0,2,0.0,1.0,13.0,1,-1.0,0,0,0,0.0,0,16.74,16.74,,,73.0,215.0,31.7081875,7.0,Houston,2012.0,2012.0,,,-10.0,
2019,3,00-0028986,C.Keenum,QB,WAS,CHI,30,43,332.0,2,3.0,4.0,45.0,2,3.0,0,0,0,0.0,0,11.58,11.58,,,73.0,215.0,31.7081875,7.0,Houston,2012.0,2012.0,,,-16.0,
2019,4,00-0028986,C.Keenum,QB,WAS,NYG,6,11,37.0,0,1.0,1.0,2.0,0,0.0,0,0,0,0.0,0,-0.52,-0.52,,,73.0,215.0,31.7081875,7.0,Houston,2012.0,2012.0,,,,
2019,6,00-0028986,C.Keenum,QB,WAS,MIA,13,25,166.0,2,0.0,0.0,-0.0,4,10.0,0,0,0,0.0,0,15.64,15.64,,,73.0,215.0,31.7081875,7.0,Houston,2012.0,2012.0,,,,
2019,7,00-0028986,C.Keenum,QB,WAS,SF,9,12,77.0,0,0.0,3.0,27.0,0,0.0,0,0,0,0.0,0,3.08,3.08,,,73.0,215.0,31.7081875,7.0,Houston,2012.0,2012.0,,,-9.0,
2019,8,00-0028986,C.Keenum,QB,WAS,MIN,12,16,130.0,0,0.0,2.0,14.0,0,0.0,0,0,0,0.0,0,3.2,3.2,,,73.0,215.0,31.7081875,7.0,Houston,2012.0,2012.0,,,,
2019,12,00-0028986,C.Keenum,QB,WAS,DET,0,0,0.0,0,0.0,0.0,0.0,1,-1.0,0,0,0,0.0,0,-0.1,-0.1,,,73.0,215.0,31.7081875,7.0,Houston,2012.0,2012.0,,,3.0,
2019,16,00-0028986,C.Keenum,QB,WAS,NYG,16,22,158.0,1,0.0,1.0,11.0,1,1.0,1,0,0,0.0,0,16.42,16.42,,,73.0,215.0,31.7081875,7.0,Houston,2012.0,2012.0,,,-6.0,
2019,17,00-0028986,C.Keenum,QB,WAS,DAL,18,37,206.0,1,1.0,2.0,23.0,0,0.0,0,0,0,0.0,0,10.24,10.24,,,73.0,215.0,31.7081875,7.0,Houston,2012.0,2012.0,,,,
2019,1,00-0029000,C.Beasley,WR,BUF,NYJ,0,0,0.0,0,0.0,0.0,0.0,0,0.0,0,9,5,40.0,0,4.0,9.0,,,68.0,174.0,30.534294117647057,7.0,Southern Methodist,2012.0,2012.0,,,,0.25714287
2019,2,00-0029000,C.Beasley,WR,BUF,NYG,0,0,0.0,0,0.0,0.0,0.0,0,0.0,0,4,4,83.0,0,8.3,12.3,,,68.0,174.0,30.534294117647057,7.0,Southern Methodist,2012.0,2012.0,,,,0.14285715
2019,3,00-0029000,C.Beasley,WR,BUF,CIN,0,0,0.0,0,0.0,0.0,0.0,0,0.0,0,10,8,48.0,0,6.8,14.8,,,68.0,174.0,30.534294117647057,7.0,Southern Methodist,2012.0,2012.0,,,4.0,0.3030303
2019,4,00-0029000,C.Beasley,WR,BUF,NE,0,0,0.0,0,0.0,0.0,0.0,0,0.0,0,13,7,75.0,0,7.5,14.5,,,68.0,174.0,30.534294117647057,7.0,Southern Methodist,2012.0,2012.0,,,-6.0,0.31707317
2019,5,00-0029000,C.Beasley,WR,BUF,TEN,0,0,0.0,0,0.0,0.0,0.0,0,0.0,0,4,3,21.0,0,2.1,5.1,,,68.0,174.0,30.534294117647057,7.0,Southern Methodist,2012.0,2012.0,,,,0.13793103
2019,7,00-0029000,C.Beasley,WR,BUF,MIA,0,0,0.0,0,0.0,0.0,0.0,0,0.0,0,6,3,16.0,1,7.6,10.6,,,68.0,174.0,30.534294117647057,7.0,Southern Methodist,2012.0,2012.0,,,10.0,0.24
2019,8,00-0029000,C.Beasley,WR,BUF,PHI,0,0,0.0,0,0.0,0.0,0.0,0,0.0,0,7,3,41.0,1,10.1,13.1,,,68.0,174.0,30.534294117647057,7.0,Southern Methodist,2012.0,2012.0,,,-18.0,0.22580644
2019,9,00-0029000,C.Beasley,WR,BUF,WAS,0,0,0.0,0,0.0,0.0,0.0,0,0.0,0,2,2,13.0,1,7.3,9.3,,,68.0,174.0,30.534294117647057,7.0,Southern Methodist,2012.0,2012.0,,,15.0,0.1
2019,10,00-0029000,C.Beasley,WR,BUF,CLE,0,0,0.0,0,0.0,0.0,0.0,0,0.0,0,6,4,74.0,0,7.4,11.4,,,68.0,174.0,30.534294117647057,7.0,Southern Methodist,2012.0,2012.0,,,,0.15384616
2019,11,00-0029000,C.Beasley,WR,BUF,MIA,0,0,0.0,0,0.0,0.0,0.0,0,0.0,0,4,4,38.0,0,3.8,7.8,,,68.0,174.0,30.534294117647057,7.0,Southern Methodist,2012.0,2012.0,,,,0.12903225
2019,12,00-0029000,C.Beasley,WR,BUF,DEN,0,0,0.0,0,0.0,0.0,0.0,0,0.0,0,9,6,76.0,1,13.6,19.6,,,68.0,174.0,30.534294117647057,7.0,Southern Methodist,2012.0,2012.0,,,17.0,0.4090909
2019,13,00-0029000,C.Beasley,WR,BUF,DAL,0,0,0.0,0,0.0,0.0,0.0,0,0.0,0,7,6,110.0,1,17.0,23.0,,,68.0,174.0,30.534294117647057,7.0,Southern Methodist,2012.0,2012.0,,,,0.28
2019,14,00-0029000,C.Beasley,WR,BUF,BAL,0,0,0.0,0,0.0,0.0,0.0,0,0.0,0,7,4,29.0,1,10.9,14.9,,,68.0,174.0,30.534294117647057,7.0,Southern Methodist,2012.0,2012.0,,,-7.0,0.1891892
2019,15,00-0029000,C.Beasley,WR,BUF,PIT,0,0,0.0,0,0.0,0.0,0.0,0,0.0,0,6,1,6.0,0,0.6,1.6,,,68.0,174.0,30.534294117647057,7.0,Southern Methodist,2012.0,2012.0,,,,0.25
2019,16,00-0029000,C.Beasley,WR,BUF,NE,0,0,0.0,0,0.0,0.0,0.0,0,0.0,0,12,7,108.0,0,10.8,17.8,,,68.0,174.0,30.534294117647057,7.0,Southern Methodist,2012.0,2012.0,,,,0.46153846
2019,18,00-0029000,C.Beasley,WR,BUF,HOU,0,0,0.0,0,0.0,0.0,0.0,0,0.0,0,5,4,44.0,0,4.4,8.4,,,68.0,174.0,30.534294117647057,7.0,Southern Methodist,2012.0,2012.0,,,,0.11627907
2019,2,00-0029119,D.Carrier,TE,LV,KC,0,0,0.0,0,0.0,0.0,0.0,0,0.0,0,5,3,33.0,0,3.3,6.3,,,75.0,240.0,29.279125,7.0,Beloit,2012.0,2012.0,,,,0.13513513
2019,5,00-0029119,D.Carrier,TE,LV,CHI,0,0,0.0,0,0.0,0.0,0.0,0,0.0,0,2,2,22.0,0,2.2,4.2,,,75.0,240.0,29.279125,7.0,Beloit,2012.0,2012.0,,,,0.06666667
2019,7,00-0029119,D.Carrier,TE,LV,GB,0,0,0.0,0,0.0,0.0,0.0,0,0.0,0,4,2,22.0,0,2.2,4.2,,,75.0,240.0,29.279125,7.0,Beloit,2012.0,2012.0,,,,0.12903225
2019,9,00-0029119,D.Carrier,TE,LV,DET,0,0,0.0,0,0.0,0.0,0.0,1,27.0,0,0,0,0.0,0,2.7,2.7,,,75.0,240.0,29.279125,7.0,Beloit,2012.0,2012.0,,,,
2019,12,00-0029119,D.Carrier,TE,LV,NYJ,0,0,0.0,0,0.0,0.0,0.0,0,0.0,0,1,0,0.0,0,0.0,0.0,,,75.0,240.0,29.279125,7.0,Beloit,2012.0,2012.0,,,,0.030303031
2019,13,00-0029119,D.Carrier,TE,LV,KC,0,0,0.0,0,0.0,0.0,0.0,0,0.0,0,2,2,10.0,1,7.0,9.0,,,75.0,240.0,29.279125,7.0,Beloit,2012.0,2012.0,,,,0.074074075
2019,15,00-0029119,D.Carrier,TE,LV,JAX,0,0,0.0,0,0.0,0.0,0.0,0,0.0,0,2,1,5.0,0,0.5,1.5,,,75.0,240.0,29.279125,7.0,Beloit,2012.0,2012.0,,,,0.06451613
2019,16,00-0029119,D.Carrier,TE,LV,LAC,0,0,0.0,0,0.0,0.0,0.0,0,0.0,0,2,2,12.0,0,1.2,3.2,,,75.0,240.0,29.279125,7.0,Beloit,2012.0,2012.0,,,,0.06896552
2019,17,00-0029119,D.Carrier,TE,LV,DEN,0,0,0.0,0,0.0,0.0,0.0,0,0.0,0,1,1,4.0,0,0.4,1.4,,,75.0,240.0,29.279125,7.0,Beloit,2012.0,2012.0,,,,0.024390243
2019,1,00-0029137,A.Jeffery,WR,PHI,WAS,0,0,0.0,0,0.0,0.0,0.0,1,2.0,1,7,5,49.0,1,17.1,22.1,,,75.0,218.0,29.725294117647056,7.0,South Carolina,2012.0,2012.0,CHI,45.0,5.0,0.17948718
2019,4,00-0029137,A.Jeffery,WR,PHI,GB,0,0,0.0,0,0.0,0.0,0.0,0,0.0,0,9,3,38.0,1,9.8,12.8,,,75.0,218.0,29.725294117647056,7.0,South Carolina,2012.0,2012.0,CHI,45.0,,0.33333334
2019,5,00-0029137,A.Jeffery,WR,PHI,NYJ,0,0,0.0,0,0.0,0.0,0.0,0,0.0,0,8,6,52.0,0,5.2,11.2,,,75.0,218.0,29.725294117647056,7.0,South Carolina,2012.0,2012.0,CHI,45.0,25.0,0.2857143
2019,6,00-0029137,A.Jeffery,WR,PHI,MIN,0,0,0.0,0,0.0,0.0,0.0,0,0.0,0,12,10,76.0,1,13.6,23.6,,,75.0,218.0,29.725294117647056,7.0,South Carolina,2012.0,2012.0,CHI,45.0,,0.29268292
2019,7,00-0029137,A.Jeffery,WR,PHI,DAL,0,0,0.0,0,0.0,0.0,0.0,0,0.0,0,5,2,38.0,0,3.8,5.8,,,75.0,218.0,29.725294117647056,7.0,South Carolina,2012.0,2012.0,CHI,45.0,,0.2
2019,8,00-0029137,A.Jeffery,WR,PHI,BUF,0,0,0.0,0,0.0,0.0,0.0,0,0.0,0,6,4,64.0,0,6.4,10.4,,,75.0,218.0,29.725294117647056,7.0,South Carolina,2012.0,2012.0,CHI,45.0,,0.25
2019,9,00-0029137,A.Jeffery,WR,PHI,CHI,0,0,0.0,0,0.0,0.0,0.0,0,0.0,0,8,4,36.0,0,3.6,7.6,,,75.0,218.0,29.725294117647056,7.0,South Carolina,2012.0,2012.0,CHI,45.0,8.0,0.20512821
2019,13,00-0029137,A.Jeffery,WR,PHI,MIA,0,0,0.0,0,0.0,0.0,0.0,0,0.0,0,16,9,137.0,1,19.7,28.7,,,75.0,218.0,29.725294117647056,7.0,South Carolina,2012.0,2012.0,CHI,45.0,,0.35555556
2019,14,00-0029137,A.Jeffery,WR,PHI,NYG,0,0,0.0,0,0.0,0.0,0.0,0,0.0,0,2,0,0.0,0,0.0,0.0,,,75.0,218.0,29.725294117647056,7.0,South Carolina,2012.0,2012.0,CHI,45.0,6.0,0.04
2019,9,00-0029141,A.Morris,RB,ARI,SF,0,0,0.0,0,0.0,0.0,0.0,1,4.0,0,0,0,0.0,0,0.4,0.4,,,70.0,224.0,30.8870625,7.0,Florida Atlantic,2012.0,2012.0,WAS,173.0,-3.0,
2019,1,00-0029239,B.Bolden,RB,NE,PIT,0,0,0.0,0,0.0,0.0,0.0,1,7.0,0,0,0,0.0,0,0.7,0.7,,,71.0,220.0,29.776941176470586,7.0,Mississippi,2012.0,2012.0,,,30.0,
2019,3,00-0029239,B.Bolden,RB,NE,NYJ,0,0,0.0,0,0.0,0.0,0.0,2,-2.0,0,3,2,21.0,0,1.9,3.9,,,71.0,220.0,29.776941176470586,7.0,Mississippi,2012.0,2012.0,,,16.0,0.069767445
2019,4,00-0029239,B.Bolden,RB,NE,BUF,0,0,0.0,0,0.0,0.0,0.0,1,4.0,1,0,0,0.0,0,6.4,6.4,,,71.0,220.0,29.776941176470586,7.0,Mississippi,2012.0,2012.0,,,,
2019,5,00-0029239,B.Bolden,RB,NE,WAS,0,0,0.0,0,0.0,0.0,0.0,5,13.0,0,1,1,29.0,1,10.2,11.2,,,71.0,220.0,29.776941176470586,7.0,Mississippi,2012.0,2012.0,,,,0.025
2019,6,00-0029239,B.Bolden,RB,NE,NYG,0,0,0.0,0,0.0,0.0,0.0,3,23.0,1,2,2,22.0,0,10.5,12.5,,,71.0,220.0,29.776941176470586,7.0,Mississippi,2012.0,2012.0,,,21.0,0.048780486
2019,7,00-0029239,B.Bolden,RB,NE,NYJ,0,0,0.0,0,0.0,0.0,0.0,1,2.0,0,4,4,39.0,0,4.1,8.1,,,71.0,220.0,29.776941176470586,7.0,Mississippi,2012.0,2012.0,,,,0.0952381
2019,8,00-0029239,B.Bolden,RB,NE,CLE,0,0,0.0,0,0.0,0.0,0.0,0,0.0,0,1,0,0.0,0,0.0,0.0,,,71.0,220.0,29.776941176470586,7.0,Mississippi,2012.0,2012.0,,,14.0,0.03125
2019,12,00-0029239,B.Bolden,RB,NE,DAL,0,0,0.0,0,0.0,0.0,0.0,1,11.0,0,0,0,0.0,0,1.1,1.1,,,71.0,220.0,29.776941176470586,7.0,Mississippi,2012.0,2012.0,,,4.0,
2019,14,00-0029239,B.Bolden,RB,NE,KC,0,0,0.0,0,0.0,0.0,0.0,1,10.0,1,0,0,0.0,0,7.0,7.0,,,71.0,220.0,29.776941176470586,7.0,Mississippi,2012.0,2012.0,,,-7.0,
2019,1,00-0029263,R.Wilson,QB,SEA,CIN,14,20,195.0,2,0.0,4.0,35.0,4,8.0,0,0,0,0.0,0,16.6,16.6,,,71.0,215.0,30.94472222222222,7.0,Wisconsin,2012.0,2012.0,SEA,75.0,1.0,
2019,2,00-0029263,R.Wilson,QB,SEA,PIT,29,35,300.0,3,0.0,4.0,26.0,6,22.0,0,0,0,0.0,0,24.2,24.2,,,71.0,215.0,30.94472222222222,7.0,Wisconsin,2012.0,2012.0,SEA,75.0,,
2019,3,00-0029263,R.Wilson,QB,SEA,NO,32,50,406.0,2,0.0,0.0,-0.0,7,51.0,2,0,0,0.0,0,41.34,41.34,,,71.0,215.0,30.94472222222222,7.0,Wisconsin,2012.0,2012.0,SEA,75.0,-6.0,
2019,4,00-0029263,R.Wilson,QB,SEA,ARI,22,28,240.0,1,0.0,4.0,15.0,2,7.0,0,0,0,0.0,0,14.3,14.3,,,71.0,215.0,30.94472222222222,7.0,Wisconsin,2012.0,2012.0,SEA,75.0,,
2019,5,00-0029263,R.Wilson,QB,SEA,LA,17,23,268.0,4,0.0,1.0,6.0,8,32.0,0,0,0,0.0,0,29.92,29.92,,,71.0,215.0,30.94472222222222,7.0,Wisconsin,2012.0,2012.0,SEA,75.0,1.0,
2019,6,00-0029263,R.Wilson,QB,SEA,CLE,23,33,295.0,2,0.0,3.0,11.0,9,31.0,1,0,0,0.0,0,28.9,28.9,,,71.0,215.0,30.94472222222222,7.0,Wisconsin,2012.0,2012.0,SEA,75.0,,
2019,7,00-0029263,R.Wilson,QB,SEA,BAL,20,41,241.0,1,1.0,1.0,-0.0,3,27.0,0,0,0,0.0,0,14.34,14.34,,,71.0,215.0,30.94472222222222,7.0,Wisconsin,2012.0,2012.0,SEA,75.0,-14.0,
2019,8,00-0029263,R.Wilson,QB,SEA,ATL,14,20,182.0,2,0.0,2.0,11.0,4,4.0,0,0,0,0.0,0,15.68,15.68,,,71.0,215.0,30.94472222222222,7.0,Wisconsin,2012.0,2012.0,SEA,75.0,,
2019,9,00-0029263,R.Wilson,QB,SEA,TB,29,43,378.0,5,0.0,3.0,31.0,1,21.0,0,0,0,0.0,0,39.22,39.22,,,71.0,215.0,30.94472222222222,7.0,Wisconsin,2012.0,2012.0,SEA,75.0,6.0,
2019,10,00-0029263,R.Wilson,QB,SEA,SF,24,34,232.0,1,1.0,5.0,43.0,6,53.0,0,0,0,0.0,0,16.58,16.58,,,71.0,215.0,30.94472222222222,7.0,Wisconsin,2012.0,2012.0,SEA,75.0,,
2019,12,00-0029263,R.Wilson,QB,SEA,PHI,13,25,200.0,1,1.0,6.0,26.0,3,15.0,0,0,0,0.0,0,9.5,9.5,,,71.0,215.0,30.94472222222222,7.0,Wisconsin,2012.0,2012.0,SEA,75.0,,
2019,13,00-0029263,R.Wilson,QB,SEA,MIN,21,31,240.0,2,1.0,2.0,14.0,4,13.0,0,0,0,0.0,0,16.9,16.9,,,71.0,215.0,30.94472222222222,7.0,Wisconsin,2012.0,2012.0,SEA,75.0,7.0,
2019,14,00-0029263,R.Wilson,QB,SEA,LA,22,36,245.0,0,1.0,5.0,43.0,5,28.0,0,0,0,0.0,0,10.6,10.6,,,71.0,215.0,30.94472222222222,7.0,Wisconsin,2012.0,2012.0,SEA,75.0,,
2019,15,00-0029263,R.Wilson,QB,SEA,CAR,20,26,286.0,2,0.0,2.0,12.0,3,-1.0,0,0,0,0.0,0,19.34,19.34,,,71.0,215.0,30.94472222222222,7.0,Wisconsin,2012.0,2012.0,SEA,75.0,,
2019,16,00-0029263,R.Wilson,QB,SEA,ARI,16,31,169.0,1,0.0,5.0,36.0,2,2.0,0,0,0,0.0,0,10.96,10.96,,,71.0,215.0,30.94472222222222,7.0,Wisconsin,2012.0,2012.0,SEA,75.0,-14.0,
2019,17,00-0029263,R.Wilson,QB,SEA,SF,25,40,233.0,2,0.0,1.0,10.0,8,29.0,0,0,0,0.0,0,20.22,20.22,,,71.0,215.0,30.94472222222222,7.0,Wisconsin,2012.0,2012.0,SEA,75.0,-5.0,
2019,18,00-0029263,R.Wilson,QB,SEA,PHI,18,30,325.0,1,0.0,1.0,7.0,9,45.0,0,0,0,0.0,0,21.5,21.5,,,71.0,215.0,30.94472222222222,7.0,Wisconsin,2012.0,2012.0,SEA,75.0,,
2019,19,00-0029263,R.Wilson,QB,SEA,GB,21,31,277.0,1,0.0,5.0,12.0,7,64.0,0,0,0,0.0,0,21.48,21.48,,,71.0,215.0,30.94472222222222,7.0,Wisconsin,2012.0,2012.0,SEA,75.0,,
2019,1,00-0029269,T.Benjamin,WR,LAC,IND,0,0,0.0,0,0.0,0.0,0.0,0,0.0,0,3,2,12.0,0,1.2,3.2,,,70.0,175.0,29.84125,7.0,Miami,2012.0,2012.0,CLE,100.0,6.0,0.0882353
2019,2,00-0029269,T.Benjamin,WR,LAC,DET,0,0,0.0,0,0.0,0.0,0.0,0,0.0,0,2,0,0.0,0,0.0,0.0,,,70.0,175.0,29.84125,7.0,Miami,2012.0,2012.0,CLE,100.0,,0.057142857
2019,3,00-0029269,T.Benjamin,WR,LAC,HOU,0,0,0.0,0,0.0,0.0,0.0,0,0.0,0,5,2,5.0,0,0.5,2.5,,,70.0,175.0,29.84125,7.0,Miami,2012.0,2012.0,CLE,100.0,-7.0,0.10869565
2019,5,00-0029269,T.Benjamin,WR,LAC,DEN,0,0,0.0,0,0.0,0.0,0.0,0,0.0,0,2,1,13.0,0,1.3,2.3,,,70.0,175.0,29.84125,7.0,Miami,2012.0,2012.0,CLE,100.0,-7.0,0.04347826
2019,6,00-0029269,T.Benjamin,WR,LAC,PIT,0,0,0.0,0,0.0,0.0,0.0,0,0.0,0,4,1,0.0,0,0.0,1.0,,,70.0,175.0,29.84125,7.0,Miami,2012.0,2012.0,CLE,100.0,-7.0,0.0952381
2019,1,00-0029293,M.Jones,WR,DET,ARI,0,0,0.0,0,0.0,0.0,0.0,1,4.0,0,4,4,56.0,0,6.0,10.0,,,74.0,198.0,29.649875,7.0,California,2012.0,2012.0,CIN,166.0,,0.09756097
2019,2,00-0029293,M.Jones,WR,DET,LAC,0,0,0.0,0,0.0,0.0,0.0,0,0.0,0,6,5,43.0,0,4.3,9.3,,,74.0,198.0,29.649875,7.0,California,2012.0,2012.0,CIN,166.0,3.0,0.2
2019,3,00-0029293,M.Jones,WR,DET,PHI,0,0,0.0,0,0.0,0.0,0.0,0,0.0,0,9,6,101.0,1,16.1,22.1,,,74.0,198.0,29.649875,7.0,California,2012.0,2012.0,CIN,166.0,,0.28125
2019,4,00-0029293,M.Jones,WR,DET,KC,0,0,0.0,0,0.0,0.0,0.0,0,0.0,0,5,3,77.0,0,7.7,10.7,,,74.0,198.0,29.649875,7.0,California,2012.0,2012.0,CIN,166.0,-4.0,0.15625
2019,6,00-0029293,M.Jones,WR,DET,GB,0,0,0.0,0,0.0,0.0,0.0,0,0.0,0,5,2,17.0,0,1.7,3.7,,,74.0,198.0,29.649875,7.0,California,2012.0,2012.0,CIN,166.0,,0.15625
2019,7,00-0029293,M.Jones,WR,DET,MIN,0,0,0.0,0,0.0,0.0,0.0,0,0.0,0,13,10,93.0,4,33.3,43.3,,,74.0,198.0,29.649875,7.0,California,2012.0,2012.0,CIN,166.0,-12.0,0.2888889
2019,8,00-0029293,M.Jones,WR,DET,NYG,0,0,0.0,0,0.0,0.0,0.0,0,0.0,0,5,4,22.0,0,2.2,6.2,,,74.0,198.0,29.649875,7.0,California,2012.0,2012.0,CIN,166.0,5.0,0.16129032
2019,9,00-0029293,M.Jones,WR,DET,LV,0,0,0.0,0,0.0,0.0,0.0,0,0.0,0,10,8,126.0,1,18.6,26.6,,,74.0,198.0,29.649875,7.0,California,2012.0,2012.0,CIN,166.0,,0.24390244
2019,10,00-0029293,M.Jones,WR,DET,CHI,0,0,0.0,0,0.0,0.0,0.0,0,0.0,0,5,5,77.0,0,7.7,12.7,,,74.0,198.0,29.649875,7.0,California,2012.0,2012.0,CIN,166.0,,0.11627907
2019,11,00-0029293,M.Jones,WR,DET,DAL,0,0,0.0,0,0.0,0.0,0.0,1,-4.0,0,5,4,43.0,2,15.9,19.9,,,74.0,198.0,29.649875,7.0,California,2012.0,2012.0,CIN,166.0,-8.0,0.20833333
2019,12,00-0029293,M.Jones,WR,DET,WAS,0,0,0.0,0,0.0,0.0,0.0,0,0.0,0,11,5,46.0,0,4.6,9.6,,,74.0,198.0,29.649875,7.0,California,2012.0,2012.0,CIN,166.0,,0.36666667
2019,13,00-0029293,M.Jones,WR,DET,CHI,0,0,0.0,0,0.0,0.0,0.0,0,0.0,0,6,3,40.0,1,10.0,13.0,,,74.0,198.0,29.649875,7.0,California,2012.0,2012.0,CIN,166.0,-4.0,0.16666667
2019,14,00-0029293,M.Jones,WR,DET,MIN,0,0,0.0,0,0.0,0.0,0.0,0,0.0,0,7,3,38.0,0,3.8,6.8,,,74.0,198.0,29.649875,7.0,California,2012.0,2012.0,CIN,166.0,,0.18421052
2019,1,00-0029319,J.Bellamy,WR,NYJ,BUF,0,0,0.0,0,0.0,0.0,0.0,0,0.0,0,1,1,15.0,0,1.5,2.5,,,72.0,208.0,30.467125,7.0,Louisville,2012.0,2012.0,,,-1.0,0.024390243
2019,2,00-0029319,J.Bellamy,WR,NYJ,CLE,0,0,0.0,0,0.0,0.0,0.0,0,0.0,0,2,1,5.0,0,0.5,1.5,,,72.0,208.0,30.467125,7.0,Louisville,2012.0,2012.0,,,-20.0,0.06666667
2019,12,00-0029419,D.Kelly,T,TEN,JAX,0,0,0.0,0,0.0,0.0,0.0,0,0.0,0,1,1,1.0,1,6.1,7.1,,,80.0,321.0,29.823631578947367,7.0,Purdue,2012.0,2012.0,PHI,153.0,22.0,0.05882353
2019,20,00-0029419,D.Kelly,T,TEN,KC,0,0,0.0,0,0.0,0.0,0.0,0,0.0,0,1,1,1.0,1,6.1,7.1,,,80.0,321.0,29.823631578947367,7.0,Purdue,2012.0,2012.0,PHI,153.0,,0.03125
2019,1,00-0029492,J.Olawale,FB,DAL,NYG,0,0,0.0,0,0.0,0.0,0.0,0,0.0,0,1,0,0.0,0,0.0,0.0,,,73.0,240.0,30.546625,7.0,North Texas,2012.0,2012.0,,,18.0,0.03125
2019,14,00-0029492,J.Olawale,FB,DAL,CHI,0,0,0.0,0,0.0,0.0,0.0,0,0.0,0,1,0,0.0,0,0.0,0.0,,,73.0,240.0,30.546625,7.0,North Texas,2012.0,2012.0,,,,0.02173913
2019,1,00-0029567,N.Foles,QB,JAX,KC,5,8,75.0,1,0.0,0.0,-0.0,0,0.0,0,0,0,0.0,0,7.0,7.0,,,78.0,243.0,30.7826875,7.0,Arizona,2012.0,2012.0,PHI,88.0,-14.0,
2019,11,00-0029567,N.Foles,QB,JAX,IND,33,47,296.0,2,1.0,2.0,17.0,0,0.0,0,0,0,0.0,0,17.84,17.84,,,78.0,243.0,30.7826875,7.0,Arizona,2012.0,2012.0,PHI,88.0,,
2019,12,00-0029567,N.Foles,QB,JAX,TEN,32,48,272.0,0,0.0,3.0,20.0,3,20.0,0,0,0,0.0,0,14.88,14.88,,,78.0,243.0,30.7826875,7.0,Arizona,2012.0,2012.0,PHI,88.0,,
2019,13,00-0029567,N.Foles,QB,JAX,TB,7,14,93.0,0,1.0,3.0,23.0,1,3.0,0,0,0,0.0,0,-1.98,-1.98,,,78.0,243.0,30.7826875,7.0,Arizona,2012.0,2012.0,PHI,88.0,-17.0,
2019,1,00-0029572,J.Wright,WR,CAR,LA,0,0,0.0,0,0.0,0.0,0.0,0,0.0,0,1,1,14.0,0,1.4,2.4,,,70.0,191.0,29.9403125,7.0,Arkansas,2012.0,2012.0,MIN,118.0,-3.0,0.027027028
2019,2,00-0029572,J.Wright,WR,CAR,TB,0,0,0.0,0,0.0,0.0,0.0,0,0.0,0,6,2,15.0,0,1.5,3.5,,,70.0,191.0,29.9403125,7.0,Arkansas,2012.0,2012.0,MIN,118.0,-6.0,0.12244898
2019,3,00-0029572,J.Wright,WR,CAR,ARI,0,0,0.0,0,0.0,0.0,0.0,0,0.0,0,2,2,38.0,0,3.8,5.8,,,70.0,191.0,29.9403125,7.0,Arkansas,2012.0,2012.0,MIN,118.0,,0.08
2019,4,00-0029572,J.Wright,WR,CAR,HOU,0,0,0.0,0,0.0,0.0,0.0,0,0.0,0,6,5,59.0,0,5.9,10.9,,,70.0,191.0,29.9403125,7.0,Arkansas,2012.0,2012.0,MIN,118.0,,0.18181819
2019,5,00-0029572,J.Wright,WR,CAR,JAX,0,0,0.0,0,0.0,0.0,0.0,0,0.0,0,3,1,6.0,0,0.6,1.6,,,70.0,191.0,29.9403125,7.0,Arkansas,2012.0,2012.0,MIN,118.0,7.0,0.10714286
2019,6,00-0029572,J.Wright,WR,CAR,TB,0,0,0.0,0,0.0,0.0,0.0,0,0.0,0,3,1,6.0,0,0.6,1.6,,,70.0,191.0,29.9403125,7.0,Arkansas,2012.0,2012.0,MIN,118.0,,0.09677419
2019,8,00-0029572,J.Wright,WR,CAR,SF,0,0,0.0,0,0.0,0.0,0.0,0,0.0,0,4,2,12.0,0,1.2,3.2,,,70.0,191.0,29.9403125,7.0,Arkansas,2012.0,2012.0,MIN,118.0,,0.10810811
2019,9,00-0029572,J.Wright,WR,CAR,TEN,0,0,0.0,0,0.0,0.0,0.0,1,-7.0,0,4,0,0.0,0,-0.7,-0.7,,,70.0,191.0,29.9403125,7.0,Arkansas,2012.0,2012.0,MIN,118.0,10.0,0.13333334
2019,10,00-0029572,J.Wright,WR,CAR,GB,0,0,0.0,0,0.0,0.0,0.0,0,0.0,0,2,1,21.0,0,2.1,3.1,,,70.0,191.0,29.9403125,7.0,Arkansas,2012.0,2012.0,MIN,118.0,,0.05263158
2019,11,00-0029572,J.Wright,WR,CAR,ATL,0,0,0.0,0,0.0,0.0,0.0,0,0.0,0,2,1,19.0,0,1.9,2.9,,,70.0,191.0,29.9403125,7.0,Arkansas,2012.0,2012.0,MIN,118.0,-26.0,0.04255319
2019,12,00-0029572,J.Wright,WR,CAR,NO,0,0,0.0,0,0.0,0.0,0.0,0,0.0,0,1,1,4.0,0,0.4,1.4,,,70.0,191.0,29.9403125,7.0,Arkansas,2012.0,2012.0,MIN,118.0,,0.03125
2019,13,00-0029572,J.Wright,WR,CAR,WAS,0,0,0.0,0,0.0,0.0,0.0,0,0.0,0,5,3,34.0,0,3.4,6.4,,,70.0,191.0,29.9403125,7.0,Arkansas,2012.0,2012.0,MIN,118.0,-8.0,0.11627907
2019,14,00-0029572,J.Wright,WR,CAR,ATL,0,0,0.0,0,0.0,0.0,0.0,0,0.0,0,5,4,30.0,0,3.0,7.0,,,70.0,191.0,29.9403125,7.0,Arkansas,2012.0,2012.0,MIN,118.0,,0.125
2019,15,00-0029572,J.Wright,WR,CAR,SEA,0,0,0.0,0,0.0,0.0,0.0,0,0.0,0,4,1,9.0,0,0.9,1.9,,,70.0,191.0,29.9403125,7.0,Arkansas,2012.0,2012.0,MIN,118.0,-6.0,0.102564104
2019,16,00-0029572,J.Wright,WR,CAR,IND,0,0,0.0,0,0.0,0.0,0.0,0,0.0,0,5,1,19.0,0,1.9,2.9,,,70.0,191.0,29.9403125,7.0,Arkansas,2012.0,2012.0,MIN,118.0,,0.11904762
2019,17,00-0029572,J.Wright,WR,CAR,NO,0,0,0.0,0,0.0,0.0,0.0,0,0.0,0,5,2,10.0,0,1.0,3.0,,,70.0,191.0,29.9403125,7.0,Arkansas,2012.0,2012.0,MIN,118.0,-32.0,0.10204082
2019,1,00-0029587,R.Ellison,TE,NYG,DAL,0,0,0.0,0,0.0,0.0,0.0,0,0.0,0,2,1,8.0,0,0.8,1.8,,,77.0,255.0,31.08025,7.0,USC,2012.0,2012.0,MIN,128.0,,0.045454547
2019,2,00-0029587,R.Ellison,TE,NYG,BUF,0,0,0.0,0,0.0,0.0,0.0,0,0.0,0,1,1,8.0,0,0.8,1.8,,,77.0,255.0,31.08025,7.0,USC,2012.0,2012.0,MIN,128.0,-14.0,0.022727273
2019,3,00-0029587,R.Ellison,TE,NYG,TB,0,0,0.0,0,0.0,0.0,0.0,0,0.0,0,1,1,3.0,0,0.3,1.3,,,77.0,255.0,31.08025,7.0,USC,2012.0,2012.0,MIN,128.0,,0.027777778
2019,4,00-0029587,R.Ellison,TE,NYG,WAS,0,0,0.0,0,0.0,0.0,0.0,0,0.0,0,4,3,24.0,0,2.4,5.4,,,77.0,255.0,31.08025,7.0,USC,2012.0,2012.0,MIN,128.0,21.0,0.12903225
2019,5,00-0029587,R.Ellison,TE,NYG,MIN,0,0,0.0,0,0.0,0.0,0.0,0,0.0,0,1,1,3.0,0,0.3,1.3,,,77.0,255.0,31.08025,7.0,USC,2012.0,2012.0,MIN,128.0,-18.0,0.027777778
2019,6,00-0029587,R.Ellison,TE,NYG,NE,0,0,0.0,0,0.0,0.0,0.0,0,0.0,0,7,3,30.0,0,3.0,6.0,,,77.0,255.0,31.08025,7.0,USC,2012.0,2012.0,MIN,128.0,,0.2413793
2019,7,00-0029587,R.Ellison,TE,NYG,ARI,0,0,0.0,0,0.0,0.0,0.0,0,0.0,0,2,2,33.0,1,9.3,11.3,,,77.0,255.0,31.08025,7.0,USC,2012.0,2012.0,MIN,128.0,-6.0,0.057142857
2019,8,00-0029587,R.Ellison,TE,NYG,DET,0,0,0.0,0,0.0,0.0,0.0,0,0.0,0,2,1,-1.0,0,-0.1,0.9,,,77.0,255.0,31.08025,7.0,USC,2012.0,2012.0,MIN,128.0,,0.05
2019,9,00-0029587,R.Ellison,TE,NYG,DAL,0,0,0.0,0,0.0,0.0,0.0,0,0.0,0,5,2,17.0,0,1.7,3.7,,,77.0,255.0,31.08025,7.0,USC,2012.0,2012.0,MIN,128.0,-19.0,0.12195122
2019,10,00-0029587,R.Ellison,TE,NYG,NYJ,0,0,0.0,0,0.0,0.0,0.0,0,0.0,0,3,3,42.0,0,4.2,7.2,,,77.0,255.0,31.08025,7.0,USC,2012.0,2012.0,MIN,128.0,,0.078947365
2019,1,00-0029604,K.Cousins,QB,MIN,ATL,8,10,98.0,1,0.0,1.0,1.0,6,4.0,1,0,0,0.0,0,14.32,14.32,,,75.0,202.0,31.22277777777778,7.0,Michigan State,2012.0,2012.0,WAS,102.0,16.0,
2019,2,00-0029604,K.Cousins,QB,MIN,GB,14,32,230.0,1,2.0,1.0,7.0,2,17.0,0,0,0,0.0,0,8.9,8.9,,,75.0,202.0,31.22277777777778,7.0,Michigan State,2012.0,2012.0,WAS,102.0,,
2019,3,00-0029604,K.Cousins,QB,MIN,LV,15,21,174.0,1,0.0,0.0,-0.0,4,16.0,0,0,0,0.0,0,12.56,12.56,,,75.0,202.0,31.22277777777778,7.0,Michigan State,2012.0,2012.0,WAS,102.0,20.0,
2019,4,00-0029604,K.Cousins,QB,MIN,CHI,27,36,233.0,0,0.0,6.0,51.0,0,0.0,0,0,0,0.0,0,7.32,7.32,,,75.0,202.0,31.22277777777778,7.0,Michigan State,2012.0,2012.0,WAS,102.0,,
2019,5,00-0029604,K.Cousins,QB,MIN,NYG,22,27,306.0,2,0.0,3.0,27.0,3,3.0,0,0,0,0.0,0,20.54,20.54,,,75.0,202.0,31.22277777777778,7.0,Michigan State,2012.0,2012.0,WAS,102.0,,
2019,6,00-0029604,K.Cousins,QB,MIN,PHI,22,29,333.0,4,1.0,1.0,8.0,2,0.0,0,0,0,0.0,0,27.32,27.32,,,75.0,202.0,31.22277777777778,7.0,Michigan State,2012.0,2012.0,WAS,102.0,18.0,
2019,7,00-0029604,K.Cousins,QB,MIN,DET,24,34,338.0,4,0.0,0.0,-0.0,4,-3.0,0,0,0,0.0,0,29.22,29.22,,,75.0,202.0,31.22277777777778,7.0,Michigan State,2012.0,2012.0,WAS,102.0,,
2019,8,00-0029604,K.Cousins,QB,MIN,WAS,23,26,285.0,0,0.0,3.0,12.0,2,2.0,0,0,0,0.0,0,11.6,11.6,,,75.0,202.0,31.22277777777778,7.0,Michigan State,2012.0,2012.0,WAS,102.0,10.0,
2019,9,00-0029604,K.Cousins,QB,MIN,KC,19,38,220.0,3,0.0,1.0,8.0,1,5.0,0,0,0,0.0,0,21.3,21.3,,,75.0,202.0,31.22277777777778,7.0,Michigan State,2012.0,2012.0,WAS,102.0,,
2019,10,00-0029604,K.Cousins,QB,MIN,DAL,23,32,220.0,2,0.0,1.0,9.0,1,5.0,0,0,0,0.0,0,19.3,19.3,,,75.0,202.0,31.22277777777778,7.0,Michigan State,2012.0,2012.0,WAS,102.0,,
2019,11,00-0029604,K.Cousins,QB,MIN,DEN,29,35,319.0,3,0.0,5.0,35.0,2,1.0,0,0,0,0.0,0,22.86,22.86,,,75.0,202.0,31.22277777777778,7.0,Michigan State,2012.0,2012.0,WAS,102.0,4.0,
2019,13,00-0029604,K.Cousins,QB,MIN,SEA,22,38,276.0,2,1.0,0.0,-0.0,0,0.0,0,0,0,0.0,0,17.04,17.04,,,75.0,202.0,31.22277777777778,7.0,Michigan State,2012.0,2012.0,WAS,102.0,,
2019,14,00-0029604,K.Cousins,QB,MIN,DET,24,30,242.0,1,0.0,1.0,8.0,1,-1.0,0,0,0,0.0,0,13.58,13.58,,,75.0,202.0,31.22277777777778,7.0,Michigan State,2012.0,2012.0,WAS,102.0,13.0,
2019,15,00-0029604,K.Cousins,QB,MIN,LAC,19,25,207.0,1,1.0,0.0,-0.0,3,14.0,0,0,0,0.0,0,11.68,11.68,,,75.0,202.0,31.22277777777778,7.0,Michigan State,2012.0,2012.0,WAS,102.0,,
2019,16,00-0029604,K.Cousins,QB,MIN,GB,16,31,122.0,1,1.0,5.0,40.0,0,0.0,0,1,0,0.0,0,6.88,6.88,,,75.0,202.0,31.22277777777778,7.0,Michigan State,2012.0,2012.0,WAS,102.0,-13.0,0.033333335
2019,18,00-0029604,K.Cousins,QB,MIN,NO,19,31,242.0,1,0.0,2.0,10.0,2,-1.0,0,0,0,0.0,0,13.58,13.58,,,75.0,202.0,31.22277777777778,7.0,Michigan State,2012.0,2012.0,WAS,102.0,,
2019,19,00-0029604,K.Cousins,QB,MIN,SF,21,29,172.0,1,1.0,6.0,46.0,0,0.0,0,0,0,0.0,0,8.88,8.88,,,75.0,202.0,31.22277777777778,7.0,Michigan State,2012.0,2012.0,WAS,102.0,,
2019,1,00-0029608,T.Hilton,WR,IND,LAC,0,0,0.0,0,0.0,0.0,0.0,0,0.0,0,9,8,87.0,2,20.7,28.7,,,70.0,183.0,29.9718125,7.0,Florida International,2012.0,2012.0,IND,92.0,,0.33333334
2019,2,00-0029608,T.Hilton,WR,IND,TEN,0,0,0.0,0,0.0,0.0,0.0,0,0.0,0,6,4,43.0,1,10.3,14.3,,,70.0,183.0,29.9718125,7.0,Florida International,2012.0,2012.0,IND,92.0,,0.23076923
2019,3,00-0029608,T.Hilton,WR,IND,ATL,0,0,0.0,0,0.0,0.0,0.0,0,0.0,0,10,8,65.0,1,12.5,20.5,,,70.0,183.0,29.9718125,7.0,Florida International,2012.0,2012.0,IND,92.0,3.0,0.2777778
2019,5,00-0029608,T.Hilton,WR,IND,KC,0,0,0.0,0,0.0,0.0,0.0,0,0.0,0,4,4,37.0,0,3.7,7.7,,,70.0,183.0,29.9718125,7.0,Florida International,2012.0,2012.0,IND,92.0,,0.15384616
2019,7,00-0029608,T.Hilton,WR,IND,HOU,0,0,0.0,0,0.0,0.0,0.0,0,0.0,0,11,6,74.0,1,13.4,19.4,,,70.0,183.0,29.9718125,7.0,Florida International,2012.0,2012.0,IND,92.0,7.0,0.30555555
2019,8,00-0029608,T.Hilton,WR,IND,DEN,0,0,0.0,0,0.0,0.0,0.0,0,0.0,0,6,2,54.0,0,5.4,7.4,,,70.0,183.0,29.9718125,7.0,Florida International,2012.0,2012.0,IND,92.0,2.0,0.25
2019,12,00-0029608,T.Hilton,WR,IND,HOU,0,0,0.0,0,0.0,0.0,0.0,0,0.0,0,6,3,18.0,0,1.8,4.8,,,70.0,183.0,29.9718125,7.0,Florida International,2012.0,2012.0,IND,92.0,,0.25
2019,15,00-0029608,T.Hilton,WR,IND,NO,0,0,0.0,0,0.0,0.0,0.0,0,0.0,0,9,4,25.0,0,2.5,6.5,,,70.0,183.0,29.9718125,7.0,Florida International,2012.0,2012.0,IND,92.0,,0.27272728
2019,16,00-0029608,T.Hilton,WR,IND,CAR,0,0,0.0,0,0.0,0.0,0.0,0,0.0,0,4,3,26.0,0,2.6,5.6,,,70.0,183.0,29.9718125,7.0,Florida International,2012.0,2012.0,IND,92.0,32.0,0.16666667
2019,17,00-0029608,T.Hilton,WR,IND,JAX,0,0,0.0,0,0.0,0.0,0.0,0,0.0,0,3,3,72.0,0,7.2,10.2,,,70.0,183.0,29.9718125,7.0,Florida International,2012.0,2012.0,IND,92.0,,0.125
2019,15,00-0029623,A.Tanney,QB,NYG,MIA,1,1,1.0,0,0.0,0.0,-0.0,0,0.0,0,0,0,0.0,0,0.04,0.04,,,75.0,220.0,31.9755,7.0,"Monmouth, Ill.",2012.0,2012.0,,,16.0,
2019,1,00-0029632,M.Sanu,WR,ATL,MIN,0,0,0.0,0,0.0,0.0,0.0,0,0.0,0,6,5,57.0,0,5.7,10.7,,,74.0,215.0,30.207117647058823,7.0,Rutgers,2012.0,2012.0,CIN,83.0,,0.13333334
2019,2,00-0029632,M.Sanu,WR,ATL,PHI,0,0,0.0,0,0.0,0.0,0.0,0,0.0,0,7,4,16.0,0,1.6,5.6,,,74.0,215.0,30.207117647058823,7.0,Rutgers,2012.0,2012.0,CIN,83.0,4.0,0.1627907
2019,3,00-0029632,M.Sanu,WR,ATL,IND,0,0,0.0,0,0.0,0.0,0.0,1,2.0,0,6,6,75.0,0,7.7,13.7,,,74.0,215.0,30.207117647058823,7.0,Rutgers,2012.0,2012.0,CIN,83.0,,0.18181819
2019,4,00-0029632,M.Sanu,WR,ATL,TEN,0,0,0.0,0,0.0,0.0,0.0,0,0.0,0,12,9,91.0,0,9.1,18.1,,,74.0,215.0,30.207117647058823,7.0,Rutgers,2012.0,2012.0,CIN,83.0,-14.0,0.24
2019,5,00-0029632,M.Sanu,WR,ATL,HOU,0,0,0.0,0,0.0,0.0,0.0,1,1.0,0,5,5,42.0,1,10.3,15.3,,,74.0,215.0,30.207117647058823,7.0,Rutgers,2012.0,2012.0,CIN,83.0,,0.11363637
2019,6,00-0029632,M.Sanu,WR,ATL,ARI,0,0,0.0,0,0.0,0.0,0.0,0,0.0,0,4,3,29.0,0,2.9,5.9,,,74.0,215.0,30.207117647058823,7.0,Rutgers,2012.0,2012.0,CIN,83.0,,0.11764706
2019,7,00-0029632,M.Sanu,WR,ATL,LA,0,0,0.0,0,0.0,0.0,0.0,0,0.0,0,2,1,3.0,0,0.3,1.3,,,74.0,215.0,30.207117647058823,7.0,Rutgers,2012.0,2012.0,CIN,83.0,-27.0,0.060606062
2019,8,00-0029632,M.Sanu,WR,NE,CLE,0,0,0.0,0,0.0,0.0,0.0,0,0.0,0,5,2,23.0,0,2.3,4.3,,,74.0,215.0,30.207117647058823,7.0,Rutgers,2012.0,2012.0,CIN,83.0,14.0,0.15625
2019,9,00-0029632,M.Sanu,WR,NE,BAL,0,0,0.0,0,0.0,0.0,0.0,0,0.0,0,14,10,81.0,1,14.1,24.1,,,74.0,215.0,30.207117647058823,7.0,Rutgers,2012.0,2012.0,CIN,83.0,,0.34146342
2019,11,00-0029632,M.Sanu,WR,NE,PHI,0,0,0.0,0,0.0,0.0,0.0,1,8.0,0,4,2,4.0,0,1.2,3.2,,,74.0,215.0,30.207117647058823,7.0,Rutgers,2012.0,2012.0,CIN,83.0,,0.08888889
2019,13,00-0029632,M.Sanu,WR,NE,HOU,0,0,0.0,0,0.0,0.0,0.0,0,0.0,0,5,3,14.0,0,1.4,4.4,,,74.0,215.0,30.207117647058823,7.0,Rutgers,2012.0,2012.0,CIN,83.0,,0.11111111
2019,14,00-0029632,M.Sanu,WR,NE,KC,0,0,0.0,0,0.0,0.0,0.0,0,0.0,0,1,1,13.0,0,1.3,2.3,,,74.0,215.0,30.207117647058823,7.0,Rutgers,2012.0,2012.0,CIN,83.0,-7.0,0.028571429
2019,15,00-0029632,M.Sanu,WR,NE,CIN,0,0,0.0,0,0.0,0.0,0.0,0,0.0,0,8,2,13.0,0,1.3,3.3,,,74.0,215.0,30.207117647058823,7.0,Rutgers,2012.0,2012.0,CIN,83.0,,0.2857143
2019,16,00-0029632,M.Sanu,WR,NE,BUF,0,0,0.0,0,0.0,0.0,0.0,0,0.0,0,5,3,24.0,0,2.4,5.4,,,74.0,215.0,30.207117647058823,7.0,Rutgers,2012.0,2012.0,CIN,83.0,7.0,0.15625
2019,17,00-0029632,M.Sanu,WR,NE,MIA,0,0,0.0,0,0.0,0.0,0.0,0,0.0,0,5,3,35.0,0,3.5,6.5,,,74.0,215.0,30.207117647058823,7.0,Rutgers,2012.0,2012.0,CIN,83.0,-3.0,0.1724138
2019,18,00-0029632,M.Sanu,WR,NE,TEN,0,0,0.0,0,0.0,0.0,0.0,0,0.0,0,5,1,11.0,0,1.1,2.1,,,74.0,215.0,30.207117647058823,7.0,Rutgers,2012.0,2012.0,CIN,83.0,-7.0,0.14285715
2019,1,00-0029664,J.Gordon,WR,NE,PIT,0,0,0.0,0,0.0,0.0,0.0,0,0.0,0,4,3,73.0,1,13.3,16.3,,,75.0,225.0,28.576666666666668,7.0,Baylor,2012.0,2012.0,CLE,34.0,30.0,0.10810811
2019,2,00-0029664,J.Gordon,WR,NE,MIA,0,0,0.0,0,0.0,0.0,0.0,0,0.0,0,5,2,19.0,0,1.9,3.9,,,75.0,225.0,28.576666666666668,7.0,Baylor,2012.0,2012.0,CLE,34.0,,0.17857143
2019,3,00-0029664,J.Gordon,WR,NE,NYJ,0,0,0.0,0,0.0,0.0,0.0,1,1.0,0,11,6,83.0,0,8.4,14.4,,,75.0,225.0,28.576666666666668,7.0,Baylor,2012.0,2012.0,CLE,34.0,16.0,0.25581396
2019,4,00-0029664,J.Gordon,WR,NE,BUF,0,0,0.0,0,0.0,0.0,0.0,0,0.0,0,7,3,46.0,0,4.6,7.6,,,75.0,225.0,28.576666666666668,7.0,Baylor,2012.0,2012.0,CLE,34.0,,0.20588236
2019,5,00-0029664,J.Gordon,WR,NE,WAS,0,0,0.0,0,0.0,0.0,0.0,0,0.0,0,8,5,59.0,0,5.9,10.9,,,75.0,225.0,28.576666666666668,7.0,Baylor,2012.0,2012.0,CLE,34.0,,0.2
2019,6,00-0029664,J.Gordon,WR,NE,NYG,0,0,0.0,0,0.0,0.0,0.0,0,0.0,0,1,1,7.0,0,0.7,1.7,,,75.0,225.0,28.576666666666668,7.0,Baylor,2012.0,2012.0,CLE,34.0,21.0,0.024390243
2019,10,00-0029664,J.Gordon,WR,SEA,SF,0,0,0.0,0,0.0,0.0,0.0,0,0.0,0,2,2,27.0,0,2.7,4.7,,,75.0,225.0,28.576666666666668,7.0,Baylor,2012.0,2012.0,CLE,34.0,,0.060606062
2019,12,00-0029664,J.Gordon,WR,SEA,PHI,0,0,0.0,0,0.0,0.0,0.0,0,0.0,0,2,1,10.0,0,1.0,2.0,,,75.0,225.0,28.576666666666668,7.0,Baylor,2012.0,2012.0,CLE,34.0,,0.08695652
2019,13,00-0029664,J.Gordon,WR,SEA,MIN,0,0,0.0,0,0.0,0.0,0.0,0,0.0,0,1,1,10.0,0,1.0,2.0,,,75.0,225.0,28.576666666666668,7.0,Baylor,2012.0,2012.0,CLE,34.0,7.0,0.032258064
2019,14,00-0029664,J.Gordon,WR,SEA,LA,0,0,0.0,0,0.0,0.0,0.0,0,0.0,0,5,2,34.0,0,3.4,5.4,,,75.0,225.0,28.576666666666668,7.0,Baylor,2012.0,2012.0,CLE,34.0,,0.15151516
2019,15,00-0029664,J.Gordon,WR,SEA,CAR,0,1,0.0,0,1.0,0.0,-0.0,0,0.0,0,1,1,58.0,0,3.8,4.8,,,75.0,225.0,28.576666666666668,7.0,Baylor,2012.0,2012.0,CLE,34.0,,0.04
2019,1,00-0029665,R.Griffin,QB,BAL,MIA,6,6,55.0,1,0.0,0.0,-0.0,4,9.0,0,0,0,0.0,0,7.1,7.1,,,74.0,213.0,29.73394117647059,7.0,Baylor,2012.0,2012.0,WAS,2.0,,
2019,10,00-0029665,R.Griffin,QB,BAL,CIN,3,5,20.0,0,1.0,1.0,-0.0,0,0.0,0,0,0,0.0,0,-1.2,-1.2,,,74.0,213.0,29.73394117647059,7.0,Baylor,2012.0,2012.0,WAS,2.0,,
2019,11,00-0029665,R.Griffin,QB,BAL,HOU,2,2,15.0,0,0.0,0.0,-0.0,1,-1.0,0,0,0,0.0,0,0.5,0.5,,,74.0,213.0,29.73394117647059,7.0,Baylor,2012.0,2012.0,WAS,2.0,34.0,
2019,12,00-0029665,R.Griffin,QB,BAL,LA,1,3,39.0,0,0.0,1.0,4.0,3,-3.0,0,0,0,0.0,0,1.26,1.26,,,74.0,213.0,29.73394117647059,7.0,Baylor,2012.0,2012.0,WAS,2.0,,
2019,15,00-0029665,R.Griffin,QB,BAL,NYJ,0,1,0.0,0,0.0,0.0,-0.0,4,6.0,0,0,0,0.0,0,0.6,0.6,,,74.0,213.0,29.73394117647059,7.0,Baylor,2012.0,2012.0,WAS,2.0,21.0,
2019,17,00-0029665,R.Griffin,QB,BAL,PIT,11,21,96.0,0,1.0,3.0,15.0,8,50.0,0,0,0,0.0,0,6.84,6.84,,,74.0,213.0,29.73394117647059,7.0,Baylor,2012.0,2012.0,WAS,2.0,18.0,
2019,7,00-0029692,B.Anger,P,HOU,IND,0,0,0.0,0,0.0,0.0,0.0,1,-5.0,0,0,0,0.0,0,-0.5,-0.5,,,75.0,205.0,31.093111111111114,7.0,California,2012.0,2012.0,JAX,70.0,,
2019,1,00-0029701,R.Tannehill,QB,TEN,CLE,0,0,0.0,0,0.0,0.0,0.0,2,-2.0,0,0,0,0.0,0,-0.2,-0.2,,,76.0,207.0,31.296526315789475,7.0,Texas A&amp;M,2012.0,2012.0,MIA,8.0,,
2019,6,00-0029701,R.Tannehill,QB,TEN,DEN,13,16,144.0,0,1.0,4.0,35.0,1,6.0,0,0,0,0.0,0,4.36,4.36,,,76.0,207.0,31.296526315789475,7.0,Texas A&amp;M,2012.0,2012.0,MIA,8.0,,
2019,7,00-0029701,R.Tannehill,QB,TEN,LAC,23,29,312.0,2,1.0,2.0,17.0,5,7.0,0,0,0,0.0,0,19.18,19.18,,,76.0,207.0,31.296526315789475,7.0,Texas A&amp;M,2012.0,2012.0,MIA,8.0,3.0,
2019,8,00-0029701,R.Tannehill,QB,TEN,TB,21,33,193.0,3,0.0,3.0,19.0,4,-3.0,0,0,0,0.0,0,19.42,19.42,,,76.0,207.0,31.296526315789475,7.0,Texas A&amp;M,2012.0,2012.0,MIA,8.0,4.0,
2019,9,00-0029701,R.Tannehill,QB,TEN,CAR,27,39,331.0,1,2.0,4.0,21.0,4,38.0,1,0,0,0.0,0,23.04,23.04,,,76.0,207.0,31.296526315789475,7.0,Texas A&amp;M,2012.0,2012.0,MIA,8.0,,
2019,10,00-0029701,R.Tannehill,QB,TEN,KC,13,19,181.0,2,0.0,4.0,35.0,3,37.0,0,0,0,0.0,0,18.94,18.94,,,76.0,207.0,31.296526315789475,7.0,Texas A&amp;M,2012.0,2012.0,MIA,8.0,3.0,
2019,12,00-0029701,R.Tannehill,QB,TEN,JAX,14,18,259.0,2,0.0,1.0,7.0,7,40.0,2,0,0,0.0,0,32.36,32.36,,,76.0,207.0,31.296526315789475,7.0,Texas A&amp;M,2012.0,2012.0,MIA,8.0,22.0,
2019,13,00-0029701,R.Tannehill,QB,TEN,IND,17,22,182.0,2,0.0,6.0,44.0,4,5.0,0,0,0,0.0,0,13.78,13.78,,,76.0,207.0,31.296526315789475,7.0,Texas A&amp;M,2012.0,2012.0,MIA,8.0,,
2019,14,00-0029701,R.Tannehill,QB,TEN,LV,21,27,391.0,3,1.0,0.0,-0.0,4,19.0,0,0,0,0.0,0,27.54,27.54,,,76.0,207.0,31.296526315789475,7.0,Texas A&amp;M,2012.0,2012.0,MIA,8.0,,
2019,15,00-0029701,R.Tannehill,QB,TEN,HOU,22,36,279.0,2,1.0,2.0,10.0,3,10.0,1,0,0,0.0,0,24.16,24.16,,,76.0,207.0,31.296526315789475,7.0,Texas A&amp;M,2012.0,2012.0,MIA,8.0,-3.0,
2019,16,00-0029701,R.Tannehill,QB,TEN,NO,17,27,272.0,3,0.0,5.0,24.0,1,8.0,0,0,0,0.0,0,23.68,23.68,,,76.0,207.0,31.296526315789475,7.0,Texas A&amp;M,2012.0,2012.0,MIA,8.0,-10.0,
2019,17,00-0029701,R.Tannehill,QB,TEN,HOU,13,20,198.0,2,0.0,0.0,-0.0,5,20.0,0,0,0,0.0,0,17.92,17.92,,,76.0,207.0,31.296526315789475,7.0,Texas A&amp;M,2012.0,2012.0,MIA,8.0,,
2019,18,00-0029701,R.Tannehill,QB,TEN,NE,8,15,72.0,1,1.0,1.0,5.0,4,11.0,0,0,0,0.0,0,5.98,5.98,,,76.0,207.0,31.296526315789475,7.0,Texas A&amp;M,2012.0,2012.0,MIA,8.0,,
2019,19,00-0029701,R.Tannehill,QB,TEN,BAL,7,14,88.0,2,0.0,1.0,8.0,6,13.0,1,0,0,0.0,0,18.82,18.82,,,76.0,207.0,31.296526315789475,7.0,Texas A&amp;M,2012.0,2012.0,MIA,8.0,,
2019,20,00-0029701,R.Tannehill,QB,TEN,KC,21,31,209.0,2,0.0,3.0,27.0,3,11.0,0,0,0,0.0,0,17.46,17.46,,,76.0,207.0,31.296526315789475,7.0,Texas A&amp;M,2012.0,2012.0,MIA,8.0,,
2019,1,00-0029738,D.Fells,TE,HOU,NO,0,0,0.0,0,0.0,0.0,0.0,0,0.0,0,1,0,0.0,0,0.0,0.0,,,79.0,270.0,33.551833333333335,6.0,California-Irvine,2013.0,2013.0,,,,0.03448276
2019,2,00-0029738,D.Fells,TE,HOU,JAX,0,0,0.0,0,0.0,0.0,0.0,0,0.0,0,3,1,9.0,0,0.9,1.9,,,79.0,270.0,33.551833333333335,6.0,California-Irvine,2013.0,2013.0,,,1.0,0.10344828
2019,3,00-0029738,D.Fells,TE,HOU,LAC,0,0,0.0,0,0.0,0.0,0.0,0,0.0,0,6,5,49.0,1,10.9,15.9,,,79.0,270.0,33.551833333333335,6.0,California-Irvine,2013.0,2013.0,,,,0.1764706
2019,4,00-0029738,D.Fells,TE,HOU,CAR,0,0,0.0,0,0.0,0.0,0.0,0,0.0,0,1,1,12.0,0,1.2,2.2,,,79.0,270.0,33.551833333333335,6.0,California-Irvine,2013.0,2013.0,,,-6.0,0.03125
2019,5,00-0029738,D.Fells,TE,HOU,ATL,0,0,0.0,0,0.0,0.0,0.0,0,0.0,0,2,2,20.0,2,14.0,16.0,,,79.0,270.0,33.551833333333335,6.0,California-Irvine,2013.0,2013.0,,,21.0,0.060606062
2019,6,00-0029738,D.Fells,TE,HOU,KC,0,0,0.0,0,0.0,0.0,0.0,0,0.0,0,7,6,69.0,0,6.9,12.9,,,79.0,270.0,33.551833333333335,6.0,California-Irvine,2013.0,2013.0,,,,0.16666667
2019,7,00-0029738,D.Fells,TE,HOU,IND,0,0,0.0,0,0.0,0.0,0.0,0,0.0,0,2,2,27.0,0,2.7,4.7,,,79.0,270.0,33.551833333333335,6.0,California-Irvine,2013.0,2013.0,,,,0.060606062
2019,8,00-0029738,D.Fells,TE,HOU,LV,0,0,0.0,0,0.0,0.0,0.0,0,0.0,0,6,6,58.0,2,17.8,23.8,,,79.0,270.0,33.551833333333335,6.0,California-Irvine,2013.0,2013.0,,,3.0,0.15789473
2019,9,00-0029738,D.Fells,TE,HOU,JAX,0,0,0.0,0,0.0,0.0,0.0,0,0.0,0,3,1,1.0,1,6.1,7.1,,,79.0,270.0,33.551833333333335,6.0,California-Irvine,2013.0,2013.0,,,,0.10714286
2019,11,00-0029738,D.Fells,TE,HOU,BAL,0,0,0.0,0,0.0,0.0,0.0,0,0.0,0,3,1,18.0,0,1.8,2.8,,,79.0,270.0,33.551833333333335,6.0,California-Irvine,2013.0,2013.0,,,,0.1
2019,12,00-0029738,D.Fells,TE,HOU,IND,0,0,0.0,0,0.0,0.0,0.0,0,0.0,0,2,1,24.0,0,2.4,3.4,,,79.0,270.0,33.551833333333335,6.0,California-Irvine,2013.0,2013.0,,,3.0,0.071428575
2019,13,00-0029738,D.Fells,TE,HOU,NE,0,0,0.0,0,0.0,0.0,0.0,0,0.0,0,3,2,23.0,1,8.3,10.3,,,79.0,270.0,33.551833333333335,6.0,California-Irvine,2013.0,2013.0,,,6.0,0.115384616
2019,14,00-0029738,D.Fells,TE,HOU,DEN,0,0,0.0,0,0.0,0.0,0.0,0,0.0,0,4,2,2.0,0,0.2,2.2,,,79.0,270.0,33.551833333333335,6.0,California-Irvine,2013.0,2013.0,,,-14.0,0.08510638
2019,15,00-0029738,D.Fells,TE,HOU,TEN,0,0,0.0,0,0.0,0.0,0.0,0,0.0,0,2,1,2.0,0,0.2,1.2,,,79.0,270.0,33.551833333333335,6.0,California-Irvine,2013.0,2013.0,,,,0.08
2019,16,00-0029738,D.Fells,TE,HOU,TB,0,0,0.0,0,0.0,0.0,0.0,0,0.0,0,3,3,27.0,0,2.7,5.7,,,79.0,270.0,33.551833333333335,6.0,California-Irvine,2013.0,2013.0,,,,0.09375
2019,18,00-0029738,D.Fells,TE,HOU,BUF,0,0,0.0,0,0.0,0.0,0.0,0,0.0,0,5,4,37.0,0,3.7,7.7,,,79.0,270.0,33.551833333333335,6.0,California-Irvine,2013.0,2013.0,,,3.0,0.2
2019,19,00-0029738,D.Fells,TE,HOU,KC,0,0,0.0,0,0.0,0.0,0.0,0,0.0,0,7,3,22.0,1,8.2,11.2,,,79.0,270.0,33.551833333333335,6.0,California-Irvine,2013.0,2013.0,,,,0.14
2019,16,00-0029764,C.Davis,FS,JAX,ATL,0,0,0.0,0,0.0,0.0,0.0,0,0.0,0,1,1,7.0,0,0.7,1.7,,,74.0,203.0,30.4075625,6.0,Texas Tech,2013.0,2013.0,,,,0.032258064
2019,1,00-0029854,C.Anderson,RB,DET,ARI,0,0,0.0,0,0.0,0.0,0.0,11,35.0,0,0,0,0.0,0,3.5,3.5,,,68.0,224.0,28.7326875,6.0,California,2013.0,2013.0,,,,
2019,2,00-0029854,C.Anderson,RB,DET,LAC,0,0,0.0,0,0.0,0.0,0.0,5,8.0,0,0,0,0.0,0,0.8,0.8,,,68.0,224.0,28.7326875,6.0,California,2013.0,2013.0,,,3.0,
2019,14,00-0029857,R.Griffin,QB,TB,IND,2,4,18.0,0,0.0,0.0,-0.0,0,0.0,0,0,0,0.0,0,0.72,0.72,,,77.0,210.0,29.962,6.0,Tulane,2013.0,2013.0,,,3.0,
2019,15,00-0029857,R.Griffin,QB,TB,DET,0,0,0.0,0,0.0,0.0,0.0,4,-1.0,0,0,0,0.0,0,-0.1,-0.1,,,77.0,210.0,29.962,6.0,Tulane,2013.0,2013.0,,,,
2019,2,00-0029892,K.Juszczyk,FB,SF,CIN,0,0,0.0,0,0.0,0.0,0.0,1,6.0,0,2,1,5.0,0,1.1,2.1,,,73.0,240.0,28.57005263157895,6.0,Harvard,2013.0,2013.0,BAL,130.0,,0.07692308
2019,3,00-0029892,K.Juszczyk,FB,SF,PIT,0,0,0.0,0,0.0,0.0,0.0,0,0.0,0,3,3,51.0,0,5.1,8.1,,,73.0,240.0,28.57005263157895,6.0,Harvard,2013.0,2013.0,BAL,130.0,4.0,0.09677419
2019,5,00-0029892,K.Juszczyk,FB,SF,CLE,0,0,0.0,0,0.0,0.0,0.0,0,0.0,0,3,2,20.0,0,2.0,4.0,,,73.0,240.0,28.57005263157895,6.0,Harvard,2013.0,2013.0,BAL,130.0,28.0,0.10714286
2019,10,00-0029892,K.Juszczyk,FB,SF,SEA,0,0,0.0,0,0.0,0.0,0.0,0,0.0,0,1,0,0.0,0,0.0,0.0,,,73.0,240.0,28.57005263157895,6.0,Harvard,2013.0,2013.0,BAL,130.0,-3.0,0.022727273
2019,11,00-0029892,K.Juszczyk,FB,SF,ARI,0,0,0.0,0,0.0,0.0,0.0,0,0.0,0,7,7,63.0,0,6.3,13.3,,,73.0,240.0,28.57005263157895,6.0,Harvard,2013.0,2013.0,BAL,130.0,10.0,0.1590909
2019,14,00-0029892,K.Juszczyk,FB,SF,NO,0,0,0.0,0,0.0,0.0,0.0,0,0.0,0,3,3,22.0,0,2.2,5.2,,,73.0,240.0,28.57005263157895,6.0,Harvard,2013.0,2013.0,BAL,130.0,,0.08571429
2019,15,00-0029892,K.Juszczyk,FB,SF,ATL,0,0,0.0,0,0.0,0.0,0.0,2,1.0,0,2,2,6.0,1,6.7,8.7,,,73.0,240.0,28.57005263157895,6.0,Harvard,2013.0,2013.0,BAL,130.0,-7.0,0.060606062
2019,16,00-0029892,K.Juszczyk,FB,SF,LA,0,0,0.0,0,0.0,0.0,0.0,0,0.0,0,2,1,23.0,0,2.3,3.3,,,73.0,240.0,28.57005263157895,6.0,Harvard,2013.0,2013.0,BAL,130.0,3.0,0.074074075
2019,17,00-0029892,K.Juszczyk,FB,SF,SEA,0,0,0.0,0,0.0,0.0,0.0,0,0.0,0,1,1,49.0,0,4.9,5.9,,,73.0,240.0,28.57005263157895,6.0,Harvard,2013.0,2013.0,BAL,130.0,,0.045454547
2019,21,00-0029892,K.Juszczyk,FB,SF,KC,0,0,0.0,0,0.0,0.0,0.0,0,0.0,0,3,3,39.0,1,9.9,12.9,,,73.0,240.0,28.57005263157895,6.0,Harvard,2013.0,2013.0,BAL,130.0,,0.09677419
2019,2,00-0029931,Z.Line,FB,NO,LA,0,0,0.0,0,0.0,0.0,0.0,0,0.0,0,1,0,0.0,0,0.0,0.0,,,73.0,233.0,29.53229411764706,6.0,Southern Methodist,2013.0,2013.0,,,,0.03125
2019,3,00-0029931,Z.Line,FB,NO,SEA,0,0,0.0,0,0.0,0.0,0.0,1,0.0,0,0,0,0.0,0,0.0,0.0,,,73.0,233.0,29.53229411764706,6.0,Southern Methodist,2013.0,2013.0,,,,
2019,4,00-0029931,Z.Line,FB,NO,DAL,0,0,0.0,0,0.0,0.0,0.0,0,0.0,0,1,1,3.0,0,0.3,1.3,,,73.0,233.0,29.53229411764706,6.0,Southern Methodist,2013.0,2013.0,,,2.0,0.033333335
2019,7,00-0029931,Z.Line,FB,NO,CHI,0,0,0.0,0,0.0,0.0,0.0,1,3.0,0,3,1,12.0,0,1.5,2.5,,,73.0,233.0,29.53229411764706,6.0,Southern Methodist,2013.0,2013.0,,,,0.083333336
2019,8,00-0029931,Z.Line,FB,NO,ARI,0,0,0.0,0,0.0,0.0,0.0,2,8.0,0,2,1,11.0,0,1.9,2.9,,,73.0,233.0,29.53229411764706,6.0,Southern Methodist,2013.0,2013.0,,,22.0,0.046511628
2019,10,00-0029931,Z.Line,FB,NO,ATL,0,0,0.0,0,0.0,0.0,0.0,0,0.0,0,2,2,5.0,0,0.5,2.5,,,73.0,233.0,29.53229411764706,6.0,Southern Methodist,2013.0,2013.0,,,-17.0,0.045454547
2019,11,00-0029931,Z.Line,FB,NO,TB,0,0,0.0,0,0.0,0.0,0.0,1,5.0,0,1,1,5.0,0,1.0,2.0,,,73.0,233.0,29.53229411764706,6.0,Southern Methodist,2013.0,2013.0,,,,0.029411765
2019,15,00-0029931,Z.Line,FB,NO,IND,0,0,0.0,0,0.0,0.0,0.0,2,4.0,0,0,0,0.0,0,0.4,0.4,,,73.0,233.0,29.53229411764706,6.0,Southern Methodist,2013.0,2013.0,,,27.0,
2019,1,00-0030035,A.Thielen,WR,MIN,ATL,0,0,0.0,0,0.0,0.0,0.0,0,0.0,0,3,3,43.0,1,10.3,13.3,,,74.0,200.0,29.215944444444446,6.0,Minn. State-Mankato,2013.0,2013.0,,,16.0,0.33333334
2019,2,00-0030035,A.Thielen,WR,MIN,GB,0,0,0.0,0,0.0,0.0,0.0,0,0.0,0,8,5,75.0,0,7.5,12.5,,,74.0,200.0,29.215944444444446,6.0,Minn. State-Mankato,2013.0,2013.0,,,,0.2962963
2019,3,00-0030035,A.Thielen,WR,MIN,LV,0,0,0.0,0,0.0,0.0,0.0,1,1.0,1,5,3,55.0,1,17.6,20.6,,,74.0,200.0,29.215944444444446,6.0,Minn. State-Mankato,2013.0,2013.0,,,20.0,0.25
2019,4,00-0030035,A.Thielen,WR,MIN,CHI,0,0,0.0,0,0.0,0.0,0.0,0,0.0,0,6,2,6.0,0,0.6,2.6,,,74.0,200.0,29.215944444444446,6.0,Minn. State-Mankato,2013.0,2013.0,,,,0.17142858
2019,5,00-0030035,A.Thielen,WR,MIN,NYG,0,0,0.0,0,0.0,0.0,0.0,0,0.0,0,8,7,130.0,2,25.0,32.0,,,74.0,200.0,29.215944444444446,6.0,Minn. State-Mankato,2013.0,2013.0,,,,0.33333334
2019,6,00-0030035,A.Thielen,WR,MIN,PHI,0,0,0.0,0,0.0,0.0,0.0,1,0.0,0,8,6,57.0,1,11.7,17.7,,,74.0,200.0,29.215944444444446,6.0,Minn. State-Mankato,2013.0,2013.0,,,18.0,0.2857143
2019,7,00-0030035,A.Thielen,WR,MIN,DET,0,0,0.0,0,0.0,0.0,0.0,0,0.0,0,2,1,25.0,1,8.5,9.5,,,74.0,200.0,29.215944444444446,6.0,Minn. State-Mankato,2013.0,2013.0,,,,0.060606062
2019,9,00-0030035,A.Thielen,WR,MIN,KC,0,0,0.0,0,0.0,0.0,0.0,0,0.0,0,1,0,0.0,0,0.0,0.0,,,74.0,200.0,29.215944444444446,6.0,Minn. State-Mankato,2013.0,2013.0,,,,0.027027028
2019,15,00-0030035,A.Thielen,WR,MIN,LAC,0,0,0.0,0,0.0,0.0,0.0,1,3.0,0,3,3,27.0,0,3.0,6.0,,,74.0,200.0,29.215944444444446,6.0,Minn. State-Mankato,2013.0,2013.0,,,,0.125
2019,16,00-0030035,A.Thielen,WR,MIN,GB,0,0,0.0,0,0.0,0.0,0.0,1,2.0,0,4,0,0.0,0,0.2,0.2,,,74.0,200.0,29.215944444444446,6.0,Minn. State-Mankato,2013.0,2013.0,,,-13.0,0.13333334
2019,18,00-0030035,A.Thielen,WR,MIN,NO,0,0,0.0,0,0.0,0.0,0.0,1,3.0,0,9,7,129.0,0,11.2,18.2,,,74.0,200.0,29.215944444444446,6.0,Minn. State-Mankato,2013.0,2013.0,,,,0.29032257
2019,19,00-0030035,A.Thielen,WR,MIN,SF,0,0,0.0,0,0.0,0.0,0.0,0,0.0,0,7,5,50.0,0,5.0,10.0,,,74.0,200.0,29.215944444444446,6.0,Minn. State-Mankato,2013.0,2013.0,,,,0.2413793
2019,1,00-0030061,Z.Ertz,TE,PHI,WAS,0,0,0.0,0,0.0,0.0,0.0,0,0.0,0,7,5,54.0,0,5.4,10.4,,,77.0,250.0,28.988823529411764,6.0,Stanford,2013.0,2013.0,PHI,35.0,5.0,0.17948718
2019,2,00-0030061,Z.Ertz,TE,PHI,ATL,0,0,0.0,0,0.0,0.0,0.0,0,0.0,0,16,8,72.0,0,9.2,17.2,,,77.0,250.0,28.988823529411764,6.0,Stanford,2013.0,2013.0,PHI,35.0,,0.34042552
2019,3,00-0030061,Z.Ertz,TE,PHI,DET,0,0,0.0,0,0.0,0.0,0.0,0,0.0,0,7,4,64.0,0,6.4,10.4,,,77.0,250.0,28.988823529411764,6.0,Stanford,2013.0,2013.0,PHI,35.0,-3.0,0.19444445
2019,4,00-0030061,Z.Ertz,TE,PHI,GB,0,0,0.0,0,0.0,0.0,0.0,0,0.0,0,8,7,65.0,0,6.5,13.5,,,77.0,250.0,28.988823529411764,6.0,Stanford,2013.0,2013.0,PHI,35.0,,0.2962963
2019,5,00-0030061,Z.Ertz,TE,PHI,NYJ,0,0,0.0,0,0.0,0.0,0.0,0,0.0,0,7,5,57.0,1,11.7,16.7,,,77.0,250.0,28.988823529411764,6.0,Stanford,2013.0,2013.0,PHI,35.0,25.0,0.25
2019,6,00-0030061,Z.Ertz,TE,PHI,MIN,0,0,0.0,0,0.0,0.0,0.0,0,0.0,0,9,4,54.0,0,3.4,7.4,,,77.0,250.0,28.988823529411764,6.0,Stanford,2013.0,2013.0,PHI,35.0,,0.2195122
2019,7,00-0030061,Z.Ertz,TE,PHI,DAL,0,0,0.0,0,0.0,0.0,0.0,0,0.0,0,6,2,38.0,0,3.8,5.8,,,77.0,250.0,28.988823529411764,6.0,Stanford,2013.0,2013.0,PHI,35.0,,0.24
2019,8,00-0030061,Z.Ertz,TE,PHI,BUF,0,0,0.0,0,0.0,0.0,0.0,0,0.0,0,4,2,20.0,0,2.0,4.0,,,77.0,250.0,28.988823529411764,6.0,Stanford,2013.0,2013.0,PHI,35.0,,0.16666667
2019,9,00-0030061,Z.Ertz,TE,PHI,CHI,0,0,0.0,0,0.0,0.0,0.0,0,0.0,0,11,9,103.0,1,16.3,25.3,,,77.0,250.0,28.988823529411764,6.0,Stanford,2013.0,2013.0,PHI,35.0,8.0,0.2820513
2019,11,00-0030061,Z.Ertz,TE,PHI,NE,0,0,0.0,0,0.0,0.0,0.0,0,0.0,0,11,9,94.0,0,9.4,18.4,,,77.0,250.0,28.988823529411764,6.0,Stanford,2013.0,2013.0,PHI,35.0,-7.0,0.28947368
2019,12,00-0030061,Z.Ertz,TE,PHI,SEA,0,0,0.0,0,0.0,0.0,0.0,0,0.0,0,14,12,91.0,1,15.1,27.1,,,77.0,250.0,28.988823529411764,6.0,Stanford,2013.0,2013.0,PHI,35.0,-8.0,0.31111112
2019,13,00-0030061,Z.Ertz,TE,PHI,MIA,0,0,0.0,0,0.0,0.0,0.0,0,0.0,0,6,3,24.0,0,2.4,5.4,,,77.0,250.0,28.988823529411764,6.0,Stanford,2013.0,2013.0,PHI,35.0,,0.13333334
2019,14,00-0030061,Z.Ertz,TE,PHI,NYG,0,0,0.0,0,0.0,0.0,0.0,0,0.0,0,13,9,91.0,2,21.1,30.1,,,77.0,250.0,28.988823529411764,6.0,Stanford,2013.0,2013.0,PHI,35.0,6.0,0.26
2019,15,00-0030061,Z.Ertz,TE,PHI,WAS,0,0,0.0,0,0.0,0.0,0.0,0,0.0,0,10,5,61.0,1,12.1,17.1,,,77.0,250.0,28.988823529411764,6.0,Stanford,2013.0,2013.0,PHI,35.0,,0.25
2019,16,00-0030061,Z.Ertz,TE,PHI,DAL,0,0,0.0,0,0.0,0.0,0.0,0,0.0,0,6,4,28.0,0,2.8,6.8,,,77.0,250.0,28.988823529411764,6.0,Stanford,2013.0,2013.0,PHI,35.0,8.0,0.15
2019,18,00-0030061,Z.Ertz,TE,PHI,SEA,0,0,0.0,0,0.0,0.0,0.0,0,0.0,0,4,2,44.0,0,4.4,6.4,,,77.0,250.0,28.988823529411764,6.0,Stanford,2013.0,2013.0,PHI,35.0,-8.0,0.16
2019,1,00-0030068,M.Goodwin,WR,SF,TB,0,0,0.0,0,0.0,0.0,0.0,0,0.0,0,3,1,7.0,0,0.7,1.7,,,69.0,179.0,28.99431578947369,6.0,Texas,2013.0,2013.0,BUF,78.0,,0.11111111
2019,2,00-0030068,M.Goodwin,WR,SF,CIN,0,0,0.0,0,0.0,0.0,0.0,0,0.0,0,3,3,77.0,1,13.7,16.7,,,69.0,179.0,28.99431578947369,6.0,Texas,2013.0,2013.0,BUF,78.0,,0.115384616
2019,3,00-0030068,M.Goodwin,WR,SF,PIT,0,0,0.0,0,0.0,0.0,0.0,0,0.0,0,2,2,41.0,0,4.1,6.1,,,69.0,179.0,28.99431578947369,6.0,Texas,2013.0,2013.0,BUF,78.0,4.0,0.06451613
2019,5,00-0030068,M.Goodwin,WR,SF,CLE,0,0,0.0,0,0.0,0.0,0.0,1,15.0,0,4,3,41.0,0,5.6,8.6,,,69.0,179.0,28.99431578947369,6.0,Texas,2013.0,2013.0,BUF,78.0,28.0,0.14285715
2019,6,00-0030068,M.Goodwin,WR,SF,LA,0,0,0.0,0,0.0,0.0,0.0,0,0.0,0,3,2,15.0,0,1.5,3.5,,,69.0,179.0,28.99431578947369,6.0,Texas,2013.0,2013.0,BUF,78.0,,0.09677419
2019,7,00-0030068,M.Goodwin,WR,SF,WAS,0,0,0.0,0,0.0,0.0,0.0,0,0.0,0,1,0,0.0,0,0.0,0.0,,,69.0,179.0,28.99431578947369,6.0,Texas,2013.0,2013.0,BUF,78.0,,0.05
2019,10,00-0030068,M.Goodwin,WR,SF,SEA,0,0,0.0,0,0.0,0.0,0.0,0,0.0,0,3,0,0.0,0,0.0,0.0,,,69.0,179.0,28.99431578947369,6.0,Texas,2013.0,2013.0,BUF,78.0,-3.0,0.06818182
2019,11,00-0030068,M.Goodwin,WR,SF,ARI,0,0,0.0,0,0.0,0.0,0.0,0,0.0,0,2,1,5.0,0,0.5,1.5,,,69.0,179.0,28.99431578947369,6.0,Texas,2013.0,2013.0,BUF,78.0,10.0,0.045454547
2019,1,00-0030085,K.Stills,WR,HOU,NO,0,0,0.0,0,0.0,0.0,0.0,0,0.0,0,3,3,37.0,1,9.7,12.7,,,73.0,202.0,27.550333333333334,6.0,Oklahoma,2013.0,2013.0,NO,144.0,,0.10344828
2019,2,00-0030085,K.Stills,WR,HOU,JAX,0,0,0.0,0,0.0,0.0,0.0,0,0.0,0,3,2,38.0,0,3.8,5.8,,,73.0,202.0,27.550333333333334,6.0,Oklahoma,2013.0,2013.0,NO,144.0,1.0,0.10344828
2019,3,00-0030085,K.Stills,WR,HOU,LAC,0,0,0.0,0,0.0,0.0,0.0,0,0.0,0,6,4,89.0,0,8.9,12.9,,,73.0,202.0,27.550333333333334,6.0,Oklahoma,2013.0,2013.0,NO,144.0,,0.1764706
2019,4,00-0030085,K.Stills,WR,HOU,CAR,0,0,0.0,0,0.0,0.0,0.0,0,0.0,0,2,2,24.0,0,2.4,4.4,,,73.0,202.0,27.550333333333334,6.0,Oklahoma,2013.0,2013.0,NO,144.0,-6.0,0.0625
2019,7,00-0030085,K.Stills,WR,HOU,IND,0,0,0.0,0,0.0,0.0,0.0,0,0.0,0,5,4,105.0,0,10.5,14.5,,,73.0,202.0,27.550333333333334,6.0,Oklahoma,2013.0,2013.0,NO,144.0,,0.15151516
2019,8,00-0030085,K.Stills,WR,HOU,LV,0,0,0.0,0,0.0,0.0,0.0,0,0.0,0,5,3,22.0,0,2.2,5.2,,,73.0,202.0,27.550333333333334,6.0,Oklahoma,2013.0,2013.0,NO,144.0,3.0,0.13157895
2019,9,00-0030085,K.Stills,WR,HOU,JAX,0,0,0.0,0,0.0,0.0,0.0,0,0.0,0,4,4,52.0,0,5.2,9.2,,,73.0,202.0,27.550333333333334,6.0,Oklahoma,2013.0,2013.0,NO,144.0,,0.14285715
2019,11,00-0030085,K.Stills,WR,HOU,BAL,0,0,0.0,0,0.0,0.0,0.0,0,0.0,0,7,4,27.0,0,2.7,6.7,,,73.0,202.0,27.550333333333334,6.0,Oklahoma,2013.0,2013.0,NO,144.0,,0.23333333
2019,12,00-0030085,K.Stills,WR,HOU,IND,0,0,0.0,0,0.0,0.0,0.0,0,0.0,0,2,1,6.0,0,0.6,1.6,,,73.0,202.0,27.550333333333334,6.0,Oklahoma,2013.0,2013.0,NO,144.0,3.0,0.071428575
2019,13,00-0030085,K.Stills,WR,HOU,NE,0,0,0.0,0,0.0,0.0,0.0,0,0.0,0,4,3,61.0,1,12.1,15.1,,,73.0,202.0,27.550333333333334,6.0,Oklahoma,2013.0,2013.0,NO,144.0,6.0,0.15384616
2019,14,00-0030085,K.Stills,WR,HOU,DEN,0,0,0.0,0,0.0,0.0,0.0,0,0.0,0,2,2,8.0,0,0.8,2.8,,,73.0,202.0,27.550333333333334,6.0,Oklahoma,2013.0,2013.0,NO,144.0,-14.0,0.04255319
2019,15,00-0030085,K.Stills,WR,HOU,TEN,0,0,0.0,0,0.0,0.0,0.0,0,0.0,0,3,3,35.0,2,15.5,18.5,,,73.0,202.0,27.550333333333334,6.0,Oklahoma,2013.0,2013.0,NO,144.0,,0.12
2019,16,00-0030085,K.Stills,WR,HOU,TB,0,0,0.0,0,0.0,0.0,0.0,0,0.0,0,9,5,57.0,0,5.7,10.7,,,73.0,202.0,27.550333333333334,6.0,Oklahoma,2013.0,2013.0,NO,144.0,,0.28125
2019,18,00-0030085,K.Stills,WR,HOU,BUF,0,0,0.0,0,0.0,0.0,0.0,0,0.0,0,5,4,46.0,0,4.6,8.6,,,73.0,202.0,27.550333333333334,6.0,Oklahoma,2013.0,2013.0,NO,144.0,3.0,0.2
2019,19,00-0030085,K.Stills,WR,HOU,KC,0,0,0.0,0,0.0,1.0,14.0,0,0.0,0,6,3,80.0,1,14.0,17.0,,,73.0,202.0,27.550333333333334,6.0,Oklahoma,2013.0,2013.0,NO,144.0,,0.12
2019,4,00-0030089,L.Willson,TE,SEA,ARI,0,0,0.0,0,0.0,0.0,0.0,0,0.0,0,2,2,26.0,0,2.6,4.6,,,77.0,254.0,29.816888888888887,6.0,Rice,2013.0,2013.0,SEA,158.0,,0.074074075
2019,5,00-0030089,L.Willson,TE,SEA,LA,0,0,0.0,0,0.0,0.0,0.0,0,0.0,0,1,1,10.0,0,1.0,2.0,,,77.0,254.0,29.816888888888887,6.0,Rice,2013.0,2013.0,SEA,158.0,1.0,0.045454547
2019,6,00-0030089,L.Willson,TE,SEA,CLE,0,0,0.0,0,0.0,0.0,0.0,0,0.0,0,3,2,16.0,0,1.6,3.6,,,77.0,254.0,29.816888888888887,6.0,Rice,2013.0,2013.0,SEA,158.0,,0.09375
2019,7,00-0030089,L.Willson,TE,SEA,BAL,0,0,0.0,0,0.0,0.0,0.0,0,0.0,0,1,0,0.0,0,0.0,0.0,,,77.0,254.0,29.816888888888887,6.0,Rice,2013.0,2013.0,SEA,158.0,-14.0,0.02631579
2019,8,00-0030089,L.Willson,TE,SEA,ATL,0,0,0.0,0,0.0,0.0,0.0,0,0.0,0,1,1,7.0,0,0.7,1.7,,,77.0,254.0,29.816888888888887,6.0,Rice,2013.0,2013.0,SEA,158.0,,0.05
2019,9,00-0030089,L.Willson,TE,SEA,TB,0,0,0.0,0,0.0,0.0,0.0,0,0.0,0,2,2,20.0,0,2.0,4.0,,,77.0,254.0,29.816888888888887,6.0,Rice,2013.0,2013.0,SEA,158.0,6.0,0.046511628
2019,19,00-0030089,L.Willson,TE,SEA,GB,0,0,0.0,0,0.0,0.0,0.0,1,1.0,0,1,1,8.0,0,0.9,1.9,,,77.0,254.0,29.816888888888887,6.0,Rice,2013.0,2013.0,SEA,158.0,,0.035714287
2019,7,00-0030090,M.Hyde,FS,BUF,MIA,0,0,0.0,0,0.0,0.0,0.0,0,0.0,0,0,0,0.0,0,6.0,6.0,,,72.0,197.0,28.85329411764706,6.0,Iowa,2013.0,2013.0,GB,159.0,10.0,
2019,2,00-0030097,D.Quessenberry,T,TEN,IND,0,0,0.0,0,0.0,0.0,0.0,0,0.0,0,1,1,1.0,1,6.1,7.1,,,77.0,310.0,29.221263157894736,6.0,San Jose State,2013.0,2013.0,HOU,176.0,-2.0,0.03846154
2019,1,00-0030108,R.Griffin,TE,NYJ,BUF,0,0,0.0,0,0.0,0.0,0.0,0,0.0,0,4,3,10.0,0,1.0,4.0,,,78.0,255.0,29.8155,6.0,Connecticut,2013.0,2013.0,HOU,201.0,-1.0,0.09756097
2019,2,00-0030108,R.Griffin,TE,NYJ,CLE,0,0,0.0,0,0.0,0.0,0.0,0,0.0,0,1,0,0.0,0,0.0,0.0,,,78.0,255.0,29.8155,6.0,Connecticut,2013.0,2013.0,HOU,201.0,-20.0,0.033333335
2019,3,00-0030108,R.Griffin,TE,NYJ,NE,0,0,0.0,0,0.0,0.0,0.0,0,0.0,0,1,1,5.0,0,0.5,1.5,,,78.0,255.0,29.8155,6.0,Connecticut,2013.0,2013.0,HOU,201.0,,0.045454547
2019,5,00-0030108,R.Griffin,TE,NYJ,PHI,0,0,0.0,0,0.0,0.0,0.0,0,0.0,0,1,1,2.0,0,0.2,1.2,,,78.0,255.0,29.8155,6.0,Connecticut,2013.0,2013.0,HOU,201.0,,0.04
2019,6,00-0030108,R.Griffin,TE,NYJ,DAL,0,0,0.0,0,0.0,0.0,0.0,0,0.0,0,3,3,28.0,1,8.8,11.8,,,78.0,255.0,29.8155,6.0,Connecticut,2013.0,2013.0,HOU,201.0,2.0,0.1
2019,7,00-0030108,R.Griffin,TE,NYJ,NE,0,0,0.0,0,0.0,0.0,0.0,0,0.0,0,2,1,1.0,0,0.1,1.1,,,78.0,255.0,29.8155,6.0,Connecticut,2013.0,2013.0,HOU,201.0,-33.0,0.06451613
2019,8,00-0030108,R.Griffin,TE,NYJ,JAX,0,0,0.0,0,0.0,0.0,0.0,0,0.0,0,4,4,66.0,2,20.6,24.6,,,78.0,255.0,29.8155,6.0,Connecticut,2013.0,2013.0,HOU,201.0,,0.13793103
2019,9,00-0030108,R.Griffin,TE,NYJ,MIA,0,0,0.0,0,0.0,0.0,0.0,0,0.0,0,8,6,50.0,0,5.0,11.0,,,78.0,255.0,29.8155,6.0,Connecticut,2013.0,2013.0,HOU,201.0,,0.22222222
2019,10,00-0030108,R.Griffin,TE,NYJ,NYG,0,0,0.0,0,0.0,0.0,0.0,0,0.0,0,1,1,-2.0,0,-0.2,0.8,,,78.0,255.0,29.8155,6.0,Connecticut,2013.0,2013.0,HOU,201.0,7.0,0.037037037
2019,11,00-0030108,R.Griffin,TE,NYJ,WAS,0,0,0.0,0,0.0,0.0,0.0,0,0.0,0,5,5,109.0,1,16.9,21.9,,,78.0,255.0,29.8155,6.0,Connecticut,2013.0,2013.0,HOU,201.0,,0.17857143
2019,12,00-0030108,R.Griffin,TE,NYJ,LV,0,0,0.0,0,0.0,0.0,0.0,0,0.0,0,3,3,13.0,1,7.3,10.3,,,78.0,255.0,29.8155,6.0,Connecticut,2013.0,2013.0,HOU,201.0,31.0,0.115384616
2019,13,00-0030108,R.Griffin,TE,NYJ,CIN,0,0,0.0,0,0.0,0.0,0.0,0,0.0,0,7,5,30.0,0,3.0,8.0,,,78.0,255.0,29.8155,6.0,Connecticut,2013.0,2013.0,HOU,201.0,,0.15555556
2019,14,00-0030108,R.Griffin,TE,NYJ,MIA,0,0,0.0,0,0.0,0.0,0.0,0,0.0,0,1,1,8.0,0,0.8,1.8,,,78.0,255.0,29.8155,6.0,Connecticut,2013.0,2013.0,HOU,201.0,1.0,0.028571429
2019,2,00-0030147,R.Shepard,WR,NYG,BUF,0,0,0.0,0,0.0,0.0,0.0,0,0.0,0,3,2,19.0,0,1.9,3.9,,,72.0,195.0,29.1254375,6.0,LSU,2013.0,2013.0,,,-14.0,0.06818182
2019,3,00-0030147,R.Shepard,WR,NYG,TB,0,0,0.0,0,0.0,0.0,0.0,0,0.0,0,5,1,6.0,0,0.6,1.6,,,72.0,195.0,29.1254375,6.0,LSU,2013.0,2013.0,,,,0.1388889
2019,1,00-0030155,D.Harris,TE,CLE,TEN,0,0,0.0,0,0.0,0.0,0.0,0,0.0,0,1,0,0.0,0,0.0,0.0,,,79.0,230.0,28.267875,6.0,Wisconsin-Milwaukee,2013.0,2013.0,,,-30.0,0.02631579
2019,2,00-0030155,D.Harris,TE,CLE,NYJ,0,0,0.0,0,0.0,0.0,0.0,0,0.0,0,1,1,4.0,0,0.4,1.4,,,79.0,230.0,28.267875,6.0,Wisconsin-Milwaukee,2013.0,2013.0,,,,0.03125
2019,3,00-0030155,D.Harris,TE,CLE,LA,0,0,0.0,0,0.0,0.0,0.0,0,0.0,0,2,1,2.0,1,6.2,7.2,,,79.0,230.0,28.267875,6.0,Wisconsin-Milwaukee,2013.0,2013.0,,,-7.0,0.05882353
2019,5,00-0030155,D.Harris,TE,CLE,SF,0,0,0.0,0,0.0,0.0,0.0,0,0.0,0,2,1,0.0,0,0.0,1.0,,,79.0,230.0,28.267875,6.0,Wisconsin-Milwaukee,2013.0,2013.0,,,,0.09090909
2019,6,00-0030155,D.Harris,TE,CLE,SEA,0,0,0.0,0,0.0,0.0,0.0,0,0.0,0,0,0,0.0,0,2.0,2.0,,,79.0,230.0,28.267875,6.0,Wisconsin-Milwaukee,2013.0,2013.0,,,-4.0,
2019,8,00-0030155,D.Harris,TE,CLE,NE,0,0,0.0,0,0.0,0.0,0.0,0,0.0,0,3,2,33.0,1,9.3,11.3,,,79.0,230.0,28.267875,6.0,Wisconsin-Milwaukee,2013.0,2013.0,,,,0.1
2019,9,00-0030155,D.Harris,TE,CLE,DEN,0,0,0.0,0,0.0,0.0,0.0,0,0.0,0,4,3,25.0,0,2.5,5.5,,,79.0,230.0,28.267875,6.0,Wisconsin-Milwaukee,2013.0,2013.0,,,,0.1
2019,10,00-0030155,D.Harris,TE,CLE,BUF,0,0,0.0,0,0.0,0.0,0.0,0,0.0,0,2,2,28.0,0,2.8,4.8,,,79.0,230.0,28.267875,6.0,Wisconsin-Milwaukee,2013.0,2013.0,,,3.0,0.05263158
2019,12,00-0030155,D.Harris,TE,CLE,MIA,0,0,0.0,0,0.0,0.0,0.0,0,0.0,0,2,2,20.0,0,2.0,4.0,,,79.0,230.0,28.267875,6.0,Wisconsin-Milwaukee,2013.0,2013.0,,,17.0,0.060606062
2019,13,00-0030155,D.Harris,TE,CLE,PIT,0,0,0.0,0,0.0,0.0,0.0,0,0.0,0,4,1,23.0,0,2.3,3.3,,,79.0,230.0,28.267875,6.0,Wisconsin-Milwaukee,2013.0,2013.0,,,,0.121212125
2019,15,00-0030155,D.Harris,TE,CLE,ARI,0,0,0.0,0,0.0,0.0,0.0,0,0.0,0,2,1,13.0,0,1.3,2.3,,,79.0,230.0,28.267875,6.0,Wisconsin-Milwaukee,2013.0,2013.0,,,,0.046511628
2019,16,00-0030155,D.Harris,TE,CLE,BAL,0,0,0.0,0,0.0,0.0,0.0,0,0.0,0,3,1,1.0,1,6.1,7.1,,,79.0,230.0,28.267875,6.0,Wisconsin-Milwaukee,2013.0,2013.0,,,-16.0,0.09375
2019,17,00-0030155,D.Harris,TE,CLE,CIN,0,0,0.0,0,0.0,0.0,0.0,0,0.0,0,1,0,0.0,0,0.0,0.0,,,79.0,230.0,28.267875,6.0,Wisconsin-Milwaukee,2013.0,2013.0,,,,0.041666668
2019,1,00-0030181,J.Doyle,TE,IND,LAC,0,0,0.0,0,0.0,0.0,0.0,0,0.0,0,2,1,20.0,0,2.0,3.0,,,78.0,262.0,29.500812500000002,6.0,Western Kentucky,2013.0,2013.0,,,,0.074074075
2019,2,00-0030181,J.Doyle,TE,IND,TEN,0,0,0.0,0,0.0,0.0,0.0,0,0.0,0,3,2,21.0,0,2.1,4.1,,,78.0,262.0,29.500812500000002,6.0,Western Kentucky,2013.0,2013.0,,,,0.115384616
2019,3,00-0030181,J.Doyle,TE,IND,ATL,0,0,0.0,0,0.0,0.0,0.0,0,0.0,0,4,4,46.0,0,4.6,8.6,,,78.0,262.0,29.500812500000002,6.0,Western Kentucky,2013.0,2013.0,,,3.0,0.11111111
2019,4,00-0030181,J.Doyle,TE,IND,LV,0,0,0.0,0,0.0,0.0,0.0,0,0.0,0,8,4,22.0,1,8.2,12.2,,,78.0,262.0,29.500812500000002,6.0,Western Kentucky,2013.0,2013.0,,,-7.0,0.17391305
2019,5,00-0030181,J.Doyle,TE,IND,KC,0,0,0.0,0,0.0,0.0,0.0,0,0.0,0,3,3,19.0,0,1.9,4.9,,,78.0,262.0,29.500812500000002,6.0,Western Kentucky,2013.0,2013.0,,,,0.115384616
2019,7,00-0030181,J.Doyle,TE,IND,HOU,0,0,0.0,0,0.0,0.0,0.0,0,0.0,0,5,3,21.0,0,2.1,5.1,,,78.0,262.0,29.500812500000002,6.0,Western Kentucky,2013.0,2013.0,,,7.0,0.1388889
2019,8,00-0030181,J.Doyle,TE,IND,DEN,0,0,0.0,0,0.0,0.0,0.0,0,0.0,0,5,4,61.0,0,6.1,10.1,,,78.0,262.0,29.500812500000002,6.0,Western Kentucky,2013.0,2013.0,,,2.0,0.20833333
2019,9,00-0030181,J.Doyle,TE,IND,PIT,0,0,0.0,0,0.0,0.0,0.0,0,0.0,0,4,3,22.0,1,8.2,11.2,,,78.0,262.0,29.500812500000002,6.0,Western Kentucky,2013.0,2013.0,,,,0.13333334
2019,10,00-0030181,J.Doyle,TE,IND,MIA,0,0,0.0,0,0.0,0.0,0.0,0,0.0,0,4,3,44.0,1,10.4,13.4,,,78.0,262.0,29.500812500000002,6.0,Western Kentucky,2013.0,2013.0,,,-4.0,0.102564104
2019,12,00-0030181,J.Doyle,TE,IND,HOU,0,0,0.0,0,0.0,0.0,0.0,0,0.0,0,4,3,28.0,0,2.8,5.8,,,78.0,262.0,29.500812500000002,6.0,Western Kentucky,2013.0,2013.0,,,,0.16666667
2019,13,00-0030181,J.Doyle,TE,IND,TEN,0,0,0.0,0,0.0,0.0,0.0,0,0.0,0,11,6,73.0,1,13.3,19.3,,,78.0,262.0,29.500812500000002,6.0,Western Kentucky,2013.0,2013.0,,,-14.0,0.2972973
2019,14,00-0030181,J.Doyle,TE,IND,TB,0,0,0.0,0,0.0,0.0,0.0,0,0.0,0,6,2,27.0,0,2.7,4.7,,,78.0,262.0,29.500812500000002,6.0,Western Kentucky,2013.0,2013.0,,,,0.17142858
2019,15,00-0030181,J.Doyle,TE,IND,NO,0,0,0.0,0,0.0,0.0,0.0,0,0.0,0,5,2,21.0,0,2.1,4.1,,,78.0,262.0,29.500812500000002,6.0,Western Kentucky,2013.0,2013.0,,,,0.15151516
2019,16,00-0030181,J.Doyle,TE,IND,CAR,0,0,0.0,0,0.0,0.0,0.0,0,0.0,0,4,2,17.0,0,1.7,3.7,,,78.0,262.0,29.500812500000002,6.0,Western Kentucky,2013.0,2013.0,,,32.0,0.16666667
2019,17,00-0030181,J.Doyle,TE,IND,JAX,0,0,0.0,0,0.0,0.0,0.0,0,0.0,0,4,1,6.0,0,0.6,1.6,,,78.0,262.0,29.500812500000002,6.0,Western Kentucky,2013.0,2013.0,,,,0.16666667
2019,17,00-0030197,D.Lacey,ILB,MIA,NE,0,0,0.0,0,0.0,0.0,0.0,0,0.0,0,1,0,0.0,0,0.0,0.0,,,75.0,235.0,29.3,6.0,West Alabama,2013.0,2013.0,,,,0.022727273
2019,1,00-0030216,J.Hill,TE,NO,HOU,0,0,0.0,0,0.0,0.0,0.0,0,0.0,0,1,1,-2.0,0,-0.2,0.8,,,77.0,250.0,29.463764705882355,6.0,Idaho State,2013.0,2013.0,,,2.0,0.025641026
2019,3,00-0030216,J.Hill,TE,NO,SEA,0,0,0.0,0,0.0,0.0,0.0,0,0.0,0,2,1,4.0,0,0.4,1.4,,,77.0,250.0,29.463764705882355,6.0,Idaho State,2013.0,2013.0,,,,0.074074075
2019,4,00-0030216,J.Hill,TE,NO,DAL,0,0,0.0,0,0.0,0.0,0.0,0,0.0,0,4,3,29.0,0,2.9,5.9,,,77.0,250.0,29.463764705882355,6.0,Idaho State,2013.0,2013.0,,,2.0,0.13333334
2019,5,00-0030216,J.Hill,TE,NO,TB,0,0,0.0,0,0.0,0.0,0.0,0,0.0,0,4,3,39.0,0,3.9,6.9,,,77.0,250.0,29.463764705882355,6.0,Idaho State,2013.0,2013.0,,,7.0,0.11764706
2019,6,00-0030216,J.Hill,TE,NO,JAX,0,0,0.0,0,0.0,0.0,0.0,0,0.0,0,2,1,8.0,0,0.8,1.8,,,77.0,250.0,29.463764705882355,6.0,Idaho State,2013.0,2013.0,,,,0.05882353
2019,7,00-0030216,J.Hill,TE,NO,CHI,0,0,0.0,0,0.0,0.0,0.0,0,0.0,0,3,3,43.0,1,10.3,13.3,,,77.0,250.0,29.463764705882355,6.0,Idaho State,2013.0,2013.0,,,,0.083333336
2019,8,00-0030216,J.Hill,TE,NO,ARI,0,0,0.0,0,0.0,0.0,0.0,0,0.0,0,5,3,39.0,0,3.9,6.9,,,77.0,250.0,29.463764705882355,6.0,Idaho State,2013.0,2013.0,,,22.0,0.11627907
2019,11,00-0030216,J.Hill,TE,NO,TB,0,0,0.0,0,0.0,0.0,0.0,0,0.0,0,2,2,8.0,0,0.8,2.8,,,77.0,250.0,29.463764705882355,6.0,Idaho State,2013.0,2013.0,,,,0.05882353
2019,12,00-0030216,J.Hill,TE,NO,CAR,0,0,0.0,0,0.0,0.0,0.0,0,0.0,0,1,1,12.0,0,1.2,2.2,,,77.0,250.0,29.463764705882355,6.0,Idaho State,2013.0,2013.0,,,3.0,0.02631579
2019,13,00-0030216,J.Hill,TE,NO,ATL,0,0,0.0,0,0.0,0.0,0.0,0,0.0,0,2,1,2.0,0,0.2,1.2,,,77.0,250.0,29.463764705882355,6.0,Idaho State,2013.0,2013.0,,,,0.06896552
2019,14,00-0030216,J.Hill,TE,NO,SF,0,0,0.0,0,0.0,0.0,0.0,0,0.0,0,3,2,4.0,1,6.4,8.4,,,77.0,250.0,29.463764705882355,6.0,Idaho State,2013.0,2013.0,,,-2.0,0.07317073
2019,15,00-0030216,J.Hill,TE,NO,IND,0,0,0.0,0,0.0,0.0,0.0,0,0.0,0,1,1,5.0,1,6.5,7.5,,,77.0,250.0,29.463764705882355,6.0,Idaho State,2013.0,2013.0,,,27.0,0.033333335
2019,17,00-0030216,J.Hill,TE,NO,CAR,0,0,0.0,0,0.0,0.0,0.0,0,0.0,0,5,3,35.0,0,3.5,6.5,,,77.0,250.0,29.463764705882355,6.0,Idaho State,2013.0,2013.0,,,,0.1724138
2019,18,00-0030216,J.Hill,TE,NO,MIN,0,0,0.0,0,0.0,0.0,0.0,0,0.0,0,3,2,3.0,0,0.3,2.3,,,77.0,250.0,29.463764705882355,6.0,Idaho State,2013.0,2013.0,,,-6.0,0.09090909
2019,1,00-0030279,K.Allen,WR,LAC,IND,0,0,0.0,0,0.0,0.0,0.0,0,0.0,0,10,8,123.0,1,18.3,26.3,,,74.0,211.0,27.514125,6.0,California,2013.0,2013.0,SD,76.0,6.0,0.29411766
2019,2,00-0030279,K.Allen,WR,LAC,DET,0,0,0.0,0,0.0,0.0,0.0,0,0.0,0,15,8,98.0,0,9.8,17.8,,,74.0,211.0,27.514125,6.0,California,2013.0,2013.0,SD,76.0,,0.42857143
2019,3,00-0030279,K.Allen,WR,LAC,HOU,0,0,0.0,0,0.0,0.0,0.0,1,3.0,0,17,13,183.0,2,30.6,43.6,,,74.0,211.0,27.514125,6.0,California,2013.0,2013.0,SD,76.0,-7.0,0.36956522
2019,4,00-0030279,K.Allen,WR,LAC,MIA,0,0,0.0,0,0.0,0.0,0.0,0,0.0,0,5,5,48.0,0,4.8,9.8,,,74.0,211.0,27.514125,6.0,California,2013.0,2013.0,SD,76.0,,0.16666667
2019,5,00-0030279,K.Allen,WR,LAC,DEN,0,0,0.0,0,0.0,0.0,0.0,0,0.0,0,6,4,18.0,0,1.8,5.8,,,74.0,211.0,27.514125,6.0,California,2013.0,2013.0,SD,76.0,-7.0,0.13043478
2019,6,00-0030279,K.Allen,WR,LAC,PIT,0,0,0.0,0,0.0,0.0,0.0,0,0.0,0,6,2,33.0,0,3.3,5.3,,,74.0,211.0,27.514125,6.0,California,2013.0,2013.0,SD,76.0,-7.0,0.14285715
2019,7,00-0030279,K.Allen,WR,LAC,TEN,0,0,0.0,0,0.0,0.0,0.0,0,0.0,0,11,4,61.0,0,6.1,10.1,,,74.0,211.0,27.514125,6.0,California,2013.0,2013.0,SD,76.0,,0.2972973
2019,8,00-0030279,K.Allen,WR,LAC,CHI,0,0,0.0,0,0.0,0.0,0.0,0,0.0,0,10,7,53.0,0,5.3,12.3,,,74.0,211.0,27.514125,6.0,California,2013.0,2013.0,SD,76.0,,0.3448276
2019,9,00-0030279,K.Allen,WR,LAC,GB,0,0,0.0,0,0.0,0.0,0.0,0,0.0,0,4,3,40.0,0,4.0,7.0,,,74.0,211.0,27.514125,6.0,California,2013.0,2013.0,SD,76.0,15.0,0.15384616
2019,10,00-0030279,K.Allen,WR,LAC,LV,0,0,0.0,0,0.0,0.0,0.0,1,18.0,0,11,8,68.0,0,8.6,16.6,,,74.0,211.0,27.514125,6.0,California,2013.0,2013.0,SD,76.0,,0.3548387
2019,11,00-0030279,K.Allen,WR,LAC,KC,0,0,0.0,0,0.0,0.0,0.0,0,0.0,0,12,8,71.0,1,13.1,21.1,,,74.0,211.0,27.514125,6.0,California,2013.0,2013.0,SD,76.0,-7.0,0.25
2019,13,00-0030279,K.Allen,WR,LAC,DEN,0,0,0.0,0,0.0,0.0,0.0,0,0.0,0,6,6,68.0,1,12.8,18.8,,,74.0,211.0,27.514125,6.0,California,2013.0,2013.0,SD,76.0,,0.22222222
2019,14,00-0030279,K.Allen,WR,LAC,JAX,0,0,0.0,0,0.0,0.0,0.0,0,0.0,0,6,5,83.0,0,8.3,13.3,,,74.0,211.0,27.514125,6.0,California,2013.0,2013.0,SD,76.0,,0.23076923
2019,15,00-0030279,K.Allen,WR,LAC,MIN,0,0,0.0,0,0.0,0.0,0.0,0,0.0,0,10,9,99.0,0,9.9,18.9,,,74.0,211.0,27.514125,6.0,California,2013.0,2013.0,SD,76.0,-29.0,0.2631579
2019,16,00-0030279,K.Allen,WR,LAC,LV,0,0,0.0,0,0.0,0.0,0.0,1,-5.0,0,10,5,71.0,0,6.6,11.6,,,74.0,211.0,27.514125,6.0,California,2013.0,2013.0,SD,76.0,-7.0,0.27027026
2019,17,00-0030279,K.Allen,WR,LAC,KC,0,0,0.0,0,0.0,0.0,0.0,0,0.0,0,10,9,82.0,1,14.2,23.2,,,74.0,211.0,27.514125,6.0,California,2013.0,2013.0,SD,76.0,,0.22727273
2019,1,00-0030288,R.Burkhead,RB,NE,PIT,0,0,0.0,0,0.0,0.0,0.0,8,44.0,0,8,5,41.0,0,8.5,13.5,,,70.0,215.0,29.347176470588234,6.0,Nebraska,2013.0,2013.0,CIN,190.0,30.0,0.21621622
2019,2,00-0030288,R.Burkhead,RB,NE,MIA,0,0,0.0,0,0.0,0.0,0.0,5,21.0,0,2,2,47.0,0,6.8,8.8,,,70.0,215.0,29.347176470588234,6.0,Nebraska,2013.0,2013.0,CIN,190.0,,0.071428575
2019,3,00-0030288,R.Burkhead,RB,NE,NYJ,0,0,0.0,0,0.0,0.0,0.0,11,47.0,1,7,6,22.0,0,12.9,18.9,,,70.0,215.0,29.347176470588234,6.0,Nebraska,2013.0,2013.0,CIN,190.0,16.0,0.1627907
2019,4,00-0030288,R.Burkhead,RB,NE,BUF,0,0,0.0,0,0.0,0.0,0.0,0,0.0,0,1,1,7.0,0,0.7,1.7,,,70.0,215.0,29.347176470588234,6.0,Nebraska,2013.0,2013.0,CIN,190.0,,0.029411765
2019,8,00-0030288,R.Burkhead,RB,NE,CLE,0,0,0.0,0,0.0,0.0,0.0,3,4.0,0,1,1,9.0,0,1.3,2.3,,,70.0,215.0,29.347176470588234,6.0,Nebraska,2013.0,2013.0,CIN,190.0,14.0,0.03125
2019,9,00-0030288,R.Burkhead,RB,NE,BAL,0,0,0.0,0,0.0,0.0,0.0,4,18.0,0,2,1,16.0,0,3.4,4.4,,,70.0,215.0,29.347176470588234,6.0,Nebraska,2013.0,2013.0,CIN,190.0,,0.048780486
2019,11,00-0030288,R.Burkhead,RB,NE,PHI,0,0,0.0,0,0.0,0.0,0.0,5,14.0,0,3,2,34.0,0,4.8,6.8,,,70.0,215.0,29.347176470588234,6.0,Nebraska,2013.0,2013.0,CIN,190.0,,0.06666667
2019,12,00-0030288,R.Burkhead,RB,NE,DAL,0,0,0.0,0,0.0,0.0,0.0,2,3.0,0,5,2,14.0,0,1.7,3.7,,,70.0,215.0,29.347176470588234,6.0,Nebraska,2013.0,2013.0,CIN,190.0,4.0,0.14285715
2019,13,00-0030288,R.Burkhead,RB,NE,HOU,0,0,0.0,0,0.0,0.0,0.0,3,15.0,0,1,0,0.0,0,1.5,1.5,,,70.0,215.0,29.347176470588234,6.0,Nebraska,2013.0,2013.0,CIN,190.0,,0.022222223
2019,14,00-0030288,R.Burkhead,RB,NE,KC,0,0,0.0,0,0.0,0.0,0.0,7,15.0,0,1,0,0.0,0,1.5,1.5,,,70.0,215.0,29.347176470588234,6.0,Nebraska,2013.0,2013.0,CIN,190.0,-7.0,0.028571429
2019,15,00-0030288,R.Burkhead,RB,NE,CIN,0,0,0.0,0,0.0,0.0,0.0,6,53.0,1,2,2,6.0,0,11.9,13.9,,,70.0,215.0,29.347176470588234,6.0,Nebraska,2013.0,2013.0,CIN,190.0,,0.071428575
2019,16,00-0030288,R.Burkhead,RB,NE,BUF,0,0,0.0,0,0.0,0.0,0.0,5,20.0,1,4,4,77.0,0,13.7,17.7,,,70.0,215.0,29.347176470588234,6.0,Nebraska,2013.0,2013.0,CIN,190.0,7.0,0.125
2019,17,00-0030288,R.Burkhead,RB,NE,MIA,0,0,0.0,0,0.0,0.0,0.0,6,48.0,0,1,1,6.0,0,5.4,6.4,,,70.0,215.0,29.347176470588234,6.0,Nebraska,2013.0,2013.0,CIN,190.0,-3.0,0.03448276
2019,18,00-0030288,R.Burkhead,RB,NE,TEN,0,0,0.0,0,0.0,0.0,0.0,3,4.0,0,3,3,32.0,0,3.6,6.6,,,70.0,215.0,29.347176470588234,6.0,Nebraska,2013.0,2013.0,CIN,190.0,-7.0,0.08571429
2019,3,00-0030300,J.Brown,WR,SEA,NO,0,0,0.0,0,0.0,0.0,0.0,0,0.0,0,6,3,30.0,0,3.0,6.0,,,75.0,205.0,29.835888888888892,6.0,Clemson,2013.0,2013.0,,,-6.0,0.13043478
2019,4,00-0030300,J.Brown,WR,SEA,ARI,0,0,0.0,0,0.0,0.0,0.0,0,0.0,0,3,3,50.0,0,5.0,8.0,,,75.0,205.0,29.835888888888892,6.0,Clemson,2013.0,2013.0,,,,0.11111111
2019,5,00-0030300,J.Brown,WR,SEA,LA,0,0,0.0,0,0.0,0.0,0.0,0,0.0,0,4,2,36.0,0,1.6,3.6,,,75.0,205.0,29.835888888888892,6.0,Clemson,2013.0,2013.0,,,1.0,0.18181819
2019,6,00-0030300,J.Brown,WR,SEA,CLE,0,0,0.0,0,0.0,0.0,0.0,0,0.0,0,5,3,29.0,2,14.9,17.9,,,75.0,205.0,29.835888888888892,6.0,Clemson,2013.0,2013.0,,,,0.15625
2019,7,00-0030300,J.Brown,WR,SEA,BAL,0,0,0.0,0,0.0,0.0,0.0,0,0.0,0,6,3,60.0,0,6.0,9.0,,,75.0,205.0,29.835888888888892,6.0,Clemson,2013.0,2013.0,,,-14.0,0.15789473
2019,13,00-0030300,J.Brown,WR,SEA,MIN,0,0,0.0,0,0.0,0.0,0.0,0,0.0,0,1,1,6.0,0,0.6,1.6,,,75.0,205.0,29.835888888888892,6.0,Clemson,2013.0,2013.0,,,7.0,0.032258064
2019,15,00-0030300,J.Brown,WR,SEA,CAR,0,0,0.0,0,0.0,0.0,0.0,0,0.0,0,1,1,9.0,0,0.9,1.9,,,75.0,205.0,29.835888888888892,6.0,Clemson,2013.0,2013.0,,,,0.04
2019,17,00-0030300,J.Brown,WR,SEA,SF,0,0,0.0,0,0.0,0.0,0.0,0,0.0,0,2,0,0.0,0,0.0,0.0,,,75.0,205.0,29.835888888888892,6.0,Clemson,2013.0,2013.0,,,-5.0,0.05263158
2019,1,00-0030404,C.Thompson,RB,WAS,PHI,0,0,0.0,0,0.0,0.0,0.0,3,10.0,0,10,7,68.0,0,7.8,14.8,,,68.0,195.0,29.036,6.0,Florida State,2013.0,2013.0,WAS,154.0,,0.23255815
2019,2,00-0030404,C.Thompson,RB,WAS,DAL,0,0,0.0,0,0.0,0.0,0.0,2,3.0,0,8,5,48.0,0,5.1,10.1,,,68.0,195.0,29.036,6.0,Florida State,2013.0,2013.0,WAS,154.0,-10.0,0.21621622
2019,3,00-0030404,C.Thompson,RB,WAS,CHI,0,0,0.0,0,0.0,0.0,0.0,7,29.0,0,5,4,79.0,0,10.8,14.8,,,68.0,195.0,29.036,6.0,Florida State,2013.0,2013.0,WAS,154.0,-16.0,0.11904762
2019,4,00-0030404,C.Thompson,RB,WAS,NYG,0,0,0.0,0,0.0,0.0,0.0,4,4.0,0,5,4,56.0,0,6.0,10.0,,,68.0,195.0,29.036,6.0,Florida State,2013.0,2013.0,WAS,154.0,,0.1923077
2019,5,00-0030404,C.Thompson,RB,WAS,NE,0,0,0.0,0,0.0,0.0,0.0,4,21.0,0,7,5,17.0,0,3.8,8.8,,,68.0,195.0,29.036,6.0,Florida State,2013.0,2013.0,WAS,154.0,-26.0,0.25925925
2019,6,00-0030404,C.Thompson,RB,WAS,MIA,0,0,0.0,0,0.0,0.0,0.0,3,12.0,0,3,2,8.0,0,2.0,4.0,,,68.0,195.0,29.036,6.0,Florida State,2013.0,2013.0,WAS,154.0,,0.125
2019,13,00-0030404,C.Thompson,RB,WAS,CAR,0,0,0.0,0,0.0,0.0,0.0,3,14.0,0,2,1,15.0,0,2.9,3.9,,,68.0,195.0,29.036,6.0,Florida State,2013.0,2013.0,WAS,154.0,,0.083333336
2019,14,00-0030404,C.Thompson,RB,WAS,GB,0,0,0.0,0,0.0,0.0,0.0,0,0.0,0,8,7,43.0,0,4.3,11.3,,,68.0,195.0,29.036,6.0,Florida State,2013.0,2013.0,WAS,154.0,,0.30769232
2019,15,00-0030404,C.Thompson,RB,WAS,PHI,0,0,0.0,0,0.0,0.0,0.0,0,0.0,0,3,2,26.0,0,2.6,4.6,,,68.0,195.0,29.036,6.0,Florida State,2013.0,2013.0,WAS,154.0,-10.0,0.11111111
2019,16,00-0030404,C.Thompson,RB,WAS,NYG,0,0,0.0,0,0.0,0.0,0.0,8,34.0,0,4,4,18.0,0,5.2,9.2,,,68.0,195.0,29.036,6.0,Florida State,2013.0,2013.0,WAS,154.0,-6.0,0.10810811
2019,17,00-0030404,C.Thompson,RB,WAS,DAL,0,0,0.0,0,0.0,0.0,0.0,3,11.0,0,3,1,0.0,0,1.1,2.1,,,68.0,195.0,29.036,6.0,Florida State,2013.0,2013.0,WAS,154.0,,0.08571429
2019,14,00-0030414,S.Ware,RB,KC,NE,0,0,0.0,0,0.0,0.0,0.0,5,11.0,0,2,1,-9.0,0,0.2,1.2,,,70.0,224.0,27.982105263157894,6.0,Louisiana State,2013.0,2013.0,SEA,194.0,,0.051282052
2019,15,00-0030414,S.Ware,RB,KC,DEN,0,0,0.0,0,0.0,0.0,0.0,7,26.0,0,2,2,9.0,0,3.5,5.5,,,70.0,224.0,27.982105263157894,6.0,Louisiana State,2013.0,2013.0,SEA,194.0,20.0,0.05882353
2019,16,00-0030414,S.Ware,RB,KC,CHI,0,0,0.0,0,0.0,0.0,0.0,5,14.0,0,3,2,22.0,0,3.6,5.6,,,70.0,224.0,27.982105263157894,6.0,Louisiana State,2013.0,2013.0,SEA,194.0,,0.1
2019,1,00-0030431,R.Woods,WR,LA,CAR,0,0,0.0,0,0.0,0.0,0.0,2,16.0,0,13,8,70.0,0,8.6,16.6,,,72.0,193.0,27.56425,6.0,Southern California,2013.0,2013.0,BUF,41.0,,0.34210527
2019,2,00-0030431,R.Woods,WR,LA,NO,0,0,0.0,0,0.0,0.0,0.0,1,9.0,0,2,2,33.0,0,4.2,6.2,,,72.0,193.0,27.56425,6.0,Southern California,2013.0,2013.0,BUF,41.0,18.0,0.071428575
2019,3,00-0030431,R.Woods,WR,LA,CLE,0,0,0.0,0,0.0,0.0,0.0,2,18.0,0,8,3,40.0,0,5.8,8.8,,,72.0,193.0,27.56425,6.0,Southern California,2013.0,2013.0,BUF,41.0,,0.21052632
2019,4,00-0030431,R.Woods,WR,LA,TB,0,0,0.0,0,0.0,0.0,0.0,0,0.0,0,15,13,164.0,0,16.4,29.4,,,72.0,193.0,27.56425,6.0,Southern California,2013.0,2013.0,BUF,41.0,-15.0,0.22058824
2019,5,00-0030431,R.Woods,WR,LA,SEA,0,0,0.0,0,0.0,0.0,0.0,0,0.0,0,9,5,48.0,0,4.8,9.8,,,72.0,193.0,27.56425,6.0,Southern California,2013.0,2013.0,BUF,41.0,,0.18367347
2019,6,00-0030431,R.Woods,WR,LA,SF,0,0,0.0,0,0.0,0.0,0.0,2,16.0,1,4,0,0.0,0,7.6,7.6,,,72.0,193.0,27.56425,6.0,Southern California,2013.0,2013.0,BUF,41.0,-13.0,0.16666667
2019,7,00-0030431,R.Woods,WR,LA,ATL,0,0,0.0,0,0.0,0.0,0.0,1,6.0,0,7,5,80.0,0,8.6,13.6,,,72.0,193.0,27.56425,6.0,Southern California,2013.0,2013.0,BUF,41.0,,0.18421052
2019,8,00-0030431,R.Woods,WR,LA,CIN,0,0,0.0,0,0.0,0.0,0.0,4,6.0,0,2,2,36.0,0,4.2,6.2,,,72.0,193.0,27.56425,6.0,Southern California,2013.0,2013.0,BUF,41.0,14.0,0.06666667
2019,10,00-0030431,R.Woods,WR,LA,PIT,0,0,0.0,0,0.0,0.0,0.0,0,0.0,0,11,7,95.0,0,9.5,16.5,,,72.0,193.0,27.56425,6.0,Southern California,2013.0,2013.0,BUF,41.0,,0.26190478
2019,12,00-0030431,R.Woods,WR,LA,BAL,0,0,0.0,0,0.0,0.0,0.0,0,0.0,0,9,6,97.0,0,9.7,15.7,,,72.0,193.0,27.56425,6.0,Southern California,2013.0,2013.0,BUF,41.0,-39.0,0.25
2019,13,00-0030431,R.Woods,WR,LA,ARI,0,0,0.0,0,0.0,0.0,0.0,0,0.0,0,18,13,172.0,0,17.2,30.2,,,72.0,193.0,27.56425,6.0,Southern California,2013.0,2013.0,BUF,41.0,,0.4390244
2019,14,00-0030431,R.Woods,WR,LA,SEA,0,0,0.0,0,0.0,0.0,0.0,2,29.0,0,9,7,98.0,1,18.7,25.7,,,72.0,193.0,27.56425,6.0,Southern California,2013.0,2013.0,BUF,41.0,16.0,0.3
2019,15,00-0030431,R.Woods,WR,LA,DAL,0,0,0.0,0,0.0,0.0,0.0,0,0.0,0,9,4,17.0,0,1.7,5.7,,,72.0,193.0,27.56425,6.0,Southern California,2013.0,2013.0,BUF,41.0,,0.1764706
2019,16,00-0030431,R.Woods,WR,LA,SF,0,0,0.0,0,0.0,0.0,0.0,2,6.0,0,11,8,117.0,0,12.3,20.3,,,72.0,193.0,27.56425,6.0,Southern California,2013.0,2013.0,BUF,41.0,,0.2820513
2019,17,00-0030431,R.Woods,WR,LA,ARI,0,0,0.0,0,0.0,0.0,0.0,1,9.0,0,12,7,67.0,1,13.6,20.6,,,72.0,193.0,27.56425,6.0,Southern California,2013.0,2013.0,BUF,41.0,7.0,0.27272728
2019,6,00-0030443,L.Toilolo,TE,SF,LA,0,0,0.0,0,0.0,0.0,0.0,0,0.0,0,1,1,8.0,0,0.8,1.8,,,80.0,268.0,28.30184210526316,6.0,Stanford,2013.0,2013.0,ATL,133.0,,0.032258064
2019,7,00-0030443,L.Toilolo,TE,SF,WAS,0,0,0.0,0,0.0,0.0,0.0,0,0.0,0,1,1,2.0,0,0.2,1.2,,,80.0,268.0,28.30184210526316,6.0,Stanford,2013.0,2013.0,ATL,133.0,,0.05
2019,1,00-0030456,G.Bernard,RB,CIN,SEA,0,0,0.0,0,0.0,0.0,0.0,7,21.0,0,3,2,42.0,0,6.3,8.3,,,69.0,205.0,27.948125,6.0,North Carolina,2013.0,2013.0,CIN,37.0,,0.06122449
2019,2,00-0030456,G.Bernard,RB,CIN,SF,0,0,0.0,0,0.0,0.0,0.0,6,6.0,0,3,1,7.0,0,1.3,2.3,,,69.0,205.0,27.948125,6.0,North Carolina,2013.0,2013.0,CIN,37.0,-24.0,0.071428575
2019,3,00-0030456,G.Bernard,RB,CIN,BUF,0,0,0.0,0,0.0,0.0,0.0,3,5.0,0,2,2,7.0,0,1.2,3.2,,,69.0,205.0,27.948125,6.0,North Carolina,2013.0,2013.0,CIN,37.0,,0.05882353
2019,4,00-0030456,G.Bernard,RB,CIN,PIT,0,0,0.0,0,0.0,0.0,0.0,1,3.0,0,6,4,16.0,0,1.9,5.9,,,69.0,205.0,27.948125,6.0,North Carolina,2013.0,2013.0,CIN,37.0,,0.16666667
2019,5,00-0030456,G.Bernard,RB,CIN,ARI,0,0,0.0,0,0.0,0.0,0.0,2,10.0,0,3,3,16.0,0,2.6,5.6,,,69.0,205.0,27.948125,6.0,North Carolina,2013.0,2013.0,CIN,37.0,-3.0,0.08108108
2019,6,00-0030456,G.Bernard,RB,CIN,BAL,0,0,0.0,0,0.0,0.0,0.0,4,4.0,0,3,2,20.0,0,2.4,4.4,,,69.0,205.0,27.948125,6.0,North Carolina,2013.0,2013.0,CIN,37.0,,0.08108108
2019,7,00-0030456,G.Bernard,RB,CIN,JAX,0,0,0.0,0,0.0,0.0,0.0,4,0.0,0,3,2,4.0,0,0.4,2.4,,,69.0,205.0,27.948125,6.0,North Carolina,2013.0,2013.0,CIN,37.0,-10.0,0.071428575
2019,8,00-0030456,G.Bernard,RB,CIN,LA,0,0,0.0,0,0.0,0.0,0.0,3,31.0,0,2,2,14.0,0,4.5,6.5,,,69.0,205.0,27.948125,6.0,North Carolina,2013.0,2013.0,CIN,37.0,,0.041666668
2019,10,00-0030456,G.Bernard,RB,CIN,BAL,0,0,0.0,0,0.0,0.0,0.0,4,8.0,0,1,1,0.0,0,-1.2,-0.2,,,69.0,205.0,27.948125,6.0,North Carolina,2013.0,2013.0,CIN,37.0,-36.0,0.03448276
2019,11,00-0030456,G.Bernard,RB,CIN,LV,0,0,0.0,0,0.0,0.0,0.0,3,30.0,0,3,1,16.0,0,4.6,5.6,,,69.0,205.0,27.948125,6.0,North Carolina,2013.0,2013.0,CIN,37.0,,0.1
2019,12,00-0030456,G.Bernard,RB,CIN,PIT,0,0,0.0,0,0.0,0.0,0.0,1,-1.0,0,3,3,31.0,0,3.0,6.0,,,69.0,205.0,27.948125,6.0,North Carolina,2013.0,2013.0,CIN,37.0,-6.0,0.12
2019,13,00-0030456,G.Bernard,RB,CIN,NYJ,0,0,0.0,0,0.0,0.0,0.0,1,4.0,0,2,1,8.0,0,1.2,2.2,,,69.0,205.0,27.948125,6.0,North Carolina,2013.0,2013.0,CIN,37.0,16.0,0.055555556
2019,14,00-0030456,G.Bernard,RB,CIN,CLE,0,0,0.0,0,0.0,0.0,0.0,4,15.0,0,3,2,31.0,0,4.6,6.6,,,69.0,205.0,27.948125,6.0,North Carolina,2013.0,2013.0,CIN,37.0,,0.0882353
2019,15,00-0030456,G.Bernard,RB,CIN,NE,0,0,0.0,0,0.0,0.0,0.0,5,27.0,0,2,2,10.0,0,3.7,5.7,,,69.0,205.0,27.948125,6.0,North Carolina,2013.0,2013.0,CIN,37.0,-21.0,0.06896552
2019,16,00-0030456,G.Bernard,RB,CIN,MIA,0,0,0.0,0,0.0,0.0,0.0,2,3.0,0,3,2,12.0,0,1.5,3.5,,,69.0,205.0,27.948125,6.0,North Carolina,2013.0,2013.0,CIN,37.0,,0.055555556
2019,17,00-0030456,G.Bernard,RB,CIN,CLE,0,0,0.0,0,0.0,0.0,0.0,3,4.0,0,1,0,0.0,0,0.4,0.4,,,69.0,205.0,27.948125,6.0,North Carolina,2013.0,2013.0,CIN,37.0,10.0,0.037037037
2019,3,00-0030465,K.Barner,RB,ATL,IND,0,0,0.0,0,0.0,0.0,0.0,0,0.0,0,1,1,4.0,0,0.4,1.4,,,69.0,195.0,30.5155625,6.0,Oregon,2013.0,2013.0,CAR,182.0,,0.030303031
2019,7,00-0030465,K.Barner,RB,ATL,LA,0,0,0.0,0,0.0,0.0,0.0,0,0.0,0,1,0,0.0,0,0.0,0.0,,,69.0,195.0,30.5155625,6.0,Oregon,2013.0,2013.0,CAR,182.0,-27.0,0.030303031
2019,8,00-0030465,K.Barner,RB,ATL,SEA,0,0,0.0,0,0.0,0.0,0.0,1,1.0,0,0,0,0.0,0,0.1,0.1,,,69.0,195.0,30.5155625,6.0,Oregon,2013.0,2013.0,CAR,182.0,-7.0,
2019,10,00-0030465,K.Barner,RB,ATL,NO,0,0,0.0,0,0.0,0.0,0.0,1,12.0,0,0,0,0.0,0,1.2,1.2,,,69.0,195.0,30.5155625,6.0,Oregon,2013.0,2013.0,CAR,182.0,,
2019,11,00-0030465,K.Barner,RB,ATL,CAR,1,1,3.0,0,0.0,0.0,-0.0,2,15.0,0,0,0,0.0,0,7.62,7.62,,,69.0,195.0,30.5155625,6.0,Oregon,2013.0,2013.0,CAR,182.0,,
2019,12,00-0030465,K.Barner,RB,ATL,TB,0,0,0.0,0,0.0,0.0,0.0,0,0.0,0,2,2,8.0,0,0.8,2.8,,,69.0,195.0,30.5155625,6.0,Oregon,2013.0,2013.0,CAR,182.0,-13.0,0.03773585
2019,13,00-0030465,K.Barner,RB,ATL,NO,0,0,0.0,0,0.0,0.0,0.0,0,0.0,0,2,2,6.0,0,0.6,2.6,,,69.0,195.0,30.5155625,6.0,Oregon,2013.0,2013.0,CAR,182.0,-8.0,0.04255319
2019,15,00-0030465,K.Barner,RB,ATL,SF,0,0,0.0,0,0.0,0.0,0.0,0,0.0,0,2,1,4.0,0,0.4,1.4,,,69.0,195.0,30.5155625,6.0,Oregon,2013.0,2013.0,CAR,182.0,,0.051282052
2019,1,00-0030470,V.McDonald,TE,PIT,NE,0,0,0.0,0,0.0,0.0,0.0,0,0.0,0,4,2,40.0,0,4.0,6.0,,,76.0,267.0,29.3930625,6.0,Rice,2013.0,2013.0,SF,55.0,,0.08510638
2019,2,00-0030470,V.McDonald,TE,PIT,SEA,0,0,0.0,0,0.0,0.0,0.0,0,0.0,0,7,7,38.0,2,15.8,22.8,,,76.0,267.0,29.3930625,6.0,Rice,2013.0,2013.0,SF,55.0,-2.0,0.20588236
2019,3,00-0030470,V.McDonald,TE,PIT,SF,0,0,0.0,0,0.0,0.0,0.0,0,0.0,0,2,1,10.0,0,1.0,2.0,,,76.0,267.0,29.3930625,6.0,Rice,2013.0,2013.0,SF,55.0,,0.07692308
2019,5,00-0030470,V.McDonald,TE,PIT,BAL,0,0,0.0,0,0.0,0.0,0.0,0,0.0,0,3,3,34.0,0,3.4,6.4,,,76.0,267.0,29.3930625,6.0,Rice,2013.0,2013.0,SF,55.0,-3.0,0.1
2019,6,00-0030470,V.McDonald,TE,PIT,LAC,0,0,0.0,0,0.0,0.0,0.0,0,0.0,0,1,1,5.0,0,0.5,1.5,,,76.0,267.0,29.3930625,6.0,Rice,2013.0,2013.0,SF,55.0,,0.05263158
2019,8,00-0030470,V.McDonald,TE,PIT,MIA,0,0,0.0,0,0.0,0.0,0.0,0,0.0,0,4,3,19.0,0,1.9,4.9,,,76.0,267.0,29.3930625,6.0,Rice,2013.0,2013.0,SF,55.0,13.0,0.11111111
2019,9,00-0030470,V.McDonald,TE,PIT,IND,0,0,0.0,0,0.0,0.0,0.0,0,0.0,0,7,5,30.0,1,9.0,14.0,,,76.0,267.0,29.3930625,6.0,Rice,2013.0,2013.0,SF,55.0,2.0,0.20588236
2019,10,00-0030470,V.McDonald,TE,PIT,LA,0,0,0.0,0,0.0,0.0,0.0,1,2.0,0,7,3,11.0,0,1.3,4.3,,,76.0,267.0,29.3930625,6.0,Rice,2013.0,2013.0,SF,55.0,5.0,0.19444445
2019,11,00-0030470,V.McDonald,TE,PIT,CLE,0,0,0.0,0,0.0,0.0,0.0,0,0.0,0,7,3,33.0,0,3.3,6.3,,,76.0,267.0,29.3930625,6.0,Rice,2013.0,2013.0,SF,55.0,,0.1627907
2019,12,00-0030470,V.McDonald,TE,PIT,CIN,0,0,0.0,0,0.0,0.0,0.0,0,0.0,0,1,1,1.0,0,0.1,1.1,,,76.0,267.0,29.3930625,6.0,Rice,2013.0,2013.0,SF,55.0,,0.045454547
2019,13,00-0030470,V.McDonald,TE,PIT,CLE,0,0,0.0,0,0.0,0.0,0.0,0,0.0,0,3,3,21.0,0,2.1,5.1,,,76.0,267.0,29.3930625,6.0,Rice,2013.0,2013.0,SF,55.0,7.0,0.16666667
2019,14,00-0030470,V.McDonald,TE,PIT,ARI,0,0,0.0,0,0.0,0.0,0.0,0,0.0,0,1,1,3.0,0,0.3,1.3,,,76.0,267.0,29.3930625,6.0,Rice,2013.0,2013.0,SF,55.0,,0.055555556
2019,16,00-0030470,V.McDonald,TE,PIT,NYJ,0,0,0.0,0,0.0,0.0,0.0,0,0.0,0,6,3,9.0,0,0.9,3.9,,,76.0,267.0,29.3930625,6.0,Rice,2013.0,2013.0,SF,55.0,,0.16666667
2019,17,00-0030470,V.McDonald,TE,PIT,BAL,0,0,0.0,0,0.0,0.0,0.0,0,0.0,0,2,2,19.0,0,1.9,3.9,,,76.0,267.0,29.3930625,6.0,Rice,2013.0,2013.0,SF,55.0,,0.1
2019,1,00-0030496,L.Bell,RB,NYJ,BUF,0,0,0.0,0,0.0,0.0,0.0,17,60.0,0,9,6,32.0,1,17.2,23.2,,,73.0,225.0,27.712875,6.0,Michigan State,2013.0,2013.0,PIT,48.0,-1.0,0.2195122
2019,2,00-0030496,L.Bell,RB,NYJ,CLE,0,0,0.0,0,0.0,0.0,0.0,21,68.0,0,10,10,61.0,0,10.9,20.9,,,73.0,225.0,27.712875,6.0,Michigan State,2013.0,2013.0,PIT,48.0,-20.0,0.33333334
2019,3,00-0030496,L.Bell,RB,NYJ,NE,0,0,0.0,0,0.0,0.0,0.0,18,35.0,0,4,4,28.0,0,6.3,10.3,,,73.0,225.0,27.712875,6.0,Michigan State,2013.0,2013.0,PIT,48.0,,0.18181819
2019,5,00-0030496,L.Bell,RB,NYJ,PHI,0,0,0.0,0,0.0,0.0,0.0,15,43.0,0,9,7,45.0,0,8.8,15.8,,,73.0,225.0,27.712875,6.0,Michigan State,2013.0,2013.0,PIT,48.0,,0.36
2019,6,00-0030496,L.Bell,RB,NYJ,DAL,0,0,0.0,0,0.0,0.0,0.0,14,50.0,1,1,1,3.0,0,11.3,12.3,,,73.0,225.0,27.712875,6.0,Michigan State,2013.0,2013.0,PIT,48.0,2.0,0.033333335
2019,7,00-0030496,L.Bell,RB,NYJ,NE,0,0,0.0,0,0.0,0.0,0.0,15,70.0,0,4,1,6.0,0,7.6,8.6,,,73.0,225.0,27.712875,6.0,Michigan State,2013.0,2013.0,PIT,48.0,-33.0,0.12903225
2019,8,00-0030496,L.Bell,RB,NYJ,JAX,0,0,0.0,0,0.0,0.0,0.0,8,23.0,0,5,3,12.0,0,3.5,6.5,,,73.0,225.0,27.712875,6.0,Michigan State,2013.0,2013.0,PIT,48.0,,0.1724138
2019,9,00-0030496,L.Bell,RB,NYJ,MIA,0,0,0.0,0,0.0,0.0,0.0,17,66.0,0,9,8,55.0,0,12.1,20.1,,,73.0,225.0,27.712875,6.0,Michigan State,2013.0,2013.0,PIT,48.0,,0.25
2019,10,00-0030496,L.Bell,RB,NYJ,NYG,0,0,0.0,0,0.0,0.0,0.0,18,34.0,1,4,4,34.0,0,12.8,16.8,,,73.0,225.0,27.712875,6.0,Michigan State,2013.0,2013.0,PIT,48.0,7.0,0.14814815
2019,11,00-0030496,L.Bell,RB,NYJ,WAS,0,0,0.0,0,0.0,0.0,0.0,18,59.0,1,2,2,33.0,0,15.2,17.2,,,73.0,225.0,27.712875,6.0,Michigan State,2013.0,2013.0,PIT,48.0,,0.071428575
2019,12,00-0030496,L.Bell,RB,NYJ,LV,0,0,0.0,0,0.0,0.0,0.0,12,49.0,0,5,5,59.0,0,10.8,15.8,,,73.0,225.0,27.712875,6.0,Michigan State,2013.0,2013.0,PIT,48.0,31.0,0.1923077
2019,13,00-0030496,L.Bell,RB,NYJ,CIN,0,0,0.0,0,0.0,0.0,0.0,10,32.0,0,5,4,35.0,0,6.7,10.7,,,73.0,225.0,27.712875,6.0,Michigan State,2013.0,2013.0,PIT,48.0,,0.11111111
2019,15,00-0030496,L.Bell,RB,NYJ,BAL,0,0,0.0,0,0.0,0.0,0.0,21,87.0,0,2,2,1.0,0,8.8,10.8,,,73.0,225.0,27.712875,6.0,Michigan State,2013.0,2013.0,PIT,48.0,,0.06896552
2019,16,00-0030496,L.Bell,RB,NYJ,PIT,0,0,0.0,0,0.0,0.0,0.0,25,72.0,0,4,4,21.0,0,9.3,13.3,,,73.0,225.0,27.712875,6.0,Michigan State,2013.0,2013.0,PIT,48.0,6.0,0.16
2019,17,00-0030496,L.Bell,RB,NYJ,BUF,0,0,0.0,0,0.0,0.0,0.0,16,41.0,0,5,5,36.0,0,7.7,12.7,,,73.0,225.0,27.712875,6.0,Michigan State,2013.0,2013.0,PIT,48.0,,0.15151516
2019,1,00-0030506,T.Kelce,TE,KC,JAX,0,0,0.0,0,0.0,0.0,0.0,0,0.0,0,8,3,88.0,0,8.8,11.8,,,77.0,260.0,30.109,6.0,Cincinnati,2013.0,2013.0,KC,63.0,,0.23529412
2019,2,00-0030506,T.Kelce,TE,KC,LV,0,0,0.0,0,0.0,0.0,0.0,0,0.0,0,9,7,107.0,1,16.7,23.7,,,77.0,260.0,30.109,6.0,Cincinnati,2013.0,2013.0,KC,63.0,,0.20454545
2019,3,00-0030506,T.Kelce,TE,KC,BAL,0,0,0.0,0,0.0,0.0,0.0,0,0.0,0,8,7,89.0,0,8.9,15.9,,,77.0,260.0,30.109,6.0,Cincinnati,2013.0,2013.0,KC,63.0,5.0,0.22857143
2019,4,00-0030506,T.Kelce,TE,KC,DET,0,0,0.0,0,0.0,0.0,0.0,0,0.0,0,8,7,85.0,0,8.5,15.5,,,77.0,260.0,30.109,6.0,Cincinnati,2013.0,2013.0,KC,63.0,,0.20512821
2019,5,00-0030506,T.Kelce,TE,KC,IND,0,0,0.0,0,0.0,0.0,0.0,0,0.0,0,10,4,70.0,0,7.0,11.0,,,77.0,260.0,30.109,6.0,Cincinnati,2013.0,2013.0,KC,63.0,-6.0,0.27027026
2019,6,00-0030506,T.Kelce,TE,KC,HOU,0,0,0.0,0,0.0,0.0,0.0,0,0.0,0,6,4,58.0,0,5.8,9.8,,,77.0,260.0,30.109,6.0,Cincinnati,2013.0,2013.0,KC,63.0,-7.0,0.17142858
2019,7,00-0030506,T.Kelce,TE,KC,DEN,0,0,0.0,0,0.0,0.0,0.0,0,0.0,0,8,6,44.0,0,4.4,10.4,,,77.0,260.0,30.109,6.0,Cincinnati,2013.0,2013.0,KC,63.0,,0.27586207
2019,8,00-0030506,T.Kelce,TE,KC,GB,0,0,0.0,0,0.0,0.0,0.0,0,0.0,0,8,4,63.0,1,12.3,16.3,,,77.0,260.0,30.109,6.0,Cincinnati,2013.0,2013.0,KC,63.0,-7.0,0.22857143
2019,9,00-0030506,T.Kelce,TE,KC,MIN,0,0,0.0,0,0.0,0.0,0.0,0,0.0,0,9,7,62.0,0,6.2,13.2,,,77.0,260.0,30.109,6.0,Cincinnati,2013.0,2013.0,KC,63.0,3.0,0.2647059
2019,10,00-0030506,T.Kelce,TE,KC,TEN,0,0,0.0,0,0.0,0.0,0.0,0,0.0,0,7,7,75.0,1,13.5,20.5,,,77.0,260.0,30.109,6.0,Cincinnati,2013.0,2013.0,KC,63.0,,0.14285715
2019,11,00-0030506,T.Kelce,TE,KC,LAC,0,0,0.0,0,0.0,0.0,0.0,0,0.0,0,10,7,92.0,1,15.2,22.2,,,77.0,260.0,30.109,6.0,Cincinnati,2013.0,2013.0,KC,63.0,,0.3125
2019,13,00-0030506,T.Kelce,TE,KC,LV,0,0,0.0,0,0.0,0.0,0.0,0,0.0,0,9,5,90.0,0,9.0,14.0,,,77.0,260.0,30.109,6.0,Cincinnati,2013.0,2013.0,KC,63.0,31.0,0.33333334
2019,14,00-0030506,T.Kelce,TE,KC,NE,0,0,0.0,0,0.0,0.0,0.0,1,4.0,1,9,7,66.0,0,11.0,18.0,,,77.0,260.0,30.109,6.0,Cincinnati,2013.0,2013.0,KC,63.0,,0.23076923
2019,15,00-0030506,T.Kelce,TE,KC,DEN,0,0,0.0,0,0.0,0.0,0.0,0,0.0,0,13,11,142.0,0,14.2,25.2,,,77.0,260.0,30.109,6.0,Cincinnati,2013.0,2013.0,KC,63.0,20.0,0.38235295
2019,16,00-0030506,T.Kelce,TE,KC,CHI,0,0,0.0,0,0.0,0.0,0.0,0,0.0,0,9,8,74.0,1,13.4,21.4,,,77.0,260.0,30.109,6.0,Cincinnati,2013.0,2013.0,KC,63.0,,0.3
2019,17,00-0030506,T.Kelce,TE,KC,LAC,0,0,0.0,0,0.0,0.0,0.0,0,0.0,0,5,3,24.0,0,2.4,5.4,,,77.0,260.0,30.109,6.0,Cincinnati,2013.0,2013.0,KC,63.0,10.0,0.2
2019,19,00-0030506,T.Kelce,TE,KC,HOU,0,0,0.0,0,0.0,0.0,0.0,0,0.0,0,12,10,134.0,3,31.4,41.4,,,77.0,260.0,30.109,6.0,Cincinnati,2013.0,2013.0,KC,63.0,20.0,0.34285715
2019,20,00-0030506,T.Kelce,TE,KC,TEN,0,0,0.0,0,0.0,0.0,0.0,0,0.0,0,4,3,30.0,0,3.0,6.0,,,77.0,260.0,30.109,6.0,Cincinnati,2013.0,2013.0,KC,63.0,11.0,0.125
2019,21,00-0030506,T.Kelce,TE,KC,SF,0,0,0.0,0,0.0,0.0,0.0,1,2.0,0,6,6,43.0,1,10.5,16.5,,,77.0,260.0,30.109,6.0,Cincinnati,2013.0,2013.0,KC,63.0,11.0,0.15384616
2019,1,00-0030513,L.Murray,RB,NO,HOU,0,0,0.0,0,0.0,0.0,0.0,6,43.0,1,3,2,4.0,0,10.7,12.7,,,75.0,230.0,29.800529411764703,6.0,Central Florida,2013.0,2013.0,OAK,181.0,2.0,0.07692308
2019,2,00-0030513,L.Murray,RB,NO,LA,0,0,0.0,0,0.0,0.0,0.0,5,7.0,0,1,1,16.0,0,2.3,3.3,,,75.0,230.0,29.800529411764703,6.0,Central Florida,2013.0,2013.0,OAK,181.0,,0.03125
2019,3,00-0030513,L.Murray,RB,NO,SEA,0,0,0.0,0,0.0,0.0,0.0,2,2.0,0,0,0,0.0,0,0.2,0.2,,,75.0,230.0,29.800529411764703,6.0,Central Florida,2013.0,2013.0,OAK,181.0,,
2019,4,00-0030513,L.Murray,RB,NO,DAL,0,0,0.0,0,0.0,0.0,0.0,4,14.0,0,1,1,6.0,0,2.0,3.0,,,75.0,230.0,29.800529411764703,6.0,Central Florida,2013.0,2013.0,OAK,181.0,2.0,0.033333335
2019,5,00-0030513,L.Murray,RB,NO,TB,0,0,0.0,0,0.0,0.0,0.0,7,28.0,0,2,2,6.0,0,3.4,5.4,,,75.0,230.0,29.800529411764703,6.0,Central Florida,2013.0,2013.0,OAK,181.0,7.0,0.05882353
2019,6,00-0030513,L.Murray,RB,NO,JAX,0,0,0.0,0,0.0,0.0,0.0,8,44.0,0,3,3,35.0,0,7.9,10.9,,,75.0,230.0,29.800529411764703,6.0,Central Florida,2013.0,2013.0,OAK,181.0,,0.0882353
2019,7,00-0030513,L.Murray,RB,NO,CHI,0,0,0.0,0,0.0,0.0,0.0,27,119.0,2,6,5,31.0,0,27.0,32.0,,,75.0,230.0,29.800529411764703,6.0,Central Florida,2013.0,2013.0,OAK,181.0,,0.16666667
2019,8,00-0030513,L.Murray,RB,NO,ARI,0,0,0.0,0,0.0,0.0,0.0,21,102.0,1,12,9,55.0,1,27.7,36.7,,,75.0,230.0,29.800529411764703,6.0,Central Florida,2013.0,2013.0,OAK,181.0,22.0,0.27906978
2019,10,00-0030513,L.Murray,RB,NO,ATL,0,0,0.0,0,0.0,0.0,0.0,5,12.0,0,2,2,7.0,0,1.9,3.9,,,75.0,230.0,29.800529411764703,6.0,Central Florida,2013.0,2013.0,OAK,181.0,-17.0,0.045454547
2019,11,00-0030513,L.Murray,RB,NO,TB,0,0,0.0,0,0.0,0.0,0.0,10,27.0,0,3,2,5.0,0,3.2,5.2,,,75.0,230.0,29.800529411764703,6.0,Central Florida,2013.0,2013.0,OAK,181.0,,0.0882353
2019,12,00-0030513,L.Murray,RB,NO,CAR,0,0,0.0,0,0.0,0.0,0.0,7,64.0,1,0,0,0.0,0,12.4,12.4,,,75.0,230.0,29.800529411764703,6.0,Central Florida,2013.0,2013.0,OAK,181.0,3.0,
2019,13,00-0030513,L.Murray,RB,NO,ATL,0,0,0.0,0,0.0,0.0,0.0,4,2.0,0,0,0,0.0,0,0.2,0.2,,,75.0,230.0,29.800529411764703,6.0,Central Florida,2013.0,2013.0,OAK,181.0,,
2019,14,00-0030513,L.Murray,RB,NO,SF,0,0,0.0,0,0.0,0.0,0.0,7,69.0,0,3,2,25.0,0,9.4,11.4,,,75.0,230.0,29.800529411764703,6.0,Central Florida,2013.0,2013.0,OAK,181.0,-2.0,0.07317073
2019,15,00-0030513,L.Murray,RB,NO,IND,0,0,0.0,0,0.0,0.0,0.0,9,29.0,0,3,2,20.0,0,4.9,6.9,,,75.0,230.0,29.800529411764703,6.0,Central Florida,2013.0,2013.0,OAK,181.0,27.0,0.1
2019,16,00-0030513,L.Murray,RB,NO,TEN,0,0,0.0,0,0.0,0.0,0.0,7,14.0,0,3,2,11.0,0,2.5,4.5,,,75.0,230.0,29.800529411764703,6.0,Central Florida,2013.0,2013.0,OAK,181.0,,0.07692308
2019,17,00-0030513,L.Murray,RB,NO,CAR,0,0,0.0,0,0.0,0.0,0.0,17,61.0,0,1,1,14.0,0,7.5,8.5,,,75.0,230.0,29.800529411764703,6.0,Central Florida,2013.0,2013.0,OAK,181.0,,0.03448276
2019,18,00-0030513,L.Murray,RB,NO,MIN,0,0,0.0,0,0.0,0.0,0.0,5,21.0,0,2,1,4.0,0,2.5,3.5,,,75.0,230.0,29.800529411764703,6.0,Central Florida,2013.0,2013.0,OAK,181.0,-6.0,0.060606062
2019,7,00-0030520,M.Glennon,QB,LV,GB,2,3,36.0,1,0.0,0.0,-0.0,0,0.0,0,0,0,0.0,0,5.44,5.44,,,79.0,225.0,29.8951875,6.0,North Carolina State,2013.0,2013.0,TB,73.0,,
2019,12,00-0030520,M.Glennon,QB,LV,NYJ,4,7,20.0,0,0.0,0.0,-0.0,2,0.0,0,0,0,0.0,0,-1.2,-1.2,,,79.0,225.0,29.8951875,6.0,North Carolina State,2013.0,2013.0,TB,73.0,,
2019,1,00-0030525,T.Austin,WR,DAL,NYG,0,0,0.0,0,0.0,0.0,0.0,0,0.0,0,1,1,8.0,0,0.8,1.8,,,68.0,179.0,29.637625,6.0,West Virginia,2013.0,2013.0,STL,8.0,18.0,0.03125
2019,4,00-0030525,T.Austin,WR,DAL,NO,0,0,0.0,0,0.0,0.0,0.0,1,3.0,0,1,1,5.0,0,0.8,1.8,,,68.0,179.0,29.637625,6.0,West Virginia,2013.0,2013.0,STL,8.0,,0.033333335
2019,5,00-0030525,T.Austin,WR,DAL,GB,0,0,0.0,0,0.0,0.0,0.0,1,14.0,0,1,1,13.0,0,2.7,3.7,,,68.0,179.0,29.637625,6.0,West Virginia,2013.0,2013.0,STL,8.0,-10.0,0.023809524
2019,6,00-0030525,T.Austin,WR,DAL,NYJ,0,0,0.0,0,0.0,0.0,0.0,0,0.0,0,6,5,64.0,0,6.4,11.4,,,68.0,179.0,29.637625,6.0,West Virginia,2013.0,2013.0,STL,8.0,,0.15384616
2019,7,00-0030525,T.Austin,WR,DAL,PHI,0,0,0.0,0,0.0,0.0,0.0,1,20.0,1,1,0,0.0,0,8.0,8.0,,,68.0,179.0,29.637625,6.0,West Virginia,2013.0,2013.0,STL,8.0,27.0,0.04
2019,10,00-0030525,T.Austin,WR,DAL,MIN,0,0,0.0,0,0.0,0.0,0.0,1,7.0,0,0,0,0.0,0,0.7,0.7,,,68.0,179.0,29.637625,6.0,West Virginia,2013.0,2013.0,STL,8.0,-4.0,
2019,11,00-0030525,T.Austin,WR,DAL,DET,0,0,0.0,0,0.0,0.0,0.0,0,0.0,0,1,0,0.0,0,0.0,0.0,,,68.0,179.0,29.637625,6.0,West Virginia,2013.0,2013.0,STL,8.0,,0.022222223
2019,12,00-0030525,T.Austin,WR,DAL,NE,0,0,0.0,0,0.0,0.0,0.0,0,0.0,0,1,0,0.0,0,0.0,0.0,,,68.0,179.0,29.637625,6.0,West Virginia,2013.0,2013.0,STL,8.0,,0.03125
2019,13,00-0030525,T.Austin,WR,DAL,BUF,0,0,0.0,0,0.0,0.0,0.0,0,0.0,0,5,2,22.0,0,2.2,4.2,,,68.0,179.0,29.637625,6.0,West Virginia,2013.0,2013.0,STL,8.0,-11.0,0.10204082
2019,14,00-0030525,T.Austin,WR,DAL,CHI,0,0,0.0,0,0.0,0.0,0.0,0,0.0,0,2,0,0.0,0,0.0,0.0,,,68.0,179.0,29.637625,6.0,West Virginia,2013.0,2013.0,STL,8.0,,0.04347826
2019,15,00-0030525,T.Austin,WR,DAL,LA,0,0,0.0,0,0.0,0.0,0.0,2,3.0,0,1,1,59.0,1,12.2,13.2,,,68.0,179.0,29.637625,6.0,West Virginia,2013.0,2013.0,STL,8.0,23.0,0.045454547
2019,16,00-0030525,T.Austin,WR,DAL,PHI,0,0,0.0,0,0.0,0.0,0.0,0,0.0,0,2,1,5.0,0,0.5,1.5,,,68.0,179.0,29.637625,6.0,West Virginia,2013.0,2013.0,STL,8.0,,0.045454547
2019,17,00-0030525,T.Austin,WR,DAL,WAS,0,0,0.0,0,0.0,0.0,0.0,0,0.0,0,2,1,1.0,0,0.1,1.1,,,68.0,179.0,29.637625,6.0,West Virginia,2013.0,2013.0,STL,8.0,31.0,0.0625
2019,4,00-0030533,M.Barkley,QB,BUF,NE,9,16,127.0,0,1.0,1.0,9.0,0,0.0,0,0,0,0.0,0,3.08,3.08,,,74.0,234.0,29.165294117647058,6.0,Southern California,2013.0,2013.0,PHI,98.0,-6.0,
2019,17,00-0030533,M.Barkley,QB,BUF,NYJ,18,35,232.0,0,2.0,1.0,1.0,2,-4.0,0,0,0,0.0,0,2.88,2.88,,,74.0,234.0,29.165294117647058,6.0,Southern California,2013.0,2013.0,PHI,98.0,-7.0,
2019,1,00-0030549,T.Eifert,TE,CIN,SEA,0,0,0.0,0,0.0,0.0,0.0,0,0.0,0,5,5,27.0,0,2.7,7.7,,,78.0,255.0,29.15275,6.0,Notre Dame,2013.0,2013.0,CIN,21.0,,0.10204082
2019,2,00-0030549,T.Eifert,TE,CIN,SF,0,0,0.0,0,0.0,0.0,0.0,0,0.0,0,5,3,9.0,1,6.9,9.9,,,78.0,255.0,29.15275,6.0,Notre Dame,2013.0,2013.0,CIN,21.0,-24.0,0.11904762
2019,3,00-0030549,T.Eifert,TE,CIN,BUF,0,0,0.0,0,0.0,0.0,0.0,0,0.0,0,1,1,18.0,0,1.8,2.8,,,78.0,255.0,29.15275,6.0,Notre Dame,2013.0,2013.0,CIN,21.0,,0.029411765
2019,4,00-0030549,T.Eifert,TE,CIN,PIT,0,0,0.0,0,0.0,0.0,0.0,0,0.0,0,5,2,27.0,0,2.7,4.7,,,78.0,255.0,29.15275,6.0,Notre Dame,2013.0,2013.0,CIN,21.0,,0.1388889
2019,5,00-0030549,T.Eifert,TE,CIN,ARI,0,0,0.0,0,0.0,0.0,0.0,0,0.0,0,4,2,14.0,0,1.4,3.4,,,78.0,255.0,29.15275,6.0,Notre Dame,2013.0,2013.0,CIN,21.0,-3.0,0.10810811
2019,6,00-0030549,T.Eifert,TE,CIN,BAL,0,0,0.0,0,0.0,0.0,0.0,0,0.0,0,2,2,13.0,0,1.3,3.3,,,78.0,255.0,29.15275,6.0,Notre Dame,2013.0,2013.0,CIN,21.0,,0.054054055
2019,7,00-0030549,T.Eifert,TE,CIN,JAX,0,0,0.0,0,0.0,0.0,0.0,0,0.0,0,2,2,10.0,0,1.0,3.0,,,78.0,255.0,29.15275,6.0,Notre Dame,2013.0,2013.0,CIN,21.0,-10.0,0.04761905
2019,8,00-0030549,T.Eifert,TE,CIN,LA,0,0,0.0,0,0.0,0.0,0.0,0,0.0,0,9,6,74.0,0,7.4,13.4,,,78.0,255.0,29.15275,6.0,Notre Dame,2013.0,2013.0,CIN,21.0,,0.1875
2019,10,00-0030549,T.Eifert,TE,CIN,BAL,0,0,0.0,0,0.0,0.0,0.0,0,0.0,0,4,2,20.0,1,8.0,10.0,,,78.0,255.0,29.15275,6.0,Notre Dame,2013.0,2013.0,CIN,21.0,-36.0,0.13793103
2019,11,00-0030549,T.Eifert,TE,CIN,LV,0,0,0.0,0,0.0,0.0,0.0,0,0.0,0,4,3,21.0,0,2.1,5.1,,,78.0,255.0,29.15275,6.0,Notre Dame,2013.0,2013.0,CIN,21.0,,0.13333334
2019,12,00-0030549,T.Eifert,TE,CIN,PIT,0,0,0.0,0,0.0,0.0,0.0,0,0.0,0,1,1,7.0,0,0.7,1.7,,,78.0,255.0,29.15275,6.0,Notre Dame,2013.0,2013.0,CIN,21.0,-6.0,0.04
2019,13,00-0030549,T.Eifert,TE,CIN,NYJ,0,0,0.0,0,0.0,0.0,0.0,0,0.0,0,2,1,12.0,0,1.2,2.2,,,78.0,255.0,29.15275,6.0,Notre Dame,2013.0,2013.0,CIN,21.0,16.0,0.055555556
2019,14,00-0030549,T.Eifert,TE,CIN,CLE,0,0,0.0,0,0.0,0.0,0.0,0,0.0,0,4,4,49.0,0,4.9,8.9,,,78.0,255.0,29.15275,6.0,Notre Dame,2013.0,2013.0,CIN,21.0,,0.11764706
2019,15,00-0030549,T.Eifert,TE,CIN,NE,0,0,0.0,0,0.0,0.0,0.0,0,0.0,0,5,3,44.0,0,4.4,7.4,,,78.0,255.0,29.15275,6.0,Notre Dame,2013.0,2013.0,CIN,21.0,-21.0,0.1724138
2019,16,00-0030549,T.Eifert,TE,CIN,MIA,0,0,0.0,0,0.0,0.0,0.0,0,0.0,0,8,4,57.0,1,13.7,17.7,,,78.0,255.0,29.15275,6.0,Notre Dame,2013.0,2013.0,CIN,21.0,,0.14814815
2019,17,00-0030549,T.Eifert,TE,CIN,CLE,0,0,0.0,0,0.0,0.0,0.0,0,0.0,0,2,2,34.0,0,3.4,5.4,,,78.0,255.0,29.15275,6.0,Notre Dame,2013.0,2013.0,CIN,21.0,10.0,0.074074075
2019,1,00-0030564,D.Hopkins,WR,HOU,NO,0,0,0.0,0,0.0,0.0,0.0,0,0.0,0,13,8,111.0,2,23.1,31.1,,,73.0,212.0,27.42711111111111,6.0,Clemson,2013.0,2013.0,HOU,27.0,,0.44827586
2019,2,00-0030564,D.Hopkins,WR,HOU,JAX,0,0,0.0,0,0.0,0.0,0.0,0,0.0,0,8,5,40.0,0,4.0,9.0,,,73.0,212.0,27.42711111111111,6.0,Clemson,2013.0,2013.0,HOU,27.0,1.0,0.27586207
2019,3,00-0030564,D.Hopkins,WR,HOU,LAC,0,0,0.0,0,0.0,0.0,0.0,0,0.0,0,7,6,67.0,0,6.7,12.7,,,73.0,212.0,27.42711111111111,6.0,Clemson,2013.0,2013.0,HOU,27.0,,0.20588236
2019,4,00-0030564,D.Hopkins,WR,HOU,CAR,0,1,0.0,0,1.0,0.0,-0.0,0,0.0,0,8,5,41.0,0,2.1,7.1,,,73.0,212.0,27.42711111111111,6.0,Clemson,2013.0,2013.0,HOU,27.0,-6.0,0.25
2019,5,00-0030564,D.Hopkins,WR,HOU,ATL,0,0,0.0,0,0.0,0.0,0.0,0,0.0,0,8,7,88.0,0,8.8,15.8,,,73.0,212.0,27.42711111111111,6.0,Clemson,2013.0,2013.0,HOU,27.0,21.0,0.24242425
2019,6,00-0030564,D.Hopkins,WR,HOU,KC,0,0,0.0,0,0.0,0.0,0.0,0,0.0,0,12,9,55.0,0,7.5,16.5,,,73.0,212.0,27.42711111111111,6.0,Clemson,2013.0,2013.0,HOU,27.0,,0.2857143
2019,7,00-0030564,D.Hopkins,WR,HOU,IND,0,0,0.0,0,0.0,0.0,0.0,0,0.0,0,12,9,106.0,1,16.6,25.6,,,73.0,212.0,27.42711111111111,6.0,Clemson,2013.0,2013.0,HOU,27.0,,0.36363637
2019,8,00-0030564,D.Hopkins,WR,HOU,LV,0,0,0.0,0,0.0,0.0,0.0,0,0.0,0,13,11,109.0,0,10.9,21.9,,,73.0,212.0,27.42711111111111,6.0,Clemson,2013.0,2013.0,HOU,27.0,3.0,0.34210527
2019,9,00-0030564,D.Hopkins,WR,HOU,JAX,0,0,0.0,0,0.0,0.0,0.0,1,6.0,0,11,8,48.0,1,11.4,19.4,,,73.0,212.0,27.42711111111111,6.0,Clemson,2013.0,2013.0,HOU,27.0,,0.39285713
2019,11,00-0030564,D.Hopkins,WR,HOU,BAL,0,0,0.0,0,0.0,0.0,0.0,0,0.0,0,12,7,80.0,0,8.0,15.0,,,73.0,212.0,27.42711111111111,6.0,Clemson,2013.0,2013.0,HOU,27.0,,0.4
2019,12,00-0030564,D.Hopkins,WR,HOU,IND,0,0,0.0,0,0.0,0.0,0.0,0,0.0,0,8,6,94.0,2,21.4,27.4,,,73.0,212.0,27.42711111111111,6.0,Clemson,2013.0,2013.0,HOU,27.0,3.0,0.2857143
2019,13,00-0030564,D.Hopkins,WR,HOU,NE,1,1,6.0,1,0.0,0.0,-0.0,0,0.0,0,8,5,64.0,0,10.64,15.64,,,73.0,212.0,27.42711111111111,6.0,Clemson,2013.0,2013.0,HOU,27.0,6.0,0.30769232
2019,14,00-0030564,D.Hopkins,WR,HOU,DEN,0,0,0.0,0,0.0,0.0,0.0,1,12.0,0,13,7,120.0,1,19.2,26.2,,,73.0,212.0,27.42711111111111,6.0,Clemson,2013.0,2013.0,HOU,27.0,-14.0,0.27659574
2019,15,00-0030564,D.Hopkins,WR,HOU,TEN,0,0,0.0,0,0.0,0.0,0.0,0,0.0,0,8,6,119.0,0,11.9,17.9,,,73.0,212.0,27.42711111111111,6.0,Clemson,2013.0,2013.0,HOU,27.0,,0.32
2019,16,00-0030564,D.Hopkins,WR,HOU,TB,0,0,0.0,0,0.0,0.0,0.0,0,0.0,0,9,5,23.0,0,2.3,7.3,,,73.0,212.0,27.42711111111111,6.0,Clemson,2013.0,2013.0,HOU,27.0,,0.28125
2019,18,00-0030564,D.Hopkins,WR,HOU,BUF,0,0,0.0,0,0.0,0.0,0.0,0,0.0,0,8,6,90.0,0,9.0,15.0,,,73.0,212.0,27.42711111111111,6.0,Clemson,2013.0,2013.0,HOU,27.0,3.0,0.32
2019,19,00-0030564,D.Hopkins,WR,HOU,KC,0,0,0.0,0,0.0,0.0,0.0,0,0.0,0,14,9,118.0,0,11.8,20.8,,,73.0,212.0,27.42711111111111,6.0,Clemson,2013.0,2013.0,HOU,27.0,,0.28
2019,1,00-0030578,C.Patterson,RB,CHI,GB,0,0,0.0,0,0.0,0.0,0.0,1,-2.0,0,3,1,3.0,0,0.1,1.1,,,74.0,238.0,28.634687500000002,6.0,Tennessee,2013.0,2013.0,MIN,29.0,-7.0,0.06818182
2019,2,00-0030578,C.Patterson,RB,CHI,DEN,0,0,0.0,0,0.0,0.0,0.0,2,50.0,0,0,0,0.0,0,5.0,5.0,,,74.0,238.0,28.634687500000002,6.0,Tennessee,2013.0,2013.0,MIN,29.0,,
2019,3,00-0030578,C.Patterson,RB,CHI,WAS,0,0,0.0,0,0.0,0.0,0.0,4,14.0,0,1,1,6.0,0,2.0,3.0,,,74.0,238.0,28.634687500000002,6.0,Tennessee,2013.0,2013.0,MIN,29.0,,0.032258064
2019,4,00-0030578,C.Patterson,RB,CHI,MIN,0,0,0.0,0,0.0,0.0,0.0,2,4.0,0,1,1,3.0,0,0.7,1.7,,,74.0,238.0,28.634687500000002,6.0,Tennessee,2013.0,2013.0,MIN,29.0,10.0,0.030303031
2019,5,00-0030578,C.Patterson,RB,CHI,LV,0,0,0.0,0,0.0,0.0,0.0,1,5.0,0,0,0,0.0,0,0.5,0.5,,,74.0,238.0,28.634687500000002,6.0,Tennessee,2013.0,2013.0,MIN,29.0,,
2019,7,00-0030578,C.Patterson,RB,CHI,NO,0,0,0.0,0,0.0,0.0,0.0,1,2.0,0,3,2,21.0,0,8.3,10.3,,,74.0,238.0,28.634687500000002,6.0,Tennessee,2013.0,2013.0,MIN,29.0,-11.0,0.05882353
2019,8,00-0030578,C.Patterson,RB,CHI,LAC,0,0,0.0,0,0.0,0.0,0.0,1,5.0,0,2,2,1.0,0,0.6,2.6,,,74.0,238.0,28.634687500000002,6.0,Tennessee,2013.0,2013.0,MIN,29.0,-1.0,0.060606062
2019,9,00-0030578,C.Patterson,RB,CHI,PHI,0,0,0.0,0,0.0,0.0,0.0,0,0.0,0,1,1,5.0,0,0.5,1.5,,,74.0,238.0,28.634687500000002,6.0,Tennessee,2013.0,2013.0,MIN,29.0,,0.04761905
2019,14,00-0030578,C.Patterson,RB,CHI,DAL,0,0,0.0,0,0.0,0.0,0.0,1,-5.0,0,1,1,33.0,0,2.8,3.8,,,74.0,238.0,28.634687500000002,6.0,Tennessee,2013.0,2013.0,MIN,29.0,7.0,0.032258064
2019,15,00-0030578,C.Patterson,RB,CHI,GB,0,0,0.0,0,0.0,0.0,0.0,1,0.0,0,4,1,6.0,0,0.6,1.6,,,74.0,238.0,28.634687500000002,6.0,Tennessee,2013.0,2013.0,MIN,29.0,,0.08
2019,16,00-0030578,C.Patterson,RB,CHI,KC,0,0,0.0,0,0.0,0.0,0.0,1,16.0,0,1,1,5.0,0,2.1,3.1,,,74.0,238.0,28.634687500000002,6.0,Tennessee,2013.0,2013.0,MIN,29.0,-23.0,0.030303031
2019,17,00-0030578,C.Patterson,RB,CHI,MIN,0,0,0.0,0,0.0,0.0,0.0,2,14.0,0,0,0,0.0,0,1.4,1.4,,,74.0,238.0,28.634687500000002,6.0,Tennessee,2013.0,2013.0,MIN,29.0,,
2019,1,00-0030663,W.Snead,WR,BAL,MIA,0,0,0.0,0,0.0,0.0,0.0,0,0.0,0,3,2,41.0,1,10.1,12.1,,,71.0,205.0,27.05641176470588,5.0,Ball State,2014.0,2014.0,,,,0.12
2019,2,00-0030663,W.Snead,WR,BAL,ARI,0,0,0.0,0,0.0,0.0,0.0,0,0.0,0,1,1,5.0,0,0.5,1.5,,,71.0,205.0,27.05641176470588,5.0,Ball State,2014.0,2014.0,,,6.0,0.028571429
2019,3,00-0030663,W.Snead,WR,BAL,KC,0,0,0.0,0,0.0,0.0,0.0,0,0.0,0,5,3,47.0,0,4.7,7.7,,,71.0,205.0,27.05641176470588,5.0,Ball State,2014.0,2014.0,,,,0.11627907
2019,4,00-0030663,W.Snead,WR,BAL,CLE,0,0,0.0,0,0.0,0.0,0.0,0,0.0,0,2,2,61.0,1,12.1,14.1,,,71.0,205.0,27.05641176470588,5.0,Ball State,2014.0,2014.0,,,-15.0,0.060606062
2019,5,00-0030663,W.Snead,WR,BAL,PIT,0,0,0.0,0,0.0,0.0,0.0,0,0.0,0,5,4,51.0,0,5.1,9.1,,,71.0,205.0,27.05641176470588,5.0,Ball State,2014.0,2014.0,,,,0.17857143
2019,6,00-0030663,W.Snead,WR,BAL,CIN,0,0,0.0,0,0.0,0.0,0.0,0,0.0,0,5,3,18.0,0,1.8,4.8,,,71.0,205.0,27.05641176470588,5.0,Ball State,2014.0,2014.0,,,6.0,0.1724138
2019,7,00-0030663,W.Snead,WR,BAL,SEA,0,0,0.0,0,0.0,0.0,0.0,1,2.0,0,1,0,0.0,0,0.2,0.2,,,71.0,205.0,27.05641176470588,5.0,Ball State,2014.0,2014.0,,,,0.05
2019,9,00-0030663,W.Snead,WR,BAL,NE,0,0,0.0,0,0.0,0.0,0.0,0,0.0,0,2,2,15.0,0,1.5,3.5,,,71.0,205.0,27.05641176470588,5.0,Ball State,2014.0,2014.0,,,17.0,0.08695652
2019,10,00-0030663,W.Snead,WR,BAL,CIN,0,0,0.0,0,0.0,0.0,0.0,0,0.0,0,3,2,12.0,0,1.2,3.2,,,71.0,205.0,27.05641176470588,5.0,Ball State,2014.0,2014.0,,,,0.14285715
2019,11,00-0030663,W.Snead,WR,BAL,HOU,0,0,0.0,0,0.0,0.0,0.0,0,0.0,0,3,2,13.0,0,1.3,3.3,,,71.0,205.0,27.05641176470588,5.0,Ball State,2014.0,2014.0,,,34.0,0.11111111
2019,12,00-0030663,W.Snead,WR,BAL,LA,0,0,0.0,0,0.0,0.0,0.0,0,0.0,0,3,2,14.0,2,13.4,15.4,,,71.0,205.0,27.05641176470588,5.0,Ball State,2014.0,2014.0,,,,0.13636364
2019,13,00-0030663,W.Snead,WR,BAL,SF,0,0,0.0,0,0.0,0.0,0.0,0,0.0,0,2,1,12.0,0,1.2,2.2,,,71.0,205.0,27.05641176470588,5.0,Ball State,2014.0,2014.0,,,3.0,0.08695652
2019,14,00-0030663,W.Snead,WR,BAL,BUF,0,0,0.0,0,0.0,0.0,0.0,0,0.0,0,4,3,13.0,1,7.3,10.3,,,71.0,205.0,27.05641176470588,5.0,Ball State,2014.0,2014.0,,,,0.17391305
2019,15,00-0030663,W.Snead,WR,BAL,NYJ,0,0,0.0,0,0.0,0.0,0.0,0,0.0,0,1,1,15.0,0,1.5,2.5,,,71.0,205.0,27.05641176470588,5.0,Ball State,2014.0,2014.0,,,21.0,0.045454547
2019,16,00-0030663,W.Snead,WR,BAL,CLE,0,0,0.0,0,0.0,0.0,0.0,0,0.0,0,1,0,0.0,0,0.0,0.0,,,71.0,205.0,27.05641176470588,5.0,Ball State,2014.0,2014.0,,,,0.033333335
2019,17,00-0030663,W.Snead,WR,BAL,PIT,0,0,0.0,0,0.0,0.0,0.0,1,0.0,0,5,3,22.0,0,2.2,5.2,,,71.0,205.0,27.05641176470588,5.0,Ball State,2014.0,2014.0,,,18.0,0.25
2019,19,00-0030663,W.Snead,WR,BAL,TEN,0,0,0.0,0,0.0,0.0,0.0,0,0.0,0,8,6,56.0,0,5.6,11.6,,,71.0,205.0,27.05641176470588,5.0,Ball State,2014.0,2014.0,,,-16.0,0.1509434
2019,1,00-0030669,A.Wilson,WR,MIA,BAL,0,0,0.0,0,0.0,0.0,0.0,1,1.0,0,4,2,13.0,0,1.4,3.4,,,69.0,195.0,27.3150625,5.0,Georgia State,2014.0,2014.0,,,-49.0,0.125
2019,6,00-0030669,A.Wilson,WR,MIA,WAS,0,0,0.0,0,0.0,0.0,0.0,0,0.0,0,6,5,15.0,0,1.5,6.5,,,69.0,195.0,27.3150625,5.0,Georgia State,2014.0,2014.0,,,-1.0,0.14285715
2019,7,00-0030669,A.Wilson,WR,MIA,BUF,0,0,0.0,0,0.0,1.0,10.0,0,0.0,0,2,1,22.0,0,2.2,3.2,,,69.0,195.0,27.3150625,5.0,Georgia State,2014.0,2014.0,,,,0.05882353
2019,8,00-0030669,A.Wilson,WR,MIA,PIT,0,0,0.0,0,0.0,0.0,0.0,0,0.0,0,2,1,5.0,1,6.5,7.5,,,69.0,195.0,27.3150625,5.0,Georgia State,2014.0,2014.0,,,,0.060606062
2019,9,00-0030669,A.Wilson,WR,MIA,NYJ,0,0,0.0,0,0.0,0.0,0.0,0,0.0,0,2,1,3.0,0,0.3,1.3,,,69.0,195.0,27.3150625,5.0,Georgia State,2014.0,2014.0,,,8.0,0.055555556
2019,10,00-0030669,A.Wilson,WR,MIA,IND,0,0,0.0,0,0.0,0.0,0.0,0,0.0,0,3,1,0.0,0,0.0,1.0,,,69.0,195.0,27.3150625,5.0,Georgia State,2014.0,2014.0,,,,0.09090909
2019,11,00-0030669,A.Wilson,WR,MIA,BUF,0,0,0.0,0,0.0,0.0,0.0,0,0.0,0,6,3,26.0,0,2.6,5.6,,,69.0,195.0,27.3150625,5.0,Georgia State,2014.0,2014.0,,,-17.0,0.13636364
2019,12,00-0030669,A.Wilson,WR,MIA,CLE,0,0,0.0,0,0.0,0.0,0.0,1,4.0,0,7,6,33.0,0,3.7,9.7,,,69.0,195.0,27.3150625,5.0,Georgia State,2014.0,2014.0,,,,0.18421052
2019,13,00-0030669,A.Wilson,WR,MIA,PHI,0,0,0.0,0,0.0,0.0,0.0,2,31.0,0,5,5,32.0,0,6.3,11.3,,,69.0,195.0,27.3150625,5.0,Georgia State,2014.0,2014.0,,,6.0,0.12820514
2019,14,00-0030669,A.Wilson,WR,MIA,NYJ,0,0,0.0,0,0.0,0.0,0.0,0,0.0,0,2,1,5.0,0,0.5,1.5,,,69.0,195.0,27.3150625,5.0,Georgia State,2014.0,2014.0,,,,0.057142857
2019,15,00-0030669,A.Wilson,WR,MIA,NYG,0,0,0.0,0,0.0,0.0,0.0,0,0.0,0,8,5,59.0,0,5.9,10.9,,,69.0,195.0,27.3150625,5.0,Georgia State,2014.0,2014.0,,,,0.19512194
2019,16,00-0030669,A.Wilson,WR,MIA,CIN,0,0,0.0,0,0.0,0.0,0.0,1,9.0,0,7,7,79.0,0,8.8,15.8,,,69.0,195.0,27.3150625,5.0,Georgia State,2014.0,2014.0,,,3.0,0.13725491
2019,17,00-0030669,A.Wilson,WR,MIA,NE,1,2,20.0,0,0.0,0.0,-0.0,0,0.0,0,8,5,59.0,0,6.7,11.7,,,69.0,195.0,27.3150625,5.0,Georgia State,2014.0,2014.0,,,,0.18181819
2019,1,00-0030670,B.Fowler,WR,NYG,DAL,0,0,0.0,0,0.0,0.0,0.0,0,0.0,0,5,5,40.0,0,4.0,9.0,,,73.0,218.0,28.397125,5.0,Michigan State,2014.0,2014.0,,,,0.11363637
2019,2,00-0030670,B.Fowler,WR,NYG,BUF,0,0,0.0,0,0.0,0.0,0.0,1,20.0,0,10,5,51.0,0,7.1,12.1,,,73.0,218.0,28.397125,5.0,Michigan State,2014.0,2014.0,,,-14.0,0.22727273
2019,3,00-0030670,B.Fowler,WR,NYG,TB,0,0,0.0,0,0.0,0.0,0.0,0,0.0,0,3,1,5.0,0,0.5,1.5,,,73.0,218.0,28.397125,5.0,Michigan State,2014.0,2014.0,,,,0.083333336
2019,4,00-0030670,B.Fowler,WR,NYG,WAS,0,0,0.0,0,0.0,0.0,0.0,0,0.0,0,2,1,3.0,0,0.3,1.3,,,73.0,218.0,28.397125,5.0,Michigan State,2014.0,2014.0,,,21.0,0.06451613
2019,7,00-0030670,B.Fowler,WR,NYG,ARI,0,0,0.0,0,0.0,0.0,0.0,0,0.0,0,5,4,35.0,0,3.5,7.5,,,73.0,218.0,28.397125,5.0,Michigan State,2014.0,2014.0,,,-6.0,0.14285715
2019,8,00-0030670,B.Fowler,WR,NYG,DET,0,0,0.0,0,0.0,0.0,0.0,0,0.0,0,2,2,21.0,0,2.1,4.1,,,73.0,218.0,28.397125,5.0,Michigan State,2014.0,2014.0,,,,0.05
2019,9,00-0030670,B.Fowler,WR,NYG,DAL,0,0,0.0,0,0.0,0.0,0.0,0,0.0,0,6,3,22.0,0,2.2,5.2,,,73.0,218.0,28.397125,5.0,Michigan State,2014.0,2014.0,,,-19.0,0.14634146
2019,10,00-0030670,B.Fowler,WR,NYG,NYJ,0,0,0.0,0,0.0,0.0,0.0,0,0.0,0,3,2,16.0,0,3.6,5.6,,,73.0,218.0,28.397125,5.0,Michigan State,2014.0,2014.0,,,,0.078947365
2019,2,00-0030710,T.Burton,TE,CHI,DEN,0,0,0.0,0,0.0,0.0,0.0,0,0.0,0,3,2,5.0,0,0.5,2.5,,,74.0,238.0,28.0159375,5.0,Florida,2014.0,2014.0,,,,0.11111111
2019,3,00-0030710,T.Burton,TE,CHI,WAS,0,0,0.0,0,0.0,0.0,0.0,0,0.0,0,4,4,20.0,0,2.0,6.0,,,74.0,238.0,28.0159375,5.0,Florida,2014.0,2014.0,,,,0.12903225
2019,4,00-0030710,T.Burton,TE,CHI,MIN,0,0,0.0,0,0.0,0.0,0.0,0,0.0,0,4,2,16.0,0,1.6,3.6,,,74.0,238.0,28.0159375,5.0,Florida,2014.0,2014.0,,,10.0,0.121212125
2019,5,00-0030710,T.Burton,TE,CHI,LV,0,0,0.0,0,0.0,0.0,0.0,0,0.0,0,3,3,16.0,0,1.6,4.6,,,74.0,238.0,28.0159375,5.0,Florida,2014.0,2014.0,,,,0.1
2019,7,00-0030710,T.Burton,TE,CHI,NO,0,0,0.0,0,0.0,0.0,0.0,0,0.0,0,4,2,11.0,0,1.1,3.1,,,74.0,238.0,28.0159375,5.0,Florida,2014.0,2014.0,,,-11.0,0.078431375
2019,8,00-0030710,T.Burton,TE,CHI,LAC,0,0,0.0,0,0.0,0.0,0.0,0,0.0,0,4,1,16.0,0,1.6,2.6,,,74.0,238.0,28.0159375,5.0,Florida,2014.0,2014.0,,,-1.0,0.121212125
2019,9,00-0030710,T.Burton,TE,CHI,PHI,0,0,0.0,0,0.0,0.0,0.0,0,0.0,0,1,0,0.0,0,0.0,0.0,,,74.0,238.0,28.0159375,5.0,Florida,2014.0,2014.0,,,,0.04761905
2019,10,00-0030710,T.Burton,TE,CHI,DET,0,0,0.0,0,0.0,0.0,0.0,0,0.0,0,1,0,0.0,0,0.0,0.0,,,74.0,238.0,28.0159375,5.0,Florida,2014.0,2014.0,,,7.0,0.04347826
2019,8,00-0030741,R.Nix,FB,PIT,MIA,0,0,0.0,0,0.0,0.0,0.0,0,0.0,0,2,2,4.0,0,0.4,2.4,,,71.0,248.0,27.597,5.0,Kent State,2014.0,2014.0,,,13.0,0.055555556
2019,9,00-0030741,R.Nix,FB,PIT,IND,0,0,0.0,0,0.0,0.0,0.0,0,0.0,0,1,0,0.0,0,0.0,0.0,,,71.0,248.0,27.597,5.0,Kent State,2014.0,2014.0,,,2.0,0.029411765
2019,1,00-0030821,A.Hurns,WR,MIA,BAL,0,0,0.0,0,0.0,0.0,0.0,0,0.0,0,2,1,22.0,0,2.2,3.2,,,75.0,195.0,27.980375,5.0,Miami,2014.0,2014.0,,,-49.0,0.0625
2019,2,00-0030821,A.Hurns,WR,MIA,NE,0,0,0.0,0,0.0,0.0,0.0,0,0.0,0,2,1,13.0,0,1.3,2.3,,,75.0,195.0,27.980375,5.0,Miami,2014.0,2014.0,,,-43.0,0.051282052
2019,3,00-0030821,A.Hurns,WR,MIA,DAL,0,0,0.0,0,0.0,0.0,0.0,0,0.0,0,2,1,6.0,0,0.6,1.6,,,75.0,195.0,27.980375,5.0,Miami,2014.0,2014.0,,,,0.048780486
2019,6,00-0030821,A.Hurns,WR,MIA,WAS,0,0,0.0,0,0.0,0.0,0.0,0,0.0,0,2,2,16.0,0,1.6,3.6,,,75.0,195.0,27.980375,5.0,Miami,2014.0,2014.0,,,-1.0,0.04761905
2019,7,00-0030821,A.Hurns,WR,MIA,BUF,0,0,0.0,0,0.0,0.0,0.0,0,0.0,0,3,3,53.0,0,5.3,8.3,,,75.0,195.0,27.980375,5.0,Miami,2014.0,2014.0,,,,0.0882353
2019,8,00-0030821,A.Hurns,WR,MIA,PIT,0,0,0.0,0,0.0,0.0,0.0,0,0.0,0,1,1,12.0,1,7.2,8.2,,,75.0,195.0,27.980375,5.0,Miami,2014.0,2014.0,,,,0.030303031
2019,9,00-0030821,A.Hurns,WR,MIA,NYJ,0,0,0.0,0,0.0,0.0,0.0,0,0.0,0,3,2,16.0,0,1.6,3.6,,,75.0,195.0,27.980375,5.0,Miami,2014.0,2014.0,,,8.0,0.083333336
2019,10,00-0030821,A.Hurns,WR,MIA,IND,0,0,0.0,0,0.0,0.0,0.0,0,0.0,0,4,2,32.0,0,3.2,5.2,,,75.0,195.0,27.980375,5.0,Miami,2014.0,2014.0,,,,0.121212125
2019,11,00-0030821,A.Hurns,WR,MIA,BUF,0,0,0.0,0,0.0,0.0,0.0,0,0.0,0,6,4,53.0,0,3.3,7.3,,,75.0,195.0,27.980375,5.0,Miami,2014.0,2014.0,,,-17.0,0.13636364
2019,12,00-0030821,A.Hurns,WR,MIA,CLE,0,0,0.0,0,0.0,0.0,0.0,0,0.0,0,7,4,42.0,1,10.2,14.2,,,75.0,195.0,27.980375,5.0,Miami,2014.0,2014.0,,,,0.18421052
2019,13,00-0030821,A.Hurns,WR,MIA,PHI,0,0,0.0,0,0.0,0.0,0.0,0,0.0,0,4,3,33.0,0,3.3,6.3,,,75.0,195.0,27.980375,5.0,Miami,2014.0,2014.0,,,6.0,0.102564104
2019,14,00-0030821,A.Hurns,WR,MIA,NYJ,0,0,0.0,0,0.0,0.0,0.0,0,0.0,0,8,5,68.0,0,6.8,11.8,,,75.0,195.0,27.980375,5.0,Miami,2014.0,2014.0,,,,0.22857143
2019,15,00-0030821,A.Hurns,WR,MIA,NYG,0,0,0.0,0,0.0,0.0,0.0,0,0.0,0,1,1,9.0,0,0.9,1.9,,,75.0,195.0,27.980375,5.0,Miami,2014.0,2014.0,,,,0.024390243
2019,16,00-0030821,A.Hurns,WR,MIA,CIN,0,0,0.0,0,0.0,0.0,0.0,0,0.0,0,2,2,41.0,0,4.1,6.1,,,75.0,195.0,27.980375,5.0,Miami,2014.0,2014.0,,,3.0,0.039215688
2019,1,00-0030874,D.Williams,RB,KC,JAX,0,0,0.0,0,0.0,0.0,0.0,13,26.0,1,6,6,39.0,0,12.5,18.5,,,71.0,224.0,27.614894736842103,5.0,Oklahoma,2014.0,2014.0,,,,0.1764706
2019,2,00-0030874,D.Williams,RB,KC,LV,0,0,0.0,0,0.0,0.0,0.0,9,8.0,0,5,3,48.0,0,5.6,8.6,,,71.0,224.0,27.614894736842103,5.0,Oklahoma,2014.0,2014.0,,,,0.11363637
2019,5,00-0030874,D.Williams,RB,KC,IND,0,0,0.0,0,0.0,0.0,0.0,9,23.0,0,4,3,15.0,0,3.8,6.8,,,71.0,224.0,27.614894736842103,5.0,Oklahoma,2014.0,2014.0,,,-6.0,0.10810811
2019,6,00-0030874,D.Williams,RB,KC,HOU,0,0,0.0,0,0.0,0.0,0.0,1,6.0,0,1,1,14.0,1,8.0,9.0,,,71.0,224.0,27.614894736842103,5.0,Oklahoma,2014.0,2014.0,,,-7.0,0.028571429
2019,7,00-0030874,D.Williams,RB,KC,DEN,0,0,0.0,0,0.0,0.0,0.0,9,7.0,0,3,2,-1.0,0,0.6,2.6,,,71.0,224.0,27.614894736842103,5.0,Oklahoma,2014.0,2014.0,,,,0.10344828
2019,8,00-0030874,D.Williams,RB,KC,GB,0,0,0.0,0,0.0,0.0,0.0,7,30.0,1,0,0,0.0,0,9.0,9.0,,,71.0,224.0,27.614894736842103,5.0,Oklahoma,2014.0,2014.0,,,-7.0,
2019,9,00-0030874,D.Williams,RB,KC,MIN,0,0,0.0,0,0.0,0.0,0.0,12,125.0,1,2,2,3.0,0,18.8,20.8,,,71.0,224.0,27.614894736842103,5.0,Oklahoma,2014.0,2014.0,,,3.0,0.05882353
2019,10,00-0030874,D.Williams,RB,KC,TEN,0,0,0.0,0,0.0,0.0,0.0,19,77.0,0,5,5,32.0,0,8.9,13.9,,,71.0,224.0,27.614894736842103,5.0,Oklahoma,2014.0,2014.0,,,,0.10204082
2019,11,00-0030874,D.Williams,RB,KC,LAC,0,0,0.0,0,0.0,0.0,0.0,4,7.0,0,1,1,6.0,0,1.3,2.3,,,71.0,224.0,27.614894736842103,5.0,Oklahoma,2014.0,2014.0,,,,0.03125
2019,16,00-0030874,D.Williams,RB,KC,CHI,0,0,0.0,0,0.0,0.0,0.0,16,65.0,0,3,3,27.0,1,15.2,18.2,,,71.0,224.0,27.614894736842103,5.0,Oklahoma,2014.0,2014.0,,,,0.1
2019,17,00-0030874,D.Williams,RB,KC,LAC,0,0,0.0,0,0.0,0.0,0.0,12,124.0,2,7,4,30.0,0,27.4,31.4,,,71.0,224.0,27.614894736842103,5.0,Oklahoma,2014.0,2014.0,,,10.0,0.28
2019,19,00-0030874,D.Williams,RB,KC,HOU,0,0,0.0,0,0.0,0.0,0.0,12,47.0,2,6,2,21.0,1,24.8,26.8,,,71.0,224.0,27.614894736842103,5.0,Oklahoma,2014.0,2014.0,,,20.0,0.17142858
2019,20,00-0030874,D.Williams,RB,KC,TEN,0,0,0.0,0,0.0,0.0,0.0,17,45.0,1,6,5,44.0,0,14.9,19.9,,,71.0,224.0,27.614894736842103,5.0,Oklahoma,2014.0,2014.0,,,11.0,0.1875
2019,21,00-0030874,D.Williams,RB,KC,SF,0,0,0.0,0,0.0,0.0,0.0,17,104.0,1,8,4,29.0,1,25.3,29.3,,,71.0,224.0,27.614894736842103,5.0,Oklahoma,2014.0,2014.0,,,11.0,0.20512821
2019,6,00-0030968,K.Smith,FB,ATL,ARI,0,0,0.0,0,0.0,0.0,0.0,1,2.0,0,0,0,0.0,0,0.2,0.2,,,72.0,240.0,27.5695625,5.0,San Jose State,2014.0,2014.0,,,,
2019,7,00-0030968,K.Smith,FB,ATL,LA,0,0,0.0,0,0.0,0.0,0.0,0,0.0,0,1,0,0.0,0,0.0,0.0,,,72.0,240.0,27.5695625,5.0,San Jose State,2014.0,2014.0,,,-27.0,0.030303031
2019,11,00-0030968,K.Smith,FB,ATL,CAR,0,0,0.0,0,0.0,0.0,0.0,1,3.0,0,0,0,0.0,0,0.3,0.3,,,72.0,240.0,27.5695625,5.0,San Jose State,2014.0,2014.0,,,,
2019,13,00-0030968,K.Smith,FB,ATL,NO,0,0,0.0,0,0.0,0.0,0.0,2,4.0,0,1,0,0.0,0,0.4,0.4,,,72.0,240.0,27.5695625,5.0,San Jose State,2014.0,2014.0,,,-8.0,0.021276595
2019,16,00-0030968,K.Smith,FB,ATL,JAX,0,0,0.0,0,0.0,0.0,0.0,0,0.0,0,1,1,13.0,0,1.3,2.3,,,72.0,240.0,27.5695625,5.0,San Jose State,2014.0,2014.0,,,12.0,0.023255814
2019,17,00-0030968,K.Smith,FB,ATL,TB,0,0,0.0,0,0.0,0.0,0.0,1,-1.0,0,0,0,0.0,0,-0.1,-0.1,,,72.0,240.0,27.5695625,5.0,San Jose State,2014.0,2014.0,,,,
2019,1,00-0031023,Q.Enunwa,WR,NYJ,BUF,0,0,0.0,0,0.0,0.0,0.0,0,0.0,0,3,1,-4.0,0,-2.4,-1.4,,,74.0,225.0,27.430875,5.0,Nebraska,2014.0,2014.0,NYJ,209.0,-1.0,0.07317073
2019,2,00-0031035,X.Grimble,TE,PIT,SEA,0,0,0.0,0,0.0,0.0,0.0,0,0.0,0,1,0,0.0,0,0.0,0.0,,,76.0,261.0,27.1151875,5.0,Southern California,2014.0,2014.0,,,-2.0,0.029411765
2019,3,00-0031035,X.Grimble,TE,PIT,SF,0,0,0.0,0,0.0,0.0,0.0,0,0.0,0,2,1,3.0,0,0.3,1.3,,,76.0,261.0,27.1151875,5.0,Southern California,2014.0,2014.0,,,,0.07692308
2019,1,00-0031045,C.Hyde,RB,HOU,NO,0,0,0.0,0,0.0,0.0,0.0,10,83.0,0,1,1,2.0,0,8.5,9.5,,,72.0,229.0,29.138333333333335,5.0,Ohio State,2014.0,2014.0,SF,57.0,,0.03448276
2019,2,00-0031045,C.Hyde,RB,HOU,JAX,0,0,0.0,0,0.0,0.0,0.0,20,90.0,0,0,0,0.0,0,9.0,9.0,,,72.0,229.0,29.138333333333335,5.0,Ohio State,2014.0,2014.0,SF,57.0,1.0,
2019,3,00-0031045,C.Hyde,RB,HOU,LAC,0,0,0.0,0,0.0,0.0,0.0,10,19.0,1,0,0,0.0,0,7.9,7.9,,,72.0,229.0,29.138333333333335,5.0,Ohio State,2014.0,2014.0,SF,57.0,,
2019,4,00-0031045,C.Hyde,RB,HOU,CAR,0,0,0.0,0,0.0,0.0,0.0,12,58.0,0,5,4,6.0,0,6.4,10.4,,,72.0,229.0,29.138333333333335,5.0,Ohio State,2014.0,2014.0,SF,57.0,-6.0,0.15625
2019,5,00-0031045,C.Hyde,RB,HOU,ATL,0,0,0.0,0,0.0,0.0,0.0,21,60.0,1,1,0,0.0,0,12.0,12.0,,,72.0,229.0,29.138333333333335,5.0,Ohio State,2014.0,2014.0,SF,57.0,21.0,0.030303031
2019,6,00-0031045,C.Hyde,RB,HOU,KC,0,0,0.0,0,0.0,0.0,0.0,26,116.0,1,1,1,14.0,0,17.0,18.0,,,72.0,229.0,29.138333333333335,5.0,Ohio State,2014.0,2014.0,SF,57.0,,0.023809524
2019,7,00-0031045,C.Hyde,RB,HOU,IND,0,0,0.0,0,0.0,0.0,0.0,12,35.0,0,1,0,0.0,0,3.5,3.5,,,72.0,229.0,29.138333333333335,5.0,Ohio State,2014.0,2014.0,SF,57.0,,0.030303031
2019,8,00-0031045,C.Hyde,RB,HOU,LV,0,0,0.0,0,0.0,0.0,0.0,19,83.0,0,1,0,0.0,0,8.3,8.3,,,72.0,229.0,29.138333333333335,5.0,Ohio State,2014.0,2014.0,SF,57.0,3.0,0.02631579
2019,9,00-0031045,C.Hyde,RB,HOU,JAX,0,0,0.0,0,0.0,0.0,0.0,19,160.0,0,0,0,0.0,0,14.0,14.0,,,72.0,229.0,29.138333333333335,5.0,Ohio State,2014.0,2014.0,SF,57.0,,
2019,11,00-0031045,C.Hyde,RB,HOU,BAL,0,0,0.0,0,0.0,0.0,0.0,9,65.0,1,1,0,0.0,0,12.5,12.5,,,72.0,229.0,29.138333333333335,5.0,Ohio State,2014.0,2014.0,SF,57.0,,0.033333335
2019,12,00-0031045,C.Hyde,RB,HOU,IND,0,0,0.0,0,0.0,0.0,0.0,16,67.0,0,0,0,0.0,0,6.7,6.7,,,72.0,229.0,29.138333333333335,5.0,Ohio State,2014.0,2014.0,SF,57.0,3.0,
2019,13,00-0031045,C.Hyde,RB,HOU,NE,0,0,0.0,0,0.0,0.0,0.0,10,17.0,0,1,1,5.0,0,2.2,3.2,,,72.0,229.0,29.138333333333335,5.0,Ohio State,2014.0,2014.0,SF,57.0,6.0,0.03846154
2019,14,00-0031045,C.Hyde,RB,HOU,DEN,0,0,0.0,0,0.0,0.0,0.0,14,73.0,0,3,2,5.0,0,7.8,9.8,,,72.0,229.0,29.138333333333335,5.0,Ohio State,2014.0,2014.0,SF,57.0,-14.0,0.06382979
2019,15,00-0031045,C.Hyde,RB,HOU,TEN,0,0,0.0,0,0.0,0.0,0.0,26,104.0,1,0,0,0.0,0,16.4,16.4,,,72.0,229.0,29.138333333333335,5.0,Ohio State,2014.0,2014.0,SF,57.0,,
2019,16,00-0031045,C.Hyde,RB,HOU,TB,0,0,0.0,0,0.0,0.0,0.0,17,27.0,1,1,1,10.0,0,9.7,10.7,,,72.0,229.0,29.138333333333335,5.0,Ohio State,2014.0,2014.0,SF,57.0,,0.03125
2019,17,00-0031045,C.Hyde,RB,HOU,TEN,0,0,0.0,0,0.0,0.0,0.0,4,13.0,0,0,0,0.0,0,1.3,1.3,,,72.0,229.0,29.138333333333335,5.0,Ohio State,2014.0,2014.0,SF,57.0,-21.0,
2019,18,00-0031045,C.Hyde,RB,HOU,BUF,0,0,0.0,0,0.0,0.0,0.0,16,48.0,0,1,1,5.0,1,11.3,12.3,,,72.0,229.0,29.138333333333335,5.0,Ohio State,2014.0,2014.0,SF,57.0,3.0,0.04
2019,19,00-0031045,C.Hyde,RB,HOU,KC,0,0,0.0,0,0.0,0.0,0.0,13,44.0,0,4,3,18.0,0,6.2,9.2,,,72.0,229.0,29.138333333333335,5.0,Ohio State,2014.0,2014.0,SF,57.0,,0.08
2019,1,00-0031051,J.Brown,WR,BUF,NYJ,0,0,0.0,0,0.0,0.0,0.0,0,0.0,0,10,7,123.0,1,18.3,25.3,,,71.0,179.0,29.598,5.0,Pittsburg State,2014.0,2014.0,ARI,91.0,,0.2857143
2019,2,00-0031051,J.Brown,WR,BUF,NYG,0,0,0.0,0,0.0,0.0,0.0,0,0.0,0,8,7,72.0,0,7.2,14.2,,,71.0,179.0,29.598,5.0,Pittsburg State,2014.0,2014.0,ARI,91.0,,0.2857143
2019,3,00-0031051,J.Brown,WR,BUF,CIN,0,0,0.0,0,0.0,0.0,0.0,1,4.0,0,5,4,51.0,0,5.5,9.5,,,71.0,179.0,29.598,5.0,Pittsburg State,2014.0,2014.0,ARI,91.0,4.0,0.15151516
2019,4,00-0031051,J.Brown,WR,BUF,NE,0,0,0.0,0,0.0,0.0,0.0,0,0.0,0,11,5,69.0,0,6.9,11.9,,,71.0,179.0,29.598,5.0,Pittsburg State,2014.0,2014.0,ARI,91.0,-6.0,0.2682927
2019,5,00-0031051,J.Brown,WR,BUF,TEN,0,0,0.0,0,0.0,0.0,0.0,0,0.0,0,5,5,75.0,0,7.5,12.5,,,71.0,179.0,29.598,5.0,Pittsburg State,2014.0,2014.0,ARI,91.0,,0.1724138
2019,7,00-0031051,J.Brown,WR,BUF,MIA,0,0,0.0,0,0.0,0.0,0.0,0,0.0,0,6,5,83.0,1,14.3,19.3,,,71.0,179.0,29.598,5.0,Pittsburg State,2014.0,2014.0,ARI,91.0,10.0,0.24
2019,8,00-0031051,J.Brown,WR,BUF,PHI,0,0,0.0,0,0.0,0.0,0.0,0,0.0,0,8,5,54.0,0,5.4,10.4,,,71.0,179.0,29.598,5.0,Pittsburg State,2014.0,2014.0,ARI,91.0,-18.0,0.2580645
2019,9,00-0031051,J.Brown,WR,BUF,WAS,0,0,0.0,0,0.0,0.0,0.0,0,0.0,0,7,4,76.0,0,7.6,11.6,,,71.0,179.0,29.598,5.0,Pittsburg State,2014.0,2014.0,ARI,91.0,15.0,0.35
2019,10,00-0031051,J.Brown,WR,BUF,CLE,0,0,0.0,0,0.0,0.0,0.0,0,0.0,0,11,5,77.0,0,7.7,12.7,,,71.0,179.0,29.598,5.0,Pittsburg State,2014.0,2014.0,ARI,91.0,,0.2820513
2019,11,00-0031051,J.Brown,WR,BUF,MIA,0,0,0.0,0,0.0,0.0,0.0,0,0.0,0,14,9,137.0,2,25.7,34.7,,,71.0,179.0,29.598,5.0,Pittsburg State,2014.0,2014.0,ARI,91.0,,0.4516129
2019,12,00-0031051,J.Brown,WR,BUF,DEN,0,0,0.0,0,0.0,0.0,0.0,0,0.0,0,4,2,39.0,1,9.9,11.9,,,71.0,179.0,29.598,5.0,Pittsburg State,2014.0,2014.0,ARI,91.0,17.0,0.18181819
2019,13,00-0031051,J.Brown,WR,BUF,DAL,1,1,28.0,1,0.0,0.0,-0.0,0,0.0,0,4,3,26.0,0,7.72,10.72,,,71.0,179.0,29.598,5.0,Pittsburg State,2014.0,2014.0,ARI,91.0,,0.16
2019,14,00-0031051,J.Brown,WR,BUF,BAL,0,0,0.0,0,0.0,0.0,0.0,0,0.0,0,8,3,26.0,0,2.6,5.6,,,71.0,179.0,29.598,5.0,Pittsburg State,2014.0,2014.0,ARI,91.0,-7.0,0.21621622
2019,15,00-0031051,J.Brown,WR,BUF,PIT,0,0,0.0,0,0.0,0.0,0.0,0,0.0,0,10,7,99.0,0,9.9,16.9,,,71.0,179.0,29.598,5.0,Pittsburg State,2014.0,2014.0,ARI,91.0,,0.41666666
2019,16,00-0031051,J.Brown,WR,BUF,NE,0,0,0.0,0,0.0,0.0,0.0,1,3.0,0,4,1,53.0,1,11.6,12.6,,,71.0,179.0,29.598,5.0,Pittsburg State,2014.0,2014.0,ARI,91.0,,0.15384616
2019,18,00-0031051,J.Brown,WR,BUF,HOU,1,1,16.0,1,0.0,0.0,-0.0,0,0.0,0,8,4,50.0,0,9.64,13.64,,,71.0,179.0,29.598,5.0,Pittsburg State,2014.0,2014.0,ARI,91.0,,0.18604651
2019,2,00-0031060,D.Thomas,WR,KC,LV,0,0,0.0,0,0.0,0.0,0.0,0,0.0,0,1,1,6.0,0,0.6,1.6,,,68.0,176.0,26.835166666666666,5.0,Oregon,2014.0,2014.0,KC,124.0,,0.022727273
2019,6,00-0031060,D.Thomas,WR,KC,HOU,0,0,0.0,0,0.0,0.0,0.0,1,4.0,0,1,0,0.0,0,0.4,0.4,,,68.0,176.0,26.835166666666666,5.0,Oregon,2014.0,2014.0,KC,124.0,-7.0,0.028571429
2019,17,00-0031060,D.Thomas,WR,BAL,PIT,0,0,0.0,0,0.0,0.0,0.0,1,1.0,0,0,0,0.0,0,0.1,0.1,,,68.0,176.0,26.835166666666666,5.0,Oregon,2014.0,2014.0,KC,124.0,18.0,
2019,1,00-0031062,J.White,RB,NE,PIT,0,0,0.0,0,0.0,0.0,0.0,4,26.0,0,7,5,56.0,0,8.2,13.2,,,70.0,205.0,27.756470588235295,5.0,Wisconsin,2014.0,2014.0,NE,130.0,30.0,0.1891892
2019,2,00-0031062,J.White,RB,NE,MIA,0,0,0.0,0,0.0,0.0,0.0,3,10.0,0,4,3,19.0,1,8.9,11.9,,,70.0,205.0,27.756470588235295,5.0,Wisconsin,2014.0,2014.0,NE,130.0,,0.14285715
2019,4,00-0031062,J.White,RB,NE,BUF,0,0,0.0,0,0.0,0.0,0.0,1,1.0,0,10,8,57.0,0,5.8,13.8,,,70.0,205.0,27.756470588235295,5.0,Wisconsin,2014.0,2014.0,NE,130.0,,0.29411766
2019,5,00-0031062,J.White,RB,NE,WAS,0,0,0.0,0,0.0,0.0,0.0,6,26.0,0,9,6,46.0,0,7.2,13.2,,,70.0,205.0,27.756470588235295,5.0,Wisconsin,2014.0,2014.0,NE,130.0,,0.225
2019,6,00-0031062,J.White,RB,NE,NYG,0,0,0.0,0,0.0,0.0,0.0,2,-1.0,0,9,9,46.0,0,4.5,13.5,,,70.0,205.0,27.756470588235295,5.0,Wisconsin,2014.0,2014.0,NE,130.0,21.0,0.2195122
2019,7,00-0031062,J.White,RB,NE,NYJ,0,0,0.0,0,0.0,0.0,0.0,5,0.0,0,8,7,59.0,0,5.9,12.9,,,70.0,205.0,27.756470588235295,5.0,Wisconsin,2014.0,2014.0,NE,130.0,,0.1904762
2019,8,00-0031062,J.White,RB,NE,CLE,0,0,0.0,0,0.0,0.0,0.0,2,4.0,0,5,4,75.0,0,7.9,11.9,,,70.0,205.0,27.756470588235295,5.0,Wisconsin,2014.0,2014.0,NE,130.0,14.0,0.15625
2019,9,00-0031062,J.White,RB,NE,BAL,0,0,0.0,0,0.0,0.0,0.0,9,38.0,1,3,2,46.0,0,14.4,16.4,,,70.0,205.0,27.756470588235295,5.0,Wisconsin,2014.0,2014.0,NE,130.0,,0.07317073
2019,11,00-0031062,J.White,RB,NE,PHI,0,0,0.0,0,0.0,0.0,0.0,5,20.0,0,7,4,16.0,0,5.6,9.6,,,70.0,205.0,27.756470588235295,5.0,Wisconsin,2014.0,2014.0,NE,130.0,,0.15555556
2019,12,00-0031062,J.White,RB,NE,DAL,0,0,0.0,0,0.0,0.0,0.0,2,5.0,0,3,1,-6.0,0,-0.1,0.9,,,70.0,205.0,27.756470588235295,5.0,Wisconsin,2014.0,2014.0,NE,130.0,4.0,0.08571429
2019,13,00-0031062,J.White,RB,NE,HOU,0,0,0.0,0,0.0,0.0,0.0,14,79.0,0,11,8,98.0,2,29.7,37.7,,,70.0,205.0,27.756470588235295,5.0,Wisconsin,2014.0,2014.0,NE,130.0,,0.24444444
2019,14,00-0031062,J.White,RB,NE,KC,1,1,35.0,0,0.0,0.0,-0.0,6,33.0,0,7,5,27.0,0,7.4,12.4,,,70.0,205.0,27.756470588235295,5.0,Wisconsin,2014.0,2014.0,NE,130.0,-7.0,0.2
2019,15,00-0031062,J.White,RB,NE,CIN,0,0,0.0,0,0.0,0.0,0.0,3,13.0,0,4,3,49.0,1,12.2,15.2,,,70.0,205.0,27.756470588235295,5.0,Wisconsin,2014.0,2014.0,NE,130.0,,0.14285715
2019,16,00-0031062,J.White,RB,NE,BUF,0,0,0.0,0,0.0,0.0,0.0,3,5.0,0,5,4,24.0,0,2.9,6.9,,,70.0,205.0,27.756470588235295,5.0,Wisconsin,2014.0,2014.0,NE,130.0,7.0,0.15625
2019,17,00-0031062,J.White,RB,NE,MIA,0,0,0.0,0,0.0,0.0,0.0,2,4.0,0,3,3,33.0,1,9.7,12.7,,,70.0,205.0,27.756470588235295,5.0,Wisconsin,2014.0,2014.0,NE,130.0,-3.0,0.10344828
2019,18,00-0031062,J.White,RB,NE,TEN,0,0,0.0,0,0.0,0.0,0.0,1,14.0,0,5,5,62.0,0,7.6,12.6,,,70.0,205.0,27.756470588235295,5.0,Wisconsin,2014.0,2014.0,NE,130.0,-7.0,0.14285715
2019,1,00-0031068,R.Grant,WR,LV,DEN,0,0,0.0,0,0.0,0.0,0.0,0,0.0,0,4,3,16.0,0,1.6,4.6,,,72.0,195.0,28.898470588235295,5.0,Tulane,2014.0,2014.0,WAS,142.0,,0.15384616
2019,2,00-0031068,R.Grant,WR,LV,KC,0,0,0.0,0,0.0,0.0,0.0,0,0.0,0,5,1,-2.0,0,-0.2,0.8,,,72.0,195.0,28.898470588235295,5.0,Tulane,2014.0,2014.0,WAS,142.0,,0.13513513
2019,5,00-0031076,D.Fales,QB,NYJ,PHI,0,0,0.0,0,0.0,1.0,7.0,0,0.0,0,0,0,0.0,0,0.0,0.0,,,74.0,219.0,29.087062500000002,5.0,San Jose State,2014.0,2014.0,CHI,183.0,,
2019,1,00-0031166,S.Roberts,WR,BAL,MIA,0,0,0.0,0,0.0,0.0,0.0,0,0.0,0,1,1,10.0,0,1.0,2.0,,,74.0,195.0,28.70735294117647,5.0,West Alabama,2014.0,2014.0,,,,0.04
2019,3,00-0031166,S.Roberts,WR,BAL,KC,0,0,0.0,0,0.0,0.0,0.0,0,0.0,0,2,2,37.0,0,3.7,5.7,,,74.0,195.0,28.70735294117647,5.0,West Alabama,2014.0,2014.0,,,,0.046511628
2019,4,00-0031166,S.Roberts,WR,BAL,CLE,0,0,0.0,0,0.0,0.0,0.0,0,0.0,0,5,4,36.0,0,3.6,7.6,,,74.0,195.0,28.70735294117647,5.0,West Alabama,2014.0,2014.0,,,-15.0,0.15151516
2019,5,00-0031166,S.Roberts,WR,BAL,PIT,0,0,0.0,0,0.0,0.0,0.0,0,0.0,0,2,0,0.0,0,0.0,0.0,,,74.0,195.0,28.70735294117647,5.0,West Alabama,2014.0,2014.0,,,,0.071428575
2019,6,00-0031166,S.Roberts,WR,BAL,CIN,0,0,0.0,0,0.0,0.0,0.0,0,0.0,0,2,2,23.0,0,2.3,4.3,,,74.0,195.0,28.70735294117647,5.0,West Alabama,2014.0,2014.0,,,6.0,0.06896552
2019,7,00-0031166,S.Roberts,WR,BAL,SEA,0,0,0.0,0,0.0,0.0,0.0,0,0.0,0,4,1,9.0,0,0.9,1.9,,,74.0,195.0,28.70735294117647,5.0,West Alabama,2014.0,2014.0,,,,0.2
2019,9,00-0031166,S.Roberts,WR,BAL,NE,0,0,0.0,0,0.0,0.0,0.0,0,0.0,0,1,0,0.0,0,0.0,0.0,,,74.0,195.0,28.70735294117647,5.0,West Alabama,2014.0,2014.0,,,17.0,0.04347826
2019,11,00-0031166,S.Roberts,WR,BAL,HOU,0,0,0.0,0,0.0,0.0,0.0,0,0.0,0,1,1,15.0,1,7.5,8.5,,,74.0,195.0,28.70735294117647,5.0,West Alabama,2014.0,2014.0,,,34.0,0.037037037
2019,12,00-0031166,S.Roberts,WR,BAL,LA,0,0,0.0,0,0.0,0.0,0.0,0,0.0,0,4,3,39.0,0,3.9,6.9,,,74.0,195.0,28.70735294117647,5.0,West Alabama,2014.0,2014.0,,,,0.18181819
2019,13,00-0031166,S.Roberts,WR,BAL,SF,0,0,0.0,0,0.0,0.0,0.0,0,0.0,0,2,1,5.0,0,0.5,1.5,,,74.0,195.0,28.70735294117647,5.0,West Alabama,2014.0,2014.0,,,3.0,0.08695652
2019,14,00-0031166,S.Roberts,WR,BAL,BUF,0,0,0.0,0,0.0,0.0,0.0,0,0.0,0,4,1,8.0,0,0.8,1.8,,,74.0,195.0,28.70735294117647,5.0,West Alabama,2014.0,2014.0,,,,0.17391305
2019,15,00-0031166,S.Roberts,WR,BAL,NYJ,0,0,0.0,0,0.0,0.0,0.0,0,0.0,0,3,3,66.0,1,12.6,15.6,,,74.0,195.0,28.70735294117647,5.0,West Alabama,2014.0,2014.0,,,21.0,0.13636364
2019,16,00-0031166,S.Roberts,WR,BAL,CLE,0,0,0.0,0,0.0,0.0,0.0,0,0.0,0,3,2,23.0,0,2.3,4.3,,,74.0,195.0,28.70735294117647,5.0,West Alabama,2014.0,2014.0,,,,0.1
2019,17,00-0031166,S.Roberts,WR,BAL,PIT,0,0,0.0,0,0.0,0.0,0.0,0,0.0,0,1,0,0.0,0,0.0,0.0,,,74.0,195.0,28.70735294117647,5.0,West Alabama,2014.0,2014.0,,,18.0,0.05
2019,19,00-0031166,S.Roberts,WR,BAL,TEN,0,0,0.0,0,0.0,0.0,0.0,0,0.0,0,4,2,30.0,0,3.0,5.0,,,74.0,195.0,28.70735294117647,5.0,West Alabama,2014.0,2014.0,,,-16.0,0.0754717
2019,12,00-0031167,S.Simonson,TE,NYG,CHI,0,0,0.0,0,0.0,0.0,0.0,0,0.0,0,1,1,10.0,0,1.0,2.0,,,77.0,261.0,27.553875,5.0,Assumption,2014.0,2014.0,,,,0.029411765
2019,15,00-0031167,S.Simonson,TE,NYG,MIA,0,0,0.0,0,0.0,0.0,0.0,0,0.0,0,1,1,1.0,0,0.1,1.1,,,77.0,261.0,27.553875,5.0,Assumption,2014.0,2014.0,,,16.0,0.03448276
2019,2,00-0031189,T.Jones,WR,NYG,BUF,0,0,0.0,0,0.0,0.0,0.0,0,0.0,0,4,3,38.0,1,9.8,12.8,,,72.0,190.0,27.288375,5.0,Notre Dame,2014.0,2014.0,DET,189.0,-14.0,0.09090909
2019,17,00-0031209,S.Perry,RB,BUF,NYJ,0,0,0.0,0,0.0,0.0,0.0,3,3.0,0,1,1,1.0,0,0.4,1.4,,,72.0,210.0,28.136,5.0,Louisville,2014.0,2014.0,,,-7.0,0.025641026
2019,1,00-0031228,T.Gabriel,WR,CHI,GB,0,0,0.0,0,0.0,0.0,0.0,0,0.0,0,5,2,24.0,0,2.4,4.4,,,67.0,167.0,28.7113125,5.0,Abilene Christian,2014.0,2014.0,,,-7.0,0.11363637
2019,2,00-0031228,T.Gabriel,WR,CHI,DEN,0,0,0.0,0,0.0,0.0,0.0,1,14.0,0,2,1,11.0,0,2.5,3.5,,,67.0,167.0,28.7113125,5.0,Abilene Christian,2014.0,2014.0,,,,0.074074075
2019,3,00-0031228,T.Gabriel,WR,CHI,WAS,0,0,0.0,0,0.0,0.0,0.0,1,7.0,0,7,6,75.0,3,26.2,32.2,,,67.0,167.0,28.7113125,5.0,Abilene Christian,2014.0,2014.0,,,,0.22580644
2019,7,00-0031228,T.Gabriel,WR,CHI,NO,0,0,0.0,0,0.0,0.0,0.0,0,0.0,0,2,1,6.0,0,0.6,1.6,,,67.0,167.0,28.7113125,5.0,Abilene Christian,2014.0,2014.0,,,-11.0,0.039215688
2019,8,00-0031228,T.Gabriel,WR,CHI,LAC,0,0,0.0,0,0.0,0.0,0.0,0,0.0,0,6,4,53.0,0,5.3,9.3,,,67.0,167.0,28.7113125,5.0,Abilene Christian,2014.0,2014.0,,,-1.0,0.18181819
2019,9,00-0031228,T.Gabriel,WR,CHI,PHI,0,0,0.0,0,0.0,0.0,0.0,0,0.0,0,3,3,69.0,0,6.9,9.9,,,67.0,167.0,28.7113125,5.0,Abilene Christian,2014.0,2014.0,,,,0.14285715
2019,10,00-0031228,T.Gabriel,WR,CHI,DET,0,0,0.0,0,0.0,0.0,0.0,1,-1.0,0,6,4,39.0,1,9.8,13.8,,,67.0,167.0,28.7113125,5.0,Abilene Christian,2014.0,2014.0,,,7.0,0.26086956
2019,11,00-0031228,T.Gabriel,WR,CHI,LA,0,0,0.0,0,0.0,0.0,0.0,0,0.0,0,14,7,57.0,0,5.7,12.7,,,67.0,167.0,28.7113125,5.0,Abilene Christian,2014.0,2014.0,,,,0.31111112
2019,12,00-0031228,T.Gabriel,WR,CHI,NYG,0,0,0.0,0,0.0,0.0,0.0,0,0.0,0,3,1,19.0,0,1.9,2.9,,,67.0,167.0,28.7113125,5.0,Abilene Christian,2014.0,2014.0,,,5.0,0.07317073
2019,1,00-0031235,O.Beckham,WR,CLE,TEN,0,0,0.0,0,0.0,0.0,0.0,0,0.0,0,11,7,71.0,0,7.1,14.1,,,71.0,198.0,26.9946875,5.0,Louisiana State,2014.0,2014.0,NYG,12.0,-30.0,0.28947368
2019,2,00-0031235,O.Beckham,WR,CLE,NYJ,0,0,0.0,0,0.0,0.0,0.0,0,0.0,0,10,6,161.0,1,22.1,28.1,,,71.0,198.0,26.9946875,5.0,Louisiana State,2014.0,2014.0,NYG,12.0,,0.3125
2019,3,00-0031235,O.Beckham,WR,CLE,LA,0,0,0.0,0,0.0,0.0,0.0,0,0.0,0,9,6,56.0,0,5.6,11.6,,,71.0,198.0,26.9946875,5.0,Louisiana State,2014.0,2014.0,NYG,12.0,-7.0,0.2647059
2019,4,00-0031235,O.Beckham,WR,CLE,BAL,0,1,0.0,0,0.0,0.0,-0.0,0,0.0,0,7,2,20.0,0,2.0,4.0,,,71.0,198.0,26.9946875,5.0,Louisiana State,2014.0,2014.0,NYG,12.0,,0.22580644
2019,5,00-0031235,O.Beckham,WR,CLE,SF,1,1,20.0,0,0.0,0.0,-0.0,2,15.0,0,6,2,27.0,0,5.0,7.0,,,71.0,198.0,26.9946875,5.0,Louisiana State,2014.0,2014.0,NYG,12.0,,0.27272728
2019,6,00-0031235,O.Beckham,WR,CLE,SEA,0,0,0.0,0,0.0,0.0,0.0,0,0.0,0,11,6,101.0,0,10.1,16.1,,,71.0,198.0,26.9946875,5.0,Louisiana State,2014.0,2014.0,NYG,12.0,-4.0,0.30555555
2019,8,00-0031235,O.Beckham,WR,CLE,NE,0,0,0.0,0,0.0,0.0,0.0,0,0.0,0,7,5,52.0,0,5.2,10.2,,,71.0,198.0,26.9946875,5.0,Louisiana State,2014.0,2014.0,NYG,12.0,,0.23333333
2019,9,00-0031235,O.Beckham,WR,CLE,DEN,0,0,0.0,0,0.0,0.0,0.0,1,-5.0,0,6,5,87.0,0,8.2,13.2,,,71.0,198.0,26.9946875,5.0,Louisiana State,2014.0,2014.0,NYG,12.0,,0.15
2019,10,00-0031235,O.Beckham,WR,CLE,BUF,0,0,0.0,0,0.0,0.0,0.0,0,0.0,0,12,5,57.0,0,5.7,10.7,,,71.0,198.0,26.9946875,5.0,Louisiana State,2014.0,2014.0,NYG,12.0,3.0,0.31578946
2019,11,00-0031235,O.Beckham,WR,CLE,PIT,0,0,0.0,0,0.0,0.0,0.0,0,0.0,0,10,4,60.0,0,6.0,10.0,,,71.0,198.0,26.9946875,5.0,Louisiana State,2014.0,2014.0,NYG,12.0,14.0,0.33333334
2019,12,00-0031235,O.Beckham,WR,CLE,MIA,0,0,0.0,0,0.0,0.0,0.0,0,0.0,0,8,6,84.0,1,14.4,20.4,,,71.0,198.0,26.9946875,5.0,Louisiana State,2014.0,2014.0,NYG,12.0,17.0,0.24242425
2019,13,00-0031235,O.Beckham,WR,CLE,PIT,0,0,0.0,0,0.0,0.0,0.0,0,0.0,0,6,3,29.0,0,2.9,5.9,,,71.0,198.0,26.9946875,5.0,Louisiana State,2014.0,2014.0,NYG,12.0,,0.18181819
2019,14,00-0031235,O.Beckham,WR,CLE,CIN,0,0,0.0,0,0.0,0.0,0.0,0,0.0,0,5,2,39.0,0,3.9,5.9,,,71.0,198.0,26.9946875,5.0,Louisiana State,2014.0,2014.0,NYG,12.0,8.0,0.22727273
2019,15,00-0031235,O.Beckham,WR,CLE,ARI,0,0,0.0,0,0.0,0.0,0.0,0,0.0,0,14,9,122.0,1,18.2,27.2,,,71.0,198.0,26.9946875,5.0,Louisiana State,2014.0,2014.0,NYG,12.0,,0.3255814
2019,16,00-0031235,O.Beckham,WR,CLE,BAL,0,0,0.0,0,0.0,0.0,0.0,0,0.0,0,6,4,44.0,1,10.4,14.4,,,71.0,198.0,26.9946875,5.0,Louisiana State,2014.0,2014.0,NYG,12.0,-16.0,0.1875
2019,17,00-0031235,O.Beckham,WR,CLE,CIN,0,0,0.0,0,0.0,0.0,0.0,0,0.0,0,6,3,81.0,1,14.1,17.1,,,71.0,198.0,26.9946875,5.0,Louisiana State,2014.0,2014.0,NYG,12.0,,0.25
2019,1,00-0031236,B.Cooks,WR,LA,CAR,0,0,0.0,0,0.0,0.0,0.0,0,0.0,0,6,2,39.0,0,3.9,5.9,,,70.0,183.0,26.1049375,5.0,Oregon State,2014.0,2014.0,NO,20.0,,0.15789473
2019,2,00-0031236,B.Cooks,WR,LA,NO,0,0,0.0,0,0.0,0.0,0.0,1,2.0,0,4,3,74.0,1,13.6,16.6,,,70.0,183.0,26.1049375,5.0,Oregon State,2014.0,2014.0,NO,20.0,18.0,0.14285715
2019,3,00-0031236,B.Cooks,WR,LA,CLE,0,0,0.0,0,0.0,0.0,0.0,1,8.0,0,12,8,112.0,0,12.0,20.0,,,70.0,183.0,26.1049375,5.0,Oregon State,2014.0,2014.0,NO,20.0,,0.31578946
2019,4,00-0031236,B.Cooks,WR,LA,TB,0,0,0.0,0,0.0,0.0,0.0,0,0.0,0,9,6,71.0,0,7.1,13.1,,,70.0,183.0,26.1049375,5.0,Oregon State,2014.0,2014.0,NO,20.0,-15.0,0.13235295
2019,5,00-0031236,B.Cooks,WR,LA,SEA,0,0,0.0,0,0.0,0.0,0.0,1,27.0,0,3,1,29.0,0,5.6,6.6,,,70.0,183.0,26.1049375,5.0,Oregon State,2014.0,2014.0,NO,20.0,,0.06122449
2019,6,00-0031236,B.Cooks,WR,LA,SF,0,0,0.0,0,0.0,0.0,0.0,2,14.0,0,3,3,18.0,0,3.2,6.2,,,70.0,183.0,26.1049375,5.0,Oregon State,2014.0,2014.0,NO,20.0,-13.0,0.125
2019,7,00-0031236,B.Cooks,WR,LA,ATL,0,0,0.0,0,0.0,0.0,0.0,0,0.0,0,7,4,59.0,0,5.9,9.9,,,70.0,183.0,26.1049375,5.0,Oregon State,2014.0,2014.0,NO,20.0,,0.18421052
2019,8,00-0031236,B.Cooks,WR,LA,CIN,0,0,0.0,0,0.0,0.0,0.0,0,0.0,0,1,0,0.0,0,0.0,0.0,,,70.0,183.0,26.1049375,5.0,Oregon State,2014.0,2014.0,NO,20.0,14.0,0.033333335
2019,12,00-0031236,B.Cooks,WR,LA,BAL,0,0,0.0,0,0.0,0.0,0.0,1,1.0,0,4,2,32.0,0,3.3,5.3,,,70.0,183.0,26.1049375,5.0,Oregon State,2014.0,2014.0,NO,20.0,-39.0,0.11111111
2019,13,00-0031236,B.Cooks,WR,LA,ARI,0,0,0.0,0,0.0,0.0,0.0,0,0.0,0,2,2,24.0,0,2.4,4.4,,,70.0,183.0,26.1049375,5.0,Oregon State,2014.0,2014.0,NO,20.0,,0.048780486
2019,14,00-0031236,B.Cooks,WR,LA,SEA,0,0,0.0,0,0.0,0.0,0.0,0,0.0,0,2,0,0.0,0,0.0,0.0,,,70.0,183.0,26.1049375,5.0,Oregon State,2014.0,2014.0,NO,20.0,16.0,0.06666667
2019,15,00-0031236,B.Cooks,WR,LA,DAL,0,0,0.0,0,0.0,0.0,0.0,0,0.0,0,8,4,46.0,0,4.6,8.6,,,70.0,183.0,26.1049375,5.0,Oregon State,2014.0,2014.0,NO,20.0,,0.15686275
2019,16,00-0031236,B.Cooks,WR,LA,SF,0,0,0.0,0,0.0,0.0,0.0,0,0.0,0,6,4,39.0,1,9.9,13.9,,,70.0,183.0,26.1049375,5.0,Oregon State,2014.0,2014.0,NO,20.0,,0.15384616
2019,17,00-0031236,B.Cooks,WR,LA,ARI,0,0,0.0,0,0.0,0.0,0.0,0,0.0,0,5,3,40.0,0,4.0,7.0,,,70.0,183.0,26.1049375,5.0,Oregon State,2014.0,2014.0,NO,20.0,7.0,0.11363637
2019,2,00-0031237,T.Bridgewater,QB,NO,LA,17,30,165.0,0,0.0,2.0,16.0,2,5.0,0,0,0,0.0,0,7.1,7.1,,,74.0,215.0,26.988764705882353,5.0,Louisville,2014.0,2014.0,MIN,32.0,,
2019,3,00-0031237,T.Bridgewater,QB,NO,SEA,19,27,177.0,2,0.0,0.0,-0.0,3,12.0,0,0,0,0.0,0,16.28,16.28,,,74.0,215.0,26.988764705882353,5.0,Louisville,2014.0,2014.0,MIN,32.0,,
2019,4,00-0031237,T.Bridgewater,QB,NO,DAL,23,30,193.0,0,1.0,5.0,44.0,3,8.0,0,0,0,0.0,0,6.52,6.52,,,74.0,215.0,26.988764705882353,5.0,Louisville,2014.0,2014.0,MIN,32.0,2.0,
2019,5,00-0031237,T.Bridgewater,QB,NO,TB,26,34,314.0,4,1.0,0.0,-0.0,5,7.0,0,0,0,0.0,0,27.26,27.26,,,74.0,215.0,26.988764705882353,5.0,Louisville,2014.0,2014.0,MIN,32.0,7.0,
2019,6,00-0031237,T.Bridgewater,QB,NO,JAX,24,36,240.0,1,0.0,3.0,18.0,3,0.0,0,0,0,0.0,0,13.6,13.6,,,74.0,215.0,26.988764705882353,5.0,Louisville,2014.0,2014.0,MIN,32.0,,
2019,7,00-0031237,T.Bridgewater,QB,NO,CHI,23,38,281.0,2,0.0,1.0,8.0,4,7.0,0,0,0,0.0,0,19.94,19.94,,,74.0,215.0,26.988764705882353,5.0,Louisville,2014.0,2014.0,MIN,32.0,,
2019,8,00-0031237,T.Bridgewater,QB,NO,ARI,0,0,0.0,0,0.0,0.0,0.0,2,-2.0,0,0,0,0.0,0,-0.2,-0.2,,,74.0,215.0,26.988764705882353,5.0,Louisville,2014.0,2014.0,MIN,32.0,22.0,
2019,15,00-0031237,T.Bridgewater,QB,NO,IND,0,0,0.0,0,0.0,0.0,0.0,3,-3.0,0,0,0,0.0,0,-0.3,-0.3,,,74.0,215.0,26.988764705882353,5.0,Louisville,2014.0,2014.0,MIN,32.0,27.0,
2019,17,00-0031237,T.Bridgewater,QB,NO,CAR,1,1,14.0,0,0.0,1.0,3.0,3,-3.0,0,0,0,0.0,0,0.26,0.26,,,74.0,215.0,26.988764705882353,5.0,Louisville,2014.0,2014.0,MIN,32.0,,
2019,1,00-0031257,P.Richardson,WR,WAS,PHI,0,0,0.0,0,0.0,0.0,0.0,0,0.0,0,7,4,36.0,0,3.6,7.6,,,72.0,180.0,27.554875,5.0,Colorado,2014.0,2014.0,SEA,45.0,,0.1627907
2019,2,00-0031257,P.Richardson,WR,WAS,DAL,0,0,0.0,0,0.0,0.0,0.0,0,0.0,0,3,3,16.0,1,7.6,10.6,,,72.0,180.0,27.554875,5.0,Colorado,2014.0,2014.0,SEA,45.0,-10.0,0.08108108
2019,3,00-0031257,P.Richardson,WR,WAS,CHI,0,0,0.0,0,0.0,0.0,0.0,0,0.0,0,9,8,83.0,1,14.3,22.3,,,72.0,180.0,27.554875,5.0,Colorado,2014.0,2014.0,SEA,45.0,-16.0,0.21428572
2019,4,00-0031257,P.Richardson,WR,WAS,NYG,0,0,0.0,0,0.0,0.0,0.0,0,0.0,0,5,3,14.0,0,1.4,4.4,,,72.0,180.0,27.554875,5.0,Colorado,2014.0,2014.0,SEA,45.0,,0.1923077
2019,5,00-0031257,P.Richardson,WR,WAS,NE,0,0,0.0,0,0.0,0.0,0.0,0,0.0,0,2,2,14.0,0,1.4,3.4,,,72.0,180.0,27.554875,5.0,Colorado,2014.0,2014.0,SEA,45.0,-26.0,0.074074075
2019,6,00-0031257,P.Richardson,WR,WAS,MIA,0,0,0.0,0,0.0,0.0,0.0,1,0.0,0,4,0,0.0,0,0.0,0.0,,,72.0,180.0,27.554875,5.0,Colorado,2014.0,2014.0,SEA,45.0,,0.16666667
2019,7,00-0031257,P.Richardson,WR,WAS,SF,0,0,0.0,0,0.0,0.0,0.0,0,0.0,0,1,0,0.0,0,0.0,0.0,,,72.0,180.0,27.554875,5.0,Colorado,2014.0,2014.0,SEA,45.0,-9.0,0.083333336
2019,8,00-0031257,P.Richardson,WR,WAS,MIN,0,0,0.0,0,0.0,0.0,0.0,0,0.0,0,4,3,34.0,0,3.4,6.4,,,72.0,180.0,27.554875,5.0,Colorado,2014.0,2014.0,SEA,45.0,,0.1904762
2019,9,00-0031257,P.Richardson,WR,WAS,BUF,0,0,0.0,0,0.0,0.0,0.0,0,0.0,0,5,4,42.0,0,4.2,8.2,,,72.0,180.0,27.554875,5.0,Colorado,2014.0,2014.0,SEA,45.0,,0.22727273
2019,12,00-0031257,P.Richardson,WR,WAS,DET,0,0,0.0,0,0.0,0.0,0.0,0,0.0,0,2,1,6.0,0,0.6,1.6,,,72.0,180.0,27.554875,5.0,Colorado,2014.0,2014.0,SEA,45.0,3.0,0.06896552
2019,2,00-0031260,L.Thomas,TE,DET,LAC,0,0,0.0,0,0.0,0.0,0.0,0,0.0,0,1,1,7.0,0,0.7,1.7,,,78.0,250.0,28.346625,5.0,Virginia Tech,2014.0,2014.0,ARI,120.0,3.0,0.033333335
2019,3,00-0031260,L.Thomas,TE,DET,PHI,0,0,0.0,0,0.0,0.0,0.0,0,0.0,0,1,1,15.0,0,1.5,2.5,,,78.0,250.0,28.346625,5.0,Virginia Tech,2014.0,2014.0,ARI,120.0,,0.03125
2019,4,00-0031260,L.Thomas,TE,DET,KC,0,0,0.0,0,0.0,0.0,0.0,0,0.0,0,3,3,25.0,0,2.5,5.5,,,78.0,250.0,28.346625,5.0,Virginia Tech,2014.0,2014.0,ARI,120.0,-4.0,0.09375
2019,6,00-0031260,L.Thomas,TE,DET,GB,0,0,0.0,0,0.0,0.0,0.0,0,0.0,0,1,0,0.0,0,0.0,0.0,,,78.0,250.0,28.346625,5.0,Virginia Tech,2014.0,2014.0,ARI,120.0,,0.03125
2019,8,00-0031260,L.Thomas,TE,DET,NYG,0,0,0.0,0,0.0,0.0,0.0,0,0.0,0,1,1,17.0,0,1.7,2.7,,,78.0,250.0,28.346625,5.0,Virginia Tech,2014.0,2014.0,ARI,120.0,5.0,0.032258064
2019,9,00-0031260,L.Thomas,TE,DET,LV,0,0,0.0,0,0.0,0.0,0.0,0,0.0,0,2,1,13.0,0,1.3,2.3,,,78.0,250.0,28.346625,5.0,Virginia Tech,2014.0,2014.0,ARI,120.0,,0.048780486
2019,10,00-0031260,L.Thomas,TE,DET,CHI,0,0,0.0,0,0.0,0.0,0.0,0,0.0,0,2,2,19.0,0,1.9,3.9,,,78.0,250.0,28.346625,5.0,Virginia Tech,2014.0,2014.0,ARI,120.0,,0.046511628
2019,11,00-0031260,L.Thomas,TE,DET,DAL,0,0,0.0,0,0.0,0.0,0.0,0,0.0,0,1,0,0.0,0,0.0,0.0,,,78.0,250.0,28.346625,5.0,Virginia Tech,2014.0,2014.0,ARI,120.0,-8.0,0.041666668
2019,12,00-0031260,L.Thomas,TE,DET,WAS,0,0,0.0,0,0.0,0.0,0.0,0,0.0,0,2,2,24.0,1,8.4,10.4,,,78.0,250.0,28.346625,5.0,Virginia Tech,2014.0,2014.0,ARI,120.0,,0.06666667
2019,14,00-0031260,L.Thomas,TE,DET,MIN,0,0,0.0,0,0.0,0.0,0.0,0,0.0,0,4,2,21.0,0,2.1,4.1,,,78.0,250.0,28.346625,5.0,Virginia Tech,2014.0,2014.0,ARI,120.0,,0.10526316
2019,15,00-0031260,L.Thomas,TE,DET,TB,0,0,0.0,0,0.0,0.0,0.0,0,0.0,0,4,0,0.0,0,0.0,0.0,,,78.0,250.0,28.346625,5.0,Virginia Tech,2014.0,2014.0,ARI,120.0,-21.0,0.093023255
2019,16,00-0031260,L.Thomas,TE,DET,DEN,0,0,0.0,0,0.0,0.0,0.0,0,0.0,0,3,2,17.0,0,1.7,3.7,,,78.0,250.0,28.346625,5.0,Virginia Tech,2014.0,2014.0,ARI,120.0,,0.13043478
2019,17,00-0031260,L.Thomas,TE,DET,GB,0,0,0.0,0,0.0,0.0,0.0,0,0.0,0,3,1,15.0,0,1.5,2.5,,,78.0,250.0,28.346625,5.0,Virginia Tech,2014.0,2014.0,ARI,120.0,-3.0,0.10344828
2019,1,00-0031273,C.Brate,TE,TB,SF,0,0,0.0,0,0.0,0.0,0.0,0,0.0,0,2,2,8.0,0,0.8,2.8,,,77.0,245.0,28.3384375,5.0,Harvard,2014.0,2014.0,,,-14.0,0.05882353
2019,2,00-0031273,C.Brate,TE,TB,CAR,0,0,0.0,0,0.0,0.0,0.0,0,0.0,0,2,2,10.0,0,1.0,3.0,,,77.0,245.0,28.3384375,5.0,Harvard,2014.0,2014.0,,,,0.08
2019,3,00-0031273,C.Brate,TE,TB,NYG,0,0,0.0,0,0.0,0.0,0.0,0,0.0,0,2,2,7.0,0,0.7,2.7,,,77.0,245.0,28.3384375,5.0,Harvard,2014.0,2014.0,,,-1.0,0.055555556
2019,4,00-0031273,C.Brate,TE,TB,LA,0,0,0.0,0,0.0,0.0,0.0,0,0.0,0,3,3,36.0,1,9.6,12.6,,,77.0,245.0,28.3384375,5.0,Harvard,2014.0,2014.0,,,,0.075
2019,5,00-0031273,C.Brate,TE,TB,NO,0,0,0.0,0,0.0,0.0,0.0,0,0.0,0,1,1,11.0,0,1.1,2.1,,,77.0,245.0,28.3384375,5.0,Harvard,2014.0,2014.0,,,,0.03846154
2019,6,00-0031273,C.Brate,TE,TB,CAR,0,0,0.0,0,0.0,0.0,0.0,0,0.0,0,4,2,47.0,1,10.7,12.7,,,77.0,245.0,28.3384375,5.0,Harvard,2014.0,2014.0,,,-11.0,0.07692308
2019,8,00-0031273,C.Brate,TE,TB,TEN,0,0,0.0,0,0.0,0.0,0.0,0,0.0,0,6,3,32.0,0,3.2,6.2,,,77.0,245.0,28.3384375,5.0,Harvard,2014.0,2014.0,,,,0.14634146
2019,11,00-0031273,C.Brate,TE,TB,NO,0,0,0.0,0,0.0,0.0,0.0,0,0.0,0,14,10,73.0,0,7.3,17.3,,,77.0,245.0,28.3384375,5.0,Harvard,2014.0,2014.0,,,-17.0,0.2857143
2019,12,00-0031273,C.Brate,TE,TB,ATL,0,0,0.0,0,0.0,0.0,0.0,0,0.0,0,1,0,0.0,0,0.0,0.0,,,77.0,245.0,28.3384375,5.0,Harvard,2014.0,2014.0,,,,0.037037037
2019,13,00-0031273,C.Brate,TE,TB,JAX,0,0,0.0,0,0.0,0.0,0.0,0,0.0,0,1,1,5.0,0,0.5,1.5,,,77.0,245.0,28.3384375,5.0,Harvard,2014.0,2014.0,,,,0.030303031
2019,14,00-0031273,C.Brate,TE,TB,IND,0,0,0.0,0,0.0,0.0,0.0,0,0.0,0,4,4,30.0,1,9.0,13.0,,,77.0,245.0,28.3384375,5.0,Harvard,2014.0,2014.0,,,3.0,0.08888889
2019,15,00-0031273,C.Brate,TE,TB,DET,0,0,0.0,0,0.0,0.0,0.0,0,0.0,0,7,3,33.0,0,3.3,6.3,,,77.0,245.0,28.3384375,5.0,Harvard,2014.0,2014.0,,,,0.17073171
2019,16,00-0031273,C.Brate,TE,TB,HOU,0,0,0.0,0,0.0,0.0,0.0,0,0.0,0,5,2,17.0,0,1.7,3.7,,,77.0,245.0,28.3384375,5.0,Harvard,2014.0,2014.0,,,-3.0,0.10638298
2019,17,00-0031273,C.Brate,TE,TB,ATL,0,0,0.0,0,0.0,0.0,0.0,0,0.0,0,3,1,2.0,1,6.2,7.2,,,77.0,245.0,28.3384375,5.0,Harvard,2014.0,2014.0,,,-6.0,0.13043478
2019,1,00-0031280,D.Carr,QB,LV,DEN,22,26,259.0,1,0.0,0.0,-0.0,2,2.0,0,0,0,0.0,0,14.56,14.56,,,75.0,210.0,28.6055625,5.0,Fresno State,2014.0,2014.0,OAK,36.0,,
2019,2,00-0031280,D.Carr,QB,LV,KC,23,38,198.0,1,2.0,3.0,20.0,2,18.0,0,0,0,0.0,0,9.72,9.72,,,75.0,210.0,28.6055625,5.0,Fresno State,2014.0,2014.0,OAK,36.0,,
2019,3,00-0031280,D.Carr,QB,LV,MIN,27,34,242.0,2,1.0,4.0,28.0,1,0.0,0,0,0,0.0,0,15.68,15.68,,,75.0,210.0,28.6055625,5.0,Fresno State,2014.0,2014.0,OAK,36.0,,
2019,4,00-0031280,D.Carr,QB,LV,IND,21,31,189.0,2,0.0,1.0,-0.0,2,-1.0,0,0,0,0.0,0,13.46,13.46,,,75.0,210.0,28.6055625,5.0,Fresno State,2014.0,2014.0,OAK,36.0,,
2019,5,00-0031280,D.Carr,QB,LV,CHI,25,32,229.0,0,0.0,0.0,-0.0,3,8.0,0,0,0,0.0,0,7.96,7.96,,,75.0,210.0,28.6055625,5.0,Fresno State,2014.0,2014.0,OAK,36.0,,
2019,7,00-0031280,D.Carr,QB,LV,GB,22,28,293.0,2,1.0,0.0,-0.0,2,0.0,0,0,0,0.0,0,17.72,17.72,,,75.0,210.0,28.6055625,5.0,Fresno State,2014.0,2014.0,OAK,36.0,,
2019,8,00-0031280,D.Carr,QB,LV,HOU,18,30,285.0,3,0.0,0.0,-0.0,0,0.0,0,0,0,0.0,0,23.4,23.4,,,75.0,210.0,28.6055625,5.0,Fresno State,2014.0,2014.0,OAK,36.0,,
2019,9,00-0031280,D.Carr,QB,LV,DET,20,31,289.0,2,0.0,1.0,10.0,0,0.0,0,0,0,0.0,0,19.56,19.56,,,75.0,210.0,28.6055625,5.0,Fresno State,2014.0,2014.0,OAK,36.0,,
2019,10,00-0031280,D.Carr,QB,LV,LAC,21,31,218.0,1,0.0,3.0,18.0,1,4.0,0,0,0,0.0,0,13.12,13.12,,,75.0,210.0,28.6055625,5.0,Fresno State,2014.0,2014.0,OAK,36.0,,
2019,11,00-0031280,D.Carr,QB,LV,CIN,25,29,292.0,1,1.0,3.0,19.0,5,1.0,1,0,0,0.0,0,19.78,19.78,,,75.0,210.0,28.6055625,5.0,Fresno State,2014.0,2014.0,OAK,36.0,,
2019,12,00-0031280,D.Carr,QB,LV,NYJ,15,27,127.0,0,1.0,1.0,7.0,1,11.0,0,0,0,0.0,0,4.18,4.18,,,75.0,210.0,28.6055625,5.0,Fresno State,2014.0,2014.0,OAK,36.0,,
2019,13,00-0031280,D.Carr,QB,LV,KC,20,30,222.0,1,2.0,2.0,12.0,3,7.0,0,0,0,0.0,0,9.58,9.58,,,75.0,210.0,28.6055625,5.0,Fresno State,2014.0,2014.0,OAK,36.0,,
2019,14,00-0031280,D.Carr,QB,LV,TEN,25,34,262.0,2,0.0,2.0,4.0,2,17.0,0,0,0,0.0,0,20.18,20.18,,,75.0,210.0,28.6055625,5.0,Fresno State,2014.0,2014.0,OAK,36.0,,
2019,15,00-0031280,D.Carr,QB,LV,JAX,22,36,267.0,1,0.0,4.0,31.0,1,12.0,0,0,0,0.0,0,15.88,15.88,,,75.0,210.0,28.6055625,5.0,Fresno State,2014.0,2014.0,OAK,36.0,,
2019,16,00-0031280,D.Carr,QB,LV,LAC,26,30,291.0,1,0.0,3.0,24.0,1,3.0,1,0,0,0.0,0,21.94,21.94,,,75.0,210.0,28.6055625,5.0,Fresno State,2014.0,2014.0,OAK,36.0,,
2019,17,00-0031280,D.Carr,QB,LV,DEN,29,46,391.0,1,0.0,2.0,11.0,1,0.0,0,0,0,0.0,0,19.64,19.64,,,75.0,210.0,28.6055625,5.0,Fresno State,2014.0,2014.0,OAK,36.0,,
2019,1,00-0031285,D.Freeman,RB,ATL,MIN,0,0,0.0,0,0.0,0.0,0.0,8,19.0,0,4,3,12.0,0,1.1,4.1,,,68.0,206.0,27.635375,5.0,Florida State,2014.0,2014.0,ATL,103.0,,0.08888889
2019,2,00-0031285,D.Freeman,RB,ATL,PHI,0,0,0.0,0,0.0,0.0,0.0,11,22.0,0,4,3,42.0,0,6.4,9.4,,,68.0,206.0,27.635375,5.0,Florida State,2014.0,2014.0,ATL,103.0,4.0,0.093023255
2019,3,00-0031285,D.Freeman,RB,ATL,IND,0,0,0.0,0,0.0,0.0,0.0,16,88.0,0,4,3,7.0,0,9.5,12.5,,,68.0,206.0,27.635375,5.0,Florida State,2014.0,2014.0,ATL,103.0,,0.121212125
2019,4,00-0031285,D.Freeman,RB,ATL,TEN,0,0,0.0,0,0.0,0.0,0.0,12,28.0,0,9,8,72.0,0,10.0,18.0,,,68.0,206.0,27.635375,5.0,Florida State,2014.0,2014.0,ATL,103.0,-14.0,0.18
2019,5,00-0031285,D.Freeman,RB,ATL,HOU,0,0,0.0,0,0.0,0.0,0.0,11,30.0,0,5,5,40.0,1,13.0,18.0,,,68.0,206.0,27.635375,5.0,Florida State,2014.0,2014.0,ATL,103.0,,0.11363637
2019,6,00-0031285,D.Freeman,RB,ATL,ARI,0,0,0.0,0,0.0,0.0,0.0,19,88.0,0,3,3,30.0,2,23.8,26.8,,,68.0,206.0,27.635375,5.0,Florida State,2014.0,2014.0,ATL,103.0,,0.0882353
2019,7,00-0031285,D.Freeman,RB,ATL,LA,0,0,0.0,0,0.0,0.0,0.0,7,19.0,0,3,2,6.0,0,2.5,4.5,,,68.0,206.0,27.635375,5.0,Florida State,2014.0,2014.0,ATL,103.0,-27.0,0.09090909
2019,8,00-0031285,D.Freeman,RB,ATL,SEA,0,0,0.0,0,0.0,0.0,0.0,13,39.0,0,8,8,63.0,0,8.2,16.2,,,68.0,206.0,27.635375,5.0,Florida State,2014.0,2014.0,ATL,103.0,-7.0,0.1632653
2019,10,00-0031285,D.Freeman,RB,ATL,NO,0,0,0.0,0,0.0,0.0,0.0,10,38.0,0,4,3,10.0,0,4.8,7.8,,,68.0,206.0,27.635375,5.0,Florida State,2014.0,2014.0,ATL,103.0,,0.125
2019,13,00-0031285,D.Freeman,RB,ATL,NO,0,0,0.0,0,0.0,0.0,0.0,17,51.0,0,5,4,13.0,0,6.4,10.4,,,68.0,206.0,27.635375,5.0,Florida State,2014.0,2014.0,ATL,103.0,-8.0,0.10638298
2019,14,00-0031285,D.Freeman,RB,ATL,CAR,0,0,0.0,0,0.0,0.0,0.0,17,84.0,1,4,4,10.0,0,15.4,19.4,,,68.0,206.0,27.635375,5.0,Florida State,2014.0,2014.0,ATL,103.0,20.0,0.12903225
2019,15,00-0031285,D.Freeman,RB,ATL,SF,0,0,0.0,0,0.0,0.0,0.0,12,39.0,0,3,2,16.0,0,5.5,7.5,,,68.0,206.0,27.635375,5.0,Florida State,2014.0,2014.0,ATL,103.0,,0.07692308
2019,16,00-0031285,D.Freeman,RB,ATL,JAX,0,0,0.0,0,0.0,0.0,0.0,13,53.0,1,10,9,74.0,1,24.7,33.7,,,68.0,206.0,27.635375,5.0,Florida State,2014.0,2014.0,ATL,103.0,12.0,0.23255815
2019,17,00-0031285,D.Freeman,RB,ATL,TB,0,0,0.0,0,0.0,0.0,0.0,18,58.0,0,4,2,15.0,0,7.3,9.3,,,68.0,206.0,27.635375,5.0,Florida State,2014.0,2014.0,ATL,103.0,,0.083333336
2019,11,00-0031288,A.McCarron,QB,HOU,BAL,0,1,0.0,0,0.0,1.0,10.0,0,0.0,0,0,0,0.0,0,0.0,0.0,,,75.0,220.0,29.157500000000002,5.0,Alabama,2014.0,2014.0,CIN,164.0,,
2019,17,00-0031288,A.McCarron,QB,HOU,TEN,21,36,225.0,0,1.0,4.0,33.0,5,39.0,1,0,0,0.0,0,16.9,16.9,,,75.0,220.0,29.157500000000002,5.0,Alabama,2014.0,2014.0,CIN,164.0,-21.0,
2019,11,00-0031299,J.Matthews,TE,PHI,NE,0,0,0.0,0,0.0,0.0,0.0,0,0.0,0,6,1,6.0,0,0.6,1.6,,,75.0,215.0,27.33821052631579,5.0,Vanderbilt,2014.0,2014.0,PHI,42.0,-7.0,0.15789473
2019,12,00-0031299,J.Matthews,TE,PHI,SEA,0,0,0.0,0,0.0,0.0,0.0,0,0.0,0,6,3,27.0,0,2.7,5.7,,,75.0,215.0,27.33821052631579,5.0,Vanderbilt,2014.0,2014.0,PHI,42.0,-8.0,0.13333334
2019,4,00-0031319,D.Spencer,WR,DEN,JAX,0,0,0.0,0,0.0,0.0,0.0,0,0.0,0,1,1,8.0,0,0.8,1.8,,,68.0,170.0,27.6233125,5.0,McNeese State,2014.0,2014.0,,,-2.0,0.028571429
2019,5,00-0031319,D.Spencer,WR,DEN,LAC,0,0,0.0,0,0.0,0.0,0.0,1,9.0,0,0,0,0.0,0,0.9,0.9,,,68.0,170.0,27.6233125,5.0,McNeese State,2014.0,2014.0,,,,
2019,7,00-0031319,D.Spencer,WR,DEN,KC,0,0,0.0,0,0.0,0.0,0.0,0,0.0,0,1,1,5.0,0,0.5,1.5,,,68.0,170.0,27.6233125,5.0,McNeese State,2014.0,2014.0,,,-24.0,0.030303031
2019,8,00-0031319,D.Spencer,WR,DEN,IND,0,0,0.0,0,0.0,0.0,0.0,1,5.0,0,2,2,18.0,0,2.3,4.3,,,68.0,170.0,27.6233125,5.0,McNeese State,2014.0,2014.0,,,,0.06896552
2019,9,00-0031319,D.Spencer,WR,DEN,CLE,0,0,0.0,0,0.0,0.0,0.0,0,0.0,0,3,1,0.0,0,-2.0,-1.0,,,68.0,170.0,27.6233125,5.0,McNeese State,2014.0,2014.0,,,5.0,0.16666667
2019,12,00-0031319,D.Spencer,WR,DEN,BUF,0,0,0.0,0,0.0,0.0,0.0,0,0.0,0,1,1,0.0,0,0.0,1.0,,,68.0,170.0,27.6233125,5.0,McNeese State,2014.0,2014.0,,,,0.041666668
2019,17,00-0031319,D.Spencer,WR,DEN,LV,0,0,0.0,0,0.0,0.0,0.0,1,-8.0,0,0,0,0.0,0,-0.8,-0.8,,,68.0,170.0,27.6233125,5.0,McNeese State,2014.0,2014.0,,,1.0,
2019,1,00-0031325,S.Watkins,WR,KC,JAX,0,0,0.0,0,0.0,0.0,0.0,0,0.0,0,11,9,198.0,3,37.8,46.8,,,73.0,211.0,26.418368421052634,5.0,Clemson,2014.0,2014.0,BUF,4.0,,0.32352942
2019,2,00-0031325,S.Watkins,WR,KC,LV,0,0,0.0,0,0.0,0.0,0.0,0,0.0,0,13,6,49.0,0,4.9,10.9,,,73.0,211.0,26.418368421052634,5.0,Clemson,2014.0,2014.0,BUF,4.0,,0.29545453
2019,3,00-0031325,S.Watkins,WR,KC,BAL,0,0,0.0,0,0.0,0.0,0.0,0,0.0,0,8,5,64.0,0,6.4,11.4,,,73.0,211.0,26.418368421052634,5.0,Clemson,2014.0,2014.0,BUF,4.0,5.0,0.22857143
2019,4,00-0031325,S.Watkins,WR,KC,DET,0,0,0.0,0,0.0,0.0,0.0,0,0.0,0,6,3,54.0,0,3.4,6.4,,,73.0,211.0,26.418368421052634,5.0,Clemson,2014.0,2014.0,BUF,4.0,,0.15384616
2019,8,00-0031325,S.Watkins,WR,KC,GB,0,0,0.0,0,0.0,0.0,0.0,0,0.0,0,8,5,45.0,0,4.5,9.5,,,73.0,211.0,26.418368421052634,5.0,Clemson,2014.0,2014.0,BUF,4.0,-7.0,0.22857143
2019,9,00-0031325,S.Watkins,WR,KC,MIN,0,0,0.0,0,0.0,0.0,0.0,0,0.0,0,10,7,63.0,0,6.3,13.3,,,73.0,211.0,26.418368421052634,5.0,Clemson,2014.0,2014.0,BUF,4.0,3.0,0.29411766
2019,10,00-0031325,S.Watkins,WR,KC,TEN,0,0,0.0,0,0.0,0.0,0.0,2,12.0,0,9,5,39.0,0,5.1,10.1,,,73.0,211.0,26.418368421052634,5.0,Clemson,2014.0,2014.0,BUF,4.0,,0.18367347
2019,11,00-0031325,S.Watkins,WR,KC,LAC,0,0,0.0,0,0.0,0.0,0.0,0,0.0,0,3,2,26.0,0,2.6,4.6,,,73.0,211.0,26.418368421052634,5.0,Clemson,2014.0,2014.0,BUF,4.0,,0.09375
2019,13,00-0031325,S.Watkins,WR,KC,LV,0,0,0.0,0,0.0,0.0,0.0,0,0.0,0,3,0,0.0,0,0.0,0.0,,,73.0,211.0,26.418368421052634,5.0,Clemson,2014.0,2014.0,BUF,4.0,31.0,0.11111111
2019,14,00-0031325,S.Watkins,WR,KC,NE,0,0,0.0,0,0.0,0.0,0.0,0,0.0,0,8,4,50.0,0,5.0,9.0,,,73.0,211.0,26.418368421052634,5.0,Clemson,2014.0,2014.0,BUF,4.0,,0.20512821
2019,15,00-0031325,S.Watkins,WR,KC,DEN,0,0,0.0,0,0.0,0.0,0.0,0,0.0,0,4,3,49.0,0,6.9,9.9,,,73.0,211.0,26.418368421052634,5.0,Clemson,2014.0,2014.0,BUF,4.0,20.0,0.11764706
2019,16,00-0031325,S.Watkins,WR,KC,CHI,0,0,0.0,0,0.0,0.0,0.0,0,0.0,0,5,2,28.0,0,2.8,4.8,,,73.0,211.0,26.418368421052634,5.0,Clemson,2014.0,2014.0,BUF,4.0,,0.16666667
2019,17,00-0031325,S.Watkins,WR,KC,LAC,0,0,0.0,0,0.0,0.0,0.0,0,0.0,0,2,1,8.0,0,0.8,1.8,,,73.0,211.0,26.418368421052634,5.0,Clemson,2014.0,2014.0,BUF,4.0,10.0,0.08
2019,19,00-0031325,S.Watkins,WR,KC,HOU,0,0,0.0,0,0.0,1.0,5.0,1,14.0,0,2,2,76.0,0,9.0,11.0,,,73.0,211.0,26.418368421052634,5.0,Clemson,2014.0,2014.0,BUF,4.0,20.0,0.057142857
2019,20,00-0031325,S.Watkins,WR,KC,TEN,0,0,0.0,0,0.0,0.0,0.0,0,0.0,0,10,7,114.0,1,17.4,24.4,,,73.0,211.0,26.418368421052634,5.0,Clemson,2014.0,2014.0,BUF,4.0,11.0,0.3125
2019,21,00-0031325,S.Watkins,WR,KC,SF,0,0,0.0,0,0.0,0.0,0.0,0,0.0,0,6,5,98.0,0,9.8,14.8,,,73.0,211.0,26.418368421052634,5.0,Clemson,2014.0,2014.0,BUF,4.0,11.0,0.15384616
2019,1,00-0031339,D.Moncrief,WR,PIT,NE,0,0,0.0,0,0.0,0.0,0.0,0,0.0,0,10,3,7.0,0,0.7,3.7,,,74.0,216.0,26.245,5.0,Mississippi,2014.0,2014.0,IND,90.0,,0.21276596
2019,2,00-0031339,D.Moncrief,WR,PIT,SEA,0,0,0.0,0,0.0,0.0,0.0,0,0.0,0,1,0,0.0,0,0.0,0.0,,,74.0,216.0,26.245,5.0,Mississippi,2014.0,2014.0,IND,90.0,-2.0,0.029411765
2019,6,00-0031339,D.Moncrief,WR,PIT,LAC,0,0,0.0,0,0.0,0.0,0.0,0,0.0,0,2,1,11.0,0,1.1,2.1,,,74.0,216.0,26.245,5.0,Mississippi,2014.0,2014.0,IND,90.0,,0.10526316
2019,8,00-0031339,D.Moncrief,WR,PIT,MIA,0,0,0.0,0,0.0,0.0,0.0,0,0.0,0,2,0,0.0,0,0.0,0.0,,,74.0,216.0,26.245,5.0,Mississippi,2014.0,2014.0,IND,90.0,13.0,0.055555556
2019,1,00-0031344,C.Latimer,WR,NYG,DAL,0,0,0.0,0,0.0,0.0,0.0,0,0.0,0,7,3,74.0,0,7.4,10.4,,,75.0,215.0,27.0610625,5.0,Indiana,2014.0,2014.0,DEN,56.0,,0.1590909
2019,2,00-0031344,C.Latimer,WR,NYG,BUF,0,0,0.0,0,0.0,0.0,0.0,0,0.0,0,5,3,30.0,0,3.0,6.0,,,75.0,215.0,27.0610625,5.0,Indiana,2014.0,2014.0,DEN,56.0,-14.0,0.11363637
2019,5,00-0031344,C.Latimer,WR,NYG,MIN,0,0,0.0,0,0.0,0.0,0.0,0,0.0,0,1,0,0.0,0,0.0,0.0,,,75.0,215.0,27.0610625,5.0,Indiana,2014.0,2014.0,DEN,56.0,-18.0,0.027777778
2019,6,00-0031344,C.Latimer,WR,NYG,NE,0,0,0.0,0,0.0,0.0,0.0,0,0.0,0,1,0,0.0,0,0.0,0.0,,,75.0,215.0,27.0610625,5.0,Indiana,2014.0,2014.0,DEN,56.0,,0.03448276
2019,7,00-0031344,C.Latimer,WR,NYG,ARI,0,0,0.0,0,0.0,0.0,0.0,0,0.0,0,5,4,33.0,0,3.3,7.3,,,75.0,215.0,27.0610625,5.0,Indiana,2014.0,2014.0,DEN,56.0,-6.0,0.14285715
2019,8,00-0031344,C.Latimer,WR,NYG,DET,0,0,0.0,0,0.0,0.0,0.0,0,0.0,0,3,2,28.0,0,2.8,4.8,,,75.0,215.0,27.0610625,5.0,Indiana,2014.0,2014.0,DEN,56.0,,0.075
2019,9,00-0031344,C.Latimer,WR,NYG,DAL,0,0,0.0,0,0.0,0.0,0.0,0,0.0,0,3,2,8.0,1,6.8,8.8,,,75.0,215.0,27.0610625,5.0,Indiana,2014.0,2014.0,DEN,56.0,-19.0,0.07317073
2019,10,00-0031344,C.Latimer,WR,NYG,NYJ,0,0,0.0,0,0.0,0.0,0.0,0,0.0,0,1,0,0.0,0,0.0,0.0,,,75.0,215.0,27.0610625,5.0,Indiana,2014.0,2014.0,DEN,56.0,,0.02631579
2019,12,00-0031344,C.Latimer,WR,NYG,CHI,0,0,0.0,0,0.0,0.0,0.0,0,0.0,0,1,1,7.0,0,0.7,1.7,,,75.0,215.0,27.0610625,5.0,Indiana,2014.0,2014.0,DEN,56.0,,0.029411765
2019,13,00-0031344,C.Latimer,WR,NYG,GB,0,0,0.0,0,0.0,0.0,0.0,0,0.0,0,3,1,43.0,0,4.3,5.3,,,75.0,215.0,27.0610625,5.0,Indiana,2014.0,2014.0,DEN,56.0,-18.0,0.083333336
2019,15,00-0031344,C.Latimer,WR,NYG,MIA,0,0,0.0,0,0.0,0.0,0.0,0,0.0,0,2,1,21.0,0,2.1,3.1,,,75.0,215.0,27.0610625,5.0,Indiana,2014.0,2014.0,DEN,56.0,16.0,0.06896552
2019,16,00-0031344,C.Latimer,WR,NYG,WAS,0,0,0.0,0,0.0,0.0,0.0,0,0.0,0,7,5,44.0,1,10.4,15.4,,,75.0,215.0,27.0610625,5.0,Indiana,2014.0,2014.0,DEN,56.0,,0.17948718
2019,17,00-0031344,C.Latimer,WR,NYG,PHI,0,0,0.0,0,0.0,0.0,0.0,0,0.0,0,3,2,12.0,0,1.2,3.2,,,75.0,215.0,27.0610625,5.0,Indiana,2014.0,2014.0,DEN,56.0,-17.0,0.06382979
2019,1,00-0031345,J.Garoppolo,QB,SF,TB,18,27,166.0,1,1.0,1.0,8.0,2,-2.0,0,0,0,0.0,0,10.44,10.44,,,74.0,225.0,28.041736842105262,5.0,Eastern Illinois,2014.0,2014.0,NE,62.0,,
2019,2,00-0031345,J.Garoppolo,QB,SF,CIN,17,25,296.0,3,1.0,0.0,-0.0,4,8.0,0,0,0,0.0,0,22.64,22.64,,,74.0,225.0,28.041736842105262,5.0,Eastern Illinois,2014.0,2014.0,NE,62.0,,
2019,3,00-0031345,J.Garoppolo,QB,SF,PIT,23,32,277.0,1,2.0,1.0,9.0,6,3.0,0,0,0,0.0,0,9.38,9.38,,,74.0,225.0,28.041736842105262,5.0,Eastern Illinois,2014.0,2014.0,NE,62.0,4.0,
2019,5,00-0031345,J.Garoppolo,QB,SF,CLE,20,29,181.0,2,0.0,2.0,10.0,4,-3.0,0,0,0,0.0,0,14.94,14.94,,,74.0,225.0,28.041736842105262,5.0,Eastern Illinois,2014.0,2014.0,NE,62.0,28.0,
2019,6,00-0031345,J.Garoppolo,QB,SF,LA,24,33,243.0,0,1.0,2.0,11.0,5,4.0,1,0,0,0.0,0,12.12,12.12,,,74.0,225.0,28.041736842105262,5.0,Eastern Illinois,2014.0,2014.0,NE,62.0,,
2019,7,00-0031345,J.Garoppolo,QB,SF,WAS,12,21,151.0,0,1.0,2.0,5.0,4,20.0,0,0,0,0.0,0,6.04,6.04,,,74.0,225.0,28.041736842105262,5.0,Eastern Illinois,2014.0,2014.0,NE,62.0,,
2019,8,00-0031345,J.Garoppolo,QB,SF,CAR,18,22,175.0,2,1.0,3.0,19.0,0,0.0,0,0,0,0.0,0,13.0,13.0,,,74.0,225.0,28.041736842105262,5.0,Eastern Illinois,2014.0,2014.0,NE,62.0,38.0,
2019,9,00-0031345,J.Garoppolo,QB,SF,ARI,28,37,317.0,4,0.0,1.0,7.0,3,2.0,0,0,0,0.0,0,28.88,28.88,,,74.0,225.0,28.041736842105262,5.0,Eastern Illinois,2014.0,2014.0,NE,62.0,,
2019,10,00-0031345,J.Garoppolo,QB,SF,SEA,24,46,248.0,1,1.0,5.0,33.0,2,1.0,0,0,0,0.0,0,10.02,10.02,,,74.0,225.0,28.041736842105262,5.0,Eastern Illinois,2014.0,2014.0,NE,62.0,-3.0,
2019,11,00-0031345,J.Garoppolo,QB,SF,ARI,34,45,424.0,4,2.0,2.0,16.0,1,7.0,0,0,0,0.0,0,29.66,29.66,,,74.0,225.0,28.041736842105262,5.0,Eastern Illinois,2014.0,2014.0,NE,62.0,10.0,
2019,12,00-0031345,J.Garoppolo,QB,SF,GB,14,20,253.0,2,0.0,3.0,26.0,2,1.0,0,0,0,0.0,0,18.22,18.22,,,74.0,225.0,28.041736842105262,5.0,Eastern Illinois,2014.0,2014.0,NE,62.0,29.0,
2019,13,00-0031345,J.Garoppolo,QB,SF,BAL,15,21,165.0,1,0.0,2.0,8.0,3,5.0,0,0,0,0.0,0,9.1,9.1,,,74.0,225.0,28.041736842105262,5.0,Eastern Illinois,2014.0,2014.0,NE,62.0,,
2019,14,00-0031345,J.Garoppolo,QB,SF,NO,26,35,349.0,4,1.0,3.0,30.0,2,1.0,0,0,0,0.0,0,28.06,28.06,,,74.0,225.0,28.041736842105262,5.0,Eastern Illinois,2014.0,2014.0,NE,62.0,,
2019,15,00-0031345,J.Garoppolo,QB,SF,ATL,22,34,200.0,1,0.0,1.0,7.0,2,6.0,0,0,0,0.0,0,12.6,12.6,,,74.0,225.0,28.041736842105262,5.0,Eastern Illinois,2014.0,2014.0,NE,62.0,-7.0,
2019,16,00-0031345,J.Garoppolo,QB,SF,LA,16,27,248.0,1,2.0,6.0,33.0,4,5.0,0,0,0,0.0,0,10.42,10.42,,,74.0,225.0,28.041736842105262,5.0,Eastern Illinois,2014.0,2014.0,NE,62.0,3.0,
2019,17,00-0031345,J.Garoppolo,QB,SF,SEA,18,22,285.0,0,0.0,2.0,15.0,2,4.0,0,0,0,0.0,0,11.8,11.8,,,74.0,225.0,28.041736842105262,5.0,Eastern Illinois,2014.0,2014.0,NE,62.0,,
2019,19,00-0031345,J.Garoppolo,QB,SF,MIN,11,19,131.0,1,1.0,2.0,9.0,4,0.0,0,0,0,0.0,0,7.24,7.24,,,74.0,225.0,28.041736842105262,5.0,Eastern Illinois,2014.0,2014.0,NE,62.0,17.0,
2019,20,00-0031345,J.Garoppolo,QB,SF,GB,6,8,77.0,0,0.0,1.0,8.0,4,-1.0,0,0,0,0.0,0,2.98,2.98,,,74.0,225.0,28.041736842105262,5.0,Eastern Illinois,2014.0,2014.0,NE,62.0,17.0,
2019,21,00-0031345,J.Garoppolo,QB,SF,KC,20,31,219.0,1,2.0,1.0,9.0,2,2.0,0,0,0,0.0,0,8.96,8.96,,,74.0,225.0,28.041736842105262,5.0,Eastern Illinois,2014.0,2014.0,NE,62.0,,
2019,16,00-0031363,M.Palardy,P,CAR,IND,1,1,12.0,0,0.0,0.0,-0.0,0,0.0,0,0,0,0.0,0,0.48,0.48,,,71.0,200.0,27.3283125,5.0,Tennessee,2014.0,2014.0,,,,
2019,1,00-0031381,D.Adams,WR,GB,CHI,0,0,0.0,0,0.0,0.0,0.0,0,0.0,0,8,4,36.0,0,3.6,7.6,,,73.0,215.0,26.87788888888889,5.0,Fresno State,2014.0,2014.0,GB,53.0,,0.2962963
2019,2,00-0031381,D.Adams,WR,GB,MIN,0,0,0.0,0,0.0,0.0,0.0,0,0.0,0,9,7,106.0,0,10.6,17.6,,,73.0,215.0,26.87788888888889,5.0,Fresno State,2014.0,2014.0,GB,53.0,5.0,0.29032257
2019,3,00-0031381,D.Adams,WR,GB,DEN,0,0,0.0,0,0.0,0.0,0.0,0,0.0,0,4,4,56.0,0,5.6,9.6,,,73.0,215.0,26.87788888888889,5.0,Fresno State,2014.0,2014.0,GB,53.0,11.0,0.14814815
2019,4,00-0031381,D.Adams,WR,GB,PHI,0,0,0.0,0,0.0,0.0,0.0,0,0.0,0,15,10,180.0,0,18.0,28.0,,,73.0,215.0,26.87788888888889,5.0,Fresno State,2014.0,2014.0,GB,53.0,-7.0,0.30612245
2019,9,00-0031381,D.Adams,WR,GB,LAC,0,0,0.0,0,0.0,0.0,0.0,0,0.0,0,11,7,41.0,0,4.1,11.1,,,73.0,215.0,26.87788888888889,5.0,Fresno State,2014.0,2014.0,GB,53.0,,0.32352942
2019,10,00-0031381,D.Adams,WR,GB,CAR,0,0,0.0,0,0.0,0.0,0.0,0,0.0,0,10,7,118.0,0,11.8,18.8,,,73.0,215.0,26.87788888888889,5.0,Fresno State,2014.0,2014.0,GB,53.0,8.0,0.37037036
2019,12,00-0031381,D.Adams,WR,GB,SF,0,0,0.0,0,0.0,0.0,0.0,0,0.0,0,12,7,43.0,1,12.3,19.3,,,73.0,215.0,26.87788888888889,5.0,Fresno State,2014.0,2014.0,GB,53.0,,0.33333334
2019,13,00-0031381,D.Adams,WR,GB,NYG,0,0,0.0,0,0.0,0.0,0.0,0,0.0,0,10,6,64.0,2,18.4,24.4,,,73.0,215.0,26.87788888888889,5.0,Fresno State,2014.0,2014.0,GB,53.0,,0.3030303
2019,14,00-0031381,D.Adams,WR,GB,WAS,0,0,0.0,0,0.0,0.0,0.0,0,0.0,0,6,4,41.0,0,4.1,8.1,,,73.0,215.0,26.87788888888889,5.0,Fresno State,2014.0,2014.0,GB,53.0,5.0,0.22222222
2019,15,00-0031381,D.Adams,WR,GB,CHI,0,0,0.0,0,0.0,0.0,0.0,0,0.0,0,13,7,103.0,1,16.3,23.3,,,73.0,215.0,26.87788888888889,5.0,Fresno State,2014.0,2014.0,GB,53.0,8.0,0.43333334
2019,16,00-0031381,D.Adams,WR,GB,MIN,0,0,0.0,0,0.0,0.0,0.0,0,0.0,0,16,13,116.0,0,9.6,22.6,,,73.0,215.0,26.87788888888889,5.0,Fresno State,2014.0,2014.0,GB,53.0,,0.42105263
2019,17,00-0031381,D.Adams,WR,GB,DET,0,0,0.0,0,0.0,0.0,0.0,0,0.0,0,13,7,93.0,1,15.3,22.3,,,73.0,215.0,26.87788888888889,5.0,Fresno State,2014.0,2014.0,GB,53.0,,0.24074075
2019,19,00-0031381,D.Adams,WR,GB,SEA,0,0,0.0,0,0.0,0.0,0.0,0,0.0,0,11,8,160.0,2,28.0,36.0,,,73.0,215.0,26.87788888888889,5.0,Fresno State,2014.0,2014.0,GB,53.0,5.0,0.5
2019,20,00-0031381,D.Adams,WR,GB,SF,0,0,0.0,0,0.0,0.0,0.0,0,0.0,0,11,9,138.0,0,13.8,22.8,,,73.0,215.0,26.87788888888889,5.0,Fresno State,2014.0,2014.0,GB,53.0,,0.2972973
2019,1,00-0031382,J.Landry,WR,CLE,TEN,0,0,0.0,0,0.0,0.0,0.0,1,10.0,0,7,4,67.0,0,7.7,11.7,,,71.0,196.0,26.9318125,5.0,Louisiana State,2014.0,2014.0,MIA,63.0,-30.0,0.18421052
2019,2,00-0031382,J.Landry,WR,CLE,NYJ,0,0,0.0,0,0.0,0.0,0.0,0,0.0,0,7,3,32.0,0,3.2,6.2,,,71.0,196.0,26.9318125,5.0,Louisiana State,2014.0,2014.0,MIA,63.0,,0.21875
2019,3,00-0031382,J.Landry,WR,CLE,LA,0,0,0.0,0,0.0,0.0,0.0,0,0.0,0,9,3,62.0,0,6.2,9.2,,,71.0,196.0,26.9318125,5.0,Louisiana State,2014.0,2014.0,MIA,63.0,-7.0,0.2647059
2019,4,00-0031382,J.Landry,WR,CLE,BAL,0,0,0.0,0,0.0,0.0,0.0,0,0.0,0,10,8,167.0,0,16.7,24.7,,,71.0,196.0,26.9318125,5.0,Louisiana State,2014.0,2014.0,MIA,63.0,,0.32258064
2019,5,00-0031382,J.Landry,WR,CLE,SF,0,0,0.0,0,0.0,0.0,0.0,0,0.0,0,6,4,75.0,0,7.5,11.5,,,71.0,196.0,26.9318125,5.0,Louisiana State,2014.0,2014.0,MIA,63.0,,0.27272728
2019,6,00-0031382,J.Landry,WR,CLE,SEA,0,0,0.0,0,0.0,0.0,0.0,0,0.0,0,5,3,36.0,0,3.6,6.6,,,71.0,196.0,26.9318125,5.0,Louisiana State,2014.0,2014.0,MIA,63.0,-4.0,0.1388889
2019,8,00-0031382,J.Landry,WR,CLE,NE,0,0,0.0,0,0.0,0.0,0.0,0,0.0,0,10,5,65.0,0,6.5,11.5,,,71.0,196.0,26.9318125,5.0,Louisiana State,2014.0,2014.0,MIA,63.0,,0.33333334
2019,9,00-0031382,J.Landry,WR,CLE,DEN,0,0,0.0,0,0.0,0.0,0.0,0,0.0,0,13,6,51.0,1,11.1,17.1,,,71.0,196.0,26.9318125,5.0,Louisiana State,2014.0,2014.0,MIA,63.0,,0.325
2019,10,00-0031382,J.Landry,WR,CLE,BUF,0,0,0.0,0,0.0,0.0,0.0,0,0.0,0,10,9,97.0,1,15.7,24.7,,,71.0,196.0,26.9318125,5.0,Louisiana State,2014.0,2014.0,MIA,63.0,3.0,0.2631579
2019,11,00-0031382,J.Landry,WR,CLE,PIT,0,0,0.0,0,0.0,0.0,0.0,0,0.0,0,7,4,43.0,1,10.3,14.3,,,71.0,196.0,26.9318125,5.0,Louisiana State,2014.0,2014.0,MIA,63.0,14.0,0.23333333
2019,12,00-0031382,J.Landry,WR,CLE,MIA,0,0,0.0,0,0.0,0.0,0.0,0,0.0,0,13,10,148.0,2,26.8,36.8,,,71.0,196.0,26.9318125,5.0,Louisiana State,2014.0,2014.0,MIA,63.0,17.0,0.3939394
2019,13,00-0031382,J.Landry,WR,CLE,PIT,0,0,0.0,0,0.0,0.0,0.0,0,0.0,0,11,6,76.0,0,7.6,13.6,,,71.0,196.0,26.9318125,5.0,Louisiana State,2014.0,2014.0,MIA,63.0,,0.33333334
2019,14,00-0031382,J.Landry,WR,CLE,CIN,0,0,0.0,0,0.0,0.0,0.0,0,0.0,0,7,4,76.0,0,7.6,11.6,,,71.0,196.0,26.9318125,5.0,Louisiana State,2014.0,2014.0,MIA,63.0,8.0,0.3181818
2019,15,00-0031382,J.Landry,WR,CLE,ARI,0,0,0.0,0,0.0,0.0,0.0,0,0.0,0,8,5,23.0,0,2.3,7.3,,,71.0,196.0,26.9318125,5.0,Louisiana State,2014.0,2014.0,MIA,63.0,,0.18604651
2019,16,00-0031382,J.Landry,WR,CLE,BAL,0,0,0.0,0,0.0,0.0,0.0,0,0.0,0,9,7,74.0,0,7.4,14.4,,,71.0,196.0,26.9318125,5.0,Louisiana State,2014.0,2014.0,MIA,63.0,-16.0,0.28125
2019,17,00-0031382,J.Landry,WR,CLE,CIN,0,0,0.0,0,0.0,0.0,0.0,0,0.0,0,6,2,82.0,1,14.2,16.2,,,71.0,196.0,26.9318125,5.0,Louisiana State,2014.0,2014.0,MIA,63.0,,0.25
2019,1,00-0031387,E.Ebron,TE,IND,LAC,0,0,0.0,0,0.0,0.0,0.0,0,0.0,0,3,1,8.0,0,0.8,1.8,,,76.0,253.0,26.5686875,5.0,North Carolina,2014.0,2014.0,DET,10.0,,0.11111111
2019,2,00-0031387,E.Ebron,TE,IND,TEN,0,0,0.0,0,0.0,0.0,0.0,0,0.0,0,4,3,25.0,1,8.5,11.5,,,76.0,253.0,26.5686875,5.0,North Carolina,2014.0,2014.0,DET,10.0,,0.15384616
2019,3,00-0031387,E.Ebron,TE,IND,ATL,0,0,0.0,0,0.0,0.0,0.0,0,0.0,0,4,3,47.0,0,4.7,7.7,,,76.0,253.0,26.5686875,5.0,North Carolina,2014.0,2014.0,DET,10.0,3.0,0.11111111
2019,4,00-0031387,E.Ebron,TE,IND,LV,0,0,0.0,0,0.0,0.0,0.0,0,0.0,0,5,1,48.0,1,10.8,11.8,,,76.0,253.0,26.5686875,5.0,North Carolina,2014.0,2014.0,DET,10.0,-7.0,0.10869565
2019,5,00-0031387,E.Ebron,TE,IND,KC,0,0,0.0,0,0.0,0.0,0.0,0,0.0,0,4,1,8.0,0,0.8,1.8,,,76.0,253.0,26.5686875,5.0,North Carolina,2014.0,2014.0,DET,10.0,,0.15384616
2019,7,00-0031387,E.Ebron,TE,IND,HOU,0,0,0.0,0,0.0,0.0,0.0,0,0.0,0,5,4,70.0,1,13.0,17.0,,,76.0,253.0,26.5686875,5.0,North Carolina,2014.0,2014.0,DET,10.0,7.0,0.1388889
2019,8,00-0031387,E.Ebron,TE,IND,DEN,0,0,0.0,0,0.0,0.0,0.0,0,0.0,0,4,3,26.0,0,2.6,5.6,,,76.0,253.0,26.5686875,5.0,North Carolina,2014.0,2014.0,DET,10.0,2.0,0.16666667
2019,9,00-0031387,E.Ebron,TE,IND,PIT,0,0,0.0,0,0.0,0.0,0.0,0,0.0,0,2,2,16.0,0,1.6,3.6,,,76.0,253.0,26.5686875,5.0,North Carolina,2014.0,2014.0,DET,10.0,,0.06666667
2019,10,00-0031387,E.Ebron,TE,IND,MIA,0,0,0.0,0,0.0,0.0,0.0,0,0.0,0,12,5,56.0,0,5.6,10.6,,,76.0,253.0,26.5686875,5.0,North Carolina,2014.0,2014.0,DET,10.0,-4.0,0.30769232
2019,11,00-0031387,E.Ebron,TE,IND,JAX,0,0,0.0,0,0.0,0.0,0.0,0,0.0,0,4,4,27.0,0,2.7,6.7,,,76.0,253.0,26.5686875,5.0,North Carolina,2014.0,2014.0,DET,10.0,20.0,0.1904762
2019,12,00-0031387,E.Ebron,TE,IND,HOU,0,0,0.0,0,0.0,0.0,0.0,0,0.0,0,5,4,44.0,0,4.4,8.4,,,76.0,253.0,26.5686875,5.0,North Carolina,2014.0,2014.0,DET,10.0,,0.20833333
2019,5,00-0031395,G.Gilbert,QB,CLE,SF,0,1,0.0,0,0.0,0.0,-0.0,0,0.0,0,0,0,0.0,0,0.0,0.0,,,76.0,230.0,28.344375,5.0,Southern Methodist,2014.0,2014.0,STL,214.0,,
2019,11,00-0031395,G.Gilbert,QB,CLE,PIT,0,0,0.0,0,0.0,0.0,0.0,1,-1.0,0,0,0,0.0,0,-0.1,-0.1,,,76.0,230.0,28.344375,5.0,Southern Methodist,2014.0,2014.0,STL,214.0,14.0,
2019,12,00-0031395,G.Gilbert,QB,CLE,MIA,0,0,0.0,0,0.0,0.0,0.0,1,-1.0,0,0,0,0.0,0,-0.1,-0.1,,,76.0,230.0,28.344375,5.0,Southern Methodist,2014.0,2014.0,STL,214.0,17.0,
2019,13,00-0031395,G.Gilbert,QB,CLE,PIT,0,2,0.0,0,0.0,0.0,-0.0,0,0.0,0,0,0,0.0,0,0.0,0.0,,,76.0,230.0,28.344375,5.0,Southern Methodist,2014.0,2014.0,STL,214.0,,
2019,14,00-0031395,G.Gilbert,QB,CLE,CIN,0,0,0.0,0,0.0,0.0,0.0,1,-1.0,0,0,0,0.0,0,-0.1,-0.1,,,76.0,230.0,28.344375,5.0,Southern Methodist,2014.0,2014.0,STL,214.0,8.0,
2019,10,00-0031407,B.Bortles,QB,LA,PIT,0,0,0.0,0,0.0,0.0,0.0,1,1.0,0,0,0,0.0,0,0.1,0.1,,,77.0,236.0,27.5149375,5.0,Central Florida,2014.0,2014.0,JAX,3.0,,
2019,13,00-0031407,B.Bortles,QB,LA,ARI,1,2,3.0,0,0.0,0.0,-0.0,1,-10.0,0,0,0,0.0,0,-0.88,-0.88,,,77.0,236.0,27.5149375,5.0,Central Florida,2014.0,2014.0,JAX,3.0,,
2019,1,00-0031408,M.Evans,WR,TB,SF,0,0,0.0,0,0.0,0.0,0.0,0,0.0,0,5,2,28.0,0,2.8,4.8,,,77.0,231.0,26.203,5.0,Texas A&amp;M,2014.0,2014.0,TB,7.0,-14.0,0.14705883
2019,2,00-0031408,M.Evans,WR,TB,CAR,0,0,0.0,0,0.0,0.0,0.0,0,0.0,0,8,4,61.0,0,6.1,10.1,,,77.0,231.0,26.203,5.0,Texas A&amp;M,2014.0,2014.0,TB,7.0,,0.32
2019,3,00-0031408,M.Evans,WR,TB,NYG,0,0,0.0,0,0.0,0.0,0.0,0,0.0,0,15,8,190.0,3,37.0,45.0,,,77.0,231.0,26.203,5.0,Texas A&amp;M,2014.0,2014.0,TB,7.0,-1.0,0.41666666
2019,4,00-0031408,M.Evans,WR,TB,LA,0,0,0.0,0,0.0,0.0,0.0,0,0.0,0,7,4,89.0,1,14.9,18.9,,,77.0,231.0,26.203,5.0,Texas A&amp;M,2014.0,2014.0,TB,7.0,,0.175
2019,5,00-0031408,M.Evans,WR,TB,NO,0,0,0.0,0,0.0,0.0,0.0,0,0.0,0,3,0,0.0,0,0.0,0.0,,,77.0,231.0,26.203,5.0,Texas A&amp;M,2014.0,2014.0,TB,7.0,,0.115384616
2019,6,00-0031408,M.Evans,WR,TB,CAR,0,0,0.0,0,0.0,0.0,0.0,0,0.0,0,17,9,96.0,0,11.6,20.6,,,77.0,231.0,26.203,5.0,Texas A&amp;M,2014.0,2014.0,TB,7.0,-11.0,0.32692307
2019,8,00-0031408,M.Evans,WR,TB,TEN,0,0,0.0,0,0.0,0.0,0.0,0,0.0,0,12,11,198.0,2,31.8,42.8,,,77.0,231.0,26.203,5.0,Texas A&amp;M,2014.0,2014.0,TB,7.0,,0.29268292
2019,9,00-0031408,M.Evans,WR,TB,SEA,0,0,0.0,0,0.0,0.0,0.0,0,0.0,0,16,12,180.0,1,24.0,36.0,,,77.0,231.0,26.203,5.0,Texas A&amp;M,2014.0,2014.0,TB,7.0,,0.37209302
2019,10,00-0031408,M.Evans,WR,TB,ARI,0,0,0.0,0,0.0,0.0,0.0,0,0.0,0,6,4,82.0,0,8.2,12.2,,,77.0,231.0,26.203,5.0,Texas A&amp;M,2014.0,2014.0,TB,7.0,3.0,0.13333334
2019,11,00-0031408,M.Evans,WR,TB,NO,0,0,0.0,0,0.0,0.0,0.0,0,0.0,0,8,4,69.0,0,6.9,10.9,,,77.0,231.0,26.203,5.0,Texas A&amp;M,2014.0,2014.0,TB,7.0,-17.0,0.1632653
2019,12,00-0031408,M.Evans,WR,TB,ATL,0,0,0.0,0,0.0,0.0,0.0,0,0.0,0,8,4,50.0,0,5.0,9.0,,,77.0,231.0,26.203,5.0,Texas A&amp;M,2014.0,2014.0,TB,7.0,,0.2962963
2019,13,00-0031408,M.Evans,WR,TB,JAX,0,0,0.0,0,0.0,0.0,0.0,0,0.0,0,11,4,53.0,0,5.3,9.3,,,77.0,231.0,26.203,5.0,Texas A&amp;M,2014.0,2014.0,TB,7.0,,0.33333334
2019,14,00-0031408,M.Evans,WR,TB,IND,0,0,0.0,0,0.0,0.0,0.0,0,0.0,0,2,1,61.0,1,12.1,13.1,,,77.0,231.0,26.203,5.0,Texas A&amp;M,2014.0,2014.0,TB,7.0,3.0,0.044444446
2019,1,00-0031428,A.Robinson,WR,CHI,GB,0,0,0.0,0,0.0,0.0,0.0,0,0.0,0,13,7,102.0,0,10.2,17.2,,,74.0,220.0,26.1951875,5.0,Penn State,2014.0,2014.0,JAX,61.0,-7.0,0.29545453
2019,2,00-0031428,A.Robinson,WR,CHI,DEN,0,0,0.0,0,0.0,0.0,0.0,0,0.0,0,7,4,41.0,0,4.1,8.1,,,74.0,220.0,26.1951875,5.0,Penn State,2014.0,2014.0,JAX,61.0,,0.25925925
2019,3,00-0031428,A.Robinson,WR,CHI,WAS,0,0,0.0,0,0.0,0.0,0.0,0,0.0,0,7,6,60.0,0,6.0,12.0,,,74.0,220.0,26.1951875,5.0,Penn State,2014.0,2014.0,JAX,61.0,,0.22580644
2019,4,00-0031428,A.Robinson,WR,CHI,MIN,0,0,0.0,0,0.0,0.0,0.0,0,0.0,0,7,7,77.0,0,7.7,14.7,,,74.0,220.0,26.1951875,5.0,Penn State,2014.0,2014.0,JAX,61.0,10.0,0.21212122
2019,5,00-0031428,A.Robinson,WR,CHI,LV,0,0,0.0,0,0.0,0.0,0.0,0,0.0,0,9,7,97.0,2,21.7,28.7,,,74.0,220.0,26.1951875,5.0,Penn State,2014.0,2014.0,JAX,61.0,,0.3
2019,7,00-0031428,A.Robinson,WR,CHI,NO,0,0,0.0,0,0.0,0.0,0.0,0,0.0,0,16,10,87.0,1,14.7,24.7,,,74.0,220.0,26.1951875,5.0,Penn State,2014.0,2014.0,JAX,61.0,-11.0,0.3137255
2019,8,00-0031428,A.Robinson,WR,CHI,LAC,0,0,0.0,0,0.0,0.0,0.0,0,0.0,0,7,5,62.0,0,6.2,11.2,,,74.0,220.0,26.1951875,5.0,Penn State,2014.0,2014.0,JAX,61.0,-1.0,0.21212122
2019,9,00-0031428,A.Robinson,WR,CHI,PHI,0,0,0.0,0,0.0,0.0,0.0,0,0.0,0,5,1,6.0,0,0.6,1.6,,,74.0,220.0,26.1951875,5.0,Penn State,2014.0,2014.0,JAX,61.0,,0.23809524
2019,10,00-0031428,A.Robinson,WR,CHI,DET,0,0,0.0,0,0.0,0.0,0.0,0,0.0,0,9,6,86.0,0,8.6,14.6,,,74.0,220.0,26.1951875,5.0,Penn State,2014.0,2014.0,JAX,61.0,7.0,0.39130434
2019,11,00-0031428,A.Robinson,WR,CHI,LA,0,0,0.0,0,0.0,0.0,0.0,0,0.0,0,6,4,15.0,0,1.5,5.5,,,74.0,220.0,26.1951875,5.0,Penn State,2014.0,2014.0,JAX,61.0,,0.13333334
2019,12,00-0031428,A.Robinson,WR,CHI,NYG,0,0,0.0,0,0.0,0.0,0.0,0,0.0,0,10,6,131.0,1,19.1,25.1,,,74.0,220.0,26.1951875,5.0,Penn State,2014.0,2014.0,JAX,61.0,5.0,0.24390244
2019,13,00-0031428,A.Robinson,WR,CHI,DET,0,0,0.0,0,0.0,0.0,0.0,0,0.0,0,12,8,86.0,1,14.6,22.6,,,74.0,220.0,26.1951875,5.0,Penn State,2014.0,2014.0,JAX,61.0,,0.31578946
2019,14,00-0031428,A.Robinson,WR,CHI,DAL,0,0,0.0,0,0.0,0.0,0.0,0,0.0,0,8,5,48.0,2,16.8,21.8,,,74.0,220.0,26.1951875,5.0,Penn State,2014.0,2014.0,JAX,61.0,7.0,0.2580645
2019,15,00-0031428,A.Robinson,WR,CHI,GB,0,0,0.0,0,0.0,0.0,0.0,0,0.0,0,14,7,125.0,0,12.5,19.5,,,74.0,220.0,26.1951875,5.0,Penn State,2014.0,2014.0,JAX,61.0,,0.28
2019,16,00-0031428,A.Robinson,WR,CHI,KC,0,0,0.0,0,0.0,0.0,0.0,0,0.0,0,12,6,53.0,0,5.3,11.3,,,74.0,220.0,26.1951875,5.0,Penn State,2014.0,2014.0,JAX,61.0,-23.0,0.36363637
2019,17,00-0031428,A.Robinson,WR,CHI,MIN,0,0,0.0,0,0.0,0.0,0.0,1,2.0,0,12,9,71.0,0,7.3,16.3,,,74.0,220.0,26.1951875,5.0,Penn State,2014.0,2014.0,JAX,61.0,,0.34285715
2019,4,00-0031431,M.Lee,WR,JAX,DEN,0,0,0.0,0,0.0,0.0,0.0,0,0.0,0,1,1,5.0,0,0.5,1.5,,,72.0,196.0,27.9380625,5.0,Southern California,2014.0,2014.0,JAX,39.0,,0.03125
2019,5,00-0031431,M.Lee,WR,JAX,CAR,0,0,0.0,0,0.0,0.0,0.0,0,0.0,0,2,1,5.0,0,0.5,1.5,,,72.0,196.0,27.9380625,5.0,Southern California,2014.0,2014.0,JAX,39.0,,0.05
2019,6,00-0031431,M.Lee,WR,JAX,NO,0,0,0.0,0,0.0,0.0,0.0,1,1.0,0,0,0,0.0,0,0.1,0.1,,,72.0,196.0,27.9380625,5.0,Southern California,2014.0,2014.0,JAX,39.0,-7.0,
2019,8,00-0031431,M.Lee,WR,JAX,NYJ,0,0,0.0,0,0.0,0.0,0.0,0,0.0,0,1,1,8.0,0,0.8,1.8,,,72.0,196.0,27.9380625,5.0,Southern California,2014.0,2014.0,JAX,39.0,14.0,0.030303031
2019,14,00-0031484,C.Manhertz,TE,CAR,ATL,0,0,0.0,0,0.0,0.0,0.0,0,0.0,0,1,1,11.0,0,1.1,2.1,,,78.0,255.0,27.566625000000002,4.0,Canisius,2015.0,2015.0,,,,0.025
2019,14,00-0031502,J.Berry,P,PIT,ARI,0,0,0.0,0,0.0,0.0,0.0,1,-8.0,0,0,0,0.0,0,-2.8,-2.8,,,77.0,195.0,28.632,4.0,Eastern Kentucky,2015.0,2015.0,,,,
2019,17,00-0031502,J.Berry,P,PIT,BAL,0,0,0.0,0,0.0,0.0,0.0,1,0.0,0,0,0,0.0,0,0.0,0.0,,,77.0,195.0,28.632,4.0,Eastern Kentucky,2015.0,2015.0,,,,
2019,1,00-0031503,J.Winston,QB,TB,SF,20,36,194.0,1,3.0,3.0,20.0,5,13.0,0,0,0,0.0,0,7.06,7.06,,,76.0,231.0,25.825125,4.0,Florida State,2015.0,2015.0,TB,1.0,-14.0,
2019,2,00-0031503,J.Winston,QB,TB,CAR,16,25,208.0,1,0.0,3.0,19.0,4,9.0,0,0,0,0.0,0,13.22,13.22,,,76.0,231.0,25.825125,4.0,Florida State,2015.0,2015.0,TB,1.0,,
2019,3,00-0031503,J.Winston,QB,TB,NYG,23,37,380.0,3,1.0,4.0,25.0,4,3.0,0,0,0,0.0,0,25.5,25.5,,,76.0,231.0,25.825125,4.0,Florida State,2015.0,2015.0,TB,1.0,-1.0,
2019,4,00-0031503,J.Winston,QB,TB,LA,28,41,385.0,4,1.0,2.0,9.0,1,-1.0,0,0,0,0.0,0,29.3,29.3,,,76.0,231.0,25.825125,4.0,Florida State,2015.0,2015.0,TB,1.0,,
2019,5,00-0031503,J.Winston,QB,TB,NO,15,27,204.0,2,0.0,6.0,46.0,3,13.0,0,0,0,0.0,0,17.46,17.46,,,76.0,231.0,25.825125,4.0,Florida State,2015.0,2015.0,TB,1.0,,
2019,6,00-0031503,J.Winston,QB,TB,CAR,30,54,400.0,1,5.0,7.0,35.0,1,1.0,0,0,0,0.0,0,12.1,12.1,,,76.0,231.0,25.825125,4.0,Florida State,2015.0,2015.0,TB,1.0,-11.0,
2019,8,00-0031503,J.Winston,QB,TB,TEN,21,43,301.0,2,2.0,3.0,18.0,8,53.0,0,0,0,0.0,0,19.34,19.34,,,76.0,231.0,25.825125,4.0,Florida State,2015.0,2015.0,TB,1.0,,
2019,9,00-0031503,J.Winston,QB,TB,SEA,29,44,335.0,2,0.0,2.0,16.0,2,8.0,0,0,0,0.0,0,20.2,20.2,,,76.0,231.0,25.825125,4.0,Florida State,2015.0,2015.0,TB,1.0,,
2019,10,00-0031503,J.Winston,QB,TB,ARI,30,48,358.0,1,2.0,4.0,19.0,3,40.0,0,0,0,0.0,0,18.32,18.32,,,76.0,231.0,25.825125,4.0,Florida State,2015.0,2015.0,TB,1.0,3.0,
2019,11,00-0031503,J.Winston,QB,TB,NO,30,51,313.0,2,4.0,2.0,15.0,2,23.0,0,0,0,0.0,0,14.82,14.82,,,76.0,231.0,25.825125,4.0,Florida State,2015.0,2015.0,TB,1.0,-17.0,
2019,12,00-0031503,J.Winston,QB,TB,ATL,18,28,313.0,3,2.0,0.0,-0.0,8,38.0,0,0,0,0.0,0,24.32,24.32,,,76.0,231.0,25.825125,4.0,Florida State,2015.0,2015.0,TB,1.0,,
2019,13,00-0031503,J.Winston,QB,TB,JAX,21,33,268.0,0,0.0,4.0,27.0,6,20.0,0,0,0,0.0,0,10.72,10.72,,,76.0,231.0,25.825125,4.0,Florida State,2015.0,2015.0,TB,1.0,,
2019,14,00-0031503,J.Winston,QB,TB,IND,33,45,456.0,4,3.0,1.0,7.0,6,5.0,1,0,0,0.0,0,34.74,34.74,,,76.0,231.0,25.825125,4.0,Florida State,2015.0,2015.0,TB,1.0,3.0,
2019,15,00-0031503,J.Winston,QB,TB,DET,28,42,458.0,4,1.0,2.0,12.0,2,4.0,0,0,0,0.0,0,32.72,32.72,,,76.0,231.0,25.825125,4.0,Florida State,2015.0,2015.0,TB,1.0,,
2019,16,00-0031503,J.Winston,QB,TB,HOU,25,48,335.0,1,4.0,3.0,6.0,2,16.0,0,0,0,0.0,0,11.0,11.0,,,76.0,231.0,25.825125,4.0,Florida State,2015.0,2015.0,TB,1.0,-3.0,
2019,17,00-0031503,J.Winston,QB,TB,ATL,13,24,201.0,2,2.0,1.0,8.0,2,5.0,0,0,0,0.0,0,14.54,14.54,,,76.0,231.0,25.825125,4.0,Florida State,2015.0,2015.0,TB,1.0,-6.0,
2019,8,00-0031511,D.White,WR,CAR,SF,0,0,0.0,0,0.0,0.0,0.0,0,0.0,0,1,1,8.0,0,0.8,1.8,,,72.0,195.0,28.051125,4.0,Alabama,2015.0,2015.0,,,,0.027027028
2019,16,00-0031511,D.White,WR,CAR,IND,0,0,0.0,0,0.0,0.0,0.0,0,0.0,0,3,1,12.0,0,1.2,2.2,,,72.0,195.0,28.051125,4.0,Alabama,2015.0,2015.0,,,,0.071428575
2019,17,00-0031511,D.White,WR,CAR,NO,0,0,0.0,0,0.0,0.0,0.0,0,0.0,0,5,2,31.0,0,3.1,5.1,,,72.0,195.0,28.051125,4.0,Alabama,2015.0,2015.0,,,-32.0,0.10204082
2019,1,00-0031544,A.Cooper,WR,DAL,NYG,0,0,0.0,0,0.0,0.0,0.0,0,0.0,0,9,6,106.0,1,16.6,22.6,,,73.0,211.0,25.380187499999998,4.0,Alabama,2015.0,2015.0,OAK,4.0,18.0,0.28125
2019,2,00-0031544,A.Cooper,WR,DAL,WAS,0,0,0.0,0,0.0,0.0,0.0,0,0.0,0,5,4,44.0,1,10.4,14.4,,,73.0,211.0,25.380187499999998,4.0,Alabama,2015.0,2015.0,OAK,4.0,,0.16666667
2019,3,00-0031544,A.Cooper,WR,DAL,MIA,0,0,0.0,0,0.0,0.0,0.0,0,0.0,0,7,6,88.0,2,20.8,26.8,,,73.0,211.0,25.380187499999998,4.0,Alabama,2015.0,2015.0,OAK,4.0,25.0,0.23333333
2019,4,00-0031544,A.Cooper,WR,DAL,NO,0,0,0.0,0,0.0,0.0,0.0,0,0.0,0,8,5,48.0,0,4.8,9.8,,,73.0,211.0,25.380187499999998,4.0,Alabama,2015.0,2015.0,OAK,4.0,,0.26666668
2019,5,00-0031544,A.Cooper,WR,DAL,GB,0,0,0.0,0,0.0,0.0,0.0,0,0.0,0,14,11,226.0,1,28.6,39.6,,,73.0,211.0,25.380187499999998,4.0,Alabama,2015.0,2015.0,OAK,4.0,-10.0,0.33333334
2019,6,00-0031544,A.Cooper,WR,DAL,NYJ,0,0,0.0,0,0.0,0.0,0.0,0,0.0,0,2,1,3.0,0,0.3,1.3,,,73.0,211.0,25.380187499999998,4.0,Alabama,2015.0,2015.0,OAK,4.0,,0.051282052
2019,7,00-0031544,A.Cooper,WR,DAL,PHI,0,0,0.0,0,0.0,0.0,0.0,0,0.0,0,5,5,106.0,0,10.6,15.6,,,73.0,211.0,25.380187499999998,4.0,Alabama,2015.0,2015.0,OAK,4.0,27.0,0.2
2019,9,00-0031544,A.Cooper,WR,DAL,NYG,0,0,0.0,0,0.0,0.0,0.0,0,0.0,0,7,4,80.0,1,14.0,18.0,,,73.0,211.0,25.380187499999998,4.0,Alabama,2015.0,2015.0,OAK,4.0,,0.20588236
2019,10,00-0031544,A.Cooper,WR,DAL,MIN,0,0,0.0,0,0.0,0.0,0.0,0,0.0,0,14,11,147.0,1,20.7,31.7,,,73.0,211.0,25.380187499999998,4.0,Alabama,2015.0,2015.0,OAK,4.0,-4.0,0.3181818
2019,11,00-0031544,A.Cooper,WR,DAL,DET,0,0,0.0,0,0.0,0.0,0.0,0,0.0,0,8,3,38.0,0,3.8,6.8,,,73.0,211.0,25.380187499999998,4.0,Alabama,2015.0,2015.0,OAK,4.0,,0.17777778
2019,12,00-0031544,A.Cooper,WR,DAL,NE,0,0,0.0,0,0.0,0.0,0.0,0,0.0,0,2,0,0.0,0,0.0,0.0,,,73.0,211.0,25.380187499999998,4.0,Alabama,2015.0,2015.0,OAK,4.0,,0.0625
2019,13,00-0031544,A.Cooper,WR,DAL,BUF,0,0,0.0,0,0.0,0.0,0.0,0,0.0,0,11,8,85.0,0,8.5,16.5,,,73.0,211.0,25.380187499999998,4.0,Alabama,2015.0,2015.0,OAK,4.0,-11.0,0.2244898
2019,14,00-0031544,A.Cooper,WR,DAL,CHI,0,0,0.0,0,0.0,0.0,0.0,0,0.0,0,8,6,83.0,1,14.3,20.3,,,73.0,211.0,25.380187499999998,4.0,Alabama,2015.0,2015.0,OAK,4.0,,0.17391305
2019,15,00-0031544,A.Cooper,WR,DAL,LA,0,0,0.0,0,0.0,0.0,0.0,0,0.0,0,2,1,19.0,0,1.9,2.9,,,73.0,211.0,25.380187499999998,4.0,Alabama,2015.0,2015.0,OAK,4.0,23.0,0.09090909
2019,16,00-0031544,A.Cooper,WR,DAL,PHI,0,0,0.0,0,0.0,0.0,0.0,0,0.0,0,12,4,24.0,0,2.4,6.4,,,73.0,211.0,25.380187499999998,4.0,Alabama,2015.0,2015.0,OAK,4.0,,0.27272728
2019,17,00-0031544,A.Cooper,WR,DAL,WAS,0,0,0.0,0,0.0,0.0,0.0,1,6.0,0,5,4,92.0,0,9.8,13.8,,,73.0,211.0,25.380187499999998,4.0,Alabama,2015.0,2015.0,OAK,4.0,31.0,0.15625
2019,1,00-0031547,D.Parker,WR,MIA,BAL,0,0,0.0,0,0.0,0.0,0.0,0,0.0,0,7,3,75.0,0,7.5,10.5,,,75.0,216.0,26.789375,4.0,Louisville,2015.0,2015.0,MIA,14.0,-49.0,0.21875
2019,2,00-0031547,D.Parker,WR,MIA,NE,0,0,0.0,0,0.0,0.0,0.0,0,0.0,0,7,0,0.0,0,0.0,0.0,,,75.0,216.0,26.789375,4.0,Louisville,2015.0,2015.0,MIA,14.0,-43.0,0.17948718
2019,3,00-0031547,D.Parker,WR,MIA,DAL,0,0,0.0,0,0.0,0.0,0.0,0,0.0,0,6,3,56.0,0,5.6,8.6,,,75.0,216.0,26.789375,4.0,Louisville,2015.0,2015.0,MIA,14.0,,0.14634146
2019,4,00-0031547,D.Parker,WR,MIA,LAC,0,0,0.0,0,0.0,0.0,0.0,0,0.0,0,4,4,70.0,1,13.0,17.0,,,75.0,216.0,26.789375,4.0,Louisville,2015.0,2015.0,MIA,14.0,-20.0,0.16666667
2019,6,00-0031547,D.Parker,WR,MIA,WAS,0,0,0.0,0,0.0,0.0,0.0,0,0.0,0,4,3,28.0,1,8.8,11.8,,,75.0,216.0,26.789375,4.0,Louisville,2015.0,2015.0,MIA,14.0,-1.0,0.0952381
2019,7,00-0031547,D.Parker,WR,MIA,BUF,0,0,0.0,0,0.0,0.0,0.0,0,0.0,0,10,5,55.0,1,11.5,16.5,,,75.0,216.0,26.789375,4.0,Louisville,2015.0,2015.0,MIA,14.0,,0.29411766
2019,8,00-0031547,D.Parker,WR,MIA,PIT,0,0,0.0,0,0.0,0.0,0.0,0,0.0,0,8,6,59.0,0,5.9,11.9,,,75.0,216.0,26.789375,4.0,Louisville,2015.0,2015.0,MIA,14.0,,0.24242425
2019,9,00-0031547,D.Parker,WR,MIA,NYJ,0,0,0.0,0,0.0,0.0,0.0,0,0.0,0,6,4,57.0,1,11.7,15.7,,,75.0,216.0,26.789375,4.0,Louisville,2015.0,2015.0,MIA,14.0,8.0,0.16666667
2019,10,00-0031547,D.Parker,WR,MIA,IND,0,0,0.0,0,0.0,0.0,0.0,0,0.0,0,10,5,69.0,0,6.9,11.9,,,75.0,216.0,26.789375,4.0,Louisville,2015.0,2015.0,MIA,14.0,,0.3030303
2019,11,00-0031547,D.Parker,WR,MIA,BUF,0,0,0.0,0,0.0,0.0,0.0,0,0.0,0,10,7,135.0,0,13.5,20.5,,,75.0,216.0,26.789375,4.0,Louisville,2015.0,2015.0,MIA,14.0,-17.0,0.22727273
2019,12,00-0031547,D.Parker,WR,MIA,CLE,0,0,0.0,0,0.0,0.0,0.0,0,0.0,0,11,6,91.0,0,9.1,15.1,,,75.0,216.0,26.789375,4.0,Louisville,2015.0,2015.0,MIA,14.0,,0.28947368
2019,13,00-0031547,D.Parker,WR,MIA,PHI,0,0,0.0,0,0.0,0.0,0.0,0,0.0,0,10,7,159.0,2,27.9,34.9,,,75.0,216.0,26.789375,4.0,Louisville,2015.0,2015.0,MIA,14.0,6.0,0.25641027
2019,14,00-0031547,D.Parker,WR,MIA,NYJ,0,0,0.0,0,0.0,0.0,0.0,0,0.0,0,2,2,28.0,0,2.8,4.8,,,75.0,216.0,26.789375,4.0,Louisville,2015.0,2015.0,MIA,14.0,,0.057142857
2019,15,00-0031547,D.Parker,WR,MIA,NYG,0,0,0.0,0,0.0,0.0,0.0,0,0.0,0,7,4,72.0,2,19.2,23.2,,,75.0,216.0,26.789375,4.0,Louisville,2015.0,2015.0,MIA,14.0,,0.17073171
2019,16,00-0031547,D.Parker,WR,MIA,CIN,0,0,0.0,0,0.0,0.0,0.0,0,0.0,0,15,5,111.0,1,17.1,22.1,,,75.0,216.0,26.789375,4.0,Louisville,2015.0,2015.0,MIA,14.0,3.0,0.29411766
2019,17,00-0031547,D.Parker,WR,MIA,NE,0,0,0.0,0,0.0,0.0,0.0,0,0.0,0,11,8,137.0,0,13.7,21.7,,,75.0,216.0,26.789375,4.0,Louisville,2015.0,2015.0,MIA,14.0,,0.25
2019,1,00-0031549,N.Agholor,WR,PHI,WAS,0,0,0.0,0,0.0,0.0,0.0,0,0.0,0,5,2,11.0,0,1.1,3.1,,,72.0,198.0,26.45358823529412,4.0,Southern California,2015.0,2015.0,PHI,20.0,5.0,0.12820514
2019,2,00-0031549,N.Agholor,WR,PHI,ATL,0,0,0.0,0,0.0,0.0,0.0,0,0.0,0,11,8,107.0,1,16.7,24.7,,,72.0,198.0,26.45358823529412,4.0,Southern California,2015.0,2015.0,PHI,20.0,,0.23404256
2019,3,00-0031549,N.Agholor,WR,PHI,DET,0,0,0.0,0,0.0,0.0,0.0,0,0.0,0,12,8,50.0,2,15.0,23.0,,,72.0,198.0,26.45358823529412,4.0,Southern California,2015.0,2015.0,PHI,20.0,-3.0,0.33333334
2019,4,00-0031549,N.Agholor,WR,PHI,GB,0,0,0.0,0,0.0,0.0,0.0,0,0.0,0,1,0,0.0,0,0.0,0.0,,,72.0,198.0,26.45358823529412,4.0,Southern California,2015.0,2015.0,PHI,20.0,,0.037037037
2019,5,00-0031549,N.Agholor,WR,PHI,NYJ,0,0,0.0,0,0.0,0.0,0.0,0,0.0,0,3,1,20.0,0,2.0,3.0,,,72.0,198.0,26.45358823529412,4.0,Southern California,2015.0,2015.0,PHI,20.0,25.0,0.10714286
2019,6,00-0031549,N.Agholor,WR,PHI,MIN,0,0,0.0,0,0.0,0.0,0.0,0,0.0,0,7,4,42.0,0,4.2,8.2,,,72.0,198.0,26.45358823529412,4.0,Southern California,2015.0,2015.0,PHI,20.0,,0.17073171
2019,7,00-0031549,N.Agholor,WR,PHI,DAL,0,0,0.0,0,0.0,0.0,0.0,0,0.0,0,3,2,24.0,0,2.4,4.4,,,72.0,198.0,26.45358823529412,4.0,Southern California,2015.0,2015.0,PHI,20.0,,0.12
2019,8,00-0031549,N.Agholor,WR,PHI,BUF,0,0,0.0,0,0.0,0.0,0.0,2,7.0,0,4,4,7.0,0,1.4,5.4,,,72.0,198.0,26.45358823529412,4.0,Southern California,2015.0,2015.0,PHI,20.0,,0.16666667
2019,9,00-0031549,N.Agholor,WR,PHI,CHI,0,0,0.0,0,0.0,0.0,0.0,0,0.0,0,8,3,21.0,0,2.1,5.1,,,72.0,198.0,26.45358823529412,4.0,Southern California,2015.0,2015.0,PHI,20.0,8.0,0.20512821
2019,11,00-0031549,N.Agholor,WR,PHI,NE,0,0,0.0,0,0.0,0.0,0.0,0,0.0,0,9,4,40.0,0,4.0,8.0,,,72.0,198.0,26.45358823529412,4.0,Southern California,2015.0,2015.0,PHI,20.0,-7.0,0.23684211
2019,13,00-0031549,N.Agholor,WR,PHI,MIA,0,0,0.0,0,0.0,0.0,0.0,0,0.0,0,6,3,41.0,0,6.1,9.1,,,72.0,198.0,26.45358823529412,4.0,Southern California,2015.0,2015.0,PHI,20.0,,0.13333334
2019,1,00-0031558,M.Williams,TE,ARI,DET,0,0,0.0,0,0.0,0.0,0.0,0,0.0,0,1,1,15.0,0,1.5,2.5,,,76.0,252.0,25.5564375,4.0,Minnesota,2015.0,2015.0,BAL,55.0,0.0,0.01923077
2019,2,00-0031558,M.Williams,TE,ARI,BAL,0,0,0.0,0,0.0,0.0,0.0,0,0.0,0,1,1,21.0,0,2.1,3.1,,,76.0,252.0,25.5564375,4.0,Minnesota,2015.0,2015.0,BAL,55.0,,0.027027028
2019,4,00-0031558,M.Williams,TE,ARI,SEA,0,0,0.0,0,0.0,0.0,0.0,0,0.0,0,1,1,21.0,0,2.1,3.1,,,76.0,252.0,25.5564375,4.0,Minnesota,2015.0,2015.0,BAL,55.0,-17.0,0.033333335
2019,5,00-0031558,M.Williams,TE,ARI,CIN,0,0,0.0,0,0.0,0.0,0.0,0,0.0,0,1,1,7.0,0,0.7,1.7,,,76.0,252.0,25.5564375,4.0,Minnesota,2015.0,2015.0,BAL,55.0,,0.032258064
2019,6,00-0031558,M.Williams,TE,ARI,ATL,0,0,0.0,0,0.0,0.0,0.0,0,0.0,0,3,3,34.0,1,9.4,12.4,,,76.0,252.0,25.5564375,4.0,Minnesota,2015.0,2015.0,BAL,55.0,1.0,0.08571429
2019,7,00-0031558,M.Williams,TE,ARI,NYG,0,0,0.0,0,0.0,0.0,0.0,0,0.0,0,1,1,5.0,0,0.5,1.5,,,76.0,252.0,25.5564375,4.0,Minnesota,2015.0,2015.0,BAL,55.0,,0.04761905
2019,8,00-0031558,M.Williams,TE,ARI,NO,0,0,0.0,0,0.0,0.0,0.0,0,0.0,0,1,1,9.0,0,0.9,1.9,,,76.0,252.0,25.5564375,4.0,Minnesota,2015.0,2015.0,BAL,55.0,,0.03125
2019,9,00-0031558,M.Williams,TE,ARI,SF,0,0,0.0,0,0.0,0.0,0.0,0,0.0,0,2,1,12.0,0,1.2,2.2,,,76.0,252.0,25.5564375,4.0,Minnesota,2015.0,2015.0,BAL,55.0,-3.0,0.08695652
2019,10,00-0031558,M.Williams,TE,ARI,TB,0,0,0.0,0,0.0,0.0,0.0,0,0.0,0,2,1,15.0,0,1.5,2.5,,,76.0,252.0,25.5564375,4.0,Minnesota,2015.0,2015.0,BAL,55.0,,0.046511628
2019,14,00-0031558,M.Williams,TE,ARI,PIT,0,0,0.0,0,0.0,0.0,0.0,0,0.0,0,1,0,0.0,0,0.0,0.0,,,76.0,252.0,25.5564375,4.0,Minnesota,2015.0,2015.0,BAL,55.0,-6.0,0.035714287
2019,15,00-0031558,M.Williams,TE,ARI,CLE,0,0,0.0,0,0.0,0.0,0.0,0,0.0,0,1,1,4.0,0,0.4,1.4,,,76.0,252.0,25.5564375,4.0,Minnesota,2015.0,2015.0,BAL,55.0,14.0,0.05
2019,16,00-0031558,M.Williams,TE,ARI,SEA,0,0,0.0,0,0.0,0.0,0.0,0,0.0,0,2,2,36.0,0,3.6,5.6,,,76.0,252.0,25.5564375,4.0,Minnesota,2015.0,2015.0,BAL,55.0,,0.074074075
2019,17,00-0031558,M.Williams,TE,ARI,LA,0,0,0.0,0,0.0,0.0,0.0,0,0.0,0,2,1,23.0,0,2.3,3.3,,,76.0,252.0,25.5564375,4.0,Minnesota,2015.0,2015.0,BAL,55.0,,0.051282052
2019,1,00-0031570,J.Hardy,WR,ATL,MIN,0,0,0.0,0,0.0,0.0,0.0,0,0.0,0,5,4,41.0,0,4.1,8.1,,,70.0,192.0,27.87625,4.0,East Carolina,2015.0,2015.0,ATL,107.0,,0.11111111
2019,2,00-0031570,J.Hardy,WR,ATL,PHI,0,0,0.0,0,0.0,0.0,0.0,0,0.0,0,1,0,0.0,0,0.0,0.0,,,70.0,192.0,27.87625,4.0,East Carolina,2015.0,2015.0,ATL,107.0,4.0,0.023255814
2019,3,00-0031570,J.Hardy,WR,ATL,IND,0,0,0.0,0,0.0,0.0,0.0,0,0.0,0,1,1,6.0,0,0.6,1.6,,,70.0,192.0,27.87625,4.0,East Carolina,2015.0,2015.0,ATL,107.0,,0.030303031
2019,5,00-0031570,J.Hardy,WR,ATL,HOU,0,0,0.0,0,0.0,0.0,0.0,0,0.0,0,1,1,5.0,0,0.5,1.5,,,70.0,192.0,27.87625,4.0,East Carolina,2015.0,2015.0,ATL,107.0,,0.022727273
2019,7,00-0031570,J.Hardy,WR,ATL,LA,0,0,0.0,0,0.0,0.0,0.0,0,0.0,0,2,2,19.0,0,1.9,3.9,,,70.0,192.0,27.87625,4.0,East Carolina,2015.0,2015.0,ATL,107.0,-27.0,0.060606062
2019,8,00-0031570,J.Hardy,WR,ATL,SEA,0,0,0.0,0,0.0,0.0,0.0,0,0.0,0,4,2,23.0,0,2.3,4.3,,,70.0,192.0,27.87625,4.0,East Carolina,2015.0,2015.0,ATL,107.0,-7.0,0.08163265
2019,11,00-0031570,J.Hardy,WR,ATL,CAR,0,0,0.0,0,0.0,0.0,0.0,0,0.0,0,4,2,14.0,0,1.4,3.4,,,70.0,192.0,27.87625,4.0,East Carolina,2015.0,2015.0,ATL,107.0,,0.12903225
2019,13,00-0031570,J.Hardy,WR,ATL,NO,0,0,0.0,0,0.0,0.0,0.0,0,0.0,0,3,3,28.0,0,2.8,5.8,,,70.0,192.0,27.87625,4.0,East Carolina,2015.0,2015.0,ATL,107.0,-8.0,0.06382979
2019,14,00-0031570,J.Hardy,WR,ATL,CAR,0,0,0.0,0,0.0,0.0,0.0,0,0.0,0,1,1,19.0,0,1.9,2.9,,,70.0,192.0,27.87625,4.0,East Carolina,2015.0,2015.0,ATL,107.0,20.0,0.032258064
2019,16,00-0031570,J.Hardy,WR,ATL,JAX,0,0,0.0,0,0.0,0.0,0.0,0,0.0,0,1,0,0.0,0,0.0,0.0,,,70.0,192.0,27.87625,4.0,East Carolina,2015.0,2015.0,ATL,107.0,12.0,0.023255814
2019,17,00-0031570,J.Hardy,WR,ATL,TB,0,0,0.0,0,0.0,0.0,0.0,0,0.0,0,3,3,40.0,0,4.0,7.0,,,70.0,192.0,27.87625,4.0,East Carolina,2015.0,2015.0,ATL,107.0,,0.0625
2019,13,00-0031577,J.Allen,RB,NYG,GB,0,0,0.0,0,0.0,0.0,0.0,1,4.0,0,0,0,0.0,0,0.4,0.4,,,72.0,222.0,28.1843125,4.0,Southern California,2015.0,2015.0,BAL,125.0,-18.0,
2019,15,00-0031577,J.Allen,RB,NYG,MIA,0,0,0.0,0,0.0,0.0,0.0,8,28.0,1,0,0,0.0,0,8.8,8.8,,,72.0,222.0,28.1843125,4.0,Southern California,2015.0,2015.0,BAL,125.0,16.0,
2019,17,00-0031577,J.Allen,RB,NYG,PHI,0,0,0.0,0,0.0,0.0,0.0,1,4.0,0,2,1,9.0,0,1.3,2.3,,,72.0,222.0,28.1843125,4.0,Southern California,2015.0,2015.0,BAL,125.0,-17.0,0.04255319
2019,1,00-0031585,M.Pruitt,TE,TEN,CLE,0,0,0.0,0,0.0,0.0,0.0,0,0.0,0,1,0,0.0,0,0.0,0.0,,,74.0,243.0,27.63873684210526,4.0,Southern Illinois,2015.0,2015.0,MIN,143.0,,0.041666668
2019,8,00-0031585,M.Pruitt,TE,TEN,TB,0,0,0.0,0,0.0,0.0,0.0,0,0.0,0,1,0,0.0,0,0.0,0.0,,,74.0,243.0,27.63873684210526,4.0,Southern Illinois,2015.0,2015.0,MIN,143.0,4.0,0.030303031
2019,12,00-0031585,M.Pruitt,TE,TEN,JAX,0,0,0.0,0,0.0,0.0,0.0,0,0.0,0,1,1,20.0,0,2.0,3.0,,,74.0,243.0,27.63873684210526,4.0,Southern Illinois,2015.0,2015.0,MIN,143.0,22.0,0.05882353
2019,14,00-0031585,M.Pruitt,TE,TEN,LV,0,0,0.0,0,0.0,0.0,0.0,0,0.0,0,1,1,42.0,0,4.2,5.2,,,74.0,243.0,27.63873684210526,4.0,Southern Illinois,2015.0,2015.0,MIN,143.0,,0.037037037
2019,16,00-0031585,M.Pruitt,TE,TEN,NO,0,0,0.0,0,0.0,0.0,0.0,0,0.0,0,2,2,15.0,0,1.5,3.5,,,74.0,243.0,27.63873684210526,4.0,Southern Illinois,2015.0,2015.0,MIN,143.0,-10.0,0.08
2019,17,00-0031585,M.Pruitt,TE,TEN,HOU,0,0,0.0,0,0.0,0.0,0.0,0,0.0,0,2,2,13.0,1,7.3,9.3,,,74.0,243.0,27.63873684210526,4.0,Southern Illinois,2015.0,2015.0,MIN,143.0,,0.0952381
2019,18,00-0031585,M.Pruitt,TE,TEN,NE,0,0,0.0,0,0.0,0.0,0.0,0,0.0,0,2,2,4.0,0,0.4,2.4,,,74.0,243.0,27.63873684210526,4.0,Southern Illinois,2015.0,2015.0,MIN,143.0,,0.13333334
2019,19,00-0031585,M.Pruitt,TE,TEN,BAL,0,0,0.0,0,0.0,0.0,0.0,0,0.0,0,1,1,15.0,0,1.5,2.5,,,74.0,243.0,27.63873684210526,4.0,Southern Illinois,2015.0,2015.0,MIN,143.0,,0.06666667
2019,20,00-0031585,M.Pruitt,TE,TEN,KC,0,0,0.0,0,0.0,0.0,0.0,0,0.0,0,1,1,9.0,0,0.9,1.9,,,74.0,243.0,27.63873684210526,4.0,Southern Illinois,2015.0,2015.0,MIN,143.0,,0.03125
2019,1,00-0031588,S.Diggs,WR,MIN,ATL,0,0,0.0,0,0.0,0.0,0.0,0,0.0,0,2,2,37.0,0,3.7,5.7,,,72.0,191.0,25.944111111111113,4.0,Maryland,2015.0,2015.0,MIN,146.0,16.0,0.22222222
2019,2,00-0031588,S.Diggs,WR,MIN,GB,0,0,0.0,0,0.0,0.0,0.0,0,0.0,0,7,1,49.0,1,8.9,9.9,,,72.0,191.0,25.944111111111113,4.0,Maryland,2015.0,2015.0,MIN,146.0,,0.25925925
2019,3,00-0031588,S.Diggs,WR,MIN,LV,0,0,0.0,0,0.0,0.0,0.0,0,0.0,0,3,3,15.0,0,1.5,4.5,,,72.0,191.0,25.944111111111113,4.0,Maryland,2015.0,2015.0,MIN,146.0,20.0,0.15
2019,4,00-0031588,S.Diggs,WR,MIN,CHI,0,0,0.0,0,0.0,0.0,0.0,0,0.0,0,7,7,108.0,0,8.8,15.8,,,72.0,191.0,25.944111111111113,4.0,Maryland,2015.0,2015.0,MIN,146.0,,0.2
2019,5,00-0031588,S.Diggs,WR,MIN,NYG,0,0,0.0,0,0.0,0.0,0.0,0,0.0,0,4,3,44.0,0,4.4,7.4,,,72.0,191.0,25.944111111111113,4.0,Maryland,2015.0,2015.0,MIN,146.0,,0.16666667
2019,6,00-0031588,S.Diggs,WR,MIN,PHI,0,0,0.0,0,0.0,0.0,0.0,2,18.0,0,11,7,167.0,3,36.5,43.5,,,72.0,191.0,25.944111111111113,4.0,Maryland,2015.0,2015.0,MIN,146.0,18.0,0.39285713
2019,7,00-0031588,S.Diggs,WR,MIN,DET,0,0,0.0,0,0.0,0.0,0.0,0,0.0,0,8,7,143.0,0,14.3,21.3,,,72.0,191.0,25.944111111111113,4.0,Maryland,2015.0,2015.0,MIN,146.0,,0.24242425
2019,8,00-0031588,S.Diggs,WR,MIN,WAS,0,0,0.0,0,0.0,0.0,0.0,0,0.0,0,7,7,143.0,0,12.3,19.3,,,72.0,191.0,25.944111111111113,4.0,Maryland,2015.0,2015.0,MIN,146.0,10.0,0.29166666
2019,9,00-0031588,S.Diggs,WR,MIN,KC,0,0,0.0,0,0.0,0.0,0.0,1,12.0,0,5,1,4.0,0,1.6,2.6,,,72.0,191.0,25.944111111111113,4.0,Maryland,2015.0,2015.0,MIN,146.0,,0.13513513
2019,10,00-0031588,S.Diggs,WR,MIN,DAL,0,0,0.0,0,0.0,0.0,0.0,0,0.0,0,6,3,49.0,0,4.9,7.9,,,72.0,191.0,25.944111111111113,4.0,Maryland,2015.0,2015.0,MIN,146.0,,0.19354838
2019,11,00-0031588,S.Diggs,WR,MIN,DEN,0,0,0.0,0,0.0,0.0,0.0,0,0.0,0,5,5,121.0,1,18.1,23.1,,,72.0,191.0,25.944111111111113,4.0,Maryland,2015.0,2015.0,MIN,146.0,4.0,0.14285715
2019,13,00-0031588,S.Diggs,WR,MIN,SEA,0,0,0.0,0,0.0,0.0,0.0,1,27.0,0,9,4,25.0,0,5.2,9.2,,,72.0,191.0,25.944111111111113,4.0,Maryland,2015.0,2015.0,MIN,146.0,,0.25
2019,14,00-0031588,S.Diggs,WR,MIN,DET,0,0,0.0,0,0.0,0.0,0.0,0,0.0,0,9,6,92.0,0,9.2,15.2,,,72.0,191.0,25.944111111111113,4.0,Maryland,2015.0,2015.0,MIN,146.0,13.0,0.31034482
2019,15,00-0031588,S.Diggs,WR,MIN,LAC,0,0,0.0,0,0.0,0.0,0.0,1,4.0,0,6,4,76.0,0,8.0,12.0,,,72.0,191.0,25.944111111111113,4.0,Maryland,2015.0,2015.0,MIN,146.0,,0.25
2019,16,00-0031588,S.Diggs,WR,MIN,GB,0,1,0.0,0,0.0,0.0,-0.0,0,0.0,0,5,3,57.0,1,11.7,14.7,,,72.0,191.0,25.944111111111113,4.0,Maryland,2015.0,2015.0,MIN,146.0,-13.0,0.16666667
2019,18,00-0031588,S.Diggs,WR,MIN,NO,0,0,0.0,0,0.0,1.0,6.0,2,8.0,0,3,2,19.0,0,2.7,4.7,,,72.0,191.0,25.944111111111113,4.0,Maryland,2015.0,2015.0,MIN,146.0,,0.09677419
2019,19,00-0031588,S.Diggs,WR,MIN,SF,0,0,0.0,0,0.0,0.0,0.0,0,0.0,0,5,2,57.0,1,11.7,13.7,,,72.0,191.0,25.944111111111113,4.0,Maryland,2015.0,2015.0,MIN,146.0,,0.1724138
2019,8,00-0031589,B.Hundley,QB,ARI,NO,0,1,0.0,0,0.0,1.0,4.0,0,0.0,0,0,0,0.0,0,0.0,0.0,,,75.0,226.0,26.3805625,4.0,UCLA,2015.0,2015.0,GB,147.0,,
2019,16,00-0031589,B.Hundley,QB,ARI,SEA,4,9,49.0,0,0.0,1.0,7.0,6,35.0,0,0,0,0.0,0,5.46,5.46,,,75.0,226.0,26.3805625,4.0,UCLA,2015.0,2015.0,GB,147.0,,
2019,17,00-0031589,B.Hundley,QB,ARI,LA,1,1,0.0,0,0.0,0.0,-0.0,1,6.0,0,0,0,0.0,0,0.6,0.6,,,75.0,226.0,26.3805625,4.0,UCLA,2015.0,2015.0,GB,147.0,,
2019,12,00-0031590,J.Ajayi,RB,PHI,SEA,0,0,0.0,0,0.0,0.0,0.0,6,16.0,0,0,0,0.0,0,1.6,1.6,,,72.0,223.0,26.490375,4.0,Boise State,2015.0,2015.0,MIA,149.0,-8.0,
2019,13,00-0031590,J.Ajayi,RB,PHI,MIA,0,0,0.0,0,0.0,0.0,0.0,2,9.0,0,0,0,0.0,0,0.9,0.9,,,72.0,223.0,26.490375,4.0,Boise State,2015.0,2015.0,MIA,149.0,,
2019,14,00-0031590,J.Ajayi,RB,PHI,NYG,0,0,0.0,0,0.0,0.0,0.0,2,5.0,0,1,0,0.0,0,0.5,0.5,,,72.0,223.0,26.490375,4.0,Boise State,2015.0,2015.0,MIA,149.0,6.0,0.02
2019,11,00-0031595,M.Burton,FB,WAS,NYJ,0,0,0.0,0,0.0,0.0,0.0,0,0.0,0,1,0,0.0,0,0.0,0.0,,,72.0,240.0,27.7520625,4.0,Rutgers,2015.0,2015.0,DET,168.0,-17.0,0.03125
2019,13,00-0031597,T.Smith,CB,TEN,TEN,0,0,0.0,0,0.0,0.0,0.0,0,0.0,0,0,0,0.0,0,6.0,6.0,,,72.0,195.0,26.529894736842106,4.0,Towson,2015.0,2015.0,SEA,170.0,,
2019,1,00-0031598,N.Boyle,TE,BAL,MIA,0,0,0.0,0,0.0,0.0,0.0,0,0.0,0,3,3,26.0,0,2.6,5.6,,,76.0,270.0,26.71970588235294,4.0,Delaware,2015.0,2015.0,BAL,171.0,,0.12
2019,2,00-0031598,N.Boyle,TE,BAL,ARI,0,0,0.0,0,0.0,0.0,0.0,0,0.0,0,3,1,14.0,0,1.4,2.4,,,76.0,270.0,26.71970588235294,4.0,Delaware,2015.0,2015.0,BAL,171.0,6.0,0.08571429
2019,3,00-0031598,N.Boyle,TE,BAL,KC,0,0,0.0,0,0.0,0.0,0.0,0,0.0,0,5,4,58.0,0,5.8,9.8,,,76.0,270.0,26.71970588235294,4.0,Delaware,2015.0,2015.0,BAL,171.0,,0.11627907
2019,4,00-0031598,N.Boyle,TE,BAL,CLE,0,0,0.0,0,0.0,0.0,0.0,0,0.0,0,1,1,9.0,0,0.9,1.9,,,76.0,270.0,26.71970588235294,4.0,Delaware,2015.0,2015.0,BAL,171.0,-15.0,0.030303031
2019,5,00-0031598,N.Boyle,TE,BAL,PIT,0,0,0.0,0,0.0,0.0,0.0,0,0.0,0,2,0,0.0,0,0.0,0.0,,,76.0,270.0,26.71970588235294,4.0,Delaware,2015.0,2015.0,BAL,171.0,,0.071428575
2019,6,00-0031598,N.Boyle,TE,BAL,CIN,0,0,0.0,0,0.0,0.0,0.0,0,0.0,0,4,2,18.0,0,1.8,3.8,,,76.0,270.0,26.71970588235294,4.0,Delaware,2015.0,2015.0,BAL,171.0,6.0,0.13793103
2019,7,00-0031598,N.Boyle,TE,BAL,SEA,0,0,0.0,0,0.0,0.0,0.0,0,0.0,0,1,1,20.0,0,2.0,3.0,,,76.0,270.0,26.71970588235294,4.0,Delaware,2015.0,2015.0,BAL,171.0,,0.05
2019,9,00-0031598,N.Boyle,TE,BAL,NE,0,0,0.0,0,0.0,0.0,0.0,0,0.0,0,5,5,27.0,1,8.7,13.7,,,76.0,270.0,26.71970588235294,4.0,Delaware,2015.0,2015.0,BAL,171.0,17.0,0.2173913
2019,10,00-0031598,N.Boyle,TE,BAL,CIN,0,0,0.0,0,0.0,0.0,0.0,0,0.0,0,4,4,78.0,0,7.8,11.8,,,76.0,270.0,26.71970588235294,4.0,Delaware,2015.0,2015.0,BAL,171.0,,0.1904762
2019,11,00-0031598,N.Boyle,TE,BAL,HOU,0,0,0.0,0,0.0,0.0,0.0,0,0.0,0,3,2,20.0,0,2.0,4.0,,,76.0,270.0,26.71970588235294,4.0,Delaware,2015.0,2015.0,BAL,171.0,34.0,0.11111111
2019,12,00-0031598,N.Boyle,TE,BAL,LA,0,0,0.0,0,0.0,0.0,0.0,0,0.0,0,1,1,7.0,0,0.7,1.7,,,76.0,270.0,26.71970588235294,4.0,Delaware,2015.0,2015.0,BAL,171.0,,0.045454547
2019,13,00-0031598,N.Boyle,TE,BAL,SF,0,0,0.0,0,0.0,0.0,0.0,0,0.0,0,2,1,4.0,0,0.4,1.4,,,76.0,270.0,26.71970588235294,4.0,Delaware,2015.0,2015.0,BAL,171.0,3.0,0.08695652
2019,14,00-0031598,N.Boyle,TE,BAL,BUF,0,0,0.0,0,0.0,0.0,0.0,0,0.0,0,3,2,10.0,1,7.0,9.0,,,76.0,270.0,26.71970588235294,4.0,Delaware,2015.0,2015.0,BAL,171.0,,0.13043478
2019,16,00-0031598,N.Boyle,TE,BAL,CLE,0,0,0.0,0,0.0,0.0,0.0,0,0.0,0,4,3,24.0,0,2.4,5.4,,,76.0,270.0,26.71970588235294,4.0,Delaware,2015.0,2015.0,BAL,171.0,,0.13333334
2019,17,00-0031598,N.Boyle,TE,BAL,PIT,0,0,0.0,0,0.0,0.0,0.0,0,0.0,0,2,1,6.0,0,0.6,1.6,,,76.0,270.0,26.71970588235294,4.0,Delaware,2015.0,2015.0,BAL,171.0,18.0,0.1
2019,19,00-0031598,N.Boyle,TE,BAL,TEN,0,0,0.0,0,0.0,0.0,0.0,0,0.0,0,2,0,0.0,0,0.0,0.0,,,76.0,270.0,26.71970588235294,4.0,Delaware,2015.0,2015.0,BAL,171.0,-16.0,0.03773585
2019,1,00-0031610,D.Waller,TE,LV,DEN,0,0,0.0,0,0.0,0.0,0.0,0,0.0,0,8,7,70.0,0,7.0,14.0,,,78.0,255.0,27.140875,4.0,Georgia Tech,2015.0,2015.0,BAL,204.0,,0.30769232
2019,2,00-0031610,D.Waller,TE,LV,KC,0,0,0.0,0,0.0,0.0,0.0,0,0.0,0,7,6,63.0,0,6.3,12.3,,,78.0,255.0,27.140875,4.0,Georgia Tech,2015.0,2015.0,BAL,204.0,,0.1891892
2019,3,00-0031610,D.Waller,TE,LV,MIN,0,0,0.0,0,0.0,0.0,0.0,1,7.0,0,14,13,134.0,0,14.1,27.1,,,78.0,255.0,27.140875,4.0,Georgia Tech,2015.0,2015.0,BAL,204.0,,0.42424244
2019,4,00-0031610,D.Waller,TE,LV,IND,0,0,0.0,0,0.0,0.0,0.0,0,0.0,0,8,7,53.0,0,5.3,12.3,,,78.0,255.0,27.140875,4.0,Georgia Tech,2015.0,2015.0,BAL,204.0,,0.2857143
2019,5,00-0031610,D.Waller,TE,LV,CHI,0,0,0.0,0,0.0,0.0,0.0,0,0.0,0,5,4,39.0,0,3.9,7.9,,,78.0,255.0,27.140875,4.0,Georgia Tech,2015.0,2015.0,BAL,204.0,,0.16666667
2019,7,00-0031610,D.Waller,TE,LV,GB,0,0,0.0,0,0.0,0.0,0.0,0,0.0,0,8,7,126.0,2,24.6,31.6,,,78.0,255.0,27.140875,4.0,Georgia Tech,2015.0,2015.0,BAL,204.0,,0.2580645
2019,8,00-0031610,D.Waller,TE,LV,HOU,0,0,0.0,0,0.0,0.0,0.0,0,0.0,0,8,2,11.0,1,7.1,9.1,,,78.0,255.0,27.140875,4.0,Georgia Tech,2015.0,2015.0,BAL,204.0,,0.26666668
2019,9,00-0031610,D.Waller,TE,LV,DET,0,0,0.0,0,0.0,0.0,0.0,0,0.0,0,2,2,52.0,0,5.2,7.2,,,78.0,255.0,27.140875,4.0,Georgia Tech,2015.0,2015.0,BAL,204.0,,0.074074075
2019,10,00-0031610,D.Waller,TE,LV,LAC,0,0,0.0,0,0.0,0.0,0.0,0,0.0,0,5,3,40.0,0,4.0,7.0,,,78.0,255.0,27.140875,4.0,Georgia Tech,2015.0,2015.0,BAL,204.0,,0.16666667
2019,11,00-0031610,D.Waller,TE,LV,CIN,0,0,0.0,0,0.0,0.0,0.0,1,-2.0,0,7,5,78.0,0,7.6,12.6,,,78.0,255.0,27.140875,4.0,Georgia Tech,2015.0,2015.0,BAL,204.0,,0.25
2019,12,00-0031610,D.Waller,TE,LV,NYJ,0,0,0.0,0,0.0,0.0,0.0,0,0.0,0,6,3,41.0,0,4.1,7.1,,,78.0,255.0,27.140875,4.0,Georgia Tech,2015.0,2015.0,BAL,204.0,,0.18181819
2019,13,00-0031610,D.Waller,TE,LV,KC,0,0,0.0,0,0.0,0.0,0.0,0,0.0,0,9,7,100.0,0,10.0,17.0,,,78.0,255.0,27.140875,4.0,Georgia Tech,2015.0,2015.0,BAL,204.0,,0.33333334
2019,14,00-0031610,D.Waller,TE,LV,TEN,0,0,0.0,0,0.0,0.0,0.0,0,0.0,0,6,6,72.0,0,5.2,11.2,,,78.0,255.0,27.140875,4.0,Georgia Tech,2015.0,2015.0,BAL,204.0,,0.2
2019,15,00-0031610,D.Waller,TE,LV,JAX,0,0,0.0,0,0.0,0.0,0.0,0,0.0,0,10,8,122.0,0,12.2,20.2,,,78.0,255.0,27.140875,4.0,Georgia Tech,2015.0,2015.0,BAL,204.0,,0.32258064
2019,16,00-0031610,D.Waller,TE,LV,LAC,0,0,0.0,0,0.0,0.0,0.0,0,0.0,0,4,4,37.0,0,3.7,7.7,,,78.0,255.0,27.140875,4.0,Georgia Tech,2015.0,2015.0,BAL,204.0,,0.13793103
2019,17,00-0031610,D.Waller,TE,LV,DEN,0,0,0.0,0,0.0,0.0,0.0,0,0.0,0,10,6,107.0,0,10.7,16.7,,,78.0,255.0,27.140875,4.0,Georgia Tech,2015.0,2015.0,BAL,204.0,,0.24390244
2019,7,00-0031665,Z.Zenner,RB,NO,CHI,0,0,0.0,0,0.0,0.0,0.0,1,1.0,0,2,1,6.0,0,0.7,1.7,,,71.0,224.0,28.140466666666665,4.0,South Dakota,2015.0,2015.0,,,,0.055555556
2019,8,00-0031665,Z.Zenner,RB,ARI,NO,0,0,0.0,0,0.0,0.0,0.0,1,0.0,0,1,1,13.0,0,1.3,2.3,,,71.0,224.0,28.140466666666665,4.0,South Dakota,2015.0,2015.0,,,,0.03125
2019,9,00-0031665,Z.Zenner,RB,ARI,SF,0,0,0.0,0,0.0,0.0,0.0,1,-3.0,0,0,0,0.0,0,-0.3,-0.3,,,71.0,224.0,28.140466666666665,4.0,South Dakota,2015.0,2015.0,,,-3.0,
2019,1,00-0031687,R.Mostert,RB,SF,TB,0,0,0.0,0,0.0,0.0,0.0,9,40.0,0,1,1,0.0,0,4.0,5.0,,,70.0,197.0,27.60621052631579,4.0,Purdue,2015.0,2015.0,,,,0.037037037
2019,2,00-0031687,R.Mostert,RB,SF,CIN,0,0,0.0,0,0.0,0.0,0.0,13,83.0,0,4,3,68.0,1,21.1,24.1,,,70.0,197.0,27.60621052631579,4.0,Purdue,2015.0,2015.0,,,,0.15384616
2019,3,00-0031687,R.Mostert,RB,SF,PIT,0,0,0.0,0,0.0,0.0,0.0,12,79.0,0,1,0,0.0,0,5.9,5.9,,,70.0,197.0,27.60621052631579,4.0,Purdue,2015.0,2015.0,,,4.0,0.032258064
2019,5,00-0031687,R.Mostert,RB,SF,CLE,0,0,0.0,0,0.0,0.0,0.0,7,34.0,0,0,0,0.0,0,3.4,3.4,,,70.0,197.0,27.60621052631579,4.0,Purdue,2015.0,2015.0,,,28.0,
2019,6,00-0031687,R.Mostert,RB,SF,LA,0,0,0.0,0,0.0,0.0,0.0,4,13.0,0,0,0,0.0,0,1.3,1.3,,,70.0,197.0,27.60621052631579,4.0,Purdue,2015.0,2015.0,,,,
2019,8,00-0031687,R.Mostert,RB,SF,CAR,0,0,0.0,0,0.0,0.0,0.0,9,60.0,1,0,0,0.0,0,12.0,12.0,,,70.0,197.0,27.60621052631579,4.0,Purdue,2015.0,2015.0,,,38.0,
2019,9,00-0031687,R.Mostert,RB,SF,ARI,0,0,0.0,0,0.0,0.0,0.0,1,-2.0,0,0,0,0.0,0,-0.2,-0.2,,,70.0,197.0,27.60621052631579,4.0,Purdue,2015.0,2015.0,,,,
2019,10,00-0031687,R.Mostert,RB,SF,SEA,0,0,0.0,0,0.0,0.0,0.0,6,28.0,0,1,1,7.0,0,3.5,4.5,,,70.0,197.0,27.60621052631579,4.0,Purdue,2015.0,2015.0,,,-3.0,0.022727273
2019,11,00-0031687,R.Mostert,RB,SF,ARI,0,0,0.0,0,0.0,0.0,0.0,6,13.0,0,3,2,14.0,0,2.7,4.7,,,70.0,197.0,27.60621052631579,4.0,Purdue,2015.0,2015.0,,,10.0,0.06818182
2019,12,00-0031687,R.Mostert,RB,SF,GB,0,0,0.0,0,0.0,0.0,0.0,6,45.0,1,3,1,22.0,0,12.7,13.7,,,70.0,197.0,27.60621052631579,4.0,Purdue,2015.0,2015.0,,,29.0,0.15789473
2019,13,00-0031687,R.Mostert,RB,SF,BAL,0,0,0.0,0,0.0,0.0,0.0,19,146.0,1,2,2,8.0,0,21.4,23.4,,,70.0,197.0,27.60621052631579,4.0,Purdue,2015.0,2015.0,,,,0.0952381
2019,14,00-0031687,R.Mostert,RB,SF,NO,0,0,0.0,0,0.0,0.0,0.0,10,69.0,1,2,2,40.0,1,22.9,24.9,,,70.0,197.0,27.60621052631579,4.0,Purdue,2015.0,2015.0,,,,0.057142857
2019,15,00-0031687,R.Mostert,RB,SF,ATL,0,0,0.0,0,0.0,0.0,0.0,14,54.0,1,2,1,5.0,0,11.9,12.9,,,70.0,197.0,27.60621052631579,4.0,Purdue,2015.0,2015.0,,,-7.0,0.060606062
2019,16,00-0031687,R.Mostert,RB,SF,LA,0,0,0.0,0,0.0,0.0,0.0,11,53.0,1,1,0,0.0,0,11.3,11.3,,,70.0,197.0,27.60621052631579,4.0,Purdue,2015.0,2015.0,,,3.0,0.037037037
2019,17,00-0031687,R.Mostert,RB,SF,SEA,0,0,0.0,0,0.0,0.0,0.0,10,57.0,2,2,1,16.0,0,19.3,20.3,,,70.0,197.0,27.60621052631579,4.0,Purdue,2015.0,2015.0,,,,0.09090909
2019,19,00-0031687,R.Mostert,RB,SF,MIN,0,0,0.0,0,0.0,0.0,0.0,12,58.0,0,0,0,0.0,0,5.8,5.8,,,70.0,197.0,27.60621052631579,4.0,Purdue,2015.0,2015.0,,,17.0,
2019,20,00-0031687,R.Mostert,RB,SF,GB,0,0,0.0,0,0.0,0.0,0.0,29,220.0,4,2,2,6.0,0,46.6,48.6,,,70.0,197.0,27.60621052631579,4.0,Purdue,2015.0,2015.0,,,17.0,0.25
2019,21,00-0031687,R.Mostert,RB,SF,KC,0,0,0.0,0,0.0,0.0,0.0,12,58.0,1,1,1,2.0,0,12.0,13.0,,,70.0,197.0,27.60621052631579,4.0,Purdue,2015.0,2015.0,,,,0.032258064
2019,7,00-0031690,E.Tomlinson,TE,NE,NYJ,0,0,0.0,0,0.0,0.0,0.0,0,0.0,0,1,1,1.0,0,0.1,1.1,,,78.0,263.0,27.5303125,4.0,Texas-El Paso,2015.0,2015.0,,,,0.023809524
2019,2,00-0031744,M.LaCosse,TE,NE,MIA,0,0,0.0,0,0.0,0.0,0.0,0,0.0,0,2,2,33.0,0,3.3,5.3,,,78.0,255.0,27.12405882352941,4.0,Illinois,2015.0,2015.0,,,,0.071428575
2019,5,00-0031744,M.LaCosse,TE,NE,WAS,0,0,0.0,0,0.0,0.0,0.0,0,0.0,0,4,1,22.0,0,2.2,3.2,,,78.0,255.0,27.12405882352941,4.0,Illinois,2015.0,2015.0,,,,0.1
2019,11,00-0031744,M.LaCosse,TE,NE,PHI,0,0,0.0,0,0.0,0.0,0.0,0,0.0,0,2,2,3.0,0,0.3,2.3,,,78.0,255.0,27.12405882352941,4.0,Illinois,2015.0,2015.0,,,,0.044444446
2019,12,00-0031744,M.LaCosse,TE,NE,DAL,0,0,0.0,0,0.0,0.0,0.0,0,0.0,0,1,1,5.0,0,0.5,1.5,,,78.0,255.0,27.12405882352941,4.0,Illinois,2015.0,2015.0,,,4.0,0.028571429
2019,13,00-0031744,M.LaCosse,TE,NE,HOU,0,0,0.0,0,0.0,0.0,0.0,0,0.0,0,2,1,24.0,0,2.4,3.4,,,78.0,255.0,27.12405882352941,4.0,Illinois,2015.0,2015.0,,,,0.044444446
2019,14,00-0031744,M.LaCosse,TE,NE,KC,0,0,0.0,0,0.0,0.0,0.0,0,0.0,0,4,2,14.0,0,1.4,3.4,,,78.0,255.0,27.12405882352941,4.0,Illinois,2015.0,2015.0,,,-7.0,0.114285715
2019,15,00-0031744,M.LaCosse,TE,NE,CIN,0,0,0.0,0,0.0,0.0,0.0,0,0.0,0,3,3,22.0,0,2.2,5.2,,,78.0,255.0,27.12405882352941,4.0,Illinois,2015.0,2015.0,,,,0.10714286
2019,16,00-0031744,M.LaCosse,TE,NE,BUF,0,0,0.0,0,0.0,0.0,0.0,0,0.0,0,1,1,8.0,1,6.8,7.8,,,78.0,255.0,27.12405882352941,4.0,Illinois,2015.0,2015.0,,,7.0,0.03125
2019,1,00-0031763,D.Carter,WR,HOU,NO,0,0,0.0,0,0.0,0.0,0.0,0,0.0,0,1,1,-1.0,0,-0.1,0.9,,,68.0,190.0,26.583944444444445,4.0,Sacramento State,2015.0,2015.0,,,,0.03448276
2019,8,00-0031763,D.Carter,WR,HOU,LV,0,0,0.0,0,0.0,0.0,0.0,0,0.0,0,3,1,46.0,0,4.6,5.6,,,68.0,190.0,26.583944444444445,4.0,Sacramento State,2015.0,2015.0,,,3.0,0.078947365
2019,9,00-0031763,D.Carter,WR,HOU,JAX,0,0,0.0,0,0.0,0.0,0.0,0,0.0,0,1,1,8.0,0,0.8,1.8,,,68.0,190.0,26.583944444444445,4.0,Sacramento State,2015.0,2015.0,,,,0.035714287
2019,16,00-0031763,D.Carter,WR,HOU,TB,0,0,0.0,0,0.0,0.0,0.0,0,0.0,0,2,2,44.0,0,4.4,6.4,,,68.0,190.0,26.583944444444445,4.0,Sacramento State,2015.0,2015.0,,,,0.0625
2019,17,00-0031763,D.Carter,WR,HOU,TEN,0,0,0.0,0,0.0,0.0,0.0,0,0.0,0,7,6,65.0,0,6.5,12.5,,,68.0,190.0,26.583944444444445,4.0,Sacramento State,2015.0,2015.0,,,-21.0,0.21875
2019,18,00-0031763,D.Carter,WR,HOU,BUF,0,0,0.0,0,0.0,0.0,0.0,0,0.0,0,2,1,5.0,0,0.5,1.5,,,68.0,190.0,26.583944444444445,4.0,Sacramento State,2015.0,2015.0,,,3.0,0.08
2019,19,00-0031763,D.Carter,WR,HOU,KC,0,0,0.0,0,0.0,0.0,0.0,0,0.0,0,1,1,17.0,0,1.7,2.7,,,68.0,190.0,26.583944444444445,4.0,Sacramento State,2015.0,2015.0,,,,0.02
2019,2,00-0031787,J.Kumerow,WR,GB,MIN,0,0,0.0,0,0.0,0.0,0.0,0,0.0,0,1,1,12.0,0,1.2,2.2,,,76.0,209.0,27.729444444444443,4.0,Wisconsin-Whitewater,2015.0,2015.0,,,5.0,0.032258064
2019,5,00-0031787,J.Kumerow,WR,GB,DAL,0,0,0.0,0,0.0,0.0,0.0,0,0.0,0,2,1,9.0,0,0.9,1.9,,,76.0,209.0,27.729444444444443,4.0,Wisconsin-Whitewater,2015.0,2015.0,,,,0.06451613
2019,6,00-0031787,J.Kumerow,WR,GB,DET,0,0,0.0,0,0.0,0.0,0.0,0,0.0,0,3,2,17.0,0,1.7,3.7,,,76.0,209.0,27.729444444444443,4.0,Wisconsin-Whitewater,2015.0,2015.0,,,1.0,0.078947365
2019,7,00-0031787,J.Kumerow,WR,GB,LV,0,0,0.0,0,0.0,0.0,0.0,0,0.0,0,2,2,54.0,1,11.4,13.4,,,76.0,209.0,27.729444444444443,4.0,Wisconsin-Whitewater,2015.0,2015.0,,,18.0,0.06896552
2019,8,00-0031787,J.Kumerow,WR,GB,KC,0,0,0.0,0,0.0,0.0,0.0,0,0.0,0,4,2,48.0,0,4.8,6.8,,,76.0,209.0,27.729444444444443,4.0,Wisconsin-Whitewater,2015.0,2015.0,,,,0.12903225
2019,9,00-0031787,J.Kumerow,WR,GB,LAC,0,0,0.0,0,0.0,0.0,0.0,0,0.0,0,2,0,0.0,0,0.0,0.0,,,76.0,209.0,27.729444444444443,4.0,Wisconsin-Whitewater,2015.0,2015.0,,,,0.05882353
2019,10,00-0031787,J.Kumerow,WR,GB,CAR,0,0,0.0,0,0.0,0.0,0.0,0,0.0,0,2,2,23.0,0,2.3,4.3,,,76.0,209.0,27.729444444444443,4.0,Wisconsin-Whitewater,2015.0,2015.0,,,8.0,0.074074075
2019,12,00-0031787,J.Kumerow,WR,GB,SF,0,0,0.0,0,0.0,0.0,0.0,0,0.0,0,1,0,0.0,0,0.0,0.0,,,76.0,209.0,27.729444444444443,4.0,Wisconsin-Whitewater,2015.0,2015.0,,,,0.027777778
2019,15,00-0031787,J.Kumerow,WR,GB,CHI,0,0,0.0,0,0.0,0.0,0.0,0,0.0,0,1,1,49.0,0,4.9,5.9,,,76.0,209.0,27.729444444444443,4.0,Wisconsin-Whitewater,2015.0,2015.0,,,8.0,0.033333335
2019,16,00-0031787,J.Kumerow,WR,GB,MIN,0,0,0.0,0,0.0,0.0,0.0,0,0.0,0,1,0,0.0,0,0.0,0.0,,,76.0,209.0,27.729444444444443,4.0,Wisconsin-Whitewater,2015.0,2015.0,,,,0.02631579
2019,17,00-0031787,J.Kumerow,WR,GB,DET,0,0,0.0,0,0.0,0.0,0.0,0,0.0,0,2,1,7.0,0,0.7,1.7,,,76.0,209.0,27.729444444444443,4.0,Wisconsin-Whitewater,2015.0,2015.0,,,,0.037037037
2019,19,00-0031787,J.Kumerow,WR,GB,SEA,0,0,0.0,0,0.0,0.0,0.0,0,0.0,0,1,0,0.0,0,0.0,0.0,,,76.0,209.0,27.729444444444443,4.0,Wisconsin-Whitewater,2015.0,2015.0,,,5.0,0.045454547
2019,20,00-0031787,J.Kumerow,WR,GB,SF,0,0,0.0,0,0.0,0.0,0.0,0,0.0,0,1,1,23.0,0,2.3,3.3,,,76.0,209.0,27.729444444444443,4.0,Wisconsin-Whitewater,2015.0,2015.0,,,,0.027027028
2019,1,00-0031806,M.Brown,RB,LA,CAR,0,0,0.0,0,0.0,0.0,0.0,11,53.0,2,0,0,0.0,0,17.3,17.3,,,71.0,222.0,26.4690625,4.0,Texas,2015.0,2015.0,,,,
2019,2,00-0031806,M.Brown,RB,LA,NO,0,0,0.0,0,0.0,0.0,0.0,6,37.0,0,1,1,10.0,0,4.7,5.7,,,71.0,222.0,26.4690625,4.0,Texas,2015.0,2015.0,,,18.0,0.035714287
2019,3,00-0031806,M.Brown,RB,LA,CLE,0,0,0.0,0,0.0,0.0,0.0,3,7.0,0,1,0,0.0,0,0.7,0.7,,,71.0,222.0,26.4690625,4.0,Texas,2015.0,2015.0,,,,0.02631579
2019,4,00-0031806,M.Brown,RB,LA,TB,0,0,0.0,0,0.0,0.0,0.0,5,14.0,0,1,0,0.0,0,1.4,1.4,,,71.0,222.0,26.4690625,4.0,Texas,2015.0,2015.0,,,-15.0,0.014705882
2019,5,00-0031806,M.Brown,RB,LA,SEA,0,0,0.0,0,0.0,0.0,0.0,1,3.0,0,0,0,0.0,0,0.3,0.3,,,71.0,222.0,26.4690625,4.0,Texas,2015.0,2015.0,,,,
2019,6,00-0031806,M.Brown,RB,LA,SF,0,0,0.0,0,0.0,0.0,0.0,11,40.0,0,0,0,0.0,0,4.0,4.0,,,71.0,222.0,26.4690625,4.0,Texas,2015.0,2015.0,,,-13.0,
2019,10,00-0031806,M.Brown,RB,LA,PIT,0,0,0.0,0,0.0,0.0,0.0,5,10.0,0,0,0,0.0,0,1.0,1.0,,,71.0,222.0,26.4690625,4.0,Texas,2015.0,2015.0,,,,
2019,11,00-0031806,M.Brown,RB,LA,CHI,0,0,0.0,0,0.0,0.0,0.0,5,15.0,1,0,0,0.0,0,7.5,7.5,,,71.0,222.0,26.4690625,4.0,Texas,2015.0,2015.0,,,10.0,
2019,12,00-0031806,M.Brown,RB,LA,BAL,0,0,0.0,0,0.0,0.0,0.0,1,0.0,0,0,0,0.0,0,0.0,0.0,,,71.0,222.0,26.4690625,4.0,Texas,2015.0,2015.0,,,-39.0,
2019,13,00-0031806,M.Brown,RB,LA,ARI,0,0,0.0,0,0.0,0.0,0.0,6,30.0,0,1,0,0.0,0,3.0,3.0,,,71.0,222.0,26.4690625,4.0,Texas,2015.0,2015.0,,,,0.024390243
2019,14,00-0031806,M.Brown,RB,LA,SEA,0,0,0.0,0,0.0,0.0,0.0,5,21.0,1,0,0,0.0,0,8.1,8.1,,,71.0,222.0,26.4690625,4.0,Texas,2015.0,2015.0,,,16.0,
2019,16,00-0031806,M.Brown,RB,LA,SF,0,0,0.0,0,0.0,0.0,0.0,1,-1.0,0,1,0,0.0,0,-0.1,-0.1,,,71.0,222.0,26.4690625,4.0,Texas,2015.0,2015.0,,,,0.025641026
2019,17,00-0031806,M.Brown,RB,LA,ARI,0,0,0.0,0,0.0,0.0,0.0,9,26.0,1,1,1,6.0,0,9.2,10.2,,,71.0,222.0,26.4690625,4.0,Texas,2015.0,2015.0,,,7.0,0.022727273
2019,1,00-0031868,D.Byrd,WR,ARI,DET,0,0,0.0,0,0.0,0.0,0.0,0,0.0,0,7,4,42.0,0,4.2,8.2,,,69.0,180.0,26.761125,4.0,South Carolina,2015.0,2015.0,,,0.0,0.13461539
2019,2,00-0031868,D.Byrd,WR,ARI,BAL,0,0,0.0,0,0.0,0.0,0.0,0,0.0,0,7,6,45.0,0,4.5,10.5,,,69.0,180.0,26.761125,4.0,South Carolina,2015.0,2015.0,,,,0.1891892
2019,3,00-0031868,D.Byrd,WR,ARI,CAR,0,0,0.0,0,0.0,0.0,0.0,0,0.0,0,4,2,9.0,0,0.9,2.9,,,69.0,180.0,26.761125,4.0,South Carolina,2015.0,2015.0,,,-18.0,0.0952381
2019,6,00-0031868,D.Byrd,WR,ARI,ATL,0,0,0.0,0,0.0,0.0,0.0,0,0.0,0,2,2,60.0,0,6.0,8.0,,,69.0,180.0,26.761125,4.0,South Carolina,2015.0,2015.0,,,1.0,0.057142857
2019,7,00-0031868,D.Byrd,WR,ARI,NYG,0,0,0.0,0,0.0,0.0,0.0,0,0.0,0,2,1,4.0,0,0.4,1.4,,,69.0,180.0,26.761125,4.0,South Carolina,2015.0,2015.0,,,,0.0952381
2019,8,00-0031868,D.Byrd,WR,ARI,NO,0,0,0.0,0,0.0,0.0,0.0,0,0.0,0,5,2,18.0,0,1.8,3.8,,,69.0,180.0,26.761125,4.0,South Carolina,2015.0,2015.0,,,,0.15625
2019,13,00-0031868,D.Byrd,WR,ARI,LA,0,0,0.0,0,0.0,0.0,0.0,0,0.0,0,3,0,0.0,0,0.0,0.0,,,69.0,180.0,26.761125,4.0,South Carolina,2015.0,2015.0,,,-27.0,0.09090909
2019,14,00-0031868,D.Byrd,WR,ARI,PIT,0,0,0.0,0,0.0,0.0,0.0,0,0.0,0,1,1,10.0,0,1.0,2.0,,,69.0,180.0,26.761125,4.0,South Carolina,2015.0,2015.0,,,-6.0,0.035714287
2019,15,00-0031868,D.Byrd,WR,ARI,CLE,0,0,0.0,0,0.0,0.0,0.0,0,0.0,0,6,6,86.0,0,8.6,14.6,,,69.0,180.0,26.761125,4.0,South Carolina,2015.0,2015.0,,,14.0,0.3
2019,16,00-0031868,D.Byrd,WR,ARI,SEA,0,0,0.0,0,0.0,0.0,0.0,0,0.0,0,1,1,11.0,0,1.1,2.1,,,69.0,180.0,26.761125,4.0,South Carolina,2015.0,2015.0,,,,0.037037037
2019,17,00-0031868,D.Byrd,WR,ARI,LA,0,0,0.0,0,0.0,0.0,0.0,0,0.0,0,8,7,74.0,1,11.4,18.4,,,69.0,180.0,26.761125,4.0,South Carolina,2015.0,2015.0,,,,0.20512821
2019,2,00-0031934,D.Smith,WR,DAL,WAS,0,0,0.0,0,0.0,0.0,0.0,0,0.0,0,3,3,74.0,1,13.4,16.4,,,73.0,199.0,27.669,4.0,Ohio State,2015.0,2015.0,NYJ,37.0,,0.1
2019,3,00-0031934,D.Smith,WR,DAL,MIA,0,0,0.0,0,0.0,0.0,0.0,0,0.0,0,5,2,39.0,0,3.9,5.9,,,73.0,199.0,27.669,4.0,Ohio State,2015.0,2015.0,NYJ,37.0,25.0,0.16666667
2019,4,00-0031934,D.Smith,WR,DAL,NO,0,0,0.0,0,0.0,0.0,0.0,0,0.0,0,1,0,0.0,0,0.0,0.0,,,73.0,199.0,27.669,4.0,Ohio State,2015.0,2015.0,NYJ,37.0,,0.033333335
2019,1,00-0031941,J.Crowder,WR,NYJ,BUF,0,0,0.0,0,0.0,0.0,0.0,1,4.0,0,17,14,99.0,0,10.3,24.3,,,69.0,177.0,26.385125000000002,4.0,Duke,2015.0,2015.0,WAS,105.0,-1.0,0.41463414
2019,2,00-0031941,J.Crowder,WR,NYJ,CLE,0,0,0.0,0,0.0,0.0,0.0,0,0.0,0,6,4,40.0,0,4.0,8.0,,,69.0,177.0,26.385125000000002,4.0,Duke,2015.0,2015.0,WAS,105.0,-20.0,0.2
2019,3,00-0031941,J.Crowder,WR,NYJ,NE,0,0,0.0,0,0.0,0.0,0.0,0,0.0,0,5,2,25.0,0,2.5,4.5,,,69.0,177.0,26.385125000000002,4.0,Duke,2015.0,2015.0,WAS,105.0,,0.22727273
2019,5,00-0031941,J.Crowder,WR,NYJ,PHI,0,0,0.0,0,0.0,0.0,0.0,0,0.0,0,3,2,10.0,0,1.0,3.0,,,69.0,177.0,26.385125000000002,4.0,Duke,2015.0,2015.0,WAS,105.0,,0.12
2019,6,00-0031941,J.Crowder,WR,NYJ,DAL,0,0,0.0,0,0.0,0.0,0.0,0,0.0,0,9,6,98.0,0,9.8,15.8,,,69.0,177.0,26.385125000000002,4.0,Duke,2015.0,2015.0,WAS,105.0,2.0,0.3
2019,7,00-0031941,J.Crowder,WR,NYJ,NE,0,0,0.0,0,0.0,0.0,0.0,0,0.0,0,5,4,26.0,0,2.6,6.6,,,69.0,177.0,26.385125000000002,4.0,Duke,2015.0,2015.0,WAS,105.0,-33.0,0.16129032
2019,8,00-0031941,J.Crowder,WR,NYJ,JAX,0,0,0.0,0,0.0,0.0,0.0,0,0.0,0,5,3,24.0,0,2.4,5.4,,,69.0,177.0,26.385125000000002,4.0,Duke,2015.0,2015.0,WAS,105.0,,0.1724138
2019,9,00-0031941,J.Crowder,WR,NYJ,MIA,0,0,0.0,0,0.0,0.0,0.0,0,0.0,0,9,8,83.0,1,14.3,22.3,,,69.0,177.0,26.385125000000002,4.0,Duke,2015.0,2015.0,WAS,105.0,,0.25
2019,10,00-0031941,J.Crowder,WR,NYJ,NYG,0,0,0.0,0,0.0,0.0,0.0,0,0.0,0,6,5,81.0,1,14.1,19.1,,,69.0,177.0,26.385125000000002,4.0,Duke,2015.0,2015.0,WAS,105.0,7.0,0.22222222
2019,11,00-0031941,J.Crowder,WR,NYJ,WAS,0,0,0.0,0,0.0,0.0,0.0,0,0.0,0,8,5,76.0,1,13.6,18.6,,,69.0,177.0,26.385125000000002,4.0,Duke,2015.0,2015.0,WAS,105.0,,0.2857143
2019,12,00-0031941,J.Crowder,WR,NYJ,LV,0,0,0.0,0,0.0,0.0,0.0,0,0.0,0,4,2,18.0,0,1.8,3.8,,,69.0,177.0,26.385125000000002,4.0,Duke,2015.0,2015.0,WAS,105.0,31.0,0.15384616
2019,13,00-0031941,J.Crowder,WR,NYJ,CIN,0,0,0.0,0,0.0,0.0,0.0,0,0.0,0,9,2,8.0,0,0.8,2.8,,,69.0,177.0,26.385125000000002,4.0,Duke,2015.0,2015.0,WAS,105.0,,0.2
2019,14,00-0031941,J.Crowder,WR,NYJ,MIA,0,0,0.0,0,0.0,0.0,0.0,0,0.0,0,7,3,29.0,0,2.9,5.9,,,69.0,177.0,26.385125000000002,4.0,Duke,2015.0,2015.0,WAS,105.0,1.0,0.2
2019,15,00-0031941,J.Crowder,WR,NYJ,BAL,0,0,0.0,0,0.0,0.0,0.0,0,0.0,0,11,6,90.0,2,21.0,27.0,,,69.0,177.0,26.385125000000002,4.0,Duke,2015.0,2015.0,WAS,105.0,,0.37931034
2019,16,00-0031941,J.Crowder,WR,NYJ,PIT,0,0,0.0,0,0.0,0.0,0.0,0,0.0,0,8,4,60.0,0,6.0,10.0,,,69.0,177.0,26.385125000000002,4.0,Duke,2015.0,2015.0,WAS,105.0,6.0,0.32
2019,17,00-0031941,J.Crowder,WR,NYJ,BUF,0,0,0.0,0,0.0,0.0,0.0,0,0.0,0,10,8,66.0,1,12.6,20.6,,,69.0,177.0,26.385125000000002,4.0,Duke,2015.0,2015.0,WAS,105.0,,0.3030303
2019,1,00-0031951,J.O'Shaughnessy,TE,JAX,KC,0,0,0.0,0,0.0,0.0,0.0,0,0.0,0,5,4,32.0,0,3.2,7.2,,,76.0,245.0,27.80125,4.0,Illinois State,2015.0,2015.0,KC,173.0,-14.0,0.15151516
2019,2,00-0031951,J.O'Shaughnessy,TE,JAX,HOU,0,0,0.0,0,0.0,0.0,0.0,0,0.0,0,4,4,28.0,0,2.8,6.8,,,76.0,245.0,27.80125,4.0,Illinois State,2015.0,2015.0,KC,173.0,,0.121212125
2019,3,00-0031951,J.O'Shaughnessy,TE,JAX,TEN,0,0,0.0,0,0.0,0.0,0.0,0,0.0,0,3,2,18.0,1,7.8,9.8,,,76.0,245.0,27.80125,4.0,Illinois State,2015.0,2015.0,KC,173.0,13.0,0.1
2019,4,00-0031951,J.O'Shaughnessy,TE,JAX,DEN,0,0,0.0,0,0.0,0.0,0.0,0,0.0,0,4,1,18.0,1,7.8,8.8,,,76.0,245.0,27.80125,4.0,Illinois State,2015.0,2015.0,KC,173.0,,0.125
2019,5,00-0031951,J.O'Shaughnessy,TE,JAX,CAR,0,0,0.0,0,0.0,0.0,0.0,0,0.0,0,4,3,57.0,0,5.7,8.7,,,76.0,245.0,27.80125,4.0,Illinois State,2015.0,2015.0,KC,173.0,,0.1
2019,4,00-0031953,G.Davis,WR,LAC,MIA,0,0,0.0,0,0.0,0.0,0.0,0,0.0,0,2,2,25.0,0,2.5,4.5,,,75.0,211.0,27.8099375,4.0,Connecticut,2015.0,2015.0,NYG,186.0,,0.06666667
2019,6,00-0031953,G.Davis,WR,LAC,PIT,0,0,0.0,0,0.0,0.0,0.0,0,0.0,0,1,1,13.0,0,1.3,2.3,,,75.0,211.0,27.8099375,4.0,Connecticut,2015.0,2015.0,NYG,186.0,-7.0,0.023809524
2019,2,00-0031972,D.Jennings,WR,TEN,IND,0,0,0.0,0,0.0,0.0,0.0,0,0.0,0,1,1,11.0,0,1.1,2.1,,,70.0,180.0,27.37589473684211,4.0,Virginia,2015.0,2015.0,,,-2.0,0.03846154
2019,3,00-0031972,D.Jennings,WR,TEN,JAX,0,0,0.0,0,0.0,0.0,0.0,0,0.0,0,2,0,0.0,0,0.0,0.0,,,70.0,180.0,27.37589473684211,4.0,Virginia,2015.0,2015.0,,,,0.05263158
2019,4,00-0031972,D.Jennings,WR,TEN,ATL,0,0,0.0,0,0.0,0.0,0.0,0,0.0,0,1,1,6.0,0,0.6,1.6,,,70.0,180.0,27.37589473684211,4.0,Virginia,2015.0,2015.0,,,,0.045454547
2019,6,00-0031972,D.Jennings,WR,TEN,DEN,0,0,0.0,0,0.0,0.0,0.0,0,0.0,0,1,0,0.0,0,0.0,0.0,,,70.0,180.0,27.37589473684211,4.0,Virginia,2015.0,2015.0,,,,0.03125
2019,19,00-0031972,D.Jennings,WR,TEN,BAL,0,0,0.0,0,0.0,0.0,0.0,0,0.0,0,1,0,0.0,0,0.0,0.0,,,70.0,180.0,27.37589473684211,4.0,Virginia,2015.0,2015.0,,,,0.06666667
2019,1,00-0032009,A.Humphries,WR,TEN,CLE,0,0,0.0,0,0.0,0.0,0.0,0,0.0,0,1,1,5.0,0,0.5,1.5,,,71.0,195.0,26.387631578947367,4.0,Clemson,2015.0,2015.0,,,,0.041666668
2019,2,00-0032009,A.Humphries,WR,TEN,IND,0,0,0.0,0,0.0,0.0,0.0,1,1.0,0,2,2,-1.0,0,0.0,2.0,,,71.0,195.0,26.387631578947367,4.0,Clemson,2015.0,2015.0,,,-2.0,0.07692308
2019,3,00-0032009,A.Humphries,WR,TEN,JAX,0,0,0.0,0,0.0,0.0,0.0,0,0.0,0,9,6,93.0,0,9.3,15.3,,,71.0,195.0,26.387631578947367,4.0,Clemson,2015.0,2015.0,,,,0.23684211
2019,4,00-0032009,A.Humphries,WR,TEN,ATL,0,0,0.0,0,0.0,0.0,0.0,0,0.0,0,3,2,15.0,0,1.5,3.5,,,71.0,195.0,26.387631578947367,4.0,Clemson,2015.0,2015.0,,,,0.13636364
2019,5,00-0032009,A.Humphries,WR,TEN,BUF,0,0,0.0,0,0.0,0.0,0.0,0,0.0,0,6,4,30.0,0,3.0,7.0,,,71.0,195.0,26.387631578947367,4.0,Clemson,2015.0,2015.0,,,-7.0,0.2857143
2019,6,00-0032009,A.Humphries,WR,TEN,DEN,0,0,0.0,0,0.0,0.0,0.0,0,0.0,0,6,6,47.0,0,4.7,10.7,,,71.0,195.0,26.387631578947367,4.0,Clemson,2015.0,2015.0,,,,0.1875
2019,7,00-0032009,A.Humphries,WR,TEN,LAC,0,0,0.0,0,0.0,0.0,0.0,0,0.0,0,4,4,40.0,0,4.0,8.0,,,71.0,195.0,26.387631578947367,4.0,Clemson,2015.0,2015.0,,,3.0,0.13793103
2019,8,00-0032009,A.Humphries,WR,TEN,TB,0,0,0.0,0,0.0,0.0,0.0,0,0.0,0,6,3,24.0,0,2.4,5.4,,,71.0,195.0,26.387631578947367,4.0,Clemson,2015.0,2015.0,,,4.0,0.18181819
2019,9,00-0032009,A.Humphries,WR,TEN,CAR,0,0,0.0,0,0.0,0.0,0.0,0,0.0,0,4,4,65.0,0,6.5,10.5,,,71.0,195.0,26.387631578947367,4.0,Clemson,2015.0,2015.0,,,,0.10810811
2019,10,00-0032009,A.Humphries,WR,TEN,KC,0,0,0.0,0,0.0,0.0,0.0,0,0.0,0,1,1,23.0,1,8.3,9.3,,,71.0,195.0,26.387631578947367,4.0,Clemson,2015.0,2015.0,,,3.0,0.05263158
2019,12,00-0032009,A.Humphries,WR,TEN,JAX,0,0,0.0,0,0.0,0.0,0.0,0,0.0,0,3,3,20.0,0,2.0,5.0,,,71.0,195.0,26.387631578947367,4.0,Clemson,2015.0,2015.0,,,22.0,0.1764706
2019,13,00-0032009,A.Humphries,WR,TEN,IND,0,0,0.0,0,0.0,0.0,0.0,0,0.0,0,2,1,13.0,1,7.3,8.3,,,71.0,195.0,26.387631578947367,4.0,Clemson,2015.0,2015.0,,,,0.0952381
2019,20,00-0032009,A.Humphries,WR,TEN,KC,0,0,0.0,0,0.0,0.0,0.0,0,0.0,0,5,4,25.0,0,2.5,6.5,,,71.0,195.0,26.387631578947367,4.0,Clemson,2015.0,2015.0,,,,0.15625
2019,1,00-0032054,B.Perriman,WR,TB,SF,0,0,0.0,0,0.0,0.0,0.0,0,0.0,0,5,2,10.0,0,1.0,3.0,,,74.0,215.0,26.148125,4.0,Central Florida,2015.0,2015.0,BAL,26.0,-14.0,0.14705883
2019,2,00-0032054,B.Perriman,WR,TB,CAR,0,0,0.0,0,0.0,0.0,0.0,0,0.0,0,4,0,0.0,0,0.0,0.0,,,74.0,215.0,26.148125,4.0,Central Florida,2015.0,2015.0,BAL,26.0,,0.16
2019,3,00-0032054,B.Perriman,WR,TB,NYG,0,0,0.0,0,0.0,0.0,0.0,1,13.0,0,2,1,6.0,0,1.9,2.9,,,74.0,215.0,26.148125,4.0,Central Florida,2015.0,2015.0,BAL,26.0,-1.0,0.055555556
2019,4,00-0032054,B.Perriman,WR,TB,LA,0,0,0.0,0,0.0,0.0,0.0,0,0.0,0,1,0,0.0,0,0.0,0.0,,,74.0,215.0,26.148125,4.0,Central Florida,2015.0,2015.0,BAL,26.0,,0.025
2019,8,00-0032054,B.Perriman,WR,TB,TEN,0,0,0.0,0,0.0,0.0,0.0,0,0.0,0,4,0,0.0,0,0.0,0.0,,,74.0,215.0,26.148125,4.0,Central Florida,2015.0,2015.0,BAL,26.0,,0.09756097
2019,9,00-0032054,B.Perriman,WR,TB,SEA,0,0,0.0,0,0.0,0.0,0.0,0,0.0,0,8,4,42.0,1,10.2,14.2,,,74.0,215.0,26.148125,4.0,Central Florida,2015.0,2015.0,BAL,26.0,,0.18604651
2019,10,00-0032054,B.Perriman,WR,TB,ARI,0,0,0.0,0,0.0,0.0,0.0,0,0.0,0,4,2,17.0,0,1.7,3.7,,,74.0,215.0,26.148125,4.0,Central Florida,2015.0,2015.0,BAL,26.0,3.0,0.08888889
2019,11,00-0032054,B.Perriman,WR,TB,NO,0,0,0.0,0,0.0,0.0,0.0,0,0.0,0,3,1,20.0,0,2.0,3.0,,,74.0,215.0,26.148125,4.0,Central Florida,2015.0,2015.0,BAL,26.0,-17.0,0.06122449
2019,12,00-0032054,B.Perriman,WR,TB,ATL,0,0,0.0,0,0.0,0.0,0.0,0,0.0,0,1,1,44.0,0,4.4,5.4,,,74.0,215.0,26.148125,4.0,Central Florida,2015.0,2015.0,BAL,26.0,,0.037037037
2019,13,00-0032054,B.Perriman,WR,TB,JAX,0,0,0.0,0,0.0,0.0,0.0,0,0.0,0,6,5,87.0,0,8.7,13.7,,,74.0,215.0,26.148125,4.0,Central Florida,2015.0,2015.0,BAL,26.0,,0.18181819
2019,14,00-0032054,B.Perriman,WR,TB,IND,0,0,0.0,0,0.0,0.0,0.0,0,0.0,0,5,3,70.0,1,13.0,16.0,,,74.0,215.0,26.148125,4.0,Central Florida,2015.0,2015.0,BAL,26.0,3.0,0.11111111
2019,15,00-0032054,B.Perriman,WR,TB,DET,0,0,0.0,0,0.0,0.0,0.0,1,3.0,0,6,5,113.0,3,29.6,34.6,,,74.0,215.0,26.148125,4.0,Central Florida,2015.0,2015.0,BAL,26.0,,0.14634146
2019,16,00-0032054,B.Perriman,WR,TB,HOU,0,0,0.0,0,0.0,0.0,0.0,0,0.0,0,12,7,102.0,0,10.2,17.2,,,74.0,215.0,26.148125,4.0,Central Florida,2015.0,2015.0,BAL,26.0,-3.0,0.25531915
2019,17,00-0032054,B.Perriman,WR,TB,ATL,0,0,0.0,0,0.0,0.0,0.0,0,0.0,0,8,5,134.0,1,19.4,24.4,,,74.0,215.0,26.148125,4.0,Central Florida,2015.0,2015.0,BAL,26.0,-6.0,0.3478261
2019,1,00-0032055,D.Funchess,TE,IND,LAC,0,0,0.0,0,0.0,0.0,0.0,0,0.0,0,5,3,32.0,0,3.2,6.2,,,76.0,225.0,25.4570625,4.0,Michigan,2015.0,2015.0,CAR,41.0,,0.18518518
2019,1,00-0032058,T.Coleman,RB,SF,TB,0,0,0.0,0,0.0,0.0,0.0,6,23.0,0,3,2,33.0,0,5.6,7.6,,,73.0,210.0,26.587894736842106,4.0,Indiana,2015.0,2015.0,ATL,73.0,,0.11111111
2019,5,00-0032058,T.Coleman,RB,SF,CLE,0,0,0.0,0,0.0,0.0,0.0,16,97.0,1,0,0,0.0,0,15.7,15.7,,,73.0,210.0,26.587894736842106,4.0,Indiana,2015.0,2015.0,ATL,73.0,28.0,
2019,6,00-0032058,T.Coleman,RB,SF,LA,0,0,0.0,0,0.0,0.0,0.0,18,45.0,1,3,2,16.0,0,12.1,14.1,,,73.0,210.0,26.587894736842106,4.0,Indiana,2015.0,2015.0,ATL,73.0,,0.09677419
2019,7,00-0032058,T.Coleman,RB,SF,WAS,0,0,0.0,0,0.0,0.0,0.0,20,62.0,0,2,2,-1.0,0,6.1,8.1,,,73.0,210.0,26.587894736842106,4.0,Indiana,2015.0,2015.0,ATL,73.0,,0.1
2019,8,00-0032058,T.Coleman,RB,SF,CAR,0,0,0.0,0,0.0,0.0,0.0,11,105.0,3,2,2,13.0,1,35.8,37.8,,,73.0,210.0,26.587894736842106,4.0,Indiana,2015.0,2015.0,ATL,73.0,38.0,0.09090909
2019,9,00-0032058,T.Coleman,RB,SF,ARI,0,0,0.0,0,0.0,0.0,0.0,12,23.0,0,4,2,13.0,0,3.6,5.6,,,73.0,210.0,26.587894736842106,4.0,Indiana,2015.0,2015.0,ATL,73.0,,0.10810811
2019,10,00-0032058,T.Coleman,RB,SF,SEA,0,0,0.0,0,0.0,0.0,0.0,9,40.0,0,4,4,32.0,0,7.2,11.2,,,73.0,210.0,26.587894736842106,4.0,Indiana,2015.0,2015.0,ATL,73.0,-3.0,0.09090909
2019,11,00-0032058,T.Coleman,RB,SF,ARI,0,0,0.0,0,0.0,0.0,0.0,12,14.0,0,4,3,48.0,0,6.2,9.2,,,73.0,210.0,26.587894736842106,4.0,Indiana,2015.0,2015.0,ATL,73.0,10.0,0.09090909
2019,12,00-0032058,T.Coleman,RB,SF,GB,0,0,0.0,0,0.0,0.0,0.0,11,39.0,1,4,2,10.0,0,10.9,12.9,,,73.0,210.0,26.587894736842106,4.0,Indiana,2015.0,2015.0,ATL,73.0,29.0,0.21052632
2019,13,00-0032058,T.Coleman,RB,SF,BAL,0,0,0.0,0,0.0,0.0,0.0,5,6.0,0,1,1,9.0,0,1.5,2.5,,,73.0,210.0,26.587894736842106,4.0,Indiana,2015.0,2015.0,ATL,73.0,,0.04761905
2019,14,00-0032058,T.Coleman,RB,SF,NO,0,0,0.0,0,0.0,0.0,0.0,3,6.0,0,0,0,0.0,0,0.6,0.6,,,73.0,210.0,26.587894736842106,4.0,Indiana,2015.0,2015.0,ATL,73.0,,
2019,15,00-0032058,T.Coleman,RB,SF,ATL,0,0,0.0,0,0.0,0.0,0.0,4,40.0,0,1,0,0.0,0,4.0,4.0,,,73.0,210.0,26.587894736842106,4.0,Indiana,2015.0,2015.0,ATL,73.0,-7.0,0.030303031
2019,16,00-0032058,T.Coleman,RB,SF,LA,0,0,0.0,0,0.0,0.0,0.0,5,33.0,0,0,0,0.0,0,3.3,3.3,,,73.0,210.0,26.587894736842106,4.0,Indiana,2015.0,2015.0,ATL,73.0,3.0,
2019,17,00-0032058,T.Coleman,RB,SF,SEA,0,0,0.0,0,0.0,0.0,0.0,5,11.0,0,2,1,7.0,0,1.8,2.8,,,73.0,210.0,26.587894736842106,4.0,Indiana,2015.0,2015.0,ATL,73.0,,0.09090909
2019,19,00-0032058,T.Coleman,RB,SF,MIN,0,0,0.0,0,0.0,0.0,0.0,22,105.0,2,0,0,0.0,0,22.5,22.5,,,73.0,210.0,26.587894736842106,4.0,Indiana,2015.0,2015.0,ATL,73.0,17.0,
2019,20,00-0032058,T.Coleman,RB,SF,GB,0,0,0.0,0,0.0,0.0,0.0,6,21.0,0,0,0,0.0,0,2.1,2.1,,,73.0,210.0,26.587894736842106,4.0,Indiana,2015.0,2015.0,ATL,73.0,17.0,
2019,21,00-0032058,T.Coleman,RB,SF,KC,0,0,0.0,0,0.0,0.0,0.0,5,28.0,0,1,1,3.0,0,3.1,4.1,,,73.0,210.0,26.587894736842106,4.0,Indiana,2015.0,2015.0,ATL,73.0,,0.032258064
2019,1,00-0032062,B.Bell,TE,KC,JAX,0,0,0.0,0,0.0,0.0,0.0,0,0.0,0,1,1,7.0,0,0.7,1.7,,,78.0,252.0,28.271947368421053,4.0,Oklahoma,2015.0,2015.0,SF,117.0,,0.029411765
2019,2,00-0032062,B.Bell,TE,KC,LV,0,0,0.0,0,0.0,0.0,0.0,0,0.0,0,1,0,0.0,0,0.0,0.0,,,78.0,252.0,28.271947368421053,4.0,Oklahoma,2015.0,2015.0,SF,117.0,,0.022727273
2019,3,00-0032062,B.Bell,TE,KC,BAL,0,0,0.0,0,0.0,0.0,0.0,0,0.0,0,1,1,1.0,0,0.1,1.1,,,78.0,252.0,28.271947368421053,4.0,Oklahoma,2015.0,2015.0,SF,117.0,5.0,0.028571429
2019,6,00-0032062,B.Bell,TE,KC,HOU,0,0,0.0,0,0.0,0.0,0.0,0,0.0,0,1,0,0.0,0,0.0,0.0,,,78.0,252.0,28.271947368421053,4.0,Oklahoma,2015.0,2015.0,SF,117.0,-7.0,0.028571429
2019,7,00-0032062,B.Bell,TE,KC,DEN,0,0,0.0,0,0.0,0.0,0.0,0,0.0,0,1,0,0.0,0,0.0,0.0,,,78.0,252.0,28.271947368421053,4.0,Oklahoma,2015.0,2015.0,SF,117.0,,0.03448276
2019,8,00-0032062,B.Bell,TE,KC,GB,0,0,0.0,0,0.0,0.0,0.0,0,0.0,0,1,0,0.0,0,0.0,0.0,,,78.0,252.0,28.271947368421053,4.0,Oklahoma,2015.0,2015.0,SF,117.0,-7.0,0.028571429
2019,9,00-0032062,B.Bell,TE,KC,MIN,0,0,0.0,0,0.0,0.0,0.0,0,0.0,0,1,1,2.0,0,0.2,1.2,,,78.0,252.0,28.271947368421053,4.0,Oklahoma,2015.0,2015.0,SF,117.0,3.0,0.029411765
2019,13,00-0032062,B.Bell,TE,KC,LV,0,0,0.0,0,0.0,0.0,0.0,0,0.0,0,1,0,0.0,0,0.0,0.0,,,78.0,252.0,28.271947368421053,4.0,Oklahoma,2015.0,2015.0,SF,117.0,31.0,0.037037037
2019,15,00-0032062,B.Bell,TE,KC,DEN,0,0,0.0,0,0.0,0.0,0.0,0,0.0,0,2,2,41.0,0,4.1,6.1,,,78.0,252.0,28.271947368421053,4.0,Oklahoma,2015.0,2015.0,SF,117.0,20.0,0.05882353
2019,16,00-0032062,B.Bell,TE,KC,CHI,0,0,0.0,0,0.0,0.0,0.0,0,0.0,0,3,2,15.0,0,1.5,3.5,,,78.0,252.0,28.271947368421053,4.0,Oklahoma,2015.0,2015.0,SF,117.0,,0.1
2019,17,00-0032062,B.Bell,TE,KC,LAC,0,0,0.0,0,0.0,0.0,0.0,0,0.0,0,2,1,1.0,0,0.1,1.1,,,78.0,252.0,28.271947368421053,4.0,Oklahoma,2015.0,2015.0,SF,117.0,10.0,0.08
2019,19,00-0032062,B.Bell,TE,KC,HOU,0,0,0.0,0,0.0,0.0,0.0,0,0.0,0,2,2,15.0,1,7.5,9.5,,,78.0,252.0,28.271947368421053,4.0,Oklahoma,2015.0,2015.0,SF,117.0,20.0,0.057142857
2019,21,00-0032062,B.Bell,TE,KC,SF,0,0,0.0,0,0.0,0.0,0.0,0,0.0,0,1,1,9.0,0,0.9,1.9,,,78.0,252.0,28.271947368421053,4.0,Oklahoma,2015.0,2015.0,SF,117.0,11.0,0.025641026
2019,1,00-0032063,M.Davis,RB,CHI,GB,0,0,0.0,0,0.0,0.0,0.0,5,19.0,0,7,6,17.0,0,3.6,9.6,,,69.0,221.0,26.7055,4.0,South Carolina,2015.0,2015.0,SF,126.0,-7.0,0.1590909
2019,2,00-0032063,M.Davis,RB,CHI,DEN,0,0,0.0,0,0.0,0.0,0.0,3,1.0,0,0,0,0.0,0,0.1,0.1,,,69.0,221.0,26.7055,4.0,South Carolina,2015.0,2015.0,SF,126.0,,
2019,3,00-0032063,M.Davis,RB,CHI,WAS,0,0,0.0,0,0.0,0.0,0.0,1,2.0,0,0,0,0.0,0,0.2,0.2,,,69.0,221.0,26.7055,4.0,South Carolina,2015.0,2015.0,SF,126.0,,
2019,8,00-0032063,M.Davis,RB,CHI,LAC,0,0,0.0,0,0.0,0.0,0.0,2,3.0,0,1,1,5.0,0,0.8,1.8,,,69.0,221.0,26.7055,4.0,South Carolina,2015.0,2015.0,SF,126.0,-1.0,0.030303031
2019,17,00-0032063,M.Davis,RB,CAR,NO,0,0,0.0,0,0.0,0.0,0.0,2,2.0,0,0,0,0.0,0,0.2,0.2,,,69.0,221.0,26.7055,4.0,South Carolina,2015.0,2015.0,SF,126.0,-32.0,
2019,11,00-0032098,D.Brown,TE,NYJ,WAS,0,0,0.0,0,0.0,0.0,0.0,0,0.0,0,1,1,20.0,1,8.0,9.0,,,77.0,247.0,27.4445625,4.0,James Madison,2015.0,2015.0,,,,0.035714287
2019,13,00-0032098,D.Brown,TE,NYJ,CIN,0,0,0.0,0,0.0,0.0,0.0,0,0.0,0,1,1,9.0,0,0.9,1.9,,,77.0,247.0,27.4445625,4.0,James Madison,2015.0,2015.0,,,,0.022222223
2019,14,00-0032098,D.Brown,TE,NYJ,MIA,0,0,0.0,0,0.0,0.0,0.0,0,0.0,0,2,1,7.0,0,0.7,1.7,,,77.0,247.0,27.4445625,4.0,James Madison,2015.0,2015.0,,,1.0,0.057142857
2019,15,00-0032098,D.Brown,TE,NYJ,BAL,0,0,0.0,0,0.0,0.0,0.0,0,0.0,0,2,1,4.0,0,0.4,1.4,,,77.0,247.0,27.4445625,4.0,James Madison,2015.0,2015.0,,,,0.06896552
2019,16,00-0032098,D.Brown,TE,NYJ,PIT,0,0,0.0,0,0.0,0.0,0.0,0,0.0,0,1,0,0.0,0,0.0,0.0,,,77.0,247.0,27.4445625,4.0,James Madison,2015.0,2015.0,,,6.0,0.04
2019,17,00-0032098,D.Brown,TE,NYJ,BUF,0,0,0.0,0,0.0,0.0,0.0,0,0.0,0,4,3,32.0,0,3.2,6.2,,,77.0,247.0,27.4445625,4.0,James Madison,2015.0,2015.0,,,,0.121212125
2019,1,00-0032104,A.Abdullah,RB,MIN,ATL,0,0,0.0,0,0.0,0.0,0.0,2,8.0,0,0,0,0.0,0,0.8,0.8,,,69.0,203.0,26.40683333333333,4.0,Nebraska,2015.0,2015.0,DET,54.0,16.0,
2019,2,00-0032104,A.Abdullah,RB,MIN,GB,0,0,0.0,0,0.0,0.0,0.0,1,2.0,0,0,0,0.0,0,0.2,0.2,,,69.0,203.0,26.40683333333333,4.0,Nebraska,2015.0,2015.0,DET,54.0,,
2019,3,00-0032104,A.Abdullah,RB,MIN,LV,0,0,0.0,0,0.0,0.0,0.0,0,0.0,0,1,0,0.0,0,0.0,0.0,,,69.0,203.0,26.40683333333333,4.0,Nebraska,2015.0,2015.0,DET,54.0,20.0,0.05
2019,4,00-0032104,A.Abdullah,RB,MIN,CHI,0,0,0.0,0,0.0,0.0,0.0,0,0.0,0,3,2,14.0,0,1.4,3.4,,,69.0,203.0,26.40683333333333,4.0,Nebraska,2015.0,2015.0,DET,54.0,,0.08571429
2019,5,00-0032104,A.Abdullah,RB,MIN,NYG,0,0,0.0,0,0.0,0.0,0.0,3,24.0,0,0,0,0.0,0,2.4,2.4,,,69.0,203.0,26.40683333333333,4.0,Nebraska,2015.0,2015.0,DET,54.0,,
2019,9,00-0032104,A.Abdullah,RB,MIN,KC,0,0,0.0,0,0.0,0.0,0.0,1,2.0,0,1,1,16.0,1,7.8,8.8,,,69.0,203.0,26.40683333333333,4.0,Nebraska,2015.0,2015.0,DET,54.0,,0.027027028
2019,11,00-0032104,A.Abdullah,RB,MIN,DEN,0,0,0.0,0,0.0,0.0,0.0,1,5.0,0,2,2,11.0,0,1.6,3.6,,,69.0,203.0,26.40683333333333,4.0,Nebraska,2015.0,2015.0,DET,54.0,4.0,0.057142857
2019,14,00-0032104,A.Abdullah,RB,MIN,DET,0,0,0.0,0,0.0,0.0,0.0,0,0.0,0,1,1,2.0,0,0.2,1.2,,,69.0,203.0,26.40683333333333,4.0,Nebraska,2015.0,2015.0,DET,54.0,13.0,0.03448276
2019,15,00-0032104,A.Abdullah,RB,MIN,LAC,0,0,0.0,0,0.0,0.0,0.0,5,25.0,0,2,0,0.0,0,2.5,2.5,,,69.0,203.0,26.40683333333333,4.0,Nebraska,2015.0,2015.0,DET,54.0,,0.083333336
2019,16,00-0032104,A.Abdullah,RB,MIN,GB,0,0,0.0,0,0.0,0.0,0.0,4,27.0,0,7,6,31.0,0,5.8,11.8,,,69.0,203.0,26.40683333333333,4.0,Nebraska,2015.0,2015.0,DET,54.0,-13.0,0.23333333
2019,17,00-0032104,A.Abdullah,RB,MIN,CHI,0,0,0.0,0,0.0,0.0,0.0,6,22.0,0,4,3,14.0,0,3.6,6.6,,,69.0,203.0,26.40683333333333,4.0,Nebraska,2015.0,2015.0,DET,54.0,-2.0,0.2
2019,18,00-0032104,A.Abdullah,RB,MIN,NO,0,0,0.0,0,0.0,0.0,0.0,1,9.0,0,0,0,0.0,0,0.9,0.9,,,69.0,203.0,26.40683333333333,4.0,Nebraska,2015.0,2015.0,DET,54.0,,
2019,19,00-0032104,A.Abdullah,RB,MIN,SF,0,0,0.0,0,0.0,0.0,0.0,0,0.0,0,1,1,7.0,0,0.7,1.7,,,69.0,203.0,26.40683333333333,4.0,Nebraska,2015.0,2015.0,DET,54.0,,0.03448276
2019,3,00-0032112,J.Nelson,WR,LV,MIN,0,0,0.0,0,0.0,0.0,0.0,0,0.0,0,5,4,36.0,1,9.6,13.6,,,70.0,160.0,27.529625,4.0,Alabama-Birmingham,2015.0,2015.0,ARI,159.0,,0.15151516
2019,2,00-0032117,N.O'Leary,TE,MIA,NE,0,0,0.0,0,0.0,0.0,0.0,0,0.0,0,1,1,6.0,0,0.6,1.6,,,75.0,252.0,27.1780625,4.0,Florida State,2015.0,2015.0,BUF,194.0,-43.0,0.025641026
2019,3,00-0032117,N.O'Leary,TE,MIA,DAL,0,0,0.0,0,0.0,0.0,0.0,0,0.0,0,1,1,19.0,0,1.9,2.9,,,75.0,252.0,27.1780625,4.0,Florida State,2015.0,2015.0,BUF,194.0,,0.024390243
2019,4,00-0032117,N.O'Leary,TE,MIA,LAC,0,0,0.0,0,0.0,0.0,0.0,0,0.0,0,1,1,9.0,0,0.9,1.9,,,75.0,252.0,27.1780625,4.0,Florida State,2015.0,2015.0,BUF,194.0,-20.0,0.041666668
2019,6,00-0032117,N.O'Leary,TE,MIA,WAS,0,0,0.0,0,0.0,0.0,0.0,0,0.0,0,1,1,3.0,0,0.3,1.3,,,75.0,252.0,27.1780625,4.0,Florida State,2015.0,2015.0,BUF,194.0,-1.0,0.023809524
2019,8,00-0032117,N.O'Leary,TE,MIA,PIT,0,0,0.0,0,0.0,0.0,0.0,0,0.0,0,1,0,0.0,0,0.0,0.0,,,75.0,252.0,27.1780625,4.0,Florida State,2015.0,2015.0,BUF,194.0,,0.030303031
2019,12,00-0032117,N.O'Leary,TE,JAX,TEN,0,0,0.0,0,0.0,0.0,0.0,0,0.0,0,4,4,36.0,0,3.6,7.6,,,75.0,252.0,27.1780625,4.0,Florida State,2015.0,2015.0,BUF,194.0,,0.09090909
2019,13,00-0032117,N.O'Leary,TE,JAX,TB,0,0,0.0,0,0.0,0.0,0.0,0,0.0,0,4,1,6.0,0,0.6,1.6,,,75.0,252.0,27.1780625,4.0,Florida State,2015.0,2015.0,BUF,194.0,-17.0,0.10526316
2019,14,00-0032117,N.O'Leary,TE,JAX,LAC,0,0,0.0,0,0.0,0.0,0.0,0,0.0,0,5,4,30.0,1,9.0,13.0,,,75.0,252.0,27.1780625,4.0,Florida State,2015.0,2015.0,BUF,194.0,-35.0,0.13513513
2019,1,00-0032128,C.Conley,WR,JAX,KC,0,0,0.0,0,0.0,0.0,0.0,0,0.0,0,7,6,97.0,1,15.7,21.7,,,75.0,205.0,27.0208125,4.0,Georgia,2015.0,2015.0,KC,76.0,-14.0,0.21212122
2019,2,00-0032128,C.Conley,WR,JAX,HOU,0,0,0.0,0,0.0,0.0,0.0,0,0.0,0,5,4,73.0,0,7.3,11.3,,,75.0,205.0,27.0208125,4.0,Georgia,2015.0,2015.0,KC,76.0,,0.15151516
2019,3,00-0032128,C.Conley,WR,JAX,TEN,0,0,0.0,0,0.0,0.0,0.0,0,0.0,0,3,2,30.0,0,3.0,5.0,,,75.0,205.0,27.0208125,4.0,Georgia,2015.0,2015.0,KC,76.0,13.0,0.1
2019,4,00-0032128,C.Conley,WR,JAX,DEN,0,0,0.0,0,0.0,0.0,0.0,0,0.0,0,4,1,17.0,0,1.7,2.7,,,75.0,205.0,27.0208125,4.0,Georgia,2015.0,2015.0,KC,76.0,,0.125
2019,5,00-0032128,C.Conley,WR,JAX,CAR,0,0,0.0,0,0.0,0.0,0.0,0,0.0,0,3,1,26.0,0,2.6,3.6,,,75.0,205.0,27.0208125,4.0,Georgia,2015.0,2015.0,KC,76.0,,0.075
2019,6,00-0032128,C.Conley,WR,JAX,NO,0,0,0.0,0,0.0,0.0,0.0,0,0.0,0,3,0,0.0,0,0.0,0.0,,,75.0,205.0,27.0208125,4.0,Georgia,2015.0,2015.0,KC,76.0,-7.0,0.11111111
2019,7,00-0032128,C.Conley,WR,JAX,CIN,0,0,0.0,0,0.0,0.0,0.0,0,0.0,0,7,3,83.0,0,10.3,13.3,,,75.0,205.0,27.0208125,4.0,Georgia,2015.0,2015.0,KC,76.0,,0.25
2019,8,00-0032128,C.Conley,WR,JAX,NYJ,0,0,0.0,0,0.0,0.0,0.0,0,0.0,0,7,4,103.0,1,16.3,20.3,,,75.0,205.0,27.0208125,4.0,Georgia,2015.0,2015.0,KC,76.0,14.0,0.21212122
2019,9,00-0032128,C.Conley,WR,JAX,HOU,0,0,0.0,0,0.0,0.0,0.0,0,0.0,0,7,2,32.0,0,3.2,5.2,,,75.0,205.0,27.0208125,4.0,Georgia,2015.0,2015.0,KC,76.0,-23.0,0.1590909
2019,11,00-0032128,C.Conley,WR,JAX,IND,0,0,0.0,0,0.0,0.0,0.0,0,0.0,0,8,6,58.0,0,5.8,11.8,,,75.0,205.0,27.0208125,4.0,Georgia,2015.0,2015.0,KC,76.0,,0.17391305
2019,12,00-0032128,C.Conley,WR,JAX,TEN,0,0,0.0,0,0.0,0.0,0.0,0,0.0,0,9,4,49.0,0,4.9,8.9,,,75.0,205.0,27.0208125,4.0,Georgia,2015.0,2015.0,KC,76.0,,0.20454545
2019,13,00-0032128,C.Conley,WR,JAX,TB,0,0,0.0,0,0.0,0.0,0.0,0,0.0,0,5,4,57.0,0,5.7,9.7,,,75.0,205.0,27.0208125,4.0,Georgia,2015.0,2015.0,KC,76.0,-17.0,0.13157895
2019,14,00-0032128,C.Conley,WR,JAX,LAC,0,0,0.0,0,0.0,0.0,0.0,0,0.0,0,3,1,7.0,0,0.7,1.7,,,75.0,205.0,27.0208125,4.0,Georgia,2015.0,2015.0,KC,76.0,-35.0,0.08108108
2019,15,00-0032128,C.Conley,WR,JAX,LV,0,0,0.0,0,0.0,0.0,0.0,0,0.0,0,8,4,49.0,2,16.9,20.9,,,75.0,205.0,27.0208125,4.0,Georgia,2015.0,2015.0,KC,76.0,,0.2857143
2019,16,00-0032128,C.Conley,WR,JAX,ATL,0,0,0.0,0,0.0,0.0,0.0,0,0.0,0,5,2,56.0,1,11.6,13.6,,,75.0,205.0,27.0208125,4.0,Georgia,2015.0,2015.0,KC,76.0,,0.16129032
2019,17,00-0032128,C.Conley,WR,JAX,IND,0,0,0.0,0,0.0,0.0,0.0,0,0.0,0,6,3,38.0,0,3.8,6.8,,,75.0,205.0,27.0208125,4.0,Georgia,2015.0,2015.0,KC,76.0,18.0,0.15384616
2019,1,00-0032134,C.Uzomah,TE,CIN,SEA,0,0,0.0,0,0.0,0.0,0.0,0,0.0,0,5,4,66.0,0,6.6,10.6,,,78.0,260.0,26.801,4.0,Auburn,2015.0,2015.0,CIN,157.0,,0.10204082
2019,3,00-0032134,C.Uzomah,TE,CIN,BUF,0,0,0.0,0,0.0,0.0,0.0,0,0.0,0,1,0,0.0,0,0.0,0.0,,,78.0,260.0,26.801,4.0,Auburn,2015.0,2015.0,CIN,157.0,,0.029411765
2019,4,00-0032134,C.Uzomah,TE,CIN,PIT,0,0,0.0,0,0.0,0.0,0.0,0,0.0,0,1,0,0.0,0,0.0,0.0,,,78.0,260.0,26.801,4.0,Auburn,2015.0,2015.0,CIN,157.0,,0.027777778
2019,5,00-0032134,C.Uzomah,TE,CIN,ARI,0,0,0.0,0,0.0,0.0,0.0,0,0.0,0,2,2,16.0,0,1.6,3.6,,,78.0,260.0,26.801,4.0,Auburn,2015.0,2015.0,CIN,157.0,-3.0,0.054054055
2019,6,00-0032134,C.Uzomah,TE,CIN,BAL,0,0,0.0,0,0.0,0.0,0.0,0,0.0,0,3,2,26.0,0,2.6,4.6,,,78.0,260.0,26.801,4.0,Auburn,2015.0,2015.0,CIN,157.0,,0.08108108
2019,8,00-0032134,C.Uzomah,TE,CIN,LA,0,0,0.0,0,0.0,0.0,0.0,0,0.0,0,2,1,4.0,0,0.4,1.4,,,78.0,260.0,26.801,4.0,Auburn,2015.0,2015.0,CIN,157.0,,0.041666668
2019,11,00-0032134,C.Uzomah,TE,CIN,LV,0,0,0.0,0,0.0,0.0,0.0,0,0.0,0,5,2,5.0,0,0.5,2.5,,,78.0,260.0,26.801,4.0,Auburn,2015.0,2015.0,CIN,157.0,,0.16666667
2019,12,00-0032134,C.Uzomah,TE,CIN,PIT,0,0,0.0,0,0.0,0.0,0.0,0,0.0,0,1,0,0.0,0,0.0,0.0,,,78.0,260.0,26.801,4.0,Auburn,2015.0,2015.0,CIN,157.0,-6.0,0.04
2019,13,00-0032134,C.Uzomah,TE,CIN,NYJ,0,0,0.0,0,0.0,0.0,0.0,0,0.0,0,6,5,51.0,0,5.1,10.1,,,78.0,260.0,26.801,4.0,Auburn,2015.0,2015.0,CIN,157.0,16.0,0.16666667
2019,14,00-0032134,C.Uzomah,TE,CIN,CLE,0,0,0.0,0,0.0,0.0,0.0,0,0.0,0,2,1,4.0,0,0.4,1.4,,,78.0,260.0,26.801,4.0,Auburn,2015.0,2015.0,CIN,157.0,,0.05882353
2019,15,00-0032134,C.Uzomah,TE,CIN,NE,0,0,0.0,0,0.0,0.0,0.0,0,0.0,0,2,1,8.0,0,0.8,1.8,,,78.0,260.0,26.801,4.0,Auburn,2015.0,2015.0,CIN,157.0,-21.0,0.06896552
2019,16,00-0032134,C.Uzomah,TE,CIN,MIA,0,0,0.0,0,0.0,0.0,0.0,0,0.0,0,4,4,37.0,1,9.7,13.7,,,78.0,260.0,26.801,4.0,Auburn,2015.0,2015.0,CIN,157.0,,0.074074075
2019,17,00-0032134,C.Uzomah,TE,CIN,CLE,0,0,0.0,0,0.0,0.0,0.0,0,0.0,0,6,5,25.0,1,8.5,13.5,,,78.0,260.0,26.801,4.0,Auburn,2015.0,2015.0,CIN,157.0,10.0,0.22222222
2019,1,00-0032135,J.James,TE,DET,ARI,0,0,0.0,0,0.0,0.0,0.0,0,0.0,0,1,1,15.0,0,1.5,2.5,,,79.0,250.0,25.419875,4.0,Penn State,2015.0,2015.0,PIT,160.0,,0.024390243
2019,2,00-0032135,J.James,TE,DET,LAC,0,0,0.0,0,0.0,0.0,0.0,0,0.0,0,4,3,18.0,0,1.8,4.8,,,79.0,250.0,25.419875,4.0,Penn State,2015.0,2015.0,PIT,160.0,3.0,0.13333334
2019,3,00-0032135,J.James,TE,DET,PHI,0,0,0.0,0,0.0,0.0,0.0,0,0.0,0,1,1,13.0,0,1.3,2.3,,,79.0,250.0,25.419875,4.0,Penn State,2015.0,2015.0,PIT,160.0,,0.03125
2019,4,00-0032135,J.James,TE,DET,KC,0,0,0.0,0,0.0,0.0,0.0,0,0.0,0,1,0,0.0,0,0.0,0.0,,,79.0,250.0,25.419875,4.0,Penn State,2015.0,2015.0,PIT,160.0,-4.0,0.03125
2019,6,00-0032135,J.James,TE,DET,GB,0,0,0.0,0,0.0,0.0,0.0,0,0.0,0,1,1,8.0,0,0.8,1.8,,,79.0,250.0,25.419875,4.0,Penn State,2015.0,2015.0,PIT,160.0,,0.03125
2019,7,00-0032135,J.James,TE,DET,MIN,0,0,0.0,0,0.0,0.0,0.0,0,0.0,0,4,1,7.0,0,0.7,1.7,,,79.0,250.0,25.419875,4.0,Penn State,2015.0,2015.0,PIT,160.0,-12.0,0.08888889
2019,9,00-0032135,J.James,TE,DET,LV,0,0,0.0,0,0.0,0.0,0.0,0,0.0,0,2,1,3.0,0,0.3,1.3,,,79.0,250.0,25.419875,4.0,Penn State,2015.0,2015.0,PIT,160.0,,0.048780486
2019,10,00-0032135,J.James,TE,DET,CHI,0,0,0.0,0,0.0,0.0,0.0,0,0.0,0,1,0,0.0,0,0.0,0.0,,,79.0,250.0,25.419875,4.0,Penn State,2015.0,2015.0,PIT,160.0,,0.023255814
2019,12,00-0032135,J.James,TE,DET,WAS,0,0,0.0,0,0.0,0.0,0.0,0,0.0,0,1,1,7.0,0,0.7,1.7,,,79.0,250.0,25.419875,4.0,Penn State,2015.0,2015.0,PIT,160.0,,0.033333335
2019,14,00-0032135,J.James,TE,DET,MIN,0,0,0.0,0,0.0,0.0,0.0,0,0.0,0,2,1,23.0,0,2.3,3.3,,,79.0,250.0,25.419875,4.0,Penn State,2015.0,2015.0,PIT,160.0,,0.05263158
2019,15,00-0032135,J.James,TE,DET,TB,0,0,0.0,0,0.0,0.0,0.0,0,0.0,0,5,3,31.0,0,3.1,6.1,,,79.0,250.0,25.419875,4.0,Penn State,2015.0,2015.0,PIT,160.0,-21.0,0.11627907
2019,16,00-0032135,J.James,TE,DET,DEN,0,0,0.0,0,0.0,0.0,0.0,0,0.0,0,1,1,12.0,0,1.2,2.2,,,79.0,250.0,25.419875,4.0,Penn State,2015.0,2015.0,PIT,160.0,,0.04347826
2019,17,00-0032135,J.James,TE,DET,GB,0,0,0.0,0,0.0,0.0,0.0,0,0.0,0,3,2,5.0,0,0.5,2.5,,,79.0,250.0,25.419875,4.0,Penn State,2015.0,2015.0,PIT,160.0,-3.0,0.10344828
2019,9,00-0032139,B.Koyack,TE,JAX,HOU,0,0,0.0,0,0.0,0.0,0.0,0,0.0,0,1,0,0.0,0,0.0,0.0,,,77.0,258.0,26.566375,4.0,Notre Dame,2015.0,2015.0,JAX,229.0,-23.0,0.022727273
2019,11,00-0032139,B.Koyack,TE,JAX,IND,0,0,0.0,0,0.0,0.0,0.0,0,0.0,0,1,1,9.0,0,0.9,1.9,,,77.0,258.0,26.566375,4.0,Notre Dame,2015.0,2015.0,JAX,229.0,,0.02173913
2019,12,00-0032139,B.Koyack,TE,JAX,TEN,0,0,0.0,0,0.0,0.0,0.0,0,0.0,0,1,0,0.0,0,0.0,0.0,,,77.0,258.0,26.566375,4.0,Notre Dame,2015.0,2015.0,JAX,229.0,,0.022727273
2019,1,00-0032141,G.Swaim,TE,JAX,KC,0,0,0.0,0,0.0,0.0,0.0,0,0.0,0,4,4,17.0,0,1.7,5.7,,,76.0,260.0,26.128375,4.0,Texas,2015.0,2015.0,DAL,246.0,-14.0,0.121212125
2019,2,00-0032141,G.Swaim,TE,JAX,HOU,0,0,0.0,0,0.0,0.0,0.0,0,0.0,0,4,3,14.0,0,1.4,4.4,,,76.0,260.0,26.128375,4.0,Texas,2015.0,2015.0,DAL,246.0,,0.121212125
2019,3,00-0032141,G.Swaim,TE,JAX,TEN,0,0,0.0,0,0.0,0.0,0.0,0,0.0,0,2,1,8.0,0,0.8,1.8,,,76.0,260.0,26.128375,4.0,Texas,2015.0,2015.0,DAL,246.0,13.0,0.06666667
2019,4,00-0032141,G.Swaim,TE,JAX,DEN,0,0,0.0,0,0.0,0.0,0.0,0,0.0,0,4,3,17.0,0,1.7,4.7,,,76.0,260.0,26.128375,4.0,Texas,2015.0,2015.0,DAL,246.0,,0.125
2019,5,00-0032141,G.Swaim,TE,JAX,CAR,0,0,0.0,0,0.0,0.0,0.0,0,0.0,0,1,1,4.0,0,0.4,1.4,,,76.0,260.0,26.128375,4.0,Texas,2015.0,2015.0,DAL,246.0,,0.025
2019,6,00-0032141,G.Swaim,TE,JAX,NO,0,0,0.0,0,0.0,0.0,0.0,0,0.0,0,2,1,5.0,0,0.5,1.5,,,76.0,260.0,26.128375,4.0,Texas,2015.0,2015.0,DAL,246.0,-7.0,0.074074075
2019,5,00-0032144,M.Gordon,RB,LAC,DEN,0,0,0.0,0,0.0,0.0,0.0,12,31.0,0,6,4,7.0,0,3.8,7.8,,,73.0,215.0,26.553125,4.0,Wisconsin,2015.0,2015.0,SD,15.0,-7.0,0.13043478
2019,6,00-0032144,M.Gordon,RB,LAC,PIT,0,0,0.0,0,0.0,0.0,0.0,8,18.0,0,4,3,30.0,0,4.8,7.8,,,73.0,215.0,26.553125,4.0,Wisconsin,2015.0,2015.0,SD,15.0,-7.0,0.0952381
2019,7,00-0032144,M.Gordon,RB,LAC,TEN,0,0,0.0,0,0.0,0.0,0.0,16,32.0,0,3,2,-3.0,1,6.9,8.9,,,73.0,215.0,26.553125,4.0,Wisconsin,2015.0,2015.0,SD,15.0,,0.08108108
2019,8,00-0032144,M.Gordon,RB,LAC,CHI,0,0,0.0,0,0.0,0.0,0.0,8,31.0,1,3,2,3.0,0,9.4,11.4,,,73.0,215.0,26.553125,4.0,Wisconsin,2015.0,2015.0,SD,15.0,,0.10344828
2019,9,00-0032144,M.Gordon,RB,LAC,GB,0,0,0.0,0,0.0,0.0,0.0,20,80.0,2,4,3,29.0,0,22.9,25.9,,,73.0,215.0,26.553125,4.0,Wisconsin,2015.0,2015.0,SD,15.0,15.0,0.15384616
2019,10,00-0032144,M.Gordon,RB,LAC,LV,0,0,0.0,0,0.0,0.0,0.0,22,108.0,1,1,1,25.0,0,19.3,20.3,,,73.0,215.0,26.553125,4.0,Wisconsin,2015.0,2015.0,SD,15.0,,0.032258064
2019,11,00-0032144,M.Gordon,RB,LAC,KC,0,0,0.0,0,0.0,0.0,0.0,14,69.0,0,5,3,21.0,0,9.0,12.0,,,73.0,215.0,26.553125,4.0,Wisconsin,2015.0,2015.0,SD,15.0,-7.0,0.104166664
2019,13,00-0032144,M.Gordon,RB,LAC,DEN,0,0,0.0,0,0.0,0.0,0.0,20,99.0,0,3,2,11.0,0,11.0,13.0,,,73.0,215.0,26.553125,4.0,Wisconsin,2015.0,2015.0,SD,15.0,,0.11111111
2019,14,00-0032144,M.Gordon,RB,LAC,JAX,0,0,0.0,0,0.0,0.0,0.0,12,55.0,1,5,5,29.0,0,14.4,19.4,,,73.0,215.0,26.553125,4.0,Wisconsin,2015.0,2015.0,SD,15.0,,0.1923077
2019,15,00-0032144,M.Gordon,RB,LAC,MIN,0,0,0.0,0,0.0,0.0,0.0,7,28.0,0,7,5,36.0,0,2.4,7.4,,,73.0,215.0,26.553125,4.0,Wisconsin,2015.0,2015.0,SD,15.0,-29.0,0.18421052
2019,16,00-0032144,M.Gordon,RB,LAC,LV,0,0,0.0,0,0.0,0.0,0.0,9,15.0,2,7,6,32.0,0,16.7,22.7,,,73.0,215.0,26.553125,4.0,Wisconsin,2015.0,2015.0,SD,15.0,-7.0,0.1891892
2019,17,00-0032144,M.Gordon,RB,LAC,KC,0,0,0.0,0,0.0,0.0,0.0,14,46.0,1,7,6,76.0,0,18.2,24.2,,,73.0,215.0,26.553125,4.0,Wisconsin,2015.0,2015.0,SD,15.0,,0.1590909
2019,17,00-0032147,T.Sambrailo,T,ATL,TB,0,0,0.0,0,0.0,0.0,0.0,0,0.0,0,1,1,35.0,1,9.5,10.5,,,77.0,315.0,27.6490625,4.0,Colorado State,2015.0,2015.0,DEN,59.0,,0.020833334
2019,2,00-0032156,T.Siemian,QB,NYJ,CLE,3,6,3.0,0,0.0,2.0,17.0,0,0.0,0,0,0,0.0,0,0.12,0.12,,,75.0,220.0,27.8606875,4.0,Northwestern,2015.0,2015.0,DEN,250.0,-20.0,
2019,1,00-0032160,T.Williams,WR,LV,DEN,0,0,0.0,0,0.0,0.0,0.0,0,0.0,0,7,6,105.0,1,16.5,22.5,,,76.0,205.0,27.726625,4.0,Western Oregon,2015.0,2015.0,,,,0.26923078
2019,2,00-0032160,T.Williams,WR,LV,KC,0,0,0.0,0,0.0,0.0,0.0,0,0.0,0,7,5,46.0,1,10.6,15.6,,,76.0,205.0,27.726625,4.0,Western Oregon,2015.0,2015.0,,,,0.1891892
2019,3,00-0032160,T.Williams,WR,LV,MIN,0,0,0.0,0,0.0,0.0,0.0,0,0.0,0,3,3,29.0,1,8.9,11.9,,,76.0,205.0,27.726625,4.0,Western Oregon,2015.0,2015.0,,,,0.09090909
2019,4,00-0032160,T.Williams,WR,LV,IND,0,0,0.0,0,0.0,0.0,0.0,0,0.0,0,7,3,36.0,1,9.6,12.6,,,76.0,205.0,27.726625,4.0,Western Oregon,2015.0,2015.0,,,,0.25
2019,8,00-0032160,T.Williams,WR,LV,HOU,0,0,0.0,0,0.0,0.0,0.0,0,0.0,0,6,3,91.0,1,15.1,18.1,,,76.0,205.0,27.726625,4.0,Western Oregon,2015.0,2015.0,,,,0.2
2019,9,00-0032160,T.Williams,WR,LV,DET,0,0,0.0,0,0.0,0.0,0.0,0,0.0,0,4,3,48.0,0,4.8,7.8,,,76.0,205.0,27.726625,4.0,Western Oregon,2015.0,2015.0,,,,0.14814815
2019,10,00-0032160,T.Williams,WR,LV,LAC,0,0,0.0,0,0.0,0.0,0.0,0,0.0,0,5,3,25.0,0,2.5,5.5,,,76.0,205.0,27.726625,4.0,Western Oregon,2015.0,2015.0,,,,0.16666667
2019,11,00-0032160,T.Williams,WR,LV,CIN,0,0,0.0,0,0.0,0.0,0.0,0,0.0,0,4,4,82.0,0,8.2,12.2,,,76.0,205.0,27.726625,4.0,Western Oregon,2015.0,2015.0,,,,0.14285715
2019,12,00-0032160,T.Williams,WR,LV,NYJ,0,0,0.0,0,0.0,0.0,0.0,0,0.0,0,6,2,18.0,0,1.8,3.8,,,76.0,205.0,27.726625,4.0,Western Oregon,2015.0,2015.0,,,,0.18181819
2019,13,00-0032160,T.Williams,WR,LV,KC,0,0,0.0,0,0.0,0.0,0.0,0,0.0,0,4,1,9.0,0,0.9,1.9,,,76.0,205.0,27.726625,4.0,Western Oregon,2015.0,2015.0,,,,0.14814815
2019,14,00-0032160,T.Williams,WR,LV,TEN,0,0,0.0,0,0.0,0.0,0.0,0,0.0,0,4,3,35.0,0,3.5,6.5,,,76.0,205.0,27.726625,4.0,Western Oregon,2015.0,2015.0,,,,0.13333334
2019,15,00-0032160,T.Williams,WR,LV,JAX,0,0,0.0,0,0.0,0.0,0.0,0,0.0,0,3,2,45.0,1,10.5,12.5,,,76.0,205.0,27.726625,4.0,Western Oregon,2015.0,2015.0,,,,0.09677419
2019,16,00-0032160,T.Williams,WR,LV,LAC,0,0,0.0,0,0.0,0.0,0.0,0,0.0,0,4,4,82.0,0,8.2,12.2,,,76.0,205.0,27.726625,4.0,Western Oregon,2015.0,2015.0,,,,0.13793103
2019,1,00-0032187,D.Johnson,RB,ARI,DET,0,0,0.0,0,0.0,0.0,0.0,18,82.0,0,7,6,55.0,1,19.7,25.7,,,73.0,224.0,27.878125,4.0,Northern Iowa,2015.0,2015.0,ARI,86.0,0.0,0.13461539
2019,2,00-0032187,D.Johnson,RB,ARI,BAL,0,0,0.0,0,0.0,0.0,0.0,7,14.0,1,1,1,0.0,0,7.4,8.4,,,73.0,224.0,27.878125,4.0,Northern Iowa,2015.0,2015.0,ARI,86.0,,0.027027028
2019,3,00-0032187,D.Johnson,RB,ARI,CAR,0,0,0.0,0,0.0,0.0,0.0,11,37.0,0,9,6,28.0,1,12.5,18.5,,,73.0,224.0,27.878125,4.0,Northern Iowa,2015.0,2015.0,ARI,86.0,-18.0,0.21428572
2019,4,00-0032187,D.Johnson,RB,ARI,SEA,0,0,0.0,0,0.0,0.0,0.0,11,40.0,0,11,8,99.0,0,13.9,21.9,,,73.0,224.0,27.878125,4.0,Northern Iowa,2015.0,2015.0,ARI,86.0,-17.0,0.36666667
2019,5,00-0032187,D.Johnson,RB,ARI,CIN,0,0,0.0,0,0.0,0.0,0.0,17,91.0,0,5,3,65.0,0,15.6,18.6,,,73.0,224.0,27.878125,4.0,Northern Iowa,2015.0,2015.0,ARI,86.0,,0.16129032
2019,6,00-0032187,D.Johnson,RB,ARI,ATL,0,0,0.0,0,0.0,0.0,0.0,12,34.0,1,8,6,68.0,1,22.2,28.2,,,73.0,224.0,27.878125,4.0,Northern Iowa,2015.0,2015.0,ARI,86.0,1.0,0.22857143
2019,7,00-0032187,D.Johnson,RB,ARI,NYG,0,0,0.0,0,0.0,0.0,0.0,1,2.0,0,0,0,0.0,0,0.2,0.2,,,73.0,224.0,27.878125,4.0,Northern Iowa,2015.0,2015.0,ARI,86.0,,
2019,10,00-0032187,D.Johnson,RB,ARI,TB,0,0,0.0,0,0.0,0.0,0.0,5,2.0,0,1,1,8.0,0,-1.0,0.0,,,73.0,224.0,27.878125,4.0,Northern Iowa,2015.0,2015.0,ARI,86.0,,0.023255814
2019,13,00-0032187,D.Johnson,RB,ARI,LA,0,0,0.0,0,0.0,0.0,0.0,4,15.0,0,2,2,9.0,0,2.4,4.4,,,73.0,224.0,27.878125,4.0,Northern Iowa,2015.0,2015.0,ARI,86.0,-27.0,0.060606062
2019,14,00-0032187,D.Johnson,RB,ARI,PIT,0,0,0.0,0,0.0,0.0,0.0,3,19.0,0,2,2,34.0,1,11.3,13.3,,,73.0,224.0,27.878125,4.0,Northern Iowa,2015.0,2015.0,ARI,86.0,-6.0,0.071428575
2019,15,00-0032187,D.Johnson,RB,ARI,CLE,0,0,0.0,0,0.0,0.0,0.0,2,7.0,0,0,0,0.0,0,0.7,0.7,,,73.0,224.0,27.878125,4.0,Northern Iowa,2015.0,2015.0,ARI,86.0,14.0,
2019,16,00-0032187,D.Johnson,RB,ARI,SEA,0,0,0.0,0,0.0,0.0,0.0,2,3.0,0,1,1,4.0,0,0.7,1.7,,,73.0,224.0,27.878125,4.0,Northern Iowa,2015.0,2015.0,ARI,86.0,,0.037037037
2019,1,00-0032200,T.Montgomery,WR,NYJ,BUF,0,0,0.0,0,0.0,0.0,0.0,2,4.0,0,0,0,0.0,0,0.4,0.4,,,72.0,216.0,26.78475,4.0,Stanford,2015.0,2015.0,GB,94.0,-1.0,
2019,2,00-0032200,T.Montgomery,WR,NYJ,CLE,0,0,0.0,0,0.0,0.0,0.0,3,25.0,0,3,3,15.0,0,4.0,7.0,,,72.0,216.0,26.78475,4.0,Stanford,2015.0,2015.0,GB,94.0,-20.0,0.1
2019,3,00-0032200,T.Montgomery,WR,NYJ,NE,0,0,0.0,0,0.0,0.0,0.0,2,1.0,0,1,0,0.0,0,0.1,0.1,,,72.0,216.0,26.78475,4.0,Stanford,2015.0,2015.0,GB,94.0,,0.045454547
2019,5,00-0032200,T.Montgomery,WR,NYJ,PHI,0,0,0.0,0,0.0,0.0,0.0,2,1.0,0,0,0,0.0,0,0.1,0.1,,,72.0,216.0,26.78475,4.0,Stanford,2015.0,2015.0,GB,94.0,,
2019,6,00-0032200,T.Montgomery,WR,NYJ,DAL,0,0,0.0,0,0.0,0.0,0.0,0,0.0,0,3,3,17.0,0,1.7,4.7,,,72.0,216.0,26.78475,4.0,Stanford,2015.0,2015.0,GB,94.0,2.0,0.1
2019,7,00-0032200,T.Montgomery,WR,NYJ,NE,0,0,0.0,0,0.0,0.0,0.0,2,9.0,0,1,0,0.0,0,0.9,0.9,,,72.0,216.0,26.78475,4.0,Stanford,2015.0,2015.0,GB,94.0,-33.0,0.032258064
2019,11,00-0032200,T.Montgomery,WR,NYJ,WAS,0,0,0.0,0,0.0,0.0,0.0,2,11.0,0,1,0,0.0,0,1.1,1.1,,,72.0,216.0,26.78475,4.0,Stanford,2015.0,2015.0,GB,94.0,,0.035714287
2019,12,00-0032200,T.Montgomery,WR,NYJ,LV,0,0,0.0,0,0.0,0.0,0.0,5,2.0,0,2,1,21.0,0,2.3,3.3,,,72.0,216.0,26.78475,4.0,Stanford,2015.0,2015.0,GB,94.0,31.0,0.07692308
2019,13,00-0032200,T.Montgomery,WR,NYJ,CIN,0,0,0.0,0,0.0,0.0,0.0,1,7.0,0,1,1,1.0,0,0.8,1.8,,,72.0,216.0,26.78475,4.0,Stanford,2015.0,2015.0,GB,94.0,,0.022222223
2019,14,00-0032200,T.Montgomery,WR,NYJ,MIA,0,0,0.0,0,0.0,0.0,0.0,9,31.0,0,3,3,30.0,0,6.1,9.1,,,72.0,216.0,26.78475,4.0,Stanford,2015.0,2015.0,GB,94.0,1.0,0.08571429
2019,15,00-0032200,T.Montgomery,WR,NYJ,BAL,0,0,0.0,0,0.0,0.0,0.0,2,5.0,0,1,1,5.0,0,1.0,2.0,,,72.0,216.0,26.78475,4.0,Stanford,2015.0,2015.0,GB,94.0,,0.03448276
2019,16,00-0032200,T.Montgomery,WR,NYJ,PIT,0,0,0.0,0,0.0,0.0,0.0,2,7.0,0,1,1,1.0,0,0.8,1.8,,,72.0,216.0,26.78475,4.0,Stanford,2015.0,2015.0,GB,94.0,6.0,0.04
2019,1,00-0032208,P.Dorsett,WR,NE,PIT,0,0,0.0,0,0.0,0.0,0.0,0,0.0,0,4,4,95.0,2,21.5,25.5,,,70.0,192.0,26.833764705882352,4.0,Miami,2015.0,2015.0,IND,29.0,30.0,0.10810811
2019,2,00-0032208,P.Dorsett,WR,NE,MIA,0,0,0.0,0,0.0,0.0,0.0,0,0.0,0,3,3,39.0,0,3.9,6.9,,,70.0,192.0,26.833764705882352,4.0,Miami,2015.0,2015.0,IND,29.0,,0.10714286
2019,3,00-0032208,P.Dorsett,WR,NE,NYJ,0,0,0.0,0,0.0,0.0,0.0,2,12.0,0,7,6,53.0,1,12.5,18.5,,,70.0,192.0,26.833764705882352,4.0,Miami,2015.0,2015.0,IND,29.0,16.0,0.1627907
2019,4,00-0032208,P.Dorsett,WR,NE,BUF,0,0,0.0,0,0.0,0.0,0.0,1,9.0,0,9,2,10.0,0,1.9,3.9,,,70.0,192.0,26.833764705882352,4.0,Miami,2015.0,2015.0,IND,29.0,,0.2647059
2019,7,00-0032208,P.Dorsett,WR,NE,NYJ,0,0,0.0,0,0.0,0.0,0.0,0,0.0,0,4,3,46.0,1,10.6,13.6,,,70.0,192.0,26.833764705882352,4.0,Miami,2015.0,2015.0,IND,29.0,,0.0952381
2019,8,00-0032208,P.Dorsett,WR,NE,CLE,0,0,0.0,0,0.0,0.0,0.0,0,0.0,0,6,3,43.0,0,4.3,7.3,,,70.0,192.0,26.833764705882352,4.0,Miami,2015.0,2015.0,IND,29.0,14.0,0.1875
2019,9,00-0032208,P.Dorsett,WR,NE,BAL,0,0,0.0,0,0.0,0.0,0.0,0,0.0,0,4,2,13.0,0,1.3,3.3,,,70.0,192.0,26.833764705882352,4.0,Miami,2015.0,2015.0,IND,29.0,,0.09756097
2019,11,00-0032208,P.Dorsett,WR,NE,PHI,0,0,0.0,0,0.0,0.0,0.0,0,0.0,0,5,3,33.0,1,9.3,12.3,,,70.0,192.0,26.833764705882352,4.0,Miami,2015.0,2015.0,IND,29.0,,0.11111111
2019,13,00-0032208,P.Dorsett,WR,NE,HOU,0,0,0.0,0,0.0,0.0,0.0,0,0.0,0,6,2,15.0,0,1.5,3.5,,,70.0,192.0,26.833764705882352,4.0,Miami,2015.0,2015.0,IND,29.0,,0.13333334
2019,14,00-0032208,P.Dorsett,WR,NE,KC,0,0,0.0,0,0.0,0.0,0.0,0,0.0,0,2,0,0.0,0,0.0,0.0,,,70.0,192.0,26.833764705882352,4.0,Miami,2015.0,2015.0,IND,29.0,-7.0,0.057142857
2019,17,00-0032208,P.Dorsett,WR,NE,MIA,0,0,0.0,0,0.0,0.0,0.0,0,0.0,0,4,1,50.0,0,5.0,6.0,,,70.0,192.0,26.833764705882352,4.0,Miami,2015.0,2015.0,IND,29.0,-3.0,0.13793103
2019,18,00-0032208,P.Dorsett,WR,NE,TEN,0,0,0.0,0,0.0,0.0,0.0,0,0.0,0,4,1,6.0,0,0.6,1.6,,,70.0,192.0,26.833764705882352,4.0,Miami,2015.0,2015.0,IND,29.0,-7.0,0.114285715
2019,3,00-0032209,T.Yeldon,RB,BUF,CIN,0,0,0.0,0,0.0,0.0,0.0,8,30.0,0,3,2,19.0,0,2.9,4.9,,,73.0,223.0,26.099,4.0,Alabama,2015.0,2015.0,JAX,36.0,4.0,0.09090909
2019,4,00-0032209,T.Yeldon,RB,BUF,NE,0,0,0.0,0,0.0,0.0,0.0,0,0.0,0,4,4,68.0,0,6.8,10.8,,,73.0,223.0,26.099,4.0,Alabama,2015.0,2015.0,JAX,36.0,-6.0,0.09756097
2019,5,00-0032209,T.Yeldon,RB,BUF,TEN,0,0,0.0,0,0.0,0.0,0.0,2,15.0,0,4,4,13.0,0,2.8,6.8,,,73.0,223.0,26.099,4.0,Alabama,2015.0,2015.0,JAX,36.0,,0.13793103
2019,17,00-0032209,T.Yeldon,RB,BUF,NYJ,0,0,0.0,0,0.0,0.0,0.0,7,18.0,0,4,3,24.0,0,4.2,7.2,,,73.0,223.0,26.099,4.0,Alabama,2015.0,2015.0,JAX,36.0,-7.0,0.102564104
2019,1,00-0032211,T.Lockett,WR,SEA,CIN,0,0,0.0,0,0.0,0.0,0.0,0,0.0,0,2,1,44.0,1,10.4,11.4,,,70.0,182.0,27.114444444444445,4.0,Kansas State,2015.0,2015.0,SEA,69.0,1.0,0.10526316
2019,2,00-0032211,T.Lockett,WR,SEA,PIT,0,0,0.0,0,0.0,0.0,0.0,0,0.0,0,12,10,79.0,0,7.9,17.9,,,70.0,182.0,27.114444444444445,4.0,Kansas State,2015.0,2015.0,SEA,69.0,,0.34285715
2019,3,00-0032211,T.Lockett,WR,SEA,NO,0,0,0.0,0,0.0,0.0,0.0,0,0.0,0,14,11,154.0,1,21.4,32.4,,,70.0,182.0,27.114444444444445,4.0,Kansas State,2015.0,2015.0,SEA,69.0,-6.0,0.3043478
2019,4,00-0032211,T.Lockett,WR,SEA,ARI,0,0,0.0,0,0.0,0.0,0.0,0,0.0,0,4,4,51.0,0,5.1,9.1,,,70.0,182.0,27.114444444444445,4.0,Kansas State,2015.0,2015.0,SEA,69.0,,0.14814815
2019,5,00-0032211,T.Lockett,WR,SEA,LA,0,0,0.0,0,0.0,0.0,0.0,1,-8.0,0,4,4,51.0,1,10.3,14.3,,,70.0,182.0,27.114444444444445,4.0,Kansas State,2015.0,2015.0,SEA,69.0,1.0,0.18181819
2019,6,00-0032211,T.Lockett,WR,SEA,CLE,0,0,0.0,0,0.0,0.0,0.0,1,3.0,0,5,5,75.0,0,7.8,12.8,,,70.0,182.0,27.114444444444445,4.0,Kansas State,2015.0,2015.0,SEA,69.0,,0.15625
2019,7,00-0032211,T.Lockett,WR,SEA,BAL,0,0,0.0,0,0.0,0.0,0.0,1,-3.0,0,7,5,61.0,1,11.8,16.8,,,70.0,182.0,27.114444444444445,4.0,Kansas State,2015.0,2015.0,SEA,69.0,-14.0,0.18421052
2019,8,00-0032211,T.Lockett,WR,SEA,ATL,0,0,0.0,0,0.0,0.0,0.0,0,0.0,0,6,6,100.0,0,10.0,16.0,,,70.0,182.0,27.114444444444445,4.0,Kansas State,2015.0,2015.0,SEA,69.0,,0.3
2019,9,00-0032211,T.Lockett,WR,SEA,TB,0,0,0.0,0,0.0,0.0,0.0,0,0.0,0,18,13,152.0,2,27.2,40.2,,,70.0,182.0,27.114444444444445,4.0,Kansas State,2015.0,2015.0,SEA,69.0,6.0,0.41860464
2019,10,00-0032211,T.Lockett,WR,SEA,SF,0,0,0.0,0,0.0,0.0,0.0,1,3.0,0,4,3,26.0,0,2.9,5.9,,,70.0,182.0,27.114444444444445,4.0,Kansas State,2015.0,2015.0,SEA,69.0,,0.121212125
2019,12,00-0032211,T.Lockett,WR,SEA,PHI,0,0,0.0,0,0.0,0.0,0.0,0,0.0,0,2,1,38.0,0,3.8,4.8,,,70.0,182.0,27.114444444444445,4.0,Kansas State,2015.0,2015.0,SEA,69.0,,0.08695652
2019,13,00-0032211,T.Lockett,WR,SEA,MIN,0,0,0.0,0,0.0,0.0,0.0,0,0.0,0,3,0,0.0,0,0.0,0.0,,,70.0,182.0,27.114444444444445,4.0,Kansas State,2015.0,2015.0,SEA,69.0,7.0,0.09677419
2019,14,00-0032211,T.Lockett,WR,SEA,LA,0,0,0.0,0,0.0,0.0,0.0,0,0.0,0,6,4,43.0,0,4.3,8.3,,,70.0,182.0,27.114444444444445,4.0,Kansas State,2015.0,2015.0,SEA,69.0,,0.18181819
2019,15,00-0032211,T.Lockett,WR,SEA,CAR,0,0,0.0,0,0.0,0.0,0.0,0,0.0,0,9,8,120.0,1,18.0,26.0,,,70.0,182.0,27.114444444444445,4.0,Kansas State,2015.0,2015.0,SEA,69.0,,0.36
2019,16,00-0032211,T.Lockett,WR,SEA,ARI,0,0,0.0,0,0.0,0.0,0.0,0,0.0,0,7,1,12.0,0,1.2,2.2,,,70.0,182.0,27.114444444444445,4.0,Kansas State,2015.0,2015.0,SEA,69.0,-14.0,0.2413793
2019,17,00-0032211,T.Lockett,WR,SEA,SF,0,0,0.0,0,0.0,0.0,0.0,0,0.0,0,7,6,51.0,1,11.1,17.1,,,70.0,182.0,27.114444444444445,4.0,Kansas State,2015.0,2015.0,SEA,69.0,-5.0,0.18421052
2019,18,00-0032211,T.Lockett,WR,SEA,PHI,0,0,0.0,0,0.0,0.0,0.0,0,0.0,0,8,4,62.0,0,6.2,10.2,,,70.0,182.0,27.114444444444445,4.0,Kansas State,2015.0,2015.0,SEA,69.0,,0.27586207
2019,19,00-0032211,T.Lockett,WR,SEA,GB,0,0,0.0,0,0.0,0.0,0.0,0,0.0,0,10,9,136.0,1,19.6,28.6,,,70.0,182.0,27.114444444444445,4.0,Kansas State,2015.0,2015.0,SEA,69.0,,0.35714287
2019,8,00-0032214,T.Kroft,TE,BUF,PHI,0,0,0.0,0,0.0,0.0,0.0,0,0.0,0,4,2,32.0,0,3.2,5.2,,,78.0,250.0,27.06264705882353,4.0,Rutgers,2015.0,2015.0,CIN,85.0,-18.0,0.12903225
2019,9,00-0032214,T.Kroft,TE,BUF,WAS,0,0,0.0,0,0.0,0.0,0.0,0,0.0,0,1,0,0.0,0,0.0,0.0,,,78.0,250.0,27.06264705882353,4.0,Rutgers,2015.0,2015.0,CIN,85.0,15.0,0.05
2019,11,00-0032214,T.Kroft,TE,BUF,MIA,0,0,0.0,0,0.0,0.0,0.0,0,0.0,0,1,1,6.0,0,0.6,1.6,,,78.0,250.0,27.06264705882353,4.0,Rutgers,2015.0,2015.0,CIN,85.0,,0.032258064
2019,12,00-0032214,T.Kroft,TE,BUF,DEN,0,0,0.0,0,0.0,0.0,0.0,0,0.0,0,1,1,14.0,0,1.4,2.4,,,78.0,250.0,27.06264705882353,4.0,Rutgers,2015.0,2015.0,CIN,85.0,17.0,0.045454547
2019,14,00-0032214,T.Kroft,TE,BUF,BAL,0,0,0.0,0,0.0,0.0,0.0,0,0.0,0,1,0,0.0,0,0.0,0.0,,,78.0,250.0,27.06264705882353,4.0,Rutgers,2015.0,2015.0,CIN,85.0,-7.0,0.027027028
2019,15,00-0032214,T.Kroft,TE,BUF,PIT,0,0,0.0,0,0.0,0.0,0.0,0,0.0,0,1,1,14.0,1,7.4,8.4,,,78.0,250.0,27.06264705882353,4.0,Rutgers,2015.0,2015.0,CIN,85.0,,0.041666668
2019,16,00-0032214,T.Kroft,TE,BUF,NE,0,0,0.0,0,0.0,0.0,0.0,0,0.0,0,1,0,0.0,0,0.0,0.0,,,78.0,250.0,27.06264705882353,4.0,Rutgers,2015.0,2015.0,CIN,85.0,,0.03846154
2019,17,00-0032214,T.Kroft,TE,BUF,NYJ,0,0,0.0,0,0.0,0.0,0.0,0,0.0,0,4,1,5.0,0,0.5,1.5,,,78.0,250.0,27.06264705882353,4.0,Rutgers,2015.0,2015.0,CIN,85.0,-7.0,0.102564104
2019,18,00-0032214,T.Kroft,TE,BUF,HOU,0,0,0.0,0,0.0,0.0,0.0,0,0.0,0,2,0,0.0,0,0.0,0.0,,,78.0,250.0,27.06264705882353,4.0,Rutgers,2015.0,2015.0,CIN,85.0,,0.046511628
2019,2,00-0032227,J.Heuerman,TE,DEN,CHI,0,0,0.0,0,0.0,0.0,0.0,0,0.0,0,5,4,21.0,0,2.1,6.1,,,77.0,255.0,26.938875,4.0,Ohio State,2015.0,2015.0,DEN,92.0,-2.0,0.1
2019,3,00-0032227,J.Heuerman,TE,DEN,GB,0,0,0.0,0,0.0,0.0,0.0,0,0.0,0,2,2,20.0,0,2.0,4.0,,,77.0,255.0,26.938875,4.0,Ohio State,2015.0,2015.0,DEN,92.0,,0.071428575
2019,5,00-0032227,J.Heuerman,TE,DEN,LAC,0,0,0.0,0,0.0,0.0,0.0,0,0.0,0,3,1,26.0,0,2.6,3.6,,,77.0,255.0,26.938875,4.0,Ohio State,2015.0,2015.0,DEN,92.0,,0.15789473
2019,8,00-0032227,J.Heuerman,TE,DEN,IND,0,0,0.0,0,0.0,0.0,0.0,0,0.0,0,1,1,11.0,0,1.1,2.1,,,77.0,255.0,26.938875,4.0,Ohio State,2015.0,2015.0,DEN,92.0,,0.03448276
2019,13,00-0032227,J.Heuerman,TE,DEN,LAC,0,0,0.0,0,0.0,0.0,0.0,0,0.0,0,5,3,15.0,0,1.5,4.5,,,77.0,255.0,26.938875,4.0,Ohio State,2015.0,2015.0,DEN,92.0,3.0,0.1923077
2019,14,00-0032227,J.Heuerman,TE,DEN,HOU,0,0,0.0,0,0.0,0.0,0.0,0,0.0,0,1,1,8.0,1,6.8,7.8,,,77.0,255.0,26.938875,4.0,Ohio State,2015.0,2015.0,DEN,92.0,,0.037037037
2019,15,00-0032227,J.Heuerman,TE,DEN,KC,0,0,0.0,0,0.0,0.0,0.0,0,0.0,0,1,0,0.0,0,0.0,0.0,,,77.0,255.0,26.938875,4.0,Ohio State,2015.0,2015.0,DEN,92.0,,0.025
2019,16,00-0032227,J.Heuerman,TE,DEN,DET,0,0,0.0,0,0.0,0.0,0.0,0,0.0,0,2,2,13.0,0,1.3,3.3,,,77.0,255.0,26.938875,4.0,Ohio State,2015.0,2015.0,DEN,92.0,10.0,0.05882353
2019,1,00-0032241,T.Gurley,RB,LA,CAR,0,0,0.0,0,0.0,0.0,0.0,14,97.0,0,1,1,4.0,0,10.1,11.1,,,73.0,224.0,25.2506875,4.0,Georgia,2015.0,2015.0,STL,10.0,,0.02631579
2019,2,00-0032241,T.Gurley,RB,LA,NO,0,0,0.0,0,0.0,0.0,0.0,16,63.0,1,4,3,4.0,0,12.7,15.7,,,73.0,224.0,25.2506875,4.0,Georgia,2015.0,2015.0,STL,10.0,18.0,0.14285715
2019,3,00-0032241,T.Gurley,RB,LA,CLE,0,0,0.0,0,0.0,0.0,0.0,14,43.0,0,1,0,0.0,0,4.3,4.3,,,73.0,224.0,25.2506875,4.0,Georgia,2015.0,2015.0,STL,10.0,,0.02631579
2019,4,00-0032241,T.Gurley,RB,LA,TB,0,0,0.0,0,0.0,0.0,0.0,5,16.0,2,11,7,54.0,0,19.0,26.0,,,73.0,224.0,25.2506875,4.0,Georgia,2015.0,2015.0,STL,10.0,-15.0,0.16176471
2019,5,00-0032241,T.Gurley,RB,LA,SEA,0,0,0.0,0,0.0,0.0,0.0,15,51.0,2,5,3,6.0,0,15.7,18.7,,,73.0,224.0,25.2506875,4.0,Georgia,2015.0,2015.0,STL,10.0,,0.10204082
2019,7,00-0032241,T.Gurley,RB,LA,ATL,0,0,0.0,0,0.0,0.0,0.0,18,41.0,0,1,1,13.0,1,11.4,12.4,,,73.0,224.0,25.2506875,4.0,Georgia,2015.0,2015.0,STL,10.0,,0.02631579
2019,8,00-0032241,T.Gurley,RB,LA,CIN,0,0,0.0,0,0.0,0.0,0.0,10,44.0,1,1,0,0.0,0,10.4,10.4,,,73.0,224.0,25.2506875,4.0,Georgia,2015.0,2015.0,STL,10.0,14.0,0.033333335
2019,10,00-0032241,T.Gurley,RB,LA,PIT,0,0,0.0,0,0.0,0.0,0.0,12,73.0,0,4,0,0.0,0,7.3,7.3,,,73.0,224.0,25.2506875,4.0,Georgia,2015.0,2015.0,STL,10.0,,0.0952381
2019,11,00-0032241,T.Gurley,RB,LA,CHI,0,0,0.0,0,0.0,0.0,0.0,25,97.0,1,3,3,36.0,0,17.3,20.3,,,73.0,224.0,25.2506875,4.0,Georgia,2015.0,2015.0,STL,10.0,10.0,0.1875
2019,12,00-0032241,T.Gurley,RB,LA,BAL,0,0,0.0,0,0.0,0.0,0.0,6,22.0,0,3,3,-3.0,0,1.9,4.9,,,73.0,224.0,25.2506875,4.0,Georgia,2015.0,2015.0,STL,10.0,-39.0,0.083333336
2019,13,00-0032241,T.Gurley,RB,LA,ARI,0,0,0.0,0,0.0,0.0,0.0,19,95.0,1,1,1,20.0,0,17.5,18.5,,,73.0,224.0,25.2506875,4.0,Georgia,2015.0,2015.0,STL,10.0,,0.024390243
2019,14,00-0032241,T.Gurley,RB,LA,SEA,0,0,0.0,0,0.0,0.0,0.0,23,79.0,1,4,4,34.0,0,17.3,21.3,,,73.0,224.0,25.2506875,4.0,Georgia,2015.0,2015.0,STL,10.0,16.0,0.13333334
2019,15,00-0032241,T.Gurley,RB,LA,DAL,0,0,0.0,0,0.0,0.0,0.0,11,20.0,1,6,3,18.0,1,17.8,20.8,,,73.0,224.0,25.2506875,4.0,Georgia,2015.0,2015.0,STL,10.0,,0.11764706
2019,16,00-0032241,T.Gurley,RB,LA,SF,0,0,0.0,0,0.0,0.0,0.0,15,48.0,2,2,0,0.0,0,16.8,16.8,,,73.0,224.0,25.2506875,4.0,Georgia,2015.0,2015.0,STL,10.0,,0.051282052
2019,17,00-0032241,T.Gurley,RB,LA,ARI,0,0,0.0,0,0.0,0.0,0.0,20,68.0,0,2,2,21.0,0,8.9,10.9,,,73.0,224.0,25.2506875,4.0,Georgia,2015.0,2015.0,STL,10.0,7.0,0.045454547
2019,3,00-0032245,S.Mannion,QB,MIN,LV,0,0,0.0,0,0.0,0.0,0.0,2,-2.0,0,0,0,0.0,0,-0.2,-0.2,,,78.0,231.0,27.540388888888888,4.0,Oregon State,2015.0,2015.0,STL,89.0,20.0,
2019,15,00-0032245,S.Mannion,QB,MIN,LAC,0,0,0.0,0,0.0,0.0,0.0,3,-3.0,0,0,0,0.0,0,-0.3,-0.3,,,78.0,231.0,27.540388888888888,4.0,Oregon State,2015.0,2015.0,STL,89.0,,
2019,17,00-0032245,S.Mannion,QB,MIN,CHI,12,21,126.0,0,2.0,0.0,-0.0,1,0.0,0,0,0,0.0,0,-0.96,-0.96,,,78.0,231.0,27.540388888888888,4.0,Oregon State,2015.0,2015.0,STL,89.0,-2.0,
2019,10,00-0032256,C.Walford,TE,MIA,IND,0,0,0.0,0,0.0,0.0,0.0,0,0.0,0,1,1,8.0,0,0.8,1.8,,,76.0,252.0,28.095375,4.0,Miami,2015.0,2015.0,OAK,68.0,,0.030303031
2019,13,00-0032256,C.Walford,TE,MIA,PHI,0,0,0.0,0,0.0,0.0,0.0,0,0.0,0,1,0,0.0,0,0.0,0.0,,,76.0,252.0,28.095375,4.0,Miami,2015.0,2015.0,OAK,68.0,6.0,0.025641026
2019,15,00-0032256,C.Walford,TE,MIA,NYG,0,0,0.0,0,0.0,0.0,0.0,0,0.0,0,4,2,34.0,0,3.4,5.4,,,76.0,252.0,28.095375,4.0,Miami,2015.0,2015.0,OAK,68.0,,0.09756097
2019,16,00-0032256,C.Walford,TE,MIA,CIN,0,0,0.0,0,0.0,0.0,0.0,0,0.0,0,2,1,15.0,0,1.5,2.5,,,76.0,252.0,28.095375,4.0,Miami,2015.0,2015.0,OAK,68.0,3.0,0.039215688
2019,1,00-0032257,D.Johnson,RB,HOU,NO,0,0,0.0,0,0.0,0.0,0.0,9,57.0,0,5,4,33.0,0,9.0,13.0,,,69.0,210.0,26.1295,4.0,Miami,2015.0,2015.0,CLE,77.0,,0.1724138
2019,2,00-0032257,D.Johnson,RB,HOU,JAX,0,0,0.0,0,0.0,0.0,0.0,6,31.0,0,1,0,0.0,0,3.1,3.1,,,69.0,210.0,26.1295,4.0,Miami,2015.0,2015.0,CLE,77.0,1.0,0.03448276
2019,3,00-0032257,D.Johnson,RB,HOU,LAC,0,0,0.0,0,0.0,0.0,0.0,2,2.0,0,3,2,22.0,0,2.4,4.4,,,69.0,210.0,26.1295,4.0,Miami,2015.0,2015.0,CLE,77.0,,0.0882353
2019,4,00-0032257,D.Johnson,RB,HOU,CAR,0,0,0.0,0,0.0,0.0,0.0,6,56.0,0,3,2,22.0,0,7.8,9.8,,,69.0,210.0,26.1295,4.0,Miami,2015.0,2015.0,CLE,77.0,-6.0,0.09375
2019,5,00-0032257,D.Johnson,RB,HOU,ATL,0,0,0.0,0,0.0,0.0,0.0,9,59.0,0,1,1,8.0,0,6.7,7.7,,,69.0,210.0,26.1295,4.0,Miami,2015.0,2015.0,CLE,77.0,21.0,0.030303031
2019,6,00-0032257,D.Johnson,RB,HOU,KC,0,0,0.0,0,0.0,0.0,0.0,5,34.0,0,4,2,20.0,1,11.4,13.4,,,69.0,210.0,26.1295,4.0,Miami,2015.0,2015.0,CLE,77.0,,0.0952381
2019,7,00-0032257,D.Johnson,RB,HOU,IND,0,0,0.0,0,0.0,0.0,0.0,7,34.0,0,5,2,22.0,0,5.6,7.6,,,69.0,210.0,26.1295,4.0,Miami,2015.0,2015.0,CLE,77.0,,0.15151516
2019,8,00-0032257,D.Johnson,RB,HOU,LV,0,0,0.0,0,0.0,0.0,0.0,3,1.0,0,5,4,33.0,1,9.4,13.4,,,69.0,210.0,26.1295,4.0,Miami,2015.0,2015.0,CLE,77.0,3.0,0.13157895
2019,9,00-0032257,D.Johnson,RB,HOU,JAX,0,0,0.0,0,0.0,0.0,0.0,7,13.0,1,5,5,68.0,0,14.1,19.1,,,69.0,210.0,26.1295,4.0,Miami,2015.0,2015.0,CLE,77.0,,0.17857143
2019,11,00-0032257,D.Johnson,RB,HOU,BAL,0,0,0.0,0,0.0,0.0,0.0,6,40.0,0,2,2,4.0,0,4.4,6.4,,,69.0,210.0,26.1295,4.0,Miami,2015.0,2015.0,CLE,77.0,,0.06666667
2019,12,00-0032257,D.Johnson,RB,HOU,IND,0,0,0.0,0,0.0,0.0,0.0,5,22.0,0,1,1,8.0,0,3.0,4.0,,,69.0,210.0,26.1295,4.0,Miami,2015.0,2015.0,CLE,77.0,3.0,0.035714287
2019,13,00-0032257,D.Johnson,RB,HOU,NE,0,0,0.0,0,0.0,0.0,0.0,9,36.0,0,6,5,54.0,1,15.0,20.0,,,69.0,210.0,26.1295,4.0,Miami,2015.0,2015.0,CLE,77.0,6.0,0.23076923
2019,14,00-0032257,D.Johnson,RB,HOU,DEN,0,0,0.0,0,0.0,0.0,0.0,1,5.0,0,8,6,40.0,0,4.5,10.5,,,69.0,210.0,26.1295,4.0,Miami,2015.0,2015.0,CLE,77.0,-14.0,0.17021276
2019,15,00-0032257,D.Johnson,RB,HOU,TEN,0,0,0.0,0,0.0,0.0,0.0,2,4.0,0,3,2,19.0,0,2.3,4.3,,,69.0,210.0,26.1295,4.0,Miami,2015.0,2015.0,CLE,77.0,,0.12
2019,16,00-0032257,D.Johnson,RB,HOU,TB,0,0,0.0,0,0.0,0.0,0.0,2,4.0,0,4,1,12.0,0,-0.4,0.6,,,69.0,210.0,26.1295,4.0,Miami,2015.0,2015.0,CLE,77.0,,0.125
2019,17,00-0032257,D.Johnson,RB,HOU,TEN,0,0,0.0,0,0.0,0.0,0.0,4,12.0,1,6,5,45.0,0,11.7,16.7,,,69.0,210.0,26.1295,4.0,Miami,2015.0,2015.0,CLE,77.0,-21.0,0.1875
2019,18,00-0032257,D.Johnson,RB,HOU,BUF,0,0,0.0,0,0.0,0.0,0.0,3,38.0,0,3,3,30.0,0,6.8,9.8,,,69.0,210.0,26.1295,4.0,Miami,2015.0,2015.0,CLE,77.0,3.0,0.12
2019,19,00-0032257,D.Johnson,RB,HOU,KC,0,0,0.0,0,0.0,0.0,0.0,1,11.0,0,8,5,23.0,0,3.4,8.4,,,69.0,210.0,26.1295,4.0,Miami,2015.0,2015.0,CLE,77.0,,0.16
2019,1,00-0032268,M.Mariota,QB,TEN,CLE,14,24,248.0,3,0.0,4.0,32.0,3,24.0,0,0,0,0.0,0,24.32,24.32,,,76.0,222.0,26.037,4.0,Oregon,2015.0,2015.0,TEN,2.0,,
2019,2,00-0032268,M.Mariota,QB,TEN,IND,19,28,154.0,1,0.0,4.0,35.0,5,32.0,0,0,0,0.0,0,13.36,13.36,,,76.0,222.0,26.037,4.0,Oregon,2015.0,2015.0,TEN,2.0,-2.0,
2019,3,00-0032268,M.Mariota,QB,TEN,JAX,23,40,304.0,0,0.0,9.0,55.0,6,34.0,0,0,0,0.0,0,15.56,15.56,,,76.0,222.0,26.037,4.0,Oregon,2015.0,2015.0,TEN,2.0,,
2019,4,00-0032268,M.Mariota,QB,TEN,ATL,18,27,227.0,3,0.0,0.0,-0.0,3,22.0,0,0,0,0.0,0,23.28,23.28,,,76.0,222.0,26.037,4.0,Oregon,2015.0,2015.0,TEN,2.0,,
2019,5,00-0032268,M.Mariota,QB,TEN,BUF,13,22,183.0,0,0.0,5.0,33.0,5,13.0,0,0,0,0.0,0,8.62,8.62,,,76.0,222.0,26.037,4.0,Oregon,2015.0,2015.0,TEN,2.0,-7.0,
2019,6,00-0032268,M.Mariota,QB,TEN,DEN,7,18,63.0,0,2.0,3.0,7.0,2,4.0,0,0,0,0.0,0,-1.08,-1.08,,,76.0,222.0,26.037,4.0,Oregon,2015.0,2015.0,TEN,2.0,,
2019,17,00-0032268,M.Mariota,QB,TEN,HOU,1,1,24.0,0,0.0,0.0,-0.0,0,0.0,0,0,0,0.0,0,0.96,0.96,,,76.0,222.0,26.037,4.0,Oregon,2015.0,2015.0,TEN,2.0,,
2019,18,00-0032268,M.Mariota,QB,TEN,NE,1,1,4.0,0,0.0,0.0,-0.0,0,0.0,0,0,0,0.0,0,0.16,0.16,,,76.0,222.0,26.037,4.0,Oregon,2015.0,2015.0,TEN,2.0,,
2019,20,00-0032268,M.Mariota,QB,TEN,KC,0,0,0.0,0,0.0,0.0,0.0,1,5.0,0,0,0,0.0,0,0.5,0.5,,,76.0,222.0,26.037,4.0,Oregon,2015.0,2015.0,TEN,2.0,,
2019,13,00-0032319,R.Travis,TE,IND,TEN,0,0,0.0,0,0.0,0.0,0.0,0,0.0,0,3,2,31.0,0,1.1,3.1,,,78.0,248.0,26.8178125,4.0,Penn State,2015.0,2016.0,,,-14.0,0.08108108
2019,14,00-0032319,R.Travis,TE,IND,TB,0,0,0.0,0,0.0,0.0,0.0,0,0.0,0,1,1,1.0,0,0.1,1.1,,,78.0,248.0,26.8178125,4.0,Penn State,2015.0,2016.0,,,,0.028571429
2019,16,00-0032319,R.Travis,TE,IND,CAR,0,0,0.0,0,0.0,0.0,0.0,0,0.0,0,2,1,19.0,0,1.9,2.9,,,78.0,248.0,26.8178125,4.0,Penn State,2015.0,2016.0,,,32.0,0.083333336
2019,5,00-0032320,E.Harris,FS,LV,CHI,0,0,0.0,0,0.0,0.0,0.0,1,4.0,0,0,0,0.0,0,0.4,0.4,,,74.0,220.0,29.5911875,3.0,"California, Pa.",2016.0,2016.0,,,,
2019,2,00-0032355,C.Rogers,WR,IND,TEN,0,0,0.0,0,0.0,0.0,0.0,0,0.0,0,4,3,24.0,0,2.4,5.4,,,72.0,184.0,25.81025,3.0,Grambling,2016.0,2016.0,,,,0.15384616
2019,4,00-0032355,C.Rogers,WR,IND,LV,0,0,0.0,0,0.0,0.0,0.0,0,0.0,0,6,3,48.0,1,10.8,13.8,,,72.0,184.0,25.81025,3.0,Grambling,2016.0,2016.0,,,-7.0,0.13043478
2019,5,00-0032355,C.Rogers,WR,IND,KC,0,0,0.0,0,0.0,0.0,0.0,0,0.0,0,2,0,0.0,0,0.0,0.0,,,72.0,184.0,25.81025,3.0,Grambling,2016.0,2016.0,,,,0.07692308
2019,7,00-0032355,C.Rogers,WR,IND,HOU,0,0,0.0,0,0.0,0.0,0.0,0,0.0,0,2,2,24.0,0,2.4,4.4,,,72.0,184.0,25.81025,3.0,Grambling,2016.0,2016.0,,,7.0,0.055555556
2019,8,00-0032355,C.Rogers,WR,IND,DEN,0,0,0.0,0,0.0,0.0,0.0,0,0.0,0,2,1,7.0,0,0.7,1.7,,,72.0,184.0,25.81025,3.0,Grambling,2016.0,2016.0,,,2.0,0.083333336
2019,9,00-0032355,C.Rogers,WR,IND,PIT,0,0,0.0,0,0.0,0.0,0.0,0,0.0,0,5,3,22.0,1,8.2,11.2,,,72.0,184.0,25.81025,3.0,Grambling,2016.0,2016.0,,,,0.16666667
2019,10,00-0032355,C.Rogers,WR,IND,MIA,0,0,0.0,0,0.0,0.0,0.0,0,0.0,0,4,2,31.0,0,3.1,5.1,,,72.0,184.0,25.81025,3.0,Grambling,2016.0,2016.0,,,-4.0,0.102564104
2019,11,00-0032355,C.Rogers,WR,IND,JAX,0,0,0.0,0,0.0,0.0,0.0,1,18.0,0,2,1,11.0,0,2.9,3.9,,,72.0,184.0,25.81025,3.0,Grambling,2016.0,2016.0,,,20.0,0.0952381
2019,12,00-0032355,C.Rogers,WR,IND,HOU,0,0,0.0,0,0.0,0.0,0.0,0,0.0,0,1,1,12.0,0,1.2,2.2,,,72.0,184.0,25.81025,3.0,Grambling,2016.0,2016.0,,,,0.041666668
2019,15,00-0032377,J.Ferguson,RB,WAS,PHI,0,0,0.0,0,0.0,0.0,0.0,3,9.0,0,0,0,0.0,0,0.9,0.9,,,70.0,205.0,26.4460625,3.0,Illinois,2016.0,2016.0,,,-10.0,
2019,1,00-0032385,S.Shepard,WR,NYG,DAL,0,0,0.0,0,0.0,0.0,0.0,0,0.0,0,7,6,42.0,0,4.2,10.2,,,70.0,201.0,26.724375,3.0,Oklahoma,2016.0,2016.0,NYG,40.0,,0.1590909
2019,3,00-0032385,S.Shepard,WR,NYG,TB,0,0,0.0,0,0.0,0.0,0.0,2,21.0,0,9,7,100.0,1,20.1,27.1,,,70.0,201.0,26.724375,3.0,Oklahoma,2016.0,2016.0,NYG,40.0,,0.25
2019,4,00-0032385,S.Shepard,WR,NYG,WAS,0,0,0.0,0,0.0,0.0,0.0,1,23.0,0,9,7,76.0,0,9.9,16.9,,,70.0,201.0,26.724375,3.0,Oklahoma,2016.0,2016.0,NYG,40.0,21.0,0.29032257
2019,5,00-0032385,S.Shepard,WR,NYG,MIN,0,0,0.0,0,0.0,0.0,0.0,1,-2.0,0,9,5,49.0,0,4.7,9.7,,,70.0,201.0,26.724375,3.0,Oklahoma,2016.0,2016.0,NYG,40.0,-18.0,0.25
2019,12,00-0032385,S.Shepard,WR,NYG,CHI,0,0,0.0,0,0.0,0.0,0.0,1,22.0,0,9,5,15.0,0,3.7,8.7,,,70.0,201.0,26.724375,3.0,Oklahoma,2016.0,2016.0,NYG,40.0,,0.2647059
2019,13,00-0032385,S.Shepard,WR,NYG,GB,0,0,0.0,0,0.0,0.0,0.0,0,0.0,0,6,3,40.0,1,10.0,13.0,,,70.0,201.0,26.724375,3.0,Oklahoma,2016.0,2016.0,NYG,40.0,-18.0,0.16666667
2019,14,00-0032385,S.Shepard,WR,NYG,PHI,0,0,0.0,0,0.0,0.0,0.0,1,8.0,0,7,4,28.0,0,3.6,7.6,,,70.0,201.0,26.724375,3.0,Oklahoma,2016.0,2016.0,NYG,40.0,,0.2413793
2019,15,00-0032385,S.Shepard,WR,NYG,MIA,0,0,0.0,0,0.0,0.0,0.0,0,0.0,0,11,9,111.0,0,11.1,20.1,,,70.0,201.0,26.724375,3.0,Oklahoma,2016.0,2016.0,NYG,40.0,16.0,0.37931034
2019,16,00-0032385,S.Shepard,WR,NYG,WAS,0,0,0.0,0,0.0,0.0,0.0,0,0.0,0,6,6,76.0,1,13.6,19.6,,,70.0,201.0,26.724375,3.0,Oklahoma,2016.0,2016.0,NYG,40.0,,0.15384616
2019,17,00-0032385,S.Shepard,WR,NYG,PHI,0,0,0.0,0,0.0,0.0,0.0,0,0.0,0,10,5,39.0,0,3.9,8.9,,,70.0,201.0,26.724375,3.0,Oklahoma,2016.0,2016.0,NYG,40.0,-17.0,0.21276596
2019,1,00-0032392,A.Hooper,TE,ATL,MIN,0,0,0.0,0,0.0,0.0,0.0,0,0.0,0,9,9,77.0,0,7.7,16.7,,,76.0,254.0,25.0124375,3.0,Stanford,2016.0,2016.0,ATL,81.0,,0.2
2019,2,00-0032392,A.Hooper,TE,ATL,PHI,0,0,0.0,0,0.0,0.0,0.0,0,0.0,0,6,4,34.0,0,3.4,7.4,,,76.0,254.0,25.0124375,3.0,Stanford,2016.0,2016.0,ATL,81.0,4.0,0.13953489
2019,3,00-0032392,A.Hooper,TE,ATL,IND,0,0,0.0,0,0.0,0.0,0.0,0,0.0,0,7,6,66.0,2,18.6,24.6,,,76.0,254.0,25.0124375,3.0,Stanford,2016.0,2016.0,ATL,81.0,,0.21212122
2019,4,00-0032392,A.Hooper,TE,ATL,TEN,0,0,0.0,0,0.0,0.0,0.0,0,0.0,0,11,9,130.0,0,13.0,22.0,,,76.0,254.0,25.0124375,3.0,Stanford,2016.0,2016.0,ATL,81.0,-14.0,0.22
2019,5,00-0032392,A.Hooper,TE,ATL,HOU,0,0,0.0,0,0.0,0.0,0.0,0,0.0,0,9,6,56.0,0,7.6,13.6,,,76.0,254.0,25.0124375,3.0,Stanford,2016.0,2016.0,ATL,81.0,,0.20454545
2019,6,00-0032392,A.Hooper,TE,ATL,ARI,0,0,0.0,0,0.0,0.0,0.0,0,0.0,0,8,8,117.0,1,17.7,25.7,,,76.0,254.0,25.0124375,3.0,Stanford,2016.0,2016.0,ATL,81.0,,0.23529412
2019,7,00-0032392,A.Hooper,TE,ATL,LA,0,0,0.0,0,0.0,0.0,0.0,0,0.0,0,5,4,46.0,1,10.6,14.6,,,76.0,254.0,25.0124375,3.0,Stanford,2016.0,2016.0,ATL,81.0,-27.0,0.15151516
2019,8,00-0032392,A.Hooper,TE,ATL,SEA,0,0,0.0,0,0.0,0.0,0.0,0,0.0,0,7,6,65.0,1,12.5,18.5,,,76.0,254.0,25.0124375,3.0,Stanford,2016.0,2016.0,ATL,81.0,-7.0,0.14285715
2019,10,00-0032392,A.Hooper,TE,ATL,NO,0,0,0.0,0,0.0,0.0,0.0,0,0.0,0,5,4,17.0,1,7.7,11.7,,,76.0,254.0,25.0124375,3.0,Stanford,2016.0,2016.0,ATL,81.0,,0.15625
2019,14,00-0032392,A.Hooper,TE,ATL,CAR,0,0,0.0,0,0.0,0.0,0.0,0,0.0,0,6,2,32.0,0,3.2,5.2,,,76.0,254.0,25.0124375,3.0,Stanford,2016.0,2016.0,ATL,81.0,20.0,0.19354838
2019,15,00-0032392,A.Hooper,TE,ATL,SF,0,0,0.0,0,0.0,0.0,0.0,0,0.0,0,6,3,20.0,0,2.0,5.0,,,76.0,254.0,25.0124375,3.0,Stanford,2016.0,2016.0,ATL,81.0,,0.15384616
2019,16,00-0032392,A.Hooper,TE,ATL,JAX,0,0,0.0,0,0.0,0.0,0.0,0,0.0,0,9,7,82.0,0,8.2,15.2,,,76.0,254.0,25.0124375,3.0,Stanford,2016.0,2016.0,ATL,81.0,12.0,0.20930232
2019,17,00-0032392,A.Hooper,TE,ATL,TB,0,0,0.0,0,0.0,0.0,0.0,0,0.0,0,9,7,45.0,0,4.5,11.5,,,76.0,254.0,25.0124375,3.0,Stanford,2016.0,2016.0,ATL,81.0,,0.1875
2019,2,00-0032393,C.Prosise,RB,SEA,PIT,0,0,0.0,0,0.0,0.0,0.0,2,7.0,0,3,3,13.0,0,2.0,5.0,,,73.0,225.0,25.4745,3.0,Notre Dame,2016.0,2016.0,SEA,90.0,,0.08571429
2019,3,00-0032393,C.Prosise,RB,SEA,NO,0,0,0.0,0,0.0,0.0,0.0,4,5.0,0,5,5,38.0,0,4.3,9.3,,,73.0,225.0,25.4745,3.0,Notre Dame,2016.0,2016.0,SEA,90.0,-6.0,0.10869565
2019,4,00-0032393,C.Prosise,RB,SEA,ARI,0,0,0.0,0,0.0,0.0,0.0,3,4.0,1,0,0,0.0,0,6.4,6.4,,,73.0,225.0,25.4745,3.0,Notre Dame,2016.0,2016.0,SEA,90.0,,
2019,6,00-0032393,C.Prosise,RB,SEA,CLE,0,0,0.0,0,0.0,0.0,0.0,3,8.0,0,3,1,15.0,0,0.3,1.3,,,73.0,225.0,25.4745,3.0,Notre Dame,2016.0,2016.0,SEA,90.0,,0.09375
2019,7,00-0032393,C.Prosise,RB,SEA,BAL,0,0,0.0,0,0.0,0.0,0.0,1,17.0,0,0,0,0.0,0,1.7,1.7,,,73.0,225.0,25.4745,3.0,Notre Dame,2016.0,2016.0,SEA,90.0,-14.0,
2019,14,00-0032393,C.Prosise,RB,SEA,LA,0,0,0.0,0,0.0,0.0,0.0,1,2.0,0,0,0,0.0,0,0.2,0.2,,,73.0,225.0,25.4745,3.0,Notre Dame,2016.0,2016.0,SEA,90.0,,
2019,15,00-0032393,C.Prosise,RB,SEA,CAR,0,0,0.0,0,0.0,0.0,0.0,5,15.0,0,1,1,10.0,0,2.5,3.5,,,73.0,225.0,25.4745,3.0,Notre Dame,2016.0,2016.0,SEA,90.0,,0.04
2019,16,00-0032393,C.Prosise,RB,SEA,ARI,0,0,0.0,0,0.0,0.0,0.0,4,14.0,0,0,0,0.0,0,1.4,1.4,,,73.0,225.0,25.4745,3.0,Notre Dame,2016.0,2016.0,SEA,90.0,-14.0,
2019,1,00-0032394,N.Vannett,TE,SEA,CIN,0,0,0.0,0,0.0,0.0,0.0,0,0.0,0,2,2,16.0,0,1.6,3.6,,,78.0,261.0,26.6634375,3.0,Ohio State,2016.0,2016.0,SEA,94.0,1.0,0.10526316
2019,2,00-0032394,N.Vannett,TE,SEA,PIT,0,0,0.0,0,0.0,0.0,0.0,0,0.0,0,1,1,13.0,0,1.3,2.3,,,78.0,261.0,26.6634375,3.0,Ohio State,2016.0,2016.0,SEA,94.0,,0.028571429
2019,3,00-0032394,N.Vannett,TE,SEA,NO,0,0,0.0,0,0.0,0.0,0.0,0,0.0,0,2,1,9.0,0,0.9,1.9,,,78.0,261.0,26.6634375,3.0,Ohio State,2016.0,2016.0,SEA,94.0,-6.0,0.04347826
2019,4,00-0032394,N.Vannett,TE,PIT,CIN,0,0,0.0,0,0.0,0.0,0.0,0,0.0,0,2,2,28.0,0,2.8,4.8,,,78.0,261.0,26.6634375,3.0,Ohio State,2016.0,2016.0,SEA,94.0,24.0,0.06666667
2019,5,00-0032394,N.Vannett,TE,PIT,BAL,0,0,0.0,0,0.0,0.0,0.0,0,0.0,0,1,0,0.0,0,0.0,0.0,,,78.0,261.0,26.6634375,3.0,Ohio State,2016.0,2016.0,SEA,94.0,-3.0,0.033333335
2019,6,00-0032394,N.Vannett,TE,PIT,LAC,0,0,0.0,0,0.0,0.0,0.0,0,0.0,0,1,1,5.0,0,0.5,1.5,,,78.0,261.0,26.6634375,3.0,Ohio State,2016.0,2016.0,SEA,94.0,,0.05263158
2019,8,00-0032394,N.Vannett,TE,PIT,MIA,0,0,0.0,0,0.0,0.0,0.0,0,0.0,0,2,1,15.0,0,1.5,2.5,,,78.0,261.0,26.6634375,3.0,Ohio State,2016.0,2016.0,SEA,94.0,13.0,0.055555556
2019,9,00-0032394,N.Vannett,TE,PIT,IND,0,0,0.0,0,0.0,0.0,0.0,0,0.0,0,1,0,0.0,0,0.0,0.0,,,78.0,261.0,26.6634375,3.0,Ohio State,2016.0,2016.0,SEA,94.0,2.0,0.029411765
2019,10,00-0032394,N.Vannett,TE,PIT,LA,0,0,0.0,0,0.0,0.0,0.0,0,0.0,0,1,1,8.0,0,0.8,1.8,,,78.0,261.0,26.6634375,3.0,Ohio State,2016.0,2016.0,SEA,94.0,5.0,0.027777778
2019,11,00-0032394,N.Vannett,TE,PIT,CLE,0,0,0.0,0,0.0,0.0,0.0,0,0.0,0,1,1,7.0,0,0.7,1.7,,,78.0,261.0,26.6634375,3.0,Ohio State,2016.0,2016.0,SEA,94.0,,0.023255814
2019,13,00-0032394,N.Vannett,TE,PIT,CLE,0,0,0.0,0,0.0,0.0,0.0,0,0.0,0,1,1,7.0,0,0.7,1.7,,,78.0,261.0,26.6634375,3.0,Ohio State,2016.0,2016.0,SEA,94.0,7.0,0.055555556
2019,15,00-0032394,N.Vannett,TE,PIT,BUF,0,0,0.0,0,0.0,0.0,0.0,0,0.0,0,6,5,40.0,0,4.0,9.0,,,78.0,261.0,26.6634375,3.0,Ohio State,2016.0,2016.0,SEA,94.0,-7.0,0.16666667
2019,16,00-0032394,N.Vannett,TE,PIT,NYJ,0,0,0.0,0,0.0,0.0,0.0,0,0.0,0,1,1,18.0,0,1.8,2.8,,,78.0,261.0,26.6634375,3.0,Ohio State,2016.0,2016.0,SEA,94.0,,0.027777778
2019,4,00-0032398,C.Moore,WR,BAL,CLE,0,0,0.0,0,0.0,0.0,0.0,0,0.0,0,1,0,0.0,0,0.0,0.0,,,73.0,200.0,26.393882352941176,3.0,Cincinnati,2016.0,2016.0,BAL,107.0,-15.0,0.030303031
2019,6,00-0032398,C.Moore,WR,BAL,CIN,0,0,0.0,0,0.0,0.0,0.0,0,0.0,0,3,2,18.0,0,1.8,3.8,,,73.0,200.0,26.393882352941176,3.0,Cincinnati,2016.0,2016.0,BAL,107.0,6.0,0.10344828
2019,7,00-0032398,C.Moore,WR,BAL,SEA,0,0,0.0,0,0.0,0.0,0.0,0,0.0,0,1,1,3.0,0,0.3,1.3,,,73.0,200.0,26.393882352941176,3.0,Cincinnati,2016.0,2016.0,BAL,107.0,,0.05
2019,17,00-0032398,C.Moore,WR,BAL,PIT,0,0,0.0,0,0.0,0.0,0.0,1,0.0,0,0,0,0.0,0,0.0,0.0,,,73.0,200.0,26.393882352941176,3.0,Cincinnati,2016.0,2016.0,BAL,107.0,18.0,
2019,19,00-0032398,C.Moore,WR,BAL,TEN,0,0,0.0,0,0.0,0.0,0.0,0,0.0,0,1,0,0.0,0,0.0,0.0,,,73.0,200.0,26.393882352941176,3.0,Cincinnati,2016.0,2016.0,BAL,107.0,-16.0,0.018867925
2019,16,00-0032404,T.Ervin,RB,GB,MIN,0,0,0.0,0,0.0,0.0,0.0,0,0.0,0,1,1,6.0,0,0.6,1.6,,,70.0,185.0,26.093444444444444,3.0,San Jose State,2016.0,2016.0,HOU,119.0,,0.02631579
2019,17,00-0032404,T.Ervin,RB,GB,DET,0,0,0.0,0,0.0,0.0,0.0,1,10.0,0,3,1,5.0,0,1.5,2.5,,,70.0,185.0,26.093444444444444,3.0,San Jose State,2016.0,2016.0,HOU,119.0,,0.055555556
2019,19,00-0032404,T.Ervin,RB,GB,SEA,0,0,0.0,0,0.0,0.0,0.0,2,25.0,0,0,0,0.0,0,2.5,2.5,,,70.0,185.0,26.093444444444444,3.0,San Jose State,2016.0,2016.0,HOU,119.0,5.0,
2019,20,00-0032404,T.Ervin,RB,GB,SF,0,0,0.0,0,0.0,0.0,0.0,0,0.0,0,1,1,7.0,0,0.7,1.7,,,70.0,185.0,26.093444444444444,3.0,San Jose State,2016.0,2016.0,HOU,119.0,,0.027027028
2019,8,00-0032417,P.Perkins,RB,DET,NYG,0,0,0.0,0,0.0,0.0,0.0,3,4.0,0,0,0,0.0,0,0.4,0.4,,,71.0,213.0,24.97911764705882,3.0,UCLA,2016.0,2016.0,NYG,149.0,5.0,
2019,9,00-0032417,P.Perkins,RB,DET,LV,0,0,0.0,0,0.0,0.0,0.0,2,16.0,0,0,0,0.0,0,1.6,1.6,,,71.0,213.0,24.97911764705882,3.0,UCLA,2016.0,2016.0,NYG,149.0,,
2019,10,00-0032417,P.Perkins,RB,DET,CHI,0,0,0.0,0,0.0,0.0,0.0,7,9.0,0,1,1,9.0,0,1.8,2.8,,,71.0,213.0,24.97911764705882,3.0,UCLA,2016.0,2016.0,NYG,149.0,,0.023255814
2019,1,00-0032423,T.Davis,WR,GB,CHI,0,0,0.0,0,0.0,0.0,0.0,0,0.0,0,1,1,28.0,0,2.8,3.8,,,73.0,188.0,26.3351875,3.0,California,2016.0,2016.0,GB,163.0,,0.037037037
2019,4,00-0032423,T.Davis,WR,LV,IND,0,0,0.0,0,0.0,0.0,0.0,2,74.0,1,0,0,0.0,0,13.4,13.4,,,73.0,188.0,26.3351875,3.0,California,2016.0,2016.0,GB,163.0,,
2019,5,00-0032423,T.Davis,WR,LV,CHI,0,0,0.0,0,0.0,0.0,0.0,0,0.0,0,4,4,42.0,0,2.2,6.2,,,73.0,188.0,26.3351875,3.0,California,2016.0,2016.0,GB,163.0,,0.13333334
2019,7,00-0032423,T.Davis,WR,LV,GB,0,0,0.0,0,0.0,0.0,0.0,0,0.0,0,2,2,26.0,0,2.6,4.6,,,73.0,188.0,26.3351875,3.0,California,2016.0,2016.0,GB,163.0,,0.06451613
2019,8,00-0032423,T.Davis,WR,LV,HOU,0,0,0.0,0,0.0,0.0,0.0,1,-1.0,0,2,1,15.0,0,1.4,2.4,,,73.0,188.0,26.3351875,3.0,California,2016.0,2016.0,GB,163.0,,0.06666667
2019,12,00-0032423,T.Davis,WR,LV,NYJ,0,0,0.0,0,0.0,0.0,0.0,0,0.0,0,2,0,0.0,0,0.0,0.0,,,73.0,188.0,26.3351875,3.0,California,2016.0,2016.0,GB,163.0,,0.060606062
2019,13,00-0032423,T.Davis,WR,LV,KC,0,0,0.0,0,0.0,0.0,0.0,1,0.0,0,0,0,0.0,0,0.0,0.0,,,73.0,188.0,26.3351875,3.0,California,2016.0,2016.0,GB,163.0,,
2019,9,00-0032434,B.Allen,QB,DEN,CLE,12,20,193.0,2,0.0,3.0,18.0,5,13.0,0,0,0,0.0,0,17.02,17.02,,,74.0,209.0,27.157875,3.0,Arkansas,2016.0,2016.0,JAX,201.0,5.0,
2019,11,00-0032434,B.Allen,QB,DEN,MIN,17,39,240.0,1,1.0,2.0,8.0,3,18.0,0,0,0,0.0,0,13.4,13.4,,,74.0,209.0,27.157875,3.0,Arkansas,2016.0,2016.0,JAX,201.0,,
2019,12,00-0032434,B.Allen,QB,DEN,BUF,10,25,82.0,0,1.0,4.0,33.0,2,8.0,0,0,0,0.0,0,2.08,2.08,,,74.0,209.0,27.157875,3.0,Arkansas,2016.0,2016.0,JAX,201.0,,
2019,10,00-0032436,J.Driskel,QB,DET,CHI,27,46,269.0,1,1.0,2.0,10.0,5,37.0,0,1,1,6.0,0,17.06,18.06,,,76.0,235.0,26.53425,3.0,Louisiana Tech,2016.0,2016.0,SF,207.0,,0.023255814
2019,11,00-0032436,J.Driskel,QB,DET,DAL,15,26,209.0,2,0.0,3.0,18.0,8,51.0,1,0,0,0.0,0,27.46,27.46,,,76.0,235.0,26.53425,3.0,Louisiana Tech,2016.0,2016.0,SF,207.0,-8.0,
2019,12,00-0032436,J.Driskel,QB,DET,WAS,20,33,207.0,1,3.0,6.0,18.0,9,63.0,0,0,0,0.0,0,12.58,12.58,,,76.0,235.0,26.53425,3.0,Louisiana Tech,2016.0,2016.0,SF,207.0,,
2019,17,00-0032442,E.Roberts,ILB,NE,MIA,0,0,0.0,0,0.0,0.0,0.0,0,0.0,0,1,1,38.0,1,9.8,10.8,,,72.0,238.0,25.541647058823532,3.0,Houston,2016.0,2016.0,NE,214.0,-3.0,0.03448276
2019,18,00-0032442,E.Roberts,ILB,NE,TEN,0,0,0.0,0,0.0,0.0,0.0,1,0.0,0,0,0,0.0,0,0.0,0.0,,,72.0,238.0,25.541647058823532,3.0,Houston,2016.0,2016.0,NE,214.0,-7.0,
2019,7,00-0032450,D.Washington,RB,NO,CHI,0,0,0.0,0,0.0,0.0,0.0,0,0.0,0,1,1,6.0,0,0.6,1.6,,,73.0,223.0,25.53770588235294,3.0,Washington,2016.0,2016.0,DET,236.0,,0.027777778
2019,8,00-0032450,D.Washington,RB,NO,ARI,0,0,0.0,0,0.0,0.0,0.0,3,38.0,0,0,0,0.0,0,3.8,3.8,,,73.0,223.0,25.53770588235294,3.0,Washington,2016.0,2016.0,DET,236.0,22.0,
2019,15,00-0032450,D.Washington,RB,NO,IND,0,0,0.0,0,0.0,0.0,0.0,3,20.0,0,0,0,0.0,0,2.0,2.0,,,73.0,223.0,25.53770588235294,3.0,Washington,2016.0,2016.0,DET,236.0,27.0,
2019,17,00-0032450,D.Washington,RB,NO,CAR,0,0,0.0,0,0.0,0.0,0.0,2,2.0,0,0,0,0.0,0,0.2,0.2,,,73.0,223.0,25.53770588235294,3.0,Washington,2016.0,2016.0,DET,236.0,,
2019,9,00-0032464,K.Raymond,WR,TEN,CAR,0,0,0.0,0,0.0,0.0,0.0,0,0.0,0,3,2,19.0,0,1.9,3.9,,,68.0,182.0,25.26494736842105,3.0,Holy Cross,2016.0,2016.0,,,,0.08108108
2019,10,00-0032464,K.Raymond,WR,TEN,KC,0,0,0.0,0,0.0,0.0,0.0,0,0.0,0,1,1,52.0,0,5.2,6.2,,,68.0,182.0,25.26494736842105,3.0,Holy Cross,2016.0,2016.0,,,3.0,0.05263158
2019,12,00-0032464,K.Raymond,WR,TEN,JAX,0,0,0.0,0,0.0,0.0,0.0,1,-5.0,0,1,1,14.0,0,0.9,1.9,,,68.0,182.0,25.26494736842105,3.0,Holy Cross,2016.0,2016.0,,,22.0,0.05882353
2019,13,00-0032464,K.Raymond,WR,TEN,IND,0,0,0.0,0,0.0,0.0,0.0,0,0.0,0,1,1,40.0,1,10.0,11.0,,,68.0,182.0,25.26494736842105,3.0,Holy Cross,2016.0,2016.0,,,,0.04761905
2019,14,00-0032464,K.Raymond,WR,TEN,LV,0,0,0.0,0,0.0,0.0,0.0,0,0.0,0,2,1,11.0,0,1.1,2.1,,,68.0,182.0,25.26494736842105,3.0,Holy Cross,2016.0,2016.0,,,,0.074074075
2019,15,00-0032464,K.Raymond,WR,TEN,HOU,0,0,0.0,0,0.0,0.0,0.0,0,0.0,0,2,1,2.0,0,0.2,1.2,,,68.0,182.0,25.26494736842105,3.0,Holy Cross,2016.0,2016.0,,,-3.0,0.055555556
2019,16,00-0032464,K.Raymond,WR,TEN,NO,0,0,0.0,0,0.0,0.0,0.0,0,0.0,0,2,2,32.0,0,1.2,3.2,,,68.0,182.0,25.26494736842105,3.0,Holy Cross,2016.0,2016.0,,,-10.0,0.08
2019,19,00-0032464,K.Raymond,WR,TEN,BAL,0,0,0.0,0,0.0,0.0,0.0,0,0.0,0,1,1,45.0,1,10.5,11.5,,,68.0,182.0,25.26494736842105,3.0,Holy Cross,2016.0,2016.0,,,,0.06666667
2019,15,00-0032466,G.Fant,T,SEA,CAR,0,0,0.0,0,0.0,0.0,0.0,0,0.0,0,1,0,0.0,0,0.0,0.0,,,77.0,322.0,27.308888888888887,3.0,Western Kentucky,2016.0,2016.0,,,,0.04
2019,5,00-0032540,T.Carson,RB,GB,DAL,0,0,0.0,0,0.0,0.0,0.0,6,14.0,0,4,4,18.0,0,3.2,7.2,,,71.0,228.0,27.024,3.0,Texas A&M,2016.0,2016.0,,,,0.12903225
2019,8,00-0032540,T.Carson,RB,DET,NYG,0,0,0.0,0,0.0,0.0,0.0,12,34.0,0,0,0,0.0,0,3.4,3.4,,,71.0,228.0,27.024,3.0,Texas A&M,2016.0,2016.0,,,5.0,
2019,1,00-0032543,A.Erickson,WR,CIN,SEA,0,0,0.0,0,0.0,0.0,0.0,0,0.0,0,4,4,28.0,0,2.8,6.8,,,72.0,195.0,26.9899375,3.0,Wisconsin,2016.0,2016.0,,,,0.08163265
2019,2,00-0032543,A.Erickson,WR,CIN,SF,0,0,0.0,0,0.0,0.0,0.0,0,0.0,0,3,1,14.0,0,1.4,2.4,,,72.0,195.0,26.9899375,3.0,Wisconsin,2016.0,2016.0,,,-24.0,0.071428575
2019,3,00-0032543,A.Erickson,WR,CIN,BUF,0,0,0.0,0,0.0,0.0,0.0,0,0.0,0,1,1,13.0,0,1.3,2.3,,,72.0,195.0,26.9899375,3.0,Wisconsin,2016.0,2016.0,,,,0.029411765
2019,5,00-0032543,A.Erickson,WR,CIN,ARI,0,0,0.0,0,0.0,0.0,0.0,0,0.0,0,1,1,7.0,0,0.7,1.7,,,72.0,195.0,26.9899375,3.0,Wisconsin,2016.0,2016.0,,,-3.0,0.027027028
2019,6,00-0032543,A.Erickson,WR,CIN,BAL,0,0,0.0,0,0.0,0.0,0.0,1,17.0,0,6,4,47.0,0,6.4,10.4,,,72.0,195.0,26.9899375,3.0,Wisconsin,2016.0,2016.0,,,,0.16216215
2019,7,00-0032543,A.Erickson,WR,CIN,JAX,0,0,0.0,0,0.0,0.0,0.0,2,-2.0,0,14,8,137.0,0,13.5,21.5,,,72.0,195.0,26.9899375,3.0,Wisconsin,2016.0,2016.0,,,-10.0,0.33333334
2019,8,00-0032543,A.Erickson,WR,CIN,LA,0,0,0.0,0,0.0,0.0,0.0,0,0.0,0,7,6,97.0,0,9.7,15.7,,,72.0,195.0,26.9899375,3.0,Wisconsin,2016.0,2016.0,,,,0.14583333
2019,10,00-0032543,A.Erickson,WR,CIN,BAL,0,0,0.0,0,0.0,0.0,0.0,1,13.0,0,2,0,0.0,0,1.3,1.3,,,72.0,195.0,26.9899375,3.0,Wisconsin,2016.0,2016.0,,,-36.0,0.06896552
2019,11,00-0032543,A.Erickson,WR,CIN,LV,0,0,0.0,0,0.0,0.0,0.0,0,0.0,0,5,1,0.0,0,0.0,1.0,,,72.0,195.0,26.9899375,3.0,Wisconsin,2016.0,2016.0,,,,0.16666667
2019,12,00-0032543,A.Erickson,WR,CIN,PIT,0,0,0.0,0,0.0,0.0,0.0,0,0.0,0,8,2,43.0,0,4.3,6.3,,,72.0,195.0,26.9899375,3.0,Wisconsin,2016.0,2016.0,,,-6.0,0.32
2019,13,00-0032543,A.Erickson,WR,CIN,NYJ,0,0,0.0,0,0.0,0.0,0.0,0,0.0,0,2,2,21.0,0,2.1,4.1,,,72.0,195.0,26.9899375,3.0,Wisconsin,2016.0,2016.0,,,16.0,0.055555556
2019,14,00-0032543,A.Erickson,WR,CIN,CLE,1,1,26.0,0,0.0,0.0,-0.0,0,0.0,0,7,5,45.0,0,5.54,10.54,,,72.0,195.0,26.9899375,3.0,Wisconsin,2016.0,2016.0,,,,0.20588236
2019,15,00-0032543,A.Erickson,WR,CIN,NE,0,0,0.0,0,0.0,0.0,0.0,0,0.0,0,5,1,6.0,0,0.6,1.6,,,72.0,195.0,26.9899375,3.0,Wisconsin,2016.0,2016.0,,,-21.0,0.1724138
2019,16,00-0032543,A.Erickson,WR,CIN,MIA,0,0,0.0,0,0.0,0.0,0.0,0,0.0,0,9,6,55.0,0,5.5,11.5,,,72.0,195.0,26.9899375,3.0,Wisconsin,2016.0,2016.0,,,,0.16666667
2019,17,00-0032543,A.Erickson,WR,CIN,CLE,0,0,0.0,0,0.0,0.0,0.0,1,5.0,0,4,1,16.0,0,2.1,3.1,,,72.0,195.0,26.9899375,3.0,Wisconsin,2016.0,2016.0,,,10.0,0.14814815
2019,14,00-0032599,J.Perkins,TE,PHI,NYG,0,0,0.0,0,0.0,0.0,0.0,0,0.0,0,5,5,37.0,0,3.7,8.7,,,75.0,223.0,26.253823529411765,3.0,Washington,2016.0,2016.0,,,6.0,0.1
2019,16,00-0032599,J.Perkins,TE,PHI,DAL,0,0,0.0,0,0.0,0.0,0.0,0,0.0,0,2,0,0.0,0,0.0,0.0,,,75.0,223.0,26.253823529411765,3.0,Washington,2016.0,2016.0,,,8.0,0.05
2019,17,00-0032599,J.Perkins,TE,PHI,NYG,0,0,0.0,0,0.0,0.0,0.0,0,0.0,0,6,4,50.0,1,11.0,15.0,,,75.0,223.0,26.253823529411765,3.0,Washington,2016.0,2016.0,,,,0.15
2019,1,00-0032602,J.McKissic,RB,DET,ARI,0,0,0.0,0,0.0,0.0,0.0,0,0.0,0,2,2,24.0,0,2.4,4.4,,,70.0,195.0,26.222125,3.0,Arkansas State,2016.0,2016.0,,,,0.048780486
2019,2,00-0032602,J.McKissic,RB,DET,LAC,0,0,0.0,0,0.0,0.0,0.0,2,2.0,0,0,0,0.0,0,0.2,0.2,,,70.0,195.0,26.222125,3.0,Arkansas State,2016.0,2016.0,,,3.0,
2019,3,00-0032602,J.McKissic,RB,DET,PHI,0,0,0.0,0,0.0,0.0,0.0,1,44.0,0,0,0,0.0,0,4.4,4.4,,,70.0,195.0,26.222125,3.0,Arkansas State,2016.0,2016.0,,,,
2019,4,00-0032602,J.McKissic,RB,DET,KC,0,0,0.0,0,0.0,0.0,0.0,4,30.0,0,2,1,11.0,0,4.1,5.1,,,70.0,195.0,26.222125,3.0,Arkansas State,2016.0,2016.0,,,-4.0,0.0625
2019,6,00-0032602,J.McKissic,RB,DET,GB,0,0,0.0,0,0.0,0.0,0.0,3,4.0,0,3,2,7.0,0,1.1,3.1,,,70.0,195.0,26.222125,3.0,Arkansas State,2016.0,2016.0,,,,0.09375
2019,7,00-0032602,J.McKissic,RB,DET,MIN,0,0,0.0,0,0.0,0.0,0.0,5,29.0,0,3,2,31.0,0,6.0,8.0,,,70.0,195.0,26.222125,3.0,Arkansas State,2016.0,2016.0,,,-12.0,0.06666667
2019,8,00-0032602,J.McKissic,RB,DET,NYG,0,0,0.0,0,0.0,0.0,0.0,1,-1.0,0,3,3,2.0,0,0.1,3.1,,,70.0,195.0,26.222125,3.0,Arkansas State,2016.0,2016.0,,,5.0,0.09677419
2019,9,00-0032602,J.McKissic,RB,DET,LV,0,0,0.0,0,0.0,0.0,0.0,4,32.0,0,4,3,40.0,1,13.2,16.2,,,70.0,195.0,26.222125,3.0,Arkansas State,2016.0,2016.0,,,,0.09756097
2019,10,00-0032602,J.McKissic,RB,DET,CHI,0,0,0.0,0,0.0,0.0,0.0,10,36.0,0,7,6,19.0,0,5.5,11.5,,,70.0,195.0,26.222125,3.0,Arkansas State,2016.0,2016.0,,,,0.1627907
2019,11,00-0032602,J.McKissic,RB,DET,DAL,0,0,0.0,0,0.0,0.0,0.0,3,13.0,0,4,3,40.0,0,5.3,8.3,,,70.0,195.0,26.222125,3.0,Arkansas State,2016.0,2016.0,,,-8.0,0.16666667
2019,12,00-0032602,J.McKissic,RB,DET,WAS,0,0,0.0,0,0.0,0.0,0.0,1,3.0,0,2,2,17.0,0,2.0,4.0,,,70.0,195.0,26.222125,3.0,Arkansas State,2016.0,2016.0,,,,0.06666667
2019,13,00-0032602,J.McKissic,RB,DET,CHI,0,0,0.0,0,0.0,0.0,0.0,2,9.0,0,3,3,15.0,0,2.4,5.4,,,70.0,195.0,26.222125,3.0,Arkansas State,2016.0,2016.0,,,-4.0,0.083333336
2019,14,00-0032602,J.McKissic,RB,DET,MIN,0,0,0.0,0,0.0,0.0,0.0,1,2.0,0,4,4,16.0,0,1.8,5.8,,,70.0,195.0,26.222125,3.0,Arkansas State,2016.0,2016.0,,,,0.10526316
2019,15,00-0032602,J.McKissic,RB,DET,TB,0,0,0.0,0,0.0,0.0,0.0,1,2.0,0,3,2,7.0,0,0.9,2.9,,,70.0,195.0,26.222125,3.0,Arkansas State,2016.0,2016.0,,,-21.0,0.069767445
2019,17,00-0032602,J.McKissic,RB,DET,GB,0,0,0.0,0,0.0,0.0,0.0,0,0.0,0,2,1,4.0,0,0.4,1.4,,,70.0,195.0,26.222125,3.0,Arkansas State,2016.0,2016.0,,,-3.0,0.06896552
2019,2,00-0032626,G.Allison,WR,GB,MIN,0,0,0.0,0,0.0,0.0,0.0,0,0.0,0,4,4,25.0,1,6.5,10.5,,,75.0,202.0,25.810166666666664,3.0,Illinois,2016.0,2016.0,,,5.0,0.12903225
2019,3,00-0032626,G.Allison,WR,GB,DEN,0,0,0.0,0,0.0,0.0,0.0,0,0.0,0,3,1,-1.0,0,-0.1,0.9,,,75.0,202.0,25.810166666666664,3.0,Illinois,2016.0,2016.0,,,11.0,0.11111111
2019,4,00-0032626,G.Allison,WR,GB,PHI,0,0,0.0,0,0.0,0.0,0.0,1,7.0,0,4,3,52.0,1,11.9,14.9,,,75.0,202.0,25.810166666666664,3.0,Illinois,2016.0,2016.0,,,-7.0,0.08163265
2019,5,00-0032626,G.Allison,WR,GB,DAL,0,0,0.0,0,0.0,0.0,0.0,0,0.0,0,6,2,28.0,0,2.8,4.8,,,75.0,202.0,25.810166666666664,3.0,Illinois,2016.0,2016.0,,,,0.19354838
2019,6,00-0032626,G.Allison,WR,GB,DET,0,0,0.0,0,0.0,0.0,0.0,0,0.0,0,7,3,40.0,0,4.0,7.0,,,75.0,202.0,25.810166666666664,3.0,Illinois,2016.0,2016.0,,,1.0,0.18421052
2019,7,00-0032626,G.Allison,WR,GB,LV,0,0,0.0,0,0.0,0.0,0.0,0,0.0,0,5,4,33.0,0,3.3,7.3,,,75.0,202.0,25.810166666666664,3.0,Illinois,2016.0,2016.0,,,18.0,0.1724138
2019,8,00-0032626,G.Allison,WR,GB,KC,0,0,0.0,0,0.0,0.0,0.0,0,0.0,0,3,1,7.0,0,0.7,1.7,,,75.0,202.0,25.810166666666664,3.0,Illinois,2016.0,2016.0,,,,0.09677419
2019,9,00-0032626,G.Allison,WR,GB,LAC,0,0,0.0,0,0.0,0.0,0.0,0,0.0,0,2,2,21.0,0,2.1,4.1,,,75.0,202.0,25.810166666666664,3.0,Illinois,2016.0,2016.0,,,,0.05882353
2019,10,00-0032626,G.Allison,WR,GB,CAR,0,0,0.0,0,0.0,0.0,0.0,0,0.0,0,3,3,6.0,0,0.6,3.6,,,75.0,202.0,25.810166666666664,3.0,Illinois,2016.0,2016.0,,,8.0,0.11111111
2019,12,00-0032626,G.Allison,WR,GB,SF,0,0,0.0,0,0.0,0.0,0.0,0,0.0,0,4,3,9.0,0,0.9,3.9,,,75.0,202.0,25.810166666666664,3.0,Illinois,2016.0,2016.0,,,,0.11111111
2019,13,00-0032626,G.Allison,WR,GB,NYG,0,0,0.0,0,0.0,0.0,0.0,0,0.0,0,3,2,20.0,0,2.0,4.0,,,75.0,202.0,25.810166666666664,3.0,Illinois,2016.0,2016.0,,,,0.09090909
2019,14,00-0032626,G.Allison,WR,GB,WAS,0,0,0.0,0,0.0,0.0,0.0,0,0.0,0,1,1,11.0,0,1.1,2.1,,,75.0,202.0,25.810166666666664,3.0,Illinois,2016.0,2016.0,,,5.0,0.037037037
2019,15,00-0032626,G.Allison,WR,GB,CHI,0,0,0.0,0,0.0,0.0,0.0,0,0.0,0,4,2,19.0,0,1.9,3.9,,,75.0,202.0,25.810166666666664,3.0,Illinois,2016.0,2016.0,,,8.0,0.13333334
2019,16,00-0032626,G.Allison,WR,GB,MIN,0,0,0.0,0,0.0,0.0,0.0,0,0.0,0,2,0,0.0,0,2.0,2.0,,,75.0,202.0,25.810166666666664,3.0,Illinois,2016.0,2016.0,,,,0.05263158
2019,17,00-0032626,G.Allison,WR,GB,DET,0,0,0.0,0,0.0,0.0,0.0,0,0.0,0,4,3,17.0,0,1.7,4.7,,,75.0,202.0,25.810166666666664,3.0,Illinois,2016.0,2016.0,,,,0.074074075
2019,19,00-0032626,G.Allison,WR,GB,SEA,0,0,0.0,0,0.0,0.0,0.0,0,0.0,0,1,1,11.0,0,1.1,2.1,,,75.0,202.0,25.810166666666664,3.0,Illinois,2016.0,2016.0,,,5.0,0.045454547
2019,20,00-0032626,G.Allison,WR,GB,SF,0,0,0.0,0,0.0,0.0,0.0,0,0.0,0,3,2,8.0,0,0.8,2.8,,,75.0,202.0,25.810166666666664,3.0,Illinois,2016.0,2016.0,,,,0.08108108
2019,2,00-0032661,B.Braunecker,TE,CHI,DEN,0,0,0.0,0,0.0,0.0,0.0,0,0.0,0,3,2,24.0,0,2.4,4.4,,,75.0,247.0,25.738,3.0,Harvard,2016.0,2016.0,,,,0.11111111
2019,10,00-0032661,B.Braunecker,TE,CHI,DET,0,0,0.0,0,0.0,0.0,0.0,0,0.0,0,1,1,18.0,1,7.8,8.8,,,75.0,247.0,25.738,3.0,Harvard,2016.0,2016.0,,,7.0,0.04347826
2019,11,00-0032661,B.Braunecker,TE,CHI,LA,0,0,0.0,0,0.0,0.0,0.0,0,0.0,0,3,1,8.0,0,0.8,1.8,,,75.0,247.0,25.738,3.0,Harvard,2016.0,2016.0,,,,0.06666667
2019,12,00-0032661,B.Braunecker,TE,CHI,NYG,0,0,0.0,0,0.0,0.0,0.0,0,0.0,0,4,2,9.0,0,0.9,2.9,,,75.0,247.0,25.738,3.0,Harvard,2016.0,2016.0,,,5.0,0.09756097
2019,1,00-0032688,R.Chosen,WR,NYJ,BUF,0,0,0.0,0,0.0,0.0,0.0,0,0.0,0,7,3,23.0,0,2.3,5.3,,,75.0,190.0,26.49175,3.0,Temple,2016.0,2016.0,,,-1.0,0.17073171
2019,2,00-0032688,R.Chosen,WR,NYJ,CLE,0,0,0.0,0,0.0,0.0,0.0,0,0.0,0,6,4,81.0,0,8.1,12.1,,,75.0,190.0,26.49175,3.0,Temple,2016.0,2016.0,,,-20.0,0.2
2019,3,00-0032688,R.Chosen,WR,NYJ,NE,0,0,0.0,0,0.0,0.0,0.0,0,0.0,0,5,3,11.0,0,1.1,4.1,,,75.0,190.0,26.49175,3.0,Temple,2016.0,2016.0,,,,0.22727273
2019,5,00-0032688,R.Chosen,WR,NYJ,PHI,0,0,0.0,0,0.0,0.0,0.0,0,0.0,0,3,1,16.0,0,1.6,2.6,,,75.0,190.0,26.49175,3.0,Temple,2016.0,2016.0,,,,0.12
2019,6,00-0032688,R.Chosen,WR,NYJ,DAL,0,0,0.0,0,0.0,0.0,0.0,0,0.0,0,8,5,125.0,1,18.5,23.5,,,75.0,190.0,26.49175,3.0,Temple,2016.0,2016.0,,,2.0,0.26666668
2019,7,00-0032688,R.Chosen,WR,NYJ,NE,0,0,0.0,0,0.0,0.0,0.0,0,0.0,0,8,1,10.0,0,1.0,2.0,,,75.0,190.0,26.49175,3.0,Temple,2016.0,2016.0,,,-33.0,0.2580645
2019,8,00-0032688,R.Chosen,WR,NYJ,JAX,0,0,0.0,0,0.0,0.0,0.0,0,0.0,0,6,4,43.0,0,4.3,8.3,,,75.0,190.0,26.49175,3.0,Temple,2016.0,2016.0,,,,0.20689656
2019,9,00-0032688,R.Chosen,WR,NYJ,MIA,0,0,0.0,0,0.0,0.0,0.0,0,0.0,0,4,2,33.0,0,3.3,5.3,,,75.0,190.0,26.49175,3.0,Temple,2016.0,2016.0,,,,0.11111111
2019,10,00-0032688,R.Chosen,WR,NYJ,NYG,0,0,0.0,0,0.0,0.0,0.0,0,0.0,0,3,1,11.0,0,1.1,2.1,,,75.0,190.0,26.49175,3.0,Temple,2016.0,2016.0,,,7.0,0.11111111
2019,11,00-0032688,R.Chosen,WR,NYJ,WAS,0,0,0.0,0,0.0,0.0,0.0,0,0.0,0,3,1,6.0,1,6.6,7.6,,,75.0,190.0,26.49175,3.0,Temple,2016.0,2016.0,,,,0.10714286
2019,12,00-0032688,R.Chosen,WR,NYJ,LV,0,0,0.0,0,0.0,0.0,0.0,0,0.0,0,5,4,86.0,1,14.6,18.6,,,75.0,190.0,26.49175,3.0,Temple,2016.0,2016.0,,,31.0,0.1923077
2019,13,00-0032688,R.Chosen,WR,NYJ,CIN,0,0,0.0,0,0.0,0.0,0.0,0,0.0,0,10,7,101.0,0,10.1,17.1,,,75.0,190.0,26.49175,3.0,Temple,2016.0,2016.0,,,,0.22222222
2019,14,00-0032688,R.Chosen,WR,NYJ,MIA,0,0,0.0,0,0.0,0.0,0.0,1,4.0,0,11,7,117.0,1,18.1,25.1,,,75.0,190.0,26.49175,3.0,Temple,2016.0,2016.0,,,1.0,0.31428573
2019,15,00-0032688,R.Chosen,WR,NYJ,BAL,0,0,0.0,0,0.0,0.0,0.0,0,0.0,0,6,4,66.0,0,8.6,12.6,,,75.0,190.0,26.49175,3.0,Temple,2016.0,2016.0,,,,0.20689656
2019,16,00-0032688,R.Chosen,WR,NYJ,PIT,0,0,0.0,0,0.0,0.0,0.0,0,0.0,0,4,2,32.0,1,9.2,11.2,,,75.0,190.0,26.49175,3.0,Temple,2016.0,2016.0,,,6.0,0.16
2019,17,00-0032688,R.Chosen,WR,NYJ,BUF,0,0,0.0,0,0.0,0.0,0.0,0,0.0,0,7,3,18.0,0,1.8,4.8,,,75.0,190.0,26.49175,3.0,Temple,2016.0,2016.0,,,,0.21212122
2019,11,00-0032728,Te.Jones,WR,PIT,CLE,0,0,0.0,0,0.0,0.0,0.0,0,0.0,0,4,2,24.0,0,2.4,4.4,,,74.0,225.0,26.855125,3.0,Memphis,2016.0,2016.0,,,,0.093023255
2019,12,00-0032728,Te.Jones,WR,PIT,CIN,0,0,0.0,0,0.0,0.0,0.0,0,0.0,0,3,1,9.0,0,0.9,1.9,,,74.0,225.0,26.855125,3.0,Memphis,2016.0,2016.0,,,,0.13636364
2019,13,00-0032728,Te.Jones,WR,PIT,CLE,0,0,0.0,0,0.0,0.0,0.0,0,0.0,0,1,1,28.0,0,2.8,3.8,,,74.0,225.0,26.855125,3.0,Memphis,2016.0,2016.0,,,7.0,0.055555556
2019,15,00-0032728,Te.Jones,WR,PIT,BUF,0,0,0.0,0,0.0,0.0,0.0,0,0.0,0,2,0,0.0,0,0.0,0.0,,,74.0,225.0,26.855125,3.0,Memphis,2016.0,2016.0,,,-7.0,0.055555556
2019,1,00-0032741,P.Barber,RB,TB,SF,0,0,0.0,0,0.0,0.0,0.0,8,33.0,0,4,2,12.0,0,4.5,6.5,,,71.0,225.0,25.68275,3.0,Auburn,2016.0,2016.0,,,-14.0,0.11764706
2019,2,00-0032741,P.Barber,RB,TB,CAR,0,0,0.0,0,0.0,0.0,0.0,23,82.0,1,1,1,7.0,0,14.9,15.9,,,71.0,225.0,25.68275,3.0,Auburn,2016.0,2016.0,,,,0.04
2019,3,00-0032741,P.Barber,RB,TB,NYG,0,0,0.0,0,0.0,0.0,0.0,13,48.0,0,2,2,7.0,0,5.5,7.5,,,71.0,225.0,25.68275,3.0,Auburn,2016.0,2016.0,,,-1.0,0.055555556
2019,4,00-0032741,P.Barber,RB,TB,LA,0,0,0.0,0,0.0,0.0,0.0,9,19.0,1,1,0,0.0,0,7.9,7.9,,,71.0,225.0,25.68275,3.0,Auburn,2016.0,2016.0,,,,0.025
2019,5,00-0032741,P.Barber,RB,TB,NO,0,0,0.0,0,0.0,0.0,0.0,8,32.0,1,1,1,-1.0,0,9.1,10.1,,,71.0,225.0,25.68275,3.0,Auburn,2016.0,2016.0,,,,0.03846154
2019,6,00-0032741,P.Barber,RB,TB,CAR,0,0,0.0,0,0.0,0.0,0.0,8,28.0,0,0,0,0.0,0,2.8,2.8,,,71.0,225.0,25.68275,3.0,Auburn,2016.0,2016.0,,,-11.0,
2019,8,00-0032741,P.Barber,RB,TB,TEN,0,0,0.0,0,0.0,0.0,0.0,10,20.0,0,3,1,8.0,0,2.8,3.8,,,71.0,225.0,25.68275,3.0,Auburn,2016.0,2016.0,,,,0.07317073
2019,9,00-0032741,P.Barber,RB,TB,SEA,0,0,0.0,0,0.0,0.0,0.0,4,15.0,0,0,0,0.0,0,1.5,1.5,,,71.0,225.0,25.68275,3.0,Auburn,2016.0,2016.0,,,,
2019,10,00-0032741,P.Barber,RB,TB,ARI,0,0,0.0,0,0.0,0.0,0.0,11,43.0,1,1,1,4.0,0,10.7,11.7,,,71.0,225.0,25.68275,3.0,Auburn,2016.0,2016.0,,,3.0,0.022222223
2019,11,00-0032741,P.Barber,RB,TB,NO,0,0,0.0,0,0.0,0.0,0.0,0,0.0,0,2,2,11.0,1,7.1,9.1,,,71.0,225.0,25.68275,3.0,Auburn,2016.0,2016.0,,,-17.0,0.040816326
2019,12,00-0032741,P.Barber,RB,TB,ATL,0,0,0.0,0,0.0,0.0,0.0,11,32.0,0,1,0,0.0,0,3.2,3.2,,,71.0,225.0,25.68275,3.0,Auburn,2016.0,2016.0,,,,0.037037037
2019,13,00-0032741,P.Barber,RB,TB,JAX,0,0,0.0,0,0.0,0.0,0.0,17,44.0,2,0,0,0.0,0,18.4,18.4,,,71.0,225.0,25.68275,3.0,Auburn,2016.0,2016.0,,,,
2019,14,00-0032741,P.Barber,RB,TB,IND,0,0,0.0,0,0.0,0.0,0.0,11,34.0,0,2,2,19.0,0,5.3,7.3,,,71.0,225.0,25.68275,3.0,Auburn,2016.0,2016.0,,,3.0,0.044444446
2019,15,00-0032741,P.Barber,RB,TB,DET,0,0,0.0,0,0.0,0.0,0.0,10,17.0,0,2,2,23.0,0,4.0,6.0,,,71.0,225.0,25.68275,3.0,Auburn,2016.0,2016.0,,,,0.048780486
2019,16,00-0032741,P.Barber,RB,TB,HOU,0,0,0.0,0,0.0,0.0,0.0,5,13.0,0,0,0,0.0,0,-0.7,-0.7,,,71.0,225.0,25.68275,3.0,Auburn,2016.0,2016.0,,,-3.0,
2019,17,00-0032741,P.Barber,RB,TB,ATL,0,0,0.0,0,0.0,0.0,0.0,6,10.0,0,4,2,25.0,0,3.5,5.5,,,71.0,225.0,25.68275,3.0,Auburn,2016.0,2016.0,,,-6.0,0.17391305
2019,1,00-0032764,D.Henry,RB,TEN,CLE,0,0,0.0,0,0.0,0.0,0.0,19,84.0,1,2,1,75.0,1,27.9,28.9,,,75.0,247.0,25.856526315789473,3.0,Alabama,2016.0,2016.0,TEN,45.0,,0.083333336
2019,2,00-0032764,D.Henry,RB,TEN,IND,0,0,0.0,0,0.0,0.0,0.0,15,82.0,1,3,2,12.0,0,15.4,17.4,,,75.0,247.0,25.856526315789473,3.0,Alabama,2016.0,2016.0,TEN,45.0,-2.0,0.115384616
2019,3,00-0032764,D.Henry,RB,TEN,JAX,0,0,0.0,0,0.0,0.0,0.0,17,44.0,1,2,1,2.0,0,10.6,11.6,,,75.0,247.0,25.856526315789473,3.0,Alabama,2016.0,2016.0,TEN,45.0,,0.05263158
2019,4,00-0032764,D.Henry,RB,TEN,ATL,0,0,0.0,0,0.0,0.0,0.0,27,100.0,0,1,1,8.0,0,10.8,11.8,,,75.0,247.0,25.856526315789473,3.0,Alabama,2016.0,2016.0,TEN,45.0,,0.045454547
2019,5,00-0032764,D.Henry,RB,TEN,BUF,0,0,0.0,0,0.0,0.0,0.0,20,78.0,1,0,0,0.0,0,13.8,13.8,,,75.0,247.0,25.856526315789473,3.0,Alabama,2016.0,2016.0,TEN,45.0,-7.0,
2019,6,00-0032764,D.Henry,RB,TEN,DEN,0,0,0.0,0,0.0,0.0,0.0,15,28.0,0,3,1,5.0,0,3.3,4.3,,,75.0,247.0,25.856526315789473,3.0,Alabama,2016.0,2016.0,TEN,45.0,,0.09375
2019,7,00-0032764,D.Henry,RB,TEN,LAC,0,0,0.0,0,0.0,0.0,0.0,22,90.0,1,1,1,18.0,0,16.8,17.8,,,75.0,247.0,25.856526315789473,3.0,Alabama,2016.0,2016.0,TEN,45.0,3.0,0.03448276
2019,8,00-0032764,D.Henry,RB,TEN,TB,0,0,0.0,0,0.0,0.0,0.0,16,75.0,0,1,1,8.0,0,6.3,7.3,,,75.0,247.0,25.856526315789473,3.0,Alabama,2016.0,2016.0,TEN,45.0,4.0,0.030303031
2019,9,00-0032764,D.Henry,RB,TEN,CAR,0,0,0.0,0,0.0,0.0,0.0,13,63.0,1,3,3,36.0,1,21.9,24.9,,,75.0,247.0,25.856526315789473,3.0,Alabama,2016.0,2016.0,TEN,45.0,,0.08108108
2019,10,00-0032764,D.Henry,RB,TEN,KC,0,0,0.0,0,0.0,0.0,0.0,23,188.0,2,2,2,3.0,0,31.1,33.1,,,75.0,247.0,25.856526315789473,3.0,Alabama,2016.0,2016.0,TEN,45.0,3.0,0.10526316
2019,12,00-0032764,D.Henry,RB,TEN,JAX,0,0,0.0,0,0.0,0.0,0.0,19,159.0,2,1,1,16.0,0,27.5,28.5,,,75.0,247.0,25.856526315789473,3.0,Alabama,2016.0,2016.0,TEN,45.0,22.0,0.05882353
2019,13,00-0032764,D.Henry,RB,TEN,IND,0,0,0.0,0,0.0,0.0,0.0,26,149.0,1,3,3,17.0,0,20.6,23.6,,,75.0,247.0,25.856526315789473,3.0,Alabama,2016.0,2016.0,TEN,45.0,,0.14285715
2019,14,00-0032764,D.Henry,RB,TEN,LV,0,0,0.0,0,0.0,0.0,0.0,18,103.0,2,1,1,6.0,0,22.9,23.9,,,75.0,247.0,25.856526315789473,3.0,Alabama,2016.0,2016.0,TEN,45.0,,0.037037037
2019,15,00-0032764,D.Henry,RB,TEN,HOU,0,0,0.0,0,0.0,0.0,0.0,21,86.0,0,1,0,0.0,0,8.6,8.6,,,75.0,247.0,25.856526315789473,3.0,Alabama,2016.0,2016.0,TEN,45.0,-3.0,0.027777778
2019,17,00-0032764,D.Henry,RB,TEN,HOU,0,0,0.0,0,0.0,0.0,0.0,32,211.0,3,0,0,0.0,0,39.1,39.1,,,75.0,247.0,25.856526315789473,3.0,Alabama,2016.0,2016.0,TEN,45.0,,
2019,18,00-0032764,D.Henry,RB,TEN,NE,0,0,0.0,0,0.0,0.0,0.0,34,182.0,1,1,1,22.0,0,26.4,27.4,,,75.0,247.0,25.856526315789473,3.0,Alabama,2016.0,2016.0,TEN,45.0,,0.06666667
2019,19,00-0032764,D.Henry,RB,TEN,BAL,1,1,3.0,1,0.0,0.0,-0.0,30,195.0,0,2,2,7.0,0,24.32,26.32,,,75.0,247.0,25.856526315789473,3.0,Alabama,2016.0,2016.0,TEN,45.0,,0.13333334
2019,20,00-0032764,D.Henry,RB,TEN,KC,0,0,0.0,0,0.0,0.0,0.0,19,69.0,1,2,2,-8.0,0,12.1,14.1,,,75.0,247.0,25.856526315789473,3.0,Alabama,2016.0,2016.0,TEN,45.0,,0.0625
2019,1,00-0032765,M.Thomas,WR,NO,HOU,0,0,0.0,0,0.0,0.0,0.0,0,0.0,0,13,10,123.0,0,12.3,22.3,,,75.0,212.0,26.679470588235294,3.0,Ohio State,2016.0,2016.0,NO,47.0,2.0,0.33333334
2019,2,00-0032765,M.Thomas,WR,NO,LA,0,0,0.0,0,0.0,0.0,0.0,0,0.0,0,13,10,89.0,0,8.9,18.9,,,75.0,212.0,26.679470588235294,3.0,Ohio State,2016.0,2016.0,NO,47.0,,0.40625
2019,3,00-0032765,M.Thomas,WR,NO,SEA,0,0,0.0,0,0.0,0.0,0.0,0,0.0,0,7,5,54.0,1,11.4,16.4,,,75.0,212.0,26.679470588235294,3.0,Ohio State,2016.0,2016.0,NO,47.0,,0.25925925
2019,4,00-0032765,M.Thomas,WR,NO,DAL,0,0,0.0,0,0.0,0.0,0.0,0,0.0,0,9,9,95.0,0,9.5,18.5,,,75.0,212.0,26.679470588235294,3.0,Ohio State,2016.0,2016.0,NO,47.0,2.0,0.3
2019,5,00-0032765,M.Thomas,WR,NO,TB,0,0,0.0,0,0.0,0.0,0.0,0,0.0,0,13,11,182.0,2,30.2,41.2,,,75.0,212.0,26.679470588235294,3.0,Ohio State,2016.0,2016.0,NO,47.0,7.0,0.38235295
2019,6,00-0032765,M.Thomas,WR,NO,JAX,0,0,0.0,0,0.0,0.0,0.0,0,0.0,0,12,8,89.0,0,8.9,16.9,,,75.0,212.0,26.679470588235294,3.0,Ohio State,2016.0,2016.0,NO,47.0,,0.3529412
2019,7,00-0032765,M.Thomas,WR,NO,CHI,0,0,0.0,0,0.0,0.0,0.0,0,0.0,0,11,9,131.0,0,13.1,22.1,,,75.0,212.0,26.679470588235294,3.0,Ohio State,2016.0,2016.0,NO,47.0,,0.30555555
2019,8,00-0032765,M.Thomas,WR,NO,ARI,0,0,0.0,0,0.0,0.0,0.0,1,-9.0,0,11,11,112.0,1,16.3,27.3,,,75.0,212.0,26.679470588235294,3.0,Ohio State,2016.0,2016.0,NO,47.0,22.0,0.25581396
2019,10,00-0032765,M.Thomas,WR,NO,ATL,0,0,0.0,0,0.0,0.0,0.0,0,0.0,0,14,13,152.0,0,15.2,28.2,,,75.0,212.0,26.679470588235294,3.0,Ohio State,2016.0,2016.0,NO,47.0,-17.0,0.3181818
2019,11,00-0032765,M.Thomas,WR,NO,TB,0,0,0.0,0,0.0,0.0,0.0,0,0.0,0,10,8,114.0,1,17.4,25.4,,,75.0,212.0,26.679470588235294,3.0,Ohio State,2016.0,2016.0,NO,47.0,,0.29411766
2019,12,00-0032765,M.Thomas,WR,NO,CAR,0,0,0.0,0,0.0,0.0,0.0,0,0.0,0,11,10,101.0,1,16.1,26.1,,,75.0,212.0,26.679470588235294,3.0,Ohio State,2016.0,2016.0,NO,47.0,3.0,0.28947368
2019,13,00-0032765,M.Thomas,WR,NO,ATL,0,0,0.0,0,0.0,0.0,0.0,0,0.0,0,8,6,48.0,0,4.8,10.8,,,75.0,212.0,26.679470588235294,3.0,Ohio State,2016.0,2016.0,NO,47.0,,0.27586207
2019,14,00-0032765,M.Thomas,WR,NO,SF,0,0,0.0,0,0.0,0.0,0.0,0,0.0,0,15,11,134.0,1,19.4,30.4,,,75.0,212.0,26.679470588235294,3.0,Ohio State,2016.0,2016.0,NO,47.0,-2.0,0.36585367
2019,15,00-0032765,M.Thomas,WR,NO,IND,0,0,0.0,0,0.0,0.0,0.0,0,0.0,0,12,12,128.0,1,18.8,30.8,,,75.0,212.0,26.679470588235294,3.0,Ohio State,2016.0,2016.0,NO,47.0,27.0,0.4
2019,16,00-0032765,M.Thomas,WR,NO,TEN,0,0,0.0,0,0.0,0.0,0.0,0,0.0,0,17,12,136.0,1,19.6,31.6,,,75.0,212.0,26.679470588235294,3.0,Ohio State,2016.0,2016.0,NO,47.0,,0.43589744
2019,17,00-0032765,M.Thomas,WR,NO,CAR,0,0,0.0,0,0.0,0.0,0.0,0,0.0,0,9,4,37.0,0,3.7,7.7,,,75.0,212.0,26.679470588235294,3.0,Ohio State,2016.0,2016.0,NO,47.0,,0.31034482
2019,18,00-0032765,M.Thomas,WR,NO,MIN,0,0,0.0,0,0.0,0.0,0.0,0,0.0,0,8,7,70.0,0,7.0,14.0,,,75.0,212.0,26.679470588235294,3.0,Ohio State,2016.0,2016.0,NO,47.0,-6.0,0.24242425
2019,1,00-0032775,D.Robinson,WR,KC,JAX,0,0,0.0,0,0.0,0.0,0.0,0,0.0,0,2,1,0.0,0,0.0,1.0,,,73.0,203.0,25.148,3.0,Florida,2016.0,2016.0,KC,126.0,,0.05882353
2019,2,00-0032775,D.Robinson,WR,KC,LV,0,0,0.0,0,0.0,0.0,0.0,0,0.0,0,6,6,172.0,2,29.2,35.2,,,73.0,203.0,25.148,3.0,Florida,2016.0,2016.0,KC,126.0,,0.13636364
2019,3,00-0032775,D.Robinson,WR,KC,BAL,0,0,0.0,0,0.0,0.0,0.0,0,0.0,0,4,3,43.0,1,10.3,13.3,,,73.0,203.0,25.148,3.0,Florida,2016.0,2016.0,KC,126.0,5.0,0.114285715
2019,4,00-0032775,D.Robinson,WR,KC,DET,0,0,0.0,0,0.0,0.0,0.0,0,0.0,0,9,4,35.0,0,3.5,7.5,,,73.0,203.0,25.148,3.0,Florida,2016.0,2016.0,KC,126.0,,0.23076923
2019,5,00-0032775,D.Robinson,WR,KC,IND,0,0,0.0,0,0.0,0.0,0.0,0,0.0,0,6,3,31.0,0,3.1,6.1,,,73.0,203.0,25.148,3.0,Florida,2016.0,2016.0,KC,126.0,-6.0,0.16216215
2019,6,00-0032775,D.Robinson,WR,KC,HOU,0,0,0.0,0,0.0,0.0,0.0,0,0.0,0,4,0,0.0,0,0.0,0.0,,,73.0,203.0,25.148,3.0,Florida,2016.0,2016.0,KC,126.0,-7.0,0.114285715
2019,7,00-0032775,D.Robinson,WR,KC,DEN,0,0,0.0,0,0.0,0.0,0.0,0,0.0,0,5,3,31.0,0,3.1,6.1,,,73.0,203.0,25.148,3.0,Florida,2016.0,2016.0,KC,126.0,,0.1724138
2019,8,00-0032775,D.Robinson,WR,KC,GB,0,0,0.0,0,0.0,0.0,0.0,0,0.0,0,2,2,6.0,0,0.6,2.6,,,73.0,203.0,25.148,3.0,Florida,2016.0,2016.0,KC,126.0,-7.0,0.057142857
2019,9,00-0032775,D.Robinson,WR,KC,MIN,0,0,0.0,0,0.0,0.0,0.0,0,0.0,0,2,1,5.0,0,0.5,1.5,,,73.0,203.0,25.148,3.0,Florida,2016.0,2016.0,KC,126.0,3.0,0.05882353
2019,10,00-0032775,D.Robinson,WR,KC,TEN,0,0,0.0,0,0.0,0.0,0.0,0,0.0,0,5,4,56.0,0,5.6,9.6,,,73.0,203.0,25.148,3.0,Florida,2016.0,2016.0,KC,126.0,,0.10204082
2019,11,00-0032775,D.Robinson,WR,KC,LAC,0,0,0.0,0,0.0,0.0,0.0,0,0.0,0,1,0,0.0,0,0.0,0.0,,,73.0,203.0,25.148,3.0,Florida,2016.0,2016.0,KC,126.0,,0.03125
2019,14,00-0032775,D.Robinson,WR,KC,NE,0,0,0.0,0,0.0,0.0,0.0,0,0.0,0,2,1,12.0,0,1.2,2.2,,,73.0,203.0,25.148,3.0,Florida,2016.0,2016.0,KC,126.0,,0.051282052
2019,15,00-0032775,D.Robinson,WR,KC,DEN,0,0,0.0,0,0.0,0.0,0.0,0,0.0,0,3,2,21.0,0,2.1,4.1,,,73.0,203.0,25.148,3.0,Florida,2016.0,2016.0,KC,126.0,20.0,0.0882353
2019,16,00-0032775,D.Robinson,WR,KC,CHI,0,0,0.0,0,0.0,0.0,0.0,0,0.0,0,2,1,13.0,0,1.3,2.3,,,73.0,203.0,25.148,3.0,Florida,2016.0,2016.0,KC,126.0,,0.06666667
2019,17,00-0032775,D.Robinson,WR,KC,LAC,0,0,0.0,0,0.0,0.0,0.0,0,0.0,0,2,1,24.0,1,8.4,9.4,,,73.0,203.0,25.148,3.0,Florida,2016.0,2016.0,KC,126.0,10.0,0.08
2019,19,00-0032775,D.Robinson,WR,KC,HOU,0,0,0.0,0,0.0,0.0,0.0,0,0.0,0,4,1,4.0,0,0.4,1.4,,,73.0,203.0,25.148,3.0,Florida,2016.0,2016.0,KC,126.0,20.0,0.114285715
2019,20,00-0032775,D.Robinson,WR,KC,TEN,0,0,0.0,0,0.0,0.0,0.0,0,0.0,0,2,2,31.0,0,3.1,5.1,,,73.0,203.0,25.148,3.0,Florida,2016.0,2016.0,KC,126.0,11.0,0.0625
2019,1,00-0032778,T.Sharpe,WR,TEN,CLE,0,0,0.0,0,0.0,0.0,0.0,0,0.0,0,2,0,0.0,0,0.0,0.0,,,74.0,194.0,24.889894736842106,3.0,Massachusetts,2016.0,2016.0,TEN,140.0,,0.083333336
2019,2,00-0032778,T.Sharpe,WR,TEN,IND,0,0,0.0,0,0.0,0.0,0.0,0,0.0,0,2,2,24.0,0,2.4,4.4,,,74.0,194.0,24.889894736842106,3.0,Massachusetts,2016.0,2016.0,TEN,140.0,-2.0,0.07692308
2019,3,00-0032778,T.Sharpe,WR,TEN,JAX,0,0,0.0,0,0.0,0.0,0.0,0,0.0,0,3,2,70.0,0,7.0,9.0,,,74.0,194.0,24.889894736842106,3.0,Massachusetts,2016.0,2016.0,TEN,140.0,,0.078947365
2019,5,00-0032778,T.Sharpe,WR,TEN,BUF,0,0,0.0,0,0.0,0.0,0.0,0,0.0,0,1,1,12.0,0,1.2,2.2,,,74.0,194.0,24.889894736842106,3.0,Massachusetts,2016.0,2016.0,TEN,140.0,-7.0,0.04761905
2019,6,00-0032778,T.Sharpe,WR,TEN,DEN,0,0,0.0,0,0.0,0.0,0.0,0,0.0,0,2,0,0.0,0,0.0,0.0,,,74.0,194.0,24.889894736842106,3.0,Massachusetts,2016.0,2016.0,TEN,140.0,,0.0625
2019,7,00-0032778,T.Sharpe,WR,TEN,LAC,0,0,0.0,0,0.0,0.0,0.0,0,0.0,0,3,2,19.0,1,7.9,9.9,,,74.0,194.0,24.889894736842106,3.0,Massachusetts,2016.0,2016.0,TEN,140.0,3.0,0.10344828
2019,8,00-0032778,T.Sharpe,WR,TEN,TB,0,0,0.0,0,0.0,0.0,0.0,0,0.0,0,3,3,18.0,1,7.8,10.8,,,74.0,194.0,24.889894736842106,3.0,Massachusetts,2016.0,2016.0,TEN,140.0,4.0,0.09090909
2019,9,00-0032778,T.Sharpe,WR,TEN,CAR,0,0,0.0,0,0.0,0.0,0.0,0,0.0,0,4,2,31.0,0,3.1,5.1,,,74.0,194.0,24.889894736842106,3.0,Massachusetts,2016.0,2016.0,TEN,140.0,,0.10810811
2019,10,00-0032778,T.Sharpe,WR,TEN,KC,0,0,0.0,0,0.0,0.0,0.0,0,0.0,0,1,1,20.0,0,2.0,3.0,,,74.0,194.0,24.889894736842106,3.0,Massachusetts,2016.0,2016.0,TEN,140.0,3.0,0.05263158
2019,14,00-0032778,T.Sharpe,WR,TEN,LV,0,0,0.0,0,0.0,0.0,0.0,0,0.0,0,4,4,25.0,0,2.5,6.5,,,74.0,194.0,24.889894736842106,3.0,Massachusetts,2016.0,2016.0,TEN,140.0,,0.14814815
2019,15,00-0032778,T.Sharpe,WR,TEN,HOU,0,0,0.0,0,0.0,0.0,0.0,0,0.0,0,2,2,28.0,0,2.8,4.8,,,74.0,194.0,24.889894736842106,3.0,Massachusetts,2016.0,2016.0,TEN,140.0,-3.0,0.055555556
2019,16,00-0032778,T.Sharpe,WR,TEN,NO,0,0,0.0,0,0.0,0.0,0.0,0,0.0,0,6,5,69.0,2,18.9,23.9,,,74.0,194.0,24.889894736842106,3.0,Massachusetts,2016.0,2016.0,TEN,140.0,-10.0,0.24
2019,17,00-0032778,T.Sharpe,WR,TEN,HOU,0,0,0.0,0,0.0,0.0,0.0,0,0.0,0,2,1,13.0,0,1.3,2.3,,,74.0,194.0,24.889894736842106,3.0,Massachusetts,2016.0,2016.0,TEN,140.0,,0.0952381
2019,18,00-0032778,T.Sharpe,WR,TEN,NE,0,0,0.0,0,0.0,0.0,0.0,0,0.0,0,3,1,6.0,0,0.6,1.6,,,74.0,194.0,24.889894736842106,3.0,Massachusetts,2016.0,2016.0,TEN,140.0,,0.2
2019,19,00-0032778,T.Sharpe,WR,TEN,BAL,0,0,0.0,0,0.0,0.0,0.0,0,0.0,0,2,0,0.0,0,0.0,0.0,,,74.0,194.0,24.889894736842106,3.0,Massachusetts,2016.0,2016.0,TEN,140.0,,0.13333334
2019,20,00-0032778,T.Sharpe,WR,TEN,KC,0,0,0.0,0,0.0,0.0,0.0,0,0.0,0,1,0,0.0,0,0.0,0.0,,,74.0,194.0,24.889894736842106,3.0,Massachusetts,2016.0,2016.0,TEN,140.0,,0.03125
2019,1,00-0032780,J.Howard,RB,PHI,WAS,0,0,0.0,0,0.0,0.0,0.0,6,44.0,0,3,2,11.0,0,5.5,7.5,,,72.0,224.0,25.010823529411763,3.0,Indiana,2016.0,2016.0,CHI,150.0,5.0,0.07692308
2019,2,00-0032780,J.Howard,RB,PHI,ATL,0,0,0.0,0,0.0,0.0,0.0,8,18.0,0,1,1,8.0,0,2.6,3.6,,,72.0,224.0,25.010823529411763,3.0,Indiana,2016.0,2016.0,CHI,150.0,,0.021276595
2019,3,00-0032780,J.Howard,RB,PHI,DET,0,0,0.0,0,0.0,0.0,0.0,11,37.0,1,1,0,0.0,0,9.7,9.7,,,72.0,224.0,25.010823529411763,3.0,Indiana,2016.0,2016.0,CHI,150.0,-3.0,0.027777778
2019,4,00-0032780,J.Howard,RB,PHI,GB,0,0,0.0,0,0.0,0.0,0.0,15,87.0,2,4,3,28.0,1,29.5,32.5,,,72.0,224.0,25.010823529411763,3.0,Indiana,2016.0,2016.0,CHI,150.0,,0.14814815
2019,5,00-0032780,J.Howard,RB,PHI,NYJ,0,0,0.0,0,0.0,0.0,0.0,13,62.0,1,0,0,0.0,0,12.2,12.2,,,72.0,224.0,25.010823529411763,3.0,Indiana,2016.0,2016.0,CHI,150.0,25.0,
2019,6,00-0032780,J.Howard,RB,PHI,MIN,0,0,0.0,0,0.0,0.0,0.0,13,49.0,0,0,0,0.0,0,4.9,4.9,,,72.0,224.0,25.010823529411763,3.0,Indiana,2016.0,2016.0,CHI,150.0,,
2019,7,00-0032780,J.Howard,RB,PHI,DAL,0,0,0.0,0,0.0,0.0,0.0,11,50.0,0,2,2,6.0,0,5.6,7.6,,,72.0,224.0,25.010823529411763,3.0,Indiana,2016.0,2016.0,CHI,150.0,,0.08
2019,8,00-0032780,J.Howard,RB,PHI,BUF,0,0,0.0,0,0.0,0.0,0.0,23,96.0,1,2,1,15.0,0,17.1,18.1,,,72.0,224.0,25.010823529411763,3.0,Indiana,2016.0,2016.0,CHI,150.0,,0.083333336
2019,9,00-0032780,J.Howard,RB,PHI,CHI,0,0,0.0,0,0.0,0.0,0.0,19,82.0,1,1,1,1.0,0,14.3,15.3,,,72.0,224.0,25.010823529411763,3.0,Indiana,2016.0,2016.0,CHI,150.0,8.0,0.025641026
2019,2,00-0032782,W.Smallwood,RB,WAS,DAL,0,0,0.0,0,0.0,0.0,0.0,1,4.0,0,2,2,9.0,0,1.3,3.3,,,70.0,208.0,25.7835625,3.0,West Virginia,2016.0,2016.0,PHI,153.0,-10.0,0.054054055
2019,4,00-0032782,W.Smallwood,RB,WAS,NYG,0,0,0.0,0,0.0,0.0,0.0,0,0.0,0,1,1,14.0,0,1.4,2.4,,,70.0,208.0,25.7835625,3.0,West Virginia,2016.0,2016.0,PHI,153.0,,0.03846154
2019,5,00-0032782,W.Smallwood,RB,WAS,NE,0,0,0.0,0,0.0,0.0,0.0,6,27.0,0,0,0,0.0,0,2.7,2.7,,,70.0,208.0,25.7835625,3.0,West Virginia,2016.0,2016.0,PHI,153.0,-26.0,
2019,6,00-0032782,W.Smallwood,RB,WAS,MIA,0,0,0.0,0,0.0,0.0,0.0,1,4.0,0,0,0,0.0,0,0.4,0.4,,,70.0,208.0,25.7835625,3.0,West Virginia,2016.0,2016.0,PHI,153.0,,
2019,7,00-0032782,W.Smallwood,RB,WAS,SF,0,0,0.0,0,0.0,0.0,0.0,5,23.0,0,1,1,18.0,0,4.1,5.1,,,70.0,208.0,25.7835625,3.0,West Virginia,2016.0,2016.0,PHI,153.0,-9.0,0.083333336
2019,8,00-0032782,W.Smallwood,RB,WAS,MIN,0,0,0.0,0,0.0,0.0,0.0,2,9.0,0,2,1,11.0,0,2.0,3.0,,,70.0,208.0,25.7835625,3.0,West Virginia,2016.0,2016.0,PHI,153.0,,0.0952381
2019,9,00-0032782,W.Smallwood,RB,WAS,BUF,0,0,0.0,0,0.0,0.0,0.0,2,5.0,0,3,2,-2.0,0,0.3,2.3,,,70.0,208.0,25.7835625,3.0,West Virginia,2016.0,2016.0,PHI,153.0,,0.13636364
2019,11,00-0032782,W.Smallwood,RB,WAS,NYJ,0,0,0.0,0,0.0,0.0,0.0,0,0.0,0,3,1,11.0,0,1.1,2.1,,,70.0,208.0,25.7835625,3.0,West Virginia,2016.0,2016.0,PHI,153.0,-17.0,0.09375
2019,12,00-0032782,W.Smallwood,RB,WAS,DET,0,0,0.0,0,0.0,0.0,0.0,0,0.0,0,1,1,3.0,0,0.3,1.3,,,70.0,208.0,25.7835625,3.0,West Virginia,2016.0,2016.0,PHI,153.0,3.0,0.03448276
2019,14,00-0032782,W.Smallwood,RB,WAS,GB,0,0,0.0,0,0.0,0.0,0.0,2,4.0,0,0,0,0.0,0,0.4,0.4,,,70.0,208.0,25.7835625,3.0,West Virginia,2016.0,2016.0,PHI,153.0,,
2019,17,00-0032782,W.Smallwood,RB,WAS,DAL,0,0,0.0,0,0.0,0.0,0.0,3,5.0,0,0,0,0.0,0,0.5,0.5,,,70.0,208.0,25.7835625,3.0,West Virginia,2016.0,2016.0,PHI,153.0,,
2019,1,00-0032791,J.Grant,WR,MIA,BAL,0,0,0.0,0,0.0,0.0,0.0,0,0.0,0,4,1,-3.0,0,-0.3,0.7,,,67.0,169.0,27.013875,3.0,Texas Tech,2016.0,2016.0,MIA,186.0,-49.0,0.125
2019,2,00-0032791,J.Grant,WR,MIA,NE,0,0,0.0,0,0.0,0.0,0.0,1,-4.0,0,7,3,22.0,0,1.8,4.8,,,67.0,169.0,27.013875,3.0,Texas Tech,2016.0,2016.0,MIA,186.0,-43.0,0.17948718
2019,3,00-0032791,J.Grant,WR,MIA,DAL,0,0,0.0,0,0.0,0.0,0.0,1,4.0,0,7,4,27.0,0,3.1,7.1,,,67.0,169.0,27.013875,3.0,Texas Tech,2016.0,2016.0,MIA,186.0,,0.17073171
2019,4,00-0032791,J.Grant,WR,MIA,LAC,0,0,0.0,0,0.0,0.0,0.0,1,-2.0,0,1,1,6.0,0,0.4,1.4,,,67.0,169.0,27.013875,3.0,Texas Tech,2016.0,2016.0,MIA,186.0,-20.0,0.041666668
2019,8,00-0032791,J.Grant,WR,MIA,PIT,0,0,0.0,0,0.0,0.0,0.0,0,0.0,0,3,2,32.0,0,3.2,5.2,,,67.0,169.0,27.013875,3.0,Texas Tech,2016.0,2016.0,MIA,186.0,,0.09090909
2019,9,00-0032791,J.Grant,WR,MIA,NYJ,0,0,0.0,0,0.0,0.0,0.0,0,0.0,0,5,3,33.0,0,3.3,6.3,,,67.0,169.0,27.013875,3.0,Texas Tech,2016.0,2016.0,MIA,186.0,8.0,0.1388889
2019,10,00-0032791,J.Grant,WR,MIA,IND,0,0,0.0,0,0.0,0.0,0.0,0,0.0,0,2,2,15.0,0,1.5,3.5,,,67.0,169.0,27.013875,3.0,Texas Tech,2016.0,2016.0,MIA,186.0,,0.060606062
2019,11,00-0032791,J.Grant,WR,MIA,BUF,0,0,0.0,0,0.0,0.0,0.0,1,7.0,1,3,3,32.0,0,15.9,18.9,,,67.0,169.0,27.013875,3.0,Texas Tech,2016.0,2016.0,MIA,186.0,-17.0,0.06818182
2019,12,00-0032791,J.Grant,WR,MIA,CLE,0,0,0.0,0,0.0,0.0,0.0,0,0.0,0,1,0,0.0,0,0.0,0.0,,,67.0,169.0,27.013875,3.0,Texas Tech,2016.0,2016.0,MIA,186.0,,0.02631579
2019,3,00-0032794,D.Vitale,FB,GB,DEN,0,0,0.0,0,0.0,0.0,0.0,0,0.0,0,1,1,27.0,0,2.7,3.7,,,72.0,239.0,26.04011111111111,3.0,Northwestern,2016.0,2016.0,TB,197.0,11.0,0.037037037
2019,4,00-0032794,D.Vitale,FB,GB,PHI,0,0,0.0,0,0.0,0.0,0.0,1,3.0,0,3,2,15.0,0,1.8,3.8,,,72.0,239.0,26.04011111111111,3.0,Northwestern,2016.0,2016.0,TB,197.0,-7.0,0.06122449
2019,5,00-0032794,D.Vitale,FB,GB,DAL,0,0,0.0,0,0.0,0.0,0.0,0,0.0,0,1,1,9.0,0,0.9,1.9,,,72.0,239.0,26.04011111111111,3.0,Northwestern,2016.0,2016.0,TB,197.0,,0.032258064
2019,7,00-0032794,D.Vitale,FB,GB,LV,0,0,0.0,0,0.0,0.0,0.0,0,0.0,0,2,2,43.0,0,4.3,6.3,,,72.0,239.0,26.04011111111111,3.0,Northwestern,2016.0,2016.0,TB,197.0,18.0,0.06896552
2019,10,00-0032794,D.Vitale,FB,GB,CAR,0,0,0.0,0,0.0,0.0,0.0,0,0.0,0,1,0,0.0,0,0.0,0.0,,,72.0,239.0,26.04011111111111,3.0,Northwestern,2016.0,2016.0,TB,197.0,8.0,0.037037037
2019,12,00-0032794,D.Vitale,FB,GB,SF,0,0,0.0,0,0.0,0.0,0.0,0,0.0,0,1,1,3.0,0,0.3,1.3,,,72.0,239.0,26.04011111111111,3.0,Northwestern,2016.0,2016.0,TB,197.0,,0.027777778
2019,13,00-0032794,D.Vitale,FB,GB,NYG,0,0,0.0,0,0.0,0.0,0.0,0,0.0,0,1,0,0.0,0,0.0,0.0,,,72.0,239.0,26.04011111111111,3.0,Northwestern,2016.0,2016.0,TB,197.0,,0.030303031
2019,14,00-0032794,D.Vitale,FB,GB,WAS,0,0,0.0,0,0.0,0.0,0.0,0,0.0,0,1,0,0.0,0,0.0,0.0,,,72.0,239.0,26.04011111111111,3.0,Northwestern,2016.0,2016.0,TB,197.0,5.0,0.037037037
2019,16,00-0032794,D.Vitale,FB,GB,MIN,0,0,0.0,0,0.0,0.0,0.0,0,0.0,0,1,0,0.0,0,0.0,0.0,,,72.0,239.0,26.04011111111111,3.0,Northwestern,2016.0,2016.0,TB,197.0,,0.02631579
2019,2,00-0032795,C.Core,WR,NYG,BUF,0,0,0.0,0,0.0,0.0,0.0,0,0.0,0,5,3,28.0,0,2.8,5.8,,,75.0,205.0,25.544375,3.0,Mississippi,2016.0,2016.0,CIN,199.0,-14.0,0.11363637
2019,1,00-0032813,E.Penny,RB,NYG,DAL,0,0,0.0,0,0.0,0.0,0.0,2,3.0,0,0,0,0.0,0,0.3,0.3,,,73.0,234.0,26.209625,3.0,Idaho,2016.0,2016.0,,,,
2019,4,00-0032813,E.Penny,RB,NYG,WAS,0,0,0.0,0,0.0,0.0,0.0,3,12.0,0,0,0,0.0,0,1.2,1.2,,,73.0,234.0,26.209625,3.0,Idaho,2016.0,2016.0,,,21.0,
2019,5,00-0032813,E.Penny,RB,NYG,MIN,0,0,0.0,0,0.0,0.0,0.0,3,15.0,0,1,1,9.0,0,2.4,3.4,,,73.0,234.0,26.209625,3.0,Idaho,2016.0,2016.0,,,-18.0,0.027777778
2019,6,00-0032813,E.Penny,RB,NYG,NE,0,0,0.0,0,0.0,0.0,0.0,3,6.0,0,2,1,0.0,0,0.6,1.6,,,73.0,234.0,26.209625,3.0,Idaho,2016.0,2016.0,,,,0.06896552
2019,7,00-0032813,E.Penny,RB,NYG,NYG,0,0,0.0,0,0.0,0.0,0.0,0,0.0,0,0,0,0.0,0,6.0,6.0,,,73.0,234.0,26.209625,3.0,Idaho,2016.0,2016.0,,,-6.0,
2019,8,00-0032813,E.Penny,RB,NYG,DET,0,0,0.0,0,0.0,0.0,0.0,1,3.0,0,0,0,0.0,0,0.3,0.3,,,73.0,234.0,26.209625,3.0,Idaho,2016.0,2016.0,,,,
2019,13,00-0032813,E.Penny,RB,NYG,GB,0,0,0.0,0,0.0,0.0,0.0,2,2.0,0,1,0,0.0,0,0.2,0.2,,,73.0,234.0,26.209625,3.0,Idaho,2016.0,2016.0,,,-18.0,0.027777778
2019,15,00-0032813,E.Penny,RB,NYG,MIA,0,0,0.0,0,0.0,0.0,0.0,1,-2.0,0,0,0,0.0,0,-0.2,-0.2,,,73.0,234.0,26.209625,3.0,Idaho,2016.0,2016.0,,,16.0,
2019,1,00-0032897,D.Watt,FB,LAC,IND,0,0,0.0,0,0.0,0.0,0.0,2,4.0,0,0,0,0.0,0,0.4,0.4,,,74.0,234.0,26.983125,3.0,Wisconsin,2016.0,2016.0,SD,198.0,6.0,
2019,2,00-0032897,D.Watt,FB,LAC,DET,0,0,0.0,0,0.0,0.0,0.0,0,0.0,0,2,1,3.0,0,0.3,1.3,,,74.0,234.0,26.983125,3.0,Wisconsin,2016.0,2016.0,SD,198.0,,0.057142857
2019,3,00-0032897,D.Watt,FB,LAC,HOU,0,0,0.0,0,0.0,0.0,0.0,1,-1.0,0,0,0,0.0,0,-0.1,-0.1,,,74.0,234.0,26.983125,3.0,Wisconsin,2016.0,2016.0,SD,198.0,-7.0,
2019,4,00-0032897,D.Watt,FB,LAC,MIA,0,0,0.0,0,0.0,0.0,0.0,0,0.0,0,1,1,21.0,0,2.1,3.1,,,74.0,234.0,26.983125,3.0,Wisconsin,2016.0,2016.0,SD,198.0,,0.033333335
2019,5,00-0032897,D.Watt,FB,LAC,DEN,0,0,0.0,0,0.0,0.0,0.0,0,0.0,0,1,1,8.0,0,0.8,1.8,,,74.0,234.0,26.983125,3.0,Wisconsin,2016.0,2016.0,SD,198.0,-7.0,0.02173913
2019,8,00-0032897,D.Watt,FB,LAC,CHI,0,0,0.0,0,0.0,0.0,0.0,1,2.0,0,0,0,0.0,0,0.2,0.2,,,74.0,234.0,26.983125,3.0,Wisconsin,2016.0,2016.0,SD,198.0,,
2019,10,00-0032897,D.Watt,FB,LAC,LV,0,0,0.0,0,0.0,0.0,0.0,1,1.0,0,1,0,0.0,0,0.1,0.1,,,74.0,234.0,26.983125,3.0,Wisconsin,2016.0,2016.0,SD,198.0,,0.032258064
2019,14,00-0032897,D.Watt,FB,LAC,JAX,0,0,0.0,0,0.0,0.0,0.0,2,4.0,1,0,0,0.0,0,6.4,6.4,,,74.0,234.0,26.983125,3.0,Wisconsin,2016.0,2016.0,SD,198.0,,
2019,2,00-0032918,C.Ham,FB,MIN,GB,0,0,0.0,0,0.0,0.0,0.0,0,0.0,0,2,0,0.0,0,0.0,0.0,,,71.0,235.0,26.30011111111111,3.0,"Augustana, S.D.",2016.0,2016.0,,,,0.074074075
2019,3,00-0032918,C.Ham,FB,MIN,LV,0,0,0.0,0,0.0,0.0,0.0,0,0.0,0,2,1,0.0,0,0.0,1.0,,,71.0,235.0,26.30011111111111,3.0,"Augustana, S.D.",2016.0,2016.0,,,20.0,0.1
2019,4,00-0032918,C.Ham,FB,MIN,CHI,0,0,0.0,0,0.0,0.0,0.0,0,0.0,0,4,3,10.0,0,1.0,4.0,,,71.0,235.0,26.30011111111111,3.0,"Augustana, S.D.",2016.0,2016.0,,,,0.114285715
2019,5,00-0032918,C.Ham,FB,MIN,NYG,0,0,0.0,0,0.0,0.0,0.0,0,0.0,0,1,1,-1.0,0,-0.1,0.9,,,71.0,235.0,26.30011111111111,3.0,"Augustana, S.D.",2016.0,2016.0,,,,0.041666668
2019,7,00-0032918,C.Ham,FB,MIN,DET,0,0,0.0,0,0.0,0.0,0.0,1,9.0,0,1,1,5.0,1,7.4,8.4,,,71.0,235.0,26.30011111111111,3.0,"Augustana, S.D.",2016.0,2016.0,,,,0.030303031
2019,9,00-0032918,C.Ham,FB,MIN,KC,0,0,0.0,0,0.0,0.0,0.0,0,0.0,0,4,2,37.0,0,3.7,5.7,,,71.0,235.0,26.30011111111111,3.0,"Augustana, S.D.",2016.0,2016.0,,,,0.10810811
2019,10,00-0032918,C.Ham,FB,MIN,DAL,0,0,0.0,0,0.0,0.0,0.0,1,-1.0,0,0,0,0.0,0,-0.1,-0.1,,,71.0,235.0,26.30011111111111,3.0,"Augustana, S.D.",2016.0,2016.0,,,,
2019,11,00-0032918,C.Ham,FB,MIN,DEN,0,0,0.0,0,0.0,0.0,0.0,1,0.0,0,1,1,6.0,0,0.6,1.6,,,71.0,235.0,26.30011111111111,3.0,"Augustana, S.D.",2016.0,2016.0,,,4.0,0.028571429
2019,13,00-0032918,C.Ham,FB,MIN,SEA,0,0,0.0,0,0.0,0.0,0.0,0,0.0,0,2,2,42.0,0,4.2,6.2,,,71.0,235.0,26.30011111111111,3.0,"Augustana, S.D.",2016.0,2016.0,,,,0.055555556
2019,14,00-0032918,C.Ham,FB,MIN,DET,0,0,0.0,0,0.0,0.0,0.0,1,0.0,0,1,1,25.0,0,2.5,3.5,,,71.0,235.0,26.30011111111111,3.0,"Augustana, S.D.",2016.0,2016.0,,,13.0,0.03448276
2019,15,00-0032918,C.Ham,FB,MIN,LAC,0,0,0.0,0,0.0,0.0,0.0,1,5.0,0,3,3,13.0,0,1.8,4.8,,,71.0,235.0,26.30011111111111,3.0,"Augustana, S.D.",2016.0,2016.0,,,,0.125
2019,16,00-0032918,C.Ham,FB,MIN,GB,0,0,0.0,0,0.0,0.0,0.0,0,0.0,0,4,2,12.0,0,1.2,3.2,,,71.0,235.0,26.30011111111111,3.0,"Augustana, S.D.",2016.0,2016.0,,,-13.0,0.13333334
2019,17,00-0032918,C.Ham,FB,MIN,CHI,0,0,0.0,0,0.0,0.0,0.0,2,4.0,0,1,0,0.0,0,0.4,0.4,,,71.0,235.0,26.30011111111111,3.0,"Augustana, S.D.",2016.0,2016.0,,,-2.0,0.05
2019,18,00-0032918,C.Ham,FB,MIN,NO,0,0,0.0,0,0.0,0.0,0.0,1,3.0,0,0,0,0.0,0,0.3,0.3,,,71.0,235.0,26.30011111111111,3.0,"Augustana, S.D.",2016.0,2016.0,,,,
2019,1,00-0032935,J.Holton,WR,PIT,NE,0,0,0.0,0,0.0,0.0,0.0,0,0.0,0,2,0,0.0,0,0.0,0.0,,,75.0,190.0,28.202125,3.0,Cincinnati,2016.0,2016.0,,,,0.04255319
2019,2,00-0032935,J.Holton,WR,PIT,SEA,0,0,0.0,0,0.0,0.0,0.0,0,0.0,0,1,0,0.0,0,0.0,0.0,,,75.0,190.0,28.202125,3.0,Cincinnati,2016.0,2016.0,,,-2.0,0.029411765
2019,3,00-0032935,J.Holton,WR,PIT,SF,0,0,0.0,0,0.0,0.0,0.0,1,9.0,0,0,0,0.0,0,0.9,0.9,,,75.0,190.0,28.202125,3.0,Cincinnati,2016.0,2016.0,,,,
2019,5,00-0032935,J.Holton,WR,PIT,BAL,0,0,0.0,0,0.0,0.0,0.0,0,0.0,0,1,0,4.0,0,0.4,0.4,,,75.0,190.0,28.202125,3.0,Cincinnati,2016.0,2016.0,,,-3.0,0.033333335
2019,6,00-0032935,J.Holton,WR,PIT,LAC,0,0,0.0,0,0.0,0.0,0.0,0,0.0,0,1,0,0.0,0,0.0,0.0,,,75.0,190.0,28.202125,3.0,Cincinnati,2016.0,2016.0,,,,0.05263158
2019,9,00-0032935,J.Holton,WR,PIT,IND,0,0,0.0,0,0.0,0.0,0.0,0,0.0,0,1,0,0.0,0,0.0,0.0,,,75.0,190.0,28.202125,3.0,Cincinnati,2016.0,2016.0,,,2.0,0.029411765
2019,11,00-0032935,J.Holton,WR,PIT,CLE,0,0,0.0,0,0.0,0.0,0.0,0,0.0,0,7,1,18.0,0,1.8,2.8,,,75.0,190.0,28.202125,3.0,Cincinnati,2016.0,2016.0,,,,0.1627907
2019,15,00-0032935,J.Holton,WR,PIT,BUF,0,0,0.0,0,0.0,0.0,0.0,0,0.0,0,2,2,-1.0,0,-0.1,1.9,,,75.0,190.0,28.202125,3.0,Cincinnati,2016.0,2016.0,,,-7.0,0.055555556
2019,1,00-0032940,D.Washington,RB,LV,DEN,0,0,0.0,0,0.0,0.0,0.0,2,8.0,0,0,0,0.0,0,0.8,0.8,,,68.0,210.0,26.69725,3.0,Texas Tech,2016.0,2016.0,OAK,143.0,,
2019,2,00-0032940,D.Washington,RB,LV,KC,0,0,0.0,0,0.0,0.0,0.0,3,9.0,0,2,2,26.0,0,3.5,5.5,,,68.0,210.0,26.69725,3.0,Texas Tech,2016.0,2016.0,OAK,143.0,,0.054054055
2019,3,00-0032940,D.Washington,RB,LV,MIN,0,0,0.0,0,0.0,0.0,0.0,6,22.0,0,0,0,0.0,0,2.2,2.2,,,68.0,210.0,26.69725,3.0,Texas Tech,2016.0,2016.0,OAK,143.0,,
2019,4,00-0032940,D.Washington,RB,LV,IND,0,0,0.0,0,0.0,0.0,0.0,6,18.0,0,3,2,8.0,0,2.6,4.6,,,68.0,210.0,26.69725,3.0,Texas Tech,2016.0,2016.0,OAK,143.0,,0.10714286
2019,5,00-0032940,D.Washington,RB,LV,CHI,0,0,0.0,0,0.0,0.0,0.0,6,17.0,1,3,3,19.0,0,9.6,12.6,,,68.0,210.0,26.69725,3.0,Texas Tech,2016.0,2016.0,OAK,143.0,,0.1
2019,7,00-0032940,D.Washington,RB,LV,GB,0,0,0.0,0,0.0,0.0,0.0,6,29.0,0,1,1,12.0,0,4.1,5.1,,,68.0,210.0,26.69725,3.0,Texas Tech,2016.0,2016.0,OAK,143.0,,0.032258064
2019,8,00-0032940,D.Washington,RB,LV,HOU,0,0,0.0,0,0.0,0.0,0.0,5,23.0,0,1,1,4.0,0,2.7,3.7,,,68.0,210.0,26.69725,3.0,Texas Tech,2016.0,2016.0,OAK,143.0,,0.033333335
2019,9,00-0032940,D.Washington,RB,LV,DET,0,0,0.0,0,0.0,0.0,0.0,3,7.0,0,1,1,21.0,0,2.8,3.8,,,68.0,210.0,26.69725,3.0,Texas Tech,2016.0,2016.0,OAK,143.0,,0.037037037
2019,10,00-0032940,D.Washington,RB,LV,LAC,0,0,0.0,0,0.0,0.0,0.0,1,0.0,0,2,2,19.0,0,1.9,3.9,,,68.0,210.0,26.69725,3.0,Texas Tech,2016.0,2016.0,OAK,143.0,,0.06666667
2019,11,00-0032940,D.Washington,RB,LV,CIN,0,0,0.0,0,0.0,0.0,0.0,2,-1.0,0,2,2,14.0,0,1.3,3.3,,,68.0,210.0,26.69725,3.0,Texas Tech,2016.0,2016.0,OAK,143.0,,0.071428575
2019,12,00-0032940,D.Washington,RB,LV,NYJ,0,0,0.0,0,0.0,0.0,0.0,6,19.0,0,1,1,0.0,0,1.9,2.9,,,68.0,210.0,26.69725,3.0,Texas Tech,2016.0,2016.0,OAK,143.0,,0.030303031
2019,13,00-0032940,D.Washington,RB,LV,KC,0,0,0.0,0,0.0,0.0,0.0,2,5.0,0,3,3,44.0,0,4.9,7.9,,,68.0,210.0,26.69725,3.0,Texas Tech,2016.0,2016.0,OAK,143.0,,0.11111111
2019,14,00-0032940,D.Washington,RB,LV,TEN,0,0,0.0,0,0.0,0.0,0.0,14,53.0,1,7,6,43.0,0,15.6,21.6,,,68.0,210.0,26.69725,3.0,Texas Tech,2016.0,2016.0,OAK,143.0,,0.23333333
2019,15,00-0032940,D.Washington,RB,LV,JAX,0,0,0.0,0,0.0,0.0,0.0,6,16.0,0,3,2,6.0,0,2.2,4.2,,,68.0,210.0,26.69725,3.0,Texas Tech,2016.0,2016.0,OAK,143.0,,0.09677419
2019,16,00-0032940,D.Washington,RB,LV,LAC,0,0,0.0,0,0.0,0.0,0.0,23,85.0,1,3,2,21.0,0,16.6,18.6,,,68.0,210.0,26.69725,3.0,Texas Tech,2016.0,2016.0,OAK,143.0,,0.10344828
2019,17,00-0032940,D.Washington,RB,LV,DEN,0,0,0.0,0,0.0,0.0,0.0,17,77.0,0,9,8,55.0,0,13.2,21.2,,,68.0,210.0,26.69725,3.0,Texas Tech,2016.0,2016.0,OAK,143.0,,0.2195122
2019,5,00-0032945,D.Williams,WR,BUF,TEN,0,0,0.0,0,0.0,0.0,0.0,0,0.0,0,4,4,29.0,1,8.9,12.9,,,75.0,225.0,26.48770588235294,3.0,Auburn,2016.0,2016.0,,,,0.13793103
2019,7,00-0032945,D.Williams,WR,BUF,MIA,0,0,0.0,0,0.0,0.0,0.0,0,0.0,0,1,1,23.0,0,2.3,3.3,,,75.0,225.0,26.48770588235294,3.0,Auburn,2016.0,2016.0,,,10.0,0.04
2019,8,00-0032945,D.Williams,WR,BUF,PHI,0,0,0.0,0,0.0,0.0,0.0,0,0.0,0,2,1,6.0,0,0.6,1.6,,,75.0,225.0,26.48770588235294,3.0,Auburn,2016.0,2016.0,,,-18.0,0.06451613
2019,17,00-0032945,D.Williams,WR,BUF,NYJ,0,0,0.0,0,0.0,0.0,0.0,0,0.0,0,12,6,108.0,0,10.8,16.8,,,75.0,225.0,26.48770588235294,3.0,Auburn,2016.0,2016.0,,,-7.0,0.30769232
2019,18,00-0032945,D.Williams,WR,BUF,HOU,0,0,0.0,0,0.0,0.0,0.0,0,0.0,0,10,4,49.0,0,4.9,8.9,,,75.0,225.0,26.48770588235294,3.0,Auburn,2016.0,2016.0,,,,0.23255815
2019,1,00-0032950,C.Wentz,QB,PHI,WAS,28,39,313.0,3,0.0,1.0,-0.0,4,5.0,0,0,0,0.0,0,25.02,25.02,,,77.0,237.0,26.850588235294115,3.0,North Dakota State,2016.0,2016.0,PHI,2.0,5.0,
2019,2,00-0032950,C.Wentz,QB,PHI,ATL,25,43,231.0,1,2.0,3.0,18.0,3,3.0,1,0,0,0.0,0,17.54,17.54,,,77.0,237.0,26.850588235294115,3.0,North Dakota State,2016.0,2016.0,PHI,2.0,,
2019,3,00-0032950,C.Wentz,QB,PHI,DET,19,36,259.0,2,0.0,3.0,13.0,4,33.0,0,0,0,0.0,0,21.66,21.66,,,77.0,237.0,26.850588235294115,3.0,North Dakota State,2016.0,2016.0,PHI,2.0,-3.0,
2019,4,00-0032950,C.Wentz,QB,PHI,GB,16,27,160.0,3,0.0,0.0,-0.0,6,13.0,0,0,0,0.0,0,19.7,19.7,,,77.0,237.0,26.850588235294115,3.0,North Dakota State,2016.0,2016.0,PHI,2.0,,
2019,5,00-0032950,C.Wentz,QB,PHI,NYJ,17,29,189.0,1,0.0,1.0,8.0,2,5.0,0,0,0,0.0,0,12.06,12.06,,,77.0,237.0,26.850588235294115,3.0,North Dakota State,2016.0,2016.0,PHI,2.0,25.0,
2019,6,00-0032950,C.Wentz,QB,PHI,MIN,26,40,306.0,2,1.0,2.0,14.0,2,23.0,0,0,0,0.0,0,20.54,20.54,,,77.0,237.0,26.850588235294115,3.0,North Dakota State,2016.0,2016.0,PHI,2.0,,
2019,7,00-0032950,C.Wentz,QB,PHI,DAL,16,26,191.0,1,1.0,3.0,23.0,4,12.0,0,0,0,0.0,0,6.84,6.84,,,77.0,237.0,26.850588235294115,3.0,North Dakota State,2016.0,2016.0,PHI,2.0,,
2019,8,00-0032950,C.Wentz,QB,PHI,BUF,17,24,172.0,1,0.0,3.0,19.0,8,35.0,0,0,0,0.0,0,14.38,14.38,,,77.0,237.0,26.850588235294115,3.0,North Dakota State,2016.0,2016.0,PHI,2.0,,
2019,9,00-0032950,C.Wentz,QB,PHI,CHI,26,39,239.0,1,0.0,4.0,12.0,4,15.0,0,0,0,0.0,0,15.06,15.06,,,77.0,237.0,26.850588235294115,3.0,North Dakota State,2016.0,2016.0,PHI,2.0,8.0,
2019,11,00-0032950,C.Wentz,QB,PHI,NE,20,40,214.0,1,0.0,5.0,40.0,3,17.0,0,0,0,0.0,0,12.26,12.26,,,77.0,237.0,26.850588235294115,3.0,North Dakota State,2016.0,2016.0,PHI,2.0,-7.0,
2019,12,00-0032950,C.Wentz,QB,PHI,SEA,33,45,256.0,1,2.0,3.0,18.0,5,27.0,0,0,0,0.0,0,8.94,8.94,,,77.0,237.0,26.850588235294115,3.0,North Dakota State,2016.0,2016.0,PHI,2.0,-8.0,
2019,13,00-0032950,C.Wentz,QB,PHI,MIA,28,46,310.0,3,1.0,2.0,16.0,0,0.0,0,0,0,0.0,0,24.4,24.4,,,77.0,237.0,26.850588235294115,3.0,North Dakota State,2016.0,2016.0,PHI,2.0,,
2019,14,00-0032950,C.Wentz,QB,PHI,NYG,33,50,325.0,2,0.0,3.0,25.0,5,9.0,0,0,0,0.0,0,19.9,19.9,,,77.0,237.0,26.850588235294115,3.0,North Dakota State,2016.0,2016.0,PHI,2.0,6.0,
2019,15,00-0032950,C.Wentz,QB,PHI,WAS,30,43,266.0,3,0.0,2.0,8.0,3,9.0,0,0,0,0.0,0,21.54,21.54,,,77.0,237.0,26.850588235294115,3.0,North Dakota State,2016.0,2016.0,PHI,2.0,,
2019,16,00-0032950,C.Wentz,QB,PHI,DAL,31,40,319.0,1,0.0,1.0,6.0,6,22.0,0,0,0,0.0,0,18.96,18.96,,,77.0,237.0,26.850588235294115,3.0,North Dakota State,2016.0,2016.0,PHI,2.0,8.0,
2019,17,00-0032950,C.Wentz,QB,PHI,NYG,23,40,289.0,1,0.0,1.0,10.0,3,15.0,0,0,0,0.0,0,17.06,17.06,,,77.0,237.0,26.850588235294115,3.0,North Dakota State,2016.0,2016.0,PHI,2.0,,
2019,18,00-0032950,C.Wentz,QB,PHI,SEA,1,4,3.0,0,0.0,1.0,1.0,0,0.0,0,0,0,0.0,0,0.12,0.12,,,77.0,237.0,26.850588235294115,3.0,North Dakota State,2016.0,2016.0,PHI,2.0,-8.0,
2019,6,00-0032951,L.Treadwell,WR,MIN,PHI,0,0,0.0,0,0.0,0.0,0.0,0,0.0,0,1,1,15.0,0,1.5,2.5,,,74.0,215.0,24.4055,3.0,Mississippi,2016.0,2016.0,MIN,23.0,18.0,0.035714287
2019,8,00-0032951,L.Treadwell,WR,MIN,WAS,0,0,0.0,0,0.0,0.0,0.0,0,0.0,0,1,1,1.0,0,0.1,1.1,,,74.0,215.0,24.4055,3.0,Mississippi,2016.0,2016.0,MIN,23.0,10.0,0.041666668
2019,9,00-0032951,L.Treadwell,WR,MIN,KC,0,0,0.0,0,0.0,0.0,0.0,0,0.0,0,5,3,58.0,0,5.8,8.8,,,74.0,215.0,24.4055,3.0,Mississippi,2016.0,2016.0,MIN,23.0,,0.13513513
2019,10,00-0032951,L.Treadwell,WR,MIN,DAL,0,0,0.0,0,0.0,0.0,0.0,0,0.0,0,1,1,10.0,0,1.0,2.0,,,74.0,215.0,24.4055,3.0,Mississippi,2016.0,2016.0,MIN,23.0,,0.032258064
2019,11,00-0032951,L.Treadwell,WR,MIN,DEN,0,0,0.0,0,0.0,0.0,0.0,0,0.0,0,1,0,0.0,0,0.0,0.0,,,74.0,215.0,24.4055,3.0,Mississippi,2016.0,2016.0,MIN,23.0,4.0,0.028571429
2019,13,00-0032951,L.Treadwell,WR,MIN,SEA,0,0,0.0,0,0.0,0.0,0.0,0,0.0,0,2,1,58.0,1,11.8,12.8,,,74.0,215.0,24.4055,3.0,Mississippi,2016.0,2016.0,MIN,23.0,,0.055555556
2019,14,00-0032951,L.Treadwell,WR,MIN,DET,0,0,0.0,0,0.0,0.0,0.0,0,0.0,0,2,2,42.0,0,4.2,6.2,,,74.0,215.0,24.4055,3.0,Mississippi,2016.0,2016.0,MIN,23.0,13.0,0.06896552
2019,16,00-0032951,L.Treadwell,WR,MIN,GB,0,0,0.0,0,0.0,0.0,0.0,0,0.0,0,1,0,0.0,0,0.0,0.0,,,74.0,215.0,24.4055,3.0,Mississippi,2016.0,2016.0,MIN,23.0,-13.0,0.033333335
2019,17,00-0032951,L.Treadwell,WR,MIN,CHI,0,0,0.0,0,0.0,0.0,0.0,0,0.0,0,2,0,0.0,0,0.0,0.0,,,74.0,215.0,24.4055,3.0,Mississippi,2016.0,2016.0,MIN,23.0,-2.0,0.1
2019,6,00-0032956,A.Janovich,FB,DEN,TEN,0,0,0.0,0,0.0,0.0,0.0,0,0.0,0,1,1,8.0,0,0.8,1.8,,,73.0,238.0,26.4460625,3.0,Nebraska,2016.0,2016.0,DEN,176.0,16.0,0.03846154
2019,7,00-0032956,A.Janovich,FB,DEN,KC,0,0,0.0,0,0.0,0.0,0.0,0,0.0,0,1,1,22.0,0,2.2,3.2,,,73.0,238.0,26.4460625,3.0,Nebraska,2016.0,2016.0,DEN,176.0,-24.0,0.030303031
2019,8,00-0032956,A.Janovich,FB,DEN,IND,0,0,0.0,0,0.0,0.0,0.0,0,0.0,0,2,2,9.0,0,0.9,2.9,,,73.0,238.0,26.4460625,3.0,Nebraska,2016.0,2016.0,DEN,176.0,,0.06896552
2019,11,00-0032956,A.Janovich,FB,DEN,MIN,0,0,0.0,0,0.0,0.0,0.0,1,1.0,1,1,1,3.0,0,6.4,7.4,,,73.0,238.0,26.4460625,3.0,Nebraska,2016.0,2016.0,DEN,176.0,,0.027777778
2019,9,00-0032972,D.Booker,RB,DEN,CLE,0,0,0.0,0,0.0,0.0,0.0,0,0.0,0,1,1,14.0,0,1.4,2.4,,,71.0,219.0,27.434375,3.0,Utah,2016.0,2016.0,DEN,136.0,5.0,0.055555556
2019,11,00-0032972,D.Booker,RB,DEN,MIN,0,0,0.0,0,0.0,0.0,0.0,1,4.0,0,2,0,0.0,0,0.4,0.4,,,71.0,219.0,27.434375,3.0,Utah,2016.0,2016.0,DEN,136.0,,0.055555556
2019,14,00-0032972,D.Booker,RB,DEN,HOU,0,0,0.0,0,0.0,0.0,0.0,0,0.0,0,2,2,24.0,0,2.4,4.4,,,71.0,219.0,27.434375,3.0,Utah,2016.0,2016.0,DEN,136.0,,0.074074075
2019,15,00-0032972,D.Booker,RB,DEN,KC,0,0,0.0,0,0.0,0.0,0.0,1,5.0,0,0,0,0.0,0,0.5,0.5,,,71.0,219.0,27.434375,3.0,Utah,2016.0,2016.0,DEN,136.0,,
2019,16,00-0032972,D.Booker,RB,DEN,DET,0,0,0.0,0,0.0,0.0,0.0,0,0.0,0,2,1,2.0,0,0.2,1.2,,,71.0,219.0,27.434375,3.0,Utah,2016.0,2016.0,DEN,136.0,10.0,0.05882353
2019,17,00-0032972,D.Booker,RB,DEN,LV,0,0,0.0,0,0.0,0.0,0.0,0,0.0,0,2,2,17.0,0,1.7,3.7,,,71.0,219.0,27.434375,3.0,Utah,2016.0,2016.0,DEN,136.0,1.0,0.07692308
2019,10,00-0032975,J.Williams,RB,IND,MIA,0,0,0.0,0,0.0,0.0,0.0,2,1.0,0,0,0,0.0,0,0.1,0.1,,,72.0,217.0,25.7526875,3.0,Arkansas,2016.0,2016.0,BUF,156.0,-4.0,
2019,11,00-0032975,J.Williams,RB,IND,JAX,0,0,0.0,0,0.0,0.0,0.0,13,116.0,0,1,1,31.0,0,14.7,15.7,,,72.0,217.0,25.7526875,3.0,Arkansas,2016.0,2016.0,BUF,156.0,20.0,0.04761905
2019,12,00-0032975,J.Williams,RB,IND,HOU,0,0,0.0,0,0.0,0.0,0.0,26,104.0,1,3,3,17.0,0,18.1,21.1,,,72.0,217.0,25.7526875,3.0,Arkansas,2016.0,2016.0,BUF,156.0,,0.125
2019,13,00-0032975,J.Williams,RB,IND,TEN,0,0,0.0,0,0.0,0.0,0.0,8,14.0,0,1,1,11.0,0,2.5,3.5,,,72.0,217.0,25.7526875,3.0,Arkansas,2016.0,2016.0,BUF,156.0,-14.0,0.027027028
2019,1,00-0032977,R.Higgins,WR,CLE,TEN,0,0,0.0,0,0.0,0.0,0.0,0,0.0,0,3,2,46.0,0,4.6,6.6,,,73.0,198.0,25.075375,3.0,Colorado State,2016.0,2016.0,CLE,172.0,-30.0,0.078947365
2019,8,00-0032977,R.Higgins,WR,CLE,NE,0,0,0.0,0,0.0,0.0,0.0,0,0.0,0,2,1,2.0,0,0.2,1.2,,,73.0,198.0,25.075375,3.0,Colorado State,2016.0,2016.0,CLE,172.0,,0.06666667
2019,9,00-0032977,R.Higgins,WR,CLE,DEN,0,0,0.0,0,0.0,0.0,0.0,0,0.0,0,1,0,0.0,0,0.0,0.0,,,73.0,198.0,25.075375,3.0,Colorado State,2016.0,2016.0,CLE,172.0,,0.025
2019,10,00-0032977,R.Higgins,WR,CLE,BUF,0,0,0.0,0,0.0,0.0,0.0,0,0.0,0,1,1,7.0,1,6.7,7.7,,,73.0,198.0,25.075375,3.0,Colorado State,2016.0,2016.0,CLE,172.0,3.0,0.02631579
2019,12,00-0032977,R.Higgins,WR,CLE,MIA,0,0,0.0,0,0.0,0.0,0.0,0,0.0,0,1,0,0.0,0,0.0,0.0,,,73.0,198.0,25.075375,3.0,Colorado State,2016.0,2016.0,CLE,172.0,17.0,0.030303031
2019,13,00-0032977,R.Higgins,WR,CLE,PIT,0,0,0.0,0,0.0,0.0,0.0,0,0.0,0,3,0,0.0,0,0.0,0.0,,,73.0,198.0,25.075375,3.0,Colorado State,2016.0,2016.0,CLE,172.0,,0.09090909
2019,10,00-0032980,M.Johnson,WR,IND,MIA,0,0,0.0,0,0.0,0.0,0.0,0,0.0,0,3,1,9.0,0,0.9,1.9,,,73.0,207.0,25.249,3.0,Texas,2016.0,2016.0,,,-4.0,0.07692308
2019,11,00-0032980,M.Johnson,WR,IND,JAX,0,0,0.0,0,0.0,0.0,0.0,0,0.0,0,4,4,38.0,1,9.8,13.8,,,73.0,207.0,25.249,3.0,Texas,2016.0,2016.0,,,20.0,0.1904762
2019,12,00-0032980,M.Johnson,WR,IND,HOU,0,0,0.0,0,0.0,0.0,0.0,0,0.0,0,1,0,0.0,0,0.0,0.0,,,73.0,207.0,25.249,3.0,Texas,2016.0,2016.0,,,,0.041666668
2019,13,00-0032980,M.Johnson,WR,IND,TEN,0,0,0.0,0,0.0,0.0,0.0,0,0.0,0,6,4,55.0,0,5.5,9.5,,,73.0,207.0,25.249,3.0,Texas,2016.0,2016.0,,,-14.0,0.16216215
2019,14,00-0032980,M.Johnson,WR,IND,TB,0,0,0.0,0,0.0,0.0,0.0,0,0.0,0,7,3,105.0,1,16.5,19.5,,,73.0,207.0,25.249,3.0,Texas,2016.0,2016.0,,,,0.2
2019,15,00-0032980,M.Johnson,WR,IND,NO,0,0,0.0,0,0.0,0.0,0.0,0,0.0,0,4,2,37.0,0,3.7,5.7,,,73.0,207.0,25.249,3.0,Texas,2016.0,2016.0,,,,0.121212125
2019,16,00-0032980,M.Johnson,WR,IND,CAR,0,0,0.0,0,0.0,0.0,0.0,0,0.0,0,4,1,2.0,0,0.2,1.2,,,73.0,207.0,25.249,3.0,Texas,2016.0,2016.0,,,32.0,0.16666667
2019,17,00-0032980,M.Johnson,WR,IND,JAX,0,0,0.0,0,0.0,0.0,0.0,0,0.0,0,4,2,31.0,0,3.1,5.1,,,73.0,207.0,25.249,3.0,Texas,2016.0,2016.0,,,,0.16666667
2019,4,00-0032986,J.Holtz,TE,CHI,MIN,0,0,0.0,0,0.0,0.0,0.0,0,0.0,0,1,1,7.0,0,0.7,1.7,,,75.0,240.0,26.1848125,3.0,Pittsburgh,2016.0,2016.0,,,10.0,0.030303031
2019,5,00-0032986,J.Holtz,TE,CHI,LV,0,0,0.0,0,0.0,0.0,0.0,0,0.0,0,2,1,16.0,0,1.6,2.6,,,75.0,240.0,26.1848125,3.0,Pittsburgh,2016.0,2016.0,,,,0.06666667
2019,14,00-0032986,J.Holtz,TE,CHI,DAL,0,0,0.0,0,0.0,0.0,0.0,0,0.0,0,3,3,56.0,0,5.6,8.6,,,75.0,240.0,26.1848125,3.0,Pittsburgh,2016.0,2016.0,,,7.0,0.09677419
2019,15,00-0032986,J.Holtz,TE,CHI,GB,0,0,0.0,0,0.0,0.0,0.0,0,0.0,0,1,1,-1.0,0,-0.1,0.9,,,75.0,240.0,26.1848125,3.0,Pittsburgh,2016.0,2016.0,,,,0.02
2019,16,00-0032986,J.Holtz,TE,CHI,KC,0,0,0.0,0,0.0,0.0,0.0,0,0.0,0,1,1,13.0,0,1.3,2.3,,,75.0,240.0,26.1848125,3.0,Pittsburgh,2016.0,2016.0,,,-23.0,0.030303031
2019,1,00-0033009,T.Boyd,WR,CIN,SEA,0,0,0.0,0,0.0,0.0,0.0,1,3.0,0,12,8,60.0,0,6.3,14.3,,,74.0,203.0,24.9665625,3.0,Pittsburgh,2016.0,2016.0,CIN,55.0,,0.24489796
2019,2,00-0033009,T.Boyd,WR,CIN,SF,0,0,0.0,0,0.0,0.0,0.0,0,0.0,0,10,10,122.0,0,12.2,22.2,,,74.0,203.0,24.9665625,3.0,Pittsburgh,2016.0,2016.0,CIN,55.0,-24.0,0.23809524
2019,3,00-0033009,T.Boyd,WR,CIN,BUF,0,0,0.0,0,0.0,0.0,0.0,0,0.0,0,11,6,68.0,0,6.8,12.8,,,74.0,203.0,24.9665625,3.0,Pittsburgh,2016.0,2016.0,CIN,55.0,,0.32352942
2019,4,00-0033009,T.Boyd,WR,CIN,PIT,0,0,0.0,0,0.0,0.0,0.0,0,0.0,0,6,3,33.0,0,3.3,6.3,,,74.0,203.0,24.9665625,3.0,Pittsburgh,2016.0,2016.0,CIN,55.0,,0.16666667
2019,5,00-0033009,T.Boyd,WR,CIN,ARI,0,0,0.0,0,0.0,0.0,0.0,0,0.0,0,14,10,123.0,1,18.3,28.3,,,74.0,203.0,24.9665625,3.0,Pittsburgh,2016.0,2016.0,CIN,55.0,-3.0,0.3783784
2019,6,00-0033009,T.Boyd,WR,CIN,BAL,0,0,0.0,0,0.0,0.0,0.0,0,0.0,0,7,3,10.0,0,1.0,4.0,,,74.0,203.0,24.9665625,3.0,Pittsburgh,2016.0,2016.0,CIN,55.0,,0.1891892
2019,7,00-0033009,T.Boyd,WR,CIN,JAX,0,0,0.0,0,0.0,0.0,0.0,0,0.0,0,14,5,55.0,0,3.5,8.5,,,74.0,203.0,24.9665625,3.0,Pittsburgh,2016.0,2016.0,CIN,55.0,-10.0,0.33333334
2019,8,00-0033009,T.Boyd,WR,CIN,LA,0,0,0.0,0,0.0,0.0,0.0,1,3.0,0,9,6,65.0,0,6.8,12.8,,,74.0,203.0,24.9665625,3.0,Pittsburgh,2016.0,2016.0,CIN,55.0,,0.1875
2019,10,00-0033009,T.Boyd,WR,CIN,BAL,0,0,0.0,0,0.0,0.0,0.0,0,0.0,0,8,6,62.0,0,6.2,12.2,,,74.0,203.0,24.9665625,3.0,Pittsburgh,2016.0,2016.0,CIN,55.0,-36.0,0.27586207
2019,11,00-0033009,T.Boyd,WR,CIN,LV,0,0,0.0,0,0.0,0.0,0.0,1,10.0,0,3,1,0.0,0,1.0,2.0,,,74.0,203.0,24.9665625,3.0,Pittsburgh,2016.0,2016.0,CIN,55.0,,0.1
2019,12,00-0033009,T.Boyd,WR,CIN,PIT,0,0,0.0,0,0.0,0.0,0.0,0,0.0,0,9,5,101.0,1,14.1,19.1,,,74.0,203.0,24.9665625,3.0,Pittsburgh,2016.0,2016.0,CIN,55.0,-6.0,0.36
2019,13,00-0033009,T.Boyd,WR,CIN,NYJ,0,0,0.0,0,0.0,0.0,0.0,0,0.0,0,10,5,59.0,1,11.9,16.9,,,74.0,203.0,24.9665625,3.0,Pittsburgh,2016.0,2016.0,CIN,55.0,16.0,0.2777778
2019,14,00-0033009,T.Boyd,WR,CIN,CLE,0,0,0.0,0,0.0,0.0,0.0,1,7.0,0,6,5,75.0,0,8.2,13.2,,,74.0,203.0,24.9665625,3.0,Pittsburgh,2016.0,2016.0,CIN,55.0,,0.1764706
2019,15,00-0033009,T.Boyd,WR,CIN,NE,0,0,0.0,0,0.0,0.0,0.0,0,0.0,0,7,3,26.0,0,2.6,5.6,,,74.0,203.0,24.9665625,3.0,Pittsburgh,2016.0,2016.0,CIN,55.0,-21.0,0.2413793
2019,16,00-0033009,T.Boyd,WR,CIN,MIA,0,0,0.0,0,0.0,0.0,0.0,0,0.0,0,15,9,128.0,2,24.8,33.8,,,74.0,203.0,24.9665625,3.0,Pittsburgh,2016.0,2016.0,CIN,55.0,,0.2777778
2019,17,00-0033009,T.Boyd,WR,CIN,CLE,0,0,0.0,0,0.0,0.0,0.0,0,0.0,0,7,5,59.0,0,5.9,10.9,,,74.0,203.0,24.9665625,3.0,Pittsburgh,2016.0,2016.0,CIN,55.0,10.0,0.25925925
2019,1,00-0033025,J.Richard,RB,LV,DEN,0,0,0.0,0,0.0,0.0,0.0,1,3.0,0,0,0,0.0,0,0.3,0.3,,,68.0,207.0,26.053874999999998,3.0,Southern Mississippi,2016.0,2016.0,,,,
2019,2,00-0033025,J.Richard,RB,LV,KC,0,0,0.0,0,0.0,0.0,0.0,2,3.0,0,3,2,2.0,0,0.5,2.5,,,68.0,207.0,26.053874999999998,3.0,Southern Mississippi,2016.0,2016.0,,,,0.08108108
2019,3,00-0033025,J.Richard,RB,LV,MIN,0,0,0.0,0,0.0,0.0,0.0,2,15.0,0,3,3,14.0,0,2.9,5.9,,,68.0,207.0,26.053874999999998,3.0,Southern Mississippi,2016.0,2016.0,,,,0.09090909
2019,4,00-0033025,J.Richard,RB,LV,IND,0,0,0.0,0,0.0,0.0,0.0,4,17.0,0,1,1,1.0,0,1.8,2.8,,,68.0,207.0,26.053874999999998,3.0,Southern Mississippi,2016.0,2016.0,,,,0.035714287
2019,5,00-0033025,J.Richard,RB,LV,CHI,0,0,0.0,0,0.0,0.0,0.0,2,14.0,0,2,2,18.0,0,3.2,5.2,,,68.0,207.0,26.053874999999998,3.0,Southern Mississippi,2016.0,2016.0,,,,0.06666667
2019,7,00-0033025,J.Richard,RB,LV,GB,0,0,0.0,0,0.0,0.0,0.0,2,2.0,0,1,1,5.0,0,0.7,1.7,,,68.0,207.0,26.053874999999998,3.0,Southern Mississippi,2016.0,2016.0,,,,0.032258064
2019,8,00-0033025,J.Richard,RB,LV,HOU,0,0,0.0,0,0.0,0.0,0.0,1,3.0,0,3,2,24.0,0,2.7,4.7,,,68.0,207.0,26.053874999999998,3.0,Southern Mississippi,2016.0,2016.0,,,,0.1
2019,9,00-0033025,J.Richard,RB,LV,DET,0,0,0.0,0,0.0,0.0,0.0,2,12.0,0,4,3,56.0,0,6.8,9.8,,,68.0,207.0,26.053874999999998,3.0,Southern Mississippi,2016.0,2016.0,,,,0.14814815
2019,10,00-0033025,J.Richard,RB,LV,LAC,0,0,0.0,0,0.0,0.0,0.0,2,0.0,0,4,4,43.0,0,4.3,8.3,,,68.0,207.0,26.053874999999998,3.0,Southern Mississippi,2016.0,2016.0,,,,0.13333334
2019,11,00-0033025,J.Richard,RB,LV,CIN,0,0,0.0,0,0.0,0.0,0.0,2,0.0,0,1,1,7.0,0,0.7,1.7,,,68.0,207.0,26.053874999999998,3.0,Southern Mississippi,2016.0,2016.0,,,,0.035714287
2019,12,00-0033025,J.Richard,RB,LV,NYJ,0,0,0.0,0,0.0,0.0,0.0,2,4.0,0,7,6,47.0,0,5.1,11.1,,,68.0,207.0,26.053874999999998,3.0,Southern Mississippi,2016.0,2016.0,,,,0.21212122
2019,13,00-0033025,J.Richard,RB,LV,KC,0,0,0.0,0,0.0,0.0,0.0,1,2.0,0,2,1,6.0,0,0.8,1.8,,,68.0,207.0,26.053874999999998,3.0,Southern Mississippi,2016.0,2016.0,,,,0.074074075
2019,14,00-0033025,J.Richard,RB,LV,TEN,0,0,0.0,0,0.0,0.0,0.0,7,28.0,0,3,2,18.0,0,4.6,6.6,,,68.0,207.0,26.053874999999998,3.0,Southern Mississippi,2016.0,2016.0,,,,0.1
2019,15,00-0033025,J.Richard,RB,LV,JAX,0,0,0.0,0,0.0,0.0,0.0,1,11.0,0,3,2,25.0,0,3.6,5.6,,,68.0,207.0,26.053874999999998,3.0,Southern Mississippi,2016.0,2016.0,,,,0.09677419
2019,16,00-0033025,J.Richard,RB,LV,LAC,0,0,0.0,0,0.0,0.0,0.0,5,11.0,0,4,4,18.0,0,2.9,6.9,,,68.0,207.0,26.053874999999998,3.0,Southern Mississippi,2016.0,2016.0,,,,0.13793103
2019,17,00-0033025,J.Richard,RB,LV,DEN,0,0,0.0,0,0.0,0.0,0.0,3,20.0,0,2,2,39.0,0,5.9,7.9,,,68.0,207.0,26.053874999999998,3.0,Southern Mississippi,2016.0,2016.0,,,,0.048780486
2019,1,00-0033040,T.Hill,WR,KC,JAX,0,0,0.0,0,0.0,0.0,0.0,1,5.0,0,2,2,16.0,0,2.1,4.1,,,70.0,185.0,25.70657894736842,3.0,West Alabama,2016.0,2016.0,KC,165.0,,0.05882353
2019,6,00-0033040,T.Hill,WR,KC,HOU,0,0,0.0,0,0.0,0.0,0.0,0,0.0,0,10,5,80.0,2,20.0,25.0,,,70.0,185.0,25.70657894736842,3.0,West Alabama,2016.0,2016.0,KC,165.0,-7.0,0.2857143
2019,7,00-0033040,T.Hill,WR,KC,DEN,0,0,0.0,0,0.0,0.0,0.0,0,0.0,0,5,3,74.0,1,13.4,16.4,,,70.0,185.0,25.70657894736842,3.0,West Alabama,2016.0,2016.0,KC,165.0,,0.1724138
2019,8,00-0033040,T.Hill,WR,KC,GB,0,0,0.0,0,0.0,0.0,0.0,1,5.0,0,9,6,76.0,0,8.1,14.1,,,70.0,185.0,25.70657894736842,3.0,West Alabama,2016.0,2016.0,KC,165.0,-7.0,0.25714287
2019,9,00-0033040,T.Hill,WR,KC,MIN,0,0,0.0,0,0.0,0.0,0.0,1,5.0,0,9,6,140.0,1,20.5,26.5,,,70.0,185.0,25.70657894736842,3.0,West Alabama,2016.0,2016.0,KC,165.0,3.0,0.2647059
2019,10,00-0033040,T.Hill,WR,KC,TEN,0,0,0.0,0,0.0,0.0,0.0,1,3.0,0,19,11,157.0,1,22.0,33.0,,,70.0,185.0,25.70657894736842,3.0,West Alabama,2016.0,2016.0,KC,165.0,,0.3877551
2019,11,00-0033040,T.Hill,WR,KC,LAC,0,0,0.0,0,0.0,0.0,0.0,0,0.0,0,2,0,0.0,0,0.0,0.0,,,70.0,185.0,25.70657894736842,3.0,West Alabama,2016.0,2016.0,KC,165.0,,0.0625
2019,13,00-0033040,T.Hill,WR,KC,LV,0,0,0.0,0,0.0,0.0,0.0,1,-4.0,0,8,5,55.0,0,5.1,10.1,,,70.0,185.0,25.70657894736842,3.0,West Alabama,2016.0,2016.0,KC,165.0,31.0,0.2962963
2019,14,00-0033040,T.Hill,WR,KC,NE,0,0,0.0,0,0.0,0.0,0.0,2,8.0,0,8,6,62.0,0,7.0,13.0,,,70.0,185.0,25.70657894736842,3.0,West Alabama,2016.0,2016.0,KC,165.0,,0.20512821
2019,15,00-0033040,T.Hill,WR,KC,DEN,0,0,0.0,0,0.0,0.0,0.0,1,1.0,0,7,5,67.0,2,18.8,23.8,,,70.0,185.0,25.70657894736842,3.0,West Alabama,2016.0,2016.0,KC,165.0,20.0,0.20588236
2019,16,00-0033040,T.Hill,WR,KC,CHI,0,0,0.0,0,0.0,0.0,0.0,0,0.0,0,5,5,72.0,0,7.2,12.2,,,70.0,185.0,25.70657894736842,3.0,West Alabama,2016.0,2016.0,KC,165.0,,0.16666667
2019,17,00-0033040,T.Hill,WR,KC,LAC,0,0,0.0,0,0.0,0.0,0.0,0,0.0,0,5,4,61.0,0,6.1,10.1,,,70.0,185.0,25.70657894736842,3.0,West Alabama,2016.0,2016.0,KC,165.0,10.0,0.2
2019,19,00-0033040,T.Hill,WR,KC,HOU,0,0,0.0,0,0.0,0.0,0.0,1,4.0,0,4,3,41.0,0,4.5,7.5,,,70.0,185.0,25.70657894736842,3.0,West Alabama,2016.0,2016.0,KC,165.0,20.0,0.114285715
2019,20,00-0033040,T.Hill,WR,KC,TEN,0,0,0.0,0,0.0,0.0,0.0,1,7.0,0,7,5,67.0,2,19.4,24.4,,,70.0,185.0,25.70657894736842,3.0,West Alabama,2016.0,2016.0,KC,165.0,11.0,0.21875
2019,21,00-0033040,T.Hill,WR,KC,SF,0,0,0.0,0,0.0,0.0,0.0,0,0.0,0,16,9,105.0,0,10.5,19.5,,,70.0,185.0,25.70657894736842,3.0,West Alabama,2016.0,2016.0,KC,165.0,11.0,0.41025642
2019,1,00-0033045,E.Elliott,RB,DAL,NYG,0,0,0.0,0,0.0,0.0,0.0,13,53.0,1,2,1,10.0,0,12.3,13.3,,,72.0,228.0,24.285,3.0,Ohio State,2016.0,2016.0,DAL,4.0,18.0,0.0625
2019,2,00-0033045,E.Elliott,RB,DAL,WAS,0,0,0.0,0,0.0,0.0,0.0,23,111.0,1,2,2,9.0,0,18.0,20.0,,,72.0,228.0,24.285,3.0,Ohio State,2016.0,2016.0,DAL,4.0,,0.06666667
2019,3,00-0033045,E.Elliott,RB,DAL,MIA,0,0,0.0,0,0.0,0.0,0.0,19,125.0,0,3,2,14.0,0,13.9,15.9,,,72.0,228.0,24.285,3.0,Ohio State,2016.0,2016.0,DAL,4.0,25.0,0.1
2019,4,00-0033045,E.Elliott,RB,DAL,NO,0,0,0.0,0,0.0,0.0,0.0,18,35.0,1,7,6,30.0,0,10.5,16.5,,,72.0,228.0,24.285,3.0,Ohio State,2016.0,2016.0,DAL,4.0,,0.23333333
2019,5,00-0033045,E.Elliott,RB,DAL,GB,0,0,0.0,0,0.0,0.0,0.0,12,62.0,1,3,2,29.0,0,15.1,17.1,,,72.0,228.0,24.285,3.0,Ohio State,2016.0,2016.0,DAL,4.0,-10.0,0.071428575
2019,6,00-0033045,E.Elliott,RB,DAL,NYJ,0,0,0.0,0,0.0,0.0,0.0,28,105.0,1,6,5,48.0,0,21.3,26.3,,,72.0,228.0,24.285,3.0,Ohio State,2016.0,2016.0,DAL,4.0,,0.15384616
2019,7,00-0033045,E.Elliott,RB,DAL,PHI,0,0,0.0,0,0.0,0.0,0.0,22,111.0,1,7,6,36.0,0,20.7,26.7,,,72.0,228.0,24.285,3.0,Ohio State,2016.0,2016.0,DAL,4.0,27.0,0.28
2019,9,00-0033045,E.Elliott,RB,DAL,NYG,0,0,0.0,0,0.0,0.0,0.0,23,139.0,0,0,0,0.0,0,13.9,13.9,,,72.0,228.0,24.285,3.0,Ohio State,2016.0,2016.0,DAL,4.0,,
2019,10,00-0033045,E.Elliott,RB,DAL,MIN,0,0,0.0,0,0.0,0.0,0.0,20,47.0,0,3,2,16.0,0,6.3,8.3,,,72.0,228.0,24.285,3.0,Ohio State,2016.0,2016.0,DAL,4.0,-4.0,0.06818182
2019,11,00-0033045,E.Elliott,RB,DAL,DET,0,0,0.0,0,0.0,0.0,0.0,16,45.0,1,3,2,28.0,1,17.3,19.3,,,72.0,228.0,24.285,3.0,Ohio State,2016.0,2016.0,DAL,4.0,,0.06666667
2019,12,00-0033045,E.Elliott,RB,DAL,NE,0,0,0.0,0,0.0,0.0,0.0,21,86.0,0,4,4,40.0,0,12.6,16.6,,,72.0,228.0,24.285,3.0,Ohio State,2016.0,2016.0,DAL,4.0,,0.125
2019,13,00-0033045,E.Elliott,RB,DAL,BUF,0,0,0.0,0,0.0,0.0,0.0,12,71.0,0,10,7,66.0,0,13.7,20.7,,,72.0,228.0,24.285,3.0,Ohio State,2016.0,2016.0,DAL,4.0,-11.0,0.20408164
2019,14,00-0033045,E.Elliott,RB,DAL,CHI,0,0,0.0,0,0.0,0.0,0.0,19,81.0,2,5,2,12.0,0,21.3,23.3,,,72.0,228.0,24.285,3.0,Ohio State,2016.0,2016.0,DAL,4.0,,0.10869565
2019,15,00-0033045,E.Elliott,RB,DAL,LA,0,0,0.0,0,0.0,0.0,0.0,24,117.0,2,4,3,43.0,0,28.0,31.0,,,72.0,228.0,24.285,3.0,Ohio State,2016.0,2016.0,DAL,4.0,23.0,0.18181819
2019,16,00-0033045,E.Elliott,RB,DAL,PHI,0,0,0.0,0,0.0,0.0,0.0,13,47.0,0,7,7,37.0,0,8.4,15.4,,,72.0,228.0,24.285,3.0,Ohio State,2016.0,2016.0,DAL,4.0,,0.1590909
2019,17,00-0033045,E.Elliott,RB,DAL,WAS,0,0,0.0,0,0.0,0.0,0.0,18,122.0,1,5,3,2.0,1,24.4,27.4,,,72.0,228.0,24.285,3.0,Ohio State,2016.0,2016.0,DAL,4.0,31.0,0.15625
2019,1,00-0033077,D.Prescott,QB,DAL,NYG,25,32,405.0,4,0.0,0.0,-0.0,4,12.0,0,0,0,0.0,0,33.4,33.4,,,74.0,238.0,26.264625,3.0,Mississippi State,2016.0,2016.0,DAL,135.0,18.0,
2019,2,00-0033077,D.Prescott,QB,DAL,WAS,26,30,269.0,3,1.0,1.0,8.0,5,69.0,0,0,0,0.0,0,27.66,27.66,,,74.0,238.0,26.264625,3.0,Mississippi State,2016.0,2016.0,DAL,135.0,,
2019,3,00-0033077,D.Prescott,QB,DAL,MIA,19,32,246.0,2,1.0,1.0,5.0,2,7.0,1,0,0,0.0,0,22.54,22.54,,,74.0,238.0,26.264625,3.0,Mississippi State,2016.0,2016.0,DAL,135.0,25.0,
2019,4,00-0033077,D.Prescott,QB,DAL,NO,22,33,223.0,0,1.0,1.0,11.0,1,7.0,0,0,0,0.0,0,7.62,7.62,,,74.0,238.0,26.264625,3.0,Mississippi State,2016.0,2016.0,DAL,135.0,,
2019,5,00-0033077,D.Prescott,QB,DAL,GB,27,44,463.0,2,3.0,3.0,22.0,4,27.0,0,0,0,0.0,0,23.22,23.22,,,74.0,238.0,26.264625,3.0,Mississippi State,2016.0,2016.0,DAL,135.0,-10.0,
2019,6,00-0033077,D.Prescott,QB,DAL,NYJ,28,40,278.0,0,0.0,1.0,8.0,3,11.0,1,0,0,0.0,0,18.22,18.22,,,74.0,238.0,26.264625,3.0,Mississippi State,2016.0,2016.0,DAL,135.0,,
2019,7,00-0033077,D.Prescott,QB,DAL,PHI,21,27,239.0,1,1.0,3.0,26.0,5,30.0,1,0,0,0.0,0,20.56,20.56,,,74.0,238.0,26.264625,3.0,Mississippi State,2016.0,2016.0,DAL,135.0,27.0,
2019,9,00-0033077,D.Prescott,QB,DAL,NYG,22,35,257.0,3,1.0,0.0,-0.0,3,12.0,0,0,0,0.0,0,21.48,21.48,,,74.0,238.0,26.264625,3.0,Mississippi State,2016.0,2016.0,DAL,135.0,,
2019,10,00-0033077,D.Prescott,QB,DAL,MIN,28,46,397.0,3,1.0,1.0,4.0,0,0.0,0,0,0,0.0,0,25.88,25.88,,,74.0,238.0,26.264625,3.0,Mississippi State,2016.0,2016.0,DAL,135.0,-4.0,
2019,11,00-0033077,D.Prescott,QB,DAL,DET,29,46,444.0,3,0.0,1.0,10.0,6,18.0,0,0,0,0.0,0,31.56,31.56,,,74.0,238.0,26.264625,3.0,Mississippi State,2016.0,2016.0,DAL,135.0,,
2019,12,00-0033077,D.Prescott,QB,DAL,NE,19,33,212.0,0,1.0,0.0,-0.0,1,4.0,0,0,0,0.0,0,6.88,6.88,,,74.0,238.0,26.264625,3.0,Mississippi State,2016.0,2016.0,DAL,135.0,,
2019,13,00-0033077,D.Prescott,QB,DAL,BUF,32,49,355.0,2,1.0,4.0,32.0,4,25.0,0,0,0,0.0,0,22.7,22.7,,,74.0,238.0,26.264625,3.0,Mississippi State,2016.0,2016.0,DAL,135.0,-11.0,
2019,14,00-0033077,D.Prescott,QB,DAL,CHI,27,49,334.0,1,0.0,2.0,8.0,3,1.0,0,0,0,0.0,0,17.46,17.46,,,74.0,238.0,26.264625,3.0,Mississippi State,2016.0,2016.0,DAL,135.0,,
2019,15,00-0033077,D.Prescott,QB,DAL,LA,15,23,212.0,2,0.0,0.0,-0.0,7,12.0,0,0,0,0.0,0,17.68,17.68,,,74.0,238.0,26.264625,3.0,Mississippi State,2016.0,2016.0,DAL,135.0,23.0,
2019,16,00-0033077,D.Prescott,QB,DAL,PHI,25,44,265.0,0,0.0,2.0,8.0,1,7.0,0,0,0,0.0,0,11.3,11.3,,,74.0,238.0,26.264625,3.0,Mississippi State,2016.0,2016.0,DAL,135.0,,
2019,17,00-0033077,D.Prescott,QB,DAL,WAS,23,33,303.0,4,0.0,3.0,9.0,3,35.0,0,0,0,0.0,0,29.62,29.62,,,74.0,238.0,26.264625,3.0,Mississippi State,2016.0,2016.0,DAL,135.0,31.0,
2019,6,00-0033080,S.DeValve,TE,JAX,NO,0,0,0.0,0,0.0,0.0,0.0,0,0.0,0,1,1,16.0,0,1.6,2.6,,,75.0,245.0,26.7580625,3.0,Princeton,2016.0,2016.0,CLE,138.0,-7.0,0.037037037
2019,7,00-0033080,S.DeValve,TE,JAX,CIN,0,0,0.0,0,0.0,0.0,0.0,0,0.0,0,2,0,0.0,0,0.0,0.0,,,75.0,245.0,26.7580625,3.0,Princeton,2016.0,2016.0,CLE,138.0,,0.071428575
2019,8,00-0033080,S.DeValve,TE,JAX,NYJ,0,0,0.0,0,0.0,0.0,0.0,0,0.0,0,1,1,11.0,0,1.1,2.1,,,75.0,245.0,26.7580625,3.0,Princeton,2016.0,2016.0,CLE,138.0,14.0,0.030303031
2019,9,00-0033080,S.DeValve,TE,JAX,HOU,0,0,0.0,0,0.0,0.0,0.0,0,0.0,0,5,4,41.0,0,4.1,8.1,,,75.0,245.0,26.7580625,3.0,Princeton,2016.0,2016.0,CLE,138.0,-23.0,0.11363637
2019,15,00-0033080,S.DeValve,TE,JAX,LV,0,0,0.0,0,0.0,0.0,0.0,0,0.0,0,2,2,23.0,0,2.3,4.3,,,75.0,245.0,26.7580625,3.0,Princeton,2016.0,2016.0,CLE,138.0,,0.071428575
2019,16,00-0033080,S.DeValve,TE,JAX,ATL,0,0,0.0,0,0.0,0.0,0.0,0,0.0,0,6,3,45.0,0,4.5,7.5,,,75.0,245.0,26.7580625,3.0,Princeton,2016.0,2016.0,CLE,138.0,,0.19354838
2019,17,00-0033080,S.DeValve,TE,JAX,IND,0,0,0.0,0,0.0,0.0,0.0,0,0.0,0,1,1,4.0,0,0.4,1.4,,,75.0,245.0,26.7580625,3.0,Princeton,2016.0,2016.0,CLE,138.0,18.0,0.025641026
2019,1,00-0033090,H.Henry,TE,LAC,IND,0,0,0.0,0,0.0,0.0,0.0,0,0.0,0,5,4,60.0,0,6.0,10.0,,,77.0,250.0,24.90225,3.0,Arkansas,2016.0,2016.0,SD,35.0,6.0,0.14705883
2019,6,00-0033090,H.Henry,TE,LAC,PIT,0,0,0.0,0,0.0,0.0,0.0,0,0.0,0,9,8,100.0,2,22.0,30.0,,,77.0,250.0,24.90225,3.0,Arkansas,2016.0,2016.0,SD,35.0,-7.0,0.21428572
2019,7,00-0033090,H.Henry,TE,LAC,TEN,0,0,0.0,0,0.0,0.0,0.0,0,0.0,0,8,6,97.0,0,9.7,15.7,,,77.0,250.0,24.90225,3.0,Arkansas,2016.0,2016.0,SD,35.0,,0.21621622
2019,8,00-0033090,H.Henry,TE,LAC,CHI,0,0,0.0,0,0.0,0.0,0.0,0,0.0,0,6,4,47.0,0,4.7,8.7,,,77.0,250.0,24.90225,3.0,Arkansas,2016.0,2016.0,SD,35.0,,0.20689656
2019,9,00-0033090,H.Henry,TE,LAC,GB,0,0,0.0,0,0.0,0.0,0.0,0,0.0,0,10,7,84.0,0,8.4,15.4,,,77.0,250.0,24.90225,3.0,Arkansas,2016.0,2016.0,SD,35.0,15.0,0.3846154
2019,10,00-0033090,H.Henry,TE,LAC,LV,0,0,0.0,0,0.0,0.0,0.0,0,0.0,0,7,4,30.0,1,9.0,13.0,,,77.0,250.0,24.90225,3.0,Arkansas,2016.0,2016.0,SD,35.0,,0.22580644
2019,11,00-0033090,H.Henry,TE,LAC,KC,0,0,0.0,0,0.0,0.0,0.0,0,0.0,0,9,6,69.0,0,8.9,14.9,,,77.0,250.0,24.90225,3.0,Arkansas,2016.0,2016.0,SD,35.0,-7.0,0.1875
2019,13,00-0033090,H.Henry,TE,LAC,DEN,0,0,0.0,0,0.0,0.0,0.0,0,0.0,0,3,2,10.0,0,1.0,3.0,,,77.0,250.0,24.90225,3.0,Arkansas,2016.0,2016.0,SD,35.0,,0.11111111
2019,14,00-0033090,H.Henry,TE,LAC,JAX,0,0,0.0,0,0.0,0.0,0.0,0,0.0,0,4,2,39.0,1,9.9,11.9,,,77.0,250.0,24.90225,3.0,Arkansas,2016.0,2016.0,SD,35.0,,0.15384616
2019,15,00-0033090,H.Henry,TE,LAC,MIN,0,0,0.0,0,0.0,0.0,0.0,0,0.0,0,2,2,29.0,0,0.9,2.9,,,77.0,250.0,24.90225,3.0,Arkansas,2016.0,2016.0,SD,35.0,-29.0,0.05263158
2019,16,00-0033090,H.Henry,TE,LAC,LV,0,0,0.0,0,0.0,0.0,0.0,0,0.0,0,7,5,45.0,0,4.5,9.5,,,77.0,250.0,24.90225,3.0,Arkansas,2016.0,2016.0,SD,35.0,-7.0,0.1891892
2019,17,00-0033090,H.Henry,TE,LAC,KC,0,0,0.0,0,0.0,0.0,0.0,0,0.0,0,6,5,42.0,1,10.2,15.2,,,77.0,250.0,24.90225,3.0,Arkansas,2016.0,2016.0,SD,35.0,,0.13636364
2019,4,00-0033094,M.Hall,WR,DET,KC,0,0,0.0,0,0.0,0.0,0.0,0,0.0,0,3,2,47.0,0,4.7,6.7,,,70.0,190.0,26.569875,3.0,Washington,2016.0,2016.0,,,-4.0,0.09375
2019,6,00-0033094,M.Hall,WR,DET,GB,0,0,0.0,0,0.0,0.0,0.0,0,0.0,0,1,1,58.0,0,5.8,6.8,,,70.0,190.0,26.569875,3.0,Washington,2016.0,2016.0,,,,0.03125
2019,7,00-0033094,M.Hall,WR,DET,MIN,0,0,0.0,0,0.0,0.0,0.0,0,0.0,0,2,1,47.0,0,4.7,5.7,,,70.0,190.0,26.569875,3.0,Washington,2016.0,2016.0,,,-12.0,0.044444446
2019,8,00-0033094,M.Hall,WR,DET,NYG,0,0,0.0,0,0.0,0.0,0.0,0,0.0,0,1,1,49.0,1,10.9,11.9,,,70.0,190.0,26.569875,3.0,Washington,2016.0,2016.0,,,5.0,0.032258064
2019,9,00-0033094,M.Hall,WR,DET,LV,0,0,0.0,0,0.0,0.0,0.0,1,7.0,0,1,0,0.0,0,0.7,0.7,,,70.0,190.0,26.569875,3.0,Washington,2016.0,2016.0,,,,0.024390243
2019,11,00-0033094,M.Hall,WR,DET,DAL,0,0,0.0,0,0.0,0.0,0.0,0,0.0,0,1,1,39.0,0,3.9,4.9,,,70.0,190.0,26.569875,3.0,Washington,2016.0,2016.0,,,-8.0,0.041666668
2019,12,00-0033094,M.Hall,WR,DET,WAS,0,0,0.0,0,0.0,0.0,0.0,0,0.0,0,2,1,21.0,0,2.1,3.1,,,70.0,190.0,26.569875,3.0,Washington,2016.0,2016.0,,,,0.06666667
2019,1,00-0033106,J.Goff,QB,LA,CAR,23,39,186.0,1,1.0,1.0,3.0,4,0.0,0,0,0,0.0,0,9.44,9.44,,,76.0,223.0,25.0535,3.0,California,2016.0,2016.0,LA,1.0,,
2019,2,00-0033106,J.Goff,QB,LA,NO,19,28,283.0,1,0.0,3.0,18.0,4,-2.0,1,0,0,0.0,0,19.12,19.12,,,76.0,223.0,25.0535,3.0,California,2016.0,2016.0,LA,1.0,18.0,
2019,3,00-0033106,J.Goff,QB,LA,CLE,24,38,268.0,2,2.0,2.0,14.0,4,14.0,0,0,0,0.0,0,14.12,14.12,,,76.0,223.0,25.0535,3.0,California,2016.0,2016.0,LA,1.0,,
2019,4,00-0033106,J.Goff,QB,LA,TB,45,68,517.0,2,3.0,2.0,27.0,0,0.0,0,0,0,0.0,0,20.68,20.68,,,76.0,223.0,25.0535,3.0,California,2016.0,2016.0,LA,1.0,-15.0,
2019,5,00-0033106,J.Goff,QB,LA,SEA,29,49,395.0,1,1.0,0.0,-0.0,1,1.0,0,0,0,0.0,0,17.9,17.9,,,76.0,223.0,25.0535,3.0,California,2016.0,2016.0,LA,1.0,,
2019,6,00-0033106,J.Goff,QB,LA,SF,13,24,78.0,0,0.0,4.0,30.0,1,0.0,0,0,0,0.0,0,1.12,1.12,,,76.0,223.0,25.0535,3.0,California,2016.0,2016.0,LA,1.0,-13.0,
2019,7,00-0033106,J.Goff,QB,LA,ATL,22,37,268.0,2,0.0,0.0,-0.0,3,3.0,1,0,0,0.0,0,25.02,25.02,,,76.0,223.0,25.0535,3.0,California,2016.0,2016.0,LA,1.0,,
2019,8,00-0033106,J.Goff,QB,LA,CIN,17,31,372.0,2,0.0,0.0,-0.0,0,0.0,0,0,0,0.0,0,22.88,22.88,,,76.0,223.0,25.0535,3.0,California,2016.0,2016.0,LA,1.0,14.0,
2019,10,00-0033106,J.Goff,QB,LA,PIT,22,41,243.0,0,2.0,4.0,25.0,1,0.0,0,0,0,0.0,0,3.72,3.72,,,76.0,223.0,25.0535,3.0,California,2016.0,2016.0,LA,1.0,,
2019,11,00-0033106,J.Goff,QB,LA,CHI,11,18,173.0,0,1.0,0.0,-0.0,3,3.0,0,0,0,0.0,0,5.22,5.22,,,76.0,223.0,25.0535,3.0,California,2016.0,2016.0,LA,1.0,10.0,
2019,12,00-0033106,J.Goff,QB,LA,BAL,26,37,212.0,0,2.0,2.0,13.0,1,-1.0,0,0,0,0.0,0,4.38,4.38,,,76.0,223.0,25.0535,3.0,California,2016.0,2016.0,LA,1.0,-39.0,
2019,13,00-0033106,J.Goff,QB,LA,ARI,32,43,424.0,2,0.0,1.0,10.0,0,0.0,0,0,0,0.0,0,24.96,24.96,,,76.0,223.0,25.0535,3.0,California,2016.0,2016.0,LA,1.0,,
2019,14,00-0033106,J.Goff,QB,LA,SEA,22,31,293.0,2,2.0,0.0,-0.0,2,4.0,0,0,0,0.0,0,16.12,16.12,,,76.0,223.0,25.0535,3.0,California,2016.0,2016.0,LA,1.0,16.0,
2019,15,00-0033106,J.Goff,QB,LA,DAL,33,51,284.0,2,1.0,2.0,22.0,3,2.0,0,0,0,0.0,0,17.56,17.56,,,76.0,223.0,25.0535,3.0,California,2016.0,2016.0,LA,1.0,,
2019,16,00-0033106,J.Goff,QB,LA,SF,27,46,323.0,2,1.0,0.0,-0.0,4,12.0,0,0,0,0.0,0,20.12,20.12,,,76.0,223.0,25.0535,3.0,California,2016.0,2016.0,LA,1.0,,
2019,17,00-0033106,J.Goff,QB,LA,ARI,29,45,319.0,3,0.0,1.0,8.0,2,4.0,0,0,0,0.0,0,25.16,25.16,,,76.0,223.0,25.0535,3.0,California,2016.0,2016.0,LA,1.0,7.0,
2019,1,00-0033110,T.Higbee,TE,LA,CAR,0,0,0.0,0,0.0,0.0,0.0,0,0.0,0,5,4,20.0,1,8.0,12.0,,,78.0,257.0,26.8359375,3.0,Western Kentucky,2016.0,2016.0,LA,110.0,,0.13157895
2019,2,00-0033110,T.Higbee,TE,LA,NO,0,0,0.0,0,0.0,0.0,0.0,0,0.0,0,3,2,21.0,0,2.1,4.1,,,78.0,257.0,26.8359375,3.0,Western Kentucky,2016.0,2016.0,LA,110.0,18.0,0.10714286
2019,4,00-0033110,T.Higbee,TE,LA,TB,0,0,0.0,0,0.0,0.0,0.0,0,0.0,0,7,4,41.0,0,4.1,8.1,,,78.0,257.0,26.8359375,3.0,Western Kentucky,2016.0,2016.0,LA,110.0,-15.0,0.10294118
2019,5,00-0033110,T.Higbee,TE,LA,SEA,0,0,0.0,0,0.0,0.0,0.0,0,0.0,0,3,3,47.0,0,4.7,7.7,,,78.0,257.0,26.8359375,3.0,Western Kentucky,2016.0,2016.0,LA,110.0,,0.06122449
2019,6,00-0033110,T.Higbee,TE,LA,SF,0,0,0.0,0,0.0,0.0,0.0,0,0.0,0,3,3,25.0,0,2.5,5.5,,,78.0,257.0,26.8359375,3.0,Western Kentucky,2016.0,2016.0,LA,110.0,-13.0,0.125
2019,7,00-0033110,T.Higbee,TE,LA,ATL,0,0,0.0,0,0.0,0.0,0.0,0,0.0,0,1,1,8.0,0,0.8,1.8,,,78.0,257.0,26.8359375,3.0,Western Kentucky,2016.0,2016.0,LA,110.0,,0.02631579
2019,8,00-0033110,T.Higbee,TE,LA,CIN,0,0,0.0,0,0.0,0.0,0.0,0,0.0,0,1,1,8.0,0,0.8,1.8,,,78.0,257.0,26.8359375,3.0,Western Kentucky,2016.0,2016.0,LA,110.0,14.0,0.033333335
2019,10,00-0033110,T.Higbee,TE,LA,PIT,0,0,0.0,0,0.0,0.0,0.0,0,0.0,0,4,3,22.0,0,2.2,5.2,,,78.0,257.0,26.8359375,3.0,Western Kentucky,2016.0,2016.0,LA,110.0,,0.0952381
2019,12,00-0033110,T.Higbee,TE,LA,BAL,0,0,0.0,0,0.0,0.0,0.0,0,0.0,0,6,5,20.0,0,2.0,7.0,,,78.0,257.0,26.8359375,3.0,Western Kentucky,2016.0,2016.0,LA,110.0,-39.0,0.16666667
2019,13,00-0033110,T.Higbee,TE,LA,ARI,0,0,0.0,0,0.0,0.0,0.0,0,0.0,0,8,7,107.0,1,16.7,23.7,,,78.0,257.0,26.8359375,3.0,Western Kentucky,2016.0,2016.0,LA,110.0,,0.19512194
2019,14,00-0033110,T.Higbee,TE,LA,SEA,0,0,0.0,0,0.0,0.0,0.0,0,0.0,0,11,7,116.0,0,11.6,18.6,,,78.0,257.0,26.8359375,3.0,Western Kentucky,2016.0,2016.0,LA,110.0,16.0,0.36666667
2019,15,00-0033110,T.Higbee,TE,LA,DAL,0,0,0.0,0,0.0,0.0,0.0,0,0.0,0,14,12,111.0,0,11.1,23.1,,,78.0,257.0,26.8359375,3.0,Western Kentucky,2016.0,2016.0,LA,110.0,,0.27450982
2019,16,00-0033110,T.Higbee,TE,LA,SF,0,0,0.0,0,0.0,0.0,0.0,0,0.0,0,11,9,104.0,0,10.4,19.4,,,78.0,257.0,26.8359375,3.0,Western Kentucky,2016.0,2016.0,LA,110.0,,0.2820513
2019,17,00-0033110,T.Higbee,TE,LA,ARI,0,0,0.0,0,0.0,0.0,0.0,0,0.0,0,12,8,84.0,1,14.4,22.4,,,78.0,257.0,26.8359375,3.0,Western Kentucky,2016.0,2016.0,LA,110.0,7.0,0.27272728
2019,5,00-0033111,P.Cooper,WR,ARI,CIN,0,0,0.0,0,0.0,0.0,0.0,0,0.0,0,2,2,33.0,0,3.3,5.3,,,71.0,208.0,24.6559375,3.0,South Carolina,2016.0,2016.0,LA,117.0,,0.06451613
2019,6,00-0033111,P.Cooper,WR,ARI,ATL,0,0,0.0,0,0.0,0.0,0.0,1,2.0,0,4,3,16.0,0,1.8,4.8,,,71.0,208.0,24.6559375,3.0,South Carolina,2016.0,2016.0,LA,117.0,1.0,0.114285715
2019,7,00-0033111,P.Cooper,WR,ARI,NYG,0,0,0.0,0,0.0,0.0,0.0,0,0.0,0,4,4,29.0,0,2.9,6.9,,,71.0,208.0,24.6559375,3.0,South Carolina,2016.0,2016.0,LA,117.0,,0.1904762
2019,9,00-0033111,P.Cooper,WR,ARI,SF,0,0,0.0,0,0.0,0.0,0.0,0,0.0,0,2,2,15.0,0,1.5,3.5,,,71.0,208.0,24.6559375,3.0,South Carolina,2016.0,2016.0,LA,117.0,-3.0,0.08695652
2019,10,00-0033111,P.Cooper,WR,ARI,TB,0,0,0.0,0,0.0,0.0,0.0,0,0.0,0,5,2,29.0,0,2.9,4.9,,,71.0,208.0,24.6559375,3.0,South Carolina,2016.0,2016.0,LA,117.0,,0.11627907
2019,11,00-0033111,P.Cooper,WR,ARI,SF,0,0,0.0,0,0.0,0.0,0.0,0,0.0,0,4,3,35.0,1,9.5,12.5,,,71.0,208.0,24.6559375,3.0,South Carolina,2016.0,2016.0,LA,117.0,,0.121212125
2019,13,00-0033111,P.Cooper,WR,ARI,LA,0,0,0.0,0,0.0,0.0,0.0,0,0.0,0,6,4,26.0,0,2.6,6.6,,,71.0,208.0,24.6559375,3.0,South Carolina,2016.0,2016.0,LA,117.0,-27.0,0.18181819
2019,14,00-0033111,P.Cooper,WR,ARI,PIT,0,0,0.0,0,0.0,0.0,0.0,0,0.0,0,1,1,5.0,0,0.5,1.5,,,71.0,208.0,24.6559375,3.0,South Carolina,2016.0,2016.0,LA,117.0,-6.0,0.035714287
2019,15,00-0033111,P.Cooper,WR,ARI,CLE,0,0,0.0,0,0.0,0.0,0.0,0,0.0,0,1,1,17.0,0,1.7,2.7,,,71.0,208.0,24.6559375,3.0,South Carolina,2016.0,2016.0,LA,117.0,14.0,0.05
2019,16,00-0033111,P.Cooper,WR,ARI,SEA,0,0,0.0,0,0.0,0.0,0.0,0,0.0,0,2,2,14.0,0,1.4,3.4,,,71.0,208.0,24.6559375,3.0,South Carolina,2016.0,2016.0,LA,117.0,,0.074074075
2019,17,00-0033111,P.Cooper,WR,ARI,LA,0,0,0.0,0,0.0,0.0,0.0,0,0.0,0,2,1,24.0,0,2.4,3.4,,,71.0,208.0,24.6559375,3.0,South Carolina,2016.0,2016.0,LA,117.0,,0.051282052
2019,8,00-0033114,M.Thomas,WR,LA,CIN,0,0,0.0,0,0.0,0.0,0.0,0,0.0,0,1,0,0.0,0,0.0,0.0,,,73.0,189.0,25.215062500000002,3.0,Southern Mississippi,2016.0,2016.0,LA,206.0,14.0,0.033333335
2019,11,00-0033114,M.Thomas,WR,LA,CHI,0,0,0.0,0,0.0,0.0,0.0,0,0.0,0,3,1,9.0,0,0.9,1.9,,,73.0,189.0,25.215062500000002,3.0,Southern Mississippi,2016.0,2016.0,LA,206.0,10.0,0.1875
2019,15,00-0033114,M.Thomas,WR,LA,DAL,0,0,0.0,0,0.0,0.0,0.0,0,0.0,0,1,1,5.0,0,0.5,1.5,,,73.0,189.0,25.215062500000002,3.0,Southern Mississippi,2016.0,2016.0,LA,206.0,,0.019607844
2019,1,00-0033118,K.Drake,RB,MIA,BAL,0,0,0.0,0,0.0,0.0,0.0,4,12.0,0,3,2,15.0,0,2.7,4.7,,,73.0,211.0,25.769466666666666,3.0,Alabama,2016.0,2016.0,MIA,73.0,-49.0,0.09375
2019,2,00-0033118,K.Drake,RB,MIA,NE,0,0,0.0,0,0.0,0.0,0.0,6,19.0,0,6,5,29.0,0,4.8,9.8,,,73.0,211.0,25.769466666666666,3.0,Alabama,2016.0,2016.0,MIA,73.0,-43.0,0.15384616
2019,3,00-0033118,K.Drake,RB,MIA,DAL,0,0,0.0,0,0.0,0.0,0.0,12,38.0,0,6,3,34.0,0,5.2,8.2,,,73.0,211.0,25.769466666666666,3.0,Alabama,2016.0,2016.0,MIA,73.0,,0.14634146
2019,4,00-0033118,K.Drake,RB,MIA,LAC,0,0,0.0,0,0.0,0.0,0.0,9,44.0,0,5,3,29.0,0,7.3,10.3,,,73.0,211.0,25.769466666666666,3.0,Alabama,2016.0,2016.0,MIA,73.0,-20.0,0.20833333
2019,6,00-0033118,K.Drake,RB,MIA,WAS,0,0,0.0,0,0.0,0.0,0.0,10,40.0,0,9,6,30.0,0,7.0,13.0,,,73.0,211.0,25.769466666666666,3.0,Alabama,2016.0,2016.0,MIA,73.0,-1.0,0.21428572
2019,7,00-0033118,K.Drake,RB,MIA,BUF,0,0,0.0,0,0.0,0.0,0.0,6,21.0,0,4,3,37.0,0,5.8,8.8,,,73.0,211.0,25.769466666666666,3.0,Alabama,2016.0,2016.0,MIA,73.0,,0.11764706
2019,9,00-0033118,K.Drake,RB,ARI,SF,0,0,0.0,0,0.0,0.0,0.0,15,110.0,1,4,4,52.0,0,24.2,28.2,,,73.0,211.0,25.769466666666666,3.0,Alabama,2016.0,2016.0,MIA,73.0,-3.0,0.17391305
2019,10,00-0033118,K.Drake,RB,ARI,TB,0,0,0.0,0,0.0,0.0,0.0,10,35.0,0,7,6,6.0,0,4.1,10.1,,,73.0,211.0,25.769466666666666,3.0,Alabama,2016.0,2016.0,MIA,73.0,,0.1627907
2019,11,00-0033118,K.Drake,RB,ARI,SF,0,0,0.0,0,0.0,0.0,0.0,16,67.0,0,7,6,13.0,0,8.0,14.0,,,73.0,211.0,25.769466666666666,3.0,Alabama,2016.0,2016.0,MIA,73.0,,0.21212122
2019,13,00-0033118,K.Drake,RB,ARI,LA,0,0,0.0,0,0.0,0.0,0.0,13,31.0,0,5,2,20.0,0,5.1,7.1,,,73.0,211.0,25.769466666666666,3.0,Alabama,2016.0,2016.0,MIA,73.0,-27.0,0.15151516
2019,14,00-0033118,K.Drake,RB,ARI,PIT,0,0,0.0,0,0.0,0.0,0.0,11,37.0,0,3,3,30.0,0,6.7,9.7,,,73.0,211.0,25.769466666666666,3.0,Alabama,2016.0,2016.0,MIA,73.0,-6.0,0.10714286
2019,15,00-0033118,K.Drake,RB,ARI,CLE,0,0,0.0,0,0.0,0.0,0.0,20,105.0,4,1,1,9.0,0,41.4,42.4,,,73.0,211.0,25.769466666666666,3.0,Alabama,2016.0,2016.0,MIA,73.0,14.0,0.05
2019,16,00-0033118,K.Drake,RB,ARI,SEA,0,0,0.0,0,0.0,0.0,0.0,24,166.0,2,4,3,18.0,0,30.4,33.4,,,73.0,211.0,25.769466666666666,3.0,Alabama,2016.0,2016.0,MIA,73.0,,0.14814815
2019,17,00-0033118,K.Drake,RB,ARI,LA,0,0,0.0,0,0.0,0.0,0.0,12,60.0,1,4,3,23.0,0,14.3,17.3,,,73.0,211.0,25.769466666666666,3.0,Alabama,2016.0,2016.0,MIA,73.0,,0.102564104
2019,1,00-0033119,J.Brissett,QB,IND,LAC,21,27,190.0,2,0.0,2.0,17.0,3,9.0,0,0,0,0.0,0,16.5,16.5,,,76.0,235.0,26.89725,3.0,North Carolina State,2016.0,2016.0,NE,91.0,,
2019,2,00-0033119,J.Brissett,QB,IND,TEN,17,28,146.0,3,1.0,3.0,25.0,7,25.0,0,0,0,0.0,0,16.34,16.34,,,76.0,235.0,26.89725,3.0,North Carolina State,2016.0,2016.0,NE,91.0,,
2019,3,00-0033119,J.Brissett,QB,IND,ATL,28,37,310.0,2,0.0,1.0,10.0,3,4.0,0,0,0,0.0,0,20.8,20.8,,,76.0,235.0,26.89725,3.0,North Carolina State,2016.0,2016.0,NE,91.0,3.0,
2019,4,00-0033119,J.Brissett,QB,IND,LV,24,46,265.0,3,1.0,0.0,-0.0,5,19.0,0,0,0,0.0,0,22.5,22.5,,,76.0,235.0,26.89725,3.0,North Carolina State,2016.0,2016.0,NE,91.0,-7.0,
2019,5,00-0033119,J.Brissett,QB,IND,KC,18,29,151.0,0,1.0,0.0,-0.0,6,9.0,1,0,0,0.0,0,10.94,10.94,,,76.0,235.0,26.89725,3.0,North Carolina State,2016.0,2016.0,NE,91.0,,
2019,7,00-0033119,J.Brissett,QB,IND,HOU,26,39,326.0,4,0.0,1.0,5.0,5,6.0,0,0,0,0.0,0,27.64,27.64,,,76.0,235.0,26.89725,3.0,North Carolina State,2016.0,2016.0,NE,91.0,7.0,
2019,8,00-0033119,J.Brissett,QB,IND,DEN,15,25,202.0,0,0.0,4.0,11.0,6,34.0,0,0,0,0.0,0,9.48,9.48,,,76.0,235.0,26.89725,3.0,North Carolina State,2016.0,2016.0,NE,91.0,2.0,
2019,9,00-0033119,J.Brissett,QB,IND,PIT,4,5,59.0,0,0.0,1.0,4.0,2,4.0,0,0,0,0.0,0,2.76,2.76,,,76.0,235.0,26.89725,3.0,North Carolina State,2016.0,2016.0,NE,91.0,,
2019,11,00-0033119,J.Brissett,QB,IND,JAX,15,24,148.0,1,1.0,3.0,23.0,2,12.0,1,0,0,0.0,0,15.12,15.12,,,76.0,235.0,26.89725,3.0,North Carolina State,2016.0,2016.0,NE,91.0,20.0,
2019,12,00-0033119,J.Brissett,QB,IND,HOU,16,25,129.0,0,0.0,1.0,8.0,4,20.0,1,0,0,0.0,0,13.16,13.16,,,76.0,235.0,26.89725,3.0,North Carolina State,2016.0,2016.0,NE,91.0,,
2019,13,00-0033119,J.Brissett,QB,IND,TEN,25,40,319.0,1,2.0,3.0,10.0,1,-1.0,0,0,0,0.0,0,12.66,12.66,,,76.0,235.0,26.89725,3.0,North Carolina State,2016.0,2016.0,NE,91.0,-14.0,
2019,14,00-0033119,J.Brissett,QB,IND,TB,19,36,251.0,2,0.0,1.0,8.0,4,26.0,0,0,0,0.0,0,22.64,22.64,,,76.0,235.0,26.89725,3.0,North Carolina State,2016.0,2016.0,NE,91.0,,
2019,15,00-0033119,J.Brissett,QB,IND,NO,18,34,165.0,0,0.0,1.0,6.0,1,7.0,0,0,0,0.0,0,7.3,7.3,,,76.0,235.0,26.89725,3.0,North Carolina State,2016.0,2016.0,NE,91.0,,
2019,16,00-0033119,J.Brissett,QB,IND,CAR,14,27,119.0,0,0.0,3.0,13.0,3,37.0,1,1,1,2.0,0,14.66,15.66,,,76.0,235.0,26.89725,3.0,North Carolina State,2016.0,2016.0,NE,91.0,32.0,0.041666668
2019,17,00-0033119,J.Brissett,QB,IND,JAX,12,25,162.0,0,0.0,3.0,19.0,4,17.0,0,0,0,0.0,0,4.18,4.18,,,76.0,235.0,26.89725,3.0,North Carolina State,2016.0,2016.0,NE,91.0,,
2019,1,00-0033127,W.Fuller,WR,HOU,NO,0,0,0.0,0,0.0,0.0,0.0,0,0.0,0,3,2,69.0,0,6.9,8.9,,,72.0,184.0,25.56811111111111,3.0,Notre Dame,2016.0,2016.0,HOU,21.0,,0.10344828
2019,2,00-0033127,W.Fuller,WR,HOU,JAX,0,0,0.0,0,0.0,0.0,0.0,0,0.0,0,7,4,40.0,0,4.0,8.0,,,72.0,184.0,25.56811111111111,3.0,Notre Dame,2016.0,2016.0,HOU,21.0,1.0,0.2413793
2019,3,00-0033127,W.Fuller,WR,HOU,LAC,0,0,0.0,0,0.0,0.0,0.0,0,0.0,0,7,5,51.0,0,5.1,10.1,,,72.0,184.0,25.56811111111111,3.0,Notre Dame,2016.0,2016.0,HOU,21.0,,0.20588236
2019,4,00-0033127,W.Fuller,WR,HOU,CAR,0,0,0.0,0,0.0,0.0,0.0,0,0.0,0,6,3,23.0,0,2.3,5.3,,,72.0,184.0,25.56811111111111,3.0,Notre Dame,2016.0,2016.0,HOU,21.0,-6.0,0.1875
2019,5,00-0033127,W.Fuller,WR,HOU,ATL,0,0,0.0,0,0.0,0.0,0.0,0,0.0,0,16,14,217.0,3,39.7,53.7,,,72.0,184.0,25.56811111111111,3.0,Notre Dame,2016.0,2016.0,HOU,21.0,21.0,0.4848485
2019,6,00-0033127,W.Fuller,WR,HOU,KC,0,0,0.0,0,0.0,0.0,0.0,0,0.0,0,9,5,44.0,0,4.4,9.4,,,72.0,184.0,25.56811111111111,3.0,Notre Dame,2016.0,2016.0,HOU,21.0,,0.21428572
2019,7,00-0033127,W.Fuller,WR,HOU,IND,0,0,0.0,0,0.0,0.0,0.0,0,0.0,0,1,1,6.0,0,0.6,1.6,,,72.0,184.0,25.56811111111111,3.0,Notre Dame,2016.0,2016.0,HOU,21.0,,0.030303031
2019,12,00-0033127,W.Fuller,WR,HOU,IND,0,0,0.0,0,0.0,0.0,0.0,0,0.0,0,11,7,140.0,0,14.0,21.0,,,72.0,184.0,25.56811111111111,3.0,Notre Dame,2016.0,2016.0,HOU,21.0,3.0,0.39285713
2019,13,00-0033127,W.Fuller,WR,HOU,NE,0,0,0.0,0,0.0,0.0,0.0,0,0.0,0,2,1,8.0,0,0.8,1.8,,,72.0,184.0,25.56811111111111,3.0,Notre Dame,2016.0,2016.0,HOU,21.0,6.0,0.07692308
2019,15,00-0033127,W.Fuller,WR,HOU,TEN,0,0,0.0,0,0.0,0.0,0.0,0,0.0,0,7,5,61.0,0,6.1,11.1,,,72.0,184.0,25.56811111111111,3.0,Notre Dame,2016.0,2016.0,HOU,21.0,,0.28
2019,16,00-0033127,W.Fuller,WR,HOU,TB,0,0,0.0,0,0.0,0.0,0.0,0,0.0,0,2,2,11.0,0,1.1,3.1,,,72.0,184.0,25.56811111111111,3.0,Notre Dame,2016.0,2016.0,HOU,21.0,,0.0625
2019,19,00-0033127,W.Fuller,WR,HOU,KC,0,0,0.0,0,0.0,0.0,0.0,0,0.0,0,8,5,89.0,0,8.9,13.9,,,72.0,184.0,25.56811111111111,3.0,Notre Dame,2016.0,2016.0,HOU,21.0,,0.16
2019,7,00-0033132,K.Byard,FS,TEN,LAC,0,0,0.0,0,0.0,0.0,0.0,0,0.0,0,1,1,11.0,0,1.1,2.1,,,71.0,212.0,26.239736842105263,3.0,Middle Tennessee,2016.0,2016.0,TEN,64.0,3.0,0.03448276
2019,4,00-0033164,T.Pope,RB,LAC,MIA,0,0,0.0,0,0.0,0.0,0.0,10,20.0,0,2,2,14.0,1,9.4,11.4,,,68.0,205.0,25.9234375,3.0,Jacksonville State,2016.0,2016.0,,,,0.06666667
2019,11,00-0033164,T.Pope,RB,LAC,KC,0,0,0.0,0,0.0,0.0,0.0,0,0.0,0,1,0,0.0,0,0.0,0.0,,,68.0,205.0,25.9234375,3.0,Jacksonville State,2016.0,2016.0,,,-7.0,0.020833334
2019,17,00-0033215,C.Grayson,WR,TB,ATL,0,0,0.0,0,0.0,0.0,0.0,0,0.0,0,1,1,3.0,0,0.3,1.3,,,69.0,183.0,25.9104375,2.0,Louisiana State,2017.0,2017.0,,,-6.0,0.04347826
2019,1,00-0033217,M.Alie-Cox,TE,IND,LAC,0,0,0.0,0,0.0,0.0,0.0,0,0.0,0,1,1,3.0,0,0.3,1.3,,,77.0,267.0,26.1251875,2.0,Virginia Commonwealth,2017.0,2017.0,,,,0.037037037
2019,2,00-0033217,M.Alie-Cox,TE,IND,TEN,0,0,0.0,0,0.0,0.0,0.0,0,0.0,0,1,0,0.0,0,0.0,0.0,,,77.0,267.0,26.1251875,2.0,Virginia Commonwealth,2017.0,2017.0,,,,0.03846154
2019,3,00-0033217,M.Alie-Cox,TE,IND,ATL,0,0,0.0,0,0.0,0.0,0.0,0,0.0,0,2,2,25.0,0,2.5,4.5,,,77.0,267.0,26.1251875,2.0,Virginia Commonwealth,2017.0,2017.0,,,3.0,0.055555556
2019,5,00-0033217,M.Alie-Cox,TE,IND,KC,0,0,0.0,0,0.0,0.0,0.0,0,0.0,0,2,1,10.0,0,1.0,2.0,,,77.0,267.0,26.1251875,2.0,Virginia Commonwealth,2017.0,2017.0,,,,0.07692308
2019,9,00-0033217,M.Alie-Cox,TE,IND,PIT,0,0,0.0,0,0.0,0.0,0.0,0,0.0,0,1,1,11.0,0,1.1,2.1,,,77.0,267.0,26.1251875,2.0,Virginia Commonwealth,2017.0,2017.0,,,,0.033333335
2019,10,00-0033217,M.Alie-Cox,TE,IND,MIA,0,0,0.0,0,0.0,0.0,0.0,0,0.0,0,1,0,0.0,0,0.0,0.0,,,77.0,267.0,26.1251875,2.0,Virginia Commonwealth,2017.0,2017.0,,,-4.0,0.025641026
2019,14,00-0033217,M.Alie-Cox,TE,IND,TB,0,0,0.0,0,0.0,0.0,0.0,0,0.0,0,1,1,8.0,0,0.8,1.8,,,77.0,267.0,26.1251875,2.0,Virginia Commonwealth,2017.0,2017.0,,,,0.028571429
2019,16,00-0033217,M.Alie-Cox,TE,IND,CAR,0,0,0.0,0,0.0,0.0,0.0,0,0.0,0,1,1,21.0,0,2.1,3.1,,,77.0,267.0,26.1251875,2.0,Virginia Commonwealth,2017.0,2017.0,,,32.0,0.041666668
2019,17,00-0033217,M.Alie-Cox,TE,IND,JAX,0,0,0.0,0,0.0,0.0,0.0,0,0.0,0,1,1,15.0,0,1.5,2.5,,,77.0,267.0,26.1251875,2.0,Virginia Commonwealth,2017.0,2017.0,,,,0.041666668
2019,7,00-0033246,J.Mundt,TE,LA,ATL,0,0,0.0,0,0.0,0.0,0.0,0,0.0,0,1,0,0.0,0,0.0,0.0,,,76.0,232.0,24.9440625,2.0,Oregon,2017.0,2017.0,,,,0.02631579
2019,10,00-0033246,J.Mundt,TE,LA,PIT,0,0,0.0,0,0.0,0.0,0.0,0,0.0,0,1,1,9.0,0,0.9,1.9,,,76.0,232.0,24.9440625,2.0,Oregon,2017.0,2017.0,,,,0.023809524
2019,13,00-0033246,J.Mundt,TE,LA,ARI,0,0,0.0,0,0.0,0.0,0.0,0,0.0,0,1,0,0.0,0,0.0,0.0,,,76.0,232.0,24.9440625,2.0,Oregon,2017.0,2017.0,,,,0.024390243
2019,15,00-0033246,J.Mundt,TE,LA,DAL,0,0,0.0,0,0.0,0.0,0.0,0,0.0,0,3,2,15.0,0,1.5,3.5,,,76.0,232.0,24.9440625,2.0,Oregon,2017.0,2017.0,,,,0.05882353
2019,17,00-0033246,J.Mundt,TE,LA,ARI,0,0,0.0,0,0.0,0.0,0.0,0,0.0,0,1,1,2.0,0,0.2,1.2,,,76.0,232.0,24.9440625,2.0,Oregon,2017.0,2017.0,,,7.0,0.022727273
2019,3,00-0033251,Z.Pascal,WR,IND,ATL,0,0,0.0,0,0.0,0.0,0.0,0,0.0,0,3,2,53.0,1,11.3,13.3,,,74.0,214.0,24.87925,2.0,Old Dominion,2017.0,2017.0,,,3.0,0.083333336
2019,4,00-0033251,Z.Pascal,WR,IND,LV,0,0,0.0,0,0.0,0.0,0.0,0,0.0,0,7,4,72.0,0,7.2,11.2,,,74.0,214.0,24.87925,2.0,Old Dominion,2017.0,2017.0,,,-7.0,0.1521739
2019,5,00-0033251,Z.Pascal,WR,IND,KC,0,0,0.0,0,0.0,0.0,0.0,1,12.0,0,2,1,8.0,0,2.0,3.0,,,74.0,214.0,24.87925,2.0,Old Dominion,2017.0,2017.0,,,,0.07692308
2019,7,00-0033251,Z.Pascal,WR,IND,HOU,0,1,0.0,0,0.0,0.0,-0.0,0,0.0,0,7,6,106.0,2,22.6,28.6,,,74.0,214.0,24.87925,2.0,Old Dominion,2017.0,2017.0,,,7.0,0.19444445
2019,8,00-0033251,Z.Pascal,WR,IND,DEN,0,0,0.0,0,0.0,0.0,0.0,0,0.0,0,2,1,6.0,0,0.6,1.6,,,74.0,214.0,24.87925,2.0,Old Dominion,2017.0,2017.0,,,2.0,0.083333336
2019,9,00-0033251,Z.Pascal,WR,IND,PIT,0,0,0.0,0,0.0,0.0,0.0,0,0.0,0,6,5,76.0,1,13.6,18.6,,,74.0,214.0,24.87925,2.0,Old Dominion,2017.0,2017.0,,,,0.2
2019,10,00-0033251,Z.Pascal,WR,IND,MIA,0,0,0.0,0,0.0,0.0,0.0,0,0.0,0,7,2,26.0,0,2.6,4.6,,,74.0,214.0,24.87925,2.0,Old Dominion,2017.0,2017.0,,,-4.0,0.17948718
2019,11,00-0033251,Z.Pascal,WR,IND,JAX,0,0,0.0,0,0.0,0.0,0.0,0,0.0,0,6,2,17.0,0,1.7,3.7,,,74.0,214.0,24.87925,2.0,Old Dominion,2017.0,2017.0,,,20.0,0.2857143
2019,12,00-0033251,Z.Pascal,WR,IND,HOU,0,0,0.0,0,0.0,0.0,0.0,0,0.0,0,1,0,0.0,0,0.0,0.0,,,74.0,214.0,24.87925,2.0,Old Dominion,2017.0,2017.0,,,,0.041666668
2019,13,00-0033251,Z.Pascal,WR,IND,TEN,0,0,0.0,0,0.0,0.0,0.0,0,0.0,0,10,7,109.0,0,10.9,17.9,,,74.0,214.0,24.87925,2.0,Old Dominion,2017.0,2017.0,,,-14.0,0.27027026
2019,14,00-0033251,Z.Pascal,WR,IND,TB,0,0,0.0,0,0.0,0.0,0.0,0,0.0,0,9,5,74.0,1,15.4,20.4,,,74.0,214.0,24.87925,2.0,Old Dominion,2017.0,2017.0,,,,0.25714287
2019,15,00-0033251,Z.Pascal,WR,IND,NO,0,0,0.0,0,0.0,0.0,0.0,0,0.0,0,6,4,44.0,0,4.4,8.4,,,74.0,214.0,24.87925,2.0,Old Dominion,2017.0,2017.0,,,,0.18181819
2019,16,00-0033251,Z.Pascal,WR,IND,CAR,0,0,0.0,0,0.0,0.0,0.0,0,0.0,0,3,1,6.0,0,0.6,1.6,,,74.0,214.0,24.87925,2.0,Old Dominion,2017.0,2017.0,,,32.0,0.125
2019,17,00-0033251,Z.Pascal,WR,IND,JAX,0,0,0.0,0,0.0,0.0,0.0,1,4.0,0,3,1,10.0,0,1.4,2.4,,,74.0,214.0,24.87925,2.0,Old Dominion,2017.0,2017.0,,,,0.125
2019,8,00-0033258,D.Daniels,TE,ARI,NO,0,0,0.0,0,0.0,0.0,0.0,0,0.0,0,1,0,0.0,0,0.0,0.0,,,75.0,256.0,24.943125,2.0,Washington,2017.0,2017.0,,,,0.03125
2019,11,00-0033258,D.Daniels,TE,ARI,SF,0,0,0.0,0,0.0,0.0,0.0,0,0.0,0,1,1,4.0,0,0.4,1.4,,,75.0,256.0,24.943125,2.0,Washington,2017.0,2017.0,,,,0.030303031
2019,16,00-0033258,D.Daniels,TE,ARI,SEA,0,0,0.0,0,0.0,0.0,0.0,0,0.0,0,1,0,0.0,0,0.0,0.0,,,75.0,256.0,24.943125,2.0,Washington,2017.0,2017.0,,,,0.037037037
2019,1,00-0033280,C.McCaffrey,RB,CAR,LA,0,0,0.0,0,0.0,0.0,0.0,19,128.0,2,11,10,81.0,0,32.9,42.9,,,71.0,205.0,23.4078125,2.0,Stanford,2017.0,2017.0,CAR,8.0,-3.0,0.2972973
2019,2,00-0033280,C.McCaffrey,RB,CAR,TB,0,0,0.0,0,0.0,0.0,0.0,16,37.0,0,6,2,16.0,0,5.3,7.3,,,71.0,205.0,23.4078125,2.0,Stanford,2017.0,2017.0,CAR,8.0,-6.0,0.12244898
2019,3,00-0033280,C.McCaffrey,RB,CAR,ARI,0,0,0.0,0,0.0,0.0,0.0,24,153.0,1,4,3,35.0,0,24.8,27.8,,,71.0,205.0,23.4078125,2.0,Stanford,2017.0,2017.0,CAR,8.0,,0.16
2019,4,00-0033280,C.McCaffrey,RB,CAR,HOU,0,0,0.0,0,0.0,0.0,0.0,27,93.0,1,10,10,86.0,0,23.9,33.9,,,71.0,205.0,23.4078125,2.0,Stanford,2017.0,2017.0,CAR,8.0,,0.3030303
2019,5,00-0033280,C.McCaffrey,RB,CAR,JAX,0,1,0.0,0,0.0,0.0,-0.0,19,176.0,2,8,6,61.0,1,41.7,47.7,,,71.0,205.0,23.4078125,2.0,Stanford,2017.0,2017.0,CAR,8.0,7.0,0.2857143
2019,6,00-0033280,C.McCaffrey,RB,CAR,TB,0,0,0.0,0,0.0,0.0,0.0,22,31.0,1,5,4,26.0,1,17.7,21.7,,,71.0,205.0,23.4078125,2.0,Stanford,2017.0,2017.0,CAR,8.0,,0.16129032
2019,8,00-0033280,C.McCaffrey,RB,CAR,SF,0,0,0.0,0,0.0,0.0,0.0,14,117.0,1,5,4,38.0,0,23.5,27.5,,,71.0,205.0,23.4078125,2.0,Stanford,2017.0,2017.0,CAR,8.0,,0.13513513
2019,9,00-0033280,C.McCaffrey,RB,CAR,TEN,0,0,0.0,0,0.0,0.0,0.0,24,146.0,2,3,3,20.0,1,34.6,37.6,,,71.0,205.0,23.4078125,2.0,Stanford,2017.0,2017.0,CAR,8.0,10.0,0.1
2019,10,00-0033280,C.McCaffrey,RB,CAR,GB,0,0,0.0,0,0.0,0.0,0.0,20,108.0,1,7,6,33.0,0,20.1,26.1,,,71.0,205.0,23.4078125,2.0,Stanford,2017.0,2017.0,CAR,8.0,,0.18421052
2019,11,00-0033280,C.McCaffrey,RB,CAR,ATL,0,0,0.0,0,0.0,0.0,0.0,14,70.0,0,15,11,121.0,0,19.1,30.1,,,71.0,205.0,23.4078125,2.0,Stanford,2017.0,2017.0,CAR,8.0,-26.0,0.31914893
2019,12,00-0033280,C.McCaffrey,RB,CAR,NO,0,0,0.0,0,0.0,0.0,0.0,22,64.0,1,9,9,69.0,1,25.3,34.3,,,71.0,205.0,23.4078125,2.0,Stanford,2017.0,2017.0,CAR,8.0,,0.28125
2019,13,00-0033280,C.McCaffrey,RB,CAR,WAS,0,0,0.0,0,0.0,0.0,0.0,14,44.0,0,12,7,58.0,0,10.2,17.2,,,71.0,205.0,23.4078125,2.0,Stanford,2017.0,2017.0,CAR,8.0,-8.0,0.27906978
2019,14,00-0033280,C.McCaffrey,RB,CAR,ATL,0,0,0.0,0,0.0,0.0,0.0,11,53.0,0,12,11,82.0,0,13.5,24.5,,,71.0,205.0,23.4078125,2.0,Stanford,2017.0,2017.0,CAR,8.0,,0.3
2019,15,00-0033280,C.McCaffrey,RB,CAR,SEA,0,1,0.0,0,0.0,0.0,-0.0,19,87.0,2,10,8,88.0,0,29.5,37.5,,,71.0,205.0,23.4078125,2.0,Stanford,2017.0,2017.0,CAR,8.0,-6.0,0.25641027
2019,16,00-0033280,C.McCaffrey,RB,CAR,IND,0,0,0.0,0,0.0,0.0,0.0,13,54.0,0,15,15,119.0,0,17.3,32.3,,,71.0,205.0,23.4078125,2.0,Stanford,2017.0,2017.0,CAR,8.0,,0.35714287
2019,17,00-0033280,C.McCaffrey,RB,CAR,NO,0,0,0.0,0,0.0,0.0,0.0,9,26.0,1,10,7,72.0,0,15.8,22.8,,,71.0,205.0,23.4078125,2.0,Stanford,2017.0,2017.0,CAR,8.0,-32.0,0.20408164
2019,1,00-0033282,C.Samuel,WR,CAR,LA,0,0,0.0,0,0.0,0.0,0.0,0,0.0,0,4,3,32.0,0,3.2,6.2,,,71.0,195.0,23.2298125,2.0,Ohio State,2017.0,2017.0,CAR,40.0,-3.0,0.10810811
2019,2,00-0033282,C.Samuel,WR,CAR,TB,0,0,0.0,0,0.0,0.0,0.0,1,2.0,0,13,5,91.0,0,9.3,14.3,,,71.0,195.0,23.2298125,2.0,Ohio State,2017.0,2017.0,CAR,40.0,-6.0,0.26530612
2019,3,00-0033282,C.Samuel,WR,CAR,ARI,0,0,0.0,0,0.0,0.0,0.0,0,0.0,0,7,5,53.0,1,11.3,16.3,,,71.0,195.0,23.2298125,2.0,Ohio State,2017.0,2017.0,CAR,40.0,,0.28
2019,4,00-0033282,C.Samuel,WR,CAR,HOU,0,0,0.0,0,0.0,0.0,0.0,1,1.0,0,7,3,32.0,0,3.3,6.3,,,71.0,195.0,23.2298125,2.0,Ohio State,2017.0,2017.0,CAR,40.0,,0.21212122
2019,5,00-0033282,C.Samuel,WR,CAR,JAX,0,0,0.0,0,0.0,0.0,0.0,2,25.0,0,6,3,19.0,0,4.4,7.4,,,71.0,195.0,23.2298125,2.0,Ohio State,2017.0,2017.0,CAR,40.0,7.0,0.21428572
2019,6,00-0033282,C.Samuel,WR,CAR,TB,0,0,0.0,0,0.0,0.0,0.0,1,8.0,1,6,4,70.0,1,19.8,23.8,,,71.0,195.0,23.2298125,2.0,Ohio State,2017.0,2017.0,CAR,40.0,,0.19354838
2019,8,00-0033282,C.Samuel,WR,CAR,SF,0,0,0.0,0,0.0,0.0,0.0,0,0.0,0,11,4,46.0,0,4.6,8.6,,,71.0,195.0,23.2298125,2.0,Ohio State,2017.0,2017.0,CAR,40.0,,0.2972973
2019,9,00-0033282,C.Samuel,WR,CAR,TEN,0,0,0.0,0,0.0,0.0,0.0,1,10.0,0,6,3,64.0,1,13.4,16.4,,,71.0,195.0,23.2298125,2.0,Ohio State,2017.0,2017.0,CAR,40.0,10.0,0.2
2019,10,00-0033282,C.Samuel,WR,CAR,GB,0,0,0.0,0,0.0,0.0,0.0,0,0.0,0,8,4,35.0,1,9.5,13.5,,,71.0,195.0,23.2298125,2.0,Ohio State,2017.0,2017.0,CAR,40.0,,0.21052632
2019,11,00-0033282,C.Samuel,WR,CAR,ATL,0,0,0.0,0,0.0,0.0,0.0,0,0.0,0,6,4,25.0,0,2.5,6.5,,,71.0,195.0,23.2298125,2.0,Ohio State,2017.0,2017.0,CAR,40.0,-26.0,0.12765957
2019,12,00-0033282,C.Samuel,WR,CAR,NO,0,0,0.0,0,0.0,0.0,0.0,4,40.0,0,4,1,9.0,0,4.9,5.9,,,71.0,195.0,23.2298125,2.0,Ohio State,2017.0,2017.0,CAR,40.0,,0.125
2019,13,00-0033282,C.Samuel,WR,CAR,WAS,0,0,0.0,0,0.0,0.0,0.0,0,0.0,0,7,4,65.0,1,12.5,16.5,,,71.0,195.0,23.2298125,2.0,Ohio State,2017.0,2017.0,CAR,40.0,-8.0,0.1627907
2019,14,00-0033282,C.Samuel,WR,CAR,ATL,0,0,0.0,0,0.0,0.0,0.0,3,17.0,0,4,2,25.0,0,4.2,6.2,,,71.0,195.0,23.2298125,2.0,Ohio State,2017.0,2017.0,CAR,40.0,,0.1
2019,15,00-0033282,C.Samuel,WR,CAR,SEA,0,0,0.0,0,0.0,0.0,0.0,4,23.0,0,7,5,31.0,1,11.4,16.4,,,71.0,195.0,23.2298125,2.0,Ohio State,2017.0,2017.0,CAR,40.0,-6.0,0.17948718
2019,16,00-0033282,C.Samuel,WR,CAR,IND,0,0,0.0,0,0.0,0.0,0.0,2,4.0,0,5,2,17.0,0,2.1,4.1,,,71.0,195.0,23.2298125,2.0,Ohio State,2017.0,2017.0,CAR,40.0,,0.11904762
2019,17,00-0033282,C.Samuel,WR,CAR,NO,0,0,0.0,0,0.0,0.0,0.0,0,0.0,0,4,2,13.0,0,1.3,3.3,,,71.0,195.0,23.2298125,2.0,Ohio State,2017.0,2017.0,CAR,40.0,-32.0,0.08163265
2019,1,00-0033288,G.Kittle,TE,SF,TB,0,0,0.0,0,0.0,0.0,0.0,0,0.0,0,10,8,54.0,0,5.4,13.4,,,76.0,250.0,26.106,2.0,Iowa,2017.0,2017.0,SF,146.0,,0.37037036
2019,2,00-0033288,G.Kittle,TE,SF,CIN,0,0,0.0,0,0.0,0.0,0.0,0,0.0,0,3,3,54.0,0,5.4,8.4,,,76.0,250.0,26.106,2.0,Iowa,2017.0,2017.0,SF,146.0,,0.115384616
2019,3,00-0033288,G.Kittle,TE,SF,PIT,0,0,0.0,0,0.0,0.0,0.0,0,0.0,0,8,6,57.0,0,5.7,11.7,,,76.0,250.0,26.106,2.0,Iowa,2017.0,2017.0,SF,146.0,4.0,0.2580645
2019,5,00-0033288,G.Kittle,TE,SF,CLE,0,0,0.0,0,0.0,0.0,0.0,1,18.0,0,8,6,70.0,1,14.8,20.8,,,76.0,250.0,26.106,2.0,Iowa,2017.0,2017.0,SF,146.0,28.0,0.2857143
2019,6,00-0033288,G.Kittle,TE,SF,LA,0,0,0.0,0,0.0,0.0,0.0,0,0.0,0,8,8,103.0,0,10.3,18.3,,,76.0,250.0,26.106,2.0,Iowa,2017.0,2017.0,SF,146.0,,0.2580645
2019,7,00-0033288,G.Kittle,TE,SF,WAS,0,0,0.0,0,0.0,0.0,0.0,2,0.0,0,5,3,38.0,0,3.8,6.8,,,76.0,250.0,26.106,2.0,Iowa,2017.0,2017.0,SF,146.0,,0.25
2019,8,00-0033288,G.Kittle,TE,SF,CAR,0,0,0.0,0,0.0,0.0,0.0,0,0.0,0,7,6,86.0,0,8.6,14.6,,,76.0,250.0,26.106,2.0,Iowa,2017.0,2017.0,SF,146.0,38.0,0.3181818
2019,9,00-0033288,G.Kittle,TE,SF,ARI,0,0,0.0,0,0.0,0.0,0.0,0,0.0,0,8,6,79.0,1,13.9,19.9,,,76.0,250.0,26.106,2.0,Iowa,2017.0,2017.0,SF,146.0,,0.21621622
2019,12,00-0033288,G.Kittle,TE,SF,GB,0,0,0.0,0,0.0,0.0,0.0,0,0.0,0,6,6,129.0,1,18.9,24.9,,,76.0,250.0,26.106,2.0,Iowa,2017.0,2017.0,SF,146.0,29.0,0.31578946
2019,13,00-0033288,G.Kittle,TE,SF,BAL,0,0,0.0,0,0.0,0.0,0.0,1,-3.0,0,4,2,17.0,0,1.4,3.4,,,76.0,250.0,26.106,2.0,Iowa,2017.0,2017.0,SF,146.0,,0.1904762
2019,14,00-0033288,G.Kittle,TE,SF,NO,0,0,0.0,0,0.0,0.0,0.0,0,0.0,0,8,6,67.0,1,12.7,18.7,,,76.0,250.0,26.106,2.0,Iowa,2017.0,2017.0,SF,146.0,,0.22857143
2019,15,00-0033288,G.Kittle,TE,SF,ATL,0,0,0.0,0,0.0,0.0,0.0,0,0.0,0,17,13,134.0,0,13.4,26.4,,,76.0,250.0,26.106,2.0,Iowa,2017.0,2017.0,SF,146.0,-7.0,0.5151515
2019,16,00-0033288,G.Kittle,TE,SF,LA,0,0,0.0,0,0.0,0.0,0.0,0,0.0,0,8,5,79.0,1,13.9,18.9,,,76.0,250.0,26.106,2.0,Iowa,2017.0,2017.0,SF,146.0,3.0,0.2962963
2019,17,00-0033288,G.Kittle,TE,SF,SEA,0,0,0.0,0,0.0,0.0,0.0,1,7.0,0,7,7,86.0,0,9.3,16.3,,,76.0,250.0,26.106,2.0,Iowa,2017.0,2017.0,SF,146.0,,0.3181818
2019,19,00-0033288,G.Kittle,TE,SF,MIN,0,0,0.0,0,0.0,0.0,0.0,0,0.0,0,5,3,16.0,0,1.6,4.6,,,76.0,250.0,26.106,2.0,Iowa,2017.0,2017.0,SF,146.0,17.0,0.2777778
2019,20,00-0033288,G.Kittle,TE,SF,GB,0,0,0.0,0,0.0,0.0,0.0,0,0.0,0,1,1,19.0,0,1.9,2.9,,,76.0,250.0,26.106,2.0,Iowa,2017.0,2017.0,SF,146.0,17.0,0.125
2019,21,00-0033288,G.Kittle,TE,SF,KC,0,0,0.0,0,0.0,0.0,0.0,0,0.0,0,7,4,36.0,0,3.6,7.6,,,76.0,250.0,26.106,2.0,Iowa,2017.0,2017.0,SF,146.0,,0.22580644
2019,1,00-0033293,A.Jones,RB,GB,CHI,0,0,0.0,0,0.0,0.0,0.0,13,39.0,0,1,1,0.0,0,3.9,4.9,,,69.0,208.0,24.939611111111113,2.0,Texas-El Paso,2017.0,2017.0,GB,182.0,,0.037037037
2019,2,00-0033293,A.Jones,RB,GB,MIN,0,0,0.0,0,0.0,0.0,0.0,23,116.0,1,6,4,34.0,0,21.0,25.0,,,69.0,208.0,24.939611111111113,2.0,Texas-El Paso,2017.0,2017.0,GB,182.0,5.0,0.19354838
2019,3,00-0033293,A.Jones,RB,GB,DEN,0,0,0.0,0,0.0,0.0,0.0,10,19.0,2,1,1,4.0,0,14.3,15.3,,,69.0,208.0,24.939611111111113,2.0,Texas-El Paso,2017.0,2017.0,GB,182.0,11.0,0.037037037
2019,4,00-0033293,A.Jones,RB,GB,PHI,0,0,0.0,0,0.0,0.0,0.0,13,21.0,1,7,6,37.0,0,11.8,17.8,,,69.0,208.0,24.939611111111113,2.0,Texas-El Paso,2017.0,2017.0,GB,182.0,-7.0,0.14285715
2019,5,00-0033293,A.Jones,RB,GB,DAL,0,0,0.0,0,0.0,0.0,0.0,19,107.0,4,8,7,75.0,0,42.2,49.2,,,69.0,208.0,24.939611111111113,2.0,Texas-El Paso,2017.0,2017.0,GB,182.0,,0.2580645
2019,6,00-0033293,A.Jones,RB,GB,DET,0,0,0.0,0,0.0,0.0,0.0,11,47.0,0,7,4,13.0,0,4.0,8.0,,,69.0,208.0,24.939611111111113,2.0,Texas-El Paso,2017.0,2017.0,GB,182.0,1.0,0.18421052
2019,7,00-0033293,A.Jones,RB,GB,LV,0,0,0.0,0,0.0,0.0,0.0,12,50.0,0,4,4,33.0,1,14.3,18.3,,,69.0,208.0,24.939611111111113,2.0,Texas-El Paso,2017.0,2017.0,GB,182.0,18.0,0.13793103
2019,8,00-0033293,A.Jones,RB,GB,KC,0,0,0.0,0,0.0,0.0,0.0,13,67.0,0,8,7,159.0,2,34.6,41.6,,,69.0,208.0,24.939611111111113,2.0,Texas-El Paso,2017.0,2017.0,GB,182.0,,0.2580645
2019,9,00-0033293,A.Jones,RB,GB,LAC,0,0,0.0,0,0.0,0.0,0.0,8,30.0,0,3,1,-1.0,0,2.9,3.9,,,69.0,208.0,24.939611111111113,2.0,Texas-El Paso,2017.0,2017.0,GB,182.0,,0.0882353
2019,10,00-0033293,A.Jones,RB,GB,CAR,0,0,0.0,0,0.0,0.0,0.0,13,93.0,3,0,0,0.0,0,27.3,27.3,,,69.0,208.0,24.939611111111113,2.0,Texas-El Paso,2017.0,2017.0,GB,182.0,8.0,
2019,12,00-0033293,A.Jones,RB,GB,SF,0,0,0.0,0,0.0,0.0,0.0,13,38.0,0,1,0,0.0,0,3.8,3.8,,,69.0,208.0,24.939611111111113,2.0,Texas-El Paso,2017.0,2017.0,GB,182.0,,0.027777778
2019,13,00-0033293,A.Jones,RB,GB,NYG,0,0,0.0,0,0.0,0.0,0.0,11,18.0,0,6,4,13.0,0,3.1,7.1,,,69.0,208.0,24.939611111111113,2.0,Texas-El Paso,2017.0,2017.0,GB,182.0,,0.18181819
2019,14,00-0033293,A.Jones,RB,GB,WAS,0,0,0.0,0,0.0,0.0,0.0,16,134.0,1,7,6,58.0,0,25.2,31.2,,,69.0,208.0,24.939611111111113,2.0,Texas-El Paso,2017.0,2017.0,GB,182.0,5.0,0.25925925
2019,15,00-0033293,A.Jones,RB,GB,CHI,0,0,0.0,0,0.0,0.0,0.0,13,51.0,2,0,0,0.0,0,17.1,17.1,,,69.0,208.0,24.939611111111113,2.0,Texas-El Paso,2017.0,2017.0,GB,182.0,8.0,
2019,16,00-0033293,A.Jones,RB,GB,MIN,0,0,0.0,0,0.0,0.0,0.0,23,154.0,2,3,2,6.0,0,26.0,28.0,,,69.0,208.0,24.939611111111113,2.0,Texas-El Paso,2017.0,2017.0,GB,182.0,,0.078947365
2019,17,00-0033293,A.Jones,RB,GB,DET,0,0,0.0,0,0.0,0.0,0.0,25,100.0,0,6,2,43.0,0,14.3,16.3,,,69.0,208.0,24.939611111111113,2.0,Texas-El Paso,2017.0,2017.0,GB,182.0,,0.11111111
2019,19,00-0033293,A.Jones,RB,GB,SEA,0,0,0.0,0,0.0,0.0,0.0,21,62.0,2,2,1,4.0,0,18.6,19.6,,,69.0,208.0,24.939611111111113,2.0,Texas-El Paso,2017.0,2017.0,GB,182.0,5.0,0.09090909
2019,20,00-0033293,A.Jones,RB,GB,SF,0,0,0.0,0,0.0,0.0,0.0,12,56.0,1,5,5,27.0,1,20.3,25.3,,,69.0,208.0,24.939611111111113,2.0,Texas-El Paso,2017.0,2017.0,GB,182.0,,0.13513513
2019,1,00-0033296,A.Armah,RB,CAR,LA,0,0,0.0,0,0.0,0.0,0.0,1,1.0,1,0,0,0.0,0,6.1,6.1,,,74.0,255.0,25.466625,2.0,West Georgia,2017.0,2017.0,CAR,192.0,-3.0,
2019,3,00-0033296,A.Armah,RB,CAR,ARI,0,0,0.0,0,0.0,0.0,0.0,1,4.0,0,1,1,2.0,0,0.6,1.6,,,74.0,255.0,25.466625,2.0,West Georgia,2017.0,2017.0,CAR,192.0,,0.04
2019,5,00-0033296,A.Armah,RB,CAR,JAX,0,0,0.0,0,0.0,0.0,0.0,0,0.0,0,1,1,4.0,0,0.4,1.4,,,74.0,255.0,25.466625,2.0,West Georgia,2017.0,2017.0,CAR,192.0,7.0,0.035714287
2019,6,00-0033296,A.Armah,RB,CAR,TB,0,0,0.0,0,0.0,0.0,0.0,2,4.0,0,0,0,0.0,0,0.4,0.4,,,74.0,255.0,25.466625,2.0,West Georgia,2017.0,2017.0,CAR,192.0,,
2019,12,00-0033296,A.Armah,RB,CAR,NO,0,0,0.0,0,0.0,0.0,0.0,1,0.0,0,0,0,0.0,0,0.0,0.0,,,74.0,255.0,25.466625,2.0,West Georgia,2017.0,2017.0,CAR,192.0,,
2019,13,00-0033296,A.Armah,RB,CAR,WAS,0,0,0.0,0,0.0,0.0,0.0,1,2.0,0,0,0,0.0,0,0.2,0.2,,,74.0,255.0,25.466625,2.0,West Georgia,2017.0,2017.0,CAR,192.0,-8.0,
2019,1,00-0033307,K.Bourne,WR,SF,TB,0,0,0.0,0,0.0,0.0,0.0,0,0.0,0,3,1,9.0,0,0.9,1.9,,,73.0,203.0,24.28805263157895,2.0,Eastern Washington,2017.0,2017.0,,,,0.11111111
2019,2,00-0033307,K.Bourne,WR,SF,CIN,0,0,0.0,0,0.0,0.0,0.0,0,0.0,0,2,1,4.0,0,0.4,1.4,,,73.0,203.0,24.28805263157895,2.0,Eastern Washington,2017.0,2017.0,,,,0.07692308
2019,3,00-0033307,K.Bourne,WR,SF,PIT,0,0,0.0,0,0.0,0.0,0.0,0,0.0,0,2,1,22.0,0,2.2,3.2,,,73.0,203.0,24.28805263157895,2.0,Eastern Washington,2017.0,2017.0,,,4.0,0.06451613
2019,5,00-0033307,K.Bourne,WR,SF,CLE,0,0,0.0,0,0.0,0.0,0.0,0,0.0,0,2,2,24.0,0,2.4,4.4,,,73.0,203.0,24.28805263157895,2.0,Eastern Washington,2017.0,2017.0,,,28.0,0.071428575
2019,6,00-0033307,K.Bourne,WR,SF,LA,0,0,0.0,0,0.0,0.0,0.0,0,0.0,0,1,1,11.0,0,1.1,2.1,,,73.0,203.0,24.28805263157895,2.0,Eastern Washington,2017.0,2017.0,,,,0.032258064
2019,7,00-0033307,K.Bourne,WR,SF,WAS,0,0,0.0,0,0.0,0.0,0.0,0,0.0,0,4,3,69.0,0,6.9,9.9,,,73.0,203.0,24.28805263157895,2.0,Eastern Washington,2017.0,2017.0,,,,0.2
2019,8,00-0033307,K.Bourne,WR,SF,CAR,0,0,0.0,0,0.0,0.0,0.0,0,0.0,0,1,1,12.0,0,1.2,2.2,,,73.0,203.0,24.28805263157895,2.0,Eastern Washington,2017.0,2017.0,,,38.0,0.045454547
2019,9,00-0033307,K.Bourne,WR,SF,ARI,0,0,0.0,0,0.0,0.0,0.0,0,0.0,0,1,1,7.0,1,6.7,7.7,,,73.0,203.0,24.28805263157895,2.0,Eastern Washington,2017.0,2017.0,,,,0.027027028
2019,10,00-0033307,K.Bourne,WR,SF,SEA,0,0,0.0,0,0.0,0.0,0.0,0,0.0,0,8,4,42.0,1,12.2,16.2,,,73.0,203.0,24.28805263157895,2.0,Eastern Washington,2017.0,2017.0,,,-3.0,0.18181819
2019,11,00-0033307,K.Bourne,WR,SF,ARI,0,0,0.0,0,0.0,0.0,0.0,0,0.0,0,6,4,31.0,1,9.1,13.1,,,73.0,203.0,24.28805263157895,2.0,Eastern Washington,2017.0,2017.0,,,10.0,0.13636364
2019,12,00-0033307,K.Bourne,WR,SF,GB,0,0,0.0,0,0.0,0.0,0.0,0,0.0,0,2,2,27.0,0,2.7,4.7,,,73.0,203.0,24.28805263157895,2.0,Eastern Washington,2017.0,2017.0,,,29.0,0.10526316
2019,13,00-0033307,K.Bourne,WR,SF,BAL,0,0,0.0,0,0.0,0.0,0.0,0,0.0,0,3,3,42.0,0,4.2,7.2,,,73.0,203.0,24.28805263157895,2.0,Eastern Washington,2017.0,2017.0,,,,0.14285715
2019,14,00-0033307,K.Bourne,WR,SF,NO,0,0,0.0,0,0.0,0.0,0.0,0,0.0,0,4,3,18.0,2,13.8,16.8,,,73.0,203.0,24.28805263157895,2.0,Eastern Washington,2017.0,2017.0,,,,0.114285715
2019,15,00-0033307,K.Bourne,WR,SF,ATL,0,0,0.0,0,0.0,0.0,0.0,0,0.0,0,2,1,11.0,0,1.1,2.1,,,73.0,203.0,24.28805263157895,2.0,Eastern Washington,2017.0,2017.0,,,-7.0,0.060606062
2019,16,00-0033307,K.Bourne,WR,SF,LA,0,0,0.0,0,0.0,0.0,0.0,0,0.0,0,3,2,29.0,0,2.9,4.9,,,73.0,203.0,24.28805263157895,2.0,Eastern Washington,2017.0,2017.0,,,3.0,0.11111111
2019,19,00-0033307,K.Bourne,WR,SF,MIN,0,0,0.0,0,0.0,0.0,0.0,0,0.0,0,5,3,40.0,1,10.0,13.0,,,73.0,203.0,24.28805263157895,2.0,Eastern Washington,2017.0,2017.0,,,17.0,0.2777778
2019,20,00-0033307,K.Bourne,WR,SF,GB,0,0,0.0,0,0.0,0.0,0.0,0,0.0,0,1,1,6.0,0,0.6,1.6,,,73.0,203.0,24.28805263157895,2.0,Eastern Washington,2017.0,2017.0,,,17.0,0.125
2019,21,00-0033307,K.Bourne,WR,SF,KC,0,0,0.0,0,0.0,0.0,0.0,0,0.0,0,4,2,42.0,0,4.2,6.2,,,73.0,203.0,24.28805263157895,2.0,Eastern Washington,2017.0,2017.0,,,,0.12903225
2019,1,00-0033308,M.Breida,RB,SF,TB,0,0,0.0,0,0.0,0.0,0.0,15,37.0,0,1,0,0.0,0,3.7,3.7,,,71.0,190.0,24.717894736842105,2.0,Georgia Southern,2017.0,2017.0,,,,0.037037037
2019,2,00-0033308,M.Breida,RB,SF,CIN,0,0,0.0,0,0.0,0.0,0.0,12,121.0,0,1,1,11.0,0,13.2,14.2,,,71.0,190.0,24.717894736842105,2.0,Georgia Southern,2017.0,2017.0,,,,0.03846154
2019,3,00-0033308,M.Breida,RB,SF,PIT,0,0,0.0,0,0.0,0.0,0.0,14,68.0,0,3,2,20.0,0,8.8,10.8,,,71.0,190.0,24.717894736842105,2.0,Georgia Southern,2017.0,2017.0,,,4.0,0.09677419
2019,5,00-0033308,M.Breida,RB,SF,CLE,0,0,0.0,0,0.0,0.0,0.0,11,114.0,1,3,3,15.0,1,24.9,27.9,,,71.0,190.0,24.717894736842105,2.0,Georgia Southern,2017.0,2017.0,,,28.0,0.10714286
2019,6,00-0033308,M.Breida,RB,SF,LA,0,0,0.0,0,0.0,0.0,0.0,13,36.0,0,4,4,27.0,0,6.3,10.3,,,71.0,190.0,24.717894736842105,2.0,Georgia Southern,2017.0,2017.0,,,,0.12903225
2019,7,00-0033308,M.Breida,RB,SF,WAS,0,0,0.0,0,0.0,0.0,0.0,8,35.0,0,1,1,1.0,0,3.6,4.6,,,71.0,190.0,24.717894736842105,2.0,Georgia Southern,2017.0,2017.0,,,,0.05
2019,8,00-0033308,M.Breida,RB,SF,CAR,0,0,0.0,0,0.0,0.0,0.0,11,35.0,0,1,1,15.0,0,5.0,6.0,,,71.0,190.0,24.717894736842105,2.0,Georgia Southern,2017.0,2017.0,,,38.0,0.045454547
2019,9,00-0033308,M.Breida,RB,SF,ARI,0,0,0.0,0,0.0,0.0,0.0,15,78.0,0,2,2,14.0,0,9.2,11.2,,,71.0,190.0,24.717894736842105,2.0,Georgia Southern,2017.0,2017.0,,,,0.054054055
2019,10,00-0033308,M.Breida,RB,SF,SEA,0,0,0.0,0,0.0,0.0,0.0,10,18.0,0,2,2,7.0,0,2.5,4.5,,,71.0,190.0,24.717894736842105,2.0,Georgia Southern,2017.0,2017.0,,,-3.0,0.045454547
2019,14,00-0033308,M.Breida,RB,SF,NO,0,0,0.0,0,0.0,0.0,0.0,6,54.0,0,1,1,4.0,0,5.8,6.8,,,71.0,190.0,24.717894736842105,2.0,Georgia Southern,2017.0,2017.0,,,,0.028571429
2019,15,00-0033308,M.Breida,RB,SF,ATL,0,0,0.0,0,0.0,0.0,0.0,4,11.0,0,2,2,6.0,0,-0.3,1.7,,,71.0,190.0,24.717894736842105,2.0,Georgia Southern,2017.0,2017.0,,,-7.0,0.060606062
2019,17,00-0033308,M.Breida,RB,SF,SEA,0,0,0.0,0,0.0,0.0,0.0,4,16.0,0,1,0,0.0,0,1.6,1.6,,,71.0,190.0,24.717894736842105,2.0,Georgia Southern,2017.0,2017.0,,,,0.045454547
2019,19,00-0033308,M.Breida,RB,SF,MIN,0,0,0.0,0,0.0,0.0,0.0,8,17.0,0,0,0,0.0,0,-0.3,-0.3,,,71.0,190.0,24.717894736842105,2.0,Georgia Southern,2017.0,2017.0,,,17.0,
2019,20,00-0033308,M.Breida,RB,SF,GB,0,0,0.0,0,0.0,0.0,0.0,1,2.0,0,0,0,0.0,0,0.2,0.2,,,71.0,190.0,24.717894736842105,2.0,Georgia Southern,2017.0,2017.0,,,17.0,
2019,8,00-0033319,N.Mullens,QB,SF,CAR,0,0,0.0,0,0.0,0.0,0.0,3,-3.0,0,0,0,0.0,0,-0.3,-0.3,,,73.0,210.0,24.660315789473685,2.0,Southern Mississippi,2017.0,2017.0,,,38.0,
2019,15,00-0033338,C.Carter,TE,CIN,NE,0,0,0.0,0,0.0,0.0,0.0,0,0.0,0,2,2,13.0,1,7.3,9.3,,,75.0,248.0,24.1616875,2.0,Nebraska,2017.0,2017.0,,,-21.0,0.06896552
2019,17,00-0033338,C.Carter,TE,CIN,CLE,0,0,0.0,0,0.0,0.0,0.0,0,0.0,0,1,0,0.0,0,0.0,0.0,,,75.0,248.0,24.1616875,2.0,Nebraska,2017.0,2017.0,,,10.0,0.037037037
2019,1,00-0033357,T.Hill,TE,NO,HOU,0,0,0.0,0,0.0,0.0,0.0,2,8.0,0,2,1,9.0,1,7.7,8.7,,,74.0,221.0,29.206470588235295,2.0,Brigham Young,2017.0,2017.0,,,2.0,0.051282052
2019,2,00-0033357,T.Hill,TE,NO,LA,0,0,0.0,0,0.0,0.0,0.0,0,0.0,0,3,2,16.0,0,1.6,3.6,,,74.0,221.0,29.206470588235295,2.0,Brigham Young,2017.0,2017.0,,,,0.09375
2019,3,00-0033357,T.Hill,TE,NO,SEA,0,0,0.0,0,0.0,0.0,0.0,1,5.0,0,1,1,5.0,0,1.0,2.0,,,74.0,221.0,29.206470588235295,2.0,Brigham Young,2017.0,2017.0,,,,0.037037037
2019,4,00-0033357,T.Hill,TE,NO,DAL,0,0,0.0,0,0.0,0.0,0.0,2,16.0,0,0,0,0.0,0,1.6,1.6,,,74.0,221.0,29.206470588235295,2.0,Brigham Young,2017.0,2017.0,,,2.0,
2019,5,00-0033357,T.Hill,TE,NO,TB,1,1,18.0,0,0.0,0.0,-0.0,2,14.0,0,0,0,0.0,0,2.12,2.12,,,74.0,221.0,29.206470588235295,2.0,Brigham Young,2017.0,2017.0,,,7.0,
2019,6,00-0033357,T.Hill,TE,NO,JAX,0,0,0.0,0,0.0,0.0,0.0,3,17.0,0,0,0,0.0,0,1.7,1.7,,,74.0,221.0,29.206470588235295,2.0,Brigham Young,2017.0,2017.0,,,,
2019,7,00-0033357,T.Hill,TE,NO,CHI,0,0,0.0,0,0.0,0.0,0.0,2,21.0,0,2,1,4.0,1,8.5,9.5,,,74.0,221.0,29.206470588235295,2.0,Brigham Young,2017.0,2017.0,,,,0.055555556
2019,8,00-0033357,T.Hill,TE,NO,ARI,0,0,0.0,0,0.0,0.0,0.0,0,0.0,0,3,3,63.0,1,12.3,15.3,,,74.0,221.0,29.206470588235295,2.0,Brigham Young,2017.0,2017.0,,,22.0,0.069767445
2019,10,00-0033357,T.Hill,TE,NO,ATL,1,1,17.0,0,0.0,0.0,-0.0,1,11.0,0,1,1,3.0,0,2.08,3.08,,,74.0,221.0,29.206470588235295,2.0,Brigham Young,2017.0,2017.0,,,-17.0,0.022727273
2019,11,00-0033357,T.Hill,TE,NO,TB,0,0,0.0,0,0.0,1.0,9.0,1,2.0,0,1,1,2.0,0,0.4,1.4,,,74.0,221.0,29.206470588235295,2.0,Brigham Young,2017.0,2017.0,,,,0.029411765
2019,12,00-0033357,T.Hill,TE,NO,CAR,0,0,0.0,0,0.0,0.0,0.0,0,0.0,0,1,1,0.0,0,0.0,1.0,,,74.0,221.0,29.206470588235295,2.0,Brigham Young,2017.0,2017.0,,,3.0,0.02631579
2019,13,00-0033357,T.Hill,TE,NO,ATL,0,1,0.0,0,0.0,0.0,-0.0,2,33.0,1,2,2,12.0,1,16.5,18.5,,,74.0,221.0,29.206470588235295,2.0,Brigham Young,2017.0,2017.0,,,,0.06896552
2019,14,00-0033357,T.Hill,TE,NO,SF,0,1,0.0,0,0.0,0.0,-0.0,5,13.0,0,1,1,12.0,0,2.5,3.5,,,74.0,221.0,29.206470588235295,2.0,Brigham Young,2017.0,2017.0,,,-2.0,0.024390243
2019,15,00-0033357,T.Hill,TE,NO,IND,0,0,0.0,0,0.0,0.0,0.0,2,1.0,0,2,2,42.0,1,10.3,12.3,,,74.0,221.0,29.206470588235295,2.0,Brigham Young,2017.0,2017.0,,,27.0,0.06666667
2019,16,00-0033357,T.Hill,TE,NO,TEN,1,2,20.0,0,0.0,0.0,-0.0,2,11.0,0,2,2,21.0,0,4.0,6.0,,,74.0,221.0,29.206470588235295,2.0,Brigham Young,2017.0,2017.0,,,,0.051282052
2019,17,00-0033357,T.Hill,TE,NO,CAR,0,0,0.0,0,0.0,0.0,0.0,2,4.0,0,1,1,45.0,1,10.9,11.9,,,74.0,221.0,29.206470588235295,2.0,Brigham Young,2017.0,2017.0,,,,0.03448276
2019,18,00-0033357,T.Hill,TE,NO,MIN,1,1,50.0,0,0.0,0.0,-0.0,4,50.0,0,2,2,25.0,1,15.5,17.5,,,74.0,221.0,29.206470588235295,2.0,Brigham Young,2017.0,2017.0,,,-6.0,0.060606062
2019,9,00-0033367,C.Board,WR,JAX,HOU,0,0,0.0,0,0.0,0.0,0.0,0,0.0,0,3,1,23.0,0,2.3,3.3,,,73.0,181.0,25.89025,2.0,Chattanooga,2017.0,2017.0,,,-23.0,0.06818182
2019,15,00-0033367,C.Board,WR,JAX,LV,0,0,0.0,0,0.0,0.0,0.0,0,0.0,0,1,1,8.0,0,0.8,1.8,,,73.0,181.0,25.89025,2.0,Chattanooga,2017.0,2017.0,,,,0.035714287
2019,17,00-0033374,R.Ortiz,FB,NO,CAR,0,0,0.0,0,0.0,0.0,0.0,0,0.0,0,1,1,8.0,0,0.8,1.8,,,72.0,236.0,25.56229411764706,2.0,Oregon State,2017.0,2017.0,,,,0.03448276
2019,11,00-0033375,T.Patrick,WR,DEN,MIN,0,0,0.0,0,0.0,0.0,0.0,0,0.0,0,8,4,77.0,0,7.7,11.7,,,76.0,212.0,25.9423125,2.0,Utah,2017.0,2017.0,,,,0.22222222
2019,12,00-0033375,T.Patrick,WR,DEN,BUF,0,0,0.0,0,0.0,0.0,0.0,0,0.0,0,3,1,3.0,0,0.3,1.3,,,76.0,212.0,25.9423125,2.0,Utah,2017.0,2017.0,,,,0.125
2019,13,00-0033375,T.Patrick,WR,DEN,LAC,0,0,0.0,0,0.0,0.0,0.0,0,0.0,0,2,0,0.0,0,0.0,0.0,,,76.0,212.0,25.9423125,2.0,Utah,2017.0,2017.0,,,3.0,0.07692308
2019,14,00-0033375,T.Patrick,WR,DEN,HOU,0,0,0.0,0,0.0,0.0,0.0,0,0.0,0,3,2,50.0,0,5.0,7.0,,,76.0,212.0,25.9423125,2.0,Utah,2017.0,2017.0,,,,0.11111111
2019,15,00-0033375,T.Patrick,WR,DEN,KC,0,0,0.0,0,0.0,0.0,0.0,0,0.0,0,7,3,26.0,0,2.6,5.6,,,76.0,212.0,25.9423125,2.0,Utah,2017.0,2017.0,,,,0.175
2019,16,00-0033375,T.Patrick,WR,DEN,DET,0,0,0.0,0,0.0,0.0,0.0,0,0.0,0,6,5,48.0,0,4.8,9.8,,,76.0,212.0,25.9423125,2.0,Utah,2017.0,2017.0,,,10.0,0.1764706
2019,17,00-0033375,T.Patrick,WR,DEN,LV,0,0,0.0,0,0.0,0.0,0.0,0,0.0,0,2,1,14.0,0,1.4,2.4,,,76.0,212.0,25.9423125,2.0,Utah,2017.0,2017.0,,,1.0,0.07692308
2019,1,00-0033376,P.Ricard,FB,BAL,MIA,0,0,0.0,0,0.0,0.0,0.0,0,0.0,0,1,1,1.0,1,6.1,7.1,,,75.0,311.0,25.44935294117647,2.0,Maine,2017.0,2017.0,,,,0.04
2019,2,00-0033376,P.Ricard,FB,BAL,ARI,0,0,0.0,0,0.0,0.0,0.0,0,0.0,0,1,1,3.0,0,0.3,1.3,,,75.0,311.0,25.44935294117647,2.0,Maine,2017.0,2017.0,,,6.0,0.028571429
2019,6,00-0033376,P.Ricard,FB,BAL,CIN,0,0,0.0,0,0.0,0.0,0.0,0,0.0,0,1,1,6.0,0,0.6,1.6,,,75.0,311.0,25.44935294117647,2.0,Maine,2017.0,2017.0,,,6.0,0.03448276
2019,9,00-0033376,P.Ricard,FB,BAL,NE,0,0,0.0,0,0.0,0.0,0.0,0,0.0,0,1,1,8.0,0,0.8,1.8,,,75.0,311.0,25.44935294117647,2.0,Maine,2017.0,2017.0,,,17.0,0.04347826
2019,11,00-0033376,P.Ricard,FB,BAL,HOU,0,0,0.0,0,0.0,0.0,0.0,0,0.0,0,3,3,27.0,0,2.7,5.7,,,75.0,311.0,25.44935294117647,2.0,Maine,2017.0,2017.0,,,34.0,0.11111111
2019,13,00-0033376,P.Ricard,FB,BAL,SF,0,0,0.0,0,0.0,0.0,0.0,0,0.0,0,2,1,2.0,0,0.2,1.2,,,75.0,311.0,25.44935294117647,2.0,Maine,2017.0,2017.0,,,3.0,0.08695652
2019,15,00-0033376,P.Ricard,FB,BAL,NYJ,0,0,0.0,0,0.0,0.0,0.0,0,0.0,0,2,0,0.0,0,0.0,0.0,,,75.0,311.0,25.44935294117647,2.0,Maine,2017.0,2017.0,,,21.0,0.09090909
2019,7,00-0033382,A.Carr,WR,NO,CHI,0,0,0.0,0,0.0,0.0,0.0,0,0.0,0,2,0,0.0,0,0.0,0.0,,,73.0,195.0,25.86629411764706,2.0,Northwestern,2017.0,2017.0,,,,0.055555556
2019,8,00-0033382,A.Carr,WR,NO,ARI,0,0,0.0,0,0.0,0.0,0.0,0,0.0,0,2,1,9.0,0,0.9,1.9,,,73.0,195.0,25.86629411764706,2.0,Northwestern,2017.0,2017.0,,,22.0,0.046511628
2019,13,00-0033386,C.Hollister,WR,TEN,IND,0,0,0.0,0,0.0,0.0,0.0,0,0.0,0,2,2,13.0,0,1.3,3.3,,,76.0,216.0,25.985,2.0,Arkansas,2017.0,2017.0,,,,0.0952381
2019,7,00-0033387,J.Hollister,TE,SEA,BAL,0,0,0.0,0,0.0,0.0,0.0,0,0.0,0,6,3,20.0,0,2.0,5.0,,,76.0,245.0,25.975499999999997,2.0,Wyoming,2017.0,2017.0,,,-14.0,0.15789473
2019,8,00-0033387,J.Hollister,TE,SEA,ATL,0,0,0.0,0,0.0,0.0,0.0,0,0.0,0,2,2,18.0,0,1.8,3.8,,,76.0,245.0,25.975499999999997,2.0,Wyoming,2017.0,2017.0,,,,0.1
2019,9,00-0033387,J.Hollister,TE,SEA,TB,0,0,0.0,0,0.0,0.0,0.0,0,0.0,0,6,4,37.0,2,15.7,19.7,,,76.0,245.0,25.975499999999997,2.0,Wyoming,2017.0,2017.0,,,6.0,0.13953489
2019,10,00-0033387,J.Hollister,TE,SEA,SF,0,0,0.0,0,0.0,0.0,0.0,0,0.0,0,10,8,62.0,1,12.2,20.2,,,76.0,245.0,25.975499999999997,2.0,Wyoming,2017.0,2017.0,,,,0.3030303
2019,12,00-0033387,J.Hollister,TE,SEA,PHI,0,0,0.0,0,0.0,0.0,0.0,0,0.0,0,4,2,22.0,0,2.2,4.2,,,76.0,245.0,25.975499999999997,2.0,Wyoming,2017.0,2017.0,,,,0.17391305
2019,13,00-0033387,J.Hollister,TE,SEA,MIN,0,0,0.0,0,0.0,0.0,0.0,0,0.0,0,8,6,44.0,0,4.4,10.4,,,76.0,245.0,25.975499999999997,2.0,Wyoming,2017.0,2017.0,,,7.0,0.2580645
2019,14,00-0033387,J.Hollister,TE,SEA,LA,0,0,0.0,0,0.0,0.0,0.0,0,0.0,0,6,4,34.0,0,3.4,7.4,,,76.0,245.0,25.975499999999997,2.0,Wyoming,2017.0,2017.0,,,,0.18181819
2019,15,00-0033387,J.Hollister,TE,SEA,CAR,0,0,0.0,0,0.0,0.0,0.0,0,0.0,0,3,3,23.0,0,2.3,5.3,,,76.0,245.0,25.975499999999997,2.0,Wyoming,2017.0,2017.0,,,,0.12
2019,16,00-0033387,J.Hollister,TE,SEA,ARI,0,0,0.0,0,0.0,0.0,0.0,0,0.0,0,6,5,64.0,0,6.4,11.4,,,76.0,245.0,25.975499999999997,2.0,Wyoming,2017.0,2017.0,,,-14.0,0.20689656
2019,17,00-0033387,J.Hollister,TE,SEA,SF,0,0,0.0,0,0.0,0.0,0.0,0,0.0,0,8,4,25.0,0,2.5,6.5,,,76.0,245.0,25.975499999999997,2.0,Wyoming,2017.0,2017.0,,,-5.0,0.21052632
2019,18,00-0033387,J.Hollister,TE,SEA,PHI,0,0,0.0,0,0.0,0.0,0.0,0,0.0,0,4,2,16.0,0,1.6,3.6,,,76.0,245.0,25.975499999999997,2.0,Wyoming,2017.0,2017.0,,,,0.13793103
2019,19,00-0033387,J.Hollister,TE,SEA,GB,0,0,0.0,0,0.0,0.0,0.0,0,0.0,0,6,5,47.0,0,4.7,9.7,,,76.0,245.0,25.975499999999997,2.0,Wyoming,2017.0,2017.0,,,,0.21428572
2019,7,00-0033400,M.Haack,P,MIA,BUF,0,0,0.0,0,0.0,0.0,0.0,1,2.0,0,0,0,0.0,0,0.2,0.2,,,72.0,205.0,25.2808125,2.0,Arizona State,2017.0,2017.0,,,,
2019,13,00-0033400,M.Haack,P,MIA,PHI,1,1,1.0,1,0.0,0.0,-0.0,0,0.0,0,0,0,0.0,0,4.04,4.04,,,72.0,205.0,25.2808125,2.0,Arizona State,2017.0,2017.0,,,6.0,
2019,17,00-0033400,M.Haack,P,MIA,NE,0,1,0.0,0,0.0,0.0,-0.0,0,0.0,0,0,0,0.0,0,0.0,0.0,,,72.0,205.0,25.2808125,2.0,Arizona State,2017.0,2017.0,,,,
2019,3,00-0033421,A.Auclair,TE,TB,NYG,0,0,0.0,0,0.0,0.0,0.0,0,0.0,0,1,0,0.0,0,0.0,0.0,,,78.0,256.0,26.435625,2.0,"Laval, Can.",2017.0,2017.0,,,-1.0,0.027777778
2019,9,00-0033421,A.Auclair,TE,TB,SEA,0,0,0.0,0,0.0,0.0,0.0,0,0.0,0,2,1,11.0,0,1.1,2.1,,,78.0,256.0,26.435625,2.0,"Laval, Can.",2017.0,2017.0,,,,0.046511628
2019,1,00-0033434,B.Wilson,WR,TB,SF,0,0,0.0,0,0.0,0.0,0.0,0,0.0,0,1,0,0.0,0,0.0,0.0,,,69.0,186.0,24.7739375,2.0,Florida State,2017.0,2017.0,,,-14.0,0.029411765
2019,3,00-0033434,B.Wilson,WR,TB,NYG,0,0,0.0,0,0.0,0.0,0.0,0,0.0,0,1,0,0.0,0,0.0,0.0,,,69.0,186.0,24.7739375,2.0,Florida State,2017.0,2017.0,,,-1.0,0.027777778
2019,4,00-0033434,B.Wilson,WR,TB,LA,0,0,0.0,0,0.0,0.0,0.0,0,0.0,0,4,1,14.0,0,1.4,2.4,,,69.0,186.0,24.7739375,2.0,Florida State,2017.0,2017.0,,,,0.1
2019,5,00-0033434,B.Wilson,WR,TB,NO,0,0,0.0,0,0.0,0.0,0.0,0,0.0,0,2,1,11.0,0,1.1,2.1,,,69.0,186.0,24.7739375,2.0,Florida State,2017.0,2017.0,,,,0.07692308
2019,6,00-0033434,B.Wilson,WR,TB,CAR,0,0,0.0,0,0.0,0.0,0.0,0,0.0,0,3,1,10.0,0,1.0,2.0,,,69.0,186.0,24.7739375,2.0,Florida State,2017.0,2017.0,,,-11.0,0.057692308
2019,2,00-0033439,P.Brown,TE,CLE,NYJ,0,0,0.0,0,0.0,0.0,0.0,0,0.0,0,1,0,0.0,0,0.0,0.0,,,78.0,258.0,25.5025,2.0,Oregon,2017.0,2017.0,,,,0.03125
2019,4,00-0033439,P.Brown,TE,CLE,BAL,0,0,0.0,0,0.0,0.0,0.0,0,0.0,0,1,1,18.0,0,1.8,2.8,,,78.0,258.0,25.5025,2.0,Oregon,2017.0,2017.0,,,,0.032258064
2019,6,00-0033439,P.Brown,TE,CLE,SEA,0,0,0.0,0,0.0,0.0,0.0,0,0.0,0,1,1,9.0,0,0.9,1.9,,,78.0,258.0,25.5025,2.0,Oregon,2017.0,2017.0,,,-4.0,0.027777778
2019,6,00-0033455,A.Firkser,TE,TEN,DEN,0,0,0.0,0,0.0,0.0,0.0,0,0.0,0,1,1,25.0,0,2.5,3.5,,,74.0,246.0,24.731052631578947,2.0,Harvard,2017.0,2017.0,,,,0.03125
2019,7,00-0033455,A.Firkser,TE,TEN,LAC,0,0,0.0,0,0.0,0.0,0.0,0,0.0,0,1,1,27.0,0,2.7,3.7,,,74.0,246.0,24.731052631578947,2.0,Harvard,2017.0,2017.0,,,3.0,0.03448276
2019,8,00-0033455,A.Firkser,TE,TEN,TB,0,0,0.0,0,0.0,0.0,0.0,0,0.0,0,5,3,43.0,0,4.3,7.3,,,74.0,246.0,24.731052631578947,2.0,Harvard,2017.0,2017.0,,,4.0,0.15151516
2019,9,00-0033455,A.Firkser,TE,TEN,CAR,0,0,0.0,0,0.0,0.0,0.0,0,0.0,0,1,0,0.0,0,0.0,0.0,,,74.0,246.0,24.731052631578947,2.0,Harvard,2017.0,2017.0,,,,0.027027028
2019,10,00-0033455,A.Firkser,TE,TEN,KC,0,0,0.0,0,0.0,0.0,0.0,0,0.0,0,4,3,36.0,1,9.6,12.6,,,74.0,246.0,24.731052631578947,2.0,Harvard,2017.0,2017.0,,,3.0,0.21052632
2019,13,00-0033455,A.Firkser,TE,TEN,IND,0,0,0.0,0,0.0,0.0,0.0,0,0.0,0,4,3,22.0,0,2.2,5.2,,,74.0,246.0,24.731052631578947,2.0,Harvard,2017.0,2017.0,,,,0.1904762
2019,14,00-0033455,A.Firkser,TE,TEN,LV,0,0,0.0,0,0.0,0.0,0.0,0,0.0,0,1,1,39.0,0,3.9,4.9,,,74.0,246.0,24.731052631578947,2.0,Harvard,2017.0,2017.0,,,,0.037037037
2019,15,00-0033455,A.Firkser,TE,TEN,HOU,0,0,0.0,0,0.0,0.0,0.0,0,0.0,0,4,1,7.0,0,0.7,1.7,,,74.0,246.0,24.731052631578947,2.0,Harvard,2017.0,2017.0,,,-3.0,0.11111111
2019,16,00-0033455,A.Firkser,TE,TEN,NO,0,0,0.0,0,0.0,0.0,0.0,0,0.0,0,1,0,0.0,0,0.0,0.0,,,74.0,246.0,24.731052631578947,2.0,Harvard,2017.0,2017.0,,,-10.0,0.04
2019,17,00-0033455,A.Firkser,TE,TEN,HOU,0,0,0.0,0,0.0,0.0,0.0,0,0.0,0,2,1,5.0,0,0.5,1.5,,,74.0,246.0,24.731052631578947,2.0,Harvard,2017.0,2017.0,,,,0.0952381
2019,18,00-0033455,A.Firkser,TE,TEN,NE,0,0,0.0,0,0.0,0.0,0.0,0,0.0,0,3,2,23.0,1,8.3,10.3,,,74.0,246.0,24.731052631578947,2.0,Harvard,2017.0,2017.0,,,,0.2
2019,20,00-0033455,A.Firkser,TE,TEN,KC,0,0,0.0,0,0.0,0.0,0.0,0,0.0,0,2,1,22.0,1,8.2,9.2,,,74.0,246.0,24.731052631578947,2.0,Harvard,2017.0,2017.0,,,,0.0625
2019,1,00-0033460,J.Ross,WR,CIN,SEA,0,0,0.0,0,0.0,0.0,0.0,0,0.0,0,12,7,158.0,2,27.8,34.8,,,71.0,194.0,23.9344375,2.0,Washington,2017.0,2017.0,CIN,9.0,,0.24489796
2019,2,00-0033460,J.Ross,WR,CIN,SF,0,0,0.0,0,0.0,0.0,0.0,0,0.0,0,8,4,112.0,1,17.2,21.2,,,71.0,194.0,23.9344375,2.0,Washington,2017.0,2017.0,CIN,9.0,-24.0,0.1904762
2019,3,00-0033460,J.Ross,WR,CIN,BUF,0,0,0.0,0,0.0,0.0,0.0,0,0.0,0,6,2,22.0,0,0.2,2.2,,,71.0,194.0,23.9344375,2.0,Washington,2017.0,2017.0,CIN,9.0,,0.1764706
2019,4,00-0033460,J.Ross,WR,CIN,PIT,0,0,0.0,0,0.0,0.0,0.0,0,0.0,0,6,3,36.0,0,3.6,6.6,,,71.0,194.0,23.9344375,2.0,Washington,2017.0,2017.0,CIN,9.0,,0.16666667
2019,14,00-0033460,J.Ross,WR,CIN,CLE,0,0,0.0,0,0.0,0.0,0.0,0,0.0,0,3,2,28.0,0,2.8,4.8,,,71.0,194.0,23.9344375,2.0,Washington,2017.0,2017.0,CIN,9.0,,0.0882353
2019,15,00-0033460,J.Ross,WR,CIN,NE,0,0,0.0,0,0.0,0.0,0.0,0,0.0,0,3,2,24.0,0,2.4,4.4,,,71.0,194.0,23.9344375,2.0,Washington,2017.0,2017.0,CIN,9.0,-21.0,0.10344828
2019,16,00-0033460,J.Ross,WR,CIN,MIA,0,0,0.0,0,0.0,0.0,0.0,2,6.0,0,13,6,84.0,0,9.0,15.0,,,71.0,194.0,23.9344375,2.0,Washington,2017.0,2017.0,CIN,9.0,,0.24074075
2019,17,00-0033460,J.Ross,WR,CIN,CLE,0,0,0.0,0,0.0,0.0,0.0,1,-2.0,0,5,2,42.0,0,4.0,6.0,,,71.0,194.0,23.9344375,2.0,Washington,2017.0,2017.0,CIN,9.0,10.0,0.18518518
2019,2,00-0033466,I.McKenzie,WR,BUF,NYG,0,0,0.0,0,0.0,0.0,0.0,1,4.0,0,2,2,40.0,1,10.4,12.4,,,68.0,173.0,24.582117647058823,2.0,Georgia,2017.0,2017.0,DEN,172.0,,0.071428575
2019,3,00-0033466,I.McKenzie,WR,BUF,CIN,0,0,0.0,0,0.0,0.0,0.0,3,10.0,0,1,1,9.0,0,1.9,2.9,,,68.0,173.0,24.582117647058823,2.0,Georgia,2017.0,2017.0,DEN,172.0,4.0,0.030303031
2019,5,00-0033466,I.McKenzie,WR,BUF,TEN,0,0,0.0,0,0.0,0.0,0.0,0,0.0,0,2,2,52.0,0,5.2,7.2,,,68.0,173.0,24.582117647058823,2.0,Georgia,2017.0,2017.0,DEN,172.0,,0.06896552
2019,7,00-0033466,I.McKenzie,WR,BUF,MIA,0,0,0.0,0,0.0,0.0,0.0,0,0.0,0,3,2,11.0,0,1.1,3.1,,,68.0,173.0,24.582117647058823,2.0,Georgia,2017.0,2017.0,DEN,172.0,10.0,0.12
2019,9,00-0033466,I.McKenzie,WR,BUF,WAS,0,0,0.0,0,0.0,0.0,0.0,0,0.0,0,3,3,12.0,0,1.2,4.2,,,68.0,173.0,24.582117647058823,2.0,Georgia,2017.0,2017.0,DEN,172.0,15.0,0.15
2019,10,00-0033466,I.McKenzie,WR,BUF,CLE,0,0,0.0,0,0.0,0.0,0.0,0,0.0,0,4,2,19.0,0,1.9,3.9,,,68.0,173.0,24.582117647058823,2.0,Georgia,2017.0,2017.0,DEN,172.0,,0.102564104
2019,11,00-0033466,I.McKenzie,WR,BUF,MIA,0,0,0.0,0,0.0,0.0,0.0,1,10.0,0,6,3,21.0,0,3.1,6.1,,,68.0,173.0,24.582117647058823,2.0,Georgia,2017.0,2017.0,DEN,172.0,,0.19354838
2019,12,00-0033466,I.McKenzie,WR,BUF,DEN,0,0,0.0,0,0.0,0.0,0.0,1,-5.0,0,3,2,13.0,0,0.8,2.8,,,68.0,173.0,24.582117647058823,2.0,Georgia,2017.0,2017.0,DEN,172.0,17.0,0.13636364
2019,13,00-0033466,I.McKenzie,WR,BUF,DAL,0,0,0.0,0,0.0,0.0,0.0,0,0.0,0,3,3,34.0,0,3.4,6.4,,,68.0,173.0,24.582117647058823,2.0,Georgia,2017.0,2017.0,DEN,172.0,,0.12
2019,14,00-0033466,I.McKenzie,WR,BUF,BAL,0,0,0.0,0,0.0,0.0,0.0,0,0.0,0,5,3,25.0,0,2.5,5.5,,,68.0,173.0,24.582117647058823,2.0,Georgia,2017.0,2017.0,DEN,172.0,-7.0,0.13513513
2019,16,00-0033466,I.McKenzie,WR,BUF,NE,0,0,0.0,0,0.0,0.0,0.0,0,0.0,0,2,2,11.0,0,1.1,3.1,,,68.0,173.0,24.582117647058823,2.0,Georgia,2017.0,2017.0,DEN,172.0,,0.07692308
2019,17,00-0033466,I.McKenzie,WR,BUF,NYJ,0,0,0.0,0,0.0,0.0,0.0,2,30.0,0,5,2,7.0,0,3.7,5.7,,,68.0,173.0,24.582117647058823,2.0,Georgia,2017.0,2017.0,DEN,172.0,-7.0,0.12820514
2019,18,00-0033466,I.McKenzie,WR,BUF,HOU,0,0,0.0,0,0.0,0.0,0.0,0,0.0,0,5,4,23.0,0,2.3,6.3,,,68.0,173.0,24.582117647058823,2.0,Georgia,2017.0,2017.0,DEN,172.0,,0.11627907
2019,4,00-0033471,I.Ford,WR,MIA,LAC,0,0,0.0,0,0.0,0.0,0.0,0,0.0,0,3,2,9.0,0,0.9,2.9,,,74.0,194.0,23.7366875,2.0,Virginia Tech,2017.0,2017.0,MIA,237.0,-20.0,0.125
2019,6,00-0033471,I.Ford,WR,MIA,WAS,0,0,0.0,0,0.0,0.0,0.0,0,0.0,0,1,0,0.0,0,0.0,0.0,,,74.0,194.0,23.7366875,2.0,Virginia Tech,2017.0,2017.0,MIA,237.0,-1.0,0.023809524
2019,7,00-0033471,I.Ford,WR,MIA,BUF,0,0,0.0,0,0.0,0.0,0.0,0,0.0,0,1,0,0.0,0,0.0,0.0,,,74.0,194.0,23.7366875,2.0,Virginia Tech,2017.0,2017.0,MIA,237.0,,0.029411765
2019,13,00-0033471,I.Ford,WR,MIA,PHI,0,0,0.0,0,0.0,0.0,0.0,0,0.0,0,1,0,0.0,0,0.0,0.0,,,74.0,194.0,23.7366875,2.0,Virginia Tech,2017.0,2017.0,MIA,237.0,6.0,0.025641026
2019,14,00-0033471,I.Ford,WR,MIA,NYJ,0,0,0.0,0,0.0,0.0,0.0,0,0.0,0,9,6,92.0,0,9.2,15.2,,,74.0,194.0,23.7366875,2.0,Virginia Tech,2017.0,2017.0,MIA,237.0,,0.25714287
2019,15,00-0033471,I.Ford,WR,MIA,NYG,0,0,0.0,0,0.0,0.0,0.0,0,0.0,0,5,3,21.0,0,2.1,5.1,,,74.0,194.0,23.7366875,2.0,Virginia Tech,2017.0,2017.0,MIA,237.0,,0.12195122
2019,16,00-0033471,I.Ford,WR,MIA,CIN,0,0,0.0,0,0.0,0.0,0.0,0,0.0,0,6,5,68.0,0,6.8,11.8,,,74.0,194.0,23.7366875,2.0,Virginia Tech,2017.0,2017.0,MIA,237.0,3.0,0.11764706
2019,17,00-0033471,I.Ford,WR,MIA,NE,0,0,0.0,0,0.0,0.0,0.0,1,11.0,0,9,7,54.0,0,6.5,13.5,,,74.0,194.0,23.7366875,2.0,Virginia Tech,2017.0,2017.0,MIA,237.0,,0.20454545
2019,3,00-0033503,A.Maulet,CB,NYJ,NE,0,0,0.0,0,0.0,0.0,0.0,0,0.0,0,0,0,0.0,0,6.0,6.0,,,70.0,190.0,26.313875,2.0,Memphis,2017.0,2017.0,,,,
2019,17,00-0033526,S.Perine,RB,MIA,NE,0,0,0.0,0,0.0,0.0,0.0,5,16.0,0,0,0,0.0,0,1.6,1.6,,,71.0,240.0,24.1315625,2.0,Oklahoma,2017.0,2017.0,WAS,114.0,,
2019,1,00-0033528,J.Sprinkle,TE,WAS,PHI,0,0,0.0,0,0.0,0.0,0.0,0,0.0,0,1,1,8.0,0,0.8,1.8,,,77.0,255.0,25.2305625,2.0,Arkansas,2017.0,2017.0,WAS,154.0,,0.023255814
2019,2,00-0033528,J.Sprinkle,TE,WAS,DAL,0,0,0.0,0,0.0,0.0,0.0,0,0.0,0,1,1,11.0,0,1.1,2.1,,,77.0,255.0,25.2305625,2.0,Arkansas,2017.0,2017.0,WAS,154.0,-10.0,0.027027028
2019,3,00-0033528,J.Sprinkle,TE,WAS,CHI,0,0,0.0,0,0.0,0.0,0.0,0,0.0,0,4,2,19.0,0,1.9,3.9,,,77.0,255.0,25.2305625,2.0,Arkansas,2017.0,2017.0,WAS,154.0,-16.0,0.0952381
2019,4,00-0033528,J.Sprinkle,TE,WAS,NYG,0,0,0.0,0,0.0,0.0,0.0,0,0.0,0,3,1,20.0,0,2.0,3.0,,,77.0,255.0,25.2305625,2.0,Arkansas,2017.0,2017.0,WAS,154.0,,0.115384616
2019,5,00-0033528,J.Sprinkle,TE,WAS,NE,0,0,0.0,0,0.0,0.0,0.0,0,0.0,0,3,2,17.0,0,1.7,3.7,,,77.0,255.0,25.2305625,2.0,Arkansas,2017.0,2017.0,WAS,154.0,-26.0,0.11111111
2019,6,00-0033528,J.Sprinkle,TE,WAS,MIA,0,0,0.0,0,0.0,0.0,0.0,0,0.0,0,3,2,24.0,0,2.4,4.4,,,77.0,255.0,25.2305625,2.0,Arkansas,2017.0,2017.0,WAS,154.0,,0.125
2019,7,00-0033528,J.Sprinkle,TE,WAS,SF,0,0,0.0,0,0.0,0.0,0.0,0,0.0,0,2,2,13.0,0,1.3,3.3,,,77.0,255.0,25.2305625,2.0,Arkansas,2017.0,2017.0,WAS,154.0,-9.0,0.16666667
2019,8,00-0033528,J.Sprinkle,TE,WAS,MIN,0,0,0.0,0,0.0,0.0,0.0,0,0.0,0,2,2,12.0,0,1.2,3.2,,,77.0,255.0,25.2305625,2.0,Arkansas,2017.0,2017.0,WAS,154.0,,0.0952381
2019,9,00-0033528,J.Sprinkle,TE,WAS,BUF,0,0,0.0,0,0.0,0.0,0.0,0,0.0,0,1,1,16.0,0,1.6,2.6,,,77.0,255.0,25.2305625,2.0,Arkansas,2017.0,2017.0,WAS,154.0,,0.045454547
2019,11,00-0033528,J.Sprinkle,TE,WAS,NYJ,0,0,0.0,0,0.0,0.0,0.0,0,0.0,0,3,2,16.0,1,7.6,9.6,,,77.0,255.0,25.2305625,2.0,Arkansas,2017.0,2017.0,WAS,154.0,-17.0,0.09375
2019,12,00-0033528,J.Sprinkle,TE,WAS,DET,0,0,0.0,0,0.0,0.0,0.0,0,0.0,0,2,1,4.0,0,0.4,1.4,,,77.0,255.0,25.2305625,2.0,Arkansas,2017.0,2017.0,WAS,154.0,3.0,0.06896552
2019,13,00-0033528,J.Sprinkle,TE,WAS,CAR,0,0,0.0,0,0.0,0.0,0.0,0,0.0,0,4,2,36.0,0,3.6,5.6,,,77.0,255.0,25.2305625,2.0,Arkansas,2017.0,2017.0,WAS,154.0,,0.16666667
2019,15,00-0033528,J.Sprinkle,TE,WAS,PHI,0,0,0.0,0,0.0,0.0,0.0,0,0.0,0,2,2,13.0,0,1.3,3.3,,,77.0,255.0,25.2305625,2.0,Arkansas,2017.0,2017.0,WAS,154.0,-10.0,0.074074075
2019,16,00-0033528,J.Sprinkle,TE,WAS,NYG,0,0,0.0,0,0.0,0.0,0.0,0,0.0,0,3,2,14.0,0,1.4,3.4,,,77.0,255.0,25.2305625,2.0,Arkansas,2017.0,2017.0,WAS,154.0,-6.0,0.08108108
2019,17,00-0033528,J.Sprinkle,TE,WAS,DAL,0,0,0.0,0,0.0,0.0,0.0,0,0.0,0,6,3,18.0,0,1.8,4.8,,,77.0,255.0,25.2305625,2.0,Arkansas,2017.0,2017.0,WAS,154.0,,0.17142858
2019,4,00-0033530,R.Davis,WR,WAS,NYG,0,0,0.0,0,0.0,0.0,0.0,0,0.0,0,2,1,11.0,0,1.1,2.1,,,75.0,210.0,24.597882352941177,2.0,Georgia State,2017.0,2017.0,WAS,209.0,,0.07692308
2019,16,00-0033530,R.Davis,WR,PHI,DAL,0,0,0.0,0,0.0,0.0,0.0,0,0.0,0,1,1,6.0,0,0.6,1.6,,,75.0,210.0,24.597882352941177,2.0,Georgia State,2017.0,2017.0,WAS,209.0,8.0,0.025
2019,17,00-0033530,R.Davis,WR,PHI,NYG,0,0,0.0,0,0.0,0.0,0.0,0,0.0,0,2,0,0.0,0,0.0,0.0,,,75.0,210.0,24.597882352941177,2.0,Georgia State,2017.0,2017.0,WAS,209.0,,0.05
2019,1,00-0033536,M.Williams,WR,LAC,IND,0,0,0.0,0,0.0,0.0,0.0,0,0.0,0,3,2,29.0,0,2.9,4.9,,,76.0,218.0,25.077437500000002,2.0,Clemson,2017.0,2017.0,LAC,7.0,6.0,0.0882353
2019,2,00-0033536,M.Williams,WR,LAC,DET,0,0,0.0,0,0.0,0.0,0.0,0,0.0,0,5,3,83.0,0,8.3,11.3,,,76.0,218.0,25.077437500000002,2.0,Clemson,2017.0,2017.0,LAC,7.0,,0.14285715
2019,3,00-0033536,M.Williams,WR,LAC,HOU,0,0,0.0,0,0.0,0.0,0.0,0,0.0,0,7,3,45.0,0,4.5,7.5,,,76.0,218.0,25.077437500000002,2.0,Clemson,2017.0,2017.0,LAC,7.0,-7.0,0.1521739
2019,5,00-0033536,M.Williams,WR,LAC,DEN,0,0,0.0,0,0.0,0.0,0.0,0,0.0,0,13,6,74.0,0,7.4,13.4,,,76.0,218.0,25.077437500000002,2.0,Clemson,2017.0,2017.0,LAC,7.0,-7.0,0.2826087
2019,6,00-0033536,M.Williams,WR,LAC,PIT,0,0,0.0,0,0.0,0.0,0.0,0,0.0,0,10,5,72.0,0,7.2,12.2,,,76.0,218.0,25.077437500000002,2.0,Clemson,2017.0,2017.0,LAC,7.0,-7.0,0.23809524
2019,7,00-0033536,M.Williams,WR,LAC,TEN,0,0,0.0,0,0.0,0.0,0.0,0,0.0,0,6,4,47.0,0,4.7,8.7,,,76.0,218.0,25.077437500000002,2.0,Clemson,2017.0,2017.0,LAC,7.0,,0.16216215
2019,8,00-0033536,M.Williams,WR,LAC,CHI,0,0,0.0,0,0.0,0.0,0.0,0,0.0,0,6,3,69.0,0,6.9,9.9,,,76.0,218.0,25.077437500000002,2.0,Clemson,2017.0,2017.0,LAC,7.0,,0.20689656
2019,9,00-0033536,M.Williams,WR,LAC,GB,0,0,0.0,0,0.0,0.0,0.0,1,2.0,0,3,3,111.0,0,11.3,14.3,,,76.0,218.0,25.077437500000002,2.0,Clemson,2017.0,2017.0,LAC,7.0,15.0,0.115384616
2019,10,00-0033536,M.Williams,WR,LAC,LV,0,0,0.0,0,0.0,0.0,0.0,0,0.0,0,3,2,55.0,0,5.5,7.5,,,76.0,218.0,25.077437500000002,2.0,Clemson,2017.0,2017.0,LAC,7.0,,0.09677419
2019,11,00-0033536,M.Williams,WR,LAC,KC,0,0,0.0,0,0.0,0.0,0.0,0,0.0,0,6,2,76.0,0,7.6,9.6,,,76.0,218.0,25.077437500000002,2.0,Clemson,2017.0,2017.0,LAC,7.0,-7.0,0.125
2019,13,00-0033536,M.Williams,WR,LAC,DEN,0,0,0.0,0,0.0,0.0,0.0,0,0.0,0,7,5,117.0,0,11.7,16.7,,,76.0,218.0,25.077437500000002,2.0,Clemson,2017.0,2017.0,LAC,7.0,,0.25925925
2019,14,00-0033536,M.Williams,WR,LAC,JAX,0,0,0.0,0,0.0,0.0,0.0,0,0.0,0,3,2,63.0,1,12.3,14.3,,,76.0,218.0,25.077437500000002,2.0,Clemson,2017.0,2017.0,LAC,7.0,,0.115384616
2019,15,00-0033536,M.Williams,WR,LAC,MIN,0,0,0.0,0,0.0,0.0,0.0,0,0.0,0,9,4,71.0,1,13.1,17.1,,,76.0,218.0,25.077437500000002,2.0,Clemson,2017.0,2017.0,LAC,7.0,-29.0,0.23684211
2019,16,00-0033536,M.Williams,WR,LAC,LV,0,0,0.0,0,0.0,0.0,0.0,0,0.0,0,4,3,51.0,0,5.1,8.1,,,76.0,218.0,25.077437500000002,2.0,Clemson,2017.0,2017.0,LAC,7.0,-7.0,0.10810811
2019,17,00-0033536,M.Williams,WR,LAC,KC,0,0,0.0,0,0.0,0.0,0.0,0,0.0,0,5,2,38.0,0,3.8,5.8,,,76.0,218.0,25.077437500000002,2.0,Clemson,2017.0,2017.0,LAC,7.0,,0.11363637
2019,1,00-0033537,D.Watson,QB,HOU,NO,20,30,268.0,3,1.0,6.0,34.0,4,40.0,1,0,0,0.0,0,30.72,30.72,,,74.0,221.0,24.1555,2.0,Clemson,2017.0,2017.0,HOU,12.0,,
2019,2,00-0033537,D.Watson,QB,HOU,JAX,16,29,159.0,0,0.0,4.0,22.0,4,5.0,1,0,0,0.0,0,12.86,12.86,,,74.0,221.0,24.1555,2.0,Clemson,2017.0,2017.0,HOU,12.0,1.0,
2019,3,00-0033537,D.Watson,QB,HOU,LAC,25,34,351.0,3,0.0,2.0,14.0,7,18.0,0,0,0,0.0,0,25.84,25.84,,,74.0,221.0,24.1555,2.0,Clemson,2017.0,2017.0,HOU,12.0,,
2019,4,00-0033537,D.Watson,QB,HOU,CAR,21,33,160.0,0,0.0,6.0,32.0,3,12.0,1,0,0,0.0,0,11.6,11.6,,,74.0,221.0,24.1555,2.0,Clemson,2017.0,2017.0,HOU,12.0,-6.0,
2019,5,00-0033537,D.Watson,QB,HOU,ATL,28,33,426.0,5,0.0,0.0,-0.0,4,47.0,0,0,0,0.0,0,41.74,41.74,,,74.0,221.0,24.1555,2.0,Clemson,2017.0,2017.0,HOU,12.0,21.0,
2019,6,00-0033537,D.Watson,QB,HOU,KC,30,42,280.0,1,2.0,0.0,-0.0,10,42.0,2,0,0,0.0,0,29.4,29.4,,,74.0,221.0,24.1555,2.0,Clemson,2017.0,2017.0,HOU,12.0,,
2019,7,00-0033537,D.Watson,QB,HOU,IND,23,34,308.0,1,2.0,3.0,17.0,3,32.0,0,0,0,0.0,0,15.52,15.52,,,74.0,221.0,24.1555,2.0,Clemson,2017.0,2017.0,HOU,12.0,,
2019,8,00-0033537,D.Watson,QB,HOU,LV,27,39,279.0,3,0.0,3.0,21.0,10,46.0,0,0,0,0.0,0,27.76,27.76,,,74.0,221.0,24.1555,2.0,Clemson,2017.0,2017.0,HOU,12.0,3.0,
2019,9,00-0033537,D.Watson,QB,HOU,JAX,22,28,201.0,2,0.0,1.0,7.0,7,37.0,0,0,0,0.0,0,19.74,19.74,,,74.0,221.0,24.1555,2.0,Clemson,2017.0,2017.0,HOU,12.0,,
2019,11,00-0033537,D.Watson,QB,HOU,BAL,18,29,169.0,0,1.0,6.0,49.0,3,12.0,0,0,0,0.0,0,3.96,3.96,,,74.0,221.0,24.1555,2.0,Clemson,2017.0,2017.0,HOU,12.0,,
2019,12,00-0033537,D.Watson,QB,HOU,IND,19,30,298.0,2,1.0,1.0,1.0,3,10.0,0,0,0,0.0,0,18.92,18.92,,,74.0,221.0,24.1555,2.0,Clemson,2017.0,2017.0,HOU,12.0,3.0,
2019,13,00-0033537,D.Watson,QB,HOU,NE,18,25,234.0,3,0.0,3.0,16.0,4,-1.0,0,1,1,6.0,1,27.86,28.86,,,74.0,221.0,24.1555,2.0,Clemson,2017.0,2017.0,HOU,12.0,6.0,0.03846154
2019,14,00-0033537,D.Watson,QB,HOU,DEN,28,50,292.0,1,2.0,3.0,12.0,6,44.0,2,0,0,0.0,0,28.08,28.08,,,74.0,221.0,24.1555,2.0,Clemson,2017.0,2017.0,HOU,12.0,-14.0,
2019,15,00-0033537,D.Watson,QB,HOU,TEN,19,27,243.0,2,2.0,1.0,9.0,7,32.0,0,0,0,0.0,0,16.92,16.92,,,74.0,221.0,24.1555,2.0,Clemson,2017.0,2017.0,HOU,12.0,,
2019,16,00-0033537,D.Watson,QB,HOU,TB,19,32,184.0,0,1.0,5.0,23.0,7,37.0,0,0,0,0.0,0,9.06,9.06,,,74.0,221.0,24.1555,2.0,Clemson,2017.0,2017.0,HOU,12.0,,
2019,18,00-0033537,D.Watson,QB,HOU,BUF,20,25,247.0,1,0.0,7.0,28.0,14,55.0,1,0,0,0.0,0,29.38,29.38,,,74.0,221.0,24.1555,2.0,Clemson,2017.0,2017.0,HOU,12.0,3.0,
2019,19,00-0033537,D.Watson,QB,HOU,KC,31,52,388.0,2,0.0,4.0,26.0,6,37.0,1,0,0,0.0,0,33.22,33.22,,,74.0,221.0,24.1555,2.0,Clemson,2017.0,2017.0,HOU,12.0,,
2019,1,00-0033553,J.Conner,RB,PIT,NE,0,0,0.0,0,0.0,0.0,0.0,10,21.0,0,4,4,44.0,0,6.5,10.5,,,73.0,233.0,24.5004375,2.0,Pittsburgh,2017.0,2017.0,PIT,105.0,,0.08510638
2019,2,00-0033553,J.Conner,RB,PIT,SEA,0,0,0.0,0,0.0,0.0,0.0,11,33.0,1,4,3,12.0,0,10.5,13.5,,,73.0,233.0,24.5004375,2.0,Pittsburgh,2017.0,2017.0,PIT,105.0,-2.0,0.11764706
2019,3,00-0033553,J.Conner,RB,PIT,SF,0,0,0.0,0,0.0,0.0,0.0,13,43.0,0,4,4,14.0,0,3.7,7.7,,,73.0,233.0,24.5004375,2.0,Pittsburgh,2017.0,2017.0,PIT,105.0,,0.15384616
2019,4,00-0033553,J.Conner,RB,PIT,CIN,0,0,0.0,0,0.0,0.0,0.0,10,42.0,0,8,8,83.0,1,18.5,26.5,,,73.0,233.0,24.5004375,2.0,Pittsburgh,2017.0,2017.0,PIT,105.0,24.0,0.26666668
2019,5,00-0033553,J.Conner,RB,PIT,BAL,0,0,0.0,0,0.0,0.0,0.0,14,55.0,1,0,0,0.0,0,11.5,11.5,,,73.0,233.0,24.5004375,2.0,Pittsburgh,2017.0,2017.0,PIT,105.0,-3.0,
2019,6,00-0033553,J.Conner,RB,PIT,LAC,0,0,0.0,0,0.0,0.0,0.0,16,41.0,1,7,7,78.0,1,23.9,30.9,,,73.0,233.0,24.5004375,2.0,Pittsburgh,2017.0,2017.0,PIT,105.0,,0.36842105
2019,8,00-0033553,J.Conner,RB,PIT,MIA,0,0,0.0,0,0.0,0.0,0.0,23,145.0,1,4,3,5.0,0,21.0,24.0,,,73.0,233.0,24.5004375,2.0,Pittsburgh,2017.0,2017.0,PIT,105.0,13.0,0.11111111
2019,11,00-0033553,J.Conner,RB,PIT,CLE,0,0,0.0,0,0.0,0.0,0.0,5,10.0,0,2,1,6.0,0,1.6,2.6,,,73.0,233.0,24.5004375,2.0,Pittsburgh,2017.0,2017.0,PIT,105.0,,0.046511628
2019,15,00-0033553,J.Conner,RB,PIT,BUF,0,0,0.0,0,0.0,0.0,0.0,8,42.0,0,5,4,9.0,1,11.1,15.1,,,73.0,233.0,24.5004375,2.0,Pittsburgh,2017.0,2017.0,PIT,105.0,-7.0,0.1388889
2019,16,00-0033553,J.Conner,RB,PIT,NYJ,0,0,0.0,0,0.0,0.0,0.0,6,32.0,0,0,0,0.0,0,3.2,3.2,,,73.0,233.0,24.5004375,2.0,Pittsburgh,2017.0,2017.0,PIT,105.0,,
2019,2,00-0033555,M.Hollins,WR,PHI,ATL,0,0,0.0,0,0.0,0.0,0.0,0,0.0,0,8,5,50.0,0,5.0,10.0,,,76.0,221.0,26.128375,2.0,North Carolina,2017.0,2017.0,PHI,118.0,,0.17021276
2019,3,00-0033555,M.Hollins,WR,PHI,DET,0,0,0.0,0,0.0,0.0,0.0,0,0.0,0,7,4,62.0,0,6.2,10.2,,,76.0,221.0,26.128375,2.0,North Carolina,2017.0,2017.0,PHI,118.0,-3.0,0.19444445
2019,4,00-0033555,M.Hollins,WR,PHI,GB,0,0,0.0,0,0.0,0.0,0.0,0,0.0,0,2,1,13.0,0,1.3,2.3,,,76.0,221.0,26.128375,2.0,North Carolina,2017.0,2017.0,PHI,118.0,,0.074074075
2019,5,00-0033555,M.Hollins,WR,PHI,NYJ,0,0,0.0,0,0.0,0.0,0.0,0,0.0,0,1,0,0.0,0,0.0,0.0,,,76.0,221.0,26.128375,2.0,North Carolina,2017.0,2017.0,PHI,118.0,25.0,0.035714287
2019,6,00-0033555,M.Hollins,WR,PHI,MIN,0,0,0.0,0,0.0,0.0,0.0,0,0.0,0,2,0,0.0,0,0.0,0.0,,,76.0,221.0,26.128375,2.0,North Carolina,2017.0,2017.0,PHI,118.0,,0.048780486
2019,7,00-0033555,M.Hollins,WR,PHI,DAL,0,0,0.0,0,0.0,0.0,0.0,0,0.0,0,1,0,0.0,0,0.0,0.0,,,76.0,221.0,26.128375,2.0,North Carolina,2017.0,2017.0,PHI,118.0,,0.04
2019,11,00-0033555,M.Hollins,WR,PHI,NE,0,0,0.0,0,0.0,0.0,0.0,0,0.0,0,1,0,0.0,0,0.0,0.0,,,76.0,221.0,26.128375,2.0,North Carolina,2017.0,2017.0,PHI,118.0,-7.0,0.02631579
2019,14,00-0033555,M.Hollins,WR,MIA,NYJ,0,0,0.0,0,0.0,0.0,0.0,0,0.0,0,1,0,0.0,0,0.0,0.0,,,76.0,221.0,26.128375,2.0,North Carolina,2017.0,2017.0,PHI,118.0,,0.028571429
2019,1,00-0033556,T.Cohen,RB,CHI,GB,0,0,0.0,0,0.0,0.0,0.0,0,0.0,0,10,8,49.0,0,4.9,12.9,,,66.0,191.0,24.276,2.0,North Carolina A&amp;T,2017.0,2017.0,CHI,119.0,-7.0,0.22727273
2019,2,00-0033556,T.Cohen,RB,CHI,DEN,0,0,0.0,0,0.0,0.0,0.0,4,18.0,0,5,2,7.0,0,2.5,4.5,,,66.0,191.0,24.276,2.0,North Carolina A&amp;T,2017.0,2017.0,CHI,119.0,,0.18518518
2019,3,00-0033556,T.Cohen,RB,CHI,WAS,0,0,0.0,0,0.0,0.0,0.0,4,-2.0,0,4,2,26.0,0,2.4,4.4,,,66.0,191.0,24.276,2.0,North Carolina A&amp;T,2017.0,2017.0,CHI,119.0,,0.12903225
2019,4,00-0033556,T.Cohen,RB,CHI,MIN,0,0,0.0,0,0.0,0.0,0.0,5,11.0,0,5,2,7.0,1,7.8,9.8,,,66.0,191.0,24.276,2.0,North Carolina A&amp;T,2017.0,2017.0,CHI,119.0,10.0,0.15151516
2019,5,00-0033556,T.Cohen,RB,CHI,LV,0,0,0.0,0,0.0,0.0,0.0,4,10.0,0,7,6,39.0,0,4.9,10.9,,,66.0,191.0,24.276,2.0,North Carolina A&amp;T,2017.0,2017.0,CHI,119.0,,0.23333333
2019,7,00-0033556,T.Cohen,RB,CHI,NO,0,0,0.0,0,0.0,0.0,0.0,3,10.0,0,12,9,19.0,0,2.9,11.9,,,66.0,191.0,24.276,2.0,North Carolina A&amp;T,2017.0,2017.0,CHI,119.0,-11.0,0.23529412
2019,8,00-0033556,T.Cohen,RB,CHI,LAC,0,0,0.0,0,0.0,0.0,0.0,4,9.0,0,3,3,37.0,0,4.6,7.6,,,66.0,191.0,24.276,2.0,North Carolina A&amp;T,2017.0,2017.0,CHI,119.0,-1.0,0.09090909
2019,9,00-0033556,T.Cohen,RB,CHI,PHI,0,0,0.0,0,0.0,0.0,0.0,2,7.0,0,5,2,9.0,0,1.6,3.6,,,66.0,191.0,24.276,2.0,North Carolina A&amp;T,2017.0,2017.0,CHI,119.0,,0.23809524
2019,10,00-0033556,T.Cohen,RB,CHI,DET,0,0,0.0,0,0.0,0.0,0.0,3,14.0,0,4,4,23.0,1,9.7,13.7,,,66.0,191.0,24.276,2.0,North Carolina A&amp;T,2017.0,2017.0,CHI,119.0,7.0,0.17391305
2019,11,00-0033556,T.Cohen,RB,CHI,LA,0,0,0.0,0,0.0,0.0,0.0,9,39.0,0,6,5,35.0,1,13.4,18.4,,,66.0,191.0,24.276,2.0,North Carolina A&amp;T,2017.0,2017.0,CHI,119.0,,0.13333334
2019,12,00-0033556,T.Cohen,RB,CHI,NYG,0,0,0.0,0,0.0,0.0,0.0,6,25.0,0,9,7,29.0,0,5.4,12.4,,,66.0,191.0,24.276,2.0,North Carolina A&amp;T,2017.0,2017.0,CHI,119.0,5.0,0.2195122
2019,13,00-0033556,T.Cohen,RB,CHI,DET,0,0,0.0,0,0.0,0.0,0.0,3,9.0,0,4,4,26.0,0,3.5,7.5,,,66.0,191.0,24.276,2.0,North Carolina A&amp;T,2017.0,2017.0,CHI,119.0,,0.10526316
2019,14,00-0033556,T.Cohen,RB,CHI,DAL,0,0,0.0,0,0.0,0.0,0.0,3,7.0,0,6,6,24.0,0,3.1,9.1,,,66.0,191.0,24.276,2.0,North Carolina A&amp;T,2017.0,2017.0,CHI,119.0,7.0,0.19354838
2019,15,00-0033556,T.Cohen,RB,CHI,GB,0,0,0.0,0,0.0,0.0,0.0,8,28.0,0,10,7,57.0,0,8.5,15.5,,,66.0,191.0,24.276,2.0,North Carolina A&amp;T,2017.0,2017.0,CHI,119.0,,0.2
2019,16,00-0033556,T.Cohen,RB,CHI,KC,0,0,0.0,0,0.0,0.0,0.0,2,8.0,0,4,3,25.0,0,3.3,6.3,,,66.0,191.0,24.276,2.0,North Carolina A&amp;T,2017.0,2017.0,CHI,119.0,-23.0,0.121212125
2019,17,00-0033556,T.Cohen,RB,CHI,MIN,0,0,0.0,0,0.0,0.0,0.0,4,20.0,0,10,9,44.0,0,6.4,15.4,,,66.0,191.0,24.276,2.0,North Carolina A&amp;T,2017.0,2017.0,CHI,119.0,,0.2857143
2019,1,00-0033562,R.Switzer,WR,PIT,NE,0,0,0.0,0,0.0,0.0,0.0,0,0.0,0,6,6,29.0,0,2.9,8.9,,,68.0,185.0,24.9988125,2.0,North Carolina,2017.0,2017.0,DAL,133.0,,0.12765957
2019,2,00-0033562,R.Switzer,WR,PIT,SEA,0,0,0.0,0,0.0,0.0,0.0,0,0.0,0,4,1,0.0,0,0.0,1.0,,,68.0,185.0,24.9988125,2.0,North Carolina,2017.0,2017.0,DAL,133.0,-2.0,0.11764706
2019,6,00-0033562,R.Switzer,WR,PIT,LAC,0,0,0.0,0,0.0,0.0,0.0,0,0.0,0,1,1,-2.0,0,-0.2,0.8,,,68.0,185.0,24.9988125,2.0,North Carolina,2017.0,2017.0,DAL,133.0,,0.05263158
2019,5,00-0033566,D.King,CB,LAC,LAC,0,0,0.0,0,0.0,0.0,0.0,0,0.0,0,0,0,0.0,0,6.0,6.0,,,70.0,201.0,24.883125,2.0,Iowa,2017.0,2017.0,LAC,151.0,-7.0,
2019,7,00-0033567,B.Hill,RB,ATL,LA,0,0,0.0,0,0.0,0.0,0.0,5,11.0,0,2,2,14.0,0,2.5,4.5,,,73.0,219.0,23.9830625,2.0,Wyoming,2017.0,2017.0,ATL,156.0,-27.0,0.060606062
2019,8,00-0033567,B.Hill,RB,ATL,SEA,0,0,0.0,0,0.0,0.0,0.0,3,29.0,1,0,0,0.0,0,8.9,8.9,,,73.0,219.0,23.9830625,2.0,Wyoming,2017.0,2017.0,ATL,156.0,-7.0,
2019,10,00-0033567,B.Hill,RB,ATL,NO,0,0,0.0,0,0.0,0.0,0.0,20,61.0,0,2,1,10.0,1,13.1,14.1,,,73.0,219.0,23.9830625,2.0,Wyoming,2017.0,2017.0,ATL,156.0,,0.0625
2019,11,00-0033567,B.Hill,RB,ATL,CAR,0,0,0.0,0,0.0,0.0,0.0,15,30.0,0,3,1,8.0,0,3.8,4.8,,,73.0,219.0,23.9830625,2.0,Wyoming,2017.0,2017.0,ATL,156.0,,0.09677419
2019,12,00-0033567,B.Hill,RB,ATL,TB,0,0,0.0,0,0.0,0.0,0.0,9,14.0,0,4,3,13.0,0,2.7,5.7,,,73.0,219.0,23.9830625,2.0,Wyoming,2017.0,2017.0,ATL,156.0,-13.0,0.0754717
2019,13,00-0033567,B.Hill,RB,ATL,NO,0,0,0.0,0,0.0,0.0,0.0,4,13.0,0,3,3,24.0,0,3.7,6.7,,,73.0,219.0,23.9830625,2.0,Wyoming,2017.0,2017.0,ATL,156.0,-8.0,0.06382979
2019,14,00-0033567,B.Hill,RB,ATL,CAR,0,0,0.0,0,0.0,0.0,0.0,9,62.0,1,0,0,0.0,0,12.2,12.2,,,73.0,219.0,23.9830625,2.0,Wyoming,2017.0,2017.0,ATL,156.0,20.0,
2019,15,00-0033567,B.Hill,RB,ATL,SF,0,0,0.0,0,0.0,0.0,0.0,1,16.0,0,0,0,0.0,0,1.6,1.6,,,73.0,219.0,23.9830625,2.0,Wyoming,2017.0,2017.0,ATL,156.0,,
2019,16,00-0033567,B.Hill,RB,ATL,JAX,0,0,0.0,0,0.0,0.0,0.0,7,66.0,0,0,0,0.0,0,6.6,6.6,,,73.0,219.0,23.9830625,2.0,Wyoming,2017.0,2017.0,ATL,156.0,12.0,
2019,17,00-0033567,B.Hill,RB,ATL,TB,0,0,0.0,0,0.0,0.0,0.0,5,21.0,0,0,0,0.0,0,2.1,2.1,,,73.0,219.0,23.9830625,2.0,Wyoming,2017.0,2017.0,ATL,156.0,,
2019,3,00-0033572,J.Agnew,WR,DET,PHI,0,0,0.0,0,0.0,0.0,0.0,0,0.0,0,0,0,0.0,0,6.0,6.0,,,70.0,190.0,24.590374999999998,2.0,San Diego,2017.0,2017.0,DET,165.0,,
2019,6,00-0033572,J.Agnew,WR,DET,GB,0,0,0.0,0,0.0,0.0,0.0,1,9.0,0,0,0,0.0,0,0.9,0.9,,,70.0,190.0,24.590374999999998,2.0,San Diego,2017.0,2017.0,DET,165.0,,
2019,16,00-0033572,J.Agnew,WR,DET,DET,0,0,0.0,0,0.0,0.0,0.0,0,0.0,0,0,0,0.0,0,6.0,6.0,,,70.0,190.0,24.590374999999998,2.0,San Diego,2017.0,2017.0,DET,165.0,,
2019,17,00-0033572,J.Agnew,WR,DET,GB,0,0,0.0,0,0.0,0.0,0.0,0,0.0,0,2,1,-2.0,0,-0.2,0.8,,,70.0,190.0,24.590374999999998,2.0,San Diego,2017.0,2017.0,DET,165.0,-3.0,0.06896552
2019,16,00-0033576,E.Saubert,TE,CHI,KC,0,0,0.0,0,0.0,0.0,0.0,0,0.0,0,2,1,11.0,0,1.1,2.1,,,77.0,253.0,25.489375,2.0,Drake,2017.0,2017.0,ATL,174.0,-23.0,0.060606062
2019,17,00-0033576,E.Saubert,TE,CHI,MIN,0,0,0.0,0,0.0,0.0,0.0,0,0.0,0,1,1,10.0,0,1.0,2.0,,,77.0,253.0,25.489375,2.0,Drake,2017.0,2017.0,ATL,174.0,,0.028571429
2019,3,00-0033589,D.Moore,WR,SEA,NO,0,0,0.0,0,0.0,0.0,0.0,0,0.0,0,2,1,29.0,0,2.9,3.9,,,72.0,215.0,24.817333333333334,2.0,East Central,2017.0,2017.0,SEA,226.0,-6.0,0.04347826
2019,4,00-0033589,D.Moore,WR,SEA,ARI,0,0,0.0,0,0.0,0.0,0.0,0,0.0,0,2,1,9.0,0,0.9,1.9,,,72.0,215.0,24.817333333333334,2.0,East Central,2017.0,2017.0,SEA,226.0,,0.074074075
2019,5,00-0033589,D.Moore,WR,SEA,LA,0,0,0.0,0,0.0,0.0,0.0,0,0.0,0,2,1,10.0,1,7.0,8.0,,,72.0,215.0,24.817333333333334,2.0,East Central,2017.0,2017.0,SEA,226.0,1.0,0.09090909
2019,6,00-0033589,D.Moore,WR,SEA,CLE,0,0,0.0,0,0.0,0.0,0.0,0,0.0,0,4,3,36.0,0,3.6,6.6,,,72.0,215.0,24.817333333333334,2.0,East Central,2017.0,2017.0,SEA,226.0,,0.125
2019,7,00-0033589,D.Moore,WR,SEA,BAL,0,0,0.0,0,0.0,0.0,0.0,0,0.0,0,3,1,14.0,0,1.4,2.4,,,72.0,215.0,24.817333333333334,2.0,East Central,2017.0,2017.0,SEA,226.0,-14.0,0.078947365
2019,8,00-0033589,D.Moore,WR,SEA,ATL,0,0,0.0,0,0.0,0.0,0.0,1,2.0,0,4,1,23.0,0,2.5,3.5,,,72.0,215.0,24.817333333333334,2.0,East Central,2017.0,2017.0,SEA,226.0,,0.2
2019,9,00-0033589,D.Moore,WR,SEA,TB,0,0,0.0,0,0.0,0.0,0.0,0,0.0,0,4,2,18.0,0,1.8,3.8,,,72.0,215.0,24.817333333333334,2.0,East Central,2017.0,2017.0,SEA,226.0,6.0,0.093023255
2019,10,00-0033589,D.Moore,WR,SEA,SF,0,0,0.0,0,0.0,0.0,0.0,0,0.0,0,1,0,0.0,0,0.0,0.0,,,72.0,215.0,24.817333333333334,2.0,East Central,2017.0,2017.0,SEA,226.0,,0.030303031
2019,12,00-0033589,D.Moore,WR,SEA,PHI,0,0,0.0,0,0.0,0.0,0.0,1,4.0,0,2,1,31.0,0,3.5,4.5,,,72.0,215.0,24.817333333333334,2.0,East Central,2017.0,2017.0,SEA,226.0,,0.08695652
2019,13,00-0033589,D.Moore,WR,SEA,MIN,0,0,0.0,0,0.0,0.0,0.0,0,0.0,0,4,2,65.0,1,12.5,14.5,,,72.0,215.0,24.817333333333334,2.0,East Central,2017.0,2017.0,SEA,226.0,7.0,0.12903225
2019,14,00-0033589,D.Moore,WR,SEA,LA,0,0,0.0,0,0.0,0.0,0.0,0,0.0,0,2,1,15.0,0,1.5,2.5,,,72.0,215.0,24.817333333333334,2.0,East Central,2017.0,2017.0,SEA,226.0,,0.060606062
2019,16,00-0033589,D.Moore,WR,SEA,ARI,0,0,0.0,0,0.0,0.0,0.0,1,19.0,0,2,1,21.0,0,2.0,3.0,,,72.0,215.0,24.817333333333334,2.0,East Central,2017.0,2017.0,SEA,226.0,-14.0,0.06896552
2019,17,00-0033589,D.Moore,WR,SEA,SF,0,0,0.0,0,0.0,0.0,0.0,0,0.0,0,2,2,30.0,0,3.0,5.0,,,72.0,215.0,24.817333333333334,2.0,East Central,2017.0,2017.0,SEA,226.0,-5.0,0.05263158
2019,18,00-0033589,D.Moore,WR,SEA,PHI,0,0,0.0,0,0.0,0.0,0.0,0,0.0,0,4,2,57.0,0,5.7,7.7,,,72.0,215.0,24.817333333333334,2.0,East Central,2017.0,2017.0,SEA,226.0,,0.13793103
2019,19,00-0033589,D.Moore,WR,SEA,GB,0,0,0.0,0,0.0,0.0,0.0,1,6.0,0,0,0,0.0,0,0.6,0.6,,,72.0,215.0,24.817333333333334,2.0,East Central,2017.0,2017.0,SEA,226.0,,
2019,1,00-0033594,C.Carson,RB,SEA,CIN,0,0,0.0,0,0.0,0.0,0.0,15,46.0,1,7,6,34.0,1,18.0,24.0,,,71.0,222.0,25.148722222222222,2.0,Oklahoma State,2017.0,2017.0,SEA,249.0,1.0,0.36842105
2019,2,00-0033594,C.Carson,RB,SEA,PIT,0,0,0.0,0,0.0,0.0,0.0,15,60.0,0,3,3,27.0,0,6.7,9.7,,,71.0,222.0,25.148722222222222,2.0,Oklahoma State,2017.0,2017.0,SEA,249.0,,0.08571429
2019,3,00-0033594,C.Carson,RB,SEA,NO,0,0,0.0,0,0.0,0.0,0.0,15,52.0,0,1,1,-2.0,0,3.0,4.0,,,71.0,222.0,25.148722222222222,2.0,Oklahoma State,2017.0,2017.0,SEA,249.0,-6.0,0.02173913
2019,4,00-0033594,C.Carson,RB,SEA,ARI,0,0,0.0,0,0.0,0.0,0.0,22,104.0,0,4,4,41.0,0,14.5,18.5,,,71.0,222.0,25.148722222222222,2.0,Oklahoma State,2017.0,2017.0,SEA,249.0,,0.14814815
2019,5,00-0033594,C.Carson,RB,SEA,LA,0,0,0.0,0,0.0,0.0,0.0,27,118.0,0,2,1,5.0,1,18.3,19.3,,,71.0,222.0,25.148722222222222,2.0,Oklahoma State,2017.0,2017.0,SEA,249.0,1.0,0.09090909
2019,6,00-0033594,C.Carson,RB,SEA,CLE,0,0,0.0,0,0.0,0.0,0.0,24,124.0,1,4,4,35.0,0,21.9,25.9,,,71.0,222.0,25.148722222222222,2.0,Oklahoma State,2017.0,2017.0,SEA,249.0,,0.125
2019,7,00-0033594,C.Carson,RB,SEA,BAL,0,0,0.0,0,0.0,0.0,0.0,21,65.0,0,5,3,9.0,0,7.4,10.4,,,71.0,222.0,25.148722222222222,2.0,Oklahoma State,2017.0,2017.0,SEA,249.0,-14.0,0.13157895
2019,8,00-0033594,C.Carson,RB,SEA,ATL,0,0,0.0,0,0.0,0.0,0.0,20,90.0,1,1,0,0.0,0,15.0,15.0,,,71.0,222.0,25.148722222222222,2.0,Oklahoma State,2017.0,2017.0,SEA,249.0,,0.05
2019,9,00-0033594,C.Carson,RB,SEA,TB,0,0,0.0,0,0.0,0.0,0.0,16,105.0,0,3,2,28.0,0,11.3,13.3,,,71.0,222.0,25.148722222222222,2.0,Oklahoma State,2017.0,2017.0,SEA,249.0,6.0,0.069767445
2019,10,00-0033594,C.Carson,RB,SEA,SF,0,0,0.0,0,0.0,0.0,0.0,25,89.0,1,4,3,12.0,0,16.1,19.1,,,71.0,222.0,25.148722222222222,2.0,Oklahoma State,2017.0,2017.0,SEA,249.0,,0.121212125
2019,12,00-0033594,C.Carson,RB,SEA,PHI,0,0,0.0,0,0.0,0.0,0.0,8,26.0,0,4,4,31.0,0,5.7,9.7,,,71.0,222.0,25.148722222222222,2.0,Oklahoma State,2017.0,2017.0,SEA,249.0,,0.17391305
2019,13,00-0033594,C.Carson,RB,SEA,MIN,0,0,0.0,0,0.0,0.0,0.0,23,102.0,1,2,1,7.0,0,16.9,17.9,,,71.0,222.0,25.148722222222222,2.0,Oklahoma State,2017.0,2017.0,SEA,249.0,7.0,0.06451613
2019,14,00-0033594,C.Carson,RB,SEA,LA,0,0,0.0,0,0.0,0.0,0.0,15,76.0,0,4,3,15.0,0,9.1,12.1,,,71.0,222.0,25.148722222222222,2.0,Oklahoma State,2017.0,2017.0,SEA,249.0,,0.121212125
2019,15,00-0033594,C.Carson,RB,SEA,CAR,0,0,0.0,0,0.0,0.0,0.0,24,133.0,2,2,1,4.0,0,25.7,26.7,,,71.0,222.0,25.148722222222222,2.0,Oklahoma State,2017.0,2017.0,SEA,249.0,,0.08
2019,16,00-0033594,C.Carson,RB,SEA,ARI,0,0,0.0,0,0.0,0.0,0.0,8,40.0,0,1,1,20.0,0,6.0,7.0,,,71.0,222.0,25.148722222222222,2.0,Oklahoma State,2017.0,2017.0,SEA,249.0,-14.0,0.03448276
2019,16,00-0033604,K.Hogan,WR,NO,TEN,0,0,0.0,0,0.0,0.0,0.0,0,0.0,0,1,1,4.0,0,0.4,1.4,,,75.0,217.0,24.48894117647059,2.0,"Marian, Ind.",2017.0,2017.0,,,,0.025641026
2019,3,00-0033611,R.Seals-Jones,TE,CLE,LA,0,0,0.0,0,0.0,0.0,0.0,0,0.0,0,2,1,14.0,0,1.4,2.4,,,77.0,243.0,24.6401875,2.0,Texas A&amp;M,2017.0,2017.0,,,-7.0,0.05882353
2019,4,00-0033611,R.Seals-Jones,TE,CLE,BAL,0,0,0.0,0,0.0,0.0,0.0,0,0.0,0,3,3,82.0,1,14.2,17.2,,,77.0,243.0,24.6401875,2.0,Texas A&amp;M,2017.0,2017.0,,,,0.09677419
2019,5,00-0033611,R.Seals-Jones,TE,CLE,SF,0,0,0.0,0,0.0,0.0,0.0,0,0.0,0,1,0,0.0,0,0.0,0.0,,,77.0,243.0,24.6401875,2.0,Texas A&amp;M,2017.0,2017.0,,,,0.045454547
2019,6,00-0033611,R.Seals-Jones,TE,CLE,SEA,0,0,0.0,0,0.0,0.0,0.0,0,0.0,0,6,3,47.0,1,10.7,13.7,,,77.0,243.0,24.6401875,2.0,Texas A&amp;M,2017.0,2017.0,,,-4.0,0.16666667
2019,9,00-0033611,R.Seals-Jones,TE,CLE,DEN,0,0,0.0,0,0.0,0.0,0.0,0,0.0,0,2,2,12.0,0,1.2,3.2,,,77.0,243.0,24.6401875,2.0,Texas A&amp;M,2017.0,2017.0,,,,0.05
2019,12,00-0033611,R.Seals-Jones,TE,CLE,MIA,0,0,0.0,0,0.0,0.0,0.0,0,0.0,0,1,0,0.0,0,0.0,0.0,,,77.0,243.0,24.6401875,2.0,Texas A&amp;M,2017.0,2017.0,,,17.0,0.030303031
2019,14,00-0033611,R.Seals-Jones,TE,CLE,CIN,0,0,0.0,0,0.0,0.0,0.0,0,0.0,0,1,1,22.0,0,2.2,3.2,,,77.0,243.0,24.6401875,2.0,Texas A&amp;M,2017.0,2017.0,,,8.0,0.045454547
2019,15,00-0033611,R.Seals-Jones,TE,CLE,ARI,0,0,0.0,0,0.0,0.0,0.0,0,0.0,0,4,3,29.0,2,12.9,15.9,,,77.0,243.0,24.6401875,2.0,Texas A&amp;M,2017.0,2017.0,,,,0.093023255
2019,16,00-0033611,R.Seals-Jones,TE,CLE,BAL,0,0,0.0,0,0.0,0.0,0.0,0,0.0,0,2,1,23.0,0,2.3,3.3,,,77.0,243.0,24.6401875,2.0,Texas A&amp;M,2017.0,2017.0,,,-16.0,0.0625
2019,15,00-0033642,B.Bello,MLB,NYJ,NYJ,0,0,0.0,0,0.0,0.0,0.0,0,0.0,0,0,0,0.0,0,6.0,6.0,,,75.0,229.0,25.007235294117645,2.0,Illinois State,2017.0,2017.0,,,,
2019,1,00-0033658,B.Jarwin,TE,DAL,NYG,0,0,0.0,0,0.0,0.0,0.0,0,0.0,0,3,3,39.0,1,9.9,12.9,,,77.0,260.0,25.3008125,2.0,Oklahoma State,2017.0,2017.0,,,18.0,0.09375
2019,2,00-0033658,B.Jarwin,TE,DAL,WAS,0,0,0.0,0,0.0,0.0,0.0,0,0.0,0,1,1,22.0,0,2.2,3.2,,,77.0,260.0,25.3008125,2.0,Oklahoma State,2017.0,2017.0,,,,0.033333335
2019,3,00-0033658,B.Jarwin,TE,DAL,MIA,0,0,0.0,0,0.0,0.0,0.0,0,0.0,0,3,1,3.0,0,0.3,1.3,,,77.0,260.0,25.3008125,2.0,Oklahoma State,2017.0,2017.0,,,25.0,0.1
2019,4,00-0033658,B.Jarwin,TE,DAL,NO,0,0,0.0,0,0.0,0.0,0.0,0,0.0,0,3,3,49.0,0,4.9,7.9,,,77.0,260.0,25.3008125,2.0,Oklahoma State,2017.0,2017.0,,,,0.1
2019,6,00-0033658,B.Jarwin,TE,DAL,NYJ,0,0,0.0,0,0.0,0.0,0.0,0,0.0,0,4,2,6.0,0,0.6,2.6,,,77.0,260.0,25.3008125,2.0,Oklahoma State,2017.0,2017.0,,,,0.102564104
2019,7,00-0033658,B.Jarwin,TE,DAL,PHI,0,0,0.0,0,0.0,0.0,0.0,0,0.0,0,1,1,1.0,1,6.1,7.1,,,77.0,260.0,25.3008125,2.0,Oklahoma State,2017.0,2017.0,,,27.0,0.04
2019,9,00-0033658,B.Jarwin,TE,DAL,NYG,0,0,0.0,0,0.0,0.0,0.0,0,0.0,0,1,1,42.0,1,10.2,11.2,,,77.0,260.0,25.3008125,2.0,Oklahoma State,2017.0,2017.0,,,,0.029411765
2019,10,00-0033658,B.Jarwin,TE,DAL,MIN,0,0,0.0,0,0.0,0.0,0.0,0,0.0,0,4,3,35.0,0,3.5,6.5,,,77.0,260.0,25.3008125,2.0,Oklahoma State,2017.0,2017.0,,,-4.0,0.09090909
2019,11,00-0033658,B.Jarwin,TE,DAL,DET,0,0,0.0,0,0.0,0.0,0.0,0,0.0,0,2,2,38.0,0,3.8,5.8,,,77.0,260.0,25.3008125,2.0,Oklahoma State,2017.0,2017.0,,,,0.044444446
2019,12,00-0033658,B.Jarwin,TE,DAL,NE,0,0,0.0,0,0.0,0.0,0.0,0,0.0,0,4,3,17.0,0,1.7,4.7,,,77.0,260.0,25.3008125,2.0,Oklahoma State,2017.0,2017.0,,,,0.125
2019,13,00-0033658,B.Jarwin,TE,DAL,BUF,0,0,0.0,0,0.0,0.0,0.0,0,0.0,0,3,2,9.0,0,0.9,2.9,,,77.0,260.0,25.3008125,2.0,Oklahoma State,2017.0,2017.0,,,-11.0,0.06122449
2019,14,00-0033658,B.Jarwin,TE,DAL,CHI,0,0,0.0,0,0.0,0.0,0.0,0,0.0,0,7,6,50.0,0,5.0,11.0,,,77.0,260.0,25.3008125,2.0,Oklahoma State,2017.0,2017.0,,,,0.1521739
2019,15,00-0033658,B.Jarwin,TE,DAL,LA,0,0,0.0,0,0.0,0.0,0.0,0,0.0,0,3,2,40.0,0,4.0,6.0,,,77.0,260.0,25.3008125,2.0,Oklahoma State,2017.0,2017.0,,,23.0,0.13636364
2019,16,00-0033658,B.Jarwin,TE,DAL,PHI,0,0,0.0,0,0.0,0.0,0.0,0,0.0,0,1,1,14.0,0,1.4,2.4,,,77.0,260.0,25.3008125,2.0,Oklahoma State,2017.0,2017.0,,,,0.022727273
2019,17,00-0033658,B.Jarwin,TE,DAL,WAS,0,0,0.0,0,0.0,0.0,0.0,0,0.0,0,1,0,0.0,0,0.0,0.0,,,77.0,260.0,25.3008125,2.0,Oklahoma State,2017.0,2017.0,,,31.0,0.03125
2019,4,00-0033681,K.Cole,WR,JAX,DEN,0,0,0.0,0,0.0,0.0,0.0,0,0.0,0,1,1,19.0,0,1.9,2.9,,,73.0,194.0,26.53625,2.0,Kentucky Wesleyan,2017.0,2017.0,,,,0.03125
2019,7,00-0033681,K.Cole,WR,JAX,CIN,0,0,0.0,0,0.0,0.0,0.0,0,0.0,0,2,1,2.0,1,6.2,7.2,,,73.0,194.0,26.53625,2.0,Kentucky Wesleyan,2017.0,2017.0,,,,0.071428575
2019,8,00-0033681,K.Cole,WR,JAX,NYJ,0,0,0.0,0,0.0,0.0,0.0,0,0.0,0,2,2,12.0,1,7.2,9.2,,,73.0,194.0,26.53625,2.0,Kentucky Wesleyan,2017.0,2017.0,,,14.0,0.060606062
2019,9,00-0033681,K.Cole,WR,JAX,HOU,0,0,0.0,0,0.0,0.0,0.0,0,0.0,0,6,5,80.0,0,8.0,13.0,,,73.0,194.0,26.53625,2.0,Kentucky Wesleyan,2017.0,2017.0,,,-23.0,0.13636364
2019,11,00-0033681,K.Cole,WR,JAX,IND,0,0,0.0,0,0.0,0.0,0.0,0,0.0,0,5,4,41.0,0,4.1,8.1,,,73.0,194.0,26.53625,2.0,Kentucky Wesleyan,2017.0,2017.0,,,,0.10869565
2019,12,00-0033681,K.Cole,WR,JAX,TEN,0,0,0.0,0,0.0,0.0,0.0,0,0.0,0,2,2,18.0,0,1.8,3.8,,,73.0,194.0,26.53625,2.0,Kentucky Wesleyan,2017.0,2017.0,,,,0.045454547
2019,13,00-0033681,K.Cole,WR,JAX,TB,0,0,0.0,0,0.0,0.0,0.0,0,0.0,0,2,1,11.0,0,1.1,2.1,,,73.0,194.0,26.53625,2.0,Kentucky Wesleyan,2017.0,2017.0,,,-17.0,0.05263158
2019,14,00-0033681,K.Cole,WR,JAX,LAC,0,0,0.0,0,0.0,0.0,0.0,0,0.0,0,3,1,12.0,0,1.2,2.2,,,73.0,194.0,26.53625,2.0,Kentucky Wesleyan,2017.0,2017.0,,,-35.0,0.08108108
2019,15,00-0033681,K.Cole,WR,JAX,LV,0,0,0.0,0,0.0,0.0,0.0,0,0.0,0,6,3,76.0,0,7.6,10.6,,,73.0,194.0,26.53625,2.0,Kentucky Wesleyan,2017.0,2017.0,,,,0.21428572
2019,16,00-0033681,K.Cole,WR,JAX,ATL,0,0,0.0,0,0.0,0.0,0.0,1,6.0,0,2,1,23.0,0,2.9,3.9,,,73.0,194.0,26.53625,2.0,Kentucky Wesleyan,2017.0,2017.0,,,,0.06451613
2019,17,00-0033681,K.Cole,WR,JAX,IND,0,0,0.0,0,0.0,0.0,0.0,0,0.0,0,4,3,67.0,1,12.7,15.7,,,73.0,194.0,26.53625,2.0,Kentucky Wesleyan,2017.0,2017.0,,,18.0,0.102564104
2019,3,00-0033696,S.Culkin,TE,LAC,HOU,0,0,0.0,0,0.0,0.0,0.0,0,0.0,0,1,0,0.0,0,0.0,0.0,,,77.0,255.0,26.3916875,2.0,Missouri,2017.0,2017.0,,,-7.0,0.02173913
2019,4,00-0033696,S.Culkin,TE,LAC,MIA,0,0,0.0,0,0.0,0.0,0.0,0,0.0,0,1,1,12.0,0,1.2,2.2,,,77.0,255.0,26.3916875,2.0,Missouri,2017.0,2017.0,,,,0.033333335
2019,1,00-0033699,A.Ekeler,RB,LAC,IND,0,0,0.0,0,0.0,0.0,0.0,12,58.0,1,7,6,96.0,2,33.4,39.4,,,70.0,200.0,24.4614375,2.0,"Western State, Colo.",2017.0,2017.0,,,6.0,0.20588236
2019,2,00-0033699,A.Ekeler,RB,LAC,DET,0,0,0.0,0,0.0,0.0,0.0,17,66.0,1,6,6,67.0,0,17.3,23.3,,,70.0,200.0,24.4614375,2.0,"Western State, Colo.",2017.0,2017.0,,,,0.17142858
2019,3,00-0033699,A.Ekeler,RB,LAC,HOU,0,0,0.0,0,0.0,0.0,0.0,9,36.0,0,7,7,45.0,0,8.1,15.1,,,70.0,200.0,24.4614375,2.0,"Western State, Colo.",2017.0,2017.0,,,-7.0,0.1521739
2019,4,00-0033699,A.Ekeler,RB,LAC,MIA,0,0,0.0,0,0.0,0.0,0.0,18,60.0,1,5,5,62.0,1,24.2,29.2,,,70.0,200.0,24.4614375,2.0,"Western State, Colo.",2017.0,2017.0,,,,0.16666667
2019,5,00-0033699,A.Ekeler,RB,LAC,DEN,0,0,0.0,0,0.0,0.0,0.0,3,7.0,0,16,15,86.0,0,9.3,24.3,,,70.0,200.0,24.4614375,2.0,"Western State, Colo.",2017.0,2017.0,,,-7.0,0.3478261
2019,6,00-0033699,A.Ekeler,RB,LAC,PIT,0,0,0.0,0,0.0,0.0,0.0,5,14.0,0,4,3,14.0,0,2.8,5.8,,,70.0,200.0,24.4614375,2.0,"Western State, Colo.",2017.0,2017.0,,,-7.0,0.0952381
2019,7,00-0033699,A.Ekeler,RB,LAC,TEN,0,0,0.0,0,0.0,0.0,0.0,5,7.0,0,8,7,118.0,1,18.5,25.5,,,70.0,200.0,24.4614375,2.0,"Western State, Colo.",2017.0,2017.0,,,,0.21621622
2019,8,00-0033699,A.Ekeler,RB,LAC,CHI,0,0,0.0,0,0.0,0.0,0.0,3,3.0,0,3,2,19.0,1,8.2,10.2,,,70.0,200.0,24.4614375,2.0,"Western State, Colo.",2017.0,2017.0,,,,0.10344828
2019,9,00-0033699,A.Ekeler,RB,LAC,GB,0,0,0.0,0,0.0,0.0,0.0,12,70.0,0,4,4,23.0,0,9.3,13.3,,,70.0,200.0,24.4614375,2.0,"Western State, Colo.",2017.0,2017.0,,,15.0,0.15384616
2019,10,00-0033699,A.Ekeler,RB,LAC,LV,0,0,0.0,0,0.0,0.0,0.0,6,19.0,0,2,2,29.0,1,10.8,12.8,,,70.0,200.0,24.4614375,2.0,"Western State, Colo.",2017.0,2017.0,,,,0.06451613
2019,11,00-0033699,A.Ekeler,RB,LAC,KC,0,0,0.0,0,0.0,0.0,0.0,5,24.0,0,12,8,108.0,0,13.2,21.2,,,70.0,200.0,24.4614375,2.0,"Western State, Colo.",2017.0,2017.0,,,-7.0,0.25
2019,13,00-0033699,A.Ekeler,RB,LAC,DEN,0,0,0.0,0,0.0,0.0,0.0,9,16.0,0,5,4,51.0,1,12.7,16.7,,,70.0,200.0,24.4614375,2.0,"Western State, Colo.",2017.0,2017.0,,,,0.18518518
2019,14,00-0033699,A.Ekeler,RB,LAC,JAX,0,0,0.0,0,0.0,0.0,0.0,8,101.0,0,5,4,112.0,1,27.3,31.3,,,70.0,200.0,24.4614375,2.0,"Western State, Colo.",2017.0,2017.0,,,,0.1923077
2019,15,00-0033699,A.Ekeler,RB,LAC,MIN,0,0,0.0,0,0.0,0.0,0.0,7,19.0,0,7,5,62.0,0,8.1,13.1,,,70.0,200.0,24.4614375,2.0,"Western State, Colo.",2017.0,2017.0,,,-29.0,0.18421052
2019,16,00-0033699,A.Ekeler,RB,LAC,LV,0,0,0.0,0,0.0,0.0,0.0,4,11.0,0,6,5,58.0,0,6.9,11.9,,,70.0,200.0,24.4614375,2.0,"Western State, Colo.",2017.0,2017.0,,,-7.0,0.16216215
2019,17,00-0033699,A.Ekeler,RB,LAC,KC,0,0,0.0,0,0.0,0.0,0.0,9,46.0,0,11,9,43.0,0,8.9,17.9,,,70.0,200.0,24.4614375,2.0,"Western State, Colo.",2017.0,2017.0,,,,0.25
2019,4,00-0033705,A.Patton,WR,LAC,MIA,0,0,0.0,0,0.0,0.0,0.0,0,0.0,0,4,2,22.0,0,2.2,4.2,,,74.0,200.0,25.4306875,2.0,Rutgers,2017.0,2017.0,,,,0.13333334
2019,10,00-0033705,A.Patton,WR,LAC,LV,0,0,0.0,0,0.0,0.0,0.0,0,0.0,0,4,0,0.0,0,0.0,0.0,,,74.0,200.0,25.4306875,2.0,Rutgers,2017.0,2017.0,,,,0.12903225
2019,11,00-0033705,A.Patton,WR,LAC,KC,0,0,0.0,0,0.0,0.0,0.0,0,0.0,0,1,0,0.0,0,0.0,0.0,,,74.0,200.0,25.4306875,2.0,Rutgers,2017.0,2017.0,,,-7.0,0.020833334
2019,13,00-0033705,A.Patton,WR,LAC,DEN,0,0,0.0,0,0.0,0.0,0.0,0,0.0,0,2,1,8.0,0,0.8,1.8,,,74.0,200.0,25.4306875,2.0,Rutgers,2017.0,2017.0,,,,0.074074075
2019,15,00-0033705,A.Patton,WR,LAC,MIN,0,0,0.0,0,0.0,0.0,0.0,0,0.0,0,1,1,8.0,0,0.8,1.8,,,74.0,200.0,25.4306875,2.0,Rutgers,2017.0,2017.0,,,-29.0,0.02631579
2019,16,00-0033705,A.Patton,WR,LAC,LV,0,0,0.0,0,0.0,0.0,0.0,0,0.0,0,2,2,18.0,0,1.8,3.8,,,74.0,200.0,25.4306875,2.0,Rutgers,2017.0,2017.0,,,-7.0,0.054054055
2019,17,00-0033705,A.Patton,WR,LAC,KC,0,0,0.0,0,0.0,0.0,0.0,0,0.0,0,3,0,0.0,0,0.0,0.0,,,74.0,200.0,25.4306875,2.0,Rutgers,2017.0,2017.0,,,,0.06818182
2019,12,00-0033733,G.Ward,WR,PHI,SEA,0,0,0.0,0,0.0,0.0,0.0,0,0.0,0,7,6,40.0,0,4.0,10.0,,,71.0,190.0,24.320823529411765,2.0,Houston,2017.0,2017.0,,,-8.0,0.15555556
2019,13,00-0033733,G.Ward,WR,PHI,MIA,0,0,0.0,0,0.0,0.0,0.0,0,0.0,0,3,1,5.0,0,0.5,1.5,,,71.0,190.0,24.320823529411765,2.0,Houston,2017.0,2017.0,,,,0.06666667
2019,14,00-0033733,G.Ward,WR,PHI,NYG,0,0,0.0,0,0.0,0.0,0.0,0,0.0,0,9,4,34.0,0,3.4,7.4,,,71.0,190.0,24.320823529411765,2.0,Houston,2017.0,2017.0,,,6.0,0.18
2019,15,00-0033733,G.Ward,WR,PHI,WAS,0,0,0.0,0,0.0,0.0,0.0,0,0.0,0,9,7,61.0,1,12.1,19.1,,,71.0,190.0,24.320823529411765,2.0,Houston,2017.0,2017.0,,,,0.225
2019,16,00-0033733,G.Ward,WR,PHI,DAL,0,0,0.0,0,0.0,0.0,0.0,1,5.0,0,5,4,71.0,0,7.6,11.6,,,71.0,190.0,24.320823529411765,2.0,Houston,2017.0,2017.0,,,8.0,0.125
2019,17,00-0033733,G.Ward,WR,PHI,NYG,0,0,0.0,0,0.0,0.0,0.0,0,0.0,0,7,6,43.0,0,4.3,10.3,,,71.0,190.0,24.320823529411765,2.0,Houston,2017.0,2017.0,,,,0.175
2019,18,00-0033733,G.Ward,WR,PHI,SEA,0,0,0.0,0,0.0,0.0,0.0,1,3.0,0,4,3,24.0,0,2.7,5.7,,,71.0,190.0,24.320823529411765,2.0,Houston,2017.0,2017.0,,,-8.0,0.16
2019,17,00-0033742,T.Swoopes,TE,SEA,SF,0,0,0.0,0,0.0,0.0,0.0,0,0.0,0,1,1,5.0,0,0.5,1.5,,,76.0,254.0,24.987166666666667,2.0,Texas,2017.0,2017.0,,,-5.0,0.02631579
2019,1,00-0033757,R.Tonyan,TE,GB,CHI,0,0,0.0,0,0.0,0.0,0.0,0,0.0,0,1,1,28.0,0,2.8,3.8,,,77.0,237.0,25.53088888888889,2.0,Indiana State,2017.0,2017.0,,,,0.037037037
2019,3,00-0033757,R.Tonyan,TE,GB,DEN,0,0,0.0,0,0.0,0.0,0.0,0,0.0,0,3,1,4.0,0,0.4,1.4,,,77.0,237.0,25.53088888888889,2.0,Indiana State,2017.0,2017.0,,,11.0,0.11111111
2019,4,00-0033757,R.Tonyan,TE,GB,PHI,0,0,0.0,0,0.0,0.0,0.0,0,0.0,0,1,1,11.0,0,1.1,2.1,,,77.0,237.0,25.53088888888889,2.0,Indiana State,2017.0,2017.0,,,-7.0,0.020408163
2019,5,00-0033757,R.Tonyan,TE,GB,DAL,0,0,0.0,0,0.0,0.0,0.0,0,0.0,0,1,1,23.0,0,2.3,3.3,,,77.0,237.0,25.53088888888889,2.0,Indiana State,2017.0,2017.0,,,,0.032258064
2019,12,00-0033757,R.Tonyan,TE,GB,SF,0,0,0.0,0,0.0,0.0,0.0,0,0.0,0,2,2,8.0,0,0.8,2.8,,,77.0,237.0,25.53088888888889,2.0,Indiana State,2017.0,2017.0,,,,0.055555556
2019,13,00-0033757,R.Tonyan,TE,GB,NYG,0,0,0.0,0,0.0,0.0,0.0,0,0.0,0,1,0,0.0,0,0.0,0.0,,,77.0,237.0,25.53088888888889,2.0,Indiana State,2017.0,2017.0,,,,0.030303031
2019,14,00-0033757,R.Tonyan,TE,GB,WAS,0,0,0.0,0,0.0,0.0,0.0,0,0.0,0,1,1,12.0,1,7.2,8.2,,,77.0,237.0,25.53088888888889,2.0,Indiana State,2017.0,2017.0,,,5.0,0.037037037
2019,15,00-0033757,R.Tonyan,TE,GB,CHI,0,0,0.0,0,0.0,0.0,0.0,0,0.0,0,2,1,5.0,0,0.5,1.5,,,77.0,237.0,25.53088888888889,2.0,Indiana State,2017.0,2017.0,,,8.0,0.06666667
2019,17,00-0033757,R.Tonyan,TE,GB,DET,0,0,0.0,0,0.0,0.0,0.0,0,0.0,0,3,2,9.0,0,0.9,2.9,,,77.0,237.0,25.53088888888889,2.0,Indiana State,2017.0,2017.0,,,,0.055555556
2019,16,00-0033770,J.Hardee,CB,NO,TEN,0,0,0.0,0,0.0,0.0,0.0,0,0.0,0,1,0,0.0,0,0.0,0.0,,,73.0,200.0,25.74576470588235,2.0,Illinois,2017.0,2017.0,,,,0.025641026
2019,6,00-0033787,J.Elliott,K,PHI,MIN,0,1,0.0,0,1.0,0.0,-0.0,0,0.0,0,0,0,0.0,0,-2.0,-2.0,,,69.0,167.0,24.791823529411765,2.0,Memphis,2017.0,2017.0,CIN,153.0,,
2019,9,00-0033789,T.Logan,RB,TB,SEA,0,0,0.0,0,0.0,0.0,0.0,0,0.0,0,1,1,2.0,0,0.2,1.2,,,71.0,195.0,25.168,2.0,North Carolina,2017.0,2017.0,ARI,179.0,,0.023255814
2019,10,00-0033789,T.Logan,RB,TB,ARI,0,0,0.0,0,0.0,0.0,0.0,1,6.0,0,1,0,0.0,0,0.6,0.6,,,71.0,195.0,25.168,2.0,North Carolina,2017.0,2017.0,ARI,179.0,3.0,0.022222223
2019,11,00-0033789,T.Logan,RB,TB,NO,0,0,0.0,0,0.0,0.0,0.0,0,0.0,0,1,1,11.0,0,1.1,2.1,,,71.0,195.0,25.168,2.0,North Carolina,2017.0,2017.0,ARI,179.0,-17.0,0.020408163
2019,12,00-0033789,T.Logan,RB,TB,ATL,0,0,0.0,0,0.0,0.0,0.0,1,2.0,0,0,0,0.0,0,0.2,0.2,,,71.0,195.0,25.168,2.0,North Carolina,2017.0,2017.0,ARI,179.0,,
2019,13,00-0033789,T.Logan,RB,TB,JAX,0,0,0.0,0,0.0,0.0,0.0,1,2.0,0,0,0,0.0,0,0.2,0.2,,,71.0,195.0,25.168,2.0,North Carolina,2017.0,2017.0,ARI,179.0,,
2019,6,00-0033791,B.Wilson,FS,CIN,BAL,0,0,0.0,0,0.0,0.0,0.0,0,0.0,0,0,0,0.0,0,6.0,6.0,,,70.0,200.0,25.2705625,2.0,Houston,2017.0,2017.0,CIN,207.0,,
2019,8,00-0033838,T.Edmunds,RB,PIT,MIA,0,0,0.0,0,0.0,0.0,0.0,1,0.0,0,0,0,0.0,0,0.0,0.0,,,74.0,223.0,24.8454375,2.0,Maryland,2017.0,2017.0,,,13.0,
2019,9,00-0033838,T.Edmunds,RB,PIT,IND,0,0,0.0,0,0.0,0.0,0.0,12,73.0,0,0,0,0.0,0,7.3,7.3,,,74.0,223.0,24.8454375,2.0,Maryland,2017.0,2017.0,,,2.0,
2019,10,00-0033838,T.Edmunds,RB,PIT,LA,0,0,0.0,0,0.0,0.0,0.0,4,1.0,0,3,2,14.0,0,1.5,3.5,,,74.0,223.0,24.8454375,2.0,Maryland,2017.0,2017.0,,,5.0,0.083333336
2019,11,00-0033838,T.Edmunds,RB,PIT,CLE,0,0,0.0,0,0.0,0.0,0.0,3,11.0,0,3,3,27.0,0,3.8,6.8,,,74.0,223.0,24.8454375,2.0,Maryland,2017.0,2017.0,,,,0.069767445
2019,12,00-0033838,T.Edmunds,RB,PIT,CIN,0,0,0.0,0,0.0,0.0,0.0,2,7.0,0,0,0,0.0,0,0.7,0.7,,,74.0,223.0,24.8454375,2.0,Maryland,2017.0,2017.0,,,,
2019,14,00-0033838,T.Edmunds,RB,PIT,ARI,0,0,0.0,0,0.0,0.0,0.0,0,0.0,0,1,1,7.0,0,0.7,1.7,,,74.0,223.0,24.8454375,2.0,Maryland,2017.0,2017.0,,,,0.055555556
2019,1,00-0033839,D.Westbrook,WR,JAX,KC,0,0,0.0,0,0.0,0.0,0.0,1,2.0,0,6,5,30.0,1,9.2,14.2,,,72.0,176.0,25.9476875,2.0,Oklahoma,2017.0,2017.0,JAX,110.0,-14.0,0.18181819
2019,2,00-0033839,D.Westbrook,WR,JAX,HOU,0,0,0.0,0,0.0,0.0,0.0,0,0.0,0,5,1,3.0,0,0.3,1.3,,,72.0,176.0,25.9476875,2.0,Oklahoma,2017.0,2017.0,JAX,110.0,,0.15151516
2019,3,00-0033839,D.Westbrook,WR,JAX,TEN,0,0,0.0,0,0.0,0.0,0.0,1,4.0,0,9,5,46.0,0,5.0,10.0,,,72.0,176.0,25.9476875,2.0,Oklahoma,2017.0,2017.0,JAX,110.0,13.0,0.3
2019,4,00-0033839,D.Westbrook,WR,JAX,DEN,0,0,0.0,0,0.0,0.0,0.0,0,0.0,0,6,5,66.0,0,6.6,11.6,,,72.0,176.0,25.9476875,2.0,Oklahoma,2017.0,2017.0,JAX,110.0,,0.1875
2019,5,00-0033839,D.Westbrook,WR,JAX,CAR,0,0,0.0,0,0.0,0.0,0.0,0,0.0,0,11,7,82.0,0,8.2,15.2,,,72.0,176.0,25.9476875,2.0,Oklahoma,2017.0,2017.0,JAX,110.0,,0.275
2019,6,00-0033839,D.Westbrook,WR,JAX,NO,0,0,0.0,0,0.0,0.0,0.0,0,0.0,0,8,3,53.0,0,5.3,8.3,,,72.0,176.0,25.9476875,2.0,Oklahoma,2017.0,2017.0,JAX,110.0,-7.0,0.2962963
2019,7,00-0033839,D.Westbrook,WR,JAX,CIN,0,0,0.0,0,0.0,0.0,0.0,2,14.0,0,9,6,103.0,0,11.7,17.7,,,72.0,176.0,25.9476875,2.0,Oklahoma,2017.0,2017.0,JAX,110.0,,0.32142857
2019,8,00-0033839,D.Westbrook,WR,JAX,NYJ,0,0,0.0,0,0.0,0.0,0.0,0,0.0,0,1,0,0.0,0,0.0,0.0,,,72.0,176.0,25.9476875,2.0,Oklahoma,2017.0,2017.0,JAX,110.0,14.0,0.030303031
2019,11,00-0033839,D.Westbrook,WR,JAX,IND,0,0,0.0,0,0.0,0.0,0.0,0,0.0,0,6,4,32.0,0,3.2,7.2,,,72.0,176.0,25.9476875,2.0,Oklahoma,2017.0,2017.0,JAX,110.0,,0.13043478
2019,12,00-0033839,D.Westbrook,WR,JAX,TEN,0,0,0.0,0,0.0,0.0,0.0,0,0.0,0,9,8,69.0,0,6.9,14.9,,,72.0,176.0,25.9476875,2.0,Oklahoma,2017.0,2017.0,JAX,110.0,,0.20454545
2019,13,00-0033839,D.Westbrook,WR,JAX,TB,0,0,0.0,0,0.0,0.0,0.0,0,0.0,0,8,5,60.0,1,14.0,19.0,,,72.0,176.0,25.9476875,2.0,Oklahoma,2017.0,2017.0,JAX,110.0,-17.0,0.21052632
2019,14,00-0033839,D.Westbrook,WR,JAX,LAC,0,0,0.0,0,0.0,0.0,0.0,0,0.0,0,7,6,25.0,0,2.5,8.5,,,72.0,176.0,25.9476875,2.0,Oklahoma,2017.0,2017.0,JAX,110.0,-35.0,0.1891892
2019,15,00-0033839,D.Westbrook,WR,JAX,LV,0,0,0.0,0,0.0,0.0,0.0,1,7.0,0,4,2,14.0,0,2.1,4.1,,,72.0,176.0,25.9476875,2.0,Oklahoma,2017.0,2017.0,JAX,110.0,,0.14285715
2019,16,00-0033839,D.Westbrook,WR,JAX,ATL,0,0,0.0,0,0.0,0.0,0.0,0,0.0,0,4,2,5.0,0,0.5,2.5,,,72.0,176.0,25.9476875,2.0,Oklahoma,2017.0,2017.0,JAX,110.0,,0.12903225
2019,17,00-0033839,D.Westbrook,WR,JAX,IND,0,0,0.0,0,0.0,0.0,0.0,0,0.0,0,8,7,72.0,1,15.2,22.2,,,72.0,176.0,25.9476875,2.0,Oklahoma,2017.0,2017.0,JAX,110.0,18.0,0.20512821
2019,1,00-0033854,D.Ogunbowale,RB,TB,SF,0,0,0.0,0,0.0,0.0,0.0,0,0.0,0,5,4,33.0,0,3.3,7.3,,,71.0,205.0,25.502125,2.0,Wisconsin,2017.0,2017.0,,,-14.0,0.14705883
2019,2,00-0033854,D.Ogunbowale,RB,TB,CAR,0,0,0.0,0,0.0,0.0,0.0,0,0.0,0,1,1,9.0,0,0.9,1.9,,,71.0,205.0,25.502125,2.0,Wisconsin,2017.0,2017.0,,,,0.04
2019,3,00-0033854,D.Ogunbowale,RB,TB,NYG,0,0,0.0,0,0.0,0.0,0.0,0,0.0,0,3,3,23.0,0,2.3,5.3,,,71.0,205.0,25.502125,2.0,Wisconsin,2017.0,2017.0,,,-1.0,0.083333336
2019,4,00-0033854,D.Ogunbowale,RB,TB,LA,0,0,0.0,0,0.0,0.0,0.0,1,0.0,0,4,3,16.0,0,1.6,4.6,,,71.0,205.0,25.502125,2.0,Wisconsin,2017.0,2017.0,,,,0.1
2019,5,00-0033854,D.Ogunbowale,RB,TB,NO,0,0,0.0,0,0.0,0.0,0.0,1,-4.0,0,3,2,27.0,0,2.3,4.3,,,71.0,205.0,25.502125,2.0,Wisconsin,2017.0,2017.0,,,,0.115384616
2019,6,00-0033854,D.Ogunbowale,RB,TB,CAR,0,0,0.0,0,0.0,0.0,0.0,1,3.0,1,5,3,22.0,0,8.5,11.5,,,71.0,205.0,25.502125,2.0,Wisconsin,2017.0,2017.0,,,-11.0,0.09615385
2019,8,00-0033854,D.Ogunbowale,RB,TB,TEN,0,0,0.0,0,0.0,0.0,0.0,1,-2.0,0,3,1,3.0,0,0.1,1.1,,,71.0,205.0,25.502125,2.0,Wisconsin,2017.0,2017.0,,,,0.07317073
2019,9,00-0033854,D.Ogunbowale,RB,TB,SEA,0,0,0.0,0,0.0,0.0,0.0,1,1.0,1,1,1,12.0,0,7.3,8.3,,,71.0,205.0,25.502125,2.0,Wisconsin,2017.0,2017.0,,,,0.023255814
2019,10,00-0033854,D.Ogunbowale,RB,TB,ARI,0,0,0.0,0,0.0,0.0,0.0,0,0.0,0,3,3,24.0,0,2.4,5.4,,,71.0,205.0,25.502125,2.0,Wisconsin,2017.0,2017.0,,,3.0,0.06666667
2019,11,00-0033854,D.Ogunbowale,RB,TB,NO,0,0,0.0,0,0.0,0.0,0.0,2,0.0,0,4,3,10.0,0,1.0,4.0,,,71.0,205.0,25.502125,2.0,Wisconsin,2017.0,2017.0,,,-17.0,0.08163265
2019,12,00-0033854,D.Ogunbowale,RB,TB,ATL,0,0,0.0,0,0.0,0.0,0.0,1,12.0,0,1,0,0.0,0,1.2,1.2,,,71.0,205.0,25.502125,2.0,Wisconsin,2017.0,2017.0,,,,0.037037037
2019,13,00-0033854,D.Ogunbowale,RB,TB,JAX,0,0,0.0,0,0.0,0.0,0.0,1,0.0,0,2,2,12.0,0,1.2,3.2,,,71.0,205.0,25.502125,2.0,Wisconsin,2017.0,2017.0,,,,0.060606062
2019,14,00-0033854,D.Ogunbowale,RB,TB,IND,0,0,0.0,0,0.0,0.0,0.0,0,0.0,0,5,5,48.0,0,2.8,7.8,,,71.0,205.0,25.502125,2.0,Wisconsin,2017.0,2017.0,,,3.0,0.11111111
2019,15,00-0033854,D.Ogunbowale,RB,TB,DET,0,0,0.0,0,0.0,0.0,0.0,1,3.0,0,1,1,13.0,0,1.6,2.6,,,71.0,205.0,25.502125,2.0,Wisconsin,2017.0,2017.0,,,,0.024390243
2019,16,00-0033854,D.Ogunbowale,RB,TB,HOU,0,0,0.0,0,0.0,0.0,0.0,0,0.0,0,5,3,34.0,0,3.4,6.4,,,71.0,205.0,25.502125,2.0,Wisconsin,2017.0,2017.0,,,-3.0,0.10638298
2019,17,00-0033854,D.Ogunbowale,RB,TB,ATL,0,0,0.0,0,0.0,0.0,0.0,1,4.0,0,0,0,0.0,0,0.4,0.4,,,71.0,205.0,25.502125,2.0,Wisconsin,2017.0,2017.0,,,-6.0,
2019,1,00-0033856,L.Fournette,RB,JAX,KC,0,0,0.0,0,0.0,0.0,0.0,13,66.0,0,6,4,28.0,0,7.4,11.4,,,72.0,228.0,24.7895625,2.0,Louisiana State,2017.0,2017.0,JAX,4.0,-14.0,0.18181819
2019,2,00-0033856,L.Fournette,RB,JAX,HOU,0,0,0.0,0,0.0,0.0,0.0,15,47.0,0,6,4,40.0,0,8.7,12.7,,,72.0,228.0,24.7895625,2.0,Louisiana State,2017.0,2017.0,JAX,4.0,,0.18181819
2019,3,00-0033856,L.Fournette,RB,JAX,TEN,0,0,0.0,0,0.0,0.0,0.0,15,66.0,0,8,6,26.0,0,9.2,15.2,,,72.0,228.0,24.7895625,2.0,Louisiana State,2017.0,2017.0,JAX,4.0,13.0,0.26666668
2019,4,00-0033856,L.Fournette,RB,JAX,DEN,0,0,0.0,0,0.0,0.0,0.0,29,225.0,0,3,2,20.0,0,24.5,26.5,,,72.0,228.0,24.7895625,2.0,Louisiana State,2017.0,2017.0,JAX,4.0,,0.09375
2019,5,00-0033856,L.Fournette,RB,JAX,CAR,0,0,0.0,0,0.0,0.0,0.0,23,108.0,1,7,4,29.0,0,19.7,23.7,,,72.0,228.0,24.7895625,2.0,Louisiana State,2017.0,2017.0,JAX,4.0,,0.175
2019,6,00-0033856,L.Fournette,RB,JAX,NO,0,0,0.0,0,0.0,0.0,0.0,20,72.0,0,6,6,46.0,0,11.8,17.8,,,72.0,228.0,24.7895625,2.0,Louisiana State,2017.0,2017.0,JAX,4.0,-7.0,0.22222222
2019,7,00-0033856,L.Fournette,RB,JAX,CIN,0,0,0.0,0,0.0,0.0,0.0,29,131.0,0,2,2,14.0,0,14.5,16.5,,,72.0,228.0,24.7895625,2.0,Louisiana State,2017.0,2017.0,JAX,4.0,,0.071428575
2019,8,00-0033856,L.Fournette,RB,JAX,NYJ,0,0,0.0,0,0.0,0.0,0.0,19,76.0,0,7,7,60.0,0,13.6,20.6,,,72.0,228.0,24.7895625,2.0,Louisiana State,2017.0,2017.0,JAX,4.0,14.0,0.21212122
2019,9,00-0033856,L.Fournette,RB,JAX,HOU,0,0,0.0,0,0.0,0.0,0.0,11,40.0,0,6,5,32.0,0,7.2,12.2,,,72.0,228.0,24.7895625,2.0,Louisiana State,2017.0,2017.0,JAX,4.0,-23.0,0.13636364
2019,11,00-0033856,L.Fournette,RB,JAX,IND,0,0,0.0,0,0.0,0.0,0.0,8,23.0,0,7,7,34.0,0,5.7,12.7,,,72.0,228.0,24.7895625,2.0,Louisiana State,2017.0,2017.0,JAX,4.0,,0.1521739
2019,12,00-0033856,L.Fournette,RB,JAX,TEN,0,0,0.0,0,0.0,0.0,0.0,24,97.0,2,12,9,62.0,0,27.9,36.9,,,72.0,228.0,24.7895625,2.0,Louisiana State,2017.0,2017.0,JAX,4.0,,0.27272728
2019,13,00-0033856,L.Fournette,RB,JAX,TB,0,0,0.0,0,0.0,0.0,0.0,14,38.0,0,11,9,53.0,0,9.1,18.1,,,72.0,228.0,24.7895625,2.0,Louisiana State,2017.0,2017.0,JAX,4.0,-17.0,0.28947368
2019,14,00-0033856,L.Fournette,RB,JAX,LAC,0,0,0.0,0,0.0,0.0,0.0,15,50.0,0,6,3,13.0,0,6.3,9.3,,,72.0,228.0,24.7895625,2.0,Louisiana State,2017.0,2017.0,JAX,4.0,-35.0,0.16216215
2019,15,00-0033856,L.Fournette,RB,JAX,LV,0,0,0.0,0,0.0,0.0,0.0,15,42.0,0,7,5,31.0,0,7.3,12.3,,,72.0,228.0,24.7895625,2.0,Louisiana State,2017.0,2017.0,JAX,4.0,,0.25
2019,16,00-0033856,L.Fournette,RB,JAX,ATL,0,0,0.0,0,0.0,0.0,0.0,15,71.0,0,6,3,34.0,0,10.5,13.5,,,72.0,228.0,24.7895625,2.0,Louisiana State,2017.0,2017.0,JAX,4.0,,0.19354838
2019,1,00-0033857,J.Smith-Schuster,WR,PIT,NE,0,0,0.0,0,0.0,0.0,0.0,0,0.0,0,8,6,78.0,0,7.8,13.8,,,73.0,215.0,22.9481875,2.0,Southern California,2017.0,2017.0,PIT,62.0,,0.17021276
2019,2,00-0033857,J.Smith-Schuster,WR,PIT,SEA,0,0,0.0,0,0.0,0.0,0.0,0,0.0,0,8,5,84.0,0,8.4,13.4,,,73.0,215.0,22.9481875,2.0,Southern California,2017.0,2017.0,PIT,62.0,-2.0,0.23529412
2019,3,00-0033857,J.Smith-Schuster,WR,PIT,SF,0,0,0.0,0,0.0,0.0,0.0,0,0.0,0,7,3,81.0,1,14.1,17.1,,,73.0,215.0,22.9481875,2.0,Southern California,2017.0,2017.0,PIT,62.0,,0.26923078
2019,4,00-0033857,J.Smith-Schuster,WR,PIT,CIN,0,0,0.0,0,0.0,0.0,0.0,0,0.0,0,4,3,15.0,0,1.5,4.5,,,73.0,215.0,22.9481875,2.0,Southern California,2017.0,2017.0,PIT,62.0,24.0,0.13333334
2019,5,00-0033857,J.Smith-Schuster,WR,PIT,BAL,0,0,0.0,0,0.0,0.0,0.0,0,0.0,0,7,7,75.0,1,11.5,18.5,,,73.0,215.0,22.9481875,2.0,Southern California,2017.0,2017.0,PIT,62.0,-3.0,0.23333333
2019,6,00-0033857,J.Smith-Schuster,WR,PIT,LAC,0,0,0.0,0,0.0,0.0,0.0,0,0.0,0,3,1,7.0,0,0.7,1.7,,,73.0,215.0,22.9481875,2.0,Southern California,2017.0,2017.0,PIT,62.0,,0.15789473
2019,8,00-0033857,J.Smith-Schuster,WR,PIT,MIA,0,0,0.0,0,0.0,0.0,0.0,0,0.0,0,9,5,103.0,1,16.3,21.3,,,73.0,215.0,22.9481875,2.0,Southern California,2017.0,2017.0,PIT,62.0,13.0,0.25
2019,9,00-0033857,J.Smith-Schuster,WR,PIT,IND,0,0,0.0,0,0.0,0.0,0.0,0,0.0,0,5,3,16.0,0,1.6,4.6,,,73.0,215.0,22.9481875,2.0,Southern California,2017.0,2017.0,PIT,62.0,2.0,0.14705883
2019,10,00-0033857,J.Smith-Schuster,WR,PIT,LA,0,0,0.0,0,0.0,0.0,0.0,0,0.0,0,5,3,44.0,0,4.4,7.4,,,73.0,215.0,22.9481875,2.0,Southern California,2017.0,2017.0,PIT,62.0,5.0,0.1388889
2019,11,00-0033857,J.Smith-Schuster,WR,PIT,CLE,0,0,0.0,0,0.0,0.0,0.0,0,0.0,0,4,2,21.0,0,2.1,4.1,,,73.0,215.0,22.9481875,2.0,Southern California,2017.0,2017.0,PIT,62.0,,0.093023255
2019,16,00-0033857,J.Smith-Schuster,WR,PIT,NYJ,0,0,0.0,0,0.0,0.0,0.0,0,0.0,0,4,2,22.0,0,2.2,4.2,,,73.0,215.0,22.9481875,2.0,Southern California,2017.0,2017.0,PIT,62.0,,0.11111111
2019,17,00-0033857,J.Smith-Schuster,WR,PIT,BAL,0,0,0.0,0,0.0,0.0,0.0,0,0.0,0,6,2,6.0,0,0.6,2.6,,,73.0,215.0,22.9481875,2.0,Southern California,2017.0,2017.0,PIT,62.0,,0.3
2019,1,00-0033858,J.Smith,TE,TEN,CLE,0,0,0.0,0,0.0,0.0,0.0,1,10.0,0,1,1,7.0,0,1.7,2.7,,,75.0,248.0,24.227526315789472,2.0,Florida International,2017.0,2017.0,TEN,100.0,,0.041666668
2019,3,00-0033858,J.Smith,TE,TEN,JAX,0,0,0.0,0,0.0,0.0,0.0,0,0.0,0,3,2,20.0,0,2.0,4.0,,,75.0,248.0,24.227526315789472,2.0,Florida International,2017.0,2017.0,TEN,100.0,,0.078947365
2019,4,00-0033858,J.Smith,TE,TEN,ATL,0,0,0.0,0,0.0,0.0,0.0,0,0.0,0,1,1,5.0,0,0.5,1.5,,,75.0,248.0,24.227526315789472,2.0,Florida International,2017.0,2017.0,TEN,100.0,,0.045454547
2019,5,00-0033858,J.Smith,TE,TEN,BUF,0,0,0.0,0,0.0,0.0,0.0,0,0.0,0,2,1,57.0,0,5.7,6.7,,,75.0,248.0,24.227526315789472,2.0,Florida International,2017.0,2017.0,TEN,100.0,-7.0,0.0952381
2019,6,00-0033858,J.Smith,TE,TEN,DEN,0,0,0.0,0,0.0,0.0,0.0,0,0.0,0,1,1,8.0,0,0.8,1.8,,,75.0,248.0,24.227526315789472,2.0,Florida International,2017.0,2017.0,TEN,100.0,,0.03125
2019,7,00-0033858,J.Smith,TE,TEN,LAC,0,0,0.0,0,0.0,0.0,0.0,0,0.0,0,3,3,64.0,0,6.4,9.4,,,75.0,248.0,24.227526315789472,2.0,Florida International,2017.0,2017.0,TEN,100.0,3.0,0.10344828
2019,8,00-0033858,J.Smith,TE,TEN,TB,0,0,0.0,0,0.0,0.0,0.0,0,0.0,0,7,6,78.0,1,13.8,19.8,,,75.0,248.0,24.227526315789472,2.0,Florida International,2017.0,2017.0,TEN,100.0,4.0,0.21212122
2019,9,00-0033858,J.Smith,TE,TEN,CAR,0,0,0.0,0,0.0,0.0,0.0,0,0.0,0,5,3,18.0,0,1.8,4.8,,,75.0,248.0,24.227526315789472,2.0,Florida International,2017.0,2017.0,TEN,100.0,,0.13513513
2019,10,00-0033858,J.Smith,TE,TEN,KC,0,0,0.0,0,0.0,0.0,0.0,0,0.0,0,6,4,30.0,0,3.0,7.0,,,75.0,248.0,24.227526315789472,2.0,Florida International,2017.0,2017.0,TEN,100.0,3.0,0.31578946
2019,12,00-0033858,J.Smith,TE,TEN,JAX,0,0,0.0,0,0.0,0.0,0.0,1,4.0,0,0,0,0.0,0,0.4,0.4,,,75.0,248.0,24.227526315789472,2.0,Florida International,2017.0,2017.0,TEN,100.0,22.0,
2019,13,00-0033858,J.Smith,TE,TEN,IND,0,0,0.0,0,0.0,0.0,0.0,0,0.0,0,2,2,0.0,0,0.0,2.0,,,75.0,248.0,24.227526315789472,2.0,Florida International,2017.0,2017.0,TEN,100.0,,0.0952381
2019,14,00-0033858,J.Smith,TE,TEN,LV,0,0,0.0,0,0.0,0.0,0.0,0,0.0,0,4,3,29.0,1,8.9,11.9,,,75.0,248.0,24.227526315789472,2.0,Florida International,2017.0,2017.0,TEN,100.0,,0.14814815
2019,15,00-0033858,J.Smith,TE,TEN,HOU,0,0,0.0,0,0.0,0.0,0.0,1,57.0,0,5,5,60.0,0,11.7,16.7,,,75.0,248.0,24.227526315789472,2.0,Florida International,2017.0,2017.0,TEN,100.0,-3.0,0.1388889
2019,16,00-0033858,J.Smith,TE,TEN,NO,0,0,0.0,0,0.0,0.0,0.0,0,0.0,0,4,3,63.0,1,12.3,15.3,,,75.0,248.0,24.227526315789472,2.0,Florida International,2017.0,2017.0,TEN,100.0,-10.0,0.16
2019,17,00-0033858,J.Smith,TE,TEN,HOU,0,0,0.0,0,0.0,0.0,0.0,1,7.0,0,0,0,0.0,0,0.7,0.7,,,75.0,248.0,24.227526315789472,2.0,Florida International,2017.0,2017.0,TEN,100.0,,
2019,18,00-0033858,J.Smith,TE,TEN,NE,0,0,0.0,0,0.0,0.0,0.0,0,0.0,0,2,1,9.0,0,0.9,1.9,,,75.0,248.0,24.227526315789472,2.0,Florida International,2017.0,2017.0,TEN,100.0,,0.13333334
2019,19,00-0033858,J.Smith,TE,TEN,BAL,0,0,0.0,0,0.0,0.0,0.0,0,0.0,0,3,2,12.0,1,7.2,9.2,,,75.0,248.0,24.227526315789472,2.0,Florida International,2017.0,2017.0,TEN,100.0,,0.2
2019,20,00-0033858,J.Smith,TE,TEN,KC,0,0,0.0,0,0.0,0.0,0.0,0,0.0,0,4,3,38.0,0,3.8,6.8,,,75.0,248.0,24.227526315789472,2.0,Florida International,2017.0,2017.0,TEN,100.0,,0.125
2019,1,00-0033869,M.Trubisky,QB,CHI,GB,26,45,228.0,0,1.0,5.0,20.0,3,11.0,0,0,0,0.0,0,8.22,8.22,,,74.0,215.0,25.206812499999998,2.0,North Carolina,2017.0,2017.0,CHI,2.0,-7.0,
2019,2,00-0033869,M.Trubisky,QB,CHI,DEN,16,27,120.0,0,0.0,0.0,-0.0,1,8.0,0,0,0,0.0,0,5.6,5.6,,,74.0,215.0,25.206812499999998,2.0,North Carolina,2017.0,2017.0,CHI,2.0,,
2019,3,00-0033869,M.Trubisky,QB,CHI,WAS,25,31,231.0,3,1.0,3.0,23.0,1,2.0,0,0,0,0.0,0,19.44,19.44,,,74.0,215.0,25.206812499999998,2.0,North Carolina,2017.0,2017.0,CHI,2.0,,
2019,4,00-0033869,M.Trubisky,QB,CHI,MIN,2,3,9.0,0,0.0,0.0,-0.0,0,0.0,0,0,0,0.0,0,0.36,0.36,,,74.0,215.0,25.206812499999998,2.0,North Carolina,2017.0,2017.0,CHI,2.0,10.0,
2019,7,00-0033869,M.Trubisky,QB,CHI,NO,34,54,251.0,2,0.0,2.0,16.0,0,0.0,0,0,0,0.0,0,20.04,20.04,,,74.0,215.0,25.206812499999998,2.0,North Carolina,2017.0,2017.0,CHI,2.0,-11.0,
2019,8,00-0033869,M.Trubisky,QB,CHI,LAC,23,35,253.0,0,1.0,4.0,27.0,4,10.0,0,0,0,0.0,0,7.12,7.12,,,74.0,215.0,25.206812499999998,2.0,North Carolina,2017.0,2017.0,CHI,2.0,-1.0,
2019,9,00-0033869,M.Trubisky,QB,CHI,PHI,10,21,125.0,0,0.0,3.0,23.0,2,15.0,0,0,0,0.0,0,6.5,6.5,,,74.0,215.0,25.206812499999998,2.0,North Carolina,2017.0,2017.0,CHI,2.0,,
2019,10,00-0033869,M.Trubisky,QB,CHI,DET,16,23,173.0,3,0.0,5.0,28.0,3,8.0,0,0,0,0.0,0,19.72,19.72,,,74.0,215.0,25.206812499999998,2.0,North Carolina,2017.0,2017.0,CHI,2.0,7.0,
2019,11,00-0033869,M.Trubisky,QB,CHI,LA,24,43,190.0,1,1.0,1.0,2.0,1,4.0,0,0,0,0.0,0,10.0,10.0,,,74.0,215.0,25.206812499999998,2.0,North Carolina,2017.0,2017.0,CHI,2.0,,
2019,12,00-0033869,M.Trubisky,QB,CHI,NYG,25,41,278.0,1,2.0,2.0,8.0,7,18.0,1,0,0,0.0,0,18.92,18.92,,,74.0,215.0,25.206812499999998,2.0,North Carolina,2017.0,2017.0,CHI,2.0,5.0,
2019,13,00-0033869,M.Trubisky,QB,CHI,DET,29,38,338.0,3,1.0,1.0,7.0,4,4.0,0,0,0,0.0,0,23.92,23.92,,,74.0,215.0,25.206812499999998,2.0,North Carolina,2017.0,2017.0,CHI,2.0,,
2019,14,00-0033869,M.Trubisky,QB,CHI,DAL,23,31,244.0,3,1.0,2.0,13.0,10,63.0,1,0,0,0.0,0,32.06,32.06,,,74.0,215.0,25.206812499999998,2.0,North Carolina,2017.0,2017.0,CHI,2.0,7.0,
2019,15,00-0033869,M.Trubisky,QB,CHI,GB,29,53,334.0,1,2.0,3.0,15.0,4,29.0,0,0,0,0.0,0,16.26,16.26,,,74.0,215.0,25.206812499999998,2.0,North Carolina,2017.0,2017.0,CHI,2.0,,
2019,16,00-0033869,M.Trubisky,QB,CHI,KC,18,34,157.0,0,0.0,3.0,24.0,6,20.0,0,0,0,0.0,0,8.28,8.28,,,74.0,215.0,25.206812499999998,2.0,North Carolina,2017.0,2017.0,CHI,2.0,-23.0,
2019,17,00-0033869,M.Trubisky,QB,CHI,MIN,26,37,207.0,0,0.0,4.0,28.0,2,1.0,0,0,0,0.0,0,6.38,6.38,,,74.0,215.0,25.206812499999998,2.0,North Carolina,2017.0,2017.0,CHI,2.0,,
2019,1,00-0033871,C.Davis,WR,TEN,CLE,0,0,0.0,0,0.0,0.0,0.0,0,0.0,0,3,0,0.0,0,0.0,0.0,,,75.0,209.0,24.837894736842106,2.0,Western Michigan,2017.0,2017.0,TEN,5.0,,0.125
2019,2,00-0033871,C.Davis,WR,TEN,IND,0,0,0.0,0,0.0,0.0,0.0,0,0.0,0,5,3,38.0,0,3.8,6.8,,,75.0,209.0,24.837894736842106,2.0,Western Michigan,2017.0,2017.0,TEN,5.0,-2.0,0.1923077
2019,3,00-0033871,C.Davis,WR,TEN,JAX,0,0,0.0,0,0.0,0.0,0.0,0,0.0,0,4,3,44.0,0,4.4,7.4,,,75.0,209.0,24.837894736842106,2.0,Western Michigan,2017.0,2017.0,TEN,5.0,,0.10526316
2019,4,00-0033871,C.Davis,WR,TEN,ATL,0,0,0.0,0,0.0,0.0,0.0,0,0.0,0,6,5,91.0,1,15.1,20.1,,,75.0,209.0,24.837894736842106,2.0,Western Michigan,2017.0,2017.0,TEN,5.0,,0.27272728
2019,5,00-0033871,C.Davis,WR,TEN,BUF,0,0,0.0,0,0.0,0.0,0.0,0,0.0,0,4,2,28.0,0,2.8,4.8,,,75.0,209.0,24.837894736842106,2.0,Western Michigan,2017.0,2017.0,TEN,5.0,-7.0,0.1904762
2019,6,00-0033871,C.Davis,WR,TEN,DEN,0,0,0.0,0,0.0,0.0,0.0,0,0.0,0,5,3,36.0,0,3.6,6.6,,,75.0,209.0,24.837894736842106,2.0,Western Michigan,2017.0,2017.0,TEN,5.0,,0.15625
2019,7,00-0033871,C.Davis,WR,TEN,LAC,0,0,0.0,0,0.0,0.0,0.0,0,0.0,0,7,6,80.0,1,14.0,20.0,,,75.0,209.0,24.837894736842106,2.0,Western Michigan,2017.0,2017.0,TEN,5.0,3.0,0.2413793
2019,8,00-0033871,C.Davis,WR,TEN,TB,0,0,0.0,0,0.0,0.0,0.0,0,0.0,0,6,2,9.0,0,0.9,2.9,,,75.0,209.0,24.837894736842106,2.0,Western Michigan,2017.0,2017.0,TEN,5.0,4.0,0.18181819
2019,9,00-0033871,C.Davis,WR,TEN,CAR,0,0,0.0,0,0.0,0.0,0.0,0,0.0,0,5,4,48.0,0,4.8,8.8,,,75.0,209.0,24.837894736842106,2.0,Western Michigan,2017.0,2017.0,TEN,5.0,,0.13513513
2019,12,00-0033871,C.Davis,WR,TEN,JAX,0,0,0.0,0,0.0,0.0,0.0,0,0.0,0,3,2,29.0,0,2.9,4.9,,,75.0,209.0,24.837894736842106,2.0,Western Michigan,2017.0,2017.0,TEN,5.0,22.0,0.1764706
2019,13,00-0033871,C.Davis,WR,TEN,IND,0,0,0.0,0,0.0,0.0,0.0,0,0.0,0,2,1,23.0,0,2.3,3.3,,,75.0,209.0,24.837894736842106,2.0,Western Michigan,2017.0,2017.0,TEN,5.0,,0.0952381
2019,14,00-0033871,C.Davis,WR,TEN,LV,0,0,0.0,0,0.0,0.0,0.0,0,0.0,0,4,2,34.0,0,3.4,5.4,,,75.0,209.0,24.837894736842106,2.0,Western Michigan,2017.0,2017.0,TEN,5.0,,0.14814815
2019,15,00-0033871,C.Davis,WR,TEN,HOU,0,0,0.0,0,0.0,0.0,0.0,0,0.0,0,6,3,57.0,0,5.7,8.7,,,75.0,209.0,24.837894736842106,2.0,Western Michigan,2017.0,2017.0,TEN,5.0,-3.0,0.16666667
2019,16,00-0033871,C.Davis,WR,TEN,NO,0,0,0.0,0,0.0,0.0,0.0,0,0.0,0,4,3,40.0,0,4.0,7.0,,,75.0,209.0,24.837894736842106,2.0,Western Michigan,2017.0,2017.0,TEN,5.0,-10.0,0.16
2019,17,00-0033871,C.Davis,WR,TEN,HOU,0,0,0.0,0,0.0,0.0,0.0,0,0.0,0,5,4,44.0,0,4.4,8.4,,,75.0,209.0,24.837894736842106,2.0,Western Michigan,2017.0,2017.0,TEN,5.0,,0.23809524
2019,18,00-0033871,C.Davis,WR,TEN,NE,0,0,0.0,0,0.0,0.0,0.0,0,0.0,0,2,0,0.0,0,0.0,0.0,,,75.0,209.0,24.837894736842106,2.0,Western Michigan,2017.0,2017.0,TEN,5.0,,0.13333334
2019,19,00-0033871,C.Davis,WR,TEN,BAL,0,0,0.0,0,0.0,0.0,0.0,0,0.0,0,2,1,3.0,1,6.3,7.3,,,75.0,209.0,24.837894736842106,2.0,Western Michigan,2017.0,2017.0,TEN,5.0,,0.13333334
2019,20,00-0033871,C.Davis,WR,TEN,KC,0,0,0.0,0,0.0,0.0,0.0,0,0.0,0,8,5,65.0,0,6.5,11.5,,,75.0,209.0,24.837894736842106,2.0,Western Michigan,2017.0,2017.0,TEN,5.0,,0.25
2019,1,00-0033873,P.Mahomes,QB,KC,JAX,25,33,378.0,3,0.0,0.0,-0.0,1,2.0,0,0,0,0.0,0,27.32,27.32,,,75.0,230.0,24.159736842105264,2.0,Texas Tech,2017.0,2017.0,KC,10.0,,
2019,2,00-0033873,P.Mahomes,QB,KC,LV,30,44,443.0,4,0.0,2.0,7.0,1,-1.0,0,0,0,0.0,0,31.62,31.62,,,75.0,230.0,24.159736842105264,2.0,Texas Tech,2017.0,2017.0,KC,10.0,,
2019,3,00-0033873,P.Mahomes,QB,KC,BAL,27,37,374.0,3,0.0,1.0,11.0,4,9.0,0,0,0,0.0,0,27.86,27.86,,,75.0,230.0,24.159736842105264,2.0,Texas Tech,2017.0,2017.0,KC,10.0,5.0,
2019,4,00-0033873,P.Mahomes,QB,KC,DET,24,42,315.0,0,0.0,0.0,-0.0,6,54.0,0,0,0,0.0,0,18.0,18.0,,,75.0,230.0,24.159736842105264,2.0,Texas Tech,2017.0,2017.0,KC,10.0,,
2019,5,00-0033873,P.Mahomes,QB,KC,IND,22,39,321.0,1,0.0,4.0,33.0,3,17.0,0,0,0,0.0,0,18.54,18.54,,,75.0,230.0,24.159736842105264,2.0,Texas Tech,2017.0,2017.0,KC,10.0,-6.0,
2019,6,00-0033873,P.Mahomes,QB,KC,HOU,19,35,273.0,3,1.0,1.0,17.0,1,-1.0,0,0,0,0.0,0,18.82,18.82,,,75.0,230.0,24.159736842105264,2.0,Texas Tech,2017.0,2017.0,KC,10.0,-7.0,
2019,7,00-0033873,P.Mahomes,QB,KC,DEN,10,11,76.0,1,0.0,0.0,-0.0,1,2.0,0,0,0,0.0,0,7.24,7.24,,,75.0,230.0,24.159736842105264,2.0,Texas Tech,2017.0,2017.0,KC,10.0,,
2019,10,00-0033873,P.Mahomes,QB,KC,TEN,36,50,446.0,3,0.0,2.0,13.0,0,0.0,0,0,0,0.0,0,29.84,29.84,,,75.0,230.0,24.159736842105264,2.0,Texas Tech,2017.0,2017.0,KC,10.0,,
2019,11,00-0033873,P.Mahomes,QB,KC,LAC,19,32,182.0,1,1.0,1.0,2.0,5,59.0,0,0,0,0.0,0,15.18,15.18,,,75.0,230.0,24.159736842105264,2.0,Texas Tech,2017.0,2017.0,KC,10.0,,
2019,13,00-0033873,P.Mahomes,QB,KC,LV,15,29,175.0,1,0.0,1.0,12.0,3,25.0,1,0,0,0.0,0,19.5,19.5,,,75.0,230.0,24.159736842105264,2.0,Texas Tech,2017.0,2017.0,KC,10.0,31.0,
2019,14,00-0033873,P.Mahomes,QB,KC,NE,26,40,283.0,1,1.0,1.0,12.0,6,6.0,0,0,0,0.0,0,13.92,13.92,,,75.0,230.0,24.159736842105264,2.0,Texas Tech,2017.0,2017.0,KC,10.0,,
2019,15,00-0033873,P.Mahomes,QB,KC,DEN,27,34,340.0,2,1.0,3.0,13.0,3,11.0,0,0,0,0.0,0,22.7,22.7,,,75.0,230.0,24.159736842105264,2.0,Texas Tech,2017.0,2017.0,KC,10.0,20.0,
2019,16,00-0033873,P.Mahomes,QB,KC,CHI,23,33,251.0,2,0.0,1.0,7.0,2,14.0,1,0,0,0.0,0,25.44,25.44,,,75.0,230.0,24.159736842105264,2.0,Texas Tech,2017.0,2017.0,KC,10.0,,
2019,17,00-0033873,P.Mahomes,QB,KC,LAC,16,25,174.0,1,1.0,0.0,-0.0,7,21.0,0,0,0,0.0,0,11.06,11.06,,,75.0,230.0,24.159736842105264,2.0,Texas Tech,2017.0,2017.0,KC,10.0,10.0,
2019,19,00-0033873,P.Mahomes,QB,KC,HOU,23,35,321.0,5,0.0,0.0,-0.0,7,53.0,0,0,0,0.0,0,38.14,38.14,,,75.0,230.0,24.159736842105264,2.0,Texas Tech,2017.0,2017.0,KC,10.0,20.0,
2019,20,00-0033873,P.Mahomes,QB,KC,TEN,23,35,294.0,3,0.0,2.0,2.0,8,53.0,1,0,0,0.0,0,35.06,35.06,,,75.0,230.0,24.159736842105264,2.0,Texas Tech,2017.0,2017.0,KC,10.0,11.0,
2019,21,00-0033873,P.Mahomes,QB,KC,SF,26,42,286.0,2,2.0,4.0,18.0,9,29.0,1,0,0,0.0,0,24.34,24.34,,,75.0,230.0,24.159736842105264,2.0,Texas Tech,2017.0,2017.0,KC,10.0,11.0,
2019,1,00-0033879,O.Howard,TE,TB,SF,0,0,0.0,0,0.0,0.0,0.0,0,0.0,0,5,4,32.0,0,1.2,5.2,,,78.0,250.0,24.96,2.0,Alabama,2017.0,2017.0,TB,19.0,-14.0,0.14705883
2019,3,00-0033879,O.Howard,TE,TB,NYG,0,0,0.0,0,0.0,0.0,0.0,0,0.0,0,4,3,66.0,0,6.6,9.6,,,78.0,250.0,24.96,2.0,Alabama,2017.0,2017.0,TB,19.0,-1.0,0.11111111
2019,4,00-0033879,O.Howard,TE,TB,LA,0,0,0.0,0,0.0,0.0,0.0,0,0.0,0,3,3,33.0,0,3.3,6.3,,,78.0,250.0,24.96,2.0,Alabama,2017.0,2017.0,TB,19.0,,0.075
2019,5,00-0033879,O.Howard,TE,TB,NO,0,0,0.0,0,0.0,0.0,0.0,0,0.0,0,2,1,10.0,0,1.0,2.0,,,78.0,250.0,24.96,2.0,Alabama,2017.0,2017.0,TB,19.0,,0.07692308
2019,6,00-0033879,O.Howard,TE,TB,CAR,0,0,0.0,0,0.0,0.0,0.0,0,0.0,0,4,2,35.0,0,3.5,5.5,,,78.0,250.0,24.96,2.0,Alabama,2017.0,2017.0,TB,19.0,-11.0,0.07692308
2019,10,00-0033879,O.Howard,TE,TB,ARI,0,0,0.0,0,0.0,0.0,0.0,0,0.0,0,7,4,47.0,1,10.7,14.7,,,78.0,250.0,24.96,2.0,Alabama,2017.0,2017.0,TB,19.0,3.0,0.15555556
2019,11,00-0033879,O.Howard,TE,TB,NO,0,0,0.0,0,0.0,0.0,0.0,0,0.0,0,1,0,0.0,0,0.0,0.0,,,78.0,250.0,24.96,2.0,Alabama,2017.0,2017.0,TB,19.0,-17.0,0.020408163
2019,12,00-0033879,O.Howard,TE,TB,ATL,0,0,0.0,0,0.0,0.0,0.0,0,0.0,0,2,1,10.0,0,1.0,2.0,,,78.0,250.0,24.96,2.0,Alabama,2017.0,2017.0,TB,19.0,,0.074074075
2019,13,00-0033879,O.Howard,TE,TB,JAX,0,0,0.0,0,0.0,0.0,0.0,0,0.0,0,6,5,61.0,0,6.1,11.1,,,78.0,250.0,24.96,2.0,Alabama,2017.0,2017.0,TB,19.0,,0.18181819
2019,14,00-0033879,O.Howard,TE,TB,IND,0,0,0.0,0,0.0,0.0,0.0,0,0.0,0,5,4,73.0,0,7.3,11.3,,,78.0,250.0,24.96,2.0,Alabama,2017.0,2017.0,TB,19.0,3.0,0.11111111
2019,15,00-0033879,O.Howard,TE,TB,DET,0,0,0.0,0,0.0,0.0,0.0,0,0.0,0,7,4,46.0,0,4.6,8.6,,,78.0,250.0,24.96,2.0,Alabama,2017.0,2017.0,TB,19.0,,0.17073171
2019,16,00-0033879,O.Howard,TE,TB,HOU,0,0,0.0,0,0.0,0.0,0.0,0,0.0,0,7,3,46.0,0,4.6,7.6,,,78.0,250.0,24.96,2.0,Alabama,2017.0,2017.0,TB,19.0,-3.0,0.14893617
2019,1,00-0033881,E.Engram,TE,NYG,DAL,0,0,0.0,0,0.0,0.0,0.0,0,0.0,0,14,11,116.0,1,17.6,28.6,,,75.0,240.0,25.1665,2.0,Mississippi,2017.0,2017.0,NYG,23.0,,0.3181818
2019,2,00-0033881,E.Engram,TE,NYG,BUF,0,0,0.0,0,0.0,0.0,0.0,0,0.0,0,8,6,48.0,0,4.8,10.8,,,75.0,240.0,25.1665,2.0,Mississippi,2017.0,2017.0,NYG,23.0,-14.0,0.18181819
2019,3,00-0033881,E.Engram,TE,NYG,TB,0,0,0.0,0,0.0,0.0,0.0,0,0.0,0,8,6,113.0,1,17.3,23.3,,,75.0,240.0,25.1665,2.0,Mississippi,2017.0,2017.0,NYG,23.0,,0.22222222
2019,4,00-0033881,E.Engram,TE,NYG,WAS,0,0,0.0,0,0.0,0.0,0.0,0,0.0,0,7,4,54.0,0,5.4,9.4,,,75.0,240.0,25.1665,2.0,Mississippi,2017.0,2017.0,NYG,23.0,21.0,0.22580644
2019,5,00-0033881,E.Engram,TE,NYG,MIN,0,0,0.0,0,0.0,0.0,0.0,2,5.0,0,11,6,42.0,0,4.7,10.7,,,75.0,240.0,25.1665,2.0,Mississippi,2017.0,2017.0,NYG,23.0,-18.0,0.30555555
2019,7,00-0033881,E.Engram,TE,NYG,ARI,0,0,0.0,0,0.0,0.0,0.0,0,0.0,0,5,1,6.0,0,0.6,1.6,,,75.0,240.0,25.1665,2.0,Mississippi,2017.0,2017.0,NYG,23.0,-6.0,0.14285715
2019,8,00-0033881,E.Engram,TE,NYG,DET,0,0,0.0,0,0.0,0.0,0.0,0,0.0,0,7,4,40.0,1,10.0,14.0,,,75.0,240.0,25.1665,2.0,Mississippi,2017.0,2017.0,NYG,23.0,,0.175
2019,9,00-0033881,E.Engram,TE,NYG,DAL,0,0,0.0,0,0.0,0.0,0.0,1,2.0,0,8,6,48.0,0,5.0,11.0,,,75.0,240.0,25.1665,2.0,Mississippi,2017.0,2017.0,NYG,23.0,-19.0,0.19512194
2019,1,00-0033885,D.Njoku,TE,CLE,TEN,0,0,0.0,0,0.0,0.0,0.0,0,0.0,0,6,4,37.0,1,9.7,13.7,,,76.0,246.0,23.317875,2.0,Miami,2017.0,2017.0,CLE,29.0,-30.0,0.15789473
2019,2,00-0033885,D.Njoku,TE,CLE,NYJ,0,0,0.0,0,0.0,0.0,0.0,0,0.0,0,1,0,0.0,0,0.0,0.0,,,76.0,246.0,23.317875,2.0,Miami,2017.0,2017.0,CLE,29.0,,0.03125
2019,14,00-0033885,D.Njoku,TE,CLE,CIN,0,0,0.0,0,0.0,0.0,0.0,0,0.0,0,3,1,4.0,0,0.4,1.4,,,76.0,246.0,23.317875,2.0,Miami,2017.0,2017.0,CLE,29.0,8.0,0.13636364
2019,1,00-0033891,Z.Jones,WR,BUF,NYJ,0,0,0.0,0,0.0,0.0,0.0,0,0.0,0,4,2,18.0,0,1.8,3.8,,,74.0,200.0,24.6000625,2.0,East Carolina,2017.0,2017.0,BUF,37.0,,0.114285715
2019,2,00-0033891,Z.Jones,WR,BUF,NYG,0,0,0.0,0,0.0,0.0,0.0,0,0.0,0,3,1,14.0,0,1.4,2.4,,,74.0,200.0,24.6000625,2.0,East Carolina,2017.0,2017.0,BUF,37.0,,0.10714286
2019,3,00-0033891,Z.Jones,WR,BUF,CIN,0,0,0.0,0,0.0,0.0,0.0,0,0.0,0,3,2,33.0,0,3.3,5.3,,,74.0,200.0,24.6000625,2.0,East Carolina,2017.0,2017.0,BUF,37.0,4.0,0.09090909
2019,4,00-0033891,Z.Jones,WR,BUF,NE,0,0,0.0,0,0.0,0.0,0.0,0,0.0,0,8,2,4.0,0,0.4,2.4,,,74.0,200.0,24.6000625,2.0,East Carolina,2017.0,2017.0,BUF,37.0,-6.0,0.19512194
2019,8,00-0033891,Z.Jones,WR,LV,HOU,0,0,0.0,0,0.0,0.0,0.0,0,0.0,0,2,2,27.0,0,2.7,4.7,,,74.0,200.0,24.6000625,2.0,East Carolina,2017.0,2017.0,BUF,37.0,,0.06666667
2019,9,00-0033891,Z.Jones,WR,LV,DET,0,0,0.0,0,0.0,0.0,0.0,1,3.0,0,4,3,21.0,0,2.4,5.4,,,74.0,200.0,24.6000625,2.0,East Carolina,2017.0,2017.0,BUF,37.0,,0.14814815
2019,10,00-0033891,Z.Jones,WR,LV,LAC,0,0,0.0,0,0.0,0.0,0.0,0,0.0,0,3,1,10.0,0,1.0,2.0,,,74.0,200.0,24.6000625,2.0,East Carolina,2017.0,2017.0,BUF,37.0,,0.1
2019,11,00-0033891,Z.Jones,WR,LV,CIN,0,0,0.0,0,0.0,0.0,0.0,0,0.0,0,3,3,25.0,0,2.5,5.5,,,74.0,200.0,24.6000625,2.0,East Carolina,2017.0,2017.0,BUF,37.0,,0.10714286
2019,12,00-0033891,Z.Jones,WR,LV,NYJ,0,0,0.0,0,0.0,0.0,0.0,0,0.0,0,2,2,5.0,0,0.5,2.5,,,74.0,200.0,24.6000625,2.0,East Carolina,2017.0,2017.0,BUF,37.0,,0.060606062
2019,13,00-0033891,Z.Jones,WR,LV,KC,0,0,0.0,0,0.0,0.0,0.0,0,0.0,0,3,2,14.0,0,1.4,3.4,,,74.0,200.0,24.6000625,2.0,East Carolina,2017.0,2017.0,BUF,37.0,,0.11111111
2019,14,00-0033891,Z.Jones,WR,LV,TEN,0,0,0.0,0,0.0,0.0,0.0,0,0.0,0,3,1,5.0,0,0.5,1.5,,,74.0,200.0,24.6000625,2.0,East Carolina,2017.0,2017.0,BUF,37.0,,0.1
2019,15,00-0033891,Z.Jones,WR,LV,JAX,0,0,0.0,0,0.0,0.0,0.0,0,0.0,0,2,1,5.0,0,0.5,1.5,,,74.0,200.0,24.6000625,2.0,East Carolina,2017.0,2017.0,BUF,37.0,,0.06451613
2019,16,00-0033891,Z.Jones,WR,LV,LAC,0,0,0.0,0,0.0,0.0,0.0,0,0.0,0,3,3,14.0,0,1.4,4.4,,,74.0,200.0,24.6000625,2.0,East Carolina,2017.0,2017.0,BUF,37.0,,0.10344828
2019,17,00-0033891,Z.Jones,WR,LV,DEN,0,0,0.0,0,0.0,0.0,0.0,0,0.0,0,2,2,21.0,0,2.1,4.1,,,74.0,200.0,24.6000625,2.0,East Carolina,2017.0,2017.0,BUF,37.0,,0.048780486
2019,1,00-0033893,D.Cook,RB,MIN,ATL,0,0,0.0,0,0.0,0.0,0.0,21,111.0,2,2,2,9.0,0,24.0,26.0,,,70.0,210.0,24.249499999999998,2.0,Florida State,2017.0,2017.0,MIN,41.0,16.0,0.22222222
2019,2,00-0033893,D.Cook,RB,MIN,GB,0,0,0.0,0,0.0,0.0,0.0,20,154.0,1,3,3,37.0,0,25.1,28.1,,,70.0,210.0,24.249499999999998,2.0,Florida State,2017.0,2017.0,MIN,41.0,,0.11111111
2019,3,00-0033893,D.Cook,RB,MIN,LV,0,0,0.0,0,0.0,0.0,0.0,16,110.0,1,5,4,33.0,0,20.3,24.3,,,70.0,210.0,24.249499999999998,2.0,Florida State,2017.0,2017.0,MIN,41.0,20.0,0.25
2019,4,00-0033893,D.Cook,RB,MIN,CHI,0,0,0.0,0,0.0,0.0,0.0,14,35.0,1,8,6,35.0,0,13.0,19.0,,,70.0,210.0,24.249499999999998,2.0,Florida State,2017.0,2017.0,MIN,41.0,,0.22857143
2019,5,00-0033893,D.Cook,RB,MIN,NYG,0,0,0.0,0,0.0,0.0,0.0,21,132.0,0,6,6,86.0,0,19.8,25.8,,,70.0,210.0,24.249499999999998,2.0,Florida State,2017.0,2017.0,MIN,41.0,,0.25
2019,6,00-0033893,D.Cook,RB,MIN,PHI,0,0,0.0,0,0.0,0.0,0.0,16,41.0,1,2,2,13.0,0,11.4,13.4,,,70.0,210.0,24.249499999999998,2.0,Florida State,2017.0,2017.0,MIN,41.0,18.0,0.071428575
2019,7,00-0033893,D.Cook,RB,MIN,DET,0,0,0.0,0,0.0,0.0,0.0,25,142.0,2,2,1,7.0,0,26.9,27.9,,,70.0,210.0,24.249499999999998,2.0,Florida State,2017.0,2017.0,MIN,41.0,,0.060606062
2019,8,00-0033893,D.Cook,RB,MIN,WAS,0,0,0.0,0,0.0,0.0,0.0,23,98.0,1,6,5,73.0,0,23.1,28.1,,,70.0,210.0,24.249499999999998,2.0,Florida State,2017.0,2017.0,MIN,41.0,10.0,0.25
2019,9,00-0033893,D.Cook,RB,MIN,KC,0,0,0.0,0,0.0,0.0,0.0,21,71.0,0,7,4,45.0,0,11.6,15.6,,,70.0,210.0,24.249499999999998,2.0,Florida State,2017.0,2017.0,MIN,41.0,,0.1891892
2019,10,00-0033893,D.Cook,RB,MIN,DAL,0,0,0.0,0,0.0,0.0,0.0,26,97.0,1,7,7,86.0,0,24.3,31.3,,,70.0,210.0,24.249499999999998,2.0,Florida State,2017.0,2017.0,MIN,41.0,,0.22580644
2019,11,00-0033893,D.Cook,RB,MIN,DEN,0,0,0.0,0,0.0,0.0,0.0,11,26.0,1,6,5,31.0,0,11.7,16.7,,,70.0,210.0,24.249499999999998,2.0,Florida State,2017.0,2017.0,MIN,41.0,4.0,0.17142858
2019,13,00-0033893,D.Cook,RB,MIN,SEA,0,0,0.0,0,0.0,0.0,0.0,9,29.0,1,4,3,35.0,0,10.4,13.4,,,70.0,210.0,24.249499999999998,2.0,Florida State,2017.0,2017.0,MIN,41.0,,0.11111111
2019,14,00-0033893,D.Cook,RB,MIN,DET,0,0,0.0,0,0.0,0.0,0.0,18,62.0,1,2,2,13.0,0,13.5,15.5,,,70.0,210.0,24.249499999999998,2.0,Florida State,2017.0,2017.0,MIN,41.0,13.0,0.06896552
2019,15,00-0033893,D.Cook,RB,MIN,LAC,0,0,0.0,0,0.0,0.0,0.0,9,27.0,0,3,3,16.0,0,4.3,7.3,,,70.0,210.0,24.249499999999998,2.0,Florida State,2017.0,2017.0,MIN,41.0,,0.125
2019,18,00-0033893,D.Cook,RB,MIN,NO,0,0,0.0,0,0.0,0.0,0.0,28,94.0,2,5,3,36.0,0,25.0,28.0,,,70.0,210.0,24.249499999999998,2.0,Florida State,2017.0,2017.0,MIN,41.0,,0.16129032
2019,19,00-0033893,D.Cook,RB,MIN,SF,0,0,0.0,0,0.0,0.0,0.0,9,18.0,0,8,6,8.0,0,2.6,8.6,,,70.0,210.0,24.249499999999998,2.0,Florida State,2017.0,2017.0,MIN,41.0,,0.27586207
2019,1,00-0033895,G.Everett,TE,LA,CAR,0,0,0.0,0,0.0,0.0,0.0,0,0.0,0,1,1,7.0,0,0.7,1.7,,,75.0,240.0,25.3574375,2.0,South Alabama,2017.0,2017.0,LA,44.0,,0.02631579
2019,2,00-0033895,G.Everett,TE,LA,NO,0,0,0.0,0,0.0,0.0,0.0,1,0.0,0,4,3,21.0,0,2.1,5.1,,,75.0,240.0,25.3574375,2.0,South Alabama,2017.0,2017.0,LA,44.0,18.0,0.14285715
2019,3,00-0033895,G.Everett,TE,LA,CLE,0,0,0.0,0,0.0,0.0,0.0,0,0.0,0,2,2,15.0,0,1.5,3.5,,,75.0,240.0,25.3574375,2.0,South Alabama,2017.0,2017.0,LA,44.0,,0.05263158
2019,4,00-0033895,G.Everett,TE,LA,TB,0,0,0.0,0,0.0,0.0,0.0,0,0.0,0,8,5,44.0,1,10.4,15.4,,,75.0,240.0,25.3574375,2.0,South Alabama,2017.0,2017.0,LA,44.0,-15.0,0.11764706
2019,5,00-0033895,G.Everett,TE,LA,SEA,0,0,0.0,0,0.0,0.0,0.0,0,0.0,0,11,7,136.0,0,13.6,20.6,,,75.0,240.0,25.3574375,2.0,South Alabama,2017.0,2017.0,LA,44.0,,0.2244898
2019,6,00-0033895,G.Everett,TE,LA,SF,0,0,0.0,0,0.0,0.0,0.0,0,0.0,0,5,2,9.0,0,0.9,2.9,,,75.0,240.0,25.3574375,2.0,South Alabama,2017.0,2017.0,LA,44.0,-13.0,0.20833333
2019,7,00-0033895,G.Everett,TE,LA,ATL,0,0,0.0,0,0.0,0.0,0.0,0,0.0,0,10,4,50.0,1,11.0,15.0,,,75.0,240.0,25.3574375,2.0,South Alabama,2017.0,2017.0,LA,44.0,,0.2631579
2019,8,00-0033895,G.Everett,TE,LA,CIN,0,0,0.0,0,0.0,0.0,0.0,0,0.0,0,3,2,15.0,0,1.5,3.5,,,75.0,240.0,25.3574375,2.0,South Alabama,2017.0,2017.0,LA,44.0,14.0,0.1
2019,10,00-0033895,G.Everett,TE,LA,PIT,0,0,0.0,0,0.0,0.0,0.0,0,0.0,0,12,8,68.0,0,6.8,14.8,,,75.0,240.0,25.3574375,2.0,South Alabama,2017.0,2017.0,LA,44.0,,0.2857143
2019,11,00-0033895,G.Everett,TE,LA,CHI,0,0,0.0,0,0.0,0.0,0.0,0,0.0,0,1,1,20.0,0,2.0,3.0,,,75.0,240.0,25.3574375,2.0,South Alabama,2017.0,2017.0,LA,44.0,10.0,0.0625
2019,12,00-0033895,G.Everett,TE,LA,BAL,0,0,0.0,0,0.0,0.0,0.0,0,0.0,0,2,2,23.0,0,2.3,4.3,,,75.0,240.0,25.3574375,2.0,South Alabama,2017.0,2017.0,LA,44.0,-39.0,0.055555556
2019,16,00-0033895,G.Everett,TE,LA,SF,0,0,0.0,0,0.0,0.0,0.0,0,0.0,0,1,0,0.0,0,0.0,0.0,,,75.0,240.0,25.3574375,2.0,South Alabama,2017.0,2017.0,LA,44.0,,0.025641026
2019,1,00-0033896,A.Shaheen,TE,CHI,GB,0,0,0.0,0,0.0,0.0,0.0,0,0.0,0,2,1,6.0,0,0.6,1.6,,,78.0,257.0,25.0289375,2.0,Ashland,2017.0,2017.0,CHI,45.0,-7.0,0.045454547
2019,2,00-0033896,A.Shaheen,TE,CHI,DEN,0,0,0.0,0,0.0,0.0,0.0,0,0.0,0,3,3,24.0,0,2.4,5.4,,,78.0,257.0,25.0289375,2.0,Ashland,2017.0,2017.0,CHI,45.0,,0.11111111
2019,3,00-0033896,A.Shaheen,TE,CHI,WAS,0,0,0.0,0,0.0,0.0,0.0,0,0.0,0,1,1,7.0,0,0.7,1.7,,,78.0,257.0,25.0289375,2.0,Ashland,2017.0,2017.0,CHI,45.0,,0.032258064
2019,4,00-0033896,A.Shaheen,TE,CHI,MIN,0,0,0.0,0,0.0,0.0,0.0,0,0.0,0,2,2,13.0,0,1.3,3.3,,,78.0,257.0,25.0289375,2.0,Ashland,2017.0,2017.0,CHI,45.0,10.0,0.060606062
2019,7,00-0033896,A.Shaheen,TE,CHI,NO,0,0,0.0,0,0.0,0.0,0.0,0,0.0,0,2,2,24.0,0,4.4,6.4,,,78.0,257.0,25.0289375,2.0,Ashland,2017.0,2017.0,CHI,45.0,-11.0,0.039215688
2019,8,00-0033896,A.Shaheen,TE,CHI,LAC,0,0,0.0,0,0.0,0.0,0.0,0,0.0,0,2,0,0.0,0,0.0,0.0,,,78.0,257.0,25.0289375,2.0,Ashland,2017.0,2017.0,CHI,45.0,-1.0,0.060606062
2019,9,00-0033896,A.Shaheen,TE,CHI,PHI,0,0,0.0,0,0.0,0.0,0.0,0,0.0,0,1,0,0.0,0,0.0,0.0,,,78.0,257.0,25.0289375,2.0,Ashland,2017.0,2017.0,CHI,45.0,,0.04761905
2019,1,00-0033897,J.Mixon,RB,CIN,SEA,0,0,0.0,0,0.0,0.0,0.0,6,10.0,0,3,2,7.0,0,1.7,3.7,,,73.0,220.0,23.2774375,2.0,Oklahoma,2017.0,2017.0,CIN,48.0,,0.06122449
2019,2,00-0033897,J.Mixon,RB,CIN,SF,0,0,0.0,0,0.0,0.0,0.0,11,17.0,0,5,3,10.0,0,2.7,5.7,,,73.0,220.0,23.2774375,2.0,Oklahoma,2017.0,2017.0,CIN,48.0,-24.0,0.11904762
2019,3,00-0033897,J.Mixon,RB,CIN,BUF,0,0,0.0,0,0.0,0.0,0.0,15,60.0,0,2,2,34.0,1,15.4,17.4,,,73.0,220.0,23.2774375,2.0,Oklahoma,2017.0,2017.0,CIN,48.0,,0.05882353
2019,4,00-0033897,J.Mixon,RB,CIN,PIT,0,0,0.0,0,0.0,0.0,0.0,15,62.0,0,5,4,1.0,0,6.3,10.3,,,73.0,220.0,23.2774375,2.0,Oklahoma,2017.0,2017.0,CIN,48.0,,0.1388889
2019,5,00-0033897,J.Mixon,RB,CIN,ARI,0,0,0.0,0,0.0,0.0,0.0,19,93.0,0,1,1,16.0,0,10.9,11.9,,,73.0,220.0,23.2774375,2.0,Oklahoma,2017.0,2017.0,CIN,48.0,-3.0,0.027027028
2019,6,00-0033897,J.Mixon,RB,CIN,BAL,0,0,0.0,0,0.0,0.0,0.0,8,10.0,0,3,2,29.0,0,3.9,5.9,,,73.0,220.0,23.2774375,2.0,Oklahoma,2017.0,2017.0,CIN,48.0,,0.08108108
2019,7,00-0033897,J.Mixon,RB,CIN,JAX,0,0,0.0,0,0.0,0.0,0.0,10,2.0,0,2,1,2.0,1,6.4,7.4,,,73.0,220.0,23.2774375,2.0,Oklahoma,2017.0,2017.0,CIN,48.0,-10.0,0.04761905
2019,8,00-0033897,J.Mixon,RB,CIN,LA,0,0,0.0,0,0.0,0.0,0.0,17,66.0,0,4,4,11.0,1,13.7,17.7,,,73.0,220.0,23.2774375,2.0,Oklahoma,2017.0,2017.0,CIN,48.0,,0.083333336
2019,10,00-0033897,J.Mixon,RB,CIN,BAL,0,0,0.0,0,0.0,0.0,0.0,30,114.0,0,3,2,37.0,0,15.1,17.1,,,73.0,220.0,23.2774375,2.0,Oklahoma,2017.0,2017.0,CIN,48.0,-36.0,0.10344828
2019,11,00-0033897,J.Mixon,RB,CIN,LV,0,0,0.0,0,0.0,0.0,0.0,15,86.0,1,3,1,17.0,0,16.3,17.3,,,73.0,220.0,23.2774375,2.0,Oklahoma,2017.0,2017.0,CIN,48.0,,0.1
2019,12,00-0033897,J.Mixon,RB,CIN,PIT,0,0,0.0,0,0.0,0.0,0.0,18,79.0,0,0,0,0.0,0,7.9,7.9,,,73.0,220.0,23.2774375,2.0,Oklahoma,2017.0,2017.0,CIN,48.0,-6.0,
2019,13,00-0033897,J.Mixon,RB,CIN,NYJ,0,0,0.0,0,0.0,0.0,0.0,19,44.0,1,4,4,26.0,0,13.0,17.0,,,73.0,220.0,23.2774375,2.0,Oklahoma,2017.0,2017.0,CIN,48.0,16.0,0.11111111
2019,14,00-0033897,J.Mixon,RB,CIN,CLE,0,0,0.0,0,0.0,0.0,0.0,23,146.0,1,4,3,40.0,0,24.6,27.6,,,73.0,220.0,23.2774375,2.0,Oklahoma,2017.0,2017.0,CIN,48.0,,0.11764706
2019,15,00-0033897,J.Mixon,RB,CIN,NE,0,0,0.0,0,0.0,0.0,0.0,25,136.0,0,3,3,20.0,0,15.6,18.6,,,73.0,220.0,23.2774375,2.0,Oklahoma,2017.0,2017.0,CIN,48.0,-21.0,0.10344828
2019,16,00-0033897,J.Mixon,RB,CIN,MIA,0,0,0.0,0,0.0,0.0,0.0,21,50.0,0,2,2,23.0,0,7.3,9.3,,,73.0,220.0,23.2774375,2.0,Oklahoma,2017.0,2017.0,CIN,48.0,,0.037037037
2019,17,00-0033897,J.Mixon,RB,CIN,CLE,0,0,0.0,0,0.0,0.0,0.0,26,162.0,2,1,1,14.0,0,29.6,30.6,,,73.0,220.0,23.2774375,2.0,Oklahoma,2017.0,2017.0,CIN,48.0,10.0,0.037037037
2019,16,00-0033904,D.Dawkins,T,BUF,NE,0,0,0.0,0,0.0,0.0,0.0,0,0.0,0,1,1,1.0,1,6.1,7.1,,,77.0,320.0,25.535,2.0,Temple,2017.0,2017.0,BUF,63.0,,0.03846154
2019,1,00-0033906,A.Kamara,RB,NO,HOU,0,0,0.0,0,0.0,0.0,0.0,13,97.0,0,8,7,72.0,0,16.9,23.9,,,70.0,215.0,24.286529411764704,2.0,Tennessee,2017.0,2017.0,NO,67.0,2.0,0.20512821
2019,2,00-0033906,A.Kamara,RB,NO,LA,0,0,0.0,0,0.0,0.0,0.0,13,45.0,0,3,1,15.0,0,6.0,7.0,,,70.0,215.0,24.286529411764704,2.0,Tennessee,2017.0,2017.0,NO,67.0,,0.09375
2019,3,00-0033906,A.Kamara,RB,NO,SEA,0,0,0.0,0,0.0,0.0,0.0,16,69.0,1,10,9,92.0,1,28.1,37.1,,,70.0,215.0,24.286529411764704,2.0,Tennessee,2017.0,2017.0,NO,67.0,,0.37037036
2019,4,00-0033906,A.Kamara,RB,NO,DAL,0,0,0.0,0,0.0,0.0,0.0,17,69.0,0,3,3,20.0,0,8.9,11.9,,,70.0,215.0,24.286529411764704,2.0,Tennessee,2017.0,2017.0,NO,67.0,2.0,0.1
2019,5,00-0033906,A.Kamara,RB,NO,TB,1,1,13.0,0,0.0,0.0,-0.0,16,62.0,0,7,6,42.0,0,10.92,16.92,,,70.0,215.0,24.286529411764704,2.0,Tennessee,2017.0,2017.0,NO,67.0,7.0,0.20588236
2019,6,00-0033906,A.Kamara,RB,NO,JAX,0,0,0.0,0,0.0,0.0,0.0,11,31.0,0,8,7,35.0,0,6.6,13.6,,,70.0,215.0,24.286529411764704,2.0,Tennessee,2017.0,2017.0,NO,67.0,,0.23529412
2019,10,00-0033906,A.Kamara,RB,NO,ATL,0,0,0.0,0,0.0,0.0,0.0,4,24.0,0,10,8,50.0,0,7.4,15.4,,,70.0,215.0,24.286529411764704,2.0,Tennessee,2017.0,2017.0,NO,67.0,-17.0,0.22727273
2019,11,00-0033906,A.Kamara,RB,NO,TB,0,0,0.0,0,0.0,0.0,0.0,13,75.0,0,10,10,47.0,0,12.2,22.2,,,70.0,215.0,24.286529411764704,2.0,Tennessee,2017.0,2017.0,NO,67.0,,0.29411766
2019,12,00-0033906,A.Kamara,RB,NO,CAR,0,0,0.0,0,0.0,0.0,0.0,11,54.0,0,9,9,48.0,0,10.2,19.2,,,70.0,215.0,24.286529411764704,2.0,Tennessee,2017.0,2017.0,NO,67.0,3.0,0.23684211
2019,13,00-0033906,A.Kamara,RB,NO,ATL,0,0,0.0,0,0.0,0.0,0.0,11,61.0,0,8,4,23.0,0,8.4,12.4,,,70.0,215.0,24.286529411764704,2.0,Tennessee,2017.0,2017.0,NO,67.0,,0.27586207
2019,14,00-0033906,A.Kamara,RB,NO,SF,0,0,0.0,0,0.0,0.0,0.0,13,25.0,0,6,4,18.0,0,2.3,6.3,,,70.0,215.0,24.286529411764704,2.0,Tennessee,2017.0,2017.0,NO,67.0,-2.0,0.14634146
2019,15,00-0033906,A.Kamara,RB,NO,IND,0,0,0.0,0,0.0,0.0,0.0,14,66.0,0,5,5,23.0,0,8.9,13.9,,,70.0,215.0,24.286529411764704,2.0,Tennessee,2017.0,2017.0,NO,67.0,27.0,0.16666667
2019,16,00-0033906,A.Kamara,RB,NO,TEN,0,0,0.0,0,0.0,0.0,0.0,11,80.0,2,7,6,30.0,0,23.0,29.0,,,70.0,215.0,24.286529411764704,2.0,Tennessee,2017.0,2017.0,NO,67.0,,0.17948718
2019,17,00-0033906,A.Kamara,RB,NO,CAR,0,0,0.0,0,0.0,0.0,0.0,8,39.0,2,3,2,18.0,0,17.7,19.7,,,70.0,215.0,24.286529411764704,2.0,Tennessee,2017.0,2017.0,NO,67.0,,0.10344828
2019,18,00-0033906,A.Kamara,RB,NO,MIN,0,0,0.0,0,0.0,0.0,0.0,7,21.0,1,9,8,34.0,0,11.5,19.5,,,70.0,215.0,24.286529411764704,2.0,Tennessee,2017.0,2017.0,NO,67.0,-6.0,0.27272728
2019,1,00-0033908,C.Kupp,WR,LA,CAR,0,0,0.0,0,0.0,0.0,0.0,0,0.0,0,10,7,46.0,0,4.6,11.6,,,74.0,208.0,26.3841875,2.0,Eastern Washington,2017.0,2017.0,LA,69.0,,0.2631579
2019,2,00-0033908,C.Kupp,WR,LA,NO,0,0,0.0,0,0.0,0.0,0.0,1,6.0,0,9,5,120.0,0,12.6,17.6,,,74.0,208.0,26.3841875,2.0,Eastern Washington,2017.0,2017.0,LA,69.0,18.0,0.32142857
2019,3,00-0033908,C.Kupp,WR,LA,CLE,0,0,0.0,0,0.0,0.0,0.0,0,0.0,0,12,11,101.0,2,22.1,33.1,,,74.0,208.0,26.3841875,2.0,Eastern Washington,2017.0,2017.0,LA,69.0,,0.31578946
2019,4,00-0033908,C.Kupp,WR,LA,TB,0,0,0.0,0,0.0,0.0,0.0,1,-2.0,0,15,9,121.0,1,17.9,26.9,,,74.0,208.0,26.3841875,2.0,Eastern Washington,2017.0,2017.0,LA,69.0,-15.0,0.22058824
2019,5,00-0033908,C.Kupp,WR,LA,SEA,0,0,0.0,0,0.0,0.0,0.0,0,0.0,0,17,9,117.0,1,17.7,26.7,,,74.0,208.0,26.3841875,2.0,Eastern Washington,2017.0,2017.0,LA,69.0,,0.3469388
2019,6,00-0033908,C.Kupp,WR,LA,SF,0,0,0.0,0,0.0,0.0,0.0,0,0.0,0,6,4,17.0,0,1.7,5.7,,,74.0,208.0,26.3841875,2.0,Eastern Washington,2017.0,2017.0,LA,69.0,-13.0,0.25
2019,7,00-0033908,C.Kupp,WR,LA,ATL,0,0,0.0,0,0.0,0.0,0.0,0,0.0,0,8,6,50.0,0,5.0,11.0,,,74.0,208.0,26.3841875,2.0,Eastern Washington,2017.0,2017.0,LA,69.0,,0.21052632
2019,8,00-0033908,C.Kupp,WR,LA,CIN,0,0,0.0,0,0.0,0.0,0.0,0,0.0,0,10,7,220.0,1,28.0,35.0,,,74.0,208.0,26.3841875,2.0,Eastern Washington,2017.0,2017.0,LA,69.0,14.0,0.33333334
2019,10,00-0033908,C.Kupp,WR,LA,PIT,0,0,0.0,0,0.0,0.0,0.0,0,0.0,0,4,0,0.0,0,0.0,0.0,,,74.0,208.0,26.3841875,2.0,Eastern Washington,2017.0,2017.0,LA,69.0,,0.0952381
2019,11,00-0033908,C.Kupp,WR,LA,CHI,0,0,0.0,0,0.0,0.0,0.0,0,0.0,0,3,3,53.0,0,5.3,8.3,,,74.0,208.0,26.3841875,2.0,Eastern Washington,2017.0,2017.0,LA,69.0,10.0,0.1875
2019,12,00-0033908,C.Kupp,WR,LA,BAL,0,0,0.0,0,0.0,0.0,0.0,0,0.0,0,10,6,35.0,0,3.5,9.5,,,74.0,208.0,26.3841875,2.0,Eastern Washington,2017.0,2017.0,LA,69.0,-39.0,0.2777778
2019,13,00-0033908,C.Kupp,WR,LA,ARI,0,0,0.0,0,0.0,0.0,0.0,0,0.0,0,6,6,65.0,1,12.5,18.5,,,74.0,208.0,26.3841875,2.0,Eastern Washington,2017.0,2017.0,LA,69.0,,0.14634146
2019,14,00-0033908,C.Kupp,WR,LA,SEA,0,1,0.0,0,0.0,0.0,-0.0,0,0.0,0,4,4,45.0,1,10.5,14.5,,,74.0,208.0,26.3841875,2.0,Eastern Washington,2017.0,2017.0,LA,69.0,16.0,0.13333334
2019,15,00-0033908,C.Kupp,WR,LA,DAL,0,0,0.0,0,0.0,0.0,0.0,0,0.0,0,6,6,41.0,1,10.1,16.1,,,74.0,208.0,26.3841875,2.0,Eastern Washington,2017.0,2017.0,LA,69.0,,0.11764706
2019,16,00-0033908,C.Kupp,WR,LA,SF,0,0,0.0,0,0.0,0.0,0.0,0,0.0,0,4,4,31.0,1,9.1,13.1,,,74.0,208.0,26.3841875,2.0,Eastern Washington,2017.0,2017.0,LA,69.0,,0.102564104
2019,17,00-0033908,C.Kupp,WR,LA,ARI,0,0,0.0,0,0.0,0.0,0.0,0,0.0,0,10,7,99.0,1,15.9,22.9,,,74.0,208.0,26.3841875,2.0,Eastern Washington,2017.0,2017.0,LA,69.0,7.0,0.22727273
2019,2,00-0033911,T.Taylor,WR,CLE,NYJ,0,0,0.0,0,0.0,0.0,0.0,0,0.0,0,1,0,0.0,0,0.0,0.0,,,71.0,203.0,24.675875,2.0,Western Kentucky,2017.0,2017.0,TEN,72.0,,0.03125
2019,1,00-0033921,C.Godwin,WR,TB,SF,0,0,0.0,0,0.0,0.0,0.0,0,0.0,0,6,3,53.0,1,11.3,14.3,,,73.0,209.0,23.684125,2.0,Penn State,2017.0,2017.0,TB,84.0,-14.0,0.1764706
2019,2,00-0033921,C.Godwin,WR,TB,CAR,0,0,0.0,0,0.0,0.0,0.0,0,0.0,0,9,8,121.0,1,18.1,26.1,,,73.0,209.0,23.684125,2.0,Penn State,2017.0,2017.0,TB,84.0,,0.36
2019,3,00-0033921,C.Godwin,WR,TB,NYG,0,0,0.0,0,0.0,0.0,0.0,0,0.0,0,5,3,40.0,0,4.0,7.0,,,73.0,209.0,23.684125,2.0,Penn State,2017.0,2017.0,TB,84.0,-1.0,0.1388889
2019,4,00-0033921,C.Godwin,WR,TB,LA,0,0,0.0,0,0.0,0.0,0.0,0,0.0,0,14,12,172.0,2,29.2,41.2,,,73.0,209.0,23.684125,2.0,Penn State,2017.0,2017.0,TB,84.0,,0.35
2019,5,00-0033921,C.Godwin,WR,TB,NO,0,0,0.0,0,0.0,0.0,0.0,0,0.0,0,9,7,125.0,2,24.5,31.5,,,73.0,209.0,23.684125,2.0,Penn State,2017.0,2017.0,TB,84.0,,0.34615386
2019,6,00-0033921,C.Godwin,WR,TB,CAR,0,0,0.0,0,0.0,0.0,0.0,0,0.0,0,12,10,151.0,0,15.1,25.1,,,73.0,209.0,23.684125,2.0,Penn State,2017.0,2017.0,TB,84.0,-11.0,0.23076923
2019,8,00-0033921,C.Godwin,WR,TB,TEN,0,0,0.0,0,0.0,0.0,0.0,0,0.0,0,8,4,43.0,0,6.3,10.3,,,73.0,209.0,23.684125,2.0,Penn State,2017.0,2017.0,TB,84.0,,0.19512194
2019,9,00-0033921,C.Godwin,WR,TB,SEA,0,0,0.0,0,0.0,0.0,0.0,1,8.0,0,9,7,61.0,0,6.9,13.9,,,73.0,209.0,23.684125,2.0,Penn State,2017.0,2017.0,TB,84.0,,0.20930232
2019,10,00-0033921,C.Godwin,WR,TB,ARI,0,0,0.0,0,0.0,0.0,0.0,0,0.0,0,12,6,74.0,0,7.4,13.4,,,73.0,209.0,23.684125,2.0,Penn State,2017.0,2017.0,TB,84.0,3.0,0.26666668
2019,11,00-0033921,C.Godwin,WR,TB,NO,0,0,0.0,0,0.0,0.0,0.0,0,0.0,0,6,3,47.0,1,10.7,13.7,,,73.0,209.0,23.684125,2.0,Penn State,2017.0,2017.0,TB,84.0,-17.0,0.12244898
2019,12,00-0033921,C.Godwin,WR,TB,ATL,0,0,0.0,0,0.0,0.0,0.0,0,0.0,0,8,7,184.0,2,30.4,37.4,,,73.0,209.0,23.684125,2.0,Penn State,2017.0,2017.0,TB,84.0,,0.2962963
2019,13,00-0033921,C.Godwin,WR,TB,JAX,0,0,0.0,0,0.0,0.0,0.0,0,0.0,0,6,4,50.0,0,5.0,9.0,,,73.0,209.0,23.684125,2.0,Penn State,2017.0,2017.0,TB,84.0,,0.18181819
2019,14,00-0033921,C.Godwin,WR,TB,IND,0,0,0.0,0,0.0,0.0,0.0,0,0.0,0,9,7,91.0,0,9.1,16.1,,,73.0,209.0,23.684125,2.0,Penn State,2017.0,2017.0,TB,84.0,3.0,0.2
2019,15,00-0033921,C.Godwin,WR,TB,DET,0,0,0.0,0,0.0,0.0,0.0,0,0.0,0,8,5,121.0,0,12.1,17.1,,,73.0,209.0,23.684125,2.0,Penn State,2017.0,2017.0,TB,84.0,,0.19512194
2019,10,00-0033923,K.Hunt,RB,CLE,BUF,0,0,0.0,0,0.0,0.0,0.0,4,30.0,0,9,7,44.0,0,7.4,14.4,,,71.0,216.0,24.2459375,2.0,Toledo,2017.0,2017.0,KC,86.0,3.0,0.23684211
2019,11,00-0033923,K.Hunt,RB,CLE,PIT,0,0,0.0,0,0.0,0.0,0.0,6,12.0,0,8,6,46.0,0,5.8,11.8,,,71.0,216.0,24.2459375,2.0,Toledo,2017.0,2017.0,KC,86.0,14.0,0.26666668
2019,12,00-0033923,K.Hunt,RB,CLE,MIA,0,0,0.0,0,0.0,0.0,0.0,8,37.0,1,3,2,9.0,0,10.6,12.6,,,71.0,216.0,24.2459375,2.0,Toledo,2017.0,2017.0,KC,86.0,17.0,0.09090909
2019,13,00-0033923,K.Hunt,RB,CLE,PIT,0,0,0.0,0,0.0,0.0,0.0,7,46.0,0,5,5,19.0,1,12.5,17.5,,,71.0,216.0,24.2459375,2.0,Toledo,2017.0,2017.0,KC,86.0,,0.15151516
2019,14,00-0033923,K.Hunt,RB,CLE,CIN,0,0,0.0,0,0.0,0.0,0.0,9,28.0,1,2,2,40.0,0,12.8,14.8,,,71.0,216.0,24.2459375,2.0,Toledo,2017.0,2017.0,KC,86.0,8.0,0.09090909
2019,15,00-0033923,K.Hunt,RB,CLE,ARI,0,0,0.0,0,0.0,0.0,0.0,4,14.0,0,9,8,62.0,0,7.6,15.6,,,71.0,216.0,24.2459375,2.0,Toledo,2017.0,2017.0,KC,86.0,,0.20930232
2019,16,00-0033923,K.Hunt,RB,CLE,BAL,0,0,0.0,0,0.0,1.0,8.0,2,8.0,0,4,4,33.0,0,4.1,8.1,,,71.0,216.0,24.2459375,2.0,Toledo,2017.0,2017.0,KC,86.0,-16.0,0.125
2019,17,00-0033923,K.Hunt,RB,CLE,CIN,0,0,0.0,0,0.0,0.0,0.0,3,4.0,0,4,3,32.0,0,3.6,6.6,,,71.0,216.0,24.2459375,2.0,Toledo,2017.0,2017.0,KC,86.0,,0.16666667
2019,1,00-0033932,K.Golladay,WR,DET,ARI,0,0,0.0,0,0.0,0.0,0.0,0,0.0,0,9,4,42.0,1,10.2,14.2,,,76.0,213.0,26.0030625,2.0,Northern Illinois,2017.0,2017.0,DET,96.0,,0.2195122
2019,2,00-0033932,K.Golladay,WR,DET,LAC,0,0,0.0,0,0.0,0.0,0.0,0,0.0,0,10,8,117.0,1,17.7,25.7,,,76.0,213.0,26.0030625,2.0,Northern Illinois,2017.0,2017.0,DET,96.0,3.0,0.33333334
2019,3,00-0033932,K.Golladay,WR,DET,PHI,0,0,0.0,0,0.0,0.0,0.0,0,0.0,0,8,2,17.0,0,1.7,3.7,,,76.0,213.0,26.0030625,2.0,Northern Illinois,2017.0,2017.0,DET,96.0,,0.25
2019,4,00-0033932,K.Golladay,WR,DET,KC,0,0,0.0,0,0.0,0.0,0.0,0,0.0,0,9,5,67.0,2,18.7,23.7,,,76.0,213.0,26.0030625,2.0,Northern Illinois,2017.0,2017.0,DET,96.0,-4.0,0.28125
2019,6,00-0033932,K.Golladay,WR,DET,GB,0,0,0.0,0,0.0,0.0,0.0,0,0.0,0,9,5,121.0,0,12.1,17.1,,,76.0,213.0,26.0030625,2.0,Northern Illinois,2017.0,2017.0,DET,96.0,,0.28125
2019,7,00-0033932,K.Golladay,WR,DET,MIN,0,0,0.0,0,0.0,0.0,0.0,0,0.0,0,2,1,21.0,0,2.1,3.1,,,76.0,213.0,26.0030625,2.0,Northern Illinois,2017.0,2017.0,DET,96.0,-12.0,0.044444446
2019,8,00-0033932,K.Golladay,WR,DET,NYG,0,0,0.0,0,0.0,0.0,0.0,0,0.0,0,8,6,123.0,2,22.3,28.3,,,76.0,213.0,26.0030625,2.0,Northern Illinois,2017.0,2017.0,DET,96.0,5.0,0.2580645
2019,9,00-0033932,K.Golladay,WR,DET,LV,0,0,0.0,0,0.0,0.0,0.0,0,0.0,0,7,4,132.0,1,19.2,23.2,,,76.0,213.0,26.0030625,2.0,Northern Illinois,2017.0,2017.0,DET,96.0,,0.17073171
2019,10,00-0033932,K.Golladay,WR,DET,CHI,0,0,0.0,0,0.0,0.0,0.0,0,0.0,0,9,3,57.0,1,11.7,14.7,,,76.0,213.0,26.0030625,2.0,Northern Illinois,2017.0,2017.0,DET,96.0,,0.20930232
2019,11,00-0033932,K.Golladay,WR,DET,DAL,0,0,0.0,0,0.0,0.0,0.0,0,0.0,0,5,1,34.0,0,3.4,4.4,,,76.0,213.0,26.0030625,2.0,Northern Illinois,2017.0,2017.0,DET,96.0,-8.0,0.20833333
2019,12,00-0033932,K.Golladay,WR,DET,WAS,0,0,0.0,0,0.0,0.0,0.0,0,0.0,0,4,4,61.0,0,6.1,10.1,,,76.0,213.0,26.0030625,2.0,Northern Illinois,2017.0,2017.0,DET,96.0,,0.13333334
2019,13,00-0033932,K.Golladay,WR,DET,CHI,0,0,0.0,0,0.0,0.0,0.0,0,0.0,0,5,4,158.0,1,21.8,25.8,,,76.0,213.0,26.0030625,2.0,Northern Illinois,2017.0,2017.0,DET,96.0,-4.0,0.1388889
2019,14,00-0033932,K.Golladay,WR,DET,MIN,0,0,0.0,0,0.0,0.0,0.0,0,0.0,0,8,6,58.0,1,11.8,17.8,,,76.0,213.0,26.0030625,2.0,Northern Illinois,2017.0,2017.0,DET,96.0,,0.21052632
2019,15,00-0033932,K.Golladay,WR,DET,TB,0,0,0.0,0,0.0,0.0,0.0,0,0.0,0,7,3,44.0,0,4.4,7.4,,,76.0,213.0,26.0030625,2.0,Northern Illinois,2017.0,2017.0,DET,96.0,-21.0,0.1627907
2019,16,00-0033932,K.Golladay,WR,DET,DEN,0,0,0.0,0,0.0,0.0,0.0,0,0.0,0,12,6,66.0,1,12.6,18.6,,,76.0,213.0,26.0030625,2.0,Northern Illinois,2017.0,2017.0,DET,96.0,,0.5217391
2019,17,00-0033932,K.Golladay,WR,DET,GB,0,0,0.0,0,0.0,0.0,0.0,0,0.0,0,4,3,72.0,0,7.2,10.2,,,76.0,213.0,26.0030625,2.0,Northern Illinois,2017.0,2017.0,DET,96.0,-3.0,0.13793103
2019,14,00-0033933,C.Williams,WR,IND,TB,0,0,0.0,0,0.0,0.0,0.0,0,0.0,0,1,0,0.0,0,0.0,0.0,,,74.0,204.0,25.0436875,2.0,Grambling,2017.0,2017.0,ARI,98.0,,0.028571429
2019,1,00-0033943,J.Reynolds,WR,LA,CAR,0,0,0.0,0,0.0,0.0,0.0,0,0.0,0,2,0,0.0,0,0.0,0.0,,,75.0,196.0,24.7114375,2.0,Texas A&amp;M,2017.0,2017.0,LA,117.0,,0.05263158
2019,2,00-0033943,J.Reynolds,WR,LA,NO,0,0,0.0,0,0.0,0.0,0.0,0,0.0,0,1,0,0.0,0,0.0,0.0,,,75.0,196.0,24.7114375,2.0,Texas A&amp;M,2017.0,2017.0,LA,117.0,18.0,0.035714287
2019,3,00-0033943,J.Reynolds,WR,LA,CLE,0,0,0.0,0,0.0,0.0,0.0,0,0.0,0,2,0,0.0,0,0.0,0.0,,,75.0,196.0,24.7114375,2.0,Texas A&amp;M,2017.0,2017.0,LA,117.0,,0.05263158
2019,4,00-0033943,J.Reynolds,WR,LA,TB,0,0,0.0,0,0.0,0.0,0.0,0,0.0,0,2,1,22.0,0,2.2,3.2,,,75.0,196.0,24.7114375,2.0,Texas A&amp;M,2017.0,2017.0,LA,117.0,-15.0,0.029411765
2019,5,00-0033943,J.Reynolds,WR,LA,SEA,0,0,0.0,0,0.0,0.0,0.0,0,0.0,0,1,1,12.0,0,1.2,2.2,,,75.0,196.0,24.7114375,2.0,Texas A&amp;M,2017.0,2017.0,LA,117.0,,0.020408163
2019,6,00-0033943,J.Reynolds,WR,LA,SF,0,0,0.0,0,0.0,0.0,0.0,0,0.0,0,1,0,0.0,0,0.0,0.0,,,75.0,196.0,24.7114375,2.0,Texas A&amp;M,2017.0,2017.0,LA,117.0,-13.0,0.041666668
2019,7,00-0033943,J.Reynolds,WR,LA,ATL,0,0,0.0,0,0.0,0.0,0.0,0,0.0,0,1,0,0.0,0,0.0,0.0,,,75.0,196.0,24.7114375,2.0,Texas A&amp;M,2017.0,2017.0,LA,117.0,,0.02631579
2019,8,00-0033943,J.Reynolds,WR,LA,CIN,0,0,0.0,0,0.0,0.0,0.0,1,-1.0,0,8,3,73.0,1,13.2,16.2,,,75.0,196.0,24.7114375,2.0,Texas A&amp;M,2017.0,2017.0,LA,117.0,14.0,0.26666668
2019,10,00-0033943,J.Reynolds,WR,LA,PIT,0,0,0.0,0,0.0,0.0,0.0,0,0.0,0,5,3,49.0,0,4.9,7.9,,,75.0,196.0,24.7114375,2.0,Texas A&amp;M,2017.0,2017.0,LA,117.0,,0.11904762
2019,11,00-0033943,J.Reynolds,WR,LA,CHI,0,0,0.0,0,0.0,0.0,0.0,1,-5.0,0,6,3,55.0,0,5.0,8.0,,,75.0,196.0,24.7114375,2.0,Texas A&amp;M,2017.0,2017.0,LA,117.0,10.0,0.375
2019,12,00-0033943,J.Reynolds,WR,LA,BAL,0,0,0.0,0,0.0,0.0,0.0,0,0.0,0,2,2,8.0,0,0.8,2.8,,,75.0,196.0,24.7114375,2.0,Texas A&amp;M,2017.0,2017.0,LA,117.0,-39.0,0.055555556
2019,13,00-0033943,J.Reynolds,WR,LA,ARI,0,0,0.0,0,0.0,0.0,0.0,0,0.0,0,4,4,39.0,0,3.9,7.9,,,75.0,196.0,24.7114375,2.0,Texas A&amp;M,2017.0,2017.0,LA,117.0,,0.09756097
2019,14,00-0033943,J.Reynolds,WR,LA,SEA,0,0,0.0,0,0.0,0.0,0.0,3,29.0,0,0,0,0.0,0,2.9,2.9,,,75.0,196.0,24.7114375,2.0,Texas A&amp;M,2017.0,2017.0,LA,117.0,16.0,
2019,15,00-0033943,J.Reynolds,WR,LA,DAL,0,0,0.0,0,0.0,0.0,0.0,0,0.0,0,4,2,36.0,0,3.6,5.6,,,75.0,196.0,24.7114375,2.0,Texas A&amp;M,2017.0,2017.0,LA,117.0,,0.078431375
2019,16,00-0033943,J.Reynolds,WR,LA,SF,0,0,0.0,0,0.0,0.0,0.0,0,0.0,0,3,2,32.0,0,3.2,5.2,,,75.0,196.0,24.7114375,2.0,Texas A&amp;M,2017.0,2017.0,LA,117.0,,0.07692308
2019,17,00-0033943,J.Reynolds,WR,LA,ARI,0,0,0.0,0,0.0,0.0,0.0,0,0.0,0,1,0,0.0,0,0.0,0.0,,,75.0,196.0,24.7114375,2.0,Texas A&amp;M,2017.0,2017.0,LA,117.0,7.0,0.022727273
2019,1,00-0033948,J.Williams,RB,GB,CHI,0,0,0.0,0,0.0,0.0,0.0,5,0.0,0,2,2,15.0,0,1.5,3.5,,,72.0,213.0,24.605611111111113,2.0,Brigham Young,2017.0,2017.0,GB,134.0,,0.074074075
2019,2,00-0033948,J.Williams,RB,GB,MIN,0,0,0.0,0,0.0,0.0,0.0,9,28.0,0,4,3,13.0,1,10.1,13.1,,,72.0,213.0,24.605611111111113,2.0,Brigham Young,2017.0,2017.0,GB,134.0,5.0,0.12903225
2019,3,00-0033948,J.Williams,RB,GB,DEN,0,0,0.0,0,0.0,0.0,0.0,12,59.0,0,2,2,27.0,0,8.6,10.6,,,72.0,213.0,24.605611111111113,2.0,Brigham Young,2017.0,2017.0,GB,134.0,11.0,0.074074075
2019,4,00-0033948,J.Williams,RB,GB,PHI,0,0,0.0,0,0.0,0.0,0.0,0,0.0,0,1,1,0.0,0,0.0,1.0,,,72.0,213.0,24.605611111111113,2.0,Brigham Young,2017.0,2017.0,GB,134.0,-7.0,0.020408163
2019,6,00-0033948,J.Williams,RB,GB,DET,0,0,0.0,0,0.0,0.0,0.0,14,104.0,0,5,4,32.0,1,19.6,23.6,,,72.0,213.0,24.605611111111113,2.0,Brigham Young,2017.0,2017.0,GB,134.0,1.0,0.13157895
2019,7,00-0033948,J.Williams,RB,GB,LV,0,0,0.0,0,0.0,0.0,0.0,3,5.0,0,5,4,26.0,1,9.1,13.1,,,72.0,213.0,24.605611111111113,2.0,Brigham Young,2017.0,2017.0,GB,134.0,18.0,0.1724138
2019,8,00-0033948,J.Williams,RB,GB,KC,0,0,0.0,0,0.0,0.0,0.0,7,22.0,1,3,3,14.0,1,15.6,18.6,,,72.0,213.0,24.605611111111113,2.0,Brigham Young,2017.0,2017.0,GB,134.0,,0.09677419
2019,9,00-0033948,J.Williams,RB,GB,LAC,0,0,0.0,0,0.0,0.0,0.0,2,10.0,0,6,6,39.0,1,10.9,16.9,,,72.0,213.0,24.605611111111113,2.0,Brigham Young,2017.0,2017.0,GB,134.0,,0.1764706
2019,10,00-0033948,J.Williams,RB,GB,CAR,0,0,0.0,0,0.0,0.0,0.0,13,63.0,0,1,0,0.0,0,6.3,6.3,,,72.0,213.0,24.605611111111113,2.0,Brigham Young,2017.0,2017.0,GB,134.0,8.0,0.037037037
2019,12,00-0033948,J.Williams,RB,GB,SF,0,0,0.0,0,0.0,0.0,0.0,11,45.0,0,8,7,35.0,0,8.0,15.0,,,72.0,213.0,24.605611111111113,2.0,Brigham Young,2017.0,2017.0,GB,134.0,,0.22222222
2019,13,00-0033948,J.Williams,RB,GB,NYG,0,0,0.0,0,0.0,0.0,0.0,10,41.0,0,4,4,26.0,0,6.7,10.7,,,72.0,213.0,24.605611111111113,2.0,Brigham Young,2017.0,2017.0,GB,134.0,,0.121212125
2019,14,00-0033948,J.Williams,RB,GB,WAS,0,0,0.0,0,0.0,0.0,0.0,7,24.0,0,1,0,0.0,0,2.4,2.4,,,72.0,213.0,24.605611111111113,2.0,Brigham Young,2017.0,2017.0,GB,134.0,5.0,0.037037037
2019,15,00-0033948,J.Williams,RB,GB,CHI,0,0,0.0,0,0.0,0.0,0.0,8,26.0,0,1,1,7.0,0,3.3,4.3,,,72.0,213.0,24.605611111111113,2.0,Brigham Young,2017.0,2017.0,GB,134.0,8.0,0.033333335
2019,16,00-0033948,J.Williams,RB,GB,MIN,0,0,0.0,0,0.0,0.0,0.0,6,33.0,0,2,2,19.0,0,5.2,7.2,,,72.0,213.0,24.605611111111113,2.0,Brigham Young,2017.0,2017.0,GB,134.0,,0.05263158
2019,19,00-0033948,J.Williams,RB,GB,SEA,0,0,0.0,0,0.0,0.0,0.0,1,3.0,0,1,1,9.0,0,1.2,2.2,,,72.0,213.0,24.605611111111113,2.0,Brigham Young,2017.0,2017.0,GB,134.0,5.0,0.045454547
2019,20,00-0033948,J.Williams,RB,GB,SF,0,0,0.0,0,0.0,0.0,0.0,3,6.0,0,3,2,1.0,0,0.7,2.7,,,72.0,213.0,24.605611111111113,2.0,Brigham Young,2017.0,2017.0,GB,134.0,,0.08108108
2019,1,00-0033950,W.Gallman,RB,NYG,DAL,0,0,0.0,0,0.0,0.0,0.0,2,17.0,1,3,3,24.0,0,10.1,13.1,,,72.0,210.0,25.0870625,2.0,Clemson,2017.0,2017.0,NYG,140.0,,0.06818182
2019,2,00-0033950,W.Gallman,RB,NYG,BUF,0,0,0.0,0,0.0,0.0,0.0,0,0.0,0,1,0,0.0,0,0.0,0.0,,,72.0,210.0,25.0870625,2.0,Clemson,2017.0,2017.0,NYG,140.0,-14.0,0.022727273
2019,3,00-0033950,W.Gallman,RB,NYG,TB,0,0,0.0,0,0.0,0.0,0.0,5,13.0,0,0,0,0.0,0,1.3,1.3,,,72.0,210.0,25.0870625,2.0,Clemson,2017.0,2017.0,NYG,140.0,,
2019,4,00-0033950,W.Gallman,RB,NYG,WAS,0,0,0.0,0,0.0,0.0,0.0,18,63.0,1,7,6,55.0,1,21.8,27.8,,,72.0,210.0,25.0870625,2.0,Clemson,2017.0,2017.0,NYG,140.0,21.0,0.22580644
2019,5,00-0033950,W.Gallman,RB,NYG,MIN,0,0,0.0,0,0.0,0.0,0.0,2,14.0,0,0,0,0.0,0,1.4,1.4,,,72.0,210.0,25.0870625,2.0,Clemson,2017.0,2017.0,NYG,140.0,-18.0,
2019,8,00-0033950,W.Gallman,RB,NYG,DET,0,0,0.0,0,0.0,0.0,0.0,0,0.0,0,1,1,20.0,0,2.0,3.0,,,72.0,210.0,25.0870625,2.0,Clemson,2017.0,2017.0,NYG,140.0,,0.025
2019,9,00-0033950,W.Gallman,RB,NYG,DAL,0,0,0.0,0,0.0,0.0,0.0,0,0.0,0,1,0,0.0,0,0.0,0.0,,,72.0,210.0,25.0870625,2.0,Clemson,2017.0,2017.0,NYG,140.0,-19.0,0.024390243
2019,10,00-0033950,W.Gallman,RB,NYG,NYJ,0,0,0.0,0,0.0,0.0,0.0,1,2.0,0,2,1,3.0,0,0.5,1.5,,,72.0,210.0,25.0870625,2.0,Clemson,2017.0,2017.0,NYG,140.0,,0.05263158
2019,12,00-0033950,W.Gallman,RB,NYG,CHI,0,0,0.0,0,0.0,0.0,0.0,1,1.0,0,0,0,0.0,0,0.1,0.1,,,72.0,210.0,25.0870625,2.0,Clemson,2017.0,2017.0,NYG,140.0,,
2019,1,00-0033951,M.Mack,RB,IND,LAC,0,0,0.0,0,0.0,0.0,0.0,25,174.0,1,0,0,0.0,0,25.4,25.4,,,72.0,210.0,23.661,2.0,South Florida,2017.0,2017.0,IND,143.0,,
2019,2,00-0033951,M.Mack,RB,IND,TEN,0,0,0.0,0,0.0,0.0,0.0,20,51.0,0,3,2,12.0,0,6.3,8.3,,,72.0,210.0,23.661,2.0,South Florida,2017.0,2017.0,IND,143.0,,0.115384616
2019,3,00-0033951,M.Mack,RB,IND,ATL,0,0,0.0,0,0.0,0.0,0.0,16,74.0,1,3,2,14.0,0,14.8,16.8,,,72.0,210.0,23.661,2.0,South Florida,2017.0,2017.0,IND,143.0,3.0,0.083333336
2019,4,00-0033951,M.Mack,RB,IND,LV,0,0,0.0,0,0.0,0.0,0.0,11,39.0,0,0,0,0.0,0,3.9,3.9,,,72.0,210.0,23.661,2.0,South Florida,2017.0,2017.0,IND,143.0,-7.0,
2019,5,00-0033951,M.Mack,RB,IND,KC,0,0,0.0,0,0.0,0.0,0.0,29,132.0,0,3,3,16.0,0,14.8,17.8,,,72.0,210.0,23.661,2.0,South Florida,2017.0,2017.0,IND,143.0,,0.115384616
2019,7,00-0033951,M.Mack,RB,IND,HOU,0,0,0.0,0,0.0,0.0,0.0,18,44.0,0,3,3,12.0,0,5.6,8.6,,,72.0,210.0,23.661,2.0,South Florida,2017.0,2017.0,IND,143.0,7.0,0.083333336
2019,8,00-0033951,M.Mack,RB,IND,DEN,0,0,0.0,0,0.0,0.0,0.0,19,76.0,1,1,1,14.0,0,15.0,16.0,,,72.0,210.0,23.661,2.0,South Florida,2017.0,2017.0,IND,143.0,2.0,0.041666668
2019,9,00-0033951,M.Mack,RB,IND,PIT,0,0,0.0,0,0.0,0.0,0.0,21,89.0,0,0,0,0.0,0,8.9,8.9,,,72.0,210.0,23.661,2.0,South Florida,2017.0,2017.0,IND,143.0,,
2019,10,00-0033951,M.Mack,RB,IND,MIA,0,0,0.0,0,0.0,0.0,0.0,19,74.0,0,1,1,8.0,0,8.2,9.2,,,72.0,210.0,23.661,2.0,South Florida,2017.0,2017.0,IND,143.0,-4.0,0.025641026
2019,11,00-0033951,M.Mack,RB,IND,JAX,0,0,0.0,0,0.0,0.0,0.0,14,109.0,1,0,0,0.0,0,16.9,16.9,,,72.0,210.0,23.661,2.0,South Florida,2017.0,2017.0,IND,143.0,20.0,
2019,14,00-0033951,M.Mack,RB,IND,TB,0,0,0.0,0,0.0,0.0,0.0,13,38.0,1,0,0,0.0,0,9.8,9.8,,,72.0,210.0,23.661,2.0,South Florida,2017.0,2017.0,IND,143.0,,
2019,15,00-0033951,M.Mack,RB,IND,NO,0,0,0.0,0,0.0,0.0,0.0,11,19.0,0,0,0,0.0,0,1.9,1.9,,,72.0,210.0,23.661,2.0,South Florida,2017.0,2017.0,IND,143.0,,
2019,16,00-0033951,M.Mack,RB,IND,CAR,0,0,0.0,0,0.0,0.0,0.0,16,95.0,1,2,2,6.0,0,16.1,18.1,,,72.0,210.0,23.661,2.0,South Florida,2017.0,2017.0,IND,143.0,32.0,0.083333336
2019,17,00-0033951,M.Mack,RB,IND,JAX,0,0,0.0,0,0.0,0.0,0.0,15,77.0,2,1,0,0.0,0,19.7,19.7,,,72.0,210.0,23.661,2.0,South Florida,2017.0,2017.0,IND,143.0,,0.041666668
2019,6,00-0033994,F.Brown,WR,DEN,TEN,0,0,0.0,0,0.0,0.0,0.0,0,0.0,0,1,1,5.0,0,0.5,1.5,,,73.0,196.0,25.9203125,2.0,Mississippi State,2017.0,2017.0,,,16.0,0.03846154
2019,8,00-0033994,F.Brown,WR,DEN,IND,0,0,0.0,0,0.0,0.0,0.0,0,0.0,0,2,1,16.0,0,1.6,2.6,,,73.0,196.0,25.9203125,2.0,Mississippi State,2017.0,2017.0,,,,0.06896552
2019,7,00-0034011,D.Arnold,TE,NO,CHI,0,0,0.0,0,0.0,0.0,0.0,0,0.0,0,1,0,0.0,0,0.0,0.0,,,78.0,220.0,24.6375,2.0,Wisconsin-Platteville,2017.0,2017.0,,,,0.027777778
2019,8,00-0034011,D.Arnold,TE,NO,ARI,0,0,0.0,0,0.0,0.0,0.0,0,0.0,0,3,2,25.0,0,2.5,4.5,,,78.0,220.0,24.6375,2.0,Wisconsin-Platteville,2017.0,2017.0,,,22.0,0.069767445
2019,15,00-0034011,D.Arnold,TE,ARI,CLE,0,0,0.0,0,0.0,0.0,0.0,0,0.0,0,1,1,6.0,1,6.6,7.6,,,78.0,220.0,24.6375,2.0,Wisconsin-Platteville,2017.0,2017.0,,,14.0,0.05
2019,16,00-0034011,D.Arnold,TE,ARI,SEA,0,0,0.0,0,0.0,0.0,0.0,0,0.0,0,3,1,20.0,0,2.0,3.0,,,78.0,220.0,24.6375,2.0,Wisconsin-Platteville,2017.0,2017.0,,,,0.11111111
2019,17,00-0034011,D.Arnold,TE,ARI,LA,0,0,0.0,0,0.0,0.0,0.0,0,0.0,0,6,4,76.0,1,13.6,17.6,,,78.0,220.0,24.6375,2.0,Wisconsin-Platteville,2017.0,2017.0,,,,0.15384616
2019,17,00-0034034,R.Davis,WR,TEN,HOU,0,0,0.0,0,0.0,0.0,0.0,0,0.0,0,1,1,16.0,0,1.6,2.6,,,69.0,175.0,24.164473684210527,2.0,James Madison,2017.0,2017.0,,,,0.04761905
2019,8,00-0034052,B.Zylstra,WR,CAR,SF,0,0,0.0,0,0.0,0.0,0.0,0,0.0,0,1,0,0.0,0,0.0,0.0,,,74.0,215.0,26.6110625,1.0,"Concordia, Minn",2018.0,2018.0,,,,0.027027028
2019,14,00-0034052,B.Zylstra,WR,CAR,ATL,0,0,0.0,0,0.0,0.0,0.0,0,0.0,0,2,1,7.0,0,0.7,1.7,,,74.0,215.0,26.6110625,1.0,"Concordia, Minn",2018.0,2018.0,,,,0.05
2019,16,00-0034052,B.Zylstra,WR,CAR,IND,0,0,0.0,0,0.0,0.0,0.0,0,0.0,0,1,1,3.0,0,0.3,1.3,,,74.0,215.0,26.6110625,1.0,"Concordia, Minn",2018.0,2018.0,,,,0.023809524
2019,17,00-0034052,B.Zylstra,WR,CAR,NO,0,0,0.0,0,0.0,0.0,0.0,0,0.0,0,8,6,96.0,0,9.6,15.6,,,74.0,215.0,26.6110625,1.0,"Concordia, Minn",2018.0,2018.0,,,-32.0,0.1632653
2019,7,00-0034064,C.Wadman,P,DEN,KC,0,0,0.0,0,0.0,1.0,7.0,0,0.0,0,0,0,0.0,0,0.0,0.0,,,73.0,213.0,24.5405625,1.0,California-Davis,2018.0,2018.0,,,-24.0,
2019,5,00-0034073,R.Dwelley,TE,SF,CLE,0,0,0.0,0,0.0,0.0,0.0,0,0.0,0,2,2,-3.0,0,-0.3,1.7,,,77.0,240.0,24.808157894736844,1.0,San Diego,2018.0,2018.0,,,28.0,0.071428575
2019,7,00-0034073,R.Dwelley,TE,SF,WAS,0,0,0.0,0,0.0,0.0,0.0,0,0.0,0,3,1,2.0,0,0.2,1.2,,,77.0,240.0,24.808157894736844,1.0,San Diego,2018.0,2018.0,,,,0.15
2019,9,00-0034073,R.Dwelley,TE,SF,ARI,0,0,0.0,0,0.0,0.0,0.0,0,0.0,0,4,4,29.0,0,2.9,6.9,,,77.0,240.0,24.808157894736844,1.0,San Diego,2018.0,2018.0,,,,0.10810811
2019,10,00-0034073,R.Dwelley,TE,SF,SEA,0,0,0.0,0,0.0,0.0,0.0,0,0.0,0,7,3,24.0,0,2.4,5.4,,,77.0,240.0,24.808157894736844,1.0,San Diego,2018.0,2018.0,,,-3.0,0.1590909
2019,11,00-0034073,R.Dwelley,TE,SF,ARI,0,0,0.0,0,0.0,0.0,0.0,0,0.0,0,5,4,14.0,2,13.4,17.4,,,77.0,240.0,24.808157894736844,1.0,San Diego,2018.0,2018.0,,,10.0,0.11363637
2019,16,00-0034073,R.Dwelley,TE,SF,LA,0,0,0.0,0,0.0,0.0,0.0,0,0.0,0,1,1,25.0,0,2.5,3.5,,,77.0,240.0,24.808157894736844,1.0,San Diego,2018.0,2018.0,,,3.0,0.037037037
2019,9,00-0034081,S.Mitchell,WR,HOU,JAX,0,0,0.0,0,0.0,0.0,0.0,0,0.0,0,1,0,0.0,0,0.0,0.0,,,70.0,186.0,25.52433333333333,1.0,Southern California,2018.0,2018.0,,,,0.035714287
2019,17,00-0034081,S.Mitchell,WR,HOU,TEN,0,0,0.0,0,0.0,0.0,0.0,0,0.0,0,5,2,37.0,0,3.7,5.7,,,70.0,186.0,25.52433333333333,1.0,Southern California,2018.0,2018.0,,,-21.0,0.15625
2019,16,00-0034104,C.Sims,WR,WAS,NYG,0,0,0.0,0,0.0,0.0,0.0,0,0.0,0,1,1,15.0,0,1.5,2.5,,,77.0,220.0,23.8231875,1.0,Alabama,2018.0,2018.0,,,-6.0,0.027027028
2019,17,00-0034104,C.Sims,WR,WAS,DAL,0,0,0.0,0,0.0,0.0,0.0,0,0.0,0,2,1,12.0,0,1.2,2.2,,,77.0,220.0,23.8231875,1.0,Alabama,2018.0,2018.0,,,,0.057142857
2019,1,00-0034109,P.Lindsay,RB,DEN,LV,0,0,0.0,0,0.0,0.0,0.0,11,43.0,0,6,4,23.0,0,6.6,10.6,,,68.0,190.0,25.2770625,1.0,Colorado,2018.0,2018.0,,,,0.2
2019,2,00-0034109,P.Lindsay,RB,DEN,CHI,0,0,0.0,0,0.0,0.0,0.0,13,36.0,0,7,4,30.0,0,6.6,10.6,,,68.0,190.0,25.2770625,1.0,Colorado,2018.0,2018.0,,,-2.0,0.14
2019,3,00-0034109,P.Lindsay,RB,DEN,GB,0,0,0.0,0,0.0,0.0,0.0,21,81.0,2,5,4,49.0,0,25.0,29.0,,,68.0,190.0,25.2770625,1.0,Colorado,2018.0,2018.0,,,,0.17857143
2019,4,00-0034109,P.Lindsay,RB,DEN,JAX,0,0,0.0,0,0.0,0.0,0.0,9,53.0,0,1,1,7.0,0,6.0,7.0,,,68.0,190.0,25.2770625,1.0,Colorado,2018.0,2018.0,,,-2.0,0.028571429
2019,5,00-0034109,P.Lindsay,RB,DEN,LAC,0,0,0.0,0,0.0,0.0,0.0,15,114.0,1,4,4,33.0,0,20.7,24.7,,,68.0,190.0,25.2770625,1.0,Colorado,2018.0,2018.0,,,,0.21052632
2019,6,00-0034109,P.Lindsay,RB,DEN,TEN,0,0,0.0,0,0.0,0.0,0.0,15,70.0,1,3,2,5.0,0,13.5,15.5,,,68.0,190.0,25.2770625,1.0,Colorado,2018.0,2018.0,,,16.0,0.115384616
2019,7,00-0034109,P.Lindsay,RB,DEN,KC,0,0,0.0,0,0.0,0.0,0.0,11,36.0,0,1,1,-4.0,0,3.2,4.2,,,68.0,190.0,25.2770625,1.0,Colorado,2018.0,2018.0,,,-24.0,0.030303031
2019,8,00-0034109,P.Lindsay,RB,DEN,IND,0,0,0.0,0,0.0,0.0,0.0,14,59.0,0,5,5,17.0,0,7.6,12.6,,,68.0,190.0,25.2770625,1.0,Colorado,2018.0,2018.0,,,,0.1724138
2019,9,00-0034109,P.Lindsay,RB,DEN,CLE,0,0,0.0,0,0.0,0.0,0.0,9,92.0,1,0,0,0.0,0,15.2,15.2,,,68.0,190.0,25.2770625,1.0,Colorado,2018.0,2018.0,,,5.0,
2019,11,00-0034109,P.Lindsay,RB,DEN,MIN,0,0,0.0,0,0.0,0.0,0.0,16,67.0,0,2,2,8.0,0,7.5,9.5,,,68.0,190.0,25.2770625,1.0,Colorado,2018.0,2018.0,,,,0.055555556
2019,12,00-0034109,P.Lindsay,RB,DEN,BUF,0,0,0.0,0,0.0,0.0,0.0,13,57.0,0,3,1,11.0,0,6.8,7.8,,,68.0,190.0,25.2770625,1.0,Colorado,2018.0,2018.0,,,,0.125
2019,13,00-0034109,P.Lindsay,RB,DEN,LAC,0,0,0.0,0,0.0,0.0,0.0,17,58.0,0,3,3,4.0,0,6.2,9.2,,,68.0,190.0,25.2770625,1.0,Colorado,2018.0,2018.0,,,3.0,0.115384616
2019,14,00-0034109,P.Lindsay,RB,DEN,HOU,0,0,0.0,0,0.0,0.0,0.0,16,51.0,1,2,2,4.0,0,11.5,13.5,,,68.0,190.0,25.2770625,1.0,Colorado,2018.0,2018.0,,,,0.074074075
2019,15,00-0034109,P.Lindsay,RB,DEN,KC,0,0,0.0,0,0.0,0.0,0.0,7,32.0,0,2,0,0.0,0,3.2,3.2,,,68.0,190.0,25.2770625,1.0,Colorado,2018.0,2018.0,,,,0.05
2019,16,00-0034109,P.Lindsay,RB,DEN,DET,0,0,0.0,0,0.0,0.0,0.0,19,109.0,1,3,2,9.0,0,17.8,19.8,,,68.0,190.0,25.2770625,1.0,Colorado,2018.0,2018.0,,,10.0,0.0882353
2019,17,00-0034109,P.Lindsay,RB,DEN,LV,0,0,0.0,0,0.0,0.0,0.0,18,53.0,0,1,0,0.0,0,5.3,5.3,,,68.0,190.0,25.2770625,1.0,Colorado,2018.0,2018.0,,,1.0,0.03846154
2019,2,00-0034115,J.Wilson,RB,SF,CIN,0,0,0.0,0,0.0,0.0,0.0,10,34.0,2,0,0,0.0,0,15.4,15.4,,,72.0,194.0,24.003210526315787,1.0,North Texas,2018.0,2018.0,,,,
2019,3,00-0034115,J.Wilson,RB,SF,PIT,0,0,0.0,0,0.0,0.0,0.0,8,18.0,2,1,0,0.0,0,13.8,13.8,,,72.0,194.0,24.003210526315787,1.0,North Texas,2018.0,2018.0,,,4.0,0.032258064
2019,7,00-0034115,J.Wilson,RB,SF,WAS,0,0,0.0,0,0.0,0.0,0.0,5,20.0,0,0,0,0.0,0,2.0,2.0,,,72.0,194.0,24.003210526315787,1.0,North Texas,2018.0,2018.0,,,,
2019,8,00-0034115,J.Wilson,RB,SF,CAR,0,0,0.0,0,0.0,0.0,0.0,2,6.0,0,0,0,0.0,0,0.6,0.6,,,72.0,194.0,24.003210526315787,1.0,North Texas,2018.0,2018.0,,,38.0,
2019,9,00-0034115,J.Wilson,RB,SF,ARI,0,0,0.0,0,0.0,0.0,0.0,0,0.0,0,1,1,2.0,0,0.2,1.2,,,72.0,194.0,24.003210526315787,1.0,North Texas,2018.0,2018.0,,,,0.027027028
2019,11,00-0034115,J.Wilson,RB,SF,ARI,0,0,0.0,0,0.0,0.0,0.0,0,0.0,0,1,1,25.0,1,8.5,9.5,,,72.0,194.0,24.003210526315787,1.0,North Texas,2018.0,2018.0,,,10.0,0.022727273
2019,12,00-0034115,J.Wilson,RB,SF,GB,0,0,0.0,0,0.0,0.0,0.0,2,27.0,0,1,0,0.0,0,2.7,2.7,,,72.0,194.0,24.003210526315787,1.0,North Texas,2018.0,2018.0,,,29.0,0.05263158
2019,13,00-0034115,J.Wilson,RB,SF,BAL,0,0,0.0,0,0.0,0.0,0.0,0,0.0,0,1,1,7.0,0,0.7,1.7,,,72.0,194.0,24.003210526315787,1.0,North Texas,2018.0,2018.0,,,,0.04761905
2019,21,00-0034115,J.Wilson,RB,SF,KC,0,0,0.0,0,0.0,0.0,0.0,0,0.0,0,1,1,20.0,0,2.0,3.0,,,72.0,194.0,24.003210526315787,1.0,North Texas,2018.0,2018.0,,,,0.032258064
2019,10,00-0034132,C.Blake,WR,ATL,NO,0,0,0.0,0,0.0,0.0,0.0,0,0.0,0,2,2,15.0,0,1.5,3.5,,,73.0,181.0,23.4025625,1.0,Northern Illinois,2018.0,2018.0,,,,0.0625
2019,11,00-0034132,C.Blake,WR,ATL,CAR,0,0,0.0,0,0.0,0.0,0.0,0,0.0,0,1,1,3.0,0,0.3,1.3,,,73.0,181.0,23.4025625,1.0,Northern Illinois,2018.0,2018.0,,,,0.032258064
2019,12,00-0034132,C.Blake,WR,ATL,TB,0,0,0.0,0,0.0,0.0,0.0,0,0.0,0,9,2,16.0,0,1.6,3.6,,,73.0,181.0,23.4025625,1.0,Northern Illinois,2018.0,2018.0,,,-13.0,0.16981132
2019,13,00-0034132,C.Blake,WR,ATL,NO,0,0,0.0,0,0.0,0.0,0.0,0,0.0,0,9,6,57.0,0,5.7,11.7,,,73.0,181.0,23.4025625,1.0,Northern Illinois,2018.0,2018.0,,,-8.0,0.19148937
2019,15,00-0034132,C.Blake,WR,ATL,SF,0,0,0.0,0,0.0,0.0,0.0,0,0.0,0,1,0,0.0,0,0.0,0.0,,,73.0,181.0,23.4025625,1.0,Northern Illinois,2018.0,2018.0,,,,0.025641026
2019,17,00-0034132,C.Blake,WR,ATL,TB,0,0,0.0,0,0.0,0.0,0.0,0,0.0,0,2,0,0.0,0,0.0,0.0,,,73.0,181.0,23.4025625,1.0,Northern Illinois,2018.0,2018.0,,,,0.041666668
2019,1,00-0034159,W.Dissly,TE,SEA,CIN,0,0,0.0,0,0.0,0.0,0.0,0,0.0,0,2,1,12.0,0,1.2,2.2,,,76.0,265.0,23.339,1.0,Washington,2018.0,2018.0,SEA,120.0,1.0,0.10526316
2019,2,00-0034159,W.Dissly,TE,SEA,PIT,0,0,0.0,0,0.0,0.0,0.0,0,0.0,0,5,5,50.0,2,17.0,22.0,,,76.0,265.0,23.339,1.0,Washington,2018.0,2018.0,SEA,120.0,,0.14285715
2019,3,00-0034159,W.Dissly,TE,SEA,NO,0,0,0.0,0,0.0,0.0,0.0,0,0.0,0,7,6,62.0,1,12.2,18.2,,,76.0,265.0,23.339,1.0,Washington,2018.0,2018.0,SEA,120.0,-6.0,0.1521739
2019,4,00-0034159,W.Dissly,TE,SEA,ARI,0,0,0.0,0,0.0,0.0,0.0,0,0.0,0,8,7,57.0,1,11.7,18.7,,,76.0,265.0,23.339,1.0,Washington,2018.0,2018.0,SEA,120.0,,0.2962963
2019,5,00-0034159,W.Dissly,TE,SEA,LA,0,0,0.0,0,0.0,0.0,0.0,1,7.0,0,4,4,81.0,0,8.8,12.8,,,76.0,265.0,23.339,1.0,Washington,2018.0,2018.0,SEA,120.0,1.0,0.18181819
2019,6,00-0034159,W.Dissly,TE,SEA,CLE,0,0,0.0,0,0.0,0.0,0.0,0,0.0,0,1,0,0.0,0,0.0,0.0,,,76.0,265.0,23.339,1.0,Washington,2018.0,2018.0,SEA,120.0,,0.03125
2019,7,00-0034177,T.Boyle,QB,GB,LV,0,0,0.0,0,0.0,0.0,0.0,3,-3.0,0,0,0,0.0,0,-0.3,-0.3,,,76.0,233.0,25.103833333333334,1.0,Eastern Kentucky,2018.0,2018.0,,,18.0,
2019,12,00-0034177,T.Boyle,QB,GB,SF,3,4,15.0,0,0.0,0.0,-0.0,0,0.0,0,0,0,0.0,0,0.6,0.6,,,76.0,233.0,25.103833333333334,1.0,Eastern Kentucky,2018.0,2018.0,,,,
2019,13,00-0034177,T.Boyle,QB,GB,NYG,0,0,0.0,0,0.0,0.0,0.0,2,-4.0,0,0,0,0.0,0,-0.4,-0.4,,,76.0,233.0,25.103833333333334,1.0,Eastern Kentucky,2018.0,2018.0,,,,
2019,1,00-0034184,G.Edwards,RB,BAL,MIA,0,0,0.0,0,0.0,0.0,0.0,17,56.0,0,0,0,0.0,0,5.6,5.6,,,73.0,238.0,24.570470588235292,1.0,Rutgers,2018.0,2018.0,,,,
2019,2,00-0034184,G.Edwards,RB,BAL,ARI,0,0,0.0,0,0.0,0.0,0.0,3,11.0,0,0,0,0.0,0,1.1,1.1,,,73.0,238.0,24.570470588235292,1.0,Rutgers,2018.0,2018.0,,,6.0,
2019,3,00-0034184,G.Edwards,RB,BAL,KC,0,0,0.0,0,0.0,0.0,0.0,7,53.0,0,2,2,15.0,0,6.8,8.8,,,73.0,238.0,24.570470588235292,1.0,Rutgers,2018.0,2018.0,,,,0.046511628
2019,4,00-0034184,G.Edwards,RB,BAL,CLE,0,0,0.0,0,0.0,0.0,0.0,6,28.0,0,1,1,8.0,0,3.6,4.6,,,73.0,238.0,24.570470588235292,1.0,Rutgers,2018.0,2018.0,,,-15.0,0.030303031
2019,5,00-0034184,G.Edwards,RB,BAL,PIT,0,0,0.0,0,0.0,0.0,0.0,5,17.0,0,1,1,6.0,0,2.3,3.3,,,73.0,238.0,24.570470588235292,1.0,Rutgers,2018.0,2018.0,,,,0.035714287
2019,6,00-0034184,G.Edwards,RB,BAL,CIN,0,0,0.0,0,0.0,0.0,0.0,6,34.0,0,0,0,0.0,0,3.4,3.4,,,73.0,238.0,24.570470588235292,1.0,Rutgers,2018.0,2018.0,,,6.0,
2019,7,00-0034184,G.Edwards,RB,BAL,SEA,0,0,0.0,0,0.0,0.0,0.0,8,35.0,0,0,0,0.0,0,3.5,3.5,,,73.0,238.0,24.570470588235292,1.0,Rutgers,2018.0,2018.0,,,,
2019,9,00-0034184,G.Edwards,RB,BAL,NE,0,0,0.0,0,0.0,0.0,0.0,7,27.0,1,0,0,0.0,0,8.7,8.7,,,73.0,238.0,24.570470588235292,1.0,Rutgers,2018.0,2018.0,,,17.0,
2019,10,00-0034184,G.Edwards,RB,BAL,CIN,0,0,0.0,0,0.0,0.0,0.0,4,17.0,0,0,0,0.0,0,1.7,1.7,,,73.0,238.0,24.570470588235292,1.0,Rutgers,2018.0,2018.0,,,,
2019,11,00-0034184,G.Edwards,RB,BAL,HOU,0,0,0.0,0,0.0,0.0,0.0,8,112.0,1,0,0,0.0,0,17.2,17.2,,,73.0,238.0,24.570470588235292,1.0,Rutgers,2018.0,2018.0,,,34.0,
2019,12,00-0034184,G.Edwards,RB,BAL,LA,0,0,0.0,0,0.0,0.0,0.0,14,55.0,0,0,0,0.0,0,5.5,5.5,,,73.0,238.0,24.570470588235292,1.0,Rutgers,2018.0,2018.0,,,,
2019,13,00-0034184,G.Edwards,RB,BAL,SF,0,0,0.0,0,0.0,0.0,0.0,6,15.0,0,1,1,7.0,0,2.2,3.2,,,73.0,238.0,24.570470588235292,1.0,Rutgers,2018.0,2018.0,,,3.0,0.04347826
2019,14,00-0034184,G.Edwards,RB,BAL,BUF,0,0,0.0,0,0.0,0.0,0.0,4,20.0,0,0,0,0.0,0,2.0,2.0,,,73.0,238.0,24.570470588235292,1.0,Rutgers,2018.0,2018.0,,,,
2019,15,00-0034184,G.Edwards,RB,BAL,NYJ,0,0,0.0,0,0.0,0.0,0.0,5,35.0,0,0,0,0.0,0,3.5,3.5,,,73.0,238.0,24.570470588235292,1.0,Rutgers,2018.0,2018.0,,,21.0,
2019,16,00-0034184,G.Edwards,RB,BAL,CLE,0,0,0.0,0,0.0,0.0,0.0,12,66.0,0,1,1,7.0,0,7.3,8.3,,,73.0,238.0,24.570470588235292,1.0,Rutgers,2018.0,2018.0,,,,0.033333335
2019,17,00-0034184,G.Edwards,RB,BAL,PIT,0,0,0.0,0,0.0,0.0,0.0,21,130.0,0,1,1,2.0,0,11.2,12.2,,,73.0,238.0,24.570470588235292,1.0,Rutgers,2018.0,2018.0,,,18.0,0.05
2019,19,00-0034184,G.Edwards,RB,BAL,TEN,0,0,0.0,0,0.0,0.0,0.0,3,20.0,0,0,0,0.0,0,2.0,2.0,,,73.0,238.0,24.570470588235292,1.0,Rutgers,2018.0,2018.0,,,-16.0,
2019,16,00-0034201,D.Turner,RB,MIA,CIN,0,0,0.0,0,0.0,0.0,0.0,4,6.0,0,0,0,0.0,0,0.6,0.6,,,71.0,214.0,24.19825,1.0,Alcorn State,2018.0,2018.0,,,3.0,
2019,7,00-0034203,D.Williams,CB,LA,ATL,0,0,0.0,0,0.0,0.0,0.0,0,0.0,0,0,0,0.0,0,6.0,6.0,,,69.0,187.0,26.6360625,1.0,Alabama-Birmingham,2018.0,2018.0,,,,
2019,3,00-0034208,M.Boone,RB,MIN,LV,0,0,0.0,0,0.0,0.0,0.0,3,28.0,0,0,0,0.0,0,2.8,2.8,,,70.0,205.0,24.279611111111112,1.0,Cincinnati,2018.0,2018.0,,,20.0,
2019,14,00-0034208,M.Boone,RB,MIN,DET,0,0,0.0,0,0.0,0.0,0.0,5,13.0,0,0,0,0.0,0,1.3,1.3,,,70.0,205.0,24.279611111111112,1.0,Cincinnati,2018.0,2018.0,,,13.0,
2019,15,00-0034208,M.Boone,RB,MIN,LAC,0,0,0.0,0,0.0,0.0,0.0,13,56.0,2,0,0,0.0,0,17.6,17.6,,,70.0,205.0,24.279611111111112,1.0,Cincinnati,2018.0,2018.0,,,,
2019,16,00-0034208,M.Boone,RB,MIN,GB,0,0,0.0,0,0.0,0.0,0.0,11,28.0,0,1,1,5.0,0,3.3,4.3,,,70.0,205.0,24.279611111111112,1.0,Cincinnati,2018.0,2018.0,,,-13.0,0.033333335
2019,17,00-0034208,M.Boone,RB,MIN,CHI,0,0,0.0,0,0.0,0.0,0.0,17,148.0,1,3,2,12.0,0,22.0,24.0,,,70.0,205.0,24.279611111111112,1.0,Cincinnati,2018.0,2018.0,,,-2.0,0.15
2019,1,00-0034253,D.Hilliard,RB,CLE,TEN,0,0,0.0,0,0.0,0.0,0.0,1,4.0,1,2,1,14.0,0,7.8,8.8,,,71.0,202.0,24.6866875,1.0,Tulane,2018.0,2018.0,,,-30.0,0.05263158
2019,4,00-0034253,D.Hilliard,RB,CLE,BAL,0,0,0.0,0,0.0,0.0,0.0,6,27.0,1,3,2,27.0,0,11.4,13.4,,,71.0,202.0,24.6866875,1.0,Tulane,2018.0,2018.0,,,,0.09677419
2019,6,00-0034253,D.Hilliard,RB,CLE,SEA,0,0,0.0,0,0.0,0.0,0.0,0,0.0,0,3,2,17.0,0,1.7,3.7,,,71.0,202.0,24.6866875,1.0,Tulane,2018.0,2018.0,,,-4.0,0.083333336
2019,8,00-0034253,D.Hilliard,RB,CLE,NE,0,0,0.0,0,0.0,0.0,0.0,1,10.0,0,4,4,24.0,0,3.4,7.4,,,71.0,202.0,24.6866875,1.0,Tulane,2018.0,2018.0,,,,0.13333334
2019,9,00-0034253,D.Hilliard,RB,CLE,DEN,0,0,0.0,0,0.0,0.0,0.0,5,8.0,0,2,2,6.0,0,1.4,3.4,,,71.0,202.0,24.6866875,1.0,Tulane,2018.0,2018.0,,,,0.05
2019,16,00-0034253,D.Hilliard,RB,CLE,BAL,0,0,0.0,0,0.0,0.0,0.0,0,0.0,0,1,1,4.0,0,0.4,1.4,,,71.0,202.0,24.6866875,1.0,Tulane,2018.0,2018.0,,,-16.0,0.03125
2019,13,00-0034256,D.Scott,WR,NYG,GB,0,0,0.0,0,0.0,0.0,0.0,0,0.0,0,2,1,11.0,0,1.1,2.1,,,72.0,205.0,24.235625,1.0,Fresno State,2018.0,2018.0,,,-18.0,0.055555556
2019,16,00-0034256,D.Scott,WR,NYG,WAS,0,0,0.0,0,0.0,0.0,0.0,1,5.0,0,1,1,11.0,0,1.6,2.6,,,72.0,205.0,24.235625,1.0,Fresno State,2018.0,2018.0,,,,0.025641026
2019,17,00-0034267,J.Scott,WR,BAL,PIT,0,0,0.0,0,0.0,0.0,0.0,0,0.0,0,3,1,6.0,0,0.6,1.6,,,77.0,210.0,24.70464705882353,1.0,New Mexico State,2018.0,2018.0,BAL,132.0,18.0,0.15
2019,10,00-0034270,T.Conklin,TE,MIN,DAL,0,0,0.0,0,0.0,0.0,0.0,0,0.0,0,1,0,0.0,0,0.0,0.0,,,75.0,254.0,24.279611111111112,1.0,Central Michigan,2018.0,2018.0,MIN,157.0,,0.032258064
2019,11,00-0034270,T.Conklin,TE,MIN,DEN,0,0,0.0,0,0.0,0.0,0.0,0,0.0,0,3,2,28.0,0,2.8,4.8,,,75.0,254.0,24.279611111111112,1.0,Central Michigan,2018.0,2018.0,MIN,157.0,4.0,0.08571429
2019,13,00-0034270,T.Conklin,TE,MIN,SEA,0,0,0.0,0,0.0,0.0,0.0,0,0.0,0,2,2,8.0,0,0.8,2.8,,,75.0,254.0,24.279611111111112,1.0,Central Michigan,2018.0,2018.0,MIN,157.0,,0.055555556
2019,14,00-0034270,T.Conklin,TE,MIN,DET,0,0,0.0,0,0.0,0.0,0.0,0,0.0,0,3,3,13.0,0,1.3,4.3,,,75.0,254.0,24.279611111111112,1.0,Central Michigan,2018.0,2018.0,MIN,157.0,13.0,0.10344828
2019,17,00-0034270,T.Conklin,TE,MIN,CHI,0,0,0.0,0,0.0,0.0,0.0,0,0.0,0,1,1,9.0,0,0.9,1.9,,,75.0,254.0,24.279611111111112,1.0,Central Michigan,2018.0,2018.0,MIN,157.0,-2.0,0.05
2019,18,00-0034270,T.Conklin,TE,MIN,NO,0,0,0.0,0,0.0,0.0,0.0,0,0.0,0,1,0,0.0,0,0.0,0.0,,,75.0,254.0,24.279611111111112,1.0,Central Michigan,2018.0,2018.0,MIN,157.0,,0.032258064
2019,19,00-0034270,T.Conklin,TE,MIN,SF,0,0,0.0,0,0.0,0.0,0.0,0,0.0,0,1,1,5.0,0,0.5,1.5,,,75.0,254.0,24.279611111111112,1.0,Central Michigan,2018.0,2018.0,MIN,157.0,,0.03448276
2019,1,00-0034272,M.Valdes-Scantling,WR,GB,CHI,0,0,0.0,0,0.0,0.0,0.0,1,0.0,0,6,4,52.0,0,5.2,9.2,,,76.0,207.0,25.084666666666667,1.0,South Florida,2018.0,2018.0,GB,174.0,,0.22222222
2019,2,00-0034272,M.Valdes-Scantling,WR,GB,MIN,0,0,0.0,0,0.0,0.0,0.0,0,0.0,0,5,3,19.0,0,1.9,4.9,,,76.0,207.0,25.084666666666667,1.0,South Florida,2018.0,2018.0,GB,174.0,5.0,0.16129032
2019,3,00-0034272,M.Valdes-Scantling,WR,GB,DEN,0,0,0.0,0,0.0,0.0,0.0,0,0.0,0,10,6,99.0,1,15.9,21.9,,,76.0,207.0,25.084666666666667,1.0,South Florida,2018.0,2018.0,GB,174.0,11.0,0.37037036
2019,4,00-0034272,M.Valdes-Scantling,WR,GB,PHI,0,0,0.0,0,0.0,0.0,0.0,0,0.0,0,7,3,47.0,0,4.7,7.7,,,76.0,207.0,25.084666666666667,1.0,South Florida,2018.0,2018.0,GB,174.0,-7.0,0.14285715
2019,5,00-0034272,M.Valdes-Scantling,WR,GB,DAL,0,0,0.0,0,0.0,0.0,0.0,0,0.0,0,4,1,18.0,0,1.8,2.8,,,76.0,207.0,25.084666666666667,1.0,South Florida,2018.0,2018.0,GB,174.0,,0.12903225
2019,6,00-0034272,M.Valdes-Scantling,WR,GB,DET,0,0,0.0,0,0.0,0.0,0.0,1,9.0,0,2,2,48.0,0,5.7,7.7,,,76.0,207.0,25.084666666666667,1.0,South Florida,2018.0,2018.0,GB,174.0,1.0,0.05263158
2019,7,00-0034272,M.Valdes-Scantling,WR,GB,LV,0,0,0.0,0,0.0,0.0,0.0,0,0.0,0,3,2,133.0,1,19.3,21.3,,,76.0,207.0,25.084666666666667,1.0,South Florida,2018.0,2018.0,GB,174.0,18.0,0.10344828
2019,8,00-0034272,M.Valdes-Scantling,WR,GB,KC,0,0,0.0,0,0.0,0.0,0.0,0,0.0,0,2,1,4.0,0,0.4,1.4,,,76.0,207.0,25.084666666666667,1.0,South Florida,2018.0,2018.0,GB,174.0,,0.06451613
2019,9,00-0034272,M.Valdes-Scantling,WR,GB,LAC,0,0,0.0,0,0.0,0.0,0.0,0,0.0,0,2,0,0.0,0,0.0,0.0,,,76.0,207.0,25.084666666666667,1.0,South Florida,2018.0,2018.0,GB,174.0,,0.05882353
2019,10,00-0034272,M.Valdes-Scantling,WR,GB,CAR,0,0,0.0,0,0.0,0.0,0.0,0,0.0,0,1,0,0.0,0,0.0,0.0,,,76.0,207.0,25.084666666666667,1.0,South Florida,2018.0,2018.0,GB,174.0,8.0,0.037037037
2019,12,00-0034272,M.Valdes-Scantling,WR,GB,SF,0,0,0.0,0,0.0,0.0,0.0,0,0.0,0,3,1,7.0,0,0.7,1.7,,,76.0,207.0,25.084666666666667,1.0,South Florida,2018.0,2018.0,GB,174.0,,0.083333336
2019,13,00-0034272,M.Valdes-Scantling,WR,GB,NYG,0,0,0.0,0,0.0,0.0,0.0,0,0.0,0,2,0,0.0,0,0.0,0.0,,,76.0,207.0,25.084666666666667,1.0,South Florida,2018.0,2018.0,GB,174.0,,0.060606062
2019,15,00-0034272,M.Valdes-Scantling,WR,GB,CHI,0,0,0.0,0,0.0,0.0,0.0,0,0.0,0,1,0,0.0,0,0.0,0.0,,,76.0,207.0,25.084666666666667,1.0,South Florida,2018.0,2018.0,GB,174.0,8.0,0.033333335
2019,16,00-0034272,M.Valdes-Scantling,WR,GB,MIN,0,0,0.0,0,0.0,0.0,0.0,0,0.0,0,1,1,6.0,0,0.6,1.6,,,76.0,207.0,25.084666666666667,1.0,South Florida,2018.0,2018.0,GB,174.0,,0.02631579
2019,17,00-0034272,M.Valdes-Scantling,WR,GB,DET,0,0,0.0,0,0.0,0.0,0.0,0,0.0,0,7,2,19.0,0,1.9,3.9,,,76.0,207.0,25.084666666666667,1.0,South Florida,2018.0,2018.0,GB,174.0,,0.12962963
2019,19,00-0034272,M.Valdes-Scantling,WR,GB,SEA,0,0,0.0,0,0.0,0.0,0.0,0,0.0,0,1,1,8.0,0,0.8,1.8,,,76.0,207.0,25.084666666666667,1.0,South Florida,2018.0,2018.0,GB,174.0,5.0,0.045454547
2019,1,00-0034273,D.Ratley,WR,CLE,TEN,0,0,0.0,0,0.0,0.0,0.0,0,0.0,0,2,2,17.0,0,1.7,3.7,,,74.0,200.0,24.552374999999998,1.0,Texas A&amp;M,2018.0,2018.0,CLE,175.0,-30.0,0.05263158
2019,2,00-0034273,D.Ratley,WR,CLE,NYJ,0,0,0.0,0,0.0,0.0,0.0,0,0.0,0,3,2,50.0,0,5.0,7.0,,,74.0,200.0,24.552374999999998,1.0,Texas A&amp;M,2018.0,2018.0,CLE,175.0,,0.09375
2019,3,00-0034273,D.Ratley,WR,CLE,LA,0,0,0.0,0,0.0,0.0,0.0,0,0.0,0,5,3,26.0,0,2.6,5.6,,,74.0,200.0,24.552374999999998,1.0,Texas A&amp;M,2018.0,2018.0,CLE,175.0,-7.0,0.14705883
2019,4,00-0034273,D.Ratley,WR,CLE,BAL,0,0,0.0,0,0.0,0.0,0.0,0,0.0,0,3,1,10.0,0,1.0,2.0,,,74.0,200.0,24.552374999999998,1.0,Texas A&amp;M,2018.0,2018.0,CLE,175.0,,0.09677419
2019,5,00-0034273,D.Ratley,WR,CLE,SF,0,0,0.0,0,0.0,0.0,0.0,0,0.0,0,2,0,0.0,0,0.0,0.0,,,74.0,200.0,24.552374999999998,1.0,Texas A&amp;M,2018.0,2018.0,CLE,175.0,,0.09090909
2019,14,00-0034273,D.Ratley,WR,CLE,CIN,0,0,0.0,0,0.0,0.0,0.0,0,0.0,0,1,0,0.0,0,0.0,0.0,,,74.0,200.0,24.552374999999998,1.0,Texas A&amp;M,2018.0,2018.0,CLE,175.0,8.0,0.045454547
2019,15,00-0034273,D.Ratley,WR,CLE,ARI,0,0,0.0,0,0.0,0.0,0.0,0,0.0,0,2,2,33.0,0,3.3,5.3,,,74.0,200.0,24.552374999999998,1.0,Texas A&amp;M,2018.0,2018.0,CLE,175.0,,0.046511628
2019,16,00-0034273,D.Ratley,WR,CLE,BAL,0,0,0.0,0,0.0,0.0,0.0,0,0.0,0,3,0,0.0,0,0.0,0.0,,,74.0,200.0,24.552374999999998,1.0,Texas A&amp;M,2018.0,2018.0,CLE,175.0,-16.0,0.09375
2019,17,00-0034273,D.Ratley,WR,CLE,CIN,0,0,0.0,0,0.0,0.0,0.0,0,0.0,0,3,2,64.0,1,12.4,14.4,,,74.0,200.0,24.552374999999998,1.0,Texas A&amp;M,2018.0,2018.0,CLE,175.0,,0.125
2019,1,00-0034286,R.James,WR,SF,TB,0,0,0.0,0,0.0,0.0,0.0,0,0.0,0,2,1,39.0,1,9.9,10.9,,,69.0,185.0,24.200368421052634,1.0,Middle Tennessee,2018.0,2018.0,SF,240.0,,0.074074075
2019,2,00-0034286,R.James,WR,SF,CIN,0,0,0.0,0,0.0,0.0,0.0,0,0.0,0,4,1,7.0,0,0.7,1.7,,,69.0,185.0,24.200368421052634,1.0,Middle Tennessee,2018.0,2018.0,SF,240.0,,0.15384616
2019,3,00-0034286,R.James,WR,SF,PIT,0,0,0.0,0,0.0,0.0,0.0,0,0.0,0,2,2,22.0,0,2.2,4.2,,,69.0,185.0,24.200368421052634,1.0,Middle Tennessee,2018.0,2018.0,SF,240.0,4.0,0.06451613
2019,7,00-0034286,R.James,WR,SF,WAS,0,0,0.0,0,0.0,0.0,0.0,0,0.0,0,1,1,40.0,0,4.0,5.0,,,69.0,185.0,24.200368421052634,1.0,Middle Tennessee,2018.0,2018.0,SF,240.0,,0.05
2019,11,00-0034286,R.James,WR,SF,ARI,0,0,0.0,0,0.0,0.0,0.0,0,0.0,0,1,1,57.0,0,5.7,6.7,,,69.0,185.0,24.200368421052634,1.0,Middle Tennessee,2018.0,2018.0,SF,240.0,10.0,0.022727273
2019,12,00-0034286,R.James,WR,SF,GB,0,0,0.0,0,0.0,0.0,0.0,1,0.0,0,0,0,0.0,0,0.0,0.0,,,69.0,185.0,24.200368421052634,1.0,Middle Tennessee,2018.0,2018.0,SF,240.0,29.0,
2019,14,00-0034286,R.James,WR,SF,NO,0,0,0.0,0,0.0,0.0,0.0,1,-1.0,0,0,0,0.0,0,-0.1,-0.1,,,69.0,185.0,24.200368421052634,1.0,Middle Tennessee,2018.0,2018.0,SF,240.0,,
2019,3,00-0034297,B.Pringle,WR,KC,BAL,0,0,0.0,0,0.0,0.0,0.0,0,0.0,0,1,1,7.0,0,0.7,1.7,,,73.0,205.0,25.99115789473684,1.0,Kansas State,2018.0,2018.0,,,5.0,0.028571429
2019,4,00-0034297,B.Pringle,WR,KC,DET,0,0,0.0,0,0.0,0.0,0.0,0,0.0,0,1,1,13.0,0,1.3,2.3,,,73.0,205.0,25.99115789473684,1.0,Kansas State,2018.0,2018.0,,,,0.025641026
2019,5,00-0034297,B.Pringle,WR,KC,IND,0,0,0.0,0,0.0,0.0,0.0,0,0.0,0,8,6,103.0,1,16.3,22.3,,,73.0,205.0,25.99115789473684,1.0,Kansas State,2018.0,2018.0,,,-6.0,0.21621622
2019,6,00-0034297,B.Pringle,WR,KC,HOU,0,0,0.0,0,0.0,0.0,0.0,0,0.0,0,4,2,24.0,0,2.4,4.4,,,73.0,205.0,25.99115789473684,1.0,Kansas State,2018.0,2018.0,,,-7.0,0.114285715
2019,11,00-0034297,B.Pringle,WR,KC,LAC,0,0,0.0,0,0.0,0.0,0.0,0,0.0,0,1,1,9.0,0,0.9,1.9,,,73.0,205.0,25.99115789473684,1.0,Kansas State,2018.0,2018.0,,,,0.03125
2019,14,00-0034297,B.Pringle,WR,KC,NE,0,0,0.0,0,0.0,0.0,0.0,0,0.0,0,1,1,14.0,0,1.4,2.4,,,73.0,205.0,25.99115789473684,1.0,Kansas State,2018.0,2018.0,,,,0.025641026
2019,3,00-0034301,D.Williams,RB,KC,BAL,0,0,0.0,0,0.0,0.0,0.0,9,62.0,0,5,5,47.0,0,10.9,15.9,,,71.0,224.0,24.584052631578945,1.0,Louisiana State,2018.0,2018.0,,,5.0,0.14285715
2019,4,00-0034301,D.Williams,RB,KC,DET,0,0,0.0,0,0.0,0.0,0.0,8,13.0,2,4,3,43.0,0,15.6,18.6,,,71.0,224.0,24.584052631578945,1.0,Louisiana State,2018.0,2018.0,,,,0.102564104
2019,6,00-0034301,D.Williams,RB,KC,HOU,0,0,0.0,0,0.0,0.0,0.0,0,0.0,0,2,1,52.0,0,5.2,6.2,,,71.0,224.0,24.584052631578945,1.0,Louisiana State,2018.0,2018.0,,,-7.0,0.057142857
2019,7,00-0034301,D.Williams,RB,KC,DEN,0,0,0.0,0,0.0,0.0,0.0,2,1.0,0,2,2,5.0,0,0.6,2.6,,,71.0,224.0,24.584052631578945,1.0,Louisiana State,2018.0,2018.0,,,,0.06896552
2019,8,00-0034301,D.Williams,RB,KC,GB,0,0,0.0,0,0.0,0.0,0.0,2,10.0,0,0,0,0.0,0,1.0,1.0,,,71.0,224.0,24.584052631578945,1.0,Louisiana State,2018.0,2018.0,,,-7.0,
2019,9,00-0034301,D.Williams,RB,KC,MIN,0,0,0.0,0,0.0,0.0,0.0,1,1.0,0,0,0,0.0,0,0.1,0.1,,,71.0,224.0,24.584052631578945,1.0,Louisiana State,2018.0,2018.0,,,3.0,
2019,10,00-0034301,D.Williams,RB,KC,TEN,0,0,0.0,0,0.0,0.0,0.0,2,6.0,0,1,1,9.0,0,1.5,2.5,,,71.0,224.0,24.584052631578945,1.0,Louisiana State,2018.0,2018.0,,,,0.020408163
2019,11,00-0034301,D.Williams,RB,KC,LAC,0,0,0.0,0,0.0,0.0,0.0,11,35.0,1,3,2,8.0,0,10.3,12.3,,,71.0,224.0,24.584052631578945,1.0,Louisiana State,2018.0,2018.0,,,,0.09375
2019,13,00-0034301,D.Williams,RB,KC,LV,0,0,0.0,0,0.0,0.0,0.0,6,13.0,0,2,1,3.0,1,7.6,8.6,,,71.0,224.0,24.584052631578945,1.0,Louisiana State,2018.0,2018.0,,,31.0,0.074074075
2019,1,00-0034309,C.Beebe,WR,MIN,ATL,0,0,0.0,0,0.0,0.0,0.0,0,0.0,0,1,1,9.0,0,0.9,1.9,,,70.0,183.0,25.4405,1.0,Northern Illinois,2018.0,2018.0,,,16.0,0.11111111
2019,2,00-0034309,C.Beebe,WR,MIN,GB,0,0,0.0,0,0.0,0.0,0.0,0,0.0,0,1,1,61.0,0,6.1,7.1,,,70.0,183.0,25.4405,1.0,Northern Illinois,2018.0,2018.0,,,,0.037037037
2019,4,00-0034319,D.Yelder,TE,KC,DET,0,0,0.0,0,0.0,0.0,0.0,0,0.0,0,2,2,43.0,0,4.3,6.3,,,76.0,255.0,24.693578947368422,1.0,Western Kentucky,2018.0,2018.0,,,,0.051282052
2019,10,00-0034319,D.Yelder,TE,KC,TEN,0,0,0.0,0,0.0,0.0,0.0,0,0.0,0,1,1,7.0,0,0.7,1.7,,,76.0,255.0,24.693578947368422,1.0,Western Kentucky,2018.0,2018.0,,,,0.020408163
2019,11,00-0034319,D.Yelder,TE,KC,LAC,0,0,0.0,0,0.0,0.0,0.0,0,0.0,0,1,0,0.0,0,0.0,0.0,,,76.0,255.0,24.693578947368422,1.0,Western Kentucky,2018.0,2018.0,,,,0.03125
2019,19,00-0034319,D.Yelder,TE,KC,HOU,0,0,0.0,0,0.0,0.0,0.0,0,0.0,0,1,1,11.0,0,1.1,2.1,,,76.0,255.0,24.693578947368422,1.0,Western Kentucky,2018.0,2018.0,,,20.0,0.028571429
2019,1,00-0034331,J.Samuels,RB,PIT,NE,0,0,0.0,0,0.0,0.0,0.0,2,4.0,0,2,1,2.0,0,0.6,1.6,,,72.0,225.0,23.2903125,1.0,North Carolina State,2018.0,2018.0,PIT,165.0,,0.04255319
2019,2,00-0034331,J.Samuels,RB,PIT,SEA,0,0,0.0,0,0.0,0.0,0.0,3,18.0,0,1,1,13.0,0,3.1,4.1,,,72.0,225.0,23.2903125,1.0,North Carolina State,2018.0,2018.0,PIT,165.0,-2.0,0.029411765
2019,4,00-0034331,J.Samuels,RB,PIT,CIN,3,3,31.0,0,0.0,0.0,-0.0,10,26.0,1,8,8,57.0,0,15.54,23.54,,,72.0,225.0,23.2903125,1.0,North Carolina State,2018.0,2018.0,PIT,165.0,24.0,0.26666668
2019,5,00-0034331,J.Samuels,RB,PIT,BAL,1,2,4.0,0,1.0,0.0,-0.0,3,2.0,0,4,3,11.0,0,-0.54,2.46,,,72.0,225.0,23.2903125,1.0,North Carolina State,2018.0,2018.0,PIT,165.0,-3.0,0.13333334
2019,9,00-0034331,J.Samuels,RB,PIT,IND,0,0,0.0,0,0.0,0.0,0.0,8,10.0,0,13,13,73.0,0,6.3,19.3,,,72.0,225.0,23.2903125,1.0,North Carolina State,2018.0,2018.0,PIT,165.0,2.0,0.38235295
2019,10,00-0034331,J.Samuels,RB,PIT,LA,0,0,0.0,0,0.0,0.0,0.0,14,29.0,0,7,3,11.0,0,4.0,7.0,,,72.0,225.0,23.2903125,1.0,North Carolina State,2018.0,2018.0,PIT,165.0,5.0,0.19444445
2019,11,00-0034331,J.Samuels,RB,PIT,CLE,0,0,0.0,0,0.0,0.0,0.0,5,26.0,0,6,5,19.0,1,10.5,15.5,,,72.0,225.0,23.2903125,1.0,North Carolina State,2018.0,2018.0,PIT,165.0,,0.13953489
2019,12,00-0034331,J.Samuels,RB,PIT,CIN,0,0,0.0,0,0.0,0.0,0.0,2,6.0,0,3,3,26.0,0,3.2,6.2,,,72.0,225.0,23.2903125,1.0,North Carolina State,2018.0,2018.0,PIT,165.0,,0.13636364
2019,13,00-0034331,J.Samuels,RB,PIT,CLE,0,0,0.0,0,0.0,0.0,0.0,7,32.0,0,2,2,22.0,0,5.4,7.4,,,72.0,225.0,23.2903125,1.0,North Carolina State,2018.0,2018.0,PIT,165.0,7.0,0.11111111
2019,14,00-0034331,J.Samuels,RB,PIT,ARI,0,0,0.0,0,0.0,0.0,0.0,7,16.0,0,2,2,18.0,0,3.4,5.4,,,72.0,225.0,23.2903125,1.0,North Carolina State,2018.0,2018.0,PIT,165.0,,0.11111111
2019,15,00-0034331,J.Samuels,RB,PIT,BUF,0,0,0.0,0,0.0,0.0,0.0,2,-1.0,0,1,1,5.0,0,0.4,1.4,,,72.0,225.0,23.2903125,1.0,North Carolina State,2018.0,2018.0,PIT,165.0,-7.0,0.027777778
2019,16,00-0034331,J.Samuels,RB,PIT,NYJ,0,0,0.0,0,0.0,0.0,0.0,3,7.0,0,6,4,32.0,0,3.9,7.9,,,72.0,225.0,23.2903125,1.0,North Carolina State,2018.0,2018.0,PIT,165.0,,0.16666667
2019,17,00-0034331,J.Samuels,RB,PIT,BAL,0,0,0.0,0,0.0,0.0,0.0,0,0.0,0,2,1,16.0,0,1.6,2.6,,,72.0,225.0,23.2903125,1.0,North Carolina State,2018.0,2018.0,PIT,165.0,,0.1
2019,1,00-0034339,T.Quinn,WR,WAS,PHI,0,0,0.0,0,0.0,0.0,0.0,0,0.0,0,6,4,33.0,1,9.3,13.3,,,72.0,202.0,23.9054375,1.0,Southern Methodist,2018.0,2018.0,WAS,256.0,,0.13953489
2019,2,00-0034339,T.Quinn,WR,WAS,DAL,0,0,0.0,0,0.0,0.0,0.0,0,0.0,0,7,4,36.0,0,3.6,7.6,,,72.0,202.0,23.9054375,1.0,Southern Methodist,2018.0,2018.0,WAS,256.0,-10.0,0.1891892
2019,3,00-0034339,T.Quinn,WR,WAS,CHI,0,0,0.0,0,0.0,0.0,0.0,0,0.0,0,7,5,30.0,0,3.0,8.0,,,72.0,202.0,23.9054375,1.0,Southern Methodist,2018.0,2018.0,WAS,256.0,-16.0,0.16666667
2019,4,00-0034339,T.Quinn,WR,WAS,NYG,0,0,0.0,0,0.0,0.0,0.0,0,0.0,0,4,2,10.0,0,1.0,3.0,,,72.0,202.0,23.9054375,1.0,Southern Methodist,2018.0,2018.0,WAS,256.0,,0.15384616
2019,5,00-0034339,T.Quinn,WR,WAS,NE,0,0,0.0,0,0.0,0.0,0.0,0,0.0,0,4,3,18.0,0,-0.2,2.8,,,72.0,202.0,23.9054375,1.0,Southern Methodist,2018.0,2018.0,WAS,256.0,-26.0,0.14814815
2019,6,00-0034339,T.Quinn,WR,WAS,MIA,0,0,0.0,0,0.0,0.0,0.0,0,0.0,0,4,2,8.0,0,0.8,2.8,,,72.0,202.0,23.9054375,1.0,Southern Methodist,2018.0,2018.0,WAS,256.0,,0.16666667
2019,7,00-0034339,T.Quinn,WR,WAS,SF,0,0,0.0,0,0.0,0.0,0.0,0,0.0,0,3,2,30.0,0,3.0,5.0,,,72.0,202.0,23.9054375,1.0,Southern Methodist,2018.0,2018.0,WAS,256.0,-9.0,0.25
2019,8,00-0034339,T.Quinn,WR,WAS,MIN,0,0,0.0,0,0.0,0.0,0.0,0,0.0,0,3,1,15.0,0,1.5,2.5,,,72.0,202.0,23.9054375,1.0,Southern Methodist,2018.0,2018.0,WAS,256.0,,0.14285715
2019,9,00-0034339,T.Quinn,WR,WAS,BUF,0,0,0.0,0,0.0,0.0,0.0,0,0.0,0,3,1,9.0,0,0.9,1.9,,,72.0,202.0,23.9054375,1.0,Southern Methodist,2018.0,2018.0,WAS,256.0,,0.13636364
2019,11,00-0034339,T.Quinn,WR,WAS,NYJ,0,0,0.0,0,0.0,0.0,0.0,0,0.0,0,4,2,9.0,0,2.9,4.9,,,72.0,202.0,23.9054375,1.0,Southern Methodist,2018.0,2018.0,WAS,256.0,-17.0,0.125
2019,12,00-0034339,T.Quinn,WR,WAS,DET,0,0,0.0,0,0.0,0.0,0.0,0,0.0,0,1,0,0.0,0,0.0,0.0,,,72.0,202.0,23.9054375,1.0,Southern Methodist,2018.0,2018.0,WAS,256.0,3.0,0.03448276
2019,13,00-0034339,T.Quinn,WR,WAS,CAR,0,0,0.0,0,0.0,0.0,0.0,0,0.0,0,1,0,0.0,0,0.0,0.0,,,72.0,202.0,23.9054375,1.0,Southern Methodist,2018.0,2018.0,WAS,256.0,,0.041666668
2019,11,00-0034342,Q.Nelson,G,IND,JAX,0,0,0.0,0,0.0,0.0,0.0,1,0.0,0,0,0,0.0,0,0.0,0.0,,,77.0,330.0,23.62825,1.0,Notre Dame,2018.0,2018.0,IND,6.0,20.0,
2019,1,00-0034343,J.Rosen,QB,MIA,BAL,1,3,5.0,0,1.0,1.0,6.0,0,0.0,0,0,0,0.0,0,-1.8,-1.8,,,76.0,226.0,22.731875,1.0,UCLA,2018.0,2018.0,ARI,10.0,-49.0,
2019,2,00-0034343,J.Rosen,QB,MIA,NE,7,18,97.0,0,1.0,3.0,21.0,0,0.0,0,0,0,0.0,0,1.88,1.88,,,76.0,226.0,22.731875,1.0,UCLA,2018.0,2018.0,ARI,10.0,-43.0,
2019,3,00-0034343,J.Rosen,QB,MIA,DAL,18,39,200.0,0,0.0,3.0,18.0,3,13.0,0,0,0,0.0,0,9.3,9.3,,,76.0,226.0,22.731875,1.0,UCLA,2018.0,2018.0,ARI,10.0,,
2019,4,00-0034343,J.Rosen,QB,MIA,LAC,17,24,180.0,1,1.0,4.0,18.0,0,0.0,0,0,0,0.0,0,9.2,9.2,,,76.0,226.0,22.731875,1.0,UCLA,2018.0,2018.0,ARI,10.0,-20.0,
2019,6,00-0034343,J.Rosen,QB,MIA,WAS,15,25,85.0,0,2.0,5.0,30.0,0,0.0,0,0,0,0.0,0,-0.6,-0.6,,,76.0,226.0,22.731875,1.0,UCLA,2018.0,2018.0,ARI,10.0,-1.0,
2019,1,00-0034348,C.Sutton,WR,DEN,LV,0,0,0.0,0,0.0,0.0,0.0,0,0.0,0,8,7,120.0,0,12.0,19.0,,,76.0,216.0,24.06425,1.0,Southern Methodist,2018.0,2018.0,DEN,40.0,,0.26666668
2019,2,00-0034348,C.Sutton,WR,DEN,CHI,0,0,0.0,0,0.0,0.0,0.0,0,0.0,0,7,4,40.0,0,4.0,8.0,,,76.0,216.0,24.06425,1.0,Southern Methodist,2018.0,2018.0,DEN,40.0,-2.0,0.14
2019,3,00-0034348,C.Sutton,WR,DEN,GB,0,0,0.0,0,0.0,0.0,0.0,0,0.0,0,7,5,87.0,0,8.7,13.7,,,76.0,216.0,24.06425,1.0,Southern Methodist,2018.0,2018.0,DEN,40.0,,0.25
2019,4,00-0034348,C.Sutton,WR,DEN,JAX,0,0,0.0,0,0.0,0.0,0.0,0,0.0,0,9,6,62.0,2,18.2,24.2,,,76.0,216.0,24.06425,1.0,Southern Methodist,2018.0,2018.0,DEN,40.0,-2.0,0.25714287
2019,5,00-0034348,C.Sutton,WR,DEN,LAC,0,0,0.0,0,0.0,0.0,0.0,0,0.0,0,7,4,92.0,1,15.2,19.2,,,76.0,216.0,24.06425,1.0,Southern Methodist,2018.0,2018.0,DEN,40.0,,0.36842105
2019,6,00-0034348,C.Sutton,WR,DEN,TEN,0,0,0.0,0,0.0,0.0,0.0,0,0.0,0,8,4,76.0,0,7.6,11.6,,,76.0,216.0,24.06425,1.0,Southern Methodist,2018.0,2018.0,DEN,40.0,16.0,0.30769232
2019,7,00-0034348,C.Sutton,WR,DEN,KC,0,0,0.0,0,0.0,0.0,0.0,0,0.0,0,8,6,87.0,0,8.7,14.7,,,76.0,216.0,24.06425,1.0,Southern Methodist,2018.0,2018.0,DEN,40.0,-24.0,0.24242425
2019,8,00-0034348,C.Sutton,WR,DEN,IND,0,0,0.0,0,0.0,0.0,0.0,0,0.0,0,5,3,72.0,0,7.2,10.2,,,76.0,216.0,24.06425,1.0,Southern Methodist,2018.0,2018.0,DEN,40.0,,0.1724138
2019,9,00-0034348,C.Sutton,WR,DEN,CLE,0,0,0.0,0,0.0,0.0,0.0,1,7.0,0,8,5,56.0,1,12.3,17.3,,,76.0,216.0,24.06425,1.0,Southern Methodist,2018.0,2018.0,DEN,40.0,5.0,0.44444445
2019,11,00-0034348,C.Sutton,WR,DEN,MIN,1,1,38.0,0,0.0,0.0,-0.0,2,10.0,0,9,5,113.0,0,13.82,18.82,,,76.0,216.0,24.06425,1.0,Southern Methodist,2018.0,2018.0,DEN,40.0,,0.25
2019,12,00-0034348,C.Sutton,WR,DEN,BUF,0,0,0.0,0,0.0,0.0,0.0,0,0.0,0,8,1,27.0,0,2.7,3.7,,,76.0,216.0,24.06425,1.0,Southern Methodist,2018.0,2018.0,DEN,40.0,,0.33333334
2019,13,00-0034348,C.Sutton,WR,DEN,LAC,0,0,0.0,0,0.0,0.0,0.0,0,0.0,0,5,4,74.0,2,19.4,23.4,,,76.0,216.0,24.06425,1.0,Southern Methodist,2018.0,2018.0,DEN,40.0,3.0,0.1923077
2019,14,00-0034348,C.Sutton,WR,DEN,HOU,0,0,0.0,0,0.0,0.0,0.0,0,0.0,0,7,5,34.0,0,3.4,8.4,,,76.0,216.0,24.06425,1.0,Southern Methodist,2018.0,2018.0,DEN,40.0,,0.25925925
2019,15,00-0034348,C.Sutton,WR,DEN,KC,0,0,0.0,0,0.0,0.0,0.0,0,0.0,0,10,4,79.0,0,7.9,11.9,,,76.0,216.0,24.06425,1.0,Southern Methodist,2018.0,2018.0,DEN,40.0,,0.25
2019,16,00-0034348,C.Sutton,WR,DEN,DET,0,0,0.0,0,0.0,0.0,0.0,0,0.0,0,10,5,41.0,0,4.1,9.1,,,76.0,216.0,24.06425,1.0,Southern Methodist,2018.0,2018.0,DEN,40.0,10.0,0.29411766
2019,17,00-0034348,C.Sutton,WR,DEN,LV,0,0,0.0,0,0.0,0.0,0.0,0,0.0,0,8,4,52.0,0,5.2,9.2,,,76.0,216.0,24.06425,1.0,Southern Methodist,2018.0,2018.0,DEN,40.0,1.0,0.30769232
2019,1,00-0034349,K.Johnson,RB,DET,ARI,0,0,0.0,0,0.0,0.0,0.0,16,49.0,0,2,2,13.0,0,6.2,8.2,,,71.0,212.0,22.3480625,1.0,Auburn,2018.0,2018.0,DET,43.0,,0.048780486
2019,2,00-0034349,K.Johnson,RB,DET,LAC,0,0,0.0,0,0.0,0.0,0.0,12,41.0,0,3,2,47.0,1,14.8,16.8,,,71.0,212.0,22.3480625,1.0,Auburn,2018.0,2018.0,DET,43.0,3.0,0.1
2019,3,00-0034349,K.Johnson,RB,DET,PHI,0,0,0.0,0,0.0,0.0,0.0,20,36.0,1,1,1,7.0,0,10.3,11.3,,,71.0,212.0,22.3480625,1.0,Auburn,2018.0,2018.0,DET,43.0,,0.03125
2019,4,00-0034349,K.Johnson,RB,DET,KC,0,0,0.0,0,0.0,0.0,0.0,26,125.0,0,3,2,32.0,0,13.7,15.7,,,71.0,212.0,22.3480625,1.0,Auburn,2018.0,2018.0,DET,43.0,-4.0,0.09375
2019,6,00-0034349,K.Johnson,RB,DET,GB,0,0,0.0,0,0.0,0.0,0.0,13,34.0,1,4,2,27.0,0,12.1,14.1,,,71.0,212.0,22.3480625,1.0,Auburn,2018.0,2018.0,DET,43.0,,0.125
2019,7,00-0034349,K.Johnson,RB,DET,MIN,0,0,0.0,0,0.0,0.0,0.0,5,23.0,0,1,0,0.0,0,2.3,2.3,,,71.0,212.0,22.3480625,1.0,Auburn,2018.0,2018.0,DET,43.0,-12.0,0.022222223
2019,16,00-0034349,K.Johnson,RB,DET,DEN,0,0,0.0,0,0.0,0.0,0.0,10,42.0,0,1,1,1.0,0,4.3,5.3,,,71.0,212.0,22.3480625,1.0,Auburn,2018.0,2018.0,DET,43.0,,0.04347826
2019,17,00-0034349,K.Johnson,RB,DET,GB,0,0,0.0,0,0.0,0.0,0.0,11,53.0,1,0,0,0.0,0,11.3,11.3,,,71.0,212.0,22.3480625,1.0,Auburn,2018.0,2018.0,DET,43.0,-3.0,
2019,1,00-0034351,D.Goedert,TE,PHI,WAS,0,0,0.0,0,0.0,0.0,0.0,0,0.0,0,3,2,16.0,0,1.6,3.6,,,77.0,256.0,24.841,1.0,South Dakota State,2018.0,2018.0,PHI,49.0,5.0,0.07692308
2019,3,00-0034351,D.Goedert,TE,PHI,DET,0,0,0.0,0,0.0,0.0,0.0,0,0.0,0,1,0,0.0,0,0.0,0.0,,,77.0,256.0,24.841,1.0,South Dakota State,2018.0,2018.0,PHI,49.0,-3.0,0.027777778
2019,4,00-0034351,D.Goedert,TE,PHI,GB,0,0,0.0,0,0.0,0.0,0.0,0,0.0,0,3,2,16.0,1,7.6,9.6,,,77.0,256.0,24.841,1.0,South Dakota State,2018.0,2018.0,PHI,49.0,,0.11111111
2019,5,00-0034351,D.Goedert,TE,PHI,NYJ,0,0,0.0,0,0.0,0.0,0.0,0,0.0,0,3,1,11.0,0,1.1,2.1,,,77.0,256.0,24.841,1.0,South Dakota State,2018.0,2018.0,PHI,49.0,25.0,0.10714286
2019,6,00-0034351,D.Goedert,TE,PHI,MIN,0,0,0.0,0,0.0,0.0,0.0,0,0.0,0,8,5,48.0,0,4.8,9.8,,,77.0,256.0,24.841,1.0,South Dakota State,2018.0,2018.0,PHI,49.0,,0.19512194
2019,7,00-0034351,D.Goedert,TE,PHI,DAL,0,0,0.0,0,0.0,0.0,0.0,0,0.0,0,4,4,69.0,1,10.9,14.9,,,77.0,256.0,24.841,1.0,South Dakota State,2018.0,2018.0,PHI,49.0,,0.16
2019,8,00-0034351,D.Goedert,TE,PHI,BUF,0,0,0.0,0,0.0,0.0,0.0,0,0.0,0,5,3,22.0,1,8.2,11.2,,,77.0,256.0,24.841,1.0,South Dakota State,2018.0,2018.0,PHI,49.0,,0.20833333
2019,9,00-0034351,D.Goedert,TE,PHI,CHI,0,0,0.0,0,0.0,0.0,0.0,0,0.0,0,5,4,39.0,0,3.9,7.9,,,77.0,256.0,24.841,1.0,South Dakota State,2018.0,2018.0,PHI,49.0,8.0,0.12820514
2019,11,00-0034351,D.Goedert,TE,PHI,NE,0,0,0.0,0,0.0,0.0,0.0,0,0.0,0,6,3,36.0,1,9.6,12.6,,,77.0,256.0,24.841,1.0,South Dakota State,2018.0,2018.0,PHI,49.0,-7.0,0.15789473
2019,12,00-0034351,D.Goedert,TE,PHI,SEA,0,0,0.0,0,0.0,0.0,0.0,0,0.0,0,8,7,32.0,0,1.2,8.2,,,77.0,256.0,24.841,1.0,South Dakota State,2018.0,2018.0,PHI,49.0,-8.0,0.17777778
2019,13,00-0034351,D.Goedert,TE,PHI,MIA,0,0,0.0,0,0.0,0.0,0.0,0,0.0,0,7,6,66.0,0,6.6,12.6,,,77.0,256.0,24.841,1.0,South Dakota State,2018.0,2018.0,PHI,49.0,,0.15555556
2019,14,00-0034351,D.Goedert,TE,PHI,NYG,0,0,0.0,0,0.0,0.0,0.0,0,0.0,0,6,3,41.0,0,4.1,7.1,,,77.0,256.0,24.841,1.0,South Dakota State,2018.0,2018.0,PHI,49.0,6.0,0.12
2019,15,00-0034351,D.Goedert,TE,PHI,WAS,0,0,0.0,0,0.0,0.0,0.0,0,0.0,0,6,5,55.0,0,5.5,10.5,,,77.0,256.0,24.841,1.0,South Dakota State,2018.0,2018.0,PHI,49.0,,0.15
2019,16,00-0034351,D.Goedert,TE,PHI,DAL,0,0,0.0,0,0.0,0.0,0.0,0,0.0,0,12,9,91.0,1,15.1,24.1,,,77.0,256.0,24.841,1.0,South Dakota State,2018.0,2018.0,PHI,49.0,8.0,0.3
2019,17,00-0034351,D.Goedert,TE,PHI,NYG,0,0,0.0,0,0.0,0.0,0.0,0,0.0,0,10,4,65.0,0,6.5,10.5,,,77.0,256.0,24.841,1.0,South Dakota State,2018.0,2018.0,PHI,49.0,,0.25
2019,18,00-0034351,D.Goedert,TE,PHI,SEA,0,0,0.0,0,0.0,0.0,0.0,0,0.0,0,8,7,73.0,0,7.3,14.3,,,77.0,256.0,24.841,1.0,South Dakota State,2018.0,2018.0,PHI,49.0,-8.0,0.32
2019,1,00-0034353,A.Miller,WR,CHI,GB,0,0,0.0,0,0.0,0.0,0.0,0,0.0,0,1,0,0.0,0,0.0,0.0,,,71.0,199.0,25.07,1.0,Memphis,2018.0,2018.0,CHI,51.0,-7.0,0.022727273
2019,2,00-0034353,A.Miller,WR,CHI,DEN,0,0,0.0,0,0.0,0.0,0.0,0,0.0,0,1,1,2.0,0,0.2,1.2,,,71.0,199.0,25.07,1.0,Memphis,2018.0,2018.0,CHI,51.0,,0.037037037
2019,3,00-0034353,A.Miller,WR,CHI,WAS,0,0,0.0,0,0.0,0.0,0.0,0,0.0,0,3,1,15.0,0,1.5,2.5,,,71.0,199.0,25.07,1.0,Memphis,2018.0,2018.0,CHI,51.0,,0.09677419
2019,4,00-0034353,A.Miller,WR,CHI,MIN,0,0,0.0,0,0.0,0.0,0.0,0,0.0,0,3,2,11.0,0,1.1,3.1,,,71.0,199.0,25.07,1.0,Memphis,2018.0,2018.0,CHI,51.0,10.0,0.09090909
2019,5,00-0034353,A.Miller,WR,CHI,LV,0,0,0.0,0,0.0,0.0,0.0,0,0.0,0,7,4,52.0,0,5.2,9.2,,,71.0,199.0,25.07,1.0,Memphis,2018.0,2018.0,CHI,51.0,,0.23333333
2019,7,00-0034353,A.Miller,WR,CHI,NO,0,0,0.0,0,0.0,0.0,0.0,1,-1.0,0,9,5,64.0,0,4.3,9.3,,,71.0,199.0,25.07,1.0,Memphis,2018.0,2018.0,CHI,51.0,-11.0,0.1764706
2019,8,00-0034353,A.Miller,WR,CHI,LAC,0,0,0.0,0,0.0,0.0,0.0,0,0.0,0,3,3,67.0,0,6.7,9.7,,,71.0,199.0,25.07,1.0,Memphis,2018.0,2018.0,CHI,51.0,-1.0,0.09090909
2019,9,00-0034353,A.Miller,WR,CHI,PHI,0,0,0.0,0,0.0,0.0,0.0,0,0.0,0,1,0,0.0,0,0.0,0.0,,,71.0,199.0,25.07,1.0,Memphis,2018.0,2018.0,CHI,51.0,,0.04761905
2019,10,00-0034353,A.Miller,WR,CHI,DET,0,0,0.0,0,0.0,0.0,0.0,0,0.0,0,2,1,7.0,0,0.7,1.7,,,71.0,199.0,25.07,1.0,Memphis,2018.0,2018.0,CHI,51.0,7.0,0.08695652
2019,11,00-0034353,A.Miller,WR,CHI,LA,0,0,0.0,0,0.0,0.0,0.0,0,0.0,0,11,6,54.0,0,5.4,11.4,,,71.0,199.0,25.07,1.0,Memphis,2018.0,2018.0,CHI,51.0,,0.24444444
2019,12,00-0034353,A.Miller,WR,CHI,NYG,0,0,0.0,0,0.0,0.0,0.0,0,0.0,0,9,6,77.0,0,7.7,13.7,,,71.0,199.0,25.07,1.0,Memphis,2018.0,2018.0,CHI,51.0,5.0,0.2195122
2019,13,00-0034353,A.Miller,WR,CHI,DET,0,0,0.0,0,0.0,0.0,0.0,0,0.0,0,13,9,140.0,0,14.0,23.0,,,71.0,199.0,25.07,1.0,Memphis,2018.0,2018.0,CHI,51.0,,0.34210527
2019,14,00-0034353,A.Miller,WR,CHI,DAL,0,0,0.0,0,0.0,0.0,0.0,0,0.0,0,4,3,42.0,1,10.2,13.2,,,71.0,199.0,25.07,1.0,Memphis,2018.0,2018.0,CHI,51.0,7.0,0.12903225
2019,15,00-0034353,A.Miller,WR,CHI,GB,0,0,0.0,0,0.0,0.0,0.0,0,0.0,0,15,9,118.0,1,17.8,26.8,,,71.0,199.0,25.07,1.0,Memphis,2018.0,2018.0,CHI,51.0,,0.3
2019,16,00-0034353,A.Miller,WR,CHI,KC,0,0,0.0,0,0.0,0.0,0.0,0,0.0,0,2,1,2.0,0,0.2,1.2,,,71.0,199.0,25.07,1.0,Memphis,2018.0,2018.0,CHI,51.0,-23.0,0.060606062
2019,17,00-0034353,A.Miller,WR,CHI,MIN,0,0,0.0,0,0.0,0.0,0.0,0,0.0,0,1,1,5.0,0,0.5,1.5,,,71.0,199.0,25.07,1.0,Memphis,2018.0,2018.0,CHI,51.0,,0.028571429
2019,1,00-0034358,D.Guice,RB,WAS,PHI,0,0,0.0,0,0.0,0.0,0.0,10,18.0,0,3,3,20.0,0,3.8,6.8,,,71.0,225.0,22.36675,1.0,Louisiana State,2018.0,2018.0,WAS,59.0,,0.069767445
2019,11,00-0034358,D.Guice,RB,WAS,NYJ,0,0,0.0,0,0.0,0.0,0.0,7,24.0,0,2,1,45.0,1,12.9,13.9,,,71.0,225.0,22.36675,1.0,Louisiana State,2018.0,2018.0,WAS,59.0,-17.0,0.0625
2019,12,00-0034358,D.Guice,RB,WAS,DET,0,0,0.0,0,0.0,0.0,0.0,10,32.0,0,2,1,6.0,0,3.8,4.8,,,71.0,225.0,22.36675,1.0,Louisiana State,2018.0,2018.0,WAS,59.0,3.0,0.06896552
2019,13,00-0034358,D.Guice,RB,WAS,CAR,0,0,0.0,0,0.0,0.0,0.0,10,129.0,2,2,2,8.0,0,25.7,27.7,,,71.0,225.0,22.36675,1.0,Louisiana State,2018.0,2018.0,WAS,59.0,,0.083333336
2019,14,00-0034358,D.Guice,RB,WAS,GB,0,0,0.0,0,0.0,0.0,0.0,5,42.0,0,0,0,0.0,0,4.2,4.2,,,71.0,225.0,22.36675,1.0,Louisiana State,2018.0,2018.0,WAS,59.0,,
2019,19,00-0034361,J.Reid,SS,HOU,KC,0,0,0.0,0,0.0,0.0,0.0,1,2.0,0,0,0,0.0,0,0.2,0.2,,,73.0,204.0,22.731833333333334,1.0,Stanford,2018.0,2018.0,HOU,68.0,,
2019,1,00-0034364,J.Akins,TE,HOU,NO,0,0,0.0,0,0.0,0.0,0.0,0,0.0,0,2,1,17.0,0,1.7,2.7,,,76.0,243.0,27.558555555555554,1.0,Central Florida,2018.0,2018.0,HOU,98.0,,0.06896552
2019,2,00-0034364,J.Akins,TE,HOU,JAX,0,0,0.0,0,0.0,0.0,0.0,0,0.0,0,3,2,25.0,0,2.5,4.5,,,76.0,243.0,27.558555555555554,1.0,Central Florida,2018.0,2018.0,HOU,98.0,1.0,0.10344828
2019,3,00-0034364,J.Akins,TE,HOU,LAC,0,0,0.0,0,0.0,0.0,0.0,0,0.0,0,5,3,73.0,2,19.3,22.3,,,76.0,243.0,27.558555555555554,1.0,Central Florida,2018.0,2018.0,HOU,98.0,,0.14705883
2019,4,00-0034364,J.Akins,TE,HOU,CAR,0,0,0.0,0,0.0,0.0,0.0,0,0.0,0,4,3,21.0,0,2.1,5.1,,,76.0,243.0,27.558555555555554,1.0,Central Florida,2018.0,2018.0,HOU,98.0,-6.0,0.125
2019,5,00-0034364,J.Akins,TE,HOU,ATL,0,0,0.0,0,0.0,0.0,0.0,0,0.0,0,1,1,21.0,0,2.1,3.1,,,76.0,243.0,27.558555555555554,1.0,Central Florida,2018.0,2018.0,HOU,98.0,21.0,0.030303031
2019,6,00-0034364,J.Akins,TE,HOU,KC,0,0,0.0,0,0.0,0.0,0.0,0,0.0,0,3,3,39.0,0,3.9,6.9,,,76.0,243.0,27.558555555555554,1.0,Central Florida,2018.0,2018.0,HOU,98.0,,0.071428575
2019,7,00-0034364,J.Akins,TE,HOU,IND,0,0,0.0,0,0.0,0.0,0.0,0,0.0,0,2,2,17.0,0,1.7,3.7,,,76.0,243.0,27.558555555555554,1.0,Central Florida,2018.0,2018.0,HOU,98.0,,0.060606062
2019,8,00-0034364,J.Akins,TE,HOU,LV,0,0,0.0,0,0.0,0.0,0.0,0,0.0,0,5,2,11.0,0,1.1,3.1,,,76.0,243.0,27.558555555555554,1.0,Central Florida,2018.0,2018.0,HOU,98.0,3.0,0.13157895
2019,9,00-0034364,J.Akins,TE,HOU,JAX,0,0,0.0,0,0.0,0.0,0.0,0,0.0,0,3,3,24.0,0,2.4,5.4,,,76.0,243.0,27.558555555555554,1.0,Central Florida,2018.0,2018.0,HOU,98.0,,0.10714286
2019,11,00-0034364,J.Akins,TE,HOU,BAL,0,0,0.0,0,0.0,0.0,0.0,0,0.0,0,2,1,15.0,0,1.5,2.5,,,76.0,243.0,27.558555555555554,1.0,Central Florida,2018.0,2018.0,HOU,98.0,,0.06666667
2019,12,00-0034364,J.Akins,TE,HOU,IND,0,0,0.0,0,0.0,0.0,0.0,0,0.0,0,4,3,26.0,0,2.6,5.6,,,76.0,243.0,27.558555555555554,1.0,Central Florida,2018.0,2018.0,HOU,98.0,3.0,0.14285715
2019,13,00-0034364,J.Akins,TE,HOU,NE,0,0,0.0,0,0.0,0.0,0.0,0,0.0,0,1,1,19.0,0,1.9,2.9,,,76.0,243.0,27.558555555555554,1.0,Central Florida,2018.0,2018.0,HOU,98.0,6.0,0.03846154
2019,14,00-0034364,J.Akins,TE,HOU,DEN,0,0,0.0,0,0.0,0.0,0.0,0,0.0,0,9,4,49.0,0,4.9,8.9,,,76.0,243.0,27.558555555555554,1.0,Central Florida,2018.0,2018.0,HOU,98.0,-14.0,0.19148937
2019,15,00-0034364,J.Akins,TE,HOU,TEN,0,0,0.0,0,0.0,0.0,0.0,0,0.0,0,2,2,7.0,0,0.7,2.7,,,76.0,243.0,27.558555555555554,1.0,Central Florida,2018.0,2018.0,HOU,98.0,,0.08
2019,16,00-0034364,J.Akins,TE,HOU,TB,0,0,0.0,0,0.0,0.0,0.0,0,0.0,0,2,0,0.0,0,0.0,0.0,,,76.0,243.0,27.558555555555554,1.0,Central Florida,2018.0,2018.0,HOU,98.0,,0.0625
2019,17,00-0034364,J.Akins,TE,HOU,TEN,0,0,0.0,0,0.0,0.0,0.0,0,0.0,0,7,5,54.0,0,5.4,10.4,,,76.0,243.0,27.558555555555554,1.0,Central Florida,2018.0,2018.0,HOU,98.0,-21.0,0.21875
2019,1,00-0034365,I.Thomas,TE,CAR,LA,0,0,0.0,0,0.0,0.0,0.0,0,0.0,0,1,0,0.0,0,0.0,0.0,,,76.0,260.0,23.4105,1.0,Indiana,2018.0,2018.0,CAR,101.0,-3.0,0.027027028
2019,8,00-0034365,I.Thomas,TE,CAR,SF,0,0,0.0,0,0.0,0.0,0.0,0,0.0,0,1,0,0.0,0,0.0,0.0,,,76.0,260.0,23.4105,1.0,Indiana,2018.0,2018.0,CAR,101.0,,0.027027028
2019,11,00-0034365,I.Thomas,TE,CAR,ATL,0,0,0.0,0,0.0,0.0,0.0,0,0.0,0,1,0,0.0,0,0.0,0.0,,,76.0,260.0,23.4105,1.0,Indiana,2018.0,2018.0,CAR,101.0,-26.0,0.021276595
2019,12,00-0034365,I.Thomas,TE,CAR,NO,0,0,0.0,0,0.0,0.0,0.0,0,0.0,0,2,1,4.0,0,0.4,1.4,,,76.0,260.0,23.4105,1.0,Indiana,2018.0,2018.0,CAR,101.0,,0.0625
2019,13,00-0034365,I.Thomas,TE,CAR,WAS,0,0,0.0,0,0.0,0.0,0.0,0,0.0,0,4,4,24.0,0,2.4,6.4,,,76.0,260.0,23.4105,1.0,Indiana,2018.0,2018.0,CAR,101.0,-8.0,0.093023255
2019,14,00-0034365,I.Thomas,TE,CAR,ATL,0,0,0.0,0,0.0,0.0,0.0,0,0.0,0,10,5,57.0,1,11.7,16.7,,,76.0,260.0,23.4105,1.0,Indiana,2018.0,2018.0,CAR,101.0,,0.25
2019,15,00-0034365,I.Thomas,TE,CAR,SEA,0,0,0.0,0,0.0,0.0,0.0,0,0.0,0,3,2,23.0,0,2.3,4.3,,,76.0,260.0,23.4105,1.0,Indiana,2018.0,2018.0,CAR,101.0,-6.0,0.07692308
2019,16,00-0034365,I.Thomas,TE,CAR,IND,0,0,0.0,0,0.0,0.0,0.0,0,0.0,0,3,3,16.0,0,1.6,4.6,,,76.0,260.0,23.4105,1.0,Indiana,2018.0,2018.0,CAR,101.0,,0.071428575
2019,17,00-0034365,I.Thomas,TE,CAR,NO,0,0,0.0,0,0.0,0.0,0.0,0,0.0,0,5,1,12.0,0,1.2,2.2,,,76.0,260.0,23.4105,1.0,Indiana,2018.0,2018.0,CAR,101.0,-32.0,0.10204082
2019,2,00-0034366,K.Coutee,WR,HOU,JAX,0,0,0.0,0,0.0,0.0,0.0,0,0.0,0,4,2,7.0,0,0.7,2.7,,,71.0,180.0,22.819333333333333,1.0,Texas Tech,2018.0,2018.0,HOU,103.0,1.0,0.13793103
2019,4,00-0034366,K.Coutee,WR,HOU,CAR,0,0,0.0,0,0.0,0.0,0.0,1,10.0,0,3,1,11.0,0,2.1,3.1,,,71.0,180.0,22.819333333333333,1.0,Texas Tech,2018.0,2018.0,HOU,103.0,-6.0,0.09375
2019,5,00-0034366,K.Coutee,WR,HOU,ATL,0,0,0.0,0,0.0,0.0,0.0,0,0.0,0,4,3,72.0,0,7.2,10.2,,,71.0,180.0,22.819333333333333,1.0,Texas Tech,2018.0,2018.0,HOU,103.0,21.0,0.121212125
2019,6,00-0034366,K.Coutee,WR,HOU,KC,0,0,0.0,0,0.0,0.0,0.0,0,0.0,0,6,4,39.0,0,3.9,7.9,,,71.0,180.0,22.819333333333333,1.0,Texas Tech,2018.0,2018.0,HOU,103.0,,0.14285715
2019,7,00-0034366,K.Coutee,WR,HOU,IND,0,0,0.0,0,0.0,0.0,0.0,1,4.0,1,5,3,25.0,0,8.9,11.9,,,71.0,180.0,22.819333333333333,1.0,Texas Tech,2018.0,2018.0,HOU,103.0,,0.15151516
2019,11,00-0034366,K.Coutee,WR,HOU,BAL,0,0,0.0,0,0.0,0.0,0.0,0,0.0,0,3,3,25.0,0,2.5,5.5,,,71.0,180.0,22.819333333333333,1.0,Texas Tech,2018.0,2018.0,HOU,103.0,,0.1
2019,14,00-0034366,K.Coutee,WR,HOU,DEN,0,0,0.0,0,0.0,0.0,0.0,0,0.0,0,8,5,68.0,0,4.8,9.8,,,71.0,180.0,22.819333333333333,1.0,Texas Tech,2018.0,2018.0,HOU,103.0,-14.0,0.17021276
2019,17,00-0034366,K.Coutee,WR,HOU,TEN,0,0,0.0,0,0.0,0.0,0.0,0,0.0,0,3,1,7.0,0,0.7,1.7,,,71.0,180.0,22.819333333333333,1.0,Texas Tech,2018.0,2018.0,HOU,103.0,-21.0,0.09375
2019,1,00-0034367,N.Miller-Hines,RB,IND,LAC,0,0,0.0,0,0.0,0.0,0.0,4,13.0,0,4,4,4.0,0,1.7,5.7,,,69.0,198.0,22.9765,1.0,North Carolina State,2018.0,2018.0,IND,104.0,,0.14814815
2019,2,00-0034367,N.Miller-Hines,RB,IND,TEN,0,0,0.0,0,0.0,0.0,0.0,2,9.0,0,2,1,5.0,0,1.4,2.4,,,69.0,198.0,22.9765,1.0,North Carolina State,2018.0,2018.0,IND,104.0,,0.07692308
2019,3,00-0034367,N.Miller-Hines,RB,IND,ATL,0,0,0.0,0,0.0,0.0,0.0,2,3.0,0,4,3,26.0,0,2.9,5.9,,,69.0,198.0,22.9765,1.0,North Carolina State,2018.0,2018.0,IND,104.0,3.0,0.11111111
2019,4,00-0034367,N.Miller-Hines,RB,IND,LV,0,0,0.0,0,0.0,0.0,0.0,3,6.0,0,6,6,39.0,0,4.5,10.5,,,69.0,198.0,22.9765,1.0,North Carolina State,2018.0,2018.0,IND,104.0,-7.0,0.13043478
2019,5,00-0034367,N.Miller-Hines,RB,IND,KC,0,0,0.0,0,0.0,0.0,0.0,2,-1.0,0,5,4,46.0,0,4.5,8.5,,,69.0,198.0,22.9765,1.0,North Carolina State,2018.0,2018.0,IND,104.0,,0.1923077
2019,7,00-0034367,N.Miller-Hines,RB,IND,HOU,0,0,0.0,0,0.0,0.0,0.0,1,3.0,0,2,1,13.0,0,1.6,2.6,,,69.0,198.0,22.9765,1.0,North Carolina State,2018.0,2018.0,IND,104.0,7.0,0.055555556
2019,8,00-0034367,N.Miller-Hines,RB,IND,DEN,0,0,0.0,0,0.0,0.0,0.0,4,12.0,0,3,3,34.0,0,4.6,7.6,,,69.0,198.0,22.9765,1.0,North Carolina State,2018.0,2018.0,IND,104.0,2.0,0.125
2019,9,00-0034367,N.Miller-Hines,RB,IND,PIT,0,0,0.0,0,0.0,0.0,0.0,1,7.0,0,3,1,21.0,0,2.8,3.8,,,69.0,198.0,22.9765,1.0,North Carolina State,2018.0,2018.0,IND,104.0,,0.1
2019,10,00-0034367,N.Miller-Hines,RB,IND,MIA,0,0,0.0,0,0.0,0.0,0.0,3,14.0,0,7,4,30.0,0,4.4,8.4,,,69.0,198.0,22.9765,1.0,North Carolina State,2018.0,2018.0,IND,104.0,-4.0,0.17948718
2019,11,00-0034367,N.Miller-Hines,RB,IND,JAX,0,0,0.0,0,0.0,0.0,0.0,3,11.0,1,4,3,24.0,0,9.5,12.5,,,69.0,198.0,22.9765,1.0,North Carolina State,2018.0,2018.0,IND,104.0,20.0,0.1904762
2019,12,00-0034367,N.Miller-Hines,RB,IND,HOU,0,0,0.0,0,0.0,0.0,0.0,9,51.0,0,3,2,10.0,0,6.1,8.1,,,69.0,198.0,22.9765,1.0,North Carolina State,2018.0,2018.0,IND,104.0,,0.125
2019,13,00-0034367,N.Miller-Hines,RB,IND,TEN,0,0,0.0,0,0.0,0.0,0.0,4,22.0,1,2,2,18.0,0,10.0,12.0,,,69.0,198.0,22.9765,1.0,North Carolina State,2018.0,2018.0,IND,104.0,-14.0,0.054054055
2019,14,00-0034367,N.Miller-Hines,RB,IND,TB,0,0,0.0,0,0.0,0.0,0.0,4,1.0,0,5,4,24.0,0,0.5,4.5,,,69.0,198.0,22.9765,1.0,North Carolina State,2018.0,2018.0,IND,104.0,,0.14285715
2019,15,00-0034367,N.Miller-Hines,RB,IND,NO,0,0,0.0,0,0.0,0.0,0.0,2,10.0,0,2,2,2.0,0,1.2,3.2,,,69.0,198.0,22.9765,1.0,North Carolina State,2018.0,2018.0,IND,104.0,,0.060606062
2019,16,00-0034367,N.Miller-Hines,RB,IND,CAR,0,0,0.0,0,0.0,0.0,0.0,1,4.0,0,1,1,2.0,0,12.6,13.6,,,69.0,198.0,22.9765,1.0,North Carolina State,2018.0,2018.0,IND,104.0,32.0,0.041666668
2019,17,00-0034367,N.Miller-Hines,RB,IND,JAX,0,0,0.0,0,0.0,0.0,0.0,7,34.0,0,5,3,22.0,0,5.6,8.6,,,69.0,198.0,22.9765,1.0,North Carolina State,2018.0,2018.0,IND,104.0,,0.20833333
2019,1,00-0034370,D.Hamilton,WR,DEN,LV,0,0,0.0,0,0.0,0.0,0.0,0,0.0,0,4,2,5.0,0,0.5,2.5,,,73.0,206.0,24.6500625,1.0,Penn State,2018.0,2018.0,DEN,113.0,,0.13333334
2019,2,00-0034370,D.Hamilton,WR,DEN,CHI,0,0,0.0,0,0.0,0.0,0.0,0,0.0,0,6,2,15.0,0,1.5,3.5,,,73.0,206.0,24.6500625,1.0,Penn State,2018.0,2018.0,DEN,113.0,-2.0,0.12
2019,4,00-0034370,D.Hamilton,WR,DEN,JAX,0,0,0.0,0,0.0,0.0,0.0,0,0.0,0,5,3,57.0,0,5.7,8.7,,,73.0,206.0,24.6500625,1.0,Penn State,2018.0,2018.0,DEN,113.0,-2.0,0.14285715
2019,6,00-0034370,D.Hamilton,WR,DEN,TEN,0,0,0.0,0,0.0,0.0,0.0,0,0.0,0,2,2,25.0,0,2.5,4.5,,,73.0,206.0,24.6500625,1.0,Penn State,2018.0,2018.0,DEN,113.0,16.0,0.07692308
2019,7,00-0034370,D.Hamilton,WR,DEN,KC,0,0,0.0,0,0.0,0.0,0.0,0,0.0,0,5,2,4.0,0,0.4,2.4,,,73.0,206.0,24.6500625,1.0,Penn State,2018.0,2018.0,DEN,113.0,-24.0,0.15151516
2019,8,00-0034370,D.Hamilton,WR,DEN,IND,0,0,0.0,0,0.0,0.0,0.0,0,0.0,0,1,0,0.0,0,0.0,0.0,,,73.0,206.0,24.6500625,1.0,Penn State,2018.0,2018.0,DEN,113.0,,0.03448276
2019,12,00-0034370,D.Hamilton,WR,DEN,BUF,0,0,0.0,0,0.0,0.0,0.0,0,0.0,0,1,0,0.0,0,0.0,0.0,,,73.0,206.0,24.6500625,1.0,Penn State,2018.0,2018.0,DEN,113.0,,0.041666668
2019,13,00-0034370,D.Hamilton,WR,DEN,LAC,0,0,0.0,0,0.0,0.0,0.0,0,0.0,0,3,2,12.0,0,1.2,3.2,,,73.0,206.0,24.6500625,1.0,Penn State,2018.0,2018.0,DEN,113.0,3.0,0.115384616
2019,14,00-0034370,D.Hamilton,WR,DEN,HOU,0,0,0.0,0,0.0,0.0,0.0,0,0.0,0,4,2,36.0,0,3.6,5.6,,,73.0,206.0,24.6500625,1.0,Penn State,2018.0,2018.0,DEN,113.0,,0.14814815
2019,15,00-0034370,D.Hamilton,WR,DEN,KC,0,0,0.0,0,0.0,0.0,0.0,0,0.0,0,9,2,13.0,0,1.3,3.3,,,73.0,206.0,24.6500625,1.0,Penn State,2018.0,2018.0,DEN,113.0,,0.225
2019,16,00-0034370,D.Hamilton,WR,DEN,DET,0,0,0.0,0,0.0,0.0,0.0,0,0.0,0,6,6,65.0,1,12.5,18.5,,,73.0,206.0,24.6500625,1.0,Penn State,2018.0,2018.0,DEN,113.0,10.0,0.1764706
2019,17,00-0034370,D.Hamilton,WR,DEN,LV,0,0,0.0,0,0.0,0.0,0.0,0,0.0,0,6,5,65.0,0,6.5,11.5,,,73.0,206.0,24.6500625,1.0,Penn State,2018.0,2018.0,DEN,113.0,1.0,0.23076923
2019,1,00-0034378,I.Smith,RB,ATL,MIN,0,0,0.0,0,0.0,0.0,0.0,6,31.0,0,1,1,9.0,0,4.0,5.0,,,69.0,195.0,24.1445625,1.0,Southern Mississippi,2018.0,2018.0,ATL,126.0,,0.022222223
2019,2,00-0034378,I.Smith,RB,ATL,PHI,0,0,0.0,0,0.0,0.0,0.0,4,32.0,0,3,2,13.0,0,4.5,6.5,,,69.0,195.0,24.1445625,1.0,Southern Mississippi,2018.0,2018.0,ATL,126.0,4.0,0.069767445
2019,3,00-0034378,I.Smith,RB,ATL,IND,0,0,0.0,0,0.0,0.0,0.0,1,0.0,0,0,0,0.0,0,0.0,0.0,,,69.0,195.0,24.1445625,1.0,Southern Mississippi,2018.0,2018.0,ATL,126.0,,
2019,4,00-0034378,I.Smith,RB,ATL,TEN,0,0,0.0,0,0.0,0.0,0.0,2,11.0,1,4,2,20.0,0,9.1,11.1,,,69.0,195.0,24.1445625,1.0,Southern Mississippi,2018.0,2018.0,ATL,126.0,-14.0,0.08
2019,5,00-0034378,I.Smith,RB,ATL,HOU,0,0,0.0,0,0.0,0.0,0.0,5,19.0,0,6,6,45.0,0,6.4,12.4,,,69.0,195.0,24.1445625,1.0,Southern Mississippi,2018.0,2018.0,ATL,126.0,,0.13636364
2019,6,00-0034378,I.Smith,RB,ATL,ARI,0,0,0.0,0,0.0,0.0,0.0,3,6.0,0,0,0,0.0,0,0.6,0.6,,,69.0,195.0,24.1445625,1.0,Southern Mississippi,2018.0,2018.0,ATL,126.0,,
2019,7,00-0034378,I.Smith,RB,ATL,LA,0,0,0.0,0,0.0,0.0,0.0,1,7.0,0,0,0,0.0,0,0.7,0.7,,,69.0,195.0,24.1445625,1.0,Southern Mississippi,2018.0,2018.0,ATL,126.0,-27.0,
2019,6,00-0034383,D.Schultz,TE,DAL,NYJ,0,0,0.0,0,0.0,0.0,0.0,0,0.0,0,1,1,6.0,0,0.6,1.6,,,77.0,242.0,23.3130625,1.0,Stanford,2018.0,2018.0,DAL,137.0,,0.025641026
2019,16,00-0034383,D.Schultz,TE,DAL,PHI,0,0,0.0,0,0.0,0.0,0.0,0,0.0,0,1,0,0.0,0,0.0,0.0,,,77.0,242.0,23.3130625,1.0,Stanford,2018.0,2018.0,DAL,137.0,,0.022727273
2019,4,00-0034386,J.Watson,WR,TB,LA,0,0,0.0,0,0.0,0.0,0.0,0,0.0,0,1,1,13.0,0,1.3,2.3,,,75.0,215.0,23.5828125,1.0,Pennsylvania,2018.0,2018.0,TB,144.0,,0.025
2019,13,00-0034386,J.Watson,WR,TB,JAX,0,0,0.0,0,0.0,0.0,0.0,0,0.0,0,1,0,0.0,0,0.0,0.0,,,75.0,215.0,23.5828125,1.0,Pennsylvania,2018.0,2018.0,TB,144.0,,0.030303031
2019,14,00-0034386,J.Watson,WR,TB,IND,0,0,0.0,0,0.0,0.0,0.0,0,0.0,0,8,5,59.0,1,11.9,16.9,,,75.0,215.0,23.5828125,1.0,Pennsylvania,2018.0,2018.0,TB,144.0,3.0,0.17777778
2019,15,00-0034386,J.Watson,WR,TB,DET,0,0,0.0,0,0.0,0.0,0.0,0,0.0,0,2,2,17.0,0,1.7,3.7,,,75.0,215.0,23.5828125,1.0,Pennsylvania,2018.0,2018.0,TB,144.0,,0.048780486
2019,16,00-0034386,J.Watson,WR,TB,HOU,0,0,0.0,0,0.0,0.0,0.0,0,0.0,0,10,5,43.0,1,10.3,15.3,,,75.0,215.0,23.5828125,1.0,Pennsylvania,2018.0,2018.0,TB,144.0,-3.0,0.21276596
2019,17,00-0034386,J.Watson,WR,TB,ATL,0,0,0.0,0,0.0,0.0,0.0,0,0.0,0,4,2,27.0,0,2.7,4.7,,,75.0,215.0,23.5828125,1.0,Pennsylvania,2018.0,2018.0,TB,144.0,-6.0,0.17391305
2019,15,00-0034389,D.Cruikshank,SS,TEN,HOU,0,0,0.0,0,0.0,0.0,0.0,0,0.0,0,1,0,0.0,0,0.0,0.0,,,73.0,209.0,24.547736842105262,1.0,Arizona,2018.0,2018.0,TEN,152.0,-3.0,0.027777778
2019,2,00-0034393,T.Fumagalli,TE,DEN,CHI,0,0,0.0,0,0.0,0.0,0.0,0,0.0,0,1,1,7.0,0,0.7,1.7,,,78.0,248.0,24.7075625,1.0,Wisconsin,2018.0,2018.0,DEN,156.0,-2.0,0.02
2019,9,00-0034393,T.Fumagalli,TE,DEN,CLE,0,0,0.0,0,0.0,0.0,0.0,0,0.0,0,1,1,9.0,0,0.9,1.9,,,78.0,248.0,24.7075625,1.0,Wisconsin,2018.0,2018.0,DEN,156.0,5.0,0.055555556
2019,11,00-0034393,T.Fumagalli,TE,DEN,MIN,0,0,0.0,0,0.0,0.0,0.0,0,0.0,0,3,1,3.0,1,6.3,7.3,,,78.0,248.0,24.7075625,1.0,Wisconsin,2018.0,2018.0,DEN,156.0,,0.083333336
2019,14,00-0034393,T.Fumagalli,TE,DEN,HOU,0,0,0.0,0,0.0,0.0,0.0,0,0.0,0,1,1,3.0,0,0.3,1.3,,,78.0,248.0,24.7075625,1.0,Wisconsin,2018.0,2018.0,DEN,156.0,,0.037037037
2019,15,00-0034393,T.Fumagalli,TE,DEN,KC,0,0,0.0,0,0.0,0.0,0.0,0,0.0,0,1,1,7.0,0,0.7,1.7,,,78.0,248.0,24.7075625,1.0,Wisconsin,2018.0,2018.0,DEN,156.0,,0.025
2019,17,00-0034393,T.Fumagalli,TE,DEN,LV,0,0,0.0,0,0.0,0.0,0.0,0,0.0,0,2,1,9.0,0,0.9,1.9,,,78.0,248.0,24.7075625,1.0,Wisconsin,2018.0,2018.0,DEN,156.0,1.0,0.07692308
2019,11,00-0034399,W.Teller,G,CLE,PIT,0,0,0.0,0,0.0,0.0,0.0,0,0.0,0,1,1,-5.0,0,-0.5,0.5,,,76.0,315.0,24.9523125,1.0,Virginia Tech,2018.0,2018.0,BUF,166.0,14.0,0.033333335
2019,2,00-0034400,J.Wilkins,RB,IND,TEN,0,0,0.0,0,0.0,0.0,0.0,5,82.0,0,1,1,4.0,0,8.6,9.6,,,73.0,217.0,25.29825,1.0,Mississippi,2018.0,2018.0,IND,169.0,,0.03846154
2019,3,00-0034400,J.Wilkins,RB,IND,ATL,0,0,0.0,0,0.0,0.0,0.0,3,-2.0,0,0,0,0.0,0,-0.2,-0.2,,,73.0,217.0,25.29825,1.0,Mississippi,2018.0,2018.0,IND,169.0,3.0,
2019,4,00-0034400,J.Wilkins,RB,IND,LV,0,0,0.0,0,0.0,0.0,0.0,4,17.0,0,1,1,11.0,0,2.8,3.8,,,73.0,217.0,25.29825,1.0,Mississippi,2018.0,2018.0,IND,169.0,-7.0,0.02173913
2019,5,00-0034400,J.Wilkins,RB,IND,KC,0,0,0.0,0,0.0,0.0,0.0,7,28.0,0,0,0,0.0,0,2.8,2.8,,,73.0,217.0,25.29825,1.0,Mississippi,2018.0,2018.0,IND,169.0,,
2019,7,00-0034400,J.Wilkins,RB,IND,HOU,0,0,0.0,0,0.0,0.0,0.0,2,9.0,0,1,1,6.0,0,1.5,2.5,,,73.0,217.0,25.29825,1.0,Mississippi,2018.0,2018.0,IND,169.0,7.0,0.027777778
2019,8,00-0034400,J.Wilkins,RB,IND,DEN,0,0,0.0,0,0.0,0.0,0.0,2,5.0,0,0,0,0.0,0,0.5,0.5,,,73.0,217.0,25.29825,1.0,Mississippi,2018.0,2018.0,IND,169.0,2.0,
2019,9,00-0034400,J.Wilkins,RB,IND,PIT,0,0,0.0,0,0.0,0.0,0.0,1,6.0,0,2,1,6.0,0,1.2,2.2,,,73.0,217.0,25.29825,1.0,Mississippi,2018.0,2018.0,IND,169.0,,0.06666667
2019,10,00-0034400,J.Wilkins,RB,IND,MIA,0,0,0.0,0,0.0,0.0,0.0,3,20.0,0,0,0,0.0,0,2.0,2.0,,,73.0,217.0,25.29825,1.0,Mississippi,2018.0,2018.0,IND,169.0,-4.0,
2019,13,00-0034400,J.Wilkins,RB,IND,TEN,0,0,0.0,0,0.0,0.0,0.0,11,47.0,0,3,2,9.0,0,5.6,7.6,,,73.0,217.0,25.29825,1.0,Mississippi,2018.0,2018.0,IND,169.0,-14.0,0.08108108
2019,14,00-0034400,J.Wilkins,RB,IND,TB,0,0,0.0,0,0.0,0.0,0.0,1,1.0,0,0,0,0.0,0,0.1,0.1,,,73.0,217.0,25.29825,1.0,Mississippi,2018.0,2018.0,IND,169.0,,
2019,15,00-0034400,J.Wilkins,RB,IND,NO,0,0,0.0,0,0.0,0.0,0.0,3,10.0,1,3,1,7.0,0,7.7,8.7,,,73.0,217.0,25.29825,1.0,Mississippi,2018.0,2018.0,IND,169.0,,0.09090909
2019,16,00-0034400,J.Wilkins,RB,IND,CAR,0,0,0.0,0,0.0,0.0,0.0,9,84.0,1,0,0,0.0,0,14.4,14.4,,,73.0,217.0,25.29825,1.0,Mississippi,2018.0,2018.0,IND,169.0,32.0,
2019,1,00-0034406,D.Cain,WR,IND,LAC,0,0,0.0,0,0.0,0.0,0.0,0,0.0,0,2,2,35.0,0,3.5,5.5,,,74.0,202.0,23.237,1.0,Clemson,2018.0,2018.0,IND,185.0,,0.074074075
2019,2,00-0034406,D.Cain,WR,IND,TEN,0,0,0.0,0,0.0,0.0,0.0,0,0.0,0,1,0,0.0,0,0.0,0.0,,,74.0,202.0,23.237,1.0,Clemson,2018.0,2018.0,IND,185.0,,0.03846154
2019,3,00-0034406,D.Cain,WR,IND,ATL,0,0,0.0,0,0.0,0.0,0.0,0,0.0,0,3,1,10.0,0,1.0,2.0,,,74.0,202.0,23.237,1.0,Clemson,2018.0,2018.0,IND,185.0,3.0,0.083333336
2019,4,00-0034406,D.Cain,WR,IND,LV,0,0,0.0,0,0.0,0.0,0.0,0,0.0,0,5,0,0.0,0,0.0,0.0,,,74.0,202.0,23.237,1.0,Clemson,2018.0,2018.0,IND,185.0,-7.0,0.10869565
2019,5,00-0034406,D.Cain,WR,IND,KC,0,0,0.0,0,0.0,0.0,0.0,0,0.0,0,1,1,7.0,0,0.7,1.7,,,74.0,202.0,23.237,1.0,Clemson,2018.0,2018.0,IND,185.0,,0.03846154
2019,9,00-0034406,D.Cain,WR,IND,PIT,0,0,0.0,0,0.0,0.0,0.0,0,0.0,0,2,0,0.0,0,0.0,0.0,,,74.0,202.0,23.237,1.0,Clemson,2018.0,2018.0,IND,185.0,,0.06666667
2019,12,00-0034406,D.Cain,WR,PIT,CIN,0,0,0.0,0,0.0,0.0,0.0,0,0.0,0,1,1,35.0,0,3.5,4.5,,,74.0,202.0,23.237,1.0,Clemson,2018.0,2018.0,IND,185.0,,0.045454547
2019,13,00-0034406,D.Cain,WR,PIT,CLE,0,0,0.0,0,0.0,0.0,0.0,0,0.0,0,1,1,5.0,0,0.5,1.5,,,74.0,202.0,23.237,1.0,Clemson,2018.0,2018.0,IND,185.0,7.0,0.055555556
2019,14,00-0034406,D.Cain,WR,PIT,ARI,0,0,0.0,0,0.0,0.0,0.0,0,0.0,0,1,1,22.0,0,2.2,3.2,,,74.0,202.0,23.237,1.0,Clemson,2018.0,2018.0,IND,185.0,,0.055555556
2019,15,00-0034406,D.Cain,WR,PIT,BUF,0,0,0.0,0,0.0,0.0,0.0,0,0.0,0,1,0,0.0,0,0.0,0.0,,,74.0,202.0,23.237,1.0,Clemson,2018.0,2018.0,IND,185.0,-7.0,0.027777778
2019,16,00-0034406,D.Cain,WR,PIT,NYJ,0,0,0.0,0,0.0,0.0,0.0,0,0.0,0,2,2,10.0,0,1.0,3.0,,,74.0,202.0,23.237,1.0,Clemson,2018.0,2018.0,IND,185.0,,0.055555556
2019,1,00-0034411,R.Gage,WR,ATL,MIN,0,0,0.0,0,0.0,0.0,0.0,1,-1.0,0,2,1,13.0,0,1.2,2.2,,,72.0,184.0,23.780375,1.0,Louisiana State,2018.0,2018.0,ATL,194.0,,0.044444446
2019,2,00-0034411,R.Gage,WR,ATL,PHI,0,0,0.0,0,0.0,0.0,0.0,0,0.0,0,1,0,0.0,0,0.0,0.0,,,72.0,184.0,23.780375,1.0,Louisiana State,2018.0,2018.0,ATL,194.0,4.0,0.023255814
2019,5,00-0034411,R.Gage,WR,ATL,HOU,0,0,0.0,0,0.0,0.0,0.0,0,0.0,0,2,1,12.0,0,1.2,2.2,,,72.0,184.0,23.780375,1.0,Louisiana State,2018.0,2018.0,ATL,194.0,,0.045454547
2019,6,00-0034411,R.Gage,WR,ATL,ARI,0,0,0.0,0,0.0,0.0,0.0,0,0.0,0,1,1,6.0,0,0.6,1.6,,,72.0,184.0,23.780375,1.0,Louisiana State,2018.0,2018.0,ATL,194.0,,0.029411765
2019,7,00-0034411,R.Gage,WR,ATL,LA,0,0,0.0,0,0.0,0.0,0.0,0,0.0,0,2,1,13.0,0,1.3,2.3,,,72.0,184.0,23.780375,1.0,Louisiana State,2018.0,2018.0,ATL,194.0,-27.0,0.060606062
2019,8,00-0034411,R.Gage,WR,ATL,SEA,0,0,0.0,0,0.0,0.0,0.0,0,0.0,0,9,7,58.0,0,5.8,12.8,,,72.0,184.0,23.780375,1.0,Louisiana State,2018.0,2018.0,ATL,194.0,-7.0,0.18367347
2019,10,00-0034411,R.Gage,WR,ATL,NO,0,0,0.0,0,0.0,0.0,0.0,0,0.0,0,5,4,23.0,0,2.3,6.3,,,72.0,184.0,23.780375,1.0,Louisiana State,2018.0,2018.0,ATL,194.0,,0.15625
2019,11,00-0034411,R.Gage,WR,ATL,CAR,0,0,0.0,0,0.0,0.0,0.0,0,0.0,0,4,2,32.0,0,3.2,5.2,,,72.0,184.0,23.780375,1.0,Louisiana State,2018.0,2018.0,ATL,194.0,,0.12903225
2019,12,00-0034411,R.Gage,WR,ATL,TB,0,0,0.0,0,0.0,0.0,0.0,0,0.0,0,10,8,76.0,0,7.6,15.6,,,72.0,184.0,23.780375,1.0,Louisiana State,2018.0,2018.0,ATL,194.0,-13.0,0.18867925
2019,13,00-0034411,R.Gage,WR,ATL,NO,0,0,0.0,0,0.0,0.0,0.0,0,0.0,0,9,5,52.0,1,11.2,16.2,,,72.0,184.0,23.780375,1.0,Louisiana State,2018.0,2018.0,ATL,194.0,-8.0,0.19148937
2019,14,00-0034411,R.Gage,WR,ATL,CAR,0,0,0.0,0,0.0,0.0,0.0,0,0.0,0,4,2,17.0,0,1.7,3.7,,,72.0,184.0,23.780375,1.0,Louisiana State,2018.0,2018.0,ATL,194.0,20.0,0.12903225
2019,15,00-0034411,R.Gage,WR,ATL,SF,0,0,0.0,0,0.0,0.0,0.0,1,6.0,0,6,5,27.0,0,3.3,8.3,,,72.0,184.0,23.780375,1.0,Louisiana State,2018.0,2018.0,ATL,194.0,,0.15384616
2019,16,00-0034411,R.Gage,WR,ATL,JAX,0,0,0.0,0,0.0,0.0,0.0,2,7.0,0,6,5,49.0,0,5.6,10.6,,,72.0,184.0,23.780375,1.0,Louisiana State,2018.0,2018.0,ATL,194.0,12.0,0.13953489
2019,17,00-0034411,R.Gage,WR,ATL,TB,0,0,0.0,0,0.0,0.0,0.0,0,0.0,0,13,7,68.0,0,6.8,13.8,,,72.0,184.0,23.780375,1.0,Louisiana State,2018.0,2018.0,ATL,194.0,,0.27083334
2019,2,00-0034412,L.Falk,QB,NYJ,CLE,20,25,198.0,0,0.0,2.0,15.0,0,0.0,0,0,0,0.0,0,7.92,7.92,,,76.0,215.0,24.8545625,1.0,Washington State,2018.0,2018.0,TEN,199.0,-20.0,
2019,3,00-0034412,L.Falk,QB,NYJ,NE,12,22,98.0,0,1.0,5.0,29.0,0,0.0,0,0,0,0.0,0,1.92,1.92,,,76.0,215.0,24.8545625,1.0,Washington State,2018.0,2018.0,TEN,199.0,,
2019,5,00-0034412,L.Falk,QB,NYJ,PHI,15,26,120.0,0,2.0,9.0,52.0,0,0.0,0,0,0,0.0,0,-1.2,-1.2,,,76.0,215.0,24.8545625,1.0,Washington State,2018.0,2018.0,TEN,199.0,,
2019,6,00-0034414,B.Scott,RB,PHI,MIN,0,0,0.0,0,0.0,0.0,0.0,4,30.0,0,0,0,0.0,0,3.0,3.0,,,66.0,203.0,24.529,1.0,Louisiana Tech,2018.0,2018.0,NO,201.0,,
2019,7,00-0034414,B.Scott,RB,PHI,DAL,0,0,0.0,0,0.0,0.0,0.0,7,32.0,0,1,1,5.0,0,3.7,4.7,,,66.0,203.0,24.529,1.0,Louisiana Tech,2018.0,2018.0,NO,201.0,,0.04
2019,8,00-0034414,B.Scott,RB,PHI,BUF,0,0,0.0,0,0.0,0.0,0.0,5,6.0,1,0,0,0.0,0,6.6,6.6,,,66.0,203.0,24.529,1.0,Louisiana Tech,2018.0,2018.0,NO,201.0,,
2019,11,00-0034414,B.Scott,RB,PHI,NE,0,0,0.0,0,0.0,0.0,0.0,7,26.0,0,0,0,0.0,0,2.6,2.6,,,66.0,203.0,24.529,1.0,Louisiana Tech,2018.0,2018.0,NO,201.0,-7.0,
2019,14,00-0034414,B.Scott,RB,PHI,NYG,0,0,0.0,0,0.0,0.0,0.0,10,59.0,1,6,6,69.0,0,18.8,24.8,,,66.0,203.0,24.529,1.0,Louisiana Tech,2018.0,2018.0,NO,201.0,6.0,0.12
2019,15,00-0034414,B.Scott,RB,PHI,WAS,0,0,0.0,0,0.0,0.0,0.0,6,26.0,0,7,7,39.0,0,6.5,13.5,,,66.0,203.0,24.529,1.0,Louisiana Tech,2018.0,2018.0,NO,201.0,,0.175
2019,16,00-0034414,B.Scott,RB,PHI,DAL,0,0,0.0,0,0.0,0.0,0.0,3,12.0,0,6,6,7.0,0,1.9,7.9,,,66.0,203.0,24.529,1.0,Louisiana Tech,2018.0,2018.0,NO,201.0,8.0,0.15
2019,17,00-0034414,B.Scott,RB,PHI,NYG,0,0,0.0,0,0.0,0.0,0.0,19,54.0,3,6,4,84.0,0,31.8,35.8,,,66.0,203.0,24.529,1.0,Louisiana Tech,2018.0,2018.0,NO,201.0,,0.15
2019,18,00-0034414,B.Scott,RB,PHI,SEA,0,0,0.0,0,0.0,0.0,0.0,6,25.0,0,3,3,23.0,0,4.8,7.8,,,66.0,203.0,24.529,1.0,Louisiana Tech,2018.0,2018.0,NO,201.0,-8.0,0.12
2019,3,00-0034418,C.Wilson,WR,DAL,MIA,0,0,0.0,0,0.0,0.0,0.0,0,0.0,0,1,0,0.0,0,0.0,0.0,,,74.0,188.0,23.9538125,1.0,Boise State,2018.0,2018.0,DAL,208.0,25.0,0.033333335
2019,6,00-0034418,C.Wilson,WR,DAL,NYJ,0,0,0.0,0,0.0,0.0,0.0,0,0.0,0,6,5,46.0,0,4.6,9.6,,,74.0,188.0,23.9538125,1.0,Boise State,2018.0,2018.0,DAL,208.0,,0.15384616
2019,14,00-0034418,C.Wilson,WR,DAL,CHI,0,0,0.0,0,0.0,0.0,0.0,0,0.0,0,1,0,0.0,0,0.0,0.0,,,74.0,188.0,23.9538125,1.0,Boise State,2018.0,2018.0,DAL,208.0,,0.02173913
2019,3,00-0034419,B.Berrios,WR,NYJ,NE,0,0,0.0,0,0.0,0.0,0.0,0,0.0,0,6,2,29.0,0,2.9,4.9,,,69.0,190.0,24.082375,1.0,Miami,2018.0,2018.0,NE,210.0,,0.27272728
2019,7,00-0034419,B.Berrios,WR,NYJ,NE,0,0,0.0,0,0.0,0.0,0.0,0,0.0,0,1,1,1.0,0,0.1,1.1,,,69.0,190.0,24.082375,1.0,Miami,2018.0,2018.0,NE,210.0,-33.0,0.032258064
2019,12,00-0034419,B.Berrios,WR,NYJ,LV,0,0,0.0,0,0.0,0.0,0.0,0,0.0,0,1,1,69.0,0,6.9,7.9,,,69.0,190.0,24.082375,1.0,Miami,2018.0,2018.0,NE,210.0,31.0,0.03846154
2019,13,00-0034419,B.Berrios,WR,NYJ,CIN,0,0,0.0,0,0.0,0.0,0.0,0,0.0,0,2,1,5.0,0,0.5,1.5,,,69.0,190.0,24.082375,1.0,Miami,2018.0,2018.0,NE,210.0,,0.044444446
2019,14,00-0034419,B.Berrios,WR,NYJ,MIA,0,0,0.0,0,0.0,0.0,0.0,0,0.0,0,1,0,0.0,0,0.0,0.0,,,69.0,190.0,24.082375,1.0,Miami,2018.0,2018.0,NE,210.0,1.0,0.028571429
2019,17,00-0034419,B.Berrios,WR,NYJ,BUF,0,0,0.0,0,0.0,0.0,0.0,0,0.0,0,2,1,11.0,0,1.1,2.1,,,69.0,190.0,24.082375,1.0,Miami,2018.0,2018.0,NE,210.0,,0.060606062
2019,17,00-0034420,J.Thomas,TE,HOU,TEN,0,0,0.0,0,0.0,0.0,0.0,0,0.0,0,3,1,8.0,0,0.8,1.8,,,77.0,277.0,23.27111111111111,1.0,Mississippi State,2018.0,2018.0,HOU,211.0,-21.0,0.09375
2019,19,00-0034420,J.Thomas,TE,HOU,KC,0,0,0.0,0,0.0,0.0,0.0,0,0.0,0,1,1,7.0,0,0.7,1.7,,,77.0,277.0,23.27111111111111,1.0,Mississippi State,2018.0,2018.0,HOU,211.0,,0.02
2019,1,00-0034426,J.Wims,WR,CHI,GB,0,0,0.0,0,0.0,0.0,0.0,0,0.0,0,2,0,0.0,0,0.0,0.0,,,74.0,221.0,25.1466875,1.0,Georgia,2018.0,2018.0,CHI,224.0,-7.0,0.045454547
2019,3,00-0034426,J.Wims,WR,CHI,WAS,0,0,0.0,0,0.0,0.0,0.0,0,0.0,0,1,1,8.0,0,0.8,1.8,,,74.0,221.0,25.1466875,1.0,Georgia,2018.0,2018.0,CHI,224.0,,0.032258064
2019,4,00-0034426,J.Wims,WR,CHI,MIN,0,0,0.0,0,0.0,0.0,0.0,0,0.0,0,5,4,56.0,0,5.6,9.6,,,74.0,221.0,25.1466875,1.0,Georgia,2018.0,2018.0,CHI,224.0,10.0,0.15151516
2019,5,00-0034426,J.Wims,WR,CHI,LV,0,0,0.0,0,0.0,0.0,0.0,0,0.0,0,1,0,0.0,0,0.0,0.0,,,74.0,221.0,25.1466875,1.0,Georgia,2018.0,2018.0,CHI,224.0,,0.033333335
2019,7,00-0034426,J.Wims,WR,CHI,NO,0,0,0.0,0,0.0,0.0,0.0,0,0.0,0,1,1,6.0,1,6.6,7.6,,,74.0,221.0,25.1466875,1.0,Georgia,2018.0,2018.0,CHI,224.0,-11.0,0.019607844
2019,11,00-0034426,J.Wims,WR,CHI,LA,0,0,0.0,0,0.0,0.0,0.0,0,0.0,0,2,1,11.0,0,1.1,2.1,,,74.0,221.0,25.1466875,1.0,Georgia,2018.0,2018.0,CHI,224.0,,0.044444446
2019,12,00-0034426,J.Wims,WR,CHI,NYG,0,0,0.0,0,0.0,0.0,0.0,0,0.0,0,2,0,0.0,0,0.0,0.0,,,74.0,221.0,25.1466875,1.0,Georgia,2018.0,2018.0,CHI,224.0,5.0,0.048780486
2019,13,00-0034426,J.Wims,WR,CHI,DET,0,0,0.0,0,0.0,0.0,0.0,0,0.0,0,6,5,56.0,0,5.6,10.6,,,74.0,221.0,25.1466875,1.0,Georgia,2018.0,2018.0,CHI,224.0,,0.15789473
2019,14,00-0034426,J.Wims,WR,CHI,DAL,0,0,0.0,0,0.0,0.0,0.0,0,0.0,0,3,0,0.0,0,0.0,0.0,,,74.0,221.0,25.1466875,1.0,Georgia,2018.0,2018.0,CHI,224.0,7.0,0.09677419
2019,16,00-0034426,J.Wims,WR,CHI,KC,0,0,0.0,0,0.0,0.0,0.0,0,0.0,0,9,3,26.0,0,2.6,5.6,,,74.0,221.0,25.1466875,1.0,Georgia,2018.0,2018.0,CHI,224.0,-23.0,0.27272728
2019,17,00-0034426,J.Wims,WR,CHI,MIN,0,0,0.0,0,0.0,0.0,0.0,0,0.0,0,7,3,23.0,0,2.3,5.3,,,74.0,221.0,25.1466875,1.0,Georgia,2018.0,2018.0,CHI,224.0,,0.2
2019,11,00-0034432,B.Scarbrough,RB,DET,DAL,0,0,0.0,0,0.0,0.0,0.0,14,55.0,1,0,0,0.0,0,11.5,11.5,,,73.0,235.0,23.092823529411767,1.0,Alabama,2018.0,2018.0,DAL,236.0,-8.0,
2019,12,00-0034432,B.Scarbrough,RB,DET,WAS,0,0,0.0,0,0.0,0.0,0.0,18,98.0,0,1,0,0.0,0,7.8,7.8,,,73.0,235.0,23.092823529411767,1.0,Alabama,2018.0,2018.0,DAL,236.0,,0.033333335
2019,13,00-0034432,B.Scarbrough,RB,DET,CHI,0,0,0.0,0,0.0,0.0,0.0,21,83.0,0,0,0,0.0,0,8.3,8.3,,,73.0,235.0,23.092823529411767,1.0,Alabama,2018.0,2018.0,DAL,236.0,-4.0,
2019,14,00-0034432,B.Scarbrough,RB,DET,MIN,0,0,0.0,0,0.0,0.0,0.0,19,65.0,0,3,1,5.0,0,7.0,8.0,,,73.0,235.0,23.092823529411767,1.0,Alabama,2018.0,2018.0,DAL,236.0,,0.078947365
2019,16,00-0034432,B.Scarbrough,RB,DET,DEN,0,0,0.0,0,0.0,0.0,0.0,8,34.0,0,0,0,0.0,0,3.4,3.4,,,73.0,235.0,23.092823529411767,1.0,Alabama,2018.0,2018.0,DAL,236.0,,
2019,17,00-0034432,B.Scarbrough,RB,DET,GB,0,0,0.0,0,0.0,0.0,0.0,9,42.0,0,0,0,0.0,0,4.2,4.2,,,73.0,235.0,23.092823529411767,1.0,Alabama,2018.0,2018.0,DAL,236.0,-3.0,
2019,1,00-0034433,N.Bawden,FB,DET,ARI,0,0,0.0,0,0.0,0.0,0.0,0,0.0,0,1,1,0.0,0,0.0,1.0,,,74.0,245.0,23.36925,1.0,San Diego State,2018.0,2018.0,DET,237.0,,0.024390243
2019,3,00-0034433,N.Bawden,FB,DET,PHI,0,0,0.0,0,0.0,0.0,0.0,0,0.0,0,1,1,10.0,0,1.0,2.0,,,74.0,245.0,23.36925,1.0,San Diego State,2018.0,2018.0,DET,237.0,,0.03125
2019,4,00-0034433,N.Bawden,FB,DET,KC,0,0,0.0,0,0.0,0.0,0.0,0,0.0,0,2,1,4.0,0,0.4,1.4,,,74.0,245.0,23.36925,1.0,San Diego State,2018.0,2018.0,DET,237.0,-4.0,0.0625
2019,6,00-0034433,N.Bawden,FB,DET,GB,0,0,0.0,0,0.0,0.0,0.0,0,0.0,0,1,0,0.0,0,0.0,0.0,,,74.0,245.0,23.36925,1.0,San Diego State,2018.0,2018.0,DET,237.0,,0.03125
2019,10,00-0034433,N.Bawden,FB,DET,CHI,0,0,0.0,0,0.0,0.0,0.0,0,0.0,0,1,1,3.0,0,0.3,1.3,,,74.0,245.0,23.36925,1.0,San Diego State,2018.0,2018.0,DET,237.0,,0.023255814
2019,9,00-0034437,L.Cooke,P,JAX,HOU,0,0,0.0,0,0.0,1.0,19.0,0,0.0,0,0,0,0.0,0,0.0,0.0,,,77.0,200.0,24.2665625,1.0,Mississippi State,2018.0,2018.0,JAX,247.0,-23.0,
2019,14,00-0034437,L.Cooke,P,JAX,LAC,1,1,9.0,0,0.0,0.0,-0.0,0,0.0,0,0,0,0.0,0,0.36,0.36,,,77.0,200.0,24.2665625,1.0,Mississippi State,2018.0,2018.0,JAX,247.0,-35.0,
2019,16,00-0034437,L.Cooke,P,JAX,ATL,1,1,7.0,0,0.0,0.0,-0.0,0,0.0,0,0,0,0.0,0,0.28,0.28,,,77.0,200.0,24.2665625,1.0,Mississippi State,2018.0,2018.0,JAX,247.0,,
2019,1,00-0034439,R.Izzo,TE,NE,PIT,0,0,0.0,0,0.0,0.0,0.0,0,0.0,0,2,1,3.0,0,0.3,1.3,,,77.0,255.0,23.876941176470588,1.0,Florida State,2018.0,2018.0,NE,250.0,30.0,0.054054055
2019,3,00-0034439,R.Izzo,TE,NE,NYJ,0,0,0.0,0,0.0,0.0,0.0,0,0.0,0,1,1,41.0,0,4.1,5.1,,,77.0,255.0,23.876941176470588,1.0,Florida State,2018.0,2018.0,NE,250.0,16.0,0.023255814
2019,5,00-0034439,R.Izzo,TE,NE,WAS,0,0,0.0,0,0.0,0.0,0.0,0,0.0,0,2,2,39.0,1,9.9,11.9,,,77.0,255.0,23.876941176470588,1.0,Florida State,2018.0,2018.0,NE,250.0,,0.05
2019,6,00-0034439,R.Izzo,TE,NE,NYG,0,0,0.0,0,0.0,0.0,0.0,0,0.0,0,4,2,31.0,0,3.1,5.1,,,77.0,255.0,23.876941176470588,1.0,Florida State,2018.0,2018.0,NE,250.0,21.0,0.09756097
2019,1,00-0034440,J.Jackson,RB,LAC,IND,0,0,0.0,0,0.0,0.0,0.0,6,57.0,0,3,1,4.0,0,6.1,7.1,,,72.0,200.0,23.5279375,1.0,Northwestern,2018.0,2018.0,LAC,251.0,6.0,0.0882353
2019,2,00-0034440,J.Jackson,RB,LAC,DET,0,0,0.0,0,0.0,0.0,0.0,7,59.0,0,1,1,5.0,0,6.4,7.4,,,72.0,200.0,23.5279375,1.0,Northwestern,2018.0,2018.0,LAC,251.0,,0.028571429
2019,3,00-0034440,J.Jackson,RB,LAC,HOU,0,0,0.0,0,0.0,0.0,0.0,5,26.0,0,4,4,4.0,0,3.0,7.0,,,72.0,200.0,23.5279375,1.0,Northwestern,2018.0,2018.0,LAC,251.0,-7.0,0.08695652
2019,9,00-0034440,J.Jackson,RB,LAC,GB,0,0,0.0,0,0.0,0.0,0.0,2,7.0,0,1,1,7.0,0,1.4,2.4,,,72.0,200.0,23.5279375,1.0,Northwestern,2018.0,2018.0,LAC,251.0,15.0,0.03846154
2019,14,00-0034440,J.Jackson,RB,LAC,JAX,0,0,0.0,0,0.0,0.0,0.0,3,25.0,0,0,0,0.0,0,2.5,2.5,,,72.0,200.0,23.5279375,1.0,Northwestern,2018.0,2018.0,LAC,251.0,,
2019,15,00-0034440,J.Jackson,RB,LAC,MIN,0,0,0.0,0,0.0,0.0,0.0,5,15.0,0,2,2,2.0,0,1.7,3.7,,,72.0,200.0,23.5279375,1.0,Northwestern,2018.0,2018.0,LAC,251.0,-29.0,0.05263158
2019,17,00-0034440,J.Jackson,RB,LAC,KC,0,0,0.0,0,0.0,0.0,0.0,1,11.0,0,0,0,0.0,0,1.1,1.1,,,72.0,200.0,23.5279375,1.0,Northwestern,2018.0,2018.0,LAC,251.0,,
2019,11,00-0034449,B.Howell,RB,HOU,BAL,0,0,0.0,0,0.0,0.0,0.0,2,5.0,0,0,0,0.0,0,0.5,0.5,,,73.0,218.0,23.621555555555556,1.0,Florida Atlantic,2018.0,2018.0,,,,
2019,17,00-0034449,B.Howell,RB,HOU,TEN,0,0,0.0,0,0.0,0.0,0.0,3,5.0,0,0,0,0.0,0,0.5,0.5,,,73.0,218.0,23.621555555555556,1.0,Florida Atlantic,2018.0,2018.0,,,-21.0,
2019,11,00-0034457,J.Adams,RB,NYJ,WAS,0,0,0.0,0,0.0,0.0,0.0,4,6.0,0,0,0,0.0,0,0.6,0.6,,,74.0,225.0,23.017375,1.0,Notre Dame,2018.0,2018.0,,,,
2019,12,00-0034457,J.Adams,RB,NYJ,LV,0,0,0.0,0,0.0,0.0,0.0,4,6.0,0,0,0,0.0,0,0.6,0.6,,,74.0,225.0,23.017375,1.0,Notre Dame,2018.0,2018.0,,,31.0,
2019,3,00-0034487,T.Sherfield,WR,ARI,CAR,0,0,0.0,0,0.0,0.0,0.0,0,0.0,0,1,0,0.0,0,0.0,0.0,,,73.0,219.0,23.6809375,1.0,Vanderbilt,2018.0,2018.0,,,-18.0,0.023809524
2019,4,00-0034487,T.Sherfield,WR,ARI,SEA,0,0,0.0,0,0.0,0.0,0.0,0,0.0,0,3,1,15.0,0,1.5,2.5,,,73.0,219.0,23.6809375,1.0,Vanderbilt,2018.0,2018.0,,,-17.0,0.1
2019,5,00-0034487,T.Sherfield,WR,ARI,CIN,0,0,0.0,0,0.0,0.0,0.0,0,0.0,0,3,1,23.0,0,2.3,3.3,,,73.0,219.0,23.6809375,1.0,Vanderbilt,2018.0,2018.0,,,,0.09677419
2019,6,00-0034487,T.Sherfield,WR,ARI,ATL,0,0,0.0,0,0.0,0.0,0.0,0,0.0,0,1,1,38.0,0,3.8,4.8,,,73.0,219.0,23.6809375,1.0,Vanderbilt,2018.0,2018.0,,,1.0,0.028571429
2019,7,00-0034487,T.Sherfield,WR,ARI,NYG,0,0,0.0,0,0.0,0.0,0.0,0,0.0,0,1,1,4.0,0,0.4,1.4,,,73.0,219.0,23.6809375,1.0,Vanderbilt,2018.0,2018.0,,,,0.04761905
2019,8,00-0034487,T.Sherfield,WR,ARI,NO,0,0,0.0,0,0.0,0.0,0.0,0,0.0,0,2,0,0.0,0,0.0,0.0,,,73.0,219.0,23.6809375,1.0,Vanderbilt,2018.0,2018.0,,,,0.0625
2019,10,00-0034487,T.Sherfield,WR,ARI,TB,0,0,0.0,0,0.0,0.0,0.0,0,0.0,0,2,0,0.0,0,0.0,0.0,,,73.0,219.0,23.6809375,1.0,Vanderbilt,2018.0,2018.0,,,,0.046511628
2019,2,00-0034510,R.Foster,WR,BUF,NYG,0,0,0.0,0,0.0,0.0,0.0,0,0.0,0,2,0,0.0,0,0.0,0.0,,,74.0,194.0,25.504823529411766,1.0,Alabama,2018.0,2018.0,,,,0.071428575
2019,3,00-0034510,R.Foster,WR,BUF,CIN,0,0,0.0,0,0.0,0.0,0.0,0,0.0,0,1,0,0.0,0,0.0,0.0,,,74.0,194.0,25.504823529411766,1.0,Alabama,2018.0,2018.0,,,4.0,0.030303031
2019,8,00-0034510,R.Foster,WR,BUF,PHI,0,0,0.0,0,0.0,0.0,0.0,0,0.0,0,1,0,0.0,0,0.0,0.0,,,74.0,194.0,25.504823529411766,1.0,Alabama,2018.0,2018.0,,,-18.0,0.032258064
2019,9,00-0034510,R.Foster,WR,BUF,WAS,0,0,0.0,0,0.0,0.0,0.0,0,0.0,0,1,0,0.0,0,0.0,0.0,,,74.0,194.0,25.504823529411766,1.0,Alabama,2018.0,2018.0,,,15.0,0.05
2019,10,00-0034510,R.Foster,WR,BUF,CLE,0,0,0.0,0,0.0,0.0,0.0,0,0.0,0,1,1,20.0,0,2.0,3.0,,,74.0,194.0,25.504823529411766,1.0,Alabama,2018.0,2018.0,,,,0.025641026
2019,12,00-0034510,R.Foster,WR,BUF,DEN,0,0,0.0,0,0.0,0.0,0.0,1,22.0,0,1,1,24.0,0,4.6,5.6,,,74.0,194.0,25.504823529411766,1.0,Alabama,2018.0,2018.0,,,17.0,0.045454547
2019,13,00-0034510,R.Foster,WR,BUF,DAL,0,0,0.0,0,0.0,0.0,0.0,1,7.0,0,2,1,20.0,0,2.7,3.7,,,74.0,194.0,25.504823529411766,1.0,Alabama,2018.0,2018.0,,,,0.08
2019,14,00-0034510,R.Foster,WR,BUF,BAL,0,0,0.0,0,0.0,0.0,0.0,0,0.0,0,4,0,0.0,0,0.0,0.0,,,74.0,194.0,25.504823529411766,1.0,Alabama,2018.0,2018.0,,,-7.0,0.10810811
2019,16,00-0034510,R.Foster,WR,BUF,NE,0,0,0.0,0,0.0,0.0,0.0,0,0.0,0,1,0,0.0,0,0.0,0.0,,,74.0,194.0,25.504823529411766,1.0,Alabama,2018.0,2018.0,,,,0.03846154
2019,17,00-0034510,R.Foster,WR,BUF,NYJ,0,0,0.0,0,0.0,0.0,0.0,0,0.0,0,4,0,0.0,0,0.0,0.0,,,74.0,194.0,25.504823529411766,1.0,Alabama,2018.0,2018.0,,,-7.0,0.102564104
2019,6,00-0034521,A.Lazard,WR,GB,DET,0,0,0.0,0,0.0,0.0,0.0,0,0.0,0,5,4,65.0,1,12.5,16.5,,,77.0,227.0,23.91561111111111,1.0,Iowa State,2018.0,2018.0,,,1.0,0.13157895
2019,7,00-0034521,A.Lazard,WR,GB,LV,0,0,0.0,0,0.0,0.0,0.0,0,0.0,0,4,3,42.0,0,4.2,7.2,,,77.0,227.0,23.91561111111111,1.0,Iowa State,2018.0,2018.0,,,18.0,0.13793103
2019,8,00-0034521,A.Lazard,WR,GB,KC,0,0,0.0,0,0.0,0.0,0.0,0,0.0,0,5,5,42.0,0,4.2,9.2,,,77.0,227.0,23.91561111111111,1.0,Iowa State,2018.0,2018.0,,,,0.16129032
2019,9,00-0034521,A.Lazard,WR,GB,LAC,0,0,0.0,0,0.0,0.0,0.0,0,0.0,0,4,3,44.0,0,4.4,7.4,,,77.0,227.0,23.91561111111111,1.0,Iowa State,2018.0,2018.0,,,,0.11764706
2019,10,00-0034521,A.Lazard,WR,GB,CAR,0,0,0.0,0,0.0,0.0,0.0,0,0.0,0,6,3,27.0,0,2.7,5.7,,,77.0,227.0,23.91561111111111,1.0,Iowa State,2018.0,2018.0,,,8.0,0.22222222
2019,12,00-0034521,A.Lazard,WR,GB,SF,0,0,0.0,0,0.0,0.0,0.0,1,21.0,0,2,1,7.0,0,2.8,3.8,,,77.0,227.0,23.91561111111111,1.0,Iowa State,2018.0,2018.0,,,,0.055555556
2019,13,00-0034521,A.Lazard,WR,GB,NYG,0,0,0.0,0,0.0,0.0,0.0,0,0.0,0,3,3,103.0,1,16.3,19.3,,,77.0,227.0,23.91561111111111,1.0,Iowa State,2018.0,2018.0,,,,0.09090909
2019,14,00-0034521,A.Lazard,WR,GB,WAS,0,0,0.0,0,0.0,0.0,0.0,0,0.0,0,3,2,19.0,0,1.9,3.9,,,77.0,227.0,23.91561111111111,1.0,Iowa State,2018.0,2018.0,,,5.0,0.11111111
2019,15,00-0034521,A.Lazard,WR,GB,CHI,0,0,0.0,0,0.0,0.0,0.0,0,0.0,0,3,2,14.0,0,1.4,3.4,,,77.0,227.0,23.91561111111111,1.0,Iowa State,2018.0,2018.0,,,8.0,0.1
2019,16,00-0034521,A.Lazard,WR,GB,MIN,0,0,0.0,0,0.0,0.0,0.0,0,0.0,0,9,5,45.0,0,4.5,9.5,,,77.0,227.0,23.91561111111111,1.0,Iowa State,2018.0,2018.0,,,,0.23684211
2019,17,00-0034521,A.Lazard,WR,GB,DET,0,0,0.0,0,0.0,0.0,0.0,0,0.0,0,8,4,69.0,1,12.9,16.9,,,77.0,227.0,23.91561111111111,1.0,Iowa State,2018.0,2018.0,,,,0.14814815
2019,19,00-0034521,A.Lazard,WR,GB,SEA,0,0,0.0,0,0.0,0.0,0.0,1,5.0,0,0,0,0.0,0,0.5,0.5,,,77.0,227.0,23.91561111111111,1.0,Iowa State,2018.0,2018.0,,,5.0,
2019,20,00-0034521,A.Lazard,WR,GB,SF,0,0,0.0,0,0.0,0.0,0.0,0,0.0,0,4,3,36.0,0,3.6,6.6,,,77.0,227.0,23.91561111111111,1.0,Iowa State,2018.0,2018.0,,,,0.10810811
2019,3,00-0034577,K.Allen,QB,CAR,ARI,19,26,261.0,4,0.0,2.0,21.0,3,-1.0,0,0,0,0.0,0,24.34,24.34,,,75.0,211.0,23.6569375,1.0,Houston,2018.0,2018.0,,,,
2019,4,00-0034577,K.Allen,QB,CAR,HOU,24,34,232.0,0,0.0,3.0,29.0,0,0.0,0,0,0,0.0,0,3.28,3.28,,,75.0,211.0,23.6569375,1.0,Houston,2018.0,2018.0,,,,
2019,5,00-0034577,K.Allen,QB,CAR,JAX,17,30,181.0,1,0.0,3.0,21.0,1,4.0,0,0,0,0.0,0,11.64,11.64,,,75.0,211.0,23.6569375,1.0,Houston,2018.0,2018.0,,,7.0,
2019,6,00-0034577,K.Allen,QB,CAR,TB,20,32,227.0,2,0.0,2.0,18.0,3,3.0,0,0,0,0.0,0,17.38,17.38,,,75.0,211.0,23.6569375,1.0,Houston,2018.0,2018.0,,,,
2019,8,00-0034577,K.Allen,QB,CAR,SF,19,37,158.0,0,3.0,7.0,58.0,0,0.0,0,0,0,0.0,0,0.32,0.32,,,75.0,211.0,23.6569375,1.0,Houston,2018.0,2018.0,,,,
2019,9,00-0034577,K.Allen,QB,CAR,TEN,17,32,232.0,2,1.0,3.0,18.0,3,-4.0,0,0,0,0.0,0,14.88,14.88,,,75.0,211.0,23.6569375,1.0,Houston,2018.0,2018.0,,,10.0,
2019,10,00-0034577,K.Allen,QB,CAR,GB,28,43,307.0,1,1.0,3.0,26.0,3,12.0,0,0,0,0.0,0,13.48,13.48,,,75.0,211.0,23.6569375,1.0,Houston,2018.0,2018.0,,,,
2019,11,00-0034577,K.Allen,QB,CAR,ATL,31,50,325.0,0,4.0,5.0,55.0,1,7.0,0,0,0,0.0,0,5.7,5.7,,,75.0,211.0,23.6569375,1.0,Houston,2018.0,2018.0,,,-26.0,
2019,12,00-0034577,K.Allen,QB,CAR,NO,23,36,256.0,3,0.0,4.0,26.0,1,9.0,0,0,0,0.0,0,23.14,23.14,,,75.0,211.0,23.6569375,1.0,Houston,2018.0,2018.0,,,,
2019,13,00-0034577,K.Allen,QB,CAR,WAS,27,46,278.0,2,1.0,7.0,65.0,4,22.0,1,0,0,0.0,0,23.32,23.32,,,75.0,211.0,23.6569375,1.0,Houston,2018.0,2018.0,,,-8.0,
2019,14,00-0034577,K.Allen,QB,CAR,ATL,28,41,293.0,1,2.0,5.0,48.0,6,24.0,1,0,0,0.0,0,18.12,18.12,,,75.0,211.0,23.6569375,1.0,Houston,2018.0,2018.0,,,,
2019,15,00-0034577,K.Allen,QB,CAR,SEA,25,41,277.0,1,3.0,1.0,8.0,5,25.0,0,0,0,0.0,0,11.58,11.58,,,75.0,211.0,23.6569375,1.0,Houston,2018.0,2018.0,,,-6.0,
2019,17,00-0034577,K.Allen,QB,CAR,NO,25,41,295.0,0,1.0,1.0,4.0,2,5.0,0,0,0,0.0,0,10.3,10.3,,,75.0,211.0,23.6569375,1.0,Houston,2018.0,2018.0,,,-32.0,
2019,3,00-0034578,R.Bonnafon,RB,CAR,ARI,0,0,0.0,0,0.0,0.0,0.0,2,5.0,0,0,0,0.0,0,0.5,0.5,,,72.0,215.0,23.832125,1.0,Louisville,2018.0,2018.0,,,,
2019,5,00-0034578,R.Bonnafon,RB,CAR,JAX,0,0,0.0,0,0.0,0.0,0.0,5,80.0,1,0,0,0.0,0,14.0,14.0,,,72.0,215.0,23.832125,1.0,Louisville,2018.0,2018.0,,,7.0,
2019,8,00-0034578,R.Bonnafon,RB,CAR,SF,0,0,0.0,0,0.0,0.0,0.0,1,4.0,0,3,1,3.0,0,0.7,1.7,,,72.0,215.0,23.832125,1.0,Louisville,2018.0,2018.0,,,,0.08108108
2019,9,00-0034578,R.Bonnafon,RB,CAR,TEN,0,0,0.0,0,0.0,0.0,0.0,3,6.0,0,1,1,7.0,0,1.3,2.3,,,72.0,215.0,23.832125,1.0,Louisville,2018.0,2018.0,,,10.0,0.033333335
2019,11,00-0034578,R.Bonnafon,RB,CAR,ATL,0,0,0.0,0,0.0,0.0,0.0,0,0.0,0,3,2,8.0,0,0.8,2.8,,,72.0,215.0,23.832125,1.0,Louisville,2018.0,2018.0,,,-26.0,0.06382979
2019,14,00-0034578,R.Bonnafon,RB,CAR,ATL,0,0,0.0,0,0.0,0.0,0.0,1,6.0,0,0,0,0.0,0,0.6,0.6,,,72.0,215.0,23.832125,1.0,Louisville,2018.0,2018.0,,,,
2019,16,00-0034578,R.Bonnafon,RB,CAR,IND,0,0,0.0,0,0.0,0.0,0.0,2,12.0,0,0,0,0.0,0,1.2,1.2,,,72.0,215.0,23.832125,1.0,Louisville,2018.0,2018.0,,,,
2019,17,00-0034578,R.Bonnafon,RB,CAR,NO,0,0,0.0,0,0.0,0.0,0.0,2,3.0,0,2,2,39.0,0,4.2,6.2,,,72.0,215.0,23.832125,1.0,Louisville,2018.0,2018.0,,,-32.0,0.040816326
2019,15,00-0034593,C.Lacy,WR,DET,TB,0,0,0.0,0,0.0,0.0,0.0,0,0.0,0,2,1,48.0,0,4.8,5.8,,,75.0,205.0,23.7690625,1.0,Oklahoma State,2018.0,2018.0,,,-21.0,0.046511628
2019,16,00-0034593,C.Lacy,WR,DET,DEN,0,0,0.0,0,0.0,0.0,0.0,0,0.0,0,1,0,0.0,0,0.0,0.0,,,75.0,205.0,23.7690625,1.0,Oklahoma State,2018.0,2018.0,,,,0.04347826
2019,17,00-0034593,C.Lacy,WR,DET,GB,0,0,0.0,0,0.0,0.0,0.0,0,0.0,0,7,2,12.0,0,1.2,3.2,,,75.0,205.0,23.7690625,1.0,Oklahoma State,2018.0,2018.0,,,-3.0,0.2413793
2019,17,00-0034597,R.Nall,RB,CHI,MIN,0,0,0.0,0,0.0,0.0,0.0,2,8.0,0,0,0,0.0,0,0.8,0.8,,,74.0,232.0,23.8543125,1.0,Oregon State,2018.0,2018.0,,,,
2019,8,00-0034613,T.Hudson,TE,TB,TEN,0,0,0.0,0,0.0,0.0,0.0,0,0.0,0,1,0,0.0,0,0.0,0.0,,,77.0,239.0,24.976375,1.0,Southern Arkansas,2018.0,2018.0,,,,0.024390243
2019,9,00-0034613,T.Hudson,TE,TB,SEA,0,0,0.0,0,0.0,0.0,0.0,0,0.0,0,2,1,12.0,0,1.2,2.2,,,77.0,239.0,24.976375,1.0,Southern Arkansas,2018.0,2018.0,,,,0.046511628
2019,15,00-0034613,T.Hudson,TE,TB,DET,0,0,0.0,0,0.0,0.0,0.0,0,0.0,0,1,1,14.0,0,1.4,2.4,,,77.0,239.0,24.976375,1.0,Southern Arkansas,2018.0,2018.0,,,,0.024390243
2019,17,00-0034613,T.Hudson,TE,TB,ATL,0,0,0.0,0,0.0,0.0,0.0,0,0.0,0,1,0,0.0,0,0.0,0.0,,,77.0,239.0,24.976375,1.0,Southern Arkansas,2018.0,2018.0,,,-6.0,0.04347826
2019,5,00-0034631,V.Smith,WR,NYJ,PHI,0,0,0.0,0,0.0,0.0,0.0,1,19.0,1,0,0,0.0,0,7.9,7.9,,,75.0,202.0,23.40625,1.0,Limestone,2018.0,2018.0,,,,
2019,6,00-0034631,V.Smith,WR,NYJ,DAL,0,0,0.0,0,0.0,0.0,0.0,0,0.0,0,1,1,5.0,0,0.5,1.5,,,75.0,202.0,23.40625,1.0,Limestone,2018.0,2018.0,,,2.0,0.033333335
2019,7,00-0034631,V.Smith,WR,NYJ,NE,0,0,0.0,0,0.0,0.0,0.0,0,0.0,0,1,0,0.0,0,0.0,0.0,,,75.0,202.0,23.40625,1.0,Limestone,2018.0,2018.0,,,-33.0,0.032258064
2019,8,00-0034631,V.Smith,WR,NYJ,JAX,0,0,0.0,0,0.0,0.0,0.0,1,13.0,0,4,2,10.0,0,2.3,4.3,,,75.0,202.0,23.40625,1.0,Limestone,2018.0,2018.0,,,,0.13793103
2019,9,00-0034631,V.Smith,WR,NYJ,MIA,0,0,0.0,0,0.0,0.0,0.0,0,0.0,0,3,1,20.0,0,2.0,3.0,,,75.0,202.0,23.40625,1.0,Limestone,2018.0,2018.0,,,,0.083333336
2019,10,00-0034631,V.Smith,WR,NYJ,NYG,0,0,0.0,0,0.0,0.0,0.0,0,0.0,0,1,0,0.0,0,0.0,0.0,,,75.0,202.0,23.40625,1.0,Limestone,2018.0,2018.0,,,7.0,0.037037037
2019,11,00-0034631,V.Smith,WR,NYJ,WAS,0,0,0.0,0,0.0,0.0,0.0,0,0.0,0,1,0,0.0,0,0.0,0.0,,,75.0,202.0,23.40625,1.0,Limestone,2018.0,2018.0,,,,0.035714287
2019,12,00-0034631,V.Smith,WR,NYJ,LV,0,0,0.0,0,0.0,0.0,0.0,0,0.0,0,1,1,22.0,0,2.2,3.2,,,75.0,202.0,23.40625,1.0,Limestone,2018.0,2018.0,,,31.0,0.03846154
2019,13,00-0034631,V.Smith,WR,NYJ,CIN,0,0,0.0,0,0.0,0.0,0.0,0,0.0,0,3,2,23.0,0,2.3,4.3,,,75.0,202.0,23.40625,1.0,Limestone,2018.0,2018.0,,,,0.06666667
2019,14,00-0034631,V.Smith,WR,NYJ,MIA,0,0,0.0,0,0.0,0.0,0.0,0,0.0,0,3,1,37.0,0,3.7,4.7,,,75.0,202.0,23.40625,1.0,Limestone,2018.0,2018.0,,,1.0,0.08571429
2019,15,00-0034631,V.Smith,WR,NYJ,BAL,0,0,0.0,0,0.0,0.0,0.0,0,0.0,0,5,3,40.0,0,4.0,7.0,,,75.0,202.0,23.40625,1.0,Limestone,2018.0,2018.0,,,,0.1724138
2019,16,00-0034631,V.Smith,WR,NYJ,PIT,0,0,0.0,0,0.0,0.0,0.0,0,0.0,0,4,3,32.0,0,3.2,6.2,,,75.0,202.0,23.40625,1.0,Limestone,2018.0,2018.0,,,6.0,0.16
2019,17,00-0034631,V.Smith,WR,NYJ,BUF,0,0,0.0,0,0.0,0.0,0.0,1,20.0,0,4,3,36.0,0,5.6,8.6,,,75.0,202.0,23.40625,1.0,Limestone,2018.0,2018.0,,,,0.121212125
2019,17,00-0034653,D.Burnett,WR,PHI,NYG,0,0,0.0,0,0.0,0.0,0.0,0,0.0,0,4,2,48.0,0,4.8,6.8,,,72.0,186.0,22.096352941176473,1.0,Southern California,2018.0,2018.0,,,,0.1
2019,18,00-0034653,D.Burnett,WR,PHI,SEA,0,0,0.0,0,0.0,0.0,0.0,0,0.0,0,1,1,5.0,0,0.5,1.5,,,72.0,186.0,22.096352941176473,1.0,Southern California,2018.0,2018.0,,,-8.0,0.04
2019,6,00-0034654,D.Dawkins,RB,TEN,DEN,0,0,0.0,0,0.0,0.0,0.0,2,2.0,0,0,0,0.0,0,0.2,0.2,,,67.0,183.0,24.881736842105262,1.0,Colorado State,2018.0,2018.0,,,,
2019,16,00-0034654,D.Dawkins,RB,TEN,NO,0,0,0.0,0,0.0,0.0,0.0,9,24.0,0,1,0,0.0,0,2.4,2.4,,,67.0,183.0,24.881736842105262,1.0,Colorado State,2018.0,2018.0,,,-10.0,0.04
2019,14,00-0034660,R.Gafford,WR,LV,TEN,0,0,0.0,0,0.0,0.0,0.0,0,0.0,0,1,1,49.0,1,10.9,11.9,,,70.0,184.0,23.4501875,1.0,Wyoming,2018.0,2018.0,,,,0.033333335
2019,17,00-0034660,R.Gafford,WR,LV,DEN,0,0,0.0,0,0.0,0.0,0.0,0,0.0,0,1,1,17.0,0,1.7,2.7,,,70.0,184.0,23.4501875,1.0,Wyoming,2018.0,2018.0,,,,0.024390243
2019,1,00-0034676,J.Washington,WR,PIT,NE,0,0,0.0,0,0.0,0.0,0.0,0,0.0,0,6,2,51.0,0,5.1,7.1,,,71.0,213.0,23.5888125,1.0,Oklahoma State,2018.0,2018.0,PIT,60.0,,0.12765957
2019,2,00-0034676,J.Washington,WR,PIT,SEA,0,0,0.0,0,0.0,0.0,0.0,0,0.0,0,3,2,23.0,0,2.3,4.3,,,71.0,213.0,23.5888125,1.0,Oklahoma State,2018.0,2018.0,PIT,60.0,-2.0,0.0882353
2019,3,00-0034676,J.Washington,WR,PIT,SF,0,0,0.0,0,0.0,0.0,0.0,0,0.0,0,5,2,14.0,0,1.4,3.4,,,71.0,213.0,23.5888125,1.0,Oklahoma State,2018.0,2018.0,PIT,60.0,,0.1923077
2019,4,00-0034676,J.Washington,WR,PIT,CIN,0,0,0.0,0,0.0,0.0,0.0,0,0.0,0,1,0,0.0,0,0.0,0.0,,,71.0,213.0,23.5888125,1.0,Oklahoma State,2018.0,2018.0,PIT,60.0,24.0,0.033333335
2019,5,00-0034676,J.Washington,WR,PIT,BAL,0,0,0.0,0,0.0,0.0,0.0,0,0.0,0,6,3,52.0,0,5.2,8.2,,,71.0,213.0,23.5888125,1.0,Oklahoma State,2018.0,2018.0,PIT,60.0,-3.0,0.2
2019,8,00-0034676,J.Washington,WR,PIT,MIA,0,0,0.0,0,0.0,0.0,0.0,0,0.0,0,6,1,21.0,0,2.1,3.1,,,71.0,213.0,23.5888125,1.0,Oklahoma State,2018.0,2018.0,PIT,60.0,13.0,0.16666667
2019,9,00-0034676,J.Washington,WR,PIT,IND,0,0,0.0,0,0.0,0.0,0.0,0,0.0,0,4,4,69.0,0,6.9,10.9,,,71.0,213.0,23.5888125,1.0,Oklahoma State,2018.0,2018.0,PIT,60.0,2.0,0.11764706
2019,10,00-0034676,J.Washington,WR,PIT,LA,0,0,0.0,0,0.0,0.0,0.0,0,0.0,0,7,6,90.0,1,13.0,19.0,,,71.0,213.0,23.5888125,1.0,Oklahoma State,2018.0,2018.0,PIT,60.0,5.0,0.19444445
2019,11,00-0034676,J.Washington,WR,PIT,CLE,0,0,0.0,0,0.0,0.0,0.0,0,0.0,0,5,3,49.0,0,4.9,7.9,,,71.0,213.0,23.5888125,1.0,Oklahoma State,2018.0,2018.0,PIT,60.0,,0.11627907
2019,12,00-0034676,J.Washington,WR,PIT,CIN,0,0,0.0,0,0.0,0.0,0.0,0,0.0,0,7,3,98.0,1,15.8,18.8,,,71.0,213.0,23.5888125,1.0,Oklahoma State,2018.0,2018.0,PIT,60.0,,0.3181818
2019,13,00-0034676,J.Washington,WR,PIT,CLE,0,0,0.0,0,0.0,0.0,0.0,0,0.0,0,4,4,111.0,1,17.1,21.1,,,71.0,213.0,23.5888125,1.0,Oklahoma State,2018.0,2018.0,PIT,60.0,7.0,0.22222222
2019,14,00-0034676,J.Washington,WR,PIT,ARI,0,0,0.0,0,0.0,0.0,0.0,0,0.0,0,4,4,33.0,0,3.3,7.3,,,71.0,213.0,23.5888125,1.0,Oklahoma State,2018.0,2018.0,PIT,60.0,,0.22222222
2019,15,00-0034676,J.Washington,WR,PIT,BUF,0,0,0.0,0,0.0,0.0,0.0,0,0.0,0,11,5,83.0,0,8.3,13.3,,,71.0,213.0,23.5888125,1.0,Oklahoma State,2018.0,2018.0,PIT,60.0,-7.0,0.30555555
2019,16,00-0034676,J.Washington,WR,PIT,NYJ,0,0,0.0,0,0.0,0.0,0.0,0,0.0,0,8,5,41.0,0,4.1,9.1,,,71.0,213.0,23.5888125,1.0,Oklahoma State,2018.0,2018.0,PIT,60.0,,0.22222222
2019,17,00-0034676,J.Washington,WR,PIT,BAL,0,0,0.0,0,0.0,0.0,0.0,0,0.0,0,3,0,0.0,0,0.0,0.0,,,71.0,213.0,23.5888125,1.0,Oklahoma State,2018.0,2018.0,PIT,60.0,,0.15
2019,1,00-0034679,M.Walton,HB,MIA,BAL,0,0,0.0,0,0.0,0.0,0.0,1,1.0,0,0,0,0.0,0,0.1,0.1,,,70.0,200.0,22.6031875,1.0,Miami (Fla.),2018.0,2018.0,CIN,112.0,-49.0,
2019,2,00-0034679,M.Walton,HB,MIA,NE,0,0,0.0,0,0.0,0.0,0.0,3,15.0,0,2,1,12.0,0,2.7,3.7,,,70.0,200.0,22.6031875,1.0,Miami (Fla.),2018.0,2018.0,CIN,112.0,-43.0,0.051282052
2019,4,00-0034679,M.Walton,HB,MIA,LAC,0,0,0.0,0,0.0,0.0,0.0,6,23.0,0,2,2,11.0,0,3.4,5.4,,,70.0,200.0,22.6031875,1.0,Miami (Fla.),2018.0,2018.0,CIN,112.0,-20.0,0.083333336
2019,6,00-0034679,M.Walton,HB,MIA,WAS,0,0,0.0,0,0.0,0.0,0.0,6,32.0,0,6,5,43.0,0,7.5,12.5,,,70.0,200.0,22.6031875,1.0,Miami (Fla.),2018.0,2018.0,CIN,112.0,-1.0,0.14285715
2019,7,00-0034679,M.Walton,HB,MIA,BUF,0,0,0.0,0,0.0,0.0,0.0,14,66.0,0,1,1,-8.0,0,5.8,6.8,,,70.0,200.0,22.6031875,1.0,Miami (Fla.),2018.0,2018.0,CIN,112.0,,0.029411765
2019,8,00-0034679,M.Walton,HB,MIA,PIT,0,0,0.0,0,0.0,0.0,0.0,11,35.0,0,6,3,19.0,0,3.4,6.4,,,70.0,200.0,22.6031875,1.0,Miami (Fla.),2018.0,2018.0,CIN,112.0,,0.18181819
2019,9,00-0034679,M.Walton,HB,MIA,NYJ,0,0,0.0,0,0.0,0.0,0.0,12,29.0,0,4,3,12.0,0,4.1,7.1,,,70.0,200.0,22.6031875,1.0,Miami (Fla.),2018.0,2018.0,CIN,112.0,8.0,0.11111111
2019,1,00-0034681,C.Edmonds,RB,ARI,DET,0,0,0.0,0,0.0,0.0,0.0,1,5.0,0,1,0,0.0,0,0.5,0.5,,,69.0,210.0,23.5523125,1.0,Fordham,2018.0,2018.0,ARI,134.0,0.0,0.01923077
2019,2,00-0034681,C.Edmonds,RB,ARI,BAL,0,0,0.0,0,0.0,0.0,0.0,1,2.0,0,2,2,15.0,0,1.7,3.7,,,69.0,210.0,23.5523125,1.0,Fordham,2018.0,2018.0,ARI,134.0,,0.054054055
2019,3,00-0034681,C.Edmonds,RB,ARI,CAR,0,0,0.0,0,0.0,0.0,0.0,3,15.0,0,2,1,10.0,0,2.5,3.5,,,69.0,210.0,23.5523125,1.0,Fordham,2018.0,2018.0,ARI,134.0,-18.0,0.04761905
2019,4,00-0034681,C.Edmonds,RB,ARI,SEA,0,0,0.0,0,0.0,0.0,0.0,6,37.0,0,0,0,0.0,0,3.7,3.7,,,69.0,210.0,23.5523125,1.0,Fordham,2018.0,2018.0,ARI,134.0,-17.0,
2019,5,00-0034681,C.Edmonds,RB,ARI,CIN,0,0,0.0,0,0.0,0.0,0.0,8,68.0,1,4,3,18.0,0,14.6,17.6,,,69.0,210.0,23.5523125,1.0,Fordham,2018.0,2018.0,ARI,134.0,,0.12903225
2019,6,00-0034681,C.Edmonds,RB,ARI,ATL,0,0,0.0,0,0.0,0.0,0.0,5,34.0,0,2,2,33.0,1,12.7,14.7,,,69.0,210.0,23.5523125,1.0,Fordham,2018.0,2018.0,ARI,134.0,1.0,0.057142857
2019,7,00-0034681,C.Edmonds,RB,ARI,NYG,0,0,0.0,0,0.0,0.0,0.0,27,126.0,3,4,2,24.0,0,33.0,35.0,,,69.0,210.0,23.5523125,1.0,Fordham,2018.0,2018.0,ARI,134.0,,0.1904762
2019,8,00-0034681,C.Edmonds,RB,ARI,NO,0,0,0.0,0,0.0,0.0,0.0,7,8.0,0,4,2,5.0,0,1.3,3.3,,,69.0,210.0,23.5523125,1.0,Fordham,2018.0,2018.0,ARI,134.0,,0.125
2019,14,00-0034681,C.Edmonds,RB,ARI,PIT,0,0,0.0,0,0.0,0.0,0.0,1,9.0,0,2,0,0.0,0,0.9,0.9,,,69.0,210.0,23.5523125,1.0,Fordham,2018.0,2018.0,ARI,134.0,-6.0,0.071428575
2019,17,00-0034681,C.Edmonds,RB,ARI,LA,0,0,0.0,0,0.0,0.0,0.0,1,-1.0,0,0,0,0.0,0,-0.1,-0.1,,,69.0,210.0,23.5523125,1.0,Fordham,2018.0,2018.0,ARI,134.0,,
2019,2,00-0034686,A.Tate,WR,CIN,SF,0,0,0.0,0,0.0,0.0,0.0,0,0.0,0,2,1,6.0,0,0.6,1.6,,,77.0,228.0,22.74625,1.0,Florida State,2018.0,2018.0,CIN,253.0,-24.0,0.04761905
2019,3,00-0034686,A.Tate,WR,CIN,BUF,0,0,0.0,0,0.0,0.0,0.0,0,0.0,0,10,6,88.0,0,6.8,12.8,,,77.0,228.0,22.74625,1.0,Florida State,2018.0,2018.0,CIN,253.0,,0.29411766
2019,4,00-0034686,A.Tate,WR,CIN,PIT,0,0,0.0,0,0.0,0.0,0.0,0,0.0,0,6,4,50.0,0,5.0,9.0,,,77.0,228.0,22.74625,1.0,Florida State,2018.0,2018.0,CIN,253.0,,0.16666667
2019,5,00-0034686,A.Tate,WR,CIN,ARI,0,0,0.0,0,0.0,0.0,0.0,0,0.0,0,6,3,26.0,1,8.6,11.6,,,77.0,228.0,22.74625,1.0,Florida State,2018.0,2018.0,CIN,253.0,-3.0,0.16216215
2019,6,00-0034686,A.Tate,WR,CIN,BAL,0,0,0.0,0,0.0,0.0,0.0,0,0.0,0,11,5,91.0,0,9.1,14.1,,,77.0,228.0,22.74625,1.0,Florida State,2018.0,2018.0,CIN,253.0,,0.2972973
2019,7,00-0034686,A.Tate,WR,CIN,JAX,0,0,0.0,0,0.0,0.0,0.0,0,0.0,0,6,3,65.0,0,6.5,9.5,,,77.0,228.0,22.74625,1.0,Florida State,2018.0,2018.0,CIN,253.0,-10.0,0.14285715
2019,8,00-0034686,A.Tate,WR,CIN,LA,0,0,0.0,0,0.0,0.0,0.0,0,0.0,0,13,5,65.0,0,6.5,11.5,,,77.0,228.0,22.74625,1.0,Florida State,2018.0,2018.0,CIN,253.0,,0.27083334
2019,10,00-0034686,A.Tate,WR,CIN,BAL,0,0,0.0,0,0.0,0.0,0.0,0,0.0,0,6,3,36.0,0,3.6,6.6,,,77.0,228.0,22.74625,1.0,Florida State,2018.0,2018.0,CIN,253.0,-36.0,0.20689656
2019,11,00-0034686,A.Tate,WR,CIN,LV,0,0,0.0,0,0.0,0.0,0.0,0,0.0,0,6,4,56.0,0,5.6,9.6,,,77.0,228.0,22.74625,1.0,Florida State,2018.0,2018.0,CIN,253.0,,0.2
2019,12,00-0034686,A.Tate,WR,CIN,PIT,0,0,0.0,0,0.0,0.0,0.0,0,0.0,0,3,1,10.0,0,1.0,2.0,,,77.0,228.0,22.74625,1.0,Florida State,2018.0,2018.0,CIN,253.0,-6.0,0.12
2019,13,00-0034686,A.Tate,WR,CIN,NYJ,0,0,0.0,0,0.0,0.0,0.0,0,0.0,0,7,4,66.0,0,6.6,10.6,,,77.0,228.0,22.74625,1.0,Florida State,2018.0,2018.0,CIN,253.0,16.0,0.19444445
2019,14,00-0034686,A.Tate,WR,CIN,CLE,0,0,0.0,0,0.0,0.0,0.0,0,0.0,0,4,1,16.0,0,1.6,2.6,,,77.0,228.0,22.74625,1.0,Florida State,2018.0,2018.0,CIN,253.0,,0.11764706
2019,17,00-0034705,J.Franklin,WR,TB,ATL,0,0,0.0,0,0.0,0.0,0.0,1,11.0,0,0,0,0.0,0,1.1,1.1,,,73.0,186.0,25.120125,1.0,Florida Atlantic,2018.0,2018.0,,,-6.0,
2019,18,00-0034721,C.Bojorquez,P,BUF,HOU,0,1,0.0,0,0.0,0.0,-0.0,0,0.0,0,0,0,0.0,0,0.0,0.0,,,72.0,208.0,23.15029411764706,1.0,New Mexico,2018.0,2018.0,,,,
2019,16,00-0034735,C.McElroy,TE,TB,HOU,0,0,0.0,0,0.0,0.0,0.0,0,0.0,0,1,1,30.0,0,3.0,4.0,,,78.0,255.0,26.8894375,1.0,Southeastern Oklahoma,2018.0,2018.0,,,-3.0,0.021276595
2019,7,00-0034747,M.Ateman,WR,LV,GB,0,0,0.0,0,0.0,0.0,0.0,0,0.0,0,1,1,36.0,0,3.6,4.6,,,76.0,215.0,25.1340625,1.0,Oklahoma State,2018.0,2018.0,OAK,228.0,,0.032258064
2019,9,00-0034747,M.Ateman,WR,LV,DET,0,0,0.0,0,0.0,0.0,0.0,0,0.0,0,1,1,34.0,0,3.4,4.4,,,76.0,215.0,25.1340625,1.0,Oklahoma State,2018.0,2018.0,OAK,228.0,,0.037037037
2019,12,00-0034747,M.Ateman,WR,LV,NYJ,0,0,0.0,0,0.0,0.0,0.0,0,0.0,0,1,0,0.0,0,0.0,0.0,,,76.0,215.0,25.1340625,1.0,Oklahoma State,2018.0,2018.0,OAK,228.0,,0.030303031
2019,17,00-0034747,M.Ateman,WR,LV,DEN,0,0,0.0,0,0.0,0.0,0.0,0,0.0,0,7,3,46.0,0,2.6,5.6,,,76.0,215.0,25.1340625,1.0,Oklahoma State,2018.0,2018.0,OAK,228.0,,0.17073171
2019,1,00-0034750,R.Penny,RB,SEA,CIN,0,0,0.0,0,0.0,0.0,0.0,6,18.0,0,0,0,0.0,0,1.8,1.8,,,71.0,220.0,23.768888888888892,1.0,San Diego State,2018.0,2018.0,SEA,27.0,1.0,
2019,2,00-0034750,R.Penny,RB,SEA,PIT,0,0,0.0,0,0.0,0.0,0.0,10,62.0,1,1,1,3.0,0,12.5,13.5,,,71.0,220.0,23.768888888888892,1.0,San Diego State,2018.0,2018.0,SEA,27.0,,0.028571429
2019,5,00-0034750,R.Penny,RB,SEA,LA,0,0,0.0,0,0.0,0.0,0.0,6,18.0,0,2,2,31.0,0,4.9,6.9,,,71.0,220.0,23.768888888888892,1.0,San Diego State,2018.0,2018.0,SEA,27.0,1.0,0.09090909
2019,8,00-0034750,R.Penny,RB,SEA,ATL,0,0,0.0,0,0.0,0.0,0.0,8,55.0,0,0,0,0.0,0,5.5,5.5,,,71.0,220.0,23.768888888888892,1.0,San Diego State,2018.0,2018.0,SEA,27.0,,
2019,9,00-0034750,R.Penny,RB,SEA,TB,0,0,0.0,0,0.0,0.0,0.0,4,12.0,0,1,0,0.0,0,1.2,1.2,,,71.0,220.0,23.768888888888892,1.0,San Diego State,2018.0,2018.0,SEA,27.0,6.0,0.023255814
2019,10,00-0034750,R.Penny,RB,SEA,SF,0,0,0.0,0,0.0,0.0,0.0,2,2.0,0,0,0,0.0,0,-1.8,-1.8,,,71.0,220.0,23.768888888888892,1.0,San Diego State,2018.0,2018.0,SEA,27.0,,
2019,12,00-0034750,R.Penny,RB,SEA,PHI,0,0,0.0,0,0.0,0.0,0.0,14,129.0,1,1,0,0.0,0,18.9,18.9,,,71.0,220.0,23.768888888888892,1.0,San Diego State,2018.0,2018.0,SEA,27.0,,0.04347826
2019,13,00-0034750,R.Penny,RB,SEA,MIN,0,0,0.0,0,0.0,0.0,0.0,15,74.0,1,5,4,33.0,1,22.7,26.7,,,71.0,220.0,23.768888888888892,1.0,San Diego State,2018.0,2018.0,SEA,27.0,7.0,0.16129032
2019,14,00-0034750,R.Penny,RB,SEA,LA,0,0,0.0,0,0.0,0.0,0.0,0,0.0,0,1,1,16.0,0,1.6,2.6,,,71.0,220.0,23.768888888888892,1.0,San Diego State,2018.0,2018.0,SEA,27.0,,0.030303031
2019,1,00-0034753,M.Andrews,TE,BAL,MIA,0,0,0.0,0,0.0,0.0,0.0,0,0.0,0,8,8,108.0,1,16.8,24.8,,,76.0,255.0,24.17070588235294,1.0,Oklahoma,2018.0,2018.0,BAL,86.0,,0.32
2019,2,00-0034753,M.Andrews,TE,BAL,ARI,0,0,0.0,0,0.0,0.0,0.0,0,0.0,0,9,8,112.0,1,17.2,25.2,,,76.0,255.0,24.17070588235294,1.0,Oklahoma,2018.0,2018.0,BAL,86.0,6.0,0.25714287
2019,3,00-0034753,M.Andrews,TE,BAL,KC,0,0,0.0,0,0.0,0.0,0.0,0,0.0,0,7,3,15.0,0,1.5,4.5,,,76.0,255.0,24.17070588235294,1.0,Oklahoma,2018.0,2018.0,BAL,86.0,,0.1627907
2019,4,00-0034753,M.Andrews,TE,BAL,CLE,0,0,0.0,0,0.0,0.0,0.0,0,0.0,0,8,4,31.0,1,9.1,13.1,,,76.0,255.0,24.17070588235294,1.0,Oklahoma,2018.0,2018.0,BAL,86.0,-15.0,0.24242425
2019,5,00-0034753,M.Andrews,TE,BAL,PIT,0,0,0.0,0,0.0,0.0,0.0,0,0.0,0,7,5,45.0,0,4.5,9.5,,,76.0,255.0,24.17070588235294,1.0,Oklahoma,2018.0,2018.0,BAL,86.0,,0.25
2019,6,00-0034753,M.Andrews,TE,BAL,CIN,0,0,0.0,0,0.0,0.0,0.0,0,0.0,0,8,6,99.0,0,7.9,13.9,,,76.0,255.0,24.17070588235294,1.0,Oklahoma,2018.0,2018.0,BAL,86.0,6.0,0.27586207
2019,7,00-0034753,M.Andrews,TE,BAL,SEA,0,0,0.0,0,0.0,0.0,0.0,0,0.0,0,8,2,39.0,0,3.9,5.9,,,76.0,255.0,24.17070588235294,1.0,Oklahoma,2018.0,2018.0,BAL,86.0,,0.4
2019,9,00-0034753,M.Andrews,TE,BAL,NE,0,0,0.0,0,0.0,0.0,0.0,0,0.0,0,3,2,21.0,0,2.1,4.1,,,76.0,255.0,24.17070588235294,1.0,Oklahoma,2018.0,2018.0,BAL,86.0,17.0,0.13043478
2019,10,00-0034753,M.Andrews,TE,BAL,CIN,0,0,0.0,0,0.0,0.0,0.0,0,0.0,0,8,6,53.0,2,17.3,23.3,,,76.0,255.0,24.17070588235294,1.0,Oklahoma,2018.0,2018.0,BAL,86.0,,0.3809524
2019,11,00-0034753,M.Andrews,TE,BAL,HOU,0,0,0.0,0,0.0,0.0,0.0,0,0.0,0,4,4,75.0,1,13.5,17.5,,,76.0,255.0,24.17070588235294,1.0,Oklahoma,2018.0,2018.0,BAL,86.0,34.0,0.14814815
2019,12,00-0034753,M.Andrews,TE,BAL,LA,0,0,0.0,0,0.0,0.0,0.0,0,0.0,0,3,2,45.0,0,4.5,6.5,,,76.0,255.0,24.17070588235294,1.0,Oklahoma,2018.0,2018.0,BAL,86.0,,0.13636364
2019,13,00-0034753,M.Andrews,TE,BAL,SF,0,0,0.0,0,0.0,0.0,0.0,0,0.0,0,6,3,50.0,1,11.0,14.0,,,76.0,255.0,24.17070588235294,1.0,Oklahoma,2018.0,2018.0,BAL,86.0,3.0,0.26086956
2019,14,00-0034753,M.Andrews,TE,BAL,BUF,0,0,0.0,0,0.0,0.0,0.0,0,0.0,0,3,1,14.0,0,1.4,2.4,,,76.0,255.0,24.17070588235294,1.0,Oklahoma,2018.0,2018.0,BAL,86.0,,0.13043478
2019,15,00-0034753,M.Andrews,TE,BAL,NYJ,0,0,0.0,0,0.0,0.0,0.0,0,0.0,0,7,4,52.0,1,11.2,15.2,,,76.0,255.0,24.17070588235294,1.0,Oklahoma,2018.0,2018.0,BAL,86.0,21.0,0.3181818
2019,16,00-0034753,M.Andrews,TE,BAL,CLE,0,0,0.0,0,0.0,0.0,0.0,0,0.0,0,9,6,93.0,2,21.3,27.3,,,76.0,255.0,24.17070588235294,1.0,Oklahoma,2018.0,2018.0,BAL,86.0,,0.3
2019,19,00-0034753,M.Andrews,TE,BAL,TEN,0,0,0.0,0,0.0,0.0,0.0,0,0.0,0,7,4,39.0,0,3.9,7.9,,,76.0,255.0,24.17070588235294,1.0,Oklahoma,2018.0,2018.0,BAL,86.0,-16.0,0.13207547
2019,1,00-0034764,M.Gallup,WR,DAL,NYG,0,0,0.0,0,0.0,0.0,0.0,0,0.0,0,7,7,158.0,0,15.8,22.8,,,73.0,200.0,23.66625,1.0,Colorado State,2018.0,2018.0,DAL,81.0,18.0,0.21875
2019,2,00-0034764,M.Gallup,WR,DAL,WAS,0,0,0.0,0,0.0,0.0,0.0,0,0.0,0,8,6,68.0,0,6.8,12.8,,,73.0,200.0,23.66625,1.0,Colorado State,2018.0,2018.0,DAL,81.0,,0.26666668
2019,5,00-0034764,M.Gallup,WR,DAL,GB,0,0,0.0,0,0.0,0.0,0.0,0,0.0,0,14,7,113.0,1,17.3,24.3,,,73.0,200.0,23.66625,1.0,Colorado State,2018.0,2018.0,DAL,81.0,-10.0,0.33333334
2019,6,00-0034764,M.Gallup,WR,DAL,NYJ,0,0,0.0,0,0.0,0.0,0.0,0,0.0,0,7,4,48.0,0,4.8,8.8,,,73.0,200.0,23.66625,1.0,Colorado State,2018.0,2018.0,DAL,81.0,,0.17948718
2019,7,00-0034764,M.Gallup,WR,DAL,PHI,0,0,0.0,0,0.0,0.0,0.0,0,0.0,0,4,3,34.0,0,3.4,6.4,,,73.0,200.0,23.66625,1.0,Colorado State,2018.0,2018.0,DAL,81.0,27.0,0.16
2019,9,00-0034764,M.Gallup,WR,DAL,NYG,0,0,0.0,0,0.0,0.0,0.0,0,0.0,0,6,2,33.0,1,9.3,11.3,,,73.0,200.0,23.66625,1.0,Colorado State,2018.0,2018.0,DAL,81.0,,0.1764706
2019,10,00-0034764,M.Gallup,WR,DAL,MIN,0,0,0.0,0,0.0,0.0,0.0,0,0.0,0,10,4,76.0,1,13.6,17.6,,,73.0,200.0,23.66625,1.0,Colorado State,2018.0,2018.0,DAL,81.0,-4.0,0.22727273
2019,11,00-0034764,M.Gallup,WR,DAL,DET,0,0,0.0,0,0.0,0.0,0.0,0,0.0,0,13,9,148.0,0,14.8,23.8,,,73.0,200.0,23.66625,1.0,Colorado State,2018.0,2018.0,DAL,81.0,,0.2888889
2019,12,00-0034764,M.Gallup,WR,DAL,NE,0,0,0.0,0,0.0,0.0,0.0,0,0.0,0,6,4,55.0,0,5.5,9.5,,,73.0,200.0,23.66625,1.0,Colorado State,2018.0,2018.0,DAL,81.0,,0.1875
2019,13,00-0034764,M.Gallup,WR,DAL,BUF,0,0,0.0,0,0.0,0.0,0.0,0,0.0,0,7,3,63.0,0,6.3,9.3,,,73.0,200.0,23.66625,1.0,Colorado State,2018.0,2018.0,DAL,81.0,-11.0,0.14285715
2019,14,00-0034764,M.Gallup,WR,DAL,CHI,0,0,0.0,0,0.0,0.0,0.0,0,0.0,0,10,6,109.0,0,10.9,16.9,,,73.0,200.0,23.66625,1.0,Colorado State,2018.0,2018.0,DAL,81.0,,0.2173913
2019,15,00-0034764,M.Gallup,WR,DAL,LA,0,0,0.0,0,0.0,0.0,0.0,0,0.0,0,3,1,6.0,0,0.6,1.6,,,73.0,200.0,23.66625,1.0,Colorado State,2018.0,2018.0,DAL,81.0,23.0,0.13636364
2019,16,00-0034764,M.Gallup,WR,DAL,PHI,0,0,0.0,0,0.0,0.0,0.0,0,0.0,0,11,5,98.0,0,9.8,14.8,,,73.0,200.0,23.66625,1.0,Colorado State,2018.0,2018.0,DAL,81.0,,0.25
2019,17,00-0034764,M.Gallup,WR,DAL,WAS,0,0,0.0,0,0.0,0.0,0.0,0,0.0,0,7,5,98.0,3,27.8,32.8,,,73.0,200.0,23.66625,1.0,Colorado State,2018.0,2018.0,DAL,81.0,31.0,0.21875
2019,1,00-0034765,T.Smith,WR,NO,HOU,0,0,0.0,0,0.0,0.0,0.0,0,0.0,0,2,2,26.0,1,8.6,10.6,,,74.0,210.0,23.832,1.0,Central Florida,2018.0,2018.0,NO,91.0,2.0,0.051282052
2019,2,00-0034765,T.Smith,WR,NO,LA,0,0,0.0,0,0.0,0.0,0.0,0,0.0,0,3,3,49.0,0,4.9,7.9,,,74.0,210.0,23.832,1.0,Central Florida,2018.0,2018.0,NO,91.0,,0.09375
2019,10,00-0034765,T.Smith,WR,NO,ATL,0,0,0.0,0,0.0,0.0,0.0,0,0.0,0,2,1,13.0,0,1.3,2.3,,,74.0,210.0,23.832,1.0,Central Florida,2018.0,2018.0,NO,91.0,-17.0,0.045454547
2019,11,00-0034765,T.Smith,WR,NO,TB,0,0,0.0,0,0.0,0.0,0.0,0,0.0,0,1,0,0.0,0,0.0,0.0,,,74.0,210.0,23.832,1.0,Central Florida,2018.0,2018.0,NO,91.0,,0.029411765
2019,12,00-0034765,T.Smith,WR,NO,CAR,0,0,0.0,0,0.0,0.0,0.0,0,0.0,0,3,1,13.0,1,7.3,8.3,,,74.0,210.0,23.832,1.0,Central Florida,2018.0,2018.0,NO,91.0,3.0,0.078947365
2019,13,00-0034765,T.Smith,WR,NO,ATL,0,0,0.0,0,0.0,0.0,0.0,0,0.0,0,2,2,14.0,0,1.4,3.4,,,74.0,210.0,23.832,1.0,Central Florida,2018.0,2018.0,NO,91.0,,0.06896552
2019,14,00-0034765,T.Smith,WR,NO,SF,0,0,0.0,0,0.0,0.0,0.0,0,0.0,0,4,2,29.0,1,8.9,10.9,,,74.0,210.0,23.832,1.0,Central Florida,2018.0,2018.0,NO,91.0,-2.0,0.09756097
2019,15,00-0034765,T.Smith,WR,NO,IND,0,0,0.0,0,0.0,0.0,0.0,0,0.0,0,1,1,21.0,1,8.1,9.1,,,74.0,210.0,23.832,1.0,Central Florida,2018.0,2018.0,NO,91.0,27.0,0.033333335
2019,16,00-0034765,T.Smith,WR,NO,TEN,0,0,0.0,0,0.0,0.0,0.0,0,0.0,0,2,1,13.0,0,1.3,2.3,,,74.0,210.0,23.832,1.0,Central Florida,2018.0,2018.0,NO,91.0,,0.051282052
2019,17,00-0034765,T.Smith,WR,NO,CAR,0,0,0.0,0,0.0,0.0,0.0,0,0.0,0,5,5,56.0,1,11.6,16.6,,,74.0,210.0,23.832,1.0,Central Florida,2018.0,2018.0,NO,91.0,,0.1724138
2019,18,00-0034765,T.Smith,WR,NO,MIN,0,0,0.0,0,0.0,0.0,0.0,0,0.0,0,1,0,0.0,0,0.0,0.0,,,74.0,210.0,23.832,1.0,Central Florida,2018.0,2018.0,NO,91.0,-6.0,0.030303031
2019,10,00-0034766,C.Herndon,TE,NYJ,NYG,0,0,0.0,0,0.0,0.0,0.0,0,0.0,0,2,1,7.0,0,0.7,1.7,,,76.0,253.0,23.69925,1.0,Miami,2018.0,2018.0,NYJ,107.0,7.0,0.074074075
2019,2,00-0034771,M.Rudolph,QB,PIT,SEA,12,19,112.0,2,1.0,0.0,-0.0,1,7.0,0,0,0,0.0,0,11.18,11.18,,,77.0,235.0,24.3828125,1.0,Oklahoma State,2018.0,2018.0,PIT,76.0,-2.0,
2019,3,00-0034771,M.Rudolph,QB,PIT,SF,14,27,174.0,2,1.0,2.0,14.0,4,15.0,0,0,0,0.0,0,14.46,14.46,,,77.0,235.0,24.3828125,1.0,Oklahoma State,2018.0,2018.0,PIT,76.0,,
2019,4,00-0034771,M.Rudolph,QB,PIT,CIN,24,28,229.0,2,0.0,0.0,-0.0,3,-3.0,0,0,0,0.0,0,16.86,16.86,,,77.0,235.0,24.3828125,1.0,Oklahoma State,2018.0,2018.0,PIT,76.0,24.0,
2019,5,00-0034771,M.Rudolph,QB,PIT,BAL,13,20,131.0,1,0.0,1.0,11.0,0,0.0,0,0,0,0.0,0,9.24,9.24,,,77.0,235.0,24.3828125,1.0,Oklahoma State,2018.0,2018.0,PIT,76.0,-3.0,
2019,8,00-0034771,M.Rudolph,QB,PIT,MIA,20,36,251.0,2,1.0,2.0,15.0,0,0.0,0,0,0,0.0,0,16.04,16.04,,,77.0,235.0,24.3828125,1.0,Oklahoma State,2018.0,2018.0,PIT,76.0,13.0,
2019,9,00-0034771,M.Rudolph,QB,PIT,IND,26,35,191.0,1,1.0,1.0,8.0,3,5.0,0,0,0,0.0,0,10.14,10.14,,,77.0,235.0,24.3828125,1.0,Oklahoma State,2018.0,2018.0,PIT,76.0,2.0,
2019,10,00-0034771,M.Rudolph,QB,PIT,LA,22,38,242.0,1,0.0,3.0,11.0,2,-1.0,0,0,0,0.0,0,13.58,13.58,,,77.0,235.0,24.3828125,1.0,Oklahoma State,2018.0,2018.0,PIT,76.0,5.0,
2019,11,00-0034771,M.Rudolph,QB,PIT,CLE,23,44,221.0,1,4.0,4.0,43.0,2,15.0,0,0,0,0.0,0,6.34,6.34,,,77.0,235.0,24.3828125,1.0,Oklahoma State,2018.0,2018.0,PIT,76.0,,
2019,12,00-0034771,M.Rudolph,QB,PIT,CIN,8,16,85.0,0,1.0,1.0,13.0,4,4.0,0,0,0,0.0,0,1.8,1.8,,,77.0,235.0,24.3828125,1.0,Oklahoma State,2018.0,2018.0,PIT,76.0,,
2019,16,00-0034771,M.Rudolph,QB,PIT,NYJ,14,20,129.0,1,0.0,1.0,9.0,2,0.0,0,0,0,0.0,0,9.16,9.16,,,77.0,235.0,24.3828125,1.0,Oklahoma State,2018.0,2018.0,PIT,76.0,,
2019,5,00-0034772,A.Callaway,WR,CLE,SF,0,0,0.0,0,0.0,0.0,0.0,0,0.0,0,3,0,0.0,0,0.0,0.0,,,71.0,200.0,22.816875,1.0,Florida,2018.0,2018.0,CLE,105.0,,0.13636364
2019,6,00-0034772,A.Callaway,WR,CLE,SEA,0,0,0.0,0,0.0,0.0,0.0,0,0.0,0,4,2,22.0,0,2.2,4.2,,,71.0,200.0,22.816875,1.0,Florida,2018.0,2018.0,CLE,105.0,-4.0,0.11111111
2019,8,00-0034772,A.Callaway,WR,CLE,NE,0,0,0.0,0,0.0,0.0,0.0,0,0.0,0,3,2,11.0,0,1.1,3.1,,,71.0,200.0,22.816875,1.0,Florida,2018.0,2018.0,CLE,105.0,,0.1
2019,9,00-0034772,A.Callaway,WR,CLE,DEN,0,0,0.0,0,0.0,0.0,0.0,0,0.0,0,5,4,56.0,0,5.6,9.6,,,71.0,200.0,22.816875,1.0,Florida,2018.0,2018.0,CLE,105.0,,0.125
2019,12,00-0034773,V.Vea,NT,TB,ATL,0,0,0.0,0,0.0,0.0,0.0,0,0.0,0,1,1,1.0,1,6.1,7.1,,,76.0,347.0,24.743625,1.0,Washington,2018.0,2018.0,TB,12.0,,0.037037037
2019,1,00-0034775,C.Kirk,WR,ARI,DET,0,0,0.0,0,0.0,0.0,0.0,1,12.0,0,12,4,32.0,0,6.4,10.4,,,71.0,200.0,22.952875,1.0,Texas A&amp;M,2018.0,2018.0,ARI,47.0,0.0,0.23076923
2019,2,00-0034775,C.Kirk,WR,ARI,BAL,0,0,0.0,0,0.0,0.0,0.0,0,0.0,0,8,6,114.0,0,11.4,17.4,,,71.0,200.0,22.952875,1.0,Texas A&amp;M,2018.0,2018.0,ARI,47.0,,0.21621622
2019,3,00-0034775,C.Kirk,WR,ARI,CAR,0,0,0.0,0,0.0,0.0,0.0,0,0.0,0,12,10,59.0,0,5.9,15.9,,,71.0,200.0,22.952875,1.0,Texas A&amp;M,2018.0,2018.0,ARI,47.0,-18.0,0.2857143
2019,4,00-0034775,C.Kirk,WR,ARI,SEA,0,0,0.0,0,0.0,0.0,0.0,1,6.0,0,5,4,37.0,0,4.3,8.3,,,71.0,200.0,22.952875,1.0,Texas A&amp;M,2018.0,2018.0,ARI,47.0,-17.0,0.16666667
2019,8,00-0034775,C.Kirk,WR,ARI,NO,0,0,0.0,0,0.0,0.0,0.0,1,19.0,0,11,8,79.0,0,9.8,17.8,,,71.0,200.0,22.952875,1.0,Texas A&amp;M,2018.0,2018.0,ARI,47.0,,0.34375
2019,9,00-0034775,C.Kirk,WR,ARI,SF,0,0,0.0,0,0.0,0.0,0.0,1,8.0,0,5,2,8.0,0,1.6,3.6,,,71.0,200.0,22.952875,1.0,Texas A&amp;M,2018.0,2018.0,ARI,47.0,-3.0,0.2173913
2019,10,00-0034775,C.Kirk,WR,ARI,TB,0,0,0.0,0,0.0,0.0,0.0,0,0.0,0,10,6,138.0,3,31.8,37.8,,,71.0,200.0,22.952875,1.0,Texas A&amp;M,2018.0,2018.0,ARI,47.0,,0.23255815
2019,11,00-0034775,C.Kirk,WR,ARI,SF,0,0,0.0,0,0.0,0.0,0.0,1,1.0,0,9,6,41.0,0,4.2,10.2,,,71.0,200.0,22.952875,1.0,Texas A&amp;M,2018.0,2018.0,ARI,47.0,,0.27272728
2019,13,00-0034775,C.Kirk,WR,ARI,LA,0,0,0.0,0,0.0,0.0,0.0,0,0.0,0,7,3,23.0,0,2.3,5.3,,,71.0,200.0,22.952875,1.0,Texas A&amp;M,2018.0,2018.0,ARI,47.0,-27.0,0.21212122
2019,14,00-0034775,C.Kirk,WR,ARI,PIT,0,0,0.0,0,0.0,0.0,0.0,1,4.0,0,9,8,85.0,0,8.9,16.9,,,71.0,200.0,22.952875,1.0,Texas A&amp;M,2018.0,2018.0,ARI,47.0,-6.0,0.32142857
2019,15,00-0034775,C.Kirk,WR,ARI,CLE,0,0,0.0,0,0.0,0.0,0.0,1,28.0,0,4,3,32.0,0,6.0,9.0,,,71.0,200.0,22.952875,1.0,Texas A&amp;M,2018.0,2018.0,ARI,47.0,14.0,0.2
2019,16,00-0034775,C.Kirk,WR,ARI,SEA,0,0,0.0,0,0.0,0.0,0.0,2,9.0,0,5,0,0.0,0,0.9,0.9,,,71.0,200.0,22.952875,1.0,Texas A&amp;M,2018.0,2018.0,ARI,47.0,,0.18518518
2019,17,00-0034775,C.Kirk,WR,ARI,LA,0,0,0.0,0,0.0,0.0,0.0,1,6.0,0,10,7,60.0,0,6.6,13.6,,,71.0,200.0,22.952875,1.0,Texas A&amp;M,2018.0,2018.0,ARI,47.0,,0.25641027
2019,1,00-0034777,D.Chark,WR,JAX,KC,0,0,0.0,0,0.0,0.0,0.0,0,0.0,0,4,4,146.0,1,20.6,24.6,,,76.0,198.0,23.1085625,1.0,Louisiana State,2018.0,2018.0,JAX,61.0,-14.0,0.121212125
2019,2,00-0034777,D.Chark,WR,JAX,HOU,0,0,0.0,0,0.0,0.0,0.0,0,0.0,0,9,7,55.0,1,11.5,18.5,,,76.0,198.0,23.1085625,1.0,Louisiana State,2018.0,2018.0,JAX,61.0,,0.27272728
2019,3,00-0034777,D.Chark,WR,JAX,TEN,0,0,0.0,0,0.0,0.0,0.0,0,0.0,0,5,4,76.0,1,13.6,17.6,,,76.0,198.0,23.1085625,1.0,Louisiana State,2018.0,2018.0,JAX,61.0,13.0,0.16666667
2019,4,00-0034777,D.Chark,WR,JAX,DEN,0,0,0.0,0,0.0,0.0,0.0,0,0.0,0,8,4,44.0,0,4.4,8.4,,,76.0,198.0,23.1085625,1.0,Louisiana State,2018.0,2018.0,JAX,61.0,,0.25
2019,5,00-0034777,D.Chark,WR,JAX,CAR,0,0,0.0,0,0.0,0.0,0.0,0,0.0,0,11,8,164.0,2,28.4,36.4,,,76.0,198.0,23.1085625,1.0,Louisiana State,2018.0,2018.0,JAX,61.0,,0.275
2019,6,00-0034777,D.Chark,WR,JAX,NO,0,0,0.0,0,0.0,0.0,0.0,0,0.0,0,7,3,43.0,0,4.3,7.3,,,76.0,198.0,23.1085625,1.0,Louisiana State,2018.0,2018.0,JAX,61.0,-7.0,0.25925925
2019,7,00-0034777,D.Chark,WR,JAX,CIN,0,0,0.0,0,0.0,0.0,0.0,1,20.0,0,5,3,53.0,0,7.3,10.3,,,76.0,198.0,23.1085625,1.0,Louisiana State,2018.0,2018.0,JAX,61.0,,0.17857143
2019,8,00-0034777,D.Chark,WR,JAX,NYJ,0,0,0.0,0,0.0,0.0,0.0,1,0.0,0,12,6,79.0,1,13.9,19.9,,,76.0,198.0,23.1085625,1.0,Louisiana State,2018.0,2018.0,JAX,61.0,14.0,0.36363637
2019,9,00-0034777,D.Chark,WR,JAX,HOU,0,0,0.0,0,0.0,0.0,0.0,0,0.0,0,9,4,32.0,0,3.2,7.2,,,76.0,198.0,23.1085625,1.0,Louisiana State,2018.0,2018.0,JAX,61.0,-23.0,0.20454545
2019,11,00-0034777,D.Chark,WR,JAX,IND,0,0,0.0,0,0.0,0.0,0.0,0,0.0,0,15,8,104.0,2,22.4,30.4,,,76.0,198.0,23.1085625,1.0,Louisiana State,2018.0,2018.0,JAX,61.0,,0.32608697
2019,12,00-0034777,D.Chark,WR,JAX,TEN,0,0,0.0,0,0.0,0.0,0.0,0,0.0,0,6,5,38.0,0,5.8,10.8,,,76.0,198.0,23.1085625,1.0,Louisiana State,2018.0,2018.0,JAX,61.0,,0.13636364
2019,13,00-0034777,D.Chark,WR,JAX,TB,0,0,0.0,0,0.0,0.0,0.0,0,0.0,0,5,2,47.0,0,4.7,6.7,,,76.0,198.0,23.1085625,1.0,Louisiana State,2018.0,2018.0,JAX,61.0,-17.0,0.13157895
2019,14,00-0034777,D.Chark,WR,JAX,LAC,0,0,0.0,0,0.0,0.0,0.0,0,0.0,0,10,9,75.0,0,7.5,16.5,,,76.0,198.0,23.1085625,1.0,Louisiana State,2018.0,2018.0,JAX,61.0,-35.0,0.27027026
2019,16,00-0034777,D.Chark,WR,JAX,ATL,0,0,0.0,0,0.0,0.0,0.0,0,0.0,0,7,2,18.0,0,1.8,3.8,,,76.0,198.0,23.1085625,1.0,Louisiana State,2018.0,2018.0,JAX,61.0,,0.22580644
2019,17,00-0034777,D.Chark,WR,JAX,IND,0,0,0.0,0,0.0,0.0,0.0,0,0.0,0,5,4,34.0,0,3.4,7.4,,,76.0,198.0,23.1085625,1.0,Louisiana State,2018.0,2018.0,JAX,61.0,18.0,0.12820514
2019,6,00-0034788,J.Graham,TE,ATL,ARI,0,0,0.0,0,0.0,0.0,0.0,0,0.0,0,1,1,21.0,0,2.1,3.1,,,76.0,250.0,24.06525,1.0,Yale,2018.0,2018.0,,,,0.029411765
2019,8,00-0034788,J.Graham,TE,ATL,SEA,0,0,0.0,0,0.0,0.0,0.0,0,0.0,0,1,1,11.0,0,1.1,2.1,,,76.0,250.0,24.06525,1.0,Yale,2018.0,2018.0,,,-7.0,0.020408163
2019,11,00-0034788,J.Graham,TE,ATL,CAR,0,0,0.0,0,0.0,0.0,0.0,0,0.0,0,2,2,23.0,0,2.3,4.3,,,76.0,250.0,24.06525,1.0,Yale,2018.0,2018.0,,,,0.06451613
2019,12,00-0034788,J.Graham,TE,ATL,TB,0,0,0.0,0,0.0,0.0,0.0,0,0.0,0,2,1,53.0,0,5.3,6.3,,,76.0,250.0,24.06525,1.0,Yale,2018.0,2018.0,,,-13.0,0.03773585
2019,13,00-0034788,J.Graham,TE,ATL,NO,0,0,0.0,0,0.0,0.0,0.0,0,0.0,0,4,4,41.0,1,10.1,14.1,,,76.0,250.0,24.06525,1.0,Yale,2018.0,2018.0,,,-8.0,0.08510638
2019,1,00-0034791,N.Chubb,RB,CLE,TEN,0,0,0.0,0,0.0,0.0,0.0,17,75.0,0,4,3,10.0,0,8.5,11.5,,,71.0,225.0,23.8543125,1.0,Georgia,2018.0,2018.0,CLE,35.0,-30.0,0.10526316
2019,2,00-0034791,N.Chubb,RB,CLE,NYJ,0,0,0.0,0,0.0,0.0,0.0,18,62.0,1,4,4,36.0,0,15.8,19.8,,,71.0,225.0,23.8543125,1.0,Georgia,2018.0,2018.0,CLE,35.0,,0.125
2019,3,00-0034791,N.Chubb,RB,CLE,LA,0,0,0.0,0,0.0,0.0,0.0,23,96.0,0,7,4,35.0,0,13.1,17.1,,,71.0,225.0,23.8543125,1.0,Georgia,2018.0,2018.0,CLE,35.0,-7.0,0.20588236
2019,4,00-0034791,N.Chubb,RB,CLE,BAL,0,0,0.0,0,0.0,0.0,0.0,20,165.0,3,4,3,18.0,0,36.3,39.3,,,71.0,225.0,23.8543125,1.0,Georgia,2018.0,2018.0,CLE,35.0,,0.12903225
2019,5,00-0034791,N.Chubb,RB,CLE,SF,0,0,0.0,0,0.0,0.0,0.0,16,87.0,0,1,1,12.0,0,9.9,10.9,,,71.0,225.0,23.8543125,1.0,Georgia,2018.0,2018.0,CLE,35.0,,0.045454547
2019,6,00-0034791,N.Chubb,RB,CLE,SEA,0,0,0.0,0,0.0,0.0,0.0,20,122.0,2,6,5,17.0,0,23.9,28.9,,,71.0,225.0,23.8543125,1.0,Georgia,2018.0,2018.0,CLE,35.0,-4.0,0.16666667
2019,8,00-0034791,N.Chubb,RB,CLE,NE,0,0,0.0,0,0.0,0.0,0.0,20,131.0,0,1,1,7.0,0,9.8,10.8,,,71.0,225.0,23.8543125,1.0,Georgia,2018.0,2018.0,CLE,35.0,,0.033333335
2019,9,00-0034791,N.Chubb,RB,CLE,DEN,0,0,0.0,0,0.0,0.0,0.0,20,65.0,0,5,4,26.0,0,9.1,13.1,,,71.0,225.0,23.8543125,1.0,Georgia,2018.0,2018.0,CLE,35.0,,0.125
2019,10,00-0034791,N.Chubb,RB,CLE,BUF,0,0,0.0,0,0.0,0.0,0.0,20,116.0,0,4,2,5.0,0,12.1,14.1,,,71.0,225.0,23.8543125,1.0,Georgia,2018.0,2018.0,CLE,35.0,3.0,0.10526316
2019,11,00-0034791,N.Chubb,RB,CLE,PIT,0,0,0.0,0,0.0,0.0,0.0,27,92.0,0,1,0,0.0,0,9.2,9.2,,,71.0,225.0,23.8543125,1.0,Georgia,2018.0,2018.0,CLE,35.0,14.0,0.033333335
2019,12,00-0034791,N.Chubb,RB,CLE,MIA,0,0,0.0,0,0.0,0.0,0.0,21,106.0,1,3,3,58.0,0,22.4,25.4,,,71.0,225.0,23.8543125,1.0,Georgia,2018.0,2018.0,CLE,35.0,17.0,0.09090909
2019,13,00-0034791,N.Chubb,RB,CLE,PIT,0,0,0.0,0,0.0,0.0,0.0,16,58.0,0,2,1,21.0,0,7.9,8.9,,,71.0,225.0,23.8543125,1.0,Georgia,2018.0,2018.0,CLE,35.0,,0.060606062
2019,14,00-0034791,N.Chubb,RB,CLE,CIN,0,0,0.0,0,0.0,0.0,0.0,15,106.0,0,1,1,11.0,0,11.7,12.7,,,71.0,225.0,23.8543125,1.0,Georgia,2018.0,2018.0,CLE,35.0,8.0,0.045454547
2019,15,00-0034791,N.Chubb,RB,CLE,ARI,0,0,0.0,0,0.0,0.0,0.0,18,146.0,1,3,3,21.0,0,22.7,25.7,,,71.0,225.0,23.8543125,1.0,Georgia,2018.0,2018.0,CLE,35.0,,0.069767445
2019,16,00-0034791,N.Chubb,RB,CLE,BAL,0,0,0.0,0,0.0,0.0,0.0,15,45.0,0,1,0,0.0,0,4.5,4.5,,,71.0,225.0,23.8543125,1.0,Georgia,2018.0,2018.0,CLE,35.0,-16.0,0.03125
2019,17,00-0034791,N.Chubb,RB,CLE,CIN,0,0,0.0,0,0.0,0.0,0.0,13,41.0,0,2,1,1.0,0,4.2,5.2,,,71.0,225.0,23.8543125,1.0,Georgia,2018.0,2018.0,CLE,35.0,,0.083333336
2019,13,00-0034794,J.Sanders,K,MIA,PHI,0,0,0.0,0,0.0,0.0,0.0,0,0.0,0,1,1,1.0,1,6.1,7.1,,,71.0,186.0,23.969375,1.0,New Mexico,2018.0,2018.0,MIA,229.0,6.0,0.025641026
2019,1,00-0034796,L.Jackson,QB,BAL,MIA,17,20,324.0,5,0.0,1.0,1.0,3,6.0,0,0,0,0.0,0,33.56,33.56,,,74.0,212.0,22.831882352941175,1.0,Louisville,2018.0,2018.0,BAL,32.0,,
2019,2,00-0034796,L.Jackson,QB,BAL,ARI,24,37,272.0,2,0.0,2.0,14.0,16,120.0,0,0,0,0.0,0,30.88,30.88,,,74.0,212.0,22.831882352941175,1.0,Louisville,2018.0,2018.0,BAL,32.0,6.0,
2019,3,00-0034796,L.Jackson,QB,BAL,KC,22,43,267.0,0,0.0,3.0,18.0,8,46.0,1,0,0,0.0,0,21.28,21.28,,,74.0,212.0,22.831882352941175,1.0,Louisville,2018.0,2018.0,BAL,32.0,,
2019,4,00-0034796,L.Jackson,QB,BAL,CLE,24,34,247.0,3,2.0,4.0,25.0,9,66.0,0,0,0,0.0,0,24.48,24.48,,,74.0,212.0,22.831882352941175,1.0,Louisville,2018.0,2018.0,BAL,32.0,-15.0,
2019,5,00-0034796,L.Jackson,QB,BAL,PIT,19,28,161.0,1,3.0,5.0,22.0,14,70.0,0,0,0,0.0,0,11.44,11.44,,,74.0,212.0,22.831882352941175,1.0,Louisville,2018.0,2018.0,BAL,32.0,,
2019,6,00-0034796,L.Jackson,QB,BAL,CIN,21,33,236.0,0,0.0,1.0,8.0,19,152.0,1,0,0,0.0,0,30.64,30.64,,,74.0,212.0,22.831882352941175,1.0,Louisville,2018.0,2018.0,BAL,32.0,6.0,
2019,7,00-0034796,L.Jackson,QB,BAL,SEA,9,20,143.0,0,0.0,1.0,2.0,14,116.0,1,0,0,0.0,0,23.32,23.32,,,74.0,212.0,22.831882352941175,1.0,Louisville,2018.0,2018.0,BAL,32.0,,
2019,9,00-0034796,L.Jackson,QB,BAL,NE,17,23,163.0,1,0.0,1.0,1.0,16,61.0,2,0,0,0.0,0,28.62,28.62,,,74.0,212.0,22.831882352941175,1.0,Louisville,2018.0,2018.0,BAL,32.0,17.0,
2019,10,00-0034796,L.Jackson,QB,BAL,CIN,15,17,223.0,3,0.0,0.0,-0.0,7,65.0,1,0,0,0.0,0,33.42,33.42,,,74.0,212.0,22.831882352941175,1.0,Louisville,2018.0,2018.0,BAL,32.0,,
2019,11,00-0034796,L.Jackson,QB,BAL,HOU,17,24,222.0,4,0.0,0.0,-0.0,10,79.0,0,0,0,0.0,0,32.78,32.78,,,74.0,212.0,22.831882352941175,1.0,Louisville,2018.0,2018.0,BAL,32.0,34.0,
2019,12,00-0034796,L.Jackson,QB,BAL,LA,15,20,169.0,5,0.0,2.0,9.0,8,95.0,0,0,0,0.0,0,36.26,36.26,,,74.0,212.0,22.831882352941175,1.0,Louisville,2018.0,2018.0,BAL,32.0,,
2019,13,00-0034796,L.Jackson,QB,BAL,SF,14,23,105.0,1,0.0,1.0,-0.0,16,101.0,1,0,0,0.0,0,22.3,22.3,,,74.0,212.0,22.831882352941175,1.0,Louisville,2018.0,2018.0,BAL,32.0,3.0,
2019,14,00-0034796,L.Jackson,QB,BAL,BUF,16,25,145.0,3,1.0,1.0,6.0,11,40.0,0,0,0,0.0,0,19.8,19.8,,,74.0,212.0,22.831882352941175,1.0,Louisville,2018.0,2018.0,BAL,32.0,,
2019,15,00-0034796,L.Jackson,QB,BAL,NYJ,15,23,212.0,5,0.0,1.0,-0.0,8,86.0,0,0,0,0.0,0,37.08,37.08,,,74.0,212.0,22.831882352941175,1.0,Louisville,2018.0,2018.0,BAL,32.0,21.0,
2019,16,00-0034796,L.Jackson,QB,BAL,CLE,20,31,238.0,3,0.0,0.0,-0.0,17,103.0,0,0,0,0.0,0,29.82,29.82,,,74.0,212.0,22.831882352941175,1.0,Louisville,2018.0,2018.0,BAL,32.0,,
2019,19,00-0034796,L.Jackson,QB,BAL,TEN,31,59,365.0,1,2.0,4.0,20.0,20,143.0,0,0,0,0.0,0,26.9,26.9,,,74.0,212.0,22.831882352941175,1.0,Louisville,2018.0,2018.0,BAL,32.0,-16.0,
2019,2,00-0034798,D.Smythe,TE,MIA,NE,0,0,0.0,0,0.0,0.0,0.0,0,0.0,0,1,1,24.0,0,2.4,3.4,,,78.0,260.0,24.240375,1.0,Notre Dame,2018.0,2018.0,MIA,123.0,-43.0,0.025641026
2019,3,00-0034798,D.Smythe,TE,MIA,DAL,0,0,0.0,0,0.0,0.0,0.0,0,0.0,0,1,0,0.0,0,0.0,0.0,,,78.0,260.0,24.240375,1.0,Notre Dame,2018.0,2018.0,MIA,123.0,,0.024390243
2019,7,00-0034798,D.Smythe,TE,MIA,BUF,0,0,0.0,0,0.0,0.0,0.0,0,0.0,0,1,0,0.0,0,0.0,0.0,,,78.0,260.0,24.240375,1.0,Notre Dame,2018.0,2018.0,MIA,123.0,,0.029411765
2019,12,00-0034798,D.Smythe,TE,MIA,CLE,0,0,0.0,0,0.0,0.0,0.0,0,0.0,0,2,0,0.0,0,0.0,0.0,,,78.0,260.0,24.240375,1.0,Notre Dame,2018.0,2018.0,MIA,123.0,,0.05263158
2019,13,00-0034798,D.Smythe,TE,MIA,PHI,0,0,0.0,0,0.0,0.0,0.0,0,0.0,0,3,2,13.0,0,1.3,3.3,,,78.0,260.0,24.240375,1.0,Notre Dame,2018.0,2018.0,MIA,123.0,6.0,0.07692308
2019,14,00-0034798,D.Smythe,TE,MIA,NYJ,0,0,0.0,0,0.0,0.0,0.0,0,0.0,0,1,1,2.0,0,0.2,1.2,,,78.0,260.0,24.240375,1.0,Notre Dame,2018.0,2018.0,MIA,123.0,,0.028571429
2019,16,00-0034798,D.Smythe,TE,MIA,CIN,0,0,0.0,0,0.0,0.0,0.0,0,0.0,0,2,2,18.0,0,1.8,3.8,,,78.0,260.0,24.240375,1.0,Notre Dame,2018.0,2018.0,MIA,123.0,3.0,0.039215688
2019,17,00-0034798,D.Smythe,TE,MIA,NE,0,0,0.0,0,0.0,0.0,0.0,0,0.0,0,3,1,8.0,0,0.8,1.8,,,78.0,260.0,24.240375,1.0,Notre Dame,2018.0,2018.0,MIA,123.0,,0.06818182
2019,1,00-0034799,K.Ballage,RB,MIA,BAL,0,0,0.0,0,0.0,0.0,0.0,5,-1.0,0,1,1,13.0,0,1.2,2.2,,,74.0,230.0,23.870875,1.0,Arizona State,2018.0,2018.0,MIA,131.0,-49.0,0.03125
2019,2,00-0034799,K.Ballage,RB,MIA,NE,0,0,0.0,0,0.0,0.0,0.0,4,6.0,0,5,1,6.0,0,1.2,2.2,,,74.0,230.0,23.870875,1.0,Arizona State,2018.0,2018.0,MIA,131.0,-43.0,0.12820514
2019,3,00-0034799,K.Ballage,RB,MIA,DAL,0,0,0.0,0,0.0,0.0,0.0,8,17.0,0,3,1,10.0,0,2.7,3.7,,,74.0,230.0,23.870875,1.0,Arizona State,2018.0,2018.0,MIA,131.0,,0.07317073
2019,4,00-0034799,K.Ballage,RB,MIA,LAC,0,0,0.0,0,0.0,0.0,0.0,2,7.0,0,1,0,0.0,0,0.7,0.7,,,74.0,230.0,23.870875,1.0,Arizona State,2018.0,2018.0,MIA,131.0,-20.0,0.041666668
2019,6,00-0034799,K.Ballage,RB,MIA,WAS,0,0,0.0,0,0.0,0.0,0.0,3,7.0,1,0,0,0.0,0,6.7,6.7,,,74.0,230.0,23.870875,1.0,Arizona State,2018.0,2018.0,MIA,131.0,-1.0,
2019,7,00-0034799,K.Ballage,RB,MIA,BUF,0,0,0.0,0,0.0,0.0,0.0,3,7.0,1,0,0,0.0,0,6.7,6.7,,,74.0,230.0,23.870875,1.0,Arizona State,2018.0,2018.0,MIA,131.0,,
2019,8,00-0034799,K.Ballage,RB,MIA,PIT,0,0,0.0,0,0.0,0.0,0.0,3,8.0,0,1,1,11.0,0,1.9,2.9,,,74.0,230.0,23.870875,1.0,Arizona State,2018.0,2018.0,MIA,131.0,,0.030303031
2019,9,00-0034799,K.Ballage,RB,MIA,NYJ,0,0,0.0,0,0.0,0.0,0.0,7,19.0,0,1,0,0.0,0,1.9,1.9,,,74.0,230.0,23.870875,1.0,Arizona State,2018.0,2018.0,MIA,131.0,8.0,0.027777778
2019,10,00-0034799,K.Ballage,RB,MIA,IND,0,0,0.0,0,0.0,0.0,0.0,20,43.0,0,4,4,2.0,0,4.5,8.5,,,74.0,230.0,23.870875,1.0,Arizona State,2018.0,2018.0,MIA,131.0,,0.121212125
2019,11,00-0034799,K.Ballage,RB,MIA,BUF,0,0,0.0,0,0.0,0.0,0.0,9,9.0,1,6,5,8.0,0,7.7,12.7,,,74.0,230.0,23.870875,1.0,Arizona State,2018.0,2018.0,MIA,131.0,-17.0,0.13636364
2019,12,00-0034799,K.Ballage,RB,MIA,CLE,0,0,0.0,0,0.0,0.0,0.0,7,13.0,0,1,1,13.0,0,2.6,3.6,,,74.0,230.0,23.870875,1.0,Arizona State,2018.0,2018.0,MIA,131.0,,0.02631579
2019,13,00-0034799,K.Ballage,RB,MIA,PHI,0,0,0.0,0,0.0,0.0,0.0,3,0.0,0,1,0,0.0,0,0.0,0.0,,,74.0,230.0,23.870875,1.0,Arizona State,2018.0,2018.0,MIA,131.0,6.0,0.025641026
2019,7,00-0034808,J.Kelly,RB,LA,ATL,0,0,0.0,0,0.0,0.0,0.0,3,9.0,0,0,0,0.0,0,0.9,0.9,,,70.0,205.0,23.0795,1.0,Tennessee,2018.0,2018.0,LA,176.0,,
2019,1,00-0034816,R.Jones,RB,TB,SF,0,0,0.0,0,0.0,0.0,0.0,13,75.0,0,1,1,18.0,0,9.3,10.3,,,71.0,208.0,22.252312500000002,1.0,Southern California,2018.0,2018.0,TB,38.0,-14.0,0.029411765
2019,2,00-0034816,R.Jones,RB,TB,CAR,0,0,0.0,0,0.0,0.0,0.0,4,9.0,0,0,0,0.0,0,0.9,0.9,,,71.0,208.0,22.252312500000002,1.0,Southern California,2018.0,2018.0,TB,38.0,,
2019,3,00-0034816,R.Jones,RB,TB,NYG,0,0,0.0,0,0.0,0.0,0.0,14,80.0,0,1,1,41.0,0,12.1,13.1,,,71.0,208.0,22.252312500000002,1.0,Southern California,2018.0,2018.0,TB,38.0,-1.0,0.027777778
2019,4,00-0034816,R.Jones,RB,TB,LA,0,0,0.0,0,0.0,0.0,0.0,19,70.0,1,1,1,12.0,0,14.2,15.2,,,71.0,208.0,22.252312500000002,1.0,Southern California,2018.0,2018.0,TB,38.0,,0.025
2019,5,00-0034816,R.Jones,RB,TB,NO,0,0,0.0,0,0.0,0.0,0.0,9,35.0,0,3,2,21.0,0,5.6,7.6,,,71.0,208.0,22.252312500000002,1.0,Southern California,2018.0,2018.0,TB,38.0,,0.115384616
2019,6,00-0034816,R.Jones,RB,TB,CAR,0,0,0.0,0,0.0,0.0,0.0,4,10.0,1,0,0,0.0,0,7.0,7.0,,,71.0,208.0,22.252312500000002,1.0,Southern California,2018.0,2018.0,TB,38.0,-11.0,
2019,8,00-0034816,R.Jones,RB,TB,TEN,0,0,0.0,0,0.0,0.0,0.0,11,35.0,0,3,1,17.0,0,5.2,6.2,,,71.0,208.0,22.252312500000002,1.0,Southern California,2018.0,2018.0,TB,38.0,,0.07317073
2019,9,00-0034816,R.Jones,RB,TB,SEA,0,0,0.0,0,0.0,0.0,0.0,18,67.0,1,2,2,15.0,0,14.2,16.2,,,71.0,208.0,22.252312500000002,1.0,Southern California,2018.0,2018.0,TB,38.0,,0.046511628
2019,10,00-0034816,R.Jones,RB,TB,ARI,0,0,0.0,0,0.0,0.0,0.0,11,29.0,1,8,8,77.0,0,14.6,22.6,,,71.0,208.0,22.252312500000002,1.0,Southern California,2018.0,2018.0,TB,38.0,3.0,0.17777778
2019,11,00-0034816,R.Jones,RB,TB,NO,0,0,0.0,0,0.0,0.0,0.0,4,13.0,0,4,2,1.0,0,1.4,3.4,,,71.0,208.0,22.252312500000002,1.0,Southern California,2018.0,2018.0,TB,38.0,-17.0,0.08163265
2019,12,00-0034816,R.Jones,RB,TB,ATL,0,0,0.0,0,0.0,0.0,0.0,12,51.0,1,3,3,16.0,0,12.7,15.7,,,71.0,208.0,22.252312500000002,1.0,Southern California,2018.0,2018.0,TB,38.0,,0.11111111
2019,13,00-0034816,R.Jones,RB,TB,JAX,0,0,0.0,0,0.0,0.0,0.0,6,8.0,0,0,0,0.0,0,0.8,0.8,,,71.0,208.0,22.252312500000002,1.0,Southern California,2018.0,2018.0,TB,38.0,,
2019,14,00-0034816,R.Jones,RB,TB,IND,0,0,0.0,0,0.0,0.0,0.0,11,36.0,0,5,4,23.0,0,5.9,9.9,,,71.0,208.0,22.252312500000002,1.0,Southern California,2018.0,2018.0,TB,38.0,3.0,0.11111111
2019,15,00-0034816,R.Jones,RB,TB,DET,0,0,0.0,0,0.0,0.0,0.0,11,23.0,0,3,1,26.0,0,4.9,5.9,,,71.0,208.0,22.252312500000002,1.0,Southern California,2018.0,2018.0,TB,38.0,,0.07317073
2019,16,00-0034816,R.Jones,RB,TB,HOU,0,0,0.0,0,0.0,0.0,0.0,14,77.0,1,4,3,32.0,0,16.9,19.9,,,71.0,208.0,22.252312500000002,1.0,Southern California,2018.0,2018.0,TB,38.0,-3.0,0.08510638
2019,17,00-0034816,R.Jones,RB,TB,ATL,0,0,0.0,0,0.0,0.0,0.0,11,106.0,0,2,2,10.0,0,9.6,11.6,,,71.0,208.0,22.252312500000002,1.0,Southern California,2018.0,2018.0,TB,38.0,-6.0,0.08695652
2019,1,00-0034827,D.Moore,WR,CAR,LA,0,0,0.0,0,0.0,0.0,0.0,0,0.0,0,10,7,76.0,0,5.6,12.6,,,72.0,215.0,22.5563125,1.0,Maryland,2018.0,2018.0,CAR,24.0,-3.0,0.27027026
2019,2,00-0034827,D.Moore,WR,CAR,TB,0,0,0.0,0,0.0,0.0,0.0,0,0.0,0,14,9,89.0,0,8.9,17.9,,,72.0,215.0,22.5563125,1.0,Maryland,2018.0,2018.0,CAR,24.0,-6.0,0.2857143
2019,3,00-0034827,D.Moore,WR,CAR,ARI,0,0,0.0,0,0.0,0.0,0.0,1,12.0,0,2,1,52.0,1,12.4,13.4,,,72.0,215.0,22.5563125,1.0,Maryland,2018.0,2018.0,CAR,24.0,,0.08
2019,4,00-0034827,D.Moore,WR,CAR,HOU,0,0,0.0,0,0.0,0.0,0.0,0,0.0,0,5,3,44.0,0,4.4,7.4,,,72.0,215.0,22.5563125,1.0,Maryland,2018.0,2018.0,CAR,24.0,,0.15151516
2019,5,00-0034827,D.Moore,WR,CAR,JAX,0,0,0.0,0,0.0,0.0,0.0,0,0.0,0,8,6,91.0,0,9.1,15.1,,,72.0,215.0,22.5563125,1.0,Maryland,2018.0,2018.0,CAR,24.0,7.0,0.2857143
2019,6,00-0034827,D.Moore,WR,CAR,TB,0,0,0.0,0,0.0,0.0,0.0,1,13.0,0,10,7,73.0,0,8.6,15.6,,,72.0,215.0,22.5563125,1.0,Maryland,2018.0,2018.0,CAR,24.0,,0.32258064
2019,8,00-0034827,D.Moore,WR,CAR,SF,0,0,0.0,0,0.0,0.0,0.0,0,0.0,0,9,5,38.0,0,3.8,8.8,,,72.0,215.0,22.5563125,1.0,Maryland,2018.0,2018.0,CAR,24.0,,0.24324325
2019,9,00-0034827,D.Moore,WR,CAR,TEN,0,0,0.0,0,0.0,0.0,0.0,0,0.0,0,10,7,101.0,0,10.1,17.1,,,72.0,215.0,22.5563125,1.0,Maryland,2018.0,2018.0,CAR,24.0,10.0,0.33333334
2019,10,00-0034827,D.Moore,WR,CAR,GB,0,0,0.0,0,0.0,0.0,0.0,0,0.0,0,11,9,120.0,0,12.0,21.0,,,72.0,215.0,22.5563125,1.0,Maryland,2018.0,2018.0,CAR,24.0,,0.28947368
2019,11,00-0034827,D.Moore,WR,CAR,ATL,0,0,0.0,0,0.0,0.0,0.0,0,0.0,0,15,8,95.0,0,9.5,17.5,,,72.0,215.0,22.5563125,1.0,Maryland,2018.0,2018.0,CAR,24.0,-26.0,0.31914893
2019,12,00-0034827,D.Moore,WR,CAR,NO,0,0,0.0,0,0.0,0.0,0.0,1,8.0,0,9,6,126.0,2,25.4,31.4,,,72.0,215.0,22.5563125,1.0,Maryland,2018.0,2018.0,CAR,24.0,,0.28125
2019,13,00-0034827,D.Moore,WR,CAR,WAS,0,0,0.0,0,0.0,0.0,0.0,1,-3.0,0,12,6,75.0,1,13.2,19.2,,,72.0,215.0,22.5563125,1.0,Maryland,2018.0,2018.0,CAR,24.0,-8.0,0.27906978
2019,14,00-0034827,D.Moore,WR,CAR,ATL,0,0,0.0,0,0.0,0.0,0.0,1,0.0,0,6,4,81.0,0,8.1,12.1,,,72.0,215.0,22.5563125,1.0,Maryland,2018.0,2018.0,CAR,24.0,,0.15
2019,15,00-0034827,D.Moore,WR,CAR,SEA,0,0,0.0,0,0.0,0.0,0.0,1,10.0,0,12,8,113.0,0,12.3,20.3,,,72.0,215.0,22.5563125,1.0,Maryland,2018.0,2018.0,CAR,24.0,-6.0,0.30769232
2019,16,00-0034827,D.Moore,WR,CAR,IND,0,0,0.0,0,0.0,0.0,0.0,0,0.0,0,2,1,1.0,0,0.1,1.1,,,72.0,215.0,22.5563125,1.0,Maryland,2018.0,2018.0,CAR,24.0,,0.04761905
2019,1,00-0034829,M.Gesicki,TE,MIA,BAL,0,0,0.0,0,0.0,0.0,0.0,0,0.0,0,6,2,31.0,0,3.1,5.1,,,78.0,252.0,24.089875,1.0,Penn State,2018.0,2018.0,MIA,42.0,-49.0,0.1875
2019,2,00-0034829,M.Gesicki,TE,MIA,NE,0,0,0.0,0,0.0,0.0,0.0,0,0.0,0,2,1,11.0,0,1.1,2.1,,,78.0,252.0,24.089875,1.0,Penn State,2018.0,2018.0,MIA,42.0,-43.0,0.051282052
2019,3,00-0034829,M.Gesicki,TE,MIA,DAL,0,0,0.0,0,0.0,0.0,0.0,0,0.0,0,3,3,9.0,0,0.9,3.9,,,78.0,252.0,24.089875,1.0,Penn State,2018.0,2018.0,MIA,42.0,,0.07317073
2019,6,00-0034829,M.Gesicki,TE,MIA,WAS,0,0,0.0,0,0.0,0.0,0.0,0,0.0,0,7,3,51.0,0,5.1,8.1,,,78.0,252.0,24.089875,1.0,Penn State,2018.0,2018.0,MIA,42.0,-1.0,0.16666667
2019,7,00-0034829,M.Gesicki,TE,MIA,BUF,0,0,0.0,0,0.0,0.0,0.0,0,0.0,0,4,4,41.0,0,4.1,8.1,,,78.0,252.0,24.089875,1.0,Penn State,2018.0,2018.0,MIA,42.0,,0.11764706
2019,8,00-0034829,M.Gesicki,TE,MIA,PIT,0,0,0.0,0,0.0,0.0,0.0,0,0.0,0,3,2,10.0,0,1.0,3.0,,,78.0,252.0,24.089875,1.0,Penn State,2018.0,2018.0,MIA,42.0,,0.09090909
2019,9,00-0034829,M.Gesicki,TE,MIA,NYJ,0,0,0.0,0,0.0,0.0,0.0,0,0.0,0,6,6,95.0,0,9.5,15.5,,,78.0,252.0,24.089875,1.0,Penn State,2018.0,2018.0,MIA,42.0,8.0,0.16666667
2019,10,00-0034829,M.Gesicki,TE,MIA,IND,0,0,0.0,0,0.0,0.0,0.0,0,0.0,0,6,3,28.0,0,0.8,3.8,,,78.0,252.0,24.089875,1.0,Penn State,2018.0,2018.0,MIA,42.0,,0.18181819
2019,11,00-0034829,M.Gesicki,TE,MIA,BUF,0,0,0.0,0,0.0,0.0,0.0,0,0.0,0,6,4,18.0,0,1.8,5.8,,,78.0,252.0,24.089875,1.0,Penn State,2018.0,2018.0,MIA,42.0,-17.0,0.13636364
2019,12,00-0034829,M.Gesicki,TE,MIA,CLE,0,0,0.0,0,0.0,0.0,0.0,0,0.0,0,7,3,28.0,1,8.8,11.8,,,78.0,252.0,24.089875,1.0,Penn State,2018.0,2018.0,MIA,42.0,,0.18421052
2019,13,00-0034829,M.Gesicki,TE,MIA,PHI,0,0,0.0,0,0.0,0.0,0.0,0,0.0,0,7,5,79.0,1,13.9,18.9,,,78.0,252.0,24.089875,1.0,Penn State,2018.0,2018.0,MIA,42.0,6.0,0.17948718
2019,14,00-0034829,M.Gesicki,TE,MIA,NYJ,0,0,0.0,0,0.0,0.0,0.0,0,0.0,0,5,1,6.0,0,0.6,1.6,,,78.0,252.0,24.089875,1.0,Penn State,2018.0,2018.0,MIA,42.0,,0.14285715
2019,15,00-0034829,M.Gesicki,TE,MIA,NYG,0,0,0.0,0,0.0,0.0,0.0,0,0.0,0,8,4,47.0,0,4.7,8.7,,,78.0,252.0,24.089875,1.0,Penn State,2018.0,2018.0,MIA,42.0,,0.19512194
2019,16,00-0034829,M.Gesicki,TE,MIA,CIN,0,0,0.0,0,0.0,0.0,0.0,0,0.0,0,12,6,82.0,2,20.2,26.2,,,78.0,252.0,24.089875,1.0,Penn State,2018.0,2018.0,MIA,42.0,3.0,0.23529412
2019,17,00-0034829,M.Gesicki,TE,MIA,NE,0,0,0.0,0,0.0,0.0,0.0,0,0.0,0,7,4,34.0,1,9.4,13.4,,,78.0,252.0,24.089875,1.0,Penn State,2018.0,2018.0,MIA,42.0,,0.1590909
2019,1,00-0034830,H.Hurst,TE,BAL,MIA,0,0,0.0,0,0.0,0.0,0.0,0,0.0,0,3,3,41.0,0,4.1,7.1,,,76.0,245.0,26.20494117647059,1.0,South Carolina,2018.0,2018.0,BAL,25.0,,0.12
2019,2,00-0034830,H.Hurst,TE,BAL,ARI,0,0,0.0,0,0.0,0.0,0.0,0,0.0,0,1,1,1.0,1,6.1,7.1,,,76.0,245.0,26.20494117647059,1.0,South Carolina,2018.0,2018.0,BAL,25.0,6.0,0.028571429
2019,3,00-0034830,H.Hurst,TE,BAL,KC,0,0,0.0,0,0.0,0.0,0.0,0,0.0,0,5,2,14.0,0,1.4,3.4,,,76.0,245.0,26.20494117647059,1.0,South Carolina,2018.0,2018.0,BAL,25.0,,0.11627907
2019,4,00-0034830,H.Hurst,TE,BAL,CLE,0,0,0.0,0,0.0,0.0,0.0,0,0.0,0,2,2,39.0,0,3.9,5.9,,,76.0,245.0,26.20494117647059,1.0,South Carolina,2018.0,2018.0,BAL,25.0,-15.0,0.060606062
2019,5,00-0034830,H.Hurst,TE,BAL,PIT,0,0,0.0,0,0.0,0.0,0.0,0,0.0,0,4,4,32.0,0,3.2,7.2,,,76.0,245.0,26.20494117647059,1.0,South Carolina,2018.0,2018.0,BAL,25.0,,0.14285715
2019,6,00-0034830,H.Hurst,TE,BAL,CIN,0,0,0.0,0,0.0,0.0,0.0,0,0.0,0,1,1,4.0,0,0.4,1.4,,,76.0,245.0,26.20494117647059,1.0,South Carolina,2018.0,2018.0,BAL,25.0,6.0,0.03448276
2019,7,00-0034830,H.Hurst,TE,BAL,SEA,0,0,0.0,0,0.0,0.0,0.0,0,0.0,0,2,1,10.0,0,1.0,2.0,,,76.0,245.0,26.20494117647059,1.0,South Carolina,2018.0,2018.0,BAL,25.0,,0.1
2019,9,00-0034830,H.Hurst,TE,BAL,NE,0,0,0.0,0,0.0,0.0,0.0,0,0.0,0,2,2,15.0,0,1.5,3.5,,,76.0,245.0,26.20494117647059,1.0,South Carolina,2018.0,2018.0,BAL,25.0,17.0,0.08695652
2019,10,00-0034830,H.Hurst,TE,BAL,CIN,0,0,0.0,0,0.0,0.0,0.0,0,0.0,0,2,2,20.0,0,2.0,4.0,,,76.0,245.0,26.20494117647059,1.0,South Carolina,2018.0,2018.0,BAL,25.0,,0.0952381
2019,11,00-0034830,H.Hurst,TE,BAL,HOU,0,0,0.0,0,0.0,0.0,0.0,0,0.0,0,2,2,16.0,0,1.6,3.6,,,76.0,245.0,26.20494117647059,1.0,South Carolina,2018.0,2018.0,BAL,25.0,34.0,0.074074075
2019,12,00-0034830,H.Hurst,TE,BAL,LA,0,0,0.0,0,0.0,0.0,0.0,0,0.0,0,1,0,0.0,0,0.0,0.0,,,76.0,245.0,26.20494117647059,1.0,South Carolina,2018.0,2018.0,BAL,25.0,,0.045454547
2019,13,00-0034830,H.Hurst,TE,BAL,SF,0,0,0.0,0,0.0,0.0,0.0,0,0.0,0,4,3,21.0,0,2.1,5.1,,,76.0,245.0,26.20494117647059,1.0,South Carolina,2018.0,2018.0,BAL,25.0,3.0,0.17391305
2019,14,00-0034830,H.Hurst,TE,BAL,BUF,0,0,0.0,0,0.0,0.0,0.0,0,0.0,0,3,3,73.0,1,13.3,16.3,,,76.0,245.0,26.20494117647059,1.0,South Carolina,2018.0,2018.0,BAL,25.0,,0.13043478
2019,15,00-0034830,H.Hurst,TE,BAL,NYJ,0,0,0.0,0,0.0,0.0,0.0,0,0.0,0,2,1,19.0,0,1.9,2.9,,,76.0,245.0,26.20494117647059,1.0,South Carolina,2018.0,2018.0,BAL,25.0,21.0,0.09090909
2019,16,00-0034830,H.Hurst,TE,BAL,CLE,0,0,0.0,0,0.0,0.0,0.0,0,0.0,0,3,1,9.0,0,0.9,1.9,,,76.0,245.0,26.20494117647059,1.0,South Carolina,2018.0,2018.0,BAL,25.0,,0.1
2019,17,00-0034830,H.Hurst,TE,BAL,PIT,0,0,0.0,0,0.0,0.0,0.0,0,0.0,0,2,2,35.0,0,3.5,5.5,,,76.0,245.0,26.20494117647059,1.0,South Carolina,2018.0,2018.0,BAL,25.0,18.0,0.1
2019,19,00-0034830,H.Hurst,TE,BAL,TEN,0,0,0.0,0,0.0,0.0,0.0,0,0.0,0,6,4,53.0,1,11.3,15.3,,,76.0,245.0,26.20494117647059,1.0,South Carolina,2018.0,2018.0,BAL,25.0,-16.0,0.11320755
2019,1,00-0034837,C.Ridley,WR,ATL,MIN,0,0,0.0,0,0.0,0.0,0.0,0,0.0,0,6,4,64.0,1,12.4,16.4,,,73.0,190.0,24.8700625,1.0,Alabama,2018.0,2018.0,ATL,26.0,,0.13333334
2019,2,00-0034837,C.Ridley,WR,ATL,PHI,0,0,0.0,0,0.0,0.0,0.0,0,0.0,0,10,8,105.0,1,16.5,24.5,,,73.0,190.0,24.8700625,1.0,Alabama,2018.0,2018.0,ATL,26.0,4.0,0.23255815
2019,3,00-0034837,C.Ridley,WR,ATL,IND,0,0,0.0,0,0.0,0.0,0.0,0,0.0,0,1,1,6.0,0,0.6,1.6,,,73.0,190.0,24.8700625,1.0,Alabama,2018.0,2018.0,ATL,26.0,,0.030303031
2019,4,00-0034837,C.Ridley,WR,ATL,TEN,0,0,0.0,0,0.0,0.0,0.0,0,0.0,0,6,3,32.0,0,3.2,6.2,,,73.0,190.0,24.8700625,1.0,Alabama,2018.0,2018.0,ATL,26.0,-14.0,0.12
2019,5,00-0034837,C.Ridley,WR,ATL,HOU,0,0,0.0,0,0.0,0.0,0.0,0,0.0,0,9,5,88.0,1,14.8,19.8,,,73.0,190.0,24.8700625,1.0,Alabama,2018.0,2018.0,ATL,26.0,,0.20454545
2019,6,00-0034837,C.Ridley,WR,ATL,ARI,0,0,0.0,0,0.0,0.0,0.0,0,0.0,0,6,4,48.0,1,10.8,14.8,,,73.0,190.0,24.8700625,1.0,Alabama,2018.0,2018.0,ATL,26.0,,0.1764706
2019,7,00-0034837,C.Ridley,WR,ATL,LA,0,0,0.0,0,0.0,0.0,0.0,0,0.0,0,6,4,30.0,0,3.0,7.0,,,73.0,190.0,24.8700625,1.0,Alabama,2018.0,2018.0,ATL,26.0,-27.0,0.18181819
2019,8,00-0034837,C.Ridley,WR,ATL,SEA,0,0,0.0,0,0.0,0.0,0.0,0,0.0,0,7,4,70.0,0,9.0,13.0,,,73.0,190.0,24.8700625,1.0,Alabama,2018.0,2018.0,ATL,26.0,-7.0,0.14285715
2019,10,00-0034837,C.Ridley,WR,ATL,NO,0,0,0.0,0,0.0,0.0,0.0,1,19.0,0,5,3,28.0,0,4.7,7.7,,,73.0,190.0,24.8700625,1.0,Alabama,2018.0,2018.0,ATL,26.0,,0.15625
2019,11,00-0034837,C.Ridley,WR,ATL,CAR,0,0,0.0,0,0.0,0.0,0.0,0,0.0,0,8,8,143.0,1,20.3,28.3,,,73.0,190.0,24.8700625,1.0,Alabama,2018.0,2018.0,ATL,26.0,,0.2580645
2019,12,00-0034837,C.Ridley,WR,ATL,TB,0,0,0.0,0,0.0,0.0,0.0,1,15.0,0,14,6,85.0,1,16.0,22.0,,,73.0,190.0,24.8700625,1.0,Alabama,2018.0,2018.0,ATL,26.0,-13.0,0.26415095
2019,13,00-0034837,C.Ridley,WR,ATL,NO,0,0,0.0,0,0.0,0.0,0.0,0,0.0,0,10,8,91.0,0,9.1,17.1,,,73.0,190.0,24.8700625,1.0,Alabama,2018.0,2018.0,ATL,26.0,-8.0,0.21276596
2019,14,00-0034837,C.Ridley,WR,ATL,CAR,0,0,0.0,0,0.0,0.0,0.0,0,0.0,0,5,5,76.0,1,13.6,18.6,,,73.0,190.0,24.8700625,1.0,Alabama,2018.0,2018.0,ATL,26.0,20.0,0.16129032
2019,1,00-0034838,R.Freeman,RB,DEN,LV,0,0,0.0,0,0.0,0.0,0.0,10,56.0,0,1,1,5.0,0,6.1,7.1,,,72.0,238.0,23.6890625,1.0,Oregon,2018.0,2018.0,DEN,71.0,,0.033333335
2019,2,00-0034838,R.Freeman,RB,DEN,CHI,0,0,0.0,0,0.0,0.0,0.0,11,54.0,0,7,5,48.0,0,10.2,15.2,,,72.0,238.0,23.6890625,1.0,Oregon,2018.0,2018.0,DEN,71.0,-2.0,0.14
2019,3,00-0034838,R.Freeman,RB,DEN,GB,0,0,0.0,0,0.0,0.0,0.0,15,63.0,0,5,4,10.0,0,7.3,11.3,,,72.0,238.0,23.6890625,1.0,Oregon,2018.0,2018.0,DEN,71.0,,0.17857143
2019,4,00-0034838,R.Freeman,RB,DEN,JAX,0,0,0.0,0,0.0,0.0,0.0,6,16.0,0,6,4,34.0,0,5.0,9.0,,,72.0,238.0,23.6890625,1.0,Oregon,2018.0,2018.0,DEN,71.0,-2.0,0.17142858
2019,5,00-0034838,R.Freeman,RB,DEN,LAC,0,0,0.0,0,0.0,0.0,0.0,13,61.0,0,2,2,6.0,0,6.7,8.7,,,72.0,238.0,23.6890625,1.0,Oregon,2018.0,2018.0,DEN,71.0,,0.10526316
2019,6,00-0034838,R.Freeman,RB,DEN,TEN,0,0,0.0,0,0.0,0.0,0.0,11,34.0,0,5,5,42.0,0,7.6,12.6,,,72.0,238.0,23.6890625,1.0,Oregon,2018.0,2018.0,DEN,71.0,16.0,0.1923077
2019,7,00-0034838,R.Freeman,RB,DEN,KC,0,0,0.0,0,0.0,0.0,0.0,10,35.0,1,5,4,32.0,0,12.7,16.7,,,72.0,238.0,23.6890625,1.0,Oregon,2018.0,2018.0,DEN,71.0,-24.0,0.15151516
2019,8,00-0034838,R.Freeman,RB,DEN,IND,0,0,0.0,0,0.0,0.0,0.0,12,40.0,1,2,1,5.0,0,10.5,11.5,,,72.0,238.0,23.6890625,1.0,Oregon,2018.0,2018.0,DEN,71.0,,0.06896552
2019,9,00-0034838,R.Freeman,RB,DEN,CLE,0,0,0.0,0,0.0,0.0,0.0,5,15.0,0,1,1,-1.0,0,1.4,2.4,,,72.0,238.0,23.6890625,1.0,Oregon,2018.0,2018.0,DEN,71.0,5.0,0.055555556
2019,11,00-0034838,R.Freeman,RB,DEN,MIN,0,0,0.0,0,0.0,0.0,0.0,8,31.0,0,1,1,14.0,0,4.5,5.5,,,72.0,238.0,23.6890625,1.0,Oregon,2018.0,2018.0,DEN,71.0,,0.027777778
2019,12,00-0034838,R.Freeman,RB,DEN,BUF,0,0,0.0,0,0.0,0.0,0.0,2,20.0,0,2,2,9.0,0,2.9,4.9,,,72.0,238.0,23.6890625,1.0,Oregon,2018.0,2018.0,DEN,71.0,,0.083333336
2019,13,00-0034838,R.Freeman,RB,DEN,LAC,0,0,0.0,0,0.0,0.0,0.0,5,11.0,0,4,4,13.0,0,2.4,6.4,,,72.0,238.0,23.6890625,1.0,Oregon,2018.0,2018.0,DEN,71.0,3.0,0.15384616
2019,14,00-0034838,R.Freeman,RB,DEN,HOU,0,0,0.0,0,0.0,0.0,0.0,8,24.0,0,2,2,8.0,1,9.2,11.2,,,72.0,238.0,23.6890625,1.0,Oregon,2018.0,2018.0,DEN,71.0,,0.074074075
2019,15,00-0034838,R.Freeman,RB,DEN,KC,0,0,0.0,0,0.0,0.0,0.0,5,12.0,0,4,4,14.0,0,2.6,6.6,,,72.0,238.0,23.6890625,1.0,Oregon,2018.0,2018.0,DEN,71.0,,0.1
2019,16,00-0034838,R.Freeman,RB,DEN,DET,0,0,0.0,0,0.0,0.0,0.0,9,28.0,1,2,2,9.0,0,9.7,11.7,,,72.0,238.0,23.6890625,1.0,Oregon,2018.0,2018.0,DEN,71.0,10.0,0.05882353
2019,17,00-0034838,R.Freeman,RB,DEN,LV,0,0,0.0,0,0.0,0.0,0.0,2,-4.0,0,1,1,8.0,0,0.4,1.4,,,72.0,238.0,23.6890625,1.0,Oregon,2018.0,2018.0,DEN,71.0,1.0,0.03846154
2019,1,00-0034844,S.Barkley,RB,NYG,DAL,0,0,0.0,0,0.0,0.0,0.0,11,120.0,0,6,4,19.0,0,13.9,17.9,,,72.0,233.0,22.727,1.0,Penn State,2018.0,2018.0,NYG,2.0,,0.13636364
2019,2,00-0034844,S.Barkley,RB,NYG,BUF,0,0,0.0,0,0.0,0.0,0.0,18,107.0,1,7,3,28.0,0,19.5,22.5,,,72.0,233.0,22.727,1.0,Penn State,2018.0,2018.0,NYG,2.0,-14.0,0.1590909
2019,3,00-0034844,S.Barkley,RB,NYG,TB,0,0,0.0,0,0.0,0.0,0.0,8,10.0,0,5,4,27.0,0,3.7,7.7,,,72.0,233.0,22.727,1.0,Penn State,2018.0,2018.0,NYG,2.0,,0.1388889
2019,7,00-0034844,S.Barkley,RB,NYG,ARI,0,0,0.0,0,0.0,0.0,0.0,18,72.0,1,5,3,8.0,0,14.0,17.0,,,72.0,233.0,22.727,1.0,Penn State,2018.0,2018.0,NYG,2.0,-6.0,0.14285715
2019,8,00-0034844,S.Barkley,RB,NYG,DET,0,0,0.0,0,0.0,0.0,0.0,19,64.0,0,10,8,79.0,1,20.3,28.3,,,72.0,233.0,22.727,1.0,Penn State,2018.0,2018.0,NYG,2.0,,0.25
2019,9,00-0034844,S.Barkley,RB,NYG,DAL,0,0,0.0,0,0.0,0.0,0.0,14,28.0,0,8,6,67.0,0,9.5,15.5,,,72.0,233.0,22.727,1.0,Penn State,2018.0,2018.0,NYG,2.0,-19.0,0.19512194
2019,10,00-0034844,S.Barkley,RB,NYG,NYJ,0,0,0.0,0,0.0,0.0,0.0,13,1.0,0,5,5,30.0,0,3.1,8.1,,,72.0,233.0,22.727,1.0,Penn State,2018.0,2018.0,NYG,2.0,,0.13157895
2019,12,00-0034844,S.Barkley,RB,NYG,CHI,0,0,0.0,0,0.0,0.0,0.0,17,59.0,0,3,2,1.0,0,6.0,8.0,,,72.0,233.0,22.727,1.0,Penn State,2018.0,2018.0,NYG,2.0,,0.0882353
2019,13,00-0034844,S.Barkley,RB,NYG,GB,0,0,0.0,0,0.0,0.0,0.0,19,83.0,0,7,3,32.0,0,11.5,14.5,,,72.0,233.0,22.727,1.0,Penn State,2018.0,2018.0,NYG,2.0,-18.0,0.19444445
2019,14,00-0034844,S.Barkley,RB,NYG,PHI,0,0,0.0,0,0.0,0.0,0.0,17,66.0,0,4,3,1.0,0,6.7,9.7,,,72.0,233.0,22.727,1.0,Penn State,2018.0,2018.0,NYG,2.0,,0.13793103
2019,15,00-0034844,S.Barkley,RB,NYG,MIA,0,0,0.0,0,0.0,0.0,0.0,24,112.0,2,5,4,31.0,0,26.3,30.3,,,72.0,233.0,22.727,1.0,Penn State,2018.0,2018.0,NYG,2.0,16.0,0.1724138
2019,16,00-0034844,S.Barkley,RB,NYG,WAS,0,0,0.0,0,0.0,0.0,0.0,22,189.0,1,4,4,90.0,1,39.9,43.9,,,72.0,233.0,22.727,1.0,Penn State,2018.0,2018.0,NYG,2.0,,0.102564104
2019,17,00-0034844,S.Barkley,RB,NYG,PHI,0,0,0.0,0,0.0,0.0,0.0,17,92.0,1,4,3,25.0,0,17.7,20.7,,,72.0,233.0,22.727,1.0,Penn State,2018.0,2018.0,NYG,2.0,-17.0,0.08510638
2019,1,00-0034845,S.Michel,RB,NE,PIT,0,0,0.0,0,0.0,0.0,0.0,15,14.0,0,0,0,0.0,0,1.4,1.4,,,71.0,215.0,24.717470588235294,1.0,Georgia,2018.0,2018.0,NE,31.0,30.0,
2019,2,00-0034845,S.Michel,RB,NE,MIA,0,0,0.0,0,0.0,0.0,0.0,21,83.0,1,0,0,0.0,0,12.3,12.3,,,71.0,215.0,24.717470588235294,1.0,Georgia,2018.0,2018.0,NE,31.0,,
2019,3,00-0034845,S.Michel,RB,NE,NYJ,0,0,0.0,0,0.0,0.0,0.0,9,11.0,1,1,0,0.0,0,7.1,7.1,,,71.0,215.0,24.717470588235294,1.0,Georgia,2018.0,2018.0,NE,31.0,16.0,0.023255814
2019,4,00-0034845,S.Michel,RB,NE,BUF,0,0,0.0,0,0.0,0.0,0.0,17,63.0,0,0,0,0.0,0,6.3,6.3,,,71.0,215.0,24.717470588235294,1.0,Georgia,2018.0,2018.0,NE,31.0,,
2019,5,00-0034845,S.Michel,RB,NE,WAS,0,0,0.0,0,0.0,0.0,0.0,16,91.0,1,3,3,32.0,0,18.3,21.3,,,71.0,215.0,24.717470588235294,1.0,Georgia,2018.0,2018.0,NE,31.0,,0.075
2019,6,00-0034845,S.Michel,RB,NE,NYG,0,0,0.0,0,0.0,0.0,0.0,22,86.0,0,3,2,27.0,0,11.3,13.3,,,71.0,215.0,24.717470588235294,1.0,Georgia,2018.0,2018.0,NE,31.0,21.0,0.07317073
2019,7,00-0034845,S.Michel,RB,NE,NYJ,0,0,0.0,0,0.0,0.0,0.0,19,42.0,3,2,1,-8.0,0,21.4,22.4,,,71.0,215.0,24.717470588235294,1.0,Georgia,2018.0,2018.0,NE,31.0,,0.04761905
2019,8,00-0034845,S.Michel,RB,NE,CLE,0,0,0.0,0,0.0,0.0,0.0,21,74.0,0,0,0,0.0,0,7.4,7.4,,,71.0,215.0,24.717470588235294,1.0,Georgia,2018.0,2018.0,NE,31.0,14.0,
2019,9,00-0034845,S.Michel,RB,NE,BAL,0,0,0.0,0,0.0,0.0,0.0,4,18.0,0,2,1,12.0,0,3.0,4.0,,,71.0,215.0,24.717470588235294,1.0,Georgia,2018.0,2018.0,NE,31.0,,0.048780486
2019,11,00-0034845,S.Michel,RB,NE,PHI,0,0,0.0,0,0.0,0.0,0.0,10,33.0,0,4,2,11.0,0,4.4,6.4,,,71.0,215.0,24.717470588235294,1.0,Georgia,2018.0,2018.0,NE,31.0,,0.08888889
2019,12,00-0034845,S.Michel,RB,NE,DAL,0,0,0.0,0,0.0,0.0,0.0,20,85.0,0,0,0,0.0,0,8.5,8.5,,,71.0,215.0,24.717470588235294,1.0,Georgia,2018.0,2018.0,NE,31.0,4.0,
2019,13,00-0034845,S.Michel,RB,NE,HOU,0,0,0.0,0,0.0,0.0,0.0,10,45.0,0,0,0,0.0,0,4.5,4.5,,,71.0,215.0,24.717470588235294,1.0,Georgia,2018.0,2018.0,NE,31.0,,
2019,14,00-0034845,S.Michel,RB,NE,KC,0,0,0.0,0,0.0,0.0,0.0,5,8.0,0,1,1,1.0,0,0.9,1.9,,,71.0,215.0,24.717470588235294,1.0,Georgia,2018.0,2018.0,NE,31.0,-7.0,0.028571429
2019,15,00-0034845,S.Michel,RB,NE,CIN,0,0,0.0,0,0.0,0.0,0.0,19,89.0,0,2,1,14.0,0,10.3,11.3,,,71.0,215.0,24.717470588235294,1.0,Georgia,2018.0,2018.0,NE,31.0,,0.071428575
2019,16,00-0034845,S.Michel,RB,NE,BUF,0,0,0.0,0,0.0,0.0,0.0,21,96.0,0,2,1,5.0,0,10.1,11.1,,,71.0,215.0,24.717470588235294,1.0,Georgia,2018.0,2018.0,NE,31.0,7.0,0.0625
2019,17,00-0034845,S.Michel,RB,NE,MIA,0,0,0.0,0,0.0,0.0,0.0,18,74.0,1,0,0,0.0,0,13.4,13.4,,,71.0,215.0,24.717470588235294,1.0,Georgia,2018.0,2018.0,NE,31.0,-3.0,
2019,18,00-0034845,S.Michel,RB,NE,TEN,0,0,0.0,0,0.0,0.0,0.0,14,61.0,0,2,2,9.0,0,7.0,9.0,,,71.0,215.0,24.717470588235294,1.0,Georgia,2018.0,2018.0,NE,31.0,-7.0,0.057142857
2019,9,00-0034854,K.Hodge,WR,CLE,DEN,0,0,0.0,0,0.0,0.0,0.0,0,0.0,0,1,1,10.0,0,1.0,2.0,,,74.0,205.0,24.834375,1.0,Prairie View,2018.0,2018.0,,,,0.025
2019,11,00-0034854,K.Hodge,WR,CLE,PIT,0,0,0.0,0,0.0,0.0,0.0,0,0.0,0,2,1,41.0,0,4.1,5.1,,,74.0,205.0,24.834375,1.0,Prairie View,2018.0,2018.0,,,14.0,0.06666667
2019,12,00-0034854,K.Hodge,WR,CLE,MIA,0,0,0.0,0,0.0,0.0,0.0,0,0.0,0,1,0,0.0,0,0.0,0.0,,,74.0,205.0,24.834375,1.0,Prairie View,2018.0,2018.0,,,17.0,0.030303031
2019,14,00-0034854,K.Hodge,WR,CLE,CIN,0,0,0.0,0,0.0,0.0,0.0,0,0.0,0,1,0,0.0,0,0.0,0.0,,,74.0,205.0,24.834375,1.0,Prairie View,2018.0,2018.0,,,8.0,0.045454547
2019,15,00-0034854,K.Hodge,WR,CLE,ARI,0,0,0.0,0,0.0,0.0,0.0,0,0.0,0,1,0,0.0,0,0.0,0.0,,,74.0,205.0,24.834375,1.0,Prairie View,2018.0,2018.0,,,,0.023255814
2019,16,00-0034854,K.Hodge,WR,CLE,BAL,0,0,0.0,0,0.0,0.0,0.0,0,0.0,0,2,1,6.0,0,0.6,1.6,,,74.0,205.0,24.834375,1.0,Prairie View,2018.0,2018.0,,,-16.0,0.0625
2019,17,00-0034854,K.Hodge,WR,CLE,CIN,0,0,0.0,0,0.0,0.0,0.0,0,0.0,0,2,1,19.0,0,1.9,2.9,,,74.0,205.0,24.834375,1.0,Prairie View,2018.0,2018.0,,,,0.083333336
2019,1,00-0034855,B.Mayfield,QB,CLE,TEN,25,38,285.0,1,3.0,5.0,41.0,0,0.0,0,0,0,0.0,0,9.4,9.4,,,73.0,215.0,24.558,1.0,Oklahoma,2018.0,2018.0,CLE,1.0,-30.0,
2019,2,00-0034855,B.Mayfield,QB,CLE,NYJ,19,35,325.0,1,1.0,3.0,20.0,0,0.0,0,0,0,0.0,0,15.0,15.0,,,73.0,215.0,24.558,1.0,Oklahoma,2018.0,2018.0,CLE,1.0,,
2019,3,00-0034855,B.Mayfield,QB,CLE,LA,18,36,195.0,1,1.0,3.0,20.0,1,-1.0,0,0,0,0.0,0,9.7,9.7,,,73.0,215.0,24.558,1.0,Oklahoma,2018.0,2018.0,CLE,1.0,-7.0,
2019,4,00-0034855,B.Mayfield,QB,CLE,BAL,20,30,342.0,1,1.0,1.0,5.0,3,1.0,0,0,0,0.0,0,15.78,15.78,,,73.0,215.0,24.558,1.0,Oklahoma,2018.0,2018.0,CLE,1.0,,
2019,5,00-0034855,B.Mayfield,QB,CLE,SF,8,22,100.0,0,2.0,4.0,42.0,0,0.0,0,0,0,0.0,0,-2.0,-2.0,,,73.0,215.0,24.558,1.0,Oklahoma,2018.0,2018.0,CLE,1.0,,
2019,6,00-0034855,B.Mayfield,QB,CLE,SEA,22,37,249.0,1,3.0,0.0,-0.0,4,35.0,1,0,0,0.0,0,19.46,19.46,,,73.0,215.0,24.558,1.0,Oklahoma,2018.0,2018.0,CLE,1.0,-4.0,
2019,8,00-0034855,B.Mayfield,QB,CLE,NE,20,31,194.0,1,1.0,5.0,43.0,1,18.0,0,0,0,0.0,0,11.56,11.56,,,73.0,215.0,24.558,1.0,Oklahoma,2018.0,2018.0,CLE,1.0,,
2019,9,00-0034855,B.Mayfield,QB,CLE,DEN,27,42,273.0,1,0.0,2.0,12.0,3,22.0,0,0,0,0.0,0,17.12,17.12,,,73.0,215.0,24.558,1.0,Oklahoma,2018.0,2018.0,CLE,1.0,,
2019,10,00-0034855,B.Mayfield,QB,CLE,BUF,26,38,238.0,2,0.0,2.0,17.0,2,1.0,0,0,0,0.0,0,17.62,17.62,,,73.0,215.0,24.558,1.0,Oklahoma,2018.0,2018.0,CLE,1.0,3.0,
2019,11,00-0034855,B.Mayfield,QB,CLE,PIT,17,32,193.0,2,0.0,1.0,4.0,1,1.0,1,0,0,0.0,0,21.82,21.82,,,73.0,215.0,24.558,1.0,Oklahoma,2018.0,2018.0,CLE,1.0,14.0,
2019,12,00-0034855,B.Mayfield,QB,CLE,MIA,24,34,327.0,3,1.0,1.0,7.0,2,5.0,0,0,0,0.0,0,23.58,23.58,,,73.0,215.0,24.558,1.0,Oklahoma,2018.0,2018.0,CLE,1.0,17.0,
2019,13,00-0034855,B.Mayfield,QB,CLE,PIT,18,32,196.0,1,1.0,5.0,23.0,1,2.0,0,0,0,0.0,0,8.04,8.04,,,73.0,215.0,24.558,1.0,Oklahoma,2018.0,2018.0,CLE,1.0,,
2019,14,00-0034855,B.Mayfield,QB,CLE,CIN,11,24,192.0,0,2.0,1.0,5.0,2,13.0,1,0,0,0.0,0,10.98,10.98,,,73.0,215.0,24.558,1.0,Oklahoma,2018.0,2018.0,CLE,1.0,8.0,
2019,15,00-0034855,B.Mayfield,QB,CLE,ARI,31,44,303.0,3,1.0,1.0,6.0,2,11.0,0,0,0,0.0,0,23.22,23.22,,,73.0,215.0,24.558,1.0,Oklahoma,2018.0,2018.0,CLE,1.0,,
2019,16,00-0034855,B.Mayfield,QB,CLE,BAL,20,33,192.0,2,1.0,0.0,-0.0,2,4.0,0,0,0,0.0,0,14.08,14.08,,,73.0,215.0,24.558,1.0,Oklahoma,2018.0,2018.0,CLE,1.0,-16.0,
2019,17,00-0034855,B.Mayfield,QB,CLE,CIN,12,27,279.0,3,3.0,6.0,40.0,4,29.0,0,0,0,0.0,0,20.06,20.06,,,73.0,215.0,24.558,1.0,Oklahoma,2018.0,2018.0,CLE,1.0,,
2019,1,00-0034857,J.Allen,QB,BUF,NYJ,24,37,254.0,1,2.0,1.0,12.0,10,38.0,1,0,0,0.0,0,15.96,15.96,,,77.0,237.0,23.465117647058822,1.0,Wyoming,2018.0,2018.0,BUF,7.0,,
2019,2,00-0034857,J.Allen,QB,BUF,NYG,19,30,253.0,1,0.0,3.0,16.0,7,21.0,1,0,0,0.0,0,22.22,22.22,,,77.0,237.0,23.465117647058822,1.0,Wyoming,2018.0,2018.0,BUF,7.0,,
2019,3,00-0034857,J.Allen,QB,BUF,CIN,23,36,243.0,1,1.0,1.0,2.0,9,46.0,0,0,0,0.0,0,18.32,18.32,,,77.0,237.0,23.465117647058822,1.0,Wyoming,2018.0,2018.0,BUF,7.0,4.0,
2019,4,00-0034857,J.Allen,QB,BUF,NE,13,28,153.0,0,3.0,4.0,31.0,5,26.0,1,0,0,0.0,0,8.72,8.72,,,77.0,237.0,23.465117647058822,1.0,Wyoming,2018.0,2018.0,BUF,7.0,-6.0,
2019,5,00-0034857,J.Allen,QB,BUF,TEN,23,32,219.0,2,1.0,4.0,15.0,10,27.0,0,0,0,0.0,0,17.46,17.46,,,77.0,237.0,23.465117647058822,1.0,Wyoming,2018.0,2018.0,BUF,7.0,,
2019,7,00-0034857,J.Allen,QB,BUF,MIA,16,26,202.0,2,0.0,2.0,14.0,4,32.0,0,0,0,0.0,0,21.28,21.28,,,77.0,237.0,23.465117647058822,1.0,Wyoming,2018.0,2018.0,BUF,7.0,10.0,
2019,8,00-0034857,J.Allen,QB,BUF,PHI,16,34,169.0,2,0.0,4.0,14.0,8,45.0,0,0,0,0.0,0,17.26,17.26,,,77.0,237.0,23.465117647058822,1.0,Wyoming,2018.0,2018.0,BUF,7.0,-18.0,
2019,9,00-0034857,J.Allen,QB,BUF,WAS,14,20,160.0,1,0.0,2.0,14.0,8,12.0,1,0,0,0.0,0,17.6,17.6,,,77.0,237.0,23.465117647058822,1.0,Wyoming,2018.0,2018.0,BUF,7.0,15.0,
2019,10,00-0034857,J.Allen,QB,BUF,CLE,22,41,266.0,0,0.0,1.0,6.0,6,28.0,2,0,0,0.0,0,25.44,25.44,,,77.0,237.0,23.465117647058822,1.0,Wyoming,2018.0,2018.0,BUF,7.0,,
2019,11,00-0034857,J.Allen,QB,BUF,MIA,21,33,256.0,3,0.0,0.0,-0.0,7,56.0,1,0,0,0.0,0,33.84,33.84,,,77.0,237.0,23.465117647058822,1.0,Wyoming,2018.0,2018.0,BUF,7.0,,
2019,12,00-0034857,J.Allen,QB,BUF,DEN,15,25,185.0,2,1.0,1.0,5.0,9,56.0,0,0,0,0.0,0,19.0,19.0,,,77.0,237.0,23.465117647058822,1.0,Wyoming,2018.0,2018.0,BUF,7.0,17.0,
2019,13,00-0034857,J.Allen,QB,BUF,DAL,19,24,231.0,1,0.0,4.0,27.0,10,43.0,1,0,0,0.0,0,23.54,23.54,,,77.0,237.0,23.465117647058822,1.0,Wyoming,2018.0,2018.0,BUF,7.0,,
2019,14,00-0034857,J.Allen,QB,BUF,BAL,17,39,146.0,1,0.0,6.0,41.0,2,9.0,0,0,0,0.0,0,10.74,10.74,,,77.0,237.0,23.465117647058822,1.0,Wyoming,2018.0,2018.0,BUF,7.0,-7.0,
2019,15,00-0034857,J.Allen,QB,BUF,PIT,13,25,139.0,1,1.0,1.0,8.0,7,28.0,1,0,0,0.0,0,16.36,16.36,,,77.0,237.0,23.465117647058822,1.0,Wyoming,2018.0,2018.0,BUF,7.0,,
2019,16,00-0034857,J.Allen,QB,BUF,NE,13,26,208.0,2,0.0,4.0,32.0,7,43.0,0,0,0,0.0,0,20.62,20.62,,,77.0,237.0,23.465117647058822,1.0,Wyoming,2018.0,2018.0,BUF,7.0,,
2019,17,00-0034857,J.Allen,QB,BUF,NYJ,3,5,5.0,0,0.0,0.0,-0.0,0,0.0,0,0,0,0.0,0,0.2,0.2,,,77.0,237.0,23.465117647058822,1.0,Wyoming,2018.0,2018.0,BUF,7.0,-7.0,
2019,18,00-0034857,J.Allen,QB,BUF,HOU,24,46,264.0,0,0.0,3.0,27.0,9,92.0,0,1,1,16.0,1,25.36,26.36,,,77.0,237.0,23.465117647058822,1.0,Wyoming,2018.0,2018.0,BUF,7.0,,0.023255814
2019,1,00-0034860,D.Pettis,WR,SF,TB,0,0,0.0,0,0.0,0.0,0.0,0,0.0,0,1,1,7.0,0,0.7,1.7,,,73.0,195.0,24.06905263157895,1.0,Washington,2018.0,2018.0,SF,44.0,,0.037037037
2019,2,00-0034860,D.Pettis,WR,SF,CIN,1,1,16.0,0,0.0,0.0,-0.0,0,0.0,0,0,0,0.0,0,0.64,0.64,,,73.0,195.0,24.06905263157895,1.0,Washington,2018.0,2018.0,SF,44.0,,
2019,3,00-0034860,D.Pettis,WR,SF,PIT,0,0,0.0,0,0.0,0.0,0.0,0,0.0,0,5,4,20.0,1,8.0,12.0,,,73.0,195.0,24.06905263157895,1.0,Washington,2018.0,2018.0,SF,44.0,4.0,0.16129032
2019,5,00-0034860,D.Pettis,WR,SF,CLE,0,0,0.0,0,0.0,0.0,0.0,0,0.0,0,3,1,11.0,0,1.1,2.1,,,73.0,195.0,24.06905263157895,1.0,Washington,2018.0,2018.0,SF,44.0,28.0,0.10714286
2019,6,00-0034860,D.Pettis,WR,SF,LA,0,0,0.0,0,0.0,0.0,0.0,0,0.0,0,6,3,45.0,0,4.5,7.5,,,73.0,195.0,24.06905263157895,1.0,Washington,2018.0,2018.0,SF,44.0,,0.19354838
2019,7,00-0034860,D.Pettis,WR,SF,WAS,0,0,0.0,0,0.0,0.0,0.0,0,0.0,0,2,0,0.0,0,0.0,0.0,,,73.0,195.0,24.06905263157895,1.0,Washington,2018.0,2018.0,SF,44.0,,0.1
2019,8,00-0034860,D.Pettis,WR,SF,CAR,0,0,0.0,0,0.0,0.0,0.0,0,0.0,0,3,1,5.0,0,0.5,1.5,,,73.0,195.0,24.06905263157895,1.0,Washington,2018.0,2018.0,SF,44.0,38.0,0.13636364
2019,9,00-0034860,D.Pettis,WR,SF,ARI,0,0,0.0,0,0.0,0.0,0.0,0,0.0,0,1,1,21.0,1,8.1,9.1,,,73.0,195.0,24.06905263157895,1.0,Washington,2018.0,2018.0,SF,44.0,,0.027027028
2019,10,00-0034860,D.Pettis,WR,SF,SEA,0,0,0.0,0,0.0,0.0,0.0,0,0.0,0,3,0,0.0,0,0.0,0.0,,,73.0,195.0,24.06905263157895,1.0,Washington,2018.0,2018.0,SF,44.0,-3.0,0.06818182
2019,2,00-0034867,M.Turner,WR,SEA,PIT,0,0,0.0,0,0.0,0.0,0.0,0,0.0,0,3,3,54.0,0,5.4,8.4,,,74.0,200.0,23.777055555555556,1.0,Illinois,2018.0,2018.0,,,,0.08571429
2019,3,00-0034867,M.Turner,WR,SEA,NO,0,0,0.0,0,0.0,0.0,0.0,0,0.0,0,3,2,19.0,0,1.9,3.9,,,74.0,200.0,23.777055555555556,1.0,Illinois,2018.0,2018.0,,,-6.0,0.06521739
2019,6,00-0034867,M.Turner,WR,SEA,CLE,0,0,0.0,0,0.0,0.0,0.0,0,0.0,0,1,0,0.0,0,0.0,0.0,,,74.0,200.0,23.777055555555556,1.0,Illinois,2018.0,2018.0,,,,0.03125
2019,7,00-0034867,M.Turner,WR,SEA,BAL,0,0,0.0,0,0.0,0.0,0.0,0,0.0,0,1,1,24.0,0,2.4,3.4,,,74.0,200.0,23.777055555555556,1.0,Illinois,2018.0,2018.0,,,-14.0,0.02631579
2019,8,00-0034867,M.Turner,WR,SEA,ATL,0,0,0.0,0,0.0,0.0,0.0,0,0.0,0,1,1,21.0,0,2.1,3.1,,,74.0,200.0,23.777055555555556,1.0,Illinois,2018.0,2018.0,,,,0.05
2019,10,00-0034867,M.Turner,WR,SEA,SF,0,0,0.0,0,0.0,0.0,0.0,0,0.0,0,2,2,35.0,0,3.5,5.5,,,74.0,200.0,23.777055555555556,1.0,Illinois,2018.0,2018.0,,,,0.060606062
2019,12,00-0034867,M.Turner,WR,SEA,PHI,0,0,0.0,0,0.0,0.0,0.0,0,0.0,0,2,1,33.0,1,9.3,10.3,,,74.0,200.0,23.777055555555556,1.0,Illinois,2018.0,2018.0,,,,0.08695652
2019,14,00-0034867,M.Turner,WR,SEA,LA,0,0,0.0,0,0.0,0.0,0.0,0,0.0,0,3,1,10.0,0,1.0,2.0,,,74.0,200.0,23.777055555555556,1.0,Illinois,2018.0,2018.0,,,,0.09090909
2019,15,00-0034867,M.Turner,WR,SEA,CAR,0,0,0.0,0,0.0,0.0,0.0,0,0.0,0,3,3,26.0,0,2.6,5.6,,,74.0,200.0,23.777055555555556,1.0,Illinois,2018.0,2018.0,,,,0.12
2019,16,00-0034867,M.Turner,WR,SEA,ARI,0,0,0.0,0,0.0,0.0,0.0,0,0.0,0,3,1,23.0,0,2.3,3.3,,,74.0,200.0,23.777055555555556,1.0,Illinois,2018.0,2018.0,,,-14.0,0.10344828
2019,19,00-0034867,M.Turner,WR,SEA,GB,0,0,0.0,0,0.0,0.0,0.0,0,0.0,0,3,0,0.0,0,0.0,0.0,,,74.0,200.0,23.777055555555556,1.0,Illinois,2018.0,2018.0,,,,0.10714286
2019,1,00-0034869,S.Darnold,QB,NYJ,BUF,28,41,175.0,1,0.0,4.0,20.0,1,0.0,0,0,0,0.0,0,13.0,13.0,,,75.0,225.0,22.417875,1.0,Southern California,2018.0,2018.0,NYJ,3.0,-1.0,
2019,6,00-0034869,S.Darnold,QB,NYJ,DAL,23,32,338.0,2,1.0,2.0,12.0,5,1.0,0,0,0,0.0,0,19.62,19.62,,,75.0,225.0,22.417875,1.0,Southern California,2018.0,2018.0,NYJ,3.0,2.0,
2019,7,00-0034869,S.Darnold,QB,NYJ,NE,11,32,86.0,0,4.0,1.0,13.0,2,-1.0,0,0,0,0.0,0,-6.66,-6.66,,,75.0,225.0,22.417875,1.0,Southern California,2018.0,2018.0,NYJ,3.0,-33.0,
2019,8,00-0034869,S.Darnold,QB,NYJ,JAX,21,30,218.0,2,3.0,8.0,51.0,1,-1.0,0,0,0,0.0,0,12.62,12.62,,,75.0,225.0,22.417875,1.0,Southern California,2018.0,2018.0,NYJ,3.0,,
2019,9,00-0034869,S.Darnold,QB,NYJ,MIA,27,39,260.0,1,1.0,3.0,22.0,2,1.0,0,0,0,0.0,0,12.5,12.5,,,75.0,225.0,22.417875,1.0,Southern California,2018.0,2018.0,NYJ,3.0,,
2019,10,00-0034869,S.Darnold,QB,NYJ,NYG,19,30,230.0,1,0.0,2.0,12.0,3,25.0,1,0,0,0.0,0,21.7,21.7,,,75.0,225.0,22.417875,1.0,Southern California,2018.0,2018.0,NYJ,3.0,7.0,
2019,11,00-0034869,S.Darnold,QB,NYJ,WAS,19,30,293.0,4,1.0,2.0,8.0,2,-3.0,0,0,0,0.0,0,25.42,25.42,,,75.0,225.0,22.417875,1.0,Southern California,2018.0,2018.0,NYJ,3.0,,
2019,12,00-0034869,S.Darnold,QB,NYJ,LV,20,29,315.0,2,0.0,1.0,2.0,4,16.0,1,0,0,0.0,0,28.2,28.2,,,75.0,225.0,22.417875,1.0,Southern California,2018.0,2018.0,NYJ,3.0,31.0,
2019,13,00-0034869,S.Darnold,QB,NYJ,CIN,28,48,239.0,0,0.0,4.0,30.0,2,9.0,0,0,0,0.0,0,10.46,10.46,,,75.0,225.0,22.417875,1.0,Southern California,2018.0,2018.0,NYJ,3.0,,
2019,14,00-0034869,S.Darnold,QB,NYJ,MIA,20,36,270.0,2,1.0,1.0,8.0,3,3.0,0,0,0,0.0,0,17.1,17.1,,,75.0,225.0,22.417875,1.0,Southern California,2018.0,2018.0,NYJ,3.0,1.0,
2019,15,00-0034869,S.Darnold,QB,NYJ,BAL,18,32,218.0,2,1.0,1.0,11.0,1,11.0,0,0,0,0.0,0,15.82,15.82,,,75.0,225.0,22.417875,1.0,Southern California,2018.0,2018.0,NYJ,3.0,,
2019,16,00-0034869,S.Darnold,QB,NYJ,PIT,16,26,183.0,1,0.0,2.0,9.0,4,3.0,0,0,0,0.0,0,9.62,9.62,,,75.0,225.0,22.417875,1.0,Southern California,2018.0,2018.0,NYJ,3.0,6.0,
2019,17,00-0034869,S.Darnold,QB,NYJ,BUF,23,36,199.0,1,1.0,2.0,14.0,3,-2.0,0,0,0,0.0,0,9.76,9.76,,,75.0,225.0,22.417875,1.0,Southern California,2018.0,2018.0,NYJ,3.0,,
2019,15,00-0034922,I.Hyman,WR,TB,DET,0,0,0.0,0,0.0,0.0,0.0,0,0.0,0,1,1,3.0,0,0.3,1.3,,,72.0,188.0,24.1995,0.0,James Madison,2019.0,2019.0,,,,0.024390243
2019,16,00-0034922,I.Hyman,WR,TB,HOU,0,0,0.0,0,0.0,0.0,0.0,0,0.0,0,3,1,31.0,0,3.1,4.1,,,72.0,188.0,24.1995,0.0,James Madison,2019.0,2019.0,,,-3.0,0.06382979
2019,2,00-0034928,S.Sims,WR,WAS,DAL,0,0,0.0,0,0.0,0.0,0.0,3,16.0,0,1,1,3.0,0,1.9,2.9,,,70.0,176.0,22.591124999999998,0.0,Kansas,2019.0,2019.0,,,-10.0,0.027027028
2019,3,00-0034928,S.Sims,WR,WAS,CHI,0,0,0.0,0,0.0,0.0,0.0,0,0.0,0,2,2,24.0,0,2.4,4.4,,,70.0,176.0,22.591124999999998,0.0,Kansas,2019.0,2019.0,,,-16.0,0.04761905
2019,5,00-0034928,S.Sims,WR,WAS,NE,0,0,0.0,0,0.0,0.0,0.0,1,65.0,1,3,2,1.0,0,12.6,14.6,,,70.0,176.0,22.591124999999998,0.0,Kansas,2019.0,2019.0,,,-26.0,0.11111111
2019,6,00-0034928,S.Sims,WR,WAS,MIA,0,0,0.0,0,0.0,0.0,0.0,1,1.0,0,0,0,0.0,0,0.1,0.1,,,70.0,176.0,22.591124999999998,0.0,Kansas,2019.0,2019.0,,,,
2019,7,00-0034928,S.Sims,WR,WAS,SF,0,0,0.0,0,0.0,0.0,0.0,1,0.0,0,3,3,5.0,0,0.5,3.5,,,70.0,176.0,22.591124999999998,0.0,Kansas,2019.0,2019.0,,,-9.0,0.25
2019,9,00-0034928,S.Sims,WR,WAS,BUF,0,0,0.0,0,0.0,0.0,0.0,0,0.0,0,1,1,12.0,0,1.2,2.2,,,70.0,176.0,22.591124999999998,0.0,Kansas,2019.0,2019.0,,,,0.045454547
2019,11,00-0034928,S.Sims,WR,WAS,NYJ,0,0,0.0,0,0.0,0.0,0.0,0,0.0,0,4,2,6.0,0,0.6,2.6,,,70.0,176.0,22.591124999999998,0.0,Kansas,2019.0,2019.0,,,-17.0,0.125
2019,12,00-0034928,S.Sims,WR,WAS,DET,0,1,0.0,0,0.0,0.0,-0.0,0,0.0,0,2,0,0.0,0,6.0,6.0,,,70.0,176.0,22.591124999999998,0.0,Kansas,2019.0,2019.0,,,3.0,0.06896552
2019,13,00-0034928,S.Sims,WR,WAS,CAR,0,0,0.0,0,0.0,0.0,0.0,0,0.0,0,4,3,29.0,0,2.9,5.9,,,70.0,176.0,22.591124999999998,0.0,Kansas,2019.0,2019.0,,,,0.16666667
2019,14,00-0034928,S.Sims,WR,WAS,GB,0,0,0.0,0,0.0,0.0,0.0,0,0.0,0,7,4,40.0,0,4.0,8.0,,,70.0,176.0,22.591124999999998,0.0,Kansas,2019.0,2019.0,,,,0.26923078
2019,15,00-0034928,S.Sims,WR,WAS,PHI,0,0,0.0,0,0.0,0.0,0.0,0,0.0,0,11,5,45.0,1,10.5,15.5,,,70.0,176.0,22.591124999999998,0.0,Kansas,2019.0,2019.0,,,-10.0,0.4074074
2019,16,00-0034928,S.Sims,WR,WAS,NYG,0,0,0.0,0,0.0,0.0,0.0,2,9.0,0,10,6,64.0,2,19.3,25.3,,,70.0,176.0,22.591124999999998,0.0,Kansas,2019.0,2019.0,,,-6.0,0.27027026
2019,17,00-0034928,S.Sims,WR,WAS,DAL,0,0,0.0,0,0.0,0.0,0.0,1,-6.0,0,8,5,81.0,1,13.5,18.5,,,70.0,176.0,22.591124999999998,0.0,Kansas,2019.0,2019.0,,,,0.22857143
2019,3,00-0034959,A.Beck,FB,DEN,GB,0,0,0.0,0,0.0,0.0,0.0,0,0.0,0,1,0,0.0,0,0.0,0.0,,,75.0,255.0,23.467312500000002,0.0,Texas,2019.0,2019.0,,,,0.035714287
2019,5,00-0034959,A.Beck,FB,DEN,LAC,0,0,0.0,0,0.0,0.0,0.0,0,0.0,0,1,1,10.0,0,1.0,2.0,,,75.0,255.0,23.467312500000002,0.0,Texas,2019.0,2019.0,,,,0.05263158
2019,7,00-0034959,A.Beck,FB,DEN,KC,0,0,0.0,0,0.0,0.0,0.0,0,0.0,0,1,0,0.0,0,0.0,0.0,,,75.0,255.0,23.467312500000002,0.0,Texas,2019.0,2019.0,,,-24.0,0.030303031
2019,12,00-0034959,A.Beck,FB,DEN,BUF,0,0,0.0,0,0.0,0.0,0.0,0,0.0,0,1,1,18.0,0,1.8,2.8,,,75.0,255.0,23.467312500000002,0.0,Texas,2019.0,2019.0,,,,0.041666668
2019,13,00-0034959,A.Beck,FB,DEN,LAC,0,0,0.0,0,0.0,0.0,0.0,0,0.0,0,1,1,11.0,0,1.1,2.1,,,75.0,255.0,23.467312500000002,0.0,Texas,2019.0,2019.0,,,3.0,0.03846154
2019,14,00-0034959,A.Beck,FB,DEN,HOU,0,0,0.0,0,0.0,0.0,0.0,0,0.0,0,1,1,29.0,0,2.9,3.9,,,75.0,255.0,23.467312500000002,0.0,Texas,2019.0,2019.0,,,,0.037037037
2019,15,00-0034959,A.Beck,FB,DEN,KC,0,0,0.0,0,0.0,0.0,0.0,0,0.0,0,3,2,13.0,0,1.3,3.3,,,75.0,255.0,23.467312500000002,0.0,Texas,2019.0,2019.0,,,,0.075
2019,16,00-0034959,A.Beck,FB,DEN,DET,1,1,6.0,0,0.0,0.0,-0.0,1,3.0,0,1,1,1.0,0,0.64,1.64,,,75.0,255.0,23.467312500000002,0.0,Texas,2019.0,2019.0,,,10.0,0.029411765
2019,17,00-0034959,A.Beck,FB,DEN,LV,0,0,0.0,0,0.0,0.0,0.0,0,0.0,0,2,2,8.0,1,6.8,8.8,,,75.0,255.0,23.467312500000002,0.0,Texas,2019.0,2019.0,,,1.0,0.07692308
2019,1,00-0034960,J.Meyers,WR,NE,PIT,0,0,0.0,0,0.0,0.0,0.0,0,0.0,0,1,1,22.0,0,2.2,3.2,,,74.0,200.0,22.989941176470587,0.0,North Carolina State,2019.0,2019.0,,,30.0,0.027027028
2019,3,00-0034960,J.Meyers,WR,NE,NYJ,0,0,0.0,0,0.0,0.0,0.0,0,0.0,0,3,2,38.0,0,3.8,5.8,,,74.0,200.0,22.989941176470587,0.0,North Carolina State,2019.0,2019.0,,,16.0,0.069767445
2019,5,00-0034960,J.Meyers,WR,NE,WAS,0,0,0.0,0,0.0,0.0,0.0,0,0.0,0,2,1,6.0,0,0.6,1.6,,,74.0,200.0,22.989941176470587,0.0,North Carolina State,2019.0,2019.0,,,,0.05
2019,6,00-0034960,J.Meyers,WR,NE,NYG,0,0,0.0,0,0.0,0.0,0.0,0,0.0,0,4,4,54.0,0,5.4,9.4,,,74.0,200.0,22.989941176470587,0.0,North Carolina State,2019.0,2019.0,,,21.0,0.09756097
2019,7,00-0034960,J.Meyers,WR,NE,NYJ,0,0,0.0,0,0.0,0.0,0.0,0,0.0,0,5,5,47.0,0,4.7,9.7,,,74.0,200.0,22.989941176470587,0.0,North Carolina State,2019.0,2019.0,,,,0.11904762
2019,8,00-0034960,J.Meyers,WR,NE,CLE,0,0,0.0,0,0.0,0.0,0.0,0,0.0,0,2,1,5.0,0,0.5,1.5,,,74.0,200.0,22.989941176470587,0.0,North Carolina State,2019.0,2019.0,,,14.0,0.0625
2019,11,00-0034960,J.Meyers,WR,NE,PHI,0,0,0.0,0,0.0,0.0,0.0,0,0.0,0,2,1,7.0,0,0.7,1.7,,,74.0,200.0,22.989941176470587,0.0,North Carolina State,2019.0,2019.0,,,,0.044444446
2019,12,00-0034960,J.Meyers,WR,NE,DAL,0,0,0.0,0,0.0,0.0,0.0,0,0.0,0,9,4,74.0,0,7.4,11.4,,,74.0,200.0,22.989941176470587,0.0,North Carolina State,2019.0,2019.0,,,4.0,0.25714287
2019,13,00-0034960,J.Meyers,WR,NE,HOU,0,0,0.0,0,0.0,0.0,0.0,0,0.0,0,7,3,46.0,0,4.6,7.6,,,74.0,200.0,22.989941176470587,0.0,North Carolina State,2019.0,2019.0,,,,0.15555556
2019,14,00-0034960,J.Meyers,WR,NE,KC,0,0,0.0,0,0.0,0.0,0.0,0,0.0,0,3,1,35.0,0,3.5,4.5,,,74.0,200.0,22.989941176470587,0.0,North Carolina State,2019.0,2019.0,,,-7.0,0.08571429
2019,16,00-0034960,J.Meyers,WR,NE,BUF,0,0,0.0,0,0.0,0.0,0.0,0,0.0,0,3,3,25.0,0,2.5,5.5,,,74.0,200.0,22.989941176470587,0.0,North Carolina State,2019.0,2019.0,,,7.0,0.09375
2019,2,00-0034970,I.Smith,TE,MIN,GB,0,0,0.0,0,0.0,0.0,0.0,0,0.0,0,2,1,-1.0,0,-0.1,0.9,,,74.0,240.0,21.2515,0.0,Alabama,2019.0,2019.0,MIN,50.0,,0.074074075
2019,3,00-0034970,I.Smith,TE,MIN,LV,0,0,0.0,0,0.0,0.0,0.0,0,0.0,0,3,3,60.0,0,6.0,9.0,,,74.0,240.0,21.2515,0.0,Alabama,2019.0,2019.0,MIN,50.0,20.0,0.15
2019,4,00-0034970,I.Smith,TE,MIN,CHI,0,0,0.0,0,0.0,0.0,0.0,0,0.0,0,1,1,5.0,0,0.5,1.5,,,74.0,240.0,21.2515,0.0,Alabama,2019.0,2019.0,MIN,50.0,,0.028571429
2019,6,00-0034970,I.Smith,TE,MIN,PHI,0,0,0.0,0,0.0,0.0,0.0,0,0.0,0,2,2,29.0,0,2.9,4.9,,,74.0,240.0,21.2515,0.0,Alabama,2019.0,2019.0,MIN,50.0,18.0,0.071428575
2019,7,00-0034970,I.Smith,TE,MIN,DET,0,0,0.0,0,0.0,0.0,0.0,0,0.0,0,6,5,60.0,0,6.0,11.0,,,74.0,240.0,21.2515,0.0,Alabama,2019.0,2019.0,MIN,50.0,,0.18181819
2019,8,00-0034970,I.Smith,TE,MIN,WAS,0,0,0.0,0,0.0,0.0,0.0,0,0.0,0,3,3,21.0,0,2.1,5.1,,,74.0,240.0,21.2515,0.0,Alabama,2019.0,2019.0,MIN,50.0,10.0,0.125
2019,9,00-0034970,I.Smith,TE,MIN,KC,0,0,0.0,0,0.0,0.0,0.0,0,0.0,0,6,4,33.0,0,3.3,7.3,,,74.0,240.0,21.2515,0.0,Alabama,2019.0,2019.0,MIN,50.0,,0.16216215
2019,10,00-0034970,I.Smith,TE,MIN,DAL,0,0,0.0,0,0.0,0.0,0.0,0,0.0,0,6,5,34.0,0,3.4,8.4,,,74.0,240.0,21.2515,0.0,Alabama,2019.0,2019.0,MIN,50.0,,0.19354838
2019,11,00-0034970,I.Smith,TE,MIN,DEN,0,0,0.0,0,0.0,0.0,0.0,0,0.0,0,3,3,20.0,1,8.0,11.0,,,74.0,240.0,21.2515,0.0,Alabama,2019.0,2019.0,MIN,50.0,4.0,0.08571429
2019,13,00-0034970,I.Smith,TE,MIN,SEA,0,0,0.0,0,0.0,0.0,0.0,0,0.0,0,3,1,6.0,0,0.6,1.6,,,74.0,240.0,21.2515,0.0,Alabama,2019.0,2019.0,MIN,50.0,,0.083333336
2019,14,00-0034970,I.Smith,TE,MIN,DET,0,0,0.0,0,0.0,0.0,0.0,0,0.0,0,4,3,21.0,0,2.1,5.1,,,74.0,240.0,21.2515,0.0,Alabama,2019.0,2019.0,MIN,50.0,13.0,0.13793103
2019,15,00-0034970,I.Smith,TE,MIN,LAC,0,0,0.0,0,0.0,0.0,0.0,0,0.0,0,3,2,8.0,1,6.8,8.8,,,74.0,240.0,21.2515,0.0,Alabama,2019.0,2019.0,MIN,50.0,,0.125
2019,16,00-0034970,I.Smith,TE,MIN,GB,0,0,0.0,0,0.0,0.0,0.0,0,0.0,0,3,2,4.0,0,0.4,2.4,,,74.0,240.0,21.2515,0.0,Alabama,2019.0,2019.0,MIN,50.0,-13.0,0.1
2019,17,00-0034970,I.Smith,TE,MIN,CHI,0,0,0.0,0,0.0,0.0,0.0,0,0.0,0,2,1,11.0,0,1.1,2.1,,,74.0,240.0,21.2515,0.0,Alabama,2019.0,2019.0,MIN,50.0,-2.0,0.1
2019,19,00-0034970,I.Smith,TE,MIN,SF,0,0,0.0,0,0.0,0.0,0.0,0,0.0,0,3,3,39.0,0,3.9,6.9,,,74.0,240.0,21.2515,0.0,Alabama,2019.0,2019.0,MIN,50.0,,0.10344828
2019,1,00-0034972,A.Mattison,RB,MIN,ATL,0,0,0.0,0,0.0,0.0,0.0,9,49.0,0,0,0,0.0,0,4.9,4.9,,,71.0,220.0,21.39111111111111,0.0,Boise State,2019.0,2019.0,MIN,102.0,16.0,
2019,2,00-0034972,A.Mattison,RB,MIN,GB,0,0,0.0,0,0.0,0.0,0.0,4,25.0,0,0,0,0.0,0,2.5,2.5,,,71.0,220.0,21.39111111111111,0.0,Boise State,2019.0,2019.0,MIN,102.0,,
2019,3,00-0034972,A.Mattison,RB,MIN,LV,0,0,0.0,0,0.0,0.0,0.0,12,58.0,1,0,0,0.0,0,11.8,11.8,,,71.0,220.0,21.39111111111111,0.0,Boise State,2019.0,2019.0,MIN,102.0,20.0,
2019,4,00-0034972,A.Mattison,RB,MIN,CHI,0,0,0.0,0,0.0,0.0,0.0,2,5.0,0,1,1,8.0,0,1.3,2.3,,,71.0,220.0,21.39111111111111,0.0,Boise State,2019.0,2019.0,MIN,102.0,,0.028571429
2019,5,00-0034972,A.Mattison,RB,MIN,NYG,0,0,0.0,0,0.0,0.0,0.0,7,52.0,0,0,0,0.0,0,5.2,5.2,,,71.0,220.0,21.39111111111111,0.0,Boise State,2019.0,2019.0,MIN,102.0,,
2019,6,00-0034972,A.Mattison,RB,MIN,PHI,0,0,0.0,0,0.0,0.0,0.0,14,63.0,0,0,0,0.0,0,4.3,4.3,,,71.0,220.0,21.39111111111111,0.0,Boise State,2019.0,2019.0,MIN,102.0,18.0,
2019,7,00-0034972,A.Mattison,RB,MIN,DET,0,0,0.0,0,0.0,0.0,0.0,7,18.0,0,0,0,0.0,0,1.8,1.8,,,71.0,220.0,21.39111111111111,0.0,Boise State,2019.0,2019.0,MIN,102.0,,
2019,8,00-0034972,A.Mattison,RB,MIN,WAS,0,0,0.0,0,0.0,0.0,0.0,13,61.0,0,2,2,3.0,0,6.4,8.4,,,71.0,220.0,21.39111111111111,0.0,Boise State,2019.0,2019.0,MIN,102.0,10.0,0.083333336
2019,9,00-0034972,A.Mattison,RB,MIN,KC,0,0,0.0,0,0.0,0.0,0.0,3,6.0,0,1,0,0.0,0,0.6,0.6,,,71.0,220.0,21.39111111111111,0.0,Boise State,2019.0,2019.0,MIN,102.0,,0.027027028
2019,10,00-0034972,A.Mattison,RB,MIN,DAL,0,0,0.0,0,0.0,0.0,0.0,8,52.0,0,1,1,2.0,0,5.4,6.4,,,71.0,220.0,21.39111111111111,0.0,Boise State,2019.0,2019.0,MIN,102.0,,0.032258064
2019,11,00-0034972,A.Mattison,RB,MIN,DEN,0,0,0.0,0,0.0,0.0,0.0,3,5.0,0,0,0,0.0,0,0.5,0.5,,,71.0,220.0,21.39111111111111,0.0,Boise State,2019.0,2019.0,MIN,102.0,4.0,
2019,13,00-0034972,A.Mattison,RB,MIN,SEA,0,0,0.0,0,0.0,0.0,0.0,4,22.0,0,5,4,51.0,0,7.3,11.3,,,71.0,220.0,21.39111111111111,0.0,Boise State,2019.0,2019.0,MIN,102.0,,0.1388889
2019,14,00-0034972,A.Mattison,RB,MIN,DET,0,0,0.0,0,0.0,0.0,0.0,14,46.0,0,2,2,18.0,0,6.4,8.4,,,71.0,220.0,21.39111111111111,0.0,Boise State,2019.0,2019.0,MIN,102.0,13.0,0.06896552
2019,18,00-0034972,A.Mattison,RB,MIN,NO,0,0,0.0,0,0.0,0.0,0.0,5,20.0,0,2,1,10.0,0,3.0,4.0,,,71.0,220.0,21.39111111111111,0.0,Boise State,2019.0,2019.0,MIN,102.0,,0.06451613
2019,19,00-0034972,A.Mattison,RB,MIN,SF,0,0,0.0,0,0.0,0.0,0.0,1,3.0,0,0,0,0.0,0,0.3,0.3,,,71.0,220.0,21.39111111111111,0.0,Boise State,2019.0,2019.0,MIN,102.0,,
2019,1,00-0034975,J.Hill,RB,BAL,MIA,0,0,0.0,0,0.0,0.0,0.0,7,27.0,0,0,0,0.0,0,2.7,2.7,,,70.0,200.0,21.980470588235296,0.0,Oklahoma State,2019.0,2019.0,BAL,113.0,,
2019,2,00-0034975,J.Hill,RB,BAL,ARI,0,0,0.0,0,0.0,0.0,0.0,1,4.0,0,2,1,10.0,0,1.4,2.4,,,70.0,200.0,21.980470588235296,0.0,Oklahoma State,2019.0,2019.0,BAL,113.0,6.0,0.057142857
2019,3,00-0034975,J.Hill,RB,BAL,KC,0,0,0.0,0,0.0,0.0,0.0,1,1.0,0,3,0,0.0,0,0.1,0.1,,,70.0,200.0,21.980470588235296,0.0,Oklahoma State,2019.0,2019.0,BAL,113.0,,0.069767445
2019,4,00-0034975,J.Hill,RB,BAL,CLE,0,0,0.0,0,0.0,0.0,0.0,2,8.0,0,2,2,9.0,0,1.7,3.7,,,70.0,200.0,21.980470588235296,0.0,Oklahoma State,2019.0,2019.0,BAL,113.0,-15.0,0.060606062
2019,5,00-0034975,J.Hill,RB,BAL,PIT,0,0,0.0,0,0.0,0.0,0.0,2,7.0,0,0,0,0.0,0,0.7,0.7,,,70.0,200.0,21.980470588235296,0.0,Oklahoma State,2019.0,2019.0,BAL,113.0,,
2019,6,00-0034975,J.Hill,RB,BAL,CIN,0,0,0.0,0,0.0,0.0,0.0,5,31.0,0,0,0,0.0,0,3.1,3.1,,,70.0,200.0,21.980470588235296,0.0,Oklahoma State,2019.0,2019.0,BAL,113.0,6.0,
2019,9,00-0034975,J.Hill,RB,BAL,NE,0,0,0.0,0,0.0,0.0,0.0,3,7.0,0,1,0,0.0,0,0.7,0.7,,,70.0,200.0,21.980470588235296,0.0,Oklahoma State,2019.0,2019.0,BAL,113.0,17.0,0.04347826
2019,10,00-0034975,J.Hill,RB,BAL,CIN,0,0,0.0,0,0.0,0.0,0.0,3,11.0,0,0,0,0.0,0,1.1,1.1,,,70.0,200.0,21.980470588235296,0.0,Oklahoma State,2019.0,2019.0,BAL,113.0,,
2019,11,00-0034975,J.Hill,RB,BAL,HOU,0,0,0.0,0,0.0,0.0,0.0,5,18.0,0,1,1,9.0,0,2.7,3.7,,,70.0,200.0,21.980470588235296,0.0,Oklahoma State,2019.0,2019.0,BAL,113.0,34.0,0.037037037
2019,12,00-0034975,J.Hill,RB,BAL,LA,0,0,0.0,0,0.0,0.0,0.0,8,27.0,0,0,0,0.0,0,2.7,2.7,,,70.0,200.0,21.980470588235296,0.0,Oklahoma State,2019.0,2019.0,BAL,113.0,,
2019,13,00-0034975,J.Hill,RB,BAL,SF,0,0,0.0,0,0.0,0.0,0.0,1,3.0,0,0,0,0.0,0,0.3,0.3,,,70.0,200.0,21.980470588235296,0.0,Oklahoma State,2019.0,2019.0,BAL,113.0,3.0,
2019,14,00-0034975,J.Hill,RB,BAL,BUF,0,0,0.0,0,0.0,0.0,0.0,3,8.0,0,0,0,0.0,0,0.8,0.8,,,70.0,200.0,21.980470588235296,0.0,Oklahoma State,2019.0,2019.0,BAL,113.0,,
2019,15,00-0034975,J.Hill,RB,BAL,NYJ,0,0,0.0,0,0.0,0.0,0.0,4,15.0,0,0,0,0.0,0,1.5,1.5,,,70.0,200.0,21.980470588235296,0.0,Oklahoma State,2019.0,2019.0,BAL,113.0,21.0,
2019,16,00-0034975,J.Hill,RB,BAL,CLE,0,0,0.0,0,0.0,0.0,0.0,3,19.0,1,4,3,32.0,0,11.1,14.1,,,70.0,200.0,21.980470588235296,0.0,Oklahoma State,2019.0,2019.0,BAL,113.0,,0.13333334
2019,17,00-0034975,J.Hill,RB,BAL,PIT,0,0,0.0,0,0.0,0.0,0.0,10,39.0,1,2,1,10.0,0,10.9,11.9,,,70.0,200.0,21.980470588235296,0.0,Oklahoma State,2019.0,2019.0,BAL,113.0,18.0,0.1
2019,19,00-0034975,J.Hill,RB,BAL,TEN,0,0,0.0,0,0.0,0.0,0.0,0,0.0,0,5,4,26.0,0,2.6,6.6,,,70.0,200.0,21.980470588235296,0.0,Oklahoma State,2019.0,2019.0,BAL,113.0,-16.0,0.094339624
2019,1,00-0034981,F.Moreau,TE,LV,DEN,0,0,0.0,0,0.0,0.0,0.0,0,0.0,0,2,2,20.0,0,2.0,4.0,,,76.0,250.0,22.4975,0.0,Louisiana State,2019.0,2019.0,OAK,137.0,,0.07692308
2019,3,00-0034981,F.Moreau,TE,LV,MIN,0,0,0.0,0,0.0,0.0,0.0,0,0.0,0,2,1,1.0,0,0.1,1.1,,,76.0,250.0,22.4975,0.0,Louisiana State,2019.0,2019.0,OAK,137.0,,0.060606062
2019,4,00-0034981,F.Moreau,TE,LV,IND,0,0,0.0,0,0.0,0.0,0.0,0,0.0,0,3,3,30.0,1,9.0,12.0,,,76.0,250.0,22.4975,0.0,Louisiana State,2019.0,2019.0,OAK,137.0,,0.10714286
2019,5,00-0034981,F.Moreau,TE,LV,CHI,0,0,0.0,0,0.0,0.0,0.0,0,0.0,0,4,4,46.0,0,4.6,8.6,,,76.0,250.0,22.4975,0.0,Louisiana State,2019.0,2019.0,OAK,137.0,,0.13333334
2019,7,00-0034981,F.Moreau,TE,LV,GB,0,0,0.0,0,0.0,0.0,0.0,0,0.0,0,3,2,24.0,1,8.4,10.4,,,76.0,250.0,22.4975,0.0,Louisiana State,2019.0,2019.0,OAK,137.0,,0.09677419
2019,8,00-0034981,F.Moreau,TE,LV,HOU,0,0,0.0,0,0.0,0.0,0.0,0,0.0,0,2,1,10.0,0,1.0,2.0,,,76.0,250.0,22.4975,0.0,Louisiana State,2019.0,2019.0,OAK,137.0,,0.06666667
2019,9,00-0034981,F.Moreau,TE,LV,DET,0,0,0.0,0,0.0,0.0,0.0,0,0.0,0,2,1,3.0,1,6.3,7.3,,,76.0,250.0,22.4975,0.0,Louisiana State,2019.0,2019.0,OAK,137.0,,0.074074075
2019,11,00-0034981,F.Moreau,TE,LV,CIN,0,0,0.0,0,0.0,0.0,0.0,0,0.0,0,2,2,8.0,1,6.8,8.8,,,76.0,250.0,22.4975,0.0,Louisiana State,2019.0,2019.0,OAK,137.0,,0.071428575
2019,12,00-0034981,F.Moreau,TE,LV,NYJ,0,0,0.0,0,0.0,0.0,0.0,0,0.0,0,1,1,3.0,0,0.3,1.3,,,76.0,250.0,22.4975,0.0,Louisiana State,2019.0,2019.0,OAK,137.0,,0.030303031
2019,13,00-0034981,F.Moreau,TE,LV,KC,0,0,0.0,0,0.0,0.0,0.0,0,0.0,0,1,1,15.0,0,1.5,2.5,,,76.0,250.0,22.4975,0.0,Louisiana State,2019.0,2019.0,OAK,137.0,,0.037037037
2019,14,00-0034981,F.Moreau,TE,LV,TEN,0,0,0.0,0,0.0,0.0,0.0,0,0.0,0,3,3,14.0,1,7.4,10.4,,,76.0,250.0,22.4975,0.0,Louisiana State,2019.0,2019.0,OAK,137.0,,0.1
2019,1,00-0034983,H.Renfrow,WR,LV,DEN,0,0,0.0,0,0.0,0.0,0.0,0,0.0,0,3,2,13.0,0,1.3,3.3,,,70.0,185.0,23.871875,0.0,Clemson,2019.0,2019.0,OAK,149.0,,0.115384616
2019,2,00-0034983,H.Renfrow,WR,LV,KC,0,0,0.0,0,0.0,0.0,0.0,0,0.0,0,8,4,30.0,0,3.0,7.0,,,70.0,185.0,23.871875,0.0,Clemson,2019.0,2019.0,OAK,149.0,,0.21621622
2019,3,00-0034983,H.Renfrow,WR,LV,MIN,0,0,0.0,0,0.0,0.0,0.0,0,0.0,0,4,3,28.0,0,2.8,5.8,,,70.0,185.0,23.871875,0.0,Clemson,2019.0,2019.0,OAK,149.0,,0.121212125
2019,4,00-0034983,H.Renfrow,WR,LV,IND,0,0,0.0,0,0.0,0.0,0.0,0,0.0,0,3,2,18.0,0,1.8,3.8,,,70.0,185.0,23.871875,0.0,Clemson,2019.0,2019.0,OAK,149.0,,0.10714286
2019,5,00-0034983,H.Renfrow,WR,LV,CHI,0,0,0.0,0,0.0,0.0,0.0,0,0.0,0,5,1,12.0,0,1.2,2.2,,,70.0,185.0,23.871875,0.0,Clemson,2019.0,2019.0,OAK,149.0,,0.16666667
2019,7,00-0034983,H.Renfrow,WR,LV,GB,0,0,0.0,0,0.0,0.0,0.0,0,0.0,0,3,2,14.0,0,1.4,3.4,,,70.0,185.0,23.871875,0.0,Clemson,2019.0,2019.0,OAK,149.0,,0.09677419
2019,8,00-0034983,H.Renfrow,WR,LV,HOU,0,0,0.0,0,0.0,0.0,0.0,0,0.0,0,4,4,88.0,1,14.8,18.8,,,70.0,185.0,23.871875,0.0,Clemson,2019.0,2019.0,OAK,149.0,,0.13333334
2019,9,00-0034983,H.Renfrow,WR,LV,DET,0,0,0.0,0,0.0,0.0,0.0,0,0.0,0,7,6,54.0,1,11.4,17.4,,,70.0,185.0,23.871875,0.0,Clemson,2019.0,2019.0,OAK,149.0,,0.25925925
2019,10,00-0034983,H.Renfrow,WR,LV,LAC,0,0,0.0,0,0.0,0.0,0.0,0,0.0,0,5,4,42.0,0,4.2,8.2,,,70.0,185.0,23.871875,0.0,Clemson,2019.0,2019.0,OAK,149.0,,0.16666667
2019,11,00-0034983,H.Renfrow,WR,LV,CIN,0,0,0.0,0,0.0,0.0,0.0,0,0.0,0,6,5,66.0,0,6.6,11.6,,,70.0,185.0,23.871875,0.0,Clemson,2019.0,2019.0,OAK,149.0,,0.21428572
2019,12,00-0034983,H.Renfrow,WR,LV,NYJ,0,0,0.0,0,0.0,0.0,0.0,0,0.0,0,5,3,31.0,0,3.1,6.1,,,70.0,185.0,23.871875,0.0,Clemson,2019.0,2019.0,OAK,149.0,,0.15151516
2019,16,00-0034983,H.Renfrow,WR,LV,LAC,0,0,0.0,0,0.0,0.0,0.0,0,0.0,0,9,7,107.0,1,16.7,23.7,,,70.0,185.0,23.871875,0.0,Clemson,2019.0,2019.0,OAK,149.0,,0.31034482
2019,17,00-0034983,H.Renfrow,WR,LV,DEN,0,0,0.0,0,0.0,0.0,0.0,0,0.0,0,9,6,102.0,1,16.2,22.2,,,70.0,185.0,23.871875,0.0,Clemson,2019.0,2019.0,OAK,149.0,,0.2195122
2019,10,00-0034988,K.Smith,TE,NYG,NYJ,0,0,0.0,0,0.0,0.0,0.0,0,0.0,0,1,1,1.0,0,0.1,1.1,,,77.0,252.0,22.5245,0.0,Stanford,2019.0,2019.0,SF,176.0,,0.02631579
2019,12,00-0034988,K.Smith,TE,NYG,CHI,0,0,0.0,0,0.0,0.0,0.0,0,0.0,0,6,5,17.0,1,7.7,12.7,,,77.0,252.0,22.5245,0.0,Stanford,2019.0,2019.0,SF,176.0,,0.1764706
2019,13,00-0034988,K.Smith,TE,NYG,GB,0,0,0.0,0,0.0,0.0,0.0,0,0.0,0,8,6,70.0,0,7.0,13.0,,,77.0,252.0,22.5245,0.0,Stanford,2019.0,2019.0,SF,176.0,-18.0,0.22222222
2019,14,00-0034988,K.Smith,TE,NYG,PHI,0,0,0.0,0,0.0,0.0,0.0,0,0.0,0,5,2,9.0,0,0.9,2.9,,,77.0,252.0,22.5245,0.0,Stanford,2019.0,2019.0,SF,176.0,,0.1724138
2019,15,00-0034988,K.Smith,TE,NYG,MIA,0,0,0.0,0,0.0,0.0,0.0,0,0.0,0,3,3,38.0,0,3.8,6.8,,,77.0,252.0,22.5245,0.0,Stanford,2019.0,2019.0,SF,176.0,16.0,0.10344828
2019,16,00-0034988,K.Smith,TE,NYG,WAS,0,0,0.0,0,0.0,0.0,0.0,0,0.0,0,8,6,35.0,2,15.5,21.5,,,77.0,252.0,22.5245,0.0,Stanford,2019.0,2019.0,SF,176.0,,0.20512821
2019,17,00-0034988,K.Smith,TE,NYG,PHI,0,0,0.0,0,0.0,0.0,0.0,0,0.0,0,11,8,98.0,0,9.8,17.8,,,77.0,252.0,22.5245,0.0,Stanford,2019.0,2019.0,SF,176.0,-17.0,0.23404256
2019,7,00-0034995,D.Williams,RB,GB,LV,0,0,0.0,0,0.0,0.0,0.0,3,2.0,0,0,0,0.0,0,0.2,0.2,,,71.0,212.0,22.842444444444443,0.0,Notre Dame,2019.0,2019.0,GB,194.0,18.0,
2019,17,00-0034995,D.Williams,RB,GB,DET,0,0,0.0,0,0.0,0.0,0.0,2,9.0,0,0,0,0.0,0,0.9,0.9,,,71.0,212.0,22.842444444444443,0.0,Notre Dame,2019.0,2019.0,GB,194.0,,
2019,4,00-0035006,O.Johnson,WR,MIN,CHI,0,0,0.0,0,0.0,0.0,0.0,0,0.0,0,4,4,35.0,0,3.5,7.5,,,72.0,203.0,22.647777777777776,0.0,Colorado State,2019.0,2019.0,MIN,247.0,,0.114285715
2019,5,00-0035006,O.Johnson,WR,MIN,NYG,0,0,0.0,0,0.0,0.0,0.0,0,0.0,0,4,4,43.0,0,4.3,8.3,,,72.0,203.0,22.647777777777776,0.0,Colorado State,2019.0,2019.0,MIN,247.0,,0.16666667
2019,6,00-0035006,O.Johnson,WR,MIN,PHI,0,0,0.0,0,0.0,0.0,0.0,0,0.0,0,1,1,16.0,0,1.6,2.6,,,72.0,203.0,22.647777777777776,0.0,Colorado State,2019.0,2019.0,MIN,247.0,18.0,0.035714287
2019,7,00-0035006,O.Johnson,WR,MIN,DET,0,0,0.0,0,0.0,0.0,0.0,0,0.0,0,8,4,40.0,1,10.0,14.0,,,72.0,203.0,22.647777777777776,0.0,Colorado State,2019.0,2019.0,MIN,247.0,,0.24242425
2019,8,00-0035006,O.Johnson,WR,MIN,WAS,0,0,0.0,0,0.0,0.0,0.0,0,0.0,0,2,2,27.0,0,2.7,4.7,,,72.0,203.0,22.647777777777776,0.0,Colorado State,2019.0,2019.0,MIN,247.0,10.0,0.083333336
2019,9,00-0035006,O.Johnson,WR,MIN,KC,0,0,0.0,0,0.0,0.0,0.0,0,0.0,0,2,1,4.0,1,6.4,7.4,,,72.0,203.0,22.647777777777776,0.0,Colorado State,2019.0,2019.0,MIN,247.0,,0.054054055
2019,10,00-0035006,O.Johnson,WR,MIN,DAL,0,0,0.0,0,0.0,0.0,0.0,0,0.0,0,4,2,25.0,0,2.5,4.5,,,72.0,203.0,22.647777777777776,0.0,Colorado State,2019.0,2019.0,MIN,247.0,,0.12903225
2019,11,00-0035006,O.Johnson,WR,MIN,DEN,0,0,0.0,0,0.0,0.0,0.0,0,0.0,0,9,6,35.0,0,3.5,9.5,,,72.0,203.0,22.647777777777776,0.0,Colorado State,2019.0,2019.0,MIN,247.0,4.0,0.25714287
2019,13,00-0035006,O.Johnson,WR,MIN,SEA,0,0,0.0,0,0.0,0.0,0.0,0,0.0,0,3,1,1.0,0,0.1,1.1,,,72.0,203.0,22.647777777777776,0.0,Colorado State,2019.0,2019.0,MIN,247.0,,0.083333336
2019,14,00-0035006,O.Johnson,WR,MIN,DET,0,0,0.0,0,0.0,0.0,0.0,0,0.0,0,1,1,9.0,1,6.9,7.9,,,72.0,203.0,22.647777777777776,0.0,Colorado State,2019.0,2019.0,MIN,247.0,13.0,0.03448276
2019,15,00-0035006,O.Johnson,WR,MIN,LAC,0,0,0.0,0,0.0,0.0,0.0,1,6.0,0,1,1,19.0,0,2.5,3.5,,,72.0,203.0,22.647777777777776,0.0,Colorado State,2019.0,2019.0,MIN,247.0,,0.041666668
2019,16,00-0035006,O.Johnson,WR,MIN,GB,0,0,0.0,0,0.0,0.0,0.0,0,0.0,0,2,1,6.0,0,0.6,1.6,,,72.0,203.0,22.647777777777776,0.0,Colorado State,2019.0,2019.0,MIN,247.0,-13.0,0.06666667
2019,17,00-0035006,O.Johnson,WR,MIN,CHI,0,0,0.0,0,0.0,0.0,0.0,0,0.0,0,4,3,34.0,0,3.4,6.4,,,72.0,203.0,22.647777777777776,0.0,Colorado State,2019.0,2019.0,MIN,247.0,-2.0,0.2
2019,18,00-0035006,O.Johnson,WR,MIN,NO,0,0,0.0,0,0.0,0.0,0.0,0,0.0,0,3,2,17.0,0,1.7,3.7,,,72.0,203.0,22.647777777777776,0.0,Colorado State,2019.0,2019.0,MIN,247.0,,0.09677419
2019,4,00-0035013,J.Hilliman,RB,NYG,WAS,0,0,0.0,0,0.0,0.0,0.0,10,33.0,0,0,0,0.0,0,1.3,1.3,,,72.0,226.0,23.967375,0.0,Rutgers,2019.0,2019.0,,,21.0,
2019,5,00-0035013,J.Hilliman,RB,NYG,MIN,0,0,0.0,0,0.0,0.0,0.0,9,20.0,0,2,1,4.0,0,2.4,3.4,,,72.0,226.0,23.967375,0.0,Rutgers,2019.0,2019.0,,,-18.0,0.055555556
2019,6,00-0035013,J.Hilliman,RB,NYG,NE,0,0,0.0,0,0.0,0.0,0.0,11,38.0,0,2,2,-3.0,0,1.5,3.5,,,72.0,226.0,23.967375,0.0,Rutgers,2019.0,2019.0,,,,0.06896552
2019,13,00-0035021,A.Dulin,WR,IND,TEN,0,0,0.0,0,0.0,0.0,0.0,0,0.0,0,1,1,13.0,0,1.3,2.3,,,73.0,215.0,22.4728125,0.0,Malone,2019.0,2019.0,,,-14.0,0.027027028
2019,15,00-0035021,A.Dulin,WR,IND,NO,0,0,0.0,0,0.0,0.0,0.0,0,0.0,0,1,1,4.0,0,0.4,1.4,,,73.0,215.0,22.4728125,0.0,Malone,2019.0,2019.0,,,,0.030303031
2019,8,00-0035025,H.Hentges,TE,WAS,MIN,0,0,0.0,0,0.0,0.0,0.0,0,0.0,0,1,1,13.0,0,1.3,2.3,,,76.0,245.0,23.204375,0.0,Alabama,2019.0,2019.0,,,,0.04761905
2019,11,00-0035025,H.Hentges,TE,WAS,NYJ,0,0,0.0,0,0.0,0.0,0.0,0,0.0,0,3,1,0.0,0,0.0,1.0,,,76.0,245.0,23.204375,0.0,Alabama,2019.0,2019.0,,,-17.0,0.09375
2019,13,00-0035025,H.Hentges,TE,WAS,CAR,0,0,0.0,0,0.0,0.0,0.0,0,0.0,0,1,0,0.0,0,0.0,0.0,,,76.0,245.0,23.204375,0.0,Alabama,2019.0,2019.0,,,,0.041666668
2019,16,00-0035025,H.Hentges,TE,WAS,NYG,0,0,0.0,0,0.0,0.0,0.0,0,0.0,0,2,2,28.0,1,8.8,10.8,,,76.0,245.0,23.204375,0.0,Alabama,2019.0,2019.0,,,-6.0,0.054054055
2019,17,00-0035025,H.Hentges,TE,WAS,DAL,0,0,0.0,0,0.0,0.0,0.0,0,0.0,0,7,4,62.0,0,6.2,10.2,,,76.0,245.0,23.204375,0.0,Alabama,2019.0,2019.0,,,,0.2
2019,9,00-0035039,S.Carlson,TE,CLE,DEN,0,0,0.0,0,0.0,0.0,0.0,0,0.0,0,1,0,0.0,0,0.0,0.0,,,76.0,240.0,22.8933125,0.0,Princeton,2019.0,2019.0,,,,0.025
2019,11,00-0035039,S.Carlson,TE,CLE,PIT,0,0,0.0,0,0.0,0.0,0.0,0,0.0,0,1,1,8.0,1,6.8,7.8,,,76.0,240.0,22.8933125,0.0,Princeton,2019.0,2019.0,,,14.0,0.033333335
2019,12,00-0035039,S.Carlson,TE,CLE,MIA,0,0,0.0,0,0.0,0.0,0.0,0,0.0,0,1,1,8.0,0,0.8,1.8,,,76.0,240.0,22.8933125,0.0,Princeton,2019.0,2019.0,,,17.0,0.030303031
2019,13,00-0035039,S.Carlson,TE,CLE,PIT,0,0,0.0,0,0.0,0.0,0.0,0,0.0,0,2,2,28.0,0,2.8,4.8,,,76.0,240.0,22.8933125,0.0,Princeton,2019.0,2019.0,,,,0.060606062
2019,14,00-0035039,S.Carlson,TE,CLE,CIN,0,0,0.0,0,0.0,0.0,0.0,0,0.0,0,1,0,0.0,0,0.0,0.0,,,76.0,240.0,22.8933125,0.0,Princeton,2019.0,2019.0,,,8.0,0.045454547
2019,16,00-0035039,S.Carlson,TE,CLE,BAL,0,0,0.0,0,0.0,0.0,0.0,0,0.0,0,1,1,7.0,0,0.7,1.7,,,76.0,240.0,22.8933125,0.0,Princeton,2019.0,2019.0,,,-16.0,0.03125
2019,13,00-0035040,D.Blough,QB,DET,CHI,22,38,280.0,2,1.0,2.0,21.0,1,1.0,0,0,0,0.0,0,17.3,17.3,,,73.0,200.0,24.2645,0.0,Purdue,2019.0,2019.0,,,-4.0,
2019,14,00-0035040,D.Blough,QB,DET,MIN,24,40,205.0,1,2.0,5.0,44.0,0,0.0,0,0,0,0.0,0,8.2,8.2,,,73.0,200.0,24.2645,0.0,Purdue,2019.0,2019.0,,,,
2019,15,00-0035040,D.Blough,QB,DET,TB,24,43,260.0,0,2.0,2.0,10.0,5,19.0,0,0,0,0.0,0,8.3,8.3,,,73.0,200.0,24.2645,0.0,Purdue,2019.0,2019.0,,,-21.0,
2019,16,00-0035040,D.Blough,QB,DET,DEN,12,24,117.0,1,0.0,4.0,22.0,0,0.0,0,0,0,0.0,0,8.68,8.68,,,73.0,200.0,24.2645,0.0,Purdue,2019.0,2019.0,,,,
2019,17,00-0035040,D.Blough,QB,DET,GB,12,29,122.0,0,1.0,1.0,7.0,2,11.0,0,1,1,19.0,1,11.88,12.88,,,73.0,200.0,24.2645,0.0,Purdue,2019.0,2019.0,,,-3.0,0.03448276
2019,14,00-0035099,K.Blasingame,FB,TEN,LV,0,0,0.0,0,0.0,0.0,0.0,0,0.0,0,2,2,47.0,0,4.7,6.7,,,72.0,233.0,23.36825,0.0,Vanderbilt,2019.0,2019.0,,,,0.074074075
2019,15,00-0035099,K.Blasingame,FB,TEN,HOU,0,0,0.0,0,0.0,0.0,0.0,0,0.0,0,1,1,0.0,0,0.0,1.0,,,72.0,233.0,23.36825,0.0,Vanderbilt,2019.0,2019.0,,,-3.0,0.027777778
2019,16,00-0035099,K.Blasingame,FB,TEN,NO,0,0,0.0,0,0.0,0.0,0.0,0,0.0,0,1,0,0.0,0,0.0,0.0,,,72.0,233.0,23.36825,0.0,Vanderbilt,2019.0,2019.0,,,-10.0,0.04
2019,17,00-0035099,K.Blasingame,FB,TEN,HOU,0,0,0.0,0,0.0,0.0,0.0,0,0.0,0,1,1,7.0,0,0.7,1.7,,,72.0,233.0,23.36825,0.0,Vanderbilt,2019.0,2019.0,,,,0.04761905
2019,14,00-0035104,A.Hollins,WR,MIN,DET,0,0,0.0,0,0.0,0.0,0.0,0,0.0,0,1,0,0.0,0,0.0,0.0,,,73.0,166.0,22.95711111111111,0.0,Eastern Illinois,2019.0,2019.0,,,13.0,0.03448276
2019,17,00-0035104,A.Hollins,WR,MIN,CHI,0,0,0.0,0,0.0,0.0,0.0,0,0.0,0,3,2,46.0,0,4.6,6.6,,,73.0,166.0,22.95711111111111,0.0,Eastern Illinois,2019.0,2019.0,,,-2.0,0.15
2019,18,00-0035104,A.Hollins,WR,MIN,NO,0,0,0.0,0,0.0,0.0,0.0,0,0.0,0,1,0,0.0,0,0.0,0.0,,,73.0,166.0,22.95711111111111,0.0,Eastern Illinois,2019.0,2019.0,,,,0.032258064
2019,4,00-0035120,K.Doss,WR,LV,IND,0,0,0.0,0,0.0,0.0,0.0,0,0.0,0,1,1,14.0,0,1.4,2.4,,,75.0,215.0,23.622625,0.0,California-Davis,2019.0,2019.0,,,,0.035714287
2019,5,00-0035120,K.Doss,WR,LV,CHI,0,0,0.0,0,0.0,0.0,0.0,0,0.0,0,2,2,11.0,0,1.1,3.1,,,75.0,215.0,23.622625,0.0,California-Davis,2019.0,2019.0,,,,0.06666667
2019,7,00-0035120,K.Doss,WR,LV,GB,0,0,0.0,0,0.0,0.0,0.0,0,0.0,0,5,3,54.0,0,5.4,8.4,,,75.0,215.0,23.622625,0.0,California-Davis,2019.0,2019.0,,,,0.16129032
2019,13,00-0035120,K.Doss,WR,LV,KC,0,0,0.0,0,0.0,0.0,0.0,0,0.0,0,1,1,11.0,0,1.1,2.1,,,75.0,215.0,23.622625,0.0,California-Davis,2019.0,2019.0,,,,0.037037037
2019,14,00-0035120,K.Doss,WR,LV,TEN,0,0,0.0,0,0.0,0.0,0.0,0,0.0,0,3,3,26.0,0,2.6,5.6,,,75.0,215.0,23.622625,0.0,California-Davis,2019.0,2019.0,,,,0.1
2019,15,00-0035120,K.Doss,WR,LV,JAX,0,0,0.0,0,0.0,0.0,0.0,0,0.0,0,2,1,17.0,0,1.7,2.7,,,75.0,215.0,23.622625,0.0,California-Davis,2019.0,2019.0,,,,0.06451613
2019,4,00-0035125,A.Ingold,FB,LV,IND,0,0,0.0,0,0.0,0.0,0.0,1,1.0,0,0,0,0.0,0,0.1,0.1,,,73.0,242.0,23.3215,0.0,Wisconsin,2019.0,2019.0,,,,
2019,5,00-0035125,A.Ingold,FB,LV,CHI,0,0,0.0,0,0.0,0.0,0.0,1,3.0,0,0,0,0.0,0,0.3,0.3,,,73.0,242.0,23.3215,0.0,Wisconsin,2019.0,2019.0,,,,
2019,8,00-0035125,A.Ingold,FB,LV,HOU,0,0,0.0,0,0.0,0.0,0.0,1,2.0,0,0,0,0.0,0,0.2,0.2,,,73.0,242.0,23.3215,0.0,Wisconsin,2019.0,2019.0,,,,
2019,9,00-0035125,A.Ingold,FB,LV,DET,0,0,0.0,0,0.0,0.0,0.0,1,2.0,0,0,0,0.0,0,0.2,0.2,,,73.0,242.0,23.3215,0.0,Wisconsin,2019.0,2019.0,,,,
2019,10,00-0035125,A.Ingold,FB,LV,LAC,0,0,0.0,0,0.0,0.0,0.0,1,3.0,0,1,1,9.0,1,7.2,8.2,,,73.0,242.0,23.3215,0.0,Wisconsin,2019.0,2019.0,,,,0.033333335
2019,11,00-0035125,A.Ingold,FB,LV,CIN,0,0,0.0,0,0.0,0.0,0.0,1,3.0,0,0,0,0.0,0,0.3,0.3,,,73.0,242.0,23.3215,0.0,Wisconsin,2019.0,2019.0,,,,
2019,12,00-0035125,A.Ingold,FB,LV,NYJ,0,0,0.0,0,0.0,0.0,0.0,1,0.0,0,0,0,0.0,0,0.0,0.0,,,73.0,242.0,23.3215,0.0,Wisconsin,2019.0,2019.0,,,,
2019,13,00-0035125,A.Ingold,FB,LV,KC,0,0,0.0,0,0.0,0.0,0.0,1,4.0,0,2,2,13.0,0,1.7,3.7,,,73.0,242.0,23.3215,0.0,Wisconsin,2019.0,2019.0,,,,0.074074075
2019,14,00-0035125,A.Ingold,FB,LV,TEN,0,0,0.0,0,0.0,0.0,0.0,1,-1.0,0,0,0,0.0,0,-0.1,-0.1,,,73.0,242.0,23.3215,0.0,Wisconsin,2019.0,2019.0,,,,
2019,15,00-0035125,A.Ingold,FB,LV,JAX,0,0,0.0,0,0.0,0.0,0.0,0,0.0,0,3,3,22.0,0,2.2,5.2,,,73.0,242.0,23.3215,0.0,Wisconsin,2019.0,2019.0,,,,0.09677419
2019,17,00-0035125,A.Ingold,FB,LV,DEN,0,0,0.0,0,0.0,0.0,0.0,1,0.0,0,0,0,0.0,0,0.0,0.0,,,73.0,242.0,23.3215,0.0,Wisconsin,2019.0,2019.0,,,,
2019,1,00-0035140,M.Hardman,WR,KC,JAX,0,0,0.0,0,0.0,0.0,0.0,0,0.0,0,1,0,0.0,0,0.0,0.0,,,70.0,187.0,21.676421052631582,0.0,Georgia,2019.0,2019.0,KC,56.0,,0.029411765
2019,2,00-0035140,M.Hardman,WR,KC,LV,0,0,0.0,0,0.0,0.0,0.0,0,0.0,0,6,4,61.0,1,12.1,16.1,,,70.0,187.0,21.676421052631582,0.0,Georgia,2019.0,2019.0,KC,56.0,,0.13636364
2019,3,00-0035140,M.Hardman,WR,KC,BAL,0,0,0.0,0,0.0,0.0,0.0,1,7.0,0,5,2,97.0,1,16.4,18.4,,,70.0,187.0,21.676421052631582,0.0,Georgia,2019.0,2019.0,KC,56.0,5.0,0.14285715
2019,4,00-0035140,M.Hardman,WR,KC,DET,0,0,0.0,0,0.0,0.0,0.0,0,0.0,0,5,2,9.0,0,0.9,2.9,,,70.0,187.0,21.676421052631582,0.0,Georgia,2019.0,2019.0,KC,56.0,,0.12820514
2019,5,00-0035140,M.Hardman,WR,KC,IND,0,0,0.0,0,0.0,0.0,0.0,1,-6.0,0,6,4,79.0,0,7.3,11.3,,,70.0,187.0,21.676421052631582,0.0,Georgia,2019.0,2019.0,KC,56.0,-6.0,0.16216215
2019,6,00-0035140,M.Hardman,WR,KC,HOU,0,0,0.0,0,0.0,0.0,0.0,0,0.0,0,4,4,45.0,0,4.5,8.5,,,70.0,187.0,21.676421052631582,0.0,Georgia,2019.0,2019.0,KC,56.0,-7.0,0.114285715
2019,7,00-0035140,M.Hardman,WR,KC,DEN,0,0,0.0,0,0.0,0.0,0.0,0,0.0,0,3,2,28.0,1,8.8,10.8,,,70.0,187.0,21.676421052631582,0.0,Georgia,2019.0,2019.0,KC,56.0,,0.10344828
2019,8,00-0035140,M.Hardman,WR,KC,GB,0,0,0.0,0,0.0,0.0,0.0,0,0.0,0,2,2,55.0,1,11.5,13.5,,,70.0,187.0,21.676421052631582,0.0,Georgia,2019.0,2019.0,KC,56.0,-7.0,0.057142857
2019,9,00-0035140,M.Hardman,WR,KC,MIN,0,0,0.0,0,0.0,0.0,0.0,1,7.0,0,0,0,0.0,0,0.7,0.7,,,70.0,187.0,21.676421052631582,0.0,Georgia,2019.0,2019.0,KC,56.0,3.0,
2019,10,00-0035140,M.Hardman,WR,KC,TEN,0,0,0.0,0,0.0,0.0,0.0,0,0.0,0,1,1,63.0,1,12.3,13.3,,,70.0,187.0,21.676421052631582,0.0,Georgia,2019.0,2019.0,KC,56.0,,0.020408163
2019,11,00-0035140,M.Hardman,WR,KC,LAC,0,0,0.0,0,0.0,0.0,0.0,0,0.0,0,4,2,13.0,0,1.3,3.3,,,70.0,187.0,21.676421052631582,0.0,Georgia,2019.0,2019.0,KC,56.0,,0.125
2019,13,00-0035140,M.Hardman,WR,KC,LV,0,0,0.0,0,0.0,0.0,0.0,1,9.0,0,0,0,0.0,0,0.9,0.9,,,70.0,187.0,21.676421052631582,0.0,Georgia,2019.0,2019.0,KC,56.0,31.0,
2019,14,00-0035140,M.Hardman,WR,KC,NE,0,0,0.0,0,0.0,0.0,0.0,0,0.0,0,1,1,48.0,1,10.8,11.8,,,70.0,187.0,21.676421052631582,0.0,Georgia,2019.0,2019.0,KC,56.0,,0.025641026
2019,15,00-0035140,M.Hardman,WR,KC,DEN,0,0,0.0,0,0.0,0.0,0.0,0,0.0,0,2,1,10.0,0,1.0,2.0,,,70.0,187.0,21.676421052631582,0.0,Georgia,2019.0,2019.0,KC,56.0,20.0,0.05882353
2019,17,00-0035140,M.Hardman,WR,KC,LAC,0,0,0.0,0,0.0,0.0,0.0,0,0.0,0,1,1,30.0,0,9.0,10.0,,,70.0,187.0,21.676421052631582,0.0,Georgia,2019.0,2019.0,KC,56.0,10.0,0.04
2019,19,00-0035140,M.Hardman,WR,KC,HOU,0,0,0.0,0,0.0,0.0,0.0,0,0.0,0,4,2,19.0,0,1.9,3.9,,,70.0,187.0,21.676421052631582,0.0,Georgia,2019.0,2019.0,KC,56.0,20.0,0.114285715
2019,20,00-0035140,M.Hardman,WR,KC,TEN,0,0,0.0,0,0.0,0.0,0.0,0,0.0,0,1,1,8.0,0,0.8,1.8,,,70.0,187.0,21.676421052631582,0.0,Georgia,2019.0,2019.0,KC,56.0,11.0,0.03125
2019,21,00-0035140,M.Hardman,WR,KC,SF,0,0,0.0,0,0.0,0.0,0.0,1,-6.0,0,1,1,2.0,0,-0.4,0.6,,,70.0,187.0,21.676421052631582,0.0,Georgia,2019.0,2019.0,KC,56.0,11.0,0.025641026
2019,17,00-0035146,T.McSorley,QB,BAL,PIT,0,0,0.0,0,0.0,0.0,0.0,1,1.0,0,0,0,0.0,0,0.1,0.1,,,72.0,202.0,24.20894117647059,0.0,Penn State,2019.0,2019.0,BAL,197.0,18.0,
2019,1,00-0035148,D.Thompson,RB,KC,JAX,0,0,0.0,0,0.0,0.0,0.0,0,0.0,0,1,1,3.0,0,0.3,1.3,,,68.0,200.0,22.752368421052633,0.0,Utah State,2019.0,2019.0,KC,214.0,,0.029411765
2019,2,00-0035148,D.Thompson,RB,KC,LV,0,0,0.0,0,0.0,0.0,0.0,1,1.0,0,0,0,0.0,0,0.1,0.1,,,68.0,200.0,22.752368421052633,0.0,Utah State,2019.0,2019.0,KC,214.0,,
2019,3,00-0035148,D.Thompson,RB,KC,BAL,0,0,0.0,0,0.0,0.0,0.0,3,8.0,0,0,0,0.0,0,0.8,0.8,,,68.0,200.0,22.752368421052633,0.0,Utah State,2019.0,2019.0,KC,214.0,5.0,
2019,8,00-0035148,D.Thompson,RB,KC,GB,0,0,0.0,0,0.0,0.0,0.0,0,0.0,0,1,1,-1.0,0,-0.1,0.9,,,68.0,200.0,22.752368421052633,0.0,Utah State,2019.0,2019.0,KC,214.0,-7.0,0.028571429
2019,10,00-0035148,D.Thompson,RB,KC,TEN,0,0,0.0,0,0.0,0.0,0.0,1,-1.0,0,1,1,8.0,0,0.7,1.7,,,68.0,200.0,22.752368421052633,0.0,Utah State,2019.0,2019.0,KC,214.0,,0.020408163
2019,13,00-0035148,D.Thompson,RB,KC,LV,0,0,0.0,0,0.0,0.0,0.0,11,44.0,1,0,0,0.0,0,10.4,10.4,,,68.0,200.0,22.752368421052633,0.0,Utah State,2019.0,2019.0,KC,214.0,31.0,
2019,14,00-0035148,D.Thompson,RB,KC,NE,0,0,0.0,0,0.0,0.0,0.0,4,7.0,0,5,4,36.0,0,4.3,8.3,,,68.0,200.0,22.752368421052633,0.0,Utah State,2019.0,2019.0,KC,214.0,,0.12820514
2019,15,00-0035148,D.Thompson,RB,KC,DEN,0,0,0.0,0,0.0,0.0,0.0,8,38.0,0,1,1,1.0,0,3.9,4.9,,,68.0,200.0,22.752368421052633,0.0,Utah State,2019.0,2019.0,KC,214.0,20.0,0.029411765
2019,16,00-0035148,D.Thompson,RB,KC,CHI,0,0,0.0,0,0.0,0.0,0.0,5,14.0,0,0,0,0.0,0,1.4,1.4,,,68.0,200.0,22.752368421052633,0.0,Utah State,2019.0,2019.0,KC,214.0,,
2019,17,00-0035148,D.Thompson,RB,KC,LAC,0,0,0.0,0,0.0,0.0,0.0,4,17.0,0,1,1,-4.0,0,1.3,2.3,,,68.0,200.0,22.752368421052633,0.0,Utah State,2019.0,2019.0,KC,214.0,10.0,0.04
2019,20,00-0035148,D.Thompson,RB,KC,TEN,0,0,0.0,0,0.0,0.0,0.0,1,7.0,0,1,0,0.0,0,0.7,0.7,,,68.0,200.0,22.752368421052633,0.0,Utah State,2019.0,2019.0,KC,214.0,11.0,0.03125
2019,21,00-0035148,D.Thompson,RB,KC,SF,0,0,0.0,0,0.0,0.0,0.0,1,0.0,0,1,0,0.0,0,0.0,0.0,,,68.0,200.0,22.752368421052633,0.0,Utah State,2019.0,2019.0,KC,214.0,11.0,0.025641026
2019,6,00-0035181,D.Shepherd,WR,GB,DET,0,0,0.0,0,0.0,0.0,0.0,0,0.0,0,2,1,1.0,0,0.1,1.1,,,71.0,186.0,24.024944444444444,0.0,North Dakota State,2019.0,2019.0,,,1.0,0.05263158
2019,17,00-0035184,D.Ozigbo,RB,JAX,IND,0,0,0.0,0,0.0,0.0,0.0,9,27.0,0,5,3,23.0,0,5.0,8.0,,,74.0,225.0,23.0838125,0.0,Nebraska,2019.0,2019.0,,,18.0,0.12820514
2019,13,00-0035208,O.Zaccheaus,WR,ATL,NO,0,0,0.0,0,0.0,0.0,0.0,0,0.0,0,1,0,0.0,0,0.0,0.0,,,68.0,193.0,22.2800625,0.0,Virginia,2019.0,2019.0,,,-8.0,0.021276595
2019,14,00-0035208,O.Zaccheaus,WR,ATL,CAR,0,0,0.0,0,0.0,0.0,0.0,0,0.0,0,2,1,93.0,1,15.3,16.3,,,68.0,193.0,22.2800625,0.0,Virginia,2019.0,2019.0,,,20.0,0.06451613
2019,15,00-0035208,O.Zaccheaus,WR,ATL,ATL,0,0,0.0,0,0.0,0.0,0.0,0,0.0,0,0,0,0.0,0,6.0,6.0,,,68.0,193.0,22.2800625,0.0,Virginia,2019.0,2019.0,,,,
2019,17,00-0035208,O.Zaccheaus,WR,ATL,TB,0,0,0.0,0,0.0,0.0,0.0,0,0.0,0,2,2,22.0,0,2.2,4.2,,,68.0,193.0,22.2800625,0.0,Virginia,2019.0,2019.0,,,,0.041666668
2019,2,00-0035215,D.Harty,WR,NO,LA,0,0,0.0,0,0.0,0.0,0.0,0,0.0,0,1,1,-7.0,0,-0.7,0.3,,,66.0,170.0,21.92370588235294,0.0,Assumption,2019.0,2019.0,,,,0.03125
2019,3,00-0035215,D.Harty,WR,NO,NO,0,0,0.0,0,0.0,0.0,0.0,0,0.0,0,0,0,0.0,0,6.0,6.0,,,66.0,170.0,21.92370588235294,0.0,Assumption,2019.0,2019.0,,,,
2019,4,00-0035215,D.Harty,WR,NO,DAL,0,0,0.0,0,0.0,0.0,0.0,1,10.0,0,0,0,0.0,0,1.0,1.0,,,66.0,170.0,21.92370588235294,0.0,Assumption,2019.0,2019.0,,,2.0,
2019,8,00-0035215,D.Harty,WR,NO,ARI,0,0,0.0,0,0.0,0.0,0.0,0,0.0,0,2,2,17.0,0,1.7,3.7,,,66.0,170.0,21.92370588235294,0.0,Assumption,2019.0,2019.0,,,22.0,0.046511628
2019,14,00-0035215,D.Harty,WR,NO,SF,0,0,0.0,0,0.0,0.0,0.0,1,8.0,0,1,1,13.0,0,2.1,3.1,,,66.0,170.0,21.92370588235294,0.0,Assumption,2019.0,2019.0,,,-2.0,0.024390243
2019,15,00-0035215,D.Harty,WR,NO,IND,0,0,0.0,0,0.0,0.0,0.0,0,0.0,0,1,1,1.0,0,0.1,1.1,,,66.0,170.0,21.92370588235294,0.0,Assumption,2019.0,2019.0,,,27.0,0.033333335
2019,16,00-0035215,D.Harty,WR,NO,TEN,0,0,0.0,0,0.0,0.0,0.0,0,0.0,0,1,1,0.0,0,0.0,1.0,,,66.0,170.0,21.92370588235294,0.0,Assumption,2019.0,2019.0,,,,0.025641026
2019,17,00-0035215,D.Harty,WR,NO,CAR,0,0,0.0,0,0.0,0.0,0.0,2,13.0,0,0,0,0.0,0,1.3,1.3,,,66.0,170.0,21.92370588235294,0.0,Assumption,2019.0,2019.0,,,,
2019,18,00-0035215,D.Harty,WR,NO,MIN,0,0,0.0,0,0.0,0.0,0.0,0,0.0,0,1,1,50.0,0,5.0,6.0,,,66.0,170.0,21.92370588235294,0.0,Assumption,2019.0,2019.0,,,-6.0,0.030303031
2019,1,00-0035216,D.Johnson,WR,PIT,NE,0,0,0.0,0,0.0,0.0,0.0,0,0.0,0,5,3,25.0,0,2.5,5.5,,,70.0,181.0,23.3314375,0.0,Toledo,2019.0,2019.0,PIT,66.0,,0.10638298
2019,2,00-0035216,D.Johnson,WR,PIT,SEA,0,0,0.0,0,0.0,0.0,0.0,0,0.0,0,4,1,17.0,0,1.7,2.7,,,70.0,181.0,23.3314375,0.0,Toledo,2019.0,2019.0,PIT,66.0,-2.0,0.11764706
2019,3,00-0035216,D.Johnson,WR,PIT,SF,0,0,0.0,0,0.0,0.0,0.0,1,6.0,0,6,3,52.0,1,11.8,14.8,,,70.0,181.0,23.3314375,0.0,Toledo,2019.0,2019.0,PIT,66.0,,0.23076923
2019,4,00-0035216,D.Johnson,WR,PIT,CIN,0,0,0.0,0,0.0,0.0,0.0,0,0.0,0,6,6,77.0,1,11.7,17.7,,,70.0,181.0,23.3314375,0.0,Toledo,2019.0,2019.0,PIT,66.0,24.0,0.2
2019,5,00-0035216,D.Johnson,WR,PIT,BAL,0,0,0.0,0,0.0,0.0,0.0,0,0.0,0,8,5,27.0,0,2.7,7.7,,,70.0,181.0,23.3314375,0.0,Toledo,2019.0,2019.0,PIT,66.0,-3.0,0.26666668
2019,6,00-0035216,D.Johnson,WR,PIT,LAC,0,0,0.0,0,0.0,0.0,0.0,0,0.0,0,2,2,14.0,0,1.4,3.4,,,70.0,181.0,23.3314375,0.0,Toledo,2019.0,2019.0,PIT,66.0,,0.10526316
2019,8,00-0035216,D.Johnson,WR,PIT,MIA,0,0,0.0,0,0.0,0.0,0.0,0,0.0,0,7,5,84.0,1,14.4,19.4,,,70.0,181.0,23.3314375,0.0,Toledo,2019.0,2019.0,PIT,66.0,13.0,0.19444445
2019,9,00-0035216,D.Johnson,WR,PIT,IND,0,0,0.0,0,0.0,0.0,0.0,1,2.0,0,2,1,3.0,0,0.5,1.5,,,70.0,181.0,23.3314375,0.0,Toledo,2019.0,2019.0,PIT,66.0,2.0,0.05882353
2019,10,00-0035216,D.Johnson,WR,PIT,LA,0,0,0.0,0,0.0,0.0,0.0,0,0.0,0,6,4,64.0,0,6.4,10.4,,,70.0,181.0,23.3314375,0.0,Toledo,2019.0,2019.0,PIT,66.0,5.0,0.16666667
2019,11,00-0035216,D.Johnson,WR,PIT,CLE,0,0,0.0,0,0.0,0.0,0.0,0,0.0,0,4,2,17.0,0,1.7,3.7,,,70.0,181.0,23.3314375,0.0,Toledo,2019.0,2019.0,PIT,66.0,,0.093023255
2019,12,00-0035216,D.Johnson,WR,PIT,CIN,0,0,0.0,0,0.0,0.0,0.0,0,0.0,0,6,3,29.0,0,2.9,5.9,,,70.0,181.0,23.3314375,0.0,Toledo,2019.0,2019.0,PIT,66.0,,0.27272728
2019,13,00-0035216,D.Johnson,WR,PIT,CLE,0,0,0.0,0,0.0,0.0,0.0,1,17.0,0,5,1,14.0,0,3.1,4.1,,,70.0,181.0,23.3314375,0.0,Toledo,2019.0,2019.0,PIT,66.0,7.0,0.2777778
2019,14,00-0035216,D.Johnson,WR,PIT,ARI,0,0,0.0,0,0.0,0.0,0.0,1,16.0,0,8,6,60.0,1,19.6,25.6,,,70.0,181.0,23.3314375,0.0,Toledo,2019.0,2019.0,PIT,66.0,,0.44444445
2019,15,00-0035216,D.Johnson,WR,PIT,BUF,0,0,0.0,0,0.0,0.0,0.0,0,0.0,0,7,5,62.0,0,6.2,11.2,,,70.0,181.0,23.3314375,0.0,Toledo,2019.0,2019.0,PIT,66.0,-7.0,0.19444445
2019,16,00-0035216,D.Johnson,WR,PIT,NYJ,0,0,0.0,0,0.0,0.0,0.0,0,0.0,0,9,8,81.0,1,14.1,22.1,,,70.0,181.0,23.3314375,0.0,Toledo,2019.0,2019.0,PIT,66.0,,0.25
2019,17,00-0035216,D.Johnson,WR,PIT,BAL,0,0,0.0,0,0.0,0.0,0.0,0,0.0,0,7,4,54.0,0,5.4,9.4,,,70.0,181.0,23.3314375,0.0,Toledo,2019.0,2019.0,PIT,66.0,,0.35
2019,2,00-0035217,B.Snell,RB,PIT,SEA,0,0,0.0,0,0.0,0.0,0.0,1,23.0,0,0,0,0.0,0,2.3,2.3,,,70.0,223.0,21.6833125,0.0,Kentucky,2019.0,2019.0,PIT,122.0,-2.0,
2019,3,00-0035217,B.Snell,RB,PIT,SF,0,0,0.0,0,0.0,0.0,0.0,3,6.0,0,0,0,0.0,0,0.6,0.6,,,70.0,223.0,21.6833125,0.0,Kentucky,2019.0,2019.0,PIT,122.0,,
2019,4,00-0035217,B.Snell,RB,PIT,CIN,0,0,0.0,0,0.0,0.0,0.0,2,1.0,0,1,0,0.0,0,0.1,0.1,,,70.0,223.0,21.6833125,0.0,Kentucky,2019.0,2019.0,PIT,122.0,24.0,0.033333335
2019,6,00-0035217,B.Snell,RB,PIT,LAC,0,0,0.0,0,0.0,0.0,0.0,17,75.0,0,1,1,14.0,0,8.9,9.9,,,70.0,223.0,21.6833125,0.0,Kentucky,2019.0,2019.0,PIT,122.0,,0.05263158
2019,8,00-0035217,B.Snell,RB,PIT,MIA,0,0,0.0,0,0.0,0.0,0.0,5,13.0,0,0,0,0.0,0,1.3,1.3,,,70.0,223.0,21.6833125,0.0,Kentucky,2019.0,2019.0,PIT,122.0,13.0,
2019,12,00-0035217,B.Snell,RB,PIT,CIN,0,0,0.0,0,0.0,0.0,0.0,21,98.0,0,1,1,5.0,0,10.3,11.3,,,70.0,223.0,21.6833125,0.0,Kentucky,2019.0,2019.0,PIT,122.0,,0.045454547
2019,13,00-0035217,B.Snell,RB,PIT,CLE,0,0,0.0,0,0.0,0.0,0.0,16,63.0,1,1,1,4.0,0,12.7,13.7,,,70.0,223.0,21.6833125,0.0,Kentucky,2019.0,2019.0,PIT,122.0,7.0,0.055555556
2019,14,00-0035217,B.Snell,RB,PIT,ARI,0,0,0.0,0,0.0,0.0,0.0,16,41.0,0,0,0,0.0,0,2.1,2.1,,,70.0,223.0,21.6833125,0.0,Kentucky,2019.0,2019.0,PIT,122.0,,
2019,15,00-0035217,B.Snell,RB,PIT,BUF,0,0,0.0,0,0.0,0.0,0.0,2,1.0,0,0,0,0.0,0,0.1,0.1,,,70.0,223.0,21.6833125,0.0,Kentucky,2019.0,2019.0,PIT,122.0,-7.0,
2019,16,00-0035217,B.Snell,RB,PIT,NYJ,0,0,0.0,0,0.0,0.0,0.0,7,14.0,0,0,0,0.0,0,1.4,1.4,,,70.0,223.0,21.6833125,0.0,Kentucky,2019.0,2019.0,PIT,122.0,,
2019,17,00-0035217,B.Snell,RB,PIT,BAL,0,0,0.0,0,0.0,0.0,0.0,18,91.0,1,0,0,0.0,0,15.1,15.1,,,70.0,223.0,21.6833125,0.0,Kentucky,2019.0,2019.0,PIT,122.0,,
2019,15,00-0035222,Z.Gentry,TE,PIT,BUF,0,0,0.0,0,0.0,0.0,0.0,0,0.0,0,1,1,4.0,0,0.4,1.4,,,80.0,265.0,23.148,0.0,Michigan,2019.0,2019.0,PIT,141.0,-7.0,0.027777778
2019,1,00-0035228,K.Murray,QB,ARI,DET,29,54,308.0,2,1.0,5.0,33.0,3,13.0,0,0,0,0.0,0,21.62,21.62,,,70.0,207.0,22.2354375,0.0,Oklahoma,2019.0,2019.0,ARI,1.0,0.0,
2019,2,00-0035228,K.Murray,QB,ARI,BAL,25,40,349.0,0,0.0,3.0,20.0,3,4.0,0,0,0,0.0,0,16.36,16.36,,,70.0,207.0,22.2354375,0.0,Oklahoma,2019.0,2019.0,ARI,1.0,,
2019,3,00-0035228,K.Murray,QB,ARI,CAR,30,43,173.0,2,2.0,8.0,46.0,8,69.0,0,0,0,0.0,0,17.82,17.82,,,70.0,207.0,22.2354375,0.0,Oklahoma,2019.0,2019.0,ARI,1.0,-18.0,
2019,4,00-0035228,K.Murray,QB,ARI,SEA,22,32,241.0,0,1.0,4.0,35.0,4,27.0,1,0,0,0.0,0,16.34,16.34,,,70.0,207.0,22.2354375,0.0,Oklahoma,2019.0,2019.0,ARI,1.0,-17.0,
2019,5,00-0035228,K.Murray,QB,ARI,CIN,20,32,253.0,0,0.0,1.0,5.0,10,93.0,1,0,0,0.0,0,25.42,25.42,,,70.0,207.0,22.2354375,0.0,Oklahoma,2019.0,2019.0,ARI,1.0,,
2019,6,00-0035228,K.Murray,QB,ARI,ATL,27,37,340.0,3,0.0,0.0,-0.0,11,32.0,0,0,0,0.0,0,28.8,28.8,,,70.0,207.0,22.2354375,0.0,Oklahoma,2019.0,2019.0,ARI,1.0,1.0,
2019,7,00-0035228,K.Murray,QB,ARI,NYG,14,21,104.0,0,0.0,2.0,15.0,10,28.0,0,0,0,0.0,0,6.96,6.96,,,70.0,207.0,22.2354375,0.0,Oklahoma,2019.0,2019.0,ARI,1.0,,
2019,8,00-0035228,K.Murray,QB,ARI,NO,19,33,220.0,0,0.0,3.0,19.0,2,13.0,0,0,0,0.0,0,10.1,10.1,,,70.0,207.0,22.2354375,0.0,Oklahoma,2019.0,2019.0,ARI,1.0,,
2019,9,00-0035228,K.Murray,QB,ARI,SF,17,24,241.0,2,0.0,3.0,37.0,5,34.0,0,0,0,0.0,0,23.04,23.04,,,70.0,207.0,22.2354375,0.0,Oklahoma,2019.0,2019.0,ARI,1.0,-3.0,
2019,10,00-0035228,K.Murray,QB,ARI,TB,27,44,324.0,3,1.0,2.0,8.0,3,38.0,0,0,0,0.0,0,26.76,26.76,,,70.0,207.0,22.2354375,0.0,Oklahoma,2019.0,2019.0,ARI,1.0,,
2019,11,00-0035228,K.Murray,QB,ARI,SF,24,33,150.0,2,0.0,4.0,19.0,8,67.0,1,0,0,0.0,0,26.7,26.7,,,70.0,207.0,22.2354375,0.0,Oklahoma,2019.0,2019.0,ARI,1.0,,
2019,13,00-0035228,K.Murray,QB,ARI,LA,19,34,163.0,0,1.0,6.0,39.0,4,28.0,1,0,0,0.0,0,13.32,13.32,,,70.0,207.0,22.2354375,0.0,Oklahoma,2019.0,2019.0,ARI,1.0,-27.0,
2019,14,00-0035228,K.Murray,QB,ARI,PIT,20,30,194.0,2,3.0,5.0,29.0,6,2.0,0,0,0,0.0,0,9.96,9.96,,,70.0,207.0,22.2354375,0.0,Oklahoma,2019.0,2019.0,ARI,1.0,-6.0,
2019,15,00-0035228,K.Murray,QB,ARI,CLE,16,22,249.0,1,1.0,0.0,-0.0,7,51.0,0,0,0,0.0,0,17.06,17.06,,,70.0,207.0,22.2354375,0.0,Oklahoma,2019.0,2019.0,ARI,1.0,14.0,
2019,16,00-0035228,K.Murray,QB,ARI,SEA,11,18,118.0,1,0.0,1.0,1.0,6,40.0,0,0,0,0.0,0,12.72,12.72,,,70.0,207.0,22.2354375,0.0,Oklahoma,2019.0,2019.0,ARI,1.0,,
2019,17,00-0035228,K.Murray,QB,ARI,LA,26,42,325.0,2,2.0,1.0,3.0,2,0.0,0,0,0,0.0,0,13.0,13.0,,,70.0,207.0,22.2354375,0.0,Oklahoma,2019.0,2019.0,ARI,1.0,,
2019,1,00-0035229,T.Hockenson,TE,DET,ARI,0,0,0.0,0,0.0,0.0,0.0,0,0.0,0,9,6,131.0,1,19.1,25.1,,,77.0,248.0,22.339875,0.0,Iowa,2019.0,2019.0,DET,8.0,,0.2195122
2019,2,00-0035229,T.Hockenson,TE,DET,LAC,0,0,0.0,0,0.0,0.0,0.0,0,0.0,0,3,1,7.0,0,0.7,1.7,,,77.0,248.0,22.339875,0.0,Iowa,2019.0,2019.0,DET,8.0,3.0,0.1
2019,3,00-0035229,T.Hockenson,TE,DET,PHI,0,0,0.0,0,0.0,0.0,0.0,0,0.0,0,4,1,1.0,0,0.1,1.1,,,77.0,248.0,22.339875,0.0,Iowa,2019.0,2019.0,DET,8.0,,0.125
2019,4,00-0035229,T.Hockenson,TE,DET,KC,0,0,0.0,0,0.0,0.0,0.0,0,0.0,0,3,3,27.0,1,8.7,11.7,,,77.0,248.0,22.339875,0.0,Iowa,2019.0,2019.0,DET,8.0,-4.0,0.09375
2019,6,00-0035229,T.Hockenson,TE,DET,GB,0,0,0.0,0,0.0,0.0,0.0,0,0.0,0,6,4,21.0,0,2.1,6.1,,,77.0,248.0,22.339875,0.0,Iowa,2019.0,2019.0,DET,8.0,,0.1875
2019,7,00-0035229,T.Hockenson,TE,DET,MIN,0,0,0.0,0,0.0,0.0,0.0,0,0.0,0,5,3,32.0,0,3.2,6.2,,,77.0,248.0,22.339875,0.0,Iowa,2019.0,2019.0,DET,8.0,-12.0,0.11111111
2019,8,00-0035229,T.Hockenson,TE,DET,NYG,0,0,0.0,0,0.0,0.0,0.0,0,0.0,0,1,1,21.0,0,2.1,3.1,,,77.0,248.0,22.339875,0.0,Iowa,2019.0,2019.0,DET,8.0,5.0,0.032258064
2019,9,00-0035229,T.Hockenson,TE,DET,LV,0,0,0.0,0,0.0,0.0,0.0,0,0.0,0,7,3,56.0,0,5.6,8.6,,,77.0,248.0,22.339875,0.0,Iowa,2019.0,2019.0,DET,8.0,,0.17073171
2019,10,00-0035229,T.Hockenson,TE,DET,CHI,0,0,0.0,0,0.0,0.0,0.0,0,0.0,0,6,3,47.0,0,4.7,7.7,,,77.0,248.0,22.339875,0.0,Iowa,2019.0,2019.0,DET,8.0,,0.13953489
2019,11,00-0035229,T.Hockenson,TE,DET,DAL,0,0,0.0,0,0.0,0.0,0.0,0,0.0,0,2,1,6.0,0,0.6,1.6,,,77.0,248.0,22.339875,0.0,Iowa,2019.0,2019.0,DET,8.0,-8.0,0.083333336
2019,12,00-0035229,T.Hockenson,TE,DET,WAS,0,0,0.0,0,0.0,0.0,0.0,0,0.0,0,2,0,0.0,0,0.0,0.0,,,77.0,248.0,22.339875,0.0,Iowa,2019.0,2019.0,DET,8.0,,0.06666667
2019,13,00-0035229,T.Hockenson,TE,DET,CHI,0,0,0.0,0,0.0,0.0,0.0,0,0.0,0,11,6,18.0,0,1.8,7.8,,,77.0,248.0,22.339875,0.0,Iowa,2019.0,2019.0,DET,8.0,-4.0,0.30555555
2019,16,00-0035231,C.Wilkins,DT,MIA,CIN,0,0,0.0,0,0.0,0.0,0.0,0,0.0,0,1,1,1.0,1,6.1,7.1,,,76.0,315.0,23.8761875,0.0,Clemson,2019.0,2019.0,MIA,13.0,3.0,0.019607844
2019,4,00-0035232,D.Haskins,QB,WAS,NYG,9,17,107.0,0,3.0,2.0,21.0,2,23.0,0,0,0,0.0,0,0.58,0.58,,,76.0,230.0,22.500875,0.0,Ohio State,2019.0,2019.0,WAS,15.0,,
2019,8,00-0035232,D.Haskins,QB,WAS,MIN,3,5,33.0,0,1.0,2.0,18.0,0,0.0,0,0,0,0.0,0,-0.68,-0.68,,,76.0,230.0,22.500875,0.0,Ohio State,2019.0,2019.0,WAS,15.0,,
2019,9,00-0035232,D.Haskins,QB,WAS,BUF,15,22,144.0,0,0.0,4.0,28.0,3,14.0,0,0,0,0.0,0,7.16,7.16,,,76.0,230.0,22.500875,0.0,Ohio State,2019.0,2019.0,WAS,15.0,,
2019,11,00-0035232,D.Haskins,QB,WAS,NYJ,19,35,214.0,2,1.0,6.0,43.0,4,5.0,0,0,0,0.0,0,17.06,17.06,,,76.0,230.0,22.500875,0.0,Ohio State,2019.0,2019.0,WAS,15.0,-17.0,
2019,12,00-0035232,D.Haskins,QB,WAS,DET,13,29,156.0,0,1.0,3.0,12.0,3,28.0,0,0,0,0.0,0,5.04,5.04,,,76.0,230.0,22.500875,0.0,Ohio State,2019.0,2019.0,WAS,15.0,3.0,
2019,13,00-0035232,D.Haskins,QB,WAS,CAR,13,25,147.0,0,0.0,5.0,33.0,4,6.0,0,0,0,0.0,0,6.48,6.48,,,76.0,230.0,22.500875,0.0,Ohio State,2019.0,2019.0,WAS,15.0,,
2019,14,00-0035232,D.Haskins,QB,WAS,GB,16,27,170.0,1,1.0,4.0,29.0,1,-1.0,0,0,0,0.0,0,8.7,8.7,,,76.0,230.0,22.500875,0.0,Ohio State,2019.0,2019.0,WAS,15.0,,
2019,15,00-0035232,D.Haskins,QB,WAS,PHI,19,28,261.0,2,0.0,1.0,10.0,3,26.0,0,0,0,0.0,0,19.04,19.04,,,76.0,230.0,22.500875,0.0,Ohio State,2019.0,2019.0,WAS,15.0,-10.0,
2019,16,00-0035232,D.Haskins,QB,WAS,NYG,12,15,133.0,2,0.0,2.0,10.0,0,0.0,0,0,0,0.0,0,13.32,13.32,,,76.0,230.0,22.500875,0.0,Ohio State,2019.0,2019.0,WAS,15.0,-6.0,
2019,6,00-0035235,K.McGary,T,ATL,ARI,0,0,0.0,0,0.0,0.0,0.0,0,0.0,0,1,1,-3.0,0,-0.3,0.7,,,78.0,306.0,24.6949375,0.0,Washington,2019.0,2019.0,ATL,31.0,,0.029411765
2019,1,00-0035243,M.Sanders,RB,PHI,WAS,0,0,0.0,0,0.0,0.0,0.0,11,25.0,0,2,1,2.0,0,2.7,3.7,,,71.0,211.0,22.516588235294115,0.0,Penn State,2019.0,2019.0,PHI,53.0,5.0,0.051282052
2019,2,00-0035243,M.Sanders,RB,PHI,ATL,0,0,0.0,0,0.0,0.0,0.0,10,28.0,0,4,3,9.0,0,3.7,6.7,,,71.0,211.0,22.516588235294115,0.0,Penn State,2019.0,2019.0,PHI,53.0,,0.08510638
2019,3,00-0035243,M.Sanders,RB,PHI,DET,0,0,0.0,0,0.0,0.0,0.0,13,53.0,0,4,2,73.0,0,10.6,12.6,,,71.0,211.0,22.516588235294115,0.0,Penn State,2019.0,2019.0,PHI,53.0,-3.0,0.11111111
2019,4,00-0035243,M.Sanders,RB,PHI,GB,0,0,0.0,0,0.0,0.0,0.0,11,72.0,0,0,0,0.0,0,7.2,7.2,,,71.0,211.0,22.516588235294115,0.0,Penn State,2019.0,2019.0,PHI,53.0,,
2019,5,00-0035243,M.Sanders,RB,PHI,NYJ,0,0,0.0,0,0.0,0.0,0.0,9,15.0,0,5,4,49.0,0,6.4,10.4,,,71.0,211.0,22.516588235294115,0.0,Penn State,2019.0,2019.0,PHI,53.0,25.0,0.17857143
2019,6,00-0035243,M.Sanders,RB,PHI,MIN,0,0,0.0,0,0.0,0.0,0.0,3,6.0,0,3,3,86.0,1,15.2,18.2,,,71.0,211.0,22.516588235294115,0.0,Penn State,2019.0,2019.0,PHI,53.0,,0.07317073
2019,7,00-0035243,M.Sanders,RB,PHI,DAL,0,0,0.0,0,0.0,0.0,0.0,6,21.0,0,3,3,11.0,0,3.2,6.2,,,71.0,211.0,22.516588235294115,0.0,Penn State,2019.0,2019.0,PHI,53.0,,0.12
2019,8,00-0035243,M.Sanders,RB,PHI,BUF,0,0,0.0,0,0.0,0.0,0.0,3,74.0,1,3,3,44.0,0,19.8,22.8,,,71.0,211.0,22.516588235294115,0.0,Penn State,2019.0,2019.0,PHI,53.0,,0.125
2019,9,00-0035243,M.Sanders,RB,PHI,CHI,0,0,0.0,0,0.0,0.0,0.0,10,42.0,0,3,3,31.0,0,7.3,10.3,,,71.0,211.0,22.516588235294115,0.0,Penn State,2019.0,2019.0,PHI,53.0,8.0,0.07692308
2019,11,00-0035243,M.Sanders,RB,PHI,NE,0,0,0.0,0,0.0,0.0,0.0,11,38.0,0,4,2,9.0,0,4.7,6.7,,,71.0,211.0,22.516588235294115,0.0,Penn State,2019.0,2019.0,PHI,53.0,-7.0,0.10526316
2019,12,00-0035243,M.Sanders,RB,PHI,SEA,0,0,0.0,0,0.0,0.0,0.0,12,63.0,0,5,3,23.0,0,8.6,11.6,,,71.0,211.0,22.516588235294115,0.0,Penn State,2019.0,2019.0,PHI,53.0,-8.0,0.11111111
2019,13,00-0035243,M.Sanders,RB,PHI,MIA,0,0,0.0,0,0.0,0.0,0.0,17,83.0,0,5,5,22.0,1,16.5,21.5,,,71.0,211.0,22.516588235294115,0.0,Penn State,2019.0,2019.0,PHI,53.0,,0.11111111
2019,14,00-0035243,M.Sanders,RB,PHI,NYG,0,0,0.0,0,0.0,0.0,0.0,15,45.0,0,5,4,24.0,0,6.9,10.9,,,71.0,211.0,22.516588235294115,0.0,Penn State,2019.0,2019.0,PHI,53.0,6.0,0.1
2019,15,00-0035243,M.Sanders,RB,PHI,WAS,0,0,0.0,0,0.0,0.0,0.0,19,122.0,1,6,6,50.0,1,29.2,35.2,,,71.0,211.0,22.516588235294115,0.0,Penn State,2019.0,2019.0,PHI,53.0,,0.15
2019,16,00-0035243,M.Sanders,RB,PHI,DAL,0,0,0.0,0,0.0,0.0,0.0,20,79.0,1,6,5,77.0,0,21.6,26.6,,,71.0,211.0,22.516588235294115,0.0,Penn State,2019.0,2019.0,PHI,53.0,8.0,0.15
2019,17,00-0035243,M.Sanders,RB,PHI,NYG,0,0,0.0,0,0.0,0.0,0.0,9,52.0,0,5,3,-1.0,0,5.1,8.1,,,71.0,211.0,22.516588235294115,0.0,Penn State,2019.0,2019.0,PHI,53.0,,0.125
2019,18,00-0035243,M.Sanders,RB,PHI,SEA,0,0,0.0,0,0.0,0.0,0.0,14,69.0,0,5,3,8.0,0,7.7,10.7,,,71.0,211.0,22.516588235294115,0.0,Penn State,2019.0,2019.0,PHI,53.0,-8.0,0.2
2019,19,00-0035244,L.Johnson,FS,HOU,HOU,0,0,0.0,0,0.0,0.0,0.0,0,0.0,0,0,0,0.0,0,6.0,6.0,,,74.0,213.0,24.015888888888888,0.0,Kentucky,2019.0,2019.0,HOU,54.0,,
2019,2,00-0035246,J.Arcega-Whiteside,WR,PHI,ATL,0,0,0.0,0,0.0,0.0,0.0,0,0.0,0,4,1,4.0,0,0.4,1.4,,,74.0,225.0,22.847823529411766,0.0,Stanford,2019.0,2019.0,PHI,57.0,,0.08510638
2019,3,00-0035246,J.Arcega-Whiteside,WR,PHI,DET,0,0,0.0,0,0.0,0.0,0.0,0,0.0,0,3,1,10.0,0,1.0,2.0,,,74.0,225.0,22.847823529411766,0.0,Stanford,2019.0,2019.0,PHI,57.0,-3.0,0.083333336
2019,11,00-0035246,J.Arcega-Whiteside,WR,PHI,NE,0,0,0.0,0,0.0,0.0,0.0,0,0.0,0,1,1,29.0,0,2.9,3.9,,,74.0,225.0,22.847823529411766,0.0,Stanford,2019.0,2019.0,PHI,57.0,-7.0,0.02631579
2019,12,00-0035246,J.Arcega-Whiteside,WR,PHI,SEA,0,0,0.0,0,0.0,0.0,0.0,0,0.0,0,5,2,43.0,0,4.3,6.3,,,74.0,225.0,22.847823529411766,0.0,Stanford,2019.0,2019.0,PHI,57.0,-8.0,0.11111111
2019,13,00-0035246,J.Arcega-Whiteside,WR,PHI,MIA,0,0,0.0,0,0.0,0.0,0.0,0,0.0,0,2,1,15.0,1,7.5,8.5,,,74.0,225.0,22.847823529411766,0.0,Stanford,2019.0,2019.0,PHI,57.0,,0.044444446
2019,14,00-0035246,J.Arcega-Whiteside,WR,PHI,NYG,0,0,0.0,0,0.0,0.0,0.0,0,0.0,0,3,2,29.0,0,2.9,4.9,,,74.0,225.0,22.847823529411766,0.0,Stanford,2019.0,2019.0,PHI,57.0,6.0,0.06
2019,15,00-0035246,J.Arcega-Whiteside,WR,PHI,WAS,0,0,0.0,0,0.0,0.0,0.0,0,0.0,0,2,0,0.0,0,0.0,0.0,,,74.0,225.0,22.847823529411766,0.0,Stanford,2019.0,2019.0,PHI,57.0,,0.05
2019,16,00-0035246,J.Arcega-Whiteside,WR,PHI,DAL,0,0,0.0,0,0.0,0.0,0.0,0,0.0,0,2,2,39.0,0,3.9,5.9,,,74.0,225.0,22.847823529411766,0.0,Stanford,2019.0,2019.0,PHI,57.0,8.0,0.05
2019,8,00-0035249,J.Oliver,TE,JAX,NYJ,0,0,0.0,0,0.0,0.0,0.0,0,0.0,0,2,1,6.0,0,0.6,1.6,,,77.0,249.0,22.618375,0.0,San Jose State,2019.0,2019.0,JAX,69.0,14.0,0.060606062
2019,9,00-0035249,J.Oliver,TE,JAX,HOU,0,0,0.0,0,0.0,0.0,0.0,0,0.0,0,2,1,4.0,0,0.4,1.4,,,77.0,249.0,22.618375,0.0,San Jose State,2019.0,2019.0,JAX,69.0,-23.0,0.045454547
2019,11,00-0035249,J.Oliver,TE,JAX,IND,0,0,0.0,0,0.0,0.0,0.0,0,0.0,0,2,1,5.0,0,0.5,1.5,,,77.0,249.0,22.618375,0.0,San Jose State,2019.0,2019.0,JAX,69.0,,0.04347826
2019,1,00-0035250,D.Singletary,RB,BUF,NYJ,0,0,0.0,0,0.0,0.0,0.0,4,70.0,0,6,5,28.0,0,9.8,14.8,,,67.0,203.0,22.17829411764706,0.0,Florida Atlantic,2019.0,2019.0,BUF,74.0,,0.17142858
2019,2,00-0035250,D.Singletary,RB,BUF,NYG,0,0,0.0,0,0.0,0.0,0.0,6,57.0,1,0,0,0.0,0,11.7,11.7,,,67.0,203.0,22.17829411764706,0.0,Florida Atlantic,2019.0,2019.0,BUF,74.0,,
2019,7,00-0035250,D.Singletary,RB,BUF,MIA,0,0,0.0,0,0.0,0.0,0.0,7,26.0,0,0,0,0.0,0,2.6,2.6,,,67.0,203.0,22.17829411764706,0.0,Florida Atlantic,2019.0,2019.0,BUF,74.0,10.0,
2019,8,00-0035250,D.Singletary,RB,BUF,PHI,0,0,0.0,0,0.0,0.0,0.0,3,19.0,0,6,4,30.0,1,10.9,14.9,,,67.0,203.0,22.17829411764706,0.0,Florida Atlantic,2019.0,2019.0,BUF,74.0,-18.0,0.19354838
2019,9,00-0035250,D.Singletary,RB,BUF,WAS,0,0,0.0,0,0.0,0.0,0.0,20,95.0,1,4,3,45.0,0,20.0,23.0,,,67.0,203.0,22.17829411764706,0.0,Florida Atlantic,2019.0,2019.0,BUF,74.0,15.0,0.2
2019,10,00-0035250,D.Singletary,RB,BUF,CLE,0,0,0.0,0,0.0,0.0,0.0,8,42.0,0,6,3,8.0,0,5.0,8.0,,,67.0,203.0,22.17829411764706,0.0,Florida Atlantic,2019.0,2019.0,BUF,74.0,,0.15384616
2019,11,00-0035250,D.Singletary,RB,BUF,MIA,0,0,0.0,0,0.0,0.0,0.0,15,75.0,0,1,1,4.0,0,7.9,8.9,,,67.0,203.0,22.17829411764706,0.0,Florida Atlantic,2019.0,2019.0,BUF,74.0,,0.032258064
2019,12,00-0035250,D.Singletary,RB,BUF,DEN,0,0,0.0,0,0.0,0.0,0.0,21,106.0,0,2,1,8.0,0,11.4,12.4,,,67.0,203.0,22.17829411764706,0.0,Florida Atlantic,2019.0,2019.0,BUF,74.0,17.0,0.09090909
2019,13,00-0035250,D.Singletary,RB,BUF,DAL,0,0,0.0,0,0.0,0.0,0.0,14,63.0,0,4,3,38.0,1,16.1,19.1,,,67.0,203.0,22.17829411764706,0.0,Florida Atlantic,2019.0,2019.0,BUF,74.0,,0.16
2019,14,00-0035250,D.Singletary,RB,BUF,BAL,0,0,0.0,0,0.0,0.0,0.0,17,89.0,0,8,6,29.0,0,11.8,17.8,,,67.0,203.0,22.17829411764706,0.0,Florida Atlantic,2019.0,2019.0,BUF,74.0,-7.0,0.21621622
2019,15,00-0035250,D.Singletary,RB,BUF,PIT,0,0,0.0,0,0.0,0.0,0.0,21,87.0,0,3,2,2.0,0,6.9,8.9,,,67.0,203.0,22.17829411764706,0.0,Florida Atlantic,2019.0,2019.0,BUF,74.0,,0.125
2019,16,00-0035250,D.Singletary,RB,BUF,NE,0,0,0.0,0,0.0,0.0,0.0,15,46.0,0,1,1,2.0,0,4.8,5.8,,,67.0,203.0,22.17829411764706,0.0,Florida Atlantic,2019.0,2019.0,BUF,74.0,,0.03846154
2019,18,00-0035250,D.Singletary,RB,BUF,HOU,0,0,0.0,0,0.0,0.0,0.0,13,58.0,0,7,6,76.0,0,13.4,19.4,,,67.0,203.0,22.17829411764706,0.0,Florida Atlantic,2019.0,2019.0,BUF,74.0,,0.1627907
2019,16,00-0035251,W.Grier,QB,CAR,IND,27,44,224.0,0,3.0,5.0,37.0,4,17.0,0,0,0,0.0,0,4.66,4.66,,,73.0,220.0,24.5878125,0.0,West Virginia,2019.0,2019.0,CAR,100.0,,
2019,17,00-0035251,W.Grier,QB,CAR,NO,1,8,4.0,0,1.0,1.0,7.0,3,5.0,0,0,0,0.0,0,-3.34,-3.34,,,73.0,220.0,24.5878125,0.0,West Virginia,2019.0,2019.0,CAR,100.0,-32.0,
2019,10,00-0035259,T.Wesco,TE,NYJ,NYG,0,0,0.0,0,0.0,0.0,0.0,1,2.0,0,1,1,15.0,0,1.7,2.7,,,75.0,267.0,24.14825,0.0,West Virginia,2019.0,2019.0,NYJ,121.0,7.0,0.037037037
2019,16,00-0035259,T.Wesco,TE,NYJ,PIT,0,0,0.0,0,0.0,0.0,0.0,0,0.0,0,1,1,32.0,0,3.2,4.2,,,75.0,267.0,24.14825,0.0,West Virginia,2019.0,2019.0,NYJ,121.0,6.0,0.04
2019,17,00-0035259,T.Wesco,TE,NYJ,BUF,0,0,0.0,0,0.0,0.0,0.0,0,0.0,0,1,0,0.0,0,0.0,0.0,,,75.0,267.0,24.14825,0.0,West Virginia,2019.0,2019.0,NYJ,121.0,,0.030303031
2019,1,00-0035261,T.Pollard,RB,DAL,NYG,0,0,0.0,0,0.0,0.0,0.0,13,24.0,0,0,0,0.0,0,2.4,2.4,,,72.0,209.0,22.5109375,0.0,Memphis,2019.0,2019.0,DAL,128.0,18.0,
2019,2,00-0035261,T.Pollard,RB,DAL,WAS,0,0,0.0,0,0.0,0.0,0.0,4,22.0,0,1,1,3.0,0,2.5,3.5,,,72.0,209.0,22.5109375,0.0,Memphis,2019.0,2019.0,DAL,128.0,,0.033333335
2019,3,00-0035261,T.Pollard,RB,DAL,MIA,0,0,0.0,0,0.0,0.0,0.0,13,103.0,1,3,3,25.0,0,18.8,21.8,,,72.0,209.0,22.5109375,0.0,Memphis,2019.0,2019.0,DAL,128.0,25.0,0.1
2019,5,00-0035261,T.Pollard,RB,DAL,GB,0,0,0.0,0,0.0,0.0,0.0,4,19.0,0,0,0,0.0,0,1.9,1.9,,,72.0,209.0,22.5109375,0.0,Memphis,2019.0,2019.0,DAL,128.0,-10.0,
2019,6,00-0035261,T.Pollard,RB,DAL,NYJ,0,0,0.0,0,0.0,0.0,0.0,3,13.0,0,0,0,0.0,0,1.3,1.3,,,72.0,209.0,22.5109375,0.0,Memphis,2019.0,2019.0,DAL,128.0,,
2019,7,00-0035261,T.Pollard,RB,DAL,PHI,0,0,0.0,0,0.0,0.0,0.0,8,28.0,0,0,0,0.0,0,2.8,2.8,,,72.0,209.0,22.5109375,0.0,Memphis,2019.0,2019.0,DAL,128.0,27.0,
2019,9,00-0035261,T.Pollard,RB,DAL,NYG,0,0,0.0,0,0.0,0.0,0.0,3,21.0,0,3,1,9.0,0,3.0,4.0,,,72.0,209.0,22.5109375,0.0,Memphis,2019.0,2019.0,DAL,128.0,,0.0882353
2019,10,00-0035261,T.Pollard,RB,DAL,MIN,0,0,0.0,0,0.0,0.0,0.0,1,-4.0,0,0,0,0.0,0,-0.4,-0.4,,,72.0,209.0,22.5109375,0.0,Memphis,2019.0,2019.0,DAL,128.0,-4.0,
2019,11,00-0035261,T.Pollard,RB,DAL,DET,0,0,0.0,0,0.0,0.0,0.0,2,12.0,0,4,4,44.0,1,13.6,17.6,,,72.0,209.0,22.5109375,0.0,Memphis,2019.0,2019.0,DAL,128.0,,0.08888889
2019,12,00-0035261,T.Pollard,RB,DAL,NE,0,0,0.0,0,0.0,0.0,0.0,4,19.0,0,4,3,9.0,0,2.8,5.8,,,72.0,209.0,22.5109375,0.0,Memphis,2019.0,2019.0,DAL,128.0,,0.125
2019,13,00-0035261,T.Pollard,RB,DAL,BUF,0,0,0.0,0,0.0,0.0,0.0,3,7.0,0,1,0,0.0,0,0.7,0.7,,,72.0,209.0,22.5109375,0.0,Memphis,2019.0,2019.0,DAL,128.0,-11.0,0.020408163
2019,15,00-0035261,T.Pollard,RB,DAL,LA,0,0,0.0,0,0.0,0.0,0.0,12,131.0,1,2,2,12.0,0,20.3,22.3,,,72.0,209.0,22.5109375,0.0,Memphis,2019.0,2019.0,DAL,128.0,23.0,0.09090909
2019,16,00-0035261,T.Pollard,RB,DAL,PHI,0,0,0.0,0,0.0,0.0,0.0,2,0.0,0,0,0,0.0,0,-2.0,-2.0,,,72.0,209.0,22.5109375,0.0,Memphis,2019.0,2019.0,DAL,128.0,,
2019,17,00-0035261,T.Pollard,RB,DAL,WAS,0,0,0.0,0,0.0,0.0,0.0,14,60.0,0,2,1,5.0,0,6.5,7.5,,,72.0,209.0,22.5109375,0.0,Memphis,2019.0,2019.0,DAL,128.0,31.0,0.0625
2019,3,00-0035264,J.Stidham,QB,NE,NYJ,2,3,14.0,0,1.0,1.0,7.0,0,0.0,0,0,0,0.0,0,-1.44,-1.44,,,75.0,214.0,23.244470588235295,0.0,Auburn,2019.0,2019.0,NE,133.0,16.0,
2019,5,00-0035264,J.Stidham,QB,NE,WAS,0,1,0.0,0,0.0,0.0,-0.0,0,0.0,0,0,0,0.0,0,0.0,0.0,,,75.0,214.0,23.244470588235295,0.0,Auburn,2019.0,2019.0,NE,133.0,,
2019,7,00-0035264,J.Stidham,QB,NE,NYJ,0,0,0.0,0,0.0,0.0,0.0,2,-2.0,0,0,0,0.0,0,-0.2,-0.2,,,75.0,214.0,23.244470588235295,0.0,Auburn,2019.0,2019.0,NE,133.0,,
2019,1,00-0035268,R.Armstead,RB,JAX,KC,0,0,0.0,0,0.0,0.0,0.0,1,7.0,0,1,0,0.0,0,0.7,0.7,,,71.0,220.0,23.00725,0.0,Temple,2019.0,2019.0,JAX,140.0,-14.0,0.030303031
2019,4,00-0035268,R.Armstead,RB,JAX,DEN,0,0,0.0,0,0.0,0.0,0.0,8,42.0,0,1,1,7.0,1,10.9,11.9,,,71.0,220.0,23.00725,0.0,Temple,2019.0,2019.0,JAX,140.0,,0.03125
2019,5,00-0035268,R.Armstead,RB,JAX,CAR,0,0,0.0,0,0.0,0.0,0.0,1,-1.0,0,1,1,7.0,0,0.6,1.6,,,71.0,220.0,23.00725,0.0,Temple,2019.0,2019.0,JAX,140.0,,0.025
2019,6,00-0035268,R.Armstead,RB,JAX,NO,0,0,0.0,0,0.0,0.0,0.0,1,1.0,0,0,0,0.0,0,0.1,0.1,,,71.0,220.0,23.00725,0.0,Temple,2019.0,2019.0,JAX,140.0,-7.0,
2019,7,00-0035268,R.Armstead,RB,JAX,CIN,0,0,0.0,0,0.0,0.0,0.0,3,3.0,0,1,0,0.0,0,0.3,0.3,,,71.0,220.0,23.00725,0.0,Temple,2019.0,2019.0,JAX,140.0,,0.035714287
2019,8,00-0035268,R.Armstead,RB,JAX,NYJ,0,0,0.0,0,0.0,0.0,0.0,6,7.0,0,0,0,0.0,0,0.7,0.7,,,71.0,220.0,23.00725,0.0,Temple,2019.0,2019.0,JAX,140.0,14.0,
2019,9,00-0035268,R.Armstead,RB,JAX,HOU,0,0,0.0,0,0.0,0.0,0.0,0,0.0,0,5,5,65.0,0,6.5,11.5,,,71.0,220.0,23.00725,0.0,Temple,2019.0,2019.0,JAX,140.0,-23.0,0.11363637
2019,11,00-0035268,R.Armstead,RB,JAX,IND,0,0,0.0,0,0.0,0.0,0.0,1,6.0,0,2,2,13.0,0,1.9,3.9,,,71.0,220.0,23.00725,0.0,Temple,2019.0,2019.0,JAX,140.0,,0.04347826
2019,12,00-0035268,R.Armstead,RB,JAX,TEN,0,0,0.0,0,0.0,0.0,0.0,0,0.0,0,1,0,0.0,0,0.0,0.0,,,71.0,220.0,23.00725,0.0,Temple,2019.0,2019.0,JAX,140.0,,0.022727273
2019,13,00-0035268,R.Armstead,RB,JAX,TB,0,0,0.0,0,0.0,0.0,0.0,0,0.0,0,1,0,0.0,0,0.0,0.0,,,71.0,220.0,23.00725,0.0,Temple,2019.0,2019.0,JAX,140.0,-17.0,0.02631579
2019,14,00-0035268,R.Armstead,RB,JAX,LAC,0,0,0.0,0,0.0,0.0,0.0,2,7.0,0,2,0,0.0,0,0.7,0.7,,,71.0,220.0,23.00725,0.0,Temple,2019.0,2019.0,JAX,140.0,-35.0,0.054054055
2019,15,00-0035268,R.Armstead,RB,JAX,LV,0,0,0.0,0,0.0,0.0,0.0,1,1.0,0,0,0,0.0,0,0.1,0.1,,,71.0,220.0,23.00725,0.0,Temple,2019.0,2019.0,JAX,140.0,,
2019,16,00-0035268,R.Armstead,RB,JAX,ATL,0,0,0.0,0,0.0,0.0,0.0,1,2.0,0,0,0,0.0,0,0.2,0.2,,,71.0,220.0,23.00725,0.0,Temple,2019.0,2019.0,JAX,140.0,,
2019,17,00-0035268,R.Armstead,RB,JAX,IND,0,0,0.0,0,0.0,0.0,0.0,10,33.0,0,9,5,52.0,1,14.5,19.5,,,71.0,220.0,23.00725,0.0,Temple,2019.0,2019.0,JAX,140.0,18.0,0.23076923
2019,11,00-0035273,Q.Ollison,RB,ATL,CAR,0,0,0.0,0,0.0,0.0,0.0,4,11.0,1,1,0,0.0,0,7.1,7.1,,,73.0,232.0,23.15075,0.0,Pittsburgh,2019.0,2019.0,ATL,152.0,,0.032258064
2019,12,00-0035273,Q.Ollison,RB,ATL,TB,0,0,0.0,0,0.0,0.0,0.0,8,20.0,1,1,1,7.0,0,8.7,9.7,,,73.0,232.0,23.15075,0.0,Pittsburgh,2019.0,2019.0,ATL,152.0,-13.0,0.018867925
2019,14,00-0035273,Q.Ollison,RB,ATL,CAR,0,0,0.0,0,0.0,0.0,0.0,4,6.0,0,0,0,0.0,0,0.6,0.6,,,73.0,232.0,23.15075,0.0,Pittsburgh,2019.0,2019.0,ATL,152.0,20.0,
2019,15,00-0035273,Q.Ollison,RB,ATL,SF,0,0,0.0,0,0.0,0.0,0.0,1,1.0,1,0,0,0.0,0,6.1,6.1,,,73.0,232.0,23.15075,0.0,Pittsburgh,2019.0,2019.0,ATL,152.0,,
2019,16,00-0035273,Q.Ollison,RB,ATL,JAX,0,0,0.0,0,0.0,0.0,0.0,1,3.0,1,0,0,0.0,0,6.3,6.3,,,73.0,232.0,23.15075,0.0,Pittsburgh,2019.0,2019.0,ATL,152.0,12.0,
2019,17,00-0035273,Q.Ollison,RB,ATL,TB,0,0,0.0,0,0.0,0.0,0.0,4,9.0,0,0,0,0.0,0,0.9,0.9,,,73.0,232.0,23.15075,0.0,Pittsburgh,2019.0,2019.0,ATL,152.0,,
2019,8,00-0035275,J.Scarlett,RB,CAR,SF,0,0,0.0,0,0.0,0.0,0.0,4,9.0,0,0,0,0.0,0,0.9,0.9,,,71.0,210.0,24.3249375,0.0,Florida,2019.0,2019.0,CAR,154.0,,
2019,1,00-0035287,K.Johnson,WR,ARI,DET,0,0,0.0,0,0.0,0.0,0.0,0,0.0,0,10,5,46.0,0,4.6,9.6,,,73.0,199.0,23.0623125,0.0,Fresno State,2019.0,2019.0,ARI,174.0,0.0,0.1923077
2019,2,00-0035287,K.Johnson,WR,ARI,BAL,0,0,0.0,0,0.0,0.0,0.0,0,0.0,0,2,1,31.0,0,5.1,6.1,,,73.0,199.0,23.0623125,0.0,Fresno State,2019.0,2019.0,ARI,174.0,,0.054054055
2019,3,00-0035287,K.Johnson,WR,ARI,CAR,0,0,0.0,0,0.0,0.0,0.0,0,0.0,0,4,3,13.0,0,1.3,4.3,,,73.0,199.0,23.0623125,0.0,Fresno State,2019.0,2019.0,ARI,174.0,-18.0,0.0952381
2019,4,00-0035287,K.Johnson,WR,ARI,SEA,0,0,0.0,0,0.0,0.0,0.0,0,0.0,0,3,2,19.0,0,1.9,3.9,,,73.0,199.0,23.0623125,0.0,Fresno State,2019.0,2019.0,ARI,174.0,-17.0,0.1
2019,5,00-0035287,K.Johnson,WR,ARI,CIN,0,0,0.0,0,0.0,0.0,0.0,1,3.0,0,7,3,22.0,0,2.5,5.5,,,73.0,199.0,23.0623125,0.0,Fresno State,2019.0,2019.0,ARI,174.0,,0.22580644
2019,6,00-0035287,K.Johnson,WR,ARI,ATL,0,0,0.0,0,0.0,0.0,0.0,0,0.0,0,5,2,14.0,0,1.4,3.4,,,73.0,199.0,23.0623125,0.0,Fresno State,2019.0,2019.0,ARI,174.0,1.0,0.14285715
2019,7,00-0035287,K.Johnson,WR,ARI,NYG,0,0,0.0,0,0.0,0.0,0.0,0,0.0,0,2,1,6.0,0,0.6,1.6,,,73.0,199.0,23.0623125,0.0,Fresno State,2019.0,2019.0,ARI,174.0,,0.0952381
2019,9,00-0035287,K.Johnson,WR,ARI,SF,0,0,0.0,0,0.0,0.0,0.0,0,0.0,0,3,2,22.0,1,8.2,10.2,,,73.0,199.0,23.0623125,0.0,Fresno State,2019.0,2019.0,ARI,174.0,-3.0,0.13043478
2019,10,00-0035287,K.Johnson,WR,ARI,TB,0,0,0.0,0,0.0,0.0,0.0,0,0.0,0,4,0,0.0,0,0.0,0.0,,,73.0,199.0,23.0623125,0.0,Fresno State,2019.0,2019.0,ARI,174.0,,0.093023255
2019,11,00-0035287,K.Johnson,WR,ARI,SF,0,0,0.0,0,0.0,0.0,0.0,0,0.0,0,2,2,14.0,0,-0.6,1.4,,,73.0,199.0,23.0623125,0.0,Fresno State,2019.0,2019.0,ARI,174.0,,0.060606062
2019,1,00-0035289,G.Minshew,QB,JAX,KC,22,25,275.0,2,1.0,1.0,3.0,1,6.0,0,0,0,0.0,0,17.6,17.6,,,73.0,225.0,23.464375,0.0,Washington State,2019.0,2019.0,JAX,178.0,-14.0,
2019,2,00-0035289,G.Minshew,QB,JAX,HOU,23,33,213.0,1,0.0,4.0,35.0,6,56.0,0,0,0,0.0,0,16.12,16.12,,,73.0,225.0,23.464375,0.0,Washington State,2019.0,2019.0,JAX,178.0,,
2019,3,00-0035289,G.Minshew,QB,JAX,TEN,20,30,204.0,2,0.0,0.0,-0.0,4,18.0,0,0,0,0.0,0,17.96,17.96,,,73.0,225.0,23.464375,0.0,Washington State,2019.0,2019.0,JAX,178.0,13.0,
2019,4,00-0035289,G.Minshew,QB,JAX,DEN,19,33,213.0,2,0.0,5.0,27.0,1,2.0,0,0,0,0.0,0,16.72,16.72,,,73.0,225.0,23.464375,0.0,Washington State,2019.0,2019.0,JAX,178.0,,
2019,5,00-0035289,G.Minshew,QB,JAX,CAR,26,44,374.0,2,0.0,2.0,16.0,7,42.0,0,0,0,0.0,0,21.16,21.16,,,73.0,225.0,23.464375,0.0,Washington State,2019.0,2019.0,JAX,178.0,,
2019,6,00-0035289,G.Minshew,QB,JAX,NO,14,29,163.0,0,1.0,2.0,12.0,2,1.0,0,0,0,0.0,0,4.62,4.62,,,73.0,225.0,23.464375,0.0,Washington State,2019.0,2019.0,JAX,178.0,-7.0,
2019,7,00-0035289,G.Minshew,QB,JAX,CIN,15,32,255.0,1,0.0,2.0,11.0,9,48.0,0,0,0,0.0,0,21.0,21.0,,,73.0,225.0,23.464375,0.0,Washington State,2019.0,2019.0,JAX,178.0,,
2019,8,00-0035289,G.Minshew,QB,JAX,NYJ,22,34,279.0,3,0.0,2.0,1.0,8,28.0,0,0,0,0.0,0,23.96,23.96,,,73.0,225.0,23.464375,0.0,Washington State,2019.0,2019.0,JAX,178.0,14.0,
2019,9,00-0035289,G.Minshew,QB,JAX,HOU,27,47,309.0,0,2.0,3.0,8.0,4,34.0,0,0,0,0.0,0,7.76,7.76,,,73.0,225.0,23.464375,0.0,Washington State,2019.0,2019.0,JAX,178.0,-23.0,
2019,13,00-0035289,G.Minshew,QB,JAX,TB,16,27,147.0,1,1.0,2.0,24.0,2,8.0,0,0,0,0.0,0,10.68,10.68,,,73.0,225.0,23.464375,0.0,Washington State,2019.0,2019.0,JAX,178.0,-17.0,
2019,14,00-0035289,G.Minshew,QB,JAX,LAC,24,37,162.0,1,0.0,2.0,7.0,6,31.0,0,0,0,0.0,0,13.58,13.58,,,73.0,225.0,23.464375,0.0,Washington State,2019.0,2019.0,JAX,178.0,-35.0,
2019,15,00-0035289,G.Minshew,QB,JAX,LV,17,29,201.0,2,0.0,2.0,16.0,5,27.0,0,0,0,0.0,0,18.74,18.74,,,73.0,225.0,23.464375,0.0,Washington State,2019.0,2019.0,JAX,178.0,,
2019,16,00-0035289,G.Minshew,QB,JAX,ATL,13,31,181.0,1,0.0,3.0,15.0,7,36.0,0,0,0,0.0,0,14.84,14.84,,,73.0,225.0,23.464375,0.0,Washington State,2019.0,2019.0,JAX,178.0,,
2019,17,00-0035289,G.Minshew,QB,JAX,IND,27,39,295.0,3,1.0,3.0,9.0,5,7.0,0,0,0,0.0,0,24.5,24.5,,,73.0,225.0,23.464375,0.0,Washington State,2019.0,2019.0,JAX,178.0,18.0,
2019,1,00-0035297,K.Harmon,WR,WAS,PHI,0,0,0.0,0,0.0,0.0,0.0,0,0.0,0,2,2,31.0,0,3.1,5.1,,,74.0,213.0,22.8814375,0.0,North Carolina State,2019.0,2019.0,WAS,206.0,,0.046511628
2019,4,00-0035297,K.Harmon,WR,WAS,NYG,0,0,0.0,0,0.0,0.0,0.0,0,0.0,0,2,2,14.0,0,1.4,3.4,,,74.0,213.0,22.8814375,0.0,North Carolina State,2019.0,2019.0,WAS,206.0,,0.07692308
2019,5,00-0035297,K.Harmon,WR,WAS,NE,0,0,0.0,0,0.0,0.0,0.0,0,0.0,0,1,1,4.0,0,0.4,1.4,,,74.0,213.0,22.8814375,0.0,North Carolina State,2019.0,2019.0,WAS,206.0,-26.0,0.037037037
2019,6,00-0035297,K.Harmon,WR,WAS,MIA,0,0,0.0,0,0.0,0.0,0.0,0,0.0,0,1,1,8.0,0,0.8,1.8,,,74.0,213.0,22.8814375,0.0,North Carolina State,2019.0,2019.0,WAS,206.0,,0.041666668
2019,8,00-0035297,K.Harmon,WR,WAS,MIN,0,0,0.0,0,0.0,0.0,0.0,0,0.0,0,1,1,12.0,0,1.2,2.2,,,74.0,213.0,22.8814375,0.0,North Carolina State,2019.0,2019.0,WAS,206.0,,0.04761905
2019,9,00-0035297,K.Harmon,WR,WAS,BUF,0,0,0.0,0,0.0,0.0,0.0,0,0.0,0,2,1,6.0,0,0.6,1.6,,,74.0,213.0,22.8814375,0.0,North Carolina State,2019.0,2019.0,WAS,206.0,,0.09090909
2019,11,00-0035297,K.Harmon,WR,WAS,NYJ,0,0,0.0,0,0.0,0.0,0.0,0,0.0,0,6,5,53.0,0,5.3,10.3,,,74.0,213.0,22.8814375,0.0,North Carolina State,2019.0,2019.0,WAS,206.0,-17.0,0.1875
2019,12,00-0035297,K.Harmon,WR,WAS,DET,0,0,0.0,0,0.0,0.0,0.0,0,0.0,0,6,3,43.0,0,4.3,7.3,,,74.0,213.0,22.8814375,0.0,North Carolina State,2019.0,2019.0,WAS,206.0,3.0,0.20689656
2019,13,00-0035297,K.Harmon,WR,WAS,CAR,0,0,0.0,0,0.0,0.0,0.0,0,0.0,0,5,3,51.0,0,5.1,8.1,,,74.0,213.0,22.8814375,0.0,North Carolina State,2019.0,2019.0,WAS,206.0,,0.20833333
2019,14,00-0035297,K.Harmon,WR,WAS,GB,0,0,0.0,0,0.0,0.0,0.0,0,0.0,0,4,1,30.0,0,3.0,4.0,,,74.0,213.0,22.8814375,0.0,North Carolina State,2019.0,2019.0,WAS,206.0,,0.15384616
2019,15,00-0035297,K.Harmon,WR,WAS,PHI,0,0,0.0,0,0.0,0.0,0.0,0,0.0,0,3,2,22.0,0,2.2,4.2,,,74.0,213.0,22.8814375,0.0,North Carolina State,2019.0,2019.0,WAS,206.0,-10.0,0.11111111
2019,16,00-0035297,K.Harmon,WR,WAS,NYG,1,1,11.0,0,0.0,0.0,-0.0,0,0.0,0,6,5,58.0,0,6.24,11.24,,,74.0,213.0,22.8814375,0.0,North Carolina State,2019.0,2019.0,WAS,206.0,-6.0,0.16216215
2019,17,00-0035297,K.Harmon,WR,WAS,DAL,0,0,0.0,0,0.0,0.0,0.0,0,0.0,0,5,3,33.0,0,3.3,6.3,,,74.0,213.0,22.8814375,0.0,North Carolina State,2019.0,2019.0,WAS,206.0,,0.14285715
2019,4,00-0035298,S.Miller,WR,TB,LA,0,0,0.0,0,0.0,0.0,0.0,0,0.0,0,1,0,0.0,0,0.0,0.0,,,69.0,174.0,22.2604375,0.0,Bowling Green,2019.0,2019.0,TB,208.0,,0.025
2019,5,00-0035298,S.Miller,WR,TB,NO,0,0,0.0,0,0.0,0.0,0.0,1,18.0,0,2,0,0.0,0,1.8,1.8,,,69.0,174.0,22.2604375,0.0,Bowling Green,2019.0,2019.0,TB,208.0,,0.07692308
2019,6,00-0035298,S.Miller,WR,TB,CAR,0,0,0.0,0,0.0,0.0,0.0,0,0.0,0,7,3,39.0,0,3.9,6.9,,,69.0,174.0,22.2604375,0.0,Bowling Green,2019.0,2019.0,TB,208.0,-11.0,0.13461539
2019,8,00-0035298,S.Miller,WR,TB,TEN,0,0,0.0,0,0.0,0.0,0.0,0,0.0,0,1,0,0.0,0,0.0,0.0,,,69.0,174.0,22.2604375,0.0,Bowling Green,2019.0,2019.0,TB,208.0,,0.024390243
2019,9,00-0035298,S.Miller,WR,TB,SEA,0,0,0.0,0,0.0,0.0,0.0,0,0.0,0,2,0,0.0,0,0.0,0.0,,,69.0,174.0,22.2604375,0.0,Bowling Green,2019.0,2019.0,TB,208.0,,0.046511628
2019,10,00-0035298,S.Miller,WR,TB,ARI,0,0,0.0,0,0.0,0.0,0.0,0,0.0,0,3,2,33.0,0,3.3,5.3,,,69.0,174.0,22.2604375,0.0,Bowling Green,2019.0,2019.0,TB,208.0,3.0,0.06666667
2019,11,00-0035298,S.Miller,WR,TB,NO,0,0,0.0,0,0.0,0.0,0.0,0,0.0,0,6,4,71.0,0,7.1,11.1,,,69.0,174.0,22.2604375,0.0,Bowling Green,2019.0,2019.0,TB,208.0,-17.0,0.12244898
2019,12,00-0035298,S.Miller,WR,TB,ATL,0,0,0.0,0,0.0,0.0,0.0,1,-2.0,0,1,1,8.0,0,0.6,1.6,,,69.0,174.0,22.2604375,0.0,Bowling Green,2019.0,2019.0,TB,208.0,,0.037037037
2019,15,00-0035298,S.Miller,WR,TB,DET,0,0,0.0,0,0.0,0.0,0.0,0,0.0,0,3,3,49.0,1,10.9,13.9,,,69.0,174.0,22.2604375,0.0,Bowling Green,2019.0,2019.0,TB,208.0,,0.07317073
2019,1,00-0035308,T.Sweeney,TE,BUF,NYJ,0,0,0.0,0,0.0,0.0,0.0,0,0.0,0,2,2,35.0,0,3.5,5.5,,,76.0,251.0,24.354999999999997,0.0,Boston College,2019.0,2019.0,BUF,228.0,,0.057142857
2019,2,00-0035308,T.Sweeney,TE,BUF,NYG,0,0,0.0,0,0.0,0.0,0.0,0,0.0,0,1,0,0.0,0,0.0,0.0,,,76.0,251.0,24.354999999999997,0.0,Boston College,2019.0,2019.0,BUF,228.0,,0.035714287
2019,3,00-0035308,T.Sweeney,TE,BUF,CIN,0,0,0.0,0,0.0,0.0,0.0,0,0.0,0,3,1,3.0,0,0.3,1.3,,,76.0,251.0,24.354999999999997,0.0,Boston College,2019.0,2019.0,BUF,228.0,4.0,0.09090909
2019,5,00-0035308,T.Sweeney,TE,BUF,TEN,0,0,0.0,0,0.0,0.0,0.0,0,0.0,0,2,0,0.0,0,0.0,0.0,,,76.0,251.0,24.354999999999997,0.0,Boston College,2019.0,2019.0,BUF,228.0,,0.06896552
2019,17,00-0035308,T.Sweeney,TE,BUF,NYJ,0,0,0.0,0,0.0,0.0,0.0,0,0.0,0,5,5,76.0,0,7.6,12.6,,,76.0,251.0,24.354999999999997,0.0,Boston College,2019.0,2019.0,BUF,228.0,-7.0,0.12820514
2019,10,00-0035311,M.Gaskin,RB,MIA,IND,0,0,0.0,0,0.0,0.0,0.0,0,0.0,0,1,1,0.0,0,0.0,1.0,,,70.0,200.0,22.7181875,0.0,Washington,2019.0,2019.0,MIA,234.0,,0.030303031
2019,11,00-0035311,M.Gaskin,RB,MIA,BUF,0,0,0.0,0,0.0,0.0,0.0,1,0.0,0,1,0,0.0,0,0.0,0.0,,,70.0,200.0,22.7181875,0.0,Washington,2019.0,2019.0,MIA,234.0,-17.0,0.022727273
2019,12,00-0035311,M.Gaskin,RB,MIA,CLE,0,0,0.0,0,0.0,0.0,0.0,4,10.0,0,1,1,7.0,0,1.7,2.7,,,70.0,200.0,22.7181875,0.0,Washington,2019.0,2019.0,MIA,234.0,,0.02631579
2019,13,00-0035311,M.Gaskin,RB,MIA,PHI,0,0,0.0,0,0.0,0.0,0.0,2,20.0,0,1,1,6.0,0,2.6,3.6,,,70.0,200.0,22.7181875,0.0,Washington,2019.0,2019.0,MIA,234.0,6.0,0.025641026
2019,14,00-0035311,M.Gaskin,RB,MIA,NYJ,0,0,0.0,0,0.0,0.0,0.0,4,5.0,0,2,1,6.0,0,1.1,2.1,,,70.0,200.0,22.7181875,0.0,Washington,2019.0,2019.0,MIA,234.0,,0.057142857
2019,15,00-0035311,M.Gaskin,RB,MIA,NYG,0,0,0.0,0,0.0,0.0,0.0,9,43.0,0,3,2,29.0,0,7.2,9.2,,,70.0,200.0,22.7181875,0.0,Washington,2019.0,2019.0,MIA,234.0,,0.07317073
2019,16,00-0035311,M.Gaskin,RB,MIA,CIN,0,0,0.0,0,0.0,0.0,0.0,16,55.0,1,3,1,3.0,0,11.8,12.8,,,70.0,200.0,22.7181875,0.0,Washington,2019.0,2019.0,MIA,234.0,3.0,0.05882353
2019,10,00-0035342,P.Laird,RB,MIA,IND,0,0,0.0,0,0.0,0.0,0.0,2,4.0,0,2,2,15.0,0,1.9,3.9,,,72.0,205.0,24.2185625,0.0,California,2019.0,2019.0,,,,0.060606062
2019,11,00-0035342,P.Laird,RB,MIA,BUF,0,0,0.0,0,0.0,0.0,0.0,1,7.0,0,6,6,51.0,0,5.8,11.8,,,72.0,205.0,24.2185625,0.0,California,2019.0,2019.0,,,-17.0,0.13636364
2019,12,00-0035342,P.Laird,RB,MIA,CLE,0,0,0.0,0,0.0,0.0,0.0,3,20.0,0,1,0,0.0,0,2.0,2.0,,,72.0,205.0,24.2185625,0.0,California,2019.0,2019.0,,,,0.02631579
2019,13,00-0035342,P.Laird,RB,MIA,PHI,0,0,0.0,0,0.0,0.0,0.0,10,5.0,1,5,4,43.0,0,12.8,16.8,,,72.0,205.0,24.2185625,0.0,California,2019.0,2019.0,,,6.0,0.12820514
2019,14,00-0035342,P.Laird,RB,MIA,NYJ,0,0,0.0,0,0.0,0.0,0.0,15,48.0,0,5,4,38.0,0,8.6,12.6,,,72.0,205.0,24.2185625,0.0,California,2019.0,2019.0,,,,0.14285715
2019,15,00-0035342,P.Laird,RB,MIA,NYG,0,0,0.0,0,0.0,0.0,0.0,12,46.0,0,5,2,8.0,0,5.4,7.4,,,72.0,205.0,24.2185625,0.0,California,2019.0,2019.0,,,,0.12195122
2019,16,00-0035342,P.Laird,RB,MIA,CIN,0,0,0.0,0,0.0,0.0,0.0,8,17.0,0,1,1,1.0,0,1.8,2.8,,,72.0,205.0,24.2185625,0.0,California,2019.0,2019.0,,,3.0,0.019607844
2019,17,00-0035342,P.Laird,RB,MIA,NE,0,0,0.0,0,0.0,0.0,0.0,11,21.0,0,5,4,48.0,0,6.9,10.9,,,72.0,205.0,24.2185625,0.0,California,2019.0,2019.0,,,,0.11363637
2019,1,00-0035350,P.Williams,WR,MIA,BAL,0,0,0.0,0,0.0,0.0,0.0,0,0.0,0,5,3,24.0,1,8.4,11.4,,,77.0,218.0,22.6086875,0.0,Colorado State,2019.0,2019.0,,,-49.0,0.15625
2019,2,00-0035350,P.Williams,WR,MIA,NE,0,0,0.0,0,0.0,0.0,0.0,0,0.0,0,6,4,63.0,0,6.3,10.3,,,77.0,218.0,22.6086875,0.0,Colorado State,2019.0,2019.0,,,-43.0,0.15384616
2019,3,00-0035350,P.Williams,WR,MIA,DAL,0,0,0.0,0,0.0,0.0,0.0,0,0.0,0,12,4,68.0,0,6.8,10.8,,,77.0,218.0,22.6086875,0.0,Colorado State,2019.0,2019.0,,,,0.29268292
2019,4,00-0035350,P.Williams,WR,MIA,LAC,0,0,0.0,0,0.0,1.0,1.0,0,0.0,0,7,4,46.0,0,4.6,8.6,,,77.0,218.0,22.6086875,0.0,Colorado State,2019.0,2019.0,,,-20.0,0.29166666
2019,6,00-0035350,P.Williams,WR,MIA,WAS,0,0,0.0,0,0.0,0.0,0.0,0,0.0,0,6,2,31.0,0,3.1,5.1,,,77.0,218.0,22.6086875,0.0,Colorado State,2019.0,2019.0,,,-1.0,0.14285715
2019,7,00-0035350,P.Williams,WR,MIA,BUF,0,0,0.0,0,0.0,0.0,0.0,0,0.0,0,8,6,82.0,0,6.2,12.2,,,77.0,218.0,22.6086875,0.0,Colorado State,2019.0,2019.0,,,,0.23529412
2019,8,00-0035350,P.Williams,WR,MIA,PIT,0,0,0.0,0,0.0,0.0,0.0,0,0.0,0,7,4,42.0,0,4.2,8.2,,,77.0,218.0,22.6086875,0.0,Colorado State,2019.0,2019.0,,,,0.21212122
2019,9,00-0035350,P.Williams,WR,MIA,NYJ,0,0,0.0,0,0.0,0.0,0.0,0,0.0,0,9,5,72.0,2,19.2,24.2,,,77.0,218.0,22.6086875,0.0,Colorado State,2019.0,2019.0,,,8.0,0.25
2019,13,00-0035374,M.Walker,WR,JAX,TB,0,0,0.0,0,0.0,0.0,0.0,0,0.0,0,2,1,6.0,0,0.6,1.6,,,71.0,195.0,23.0098125,0.0,Boston College,2019.0,2019.0,,,-17.0,0.05263158
2019,14,00-0035374,M.Walker,WR,JAX,LAC,0,0,0.0,0,0.0,0.0,0.0,0,0.0,0,1,1,9.0,0,0.9,1.9,,,71.0,195.0,23.0098125,0.0,Boston College,2019.0,2019.0,,,-35.0,0.027027028
2019,5,00-0035399,S.Morgan,WR,CIN,ARI,0,0,0.0,0,0.0,0.0,0.0,0,0.0,0,2,1,6.0,0,0.6,1.6,,,72.0,205.0,23.1541875,0.0,Nebraska,2019.0,2019.0,,,-3.0,0.054054055
2019,8,00-0035399,S.Morgan,WR,CIN,LA,0,0,0.0,0,0.0,0.0,0.0,0,0.0,0,1,1,3.0,0,0.3,1.3,,,72.0,205.0,23.1541875,0.0,Nebraska,2019.0,2019.0,,,,0.020833334
2019,10,00-0035399,S.Morgan,WR,CIN,BAL,0,0,0.0,0,0.0,0.0,0.0,0,0.0,0,4,1,9.0,0,0.9,1.9,,,72.0,205.0,23.1541875,0.0,Nebraska,2019.0,2019.0,,,-36.0,0.13793103
2019,13,00-0035399,S.Morgan,WR,CIN,NYJ,0,0,0.0,0,0.0,0.0,0.0,0,0.0,0,2,0,0.0,0,0.0,0.0,,,72.0,205.0,23.1541875,0.0,Nebraska,2019.0,2019.0,,,16.0,0.055555556
2019,14,00-0035399,S.Morgan,WR,CIN,CLE,0,0,0.0,0,0.0,0.0,0.0,0,0.0,0,1,0,0.0,0,0.0,0.0,,,72.0,205.0,23.1541875,0.0,Nebraska,2019.0,2019.0,,,,0.029411765
2019,1,00-0035401,D.Willis,WR,CIN,SEA,0,0,0.0,0,0.0,0.0,0.0,0,0.0,0,5,3,30.0,0,3.0,6.0,,,75.0,204.0,22.371125,0.0,Troy,2019.0,2019.0,,,,0.10204082
2019,2,00-0035401,D.Willis,WR,CIN,SF,0,0,0.0,0,0.0,0.0,0.0,0,0.0,0,3,1,6.0,0,0.6,1.6,,,75.0,204.0,22.371125,0.0,Troy,2019.0,2019.0,,,-24.0,0.071428575
2019,4,00-0035401,D.Willis,WR,CIN,PIT,0,0,0.0,0,0.0,0.0,0.0,0,0.0,0,1,1,8.0,0,0.8,1.8,,,75.0,204.0,22.371125,0.0,Troy,2019.0,2019.0,,,,0.027777778
2019,5,00-0035401,D.Willis,WR,CIN,ARI,0,0,0.0,0,0.0,0.0,0.0,0,0.0,0,4,4,38.0,0,3.8,7.8,,,75.0,204.0,22.371125,0.0,Troy,2019.0,2019.0,,,-3.0,0.10810811
2019,6,00-0035401,D.Willis,WR,CIN,BAL,0,0,0.0,0,0.0,0.0,0.0,0,0.0,0,1,0,0.0,0,0.0,0.0,,,75.0,204.0,22.371125,0.0,Troy,2019.0,2019.0,,,,0.027027028
2019,11,00-0035401,D.Willis,WR,CIN,LV,0,0,0.0,0,0.0,0.0,0.0,0,0.0,0,1,0,0.0,0,0.0,0.0,,,75.0,204.0,22.371125,0.0,Troy,2019.0,2019.0,,,,0.033333335
2019,13,00-0035401,D.Willis,WR,CIN,NYJ,0,0,0.0,0,0.0,0.0,0.0,0,0.0,0,1,0,0.0,0,0.0,0.0,,,75.0,204.0,22.371125,0.0,Troy,2019.0,2019.0,,,16.0,0.027777778
2019,4,00-0035406,L.Humphrey,WR,NO,DAL,0,0,0.0,0,0.0,0.0,0.0,0,0.0,0,1,0,0.0,0,0.0,0.0,,,76.0,225.0,21.551470588235293,0.0,Texas,2019.0,2019.0,,,2.0,0.033333335
2019,14,00-0035414,J.Guyton,WR,LAC,JAX,0,0,0.0,0,0.0,0.0,0.0,0,0.0,0,2,0,0.0,0,0.0,0.0,,,73.0,212.0,22.4026875,0.0,North Texas,2019.0,2019.0,,,,0.07692308
2019,6,00-0035432,J.Moore,WR,LAC,PIT,0,0,0.0,0,0.0,0.0,0.0,0,0.0,0,2,2,43.0,0,4.3,6.3,,,74.0,215.0,24.360125,0.0,Findlay,2019.0,2019.0,,,-7.0,0.04761905
2019,10,00-0035432,J.Moore,WR,LAC,LV,0,0,0.0,0,0.0,0.0,0.0,0,0.0,0,1,0,0.0,0,0.0,0.0,,,74.0,215.0,24.360125,0.0,Findlay,2019.0,2019.0,,,,0.032258064
2019,11,00-0035432,J.Moore,WR,LAC,KC,0,0,0.0,0,0.0,0.0,0.0,0,0.0,0,1,0,0.0,0,0.0,0.0,,,74.0,215.0,24.360125,0.0,Findlay,2019.0,2019.0,,,-7.0,0.020833334
2019,17,00-0035432,J.Moore,WR,LAC,KC,0,0,0.0,0,0.0,0.0,0.0,0,0.0,0,1,0,0.0,0,0.0,0.0,,,74.0,215.0,24.360125,0.0,Findlay,2019.0,2019.0,,,,0.022727273
2019,15,00-0035489,W.Hills,RB,DET,TB,0,0,0.0,0,0.0,0.0,0.0,10,21.0,2,2,2,1.0,0,14.2,16.2,,,74.0,218.0,24.413117647058826,0.0,Slippery Rock,2019.0,2019.0,,,-21.0,0.046511628
2019,15,00-0035510,J.Smith,WR,NYJ,BAL,0,0,0.0,0,0.0,0.0,0.0,0,0.0,0,2,1,12.0,0,1.2,2.2,,,73.0,195.0,22.541125,0.0,Boston College,2019.0,2019.0,,,,0.06896552
2019,4,00-0035527,A.Isabella,WR,ARI,SEA,0,0,0.0,0,0.0,0.0,0.0,1,5.0,0,0,0,0.0,0,0.5,0.5,,,69.0,190.0,22.952875,0.0,Massachusetts,2019.0,2019.0,ARI,62.0,-17.0,
2019,5,00-0035527,A.Isabella,WR,ARI,CIN,0,0,0.0,0,0.0,0.0,0.0,2,11.0,0,0,0,0.0,0,1.1,1.1,,,69.0,190.0,22.952875,0.0,Massachusetts,2019.0,2019.0,ARI,62.0,,
2019,7,00-0035527,A.Isabella,WR,ARI,NYG,0,0,0.0,0,0.0,0.0,0.0,0,0.0,0,2,2,8.0,0,0.8,2.8,,,69.0,190.0,22.952875,0.0,Massachusetts,2019.0,2019.0,ARI,62.0,,0.0952381
2019,9,00-0035527,A.Isabella,WR,ARI,SF,0,0,0.0,0,0.0,0.0,0.0,0,0.0,0,1,1,88.0,1,14.8,15.8,,,69.0,190.0,22.952875,0.0,Massachusetts,2019.0,2019.0,ARI,62.0,-3.0,0.04347826
2019,10,00-0035527,A.Isabella,WR,ARI,TB,0,0,0.0,0,0.0,0.0,0.0,0,0.0,0,3,3,78.0,0,7.8,10.8,,,69.0,190.0,22.952875,0.0,Massachusetts,2019.0,2019.0,ARI,62.0,,0.069767445
2019,11,00-0035527,A.Isabella,WR,ARI,SF,0,0,0.0,0,0.0,0.0,0.0,0,0.0,0,4,1,6.0,0,0.6,1.6,,,69.0,190.0,22.952875,0.0,Massachusetts,2019.0,2019.0,ARI,62.0,,0.121212125
2019,13,00-0035527,A.Isabella,WR,ARI,LA,0,0,0.0,0,0.0,0.0,0.0,0,0.0,0,1,0,0.0,0,0.0,0.0,,,69.0,190.0,22.952875,0.0,Massachusetts,2019.0,2019.0,ARI,62.0,-27.0,0.030303031
2019,14,00-0035527,A.Isabella,WR,ARI,PIT,0,0,0.0,0,0.0,0.0,0.0,0,0.0,0,1,1,5.0,0,0.5,1.5,,,69.0,190.0,22.952875,0.0,Massachusetts,2019.0,2019.0,ARI,62.0,-6.0,0.035714287
2019,15,00-0035527,A.Isabella,WR,ARI,CLE,0,0,0.0,0,0.0,0.0,0.0,1,-1.0,0,1,1,4.0,0,0.3,1.3,,,69.0,190.0,22.952875,0.0,Massachusetts,2019.0,2019.0,ARI,62.0,14.0,0.05
2019,3,00-0035535,D.Slayton,WR,NYG,TB,0,0,0.0,0,0.0,0.0,0.0,0,0.0,0,5,3,82.0,0,8.2,11.2,,,73.0,190.0,22.8036875,0.0,Auburn,2019.0,2019.0,NYG,171.0,,0.1388889
2019,4,00-0035535,D.Slayton,WR,NYG,WAS,0,0,0.0,0,0.0,0.0,0.0,0,0.0,0,2,2,13.0,0,1.3,3.3,,,73.0,190.0,22.8036875,0.0,Auburn,2019.0,2019.0,NYG,171.0,21.0,0.06451613
2019,5,00-0035535,D.Slayton,WR,NYG,MIN,0,0,0.0,0,0.0,0.0,0.0,0,0.0,0,5,4,62.0,1,12.2,16.2,,,73.0,190.0,22.8036875,0.0,Auburn,2019.0,2019.0,NYG,171.0,-18.0,0.1388889
2019,6,00-0035535,D.Slayton,WR,NYG,NE,0,0,0.0,0,0.0,0.0,0.0,0,0.0,0,8,3,32.0,0,3.2,6.2,,,73.0,190.0,22.8036875,0.0,Auburn,2019.0,2019.0,NYG,171.0,,0.27586207
2019,7,00-0035535,D.Slayton,WR,NYG,ARI,0,0,0.0,0,0.0,0.0,0.0,0,0.0,0,2,2,28.0,0,2.8,4.8,,,73.0,190.0,22.8036875,0.0,Auburn,2019.0,2019.0,NYG,171.0,-6.0,0.057142857
2019,8,00-0035535,D.Slayton,WR,NYG,DET,0,0,0.0,0,0.0,0.0,0.0,0,0.0,0,5,2,50.0,2,17.0,19.0,,,73.0,190.0,22.8036875,0.0,Auburn,2019.0,2019.0,NYG,171.0,,0.125
2019,9,00-0035535,D.Slayton,WR,NYG,DAL,0,0,0.0,0,0.0,0.0,0.0,0,0.0,0,4,1,6.0,0,0.6,1.6,,,73.0,190.0,22.8036875,0.0,Auburn,2019.0,2019.0,NYG,171.0,-19.0,0.09756097
2019,10,00-0035535,D.Slayton,WR,NYG,NYJ,0,0,0.0,0,0.0,0.0,0.0,0,0.0,0,15,10,121.0,2,24.1,34.1,,,73.0,190.0,22.8036875,0.0,Auburn,2019.0,2019.0,NYG,171.0,,0.39473686
2019,12,00-0035535,D.Slayton,WR,NYG,CHI,0,0,0.0,0,0.0,0.0,0.0,0,0.0,0,7,4,67.0,0,6.7,10.7,,,73.0,190.0,22.8036875,0.0,Auburn,2019.0,2019.0,NYG,171.0,,0.20588236
2019,13,00-0035535,D.Slayton,WR,NYG,GB,0,0,0.0,0,0.0,0.0,0.0,0,0.0,0,9,6,44.0,0,4.4,10.4,,,73.0,190.0,22.8036875,0.0,Auburn,2019.0,2019.0,NYG,171.0,-18.0,0.25
2019,14,00-0035535,D.Slayton,WR,NYG,PHI,0,0,0.0,0,0.0,0.0,0.0,0,0.0,0,8,5,154.0,2,27.4,32.4,,,73.0,190.0,22.8036875,0.0,Auburn,2019.0,2019.0,NYG,171.0,,0.27586207
2019,15,00-0035535,D.Slayton,WR,NYG,MIA,0,0,0.0,0,0.0,0.0,0.0,0,0.0,0,3,2,31.0,1,9.1,11.1,,,73.0,190.0,22.8036875,0.0,Auburn,2019.0,2019.0,NYG,171.0,16.0,0.10344828
2019,16,00-0035535,D.Slayton,WR,NYG,WAS,0,0,0.0,0,0.0,0.0,0.0,0,0.0,0,2,0,0.0,0,0.0,0.0,,,73.0,190.0,22.8036875,0.0,Auburn,2019.0,2019.0,NYG,171.0,,0.051282052
2019,17,00-0035535,D.Slayton,WR,NYG,PHI,0,0,0.0,0,0.0,0.0,0.0,0,0.0,0,9,4,50.0,0,5.0,9.0,,,73.0,190.0,22.8036875,0.0,Auburn,2019.0,2019.0,NYG,171.0,-17.0,0.19148937
2019,1,00-0035537,T.Johnson,RB,DET,ARI,0,0,0.0,0,0.0,0.0,0.0,1,6.0,0,0,0,0.0,0,0.6,0.6,,,70.0,210.0,22.131687499999998,0.0,Maryland,2019.0,2019.0,DET,186.0,,
2019,2,00-0035537,T.Johnson,RB,DET,LAC,0,0,0.0,0,0.0,0.0,0.0,5,30.0,0,2,2,6.0,0,3.6,5.6,,,70.0,210.0,22.131687499999998,0.0,Maryland,2019.0,2019.0,DET,186.0,3.0,0.06666667
2019,3,00-0035537,T.Johnson,RB,DET,PHI,0,0,0.0,0,0.0,0.0,0.0,4,5.0,0,2,1,0.0,0,0.5,1.5,,,70.0,210.0,22.131687499999998,0.0,Maryland,2019.0,2019.0,DET,186.0,,0.0625
2019,4,00-0035537,T.Johnson,RB,DET,KC,0,0,0.0,0,0.0,0.0,0.0,3,13.0,0,1,1,1.0,0,1.4,2.4,,,70.0,210.0,22.131687499999998,0.0,Maryland,2019.0,2019.0,DET,186.0,-4.0,0.03125
2019,7,00-0035537,T.Johnson,RB,DET,MIN,0,0,0.0,0,0.0,0.0,0.0,10,29.0,0,4,4,28.0,0,5.7,9.7,,,70.0,210.0,22.131687499999998,0.0,Maryland,2019.0,2019.0,DET,186.0,-12.0,0.08888889
2019,8,00-0035537,T.Johnson,RB,DET,NYG,0,0,0.0,0,0.0,0.0,0.0,7,25.0,0,4,1,13.0,0,3.8,4.8,,,70.0,210.0,22.131687499999998,0.0,Maryland,2019.0,2019.0,DET,186.0,5.0,0.12903225
2019,9,00-0035537,T.Johnson,RB,DET,LV,0,0,0.0,0,0.0,0.0,0.0,9,29.0,0,3,3,7.0,0,3.6,6.6,,,70.0,210.0,22.131687499999998,0.0,Maryland,2019.0,2019.0,DET,186.0,,0.07317073
2019,10,00-0035537,T.Johnson,RB,DET,CHI,0,0,0.0,0,0.0,0.0,0.0,5,16.0,0,1,1,3.0,0,1.9,2.9,,,70.0,210.0,22.131687499999998,0.0,Maryland,2019.0,2019.0,DET,186.0,,0.023255814
2019,11,00-0035537,T.Johnson,RB,DET,DAL,0,0,0.0,0,0.0,0.0,0.0,2,6.0,0,1,1,0.0,0,0.6,1.6,,,70.0,210.0,22.131687499999998,0.0,Maryland,2019.0,2019.0,DET,186.0,-8.0,0.041666668
2019,12,00-0035537,T.Johnson,RB,DET,WAS,0,0,0.0,0,0.0,0.0,0.0,4,11.0,0,2,2,10.0,0,2.1,4.1,,,70.0,210.0,22.131687499999998,0.0,Maryland,2019.0,2019.0,DET,186.0,,0.06666667
2019,13,00-0035537,T.Johnson,RB,DET,CHI,0,0,0.0,0,0.0,0.0,0.0,3,12.0,0,3,3,17.0,0,2.9,5.9,,,70.0,210.0,22.131687499999998,0.0,Maryland,2019.0,2019.0,DET,186.0,-4.0,0.083333336
2019,14,00-0035537,T.Johnson,RB,DET,MIN,0,0,0.0,0,0.0,0.0,0.0,2,3.0,0,1,1,7.0,0,1.0,2.0,,,70.0,210.0,22.131687499999998,0.0,Maryland,2019.0,2019.0,DET,186.0,,0.02631579
2019,15,00-0035537,T.Johnson,RB,DET,TB,0,0,0.0,0,0.0,0.0,0.0,2,3.0,0,5,4,17.0,0,0.0,4.0,,,70.0,210.0,22.131687499999998,0.0,Maryland,2019.0,2019.0,DET,186.0,-21.0,0.11627907
2019,16,00-0035537,T.Johnson,RB,DET,DEN,0,0,0.0,0,0.0,0.0,0.0,3,20.0,0,0,0,0.0,0,2.0,2.0,,,70.0,210.0,22.131687499999998,0.0,Maryland,2019.0,2019.0,DET,186.0,,
2019,17,00-0035537,T.Johnson,RB,DET,GB,0,0,0.0,0,0.0,0.0,0.0,3,65.0,0,2,0,0.0,0,6.5,6.5,,,70.0,210.0,22.131687499999998,0.0,Maryland,2019.0,2019.0,DET,186.0,-3.0,0.06896552
2019,14,00-0035539,I.Nauta,TE,DET,MIN,0,0,0.0,0,0.0,0.0,0.0,0,0.0,0,1,1,3.0,0,0.3,1.3,,,75.0,244.0,22.4575,0.0,Georgia,2019.0,2019.0,DET,224.0,,0.02631579
2019,15,00-0035539,I.Nauta,TE,DET,TB,0,0,0.0,0,0.0,0.0,0.0,0,0.0,0,2,1,10.0,0,1.0,2.0,,,75.0,244.0,22.4575,0.0,Georgia,2019.0,2019.0,DET,224.0,-21.0,0.046511628
2019,13,00-0035548,V.Bryant,WR,DAL,BUF,0,0,0.0,0,0.0,0.0,0.0,0,0.0,0,1,1,15.0,1,7.5,8.5,,,75.0,205.0,23.1926875,0.0,Temple,2019.0,2019.0,,,-11.0,0.020408163
2019,9,00-0035551,T.Brooks-James,RB,PIT,IND,0,0,0.0,0,0.0,0.0,0.0,1,0.0,0,0,0,0.0,0,0.0,0.0,,,69.0,190.0,24.930555555555557,0.0,Oregon,2019.0,2019.0,,,2.0,
2019,10,00-0035551,T.Brooks-James,RB,PIT,LA,0,0,0.0,0,0.0,0.0,0.0,6,11.0,0,0,0,0.0,0,1.1,1.1,,,69.0,190.0,24.930555555555557,0.0,Oregon,2019.0,2019.0,,,5.0,
2019,11,00-0035551,T.Brooks-James,RB,PIT,CLE,0,0,0.0,0,0.0,0.0,0.0,1,-4.0,0,0,0,0.0,0,-0.4,-0.4,,,69.0,190.0,24.930555555555557,0.0,Oregon,2019.0,2019.0,,,,
2019,17,00-0035553,C.Jones,TE,JAX,IND,0,0,0.0,0,0.0,0.0,0.0,0,0.0,0,1,1,5.0,0,0.5,1.5,,,76.0,255.0,23.2426875,0.0,Tulane,2019.0,2019.0,,,18.0,0.025641026
2019,12,00-0035562,J.Horsted,TE,CHI,NYG,0,0,0.0,0,0.0,0.0,0.0,0,0.0,0,1,1,4.0,0,0.4,1.4,,,75.0,215.0,22.6826875,0.0,Princeton,2019.0,2019.0,,,5.0,0.024390243
2019,13,00-0035562,J.Horsted,TE,CHI,DET,0,0,0.0,0,0.0,0.0,0.0,0,0.0,0,1,1,18.0,1,7.8,8.8,,,75.0,215.0,22.6826875,0.0,Princeton,2019.0,2019.0,,,,0.02631579
2019,14,00-0035562,J.Horsted,TE,CHI,DAL,0,0,0.0,0,0.0,0.0,0.0,0,0.0,0,4,4,36.0,0,3.6,7.6,,,75.0,215.0,22.6826875,0.0,Princeton,2019.0,2019.0,,,7.0,0.12903225
2019,15,00-0035562,J.Horsted,TE,CHI,GB,0,0,0.0,0,0.0,0.0,0.0,0,0.0,0,3,1,9.0,0,0.9,1.9,,,75.0,215.0,22.6826875,0.0,Princeton,2019.0,2019.0,,,,0.06
2019,16,00-0035562,J.Horsted,TE,CHI,KC,0,0,0.0,0,0.0,0.0,0.0,0,0.0,0,1,1,20.0,0,2.0,3.0,,,75.0,215.0,22.6826875,0.0,Princeton,2019.0,2019.0,,,-23.0,0.030303031
2019,5,00-0035577,D.Hodges,QB,PIT,BAL,7,9,68.0,0,0.0,0.0,-0.0,2,20.0,0,0,0,0.0,0,4.72,4.72,,,73.0,210.0,23.5614375,0.0,Samford,2019.0,2019.0,,,-3.0,
2019,6,00-0035577,D.Hodges,QB,PIT,LAC,15,20,132.0,1,1.0,0.0,-0.0,3,8.0,0,0,0,0.0,0,8.08,8.08,,,73.0,210.0,23.5614375,0.0,Samford,2019.0,2019.0,,,,
2019,12,00-0035577,D.Hodges,QB,PIT,CIN,5,11,118.0,1,0.0,2.0,11.0,3,1.0,0,0,0,0.0,0,8.82,8.82,,,73.0,210.0,23.5614375,0.0,Samford,2019.0,2019.0,,,,
2019,13,00-0035577,D.Hodges,QB,PIT,CLE,14,21,212.0,1,1.0,1.0,13.0,5,2.0,0,0,0,0.0,0,10.68,10.68,,,73.0,210.0,23.5614375,0.0,Samford,2019.0,2019.0,,,7.0,
2019,14,00-0035577,D.Hodges,QB,PIT,ARI,16,19,152.0,1,0.0,3.0,17.0,5,34.0,0,0,0,0.0,0,13.48,13.48,,,73.0,210.0,23.5614375,0.0,Samford,2019.0,2019.0,,,,
2019,15,00-0035577,D.Hodges,QB,PIT,BUF,23,38,202.0,1,4.0,4.0,24.0,1,4.0,0,0,0,0.0,0,4.48,4.48,,,73.0,210.0,23.5614375,0.0,Samford,2019.0,2019.0,,,-7.0,
2019,16,00-0035577,D.Hodges,QB,PIT,NYJ,11,17,84.0,0,2.0,3.0,19.0,1,0.0,0,0,0,0.0,0,-0.64,-0.64,,,73.0,210.0,23.5614375,0.0,Samford,2019.0,2019.0,,,,
2019,17,00-0035577,D.Hodges,QB,PIT,BAL,9,25,95.0,0,0.0,2.0,18.0,1,-1.0,0,0,0,0.0,0,1.7,1.7,,,73.0,210.0,23.5614375,0.0,Samford,2019.0,2019.0,,,,
2019,14,00-0035588,G.Bradbury,C,MIN,DET,0,0,0.0,0,0.0,0.0,0.0,0,0.0,0,1,1,-4.0,0,-0.4,0.6,,,75.0,305.0,24.389111111111113,0.0,North Carolina State,2019.0,2019.0,MIN,18.0,13.0,0.03448276
2019,19,00-0035588,G.Bradbury,C,MIN,SF,0,0,0.0,0,0.0,0.0,0.0,0,0.0,0,1,1,2.0,0,0.2,1.2,,,75.0,305.0,24.389111111111113,0.0,North Carolina State,2019.0,2019.0,MIN,18.0,,0.03448276
2019,14,00-0035590,R.Ridley,WR,CHI,DAL,0,0,0.0,0,0.0,0.0,0.0,0,0.0,0,1,1,5.0,0,0.5,1.5,,,73.0,200.0,23.2876875,0.0,Georgia,2019.0,2019.0,CHI,126.0,7.0,0.032258064
2019,15,00-0035590,R.Ridley,WR,CHI,GB,0,0,0.0,0,0.0,0.0,0.0,0,0.0,0,2,2,10.0,0,1.0,3.0,,,73.0,200.0,23.2876875,0.0,Georgia,2019.0,2019.0,CHI,126.0,,0.04
2019,17,00-0035590,R.Ridley,WR,CHI,MIN,0,0,0.0,0,0.0,0.0,0.0,0,0.0,0,4,3,54.0,0,5.4,8.4,,,73.0,200.0,23.2876875,0.0,Georgia,2019.0,2019.0,CHI,126.0,,0.114285715
2019,16,00-0035592,T.Fulgham,WR,DET,DEN,0,0,0.0,0,0.0,0.0,0.0,0,0.0,0,2,0,0.0,0,0.0,0.0,,,74.0,215.0,24.1440625,0.0,Old Dominion,2019.0,2019.0,DET,184.0,,0.08695652
2019,17,00-0035592,T.Fulgham,WR,DET,GB,0,0,0.0,0,0.0,0.0,0.0,0,0.0,0,1,0,0.0,0,0.0,0.0,,,74.0,215.0,24.1440625,0.0,Old Dominion,2019.0,2019.0,DET,184.0,-3.0,0.03448276
2019,13,00-0035594,T.Homer,RB,SEA,MIN,0,0,0.0,0,0.0,0.0,0.0,1,29.0,0,0,0,0.0,0,2.9,2.9,,,70.0,202.0,21.258166666666668,0.0,Miami,2019.0,2019.0,SEA,204.0,7.0,
2019,15,00-0035594,T.Homer,RB,SEA,CAR,0,0,0.0,0,0.0,0.0,0.0,2,7.0,0,0,0,0.0,0,0.7,0.7,,,70.0,202.0,21.258166666666668,0.0,Miami,2019.0,2019.0,SEA,204.0,,
2019,16,00-0035594,T.Homer,RB,SEA,ARI,0,0,0.0,0,0.0,0.0,0.0,5,16.0,0,8,6,26.0,0,4.2,10.2,,,70.0,202.0,21.258166666666668,0.0,Miami,2019.0,2019.0,SEA,204.0,-14.0,0.27586207
2019,17,00-0035594,T.Homer,RB,SEA,SF,0,0,0.0,0,0.0,0.0,0.0,10,62.0,0,5,5,30.0,0,9.2,14.2,,,70.0,202.0,21.258166666666668,0.0,Miami,2019.0,2019.0,SEA,204.0,-5.0,0.13157895
2019,18,00-0035594,T.Homer,RB,SEA,PHI,0,0,0.0,0,0.0,0.0,0.0,11,12.0,0,1,1,5.0,0,1.7,2.7,,,70.0,202.0,21.258166666666668,0.0,Miami,2019.0,2019.0,SEA,204.0,,0.03448276
2019,19,00-0035594,T.Homer,RB,SEA,GB,0,0,0.0,0,0.0,0.0,0.0,3,13.0,0,3,2,27.0,0,4.0,6.0,,,70.0,202.0,21.258166666666668,0.0,Miami,2019.0,2019.0,SEA,204.0,,0.10714286
2019,12,00-0035596,K.Whyte,RB,PIT,CIN,0,0,0.0,0,0.0,0.0,0.0,6,43.0,0,0,0,0.0,0,4.3,4.3,,,70.0,204.0,23.009375,0.0,Florida Atlantic,2019.0,2019.0,CHI,222.0,,
2019,13,00-0035596,K.Whyte,RB,PIT,CLE,0,0,0.0,0,0.0,0.0,0.0,3,10.0,0,0,0,0.0,0,1.0,1.0,,,70.0,204.0,23.009375,0.0,Florida Atlantic,2019.0,2019.0,CHI,222.0,7.0,
2019,14,00-0035596,K.Whyte,RB,PIT,ARI,0,0,0.0,0,0.0,0.0,0.0,5,41.0,0,1,1,9.0,0,5.0,6.0,,,70.0,204.0,23.009375,0.0,Florida Atlantic,2019.0,2019.0,CHI,222.0,,0.055555556
2019,15,00-0035596,K.Whyte,RB,PIT,BUF,0,0,0.0,0,0.0,0.0,0.0,1,5.0,0,0,0,0.0,0,0.5,0.5,,,70.0,204.0,23.009375,0.0,Florida Atlantic,2019.0,2019.0,CHI,222.0,-7.0,
2019,16,00-0035596,K.Whyte,RB,PIT,NYJ,0,0,0.0,0,0.0,0.0,0.0,6,22.0,0,0,0,0.0,0,2.2,2.2,,,70.0,204.0,23.009375,0.0,Florida Atlantic,2019.0,2019.0,CHI,222.0,,
2019,17,00-0035596,K.Whyte,RB,PIT,BAL,0,0,0.0,0,0.0,0.0,0.0,3,1.0,0,0,0,0.0,0,0.1,0.1,,,70.0,204.0,23.009375,0.0,Florida Atlantic,2019.0,2019.0,CHI,222.0,,
2019,17,00-0035597,J.Ursua,WR,SEA,SF,0,0,0.0,0,0.0,0.0,0.0,0,0.0,0,1,1,11.0,0,1.1,2.1,,,69.0,182.0,25.811166666666665,0.0,Hawaii,2019.0,2019.0,SEA,236.0,-5.0,0.02631579
2019,11,00-0035624,N.Harry,TE,NE,PHI,0,0,0.0,0,0.0,0.0,0.0,0,0.0,0,4,3,18.0,0,1.8,4.8,,,76.0,225.0,21.88652941176471,0.0,Arizona State,2019.0,2019.0,NE,32.0,,0.08888889
2019,12,00-0035624,N.Harry,TE,NE,DAL,0,0,0.0,0,0.0,0.0,0.0,0,0.0,0,4,1,10.0,1,7.0,8.0,,,76.0,225.0,21.88652941176471,0.0,Arizona State,2019.0,2019.0,NE,32.0,4.0,0.114285715
2019,13,00-0035624,N.Harry,TE,NE,HOU,0,0,0.0,0,0.0,0.0,0.0,0,0.0,0,1,0,0.0,0,0.0,0.0,,,76.0,225.0,21.88652941176471,0.0,Arizona State,2019.0,2019.0,NE,32.0,,0.022222223
2019,14,00-0035624,N.Harry,TE,NE,KC,0,0,0.0,0,0.0,0.0,0.0,0,0.0,0,1,1,12.0,0,1.2,2.2,,,76.0,225.0,21.88652941176471,0.0,Arizona State,2019.0,2019.0,NE,32.0,-7.0,0.028571429
2019,15,00-0035624,N.Harry,TE,NE,CIN,0,0,0.0,0,0.0,0.0,0.0,2,22.0,0,4,2,15.0,1,9.7,11.7,,,76.0,225.0,21.88652941176471,0.0,Arizona State,2019.0,2019.0,NE,32.0,,0.14285715
2019,16,00-0035624,N.Harry,TE,NE,BUF,0,0,0.0,0,0.0,0.0,0.0,2,18.0,0,3,2,21.0,0,3.9,5.9,,,76.0,225.0,21.88652941176471,0.0,Arizona State,2019.0,2019.0,NE,32.0,7.0,0.09375
2019,17,00-0035624,N.Harry,TE,NE,MIA,0,0,0.0,0,0.0,0.0,0.0,1,9.0,0,7,3,29.0,0,3.8,6.8,,,76.0,225.0,21.88652941176471,0.0,Arizona State,2019.0,2019.0,NE,32.0,-3.0,0.2413793
2019,18,00-0035624,N.Harry,TE,NE,TEN,0,0,0.0,0,0.0,0.0,0.0,1,7.0,0,7,2,21.0,0,2.8,4.8,,,76.0,225.0,21.88652941176471,0.0,Arizona State,2019.0,2019.0,NE,32.0,-7.0,0.2
2019,1,00-0035628,D.Johnson,RB,CLE,TEN,0,0,0.0,0,0.0,0.0,0.0,1,13.0,0,2,2,23.0,0,3.6,5.6,,,70.0,208.0,23.684625,0.0,South Florida,2019.0,2019.0,,,-30.0,0.05263158
2019,2,00-0035628,D.Johnson,RB,CLE,NYJ,0,0,0.0,0,0.0,0.0,0.0,3,8.0,0,4,3,42.0,0,5.0,8.0,,,70.0,208.0,23.684625,0.0,South Florida,2019.0,2019.0,,,,0.125
2019,5,00-0035628,D.Johnson,RB,CLE,SF,0,0,0.0,0,0.0,0.0,0.0,0,0.0,0,1,1,6.0,0,0.6,1.6,,,70.0,208.0,23.684625,0.0,South Florida,2019.0,2019.0,,,,0.045454547
2019,2,00-0035631,D.Sample,TE,CIN,SF,0,0,0.0,0,0.0,0.0,0.0,0,0.0,0,3,2,25.0,0,2.5,4.5,,,77.0,259.0,23.5484375,0.0,Washington,2019.0,2019.0,CIN,52.0,-24.0,0.071428575
2019,6,00-0035631,D.Sample,TE,CIN,BAL,0,0,0.0,0,0.0,0.0,0.0,0,0.0,0,1,1,-1.0,0,-0.1,0.9,,,77.0,259.0,23.5484375,0.0,Washington,2019.0,2019.0,CIN,52.0,,0.027027028
2019,7,00-0035631,D.Sample,TE,CIN,JAX,0,0,0.0,0,0.0,0.0,0.0,0,0.0,0,1,1,3.0,0,0.3,1.3,,,77.0,259.0,23.5484375,0.0,Washington,2019.0,2019.0,CIN,52.0,-10.0,0.023809524
2019,10,00-0035631,D.Sample,TE,CIN,BAL,0,0,0.0,0,0.0,0.0,0.0,0,0.0,0,1,1,3.0,0,0.3,1.3,,,77.0,259.0,23.5484375,0.0,Washington,2019.0,2019.0,CIN,52.0,-36.0,0.03448276
2019,20,00-0035632,A.Hooker,FS,TEN,KC,0,0,0.0,0,0.0,0.0,0.0,0,0.0,0,1,1,28.0,0,2.8,3.8,,,71.0,210.0,21.41563157894737,0.0,Iowa,2019.0,2019.0,TEN,116.0,,0.03125
2019,1,00-0035639,P.Campbell,WR,IND,LAC,0,0,0.0,0,0.0,0.0,0.0,1,7.0,0,1,1,1.0,0,0.8,1.8,,,72.0,205.0,22.3030625,0.0,Ohio State,2019.0,2019.0,IND,59.0,,0.037037037
2019,2,00-0035639,P.Campbell,WR,IND,TEN,0,0,0.0,0,0.0,0.0,0.0,0,0.0,0,1,1,12.0,1,7.2,8.2,,,72.0,205.0,22.3030625,0.0,Ohio State,2019.0,2019.0,IND,59.0,,0.03846154
2019,3,00-0035639,P.Campbell,WR,IND,ATL,0,0,0.0,0,0.0,0.0,0.0,0,0.0,0,3,3,24.0,0,2.4,5.4,,,72.0,205.0,22.3030625,0.0,Ohio State,2019.0,2019.0,IND,59.0,3.0,0.083333336
2019,4,00-0035639,P.Campbell,WR,IND,LV,0,0,0.0,0,0.0,0.0,0.0,0,0.0,0,8,5,25.0,0,0.5,5.5,,,72.0,205.0,22.3030625,0.0,Ohio State,2019.0,2019.0,IND,59.0,-7.0,0.17391305
2019,8,00-0035639,P.Campbell,WR,IND,DEN,0,0,0.0,0,0.0,0.0,0.0,0,0.0,0,1,0,0.0,0,0.0,0.0,,,72.0,205.0,22.3030625,0.0,Ohio State,2019.0,2019.0,IND,59.0,2.0,0.041666668
2019,9,00-0035639,P.Campbell,WR,IND,PIT,0,0,0.0,0,0.0,0.0,0.0,3,27.0,0,5,5,53.0,0,8.0,13.0,,,72.0,205.0,22.3030625,0.0,Ohio State,2019.0,2019.0,IND,59.0,,0.16666667
2019,14,00-0035639,P.Campbell,WR,IND,TB,0,0,0.0,0,0.0,0.0,0.0,0,0.0,0,5,3,12.0,0,1.2,4.2,,,72.0,205.0,22.3030625,0.0,Ohio State,2019.0,2019.0,IND,59.0,,0.14285715
2019,1,00-0035640,D.Metcalf,WR,SEA,CIN,0,0,0.0,0,0.0,0.0,0.0,0,0.0,0,6,4,89.0,0,8.9,12.9,,,76.0,230.0,21.904333333333334,0.0,Mississippi,2019.0,2019.0,SEA,64.0,1.0,0.31578946
2019,2,00-0035640,D.Metcalf,WR,SEA,PIT,0,0,0.0,0,0.0,0.0,0.0,0,0.0,0,7,3,61.0,1,12.1,15.1,,,76.0,230.0,21.904333333333334,0.0,Mississippi,2019.0,2019.0,SEA,64.0,,0.2
2019,3,00-0035640,D.Metcalf,WR,SEA,NO,0,0,0.0,0,0.0,0.0,0.0,0,0.0,0,6,2,67.0,0,6.7,8.7,,,76.0,230.0,21.904333333333334,0.0,Mississippi,2019.0,2019.0,SEA,64.0,-6.0,0.13043478
2019,4,00-0035640,D.Metcalf,WR,SEA,ARI,0,0,0.0,0,0.0,0.0,0.0,0,0.0,0,4,1,6.0,0,0.6,1.6,,,76.0,230.0,21.904333333333334,0.0,Mississippi,2019.0,2019.0,SEA,64.0,,0.14814815
2019,5,00-0035640,D.Metcalf,WR,SEA,LA,0,0,0.0,0,0.0,0.0,0.0,0,0.0,0,3,2,44.0,1,10.4,12.4,,,76.0,230.0,21.904333333333334,0.0,Mississippi,2019.0,2019.0,SEA,64.0,1.0,0.13636364
2019,6,00-0035640,D.Metcalf,WR,SEA,CLE,0,0,0.0,0,0.0,0.0,0.0,1,4.0,0,5,4,69.0,0,7.3,11.3,,,76.0,230.0,21.904333333333334,0.0,Mississippi,2019.0,2019.0,SEA,64.0,,0.15625
2019,7,00-0035640,D.Metcalf,WR,SEA,BAL,0,0,0.0,0,0.0,0.0,0.0,0,0.0,0,9,4,53.0,0,3.3,7.3,,,76.0,230.0,21.904333333333334,0.0,Mississippi,2019.0,2019.0,SEA,64.0,-14.0,0.23684211
2019,8,00-0035640,D.Metcalf,WR,SEA,ATL,0,0,0.0,0,0.0,0.0,0.0,0,0.0,0,5,3,13.0,2,13.3,16.3,,,76.0,230.0,21.904333333333334,0.0,Mississippi,2019.0,2019.0,SEA,64.0,,0.25
2019,9,00-0035640,D.Metcalf,WR,SEA,TB,0,0,0.0,0,0.0,0.0,0.0,1,7.0,0,9,6,123.0,1,21.0,27.0,,,76.0,230.0,21.904333333333334,0.0,Mississippi,2019.0,2019.0,SEA,64.0,6.0,0.20930232
2019,10,00-0035640,D.Metcalf,WR,SEA,SF,0,0,0.0,0,0.0,0.0,0.0,0,0.0,0,10,6,70.0,0,5.0,11.0,,,76.0,230.0,21.904333333333334,0.0,Mississippi,2019.0,2019.0,SEA,64.0,,0.3030303
2019,12,00-0035640,D.Metcalf,WR,SEA,PHI,0,0,0.0,0,0.0,0.0,0.0,0,0.0,0,6,3,35.0,0,3.5,6.5,,,76.0,230.0,21.904333333333334,0.0,Mississippi,2019.0,2019.0,SEA,64.0,,0.26086956
2019,13,00-0035640,D.Metcalf,WR,SEA,MIN,0,0,0.0,0,0.0,0.0,0.0,0,0.0,0,7,6,75.0,0,5.5,11.5,,,76.0,230.0,21.904333333333334,0.0,Mississippi,2019.0,2019.0,SEA,64.0,7.0,0.22580644
2019,14,00-0035640,D.Metcalf,WR,SEA,LA,0,0,0.0,0,0.0,0.0,0.0,0,0.0,0,6,6,78.0,0,7.8,13.8,,,76.0,230.0,21.904333333333334,0.0,Mississippi,2019.0,2019.0,SEA,64.0,,0.18181819
2019,15,00-0035640,D.Metcalf,WR,SEA,CAR,0,0,0.0,0,0.0,0.0,0.0,0,0.0,0,4,2,36.0,1,9.6,11.6,,,76.0,230.0,21.904333333333334,0.0,Mississippi,2019.0,2019.0,SEA,64.0,,0.16
2019,16,00-0035640,D.Metcalf,WR,SEA,ARI,0,0,0.0,0,0.0,0.0,0.0,0,0.0,0,1,0,0.0,0,0.0,0.0,,,76.0,230.0,21.904333333333334,0.0,Mississippi,2019.0,2019.0,SEA,64.0,-14.0,0.03448276
2019,17,00-0035640,D.Metcalf,WR,SEA,SF,0,0,0.0,0,0.0,0.0,0.0,0,0.0,0,12,6,81.0,1,14.1,20.1,,,76.0,230.0,21.904333333333334,0.0,Mississippi,2019.0,2019.0,SEA,64.0,-5.0,0.31578946
2019,18,00-0035640,D.Metcalf,WR,SEA,PHI,0,0,0.0,0,0.0,0.0,0.0,0,0.0,0,9,7,160.0,1,22.0,29.0,,,76.0,230.0,21.904333333333334,0.0,Mississippi,2019.0,2019.0,SEA,64.0,,0.31034482
2019,19,00-0035640,D.Metcalf,WR,SEA,GB,0,0,0.0,0,0.0,0.0,0.0,0,0.0,0,5,4,59.0,0,5.9,9.9,,,76.0,230.0,21.904333333333334,0.0,Mississippi,2019.0,2019.0,SEA,64.0,,0.17857143
2019,1,00-0035644,N.Fant,TE,DEN,LV,0,0,0.0,0,0.0,0.0,0.0,1,-5.0,0,4,2,29.0,0,2.4,4.4,,,76.0,249.0,21.9505625,0.0,Iowa,2019.0,2019.0,DEN,20.0,,0.13333334
2019,2,00-0035644,N.Fant,TE,DEN,CHI,0,0,0.0,0,0.0,0.0,0.0,0,0.0,0,4,4,33.0,0,3.3,7.3,,,76.0,249.0,21.9505625,0.0,Iowa,2019.0,2019.0,DEN,20.0,-2.0,0.08
2019,3,00-0035644,N.Fant,TE,DEN,GB,0,0,0.0,0,0.0,0.0,0.0,0,0.0,0,3,3,37.0,0,1.7,4.7,,,76.0,249.0,21.9505625,0.0,Iowa,2019.0,2019.0,DEN,20.0,,0.10714286
2019,4,00-0035644,N.Fant,TE,DEN,JAX,0,0,0.0,0,0.0,0.0,0.0,0,0.0,0,4,2,31.0,1,9.1,11.1,,,76.0,249.0,21.9505625,0.0,Iowa,2019.0,2019.0,DEN,20.0,-2.0,0.114285715
2019,5,00-0035644,N.Fant,TE,DEN,LAC,0,0,0.0,0,0.0,0.0,0.0,0,0.0,0,1,1,6.0,0,0.6,1.6,,,76.0,249.0,21.9505625,0.0,Iowa,2019.0,2019.0,DEN,20.0,,0.05263158
2019,6,00-0035644,N.Fant,TE,DEN,TEN,0,0,0.0,0,0.0,0.0,0.0,0,0.0,0,3,2,16.0,0,1.6,3.6,,,76.0,249.0,21.9505625,0.0,Iowa,2019.0,2019.0,DEN,20.0,16.0,0.115384616
2019,7,00-0035644,N.Fant,TE,DEN,KC,0,0,0.0,0,0.0,0.0,0.0,0,0.0,0,5,1,7.0,0,0.7,1.7,,,76.0,249.0,21.9505625,0.0,Iowa,2019.0,2019.0,DEN,20.0,-24.0,0.15151516
2019,8,00-0035644,N.Fant,TE,DEN,IND,0,0,0.0,0,0.0,0.0,0.0,0,0.0,0,9,5,26.0,0,2.6,7.6,,,76.0,249.0,21.9505625,0.0,Iowa,2019.0,2019.0,DEN,20.0,,0.31034482
2019,9,00-0035644,N.Fant,TE,DEN,CLE,0,0,0.0,0,0.0,0.0,0.0,0,0.0,0,4,3,115.0,1,17.5,20.5,,,76.0,249.0,21.9505625,0.0,Iowa,2019.0,2019.0,DEN,20.0,5.0,0.22222222
2019,11,00-0035644,N.Fant,TE,DEN,MIN,0,0,0.0,0,0.0,0.0,0.0,2,-7.0,0,10,4,60.0,0,5.3,9.3,,,76.0,249.0,21.9505625,0.0,Iowa,2019.0,2019.0,DEN,20.0,,0.2777778
2019,12,00-0035644,N.Fant,TE,DEN,BUF,0,0,0.0,0,0.0,0.0,0.0,0,0.0,0,5,3,14.0,0,1.4,4.4,,,76.0,249.0,21.9505625,0.0,Iowa,2019.0,2019.0,DEN,20.0,,0.20833333
2019,13,00-0035644,N.Fant,TE,DEN,LAC,0,0,0.0,0,0.0,0.0,0.0,0,0.0,0,3,1,5.0,0,0.5,1.5,,,76.0,249.0,21.9505625,0.0,Iowa,2019.0,2019.0,DEN,20.0,3.0,0.115384616
2019,14,00-0035644,N.Fant,TE,DEN,HOU,0,0,0.0,0,0.0,0.0,0.0,0,0.0,0,4,4,113.0,1,17.3,21.3,,,76.0,249.0,21.9505625,0.0,Iowa,2019.0,2019.0,DEN,20.0,,0.14814815
2019,15,00-0035644,N.Fant,TE,DEN,KC,0,0,0.0,0,0.0,0.0,0.0,0,0.0,0,3,2,56.0,0,5.6,7.6,,,76.0,249.0,21.9505625,0.0,Iowa,2019.0,2019.0,DEN,20.0,,0.075
2019,16,00-0035644,N.Fant,TE,DEN,DET,0,0,0.0,0,0.0,0.0,0.0,0,0.0,0,2,2,10.0,0,1.0,3.0,,,76.0,249.0,21.9505625,0.0,Iowa,2019.0,2019.0,DEN,20.0,10.0,0.05882353
2019,17,00-0035644,N.Fant,TE,DEN,LV,0,0,0.0,0,0.0,0.0,0.0,0,0.0,0,2,1,4.0,0,0.4,1.4,,,76.0,249.0,21.9505625,0.0,Iowa,2019.0,2019.0,DEN,20.0,1.0,0.07692308
2019,6,00-0035645,G.Olszewski,WR,NE,NYG,0,0,0.0,0,0.0,0.0,0.0,0,0.0,0,3,2,34.0,0,3.4,5.4,,,72.0,190.0,22.94329411764706,0.0,Bemidji State,2019.0,2019.0,,,21.0,0.07317073
2019,7,00-0035645,G.Olszewski,WR,NE,NYJ,0,0,0.0,0,0.0,0.0,0.0,0,0.0,0,1,0,0.0,0,0.0,0.0,,,72.0,190.0,22.94329411764706,0.0,Bemidji State,2019.0,2019.0,,,,0.023809524
2019,10,00-0035652,R.Finley,QB,CIN,BAL,16,30,167.0,1,1.0,2.0,17.0,5,22.0,0,0,0,0.0,0,8.88,8.88,,,76.0,207.0,24.8544375,0.0,North Carolina State,2019.0,2019.0,CIN,104.0,-36.0,
2019,11,00-0035652,R.Finley,QB,CIN,LV,13,31,115.0,0,1.0,5.0,42.0,3,47.0,0,0,0,0.0,0,5.3,5.3,,,76.0,207.0,24.8544375,0.0,North Carolina State,2019.0,2019.0,CIN,104.0,,
2019,12,00-0035652,R.Finley,QB,CIN,PIT,12,26,192.0,1,0.0,4.0,34.0,2,8.0,0,0,0,0.0,0,10.48,10.48,,,76.0,207.0,24.8544375,0.0,North Carolina State,2019.0,2019.0,CIN,104.0,-6.0,
2019,6,00-0035654,C.Winovich,DE,NE,NE,0,0,0.0,0,0.0,0.0,0.0,0,0.0,0,0,0,0.0,0,6.0,6.0,,,75.0,251.0,24.550470588235296,0.0,Michigan,2019.0,2019.0,NE,77.0,21.0,
2019,7,00-0035657,D.Harris,RB,NE,NYJ,0,0,0.0,0,0.0,0.0,0.0,4,12.0,0,0,0,0.0,0,1.2,1.2,,,71.0,215.0,22.732529411764705,0.0,Alabama,2019.0,2019.0,NE,87.0,,
2019,1,00-0035659,T.McLaurin,WR,WAS,PHI,0,0,0.0,0,0.0,0.0,0.0,0,0.0,0,7,5,125.0,1,18.5,23.5,,,72.0,210.0,24.1325625,0.0,Ohio State,2019.0,2019.0,WAS,76.0,,0.1627907
2019,2,00-0035659,T.McLaurin,WR,WAS,DAL,0,0,0.0,0,0.0,0.0,0.0,0,0.0,0,9,5,62.0,1,12.2,17.2,,,72.0,210.0,24.1325625,0.0,Ohio State,2019.0,2019.0,WAS,76.0,-10.0,0.24324325
2019,3,00-0035659,T.McLaurin,WR,WAS,CHI,0,0,0.0,0,0.0,0.0,0.0,0,0.0,0,8,6,70.0,1,13.0,19.0,,,72.0,210.0,24.1325625,0.0,Ohio State,2019.0,2019.0,WAS,76.0,-16.0,0.1904762
2019,5,00-0035659,T.McLaurin,WR,WAS,NE,0,0,0.0,0,0.0,0.0,0.0,0,0.0,0,7,3,51.0,0,5.1,8.1,,,72.0,210.0,24.1325625,0.0,Ohio State,2019.0,2019.0,WAS,76.0,-26.0,0.25925925
2019,6,00-0035659,T.McLaurin,WR,WAS,MIA,0,0,0.0,0,0.0,0.0,0.0,0,0.0,0,7,4,100.0,2,22.0,26.0,,,72.0,210.0,24.1325625,0.0,Ohio State,2019.0,2019.0,WAS,76.0,,0.29166666
2019,7,00-0035659,T.McLaurin,WR,WAS,SF,0,0,0.0,0,0.0,0.0,0.0,0,0.0,0,2,1,11.0,0,1.1,2.1,,,72.0,210.0,24.1325625,0.0,Ohio State,2019.0,2019.0,WAS,76.0,-9.0,0.16666667
2019,8,00-0035659,T.McLaurin,WR,WAS,MIN,0,0,0.0,0,0.0,0.0,0.0,0,0.0,0,6,4,39.0,0,3.9,7.9,,,72.0,210.0,24.1325625,0.0,Ohio State,2019.0,2019.0,WAS,76.0,,0.2857143
2019,9,00-0035659,T.McLaurin,WR,WAS,BUF,0,0,0.0,0,0.0,0.0,0.0,0,0.0,0,6,4,39.0,0,3.9,7.9,,,72.0,210.0,24.1325625,0.0,Ohio State,2019.0,2019.0,WAS,76.0,,0.27272728
2019,11,00-0035659,T.McLaurin,WR,WAS,NYJ,0,0,0.0,0,0.0,0.0,0.0,0,0.0,0,4,3,69.0,0,6.9,9.9,,,72.0,210.0,24.1325625,0.0,Ohio State,2019.0,2019.0,WAS,76.0,-17.0,0.125
2019,12,00-0035659,T.McLaurin,WR,WAS,DET,0,0,0.0,0,0.0,0.0,0.0,0,0.0,0,12,5,72.0,0,7.2,12.2,,,72.0,210.0,24.1325625,0.0,Ohio State,2019.0,2019.0,WAS,76.0,3.0,0.41379312
2019,13,00-0035659,T.McLaurin,WR,WAS,CAR,0,0,0.0,0,0.0,0.0,0.0,0,0.0,0,4,2,8.0,0,0.8,2.8,,,72.0,210.0,24.1325625,0.0,Ohio State,2019.0,2019.0,WAS,76.0,,0.16666667
2019,14,00-0035659,T.McLaurin,WR,WAS,GB,0,0,0.0,0,0.0,0.0,0.0,0,0.0,0,7,4,57.0,1,11.7,15.7,,,72.0,210.0,24.1325625,0.0,Ohio State,2019.0,2019.0,WAS,76.0,,0.26923078
2019,15,00-0035659,T.McLaurin,WR,WAS,PHI,0,0,0.0,0,0.0,0.0,0.0,0,0.0,0,5,5,130.0,1,19.0,24.0,,,72.0,210.0,24.1325625,0.0,Ohio State,2019.0,2019.0,WAS,76.0,-10.0,0.18518518
2019,16,00-0035659,T.McLaurin,WR,WAS,NYG,0,0,0.0,0,0.0,0.0,0.0,0,0.0,0,9,7,86.0,0,8.6,15.6,,,72.0,210.0,24.1325625,0.0,Ohio State,2019.0,2019.0,WAS,76.0,-6.0,0.24324325
2019,1,00-0035662,M.Brown,WR,BAL,MIA,0,0,0.0,0,0.0,0.0,0.0,0,0.0,0,5,4,147.0,2,26.7,30.7,,,69.0,170.0,22.42670588235294,0.0,Oklahoma,2019.0,2019.0,BAL,25.0,,0.2
2019,2,00-0035662,M.Brown,WR,BAL,ARI,0,0,0.0,0,0.0,0.0,0.0,0,0.0,0,13,8,86.0,0,8.6,16.6,,,69.0,170.0,22.42670588235294,0.0,Oklahoma,2019.0,2019.0,BAL,25.0,6.0,0.37142858
2019,3,00-0035662,M.Brown,WR,BAL,KC,0,0,0.0,0,0.0,0.0,0.0,0,0.0,0,9,2,49.0,0,4.9,6.9,,,69.0,170.0,22.42670588235294,0.0,Oklahoma,2019.0,2019.0,BAL,25.0,,0.20930232
2019,4,00-0035662,M.Brown,WR,BAL,CLE,0,0,0.0,0,0.0,0.0,0.0,0,0.0,0,7,4,22.0,0,2.2,6.2,,,69.0,170.0,22.42670588235294,0.0,Oklahoma,2019.0,2019.0,BAL,25.0,-15.0,0.21212122
2019,5,00-0035662,M.Brown,WR,BAL,PIT,0,0,0.0,0,0.0,0.0,0.0,0,0.0,0,5,3,22.0,1,8.2,11.2,,,69.0,170.0,22.42670588235294,0.0,Oklahoma,2019.0,2019.0,BAL,25.0,,0.17857143
2019,9,00-0035662,M.Brown,WR,BAL,NE,0,0,0.0,0,0.0,0.0,0.0,0,0.0,0,4,3,48.0,0,4.8,7.8,,,69.0,170.0,22.42670588235294,0.0,Oklahoma,2019.0,2019.0,BAL,25.0,17.0,0.17391305
2019,10,00-0035662,M.Brown,WR,BAL,CIN,0,0,0.0,0,0.0,0.0,0.0,0,0.0,0,4,4,80.0,1,14.0,18.0,,,69.0,170.0,22.42670588235294,0.0,Oklahoma,2019.0,2019.0,BAL,25.0,,0.1904762
2019,11,00-0035662,M.Brown,WR,BAL,HOU,0,0,0.0,0,0.0,0.0,0.0,0,0.0,0,4,2,23.0,0,2.3,4.3,,,69.0,170.0,22.42670588235294,0.0,Oklahoma,2019.0,2019.0,BAL,25.0,34.0,0.14814815
2019,12,00-0035662,M.Brown,WR,BAL,LA,0,0,0.0,0,0.0,0.0,0.0,0,0.0,0,7,5,42.0,2,16.2,21.2,,,69.0,170.0,22.42670588235294,0.0,Oklahoma,2019.0,2019.0,BAL,25.0,,0.3181818
2019,13,00-0035662,M.Brown,WR,BAL,SF,0,0,0.0,0,0.0,0.0,0.0,0,0.0,0,2,1,1.0,0,0.1,1.1,,,69.0,170.0,22.42670588235294,0.0,Oklahoma,2019.0,2019.0,BAL,25.0,3.0,0.08695652
2019,14,00-0035662,M.Brown,WR,BAL,BUF,0,0,0.0,0,0.0,0.0,0.0,0,0.0,0,3,3,-2.0,0,-0.2,2.8,,,69.0,170.0,22.42670588235294,0.0,Oklahoma,2019.0,2019.0,BAL,25.0,,0.13043478
2019,15,00-0035662,M.Brown,WR,BAL,NYJ,0,0,0.0,0,0.0,0.0,0.0,0,0.0,0,4,4,45.0,1,10.5,14.5,,,69.0,170.0,22.42670588235294,0.0,Oklahoma,2019.0,2019.0,BAL,25.0,21.0,0.18181819
2019,16,00-0035662,M.Brown,WR,BAL,CLE,0,0,0.0,0,0.0,0.0,0.0,0,0.0,0,2,1,6.0,0,0.6,1.6,,,69.0,170.0,22.42670588235294,0.0,Oklahoma,2019.0,2019.0,BAL,25.0,,0.06666667
2019,17,00-0035662,M.Brown,WR,BAL,PIT,0,0,0.0,0,0.0,0.0,0.0,0,0.0,0,2,2,15.0,0,1.5,3.5,,,69.0,170.0,22.42670588235294,0.0,Oklahoma,2019.0,2019.0,BAL,25.0,18.0,0.1
2019,19,00-0035662,M.Brown,WR,BAL,TEN,0,0,0.0,0,0.0,0.0,0.0,0,0.0,0,11,7,126.0,0,12.6,19.6,,,69.0,170.0,22.42670588235294,0.0,Oklahoma,2019.0,2019.0,BAL,25.0,-16.0,0.20754717
2019,1,00-0035664,D.Henderson,RB,LA,CAR,0,0,0.0,0,0.0,0.0,0.0,1,0.0,0,0,0,0.0,0,0.0,0.0,,,68.0,200.0,22.20625,0.0,Memphis,2019.0,2019.0,LA,70.0,,
2019,6,00-0035664,D.Henderson,RB,LA,SF,0,0,0.0,0,0.0,0.0,0.0,6,39.0,0,2,1,9.0,0,4.8,5.8,,,68.0,200.0,22.20625,0.0,Memphis,2019.0,2019.0,LA,70.0,-13.0,0.083333336
2019,7,00-0035664,D.Henderson,RB,LA,ATL,0,0,0.0,0,0.0,0.0,0.0,11,31.0,0,1,1,8.0,0,3.9,4.9,,,68.0,200.0,22.20625,0.0,Memphis,2019.0,2019.0,LA,70.0,,0.02631579
2019,8,00-0035664,D.Henderson,RB,LA,CIN,0,0,0.0,0,0.0,0.0,0.0,11,49.0,0,3,2,20.0,0,6.9,8.9,,,68.0,200.0,22.20625,0.0,Memphis,2019.0,2019.0,LA,70.0,14.0,0.1
2019,10,00-0035664,D.Henderson,RB,LA,PIT,0,0,0.0,0,0.0,0.0,0.0,4,4.0,0,0,0,0.0,0,0.4,0.4,,,68.0,200.0,22.20625,0.0,Memphis,2019.0,2019.0,LA,70.0,,
2019,13,00-0035664,D.Henderson,RB,LA,ARI,0,0,0.0,0,0.0,0.0,0.0,4,17.0,0,0,0,0.0,0,1.7,1.7,,,68.0,200.0,22.20625,0.0,Memphis,2019.0,2019.0,LA,70.0,,
2019,16,00-0035664,D.Henderson,RB,LA,SF,0,0,0.0,0,0.0,0.0,0.0,2,7.0,0,0,0,0.0,0,0.7,0.7,,,68.0,200.0,22.20625,0.0,Memphis,2019.0,2019.0,LA,70.0,,
2019,10,00-0035665,D.Long,CB,LA,PIT,0,0,0.0,0,0.0,0.0,0.0,0,0.0,0,1,0,0.0,0,0.0,0.0,,,71.0,196.0,21.7380625,0.0,Michigan,2019.0,2019.0,LA,79.0,,0.023809524
2019,7,00-0035669,N.Scott,SS,LA,ATL,0,0,0.0,0,0.0,0.0,0.0,0,0.0,0,1,1,23.0,0,2.3,3.3,,,71.0,200.0,24.4649375,0.0,Penn State,2019.0,2019.0,LA,243.0,,0.02631579
2019,17,00-0035669,N.Scott,SS,LA,ARI,0,0,0.0,0,0.0,0.0,0.0,1,6.0,0,0,0,0.0,0,0.6,0.6,,,71.0,200.0,24.4649375,0.0,Penn State,2019.0,2019.0,LA,243.0,7.0,
2019,14,00-0035671,J.Sternberger,TE,GB,WAS,0,0,0.0,0,0.0,0.0,0.0,0,0.0,0,1,0,0.0,0,0.0,0.0,,,76.0,250.0,23.373611111111114,0.0,Texas A&amp;M,2019.0,2019.0,GB,75.0,5.0,0.037037037
2019,19,00-0035671,J.Sternberger,TE,GB,SEA,0,0,0.0,0,0.0,0.0,0.0,0,0.0,0,1,1,2.0,0,0.2,1.2,,,76.0,250.0,23.373611111111114,0.0,Texas A&amp;M,2019.0,2019.0,GB,75.0,5.0,0.045454547
2019,20,00-0035671,J.Sternberger,TE,GB,SF,0,0,0.0,0,0.0,0.0,0.0,0,0.0,0,2,2,13.0,1,7.3,9.3,,,76.0,250.0,23.373611111111114,0.0,Texas A&amp;M,2019.0,2019.0,GB,75.0,,0.054054055
2019,1,00-0035676,A.Brown,WR,TEN,CLE,0,0,0.0,0,0.0,0.0,0.0,0,0.0,0,4,3,100.0,0,10.0,13.0,,,73.0,226.0,22.371052631578948,0.0,Mississippi,2019.0,2019.0,TEN,51.0,,0.16666667
2019,2,00-0035676,A.Brown,WR,TEN,IND,0,0,0.0,0,0.0,0.0,0.0,0,0.0,0,5,3,25.0,0,2.5,5.5,,,73.0,226.0,22.371052631578948,0.0,Mississippi,2019.0,2019.0,TEN,51.0,-2.0,0.1923077
2019,3,00-0035676,A.Brown,WR,TEN,JAX,0,0,0.0,0,0.0,0.0,0.0,0,0.0,0,5,1,4.0,0,0.4,1.4,,,73.0,226.0,22.371052631578948,0.0,Mississippi,2019.0,2019.0,TEN,51.0,,0.13157895
2019,4,00-0035676,A.Brown,WR,TEN,ATL,0,0,0.0,0,0.0,0.0,0.0,0,0.0,0,3,3,94.0,2,21.4,24.4,,,73.0,226.0,22.371052631578948,0.0,Mississippi,2019.0,2019.0,TEN,51.0,,0.13636364
2019,5,00-0035676,A.Brown,WR,TEN,BUF,0,0,0.0,0,0.0,0.0,0.0,0,0.0,0,2,2,27.0,0,2.7,4.7,,,73.0,226.0,22.371052631578948,0.0,Mississippi,2019.0,2019.0,TEN,51.0,-7.0,0.0952381
2019,6,00-0035676,A.Brown,WR,TEN,DEN,0,0,0.0,0,0.0,0.0,0.0,0,0.0,0,4,2,23.0,0,2.3,4.3,,,73.0,226.0,22.371052631578948,0.0,Mississippi,2019.0,2019.0,TEN,51.0,,0.125
2019,7,00-0035676,A.Brown,WR,TEN,LAC,0,0,0.0,0,0.0,0.0,0.0,1,-2.0,0,8,6,64.0,0,6.2,12.2,,,73.0,226.0,22.371052631578948,0.0,Mississippi,2019.0,2019.0,TEN,51.0,3.0,0.27586207
2019,8,00-0035676,A.Brown,WR,TEN,TB,0,0,0.0,0,0.0,0.0,0.0,0,0.0,0,3,2,11.0,1,7.1,9.1,,,73.0,226.0,22.371052631578948,0.0,Mississippi,2019.0,2019.0,TEN,51.0,4.0,0.09090909
2019,9,00-0035676,A.Brown,WR,TEN,CAR,0,0,0.0,0,0.0,0.0,0.0,0,0.0,0,7,4,81.0,0,8.1,12.1,,,73.0,226.0,22.371052631578948,0.0,Mississippi,2019.0,2019.0,TEN,51.0,,0.1891892
2019,10,00-0035676,A.Brown,WR,TEN,KC,0,0,0.0,0,0.0,0.0,0.0,0,0.0,0,4,1,17.0,0,1.7,2.7,,,73.0,226.0,22.371052631578948,0.0,Mississippi,2019.0,2019.0,TEN,51.0,3.0,0.21052632
2019,12,00-0035676,A.Brown,WR,TEN,JAX,0,0,0.0,0,0.0,0.0,0.0,0,0.0,0,5,4,135.0,1,19.5,23.5,,,73.0,226.0,22.371052631578948,0.0,Mississippi,2019.0,2019.0,TEN,51.0,22.0,0.29411766
2019,13,00-0035676,A.Brown,WR,TEN,IND,0,0,0.0,0,0.0,0.0,0.0,0,0.0,0,4,3,45.0,0,4.5,7.5,,,73.0,226.0,22.371052631578948,0.0,Mississippi,2019.0,2019.0,TEN,51.0,,0.1904762
2019,14,00-0035676,A.Brown,WR,TEN,LV,0,0,0.0,0,0.0,0.0,0.0,1,13.0,0,7,5,153.0,2,28.6,33.6,,,73.0,226.0,22.371052631578948,0.0,Mississippi,2019.0,2019.0,TEN,51.0,,0.25925925
2019,15,00-0035676,A.Brown,WR,TEN,HOU,0,0,0.0,0,0.0,0.0,0.0,0,0.0,0,13,8,114.0,1,17.4,25.4,,,73.0,226.0,22.371052631578948,0.0,Mississippi,2019.0,2019.0,TEN,51.0,-3.0,0.3611111
2019,16,00-0035676,A.Brown,WR,TEN,NO,0,0,0.0,0,0.0,0.0,0.0,1,49.0,1,2,1,34.0,0,14.3,15.3,,,73.0,226.0,22.371052631578948,0.0,Mississippi,2019.0,2019.0,TEN,51.0,-10.0,0.08
2019,17,00-0035676,A.Brown,WR,TEN,HOU,0,0,0.0,0,0.0,0.0,0.0,0,0.0,0,8,4,124.0,1,18.4,22.4,,,73.0,226.0,22.371052631578948,0.0,Mississippi,2019.0,2019.0,TEN,51.0,,0.3809524
2019,18,00-0035676,A.Brown,WR,TEN,NE,0,0,0.0,0,0.0,0.0,0.0,0,0.0,0,1,1,4.0,0,0.4,1.4,,,73.0,226.0,22.371052631578948,0.0,Mississippi,2019.0,2019.0,TEN,51.0,,0.06666667
2019,19,00-0035676,A.Brown,WR,TEN,BAL,0,0,0.0,0,0.0,0.0,0.0,1,9.0,0,3,1,9.0,0,1.8,2.8,,,73.0,226.0,22.371052631578948,0.0,Mississippi,2019.0,2019.0,TEN,51.0,,0.2
2019,20,00-0035676,A.Brown,WR,TEN,KC,0,0,0.0,0,0.0,0.0,0.0,0,0.0,0,6,3,51.0,0,5.1,8.1,,,73.0,226.0,22.371052631578948,0.0,Mississippi,2019.0,2019.0,TEN,51.0,,0.1875
2019,1,00-0035685,D.Montgomery,RB,CHI,GB,0,0,0.0,0,0.0,0.0,0.0,6,18.0,0,1,1,27.0,0,4.5,5.5,,,70.0,222.0,22.4088125,0.0,Iowa State,2019.0,2019.0,CHI,73.0,-7.0,0.022727273
2019,2,00-0035685,D.Montgomery,RB,CHI,DEN,0,0,0.0,0,0.0,0.0,0.0,18,62.0,1,3,1,6.0,0,12.8,13.8,,,70.0,222.0,22.4088125,0.0,Iowa State,2019.0,2019.0,CHI,73.0,,0.11111111
2019,3,00-0035685,D.Montgomery,RB,CHI,WAS,0,0,0.0,0,0.0,0.0,0.0,13,67.0,0,3,3,14.0,0,8.1,11.1,,,70.0,222.0,22.4088125,0.0,Iowa State,2019.0,2019.0,CHI,73.0,,0.09677419
2019,4,00-0035685,D.Montgomery,RB,CHI,MIN,0,0,0.0,0,0.0,0.0,0.0,21,53.0,0,5,3,14.0,0,6.7,9.7,,,70.0,222.0,22.4088125,0.0,Iowa State,2019.0,2019.0,CHI,73.0,10.0,0.15151516
2019,5,00-0035685,D.Montgomery,RB,CHI,LV,0,0,0.0,0,0.0,0.0,0.0,11,25.0,1,1,1,11.0,0,9.6,10.6,,,70.0,222.0,22.4088125,0.0,Iowa State,2019.0,2019.0,CHI,73.0,,0.033333335
2019,7,00-0035685,D.Montgomery,RB,CHI,NO,0,0,0.0,0,0.0,0.0,0.0,2,6.0,0,2,2,13.0,0,-0.1,1.9,,,70.0,222.0,22.4088125,0.0,Iowa State,2019.0,2019.0,CHI,73.0,-11.0,0.039215688
2019,8,00-0035685,D.Montgomery,RB,CHI,LAC,0,0,0.0,0,0.0,0.0,0.0,27,135.0,1,5,4,12.0,0,20.7,24.7,,,70.0,222.0,22.4088125,0.0,Iowa State,2019.0,2019.0,CHI,73.0,-1.0,0.15151516
2019,9,00-0035685,D.Montgomery,RB,CHI,PHI,0,0,0.0,0,0.0,0.0,0.0,14,40.0,2,4,3,36.0,0,19.6,22.6,,,70.0,222.0,22.4088125,0.0,Iowa State,2019.0,2019.0,CHI,73.0,,0.1904762
2019,10,00-0035685,D.Montgomery,RB,CHI,DET,0,0,0.0,0,0.0,0.0,0.0,17,60.0,0,0,0,0.0,0,6.0,6.0,,,70.0,222.0,22.4088125,0.0,Iowa State,2019.0,2019.0,CHI,73.0,7.0,
2019,11,00-0035685,D.Montgomery,RB,CHI,LA,0,0,0.0,0,0.0,0.0,0.0,14,31.0,0,3,1,19.0,0,5.0,6.0,,,70.0,222.0,22.4088125,0.0,Iowa State,2019.0,2019.0,CHI,73.0,,0.06666667
2019,12,00-0035685,D.Montgomery,RB,CHI,NYG,0,0,0.0,0,0.0,0.0,0.0,13,22.0,0,3,2,9.0,0,3.1,5.1,,,70.0,222.0,22.4088125,0.0,Iowa State,2019.0,2019.0,CHI,73.0,5.0,0.07317073
2019,13,00-0035685,D.Montgomery,RB,CHI,DET,0,0,0.0,0,0.0,0.0,0.0,16,75.0,0,2,2,12.0,1,14.7,16.7,,,70.0,222.0,22.4088125,0.0,Iowa State,2019.0,2019.0,CHI,73.0,,0.05263158
2019,14,00-0035685,D.Montgomery,RB,CHI,DAL,0,0,0.0,0,0.0,0.0,0.0,20,86.0,0,1,0,0.0,0,6.6,6.6,,,70.0,222.0,22.4088125,0.0,Iowa State,2019.0,2019.0,CHI,73.0,7.0,0.032258064
2019,15,00-0035685,D.Montgomery,RB,CHI,GB,0,0,0.0,0,0.0,0.0,0.0,14,39.0,0,1,1,10.0,0,4.9,5.9,,,70.0,222.0,22.4088125,0.0,Iowa State,2019.0,2019.0,CHI,73.0,,0.02
2019,16,00-0035685,D.Montgomery,RB,CHI,KC,0,0,0.0,0,0.0,0.0,0.0,13,57.0,0,1,1,2.0,0,5.9,6.9,,,70.0,222.0,22.4088125,0.0,Iowa State,2019.0,2019.0,CHI,73.0,-23.0,0.030303031
2019,17,00-0035685,D.Montgomery,RB,CHI,MIN,0,0,0.0,0,0.0,0.0,0.0,23,113.0,1,0,0,0.0,0,17.3,17.3,,,70.0,222.0,22.4088125,0.0,Iowa State,2019.0,2019.0,CHI,73.0,,
2019,8,00-0035686,M.Deiter,C,MIA,PIT,0,0,0.0,0,0.0,0.0,0.0,0,0.0,0,1,1,0.0,0,0.0,1.0,,,78.0,310.0,23.1699375,0.0,Wisconsin,2019.0,2019.0,MIA,78.0,,0.030303031
2019,1,00-0035689,D.Knox,TE,BUF,NYJ,0,0,0.0,0,0.0,0.0,0.0,0,0.0,0,2,1,1.0,0,0.1,1.1,,,76.0,254.0,22.98064705882353,0.0,Mississippi,2019.0,2019.0,BUF,96.0,,0.057142857
2019,2,00-0035689,D.Knox,TE,BUF,NYG,0,0,0.0,0,0.0,0.0,0.0,0,0.0,0,4,1,18.0,0,1.8,2.8,,,76.0,254.0,22.98064705882353,0.0,Mississippi,2019.0,2019.0,BUF,96.0,,0.14285715
2019,3,00-0035689,D.Knox,TE,BUF,CIN,0,0,0.0,0,0.0,0.0,0.0,1,9.0,0,4,3,67.0,1,13.6,16.6,,,76.0,254.0,22.98064705882353,0.0,Mississippi,2019.0,2019.0,BUF,96.0,4.0,0.121212125
2019,4,00-0035689,D.Knox,TE,BUF,NE,0,0,0.0,0,0.0,0.0,0.0,0,0.0,0,3,3,58.0,0,5.8,8.8,,,76.0,254.0,22.98064705882353,0.0,Mississippi,2019.0,2019.0,BUF,96.0,-6.0,0.07317073
2019,5,00-0035689,D.Knox,TE,BUF,TEN,0,0,0.0,0,0.0,0.0,0.0,0,0.0,0,5,2,12.0,0,1.2,3.2,,,76.0,254.0,22.98064705882353,0.0,Mississippi,2019.0,2019.0,BUF,96.0,,0.1724138
2019,7,00-0035689,D.Knox,TE,BUF,MIA,0,0,0.0,0,0.0,0.0,0.0,0,0.0,0,5,2,22.0,0,2.2,4.2,,,76.0,254.0,22.98064705882353,0.0,Mississippi,2019.0,2019.0,BUF,96.0,10.0,0.2
2019,8,00-0035689,D.Knox,TE,BUF,PHI,0,0,0.0,0,0.0,0.0,0.0,0,0.0,0,1,0,0.0,0,0.0,0.0,,,76.0,254.0,22.98064705882353,0.0,Mississippi,2019.0,2019.0,BUF,96.0,-18.0,0.032258064
2019,9,00-0035689,D.Knox,TE,BUF,WAS,0,0,0.0,0,0.0,0.0,0.0,0,0.0,0,2,2,14.0,0,1.4,3.4,,,76.0,254.0,22.98064705882353,0.0,Mississippi,2019.0,2019.0,BUF,96.0,15.0,0.1
2019,10,00-0035689,D.Knox,TE,BUF,CLE,0,0,0.0,0,0.0,0.0,0.0,0,0.0,0,6,4,55.0,0,5.5,9.5,,,76.0,254.0,22.98064705882353,0.0,Mississippi,2019.0,2019.0,BUF,96.0,,0.15384616
2019,11,00-0035689,D.Knox,TE,BUF,MIA,0,0,0.0,0,0.0,0.0,0.0,0,0.0,0,3,2,32.0,1,9.2,11.2,,,76.0,254.0,22.98064705882353,0.0,Mississippi,2019.0,2019.0,BUF,96.0,,0.09677419
2019,12,00-0035689,D.Knox,TE,BUF,DEN,0,0,0.0,0,0.0,0.0,0.0,0,0.0,0,2,2,11.0,0,1.1,3.1,,,76.0,254.0,22.98064705882353,0.0,Mississippi,2019.0,2019.0,BUF,96.0,17.0,0.09090909
2019,13,00-0035689,D.Knox,TE,BUF,DAL,0,0,0.0,0,0.0,0.0,0.0,0,0.0,0,4,3,17.0,0,1.7,4.7,,,76.0,254.0,22.98064705882353,0.0,Mississippi,2019.0,2019.0,BUF,96.0,,0.16
2019,14,00-0035689,D.Knox,TE,BUF,BAL,0,0,0.0,0,0.0,0.0,0.0,0,0.0,0,4,1,37.0,0,3.7,4.7,,,76.0,254.0,22.98064705882353,0.0,Mississippi,2019.0,2019.0,BUF,96.0,-7.0,0.10810811
2019,15,00-0035689,D.Knox,TE,BUF,PIT,0,0,0.0,0,0.0,0.0,0.0,0,0.0,0,1,1,11.0,0,1.1,2.1,,,76.0,254.0,22.98064705882353,0.0,Mississippi,2019.0,2019.0,BUF,96.0,,0.041666668
2019,16,00-0035689,D.Knox,TE,BUF,NE,0,0,0.0,0,0.0,0.0,0.0,0,0.0,0,4,1,33.0,0,3.3,4.3,,,76.0,254.0,22.98064705882353,0.0,Mississippi,2019.0,2019.0,BUF,96.0,,0.15384616
2019,18,00-0035689,D.Knox,TE,BUF,HOU,0,0,0.0,0,0.0,0.0,0.0,0,0.0,0,2,1,14.0,0,1.4,2.4,,,76.0,254.0,22.98064705882353,0.0,Mississippi,2019.0,2019.0,BUF,96.0,,0.046511628
2019,1,00-0035700,J.Jacobs,RB,LV,DEN,0,0,0.0,0,0.0,0.0,0.0,23,85.0,2,1,1,28.0,0,23.3,24.3,,,70.0,220.0,21.7281875,0.0,Alabama,2019.0,2019.0,OAK,24.0,,0.03846154
2019,2,00-0035700,J.Jacobs,RB,LV,KC,0,0,0.0,0,0.0,0.0,0.0,12,99.0,0,0,0,0.0,0,9.9,9.9,,,70.0,220.0,21.7281875,0.0,Alabama,2019.0,2019.0,OAK,24.0,,
2019,3,00-0035700,J.Jacobs,RB,LV,MIN,0,0,0.0,0,0.0,0.0,0.0,10,44.0,0,2,0,0.0,0,4.4,4.4,,,70.0,220.0,21.7281875,0.0,Alabama,2019.0,2019.0,OAK,24.0,,0.060606062
2019,4,00-0035700,J.Jacobs,RB,LV,IND,0,0,0.0,0,0.0,0.0,0.0,17,79.0,0,2,2,29.0,0,10.8,12.8,,,70.0,220.0,21.7281875,0.0,Alabama,2019.0,2019.0,OAK,24.0,,0.071428575
2019,5,00-0035700,J.Jacobs,RB,LV,CHI,0,0,0.0,0,0.0,0.0,0.0,26,123.0,2,3,3,20.0,0,26.3,29.3,,,70.0,220.0,21.7281875,0.0,Alabama,2019.0,2019.0,OAK,24.0,,0.1
2019,7,00-0035700,J.Jacobs,RB,LV,GB,0,0,0.0,0,0.0,0.0,0.0,21,124.0,0,3,3,10.0,0,13.4,16.4,,,70.0,220.0,21.7281875,0.0,Alabama,2019.0,2019.0,OAK,24.0,,0.09677419
2019,8,00-0035700,J.Jacobs,RB,LV,HOU,0,0,0.0,0,0.0,0.0,0.0,15,66.0,0,2,2,15.0,0,8.1,10.1,,,70.0,220.0,21.7281875,0.0,Alabama,2019.0,2019.0,OAK,24.0,,0.06666667
2019,9,00-0035700,J.Jacobs,RB,LV,DET,0,0,0.0,0,0.0,0.0,0.0,28,120.0,2,2,0,0.0,0,24.0,24.0,,,70.0,220.0,21.7281875,0.0,Alabama,2019.0,2019.0,OAK,24.0,,0.074074075
2019,10,00-0035700,J.Jacobs,RB,LV,LAC,0,0,0.0,0,0.0,0.0,0.0,16,71.0,1,5,3,30.0,0,16.1,19.1,,,70.0,220.0,21.7281875,0.0,Alabama,2019.0,2019.0,OAK,24.0,,0.16666667
2019,11,00-0035700,J.Jacobs,RB,LV,CIN,0,0,0.0,0,0.0,0.0,0.0,23,112.0,0,3,3,12.0,0,10.4,13.4,,,70.0,220.0,21.7281875,0.0,Alabama,2019.0,2019.0,OAK,24.0,,0.10714286
2019,12,00-0035700,J.Jacobs,RB,LV,NYJ,0,0,0.0,0,0.0,0.0,0.0,10,34.0,0,1,1,2.0,0,3.6,4.6,,,70.0,220.0,21.7281875,0.0,Alabama,2019.0,2019.0,OAK,24.0,,0.030303031
2019,13,00-0035700,J.Jacobs,RB,LV,KC,0,0,0.0,0,0.0,0.0,0.0,17,104.0,0,0,0,0.0,0,10.4,10.4,,,70.0,220.0,21.7281875,0.0,Alabama,2019.0,2019.0,OAK,24.0,,
2019,15,00-0035700,J.Jacobs,RB,LV,JAX,0,0,0.0,0,0.0,0.0,0.0,24,89.0,0,3,2,20.0,0,10.9,12.9,,,70.0,220.0,21.7281875,0.0,Alabama,2019.0,2019.0,OAK,24.0,,0.09677419
2019,1,00-0035703,M.Boykin,WR,BAL,MIA,0,0,0.0,0,0.0,0.0,0.0,0,0.0,0,1,1,5.0,1,6.5,7.5,,,76.0,220.0,23.070058823529415,0.0,Notre Dame,2019.0,2019.0,BAL,93.0,,0.04
2019,2,00-0035703,M.Boykin,WR,BAL,ARI,0,0,0.0,0,0.0,0.0,0.0,0,0.0,0,3,1,11.0,0,1.1,2.1,,,76.0,220.0,23.070058823529415,0.0,Notre Dame,2019.0,2019.0,BAL,93.0,6.0,0.08571429
2019,3,00-0035703,M.Boykin,WR,BAL,KC,0,0,0.0,0,0.0,0.0,0.0,0,0.0,0,1,0,0.0,0,0.0,0.0,,,76.0,220.0,23.070058823529415,0.0,Notre Dame,2019.0,2019.0,BAL,93.0,,0.023255814
2019,4,00-0035703,M.Boykin,WR,BAL,CLE,0,0,0.0,0,0.0,0.0,0.0,0,0.0,0,3,3,32.0,1,9.2,12.2,,,76.0,220.0,23.070058823529415,0.0,Notre Dame,2019.0,2019.0,BAL,93.0,-15.0,0.09090909
2019,6,00-0035703,M.Boykin,WR,BAL,CIN,0,0,0.0,0,0.0,0.0,0.0,0,0.0,0,3,2,28.0,0,2.8,4.8,,,76.0,220.0,23.070058823529415,0.0,Notre Dame,2019.0,2019.0,BAL,93.0,6.0,0.10344828
2019,7,00-0035703,M.Boykin,WR,BAL,SEA,0,0,0.0,0,0.0,0.0,0.0,0,0.0,0,2,2,55.0,0,5.5,7.5,,,76.0,220.0,23.070058823529415,0.0,Notre Dame,2019.0,2019.0,BAL,93.0,,0.1
2019,9,00-0035703,M.Boykin,WR,BAL,NE,0,0,0.0,0,0.0,0.0,0.0,0,0.0,0,1,0,0.0,0,0.0,0.0,,,76.0,220.0,23.070058823529415,0.0,Notre Dame,2019.0,2019.0,BAL,93.0,17.0,0.04347826
2019,11,00-0035703,M.Boykin,WR,BAL,HOU,0,0,0.0,0,0.0,0.0,0.0,0,0.0,0,2,0,0.0,0,0.0,0.0,,,76.0,220.0,23.070058823529415,0.0,Notre Dame,2019.0,2019.0,BAL,93.0,34.0,0.074074075
2019,12,00-0035703,M.Boykin,WR,BAL,LA,0,0,0.0,0,0.0,0.0,0.0,0,0.0,0,2,2,54.0,0,5.4,7.4,,,76.0,220.0,23.070058823529415,0.0,Notre Dame,2019.0,2019.0,BAL,93.0,,0.09090909
2019,15,00-0035703,M.Boykin,WR,BAL,NYJ,0,0,0.0,0,0.0,0.0,0.0,0,0.0,0,1,1,5.0,1,6.5,7.5,,,76.0,220.0,23.070058823529415,0.0,Notre Dame,2019.0,2019.0,BAL,93.0,21.0,0.045454547
2019,16,00-0035703,M.Boykin,WR,BAL,CLE,0,0,0.0,0,0.0,0.0,0.0,0,0.0,0,1,1,8.0,0,0.8,1.8,,,76.0,220.0,23.070058823529415,0.0,Notre Dame,2019.0,2019.0,BAL,93.0,,0.033333335
2019,17,00-0035703,M.Boykin,WR,BAL,PIT,0,0,0.0,0,0.0,0.0,0.0,0,0.0,0,2,0,0.0,0,0.0,0.0,,,76.0,220.0,23.070058823529415,0.0,Notre Dame,2019.0,2019.0,BAL,93.0,18.0,0.1
2019,19,00-0035703,M.Boykin,WR,BAL,TEN,0,0,0.0,0,0.0,0.0,0.0,0,0.0,0,7,3,26.0,0,2.6,5.6,,,76.0,220.0,23.070058823529415,0.0,Notre Dame,2019.0,2019.0,BAL,93.0,-16.0,0.13207547
2019,13,00-0035704,D.Lock,QB,DEN,LAC,18,28,134.0,2,1.0,0.0,-0.0,3,15.0,0,0,0,0.0,0,12.86,12.86,,,76.0,228.0,22.97725,0.0,Missouri,2019.0,2019.0,DEN,42.0,3.0,
2019,14,00-0035704,D.Lock,QB,DEN,HOU,22,27,309.0,3,1.0,1.0,8.0,3,15.0,0,0,0,0.0,0,23.86,23.86,,,76.0,228.0,22.97725,0.0,Missouri,2019.0,2019.0,DEN,42.0,,
2019,15,00-0035704,D.Lock,QB,DEN,KC,18,40,208.0,0,1.0,2.0,9.0,2,3.0,0,0,0,0.0,0,6.62,6.62,,,76.0,228.0,22.97725,0.0,Missouri,2019.0,2019.0,DEN,42.0,,
2019,16,00-0035704,D.Lock,QB,DEN,DET,25,33,192.0,1,0.0,0.0,-0.0,4,10.0,0,0,0,0.0,0,12.68,12.68,,,76.0,228.0,22.97725,0.0,Missouri,2019.0,2019.0,DEN,42.0,10.0,
2019,17,00-0035704,D.Lock,QB,DEN,LV,17,28,177.0,1,0.0,2.0,9.0,6,29.0,0,0,0,0.0,0,11.98,11.98,,,76.0,228.0,22.97725,0.0,Missouri,2019.0,2019.0,DEN,42.0,1.0,
2019,1,00-0035710,D.Jones,QB,NYG,DAL,3,4,17.0,0,0.0,0.0,-0.0,1,5.0,0,0,0,0.0,0,-0.82,-0.82,,,77.0,220.0,22.434125,0.0,Duke,2019.0,2019.0,NYG,6.0,,
2019,3,00-0035710,D.Jones,QB,NYG,TB,23,36,336.0,2,0.0,5.0,24.0,4,28.0,2,0,0,0.0,0,34.24,34.24,,,77.0,220.0,22.434125,0.0,Duke,2019.0,2019.0,NYG,6.0,,
2019,4,00-0035710,D.Jones,QB,NYG,WAS,23,31,225.0,1,2.0,0.0,-0.0,5,33.0,0,0,0,0.0,0,12.3,12.3,,,77.0,220.0,22.434125,0.0,Duke,2019.0,2019.0,NYG,6.0,21.0,
2019,5,00-0035710,D.Jones,QB,NYG,MIN,21,38,182.0,1,1.0,4.0,35.0,3,12.0,0,0,0,0.0,0,10.48,10.48,,,77.0,220.0,22.434125,0.0,Duke,2019.0,2019.0,NYG,6.0,-18.0,
2019,6,00-0035710,D.Jones,QB,NYG,NE,15,31,161.0,1,3.0,1.0,-0.0,2,8.0,0,0,0,0.0,0,5.24,5.24,,,77.0,220.0,22.434125,0.0,Duke,2019.0,2019.0,NYG,6.0,,
2019,7,00-0035710,D.Jones,QB,NYG,ARI,22,35,223.0,1,1.0,8.0,67.0,4,35.0,0,0,0,0.0,0,10.42,10.42,,,77.0,220.0,22.434125,0.0,Duke,2019.0,2019.0,NYG,6.0,-6.0,
2019,8,00-0035710,D.Jones,QB,NYG,DET,28,41,322.0,4,0.0,3.0,32.0,4,13.0,0,0,0,0.0,0,28.18,28.18,,,77.0,220.0,22.434125,0.0,Duke,2019.0,2019.0,NYG,6.0,,
2019,9,00-0035710,D.Jones,QB,NYG,DAL,26,41,210.0,1,1.0,5.0,39.0,6,54.0,0,0,0,0.0,0,11.8,11.8,,,77.0,220.0,22.434125,0.0,Duke,2019.0,2019.0,NYG,6.0,-19.0,
2019,10,00-0035710,D.Jones,QB,NYG,NYJ,26,40,308.0,4,0.0,6.0,50.0,3,20.0,0,0,0,0.0,0,30.32,30.32,,,77.0,220.0,22.434125,0.0,Duke,2019.0,2019.0,NYG,6.0,,
2019,12,00-0035710,D.Jones,QB,NYG,CHI,21,36,150.0,2,0.0,1.0,16.0,2,27.0,0,0,0,0.0,0,14.7,14.7,,,77.0,220.0,22.434125,0.0,Duke,2019.0,2019.0,NYG,6.0,,
2019,13,00-0035710,D.Jones,QB,NYG,GB,20,37,240.0,1,3.0,0.0,-0.0,5,6.0,0,0,0,0.0,0,8.2,8.2,,,77.0,220.0,22.434125,0.0,Duke,2019.0,2019.0,NYG,6.0,-18.0,
2019,16,00-0035710,D.Jones,QB,NYG,WAS,28,42,352.0,5,0.0,1.0,6.0,3,12.0,0,0,0,0.0,0,35.28,35.28,,,77.0,220.0,22.434125,0.0,Duke,2019.0,2019.0,NYG,6.0,,
2019,17,00-0035710,D.Jones,QB,NYG,PHI,28,47,301.0,1,1.0,4.0,26.0,3,26.0,0,0,0,0.0,0,16.64,16.64,,,77.0,220.0,22.434125,0.0,Duke,2019.0,2019.0,NYG,6.0,-17.0,
2019,1,00-0035719,D.Samuel,WR,SF,TB,0,0,0.0,0,0.0,0.0,0.0,0,0.0,0,3,3,17.0,0,1.7,4.7,,,72.0,214.0,23.839052631578948,0.0,South Carolina,2019.0,2019.0,SF,36.0,,0.11111111
2019,2,00-0035719,D.Samuel,WR,SF,CIN,0,0,0.0,0,0.0,0.0,0.0,2,7.0,0,7,5,86.0,1,15.3,20.3,,,72.0,214.0,23.839052631578948,0.0,South Carolina,2019.0,2019.0,SF,36.0,,0.26923078
2019,3,00-0035719,D.Samuel,WR,SF,PIT,0,0,0.0,0,0.0,0.0,0.0,0,0.0,0,4,3,44.0,0,4.4,7.4,,,72.0,214.0,23.839052631578948,0.0,South Carolina,2019.0,2019.0,SF,36.0,4.0,0.12903225
2019,5,00-0035719,D.Samuel,WR,SF,CLE,0,0,0.0,0,0.0,0.0,0.0,0,0.0,0,3,1,3.0,0,0.3,1.3,,,72.0,214.0,23.839052631578948,0.0,South Carolina,2019.0,2019.0,SF,36.0,28.0,0.10714286
2019,6,00-0035719,D.Samuel,WR,SF,LA,0,0,0.0,0,0.0,0.0,0.0,1,1.0,0,5,3,18.0,0,1.9,4.9,,,72.0,214.0,23.839052631578948,0.0,South Carolina,2019.0,2019.0,SF,36.0,,0.16129032
2019,8,00-0035719,D.Samuel,WR,SF,CAR,0,0,0.0,0,0.0,0.0,0.0,2,29.0,1,3,3,19.0,0,10.8,13.8,,,72.0,214.0,23.839052631578948,0.0,South Carolina,2019.0,2019.0,SF,36.0,38.0,0.13636364
2019,9,00-0035719,D.Samuel,WR,SF,ARI,0,0,0.0,0,0.0,0.0,0.0,0,0.0,0,7,4,40.0,0,4.0,8.0,,,72.0,214.0,23.839052631578948,0.0,South Carolina,2019.0,2019.0,SF,36.0,,0.1891892
2019,10,00-0035719,D.Samuel,WR,SF,SEA,0,0,0.0,0,0.0,0.0,0.0,0,0.0,0,11,8,112.0,0,11.2,19.2,,,72.0,214.0,23.839052631578948,0.0,South Carolina,2019.0,2019.0,SF,36.0,-3.0,0.25
2019,11,00-0035719,D.Samuel,WR,SF,ARI,0,0,0.0,0,0.0,0.0,0.0,0,0.0,0,10,8,134.0,0,13.4,21.4,,,72.0,214.0,23.839052631578948,0.0,South Carolina,2019.0,2019.0,SF,36.0,10.0,0.22727273
2019,12,00-0035719,D.Samuel,WR,SF,GB,0,0,0.0,0,0.0,0.0,0.0,0,0.0,0,2,2,50.0,1,11.0,13.0,,,72.0,214.0,23.839052631578948,0.0,South Carolina,2019.0,2019.0,SF,36.0,29.0,0.10526316
2019,13,00-0035719,D.Samuel,WR,SF,BAL,0,0,0.0,0,0.0,0.0,0.0,1,20.0,0,4,2,41.0,1,12.1,14.1,,,72.0,214.0,23.839052631578948,0.0,South Carolina,2019.0,2019.0,SF,36.0,,0.1904762
2019,14,00-0035719,D.Samuel,WR,SF,NO,0,0,0.0,0,0.0,0.0,0.0,2,33.0,0,8,5,76.0,0,10.9,15.9,,,72.0,214.0,23.839052631578948,0.0,South Carolina,2019.0,2019.0,SF,36.0,,0.22857143
2019,15,00-0035719,D.Samuel,WR,SF,ATL,0,0,0.0,0,0.0,0.0,0.0,1,8.0,0,3,1,29.0,0,3.7,4.7,,,72.0,214.0,23.839052631578948,0.0,South Carolina,2019.0,2019.0,SF,36.0,-7.0,0.09090909
2019,16,00-0035719,D.Samuel,WR,SF,LA,0,0,0.0,0,0.0,0.0,0.0,3,28.0,1,6,4,31.0,0,11.9,15.9,,,72.0,214.0,23.839052631578948,0.0,South Carolina,2019.0,2019.0,SF,36.0,3.0,0.22222222
2019,17,00-0035719,D.Samuel,WR,SF,SEA,0,0,0.0,0,0.0,0.0,0.0,2,33.0,1,5,5,102.0,0,19.5,24.5,,,72.0,214.0,23.839052631578948,0.0,South Carolina,2019.0,2019.0,SF,36.0,,0.22727273
2019,19,00-0035719,D.Samuel,WR,SF,MIN,0,0,0.0,0,0.0,0.0,0.0,1,6.0,0,6,3,42.0,0,4.8,7.8,,,72.0,214.0,23.839052631578948,0.0,South Carolina,2019.0,2019.0,SF,36.0,17.0,0.33333334
2019,20,00-0035719,D.Samuel,WR,SF,GB,0,0,0.0,0,0.0,0.0,0.0,2,43.0,0,3,2,46.0,0,8.9,10.9,,,72.0,214.0,23.839052631578948,0.0,South Carolina,2019.0,2019.0,SF,36.0,17.0,0.375
2019,21,00-0035719,D.Samuel,WR,SF,KC,0,0,0.0,0,0.0,0.0,0.0,3,53.0,0,9,5,39.0,0,9.2,14.2,,,72.0,214.0,23.839052631578948,0.0,South Carolina,2019.0,2019.0,SF,36.0,,0.29032257
2019,5,00-0035726,J.Johnson,FB,NE,WAS,0,0,0.0,0,0.0,0.0,0.0,0,0.0,0,2,1,5.0,0,0.5,1.5,,,75.0,255.0,24.892764705882353,0.0,Tennessee,2019.0,2019.0,,,,0.05
2020,1,00-0019596,T.Brady,QB,TB,NO,23,36,239.0,2,2.0,3.0,15.0,3,9.0,1,0,0,0.0,0,20.46,20.46,,,76.0,225.0,43.30315,20.0,Michigan,2000.0,2000.0,NE,199.0,,
2020,2,00-0019596,T.Brady,QB,TB,CAR,23,35,217.0,1,1.0,0.0,-0.0,1,0.0,0,0,0,0.0,0,8.68,8.68,,,76.0,225.0,43.30315,20.0,Michigan,2000.0,2000.0,NE,199.0,14.0,
2020,3,00-0019596,T.Brady,QB,TB,DEN,25,38,297.0,3,0.0,2.0,12.0,5,0.0,0,0,0,0.0,0,23.88,23.88,,,76.0,225.0,43.30315,20.0,Michigan,2000.0,2000.0,NE,199.0,,
2020,4,00-0019596,T.Brady,QB,TB,LAC,30,46,369.0,5,1.0,0.0,-0.0,3,-3.0,0,0,0,0.0,0,32.46,32.46,,,76.0,225.0,43.30315,20.0,Michigan,2000.0,2000.0,NE,199.0,7.0,
2020,5,00-0019596,T.Brady,QB,TB,CHI,25,41,253.0,1,0.0,3.0,20.0,3,0.0,0,0,0,0.0,0,14.12,14.12,,,76.0,225.0,43.30315,20.0,Michigan,2000.0,2000.0,NE,199.0,,
2020,6,00-0019596,T.Brady,QB,TB,GB,17,27,166.0,2,0.0,0.0,-0.0,0,0.0,0,0,0,0.0,0,14.64,14.64,,,76.0,225.0,43.30315,20.0,Michigan,2000.0,2000.0,NE,199.0,28.0,
2020,7,00-0019596,T.Brady,QB,TB,LV,33,45,369.0,4,0.0,0.0,-0.0,1,1.0,1,0,0,0.0,0,36.86,36.86,,,76.0,225.0,43.30315,20.0,Michigan,2000.0,2000.0,NE,199.0,,
2020,8,00-0019596,T.Brady,QB,TB,NYG,28,40,279.0,2,0.0,2.0,16.0,1,-1.0,0,0,0,0.0,0,19.06,19.06,,,76.0,225.0,43.30315,20.0,Michigan,2000.0,2000.0,NE,199.0,,
2020,9,00-0019596,T.Brady,QB,TB,NO,22,38,209.0,0,3.0,3.0,23.0,0,0.0,0,0,0,0.0,0,2.36,2.36,,,76.0,225.0,43.30315,20.0,Michigan,2000.0,2000.0,NE,199.0,-35.0,
2020,10,00-0019596,T.Brady,QB,TB,CAR,28,39,341.0,3,0.0,1.0,7.0,2,2.0,1,0,0,0.0,0,31.84,31.84,,,76.0,225.0,43.30315,20.0,Michigan,2000.0,2000.0,NE,199.0,,
2020,11,00-0019596,T.Brady,QB,TB,LA,26,48,216.0,2,2.0,1.0,7.0,0,0.0,0,0,0,0.0,0,12.64,12.64,,,76.0,225.0,43.30315,20.0,Michigan,2000.0,2000.0,NE,199.0,-3.0,
2020,12,00-0019596,T.Brady,QB,TB,KC,27,41,345.0,3,2.0,1.0,3.0,1,-1.0,0,0,0,0.0,0,21.7,21.7,,,76.0,225.0,43.30315,20.0,Michigan,2000.0,2000.0,NE,199.0,-3.0,
2020,14,00-0019596,T.Brady,QB,TB,MIN,15,23,196.0,2,0.0,0.0,-0.0,3,-2.0,0,0,0,0.0,0,15.64,15.64,,,76.0,225.0,43.30315,20.0,Michigan,2000.0,2000.0,NE,199.0,12.0,
2020,15,00-0019596,T.Brady,QB,TB,ATL,31,45,390.0,2,0.0,3.0,25.0,2,-2.0,0,0,0,0.0,0,23.4,23.4,,,76.0,225.0,43.30315,20.0,Michigan,2000.0,2000.0,NE,199.0,,
2020,16,00-0019596,T.Brady,QB,TB,DET,22,27,348.0,4,0.0,1.0,7.0,0,0.0,0,0,0,0.0,0,29.92,29.92,,,76.0,225.0,43.30315,20.0,Michigan,2000.0,2000.0,NE,199.0,,
2020,17,00-0019596,T.Brady,QB,TB,ATL,26,41,399.0,4,1.0,1.0,8.0,5,3.0,0,0,0,0.0,0,30.26,30.26,,,76.0,225.0,43.30315,20.0,Michigan,2000.0,2000.0,NE,199.0,17.0,
2020,18,00-0019596,T.Brady,QB,TB,WAS,22,40,381.0,2,0.0,3.0,16.0,3,-2.0,0,0,0,0.0,0,23.04,23.04,,,76.0,225.0,43.30315,20.0,Michigan,2000.0,2000.0,NE,199.0,,
2020,19,00-0019596,T.Brady,QB,TB,NO,18,33,199.0,2,0.0,1.0,10.0,5,2.0,1,0,0,0.0,0,22.16,22.16,,,76.0,225.0,43.30315,20.0,Michigan,2000.0,2000.0,NE,199.0,,
2020,20,00-0019596,T.Brady,QB,TB,GB,20,36,280.0,3,3.0,1.0,5.0,1,-1.0,0,0,0,0.0,0,17.1,17.1,,,76.0,225.0,43.30315,20.0,Michigan,2000.0,2000.0,NE,199.0,,
2020,21,00-0019596,T.Brady,QB,TB,KC,21,29,201.0,3,0.0,1.0,6.0,4,-2.0,0,0,0,0.0,0,19.84,19.84,,,76.0,225.0,43.30315,20.0,Michigan,2000.0,2000.0,NE,199.0,22.0,
2020,1,00-0020531,D.Brees,QB,NO,TB,18,30,160.0,2,0.0,1.0,9.0,2,0.0,0,0,0,0.0,0,14.4,14.4,,,72.0,209.0,41.83866666666667,19.0,Purdue,2001.0,2001.0,SD,32.0,11.0,
2020,2,00-0020531,D.Brees,QB,NO,LV,26,38,312.0,1,1.0,0.0,-0.0,0,0.0,0,0,0,0.0,0,14.48,14.48,,,72.0,209.0,41.83866666666667,19.0,Purdue,2001.0,2001.0,SD,32.0,,
2020,3,00-0020531,D.Brees,QB,NO,GB,29,36,288.0,3,0.0,2.0,13.0,0,0.0,0,0,0,0.0,0,23.52,23.52,,,72.0,209.0,41.83866666666667,19.0,Purdue,2001.0,2001.0,SD,32.0,-7.0,
2020,4,00-0020531,D.Brees,QB,NO,DET,19,25,246.0,2,1.0,2.0,18.0,3,-3.0,0,0,0,0.0,0,15.54,15.54,,,72.0,209.0,41.83866666666667,19.0,Purdue,2001.0,2001.0,SD,32.0,,
2020,5,00-0020531,D.Brees,QB,NO,LAC,33,47,325.0,1,1.0,2.0,12.0,1,1.0,1,0,0,0.0,0,21.1,21.1,,,72.0,209.0,41.83866666666667,19.0,Purdue,2001.0,2001.0,SD,32.0,3.0,
2020,7,00-0020531,D.Brees,QB,NO,CAR,29,36,287.0,2,0.0,1.0,10.0,3,2.0,1,0,0,0.0,0,23.68,23.68,,,72.0,209.0,41.83866666666667,19.0,Purdue,2001.0,2001.0,SD,32.0,3.0,
2020,8,00-0020531,D.Brees,QB,NO,CHI,31,41,280.0,2,0.0,1.0,8.0,3,4.0,0,0,0,0.0,0,19.6,19.6,,,72.0,209.0,41.83866666666667,19.0,Purdue,2001.0,2001.0,SD,32.0,,
2020,9,00-0020531,D.Brees,QB,NO,TB,26,32,222.0,4,0.0,1.0,-0.0,2,-2.0,0,0,0,0.0,0,22.68,22.68,,,72.0,209.0,41.83866666666667,19.0,Purdue,2001.0,2001.0,SD,32.0,,
2020,10,00-0020531,D.Brees,QB,NO,SF,8,13,76.0,1,0.0,0.0,-0.0,1,-1.0,0,0,0,0.0,0,6.94,6.94,,,72.0,209.0,41.83866666666667,19.0,Purdue,2001.0,2001.0,SD,32.0,14.0,
2020,15,00-0020531,D.Brees,QB,NO,KC,15,34,234.0,3,1.0,1.0,9.0,0,0.0,0,0,0,0.0,0,19.36,19.36,,,72.0,209.0,41.83866666666667,19.0,Purdue,2001.0,2001.0,SD,32.0,-3.0,
2020,16,00-0020531,D.Brees,QB,NO,MIN,19,26,311.0,0,2.0,0.0,-0.0,3,-3.0,0,0,0,0.0,0,8.14,8.14,,,72.0,209.0,41.83866666666667,19.0,Purdue,2001.0,2001.0,SD,32.0,19.0,
2020,17,00-0020531,D.Brees,QB,NO,CAR,22,32,201.0,3,0.0,2.0,10.0,0,0.0,0,0,0,0.0,0,20.04,20.04,,,72.0,209.0,41.83866666666667,19.0,Purdue,2001.0,2001.0,SD,32.0,,
2020,18,00-0020531,D.Brees,QB,NO,CHI,28,39,265.0,2,0.0,0.0,-0.0,3,2.0,0,0,0,0.0,0,18.8,18.8,,,72.0,209.0,41.83866666666667,19.0,Purdue,2001.0,2001.0,SD,32.0,12.0,
2020,19,00-0020531,D.Brees,QB,NO,TB,19,34,134.0,1,3.0,0.0,-0.0,2,3.0,0,0,0,0.0,0,3.66,3.66,,,72.0,209.0,41.83866666666667,19.0,Purdue,2001.0,2001.0,SD,32.0,-10.0,
2020,1,00-0022127,J.Witten,TE,LV,CAR,0,0,0.0,0,0.0,0.0,0.0,0,0.0,0,1,1,2.0,0,0.2,1.2,,,78.0,263.0,38.513625,17.0,Tennessee,2003.0,2003.0,DAL,69.0,,0.035714287
2020,2,00-0022127,J.Witten,TE,LV,NO,0,0,0.0,0,0.0,0.0,0.0,0,0.0,0,1,1,3.0,0,0.3,1.3,,,78.0,263.0,38.513625,17.0,Tennessee,2003.0,2003.0,DAL,69.0,10.0,0.029411765
2020,4,00-0022127,J.Witten,TE,LV,BUF,0,0,0.0,0,0.0,0.0,0.0,0,0.0,0,2,2,18.0,1,7.8,9.8,,,78.0,263.0,38.513625,17.0,Tennessee,2003.0,2003.0,DAL,69.0,-7.0,0.046511628
2020,5,00-0022127,J.Witten,TE,LV,KC,0,0,0.0,0,0.0,0.0,0.0,0,0.0,0,2,2,6.0,0,0.6,2.6,,,78.0,263.0,38.513625,17.0,Tennessee,2003.0,2003.0,DAL,69.0,,0.06451613
2020,7,00-0022127,J.Witten,TE,LV,TB,0,0,0.0,0,0.0,0.0,0.0,0,0.0,0,1,1,6.0,0,0.6,1.6,,,78.0,263.0,38.513625,17.0,Tennessee,2003.0,2003.0,DAL,69.0,-25.0,0.027777778
2020,8,00-0022127,J.Witten,TE,LV,CLE,0,0,0.0,0,0.0,0.0,0.0,0,0.0,0,2,2,21.0,0,2.1,4.1,,,78.0,263.0,38.513625,17.0,Tennessee,2003.0,2003.0,DAL,69.0,,0.09090909
2020,9,00-0022127,J.Witten,TE,LV,LAC,0,0,0.0,0,0.0,0.0,0.0,0,0.0,0,1,1,0.0,0,0.0,1.0,,,78.0,263.0,38.513625,17.0,Tennessee,2003.0,2003.0,DAL,69.0,,0.04347826
2020,11,00-0022127,J.Witten,TE,LV,KC,0,0,0.0,0,0.0,0.0,0.0,0,0.0,0,1,1,1.0,1,6.1,7.1,,,78.0,263.0,38.513625,17.0,Tennessee,2003.0,2003.0,DAL,69.0,-4.0,0.03448276
2020,13,00-0022127,J.Witten,TE,LV,NYJ,0,0,0.0,0,0.0,0.0,0.0,0,0.0,0,1,0,0.0,0,0.0,0.0,,,78.0,263.0,38.513625,17.0,Tennessee,2003.0,2003.0,DAL,69.0,,0.02173913
2020,16,00-0022127,J.Witten,TE,LV,MIA,0,0,0.0,0,0.0,0.0,0.0,0,0.0,0,5,2,12.0,0,1.2,3.2,,,78.0,263.0,38.513625,17.0,Tennessee,2003.0,2003.0,DAL,69.0,-1.0,0.16666667
2020,12,00-0022787,M.Schaub,QB,ATL,LV,0,0,0.0,0,0.0,0.0,0.0,3,-4.0,0,0,0,0.0,0,-0.4,-0.4,,,78.0,245.0,39.3715625,16.0,Virginia,2004.0,2004.0,ATL,90.0,37.0,
2020,15,00-0022824,A.Lee,P,ARI,PHI,1,1,26.0,0,0.0,0.0,-0.0,0,0.0,0,0,0,0.0,0,1.04,1.04,,,73.0,185.0,38.2456875,16.0,Pittsburgh,2004.0,2004.0,SF,188.0,7.0,
2020,1,00-0022921,L.Fitzgerald,WR,ARI,SF,0,0,0.0,0,0.0,0.0,0.0,0,0.0,0,5,4,34.0,0,3.4,7.4,,,75.0,218.0,37.191625,16.0,Pittsburgh,2004.0,2004.0,ARI,3.0,,0.13513513
2020,2,00-0022921,L.Fitzgerald,WR,ARI,WAS,0,0,0.0,0,0.0,0.0,0.0,0,0.0,0,7,7,50.0,0,5.0,12.0,,,75.0,218.0,37.191625,16.0,Pittsburgh,2004.0,2004.0,ARI,3.0,15.0,0.20588236
2020,3,00-0022921,L.Fitzgerald,WR,ARI,DET,0,0,0.0,0,0.0,0.0,0.0,0,0.0,0,3,1,0.0,0,0.0,1.0,,,75.0,218.0,37.191625,16.0,Pittsburgh,2004.0,2004.0,ARI,3.0,-3.0,0.09090909
2020,4,00-0022921,L.Fitzgerald,WR,ARI,CAR,0,0,0.0,0,0.0,0.0,0.0,0,0.0,0,3,2,4.0,0,0.4,2.4,,,75.0,218.0,37.191625,16.0,Pittsburgh,2004.0,2004.0,ARI,3.0,,0.09677419
2020,5,00-0022921,L.Fitzgerald,WR,ARI,NYJ,0,0,0.0,0,0.0,0.0,0.0,0,0.0,0,7,4,35.0,0,3.5,7.5,,,75.0,218.0,37.191625,16.0,Pittsburgh,2004.0,2004.0,ARI,3.0,,0.2
2020,6,00-0022921,L.Fitzgerald,WR,ARI,DAL,0,0,0.0,0,0.0,0.0,0.0,0,0.0,0,4,3,22.0,0,2.2,5.2,,,75.0,218.0,37.191625,16.0,Pittsburgh,2004.0,2004.0,ARI,3.0,,0.18181819
2020,7,00-0022921,L.Fitzgerald,WR,ARI,SEA,0,0,0.0,0,0.0,0.0,0.0,0,0.0,0,8,8,62.0,0,6.2,14.2,,,75.0,218.0,37.191625,16.0,Pittsburgh,2004.0,2004.0,ARI,3.0,3.0,0.18181819
2020,9,00-0022921,L.Fitzgerald,WR,ARI,MIA,0,0,0.0,0,0.0,0.0,0.0,0,0.0,0,5,4,54.0,0,5.4,9.4,,,75.0,218.0,37.191625,16.0,Pittsburgh,2004.0,2004.0,ARI,3.0,-3.0,0.1923077
2020,10,00-0022921,L.Fitzgerald,WR,ARI,BUF,0,0,0.0,0,0.0,0.0,0.0,0,0.0,0,5,2,13.0,0,1.3,3.3,,,75.0,218.0,37.191625,16.0,Pittsburgh,2004.0,2004.0,ARI,3.0,2.0,0.15625
2020,11,00-0022921,L.Fitzgerald,WR,ARI,SEA,0,0,0.0,0,0.0,0.0,0.0,0,0.0,0,10,8,62.0,0,6.2,14.2,,,75.0,218.0,37.191625,16.0,Pittsburgh,2004.0,2004.0,ARI,3.0,,0.25641027
2020,14,00-0022921,L.Fitzgerald,WR,ARI,NYG,0,0,0.0,0,0.0,0.0,0.0,0,0.0,0,3,2,10.0,0,1.0,3.0,,,75.0,218.0,37.191625,16.0,Pittsburgh,2004.0,2004.0,ARI,3.0,,0.09375
2020,15,00-0022921,L.Fitzgerald,WR,ARI,PHI,0,0,0.0,0,0.0,0.0,0.0,0,0.0,0,4,3,35.0,1,9.5,12.5,,,75.0,218.0,37.191625,16.0,Pittsburgh,2004.0,2004.0,ARI,3.0,7.0,0.10810811
2020,16,00-0022921,L.Fitzgerald,WR,ARI,SF,0,0,0.0,0,0.0,0.0,0.0,0,0.0,0,8,6,28.0,0,2.8,8.8,,,75.0,218.0,37.191625,16.0,Pittsburgh,2004.0,2004.0,ARI,3.0,-8.0,0.17391305
2020,1,00-0022924,B.Roethlisberger,QB,PIT,NYG,21,32,229.0,3,0.0,2.0,21.0,3,9.0,0,0,0,0.0,0,22.06,22.06,,,77.0,240.0,38.70529411764706,16.0,"Miami, O.",2004.0,2004.0,PIT,11.0,,
2020,2,00-0022924,B.Roethlisberger,QB,PIT,DEN,29,41,311.0,2,1.0,1.0,10.0,3,-2.0,0,0,0,0.0,0,18.24,18.24,,,77.0,240.0,38.70529411764706,16.0,"Miami, O.",2004.0,2004.0,PIT,11.0,5.0,
2020,3,00-0022924,B.Roethlisberger,QB,PIT,HOU,23,36,237.0,2,0.0,2.0,19.0,5,-3.0,0,0,0,0.0,0,19.18,19.18,,,77.0,240.0,38.70529411764706,16.0,"Miami, O.",2004.0,2004.0,PIT,11.0,7.0,
2020,5,00-0022924,B.Roethlisberger,QB,PIT,PHI,27,34,239.0,3,0.0,1.0,8.0,2,-2.0,0,0,0,0.0,0,21.36,21.36,,,77.0,240.0,38.70529411764706,16.0,"Miami, O.",2004.0,2004.0,PIT,11.0,9.0,
2020,6,00-0022924,B.Roethlisberger,QB,PIT,CLE,14,22,162.0,1,0.0,2.0,20.0,3,5.0,0,0,0,0.0,0,10.98,10.98,,,77.0,240.0,38.70529411764706,16.0,"Miami, O.",2004.0,2004.0,PIT,11.0,31.0,
2020,7,00-0022924,B.Roethlisberger,QB,PIT,TEN,32,49,268.0,2,3.0,0.0,-0.0,1,-1.0,0,0,0,0.0,0,12.62,12.62,,,77.0,240.0,38.70529411764706,16.0,"Miami, O.",2004.0,2004.0,PIT,11.0,,
2020,8,00-0022924,B.Roethlisberger,QB,PIT,BAL,21,32,182.0,2,0.0,2.0,9.0,0,0.0,0,0,0,0.0,0,15.28,15.28,,,77.0,240.0,38.70529411764706,16.0,"Miami, O.",2004.0,2004.0,PIT,11.0,,
2020,9,00-0022924,B.Roethlisberger,QB,PIT,DAL,29,42,306.0,3,0.0,0.0,-0.0,1,8.0,0,0,0,0.0,0,25.04,25.04,,,77.0,240.0,38.70529411764706,16.0,"Miami, O.",2004.0,2004.0,PIT,11.0,,
2020,10,00-0022924,B.Roethlisberger,QB,PIT,CIN,27,46,333.0,4,0.0,0.0,-0.0,1,0.0,0,0,0,0.0,0,29.32,29.32,,,77.0,240.0,38.70529411764706,16.0,"Miami, O.",2004.0,2004.0,PIT,11.0,26.0,
2020,11,00-0022924,B.Roethlisberger,QB,PIT,JAX,32,46,267.0,2,1.0,0.0,-0.0,0,0.0,0,0,0,0.0,0,16.68,16.68,,,77.0,240.0,38.70529411764706,16.0,"Miami, O.",2004.0,2004.0,PIT,11.0,,
2020,12,00-0022924,B.Roethlisberger,QB,PIT,BAL,36,51,266.0,1,1.0,0.0,-0.0,1,-1.0,0,0,0,0.0,0,12.54,12.54,,,77.0,240.0,38.70529411764706,16.0,"Miami, O.",2004.0,2004.0,PIT,11.0,5.0,
2020,13,00-0022924,B.Roethlisberger,QB,PIT,WAS,33,53,305.0,2,1.0,0.0,-0.0,1,0.0,0,0,0,0.0,0,18.2,18.2,,,77.0,240.0,38.70529411764706,16.0,"Miami, O.",2004.0,2004.0,PIT,11.0,-6.0,
2020,14,00-0022924,B.Roethlisberger,QB,PIT,BUF,21,37,187.0,2,2.0,1.0,10.0,0,0.0,0,0,0,0.0,0,13.48,13.48,,,77.0,240.0,38.70529411764706,16.0,"Miami, O.",2004.0,2004.0,PIT,11.0,,
2020,15,00-0022924,B.Roethlisberger,QB,PIT,CIN,20,38,170.0,1,1.0,1.0,12.0,2,-1.0,0,0,0,0.0,0,6.7,6.7,,,77.0,240.0,38.70529411764706,16.0,"Miami, O.",2004.0,2004.0,PIT,11.0,,
2020,16,00-0022924,B.Roethlisberger,QB,PIT,IND,34,49,341.0,3,0.0,1.0,9.0,2,-1.0,0,0,0,0.0,0,25.54,25.54,,,77.0,240.0,38.70529411764706,16.0,"Miami, O.",2004.0,2004.0,PIT,11.0,4.0,
2020,18,00-0022924,B.Roethlisberger,QB,PIT,CLE,47,68,501.0,4,4.0,0.0,-0.0,1,0.0,0,0,0,0.0,0,30.04,30.04,,,77.0,240.0,38.70529411764706,16.0,"Miami, O.",2004.0,2004.0,PIT,11.0,-11.0,
2020,1,00-0022942,P.Rivers,QB,IND,JAX,36,46,363.0,1,2.0,0.0,-0.0,1,3.0,0,0,0,0.0,0,14.82,14.82,,,77.0,228.0,38.93035294117647,16.0,North Carolina State,2004.0,2004.0,NYG,4.0,,
2020,2,00-0022942,P.Rivers,QB,IND,MIN,19,25,214.0,1,1.0,2.0,11.0,4,3.0,0,0,0,0.0,0,10.86,10.86,,,77.0,228.0,38.93035294117647,16.0,North Carolina State,2004.0,2004.0,NYG,4.0,17.0,
2020,3,00-0022942,P.Rivers,QB,IND,NYJ,17,21,217.0,1,0.0,0.0,-0.0,0,0.0,0,0,0,0.0,0,12.68,12.68,,,77.0,228.0,38.93035294117647,16.0,North Carolina State,2004.0,2004.0,NYG,4.0,29.0,
2020,4,00-0022942,P.Rivers,QB,IND,CHI,16,29,190.0,1,0.0,1.0,4.0,3,-4.0,0,0,0,0.0,0,11.2,11.2,,,77.0,228.0,38.93035294117647,16.0,North Carolina State,2004.0,2004.0,NYG,4.0,,
2020,5,00-0022942,P.Rivers,QB,IND,CLE,21,33,243.0,0,2.0,1.0,3.0,1,-1.0,0,0,0,0.0,0,5.62,5.62,,,77.0,228.0,38.93035294117647,16.0,North Carolina State,2004.0,2004.0,NYG,4.0,,
2020,6,00-0022942,P.Rivers,QB,IND,CIN,29,44,371.0,3,1.0,1.0,-0.0,1,-1.0,0,0,0,0.0,0,24.74,24.74,,,77.0,228.0,38.93035294117647,16.0,North Carolina State,2004.0,2004.0,NYG,4.0,4.0,
2020,8,00-0022942,P.Rivers,QB,IND,DET,23,33,262.0,3,0.0,2.0,15.0,2,-2.0,0,0,0,0.0,0,22.28,22.28,,,77.0,228.0,38.93035294117647,16.0,North Carolina State,2004.0,2004.0,NYG,4.0,,
2020,9,00-0022942,P.Rivers,QB,IND,BAL,25,43,227.0,0,1.0,0.0,-0.0,0,0.0,0,0,0,0.0,0,7.08,7.08,,,77.0,228.0,38.93035294117647,16.0,North Carolina State,2004.0,2004.0,NYG,4.0,-14.0,
2020,10,00-0022942,P.Rivers,QB,IND,TEN,29,39,308.0,1,0.0,1.0,11.0,0,0.0,0,0,0,0.0,0,16.32,16.32,,,77.0,228.0,38.93035294117647,16.0,North Carolina State,2004.0,2004.0,NYG,4.0,,
2020,11,00-0022942,P.Rivers,QB,IND,GB,24,36,288.0,3,1.0,1.0,8.0,1,-1.0,0,0,0,0.0,0,21.42,21.42,,,77.0,228.0,38.93035294117647,16.0,North Carolina State,2004.0,2004.0,NYG,4.0,3.0,
2020,12,00-0022942,P.Rivers,QB,IND,TEN,24,42,295.0,2,1.0,1.0,6.0,0,0.0,0,0,0,0.0,0,17.8,17.8,,,77.0,228.0,38.93035294117647,16.0,North Carolina State,2004.0,2004.0,NYG,4.0,-19.0,
2020,13,00-0022942,P.Rivers,QB,IND,HOU,27,35,285.0,2,0.0,3.0,23.0,2,-2.0,0,0,0,0.0,0,19.2,19.2,,,77.0,228.0,38.93035294117647,16.0,North Carolina State,2004.0,2004.0,NYG,4.0,,
2020,14,00-0022942,P.Rivers,QB,IND,LV,19,28,244.0,2,0.0,0.0,-0.0,0,0.0,0,0,0,0.0,0,17.76,17.76,,,77.0,228.0,38.93035294117647,16.0,North Carolina State,2004.0,2004.0,NYG,4.0,,
2020,15,00-0022942,P.Rivers,QB,IND,HOU,22,28,228.0,2,0.0,1.0,5.0,1,-1.0,0,0,0,0.0,0,17.02,17.02,,,77.0,228.0,38.93035294117647,16.0,North Carolina State,2004.0,2004.0,NYG,4.0,7.0,
2020,16,00-0022942,P.Rivers,QB,IND,PIT,21,34,270.0,1,1.0,5.0,32.0,0,0.0,0,0,0,0.0,0,10.8,10.8,,,77.0,228.0,38.93035294117647,16.0,North Carolina State,2004.0,2004.0,NYG,4.0,,
2020,17,00-0022942,P.Rivers,QB,IND,JAX,17,27,164.0,1,1.0,0.0,-0.0,2,-2.0,0,0,0,0.0,0,10.36,10.36,,,77.0,228.0,38.93035294117647,16.0,North Carolina State,2004.0,2004.0,NYG,4.0,14.0,
2020,18,00-0022942,P.Rivers,QB,IND,BUF,27,46,309.0,2,0.0,0.0,-0.0,1,-1.0,0,0,0,0.0,0,22.26,22.26,,,77.0,228.0,38.93035294117647,16.0,North Carolina State,2004.0,2004.0,NYG,4.0,,
2020,5,00-0023436,A.Smith,QB,WAS,LA,9,17,37.0,0,0.0,6.0,31.0,1,1.0,0,0,0,0.0,0,1.58,1.58,,,76.0,213.0,36.51735294117647,15.0,Utah,2005.0,2005.0,SF,1.0,-20.0,
2020,9,00-0023436,A.Smith,QB,WAS,NYG,24,32,325.0,1,3.0,2.0,22.0,0,0.0,0,0,0,0.0,0,11.0,11.0,,,76.0,213.0,36.51735294117647,15.0,Utah,2005.0,2005.0,SF,1.0,-3.0,
2020,10,00-0023436,A.Smith,QB,WAS,DET,38,55,390.0,0,0.0,2.0,15.0,2,4.0,0,0,0,0.0,0,16.0,16.0,,,76.0,213.0,36.51735294117647,15.0,Utah,2005.0,2005.0,SF,1.0,,
2020,11,00-0023436,A.Smith,QB,WAS,CIN,17,25,166.0,1,1.0,2.0,5.0,3,-3.0,0,0,0,0.0,0,8.34,8.34,,,76.0,213.0,36.51735294117647,15.0,Utah,2005.0,2005.0,SF,1.0,11.0,
2020,12,00-0023436,A.Smith,QB,WAS,DAL,19,26,149.0,1,1.0,3.0,21.0,3,1.0,0,0,0,0.0,0,8.06,8.06,,,76.0,213.0,36.51735294117647,15.0,Utah,2005.0,2005.0,SF,1.0,,
2020,13,00-0023436,A.Smith,QB,WAS,PIT,31,46,296.0,1,0.0,3.0,23.0,0,0.0,0,0,0,0.0,0,15.84,15.84,,,76.0,213.0,36.51735294117647,15.0,Utah,2005.0,2005.0,SF,1.0,,
2020,14,00-0023436,A.Smith,QB,WAS,SF,8,19,57.0,0,1.0,1.0,5.0,0,0.0,0,0,0,0.0,0,0.28,0.28,,,76.0,213.0,36.51735294117647,15.0,Utah,2005.0,2005.0,SF,1.0,,
2020,17,00-0023436,A.Smith,QB,WAS,PHI,22,32,162.0,2,2.0,3.0,17.0,1,0.0,0,0,0,0.0,0,10.48,10.48,,,76.0,213.0,36.51735294117647,15.0,Utah,2005.0,2005.0,SF,1.0,,
2020,1,00-0023459,A.Rodgers,QB,GB,MIN,32,44,364.0,4,0.0,0.0,-0.0,1,2.0,0,0,0,0.0,0,30.76,30.76,,,74.0,225.0,36.96233333333333,15.0,California,2005.0,2005.0,GB,24.0,,
2020,2,00-0023459,A.Rodgers,QB,GB,DET,18,30,240.0,2,0.0,1.0,11.0,2,12.0,0,1,1,-6.0,0,18.2,19.2,,,74.0,225.0,36.96233333333333,15.0,California,2005.0,2005.0,GB,24.0,21.0,0.033333335
2020,3,00-0023459,A.Rodgers,QB,GB,NO,21,32,283.0,3,0.0,1.0,12.0,2,12.0,0,0,0,0.0,0,24.52,24.52,,,74.0,225.0,36.96233333333333,15.0,California,2005.0,2005.0,GB,24.0,,
2020,4,00-0023459,A.Rodgers,QB,GB,ATL,27,33,327.0,4,0.0,1.0,12.0,1,5.0,0,0,0,0.0,0,29.58,29.58,,,74.0,225.0,36.96233333333333,15.0,California,2005.0,2005.0,GB,24.0,14.0,
2020,6,00-0023459,A.Rodgers,QB,GB,TB,16,35,160.0,0,2.0,4.0,42.0,2,14.0,0,0,0,0.0,0,3.8,3.8,,,74.0,225.0,36.96233333333333,15.0,California,2005.0,2005.0,GB,24.0,,
2020,7,00-0023459,A.Rodgers,QB,GB,HOU,23,34,283.0,4,0.0,0.0,-0.0,0,0.0,0,0,0,0.0,0,27.32,27.32,,,74.0,225.0,36.96233333333333,15.0,California,2005.0,2005.0,GB,24.0,,
2020,8,00-0023459,A.Rodgers,QB,GB,MIN,27,41,291.0,3,0.0,1.0,-0.0,2,9.0,0,0,0,0.0,0,22.54,22.54,,,74.0,225.0,36.96233333333333,15.0,California,2005.0,2005.0,GB,24.0,-6.0,
2020,9,00-0023459,A.Rodgers,QB,GB,SF,25,31,305.0,4,0.0,1.0,11.0,1,7.0,0,0,0,0.0,0,28.9,28.9,,,74.0,225.0,36.96233333333333,15.0,California,2005.0,2005.0,GB,24.0,,
2020,10,00-0023459,A.Rodgers,QB,GB,JAX,24,34,325.0,2,1.0,1.0,10.0,3,4.0,1,0,0,0.0,0,25.4,25.4,,,74.0,225.0,36.96233333333333,15.0,California,2005.0,2005.0,GB,24.0,4.0,
2020,11,00-0023459,A.Rodgers,QB,GB,IND,27,38,311.0,3,1.0,1.0,10.0,3,13.0,0,0,0,0.0,0,21.74,21.74,,,74.0,225.0,36.96233333333333,15.0,California,2005.0,2005.0,GB,24.0,,
2020,12,00-0023459,A.Rodgers,QB,GB,CHI,21,29,211.0,4,0.0,0.0,-0.0,2,12.0,0,0,0,0.0,0,25.64,25.64,,,74.0,225.0,36.96233333333333,15.0,California,2005.0,2005.0,GB,24.0,16.0,
2020,13,00-0023459,A.Rodgers,QB,GB,PHI,25,34,295.0,3,0.0,2.0,7.0,4,-3.0,0,0,0,0.0,0,23.5,23.5,,,74.0,225.0,36.96233333333333,15.0,California,2005.0,2005.0,GB,24.0,14.0,
2020,14,00-0023459,A.Rodgers,QB,GB,DET,26,33,290.0,3,0.0,0.0,-0.0,6,13.0,1,0,0,0.0,0,30.9,30.9,,,74.0,225.0,36.96233333333333,15.0,California,2005.0,2005.0,GB,24.0,,
2020,15,00-0023459,A.Rodgers,QB,GB,CAR,20,29,143.0,1,0.0,5.0,47.0,5,26.0,1,0,0,0.0,0,18.32,18.32,,,74.0,225.0,36.96233333333333,15.0,California,2005.0,2005.0,GB,24.0,8.0,
2020,16,00-0023459,A.Rodgers,QB,GB,TEN,21,25,231.0,4,1.0,1.0,17.0,3,19.0,0,0,0,0.0,0,25.14,25.14,,,74.0,225.0,36.96233333333333,15.0,California,2005.0,2005.0,GB,24.0,26.0,
2020,17,00-0023459,A.Rodgers,QB,GB,CHI,19,24,240.0,4,0.0,1.0,3.0,1,4.0,0,0,0,0.0,0,26.0,26.0,,,74.0,225.0,36.96233333333333,15.0,California,2005.0,2005.0,GB,24.0,,
2020,19,00-0023459,A.Rodgers,QB,GB,LA,23,36,296.0,2,0.0,0.0,-0.0,4,-3.0,1,0,0,0.0,0,25.54,25.54,,,74.0,225.0,36.96233333333333,15.0,California,2005.0,2005.0,GB,24.0,14.0,
2020,20,00-0023459,A.Rodgers,QB,GB,TB,33,48,346.0,3,1.0,5.0,32.0,0,0.0,0,0,0,0.0,0,23.84,23.84,,,74.0,225.0,36.96233333333333,15.0,California,2005.0,2005.0,GB,24.0,-5.0,
2020,1,00-0023500,F.Gore,RB,NYJ,BUF,0,0,0.0,0,0.0,0.0,0.0,6,24.0,0,0,0,0.0,0,2.4,2.4,,,69.0,212.0,37.4878125,15.0,Miami,2005.0,2005.0,SF,65.0,,
2020,2,00-0023500,F.Gore,RB,NYJ,SF,0,0,0.0,0,0.0,0.0,0.0,21,63.0,0,2,0,0.0,0,6.3,6.3,,,69.0,212.0,37.4878125,15.0,Miami,2005.0,2005.0,SF,65.0,-18.0,0.0625
2020,3,00-0023500,F.Gore,RB,NYJ,IND,0,0,0.0,0,0.0,0.0,0.0,15,57.0,0,1,1,5.0,0,6.2,7.2,,,69.0,212.0,37.4878125,15.0,Miami,2005.0,2005.0,SF,65.0,,0.03846154
2020,4,00-0023500,F.Gore,RB,NYJ,DEN,0,0,0.0,0,0.0,0.0,0.0,13,30.0,0,2,1,6.0,0,3.6,4.6,,,69.0,212.0,37.4878125,15.0,Miami,2005.0,2005.0,SF,65.0,-9.0,0.046511628
2020,5,00-0023500,F.Gore,RB,NYJ,ARI,0,0,0.0,0,0.0,0.0,0.0,9,30.0,0,0,0,0.0,0,3.0,3.0,,,69.0,212.0,37.4878125,15.0,Miami,2005.0,2005.0,SF,65.0,-20.0,
2020,6,00-0023500,F.Gore,RB,NYJ,MIA,0,0,0.0,0,0.0,0.0,0.0,11,46.0,0,4,4,24.0,0,7.0,11.0,,,69.0,212.0,37.4878125,15.0,Miami,2005.0,2005.0,SF,65.0,,0.102564104
2020,7,00-0023500,F.Gore,RB,NYJ,BUF,0,0,0.0,0,0.0,0.0,0.0,11,60.0,0,0,0,0.0,0,6.0,6.0,,,69.0,212.0,37.4878125,15.0,Miami,2005.0,2005.0,SF,65.0,-8.0,
2020,8,00-0023500,F.Gore,RB,NYJ,KC,0,0,0.0,0,0.0,0.0,0.0,10,30.0,0,0,0,0.0,0,3.0,3.0,,,69.0,212.0,37.4878125,15.0,Miami,2005.0,2005.0,SF,65.0,,
2020,9,00-0023500,F.Gore,RB,NYJ,NE,0,0,0.0,0,0.0,0.0,0.0,12,46.0,0,2,2,13.0,0,5.9,7.9,,,69.0,212.0,37.4878125,15.0,Miami,2005.0,2005.0,SF,65.0,-3.0,0.083333336
2020,11,00-0023500,F.Gore,RB,NYJ,LAC,0,0,0.0,0,0.0,0.0,0.0,15,61.0,1,2,2,10.0,0,13.1,15.1,,,69.0,212.0,37.4878125,15.0,Miami,2005.0,2005.0,SF,65.0,,0.071428575
2020,12,00-0023500,F.Gore,RB,NYJ,MIA,0,0,0.0,0,0.0,0.0,0.0,18,74.0,0,3,3,12.0,0,8.6,11.6,,,69.0,212.0,37.4878125,15.0,Miami,2005.0,2005.0,SF,65.0,-17.0,0.11111111
2020,13,00-0023500,F.Gore,RB,NYJ,LV,0,0,0.0,0,0.0,0.0,0.0,1,2.0,0,0,0,0.0,0,0.2,0.2,,,69.0,212.0,37.4878125,15.0,Miami,2005.0,2005.0,SF,65.0,-3.0,
2020,14,00-0023500,F.Gore,RB,NYJ,SEA,0,0,0.0,0,0.0,0.0,0.0,8,23.0,0,1,1,8.0,0,1.1,2.1,,,69.0,212.0,37.4878125,15.0,Miami,2005.0,2005.0,SF,65.0,,0.04347826
2020,15,00-0023500,F.Gore,RB,NYJ,LA,0,0,0.0,0,0.0,0.0,0.0,23,59.0,1,1,1,6.0,0,12.5,13.5,,,69.0,212.0,37.4878125,15.0,Miami,2005.0,2005.0,SF,65.0,,0.037037037
2020,16,00-0023500,F.Gore,RB,NYJ,CLE,0,0,0.0,0,0.0,0.0,0.0,14,48.0,0,1,1,5.0,0,5.3,6.3,,,69.0,212.0,37.4878125,15.0,Miami,2005.0,2005.0,SF,65.0,7.0,0.035714287
2020,1,00-0023682,R.Fitzpatrick,QB,MIA,NE,20,30,191.0,0,3.0,1.0,9.0,5,18.0,0,0,0,0.0,0,5.44,5.44,,,74.0,228.0,37.95925,15.0,Harvard,2005.0,2005.0,STL,250.0,,
2020,2,00-0023682,R.Fitzpatrick,QB,MIA,BUF,31,47,328.0,2,0.0,3.0,17.0,3,12.0,0,0,0,0.0,0,24.32,24.32,,,74.0,228.0,37.95925,15.0,Harvard,2005.0,2005.0,STL,250.0,-3.0,
2020,3,00-0023682,R.Fitzpatrick,QB,MIA,JAX,18,20,160.0,2,0.0,1.0,4.0,7,38.0,1,1,1,0.0,0,24.2,25.2,,,74.0,228.0,37.95925,15.0,Harvard,2005.0,2005.0,STL,250.0,,0.05
2020,4,00-0023682,R.Fitzpatrick,QB,MIA,SEA,29,45,315.0,0,2.0,1.0,3.0,6,47.0,1,0,0,0.0,0,21.3,21.3,,,74.0,228.0,37.95925,15.0,Harvard,2005.0,2005.0,STL,250.0,-8.0,
2020,5,00-0023682,R.Fitzpatrick,QB,MIA,SF,22,28,350.0,3,0.0,2.0,8.0,3,16.0,0,0,0,0.0,0,27.6,27.6,,,74.0,228.0,37.95925,15.0,Harvard,2005.0,2005.0,STL,250.0,,
2020,6,00-0023682,R.Fitzpatrick,QB,MIA,NYJ,18,27,191.0,3,2.0,2.0,8.0,1,4.0,0,0,0,0.0,0,16.04,16.04,,,74.0,228.0,37.95925,15.0,Harvard,2005.0,2005.0,STL,250.0,24.0,
2020,11,00-0023682,R.Fitzpatrick,QB,MIA,DEN,12,18,117.0,0,1.0,0.0,-0.0,2,6.0,0,0,0,0.0,0,3.28,3.28,,,74.0,228.0,37.95925,15.0,Harvard,2005.0,2005.0,STL,250.0,,
2020,12,00-0023682,R.Fitzpatrick,QB,MIA,NYJ,24,39,257.0,2,0.0,4.0,16.0,3,10.0,0,0,0,0.0,0,19.28,19.28,,,74.0,228.0,37.95925,15.0,Harvard,2005.0,2005.0,STL,250.0,,
2020,16,00-0023682,R.Fitzpatrick,QB,MIA,LV,9,13,182.0,1,0.0,0.0,-0.0,0,0.0,0,0,0,0.0,0,11.28,11.28,,,74.0,228.0,37.95925,15.0,Harvard,2005.0,2005.0,STL,250.0,,
2020,2,00-0024243,M.Lewis,TE,GB,DET,0,0,0.0,0,0.0,0.0,0.0,0,0.0,0,1,1,4.0,0,0.4,1.4,,,78.0,267.0,36.49955555555555,14.0,UCLA,2006.0,2006.0,JAX,28.0,21.0,0.033333335
2020,3,00-0024243,M.Lewis,TE,GB,NO,0,0,0.0,0,0.0,0.0,0.0,0,0.0,0,2,1,18.0,1,7.8,8.8,,,78.0,267.0,36.49955555555555,14.0,UCLA,2006.0,2006.0,JAX,28.0,,0.06666667
2020,6,00-0024243,M.Lewis,TE,GB,TB,0,0,0.0,0,0.0,0.0,0.0,0,0.0,0,2,0,0.0,0,0.0,0.0,,,78.0,267.0,36.49955555555555,14.0,UCLA,2006.0,2006.0,JAX,28.0,,0.06451613
2020,7,00-0024243,M.Lewis,TE,GB,HOU,0,0,0.0,0,0.0,0.0,0.0,0,0.0,0,3,1,9.0,0,0.9,1.9,,,78.0,267.0,36.49955555555555,14.0,UCLA,2006.0,2006.0,JAX,28.0,,0.0882353
2020,9,00-0024243,M.Lewis,TE,GB,SF,0,0,0.0,0,0.0,0.0,0.0,0,0.0,0,1,1,1.0,1,6.1,7.1,,,78.0,267.0,36.49955555555555,14.0,UCLA,2006.0,2006.0,JAX,28.0,,0.033333335
2020,11,00-0024243,M.Lewis,TE,GB,IND,0,0,0.0,0,0.0,0.0,0.0,0,0.0,0,1,1,8.0,0,0.8,1.8,,,78.0,267.0,36.49955555555555,14.0,UCLA,2006.0,2006.0,JAX,28.0,,0.028571429
2020,12,00-0024243,M.Lewis,TE,GB,CHI,0,0,0.0,0,0.0,0.0,0.0,0,0.0,0,4,2,16.0,1,7.6,9.6,,,78.0,267.0,36.49955555555555,14.0,UCLA,2006.0,2006.0,JAX,28.0,16.0,0.13793103
2020,13,00-0024243,M.Lewis,TE,GB,PHI,0,0,0.0,0,0.0,0.0,0.0,0,0.0,0,1,1,36.0,0,3.6,4.6,,,78.0,267.0,36.49955555555555,14.0,UCLA,2006.0,2006.0,JAX,28.0,14.0,0.03125
2020,14,00-0024243,M.Lewis,TE,GB,DET,0,0,0.0,0,0.0,0.0,0.0,0,0.0,0,1,1,6.0,0,0.6,1.6,,,78.0,267.0,36.49955555555555,14.0,UCLA,2006.0,2006.0,JAX,28.0,,0.032258064
2020,17,00-0024243,M.Lewis,TE,GB,CHI,0,0,0.0,0,0.0,0.0,0.0,0,0.0,0,1,1,9.0,0,0.9,1.9,,,78.0,267.0,36.49955555555555,14.0,UCLA,2006.0,2006.0,JAX,28.0,,0.041666668
2020,20,00-0024243,M.Lewis,TE,GB,TB,0,0,0.0,0,0.0,0.0,0.0,0,0.0,0,3,3,28.0,0,2.8,5.8,,,78.0,267.0,36.49955555555555,14.0,UCLA,2006.0,2006.0,JAX,28.0,-5.0,0.06521739
2020,4,00-0024417,S.Koch,P,BAL,WAS,1,1,15.0,0,0.0,0.0,-0.0,0,0.0,0,0,0,0.0,0,0.6,0.6,,,73.0,222.0,38.26283333333333,14.0,Nebraska,2006.0,2006.0,BAL,203.0,,
2020,1,00-0025394,A.Peterson,RB,DET,CHI,0,0,0.0,0,0.0,0.0,0.0,14,93.0,0,3,3,21.0,0,11.4,14.4,,,73.0,220.0,35.6400625,13.0,Oklahoma,2007.0,2007.0,MIN,7.0,-4.0,0.07317073
2020,2,00-0025394,A.Peterson,RB,DET,GB,0,0,0.0,0,0.0,0.0,0.0,7,41.0,0,0,0,0.0,0,4.1,4.1,,,73.0,220.0,35.6400625,13.0,Oklahoma,2007.0,2007.0,MIN,7.0,,
2020,3,00-0025394,A.Peterson,RB,DET,ARI,0,0,0.0,0,0.0,0.0,0.0,22,75.0,0,1,1,10.0,0,8.5,9.5,,,73.0,220.0,35.6400625,13.0,Oklahoma,2007.0,2007.0,MIN,7.0,,0.032258064
2020,4,00-0025394,A.Peterson,RB,DET,NO,0,0,0.0,0,0.0,0.0,0.0,11,36.0,1,2,0,0.0,0,9.6,9.6,,,73.0,220.0,35.6400625,13.0,Oklahoma,2007.0,2007.0,MIN,7.0,-6.0,0.06666667
2020,6,00-0025394,A.Peterson,RB,DET,JAX,0,0,0.0,0,0.0,0.0,0.0,15,40.0,1,1,1,18.0,0,11.8,12.8,,,73.0,220.0,35.6400625,13.0,Oklahoma,2007.0,2007.0,MIN,7.0,,0.032258064
2020,7,00-0025394,A.Peterson,RB,DET,ATL,0,0,0.0,0,0.0,0.0,0.0,11,29.0,0,1,1,1.0,0,3.0,4.0,,,73.0,220.0,35.6400625,13.0,Oklahoma,2007.0,2007.0,MIN,7.0,,0.03125
2020,8,00-0025394,A.Peterson,RB,DET,IND,0,0,0.0,0,0.0,0.0,0.0,5,7.0,0,1,1,5.0,0,1.2,2.2,,,73.0,220.0,35.6400625,13.0,Oklahoma,2007.0,2007.0,MIN,7.0,-20.0,0.025
2020,9,00-0025394,A.Peterson,RB,DET,MIN,0,0,0.0,0,0.0,0.0,0.0,8,29.0,0,5,3,14.0,0,4.3,7.3,,,73.0,220.0,35.6400625,13.0,Oklahoma,2007.0,2007.0,MIN,7.0,,0.11363637
2020,10,00-0025394,A.Peterson,RB,DET,WAS,0,0,0.0,0,0.0,0.0,0.0,4,21.0,0,1,1,9.0,0,3.0,4.0,,,73.0,220.0,35.6400625,13.0,Oklahoma,2007.0,2007.0,MIN,7.0,3.0,0.03125
2020,11,00-0025394,A.Peterson,RB,DET,CAR,0,0,0.0,0,0.0,0.0,0.0,7,18.0,0,1,0,0.0,0,1.8,1.8,,,73.0,220.0,35.6400625,13.0,Oklahoma,2007.0,2007.0,MIN,7.0,,0.03125
2020,12,00-0025394,A.Peterson,RB,DET,HOU,0,0,0.0,0,0.0,0.0,0.0,15,55.0,2,0,0,0.0,0,17.5,17.5,,,73.0,220.0,35.6400625,13.0,Oklahoma,2007.0,2007.0,MIN,7.0,-16.0,
2020,13,00-0025394,A.Peterson,RB,DET,CHI,0,0,0.0,0,0.0,0.0,0.0,16,57.0,2,1,0,0.0,0,17.7,17.7,,,73.0,220.0,35.6400625,13.0,Oklahoma,2007.0,2007.0,MIN,7.0,,0.024390243
2020,14,00-0025394,A.Peterson,RB,DET,GB,0,0,0.0,0,0.0,0.0,0.0,4,7.0,0,1,1,23.0,0,3.0,4.0,,,73.0,220.0,35.6400625,13.0,Oklahoma,2007.0,2007.0,MIN,7.0,-7.0,0.02631579
2020,15,00-0025394,A.Peterson,RB,DET,TEN,0,0,0.0,0,0.0,0.0,0.0,6,23.0,0,0,0,0.0,0,2.3,2.3,,,73.0,220.0,35.6400625,13.0,Oklahoma,2007.0,2007.0,MIN,7.0,,
2020,16,00-0025394,A.Peterson,RB,DET,TB,0,0,0.0,0,0.0,0.0,0.0,4,10.0,0,0,0,0.0,0,1.0,1.0,,,73.0,220.0,35.6400625,13.0,Oklahoma,2007.0,2007.0,MIN,7.0,-40.0,
2020,17,00-0025394,A.Peterson,RB,DET,MIN,0,0,0.0,0,0.0,0.0,0.0,7,63.0,1,0,0,0.0,0,12.3,12.3,,,73.0,220.0,35.6400625,13.0,Oklahoma,2007.0,2007.0,MIN,7.0,-2.0,
2020,1,00-0025396,T.Ginn,WR,CHI,DET,0,0,0.0,0,0.0,0.0,0.0,0,0.0,0,1,0,0.0,0,0.0,0.0,,,71.0,180.0,35.498333333333335,13.0,Ohio State,2007.0,2007.0,MIA,9.0,,0.027777778
2020,3,00-0025396,T.Ginn,WR,CHI,ATL,0,0,0.0,0,0.0,0.0,0.0,0,0.0,0,3,1,29.0,0,2.9,3.9,,,71.0,180.0,35.498333333333335,13.0,Ohio State,2007.0,2007.0,MIA,9.0,,0.06122449
2020,4,00-0025396,T.Ginn,WR,CHI,IND,0,0,0.0,0,0.0,0.0,0.0,0,0.0,0,2,2,11.0,0,1.1,3.1,,,71.0,180.0,35.498333333333335,13.0,Ohio State,2007.0,2007.0,MIA,9.0,-8.0,0.04761905
2020,1,00-0025418,G.Olsen,TE,SEA,ATL,0,0,0.0,0,0.0,0.0,0.0,0,0.0,0,4,4,24.0,1,8.4,12.4,,,77.0,255.0,35.67617647058824,13.0,Miami,2007.0,2007.0,CHI,31.0,,0.114285715
2020,2,00-0025418,G.Olsen,TE,SEA,NE,0,0,0.0,0,0.0,0.0,0.0,0,0.0,0,1,0,0.0,0,0.0,0.0,,,77.0,255.0,35.67617647058824,13.0,Miami,2007.0,2007.0,CHI,31.0,5.0,0.04
2020,3,00-0025418,G.Olsen,TE,SEA,DAL,0,0,0.0,0,0.0,0.0,0.0,0,0.0,0,6,5,61.0,0,6.1,11.1,,,77.0,255.0,35.67617647058824,13.0,Miami,2007.0,2007.0,CHI,31.0,7.0,0.15789473
2020,4,00-0025418,G.Olsen,TE,SEA,MIA,0,0,0.0,0,0.0,0.0,0.0,0,0.0,0,7,5,35.0,0,3.5,8.5,,,77.0,255.0,35.67617647058824,13.0,Miami,2007.0,2007.0,CHI,31.0,,0.21212122
2020,5,00-0025418,G.Olsen,TE,SEA,MIN,0,0,0.0,0,0.0,0.0,0.0,0,0.0,0,1,1,20.0,0,2.0,3.0,,,77.0,255.0,35.67617647058824,13.0,Miami,2007.0,2007.0,CHI,31.0,1.0,0.033333335
2020,7,00-0025418,G.Olsen,TE,SEA,ARI,0,0,0.0,0,0.0,0.0,0.0,0,0.0,0,3,2,18.0,0,1.8,3.8,,,77.0,255.0,35.67617647058824,13.0,Miami,2007.0,2007.0,CHI,31.0,,0.0625
2020,8,00-0025418,G.Olsen,TE,SEA,SF,0,0,0.0,0,0.0,0.0,0.0,0,0.0,0,4,0,0.0,0,0.0,0.0,,,77.0,255.0,35.67617647058824,13.0,Miami,2007.0,2007.0,CHI,31.0,10.0,0.11111111
2020,9,00-0025418,G.Olsen,TE,SEA,BUF,0,0,0.0,0,0.0,0.0,0.0,0,0.0,0,3,2,13.0,0,1.3,3.3,,,77.0,255.0,35.67617647058824,13.0,Miami,2007.0,2007.0,CHI,31.0,,0.075
2020,10,00-0025418,G.Olsen,TE,SEA,LA,0,0,0.0,0,0.0,0.0,0.0,0,0.0,0,4,2,33.0,0,3.3,5.3,,,77.0,255.0,35.67617647058824,13.0,Miami,2007.0,2007.0,CHI,31.0,,0.114285715
2020,11,00-0025418,G.Olsen,TE,SEA,ARI,0,0,0.0,0,0.0,0.0,0.0,0,0.0,0,2,2,20.0,0,2.0,4.0,,,77.0,255.0,35.67617647058824,13.0,Miami,2007.0,2007.0,CHI,31.0,7.0,0.074074075
2020,16,00-0025418,G.Olsen,TE,SEA,LA,0,0,0.0,0,0.0,0.0,0.0,0,0.0,0,2,1,15.0,0,1.5,2.5,,,77.0,255.0,35.67617647058824,13.0,Miami,2007.0,2007.0,CHI,31.0,11.0,0.06896552
2020,7,00-0025825,B.Kern,P,TEN,PIT,0,1,0.0,0,0.0,0.0,-0.0,0,0.0,0,0,0,0.0,0,0.0,0.0,,,74.0,214.0,34.73994117647059,12.0,Toledo,2008.0,2008.0,,,-3.0,
2020,1,00-0026035,D.Amendola,WR,DET,CHI,0,0,0.0,0,0.0,0.0,0.0,0,0.0,0,7,5,81.0,0,8.1,13.1,,,71.0,185.0,35.0211875,12.0,Texas Tech,2008.0,2008.0,,,-4.0,0.17073171
2020,2,00-0026035,D.Amendola,WR,DET,GB,0,0,0.0,0,0.0,0.0,0.0,0,0.0,0,7,2,21.0,0,2.1,4.1,,,71.0,185.0,35.0211875,12.0,Texas Tech,2008.0,2008.0,,,,0.23333333
2020,3,00-0026035,D.Amendola,WR,DET,ARI,0,0,0.0,0,0.0,0.0,0.0,0,0.0,0,4,1,18.0,0,1.8,2.8,,,71.0,185.0,35.0211875,12.0,Texas Tech,2008.0,2008.0,,,,0.12903225
2020,4,00-0026035,D.Amendola,WR,DET,NO,0,0,0.0,0,0.0,0.0,0.0,0,0.0,0,3,2,57.0,0,5.7,7.7,,,71.0,185.0,35.0211875,12.0,Texas Tech,2008.0,2008.0,,,-6.0,0.1
2020,6,00-0026035,D.Amendola,WR,DET,JAX,0,0,0.0,0,0.0,0.0,0.0,0,0.0,0,2,2,31.0,0,3.1,5.1,,,71.0,185.0,35.0211875,12.0,Texas Tech,2008.0,2008.0,,,,0.06451613
2020,7,00-0026035,D.Amendola,WR,DET,ATL,0,0,0.0,0,0.0,0.0,0.0,0,0.0,0,4,3,62.0,0,6.2,9.2,,,71.0,185.0,35.0211875,12.0,Texas Tech,2008.0,2008.0,,,,0.125
2020,8,00-0026035,D.Amendola,WR,DET,IND,0,0,0.0,0,0.0,0.0,0.0,0,0.0,0,4,3,54.0,0,5.4,8.4,,,71.0,185.0,35.0211875,12.0,Texas Tech,2008.0,2008.0,,,-20.0,0.1
2020,9,00-0026035,D.Amendola,WR,DET,MIN,0,0,0.0,0,0.0,0.0,0.0,1,2.0,0,10,7,77.0,0,7.9,14.9,,,71.0,185.0,35.0211875,12.0,Texas Tech,2008.0,2008.0,,,,0.22727273
2020,10,00-0026035,D.Amendola,WR,DET,WAS,0,0,0.0,0,0.0,0.0,0.0,0,0.0,0,3,3,10.0,0,1.0,4.0,,,71.0,185.0,35.0211875,12.0,Texas Tech,2008.0,2008.0,,,3.0,0.09375
2020,13,00-0026035,D.Amendola,WR,DET,CHI,0,0,0.0,0,0.0,0.0,0.0,0,0.0,0,5,3,62.0,0,6.2,9.2,,,71.0,185.0,35.0211875,12.0,Texas Tech,2008.0,2008.0,,,,0.12195122
2020,14,00-0026035,D.Amendola,WR,DET,GB,0,0,0.0,0,0.0,0.0,0.0,0,0.0,0,7,6,66.0,0,6.6,12.6,,,71.0,185.0,35.0211875,12.0,Texas Tech,2008.0,2008.0,,,-7.0,0.18421052
2020,15,00-0026035,D.Amendola,WR,DET,TEN,0,0,0.0,0,0.0,0.0,0.0,0,0.0,0,4,3,20.0,0,2.0,5.0,,,71.0,185.0,35.0211875,12.0,Texas Tech,2008.0,2008.0,,,,0.10810811
2020,16,00-0026035,D.Amendola,WR,DET,TB,0,0,0.0,0,0.0,0.0,0.0,0,0.0,0,7,5,37.0,0,3.7,8.7,,,71.0,185.0,35.0211875,12.0,Texas Tech,2008.0,2008.0,,,-40.0,0.23333333
2020,17,00-0026035,D.Amendola,WR,DET,MIN,0,0,0.0,0,0.0,0.0,0.0,0,0.0,0,2,1,6.0,0,0.6,1.6,,,71.0,185.0,35.0211875,12.0,Texas Tech,2008.0,2008.0,,,-2.0,0.06451613
2020,1,00-0026143,M.Ryan,QB,ATL,SEA,37,54,450.0,2,1.0,2.0,16.0,1,-1.0,0,0,0,0.0,0,23.9,23.9,,,76.0,217.0,35.4781875,12.0,Boston College,2008.0,2008.0,ATL,3.0,-13.0,
2020,2,00-0026143,M.Ryan,QB,ATL,DAL,24,36,273.0,4,0.0,1.0,6.0,4,16.0,0,0,0,0.0,0,28.52,28.52,,,76.0,217.0,35.4781875,12.0,Boston College,2008.0,2008.0,ATL,3.0,,
2020,3,00-0026143,M.Ryan,QB,ATL,CHI,19,38,238.0,1,1.0,2.0,11.0,1,-1.0,0,0,0,0.0,0,11.42,11.42,,,76.0,217.0,35.4781875,12.0,Boston College,2008.0,2008.0,ATL,3.0,-4.0,
2020,4,00-0026143,M.Ryan,QB,ATL,GB,28,39,285.0,0,0.0,4.0,36.0,2,10.0,0,0,0,0.0,0,12.4,12.4,,,76.0,217.0,35.4781875,12.0,Boston College,2008.0,2008.0,ATL,3.0,,
2020,5,00-0026143,M.Ryan,QB,ATL,CAR,21,37,226.0,0,1.0,2.0,19.0,1,-1.0,0,0,0,0.0,0,6.94,6.94,,,76.0,217.0,35.4781875,12.0,Boston College,2008.0,2008.0,ATL,3.0,-7.0,
2020,6,00-0026143,M.Ryan,QB,ATL,MIN,30,40,371.0,4,0.0,2.0,8.0,4,8.0,0,0,0,0.0,0,31.64,31.64,,,76.0,217.0,35.4781875,12.0,Boston College,2008.0,2008.0,ATL,3.0,,
2020,7,00-0026143,M.Ryan,QB,ATL,DET,31,42,338.0,1,0.0,2.0,16.0,0,0.0,0,0,0,0.0,0,17.52,17.52,,,76.0,217.0,35.4781875,12.0,Boston College,2008.0,2008.0,ATL,3.0,-1.0,
2020,8,00-0026143,M.Ryan,QB,ATL,CAR,21,30,281.0,0,1.0,2.0,11.0,6,27.0,1,0,0,0.0,0,17.94,17.94,,,76.0,217.0,35.4781875,12.0,Boston College,2008.0,2008.0,ATL,3.0,,
2020,9,00-0026143,M.Ryan,QB,ATL,DEN,25,35,284.0,3,1.0,2.0,13.0,3,10.0,0,0,0,0.0,0,22.36,22.36,,,76.0,217.0,35.4781875,12.0,Boston College,2008.0,2008.0,ATL,3.0,7.0,
2020,11,00-0026143,M.Ryan,QB,ATL,NO,19,37,232.0,0,2.0,8.0,36.0,0,0.0,0,0,0,0.0,0,5.28,5.28,,,76.0,217.0,35.4781875,12.0,Boston College,2008.0,2008.0,ATL,3.0,,
2020,12,00-0026143,M.Ryan,QB,ATL,LV,22,39,185.0,2,1.0,1.0,6.0,1,5.0,0,0,0,0.0,0,13.9,13.9,,,76.0,217.0,35.4781875,12.0,Boston College,2008.0,2008.0,ATL,3.0,37.0,
2020,13,00-0026143,M.Ryan,QB,ATL,NO,19,39,273.0,1,0.0,3.0,11.0,0,0.0,0,0,0,0.0,0,12.92,12.92,,,76.0,217.0,35.4781875,12.0,Boston College,2008.0,2008.0,ATL,3.0,-5.0,
2020,14,00-0026143,M.Ryan,QB,ATL,LAC,21,32,224.0,1,3.0,2.0,14.0,1,3.0,0,0,0,0.0,0,7.26,7.26,,,76.0,217.0,35.4781875,12.0,Boston College,2008.0,2008.0,ATL,3.0,,
2020,15,00-0026143,M.Ryan,QB,ATL,TB,34,49,356.0,3,0.0,3.0,24.0,1,16.0,0,0,0,0.0,0,27.84,27.84,,,76.0,217.0,35.4781875,12.0,Boston College,2008.0,2008.0,ATL,3.0,-4.0,
2020,16,00-0026143,M.Ryan,QB,ATL,KC,27,35,300.0,2,0.0,4.0,23.0,1,-1.0,0,0,0,0.0,0,19.9,19.9,,,76.0,217.0,35.4781875,12.0,Boston College,2008.0,2008.0,ATL,3.0,,
2020,17,00-0026143,M.Ryan,QB,ATL,TB,29,44,265.0,2,0.0,1.0,7.0,3,1.0,1,0,0,0.0,0,22.7,22.7,,,76.0,217.0,35.4781875,12.0,Boston College,2008.0,2008.0,ATL,3.0,,
2020,4,00-0026158,J.Flacco,QB,NYJ,DEN,2,2,16.0,0,0.0,0.0,-0.0,0,0.0,0,0,0,0.0,0,0.64,0.64,,,78.0,245.0,35.8095625,12.0,Delaware,2008.0,2008.0,BAL,18.0,-9.0,
2020,5,00-0026158,J.Flacco,QB,NYJ,ARI,18,33,195.0,1,0.0,2.0,17.0,4,20.0,0,0,0,0.0,0,13.8,13.8,,,78.0,245.0,35.8095625,12.0,Delaware,2008.0,2008.0,BAL,18.0,-20.0,
2020,6,00-0026158,J.Flacco,QB,NYJ,MIA,21,44,186.0,0,1.0,3.0,38.0,1,0.0,0,0,0,0.0,0,5.44,5.44,,,78.0,245.0,35.8095625,12.0,Delaware,2008.0,2008.0,BAL,18.0,,
2020,9,00-0026158,J.Flacco,QB,NYJ,NE,18,25,262.0,3,1.0,1.0,5.0,0,0.0,0,0,0,0.0,0,20.48,20.48,,,78.0,245.0,35.8095625,12.0,Delaware,2008.0,2008.0,BAL,18.0,-3.0,
2020,11,00-0026158,J.Flacco,QB,NYJ,LAC,15,30,205.0,2,1.0,1.0,9.0,1,2.0,0,0,0,0.0,0,14.4,14.4,,,78.0,245.0,35.8095625,12.0,Delaware,2008.0,2008.0,BAL,18.0,,
2020,1,00-0026189,D.Jackson,WR,PHI,WAS,0,0,0.0,0,0.0,0.0,0.0,0,0.0,0,7,2,46.0,0,4.6,6.6,,,70.0,175.0,33.938125,12.0,California,2008.0,2008.0,PHI,49.0,,0.16666667
2020,2,00-0026189,D.Jackson,WR,PHI,LA,0,0,0.0,0,0.0,0.0,0.0,0,0.0,0,9,6,64.0,0,6.4,12.4,,,70.0,175.0,33.938125,12.0,California,2008.0,2008.0,PHI,49.0,-18.0,0.2195122
2020,3,00-0026189,D.Jackson,WR,PHI,CIN,0,0,0.0,0,0.0,0.0,0.0,0,0.0,0,4,2,11.0,0,1.1,3.1,,,70.0,175.0,33.938125,12.0,California,2008.0,2008.0,PHI,49.0,0.0,0.09090909
2020,7,00-0026189,D.Jackson,WR,PHI,NYG,0,0,0.0,0,0.0,0.0,0.0,1,12.0,0,5,3,34.0,0,4.6,7.6,,,70.0,175.0,33.938125,12.0,California,2008.0,2008.0,PHI,49.0,1.0,0.12195122
2020,16,00-0026189,D.Jackson,WR,PHI,DAL,0,0,0.0,0,0.0,0.0,0.0,0,0.0,0,1,1,81.0,1,14.1,15.1,,,70.0,175.0,33.938125,12.0,California,2008.0,2008.0,PHI,49.0,,0.029411765
2020,7,00-0026197,C.Henne,QB,KC,DEN,2,2,13.0,0,0.0,1.0,3.0,4,-2.0,1,0,0,0.0,0,6.32,6.32,,,75.0,222.0,35.387263157894736,12.0,Michigan,2008.0,2008.0,MIA,57.0,,
2020,8,00-0026197,C.Henne,QB,KC,NYJ,3,4,17.0,0,0.0,0.0,-0.0,1,0.0,0,0,0,0.0,0,0.68,0.68,,,75.0,222.0,35.387263157894736,12.0,Michigan,2008.0,2008.0,MIA,57.0,26.0,
2020,17,00-0026197,C.Henne,QB,KC,LAC,23,32,218.0,2,0.0,1.0,1.0,2,0.0,0,0,0,0.0,0,16.72,16.72,,,75.0,222.0,35.387263157894736,12.0,Michigan,2008.0,2008.0,MIA,57.0,-17.0,
2020,19,00-0026197,C.Henne,QB,KC,CLE,6,8,66.0,0,1.0,1.0,6.0,2,12.0,0,0,0,0.0,0,1.84,1.84,,,75.0,222.0,35.387263157894736,12.0,Michigan,2008.0,2008.0,MIA,57.0,5.0,
2020,1,00-0026498,M.Stafford,QB,DET,CHI,24,42,297.0,1,1.0,1.0,9.0,5,23.0,0,0,0,0.0,0,16.18,16.18,,,75.0,220.0,32.757062499999996,11.0,Georgia,2009.0,2009.0,DET,1.0,-4.0,
2020,2,00-0026498,M.Stafford,QB,DET,GB,20,33,244.0,2,1.0,4.0,26.0,1,4.0,0,0,0,0.0,0,16.16,16.16,,,75.0,220.0,32.757062499999996,11.0,Georgia,2009.0,2009.0,DET,1.0,,
2020,3,00-0026498,M.Stafford,QB,DET,ARI,22,31,270.0,2,0.0,4.0,38.0,1,-3.0,0,0,0,0.0,0,18.5,18.5,,,75.0,220.0,32.757062499999996,11.0,Georgia,2009.0,2009.0,DET,1.0,,
2020,4,00-0026498,M.Stafford,QB,DET,NO,17,31,206.0,3,1.0,3.0,15.0,3,21.0,0,0,0,0.0,0,22.34,22.34,,,75.0,220.0,32.757062499999996,11.0,Georgia,2009.0,2009.0,DET,1.0,-6.0,
2020,6,00-0026498,M.Stafford,QB,DET,JAX,19,31,223.0,1,1.0,0.0,-0.0,5,14.0,0,0,0,0.0,0,12.32,12.32,,,75.0,220.0,32.757062499999996,11.0,Georgia,2009.0,2009.0,DET,1.0,,
2020,7,00-0026498,M.Stafford,QB,DET,ATL,25,36,340.0,1,0.0,2.0,18.0,1,8.0,0,0,0,0.0,0,18.4,18.4,,,75.0,220.0,32.757062499999996,11.0,Georgia,2009.0,2009.0,DET,1.0,,
2020,8,00-0026498,M.Stafford,QB,DET,IND,24,42,336.0,3,1.0,5.0,39.0,1,10.0,0,0,0,0.0,0,22.44,22.44,,,75.0,220.0,32.757062499999996,11.0,Georgia,2009.0,2009.0,DET,1.0,-20.0,
2020,9,00-0026498,M.Stafford,QB,DET,MIN,23,32,211.0,1,2.0,2.0,13.0,0,0.0,0,0,0,0.0,0,8.44,8.44,,,75.0,220.0,32.757062499999996,11.0,Georgia,2009.0,2009.0,DET,1.0,,
2020,10,00-0026498,M.Stafford,QB,DET,WAS,24,33,276.0,3,0.0,1.0,9.0,0,0.0,0,0,0,0.0,0,23.04,23.04,,,75.0,220.0,32.757062499999996,11.0,Georgia,2009.0,2009.0,DET,1.0,3.0,
2020,11,00-0026498,M.Stafford,QB,DET,CAR,18,33,178.0,0,0.0,5.0,33.0,4,5.0,0,0,0,0.0,0,7.62,7.62,,,75.0,220.0,32.757062499999996,11.0,Georgia,2009.0,2009.0,DET,1.0,,
2020,12,00-0026498,M.Stafford,QB,DET,HOU,28,42,295.0,1,1.0,4.0,16.0,1,3.0,0,1,0,0.0,0,16.1,16.1,,,75.0,220.0,32.757062499999996,11.0,Georgia,2009.0,2009.0,DET,1.0,-16.0,0.023809524
2020,13,00-0026498,M.Stafford,QB,DET,CHI,27,42,402.0,3,1.0,2.0,2.0,2,0.0,0,0,0,0.0,0,26.08,26.08,,,75.0,220.0,32.757062499999996,11.0,Georgia,2009.0,2009.0,DET,1.0,,
2020,14,00-0026498,M.Stafford,QB,DET,GB,24,34,244.0,1,0.0,4.0,31.0,1,6.0,0,0,0,0.0,0,14.36,14.36,,,75.0,220.0,32.757062499999996,11.0,Georgia,2009.0,2009.0,DET,1.0,-7.0,
2020,15,00-0026498,M.Stafford,QB,DET,TEN,22,32,252.0,1,0.0,0.0,-0.0,2,12.0,0,0,0,0.0,0,15.28,15.28,,,75.0,220.0,32.757062499999996,11.0,Georgia,2009.0,2009.0,DET,1.0,,
2020,16,00-0026498,M.Stafford,QB,DET,TB,2,3,17.0,0,0.0,0.0,-0.0,0,0.0,0,0,0,0.0,0,0.68,0.68,,,75.0,220.0,32.757062499999996,11.0,Georgia,2009.0,2009.0,DET,1.0,-40.0,
2020,17,00-0026498,M.Stafford,QB,DET,MIN,20,31,293.0,3,1.0,1.0,5.0,2,9.0,0,0,0,0.0,0,22.62,22.62,,,75.0,220.0,32.757062499999996,11.0,Georgia,2009.0,2009.0,DET,1.0,-2.0,
2020,9,00-0026544,C.Daniel,QB,DET,MIN,8,13,94.0,1,1.0,0.0,-0.0,1,5.0,0,0,0,0.0,0,6.26,6.26,,,72.0,229.0,34.0930625,11.0,Missouri,2009.0,2009.0,,,,
2020,14,00-0026544,C.Daniel,QB,DET,GB,3,6,29.0,0,0.0,0.0,-0.0,0,0.0,0,0,0,0.0,0,1.16,1.16,,,72.0,229.0,34.0930625,11.0,Missouri,2009.0,2009.0,,,-7.0,
2020,15,00-0026544,C.Daniel,QB,DET,TEN,5,6,55.0,0,1.0,0.0,-0.0,1,11.0,0,0,0,0.0,0,1.3,1.3,,,72.0,229.0,34.0930625,11.0,Missouri,2009.0,2009.0,,,,
2020,16,00-0026544,C.Daniel,QB,DET,TB,13,18,86.0,0,0.0,3.0,29.0,0,0.0,0,0,0,0.0,0,3.44,3.44,,,72.0,229.0,34.0930625,11.0,Missouri,2009.0,2009.0,,,-40.0,
2020,4,00-0026625,B.Hoyer,QB,NE,KC,15,24,130.0,0,1.0,2.0,18.0,1,8.0,0,0,0,0.0,0,2.0,2.0,,,74.0,215.0,35.07675,11.0,Michigan State,2009.0,2009.0,,,,
2020,1,00-0027029,L.McCoy,RB,TB,NO,0,0,0.0,0,0.0,0.0,0.0,0,0.0,0,1,1,2.0,0,0.2,1.2,,,71.0,210.0,32.36275,11.0,Pittsburgh,2009.0,2009.0,PHI,53.0,,0.029411765
2020,2,00-0027029,L.McCoy,RB,TB,CAR,0,0,0.0,0,0.0,0.0,0.0,1,-5.0,0,7,5,26.0,0,2.1,7.1,,,71.0,210.0,32.36275,11.0,Pittsburgh,2009.0,2009.0,PHI,53.0,14.0,0.2
2020,3,00-0027029,L.McCoy,RB,TB,DEN,0,0,0.0,0,0.0,0.0,0.0,0,0.0,0,4,2,24.0,0,2.4,4.4,,,71.0,210.0,32.36275,11.0,Pittsburgh,2009.0,2009.0,PHI,53.0,,0.11111111
2020,4,00-0027029,L.McCoy,RB,TB,LAC,0,0,0.0,0,0.0,0.0,0.0,1,3.0,0,1,1,3.0,0,0.6,1.6,,,71.0,210.0,32.36275,11.0,Pittsburgh,2009.0,2009.0,PHI,53.0,7.0,0.022222223
2020,6,00-0027029,L.McCoy,RB,TB,GB,0,0,0.0,0,0.0,0.0,0.0,4,1.0,0,1,1,6.0,0,0.7,1.7,,,71.0,210.0,32.36275,11.0,Pittsburgh,2009.0,2009.0,PHI,53.0,28.0,0.037037037
2020,14,00-0027029,L.McCoy,RB,TB,MIN,0,0,0.0,0,0.0,0.0,0.0,4,32.0,0,1,1,3.0,0,3.5,4.5,,,71.0,210.0,32.36275,11.0,Pittsburgh,2009.0,2009.0,PHI,53.0,12.0,0.045454547
2020,15,00-0027029,L.McCoy,RB,TB,ATL,0,0,0.0,0,0.0,0.0,0.0,0,0.0,0,3,3,32.0,0,3.2,6.2,,,71.0,210.0,32.36275,11.0,Pittsburgh,2009.0,2009.0,PHI,53.0,,0.069767445
2020,16,00-0027029,L.McCoy,RB,TB,DET,0,0,0.0,0,0.0,0.0,0.0,0,0.0,0,1,1,5.0,0,0.5,1.5,,,71.0,210.0,32.36275,11.0,Pittsburgh,2009.0,2009.0,PHI,53.0,,0.024390243
2020,1,00-0027061,J.Cook,TE,NO,TB,0,0,0.0,0,0.0,0.0,0.0,0,0.0,0,7,5,80.0,0,8.0,13.0,,,77.0,254.0,33.61411111111111,11.0,South Carolina,2009.0,2009.0,TEN,89.0,11.0,0.23333333
2020,2,00-0027061,J.Cook,TE,NO,LV,0,0,0.0,0,0.0,0.0,0.0,0,0.0,0,5,2,13.0,1,7.3,9.3,,,77.0,254.0,33.61411111111111,11.0,South Carolina,2009.0,2009.0,TEN,89.0,,0.13513513
2020,3,00-0027061,J.Cook,TE,NO,GB,0,0,0.0,0,0.0,0.0,0.0,0,0.0,0,3,2,21.0,0,2.1,4.1,,,77.0,254.0,33.61411111111111,11.0,South Carolina,2009.0,2009.0,TEN,89.0,-7.0,0.08571429
2020,5,00-0027061,J.Cook,TE,NO,LAC,0,0,0.0,0,0.0,0.0,0.0,0,0.0,0,3,2,52.0,1,11.2,13.2,,,77.0,254.0,33.61411111111111,11.0,South Carolina,2009.0,2009.0,TEN,89.0,3.0,0.06382979
2020,7,00-0027061,J.Cook,TE,NO,CAR,0,0,0.0,0,0.0,0.0,0.0,0,0.0,0,4,3,32.0,1,9.2,12.2,,,77.0,254.0,33.61411111111111,11.0,South Carolina,2009.0,2009.0,TEN,89.0,3.0,0.114285715
2020,8,00-0027061,J.Cook,TE,NO,CHI,0,0,0.0,0,0.0,0.0,0.0,0,0.0,0,7,5,51.0,1,11.1,16.1,,,77.0,254.0,33.61411111111111,11.0,South Carolina,2009.0,2009.0,TEN,89.0,,0.17073171
2020,9,00-0027061,J.Cook,TE,NO,TB,0,0,0.0,0,0.0,0.0,0.0,0,0.0,0,3,2,30.0,0,1.0,3.0,,,77.0,254.0,33.61411111111111,11.0,South Carolina,2009.0,2009.0,TEN,89.0,,0.0882353
2020,10,00-0027061,J.Cook,TE,NO,SF,0,0,0.0,0,0.0,0.0,0.0,0,0.0,0,2,0,0.0,0,0.0,0.0,,,77.0,254.0,33.61411111111111,11.0,South Carolina,2009.0,2009.0,TEN,89.0,14.0,0.08695652
2020,11,00-0027061,J.Cook,TE,NO,ATL,0,0,0.0,0,0.0,0.0,0.0,0,0.0,0,1,1,6.0,0,0.6,1.6,,,77.0,254.0,33.61411111111111,11.0,South Carolina,2009.0,2009.0,TEN,89.0,15.0,0.04347826
2020,12,00-0027061,J.Cook,TE,NO,DEN,0,0,0.0,0,0.0,0.0,0.0,0,0.0,0,2,0,0.0,0,0.0,0.0,,,77.0,254.0,33.61411111111111,11.0,South Carolina,2009.0,2009.0,TEN,89.0,,0.14285715
2020,13,00-0027061,J.Cook,TE,NO,ATL,0,0,0.0,0,0.0,0.0,0.0,0,0.0,0,5,3,28.0,1,8.8,11.8,,,77.0,254.0,33.61411111111111,11.0,South Carolina,2009.0,2009.0,TEN,89.0,,0.13513513
2020,14,00-0027061,J.Cook,TE,NO,PHI,0,0,0.0,0,0.0,0.0,0.0,0,0.0,0,4,3,37.0,1,9.7,12.7,,,77.0,254.0,33.61411111111111,11.0,South Carolina,2009.0,2009.0,TEN,89.0,,0.10810811
2020,15,00-0027061,J.Cook,TE,NO,KC,0,0,0.0,0,0.0,0.0,0.0,0,0.0,0,5,2,29.0,0,2.9,4.9,,,77.0,254.0,33.61411111111111,11.0,South Carolina,2009.0,2009.0,TEN,89.0,-3.0,0.15151516
2020,16,00-0027061,J.Cook,TE,NO,MIN,0,0,0.0,0,0.0,0.0,0.0,0,0.0,0,4,3,82.0,0,8.2,11.2,,,77.0,254.0,33.61411111111111,11.0,South Carolina,2009.0,2009.0,TEN,89.0,19.0,0.14285715
2020,17,00-0027061,J.Cook,TE,NO,CAR,0,0,0.0,0,0.0,0.0,0.0,0,0.0,0,5,4,43.0,1,10.3,14.3,,,77.0,254.0,33.61411111111111,11.0,South Carolina,2009.0,2009.0,TEN,89.0,,0.1724138
2020,18,00-0027061,J.Cook,TE,NO,CHI,0,0,0.0,0,0.0,0.0,0.0,0,0.0,0,7,4,40.0,0,4.0,8.0,,,77.0,254.0,33.61411111111111,11.0,South Carolina,2009.0,2009.0,TEN,89.0,12.0,0.19444445
2020,19,00-0027061,J.Cook,TE,NO,TB,0,0,0.0,0,0.0,0.0,0.0,0,0.0,0,7,5,28.0,0,0.8,5.8,,,77.0,254.0,33.61411111111111,11.0,South Carolina,2009.0,2009.0,TEN,89.0,-10.0,0.2
2020,1,00-0027150,J.Edelman,WR,NE,MIA,0,0,0.0,0,0.0,0.0,0.0,1,23.0,0,7,5,57.0,0,8.0,13.0,,,70.0,200.0,34.4715625,11.0,Kent State,2009.0,2009.0,NE,232.0,10.0,0.36842105
2020,2,00-0027150,J.Edelman,WR,NE,SEA,0,0,0.0,0,0.0,0.0,0.0,0,0.0,0,11,8,179.0,0,17.9,25.9,,,70.0,200.0,34.4715625,11.0,Kent State,2009.0,2009.0,NE,232.0,,0.25581396
2020,3,00-0027150,J.Edelman,WR,NE,LV,0,0,0.0,0,0.0,0.0,0.0,1,-1.0,0,6,2,23.0,0,2.2,4.2,,,70.0,200.0,34.4715625,11.0,Kent State,2009.0,2009.0,NE,232.0,16.0,0.21428572
2020,4,00-0027150,J.Edelman,WR,NE,KC,0,0,0.0,0,0.0,0.0,0.0,0,0.0,0,6,3,35.0,0,3.5,6.5,,,70.0,200.0,34.4715625,11.0,Kent State,2009.0,2009.0,NE,232.0,,0.17142858
2020,6,00-0027150,J.Edelman,WR,NE,DEN,2,2,38.0,0,0.0,0.0,-0.0,0,0.0,0,6,2,8.0,0,2.32,4.32,,,70.0,200.0,34.4715625,11.0,Kent State,2009.0,2009.0,NE,232.0,-6.0,0.22222222
2020,7,00-0027150,J.Edelman,WR,NE,SF,0,0,0.0,0,0.0,0.0,0.0,0,0.0,0,3,1,13.0,0,1.3,2.3,,,70.0,200.0,34.4715625,11.0,Kent State,2009.0,2009.0,NE,232.0,-27.0,0.13636364
2020,13,00-0027647,D.McCourty,FS,NE,NE,0,0,0.0,0,0.0,0.0,0.0,0,0.0,0,0,0,0.0,0,6.0,6.0,,,70.0,195.0,33.2450625,10.0,Rutgers,2010.0,2010.0,NE,27.0,,
2020,1,00-0027656,R.Gronkowski,TE,TB,NO,0,0,0.0,0,0.0,0.0,0.0,0,0.0,0,3,2,11.0,0,1.1,3.1,,,78.0,265.0,31.52505,10.0,Arizona,2010.0,2010.0,NE,42.0,,0.0882353
2020,2,00-0027656,R.Gronkowski,TE,TB,CAR,0,0,0.0,0,0.0,0.0,0.0,0,0.0,0,1,0,0.0,0,0.0,0.0,,,78.0,265.0,31.52505,10.0,Arizona,2010.0,2010.0,NE,42.0,14.0,0.028571429
2020,3,00-0027656,R.Gronkowski,TE,TB,DEN,0,0,0.0,0,0.0,0.0,0.0,0,0.0,0,7,6,48.0,0,4.8,10.8,,,78.0,265.0,31.52505,10.0,Arizona,2010.0,2010.0,NE,42.0,,0.19444445
2020,4,00-0027656,R.Gronkowski,TE,TB,LAC,0,0,0.0,0,0.0,0.0,0.0,0,0.0,0,3,1,29.0,0,2.9,3.9,,,78.0,265.0,31.52505,10.0,Arizona,2010.0,2010.0,NE,42.0,7.0,0.06666667
2020,5,00-0027656,R.Gronkowski,TE,TB,CHI,0,0,0.0,0,0.0,0.0,0.0,0,0.0,0,6,3,52.0,0,5.2,8.2,,,78.0,265.0,31.52505,10.0,Arizona,2010.0,2010.0,NE,42.0,,0.14634146
2020,6,00-0027656,R.Gronkowski,TE,TB,GB,0,0,0.0,0,0.0,0.0,0.0,0,0.0,0,8,5,78.0,1,13.8,18.8,,,78.0,265.0,31.52505,10.0,Arizona,2010.0,2010.0,NE,42.0,28.0,0.2962963
2020,7,00-0027656,R.Gronkowski,TE,TB,LV,0,0,0.0,0,0.0,0.0,0.0,0,0.0,0,8,5,62.0,1,12.2,17.2,,,78.0,265.0,31.52505,10.0,Arizona,2010.0,2010.0,NE,42.0,,0.19512194
2020,8,00-0027656,R.Gronkowski,TE,TB,NYG,0,0,0.0,0,0.0,0.0,0.0,0,0.0,0,4,4,41.0,1,10.1,14.1,,,78.0,265.0,31.52505,10.0,Arizona,2010.0,2010.0,NE,42.0,,0.1
2020,9,00-0027656,R.Gronkowski,TE,TB,NO,0,0,0.0,0,0.0,0.0,0.0,0,0.0,0,6,1,2.0,0,0.2,1.2,,,78.0,265.0,31.52505,10.0,Arizona,2010.0,2010.0,NE,42.0,-35.0,0.16216215
2020,10,00-0027656,R.Gronkowski,TE,TB,CAR,0,0,0.0,0,0.0,0.0,0.0,0,0.0,0,3,2,51.0,1,11.1,13.1,,,78.0,265.0,31.52505,10.0,Arizona,2010.0,2010.0,NE,42.0,,0.078947365
2020,11,00-0027656,R.Gronkowski,TE,TB,LA,0,0,0.0,0,0.0,0.0,0.0,0,0.0,0,6,2,25.0,0,2.5,4.5,,,78.0,265.0,31.52505,10.0,Arizona,2010.0,2010.0,NE,42.0,-3.0,0.12765957
2020,12,00-0027656,R.Gronkowski,TE,TB,KC,0,0,0.0,0,0.0,0.0,0.0,0,0.0,0,7,6,106.0,0,10.6,16.6,,,78.0,265.0,31.52505,10.0,Arizona,2010.0,2010.0,NE,42.0,-3.0,0.17073171
2020,14,00-0027656,R.Gronkowski,TE,TB,MIN,0,0,0.0,0,0.0,0.0,0.0,0,0.0,0,2,1,2.0,1,6.2,7.2,,,78.0,265.0,31.52505,10.0,Arizona,2010.0,2010.0,NE,42.0,12.0,0.09090909
2020,15,00-0027656,R.Gronkowski,TE,TB,ATL,0,0,0.0,0,0.0,0.0,0.0,0,0.0,0,7,3,29.0,0,2.9,5.9,,,78.0,265.0,31.52505,10.0,Arizona,2010.0,2010.0,NE,42.0,,0.1627907
2020,16,00-0027656,R.Gronkowski,TE,TB,DET,0,0,0.0,0,0.0,0.0,0.0,0,0.0,0,2,2,58.0,2,17.8,19.8,,,78.0,265.0,31.52505,10.0,Arizona,2010.0,2010.0,NE,42.0,,0.048780486
2020,17,00-0027656,R.Gronkowski,TE,TB,ATL,0,0,0.0,0,0.0,0.0,0.0,0,0.0,0,4,2,29.0,0,2.9,4.9,,,78.0,265.0,31.52505,10.0,Arizona,2010.0,2010.0,NE,42.0,17.0,0.10526316
2020,18,00-0027656,R.Gronkowski,TE,TB,WAS,0,0,0.0,0,0.0,0.0,0.0,0,0.0,0,1,0,0.0,0,0.0,0.0,,,78.0,265.0,31.52505,10.0,Arizona,2010.0,2010.0,NE,42.0,,0.02631579
2020,19,00-0027656,R.Gronkowski,TE,TB,NO,0,0,0.0,0,0.0,0.0,0.0,0,0.0,0,5,1,14.0,0,1.4,2.4,,,78.0,265.0,31.52505,10.0,Arizona,2010.0,2010.0,NE,42.0,,0.15151516
2020,20,00-0027656,R.Gronkowski,TE,TB,GB,0,0,0.0,0,0.0,0.0,0.0,0,0.0,0,1,1,29.0,0,2.9,3.9,,,78.0,265.0,31.52505,10.0,Arizona,2010.0,2010.0,NE,42.0,,0.028571429
2020,21,00-0027656,R.Gronkowski,TE,TB,KC,0,0,0.0,0,0.0,0.0,0.0,0,0.0,0,7,6,67.0,2,18.7,24.7,,,78.0,265.0,31.52505,10.0,Arizona,2010.0,2010.0,NE,42.0,22.0,0.2413793
2020,1,00-0027685,E.Sanders,WR,NO,TB,0,0,0.0,0,0.0,0.0,0.0,0,0.0,0,5,3,15.0,1,7.5,10.5,,,71.0,180.0,33.67166666666667,10.0,Southern Methodist,2010.0,2010.0,PIT,82.0,11.0,0.16666667
2020,2,00-0027685,E.Sanders,WR,NO,LV,0,0,0.0,0,0.0,0.0,0.0,0,0.0,0,3,1,18.0,0,1.8,2.8,,,71.0,180.0,33.67166666666667,10.0,Southern Methodist,2010.0,2010.0,PIT,82.0,,0.08108108
2020,3,00-0027685,E.Sanders,WR,NO,GB,0,0,0.0,0,0.0,0.0,0.0,0,0.0,0,5,4,56.0,1,11.6,15.6,,,71.0,180.0,33.67166666666667,10.0,Southern Methodist,2010.0,2010.0,PIT,82.0,-7.0,0.14285715
2020,4,00-0027685,E.Sanders,WR,NO,DET,0,0,0.0,0,0.0,0.0,0.0,0,0.0,0,9,6,93.0,0,9.3,15.3,,,71.0,180.0,33.67166666666667,10.0,Southern Methodist,2010.0,2010.0,PIT,82.0,,0.36
2020,5,00-0027685,E.Sanders,WR,NO,LAC,0,0,0.0,0,0.0,0.0,0.0,0,0.0,0,14,12,122.0,0,12.2,24.2,,,71.0,180.0,33.67166666666667,10.0,Southern Methodist,2010.0,2010.0,PIT,82.0,3.0,0.29787233
2020,9,00-0027685,E.Sanders,WR,NO,TB,0,0,0.0,0,0.0,0.0,0.0,0,0.0,0,5,4,38.0,1,9.8,13.8,,,71.0,180.0,33.67166666666667,10.0,Southern Methodist,2010.0,2010.0,PIT,82.0,,0.14705883
2020,10,00-0027685,E.Sanders,WR,NO,SF,0,0,0.0,0,0.0,0.0,0.0,0,0.0,0,1,1,5.0,0,0.5,1.5,,,71.0,180.0,33.67166666666667,10.0,Southern Methodist,2010.0,2010.0,PIT,82.0,14.0,0.04347826
2020,11,00-0027685,E.Sanders,WR,NO,ATL,0,0,0.0,0,0.0,0.0,0.0,0,0.0,0,5,4,66.0,0,6.6,10.6,,,71.0,180.0,33.67166666666667,10.0,Southern Methodist,2010.0,2010.0,PIT,82.0,15.0,0.2173913
2020,12,00-0027685,E.Sanders,WR,NO,DEN,0,0,0.0,0,0.0,0.0,0.0,0,0.0,0,1,1,4.0,0,0.4,1.4,,,71.0,180.0,33.67166666666667,10.0,Southern Methodist,2010.0,2010.0,PIT,82.0,,0.071428575
2020,13,00-0027685,E.Sanders,WR,NO,ATL,0,0,0.0,0,0.0,0.0,0.0,0,0.0,0,6,5,39.0,0,3.9,8.9,,,71.0,180.0,33.67166666666667,10.0,Southern Methodist,2010.0,2010.0,PIT,82.0,,0.16216215
2020,14,00-0027685,E.Sanders,WR,NO,PHI,0,0,0.0,0,0.0,0.0,0.0,0,0.0,0,5,3,48.0,1,10.8,13.8,,,71.0,180.0,33.67166666666667,10.0,Southern Methodist,2010.0,2010.0,PIT,82.0,,0.13513513
2020,15,00-0027685,E.Sanders,WR,NO,KC,0,0,0.0,0,0.0,0.0,0.0,0,0.0,0,5,4,76.0,0,7.6,11.6,,,71.0,180.0,33.67166666666667,10.0,Southern Methodist,2010.0,2010.0,PIT,82.0,-3.0,0.15151516
2020,16,00-0027685,E.Sanders,WR,NO,MIN,0,0,0.0,0,0.0,0.0,0.0,1,12.0,0,5,4,83.0,0,9.5,13.5,,,71.0,180.0,33.67166666666667,10.0,Southern Methodist,2010.0,2010.0,PIT,82.0,19.0,0.17857143
2020,17,00-0027685,E.Sanders,WR,NO,CAR,0,0,0.0,0,0.0,0.0,0.0,0,0.0,0,13,9,63.0,1,12.3,21.3,,,71.0,180.0,33.67166666666667,10.0,Southern Methodist,2010.0,2010.0,PIT,82.0,,0.44827586
2020,18,00-0027685,E.Sanders,WR,NO,CHI,0,0,0.0,0,0.0,0.0,0.0,0,0.0,0,3,2,3.0,0,0.3,2.3,,,71.0,180.0,33.67166666666667,10.0,Southern Methodist,2010.0,2010.0,PIT,82.0,12.0,0.083333336
2020,19,00-0027685,E.Sanders,WR,NO,TB,0,0,0.0,0,0.0,0.0,0.0,0,0.0,0,9,6,48.0,0,4.8,10.8,,,71.0,180.0,33.67166666666667,10.0,Southern Methodist,2010.0,2010.0,PIT,82.0,-10.0,0.25714287
2020,12,00-0027688,C.McCoy,QB,NYG,CIN,6,10,31.0,0,0.0,0.0,-0.0,5,7.0,0,0,0,0.0,0,1.94,1.94,,,73.0,212.0,34.1740625,10.0,Texas,2010.0,2010.0,CLE,85.0,,
2020,13,00-0027688,C.McCoy,QB,NYG,SEA,13,22,105.0,1,1.0,2.0,5.0,2,2.0,0,0,0,0.0,0,8.4,8.4,,,73.0,212.0,34.1740625,10.0,Texas,2010.0,2010.0,CLE,85.0,,
2020,14,00-0027688,C.McCoy,QB,NYG,ARI,2,3,18.0,0,0.0,2.0,12.0,0,0.0,0,0,0,0.0,0,-1.28,-1.28,,,73.0,212.0,34.1740625,10.0,Texas,2010.0,2010.0,CLE,85.0,-19.0,
2020,15,00-0027688,C.McCoy,QB,NYG,CLE,19,31,221.0,0,0.0,1.0,7.0,2,3.0,0,0,0,0.0,0,9.14,9.14,,,73.0,212.0,34.1740625,10.0,Texas,2010.0,2010.0,CLE,85.0,-14.0,
2020,4,00-0027691,A.Roberts,WR,BUF,LV,0,0,0.0,0,0.0,0.0,0.0,1,-3.0,0,1,1,6.0,0,0.3,1.3,,,71.0,195.0,32.860789473684214,10.0,Citadel,2010.0,2010.0,ARI,88.0,,0.03125
2020,5,00-0027691,A.Roberts,WR,BUF,TEN,0,0,0.0,0,0.0,0.0,0.0,0,0.0,0,2,1,16.0,0,1.6,2.6,,,71.0,195.0,32.860789473684214,10.0,Citadel,2010.0,2010.0,ARI,88.0,,0.044444446
2020,16,00-0027691,A.Roberts,WR,BUF,NE,0,0,0.0,0,0.0,0.0,0.0,0,0.0,0,2,2,12.0,0,1.2,3.2,,,71.0,195.0,32.860789473684214,10.0,Citadel,2010.0,2010.0,ARI,88.0,,0.05263158
2020,1,00-0027696,J.Graham,TE,CHI,DET,0,0,0.0,0,0.0,0.0,0.0,0,0.0,0,7,3,25.0,1,8.5,11.5,,,79.0,265.0,33.965294117647055,10.0,Miami,2010.0,2010.0,NO,95.0,,0.19444445
2020,2,00-0027696,J.Graham,TE,CHI,NYG,0,0,0.0,0,0.0,0.0,0.0,0,0.0,0,1,1,18.0,0,1.8,2.8,,,79.0,265.0,33.965294117647055,10.0,Miami,2010.0,2010.0,NO,95.0,4.0,0.035714287
2020,3,00-0027696,J.Graham,TE,CHI,ATL,0,0,0.0,0,0.0,0.0,0.0,0,0.0,0,10,6,60.0,2,18.0,24.0,,,79.0,265.0,33.965294117647055,10.0,Miami,2010.0,2010.0,NO,95.0,,0.20408164
2020,4,00-0027696,J.Graham,TE,CHI,IND,0,0,0.0,0,0.0,0.0,0.0,0,0.0,0,5,4,33.0,0,3.3,7.3,,,79.0,265.0,33.965294117647055,10.0,Miami,2010.0,2010.0,NO,95.0,-8.0,0.11904762
2020,5,00-0027696,J.Graham,TE,CHI,TB,0,0,0.0,0,0.0,0.0,0.0,0,0.0,0,5,3,33.0,1,9.3,12.3,,,79.0,265.0,33.965294117647055,10.0,Miami,2010.0,2010.0,NO,95.0,1.0,0.11904762
2020,6,00-0027696,J.Graham,TE,CHI,CAR,0,0,0.0,0,0.0,0.0,0.0,0,0.0,0,8,5,34.0,0,3.4,8.4,,,79.0,265.0,33.965294117647055,10.0,Miami,2010.0,2010.0,NO,95.0,,0.22222222
2020,7,00-0027696,J.Graham,TE,CHI,LA,0,0,0.0,0,0.0,0.0,0.0,0,0.0,0,6,5,31.0,0,3.1,8.1,,,79.0,265.0,33.965294117647055,10.0,Miami,2010.0,2010.0,NO,95.0,,0.15789473
2020,8,00-0027696,J.Graham,TE,CHI,NO,0,0,0.0,0,0.0,0.0,0.0,0,0.0,0,7,2,13.0,0,1.3,3.3,,,79.0,265.0,33.965294117647055,10.0,Miami,2010.0,2010.0,NO,95.0,-3.0,0.17073171
2020,9,00-0027696,J.Graham,TE,CHI,TEN,0,0,0.0,0,0.0,0.0,0.0,0,0.0,0,6,6,55.0,1,11.5,17.5,,,79.0,265.0,33.965294117647055,10.0,Miami,2010.0,2010.0,NO,95.0,,0.12765957
2020,10,00-0027696,J.Graham,TE,CHI,MIN,0,0,0.0,0,0.0,0.0,0.0,0,0.0,0,2,0,0.0,0,0.0,0.0,,,79.0,265.0,33.965294117647055,10.0,Miami,2010.0,2010.0,NO,95.0,-6.0,0.06896552
2020,12,00-0027696,J.Graham,TE,CHI,GB,0,0,0.0,0,0.0,0.0,0.0,0,0.0,0,4,3,32.0,0,3.2,6.2,,,79.0,265.0,33.965294117647055,10.0,Miami,2010.0,2010.0,NO,95.0,,0.09090909
2020,13,00-0027696,J.Graham,TE,CHI,DET,0,0,0.0,0,0.0,0.0,0.0,0,0.0,0,1,0,0.0,0,0.0,0.0,,,79.0,265.0,33.965294117647055,10.0,Miami,2010.0,2010.0,NO,95.0,-4.0,0.030303031
2020,14,00-0027696,J.Graham,TE,CHI,HOU,0,0,0.0,0,0.0,0.0,0.0,0,0.0,0,4,4,23.0,1,8.3,12.3,,,79.0,265.0,33.965294117647055,10.0,Miami,2010.0,2010.0,NO,95.0,29.0,0.121212125
2020,15,00-0027696,J.Graham,TE,CHI,MIN,0,0,0.0,0,0.0,0.0,0.0,0,0.0,0,3,2,25.0,0,2.5,4.5,,,79.0,265.0,33.965294117647055,10.0,Miami,2010.0,2010.0,NO,95.0,,0.14285715
2020,16,00-0027696,J.Graham,TE,CHI,JAX,0,0,0.0,0,0.0,0.0,0.0,0,0.0,0,5,4,69.0,2,18.9,22.9,,,79.0,265.0,33.965294117647055,10.0,Miami,2010.0,2010.0,NO,95.0,,0.1388889
2020,17,00-0027696,J.Graham,TE,CHI,GB,0,0,0.0,0,0.0,0.0,0.0,0,0.0,0,2,2,5.0,0,0.5,2.5,,,79.0,265.0,33.965294117647055,10.0,Miami,2010.0,2010.0,NO,95.0,-19.0,0.048780486
2020,18,00-0027696,J.Graham,TE,CHI,NO,0,0,0.0,0,0.0,0.0,0.0,0,0.0,0,2,2,25.0,1,8.5,10.5,,,79.0,265.0,33.965294117647055,10.0,Miami,2010.0,2010.0,NO,95.0,,0.074074075
2020,9,00-0027793,A.Brown,WR,TB,NO,0,0,0.0,0,0.0,0.0,0.0,0,0.0,0,5,3,31.0,0,3.1,6.1,,,70.0,185.0,32.44030769230769,10.0,Central Michigan,2010.0,2010.0,PIT,195.0,-35.0,0.13513513
2020,10,00-0027793,A.Brown,WR,TB,CAR,0,0,0.0,0,0.0,0.0,0.0,1,-3.0,0,8,7,69.0,0,6.6,13.6,,,70.0,185.0,32.44030769230769,10.0,Central Michigan,2010.0,2010.0,PIT,195.0,,0.21052632
2020,11,00-0027793,A.Brown,WR,TB,LA,0,0,0.0,0,0.0,0.0,0.0,1,1.0,0,13,8,57.0,0,5.8,13.8,,,70.0,185.0,32.44030769230769,10.0,Central Michigan,2010.0,2010.0,PIT,195.0,-3.0,0.27659574
2020,12,00-0027793,A.Brown,WR,TB,KC,0,0,0.0,0,0.0,0.0,0.0,0,0.0,0,3,2,11.0,0,1.1,3.1,,,70.0,185.0,32.44030769230769,10.0,Central Michigan,2010.0,2010.0,PIT,195.0,-3.0,0.07317073
2020,14,00-0027793,A.Brown,WR,TB,MIN,0,0,0.0,0,0.0,0.0,0.0,0,0.0,0,5,5,49.0,0,4.9,9.9,,,70.0,185.0,32.44030769230769,10.0,Central Michigan,2010.0,2010.0,PIT,195.0,12.0,0.22727273
2020,15,00-0027793,A.Brown,WR,TB,ATL,0,0,0.0,0,0.0,0.0,0.0,0,0.0,0,7,5,93.0,1,15.3,20.3,,,70.0,185.0,32.44030769230769,10.0,Central Michigan,2010.0,2010.0,PIT,195.0,,0.1627907
2020,16,00-0027793,A.Brown,WR,TB,DET,0,0,0.0,0,0.0,0.0,0.0,0,0.0,0,6,4,35.0,1,9.5,13.5,,,70.0,185.0,32.44030769230769,10.0,Central Michigan,2010.0,2010.0,PIT,195.0,,0.14634146
2020,17,00-0027793,A.Brown,WR,TB,ATL,0,0,0.0,0,0.0,0.0,0.0,0,0.0,0,15,11,138.0,2,25.8,36.8,,,70.0,185.0,32.44030769230769,10.0,Central Michigan,2010.0,2010.0,PIT,195.0,17.0,0.39473686
2020,18,00-0027793,A.Brown,WR,TB,WAS,0,0,0.0,0,0.0,0.0,0.0,1,22.0,0,3,2,49.0,1,13.1,15.1,,,70.0,185.0,32.44030769230769,10.0,Central Michigan,2010.0,2010.0,PIT,195.0,,0.078947365
2020,19,00-0027793,A.Brown,WR,TB,NO,0,0,0.0,0,0.0,0.0,0.0,0,0.0,0,3,1,10.0,0,1.0,2.0,,,70.0,185.0,32.44030769230769,10.0,Central Michigan,2010.0,2010.0,PIT,195.0,,0.09090909
2020,21,00-0027793,A.Brown,WR,TB,KC,0,0,0.0,0,0.0,0.0,0.0,0,0.0,0,6,5,22.0,1,8.2,13.2,,,70.0,185.0,32.44030769230769,10.0,Central Michigan,2010.0,2010.0,PIT,195.0,22.0,0.20689656
2020,2,00-0027891,G.Tate,WR,NYG,CHI,0,0,0.0,0,0.0,0.0,0.0,0,0.0,0,5,5,47.0,0,4.7,9.7,,,71.0,197.0,32.2656875,10.0,Notre Dame,2010.0,2010.0,SEA,60.0,,0.1388889
2020,3,00-0027891,G.Tate,WR,NYG,SF,0,0,0.0,0,0.0,0.0,0.0,0,0.0,0,7,5,36.0,0,3.6,8.6,,,71.0,197.0,32.2656875,10.0,Notre Dame,2010.0,2010.0,SEA,60.0,-27.0,0.22580644
2020,4,00-0027891,G.Tate,WR,NYG,LA,0,0,0.0,0,0.0,0.0,0.0,0,0.0,0,6,4,20.0,0,2.0,6.0,,,71.0,197.0,32.2656875,10.0,Notre Dame,2010.0,2010.0,SEA,60.0,,0.16666667
2020,5,00-0027891,G.Tate,WR,NYG,DAL,0,0,0.0,0,0.0,0.0,0.0,0,0.0,0,5,4,42.0,0,4.2,8.2,,,71.0,197.0,32.2656875,10.0,Notre Dame,2010.0,2010.0,SEA,60.0,,0.1724138
2020,6,00-0027891,G.Tate,WR,NYG,WAS,0,0,0.0,0,0.0,0.0,0.0,0,0.0,0,1,1,11.0,0,1.1,2.1,,,71.0,197.0,32.2656875,10.0,Notre Dame,2010.0,2010.0,SEA,60.0,1.0,0.055555556
2020,7,00-0027891,G.Tate,WR,NYG,PHI,0,0,0.0,0,0.0,0.0,0.0,0,0.0,0,2,1,39.0,1,9.9,10.9,,,71.0,197.0,32.2656875,10.0,Notre Dame,2010.0,2010.0,SEA,60.0,,0.071428575
2020,8,00-0027891,G.Tate,WR,NYG,TB,1,1,18.0,0,0.0,0.0,-0.0,0,0.0,0,3,2,31.0,1,9.82,11.82,,,71.0,197.0,32.2656875,10.0,Notre Dame,2010.0,2010.0,SEA,60.0,-2.0,0.07317073
2020,10,00-0027891,G.Tate,WR,NYG,PHI,0,0,0.0,0,0.0,0.0,0.0,0,0.0,0,5,2,44.0,0,4.4,6.4,,,71.0,197.0,32.2656875,10.0,Notre Dame,2010.0,2010.0,SEA,60.0,10.0,0.17857143
2020,12,00-0027891,G.Tate,WR,NYG,CIN,0,1,0.0,0,0.0,0.0,-0.0,0,0.0,0,9,4,36.0,0,3.6,7.6,,,71.0,197.0,32.2656875,10.0,Notre Dame,2010.0,2010.0,SEA,60.0,,0.24324325
2020,13,00-0027891,G.Tate,WR,NYG,SEA,0,0,0.0,0,0.0,0.0,0.0,0,0.0,0,4,4,30.0,0,3.0,7.0,,,71.0,197.0,32.2656875,10.0,Notre Dame,2010.0,2010.0,SEA,60.0,,0.18181819
2020,14,00-0027891,G.Tate,WR,NYG,ARI,0,0,0.0,0,0.0,0.0,0.0,0,0.0,0,2,1,39.0,0,3.9,4.9,,,71.0,197.0,32.2656875,10.0,Notre Dame,2010.0,2010.0,SEA,60.0,-19.0,0.083333336
2020,15,00-0027891,G.Tate,WR,NYG,CLE,0,0,0.0,0,0.0,0.0,0.0,0,0.0,0,3,2,13.0,0,1.3,3.3,,,71.0,197.0,32.2656875,10.0,Notre Dame,2010.0,2010.0,SEA,60.0,-14.0,0.09375
2020,11,00-0027902,D.Bryant,WR,BAL,TEN,0,0,0.0,0,0.0,0.0,0.0,0,0.0,0,5,4,28.0,0,2.8,6.8,,,74.0,220.0,32.098333333333336,10.0,Oklahoma State,2010.0,2010.0,DAL,24.0,-6.0,0.17857143
2020,12,00-0027902,D.Bryant,WR,BAL,PIT,0,0,0.0,0,0.0,0.0,0.0,0,0.0,0,2,0,0.0,0,0.0,0.0,,,74.0,220.0,32.098333333333336,10.0,Oklahoma State,2010.0,2010.0,DAL,24.0,,0.11111111
2020,15,00-0027902,D.Bryant,WR,BAL,JAX,0,0,0.0,0,0.0,0.0,0.0,0,0.0,0,3,1,11.0,1,7.1,8.1,,,74.0,220.0,32.098333333333336,10.0,Oklahoma State,2010.0,2010.0,DAL,24.0,26.0,0.115384616
2020,16,00-0027902,D.Bryant,WR,BAL,NYG,0,0,0.0,0,0.0,0.0,0.0,0,0.0,0,1,1,8.0,1,6.8,7.8,,,74.0,220.0,32.098333333333336,10.0,Oklahoma State,2010.0,2010.0,DAL,24.0,14.0,0.04347826
2020,18,00-0027902,D.Bryant,WR,BAL,TEN,0,0,0.0,0,0.0,0.0,0.0,0,0.0,0,1,0,0.0,0,0.0,0.0,,,74.0,220.0,32.098333333333336,10.0,Oklahoma State,2010.0,2010.0,DAL,24.0,,0.041666668
2020,19,00-0027902,D.Bryant,WR,BAL,BUF,0,0,0.0,0,0.0,0.0,0.0,0,0.0,0,1,0,0.0,0,0.0,0.0,,,74.0,220.0,32.098333333333336,10.0,Oklahoma State,2010.0,2010.0,DAL,24.0,,0.028571429
2020,1,00-0027939,C.Newton,QB,NE,MIA,15,19,155.0,0,0.0,2.0,15.0,15,75.0,2,0,0,0.0,0,25.7,25.7,,,77.0,245.0,31.5010625,9.0,Auburn,2011.0,2011.0,CAR,1.0,10.0,
2020,2,00-0027939,C.Newton,QB,NE,SEA,30,44,397.0,1,1.0,1.0,-0.0,11,47.0,2,0,0,0.0,0,34.58,34.58,,,77.0,245.0,31.5010625,9.0,Auburn,2011.0,2011.0,CAR,1.0,,
2020,3,00-0027939,C.Newton,QB,NE,LV,17,28,162.0,1,1.0,2.0,6.0,9,27.0,0,0,0,0.0,0,11.18,11.18,,,77.0,245.0,31.5010625,9.0,Auburn,2011.0,2011.0,CAR,1.0,16.0,
2020,6,00-0027939,C.Newton,QB,NE,DEN,17,25,157.0,0,2.0,4.0,24.0,10,76.0,1,1,1,16.0,0,17.48,18.48,,,77.0,245.0,31.5010625,9.0,Auburn,2011.0,2011.0,CAR,1.0,-6.0,0.037037037
2020,7,00-0027939,C.Newton,QB,NE,SF,9,15,98.0,0,3.0,1.0,8.0,5,19.0,0,0,0,0.0,0,-0.18,-0.18,,,77.0,245.0,31.5010625,9.0,Auburn,2011.0,2011.0,CAR,1.0,-27.0,
2020,8,00-0027939,C.Newton,QB,NE,BUF,15,25,174.0,0,0.0,2.0,13.0,9,54.0,1,0,0,0.0,0,18.36,18.36,,,77.0,245.0,31.5010625,9.0,Auburn,2011.0,2011.0,CAR,1.0,,
2020,9,00-0027939,C.Newton,QB,NE,NYJ,27,35,274.0,0,0.0,0.0,-0.0,10,16.0,2,0,0,0.0,0,24.56,24.56,,,77.0,245.0,31.5010625,9.0,Auburn,2011.0,2011.0,CAR,1.0,,
2020,10,00-0027939,C.Newton,QB,NE,BAL,13,17,118.0,1,0.0,1.0,7.0,11,21.0,1,0,0,0.0,0,16.82,16.82,,,77.0,245.0,31.5010625,9.0,Auburn,2011.0,2011.0,CAR,1.0,6.0,
2020,11,00-0027939,C.Newton,QB,NE,HOU,26,40,365.0,1,0.0,2.0,16.0,3,6.0,0,0,0,0.0,0,19.2,19.2,,,77.0,245.0,31.5010625,9.0,Auburn,2011.0,2011.0,CAR,1.0,,
2020,12,00-0027939,C.Newton,QB,NE,ARI,9,18,84.0,0,2.0,3.0,15.0,9,46.0,0,0,0,0.0,0,3.96,3.96,,,77.0,245.0,31.5010625,9.0,Auburn,2011.0,2011.0,CAR,1.0,3.0,
2020,13,00-0027939,C.Newton,QB,NE,LAC,12,19,69.0,1,0.0,1.0,4.0,14,48.0,2,0,0,0.0,0,23.56,23.56,,,77.0,245.0,31.5010625,9.0,Auburn,2011.0,2011.0,CAR,1.0,,
2020,14,00-0027939,C.Newton,QB,NE,LA,9,16,119.0,0,1.0,4.0,21.0,7,16.0,0,0,0,0.0,0,4.36,4.36,,,77.0,245.0,31.5010625,9.0,Auburn,2011.0,2011.0,CAR,1.0,,
2020,15,00-0027939,C.Newton,QB,NE,MIA,17,27,209.0,0,0.0,3.0,23.0,9,38.0,0,0,0,0.0,0,12.16,12.16,,,77.0,245.0,31.5010625,9.0,Auburn,2011.0,2011.0,CAR,1.0,,
2020,16,00-0027939,C.Newton,QB,NE,BUF,5,10,34.0,0,0.0,2.0,20.0,4,24.0,1,0,0,0.0,0,9.76,9.76,,,77.0,245.0,31.5010625,9.0,Auburn,2011.0,2011.0,CAR,1.0,-29.0,
2020,17,00-0027939,C.Newton,QB,NE,NYJ,21,30,242.0,3,0.0,3.0,23.0,11,79.0,0,1,1,19.0,1,37.48,38.48,,,77.0,245.0,31.5010625,9.0,Auburn,2011.0,2011.0,CAR,1.0,14.0,0.033333335
2020,1,00-0027942,A.Green,WR,CIN,LAC,0,0,0.0,0,0.0,0.0,0.0,0,0.0,0,9,5,51.0,0,5.1,10.1,,,76.0,210.0,32.273375,9.0,Georgia,2011.0,2011.0,CIN,4.0,-3.0,0.25714287
2020,2,00-0027942,A.Green,WR,CIN,CLE,0,0,0.0,0,0.0,0.0,0.0,0,0.0,0,13,3,29.0,0,2.9,5.9,,,76.0,210.0,32.273375,9.0,Georgia,2011.0,2011.0,CIN,4.0,,0.22033899
2020,3,00-0027942,A.Green,WR,CIN,PHI,0,0,0.0,0,0.0,0.0,0.0,0,0.0,0,6,5,36.0,0,3.6,8.6,,,76.0,210.0,32.273375,9.0,Georgia,2011.0,2011.0,CIN,4.0,,0.14285715
2020,4,00-0027942,A.Green,WR,CIN,JAX,0,0,0.0,0,0.0,0.0,0.0,0,0.0,0,5,1,3.0,0,0.3,1.3,,,76.0,210.0,32.273375,9.0,Georgia,2011.0,2011.0,CIN,4.0,8.0,0.14285715
2020,5,00-0027942,A.Green,WR,CIN,BAL,0,0,0.0,0,0.0,0.0,0.0,0,0.0,0,1,0,0.0,0,0.0,0.0,,,76.0,210.0,32.273375,9.0,Georgia,2011.0,2011.0,CIN,4.0,,0.03448276
2020,6,00-0027942,A.Green,WR,CIN,IND,0,0,0.0,0,0.0,0.0,0.0,0,0.0,0,11,8,96.0,0,9.6,17.6,,,76.0,210.0,32.273375,9.0,Georgia,2011.0,2011.0,CIN,4.0,,0.2820513
2020,7,00-0027942,A.Green,WR,CIN,CLE,0,0,0.0,0,0.0,0.0,0.0,0,0.0,0,13,7,82.0,0,8.2,15.2,,,76.0,210.0,32.273375,9.0,Georgia,2011.0,2011.0,CIN,4.0,-3.0,0.27659574
2020,8,00-0027942,A.Green,WR,CIN,TEN,0,0,0.0,0,0.0,0.0,0.0,0,0.0,0,5,2,19.0,0,1.9,3.9,,,76.0,210.0,32.273375,9.0,Georgia,2011.0,2011.0,CIN,4.0,11.0,0.14285715
2020,10,00-0027942,A.Green,WR,CIN,PIT,0,0,0.0,0,0.0,0.0,0.0,0,0.0,0,5,0,0.0,0,0.0,0.0,,,76.0,210.0,32.273375,9.0,Georgia,2011.0,2011.0,CIN,4.0,,0.13157895
2020,11,00-0027942,A.Green,WR,CIN,WAS,0,0,0.0,0,0.0,0.0,0.0,0,0.0,0,9,4,41.0,1,10.1,14.1,,,76.0,210.0,32.273375,9.0,Georgia,2011.0,2011.0,CIN,4.0,,0.20454545
2020,12,00-0027942,A.Green,WR,CIN,NYG,0,0,0.0,0,0.0,0.0,0.0,0,0.0,0,3,0,0.0,0,0.0,0.0,,,76.0,210.0,32.273375,9.0,Georgia,2011.0,2011.0,CIN,4.0,-2.0,0.11111111
2020,13,00-0027942,A.Green,WR,CIN,MIA,0,0,0.0,0,0.0,0.0,0.0,0,0.0,0,1,0,0.0,0,0.0,0.0,,,76.0,210.0,32.273375,9.0,Georgia,2011.0,2011.0,CIN,4.0,,0.037037037
2020,14,00-0027942,A.Green,WR,CIN,DAL,0,0,0.0,0,0.0,0.0,0.0,0,0.0,0,7,6,62.0,1,12.2,18.2,,,76.0,210.0,32.273375,9.0,Georgia,2011.0,2011.0,CIN,4.0,-23.0,0.18421052
2020,15,00-0027942,A.Green,WR,CIN,PIT,0,0,0.0,0,0.0,0.0,0.0,0,0.0,0,3,2,40.0,0,4.0,6.0,,,76.0,210.0,32.273375,9.0,Georgia,2011.0,2011.0,CIN,4.0,10.0,0.23076923
2020,16,00-0027942,A.Green,WR,CIN,HOU,0,0,0.0,0,0.0,0.0,0.0,0,0.0,0,7,4,64.0,0,6.4,10.4,,,76.0,210.0,32.273375,9.0,Georgia,2011.0,2011.0,CIN,4.0,,0.18421052
2020,17,00-0027942,A.Green,WR,CIN,BAL,0,0,0.0,0,0.0,0.0,0.0,0,0.0,0,6,0,0.0,0,0.0,0.0,,,76.0,210.0,32.273375,9.0,Georgia,2011.0,2011.0,CIN,4.0,-35.0,0.3
2020,1,00-0027944,J.Jones,WR,ATL,SEA,0,0,0.0,0,0.0,0.0,0.0,0,0.0,0,12,9,157.0,0,15.7,24.7,,,75.0,220.0,31.7465625,9.0,Alabama,2011.0,2011.0,ATL,6.0,-13.0,0.23076923
2020,2,00-0027944,J.Jones,WR,ATL,DAL,0,0,0.0,0,0.0,0.0,0.0,0,0.0,0,4,2,24.0,0,2.4,4.4,,,75.0,220.0,31.7465625,9.0,Alabama,2011.0,2011.0,ATL,6.0,,0.11111111
2020,4,00-0027944,J.Jones,WR,ATL,GB,0,0,0.0,0,0.0,0.0,0.0,0,0.0,0,4,4,32.0,0,3.2,7.2,,,75.0,220.0,31.7465625,9.0,Alabama,2011.0,2011.0,ATL,6.0,,0.102564104
2020,6,00-0027944,J.Jones,WR,ATL,MIN,0,0,0.0,0,0.0,0.0,0.0,0,0.0,0,10,8,137.0,2,25.7,33.7,,,75.0,220.0,31.7465625,9.0,Alabama,2011.0,2011.0,ATL,6.0,,0.27027026
2020,7,00-0027944,J.Jones,WR,ATL,DET,0,0,0.0,0,0.0,0.0,0.0,0,0.0,0,9,8,97.0,0,9.7,17.7,,,75.0,220.0,31.7465625,9.0,Alabama,2011.0,2011.0,ATL,6.0,-1.0,0.225
2020,8,00-0027944,J.Jones,WR,ATL,CAR,0,0,0.0,0,0.0,0.0,0.0,0,0.0,0,10,7,137.0,0,13.7,20.7,,,75.0,220.0,31.7465625,9.0,Alabama,2011.0,2011.0,ATL,6.0,,0.33333334
2020,9,00-0027944,J.Jones,WR,ATL,DEN,0,0,0.0,0,0.0,0.0,0.0,0,0.0,0,7,5,54.0,1,11.4,16.4,,,75.0,220.0,31.7465625,9.0,Alabama,2011.0,2011.0,ATL,6.0,7.0,0.2
2020,11,00-0027944,J.Jones,WR,ATL,NO,0,0,0.0,0,0.0,0.0,0.0,0,0.0,0,2,2,39.0,0,3.9,5.9,,,75.0,220.0,31.7465625,9.0,Alabama,2011.0,2011.0,ATL,6.0,,0.05882353
2020,13,00-0027944,J.Jones,WR,ATL,NO,0,0,0.0,0,0.0,0.0,0.0,0,0.0,0,10,6,94.0,0,9.4,15.4,,,75.0,220.0,31.7465625,9.0,Alabama,2011.0,2011.0,ATL,6.0,-5.0,0.27027026
2020,6,00-0027948,B.Gabbert,QB,TB,GB,0,1,0.0,0,0.0,0.0,-0.0,3,2.0,0,0,0,0.0,0,0.2,0.2,,,77.0,235.0,31.10335,9.0,Missouri,2011.0,2011.0,JAX,10.0,28.0,
2020,9,00-0027948,B.Gabbert,QB,TB,NO,0,0,0.0,0,0.0,0.0,0.0,1,-1.0,0,0,0,0.0,0,-0.1,-0.1,,,77.0,235.0,31.10335,9.0,Missouri,2011.0,2011.0,JAX,10.0,-35.0,
2020,10,00-0027948,B.Gabbert,QB,TB,CAR,0,0,0.0,0,0.0,0.0,0.0,3,0.0,0,0,0,0.0,0,0.0,0.0,,,77.0,235.0,31.10335,9.0,Missouri,2011.0,2011.0,JAX,10.0,,
2020,16,00-0027948,B.Gabbert,QB,TB,DET,9,15,143.0,2,0.0,1.0,7.0,2,15.0,0,0,0,0.0,0,15.22,15.22,,,77.0,235.0,31.10335,9.0,Missouri,2011.0,2011.0,JAX,10.0,,
2020,1,00-0027966,M.Ingram,RB,BAL,CLE,0,0,0.0,0,0.0,0.0,0.0,10,29.0,0,0,0,0.0,0,2.9,2.9,,,69.0,215.0,30.906222222222222,9.0,Alabama,2011.0,2011.0,NO,28.0,32.0,
2020,2,00-0027966,M.Ingram,RB,BAL,HOU,0,0,0.0,0,0.0,0.0,0.0,9,55.0,1,3,2,22.0,0,13.7,15.7,,,69.0,215.0,30.906222222222222,9.0,Alabama,2011.0,2011.0,NO,28.0,,0.13043478
2020,3,00-0027966,M.Ingram,RB,BAL,KC,0,0,0.0,0,0.0,0.0,0.0,7,30.0,0,1,0,0.0,0,3.0,3.0,,,69.0,215.0,30.906222222222222,9.0,Alabama,2011.0,2011.0,NO,28.0,-14.0,0.037037037
2020,4,00-0027966,M.Ingram,RB,BAL,WAS,0,0,0.0,0,0.0,0.0,0.0,8,34.0,1,1,1,3.0,0,9.7,10.7,,,69.0,215.0,30.906222222222222,9.0,Alabama,2011.0,2011.0,NO,28.0,,0.04347826
2020,5,00-0027966,M.Ingram,RB,BAL,CIN,0,0,0.0,0,0.0,0.0,0.0,11,57.0,0,0,0,0.0,0,5.7,5.7,,,69.0,215.0,30.906222222222222,9.0,Alabama,2011.0,2011.0,NO,28.0,24.0,
2020,6,00-0027966,M.Ingram,RB,BAL,PHI,0,0,0.0,0,0.0,0.0,0.0,5,20.0,0,0,0,0.0,0,2.0,2.0,,,69.0,215.0,30.906222222222222,9.0,Alabama,2011.0,2011.0,NO,28.0,,
2020,10,00-0027966,M.Ingram,RB,BAL,NE,0,0,0.0,0,0.0,0.0,0.0,5,5.0,0,2,2,24.0,0,2.9,4.9,,,69.0,215.0,30.906222222222222,9.0,Alabama,2011.0,2011.0,NO,28.0,,0.05882353
2020,11,00-0027966,M.Ingram,RB,BAL,TEN,0,0,0.0,0,0.0,0.0,0.0,2,2.0,0,0,0,0.0,0,0.2,0.2,,,69.0,215.0,30.906222222222222,9.0,Alabama,2011.0,2011.0,NO,28.0,-6.0,
2020,13,00-0027966,M.Ingram,RB,BAL,DAL,0,0,0.0,0,0.0,0.0,0.0,6,28.0,0,1,1,1.0,0,2.9,3.9,,,69.0,215.0,30.906222222222222,9.0,Alabama,2011.0,2011.0,NO,28.0,17.0,0.05882353
2020,17,00-0027966,M.Ingram,RB,BAL,CIN,0,0,0.0,0,0.0,0.0,0.0,9,39.0,0,0,0,0.0,0,3.9,3.9,,,69.0,215.0,30.906222222222222,9.0,Alabama,2011.0,2011.0,NO,28.0,,
2020,2,00-0027973,A.Dalton,QB,DAL,ATL,0,1,0.0,0,0.0,0.0,-0.0,0,0.0,0,0,0,0.0,0,0.0,0.0,,,74.0,220.0,33.02825,9.0,Texas Christian,2011.0,2011.0,CIN,35.0,1.0,
2020,5,00-0027973,A.Dalton,QB,DAL,NYG,9,11,111.0,0,0.0,1.0,5.0,1,0.0,0,0,0,0.0,0,2.44,2.44,,,74.0,220.0,33.02825,9.0,Texas Christian,2011.0,2011.0,CIN,35.0,3.0,
2020,6,00-0027973,A.Dalton,QB,DAL,ARI,34,54,266.0,1,2.0,3.0,19.0,2,4.0,0,0,0,0.0,0,11.04,11.04,,,74.0,220.0,33.02825,9.0,Texas Christian,2011.0,2011.0,CIN,35.0,-28.0,
2020,7,00-0027973,A.Dalton,QB,DAL,WAS,9,19,75.0,0,1.0,3.0,30.0,3,16.0,0,0,0,0.0,0,2.6,2.6,,,74.0,220.0,33.02825,9.0,Texas Christian,2011.0,2011.0,CIN,35.0,,
2020,11,00-0027973,A.Dalton,QB,DAL,MIN,22,32,203.0,3,1.0,1.0,7.0,3,5.0,0,1,1,-3.0,0,18.32,19.32,,,74.0,220.0,33.02825,9.0,Texas Christian,2011.0,2011.0,CIN,35.0,,0.032258064
2020,12,00-0027973,A.Dalton,QB,DAL,WAS,25,35,215.0,1,1.0,3.0,24.0,3,17.0,0,0,0,0.0,0,12.3,12.3,,,74.0,220.0,33.02825,9.0,Texas Christian,2011.0,2011.0,CIN,35.0,-25.0,
2020,13,00-0027973,A.Dalton,QB,DAL,BAL,31,48,285.0,2,1.0,1.0,8.0,1,2.0,0,0,0,0.0,0,17.6,17.6,,,74.0,220.0,33.02825,9.0,Texas Christian,2011.0,2011.0,CIN,35.0,,
2020,14,00-0027973,A.Dalton,QB,DAL,CIN,16,23,185.0,2,0.0,2.0,14.0,1,-1.0,0,0,0,0.0,0,15.3,15.3,,,74.0,220.0,33.02825,9.0,Texas Christian,2011.0,2011.0,CIN,35.0,,
2020,15,00-0027973,A.Dalton,QB,DAL,SF,19,33,209.0,2,0.0,2.0,17.0,2,8.0,0,0,0,0.0,0,17.16,17.16,,,74.0,220.0,33.02825,9.0,Texas Christian,2011.0,2011.0,CIN,35.0,8.0,
2020,16,00-0027973,A.Dalton,QB,DAL,PHI,22,30,377.0,3,1.0,2.0,15.0,5,15.0,0,0,0,0.0,0,26.58,26.58,,,74.0,220.0,33.02825,9.0,Texas Christian,2011.0,2011.0,CIN,35.0,20.0,
2020,17,00-0027973,A.Dalton,QB,DAL,NYG,29,47,244.0,0,1.0,6.0,45.0,7,48.0,0,0,0,0.0,0,12.56,12.56,,,74.0,220.0,33.02825,9.0,Texas Christian,2011.0,2011.0,CIN,35.0,,
2020,1,00-0027981,K.Rudolph,TE,MIN,GB,0,0,0.0,0,0.0,0.0,0.0,0,0.0,0,2,2,28.0,0,2.8,4.8,,,78.0,265.0,31.0001875,9.0,Notre Dame,2011.0,2011.0,MIN,43.0,-9.0,0.08
2020,2,00-0027981,K.Rudolph,TE,MIN,IND,0,0,0.0,0,0.0,0.0,0.0,0,0.0,0,1,0,0.0,0,0.0,0.0,,,78.0,265.0,31.0001875,9.0,Notre Dame,2011.0,2011.0,MIN,43.0,,0.04347826
2020,3,00-0027981,K.Rudolph,TE,MIN,TEN,0,0,0.0,0,0.0,0.0,0.0,0,0.0,0,3,2,11.0,1,7.1,9.1,,,78.0,265.0,31.0001875,9.0,Notre Dame,2011.0,2011.0,MIN,43.0,-1.0,0.12
2020,4,00-0027981,K.Rudolph,TE,MIN,HOU,0,0,0.0,0,0.0,0.0,0.0,0,0.0,0,2,2,27.0,0,2.7,4.7,,,78.0,265.0,31.0001875,9.0,Notre Dame,2011.0,2011.0,MIN,43.0,,0.0952381
2020,5,00-0027981,K.Rudolph,TE,MIN,SEA,0,0,0.0,0,0.0,0.0,0.0,0,0.0,0,2,1,10.0,0,1.0,2.0,,,78.0,265.0,31.0001875,9.0,Notre Dame,2011.0,2011.0,MIN,43.0,,0.05263158
2020,6,00-0027981,K.Rudolph,TE,MIN,ATL,0,0,0.0,0,0.0,0.0,0.0,0,0.0,0,4,3,47.0,0,4.7,7.7,,,78.0,265.0,31.0001875,9.0,Notre Dame,2011.0,2011.0,MIN,43.0,-17.0,0.114285715
2020,8,00-0027981,K.Rudolph,TE,MIN,GB,0,0,0.0,0,0.0,0.0,0.0,0,0.0,0,1,1,12.0,0,1.2,2.2,,,78.0,265.0,31.0001875,9.0,Notre Dame,2011.0,2011.0,MIN,43.0,,0.071428575
2020,9,00-0027981,K.Rudolph,TE,MIN,DET,0,0,0.0,0,0.0,0.0,0.0,0,0.0,0,4,3,40.0,0,4.0,7.0,,,78.0,265.0,31.0001875,9.0,Notre Dame,2011.0,2011.0,MIN,43.0,14.0,0.2
2020,10,00-0027981,K.Rudolph,TE,MIN,CHI,0,0,0.0,0,0.0,0.0,0.0,0,0.0,0,5,4,63.0,0,4.3,8.3,,,78.0,265.0,31.0001875,9.0,Notre Dame,2011.0,2011.0,MIN,43.0,,0.15625
2020,11,00-0027981,K.Rudolph,TE,MIN,DAL,0,0,0.0,0,0.0,0.0,0.0,0,0.0,0,3,3,28.0,0,2.8,5.8,,,78.0,265.0,31.0001875,9.0,Notre Dame,2011.0,2011.0,MIN,43.0,-3.0,0.10714286
2020,12,00-0027981,K.Rudolph,TE,MIN,CAR,0,0,0.0,0,0.0,0.0,0.0,0,0.0,0,8,7,68.0,0,6.8,13.8,,,78.0,265.0,31.0001875,9.0,Notre Dame,2011.0,2011.0,MIN,43.0,1.0,0.18604651
2020,13,00-0027981,K.Rudolph,TE,MIN,JAX,0,0,0.0,0,0.0,0.0,0.0,0,0.0,0,2,0,0.0,0,0.0,0.0,,,78.0,265.0,31.0001875,9.0,Notre Dame,2011.0,2011.0,MIN,43.0,3.0,0.05
2020,1,00-0028002,R.Cobb,WR,HOU,KC,0,0,0.0,0,0.0,0.0,0.0,0,0.0,0,3,2,23.0,0,2.3,4.3,,,70.0,192.0,30.215062500000002,9.0,Kentucky,2011.0,2011.0,GB,64.0,,0.09677419
2020,2,00-0028002,R.Cobb,WR,HOU,BAL,0,0,0.0,0,0.0,0.0,0.0,0,0.0,0,6,5,59.0,0,5.9,10.9,,,70.0,192.0,30.215062500000002,9.0,Kentucky,2011.0,2011.0,GB,64.0,-17.0,0.1764706
2020,3,00-0028002,R.Cobb,WR,HOU,PIT,0,0,0.0,0,0.0,0.0,0.0,0,0.0,0,4,4,95.0,1,15.5,19.5,,,70.0,192.0,30.215062500000002,9.0,Kentucky,2011.0,2011.0,GB,64.0,,0.14814815
2020,4,00-0028002,R.Cobb,WR,HOU,MIN,0,0,0.0,0,0.0,0.0,0.0,0,0.0,0,5,2,36.0,0,3.6,5.6,,,70.0,192.0,30.215062500000002,9.0,Kentucky,2011.0,2011.0,GB,64.0,-8.0,0.16129032
2020,5,00-0028002,R.Cobb,WR,HOU,JAX,0,0,0.0,0,0.0,0.0,0.0,0,0.0,0,6,6,47.0,0,4.7,10.7,,,70.0,192.0,30.215062500000002,9.0,Kentucky,2011.0,2011.0,GB,64.0,16.0,0.17142858
2020,6,00-0028002,R.Cobb,WR,HOU,TEN,0,1,0.0,0,0.0,0.0,-0.0,0,0.0,0,4,3,17.0,1,7.7,10.7,,,70.0,192.0,30.215062500000002,9.0,Kentucky,2011.0,2011.0,GB,64.0,,0.10810811
2020,7,00-0028002,R.Cobb,WR,HOU,GB,0,0,0.0,0,0.0,0.0,0.0,0,0.0,0,10,8,95.0,0,9.5,17.5,,,70.0,192.0,30.215062500000002,9.0,Kentucky,2011.0,2011.0,GB,64.0,-15.0,0.2631579
2020,9,00-0028002,R.Cobb,WR,HOU,JAX,0,0,0.0,0,0.0,0.0,0.0,0,0.0,0,3,3,21.0,0,2.1,5.1,,,70.0,192.0,30.215062500000002,9.0,Kentucky,2011.0,2011.0,GB,64.0,,0.10344828
2020,10,00-0028002,R.Cobb,WR,HOU,CLE,0,0,0.0,0,0.0,0.0,0.0,0,0.0,0,5,3,41.0,0,4.1,7.1,,,70.0,192.0,30.215062500000002,9.0,Kentucky,2011.0,2011.0,GB,64.0,,0.17857143
2020,11,00-0028002,R.Cobb,WR,HOU,NE,0,0,0.0,0,0.0,0.0,0.0,0,0.0,0,2,2,7.0,1,6.7,8.7,,,70.0,192.0,30.215062500000002,9.0,Kentucky,2011.0,2011.0,GB,64.0,7.0,0.054054055
2020,1,00-0028042,L.Stocker,TE,ATL,SEA,0,0,0.0,0,0.0,0.0,0.0,0,0.0,0,1,0,0.0,0,0.0,0.0,,,77.0,253.0,32.3105625,9.0,Tennessee,2011.0,2011.0,TB,104.0,-13.0,0.01923077
2020,3,00-0028042,L.Stocker,TE,ATL,CHI,0,0,0.0,0,0.0,0.0,0.0,0,0.0,0,1,1,6.0,0,0.6,1.6,,,77.0,253.0,32.3105625,9.0,Tennessee,2011.0,2011.0,TB,104.0,-4.0,0.02631579
2020,5,00-0028042,L.Stocker,TE,ATL,CAR,0,0,0.0,0,0.0,0.0,0.0,0,0.0,0,1,1,2.0,0,0.2,1.2,,,77.0,253.0,32.3105625,9.0,Tennessee,2011.0,2011.0,TB,104.0,-7.0,0.028571429
2020,7,00-0028042,L.Stocker,TE,ATL,DET,0,0,0.0,0,0.0,0.0,0.0,0,0.0,0,1,0,0.0,0,0.0,0.0,,,77.0,253.0,32.3105625,9.0,Tennessee,2011.0,2011.0,TB,104.0,-1.0,0.025
2020,9,00-0028042,L.Stocker,TE,ATL,DEN,0,0,0.0,0,0.0,0.0,0.0,0,0.0,0,1,1,12.0,0,1.2,2.2,,,77.0,253.0,32.3105625,9.0,Tennessee,2011.0,2011.0,TB,104.0,7.0,0.028571429
2020,11,00-0028042,L.Stocker,TE,ATL,NO,0,0,0.0,0,0.0,0.0,0.0,0,0.0,0,1,0,0.0,0,0.0,0.0,,,77.0,253.0,32.3105625,9.0,Tennessee,2011.0,2011.0,TB,104.0,,0.029411765
2020,15,00-0028042,L.Stocker,TE,ATL,TB,0,0,0.0,0,0.0,0.0,0.0,0,0.0,0,3,2,21.0,0,2.1,4.1,,,77.0,253.0,32.3105625,9.0,Tennessee,2011.0,2011.0,TB,104.0,-4.0,0.0625
2020,16,00-0028042,L.Stocker,TE,ATL,KC,0,0,0.0,0,0.0,0.0,0.0,0,0.0,0,1,1,9.0,0,0.9,1.9,,,77.0,253.0,32.3105625,9.0,Tennessee,2011.0,2011.0,TB,104.0,,0.029411765
2020,17,00-0028042,L.Stocker,TE,ATL,TB,0,0,0.0,0,0.0,0.0,0.0,0,0.0,0,1,1,13.0,0,1.3,2.3,,,77.0,253.0,32.3105625,9.0,Tennessee,2011.0,2011.0,TB,104.0,,0.024390243
2020,5,00-0028063,T.Jones,RB,BUF,TEN,0,0,0.0,0,0.0,0.0,0.0,0,0.0,0,1,0,0.0,0,0.0,0.0,,,72.0,195.0,32.315894736842104,9.0,Eastern Washington,2011.0,2011.0,OAK,125.0,,0.022222223
2020,16,00-0028063,T.Jones,RB,BUF,NE,0,0,0.0,0,0.0,0.0,0.0,0,0.0,0,1,0,0.0,0,0.0,0.0,,,72.0,195.0,32.315894736842104,9.0,Eastern Washington,2011.0,2011.0,OAK,125.0,,0.02631579
2020,1,00-0028074,A.Sherman,RB,KC,HOU,0,0,0.0,0,0.0,0.0,0.0,1,2.0,0,0,0,0.0,0,0.2,0.2,,,70.0,242.0,31.942842105263157,9.0,Connecticut,2011.0,2011.0,ARI,136.0,14.0,
2020,3,00-0028074,A.Sherman,RB,KC,BAL,0,0,0.0,0,0.0,0.0,0.0,1,0.0,0,1,1,5.0,1,6.5,7.5,,,70.0,242.0,31.942842105263157,9.0,Connecticut,2011.0,2011.0,ARI,136.0,,0.024390243
2020,14,00-0028074,A.Sherman,RB,KC,MIA,0,0,0.0,0,0.0,0.0,0.0,0,0.0,0,1,0,0.0,0,0.0,0.0,,,70.0,242.0,31.942842105263157,9.0,Connecticut,2011.0,2011.0,ARI,136.0,,0.029411765
2020,17,00-0028074,A.Sherman,RB,KC,LAC,0,0,0.0,0,0.0,0.0,0.0,1,6.0,0,0,0,0.0,0,0.6,0.6,,,70.0,242.0,31.942842105263157,9.0,Connecticut,2011.0,2011.0,ARI,136.0,-17.0,
2020,1,00-0028087,D.Lewis,RB,NYG,PIT,0,0,0.0,0,0.0,0.0,0.0,1,1.0,0,1,0,0.0,0,0.1,0.1,,,68.0,195.0,30.113875,9.0,Pittsburgh,2011.0,2011.0,PHI,149.0,-10.0,0.025641026
2020,2,00-0028087,D.Lewis,RB,NYG,CHI,0,0,0.0,0,0.0,0.0,0.0,10,20.0,1,5,4,36.0,0,11.6,15.6,,,68.0,195.0,30.113875,9.0,Pittsburgh,2011.0,2011.0,PHI,149.0,,0.1388889
2020,3,00-0028087,D.Lewis,RB,NYG,SF,0,0,0.0,0,0.0,0.0,0.0,1,0.0,0,3,1,10.0,0,1.0,2.0,,,68.0,195.0,30.113875,9.0,Pittsburgh,2011.0,2011.0,PHI,149.0,-27.0,0.09677419
2020,4,00-0028087,D.Lewis,RB,NYG,LA,0,0,0.0,0,0.0,0.0,0.0,1,10.0,0,3,2,8.0,0,1.8,3.8,,,68.0,195.0,30.113875,9.0,Pittsburgh,2011.0,2011.0,PHI,149.0,,0.083333336
2020,5,00-0028087,D.Lewis,RB,NYG,DAL,0,0,0.0,0,0.0,0.0,0.0,0,0.0,0,4,2,1.0,0,0.1,2.1,,,68.0,195.0,30.113875,9.0,Pittsburgh,2011.0,2011.0,PHI,149.0,,0.13793103
2020,6,00-0028087,D.Lewis,RB,NYG,WAS,0,0,0.0,0,0.0,0.0,0.0,0,0.0,0,1,1,10.0,0,1.0,2.0,,,68.0,195.0,30.113875,9.0,Pittsburgh,2011.0,2011.0,PHI,149.0,1.0,0.055555556
2020,7,00-0028087,D.Lewis,RB,NYG,PHI,0,0,0.0,0,0.0,0.0,0.0,3,23.0,0,0,0,0.0,0,0.3,0.3,,,68.0,195.0,30.113875,9.0,Pittsburgh,2011.0,2011.0,PHI,149.0,,
2020,8,00-0028087,D.Lewis,RB,NYG,TB,0,0,0.0,0,0.0,0.0,0.0,0,0.0,0,3,2,8.0,1,6.8,8.8,,,68.0,195.0,30.113875,9.0,Pittsburgh,2011.0,2011.0,PHI,149.0,-2.0,0.07317073
2020,9,00-0028087,D.Lewis,RB,NYG,WAS,0,0,0.0,0,0.0,0.0,0.0,3,5.0,0,2,2,16.0,0,2.1,4.1,,,68.0,195.0,30.113875,9.0,Pittsburgh,2011.0,2011.0,PHI,149.0,,0.060606062
2020,10,00-0028087,D.Lewis,RB,NYG,PHI,0,0,0.0,0,0.0,0.0,0.0,0,0.0,0,2,2,17.0,0,1.7,3.7,,,68.0,195.0,30.113875,9.0,Pittsburgh,2011.0,2011.0,PHI,149.0,10.0,0.071428575
2020,12,00-0028087,D.Lewis,RB,NYG,CIN,0,0,0.0,0,0.0,0.0,0.0,2,10.0,0,3,1,7.0,0,1.7,2.7,,,68.0,195.0,30.113875,9.0,Pittsburgh,2011.0,2011.0,PHI,149.0,,0.08108108
2020,13,00-0028087,D.Lewis,RB,NYG,SEA,0,0,0.0,0,0.0,0.0,0.0,3,6.0,0,0,0,0.0,0,0.6,0.6,,,68.0,195.0,30.113875,9.0,Pittsburgh,2011.0,2011.0,PHI,149.0,,
2020,14,00-0028087,D.Lewis,RB,NYG,ARI,0,0,0.0,0,0.0,0.0,0.0,2,14.0,1,0,0,0.0,0,7.4,7.4,,,68.0,195.0,30.113875,9.0,Pittsburgh,2011.0,2011.0,PHI,149.0,-19.0,
2020,15,00-0028087,D.Lewis,RB,NYG,CLE,0,0,0.0,0,0.0,0.0,0.0,1,4.0,0,2,2,14.0,0,1.8,3.8,,,68.0,195.0,30.113875,9.0,Pittsburgh,2011.0,2011.0,PHI,149.0,-14.0,0.0625
2020,16,00-0028087,D.Lewis,RB,NYG,BAL,0,0,0.0,0,0.0,0.0,0.0,1,15.0,0,0,0,0.0,0,1.5,1.5,,,68.0,195.0,30.113875,9.0,Pittsburgh,2011.0,2011.0,PHI,149.0,,
2020,17,00-0028087,D.Lewis,RB,NYG,DAL,0,0,0.0,0,0.0,0.0,0.0,1,7.0,0,1,0,0.0,0,0.7,0.7,,,68.0,195.0,30.113875,9.0,Pittsburgh,2011.0,2011.0,PHI,149.0,4.0,0.04
2020,3,00-0028097,L.Smith,TE,BUF,LA,0,0,0.0,0,0.0,0.0,0.0,0,0.0,0,1,1,1.0,1,6.1,7.1,,,78.0,265.0,32.994894736842106,9.0,Marshall,2011.0,2011.0,NE,159.0,3.0,0.03125
2020,12,00-0028097,L.Smith,TE,BUF,LAC,0,0,0.0,0,0.0,0.0,0.0,0,0.0,0,1,1,3.0,0,0.3,1.3,,,78.0,265.0,32.994894736842106,9.0,Marshall,2011.0,2011.0,NE,159.0,10.0,0.041666668
2020,13,00-0028097,L.Smith,TE,BUF,SF,0,0,0.0,0,0.0,0.0,0.0,0,0.0,0,1,0,0.0,0,0.0,0.0,,,78.0,265.0,32.994894736842106,9.0,Marshall,2011.0,2011.0,NE,159.0,,0.027027028
2020,15,00-0028097,L.Smith,TE,BUF,DEN,0,0,0.0,0,0.0,0.0,0.0,0,0.0,0,1,0,0.0,0,0.0,0.0,,,78.0,265.0,32.994894736842106,9.0,Marshall,2011.0,2011.0,NE,159.0,,0.02631579
2020,16,00-0028097,L.Smith,TE,BUF,NE,0,0,0.0,0,0.0,0.0,0.0,0,0.0,0,2,2,31.0,1,9.1,11.1,,,78.0,265.0,32.994894736842106,9.0,Marshall,2011.0,2011.0,NE,159.0,,0.05263158
2020,1,00-0028118,T.Taylor,QB,LAC,CIN,16,30,208.0,0,0.0,2.0,1.0,6,7.0,0,0,0,0.0,0,9.02,9.02,,,73.0,215.0,31.2694375,9.0,Virginia Tech,2011.0,2011.0,BAL,180.0,,
2020,1,00-0028142,V.Green,TE,LAC,CIN,0,0,0.0,0,0.0,0.0,0.0,0,0.0,0,2,1,10.0,0,1.0,2.0,,,77.0,255.0,32.2688125,9.0,Nevada,2011.0,2011.0,DEN,204.0,,0.06896552
2020,3,00-0028142,V.Green,TE,LAC,CAR,0,0,0.0,0,0.0,0.0,0.0,0,0.0,0,1,0,0.0,0,0.0,0.0,,,77.0,255.0,32.2688125,9.0,Nevada,2011.0,2011.0,DEN,204.0,-5.0,0.020833334
2020,5,00-0028142,V.Green,TE,LAC,NO,0,0,0.0,0,0.0,0.0,0.0,0,0.0,0,1,1,14.0,0,1.4,2.4,,,77.0,255.0,32.2688125,9.0,Nevada,2011.0,2011.0,DEN,204.0,,0.03125
2020,7,00-0028142,V.Green,TE,LAC,JAX,0,0,0.0,0,0.0,0.0,0.0,0,0.0,0,2,1,26.0,1,8.6,9.6,,,77.0,255.0,32.2688125,9.0,Nevada,2011.0,2011.0,DEN,204.0,10.0,0.04761905
2020,1,00-0028149,B.Miller,FB,JAX,IND,0,0,0.0,0,0.0,0.0,0.0,0,0.0,0,1,1,2.0,0,0.2,1.2,,,74.0,248.0,33.260125,9.0,Central Florida,2011.0,2011.0,SF,211.0,7.0,0.05
2020,2,00-0028149,B.Miller,FB,JAX,TEN,0,0,0.0,0,0.0,0.0,0.0,0,0.0,0,1,0,0.0,0,0.0,0.0,,,74.0,248.0,33.260125,9.0,Central Florida,2011.0,2011.0,SF,211.0,,0.022727273
2020,1,00-0028237,C.Hogan,WR,NYJ,BUF,0,0,0.0,0,0.0,0.0,0.0,0,0.0,0,4,1,0.0,0,0.0,1.0,,,73.0,210.0,32.999583333333334,9.0,"Monmouth, N.J.",2011.0,2011.0,,,,0.121212125
2020,2,00-0028237,C.Hogan,WR,NYJ,SF,0,0,0.0,0,0.0,0.0,0.0,0,0.0,0,8,6,75.0,0,7.5,13.5,,,73.0,210.0,32.999583333333334,9.0,"Monmouth, N.J.",2011.0,2011.0,,,-18.0,0.25
2020,3,00-0028237,C.Hogan,WR,NYJ,IND,0,0,0.0,0,0.0,0.0,0.0,0,0.0,0,3,0,0.0,0,0.0,0.0,,,73.0,210.0,32.999583333333334,9.0,"Monmouth, N.J.",2011.0,2011.0,,,,0.115384616
2020,4,00-0028237,C.Hogan,WR,NYJ,DEN,0,0,0.0,0,0.0,0.0,0.0,0,0.0,0,8,4,23.0,0,2.3,6.3,,,73.0,210.0,32.999583333333334,9.0,"Monmouth, N.J.",2011.0,2011.0,,,-9.0,0.18604651
2020,5,00-0028237,C.Hogan,WR,NYJ,ARI,0,0,0.0,0,0.0,0.0,0.0,0,0.0,0,3,3,20.0,0,2.0,5.0,,,73.0,210.0,32.999583333333334,9.0,"Monmouth, N.J.",2011.0,2011.0,,,-20.0,0.09677419
2020,8,00-0028292,N.Bellore,ILB,SEA,SF,0,0,0.0,0,0.0,0.0,0.0,1,5.0,0,1,1,9.0,0,1.4,2.4,,,73.0,250.0,31.506529411764706,9.0,Central Michigan,2011.0,2011.0,,,10.0,0.027777778
2020,1,00-0028411,D.Inman,WR,WAS,PHI,0,0,0.0,0,0.0,0.0,0.0,0,0.0,0,5,2,21.0,0,2.1,4.1,,,75.0,205.0,31.780764705882355,9.0,Virginia,2011.0,2011.0,,,10.0,0.16666667
2020,2,00-0028411,D.Inman,WR,WAS,ARI,0,0,0.0,0,0.0,0.0,0.0,0,0.0,0,5,2,17.0,0,1.7,3.7,,,75.0,205.0,31.780764705882355,9.0,Virginia,2011.0,2011.0,,,,0.15151516
2020,3,00-0028411,D.Inman,WR,WAS,CLE,0,0,0.0,0,0.0,0.0,0.0,0,0.0,0,6,3,38.0,2,15.8,18.8,,,75.0,205.0,31.780764705882355,9.0,Virginia,2011.0,2011.0,,,,0.16666667
2020,4,00-0028411,D.Inman,WR,WAS,BAL,0,0,0.0,0,0.0,0.0,0.0,0,0.0,0,5,4,29.0,0,2.9,6.9,,,75.0,205.0,31.780764705882355,9.0,Virginia,2011.0,2011.0,,,-14.0,0.11363637
2020,5,00-0028411,D.Inman,WR,WAS,LA,0,0,0.0,0,0.0,0.0,0.0,0,0.0,0,1,1,-2.0,0,-0.2,0.8,,,75.0,205.0,31.780764705882355,9.0,Virginia,2011.0,2011.0,,,-20.0,0.035714287
2020,6,00-0028411,D.Inman,WR,WAS,NYG,0,0,0.0,0,0.0,0.0,0.0,0,0.0,0,5,5,45.0,0,4.5,9.5,,,75.0,205.0,31.780764705882355,9.0,Virginia,2011.0,2011.0,,,,0.125
2020,12,00-0028411,D.Inman,WR,WAS,DAL,0,0,0.0,0,0.0,0.0,0.0,0,0.0,0,1,1,15.0,0,1.5,2.5,,,75.0,205.0,31.780764705882355,9.0,Virginia,2011.0,2011.0,,,,0.041666668
2020,2,00-0028664,C.Jones,P,DAL,ATL,0,1,0.0,0,0.0,0.0,-0.0,0,0.0,0,0,0,0.0,0,0.0,0.0,,,72.0,205.0,31.30075,9.0,Carson-Newman,2011.0,2011.0,,,1.0,
2020,8,00-0028664,C.Jones,P,DAL,PHI,0,0,0.0,0,0.0,0.0,0.0,1,0.0,0,0,0,0.0,0,0.0,0.0,,,72.0,205.0,31.30075,9.0,Carson-Newman,2011.0,2011.0,,,,
2020,6,00-0028986,C.Keenum,QB,CLE,PIT,5,10,46.0,0,0.0,0.0,-0.0,0,0.0,0,0,0,0.0,0,1.84,1.84,,,73.0,215.0,32.7455,8.0,Houston,2012.0,2012.0,,,,
2020,1,00-0029000,C.Beasley,WR,BUF,NYJ,0,0,0.0,0,0.0,0.0,0.0,0,0.0,0,7,4,58.0,0,5.8,9.8,,,68.0,174.0,31.56578947368421,8.0,Southern Methodist,2012.0,2012.0,,,10.0,0.15555556
2020,2,00-0029000,C.Beasley,WR,BUF,MIA,0,0,0.0,0,0.0,0.0,0.0,0,0.0,0,6,5,70.0,0,7.0,12.0,,,68.0,174.0,31.56578947368421,8.0,Southern Methodist,2012.0,2012.0,,,,0.17142858
2020,3,00-0029000,C.Beasley,WR,BUF,LA,0,0,0.0,0,0.0,0.0,0.0,0,0.0,0,7,6,100.0,0,10.0,16.0,,,68.0,174.0,31.56578947368421,8.0,Southern Methodist,2012.0,2012.0,,,3.0,0.21875
2020,4,00-0029000,C.Beasley,WR,BUF,LV,0,0,0.0,0,0.0,0.0,0.0,0,0.0,0,4,3,32.0,1,9.2,12.2,,,68.0,174.0,31.56578947368421,8.0,Southern Methodist,2012.0,2012.0,,,,0.125
2020,5,00-0029000,C.Beasley,WR,BUF,TEN,0,0,0.0,0,0.0,0.0,0.0,0,0.0,0,6,6,53.0,0,5.3,11.3,,,68.0,174.0,31.56578947368421,8.0,Southern Methodist,2012.0,2012.0,,,,0.13333334
2020,6,00-0029000,C.Beasley,WR,BUF,KC,0,0,0.0,0,0.0,0.0,0.0,0,0.0,0,7,4,45.0,1,10.5,14.5,,,68.0,174.0,31.56578947368421,8.0,Southern Methodist,2012.0,2012.0,,,-9.0,0.28
2020,7,00-0029000,C.Beasley,WR,BUF,NYJ,0,0,0.0,0,0.0,0.0,0.0,0,0.0,0,12,11,112.0,0,11.2,22.2,,,68.0,174.0,31.56578947368421,8.0,Southern Methodist,2012.0,2012.0,,,,0.29268292
2020,8,00-0029000,C.Beasley,WR,BUF,NE,0,0,0.0,0,0.0,0.0,0.0,0,0.0,0,2,2,24.0,0,2.4,4.4,,,68.0,174.0,31.56578947368421,8.0,Southern Methodist,2012.0,2012.0,,,3.0,0.11111111
2020,9,00-0029000,C.Beasley,WR,BUF,SEA,0,0,0.0,0,0.0,0.0,0.0,0,0.0,0,3,3,39.0,0,3.9,6.9,,,68.0,174.0,31.56578947368421,8.0,Southern Methodist,2012.0,2012.0,,,10.0,0.078947365
2020,10,00-0029000,C.Beasley,WR,BUF,ARI,0,0,0.0,0,0.0,0.0,0.0,0,0.0,0,13,11,109.0,1,16.9,27.9,,,68.0,174.0,31.56578947368421,8.0,Southern Methodist,2012.0,2012.0,,,,0.2888889
2020,12,00-0029000,C.Beasley,WR,BUF,LAC,1,1,20.0,1,0.0,0.0,-0.0,0,0.0,0,4,2,25.0,0,7.3,9.3,,,68.0,174.0,31.56578947368421,8.0,Southern Methodist,2012.0,2012.0,,,10.0,0.16666667
2020,13,00-0029000,C.Beasley,WR,BUF,SF,0,0,0.0,0,0.0,0.0,0.0,0,0.0,0,11,9,130.0,1,19.0,28.0,,,68.0,174.0,31.56578947368421,8.0,Southern Methodist,2012.0,2012.0,,,,0.2972973
2020,14,00-0029000,C.Beasley,WR,BUF,PIT,0,0,0.0,0,0.0,0.0,0.0,0,0.0,0,10,5,41.0,0,4.1,9.1,,,68.0,174.0,31.56578947368421,8.0,Southern Methodist,2012.0,2012.0,,,11.0,0.23809524
2020,15,00-0029000,C.Beasley,WR,BUF,DEN,0,0,0.0,0,0.0,0.0,0.0,0,0.0,0,10,8,112.0,0,11.2,19.2,,,68.0,174.0,31.56578947368421,8.0,Southern Methodist,2012.0,2012.0,,,,0.2631579
2020,16,00-0029000,C.Beasley,WR,BUF,NE,0,0,0.0,0,0.0,0.0,0.0,0,0.0,0,5,3,17.0,0,1.7,4.7,,,68.0,174.0,31.56578947368421,8.0,Southern Methodist,2012.0,2012.0,,,,0.13157895
2020,18,00-0029000,C.Beasley,WR,BUF,IND,0,0,0.0,0,0.0,0.0,0.0,0,0.0,0,7,7,57.0,0,5.7,12.7,,,68.0,174.0,31.56578947368421,8.0,Southern Methodist,2012.0,2012.0,,,3.0,0.20588236
2020,19,00-0029000,C.Beasley,WR,BUF,BAL,0,0,0.0,0,0.0,0.0,0.0,0,0.0,0,2,0,0.0,0,0.0,0.0,,,68.0,174.0,31.56578947368421,8.0,Southern Methodist,2012.0,2012.0,,,14.0,0.057142857
2020,20,00-0029000,C.Beasley,WR,BUF,KC,0,0,0.0,0,0.0,0.0,0.0,0,0.0,0,9,7,88.0,0,8.8,15.8,,,68.0,174.0,31.56578947368421,8.0,Southern Methodist,2012.0,2012.0,,,,0.20454545
2020,11,00-0029119,D.Carrier,TE,LV,KC,0,0,0.0,0,0.0,0.0,0.0,0,0.0,0,1,1,14.0,0,1.4,2.4,,,75.0,240.0,30.294625,8.0,Beloit,2012.0,2012.0,,,-4.0,0.03448276
2020,10,00-0029137,A.Jeffery,WR,PHI,NYG,0,0,0.0,0,0.0,0.0,0.0,0,0.0,0,1,0,0.0,0,0.0,0.0,,,75.0,218.0,30.732125,8.0,South Carolina,2012.0,2012.0,CHI,45.0,,0.027777778
2020,11,00-0029137,A.Jeffery,WR,PHI,CLE,0,0,0.0,0,0.0,0.0,0.0,0,0.0,0,2,0,0.0,0,0.0,0.0,,,75.0,218.0,30.732125,8.0,South Carolina,2012.0,2012.0,CHI,45.0,,0.05882353
2020,12,00-0029137,A.Jeffery,WR,PHI,SEA,0,0,0.0,0,0.0,0.0,0.0,0,0.0,0,4,2,15.0,0,1.5,3.5,,,75.0,218.0,30.732125,8.0,South Carolina,2012.0,2012.0,CHI,45.0,-6.0,0.0952381
2020,13,00-0029137,A.Jeffery,WR,PHI,GB,0,0,0.0,0,0.0,0.0,0.0,0,0.0,0,1,0,0.0,0,0.0,0.0,,,75.0,218.0,30.732125,8.0,South Carolina,2012.0,2012.0,CHI,45.0,,0.04
2020,14,00-0029137,A.Jeffery,WR,PHI,NO,0,0,0.0,0,0.0,0.0,0.0,0,0.0,0,1,1,15.0,1,7.5,8.5,,,75.0,218.0,30.732125,8.0,South Carolina,2012.0,2012.0,CHI,45.0,3.0,0.03846154
2020,15,00-0029137,A.Jeffery,WR,PHI,ARI,0,0,0.0,0,0.0,0.0,0.0,0,0.0,0,3,2,63.0,0,6.3,8.3,,,75.0,218.0,30.732125,8.0,South Carolina,2012.0,2012.0,CHI,45.0,,0.075
2020,16,00-0029137,A.Jeffery,WR,PHI,DAL,0,0,0.0,0,0.0,0.0,0.0,0,0.0,0,1,1,22.0,0,2.2,3.2,,,75.0,218.0,30.732125,8.0,South Carolina,2012.0,2012.0,CHI,45.0,,0.029411765
2020,8,00-0029141,A.Morris,RB,NYG,TB,0,0,0.0,0,0.0,0.0,0.0,8,28.0,0,0,0,0.0,0,2.8,2.8,,,70.0,224.0,31.934384615384616,8.0,Florida Atlantic,2012.0,2012.0,WAS,173.0,-2.0,
2020,9,00-0029141,A.Morris,RB,NYG,WAS,0,0,0.0,0,0.0,0.0,0.0,9,67.0,0,1,1,4.0,0,7.1,8.1,,,70.0,224.0,31.934384615384616,8.0,Florida Atlantic,2012.0,2012.0,WAS,173.0,,0.030303031
2020,10,00-0029141,A.Morris,RB,NYG,PHI,0,0,0.0,0,0.0,0.0,0.0,8,34.0,0,0,0,0.0,0,3.4,3.4,,,70.0,224.0,31.934384615384616,8.0,Florida Atlantic,2012.0,2012.0,WAS,173.0,10.0,
2020,12,00-0029141,A.Morris,RB,NYG,CIN,0,0,0.0,0,0.0,0.0,0.0,4,8.0,0,0,0,0.0,0,0.8,0.8,,,70.0,224.0,31.934384615384616,8.0,Florida Atlantic,2012.0,2012.0,WAS,173.0,,
2020,13,00-0029141,A.Morris,RB,NYG,SEA,0,0,0.0,0,0.0,0.0,0.0,8,39.0,1,1,1,6.0,1,16.5,17.5,,,70.0,224.0,31.934384615384616,8.0,Florida Atlantic,2012.0,2012.0,WAS,173.0,,0.045454547
2020,14,00-0029141,A.Morris,RB,NYG,ARI,0,0,0.0,0,0.0,0.0,0.0,3,7.0,0,0,0,0.0,0,0.7,0.7,,,70.0,224.0,31.934384615384616,8.0,Florida Atlantic,2012.0,2012.0,WAS,173.0,-19.0,
2020,15,00-0029141,A.Morris,RB,NYG,CLE,0,0,0.0,0,0.0,0.0,0.0,7,39.0,0,0,0,0.0,0,3.9,3.9,,,70.0,224.0,31.934384615384616,8.0,Florida Atlantic,2012.0,2012.0,WAS,173.0,-14.0,
2020,16,00-0029141,A.Morris,RB,NYG,BAL,0,0,0.0,0,0.0,0.0,0.0,3,4.0,0,1,1,9.0,0,1.3,2.3,,,70.0,224.0,31.934384615384616,8.0,Florida Atlantic,2012.0,2012.0,WAS,173.0,,0.024390243
2020,17,00-0029141,A.Morris,RB,NYG,DAL,0,0,0.0,0,0.0,0.0,0.0,5,12.0,0,1,0,0.0,0,1.2,1.2,,,70.0,224.0,31.934384615384616,8.0,Florida Atlantic,2012.0,2012.0,WAS,173.0,4.0,0.04
2020,1,00-0029263,R.Wilson,QB,SEA,ATL,31,35,322.0,4,0.0,3.0,23.0,3,29.0,0,0,0,0.0,0,31.78,31.78,,,71.0,215.0,31.95558823529412,8.0,Wisconsin,2012.0,2012.0,SEA,75.0,,
2020,2,00-0029263,R.Wilson,QB,SEA,NE,21,28,288.0,5,1.0,2.0,13.0,5,39.0,0,0,0,0.0,0,33.42,33.42,,,71.0,215.0,31.95558823529412,8.0,Wisconsin,2012.0,2012.0,SEA,75.0,5.0,
2020,3,00-0029263,R.Wilson,QB,SEA,DAL,27,40,315.0,5,0.0,4.0,20.0,6,22.0,0,0,0,0.0,0,36.8,36.8,,,71.0,215.0,31.95558823529412,8.0,Wisconsin,2012.0,2012.0,SEA,75.0,7.0,
2020,4,00-0029263,R.Wilson,QB,SEA,MIA,24,34,360.0,2,1.0,2.0,17.0,4,5.0,0,0,0,0.0,0,20.9,20.9,,,71.0,215.0,31.95558823529412,8.0,Wisconsin,2012.0,2012.0,SEA,75.0,,
2020,5,00-0029263,R.Wilson,QB,SEA,MIN,20,32,217.0,3,1.0,4.0,27.0,5,58.0,0,0,0,0.0,0,24.48,24.48,,,71.0,215.0,31.95558823529412,8.0,Wisconsin,2012.0,2012.0,SEA,75.0,1.0,
2020,7,00-0029263,R.Wilson,QB,SEA,ARI,33,50,388.0,3,3.0,2.0,16.0,6,84.0,0,0,0,0.0,0,29.92,29.92,,,71.0,215.0,31.95558823529412,8.0,Wisconsin,2012.0,2012.0,SEA,75.0,,
2020,8,00-0029263,R.Wilson,QB,SEA,SF,27,37,261.0,4,0.0,2.0,12.0,6,23.0,0,0,0,0.0,0,28.74,28.74,,,71.0,215.0,31.95558823529412,8.0,Wisconsin,2012.0,2012.0,SEA,75.0,10.0,
2020,9,00-0029263,R.Wilson,QB,SEA,BUF,28,41,390.0,2,2.0,5.0,28.0,2,5.0,1,0,0,0.0,0,22.1,22.1,,,71.0,215.0,31.95558823529412,8.0,Wisconsin,2012.0,2012.0,SEA,75.0,,
2020,10,00-0029263,R.Wilson,QB,SEA,LA,22,37,248.0,0,2.0,6.0,28.0,8,60.0,0,0,0,0.0,0,9.92,9.92,,,71.0,215.0,31.95558823529412,8.0,Wisconsin,2012.0,2012.0,SEA,75.0,,
2020,11,00-0029263,R.Wilson,QB,SEA,ARI,23,28,197.0,2,0.0,3.0,15.0,10,42.0,0,0,0,0.0,0,20.08,20.08,,,71.0,215.0,31.95558823529412,8.0,Wisconsin,2012.0,2012.0,SEA,75.0,7.0,
2020,12,00-0029263,R.Wilson,QB,SEA,PHI,22,31,230.0,1,0.0,2.0,5.0,6,12.0,0,0,0,0.0,0,14.4,14.4,,,71.0,215.0,31.95558823529412,8.0,Wisconsin,2012.0,2012.0,SEA,75.0,,
2020,13,00-0029263,R.Wilson,QB,SEA,NYG,27,43,263.0,1,1.0,5.0,47.0,7,45.0,0,0,0,0.0,0,15.02,15.02,,,71.0,215.0,31.95558823529412,8.0,Wisconsin,2012.0,2012.0,SEA,75.0,-5.0,
2020,14,00-0029263,R.Wilson,QB,SEA,NYJ,21,27,206.0,4,1.0,0.0,-0.0,1,-1.0,0,0,0,0.0,0,22.14,22.14,,,71.0,215.0,31.95558823529412,8.0,Wisconsin,2012.0,2012.0,SEA,75.0,37.0,
2020,15,00-0029263,R.Wilson,QB,SEA,WAS,18,27,121.0,1,1.0,0.0,-0.0,6,52.0,0,0,0,0.0,0,12.04,12.04,,,71.0,215.0,31.95558823529412,8.0,Wisconsin,2012.0,2012.0,SEA,75.0,,
2020,16,00-0029263,R.Wilson,QB,SEA,LA,20,32,225.0,1,0.0,5.0,28.0,3,9.0,1,0,0,0.0,0,19.9,19.9,,,71.0,215.0,31.95558823529412,8.0,Wisconsin,2012.0,2012.0,SEA,75.0,11.0,
2020,17,00-0029263,R.Wilson,QB,SEA,SF,20,36,181.0,2,0.0,2.0,22.0,5,29.0,0,0,0,0.0,0,18.14,18.14,,,71.0,215.0,31.95558823529412,8.0,Wisconsin,2012.0,2012.0,SEA,75.0,,
2020,18,00-0029263,R.Wilson,QB,SEA,LA,11,27,174.0,2,1.0,5.0,32.0,4,50.0,0,0,0,0.0,0,17.96,17.96,,,71.0,215.0,31.95558823529412,8.0,Wisconsin,2012.0,2012.0,SEA,75.0,-10.0,
2020,1,00-0029293,M.Jones,WR,DET,CHI,0,0,0.0,0,0.0,0.0,0.0,0,0.0,0,8,4,55.0,0,5.5,9.5,,,74.0,198.0,30.6653125,8.0,California,2012.0,2012.0,CIN,166.0,-4.0,0.19512194
2020,2,00-0029293,M.Jones,WR,DET,GB,0,0,0.0,0,0.0,0.0,0.0,0,0.0,0,6,4,23.0,1,8.3,12.3,,,74.0,198.0,30.6653125,8.0,California,2012.0,2012.0,CIN,166.0,,0.2
2020,3,00-0029293,M.Jones,WR,DET,ARI,0,0,0.0,0,0.0,0.0,0.0,0,0.0,0,3,3,51.0,0,5.1,8.1,,,74.0,198.0,30.6653125,8.0,California,2012.0,2012.0,CIN,166.0,,0.09677419
2020,4,00-0029293,M.Jones,WR,DET,NO,0,0,0.0,0,0.0,0.0,0.0,0,0.0,0,2,1,9.0,0,0.9,1.9,,,74.0,198.0,30.6653125,8.0,California,2012.0,2012.0,CIN,166.0,-6.0,0.06666667
2020,6,00-0029293,M.Jones,WR,DET,JAX,0,0,0.0,0,0.0,0.0,0.0,0,0.0,0,5,2,8.0,0,0.8,2.8,,,74.0,198.0,30.6653125,8.0,California,2012.0,2012.0,CIN,166.0,,0.16129032
2020,7,00-0029293,M.Jones,WR,DET,ATL,0,0,0.0,0,0.0,0.0,0.0,0,0.0,0,6,5,80.0,0,8.0,13.0,,,74.0,198.0,30.6653125,8.0,California,2012.0,2012.0,CIN,166.0,,0.1875
2020,8,00-0029293,M.Jones,WR,DET,IND,0,0,0.0,0,0.0,0.0,0.0,0,0.0,0,7,3,39.0,2,15.9,18.9,,,74.0,198.0,30.6653125,8.0,California,2012.0,2012.0,CIN,166.0,-20.0,0.175
2020,9,00-0029293,M.Jones,WR,DET,MIN,0,0,0.0,0,0.0,0.0,0.0,0,0.0,0,4,3,43.0,1,10.3,13.3,,,74.0,198.0,30.6653125,8.0,California,2012.0,2012.0,CIN,166.0,,0.09090909
2020,10,00-0029293,M.Jones,WR,DET,WAS,0,0,0.0,0,0.0,0.0,0.0,0,0.0,0,10,8,96.0,1,15.6,23.6,,,74.0,198.0,30.6653125,8.0,California,2012.0,2012.0,CIN,166.0,3.0,0.3125
2020,11,00-0029293,M.Jones,WR,DET,CAR,0,0,0.0,0,0.0,0.0,0.0,0,0.0,0,6,4,51.0,0,5.1,9.1,,,74.0,198.0,30.6653125,8.0,California,2012.0,2012.0,CIN,166.0,,0.1875
2020,12,00-0029293,M.Jones,WR,DET,HOU,0,0,0.0,0,0.0,0.0,0.0,0,0.0,0,12,6,48.0,0,4.8,10.8,,,74.0,198.0,30.6653125,8.0,California,2012.0,2012.0,CIN,166.0,-16.0,0.2857143
2020,13,00-0029293,M.Jones,WR,DET,CHI,0,0,0.0,0,0.0,0.0,0.0,0,0.0,0,12,8,116.0,1,17.6,25.6,,,74.0,198.0,30.6653125,8.0,California,2012.0,2012.0,CIN,166.0,,0.29268292
2020,14,00-0029293,M.Jones,WR,DET,GB,0,0,0.0,0,0.0,0.0,0.0,0,0.0,0,8,4,48.0,0,4.8,8.8,,,74.0,198.0,30.6653125,8.0,California,2012.0,2012.0,CIN,166.0,-7.0,0.21052632
2020,15,00-0029293,M.Jones,WR,DET,TEN,0,0,0.0,0,0.0,0.0,0.0,0,0.0,0,12,10,112.0,1,17.2,27.2,,,74.0,198.0,30.6653125,8.0,California,2012.0,2012.0,CIN,166.0,,0.3243243
2020,16,00-0029293,M.Jones,WR,DET,TB,0,0,0.0,0,0.0,0.0,0.0,0,0.0,0,3,3,19.0,0,1.9,4.9,,,74.0,198.0,30.6653125,8.0,California,2012.0,2012.0,CIN,166.0,-40.0,0.1
2020,17,00-0029293,M.Jones,WR,DET,MIN,0,0,0.0,0,0.0,0.0,0.0,0,0.0,0,11,8,180.0,2,30.0,38.0,,,74.0,198.0,30.6653125,8.0,California,2012.0,2012.0,CIN,166.0,-2.0,0.3548387
2020,2,00-0029528,B.Massie,T,CHI,NYG,0,0,0.0,0,0.0,0.0,0.0,0,0.0,0,1,1,4.0,0,0.4,1.4,,,78.0,325.0,31.279529411764702,8.0,Mississippi,2012.0,2012.0,ARI,112.0,4.0,0.035714287
2020,3,00-0029567,N.Foles,QB,CHI,ATL,16,29,188.0,3,1.0,0.0,-0.0,3,-3.0,0,0,0,0.0,0,17.22,17.22,,,78.0,243.0,31.807882352941178,8.0,Arizona,2012.0,2012.0,PHI,88.0,,
2020,4,00-0029567,N.Foles,QB,CHI,IND,26,42,249.0,1,1.0,1.0,8.0,2,-1.0,0,0,0,0.0,0,11.86,11.86,,,78.0,243.0,31.807882352941178,8.0,Arizona,2012.0,2012.0,PHI,88.0,-8.0,
2020,5,00-0029567,N.Foles,QB,CHI,TB,30,42,243.0,1,1.0,3.0,35.0,1,-1.0,0,0,0,0.0,0,11.62,11.62,,,78.0,243.0,31.807882352941178,8.0,Arizona,2012.0,2012.0,PHI,88.0,1.0,
2020,6,00-0029567,N.Foles,QB,CHI,CAR,23,39,198.0,1,1.0,0.0,-0.0,5,4.0,1,0,0,0.0,0,16.32,16.32,,,78.0,243.0,31.807882352941178,8.0,Arizona,2012.0,2012.0,PHI,88.0,,
2020,7,00-0029567,N.Foles,QB,CHI,LA,28,40,261.0,0,2.0,4.0,31.0,0,0.0,0,0,0,0.0,0,6.44,6.44,,,78.0,243.0,31.807882352941178,8.0,Arizona,2012.0,2012.0,PHI,88.0,,
2020,8,00-0029567,N.Foles,QB,CHI,NO,28,41,272.0,2,1.0,5.0,39.0,0,0.0,0,0,0,0.0,0,16.88,16.88,,,78.0,243.0,31.807882352941178,8.0,Arizona,2012.0,2012.0,PHI,88.0,-3.0,
2020,9,00-0029567,N.Foles,QB,CHI,TEN,36,52,335.0,2,0.0,3.0,16.0,2,2.0,0,0,0,0.0,0,21.6,21.6,,,78.0,243.0,31.807882352941178,8.0,Arizona,2012.0,2012.0,PHI,88.0,,
2020,10,00-0029567,N.Foles,QB,CHI,MIN,15,26,106.0,0,1.0,2.0,16.0,1,2.0,0,0,0,0.0,0,2.44,2.44,,,78.0,243.0,31.807882352941178,8.0,Arizona,2012.0,2012.0,PHI,88.0,-6.0,
2020,16,00-0029567,N.Foles,QB,CHI,JAX,0,1,0.0,0,0.0,0.0,-0.0,2,-2.0,0,0,0,0.0,0,-0.2,-0.2,,,78.0,243.0,31.807882352941178,8.0,Arizona,2012.0,2012.0,PHI,88.0,,
2020,1,00-0029604,K.Cousins,QB,MIN,GB,19,25,259.0,2,1.0,2.0,11.0,4,34.0,0,0,0,0.0,0,21.76,21.76,,,75.0,202.0,32.224000000000004,8.0,Michigan State,2012.0,2012.0,WAS,102.0,-9.0,
2020,2,00-0029604,K.Cousins,QB,MIN,IND,11,26,113.0,0,3.0,3.0,18.0,0,0.0,0,0,0,0.0,0,-1.48,-1.48,,,75.0,202.0,32.224000000000004,8.0,Michigan State,2012.0,2012.0,WAS,102.0,,
2020,3,00-0029604,K.Cousins,QB,MIN,TEN,16,27,251.0,3,2.0,2.0,13.0,2,14.0,0,0,0,0.0,0,19.44,19.44,,,75.0,202.0,32.224000000000004,8.0,Michigan State,2012.0,2012.0,WAS,102.0,-1.0,
2020,4,00-0029604,K.Cousins,QB,MIN,HOU,16,22,260.0,1,0.0,3.0,12.0,4,5.0,0,0,0,0.0,0,14.9,14.9,,,75.0,202.0,32.224000000000004,8.0,Michigan State,2012.0,2012.0,WAS,102.0,,
2020,5,00-0029604,K.Cousins,QB,MIN,SEA,27,39,249.0,2,1.0,3.0,1.0,1,2.0,0,0,0,0.0,0,14.16,14.16,,,75.0,202.0,32.224000000000004,8.0,Michigan State,2012.0,2012.0,WAS,102.0,,
2020,6,00-0029604,K.Cousins,QB,MIN,ATL,24,36,343.0,3,3.0,1.0,10.0,0,0.0,0,0,0,0.0,0,23.72,23.72,,,75.0,202.0,32.224000000000004,8.0,Michigan State,2012.0,2012.0,WAS,102.0,-17.0,
2020,8,00-0029604,K.Cousins,QB,MIN,GB,11,14,160.0,1,0.0,1.0,9.0,0,0.0,0,0,0,0.0,0,10.4,10.4,,,75.0,202.0,32.224000000000004,8.0,Michigan State,2012.0,2012.0,WAS,102.0,,
2020,9,00-0029604,K.Cousins,QB,MIN,DET,13,20,220.0,3,0.0,1.0,8.0,0,0.0,0,0,0,0.0,0,20.8,20.8,,,75.0,202.0,32.224000000000004,8.0,Michigan State,2012.0,2012.0,WAS,102.0,14.0,
2020,10,00-0029604,K.Cousins,QB,MIN,CHI,25,36,292.0,2,1.0,1.0,6.0,1,-1.0,0,0,0,0.0,0,17.58,17.58,,,75.0,202.0,32.224000000000004,8.0,Michigan State,2012.0,2012.0,WAS,102.0,,
2020,11,00-0029604,K.Cousins,QB,MIN,DAL,22,30,314.0,3,0.0,2.0,9.0,1,4.0,0,0,0,0.0,0,22.96,22.96,,,75.0,202.0,32.224000000000004,8.0,Michigan State,2012.0,2012.0,WAS,102.0,-3.0,
2020,12,00-0029604,K.Cousins,QB,MIN,CAR,34,45,307.0,3,0.0,2.0,16.0,3,19.0,0,0,0,0.0,0,26.18,26.18,,,75.0,202.0,32.224000000000004,8.0,Michigan State,2012.0,2012.0,WAS,102.0,1.0,
2020,13,00-0029604,K.Cousins,QB,MIN,JAX,28,43,305.0,3,1.0,4.0,30.0,3,12.0,0,0,0,0.0,0,21.4,21.4,,,75.0,202.0,32.224000000000004,8.0,Michigan State,2012.0,2012.0,WAS,102.0,3.0,
2020,14,00-0029604,K.Cousins,QB,MIN,TB,24,37,225.0,1,0.0,6.0,52.0,5,41.0,0,0,0,0.0,0,17.1,17.1,,,75.0,202.0,32.224000000000004,8.0,Michigan State,2012.0,2012.0,WAS,102.0,,
2020,15,00-0029604,K.Cousins,QB,MIN,CHI,24,35,271.0,2,1.0,3.0,22.0,3,25.0,0,0,0,0.0,0,19.34,19.34,,,75.0,202.0,32.224000000000004,8.0,Michigan State,2012.0,2012.0,WAS,102.0,-6.0,
2020,16,00-0029604,K.Cousins,QB,MIN,NO,27,41,291.0,3,0.0,2.0,17.0,0,0.0,0,0,0,0.0,0,23.64,23.64,,,75.0,202.0,32.224000000000004,8.0,Michigan State,2012.0,2012.0,WAS,102.0,,
2020,17,00-0029604,K.Cousins,QB,MIN,DET,28,40,405.0,3,0.0,3.0,22.0,5,1.0,1,0,0,0.0,0,34.3,34.3,,,75.0,202.0,32.224000000000004,8.0,Michigan State,2012.0,2012.0,WAS,102.0,,
2020,1,00-0029608,T.Hilton,WR,IND,JAX,0,0,0.0,0,0.0,0.0,0.0,0,0.0,0,9,4,53.0,0,5.3,9.3,,,70.0,183.0,30.996000000000002,8.0,Florida International,2012.0,2012.0,IND,92.0,,0.19565217
2020,2,00-0029608,T.Hilton,WR,IND,MIN,0,0,0.0,0,0.0,0.0,0.0,0,0.0,0,5,3,28.0,0,2.8,5.8,,,70.0,183.0,30.996000000000002,8.0,Florida International,2012.0,2012.0,IND,92.0,17.0,0.2
2020,3,00-0029608,T.Hilton,WR,IND,NYJ,0,0,0.0,0,0.0,0.0,0.0,0,0.0,0,3,3,52.0,0,5.2,8.2,,,70.0,183.0,30.996000000000002,8.0,Florida International,2012.0,2012.0,IND,92.0,29.0,0.12
2020,4,00-0029608,T.Hilton,WR,IND,CHI,0,0,0.0,0,0.0,0.0,0.0,0,0.0,0,5,3,29.0,0,2.9,5.9,,,70.0,183.0,30.996000000000002,8.0,Florida International,2012.0,2012.0,IND,92.0,,0.17857143
2020,5,00-0029608,T.Hilton,WR,IND,CLE,0,0,0.0,0,0.0,0.0,0.0,0,0.0,0,10,6,69.0,0,6.9,12.9,,,70.0,183.0,30.996000000000002,8.0,Florida International,2012.0,2012.0,IND,92.0,,0.3125
2020,6,00-0029608,T.Hilton,WR,IND,CIN,0,0,0.0,0,0.0,0.0,0.0,0,0.0,0,5,1,11.0,0,1.1,2.1,,,70.0,183.0,30.996000000000002,8.0,Florida International,2012.0,2012.0,IND,92.0,4.0,0.11904762
2020,8,00-0029608,T.Hilton,WR,IND,DET,0,0,0.0,0,0.0,0.0,0.0,0,0.0,0,2,2,9.0,0,0.9,2.9,,,70.0,183.0,30.996000000000002,8.0,Florida International,2012.0,2012.0,IND,92.0,,0.060606062
2020,10,00-0029608,T.Hilton,WR,IND,TEN,0,0,0.0,0,0.0,0.0,0.0,0,0.0,0,5,4,40.0,0,4.0,8.0,,,70.0,183.0,30.996000000000002,8.0,Florida International,2012.0,2012.0,IND,92.0,,0.1388889
2020,11,00-0029608,T.Hilton,WR,IND,GB,0,0,0.0,0,0.0,0.0,0.0,0,0.0,0,6,3,36.0,0,3.6,6.6,,,70.0,183.0,30.996000000000002,8.0,Florida International,2012.0,2012.0,IND,92.0,3.0,0.17142858
2020,12,00-0029608,T.Hilton,WR,IND,TEN,0,0,0.0,0,0.0,0.0,0.0,0,0.0,0,5,4,81.0,1,14.1,18.1,,,70.0,183.0,30.996000000000002,8.0,Florida International,2012.0,2012.0,IND,92.0,-19.0,0.11904762
2020,13,00-0029608,T.Hilton,WR,IND,HOU,0,0,0.0,0,0.0,0.0,0.0,0,0.0,0,11,8,110.0,1,17.0,25.0,,,70.0,183.0,30.996000000000002,8.0,Florida International,2012.0,2012.0,IND,92.0,,0.31428573
2020,14,00-0029608,T.Hilton,WR,IND,LV,0,0,0.0,0,0.0,0.0,0.0,0,0.0,0,7,5,86.0,2,20.6,25.6,,,70.0,183.0,30.996000000000002,8.0,Florida International,2012.0,2012.0,IND,92.0,,0.25925925
2020,15,00-0029608,T.Hilton,WR,IND,HOU,0,0,0.0,0,0.0,0.0,0.0,0,0.0,0,6,4,71.0,0,7.1,11.1,,,70.0,183.0,30.996000000000002,8.0,Florida International,2012.0,2012.0,IND,92.0,7.0,0.20689656
2020,16,00-0029608,T.Hilton,WR,IND,PIT,0,0,0.0,0,0.0,0.0,0.0,0,0.0,0,7,3,60.0,0,6.0,9.0,,,70.0,183.0,30.996000000000002,8.0,Florida International,2012.0,2012.0,IND,92.0,,0.20588236
2020,17,00-0029608,T.Hilton,WR,IND,JAX,0,0,0.0,0,0.0,0.0,0.0,0,0.0,0,7,3,27.0,1,10.7,13.7,,,70.0,183.0,30.996000000000002,8.0,Florida International,2012.0,2012.0,IND,92.0,14.0,0.26923078
2020,18,00-0029608,T.Hilton,WR,IND,BUF,0,0,0.0,0,0.0,0.0,0.0,0,0.0,0,5,2,32.0,0,3.2,5.2,,,70.0,183.0,30.996000000000002,8.0,Florida International,2012.0,2012.0,IND,92.0,,0.11627907
2020,10,00-0029615,L.Miller,RB,CHI,MIN,0,0,0.0,0,0.0,0.0,0.0,0,0.0,0,2,2,6.0,0,0.6,2.6,,,70.0,220.0,29.575214285714285,8.0,Miami,2012.0,2012.0,MIA,97.0,-6.0,0.06896552
2020,3,00-0029632,M.Sanu,WR,SF,NYG,0,0,0.0,0,0.0,0.0,0.0,0,0.0,0,1,1,9.0,0,0.9,1.9,,,74.0,215.0,31.2148125,8.0,Rutgers,2012.0,2012.0,CIN,83.0,,0.028571429
2020,12,00-0029632,M.Sanu,WR,DET,HOU,0,0,0.0,0,0.0,0.0,0.0,0,0.0,0,4,4,32.0,1,11.2,15.2,,,74.0,215.0,31.2148125,8.0,Rutgers,2012.0,2012.0,CIN,83.0,-16.0,0.0952381
2020,13,00-0029632,M.Sanu,WR,DET,CHI,0,0,0.0,0,0.0,0.0,0.0,0,0.0,0,2,2,36.0,0,3.6,5.6,,,74.0,215.0,31.2148125,8.0,Rutgers,2012.0,2012.0,CIN,83.0,,0.048780486
2020,14,00-0029632,M.Sanu,WR,DET,GB,0,0,0.0,0,0.0,0.0,0.0,0,0.0,0,2,2,37.0,0,3.7,5.7,,,74.0,215.0,31.2148125,8.0,Rutgers,2012.0,2012.0,CIN,83.0,-7.0,0.05263158
2020,15,00-0029632,M.Sanu,WR,DET,TEN,0,0,0.0,0,0.0,0.0,0.0,0,0.0,0,5,4,38.0,0,3.8,7.8,,,74.0,215.0,31.2148125,8.0,Rutgers,2012.0,2012.0,CIN,83.0,,0.13513513
2020,16,00-0029632,M.Sanu,WR,DET,TB,0,0,0.0,0,0.0,0.0,0.0,0,0.0,0,4,2,22.0,0,2.2,4.2,,,74.0,215.0,31.2148125,8.0,Rutgers,2012.0,2012.0,CIN,83.0,-40.0,0.13333334
2020,17,00-0029632,M.Sanu,WR,DET,MIN,0,0,0.0,0,0.0,0.0,0.0,1,3.0,0,6,2,13.0,0,1.6,3.6,,,74.0,215.0,31.2148125,8.0,Rutgers,2012.0,2012.0,CIN,83.0,-2.0,0.19354838
2020,1,00-0029665,R.Griffin,QB,BAL,CLE,1,1,9.0,0,0.0,0.0,-0.0,1,-1.0,0,0,0,0.0,0,0.26,0.26,,,74.0,213.0,30.761166666666668,8.0,Baylor,2012.0,2012.0,WAS,2.0,32.0,
2020,4,00-0029665,R.Griffin,QB,BAL,WAS,0,1,0.0,0,1.0,0.0,-0.0,3,3.0,0,0,0,0.0,0,-1.7,-1.7,,,74.0,213.0,30.761166666666668,8.0,Baylor,2012.0,2012.0,WAS,2.0,,
2020,5,00-0029665,R.Griffin,QB,BAL,CIN,0,0,0.0,0,0.0,0.0,0.0,1,-1.0,0,0,0,0.0,0,-0.1,-0.1,,,74.0,213.0,30.761166666666668,8.0,Baylor,2012.0,2012.0,WAS,2.0,24.0,
2020,12,00-0029665,R.Griffin,QB,BAL,PIT,7,12,33.0,0,1.0,3.0,20.0,7,68.0,0,0,0,0.0,0,4.12,4.12,,,74.0,213.0,30.761166666666668,8.0,Baylor,2012.0,2012.0,WAS,2.0,,
2020,1,00-0029701,R.Tannehill,QB,TEN,DEN,29,43,249.0,2,0.0,1.0,2.0,3,14.0,0,0,0,0.0,0,19.36,19.36,,,76.0,207.0,32.30058823529412,8.0,Texas A&amp;M,2012.0,2012.0,MIA,8.0,,
2020,2,00-0029701,R.Tannehill,QB,TEN,JAX,18,24,239.0,4,0.0,1.0,8.0,4,12.0,0,0,0,0.0,0,26.76,26.76,,,76.0,207.0,32.30058823529412,8.0,Texas A&amp;M,2012.0,2012.0,MIA,8.0,3.0,
2020,3,00-0029701,R.Tannehill,QB,TEN,MIN,23,37,321.0,0,1.0,1.0,11.0,4,9.0,0,1,1,0.0,0,11.74,12.74,,,76.0,207.0,32.30058823529412,8.0,Texas A&amp;M,2012.0,2012.0,MIA,8.0,,0.030303031
2020,5,00-0029701,R.Tannehill,QB,TEN,BUF,21,28,195.0,3,0.0,0.0,-0.0,4,42.0,1,0,0,0.0,0,30.0,30.0,,,76.0,207.0,32.30058823529412,8.0,Texas A&amp;M,2012.0,2012.0,MIA,8.0,26.0,
2020,6,00-0029701,R.Tannehill,QB,TEN,HOU,30,41,366.0,4,1.0,2.0,22.0,0,0.0,0,0,0,0.0,0,28.64,28.64,,,76.0,207.0,32.30058823529412,8.0,Texas A&amp;M,2012.0,2012.0,MIA,8.0,6.0,
2020,7,00-0029701,R.Tannehill,QB,TEN,PIT,18,30,220.0,2,0.0,2.0,10.0,2,5.0,0,0,0,0.0,0,17.3,17.3,,,76.0,207.0,32.30058823529412,8.0,Texas A&amp;M,2012.0,2012.0,MIA,8.0,-3.0,
2020,8,00-0029701,R.Tannehill,QB,TEN,CIN,18,30,233.0,2,1.0,1.0,10.0,2,20.0,0,0,0,0.0,0,17.32,17.32,,,76.0,207.0,32.30058823529412,8.0,Texas A&amp;M,2012.0,2012.0,MIA,8.0,,
2020,9,00-0029701,R.Tannehill,QB,TEN,CHI,10,21,158.0,2,0.0,3.0,22.0,3,3.0,0,0,0,0.0,0,14.62,14.62,,,76.0,207.0,32.30058823529412,8.0,Texas A&amp;M,2012.0,2012.0,MIA,8.0,7.0,
2020,10,00-0029701,R.Tannehill,QB,TEN,IND,15,27,147.0,1,0.0,1.0,10.0,2,9.0,0,0,0,0.0,0,10.78,10.78,,,76.0,207.0,32.30058823529412,8.0,Texas A&amp;M,2012.0,2012.0,MIA,8.0,-17.0,
2020,11,00-0029701,R.Tannehill,QB,TEN,BAL,22,31,259.0,2,1.0,2.0,16.0,4,35.0,0,0,0,0.0,0,21.86,21.86,,,76.0,207.0,32.30058823529412,8.0,Texas A&amp;M,2012.0,2012.0,MIA,8.0,,
2020,12,00-0029701,R.Tannehill,QB,TEN,IND,13,22,221.0,1,0.0,1.0,1.0,2,3.0,1,0,0,0.0,0,19.14,19.14,,,76.0,207.0,32.30058823529412,8.0,Texas A&amp;M,2012.0,2012.0,MIA,8.0,,
2020,13,00-0029701,R.Tannehill,QB,TEN,CLE,29,45,389.0,4,1.0,3.0,20.0,0,0.0,0,0,0,0.0,0,31.56,31.56,,,76.0,207.0,32.30058823529412,8.0,Texas A&amp;M,2012.0,2012.0,MIA,8.0,-6.0,
2020,14,00-0029701,R.Tannehill,QB,TEN,JAX,19,24,212.0,2,0.0,1.0,7.0,0,0.0,0,0,0,0.0,0,16.48,16.48,,,76.0,207.0,32.30058823529412,8.0,Texas A&amp;M,2012.0,2012.0,MIA,8.0,,
2020,15,00-0029701,R.Tannehill,QB,TEN,DET,21,27,273.0,3,0.0,1.0,5.0,3,21.0,2,0,0,0.0,0,37.02,37.02,,,76.0,207.0,32.30058823529412,8.0,Texas A&amp;M,2012.0,2012.0,MIA,8.0,21.0,
2020,16,00-0029701,R.Tannehill,QB,TEN,GB,11,24,121.0,1,2.0,2.0,17.0,3,55.0,1,0,0,0.0,0,16.34,16.34,,,76.0,207.0,32.30058823529412,8.0,Texas A&amp;M,2012.0,2012.0,MIA,8.0,,
2020,17,00-0029701,R.Tannehill,QB,TEN,HOU,18,27,216.0,1,0.0,2.0,12.0,7,38.0,2,0,0,0.0,0,28.44,28.44,,,76.0,207.0,32.30058823529412,8.0,Texas A&amp;M,2012.0,2012.0,MIA,8.0,,
2020,18,00-0029701,R.Tannehill,QB,TEN,BAL,18,26,165.0,1,1.0,1.0,7.0,2,6.0,0,1,1,-10.0,0,8.2,9.2,,,76.0,207.0,32.30058823529412,8.0,Texas A&amp;M,2012.0,2012.0,MIA,8.0,-7.0,0.03846154
2020,1,00-0029738,D.Fells,TE,HOU,KC,0,0,0.0,0,0.0,0.0,0.0,0,0.0,0,2,2,19.0,0,1.9,3.9,,,79.0,270.0,34.5490625,7.0,California-Irvine,2013.0,2013.0,,,,0.06451613
2020,2,00-0029738,D.Fells,TE,HOU,BAL,0,0,0.0,0,0.0,0.0,0.0,0,0.0,0,4,2,23.0,1,8.3,10.3,,,79.0,270.0,34.5490625,7.0,California-Irvine,2013.0,2013.0,,,-17.0,0.11764706
2020,3,00-0029738,D.Fells,TE,HOU,PIT,0,0,0.0,0,0.0,0.0,0.0,0,0.0,0,2,0,0.0,0,0.0,0.0,,,79.0,270.0,34.5490625,7.0,California-Irvine,2013.0,2013.0,,,,0.074074075
2020,4,00-0029738,D.Fells,TE,HOU,MIN,0,0,0.0,0,0.0,0.0,0.0,0,0.0,0,2,2,21.0,0,2.1,4.1,,,79.0,270.0,34.5490625,7.0,California-Irvine,2013.0,2013.0,,,-8.0,0.06451613
2020,5,00-0029738,D.Fells,TE,HOU,JAX,0,0,0.0,0,0.0,0.0,0.0,0,0.0,0,2,2,57.0,1,11.7,13.7,,,79.0,270.0,34.5490625,7.0,California-Irvine,2013.0,2013.0,,,16.0,0.057142857
2020,6,00-0029738,D.Fells,TE,HOU,TEN,0,0,0.0,0,0.0,0.0,0.0,0,0.0,0,7,6,85.0,1,14.5,20.5,,,79.0,270.0,34.5490625,7.0,California-Irvine,2013.0,2013.0,,,,0.1891892
2020,9,00-0029738,D.Fells,TE,HOU,JAX,0,0,0.0,0,0.0,0.0,0.0,0,0.0,0,2,2,26.0,0,2.6,4.6,,,79.0,270.0,34.5490625,7.0,California-Irvine,2013.0,2013.0,,,,0.06896552
2020,10,00-0029738,D.Fells,TE,HOU,CLE,0,0,0.0,0,0.0,0.0,0.0,0,0.0,0,1,1,15.0,0,1.5,2.5,,,79.0,270.0,34.5490625,7.0,California-Irvine,2013.0,2013.0,,,,0.035714287
2020,11,00-0029738,D.Fells,TE,HOU,NE,0,0,0.0,0,0.0,0.0,0.0,0,0.0,0,2,2,29.0,0,2.9,4.9,,,79.0,270.0,34.5490625,7.0,California-Irvine,2013.0,2013.0,,,7.0,0.054054055
2020,13,00-0029738,D.Fells,TE,HOU,IND,0,0,0.0,0,0.0,0.0,0.0,0,0.0,0,1,0,0.0,0,0.0,0.0,,,79.0,270.0,34.5490625,7.0,California-Irvine,2013.0,2013.0,,,-6.0,0.027027028
2020,14,00-0029738,D.Fells,TE,HOU,CHI,0,0,0.0,0,0.0,0.0,0.0,0,0.0,0,1,1,15.0,0,1.5,2.5,,,79.0,270.0,34.5490625,7.0,California-Irvine,2013.0,2013.0,,,,0.037037037
2020,16,00-0029738,D.Fells,TE,HOU,CIN,0,0,0.0,0,0.0,0.0,0.0,0,0.0,0,2,1,22.0,1,8.2,9.2,,,79.0,270.0,34.5490625,7.0,California-Irvine,2013.0,2013.0,,,-6.0,0.060606062
2020,1,00-0029892,K.Juszczyk,FB,SF,ARI,0,0,0.0,0,0.0,0.0,0.0,1,7.0,0,2,1,41.0,0,4.8,5.8,,,73.0,240.0,29.544,7.0,Harvard,2013.0,2013.0,BAL,130.0,-4.0,0.0625
2020,2,00-0029892,K.Juszczyk,FB,SF,NYJ,0,0,0.0,0,0.0,0.0,0.0,0,0.0,0,2,2,6.0,0,0.6,2.6,,,73.0,240.0,29.544,7.0,Harvard,2013.0,2013.0,BAL,130.0,,0.074074075
2020,3,00-0029892,K.Juszczyk,FB,SF,NYG,0,0,0.0,0,0.0,0.0,0.0,0,0.0,0,1,1,7.0,0,0.7,1.7,,,73.0,240.0,29.544,7.0,Harvard,2013.0,2013.0,BAL,130.0,,0.028571429
2020,4,00-0029892,K.Juszczyk,FB,SF,PHI,0,0,0.0,0,0.0,0.0,0.0,0,0.0,0,2,1,13.0,0,1.3,2.3,,,73.0,240.0,29.544,7.0,Harvard,2013.0,2013.0,BAL,130.0,-5.0,0.048780486
2020,5,00-0029892,K.Juszczyk,FB,SF,MIA,0,0,0.0,0,0.0,0.0,0.0,2,11.0,1,1,0,0.0,0,7.1,7.1,,,73.0,240.0,29.544,7.0,Harvard,2013.0,2013.0,BAL,130.0,-26.0,0.028571429
2020,6,00-0029892,K.Juszczyk,FB,SF,LA,0,0,0.0,0,0.0,0.0,0.0,0,0.0,0,2,1,8.0,0,0.8,1.8,,,73.0,240.0,29.544,7.0,Harvard,2013.0,2013.0,BAL,130.0,8.0,0.0625
2020,7,00-0029892,K.Juszczyk,FB,SF,NE,0,0,0.0,0,0.0,0.0,0.0,4,18.0,1,2,1,18.0,0,9.6,10.6,,,73.0,240.0,29.544,7.0,Harvard,2013.0,2013.0,BAL,130.0,,0.08
2020,8,00-0029892,K.Juszczyk,FB,SF,SEA,0,0,0.0,0,0.0,0.0,0.0,0,0.0,0,2,2,21.0,0,2.1,4.1,,,73.0,240.0,29.544,7.0,Harvard,2013.0,2013.0,BAL,130.0,,0.05
2020,9,00-0029892,K.Juszczyk,FB,SF,GB,0,0,0.0,0,0.0,0.0,0.0,0,0.0,0,1,1,4.0,0,0.4,1.4,,,73.0,240.0,29.544,7.0,Harvard,2013.0,2013.0,BAL,130.0,-17.0,0.029411765
2020,10,00-0029892,K.Juszczyk,FB,SF,NO,0,0,0.0,0,0.0,0.0,0.0,1,5.0,0,1,0,0.0,0,0.5,0.5,,,73.0,240.0,29.544,7.0,Harvard,2013.0,2013.0,BAL,130.0,,0.025641026
2020,12,00-0029892,K.Juszczyk,FB,SF,LA,0,0,0.0,0,0.0,0.0,0.0,2,8.0,0,2,2,24.0,0,3.2,5.2,,,73.0,240.0,29.544,7.0,Harvard,2013.0,2013.0,BAL,130.0,,0.05882353
2020,13,00-0029892,K.Juszczyk,FB,SF,BUF,0,0,0.0,0,0.0,0.0,0.0,2,5.0,0,1,1,6.0,1,7.1,8.1,,,73.0,240.0,29.544,7.0,Harvard,2013.0,2013.0,BAL,130.0,-10.0,0.025641026
2020,14,00-0029892,K.Juszczyk,FB,SF,WAS,0,0,0.0,0,0.0,0.0,0.0,1,3.0,0,3,2,15.0,1,7.8,9.8,,,73.0,240.0,29.544,7.0,Harvard,2013.0,2013.0,BAL,130.0,-8.0,0.06818182
2020,15,00-0029892,K.Juszczyk,FB,SF,DAL,0,0,0.0,0,0.0,0.0,0.0,2,4.0,0,2,1,25.0,0,2.9,3.9,,,73.0,240.0,29.544,7.0,Harvard,2013.0,2013.0,BAL,130.0,,0.048780486
2020,16,00-0029892,K.Juszczyk,FB,SF,ARI,0,0,0.0,0,0.0,0.0,0.0,1,3.0,0,3,2,10.0,2,13.3,15.3,,,73.0,240.0,29.544,7.0,Harvard,2013.0,2013.0,BAL,130.0,,0.14285715
2020,17,00-0029892,K.Juszczyk,FB,SF,SEA,0,0,0.0,0,0.0,0.0,0.0,1,0.0,0,2,1,4.0,0,0.4,1.4,,,73.0,240.0,29.544,7.0,Harvard,2013.0,2013.0,BAL,130.0,-3.0,0.057142857
2020,1,00-0030035,A.Thielen,WR,MIN,GB,0,0,0.0,0,0.0,0.0,0.0,0,0.0,0,8,6,110.0,2,25.0,31.0,,,74.0,200.0,30.2171875,7.0,Minn. State-Mankato,2013.0,2013.0,,,-9.0,0.32
2020,2,00-0030035,A.Thielen,WR,MIN,IND,0,0,0.0,0,0.0,0.0,0.0,0,0.0,0,8,3,31.0,0,3.1,6.1,,,74.0,200.0,30.2171875,7.0,Minn. State-Mankato,2013.0,2013.0,,,,0.3478261
2020,3,00-0030035,A.Thielen,WR,MIN,TEN,0,0,0.0,0,0.0,0.0,0.0,1,4.0,0,5,3,29.0,1,9.3,12.3,,,74.0,200.0,30.2171875,7.0,Minn. State-Mankato,2013.0,2013.0,,,-1.0,0.2
2020,4,00-0030035,A.Thielen,WR,MIN,HOU,0,0,0.0,0,0.0,0.0,0.0,1,8.0,0,10,8,114.0,1,18.2,26.2,,,74.0,200.0,30.2171875,7.0,Minn. State-Mankato,2013.0,2013.0,,,,0.47619048
2020,5,00-0030035,A.Thielen,WR,MIN,SEA,0,0,0.0,0,0.0,0.0,0.0,1,3.0,0,13,9,80.0,2,20.3,29.3,,,74.0,200.0,30.2171875,7.0,Minn. State-Mankato,2013.0,2013.0,,,,0.34210527
2020,6,00-0030035,A.Thielen,WR,MIN,ATL,0,0,0.0,0,0.0,0.0,0.0,0,0.0,0,5,3,51.0,1,11.1,14.1,,,74.0,200.0,30.2171875,7.0,Minn. State-Mankato,2013.0,2013.0,,,-17.0,0.14285715
2020,8,00-0030035,A.Thielen,WR,MIN,GB,0,0,0.0,0,0.0,0.0,0.0,0,0.0,0,4,3,27.0,0,2.7,5.7,,,74.0,200.0,30.2171875,7.0,Minn. State-Mankato,2013.0,2013.0,,,,0.2857143
2020,9,00-0030035,A.Thielen,WR,MIN,DET,0,0,0.0,0,0.0,0.0,0.0,0,0.0,0,5,2,38.0,0,3.8,5.8,,,74.0,200.0,30.2171875,7.0,Minn. State-Mankato,2013.0,2013.0,,,14.0,0.25
2020,10,00-0030035,A.Thielen,WR,MIN,CHI,0,0,0.0,0,0.0,0.0,0.0,0,0.0,0,7,4,43.0,2,16.3,20.3,,,74.0,200.0,30.2171875,7.0,Minn. State-Mankato,2013.0,2013.0,,,,0.21875
2020,11,00-0030035,A.Thielen,WR,MIN,DAL,0,0,0.0,0,0.0,0.0,0.0,0,0.0,0,11,8,123.0,2,24.3,32.3,,,74.0,200.0,30.2171875,7.0,Minn. State-Mankato,2013.0,2013.0,,,-3.0,0.39285713
2020,13,00-0030035,A.Thielen,WR,MIN,JAX,0,0,0.0,0,0.0,0.0,0.0,0,0.0,0,11,8,75.0,1,13.5,21.5,,,74.0,200.0,30.2171875,7.0,Minn. State-Mankato,2013.0,2013.0,,,3.0,0.275
2020,14,00-0030035,A.Thielen,WR,MIN,TB,0,0,0.0,0,0.0,0.0,0.0,0,0.0,0,4,3,39.0,0,3.9,6.9,,,74.0,200.0,30.2171875,7.0,Minn. State-Mankato,2013.0,2013.0,,,,0.114285715
2020,15,00-0030035,A.Thielen,WR,MIN,CHI,0,0,0.0,0,0.0,0.0,0.0,0,0.0,0,3,2,11.0,1,7.1,9.1,,,74.0,200.0,30.2171875,7.0,Minn. State-Mankato,2013.0,2013.0,,,-6.0,0.1
2020,16,00-0030035,A.Thielen,WR,MIN,NO,0,0,0.0,0,0.0,0.0,0.0,0,0.0,0,9,8,97.0,1,15.7,23.7,,,74.0,200.0,30.2171875,7.0,Minn. State-Mankato,2013.0,2013.0,,,,0.23684211
2020,17,00-0030035,A.Thielen,WR,MIN,DET,0,0,0.0,0,0.0,0.0,0.0,0,0.0,0,5,4,57.0,0,5.7,9.7,,,74.0,200.0,30.2171875,7.0,Minn. State-Mankato,2013.0,2013.0,,,,0.13157895
2020,1,00-0030061,Z.Ertz,TE,PHI,WAS,0,0,0.0,0,0.0,0.0,0.0,0,0.0,0,7,3,18.0,1,7.8,10.8,,,77.0,250.0,29.9955625,7.0,Stanford,2013.0,2013.0,PHI,35.0,,0.16666667
2020,2,00-0030061,Z.Ertz,TE,PHI,LA,0,0,0.0,0,0.0,0.0,0.0,0,0.0,0,7,5,42.0,0,4.2,9.2,,,77.0,250.0,29.9955625,7.0,Stanford,2013.0,2013.0,PHI,35.0,-18.0,0.17073171
2020,3,00-0030061,Z.Ertz,TE,PHI,CIN,0,0,0.0,0,0.0,0.0,0.0,0,0.0,0,10,7,70.0,0,7.0,14.0,,,77.0,250.0,29.9955625,7.0,Stanford,2013.0,2013.0,PHI,35.0,0.0,0.22727273
2020,4,00-0030061,Z.Ertz,TE,PHI,SF,0,0,0.0,0,0.0,0.0,0.0,0,0.0,0,5,4,9.0,0,2.9,6.9,,,77.0,250.0,29.9955625,7.0,Stanford,2013.0,2013.0,PHI,35.0,,0.1923077
2020,5,00-0030061,Z.Ertz,TE,PHI,PIT,0,0,0.0,0,0.0,0.0,0.0,0,0.0,0,6,1,6.0,0,0.6,1.6,,,77.0,250.0,29.9955625,7.0,Stanford,2013.0,2013.0,PHI,35.0,,0.16666667
2020,6,00-0030061,Z.Ertz,TE,PHI,BAL,0,0,0.0,0,0.0,0.0,0.0,0,0.0,0,10,4,33.0,0,3.3,7.3,,,77.0,250.0,29.9955625,7.0,Stanford,2013.0,2013.0,PHI,35.0,-2.0,0.25641027
2020,13,00-0030061,Z.Ertz,TE,PHI,GB,0,0,0.0,0,0.0,0.0,0.0,0,0.0,0,4,2,31.0,0,3.1,5.1,,,77.0,250.0,29.9955625,7.0,Stanford,2013.0,2013.0,PHI,35.0,,0.16
2020,14,00-0030061,Z.Ertz,TE,PHI,NO,0,0,0.0,0,0.0,0.0,0.0,0,0.0,0,3,2,8.0,0,0.8,2.8,,,77.0,250.0,29.9955625,7.0,Stanford,2013.0,2013.0,PHI,35.0,3.0,0.115384616
2020,15,00-0030061,Z.Ertz,TE,PHI,ARI,0,0,0.0,0,0.0,0.0,0.0,0,0.0,0,7,2,69.0,0,6.9,8.9,,,77.0,250.0,29.9955625,7.0,Stanford,2013.0,2013.0,PHI,35.0,,0.175
2020,16,00-0030061,Z.Ertz,TE,PHI,DAL,0,0,0.0,0,0.0,0.0,0.0,0,0.0,0,7,3,33.0,0,3.3,6.3,,,77.0,250.0,29.9955625,7.0,Stanford,2013.0,2013.0,PHI,35.0,,0.20588236
2020,17,00-0030061,Z.Ertz,TE,PHI,WAS,0,0,0.0,0,0.0,0.0,0.0,0,0.0,0,6,3,16.0,0,1.6,4.6,,,77.0,250.0,29.9955625,7.0,Stanford,2013.0,2013.0,PHI,35.0,-6.0,0.20689656
2020,1,00-0030085,K.Stills,WR,HOU,KC,0,0,0.0,0,0.0,0.0,0.0,0,0.0,0,2,0,0.0,0,0.0,0.0,,,73.0,202.0,28.547357142857145,7.0,Oklahoma,2013.0,2013.0,NO,144.0,,0.06451613
2020,2,00-0030085,K.Stills,WR,HOU,BAL,0,0,0.0,0,0.0,0.0,0.0,0,0.0,0,3,2,16.0,0,1.6,3.6,,,73.0,202.0,28.547357142857145,7.0,Oklahoma,2013.0,2013.0,NO,144.0,-17.0,0.0882353
2020,3,00-0030085,K.Stills,WR,HOU,PIT,0,0,0.0,0,0.0,0.0,0.0,0,0.0,0,4,3,35.0,0,3.5,6.5,,,73.0,202.0,28.547357142857145,7.0,Oklahoma,2013.0,2013.0,NO,144.0,,0.14814815
2020,4,00-0030085,K.Stills,WR,HOU,MIN,0,0,0.0,0,0.0,0.0,0.0,0,0.0,0,4,2,39.0,1,9.9,11.9,,,73.0,202.0,28.547357142857145,7.0,Oklahoma,2013.0,2013.0,NO,144.0,-8.0,0.12903225
2020,5,00-0030085,K.Stills,WR,HOU,JAX,0,0,0.0,0,0.0,0.0,0.0,0,0.0,0,1,1,14.0,0,1.4,2.4,,,73.0,202.0,28.547357142857145,7.0,Oklahoma,2013.0,2013.0,NO,144.0,16.0,0.028571429
2020,7,00-0030085,K.Stills,WR,HOU,GB,0,0,0.0,0,0.0,0.0,0.0,0,0.0,0,4,2,34.0,0,3.4,5.4,,,73.0,202.0,28.547357142857145,7.0,Oklahoma,2013.0,2013.0,NO,144.0,-15.0,0.10526316
2020,10,00-0030085,K.Stills,WR,HOU,CLE,0,0,0.0,0,0.0,0.0,0.0,0,0.0,0,1,1,6.0,0,0.6,1.6,,,73.0,202.0,28.547357142857145,7.0,Oklahoma,2013.0,2013.0,NO,144.0,,0.035714287
2020,12,00-0030089,L.Willson,TE,BAL,PIT,0,0,0.0,0,0.0,0.0,0.0,0,0.0,0,2,0,0.0,0,0.0,0.0,,,77.0,254.0,30.820600000000002,7.0,Rice,2013.0,2013.0,SEA,158.0,,0.11111111
2020,13,00-0030089,L.Willson,TE,BAL,DAL,0,0,0.0,0,0.0,0.0,0.0,0,0.0,0,1,1,12.0,0,1.2,2.2,,,77.0,254.0,30.820600000000002,7.0,Rice,2013.0,2013.0,SEA,158.0,17.0,0.05882353
2020,2,00-0030092,S.Martin,P,DEN,PIT,0,0,0.0,0,0.0,0.0,0.0,1,0.0,0,0,0,0.0,0,0.0,0.0,,,73.0,211.0,30.7010625,7.0,Appalachian State,2013.0,2013.0,DET,165.0,,
2020,4,00-0030107,T.Riddick,RB,LV,BUF,0,0,0.0,0,0.0,0.0,0.0,2,13.0,0,0,0,0.0,0,1.3,1.3,,,69.0,201.0,29.5198125,7.0,Notre Dame,2013.0,2013.0,DET,199.0,-7.0,
2020,13,00-0030107,T.Riddick,RB,LV,NYJ,0,0,0.0,0,0.0,0.0,0.0,3,6.0,0,1,1,3.0,0,0.9,1.9,,,69.0,201.0,29.5198125,7.0,Notre Dame,2013.0,2013.0,DET,199.0,,0.02173913
2020,15,00-0030107,T.Riddick,RB,LV,LAC,0,0,0.0,0,0.0,0.0,0.0,1,-5.0,0,0,0,0.0,0,-0.5,-0.5,,,69.0,201.0,29.5198125,7.0,Notre Dame,2013.0,2013.0,DET,199.0,-3.0,
2020,17,00-0030107,T.Riddick,RB,LV,DEN,0,0,0.0,0,0.0,0.0,0.0,0,0.0,0,5,4,40.0,0,4.0,8.0,,,69.0,201.0,29.5198125,7.0,Notre Dame,2013.0,2013.0,DET,199.0,,0.14285715
2020,3,00-0030108,R.Griffin,TE,NYJ,IND,0,0,0.0,0,0.0,0.0,0.0,0,0.0,0,2,0,0.0,0,0.0,0.0,,,78.0,255.0,30.8238125,7.0,Connecticut,2013.0,2013.0,HOU,201.0,,0.07692308
2020,4,00-0030108,R.Griffin,TE,NYJ,DEN,0,0,0.0,0,0.0,0.0,0.0,0,0.0,0,3,3,10.0,0,1.0,4.0,,,78.0,255.0,30.8238125,7.0,Connecticut,2013.0,2013.0,HOU,201.0,-9.0,0.069767445
2020,6,00-0030108,R.Griffin,TE,NYJ,MIA,0,0,0.0,0,0.0,0.0,0.0,0,0.0,0,3,2,17.0,0,1.7,3.7,,,78.0,255.0,30.8238125,7.0,Connecticut,2013.0,2013.0,HOU,201.0,,0.07692308
2020,9,00-0030108,R.Griffin,TE,NYJ,NE,0,0,0.0,0,0.0,0.0,0.0,0,0.0,0,2,2,28.0,0,2.8,4.8,,,78.0,255.0,30.8238125,7.0,Connecticut,2013.0,2013.0,HOU,201.0,-3.0,0.083333336
2020,13,00-0030108,R.Griffin,TE,NYJ,LV,0,0,0.0,0,0.0,0.0,0.0,0,0.0,0,2,2,31.0,0,3.1,5.1,,,78.0,255.0,30.8238125,7.0,Connecticut,2013.0,2013.0,HOU,201.0,-3.0,0.1
2020,10,00-0030151,T.Bray,QB,CHI,MIN,1,5,18.0,0,0.0,0.0,-0.0,0,0.0,0,0,0,0.0,0,0.72,0.72,,,78.0,223.0,28.87564705882353,7.0,Tennessee,2013.0,2013.0,,,-6.0,
2020,1,00-0030155,D.Harris,TE,CHI,DET,0,0,0.0,0,0.0,0.0,0.0,0,0.0,0,1,0,0.0,0,0.0,0.0,,,79.0,230.0,29.288941176470587,7.0,Wisconsin-Milwaukee,2013.0,2013.0,,,,0.027777778
2020,2,00-0030155,D.Harris,TE,CHI,NYG,0,0,0.0,0,0.0,0.0,0.0,0,0.0,0,1,0,0.0,0,0.0,0.0,,,79.0,230.0,29.288941176470587,7.0,Wisconsin-Milwaukee,2013.0,2013.0,,,4.0,0.035714287
2020,3,00-0030155,D.Harris,TE,CHI,ATL,0,0,0.0,0,0.0,0.0,0.0,0,0.0,0,3,3,15.0,0,1.5,4.5,,,79.0,230.0,29.288941176470587,7.0,Wisconsin-Milwaukee,2013.0,2013.0,,,,0.06122449
2020,4,00-0030155,D.Harris,TE,CHI,IND,0,0,0.0,0,0.0,0.0,0.0,0,0.0,0,2,1,6.0,0,0.6,1.6,,,79.0,230.0,29.288941176470587,7.0,Wisconsin-Milwaukee,2013.0,2013.0,,,-8.0,0.04761905
2020,5,00-0030155,D.Harris,TE,CHI,TB,0,0,0.0,0,0.0,0.0,0.0,0,0.0,0,1,1,9.0,0,0.9,1.9,,,79.0,230.0,29.288941176470587,7.0,Wisconsin-Milwaukee,2013.0,2013.0,,,1.0,0.023809524
2020,6,00-0030155,D.Harris,TE,CHI,CAR,0,0,0.0,0,0.0,0.0,0.0,0,0.0,0,3,0,0.0,0,0.0,0.0,,,79.0,230.0,29.288941176470587,7.0,Wisconsin-Milwaukee,2013.0,2013.0,,,,0.083333336
2020,7,00-0030155,D.Harris,TE,CHI,LA,0,0,0.0,0,0.0,0.0,0.0,0,0.0,0,3,2,15.0,0,1.5,3.5,,,79.0,230.0,29.288941176470587,7.0,Wisconsin-Milwaukee,2013.0,2013.0,,,,0.078947365
2020,1,00-0030181,J.Doyle,TE,IND,JAX,0,0,0.0,0,0.0,0.0,0.0,0,0.0,0,4,3,49.0,0,4.9,7.9,,,78.0,262.0,30.525117647058824,7.0,Western Kentucky,2013.0,2013.0,,,,0.08695652
2020,4,00-0030181,J.Doyle,TE,IND,CHI,0,0,0.0,0,0.0,0.0,0.0,0,0.0,0,1,1,12.0,0,1.2,2.2,,,78.0,262.0,30.525117647058824,7.0,Western Kentucky,2013.0,2013.0,,,,0.035714287
2020,5,00-0030181,J.Doyle,TE,IND,CLE,0,0,0.0,0,0.0,0.0,0.0,0,0.0,0,2,0,0.0,0,0.0,0.0,,,78.0,262.0,30.525117647058824,7.0,Western Kentucky,2013.0,2013.0,,,,0.0625
2020,6,00-0030181,J.Doyle,TE,IND,CIN,0,0,0.0,0,0.0,0.0,0.0,0,0.0,0,3,3,29.0,1,6.9,9.9,,,78.0,262.0,30.525117647058824,7.0,Western Kentucky,2013.0,2013.0,,,4.0,0.071428575
2020,8,00-0030181,J.Doyle,TE,IND,DET,0,0,0.0,0,0.0,0.0,0.0,0,0.0,0,3,2,18.0,1,7.8,9.8,,,78.0,262.0,30.525117647058824,7.0,Western Kentucky,2013.0,2013.0,,,,0.09090909
2020,9,00-0030181,J.Doyle,TE,IND,BAL,0,0,0.0,0,0.0,0.0,0.0,0,0.0,0,2,0,0.0,0,0.0,0.0,,,78.0,262.0,30.525117647058824,7.0,Western Kentucky,2013.0,2013.0,,,-14.0,0.05
2020,11,00-0030181,J.Doyle,TE,IND,GB,0,0,0.0,0,0.0,0.0,0.0,0,0.0,0,2,1,6.0,1,6.6,7.6,,,78.0,262.0,30.525117647058824,7.0,Western Kentucky,2013.0,2013.0,,,3.0,0.057142857
2020,12,00-0030181,J.Doyle,TE,IND,TEN,0,0,0.0,0,0.0,0.0,0.0,0,0.0,0,1,0,0.0,0,0.0,0.0,,,78.0,262.0,30.525117647058824,7.0,Western Kentucky,2013.0,2013.0,,,-19.0,0.023809524
2020,13,00-0030181,J.Doyle,TE,IND,HOU,0,0,0.0,0,0.0,0.0,0.0,0,0.0,0,1,1,12.0,0,1.2,2.2,,,78.0,262.0,30.525117647058824,7.0,Western Kentucky,2013.0,2013.0,,,,0.028571429
2020,14,00-0030181,J.Doyle,TE,IND,LV,0,0,0.0,0,0.0,0.0,0.0,0,0.0,0,3,3,44.0,0,4.4,7.4,,,78.0,262.0,30.525117647058824,7.0,Western Kentucky,2013.0,2013.0,,,,0.11111111
2020,15,00-0030181,J.Doyle,TE,IND,HOU,0,0,0.0,0,0.0,0.0,0.0,0,0.0,0,2,2,14.0,0,1.4,3.4,,,78.0,262.0,30.525117647058824,7.0,Western Kentucky,2013.0,2013.0,,,7.0,0.06896552
2020,16,00-0030181,J.Doyle,TE,IND,PIT,0,0,0.0,0,0.0,0.0,0.0,0,0.0,0,6,4,50.0,0,5.0,9.0,,,78.0,262.0,30.525117647058824,7.0,Western Kentucky,2013.0,2013.0,,,,0.1764706
2020,17,00-0030181,J.Doyle,TE,IND,JAX,0,0,0.0,0,0.0,0.0,0.0,0,0.0,0,3,3,17.0,0,1.7,4.7,,,78.0,262.0,30.525117647058824,7.0,Western Kentucky,2013.0,2013.0,,,14.0,0.115384616
2020,18,00-0030181,J.Doyle,TE,IND,BUF,0,0,0.0,0,0.0,0.0,0.0,0,0.0,0,9,7,70.0,1,15.0,22.0,,,78.0,262.0,30.525117647058824,7.0,Western Kentucky,2013.0,2013.0,,,,0.20930232
2020,7,00-0030196,J.Heath,SS,LV,TB,0,0,0.0,0,0.0,0.0,0.0,1,1.0,0,0,0,0.0,0,0.1,0.1,,,73.0,212.0,29.4925,7.0,Saginaw Valley State,2013.0,2013.0,,,-25.0,
2020,1,00-0030216,J.Hill,TE,NO,TB,0,0,0.0,0,0.0,0.0,0.0,0,0.0,0,1,0,0.0,0,0.0,0.0,,,77.0,250.0,30.493000000000002,7.0,Idaho State,2013.0,2013.0,,,11.0,0.033333335
2020,2,00-0030216,J.Hill,TE,NO,LV,0,0,0.0,0,0.0,0.0,0.0,0,0.0,0,2,1,16.0,0,1.6,2.6,,,77.0,250.0,30.493000000000002,7.0,Idaho State,2013.0,2013.0,,,,0.054054055
2020,4,00-0030216,J.Hill,TE,NO,DET,0,0,0.0,0,0.0,0.0,0.0,0,0.0,0,1,1,7.0,0,0.7,1.7,,,77.0,250.0,30.493000000000002,7.0,Idaho State,2013.0,2013.0,,,,0.04
2020,5,00-0030216,J.Hill,TE,NO,LAC,0,0,0.0,0,0.0,0.0,0.0,0,0.0,0,1,1,1.0,0,0.1,1.1,,,77.0,250.0,30.493000000000002,7.0,Idaho State,2013.0,2013.0,,,3.0,0.021276595
2020,7,00-0030216,J.Hill,TE,NO,CAR,0,0,0.0,0,0.0,0.0,0.0,0,0.0,0,1,1,0.0,0,0.0,1.0,,,77.0,250.0,30.493000000000002,7.0,Idaho State,2013.0,2013.0,,,3.0,0.028571429
2020,8,00-0030216,J.Hill,TE,NO,CHI,0,0,0.0,0,0.0,0.0,0.0,0,0.0,0,1,1,7.0,0,0.7,1.7,,,77.0,250.0,30.493000000000002,7.0,Idaho State,2013.0,2013.0,,,,0.024390243
2020,9,00-0030216,J.Hill,TE,NO,TB,0,0,0.0,0,0.0,0.0,0.0,0,0.0,0,2,2,14.0,1,7.4,9.4,,,77.0,250.0,30.493000000000002,7.0,Idaho State,2013.0,2013.0,,,,0.05882353
2020,14,00-0030216,J.Hill,TE,NO,PHI,0,0,0.0,0,0.0,0.0,0.0,0,0.0,0,1,1,1.0,0,0.1,1.1,,,77.0,250.0,30.493000000000002,7.0,Idaho State,2013.0,2013.0,,,,0.027027028
2020,19,00-0030216,J.Hill,TE,NO,TB,0,0,0.0,0,0.0,0.0,0.0,0,0.0,0,1,1,-3.0,0,-0.3,0.7,,,77.0,250.0,30.493000000000002,7.0,Idaho State,2013.0,2013.0,,,-10.0,0.028571429
2020,1,00-0030279,K.Allen,WR,LAC,CIN,0,0,0.0,0,0.0,0.0,0.0,0,0.0,0,8,4,37.0,0,3.7,7.7,,,74.0,211.0,28.53725,7.0,California,2013.0,2013.0,SD,76.0,,0.27586207
2020,2,00-0030279,K.Allen,WR,LAC,KC,0,0,0.0,0,0.0,0.0,0.0,0,0.0,0,10,7,96.0,0,9.6,16.6,,,74.0,211.0,28.53725,7.0,California,2013.0,2013.0,SD,76.0,-3.0,0.33333334
2020,3,00-0030279,K.Allen,WR,LAC,CAR,0,0,0.0,0,0.0,0.0,0.0,0,0.0,0,19,13,132.0,1,17.2,30.2,,,74.0,211.0,28.53725,7.0,California,2013.0,2013.0,SD,76.0,-5.0,0.39583334
2020,4,00-0030279,K.Allen,WR,LAC,TB,0,0,0.0,0,0.0,0.0,0.0,0,0.0,0,11,8,62.0,0,6.2,14.2,,,74.0,211.0,28.53725,7.0,California,2013.0,2013.0,SD,76.0,,0.44
2020,5,00-0030279,K.Allen,WR,LAC,NO,0,0,0.0,0,0.0,0.0,0.0,0,0.0,0,2,2,29.0,1,8.9,10.9,,,74.0,211.0,28.53725,7.0,California,2013.0,2013.0,SD,76.0,,0.0625
2020,7,00-0030279,K.Allen,WR,LAC,JAX,0,0,0.0,0,0.0,0.0,0.0,0,0.0,0,13,10,125.0,0,12.5,22.5,,,74.0,211.0,28.53725,7.0,California,2013.0,2013.0,SD,76.0,10.0,0.30952382
2020,8,00-0030279,K.Allen,WR,LAC,DEN,0,1,0.0,0,0.0,0.0,-0.0,0,0.0,0,12,9,67.0,1,12.7,21.7,,,74.0,211.0,28.53725,7.0,California,2013.0,2013.0,SD,76.0,,0.2857143
2020,9,00-0030279,K.Allen,WR,LAC,LV,0,0,0.0,0,0.0,0.0,0.0,0,0.0,0,11,9,103.0,1,16.3,25.3,,,74.0,211.0,28.53725,7.0,California,2013.0,2013.0,SD,76.0,-5.0,0.2682927
2020,10,00-0030279,K.Allen,WR,LAC,MIA,0,0,0.0,0,0.0,0.0,0.0,0,0.0,0,7,3,39.0,1,9.9,12.9,,,74.0,211.0,28.53725,7.0,California,2013.0,2013.0,SD,76.0,,0.21875
2020,11,00-0030279,K.Allen,WR,LAC,NYJ,0,0,0.0,0,0.0,0.0,0.0,0,0.0,0,19,16,145.0,1,18.5,34.5,,,74.0,211.0,28.53725,7.0,California,2013.0,2013.0,SD,76.0,6.0,0.39583334
2020,12,00-0030279,K.Allen,WR,LAC,BUF,0,0,0.0,0,0.0,0.0,0.0,0,0.0,0,10,4,40.0,1,12.0,16.0,,,74.0,211.0,28.53725,7.0,California,2013.0,2013.0,SD,76.0,,0.19607843
2020,13,00-0030279,K.Allen,WR,LAC,NE,0,0,0.0,0,0.0,0.0,0.0,0,0.0,0,11,5,48.0,0,4.8,9.8,,,74.0,211.0,28.53725,7.0,California,2013.0,2013.0,SD,76.0,-45.0,0.21153846
2020,14,00-0030279,K.Allen,WR,LAC,ATL,0,0,0.0,0,0.0,0.0,0.0,0,0.0,0,11,9,52.0,1,11.2,20.2,,,74.0,211.0,28.53725,7.0,California,2013.0,2013.0,SD,76.0,3.0,0.25
2020,15,00-0030279,K.Allen,WR,LAC,LV,0,0,0.0,0,0.0,0.0,0.0,1,-1.0,0,3,1,17.0,0,1.6,2.6,,,74.0,211.0,28.53725,7.0,California,2013.0,2013.0,SD,76.0,,0.09375
2020,1,00-0030288,R.Burkhead,RB,NE,MIA,0,0,0.0,0,0.0,0.0,0.0,7,32.0,0,0,0,0.0,0,3.2,3.2,,,70.0,215.0,30.35925,7.0,Nebraska,2013.0,2013.0,CIN,190.0,10.0,
2020,2,00-0030288,R.Burkhead,RB,NE,SEA,0,0,0.0,0,0.0,0.0,0.0,6,2.0,0,6,4,47.0,0,4.9,8.9,,,70.0,215.0,30.35925,7.0,Nebraska,2013.0,2013.0,CIN,190.0,,0.13953489
2020,3,00-0030288,R.Burkhead,RB,NE,LV,0,0,0.0,0,0.0,0.0,0.0,6,49.0,2,10,7,49.0,1,27.8,34.8,,,70.0,215.0,30.35925,7.0,Nebraska,2013.0,2013.0,CIN,190.0,16.0,0.35714287
2020,4,00-0030288,R.Burkhead,RB,NE,KC,0,0,0.0,0,0.0,0.0,0.0,11,45.0,0,1,1,5.0,0,5.0,6.0,,,70.0,215.0,30.35925,7.0,Nebraska,2013.0,2013.0,CIN,190.0,,0.028571429
2020,6,00-0030288,R.Burkhead,RB,NE,DEN,0,0,0.0,0,0.0,0.0,0.0,5,14.0,0,0,0,0.0,0,1.4,1.4,,,70.0,215.0,30.35925,7.0,Nebraska,2013.0,2013.0,CIN,190.0,-6.0,
2020,7,00-0030288,R.Burkhead,RB,NE,SF,0,0,0.0,0,0.0,0.0,0.0,4,12.0,0,4,3,35.0,0,4.7,7.7,,,70.0,215.0,30.35925,7.0,Nebraska,2013.0,2013.0,CIN,190.0,-27.0,0.18181819
2020,8,00-0030288,R.Burkhead,RB,NE,BUF,0,0,0.0,0,0.0,0.0,0.0,6,26.0,0,1,1,5.0,0,3.1,4.1,,,70.0,215.0,30.35925,7.0,Nebraska,2013.0,2013.0,CIN,190.0,,0.04347826
2020,9,00-0030288,R.Burkhead,RB,NE,NYJ,0,0,0.0,0,0.0,0.0,0.0,12,56.0,1,3,3,11.0,0,12.7,15.7,,,70.0,215.0,30.35925,7.0,Nebraska,2013.0,2013.0,CIN,190.0,,0.0882353
2020,10,00-0030288,R.Burkhead,RB,NE,BAL,0,0,0.0,0,0.0,0.0,0.0,6,31.0,0,5,4,35.0,2,18.6,22.6,,,70.0,215.0,30.35925,7.0,Nebraska,2013.0,2013.0,CIN,190.0,6.0,0.29411766
2020,11,00-0030288,R.Burkhead,RB,NE,HOU,0,0,0.0,0,0.0,0.0,0.0,4,7.0,0,3,2,5.0,0,1.2,3.2,,,70.0,215.0,30.35925,7.0,Nebraska,2013.0,2013.0,CIN,190.0,,0.078947365
2020,1,00-0030404,C.Thompson,RB,JAX,IND,0,0,0.0,0,0.0,0.0,0.0,0,0.0,0,2,2,6.0,0,0.6,2.6,,,68.0,195.0,30.054125,7.0,Florida State,2013.0,2013.0,WAS,154.0,7.0,0.1
2020,2,00-0030404,C.Thompson,RB,JAX,TEN,0,0,0.0,0,0.0,0.0,0.0,2,7.0,0,4,3,20.0,1,8.7,11.7,,,68.0,195.0,30.054125,7.0,Florida State,2013.0,2013.0,WAS,154.0,,0.09090909
2020,3,00-0030404,C.Thompson,RB,JAX,MIA,0,0,0.0,0,0.0,0.0,0.0,2,3.0,0,6,5,35.0,0,3.8,8.8,,,68.0,195.0,30.054125,7.0,Florida State,2013.0,2013.0,WAS,154.0,-18.0,0.14285715
2020,5,00-0030404,C.Thompson,RB,JAX,HOU,0,0,0.0,0,0.0,0.0,0.0,2,7.0,0,3,3,35.0,0,4.2,7.2,,,68.0,195.0,30.054125,7.0,Florida State,2013.0,2013.0,WAS,154.0,,0.06818182
2020,6,00-0030404,C.Thompson,RB,JAX,DET,0,0,0.0,0,0.0,0.0,0.0,0,0.0,0,4,3,15.0,0,1.5,4.5,,,68.0,195.0,30.054125,7.0,Florida State,2013.0,2013.0,WAS,154.0,-18.0,0.09090909
2020,9,00-0030404,C.Thompson,RB,JAX,HOU,0,0,0.0,0,0.0,0.0,0.0,1,3.0,0,4,4,35.0,0,3.8,7.8,,,68.0,195.0,30.054125,7.0,Florida State,2013.0,2013.0,WAS,154.0,-2.0,0.10526316
2020,1,00-0030431,R.Woods,WR,LA,DAL,0,0,0.0,0,0.0,0.0,0.0,1,14.0,0,8,6,105.0,0,11.9,17.9,,,72.0,193.0,28.600166666666667,7.0,Southern California,2013.0,2013.0,BUF,41.0,3.0,0.2857143
2020,2,00-0030431,R.Woods,WR,LA,PHI,0,0,0.0,0,0.0,0.0,0.0,3,19.0,1,5,2,14.0,0,9.3,11.3,,,72.0,193.0,28.600166666666667,7.0,Southern California,2013.0,2013.0,BUF,41.0,,0.1923077
2020,3,00-0030431,R.Woods,WR,LA,BUF,0,0,0.0,0,0.0,0.0,0.0,3,30.0,0,6,5,74.0,1,16.4,21.4,,,72.0,193.0,28.600166666666667,7.0,Southern California,2013.0,2013.0,BUF,41.0,,0.19354838
2020,4,00-0030431,R.Woods,WR,LA,NYG,0,0,0.0,0,0.0,0.0,0.0,1,2.0,0,7,6,36.0,0,3.8,9.8,,,72.0,193.0,28.600166666666667,7.0,Southern California,2013.0,2013.0,BUF,41.0,8.0,0.21875
2020,5,00-0030431,R.Woods,WR,LA,WAS,0,0,0.0,0,0.0,0.0,0.0,0,0.0,0,5,4,71.0,1,13.1,17.1,,,72.0,193.0,28.600166666666667,7.0,Southern California,2013.0,2013.0,BUF,41.0,,0.1724138
2020,6,00-0030431,R.Woods,WR,LA,SF,0,0,0.0,0,0.0,0.0,0.0,2,11.0,0,10,4,29.0,1,10.0,14.0,,,72.0,193.0,28.600166666666667,7.0,Southern California,2013.0,2013.0,BUF,41.0,,0.27027026
2020,7,00-0030431,R.Woods,WR,LA,CHI,0,0,0.0,0,0.0,0.0,0.0,4,23.0,0,5,3,22.0,0,2.5,5.5,,,72.0,193.0,28.600166666666667,7.0,Southern California,2013.0,2013.0,BUF,41.0,14.0,0.16129032
2020,8,00-0030431,R.Woods,WR,LA,MIA,0,0,0.0,0,0.0,0.0,0.0,2,9.0,1,8,7,85.0,1,21.4,28.4,,,72.0,193.0,28.600166666666667,7.0,Southern California,2013.0,2013.0,BUF,41.0,,0.14035088
2020,10,00-0030431,R.Woods,WR,LA,SEA,0,0,0.0,0,0.0,0.0,0.0,1,3.0,0,6,5,33.0,0,3.6,8.6,,,72.0,193.0,28.600166666666667,7.0,Southern California,2013.0,2013.0,BUF,41.0,7.0,0.16666667
2020,11,00-0030431,R.Woods,WR,LA,TB,0,0,0.0,0,0.0,0.0,0.0,2,-4.0,0,15,12,130.0,1,18.6,30.6,,,72.0,193.0,28.600166666666667,7.0,Southern California,2013.0,2013.0,BUF,41.0,,0.30612245
2020,12,00-0030431,R.Woods,WR,LA,SF,0,0,0.0,0,0.0,0.0,0.0,1,8.0,0,12,7,80.0,0,8.8,15.8,,,72.0,193.0,28.600166666666667,7.0,Southern California,2013.0,2013.0,BUF,41.0,-3.0,0.4
2020,13,00-0030431,R.Woods,WR,LA,ARI,0,0,0.0,0,0.0,0.0,0.0,0,0.0,0,11,10,85.0,0,8.5,18.5,,,72.0,193.0,28.600166666666667,7.0,Southern California,2013.0,2013.0,BUF,41.0,,0.25
2020,14,00-0030431,R.Woods,WR,LA,NE,0,0,0.0,0,0.0,0.0,0.0,1,-1.0,0,8,5,32.0,0,3.1,8.1,,,72.0,193.0,28.600166666666667,7.0,Southern California,2013.0,2013.0,BUF,41.0,21.0,0.33333334
2020,15,00-0030431,R.Woods,WR,LA,NYJ,0,0,0.0,0,0.0,0.0,0.0,1,40.0,0,7,6,56.0,1,15.6,21.6,,,72.0,193.0,28.600166666666667,7.0,Southern California,2013.0,2013.0,BUF,41.0,-3.0,0.23333333
2020,16,00-0030431,R.Woods,WR,LA,SEA,0,0,0.0,0,0.0,0.0,0.0,2,1.0,0,9,4,48.0,0,4.9,8.9,,,72.0,193.0,28.600166666666667,7.0,Southern California,2013.0,2013.0,BUF,41.0,,0.2195122
2020,17,00-0030431,R.Woods,WR,LA,ARI,0,0,0.0,0,0.0,0.0,0.0,0,0.0,0,7,4,36.0,0,3.6,7.6,,,72.0,193.0,28.600166666666667,7.0,Southern California,2013.0,2013.0,BUF,41.0,11.0,0.1891892
2020,18,00-0030431,R.Woods,WR,LA,SEA,0,0,0.0,0,0.0,0.0,0.0,1,-3.0,0,8,4,48.0,1,10.5,14.5,,,72.0,193.0,28.600166666666667,7.0,Southern California,2013.0,2013.0,BUF,41.0,,0.33333334
2020,19,00-0030431,R.Woods,WR,LA,GB,0,0,0.0,0,0.0,0.0,0.0,0,0.0,0,10,8,48.0,0,4.8,12.8,,,72.0,193.0,28.600166666666667,7.0,Southern California,2013.0,2013.0,BUF,41.0,,0.3846154
2020,1,00-0030443,L.Toilolo,TE,NYG,PIT,0,0,0.0,0,0.0,0.0,0.0,0,0.0,0,1,1,13.0,0,1.3,2.3,,,80.0,268.0,29.2760625,7.0,Stanford,2013.0,2013.0,ATL,133.0,-10.0,0.025641026
2020,8,00-0030443,L.Toilolo,TE,NYG,TB,0,0,0.0,0,0.0,0.0,0.0,0,0.0,0,2,1,9.0,0,0.9,1.9,,,80.0,268.0,29.2760625,7.0,Stanford,2013.0,2013.0,ATL,133.0,-2.0,0.048780486
2020,9,00-0030443,L.Toilolo,TE,NYG,WAS,0,0,0.0,0,0.0,0.0,0.0,0,0.0,0,1,1,0.0,0,0.0,1.0,,,80.0,268.0,29.2760625,7.0,Stanford,2013.0,2013.0,ATL,133.0,,0.030303031
2020,15,00-0030443,L.Toilolo,TE,NYG,CLE,0,0,0.0,0,0.0,0.0,0.0,0,0.0,0,1,1,14.0,0,1.4,2.4,,,80.0,268.0,29.2760625,7.0,Stanford,2013.0,2013.0,ATL,133.0,-14.0,0.03125
2020,17,00-0030443,L.Toilolo,TE,NYG,DAL,0,0,0.0,0,0.0,0.0,0.0,0,0.0,0,1,1,10.0,0,1.0,2.0,,,80.0,268.0,29.2760625,7.0,Stanford,2013.0,2013.0,ATL,133.0,4.0,0.04
2020,1,00-0030456,G.Bernard,RB,CIN,LAC,0,0,0.0,0,0.0,0.0,0.0,1,7.0,0,5,4,21.0,0,2.8,6.8,,,69.0,205.0,28.9633125,7.0,North Carolina,2013.0,2013.0,CIN,37.0,-3.0,0.14285715
2020,2,00-0030456,G.Bernard,RB,CIN,CLE,0,0,0.0,0,0.0,0.0,0.0,1,3.0,0,7,5,22.0,0,2.5,7.5,,,69.0,205.0,28.9633125,7.0,North Carolina,2013.0,2013.0,CIN,37.0,,0.118644066
2020,3,00-0030456,G.Bernard,RB,CIN,PHI,0,0,0.0,0,0.0,0.0,0.0,0,0.0,0,3,3,55.0,0,5.5,8.5,,,69.0,205.0,28.9633125,7.0,North Carolina,2013.0,2013.0,CIN,37.0,,0.071428575
2020,4,00-0030456,G.Bernard,RB,CIN,JAX,0,0,0.0,0,0.0,0.0,0.0,2,19.0,0,0,0,0.0,0,1.9,1.9,,,69.0,205.0,28.9633125,7.0,North Carolina,2013.0,2013.0,CIN,37.0,8.0,
2020,5,00-0030456,G.Bernard,RB,CIN,BAL,0,0,0.0,0,0.0,0.0,0.0,0,0.0,0,2,1,4.0,0,0.4,1.4,,,69.0,205.0,28.9633125,7.0,North Carolina,2013.0,2013.0,CIN,37.0,,0.06896552
2020,6,00-0030456,G.Bernard,RB,CIN,IND,0,0,0.0,0,0.0,0.0,0.0,8,15.0,1,3,3,13.0,0,8.8,11.8,,,69.0,205.0,28.9633125,7.0,North Carolina,2013.0,2013.0,CIN,37.0,,0.07692308
2020,7,00-0030456,G.Bernard,RB,CIN,CLE,0,0,0.0,0,0.0,0.0,0.0,13,37.0,0,5,5,59.0,1,15.6,20.6,,,69.0,205.0,28.9633125,7.0,North Carolina,2013.0,2013.0,CIN,37.0,-3.0,0.10638298
2020,8,00-0030456,G.Bernard,RB,CIN,TEN,0,0,0.0,0,0.0,0.0,0.0,15,62.0,1,4,3,16.0,1,19.8,22.8,,,69.0,205.0,28.9633125,7.0,North Carolina,2013.0,2013.0,CIN,37.0,11.0,0.114285715
2020,10,00-0030456,G.Bernard,RB,CIN,PIT,0,0,0.0,0,0.0,0.0,0.0,8,30.0,0,7,4,17.0,0,4.7,8.7,,,69.0,205.0,28.9633125,7.0,North Carolina,2013.0,2013.0,CIN,37.0,,0.18421052
2020,11,00-0030456,G.Bernard,RB,CIN,WAS,0,0,0.0,0,0.0,0.0,0.0,9,18.0,0,5,4,37.0,0,5.5,9.5,,,69.0,205.0,28.9633125,7.0,North Carolina,2013.0,2013.0,CIN,37.0,,0.11363637
2020,12,00-0030456,G.Bernard,RB,CIN,NYG,0,0,0.0,0,0.0,0.0,0.0,8,32.0,0,3,2,17.0,0,4.9,6.9,,,69.0,205.0,28.9633125,7.0,North Carolina,2013.0,2013.0,CIN,37.0,-2.0,0.11111111
2020,13,00-0030456,G.Bernard,RB,CIN,MIA,0,0,0.0,0,0.0,0.0,0.0,12,30.0,0,2,2,-1.0,0,2.9,4.9,,,69.0,205.0,28.9633125,7.0,North Carolina,2013.0,2013.0,CIN,37.0,,0.074074075
2020,14,00-0030456,G.Bernard,RB,CIN,DAL,0,0,0.0,0,0.0,0.0,0.0,3,8.0,0,3,3,15.0,0,0.3,3.3,,,69.0,205.0,28.9633125,7.0,North Carolina,2013.0,2013.0,CIN,37.0,-23.0,0.078947365
2020,15,00-0030456,G.Bernard,RB,CIN,PIT,0,0,0.0,0,0.0,0.0,0.0,25,83.0,1,1,1,14.0,1,21.7,22.7,,,69.0,205.0,28.9633125,7.0,North Carolina,2013.0,2013.0,CIN,37.0,10.0,0.07692308
2020,16,00-0030456,G.Bernard,RB,CIN,HOU,0,0,0.0,0,0.0,0.0,0.0,16,65.0,0,8,7,66.0,0,13.1,20.1,,,69.0,205.0,28.9633125,7.0,North Carolina,2013.0,2013.0,CIN,37.0,,0.21052632
2020,17,00-0030456,G.Bernard,RB,CIN,BAL,0,0,0.0,0,0.0,0.0,0.0,3,7.0,0,1,0,0.0,0,0.7,0.7,,,69.0,205.0,28.9633125,7.0,North Carolina,2013.0,2013.0,CIN,37.0,-35.0,0.05
2020,4,00-0030465,K.Barner,RB,TB,LAC,0,0,0.0,0,0.0,0.0,0.0,0,0.0,0,1,0,0.0,0,0.0,0.0,,,69.0,195.0,31.5688,7.0,Oregon,2013.0,2013.0,CAR,182.0,7.0,0.022222223
2020,1,00-0030470,V.McDonald,TE,PIT,NYG,0,0,0.0,0,0.0,0.0,0.0,0,0.0,0,2,1,3.0,0,0.3,1.3,,,76.0,267.0,30.42329411764706,7.0,Rice,2013.0,2013.0,SF,55.0,,0.06451613
2020,2,00-0030470,V.McDonald,TE,PIT,DEN,0,0,0.0,0,0.0,0.0,0.0,0,0.0,0,2,1,3.0,0,0.3,1.3,,,76.0,267.0,30.42329411764706,7.0,Rice,2013.0,2013.0,SF,55.0,5.0,0.048780486
2020,3,00-0030470,V.McDonald,TE,PIT,HOU,0,0,0.0,0,0.0,0.0,0.0,0,0.0,0,3,3,35.0,0,3.5,6.5,,,76.0,267.0,30.42329411764706,7.0,Rice,2013.0,2013.0,SF,55.0,7.0,0.08571429
2020,5,00-0030470,V.McDonald,TE,PIT,PHI,0,0,0.0,0,0.0,0.0,0.0,0,0.0,0,1,1,4.0,0,0.4,1.4,,,76.0,267.0,30.42329411764706,7.0,Rice,2013.0,2013.0,SF,55.0,9.0,0.029411765
2020,7,00-0030470,V.McDonald,TE,PIT,TEN,0,0,0.0,0,0.0,0.0,0.0,0,0.0,0,2,2,14.0,0,1.4,3.4,,,76.0,267.0,30.42329411764706,7.0,Rice,2013.0,2013.0,SF,55.0,,0.040816326
2020,9,00-0030470,V.McDonald,TE,PIT,DAL,0,0,0.0,0,0.0,0.0,0.0,0,0.0,0,1,1,2.0,0,0.2,1.2,,,76.0,267.0,30.42329411764706,7.0,Rice,2013.0,2013.0,SF,55.0,,0.022222223
2020,14,00-0030470,V.McDonald,TE,PIT,BUF,0,0,0.0,0,0.0,0.0,0.0,0,0.0,0,2,0,0.0,0,0.0,0.0,,,76.0,267.0,30.42329411764706,7.0,Rice,2013.0,2013.0,SF,55.0,,0.054054055
2020,16,00-0030470,V.McDonald,TE,PIT,IND,0,0,0.0,0,0.0,0.0,0.0,0,0.0,0,1,1,5.0,0,0.5,1.5,,,76.0,267.0,30.42329411764706,7.0,Rice,2013.0,2013.0,SF,55.0,4.0,0.020408163
2020,17,00-0030470,V.McDonald,TE,PIT,CLE,0,0,0.0,0,0.0,0.0,0.0,0,0.0,0,6,5,33.0,0,3.3,8.3,,,76.0,267.0,30.42329411764706,7.0,Rice,2013.0,2013.0,SF,55.0,,0.14285715
2020,18,00-0030470,V.McDonald,TE,PIT,CLE,0,0,0.0,0,0.0,0.0,0.0,0,0.0,0,2,0,0.0,0,0.0,0.0,,,76.0,267.0,30.42329411764706,7.0,Rice,2013.0,2013.0,SF,55.0,-11.0,0.029411765
2020,10,00-0030471,S.Williams,SS,CIN,PIT,0,0,0.0,0,0.0,0.0,0.0,1,39.0,0,0,0,0.0,0,3.9,3.9,,,72.0,210.0,29.49175,7.0,Georgia,2013.0,2013.0,CIN,84.0,,
2020,12,00-0030471,S.Williams,SS,CIN,NYG,0,0,0.0,0,0.0,0.0,0.0,1,7.0,0,0,0,0.0,0,0.7,0.7,,,72.0,210.0,29.49175,7.0,Georgia,2013.0,2013.0,CIN,84.0,-2.0,
2020,1,00-0030472,J.Reed,TE,SF,ARI,0,0,0.0,0,0.0,0.0,0.0,0,0.0,0,2,2,12.0,0,1.2,3.2,,,74.0,242.0,30.348875,7.0,Florida,2013.0,2013.0,WAS,85.0,-4.0,0.0625
2020,2,00-0030472,J.Reed,TE,SF,NYJ,0,0,0.0,0,0.0,0.0,0.0,0,0.0,0,8,7,50.0,2,17.0,24.0,,,74.0,242.0,30.348875,7.0,Florida,2013.0,2013.0,WAS,85.0,,0.2962963
2020,3,00-0030472,J.Reed,TE,SF,NYG,0,0,0.0,0,0.0,0.0,0.0,0,0.0,0,6,2,23.0,0,2.3,4.3,,,74.0,242.0,30.348875,7.0,Florida,2013.0,2013.0,WAS,85.0,,0.17142858
2020,9,00-0030472,J.Reed,TE,SF,GB,0,0,0.0,0,0.0,0.0,0.0,0,0.0,0,2,1,3.0,0,0.3,1.3,,,74.0,242.0,30.348875,7.0,Florida,2013.0,2013.0,WAS,85.0,-17.0,0.05882353
2020,10,00-0030472,J.Reed,TE,SF,NO,0,0,0.0,0,0.0,0.0,0.0,0,0.0,0,6,5,62.0,0,6.2,11.2,,,74.0,242.0,30.348875,7.0,Florida,2013.0,2013.0,WAS,85.0,,0.15384616
2020,12,00-0030472,J.Reed,TE,SF,LA,0,0,0.0,0,0.0,0.0,0.0,0,0.0,0,6,2,18.0,0,1.8,3.8,,,74.0,242.0,30.348875,7.0,Florida,2013.0,2013.0,WAS,85.0,,0.1764706
2020,13,00-0030472,J.Reed,TE,SF,BUF,0,0,0.0,0,0.0,0.0,0.0,0,0.0,0,4,3,32.0,1,9.2,12.2,,,74.0,242.0,30.348875,7.0,Florida,2013.0,2013.0,WAS,85.0,-10.0,0.102564104
2020,14,00-0030472,J.Reed,TE,SF,WAS,0,0,0.0,0,0.0,0.0,0.0,0,0.0,0,5,2,13.0,0,1.3,3.3,,,74.0,242.0,30.348875,7.0,Florida,2013.0,2013.0,WAS,85.0,-8.0,0.11363637
2020,15,00-0030472,J.Reed,TE,SF,DAL,0,0,0.0,0,0.0,0.0,0.0,0,0.0,0,5,2,18.0,1,7.8,9.8,,,74.0,242.0,30.348875,7.0,Florida,2013.0,2013.0,WAS,85.0,,0.12195122
2020,16,00-0030472,J.Reed,TE,SF,ARI,0,0,0.0,0,0.0,0.0,0.0,0,0.0,0,2,0,0.0,0,0.0,0.0,,,74.0,242.0,30.348875,7.0,Florida,2013.0,2013.0,WAS,85.0,,0.0952381
2020,1,00-0030496,L.Bell,RB,NYJ,BUF,0,0,0.0,0,0.0,0.0,0.0,6,14.0,0,2,2,32.0,0,4.6,6.6,,,73.0,225.0,28.75578947368421,7.0,Michigan State,2013.0,2013.0,PIT,48.0,,0.060606062
2020,5,00-0030496,L.Bell,RB,NYJ,ARI,0,0,0.0,0,0.0,0.0,0.0,13,60.0,0,1,1,7.0,0,6.7,7.7,,,73.0,225.0,28.75578947368421,7.0,Michigan State,2013.0,2013.0,PIT,48.0,-20.0,0.032258064
2020,7,00-0030496,L.Bell,RB,KC,DEN,0,0,0.0,0,0.0,0.0,0.0,6,39.0,0,0,0,0.0,0,3.9,3.9,,,73.0,225.0,28.75578947368421,7.0,Michigan State,2013.0,2013.0,PIT,48.0,,
2020,8,00-0030496,L.Bell,RB,KC,NYJ,0,0,0.0,0,0.0,0.0,0.0,6,7.0,0,3,3,31.0,0,3.8,6.8,,,73.0,225.0,28.75578947368421,7.0,Michigan State,2013.0,2013.0,PIT,48.0,26.0,0.06382979
2020,9,00-0030496,L.Bell,RB,KC,CAR,0,0,0.0,0,0.0,0.0,0.0,4,8.0,0,1,1,-5.0,0,0.3,1.3,,,73.0,225.0,28.75578947368421,7.0,Michigan State,2013.0,2013.0,PIT,48.0,2.0,0.022727273
2020,11,00-0030496,L.Bell,RB,KC,LV,0,0,0.0,0,0.0,0.0,0.0,7,25.0,1,1,1,11.0,0,9.6,10.6,,,73.0,225.0,28.75578947368421,7.0,Michigan State,2013.0,2013.0,PIT,48.0,,0.022727273
2020,12,00-0030496,L.Bell,RB,KC,TB,0,0,0.0,0,0.0,0.0,0.0,5,22.0,0,2,2,10.0,0,3.2,5.2,,,73.0,225.0,28.75578947368421,7.0,Michigan State,2013.0,2013.0,PIT,48.0,,0.04347826
2020,13,00-0030496,L.Bell,RB,KC,DEN,0,0,0.0,0,0.0,0.0,0.0,11,40.0,0,3,2,15.0,0,5.5,7.5,,,73.0,225.0,28.75578947368421,7.0,Michigan State,2013.0,2013.0,PIT,48.0,6.0,0.075
2020,14,00-0030496,L.Bell,RB,KC,MIA,0,0,0.0,0,0.0,0.0,0.0,2,21.0,0,3,2,14.0,0,3.5,5.5,,,73.0,225.0,28.75578947368421,7.0,Michigan State,2013.0,2013.0,PIT,48.0,,0.0882353
2020,15,00-0030496,L.Bell,RB,KC,NO,0,0,0.0,0,0.0,0.0,0.0,15,62.0,1,1,1,14.0,0,13.6,14.6,,,73.0,225.0,28.75578947368421,7.0,Michigan State,2013.0,2013.0,PIT,48.0,,0.022727273
2020,16,00-0030496,L.Bell,RB,KC,ATL,0,0,0.0,0,0.0,0.0,0.0,7,30.0,0,3,1,9.0,0,3.9,4.9,,,73.0,225.0,28.75578947368421,7.0,Michigan State,2013.0,2013.0,PIT,48.0,3.0,0.071428575
2020,19,00-0030496,L.Bell,RB,KC,CLE,0,0,0.0,0,0.0,0.0,0.0,2,6.0,0,3,0,0.0,0,0.6,0.6,,,73.0,225.0,28.75578947368421,7.0,Michigan State,2013.0,2013.0,PIT,48.0,5.0,0.08108108
2020,1,00-0030506,T.Kelce,TE,KC,HOU,0,0,0.0,0,0.0,0.0,0.0,0,0.0,0,6,6,50.0,1,11.0,17.0,,,77.0,260.0,31.127105263157894,7.0,Cincinnati,2013.0,2013.0,KC,63.0,14.0,0.1875
2020,2,00-0030506,T.Kelce,TE,KC,LAC,0,0,0.0,0,0.0,0.0,0.0,0,0.0,0,14,9,90.0,1,15.0,24.0,,,77.0,260.0,31.127105263157894,7.0,Cincinnati,2013.0,2013.0,KC,63.0,,0.31111112
2020,3,00-0030506,T.Kelce,TE,KC,BAL,0,0,0.0,0,0.0,0.0,0.0,0,0.0,0,7,6,87.0,0,8.7,14.7,,,77.0,260.0,31.127105263157894,7.0,Cincinnati,2013.0,2013.0,KC,63.0,,0.17073171
2020,4,00-0030506,T.Kelce,TE,KC,NE,0,0,0.0,0,0.0,0.0,0.0,0,0.0,0,7,3,70.0,0,7.0,10.0,,,77.0,260.0,31.127105263157894,7.0,Cincinnati,2013.0,2013.0,KC,63.0,16.0,0.2413793
2020,5,00-0030506,T.Kelce,TE,KC,LV,0,0,0.0,0,0.0,0.0,0.0,0,0.0,0,12,8,108.0,1,16.8,24.8,,,77.0,260.0,31.127105263157894,7.0,Cincinnati,2013.0,2013.0,KC,63.0,-8.0,0.2857143
2020,6,00-0030506,T.Kelce,TE,KC,BUF,0,0,0.0,0,0.0,0.0,0.0,0,0.0,0,7,5,65.0,2,16.5,21.5,,,77.0,260.0,31.127105263157894,7.0,Cincinnati,2013.0,2013.0,KC,63.0,,0.26923078
2020,7,00-0030506,T.Kelce,TE,KC,DEN,0,0,0.0,0,0.0,0.0,0.0,0,0.0,0,3,3,31.0,0,3.1,6.1,,,77.0,260.0,31.127105263157894,7.0,Cincinnati,2013.0,2013.0,KC,63.0,,0.125
2020,8,00-0030506,T.Kelce,TE,KC,NYJ,0,0,0.0,0,0.0,0.0,0.0,0,0.0,0,12,8,109.0,1,16.9,24.9,,,77.0,260.0,31.127105263157894,7.0,Cincinnati,2013.0,2013.0,KC,63.0,26.0,0.25531915
2020,9,00-0030506,T.Kelce,TE,KC,CAR,0,0,0.0,0,0.0,0.0,0.0,0,0.0,0,12,10,159.0,0,15.9,25.9,,,77.0,260.0,31.127105263157894,7.0,Cincinnati,2013.0,2013.0,KC,63.0,2.0,0.27272728
2020,11,00-0030506,T.Kelce,TE,KC,LV,1,1,4.0,0,0.0,0.0,-0.0,0,0.0,0,10,8,127.0,1,18.86,26.86,,,77.0,260.0,31.127105263157894,7.0,Cincinnati,2013.0,2013.0,KC,63.0,,0.22727273
2020,12,00-0030506,T.Kelce,TE,KC,TB,0,1,0.0,0,0.0,0.0,-0.0,0,0.0,0,8,8,82.0,0,8.2,16.2,,,77.0,260.0,31.127105263157894,7.0,Cincinnati,2013.0,2013.0,KC,63.0,,0.17391305
2020,13,00-0030506,T.Kelce,TE,KC,DEN,0,0,0.0,0,0.0,0.0,0.0,0,0.0,0,12,8,136.0,1,19.6,27.6,,,77.0,260.0,31.127105263157894,7.0,Cincinnati,2013.0,2013.0,KC,63.0,6.0,0.3
2020,14,00-0030506,T.Kelce,TE,KC,MIA,0,0,0.0,0,0.0,0.0,0.0,0,0.0,0,10,8,136.0,1,19.6,27.6,,,77.0,260.0,31.127105263157894,7.0,Cincinnati,2013.0,2013.0,KC,63.0,,0.29411766
2020,15,00-0030506,T.Kelce,TE,KC,NO,0,0,0.0,0,0.0,0.0,0.0,0,0.0,0,12,8,68.0,1,14.8,22.8,,,77.0,260.0,31.127105263157894,7.0,Cincinnati,2013.0,2013.0,KC,63.0,,0.27272728
2020,16,00-0030506,T.Kelce,TE,KC,ATL,0,0,0.0,0,0.0,0.0,0.0,0,0.0,0,13,7,98.0,1,15.8,22.8,,,77.0,260.0,31.127105263157894,7.0,Cincinnati,2013.0,2013.0,KC,63.0,3.0,0.30952382
2020,19,00-0030506,T.Kelce,TE,KC,CLE,0,0,0.0,0,0.0,0.0,0.0,0,0.0,0,10,8,109.0,1,16.9,24.9,,,77.0,260.0,31.127105263157894,7.0,Cincinnati,2013.0,2013.0,KC,63.0,5.0,0.27027026
2020,20,00-0030506,T.Kelce,TE,KC,BUF,0,0,0.0,0,0.0,0.0,0.0,0,0.0,0,15,13,118.0,2,23.8,36.8,,,77.0,260.0,31.127105263157894,7.0,Cincinnati,2013.0,2013.0,KC,63.0,14.0,0.39473686
2020,21,00-0030506,T.Kelce,TE,KC,TB,0,0,0.0,0,0.0,0.0,0.0,0,0.0,0,15,10,133.0,0,13.3,23.3,,,77.0,260.0,31.127105263157894,7.0,Cincinnati,2013.0,2013.0,KC,63.0,,0.32608697
2020,1,00-0030513,L.Murray,RB,NO,TB,0,0,0.0,0,0.0,0.0,0.0,15,48.0,0,1,0,0.0,0,4.8,4.8,,,75.0,230.0,30.829666666666665,7.0,Central Florida,2013.0,2013.0,OAK,181.0,11.0,0.033333335
2020,2,00-0030513,L.Murray,RB,NO,LV,0,0,0.0,0,0.0,0.0,0.0,3,14.0,0,2,2,19.0,0,3.3,5.3,,,75.0,230.0,30.829666666666665,7.0,Central Florida,2013.0,2013.0,OAK,181.0,,0.054054055
2020,3,00-0030513,L.Murray,RB,NO,GB,0,0,0.0,0,0.0,0.0,0.0,12,58.0,0,1,1,7.0,0,6.5,7.5,,,75.0,230.0,30.829666666666665,7.0,Central Florida,2013.0,2013.0,OAK,181.0,-7.0,0.028571429
2020,4,00-0030513,L.Murray,RB,NO,DET,0,0,0.0,0,0.0,0.0,0.0,14,64.0,2,2,1,19.0,0,20.3,21.3,,,75.0,230.0,30.829666666666665,7.0,Central Florida,2013.0,2013.0,OAK,181.0,,0.08
2020,5,00-0030513,L.Murray,RB,NO,LAC,0,0,0.0,0,0.0,0.0,0.0,8,34.0,0,2,2,23.0,0,5.7,7.7,,,75.0,230.0,30.829666666666665,7.0,Central Florida,2013.0,2013.0,OAK,181.0,3.0,0.04255319
2020,7,00-0030513,L.Murray,RB,NO,CAR,0,0,0.0,0,0.0,0.0,0.0,11,47.0,0,1,1,9.0,0,5.6,6.6,,,75.0,230.0,30.829666666666665,7.0,Central Florida,2013.0,2013.0,OAK,181.0,3.0,0.028571429
2020,8,00-0030513,L.Murray,RB,NO,CHI,0,0,0.0,0,0.0,0.0,0.0,8,17.0,0,3,3,14.0,0,3.1,6.1,,,75.0,230.0,30.829666666666665,7.0,Central Florida,2013.0,2013.0,OAK,181.0,,0.07317073
2020,9,00-0030513,L.Murray,RB,NO,TB,0,0,0.0,0,0.0,0.0,0.0,10,39.0,0,2,2,3.0,0,4.2,6.2,,,75.0,230.0,30.829666666666665,7.0,Central Florida,2013.0,2013.0,OAK,181.0,,0.05882353
2020,10,00-0030513,L.Murray,RB,NO,SF,0,0,0.0,0,0.0,0.0,0.0,9,57.0,0,0,0,0.0,0,5.7,5.7,,,75.0,230.0,30.829666666666665,7.0,Central Florida,2013.0,2013.0,OAK,181.0,14.0,
2020,11,00-0030513,L.Murray,RB,NO,ATL,0,0,0.0,0,0.0,0.0,0.0,12,49.0,0,2,2,36.0,0,8.5,10.5,,,75.0,230.0,30.829666666666665,7.0,Central Florida,2013.0,2013.0,OAK,181.0,15.0,0.08695652
2020,12,00-0030513,L.Murray,RB,NO,DEN,0,0,0.0,0,0.0,0.0,0.0,19,124.0,2,1,1,2.0,0,24.6,25.6,,,75.0,230.0,30.829666666666665,7.0,Central Florida,2013.0,2013.0,OAK,181.0,,0.071428575
2020,13,00-0030513,L.Murray,RB,NO,ATL,0,0,0.0,0,0.0,0.0,0.0,5,17.0,0,2,2,0.0,0,1.7,3.7,,,75.0,230.0,30.829666666666665,7.0,Central Florida,2013.0,2013.0,OAK,181.0,,0.054054055
2020,14,00-0030513,L.Murray,RB,NO,PHI,0,0,0.0,0,0.0,0.0,0.0,4,13.0,0,1,1,-6.0,0,0.7,1.7,,,75.0,230.0,30.829666666666665,7.0,Central Florida,2013.0,2013.0,OAK,181.0,,0.027027028
2020,15,00-0030513,L.Murray,RB,NO,KC,0,0,0.0,0,0.0,0.0,0.0,4,3.0,0,3,2,26.0,1,8.9,10.9,,,75.0,230.0,30.829666666666665,7.0,Central Florida,2013.0,2013.0,OAK,181.0,-3.0,0.09090909
2020,16,00-0030513,L.Murray,RB,NO,MIN,0,0,0.0,0,0.0,0.0,0.0,12,72.0,0,3,3,24.0,0,9.6,12.6,,,75.0,230.0,30.829666666666665,7.0,Central Florida,2013.0,2013.0,OAK,181.0,19.0,0.10714286
2020,18,00-0030513,L.Murray,RB,NO,CHI,0,0,0.0,0,0.0,0.0,0.0,4,9.0,0,2,2,11.0,1,8.0,10.0,,,75.0,230.0,30.829666666666665,7.0,Central Florida,2013.0,2013.0,OAK,181.0,12.0,0.055555556
2020,12,00-0030520,M.Glennon,QB,JAX,CLE,20,35,235.0,2,0.0,0.0,-0.0,2,6.0,0,0,0,0.0,0,18.0,18.0,,,79.0,225.0,30.90825,7.0,North Carolina State,2013.0,2013.0,TB,73.0,-2.0,
2020,13,00-0030520,M.Glennon,QB,JAX,MIN,28,42,280.0,1,2.0,2.0,14.0,3,9.0,0,0,0,0.0,0,12.1,12.1,,,79.0,225.0,30.90825,7.0,North Carolina State,2013.0,2013.0,TB,73.0,,
2020,14,00-0030520,M.Glennon,QB,JAX,TEN,13,23,85.0,0,1.0,0.0,-0.0,0,0.0,0,0,0,0.0,0,1.4,1.4,,,79.0,225.0,30.90825,7.0,North Carolina State,2013.0,2013.0,TB,73.0,-21.0,
2020,16,00-0030520,M.Glennon,QB,JAX,CHI,24,37,211.0,2,2.0,1.0,8.0,0,0.0,0,0,0,0.0,0,12.44,12.44,,,79.0,225.0,30.90825,7.0,North Carolina State,2013.0,2013.0,TB,73.0,-24.0,
2020,17,00-0030520,M.Glennon,QB,JAX,IND,26,42,261.0,2,0.0,6.0,31.0,1,2.0,0,0,0,0.0,0,16.64,16.64,,,79.0,225.0,30.90825,7.0,North Carolina State,2013.0,2013.0,TB,73.0,,
2020,14,00-0030525,T.Austin,WR,GB,DET,0,0,0.0,0,0.0,0.0,0.0,0,0.0,0,2,2,8.0,0,0.8,2.8,,,68.0,179.0,30.6741875,7.0,West Virginia,2013.0,2013.0,STL,8.0,,0.06451613
2020,16,00-0030525,T.Austin,WR,GB,TEN,0,0,0.0,0,0.0,0.0,0.0,0,0.0,0,2,2,5.0,0,0.5,2.5,,,68.0,179.0,30.6741875,7.0,West Virginia,2013.0,2013.0,STL,8.0,26.0,0.083333336
2020,17,00-0030525,T.Austin,WR,GB,CHI,0,0,0.0,0,0.0,0.0,0.0,0,0.0,0,1,1,7.0,0,0.7,1.7,,,68.0,179.0,30.6741875,7.0,West Virginia,2013.0,2013.0,STL,8.0,,0.041666668
2020,5,00-0030533,M.Barkley,QB,BUF,TEN,3,5,22.0,0,0.0,0.0,-0.0,0,0.0,0,0,0,0.0,0,0.88,0.88,,,74.0,234.0,30.196894736842104,7.0,Southern California,2013.0,2013.0,PHI,98.0,,
2020,12,00-0030533,M.Barkley,QB,BUF,LAC,0,0,0.0,0,0.0,1.0,7.0,0,0.0,0,0,0,0.0,0,0.0,0.0,,,74.0,234.0,30.196894736842104,7.0,Southern California,2013.0,2013.0,PHI,98.0,10.0,
2020,16,00-0030533,M.Barkley,QB,BUF,NE,2,3,11.0,0,0.0,0.0,-0.0,3,-3.0,0,0,0,0.0,0,0.14,0.14,,,74.0,234.0,30.196894736842104,7.0,Southern California,2013.0,2013.0,PHI,98.0,,
2020,17,00-0030533,M.Barkley,QB,BUF,MIA,6,13,164.0,1,1.0,0.0,-0.0,3,-3.0,0,0,0,0.0,0,8.26,8.26,,,74.0,234.0,30.196894736842104,7.0,Southern California,2013.0,2013.0,PHI,98.0,30.0,
2020,1,00-0030549,T.Eifert,TE,JAX,IND,0,0,0.0,0,0.0,0.0,0.0,0,0.0,0,1,1,8.0,0,0.8,1.8,,,78.0,255.0,30.169125,7.0,Notre Dame,2013.0,2013.0,CIN,21.0,7.0,0.05
2020,2,00-0030549,T.Eifert,TE,JAX,TEN,0,0,0.0,0,0.0,0.0,0.0,0,0.0,0,6,3,36.0,1,9.6,12.6,,,78.0,255.0,30.169125,7.0,Notre Dame,2013.0,2013.0,CIN,21.0,,0.13636364
2020,3,00-0030549,T.Eifert,TE,JAX,MIA,0,0,0.0,0,0.0,0.0,0.0,0,0.0,0,3,2,11.0,0,1.1,3.1,,,78.0,255.0,30.169125,7.0,Notre Dame,2013.0,2013.0,CIN,21.0,-18.0,0.071428575
2020,4,00-0030549,T.Eifert,TE,JAX,CIN,0,0,0.0,0,0.0,0.0,0.0,0,0.0,0,6,2,22.0,0,2.2,4.2,,,78.0,255.0,30.169125,7.0,Notre Dame,2013.0,2013.0,CIN,21.0,,0.16666667
2020,5,00-0030549,T.Eifert,TE,JAX,HOU,0,0,0.0,0,0.0,0.0,0.0,0,0.0,0,7,3,16.0,0,1.6,4.6,,,78.0,255.0,30.169125,7.0,Notre Dame,2013.0,2013.0,CIN,21.0,,0.1590909
2020,9,00-0030549,T.Eifert,TE,JAX,HOU,0,0,0.0,0,0.0,0.0,0.0,0,0.0,0,5,4,48.0,0,4.8,8.8,,,78.0,255.0,30.169125,7.0,Notre Dame,2013.0,2013.0,CIN,21.0,-2.0,0.13157895
2020,10,00-0030549,T.Eifert,TE,JAX,GB,0,0,0.0,0,0.0,0.0,0.0,0,0.0,0,4,2,15.0,0,1.5,3.5,,,78.0,255.0,30.169125,7.0,Notre Dame,2013.0,2013.0,CIN,21.0,,0.11764706
2020,11,00-0030549,T.Eifert,TE,JAX,PIT,0,0,0.0,0,0.0,0.0,0.0,0,0.0,0,5,2,32.0,0,3.2,5.2,,,78.0,255.0,30.169125,7.0,Notre Dame,2013.0,2013.0,CIN,21.0,-24.0,0.15151516
2020,12,00-0030549,T.Eifert,TE,JAX,CLE,0,0,0.0,0,0.0,0.0,0.0,0,0.0,0,4,3,16.0,1,7.6,10.6,,,78.0,255.0,30.169125,7.0,Notre Dame,2013.0,2013.0,CIN,21.0,-2.0,0.121212125
2020,13,00-0030549,T.Eifert,TE,JAX,MIN,0,0,0.0,0,0.0,0.0,0.0,0,0.0,0,6,6,45.0,0,4.5,10.5,,,78.0,255.0,30.169125,7.0,Notre Dame,2013.0,2013.0,CIN,21.0,,0.14634146
2020,14,00-0030549,T.Eifert,TE,JAX,TEN,0,0,0.0,0,0.0,0.0,0.0,0,0.0,0,2,2,22.0,0,2.2,4.2,,,78.0,255.0,30.169125,7.0,Notre Dame,2013.0,2013.0,CIN,21.0,-21.0,0.040816326
2020,15,00-0030549,T.Eifert,TE,JAX,BAL,0,0,0.0,0,0.0,0.0,0.0,0,0.0,0,4,3,51.0,0,5.1,8.1,,,78.0,255.0,30.169125,7.0,Notre Dame,2013.0,2013.0,CIN,21.0,,0.14814815
2020,16,00-0030549,T.Eifert,TE,JAX,CHI,0,0,0.0,0,0.0,0.0,0.0,0,0.0,0,5,2,17.0,0,1.7,3.7,,,78.0,255.0,30.169125,7.0,Notre Dame,2013.0,2013.0,CIN,21.0,-24.0,0.1388889
2020,17,00-0030549,T.Eifert,TE,JAX,IND,0,0,0.0,0,0.0,0.0,0.0,0,0.0,0,2,1,10.0,0,1.0,2.0,,,78.0,255.0,30.169125,7.0,Notre Dame,2013.0,2013.0,CIN,21.0,,0.05
2020,9,00-0030558,B.Mingo,OLB,CHI,TEN,0,0,0.0,0,0.0,0.0,0.0,1,11.0,0,0,0,0.0,0,1.1,1.1,,,77.0,235.0,30.10494117647059,7.0,Louisiana State,2013.0,2013.0,CLE,6.0,,
2020,1,00-0030564,D.Hopkins,WR,ARI,SF,0,0,0.0,0,0.0,0.0,0.0,0,0.0,0,16,14,151.0,0,15.1,29.1,,,73.0,212.0,28.4250625,7.0,Clemson,2013.0,2013.0,HOU,27.0,,0.43243244
2020,2,00-0030564,D.Hopkins,WR,ARI,WAS,0,0,0.0,0,0.0,0.0,0.0,0,0.0,0,9,8,68.0,1,12.8,20.8,,,73.0,212.0,28.4250625,7.0,Clemson,2013.0,2013.0,HOU,27.0,15.0,0.2647059
2020,3,00-0030564,D.Hopkins,WR,ARI,DET,0,0,0.0,0,0.0,0.0,0.0,0,0.0,0,12,10,137.0,0,13.7,23.7,,,73.0,212.0,28.4250625,7.0,Clemson,2013.0,2013.0,HOU,27.0,-3.0,0.36363637
2020,4,00-0030564,D.Hopkins,WR,ARI,CAR,0,0,0.0,0,0.0,0.0,0.0,0,0.0,0,9,7,41.0,0,4.1,11.1,,,73.0,212.0,28.4250625,7.0,Clemson,2013.0,2013.0,HOU,27.0,,0.29032257
2020,5,00-0030564,D.Hopkins,WR,ARI,NYJ,0,0,0.0,0,0.0,0.0,0.0,0,0.0,0,7,6,131.0,1,19.1,25.1,,,73.0,212.0,28.4250625,7.0,Clemson,2013.0,2013.0,HOU,27.0,,0.2
2020,6,00-0030564,D.Hopkins,WR,ARI,DAL,0,0,0.0,0,0.0,0.0,0.0,0,0.0,0,8,2,73.0,0,7.3,9.3,,,73.0,212.0,28.4250625,7.0,Clemson,2013.0,2013.0,HOU,27.0,,0.36363637
2020,7,00-0030564,D.Hopkins,WR,ARI,SEA,0,0,0.0,0,0.0,0.0,0.0,0,0.0,0,12,10,103.0,1,14.3,24.3,,,73.0,212.0,28.4250625,7.0,Clemson,2013.0,2013.0,HOU,27.0,3.0,0.27272728
2020,9,00-0030564,D.Hopkins,WR,ARI,MIA,0,0,0.0,0,0.0,0.0,0.0,0,0.0,0,3,3,30.0,0,3.0,6.0,,,73.0,212.0,28.4250625,7.0,Clemson,2013.0,2013.0,HOU,27.0,-3.0,0.115384616
2020,10,00-0030564,D.Hopkins,WR,ARI,BUF,0,0,0.0,0,0.0,0.0,0.0,0,0.0,0,12,7,127.0,1,18.7,25.7,,,73.0,212.0,28.4250625,7.0,Clemson,2013.0,2013.0,HOU,27.0,2.0,0.375
2020,11,00-0030564,D.Hopkins,WR,ARI,SEA,0,0,0.0,0,0.0,0.0,0.0,0,0.0,0,8,5,51.0,0,5.1,10.1,,,73.0,212.0,28.4250625,7.0,Clemson,2013.0,2013.0,HOU,27.0,,0.20512821
2020,12,00-0030564,D.Hopkins,WR,ARI,NE,0,0,0.0,0,0.0,0.0,0.0,0,0.0,0,7,5,55.0,0,5.5,10.5,,,73.0,212.0,28.4250625,7.0,Clemson,2013.0,2013.0,HOU,27.0,,0.20588236
2020,13,00-0030564,D.Hopkins,WR,ARI,LA,0,0,0.0,0,0.0,0.0,0.0,0,0.0,0,13,8,52.0,1,11.2,19.2,,,73.0,212.0,28.4250625,7.0,Clemson,2013.0,2013.0,HOU,27.0,-10.0,0.3611111
2020,14,00-0030564,D.Hopkins,WR,ARI,NYG,0,0,0.0,0,0.0,0.0,0.0,0,0.0,0,11,9,136.0,0,13.6,22.6,,,73.0,212.0,28.4250625,7.0,Clemson,2013.0,2013.0,HOU,27.0,,0.34375
2020,15,00-0030564,D.Hopkins,WR,ARI,PHI,0,0,0.0,0,0.0,0.0,0.0,1,1.0,0,11,9,169.0,1,21.0,30.0,,,73.0,212.0,28.4250625,7.0,Clemson,2013.0,2013.0,HOU,27.0,7.0,0.2972973
2020,16,00-0030564,D.Hopkins,WR,ARI,SF,0,0,0.0,0,0.0,0.0,0.0,0,0.0,0,12,8,48.0,0,4.8,12.8,,,73.0,212.0,28.4250625,7.0,Clemson,2013.0,2013.0,HOU,27.0,-8.0,0.26086956
2020,17,00-0030564,D.Hopkins,WR,ARI,LA,0,0,0.0,0,0.0,0.0,0.0,0,0.0,0,10,4,35.0,0,3.5,7.5,,,73.0,212.0,28.4250625,7.0,Clemson,2013.0,2013.0,HOU,27.0,,0.37037036
2020,14,00-0030565,G.Smith,QB,SEA,NYJ,4,5,33.0,0,0.0,1.0,3.0,2,-2.0,0,0,0,0.0,0,1.12,1.12,,,75.0,221.0,30.093882352941176,7.0,West Virginia,2013.0,2013.0,NYJ,39.0,37.0,
2020,1,00-0030578,C.Patterson,RB,CHI,DET,0,0,0.0,0,0.0,0.0,0.0,4,19.0,0,1,1,12.0,0,3.1,4.1,,,74.0,238.0,29.655941176470588,7.0,Tennessee,2013.0,2013.0,MIN,29.0,,0.027777778
2020,2,00-0030578,C.Patterson,RB,CHI,NYG,0,0,0.0,0,0.0,0.0,0.0,7,25.0,0,2,2,8.0,0,3.3,5.3,,,74.0,238.0,29.655941176470588,7.0,Tennessee,2013.0,2013.0,MIN,29.0,4.0,0.071428575
2020,3,00-0030578,C.Patterson,RB,CHI,ATL,0,0,0.0,0,0.0,0.0,0.0,4,13.0,0,0,0,0.0,0,1.3,1.3,,,74.0,238.0,29.655941176470588,7.0,Tennessee,2013.0,2013.0,MIN,29.0,,
2020,4,00-0030578,C.Patterson,RB,CHI,IND,0,0,0.0,0,0.0,0.0,0.0,3,5.0,0,2,1,0.0,0,0.5,1.5,,,74.0,238.0,29.655941176470588,7.0,Tennessee,2013.0,2013.0,MIN,29.0,-8.0,0.04761905
2020,5,00-0030578,C.Patterson,RB,CHI,TB,0,0,0.0,0,0.0,0.0,0.0,3,7.0,0,3,3,38.0,0,4.5,7.5,,,74.0,238.0,29.655941176470588,7.0,Tennessee,2013.0,2013.0,MIN,29.0,1.0,0.071428575
2020,6,00-0030578,C.Patterson,RB,CHI,CAR,0,0,0.0,0,0.0,0.0,0.0,1,1.0,0,1,1,8.0,0,0.9,1.9,,,74.0,238.0,29.655941176470588,7.0,Tennessee,2013.0,2013.0,MIN,29.0,,0.027777778
2020,7,00-0030578,C.Patterson,RB,CHI,LA,0,0,0.0,0,0.0,0.0,0.0,3,1.0,0,4,3,11.0,0,1.2,4.2,,,74.0,238.0,29.655941176470588,7.0,Tennessee,2013.0,2013.0,MIN,29.0,,0.10526316
2020,8,00-0030578,C.Patterson,RB,CHI,NO,0,0,0.0,0,0.0,0.0,0.0,1,4.0,0,2,2,1.0,0,0.5,2.5,,,74.0,238.0,29.655941176470588,7.0,Tennessee,2013.0,2013.0,MIN,29.0,-3.0,0.048780486
2020,9,00-0030578,C.Patterson,RB,CHI,TEN,0,0,0.0,0,0.0,0.0,0.0,3,13.0,0,4,4,27.0,0,4.0,8.0,,,74.0,238.0,29.655941176470588,7.0,Tennessee,2013.0,2013.0,MIN,29.0,,0.08510638
2020,10,00-0030578,C.Patterson,RB,CHI,MIN,0,0,0.0,0,0.0,0.0,0.0,12,30.0,0,2,2,19.0,0,10.9,12.9,,,74.0,238.0,29.655941176470588,7.0,Tennessee,2013.0,2013.0,MIN,29.0,-6.0,0.06896552
2020,12,00-0030578,C.Patterson,RB,CHI,GB,0,0,0.0,0,0.0,0.0,0.0,2,8.0,0,0,0,0.0,0,0.8,0.8,,,74.0,238.0,29.655941176470588,7.0,Tennessee,2013.0,2013.0,MIN,29.0,,
2020,13,00-0030578,C.Patterson,RB,CHI,DET,0,0,0.0,0,0.0,0.0,0.0,10,59.0,1,2,1,4.0,0,12.3,13.3,,,74.0,238.0,29.655941176470588,7.0,Tennessee,2013.0,2013.0,MIN,29.0,-4.0,0.060606062
2020,14,00-0030578,C.Patterson,RB,CHI,HOU,0,0,0.0,0,0.0,0.0,0.0,6,26.0,0,1,0,0.0,0,2.6,2.6,,,74.0,238.0,29.655941176470588,7.0,Tennessee,2013.0,2013.0,MIN,29.0,29.0,0.030303031
2020,15,00-0030578,C.Patterson,RB,CHI,MIN,0,0,0.0,0,0.0,0.0,0.0,1,3.0,0,1,1,4.0,0,0.7,1.7,,,74.0,238.0,29.655941176470588,7.0,Tennessee,2013.0,2013.0,MIN,29.0,,0.04761905
2020,17,00-0030578,C.Patterson,RB,CHI,GB,0,0,0.0,0,0.0,0.0,0.0,4,18.0,0,0,0,0.0,0,1.8,1.8,,,74.0,238.0,29.655941176470588,7.0,Tennessee,2013.0,2013.0,MIN,29.0,-19.0,
2020,18,00-0030578,C.Patterson,RB,CHI,NO,0,0,0.0,0,0.0,0.0,0.0,1,2.0,0,0,0,0.0,0,0.2,0.2,,,74.0,238.0,29.655941176470588,7.0,Tennessee,2013.0,2013.0,MIN,29.0,,
2020,3,00-0030584,E.Fisher,T,KC,BAL,0,0,0.0,0,0.0,0.0,0.0,0,0.0,0,1,1,2.0,1,6.2,7.2,,,79.0,315.0,29.87578947368421,7.0,Central Michigan,2013.0,2013.0,KC,1.0,,0.024390243
2020,1,00-0030663,W.Snead,WR,BAL,CLE,0,0,0.0,0,0.0,0.0,0.0,0,0.0,0,4,4,64.0,1,12.4,16.4,,,71.0,205.0,28.0835,6.0,Ball State,2014.0,2014.0,,,32.0,0.16
2020,2,00-0030663,W.Snead,WR,BAL,HOU,0,0,0.0,0,0.0,0.0,0.0,0,0.0,0,2,2,29.0,0,2.9,4.9,,,71.0,205.0,28.0835,6.0,Ball State,2014.0,2014.0,,,,0.08695652
2020,3,00-0030663,W.Snead,WR,BAL,KC,0,0,0.0,0,0.0,0.0,0.0,0,0.0,0,2,2,4.0,0,0.4,2.4,,,71.0,205.0,28.0835,6.0,Ball State,2014.0,2014.0,,,-14.0,0.074074075
2020,4,00-0030663,W.Snead,WR,BAL,WAS,0,0,0.0,0,0.0,0.0,0.0,0,0.0,0,2,2,20.0,0,2.0,4.0,,,71.0,205.0,28.0835,6.0,Ball State,2014.0,2014.0,,,,0.08695652
2020,5,00-0030663,W.Snead,WR,BAL,CIN,0,0,0.0,0,0.0,0.0,0.0,0,0.0,0,3,0,0.0,0,0.0,0.0,,,71.0,205.0,28.0835,6.0,Ball State,2014.0,2014.0,,,24.0,0.083333336
2020,6,00-0030663,W.Snead,WR,BAL,PHI,0,0,0.0,0,0.0,0.0,0.0,0,0.0,0,2,1,32.0,0,3.2,4.2,,,71.0,205.0,28.0835,6.0,Ball State,2014.0,2014.0,,,,0.08
2020,8,00-0030663,W.Snead,WR,BAL,PIT,0,0,0.0,0,0.0,0.0,0.0,0,0.0,0,7,5,106.0,0,10.6,15.6,,,71.0,205.0,28.0835,6.0,Ball State,2014.0,2014.0,,,-4.0,0.26923078
2020,9,00-0030663,W.Snead,WR,BAL,IND,0,0,0.0,0,0.0,0.0,0.0,0,0.0,0,4,4,37.0,0,3.7,7.7,,,71.0,205.0,28.0835,6.0,Ball State,2014.0,2014.0,,,,0.17391305
2020,10,00-0030663,W.Snead,WR,BAL,NE,0,0,0.0,0,0.0,0.0,0.0,0,0.0,0,7,5,64.0,2,18.4,23.4,,,71.0,205.0,28.0835,6.0,Ball State,2014.0,2014.0,,,,0.20588236
2020,11,00-0030663,W.Snead,WR,BAL,TEN,0,0,0.0,0,0.0,0.0,0.0,0,0.0,0,7,3,23.0,0,2.3,5.3,,,71.0,205.0,28.0835,6.0,Ball State,2014.0,2014.0,,,-6.0,0.25
2020,14,00-0030663,W.Snead,WR,BAL,CLE,0,0,0.0,0,0.0,0.0,0.0,0,0.0,0,5,3,29.0,0,2.9,5.9,,,71.0,205.0,28.0835,6.0,Ball State,2014.0,2014.0,,,,0.2631579
2020,15,00-0030663,W.Snead,WR,BAL,JAX,0,0,0.0,0,0.0,0.0,0.0,0,0.0,0,1,0,0.0,0,0.0,0.0,,,71.0,205.0,28.0835,6.0,Ball State,2014.0,2014.0,,,26.0,0.03846154
2020,16,00-0030663,W.Snead,WR,BAL,NYG,0,0,0.0,0,0.0,0.0,0.0,0,0.0,0,2,2,24.0,0,2.4,4.4,,,71.0,205.0,28.0835,6.0,Ball State,2014.0,2014.0,,,14.0,0.08695652
2020,18,00-0030663,W.Snead,WR,BAL,TEN,0,0,0.0,0,0.0,0.0,0.0,0,0.0,0,2,2,9.0,0,0.9,2.9,,,71.0,205.0,28.0835,6.0,Ball State,2014.0,2014.0,,,,0.083333336
2020,19,00-0030663,W.Snead,WR,BAL,BUF,0,0,0.0,0,0.0,0.0,0.0,0,0.0,0,5,5,25.0,0,2.5,7.5,,,71.0,205.0,28.0835,6.0,Ball State,2014.0,2014.0,,,,0.14285715
2020,5,00-0030670,B.Fowler,WR,NO,LAC,0,0,0.0,0,0.0,0.0,0.0,0,0.0,0,6,2,11.0,0,1.1,3.1,,,73.0,212.0,29.438833333333335,6.0,Michigan State,2014.0,2014.0,,,3.0,0.12765957
2020,4,00-0030710,T.Burton,TE,IND,CHI,0,0,0.0,0,0.0,0.0,0.0,0,0.0,0,5,2,16.0,0,1.6,3.6,,,74.0,238.0,29.041117647058826,6.0,Florida,2014.0,2014.0,,,,0.17857143
2020,5,00-0030710,T.Burton,TE,IND,CLE,0,0,0.0,0,0.0,0.0,0.0,0,0.0,0,6,5,33.0,0,3.3,8.3,,,74.0,238.0,29.041117647058826,6.0,Florida,2014.0,2014.0,,,,0.1875
2020,6,00-0030710,T.Burton,TE,IND,CIN,0,0,0.0,0,0.0,0.0,0.0,1,1.0,1,5,4,58.0,1,17.9,21.9,,,74.0,238.0,29.041117647058826,6.0,Florida,2014.0,2014.0,,,4.0,0.11904762
2020,8,00-0030710,T.Burton,TE,IND,DET,0,0,0.0,0,0.0,0.0,0.0,1,2.0,1,4,3,9.0,0,7.1,10.1,,,74.0,238.0,29.041117647058826,6.0,Florida,2014.0,2014.0,,,,0.121212125
2020,9,00-0030710,T.Burton,TE,IND,BAL,0,0,0.0,0,0.0,0.0,0.0,0,0.0,0,4,1,6.0,0,0.6,1.6,,,74.0,238.0,29.041117647058826,6.0,Florida,2014.0,2014.0,,,-14.0,0.1
2020,10,00-0030710,T.Burton,TE,IND,TEN,0,0,0.0,0,0.0,0.0,0.0,0,0.0,0,3,3,24.0,0,2.4,5.4,,,74.0,238.0,29.041117647058826,6.0,Florida,2014.0,2014.0,,,,0.083333336
2020,11,00-0030710,T.Burton,TE,IND,GB,0,0,0.0,0,0.0,0.0,0.0,0,0.0,0,5,2,25.0,1,8.5,10.5,,,74.0,238.0,29.041117647058826,6.0,Florida,2014.0,2014.0,,,3.0,0.14285715
2020,12,00-0030710,T.Burton,TE,IND,TEN,0,0,0.0,0,0.0,0.0,0.0,0,0.0,0,6,3,42.0,1,10.2,13.2,,,74.0,238.0,29.041117647058826,6.0,Florida,2014.0,2014.0,,,-19.0,0.14285715
2020,13,00-0030710,T.Burton,TE,IND,HOU,0,0,0.0,0,0.0,0.0,0.0,0,0.0,0,3,1,11.0,0,1.1,2.1,,,74.0,238.0,29.041117647058826,6.0,Florida,2014.0,2014.0,,,,0.08571429
2020,15,00-0030710,T.Burton,TE,IND,HOU,0,0,0.0,0,0.0,0.0,0.0,0,0.0,0,2,1,8.0,0,0.8,1.8,,,74.0,238.0,29.041117647058826,6.0,Florida,2014.0,2014.0,,,7.0,0.06896552
2020,16,00-0030710,T.Burton,TE,IND,PIT,0,0,0.0,0,0.0,0.0,0.0,0,0.0,0,4,3,18.0,0,1.8,4.8,,,74.0,238.0,29.041117647058826,6.0,Florida,2014.0,2014.0,,,,0.11764706
2020,18,00-0030710,T.Burton,TE,IND,BUF,0,0,0.0,0,0.0,0.0,0.0,0,0.0,0,3,3,34.0,0,3.4,6.4,,,74.0,238.0,29.041117647058826,6.0,Florida,2014.0,2014.0,,,,0.069767445
2020,2,00-0030968,K.Smith,FB,ATL,DAL,0,0,0.0,0,0.0,0.0,0.0,1,2.0,0,2,1,1.0,0,0.3,1.3,,,72.0,240.0,28.5844375,6.0,San Jose State,2014.0,2014.0,,,,0.055555556
2020,3,00-0030968,K.Smith,FB,ATL,CHI,0,0,0.0,0,0.0,0.0,0.0,0,0.0,0,1,1,3.0,0,0.3,1.3,,,72.0,240.0,28.5844375,6.0,San Jose State,2014.0,2014.0,,,-4.0,0.02631579
2020,4,00-0030968,K.Smith,FB,ATL,GB,0,0,0.0,0,0.0,0.0,0.0,0,0.0,0,1,1,4.0,0,0.4,1.4,,,72.0,240.0,28.5844375,6.0,San Jose State,2014.0,2014.0,,,,0.025641026
2020,5,00-0030968,K.Smith,FB,ATL,CAR,0,0,0.0,0,0.0,0.0,0.0,1,1.0,0,0,0,0.0,0,0.1,0.1,,,72.0,240.0,28.5844375,6.0,San Jose State,2014.0,2014.0,,,-7.0,
2020,6,00-0030968,K.Smith,FB,ATL,MIN,0,0,0.0,0,0.0,0.0,0.0,0,0.0,0,1,1,3.0,0,0.3,1.3,,,72.0,240.0,28.5844375,6.0,San Jose State,2014.0,2014.0,,,,0.027027028
2020,8,00-0030968,K.Smith,FB,ATL,CAR,0,0,0.0,0,0.0,0.0,0.0,0,0.0,0,1,0,0.0,0,0.0,0.0,,,72.0,240.0,28.5844375,6.0,San Jose State,2014.0,2014.0,,,,0.033333335
2020,9,00-0030968,K.Smith,FB,ATL,DEN,0,0,0.0,0,0.0,0.0,0.0,1,1.0,0,0,0,0.0,0,0.1,0.1,,,72.0,240.0,28.5844375,6.0,San Jose State,2014.0,2014.0,,,7.0,
2020,11,00-0030968,K.Smith,FB,ATL,NO,0,0,0.0,0,0.0,0.0,0.0,0,0.0,0,1,1,4.0,0,0.4,1.4,,,72.0,240.0,28.5844375,6.0,San Jose State,2014.0,2014.0,,,,0.029411765
2020,12,00-0030968,K.Smith,FB,ATL,LV,0,0,0.0,0,0.0,0.0,0.0,0,0.0,0,1,0,0.0,0,0.0,0.0,,,72.0,240.0,28.5844375,6.0,San Jose State,2014.0,2014.0,,,37.0,0.027027028
2020,14,00-0030968,K.Smith,FB,ATL,LAC,0,0,0.0,0,0.0,0.0,0.0,1,3.0,0,2,1,-2.0,0,0.1,1.1,,,72.0,240.0,28.5844375,6.0,San Jose State,2014.0,2014.0,,,,0.0625
2020,15,00-0030968,K.Smith,FB,ATL,TB,0,0,0.0,0,0.0,0.0,0.0,0,0.0,0,3,3,32.0,0,3.2,6.2,,,72.0,240.0,28.5844375,6.0,San Jose State,2014.0,2014.0,,,-4.0,0.0625
2020,16,00-0030968,K.Smith,FB,ATL,KC,0,0,0.0,0,0.0,0.0,0.0,0,0.0,0,2,2,14.0,0,1.4,3.4,,,72.0,240.0,28.5844375,6.0,San Jose State,2014.0,2014.0,,,,0.05882353
2020,1,00-0031045,C.Hyde,RB,SEA,ATL,0,0,0.0,0,0.0,0.0,0.0,7,23.0,1,0,0,0.0,0,8.3,8.3,,,72.0,229.0,30.14864705882353,6.0,Ohio State,2014.0,2014.0,SF,57.0,,
2020,2,00-0031045,C.Hyde,RB,SEA,NE,0,0,0.0,0,0.0,0.0,0.0,5,22.0,0,2,2,15.0,0,3.7,5.7,,,72.0,229.0,30.14864705882353,6.0,Ohio State,2014.0,2014.0,SF,57.0,5.0,0.08
2020,3,00-0031045,C.Hyde,RB,SEA,DAL,0,0,0.0,0,0.0,0.0,0.0,4,12.0,0,1,1,11.0,0,2.3,3.3,,,72.0,229.0,30.14864705882353,6.0,Ohio State,2014.0,2014.0,SF,57.0,7.0,0.02631579
2020,7,00-0031045,C.Hyde,RB,SEA,ARI,0,0,0.0,0,0.0,0.0,0.0,15,68.0,1,4,3,8.0,0,13.6,16.6,,,72.0,229.0,30.14864705882353,6.0,Ohio State,2014.0,2014.0,SF,57.0,,0.083333336
2020,11,00-0031045,C.Hyde,RB,SEA,ARI,0,0,0.0,0,0.0,0.0,0.0,14,79.0,1,3,2,16.0,0,15.5,17.5,,,72.0,229.0,30.14864705882353,6.0,Ohio State,2014.0,2014.0,SF,57.0,7.0,0.11111111
2020,12,00-0031045,C.Hyde,RB,SEA,PHI,0,0,0.0,0,0.0,0.0,0.0,15,22.0,0,3,2,7.0,0,2.9,4.9,,,72.0,229.0,30.14864705882353,6.0,Ohio State,2014.0,2014.0,SF,57.0,,0.1
2020,13,00-0031045,C.Hyde,RB,SEA,NYG,0,0,0.0,0,0.0,0.0,0.0,2,1.0,0,3,3,10.0,0,1.1,4.1,,,72.0,229.0,30.14864705882353,6.0,Ohio State,2014.0,2014.0,SF,57.0,-5.0,0.07317073
2020,14,00-0031045,C.Hyde,RB,SEA,NYJ,0,0,0.0,0,0.0,0.0,0.0,15,66.0,0,0,0,0.0,0,6.6,6.6,,,72.0,229.0,30.14864705882353,6.0,Ohio State,2014.0,2014.0,SF,57.0,37.0,
2020,15,00-0031045,C.Hyde,RB,SEA,WAS,0,0,0.0,0,0.0,0.0,0.0,2,55.0,1,3,2,8.0,0,12.3,14.3,,,72.0,229.0,30.14864705882353,6.0,Ohio State,2014.0,2014.0,SF,57.0,,0.115384616
2020,16,00-0031045,C.Hyde,RB,SEA,LA,0,0,0.0,0,0.0,0.0,0.0,2,8.0,0,1,1,18.0,0,2.6,3.6,,,72.0,229.0,30.14864705882353,6.0,Ohio State,2014.0,2014.0,SF,57.0,11.0,0.03448276
2020,18,00-0031045,C.Hyde,RB,SEA,LA,0,0,0.0,0,0.0,0.0,0.0,4,5.0,0,0,0,0.0,0,0.5,0.5,,,72.0,229.0,30.14864705882353,6.0,Ohio State,2014.0,2014.0,SF,57.0,-10.0,
2020,1,00-0031051,J.Brown,WR,BUF,NYJ,0,0,0.0,0,0.0,0.0,0.0,0,0.0,0,10,6,70.0,1,13.0,19.0,,,71.0,179.0,30.629526315789473,6.0,Pittsburg State,2014.0,2014.0,ARI,91.0,10.0,0.22222222
2020,2,00-0031051,J.Brown,WR,BUF,MIA,0,0,0.0,0,0.0,0.0,0.0,0,0.0,0,6,4,82.0,1,14.2,18.2,,,71.0,179.0,30.629526315789473,6.0,Pittsburg State,2014.0,2014.0,ARI,91.0,,0.17142858
2020,3,00-0031051,J.Brown,WR,BUF,LA,0,0,0.0,0,0.0,0.0,0.0,0,0.0,0,2,0,0.0,0,0.0,0.0,,,71.0,179.0,30.629526315789473,6.0,Pittsburg State,2014.0,2014.0,ARI,91.0,3.0,0.0625
2020,4,00-0031051,J.Brown,WR,BUF,LV,0,0,0.0,0,0.0,0.0,0.0,0,0.0,0,5,4,42.0,0,4.2,8.2,,,71.0,179.0,30.629526315789473,6.0,Pittsburg State,2014.0,2014.0,ARI,91.0,,0.15625
2020,6,00-0031051,J.Brown,WR,BUF,KC,0,0,0.0,0,0.0,0.0,0.0,0,0.0,0,4,0,0.0,0,0.0,0.0,,,71.0,179.0,30.629526315789473,6.0,Pittsburg State,2014.0,2014.0,ARI,91.0,-9.0,0.16
2020,8,00-0031051,J.Brown,WR,BUF,NE,0,0,0.0,0,0.0,0.0,0.0,0,0.0,0,2,1,21.0,0,2.1,3.1,,,71.0,179.0,30.629526315789473,6.0,Pittsburg State,2014.0,2014.0,ARI,91.0,3.0,0.11111111
2020,9,00-0031051,J.Brown,WR,BUF,SEA,0,0,0.0,0,0.0,0.0,0.0,0,0.0,0,11,8,99.0,0,9.9,17.9,,,71.0,179.0,30.629526315789473,6.0,Pittsburg State,2014.0,2014.0,ARI,91.0,10.0,0.28947368
2020,10,00-0031051,J.Brown,WR,BUF,ARI,0,0,0.0,0,0.0,0.0,0.0,0,0.0,0,8,6,72.0,0,7.2,13.2,,,71.0,179.0,30.629526315789473,6.0,Pittsburg State,2014.0,2014.0,ARI,91.0,,0.17777778
2020,17,00-0031051,J.Brown,WR,BUF,MIA,0,0,0.0,0,0.0,0.0,0.0,0,0.0,0,4,4,72.0,1,13.2,17.2,,,71.0,179.0,30.629526315789473,6.0,Pittsburg State,2014.0,2014.0,ARI,91.0,30.0,0.10810811
2020,18,00-0031051,J.Brown,WR,BUF,IND,0,0,0.0,0,0.0,0.0,0.0,0,0.0,0,4,0,0.0,0,0.0,0.0,,,71.0,179.0,30.629526315789473,6.0,Pittsburg State,2014.0,2014.0,ARI,91.0,3.0,0.11764706
2020,19,00-0031051,J.Brown,WR,BUF,BAL,0,0,0.0,0,0.0,0.0,0.0,0,0.0,0,11,8,62.0,0,6.2,14.2,,,71.0,179.0,30.629526315789473,6.0,Pittsburg State,2014.0,2014.0,ARI,91.0,14.0,0.31428573
2020,20,00-0031051,J.Brown,WR,BUF,KC,0,0,0.0,0,0.0,0.0,0.0,0,0.0,0,4,2,24.0,0,2.4,4.4,,,71.0,179.0,30.629526315789473,6.0,Pittsburg State,2014.0,2014.0,ARI,91.0,,0.09090909
2020,1,00-0031062,J.White,RB,NE,MIA,0,0,0.0,0,0.0,0.0,0.0,5,22.0,0,3,3,30.0,0,5.2,8.2,,,70.0,205.0,28.76875,6.0,Wisconsin,2014.0,2014.0,NE,130.0,10.0,0.15789473
2020,4,00-0031062,J.White,RB,NE,KC,0,0,0.0,0,0.0,0.0,0.0,3,21.0,0,8,7,38.0,0,5.9,12.9,,,70.0,205.0,28.76875,6.0,Wisconsin,2014.0,2014.0,NE,130.0,,0.22857143
2020,6,00-0031062,J.White,RB,NE,DEN,0,0,0.0,0,0.0,0.0,0.0,4,8.0,0,9,8,65.0,0,7.3,15.3,,,70.0,205.0,28.76875,6.0,Wisconsin,2014.0,2014.0,NE,130.0,-6.0,0.33333334
2020,7,00-0031062,J.White,RB,NE,SF,0,0,0.0,0,0.0,0.0,0.0,0,0.0,0,1,1,3.0,0,0.3,1.3,,,70.0,205.0,28.76875,6.0,Wisconsin,2014.0,2014.0,NE,130.0,-27.0,0.045454547
2020,8,00-0031062,J.White,RB,NE,BUF,0,0,0.0,0,0.0,0.0,0.0,2,0.0,0,4,2,35.0,0,3.5,5.5,,,70.0,205.0,28.76875,6.0,Wisconsin,2014.0,2014.0,NE,130.0,,0.17391305
2020,9,00-0031062,J.White,RB,NE,NYJ,0,0,0.0,0,0.0,0.0,0.0,2,0.0,0,5,4,24.0,0,2.4,6.4,,,70.0,205.0,28.76875,6.0,Wisconsin,2014.0,2014.0,NE,130.0,,0.14705883
2020,10,00-0031062,J.White,RB,NE,BAL,0,0,0.0,0,0.0,0.0,0.0,0,0.0,0,2,2,8.0,0,0.8,2.8,,,70.0,205.0,28.76875,6.0,Wisconsin,2014.0,2014.0,NE,130.0,6.0,0.11764706
2020,11,00-0031062,J.White,RB,NE,HOU,0,0,0.0,0,0.0,0.0,0.0,5,19.0,0,9,6,64.0,0,8.3,14.3,,,70.0,205.0,28.76875,6.0,Wisconsin,2014.0,2014.0,NE,130.0,,0.23684211
2020,12,00-0031062,J.White,RB,NE,ARI,0,0,0.0,0,0.0,0.0,0.0,5,18.0,2,1,1,-1.0,0,13.7,14.7,,,70.0,205.0,28.76875,6.0,Wisconsin,2014.0,2014.0,NE,130.0,3.0,0.05882353
2020,13,00-0031062,J.White,RB,NE,LAC,0,0,0.0,0,0.0,0.0,0.0,0,0.0,0,4,3,1.0,0,0.1,3.1,,,70.0,205.0,28.76875,6.0,Wisconsin,2014.0,2014.0,NE,130.0,,0.1904762
2020,14,00-0031062,J.White,RB,NE,LA,0,0,0.0,0,0.0,0.0,0.0,3,16.0,0,2,1,2.0,0,1.8,2.8,,,70.0,205.0,28.76875,6.0,Wisconsin,2014.0,2014.0,NE,130.0,,0.08695652
2020,15,00-0031062,J.White,RB,NE,MIA,0,0,0.0,0,0.0,0.0,0.0,2,3.0,0,4,4,52.0,0,5.5,9.5,,,70.0,205.0,28.76875,6.0,Wisconsin,2014.0,2014.0,NE,130.0,,0.16
2020,16,00-0031062,J.White,RB,NE,BUF,0,0,0.0,0,0.0,0.0,0.0,4,14.0,0,3,3,23.0,0,3.7,6.7,,,70.0,205.0,28.76875,6.0,Wisconsin,2014.0,2014.0,NE,130.0,-29.0,0.16666667
2020,17,00-0031062,J.White,RB,NE,NYJ,0,0,0.0,0,0.0,0.0,0.0,0,0.0,0,7,4,31.0,1,9.1,13.1,,,70.0,205.0,28.76875,6.0,Wisconsin,2014.0,2014.0,NE,130.0,14.0,0.23333333
2020,1,00-0031166,S.Roberts,WR,CAR,LV,0,0,0.0,0,0.0,0.0,0.0,0,0.0,0,2,1,5.0,0,0.5,1.5,,,74.0,195.0,29.731526315789473,6.0,West Alabama,2014.0,2014.0,,,-4.0,0.05882353
2020,3,00-0031166,S.Roberts,WR,CAR,LAC,0,0,0.0,0,0.0,0.0,0.0,0,0.0,0,3,2,16.0,0,1.6,3.6,,,74.0,195.0,29.731526315789473,6.0,West Alabama,2014.0,2014.0,,,,0.11111111
2020,4,00-0031166,S.Roberts,WR,CAR,ARI,0,0,0.0,0,0.0,0.0,0.0,0,0.0,0,1,1,10.0,0,1.0,2.0,,,74.0,195.0,29.731526315789473,6.0,West Alabama,2014.0,2014.0,,,10.0,0.027777778
2020,2,00-0031209,S.Perry,RB,TEN,JAX,0,0,0.0,0,0.0,0.0,0.0,2,9.0,0,0,0,0.0,0,0.9,0.9,,,72.0,210.0,29.154705882352943,6.0,Louisville,2014.0,2014.0,,,3.0,
2020,1,00-0031235,O.Beckham,WR,CLE,BAL,0,0,0.0,0,0.0,0.0,0.0,0,0.0,0,10,3,22.0,0,2.2,5.2,,,71.0,198.0,28.028222222222222,6.0,Louisiana State,2014.0,2014.0,NYG,12.0,,0.2857143
2020,2,00-0031235,O.Beckham,WR,CLE,CIN,0,0,0.0,0,0.0,0.0,0.0,0,0.0,0,6,4,74.0,1,13.4,17.4,,,71.0,198.0,28.028222222222222,6.0,Louisiana State,2014.0,2014.0,NYG,12.0,5.0,0.2857143
2020,3,00-0031235,O.Beckham,WR,CLE,WAS,0,0,0.0,0,0.0,0.0,0.0,0,0.0,0,6,4,59.0,0,5.9,9.9,,,71.0,198.0,28.028222222222222,6.0,Louisiana State,2014.0,2014.0,NYG,12.0,14.0,0.27272728
2020,4,00-0031235,O.Beckham,WR,CLE,DAL,0,0,0.0,0,0.0,0.0,0.0,2,73.0,1,8,5,81.0,2,33.4,38.4,,,71.0,198.0,28.028222222222222,6.0,Louisiana State,2014.0,2014.0,NYG,12.0,,0.30769232
2020,5,00-0031235,O.Beckham,WR,CLE,IND,1,1,18.0,0,0.0,0.0,-0.0,1,-1.0,0,9,5,58.0,0,6.42,11.42,,,71.0,198.0,28.028222222222222,6.0,Louisiana State,2014.0,2014.0,NYG,12.0,9.0,0.23684211
2020,6,00-0031235,O.Beckham,WR,CLE,PIT,0,0,0.0,0,0.0,0.0,0.0,0,0.0,0,3,2,25.0,0,2.5,4.5,,,71.0,198.0,28.028222222222222,6.0,Louisiana State,2014.0,2014.0,NYG,12.0,,0.115384616
2020,7,00-0031235,O.Beckham,WR,CLE,CIN,0,0,0.0,0,0.0,0.0,0.0,0,0.0,0,1,0,0.0,0,0.0,0.0,,,71.0,198.0,28.028222222222222,6.0,Louisiana State,2014.0,2014.0,NYG,12.0,,0.035714287
2020,1,00-0031236,B.Cooks,WR,HOU,KC,0,0,0.0,0,0.0,0.0,0.0,0,0.0,0,5,2,20.0,0,2.0,4.0,,,70.0,183.0,27.1211875,6.0,Oregon State,2014.0,2014.0,NO,20.0,,0.16129032
2020,2,00-0031236,B.Cooks,WR,HOU,BAL,0,0,0.0,0,0.0,0.0,0.0,0,0.0,0,8,5,95.0,0,9.5,14.5,,,70.0,183.0,27.1211875,6.0,Oregon State,2014.0,2014.0,NO,20.0,-17.0,0.23529412
2020,3,00-0031236,B.Cooks,WR,HOU,PIT,0,0,0.0,0,0.0,0.0,0.0,0,0.0,0,5,3,23.0,0,2.3,5.3,,,70.0,183.0,27.1211875,6.0,Oregon State,2014.0,2014.0,NO,20.0,,0.18518518
2020,4,00-0031236,B.Cooks,WR,HOU,MIN,0,0,0.0,0,0.0,0.0,0.0,0,0.0,0,3,0,0.0,0,0.0,0.0,,,70.0,183.0,27.1211875,6.0,Oregon State,2014.0,2014.0,NO,20.0,-8.0,0.09677419
2020,5,00-0031236,B.Cooks,WR,HOU,JAX,0,0,0.0,0,0.0,0.0,0.0,0,0.0,0,12,8,161.0,1,22.1,30.1,,,70.0,183.0,27.1211875,6.0,Oregon State,2014.0,2014.0,NO,20.0,16.0,0.34285715
2020,6,00-0031236,B.Cooks,WR,HOU,TEN,0,0,0.0,0,0.0,0.0,0.0,0,0.0,0,9,9,68.0,1,12.8,21.8,,,70.0,183.0,27.1211875,6.0,Oregon State,2014.0,2014.0,NO,20.0,,0.24324325
2020,7,00-0031236,B.Cooks,WR,HOU,GB,0,0,0.0,0,0.0,0.0,0.0,0,0.0,0,9,7,60.0,0,6.0,13.0,,,70.0,183.0,27.1211875,6.0,Oregon State,2014.0,2014.0,NO,20.0,-15.0,0.23684211
2020,9,00-0031236,B.Cooks,WR,HOU,JAX,0,0,0.0,0,0.0,0.0,0.0,0,0.0,0,9,3,83.0,1,14.3,17.3,,,70.0,183.0,27.1211875,6.0,Oregon State,2014.0,2014.0,NO,20.0,,0.31034482
2020,10,00-0031236,B.Cooks,WR,HOU,CLE,0,0,0.0,0,0.0,0.0,0.0,0,0.0,0,8,6,39.0,0,3.9,9.9,,,70.0,183.0,27.1211875,6.0,Oregon State,2014.0,2014.0,NO,20.0,,0.2857143
2020,11,00-0031236,B.Cooks,WR,HOU,NE,0,0,0.0,0,0.0,0.0,0.0,0,0.0,0,5,4,85.0,0,8.5,12.5,,,70.0,183.0,27.1211875,6.0,Oregon State,2014.0,2014.0,NO,20.0,7.0,0.13513513
2020,12,00-0031236,B.Cooks,WR,HOU,DET,0,0,0.0,0,0.0,0.0,0.0,0,0.0,0,5,5,85.0,0,8.5,13.5,,,70.0,183.0,27.1211875,6.0,Oregon State,2014.0,2014.0,NO,20.0,,0.2173913
2020,13,00-0031236,B.Cooks,WR,HOU,IND,0,0,0.0,0,0.0,0.0,0.0,0,0.0,0,8,5,65.0,0,6.5,11.5,,,70.0,183.0,27.1211875,6.0,Oregon State,2014.0,2014.0,NO,20.0,-6.0,0.21621622
2020,15,00-0031236,B.Cooks,WR,HOU,IND,0,0,0.0,0,0.0,0.0,0.0,0,0.0,0,7,6,59.0,0,5.9,11.9,,,70.0,183.0,27.1211875,6.0,Oregon State,2014.0,2014.0,NO,20.0,,0.18421052
2020,16,00-0031236,B.Cooks,WR,HOU,CIN,0,0,0.0,0,0.0,0.0,0.0,0,0.0,0,10,7,141.0,1,20.1,27.1,,,70.0,183.0,27.1211875,6.0,Oregon State,2014.0,2014.0,NO,20.0,-6.0,0.3030303
2020,17,00-0031236,B.Cooks,WR,HOU,TEN,0,0,0.0,0,0.0,0.0,0.0,0,0.0,0,16,11,166.0,2,28.6,39.6,,,70.0,183.0,27.1211875,6.0,Oregon State,2014.0,2014.0,NO,20.0,-3.0,0.4
2020,1,00-0031237,T.Bridgewater,QB,CAR,LV,22,34,269.0,1,0.0,1.0,10.0,4,26.0,0,0,0,0.0,0,19.36,19.36,,,74.0,215.0,27.989125,6.0,Louisville,2014.0,2014.0,MIN,32.0,-4.0,
2020,2,00-0031237,T.Bridgewater,QB,CAR,TB,33,42,367.0,0,2.0,5.0,27.0,0,0.0,0,0,0,0.0,0,8.68,8.68,,,74.0,215.0,27.989125,6.0,Louisville,2014.0,2014.0,MIN,32.0,,
2020,3,00-0031237,T.Bridgewater,QB,CAR,LAC,22,28,235.0,1,0.0,2.0,14.0,2,12.0,0,0,0,0.0,0,14.6,14.6,,,74.0,215.0,27.989125,6.0,Louisville,2014.0,2014.0,MIN,32.0,,
2020,4,00-0031237,T.Bridgewater,QB,CAR,ARI,26,37,276.0,2,1.0,0.0,-0.0,6,32.0,1,0,0,0.0,0,26.24,26.24,,,74.0,215.0,27.989125,6.0,Louisville,2014.0,2014.0,MIN,32.0,10.0,
2020,5,00-0031237,T.Bridgewater,QB,CAR,ATL,27,36,313.0,2,0.0,0.0,-0.0,3,3.0,0,0,0,0.0,0,20.82,20.82,,,74.0,215.0,27.989125,6.0,Louisville,2014.0,2014.0,MIN,32.0,,
2020,6,00-0031237,T.Bridgewater,QB,CAR,CHI,16,29,216.0,0,2.0,4.0,25.0,8,48.0,0,0,0,0.0,0,9.44,9.44,,,74.0,215.0,27.989125,6.0,Louisville,2014.0,2014.0,MIN,32.0,-7.0,
2020,7,00-0031237,T.Bridgewater,QB,CAR,NO,23,28,254.0,2,0.0,1.0,8.0,2,10.0,0,0,0,0.0,0,19.16,19.16,,,74.0,215.0,27.989125,6.0,Louisville,2014.0,2014.0,MIN,32.0,,
2020,8,00-0031237,T.Bridgewater,QB,CAR,ATL,15,23,176.0,1,1.0,3.0,22.0,5,30.0,0,0,0,0.0,0,12.04,12.04,,,74.0,215.0,27.989125,6.0,Louisville,2014.0,2014.0,MIN,32.0,-8.0,
2020,9,00-0031237,T.Bridgewater,QB,CAR,KC,36,49,310.0,2,0.0,2.0,7.0,2,19.0,1,0,0,0.0,0,28.3,28.3,,,74.0,215.0,27.989125,6.0,Louisville,2014.0,2014.0,MIN,32.0,,
2020,10,00-0031237,T.Bridgewater,QB,CAR,TB,18,24,136.0,2,1.0,1.0,5.0,3,16.0,1,0,0,0.0,0,19.04,19.04,,,74.0,215.0,27.989125,6.0,Louisville,2014.0,2014.0,MIN,32.0,-23.0,
2020,12,00-0031237,T.Bridgewater,QB,CAR,MIN,19,36,267.0,1,1.0,0.0,-0.0,2,12.0,0,0,0,0.0,0,13.88,13.88,,,74.0,215.0,27.989125,6.0,Louisville,2014.0,2014.0,MIN,32.0,,
2020,14,00-0031237,T.Bridgewater,QB,CAR,DEN,30,40,283.0,0,0.0,4.0,38.0,3,31.0,1,0,0,0.0,0,20.42,20.42,,,74.0,215.0,27.989125,6.0,Louisville,2014.0,2014.0,MIN,32.0,-5.0,
2020,15,00-0031237,T.Bridgewater,QB,CAR,GB,21,35,258.0,0,0.0,3.0,9.0,4,26.0,1,0,0,0.0,0,16.92,16.92,,,74.0,215.0,27.989125,6.0,Louisville,2014.0,2014.0,MIN,32.0,,
2020,16,00-0031237,T.Bridgewater,QB,CAR,WAS,19,28,197.0,1,1.0,4.0,30.0,6,7.0,0,0,0,0.0,0,8.58,8.58,,,74.0,215.0,27.989125,6.0,Louisville,2014.0,2014.0,MIN,32.0,,
2020,17,00-0031237,T.Bridgewater,QB,CAR,NO,13,23,176.0,0,2.0,1.0,10.0,3,7.0,0,0,0,0.0,0,3.74,3.74,,,74.0,215.0,27.989125,6.0,Louisville,2014.0,2014.0,MIN,32.0,-26.0,
2020,1,00-0031260,L.Thomas,TE,WAS,PHI,0,0,0.0,0,0.0,0.0,0.0,0,0.0,0,8,4,37.0,1,9.7,13.7,,,78.0,250.0,29.36870588235294,6.0,Virginia Tech,2014.0,2014.0,ARI,120.0,10.0,0.26666668
2020,2,00-0031260,L.Thomas,TE,WAS,ARI,0,0,0.0,0,0.0,0.0,0.0,0,0.0,0,9,4,26.0,0,2.6,6.6,,,78.0,250.0,29.36870588235294,6.0,Virginia Tech,2014.0,2014.0,ARI,120.0,,0.27272728
2020,3,00-0031260,L.Thomas,TE,WAS,CLE,0,0,0.0,0,0.0,0.0,0.0,0,0.0,0,7,4,31.0,0,3.1,7.1,,,78.0,250.0,29.36870588235294,6.0,Virginia Tech,2014.0,2014.0,ARI,120.0,,0.19444445
2020,4,00-0031260,L.Thomas,TE,WAS,BAL,0,0,0.0,0,0.0,0.0,0.0,0,0.0,0,4,1,8.0,0,0.8,1.8,,,78.0,250.0,29.36870588235294,6.0,Virginia Tech,2014.0,2014.0,ARI,120.0,-14.0,0.09090909
2020,5,00-0031260,L.Thomas,TE,WAS,LA,0,0,0.0,0,0.0,0.0,0.0,0,0.0,0,4,1,4.0,0,0.4,1.4,,,78.0,250.0,29.36870588235294,6.0,Virginia Tech,2014.0,2014.0,ARI,120.0,-20.0,0.14285715
2020,6,00-0031260,L.Thomas,TE,WAS,NYG,0,0,0.0,0,0.0,0.0,0.0,0,0.0,0,4,3,42.0,1,10.2,13.2,,,78.0,250.0,29.36870588235294,6.0,Virginia Tech,2014.0,2014.0,ARI,120.0,,0.1
2020,7,00-0031260,L.Thomas,TE,WAS,DAL,0,0,0.0,0,0.0,0.0,0.0,0,0.0,0,4,4,60.0,1,12.0,16.0,,,78.0,250.0,29.36870588235294,6.0,Virginia Tech,2014.0,2014.0,ARI,120.0,22.0,0.1904762
2020,9,00-0031260,L.Thomas,TE,WAS,NYG,0,0,0.0,0,0.0,0.0,0.0,0,0.0,0,6,3,28.0,0,2.8,5.8,,,78.0,250.0,29.36870588235294,6.0,Virginia Tech,2014.0,2014.0,ARI,120.0,-3.0,0.15384616
2020,10,00-0031260,L.Thomas,TE,WAS,DET,0,0,0.0,0,0.0,0.0,0.0,0,0.0,0,5,4,66.0,0,6.6,10.6,,,78.0,250.0,29.36870588235294,6.0,Virginia Tech,2014.0,2014.0,ARI,120.0,,0.09615385
2020,11,00-0031260,L.Thomas,TE,WAS,CIN,0,0,0.0,0,0.0,0.0,0.0,1,2.0,0,5,2,6.0,0,0.8,2.8,,,78.0,250.0,29.36870588235294,6.0,Virginia Tech,2014.0,2014.0,ARI,120.0,11.0,0.20833333
2020,12,00-0031260,L.Thomas,TE,WAS,DAL,1,1,28.0,0,0.0,0.0,-0.0,1,3.0,0,4,4,20.0,1,9.42,13.42,,,78.0,250.0,29.36870588235294,6.0,Virginia Tech,2014.0,2014.0,ARI,120.0,,0.16666667
2020,13,00-0031260,L.Thomas,TE,WAS,PIT,0,0,0.0,0,0.0,0.0,0.0,0,0.0,0,9,9,98.0,1,15.8,24.8,,,78.0,250.0,29.36870588235294,6.0,Virginia Tech,2014.0,2014.0,ARI,120.0,,0.20454545
2020,14,00-0031260,L.Thomas,TE,WAS,SF,0,0,0.0,0,0.0,0.0,0.0,0,0.0,0,7,6,43.0,0,4.3,10.3,,,78.0,250.0,29.36870588235294,6.0,Virginia Tech,2014.0,2014.0,ARI,120.0,,0.2413793
2020,15,00-0031260,L.Thomas,TE,WAS,SEA,0,0,0.0,0,0.0,0.0,0.0,0,0.0,0,16,13,101.0,0,10.1,23.1,,,78.0,250.0,29.36870588235294,6.0,Virginia Tech,2014.0,2014.0,ARI,120.0,-5.0,0.3018868
2020,16,00-0031260,L.Thomas,TE,WAS,CAR,0,0,0.0,0,0.0,0.0,0.0,1,0.0,0,12,7,63.0,0,6.3,13.3,,,78.0,250.0,29.36870588235294,6.0,Virginia Tech,2014.0,2014.0,ARI,120.0,-7.0,0.25531915
2020,17,00-0031260,L.Thomas,TE,WAS,PHI,0,0,0.0,0,0.0,0.0,0.0,0,0.0,0,6,3,37.0,1,9.7,12.7,,,78.0,250.0,29.36870588235294,6.0,Virginia Tech,2014.0,2014.0,ARI,120.0,,0.20689656
2020,18,00-0031260,L.Thomas,TE,WAS,TB,0,0,0.0,0,0.0,0.0,0.0,0,0.0,0,9,5,74.0,0,7.4,12.4,,,78.0,250.0,29.36870588235294,6.0,Virginia Tech,2014.0,2014.0,ARI,120.0,-8.0,0.2195122
2020,10,00-0031269,T.Carrie,CB,IND,IND,0,0,0.0,0,0.0,0.0,0.0,0,0.0,0,0,0,0.0,0,6.0,6.0,,,72.0,204.0,30.295117647058827,6.0,Ohio,2014.0,2014.0,OAK,219.0,,
2020,1,00-0031273,C.Brate,TE,TB,NO,0,0,0.0,0,0.0,0.0,0.0,0,0.0,0,1,0,0.0,0,0.0,0.0,,,77.0,245.0,29.38945,6.0,Harvard,2014.0,2014.0,,,,0.029411765
2020,4,00-0031273,C.Brate,TE,TB,LAC,0,0,0.0,0,0.0,0.0,0.0,0,0.0,0,1,1,3.0,1,6.3,7.3,,,77.0,245.0,29.38945,6.0,Harvard,2014.0,2014.0,,,7.0,0.022222223
2020,5,00-0031273,C.Brate,TE,TB,CHI,0,0,0.0,0,0.0,0.0,0.0,0,0.0,0,6,5,44.0,0,4.4,9.4,,,77.0,245.0,29.38945,6.0,Harvard,2014.0,2014.0,,,,0.14634146
2020,6,00-0031273,C.Brate,TE,TB,GB,0,0,0.0,0,0.0,0.0,0.0,0,0.0,0,1,1,3.0,0,0.3,1.3,,,77.0,245.0,29.38945,6.0,Harvard,2014.0,2014.0,,,28.0,0.037037037
2020,7,00-0031273,C.Brate,TE,TB,LV,0,0,0.0,0,0.0,0.0,0.0,0,0.0,0,1,1,8.0,0,0.8,1.8,,,77.0,245.0,29.38945,6.0,Harvard,2014.0,2014.0,,,,0.024390243
2020,8,00-0031273,C.Brate,TE,TB,NYG,0,0,0.0,0,0.0,0.0,0.0,0,0.0,0,2,2,35.0,0,3.5,5.5,,,77.0,245.0,29.38945,6.0,Harvard,2014.0,2014.0,,,,0.05
2020,10,00-0031273,C.Brate,TE,TB,CAR,0,0,0.0,0,0.0,0.0,0.0,0,0.0,0,3,3,31.0,1,9.1,12.1,,,77.0,245.0,29.38945,6.0,Harvard,2014.0,2014.0,,,,0.078947365
2020,11,00-0031273,C.Brate,TE,TB,LA,0,0,0.0,0,0.0,0.0,0.0,0,0.0,0,4,3,23.0,0,2.3,5.3,,,77.0,245.0,29.38945,6.0,Harvard,2014.0,2014.0,,,-3.0,0.08510638
2020,12,00-0031273,C.Brate,TE,TB,KC,0,0,0.0,0,0.0,0.0,0.0,0,0.0,0,6,4,34.0,0,3.4,7.4,,,77.0,245.0,29.38945,6.0,Harvard,2014.0,2014.0,,,-3.0,0.14634146
2020,14,00-0031273,C.Brate,TE,TB,MIN,0,0,0.0,0,0.0,0.0,0.0,0,0.0,0,1,1,9.0,0,0.9,1.9,,,77.0,245.0,29.38945,6.0,Harvard,2014.0,2014.0,,,12.0,0.045454547
2020,15,00-0031273,C.Brate,TE,TB,ATL,0,0,0.0,0,0.0,0.0,0.0,0,0.0,0,4,4,54.0,0,5.4,9.4,,,77.0,245.0,29.38945,6.0,Harvard,2014.0,2014.0,,,,0.093023255
2020,16,00-0031273,C.Brate,TE,TB,DET,0,0,0.0,0,0.0,0.0,0.0,0,0.0,0,2,2,27.0,0,2.7,4.7,,,77.0,245.0,29.38945,6.0,Harvard,2014.0,2014.0,,,,0.048780486
2020,17,00-0031273,C.Brate,TE,TB,ATL,0,0,0.0,0,0.0,0.0,0.0,0,0.0,0,2,1,11.0,0,1.1,2.1,,,77.0,245.0,29.38945,6.0,Harvard,2014.0,2014.0,,,17.0,0.05263158
2020,18,00-0031273,C.Brate,TE,TB,WAS,0,0,0.0,0,0.0,0.0,0.0,0,0.0,0,6,4,80.0,0,8.0,12.0,,,77.0,245.0,29.38945,6.0,Harvard,2014.0,2014.0,,,,0.15789473
2020,19,00-0031273,C.Brate,TE,TB,NO,0,0,0.0,0,0.0,0.0,0.0,0,0.0,0,5,4,50.0,0,5.0,9.0,,,77.0,245.0,29.38945,6.0,Harvard,2014.0,2014.0,,,,0.15151516
2020,20,00-0031273,C.Brate,TE,TB,GB,0,0,0.0,0,0.0,0.0,0.0,0,0.0,0,5,3,19.0,1,7.9,10.9,,,77.0,245.0,29.38945,6.0,Harvard,2014.0,2014.0,,,,0.14285715
2020,21,00-0031273,C.Brate,TE,TB,KC,0,0,0.0,0,0.0,0.0,0.0,0,0.0,0,3,3,26.0,0,2.6,5.6,,,77.0,245.0,29.38945,6.0,Harvard,2014.0,2014.0,,,22.0,0.10344828
2020,1,00-0031280,D.Carr,QB,LV,CAR,22,30,239.0,1,0.0,0.0,-0.0,0,0.0,0,0,0,0.0,0,13.56,13.56,,,75.0,210.0,29.621125,6.0,Fresno State,2014.0,2014.0,OAK,36.0,,
2020,2,00-0031280,D.Carr,QB,LV,NO,28,38,284.0,3,0.0,3.0,23.0,3,3.0,0,0,0,0.0,0,21.66,21.66,,,75.0,210.0,29.621125,6.0,Fresno State,2014.0,2014.0,OAK,36.0,10.0,
2020,3,00-0031280,D.Carr,QB,LV,NE,24,32,261.0,2,0.0,2.0,12.0,2,10.0,0,0,0,0.0,0,15.44,15.44,,,75.0,210.0,29.621125,6.0,Fresno State,2014.0,2014.0,OAK,36.0,,
2020,4,00-0031280,D.Carr,QB,LV,BUF,32,44,311.0,2,0.0,2.0,14.0,4,20.0,0,0,0,0.0,0,20.44,20.44,,,75.0,210.0,29.621125,6.0,Fresno State,2014.0,2014.0,OAK,36.0,-7.0,
2020,5,00-0031280,D.Carr,QB,LV,KC,22,31,347.0,3,1.0,1.0,1.0,4,1.0,0,0,0,0.0,0,23.98,23.98,,,75.0,210.0,29.621125,6.0,Fresno State,2014.0,2014.0,OAK,36.0,,
2020,7,00-0031280,D.Carr,QB,LV,TB,24,36,284.0,2,1.0,3.0,13.0,2,19.0,0,0,0,0.0,0,19.26,19.26,,,75.0,210.0,29.621125,6.0,Fresno State,2014.0,2014.0,OAK,36.0,-25.0,
2020,8,00-0031280,D.Carr,QB,LV,CLE,15,24,111.0,1,0.0,2.0,11.0,6,41.0,0,0,0,0.0,0,12.54,12.54,,,75.0,210.0,29.621125,6.0,Fresno State,2014.0,2014.0,OAK,36.0,,
2020,9,00-0031280,D.Carr,QB,LV,LAC,13,23,165.0,2,0.0,1.0,5.0,2,14.0,0,0,0,0.0,0,14.0,14.0,,,75.0,210.0,29.621125,6.0,Fresno State,2014.0,2014.0,OAK,36.0,,
2020,10,00-0031280,D.Carr,QB,LV,DEN,16,25,154.0,0,0.0,0.0,-0.0,4,10.0,0,0,0,0.0,0,7.16,7.16,,,75.0,210.0,29.621125,6.0,Fresno State,2014.0,2014.0,OAK,36.0,25.0,
2020,11,00-0031280,D.Carr,QB,LV,KC,23,31,275.0,3,1.0,0.0,-0.0,3,6.0,0,0,0,0.0,0,21.6,21.6,,,75.0,210.0,29.621125,6.0,Fresno State,2014.0,2014.0,OAK,36.0,-4.0,
2020,12,00-0031280,D.Carr,QB,LV,ATL,22,34,215.0,0,1.0,3.0,21.0,0,0.0,0,0,0,0.0,0,0.6,0.6,,,75.0,210.0,29.621125,6.0,Fresno State,2014.0,2014.0,OAK,36.0,,
2020,13,00-0031280,D.Carr,QB,LV,NYJ,28,47,381.0,3,1.0,2.0,13.0,2,5.0,1,0,0,0.0,0,31.74,31.74,,,75.0,210.0,29.621125,6.0,Fresno State,2014.0,2014.0,OAK,36.0,,
2020,14,00-0031280,D.Carr,QB,LV,IND,31,45,316.0,2,2.0,0.0,-0.0,3,12.0,1,0,0,0.0,0,23.84,23.84,,,75.0,210.0,29.621125,6.0,Fresno State,2014.0,2014.0,OAK,36.0,-17.0,
2020,15,00-0031280,D.Carr,QB,LV,LAC,3,5,53.0,0,0.0,1.0,3.0,0,0.0,0,0,0,0.0,0,2.12,2.12,,,75.0,210.0,29.621125,6.0,Fresno State,2014.0,2014.0,OAK,36.0,-3.0,
2020,16,00-0031280,D.Carr,QB,LV,MIA,21,34,336.0,1,0.0,3.0,22.0,2,-2.0,1,0,0,0.0,0,23.24,23.24,,,75.0,210.0,29.621125,6.0,Fresno State,2014.0,2014.0,OAK,36.0,-1.0,
2020,17,00-0031280,D.Carr,QB,LV,DEN,24,38,371.0,2,2.0,3.0,12.0,2,1.0,0,0,0,0.0,0,20.94,20.94,,,75.0,210.0,29.621125,6.0,Fresno State,2014.0,2014.0,OAK,36.0,,
2020,3,00-0031285,D.Freeman,RB,NYG,SF,0,0,0.0,0,0.0,0.0,0.0,5,10.0,0,0,0,0.0,0,1.0,1.0,,,68.0,206.0,28.680470588235295,6.0,Florida State,2014.0,2014.0,ATL,103.0,-27.0,
2020,4,00-0031285,D.Freeman,RB,NYG,LA,0,0,0.0,0,0.0,0.0,0.0,11,33.0,0,4,4,35.0,0,6.8,10.8,,,68.0,206.0,28.680470588235295,6.0,Florida State,2014.0,2014.0,ATL,103.0,,0.11111111
2020,5,00-0031285,D.Freeman,RB,NYG,DAL,0,0,0.0,0,0.0,0.0,0.0,17,60.0,1,3,2,27.0,0,14.7,16.7,,,68.0,206.0,28.680470588235295,6.0,Florida State,2014.0,2014.0,ATL,103.0,,0.10344828
2020,6,00-0031285,D.Freeman,RB,NYG,WAS,0,0,0.0,0,0.0,0.0,0.0,18,61.0,0,2,1,-4.0,0,5.7,6.7,,,68.0,206.0,28.680470588235295,6.0,Florida State,2014.0,2014.0,ATL,103.0,1.0,0.11111111
2020,7,00-0031285,D.Freeman,RB,NYG,PHI,0,0,0.0,0,0.0,0.0,0.0,3,8.0,0,1,0,0.0,0,0.8,0.8,,,68.0,206.0,28.680470588235295,6.0,Florida State,2014.0,2014.0,ATL,103.0,,0.035714287
2020,14,00-0031288,A.McCarron,QB,HOU,CHI,0,0,0.0,0,0.0,1.0,12.0,0,0.0,0,0,0,0.0,0,0.0,0.0,,,75.0,220.0,30.1549375,6.0,Alabama,2014.0,2014.0,CIN,164.0,,
2020,17,00-0031288,A.McCarron,QB,HOU,TEN,1,1,20.0,0,0.0,0.0,-0.0,0,0.0,0,0,0,0.0,0,0.8,0.8,,,75.0,220.0,30.1549375,6.0,Alabama,2014.0,2014.0,CIN,164.0,-3.0,
2020,3,00-0031319,D.Spencer,WR,DEN,TB,0,0,0.0,0,0.0,0.0,0.0,0,0.0,0,1,1,7.0,0,0.7,1.7,,,68.0,170.0,28.6449375,6.0,McNeese State,2014.0,2014.0,,,-18.0,0.02631579
2020,6,00-0031319,D.Spencer,WR,DEN,NE,0,0,0.0,0,0.0,0.0,0.0,1,9.0,0,1,0,0.0,0,0.9,0.9,,,68.0,170.0,28.6449375,6.0,McNeese State,2014.0,2014.0,,,,0.041666668
2020,14,00-0031319,D.Spencer,WR,DEN,DEN,0,0,0.0,0,0.0,0.0,0.0,0,0.0,0,0,0,0.0,0,6.0,6.0,,,68.0,170.0,28.6449375,6.0,McNeese State,2014.0,2014.0,,,,
2020,16,00-0031319,D.Spencer,WR,DEN,LAC,0,0,0.0,0,0.0,0.0,0.0,1,9.0,0,2,1,10.0,0,1.9,2.9,,,68.0,170.0,28.6449375,6.0,McNeese State,2014.0,2014.0,,,,0.046511628
2020,17,00-0031319,D.Spencer,WR,DEN,LV,0,0,0.0,0,0.0,0.0,0.0,1,1.0,0,2,1,9.0,0,1.0,2.0,,,68.0,170.0,28.6449375,6.0,McNeese State,2014.0,2014.0,,,-1.0,0.05
2020,1,00-0031325,S.Watkins,WR,KC,HOU,0,0,0.0,0,0.0,0.0,0.0,1,3.0,0,9,7,82.0,1,14.5,21.5,,,73.0,211.0,27.436368421052627,6.0,Clemson,2014.0,2014.0,BUF,4.0,14.0,0.28125
2020,2,00-0031325,S.Watkins,WR,KC,LAC,0,0,0.0,0,0.0,0.0,0.0,0,0.0,0,3,1,11.0,0,1.1,2.1,,,73.0,211.0,27.436368421052627,6.0,Clemson,2014.0,2014.0,BUF,4.0,,0.06666667
2020,3,00-0031325,S.Watkins,WR,KC,BAL,0,0,0.0,0,0.0,0.0,0.0,0,0.0,0,8,7,62.0,0,6.2,13.2,,,73.0,211.0,27.436368421052627,6.0,Clemson,2014.0,2014.0,BUF,4.0,,0.19512194
2020,4,00-0031325,S.Watkins,WR,KC,NE,0,0,0.0,0,0.0,0.0,0.0,0,0.0,0,7,4,43.0,0,2.3,6.3,,,73.0,211.0,27.436368421052627,6.0,Clemson,2014.0,2014.0,BUF,4.0,16.0,0.2413793
2020,5,00-0031325,S.Watkins,WR,KC,LV,0,0,0.0,0,0.0,0.0,0.0,0,0.0,0,2,2,24.0,1,8.4,10.4,,,73.0,211.0,27.436368421052627,6.0,Clemson,2014.0,2014.0,BUF,4.0,-8.0,0.04761905
2020,12,00-0031325,S.Watkins,WR,KC,TB,0,0,0.0,0,0.0,0.0,0.0,0,0.0,0,7,4,38.0,0,3.8,7.8,,,73.0,211.0,27.436368421052627,6.0,Clemson,2014.0,2014.0,BUF,4.0,,0.1521739
2020,13,00-0031325,S.Watkins,WR,KC,DEN,0,0,0.0,0,0.0,0.0,0.0,0,0.0,0,6,4,35.0,0,3.5,7.5,,,73.0,211.0,27.436368421052627,6.0,Clemson,2014.0,2014.0,BUF,4.0,6.0,0.15
2020,14,00-0031325,S.Watkins,WR,KC,MIA,0,0,0.0,0,0.0,0.0,0.0,0,0.0,0,3,2,52.0,0,5.2,7.2,,,73.0,211.0,27.436368421052627,6.0,Clemson,2014.0,2014.0,BUF,4.0,,0.0882353
2020,15,00-0031325,S.Watkins,WR,KC,NO,0,0,0.0,0,0.0,0.0,0.0,0,0.0,0,6,4,60.0,0,6.0,10.0,,,73.0,211.0,27.436368421052627,6.0,Clemson,2014.0,2014.0,BUF,4.0,,0.13636364
2020,16,00-0031325,S.Watkins,WR,KC,ATL,0,1,0.0,0,1.0,0.0,-0.0,0,0.0,0,4,2,14.0,0,-0.6,1.4,,,73.0,211.0,27.436368421052627,6.0,Clemson,2014.0,2014.0,BUF,4.0,3.0,0.0952381
2020,21,00-0031325,S.Watkins,WR,KC,TB,0,0,0.0,0,0.0,0.0,0.0,0,0.0,0,1,1,13.0,0,1.3,2.3,,,73.0,211.0,27.436368421052627,6.0,Clemson,2014.0,2014.0,BUF,4.0,,0.02173913
2020,11,00-0031339,D.Moncrief,WR,NE,HOU,0,0,0.0,0,0.0,0.0,0.0,0,0.0,0,2,1,15.0,0,1.5,2.5,,,74.0,215.0,27.258625,6.0,Mississippi,2014.0,2014.0,IND,90.0,,0.05263158
2020,13,00-0031339,D.Moncrief,WR,NE,LAC,0,0,0.0,0,0.0,0.0,0.0,1,4.0,0,0,0,0.0,0,0.4,0.4,,,74.0,215.0,27.258625,6.0,Mississippi,2014.0,2014.0,IND,90.0,,
2020,1,00-0031345,J.Garoppolo,QB,SF,ARI,19,33,259.0,2,0.0,3.0,16.0,1,9.0,0,0,0,0.0,0,19.26,19.26,,,74.0,225.0,29.0155,6.0,Eastern Illinois,2014.0,2014.0,NE,62.0,-4.0,
2020,2,00-0031345,J.Garoppolo,QB,SF,NYJ,14,16,131.0,2,0.0,1.0,8.0,0,0.0,0,0,0,0.0,0,13.24,13.24,,,74.0,225.0,29.0155,6.0,Eastern Illinois,2014.0,2014.0,NE,62.0,,
2020,5,00-0031345,J.Garoppolo,QB,SF,MIA,7,17,77.0,0,2.0,3.0,23.0,0,0.0,0,0,0,0.0,0,-0.92,-0.92,,,74.0,225.0,29.0155,6.0,Eastern Illinois,2014.0,2014.0,NE,62.0,-26.0,
2020,6,00-0031345,J.Garoppolo,QB,SF,LA,23,33,268.0,3,0.0,0.0,-0.0,4,8.0,0,0,0,0.0,0,23.52,23.52,,,74.0,225.0,29.0155,6.0,Eastern Illinois,2014.0,2014.0,NE,62.0,8.0,
2020,7,00-0031345,J.Garoppolo,QB,SF,NE,20,25,277.0,0,2.0,1.0,7.0,1,4.0,0,0,0,0.0,0,7.48,7.48,,,74.0,225.0,29.0155,6.0,Eastern Illinois,2014.0,2014.0,NE,62.0,,
2020,8,00-0031345,J.Garoppolo,QB,SF,SEA,11,16,84.0,0,1.0,3.0,23.0,4,4.0,0,0,0,0.0,0,1.76,1.76,,,74.0,225.0,29.0155,6.0,Eastern Illinois,2014.0,2014.0,NE,62.0,,
2020,2,00-0031357,C.Goodwin,CB,DAL,ATL,0,0,0.0,0,0.0,0.0,0.0,0,0.0,0,1,0,0.0,0,0.0,0.0,,,75.0,190.0,30.758625,6.0,"California, Pa.",2014.0,2014.0,,,1.0,0.021276595
2020,1,00-0031376,J.McKinnon,RB,SF,ARI,0,0,0.0,0,0.0,0.0,0.0,3,24.0,0,5,3,20.0,1,10.4,13.4,,,69.0,205.0,28.5145,6.0,Georgia Southern,2014.0,2014.0,MIN,96.0,-4.0,0.15625
2020,2,00-0031376,J.McKinnon,RB,SF,NYJ,0,0,0.0,0,0.0,0.0,0.0,3,77.0,1,1,0,0.0,0,13.7,13.7,,,69.0,205.0,28.5145,6.0,Georgia Southern,2014.0,2014.0,MIN,96.0,,0.037037037
2020,3,00-0031376,J.McKinnon,RB,SF,NYG,0,0,0.0,0,0.0,0.0,0.0,14,38.0,1,4,3,39.0,0,13.7,16.7,,,69.0,205.0,28.5145,6.0,Georgia Southern,2014.0,2014.0,MIN,96.0,,0.114285715
2020,4,00-0031376,J.McKinnon,RB,SF,PHI,0,0,0.0,0,0.0,0.0,0.0,14,54.0,1,8,7,43.0,0,15.7,22.7,,,69.0,205.0,28.5145,6.0,Georgia Southern,2014.0,2014.0,MIN,96.0,-5.0,0.19512194
2020,5,00-0031376,J.McKinnon,RB,SF,MIA,0,0,0.0,0,0.0,0.0,0.0,1,0.0,0,4,2,5.0,0,0.5,2.5,,,69.0,205.0,28.5145,6.0,Georgia Southern,2014.0,2014.0,MIN,96.0,-26.0,0.114285715
2020,6,00-0031376,J.McKinnon,RB,SF,LA,0,0,0.0,0,0.0,0.0,0.0,6,18.0,0,3,2,10.0,0,2.8,4.8,,,69.0,205.0,28.5145,6.0,Georgia Southern,2014.0,2014.0,MIN,96.0,8.0,0.09375
2020,7,00-0031376,J.McKinnon,RB,SF,NE,0,0,0.0,0,0.0,0.0,0.0,3,-1.0,0,0,0,0.0,0,-0.1,-0.1,,,69.0,205.0,28.5145,6.0,Georgia Southern,2014.0,2014.0,MIN,96.0,,
2020,8,00-0031376,J.McKinnon,RB,SF,SEA,0,0,0.0,0,0.0,0.0,0.0,3,-1.0,1,4,4,40.0,0,9.9,13.9,,,69.0,205.0,28.5145,6.0,Georgia Southern,2014.0,2014.0,MIN,96.0,,0.1
2020,9,00-0031376,J.McKinnon,RB,SF,GB,0,0,0.0,0,0.0,0.0,0.0,12,52.0,1,4,3,16.0,0,12.8,15.8,,,69.0,205.0,28.5145,6.0,Georgia Southern,2014.0,2014.0,MIN,96.0,-17.0,0.11764706
2020,10,00-0031376,J.McKinnon,RB,SF,NO,0,0,0.0,0,0.0,0.0,0.0,18,33.0,0,3,1,13.0,0,4.6,5.6,,,69.0,205.0,28.5145,6.0,Georgia Southern,2014.0,2014.0,MIN,96.0,,0.07692308
2020,12,00-0031376,J.McKinnon,RB,SF,LA,0,0,0.0,0,0.0,0.0,0.0,3,21.0,0,3,2,11.0,0,3.2,5.2,,,69.0,205.0,28.5145,6.0,Georgia Southern,2014.0,2014.0,MIN,96.0,,0.0882353
2020,15,00-0031376,J.McKinnon,RB,SF,DAL,0,0,0.0,0,0.0,0.0,0.0,0,0.0,0,2,2,22.0,0,2.2,4.2,,,69.0,205.0,28.5145,6.0,Georgia Southern,2014.0,2014.0,MIN,96.0,,0.048780486
2020,16,00-0031376,J.McKinnon,RB,SF,ARI,0,0,0.0,0,0.0,0.0,0.0,1,4.0,0,4,3,28.0,0,3.2,6.2,,,69.0,205.0,28.5145,6.0,Georgia Southern,2014.0,2014.0,MIN,96.0,,0.1904762
2020,17,00-0031376,J.McKinnon,RB,SF,SEA,0,0,0.0,0,0.0,0.0,0.0,0,0.0,0,1,1,6.0,0,0.6,1.6,,,69.0,205.0,28.5145,6.0,Georgia Southern,2014.0,2014.0,MIN,96.0,-3.0,0.028571429
2020,1,00-0031381,D.Adams,WR,GB,MIN,0,0,0.0,0,0.0,0.0,0.0,0,0.0,0,17,14,156.0,2,27.6,41.6,,,73.0,215.0,27.900111111111112,6.0,Fresno State,2014.0,2014.0,GB,53.0,,0.41463414
2020,2,00-0031381,D.Adams,WR,GB,DET,0,0,0.0,0,0.0,0.0,0.0,0,0.0,0,3,3,36.0,0,3.6,6.6,,,73.0,215.0,27.900111111111112,6.0,Fresno State,2014.0,2014.0,GB,53.0,21.0,0.1
2020,6,00-0031381,D.Adams,WR,GB,TB,0,0,0.0,0,0.0,0.0,0.0,0,0.0,0,10,6,61.0,0,6.1,12.1,,,73.0,215.0,27.900111111111112,6.0,Fresno State,2014.0,2014.0,GB,53.0,,0.32258064
2020,7,00-0031381,D.Adams,WR,GB,HOU,0,0,0.0,0,0.0,0.0,0.0,0,0.0,0,16,13,196.0,2,31.6,44.6,,,73.0,215.0,27.900111111111112,6.0,Fresno State,2014.0,2014.0,GB,53.0,,0.47058824
2020,8,00-0031381,D.Adams,WR,GB,MIN,0,0,0.0,0,0.0,0.0,0.0,0,0.0,0,11,7,53.0,3,23.3,30.3,,,73.0,215.0,27.900111111111112,6.0,Fresno State,2014.0,2014.0,GB,53.0,-6.0,0.28947368
2020,9,00-0031381,D.Adams,WR,GB,SF,0,0,0.0,0,0.0,0.0,0.0,0,0.0,0,12,10,173.0,1,23.3,33.3,,,73.0,215.0,27.900111111111112,6.0,Fresno State,2014.0,2014.0,GB,53.0,,0.4
2020,10,00-0031381,D.Adams,WR,GB,JAX,0,0,0.0,0,0.0,0.0,0.0,0,0.0,0,12,8,66.0,1,10.6,18.6,,,73.0,215.0,27.900111111111112,6.0,Fresno State,2014.0,2014.0,GB,53.0,4.0,0.36363637
2020,11,00-0031381,D.Adams,WR,GB,IND,0,0,0.0,0,0.0,0.0,0.0,0,0.0,0,9,7,106.0,1,16.6,23.6,,,73.0,215.0,27.900111111111112,6.0,Fresno State,2014.0,2014.0,GB,53.0,,0.25714287
2020,12,00-0031381,D.Adams,WR,GB,CHI,0,0,0.0,0,0.0,0.0,0.0,0,0.0,0,9,6,61.0,1,12.1,18.1,,,73.0,215.0,27.900111111111112,6.0,Fresno State,2014.0,2014.0,GB,53.0,16.0,0.31034482
2020,13,00-0031381,D.Adams,WR,GB,PHI,0,0,0.0,0,0.0,0.0,0.0,0,0.0,0,12,10,121.0,2,24.1,34.1,,,73.0,215.0,27.900111111111112,6.0,Fresno State,2014.0,2014.0,GB,53.0,14.0,0.375
2020,14,00-0031381,D.Adams,WR,GB,DET,0,0,0.0,0,0.0,0.0,0.0,0,0.0,0,10,7,115.0,1,17.5,24.5,,,73.0,215.0,27.900111111111112,6.0,Fresno State,2014.0,2014.0,GB,53.0,,0.32258064
2020,15,00-0031381,D.Adams,WR,GB,CAR,0,0,0.0,0,0.0,0.0,0.0,0,0.0,0,10,7,42.0,0,4.2,11.2,,,73.0,215.0,27.900111111111112,6.0,Fresno State,2014.0,2014.0,GB,53.0,8.0,0.3846154
2020,16,00-0031381,D.Adams,WR,GB,TEN,0,0,0.0,0,0.0,0.0,0.0,0,0.0,0,12,11,142.0,3,32.2,43.2,,,73.0,215.0,27.900111111111112,6.0,Fresno State,2014.0,2014.0,GB,53.0,26.0,0.5
2020,17,00-0031381,D.Adams,WR,GB,CHI,0,0,0.0,0,0.0,0.0,0.0,0,0.0,0,6,6,46.0,1,10.6,16.6,,,73.0,215.0,27.900111111111112,6.0,Fresno State,2014.0,2014.0,GB,53.0,,0.25
2020,19,00-0031381,D.Adams,WR,GB,LA,0,0,0.0,0,0.0,0.0,0.0,0,0.0,0,10,9,66.0,1,12.6,21.6,,,73.0,215.0,27.900111111111112,6.0,Fresno State,2014.0,2014.0,GB,53.0,14.0,0.29411766
2020,20,00-0031381,D.Adams,WR,GB,TB,0,0,0.0,0,0.0,0.0,0.0,0,0.0,0,15,9,67.0,1,12.7,21.7,,,73.0,215.0,27.900111111111112,6.0,Fresno State,2014.0,2014.0,GB,53.0,-5.0,0.32608697
2020,1,00-0031382,J.Landry,WR,CLE,BAL,0,0,0.0,0,0.0,0.0,0.0,0,0.0,0,6,5,61.0,0,6.1,11.1,,,71.0,196.0,27.965222222222224,6.0,Louisiana State,2014.0,2014.0,MIA,63.0,,0.17142858
2020,2,00-0031382,J.Landry,WR,CLE,CIN,0,0,0.0,0,0.0,0.0,0.0,0,0.0,0,3,3,46.0,0,4.6,7.6,,,71.0,196.0,27.965222222222224,6.0,Louisiana State,2014.0,2014.0,MIA,63.0,5.0,0.14285715
2020,3,00-0031382,J.Landry,WR,CLE,WAS,0,0,0.0,0,0.0,0.0,0.0,0,0.0,0,4,4,36.0,0,3.6,7.6,,,71.0,196.0,27.965222222222224,6.0,Louisiana State,2014.0,2014.0,MIA,63.0,14.0,0.18181819
2020,4,00-0031382,J.Landry,WR,CLE,DAL,1,1,37.0,1,0.0,0.0,-0.0,0,0.0,0,6,5,48.0,0,10.28,15.28,,,71.0,196.0,27.965222222222224,6.0,Louisiana State,2014.0,2014.0,MIA,63.0,,0.23076923
2020,5,00-0031382,J.Landry,WR,CLE,IND,0,0,0.0,0,0.0,0.0,0.0,0,0.0,0,9,4,88.0,0,8.8,12.8,,,71.0,196.0,27.965222222222224,6.0,Louisiana State,2014.0,2014.0,MIA,63.0,9.0,0.23684211
2020,6,00-0031382,J.Landry,WR,CLE,PIT,0,0,0.0,0,0.0,0.0,0.0,0,0.0,0,5,3,40.0,0,4.0,7.0,,,71.0,196.0,27.965222222222224,6.0,Louisiana State,2014.0,2014.0,MIA,63.0,,0.1923077
2020,7,00-0031382,J.Landry,WR,CLE,CIN,1,1,19.0,0,0.0,0.0,-0.0,2,4.0,0,6,5,48.0,0,5.96,10.96,,,71.0,196.0,27.965222222222224,6.0,Louisiana State,2014.0,2014.0,MIA,63.0,,0.21428572
2020,8,00-0031382,J.Landry,WR,CLE,LV,0,0,0.0,0,0.0,0.0,0.0,0,0.0,0,11,4,52.0,0,5.2,9.2,,,71.0,196.0,27.965222222222224,6.0,Louisiana State,2014.0,2014.0,MIA,63.0,-10.0,0.44
2020,10,00-0031382,J.Landry,WR,CLE,HOU,0,0,0.0,0,0.0,0.0,0.0,0,0.0,0,5,3,29.0,0,2.9,5.9,,,71.0,196.0,27.965222222222224,6.0,Louisiana State,2014.0,2014.0,MIA,63.0,3.0,0.2631579
2020,11,00-0031382,J.Landry,WR,CLE,PHI,0,0,0.0,0,0.0,0.0,0.0,1,3.0,0,2,2,23.0,0,2.6,4.6,,,71.0,196.0,27.965222222222224,6.0,Louisiana State,2014.0,2014.0,MIA,63.0,5.0,0.11111111
2020,12,00-0031382,J.Landry,WR,CLE,JAX,0,0,0.0,0,0.0,0.0,0.0,0,0.0,0,11,8,143.0,1,20.3,28.3,,,71.0,196.0,27.965222222222224,6.0,Louisiana State,2014.0,2014.0,MIA,63.0,,0.4074074
2020,13,00-0031382,J.Landry,WR,CLE,TEN,1,1,6.0,0,0.0,0.0,-0.0,0,0.0,0,10,8,62.0,1,12.44,20.44,,,71.0,196.0,27.965222222222224,6.0,Louisiana State,2014.0,2014.0,MIA,63.0,,0.3125
2020,14,00-0031382,J.Landry,WR,CLE,BAL,1,1,12.0,0,0.0,0.0,-0.0,0,0.0,0,9,6,52.0,0,5.68,11.68,,,71.0,196.0,27.965222222222224,6.0,Louisiana State,2014.0,2014.0,MIA,63.0,-5.0,0.20454545
2020,15,00-0031382,J.Landry,WR,CLE,NYG,0,0,0.0,0,0.0,0.0,0.0,0,0.0,0,8,7,61.0,1,12.1,19.1,,,71.0,196.0,27.965222222222224,6.0,Louisiana State,2014.0,2014.0,MIA,63.0,,0.26666668
2020,17,00-0031382,J.Landry,WR,CLE,PIT,0,0,0.0,0,0.0,0.0,0.0,1,3.0,1,6,5,51.0,0,11.4,16.4,,,71.0,196.0,27.965222222222224,6.0,Louisiana State,2014.0,2014.0,MIA,63.0,2.0,0.23076923
2020,18,00-0031382,J.Landry,WR,CLE,PIT,0,0,0.0,0,0.0,0.0,0.0,0,0.0,0,8,5,92.0,1,15.2,20.2,,,71.0,196.0,27.965222222222224,6.0,Louisiana State,2014.0,2014.0,MIA,63.0,,0.23529412
2020,19,00-0031382,J.Landry,WR,CLE,KC,0,0,0.0,0,0.0,0.0,0.0,0,0.0,0,10,7,20.0,1,8.0,15.0,,,71.0,196.0,27.965222222222224,6.0,Louisiana State,2014.0,2014.0,MIA,63.0,,0.29411766
2020,3,00-0031384,R.Rodgers,TE,PHI,CIN,0,0,0.0,0,0.0,0.0,0.0,0,0.0,0,2,2,15.0,0,1.5,3.5,,,76.0,257.0,28.7964375,6.0,California,2014.0,2014.0,GB,98.0,0.0,0.045454547
2020,4,00-0031384,R.Rodgers,TE,PHI,SF,0,0,0.0,0,0.0,0.0,0.0,0,0.0,0,4,3,35.0,0,3.5,6.5,,,76.0,257.0,28.7964375,6.0,California,2014.0,2014.0,GB,98.0,,0.15384616
2020,5,00-0031384,R.Rodgers,TE,PHI,PIT,0,0,0.0,0,0.0,0.0,0.0,0,0.0,0,1,1,18.0,0,1.8,2.8,,,76.0,257.0,28.7964375,6.0,California,2014.0,2014.0,GB,98.0,,0.027777778
2020,6,00-0031384,R.Rodgers,TE,PHI,BAL,0,0,0.0,0,0.0,0.0,0.0,0,0.0,0,3,3,31.0,0,3.1,6.1,,,76.0,257.0,28.7964375,6.0,California,2014.0,2014.0,GB,98.0,-2.0,0.07692308
2020,7,00-0031384,R.Rodgers,TE,PHI,NYG,0,0,0.0,0,0.0,0.0,0.0,0,0.0,0,8,6,85.0,0,8.5,14.5,,,76.0,257.0,28.7964375,6.0,California,2014.0,2014.0,GB,98.0,1.0,0.19512194
2020,10,00-0031384,R.Rodgers,TE,PHI,NYG,0,0,0.0,0,0.0,0.0,0.0,0,0.0,0,5,4,60.0,0,6.0,10.0,,,76.0,257.0,28.7964375,6.0,California,2014.0,2014.0,GB,98.0,,0.1388889
2020,11,00-0031384,R.Rodgers,TE,PHI,CLE,0,0,0.0,0,0.0,0.0,0.0,0,0.0,0,2,2,48.0,1,10.8,12.8,,,76.0,257.0,28.7964375,6.0,California,2014.0,2014.0,GB,98.0,,0.05882353
2020,12,00-0031384,R.Rodgers,TE,PHI,SEA,0,0,0.0,0,0.0,0.0,0.0,0,0.0,0,6,3,53.0,1,11.3,14.3,,,76.0,257.0,28.7964375,6.0,California,2014.0,2014.0,GB,98.0,-6.0,0.14285715
2020,1,00-0031387,E.Ebron,TE,PIT,NYG,0,0,0.0,0,0.0,0.0,0.0,0,0.0,0,2,1,18.0,0,1.8,2.8,,,76.0,253.0,27.597882352941177,6.0,North Carolina,2014.0,2014.0,DET,10.0,,0.06451613
2020,2,00-0031387,E.Ebron,TE,PIT,DEN,0,0,0.0,0,0.0,0.0,0.0,0,0.0,0,5,3,43.0,0,4.3,7.3,,,76.0,253.0,27.597882352941177,6.0,North Carolina,2014.0,2014.0,DET,10.0,5.0,0.12195122
2020,3,00-0031387,E.Ebron,TE,PIT,HOU,0,0,0.0,0,0.0,0.0,0.0,0,0.0,0,7,5,52.0,1,11.2,16.2,,,76.0,253.0,27.597882352941177,6.0,North Carolina,2014.0,2014.0,DET,10.0,7.0,0.2
2020,5,00-0031387,E.Ebron,TE,PIT,PHI,0,0,0.0,0,0.0,0.0,0.0,0,0.0,0,6,5,43.0,0,2.3,7.3,,,76.0,253.0,27.597882352941177,6.0,North Carolina,2014.0,2014.0,DET,10.0,9.0,0.1764706
2020,6,00-0031387,E.Ebron,TE,PIT,CLE,0,0,0.0,0,0.0,0.0,0.0,0,0.0,0,4,2,9.0,0,0.9,2.9,,,76.0,253.0,27.597882352941177,6.0,North Carolina,2014.0,2014.0,DET,10.0,31.0,0.17391305
2020,7,00-0031387,E.Ebron,TE,PIT,TEN,0,0,0.0,0,0.0,0.0,0.0,0,0.0,0,8,6,50.0,0,5.0,11.0,,,76.0,253.0,27.597882352941177,6.0,North Carolina,2014.0,2014.0,DET,10.0,,0.1632653
2020,8,00-0031387,E.Ebron,TE,PIT,BAL,0,0,0.0,0,0.0,0.0,0.0,0,0.0,0,5,4,48.0,1,10.8,14.8,,,76.0,253.0,27.597882352941177,6.0,North Carolina,2014.0,2014.0,DET,10.0,,0.15625
2020,9,00-0031387,E.Ebron,TE,PIT,DAL,0,0,0.0,0,0.0,0.0,0.0,0,0.0,0,6,3,22.0,1,8.2,11.2,,,76.0,253.0,27.597882352941177,6.0,North Carolina,2014.0,2014.0,DET,10.0,,0.13333334
2020,10,00-0031387,E.Ebron,TE,PIT,CIN,0,0,0.0,0,0.0,0.0,0.0,0,0.0,0,6,2,38.0,0,3.8,5.8,,,76.0,253.0,27.597882352941177,6.0,North Carolina,2014.0,2014.0,DET,10.0,26.0,0.13043478
2020,11,00-0031387,E.Ebron,TE,PIT,JAX,0,0,0.0,0,0.0,0.0,0.0,0,0.0,0,7,4,36.0,1,9.6,13.6,,,76.0,253.0,27.597882352941177,6.0,North Carolina,2014.0,2014.0,DET,10.0,,0.1521739
2020,12,00-0031387,E.Ebron,TE,PIT,BAL,0,0,0.0,0,0.0,0.0,0.0,0,0.0,0,11,7,54.0,0,5.4,12.4,,,76.0,253.0,27.597882352941177,6.0,North Carolina,2014.0,2014.0,DET,10.0,5.0,0.21568628
2020,13,00-0031387,E.Ebron,TE,PIT,WAS,0,0,0.0,0,0.0,0.0,0.0,0,0.0,0,11,7,68.0,0,6.8,13.8,,,76.0,253.0,27.597882352941177,6.0,North Carolina,2014.0,2014.0,DET,10.0,-6.0,0.20754717
2020,14,00-0031387,E.Ebron,TE,PIT,BUF,0,0,0.0,0,0.0,0.0,0.0,0,0.0,0,5,2,30.0,0,5.0,7.0,,,76.0,253.0,27.597882352941177,6.0,North Carolina,2014.0,2014.0,DET,10.0,,0.13513513
2020,15,00-0031387,E.Ebron,TE,PIT,CIN,0,0,0.0,0,0.0,0.0,0.0,0,0.0,0,1,0,0.0,0,0.0,0.0,,,76.0,253.0,27.597882352941177,6.0,North Carolina,2014.0,2014.0,DET,10.0,,0.02631579
2020,16,00-0031387,E.Ebron,TE,PIT,IND,0,0,0.0,0,0.0,0.0,0.0,0,0.0,0,7,5,47.0,1,10.7,15.7,,,76.0,253.0,27.597882352941177,6.0,North Carolina,2014.0,2014.0,DET,10.0,4.0,0.14285715
2020,18,00-0031387,E.Ebron,TE,PIT,CLE,0,0,0.0,0,0.0,0.0,0.0,0,0.0,0,11,7,62.0,1,12.2,19.2,,,76.0,253.0,27.597882352941177,6.0,North Carolina,2014.0,2014.0,DET,10.0,-11.0,0.16176471
2020,9,00-0031395,G.Gilbert,QB,DAL,PIT,21,38,243.0,1,1.0,2.0,23.0,3,28.0,0,0,0,0.0,0,14.52,14.52,,,76.0,230.0,29.35625,6.0,Southern Methodist,2014.0,2014.0,STL,214.0,-5.0,
2020,1,00-0031408,M.Evans,WR,TB,NO,0,0,0.0,0,0.0,0.0,0.0,0,0.0,0,4,1,2.0,1,6.2,7.2,,,77.0,231.0,27.253949999999996,6.0,Texas A&amp;M,2014.0,2014.0,TB,7.0,,0.11764706
2020,2,00-0031408,M.Evans,WR,TB,CAR,0,0,0.0,0,0.0,0.0,0.0,0,0.0,0,10,7,104.0,1,16.4,23.4,,,77.0,231.0,27.253949999999996,6.0,Texas A&amp;M,2014.0,2014.0,TB,7.0,14.0,0.2857143
2020,3,00-0031408,M.Evans,WR,TB,DEN,0,0,0.0,0,0.0,0.0,0.0,0,0.0,0,4,2,2.0,2,12.2,14.2,,,77.0,231.0,27.253949999999996,6.0,Texas A&amp;M,2014.0,2014.0,TB,7.0,,0.11111111
2020,4,00-0031408,M.Evans,WR,TB,LAC,0,0,0.0,0,0.0,0.0,0.0,0,0.0,0,8,7,122.0,1,18.2,25.2,,,77.0,231.0,27.253949999999996,6.0,Texas A&amp;M,2014.0,2014.0,TB,7.0,7.0,0.17777778
2020,5,00-0031408,M.Evans,WR,TB,CHI,0,0,0.0,0,0.0,0.0,0.0,0,0.0,0,9,5,41.0,1,10.1,15.1,,,77.0,231.0,27.253949999999996,6.0,Texas A&amp;M,2014.0,2014.0,TB,7.0,,0.2195122
2020,6,00-0031408,M.Evans,WR,TB,GB,0,0,0.0,0,0.0,0.0,0.0,0,0.0,0,2,1,10.0,0,1.0,2.0,,,77.0,231.0,27.253949999999996,6.0,Texas A&amp;M,2014.0,2014.0,TB,7.0,28.0,0.074074075
2020,7,00-0031408,M.Evans,WR,TB,LV,0,0,0.0,0,0.0,0.0,0.0,0,0.0,0,2,2,37.0,0,3.7,5.7,,,77.0,231.0,27.253949999999996,6.0,Texas A&amp;M,2014.0,2014.0,TB,7.0,,0.048780486
2020,8,00-0031408,M.Evans,WR,TB,NYG,0,0,0.0,0,0.0,0.0,0.0,0,0.0,0,7,5,55.0,1,11.5,16.5,,,77.0,231.0,27.253949999999996,6.0,Texas A&amp;M,2014.0,2014.0,TB,7.0,,0.175
2020,9,00-0031408,M.Evans,WR,TB,NO,0,0,0.0,0,0.0,0.0,0.0,0,0.0,0,6,4,64.0,0,6.4,10.4,,,77.0,231.0,27.253949999999996,6.0,Texas A&amp;M,2014.0,2014.0,TB,7.0,-35.0,0.16216215
2020,10,00-0031408,M.Evans,WR,TB,CAR,0,0,0.0,0,0.0,0.0,0.0,0,0.0,0,11,6,77.0,1,13.7,19.7,,,77.0,231.0,27.253949999999996,6.0,Texas A&amp;M,2014.0,2014.0,TB,7.0,,0.28947368
2020,11,00-0031408,M.Evans,WR,TB,LA,0,0,0.0,0,0.0,0.0,0.0,0,0.0,0,9,5,49.0,1,10.9,15.9,,,77.0,231.0,27.253949999999996,6.0,Texas A&amp;M,2014.0,2014.0,TB,7.0,-3.0,0.19148937
2020,12,00-0031408,M.Evans,WR,TB,KC,0,0,0.0,0,0.0,0.0,0.0,0,0.0,0,9,3,50.0,2,17.0,20.0,,,77.0,231.0,27.253949999999996,6.0,Texas A&amp;M,2014.0,2014.0,TB,7.0,-3.0,0.2195122
2020,14,00-0031408,M.Evans,WR,TB,MIN,0,0,0.0,0,0.0,0.0,0.0,0,0.0,0,5,3,56.0,0,5.6,8.6,,,77.0,231.0,27.253949999999996,6.0,Texas A&amp;M,2014.0,2014.0,TB,7.0,12.0,0.22727273
2020,15,00-0031408,M.Evans,WR,TB,ATL,0,0,0.0,0,0.0,0.0,0.0,0,0.0,0,7,6,110.0,0,11.0,17.0,,,77.0,231.0,27.253949999999996,6.0,Texas A&amp;M,2014.0,2014.0,TB,7.0,,0.1627907
2020,16,00-0031408,M.Evans,WR,TB,DET,0,0,0.0,0,0.0,0.0,0.0,0,0.0,0,12,10,181.0,2,30.1,40.1,,,77.0,231.0,27.253949999999996,6.0,Texas A&amp;M,2014.0,2014.0,TB,7.0,,0.29268292
2020,17,00-0031408,M.Evans,WR,TB,ATL,0,0,0.0,0,0.0,0.0,0.0,0,0.0,0,4,3,46.0,0,4.6,7.6,,,77.0,231.0,27.253949999999996,6.0,Texas A&amp;M,2014.0,2014.0,TB,7.0,17.0,0.10526316
2020,18,00-0031408,M.Evans,WR,TB,WAS,0,0,0.0,0,0.0,0.0,0.0,0,0.0,0,10,6,119.0,0,11.9,17.9,,,77.0,231.0,27.253949999999996,6.0,Texas A&amp;M,2014.0,2014.0,TB,7.0,,0.2631579
2020,19,00-0031408,M.Evans,WR,TB,NO,0,0,0.0,0,0.0,0.0,0.0,0,0.0,0,3,1,3.0,1,6.3,7.3,,,77.0,231.0,27.253949999999996,6.0,Texas A&amp;M,2014.0,2014.0,TB,7.0,,0.09090909
2020,20,00-0031408,M.Evans,WR,TB,GB,0,0,0.0,0,0.0,0.0,0.0,0,0.0,0,8,3,51.0,1,11.1,14.1,,,77.0,231.0,27.253949999999996,6.0,Texas A&amp;M,2014.0,2014.0,TB,7.0,,0.22857143
2020,21,00-0031408,M.Evans,WR,TB,KC,0,0,0.0,0,0.0,0.0,0.0,0,0.0,0,1,1,31.0,0,3.1,4.1,,,77.0,231.0,27.253949999999996,6.0,Texas A&amp;M,2014.0,2014.0,TB,7.0,22.0,0.03448276
2020,1,00-0031428,A.Robinson,WR,CHI,DET,0,0,0.0,0,0.0,0.0,0.0,1,-1.0,0,9,5,74.0,0,7.3,12.3,,,74.0,220.0,27.216529411764704,6.0,Penn State,2014.0,2014.0,JAX,61.0,,0.25
2020,2,00-0031428,A.Robinson,WR,CHI,NYG,0,0,0.0,0,0.0,0.0,0.0,0,0.0,0,9,3,33.0,0,3.3,6.3,,,74.0,220.0,27.216529411764704,6.0,Penn State,2014.0,2014.0,JAX,61.0,4.0,0.32142857
2020,3,00-0031428,A.Robinson,WR,CHI,ATL,0,0,0.0,0,0.0,0.0,0.0,0,0.0,0,13,10,123.0,1,18.3,28.3,,,74.0,220.0,27.216529411764704,6.0,Penn State,2014.0,2014.0,JAX,61.0,,0.26530612
2020,4,00-0031428,A.Robinson,WR,CHI,IND,0,0,0.0,0,0.0,0.0,0.0,0,0.0,0,10,7,101.0,1,16.1,23.1,,,74.0,220.0,27.216529411764704,6.0,Penn State,2014.0,2014.0,JAX,61.0,-8.0,0.23809524
2020,5,00-0031428,A.Robinson,WR,CHI,TB,0,0,0.0,0,0.0,0.0,0.0,0,0.0,0,16,10,90.0,0,9.0,19.0,,,74.0,220.0,27.216529411764704,6.0,Penn State,2014.0,2014.0,JAX,61.0,1.0,0.3809524
2020,6,00-0031428,A.Robinson,WR,CHI,CAR,0,0,0.0,0,0.0,0.0,0.0,0,0.0,0,9,5,53.0,0,5.3,10.3,,,74.0,220.0,27.216529411764704,6.0,Penn State,2014.0,2014.0,JAX,61.0,,0.25
2020,7,00-0031428,A.Robinson,WR,CHI,LA,0,0,0.0,0,0.0,0.0,0.0,0,0.0,0,4,4,70.0,0,7.0,11.0,,,74.0,220.0,27.216529411764704,6.0,Penn State,2014.0,2014.0,JAX,61.0,,0.10526316
2020,8,00-0031428,A.Robinson,WR,CHI,NO,0,0,0.0,0,0.0,0.0,0.0,0,0.0,0,7,6,87.0,1,14.7,20.7,,,74.0,220.0,27.216529411764704,6.0,Penn State,2014.0,2014.0,JAX,61.0,-3.0,0.17073171
2020,9,00-0031428,A.Robinson,WR,CHI,TEN,0,0,0.0,0,0.0,0.0,0.0,0,0.0,0,9,7,81.0,0,8.1,15.1,,,74.0,220.0,27.216529411764704,6.0,Penn State,2014.0,2014.0,JAX,61.0,,0.19148937
2020,10,00-0031428,A.Robinson,WR,CHI,MIN,0,0,0.0,0,0.0,0.0,0.0,0,0.0,0,9,6,43.0,0,4.3,10.3,,,74.0,220.0,27.216529411764704,6.0,Penn State,2014.0,2014.0,JAX,61.0,-6.0,0.31034482
2020,12,00-0031428,A.Robinson,WR,CHI,GB,0,0,0.0,0,0.0,0.0,0.0,0,0.0,0,13,8,74.0,2,19.4,27.4,,,74.0,220.0,27.216529411764704,6.0,Penn State,2014.0,2014.0,JAX,61.0,,0.29545453
2020,13,00-0031428,A.Robinson,WR,CHI,DET,0,0,0.0,0,0.0,0.0,0.0,0,0.0,0,7,6,75.0,0,7.5,13.5,,,74.0,220.0,27.216529411764704,6.0,Penn State,2014.0,2014.0,JAX,61.0,-4.0,0.21212122
2020,14,00-0031428,A.Robinson,WR,CHI,HOU,0,0,0.0,0,0.0,0.0,0.0,0,0.0,0,13,9,123.0,1,18.3,27.3,,,74.0,220.0,27.216529411764704,6.0,Penn State,2014.0,2014.0,JAX,61.0,29.0,0.3939394
2020,15,00-0031428,A.Robinson,WR,CHI,MIN,0,0,0.0,0,0.0,0.0,0.0,0,0.0,0,5,4,83.0,0,8.3,12.3,,,74.0,220.0,27.216529411764704,6.0,Penn State,2014.0,2014.0,JAX,61.0,,0.23809524
2020,16,00-0031428,A.Robinson,WR,CHI,JAX,0,0,0.0,0,0.0,0.0,0.0,0,0.0,0,13,10,103.0,0,10.3,20.3,,,74.0,220.0,27.216529411764704,6.0,Penn State,2014.0,2014.0,JAX,61.0,,0.3611111
2020,17,00-0031428,A.Robinson,WR,CHI,GB,0,0,0.0,0,0.0,0.0,0.0,0,0.0,0,5,2,37.0,0,3.7,5.7,,,74.0,220.0,27.216529411764704,6.0,Penn State,2014.0,2014.0,JAX,61.0,-19.0,0.12195122
2020,18,00-0031428,A.Robinson,WR,CHI,NO,0,0,0.0,0,0.0,0.0,0.0,0,0.0,0,7,6,55.0,0,5.5,11.5,,,74.0,220.0,27.216529411764704,6.0,Penn State,2014.0,2014.0,JAX,61.0,,0.25925925
2020,1,00-0031484,C.Manhertz,TE,CAR,LV,0,0,0.0,0,0.0,0.0,0.0,0,0.0,0,1,1,4.0,0,0.4,1.4,,,78.0,255.0,28.575,5.0,Canisius,2015.0,2015.0,,,-4.0,0.029411765
2020,2,00-0031484,C.Manhertz,TE,CAR,TB,0,0,0.0,0,0.0,0.0,0.0,0,0.0,0,1,1,8.0,0,0.8,1.8,,,78.0,255.0,28.575,5.0,Canisius,2015.0,2015.0,,,,0.025
2020,4,00-0031484,C.Manhertz,TE,CAR,ARI,0,0,0.0,0,0.0,0.0,0.0,0,0.0,0,1,1,17.0,0,1.7,2.7,,,78.0,255.0,28.575,5.0,Canisius,2015.0,2015.0,,,10.0,0.027777778
2020,6,00-0031484,C.Manhertz,TE,CAR,CHI,0,0,0.0,0,0.0,0.0,0.0,0,0.0,0,2,1,6.0,0,0.6,1.6,,,78.0,255.0,28.575,5.0,Canisius,2015.0,2015.0,,,-7.0,0.074074075
2020,8,00-0031484,C.Manhertz,TE,CAR,ATL,0,0,0.0,0,0.0,0.0,0.0,0,0.0,0,1,1,6.0,0,0.6,1.6,,,78.0,255.0,28.575,5.0,Canisius,2015.0,2015.0,,,-8.0,0.03846154
2020,11,00-0031484,C.Manhertz,TE,CAR,DET,0,0,0.0,0,0.0,0.0,0.0,0,0.0,0,1,0,0.0,0,0.0,0.0,,,78.0,255.0,28.575,5.0,Canisius,2015.0,2015.0,,,20.0,0.028571429
2020,12,00-0031484,C.Manhertz,TE,CAR,MIN,0,0,0.0,0,0.0,0.0,0.0,0,0.0,0,1,1,11.0,0,1.1,2.1,,,78.0,255.0,28.575,5.0,Canisius,2015.0,2015.0,,,,0.03125
2020,9,00-0031503,J.Winston,QB,NO,TB,1,1,12.0,0,0.0,0.0,-0.0,3,-3.0,0,0,0,0.0,0,0.18,0.18,,,76.0,231.0,26.862555555555556,5.0,Florida State,2015.0,2015.0,TB,1.0,,
2020,10,00-0031503,J.Winston,QB,NO,SF,6,10,63.0,0,0.0,2.0,11.0,4,-2.0,0,0,0,0.0,0,2.32,2.32,,,76.0,231.0,26.862555555555556,5.0,Florida State,2015.0,2015.0,TB,1.0,14.0,
2020,17,00-0031503,J.Winston,QB,NO,CAR,0,0,0.0,0,0.0,0.0,0.0,1,-1.0,0,0,0,0.0,0,-0.1,-0.1,,,76.0,231.0,26.862555555555556,5.0,Florida State,2015.0,2015.0,TB,1.0,,
2020,19,00-0031503,J.Winston,QB,NO,TB,1,1,56.0,1,0.0,0.0,-0.0,0,0.0,0,0,0,0.0,0,6.24,6.24,,,76.0,231.0,26.862555555555556,5.0,Florida State,2015.0,2015.0,TB,1.0,-10.0,
2020,11,00-0031543,T.Long,P,LAC,NYJ,0,0,0.0,0,0.0,0.0,0.0,1,-28.0,0,0,0,0.0,0,-2.8,-2.8,,,74.0,205.0,27.5953125,5.0,Alabama-Birmingham,2015.0,2015.0,,,6.0,
2020,1,00-0031544,A.Cooper,WR,DAL,LA,0,0,0.0,0,0.0,0.0,0.0,0,0.0,0,14,10,81.0,0,8.1,18.1,,,73.0,211.0,26.3944375,5.0,Alabama,2015.0,2015.0,OAK,4.0,,0.3783784
2020,2,00-0031544,A.Cooper,WR,DAL,ATL,0,0,0.0,0,0.0,0.0,0.0,0,0.0,0,9,6,100.0,0,10.0,16.0,,,73.0,211.0,26.3944375,5.0,Alabama,2015.0,2015.0,OAK,4.0,1.0,0.19148937
2020,3,00-0031544,A.Cooper,WR,DAL,SEA,0,0,0.0,0,0.0,0.0,0.0,0,0.0,0,12,9,86.0,0,8.6,17.6,,,73.0,211.0,26.3944375,5.0,Alabama,2015.0,2015.0,OAK,4.0,,0.21428572
2020,4,00-0031544,A.Cooper,WR,DAL,CLE,0,0,0.0,0,0.0,0.0,0.0,0,0.0,0,16,12,134.0,1,21.4,33.4,,,73.0,211.0,26.3944375,5.0,Alabama,2015.0,2015.0,OAK,4.0,-11.0,0.27586207
2020,5,00-0031544,A.Cooper,WR,DAL,NYG,0,0,0.0,0,0.0,0.0,0.0,1,-2.0,0,4,2,23.0,0,2.1,4.1,,,73.0,211.0,26.3944375,5.0,Alabama,2015.0,2015.0,OAK,4.0,3.0,0.121212125
2020,6,00-0031544,A.Cooper,WR,DAL,ARI,0,0,0.0,0,0.0,0.0,0.0,0,0.0,0,10,7,79.0,1,13.9,20.9,,,73.0,211.0,26.3944375,5.0,Alabama,2015.0,2015.0,OAK,4.0,-28.0,0.1923077
2020,7,00-0031544,A.Cooper,WR,DAL,WAS,0,0,0.0,0,0.0,0.0,0.0,1,5.0,0,7,7,80.0,0,8.5,15.5,,,73.0,211.0,26.3944375,5.0,Alabama,2015.0,2015.0,OAK,4.0,,0.33333334
2020,8,00-0031544,A.Cooper,WR,DAL,PHI,0,0,0.0,0,0.0,0.0,0.0,0,0.0,0,5,1,5.0,0,0.5,1.5,,,73.0,211.0,26.3944375,5.0,Alabama,2015.0,2015.0,OAK,4.0,,0.13157895
2020,9,00-0031544,A.Cooper,WR,DAL,PIT,0,0,0.0,0,0.0,0.0,0.0,1,8.0,0,6,5,67.0,0,7.5,12.5,,,73.0,211.0,26.3944375,5.0,Alabama,2015.0,2015.0,OAK,4.0,-5.0,0.16216215
2020,11,00-0031544,A.Cooper,WR,DAL,MIN,0,0,0.0,0,0.0,0.0,0.0,0,0.0,0,7,6,81.0,0,8.1,14.1,,,73.0,211.0,26.3944375,5.0,Alabama,2015.0,2015.0,OAK,4.0,,0.22580644
2020,12,00-0031544,A.Cooper,WR,DAL,WAS,0,0,0.0,0,0.0,0.0,0.0,0,0.0,0,8,6,112.0,1,17.2,23.2,,,73.0,211.0,26.3944375,5.0,Alabama,2015.0,2015.0,OAK,4.0,-25.0,0.23529412
2020,13,00-0031544,A.Cooper,WR,DAL,BAL,0,0,0.0,0,0.0,0.0,0.0,1,10.0,0,9,5,43.0,1,11.3,16.3,,,73.0,211.0,26.3944375,5.0,Alabama,2015.0,2015.0,OAK,4.0,,0.2
2020,14,00-0031544,A.Cooper,WR,DAL,CIN,0,0,0.0,0,0.0,0.0,0.0,0,0.0,0,5,4,51.0,1,11.1,15.1,,,73.0,211.0,26.3944375,5.0,Alabama,2015.0,2015.0,OAK,4.0,,0.22727273
2020,15,00-0031544,A.Cooper,WR,DAL,SF,0,0,0.0,0,0.0,0.0,0.0,2,-7.0,0,3,2,10.0,0,0.3,2.3,,,73.0,211.0,26.3944375,5.0,Alabama,2015.0,2015.0,OAK,4.0,8.0,0.09375
2020,16,00-0031544,A.Cooper,WR,DAL,PHI,0,0,0.0,0,0.0,0.0,0.0,0,0.0,0,6,4,121.0,0,12.1,16.1,,,73.0,211.0,26.3944375,5.0,Alabama,2015.0,2015.0,OAK,4.0,20.0,0.2
2020,17,00-0031544,A.Cooper,WR,DAL,NYG,0,0,0.0,0,0.0,0.0,0.0,0,0.0,0,9,6,41.0,0,4.1,10.1,,,73.0,211.0,26.3944375,5.0,Alabama,2015.0,2015.0,OAK,4.0,,0.20454545
2020,1,00-0031547,D.Parker,WR,MIA,NE,0,0,0.0,0,0.0,0.0,0.0,0,0.0,0,4,4,47.0,0,4.7,8.7,,,75.0,216.0,27.8018125,5.0,Louisville,2015.0,2015.0,MIA,14.0,,0.13333334
2020,2,00-0031547,D.Parker,WR,MIA,BUF,0,0,0.0,0,0.0,0.0,0.0,0,0.0,0,8,5,53.0,1,11.3,16.3,,,75.0,216.0,27.8018125,5.0,Louisville,2015.0,2015.0,MIA,14.0,-3.0,0.17391305
2020,3,00-0031547,D.Parker,WR,MIA,JAX,0,0,0.0,0,0.0,0.0,0.0,0,0.0,0,5,5,69.0,0,6.9,11.9,,,75.0,216.0,27.8018125,5.0,Louisville,2015.0,2015.0,MIA,14.0,,0.25
2020,4,00-0031547,D.Parker,WR,MIA,SEA,0,0,0.0,0,0.0,0.0,0.0,0,0.0,0,12,10,110.0,0,11.0,21.0,,,75.0,216.0,27.8018125,5.0,Louisville,2015.0,2015.0,MIA,14.0,-8.0,0.26666668
2020,5,00-0031547,D.Parker,WR,MIA,SF,0,0,0.0,0,0.0,0.0,0.0,0,0.0,0,3,2,50.0,1,11.0,13.0,,,75.0,216.0,27.8018125,5.0,Louisville,2015.0,2015.0,MIA,14.0,,0.11111111
2020,6,00-0031547,D.Parker,WR,MIA,NYJ,0,0,0.0,0,0.0,0.0,0.0,0,0.0,0,8,3,35.0,0,3.5,6.5,,,75.0,216.0,27.8018125,5.0,Louisville,2015.0,2015.0,MIA,14.0,24.0,0.27586207
2020,8,00-0031547,D.Parker,WR,MIA,LA,0,0,0.0,0,0.0,0.0,0.0,0,0.0,0,2,1,3.0,1,6.3,7.3,,,75.0,216.0,27.8018125,5.0,Louisville,2015.0,2015.0,MIA,14.0,11.0,0.09090909
2020,9,00-0031547,D.Parker,WR,MIA,ARI,0,0,0.0,0,0.0,0.0,0.0,0,0.0,0,7,6,64.0,0,6.4,12.4,,,75.0,216.0,27.8018125,5.0,Louisville,2015.0,2015.0,MIA,14.0,,0.26923078
2020,10,00-0031547,D.Parker,WR,MIA,LAC,0,0,0.0,0,0.0,0.0,0.0,0,0.0,0,7,2,31.0,0,3.1,5.1,,,75.0,216.0,27.8018125,5.0,Louisville,2015.0,2015.0,MIA,14.0,8.0,0.29166666
2020,11,00-0031547,D.Parker,WR,MIA,DEN,0,0,0.0,0,0.0,0.0,0.0,0,0.0,0,9,6,61.0,1,12.1,18.1,,,75.0,216.0,27.8018125,5.0,Louisville,2015.0,2015.0,MIA,14.0,,0.24324325
2020,12,00-0031547,D.Parker,WR,MIA,NYJ,0,0,0.0,0,0.0,0.0,0.0,0,0.0,0,14,8,119.0,0,11.9,19.9,,,75.0,216.0,27.8018125,5.0,Louisville,2015.0,2015.0,MIA,14.0,,0.35897437
2020,13,00-0031547,D.Parker,WR,MIA,CIN,0,0,0.0,0,0.0,0.0,0.0,0,0.0,0,8,4,35.0,0,3.5,7.5,,,75.0,216.0,27.8018125,5.0,Louisville,2015.0,2015.0,MIA,14.0,12.0,0.21052632
2020,14,00-0031547,D.Parker,WR,MIA,KC,0,0,0.0,0,0.0,0.0,0.0,0,0.0,0,2,0,0.0,0,0.0,0.0,,,75.0,216.0,27.8018125,5.0,Louisville,2015.0,2015.0,MIA,14.0,-6.0,0.04347826
2020,17,00-0031547,D.Parker,WR,MIA,BUF,0,0,0.0,0,0.0,0.0,0.0,0,0.0,0,14,7,116.0,0,11.6,18.6,,,75.0,216.0,27.8018125,5.0,Louisville,2015.0,2015.0,MIA,14.0,,0.23728813
2020,1,00-0031549,N.Agholor,WR,LV,CAR,0,0,0.0,0,0.0,0.0,0.0,0,0.0,0,1,1,23.0,1,8.3,9.3,,,72.0,198.0,27.463625,5.0,Southern California,2015.0,2015.0,PHI,20.0,,0.035714287
2020,2,00-0031549,N.Agholor,WR,LV,NO,0,0,0.0,0,0.0,0.0,0.0,0,0.0,0,1,1,19.0,0,1.9,2.9,,,72.0,198.0,27.463625,5.0,Southern California,2015.0,2015.0,PHI,20.0,10.0,0.029411765
2020,3,00-0031549,N.Agholor,WR,LV,NE,0,0,0.0,0,0.0,0.0,0.0,0,0.0,0,3,2,32.0,0,3.2,5.2,,,72.0,198.0,27.463625,5.0,Southern California,2015.0,2015.0,PHI,20.0,,0.09375
2020,4,00-0031549,N.Agholor,WR,LV,BUF,0,0,0.0,0,0.0,0.0,0.0,0,0.0,0,4,4,44.0,1,10.4,14.4,,,72.0,198.0,27.463625,5.0,Southern California,2015.0,2015.0,PHI,20.0,-7.0,0.093023255
2020,5,00-0031549,N.Agholor,WR,LV,KC,0,0,0.0,0,0.0,0.0,0.0,0,0.0,0,2,2,67.0,1,12.7,14.7,,,72.0,198.0,27.463625,5.0,Southern California,2015.0,2015.0,PHI,20.0,,0.06451613
2020,7,00-0031549,N.Agholor,WR,LV,TB,0,0,0.0,0,0.0,0.0,0.0,0,0.0,0,9,5,107.0,1,16.7,21.7,,,72.0,198.0,27.463625,5.0,Southern California,2015.0,2015.0,PHI,20.0,-25.0,0.25
2020,8,00-0031549,N.Agholor,WR,LV,CLE,0,0,0.0,0,0.0,0.0,0.0,0,0.0,0,2,0,0.0,0,0.0,0.0,,,72.0,198.0,27.463625,5.0,Southern California,2015.0,2015.0,PHI,20.0,,0.09090909
2020,9,00-0031549,N.Agholor,WR,LV,LAC,0,0,0.0,0,0.0,0.0,0.0,0,0.0,0,3,2,55.0,1,11.5,13.5,,,72.0,198.0,27.463625,5.0,Southern California,2015.0,2015.0,PHI,20.0,,0.13043478
2020,10,00-0031549,N.Agholor,WR,LV,DEN,0,0,0.0,0,0.0,0.0,0.0,0,0.0,0,4,1,8.0,0,0.8,1.8,,,72.0,198.0,27.463625,5.0,Southern California,2015.0,2015.0,PHI,20.0,25.0,0.18181819
2020,11,00-0031549,N.Agholor,WR,LV,KC,0,0,0.0,0,0.0,0.0,0.0,0,0.0,0,9,6,88.0,1,14.8,20.8,,,72.0,198.0,27.463625,5.0,Southern California,2015.0,2015.0,PHI,20.0,-4.0,0.31034482
2020,12,00-0031549,N.Agholor,WR,LV,ATL,0,0,0.0,0,0.0,0.0,0.0,0,0.0,0,6,5,54.0,0,5.4,10.4,,,72.0,198.0,27.463625,5.0,Southern California,2015.0,2015.0,PHI,20.0,,0.16216215
2020,13,00-0031549,N.Agholor,WR,LV,NYJ,0,0,0.0,0,0.0,0.0,0.0,0,0.0,0,11,4,38.0,0,3.8,7.8,,,72.0,198.0,27.463625,5.0,Southern California,2015.0,2015.0,PHI,20.0,,0.23913044
2020,14,00-0031549,N.Agholor,WR,LV,IND,0,0,0.0,0,0.0,0.0,0.0,0,0.0,0,9,5,100.0,1,16.0,21.0,,,72.0,198.0,27.463625,5.0,Southern California,2015.0,2015.0,PHI,20.0,-17.0,0.2
2020,15,00-0031549,N.Agholor,WR,LV,LAC,0,0,0.0,0,0.0,0.0,0.0,0,0.0,0,8,4,49.0,0,4.9,8.9,,,72.0,198.0,27.463625,5.0,Southern California,2015.0,2015.0,PHI,20.0,-3.0,0.26666668
2020,16,00-0031549,N.Agholor,WR,LV,MIA,0,0,0.0,0,0.0,0.0,0.0,0,0.0,0,6,5,155.0,1,21.5,26.5,,,72.0,198.0,27.463625,5.0,Southern California,2015.0,2015.0,PHI,20.0,-1.0,0.2
2020,17,00-0031549,N.Agholor,WR,LV,DEN,0,0,0.0,0,0.0,0.0,0.0,0,0.0,0,4,1,57.0,0,5.7,6.7,,,72.0,198.0,27.463625,5.0,Southern California,2015.0,2015.0,PHI,20.0,,0.114285715
2020,1,00-0031558,M.Williams,TE,ARI,SF,0,0,0.0,0,0.0,0.0,0.0,0,0.0,0,2,0,0.0,0,0.0,0.0,,,76.0,252.0,26.5769375,5.0,Minnesota,2015.0,2015.0,BAL,55.0,,0.054054055
2020,9,00-0031558,M.Williams,TE,ARI,MIA,0,0,0.0,0,0.0,0.0,0.0,0,0.0,0,1,1,4.0,1,6.4,7.4,,,76.0,252.0,26.5769375,5.0,Minnesota,2015.0,2015.0,BAL,55.0,-3.0,0.03846154
2020,11,00-0031558,M.Williams,TE,ARI,SEA,0,0,0.0,0,0.0,0.0,0.0,0,0.0,0,2,2,29.0,0,2.9,4.9,,,76.0,252.0,26.5769375,5.0,Minnesota,2015.0,2015.0,BAL,55.0,,0.051282052
2020,12,00-0031558,M.Williams,TE,ARI,NE,0,0,0.0,0,0.0,0.0,0.0,0,0.0,0,2,2,10.0,0,1.0,3.0,,,76.0,252.0,26.5769375,5.0,Minnesota,2015.0,2015.0,BAL,55.0,,0.05882353
2020,14,00-0031558,M.Williams,TE,ARI,NYG,0,0,0.0,0,0.0,0.0,0.0,0,0.0,0,2,2,17.0,0,1.7,3.7,,,76.0,252.0,26.5769375,5.0,Minnesota,2015.0,2015.0,BAL,55.0,,0.0625
2020,15,00-0031558,M.Williams,TE,ARI,PHI,0,0,0.0,0,0.0,0.0,0.0,0,0.0,0,1,1,42.0,0,4.2,5.2,,,76.0,252.0,26.5769375,5.0,Minnesota,2015.0,2015.0,BAL,55.0,7.0,0.027027028
2020,1,00-0031585,M.Pruitt,TE,TEN,DEN,0,0,0.0,0,0.0,0.0,0.0,0,0.0,0,1,1,1.0,1,6.1,7.1,,,74.0,243.0,28.642705882352942,5.0,Southern Illinois,2015.0,2015.0,MIN,143.0,,0.025
2020,3,00-0031585,M.Pruitt,TE,TEN,MIN,0,0,0.0,0,0.0,0.0,0.0,0,0.0,0,2,2,16.0,0,1.6,3.6,,,74.0,243.0,28.642705882352942,5.0,Southern Illinois,2015.0,2015.0,MIN,143.0,,0.060606062
2020,8,00-0031585,M.Pruitt,TE,TEN,CIN,0,0,0.0,0,0.0,0.0,0.0,0,0.0,0,1,0,0.0,0,0.0,0.0,,,74.0,243.0,28.642705882352942,5.0,Southern Illinois,2015.0,2015.0,MIN,143.0,,0.03448276
2020,13,00-0031585,M.Pruitt,TE,TEN,CLE,0,0,0.0,0,0.0,0.0,0.0,0,0.0,0,2,1,22.0,1,8.2,9.2,,,74.0,243.0,28.642705882352942,5.0,Southern Illinois,2015.0,2015.0,MIN,143.0,-6.0,0.04761905
2020,15,00-0031585,M.Pruitt,TE,TEN,DET,0,0,0.0,0,0.0,0.0,0.0,0,0.0,0,2,1,10.0,0,1.0,2.0,,,74.0,243.0,28.642705882352942,5.0,Southern Illinois,2015.0,2015.0,MIN,143.0,21.0,0.07692308
2020,1,00-0031588,S.Diggs,WR,BUF,NYJ,0,0,0.0,0,0.0,0.0,0.0,0,0.0,0,9,8,86.0,0,8.6,16.6,,,72.0,191.0,26.971684210526316,5.0,Maryland,2015.0,2015.0,MIN,146.0,10.0,0.2
2020,2,00-0031588,S.Diggs,WR,BUF,MIA,0,0,0.0,0,0.0,0.0,0.0,0,0.0,0,13,8,153.0,1,21.3,29.3,,,72.0,191.0,26.971684210526316,5.0,Maryland,2015.0,2015.0,MIN,146.0,,0.37142858
2020,3,00-0031588,S.Diggs,WR,BUF,LA,0,0,0.0,0,0.0,0.0,0.0,0,0.0,0,6,4,49.0,1,10.9,14.9,,,72.0,191.0,26.971684210526316,5.0,Maryland,2015.0,2015.0,MIN,146.0,3.0,0.1875
2020,4,00-0031588,S.Diggs,WR,BUF,LV,0,0,0.0,0,0.0,0.0,0.0,0,0.0,0,7,6,115.0,0,11.5,17.5,,,72.0,191.0,26.971684210526316,5.0,Maryland,2015.0,2015.0,MIN,146.0,,0.21875
2020,5,00-0031588,S.Diggs,WR,BUF,TEN,0,0,0.0,0,0.0,0.0,0.0,0,0.0,0,16,10,106.0,0,10.6,20.6,,,72.0,191.0,26.971684210526316,5.0,Maryland,2015.0,2015.0,MIN,146.0,,0.35555556
2020,6,00-0031588,S.Diggs,WR,BUF,KC,0,0,0.0,0,0.0,0.0,0.0,0,0.0,0,8,6,46.0,1,10.6,16.6,,,72.0,191.0,26.971684210526316,5.0,Maryland,2015.0,2015.0,MIN,146.0,-9.0,0.32
2020,7,00-0031588,S.Diggs,WR,BUF,NYJ,0,0,0.0,0,0.0,0.0,0.0,0,0.0,0,11,6,48.0,0,4.8,10.8,,,72.0,191.0,26.971684210526316,5.0,Maryland,2015.0,2015.0,MIN,146.0,,0.2682927
2020,8,00-0031588,S.Diggs,WR,BUF,NE,0,0,0.0,0,0.0,0.0,0.0,0,0.0,0,9,6,92.0,0,9.2,15.2,,,72.0,191.0,26.971684210526316,5.0,Maryland,2015.0,2015.0,MIN,146.0,3.0,0.5
2020,9,00-0031588,S.Diggs,WR,BUF,SEA,0,0,0.0,0,0.0,0.0,0.0,0,0.0,0,12,9,118.0,0,11.8,20.8,,,72.0,191.0,26.971684210526316,5.0,Maryland,2015.0,2015.0,MIN,146.0,10.0,0.31578946
2020,10,00-0031588,S.Diggs,WR,BUF,ARI,0,0,0.0,0,0.0,0.0,0.0,0,0.0,0,10,10,93.0,1,15.3,25.3,,,72.0,191.0,26.971684210526316,5.0,Maryland,2015.0,2015.0,MIN,146.0,,0.22222222
2020,12,00-0031588,S.Diggs,WR,BUF,LAC,0,0,0.0,0,0.0,0.0,0.0,0,0.0,0,9,7,39.0,0,3.9,10.9,,,72.0,191.0,26.971684210526316,5.0,Maryland,2015.0,2015.0,MIN,146.0,10.0,0.375
2020,13,00-0031588,S.Diggs,WR,BUF,SF,0,0,0.0,0,0.0,0.0,0.0,0,0.0,0,10,10,92.0,0,9.2,19.2,,,72.0,191.0,26.971684210526316,5.0,Maryland,2015.0,2015.0,MIN,146.0,,0.27027026
2020,14,00-0031588,S.Diggs,WR,BUF,PIT,0,0,0.0,0,0.0,0.0,0.0,1,1.0,0,14,10,130.0,1,19.1,29.1,,,72.0,191.0,26.971684210526316,5.0,Maryland,2015.0,2015.0,MIN,146.0,11.0,0.33333334
2020,15,00-0031588,S.Diggs,WR,BUF,DEN,0,0,0.0,0,0.0,0.0,0.0,0,0.0,0,13,11,147.0,0,14.7,25.7,,,72.0,191.0,26.971684210526316,5.0,Maryland,2015.0,2015.0,MIN,146.0,,0.34210527
2020,16,00-0031588,S.Diggs,WR,BUF,NE,0,0,0.0,0,0.0,0.0,0.0,0,0.0,0,11,9,145.0,3,32.5,41.5,,,72.0,191.0,26.971684210526316,5.0,Maryland,2015.0,2015.0,MIN,146.0,,0.28947368
2020,17,00-0031588,S.Diggs,WR,BUF,MIA,0,0,0.0,0,0.0,0.0,0.0,0,0.0,0,8,7,76.0,0,7.6,14.6,,,72.0,191.0,26.971684210526316,5.0,Maryland,2015.0,2015.0,MIN,146.0,30.0,0.21621622
2020,18,00-0031588,S.Diggs,WR,BUF,IND,0,0,0.0,0,0.0,0.0,0.0,0,0.0,0,9,6,128.0,1,18.8,24.8,,,72.0,191.0,26.971684210526316,5.0,Maryland,2015.0,2015.0,MIN,146.0,3.0,0.2647059
2020,19,00-0031588,S.Diggs,WR,BUF,BAL,0,0,0.0,0,0.0,0.0,0.0,0,0.0,0,11,8,106.0,1,16.6,24.6,,,72.0,191.0,26.971684210526316,5.0,Maryland,2015.0,2015.0,MIN,146.0,14.0,0.31428573
2020,20,00-0031588,S.Diggs,WR,BUF,KC,0,0,0.0,0,0.0,0.0,0.0,0,0.0,0,11,6,77.0,0,7.7,13.7,,,72.0,191.0,26.971684210526316,5.0,Maryland,2015.0,2015.0,MIN,146.0,,0.25
2020,4,00-0031595,M.Burton,FB,NO,DET,0,0,0.0,0,0.0,0.0,0.0,1,4.0,0,1,1,3.0,0,0.7,1.7,,,72.0,240.0,28.792777777777776,5.0,Rutgers,2015.0,2015.0,DET,168.0,,0.04
2020,5,00-0031595,M.Burton,FB,NO,LAC,0,0,0.0,0,0.0,0.0,0.0,2,2.0,0,0,0,0.0,0,0.2,0.2,,,72.0,240.0,28.792777777777776,5.0,Rutgers,2015.0,2015.0,DET,168.0,3.0,
2020,8,00-0031595,M.Burton,FB,NO,CHI,0,0,0.0,0,0.0,0.0,0.0,1,1.0,0,0,0,0.0,0,0.1,0.1,,,72.0,240.0,28.792777777777776,5.0,Rutgers,2015.0,2015.0,DET,168.0,,
2020,9,00-0031595,M.Burton,FB,NO,TB,0,0,0.0,0,0.0,0.0,0.0,1,1.0,0,1,1,12.0,0,1.3,2.3,,,72.0,240.0,28.792777777777776,5.0,Rutgers,2015.0,2015.0,DET,168.0,,0.029411765
2020,15,00-0031595,M.Burton,FB,NO,KC,0,0,0.0,0,0.0,0.0,0.0,0,0.0,0,1,1,9.0,0,0.9,1.9,,,72.0,240.0,28.792777777777776,5.0,Rutgers,2015.0,2015.0,DET,168.0,-3.0,0.030303031
2020,16,00-0031595,M.Burton,FB,NO,MIN,0,0,0.0,0,0.0,0.0,0.0,2,10.0,0,1,1,4.0,0,1.4,2.4,,,72.0,240.0,28.792777777777776,5.0,Rutgers,2015.0,2015.0,DET,168.0,19.0,0.035714287
2020,18,00-0031595,M.Burton,FB,NO,CHI,0,0,0.0,0,0.0,0.0,0.0,0,0.0,0,2,2,15.0,0,1.5,3.5,,,72.0,240.0,28.792777777777776,5.0,Rutgers,2015.0,2015.0,DET,168.0,12.0,0.055555556
2020,19,00-0031595,M.Burton,FB,NO,TB,0,0,0.0,0,0.0,0.0,0.0,0,0.0,0,1,0,0.0,0,0.0,0.0,,,72.0,240.0,28.792777777777776,5.0,Rutgers,2015.0,2015.0,DET,168.0,-10.0,0.028571429
2020,1,00-0031598,N.Boyle,TE,BAL,CLE,0,0,0.0,0,0.0,0.0,0.0,0,0.0,0,3,2,3.0,0,0.3,2.3,,,76.0,270.0,27.74672222222222,5.0,Delaware,2015.0,2015.0,BAL,171.0,32.0,0.12
2020,2,00-0031598,N.Boyle,TE,BAL,HOU,0,0,0.0,0,0.0,0.0,0.0,0,0.0,0,1,1,11.0,0,1.1,2.1,,,76.0,270.0,27.74672222222222,5.0,Delaware,2015.0,2015.0,BAL,171.0,,0.04347826
2020,3,00-0031598,N.Boyle,TE,BAL,KC,0,0,0.0,0,0.0,0.0,0.0,0,0.0,0,1,1,5.0,1,6.5,7.5,,,76.0,270.0,27.74672222222222,5.0,Delaware,2015.0,2015.0,BAL,171.0,-14.0,0.037037037
2020,4,00-0031598,N.Boyle,TE,BAL,WAS,0,0,0.0,0,0.0,0.0,0.0,0,0.0,0,1,1,9.0,0,0.9,1.9,,,76.0,270.0,27.74672222222222,5.0,Delaware,2015.0,2015.0,BAL,171.0,,0.04347826
2020,5,00-0031598,N.Boyle,TE,BAL,CIN,0,0,0.0,0,0.0,0.0,0.0,0,0.0,0,2,1,2.0,0,0.2,1.2,,,76.0,270.0,27.74672222222222,5.0,Delaware,2015.0,2015.0,BAL,171.0,24.0,0.055555556
2020,6,00-0031598,N.Boyle,TE,BAL,PHI,0,0,0.0,0,0.0,0.0,0.0,0,0.0,0,3,3,33.0,1,9.3,12.3,,,76.0,270.0,27.74672222222222,5.0,Delaware,2015.0,2015.0,BAL,171.0,,0.12
2020,8,00-0031598,N.Boyle,TE,BAL,PIT,0,0,0.0,0,0.0,0.0,0.0,0,0.0,0,1,0,0.0,0,0.0,0.0,,,76.0,270.0,27.74672222222222,5.0,Delaware,2015.0,2015.0,BAL,171.0,-4.0,0.03846154
2020,9,00-0031598,N.Boyle,TE,BAL,IND,0,0,0.0,0,0.0,0.0,0.0,0,0.0,0,4,4,46.0,0,4.6,8.6,,,76.0,270.0,27.74672222222222,5.0,Delaware,2015.0,2015.0,BAL,171.0,,0.17391305
2020,10,00-0031598,N.Boyle,TE,BAL,NE,0,0,0.0,0,0.0,0.0,0.0,0,0.0,0,1,1,4.0,0,0.4,1.4,,,76.0,270.0,27.74672222222222,5.0,Delaware,2015.0,2015.0,BAL,171.0,,0.029411765
2020,1,00-0031610,D.Waller,TE,LV,CAR,0,0,0.0,0,0.0,0.0,0.0,0,0.0,0,8,6,45.0,0,4.5,10.5,,,78.0,255.0,28.156375,5.0,Georgia Tech,2015.0,2015.0,BAL,204.0,,0.2857143
2020,2,00-0031610,D.Waller,TE,LV,NO,0,0,0.0,0,0.0,0.0,0.0,0,0.0,0,16,12,105.0,1,16.5,28.5,,,78.0,255.0,28.156375,5.0,Georgia Tech,2015.0,2015.0,BAL,204.0,10.0,0.47058824
2020,3,00-0031610,D.Waller,TE,LV,NE,0,0,0.0,0,0.0,0.0,0.0,0,0.0,0,4,2,9.0,0,0.9,2.9,,,78.0,255.0,28.156375,5.0,Georgia Tech,2015.0,2015.0,BAL,204.0,,0.125
2020,4,00-0031610,D.Waller,TE,LV,BUF,0,0,0.0,0,0.0,0.0,0.0,0,0.0,0,11,9,88.0,0,6.8,15.8,,,78.0,255.0,28.156375,5.0,Georgia Tech,2015.0,2015.0,BAL,204.0,-7.0,0.25581396
2020,5,00-0031610,D.Waller,TE,LV,KC,0,0,0.0,0,0.0,0.0,0.0,0,0.0,0,7,5,48.0,1,10.8,15.8,,,78.0,255.0,28.156375,5.0,Georgia Tech,2015.0,2015.0,BAL,204.0,,0.22580644
2020,7,00-0031610,D.Waller,TE,LV,TB,0,0,0.0,0,0.0,0.0,0.0,0,0.0,0,9,6,50.0,1,11.0,17.0,,,78.0,255.0,28.156375,5.0,Georgia Tech,2015.0,2015.0,BAL,204.0,-25.0,0.25
2020,8,00-0031610,D.Waller,TE,LV,CLE,0,0,0.0,0,0.0,0.0,0.0,0,0.0,0,6,5,27.0,0,2.7,7.7,,,78.0,255.0,28.156375,5.0,Georgia Tech,2015.0,2015.0,BAL,204.0,,0.27272728
2020,9,00-0031610,D.Waller,TE,LV,LAC,0,0,0.0,0,0.0,0.0,0.0,0,0.0,0,10,5,22.0,1,8.2,13.2,,,78.0,255.0,28.156375,5.0,Georgia Tech,2015.0,2015.0,BAL,204.0,,0.4347826
2020,10,00-0031610,D.Waller,TE,LV,DEN,0,0,0.0,0,0.0,0.0,0.0,0,0.0,0,5,3,37.0,0,3.7,6.7,,,78.0,255.0,28.156375,5.0,Georgia Tech,2015.0,2015.0,BAL,204.0,25.0,0.22727273
2020,11,00-0031610,D.Waller,TE,LV,KC,0,0,0.0,0,0.0,0.0,0.0,0,0.0,0,7,7,88.0,1,14.8,21.8,,,78.0,255.0,28.156375,5.0,Georgia Tech,2015.0,2015.0,BAL,204.0,-4.0,0.2413793
2020,12,00-0031610,D.Waller,TE,LV,ATL,0,0,0.0,0,0.0,0.0,0.0,0,0.0,0,7,4,23.0,0,2.3,6.3,,,78.0,255.0,28.156375,5.0,Georgia Tech,2015.0,2015.0,BAL,204.0,,0.1891892
2020,13,00-0031610,D.Waller,TE,LV,NYJ,0,0,0.0,0,0.0,0.0,0.0,0,0.0,0,17,13,200.0,2,32.0,45.0,,,78.0,255.0,28.156375,5.0,Georgia Tech,2015.0,2015.0,BAL,204.0,,0.36956522
2020,14,00-0031610,D.Waller,TE,LV,IND,0,0,0.0,0,0.0,0.0,0.0,0,0.0,0,10,7,75.0,0,7.5,14.5,,,78.0,255.0,28.156375,5.0,Georgia Tech,2015.0,2015.0,BAL,204.0,-17.0,0.22222222
2020,15,00-0031610,D.Waller,TE,LV,LAC,0,0,0.0,0,0.0,0.0,0.0,0,0.0,0,12,9,150.0,1,21.0,30.0,,,78.0,255.0,28.156375,5.0,Georgia Tech,2015.0,2015.0,BAL,204.0,-3.0,0.4
2020,16,00-0031610,D.Waller,TE,LV,MIA,0,0,0.0,0,0.0,0.0,0.0,0,0.0,0,6,5,112.0,0,11.2,16.2,,,78.0,255.0,28.156375,5.0,Georgia Tech,2015.0,2015.0,BAL,204.0,-1.0,0.2
2020,17,00-0031610,D.Waller,TE,LV,DEN,0,0,0.0,0,0.0,0.0,0.0,0,0.0,0,10,9,117.0,1,17.7,26.7,,,78.0,255.0,28.156375,5.0,Georgia Tech,2015.0,2015.0,BAL,204.0,,0.2857143
2020,1,00-0031687,R.Mostert,RB,SF,ARI,0,0,0.0,0,0.0,0.0,0.0,15,56.0,0,5,4,95.0,1,21.1,25.1,,,70.0,197.0,28.5803125,5.0,Purdue,2015.0,2015.0,,,-4.0,0.15625
2020,2,00-0031687,R.Mostert,RB,SF,NYJ,0,0,0.0,0,0.0,0.0,0.0,8,92.0,1,2,2,15.0,0,16.7,18.7,,,70.0,197.0,28.5803125,5.0,Purdue,2015.0,2015.0,,,,0.074074075
2020,5,00-0031687,R.Mostert,RB,SF,MIA,0,0,0.0,0,0.0,0.0,0.0,11,90.0,0,3,3,29.0,0,11.9,14.9,,,70.0,197.0,28.5803125,5.0,Purdue,2015.0,2015.0,,,-26.0,0.08571429
2020,6,00-0031687,R.Mostert,RB,SF,LA,0,0,0.0,0,0.0,0.0,0.0,17,65.0,0,2,2,11.0,0,7.6,9.6,,,70.0,197.0,28.5803125,5.0,Purdue,2015.0,2015.0,,,8.0,0.0625
2020,12,00-0031687,R.Mostert,RB,SF,LA,0,0,0.0,0,0.0,0.0,0.0,16,43.0,1,2,2,0.0,0,8.3,10.3,,,70.0,197.0,28.5803125,5.0,Purdue,2015.0,2015.0,,,,0.05882353
2020,13,00-0031687,R.Mostert,RB,SF,BUF,0,0,0.0,0,0.0,0.0,0.0,9,42.0,0,1,1,1.0,0,4.3,5.3,,,70.0,197.0,28.5803125,5.0,Purdue,2015.0,2015.0,,,-10.0,0.025641026
2020,14,00-0031687,R.Mostert,RB,SF,WAS,0,0,0.0,0,0.0,0.0,0.0,14,65.0,0,4,2,5.0,0,7.0,9.0,,,70.0,197.0,28.5803125,5.0,Purdue,2015.0,2015.0,,,-8.0,0.09090909
2020,15,00-0031687,R.Mostert,RB,SF,DAL,0,0,0.0,0,0.0,0.0,0.0,14,68.0,0,0,0,0.0,0,6.8,6.8,,,70.0,197.0,28.5803125,5.0,Purdue,2015.0,2015.0,,,,
2020,15,00-0031690,E.Tomlinson,TE,BAL,JAX,0,0,0.0,0,0.0,0.0,0.0,0,0.0,0,1,0,0.0,0,0.0,0.0,,,78.0,263.0,28.56736842105263,5.0,Texas-El Paso,2015.0,2015.0,,,26.0,0.03846154
2020,1,00-0031763,D.Carter,WR,HOU,KC,0,0,0.0,0,0.0,0.0,0.0,0,0.0,0,2,1,8.0,0,0.8,1.8,,,68.0,190.0,27.591882352941177,5.0,Sacramento State,2015.0,2015.0,,,,0.06451613
2020,18,00-0031763,D.Carter,WR,CHI,NO,0,0,0.0,0,0.0,0.0,0.0,1,3.0,0,4,3,17.0,0,2.0,5.0,,,68.0,190.0,27.591882352941177,5.0,Sacramento State,2015.0,2015.0,,,,0.14814815
2020,15,00-0031787,J.Kumerow,WR,BUF,DEN,0,0,0.0,0,0.0,0.0,0.0,0,0.0,0,1,1,22.0,1,8.2,9.2,,,76.0,209.0,28.74377777777778,5.0,Wisconsin-Whitewater,2015.0,2015.0,,,,0.02631579
2020,16,00-0031800,T.Heinicke,QB,WAS,CAR,12,19,137.0,1,0.0,1.0,7.0,3,22.0,0,0,0,0.0,0,11.68,11.68,,,73.0,210.0,27.785800000000002,5.0,Old Dominion,2015.0,2015.0,,,-7.0,
2020,18,00-0031800,T.Heinicke,QB,WAS,TB,26,44,306.0,1,1.0,2.0,17.0,6,46.0,1,0,0,0.0,0,24.84,24.84,,,73.0,210.0,27.785800000000002,5.0,Old Dominion,2015.0,2015.0,,,-8.0,
2020,1,00-0031806,M.Brown,RB,LA,DAL,0,0,0.0,0,0.0,0.0,0.0,18,79.0,2,4,3,31.0,0,23.0,26.0,,,71.0,222.0,27.505000000000003,5.0,Texas,2015.0,2015.0,,,3.0,0.14285715
2020,2,00-0031806,M.Brown,RB,LA,PHI,0,0,0.0,0,0.0,0.0,0.0,11,47.0,0,0,0,0.0,0,4.7,4.7,,,71.0,222.0,27.505000000000003,5.0,Texas,2015.0,2015.0,,,,
2020,3,00-0031806,M.Brown,RB,LA,BUF,0,0,0.0,0,0.0,0.0,0.0,7,19.0,0,2,0,0.0,0,1.9,1.9,,,71.0,222.0,27.505000000000003,5.0,Texas,2015.0,2015.0,,,,0.06451613
2020,4,00-0031806,M.Brown,RB,LA,NYG,0,0,0.0,0,0.0,0.0,0.0,9,38.0,0,6,5,19.0,0,5.7,10.7,,,71.0,222.0,27.505000000000003,5.0,Texas,2015.0,2015.0,,,8.0,0.1875
2020,5,00-0031806,M.Brown,RB,LA,WAS,0,0,0.0,0,0.0,0.0,0.0,8,30.0,0,2,1,-6.0,0,2.4,3.4,,,71.0,222.0,27.505000000000003,5.0,Texas,2015.0,2015.0,,,,0.06896552
2020,6,00-0031806,M.Brown,RB,LA,SF,0,0,0.0,0,0.0,0.0,0.0,2,4.0,0,4,3,18.0,0,2.2,5.2,,,71.0,222.0,27.505000000000003,5.0,Texas,2015.0,2015.0,,,,0.10810811
2020,7,00-0031806,M.Brown,RB,LA,CHI,0,0,0.0,0,0.0,0.0,0.0,10,57.0,1,1,0,0.0,0,11.7,11.7,,,71.0,222.0,27.505000000000003,5.0,Texas,2015.0,2015.0,,,14.0,0.032258064
2020,8,00-0031806,M.Brown,RB,LA,MIA,0,0,0.0,0,0.0,0.0,0.0,10,40.0,0,2,2,17.0,0,5.7,7.7,,,71.0,222.0,27.505000000000003,5.0,Texas,2015.0,2015.0,,,,0.03508772
2020,10,00-0031806,M.Brown,RB,LA,SEA,0,0,0.0,0,0.0,0.0,0.0,6,33.0,2,2,2,18.0,0,17.1,19.1,,,71.0,222.0,27.505000000000003,5.0,Texas,2015.0,2015.0,,,7.0,0.055555556
2020,11,00-0031806,M.Brown,RB,LA,TB,0,0,0.0,0,0.0,0.0,0.0,3,20.0,0,1,1,8.0,0,2.8,3.8,,,71.0,222.0,27.505000000000003,5.0,Texas,2015.0,2015.0,,,,0.020408163
2020,12,00-0031806,M.Brown,RB,LA,SF,0,0,0.0,0,0.0,0.0,0.0,3,4.0,0,2,2,15.0,0,-0.1,1.9,,,71.0,222.0,27.505000000000003,5.0,Texas,2015.0,2015.0,,,-3.0,0.06666667
2020,13,00-0031806,M.Brown,RB,LA,ARI,0,0,0.0,0,0.0,0.0,0.0,3,-3.0,0,1,1,30.0,0,2.7,3.7,,,71.0,222.0,27.505000000000003,5.0,Texas,2015.0,2015.0,,,,0.022727273
2020,14,00-0031806,M.Brown,RB,LA,NE,0,0,0.0,0,0.0,0.0,0.0,0,0.0,0,1,0,0.0,0,0.0,0.0,,,71.0,222.0,27.505000000000003,5.0,Texas,2015.0,2015.0,,,21.0,0.041666668
2020,15,00-0031806,M.Brown,RB,LA,NYJ,0,0,0.0,0,0.0,0.0,0.0,1,4.0,0,1,1,6.0,0,1.0,2.0,,,71.0,222.0,27.505000000000003,5.0,Texas,2015.0,2015.0,,,-3.0,0.033333335
2020,16,00-0031806,M.Brown,RB,LA,SEA,0,0,0.0,0,0.0,0.0,0.0,7,27.0,0,3,1,8.0,0,3.5,4.5,,,71.0,222.0,27.505000000000003,5.0,Texas,2015.0,2015.0,,,,0.07317073
2020,17,00-0031806,M.Brown,RB,LA,ARI,0,0,0.0,0,0.0,0.0,0.0,3,20.0,0,1,1,-2.0,0,1.8,2.8,,,71.0,222.0,27.505000000000003,5.0,Texas,2015.0,2015.0,,,11.0,0.027027028
2020,18,00-0031806,M.Brown,RB,LA,SEA,0,0,0.0,0,0.0,0.0,0.0,9,30.0,0,1,1,9.0,0,3.9,4.9,,,71.0,222.0,27.505000000000003,5.0,Texas,2015.0,2015.0,,,,0.041666668
2020,19,00-0031806,M.Brown,RB,LA,GB,0,0,0.0,0,0.0,0.0,0.0,0,0.0,0,1,1,4.0,0,0.4,1.4,,,71.0,222.0,27.505000000000003,5.0,Texas,2015.0,2015.0,,,,0.03846154
2020,2,00-0031868,D.Byrd,WR,NE,SEA,0,0,0.0,0,0.0,0.0,0.0,0,0.0,0,9,6,72.0,0,7.2,13.2,,,69.0,180.0,27.7858125,5.0,South Carolina,2015.0,2015.0,,,,0.20930232
2020,3,00-0031868,D.Byrd,WR,NE,LV,0,0,0.0,0,0.0,0.0,0.0,0,0.0,0,3,3,27.0,0,2.7,5.7,,,69.0,180.0,27.7858125,5.0,South Carolina,2015.0,2015.0,,,16.0,0.10714286
2020,4,00-0031868,D.Byrd,WR,NE,KC,0,0,0.0,0,0.0,0.0,0.0,0,0.0,0,10,5,80.0,0,8.0,13.0,,,69.0,180.0,27.7858125,5.0,South Carolina,2015.0,2015.0,,,,0.2857143
2020,6,00-0031868,D.Byrd,WR,NE,DEN,0,0,0.0,0,0.0,0.0,0.0,0,0.0,0,4,3,38.0,0,3.8,6.8,,,69.0,180.0,27.7858125,5.0,South Carolina,2015.0,2015.0,,,-6.0,0.14814815
2020,7,00-0031868,D.Byrd,WR,NE,SF,0,0,0.0,0,0.0,0.0,0.0,0,0.0,0,2,1,16.0,0,1.6,2.6,,,69.0,180.0,27.7858125,5.0,South Carolina,2015.0,2015.0,,,-27.0,0.09090909
2020,8,00-0031868,D.Byrd,WR,NE,BUF,0,0,0.0,0,0.0,0.0,0.0,0,0.0,0,4,3,39.0,0,3.9,6.9,,,69.0,180.0,27.7858125,5.0,South Carolina,2015.0,2015.0,,,,0.17391305
2020,9,00-0031868,D.Byrd,WR,NE,NYJ,0,0,0.0,0,0.0,0.0,0.0,0,0.0,0,9,5,65.0,0,6.5,11.5,,,69.0,180.0,27.7858125,5.0,South Carolina,2015.0,2015.0,,,,0.2647059
2020,11,00-0031868,D.Byrd,WR,NE,HOU,0,0,0.0,0,0.0,0.0,0.0,1,11.0,0,7,6,132.0,1,20.3,26.3,,,69.0,180.0,27.7858125,5.0,South Carolina,2015.0,2015.0,,,,0.18421052
2020,12,00-0031868,D.Byrd,WR,NE,ARI,0,0,0.0,0,0.0,0.0,0.0,0,0.0,0,8,3,33.0,0,3.3,6.3,,,69.0,180.0,27.7858125,5.0,South Carolina,2015.0,2015.0,,,3.0,0.47058824
2020,13,00-0031868,D.Byrd,WR,NE,LAC,0,0,0.0,0,0.0,0.0,0.0,0,0.0,0,3,2,16.0,0,1.6,3.6,,,69.0,180.0,27.7858125,5.0,South Carolina,2015.0,2015.0,,,,0.14285715
2020,14,00-0031868,D.Byrd,WR,NE,LA,0,0,0.0,0,0.0,0.0,0.0,0,0.0,0,8,5,48.0,0,4.8,9.8,,,69.0,180.0,27.7858125,5.0,South Carolina,2015.0,2015.0,,,,0.3478261
2020,15,00-0031868,D.Byrd,WR,NE,MIA,0,0,0.0,0,0.0,0.0,0.0,0,0.0,0,4,3,24.0,0,2.4,5.4,,,69.0,180.0,27.7858125,5.0,South Carolina,2015.0,2015.0,,,,0.16
2020,16,00-0031868,D.Byrd,WR,NE,BUF,0,0,0.0,0,0.0,0.0,0.0,0,0.0,0,3,1,7.0,0,0.7,1.7,,,69.0,180.0,27.7858125,5.0,South Carolina,2015.0,2015.0,,,-29.0,0.16666667
2020,17,00-0031868,D.Byrd,WR,NE,NYJ,0,0,0.0,0,0.0,0.0,0.0,1,4.0,0,3,1,7.0,0,1.1,2.1,,,69.0,180.0,27.7858125,5.0,South Carolina,2015.0,2015.0,,,14.0,0.1
2020,13,00-0031921,K.Lamm,T,CLE,TEN,0,0,0.0,0,0.0,0.0,0.0,0,0.0,0,1,1,1.0,1,6.1,7.1,,,77.0,310.0,28.447055555555558,5.0,Appalachian State,2015.0,2015.0,,,,0.03125
2020,1,00-0031941,J.Crowder,WR,NYJ,BUF,0,0,0.0,0,0.0,0.0,0.0,0,0.0,0,13,7,115.0,1,17.5,24.5,,,69.0,177.0,27.3934375,5.0,Duke,2015.0,2015.0,WAS,105.0,,0.3939394
2020,4,00-0031941,J.Crowder,WR,NYJ,DEN,0,0,0.0,0,0.0,0.0,0.0,0,0.0,0,10,7,104.0,0,10.4,17.4,,,69.0,177.0,27.3934375,5.0,Duke,2015.0,2015.0,WAS,105.0,-9.0,0.23255815
2020,5,00-0031941,J.Crowder,WR,NYJ,ARI,0,0,0.0,0,0.0,0.0,0.0,0,0.0,0,10,8,116.0,1,17.6,25.6,,,69.0,177.0,27.3934375,5.0,Duke,2015.0,2015.0,WAS,105.0,-20.0,0.32258064
2020,6,00-0031941,J.Crowder,WR,NYJ,MIA,0,0,0.0,0,0.0,0.0,0.0,0,0.0,0,13,7,48.0,0,4.8,11.8,,,69.0,177.0,27.3934375,5.0,Duke,2015.0,2015.0,WAS,105.0,,0.33333334
2020,9,00-0031941,J.Crowder,WR,NYJ,NE,0,0,0.0,0,0.0,0.0,0.0,0,0.0,0,2,2,26.0,1,8.6,10.6,,,69.0,177.0,27.3934375,5.0,Duke,2015.0,2015.0,WAS,105.0,-3.0,0.083333336
2020,11,00-0031941,J.Crowder,WR,NYJ,LAC,0,0,0.0,0,0.0,0.0,0.0,0,0.0,0,4,1,16.0,0,1.6,2.6,,,69.0,177.0,27.3934375,5.0,Duke,2015.0,2015.0,WAS,105.0,,0.14285715
2020,12,00-0031941,J.Crowder,WR,NYJ,MIA,0,0,0.0,0,0.0,0.0,0.0,0,0.0,0,5,3,31.0,0,3.1,6.1,,,69.0,177.0,27.3934375,5.0,Duke,2015.0,2015.0,WAS,105.0,-17.0,0.18518518
2020,13,00-0031941,J.Crowder,WR,NYJ,LV,0,0,0.0,0,0.0,0.0,0.0,0,0.0,0,7,5,47.0,2,16.7,21.7,,,69.0,177.0,27.3934375,5.0,Duke,2015.0,2015.0,WAS,105.0,-3.0,0.35
2020,14,00-0031941,J.Crowder,WR,NYJ,SEA,0,0,0.0,0,0.0,0.0,0.0,0,0.0,0,4,2,7.0,0,0.7,2.7,,,69.0,177.0,27.3934375,5.0,Duke,2015.0,2015.0,WAS,105.0,,0.17391305
2020,15,00-0031941,J.Crowder,WR,NYJ,LA,0,0,0.0,0,0.0,0.0,0.0,0,0.0,0,8,6,66.0,0,6.6,12.6,,,69.0,177.0,27.3934375,5.0,Duke,2015.0,2015.0,WAS,105.0,,0.2962963
2020,16,00-0031941,J.Crowder,WR,NYJ,CLE,1,1,43.0,1,0.0,0.0,-0.0,1,14.0,0,9,7,92.0,1,22.32,29.32,,,69.0,177.0,27.3934375,5.0,Duke,2015.0,2015.0,WAS,105.0,7.0,0.32142857
2020,17,00-0031941,J.Crowder,WR,NYJ,NE,0,0,0.0,0,0.0,0.0,0.0,0,0.0,0,4,4,31.0,0,3.1,7.1,,,69.0,177.0,27.3934375,5.0,Duke,2015.0,2015.0,WAS,105.0,,0.121212125
2020,1,00-0031951,J.O'Shaughnessy,TE,JAX,IND,0,0,0.0,0,0.0,0.0,0.0,0,0.0,0,1,1,0.0,0,0.0,1.0,,,76.0,245.0,28.81925,5.0,Illinois State,2015.0,2015.0,KC,173.0,7.0,0.05
2020,2,00-0031951,J.O'Shaughnessy,TE,JAX,TEN,0,0,0.0,0,0.0,0.0,0.0,0,0.0,0,4,4,40.0,0,4.0,8.0,,,76.0,245.0,28.81925,5.0,Illinois State,2015.0,2015.0,KC,173.0,,0.09090909
2020,3,00-0031951,J.O'Shaughnessy,TE,JAX,MIA,0,0,0.0,0,0.0,0.0,0.0,0,0.0,0,4,3,29.0,0,2.9,5.9,,,76.0,245.0,28.81925,5.0,Illinois State,2015.0,2015.0,KC,173.0,-18.0,0.0952381
2020,4,00-0031951,J.O'Shaughnessy,TE,JAX,CIN,0,0,0.0,0,0.0,0.0,0.0,0,0.0,0,2,1,26.0,0,2.6,3.6,,,76.0,245.0,28.81925,5.0,Illinois State,2015.0,2015.0,KC,173.0,,0.055555556
2020,5,00-0031951,J.O'Shaughnessy,TE,JAX,HOU,0,0,0.0,0,0.0,0.0,0.0,0,0.0,0,3,3,20.0,0,2.0,5.0,,,76.0,245.0,28.81925,5.0,Illinois State,2015.0,2015.0,KC,173.0,,0.06818182
2020,6,00-0031951,J.O'Shaughnessy,TE,JAX,DET,0,0,0.0,0,0.0,0.0,0.0,0,0.0,0,1,0,0.0,0,0.0,0.0,,,76.0,245.0,28.81925,5.0,Illinois State,2015.0,2015.0,KC,173.0,-18.0,0.022727273
2020,7,00-0031951,J.O'Shaughnessy,TE,JAX,LAC,0,0,0.0,0,0.0,0.0,0.0,0,0.0,0,3,3,32.0,0,3.2,6.2,,,76.0,245.0,28.81925,5.0,Illinois State,2015.0,2015.0,KC,173.0,,0.125
2020,9,00-0031951,J.O'Shaughnessy,TE,JAX,HOU,0,0,0.0,0,0.0,0.0,0.0,0,0.0,0,2,1,9.0,0,0.9,1.9,,,76.0,245.0,28.81925,5.0,Illinois State,2015.0,2015.0,KC,173.0,-2.0,0.05263158
2020,10,00-0031951,J.O'Shaughnessy,TE,JAX,GB,0,0,0.0,0,0.0,0.0,0.0,0,0.0,0,1,0,0.0,0,0.0,0.0,,,76.0,245.0,28.81925,5.0,Illinois State,2015.0,2015.0,KC,173.0,,0.029411765
2020,12,00-0031951,J.O'Shaughnessy,TE,JAX,CLE,0,0,0.0,0,0.0,0.0,0.0,0,0.0,0,4,2,17.0,0,1.7,3.7,,,76.0,245.0,28.81925,5.0,Illinois State,2015.0,2015.0,KC,173.0,-2.0,0.121212125
2020,13,00-0031951,J.O'Shaughnessy,TE,JAX,MIN,0,0,0.0,0,0.0,0.0,0.0,0,0.0,0,6,4,41.0,0,4.1,8.1,,,76.0,245.0,28.81925,5.0,Illinois State,2015.0,2015.0,KC,173.0,,0.14634146
2020,14,00-0031951,J.O'Shaughnessy,TE,JAX,TEN,0,0,0.0,0,0.0,0.0,0.0,0,0.0,0,2,2,14.0,0,1.4,3.4,,,76.0,245.0,28.81925,5.0,Illinois State,2015.0,2015.0,KC,173.0,-21.0,0.040816326
2020,15,00-0031951,J.O'Shaughnessy,TE,JAX,BAL,0,0,0.0,0,0.0,0.0,0.0,0,0.0,0,1,1,6.0,0,0.6,1.6,,,76.0,245.0,28.81925,5.0,Illinois State,2015.0,2015.0,KC,173.0,,0.037037037
2020,16,00-0031951,J.O'Shaughnessy,TE,JAX,CHI,0,0,0.0,0,0.0,0.0,0.0,0,0.0,0,3,2,18.0,0,1.8,3.8,,,76.0,245.0,28.81925,5.0,Illinois State,2015.0,2015.0,KC,173.0,-24.0,0.083333336
2020,17,00-0031951,J.O'Shaughnessy,TE,JAX,IND,0,0,0.0,0,0.0,0.0,0.0,0,0.0,0,1,1,10.0,0,1.0,2.0,,,76.0,245.0,28.81925,5.0,Illinois State,2015.0,2015.0,KC,173.0,,0.025
2020,1,00-0032009,A.Humphries,WR,TEN,DEN,0,0,0.0,0,0.0,0.0,0.0,0,0.0,0,7,6,47.0,0,4.7,10.7,,,71.0,195.0,27.391588235294115,5.0,Clemson,2015.0,2015.0,,,,0.175
2020,2,00-0032009,A.Humphries,WR,TEN,JAX,0,0,0.0,0,0.0,0.0,0.0,0,0.0,0,6,5,48.0,1,10.8,15.8,,,71.0,195.0,27.391588235294115,5.0,Clemson,2015.0,2015.0,,,3.0,0.25
2020,3,00-0032009,A.Humphries,WR,TEN,MIN,0,0,0.0,0,0.0,1.0,-0.0,0,0.0,0,7,4,41.0,0,4.1,8.1,,,71.0,195.0,27.391588235294115,5.0,Clemson,2015.0,2015.0,,,,0.21212122
2020,6,00-0032009,A.Humphries,WR,TEN,HOU,0,0,0.0,0,0.0,0.0,0.0,0,0.0,0,6,6,64.0,1,12.4,18.4,,,71.0,195.0,27.391588235294115,5.0,Clemson,2015.0,2015.0,,,6.0,0.14634146
2020,7,00-0032009,A.Humphries,WR,TEN,PIT,0,0,0.0,0,0.0,0.0,0.0,0,0.0,0,3,1,19.0,0,1.9,2.9,,,71.0,195.0,27.391588235294115,5.0,Clemson,2015.0,2015.0,,,-3.0,0.1
2020,8,00-0032009,A.Humphries,WR,TEN,CIN,0,0,0.0,0,0.0,0.0,0.0,0,0.0,0,2,0,0.0,0,0.0,0.0,,,71.0,195.0,27.391588235294115,5.0,Clemson,2015.0,2015.0,,,,0.06896552
2020,13,00-0032009,A.Humphries,WR,TEN,CLE,0,0,0.0,0,0.0,0.0,0.0,0,0.0,0,4,1,9.0,0,0.9,1.9,,,71.0,195.0,27.391588235294115,5.0,Clemson,2015.0,2015.0,,,-6.0,0.0952381
2020,1,00-0032054,B.Perriman,WR,NYJ,BUF,0,0,0.0,0,0.0,0.0,0.0,0,0.0,0,5,3,17.0,0,1.7,4.7,,,73.0,215.0,27.16075,5.0,Central Florida,2015.0,2015.0,BAL,26.0,,0.15151516
2020,2,00-0032054,B.Perriman,WR,NYJ,SF,0,0,0.0,0,0.0,0.0,0.0,0,0.0,0,2,2,12.0,0,1.2,3.2,,,73.0,215.0,27.16075,5.0,Central Florida,2015.0,2015.0,BAL,26.0,-18.0,0.0625
2020,6,00-0032054,B.Perriman,WR,NYJ,MIA,0,0,0.0,0,0.0,0.0,0.0,0,0.0,0,8,4,62.0,0,6.2,10.2,,,73.0,215.0,27.16075,5.0,Central Florida,2015.0,2015.0,BAL,26.0,,0.20512821
2020,7,00-0032054,B.Perriman,WR,NYJ,BUF,0,0,0.0,0,0.0,0.0,0.0,0,0.0,0,2,2,27.0,0,2.7,4.7,,,73.0,215.0,27.16075,5.0,Central Florida,2015.0,2015.0,BAL,26.0,-8.0,0.0952381
2020,9,00-0032054,B.Perriman,WR,NYJ,NE,0,0,0.0,0,0.0,0.0,0.0,0,0.0,0,7,5,101.0,2,22.1,27.1,,,73.0,215.0,27.16075,5.0,Central Florida,2015.0,2015.0,BAL,26.0,-3.0,0.29166666
2020,11,00-0032054,B.Perriman,WR,NYJ,LAC,0,0,0.0,0,0.0,0.0,0.0,0,0.0,0,4,2,54.0,1,11.4,13.4,,,73.0,215.0,27.16075,5.0,Central Florida,2015.0,2015.0,BAL,26.0,,0.14285715
2020,12,00-0032054,B.Perriman,WR,NYJ,MIA,0,0,0.0,0,0.0,0.0,0.0,0,0.0,0,8,4,79.0,0,7.9,11.9,,,73.0,215.0,27.16075,5.0,Central Florida,2015.0,2015.0,BAL,26.0,-17.0,0.2962963
2020,13,00-0032054,B.Perriman,WR,NYJ,LV,0,0,0.0,0,0.0,0.0,0.0,0,0.0,0,4,1,22.0,0,2.2,3.2,,,73.0,215.0,27.16075,5.0,Central Florida,2015.0,2015.0,BAL,26.0,-3.0,0.2
2020,14,00-0032054,B.Perriman,WR,NYJ,SEA,0,0,0.0,0,0.0,0.0,0.0,0,0.0,0,7,3,26.0,0,2.6,5.6,,,73.0,215.0,27.16075,5.0,Central Florida,2015.0,2015.0,BAL,26.0,,0.3043478
2020,15,00-0032054,B.Perriman,WR,NYJ,LA,0,0,0.0,0,0.0,0.0,0.0,0,0.0,0,1,1,21.0,0,2.1,3.1,,,73.0,215.0,27.16075,5.0,Central Florida,2015.0,2015.0,BAL,26.0,,0.037037037
2020,16,00-0032054,B.Perriman,WR,NYJ,CLE,0,0,0.0,0,0.0,0.0,0.0,1,6.0,0,6,0,0.0,0,0.6,0.6,,,73.0,215.0,27.16075,5.0,Central Florida,2015.0,2015.0,BAL,26.0,7.0,0.21428572
2020,17,00-0032054,B.Perriman,WR,NYJ,NE,0,0,0.0,0,0.0,0.0,0.0,0,0.0,0,6,3,84.0,0,8.4,11.4,,,73.0,215.0,27.16075,5.0,Central Florida,2015.0,2015.0,BAL,26.0,,0.18181819
2020,1,00-0032058,T.Coleman,RB,SF,ARI,0,0,0.0,0,0.0,0.0,0.0,4,18.0,0,2,1,6.0,0,2.4,3.4,,,73.0,210.0,27.561812500000002,5.0,Indiana,2015.0,2015.0,ATL,73.0,-4.0,0.0625
2020,2,00-0032058,T.Coleman,RB,SF,NYJ,0,0,0.0,0,0.0,0.0,0.0,14,12.0,0,2,2,28.0,0,4.0,6.0,,,73.0,210.0,27.561812500000002,5.0,Indiana,2015.0,2015.0,ATL,73.0,,0.074074075
2020,8,00-0032058,T.Coleman,RB,SF,SEA,0,0,0.0,0,0.0,0.0,0.0,3,20.0,0,0,0,0.0,0,2.0,2.0,,,73.0,210.0,27.561812500000002,5.0,Indiana,2015.0,2015.0,ATL,73.0,,
2020,13,00-0032058,T.Coleman,RB,SF,BUF,0,0,0.0,0,0.0,0.0,0.0,2,-11.0,0,0,0,0.0,0,-1.1,-1.1,,,73.0,210.0,27.561812500000002,5.0,Indiana,2015.0,2015.0,ATL,73.0,-10.0,
2020,15,00-0032058,T.Coleman,RB,SF,DAL,0,0,0.0,0,0.0,0.0,0.0,3,11.0,0,0,0,0.0,0,1.1,1.1,,,73.0,210.0,27.561812500000002,5.0,Indiana,2015.0,2015.0,ATL,73.0,,
2020,16,00-0032058,T.Coleman,RB,SF,ARI,0,0,0.0,0,0.0,0.0,0.0,2,3.0,0,1,1,0.0,0,0.3,1.3,,,73.0,210.0,27.561812500000002,5.0,Indiana,2015.0,2015.0,ATL,73.0,,0.04761905
2020,2,00-0032062,B.Bell,TE,DAL,ATL,0,0,0.0,0,0.0,0.0,0.0,0,0.0,0,3,2,34.0,0,3.4,5.4,,,78.0,252.0,29.2555625,5.0,Oklahoma,2015.0,2015.0,SF,117.0,1.0,0.06382979
2020,3,00-0032062,B.Bell,TE,DAL,SEA,0,0,0.0,0,0.0,0.0,0.0,0,0.0,0,1,0,0.0,0,0.0,0.0,,,78.0,252.0,29.2555625,5.0,Oklahoma,2015.0,2015.0,SF,117.0,,0.017857144
2020,4,00-0032062,B.Bell,TE,DAL,CLE,0,0,0.0,0,0.0,0.0,0.0,0,0.0,0,2,2,24.0,0,2.4,4.4,,,78.0,252.0,29.2555625,5.0,Oklahoma,2015.0,2015.0,SF,117.0,-11.0,0.03448276
2020,5,00-0032062,B.Bell,TE,DAL,NYG,0,0,0.0,0,0.0,0.0,0.0,0,0.0,0,1,1,13.0,0,1.3,2.3,,,78.0,252.0,29.2555625,5.0,Oklahoma,2015.0,2015.0,SF,117.0,3.0,0.030303031
2020,6,00-0032062,B.Bell,TE,DAL,ARI,0,0,0.0,0,0.0,0.0,0.0,0,0.0,0,1,0,0.0,0,0.0,0.0,,,78.0,252.0,29.2555625,5.0,Oklahoma,2015.0,2015.0,SF,117.0,-28.0,0.01923077
2020,9,00-0032062,B.Bell,TE,DAL,PIT,0,0,0.0,0,0.0,0.0,0.0,0,0.0,0,2,1,-4.0,0,-0.4,0.6,,,78.0,252.0,29.2555625,5.0,Oklahoma,2015.0,2015.0,SF,117.0,-5.0,0.054054055
2020,11,00-0032062,B.Bell,TE,DAL,MIN,0,0,0.0,0,0.0,0.0,0.0,0,0.0,0,1,1,13.0,0,1.3,2.3,,,78.0,252.0,29.2555625,5.0,Oklahoma,2015.0,2015.0,SF,117.0,,0.032258064
2020,13,00-0032062,B.Bell,TE,DAL,BAL,0,0,0.0,0,0.0,0.0,0.0,0,0.0,0,1,1,2.0,0,0.2,1.2,,,78.0,252.0,29.2555625,5.0,Oklahoma,2015.0,2015.0,SF,117.0,,0.022222223
2020,14,00-0032062,B.Bell,TE,DAL,CIN,0,0,0.0,0,0.0,0.0,0.0,0,0.0,0,1,1,11.0,0,1.1,2.1,,,78.0,252.0,29.2555625,5.0,Oklahoma,2015.0,2015.0,SF,117.0,,0.045454547
2020,15,00-0032062,B.Bell,TE,DAL,SF,0,0,0.0,0,0.0,0.0,0.0,1,2.0,0,1,1,10.0,0,1.2,2.2,,,78.0,252.0,29.2555625,5.0,Oklahoma,2015.0,2015.0,SF,117.0,8.0,0.03125
2020,16,00-0032062,B.Bell,TE,DAL,PHI,0,0,0.0,0,0.0,0.0,0.0,0,0.0,0,1,1,7.0,0,0.7,1.7,,,78.0,252.0,29.2555625,5.0,Oklahoma,2015.0,2015.0,SF,117.0,20.0,0.033333335
2020,2,00-0032063,M.Davis,RB,CAR,TB,0,0,0.0,0,0.0,0.0,0.0,1,1.0,0,8,8,74.0,0,7.5,15.5,,,69.0,221.0,27.7125,5.0,South Carolina,2015.0,2015.0,SF,126.0,,0.2
2020,3,00-0032063,M.Davis,RB,CAR,LAC,0,0,0.0,0,0.0,0.0,0.0,13,46.0,0,9,8,45.0,1,15.1,23.1,,,69.0,221.0,27.7125,5.0,South Carolina,2015.0,2015.0,SF,126.0,,0.33333334
2020,4,00-0032063,M.Davis,RB,CAR,ARI,0,0,0.0,0,0.0,0.0,0.0,16,84.0,1,6,5,27.0,0,17.1,22.1,,,69.0,221.0,27.7125,5.0,South Carolina,2015.0,2015.0,SF,126.0,10.0,0.16666667
2020,5,00-0032063,M.Davis,RB,CAR,ATL,0,0,0.0,0,0.0,0.0,0.0,16,89.0,0,10,9,60.0,1,20.9,29.9,,,69.0,221.0,27.7125,5.0,South Carolina,2015.0,2015.0,SF,126.0,,0.29411766
2020,6,00-0032063,M.Davis,RB,CAR,CHI,0,0,0.0,0,0.0,0.0,0.0,18,52.0,1,3,2,3.0,0,9.5,11.5,,,69.0,221.0,27.7125,5.0,South Carolina,2015.0,2015.0,SF,126.0,-7.0,0.11111111
2020,7,00-0032063,M.Davis,RB,CAR,NO,0,0,0.0,0,0.0,0.0,0.0,7,12.0,0,5,5,24.0,0,3.6,8.6,,,69.0,221.0,27.7125,5.0,South Carolina,2015.0,2015.0,SF,126.0,,0.18518518
2020,8,00-0032063,M.Davis,RB,CAR,ATL,0,0,0.0,0,0.0,0.0,0.0,13,66.0,0,2,1,11.0,0,7.7,8.7,,,69.0,221.0,27.7125,5.0,South Carolina,2015.0,2015.0,SF,126.0,-8.0,0.07692308
2020,9,00-0032063,M.Davis,RB,CAR,KC,0,0,0.0,0,0.0,0.0,0.0,1,3.0,0,6,5,34.0,0,3.7,8.7,,,69.0,221.0,27.7125,5.0,South Carolina,2015.0,2015.0,SF,126.0,,0.13636364
2020,10,00-0032063,M.Davis,RB,CAR,TB,0,0,0.0,0,0.0,0.0,0.0,7,32.0,0,5,4,12.0,0,4.4,8.4,,,69.0,221.0,27.7125,5.0,South Carolina,2015.0,2015.0,SF,126.0,-23.0,0.17857143
2020,11,00-0032063,M.Davis,RB,CAR,DET,0,0,0.0,0,0.0,0.0,0.0,19,64.0,1,2,2,15.0,0,13.9,15.9,,,69.0,221.0,27.7125,5.0,South Carolina,2015.0,2015.0,SF,126.0,20.0,0.057142857
2020,12,00-0032063,M.Davis,RB,CAR,MIN,0,0,0.0,0,0.0,0.0,0.0,15,55.0,0,6,3,24.0,0,7.9,10.9,,,69.0,221.0,27.7125,5.0,South Carolina,2015.0,2015.0,SF,126.0,,0.1875
2020,14,00-0032063,M.Davis,RB,CAR,DEN,0,0,0.0,0,0.0,0.0,0.0,11,51.0,2,6,5,42.0,0,21.3,26.3,,,69.0,221.0,27.7125,5.0,South Carolina,2015.0,2015.0,SF,126.0,-5.0,0.15384616
2020,15,00-0032063,M.Davis,RB,CAR,GB,0,0,0.0,0,0.0,0.0,0.0,14,59.0,0,2,2,2.0,0,6.1,8.1,,,69.0,221.0,27.7125,5.0,South Carolina,2015.0,2015.0,SF,126.0,,0.05882353
2020,16,00-0032063,M.Davis,RB,CAR,WAS,0,0,0.0,0,0.0,0.0,0.0,14,28.0,1,0,0,0.0,0,8.8,8.8,,,69.0,221.0,27.7125,5.0,South Carolina,2015.0,2015.0,SF,126.0,,
2020,16,00-0032098,D.Brown,TE,NYJ,CLE,0,0,0.0,0,0.0,0.0,0.0,0,0.0,0,1,1,13.0,0,1.3,2.3,,,77.0,247.0,28.4528125,5.0,James Madison,2015.0,2015.0,,,7.0,0.035714287
2020,17,00-0032098,D.Brown,TE,NYJ,NE,0,0,0.0,0,0.0,0.0,0.0,0,0.0,0,1,1,18.0,0,1.8,2.8,,,77.0,247.0,28.4528125,5.0,James Madison,2015.0,2015.0,,,,0.030303031
2020,6,00-0032104,A.Abdullah,RB,MIN,ATL,0,0,0.0,0,0.0,0.0,0.0,2,7.0,0,1,1,1.0,0,0.8,1.8,,,69.0,203.0,27.4081875,5.0,Nebraska,2015.0,2015.0,DET,54.0,-17.0,0.028571429
2020,9,00-0032104,A.Abdullah,RB,MIN,DET,0,0,0.0,0,0.0,0.0,0.0,0,0.0,0,1,1,22.0,1,8.2,9.2,,,69.0,203.0,27.4081875,5.0,Nebraska,2015.0,2015.0,DET,54.0,14.0,0.05
2020,13,00-0032104,A.Abdullah,RB,MIN,JAX,0,0,0.0,0,0.0,0.0,0.0,2,11.0,0,1,1,18.0,0,2.9,3.9,,,69.0,203.0,27.4081875,5.0,Nebraska,2015.0,2015.0,DET,54.0,3.0,0.025
2020,14,00-0032104,A.Abdullah,RB,MIN,TB,0,0,0.0,0,0.0,0.0,0.0,3,11.0,0,2,2,10.0,0,2.1,4.1,,,69.0,203.0,27.4081875,5.0,Nebraska,2015.0,2015.0,DET,54.0,,0.057142857
2020,16,00-0032104,A.Abdullah,RB,MIN,NO,0,0,0.0,0,0.0,0.0,0.0,1,13.0,0,1,0,0.0,0,1.3,1.3,,,69.0,203.0,27.4081875,5.0,Nebraska,2015.0,2015.0,DET,54.0,,0.02631579
2020,17,00-0032104,A.Abdullah,RB,MIN,DET,0,0,0.0,0,0.0,0.0,0.0,0,0.0,0,3,3,7.0,1,6.7,9.7,,,69.0,203.0,27.4081875,5.0,Nebraska,2015.0,2015.0,DET,54.0,,0.078947365
2020,1,00-0032128,C.Conley,WR,JAX,IND,0,0,0.0,0,0.0,0.0,0.0,0,0.0,0,1,1,6.0,0,0.6,1.6,,,75.0,205.0,28.039,5.0,Georgia,2015.0,2015.0,KC,76.0,7.0,0.05
2020,2,00-0032128,C.Conley,WR,JAX,TEN,0,0,0.0,0,0.0,0.0,0.0,0,0.0,0,7,4,48.0,0,4.8,8.8,,,75.0,205.0,28.039,5.0,Georgia,2015.0,2015.0,KC,76.0,,0.1590909
2020,3,00-0032128,C.Conley,WR,JAX,MIA,0,0,0.0,0,0.0,0.0,0.0,0,0.0,0,8,3,34.0,0,3.4,6.4,,,75.0,205.0,28.039,5.0,Georgia,2015.0,2015.0,KC,76.0,-18.0,0.1904762
2020,4,00-0032128,C.Conley,WR,JAX,CIN,0,0,0.0,0,0.0,0.0,0.0,0,0.0,0,4,3,44.0,0,4.4,7.4,,,75.0,205.0,28.039,5.0,Georgia,2015.0,2015.0,KC,76.0,,0.11111111
2020,5,00-0032128,C.Conley,WR,JAX,HOU,0,0,0.0,0,0.0,0.0,0.0,0,0.0,0,2,2,58.0,0,5.8,7.8,,,75.0,205.0,28.039,5.0,Georgia,2015.0,2015.0,KC,76.0,,0.045454547
2020,6,00-0032128,C.Conley,WR,JAX,DET,0,0,0.0,0,0.0,0.0,0.0,0,0.0,0,2,1,6.0,0,0.6,1.6,,,75.0,205.0,28.039,5.0,Georgia,2015.0,2015.0,KC,76.0,-18.0,0.045454547
2020,7,00-0032128,C.Conley,WR,JAX,LAC,0,0,0.0,0,0.0,0.0,0.0,0,0.0,0,2,1,28.0,1,8.8,9.8,,,75.0,205.0,28.039,5.0,Georgia,2015.0,2015.0,KC,76.0,,0.083333336
2020,9,00-0032128,C.Conley,WR,JAX,HOU,0,0,0.0,0,0.0,0.0,0.0,0,0.0,0,8,7,52.0,0,5.2,12.2,,,75.0,205.0,28.039,5.0,Georgia,2015.0,2015.0,KC,76.0,-2.0,0.21052632
2020,10,00-0032128,C.Conley,WR,JAX,GB,0,0,0.0,0,0.0,0.0,0.0,0,0.0,0,8,4,43.0,0,4.3,8.3,,,75.0,205.0,28.039,5.0,Georgia,2015.0,2015.0,KC,76.0,,0.23529412
2020,11,00-0032128,C.Conley,WR,JAX,PIT,0,0,0.0,0,0.0,0.0,0.0,0,0.0,0,4,1,13.0,0,1.3,2.3,,,75.0,205.0,28.039,5.0,Georgia,2015.0,2015.0,KC,76.0,-24.0,0.121212125
2020,13,00-0032128,C.Conley,WR,JAX,MIN,0,0,0.0,0,0.0,0.0,0.0,0,0.0,0,2,2,12.0,0,-0.8,1.2,,,75.0,205.0,28.039,5.0,Georgia,2015.0,2015.0,KC,76.0,,0.048780486
2020,15,00-0032128,C.Conley,WR,JAX,BAL,0,0,0.0,0,0.0,0.0,0.0,0,0.0,0,3,1,13.0,1,7.3,8.3,,,75.0,205.0,28.039,5.0,Georgia,2015.0,2015.0,KC,76.0,,0.11111111
2020,16,00-0032128,C.Conley,WR,JAX,CHI,0,0,0.0,0,0.0,0.0,0.0,0,0.0,0,3,3,27.0,0,2.7,5.7,,,75.0,205.0,28.039,5.0,Georgia,2015.0,2015.0,KC,76.0,-24.0,0.083333336
2020,17,00-0032128,C.Conley,WR,JAX,IND,0,0,0.0,0,0.0,0.0,0.0,0,0.0,0,9,7,87.0,0,8.7,15.7,,,75.0,205.0,28.039,5.0,Georgia,2015.0,2015.0,KC,76.0,,0.225
2020,1,00-0032134,C.Uzomah,TE,CIN,LAC,0,0,0.0,0,0.0,0.0,0.0,0,0.0,0,5,4,45.0,0,4.5,8.5,,,78.0,260.0,27.816187499999998,5.0,Auburn,2015.0,2015.0,CIN,157.0,-3.0,0.14285715
2020,2,00-0032134,C.Uzomah,TE,CIN,CLE,0,0,0.0,0,0.0,0.0,0.0,0,0.0,0,6,4,42.0,1,10.2,14.2,,,78.0,260.0,27.816187499999998,5.0,Auburn,2015.0,2015.0,CIN,157.0,,0.10169491
2020,3,00-0032135,J.James,TE,DET,ARI,0,0,0.0,0,0.0,0.0,0.0,0,0.0,0,4,3,28.0,1,8.8,11.8,,,79.0,250.0,26.4353125,5.0,Penn State,2015.0,2015.0,PIT,160.0,,0.12903225
2020,4,00-0032135,J.James,TE,DET,NO,0,0,0.0,0,0.0,0.0,0.0,0,0.0,0,2,1,31.0,0,3.1,4.1,,,79.0,250.0,26.4353125,5.0,Penn State,2015.0,2015.0,PIT,160.0,-6.0,0.06666667
2020,6,00-0032135,J.James,TE,DET,JAX,0,0,0.0,0,0.0,0.0,0.0,0,0.0,0,2,1,3.0,0,0.3,1.3,,,79.0,250.0,26.4353125,5.0,Penn State,2015.0,2015.0,PIT,160.0,,0.06451613
2020,8,00-0032135,J.James,TE,DET,IND,0,0,0.0,0,0.0,0.0,0.0,0,0.0,0,1,1,23.0,0,2.3,3.3,,,79.0,250.0,26.4353125,5.0,Penn State,2015.0,2015.0,PIT,160.0,-20.0,0.025
2020,9,00-0032135,J.James,TE,DET,MIN,0,0,0.0,0,0.0,0.0,0.0,0,0.0,0,1,1,0.0,0,0.0,1.0,,,79.0,250.0,26.4353125,5.0,Penn State,2015.0,2015.0,PIT,160.0,,0.022727273
2020,10,00-0032135,J.James,TE,DET,WAS,0,0,0.0,0,0.0,0.0,0.0,0,0.0,0,3,2,9.0,0,0.9,2.9,,,79.0,250.0,26.4353125,5.0,Penn State,2015.0,2015.0,PIT,160.0,3.0,0.09375
2020,11,00-0032135,J.James,TE,DET,CAR,0,0,0.0,0,0.0,0.0,0.0,0,0.0,0,2,1,3.0,0,0.3,1.3,,,79.0,250.0,26.4353125,5.0,Penn State,2015.0,2015.0,PIT,160.0,,0.0625
2020,12,00-0032135,J.James,TE,DET,HOU,0,0,0.0,0,0.0,0.0,0.0,0,0.0,0,1,1,10.0,0,1.0,2.0,,,79.0,250.0,26.4353125,5.0,Penn State,2015.0,2015.0,PIT,160.0,-16.0,0.023809524
2020,13,00-0032135,J.James,TE,DET,CHI,0,0,0.0,0,0.0,0.0,0.0,0,0.0,0,3,1,9.0,1,6.9,7.9,,,79.0,250.0,26.4353125,5.0,Penn State,2015.0,2015.0,PIT,160.0,,0.07317073
2020,15,00-0032135,J.James,TE,DET,TEN,0,0,0.0,0,0.0,0.0,0.0,0,0.0,0,1,1,11.0,0,1.1,2.1,,,79.0,250.0,26.4353125,5.0,Penn State,2015.0,2015.0,PIT,160.0,,0.027027028
2020,16,00-0032135,J.James,TE,DET,TB,0,0,0.0,0,0.0,0.0,0.0,0,0.0,0,1,0,0.0,0,0.0,0.0,,,79.0,250.0,26.4353125,5.0,Penn State,2015.0,2015.0,PIT,160.0,-40.0,0.033333335
2020,17,00-0032135,J.James,TE,DET,MIN,0,0,0.0,0,0.0,0.0,0.0,0,0.0,0,1,1,2.0,0,0.2,1.2,,,79.0,250.0,26.4353125,5.0,Penn State,2015.0,2015.0,PIT,160.0,-2.0,0.032258064
2020,6,00-0032141,G.Swaim,TE,TEN,HOU,0,0,0.0,0,0.0,0.0,0.0,0,0.0,0,3,2,10.0,0,1.0,3.0,,,76.0,260.0,27.16158823529412,5.0,Texas,2015.0,2015.0,DAL,246.0,6.0,0.07317073
2020,7,00-0032141,G.Swaim,TE,TEN,PIT,0,0,0.0,0,0.0,0.0,0.0,0,0.0,0,1,0,0.0,0,0.0,0.0,,,76.0,260.0,27.16158823529412,5.0,Texas,2015.0,2015.0,DAL,246.0,-3.0,0.033333335
2020,11,00-0032141,G.Swaim,TE,TEN,BAL,0,0,0.0,0,0.0,0.0,0.0,0,0.0,0,1,1,9.0,0,0.9,1.9,,,76.0,260.0,27.16158823529412,5.0,Texas,2015.0,2015.0,DAL,246.0,,0.03125
2020,12,00-0032141,G.Swaim,TE,TEN,IND,0,0,0.0,0,0.0,0.0,0.0,0,0.0,0,3,3,30.0,0,3.0,6.0,,,76.0,260.0,27.16158823529412,5.0,Texas,2015.0,2015.0,DAL,246.0,,0.15
2020,13,00-0032141,G.Swaim,TE,TEN,CLE,0,0,0.0,0,0.0,0.0,0.0,0,0.0,0,1,0,0.0,0,0.0,0.0,,,76.0,260.0,27.16158823529412,5.0,Texas,2015.0,2015.0,DAL,246.0,-6.0,0.023809524
2020,14,00-0032141,G.Swaim,TE,TEN,JAX,0,0,0.0,0,0.0,0.0,0.0,0,0.0,0,3,3,34.0,1,9.4,12.4,,,76.0,260.0,27.16158823529412,5.0,Texas,2015.0,2015.0,DAL,246.0,,0.13043478
2020,18,00-0032141,G.Swaim,TE,TEN,BAL,0,0,0.0,0,0.0,0.0,0.0,0,0.0,0,1,1,5.0,0,0.5,1.5,,,76.0,260.0,27.16158823529412,5.0,Texas,2015.0,2015.0,DAL,246.0,-7.0,0.03846154
2020,1,00-0032144,M.Gordon,RB,DEN,TEN,0,0,0.0,0,0.0,0.0,0.0,15,78.0,1,3,3,8.0,0,12.6,15.6,,,73.0,215.0,27.5771875,5.0,Wisconsin,2015.0,2015.0,SD,15.0,-2.0,0.09375
2020,2,00-0032144,M.Gordon,RB,DEN,PIT,0,0,0.0,0,0.0,0.0,0.0,19,70.0,0,3,2,14.0,1,14.4,16.4,,,73.0,215.0,27.5771875,5.0,Wisconsin,2015.0,2015.0,SD,15.0,,0.078947365
2020,3,00-0032144,M.Gordon,RB,DEN,TB,0,0,0.0,0,0.0,0.0,0.0,8,26.0,0,6,4,12.0,0,3.8,7.8,,,73.0,215.0,27.5771875,5.0,Wisconsin,2015.0,2015.0,SD,15.0,-18.0,0.15789473
2020,4,00-0032144,M.Gordon,RB,DEN,NYJ,0,0,0.0,0,0.0,0.0,0.0,23,107.0,2,3,2,11.0,0,23.8,25.8,,,73.0,215.0,27.5771875,5.0,Wisconsin,2015.0,2015.0,SD,15.0,,0.10714286
2020,7,00-0032144,M.Gordon,RB,DEN,KC,0,0,0.0,0,0.0,0.0,0.0,17,68.0,1,4,2,12.0,0,10.0,12.0,,,73.0,215.0,27.5771875,5.0,Wisconsin,2015.0,2015.0,SD,15.0,-27.0,0.10526316
2020,8,00-0032144,M.Gordon,RB,DEN,LAC,0,0,0.0,0,0.0,0.0,0.0,8,26.0,0,7,6,21.0,0,4.7,10.7,,,73.0,215.0,27.5771875,5.0,Wisconsin,2015.0,2015.0,SD,15.0,1.0,0.18421052
2020,9,00-0032144,M.Gordon,RB,DEN,ATL,0,0,0.0,0,0.0,0.0,0.0,6,18.0,0,1,1,9.0,0,2.7,3.7,,,73.0,215.0,27.5771875,5.0,Wisconsin,2015.0,2015.0,SD,15.0,,0.022222223
2020,10,00-0032144,M.Gordon,RB,DEN,LV,0,0,0.0,0,0.0,0.0,0.0,11,46.0,0,2,0,0.0,0,4.6,4.6,,,73.0,215.0,27.5771875,5.0,Wisconsin,2015.0,2015.0,SD,15.0,,0.044444446
2020,11,00-0032144,M.Gordon,RB,DEN,MIA,0,0,0.0,0,0.0,0.0,0.0,15,84.0,2,0,0,0.0,0,18.4,18.4,,,73.0,215.0,27.5771875,5.0,Wisconsin,2015.0,2015.0,SD,15.0,7.0,
2020,12,00-0032144,M.Gordon,RB,DEN,NO,0,0,0.0,0,0.0,0.0,0.0,12,31.0,0,0,0,0.0,0,3.1,3.1,,,73.0,215.0,27.5771875,5.0,Wisconsin,2015.0,2015.0,SD,15.0,-28.0,
2020,13,00-0032144,M.Gordon,RB,DEN,KC,0,0,0.0,0,0.0,0.0,0.0,15,131.0,0,2,1,11.0,0,14.2,15.2,,,73.0,215.0,27.5771875,5.0,Wisconsin,2015.0,2015.0,SD,15.0,,0.074074075
2020,14,00-0032144,M.Gordon,RB,DEN,CAR,0,0,0.0,0,0.0,0.0,0.0,13,68.0,0,3,3,23.0,0,9.1,12.1,,,73.0,215.0,27.5771875,5.0,Wisconsin,2015.0,2015.0,SD,15.0,,0.11111111
2020,15,00-0032144,M.Gordon,RB,DEN,BUF,0,0,0.0,0,0.0,0.0,0.0,11,61.0,2,4,4,20.0,0,20.1,24.1,,,73.0,215.0,27.5771875,5.0,Wisconsin,2015.0,2015.0,SD,15.0,-29.0,0.125
2020,16,00-0032144,M.Gordon,RB,DEN,LAC,0,0,0.0,0,0.0,0.0,0.0,16,79.0,0,0,0,0.0,0,7.9,7.9,,,73.0,215.0,27.5771875,5.0,Wisconsin,2015.0,2015.0,SD,15.0,,
2020,17,00-0032144,M.Gordon,RB,DEN,LV,0,0,0.0,0,0.0,0.0,0.0,26,93.0,1,6,4,17.0,0,17.0,21.0,,,73.0,215.0,27.5771875,5.0,Wisconsin,2015.0,2015.0,SD,15.0,-1.0,0.15
2020,1,00-0032187,D.Johnson,RB,HOU,KC,0,0,0.0,0,0.0,0.0,0.0,11,77.0,1,4,3,32.0,0,16.9,19.9,,,73.0,224.0,28.898125,5.0,Northern Iowa,2015.0,2015.0,ARI,86.0,,0.12903225
2020,2,00-0032187,D.Johnson,RB,HOU,BAL,0,0,0.0,0,0.0,0.0,0.0,11,34.0,0,4,2,16.0,0,5.0,7.0,,,73.0,224.0,28.898125,5.0,Northern Iowa,2015.0,2015.0,ARI,86.0,-17.0,0.11764706
2020,3,00-0032187,D.Johnson,RB,HOU,PIT,0,0,0.0,0,0.0,0.0,0.0,13,23.0,1,3,2,23.0,0,10.6,12.6,,,73.0,224.0,28.898125,5.0,Northern Iowa,2015.0,2015.0,ARI,86.0,,0.11111111
2020,4,00-0032187,D.Johnson,RB,HOU,MIN,0,0,0.0,0,0.0,0.0,0.0,16,63.0,0,3,2,29.0,0,9.2,11.2,,,73.0,224.0,28.898125,5.0,Northern Iowa,2015.0,2015.0,ARI,86.0,-8.0,0.09677419
2020,5,00-0032187,D.Johnson,RB,HOU,JAX,0,0,0.0,0,0.0,0.0,0.0,17,96.0,0,4,2,7.0,0,10.3,12.3,,,73.0,224.0,28.898125,5.0,Northern Iowa,2015.0,2015.0,ARI,86.0,16.0,0.114285715
2020,6,00-0032187,D.Johnson,RB,HOU,TEN,0,0,0.0,0,0.0,0.0,0.0,19,57.0,1,2,1,12.0,0,12.9,13.9,,,73.0,224.0,28.898125,5.0,Northern Iowa,2015.0,2015.0,ARI,86.0,,0.054054055
2020,7,00-0032187,D.Johnson,RB,HOU,GB,0,0,0.0,0,0.0,0.0,0.0,14,42.0,0,4,4,42.0,1,12.4,16.4,,,73.0,224.0,28.898125,5.0,Northern Iowa,2015.0,2015.0,ARI,86.0,-15.0,0.10526316
2020,9,00-0032187,D.Johnson,RB,HOU,JAX,0,0,0.0,0,0.0,0.0,0.0,2,16.0,0,1,0,0.0,0,1.6,1.6,,,73.0,224.0,28.898125,5.0,Northern Iowa,2015.0,2015.0,ARI,86.0,,0.03448276
2020,13,00-0032187,D.Johnson,RB,HOU,IND,0,0,0.0,0,0.0,0.0,0.0,10,44.0,1,2,0,0.0,0,10.4,10.4,,,73.0,224.0,28.898125,5.0,Northern Iowa,2015.0,2015.0,ARI,86.0,-6.0,0.054054055
2020,15,00-0032187,D.Johnson,RB,HOU,IND,0,0,0.0,0,0.0,0.0,0.0,8,27.0,0,11,11,106.0,0,13.3,24.3,,,73.0,224.0,28.898125,5.0,Northern Iowa,2015.0,2015.0,ARI,86.0,,0.28947368
2020,16,00-0032187,D.Johnson,RB,HOU,CIN,0,0,0.0,0,0.0,0.0,0.0,12,128.0,1,3,3,11.0,1,25.9,28.9,,,73.0,224.0,28.898125,5.0,Northern Iowa,2015.0,2015.0,ARI,86.0,-6.0,0.09090909
2020,17,00-0032187,D.Johnson,RB,HOU,TEN,0,0,0.0,0,0.0,0.0,0.0,14,84.0,1,5,3,36.0,0,18.0,21.0,,,73.0,224.0,28.898125,5.0,Northern Iowa,2015.0,2015.0,ARI,86.0,-3.0,0.125
2020,1,00-0032200,T.Montgomery,WR,NO,TB,0,0,0.0,0,0.0,0.0,0.0,1,-4.0,0,0,0,0.0,0,-0.4,-0.4,,,72.0,216.0,27.817999999999998,5.0,Stanford,2015.0,2015.0,GB,94.0,11.0,
2020,2,00-0032200,T.Montgomery,WR,NO,LV,0,0,0.0,0,0.0,0.0,0.0,0,0.0,0,3,2,25.0,0,2.5,4.5,,,72.0,216.0,27.817999999999998,5.0,Stanford,2015.0,2015.0,GB,94.0,,0.08108108
2020,16,00-0032200,T.Montgomery,WR,NO,MIN,0,0,0.0,0,0.0,0.0,0.0,0,0.0,0,1,0,0.0,0,0.0,0.0,,,72.0,216.0,27.817999999999998,5.0,Stanford,2015.0,2015.0,GB,94.0,19.0,0.035714287
2020,17,00-0032200,T.Montgomery,WR,NO,CAR,0,0,0.0,0,0.0,0.0,0.0,18,105.0,0,2,1,2.0,0,10.7,11.7,,,72.0,216.0,27.817999999999998,5.0,Stanford,2015.0,2015.0,GB,94.0,,0.06896552
2020,19,00-0032200,T.Montgomery,WR,NO,TB,0,0,0.0,0,0.0,0.0,0.0,4,14.0,0,1,1,13.0,0,2.7,3.7,,,72.0,216.0,27.817999999999998,5.0,Stanford,2015.0,2015.0,GB,94.0,-10.0,0.028571429
2020,3,00-0032209,T.Yeldon,RB,BUF,LA,0,0,0.0,0,0.0,0.0,0.0,3,18.0,0,0,0,0.0,0,1.8,1.8,,,73.0,223.0,27.130526315789474,5.0,Alabama,2015.0,2015.0,JAX,36.0,3.0,
2020,4,00-0032209,T.Yeldon,RB,BUF,LV,0,0,0.0,0,0.0,0.0,0.0,0,0.0,0,1,0,0.0,0,0.0,0.0,,,73.0,223.0,27.130526315789474,5.0,Alabama,2015.0,2015.0,JAX,36.0,,0.03125
2020,5,00-0032209,T.Yeldon,RB,BUF,TEN,0,0,0.0,0,0.0,0.0,0.0,7,52.0,0,3,1,22.0,1,13.4,14.4,,,73.0,223.0,27.130526315789474,5.0,Alabama,2015.0,2015.0,JAX,36.0,,0.06666667
2020,19,00-0032209,T.Yeldon,RB,BUF,BAL,0,0,0.0,0,0.0,0.0,0.0,2,4.0,0,0,0,0.0,0,0.4,0.4,,,73.0,223.0,27.130526315789474,5.0,Alabama,2015.0,2015.0,JAX,36.0,14.0,
2020,20,00-0032209,T.Yeldon,RB,BUF,KC,0,0,0.0,0,0.0,0.0,0.0,3,15.0,0,5,4,41.0,0,5.6,9.6,,,73.0,223.0,27.130526315789474,5.0,Alabama,2015.0,2015.0,JAX,36.0,,0.11363637
2020,1,00-0032211,T.Lockett,WR,SEA,ATL,0,0,0.0,0,0.0,0.0,0.0,0,0.0,0,8,8,92.0,0,9.2,17.2,,,70.0,182.0,28.125176470588233,5.0,Kansas State,2015.0,2015.0,SEA,69.0,,0.22857143
2020,2,00-0032211,T.Lockett,WR,SEA,NE,0,0,0.0,0,0.0,0.0,0.0,0,0.0,0,8,7,67.0,1,12.7,19.7,,,70.0,182.0,28.125176470588233,5.0,Kansas State,2015.0,2015.0,SEA,69.0,5.0,0.32
2020,3,00-0032211,T.Lockett,WR,SEA,DAL,0,0,0.0,0,0.0,0.0,0.0,0,0.0,0,13,9,100.0,3,28.0,37.0,,,70.0,182.0,28.125176470588233,5.0,Kansas State,2015.0,2015.0,SEA,69.0,7.0,0.34210527
2020,4,00-0032211,T.Lockett,WR,SEA,MIA,0,0,0.0,0,0.0,0.0,0.0,0,0.0,0,4,2,39.0,0,3.9,5.9,,,70.0,182.0,28.125176470588233,5.0,Kansas State,2015.0,2015.0,SEA,69.0,,0.121212125
2020,5,00-0032211,T.Lockett,WR,SEA,MIN,0,0,0.0,0,0.0,0.0,0.0,0,0.0,0,5,4,44.0,0,4.4,8.4,,,70.0,182.0,28.125176470588233,5.0,Kansas State,2015.0,2015.0,SEA,69.0,1.0,0.16666667
2020,7,00-0032211,T.Lockett,WR,SEA,ARI,0,0,0.0,0,0.0,0.0,0.0,0,0.0,0,20,15,200.0,3,38.0,53.0,,,70.0,182.0,28.125176470588233,5.0,Kansas State,2015.0,2015.0,SEA,69.0,,0.41666666
2020,8,00-0032211,T.Lockett,WR,SEA,SF,0,0,0.0,0,0.0,0.0,0.0,0,0.0,0,5,4,33.0,0,3.3,7.3,,,70.0,182.0,28.125176470588233,5.0,Kansas State,2015.0,2015.0,SEA,69.0,10.0,0.1388889
2020,9,00-0032211,T.Lockett,WR,SEA,BUF,0,0,0.0,0,0.0,0.0,0.0,0,0.0,0,7,4,40.0,0,4.0,8.0,,,70.0,182.0,28.125176470588233,5.0,Kansas State,2015.0,2015.0,SEA,69.0,,0.175
2020,10,00-0032211,T.Lockett,WR,SEA,LA,0,0,0.0,0,0.0,0.0,0.0,0,0.0,0,9,5,66.0,0,6.6,11.6,,,70.0,182.0,28.125176470588233,5.0,Kansas State,2015.0,2015.0,SEA,69.0,,0.25714287
2020,11,00-0032211,T.Lockett,WR,SEA,ARI,0,0,0.0,0,0.0,0.0,0.0,0,0.0,0,9,9,67.0,1,12.7,21.7,,,70.0,182.0,28.125176470588233,5.0,Kansas State,2015.0,2015.0,SEA,69.0,7.0,0.33333334
2020,12,00-0032211,T.Lockett,WR,SEA,PHI,0,0,0.0,0,0.0,0.0,0.0,0,0.0,0,4,3,23.0,0,2.3,5.3,,,70.0,182.0,28.125176470588233,5.0,Kansas State,2015.0,2015.0,SEA,69.0,,0.13333334
2020,13,00-0032211,T.Lockett,WR,SEA,NYG,0,0,0.0,0,0.0,0.0,0.0,0,0.0,0,9,6,63.0,0,6.3,12.3,,,70.0,182.0,28.125176470588233,5.0,Kansas State,2015.0,2015.0,SEA,69.0,-5.0,0.2195122
2020,14,00-0032211,T.Lockett,WR,SEA,NYJ,0,0,0.0,0,0.0,0.0,0.0,0,0.0,0,5,5,52.0,0,5.2,10.2,,,70.0,182.0,28.125176470588233,5.0,Kansas State,2015.0,2015.0,SEA,69.0,37.0,0.15625
2020,15,00-0032211,T.Lockett,WR,SEA,WAS,0,0,0.0,0,0.0,0.0,0.0,0,0.0,0,7,4,34.0,0,3.4,7.4,,,70.0,182.0,28.125176470588233,5.0,Kansas State,2015.0,2015.0,SEA,69.0,,0.26923078
2020,16,00-0032211,T.Lockett,WR,SEA,LA,0,0,0.0,0,0.0,0.0,0.0,0,0.0,0,5,3,44.0,0,4.4,7.4,,,70.0,182.0,28.125176470588233,5.0,Kansas State,2015.0,2015.0,SEA,69.0,11.0,0.1724138
2020,17,00-0032211,T.Lockett,WR,SEA,SF,0,0,0.0,0,0.0,0.0,0.0,0,0.0,0,14,12,90.0,2,21.0,33.0,,,70.0,182.0,28.125176470588233,5.0,Kansas State,2015.0,2015.0,SEA,69.0,,0.4375
2020,18,00-0032211,T.Lockett,WR,SEA,LA,0,0,0.0,0,0.0,0.0,0.0,0,0.0,0,4,2,43.0,0,4.3,6.3,,,70.0,182.0,28.125176470588233,5.0,Kansas State,2015.0,2015.0,SEA,69.0,-10.0,0.15384616
2020,3,00-0032214,T.Kroft,TE,BUF,LA,0,0,0.0,0,0.0,0.0,0.0,0,0.0,0,5,4,24.0,2,14.4,18.4,,,78.0,250.0,28.094368421052632,5.0,Rutgers,2015.0,2015.0,CIN,85.0,3.0,0.15625
2020,4,00-0032214,T.Kroft,TE,BUF,LV,0,0,0.0,0,0.0,0.0,0.0,0,0.0,0,3,1,12.0,0,1.2,2.2,,,78.0,250.0,28.094368421052632,5.0,Rutgers,2015.0,2015.0,CIN,85.0,,0.09375
2020,6,00-0032214,T.Kroft,TE,BUF,KC,0,0,0.0,0,0.0,0.0,0.0,0,0.0,0,2,1,7.0,0,0.7,1.7,,,78.0,250.0,28.094368421052632,5.0,Rutgers,2015.0,2015.0,CIN,85.0,-9.0,0.08
2020,7,00-0032214,T.Kroft,TE,BUF,NYJ,0,0,0.0,0,0.0,0.0,0.0,0,0.0,0,4,4,64.0,0,6.4,10.4,,,78.0,250.0,28.094368421052632,5.0,Rutgers,2015.0,2015.0,CIN,85.0,,0.09756097
2020,8,00-0032214,T.Kroft,TE,BUF,NE,0,0,0.0,0,0.0,0.0,0.0,0,0.0,0,1,1,11.0,0,1.1,2.1,,,78.0,250.0,28.094368421052632,5.0,Rutgers,2015.0,2015.0,CIN,85.0,3.0,0.055555556
2020,9,00-0032214,T.Kroft,TE,BUF,SEA,0,0,0.0,0,0.0,0.0,0.0,0,0.0,0,1,1,1.0,1,6.1,7.1,,,78.0,250.0,28.094368421052632,5.0,Rutgers,2015.0,2015.0,CIN,85.0,10.0,0.02631579
2020,1,00-0032241,T.Gurley,RB,ATL,SEA,0,0,0.0,0,0.0,0.0,0.0,14,56.0,1,5,2,1.0,0,11.7,13.7,,,73.0,224.0,26.2654375,5.0,Georgia,2015.0,2015.0,STL,10.0,-13.0,0.09615385
2020,2,00-0032241,T.Gurley,RB,ATL,DAL,0,0,0.0,0,0.0,0.0,0.0,21,61.0,0,0,0,0.0,0,6.1,6.1,,,73.0,224.0,26.2654375,5.0,Georgia,2015.0,2015.0,STL,10.0,,
2020,3,00-0032241,T.Gurley,RB,ATL,CHI,0,0,0.0,0,0.0,0.0,0.0,14,80.0,1,2,1,2.0,0,14.2,15.2,,,73.0,224.0,26.2654375,5.0,Georgia,2015.0,2015.0,STL,10.0,-4.0,0.05263158
2020,4,00-0032241,T.Gurley,RB,ATL,GB,0,0,0.0,0,0.0,0.0,0.0,16,57.0,2,1,1,6.0,0,18.3,19.3,,,73.0,224.0,26.2654375,5.0,Georgia,2015.0,2015.0,STL,10.0,,0.025641026
2020,5,00-0032241,T.Gurley,RB,ATL,CAR,0,0,0.0,0,0.0,0.0,0.0,14,121.0,1,5,4,29.0,0,21.0,25.0,,,73.0,224.0,26.2654375,5.0,Georgia,2015.0,2015.0,STL,10.0,-7.0,0.14285715
2020,6,00-0032241,T.Gurley,RB,ATL,MIN,0,0,0.0,0,0.0,0.0,0.0,20,47.0,0,4,3,20.0,0,6.7,9.7,,,73.0,224.0,26.2654375,5.0,Georgia,2015.0,2015.0,STL,10.0,,0.10810811
2020,7,00-0032241,T.Gurley,RB,ATL,DET,0,0,0.0,0,0.0,0.0,0.0,23,63.0,2,3,2,19.0,0,20.2,22.2,,,73.0,224.0,26.2654375,5.0,Georgia,2015.0,2015.0,STL,10.0,-1.0,0.075
2020,8,00-0032241,T.Gurley,RB,ATL,CAR,0,0,0.0,0,0.0,0.0,0.0,18,46.0,1,0,0,0.0,0,10.6,10.6,,,73.0,224.0,26.2654375,5.0,Georgia,2015.0,2015.0,STL,10.0,,
2020,9,00-0032241,T.Gurley,RB,ATL,DEN,0,0,0.0,0,0.0,0.0,0.0,19,53.0,1,2,2,2.0,0,11.5,13.5,,,73.0,224.0,26.2654375,5.0,Georgia,2015.0,2015.0,STL,10.0,7.0,0.057142857
2020,11,00-0032241,T.Gurley,RB,ATL,NO,0,0,0.0,0,0.0,0.0,0.0,8,26.0,0,2,1,3.0,0,2.9,3.9,,,73.0,224.0,26.2654375,5.0,Georgia,2015.0,2015.0,STL,10.0,,0.05882353
2020,13,00-0032241,T.Gurley,RB,ATL,NO,0,0,0.0,0,0.0,0.0,0.0,8,16.0,0,1,1,4.0,0,2.0,3.0,,,73.0,224.0,26.2654375,5.0,Georgia,2015.0,2015.0,STL,10.0,-5.0,0.027027028
2020,14,00-0032241,T.Gurley,RB,ATL,LAC,0,0,0.0,0,0.0,0.0,0.0,6,19.0,0,3,2,12.0,0,3.1,5.1,,,73.0,224.0,26.2654375,5.0,Georgia,2015.0,2015.0,STL,10.0,,0.09375
2020,15,00-0032241,T.Gurley,RB,ATL,TB,0,0,0.0,0,0.0,0.0,0.0,1,-1.0,0,2,2,15.0,0,1.4,3.4,,,73.0,224.0,26.2654375,5.0,Georgia,2015.0,2015.0,STL,10.0,-4.0,0.041666668
2020,16,00-0032241,T.Gurley,RB,ATL,KC,0,0,0.0,0,0.0,0.0,0.0,4,16.0,0,3,3,34.0,0,5.0,8.0,,,73.0,224.0,26.2654375,5.0,Georgia,2015.0,2015.0,STL,10.0,,0.0882353
2020,17,00-0032241,T.Gurley,RB,ATL,TB,0,0,0.0,0,0.0,0.0,0.0,9,18.0,0,2,1,17.0,0,3.5,4.5,,,73.0,224.0,26.2654375,5.0,Georgia,2015.0,2015.0,STL,10.0,,0.048780486
2020,1,00-0032257,D.Johnson,RB,HOU,KC,0,0,0.0,0,0.0,0.0,0.0,5,14.0,0,1,0,0.0,0,1.4,1.4,,,69.0,210.0,27.1268125,5.0,Miami,2015.0,2015.0,CLE,77.0,,0.032258064
2020,4,00-0032257,D.Johnson,RB,HOU,MIN,0,0,0.0,0,0.0,0.0,0.0,5,24.0,0,4,3,21.0,0,4.5,7.5,,,69.0,210.0,27.1268125,5.0,Miami,2015.0,2015.0,CLE,77.0,-8.0,0.12903225
2020,5,00-0032257,D.Johnson,RB,HOU,JAX,0,0,0.0,0,0.0,0.0,0.0,3,8.0,0,1,1,11.0,0,1.9,2.9,,,69.0,210.0,27.1268125,5.0,Miami,2015.0,2015.0,CLE,77.0,16.0,0.028571429
2020,6,00-0032257,D.Johnson,RB,HOU,TEN,0,0,0.0,0,0.0,0.0,0.0,4,9.0,0,2,1,2.0,0,1.1,2.1,,,69.0,210.0,27.1268125,5.0,Miami,2015.0,2015.0,CLE,77.0,,0.054054055
2020,7,00-0032257,D.Johnson,RB,HOU,GB,0,0,0.0,0,0.0,0.0,0.0,1,-1.0,0,5,5,43.0,0,4.2,9.2,,,69.0,210.0,27.1268125,5.0,Miami,2015.0,2015.0,CLE,77.0,-15.0,0.13157895
2020,9,00-0032257,D.Johnson,RB,HOU,JAX,0,0,0.0,0,0.0,0.0,0.0,16,41.0,1,4,4,32.0,0,11.3,15.3,,,69.0,210.0,27.1268125,5.0,Miami,2015.0,2015.0,CLE,77.0,,0.13793103
2020,10,00-0032257,D.Johnson,RB,HOU,CLE,0,0,0.0,0,0.0,0.0,0.0,14,54.0,0,1,0,0.0,0,5.4,5.4,,,69.0,210.0,27.1268125,5.0,Miami,2015.0,2015.0,CLE,77.0,,0.035714287
2020,11,00-0032257,D.Johnson,RB,HOU,NE,0,0,0.0,0,0.0,0.0,0.0,10,15.0,0,5,3,20.0,0,3.5,6.5,,,69.0,210.0,27.1268125,5.0,Miami,2015.0,2015.0,CLE,77.0,7.0,0.13513513
2020,12,00-0032257,D.Johnson,RB,HOU,DET,0,0,0.0,0,0.0,0.0,0.0,9,37.0,0,4,3,43.0,1,14.0,17.0,,,69.0,210.0,27.1268125,5.0,Miami,2015.0,2015.0,CLE,77.0,,0.17391305
2020,13,00-0032257,D.Johnson,RB,HOU,IND,0,0,0.0,0,0.0,0.0,0.0,2,8.0,0,6,6,24.0,0,3.2,9.2,,,69.0,210.0,27.1268125,5.0,Miami,2015.0,2015.0,CLE,77.0,-6.0,0.16216215
2020,14,00-0032257,D.Johnson,RB,HOU,CHI,0,0,0.0,0,0.0,0.0,0.0,8,26.0,0,2,2,53.0,0,5.9,7.9,,,69.0,210.0,27.1268125,5.0,Miami,2015.0,2015.0,CLE,77.0,,0.074074075
2020,15,00-0032268,M.Mariota,QB,LV,LAC,17,28,226.0,1,1.0,0.0,-0.0,9,88.0,1,0,0,0.0,0,25.84,25.84,,,76.0,222.0,27.0284375,5.0,Oregon,2015.0,2015.0,TEN,2.0,-3.0,
2020,1,00-0032385,S.Shepard,WR,NYG,PIT,0,0,0.0,0,0.0,0.0,0.0,0,0.0,0,6,6,47.0,0,4.7,10.7,,,70.0,196.0,27.7400625,4.0,Oklahoma,2016.0,2016.0,NYG,40.0,-10.0,0.15384616
2020,2,00-0032385,S.Shepard,WR,NYG,CHI,0,0,0.0,0,0.0,0.0,0.0,1,6.0,0,4,2,29.0,0,3.5,5.5,,,70.0,196.0,27.7400625,4.0,Oklahoma,2016.0,2016.0,NYG,40.0,,0.11111111
2020,7,00-0032385,S.Shepard,WR,NYG,PHI,0,0,0.0,0,0.0,0.0,0.0,0,0.0,0,8,6,59.0,1,11.9,17.9,,,70.0,196.0,27.7400625,4.0,Oklahoma,2016.0,2016.0,NYG,40.0,,0.2857143
2020,8,00-0032385,S.Shepard,WR,NYG,TB,0,0,0.0,0,0.0,0.0,0.0,0,0.0,0,10,8,74.0,0,7.4,15.4,,,70.0,196.0,27.7400625,4.0,Oklahoma,2016.0,2016.0,NYG,40.0,-2.0,0.24390244
2020,9,00-0032385,S.Shepard,WR,NYG,WAS,0,0,0.0,0,0.0,0.0,0.0,1,18.0,0,8,6,39.0,0,5.7,11.7,,,70.0,196.0,27.7400625,4.0,Oklahoma,2016.0,2016.0,NYG,40.0,,0.24242425
2020,10,00-0032385,S.Shepard,WR,NYG,PHI,0,0,0.0,0,0.0,0.0,0.0,0,0.0,0,6,6,47.0,0,4.7,10.7,,,70.0,196.0,27.7400625,4.0,Oklahoma,2016.0,2016.0,NYG,40.0,10.0,0.21428572
2020,12,00-0032385,S.Shepard,WR,NYG,CIN,0,0,0.0,0,0.0,0.0,0.0,1,4.0,0,8,7,64.0,0,6.8,13.8,,,70.0,196.0,27.7400625,4.0,Oklahoma,2016.0,2016.0,NYG,40.0,,0.21621622
2020,13,00-0032385,S.Shepard,WR,NYG,SEA,0,0,0.0,0,0.0,0.0,0.0,0,0.0,0,6,1,22.0,0,4.2,5.2,,,70.0,196.0,27.7400625,4.0,Oklahoma,2016.0,2016.0,NYG,40.0,,0.27272728
2020,14,00-0032385,S.Shepard,WR,NYG,ARI,0,0,0.0,0,0.0,0.0,0.0,0,0.0,0,5,3,35.0,0,3.5,6.5,,,70.0,196.0,27.7400625,4.0,Oklahoma,2016.0,2016.0,NYG,40.0,-19.0,0.20833333
2020,15,00-0032385,S.Shepard,WR,NYG,CLE,0,0,0.0,0,0.0,0.0,0.0,1,-3.0,0,7,4,51.0,0,4.8,8.8,,,70.0,196.0,27.7400625,4.0,Oklahoma,2016.0,2016.0,NYG,40.0,-14.0,0.21875
2020,16,00-0032385,S.Shepard,WR,NYG,BAL,0,0,0.0,0,0.0,0.0,0.0,0,0.0,0,12,9,77.0,1,13.7,22.7,,,70.0,196.0,27.7400625,4.0,Oklahoma,2016.0,2016.0,NYG,40.0,,0.29268292
2020,17,00-0032385,S.Shepard,WR,NYG,DAL,0,0,0.0,0,0.0,0.0,0.0,2,24.0,1,10,8,112.0,1,25.6,33.6,,,70.0,196.0,27.7400625,4.0,Oklahoma,2016.0,2016.0,NYG,40.0,4.0,0.4
2020,1,00-0032392,A.Hooper,TE,CLE,BAL,0,0,0.0,0,0.0,0.0,0.0,0,0.0,0,2,2,15.0,0,1.5,3.5,,,76.0,254.0,26.048555555555556,4.0,Stanford,2016.0,2016.0,ATL,81.0,,0.057142857
2020,2,00-0032392,A.Hooper,TE,CLE,CIN,0,0,0.0,0,0.0,0.0,0.0,0,0.0,0,4,2,22.0,0,2.2,4.2,,,76.0,254.0,26.048555555555556,4.0,Stanford,2016.0,2016.0,ATL,81.0,5.0,0.1904762
2020,3,00-0032392,A.Hooper,TE,CLE,WAS,0,0,0.0,0,0.0,0.0,0.0,0,0.0,0,4,3,25.0,0,2.5,5.5,,,76.0,254.0,26.048555555555556,4.0,Stanford,2016.0,2016.0,ATL,81.0,14.0,0.18181819
2020,4,00-0032392,A.Hooper,TE,CLE,DAL,0,0,0.0,0,0.0,0.0,0.0,0,0.0,0,7,5,34.0,1,9.4,14.4,,,76.0,254.0,26.048555555555556,4.0,Stanford,2016.0,2016.0,ATL,81.0,,0.26923078
2020,5,00-0032392,A.Hooper,TE,CLE,IND,0,0,0.0,0,0.0,0.0,0.0,0,0.0,0,10,5,57.0,0,5.7,10.7,,,76.0,254.0,26.048555555555556,4.0,Stanford,2016.0,2016.0,ATL,81.0,9.0,0.2631579
2020,6,00-0032392,A.Hooper,TE,CLE,PIT,0,0,0.0,0,0.0,0.0,0.0,0,0.0,0,6,5,52.0,0,5.2,10.2,,,76.0,254.0,26.048555555555556,4.0,Stanford,2016.0,2016.0,ATL,81.0,,0.23076923
2020,10,00-0032392,A.Hooper,TE,CLE,HOU,0,0,0.0,0,0.0,0.0,0.0,0,0.0,0,2,1,11.0,0,1.1,2.1,,,76.0,254.0,26.048555555555556,4.0,Stanford,2016.0,2016.0,ATL,81.0,3.0,0.10526316
2020,11,00-0032392,A.Hooper,TE,CLE,PHI,0,0,0.0,0,0.0,0.0,0.0,0,0.0,0,5,3,33.0,0,3.3,6.3,,,76.0,254.0,26.048555555555556,4.0,Stanford,2016.0,2016.0,ATL,81.0,5.0,0.2777778
2020,12,00-0032392,A.Hooper,TE,CLE,JAX,0,0,0.0,0,0.0,0.0,0.0,0,0.0,0,2,2,13.0,1,7.3,9.3,,,76.0,254.0,26.048555555555556,4.0,Stanford,2016.0,2016.0,ATL,81.0,,0.074074075
2020,13,00-0032392,A.Hooper,TE,CLE,TEN,0,0,0.0,0,0.0,0.0,0.0,0,0.0,0,2,2,24.0,0,2.4,4.4,,,76.0,254.0,26.048555555555556,4.0,Stanford,2016.0,2016.0,ATL,81.0,,0.0625
2020,15,00-0032392,A.Hooper,TE,CLE,NYG,0,0,0.0,0,0.0,0.0,0.0,0,0.0,0,6,5,41.0,1,10.1,15.1,,,76.0,254.0,26.048555555555556,4.0,Stanford,2016.0,2016.0,ATL,81.0,,0.2
2020,16,00-0032392,A.Hooper,TE,CLE,NYJ,0,0,0.0,0,0.0,0.0,0.0,0,0.0,0,15,7,71.0,0,7.1,14.1,,,76.0,254.0,26.048555555555556,4.0,Stanford,2016.0,2016.0,ATL,81.0,,0.3
2020,17,00-0032392,A.Hooper,TE,CLE,PIT,0,0,0.0,0,0.0,0.0,0.0,0,0.0,0,5,4,37.0,1,9.7,13.7,,,76.0,254.0,26.048555555555556,4.0,Stanford,2016.0,2016.0,ATL,81.0,2.0,0.1923077
2020,18,00-0032392,A.Hooper,TE,CLE,PIT,0,0,0.0,0,0.0,0.0,0.0,0,0.0,0,11,7,46.0,1,10.6,17.6,,,76.0,254.0,26.048555555555556,4.0,Stanford,2016.0,2016.0,ATL,81.0,,0.32352942
2020,19,00-0032392,A.Hooper,TE,CLE,KC,0,0,0.0,0,0.0,0.0,0.0,0,0.0,0,3,2,16.0,0,1.6,3.6,,,76.0,254.0,26.048555555555556,4.0,Stanford,2016.0,2016.0,ATL,81.0,,0.0882353
2020,3,00-0032393,C.Prosise,RB,HOU,PIT,0,0,0.0,0,0.0,0.0,0.0,1,1.0,0,0,0,0.0,0,0.1,0.1,,,73.0,225.0,26.51345,4.0,Notre Dame,2016.0,2016.0,SEA,90.0,,
2020,10,00-0032393,C.Prosise,RB,HOU,CLE,0,0,0.0,0,0.0,0.0,0.0,0,0.0,0,1,1,-2.0,0,-0.2,0.8,,,73.0,225.0,26.51345,4.0,Notre Dame,2016.0,2016.0,SEA,90.0,,0.035714287
2020,11,00-0032393,C.Prosise,RB,HOU,NE,0,0,0.0,0,0.0,0.0,0.0,3,4.0,0,2,2,8.0,0,1.2,3.2,,,73.0,225.0,26.51345,4.0,Notre Dame,2016.0,2016.0,SEA,90.0,7.0,0.054054055
2020,12,00-0032393,C.Prosise,RB,HOU,DET,0,0,0.0,0,0.0,0.0,0.0,5,12.0,0,1,1,2.0,1,5.4,6.4,,,73.0,225.0,26.51345,4.0,Notre Dame,2016.0,2016.0,SEA,90.0,,0.04347826
2020,14,00-0032393,C.Prosise,RB,HOU,CHI,0,0,0.0,0,0.0,0.0,0.0,1,2.0,0,1,1,10.0,0,1.2,2.2,,,73.0,225.0,26.51345,4.0,Notre Dame,2016.0,2016.0,SEA,90.0,,0.037037037
2020,1,00-0032394,N.Vannett,TE,DEN,TEN,0,0,0.0,0,0.0,0.0,0.0,0,0.0,0,2,1,-6.0,0,-0.6,0.4,,,78.0,261.0,27.6811875,4.0,Ohio State,2016.0,2016.0,SEA,94.0,-2.0,0.0625
2020,2,00-0032394,N.Vannett,TE,DEN,PIT,0,0,0.0,0,0.0,0.0,0.0,0,0.0,0,2,0,0.0,0,0.0,0.0,,,78.0,261.0,27.6811875,4.0,Ohio State,2016.0,2016.0,SEA,94.0,,0.05263158
2020,4,00-0032394,N.Vannett,TE,DEN,NYJ,0,0,0.0,0,0.0,0.0,0.0,0,0.0,0,2,1,7.0,0,0.7,1.7,,,78.0,261.0,27.6811875,4.0,Ohio State,2016.0,2016.0,SEA,94.0,,0.071428575
2020,6,00-0032394,N.Vannett,TE,DEN,NE,0,0,0.0,0,0.0,0.0,0.0,0,0.0,0,1,1,7.0,0,0.7,1.7,,,78.0,261.0,27.6811875,4.0,Ohio State,2016.0,2016.0,SEA,94.0,,0.041666668
2020,7,00-0032394,N.Vannett,TE,DEN,KC,0,0,0.0,0,0.0,0.0,0.0,0,0.0,0,3,2,25.0,0,2.5,4.5,,,78.0,261.0,27.6811875,4.0,Ohio State,2016.0,2016.0,SEA,94.0,-27.0,0.078947365
2020,9,00-0032394,N.Vannett,TE,DEN,ATL,0,0,0.0,0,0.0,0.0,0.0,0,0.0,0,1,1,11.0,0,1.1,2.1,,,78.0,261.0,27.6811875,4.0,Ohio State,2016.0,2016.0,SEA,94.0,,0.022222223
2020,11,00-0032394,N.Vannett,TE,DEN,MIA,0,0,0.0,0,0.0,0.0,0.0,0,0.0,0,2,2,24.0,0,2.4,4.4,,,78.0,261.0,27.6811875,4.0,Ohio State,2016.0,2016.0,SEA,94.0,7.0,0.06666667
2020,12,00-0032394,N.Vannett,TE,DEN,NO,0,0,0.0,0,0.0,0.0,0.0,0,0.0,0,1,0,0.0,0,0.0,0.0,,,78.0,261.0,27.6811875,4.0,Ohio State,2016.0,2016.0,SEA,94.0,-28.0,0.125
2020,13,00-0032394,N.Vannett,TE,DEN,KC,0,0,0.0,0,0.0,0.0,0.0,0,0.0,0,2,2,7.0,0,0.7,2.7,,,78.0,261.0,27.6811875,4.0,Ohio State,2016.0,2016.0,SEA,94.0,,0.074074075
2020,14,00-0032394,N.Vannett,TE,DEN,CAR,0,0,0.0,0,0.0,0.0,0.0,0,0.0,0,4,4,20.0,1,8.0,12.0,,,78.0,261.0,27.6811875,4.0,Ohio State,2016.0,2016.0,SEA,94.0,,0.14814815
2020,15,00-0032394,N.Vannett,TE,DEN,BUF,0,0,0.0,0,0.0,0.0,0.0,0,0.0,0,1,0,0.0,0,0.0,0.0,,,78.0,261.0,27.6811875,4.0,Ohio State,2016.0,2016.0,SEA,94.0,-29.0,0.03125
2020,1,00-0032404,T.Ervin,RB,GB,MIN,0,0,0.0,0,0.0,0.0,0.0,3,38.0,0,1,1,6.0,0,4.4,5.4,,,70.0,185.0,27.11427777777778,4.0,San Jose State,2016.0,2016.0,HOU,119.0,,0.024390243
2020,2,00-0032404,T.Ervin,RB,GB,DET,0,0,0.0,0,0.0,0.0,0.0,0,0.0,0,1,1,4.0,0,0.4,1.4,,,70.0,185.0,27.11427777777778,4.0,San Jose State,2016.0,2016.0,HOU,119.0,21.0,0.033333335
2020,3,00-0032404,T.Ervin,RB,GB,NO,0,0,0.0,0,0.0,0.0,0.0,1,5.0,0,2,2,8.0,0,1.3,3.3,,,70.0,185.0,27.11427777777778,4.0,San Jose State,2016.0,2016.0,HOU,119.0,,0.06666667
2020,4,00-0032404,T.Ervin,RB,GB,ATL,0,0,0.0,0,0.0,0.0,0.0,0,0.0,0,2,1,8.0,0,0.8,1.8,,,70.0,185.0,27.11427777777778,4.0,San Jose State,2016.0,2016.0,HOU,119.0,14.0,0.060606062
2020,8,00-0032404,T.Ervin,RB,GB,MIN,0,0,0.0,0,0.0,0.0,0.0,0,0.0,0,3,1,7.0,0,0.7,1.7,,,70.0,185.0,27.11427777777778,4.0,San Jose State,2016.0,2016.0,HOU,119.0,-6.0,0.078947365
2020,9,00-0032404,T.Ervin,RB,GB,SF,0,0,0.0,0,0.0,0.0,0.0,8,24.0,0,5,4,48.0,0,7.2,11.2,,,70.0,185.0,27.11427777777778,4.0,San Jose State,2016.0,2016.0,HOU,119.0,,0.16666667
2020,10,00-0032404,T.Ervin,RB,GB,JAX,0,0,0.0,0,0.0,0.0,0.0,1,0.0,0,1,1,3.0,0,0.3,1.3,,,70.0,185.0,27.11427777777778,4.0,San Jose State,2016.0,2016.0,HOU,119.0,4.0,0.030303031
2020,21,00-0032419,J.Haeg,T,TB,KC,0,0,0.0,0,0.0,0.0,0.0,0,0.0,0,1,0,0.0,0,0.0,0.0,,,78.0,298.0,27.70015,4.0,North Dakota State,2016.0,2016.0,IND,155.0,22.0,0.03448276
2020,9,00-0032426,A.Collins,RB,SEA,BUF,0,0,0.0,0,0.0,0.0,0.0,2,5.0,0,0,0,0.0,0,0.5,0.5,,,70.0,210.0,26.2894,4.0,Arkansas,2016.0,2016.0,SEA,171.0,,
2020,10,00-0032426,A.Collins,RB,SEA,LA,0,0,0.0,0,0.0,0.0,0.0,11,43.0,1,2,1,4.0,0,10.7,11.7,,,70.0,210.0,26.2894,4.0,Arkansas,2016.0,2016.0,SEA,171.0,,0.057142857
2020,17,00-0032426,A.Collins,RB,SEA,SF,0,0,0.0,0,0.0,0.0,0.0,5,29.0,1,0,0,0.0,0,8.9,8.9,,,70.0,210.0,26.2894,4.0,Arkansas,2016.0,2016.0,SEA,171.0,,
2020,12,00-0032434,B.Allen,QB,CIN,NYG,17,29,136.0,1,1.0,2.0,21.0,4,7.0,0,0,0,0.0,0,6.14,6.14,,,74.0,209.0,28.1749375,4.0,Arkansas,2016.0,2016.0,JAX,201.0,-2.0,
2020,13,00-0032434,B.Allen,QB,CIN,MIA,11,19,153.0,1,1.0,5.0,30.0,2,3.0,0,1,0,0.0,0,8.42,8.42,,,74.0,209.0,28.1749375,4.0,Arkansas,2016.0,2016.0,JAX,201.0,,0.037037037
2020,14,00-0032434,B.Allen,QB,CIN,DAL,27,36,217.0,1,0.0,0.0,-0.0,4,12.0,0,0,0,0.0,0,13.88,13.88,,,74.0,209.0,28.1749375,4.0,Arkansas,2016.0,2016.0,JAX,201.0,-23.0,
2020,16,00-0032434,B.Allen,QB,CIN,HOU,29,37,371.0,2,0.0,0.0,-0.0,2,3.0,0,0,0,0.0,0,23.14,23.14,,,74.0,209.0,28.1749375,4.0,Arkansas,2016.0,2016.0,JAX,201.0,,
2020,17,00-0032434,B.Allen,QB,CIN,BAL,6,21,48.0,0,2.0,0.0,-0.0,1,2.0,0,0,0,0.0,0,-1.88,-1.88,,,74.0,209.0,28.1749375,4.0,Arkansas,2016.0,2016.0,JAX,201.0,-35.0,
2020,2,00-0032436,J.Driskel,QB,DEN,PIT,18,34,256.0,2,1.0,6.0,53.0,2,5.0,0,0,0,0.0,0,18.74,18.74,,,76.0,235.0,27.5498125,4.0,Louisiana Tech,2016.0,2016.0,SF,207.0,,
2020,3,00-0032436,J.Driskel,QB,DEN,TB,17,30,176.0,1,1.0,5.0,45.0,3,14.0,0,0,0,0.0,0,10.44,10.44,,,76.0,235.0,27.5498125,4.0,Louisiana Tech,2016.0,2016.0,SF,207.0,-18.0,
2020,4,00-0032436,J.Driskel,QB,DEN,NYJ,0,0,0.0,0,0.0,0.0,0.0,1,9.0,0,0,0,0.0,0,0.9,0.9,,,76.0,235.0,27.5498125,4.0,Louisiana Tech,2016.0,2016.0,SF,207.0,,
2020,9,00-0032450,D.Washington,RB,NO,TB,0,0,0.0,0,0.0,0.0,0.0,5,9.0,0,0,0,0.0,0,0.9,0.9,,,73.0,223.0,26.56683333333333,4.0,Washington,2016.0,2016.0,DET,236.0,,
2020,12,00-0032450,D.Washington,RB,NO,DEN,0,0,0.0,0,0.0,0.0,0.0,3,6.0,0,0,0,0.0,0,0.6,0.6,,,73.0,223.0,26.56683333333333,4.0,Washington,2016.0,2016.0,DET,236.0,,
2020,19,00-0032450,D.Washington,RB,NO,TB,0,0,0.0,0,0.0,0.0,0.0,1,2.0,0,0,0,0.0,0,0.2,0.2,,,73.0,223.0,26.56683333333333,4.0,Washington,2016.0,2016.0,DET,236.0,-10.0,
2020,1,00-0032464,K.Raymond,WR,TEN,DEN,0,0,0.0,0,0.0,0.0,0.0,0,0.0,0,2,0,0.0,0,0.0,0.0,,,68.0,182.0,26.269058823529413,4.0,Holy Cross,2016.0,2016.0,,,,0.05
2020,3,00-0032464,K.Raymond,WR,TEN,MIN,0,0,0.0,0,0.0,0.0,0.0,1,-3.0,0,3,3,118.0,0,11.5,14.5,,,68.0,182.0,26.269058823529413,4.0,Holy Cross,2016.0,2016.0,,,,0.09090909
2020,5,00-0032464,K.Raymond,WR,TEN,BUF,0,0,0.0,0,0.0,0.0,0.0,0,0.0,0,2,2,26.0,0,2.6,4.6,,,68.0,182.0,26.269058823529413,4.0,Holy Cross,2016.0,2016.0,,,26.0,0.071428575
2020,6,00-0032464,K.Raymond,WR,TEN,HOU,0,0,0.0,0,0.0,0.0,0.0,0,0.0,0,4,3,32.0,0,3.2,6.2,,,68.0,182.0,26.269058823529413,4.0,Holy Cross,2016.0,2016.0,,,6.0,0.09756097
2020,8,00-0032464,K.Raymond,WR,TEN,CIN,0,0,0.0,0,0.0,0.0,0.0,0,0.0,0,1,1,11.0,0,1.1,2.1,,,68.0,182.0,26.269058823529413,4.0,Holy Cross,2016.0,2016.0,,,,0.03448276
2020,12,00-0032464,K.Raymond,WR,TEN,IND,0,0,0.0,0,0.0,0.0,0.0,0,0.0,0,1,0,0.0,0,0.0,0.0,,,68.0,182.0,26.269058823529413,4.0,Holy Cross,2016.0,2016.0,,,,0.05
2020,14,00-0032464,K.Raymond,WR,TEN,JAX,0,0,0.0,0,0.0,0.0,0.0,0,0.0,0,1,0,0.0,0,0.0,0.0,,,68.0,182.0,26.269058823529413,4.0,Holy Cross,2016.0,2016.0,,,,0.04347826
2020,16,00-0032464,K.Raymond,WR,TEN,GB,0,0,0.0,0,0.0,0.0,0.0,0,0.0,0,1,0,0.0,0,0.0,0.0,,,68.0,182.0,26.269058823529413,4.0,Holy Cross,2016.0,2016.0,,,,0.04
2020,18,00-0032464,K.Raymond,WR,TEN,BAL,0,0,0.0,0,0.0,0.0,0.0,0,0.0,0,1,0,0.0,0,0.0,0.0,,,68.0,182.0,26.269058823529413,4.0,Holy Cross,2016.0,2016.0,,,-7.0,0.03846154
2020,4,00-0032543,A.Erickson,WR,CIN,JAX,0,0,0.0,0,0.0,0.0,0.0,1,7.0,0,1,1,9.0,0,1.6,2.6,,,72.0,195.0,28.005125,4.0,Wisconsin,2016.0,2016.0,,,8.0,0.028571429
2020,6,00-0032543,A.Erickson,WR,CIN,IND,0,0,0.0,0,0.0,0.0,0.0,0,0.0,0,1,0,0.0,0,0.0,0.0,,,72.0,195.0,28.005125,4.0,Wisconsin,2016.0,2016.0,,,,0.025641026
2020,11,00-0032543,A.Erickson,WR,CIN,WAS,0,0,0.0,0,0.0,0.0,0.0,1,2.0,0,1,1,8.0,0,1.0,2.0,,,72.0,195.0,28.005125,4.0,Wisconsin,2016.0,2016.0,,,,0.022727273
2020,12,00-0032543,A.Erickson,WR,CIN,NYG,0,0,0.0,0,0.0,0.0,0.0,1,-4.0,0,0,0,0.0,0,-0.4,-0.4,,,72.0,195.0,28.005125,4.0,Wisconsin,2016.0,2016.0,,,-2.0,
2020,13,00-0032543,A.Erickson,WR,CIN,MIA,0,0,0.0,0,0.0,0.0,0.0,0,0.0,0,3,2,17.0,0,1.7,3.7,,,72.0,195.0,28.005125,4.0,Wisconsin,2016.0,2016.0,,,,0.11111111
2020,14,00-0032543,A.Erickson,WR,CIN,DAL,0,0,0.0,0,0.0,0.0,0.0,1,0.0,0,1,1,9.0,0,-1.1,-0.1,,,72.0,195.0,28.005125,4.0,Wisconsin,2016.0,2016.0,,,-23.0,0.02631579
2020,15,00-0032543,A.Erickson,WR,CIN,PIT,0,0,0.0,0,0.0,0.0,0.0,0,0.0,0,1,0,0.0,0,0.0,0.0,,,72.0,195.0,28.005125,4.0,Wisconsin,2016.0,2016.0,,,10.0,0.07692308
2020,16,00-0032543,A.Erickson,WR,CIN,HOU,0,1,0.0,0,0.0,0.0,-0.0,0,0.0,0,6,6,88.0,0,8.8,14.8,,,72.0,195.0,28.005125,4.0,Wisconsin,2016.0,2016.0,,,,0.15789473
2020,17,00-0032543,A.Erickson,WR,CIN,BAL,0,0,0.0,0,0.0,0.0,0.0,1,2.0,0,3,1,8.0,0,1.0,2.0,,,72.0,195.0,28.005125,4.0,Wisconsin,2016.0,2016.0,,,-35.0,0.15
2020,9,00-0032575,M.Skura,C,BAL,IND,0,0,0.0,0,0.0,0.0,0.0,1,0.0,0,0,0,0.0,0,0.0,0.0,,,75.0,313.0,27.74672222222222,4.0,Duke,2016.0,2016.0,,,,
2020,9,00-0032577,D.Foster,RB,ARI,MIA,0,0,0.0,0,0.0,0.0,0.0,1,2.0,0,1,1,7.0,0,0.9,1.9,,,72.0,205.0,26.9630625,4.0,Arizona State,2016.0,2016.0,,,-3.0,0.03846154
2020,16,00-0032577,D.Foster,RB,ARI,SF,0,0,0.0,0,0.0,0.0,0.0,1,0.0,0,0,0,0.0,0,0.0,0.0,,,72.0,205.0,26.9630625,4.0,Arizona State,2016.0,2016.0,,,-8.0,
2020,1,00-0032592,S.Neasman,CB,ATL,SEA,0,0,0.0,0,0.0,0.0,0.0,1,2.0,0,0,0,0.0,0,-1.8,-1.8,,,72.0,198.0,29.068875,4.0,Florida Atlantic,2016.0,2016.0,,,-13.0,
2020,1,00-0032602,J.McKissic,RB,WAS,PHI,0,0,0.0,0,0.0,0.0,0.0,3,-2.0,0,5,1,1.0,0,-0.1,0.9,,,70.0,195.0,27.244235294117647,4.0,Arkansas State,2016.0,2016.0,,,10.0,0.16666667
2020,2,00-0032602,J.McKissic,RB,WAS,ARI,0,0,0.0,0,0.0,0.0,0.0,8,53.0,0,0,0,0.0,0,5.3,5.3,,,70.0,195.0,27.244235294117647,4.0,Arkansas State,2016.0,2016.0,,,,
2020,3,00-0032602,J.McKissic,RB,WAS,CLE,0,0,0.0,0,0.0,0.0,0.0,5,15.0,0,4,3,37.0,0,5.2,8.2,,,70.0,195.0,27.244235294117647,4.0,Arkansas State,2016.0,2016.0,,,,0.11111111
2020,4,00-0032602,J.McKissic,RB,WAS,BAL,0,0,0.0,0,0.0,0.0,0.0,2,6.0,0,8,7,40.0,0,2.6,9.6,,,70.0,195.0,27.244235294117647,4.0,Arkansas State,2016.0,2016.0,,,-14.0,0.18181819
2020,5,00-0032602,J.McKissic,RB,WAS,LA,0,0,0.0,0,0.0,0.0,0.0,1,3.0,0,8,6,46.0,0,4.9,10.9,,,70.0,195.0,27.244235294117647,4.0,Arkansas State,2016.0,2016.0,,,-20.0,0.2857143
2020,6,00-0032602,J.McKissic,RB,WAS,NYG,0,0,0.0,0,0.0,0.0,0.0,8,41.0,0,6,6,43.0,0,8.4,14.4,,,70.0,195.0,27.244235294117647,4.0,Arkansas State,2016.0,2016.0,,,,0.15
2020,7,00-0032602,J.McKissic,RB,WAS,DAL,0,0,0.0,0,0.0,0.0,0.0,5,35.0,0,2,2,16.0,0,5.1,7.1,,,70.0,195.0,27.244235294117647,4.0,Arkansas State,2016.0,2016.0,,,22.0,0.0952381
2020,9,00-0032602,J.McKissic,RB,WAS,NYG,0,0,0.0,0,0.0,0.0,0.0,3,17.0,0,14,9,65.0,0,8.2,17.2,,,70.0,195.0,27.244235294117647,4.0,Arkansas State,2016.0,2016.0,,,-3.0,0.35897437
2020,10,00-0032602,J.McKissic,RB,WAS,DET,0,0,0.0,0,0.0,0.0,0.0,8,6.0,1,15,7,43.0,0,10.9,17.9,,,70.0,195.0,27.244235294117647,4.0,Arkansas State,2016.0,2016.0,,,,0.28846154
2020,11,00-0032602,J.McKissic,RB,WAS,CIN,0,0,0.0,0,0.0,0.0,0.0,6,43.0,0,4,3,26.0,0,6.9,9.9,,,70.0,195.0,27.244235294117647,4.0,Arkansas State,2016.0,2016.0,,,11.0,0.16666667
2020,12,00-0032602,J.McKissic,RB,WAS,DAL,0,0,0.0,0,0.0,0.0,0.0,1,6.0,0,2,2,21.0,0,2.7,4.7,,,70.0,195.0,27.244235294117647,4.0,Arkansas State,2016.0,2016.0,,,,0.083333336
2020,13,00-0032602,J.McKissic,RB,WAS,PIT,0,0,0.0,0,0.0,0.0,0.0,5,8.0,0,10,10,70.0,0,7.8,17.8,,,70.0,195.0,27.244235294117647,4.0,Arkansas State,2016.0,2016.0,,,,0.22727273
2020,14,00-0032602,J.McKissic,RB,WAS,SF,0,0,0.0,0,0.0,0.0,0.0,11,68.0,0,4,2,18.0,0,8.6,10.6,,,70.0,195.0,27.244235294117647,4.0,Arkansas State,2016.0,2016.0,,,,0.13793103
2020,15,00-0032602,J.McKissic,RB,WAS,SEA,0,0,0.0,0,0.0,0.0,0.0,13,51.0,0,10,9,56.0,1,16.7,25.7,,,70.0,195.0,27.244235294117647,4.0,Arkansas State,2016.0,2016.0,,,-5.0,0.18867925
2020,16,00-0032602,J.McKissic,RB,WAS,CAR,0,0,0.0,0,0.0,0.0,0.0,4,15.0,0,10,8,77.0,1,15.2,23.2,,,70.0,195.0,27.244235294117647,4.0,Arkansas State,2016.0,2016.0,,,-7.0,0.21276596
2020,17,00-0032602,J.McKissic,RB,WAS,PHI,0,0,0.0,0,0.0,0.0,0.0,2,0.0,0,8,5,30.0,0,3.0,8.0,,,70.0,195.0,27.244235294117647,4.0,Arkansas State,2016.0,2016.0,,,,0.27586207
2020,18,00-0032602,J.McKissic,RB,WAS,TB,0,0,0.0,0,0.0,0.0,0.0,2,5.0,1,3,2,8.0,0,7.3,9.3,,,70.0,195.0,27.244235294117647,4.0,Arkansas State,2016.0,2016.0,,,-8.0,0.07317073
2020,1,00-0032688,R.Chosen,WR,CAR,LV,0,0,0.0,0,0.0,0.0,0.0,0,0.0,0,8,6,114.0,1,19.4,25.4,,,75.0,190.0,27.49625,4.0,Temple,2016.0,2016.0,,,-4.0,0.23529412
2020,2,00-0032688,R.Chosen,WR,CAR,TB,0,0,0.0,0,0.0,0.0,0.0,0,0.0,0,10,9,109.0,0,8.9,17.9,,,75.0,190.0,27.49625,4.0,Temple,2016.0,2016.0,,,,0.25
2020,3,00-0032688,R.Chosen,WR,CAR,LAC,0,0,0.0,0,0.0,0.0,0.0,0,0.0,0,5,5,55.0,0,5.5,10.5,,,75.0,190.0,27.49625,4.0,Temple,2016.0,2016.0,,,,0.18518518
2020,4,00-0032688,R.Chosen,WR,CAR,ARI,0,0,0.0,0,0.0,0.0,0.0,0,0.0,0,11,8,99.0,0,9.9,17.9,,,75.0,190.0,27.49625,4.0,Temple,2016.0,2016.0,,,10.0,0.30555555
2020,5,00-0032688,R.Chosen,WR,CAR,ATL,0,0,0.0,0,0.0,0.0,0.0,1,3.0,0,12,8,112.0,0,11.5,19.5,,,75.0,190.0,27.49625,4.0,Temple,2016.0,2016.0,,,,0.3529412
2020,6,00-0032688,R.Chosen,WR,CAR,CHI,0,0,0.0,0,0.0,0.0,0.0,0,0.0,0,5,4,77.0,0,7.7,11.7,,,75.0,190.0,27.49625,4.0,Temple,2016.0,2016.0,,,-7.0,0.18518518
2020,7,00-0032688,R.Chosen,WR,CAR,NO,0,0,0.0,0,0.0,0.0,0.0,0,0.0,0,8,6,74.0,0,7.4,13.4,,,75.0,190.0,27.49625,4.0,Temple,2016.0,2016.0,,,,0.2962963
2020,8,00-0032688,R.Chosen,WR,CAR,ATL,0,0,0.0,0,0.0,0.0,0.0,0,0.0,0,8,5,48.0,0,4.8,9.8,,,75.0,190.0,27.49625,4.0,Temple,2016.0,2016.0,,,-8.0,0.30769232
2020,9,00-0032688,R.Chosen,WR,CAR,KC,0,0,0.0,0,0.0,0.0,0.0,0,0.0,0,13,9,63.0,0,6.3,15.3,,,75.0,190.0,27.49625,4.0,Temple,2016.0,2016.0,,,,0.29545453
2020,10,00-0032688,R.Chosen,WR,CAR,TB,0,0,0.0,0,0.0,0.0,0.0,0,0.0,0,6,4,21.0,0,2.1,6.1,,,75.0,190.0,27.49625,4.0,Temple,2016.0,2016.0,,,-23.0,0.21428572
2020,11,00-0032688,R.Chosen,WR,CAR,DET,0,0,0.0,0,0.0,0.0,0.0,0,0.0,0,9,7,46.0,0,4.6,11.6,,,75.0,190.0,27.49625,4.0,Temple,2016.0,2016.0,,,20.0,0.25714287
2020,12,00-0032688,R.Chosen,WR,CAR,MIN,0,0,0.0,0,0.0,0.0,0.0,0,0.0,0,7,4,94.0,1,15.4,19.4,,,75.0,190.0,27.49625,4.0,Temple,2016.0,2016.0,,,,0.21875
2020,14,00-0032688,R.Chosen,WR,CAR,DEN,0,0,0.0,0,0.0,0.0,0.0,2,13.0,0,12,8,84.0,0,9.7,17.7,,,75.0,190.0,27.49625,4.0,Temple,2016.0,2016.0,,,-5.0,0.30769232
2020,15,00-0032688,R.Chosen,WR,CAR,GB,0,0,0.0,0,0.0,0.0,0.0,1,-1.0,0,5,2,21.0,0,2.0,4.0,,,75.0,190.0,27.49625,4.0,Temple,2016.0,2016.0,,,,0.14705883
2020,16,00-0032688,R.Chosen,WR,CAR,WAS,0,0,0.0,0,0.0,0.0,0.0,0,0.0,0,10,7,39.0,1,9.9,16.9,,,75.0,190.0,27.49625,4.0,Temple,2016.0,2016.0,,,,0.35714287
2020,17,00-0032688,R.Chosen,WR,CAR,NO,0,0,0.0,0,0.0,0.0,0.0,0,0.0,0,7,3,40.0,0,4.0,7.0,,,75.0,190.0,27.49625,4.0,Temple,2016.0,2016.0,,,-26.0,0.19444445
2020,13,00-0032725,S.Anderson,TE,LAC,NE,0,0,0.0,0,0.0,0.0,0.0,0,0.0,0,2,1,6.0,0,0.6,1.6,,,75.0,230.0,27.776062500000002,4.0,California,2016.0,2016.0,,,-45.0,0.03846154
2020,16,00-0032725,S.Anderson,TE,LAC,DEN,0,0,0.0,0,0.0,0.0,0.0,0,0.0,0,6,4,48.0,0,4.8,8.8,,,75.0,230.0,27.776062500000002,4.0,California,2016.0,2016.0,,,3.0,0.18181819
2020,17,00-0032725,S.Anderson,TE,LAC,KC,0,0,0.0,0,0.0,0.0,0.0,0,0.0,0,3,3,52.0,0,5.2,8.2,,,75.0,230.0,27.776062500000002,4.0,California,2016.0,2016.0,,,,0.1
2020,1,00-0032741,P.Barber,RB,WAS,PHI,0,0,0.0,0,0.0,0.0,0.0,17,29.0,2,0,0,0.0,0,14.9,14.9,,,71.0,225.0,26.707588235294118,4.0,Auburn,2016.0,2016.0,,,10.0,
2020,2,00-0032741,P.Barber,RB,WAS,ARI,0,0,0.0,0,0.0,0.0,0.0,1,1.0,0,0,0,0.0,0,0.1,0.1,,,71.0,225.0,26.707588235294118,4.0,Auburn,2016.0,2016.0,,,,
2020,3,00-0032741,P.Barber,RB,WAS,CLE,0,0,0.0,0,0.0,0.0,0.0,3,6.0,0,0,0,0.0,0,0.6,0.6,,,71.0,225.0,26.707588235294118,4.0,Auburn,2016.0,2016.0,,,,
2020,4,00-0032741,P.Barber,RB,WAS,BAL,0,0,0.0,0,0.0,0.0,0.0,3,5.0,0,1,0,0.0,0,0.5,0.5,,,71.0,225.0,26.707588235294118,4.0,Auburn,2016.0,2016.0,,,-14.0,0.022727273
2020,6,00-0032741,P.Barber,RB,WAS,NYG,0,0,0.0,0,0.0,0.0,0.0,4,6.0,0,1,1,4.0,0,1.0,2.0,,,71.0,225.0,26.707588235294118,4.0,Auburn,2016.0,2016.0,,,,0.025
2020,7,00-0032741,P.Barber,RB,WAS,DAL,0,0,0.0,0,0.0,0.0,0.0,10,34.0,0,0,0,0.0,0,3.4,3.4,,,71.0,225.0,26.707588235294118,4.0,Auburn,2016.0,2016.0,,,22.0,
2020,10,00-0032741,P.Barber,RB,WAS,DET,0,0,0.0,0,0.0,0.0,0.0,2,7.0,0,1,1,7.0,0,1.4,2.4,,,71.0,225.0,26.707588235294118,4.0,Auburn,2016.0,2016.0,,,,0.01923077
2020,11,00-0032741,P.Barber,RB,WAS,CIN,0,0,0.0,0,0.0,0.0,0.0,8,28.0,0,0,0,0.0,0,2.8,2.8,,,71.0,225.0,26.707588235294118,4.0,Auburn,2016.0,2016.0,,,11.0,
2020,12,00-0032741,P.Barber,RB,WAS,DAL,0,0,0.0,0,0.0,0.0,0.0,11,57.0,0,0,0,0.0,0,5.7,5.7,,,71.0,225.0,26.707588235294118,4.0,Auburn,2016.0,2016.0,,,,
2020,13,00-0032741,P.Barber,RB,WAS,PIT,0,0,0.0,0,0.0,0.0,0.0,14,23.0,1,0,0,0.0,0,8.3,8.3,,,71.0,225.0,26.707588235294118,4.0,Auburn,2016.0,2016.0,,,,
2020,14,00-0032741,P.Barber,RB,WAS,SF,0,0,0.0,0,0.0,0.0,0.0,12,37.0,0,3,2,1.0,0,3.8,5.8,,,71.0,225.0,26.707588235294118,4.0,Auburn,2016.0,2016.0,,,,0.10344828
2020,15,00-0032741,P.Barber,RB,WAS,SEA,0,0,0.0,0,0.0,0.0,0.0,4,5.0,1,1,0,0.0,0,6.5,6.5,,,71.0,225.0,26.707588235294118,4.0,Auburn,2016.0,2016.0,,,-5.0,0.018867925
2020,16,00-0032741,P.Barber,RB,WAS,CAR,0,0,0.0,0,0.0,0.0,0.0,1,10.0,0,0,0,0.0,0,1.0,1.0,,,71.0,225.0,26.707588235294118,4.0,Auburn,2016.0,2016.0,,,-7.0,
2020,17,00-0032741,P.Barber,RB,WAS,PHI,0,0,0.0,0,0.0,0.0,0.0,4,10.0,0,0,0,0.0,0,1.0,1.0,,,71.0,225.0,26.707588235294118,4.0,Auburn,2016.0,2016.0,,,,
2020,1,00-0032764,D.Henry,RB,TEN,DEN,0,0,0.0,0,0.0,0.0,0.0,31,116.0,0,3,3,15.0,0,13.1,16.1,,,75.0,247.0,26.86035294117647,4.0,Alabama,2016.0,2016.0,TEN,45.0,,0.075
2020,2,00-0032764,D.Henry,RB,TEN,JAX,0,0,0.0,0,0.0,0.0,0.0,25,84.0,0,2,0,0.0,0,8.4,8.4,,,75.0,247.0,26.86035294117647,4.0,Alabama,2016.0,2016.0,TEN,45.0,3.0,0.083333336
2020,3,00-0032764,D.Henry,RB,TEN,MIN,0,0,0.0,0,0.0,0.0,0.0,26,119.0,2,3,2,11.0,0,25.0,27.0,,,75.0,247.0,26.86035294117647,4.0,Alabama,2016.0,2016.0,TEN,45.0,,0.09090909
2020,5,00-0032764,D.Henry,RB,TEN,BUF,0,0,0.0,0,0.0,0.0,0.0,19,57.0,2,2,1,6.0,0,18.3,19.3,,,75.0,247.0,26.86035294117647,4.0,Alabama,2016.0,2016.0,TEN,45.0,26.0,0.071428575
2020,6,00-0032764,D.Henry,RB,TEN,HOU,0,0,0.0,0,0.0,0.0,0.0,22,212.0,2,5,2,52.0,0,38.4,40.4,,,75.0,247.0,26.86035294117647,4.0,Alabama,2016.0,2016.0,TEN,45.0,6.0,0.12195122
2020,7,00-0032764,D.Henry,RB,TEN,PIT,0,0,0.0,0,0.0,0.0,0.0,20,75.0,1,2,2,-3.0,0,13.2,15.2,,,75.0,247.0,26.86035294117647,4.0,Alabama,2016.0,2016.0,TEN,45.0,-3.0,0.06666667
2020,8,00-0032764,D.Henry,RB,TEN,CIN,0,0,0.0,0,0.0,0.0,0.0,18,112.0,1,1,0,0.0,0,17.2,17.2,,,75.0,247.0,26.86035294117647,4.0,Alabama,2016.0,2016.0,TEN,45.0,,0.03448276
2020,9,00-0032764,D.Henry,RB,TEN,CHI,0,0,0.0,0,0.0,0.0,0.0,21,68.0,0,0,0,0.0,0,6.8,6.8,,,75.0,247.0,26.86035294117647,4.0,Alabama,2016.0,2016.0,TEN,45.0,7.0,
2020,10,00-0032764,D.Henry,RB,TEN,IND,0,0,0.0,0,0.0,0.0,0.0,19,103.0,0,2,1,6.0,0,10.9,11.9,,,75.0,247.0,26.86035294117647,4.0,Alabama,2016.0,2016.0,TEN,45.0,-17.0,0.074074075
2020,11,00-0032764,D.Henry,RB,TEN,BAL,0,0,0.0,0,0.0,0.0,0.0,28,133.0,1,2,1,-1.0,0,19.2,20.2,,,75.0,247.0,26.86035294117647,4.0,Alabama,2016.0,2016.0,TEN,45.0,,0.0625
2020,12,00-0032764,D.Henry,RB,TEN,IND,0,0,0.0,0,0.0,0.0,0.0,27,178.0,3,4,2,7.0,0,36.5,38.5,,,75.0,247.0,26.86035294117647,4.0,Alabama,2016.0,2016.0,TEN,45.0,,0.2
2020,13,00-0032764,D.Henry,RB,TEN,CLE,0,0,0.0,0,0.0,0.0,0.0,15,60.0,0,1,1,9.0,0,4.9,5.9,,,75.0,247.0,26.86035294117647,4.0,Alabama,2016.0,2016.0,TEN,45.0,-6.0,0.023809524
2020,14,00-0032764,D.Henry,RB,TEN,JAX,0,0,0.0,0,0.0,0.0,0.0,26,215.0,2,2,2,7.0,0,34.2,36.2,,,75.0,247.0,26.86035294117647,4.0,Alabama,2016.0,2016.0,TEN,45.0,,0.08695652
2020,15,00-0032764,D.Henry,RB,TEN,DET,0,0,0.0,0,0.0,0.0,0.0,24,147.0,1,2,2,5.0,0,23.2,25.2,,,75.0,247.0,26.86035294117647,4.0,Alabama,2016.0,2016.0,TEN,45.0,21.0,0.07692308
2020,16,00-0032764,D.Henry,RB,TEN,GB,0,0,0.0,0,0.0,0.0,0.0,23,98.0,0,0,0,0.0,0,9.8,9.8,,,75.0,247.0,26.86035294117647,4.0,Alabama,2016.0,2016.0,TEN,45.0,,
2020,17,00-0032764,D.Henry,RB,TEN,HOU,0,0,0.0,0,0.0,0.0,0.0,34,250.0,2,0,0,0.0,0,35.0,35.0,,,75.0,247.0,26.86035294117647,4.0,Alabama,2016.0,2016.0,TEN,45.0,,
2020,18,00-0032764,D.Henry,RB,TEN,BAL,0,0,0.0,0,0.0,0.0,0.0,18,40.0,0,3,3,11.0,0,5.1,8.1,,,75.0,247.0,26.86035294117647,4.0,Alabama,2016.0,2016.0,TEN,45.0,-7.0,0.115384616
2020,1,00-0032765,M.Thomas,WR,NO,TB,0,0,0.0,0,0.0,0.0,0.0,0,0.0,0,5,3,17.0,0,1.7,4.7,,,75.0,212.0,27.708555555555556,4.0,Ohio State,2016.0,2016.0,NO,47.0,11.0,0.16666667
2020,9,00-0032765,M.Thomas,WR,NO,TB,0,0,0.0,0,0.0,0.0,0.0,0,0.0,0,6,5,51.0,0,5.1,10.1,,,75.0,212.0,27.708555555555556,4.0,Ohio State,2016.0,2016.0,NO,47.0,,0.1764706
2020,10,00-0032765,M.Thomas,WR,NO,SF,0,0,0.0,0,0.0,0.0,0.0,0,0.0,0,7,2,27.0,0,2.7,4.7,,,75.0,212.0,27.708555555555556,4.0,Ohio State,2016.0,2016.0,NO,47.0,14.0,0.3043478
2020,11,00-0032765,M.Thomas,WR,NO,ATL,0,0,0.0,0,0.0,0.0,0.0,0,0.0,0,12,9,104.0,0,10.4,19.4,,,75.0,212.0,27.708555555555556,4.0,Ohio State,2016.0,2016.0,NO,47.0,15.0,0.5217391
2020,12,00-0032765,M.Thomas,WR,NO,DEN,0,0,0.0,0,0.0,0.0,0.0,1,1.0,0,6,4,50.0,0,5.1,9.1,,,75.0,212.0,27.708555555555556,4.0,Ohio State,2016.0,2016.0,NO,47.0,,0.42857143
2020,13,00-0032765,M.Thomas,WR,NO,ATL,0,0,0.0,0,0.0,0.0,0.0,0,0.0,0,11,9,105.0,0,10.5,19.5,,,75.0,212.0,27.708555555555556,4.0,Ohio State,2016.0,2016.0,NO,47.0,,0.2972973
2020,14,00-0032765,M.Thomas,WR,NO,PHI,0,0,0.0,0,0.0,0.0,0.0,0,0.0,0,8,8,84.0,0,8.4,16.4,,,75.0,212.0,27.708555555555556,4.0,Ohio State,2016.0,2016.0,NO,47.0,,0.21621622
2020,18,00-0032765,M.Thomas,WR,NO,CHI,0,0,0.0,0,0.0,0.0,0.0,0,0.0,0,7,5,73.0,1,13.3,18.3,,,75.0,212.0,27.708555555555556,4.0,Ohio State,2016.0,2016.0,NO,47.0,12.0,0.19444445
2020,19,00-0032765,M.Thomas,WR,NO,TB,0,0,0.0,0,0.0,0.0,0.0,0,0.0,0,4,0,0.0,0,0.0,0.0,,,75.0,212.0,27.708555555555556,4.0,Ohio State,2016.0,2016.0,NO,47.0,-10.0,0.114285715
2020,1,00-0032775,D.Robinson,WR,KC,HOU,0,0,0.0,0,0.0,0.0,0.0,0,0.0,0,6,3,20.0,0,2.0,5.0,,,73.0,203.0,26.166105263157895,4.0,Florida,2016.0,2016.0,KC,126.0,14.0,0.1875
2020,2,00-0032775,D.Robinson,WR,KC,LAC,0,0,0.0,0,0.0,0.0,0.0,0,0.0,0,4,3,28.0,0,2.8,5.8,,,73.0,203.0,26.166105263157895,4.0,Florida,2016.0,2016.0,KC,126.0,,0.08888889
2020,3,00-0032775,D.Robinson,WR,KC,BAL,0,0,0.0,0,0.0,0.0,0.0,0,0.0,0,1,0,0.0,0,0.0,0.0,,,73.0,203.0,26.166105263157895,4.0,Florida,2016.0,2016.0,KC,126.0,,0.024390243
2020,5,00-0032775,D.Robinson,WR,KC,LV,0,0,0.0,0,0.0,0.0,0.0,0,0.0,0,4,2,2.0,0,0.2,2.2,,,73.0,203.0,26.166105263157895,4.0,Florida,2016.0,2016.0,KC,126.0,-8.0,0.0952381
2020,6,00-0032775,D.Robinson,WR,KC,BUF,0,0,0.0,0,0.0,0.0,0.0,0,0.0,0,6,5,69.0,0,6.9,11.9,,,73.0,203.0,26.166105263157895,4.0,Florida,2016.0,2016.0,KC,126.0,,0.23076923
2020,7,00-0032775,D.Robinson,WR,KC,DEN,0,0,0.0,0,0.0,0.0,0.0,0,0.0,0,1,1,4.0,0,0.4,1.4,,,73.0,203.0,26.166105263157895,4.0,Florida,2016.0,2016.0,KC,126.0,,0.041666668
2020,8,00-0032775,D.Robinson,WR,KC,NYJ,0,0,0.0,0,0.0,0.0,0.0,0,0.0,0,5,4,63.0,1,12.3,16.3,,,73.0,203.0,26.166105263157895,4.0,Florida,2016.0,2016.0,KC,126.0,26.0,0.10638298
2020,9,00-0032775,D.Robinson,WR,KC,CAR,0,0,0.0,0,0.0,0.0,0.0,0,0.0,0,3,3,34.0,1,7.4,10.4,,,73.0,203.0,26.166105263157895,4.0,Florida,2016.0,2016.0,KC,126.0,2.0,0.06818182
2020,11,00-0032775,D.Robinson,WR,KC,LV,0,0,0.0,0,0.0,0.0,0.0,0,0.0,0,8,6,44.0,0,4.4,10.4,,,73.0,203.0,26.166105263157895,4.0,Florida,2016.0,2016.0,KC,126.0,,0.18181819
2020,12,00-0032775,D.Robinson,WR,KC,TB,0,0,0.0,0,0.0,0.0,0.0,0,0.0,0,6,5,36.0,0,3.6,8.6,,,73.0,203.0,26.166105263157895,4.0,Florida,2016.0,2016.0,KC,126.0,,0.13043478
2020,13,00-0032775,D.Robinson,WR,KC,DEN,0,0,0.0,0,0.0,0.0,0.0,0,0.0,0,2,2,39.0,0,3.9,5.9,,,73.0,203.0,26.166105263157895,4.0,Florida,2016.0,2016.0,KC,126.0,6.0,0.05
2020,14,00-0032775,D.Robinson,WR,KC,MIA,0,0,0.0,0,0.0,0.0,0.0,0,0.0,0,1,1,13.0,0,1.3,2.3,,,73.0,203.0,26.166105263157895,4.0,Florida,2016.0,2016.0,KC,126.0,,0.029411765
2020,15,00-0032775,D.Robinson,WR,KC,NO,0,0,0.0,0,0.0,0.0,0.0,0,0.0,0,3,2,27.0,0,2.7,4.7,,,73.0,203.0,26.166105263157895,4.0,Florida,2016.0,2016.0,KC,126.0,,0.06818182
2020,16,00-0032775,D.Robinson,WR,KC,ATL,0,0,0.0,0,0.0,0.0,0.0,0,0.0,0,2,2,29.0,1,8.9,10.9,,,73.0,203.0,26.166105263157895,4.0,Florida,2016.0,2016.0,KC,126.0,3.0,0.04761905
2020,17,00-0032775,D.Robinson,WR,KC,LAC,0,0,0.0,0,0.0,0.0,0.0,0,0.0,0,7,6,58.0,0,5.8,11.8,,,73.0,203.0,26.166105263157895,4.0,Florida,2016.0,2016.0,KC,126.0,-17.0,0.22580644
2020,19,00-0032775,D.Robinson,WR,KC,CLE,0,0,0.0,0,0.0,0.0,0.0,0,0.0,0,3,1,14.0,0,1.4,2.4,,,73.0,203.0,26.166105263157895,4.0,Florida,2016.0,2016.0,KC,126.0,5.0,0.08108108
2020,21,00-0032775,D.Robinson,WR,KC,TB,0,0,0.0,0,0.0,0.0,0.0,0,0.0,0,2,1,11.0,0,1.1,2.1,,,73.0,203.0,26.166105263157895,4.0,Florida,2016.0,2016.0,KC,126.0,,0.04347826
2020,1,00-0032778,T.Sharpe,WR,MIN,GB,0,0,0.0,0,0.0,0.0,0.0,0,0.0,0,1,0,0.0,0,0.0,0.0,,,76.0,194.0,25.914578947368422,4.0,Massachusetts,2016.0,2016.0,TEN,140.0,-9.0,0.04
2020,12,00-0032778,T.Sharpe,WR,MIN,CAR,0,0,0.0,0,0.0,0.0,0.0,0,0.0,0,1,0,0.0,0,0.0,0.0,,,76.0,194.0,25.914578947368422,4.0,Massachusetts,2016.0,2016.0,TEN,140.0,1.0,0.023255814
2020,14,00-0032778,T.Sharpe,WR,MIN,TB,0,0,0.0,0,0.0,0.0,0.0,0,0.0,0,1,0,0.0,0,0.0,0.0,,,76.0,194.0,25.914578947368422,4.0,Massachusetts,2016.0,2016.0,TEN,140.0,,0.028571429
2020,1,00-0032780,J.Howard,RB,MIA,NE,0,0,0.0,0,0.0,0.0,0.0,8,7.0,1,0,0,0.0,0,6.7,6.7,,,72.0,224.0,26.019875,4.0,Indiana,2016.0,2016.0,CHI,150.0,,
2020,2,00-0032780,J.Howard,RB,MIA,BUF,0,0,0.0,0,0.0,0.0,0.0,5,4.0,1,0,0,0.0,0,6.4,6.4,,,72.0,224.0,26.019875,4.0,Indiana,2016.0,2016.0,CHI,150.0,-3.0,
2020,3,00-0032780,J.Howard,RB,MIA,JAX,0,0,0.0,0,0.0,0.0,0.0,3,1.0,1,0,0,0.0,0,6.1,6.1,,,72.0,224.0,26.019875,4.0,Indiana,2016.0,2016.0,CHI,150.0,,
2020,4,00-0032780,J.Howard,RB,MIA,SEA,0,0,0.0,0,0.0,0.0,0.0,2,2.0,0,1,1,-3.0,0,-0.1,0.9,,,72.0,224.0,26.019875,4.0,Indiana,2016.0,2016.0,CHI,150.0,-8.0,0.022222223
2020,9,00-0032780,J.Howard,RB,MIA,ARI,0,0,0.0,0,0.0,0.0,0.0,10,19.0,1,0,0,0.0,0,7.9,7.9,,,72.0,224.0,26.019875,4.0,Indiana,2016.0,2016.0,CHI,150.0,,
2020,13,00-0032780,J.Howard,RB,PHI,GB,0,0,0.0,0,0.0,0.0,0.0,4,19.0,0,0,0,0.0,0,1.9,1.9,,,72.0,224.0,26.019875,4.0,Indiana,2016.0,2016.0,CHI,150.0,,
2020,16,00-0032780,J.Howard,RB,PHI,DAL,0,0,0.0,0,0.0,0.0,0.0,3,8.0,0,0,0,0.0,0,0.8,0.8,,,72.0,224.0,26.019875,4.0,Indiana,2016.0,2016.0,CHI,150.0,,
2020,1,00-0032791,J.Grant,WR,MIA,NE,0,0,0.0,0,0.0,0.0,0.0,0,0.0,0,3,3,25.0,0,2.5,5.5,,,67.0,169.0,28.02625,4.0,Texas Tech,2016.0,2016.0,MIA,186.0,,0.1
2020,2,00-0032791,J.Grant,WR,MIA,BUF,0,0,0.0,0,0.0,0.0,0.0,0,0.0,0,1,1,2.0,0,0.2,1.2,,,67.0,169.0,28.02625,4.0,Texas Tech,2016.0,2016.0,MIA,186.0,-3.0,0.02173913
2020,3,00-0032791,J.Grant,WR,MIA,JAX,0,0,0.0,0,0.0,0.0,0.0,1,29.0,0,1,1,19.0,0,4.8,5.8,,,67.0,169.0,28.02625,4.0,Texas Tech,2016.0,2016.0,MIA,186.0,,0.05
2020,4,00-0032791,J.Grant,WR,MIA,SEA,0,0,0.0,0,0.0,0.0,0.0,0,0.0,0,5,3,36.0,0,3.6,6.6,,,67.0,169.0,28.02625,4.0,Texas Tech,2016.0,2016.0,MIA,186.0,-8.0,0.11111111
2020,5,00-0032791,J.Grant,WR,MIA,SF,0,0,0.0,0,0.0,0.0,0.0,1,-12.0,0,3,1,6.0,0,-0.6,0.4,,,67.0,169.0,28.02625,4.0,Texas Tech,2016.0,2016.0,MIA,186.0,,0.11111111
2020,6,00-0032791,J.Grant,WR,MIA,NYJ,0,0,0.0,0,0.0,0.0,0.0,0,0.0,0,4,4,48.0,0,4.8,8.8,,,67.0,169.0,28.02625,4.0,Texas Tech,2016.0,2016.0,MIA,186.0,24.0,0.13793103
2020,8,00-0032791,J.Grant,WR,MIA,LA,0,0,0.0,0,0.0,0.0,0.0,0,0.0,0,2,1,15.0,0,7.5,8.5,,,67.0,169.0,28.02625,4.0,Texas Tech,2016.0,2016.0,MIA,186.0,11.0,0.09090909
2020,9,00-0032791,J.Grant,WR,MIA,ARI,0,0,0.0,0,0.0,0.0,0.0,0,0.0,0,5,4,35.0,0,3.5,7.5,,,67.0,169.0,28.02625,4.0,Texas Tech,2016.0,2016.0,MIA,186.0,,0.1923077
2020,10,00-0032791,J.Grant,WR,MIA,LAC,0,0,0.0,0,0.0,0.0,0.0,0,0.0,0,5,4,43.0,1,10.3,14.3,,,67.0,169.0,28.02625,4.0,Texas Tech,2016.0,2016.0,MIA,186.0,8.0,0.20833333
2020,11,00-0032791,J.Grant,WR,MIA,DEN,0,0,0.0,0,0.0,0.0,0.0,1,3.0,0,6,2,12.0,0,1.5,3.5,,,67.0,169.0,28.02625,4.0,Texas Tech,2016.0,2016.0,MIA,186.0,,0.16216215
2020,12,00-0032791,J.Grant,WR,MIA,NYJ,0,0,0.0,0,0.0,0.0,0.0,0,0.0,0,2,2,15.0,0,1.5,3.5,,,67.0,169.0,28.02625,4.0,Texas Tech,2016.0,2016.0,MIA,186.0,,0.051282052
2020,13,00-0032791,J.Grant,WR,MIA,CIN,0,0,0.0,0,0.0,0.0,0.0,0,0.0,0,6,2,42.0,0,4.2,6.2,,,67.0,169.0,28.02625,4.0,Texas Tech,2016.0,2016.0,MIA,186.0,12.0,0.15789473
2020,14,00-0032791,J.Grant,WR,MIA,KC,0,0,0.0,0,0.0,0.0,0.0,0,0.0,0,5,3,32.0,0,3.2,6.2,,,67.0,169.0,28.02625,4.0,Texas Tech,2016.0,2016.0,MIA,186.0,-6.0,0.10869565
2020,16,00-0032791,J.Grant,WR,MIA,LV,0,0,0.0,0,0.0,0.0,0.0,0,0.0,0,6,5,43.0,0,4.3,9.3,,,67.0,169.0,28.02625,4.0,Texas Tech,2016.0,2016.0,MIA,186.0,,0.1764706
2020,17,00-0032792,N.Sudfeld,QB,PHI,WAS,5,12,32.0,0,1.0,2.0,16.0,2,12.0,0,0,0,0.0,0,-1.52,-1.52,,,78.0,227.0,27.0879375,4.0,Indiana,2016.0,2016.0,WAS,187.0,-6.0,
2020,5,00-0032807,C.Fejedelem,SS,MIA,SF,0,0,0.0,0,0.0,0.0,0.0,1,1.0,0,0,0,0.0,0,0.1,0.1,,,72.0,205.0,27.4376875,4.0,Illinois,2016.0,2016.0,CIN,245.0,,
2020,16,00-0032807,C.Fejedelem,SS,MIA,LV,0,0,0.0,0,0.0,0.0,0.0,1,22.0,0,0,0,0.0,0,2.2,2.2,,,72.0,205.0,27.4376875,4.0,Illinois,2016.0,2016.0,CIN,245.0,,
2020,5,00-0032813,E.Penny,RB,NYG,DAL,0,0,0.0,0,0.0,0.0,0.0,1,3.0,0,0,0,0.0,0,0.3,0.3,,,73.0,234.0,27.22525,4.0,Idaho,2016.0,2016.0,,,,
2020,8,00-0032813,E.Penny,RB,NYG,TB,0,0,0.0,0,0.0,0.0,0.0,0,0.0,0,1,1,11.0,0,1.1,2.1,,,73.0,234.0,27.22525,4.0,Idaho,2016.0,2016.0,,,-2.0,0.024390243
2020,9,00-0032813,E.Penny,RB,NYG,WAS,0,0,0.0,0,0.0,0.0,0.0,1,2.0,0,1,0,0.0,0,0.2,0.2,,,73.0,234.0,27.22525,4.0,Idaho,2016.0,2016.0,,,,0.030303031
2020,10,00-0032813,E.Penny,RB,NYG,PHI,0,0,0.0,0,0.0,0.0,0.0,1,0.0,0,0,0,0.0,0,0.0,0.0,,,73.0,234.0,27.22525,4.0,Idaho,2016.0,2016.0,,,10.0,
2020,13,00-0032813,E.Penny,RB,NYG,SEA,0,0,0.0,0,0.0,0.0,0.0,2,8.0,0,0,0,0.0,0,0.8,0.8,,,73.0,234.0,27.22525,4.0,Idaho,2016.0,2016.0,,,,
2020,15,00-0032813,E.Penny,RB,NYG,CLE,0,0,0.0,0,0.0,0.0,0.0,1,2.0,0,1,1,9.0,0,1.1,2.1,,,73.0,234.0,27.22525,4.0,Idaho,2016.0,2016.0,,,-14.0,0.03125
2020,8,00-0032881,T.Lewis,WR,NO,CHI,0,0,0.0,0,0.0,0.0,0.0,0,0.0,0,1,1,5.0,0,0.5,1.5,,,67.0,168.0,28.092066666666664,4.0,Northern Illinois,2016.0,2016.0,,,,0.024390243
2020,13,00-0032881,T.Lewis,WR,NO,ATL,0,0,0.0,0,0.0,0.0,0.0,1,16.0,0,1,0,0.0,0,1.6,1.6,,,67.0,168.0,28.092066666666664,4.0,Northern Illinois,2016.0,2016.0,,,,0.027027028
2020,15,00-0032881,T.Lewis,WR,NO,KC,0,0,0.0,0,0.0,0.0,0.0,0,0.0,0,1,0,0.0,0,0.0,0.0,,,67.0,168.0,28.092066666666664,4.0,Northern Illinois,2016.0,2016.0,,,-3.0,0.030303031
2020,17,00-0032881,T.Lewis,WR,NO,CAR,0,0,0.0,0,0.0,0.0,0.0,1,-2.0,0,0,0,0.0,0,-0.2,-0.2,,,67.0,168.0,28.092066666666664,4.0,Northern Illinois,2016.0,2016.0,,,,
2020,18,00-0032897,D.Watt,FB,PIT,CLE,0,0,0.0,0,0.0,0.0,0.0,2,2.0,0,0,0,0.0,0,0.2,0.2,,,74.0,234.0,28.019470588235293,4.0,Wisconsin,2016.0,2016.0,SD,198.0,-11.0,
2020,2,00-0032918,C.Ham,FB,MIN,IND,0,0,0.0,0,0.0,0.0,0.0,1,4.0,0,0,0,0.0,0,0.4,0.4,,,71.0,235.0,27.3013125,4.0,"Augustana, S.D.",2016.0,2016.0,,,,
2020,3,00-0032918,C.Ham,FB,MIN,TEN,0,0,0.0,0,0.0,0.0,0.0,0,0.0,0,2,1,11.0,0,1.1,2.1,,,71.0,235.0,27.3013125,4.0,"Augustana, S.D.",2016.0,2016.0,,,-1.0,0.08
2020,4,00-0032918,C.Ham,FB,MIN,HOU,0,0,0.0,0,0.0,0.0,0.0,1,2.0,0,0,0,0.0,0,0.2,0.2,,,71.0,235.0,27.3013125,4.0,"Augustana, S.D.",2016.0,2016.0,,,,
2020,5,00-0032918,C.Ham,FB,MIN,SEA,0,0,0.0,0,0.0,0.0,0.0,0,0.0,0,2,0,0.0,0,0.0,0.0,,,71.0,235.0,27.3013125,4.0,"Augustana, S.D.",2016.0,2016.0,,,,0.05263158
2020,8,00-0032918,C.Ham,FB,MIN,GB,0,0,0.0,0,0.0,0.0,0.0,1,2.0,0,0,0,0.0,0,0.2,0.2,,,71.0,235.0,27.3013125,4.0,"Augustana, S.D.",2016.0,2016.0,,,,
2020,10,00-0032918,C.Ham,FB,MIN,CHI,0,0,0.0,0,0.0,0.0,0.0,0,0.0,0,1,1,8.0,0,0.8,1.8,,,71.0,235.0,27.3013125,4.0,"Augustana, S.D.",2016.0,2016.0,,,,0.03125
2020,11,00-0032918,C.Ham,FB,MIN,DAL,0,0,0.0,0,0.0,0.0,0.0,0,0.0,0,1,0,0.0,0,0.0,0.0,,,71.0,235.0,27.3013125,4.0,"Augustana, S.D.",2016.0,2016.0,,,-3.0,0.035714287
2020,12,00-0032918,C.Ham,FB,MIN,CAR,0,0,0.0,0,0.0,0.0,0.0,1,10.0,0,0,0,0.0,0,1.0,1.0,,,71.0,235.0,27.3013125,4.0,"Augustana, S.D.",2016.0,2016.0,,,1.0,
2020,13,00-0032918,C.Ham,FB,MIN,JAX,0,0,0.0,0,0.0,0.0,0.0,0,0.0,0,1,1,12.0,1,7.2,8.2,,,71.0,235.0,27.3013125,4.0,"Augustana, S.D.",2016.0,2016.0,,,3.0,0.025
2020,14,00-0032918,C.Ham,FB,MIN,TB,0,0,0.0,0,0.0,0.0,0.0,1,0.0,0,3,3,22.0,0,2.2,5.2,,,71.0,235.0,27.3013125,4.0,"Augustana, S.D.",2016.0,2016.0,,,,0.08571429
2020,17,00-0032918,C.Ham,FB,MIN,DET,0,0,0.0,0,0.0,0.0,0.0,0,0.0,0,3,2,44.0,0,4.4,6.4,,,71.0,235.0,27.3013125,4.0,"Augustana, S.D.",2016.0,2016.0,,,,0.078947365
2020,7,00-0032940,D.Washington,RB,KC,DEN,0,0,0.0,0,0.0,0.0,0.0,3,5.0,0,1,1,2.0,0,0.7,1.7,,,68.0,210.0,27.70964705882353,4.0,Texas Tech,2016.0,2016.0,OAK,143.0,,0.041666668
2020,10,00-0032940,D.Washington,RB,MIA,LAC,0,0,0.0,0,0.0,0.0,0.0,2,2.0,0,0,0,0.0,0,0.2,0.2,,,68.0,210.0,27.70964705882353,4.0,Texas Tech,2016.0,2016.0,OAK,143.0,8.0,
2020,12,00-0032940,D.Washington,RB,MIA,NYJ,0,0,0.0,0,0.0,0.0,0.0,13,49.0,0,5,2,11.0,0,6.0,8.0,,,68.0,210.0,27.70964705882353,4.0,Texas Tech,2016.0,2016.0,OAK,143.0,,0.12820514
2020,14,00-0032940,D.Washington,RB,MIA,KC,0,0,0.0,0,0.0,0.0,0.0,13,35.0,0,4,2,17.0,0,5.2,7.2,,,68.0,210.0,27.70964705882353,4.0,Texas Tech,2016.0,2016.0,OAK,143.0,-6.0,0.08695652
2020,15,00-0032943,R.Dixon,P,NYG,CLE,0,1,0.0,0,0.0,0.0,-0.0,0,0.0,0,0,0,0.0,0,0.0,0.0,,,77.0,221.0,27.2061875,4.0,Syracuse,2016.0,2016.0,DEN,228.0,-14.0,
2020,1,00-0032950,C.Wentz,QB,PHI,WAS,24,42,270.0,2,2.0,8.0,62.0,1,2.0,0,0,0,0.0,0,13.0,13.0,,,77.0,237.0,27.85725,4.0,North Dakota State,2016.0,2016.0,PHI,2.0,,
2020,2,00-0032950,C.Wentz,QB,PHI,LA,26,43,242.0,0,2.0,0.0,-0.0,2,7.0,1,0,0,0.0,0,12.38,12.38,,,77.0,237.0,27.85725,4.0,North Dakota State,2016.0,2016.0,PHI,2.0,-18.0,
2020,3,00-0032950,C.Wentz,QB,PHI,CIN,29,47,225.0,1,2.0,3.0,19.0,9,65.0,1,0,0,0.0,0,21.5,21.5,,,77.0,237.0,27.85725,4.0,North Dakota State,2016.0,2016.0,PHI,2.0,0.0,
2020,4,00-0032950,C.Wentz,QB,PHI,SF,18,28,193.0,1,1.0,3.0,19.0,7,37.0,1,0,0,0.0,0,21.42,21.42,,,77.0,237.0,27.85725,4.0,North Dakota State,2016.0,2016.0,PHI,2.0,,
2020,5,00-0032950,C.Wentz,QB,PHI,PIT,20,35,258.0,2,2.0,5.0,34.0,4,11.0,0,0,0,0.0,0,17.42,17.42,,,77.0,237.0,27.85725,4.0,North Dakota State,2016.0,2016.0,PHI,2.0,,
2020,6,00-0032950,C.Wentz,QB,PHI,BAL,21,40,213.0,2,0.0,6.0,43.0,5,49.0,1,0,0,0.0,0,29.42,29.42,,,77.0,237.0,27.85725,4.0,North Dakota State,2016.0,2016.0,PHI,2.0,-2.0,
2020,7,00-0032950,C.Wentz,QB,PHI,NYG,25,43,359.0,2,1.0,3.0,13.0,7,14.0,1,0,0,0.0,0,27.76,27.76,,,77.0,237.0,27.85725,4.0,North Dakota State,2016.0,2016.0,PHI,2.0,1.0,
2020,8,00-0032950,C.Wentz,QB,PHI,DAL,15,27,123.0,2,2.0,4.0,29.0,4,17.0,0,0,0,0.0,0,8.62,8.62,,,77.0,237.0,27.85725,4.0,North Dakota State,2016.0,2016.0,PHI,2.0,14.0,
2020,10,00-0032950,C.Wentz,QB,PHI,NYG,21,37,208.0,0,0.0,3.0,18.0,2,4.0,0,0,0,0.0,0,8.72,8.72,,,77.0,237.0,27.85725,4.0,North Dakota State,2016.0,2016.0,PHI,2.0,,
2020,11,00-0032950,C.Wentz,QB,PHI,CLE,21,35,235.0,2,2.0,5.0,26.0,3,10.0,0,0,0,0.0,0,14.4,14.4,,,77.0,237.0,27.85725,4.0,North Dakota State,2016.0,2016.0,PHI,2.0,,
2020,12,00-0032950,C.Wentz,QB,PHI,SEA,25,45,215.0,2,1.0,6.0,41.0,5,42.0,0,0,0,0.0,0,18.8,18.8,,,77.0,237.0,27.85725,4.0,North Dakota State,2016.0,2016.0,PHI,2.0,-6.0,
2020,13,00-0032950,C.Wentz,QB,PHI,GB,6,15,79.0,0,0.0,4.0,22.0,3,18.0,0,0,0,0.0,0,4.96,4.96,,,77.0,237.0,27.85725,4.0,North Dakota State,2016.0,2016.0,PHI,2.0,,
2020,14,00-0032951,L.Treadwell,WR,ATL,LAC,0,0,0.0,0,0.0,0.0,0.0,0,0.0,0,1,1,9.0,1,6.9,7.9,,,74.0,215.0,25.403,4.0,Mississippi,2016.0,2016.0,MIN,23.0,,0.03125
2020,15,00-0032951,L.Treadwell,WR,ATL,TB,0,0,0.0,0,0.0,0.0,0.0,0,0.0,0,1,1,14.0,0,1.4,2.4,,,74.0,215.0,25.403,4.0,Mississippi,2016.0,2016.0,MIN,23.0,-4.0,0.020833334
2020,16,00-0032951,L.Treadwell,WR,ATL,KC,0,0,0.0,0,0.0,0.0,0.0,0,0.0,0,2,2,11.0,1,7.1,9.1,,,74.0,215.0,25.403,4.0,Mississippi,2016.0,2016.0,MIN,23.0,,0.05882353
2020,17,00-0032951,L.Treadwell,WR,ATL,TB,0,0,0.0,0,0.0,0.0,0.0,0,0.0,0,3,2,15.0,0,1.5,3.5,,,74.0,215.0,25.403,4.0,Mississippi,2016.0,2016.0,MIN,23.0,,0.07317073
2020,2,00-0032956,A.Janovich,FB,CLE,CIN,0,0,0.0,0,0.0,0.0,0.0,0,0.0,0,1,1,0.0,0,0.0,1.0,,,73.0,238.0,27.48338888888889,4.0,Nebraska,2016.0,2016.0,DEN,176.0,5.0,0.04761905
2020,3,00-0032956,A.Janovich,FB,CLE,WAS,0,0,0.0,0,0.0,0.0,0.0,0,0.0,0,1,1,13.0,0,1.3,2.3,,,73.0,238.0,27.48338888888889,4.0,Nebraska,2016.0,2016.0,DEN,176.0,14.0,0.045454547
2020,5,00-0032956,A.Janovich,FB,CLE,IND,0,0,0.0,0,0.0,0.0,0.0,2,4.0,0,0,0,0.0,0,0.4,0.4,,,73.0,238.0,27.48338888888889,4.0,Nebraska,2016.0,2016.0,DEN,176.0,9.0,
2020,8,00-0032956,A.Janovich,FB,CLE,LV,0,0,0.0,0,0.0,0.0,0.0,0,0.0,0,1,0,0.0,0,0.0,0.0,,,73.0,238.0,27.48338888888889,4.0,Nebraska,2016.0,2016.0,DEN,176.0,-10.0,0.04
2020,14,00-0032956,A.Janovich,FB,CLE,BAL,0,0,0.0,0,0.0,0.0,0.0,0,0.0,0,1,0,0.0,0,0.0,0.0,,,73.0,238.0,27.48338888888889,4.0,Nebraska,2016.0,2016.0,DEN,176.0,-5.0,0.022727273
2020,16,00-0032956,A.Janovich,FB,CLE,NYJ,0,0,0.0,0,0.0,0.0,0.0,0,0.0,0,1,0,0.0,0,0.0,0.0,,,73.0,238.0,27.48338888888889,4.0,Nebraska,2016.0,2016.0,DEN,176.0,,0.02
2020,1,00-0032972,D.Booker,RB,LV,CAR,0,0,0.0,0,0.0,0.0,0.0,4,29.0,0,3,3,23.0,0,5.2,8.2,,,71.0,219.0,28.4548125,4.0,Utah,2016.0,2016.0,DEN,136.0,,0.10714286
2020,2,00-0032972,D.Booker,RB,LV,NO,0,0,0.0,0,0.0,0.0,0.0,3,-1.0,0,1,1,6.0,0,0.5,1.5,,,71.0,219.0,28.4548125,4.0,Utah,2016.0,2016.0,DEN,136.0,10.0,0.029411765
2020,3,00-0032972,D.Booker,RB,LV,NE,0,0,0.0,0,0.0,0.0,0.0,3,31.0,0,0,0,0.0,0,3.1,3.1,,,71.0,219.0,28.4548125,4.0,Utah,2016.0,2016.0,DEN,136.0,,
2020,5,00-0032972,D.Booker,RB,LV,KC,0,0,0.0,0,0.0,0.0,0.0,7,62.0,0,1,1,5.0,0,6.7,7.7,,,71.0,219.0,28.4548125,4.0,Utah,2016.0,2016.0,DEN,136.0,,0.032258064
2020,7,00-0032972,D.Booker,RB,LV,TB,0,0,0.0,0,0.0,0.0,0.0,3,5.0,0,2,2,9.0,0,1.4,3.4,,,71.0,219.0,28.4548125,4.0,Utah,2016.0,2016.0,DEN,136.0,-25.0,0.055555556
2020,8,00-0032972,D.Booker,RB,LV,CLE,0,0,0.0,0,0.0,0.0,0.0,5,29.0,0,1,1,17.0,0,4.6,5.6,,,71.0,219.0,28.4548125,4.0,Utah,2016.0,2016.0,DEN,136.0,,0.045454547
2020,9,00-0032972,D.Booker,RB,LV,LAC,0,0,0.0,0,0.0,0.0,0.0,8,68.0,1,0,0,0.0,0,12.8,12.8,,,71.0,219.0,28.4548125,4.0,Utah,2016.0,2016.0,DEN,136.0,,
2020,10,00-0032972,D.Booker,RB,LV,DEN,0,0,0.0,0,0.0,0.0,0.0,16,81.0,2,1,1,2.0,0,20.3,21.3,,,71.0,219.0,28.4548125,4.0,Utah,2016.0,2016.0,DEN,136.0,25.0,0.045454547
2020,11,00-0032972,D.Booker,RB,LV,KC,0,0,0.0,0,0.0,0.0,0.0,5,16.0,0,1,1,3.0,0,1.9,2.9,,,71.0,219.0,28.4548125,4.0,Utah,2016.0,2016.0,DEN,136.0,-4.0,0.03448276
2020,12,00-0032972,D.Booker,RB,LV,ATL,0,0,0.0,0,0.0,0.0,0.0,5,6.0,0,4,1,-1.0,0,0.5,1.5,,,71.0,219.0,28.4548125,4.0,Utah,2016.0,2016.0,DEN,136.0,,0.10810811
2020,13,00-0032972,D.Booker,RB,LV,NYJ,0,0,0.0,0,0.0,0.0,0.0,16,50.0,0,2,1,1.0,0,5.1,6.1,,,71.0,219.0,28.4548125,4.0,Utah,2016.0,2016.0,DEN,136.0,,0.04347826
2020,14,00-0032972,D.Booker,RB,LV,IND,0,0,0.0,0,0.0,0.0,0.0,4,8.0,0,3,3,11.0,0,1.9,4.9,,,71.0,219.0,28.4548125,4.0,Utah,2016.0,2016.0,DEN,136.0,-17.0,0.06666667
2020,15,00-0032972,D.Booker,RB,LV,LAC,0,0,0.0,0,0.0,0.0,0.0,3,12.0,0,0,0,0.0,0,1.2,1.2,,,71.0,219.0,28.4548125,4.0,Utah,2016.0,2016.0,DEN,136.0,-3.0,
2020,16,00-0032972,D.Booker,RB,LV,MIA,0,0,0.0,0,0.0,0.0,0.0,6,11.0,0,2,2,8.0,0,1.9,3.9,,,71.0,219.0,28.4548125,4.0,Utah,2016.0,2016.0,DEN,136.0,-1.0,0.06666667
2020,17,00-0032972,D.Booker,RB,LV,DEN,0,0,0.0,0,0.0,0.0,0.0,5,16.0,0,0,0,0.0,0,1.6,1.6,,,71.0,219.0,28.4548125,4.0,Utah,2016.0,2016.0,DEN,136.0,,
2020,12,00-0032975,J.Williams,RB,DET,HOU,0,0,0.0,0,0.0,0.0,0.0,1,5.0,0,4,4,21.0,0,0.6,4.6,,,72.0,217.0,26.77411111111111,4.0,Arkansas,2016.0,2016.0,BUF,156.0,-16.0,0.0952381
2020,1,00-0032977,R.Higgins,WR,CLE,BAL,0,0,0.0,0,0.0,0.0,0.0,0,0.0,0,1,1,9.0,0,0.9,1.9,,,73.0,198.0,26.108888888888888,4.0,Colorado State,2016.0,2016.0,CLE,172.0,,0.028571429
2020,5,00-0032977,R.Higgins,WR,CLE,IND,0,0,0.0,0,0.0,0.0,0.0,0,0.0,0,3,3,31.0,1,9.1,12.1,,,73.0,198.0,26.108888888888888,4.0,Colorado State,2016.0,2016.0,CLE,172.0,9.0,0.078947365
2020,6,00-0032977,R.Higgins,WR,CLE,PIT,0,0,0.0,0,0.0,0.0,0.0,0,0.0,0,2,1,13.0,1,7.3,8.3,,,73.0,198.0,26.108888888888888,4.0,Colorado State,2016.0,2016.0,CLE,172.0,,0.07692308
2020,7,00-0032977,R.Higgins,WR,CLE,CIN,0,0,0.0,0,0.0,0.0,0.0,0,0.0,0,6,6,110.0,0,11.0,17.0,,,73.0,198.0,26.108888888888888,4.0,Colorado State,2016.0,2016.0,CLE,172.0,,0.21428572
2020,8,00-0032977,R.Higgins,WR,CLE,LV,0,0,0.0,0,0.0,0.0,0.0,0,0.0,0,3,1,14.0,0,1.4,2.4,,,73.0,198.0,26.108888888888888,4.0,Colorado State,2016.0,2016.0,CLE,172.0,-10.0,0.12
2020,10,00-0032977,R.Higgins,WR,CLE,HOU,0,0,0.0,0,0.0,0.0,0.0,0,0.0,0,4,3,48.0,0,4.8,7.8,,,73.0,198.0,26.108888888888888,4.0,Colorado State,2016.0,2016.0,CLE,172.0,3.0,0.21052632
2020,11,00-0032977,R.Higgins,WR,CLE,PHI,0,0,0.0,0,0.0,0.0,0.0,0,0.0,0,4,3,65.0,0,6.5,9.5,,,73.0,198.0,26.108888888888888,4.0,Colorado State,2016.0,2016.0,CLE,172.0,5.0,0.22222222
2020,12,00-0032977,R.Higgins,WR,CLE,JAX,0,0,0.0,0,0.0,0.0,0.0,0,0.0,0,2,1,15.0,0,1.5,2.5,,,73.0,198.0,26.108888888888888,4.0,Colorado State,2016.0,2016.0,CLE,172.0,,0.074074075
2020,13,00-0032977,R.Higgins,WR,CLE,TEN,0,0,0.0,0,0.0,0.0,0.0,0,0.0,0,9,6,95.0,1,15.5,21.5,,,73.0,198.0,26.108888888888888,4.0,Colorado State,2016.0,2016.0,CLE,172.0,,0.28125
2020,14,00-0032977,R.Higgins,WR,CLE,BAL,0,0,0.0,0,0.0,0.0,0.0,0,0.0,0,10,6,68.0,1,12.8,18.8,,,73.0,198.0,26.108888888888888,4.0,Colorado State,2016.0,2016.0,CLE,172.0,-5.0,0.22727273
2020,15,00-0032977,R.Higgins,WR,CLE,NYG,0,0,0.0,0,0.0,0.0,0.0,0,0.0,0,5,4,76.0,0,7.6,11.6,,,73.0,198.0,26.108888888888888,4.0,Colorado State,2016.0,2016.0,CLE,172.0,,0.16666667
2020,17,00-0032977,R.Higgins,WR,CLE,PIT,0,0,0.0,0,0.0,0.0,0.0,0,0.0,0,3,2,55.0,0,5.5,7.5,,,73.0,198.0,26.108888888888888,4.0,Colorado State,2016.0,2016.0,CLE,172.0,2.0,0.115384616
2020,18,00-0032977,R.Higgins,WR,CLE,PIT,0,0,0.0,0,0.0,0.0,0.0,0,0.0,0,7,2,28.0,0,2.8,4.8,,,73.0,198.0,26.108888888888888,4.0,Colorado State,2016.0,2016.0,CLE,172.0,,0.20588236
2020,19,00-0032977,R.Higgins,WR,CLE,KC,0,0,0.0,0,0.0,0.0,0.0,0,0.0,0,7,5,88.0,0,8.8,13.8,,,73.0,198.0,26.108888888888888,4.0,Colorado State,2016.0,2016.0,CLE,172.0,,0.20588236
2020,4,00-0032980,M.Johnson,WR,IND,CHI,0,0,0.0,0,0.0,0.0,0.0,0,0.0,0,1,1,27.0,0,2.7,3.7,,,73.0,207.0,26.27329411764706,4.0,Texas,2016.0,2016.0,,,,0.035714287
2020,5,00-0032980,M.Johnson,WR,IND,CLE,0,0,0.0,0,0.0,0.0,0.0,0,0.0,0,3,3,53.0,0,5.3,8.3,,,73.0,207.0,26.27329411764706,4.0,Texas,2016.0,2016.0,,,,0.09375
2020,6,00-0032980,M.Johnson,WR,IND,CIN,0,0,0.0,0,0.0,0.0,0.0,0,0.0,0,8,5,108.0,0,10.8,15.8,,,73.0,207.0,26.27329411764706,4.0,Texas,2016.0,2016.0,,,4.0,0.1904762
2020,8,00-0032980,M.Johnson,WR,IND,DET,0,0,0.0,0,0.0,0.0,0.0,0,0.0,0,4,2,39.0,0,3.9,5.9,,,73.0,207.0,26.27329411764706,4.0,Texas,2016.0,2016.0,,,,0.121212125
2020,9,00-0032980,M.Johnson,WR,IND,BAL,0,0,0.0,0,0.0,0.0,0.0,0,0.0,0,7,2,14.0,0,1.4,3.4,,,73.0,207.0,26.27329411764706,4.0,Texas,2016.0,2016.0,,,-14.0,0.175
2020,10,00-0032980,M.Johnson,WR,IND,TEN,0,0,0.0,0,0.0,0.0,0.0,0,0.0,0,1,0,0.0,0,0.0,0.0,,,73.0,207.0,26.27329411764706,4.0,Texas,2016.0,2016.0,,,,0.027777778
2020,11,00-0032980,M.Johnson,WR,IND,GB,0,0,0.0,0,0.0,0.0,0.0,0,0.0,0,3,1,14.0,0,1.4,2.4,,,73.0,207.0,26.27329411764706,4.0,Texas,2016.0,2016.0,,,3.0,0.08571429
2020,14,00-0032980,M.Johnson,WR,IND,LV,0,0,0.0,0,0.0,0.0,0.0,0,0.0,0,1,0,0.0,0,0.0,0.0,,,73.0,207.0,26.27329411764706,4.0,Texas,2016.0,2016.0,,,,0.037037037
2020,15,00-0032986,J.Holtz,TE,CHI,MIN,0,0,0.0,0,0.0,0.0,0.0,0,0.0,0,1,0,0.0,0,0.0,0.0,,,75.0,240.0,27.205529411764704,4.0,Pittsburgh,2016.0,2016.0,,,,0.04761905
2020,5,00-0033006,J.Mickens,WR,TB,CHI,0,0,0.0,0,0.0,0.0,0.0,0,0.0,0,2,2,22.0,0,2.2,4.2,,,71.0,170.0,26.58865,4.0,Washington,2016.0,2016.0,,,,0.048780486
2020,8,00-0033006,J.Mickens,WR,TB,NYG,0,0,0.0,0,0.0,0.0,0.0,0,0.0,0,8,5,36.0,0,3.6,8.6,,,71.0,170.0,26.58865,4.0,Washington,2016.0,2016.0,,,,0.2
2020,1,00-0033009,T.Boyd,WR,CIN,LAC,0,0,0.0,0,0.0,0.0,0.0,0,0.0,0,5,4,33.0,0,3.3,7.3,,,74.0,203.0,25.9819375,4.0,Pittsburgh,2016.0,2016.0,CIN,55.0,-3.0,0.14285715
2020,2,00-0033009,T.Boyd,WR,CIN,CLE,0,0,0.0,0,0.0,0.0,0.0,0,0.0,0,8,7,72.0,1,13.2,20.2,,,74.0,203.0,25.9819375,4.0,Pittsburgh,2016.0,2016.0,CIN,55.0,,0.13559322
2020,3,00-0033009,T.Boyd,WR,CIN,PHI,0,0,0.0,0,0.0,0.0,0.0,0,0.0,0,13,10,125.0,0,12.5,22.5,,,74.0,203.0,25.9819375,4.0,Pittsburgh,2016.0,2016.0,CIN,55.0,,0.30952382
2020,4,00-0033009,T.Boyd,WR,CIN,JAX,0,0,0.0,0,0.0,0.0,0.0,1,4.0,0,8,7,90.0,0,9.4,16.4,,,74.0,203.0,25.9819375,4.0,Pittsburgh,2016.0,2016.0,CIN,55.0,8.0,0.22857143
2020,5,00-0033009,T.Boyd,WR,CIN,BAL,0,0,0.0,0,0.0,0.0,0.0,0,0.0,0,6,4,42.0,0,4.2,8.2,,,74.0,203.0,25.9819375,4.0,Pittsburgh,2016.0,2016.0,CIN,55.0,,0.20689656
2020,6,00-0033009,T.Boyd,WR,CIN,IND,0,0,0.0,0,0.0,0.0,0.0,1,25.0,0,8,5,54.0,0,7.9,12.9,,,74.0,203.0,25.9819375,4.0,Pittsburgh,2016.0,2016.0,CIN,55.0,,0.20512821
2020,7,00-0033009,T.Boyd,WR,CIN,CLE,1,1,16.0,0,0.0,0.0,-0.0,0,0.0,0,13,11,101.0,1,16.74,27.74,,,74.0,203.0,25.9819375,4.0,Pittsburgh,2016.0,2016.0,CIN,55.0,-3.0,0.27659574
2020,8,00-0033009,T.Boyd,WR,CIN,TEN,0,0,0.0,0,0.0,0.0,0.0,2,9.0,0,7,6,67.0,1,13.6,19.6,,,74.0,203.0,25.9819375,4.0,Pittsburgh,2016.0,2016.0,CIN,55.0,11.0,0.2
2020,10,00-0033009,T.Boyd,WR,CIN,PIT,0,0,0.0,0,0.0,0.0,0.0,0,0.0,0,8,6,41.0,0,4.1,10.1,,,74.0,203.0,25.9819375,4.0,Pittsburgh,2016.0,2016.0,CIN,55.0,,0.21052632
2020,11,00-0033009,T.Boyd,WR,CIN,WAS,0,0,0.0,0,0.0,0.0,0.0,0,0.0,0,11,9,85.0,0,8.5,17.5,,,74.0,203.0,25.9819375,4.0,Pittsburgh,2016.0,2016.0,CIN,55.0,,0.25
2020,12,00-0033009,T.Boyd,WR,CIN,NYG,0,0,0.0,0,0.0,0.0,0.0,0,0.0,0,6,3,15.0,0,1.5,4.5,,,74.0,203.0,25.9819375,4.0,Pittsburgh,2016.0,2016.0,CIN,55.0,-2.0,0.22222222
2020,13,00-0033009,T.Boyd,WR,CIN,MIA,0,1,0.0,0,0.0,0.0,-0.0,0,0.0,0,4,1,72.0,1,13.2,14.2,,,74.0,203.0,25.9819375,4.0,Pittsburgh,2016.0,2016.0,CIN,55.0,,0.14814815
2020,14,00-0033009,T.Boyd,WR,CIN,DAL,0,0,0.0,0,0.0,0.0,0.0,0,0.0,0,9,5,43.0,0,4.3,9.3,,,74.0,203.0,25.9819375,4.0,Pittsburgh,2016.0,2016.0,CIN,55.0,-23.0,0.23684211
2020,15,00-0033009,T.Boyd,WR,CIN,PIT,0,0,0.0,0,0.0,0.0,0.0,0,0.0,0,1,0,0.0,0,0.0,0.0,,,74.0,203.0,25.9819375,4.0,Pittsburgh,2016.0,2016.0,CIN,55.0,10.0,0.07692308
2020,17,00-0033009,T.Boyd,WR,CIN,BAL,0,0,0.0,0,0.0,0.0,0.0,1,11.0,0,3,1,1.0,0,1.2,2.2,,,74.0,203.0,25.9819375,4.0,Pittsburgh,2016.0,2016.0,CIN,55.0,-35.0,0.15
2020,1,00-0033025,J.Richard,RB,LV,CAR,0,0,0.0,0,0.0,0.0,0.0,0,0.0,0,1,1,15.0,0,1.5,2.5,,,68.0,207.0,27.069499999999998,4.0,Southern Mississippi,2016.0,2016.0,,,,0.035714287
2020,2,00-0033025,J.Richard,RB,LV,NO,0,0,0.0,0,0.0,0.0,0.0,2,26.0,1,0,0,0.0,0,8.6,8.6,,,68.0,207.0,27.069499999999998,4.0,Southern Mississippi,2016.0,2016.0,,,10.0,
2020,3,00-0033025,J.Richard,RB,LV,NE,0,0,0.0,0,0.0,0.0,0.0,1,14.0,0,3,3,8.0,0,2.2,5.2,,,68.0,207.0,27.069499999999998,4.0,Southern Mississippi,2016.0,2016.0,,,,0.09375
2020,4,00-0033025,J.Richard,RB,LV,BUF,0,0,0.0,0,0.0,0.0,0.0,1,6.0,0,4,2,10.0,0,1.6,3.6,,,68.0,207.0,27.069499999999998,4.0,Southern Mississippi,2016.0,2016.0,,,-7.0,0.093023255
2020,5,00-0033025,J.Richard,RB,LV,KC,0,0,0.0,0,0.0,0.0,0.0,1,4.0,0,5,4,26.0,0,3.0,7.0,,,68.0,207.0,27.069499999999998,4.0,Southern Mississippi,2016.0,2016.0,,,,0.16129032
2020,7,00-0033025,J.Richard,RB,LV,TB,0,0,0.0,0,0.0,0.0,0.0,7,24.0,0,0,0,0.0,0,2.4,2.4,,,68.0,207.0,27.069499999999998,4.0,Southern Mississippi,2016.0,2016.0,,,-25.0,
2020,8,00-0033025,J.Richard,RB,LV,CLE,0,0,0.0,0,0.0,0.0,0.0,1,6.0,0,1,1,12.0,0,1.8,2.8,,,68.0,207.0,27.069499999999998,4.0,Southern Mississippi,2016.0,2016.0,,,,0.045454547
2020,9,00-0033025,J.Richard,RB,LV,LAC,0,0,0.0,0,0.0,0.0,0.0,1,3.0,0,1,1,19.0,0,2.2,3.2,,,68.0,207.0,27.069499999999998,4.0,Southern Mississippi,2016.0,2016.0,,,,0.04347826
2020,13,00-0033025,J.Richard,RB,LV,NYJ,0,0,0.0,0,0.0,0.0,0.0,4,11.0,0,1,1,6.0,0,1.7,2.7,,,68.0,207.0,27.069499999999998,4.0,Southern Mississippi,2016.0,2016.0,,,,0.02173913
2020,14,00-0033025,J.Richard,RB,LV,IND,0,0,0.0,0,0.0,0.0,0.0,2,10.0,0,5,4,31.0,0,4.1,8.1,,,68.0,207.0,27.069499999999998,4.0,Southern Mississippi,2016.0,2016.0,,,-17.0,0.11111111
2020,15,00-0033025,J.Richard,RB,LV,LAC,0,0,0.0,0,0.0,0.0,0.0,0,0.0,0,1,1,7.0,0,0.7,1.7,,,68.0,207.0,27.069499999999998,4.0,Southern Mississippi,2016.0,2016.0,,,-3.0,0.033333335
2020,16,00-0033025,J.Richard,RB,LV,MIA,0,0,0.0,0,0.0,0.0,0.0,2,19.0,0,1,1,4.0,0,2.3,3.3,,,68.0,207.0,27.069499999999998,4.0,Southern Mississippi,2016.0,2016.0,,,-1.0,0.033333335
2020,1,00-0033040,T.Hill,WR,KC,HOU,0,0,0.0,0,0.0,0.0,0.0,0,0.0,0,6,5,46.0,1,10.6,15.6,,,70.0,185.0,26.72457894736842,4.0,West Alabama,2016.0,2016.0,KC,165.0,14.0,0.1875
2020,2,00-0033040,T.Hill,WR,KC,LAC,0,0,0.0,0,0.0,0.0,0.0,1,9.0,0,11,5,99.0,1,16.8,21.8,,,70.0,185.0,26.72457894736842,4.0,West Alabama,2016.0,2016.0,KC,165.0,,0.24444444
2020,3,00-0033040,T.Hill,WR,KC,BAL,0,0,0.0,0,0.0,0.0,0.0,2,25.0,0,6,5,77.0,1,16.2,21.2,,,70.0,185.0,26.72457894736842,4.0,West Alabama,2016.0,2016.0,KC,165.0,,0.14634146
2020,4,00-0033040,T.Hill,WR,KC,NE,0,0,0.0,0,0.0,0.0,0.0,0,0.0,0,6,4,64.0,1,12.4,16.4,,,70.0,185.0,26.72457894736842,4.0,West Alabama,2016.0,2016.0,KC,165.0,16.0,0.20689656
2020,5,00-0033040,T.Hill,WR,KC,LV,0,0,0.0,0,0.0,0.0,0.0,3,15.0,1,6,3,78.0,0,15.3,18.3,,,70.0,185.0,26.72457894736842,4.0,West Alabama,2016.0,2016.0,KC,165.0,-8.0,0.14285715
2020,6,00-0033040,T.Hill,WR,KC,BUF,0,0,0.0,0,0.0,0.0,0.0,1,5.0,0,3,3,20.0,0,2.5,5.5,,,70.0,185.0,26.72457894736842,4.0,West Alabama,2016.0,2016.0,KC,165.0,,0.115384616
2020,7,00-0033040,T.Hill,WR,KC,DEN,0,0,0.0,0,0.0,0.0,0.0,0,0.0,0,10,6,55.0,1,11.5,17.5,,,70.0,185.0,26.72457894736842,4.0,West Alabama,2016.0,2016.0,KC,165.0,,0.41666666
2020,8,00-0033040,T.Hill,WR,KC,NYJ,0,0,0.0,0,0.0,0.0,0.0,0,0.0,0,6,4,98.0,2,21.8,25.8,,,70.0,185.0,26.72457894736842,4.0,West Alabama,2016.0,2016.0,KC,165.0,26.0,0.12765957
2020,9,00-0033040,T.Hill,WR,KC,CAR,0,0,0.0,0,0.0,0.0,0.0,1,8.0,0,18,9,113.0,2,24.1,33.1,,,70.0,185.0,26.72457894736842,4.0,West Alabama,2016.0,2016.0,KC,165.0,2.0,0.4090909
2020,11,00-0033040,T.Hill,WR,KC,LV,0,0,0.0,0,0.0,0.0,0.0,2,-2.0,0,14,11,102.0,1,16.0,27.0,,,70.0,185.0,26.72457894736842,4.0,West Alabama,2016.0,2016.0,KC,165.0,,0.3181818
2020,12,00-0033040,T.Hill,WR,KC,TB,0,0,0.0,0,0.0,0.0,0.0,0,0.0,0,15,13,269.0,3,44.9,57.9,,,70.0,185.0,26.72457894736842,4.0,West Alabama,2016.0,2016.0,KC,165.0,,0.32608697
2020,13,00-0033040,T.Hill,WR,KC,DEN,0,0,0.0,0,0.0,0.0,0.0,1,30.0,0,11,6,58.0,0,8.8,14.8,,,70.0,185.0,26.72457894736842,4.0,West Alabama,2016.0,2016.0,KC,165.0,6.0,0.275
2020,14,00-0033040,T.Hill,WR,KC,MIA,0,0,0.0,0,0.0,0.0,0.0,1,32.0,1,7,3,79.0,1,23.1,26.1,,,70.0,185.0,26.72457894736842,4.0,West Alabama,2016.0,2016.0,KC,165.0,,0.20588236
2020,15,00-0033040,T.Hill,WR,KC,NO,0,0,0.0,0,0.0,0.0,0.0,1,1.0,0,10,6,53.0,1,11.4,17.4,,,70.0,185.0,26.72457894736842,4.0,West Alabama,2016.0,2016.0,KC,165.0,,0.22727273
2020,16,00-0033040,T.Hill,WR,KC,ATL,0,0,0.0,0,0.0,0.0,0.0,0,0.0,0,6,4,65.0,0,6.5,10.5,,,70.0,185.0,26.72457894736842,4.0,West Alabama,2016.0,2016.0,KC,165.0,3.0,0.14285715
2020,19,00-0033040,T.Hill,WR,KC,CLE,0,0,0.0,0,0.0,0.0,0.0,3,9.0,0,10,8,110.0,0,11.9,19.9,,,70.0,185.0,26.72457894736842,4.0,West Alabama,2016.0,2016.0,KC,165.0,5.0,0.27027026
2020,20,00-0033040,T.Hill,WR,KC,BUF,0,0,0.0,0,0.0,0.0,0.0,0,0.0,0,11,9,172.0,0,17.2,26.2,,,70.0,185.0,26.72457894736842,4.0,West Alabama,2016.0,2016.0,KC,165.0,14.0,0.28947368
2020,21,00-0033040,T.Hill,WR,KC,TB,0,0,0.0,0,0.0,0.0,0.0,1,5.0,0,10,7,73.0,0,7.8,14.8,,,70.0,185.0,26.72457894736842,4.0,West Alabama,2016.0,2016.0,KC,165.0,,0.2173913
2020,1,00-0033045,E.Elliott,RB,DAL,LA,0,0,0.0,0,0.0,0.0,0.0,22,96.0,1,4,3,31.0,1,24.7,27.7,,,72.0,228.0,25.29925,4.0,Ohio State,2016.0,2016.0,DAL,4.0,,0.10810811
2020,2,00-0033045,E.Elliott,RB,DAL,ATL,0,0,0.0,0,0.0,0.0,0.0,22,89.0,1,7,6,33.0,0,16.2,22.2,,,72.0,228.0,25.29925,4.0,Ohio State,2016.0,2016.0,DAL,4.0,1.0,0.14893617
2020,3,00-0033045,E.Elliott,RB,DAL,SEA,0,0,0.0,0,0.0,0.0,0.0,14,34.0,1,11,6,24.0,0,11.8,17.8,,,72.0,228.0,25.29925,4.0,Ohio State,2016.0,2016.0,DAL,4.0,,0.19642857
2020,4,00-0033045,E.Elliott,RB,DAL,CLE,0,0,0.0,0,0.0,0.0,0.0,12,54.0,0,8,8,71.0,0,12.5,20.5,,,72.0,228.0,25.29925,4.0,Ohio State,2016.0,2016.0,DAL,4.0,-11.0,0.13793103
2020,5,00-0033045,E.Elliott,RB,DAL,NYG,0,0,0.0,0,0.0,0.0,0.0,19,91.0,2,2,1,14.0,0,22.5,23.5,,,72.0,228.0,25.29925,4.0,Ohio State,2016.0,2016.0,DAL,4.0,3.0,0.060606062
2020,6,00-0033045,E.Elliott,RB,DAL,ARI,0,0,0.0,0,0.0,0.0,0.0,12,49.0,0,10,8,31.0,0,4.0,12.0,,,72.0,228.0,25.29925,4.0,Ohio State,2016.0,2016.0,DAL,4.0,-28.0,0.1923077
2020,7,00-0033045,E.Elliott,RB,DAL,WAS,0,0,0.0,0,0.0,0.0,0.0,12,45.0,0,2,1,6.0,0,5.1,6.1,,,72.0,228.0,25.29925,4.0,Ohio State,2016.0,2016.0,DAL,4.0,,0.0952381
2020,8,00-0033045,E.Elliott,RB,DAL,PHI,0,0,0.0,0,0.0,0.0,0.0,19,63.0,0,2,1,10.0,0,7.3,8.3,,,72.0,228.0,25.29925,4.0,Ohio State,2016.0,2016.0,DAL,4.0,,0.05263158
2020,9,00-0033045,E.Elliott,RB,DAL,PIT,0,0,0.0,0,0.0,0.0,0.0,18,51.0,0,3,2,18.0,0,6.9,8.9,,,72.0,228.0,25.29925,4.0,Ohio State,2016.0,2016.0,DAL,4.0,-5.0,0.08108108
2020,11,00-0033045,E.Elliott,RB,DAL,MIN,0,0,0.0,0,0.0,0.0,0.0,21,103.0,0,2,2,11.0,1,17.4,19.4,,,72.0,228.0,25.29925,4.0,Ohio State,2016.0,2016.0,DAL,4.0,,0.06451613
2020,12,00-0033045,E.Elliott,RB,DAL,WAS,0,0,0.0,0,0.0,0.0,0.0,10,32.0,0,3,1,7.0,0,1.9,2.9,,,72.0,228.0,25.29925,4.0,Ohio State,2016.0,2016.0,DAL,4.0,-25.0,0.0882353
2020,13,00-0033045,E.Elliott,RB,DAL,BAL,0,0,0.0,0,0.0,0.0,0.0,18,77.0,0,6,4,18.0,0,9.5,13.5,,,72.0,228.0,25.29925,4.0,Ohio State,2016.0,2016.0,DAL,4.0,,0.13333334
2020,14,00-0033045,E.Elliott,RB,DAL,CIN,0,0,0.0,0,0.0,0.0,0.0,12,48.0,0,3,2,11.0,0,5.9,7.9,,,72.0,228.0,25.29925,4.0,Ohio State,2016.0,2016.0,DAL,4.0,,0.13636364
2020,16,00-0033045,E.Elliott,RB,DAL,PHI,0,0,0.0,0,0.0,0.0,0.0,19,105.0,0,4,4,34.0,0,13.9,17.9,,,72.0,228.0,25.29925,4.0,Ohio State,2016.0,2016.0,DAL,4.0,20.0,0.13333334
2020,17,00-0033045,E.Elliott,RB,DAL,NYG,0,0,0.0,0,0.0,0.0,0.0,14,42.0,1,4,3,19.0,0,12.1,15.1,,,72.0,228.0,25.29925,4.0,Ohio State,2016.0,2016.0,DAL,4.0,,0.09090909
2020,1,00-0033077,D.Prescott,QB,DAL,LA,25,39,266.0,1,0.0,3.0,22.0,3,30.0,0,0,0,0.0,0,17.64,17.64,,,74.0,238.0,27.27875,4.0,Mississippi State,2016.0,2016.0,DAL,135.0,,
2020,2,00-0033077,D.Prescott,QB,DAL,ATL,34,47,450.0,1,0.0,1.0,5.0,5,18.0,3,0,0,0.0,0,39.8,39.8,,,74.0,238.0,27.27875,4.0,Mississippi State,2016.0,2016.0,DAL,135.0,1.0,
2020,3,00-0033077,D.Prescott,QB,DAL,SEA,37,57,472.0,3,2.0,2.0,11.0,6,26.0,0,0,0,0.0,0,27.48,27.48,,,74.0,238.0,27.27875,4.0,Mississippi State,2016.0,2016.0,DAL,135.0,,
2020,4,00-0033077,D.Prescott,QB,DAL,CLE,41,58,502.0,4,1.0,3.0,21.0,2,12.0,0,0,0,0.0,0,37.28,37.28,,,74.0,238.0,27.27875,4.0,Mississippi State,2016.0,2016.0,DAL,135.0,-11.0,
2020,5,00-0033077,D.Prescott,QB,DAL,NYG,14,21,166.0,0,1.0,1.0,7.0,2,7.0,0,1,1,11.0,1,12.44,13.44,,,74.0,238.0,27.27875,4.0,Mississippi State,2016.0,2016.0,DAL,135.0,3.0,0.030303031
2020,16,00-0033080,S.DeValve,TE,ARI,SF,0,0,0.0,0,0.0,0.0,0.0,0,0.0,0,1,0,0.0,0,0.0,0.0,,,75.0,245.0,27.851777777777777,4.0,Princeton,2016.0,2016.0,CLE,138.0,-8.0,0.02173913
2020,2,00-0033083,D.Thompson,FS,DAL,ATL,0,0,0.0,0,0.0,0.0,0.0,1,3.0,0,0,0,0.0,0,0.3,0.3,,,74.0,213.0,27.1281875,4.0,Boise State,2016.0,2016.0,NYG,71.0,1.0,
2020,13,00-0033085,J.Hawkins,T,PIT,WAS,0,0,0.0,0,0.0,0.0,0.0,0,0.0,0,1,0,0.0,0,0.0,0.0,,,78.0,305.0,27.0735,4.0,Louisiana State,2016.0,2016.0,PIT,123.0,-6.0,0.018867925
2020,1,00-0033090,H.Henry,TE,LAC,CIN,0,0,0.0,0,0.0,0.0,0.0,0,0.0,0,8,5,73.0,0,7.3,12.3,,,77.0,250.0,25.92525,4.0,Arkansas,2016.0,2016.0,SD,35.0,,0.27586207
2020,2,00-0033090,H.Henry,TE,LAC,KC,0,0,0.0,0,0.0,0.0,0.0,0,0.0,0,8,6,83.0,0,8.3,14.3,,,77.0,250.0,25.92525,4.0,Arkansas,2016.0,2016.0,SD,35.0,-3.0,0.26666668
2020,3,00-0033090,H.Henry,TE,LAC,CAR,0,0,0.0,0,0.0,0.0,0.0,0,0.0,0,7,5,50.0,0,5.0,10.0,,,77.0,250.0,25.92525,4.0,Arkansas,2016.0,2016.0,SD,35.0,-5.0,0.14583333
2020,4,00-0033090,H.Henry,TE,LAC,TB,0,0,0.0,0,0.0,0.0,0.0,0,0.0,0,4,2,39.0,0,3.9,5.9,,,77.0,250.0,25.92525,4.0,Arkansas,2016.0,2016.0,SD,35.0,,0.16
2020,5,00-0033090,H.Henry,TE,LAC,NO,0,0,0.0,0,0.0,0.0,0.0,0,0.0,0,8,4,23.0,1,8.3,12.3,,,77.0,250.0,25.92525,4.0,Arkansas,2016.0,2016.0,SD,35.0,,0.25
2020,7,00-0033090,H.Henry,TE,LAC,JAX,0,0,0.0,0,0.0,0.0,0.0,0,0.0,0,7,3,23.0,0,2.3,5.3,,,77.0,250.0,25.92525,4.0,Arkansas,2016.0,2016.0,SD,35.0,10.0,0.16666667
2020,8,00-0033090,H.Henry,TE,LAC,DEN,0,0,0.0,0,0.0,0.0,0.0,0,0.0,0,4,4,33.0,0,3.3,7.3,,,77.0,250.0,25.92525,4.0,Arkansas,2016.0,2016.0,SD,35.0,,0.0952381
2020,9,00-0033090,H.Henry,TE,LAC,LV,0,0,0.0,0,0.0,0.0,0.0,0,0.0,0,7,4,33.0,0,3.3,7.3,,,77.0,250.0,25.92525,4.0,Arkansas,2016.0,2016.0,SD,35.0,-5.0,0.17073171
2020,10,00-0033090,H.Henry,TE,LAC,MIA,0,0,0.0,0,0.0,0.0,0.0,0,0.0,0,6,4,30.0,1,9.0,13.0,,,77.0,250.0,25.92525,4.0,Arkansas,2016.0,2016.0,SD,35.0,,0.1875
2020,11,00-0033090,H.Henry,TE,LAC,NYJ,0,0,0.0,0,0.0,0.0,0.0,0,0.0,0,7,4,48.0,1,10.8,14.8,,,77.0,250.0,25.92525,4.0,Arkansas,2016.0,2016.0,SD,35.0,6.0,0.14583333
2020,12,00-0033090,H.Henry,TE,LAC,BUF,0,0,0.0,0,0.0,0.0,0.0,0,0.0,0,10,7,67.0,0,6.7,13.7,,,77.0,250.0,25.92525,4.0,Arkansas,2016.0,2016.0,SD,35.0,,0.19607843
2020,13,00-0033090,H.Henry,TE,LAC,NE,0,0,0.0,0,0.0,0.0,0.0,0,0.0,0,2,1,5.0,0,0.5,1.5,,,77.0,250.0,25.92525,4.0,Arkansas,2016.0,2016.0,SD,35.0,-45.0,0.03846154
2020,14,00-0033090,H.Henry,TE,LAC,ATL,0,0,0.0,0,0.0,0.0,0.0,0,0.0,0,8,6,41.0,0,4.1,10.1,,,77.0,250.0,25.92525,4.0,Arkansas,2016.0,2016.0,SD,35.0,3.0,0.18181819
2020,15,00-0033090,H.Henry,TE,LAC,LV,0,0,0.0,0,0.0,0.0,0.0,0,0.0,0,7,5,65.0,1,12.5,17.5,,,77.0,250.0,25.92525,4.0,Arkansas,2016.0,2016.0,SD,35.0,,0.21875
2020,1,00-0033094,M.Hall,WR,DET,CHI,0,0,0.0,0,0.0,0.0,0.0,0,0.0,0,2,1,26.0,0,2.6,3.6,,,70.0,190.0,27.605277777777776,4.0,Washington,2016.0,2016.0,,,-4.0,0.048780486
2020,2,00-0033094,M.Hall,WR,DET,GB,0,0,0.0,0,0.0,0.0,0.0,0,0.0,0,2,1,24.0,1,8.4,9.4,,,70.0,190.0,27.605277777777776,4.0,Washington,2016.0,2016.0,,,,0.06666667
2020,4,00-0033094,M.Hall,WR,DET,NO,0,0,0.0,0,0.0,0.0,0.0,0,0.0,0,1,0,0.0,0,0.0,0.0,,,70.0,190.0,27.605277777777776,4.0,Washington,2016.0,2016.0,,,-6.0,0.033333335
2020,6,00-0033094,M.Hall,WR,DET,JAX,0,0,0.0,0,0.0,0.0,0.0,1,1.0,0,2,1,6.0,0,0.7,1.7,,,70.0,190.0,27.605277777777776,4.0,Washington,2016.0,2016.0,,,,0.06451613
2020,7,00-0033094,M.Hall,WR,DET,ATL,0,0,0.0,0,0.0,0.0,0.0,0,0.0,0,1,0,0.0,0,0.0,0.0,,,70.0,190.0,27.605277777777776,4.0,Washington,2016.0,2016.0,,,,0.03125
2020,8,00-0033094,M.Hall,WR,DET,IND,0,0,0.0,0,0.0,0.0,0.0,0,0.0,0,7,4,113.0,0,11.3,15.3,,,70.0,190.0,27.605277777777776,4.0,Washington,2016.0,2016.0,,,-20.0,0.175
2020,9,00-0033094,M.Hall,WR,DET,MIN,0,0,0.0,0,0.0,0.0,0.0,0,0.0,0,5,3,28.0,0,2.8,5.8,,,70.0,190.0,27.605277777777776,4.0,Washington,2016.0,2016.0,,,,0.11363637
2020,10,00-0033094,M.Hall,WR,DET,WAS,0,0,0.0,0,0.0,0.0,0.0,0,0.0,0,3,2,61.0,1,12.1,14.1,,,70.0,190.0,27.605277777777776,4.0,Washington,2016.0,2016.0,,,3.0,0.09375
2020,11,00-0033094,M.Hall,WR,DET,CAR,0,0,0.0,0,0.0,0.0,0.0,0,0.0,0,3,3,16.0,0,1.6,4.6,,,70.0,190.0,27.605277777777776,4.0,Washington,2016.0,2016.0,,,,0.09375
2020,12,00-0033094,M.Hall,WR,DET,HOU,0,0,0.0,0,0.0,0.0,0.0,0,0.0,0,4,2,16.0,0,1.6,3.6,,,70.0,190.0,27.605277777777776,4.0,Washington,2016.0,2016.0,,,-16.0,0.0952381
2020,16,00-0033094,M.Hall,WR,CLE,NYJ,0,0,0.0,0,0.0,0.0,0.0,0,0.0,0,2,1,12.0,0,1.2,2.2,,,70.0,190.0,27.605277777777776,4.0,Washington,2016.0,2016.0,,,,0.04
2020,1,00-0033106,J.Goff,QB,LA,DAL,20,31,275.0,0,1.0,1.0,6.0,4,15.0,0,0,0,0.0,0,10.5,10.5,,,76.0,223.0,26.089555555555553,4.0,California,2016.0,2016.0,LAR,1.0,3.0,
2020,2,00-0033106,J.Goff,QB,LA,PHI,20,27,267.0,3,0.0,1.0,9.0,7,13.0,0,0,0,0.0,0,23.98,23.98,,,76.0,223.0,26.089555555555553,4.0,California,2016.0,2016.0,LAR,1.0,,
2020,3,00-0033106,J.Goff,QB,LA,BUF,23,32,321.0,2,1.0,2.0,10.0,2,4.0,1,0,0,0.0,0,27.24,27.24,,,76.0,223.0,26.089555555555553,4.0,California,2016.0,2016.0,LAR,1.0,,
2020,4,00-0033106,J.Goff,QB,LA,NYG,25,32,200.0,1,0.0,2.0,18.0,3,-3.0,0,0,0,0.0,0,11.7,11.7,,,76.0,223.0,26.089555555555553,4.0,California,2016.0,2016.0,LAR,1.0,8.0,
2020,5,00-0033106,J.Goff,QB,LA,WAS,21,30,309.0,2,1.0,1.0,9.0,3,0.0,1,0,0,0.0,0,24.36,24.36,,,76.0,223.0,26.089555555555553,4.0,California,2016.0,2016.0,LAR,1.0,,
2020,6,00-0033106,J.Goff,QB,LA,SF,19,38,198.0,2,1.0,0.0,-0.0,1,10.0,0,0,0,0.0,0,14.92,14.92,,,76.0,223.0,26.089555555555553,4.0,California,2016.0,2016.0,LAR,1.0,,
2020,7,00-0033106,J.Goff,QB,LA,CHI,23,33,220.0,2,0.0,1.0,9.0,4,1.0,0,0,0,0.0,0,16.9,16.9,,,76.0,223.0,26.089555555555553,4.0,California,2016.0,2016.0,LAR,1.0,14.0,
2020,8,00-0033106,J.Goff,QB,LA,MIA,35,61,355.0,1,2.0,2.0,15.0,0,0.0,0,0,0,0.0,0,10.2,10.2,,,76.0,223.0,26.089555555555553,4.0,California,2016.0,2016.0,LAR,1.0,,
2020,10,00-0033106,J.Goff,QB,LA,SEA,27,37,302.0,0,0.0,3.0,19.0,5,4.0,0,0,0,0.0,0,10.48,10.48,,,76.0,223.0,26.089555555555553,4.0,California,2016.0,2016.0,LAR,1.0,7.0,
2020,11,00-0033106,J.Goff,QB,LA,TB,39,51,376.0,3,2.0,0.0,-0.0,1,0.0,0,0,0,0.0,0,23.04,23.04,,,76.0,223.0,26.089555555555553,4.0,California,2016.0,2016.0,LAR,1.0,,
2020,12,00-0033106,J.Goff,QB,LA,SF,19,31,198.0,0,2.0,2.0,16.0,5,11.0,0,0,0,0.0,0,3.02,3.02,,,76.0,223.0,26.089555555555553,4.0,California,2016.0,2016.0,LAR,1.0,-3.0,
2020,13,00-0033106,J.Goff,QB,LA,ARI,37,47,351.0,1,0.0,1.0,7.0,4,1.0,1,0,0,0.0,0,24.14,24.14,,,76.0,223.0,26.089555555555553,4.0,California,2016.0,2016.0,LAR,1.0,,
2020,14,00-0033106,J.Goff,QB,LA,NE,16,25,137.0,1,1.0,1.0,5.0,4,11.0,1,0,0,0.0,0,14.58,14.58,,,76.0,223.0,26.089555555555553,4.0,California,2016.0,2016.0,LAR,1.0,21.0,
2020,15,00-0033106,J.Goff,QB,LA,NYJ,22,34,209.0,2,1.0,3.0,20.0,1,9.0,0,0,0,0.0,0,15.26,15.26,,,76.0,223.0,26.089555555555553,4.0,California,2016.0,2016.0,LAR,1.0,-3.0,
2020,16,00-0033106,J.Goff,QB,LA,SEA,24,43,234.0,0,1.0,3.0,18.0,7,23.0,0,0,0,0.0,0,9.66,9.66,,,76.0,223.0,26.089555555555553,4.0,California,2016.0,2016.0,LAR,1.0,,
2020,18,00-0033106,J.Goff,QB,LA,SEA,9,19,155.0,1,0.0,2.0,15.0,4,4.0,0,0,0,0.0,0,10.6,10.6,,,76.0,223.0,26.089555555555553,4.0,California,2016.0,2016.0,LAR,1.0,,
2020,19,00-0033106,J.Goff,QB,LA,GB,21,27,174.0,1,0.0,4.0,26.0,1,6.0,0,0,0,0.0,0,13.56,13.56,,,76.0,223.0,26.089555555555553,4.0,California,2016.0,2016.0,LAR,1.0,,
2020,1,00-0033110,T.Higbee,TE,LA,DAL,0,0,0.0,0,0.0,0.0,0.0,0,0.0,0,4,3,40.0,0,4.0,7.0,,,78.0,257.0,27.87188888888889,4.0,Western Kentucky,2016.0,2016.0,LA,110.0,3.0,0.14285715
2020,2,00-0033110,T.Higbee,TE,LA,PHI,0,0,0.0,0,0.0,0.0,0.0,0,0.0,0,5,5,54.0,3,23.4,28.4,,,78.0,257.0,27.87188888888889,4.0,Western Kentucky,2016.0,2016.0,LA,110.0,,0.1923077
2020,3,00-0033110,T.Higbee,TE,LA,BUF,0,0,0.0,0,0.0,0.0,0.0,0,0.0,0,2,2,40.0,0,6.0,8.0,,,78.0,257.0,27.87188888888889,4.0,Western Kentucky,2016.0,2016.0,LA,110.0,,0.06451613
2020,4,00-0033110,T.Higbee,TE,LA,NYG,0,0,0.0,0,0.0,0.0,0.0,0,0.0,0,4,3,20.0,0,2.0,5.0,,,78.0,257.0,27.87188888888889,4.0,Western Kentucky,2016.0,2016.0,LA,110.0,8.0,0.125
2020,5,00-0033110,T.Higbee,TE,LA,WAS,0,0,0.0,0,0.0,0.0,0.0,0,0.0,0,2,2,12.0,0,1.2,3.2,,,78.0,257.0,27.87188888888889,4.0,Western Kentucky,2016.0,2016.0,LA,110.0,,0.06896552
2020,6,00-0033110,T.Higbee,TE,LA,SF,0,0,0.0,0,0.0,0.0,0.0,0,0.0,0,4,3,56.0,0,5.6,8.6,,,78.0,257.0,27.87188888888889,4.0,Western Kentucky,2016.0,2016.0,LA,110.0,,0.10810811
2020,8,00-0033110,T.Higbee,TE,LA,MIA,0,0,0.0,0,0.0,0.0,0.0,0,0.0,0,4,2,14.0,0,1.4,3.4,,,78.0,257.0,27.87188888888889,4.0,Western Kentucky,2016.0,2016.0,LA,110.0,,0.07017544
2020,10,00-0033110,T.Higbee,TE,LA,SEA,0,0,0.0,0,0.0,0.0,0.0,0,0.0,0,6,3,60.0,0,6.0,9.0,,,78.0,257.0,27.87188888888889,4.0,Western Kentucky,2016.0,2016.0,LA,110.0,7.0,0.16666667
2020,11,00-0033110,T.Higbee,TE,LA,TB,0,0,0.0,0,0.0,0.0,0.0,1,1.0,0,4,4,19.0,0,2.0,6.0,,,78.0,257.0,27.87188888888889,4.0,Western Kentucky,2016.0,2016.0,LA,110.0,,0.08163265
2020,12,00-0033110,T.Higbee,TE,LA,SF,0,0,0.0,0,0.0,0.0,0.0,0,0.0,0,2,1,6.0,0,0.6,1.6,,,78.0,257.0,27.87188888888889,4.0,Western Kentucky,2016.0,2016.0,LA,110.0,-3.0,0.06666667
2020,13,00-0033110,T.Higbee,TE,LA,ARI,0,0,0.0,0,0.0,0.0,0.0,0,0.0,0,6,4,24.0,1,8.4,12.4,,,78.0,257.0,27.87188888888889,4.0,Western Kentucky,2016.0,2016.0,LA,110.0,,0.13636364
2020,14,00-0033110,T.Higbee,TE,LA,NE,0,0,0.0,0,0.0,0.0,0.0,0,0.0,0,2,2,34.0,0,3.4,5.4,,,78.0,257.0,27.87188888888889,4.0,Western Kentucky,2016.0,2016.0,LA,110.0,21.0,0.083333336
2020,15,00-0033110,T.Higbee,TE,LA,NYJ,0,0,0.0,0,0.0,0.0,0.0,0,0.0,0,5,4,67.0,1,12.7,16.7,,,78.0,257.0,27.87188888888889,4.0,Western Kentucky,2016.0,2016.0,LA,110.0,-3.0,0.16666667
2020,16,00-0033110,T.Higbee,TE,LA,SEA,0,0,0.0,0,0.0,0.0,0.0,0,0.0,0,6,3,34.0,0,3.4,6.4,,,78.0,257.0,27.87188888888889,4.0,Western Kentucky,2016.0,2016.0,LA,110.0,,0.14634146
2020,17,00-0033110,T.Higbee,TE,LA,ARI,0,0,0.0,0,0.0,0.0,0.0,0,0.0,0,4,3,41.0,0,4.1,7.1,,,78.0,257.0,27.87188888888889,4.0,Western Kentucky,2016.0,2016.0,LA,110.0,11.0,0.10810811
2020,18,00-0033110,T.Higbee,TE,LA,SEA,0,0,0.0,0,0.0,0.0,0.0,0,0.0,0,3,1,4.0,0,0.4,1.4,,,78.0,257.0,27.87188888888889,4.0,Western Kentucky,2016.0,2016.0,LA,110.0,,0.125
2020,19,00-0033110,T.Higbee,TE,LA,GB,0,0,0.0,0,0.0,0.0,0.0,0,0.0,0,2,2,5.0,0,0.5,2.5,,,78.0,257.0,27.87188888888889,4.0,Western Kentucky,2016.0,2016.0,LA,110.0,,0.07692308
2020,5,00-0033111,P.Cooper,WR,CAR,ATL,0,0,0.0,0,0.0,0.0,0.0,0,0.0,0,1,1,12.0,0,1.2,2.2,,,71.0,207.0,25.670125,4.0,South Carolina,2016.0,2016.0,LA,117.0,,0.029411765
2020,14,00-0033111,P.Cooper,WR,CAR,DEN,0,0,0.0,0,0.0,0.0,0.0,0,0.0,0,3,3,52.0,0,5.2,8.2,,,71.0,207.0,25.670125,4.0,South Carolina,2016.0,2016.0,LA,117.0,-5.0,0.07692308
2020,15,00-0033111,P.Cooper,WR,CAR,GB,0,0,0.0,0,0.0,0.0,0.0,0,0.0,0,1,0,0.0,0,0.0,0.0,,,71.0,207.0,25.670125,4.0,South Carolina,2016.0,2016.0,LA,117.0,,0.029411765
2020,16,00-0033111,P.Cooper,WR,CAR,WAS,0,0,0.0,0,0.0,0.0,0.0,0,0.0,0,1,0,0.0,0,0.0,0.0,,,71.0,207.0,25.670125,4.0,South Carolina,2016.0,2016.0,LA,117.0,,0.035714287
2020,17,00-0033111,P.Cooper,WR,CAR,NO,0,0,0.0,0,0.0,0.0,0.0,0,0.0,0,2,1,9.0,0,0.9,1.9,,,71.0,207.0,25.670125,4.0,South Carolina,2016.0,2016.0,LA,117.0,-26.0,0.055555556
2020,5,00-0033112,T.Hemingway,TE,WAS,LA,0,0,0.0,0,0.0,0.0,0.0,0,0.0,0,1,1,10.0,0,1.0,2.0,,,77.0,245.0,27.288,4.0,South Carolina State,2016.0,2016.0,LA,177.0,-20.0,0.035714287
2020,7,00-0033112,T.Hemingway,TE,WAS,DAL,0,0,0.0,0,0.0,0.0,0.0,0,0.0,0,1,0,0.0,0,0.0,0.0,,,77.0,245.0,27.288,4.0,South Carolina State,2016.0,2016.0,LA,177.0,22.0,0.04761905
2020,1,00-0033114,M.Thomas,WR,CIN,LAC,0,0,0.0,0,0.0,0.0,0.0,0,0.0,0,3,2,17.0,0,1.7,3.7,,,73.0,189.0,26.231125,4.0,Southern Mississippi,2016.0,2016.0,LAR,206.0,-3.0,0.08571429
2020,2,00-0033114,M.Thomas,WR,CIN,CLE,0,0,0.0,0,0.0,0.0,0.0,0,0.0,0,4,4,31.0,1,9.1,13.1,,,73.0,189.0,26.231125,4.0,Southern Mississippi,2016.0,2016.0,LAR,206.0,,0.06779661
2020,3,00-0033114,M.Thomas,WR,CIN,PHI,0,0,0.0,0,0.0,0.0,0.0,0,0.0,0,2,2,9.0,0,0.9,2.9,,,73.0,189.0,26.231125,4.0,Southern Mississippi,2016.0,2016.0,LAR,206.0,,0.04761905
2020,4,00-0033114,M.Thomas,WR,CIN,JAX,0,0,0.0,0,0.0,0.0,0.0,0,0.0,0,1,1,5.0,0,0.5,1.5,,,73.0,189.0,26.231125,4.0,Southern Mississippi,2016.0,2016.0,LAR,206.0,8.0,0.028571429
2020,5,00-0033114,M.Thomas,WR,CIN,BAL,0,0,0.0,0,0.0,0.0,0.0,1,1.0,0,1,1,6.0,0,-1.3,-0.3,,,73.0,189.0,26.231125,4.0,Southern Mississippi,2016.0,2016.0,LAR,206.0,,0.03448276
2020,6,00-0033114,M.Thomas,WR,CIN,IND,0,0,0.0,0,0.0,0.0,0.0,0,0.0,0,3,1,10.0,0,1.0,2.0,,,73.0,189.0,26.231125,4.0,Southern Mississippi,2016.0,2016.0,LAR,206.0,,0.07692308
2020,7,00-0033114,M.Thomas,WR,CIN,CLE,0,0,0.0,0,0.0,0.0,0.0,0,0.0,0,3,2,54.0,0,5.4,7.4,,,73.0,189.0,26.231125,4.0,Southern Mississippi,2016.0,2016.0,LAR,206.0,-3.0,0.06382979
2020,10,00-0033114,M.Thomas,WR,CIN,PIT,0,0,0.0,0,0.0,0.0,0.0,0,0.0,0,2,0,0.0,0,0.0,0.0,,,73.0,189.0,26.231125,4.0,Southern Mississippi,2016.0,2016.0,LAR,206.0,,0.05263158
2020,14,00-0033114,M.Thomas,WR,CIN,DAL,0,0,0.0,0,0.0,0.0,0.0,0,0.0,0,1,0,0.0,0,0.0,0.0,,,73.0,189.0,26.231125,4.0,Southern Mississippi,2016.0,2016.0,LAR,206.0,-23.0,0.02631579
2020,16,00-0033114,M.Thomas,WR,CIN,HOU,0,0,0.0,0,0.0,0.0,0.0,0,0.0,0,1,0,0.0,0,0.0,0.0,,,73.0,189.0,26.231125,4.0,Southern Mississippi,2016.0,2016.0,LAR,206.0,,0.02631579
2020,1,00-0033118,K.Drake,RB,ARI,SF,0,0,0.0,0,0.0,0.0,0.0,16,60.0,1,2,2,5.0,0,12.5,14.5,,,73.0,211.0,26.785125,4.0,Alabama,2016.0,2016.0,MIA,73.0,,0.054054055
2020,2,00-0033118,K.Drake,RB,ARI,WAS,0,0,0.0,0,0.0,0.0,0.0,20,86.0,0,2,2,9.0,0,9.5,11.5,,,73.0,211.0,26.785125,4.0,Alabama,2016.0,2016.0,MIA,73.0,15.0,0.05882353
2020,3,00-0033118,K.Drake,RB,ARI,DET,0,0,0.0,0,0.0,0.0,0.0,18,73.0,0,1,1,6.0,0,7.9,8.9,,,73.0,211.0,26.785125,4.0,Alabama,2016.0,2016.0,MIA,73.0,-3.0,0.030303031
2020,4,00-0033118,K.Drake,RB,ARI,CAR,0,0,0.0,0,0.0,0.0,0.0,13,35.0,0,0,0,0.0,0,3.5,3.5,,,73.0,211.0,26.785125,4.0,Alabama,2016.0,2016.0,MIA,73.0,,
2020,5,00-0033118,K.Drake,RB,ARI,NYJ,0,0,0.0,0,0.0,0.0,0.0,18,60.0,1,1,1,2.0,0,12.2,13.2,,,73.0,211.0,26.785125,4.0,Alabama,2016.0,2016.0,MIA,73.0,,0.028571429
2020,6,00-0033118,K.Drake,RB,ARI,DAL,0,0,0.0,0,0.0,0.0,0.0,20,164.0,2,2,0,0.0,0,28.4,28.4,,,73.0,211.0,26.785125,4.0,Alabama,2016.0,2016.0,MIA,73.0,,0.09090909
2020,7,00-0033118,K.Drake,RB,ARI,SEA,0,0,0.0,0,0.0,0.0,0.0,14,34.0,0,2,1,7.0,0,4.1,5.1,,,73.0,211.0,26.785125,4.0,Alabama,2016.0,2016.0,MIA,73.0,3.0,0.045454547
2020,10,00-0033118,K.Drake,RB,ARI,BUF,0,0,0.0,0,0.0,0.0,0.0,16,100.0,0,1,1,9.0,0,8.9,9.9,,,73.0,211.0,26.785125,4.0,Alabama,2016.0,2016.0,MIA,73.0,2.0,0.03125
2020,11,00-0033118,K.Drake,RB,ARI,SEA,0,0,0.0,0,0.0,0.0,0.0,11,29.0,1,5,4,31.0,0,12.0,16.0,,,73.0,211.0,26.785125,4.0,Alabama,2016.0,2016.0,MIA,73.0,,0.12820514
2020,12,00-0033118,K.Drake,RB,ARI,NE,0,0,0.0,0,0.0,0.0,0.0,22,78.0,2,4,3,15.0,0,21.3,24.3,,,73.0,211.0,26.785125,4.0,Alabama,2016.0,2016.0,MIA,73.0,,0.11764706
2020,13,00-0033118,K.Drake,RB,ARI,LA,0,0,0.0,0,0.0,0.0,0.0,10,49.0,1,3,2,9.0,0,11.8,13.8,,,73.0,211.0,26.785125,4.0,Alabama,2016.0,2016.0,MIA,73.0,-10.0,0.083333336
2020,14,00-0033118,K.Drake,RB,ARI,NYG,0,0,0.0,0,0.0,0.0,0.0,23,80.0,1,1,1,10.0,0,15.0,16.0,,,73.0,211.0,26.785125,4.0,Alabama,2016.0,2016.0,MIA,73.0,,0.03125
2020,15,00-0033118,K.Drake,RB,ARI,PHI,0,0,0.0,0,0.0,0.0,0.0,10,26.0,0,2,2,14.0,0,4.0,6.0,,,73.0,211.0,26.785125,4.0,Alabama,2016.0,2016.0,MIA,73.0,7.0,0.054054055
2020,16,00-0033118,K.Drake,RB,ARI,SF,0,0,0.0,0,0.0,0.0,0.0,18,45.0,1,2,2,5.0,0,11.0,13.0,,,73.0,211.0,26.785125,4.0,Alabama,2016.0,2016.0,MIA,73.0,-8.0,0.04347826
2020,17,00-0033118,K.Drake,RB,ARI,LA,0,0,0.0,0,0.0,0.0,0.0,10,36.0,0,3,3,15.0,0,5.1,8.1,,,73.0,211.0,26.785125,4.0,Alabama,2016.0,2016.0,MIA,73.0,,0.11111111
2020,1,00-0033119,J.Brissett,QB,IND,JAX,0,0,0.0,0,0.0,1.0,6.0,0,0.0,0,0,0,0.0,0,0.0,0.0,,,76.0,235.0,27.921352941176472,4.0,North Carolina State,2016.0,2016.0,NE,91.0,,
2020,3,00-0033119,J.Brissett,QB,IND,NYJ,2,4,17.0,0,0.0,0.0,-0.0,2,0.0,0,0,0,0.0,0,0.68,0.68,,,76.0,235.0,27.921352941176472,4.0,North Carolina State,2016.0,2016.0,NE,91.0,29.0,
2020,9,00-0033119,J.Brissett,QB,IND,BAL,0,1,0.0,0,0.0,0.0,-0.0,0,0.0,0,0,0,0.0,0,0.0,0.0,,,76.0,235.0,27.921352941176472,4.0,North Carolina State,2016.0,2016.0,NE,91.0,-14.0,
2020,10,00-0033119,J.Brissett,QB,IND,TEN,0,0,0.0,0,0.0,0.0,0.0,1,2.0,1,0,0,0.0,0,6.2,6.2,,,76.0,235.0,27.921352941176472,4.0,North Carolina State,2016.0,2016.0,NE,91.0,,
2020,11,00-0033119,J.Brissett,QB,IND,GB,0,0,0.0,0,0.0,0.0,0.0,2,9.0,0,0,0,0.0,0,0.9,0.9,,,76.0,235.0,27.921352941176472,4.0,North Carolina State,2016.0,2016.0,NE,91.0,3.0,
2020,12,00-0033119,J.Brissett,QB,IND,TEN,0,2,0.0,0,0.0,1.0,9.0,4,3.0,2,0,0,0.0,0,12.3,12.3,,,76.0,235.0,27.921352941176472,4.0,North Carolina State,2016.0,2016.0,NE,91.0,-19.0,
2020,13,00-0033119,J.Brissett,QB,IND,HOU,0,0,0.0,0,0.0,0.0,0.0,2,1.0,0,0,0,0.0,0,0.1,0.1,,,76.0,235.0,27.921352941176472,4.0,North Carolina State,2016.0,2016.0,NE,91.0,,
2020,14,00-0033119,J.Brissett,QB,IND,LV,0,0,0.0,0,0.0,0.0,0.0,2,-2.0,0,0,0,0.0,0,-0.2,-0.2,,,76.0,235.0,27.921352941176472,4.0,North Carolina State,2016.0,2016.0,NE,91.0,,
2020,15,00-0033119,J.Brissett,QB,IND,HOU,0,1,0.0,0,0.0,0.0,-0.0,1,2.0,0,0,0,0.0,0,0.2,0.2,,,76.0,235.0,27.921352941176472,4.0,North Carolina State,2016.0,2016.0,NE,91.0,7.0,
2020,16,00-0033119,J.Brissett,QB,IND,PIT,0,0,0.0,0,0.0,0.0,0.0,1,1.0,0,0,0,0.0,0,0.1,0.1,,,76.0,235.0,27.921352941176472,4.0,North Carolina State,2016.0,2016.0,NE,91.0,,
2020,17,00-0033119,J.Brissett,QB,IND,JAX,0,0,0.0,0,0.0,0.0,0.0,2,3.0,0,0,0,0.0,0,0.3,0.3,,,76.0,235.0,27.921352941176472,4.0,North Carolina State,2016.0,2016.0,NE,91.0,14.0,
2020,18,00-0033119,J.Brissett,QB,IND,BUF,0,0,0.0,0,0.0,0.0,0.0,1,0.0,0,0,0,0.0,0,0.0,0.0,,,76.0,235.0,27.921352941176472,4.0,North Carolina State,2016.0,2016.0,NE,91.0,,
2020,1,00-0033127,W.Fuller,WR,HOU,KC,0,0,0.0,0,0.0,0.0,0.0,0,0.0,0,10,8,112.0,0,11.2,19.2,,,72.0,184.0,26.565625,4.0,Notre Dame,2016.0,2016.0,HOU,21.0,,0.32258064
2020,2,00-0033127,W.Fuller,WR,HOU,BAL,0,0,0.0,0,0.0,0.0,0.0,1,0.0,0,0,0,0.0,0,0.0,0.0,,,72.0,184.0,26.565625,4.0,Notre Dame,2016.0,2016.0,HOU,21.0,-17.0,
2020,3,00-0033127,W.Fuller,WR,HOU,PIT,0,0,0.0,0,0.0,0.0,0.0,0,0.0,0,5,4,54.0,1,11.4,15.4,,,72.0,184.0,26.565625,4.0,Notre Dame,2016.0,2016.0,HOU,21.0,,0.18518518
2020,4,00-0033127,W.Fuller,WR,HOU,MIN,0,0,0.0,0,0.0,0.0,0.0,0,0.0,0,7,6,108.0,1,16.8,22.8,,,72.0,184.0,26.565625,4.0,Notre Dame,2016.0,2016.0,HOU,21.0,-8.0,0.22580644
2020,5,00-0033127,W.Fuller,WR,HOU,JAX,0,0,0.0,0,0.0,0.0,0.0,0,0.0,0,8,4,58.0,1,11.8,15.8,,,72.0,184.0,26.565625,4.0,Notre Dame,2016.0,2016.0,HOU,21.0,16.0,0.22857143
2020,6,00-0033127,W.Fuller,WR,HOU,TEN,0,0,0.0,0,0.0,0.0,0.0,0,0.0,0,11,6,123.0,1,18.3,24.3,,,72.0,184.0,26.565625,4.0,Notre Dame,2016.0,2016.0,HOU,21.0,,0.2972973
2020,7,00-0033127,W.Fuller,WR,HOU,GB,0,0,0.0,0,0.0,0.0,0.0,0,0.0,0,6,3,35.0,1,9.5,12.5,,,72.0,184.0,26.565625,4.0,Notre Dame,2016.0,2016.0,HOU,21.0,-15.0,0.15789473
2020,9,00-0033127,W.Fuller,WR,HOU,JAX,0,0,0.0,0,0.0,0.0,0.0,0,0.0,0,5,5,100.0,1,16.0,21.0,,,72.0,184.0,26.565625,4.0,Notre Dame,2016.0,2016.0,HOU,21.0,,0.1724138
2020,10,00-0033127,W.Fuller,WR,HOU,CLE,0,0,0.0,0,0.0,0.0,0.0,0,0.0,0,8,5,38.0,0,3.8,8.8,,,72.0,184.0,26.565625,4.0,Notre Dame,2016.0,2016.0,HOU,21.0,,0.2857143
2020,11,00-0033127,W.Fuller,WR,HOU,NE,0,0,0.0,0,0.0,0.0,0.0,0,0.0,0,8,6,80.0,0,8.0,14.0,,,72.0,184.0,26.565625,4.0,Notre Dame,2016.0,2016.0,HOU,21.0,7.0,0.21621622
2020,12,00-0033127,W.Fuller,WR,HOU,DET,0,0,0.0,0,0.0,0.0,0.0,0,0.0,0,7,6,171.0,2,29.1,35.1,,,72.0,184.0,26.565625,4.0,Notre Dame,2016.0,2016.0,HOU,21.0,,0.3043478
2020,7,00-0033164,T.Pope,RB,LAC,JAX,0,0,0.0,0,0.0,0.0,0.0,1,6.0,0,0,0,0.0,0,0.6,0.6,,,68.0,205.0,26.946437500000002,4.0,Jacksonville State,2016.0,2016.0,,,10.0,
2020,8,00-0033164,T.Pope,RB,LAC,DEN,0,0,0.0,0,0.0,0.0,0.0,10,67.0,0,7,5,28.0,0,9.5,14.5,,,68.0,205.0,26.946437500000002,4.0,Jacksonville State,2016.0,2016.0,,,,0.16666667
2020,11,00-0033164,T.Pope,RB,LAC,NYJ,0,0,0.0,0,0.0,0.0,0.0,3,4.0,0,2,2,12.0,0,1.6,3.6,,,68.0,205.0,26.946437500000002,4.0,Jacksonville State,2016.0,2016.0,,,6.0,0.041666668
2020,12,00-0033164,T.Pope,RB,LAC,BUF,0,0,0.0,0,0.0,0.0,0.0,1,-1.0,0,1,1,2.0,0,0.1,1.1,,,68.0,205.0,26.946437500000002,4.0,Jacksonville State,2016.0,2016.0,,,,0.019607844
2020,2,00-0033215,C.Grayson,WR,TB,CAR,0,0,0.0,0,0.0,0.0,0.0,0,0.0,0,1,0,0.0,0,0.0,0.0,,,69.0,183.0,26.963749999999997,3.0,Louisiana State,2017.0,2017.0,,,14.0,0.028571429
2020,6,00-0033215,C.Grayson,WR,TB,GB,0,0,0.0,0,0.0,0.0,0.0,0,0.0,0,2,0,0.0,0,0.0,0.0,,,69.0,183.0,26.963749999999997,3.0,Louisiana State,2017.0,2017.0,,,28.0,0.074074075
2020,1,00-0033217,M.Alie-Cox,TE,IND,JAX,0,0,0.0,0,0.0,0.0,0.0,0,0.0,0,2,2,20.0,0,2.0,4.0,,,77.0,267.0,27.14935294117647,3.0,Virginia Commonwealth,2017.0,2017.0,,,,0.04347826
2020,2,00-0033217,M.Alie-Cox,TE,IND,MIN,0,0,0.0,0,0.0,0.0,0.0,0,0.0,0,6,5,111.0,0,11.1,16.1,,,77.0,267.0,27.14935294117647,3.0,Virginia Commonwealth,2017.0,2017.0,,,17.0,0.24
2020,3,00-0033217,M.Alie-Cox,TE,IND,NYJ,0,0,0.0,0,0.0,0.0,0.0,0,0.0,0,3,3,50.0,1,11.0,14.0,,,77.0,267.0,27.14935294117647,3.0,Virginia Commonwealth,2017.0,2017.0,,,29.0,0.12
2020,4,00-0033217,M.Alie-Cox,TE,IND,CHI,0,0,0.0,0,0.0,0.0,0.0,0,0.0,0,2,1,13.0,1,7.3,8.3,,,77.0,267.0,27.14935294117647,3.0,Virginia Commonwealth,2017.0,2017.0,,,,0.071428575
2020,5,00-0033217,M.Alie-Cox,TE,IND,CLE,0,0,0.0,0,0.0,0.0,0.0,0,0.0,0,1,0,0.0,0,0.0,0.0,,,77.0,267.0,27.14935294117647,3.0,Virginia Commonwealth,2017.0,2017.0,,,,0.03125
2020,8,00-0033217,M.Alie-Cox,TE,IND,DET,0,0,0.0,0,0.0,0.0,0.0,0,0.0,0,4,3,37.0,0,3.7,6.7,,,77.0,267.0,27.14935294117647,3.0,Virginia Commonwealth,2017.0,2017.0,,,,0.121212125
2020,9,00-0033217,M.Alie-Cox,TE,IND,BAL,0,0,0.0,0,0.0,0.0,0.0,0,0.0,0,3,3,43.0,0,4.3,7.3,,,77.0,267.0,27.14935294117647,3.0,Virginia Commonwealth,2017.0,2017.0,,,-14.0,0.075
2020,10,00-0033217,M.Alie-Cox,TE,IND,TEN,0,0,0.0,0,0.0,0.0,0.0,0,0.0,0,4,3,19.0,0,1.9,4.9,,,77.0,267.0,27.14935294117647,3.0,Virginia Commonwealth,2017.0,2017.0,,,,0.11111111
2020,11,00-0033217,M.Alie-Cox,TE,IND,GB,0,0,0.0,0,0.0,0.0,0.0,0,0.0,0,3,2,16.0,0,-0.4,1.6,,,77.0,267.0,27.14935294117647,3.0,Virginia Commonwealth,2017.0,2017.0,,,3.0,0.08571429
2020,12,00-0033217,M.Alie-Cox,TE,IND,TEN,0,0,0.0,0,0.0,0.0,0.0,0,0.0,0,2,2,19.0,0,1.9,3.9,,,77.0,267.0,27.14935294117647,3.0,Virginia Commonwealth,2017.0,2017.0,,,-19.0,0.04761905
2020,13,00-0033217,M.Alie-Cox,TE,IND,HOU,0,0,0.0,0,0.0,0.0,0.0,0,0.0,0,5,3,23.0,0,2.3,5.3,,,77.0,267.0,27.14935294117647,3.0,Virginia Commonwealth,2017.0,2017.0,,,,0.14285715
2020,14,00-0033217,M.Alie-Cox,TE,IND,LV,0,0,0.0,0,0.0,0.0,0.0,0,0.0,0,1,1,9.0,0,0.9,1.9,,,77.0,267.0,27.14935294117647,3.0,Virginia Commonwealth,2017.0,2017.0,,,,0.037037037
2020,15,00-0033217,M.Alie-Cox,TE,IND,HOU,0,0,0.0,0,0.0,0.0,0.0,0,0.0,0,2,2,14.0,0,1.4,3.4,,,77.0,267.0,27.14935294117647,3.0,Virginia Commonwealth,2017.0,2017.0,,,7.0,0.06896552
2020,16,00-0033217,M.Alie-Cox,TE,IND,PIT,0,0,0.0,0,0.0,0.0,0.0,0,0.0,0,1,1,20.0,0,2.0,3.0,,,77.0,267.0,27.14935294117647,3.0,Virginia Commonwealth,2017.0,2017.0,,,,0.029411765
2020,18,00-0033217,M.Alie-Cox,TE,IND,BUF,0,0,0.0,0,0.0,0.0,0.0,0,0.0,0,4,4,32.0,0,3.2,7.2,,,77.0,267.0,27.14935294117647,3.0,Virginia Commonwealth,2017.0,2017.0,,,,0.093023255
2020,4,00-0033246,J.Mundt,TE,LA,NYG,0,0,0.0,0,0.0,0.0,0.0,0,0.0,0,1,1,5.0,0,0.5,1.5,,,76.0,232.0,25.98,3.0,Oregon,2017.0,2017.0,,,8.0,0.03125
2020,7,00-0033246,J.Mundt,TE,LA,CHI,0,0,0.0,0,0.0,0.0,0.0,0,0.0,0,3,3,48.0,0,4.8,7.8,,,76.0,232.0,25.98,3.0,Oregon,2017.0,2017.0,,,14.0,0.09677419
2020,1,00-0033251,Z.Pascal,WR,IND,JAX,0,0,0.0,0,0.0,0.0,0.0,0,0.0,0,3,2,18.0,0,1.8,3.8,,,74.0,214.0,25.90370588235294,3.0,Old Dominion,2017.0,2017.0,,,,0.06521739
2020,2,00-0033251,Z.Pascal,WR,IND,MIN,0,0,0.0,0,0.0,0.0,0.0,0,0.0,0,4,3,19.0,1,7.9,10.9,,,74.0,214.0,25.90370588235294,3.0,Old Dominion,2017.0,2017.0,,,17.0,0.16
2020,3,00-0033251,Z.Pascal,WR,IND,NYJ,0,0,0.0,0,0.0,0.0,0.0,0,0.0,0,4,2,34.0,0,3.4,5.4,,,74.0,214.0,25.90370588235294,3.0,Old Dominion,2017.0,2017.0,,,29.0,0.16
2020,4,00-0033251,Z.Pascal,WR,IND,CHI,0,0,0.0,0,0.0,0.0,0.0,0,0.0,0,8,3,58.0,0,5.8,8.8,,,74.0,214.0,25.90370588235294,3.0,Old Dominion,2017.0,2017.0,,,,0.2857143
2020,5,00-0033251,Z.Pascal,WR,IND,CLE,0,0,0.0,0,0.0,0.0,0.0,0,0.0,0,2,2,15.0,0,1.5,3.5,,,74.0,214.0,25.90370588235294,3.0,Old Dominion,2017.0,2017.0,,,,0.0625
2020,6,00-0033251,Z.Pascal,WR,IND,CIN,0,0,0.0,0,0.0,0.0,0.0,0,0.0,0,7,4,54.0,1,11.4,15.4,,,74.0,214.0,25.90370588235294,3.0,Old Dominion,2017.0,2017.0,,,4.0,0.16666667
2020,8,00-0033251,Z.Pascal,WR,IND,DET,0,1,0.0,0,0.0,0.0,-0.0,0,0.0,0,6,3,44.0,0,4.4,7.4,,,74.0,214.0,25.90370588235294,3.0,Old Dominion,2017.0,2017.0,,,,0.18181819
2020,9,00-0033251,Z.Pascal,WR,IND,BAL,0,0,0.0,0,0.0,0.0,0.0,0,0.0,0,6,5,55.0,0,5.5,10.5,,,74.0,214.0,25.90370588235294,3.0,Old Dominion,2017.0,2017.0,,,-14.0,0.15
2020,10,00-0033251,Z.Pascal,WR,IND,TEN,0,0,0.0,0,0.0,0.0,0.0,0,0.0,0,5,4,33.0,0,3.3,7.3,,,74.0,214.0,25.90370588235294,3.0,Old Dominion,2017.0,2017.0,,,,0.1388889
2020,11,00-0033251,Z.Pascal,WR,IND,GB,0,0,0.0,0,0.0,0.0,0.0,0,0.0,0,3,3,54.0,0,5.4,8.4,,,74.0,214.0,25.90370588235294,3.0,Old Dominion,2017.0,2017.0,,,3.0,0.08571429
2020,12,00-0033251,Z.Pascal,WR,IND,TEN,0,0,0.0,0,0.0,0.0,0.0,0,0.0,0,4,1,23.0,0,2.3,3.3,,,74.0,214.0,25.90370588235294,3.0,Old Dominion,2017.0,2017.0,,,-19.0,0.0952381
2020,13,00-0033251,Z.Pascal,WR,IND,HOU,0,0,0.0,0,0.0,0.0,0.0,0,0.0,0,1,1,11.0,0,1.1,2.1,,,74.0,214.0,25.90370588235294,3.0,Old Dominion,2017.0,2017.0,,,,0.028571429
2020,14,00-0033251,Z.Pascal,WR,IND,LV,0,0,0.0,0,0.0,0.0,0.0,0,0.0,0,2,1,27.0,0,2.7,3.7,,,74.0,214.0,25.90370588235294,3.0,Old Dominion,2017.0,2017.0,,,,0.074074075
2020,15,00-0033251,Z.Pascal,WR,IND,HOU,0,0,0.0,0,0.0,0.0,0.0,0,0.0,0,6,5,79.0,2,19.9,24.9,,,74.0,214.0,25.90370588235294,3.0,Old Dominion,2017.0,2017.0,,,7.0,0.20689656
2020,16,00-0033251,Z.Pascal,WR,IND,PIT,0,0,0.0,0,0.0,0.0,0.0,0,0.0,0,6,3,64.0,1,12.4,15.4,,,74.0,214.0,25.90370588235294,3.0,Old Dominion,2017.0,2017.0,,,,0.1764706
2020,17,00-0033251,Z.Pascal,WR,IND,JAX,0,0,0.0,0,0.0,0.0,0.0,0,0.0,0,4,2,41.0,0,4.1,6.1,,,74.0,214.0,25.90370588235294,3.0,Old Dominion,2017.0,2017.0,,,14.0,0.15384616
2020,18,00-0033251,Z.Pascal,WR,IND,BUF,0,0,0.0,0,0.0,0.0,0.0,0,0.0,0,5,3,37.0,1,9.7,12.7,,,74.0,214.0,25.90370588235294,3.0,Old Dominion,2017.0,2017.0,,,,0.11627907
2020,2,00-0033258,D.Daniels,TE,ARI,WAS,0,0,0.0,0,0.0,0.0,0.0,0,0.0,0,1,0,0.0,0,0.0,0.0,,,75.0,256.0,25.9636875,3.0,Washington,2017.0,2017.0,,,15.0,0.029411765
2020,3,00-0033258,D.Daniels,TE,ARI,DET,0,0,0.0,0,0.0,0.0,0.0,0,0.0,0,2,2,24.0,0,2.4,4.4,,,75.0,256.0,25.9636875,3.0,Washington,2017.0,2017.0,,,-3.0,0.060606062
2020,5,00-0033258,D.Daniels,TE,ARI,NYJ,0,0,0.0,0,0.0,0.0,0.0,0,0.0,0,2,2,37.0,0,3.7,5.7,,,75.0,256.0,25.9636875,3.0,Washington,2017.0,2017.0,,,,0.057142857
2020,6,00-0033258,D.Daniels,TE,ARI,DAL,0,0,0.0,0,0.0,0.0,0.0,0,0.0,0,1,1,1.0,0,0.1,1.1,,,75.0,256.0,25.9636875,3.0,Washington,2017.0,2017.0,,,,0.045454547
2020,7,00-0033258,D.Daniels,TE,ARI,SEA,0,0,0.0,0,0.0,0.0,0.0,0,0.0,0,1,0,0.0,0,0.0,0.0,,,75.0,256.0,25.9636875,3.0,Washington,2017.0,2017.0,,,3.0,0.022727273
2020,9,00-0033258,D.Daniels,TE,ARI,MIA,0,0,0.0,0,0.0,0.0,0.0,0,0.0,0,1,1,21.0,1,8.1,9.1,,,75.0,256.0,25.9636875,3.0,Washington,2017.0,2017.0,,,-3.0,0.03846154
2020,15,00-0033258,D.Daniels,TE,ARI,PHI,0,0,0.0,0,0.0,0.0,0.0,0,0.0,0,1,1,2.0,0,0.2,1.2,,,75.0,256.0,25.9636875,3.0,Washington,2017.0,2017.0,,,7.0,0.027027028
2020,16,00-0033258,D.Daniels,TE,ARI,SF,0,0,0.0,0,0.0,0.0,0.0,0,0.0,0,2,1,7.0,0,0.7,1.7,,,75.0,256.0,25.9636875,3.0,Washington,2017.0,2017.0,,,-8.0,0.04347826
2020,3,00-0033266,J.Natson,WR,CLE,WAS,0,0,0.0,0,0.0,0.0,0.0,1,3.0,0,0,0,0.0,0,0.3,0.3,,,67.0,153.0,26.78788888888889,3.0,Akron,2017.0,2017.0,,,14.0,
2020,8,00-0033275,P.Walker,QB,CAR,ATL,1,4,3.0,0,0.0,0.0,-0.0,0,0.0,0,0,0,0.0,0,0.12,0.12,,,71.0,212.0,25.69475,3.0,Temple,2017.0,2017.0,,,-8.0,
2020,10,00-0033275,P.Walker,QB,CAR,TB,2,4,12.0,0,0.0,1.0,16.0,0,0.0,0,0,0,0.0,0,0.48,0.48,,,71.0,212.0,25.69475,3.0,Temple,2017.0,2017.0,,,-23.0,
2020,11,00-0033275,P.Walker,QB,CAR,DET,24,34,258.0,1,2.0,1.0,-0.0,5,-2.0,0,1,0,0.0,0,10.12,10.12,,,71.0,212.0,25.69475,3.0,Temple,2017.0,2017.0,,,20.0,0.028571429
2020,17,00-0033275,P.Walker,QB,CAR,NO,5,14,95.0,0,3.0,2.0,15.0,0,0.0,0,0,0,0.0,0,-2.2,-2.2,,,71.0,212.0,25.69475,3.0,Temple,2017.0,2017.0,,,-26.0,
2020,1,00-0033280,C.McCaffrey,RB,CAR,LV,0,0,0.0,0,0.0,0.0,0.0,23,97.0,2,4,3,38.0,0,25.5,28.5,,,71.0,205.0,24.416125,3.0,Stanford,2017.0,2017.0,CAR,8.0,-4.0,0.11764706
2020,2,00-0033280,C.McCaffrey,RB,CAR,TB,0,0,0.0,0,0.0,0.0,0.0,18,59.0,2,5,4,29.0,0,20.8,24.8,,,71.0,205.0,24.416125,3.0,Stanford,2017.0,2017.0,CAR,8.0,,0.125
2020,9,00-0033280,C.McCaffrey,RB,CAR,KC,0,0,0.0,0,0.0,0.0,0.0,18,69.0,1,10,10,82.0,1,27.1,37.1,,,71.0,205.0,24.416125,3.0,Stanford,2017.0,2017.0,CAR,8.0,,0.22727273
2020,1,00-0033282,C.Samuel,WR,CAR,LV,0,0,0.0,0,0.0,0.0,0.0,1,5.0,0,8,5,38.0,0,4.3,9.3,,,71.0,195.0,24.2381875,3.0,Ohio State,2017.0,2017.0,CAR,40.0,-4.0,0.23529412
2020,2,00-0033282,C.Samuel,WR,CAR,TB,0,0,0.0,0,0.0,0.0,0.0,4,26.0,0,2,2,13.0,0,3.9,5.9,,,71.0,195.0,24.2381875,3.0,Ohio State,2017.0,2017.0,CAR,40.0,,0.05
2020,3,00-0033282,C.Samuel,WR,CAR,LAC,0,0,0.0,0,0.0,0.0,0.0,4,7.0,0,4,4,45.0,0,5.2,9.2,,,71.0,195.0,24.2381875,3.0,Ohio State,2017.0,2017.0,CAR,40.0,,0.14814815
2020,4,00-0033282,C.Samuel,WR,CAR,ARI,0,0,0.0,0,0.0,0.0,0.0,2,-3.0,0,4,3,51.0,0,4.8,7.8,,,71.0,195.0,24.2381875,3.0,Ohio State,2017.0,2017.0,CAR,40.0,10.0,0.11111111
2020,5,00-0033282,C.Samuel,WR,CAR,ATL,0,0,0.0,0,0.0,0.0,0.0,4,28.0,0,5,5,36.0,0,6.4,11.4,,,71.0,195.0,24.2381875,3.0,Ohio State,2017.0,2017.0,CAR,40.0,,0.14705883
2020,7,00-0033282,C.Samuel,WR,CAR,NO,0,0,0.0,0,0.0,0.0,0.0,1,5.0,1,6,6,48.0,0,11.3,17.3,,,71.0,195.0,24.2381875,3.0,Ohio State,2017.0,2017.0,CAR,40.0,,0.22222222
2020,8,00-0033282,C.Samuel,WR,CAR,ATL,0,0,0.0,0,0.0,0.0,0.0,3,23.0,1,5,4,31.0,1,17.4,21.4,,,71.0,195.0,24.2381875,3.0,Ohio State,2017.0,2017.0,CAR,40.0,-8.0,0.1923077
2020,9,00-0033282,C.Samuel,WR,CAR,KC,0,0,0.0,0,0.0,0.0,0.0,3,13.0,0,9,9,105.0,1,17.8,26.8,,,71.0,195.0,24.2381875,3.0,Ohio State,2017.0,2017.0,CAR,40.0,,0.20454545
2020,10,00-0033282,C.Samuel,WR,CAR,TB,0,0,0.0,0,0.0,0.0,0.0,3,4.0,0,5,3,8.0,0,1.2,4.2,,,71.0,195.0,24.2381875,3.0,Ohio State,2017.0,2017.0,CAR,40.0,-23.0,0.17857143
2020,11,00-0033282,C.Samuel,WR,CAR,DET,0,0,0.0,0,0.0,0.0,0.0,1,4.0,0,10,8,70.0,1,13.4,21.4,,,71.0,195.0,24.2381875,3.0,Ohio State,2017.0,2017.0,CAR,40.0,20.0,0.2857143
2020,12,00-0033282,C.Samuel,WR,CAR,MIN,0,0,0.0,0,0.0,0.0,0.0,1,5.0,0,5,5,72.0,0,7.7,12.7,,,71.0,195.0,24.2381875,3.0,Ohio State,2017.0,2017.0,CAR,40.0,,0.15625
2020,14,00-0033282,C.Samuel,WR,CAR,DEN,0,0,0.0,0,0.0,0.0,0.0,2,22.0,0,9,7,68.0,0,9.0,16.0,,,71.0,195.0,24.2381875,3.0,Ohio State,2017.0,2017.0,CAR,40.0,-5.0,0.23076923
2020,15,00-0033282,C.Samuel,WR,CAR,GB,0,0,0.0,0,0.0,0.0,0.0,2,6.0,0,9,4,42.0,0,4.8,8.8,,,71.0,195.0,24.2381875,3.0,Ohio State,2017.0,2017.0,CAR,40.0,,0.2647059
2020,16,00-0033282,C.Samuel,WR,CAR,WAS,0,0,0.0,0,0.0,0.0,0.0,7,52.0,0,5,5,106.0,0,15.8,20.8,,,71.0,195.0,24.2381875,3.0,Ohio State,2017.0,2017.0,CAR,40.0,,0.17857143
2020,17,00-0033282,C.Samuel,WR,CAR,NO,0,0,0.0,0,0.0,0.0,0.0,3,3.0,0,11,7,118.0,0,12.1,19.1,,,71.0,195.0,24.2381875,3.0,Ohio State,2017.0,2017.0,CAR,40.0,-26.0,0.30555555
2020,1,00-0033288,G.Kittle,TE,SF,ARI,0,0,0.0,0,0.0,0.0,0.0,1,9.0,0,5,4,44.0,0,5.3,9.3,,,76.0,250.0,27.0799375,3.0,Iowa,2017.0,2017.0,SF,146.0,-4.0,0.15625
2020,4,00-0033288,G.Kittle,TE,SF,PHI,0,0,0.0,0,0.0,0.0,0.0,1,8.0,0,15,15,183.0,1,25.1,40.1,,,76.0,250.0,27.0799375,3.0,Iowa,2017.0,2017.0,SF,146.0,-5.0,0.36585367
2020,5,00-0033288,G.Kittle,TE,SF,MIA,0,0,0.0,0,0.0,0.0,0.0,0,0.0,0,8,4,44.0,0,4.4,8.4,,,76.0,250.0,27.0799375,3.0,Iowa,2017.0,2017.0,SF,146.0,-26.0,0.22857143
2020,6,00-0033288,G.Kittle,TE,SF,LA,0,0,0.0,0,0.0,0.0,0.0,0,0.0,0,10,7,109.0,1,16.9,23.9,,,76.0,250.0,27.0799375,3.0,Iowa,2017.0,2017.0,SF,146.0,8.0,0.3125
2020,7,00-0033288,G.Kittle,TE,SF,NE,0,0,0.0,0,0.0,0.0,0.0,0,0.0,0,7,5,55.0,0,5.5,10.5,,,76.0,250.0,27.0799375,3.0,Iowa,2017.0,2017.0,SF,146.0,,0.28
2020,8,00-0033288,G.Kittle,TE,SF,SEA,0,0,0.0,0,0.0,0.0,0.0,0,0.0,0,4,2,39.0,0,3.9,5.9,,,76.0,250.0,27.0799375,3.0,Iowa,2017.0,2017.0,SF,146.0,,0.1
2020,16,00-0033288,G.Kittle,TE,SF,ARI,0,0,0.0,0,0.0,0.0,0.0,0,0.0,0,5,4,92.0,0,9.2,13.2,,,76.0,250.0,27.0799375,3.0,Iowa,2017.0,2017.0,SF,146.0,,0.23809524
2020,17,00-0033288,G.Kittle,TE,SF,SEA,0,0,0.0,0,0.0,0.0,0.0,0,0.0,0,9,7,68.0,0,6.8,13.8,,,76.0,250.0,27.0799375,3.0,Iowa,2017.0,2017.0,SF,146.0,-3.0,0.25714287
2020,1,00-0033292,T.Taylor,WR,SF,ARI,0,0,0.0,0,0.0,0.0,0.0,0,0.0,0,5,2,7.0,0,0.7,2.7,,,68.0,181.0,26.524125,3.0,Louisiana Tech,2017.0,2017.0,SF,177.0,-4.0,0.15625
2020,2,00-0033292,T.Taylor,WR,SF,NYJ,0,0,0.0,0,0.0,0.0,0.0,0,0.0,0,3,2,10.0,0,1.0,3.0,,,68.0,181.0,26.524125,3.0,Louisiana Tech,2017.0,2017.0,SF,177.0,,0.11111111
2020,3,00-0033292,T.Taylor,WR,SF,NYG,0,0,0.0,0,0.0,0.0,0.0,0,0.0,0,1,1,20.0,0,2.0,3.0,,,68.0,181.0,26.524125,3.0,Louisiana Tech,2017.0,2017.0,SF,177.0,,0.028571429
2020,4,00-0033292,T.Taylor,WR,SF,PHI,0,0,0.0,0,0.0,0.0,0.0,0,0.0,0,1,0,0.0,0,0.0,0.0,,,68.0,181.0,26.524125,3.0,Louisiana Tech,2017.0,2017.0,SF,177.0,-5.0,0.024390243
2020,6,00-0033292,T.Taylor,WR,SF,LA,0,0,0.0,0,0.0,0.0,0.0,0,0.0,0,2,1,8.0,0,0.8,1.8,,,68.0,181.0,26.524125,3.0,Louisiana Tech,2017.0,2017.0,SF,177.0,8.0,0.0625
2020,8,00-0033292,T.Taylor,WR,SF,SEA,0,0,0.0,0,0.0,0.0,0.0,0,0.0,0,5,3,32.0,0,3.2,6.2,,,68.0,181.0,26.524125,3.0,Louisiana Tech,2017.0,2017.0,SF,177.0,,0.125
2020,9,00-0033292,T.Taylor,WR,SF,GB,0,0,0.0,0,0.0,0.0,0.0,0,0.0,0,4,1,9.0,0,0.9,1.9,,,68.0,181.0,26.524125,3.0,Louisiana Tech,2017.0,2017.0,SF,177.0,-17.0,0.11764706
2020,1,00-0033293,A.Jones,RB,GB,MIN,0,0,0.0,0,0.0,0.0,0.0,16,66.0,1,6,4,10.0,0,13.6,17.6,,,69.0,208.0,25.96161111111111,3.0,Texas-El Paso,2017.0,2017.0,GB,182.0,,0.14634146
2020,2,00-0033293,A.Jones,RB,GB,DET,0,0,0.0,0,0.0,0.0,0.0,18,168.0,2,8,4,68.0,1,41.6,45.6,,,69.0,208.0,25.96161111111111,3.0,Texas-El Paso,2017.0,2017.0,GB,182.0,21.0,0.26666668
2020,3,00-0033293,A.Jones,RB,GB,NO,0,0,0.0,0,0.0,0.0,0.0,16,69.0,1,4,2,17.0,0,14.6,16.6,,,69.0,208.0,25.96161111111111,3.0,Texas-El Paso,2017.0,2017.0,GB,182.0,,0.13333334
2020,4,00-0033293,A.Jones,RB,GB,ATL,0,0,0.0,0,0.0,0.0,0.0,15,71.0,0,5,5,40.0,1,17.1,22.1,,,69.0,208.0,25.96161111111111,3.0,Texas-El Paso,2017.0,2017.0,GB,182.0,14.0,0.15151516
2020,6,00-0033293,A.Jones,RB,GB,TB,0,0,0.0,0,0.0,0.0,0.0,10,15.0,1,5,3,26.0,0,10.1,13.1,,,69.0,208.0,25.96161111111111,3.0,Texas-El Paso,2017.0,2017.0,GB,182.0,,0.16129032
2020,9,00-0033293,A.Jones,RB,GB,SF,0,0,0.0,0,0.0,0.0,0.0,15,58.0,0,5,5,21.0,0,7.9,12.9,,,69.0,208.0,25.96161111111111,3.0,Texas-El Paso,2017.0,2017.0,GB,182.0,,0.16666667
2020,10,00-0033293,A.Jones,RB,GB,JAX,0,0,0.0,0,0.0,0.0,0.0,13,46.0,0,6,5,49.0,0,9.5,14.5,,,69.0,208.0,25.96161111111111,3.0,Texas-El Paso,2017.0,2017.0,GB,182.0,4.0,0.18181819
2020,11,00-0033293,A.Jones,RB,GB,IND,0,0,0.0,0,0.0,0.0,0.0,10,41.0,1,4,4,30.0,0,13.1,17.1,,,69.0,208.0,25.96161111111111,3.0,Texas-El Paso,2017.0,2017.0,GB,182.0,,0.114285715
2020,12,00-0033293,A.Jones,RB,GB,CHI,0,0,0.0,0,0.0,0.0,0.0,17,90.0,0,2,1,0.0,0,9.0,10.0,,,69.0,208.0,25.96161111111111,3.0,Texas-El Paso,2017.0,2017.0,GB,182.0,16.0,0.06896552
2020,13,00-0033293,A.Jones,RB,GB,PHI,0,0,0.0,0,0.0,0.0,0.0,15,130.0,1,3,3,18.0,0,20.8,23.8,,,69.0,208.0,25.96161111111111,3.0,Texas-El Paso,2017.0,2017.0,GB,182.0,14.0,0.09375
2020,14,00-0033293,A.Jones,RB,GB,DET,0,0,0.0,0,0.0,0.0,0.0,15,69.0,0,3,2,6.0,0,7.5,9.5,,,69.0,208.0,25.96161111111111,3.0,Texas-El Paso,2017.0,2017.0,GB,182.0,,0.09677419
2020,15,00-0033293,A.Jones,RB,GB,CAR,0,0,0.0,0,0.0,0.0,0.0,20,145.0,1,4,3,13.0,0,21.8,24.8,,,69.0,208.0,25.96161111111111,3.0,Texas-El Paso,2017.0,2017.0,GB,182.0,8.0,0.15384616
2020,16,00-0033293,A.Jones,RB,GB,TEN,0,0,0.0,0,0.0,0.0,0.0,10,94.0,0,3,2,14.0,0,10.8,12.8,,,69.0,208.0,25.96161111111111,3.0,Texas-El Paso,2017.0,2017.0,GB,182.0,26.0,0.125
2020,17,00-0033293,A.Jones,RB,GB,CHI,0,0,0.0,0,0.0,0.0,0.0,11,42.0,1,5,4,43.0,0,14.5,18.5,,,69.0,208.0,25.96161111111111,3.0,Texas-El Paso,2017.0,2017.0,GB,182.0,,0.20833333
2020,19,00-0033293,A.Jones,RB,GB,LA,0,0,0.0,0,0.0,0.0,0.0,14,99.0,1,2,1,14.0,0,17.3,18.3,,,69.0,208.0,25.96161111111111,3.0,Texas-El Paso,2017.0,2017.0,GB,182.0,14.0,0.05882353
2020,20,00-0033293,A.Jones,RB,GB,TB,0,0,0.0,0,0.0,0.0,0.0,6,27.0,0,6,4,7.0,0,1.4,5.4,,,69.0,208.0,25.96161111111111,3.0,Texas-El Paso,2017.0,2017.0,GB,182.0,-5.0,0.13043478
2020,1,00-0033296,A.Armah,RB,CAR,LV,0,0,0.0,0,0.0,0.0,0.0,2,1.0,0,0,0,0.0,0,0.1,0.1,,,74.0,255.0,26.4750625,3.0,West Georgia,2017.0,2017.0,CAR,192.0,-4.0,
2020,2,00-0033296,A.Armah,RB,CAR,TB,0,0,0.0,0,0.0,0.0,0.0,0,0.0,0,1,1,14.0,0,1.4,2.4,,,74.0,255.0,26.4750625,3.0,West Georgia,2017.0,2017.0,CAR,192.0,,0.025
2020,4,00-0033296,A.Armah,RB,CAR,ARI,0,0,0.0,0,0.0,0.0,0.0,1,2.0,0,0,0,0.0,0,0.2,0.2,,,74.0,255.0,26.4750625,3.0,West Georgia,2017.0,2017.0,CAR,192.0,10.0,
2020,5,00-0033296,A.Armah,RB,CAR,ATL,0,0,0.0,0,0.0,0.0,0.0,1,2.0,0,0,0,0.0,0,0.2,0.2,,,74.0,255.0,26.4750625,3.0,West Georgia,2017.0,2017.0,CAR,192.0,,
2020,6,00-0033296,A.Armah,RB,CAR,CHI,0,0,0.0,0,0.0,0.0,0.0,0,0.0,0,1,0,0.0,0,0.0,0.0,,,74.0,255.0,26.4750625,3.0,West Georgia,2017.0,2017.0,CAR,192.0,-7.0,0.037037037
2020,7,00-0033296,A.Armah,RB,CAR,NO,0,0,0.0,0,0.0,0.0,0.0,1,1.0,0,1,0,0.0,0,0.1,0.1,,,74.0,255.0,26.4750625,3.0,West Georgia,2017.0,2017.0,CAR,192.0,,0.037037037
2020,10,00-0033296,A.Armah,RB,CAR,TB,0,0,0.0,0,0.0,0.0,0.0,0,0.0,0,2,2,-5.0,0,-0.5,1.5,,,74.0,255.0,26.4750625,3.0,West Georgia,2017.0,2017.0,CAR,192.0,-23.0,0.071428575
2020,11,00-0033296,A.Armah,RB,CAR,DET,0,0,0.0,0,0.0,0.0,0.0,0,0.0,0,1,0,0.0,0,0.0,0.0,,,74.0,255.0,26.4750625,3.0,West Georgia,2017.0,2017.0,CAR,192.0,20.0,0.028571429
2020,14,00-0033296,A.Armah,RB,CAR,DEN,0,0,0.0,0,0.0,0.0,0.0,0,0.0,0,1,1,0.0,0,0.0,1.0,,,74.0,255.0,26.4750625,3.0,West Georgia,2017.0,2017.0,CAR,192.0,-5.0,0.025641026
2020,15,00-0033296,A.Armah,RB,CAR,GB,0,0,0.0,0,0.0,0.0,0.0,0,0.0,0,1,1,9.0,0,0.9,1.9,,,74.0,255.0,26.4750625,3.0,West Georgia,2017.0,2017.0,CAR,192.0,,0.029411765
2020,16,00-0033296,A.Armah,RB,CAR,WAS,0,0,0.0,0,0.0,0.0,0.0,1,3.0,0,0,0,0.0,0,0.3,0.3,,,74.0,255.0,26.4750625,3.0,West Georgia,2017.0,2017.0,CAR,192.0,,
2020,17,00-0033296,A.Armah,RB,CAR,NO,0,0,0.0,0,0.0,0.0,0.0,0,0.0,0,1,0,0.0,0,0.0,0.0,,,74.0,255.0,26.4750625,3.0,West Georgia,2017.0,2017.0,CAR,192.0,-26.0,0.027777778
2020,1,00-0033307,K.Bourne,WR,SF,ARI,0,0,0.0,0,0.0,0.0,0.0,0,0.0,0,5,2,34.0,0,3.4,5.4,,,73.0,203.0,25.262,3.0,Eastern Washington,2017.0,2017.0,,,-4.0,0.15625
2020,2,00-0033307,K.Bourne,WR,SF,NYJ,0,0,0.0,0,0.0,0.0,0.0,0,0.0,0,5,4,67.0,0,6.7,10.7,,,73.0,203.0,25.262,3.0,Eastern Washington,2017.0,2017.0,,,,0.18518518
2020,3,00-0033307,K.Bourne,WR,SF,NYG,0,0,0.0,0,0.0,0.0,0.0,0,0.0,0,6,4,63.0,0,6.3,10.3,,,73.0,203.0,25.262,3.0,Eastern Washington,2017.0,2017.0,,,,0.17142858
2020,4,00-0033307,K.Bourne,WR,SF,PHI,0,0,0.0,0,0.0,0.0,0.0,0,0.0,0,6,3,33.0,0,3.3,6.3,,,73.0,203.0,25.262,3.0,Eastern Washington,2017.0,2017.0,,,-5.0,0.14634146
2020,5,00-0033307,K.Bourne,WR,SF,MIA,0,0,0.0,0,0.0,0.0,0.0,0,0.0,0,4,2,30.0,1,9.0,11.0,,,73.0,203.0,25.262,3.0,Eastern Washington,2017.0,2017.0,,,-26.0,0.114285715
2020,6,00-0033307,K.Bourne,WR,SF,LA,0,0,0.0,0,0.0,0.0,0.0,0,0.0,0,3,2,44.0,0,4.4,6.4,,,73.0,203.0,25.262,3.0,Eastern Washington,2017.0,2017.0,,,8.0,0.09375
2020,7,00-0033307,K.Bourne,WR,SF,NE,0,0,0.0,0,0.0,0.0,0.0,0,0.0,0,1,0,0.0,0,0.0,0.0,,,73.0,203.0,25.262,3.0,Eastern Washington,2017.0,2017.0,,,,0.04
2020,8,00-0033307,K.Bourne,WR,SF,SEA,0,0,0.0,0,0.0,0.0,0.0,0,0.0,0,10,8,81.0,0,8.1,16.1,,,73.0,203.0,25.262,3.0,Eastern Washington,2017.0,2017.0,,,,0.25
2020,10,00-0033307,K.Bourne,WR,SF,NO,0,0,0.0,0,0.0,0.0,0.0,0,0.0,0,5,4,26.0,0,2.6,6.6,,,73.0,203.0,25.262,3.0,Eastern Washington,2017.0,2017.0,,,,0.12820514
2020,12,00-0033307,K.Bourne,WR,SF,LA,0,0,0.0,0,0.0,0.0,0.0,0,0.0,0,5,3,34.0,0,3.4,6.4,,,73.0,203.0,25.262,3.0,Eastern Washington,2017.0,2017.0,,,,0.14705883
2020,13,00-0033307,K.Bourne,WR,SF,BUF,0,0,0.0,0,0.0,0.0,0.0,0,0.0,0,6,4,35.0,0,3.5,7.5,,,73.0,203.0,25.262,3.0,Eastern Washington,2017.0,2017.0,,,-10.0,0.15384616
2020,14,00-0033307,K.Bourne,WR,SF,WAS,0,0,0.0,0,0.0,0.0,0.0,0,0.0,0,7,3,42.0,0,6.2,9.2,,,73.0,203.0,25.262,3.0,Eastern Washington,2017.0,2017.0,,,-8.0,0.1590909
2020,15,00-0033307,K.Bourne,WR,SF,DAL,0,0,0.0,0,0.0,0.0,0.0,0,0.0,0,4,4,86.0,1,14.6,18.6,,,73.0,203.0,25.262,3.0,Eastern Washington,2017.0,2017.0,,,,0.09756097
2020,16,00-0033307,K.Bourne,WR,SF,ARI,0,0,0.0,0,0.0,0.0,0.0,0,0.0,0,1,1,16.0,0,1.6,2.6,,,73.0,203.0,25.262,3.0,Eastern Washington,2017.0,2017.0,,,,0.04761905
2020,17,00-0033307,K.Bourne,WR,SF,SEA,0,0,0.0,0,0.0,0.0,0.0,0,0.0,0,6,5,76.0,0,7.6,12.6,,,73.0,203.0,25.262,3.0,Eastern Washington,2017.0,2017.0,,,-3.0,0.17142858
2020,1,00-0033308,M.Breida,RB,MIA,NE,0,0,0.0,0,0.0,0.0,0.0,5,22.0,0,0,0,0.0,0,2.2,2.2,,,70.0,190.0,25.6965,3.0,Georgia Southern,2017.0,2017.0,,,,
2020,2,00-0033308,M.Breida,RB,MIA,BUF,0,0,0.0,0,0.0,0.0,0.0,7,37.0,0,2,1,2.0,0,3.9,4.9,,,70.0,190.0,25.6965,3.0,Georgia Southern,2017.0,2017.0,,,-3.0,0.04347826
2020,3,00-0033308,M.Breida,RB,MIA,JAX,0,0,0.0,0,0.0,0.0,0.0,3,4.0,0,0,0,0.0,0,0.4,0.4,,,70.0,190.0,25.6965,3.0,Georgia Southern,2017.0,2017.0,,,,
2020,4,00-0033308,M.Breida,RB,MIA,SEA,0,0,0.0,0,0.0,0.0,0.0,3,9.0,0,3,3,39.0,0,4.8,7.8,,,70.0,190.0,25.6965,3.0,Georgia Southern,2017.0,2017.0,,,-8.0,0.06666667
2020,5,00-0033308,M.Breida,RB,MIA,SF,0,0,0.0,0,0.0,0.0,0.0,9,28.0,0,1,1,31.0,0,5.9,6.9,,,70.0,190.0,25.6965,3.0,Georgia Southern,2017.0,2017.0,,,,0.037037037
2020,6,00-0033308,M.Breida,RB,MIA,NYJ,0,0,0.0,0,0.0,0.0,0.0,6,15.0,0,2,2,7.0,0,2.2,4.2,,,70.0,190.0,25.6965,3.0,Georgia Southern,2017.0,2017.0,,,24.0,0.06896552
2020,8,00-0033308,M.Breida,RB,MIA,LA,0,0,0.0,0,0.0,0.0,0.0,4,13.0,0,0,0,0.0,0,1.3,1.3,,,70.0,190.0,25.6965,3.0,Georgia Southern,2017.0,2017.0,,,11.0,
2020,11,00-0033308,M.Breida,RB,MIA,DEN,0,0,0.0,0,0.0,0.0,0.0,2,4.0,0,0,0,0.0,0,0.4,0.4,,,70.0,190.0,25.6965,3.0,Georgia Southern,2017.0,2017.0,,,,
2020,12,00-0033308,M.Breida,RB,MIA,NYJ,0,0,0.0,0,0.0,0.0,0.0,8,36.0,0,2,2,17.0,0,3.3,5.3,,,70.0,190.0,25.6965,3.0,Georgia Southern,2017.0,2017.0,,,,0.051282052
2020,15,00-0033308,M.Breida,RB,MIA,NE,0,0,0.0,0,0.0,0.0,0.0,12,86.0,0,0,0,0.0,0,8.6,8.6,,,70.0,190.0,25.6965,3.0,Georgia Southern,2017.0,2017.0,,,10.0,
2020,2,00-0033319,N.Mullens,QB,SF,NYJ,8,11,71.0,0,1.0,2.0,17.0,2,-2.0,0,0,0,0.0,0,0.64,0.64,,,73.0,210.0,25.634375,3.0,Southern Mississippi,2017.0,2017.0,,,,
2020,3,00-0033319,N.Mullens,QB,SF,NYG,25,36,343.0,1,0.0,2.0,16.0,4,0.0,0,0,0,0.0,0,17.72,17.72,,,73.0,210.0,25.634375,3.0,Southern Mississippi,2017.0,2017.0,,,,
2020,4,00-0033319,N.Mullens,QB,SF,PHI,18,26,200.0,1,2.0,4.0,28.0,0,0.0,0,0,0,0.0,0,6.0,6.0,,,73.0,210.0,25.634375,3.0,Southern Mississippi,2017.0,2017.0,,,-5.0,
2020,8,00-0033319,N.Mullens,QB,SF,SEA,18,25,238.0,2,0.0,0.0,-0.0,0,0.0,0,0,0,0.0,0,17.52,17.52,,,73.0,210.0,25.634375,3.0,Southern Mississippi,2017.0,2017.0,,,,
2020,9,00-0033319,N.Mullens,QB,SF,GB,22,35,291.0,1,1.0,1.0,9.0,1,0.0,0,0,0,0.0,0,11.64,11.64,,,73.0,210.0,25.634375,3.0,Southern Mississippi,2017.0,2017.0,,,-17.0,
2020,10,00-0033319,N.Mullens,QB,SF,NO,24,38,247.0,1,2.0,2.0,15.0,1,3.0,0,0,0,0.0,0,10.18,10.18,,,73.0,210.0,25.634375,3.0,Southern Mississippi,2017.0,2017.0,,,,
2020,12,00-0033319,N.Mullens,QB,SF,LA,24,35,252.0,0,1.0,2.0,19.0,0,0.0,0,0,0,0.0,0,8.08,8.08,,,73.0,210.0,25.634375,3.0,Southern Mississippi,2017.0,2017.0,,,,
2020,13,00-0033319,N.Mullens,QB,SF,BUF,26,39,316.0,3,2.0,0.0,-0.0,0,0.0,0,0,0,0.0,0,20.64,20.64,,,73.0,210.0,25.634375,3.0,Southern Mississippi,2017.0,2017.0,,,-10.0,
2020,14,00-0033319,N.Mullens,QB,SF,WAS,25,45,260.0,1,1.0,4.0,24.0,0,0.0,0,0,0,0.0,0,12.4,12.4,,,73.0,210.0,25.634375,3.0,Southern Mississippi,2017.0,2017.0,,,-8.0,
2020,15,00-0033319,N.Mullens,QB,SF,DAL,21,36,219.0,2,2.0,2.0,11.0,1,7.0,0,0,0,0.0,0,11.46,11.46,,,73.0,210.0,25.634375,3.0,Southern Mississippi,2017.0,2017.0,,,,
2020,3,00-0033338,C.Carter,TE,CIN,PHI,0,0,0.0,0,0.0,0.0,0.0,0,0.0,0,1,1,1.0,0,0.1,1.1,,,75.0,248.0,25.1769375,3.0,Nebraska,2017.0,2017.0,,,,0.023809524
2020,4,00-0033338,C.Carter,TE,CIN,JAX,0,0,0.0,0,0.0,0.0,0.0,0,0.0,0,1,1,24.0,0,2.4,3.4,,,75.0,248.0,25.1769375,3.0,Nebraska,2017.0,2017.0,,,8.0,0.028571429
2020,6,00-0033338,C.Carter,TE,CIN,IND,0,0,0.0,0,0.0,0.0,0.0,0,0.0,0,1,0,0.0,0,0.0,0.0,,,75.0,248.0,25.1769375,3.0,Nebraska,2017.0,2017.0,,,,0.025641026
2020,8,00-0033338,C.Carter,TE,CIN,TEN,0,0,0.0,0,0.0,0.0,0.0,0,0.0,0,1,1,2.0,0,0.2,1.2,,,75.0,248.0,25.1769375,3.0,Nebraska,2017.0,2017.0,,,11.0,0.028571429
2020,12,00-0033338,C.Carter,TE,CIN,NYG,0,0,0.0,0,0.0,0.0,0.0,0,0.0,0,1,1,5.0,0,0.5,1.5,,,75.0,248.0,25.1769375,3.0,Nebraska,2017.0,2017.0,,,-2.0,0.037037037
2020,17,00-0033338,C.Carter,TE,CIN,BAL,0,0,0.0,0,0.0,0.0,0.0,0,0.0,0,2,1,21.0,0,2.1,3.1,,,75.0,248.0,25.1769375,3.0,Nebraska,2017.0,2017.0,,,-35.0,0.1
2020,1,00-0033357,T.Hill,TE,NO,TB,1,1,38.0,0,0.0,0.0,-0.0,3,13.0,0,1,1,14.0,0,4.22,5.22,,,74.0,221.0,30.235666666666663,3.0,Brigham Young,2017.0,2017.0,,,11.0,0.033333335
2020,2,00-0033357,T.Hill,TE,NO,LV,0,0,0.0,0,0.0,0.0,0.0,2,8.0,0,0,0,0.0,0,0.8,0.8,,,74.0,221.0,30.235666666666663,3.0,Brigham Young,2017.0,2017.0,,,,
2020,3,00-0033357,T.Hill,TE,NO,GB,0,0,0.0,0,0.0,0.0,0.0,2,6.0,0,1,1,1.0,0,-1.3,-0.3,,,74.0,221.0,30.235666666666663,3.0,Brigham Young,2017.0,2017.0,,,-7.0,0.028571429
2020,4,00-0033357,T.Hill,TE,NO,DET,0,0,0.0,0,0.0,0.0,0.0,3,6.0,0,1,1,8.0,0,1.4,2.4,,,74.0,221.0,30.235666666666663,3.0,Brigham Young,2017.0,2017.0,,,,0.04
2020,5,00-0033357,T.Hill,TE,NO,LAC,0,1,0.0,0,0.0,0.0,-0.0,3,13.0,1,2,0,0.0,0,7.3,7.3,,,74.0,221.0,30.235666666666663,3.0,Brigham Young,2017.0,2017.0,,,3.0,0.04255319
2020,7,00-0033357,T.Hill,TE,NO,CAR,1,1,0.0,0,0.0,0.0,-0.0,1,6.0,0,0,0,0.0,0,0.6,0.6,,,74.0,221.0,30.235666666666663,3.0,Brigham Young,2017.0,2017.0,,,3.0,
2020,8,00-0033357,T.Hill,TE,NO,CHI,0,0,0.0,0,0.0,0.0,0.0,5,35.0,0,2,2,30.0,1,12.5,14.5,,,74.0,221.0,30.235666666666663,3.0,Brigham Young,2017.0,2017.0,,,,0.048780486
2020,9,00-0033357,T.Hill,TE,NO,TB,2,2,48.0,0,0.0,0.0,-0.0,7,54.0,0,1,1,21.0,0,9.42,10.42,,,74.0,221.0,30.235666666666663,3.0,Brigham Young,2017.0,2017.0,,,,0.029411765
2020,10,00-0033357,T.Hill,TE,NO,SF,0,0,0.0,0,0.0,1.0,5.0,8,45.0,0,0,0,0.0,0,2.5,2.5,,,74.0,221.0,30.235666666666663,3.0,Brigham Young,2017.0,2017.0,,,14.0,
2020,11,00-0033357,T.Hill,TE,NO,ATL,18,23,233.0,0,0.0,3.0,23.0,10,49.0,2,0,0,0.0,0,24.22,24.22,,,74.0,221.0,30.235666666666663,3.0,Brigham Young,2017.0,2017.0,,,15.0,
2020,12,00-0033357,T.Hill,TE,NO,DEN,9,16,78.0,0,1.0,3.0,15.0,10,44.0,2,0,0,0.0,0,17.52,17.52,,,74.0,221.0,30.235666666666663,3.0,Brigham Young,2017.0,2017.0,,,,
2020,13,00-0033357,T.Hill,TE,NO,ATL,27,37,232.0,2,0.0,2.0,15.0,14,83.0,0,0,0,0.0,0,23.58,23.58,,,74.0,221.0,30.235666666666663,3.0,Brigham Young,2017.0,2017.0,,,,
2020,14,00-0033357,T.Hill,TE,NO,PHI,28,38,291.0,2,1.0,5.0,29.0,5,33.0,0,0,0,0.0,0,18.94,18.94,,,74.0,221.0,30.235666666666663,3.0,Brigham Young,2017.0,2017.0,,,,
2020,15,00-0033357,T.Hill,TE,NO,KC,0,0,0.0,0,0.0,0.0,0.0,2,3.0,1,2,0,0.0,0,6.3,6.3,,,74.0,221.0,30.235666666666663,3.0,Brigham Young,2017.0,2017.0,,,-3.0,0.060606062
2020,16,00-0033357,T.Hill,TE,NO,MIN,2,2,8.0,0,0.0,0.0,-0.0,5,18.0,1,1,1,19.0,0,10.02,11.02,,,74.0,221.0,30.235666666666663,3.0,Brigham Young,2017.0,2017.0,,,19.0,0.035714287
2020,17,00-0033357,T.Hill,TE,NO,CAR,0,0,0.0,0,0.0,0.0,0.0,7,41.0,1,1,1,5.0,0,10.6,11.6,,,74.0,221.0,30.235666666666663,3.0,Brigham Young,2017.0,2017.0,,,,0.03448276
2020,18,00-0033357,T.Hill,TE,NO,CHI,0,0,0.0,0,0.0,1.0,3.0,4,15.0,0,2,2,5.0,0,0.0,2.0,,,74.0,221.0,30.235666666666663,3.0,Brigham Young,2017.0,2017.0,,,12.0,0.055555556
2020,1,00-0033367,C.Board,WR,NYG,PIT,0,0,0.0,0,0.0,0.0,0.0,0,0.0,0,2,2,17.0,0,1.7,3.7,,,73.0,180.0,26.9050625,3.0,Chattanooga,2017.0,2017.0,,,-10.0,0.051282052
2020,2,00-0033367,C.Board,WR,NYG,CHI,0,0,0.0,0,0.0,0.0,0.0,0,0.0,0,3,3,32.0,0,3.2,6.2,,,73.0,180.0,26.9050625,3.0,Chattanooga,2017.0,2017.0,,,,0.083333336
2020,3,00-0033367,C.Board,WR,NYG,SF,0,0,0.0,0,0.0,0.0,0.0,0,0.0,0,2,1,9.0,0,0.9,1.9,,,73.0,180.0,26.9050625,3.0,Chattanooga,2017.0,2017.0,,,-27.0,0.06451613
2020,4,00-0033367,C.Board,WR,NYG,LA,0,0,0.0,0,0.0,0.0,0.0,1,3.0,0,1,0,0.0,0,0.3,0.3,,,73.0,180.0,26.9050625,3.0,Chattanooga,2017.0,2017.0,,,,0.027777778
2020,6,00-0033367,C.Board,WR,NYG,WAS,0,0,0.0,0,0.0,0.0,0.0,0,0.0,0,3,1,8.0,0,0.8,1.8,,,73.0,180.0,26.9050625,3.0,Chattanooga,2017.0,2017.0,,,1.0,0.16666667
2020,9,00-0033367,C.Board,WR,NYG,WAS,0,0,0.0,0,0.0,0.0,0.0,0,0.0,0,1,1,10.0,0,1.0,2.0,,,73.0,180.0,26.9050625,3.0,Chattanooga,2017.0,2017.0,,,,0.030303031
2020,12,00-0033367,C.Board,WR,NYG,CIN,0,0,0.0,0,0.0,0.0,0.0,0,0.0,0,1,1,11.0,0,1.1,2.1,,,73.0,180.0,26.9050625,3.0,Chattanooga,2017.0,2017.0,,,,0.027027028
2020,13,00-0033367,C.Board,WR,NYG,SEA,0,0,0.0,0,0.0,0.0,0.0,0,0.0,0,1,1,-2.0,0,-0.2,0.8,,,73.0,180.0,26.9050625,3.0,Chattanooga,2017.0,2017.0,,,,0.045454547
2020,16,00-0033367,C.Board,WR,NYG,BAL,0,0,0.0,0,0.0,0.0,0.0,0,0.0,0,2,1,16.0,0,1.6,2.6,,,73.0,180.0,26.9050625,3.0,Chattanooga,2017.0,2017.0,,,,0.048780486
2020,1,00-0033375,T.Patrick,WR,DEN,TEN,0,0,0.0,0,0.0,0.0,0.0,0,0.0,0,5,4,29.0,0,2.9,6.9,,,76.0,212.0,26.963875,3.0,Utah,2017.0,2017.0,,,-2.0,0.15625
2020,2,00-0033375,T.Patrick,WR,DEN,PIT,0,0,0.0,0,0.0,0.0,0.0,0,0.0,0,5,2,24.0,0,2.4,4.4,,,76.0,212.0,26.963875,3.0,Utah,2017.0,2017.0,,,,0.13157895
2020,3,00-0033375,T.Patrick,WR,DEN,TB,0,0,0.0,0,0.0,0.0,0.0,0,0.0,0,4,4,43.0,1,10.3,14.3,,,76.0,212.0,26.963875,3.0,Utah,2017.0,2017.0,,,-18.0,0.10526316
2020,4,00-0033375,T.Patrick,WR,DEN,NYJ,0,0,0.0,0,0.0,0.0,0.0,0,0.0,0,7,6,113.0,1,17.3,23.3,,,76.0,212.0,26.963875,3.0,Utah,2017.0,2017.0,,,,0.25
2020,6,00-0033375,T.Patrick,WR,DEN,NE,0,0,0.0,0,0.0,0.0,0.0,0,0.0,0,8,4,101.0,0,10.1,14.1,,,76.0,212.0,26.963875,3.0,Utah,2017.0,2017.0,,,,0.33333334
2020,7,00-0033375,T.Patrick,WR,DEN,KC,0,0,0.0,0,0.0,0.0,0.0,0,0.0,0,4,3,44.0,0,4.4,7.4,,,76.0,212.0,26.963875,3.0,Utah,2017.0,2017.0,,,-27.0,0.10526316
2020,9,00-0033375,T.Patrick,WR,DEN,ATL,0,0,0.0,0,0.0,0.0,0.0,0,0.0,0,9,4,29.0,1,8.9,12.9,,,76.0,212.0,26.963875,3.0,Utah,2017.0,2017.0,,,,0.2
2020,10,00-0033375,T.Patrick,WR,DEN,LV,0,0,0.0,0,0.0,0.0,0.0,0,0.0,0,6,4,61.0,0,6.1,10.1,,,76.0,212.0,26.963875,3.0,Utah,2017.0,2017.0,,,,0.13333334
2020,11,00-0033375,T.Patrick,WR,DEN,MIA,0,0,0.0,0,0.0,0.0,0.0,0,0.0,0,8,5,119.0,0,11.9,16.9,,,76.0,212.0,26.963875,3.0,Utah,2017.0,2017.0,,,7.0,0.26666668
2020,12,00-0033375,T.Patrick,WR,DEN,NO,0,0,0.0,0,0.0,0.0,0.0,0,0.0,0,2,0,0.0,0,0.0,0.0,,,76.0,212.0,26.963875,3.0,Utah,2017.0,2017.0,,,-28.0,0.25
2020,13,00-0033375,T.Patrick,WR,DEN,KC,0,0,0.0,0,0.0,0.0,0.0,0,0.0,0,4,4,44.0,2,16.4,20.4,,,76.0,212.0,26.963875,3.0,Utah,2017.0,2017.0,,,,0.14814815
2020,14,00-0033375,T.Patrick,WR,DEN,CAR,0,0,0.0,0,0.0,0.0,0.0,0,0.0,0,5,3,36.0,1,9.6,12.6,,,76.0,212.0,26.963875,3.0,Utah,2017.0,2017.0,,,,0.18518518
2020,15,00-0033375,T.Patrick,WR,DEN,BUF,0,0,0.0,0,0.0,0.0,0.0,0,0.0,0,4,3,14.0,0,1.4,4.4,,,76.0,212.0,26.963875,3.0,Utah,2017.0,2017.0,,,-29.0,0.125
2020,16,00-0033375,T.Patrick,WR,DEN,LAC,0,0,0.0,0,0.0,0.0,0.0,0,0.0,0,4,3,39.0,0,3.9,6.9,,,76.0,212.0,26.963875,3.0,Utah,2017.0,2017.0,,,,0.093023255
2020,17,00-0033375,T.Patrick,WR,DEN,LV,0,0,0.0,0,0.0,0.0,0.0,0,0.0,0,4,2,46.0,0,4.6,6.6,,,76.0,212.0,26.963875,3.0,Utah,2017.0,2017.0,,,-1.0,0.1
2020,1,00-0033376,P.Ricard,FB,BAL,CLE,0,0,0.0,0,0.0,0.0,0.0,1,-1.0,0,1,1,9.0,0,-1.2,-0.2,,,75.0,311.0,26.476333333333333,3.0,Maine,2017.0,2017.0,,,32.0,0.04
2020,2,00-0033376,P.Ricard,FB,BAL,HOU,0,0,0.0,0,0.0,0.0,0.0,0,0.0,0,1,1,1.0,1,6.1,7.1,,,75.0,311.0,26.476333333333333,3.0,Maine,2017.0,2017.0,,,,0.04347826
2020,5,00-0033376,P.Ricard,FB,BAL,CIN,0,0,0.0,0,0.0,0.0,0.0,0,0.0,0,2,1,7.0,0,0.7,1.7,,,75.0,311.0,26.476333333333333,3.0,Maine,2017.0,2017.0,,,24.0,0.055555556
2020,6,00-0033376,P.Ricard,FB,BAL,PHI,0,0,0.0,0,0.0,0.0,0.0,0,0.0,0,1,0,0.0,0,0.0,0.0,,,75.0,311.0,26.476333333333333,3.0,Maine,2017.0,2017.0,,,,0.04
2020,10,00-0033376,P.Ricard,FB,BAL,NE,0,0,0.0,0,0.0,0.0,0.0,0,0.0,0,1,1,2.0,0,0.2,1.2,,,75.0,311.0,26.476333333333333,3.0,Maine,2017.0,2017.0,,,,0.029411765
2020,11,00-0033376,P.Ricard,FB,BAL,TEN,0,0,0.0,0,0.0,0.0,0.0,0,0.0,0,1,1,5.0,0,0.5,1.5,,,75.0,311.0,26.476333333333333,3.0,Maine,2017.0,2017.0,,,-6.0,0.035714287
2020,13,00-0033376,P.Ricard,FB,BAL,DAL,0,0,0.0,0,0.0,0.0,0.0,0,0.0,0,2,2,11.0,0,1.1,3.1,,,75.0,311.0,26.476333333333333,3.0,Maine,2017.0,2017.0,,,17.0,0.11764706
2020,15,00-0033376,P.Ricard,FB,BAL,JAX,0,0,0.0,0,0.0,0.0,0.0,0,0.0,0,3,2,10.0,0,1.0,3.0,,,75.0,311.0,26.476333333333333,3.0,Maine,2017.0,2017.0,,,26.0,0.115384616
2020,18,00-0033376,P.Ricard,FB,BAL,TEN,0,0,0.0,0,0.0,0.0,0.0,0,0.0,0,4,3,26.0,0,2.6,5.6,,,75.0,311.0,26.476333333333333,3.0,Maine,2017.0,2017.0,,,,0.16666667
2020,19,00-0033376,P.Ricard,FB,BAL,BUF,0,0,0.0,0,0.0,0.0,0.0,0,0.0,0,1,1,11.0,0,1.1,2.1,,,75.0,311.0,26.476333333333333,3.0,Maine,2017.0,2017.0,,,,0.028571429
2020,7,00-0033382,A.Carr,WR,NO,CAR,0,0,0.0,0,0.0,0.0,0.0,0,0.0,0,1,1,6.0,0,0.6,1.6,,,73.0,195.0,26.895500000000002,3.0,Northwestern,2017.0,2017.0,,,3.0,0.028571429
2020,8,00-0033382,A.Carr,WR,NO,CHI,0,0,0.0,0,0.0,0.0,0.0,0,0.0,0,1,1,10.0,0,1.0,2.0,,,73.0,195.0,26.895500000000002,3.0,Northwestern,2017.0,2017.0,,,,0.024390243
2020,16,00-0033382,A.Carr,WR,NO,MIN,0,0,0.0,0,0.0,0.0,0.0,0,0.0,0,1,0,0.0,0,0.0,0.0,,,73.0,195.0,26.895500000000002,3.0,Northwestern,2017.0,2017.0,,,19.0,0.035714287
2020,17,00-0033382,A.Carr,WR,NO,CAR,0,0,0.0,0,0.0,0.0,0.0,0,0.0,0,1,1,11.0,1,7.1,8.1,,,73.0,195.0,26.895500000000002,3.0,Northwestern,2017.0,2017.0,,,,0.03448276
2020,5,00-0033386,C.Hollister,WR,TEN,BUF,0,0,0.0,0,0.0,0.0,0.0,0,0.0,0,1,1,12.0,0,1.2,2.2,,,76.0,209.0,26.98905882352941,3.0,Arkansas,2017.0,2017.0,,,26.0,0.035714287
2020,1,00-0033387,J.Hollister,TE,SEA,ATL,0,0,0.0,0,0.0,0.0,0.0,0,0.0,0,1,1,9.0,0,0.9,1.9,,,76.0,245.0,26.986235294117648,3.0,Wyoming,2017.0,2017.0,,,,0.028571429
2020,3,00-0033387,J.Hollister,TE,SEA,DAL,0,0,0.0,0,0.0,0.0,0.0,0,0.0,0,2,1,1.0,1,8.1,9.1,,,76.0,245.0,26.986235294117648,3.0,Wyoming,2017.0,2017.0,,,7.0,0.05263158
2020,7,00-0033387,J.Hollister,TE,SEA,ARI,0,0,0.0,0,0.0,0.0,0.0,0,0.0,0,3,3,22.0,0,2.2,5.2,,,76.0,245.0,26.986235294117648,3.0,Wyoming,2017.0,2017.0,,,,0.0625
2020,8,00-0033387,J.Hollister,TE,SEA,SF,0,0,0.0,0,0.0,0.0,0.0,0,0.0,0,2,1,6.0,0,0.6,1.6,,,76.0,245.0,26.986235294117648,3.0,Wyoming,2017.0,2017.0,,,10.0,0.055555556
2020,9,00-0033387,J.Hollister,TE,SEA,BUF,0,0,0.0,0,0.0,0.0,0.0,0,0.0,0,7,5,60.0,0,6.0,11.0,,,76.0,245.0,26.986235294117648,3.0,Wyoming,2017.0,2017.0,,,,0.175
2020,10,00-0033387,J.Hollister,TE,SEA,LA,0,0,0.0,0,0.0,0.0,0.0,0,0.0,0,1,1,6.0,0,0.6,1.6,,,76.0,245.0,26.986235294117648,3.0,Wyoming,2017.0,2017.0,,,,0.028571429
2020,11,00-0033387,J.Hollister,TE,SEA,ARI,0,0,0.0,0,0.0,0.0,0.0,0,0.0,0,3,2,14.0,0,1.4,3.4,,,76.0,245.0,26.986235294117648,3.0,Wyoming,2017.0,2017.0,,,7.0,0.11111111
2020,12,00-0033387,J.Hollister,TE,SEA,PHI,0,0,0.0,0,0.0,0.0,0.0,0,0.0,0,5,2,11.0,0,1.1,3.1,,,76.0,245.0,26.986235294117648,3.0,Wyoming,2017.0,2017.0,,,,0.16666667
2020,13,00-0033387,J.Hollister,TE,SEA,NYG,0,0,0.0,0,0.0,0.0,0.0,0,0.0,0,4,3,20.0,0,2.0,5.0,,,76.0,245.0,26.986235294117648,3.0,Wyoming,2017.0,2017.0,,,-5.0,0.09756097
2020,14,00-0033387,J.Hollister,TE,SEA,NYJ,0,0,0.0,0,0.0,0.0,0.0,0,0.0,0,1,1,20.0,0,2.0,3.0,,,76.0,245.0,26.986235294117648,3.0,Wyoming,2017.0,2017.0,,,37.0,0.03125
2020,15,00-0033387,J.Hollister,TE,SEA,WAS,0,0,0.0,0,0.0,0.0,0.0,0,0.0,0,2,2,17.0,1,7.7,9.7,,,76.0,245.0,26.986235294117648,3.0,Wyoming,2017.0,2017.0,,,,0.07692308
2020,16,00-0033387,J.Hollister,TE,SEA,LA,0,0,0.0,0,0.0,0.0,0.0,0,0.0,0,6,2,17.0,1,7.7,9.7,,,76.0,245.0,26.986235294117648,3.0,Wyoming,2017.0,2017.0,,,11.0,0.20689656
2020,17,00-0033387,J.Hollister,TE,SEA,SF,0,0,0.0,0,0.0,0.0,0.0,0,0.0,0,3,1,6.0,0,0.6,1.6,,,76.0,245.0,26.986235294117648,3.0,Wyoming,2017.0,2017.0,,,,0.09375
2020,18,00-0033387,J.Hollister,TE,SEA,LA,0,0,0.0,0,0.0,0.0,0.0,0,0.0,0,5,0,0.0,0,0.0,0.0,,,76.0,245.0,26.986235294117648,3.0,Wyoming,2017.0,2017.0,,,-10.0,0.1923077
2020,14,00-0033421,A.Auclair,TE,TB,MIN,0,0,0.0,0,0.0,0.0,0.0,0,0.0,0,1,0,0.0,0,0.0,0.0,,,78.0,256.0,27.486700000000003,3.0,"Laval, Can.",2017.0,2017.0,,,12.0,0.045454547
2020,5,00-0033439,P.Brown,TE,HOU,JAX,0,0,0.0,0,0.0,0.0,0.0,0,0.0,0,1,1,4.0,0,0.4,1.4,,,78.0,258.0,26.5166875,3.0,Oregon,2017.0,2017.0,,,16.0,0.028571429
2020,6,00-0033439,P.Brown,TE,HOU,TEN,0,0,0.0,0,0.0,0.0,0.0,0,0.0,0,2,2,28.0,0,2.8,4.8,,,78.0,258.0,26.5166875,3.0,Oregon,2017.0,2017.0,,,,0.054054055
2020,9,00-0033439,P.Brown,TE,HOU,JAX,0,0,0.0,0,0.0,0.0,0.0,0,0.0,0,1,0,0.0,0,0.0,0.0,,,78.0,258.0,26.5166875,3.0,Oregon,2017.0,2017.0,,,,0.03448276
2020,10,00-0033439,P.Brown,TE,HOU,CLE,0,0,0.0,0,0.0,0.0,0.0,0,0.0,0,2,2,21.0,1,8.1,10.1,,,78.0,258.0,26.5166875,3.0,Oregon,2017.0,2017.0,,,,0.071428575
2020,11,00-0033439,P.Brown,TE,HOU,NE,0,0,0.0,0,0.0,0.0,0.0,0,0.0,0,3,2,22.0,0,2.2,4.2,,,78.0,258.0,26.5166875,3.0,Oregon,2017.0,2017.0,,,7.0,0.08108108
2020,15,00-0033439,P.Brown,TE,HOU,IND,0,0,0.0,0,0.0,0.0,0.0,0,0.0,0,1,1,11.0,0,1.1,2.1,,,78.0,258.0,26.5166875,3.0,Oregon,2017.0,2017.0,,,,0.02631579
2020,16,00-0033439,P.Brown,TE,HOU,CIN,0,0,0.0,0,0.0,0.0,0.0,0,0.0,0,1,1,29.0,0,2.9,3.9,,,78.0,258.0,26.5166875,3.0,Oregon,2017.0,2017.0,,,-6.0,0.030303031
2020,17,00-0033439,P.Brown,TE,HOU,TEN,0,0,0.0,0,0.0,0.0,0.0,0,0.0,0,5,5,48.0,1,10.8,15.8,,,78.0,258.0,26.5166875,3.0,Oregon,2017.0,2017.0,,,-3.0,0.125
2020,1,00-0033455,A.Firkser,TE,TEN,DEN,0,0,0.0,0,0.0,0.0,0.0,0,0.0,0,2,2,5.0,0,0.5,2.5,,,74.0,246.0,25.735117647058825,3.0,Harvard,2017.0,2017.0,,,,0.05
2020,2,00-0033455,A.Firkser,TE,TEN,JAX,0,0,0.0,0,0.0,0.0,0.0,0,0.0,0,4,4,45.0,0,4.5,8.5,,,74.0,246.0,25.735117647058825,3.0,Harvard,2017.0,2017.0,,,3.0,0.16666667
2020,5,00-0033455,A.Firkser,TE,TEN,BUF,0,0,0.0,0,0.0,0.0,0.0,0,0.0,0,5,3,19.0,0,1.9,4.9,,,74.0,246.0,25.735117647058825,3.0,Harvard,2017.0,2017.0,,,26.0,0.17857143
2020,6,00-0033455,A.Firkser,TE,TEN,HOU,0,0,0.0,0,0.0,0.0,0.0,0,0.0,0,9,8,113.0,1,17.3,25.3,,,74.0,246.0,25.735117647058825,3.0,Harvard,2017.0,2017.0,,,6.0,0.2195122
2020,7,00-0033455,A.Firkser,TE,TEN,PIT,0,0,0.0,0,0.0,0.0,0.0,0,0.0,0,2,2,7.0,0,0.7,2.7,,,74.0,246.0,25.735117647058825,3.0,Harvard,2017.0,2017.0,,,-3.0,0.06666667
2020,8,00-0033455,A.Firkser,TE,TEN,CIN,0,0,0.0,0,0.0,0.0,0.0,0,0.0,0,3,2,36.0,0,3.6,5.6,,,74.0,246.0,25.735117647058825,3.0,Harvard,2017.0,2017.0,,,,0.10344828
2020,9,00-0033455,A.Firkser,TE,TEN,CHI,0,0,0.0,0,0.0,0.0,0.0,0,0.0,0,6,3,19.0,0,1.9,4.9,,,74.0,246.0,25.735117647058825,3.0,Harvard,2017.0,2017.0,,,7.0,0.2857143
2020,10,00-0033455,A.Firkser,TE,TEN,IND,0,0,0.0,0,0.0,0.0,0.0,0,0.0,0,3,1,5.0,0,0.5,1.5,,,74.0,246.0,25.735117647058825,3.0,Harvard,2017.0,2017.0,,,-17.0,0.11111111
2020,11,00-0033455,A.Firkser,TE,TEN,BAL,0,0,0.0,0,0.0,0.0,0.0,0,0.0,0,5,4,33.0,0,3.3,7.3,,,74.0,246.0,25.735117647058825,3.0,Harvard,2017.0,2017.0,,,,0.15625
2020,12,00-0033455,A.Firkser,TE,TEN,IND,0,0,0.0,0,0.0,0.0,0.0,0,0.0,0,1,0,0.0,0,0.0,0.0,,,74.0,246.0,25.735117647058825,3.0,Harvard,2017.0,2017.0,,,,0.05
2020,13,00-0033455,A.Firkser,TE,TEN,CLE,0,0,0.0,0,0.0,0.0,0.0,0,0.0,0,7,5,51.0,0,5.1,10.1,,,74.0,246.0,25.735117647058825,3.0,Harvard,2017.0,2017.0,,,-6.0,0.16666667
2020,14,00-0033455,A.Firkser,TE,TEN,JAX,0,0,0.0,0,0.0,0.0,0.0,0,0.0,0,1,1,5.0,0,0.5,1.5,,,74.0,246.0,25.735117647058825,3.0,Harvard,2017.0,2017.0,,,,0.04347826
2020,15,00-0033455,A.Firkser,TE,TEN,DET,0,0,0.0,0,0.0,0.0,0.0,0,0.0,0,1,1,20.0,0,2.0,3.0,,,74.0,246.0,25.735117647058825,3.0,Harvard,2017.0,2017.0,,,21.0,0.03846154
2020,16,00-0033455,A.Firkser,TE,TEN,GB,0,0,0.0,0,0.0,0.0,0.0,0,0.0,0,2,1,11.0,0,1.1,2.1,,,74.0,246.0,25.735117647058825,3.0,Harvard,2017.0,2017.0,,,,0.08
2020,17,00-0033455,A.Firkser,TE,TEN,HOU,0,0,0.0,0,0.0,0.0,0.0,0,0.0,0,2,2,18.0,0,1.8,3.8,,,74.0,246.0,25.735117647058825,3.0,Harvard,2017.0,2017.0,,,,0.074074075
2020,18,00-0033455,A.Firkser,TE,TEN,BAL,0,0,0.0,0,0.0,0.0,0.0,0,0.0,0,2,2,44.0,0,4.4,6.4,,,74.0,246.0,25.735117647058825,3.0,Harvard,2017.0,2017.0,,,-7.0,0.07692308
2020,1,00-0033460,J.Ross,WR,CIN,LAC,0,0,0.0,0,0.0,0.0,0.0,0,0.0,0,5,2,17.0,0,1.7,3.7,,,71.0,194.0,24.94975,3.0,Washington,2017.0,2017.0,CIN,9.0,-3.0,0.14285715
2020,2,00-0033460,J.Ross,WR,CIN,CLE,0,0,0.0,0,0.0,0.0,0.0,0,0.0,0,2,0,0.0,0,0.0,0.0,,,71.0,194.0,24.94975,3.0,Washington,2017.0,2017.0,CIN,9.0,,0.033898305
2020,1,00-0033466,I.McKenzie,WR,BUF,NYJ,0,0,0.0,0,0.0,0.0,0.0,0,0.0,0,3,3,17.0,0,1.7,4.7,,,68.0,173.0,25.613684210526316,3.0,Georgia,2017.0,2017.0,DEN,172.0,10.0,0.06666667
2020,2,00-0033466,I.McKenzie,WR,BUF,MIA,0,0,0.0,0,0.0,0.0,0.0,0,0.0,0,2,2,47.0,0,4.7,6.7,,,68.0,173.0,25.613684210526316,3.0,Georgia,2017.0,2017.0,DEN,172.0,,0.057142857
2020,3,00-0033466,I.McKenzie,WR,BUF,LA,0,0,0.0,0,0.0,0.0,0.0,1,4.0,0,2,1,6.0,0,1.0,2.0,,,68.0,173.0,25.613684210526316,3.0,Georgia,2017.0,2017.0,DEN,172.0,3.0,0.0625
2020,4,00-0033466,I.McKenzie,WR,BUF,LV,0,0,0.0,0,0.0,0.0,0.0,2,11.0,0,1,1,18.0,0,2.9,3.9,,,68.0,173.0,25.613684210526316,3.0,Georgia,2017.0,2017.0,DEN,172.0,,0.03125
2020,5,00-0033466,I.McKenzie,WR,BUF,TEN,0,0,0.0,0,0.0,0.0,0.0,0,0.0,0,4,4,7.0,1,6.7,10.7,,,68.0,173.0,25.613684210526316,3.0,Georgia,2017.0,2017.0,DEN,172.0,,0.08888889
2020,6,00-0033466,I.McKenzie,WR,BUF,KC,0,0,0.0,0,0.0,0.0,0.0,0,0.0,0,1,1,4.0,0,0.4,1.4,,,68.0,173.0,25.613684210526316,3.0,Georgia,2017.0,2017.0,DEN,172.0,-9.0,0.04
2020,7,00-0033466,I.McKenzie,WR,BUF,NYJ,0,0,0.0,0,0.0,0.0,0.0,1,-11.0,0,2,2,14.0,0,0.3,2.3,,,68.0,173.0,25.613684210526316,3.0,Georgia,2017.0,2017.0,DEN,172.0,,0.048780486
2020,9,00-0033466,I.McKenzie,WR,BUF,SEA,0,0,0.0,0,0.0,0.0,0.0,1,1.0,0,1,1,25.0,1,8.6,9.6,,,68.0,173.0,25.613684210526316,3.0,Georgia,2017.0,2017.0,DEN,172.0,10.0,0.02631579
2020,10,00-0033466,I.McKenzie,WR,BUF,ARI,1,1,12.0,1,0.0,0.0,-0.0,0,0.0,0,1,1,2.0,0,4.68,5.68,,,68.0,173.0,25.613684210526316,3.0,Georgia,2017.0,2017.0,DEN,172.0,,0.022222223
2020,12,00-0033466,I.McKenzie,WR,BUF,LAC,0,0,0.0,0,0.0,0.0,0.0,1,-1.0,0,0,0,0.0,0,-0.1,-0.1,,,68.0,173.0,25.613684210526316,3.0,Georgia,2017.0,2017.0,DEN,172.0,10.0,
2020,13,00-0033466,I.McKenzie,WR,BUF,SF,0,0,0.0,0,0.0,0.0,0.0,0,0.0,0,2,2,31.0,1,9.1,11.1,,,68.0,173.0,25.613684210526316,3.0,Georgia,2017.0,2017.0,DEN,172.0,,0.054054055
2020,14,00-0033466,I.McKenzie,WR,BUF,PIT,0,0,0.0,0,0.0,0.0,0.0,0,0.0,0,1,1,12.0,0,1.2,2.2,,,68.0,173.0,25.613684210526316,3.0,Georgia,2017.0,2017.0,DEN,172.0,11.0,0.023809524
2020,15,00-0033466,I.McKenzie,WR,BUF,DEN,0,0,0.0,0,0.0,0.0,0.0,0,0.0,0,1,1,8.0,0,0.8,1.8,,,68.0,173.0,25.613684210526316,3.0,Georgia,2017.0,2017.0,DEN,172.0,,0.02631579
2020,16,00-0033466,I.McKenzie,WR,BUF,NE,0,0,0.0,0,0.0,0.0,0.0,2,5.0,0,4,4,26.0,0,3.1,7.1,,,68.0,173.0,25.613684210526316,3.0,Georgia,2017.0,2017.0,DEN,172.0,,0.10526316
2020,17,00-0033466,I.McKenzie,WR,BUF,MIA,0,0,0.0,0,0.0,0.0,0.0,2,0.0,0,9,6,65.0,2,24.5,30.5,,,68.0,173.0,25.613684210526316,3.0,Georgia,2017.0,2017.0,DEN,172.0,30.0,0.24324325
2020,19,00-0033466,I.McKenzie,WR,BUF,BAL,0,0,0.0,0,0.0,0.0,0.0,0,0.0,0,2,2,8.0,0,0.8,2.8,,,68.0,173.0,25.613684210526316,3.0,Georgia,2017.0,2017.0,DEN,172.0,14.0,0.057142857
2020,20,00-0033466,I.McKenzie,WR,BUF,KC,0,0,0.0,0,0.0,0.0,0.0,2,9.0,0,1,1,6.0,1,7.5,8.5,,,68.0,173.0,25.613684210526316,3.0,Georgia,2017.0,2017.0,DEN,172.0,,0.022727273
2020,1,00-0033471,I.Ford,WR,MIA,NE,0,0,0.0,0,0.0,0.0,0.0,0,0.0,0,5,2,13.0,0,1.3,3.3,,,74.0,195.0,24.743066666666667,3.0,Virginia Tech,2017.0,2017.0,MIA,237.0,,0.16666667
2020,2,00-0033471,I.Ford,WR,MIA,BUF,0,0,0.0,0,0.0,0.0,0.0,0,0.0,0,9,7,76.0,0,7.6,14.6,,,74.0,195.0,24.743066666666667,3.0,Virginia Tech,2017.0,2017.0,MIA,237.0,-3.0,0.19565217
2020,3,00-0033471,I.Ford,WR,MIA,JAX,0,0,0.0,0,0.0,0.0,0.0,0,0.0,0,2,2,14.0,0,1.4,3.4,,,74.0,195.0,24.743066666666667,3.0,Virginia Tech,2017.0,2017.0,MIA,237.0,,0.1
2020,4,00-0033471,I.Ford,WR,MIA,SEA,0,0,0.0,0,0.0,0.0,0.0,0,0.0,0,10,4,48.0,0,4.8,8.8,,,74.0,195.0,24.743066666666667,3.0,Virginia Tech,2017.0,2017.0,MIA,237.0,-8.0,0.22222222
2020,5,00-0033471,I.Ford,WR,MIA,SF,0,0,0.0,0,0.0,0.0,0.0,0,0.0,0,2,2,23.0,0,2.3,4.3,,,74.0,195.0,24.743066666666667,3.0,Virginia Tech,2017.0,2017.0,MIA,237.0,,0.074074075
2020,8,00-0033471,I.Ford,WR,MIA,LA,0,0,0.0,0,0.0,0.0,0.0,0,0.0,0,1,1,10.0,0,1.0,2.0,,,74.0,195.0,24.743066666666667,3.0,Virginia Tech,2017.0,2017.0,MIA,237.0,11.0,0.045454547
2020,15,00-0033471,I.Ford,WR,MIA,NE,0,0,0.0,0,0.0,0.0,0.0,0,0.0,0,3,3,18.0,0,1.8,4.8,,,74.0,195.0,24.743066666666667,3.0,Virginia Tech,2017.0,2017.0,MIA,237.0,10.0,0.12
2020,16,00-0033471,I.Ford,WR,MIA,LV,0,0,0.0,0,0.0,0.0,0.0,0,0.0,0,5,4,37.0,0,3.7,7.7,,,74.0,195.0,24.743066666666667,3.0,Virginia Tech,2017.0,2017.0,MIA,237.0,,0.14705883
2020,17,00-0033471,I.Ford,WR,MIA,BUF,0,0,0.0,0,0.0,0.0,0.0,0,0.0,0,7,3,37.0,0,3.7,6.7,,,74.0,195.0,24.743066666666667,3.0,Virginia Tech,2017.0,2017.0,MIA,237.0,,0.118644066
2020,17,00-0033474,G.Dieter,WR,KC,LAC,0,0,0.0,0,0.0,0.0,0.0,0,0.0,0,2,1,10.0,0,1.0,2.0,,,75.0,207.0,27.737578947368423,3.0,Alabama,2017.0,2017.0,,,-17.0,0.06451613
2020,7,00-0033481,M.Kemp,WR,KC,DEN,0,0,0.0,0,0.0,0.0,0.0,0,0.0,0,1,1,11.0,0,1.1,2.1,,,76.0,210.0,25.27057894736842,3.0,Hawaii,2017.0,2017.0,,,,0.041666668
2020,6,00-0033526,S.Perine,RB,CIN,IND,0,0,0.0,0,0.0,0.0,0.0,1,0.0,0,0,0,0.0,0,0.0,0.0,,,71.0,240.0,25.14675,3.0,Oklahoma,2017.0,2017.0,WAS,114.0,,
2020,7,00-0033526,S.Perine,RB,CIN,CLE,0,0,0.0,0,0.0,0.0,0.0,1,3.0,0,1,1,3.0,0,0.6,1.6,,,71.0,240.0,25.14675,3.0,Oklahoma,2017.0,2017.0,WAS,114.0,-3.0,0.021276595
2020,8,00-0033526,S.Perine,RB,CIN,TEN,0,0,0.0,0,0.0,0.0,0.0,10,32.0,1,1,1,2.0,0,9.4,10.4,,,71.0,240.0,25.14675,3.0,Oklahoma,2017.0,2017.0,WAS,114.0,11.0,0.028571429
2020,10,00-0033526,S.Perine,RB,CIN,PIT,0,0,0.0,0,0.0,0.0,0.0,7,48.0,0,1,1,7.0,0,5.5,6.5,,,71.0,240.0,25.14675,3.0,Oklahoma,2017.0,2017.0,WAS,114.0,,0.02631579
2020,11,00-0033526,S.Perine,RB,CIN,WAS,0,0,0.0,0,0.0,0.0,0.0,5,19.0,0,2,1,2.0,0,2.1,3.1,,,71.0,240.0,25.14675,3.0,Oklahoma,2017.0,2017.0,WAS,114.0,,0.045454547
2020,12,00-0033526,S.Perine,RB,CIN,NYG,0,0,0.0,0,0.0,0.0,0.0,0,0.0,0,1,1,2.0,0,0.2,1.2,,,71.0,240.0,25.14675,3.0,Oklahoma,2017.0,2017.0,WAS,114.0,-2.0,0.037037037
2020,13,00-0033526,S.Perine,RB,CIN,MIA,0,0,0.0,0,0.0,0.0,0.0,3,7.0,0,0,0,0.0,0,0.7,0.7,,,71.0,240.0,25.14675,3.0,Oklahoma,2017.0,2017.0,WAS,114.0,,
2020,14,00-0033526,S.Perine,RB,CIN,DAL,0,0,0.0,0,0.0,0.0,0.0,10,32.0,0,2,2,9.0,0,4.1,6.1,,,71.0,240.0,25.14675,3.0,Oklahoma,2017.0,2017.0,WAS,114.0,-23.0,0.05263158
2020,15,00-0033526,S.Perine,RB,CIN,PIT,0,0,0.0,0,0.0,0.0,0.0,4,14.0,0,0,0,0.0,0,1.4,1.4,,,71.0,240.0,25.14675,3.0,Oklahoma,2017.0,2017.0,WAS,114.0,10.0,
2020,16,00-0033526,S.Perine,RB,CIN,HOU,0,0,0.0,0,0.0,0.0,0.0,13,95.0,2,4,4,41.0,0,25.6,29.6,,,71.0,240.0,25.14675,3.0,Oklahoma,2017.0,2017.0,WAS,114.0,,0.10526316
2020,17,00-0033526,S.Perine,RB,CIN,BAL,0,0,0.0,0,0.0,0.0,0.0,9,51.0,0,0,0,0.0,0,5.1,5.1,,,71.0,240.0,25.14675,3.0,Oklahoma,2017.0,2017.0,WAS,114.0,-35.0,
2020,5,00-0033528,J.Sprinkle,TE,WAS,LA,0,0,0.0,0,0.0,0.0,0.0,0,0.0,0,1,0,0.0,0,0.0,0.0,,,77.0,255.0,26.25858823529412,3.0,Arkansas,2017.0,2017.0,WAS,154.0,-20.0,0.035714287
2020,7,00-0033528,J.Sprinkle,TE,WAS,DAL,0,0,0.0,0,0.0,0.0,0.0,0,0.0,0,1,1,6.0,0,0.6,1.6,,,77.0,255.0,26.25858823529412,3.0,Arkansas,2017.0,2017.0,WAS,154.0,22.0,0.04761905
2020,14,00-0033528,J.Sprinkle,TE,WAS,SF,0,0,0.0,0,0.0,0.0,0.0,0,0.0,0,1,0,0.0,0,0.0,0.0,,,77.0,255.0,26.25858823529412,3.0,Arkansas,2017.0,2017.0,WAS,154.0,,0.03448276
2020,18,00-0033528,J.Sprinkle,TE,WAS,TB,0,0,0.0,0,0.0,0.0,0.0,0,0.0,0,1,1,8.0,0,0.8,1.8,,,77.0,255.0,26.25858823529412,3.0,Arkansas,2017.0,2017.0,WAS,154.0,-8.0,0.024390243
2020,1,00-0033536,M.Williams,WR,LAC,CIN,0,0,0.0,0,0.0,0.0,0.0,0,0.0,0,9,4,69.0,0,6.9,10.9,,,76.0,218.0,26.1004375,3.0,Clemson,2017.0,2017.0,LAC,7.0,,0.31034482
2020,2,00-0033536,M.Williams,WR,LAC,KC,0,0,0.0,0,0.0,0.0,0.0,0,0.0,0,4,2,14.0,0,1.4,3.4,,,76.0,218.0,26.1004375,3.0,Clemson,2017.0,2017.0,LAC,7.0,-3.0,0.13333334
2020,3,00-0033536,M.Williams,WR,LAC,CAR,0,0,0.0,0,0.0,0.0,0.0,0,0.0,0,1,1,17.0,0,1.7,2.7,,,76.0,218.0,26.1004375,3.0,Clemson,2017.0,2017.0,LAC,7.0,-5.0,0.020833334
2020,5,00-0033536,M.Williams,WR,LAC,NO,0,0,0.0,0,0.0,0.0,0.0,0,0.0,0,8,5,109.0,2,22.9,27.9,,,76.0,218.0,26.1004375,3.0,Clemson,2017.0,2017.0,LAC,7.0,,0.25
2020,7,00-0033536,M.Williams,WR,LAC,JAX,0,0,0.0,0,0.0,0.0,0.0,0,0.0,0,3,1,4.0,0,0.4,1.4,,,76.0,218.0,26.1004375,3.0,Clemson,2017.0,2017.0,LAC,7.0,10.0,0.071428575
2020,8,00-0033536,M.Williams,WR,LAC,DEN,0,0,0.0,0,0.0,0.0,0.0,1,1.0,0,8,5,99.0,1,16.0,21.0,,,76.0,218.0,26.1004375,3.0,Clemson,2017.0,2017.0,LAC,7.0,,0.1904762
2020,9,00-0033536,M.Williams,WR,LAC,LV,0,0,0.0,0,0.0,0.0,0.0,0,0.0,0,7,5,81.0,0,8.1,13.1,,,76.0,218.0,26.1004375,3.0,Clemson,2017.0,2017.0,LAC,7.0,-5.0,0.17073171
2020,10,00-0033536,M.Williams,WR,LAC,MIA,0,0,0.0,0,0.0,0.0,0.0,0,0.0,0,5,2,38.0,0,3.8,5.8,,,76.0,218.0,26.1004375,3.0,Clemson,2017.0,2017.0,LAC,7.0,,0.15625
2020,11,00-0033536,M.Williams,WR,LAC,NYJ,0,0,0.0,0,0.0,0.0,0.0,0,0.0,0,7,4,72.0,1,13.2,17.2,,,76.0,218.0,26.1004375,3.0,Clemson,2017.0,2017.0,LAC,7.0,6.0,0.14583333
2020,12,00-0033536,M.Williams,WR,LAC,BUF,0,0,0.0,0,0.0,0.0,0.0,0,0.0,0,5,3,26.0,0,2.6,5.6,,,76.0,218.0,26.1004375,3.0,Clemson,2017.0,2017.0,LAC,7.0,,0.09803922
2020,13,00-0033536,M.Williams,WR,LAC,NE,0,0,0.0,0,0.0,0.0,0.0,0,0.0,0,9,4,43.0,0,4.3,8.3,,,76.0,218.0,26.1004375,3.0,Clemson,2017.0,2017.0,LAC,7.0,-45.0,0.17307693
2020,15,00-0033536,M.Williams,WR,LAC,LV,0,0,0.0,0,0.0,0.0,0.0,0,0.0,0,2,2,22.0,0,2.2,4.2,,,76.0,218.0,26.1004375,3.0,Clemson,2017.0,2017.0,LAC,7.0,,0.0625
2020,16,00-0033536,M.Williams,WR,LAC,DEN,0,0,0.0,0,0.0,0.0,0.0,0,0.0,0,10,4,54.0,0,5.4,9.4,,,76.0,218.0,26.1004375,3.0,Clemson,2017.0,2017.0,LAC,7.0,3.0,0.3030303
2020,17,00-0033536,M.Williams,WR,LAC,KC,0,0,0.0,0,0.0,0.0,0.0,0,0.0,0,7,6,108.0,1,16.8,22.8,,,76.0,218.0,26.1004375,3.0,Clemson,2017.0,2017.0,LAC,7.0,,0.23333333
2020,1,00-0033537,D.Watson,QB,HOU,KC,20,32,253.0,1,1.0,4.0,11.0,6,27.0,1,0,0,0.0,0,20.82,20.82,,,74.0,221.0,25.1528125,3.0,Clemson,2017.0,2017.0,HOU,12.0,,
2020,2,00-0033537,D.Watson,QB,HOU,BAL,25,36,275.0,1,1.0,4.0,22.0,5,17.0,0,0,0,0.0,0,14.7,14.7,,,74.0,221.0,25.1528125,3.0,Clemson,2017.0,2017.0,HOU,12.0,-17.0,
2020,3,00-0033537,D.Watson,QB,HOU,PIT,19,27,264.0,2,1.0,5.0,33.0,1,5.0,0,0,0,0.0,0,17.06,17.06,,,74.0,221.0,25.1528125,3.0,Clemson,2017.0,2017.0,HOU,12.0,,
2020,4,00-0033537,D.Watson,QB,HOU,MIN,20,33,300.0,2,0.0,3.0,10.0,5,9.0,0,0,0,0.0,0,20.9,20.9,,,74.0,221.0,25.1528125,3.0,Clemson,2017.0,2017.0,HOU,12.0,-8.0,
2020,5,00-0033537,D.Watson,QB,HOU,JAX,25,35,359.0,3,2.0,1.0,2.0,2,25.0,0,0,0,0.0,0,24.86,24.86,,,74.0,221.0,25.1528125,3.0,Clemson,2017.0,2017.0,HOU,12.0,16.0,
2020,6,00-0033537,D.Watson,QB,HOU,TEN,28,37,335.0,4,0.0,2.0,15.0,4,26.0,0,0,0,0.0,0,32.0,32.0,,,74.0,221.0,25.1528125,3.0,Clemson,2017.0,2017.0,HOU,12.0,,
2020,7,00-0033537,D.Watson,QB,HOU,GB,29,39,309.0,2,0.0,3.0,23.0,7,38.0,0,0,0,0.0,0,24.16,24.16,,,74.0,221.0,25.1528125,3.0,Clemson,2017.0,2017.0,HOU,12.0,-15.0,
2020,9,00-0033537,D.Watson,QB,HOU,JAX,19,32,281.0,2,0.0,2.0,14.0,10,50.0,0,0,0,0.0,0,24.24,24.24,,,74.0,221.0,25.1528125,3.0,Clemson,2017.0,2017.0,HOU,12.0,,
2020,10,00-0033537,D.Watson,QB,HOU,CLE,20,30,163.0,1,0.0,2.0,10.0,8,36.0,0,0,0,0.0,0,14.12,14.12,,,74.0,221.0,25.1528125,3.0,Clemson,2017.0,2017.0,HOU,12.0,,
2020,11,00-0033537,D.Watson,QB,HOU,NE,28,37,344.0,2,0.0,0.0,-0.0,6,36.0,1,0,0,0.0,0,31.36,31.36,,,74.0,221.0,25.1528125,3.0,Clemson,2017.0,2017.0,HOU,12.0,7.0,
2020,12,00-0033537,D.Watson,QB,HOU,DET,17,25,318.0,4,0.0,2.0,11.0,8,24.0,0,0,0,0.0,0,33.12,33.12,,,74.0,221.0,25.1528125,3.0,Clemson,2017.0,2017.0,HOU,12.0,,
2020,13,00-0033537,D.Watson,QB,HOU,IND,26,38,341.0,0,1.0,5.0,33.0,7,38.0,1,0,0,0.0,0,19.44,19.44,,,74.0,221.0,25.1528125,3.0,Clemson,2017.0,2017.0,HOU,12.0,-6.0,
2020,14,00-0033537,D.Watson,QB,HOU,CHI,21,30,219.0,1,0.0,6.0,52.0,7,38.0,0,0,0,0.0,0,16.56,16.56,,,74.0,221.0,25.1528125,3.0,Clemson,2017.0,2017.0,HOU,12.0,,
2020,15,00-0033537,D.Watson,QB,HOU,IND,33,41,373.0,2,0.0,5.0,31.0,6,25.0,0,0,0,0.0,0,23.42,23.42,,,74.0,221.0,25.1528125,3.0,Clemson,2017.0,2017.0,HOU,12.0,,
2020,16,00-0033537,D.Watson,QB,HOU,CIN,24,33,324.0,3,0.0,1.0,2.0,5,38.0,0,0,0,0.0,0,26.76,26.76,,,74.0,221.0,25.1528125,3.0,Clemson,2017.0,2017.0,HOU,12.0,-6.0,
2020,17,00-0033537,D.Watson,QB,HOU,TEN,28,39,365.0,3,1.0,4.0,24.0,3,12.0,0,0,0,0.0,0,25.8,25.8,,,74.0,221.0,25.1528125,3.0,Clemson,2017.0,2017.0,HOU,12.0,-3.0,
2020,1,00-0033553,J.Conner,RB,PIT,NYG,0,0,0.0,0,0.0,0.0,0.0,6,9.0,0,4,2,8.0,0,1.7,3.7,,,73.0,233.0,25.530764705882355,3.0,Pittsburgh,2017.0,2017.0,PIT,105.0,,0.12903225
2020,2,00-0033553,J.Conner,RB,PIT,DEN,0,0,0.0,0,0.0,0.0,0.0,16,106.0,1,2,2,15.0,0,18.1,20.1,,,73.0,233.0,25.530764705882355,3.0,Pittsburgh,2017.0,2017.0,PIT,105.0,5.0,0.048780486
2020,3,00-0033553,J.Conner,RB,PIT,HOU,0,0,0.0,0,0.0,0.0,0.0,18,109.0,1,5,4,40.0,0,20.9,24.9,,,73.0,233.0,25.530764705882355,3.0,Pittsburgh,2017.0,2017.0,PIT,105.0,7.0,0.14285715
2020,5,00-0033553,J.Conner,RB,PIT,PHI,0,0,0.0,0,0.0,0.0,0.0,15,44.0,1,3,3,19.0,0,12.3,15.3,,,73.0,233.0,25.530764705882355,3.0,Pittsburgh,2017.0,2017.0,PIT,105.0,9.0,0.0882353
2020,6,00-0033553,J.Conner,RB,PIT,CLE,0,0,0.0,0,0.0,0.0,0.0,20,101.0,1,1,1,1.0,0,16.2,17.2,,,73.0,233.0,25.530764705882355,3.0,Pittsburgh,2017.0,2017.0,PIT,105.0,31.0,0.04347826
2020,7,00-0033553,J.Conner,RB,PIT,TEN,0,0,0.0,0,0.0,0.0,0.0,20,82.0,0,5,3,29.0,0,11.1,14.1,,,73.0,233.0,25.530764705882355,3.0,Pittsburgh,2017.0,2017.0,PIT,105.0,,0.10204082
2020,8,00-0033553,J.Conner,RB,PIT,BAL,0,0,0.0,0,0.0,0.0,0.0,15,47.0,1,3,3,13.0,0,12.0,15.0,,,73.0,233.0,25.530764705882355,3.0,Pittsburgh,2017.0,2017.0,PIT,105.0,,0.09375
2020,9,00-0033553,J.Conner,RB,PIT,DAL,0,0,0.0,0,0.0,0.0,0.0,9,22.0,0,2,2,-2.0,0,2.0,4.0,,,73.0,233.0,25.530764705882355,3.0,Pittsburgh,2017.0,2017.0,PIT,105.0,,0.044444446
2020,10,00-0033553,J.Conner,RB,PIT,CIN,0,0,0.0,0,0.0,0.0,0.0,13,36.0,0,2,2,12.0,0,4.8,6.8,,,73.0,233.0,25.530764705882355,3.0,Pittsburgh,2017.0,2017.0,PIT,105.0,26.0,0.04347826
2020,11,00-0033553,J.Conner,RB,PIT,JAX,0,0,0.0,0,0.0,0.0,0.0,13,89.0,0,3,3,10.0,0,9.9,12.9,,,73.0,233.0,25.530764705882355,3.0,Pittsburgh,2017.0,2017.0,PIT,105.0,,0.06521739
2020,14,00-0033553,J.Conner,RB,PIT,BUF,0,0,0.0,0,0.0,0.0,0.0,10,18.0,0,0,0,0.0,0,1.8,1.8,,,73.0,233.0,25.530764705882355,3.0,Pittsburgh,2017.0,2017.0,PIT,105.0,,
2020,16,00-0033553,J.Conner,RB,PIT,IND,0,0,0.0,0,0.0,0.0,0.0,5,21.0,1,5,5,45.0,0,12.6,17.6,,,73.0,233.0,25.530764705882355,3.0,Pittsburgh,2017.0,2017.0,PIT,105.0,4.0,0.10204082
2020,17,00-0033553,J.Conner,RB,PIT,CLE,0,0,0.0,0,0.0,0.0,0.0,9,37.0,0,8,5,25.0,0,6.2,11.2,,,73.0,233.0,25.530764705882355,3.0,Pittsburgh,2017.0,2017.0,PIT,105.0,,0.1904762
2020,18,00-0033553,J.Conner,RB,PIT,CLE,0,0,0.0,0,0.0,0.0,0.0,11,37.0,1,5,5,30.0,0,14.7,19.7,,,73.0,233.0,25.530764705882355,3.0,Pittsburgh,2017.0,2017.0,PIT,105.0,-11.0,0.073529415
2020,9,00-0033555,M.Hollins,WR,MIA,ARI,0,0,0.0,0,0.0,0.0,0.0,0,0.0,0,1,1,11.0,1,7.1,8.1,,,76.0,221.0,27.1475,3.0,North Carolina,2017.0,2017.0,PHI,118.0,,0.03846154
2020,10,00-0033555,M.Hollins,WR,MIA,LAC,0,0,0.0,0,0.0,0.0,0.0,0,0.0,0,1,1,1.0,0,0.1,1.1,,,76.0,221.0,27.1475,3.0,North Carolina,2017.0,2017.0,PHI,118.0,8.0,0.041666668
2020,11,00-0033555,M.Hollins,WR,MIA,DEN,0,0,0.0,0,0.0,0.0,0.0,0,0.0,0,2,1,9.0,0,0.9,1.9,,,76.0,221.0,27.1475,3.0,North Carolina,2017.0,2017.0,PHI,118.0,,0.054054055
2020,12,00-0033555,M.Hollins,WR,MIA,NYJ,0,0,0.0,0,0.0,0.0,0.0,0,0.0,0,3,2,19.0,0,1.9,3.9,,,76.0,221.0,27.1475,3.0,North Carolina,2017.0,2017.0,PHI,118.0,,0.07692308
2020,13,00-0033555,M.Hollins,WR,MIA,CIN,0,0,0.0,0,0.0,0.0,0.0,0,0.0,0,1,1,7.0,0,0.7,1.7,,,76.0,221.0,27.1475,3.0,North Carolina,2017.0,2017.0,PHI,118.0,12.0,0.02631579
2020,14,00-0033555,M.Hollins,WR,MIA,KC,0,0,0.0,0,0.0,0.0,0.0,0,0.0,0,9,5,66.0,0,6.6,11.6,,,76.0,221.0,27.1475,3.0,North Carolina,2017.0,2017.0,PHI,118.0,-6.0,0.19565217
2020,15,00-0033555,M.Hollins,WR,MIA,NE,0,0,0.0,0,0.0,0.0,0.0,0,0.0,0,3,2,18.0,0,1.8,3.8,,,76.0,221.0,27.1475,3.0,North Carolina,2017.0,2017.0,PHI,118.0,10.0,0.12
2020,16,00-0033555,M.Hollins,WR,MIA,LV,0,0,0.0,0,0.0,0.0,0.0,0,0.0,0,4,2,42.0,0,4.2,6.2,,,76.0,221.0,27.1475,3.0,North Carolina,2017.0,2017.0,PHI,118.0,,0.11764706
2020,17,00-0033555,M.Hollins,WR,MIA,BUF,0,0,0.0,0,0.0,0.0,0.0,0,0.0,0,1,1,3.0,0,-1.7,-0.7,,,76.0,221.0,27.1475,3.0,North Carolina,2017.0,2017.0,PHI,118.0,,0.016949153
2020,1,00-0033556,T.Cohen,RB,CHI,DET,0,0,0.0,0,0.0,0.0,0.0,7,41.0,0,2,2,6.0,0,4.7,6.7,,,66.0,191.0,25.297294117647056,3.0,North Carolina A&amp;T,2017.0,2017.0,CHI,119.0,,0.055555556
2020,2,00-0033556,T.Cohen,RB,CHI,NYG,0,0,0.0,0,0.0,0.0,0.0,5,12.0,0,1,1,15.0,0,2.7,3.7,,,66.0,191.0,25.297294117647056,3.0,North Carolina A&amp;T,2017.0,2017.0,CHI,119.0,4.0,0.035714287
2020,3,00-0033556,T.Cohen,RB,CHI,ATL,0,0,0.0,0,0.0,0.0,0.0,2,21.0,0,6,3,20.0,0,4.1,7.1,,,66.0,191.0,25.297294117647056,3.0,North Carolina A&amp;T,2017.0,2017.0,CHI,119.0,,0.12244898
2020,1,00-0033564,J.Butt,TE,DEN,TEN,0,0,0.0,0,0.0,0.0,0.0,0,0.0,0,2,1,0.0,0,0.0,1.0,,,78.0,250.0,25.334875,3.0,Michigan,2017.0,2017.0,DEN,145.0,-2.0,0.0625
2020,3,00-0033564,J.Butt,TE,DEN,TB,0,0,0.0,0,0.0,0.0,0.0,0,0.0,0,1,1,5.0,0,0.5,1.5,,,78.0,250.0,25.334875,3.0,Michigan,2017.0,2017.0,DEN,145.0,-18.0,0.02631579
2020,4,00-0033564,J.Butt,TE,DEN,NYJ,0,0,0.0,0,0.0,0.0,0.0,0,0.0,0,1,0,0.0,0,0.0,0.0,,,78.0,250.0,25.334875,3.0,Michigan,2017.0,2017.0,DEN,145.0,,0.035714287
2020,1,00-0033567,B.Hill,RB,ATL,SEA,0,0,0.0,0,0.0,0.0,0.0,3,12.0,0,2,2,8.0,0,2.0,4.0,,,73.0,219.0,24.99775,3.0,Wyoming,2017.0,2017.0,ATL,156.0,-13.0,0.03846154
2020,2,00-0033567,B.Hill,RB,ATL,DAL,0,0,0.0,0,0.0,0.0,0.0,3,14.0,0,2,2,11.0,0,2.5,4.5,,,73.0,219.0,24.99775,3.0,Wyoming,2017.0,2017.0,ATL,156.0,,0.055555556
2020,3,00-0033567,B.Hill,RB,ATL,CHI,0,0,0.0,0,0.0,0.0,0.0,9,58.0,1,3,1,22.0,0,14.0,15.0,,,73.0,219.0,24.99775,3.0,Wyoming,2017.0,2017.0,ATL,156.0,-4.0,0.078947365
2020,4,00-0033567,B.Hill,RB,ATL,GB,0,0,0.0,0,0.0,0.0,0.0,4,10.0,0,2,2,13.0,0,2.3,4.3,,,73.0,219.0,24.99775,3.0,Wyoming,2017.0,2017.0,ATL,156.0,,0.051282052
2020,5,00-0033567,B.Hill,RB,ATL,CAR,0,0,0.0,0,0.0,0.0,0.0,6,39.0,0,2,2,15.0,0,5.4,7.4,,,73.0,219.0,24.99775,3.0,Wyoming,2017.0,2017.0,ATL,156.0,-7.0,0.057142857
2020,6,00-0033567,B.Hill,RB,ATL,MIN,0,0,0.0,0,0.0,0.0,0.0,10,28.0,0,2,2,6.0,0,1.4,3.4,,,73.0,219.0,24.99775,3.0,Wyoming,2017.0,2017.0,ATL,156.0,,0.054054055
2020,7,00-0033567,B.Hill,RB,ATL,DET,0,0,0.0,0,0.0,0.0,0.0,2,3.0,0,3,3,27.0,0,3.0,6.0,,,73.0,219.0,24.99775,3.0,Wyoming,2017.0,2017.0,ATL,156.0,-1.0,0.075
2020,8,00-0033567,B.Hill,RB,ATL,CAR,0,0,0.0,0,0.0,0.0,0.0,11,55.0,0,3,2,9.0,0,6.4,8.4,,,73.0,219.0,24.99775,3.0,Wyoming,2017.0,2017.0,ATL,156.0,,0.1
2020,9,00-0033567,B.Hill,RB,ATL,DEN,0,0,0.0,0,0.0,0.0,0.0,8,24.0,0,1,0,0.0,0,2.4,2.4,,,73.0,219.0,24.99775,3.0,Wyoming,2017.0,2017.0,ATL,156.0,7.0,0.028571429
2020,11,00-0033567,B.Hill,RB,ATL,NO,0,0,0.0,0,0.0,0.0,0.0,4,18.0,0,0,0,0.0,0,1.8,1.8,,,73.0,219.0,24.99775,3.0,Wyoming,2017.0,2017.0,ATL,156.0,,
2020,12,00-0033567,B.Hill,RB,ATL,LV,0,0,0.0,0,0.0,0.0,0.0,13,55.0,0,1,0,0.0,0,5.5,5.5,,,73.0,219.0,24.99775,3.0,Wyoming,2017.0,2017.0,ATL,156.0,37.0,0.027027028
2020,13,00-0033567,B.Hill,RB,ATL,NO,0,0,0.0,0,0.0,0.0,0.0,5,18.0,0,0,0,0.0,0,1.8,1.8,,,73.0,219.0,24.99775,3.0,Wyoming,2017.0,2017.0,ATL,156.0,-5.0,
2020,14,00-0033567,B.Hill,RB,ATL,LAC,0,0,0.0,0,0.0,0.0,0.0,1,3.0,0,1,1,12.0,0,1.5,2.5,,,73.0,219.0,24.99775,3.0,Wyoming,2017.0,2017.0,ATL,156.0,,0.03125
2020,15,00-0033567,B.Hill,RB,ATL,TB,0,0,0.0,0,0.0,0.0,0.0,5,-2.0,0,2,2,9.0,0,0.7,2.7,,,73.0,219.0,24.99775,3.0,Wyoming,2017.0,2017.0,ATL,156.0,-4.0,0.041666668
2020,16,00-0033567,B.Hill,RB,ATL,KC,0,0,0.0,0,0.0,0.0,0.0,7,36.0,0,3,3,25.0,0,6.1,9.1,,,73.0,219.0,24.99775,3.0,Wyoming,2017.0,2017.0,ATL,156.0,,0.0882353
2020,17,00-0033567,B.Hill,RB,ATL,TB,0,0,0.0,0,0.0,0.0,0.0,9,94.0,0,3,3,42.0,0,13.6,16.6,,,73.0,219.0,24.99775,3.0,Wyoming,2017.0,2017.0,ATL,156.0,,0.07317073
2020,1,00-0033572,J.Agnew,WR,DET,CHI,0,0,0.0,0,0.0,0.0,0.0,0,0.0,0,1,0,0.0,0,0.0,0.0,,,70.0,190.0,25.6056875,3.0,San Diego,2017.0,2017.0,DET,165.0,-4.0,0.024390243
2020,2,00-0033572,J.Agnew,WR,DET,GB,0,0,0.0,0,0.0,0.0,0.0,0,0.0,0,1,1,0.0,0,0.0,1.0,,,70.0,190.0,25.6056875,3.0,San Diego,2017.0,2017.0,DET,165.0,,0.033333335
2020,3,00-0033572,J.Agnew,WR,DET,ARI,0,0,0.0,0,0.0,0.0,0.0,1,2.0,0,2,2,20.0,0,2.2,4.2,,,70.0,190.0,25.6056875,3.0,San Diego,2017.0,2017.0,DET,165.0,,0.06451613
2020,4,00-0033572,J.Agnew,WR,DET,NO,0,0,0.0,0,0.0,0.0,0.0,1,2.0,0,2,1,1.0,0,0.3,1.3,,,70.0,190.0,25.6056875,3.0,San Diego,2017.0,2017.0,DET,165.0,-6.0,0.06666667
2020,6,00-0033572,J.Agnew,WR,DET,JAX,0,0,0.0,0,0.0,0.0,0.0,0,0.0,0,2,2,17.0,0,1.7,3.7,,,70.0,190.0,25.6056875,3.0,San Diego,2017.0,2017.0,DET,165.0,,0.06451613
2020,7,00-0033572,J.Agnew,WR,DET,ATL,0,0,0.0,0,0.0,0.0,0.0,0,0.0,0,1,0,0.0,0,0.0,0.0,,,70.0,190.0,25.6056875,3.0,San Diego,2017.0,2017.0,DET,165.0,,0.03125
2020,8,00-0033572,J.Agnew,WR,DET,IND,0,0,0.0,0,0.0,0.0,0.0,1,11.0,0,0,0,0.0,0,1.1,1.1,,,70.0,190.0,25.6056875,3.0,San Diego,2017.0,2017.0,DET,165.0,-20.0,
2020,11,00-0033572,J.Agnew,WR,DET,CAR,0,0,0.0,0,0.0,0.0,0.0,0,0.0,0,6,3,10.0,0,1.0,4.0,,,70.0,190.0,25.6056875,3.0,San Diego,2017.0,2017.0,DET,165.0,,0.1875
2020,12,00-0033572,J.Agnew,WR,DET,HOU,0,1,0.0,0,0.0,0.0,-0.0,0,0.0,0,1,0,0.0,0,0.0,0.0,,,70.0,190.0,25.6056875,3.0,San Diego,2017.0,2017.0,DET,165.0,-16.0,0.023809524
2020,13,00-0033572,J.Agnew,WR,DET,CHI,0,0,0.0,0,0.0,0.0,0.0,1,0.0,0,2,2,24.0,0,2.4,4.4,,,70.0,190.0,25.6056875,3.0,San Diego,2017.0,2017.0,DET,165.0,,0.048780486
2020,14,00-0033572,J.Agnew,WR,DET,GB,0,0,0.0,0,0.0,0.0,0.0,1,11.0,0,1,1,4.0,0,1.5,2.5,,,70.0,190.0,25.6056875,3.0,San Diego,2017.0,2017.0,DET,165.0,-7.0,0.02631579
2020,15,00-0033572,J.Agnew,WR,DET,TEN,0,0,0.0,0,0.0,0.0,0.0,1,7.0,0,1,1,13.0,0,2.0,3.0,,,70.0,190.0,25.6056875,3.0,San Diego,2017.0,2017.0,DET,165.0,,0.027027028
2020,16,00-0033572,J.Agnew,WR,DET,DET,0,0,0.0,0,0.0,0.0,0.0,0,0.0,0,0,0,0.0,0,6.0,6.0,,,70.0,190.0,25.6056875,3.0,San Diego,2017.0,2017.0,DET,165.0,-40.0,
2020,11,00-0033576,E.Saubert,TE,JAX,PIT,0,0,0.0,0,0.0,0.0,0.0,0,0.0,0,1,1,3.0,0,0.3,1.3,,,77.0,253.0,26.503625,3.0,Drake,2017.0,2017.0,ATL,174.0,-24.0,0.030303031
2020,13,00-0033576,E.Saubert,TE,JAX,MIN,0,0,0.0,0,0.0,0.0,0.0,0,0.0,0,1,0,0.0,0,0.0,0.0,,,77.0,253.0,26.503625,3.0,Drake,2017.0,2017.0,ATL,174.0,,0.024390243
2020,14,00-0033576,E.Saubert,TE,JAX,TEN,0,0,0.0,0,0.0,0.0,0.0,0,0.0,0,1,1,4.0,0,0.4,1.4,,,77.0,253.0,26.503625,3.0,Drake,2017.0,2017.0,ATL,174.0,-21.0,0.020408163
2020,17,00-0033576,E.Saubert,TE,JAX,IND,0,0,0.0,0,0.0,0.0,0.0,0,0.0,0,1,1,9.0,0,0.9,1.9,,,77.0,253.0,26.503625,3.0,Drake,2017.0,2017.0,ATL,174.0,,0.025
2020,1,00-0033589,D.Moore,WR,SEA,ATL,0,0,0.0,0,0.0,0.0,0.0,1,12.0,0,3,3,28.0,0,4.0,7.0,,,72.0,215.0,25.828176470588236,3.0,East Central,2017.0,2017.0,SEA,226.0,,0.08571429
2020,2,00-0033589,D.Moore,WR,SEA,NE,0,0,0.0,0,0.0,0.0,0.0,0,0.0,0,3,3,48.0,1,10.8,13.8,,,72.0,215.0,25.828176470588236,3.0,East Central,2017.0,2017.0,SEA,226.0,5.0,0.12
2020,3,00-0033589,D.Moore,WR,SEA,DAL,0,0,0.0,0,0.0,0.0,0.0,0,0.0,0,1,1,2.0,0,0.2,1.2,,,72.0,215.0,25.828176470588236,3.0,East Central,2017.0,2017.0,SEA,226.0,7.0,0.02631579
2020,4,00-0033589,D.Moore,WR,SEA,MIA,0,0,0.0,0,0.0,0.0,0.0,0,0.0,0,4,3,95.0,1,15.5,18.5,,,72.0,215.0,25.828176470588236,3.0,East Central,2017.0,2017.0,SEA,226.0,,0.121212125
2020,5,00-0033589,D.Moore,WR,SEA,MIN,0,0,0.0,0,0.0,0.0,0.0,0,0.0,0,3,0,0.0,0,0.0,0.0,,,72.0,215.0,25.828176470588236,3.0,East Central,2017.0,2017.0,SEA,226.0,1.0,0.1
2020,7,00-0033589,D.Moore,WR,SEA,ARI,0,0,0.0,0,0.0,0.0,0.0,1,4.0,0,3,3,54.0,0,5.8,8.8,,,72.0,215.0,25.828176470588236,3.0,East Central,2017.0,2017.0,SEA,226.0,,0.0625
2020,8,00-0033589,D.Moore,WR,SEA,SF,0,0,0.0,0,0.0,0.0,0.0,2,28.0,0,3,3,18.0,1,10.6,13.6,,,72.0,215.0,25.828176470588236,3.0,East Central,2017.0,2017.0,SEA,226.0,10.0,0.083333336
2020,9,00-0033589,D.Moore,WR,SEA,BUF,0,0,0.0,0,0.0,0.0,0.0,0,0.0,0,6,4,71.0,1,13.1,17.1,,,72.0,215.0,25.828176470588236,3.0,East Central,2017.0,2017.0,SEA,226.0,,0.15
2020,10,00-0033589,D.Moore,WR,SEA,LA,0,0,0.0,0,0.0,0.0,0.0,1,2.0,0,3,2,16.0,0,1.8,3.8,,,72.0,215.0,25.828176470588236,3.0,East Central,2017.0,2017.0,SEA,226.0,,0.08571429
2020,11,00-0033589,D.Moore,WR,SEA,ARI,0,0,0.0,0,0.0,0.0,0.0,0,0.0,0,2,2,5.0,0,0.5,2.5,,,72.0,215.0,25.828176470588236,3.0,East Central,2017.0,2017.0,SEA,226.0,7.0,0.074074075
2020,12,00-0033589,D.Moore,WR,SEA,PHI,0,0,0.0,0,0.0,0.0,0.0,1,1.0,0,3,3,-6.0,1,5.5,8.5,,,72.0,215.0,25.828176470588236,3.0,East Central,2017.0,2017.0,SEA,226.0,,0.1
2020,13,00-0033589,D.Moore,WR,SEA,NYG,0,0,0.0,0,0.0,0.0,0.0,0,0.0,0,2,1,6.0,0,0.6,1.6,,,72.0,215.0,25.828176470588236,3.0,East Central,2017.0,2017.0,SEA,226.0,-5.0,0.048780486
2020,14,00-0033589,D.Moore,WR,SEA,NYJ,0,0,0.0,0,0.0,0.0,0.0,1,9.0,0,5,3,20.0,1,8.9,11.9,,,72.0,215.0,25.828176470588236,3.0,East Central,2017.0,2017.0,SEA,226.0,37.0,0.15625
2020,15,00-0033589,D.Moore,WR,SEA,WAS,0,0,0.0,0,0.0,0.0,0.0,1,5.0,0,4,2,10.0,0,1.5,3.5,,,72.0,215.0,25.828176470588236,3.0,East Central,2017.0,2017.0,SEA,226.0,,0.15384616
2020,16,00-0033589,D.Moore,WR,SEA,LA,0,0,0.0,0,0.0,0.0,0.0,0,0.0,0,1,1,45.0,0,4.5,5.5,,,72.0,215.0,25.828176470588236,3.0,East Central,2017.0,2017.0,SEA,226.0,11.0,0.03448276
2020,17,00-0033589,D.Moore,WR,SEA,SF,0,0,0.0,0,0.0,0.0,0.0,0,0.0,0,1,1,5.0,0,0.5,1.5,,,72.0,215.0,25.828176470588236,3.0,East Central,2017.0,2017.0,SEA,226.0,,0.03125
2020,18,00-0033589,D.Moore,WR,SEA,LA,0,0,0.0,0,0.0,0.0,0.0,1,4.0,0,1,1,1.0,0,0.5,1.5,,,72.0,215.0,25.828176470588236,3.0,East Central,2017.0,2017.0,SEA,226.0,-10.0,0.03846154
2020,2,00-0033591,N.Brown,WR,DAL,ATL,0,0,0.0,0,0.0,0.0,0.0,0,0.0,0,2,2,28.0,0,2.8,4.8,,,74.0,225.0,24.8394375,3.0,Ohio State,2017.0,2017.0,DAL,239.0,1.0,0.04255319
2020,3,00-0033591,N.Brown,WR,DAL,SEA,0,0,0.0,0,0.0,0.0,0.0,0,0.0,0,2,1,9.0,0,0.9,1.9,,,74.0,225.0,24.8394375,3.0,Ohio State,2017.0,2017.0,DAL,239.0,,0.035714287
2020,4,00-0033591,N.Brown,WR,DAL,CLE,0,0,0.0,0,0.0,0.0,0.0,0,0.0,0,4,4,43.0,0,4.3,8.3,,,74.0,225.0,24.8394375,3.0,Ohio State,2017.0,2017.0,DAL,239.0,-11.0,0.06896552
2020,6,00-0033591,N.Brown,WR,DAL,ARI,0,0,0.0,0,0.0,0.0,0.0,0,0.0,0,2,2,15.0,0,1.5,3.5,,,74.0,225.0,24.8394375,3.0,Ohio State,2017.0,2017.0,DAL,239.0,-28.0,0.03846154
2020,8,00-0033591,N.Brown,WR,DAL,PHI,0,0,0.0,0,0.0,0.0,0.0,0,0.0,0,2,0,0.0,0,0.0,0.0,,,74.0,225.0,24.8394375,3.0,Ohio State,2017.0,2017.0,DAL,239.0,,0.05263158
2020,11,00-0033591,N.Brown,WR,DAL,MIN,0,0,0.0,0,0.0,0.0,0.0,0,0.0,0,1,1,6.0,0,0.6,1.6,,,74.0,225.0,24.8394375,3.0,Ohio State,2017.0,2017.0,DAL,239.0,,0.032258064
2020,12,00-0033591,N.Brown,WR,DAL,WAS,0,0,0.0,0,0.0,0.0,0.0,0,0.0,0,1,0,0.0,0,0.0,0.0,,,74.0,225.0,24.8394375,3.0,Ohio State,2017.0,2017.0,DAL,239.0,-25.0,0.029411765
2020,13,00-0033591,N.Brown,WR,DAL,BAL,0,0,0.0,0,0.0,0.0,0.0,0,0.0,0,4,3,40.0,0,4.0,7.0,,,74.0,225.0,24.8394375,3.0,Ohio State,2017.0,2017.0,DAL,239.0,,0.08888889
2020,15,00-0033591,N.Brown,WR,DAL,SF,0,0,0.0,0,0.0,0.0,0.0,1,4.0,0,6,1,13.0,0,1.7,2.7,,,74.0,225.0,24.8394375,3.0,Ohio State,2017.0,2017.0,DAL,239.0,8.0,0.1875
2020,1,00-0033594,C.Carson,RB,SEA,ATL,0,0,0.0,0,0.0,0.0,0.0,6,21.0,0,6,6,45.0,2,18.6,24.6,,,71.0,222.0,26.159470588235294,3.0,Oklahoma State,2017.0,2017.0,SEA,249.0,,0.17142858
2020,2,00-0033594,C.Carson,RB,SEA,NE,0,0,0.0,0,0.0,0.0,0.0,17,72.0,0,3,3,36.0,1,16.8,19.8,,,71.0,222.0,26.159470588235294,3.0,Oklahoma State,2017.0,2017.0,SEA,249.0,5.0,0.12
2020,3,00-0033594,C.Carson,RB,SEA,DAL,0,0,0.0,0,0.0,0.0,0.0,14,64.0,0,3,3,12.0,0,7.6,10.6,,,71.0,222.0,26.159470588235294,3.0,Oklahoma State,2017.0,2017.0,SEA,249.0,7.0,0.078947365
2020,4,00-0033594,C.Carson,RB,SEA,MIA,0,0,0.0,0,0.0,0.0,0.0,16,80.0,2,4,3,20.0,0,22.0,25.0,,,71.0,222.0,26.159470588235294,3.0,Oklahoma State,2017.0,2017.0,SEA,249.0,,0.121212125
2020,5,00-0033594,C.Carson,RB,SEA,MIN,0,0,0.0,0,0.0,0.0,0.0,8,52.0,1,7,6,27.0,0,13.9,19.9,,,71.0,222.0,26.159470588235294,3.0,Oklahoma State,2017.0,2017.0,SEA,249.0,1.0,0.23333333
2020,7,00-0033594,C.Carson,RB,SEA,ARI,0,0,0.0,0,0.0,0.0,0.0,5,34.0,0,2,1,7.0,0,4.1,5.1,,,71.0,222.0,26.159470588235294,3.0,Oklahoma State,2017.0,2017.0,SEA,249.0,,0.041666668
2020,12,00-0033594,C.Carson,RB,SEA,PHI,0,0,0.0,0,0.0,0.0,0.0,8,41.0,1,2,2,18.0,0,11.9,13.9,,,71.0,222.0,26.159470588235294,3.0,Oklahoma State,2017.0,2017.0,SEA,249.0,,0.06666667
2020,13,00-0033594,C.Carson,RB,SEA,NYG,0,0,0.0,0,0.0,0.0,0.0,13,65.0,0,6,3,45.0,1,17.0,20.0,,,71.0,222.0,26.159470588235294,3.0,Oklahoma State,2017.0,2017.0,SEA,249.0,-5.0,0.14634146
2020,14,00-0033594,C.Carson,RB,SEA,NYJ,0,0,0.0,0,0.0,0.0,0.0,12,76.0,1,5,3,22.0,0,15.8,18.8,,,71.0,222.0,26.159470588235294,3.0,Oklahoma State,2017.0,2017.0,SEA,249.0,37.0,0.15625
2020,15,00-0033594,C.Carson,RB,SEA,WAS,0,0,0.0,0,0.0,0.0,0.0,15,63.0,0,3,2,6.0,0,6.9,8.9,,,71.0,222.0,26.159470588235294,3.0,Oklahoma State,2017.0,2017.0,SEA,249.0,,0.115384616
2020,16,00-0033594,C.Carson,RB,SEA,LA,0,0,0.0,0,0.0,0.0,0.0,16,69.0,0,3,3,10.0,0,7.9,10.9,,,71.0,222.0,26.159470588235294,3.0,Oklahoma State,2017.0,2017.0,SEA,249.0,11.0,0.10344828
2020,17,00-0033594,C.Carson,RB,SEA,SF,0,0,0.0,0,0.0,0.0,0.0,11,44.0,0,2,2,39.0,0,8.3,10.3,,,71.0,222.0,26.159470588235294,3.0,Oklahoma State,2017.0,2017.0,SEA,249.0,,0.0625
2020,18,00-0033594,C.Carson,RB,SEA,LA,0,0,0.0,0,0.0,0.0,0.0,16,77.0,0,2,1,5.0,0,8.2,9.2,,,71.0,222.0,26.159470588235294,3.0,Oklahoma State,2017.0,2017.0,SEA,249.0,-10.0,0.07692308
2020,6,00-0033611,R.Seals-Jones,TE,KC,BUF,0,0,0.0,0,0.0,0.0,0.0,0,0.0,0,1,0,0.0,0,0.0,0.0,,,77.0,243.0,25.686894736842106,3.0,Texas A&amp;M,2017.0,2017.0,,,,0.03846154
2020,6,00-0033627,J.Croom,TE,PHI,BAL,0,0,0.0,0,0.0,0.0,0.0,0,0.0,0,1,1,3.0,1,6.3,7.3,,,77.0,246.0,26.6936875,3.0,Tennessee,2017.0,2017.0,,,-2.0,0.025641026
2020,1,00-0033658,B.Jarwin,TE,DAL,LA,0,0,0.0,0,0.0,0.0,0.0,0,0.0,0,1,1,12.0,0,1.2,2.2,,,77.0,260.0,26.314999999999998,3.0,Oklahoma State,2017.0,2017.0,,,,0.027027028
2020,1,00-0033681,K.Cole,WR,JAX,IND,0,0,0.0,0,0.0,0.0,0.0,0,0.0,0,5,5,47.0,1,10.7,15.7,,,73.0,194.0,27.5544375,3.0,Kentucky Wesleyan,2017.0,2017.0,,,7.0,0.25
2020,2,00-0033681,K.Cole,WR,JAX,TEN,0,0,0.0,0,0.0,0.0,0.0,0,0.0,0,7,6,58.0,1,11.8,17.8,,,73.0,194.0,27.5544375,3.0,Kentucky Wesleyan,2017.0,2017.0,,,,0.1590909
2020,3,00-0033681,K.Cole,WR,JAX,MIA,0,0,0.0,0,0.0,0.0,0.0,0,0.0,0,6,4,43.0,0,4.3,8.3,,,73.0,194.0,27.5544375,3.0,Kentucky Wesleyan,2017.0,2017.0,,,-18.0,0.14285715
2020,4,00-0033681,K.Cole,WR,JAX,CIN,0,0,0.0,0,0.0,0.0,0.0,0,0.0,0,5,4,46.0,0,4.6,8.6,,,73.0,194.0,27.5544375,3.0,Kentucky Wesleyan,2017.0,2017.0,,,,0.1388889
2020,5,00-0033681,K.Cole,WR,JAX,HOU,0,0,0.0,0,0.0,0.0,0.0,1,2.0,0,6,2,25.0,1,8.7,10.7,,,73.0,194.0,27.5544375,3.0,Kentucky Wesleyan,2017.0,2017.0,,,,0.13636364
2020,6,00-0033681,K.Cole,WR,JAX,DET,0,0,0.0,0,0.0,0.0,0.0,0,0.0,0,9,6,143.0,0,14.3,20.3,,,73.0,194.0,27.5544375,3.0,Kentucky Wesleyan,2017.0,2017.0,,,-18.0,0.20454545
2020,7,00-0033681,K.Cole,WR,JAX,LAC,0,0,0.0,0,0.0,0.0,0.0,0,0.0,0,2,1,12.0,0,1.2,2.2,,,73.0,194.0,27.5544375,3.0,Kentucky Wesleyan,2017.0,2017.0,,,,0.083333336
2020,9,00-0033681,K.Cole,WR,JAX,HOU,0,0,0.0,0,0.0,0.0,0.0,0,0.0,0,2,1,6.0,0,0.6,1.6,,,73.0,194.0,27.5544375,3.0,Kentucky Wesleyan,2017.0,2017.0,,,-2.0,0.05263158
2020,10,00-0033681,K.Cole,WR,JAX,GB,0,0,0.0,0,0.0,0.0,0.0,0,0.0,0,7,5,47.0,1,16.7,21.7,,,73.0,194.0,27.5544375,3.0,Kentucky Wesleyan,2017.0,2017.0,,,,0.20588236
2020,11,00-0033681,K.Cole,WR,JAX,PIT,0,0,0.0,0,0.0,0.0,0.0,0,0.0,0,5,2,26.0,0,2.6,4.6,,,73.0,194.0,27.5544375,3.0,Kentucky Wesleyan,2017.0,2017.0,,,-24.0,0.15151516
2020,12,00-0033681,K.Cole,WR,JAX,CLE,0,0,0.0,0,0.0,0.0,0.0,0,0.0,0,6,3,44.0,0,4.4,7.4,,,73.0,194.0,27.5544375,3.0,Kentucky Wesleyan,2017.0,2017.0,,,-2.0,0.18181819
2020,13,00-0033681,K.Cole,WR,JAX,MIN,0,0,0.0,0,0.0,0.0,0.0,0,0.0,0,2,1,7.0,0,0.7,1.7,,,73.0,194.0,27.5544375,3.0,Kentucky Wesleyan,2017.0,2017.0,,,,0.048780486
2020,14,00-0033681,K.Cole,WR,JAX,TEN,0,0,0.0,0,0.0,0.0,0.0,0,0.0,0,12,7,67.0,1,12.7,19.7,,,73.0,194.0,27.5544375,3.0,Kentucky Wesleyan,2017.0,2017.0,,,-21.0,0.24489796
2020,15,00-0033681,K.Cole,WR,JAX,BAL,0,0,0.0,0,0.0,0.0,0.0,0,0.0,0,2,2,22.0,0,2.2,4.2,,,73.0,194.0,27.5544375,3.0,Kentucky Wesleyan,2017.0,2017.0,,,,0.074074075
2020,16,00-0033681,K.Cole,WR,JAX,CHI,0,0,0.0,0,0.0,0.0,0.0,0,0.0,0,5,3,26.0,0,2.6,5.6,,,73.0,194.0,27.5544375,3.0,Kentucky Wesleyan,2017.0,2017.0,,,-24.0,0.1388889
2020,17,00-0033681,K.Cole,WR,JAX,IND,0,0,0.0,0,0.0,0.0,0.0,0,0.0,0,7,3,23.0,0,2.3,5.3,,,73.0,194.0,27.5544375,3.0,Kentucky Wesleyan,2017.0,2017.0,,,,0.175
2020,1,00-0033699,A.Ekeler,RB,LAC,CIN,0,0,0.0,0,0.0,0.0,0.0,19,84.0,0,1,1,3.0,0,8.7,9.7,,,70.0,200.0,25.484375,3.0,"Western State, Colo.",2017.0,2017.0,,,,0.03448276
2020,2,00-0033699,A.Ekeler,RB,LAC,KC,0,0,0.0,0,0.0,0.0,0.0,16,93.0,0,4,4,55.0,0,14.8,18.8,,,70.0,200.0,25.484375,3.0,"Western State, Colo.",2017.0,2017.0,,,-3.0,0.13333334
2020,3,00-0033699,A.Ekeler,RB,LAC,CAR,0,0,0.0,0,0.0,0.0,0.0,12,59.0,1,11,11,84.0,0,20.3,31.3,,,70.0,200.0,25.484375,3.0,"Western State, Colo.",2017.0,2017.0,,,-5.0,0.22916667
2020,4,00-0033699,A.Ekeler,RB,LAC,TB,0,0,0.0,0,0.0,0.0,0.0,2,12.0,0,1,1,2.0,0,1.4,2.4,,,70.0,200.0,25.484375,3.0,"Western State, Colo.",2017.0,2017.0,,,,0.04
2020,12,00-0033699,A.Ekeler,RB,LAC,BUF,0,0,0.0,0,0.0,0.0,0.0,14,44.0,0,16,11,85.0,0,12.9,23.9,,,70.0,200.0,25.484375,3.0,"Western State, Colo.",2017.0,2017.0,,,,0.3137255
2020,13,00-0033699,A.Ekeler,RB,LAC,NE,0,0,0.0,0,0.0,0.0,0.0,8,36.0,0,9,4,32.0,0,6.8,10.8,,,70.0,200.0,25.484375,3.0,"Western State, Colo.",2017.0,2017.0,,,-45.0,0.17307693
2020,14,00-0033699,A.Ekeler,RB,LAC,ATL,0,0,0.0,0,0.0,0.0,0.0,15,79.0,0,9,9,67.0,0,14.6,23.6,,,70.0,200.0,25.484375,3.0,"Western State, Colo.",2017.0,2017.0,,,3.0,0.20454545
2020,15,00-0033699,A.Ekeler,RB,LAC,LV,0,0,0.0,0,0.0,0.0,0.0,13,60.0,0,4,4,19.0,0,7.9,11.9,,,70.0,200.0,25.484375,3.0,"Western State, Colo.",2017.0,2017.0,,,,0.125
2020,16,00-0033699,A.Ekeler,RB,LAC,DEN,0,0,0.0,0,0.0,0.0,0.0,10,45.0,0,3,3,23.0,1,12.8,15.8,,,70.0,200.0,25.484375,3.0,"Western State, Colo.",2017.0,2017.0,,,3.0,0.09090909
2020,17,00-0033699,A.Ekeler,RB,LAC,KC,0,0,0.0,0,0.0,0.0,0.0,7,18.0,0,7,6,33.0,1,11.1,17.1,,,70.0,200.0,25.484375,3.0,"Western State, Colo.",2017.0,2017.0,,,,0.23333333
2020,8,00-0033720,C.Thompson,TE,CAR,ATL,0,0,0.0,0,0.0,0.0,0.0,0,0.0,0,1,0,0.0,0,0.0,0.0,,,76.0,255.0,26.894,3.0,Temple,2017.0,2017.0,,,-8.0,0.03846154
2020,10,00-0033720,C.Thompson,TE,CAR,TB,0,0,0.0,0,0.0,0.0,0.0,0,0.0,0,1,1,7.0,1,6.7,7.7,,,76.0,255.0,26.894,3.0,Temple,2017.0,2017.0,,,-23.0,0.035714287
2020,1,00-0033725,C.Clement,RB,PHI,WAS,0,0,0.0,0,0.0,0.0,0.0,6,19.0,0,2,2,2.0,0,2.1,4.1,,,70.0,220.0,26.0174375,3.0,Wisconsin,2017.0,2017.0,,,,0.04761905
2020,3,00-0033725,C.Clement,RB,PHI,CIN,0,0,0.0,0,0.0,0.0,0.0,3,8.0,0,0,0,0.0,0,0.8,0.8,,,70.0,220.0,26.0174375,3.0,Wisconsin,2017.0,2017.0,,,0.0,
2020,4,00-0033725,C.Clement,RB,PHI,SF,0,0,0.0,0,0.0,0.0,0.0,2,3.0,0,0,0,0.0,0,0.3,0.3,,,70.0,220.0,26.0174375,3.0,Wisconsin,2017.0,2017.0,,,,
2020,7,00-0033725,C.Clement,RB,PHI,NYG,0,0,0.0,0,0.0,0.0,0.0,2,9.0,0,1,1,12.0,0,2.1,3.1,,,70.0,220.0,26.0174375,3.0,Wisconsin,2017.0,2017.0,,,1.0,0.024390243
2020,8,00-0033725,C.Clement,RB,PHI,DAL,0,0,0.0,0,0.0,0.0,0.0,5,24.0,0,2,1,4.0,0,2.8,3.8,,,70.0,220.0,26.0174375,3.0,Wisconsin,2017.0,2017.0,,,14.0,0.07692308
2020,10,00-0033725,C.Clement,RB,PHI,NYG,0,0,0.0,0,0.0,0.0,0.0,1,5.0,1,0,0,0.0,0,6.5,6.5,,,70.0,220.0,26.0174375,3.0,Wisconsin,2017.0,2017.0,,,,
2020,12,00-0033725,C.Clement,RB,PHI,SEA,0,0,0.0,0,0.0,0.0,0.0,1,6.0,0,0,0,0.0,0,0.6,0.6,,,70.0,220.0,26.0174375,3.0,Wisconsin,2017.0,2017.0,,,-6.0,
2020,17,00-0033725,C.Clement,RB,PHI,WAS,0,0,0.0,0,0.0,0.0,0.0,1,1.0,0,1,1,7.0,0,0.8,1.8,,,70.0,220.0,26.0174375,3.0,Wisconsin,2017.0,2017.0,,,-6.0,0.03448276
2020,1,00-0033733,G.Ward,WR,PHI,WAS,0,0,0.0,0,0.0,0.0,0.0,0,0.0,0,7,5,31.0,0,3.1,8.1,,,71.0,190.0,25.3275625,3.0,Houston,2017.0,2017.0,,,,0.16666667
2020,2,00-0033733,G.Ward,WR,PHI,LA,0,0,0.0,0,0.0,0.0,0.0,0,0.0,0,1,1,5.0,0,0.5,1.5,,,71.0,190.0,25.3275625,3.0,Houston,2017.0,2017.0,,,-18.0,0.024390243
2020,3,00-0033733,G.Ward,WR,PHI,CIN,0,0,0.0,0,0.0,0.0,0.0,1,-6.0,0,11,8,72.0,1,12.6,20.6,,,71.0,190.0,25.3275625,3.0,Houston,2017.0,2017.0,,,0.0,0.25
2020,4,00-0033733,G.Ward,WR,PHI,SF,0,0,0.0,0,0.0,0.0,0.0,0,0.0,0,7,4,38.0,0,3.8,7.8,,,71.0,190.0,25.3275625,3.0,Houston,2017.0,2017.0,,,,0.26923078
2020,5,00-0033733,G.Ward,WR,PHI,PIT,0,0,0.0,0,0.0,0.0,0.0,0,0.0,0,5,4,26.0,1,8.6,12.6,,,71.0,190.0,25.3275625,3.0,Houston,2017.0,2017.0,,,,0.1388889
2020,6,00-0033733,G.Ward,WR,PHI,BAL,0,0,0.0,0,0.0,0.0,0.0,0,0.0,0,3,2,19.0,0,3.9,5.9,,,71.0,190.0,25.3275625,3.0,Houston,2017.0,2017.0,,,-2.0,0.07692308
2020,7,00-0033733,G.Ward,WR,PHI,NYG,0,0,0.0,0,0.0,0.0,0.0,0,0.0,0,6,5,42.0,1,10.2,15.2,,,71.0,190.0,25.3275625,3.0,Houston,2017.0,2017.0,,,1.0,0.14634146
2020,8,00-0033733,G.Ward,WR,PHI,DAL,0,0,0.0,0,0.0,0.0,0.0,1,2.0,0,5,3,10.0,0,1.2,4.2,,,71.0,190.0,25.3275625,3.0,Houston,2017.0,2017.0,,,14.0,0.1923077
2020,10,00-0033733,G.Ward,WR,PHI,NYG,0,0,0.0,0,0.0,0.0,0.0,0,0.0,0,6,5,39.0,0,3.9,8.9,,,71.0,190.0,25.3275625,3.0,Houston,2017.0,2017.0,,,,0.16666667
2020,11,00-0033733,G.Ward,WR,PHI,CLE,0,0,0.0,0,0.0,0.0,0.0,0,0.0,0,4,3,9.0,0,0.9,3.9,,,71.0,190.0,25.3275625,3.0,Houston,2017.0,2017.0,,,,0.11764706
2020,12,00-0033733,G.Ward,WR,PHI,SEA,0,0,0.0,0,0.0,0.0,0.0,0,0.0,0,3,1,3.0,0,0.3,1.3,,,71.0,190.0,25.3275625,3.0,Houston,2017.0,2017.0,,,-6.0,0.071428575
2020,13,00-0033733,G.Ward,WR,PHI,GB,0,0,0.0,0,0.0,0.0,0.0,0,0.0,0,5,3,57.0,1,11.7,14.7,,,71.0,190.0,25.3275625,3.0,Houston,2017.0,2017.0,,,,0.2
2020,14,00-0033733,G.Ward,WR,PHI,NO,0,0,0.0,0,0.0,0.0,0.0,0,0.0,0,5,2,20.0,0,2.0,4.0,,,71.0,190.0,25.3275625,3.0,Houston,2017.0,2017.0,,,3.0,0.1923077
2020,15,00-0033733,G.Ward,WR,PHI,ARI,0,0,0.0,0,0.0,0.0,0.0,0,0.0,0,5,4,15.0,2,13.5,17.5,,,71.0,190.0,25.3275625,3.0,Houston,2017.0,2017.0,,,,0.125
2020,16,00-0033733,G.Ward,WR,PHI,DAL,0,0,0.0,0,0.0,0.0,0.0,0,0.0,0,3,2,27.0,0,2.7,4.7,,,71.0,190.0,25.3275625,3.0,Houston,2017.0,2017.0,,,,0.0882353
2020,17,00-0033733,G.Ward,WR,PHI,WAS,1,1,15.0,0,0.0,0.0,-0.0,0,0.0,0,3,1,6.0,0,1.2,2.2,,,71.0,190.0,25.3275625,3.0,Houston,2017.0,2017.0,,,-6.0,0.10344828
2020,2,00-0033757,R.Tonyan,TE,GB,DET,0,0,0.0,0,0.0,0.0,0.0,0,0.0,0,3,2,25.0,1,8.5,10.5,,,77.0,237.0,26.55311111111111,3.0,Indiana State,2017.0,2017.0,,,21.0,0.1
2020,3,00-0033757,R.Tonyan,TE,GB,NO,0,0,0.0,0,0.0,0.0,0.0,0,0.0,0,5,5,50.0,1,11.0,16.0,,,77.0,237.0,26.55311111111111,3.0,Indiana State,2017.0,2017.0,,,,0.16666667
2020,4,00-0033757,R.Tonyan,TE,GB,ATL,0,0,0.0,0,0.0,0.0,0.0,0,0.0,0,6,6,98.0,3,27.8,33.8,,,77.0,237.0,26.55311111111111,3.0,Indiana State,2017.0,2017.0,,,14.0,0.18181819
2020,6,00-0033757,R.Tonyan,TE,GB,TB,0,0,0.0,0,0.0,0.0,0.0,0,0.0,0,4,3,25.0,0,2.5,5.5,,,77.0,237.0,26.55311111111111,3.0,Indiana State,2017.0,2017.0,,,,0.12903225
2020,7,00-0033757,R.Tonyan,TE,GB,HOU,0,0,0.0,0,0.0,0.0,0.0,0,0.0,0,2,2,32.0,0,3.2,5.2,,,77.0,237.0,26.55311111111111,3.0,Indiana State,2017.0,2017.0,,,,0.05882353
2020,8,00-0033757,R.Tonyan,TE,GB,MIN,0,0,0.0,0,0.0,0.0,0.0,0,0.0,0,7,5,79.0,0,7.9,12.9,,,77.0,237.0,26.55311111111111,3.0,Indiana State,2017.0,2017.0,,,-6.0,0.18421052
2020,9,00-0033757,R.Tonyan,TE,GB,SF,0,0,0.0,0,0.0,0.0,0.0,0,0.0,0,1,1,5.0,0,0.5,1.5,,,77.0,237.0,26.55311111111111,3.0,Indiana State,2017.0,2017.0,,,,0.033333335
2020,10,00-0033757,R.Tonyan,TE,GB,JAX,0,0,0.0,0,0.0,0.0,0.0,0,0.0,0,4,3,33.0,0,3.3,6.3,,,77.0,237.0,26.55311111111111,3.0,Indiana State,2017.0,2017.0,,,4.0,0.121212125
2020,11,00-0033757,R.Tonyan,TE,GB,IND,0,0,0.0,0,0.0,0.0,0.0,0,0.0,0,5,5,44.0,1,10.4,15.4,,,77.0,237.0,26.55311111111111,3.0,Indiana State,2017.0,2017.0,,,,0.14285715
2020,12,00-0033757,R.Tonyan,TE,GB,CHI,0,0,0.0,0,0.0,0.0,0.0,0,0.0,0,5,5,67.0,1,12.7,17.7,,,77.0,237.0,26.55311111111111,3.0,Indiana State,2017.0,2017.0,,,16.0,0.1724138
2020,13,00-0033757,R.Tonyan,TE,GB,PHI,0,0,0.0,0,0.0,0.0,0.0,0,0.0,0,5,4,39.0,1,9.9,13.9,,,77.0,237.0,26.55311111111111,3.0,Indiana State,2017.0,2017.0,,,14.0,0.15625
2020,14,00-0033757,R.Tonyan,TE,GB,DET,0,0,0.0,0,0.0,0.0,0.0,0,0.0,0,5,5,36.0,1,9.6,14.6,,,77.0,237.0,26.55311111111111,3.0,Indiana State,2017.0,2017.0,,,,0.16129032
2020,15,00-0033757,R.Tonyan,TE,GB,CAR,0,0,0.0,0,0.0,0.0,0.0,0,0.0,0,3,3,18.0,1,7.8,10.8,,,77.0,237.0,26.55311111111111,3.0,Indiana State,2017.0,2017.0,,,8.0,0.115384616
2020,16,00-0033757,R.Tonyan,TE,GB,TEN,0,0,0.0,0,0.0,0.0,0.0,0,0.0,0,2,1,17.0,0,1.7,2.7,,,77.0,237.0,26.55311111111111,3.0,Indiana State,2017.0,2017.0,,,26.0,0.083333336
2020,17,00-0033757,R.Tonyan,TE,GB,CHI,0,0,0.0,0,0.0,0.0,0.0,0,0.0,0,2,2,18.0,1,7.8,9.8,,,77.0,237.0,26.55311111111111,3.0,Indiana State,2017.0,2017.0,,,,0.083333336
2020,19,00-0033757,R.Tonyan,TE,GB,LA,0,0,0.0,0,0.0,0.0,0.0,0,0.0,0,4,4,60.0,0,6.0,10.0,,,77.0,237.0,26.55311111111111,3.0,Indiana State,2017.0,2017.0,,,14.0,0.11764706
2020,20,00-0033757,R.Tonyan,TE,GB,TB,0,0,0.0,0,0.0,0.0,0.0,0,0.0,0,4,4,22.0,1,8.2,12.2,,,77.0,237.0,26.55311111111111,3.0,Indiana State,2017.0,2017.0,,,-5.0,0.08695652
2020,12,00-0033791,B.Wilson,FS,CIN,NYG,0,0,0.0,0,0.0,0.0,0.0,0,0.0,0,0,0,0.0,0,6.0,6.0,,,70.0,200.0,26.28575,3.0,Houston,2017.0,2017.0,CIN,207.0,-2.0,
2020,13,00-0033798,M.Schreck,TE,CIN,MIA,0,0,0.0,0,0.0,0.0,0.0,0,0.0,0,1,0,0.0,0,0.0,0.0,,,77.0,252.0,27.0111875,3.0,Buffalo,2017.0,2017.0,CIN,251.0,,0.037037037
2020,3,00-0033839,D.Westbrook,WR,JAX,MIA,0,0,0.0,0,0.0,0.0,0.0,0,0.0,0,1,1,4.0,0,0.4,1.4,,,72.0,176.0,26.96575,3.0,Oklahoma,2017.0,2017.0,JAX,110.0,-18.0,0.023809524
2020,13,00-0033840,C.Hansen,WR,HOU,IND,0,0,0.0,0,0.0,0.0,0.0,0,0.0,0,7,5,101.0,0,10.1,15.1,,,74.0,202.0,25.8070625,3.0,California,2017.0,2017.0,NYJ,141.0,-6.0,0.1891892
2020,14,00-0033840,C.Hansen,WR,HOU,CHI,0,0,0.0,0,0.0,0.0,0.0,0,0.0,0,7,7,56.0,0,5.6,12.6,,,74.0,202.0,25.8070625,3.0,California,2017.0,2017.0,NYJ,141.0,,0.25925925
2020,15,00-0033840,C.Hansen,WR,HOU,IND,0,0,0.0,0,0.0,0.0,0.0,0,0.0,0,3,2,55.0,1,11.5,13.5,,,74.0,202.0,25.8070625,3.0,California,2017.0,2017.0,NYJ,141.0,,0.078947365
2020,16,00-0033840,C.Hansen,WR,HOU,CIN,0,0,0.0,0,0.0,0.0,0.0,0,0.0,0,3,1,8.0,0,0.8,1.8,,,74.0,202.0,25.8070625,3.0,California,2017.0,2017.0,NYJ,141.0,-6.0,0.09090909
2020,17,00-0033840,C.Hansen,WR,HOU,TEN,0,0,0.0,0,0.0,0.0,0.0,0,0.0,0,4,2,16.0,0,1.6,3.6,,,74.0,202.0,25.8070625,3.0,California,2017.0,2017.0,NYJ,141.0,-3.0,0.1
2020,10,00-0033854,D.Ogunbowale,RB,JAX,GB,0,0,0.0,0,0.0,0.0,0.0,0,0.0,0,2,1,5.0,0,0.5,1.5,,,70.0,205.0,26.516750000000002,3.0,Wisconsin,2017.0,2017.0,,,,0.05882353
2020,11,00-0033854,D.Ogunbowale,RB,JAX,PIT,0,0,0.0,0,0.0,0.0,0.0,0,0.0,0,2,0,0.0,0,0.0,0.0,,,70.0,205.0,26.516750000000002,3.0,Wisconsin,2017.0,2017.0,,,-24.0,0.060606062
2020,13,00-0033854,D.Ogunbowale,RB,JAX,MIN,0,0,0.0,0,0.0,0.0,0.0,2,7.0,0,2,0,0.0,0,0.7,0.7,,,70.0,205.0,26.516750000000002,3.0,Wisconsin,2017.0,2017.0,,,,0.048780486
2020,14,00-0033854,D.Ogunbowale,RB,JAX,TEN,0,0,0.0,0,0.0,0.0,0.0,0,0.0,0,1,1,12.0,0,1.2,2.2,,,70.0,205.0,26.516750000000002,3.0,Wisconsin,2017.0,2017.0,,,-21.0,0.020408163
2020,15,00-0033854,D.Ogunbowale,RB,JAX,BAL,0,0,0.0,0,0.0,0.0,0.0,2,17.0,0,1,1,8.0,0,2.5,3.5,,,70.0,205.0,26.516750000000002,3.0,Wisconsin,2017.0,2017.0,,,,0.037037037
2020,16,00-0033854,D.Ogunbowale,RB,JAX,CHI,0,0,0.0,0,0.0,0.0,0.0,14,71.0,0,5,3,7.0,0,7.8,10.8,,,70.0,205.0,26.516750000000002,3.0,Wisconsin,2017.0,2017.0,,,-24.0,0.1388889
2020,17,00-0033854,D.Ogunbowale,RB,JAX,IND,0,0,0.0,0,0.0,0.0,0.0,14,50.0,0,7,4,22.0,0,7.2,11.2,,,70.0,205.0,26.516750000000002,3.0,Wisconsin,2017.0,2017.0,,,,0.175
2020,1,00-0033856,L.Fournette,RB,TB,NO,0,0,0.0,0,0.0,0.0,0.0,5,5.0,0,1,1,14.0,0,1.9,2.9,,,72.0,228.0,25.84395,3.0,Louisiana State,2017.0,2017.0,JAX,4.0,,0.029411765
2020,2,00-0033856,L.Fournette,RB,TB,CAR,0,0,0.0,0,0.0,0.0,0.0,12,103.0,2,5,4,13.0,0,23.6,27.6,,,72.0,228.0,25.84395,3.0,Louisiana State,2017.0,2017.0,JAX,4.0,14.0,0.14285715
2020,3,00-0033856,L.Fournette,RB,TB,DEN,0,0,0.0,0,0.0,0.0,0.0,7,15.0,0,2,2,7.0,0,2.2,4.2,,,72.0,228.0,25.84395,3.0,Louisiana State,2017.0,2017.0,JAX,4.0,,0.055555556
2020,7,00-0033856,L.Fournette,RB,TB,LV,0,0,0.0,0,0.0,0.0,0.0,11,50.0,0,7,6,47.0,0,9.7,15.7,,,72.0,228.0,25.84395,3.0,Louisiana State,2017.0,2017.0,JAX,4.0,,0.17073171
2020,8,00-0033856,L.Fournette,RB,TB,NYG,0,0,0.0,0,0.0,0.0,0.0,15,52.0,0,6,3,19.0,0,7.1,10.1,,,72.0,228.0,25.84395,3.0,Louisiana State,2017.0,2017.0,JAX,4.0,,0.15
2020,9,00-0033856,L.Fournette,RB,TB,NO,0,0,0.0,0,0.0,0.0,0.0,1,0.0,0,6,6,41.0,0,4.1,10.1,,,72.0,228.0,25.84395,3.0,Louisiana State,2017.0,2017.0,JAX,4.0,-35.0,0.16216215
2020,10,00-0033856,L.Fournette,RB,TB,CAR,0,0,0.0,0,0.0,0.0,0.0,8,19.0,0,3,2,11.0,0,3.0,5.0,,,72.0,228.0,25.84395,3.0,Louisiana State,2017.0,2017.0,JAX,4.0,,0.078947365
2020,11,00-0033856,L.Fournette,RB,TB,LA,0,0,0.0,0,0.0,0.0,0.0,7,17.0,1,4,1,9.0,0,8.6,9.6,,,72.0,228.0,25.84395,3.0,Louisiana State,2017.0,2017.0,JAX,4.0,-3.0,0.08510638
2020,12,00-0033856,L.Fournette,RB,TB,KC,0,0,0.0,0,0.0,0.0,0.0,3,10.0,0,3,3,10.0,0,2.0,5.0,,,72.0,228.0,25.84395,3.0,Louisiana State,2017.0,2017.0,JAX,4.0,-3.0,0.07317073
2020,15,00-0033856,L.Fournette,RB,TB,ATL,0,0,0.0,0,0.0,0.0,0.0,14,49.0,2,5,3,16.0,0,18.5,21.5,,,72.0,228.0,25.84395,3.0,Louisiana State,2017.0,2017.0,JAX,4.0,,0.11627907
2020,16,00-0033856,L.Fournette,RB,TB,DET,0,0,0.0,0,0.0,0.0,0.0,9,34.0,1,3,3,32.0,0,12.6,15.6,,,72.0,228.0,25.84395,3.0,Louisiana State,2017.0,2017.0,JAX,4.0,,0.07317073
2020,17,00-0033856,L.Fournette,RB,TB,ATL,0,0,0.0,0,0.0,0.0,0.0,5,13.0,0,2,2,14.0,0,2.7,4.7,,,72.0,228.0,25.84395,3.0,Louisiana State,2017.0,2017.0,JAX,4.0,17.0,0.05263158
2020,18,00-0033856,L.Fournette,RB,TB,WAS,0,0,0.0,0,0.0,0.0,0.0,19,93.0,1,4,4,39.0,0,19.2,23.2,,,72.0,228.0,25.84395,3.0,Louisiana State,2017.0,2017.0,JAX,4.0,,0.10526316
2020,19,00-0033856,L.Fournette,RB,TB,NO,0,0,0.0,0,0.0,0.0,0.0,17,63.0,0,6,5,44.0,1,16.7,21.7,,,72.0,228.0,25.84395,3.0,Louisiana State,2017.0,2017.0,JAX,4.0,,0.18181819
2020,20,00-0033856,L.Fournette,RB,TB,GB,0,0,0.0,0,0.0,0.0,0.0,12,55.0,1,7,5,19.0,0,13.4,18.4,,,72.0,228.0,25.84395,3.0,Louisiana State,2017.0,2017.0,JAX,4.0,,0.2
2020,21,00-0033856,L.Fournette,RB,TB,KC,0,0,0.0,0,0.0,0.0,0.0,16,89.0,1,4,4,46.0,0,19.5,23.5,,,72.0,228.0,25.84395,3.0,Louisiana State,2017.0,2017.0,JAX,4.0,22.0,0.13793103
2020,1,00-0033857,J.Smith-Schuster,WR,PIT,NYG,0,0,0.0,0,0.0,0.0,0.0,0,0.0,0,6,6,69.0,2,18.9,24.9,,,73.0,215.0,23.978411764705882,3.0,Southern California,2017.0,2017.0,PIT,62.0,,0.19354838
2020,2,00-0033857,J.Smith-Schuster,WR,PIT,DEN,0,0,0.0,0,0.0,0.0,0.0,0,0.0,0,8,7,48.0,0,4.8,11.8,,,73.0,215.0,23.978411764705882,3.0,Southern California,2017.0,2017.0,PIT,62.0,5.0,0.19512194
2020,3,00-0033857,J.Smith-Schuster,WR,PIT,HOU,0,0,0.0,0,0.0,0.0,0.0,0,0.0,0,5,4,43.0,1,12.3,16.3,,,73.0,215.0,23.978411764705882,3.0,Southern California,2017.0,2017.0,PIT,62.0,7.0,0.14285715
2020,5,00-0033857,J.Smith-Schuster,WR,PIT,PHI,0,0,0.0,0,0.0,0.0,0.0,0,0.0,0,5,4,28.0,0,2.8,6.8,,,73.0,215.0,23.978411764705882,3.0,Southern California,2017.0,2017.0,PIT,62.0,9.0,0.14705883
2020,6,00-0033857,J.Smith-Schuster,WR,PIT,CLE,0,0,0.0,0,0.0,0.0,0.0,0,0.0,0,4,2,6.0,0,0.6,2.6,,,73.0,215.0,23.978411764705882,3.0,Southern California,2017.0,2017.0,PIT,62.0,31.0,0.17391305
2020,7,00-0033857,J.Smith-Schuster,WR,PIT,TEN,0,0,0.0,0,0.0,0.0,0.0,0,0.0,0,14,9,85.0,0,8.5,17.5,,,73.0,215.0,23.978411764705882,3.0,Southern California,2017.0,2017.0,PIT,62.0,,0.2857143
2020,8,00-0033857,J.Smith-Schuster,WR,PIT,BAL,0,0,0.0,0,0.0,0.0,0.0,0,0.0,0,8,7,67.0,0,6.7,13.7,,,73.0,215.0,23.978411764705882,3.0,Southern California,2017.0,2017.0,PIT,62.0,,0.25
2020,9,00-0033857,J.Smith-Schuster,WR,PIT,DAL,0,0,0.0,0,0.0,0.0,0.0,0,0.0,0,7,6,93.0,1,15.3,21.3,,,73.0,215.0,23.978411764705882,3.0,Southern California,2017.0,2017.0,PIT,62.0,,0.15555556
2020,10,00-0033857,J.Smith-Schuster,WR,PIT,CIN,0,0,0.0,0,0.0,0.0,0.0,0,0.0,0,13,9,77.0,1,13.7,22.7,,,73.0,215.0,23.978411764705882,3.0,Southern California,2017.0,2017.0,PIT,62.0,26.0,0.2826087
2020,11,00-0033857,J.Smith-Schuster,WR,PIT,JAX,0,0,0.0,0,0.0,0.0,0.0,0,0.0,0,5,4,19.0,0,1.9,5.9,,,73.0,215.0,23.978411764705882,3.0,Southern California,2017.0,2017.0,PIT,62.0,,0.10869565
2020,12,00-0033857,J.Smith-Schuster,WR,PIT,BAL,0,0,0.0,0,0.0,0.0,0.0,0,0.0,0,9,8,37.0,1,9.7,17.7,,,73.0,215.0,23.978411764705882,3.0,Southern California,2017.0,2017.0,PIT,62.0,5.0,0.1764706
2020,13,00-0033857,J.Smith-Schuster,WR,PIT,WAS,0,0,0.0,0,0.0,0.0,0.0,0,0.0,0,10,7,28.0,0,2.8,9.8,,,73.0,215.0,23.978411764705882,3.0,Southern California,2017.0,2017.0,PIT,62.0,-6.0,0.18867925
2020,14,00-0033857,J.Smith-Schuster,WR,PIT,BUF,0,0,0.0,0,0.0,0.0,0.0,0,0.0,0,7,6,55.0,1,11.5,17.5,,,73.0,215.0,23.978411764705882,3.0,Southern California,2017.0,2017.0,PIT,62.0,,0.1891892
2020,15,00-0033857,J.Smith-Schuster,WR,PIT,CIN,0,0,0.0,0,0.0,0.0,0.0,0,0.0,0,6,3,15.0,0,-0.5,2.5,,,73.0,215.0,23.978411764705882,3.0,Southern California,2017.0,2017.0,PIT,62.0,,0.15789473
2020,16,00-0033857,J.Smith-Schuster,WR,PIT,IND,0,0,0.0,0,0.0,0.0,0.0,0,0.0,0,13,9,96.0,1,15.6,24.6,,,73.0,215.0,23.978411764705882,3.0,Southern California,2017.0,2017.0,PIT,62.0,4.0,0.26530612
2020,17,00-0033857,J.Smith-Schuster,WR,PIT,CLE,0,0,0.0,0,0.0,0.0,0.0,0,0.0,0,8,6,65.0,1,12.5,18.5,,,73.0,215.0,23.978411764705882,3.0,Southern California,2017.0,2017.0,PIT,62.0,,0.1904762
2020,18,00-0033857,J.Smith-Schuster,WR,PIT,CLE,0,0,0.0,0,0.0,0.0,0.0,0,0.0,0,19,13,157.0,1,21.7,34.7,,,73.0,215.0,23.978411764705882,3.0,Southern California,2017.0,2017.0,PIT,62.0,-11.0,0.27941176
2020,1,00-0033858,J.Smith,TE,TEN,DEN,0,0,0.0,0,0.0,0.0,0.0,0,0.0,0,7,4,36.0,1,9.6,13.6,,,75.0,248.0,25.23135294117647,3.0,Florida International,2017.0,2017.0,TEN,100.0,,0.175
2020,2,00-0033858,J.Smith,TE,TEN,JAX,0,0,0.0,0,0.0,0.0,0.0,0,0.0,0,5,4,84.0,2,20.4,24.4,,,75.0,248.0,25.23135294117647,3.0,Florida International,2017.0,2017.0,TEN,100.0,3.0,0.20833333
2020,3,00-0033858,J.Smith,TE,TEN,MIN,0,0,0.0,0,0.0,0.0,0.0,0,0.0,0,8,5,61.0,0,6.1,11.1,,,75.0,248.0,25.23135294117647,3.0,Florida International,2017.0,2017.0,TEN,100.0,,0.24242425
2020,5,00-0033858,J.Smith,TE,TEN,BUF,0,0,0.0,0,0.0,0.0,0.0,0,0.0,0,7,5,40.0,2,16.0,21.0,,,75.0,248.0,25.23135294117647,3.0,Florida International,2017.0,2017.0,TEN,100.0,26.0,0.25
2020,6,00-0033858,J.Smith,TE,TEN,HOU,0,0,0.0,0,0.0,0.0,0.0,0,0.0,0,2,1,13.0,0,1.3,2.3,,,75.0,248.0,25.23135294117647,3.0,Florida International,2017.0,2017.0,TEN,100.0,6.0,0.048780486
2020,7,00-0033858,J.Smith,TE,TEN,PIT,0,0,0.0,0,0.0,0.0,0.0,0,0.0,0,4,1,9.0,0,0.9,1.9,,,75.0,248.0,25.23135294117647,3.0,Florida International,2017.0,2017.0,TEN,100.0,-3.0,0.13333334
2020,8,00-0033858,J.Smith,TE,TEN,CIN,0,0,0.0,0,0.0,0.0,0.0,0,0.0,0,2,2,29.0,0,2.9,4.9,,,75.0,248.0,25.23135294117647,3.0,Florida International,2017.0,2017.0,TEN,100.0,,0.06896552
2020,9,00-0033858,J.Smith,TE,TEN,CHI,0,0,0.0,0,0.0,0.0,0.0,0,0.0,0,2,2,32.0,1,9.2,11.2,,,75.0,248.0,25.23135294117647,3.0,Florida International,2017.0,2017.0,TEN,100.0,7.0,0.0952381
2020,10,00-0033858,J.Smith,TE,TEN,IND,0,0,0.0,0,0.0,0.0,0.0,1,1.0,1,6,2,14.0,0,7.5,9.5,,,75.0,248.0,25.23135294117647,3.0,Florida International,2017.0,2017.0,TEN,100.0,-17.0,0.22222222
2020,11,00-0033858,J.Smith,TE,TEN,BAL,0,0,0.0,0,0.0,0.0,0.0,0,0.0,0,6,4,20.0,1,8.0,12.0,,,75.0,248.0,25.23135294117647,3.0,Florida International,2017.0,2017.0,TEN,100.0,,0.1875
2020,14,00-0033858,J.Smith,TE,TEN,JAX,0,0,0.0,0,0.0,0.0,0.0,1,3.0,0,2,2,20.0,0,2.3,4.3,,,75.0,248.0,25.23135294117647,3.0,Florida International,2017.0,2017.0,TEN,100.0,,0.08695652
2020,15,00-0033858,J.Smith,TE,TEN,DET,0,0,0.0,0,0.0,0.0,0.0,0,0.0,0,5,5,52.0,0,5.2,10.2,,,75.0,248.0,25.23135294117647,3.0,Florida International,2017.0,2017.0,TEN,100.0,21.0,0.1923077
2020,16,00-0033858,J.Smith,TE,TEN,GB,0,0,0.0,0,0.0,0.0,0.0,0,0.0,0,7,3,30.0,1,9.0,12.0,,,75.0,248.0,25.23135294117647,3.0,Florida International,2017.0,2017.0,TEN,100.0,,0.28
2020,17,00-0033858,J.Smith,TE,TEN,HOU,0,0,0.0,0,0.0,0.0,0.0,0,0.0,0,2,1,8.0,0,0.8,1.8,,,75.0,248.0,25.23135294117647,3.0,Florida International,2017.0,2017.0,TEN,100.0,,0.074074075
2020,18,00-0033858,J.Smith,TE,TEN,BAL,0,0,0.0,0,0.0,0.0,0.0,0,0.0,0,3,2,9.0,0,0.9,2.9,,,75.0,248.0,25.23135294117647,3.0,Florida International,2017.0,2017.0,TEN,100.0,-7.0,0.115384616
2020,2,00-0033859,J.Malone,WR,NYJ,SF,0,0,0.0,0,0.0,0.0,0.0,1,12.0,0,6,4,16.0,0,2.8,6.8,,,75.0,205.0,24.63375,3.0,Tennessee,2017.0,2017.0,CIN,128.0,-18.0,0.1875
2020,1,00-0033869,M.Trubisky,QB,CHI,DET,20,36,242.0,3,0.0,1.0,28.0,3,26.0,0,0,0,0.0,0,24.28,24.28,,,74.0,215.0,26.228117647058824,3.0,North Carolina,2017.0,2017.0,CHI,2.0,,
2020,2,00-0033869,M.Trubisky,QB,CHI,NYG,18,28,190.0,2,2.0,4.0,21.0,4,16.0,0,0,0,0.0,0,13.2,13.2,,,74.0,215.0,26.228117647058824,3.0,North Carolina,2017.0,2017.0,CHI,2.0,4.0,
2020,3,00-0033869,M.Trubisky,QB,CHI,ATL,13,22,128.0,1,1.0,2.0,9.0,1,45.0,0,0,0,0.0,0,11.62,11.62,,,74.0,215.0,26.228117647058824,3.0,North Carolina,2017.0,2017.0,CHI,2.0,,
2020,8,00-0033869,M.Trubisky,QB,CHI,NO,0,0,0.0,0,0.0,0.0,0.0,1,3.0,0,0,0,0.0,0,0.3,0.3,,,74.0,215.0,26.228117647058824,3.0,North Carolina,2017.0,2017.0,CHI,2.0,-3.0,
2020,12,00-0033869,M.Trubisky,QB,CHI,GB,26,46,242.0,3,2.0,3.0,13.0,3,10.0,0,0,0,0.0,0,18.68,18.68,,,74.0,215.0,26.228117647058824,3.0,North Carolina,2017.0,2017.0,CHI,2.0,,
2020,13,00-0033869,M.Trubisky,QB,CHI,DET,26,34,267.0,1,0.0,2.0,18.0,3,6.0,0,0,0,0.0,0,13.28,13.28,,,74.0,215.0,26.228117647058824,3.0,North Carolina,2017.0,2017.0,CHI,2.0,-4.0,
2020,14,00-0033869,M.Trubisky,QB,CHI,HOU,24,33,267.0,3,0.0,3.0,26.0,4,23.0,0,0,0,0.0,0,24.98,24.98,,,74.0,215.0,26.228117647058824,3.0,North Carolina,2017.0,2017.0,CHI,2.0,29.0,
2020,15,00-0033869,M.Trubisky,QB,CHI,MIN,15,21,202.0,1,1.0,1.0,4.0,8,34.0,0,0,0,0.0,0,13.48,13.48,,,74.0,215.0,26.228117647058824,3.0,North Carolina,2017.0,2017.0,CHI,2.0,,
2020,16,00-0033869,M.Trubisky,QB,CHI,JAX,24,35,265.0,2,1.0,1.0,2.0,2,10.0,1,0,0,0.0,0,23.6,23.6,,,74.0,215.0,26.228117647058824,3.0,North Carolina,2017.0,2017.0,CHI,2.0,,
2020,17,00-0033869,M.Trubisky,QB,CHI,GB,33,42,252.0,0,1.0,1.0,4.0,4,22.0,0,0,0,0.0,0,10.28,10.28,,,74.0,215.0,26.228117647058824,3.0,North Carolina,2017.0,2017.0,CHI,2.0,-19.0,
2020,18,00-0033869,M.Trubisky,QB,CHI,NO,19,29,199.0,1,0.0,1.0,8.0,3,10.0,0,0,0,0.0,0,12.96,12.96,,,74.0,215.0,26.228117647058824,3.0,North Carolina,2017.0,2017.0,CHI,2.0,,
2020,1,00-0033871,C.Davis,WR,TEN,DEN,0,0,0.0,0,0.0,0.0,0.0,0,0.0,0,8,7,101.0,0,10.1,17.1,,,75.0,209.0,25.841941176470588,3.0,Western Michigan,2017.0,2017.0,TEN,5.0,,0.2
2020,2,00-0033871,C.Davis,WR,TEN,JAX,0,0,0.0,0,0.0,0.0,0.0,0,0.0,0,5,3,36.0,1,9.6,12.6,,,75.0,209.0,25.841941176470588,3.0,Western Michigan,2017.0,2017.0,TEN,5.0,3.0,0.20833333
2020,3,00-0033871,C.Davis,WR,TEN,MIN,0,0,0.0,0,0.0,0.0,0.0,0,0.0,0,6,5,69.0,0,6.9,11.9,,,75.0,209.0,25.841941176470588,3.0,Western Michigan,2017.0,2017.0,TEN,5.0,,0.18181819
2020,7,00-0033871,C.Davis,WR,TEN,PIT,0,0,0.0,0,0.0,0.0,0.0,0,0.0,0,10,6,35.0,1,9.5,15.5,,,75.0,209.0,25.841941176470588,3.0,Western Michigan,2017.0,2017.0,TEN,5.0,-3.0,0.33333334
2020,8,00-0033871,C.Davis,WR,TEN,CIN,0,0,0.0,0,0.0,0.0,0.0,0,0.0,0,10,8,128.0,1,18.8,26.8,,,75.0,209.0,25.841941176470588,3.0,Western Michigan,2017.0,2017.0,TEN,5.0,,0.3448276
2020,9,00-0033871,C.Davis,WR,TEN,CHI,0,0,0.0,0,0.0,0.0,0.0,0,0.0,0,3,0,0.0,0,0.0,0.0,,,75.0,209.0,25.841941176470588,3.0,Western Michigan,2017.0,2017.0,TEN,5.0,7.0,0.14285715
2020,10,00-0033871,C.Davis,WR,TEN,IND,0,0,0.0,0,0.0,0.0,0.0,0,0.0,0,6,5,67.0,0,6.7,11.7,,,75.0,209.0,25.841941176470588,3.0,Western Michigan,2017.0,2017.0,TEN,5.0,-17.0,0.22222222
2020,11,00-0033871,C.Davis,WR,TEN,BAL,0,0,0.0,0,0.0,0.0,0.0,0,0.0,0,7,5,113.0,0,11.3,16.3,,,75.0,209.0,25.841941176470588,3.0,Western Michigan,2017.0,2017.0,TEN,5.0,,0.21875
2020,12,00-0033871,C.Davis,WR,TEN,IND,0,0,0.0,0,0.0,0.0,0.0,0,0.0,0,3,3,70.0,0,7.0,10.0,,,75.0,209.0,25.841941176470588,3.0,Western Michigan,2017.0,2017.0,TEN,5.0,,0.15
2020,13,00-0033871,C.Davis,WR,TEN,CLE,0,0,0.0,0,0.0,0.0,0.0,0,0.0,0,12,11,182.0,1,24.2,35.2,,,75.0,209.0,25.841941176470588,3.0,Western Michigan,2017.0,2017.0,TEN,5.0,-6.0,0.2857143
2020,14,00-0033871,C.Davis,WR,TEN,JAX,0,0,0.0,0,0.0,0.0,0.0,0,0.0,0,3,3,34.0,0,1.4,4.4,,,75.0,209.0,25.841941176470588,3.0,Western Michigan,2017.0,2017.0,TEN,5.0,,0.13043478
2020,15,00-0033871,C.Davis,WR,TEN,DET,0,0,0.0,0,0.0,0.0,0.0,0,0.0,0,6,4,110.0,1,17.0,21.0,,,75.0,209.0,25.841941176470588,3.0,Western Michigan,2017.0,2017.0,TEN,5.0,21.0,0.23076923
2020,16,00-0033871,C.Davis,WR,TEN,GB,0,0,0.0,0,0.0,0.0,0.0,0,0.0,0,2,0,0.0,0,0.0,0.0,,,75.0,209.0,25.841941176470588,3.0,Western Michigan,2017.0,2017.0,TEN,5.0,,0.08
2020,17,00-0033871,C.Davis,WR,TEN,HOU,0,0,0.0,0,0.0,0.0,0.0,0,0.0,0,11,5,39.0,0,3.9,8.9,,,75.0,209.0,25.841941176470588,3.0,Western Michigan,2017.0,2017.0,TEN,5.0,,0.4074074
2020,18,00-0033871,C.Davis,WR,TEN,BAL,0,0,0.0,0,0.0,0.0,0.0,0,0.0,0,2,0,0.0,0,0.0,0.0,,,75.0,209.0,25.841941176470588,3.0,Western Michigan,2017.0,2017.0,TEN,5.0,-7.0,0.07692308
2020,1,00-0033873,P.Mahomes,QB,KC,HOU,24,32,211.0,3,0.0,1.0,8.0,0,0.0,0,0,0,0.0,0,20.44,20.44,,,75.0,230.0,25.177684210526316,3.0,Texas Tech,2017.0,2017.0,KC,10.0,14.0,
2020,2,00-0033873,P.Mahomes,QB,KC,LAC,27,47,302.0,2,0.0,1.0,13.0,6,54.0,0,0,0,0.0,0,27.48,27.48,,,75.0,230.0,25.177684210526316,3.0,Texas Tech,2017.0,2017.0,KC,10.0,,
2020,3,00-0033873,P.Mahomes,QB,KC,BAL,31,42,385.0,4,0.0,0.0,-0.0,4,26.0,1,0,0,0.0,0,40.0,40.0,,,75.0,230.0,25.177684210526316,3.0,Texas Tech,2017.0,2017.0,KC,10.0,,
2020,4,00-0033873,P.Mahomes,QB,KC,NE,19,29,236.0,2,0.0,1.0,7.0,8,28.0,0,0,0,0.0,0,20.24,20.24,,,75.0,230.0,25.177684210526316,3.0,Texas Tech,2017.0,2017.0,KC,10.0,16.0,
2020,5,00-0033873,P.Mahomes,QB,KC,LV,22,43,340.0,2,1.0,3.0,7.0,6,21.0,1,0,0,0.0,0,29.7,29.7,,,75.0,230.0,25.177684210526316,3.0,Texas Tech,2017.0,2017.0,KC,10.0,-8.0,
2020,6,00-0033873,P.Mahomes,QB,KC,BUF,21,26,225.0,2,0.0,1.0,4.0,10,36.0,0,0,0,0.0,0,20.6,20.6,,,75.0,230.0,25.177684210526316,3.0,Texas Tech,2017.0,2017.0,KC,10.0,,
2020,7,00-0033873,P.Mahomes,QB,KC,DEN,15,23,200.0,1,0.0,3.0,25.0,0,0.0,0,0,0,0.0,0,12.0,12.0,,,75.0,230.0,25.177684210526316,3.0,Texas Tech,2017.0,2017.0,KC,10.0,,
2020,8,00-0033873,P.Mahomes,QB,KC,NYJ,31,42,416.0,5,0.0,0.0,-0.0,0,0.0,0,0,0,0.0,0,36.64,36.64,,,75.0,230.0,25.177684210526316,3.0,Texas Tech,2017.0,2017.0,KC,10.0,26.0,
2020,9,00-0033873,P.Mahomes,QB,KC,CAR,30,45,372.0,4,0.0,2.0,11.0,1,6.0,0,0,0,0.0,0,31.48,31.48,,,75.0,230.0,25.177684210526316,3.0,Texas Tech,2017.0,2017.0,KC,10.0,2.0,
2020,11,00-0033873,P.Mahomes,QB,KC,LV,34,45,348.0,2,1.0,0.0,-0.0,4,16.0,0,0,0,0.0,0,21.52,21.52,,,75.0,230.0,25.177684210526316,3.0,Texas Tech,2017.0,2017.0,KC,10.0,,
2020,12,00-0033873,P.Mahomes,QB,KC,TB,37,49,462.0,3,0.0,2.0,6.0,4,28.0,0,1,0,0.0,0,31.28,31.28,,,75.0,230.0,25.177684210526316,3.0,Texas Tech,2017.0,2017.0,KC,10.0,,0.02173913
2020,13,00-0033873,P.Mahomes,QB,KC,DEN,25,40,318.0,1,0.0,1.0,5.0,4,26.0,0,0,0,0.0,0,19.32,19.32,,,75.0,230.0,25.177684210526316,3.0,Texas Tech,2017.0,2017.0,KC,10.0,6.0,
2020,14,00-0033873,P.Mahomes,QB,KC,MIA,24,34,393.0,2,3.0,3.0,39.0,5,9.0,0,0,0,0.0,0,18.62,18.62,,,75.0,230.0,25.177684210526316,3.0,Texas Tech,2017.0,2017.0,KC,10.0,,
2020,15,00-0033873,P.Mahomes,QB,KC,NO,26,47,254.0,3,0.0,4.0,22.0,7,37.0,0,0,0,0.0,0,25.86,25.86,,,75.0,230.0,25.177684210526316,3.0,Texas Tech,2017.0,2017.0,KC,10.0,,
2020,16,00-0033873,P.Mahomes,QB,KC,ATL,24,44,278.0,2,1.0,0.0,-0.0,3,21.0,0,1,0,0.0,0,19.22,19.22,,,75.0,230.0,25.177684210526316,3.0,Texas Tech,2017.0,2017.0,KC,10.0,3.0,0.023809524
2020,19,00-0033873,P.Mahomes,QB,KC,CLE,21,30,255.0,1,0.0,0.0,-0.0,3,14.0,1,0,0,0.0,0,21.6,21.6,,,75.0,230.0,25.177684210526316,3.0,Texas Tech,2017.0,2017.0,KC,10.0,5.0,
2020,20,00-0033873,P.Mahomes,QB,KC,BUF,29,38,325.0,3,0.0,1.0,-0.0,5,5.0,0,0,0,0.0,0,25.5,25.5,,,75.0,230.0,25.177684210526316,3.0,Texas Tech,2017.0,2017.0,KC,10.0,14.0,
2020,21,00-0033873,P.Mahomes,QB,KC,TB,26,49,270.0,0,2.0,3.0,27.0,5,33.0,0,0,0,0.0,0,10.1,10.1,,,75.0,230.0,25.177684210526316,3.0,Texas Tech,2017.0,2017.0,KC,10.0,,
2020,1,00-0033879,O.Howard,TE,TB,NO,0,0,0.0,0,0.0,0.0,0.0,0,0.0,0,6,4,36.0,1,9.6,13.6,,,78.0,251.0,26.01095,3.0,Alabama,2017.0,2017.0,TB,19.0,,0.1764706
2020,2,00-0033879,O.Howard,TE,TB,CAR,0,0,0.0,0,0.0,0.0,0.0,0,0.0,0,3,1,11.0,0,1.1,2.1,,,78.0,251.0,26.01095,3.0,Alabama,2017.0,2017.0,TB,19.0,14.0,0.08571429
2020,3,00-0033879,O.Howard,TE,TB,DEN,0,0,0.0,0,0.0,0.0,0.0,0,0.0,0,4,3,49.0,0,4.9,7.9,,,78.0,251.0,26.01095,3.0,Alabama,2017.0,2017.0,TB,19.0,,0.11111111
2020,4,00-0033879,O.Howard,TE,TB,LAC,0,0,0.0,0,0.0,0.0,0.0,0,0.0,0,6,3,50.0,1,11.0,14.0,,,78.0,251.0,26.01095,3.0,Alabama,2017.0,2017.0,TB,19.0,7.0,0.13333334
2020,1,00-0033881,E.Engram,TE,NYG,PIT,0,0,0.0,0,0.0,0.0,0.0,0,0.0,0,7,2,9.0,0,0.9,2.9,,,75.0,240.0,26.1821875,3.0,Mississippi,2017.0,2017.0,NYG,23.0,-10.0,0.17948718
2020,2,00-0033881,E.Engram,TE,NYG,CHI,0,0,0.0,0,0.0,0.0,0.0,0,0.0,0,8,6,65.0,0,6.5,12.5,,,75.0,240.0,26.1821875,3.0,Mississippi,2017.0,2017.0,NYG,23.0,,0.22222222
2020,3,00-0033881,E.Engram,TE,NYG,SF,0,0,0.0,0,0.0,0.0,0.0,0,0.0,0,5,3,22.0,0,2.2,5.2,,,75.0,240.0,26.1821875,3.0,Mississippi,2017.0,2017.0,NYG,23.0,-27.0,0.16129032
2020,4,00-0033881,E.Engram,TE,NYG,LA,0,0,0.0,0,0.0,0.0,0.0,0,0.0,0,10,6,35.0,0,3.5,9.5,,,75.0,240.0,26.1821875,3.0,Mississippi,2017.0,2017.0,NYG,23.0,,0.2777778
2020,5,00-0033881,E.Engram,TE,NYG,DAL,0,0,0.0,0,0.0,0.0,0.0,2,9.0,1,2,1,16.0,0,8.5,9.5,,,75.0,240.0,26.1821875,3.0,Mississippi,2017.0,2017.0,NYG,23.0,,0.06896552
2020,6,00-0033881,E.Engram,TE,NYG,WAS,0,0,0.0,0,0.0,0.0,0.0,0,0.0,0,3,2,30.0,0,3.0,5.0,,,75.0,240.0,26.1821875,3.0,Mississippi,2017.0,2017.0,NYG,23.0,1.0,0.16666667
2020,7,00-0033881,E.Engram,TE,NYG,PHI,0,0,0.0,0,0.0,0.0,0.0,2,3.0,0,9,6,46.0,0,4.9,10.9,,,75.0,240.0,26.1821875,3.0,Mississippi,2017.0,2017.0,NYG,23.0,,0.32142857
2020,8,00-0033881,E.Engram,TE,NYG,TB,0,0,0.0,0,0.0,0.0,0.0,1,9.0,0,10,5,61.0,0,7.0,12.0,,,75.0,240.0,26.1821875,3.0,Mississippi,2017.0,2017.0,NYG,23.0,-2.0,0.24390244
2020,9,00-0033881,E.Engram,TE,NYG,WAS,0,0,0.0,0,0.0,0.0,0.0,0,0.0,0,10,5,48.0,1,10.8,15.8,,,75.0,240.0,26.1821875,3.0,Mississippi,2017.0,2017.0,NYG,23.0,,0.3030303
2020,10,00-0033881,E.Engram,TE,NYG,PHI,0,0,0.0,0,0.0,0.0,0.0,0,0.0,0,3,2,15.0,0,1.5,3.5,,,75.0,240.0,26.1821875,3.0,Mississippi,2017.0,2017.0,NYG,23.0,10.0,0.10714286
2020,12,00-0033881,E.Engram,TE,NYG,CIN,0,0,0.0,0,0.0,0.0,0.0,0,0.0,0,9,6,129.0,0,10.9,16.9,,,75.0,240.0,26.1821875,3.0,Mississippi,2017.0,2017.0,NYG,23.0,,0.24324325
2020,13,00-0033881,E.Engram,TE,NYG,SEA,0,0,0.0,0,0.0,0.0,0.0,0,0.0,0,8,4,32.0,0,3.2,7.2,,,75.0,240.0,26.1821875,3.0,Mississippi,2017.0,2017.0,NYG,23.0,,0.36363637
2020,14,00-0033881,E.Engram,TE,NYG,ARI,0,0,0.0,0,0.0,0.0,0.0,0,0.0,0,4,2,18.0,0,1.8,3.8,,,75.0,240.0,26.1821875,3.0,Mississippi,2017.0,2017.0,NYG,23.0,-19.0,0.16666667
2020,15,00-0033881,E.Engram,TE,NYG,CLE,0,0,0.0,0,0.0,0.0,0.0,0,0.0,0,7,4,46.0,0,4.6,8.6,,,75.0,240.0,26.1821875,3.0,Mississippi,2017.0,2017.0,NYG,23.0,-14.0,0.21875
2020,16,00-0033881,E.Engram,TE,NYG,BAL,0,0,0.0,0,0.0,0.0,0.0,1,5.0,0,10,7,65.0,0,7.0,14.0,,,75.0,240.0,26.1821875,3.0,Mississippi,2017.0,2017.0,NYG,23.0,,0.24390244
2020,17,00-0033881,E.Engram,TE,NYG,DAL,0,0,0.0,0,0.0,0.0,0.0,0,0.0,0,4,2,17.0,0,1.7,3.7,,,75.0,240.0,26.1821875,3.0,Mississippi,2017.0,2017.0,NYG,23.0,4.0,0.16
2020,1,00-0033885,D.Njoku,TE,CLE,BAL,0,0,0.0,0,0.0,0.0,0.0,0,0.0,0,3,3,50.0,1,11.0,14.0,,,76.0,246.0,24.351222222222223,3.0,Miami,2017.0,2017.0,CLE,29.0,,0.08571429
2020,5,00-0033885,D.Njoku,TE,CLE,IND,0,0,0.0,0,0.0,0.0,0.0,0,0.0,0,1,1,6.0,0,0.6,1.6,,,76.0,246.0,24.351222222222223,3.0,Miami,2017.0,2017.0,CLE,29.0,9.0,0.02631579
2020,6,00-0033885,D.Njoku,TE,CLE,PIT,0,0,0.0,0,0.0,0.0,0.0,0,0.0,0,3,1,7.0,0,0.7,1.7,,,76.0,246.0,24.351222222222223,3.0,Miami,2017.0,2017.0,CLE,29.0,,0.115384616
2020,7,00-0033885,D.Njoku,TE,CLE,CIN,0,0,0.0,0,0.0,0.0,0.0,0,0.0,0,3,2,20.0,1,8.0,10.0,,,76.0,246.0,24.351222222222223,3.0,Miami,2017.0,2017.0,CLE,29.0,,0.10714286
2020,8,00-0033885,D.Njoku,TE,CLE,LV,0,0,0.0,0,0.0,0.0,0.0,0,0.0,0,3,1,19.0,0,1.9,2.9,,,76.0,246.0,24.351222222222223,3.0,Miami,2017.0,2017.0,CLE,29.0,-10.0,0.12
2020,11,00-0033885,D.Njoku,TE,CLE,PHI,0,0,0.0,0,0.0,0.0,0.0,0,0.0,0,1,0,0.0,0,0.0,0.0,,,76.0,246.0,24.351222222222223,3.0,Miami,2017.0,2017.0,CLE,29.0,5.0,0.055555556
2020,13,00-0033885,D.Njoku,TE,CLE,TEN,0,0,0.0,0,0.0,0.0,0.0,0,0.0,0,1,1,5.0,0,0.5,1.5,,,76.0,246.0,24.351222222222223,3.0,Miami,2017.0,2017.0,CLE,29.0,,0.03125
2020,14,00-0033885,D.Njoku,TE,CLE,BAL,0,0,0.0,0,0.0,0.0,0.0,0,0.0,0,4,3,45.0,0,4.5,7.5,,,76.0,246.0,24.351222222222223,3.0,Miami,2017.0,2017.0,CLE,29.0,-5.0,0.09090909
2020,15,00-0033885,D.Njoku,TE,CLE,NYG,0,0,0.0,0,0.0,0.0,0.0,0,0.0,0,1,1,22.0,0,2.2,3.2,,,76.0,246.0,24.351222222222223,3.0,Miami,2017.0,2017.0,CLE,29.0,,0.033333335
2020,16,00-0033885,D.Njoku,TE,CLE,NYJ,0,0,0.0,0,0.0,0.0,0.0,0,0.0,0,4,4,26.0,0,2.6,6.6,,,76.0,246.0,24.351222222222223,3.0,Miami,2017.0,2017.0,CLE,29.0,,0.08
2020,17,00-0033885,D.Njoku,TE,CLE,PIT,0,0,0.0,0,0.0,0.0,0.0,0,0.0,0,5,2,13.0,0,1.3,3.3,,,76.0,246.0,24.351222222222223,3.0,Miami,2017.0,2017.0,CLE,29.0,2.0,0.1923077
2020,18,00-0033885,D.Njoku,TE,CLE,PIT,0,0,0.0,0,0.0,0.0,0.0,0,0.0,0,1,1,7.0,0,0.7,1.7,,,76.0,246.0,24.351222222222223,3.0,Miami,2017.0,2017.0,CLE,29.0,,0.029411765
2020,19,00-0033885,D.Njoku,TE,CLE,KC,0,0,0.0,0,0.0,0.0,0.0,0,0.0,0,5,4,59.0,0,5.9,9.9,,,76.0,246.0,24.351222222222223,3.0,Miami,2017.0,2017.0,CLE,29.0,,0.14705883
2020,2,00-0033891,Z.Jones,WR,LV,NO,0,0,0.0,0,0.0,0.0,0.0,0,0.0,0,1,1,15.0,1,7.5,8.5,,,74.0,200.0,25.615625,3.0,East Carolina,2017.0,2017.0,BUF,37.0,10.0,0.029411765
2020,3,00-0033891,Z.Jones,WR,LV,NE,0,0,0.0,0,0.0,0.0,0.0,0,0.0,0,3,3,32.0,0,3.2,6.2,,,74.0,200.0,25.615625,3.0,East Carolina,2017.0,2017.0,BUF,37.0,,0.09375
2020,4,00-0033891,Z.Jones,WR,LV,BUF,0,0,0.0,0,0.0,0.0,0.0,0,0.0,0,7,4,32.0,0,3.2,7.2,,,74.0,200.0,25.615625,3.0,East Carolina,2017.0,2017.0,BUF,37.0,-7.0,0.1627907
2020,5,00-0033891,Z.Jones,WR,LV,KC,0,0,0.0,0,0.0,0.0,0.0,0,0.0,0,1,1,2.0,0,0.2,1.2,,,74.0,200.0,25.615625,3.0,East Carolina,2017.0,2017.0,BUF,37.0,,0.032258064
2020,10,00-0033891,Z.Jones,WR,LV,DEN,0,0,0.0,0,0.0,0.0,0.0,0,0.0,0,1,1,6.0,0,0.6,1.6,,,74.0,200.0,25.615625,3.0,East Carolina,2017.0,2017.0,BUF,37.0,25.0,0.045454547
2020,11,00-0033891,Z.Jones,WR,LV,KC,0,0,0.0,0,0.0,0.0,0.0,0,0.0,0,1,1,18.0,0,1.8,2.8,,,74.0,200.0,25.615625,3.0,East Carolina,2017.0,2017.0,BUF,37.0,-4.0,0.03448276
2020,12,00-0033891,Z.Jones,WR,LV,ATL,0,0,0.0,0,0.0,0.0,0.0,0,0.0,0,1,1,3.0,0,0.3,1.3,,,74.0,200.0,25.615625,3.0,East Carolina,2017.0,2017.0,BUF,37.0,,0.027027028
2020,13,00-0033891,Z.Jones,WR,LV,NYJ,0,0,0.0,0,0.0,0.0,0.0,0,0.0,0,1,0,0.0,0,0.0,0.0,,,74.0,200.0,25.615625,3.0,East Carolina,2017.0,2017.0,BUF,37.0,,0.02173913
2020,14,00-0033891,Z.Jones,WR,LV,IND,1,1,29.0,0,0.0,0.0,-0.0,0,0.0,0,0,0,0.0,0,1.16,1.16,,,74.0,200.0,25.615625,3.0,East Carolina,2017.0,2017.0,BUF,37.0,-17.0,
2020,15,00-0033891,Z.Jones,WR,LV,LAC,0,0,0.0,0,0.0,0.0,0.0,0,0.0,0,2,1,9.0,0,0.9,1.9,,,74.0,200.0,25.615625,3.0,East Carolina,2017.0,2017.0,BUF,37.0,-3.0,0.06666667
2020,17,00-0033891,Z.Jones,WR,LV,DEN,0,0,0.0,0,0.0,0.0,0.0,0,0.0,0,2,1,37.0,0,3.7,4.7,,,74.0,200.0,25.615625,3.0,East Carolina,2017.0,2017.0,BUF,37.0,,0.057142857
2020,1,00-0033893,D.Cook,RB,MIN,GB,0,0,0.0,0,0.0,0.0,0.0,12,50.0,2,2,1,-2.0,0,20.8,21.8,,,70.0,210.0,25.2505625,3.0,Florida State,2017.0,2017.0,MIN,41.0,-9.0,0.08
2020,2,00-0033893,D.Cook,RB,MIN,IND,0,0,0.0,0,0.0,0.0,0.0,14,63.0,1,2,2,8.0,0,15.1,17.1,,,70.0,210.0,25.2505625,3.0,Florida State,2017.0,2017.0,MIN,41.0,,0.08695652
2020,3,00-0033893,D.Cook,RB,MIN,TEN,0,0,0.0,0,0.0,0.0,0.0,22,181.0,1,5,2,18.0,0,23.9,25.9,,,70.0,210.0,25.2505625,3.0,Florida State,2017.0,2017.0,MIN,41.0,-1.0,0.2
2020,4,00-0033893,D.Cook,RB,MIN,HOU,0,0,0.0,0,0.0,0.0,0.0,27,130.0,2,2,2,16.0,0,26.6,28.6,,,70.0,210.0,25.2505625,3.0,Florida State,2017.0,2017.0,MIN,41.0,,0.0952381
2020,5,00-0033893,D.Cook,RB,MIN,SEA,0,0,0.0,0,0.0,0.0,0.0,17,65.0,1,5,5,24.0,0,14.9,19.9,,,70.0,210.0,25.2505625,3.0,Florida State,2017.0,2017.0,MIN,41.0,,0.13157895
2020,8,00-0033893,D.Cook,RB,MIN,GB,0,0,0.0,0,0.0,0.0,0.0,30,163.0,3,3,2,63.0,1,46.6,48.6,,,70.0,210.0,25.2505625,3.0,Florida State,2017.0,2017.0,MIN,41.0,,0.21428572
2020,9,00-0033893,D.Cook,RB,MIN,DET,0,0,0.0,0,0.0,0.0,0.0,22,206.0,2,2,2,46.0,0,37.2,39.2,,,70.0,210.0,25.2505625,3.0,Florida State,2017.0,2017.0,MIN,41.0,14.0,0.1
2020,10,00-0033893,D.Cook,RB,MIN,CHI,0,0,0.0,0,0.0,0.0,0.0,30,96.0,0,4,4,16.0,0,11.2,15.2,,,70.0,210.0,25.2505625,3.0,Florida State,2017.0,2017.0,MIN,41.0,,0.125
2020,11,00-0033893,D.Cook,RB,MIN,DAL,0,0,0.0,0,0.0,0.0,0.0,27,115.0,1,5,5,45.0,0,20.0,25.0,,,70.0,210.0,25.2505625,3.0,Florida State,2017.0,2017.0,MIN,41.0,-3.0,0.17857143
2020,12,00-0033893,D.Cook,RB,MIN,CAR,0,0,0.0,0,0.0,0.0,0.0,18,61.0,0,4,4,21.0,0,6.2,10.2,,,70.0,210.0,25.2505625,3.0,Florida State,2017.0,2017.0,MIN,41.0,1.0,0.093023255
2020,13,00-0033893,D.Cook,RB,MIN,JAX,0,0,0.0,0,0.0,0.0,0.0,32,120.0,0,9,6,59.0,0,17.9,23.9,,,70.0,210.0,25.2505625,3.0,Florida State,2017.0,2017.0,MIN,41.0,3.0,0.225
2020,14,00-0033893,D.Cook,RB,MIN,TB,0,0,0.0,0,0.0,0.0,0.0,22,102.0,1,4,2,8.0,0,17.0,19.0,,,70.0,210.0,25.2505625,3.0,Florida State,2017.0,2017.0,MIN,41.0,,0.114285715
2020,15,00-0033893,D.Cook,RB,MIN,CHI,0,0,0.0,0,0.0,0.0,0.0,24,132.0,1,5,5,27.0,0,21.9,26.9,,,70.0,210.0,25.2505625,3.0,Florida State,2017.0,2017.0,MIN,41.0,-6.0,0.16666667
2020,16,00-0033893,D.Cook,RB,MIN,NO,0,0,0.0,0,0.0,0.0,0.0,15,73.0,1,2,2,12.0,0,14.5,16.5,,,70.0,210.0,25.2505625,3.0,Florida State,2017.0,2017.0,MIN,41.0,,0.05263158
2020,1,00-0033895,G.Everett,TE,LA,DAL,0,0,0.0,0,0.0,0.0,0.0,0,0.0,0,2,1,7.0,0,0.7,1.7,,,75.0,240.0,26.3935,3.0,South Alabama,2017.0,2017.0,LA,44.0,3.0,0.071428575
2020,3,00-0033895,G.Everett,TE,LA,BUF,0,0,0.0,0,0.0,0.0,0.0,0,0.0,0,2,2,34.0,0,3.4,5.4,,,75.0,240.0,26.3935,3.0,South Alabama,2017.0,2017.0,LA,44.0,,0.06451613
2020,4,00-0033895,G.Everett,TE,LA,NYG,0,0,0.0,0,0.0,0.0,0.0,1,2.0,1,1,1,10.0,0,5.2,6.2,,,75.0,240.0,26.3935,3.0,South Alabama,2017.0,2017.0,LA,44.0,8.0,0.03125
2020,5,00-0033895,G.Everett,TE,LA,WAS,0,0,0.0,0,0.0,0.0,0.0,0,0.0,0,4,4,90.0,0,9.0,13.0,,,75.0,240.0,26.3935,3.0,South Alabama,2017.0,2017.0,LA,44.0,,0.13793103
2020,6,00-0033895,G.Everett,TE,LA,SF,0,0,0.0,0,0.0,0.0,0.0,0,0.0,0,4,3,27.0,0,2.7,5.7,,,75.0,240.0,26.3935,3.0,South Alabama,2017.0,2017.0,LA,44.0,,0.10810811
2020,7,00-0033895,G.Everett,TE,LA,CHI,0,0,0.0,0,0.0,0.0,0.0,0,0.0,0,5,4,28.0,1,8.8,12.8,,,75.0,240.0,26.3935,3.0,South Alabama,2017.0,2017.0,LA,44.0,14.0,0.16129032
2020,8,00-0033895,G.Everett,TE,LA,MIA,0,0,0.0,0,0.0,0.0,0.0,0,0.0,0,9,5,32.0,0,3.2,8.2,,,75.0,240.0,26.3935,3.0,South Alabama,2017.0,2017.0,LA,44.0,,0.15789473
2020,10,00-0033895,G.Everett,TE,LA,SEA,0,0,0.0,0,0.0,0.0,0.0,0,0.0,0,3,2,27.0,0,2.7,4.7,,,75.0,240.0,26.3935,3.0,South Alabama,2017.0,2017.0,LA,44.0,7.0,0.083333336
2020,11,00-0033895,G.Everett,TE,LA,TB,0,0,0.0,0,0.0,0.0,0.0,0,0.0,0,5,4,27.0,0,2.7,6.7,,,75.0,240.0,26.3935,3.0,South Alabama,2017.0,2017.0,LA,44.0,,0.10204082
2020,12,00-0033895,G.Everett,TE,LA,SF,0,0,0.0,0,0.0,0.0,0.0,0,0.0,0,2,2,16.0,0,1.6,3.6,,,75.0,240.0,26.3935,3.0,South Alabama,2017.0,2017.0,LA,44.0,-3.0,0.06666667
2020,13,00-0033895,G.Everett,TE,LA,ARI,0,0,0.0,0,0.0,0.0,0.0,0,0.0,0,7,6,44.0,0,4.4,10.4,,,75.0,240.0,26.3935,3.0,South Alabama,2017.0,2017.0,LA,44.0,,0.1590909
2020,14,00-0033895,G.Everett,TE,LA,NE,0,0,0.0,0,0.0,0.0,0.0,0,0.0,0,3,1,9.0,0,0.9,1.9,,,75.0,240.0,26.3935,3.0,South Alabama,2017.0,2017.0,LA,44.0,21.0,0.125
2020,15,00-0033895,G.Everett,TE,LA,NYJ,0,0,0.0,0,0.0,0.0,0.0,0,0.0,0,5,2,28.0,0,2.8,4.8,,,75.0,240.0,26.3935,3.0,South Alabama,2017.0,2017.0,LA,44.0,-3.0,0.16666667
2020,16,00-0033895,G.Everett,TE,LA,SEA,0,0,0.0,0,0.0,0.0,0.0,0,0.0,0,3,2,13.0,0,1.3,3.3,,,75.0,240.0,26.3935,3.0,South Alabama,2017.0,2017.0,LA,44.0,,0.07317073
2020,17,00-0033895,G.Everett,TE,LA,ARI,0,0,0.0,0,0.0,0.0,0.0,0,0.0,0,7,2,25.0,0,2.5,4.5,,,75.0,240.0,26.3935,3.0,South Alabama,2017.0,2017.0,LA,44.0,11.0,0.1891892
2020,18,00-0033895,G.Everett,TE,LA,SEA,0,0,0.0,0,0.0,0.0,0.0,0,0.0,0,1,0,0.0,0,0.0,0.0,,,75.0,240.0,26.3935,3.0,South Alabama,2017.0,2017.0,LA,44.0,,0.041666668
2020,19,00-0033895,G.Everett,TE,LA,GB,0,0,0.0,0,0.0,0.0,0.0,0,0.0,0,1,0,0.0,0,0.0,0.0,,,75.0,240.0,26.3935,3.0,South Alabama,2017.0,2017.0,LA,44.0,,0.03846154
2020,2,00-0033896,A.Shaheen,TE,MIA,BUF,0,0,0.0,0,0.0,0.0,0.0,0,0.0,0,2,1,4.0,0,0.4,1.4,,,79.0,257.0,26.044125,3.0,Ashland,2017.0,2017.0,CHI,45.0,-3.0,0.04347826
2020,4,00-0033896,A.Shaheen,TE,MIA,SEA,0,0,0.0,0,0.0,0.0,0.0,0,0.0,0,1,0,0.0,0,0.0,0.0,,,79.0,257.0,26.044125,3.0,Ashland,2017.0,2017.0,CHI,45.0,-8.0,0.022222223
2020,5,00-0033896,A.Shaheen,TE,MIA,SF,0,0,0.0,0,0.0,0.0,0.0,0,0.0,0,1,1,3.0,1,6.3,7.3,,,79.0,257.0,26.044125,3.0,Ashland,2017.0,2017.0,CHI,45.0,,0.037037037
2020,6,00-0033896,A.Shaheen,TE,MIA,NYJ,0,0,0.0,0,0.0,0.0,0.0,0,0.0,0,3,3,51.0,1,11.1,14.1,,,79.0,257.0,26.044125,3.0,Ashland,2017.0,2017.0,CHI,45.0,24.0,0.10344828
2020,8,00-0033896,A.Shaheen,TE,MIA,LA,0,0,0.0,0,0.0,0.0,0.0,0,0.0,0,1,0,0.0,0,0.0,0.0,,,79.0,257.0,26.044125,3.0,Ashland,2017.0,2017.0,CHI,45.0,11.0,0.045454547
2020,9,00-0033896,A.Shaheen,TE,MIA,ARI,0,0,0.0,0,0.0,0.0,0.0,0,0.0,0,1,0,0.0,0,0.0,0.0,,,79.0,257.0,26.044125,3.0,Ashland,2017.0,2017.0,CHI,45.0,,0.03846154
2020,10,00-0033896,A.Shaheen,TE,MIA,LAC,0,0,0.0,0,0.0,0.0,0.0,0,0.0,0,1,1,19.0,0,1.9,2.9,,,79.0,257.0,26.044125,3.0,Ashland,2017.0,2017.0,CHI,45.0,8.0,0.041666668
2020,12,00-0033896,A.Shaheen,TE,MIA,NYJ,0,0,0.0,0,0.0,0.0,0.0,0,0.0,0,2,1,7.0,1,6.7,7.7,,,79.0,257.0,26.044125,3.0,Ashland,2017.0,2017.0,CHI,45.0,,0.051282052
2020,13,00-0033896,A.Shaheen,TE,MIA,CIN,0,0,0.0,0,0.0,0.0,0.0,0,0.0,0,1,0,0.0,0,0.0,0.0,,,79.0,257.0,26.044125,3.0,Ashland,2017.0,2017.0,CHI,45.0,12.0,0.02631579
2020,14,00-0033896,A.Shaheen,TE,MIA,KC,0,0,0.0,0,0.0,0.0,0.0,0,0.0,0,3,2,26.0,0,2.6,4.6,,,79.0,257.0,26.044125,3.0,Ashland,2017.0,2017.0,CHI,45.0,-6.0,0.06521739
2020,15,00-0033896,A.Shaheen,TE,MIA,NE,0,0,0.0,0,0.0,0.0,0.0,0,0.0,0,2,1,15.0,0,1.5,2.5,,,79.0,257.0,26.044125,3.0,Ashland,2017.0,2017.0,CHI,45.0,10.0,0.08
2020,16,00-0033896,A.Shaheen,TE,MIA,LV,0,0,0.0,0,0.0,0.0,0.0,0,0.0,0,1,1,3.0,0,0.3,1.3,,,79.0,257.0,26.044125,3.0,Ashland,2017.0,2017.0,CHI,45.0,,0.029411765
2020,17,00-0033896,A.Shaheen,TE,MIA,BUF,0,0,0.0,0,0.0,0.0,0.0,0,0.0,0,3,1,22.0,0,2.2,3.2,,,79.0,257.0,26.044125,3.0,Ashland,2017.0,2017.0,CHI,45.0,,0.050847456
2020,1,00-0033897,J.Mixon,RB,CIN,LAC,0,0,0.0,0,0.0,0.0,0.0,19,69.0,0,2,1,2.0,0,5.1,6.1,,,73.0,220.0,24.292625,3.0,Oklahoma,2017.0,2017.0,CIN,48.0,-3.0,0.057142857
2020,2,00-0033897,J.Mixon,RB,CIN,CLE,0,0,0.0,0,0.0,0.0,0.0,16,46.0,0,4,4,40.0,0,8.6,12.6,,,73.0,220.0,24.292625,3.0,Oklahoma,2017.0,2017.0,CIN,48.0,,0.06779661
2020,3,00-0033897,J.Mixon,RB,CIN,PHI,0,0,0.0,0,0.0,0.0,0.0,17,49.0,0,3,2,16.0,0,6.5,8.5,,,73.0,220.0,24.292625,3.0,Oklahoma,2017.0,2017.0,CIN,48.0,,0.071428575
2020,4,00-0033897,J.Mixon,RB,CIN,JAX,0,0,0.0,0,0.0,0.0,0.0,25,151.0,2,6,6,30.0,1,36.1,42.1,,,73.0,220.0,24.292625,3.0,Oklahoma,2017.0,2017.0,CIN,48.0,8.0,0.17142858
2020,5,00-0033897,J.Mixon,RB,CIN,BAL,0,0,0.0,0,0.0,0.0,0.0,24,59.0,0,8,6,35.0,0,9.4,15.4,,,73.0,220.0,24.292625,3.0,Oklahoma,2017.0,2017.0,CIN,48.0,,0.27586207
2020,6,00-0033897,J.Mixon,RB,CIN,IND,0,0,0.0,0,0.0,0.0,0.0,18,54.0,1,3,2,15.0,0,12.9,14.9,,,73.0,220.0,24.292625,3.0,Oklahoma,2017.0,2017.0,CIN,48.0,,0.07692308
2020,1,00-0033906,A.Kamara,RB,NO,TB,0,0,0.0,0,0.0,0.0,0.0,12,16.0,1,8,5,51.0,1,18.7,23.7,,,70.0,215.0,25.31566666666667,3.0,Tennessee,2017.0,2017.0,NO,67.0,11.0,0.26666668
2020,2,00-0033906,A.Kamara,RB,NO,LV,0,0,0.0,0,0.0,0.0,0.0,13,79.0,2,9,9,95.0,0,29.4,38.4,,,70.0,215.0,25.31566666666667,3.0,Tennessee,2017.0,2017.0,NO,67.0,,0.24324325
2020,3,00-0033906,A.Kamara,RB,NO,GB,0,0,0.0,0,0.0,0.0,0.0,6,58.0,0,14,13,139.0,2,31.7,44.7,,,70.0,215.0,25.31566666666667,3.0,Tennessee,2017.0,2017.0,NO,67.0,-7.0,0.4
2020,4,00-0033906,A.Kamara,RB,NO,DET,0,0,0.0,0,0.0,0.0,0.0,19,83.0,1,4,3,36.0,0,17.9,20.9,,,70.0,215.0,25.31566666666667,3.0,Tennessee,2017.0,2017.0,NO,67.0,,0.16
2020,5,00-0033906,A.Kamara,RB,NO,LAC,0,0,0.0,0,0.0,0.0,0.0,11,45.0,0,10,8,74.0,0,11.9,19.9,,,70.0,215.0,25.31566666666667,3.0,Tennessee,2017.0,2017.0,NO,67.0,3.0,0.21276596
2020,7,00-0033906,A.Kamara,RB,NO,CAR,0,0,0.0,0,0.0,0.0,0.0,14,83.0,0,8,8,65.0,0,14.8,22.8,,,70.0,215.0,25.31566666666667,3.0,Tennessee,2017.0,2017.0,NO,67.0,3.0,0.22857143
2020,8,00-0033906,A.Kamara,RB,NO,CHI,0,0,0.0,0,0.0,0.0,0.0,12,67.0,0,13,9,96.0,0,16.3,25.3,,,70.0,215.0,25.31566666666667,3.0,Tennessee,2017.0,2017.0,NO,67.0,,0.31707317
2020,9,00-0033906,A.Kamara,RB,NO,TB,0,0,0.0,0,0.0,0.0,0.0,9,40.0,1,6,5,9.0,0,10.9,15.9,,,70.0,215.0,25.31566666666667,3.0,Tennessee,2017.0,2017.0,NO,67.0,,0.1764706
2020,10,00-0033906,A.Kamara,RB,NO,SF,0,0,0.0,0,0.0,0.0,0.0,8,15.0,2,8,7,83.0,1,27.8,34.8,,,70.0,215.0,25.31566666666667,3.0,Tennessee,2017.0,2017.0,NO,67.0,14.0,0.3478261
2020,11,00-0033906,A.Kamara,RB,NO,ATL,0,0,0.0,0,0.0,0.0,0.0,13,45.0,1,1,0,0.0,0,10.5,10.5,,,70.0,215.0,25.31566666666667,3.0,Tennessee,2017.0,2017.0,NO,67.0,15.0,0.04347826
2020,12,00-0033906,A.Kamara,RB,NO,DEN,0,0,0.0,0,0.0,0.0,0.0,11,54.0,0,2,1,-2.0,0,5.2,6.2,,,70.0,215.0,25.31566666666667,3.0,Tennessee,2017.0,2017.0,NO,67.0,,0.14285715
2020,13,00-0033906,A.Kamara,RB,NO,ATL,0,0,0.0,0,0.0,0.0,0.0,15,88.0,1,3,2,9.0,0,15.7,17.7,,,70.0,215.0,25.31566666666667,3.0,Tennessee,2017.0,2017.0,NO,67.0,,0.08108108
2020,14,00-0033906,A.Kamara,RB,NO,PHI,0,0,0.0,0,0.0,0.0,0.0,11,50.0,1,10,7,44.0,0,15.4,22.4,,,70.0,215.0,25.31566666666667,3.0,Tennessee,2017.0,2017.0,NO,67.0,,0.27027026
2020,15,00-0033906,A.Kamara,RB,NO,KC,0,0,0.0,0,0.0,0.0,0.0,11,54.0,0,6,3,40.0,1,15.4,18.4,,,70.0,215.0,25.31566666666667,3.0,Tennessee,2017.0,2017.0,NO,67.0,-3.0,0.18181819
2020,16,00-0033906,A.Kamara,RB,NO,MIN,0,0,0.0,0,0.0,0.0,0.0,22,155.0,6,5,3,17.0,0,53.2,56.2,,,70.0,215.0,25.31566666666667,3.0,Tennessee,2017.0,2017.0,NO,67.0,19.0,0.17857143
2020,18,00-0033906,A.Kamara,RB,NO,CHI,0,0,0.0,0,0.0,0.0,0.0,23,99.0,1,2,2,17.0,0,17.6,19.6,,,70.0,215.0,25.31566666666667,3.0,Tennessee,2017.0,2017.0,NO,67.0,12.0,0.055555556
2020,19,00-0033906,A.Kamara,RB,NO,TB,0,0,0.0,0,0.0,0.0,0.0,18,85.0,0,6,3,20.0,0,10.5,13.5,,,70.0,215.0,25.31566666666667,3.0,Tennessee,2017.0,2017.0,NO,67.0,-10.0,0.17142858
2020,1,00-0033908,C.Kupp,WR,LA,DAL,0,0,0.0,0,0.0,0.0,0.0,0,0.0,0,5,4,40.0,0,4.0,8.0,,,74.0,208.0,27.420166666666667,3.0,Eastern Washington,2017.0,2017.0,LA,69.0,3.0,0.17857143
2020,2,00-0033908,C.Kupp,WR,LA,PHI,0,0,0.0,0,0.0,0.0,0.0,2,19.0,0,6,5,81.0,0,10.0,15.0,,,74.0,208.0,27.420166666666667,3.0,Eastern Washington,2017.0,2017.0,LA,69.0,,0.23076923
2020,3,00-0033908,C.Kupp,WR,LA,BUF,0,0,0.0,0,0.0,0.0,0.0,0,0.0,0,10,9,107.0,1,16.7,25.7,,,74.0,208.0,27.420166666666667,3.0,Eastern Washington,2017.0,2017.0,LA,69.0,,0.32258064
2020,4,00-0033908,C.Kupp,WR,LA,NYG,0,0,0.0,0,0.0,0.0,0.0,1,-2.0,0,7,5,69.0,1,12.7,17.7,,,74.0,208.0,27.420166666666667,3.0,Eastern Washington,2017.0,2017.0,LA,69.0,8.0,0.21875
2020,5,00-0033908,C.Kupp,WR,LA,WAS,0,0,0.0,0,0.0,0.0,0.0,0,0.0,0,8,5,66.0,0,6.6,11.6,,,74.0,208.0,27.420166666666667,3.0,Eastern Washington,2017.0,2017.0,LA,69.0,,0.27586207
2020,6,00-0033908,C.Kupp,WR,LA,SF,0,0,0.0,0,0.0,0.0,0.0,0,0.0,0,9,3,11.0,0,1.1,4.1,,,74.0,208.0,27.420166666666667,3.0,Eastern Washington,2017.0,2017.0,LA,69.0,,0.24324325
2020,7,00-0033908,C.Kupp,WR,LA,CHI,0,0,0.0,0,0.0,0.0,0.0,1,16.0,0,6,6,43.0,0,5.9,11.9,,,74.0,208.0,27.420166666666667,3.0,Eastern Washington,2017.0,2017.0,LA,69.0,14.0,0.19354838
2020,8,00-0033908,C.Kupp,WR,LA,MIA,0,0,0.0,0,0.0,0.0,0.0,0,0.0,0,20,11,110.0,0,11.0,22.0,,,74.0,208.0,27.420166666666667,3.0,Eastern Washington,2017.0,2017.0,LA,69.0,,0.3508772
2020,10,00-0033908,C.Kupp,WR,LA,SEA,0,0,0.0,0,0.0,0.0,0.0,0,0.0,0,7,5,50.0,0,5.0,10.0,,,74.0,208.0,27.420166666666667,3.0,Eastern Washington,2017.0,2017.0,LA,69.0,7.0,0.19444445
2020,11,00-0033908,C.Kupp,WR,LA,TB,0,0,0.0,0,0.0,0.0,0.0,0,0.0,0,13,11,145.0,0,14.5,25.5,,,74.0,208.0,27.420166666666667,3.0,Eastern Washington,2017.0,2017.0,LA,69.0,,0.26530612
2020,12,00-0033908,C.Kupp,WR,LA,SF,0,0,0.0,0,0.0,0.0,0.0,0,0.0,0,5,2,41.0,0,4.1,6.1,,,74.0,208.0,27.420166666666667,3.0,Eastern Washington,2017.0,2017.0,LA,69.0,-3.0,0.16666667
2020,13,00-0033908,C.Kupp,WR,LA,ARI,0,0,0.0,0,0.0,0.0,0.0,0,0.0,0,9,8,73.0,0,7.3,15.3,,,74.0,208.0,27.420166666666667,3.0,Eastern Washington,2017.0,2017.0,LA,69.0,,0.20454545
2020,14,00-0033908,C.Kupp,WR,LA,NE,0,0,0.0,0,0.0,0.0,0.0,0,0.0,0,5,5,33.0,1,9.3,14.3,,,74.0,208.0,27.420166666666667,3.0,Eastern Washington,2017.0,2017.0,LA,69.0,21.0,0.20833333
2020,15,00-0033908,C.Kupp,WR,LA,NYJ,0,0,0.0,0,0.0,0.0,0.0,0,0.0,0,5,5,39.0,0,3.9,8.9,,,74.0,208.0,27.420166666666667,3.0,Eastern Washington,2017.0,2017.0,LA,69.0,-3.0,0.16666667
2020,16,00-0033908,C.Kupp,WR,LA,SEA,0,0,0.0,0,0.0,0.0,0.0,0,0.0,0,9,8,66.0,0,6.6,14.6,,,74.0,208.0,27.420166666666667,3.0,Eastern Washington,2017.0,2017.0,LA,69.0,,0.2195122
2020,18,00-0033908,C.Kupp,WR,LA,SEA,0,0,0.0,0,0.0,0.0,0.0,0,0.0,0,9,4,78.0,0,7.8,11.8,,,74.0,208.0,27.420166666666667,3.0,Eastern Washington,2017.0,2017.0,LA,69.0,,0.375
2020,12,00-0033911,T.Taylor,WR,CLE,JAX,0,0,0.0,0,0.0,0.0,0.0,0,0.0,0,1,0,0.0,0,0.0,0.0,,,71.0,203.0,25.709222222222223,3.0,Western Kentucky,2017.0,2017.0,TEN,72.0,,0.037037037
2020,1,00-0033921,C.Godwin,WR,TB,NO,0,0,0.0,0,0.0,0.0,0.0,0,0.0,0,7,6,79.0,0,7.9,13.9,,,73.0,209.0,24.7351,3.0,Penn State,2017.0,2017.0,TB,84.0,,0.20588236
2020,3,00-0033921,C.Godwin,WR,TB,DEN,0,0,0.0,0,0.0,0.0,0.0,0,0.0,0,6,5,64.0,1,12.4,17.4,,,73.0,209.0,24.7351,3.0,Penn State,2017.0,2017.0,TB,84.0,,0.16666667
2020,6,00-0033921,C.Godwin,WR,TB,GB,0,0,0.0,0,0.0,0.0,0.0,0,0.0,0,7,5,48.0,0,4.8,9.8,,,73.0,209.0,24.7351,3.0,Penn State,2017.0,2017.0,TB,84.0,28.0,0.25925925
2020,7,00-0033921,C.Godwin,WR,TB,LV,0,0,0.0,0,0.0,0.0,0.0,0,0.0,0,9,9,88.0,1,14.8,23.8,,,73.0,209.0,24.7351,3.0,Penn State,2017.0,2017.0,TB,84.0,,0.2195122
2020,9,00-0033921,C.Godwin,WR,TB,NO,0,0,0.0,0,0.0,0.0,0.0,0,0.0,0,6,3,41.0,0,4.1,7.1,,,73.0,209.0,24.7351,3.0,Penn State,2017.0,2017.0,TB,84.0,-35.0,0.16216215
2020,10,00-0033921,C.Godwin,WR,TB,CAR,0,0,0.0,0,0.0,0.0,0.0,0,0.0,0,6,6,92.0,0,9.2,15.2,,,73.0,209.0,24.7351,3.0,Penn State,2017.0,2017.0,TB,84.0,,0.15789473
2020,11,00-0033921,C.Godwin,WR,TB,LA,0,0,0.0,0,0.0,0.0,0.0,0,0.0,0,10,7,53.0,1,11.3,18.3,,,73.0,209.0,24.7351,3.0,Penn State,2017.0,2017.0,TB,84.0,-3.0,0.21276596
2020,12,00-0033921,C.Godwin,WR,TB,KC,0,0,0.0,0,0.0,0.0,0.0,0,0.0,0,9,8,97.0,0,9.7,17.7,,,73.0,209.0,24.7351,3.0,Penn State,2017.0,2017.0,TB,84.0,-3.0,0.2195122
2020,14,00-0033921,C.Godwin,WR,TB,MIN,0,0,0.0,0,0.0,0.0,0.0,0,0.0,0,3,2,25.0,0,2.5,4.5,,,73.0,209.0,24.7351,3.0,Penn State,2017.0,2017.0,TB,84.0,12.0,0.13636364
2020,15,00-0033921,C.Godwin,WR,TB,ATL,0,0,0.0,0,0.0,0.0,0.0,0,0.0,0,5,4,36.0,1,9.6,13.6,,,73.0,209.0,24.7351,3.0,Penn State,2017.0,2017.0,TB,84.0,,0.11627907
2020,16,00-0033921,C.Godwin,WR,TB,DET,0,0,0.0,0,0.0,0.0,0.0,0,0.0,0,9,5,84.0,1,14.4,19.4,,,73.0,209.0,24.7351,3.0,Penn State,2017.0,2017.0,TB,84.0,,0.2195122
2020,17,00-0033921,C.Godwin,WR,TB,ATL,0,0,0.0,0,0.0,0.0,0.0,0,0.0,0,7,5,133.0,2,25.3,30.3,,,73.0,209.0,24.7351,3.0,Penn State,2017.0,2017.0,TB,84.0,17.0,0.18421052
2020,18,00-0033921,C.Godwin,WR,TB,WAS,0,0,0.0,0,0.0,0.0,0.0,0,0.0,0,12,5,79.0,1,13.9,18.9,,,73.0,209.0,24.7351,3.0,Penn State,2017.0,2017.0,TB,84.0,,0.31578946
2020,19,00-0033921,C.Godwin,WR,TB,NO,0,0,0.0,0,0.0,0.0,0.0,0,0.0,0,7,4,34.0,0,3.4,7.4,,,73.0,209.0,24.7351,3.0,Penn State,2017.0,2017.0,TB,84.0,,0.21212122
2020,20,00-0033921,C.Godwin,WR,TB,GB,0,0,0.0,0,0.0,0.0,0.0,1,6.0,0,9,5,110.0,0,11.6,16.6,,,73.0,209.0,24.7351,3.0,Penn State,2017.0,2017.0,TB,84.0,,0.25714287
2020,21,00-0033921,C.Godwin,WR,TB,KC,0,0,0.0,0,0.0,0.0,0.0,0,0.0,0,4,2,9.0,0,0.9,2.9,,,73.0,209.0,24.7351,3.0,Penn State,2017.0,2017.0,TB,84.0,22.0,0.13793103
2020,1,00-0033923,K.Hunt,RB,CLE,BAL,0,0,0.0,0,0.0,0.0,0.0,13,72.0,0,6,4,9.0,0,8.1,12.1,,,71.0,216.0,25.27938888888889,3.0,Toledo,2017.0,2017.0,KC,86.0,,0.17142858
2020,2,00-0033923,K.Hunt,RB,CLE,CIN,0,0,0.0,0,0.0,0.0,0.0,10,86.0,1,2,2,15.0,1,22.1,24.1,,,71.0,216.0,25.27938888888889,3.0,Toledo,2017.0,2017.0,KC,86.0,5.0,0.0952381
2020,3,00-0033923,K.Hunt,RB,CLE,WAS,0,0,0.0,0,0.0,0.0,0.0,16,46.0,0,3,2,18.0,1,12.4,14.4,,,71.0,216.0,25.27938888888889,3.0,Toledo,2017.0,2017.0,KC,86.0,14.0,0.13636364
2020,4,00-0033923,K.Hunt,RB,CLE,DAL,0,0,0.0,0,0.0,0.0,0.0,11,71.0,2,0,0,0.0,0,19.1,19.1,,,71.0,216.0,25.27938888888889,3.0,Toledo,2017.0,2017.0,KC,86.0,,
2020,5,00-0033923,K.Hunt,RB,CLE,IND,0,0,0.0,0,0.0,0.0,0.0,20,72.0,0,4,3,21.0,1,15.3,18.3,,,71.0,216.0,25.27938888888889,3.0,Toledo,2017.0,2017.0,KC,86.0,9.0,0.10526316
2020,6,00-0033923,K.Hunt,RB,CLE,PIT,0,0,0.0,0,0.0,0.0,0.0,13,40.0,0,3,2,17.0,0,5.7,7.7,,,71.0,216.0,25.27938888888889,3.0,Toledo,2017.0,2017.0,KC,86.0,,0.115384616
2020,7,00-0033923,K.Hunt,RB,CLE,CIN,0,0,0.0,0,0.0,0.0,0.0,18,76.0,0,4,3,26.0,1,16.2,19.2,,,71.0,216.0,25.27938888888889,3.0,Toledo,2017.0,2017.0,KC,86.0,,0.14285715
2020,8,00-0033923,K.Hunt,RB,CLE,LV,0,0,0.0,0,0.0,0.0,0.0,14,66.0,0,3,2,7.0,0,7.3,9.3,,,71.0,216.0,25.27938888888889,3.0,Toledo,2017.0,2017.0,KC,86.0,-10.0,0.12
2020,10,00-0033923,K.Hunt,RB,CLE,HOU,0,0,0.0,0,0.0,0.0,0.0,19,104.0,0,4,3,28.0,0,13.2,16.2,,,71.0,216.0,25.27938888888889,3.0,Toledo,2017.0,2017.0,KC,86.0,3.0,0.21052632
2020,11,00-0033923,K.Hunt,RB,CLE,PHI,0,0,0.0,0,0.0,0.0,0.0,13,11.0,1,1,1,10.0,0,8.1,9.1,,,71.0,216.0,25.27938888888889,3.0,Toledo,2017.0,2017.0,KC,86.0,5.0,0.055555556
2020,12,00-0033923,K.Hunt,RB,CLE,JAX,0,0,0.0,0,0.0,0.0,0.0,10,62.0,0,2,0,0.0,0,6.2,6.2,,,71.0,216.0,25.27938888888889,3.0,Toledo,2017.0,2017.0,KC,86.0,,0.074074075
2020,13,00-0033923,K.Hunt,RB,CLE,TEN,0,0,0.0,0,0.0,0.0,0.0,14,33.0,0,3,3,24.0,0,5.7,8.7,,,71.0,216.0,25.27938888888889,3.0,Toledo,2017.0,2017.0,KC,86.0,,0.09375
2020,14,00-0033923,K.Hunt,RB,CLE,BAL,0,0,0.0,0,0.0,0.0,0.0,6,33.0,1,7,6,77.0,1,23.0,29.0,,,71.0,216.0,25.27938888888889,3.0,Toledo,2017.0,2017.0,KC,86.0,-5.0,0.1590909
2020,15,00-0033923,K.Hunt,RB,CLE,NYG,0,0,0.0,0,0.0,0.0,0.0,7,21.0,0,3,3,7.0,0,2.8,5.8,,,71.0,216.0,25.27938888888889,3.0,Toledo,2017.0,2017.0,KC,86.0,,0.1
2020,16,00-0033923,K.Hunt,RB,CLE,NYJ,0,0,0.0,0,0.0,0.0,0.0,4,11.0,1,5,3,41.0,0,11.2,14.2,,,71.0,216.0,25.27938888888889,3.0,Toledo,2017.0,2017.0,KC,86.0,,0.1
2020,17,00-0033923,K.Hunt,RB,CLE,PIT,0,0,0.0,0,0.0,0.0,0.0,10,37.0,0,1,1,4.0,0,4.1,5.1,,,71.0,216.0,25.27938888888889,3.0,Toledo,2017.0,2017.0,KC,86.0,2.0,0.03846154
2020,18,00-0033923,K.Hunt,RB,CLE,PIT,0,0,0.0,0,0.0,0.0,0.0,8,48.0,2,1,1,13.0,0,18.1,19.1,,,71.0,216.0,25.27938888888889,3.0,Toledo,2017.0,2017.0,KC,86.0,,0.029411765
2020,19,00-0033923,K.Hunt,RB,CLE,KC,0,0,0.0,0,0.0,0.0,0.0,6,32.0,1,1,1,2.0,0,9.4,10.4,,,71.0,216.0,25.27938888888889,3.0,Toledo,2017.0,2017.0,KC,86.0,,0.029411765
2020,8,00-0033925,D.Foreman,RB,TEN,CIN,0,0,0.0,0,0.0,0.0,0.0,5,37.0,0,0,0,0.0,0,3.7,3.7,,,73.0,233.0,24.58985714285714,3.0,Texas,2017.0,2017.0,HOU,89.0,,
2020,9,00-0033925,D.Foreman,RB,TEN,CHI,0,0,0.0,0,0.0,0.0,0.0,5,11.0,0,0,0,0.0,0,1.1,1.1,,,73.0,233.0,24.58985714285714,3.0,Texas,2017.0,2017.0,HOU,89.0,7.0,
2020,10,00-0033925,D.Foreman,RB,TEN,IND,0,0,0.0,0,0.0,0.0,0.0,7,18.0,0,1,1,5.0,1,8.3,9.3,,,73.0,233.0,24.58985714285714,3.0,Texas,2017.0,2017.0,HOU,89.0,-17.0,0.037037037
2020,11,00-0033925,D.Foreman,RB,TEN,BAL,0,0,0.0,0,0.0,0.0,0.0,1,1.0,0,0,0,0.0,0,0.1,0.1,,,73.0,233.0,24.58985714285714,3.0,Texas,2017.0,2017.0,HOU,89.0,,
2020,12,00-0033925,D.Foreman,RB,TEN,IND,0,0,0.0,0,0.0,0.0,0.0,4,28.0,0,0,0,0.0,0,2.8,2.8,,,73.0,233.0,24.58985714285714,3.0,Texas,2017.0,2017.0,HOU,89.0,,
2020,3,00-0033932,K.Golladay,WR,DET,ARI,0,0,0.0,0,0.0,0.0,0.0,0,0.0,0,7,6,57.0,1,11.7,17.7,,,76.0,213.0,27.0185,3.0,Northern Illinois,2017.0,2017.0,DET,96.0,,0.22580644
2020,4,00-0033932,K.Golladay,WR,DET,NO,0,0,0.0,0,0.0,0.0,0.0,0,0.0,0,8,4,62.0,1,12.2,16.2,,,76.0,213.0,27.0185,3.0,Northern Illinois,2017.0,2017.0,DET,96.0,-6.0,0.26666668
2020,6,00-0033932,K.Golladay,WR,DET,JAX,0,0,0.0,0,0.0,0.0,0.0,0,0.0,0,6,4,105.0,0,10.5,14.5,,,76.0,213.0,27.0185,3.0,Northern Illinois,2017.0,2017.0,DET,96.0,,0.19354838
2020,7,00-0033932,K.Golladay,WR,DET,ATL,0,0,0.0,0,0.0,0.0,0.0,0,0.0,0,7,6,114.0,0,11.4,17.4,,,76.0,213.0,27.0185,3.0,Northern Illinois,2017.0,2017.0,DET,96.0,,0.21875
2020,8,00-0033932,K.Golladay,WR,DET,IND,0,0,0.0,0,0.0,0.0,0.0,0,0.0,0,4,0,0.0,0,0.0,0.0,,,76.0,213.0,27.0185,3.0,Northern Illinois,2017.0,2017.0,DET,96.0,-20.0,0.1
2020,4,00-0033936,C.Beathard,QB,SF,PHI,14,19,138.0,0,0.0,1.0,9.0,0,0.0,0,0,0,0.0,0,5.52,5.52,,,74.0,215.0,26.975875000000002,3.0,Iowa,2017.0,2017.0,SF,104.0,-5.0,
2020,5,00-0033936,C.Beathard,QB,SF,MIA,9,18,94.0,1,0.0,2.0,20.0,0,0.0,0,0,0,0.0,0,5.76,5.76,,,74.0,215.0,26.975875000000002,3.0,Iowa,2017.0,2017.0,SF,104.0,-26.0,
2020,10,00-0033936,C.Beathard,QB,SF,NO,0,1,0.0,0,0.0,0.0,-0.0,0,0.0,0,0,0,0.0,0,0.0,0.0,,,74.0,215.0,26.975875000000002,3.0,Iowa,2017.0,2017.0,SF,104.0,,
2020,15,00-0033936,C.Beathard,QB,SF,DAL,5,7,100.0,1,0.0,0.0,-0.0,0,0.0,0,0,0,0.0,0,8.0,8.0,,,74.0,215.0,26.975875000000002,3.0,Iowa,2017.0,2017.0,SF,104.0,,
2020,16,00-0033936,C.Beathard,QB,SF,ARI,13,22,182.0,3,0.0,3.0,11.0,3,18.0,0,0,0,0.0,0,19.08,19.08,,,74.0,215.0,26.975875000000002,3.0,Iowa,2017.0,2017.0,SF,104.0,,
2020,17,00-0033936,C.Beathard,QB,SF,SEA,25,37,273.0,1,0.0,3.0,31.0,3,10.0,0,0,0,0.0,0,13.92,13.92,,,74.0,215.0,26.975875000000002,3.0,Iowa,2017.0,2017.0,SF,104.0,-3.0,
2020,1,00-0033943,J.Reynolds,WR,LA,DAL,0,0,0.0,0,0.0,0.0,0.0,0,0.0,0,1,1,17.0,0,1.7,2.7,,,75.0,196.0,25.747333333333334,3.0,Texas A&amp;M,2017.0,2017.0,LAR,117.0,3.0,0.035714287
2020,2,00-0033943,J.Reynolds,WR,LA,PHI,0,0,0.0,0,0.0,0.0,0.0,0,0.0,0,2,2,33.0,0,3.3,5.3,,,75.0,196.0,25.747333333333334,3.0,Texas A&amp;M,2017.0,2017.0,LAR,117.0,,0.07692308
2020,3,00-0033943,J.Reynolds,WR,LA,BUF,0,0,0.0,0,0.0,0.0,0.0,0,0.0,0,5,4,60.0,0,6.0,10.0,,,75.0,196.0,25.747333333333334,3.0,Texas A&amp;M,2017.0,2017.0,LAR,117.0,,0.16129032
2020,4,00-0033943,J.Reynolds,WR,LA,NYG,0,0,0.0,0,0.0,0.0,0.0,0,0.0,0,4,3,25.0,0,2.5,5.5,,,75.0,196.0,25.747333333333334,3.0,Texas A&amp;M,2017.0,2017.0,LAR,117.0,8.0,0.125
2020,5,00-0033943,J.Reynolds,WR,LA,WAS,0,0,0.0,0,0.0,0.0,0.0,0,0.0,0,4,2,46.0,0,4.6,6.6,,,75.0,196.0,25.747333333333334,3.0,Texas A&amp;M,2017.0,2017.0,LAR,117.0,,0.13793103
2020,6,00-0033943,J.Reynolds,WR,LA,SF,0,0,0.0,0,0.0,0.0,0.0,0,0.0,0,5,2,45.0,1,10.5,12.5,,,75.0,196.0,25.747333333333334,3.0,Texas A&amp;M,2017.0,2017.0,LAR,117.0,,0.13513513
2020,7,00-0033943,J.Reynolds,WR,LA,CHI,0,0,0.0,0,0.0,0.0,0.0,0,0.0,0,8,4,52.0,1,11.2,15.2,,,75.0,196.0,25.747333333333334,3.0,Texas A&amp;M,2017.0,2017.0,LAR,117.0,14.0,0.2580645
2020,8,00-0033943,J.Reynolds,WR,LA,MIA,0,0,0.0,0,0.0,0.0,0.0,0,0.0,0,9,4,44.0,0,4.4,8.4,,,75.0,196.0,25.747333333333334,3.0,Texas A&amp;M,2017.0,2017.0,LAR,117.0,,0.15789473
2020,10,00-0033943,J.Reynolds,WR,LA,SEA,0,0,0.0,0,0.0,0.0,0.0,0,0.0,0,10,8,94.0,0,9.4,17.4,,,75.0,196.0,25.747333333333334,3.0,Texas A&amp;M,2017.0,2017.0,LAR,117.0,7.0,0.2777778
2020,11,00-0033943,J.Reynolds,WR,LA,TB,0,0,0.0,0,0.0,0.0,0.0,0,0.0,0,6,3,32.0,0,3.2,6.2,,,75.0,196.0,25.747333333333334,3.0,Texas A&amp;M,2017.0,2017.0,LAR,117.0,,0.12244898
2020,12,00-0033943,J.Reynolds,WR,LA,SF,0,0,0.0,0,0.0,0.0,0.0,0,0.0,0,6,5,40.0,0,4.0,9.0,,,75.0,196.0,25.747333333333334,3.0,Texas A&amp;M,2017.0,2017.0,LAR,117.0,-3.0,0.2
2020,13,00-0033943,J.Reynolds,WR,LA,ARI,0,0,0.0,0,0.0,0.0,0.0,0,0.0,0,1,1,21.0,0,2.1,3.1,,,75.0,196.0,25.747333333333334,3.0,Texas A&amp;M,2017.0,2017.0,LAR,117.0,,0.022727273
2020,14,00-0033943,J.Reynolds,WR,LA,NE,0,0,0.0,0,0.0,0.0,0.0,0,0.0,0,2,1,6.0,0,0.6,1.6,,,75.0,196.0,25.747333333333334,3.0,Texas A&amp;M,2017.0,2017.0,LAR,117.0,21.0,0.083333336
2020,15,00-0033943,J.Reynolds,WR,LA,NYJ,0,0,0.0,0,0.0,0.0,0.0,0,0.0,0,2,2,9.0,0,0.9,2.9,,,75.0,196.0,25.747333333333334,3.0,Texas A&amp;M,2017.0,2017.0,LAR,117.0,-3.0,0.06666667
2020,16,00-0033943,J.Reynolds,WR,LA,SEA,0,0,0.0,0,0.0,0.0,0.0,1,5.0,0,10,6,65.0,0,7.0,13.0,,,75.0,196.0,25.747333333333334,3.0,Texas A&amp;M,2017.0,2017.0,LAR,117.0,,0.24390244
2020,17,00-0033943,J.Reynolds,WR,LA,ARI,0,0,0.0,0,0.0,0.0,0.0,0,0.0,0,6,4,29.0,0,2.9,6.9,,,75.0,196.0,25.747333333333334,3.0,Texas A&amp;M,2017.0,2017.0,LAR,117.0,11.0,0.16216215
2020,19,00-0033943,J.Reynolds,WR,LA,GB,0,0,0.0,0,0.0,0.0,0.0,0,0.0,0,4,3,65.0,0,6.5,9.5,,,75.0,196.0,25.747333333333334,3.0,Texas A&amp;M,2017.0,2017.0,LAR,117.0,,0.15384616
2020,1,00-0033948,J.Williams,RB,GB,MIN,0,0,0.0,0,0.0,0.0,0.0,7,21.0,0,4,4,21.0,0,4.2,8.2,,,72.0,213.0,25.627555555555556,3.0,Brigham Young,2017.0,2017.0,GB,134.0,,0.09756097
2020,2,00-0033948,J.Williams,RB,GB,DET,0,0,0.0,0,0.0,0.0,0.0,8,63.0,0,0,0,0.0,0,8.3,8.3,,,72.0,213.0,25.627555555555556,3.0,Brigham Young,2017.0,2017.0,GB,134.0,21.0,
2020,3,00-0033948,J.Williams,RB,GB,NO,0,0,0.0,0,0.0,0.0,0.0,6,14.0,0,1,1,3.0,0,1.7,2.7,,,72.0,213.0,25.627555555555556,3.0,Brigham Young,2017.0,2017.0,GB,134.0,,0.033333335
2020,4,00-0033948,J.Williams,RB,GB,ATL,0,0,0.0,0,0.0,0.0,0.0,8,10.0,0,8,8,95.0,0,10.5,18.5,,,72.0,213.0,25.627555555555556,3.0,Brigham Young,2017.0,2017.0,GB,134.0,14.0,0.24242425
2020,6,00-0033948,J.Williams,RB,GB,TB,0,0,0.0,0,0.0,0.0,0.0,4,34.0,0,1,0,0.0,0,3.4,3.4,,,72.0,213.0,25.627555555555556,3.0,Brigham Young,2017.0,2017.0,GB,134.0,,0.032258064
2020,7,00-0033948,J.Williams,RB,GB,HOU,0,0,0.0,0,0.0,0.0,0.0,19,77.0,1,5,4,37.0,0,17.4,21.4,,,72.0,213.0,25.627555555555556,3.0,Brigham Young,2017.0,2017.0,GB,134.0,,0.14705883
2020,8,00-0033948,J.Williams,RB,GB,MIN,0,0,0.0,0,0.0,0.0,0.0,16,75.0,0,6,6,27.0,0,12.2,18.2,,,72.0,213.0,25.627555555555556,3.0,Brigham Young,2017.0,2017.0,GB,134.0,-6.0,0.15789473
2020,10,00-0033948,J.Williams,RB,GB,JAX,0,0,0.0,0,0.0,0.0,0.0,8,30.0,0,4,3,25.0,0,5.5,8.5,,,72.0,213.0,25.627555555555556,3.0,Brigham Young,2017.0,2017.0,GB,134.0,4.0,0.121212125
2020,11,00-0033948,J.Williams,RB,GB,IND,0,0,0.0,0,0.0,0.0,0.0,5,12.0,0,2,1,4.0,1,7.6,8.6,,,72.0,213.0,25.627555555555556,3.0,Brigham Young,2017.0,2017.0,GB,134.0,,0.057142857
2020,12,00-0033948,J.Williams,RB,GB,CHI,0,0,0.0,0,0.0,0.0,0.0,17,73.0,1,0,0,0.0,0,13.3,13.3,,,72.0,213.0,25.627555555555556,3.0,Brigham Young,2017.0,2017.0,GB,134.0,16.0,
2020,13,00-0033948,J.Williams,RB,GB,PHI,0,0,0.0,0,0.0,0.0,0.0,5,26.0,0,2,2,10.0,0,3.6,5.6,,,72.0,213.0,25.627555555555556,3.0,Brigham Young,2017.0,2017.0,GB,134.0,14.0,0.0625
2020,14,00-0033948,J.Williams,RB,GB,DET,0,0,0.0,0,0.0,0.0,0.0,10,38.0,0,0,0,0.0,0,3.8,3.8,,,72.0,213.0,25.627555555555556,3.0,Brigham Young,2017.0,2017.0,GB,134.0,,
2020,15,00-0033948,J.Williams,RB,GB,CAR,0,0,0.0,0,0.0,0.0,0.0,1,6.0,0,2,2,14.0,0,2.0,4.0,,,72.0,213.0,25.627555555555556,3.0,Brigham Young,2017.0,2017.0,GB,134.0,8.0,0.07692308
2020,17,00-0033948,J.Williams,RB,GB,CHI,0,0,0.0,0,0.0,0.0,0.0,5,26.0,0,0,0,0.0,0,2.6,2.6,,,72.0,213.0,25.627555555555556,3.0,Brigham Young,2017.0,2017.0,GB,134.0,,
2020,19,00-0033948,J.Williams,RB,GB,LA,0,0,0.0,0,0.0,0.0,0.0,12,65.0,0,0,0,0.0,0,6.5,6.5,,,72.0,213.0,25.627555555555556,3.0,Brigham Young,2017.0,2017.0,GB,134.0,14.0,
2020,20,00-0033948,J.Williams,RB,GB,TB,0,0,0.0,0,0.0,0.0,0.0,7,23.0,0,4,4,22.0,0,4.5,8.5,,,72.0,213.0,25.627555555555556,3.0,Brigham Young,2017.0,2017.0,GB,134.0,-5.0,0.08695652
2020,17,00-0033949,J.Dobbs,QB,PIT,CLE,4,5,2.0,0,0.0,0.0,-0.0,2,20.0,0,0,0,0.0,0,2.08,2.08,,,75.0,216.0,25.801764705882352,3.0,Tennessee,2017.0,2017.0,PIT,135.0,,
2020,1,00-0033950,W.Gallman,RB,NYG,PIT,0,0,0.0,0,0.0,0.0,0.0,0,0.0,0,1,1,14.0,0,1.4,2.4,,,72.0,210.0,26.102875,3.0,Clemson,2017.0,2017.0,NYG,140.0,-10.0,0.025641026
2020,3,00-0033950,W.Gallman,RB,NYG,SF,0,0,0.0,0,0.0,0.0,0.0,4,7.0,0,3,2,7.0,0,1.4,3.4,,,72.0,210.0,26.102875,3.0,Clemson,2017.0,2017.0,NYG,140.0,-27.0,0.09677419
2020,4,00-0033950,W.Gallman,RB,NYG,LA,0,0,0.0,0,0.0,0.0,0.0,6,45.0,0,0,0,0.0,0,4.5,4.5,,,72.0,210.0,26.102875,3.0,Clemson,2017.0,2017.0,NYG,140.0,,
2020,5,00-0033950,W.Gallman,RB,NYG,DAL,0,0,0.0,0,0.0,0.0,0.0,5,24.0,0,2,2,0.0,0,2.4,4.4,,,72.0,210.0,26.102875,3.0,Clemson,2017.0,2017.0,NYG,140.0,,0.06896552
2020,7,00-0033950,W.Gallman,RB,NYG,PHI,0,0,0.0,0,0.0,0.0,0.0,10,34.0,1,5,5,20.0,0,11.4,16.4,,,72.0,210.0,26.102875,3.0,Clemson,2017.0,2017.0,NYG,140.0,,0.17857143
2020,8,00-0033950,W.Gallman,RB,NYG,TB,0,0,0.0,0,0.0,0.0,0.0,12,44.0,1,1,1,18.0,0,12.2,13.2,,,72.0,210.0,26.102875,3.0,Clemson,2017.0,2017.0,NYG,140.0,-2.0,0.024390243
2020,9,00-0033950,W.Gallman,RB,NYG,WAS,0,0,0.0,0,0.0,0.0,0.0,14,68.0,1,2,1,9.0,0,13.7,14.7,,,72.0,210.0,26.102875,3.0,Clemson,2017.0,2017.0,NYG,140.0,,0.060606062
2020,10,00-0033950,W.Gallman,RB,NYG,PHI,0,0,0.0,0,0.0,0.0,0.0,18,53.0,2,2,1,7.0,0,18.0,19.0,,,72.0,210.0,26.102875,3.0,Clemson,2017.0,2017.0,NYG,140.0,10.0,0.071428575
2020,12,00-0033950,W.Gallman,RB,NYG,CIN,0,0,0.0,0,0.0,0.0,0.0,24,94.0,1,5,3,-3.0,0,15.1,18.1,,,72.0,210.0,26.102875,3.0,Clemson,2017.0,2017.0,NYG,140.0,,0.13513513
2020,13,00-0033950,W.Gallman,RB,NYG,SEA,0,0,0.0,0,0.0,0.0,0.0,16,135.0,0,0,0,0.0,0,13.5,13.5,,,72.0,210.0,26.102875,3.0,Clemson,2017.0,2017.0,NYG,140.0,,
2020,14,00-0033950,W.Gallman,RB,NYG,ARI,0,0,0.0,0,0.0,0.0,0.0,12,57.0,0,4,3,16.0,0,7.3,10.3,,,72.0,210.0,26.102875,3.0,Clemson,2017.0,2017.0,NYG,140.0,-19.0,0.16666667
2020,15,00-0033950,W.Gallman,RB,NYG,CLE,0,0,0.0,0,0.0,0.0,0.0,9,29.0,0,0,0,0.0,0,2.9,2.9,,,72.0,210.0,26.102875,3.0,Clemson,2017.0,2017.0,NYG,140.0,-14.0,
2020,16,00-0033950,W.Gallman,RB,NYG,BAL,0,0,0.0,0,0.0,0.0,0.0,6,27.0,0,2,2,26.0,0,5.3,7.3,,,72.0,210.0,26.102875,3.0,Clemson,2017.0,2017.0,NYG,140.0,,0.048780486
2020,17,00-0033950,W.Gallman,RB,NYG,DAL,0,0,0.0,0,0.0,0.0,0.0,11,65.0,0,0,0,0.0,0,6.5,6.5,,,72.0,210.0,26.102875,3.0,Clemson,2017.0,2017.0,NYG,140.0,4.0,
2020,1,00-0033951,M.Mack,RB,IND,JAX,0,0,0.0,0,0.0,0.0,0.0,4,26.0,0,3,3,30.0,0,5.6,8.6,,,72.0,210.0,24.685294117647057,3.0,South Florida,2017.0,2017.0,IND,143.0,,0.06521739
2020,1,00-0033955,J.McNichols,RB,TEN,DEN,0,0,0.0,0,0.0,0.0,0.0,0,0.0,0,1,0,0.0,0,0.0,0.0,,,69.0,205.0,24.88635294117647,3.0,Boise State,2017.0,2017.0,TB,162.0,,0.025
2020,2,00-0033955,J.McNichols,RB,TEN,JAX,0,0,0.0,0,0.0,0.0,0.0,2,7.0,0,0,0,0.0,0,0.7,0.7,,,69.0,205.0,24.88635294117647,3.0,Boise State,2017.0,2017.0,TB,162.0,3.0,
2020,3,00-0033955,J.McNichols,RB,TEN,MIN,0,0,0.0,0,0.0,0.0,0.0,0,0.0,0,1,1,5.0,0,0.5,1.5,,,69.0,205.0,24.88635294117647,3.0,Boise State,2017.0,2017.0,TB,162.0,,0.030303031
2020,5,00-0033955,J.McNichols,RB,TEN,BUF,0,0,0.0,0,0.0,0.0,0.0,9,28.0,0,1,1,3.0,0,3.1,4.1,,,69.0,205.0,24.88635294117647,3.0,Boise State,2017.0,2017.0,TB,162.0,26.0,0.035714287
2020,6,00-0033955,J.McNichols,RB,TEN,HOU,0,0,0.0,0,0.0,0.0,0.0,5,51.0,0,3,2,11.0,0,6.2,8.2,,,69.0,205.0,24.88635294117647,3.0,Boise State,2017.0,2017.0,TB,162.0,6.0,0.07317073
2020,7,00-0033955,J.McNichols,RB,TEN,PIT,0,0,0.0,0,0.0,0.0,0.0,1,2.0,0,0,0,0.0,0,0.2,0.2,,,69.0,205.0,24.88635294117647,3.0,Boise State,2017.0,2017.0,TB,162.0,-3.0,
2020,8,00-0033955,J.McNichols,RB,TEN,CIN,0,0,0.0,0,0.0,0.0,0.0,4,49.0,0,1,0,0.0,0,4.9,4.9,,,69.0,205.0,24.88635294117647,3.0,Boise State,2017.0,2017.0,TB,162.0,,0.03448276
2020,9,00-0033955,J.McNichols,RB,TEN,CHI,0,0,0.0,0,0.0,0.0,0.0,2,10.0,0,0,0,0.0,0,1.0,1.0,,,69.0,205.0,24.88635294117647,3.0,Boise State,2017.0,2017.0,TB,162.0,7.0,
2020,10,00-0033955,J.McNichols,RB,TEN,IND,0,0,0.0,0,0.0,0.0,0.0,3,26.0,0,1,1,8.0,0,3.4,4.4,,,69.0,205.0,24.88635294117647,3.0,Boise State,2017.0,2017.0,TB,162.0,-17.0,0.037037037
2020,11,00-0033955,J.McNichols,RB,TEN,BAL,0,0,0.0,0,0.0,0.0,0.0,0,0.0,0,1,1,2.0,0,0.2,1.2,,,69.0,205.0,24.88635294117647,3.0,Boise State,2017.0,2017.0,TB,162.0,,0.03125
2020,12,00-0033955,J.McNichols,RB,TEN,IND,0,0,0.0,0,0.0,0.0,0.0,8,20.0,0,1,0,0.0,0,2.0,2.0,,,69.0,205.0,24.88635294117647,3.0,Boise State,2017.0,2017.0,TB,162.0,,0.05
2020,13,00-0033955,J.McNichols,RB,TEN,CLE,0,0,0.0,0,0.0,0.0,0.0,2,2.0,1,4,3,15.0,0,7.7,10.7,,,69.0,205.0,24.88635294117647,3.0,Boise State,2017.0,2017.0,TB,162.0,-6.0,0.0952381
2020,14,00-0033955,J.McNichols,RB,TEN,JAX,0,0,0.0,0,0.0,0.0,0.0,11,9.0,0,1,1,0.0,0,0.9,1.9,,,69.0,205.0,24.88635294117647,3.0,Boise State,2017.0,2017.0,TB,162.0,,0.04347826
2020,15,00-0033955,J.McNichols,RB,TEN,DET,0,0,0.0,0,0.0,0.0,0.0,0,0.0,0,1,1,5.0,0,0.5,1.5,,,69.0,205.0,24.88635294117647,3.0,Boise State,2017.0,2017.0,TB,162.0,21.0,0.03846154
2020,16,00-0033955,J.McNichols,RB,TEN,GB,0,0,0.0,0,0.0,0.0,0.0,0,0.0,0,1,1,6.0,0,0.6,1.6,,,69.0,205.0,24.88635294117647,3.0,Boise State,2017.0,2017.0,TB,162.0,,0.04
2020,18,00-0033955,J.McNichols,RB,TEN,BAL,0,0,0.0,0,0.0,0.0,0.0,1,4.0,0,0,0,0.0,0,0.4,0.4,,,69.0,205.0,24.88635294117647,3.0,Boise State,2017.0,2017.0,TB,162.0,-7.0,
2020,12,00-0033958,N.Peterman,QB,LV,ATL,3,5,25.0,0,0.0,2.0,16.0,1,9.0,0,0,0,0.0,0,1.9,1.9,,,74.0,225.0,26.5191875,3.0,Pittsburgh,2017.0,2017.0,BUF,171.0,,
2020,1,00-0034011,D.Arnold,TE,ARI,SF,0,0,0.0,0,0.0,0.0,0.0,0,0.0,0,2,2,21.0,0,2.1,4.1,,,78.0,220.0,25.654374999999998,3.0,Wisconsin-Platteville,2017.0,2017.0,,,,0.054054055
2020,2,00-0034011,D.Arnold,TE,ARI,WAS,0,0,0.0,0,0.0,0.0,0.0,0,0.0,0,4,2,26.0,0,2.6,4.6,,,78.0,220.0,25.654374999999998,3.0,Wisconsin-Platteville,2017.0,2017.0,,,15.0,0.11764706
2020,3,00-0034011,D.Arnold,TE,ARI,DET,0,0,0.0,0,0.0,0.0,0.0,0,0.0,0,2,1,11.0,0,1.1,2.1,,,78.0,220.0,25.654374999999998,3.0,Wisconsin-Platteville,2017.0,2017.0,,,-3.0,0.060606062
2020,4,00-0034011,D.Arnold,TE,ARI,CAR,0,0,0.0,0,0.0,0.0,0.0,0,0.0,0,4,4,39.0,0,3.9,7.9,,,78.0,220.0,25.654374999999998,3.0,Wisconsin-Platteville,2017.0,2017.0,,,,0.12903225
2020,7,00-0034011,D.Arnold,TE,ARI,SEA,0,0,0.0,0,0.0,0.0,0.0,0,0.0,0,3,2,57.0,0,5.7,7.7,,,78.0,220.0,25.654374999999998,3.0,Wisconsin-Platteville,2017.0,2017.0,,,3.0,0.06818182
2020,9,00-0034011,D.Arnold,TE,ARI,MIA,0,0,0.0,0,0.0,0.0,0.0,0,0.0,0,1,1,16.0,0,1.6,2.6,,,78.0,220.0,25.654374999999998,3.0,Wisconsin-Platteville,2017.0,2017.0,,,-3.0,0.03846154
2020,10,00-0034011,D.Arnold,TE,ARI,BUF,0,0,0.0,0,0.0,0.0,0.0,0,0.0,0,4,4,34.0,0,3.4,7.4,,,78.0,220.0,25.654374999999998,3.0,Wisconsin-Platteville,2017.0,2017.0,,,2.0,0.125
2020,11,00-0034011,D.Arnold,TE,ARI,SEA,0,0,0.0,0,0.0,0.0,0.0,0,0.0,0,2,1,4.0,1,6.4,7.4,,,78.0,220.0,25.654374999999998,3.0,Wisconsin-Platteville,2017.0,2017.0,,,,0.051282052
2020,12,00-0034011,D.Arnold,TE,ARI,NE,0,0,0.0,0,0.0,0.0,0.0,0,0.0,0,3,1,17.0,0,1.7,2.7,,,78.0,220.0,25.654374999999998,3.0,Wisconsin-Platteville,2017.0,2017.0,,,,0.0882353
2020,13,00-0034011,D.Arnold,TE,ARI,LA,0,0,0.0,0,0.0,0.0,0.0,0,0.0,0,3,2,61.0,2,18.1,20.1,,,78.0,220.0,25.654374999999998,3.0,Wisconsin-Platteville,2017.0,2017.0,,,-10.0,0.083333336
2020,14,00-0034011,D.Arnold,TE,ARI,NYG,0,0,0.0,0,0.0,0.0,0.0,0,0.0,0,4,2,27.0,1,8.7,10.7,,,78.0,220.0,25.654374999999998,3.0,Wisconsin-Platteville,2017.0,2017.0,,,,0.125
2020,15,00-0034011,D.Arnold,TE,ARI,PHI,0,0,0.0,0,0.0,0.0,0.0,0,0.0,0,5,3,54.0,0,5.4,8.4,,,78.0,220.0,25.654374999999998,3.0,Wisconsin-Platteville,2017.0,2017.0,,,7.0,0.13513513
2020,16,00-0034011,D.Arnold,TE,ARI,SF,0,0,0.0,0,0.0,0.0,0.0,0,0.0,0,5,3,25.0,0,0.5,3.5,,,78.0,220.0,25.654374999999998,3.0,Wisconsin-Platteville,2017.0,2017.0,,,-8.0,0.10869565
2020,17,00-0034011,D.Arnold,TE,ARI,LA,0,0,0.0,0,0.0,0.0,0.0,0,0.0,0,3,3,46.0,0,4.6,7.6,,,78.0,220.0,25.654374999999998,3.0,Wisconsin-Platteville,2017.0,2017.0,,,,0.11111111
2020,7,00-0034052,B.Zylstra,WR,CAR,NO,0,0,0.0,0,0.0,0.0,0.0,0,0.0,0,1,1,4.0,0,0.4,1.4,,,74.0,215.0,27.6194375,2.0,"Concordia, Minn",2018.0,2018.0,,,,0.037037037
2020,9,00-0034052,B.Zylstra,WR,CAR,KC,0,0,0.0,0,0.0,0.0,0.0,0,0.0,0,1,1,28.0,0,2.8,3.8,,,74.0,215.0,27.6194375,2.0,"Concordia, Minn",2018.0,2018.0,,,,0.022727273
2020,14,00-0034052,B.Zylstra,WR,CAR,DEN,0,0,0.0,0,0.0,0.0,0.0,0,0.0,0,2,1,3.0,0,0.3,1.3,,,74.0,215.0,27.6194375,2.0,"Concordia, Minn",2018.0,2018.0,,,-5.0,0.051282052
2020,15,00-0034052,B.Zylstra,WR,CAR,GB,0,0,0.0,0,0.0,0.0,0.0,1,1.0,0,0,0,0.0,0,0.1,0.1,,,74.0,215.0,27.6194375,2.0,"Concordia, Minn",2018.0,2018.0,,,,
2020,16,00-0034052,B.Zylstra,WR,CAR,WAS,0,0,0.0,0,0.0,0.0,0.0,0,0.0,0,0,0,0.0,0,6.0,6.0,,,74.0,215.0,27.6194375,2.0,"Concordia, Minn",2018.0,2018.0,,,,
2020,9,00-0034054,R.Cracraft,WR,SF,GB,0,0,0.0,0,0.0,0.0,0.0,0,0.0,0,5,2,13.0,0,1.3,3.3,,,72.0,198.0,26.017625,3.0,Washington State,2017.0,2017.0,,,-17.0,0.14705883
2020,15,00-0034054,R.Cracraft,WR,SF,DAL,0,0,0.0,0,0.0,0.0,0.0,0,0.0,0,2,2,11.0,0,1.1,3.1,,,72.0,198.0,26.017625,3.0,Washington State,2017.0,2017.0,,,,0.048780486
2020,17,00-0034054,R.Cracraft,WR,SF,SEA,0,0,0.0,0,0.0,0.0,0.0,0,0.0,0,2,2,17.0,0,1.7,3.7,,,72.0,198.0,26.017625,3.0,Washington State,2017.0,2017.0,,,-3.0,0.057142857
2020,2,00-0034073,R.Dwelley,TE,SF,NYJ,0,0,0.0,0,0.0,0.0,0.0,0,0.0,0,1,1,5.0,0,0.5,1.5,,,77.0,240.0,25.782125,2.0,San Diego,2018.0,2018.0,,,,0.037037037
2020,3,00-0034073,R.Dwelley,TE,SF,NYG,0,0,0.0,0,0.0,0.0,0.0,0,0.0,0,4,4,49.0,0,4.9,8.9,,,77.0,240.0,25.782125,2.0,San Diego,2018.0,2018.0,,,,0.114285715
2020,8,00-0034073,R.Dwelley,TE,SF,SEA,0,0,0.0,0,0.0,0.0,0.0,0,0.0,0,4,1,16.0,1,7.6,8.6,,,77.0,240.0,25.782125,2.0,San Diego,2018.0,2018.0,,,,0.1
2020,9,00-0034073,R.Dwelley,TE,SF,GB,0,0,0.0,0,0.0,0.0,0.0,0,0.0,0,3,3,52.0,0,5.2,8.2,,,77.0,240.0,25.782125,2.0,San Diego,2018.0,2018.0,,,-17.0,0.0882353
2020,10,00-0034073,R.Dwelley,TE,SF,NO,0,0,0.0,0,0.0,0.0,0.0,0,0.0,0,2,1,22.0,0,2.2,3.2,,,77.0,240.0,25.782125,2.0,San Diego,2018.0,2018.0,,,,0.051282052
2020,12,00-0034073,R.Dwelley,TE,SF,LA,0,0,0.0,0,0.0,0.0,0.0,0,0.0,0,2,1,3.0,0,0.3,1.3,,,77.0,240.0,25.782125,2.0,San Diego,2018.0,2018.0,,,,0.05882353
2020,13,00-0034073,R.Dwelley,TE,SF,BUF,0,0,0.0,0,0.0,0.0,0.0,0,0.0,0,2,2,29.0,0,2.9,4.9,,,77.0,240.0,25.782125,2.0,San Diego,2018.0,2018.0,,,-10.0,0.051282052
2020,14,00-0034073,R.Dwelley,TE,SF,WAS,0,0,0.0,0,0.0,0.0,0.0,0,0.0,0,2,2,20.0,0,2.0,4.0,,,77.0,240.0,25.782125,2.0,San Diego,2018.0,2018.0,,,-8.0,0.045454547
2020,15,00-0034073,R.Dwelley,TE,SF,DAL,0,0,0.0,0,0.0,0.0,0.0,0,0.0,0,2,2,28.0,0,2.8,4.8,,,77.0,240.0,25.782125,2.0,San Diego,2018.0,2018.0,,,,0.048780486
2020,17,00-0034073,R.Dwelley,TE,SF,SEA,0,0,0.0,0,0.0,0.0,0.0,0,0.0,0,2,2,21.0,0,2.1,4.1,,,77.0,240.0,25.782125,2.0,San Diego,2018.0,2018.0,,,-3.0,0.057142857
2020,14,00-0034081,S.Mitchell,WR,HOU,CHI,0,0,0.0,0,0.0,0.0,0.0,0,0.0,0,5,3,38.0,0,3.8,6.8,,,70.0,186.0,26.5218125,2.0,Southern California,2018.0,2018.0,,,,0.18518518
2020,16,00-0034081,S.Mitchell,WR,HOU,CIN,0,0,0.0,0,0.0,0.0,0.0,0,0.0,0,2,1,2.0,0,0.2,1.2,,,70.0,186.0,26.5218125,2.0,Southern California,2018.0,2018.0,,,-6.0,0.060606062
2020,17,00-0034081,S.Mitchell,WR,HOU,TEN,0,0,0.0,0,0.0,0.0,0.0,0,0.0,0,1,1,20.0,0,2.0,3.0,,,70.0,186.0,26.5218125,2.0,Southern California,2018.0,2018.0,,,-3.0,0.025
2020,4,00-0034104,C.Sims,WR,WAS,BAL,0,0,0.0,0,0.0,0.0,0.0,0,0.0,0,2,2,17.0,0,1.7,3.7,,,77.0,214.0,24.851411764705883,2.0,Alabama,2018.0,2018.0,,,-14.0,0.045454547
2020,6,00-0034104,C.Sims,WR,WAS,NYG,0,0,0.0,0,0.0,0.0,0.0,0,0.0,0,1,1,22.0,1,8.2,9.2,,,77.0,214.0,24.851411764705883,2.0,Alabama,2018.0,2018.0,,,,0.025
2020,7,00-0034104,C.Sims,WR,WAS,DAL,0,0,0.0,0,0.0,0.0,0.0,0,0.0,0,1,1,22.0,0,2.2,3.2,,,77.0,214.0,24.851411764705883,2.0,Alabama,2018.0,2018.0,,,22.0,0.04761905
2020,9,00-0034104,C.Sims,WR,WAS,NYG,0,0,0.0,0,0.0,0.0,0.0,0,0.0,0,4,3,110.0,0,11.0,14.0,,,77.0,214.0,24.851411764705883,2.0,Alabama,2018.0,2018.0,,,-3.0,0.102564104
2020,10,00-0034104,C.Sims,WR,WAS,DET,0,0,0.0,0,0.0,0.0,0.0,0,0.0,0,5,4,54.0,0,5.4,9.4,,,77.0,214.0,24.851411764705883,2.0,Alabama,2018.0,2018.0,,,,0.09615385
2020,11,00-0034104,C.Sims,WR,WAS,CIN,0,0,0.0,0,0.0,0.0,0.0,0,0.0,0,2,2,20.0,0,2.0,4.0,,,77.0,214.0,24.851411764705883,2.0,Alabama,2018.0,2018.0,,,11.0,0.083333336
2020,13,00-0034104,C.Sims,WR,WAS,PIT,0,0,0.0,0,0.0,0.0,0.0,0,0.0,0,9,5,92.0,0,9.2,14.2,,,77.0,214.0,24.851411764705883,2.0,Alabama,2018.0,2018.0,,,,0.20454545
2020,14,00-0034104,C.Sims,WR,WAS,SF,0,0,0.0,0,0.0,0.0,0.0,1,5.0,0,2,1,8.0,0,1.3,2.3,,,77.0,214.0,24.851411764705883,2.0,Alabama,2018.0,2018.0,,,,0.06896552
2020,15,00-0034104,C.Sims,WR,WAS,SEA,0,0,0.0,0,0.0,0.0,0.0,0,0.0,0,8,5,26.0,0,2.6,7.6,,,77.0,214.0,24.851411764705883,2.0,Alabama,2018.0,2018.0,,,-5.0,0.1509434
2020,16,00-0034104,C.Sims,WR,WAS,CAR,0,0,0.0,0,0.0,0.0,0.0,0,0.0,0,9,3,63.0,0,6.3,9.3,,,77.0,214.0,24.851411764705883,2.0,Alabama,2018.0,2018.0,,,-7.0,0.19148937
2020,17,00-0034104,C.Sims,WR,WAS,PHI,0,0,0.0,0,0.0,0.0,0.0,0,0.0,0,5,5,43.0,0,4.3,9.3,,,77.0,214.0,24.851411764705883,2.0,Alabama,2018.0,2018.0,,,,0.1724138
2020,18,00-0034104,C.Sims,WR,WAS,TB,0,0,0.0,0,0.0,0.0,0.0,0,0.0,0,13,7,104.0,0,10.4,17.4,,,77.0,214.0,24.851411764705883,2.0,Alabama,2018.0,2018.0,,,-8.0,0.31707317
2020,1,00-0034109,P.Lindsay,RB,DEN,TEN,0,0,0.0,0,0.0,0.0,0.0,7,24.0,0,1,1,11.0,0,3.5,4.5,,,68.0,190.0,26.2985625,2.0,Colorado,2018.0,2018.0,,,-2.0,0.03125
2020,6,00-0034109,P.Lindsay,RB,DEN,NE,0,0,0.0,0,0.0,0.0,0.0,23,101.0,0,0,0,0.0,0,10.1,10.1,,,68.0,190.0,26.2985625,2.0,Colorado,2018.0,2018.0,,,,
2020,7,00-0034109,P.Lindsay,RB,DEN,KC,0,0,0.0,0,0.0,0.0,0.0,9,79.0,0,0,0,0.0,0,7.9,7.9,,,68.0,190.0,26.2985625,2.0,Colorado,2018.0,2018.0,,,-27.0,
2020,8,00-0034109,P.Lindsay,RB,DEN,LAC,0,0,0.0,0,0.0,0.0,0.0,6,83.0,1,3,1,3.0,0,14.6,15.6,,,68.0,190.0,26.2985625,2.0,Colorado,2018.0,2018.0,,,1.0,0.078947365
2020,9,00-0034109,P.Lindsay,RB,DEN,ATL,0,0,0.0,0,0.0,0.0,0.0,8,23.0,0,3,0,0.0,0,2.3,2.3,,,68.0,190.0,26.2985625,2.0,Colorado,2018.0,2018.0,,,,0.06666667
2020,10,00-0034109,P.Lindsay,RB,DEN,LV,0,0,0.0,0,0.0,0.0,0.0,4,2.0,0,1,0,0.0,0,0.2,0.2,,,68.0,190.0,26.2985625,2.0,Colorado,2018.0,2018.0,,,,0.022222223
2020,11,00-0034109,P.Lindsay,RB,DEN,MIA,0,0,0.0,0,0.0,0.0,0.0,16,82.0,0,0,0,0.0,0,8.2,8.2,,,68.0,190.0,26.2985625,2.0,Colorado,2018.0,2018.0,,,7.0,
2020,12,00-0034109,P.Lindsay,RB,DEN,NO,0,0,0.0,0,0.0,0.0,0.0,9,20.0,0,0,0,0.0,0,2.0,2.0,,,68.0,190.0,26.2985625,2.0,Colorado,2018.0,2018.0,,,-28.0,
2020,13,00-0034109,P.Lindsay,RB,DEN,KC,0,0,0.0,0,0.0,0.0,0.0,14,26.0,0,1,0,0.0,0,2.6,2.6,,,68.0,190.0,26.2985625,2.0,Colorado,2018.0,2018.0,,,,0.037037037
2020,14,00-0034109,P.Lindsay,RB,DEN,CAR,0,0,0.0,0,0.0,0.0,0.0,11,24.0,0,2,2,7.0,0,3.1,5.1,,,68.0,190.0,26.2985625,2.0,Colorado,2018.0,2018.0,,,,0.074074075
2020,15,00-0034109,P.Lindsay,RB,DEN,BUF,0,0,0.0,0,0.0,0.0,0.0,11,38.0,0,3,3,7.0,0,4.5,7.5,,,68.0,190.0,26.2985625,2.0,Colorado,2018.0,2018.0,,,-29.0,0.09375
2020,2,00-0034115,J.Wilson,RB,SF,NYJ,0,0,0.0,0,0.0,0.0,0.0,2,3.0,0,0,0,0.0,0,0.3,0.3,,,72.0,194.0,24.977249999999998,2.0,North Texas,2018.0,2018.0,,,,
2020,3,00-0034115,J.Wilson,RB,SF,NYG,0,0,0.0,0,0.0,0.0,0.0,12,15.0,1,3,3,54.0,1,18.9,21.9,,,72.0,194.0,24.977249999999998,2.0,North Texas,2018.0,2018.0,,,,0.08571429
2020,4,00-0034115,J.Wilson,RB,SF,PHI,0,0,0.0,0,0.0,0.0,0.0,3,6.0,0,1,1,13.0,0,1.9,2.9,,,72.0,194.0,24.977249999999998,2.0,North Texas,2018.0,2018.0,,,-5.0,0.024390243
2020,5,00-0034115,J.Wilson,RB,SF,MIA,0,0,0.0,0,0.0,0.0,0.0,4,27.0,0,1,0,0.0,0,2.7,2.7,,,72.0,194.0,24.977249999999998,2.0,North Texas,2018.0,2018.0,,,-26.0,0.028571429
2020,7,00-0034115,J.Wilson,RB,SF,NE,0,0,0.0,0,0.0,0.0,0.0,17,112.0,3,2,2,8.0,0,30.0,32.0,,,72.0,194.0,24.977249999999998,2.0,North Texas,2018.0,2018.0,,,,0.08
2020,12,00-0034115,J.Wilson,RB,SF,LA,0,0,0.0,0,0.0,0.0,0.0,12,40.0,0,0,0,0.0,0,2.0,2.0,,,72.0,194.0,24.977249999999998,2.0,North Texas,2018.0,2018.0,,,,
2020,13,00-0034115,J.Wilson,RB,SF,BUF,0,0,0.0,0,0.0,0.0,0.0,7,47.0,0,5,2,12.0,0,5.9,7.9,,,72.0,194.0,24.977249999999998,2.0,North Texas,2018.0,2018.0,,,-10.0,0.12820514
2020,14,00-0034115,J.Wilson,RB,SF,WAS,0,0,0.0,0,0.0,0.0,0.0,11,31.0,1,3,1,13.0,0,8.4,9.4,,,72.0,194.0,24.977249999999998,2.0,North Texas,2018.0,2018.0,,,-8.0,0.06818182
2020,15,00-0034115,J.Wilson,RB,SF,DAL,0,0,0.0,0,0.0,0.0,0.0,16,60.0,1,4,0,0.0,0,12.0,12.0,,,72.0,194.0,24.977249999999998,2.0,North Texas,2018.0,2018.0,,,,0.09756097
2020,16,00-0034115,J.Wilson,RB,SF,ARI,0,0,0.0,0,0.0,0.0,0.0,22,183.0,0,2,1,21.0,1,26.4,27.4,,,72.0,194.0,24.977249999999998,2.0,North Texas,2018.0,2018.0,,,,0.0952381
2020,17,00-0034115,J.Wilson,RB,SF,SEA,0,0,0.0,0,0.0,0.0,0.0,20,76.0,1,7,3,12.0,1,20.8,23.8,,,72.0,194.0,24.977249999999998,2.0,North Texas,2018.0,2018.0,,,-3.0,0.2
2020,4,00-0034132,C.Blake,WR,ATL,GB,0,0,0.0,0,0.0,0.0,0.0,0,0.0,0,5,3,47.0,0,4.7,7.7,,,73.0,181.0,24.4174375,2.0,Northern Illinois,2018.0,2018.0,,,,0.12820514
2020,6,00-0034132,C.Blake,WR,ATL,MIN,0,0,0.0,0,0.0,0.0,0.0,0,0.0,0,2,1,5.0,0,0.5,1.5,,,73.0,181.0,24.4174375,2.0,Northern Illinois,2018.0,2018.0,,,,0.054054055
2020,8,00-0034132,C.Blake,WR,ATL,CAR,0,0,0.0,0,0.0,0.0,0.0,0,0.0,0,2,2,14.0,0,1.4,3.4,,,73.0,181.0,24.4174375,2.0,Northern Illinois,2018.0,2018.0,,,,0.06666667
2020,9,00-0034132,C.Blake,WR,ATL,DEN,0,0,0.0,0,0.0,0.0,0.0,0,0.0,0,3,3,31.0,0,3.1,6.1,,,73.0,181.0,24.4174375,2.0,Northern Illinois,2018.0,2018.0,,,7.0,0.08571429
2020,11,00-0034132,C.Blake,WR,ATL,NO,0,0,0.0,0,0.0,0.0,0.0,0,0.0,0,4,2,28.0,0,2.8,4.8,,,73.0,181.0,24.4174375,2.0,Northern Illinois,2018.0,2018.0,,,,0.11764706
2020,12,00-0034132,C.Blake,WR,ATL,LV,0,0,0.0,0,0.0,0.0,0.0,0,0.0,0,1,1,17.0,0,1.7,2.7,,,73.0,181.0,24.4174375,2.0,Northern Illinois,2018.0,2018.0,,,37.0,0.027027028
2020,15,00-0034132,C.Blake,WR,ATL,TB,0,0,0.0,0,0.0,0.0,0.0,0,0.0,0,1,1,-1.0,0,-0.1,0.9,,,73.0,181.0,24.4174375,2.0,Northern Illinois,2018.0,2018.0,,,-4.0,0.020833334
2020,1,00-0034159,W.Dissly,TE,SEA,ATL,0,0,0.0,0,0.0,0.0,0.0,0,0.0,0,2,2,8.0,0,0.8,2.8,,,76.0,267.0,24.349882352941176,2.0,Washington,2018.0,2018.0,SEA,120.0,,0.057142857
2020,2,00-0034159,W.Dissly,TE,SEA,NE,0,0,0.0,0,0.0,0.0,0.0,0,0.0,0,1,1,9.0,0,0.9,1.9,,,76.0,267.0,24.349882352941176,2.0,Washington,2018.0,2018.0,SEA,120.0,5.0,0.04
2020,3,00-0034159,W.Dissly,TE,SEA,DAL,0,0,0.0,0,0.0,0.0,0.0,0,0.0,0,2,2,5.0,0,0.5,2.5,,,76.0,267.0,24.349882352941176,2.0,Washington,2018.0,2018.0,SEA,120.0,7.0,0.05263158
2020,4,00-0034159,W.Dissly,TE,SEA,MIA,0,0,0.0,0,0.0,0.0,0.0,0,0.0,0,2,2,15.0,0,1.5,3.5,,,76.0,267.0,24.349882352941176,2.0,Washington,2018.0,2018.0,SEA,120.0,,0.060606062
2020,5,00-0034159,W.Dissly,TE,SEA,MIN,0,0,0.0,0,0.0,0.0,0.0,0,0.0,0,1,1,19.0,1,7.9,8.9,,,76.0,267.0,24.349882352941176,2.0,Washington,2018.0,2018.0,SEA,120.0,1.0,0.033333335
2020,7,00-0034159,W.Dissly,TE,SEA,ARI,0,0,0.0,0,0.0,0.0,0.0,0,0.0,0,4,2,38.0,0,3.8,5.8,,,76.0,267.0,24.349882352941176,2.0,Washington,2018.0,2018.0,SEA,120.0,,0.083333336
2020,8,00-0034159,W.Dissly,TE,SEA,SF,0,0,0.0,0,0.0,0.0,0.0,0,0.0,0,1,1,17.0,0,1.7,2.7,,,76.0,267.0,24.349882352941176,2.0,Washington,2018.0,2018.0,SEA,120.0,10.0,0.027777778
2020,9,00-0034159,W.Dissly,TE,SEA,BUF,0,0,0.0,0,0.0,0.0,0.0,0,0.0,0,1,1,26.0,0,2.6,3.6,,,76.0,267.0,24.349882352941176,2.0,Washington,2018.0,2018.0,SEA,120.0,,0.025
2020,10,00-0034159,W.Dissly,TE,SEA,LA,0,0,0.0,0,0.0,0.0,0.0,0,0.0,0,2,1,16.0,0,1.6,2.6,,,76.0,267.0,24.349882352941176,2.0,Washington,2018.0,2018.0,SEA,120.0,,0.057142857
2020,11,00-0034159,W.Dissly,TE,SEA,ARI,0,0,0.0,0,0.0,0.0,0.0,0,0.0,0,1,1,10.0,0,1.0,2.0,,,76.0,267.0,24.349882352941176,2.0,Washington,2018.0,2018.0,SEA,120.0,7.0,0.037037037
2020,13,00-0034159,W.Dissly,TE,SEA,NYG,0,0,0.0,0,0.0,0.0,0.0,0,0.0,0,5,4,28.0,0,2.8,6.8,,,76.0,267.0,24.349882352941176,2.0,Washington,2018.0,2018.0,SEA,120.0,-5.0,0.12195122
2020,14,00-0034159,W.Dissly,TE,SEA,NYJ,0,0,0.0,0,0.0,0.0,0.0,0,0.0,0,2,2,23.0,1,8.3,10.3,,,76.0,267.0,24.349882352941176,2.0,Washington,2018.0,2018.0,SEA,120.0,37.0,0.0625
2020,16,00-0034159,W.Dissly,TE,SEA,LA,0,0,0.0,0,0.0,0.0,0.0,0,0.0,0,3,3,17.0,0,1.7,4.7,,,76.0,267.0,24.349882352941176,2.0,Washington,2018.0,2018.0,SEA,120.0,11.0,0.10344828
2020,17,00-0034159,W.Dissly,TE,SEA,SF,0,0,0.0,0,0.0,0.0,0.0,0,0.0,0,2,1,20.0,0,2.0,3.0,,,76.0,267.0,24.349882352941176,2.0,Washington,2018.0,2018.0,SEA,120.0,,0.0625
2020,18,00-0034159,W.Dissly,TE,SEA,LA,0,0,0.0,0,0.0,0.0,0.0,0,0.0,0,2,1,1.0,0,0.1,1.1,,,76.0,267.0,24.349882352941176,2.0,Washington,2018.0,2018.0,SEA,120.0,-10.0,0.07692308
2020,5,00-0034164,T.Cannon,RB,CAR,ATL,0,0,0.0,0,0.0,0.0,0.0,2,-1.0,0,0,0,0.0,0,-0.1,-0.1,,,71.0,185.0,26.2915625,2.0,Virginia State,2018.0,2018.0,NYJ,204.0,,
2020,6,00-0034164,T.Cannon,RB,CAR,CHI,0,0,0.0,0,0.0,0.0,0.0,3,12.0,0,2,2,15.0,0,2.7,4.7,,,71.0,185.0,26.2915625,2.0,Virginia State,2018.0,2018.0,NYJ,204.0,-7.0,0.074074075
2020,7,00-0034164,T.Cannon,RB,CAR,NO,0,0,0.0,0,0.0,0.0,0.0,1,7.0,0,0,0,0.0,0,0.7,0.7,,,71.0,185.0,26.2915625,2.0,Virginia State,2018.0,2018.0,NYJ,204.0,,
2020,12,00-0034164,T.Cannon,RB,CAR,MIN,0,0,0.0,0,0.0,0.0,0.0,3,17.0,0,1,1,1.0,0,1.8,2.8,,,71.0,185.0,26.2915625,2.0,Virginia State,2018.0,2018.0,NYJ,204.0,,0.03125
2020,14,00-0034164,T.Cannon,RB,CAR,DEN,0,0,0.0,0,0.0,0.0,0.0,1,-2.0,0,0,0,0.0,0,-0.2,-0.2,,,71.0,185.0,26.2915625,2.0,Virginia State,2018.0,2018.0,NYJ,204.0,-5.0,
2020,2,00-0034169,M.Baugh,TE,WAS,ARI,0,0,0.0,0,0.0,0.0,0.0,0,0.0,0,1,1,2.0,0,0.2,1.2,,,76.0,245.0,25.927294117647058,2.0,Ohio State,2018.0,2018.0,,,,0.030303031
2020,4,00-0034171,J.Cabinda,FB,DET,NO,0,0,0.0,0,0.0,0.0,0.0,0,0.0,0,1,1,4.0,0,0.4,1.4,,,73.0,235.0,24.6501875,2.0,Penn State,2018.0,2018.0,,,-6.0,0.033333335
2020,9,00-0034171,J.Cabinda,FB,DET,MIN,0,0,0.0,0,0.0,0.0,0.0,0,0.0,0,1,1,4.0,0,0.4,1.4,,,73.0,235.0,24.6501875,2.0,Penn State,2018.0,2018.0,,,,0.022727273
2020,12,00-0034171,J.Cabinda,FB,DET,HOU,0,0,0.0,0,0.0,0.0,0.0,1,0.0,0,1,0,0.0,0,0.0,0.0,,,73.0,235.0,24.6501875,2.0,Penn State,2018.0,2018.0,,,-16.0,0.023809524
2020,1,00-0034177,T.Boyle,QB,GB,MIN,0,0,0.0,0,0.0,0.0,0.0,2,-2.0,0,0,0,0.0,0,-0.2,-0.2,,,76.0,233.0,26.126,2.0,Eastern Kentucky,2018.0,2018.0,,,,
2020,2,00-0034177,T.Boyle,QB,GB,DET,0,0,0.0,0,0.0,0.0,0.0,2,-1.0,0,0,0,0.0,0,-0.1,-0.1,,,76.0,233.0,26.126,2.0,Eastern Kentucky,2018.0,2018.0,,,21.0,
2020,4,00-0034177,T.Boyle,QB,GB,ATL,0,0,0.0,0,0.0,0.0,0.0,1,-1.0,0,0,0,0.0,0,-0.1,-0.1,,,76.0,233.0,26.126,2.0,Eastern Kentucky,2018.0,2018.0,,,14.0,
2020,6,00-0034177,T.Boyle,QB,GB,TB,0,0,0.0,0,0.0,1.0,11.0,0,0.0,0,0,0,0.0,0,0.0,0.0,,,76.0,233.0,26.126,2.0,Eastern Kentucky,2018.0,2018.0,,,,
2020,7,00-0034177,T.Boyle,QB,GB,HOU,0,0,0.0,0,0.0,0.0,0.0,2,-1.0,0,0,0,0.0,0,-0.1,-0.1,,,76.0,233.0,26.126,2.0,Eastern Kentucky,2018.0,2018.0,,,,
2020,9,00-0034177,T.Boyle,QB,GB,SF,0,0,0.0,0,0.0,0.0,0.0,1,-1.0,0,0,0,0.0,0,-0.1,-0.1,,,76.0,233.0,26.126,2.0,Eastern Kentucky,2018.0,2018.0,,,,
2020,12,00-0034177,T.Boyle,QB,GB,CHI,0,0,0.0,0,0.0,0.0,0.0,2,0.0,0,0,0,0.0,0,0.0,0.0,,,76.0,233.0,26.126,2.0,Eastern Kentucky,2018.0,2018.0,,,16.0,
2020,16,00-0034177,T.Boyle,QB,GB,TEN,0,0,0.0,0,0.0,0.0,0.0,3,-3.0,0,0,0,0.0,0,-0.3,-0.3,,,76.0,233.0,26.126,2.0,Eastern Kentucky,2018.0,2018.0,,,26.0,
2020,1,00-0034184,G.Edwards,RB,BAL,CLE,0,0,0.0,0,0.0,0.0,0.0,4,17.0,0,0,0,0.0,0,1.7,1.7,,,73.0,238.0,25.5975,2.0,Rutgers,2018.0,2018.0,,,32.0,
2020,2,00-0034184,G.Edwards,RB,BAL,HOU,0,0,0.0,0,0.0,0.0,0.0,10,73.0,0,0,0,0.0,0,7.3,7.3,,,73.0,238.0,25.5975,2.0,Rutgers,2018.0,2018.0,,,,
2020,3,00-0034184,G.Edwards,RB,BAL,KC,0,0,0.0,0,0.0,0.0,0.0,4,39.0,0,0,0,0.0,0,3.9,3.9,,,73.0,238.0,25.5975,2.0,Rutgers,2018.0,2018.0,,,-14.0,
2020,4,00-0034184,G.Edwards,RB,BAL,WAS,0,0,0.0,0,0.0,0.0,0.0,9,38.0,0,0,0,0.0,0,3.8,3.8,,,73.0,238.0,25.5975,2.0,Rutgers,2018.0,2018.0,,,,
2020,5,00-0034184,G.Edwards,RB,BAL,CIN,0,0,0.0,0,0.0,0.0,0.0,7,25.0,0,3,0,0.0,0,2.5,2.5,,,73.0,238.0,25.5975,2.0,Rutgers,2018.0,2018.0,,,24.0,0.083333336
2020,6,00-0034184,G.Edwards,RB,BAL,PHI,0,0,0.0,0,0.0,0.0,0.0,14,26.0,1,0,0,0.0,0,8.6,8.6,,,73.0,238.0,25.5975,2.0,Rutgers,2018.0,2018.0,,,,
2020,8,00-0034184,G.Edwards,RB,BAL,PIT,0,0,0.0,0,0.0,0.0,0.0,16,87.0,1,1,0,0.0,0,14.7,14.7,,,73.0,238.0,25.5975,2.0,Rutgers,2018.0,2018.0,,,-4.0,0.03846154
2020,9,00-0034184,G.Edwards,RB,BAL,IND,0,0,0.0,0,0.0,0.0,0.0,11,23.0,1,2,2,11.0,0,7.4,9.4,,,73.0,238.0,25.5975,2.0,Rutgers,2018.0,2018.0,,,,0.08695652
2020,10,00-0034184,G.Edwards,RB,BAL,NE,0,0,0.0,0,0.0,0.0,0.0,7,42.0,0,1,1,31.0,0,7.3,8.3,,,73.0,238.0,25.5975,2.0,Rutgers,2018.0,2018.0,,,,0.029411765
2020,11,00-0034184,G.Edwards,RB,BAL,TEN,0,0,0.0,0,0.0,0.0,0.0,3,6.0,0,0,0,0.0,0,0.6,0.6,,,73.0,238.0,25.5975,2.0,Rutgers,2018.0,2018.0,,,-6.0,
2020,12,00-0034184,G.Edwards,RB,BAL,PIT,0,0,0.0,0,0.0,0.0,0.0,9,10.0,1,0,0,0.0,0,7.0,7.0,,,73.0,238.0,25.5975,2.0,Rutgers,2018.0,2018.0,,,,
2020,13,00-0034184,G.Edwards,RB,BAL,DAL,0,0,0.0,0,0.0,0.0,0.0,7,101.0,0,0,0,0.0,0,10.1,10.1,,,73.0,238.0,25.5975,2.0,Rutgers,2018.0,2018.0,,,17.0,
2020,14,00-0034184,G.Edwards,RB,BAL,CLE,0,0,0.0,0,0.0,0.0,0.0,7,49.0,2,1,1,4.0,0,17.3,18.3,,,73.0,238.0,25.5975,2.0,Rutgers,2018.0,2018.0,,,,0.05263158
2020,15,00-0034184,G.Edwards,RB,BAL,JAX,0,0,0.0,0,0.0,0.0,0.0,9,42.0,0,2,2,36.0,0,7.8,9.8,,,73.0,238.0,25.5975,2.0,Rutgers,2018.0,2018.0,,,26.0,0.07692308
2020,16,00-0034184,G.Edwards,RB,BAL,NYG,0,0,0.0,0,0.0,0.0,0.0,15,85.0,0,2,2,37.0,0,12.2,14.2,,,73.0,238.0,25.5975,2.0,Rutgers,2018.0,2018.0,,,14.0,0.08695652
2020,17,00-0034184,G.Edwards,RB,BAL,CIN,0,0,0.0,0,0.0,0.0,0.0,12,60.0,0,1,1,10.0,0,7.0,8.0,,,73.0,238.0,25.5975,2.0,Rutgers,2018.0,2018.0,,,,0.05263158
2020,18,00-0034184,G.Edwards,RB,BAL,TEN,0,0,0.0,0,0.0,0.0,0.0,8,38.0,0,0,0,0.0,0,3.8,3.8,,,73.0,238.0,25.5975,2.0,Rutgers,2018.0,2018.0,,,,
2020,19,00-0034184,G.Edwards,RB,BAL,BUF,0,0,0.0,0,0.0,0.0,0.0,10,42.0,0,0,0,0.0,0,4.2,4.2,,,73.0,238.0,25.5975,2.0,Rutgers,2018.0,2018.0,,,,
2020,3,00-0034192,N.Keizer,TE,KC,BAL,0,0,0.0,0,0.0,0.0,0.0,0,0.0,0,1,0,0.0,0,0.0,0.0,,,76.0,251.0,25.555526315789475,2.0,Grand Valley State,2018.0,2018.0,,,,0.024390243
2020,5,00-0034192,N.Keizer,TE,KC,LV,0,0,0.0,0,0.0,0.0,0.0,0,0.0,0,1,0,0.0,0,0.0,0.0,,,76.0,251.0,25.555526315789475,2.0,Grand Valley State,2018.0,2018.0,,,-8.0,0.023809524
2020,6,00-0034192,N.Keizer,TE,KC,BUF,0,0,0.0,0,0.0,0.0,0.0,0,0.0,0,1,1,2.0,0,0.2,1.2,,,76.0,251.0,25.555526315789475,2.0,Grand Valley State,2018.0,2018.0,,,,0.03846154
2020,7,00-0034192,N.Keizer,TE,KC,DEN,0,0,0.0,0,0.0,0.0,0.0,0,0.0,0,2,2,36.0,0,1.6,3.6,,,76.0,251.0,25.555526315789475,2.0,Grand Valley State,2018.0,2018.0,,,,0.083333336
2020,8,00-0034192,N.Keizer,TE,KC,NYJ,0,0,0.0,0,0.0,0.0,0.0,0,0.0,0,2,1,5.0,0,0.5,1.5,,,76.0,251.0,25.555526315789475,2.0,Grand Valley State,2018.0,2018.0,,,26.0,0.04255319
2020,11,00-0034192,N.Keizer,TE,KC,LV,0,0,0.0,0,0.0,0.0,0.0,0,0.0,0,1,1,5.0,0,0.5,1.5,,,76.0,251.0,25.555526315789475,2.0,Grand Valley State,2018.0,2018.0,,,,0.022727273
2020,13,00-0034192,N.Keizer,TE,KC,DEN,0,0,0.0,0,0.0,0.0,0.0,0,0.0,0,1,1,15.0,0,1.5,2.5,,,76.0,251.0,25.555526315789475,2.0,Grand Valley State,2018.0,2018.0,,,6.0,0.025
2020,20,00-0034192,N.Keizer,TE,KC,BUF,0,0,0.0,0,0.0,0.0,0.0,0,0.0,0,1,0,0.0,0,0.0,0.0,,,76.0,251.0,25.555526315789475,2.0,Grand Valley State,2018.0,2018.0,,,14.0,0.02631579
2020,17,00-0034193,K.Rader,TE,PIT,CLE,0,0,0.0,0,0.0,0.0,0.0,0,0.0,0,1,0,0.0,0,0.0,0.0,,,76.0,250.0,25.555411764705884,2.0,Youngstown State,2018.0,2018.0,,,,0.023809524
2020,10,00-0034207,J.Badet,WR,WAS,DET,0,0,0.0,0,0.0,0.0,0.0,0,0.0,0,1,0,0.0,0,0.0,0.0,,,71.0,182.0,26.2908125,2.0,Oklahoma,2018.0,2018.0,,,,0.01923077
2020,5,00-0034208,M.Boone,RB,MIN,SEA,0,0,0.0,0,0.0,0.0,0.0,2,19.0,0,0,0,0.0,0,1.9,1.9,,,70.0,205.0,25.28075,2.0,Cincinnati,2018.0,2018.0,,,,
2020,6,00-0034208,M.Boone,RB,MIN,ATL,0,0,0.0,0,0.0,0.0,0.0,1,-1.0,0,1,1,6.0,0,0.5,1.5,,,70.0,205.0,25.28075,2.0,Cincinnati,2018.0,2018.0,,,-17.0,0.028571429
2020,14,00-0034208,M.Boone,RB,MIN,TB,0,0,0.0,0,0.0,0.0,0.0,2,8.0,0,1,1,4.0,0,1.2,2.2,,,70.0,205.0,25.28075,2.0,Cincinnati,2018.0,2018.0,,,,0.028571429
2020,16,00-0034208,M.Boone,RB,MIN,NO,0,0,0.0,0,0.0,0.0,0.0,1,4.0,1,0,0,0.0,0,6.4,6.4,,,70.0,205.0,25.28075,2.0,Cincinnati,2018.0,2018.0,,,,
2020,17,00-0034208,M.Boone,RB,MIN,DET,0,0,0.0,0,0.0,0.0,0.0,5,29.0,0,0,0,0.0,0,2.9,2.9,,,70.0,205.0,25.28075,2.0,Cincinnati,2018.0,2018.0,,,,
2020,4,00-0034253,D.Hilliard,RB,CLE,DAL,0,0,0.0,0,0.0,0.0,0.0,5,19.0,0,1,1,2.0,0,2.1,3.1,,,71.0,202.0,25.6999375,2.0,Tulane,2018.0,2018.0,,,,0.03846154
2020,6,00-0034253,D.Hilliard,RB,CLE,PIT,0,0,0.0,0,0.0,0.0,0.0,4,29.0,0,0,0,0.0,0,2.9,2.9,,,71.0,202.0,25.6999375,2.0,Tulane,2018.0,2018.0,,,,
2020,14,00-0034267,J.Scott,WR,NYJ,SEA,0,0,0.0,0,0.0,0.0,0.0,0,0.0,0,1,1,16.0,0,1.6,2.6,,,77.0,210.0,25.706812499999998,2.0,New Mexico State,2018.0,2018.0,BAL,132.0,,0.04347826
2020,10,00-0034270,T.Conklin,TE,MIN,CHI,0,0,0.0,0,0.0,0.0,0.0,0,0.0,0,2,2,11.0,0,1.1,3.1,,,75.0,254.0,25.28075,2.0,Central Michigan,2018.0,2018.0,MIN,157.0,,0.0625
2020,12,00-0034270,T.Conklin,TE,MIN,CAR,0,0,0.0,0,0.0,0.0,0.0,0,0.0,0,2,1,5.0,0,0.5,1.5,,,75.0,254.0,25.28075,2.0,Central Michigan,2018.0,2018.0,MIN,157.0,1.0,0.046511628
2020,13,00-0034270,T.Conklin,TE,MIN,JAX,0,0,0.0,0,0.0,0.0,0.0,0,0.0,0,1,1,10.0,0,1.0,2.0,,,75.0,254.0,25.28075,2.0,Central Michigan,2018.0,2018.0,MIN,157.0,3.0,0.025
2020,14,00-0034270,T.Conklin,TE,MIN,TB,0,0,0.0,0,0.0,0.0,0.0,0,0.0,0,5,5,40.0,0,4.0,9.0,,,75.0,254.0,25.28075,2.0,Central Michigan,2018.0,2018.0,MIN,157.0,,0.14285715
2020,15,00-0034270,T.Conklin,TE,MIN,CHI,0,0,0.0,0,0.0,0.0,0.0,0,0.0,0,4,3,57.0,1,11.7,14.7,,,75.0,254.0,25.28075,2.0,Central Michigan,2018.0,2018.0,MIN,157.0,-6.0,0.13333334
2020,16,00-0034270,T.Conklin,TE,MIN,NO,0,0,0.0,0,0.0,0.0,0.0,0,0.0,0,6,4,31.0,0,3.1,7.1,,,75.0,254.0,25.28075,2.0,Central Michigan,2018.0,2018.0,MIN,157.0,,0.15789473
2020,17,00-0034270,T.Conklin,TE,MIN,DET,0,0,0.0,0,0.0,0.0,0.0,0,0.0,0,6,3,40.0,0,4.0,7.0,,,75.0,254.0,25.28075,2.0,Central Michigan,2018.0,2018.0,MIN,157.0,,0.15789473
2020,1,00-0034272,M.Valdes-Scantling,WR,GB,MIN,0,0,0.0,0,0.0,0.0,0.0,0,0.0,0,6,4,96.0,1,15.6,19.6,,,76.0,207.0,26.106833333333334,2.0,South Florida,2018.0,2018.0,GB,174.0,,0.14634146
2020,2,00-0034272,M.Valdes-Scantling,WR,GB,DET,0,0,0.0,0,0.0,0.0,0.0,0,0.0,0,7,3,64.0,0,6.4,9.4,,,76.0,207.0,26.106833333333334,2.0,South Florida,2018.0,2018.0,GB,174.0,21.0,0.23333333
2020,3,00-0034272,M.Valdes-Scantling,WR,GB,NO,0,0,0.0,0,0.0,0.0,0.0,0,0.0,0,4,1,5.0,0,0.5,1.5,,,76.0,207.0,26.106833333333334,2.0,South Florida,2018.0,2018.0,GB,174.0,,0.13333334
2020,4,00-0034272,M.Valdes-Scantling,WR,GB,ATL,0,0,0.0,0,0.0,0.0,0.0,0,0.0,0,8,4,45.0,0,4.5,8.5,,,76.0,207.0,26.106833333333334,2.0,South Florida,2018.0,2018.0,GB,174.0,14.0,0.24242425
2020,6,00-0034272,M.Valdes-Scantling,WR,GB,TB,0,0,0.0,0,0.0,0.0,0.0,0,0.0,0,5,3,32.0,0,3.2,6.2,,,76.0,207.0,26.106833333333334,2.0,South Florida,2018.0,2018.0,GB,174.0,,0.16129032
2020,7,00-0034272,M.Valdes-Scantling,WR,GB,HOU,0,0,0.0,0,0.0,0.0,0.0,1,9.0,0,4,0,0.0,0,0.9,0.9,,,76.0,207.0,26.106833333333334,2.0,South Florida,2018.0,2018.0,GB,174.0,,0.11764706
2020,8,00-0034272,M.Valdes-Scantling,WR,GB,MIN,0,0,0.0,0,0.0,0.0,0.0,1,4.0,0,1,1,19.0,0,2.3,3.3,,,76.0,207.0,26.106833333333334,2.0,South Florida,2018.0,2018.0,GB,174.0,-6.0,0.02631579
2020,9,00-0034272,M.Valdes-Scantling,WR,GB,SF,0,0,0.0,0,0.0,0.0,0.0,0,0.0,0,4,2,53.0,2,17.3,19.3,,,76.0,207.0,26.106833333333334,2.0,South Florida,2018.0,2018.0,GB,174.0,,0.13333334
2020,10,00-0034272,M.Valdes-Scantling,WR,GB,JAX,0,0,0.0,0,0.0,0.0,0.0,0,0.0,0,6,4,149.0,1,20.9,24.9,,,76.0,207.0,26.106833333333334,2.0,South Florida,2018.0,2018.0,GB,174.0,4.0,0.18181819
2020,11,00-0034272,M.Valdes-Scantling,WR,GB,IND,0,0,0.0,0,0.0,0.0,0.0,0,0.0,0,6,3,55.0,0,3.5,6.5,,,76.0,207.0,26.106833333333334,2.0,South Florida,2018.0,2018.0,GB,174.0,,0.17142858
2020,13,00-0034272,M.Valdes-Scantling,WR,GB,PHI,0,0,0.0,0,0.0,0.0,0.0,1,-4.0,0,2,0,0.0,0,-0.4,-0.4,,,76.0,207.0,26.106833333333334,2.0,South Florida,2018.0,2018.0,GB,174.0,14.0,0.0625
2020,14,00-0034272,M.Valdes-Scantling,WR,GB,DET,0,0,0.0,0,0.0,0.0,0.0,0,0.0,0,6,6,85.0,1,14.5,20.5,,,76.0,207.0,26.106833333333334,2.0,South Florida,2018.0,2018.0,GB,174.0,,0.19354838
2020,15,00-0034272,M.Valdes-Scantling,WR,GB,CAR,0,0,0.0,0,0.0,0.0,0.0,0,0.0,0,1,0,0.0,0,0.0,0.0,,,76.0,207.0,26.106833333333334,2.0,South Florida,2018.0,2018.0,GB,174.0,8.0,0.03846154
2020,17,00-0034272,M.Valdes-Scantling,WR,GB,CHI,0,0,0.0,0,0.0,0.0,0.0,1,4.0,0,3,2,87.0,1,15.1,17.1,,,76.0,207.0,26.106833333333334,2.0,South Florida,2018.0,2018.0,GB,174.0,,0.125
2020,19,00-0034272,M.Valdes-Scantling,WR,GB,LA,0,0,0.0,0,0.0,0.0,0.0,0,0.0,0,8,4,33.0,0,3.3,7.3,,,76.0,207.0,26.106833333333334,2.0,South Florida,2018.0,2018.0,GB,174.0,14.0,0.23529412
2020,20,00-0034272,M.Valdes-Scantling,WR,GB,TB,0,0,0.0,0,0.0,0.0,0.0,0,0.0,0,6,4,115.0,1,17.5,21.5,,,76.0,207.0,26.106833333333334,2.0,South Florida,2018.0,2018.0,GB,174.0,-5.0,0.13043478
2020,1,00-0034273,D.Ratley,WR,NYG,PIT,0,0,0.0,0,0.0,0.0,0.0,0,0.0,0,1,0,0.0,0,0.0,0.0,,,74.0,200.0,25.5663125,2.0,Texas A&amp;M,2018.0,2018.0,CLE,175.0,-10.0,0.025641026
2020,2,00-0034273,D.Ratley,WR,NYG,CHI,0,0,0.0,0,0.0,0.0,0.0,0,0.0,0,2,0,0.0,0,0.0,0.0,,,74.0,200.0,25.5663125,2.0,Texas A&amp;M,2018.0,2018.0,CLE,175.0,,0.055555556
2020,3,00-0034273,D.Ratley,WR,NYG,SF,0,0,0.0,0,0.0,0.0,0.0,0,0.0,0,2,1,29.0,0,2.9,3.9,,,74.0,200.0,25.5663125,2.0,Texas A&amp;M,2018.0,2018.0,CLE,175.0,-27.0,0.06451613
2020,4,00-0034273,D.Ratley,WR,NYG,LA,0,0,0.0,0,0.0,0.0,0.0,0,0.0,0,4,3,34.0,0,3.4,6.4,,,74.0,200.0,25.5663125,2.0,Texas A&amp;M,2018.0,2018.0,CLE,175.0,,0.11111111
2020,5,00-0034273,D.Ratley,WR,NYG,DAL,0,0,0.0,0,0.0,0.0,0.0,0,0.0,0,1,0,0.0,0,0.0,0.0,,,74.0,200.0,25.5663125,2.0,Texas A&amp;M,2018.0,2018.0,CLE,175.0,,0.03448276
2020,6,00-0034279,E.St. Brown,WR,GB,TB,0,0,0.0,0,0.0,0.0,0.0,0,0.0,0,2,0,0.0,0,0.0,0.0,,,77.0,214.0,24.132833333333334,2.0,Notre Dame,2018.0,2018.0,GB,207.0,,0.06451613
2020,8,00-0034279,E.St. Brown,WR,GB,MIN,0,0,0.0,0,0.0,0.0,0.0,0,0.0,0,3,1,12.0,0,1.2,2.2,,,77.0,214.0,24.132833333333334,2.0,Notre Dame,2018.0,2018.0,GB,207.0,-6.0,0.078947365
2020,11,00-0034279,E.St. Brown,WR,GB,IND,0,0,0.0,0,0.0,0.0,0.0,0,0.0,0,1,1,23.0,0,2.3,3.3,,,77.0,214.0,24.132833333333334,2.0,Notre Dame,2018.0,2018.0,GB,207.0,,0.028571429
2020,12,00-0034279,E.St. Brown,WR,GB,CHI,0,0,0.0,0,0.0,0.0,0.0,1,7.0,0,2,2,39.0,0,4.6,6.6,,,77.0,214.0,24.132833333333334,2.0,Notre Dame,2018.0,2018.0,GB,207.0,16.0,0.06896552
2020,13,00-0034279,E.St. Brown,WR,GB,PHI,0,0,0.0,0,0.0,0.0,0.0,0,0.0,0,2,1,7.0,0,0.7,1.7,,,77.0,214.0,24.132833333333334,2.0,Notre Dame,2018.0,2018.0,GB,207.0,14.0,0.0625
2020,14,00-0034279,E.St. Brown,WR,GB,DET,0,0,0.0,0,0.0,0.0,0.0,0,0.0,0,1,1,15.0,0,1.5,2.5,,,77.0,214.0,24.132833333333334,2.0,Notre Dame,2018.0,2018.0,GB,207.0,,0.032258064
2020,16,00-0034279,E.St. Brown,WR,GB,TEN,0,0,0.0,0,0.0,0.0,0.0,0,0.0,0,1,1,21.0,1,8.1,9.1,,,77.0,214.0,24.132833333333334,2.0,Notre Dame,2018.0,2018.0,GB,207.0,26.0,0.041666668
2020,17,00-0034279,E.St. Brown,WR,GB,CHI,0,0,0.0,0,0.0,0.0,0.0,0,0.0,0,1,0,0.0,0,0.0,0.0,,,77.0,214.0,24.132833333333334,2.0,Notre Dame,2018.0,2018.0,GB,207.0,,0.041666668
2020,19,00-0034279,E.St. Brown,WR,GB,LA,0,0,0.0,0,0.0,0.0,0.0,0,0.0,0,2,1,27.0,0,2.7,3.7,,,77.0,214.0,24.132833333333334,2.0,Notre Dame,2018.0,2018.0,GB,207.0,14.0,0.05882353
2020,20,00-0034279,E.St. Brown,WR,GB,TB,0,0,0.0,0,0.0,0.0,0.0,0,0.0,0,1,1,10.0,0,1.0,2.0,,,77.0,214.0,24.132833333333334,2.0,Notre Dame,2018.0,2018.0,GB,207.0,-5.0,0.02173913
2020,9,00-0034286,R.James,WR,SF,GB,0,0,0.0,0,0.0,0.0,0.0,0,0.0,0,13,9,184.0,1,24.4,33.4,,,69.0,185.0,25.174375,2.0,Middle Tennessee,2018.0,2018.0,SF,240.0,-17.0,0.38235295
2020,10,00-0034286,R.James,WR,SF,NO,0,0,0.0,0,0.0,0.0,0.0,0,0.0,0,5,3,26.0,0,2.6,5.6,,,69.0,185.0,25.174375,2.0,Middle Tennessee,2018.0,2018.0,SF,240.0,,0.12820514
2020,12,00-0034286,R.James,WR,SF,LA,0,0,0.0,0,0.0,0.0,0.0,0,0.0,0,1,1,29.0,0,2.9,3.9,,,69.0,185.0,25.174375,2.0,Middle Tennessee,2018.0,2018.0,SF,240.0,,0.029411765
2020,14,00-0034286,R.James,WR,SF,WAS,0,0,0.0,0,0.0,0.0,0.0,0,0.0,0,3,3,33.0,0,3.3,6.3,,,69.0,185.0,25.174375,2.0,Middle Tennessee,2018.0,2018.0,SF,240.0,-8.0,0.06818182
2020,15,00-0034286,R.James,WR,SF,DAL,0,0,0.0,0,0.0,0.0,0.0,0,0.0,0,7,4,56.0,0,5.6,9.6,,,69.0,185.0,25.174375,2.0,Middle Tennessee,2018.0,2018.0,SF,240.0,,0.17073171
2020,16,00-0034286,R.James,WR,SF,ARI,0,0,0.0,0,0.0,0.0,0.0,0,0.0,0,1,0,0.0,0,0.0,0.0,,,69.0,185.0,25.174375,2.0,Middle Tennessee,2018.0,2018.0,SF,240.0,,0.04761905
2020,17,00-0034286,R.James,WR,SF,SEA,0,0,0.0,0,0.0,0.0,0.0,0,0.0,0,5,3,66.0,0,6.6,9.6,,,69.0,185.0,25.174375,2.0,Middle Tennessee,2018.0,2018.0,SF,240.0,-3.0,0.14285715
2020,5,00-0034297,B.Pringle,WR,KC,LV,0,0,0.0,0,0.0,0.0,0.0,0,0.0,0,1,1,23.0,0,2.3,3.3,,,73.0,205.0,27.00936842105263,2.0,Kansas State,2018.0,2018.0,,,-8.0,0.023809524
2020,6,00-0034297,B.Pringle,WR,KC,BUF,0,0,0.0,0,0.0,0.0,0.0,0,0.0,0,2,2,46.0,0,4.6,6.6,,,73.0,205.0,27.00936842105263,2.0,Kansas State,2018.0,2018.0,,,,0.07692308
2020,7,00-0034297,B.Pringle,WR,KC,DEN,0,0,0.0,0,0.0,0.0,0.0,0,0.0,0,0,0,0.0,0,6.0,6.0,,,73.0,205.0,27.00936842105263,2.0,Kansas State,2018.0,2018.0,,,,
2020,8,00-0034297,B.Pringle,WR,KC,NYJ,0,0,0.0,0,0.0,0.0,0.0,0,0.0,0,4,3,22.0,0,2.2,5.2,,,73.0,205.0,27.00936842105263,2.0,Kansas State,2018.0,2018.0,,,26.0,0.08510638
2020,11,00-0034297,B.Pringle,WR,KC,LV,0,0,0.0,0,0.0,0.0,0.0,0,0.0,0,4,3,17.0,0,1.7,4.7,,,73.0,205.0,27.00936842105263,2.0,Kansas State,2018.0,2018.0,,,,0.09090909
2020,17,00-0034297,B.Pringle,WR,KC,LAC,0,0,0.0,0,0.0,0.0,0.0,0,0.0,0,6,4,52.0,1,11.2,15.2,,,73.0,205.0,27.00936842105263,2.0,Kansas State,2018.0,2018.0,,,-17.0,0.19354838
2020,19,00-0034297,B.Pringle,WR,KC,CLE,0,0,0.0,0,0.0,0.0,0.0,0,0.0,0,3,2,14.0,0,1.4,3.4,,,73.0,205.0,27.00936842105263,2.0,Kansas State,2018.0,2018.0,,,5.0,0.08108108
2020,20,00-0034297,B.Pringle,WR,KC,BUF,0,0,0.0,0,0.0,0.0,0.0,0,0.0,0,5,3,22.0,0,2.2,5.2,,,73.0,205.0,27.00936842105263,2.0,Kansas State,2018.0,2018.0,,,14.0,0.13157895
2020,21,00-0034297,B.Pringle,WR,KC,TB,0,0,0.0,0,0.0,0.0,0.0,0,0.0,0,2,1,3.0,0,0.3,1.3,,,73.0,205.0,27.00936842105263,2.0,Kansas State,2018.0,2018.0,,,,0.04347826
2020,1,00-0034301,D.Williams,RB,KC,HOU,0,0,0.0,0,0.0,0.0,0.0,7,23.0,0,2,2,7.0,0,3.0,5.0,,,71.0,224.0,25.602105263157895,2.0,Louisiana State,2018.0,2018.0,,,14.0,0.0625
2020,2,00-0034301,D.Williams,RB,KC,LAC,0,0,0.0,0,0.0,0.0,0.0,0,0.0,0,1,1,12.0,0,1.2,2.2,,,71.0,224.0,25.602105263157895,2.0,Louisiana State,2018.0,2018.0,,,,0.022222223
2020,3,00-0034301,D.Williams,RB,KC,BAL,0,0,0.0,0,0.0,0.0,0.0,2,6.0,0,2,2,1.0,0,0.7,2.7,,,71.0,224.0,25.602105263157895,2.0,Louisiana State,2018.0,2018.0,,,,0.048780486
2020,4,00-0034301,D.Williams,RB,KC,NE,0,0,0.0,0,0.0,0.0,0.0,1,2.0,0,1,0,0.0,0,0.2,0.2,,,71.0,224.0,25.602105263157895,2.0,Louisiana State,2018.0,2018.0,,,16.0,0.03448276
2020,5,00-0034301,D.Williams,RB,KC,LV,0,0,0.0,0,0.0,0.0,0.0,1,4.0,0,5,1,15.0,0,3.9,4.9,,,71.0,224.0,25.602105263157895,2.0,Louisiana State,2018.0,2018.0,,,-8.0,0.11904762
2020,6,00-0034301,D.Williams,RB,KC,BUF,0,0,0.0,0,0.0,0.0,0.0,6,26.0,1,1,1,15.0,0,10.1,11.1,,,71.0,224.0,25.602105263157895,2.0,Louisiana State,2018.0,2018.0,,,,0.03846154
2020,8,00-0034301,D.Williams,RB,KC,NYJ,0,0,0.0,0,0.0,0.0,0.0,3,19.0,0,1,1,7.0,0,2.6,3.6,,,71.0,224.0,25.602105263157895,2.0,Louisiana State,2018.0,2018.0,,,26.0,0.021276595
2020,9,00-0034301,D.Williams,RB,KC,CAR,0,0,0.0,0,0.0,0.0,0.0,0,0.0,0,1,1,3.0,0,0.3,1.3,,,71.0,224.0,25.602105263157895,2.0,Louisiana State,2018.0,2018.0,,,2.0,0.022727273
2020,11,00-0034301,D.Williams,RB,KC,LV,0,0,0.0,0,0.0,0.0,0.0,0,0.0,0,3,3,22.0,0,2.2,5.2,,,71.0,224.0,25.602105263157895,2.0,Louisiana State,2018.0,2018.0,,,,0.06818182
2020,13,00-0034301,D.Williams,RB,KC,DEN,0,0,0.0,0,0.0,0.0,0.0,6,38.0,0,2,1,5.0,0,4.3,5.3,,,71.0,224.0,25.602105263157895,2.0,Louisiana State,2018.0,2018.0,,,6.0,0.05
2020,15,00-0034301,D.Williams,RB,KC,NO,0,0,0.0,0,0.0,0.0,0.0,3,5.0,0,0,0,0.0,0,0.5,0.5,,,71.0,224.0,25.602105263157895,2.0,Louisiana State,2018.0,2018.0,,,,
2020,16,00-0034301,D.Williams,RB,KC,ATL,0,0,0.0,0,0.0,0.0,0.0,10,46.0,0,6,4,27.0,0,7.3,11.3,,,71.0,224.0,25.602105263157895,2.0,Louisiana State,2018.0,2018.0,,,3.0,0.14285715
2020,17,00-0034301,D.Williams,RB,KC,LAC,0,0,0.0,0,0.0,0.0,0.0,0,0.0,0,1,1,2.0,0,0.2,1.2,,,71.0,224.0,25.602105263157895,2.0,Louisiana State,2018.0,2018.0,,,-17.0,0.032258064
2020,19,00-0034301,D.Williams,RB,KC,CLE,0,0,0.0,0,0.0,0.0,0.0,13,78.0,0,4,4,16.0,0,9.4,13.4,,,71.0,224.0,25.602105263157895,2.0,Louisiana State,2018.0,2018.0,,,5.0,0.10810811
2020,20,00-0034301,D.Williams,RB,KC,BUF,0,0,0.0,0,0.0,0.0,0.0,13,52.0,1,1,1,9.0,0,12.1,13.1,,,71.0,224.0,25.602105263157895,2.0,Louisiana State,2018.0,2018.0,,,14.0,0.02631579
2020,21,00-0034301,D.Williams,RB,KC,TB,0,0,0.0,0,0.0,0.0,0.0,2,5.0,0,7,2,10.0,0,1.5,3.5,,,71.0,224.0,25.602105263157895,2.0,Louisiana State,2018.0,2018.0,,,,0.1521739
2020,3,00-0034309,C.Beebe,WR,MIN,TEN,0,0,0.0,0,0.0,0.0,0.0,0,0.0,0,1,1,7.0,0,0.7,1.7,,,70.0,185.0,26.4415625,2.0,Northern Illinois,2018.0,2018.0,,,-1.0,0.04
2020,5,00-0034309,C.Beebe,WR,MIN,SEA,0,0,0.0,0,0.0,0.0,0.0,0,0.0,0,2,1,11.0,0,1.1,2.1,,,70.0,185.0,26.4415625,2.0,Northern Illinois,2018.0,2018.0,,,,0.05263158
2020,6,00-0034309,C.Beebe,WR,MIN,ATL,0,0,0.0,0,0.0,0.0,0.0,0,0.0,0,6,2,13.0,0,1.3,3.3,,,70.0,185.0,26.4415625,2.0,Northern Illinois,2018.0,2018.0,,,-17.0,0.17142858
2020,8,00-0034309,C.Beebe,WR,MIN,GB,0,0,0.0,0,0.0,0.0,0.0,0,0.0,0,1,1,16.0,0,1.6,2.6,,,70.0,185.0,26.4415625,2.0,Northern Illinois,2018.0,2018.0,,,,0.071428575
2020,10,00-0034309,C.Beebe,WR,MIN,CHI,0,0,0.0,0,0.0,0.0,0.0,0,0.0,0,2,2,16.0,0,1.6,3.6,,,70.0,185.0,26.4415625,2.0,Northern Illinois,2018.0,2018.0,,,,0.0625
2020,12,00-0034309,C.Beebe,WR,MIN,CAR,0,0,0.0,0,0.0,0.0,0.0,0,0.0,0,7,7,63.0,1,12.3,19.3,,,70.0,185.0,26.4415625,2.0,Northern Illinois,2018.0,2018.0,,,1.0,0.1627907
2020,13,00-0034309,C.Beebe,WR,MIN,JAX,0,0,0.0,0,0.0,0.0,0.0,0,0.0,0,3,2,10.0,0,1.0,3.0,,,70.0,185.0,26.4415625,2.0,Northern Illinois,2018.0,2018.0,,,3.0,0.075
2020,14,00-0034309,C.Beebe,WR,MIN,TB,0,0,0.0,0,0.0,0.0,0.0,0,0.0,0,3,0,0.0,0,0.0,0.0,,,70.0,185.0,26.4415625,2.0,Northern Illinois,2018.0,2018.0,,,,0.08571429
2020,15,00-0034309,C.Beebe,WR,MIN,CHI,0,0,0.0,0,0.0,0.0,0.0,0,0.0,0,2,2,21.0,0,2.1,4.1,,,70.0,185.0,26.4415625,2.0,Northern Illinois,2018.0,2018.0,,,-6.0,0.06666667
2020,17,00-0034309,C.Beebe,WR,MIN,DET,0,0,0.0,0,0.0,0.0,0.0,0,0.0,0,3,2,44.0,1,10.4,12.4,,,70.0,185.0,26.4415625,2.0,Northern Illinois,2018.0,2018.0,,,,0.078947365
2020,6,00-0034317,K.Kirkwood,WR,CAR,CHI,0,0,0.0,0,0.0,0.0,0.0,0,0.0,0,2,1,13.0,0,1.3,2.3,,,75.0,210.0,25.8644375,2.0,Temple,2018.0,2018.0,,,-7.0,0.074074075
2020,4,00-0034319,D.Yelder,TE,KC,NE,0,0,0.0,0,0.0,0.0,0.0,0,0.0,0,1,1,5.0,0,0.5,1.5,,,76.0,255.0,25.71157894736842,2.0,Western Kentucky,2018.0,2018.0,,,16.0,0.03448276
2020,8,00-0034319,D.Yelder,TE,KC,NYJ,0,0,0.0,0,0.0,0.0,0.0,0,0.0,0,1,1,5.0,0,0.5,1.5,,,76.0,255.0,25.71157894736842,2.0,Western Kentucky,2018.0,2018.0,,,26.0,0.021276595
2020,12,00-0034319,D.Yelder,TE,KC,TB,0,0,0.0,0,0.0,0.0,0.0,0,0.0,0,1,1,2.0,0,0.2,1.2,,,76.0,255.0,25.71157894736842,2.0,Western Kentucky,2018.0,2018.0,,,,0.02173913
2020,15,00-0034319,D.Yelder,TE,KC,NO,0,0,0.0,0,0.0,0.0,0.0,0,0.0,0,1,1,6.0,0,0.6,1.6,,,76.0,255.0,25.71157894736842,2.0,Western Kentucky,2018.0,2018.0,,,,0.022727273
2020,16,00-0034319,D.Yelder,TE,KC,ATL,0,0,0.0,0,0.0,0.0,0.0,0,0.0,0,1,1,12.0,0,1.2,2.2,,,76.0,255.0,25.71157894736842,2.0,Western Kentucky,2018.0,2018.0,,,3.0,0.023809524
2020,17,00-0034319,D.Yelder,TE,KC,LAC,0,0,0.0,0,0.0,0.0,0.0,0,0.0,0,6,2,6.0,0,0.6,2.6,,,76.0,255.0,25.71157894736842,2.0,Western Kentucky,2018.0,2018.0,,,-17.0,0.19354838
2020,1,00-0034331,J.Samuels,RB,PIT,NYG,0,0,0.0,0,0.0,0.0,0.0,1,2.0,0,1,1,1.0,0,0.3,1.3,,,72.0,225.0,24.320647058823532,2.0,North Carolina State,2018.0,2018.0,PIT,165.0,,0.032258064
2020,2,00-0034331,J.Samuels,RB,PIT,DEN,0,0,0.0,0,0.0,0.0,0.0,0,0.0,0,2,1,4.0,0,0.4,1.4,,,72.0,225.0,24.320647058823532,2.0,North Carolina State,2018.0,2018.0,PIT,165.0,5.0,0.048780486
2020,3,00-0034331,J.Samuels,RB,PIT,HOU,0,0,0.0,0,0.0,0.0,0.0,1,1.0,0,0,0,0.0,0,0.1,0.1,,,72.0,225.0,24.320647058823532,2.0,North Carolina State,2018.0,2018.0,PIT,165.0,7.0,
2020,7,00-0034331,J.Samuels,RB,PIT,TEN,0,0,0.0,0,0.0,0.0,0.0,1,5.0,0,0,0,0.0,0,0.5,0.5,,,72.0,225.0,24.320647058823532,2.0,North Carolina State,2018.0,2018.0,PIT,165.0,,
2020,8,00-0034331,J.Samuels,RB,PIT,BAL,0,0,0.0,0,0.0,0.0,0.0,0,0.0,0,2,0,0.0,0,0.0,0.0,,,72.0,225.0,24.320647058823532,2.0,North Carolina State,2018.0,2018.0,PIT,165.0,,0.0625
2020,13,00-0034331,J.Samuels,RB,PIT,WAS,0,0,0.0,0,0.0,0.0,0.0,1,1.0,0,4,3,11.0,0,1.2,4.2,,,72.0,225.0,24.320647058823532,2.0,North Carolina State,2018.0,2018.0,PIT,165.0,-6.0,0.0754717
2020,14,00-0034331,J.Samuels,RB,PIT,BUF,0,0,0.0,0,0.0,0.0,0.0,4,15.0,0,4,3,18.0,0,3.3,6.3,,,72.0,225.0,24.320647058823532,2.0,North Carolina State,2018.0,2018.0,PIT,165.0,,0.10810811
2020,15,00-0034331,J.Samuels,RB,PIT,CIN,0,0,0.0,0,0.0,0.0,0.0,1,4.0,0,1,1,12.0,0,1.6,2.6,,,72.0,225.0,24.320647058823532,2.0,North Carolina State,2018.0,2018.0,PIT,165.0,,0.02631579
2020,2,00-0034348,C.Sutton,WR,DEN,PIT,0,0,0.0,0,0.0,0.0,0.0,0,0.0,0,6,3,66.0,0,6.6,9.6,,,76.0,216.0,25.0856875,2.0,Southern Methodist,2018.0,2018.0,DEN,40.0,,0.15789473
2020,1,00-0034349,K.Johnson,RB,DET,CHI,0,0,0.0,0,0.0,0.0,0.0,7,14.0,0,0,0,0.0,0,1.4,1.4,,,71.0,212.0,23.363500000000002,2.0,Auburn,2018.0,2018.0,DET,43.0,-4.0,
2020,2,00-0034349,K.Johnson,RB,DET,GB,0,0,0.0,0,0.0,0.0,0.0,8,32.0,1,1,0,0.0,0,9.2,9.2,,,71.0,212.0,23.363500000000002,2.0,Auburn,2018.0,2018.0,DET,43.0,,0.033333335
2020,3,00-0034349,K.Johnson,RB,DET,ARI,0,0,0.0,0,0.0,0.0,0.0,3,16.0,0,1,1,14.0,0,3.0,4.0,,,71.0,212.0,23.363500000000002,2.0,Auburn,2018.0,2018.0,DET,43.0,,0.032258064
2020,4,00-0034349,K.Johnson,RB,DET,NO,0,0,0.0,0,0.0,0.0,0.0,3,9.0,0,1,1,3.0,0,1.2,2.2,,,71.0,212.0,23.363500000000002,2.0,Auburn,2018.0,2018.0,DET,43.0,-6.0,0.033333335
2020,6,00-0034349,K.Johnson,RB,DET,JAX,0,0,0.0,0,0.0,0.0,0.0,4,9.0,0,2,1,11.0,0,2.0,3.0,,,71.0,212.0,23.363500000000002,2.0,Auburn,2018.0,2018.0,DET,43.0,,0.06451613
2020,8,00-0034349,K.Johnson,RB,DET,IND,0,0,0.0,0,0.0,0.0,0.0,0,0.0,0,2,2,15.0,1,7.5,9.5,,,71.0,212.0,23.363500000000002,2.0,Auburn,2018.0,2018.0,DET,43.0,-20.0,0.05
2020,9,00-0034349,K.Johnson,RB,DET,MIN,0,0,0.0,0,0.0,0.0,0.0,4,29.0,0,3,3,36.0,0,6.5,9.5,,,71.0,212.0,23.363500000000002,2.0,Auburn,2018.0,2018.0,DET,43.0,,0.06818182
2020,10,00-0034349,K.Johnson,RB,DET,WAS,0,0,0.0,0,0.0,0.0,0.0,1,3.0,0,0,0,0.0,0,0.3,0.3,,,71.0,212.0,23.363500000000002,2.0,Auburn,2018.0,2018.0,DET,43.0,3.0,
2020,11,00-0034349,K.Johnson,RB,DET,CAR,0,0,0.0,0,0.0,0.0,0.0,6,17.0,0,5,2,21.0,0,3.8,5.8,,,71.0,212.0,23.363500000000002,2.0,Auburn,2018.0,2018.0,DET,43.0,,0.15625
2020,12,00-0034349,K.Johnson,RB,DET,HOU,0,0,0.0,0,0.0,0.0,0.0,11,46.0,0,4,4,52.0,0,7.8,11.8,,,71.0,212.0,23.363500000000002,2.0,Auburn,2018.0,2018.0,DET,43.0,-16.0,0.0952381
2020,13,00-0034349,K.Johnson,RB,DET,CHI,0,0,0.0,0,0.0,0.0,0.0,3,3.0,0,3,2,8.0,0,1.1,3.1,,,71.0,212.0,23.363500000000002,2.0,Auburn,2018.0,2018.0,DET,43.0,,0.07317073
2020,14,00-0034349,K.Johnson,RB,DET,GB,0,0,0.0,0,0.0,0.0,0.0,2,3.0,1,1,1,10.0,0,7.3,8.3,,,71.0,212.0,23.363500000000002,2.0,Auburn,2018.0,2018.0,DET,43.0,-7.0,0.02631579
2020,16,00-0034349,K.Johnson,RB,DET,TB,0,0,0.0,0,0.0,0.0,0.0,0,0.0,0,2,2,17.0,0,1.7,3.7,,,71.0,212.0,23.363500000000002,2.0,Auburn,2018.0,2018.0,DET,43.0,-40.0,0.06666667
2020,17,00-0034349,K.Johnson,RB,DET,MIN,0,0,0.0,0,0.0,0.0,0.0,0,0.0,0,1,0,0.0,0,0.0,0.0,,,71.0,212.0,23.363500000000002,2.0,Auburn,2018.0,2018.0,DET,43.0,-2.0,0.032258064
2020,1,00-0034351,D.Goedert,TE,PHI,WAS,0,0,0.0,0,0.0,0.0,0.0,0,0.0,0,9,8,101.0,1,16.1,24.1,,,77.0,256.0,25.8476875,2.0,South Dakota State,2018.0,2018.0,PHI,49.0,,0.21428572
2020,2,00-0034351,D.Goedert,TE,PHI,LA,0,0,0.0,0,0.0,0.0,0.0,0,0.0,0,8,4,30.0,0,3.0,7.0,,,77.0,256.0,25.8476875,2.0,South Dakota State,2018.0,2018.0,PHI,49.0,-18.0,0.19512194
2020,3,00-0034351,D.Goedert,TE,PHI,CIN,0,0,0.0,0,0.0,0.0,0.0,0,0.0,0,1,1,7.0,0,0.7,1.7,,,77.0,256.0,25.8476875,2.0,South Dakota State,2018.0,2018.0,PHI,49.0,0.0,0.022727273
2020,8,00-0034351,D.Goedert,TE,PHI,DAL,0,0,0.0,0,0.0,0.0,0.0,0,0.0,0,1,1,15.0,0,1.5,2.5,,,77.0,256.0,25.8476875,2.0,South Dakota State,2018.0,2018.0,PHI,49.0,14.0,0.03846154
2020,10,00-0034351,D.Goedert,TE,PHI,NYG,0,0,0.0,0,0.0,0.0,0.0,0,0.0,0,6,4,33.0,0,3.3,7.3,,,77.0,256.0,25.8476875,2.0,South Dakota State,2018.0,2018.0,PHI,49.0,,0.16666667
2020,11,00-0034351,D.Goedert,TE,PHI,CLE,0,0,0.0,0,0.0,0.0,0.0,0,0.0,0,6,5,77.0,1,13.7,18.7,,,77.0,256.0,25.8476875,2.0,South Dakota State,2018.0,2018.0,PHI,49.0,,0.1764706
2020,12,00-0034351,D.Goedert,TE,PHI,SEA,0,0,0.0,0,0.0,0.0,0.0,0,0.0,0,10,7,75.0,1,13.5,20.5,,,77.0,256.0,25.8476875,2.0,South Dakota State,2018.0,2018.0,PHI,49.0,-6.0,0.23809524
2020,13,00-0034351,D.Goedert,TE,PHI,GB,0,0,0.0,0,0.0,0.0,0.0,0,0.0,0,7,5,66.0,0,6.6,11.6,,,77.0,256.0,25.8476875,2.0,South Dakota State,2018.0,2018.0,PHI,49.0,,0.28
2020,14,00-0034351,D.Goedert,TE,PHI,NO,0,0,0.0,0,0.0,0.0,0.0,0,0.0,0,6,4,43.0,0,4.3,8.3,,,77.0,256.0,25.8476875,2.0,South Dakota State,2018.0,2018.0,PHI,49.0,3.0,0.23076923
2020,15,00-0034351,D.Goedert,TE,PHI,ARI,0,0,0.0,0,0.0,0.0,0.0,0,0.0,0,8,4,39.0,0,3.9,7.9,,,77.0,256.0,25.8476875,2.0,South Dakota State,2018.0,2018.0,PHI,49.0,,0.2
2020,16,00-0034351,D.Goedert,TE,PHI,DAL,0,0,0.0,0,0.0,0.0,0.0,0,0.0,0,3,3,38.0,0,3.8,6.8,,,77.0,256.0,25.8476875,2.0,South Dakota State,2018.0,2018.0,PHI,49.0,,0.0882353
2020,1,00-0034353,A.Miller,WR,CHI,DET,0,0,0.0,0,0.0,0.0,0.0,0,0.0,0,6,4,76.0,1,13.6,17.6,,,71.0,199.0,26.091235294117645,2.0,Memphis,2018.0,2018.0,CHI,51.0,,0.16666667
2020,2,00-0034353,A.Miller,WR,CHI,NYG,0,0,0.0,0,0.0,0.0,0.0,0,0.0,0,3,0,0.0,0,0.0,0.0,,,71.0,199.0,26.091235294117645,2.0,Memphis,2018.0,2018.0,CHI,51.0,4.0,0.10714286
2020,3,00-0034353,A.Miller,WR,CHI,ATL,0,0,0.0,0,0.0,0.0,0.0,1,9.0,0,5,2,41.0,1,11.0,13.0,,,71.0,199.0,26.091235294117645,2.0,Memphis,2018.0,2018.0,CHI,51.0,,0.10204082
2020,4,00-0034353,A.Miller,WR,CHI,IND,0,0,0.0,0,0.0,0.0,0.0,0,0.0,0,5,3,16.0,0,1.6,4.6,,,71.0,199.0,26.091235294117645,2.0,Memphis,2018.0,2018.0,CHI,51.0,-8.0,0.11904762
2020,5,00-0034353,A.Miller,WR,CHI,TB,0,0,0.0,0,0.0,0.0,0.0,0,0.0,0,4,4,28.0,0,2.8,6.8,,,71.0,199.0,26.091235294117645,2.0,Memphis,2018.0,2018.0,CHI,51.0,1.0,0.0952381
2020,6,00-0034353,A.Miller,WR,CHI,CAR,0,0,0.0,0,0.0,0.0,0.0,0,0.0,0,3,3,8.0,0,0.8,3.8,,,71.0,199.0,26.091235294117645,2.0,Memphis,2018.0,2018.0,CHI,51.0,,0.083333336
2020,7,00-0034353,A.Miller,WR,CHI,LA,0,0,0.0,0,0.0,0.0,0.0,0,0.0,0,5,3,20.0,0,2.0,5.0,,,71.0,199.0,26.091235294117645,2.0,Memphis,2018.0,2018.0,CHI,51.0,,0.13157895
2020,8,00-0034353,A.Miller,WR,CHI,NO,0,0,0.0,0,0.0,0.0,0.0,0,0.0,0,11,8,73.0,0,7.3,15.3,,,71.0,199.0,26.091235294117645,2.0,Memphis,2018.0,2018.0,CHI,51.0,-3.0,0.2682927
2020,9,00-0034353,A.Miller,WR,CHI,TEN,0,0,0.0,0,0.0,0.0,0.0,0,0.0,0,8,5,59.0,0,3.9,8.9,,,71.0,199.0,26.091235294117645,2.0,Memphis,2018.0,2018.0,CHI,51.0,,0.17021276
2020,10,00-0034353,A.Miller,WR,CHI,MIN,0,0,0.0,0,0.0,0.0,0.0,0,0.0,0,7,2,28.0,0,2.8,4.8,,,71.0,199.0,26.091235294117645,2.0,Memphis,2018.0,2018.0,CHI,51.0,-6.0,0.2413793
2020,12,00-0034353,A.Miller,WR,CHI,GB,0,0,0.0,0,0.0,0.0,0.0,0,0.0,0,6,3,28.0,0,2.8,5.8,,,71.0,199.0,26.091235294117645,2.0,Memphis,2018.0,2018.0,CHI,51.0,,0.13636364
2020,13,00-0034353,A.Miller,WR,CHI,DET,0,0,0.0,0,0.0,0.0,0.0,1,3.0,0,5,5,56.0,0,5.9,10.9,,,71.0,199.0,26.091235294117645,2.0,Memphis,2018.0,2018.0,CHI,51.0,-4.0,0.15151516
2020,14,00-0034353,A.Miller,WR,CHI,HOU,0,0,0.0,0,0.0,0.0,0.0,0,0.0,0,2,2,16.0,0,1.6,3.6,,,71.0,199.0,26.091235294117645,2.0,Memphis,2018.0,2018.0,CHI,51.0,29.0,0.060606062
2020,15,00-0034353,A.Miller,WR,CHI,MIN,0,0,0.0,0,0.0,0.0,0.0,0,0.0,0,1,1,13.0,0,1.3,2.3,,,71.0,199.0,26.091235294117645,2.0,Memphis,2018.0,2018.0,CHI,51.0,,0.04761905
2020,16,00-0034353,A.Miller,WR,CHI,JAX,0,0,0.0,0,0.0,0.0,0.0,0,0.0,0,3,2,10.0,0,1.0,3.0,,,71.0,199.0,26.091235294117645,2.0,Memphis,2018.0,2018.0,CHI,51.0,,0.083333336
2020,17,00-0034353,A.Miller,WR,CHI,GB,0,0,0.0,0,0.0,0.0,0.0,0,0.0,0,2,2,13.0,0,1.3,3.3,,,71.0,199.0,26.091235294117645,2.0,Memphis,2018.0,2018.0,CHI,51.0,-19.0,0.048780486
2020,18,00-0034353,A.Miller,WR,CHI,NO,0,0,0.0,0,0.0,0.0,0.0,1,2.0,0,3,2,22.0,0,2.4,4.4,,,71.0,199.0,26.091235294117645,2.0,Memphis,2018.0,2018.0,CHI,51.0,,0.11111111
2020,1,00-0034364,J.Akins,TE,HOU,KC,0,0,0.0,0,0.0,0.0,0.0,0,0.0,0,2,2,39.0,1,9.9,11.9,,,76.0,243.0,28.5559375,2.0,Central Florida,2018.0,2018.0,HOU,98.0,,0.06451613
2020,2,00-0034364,J.Akins,TE,HOU,BAL,0,0,0.0,0,0.0,0.0,0.0,0,0.0,0,7,7,55.0,0,5.5,12.5,,,76.0,243.0,28.5559375,2.0,Central Florida,2018.0,2018.0,HOU,98.0,-17.0,0.20588236
2020,3,00-0034364,J.Akins,TE,HOU,PIT,0,0,0.0,0,0.0,0.0,0.0,0,0.0,0,3,2,28.0,0,2.8,4.8,,,76.0,243.0,28.5559375,2.0,Central Florida,2018.0,2018.0,HOU,98.0,,0.11111111
2020,4,00-0034364,J.Akins,TE,HOU,MIN,0,0,0.0,0,0.0,0.0,0.0,0,0.0,0,3,3,46.0,0,4.6,7.6,,,76.0,243.0,28.5559375,2.0,Central Florida,2018.0,2018.0,HOU,98.0,-8.0,0.09677419
2020,9,00-0034364,J.Akins,TE,HOU,JAX,0,0,0.0,0,0.0,0.0,0.0,0,0.0,0,4,2,19.0,0,1.9,3.9,,,76.0,243.0,28.5559375,2.0,Central Florida,2018.0,2018.0,HOU,98.0,,0.13793103
2020,10,00-0034364,J.Akins,TE,HOU,CLE,0,0,0.0,0,0.0,0.0,0.0,0,0.0,0,1,1,5.0,0,0.5,1.5,,,76.0,243.0,28.5559375,2.0,Central Florida,2018.0,2018.0,HOU,98.0,,0.035714287
2020,11,00-0034364,J.Akins,TE,HOU,NE,0,0,0.0,0,0.0,0.0,0.0,0,0.0,0,6,5,83.0,0,8.3,13.3,,,76.0,243.0,28.5559375,2.0,Central Florida,2018.0,2018.0,HOU,98.0,7.0,0.16216215
2020,12,00-0034364,J.Akins,TE,HOU,DET,0,0,0.0,0,0.0,0.0,0.0,1,4.0,0,2,0,0.0,0,0.4,0.4,,,76.0,243.0,28.5559375,2.0,Central Florida,2018.0,2018.0,HOU,98.0,,0.08695652
2020,13,00-0034364,J.Akins,TE,HOU,IND,0,0,0.0,0,0.0,0.0,0.0,0,0.0,0,3,2,10.0,0,1.0,3.0,,,76.0,243.0,28.5559375,2.0,Central Florida,2018.0,2018.0,HOU,98.0,-6.0,0.08108108
2020,14,00-0034364,J.Akins,TE,HOU,CHI,0,0,0.0,0,0.0,0.0,0.0,0,0.0,0,6,3,20.0,0,2.0,5.0,,,76.0,243.0,28.5559375,2.0,Central Florida,2018.0,2018.0,HOU,98.0,,0.22222222
2020,15,00-0034364,J.Akins,TE,HOU,IND,0,0,0.0,0,0.0,0.0,0.0,0,0.0,0,6,5,50.0,0,5.0,10.0,,,76.0,243.0,28.5559375,2.0,Central Florida,2018.0,2018.0,HOU,98.0,,0.15789473
2020,16,00-0034364,J.Akins,TE,HOU,CIN,0,0,0.0,0,0.0,0.0,0.0,0,0.0,0,4,4,39.0,0,3.9,7.9,,,76.0,243.0,28.5559375,2.0,Central Florida,2018.0,2018.0,HOU,98.0,-6.0,0.121212125
2020,17,00-0034364,J.Akins,TE,HOU,TEN,0,0,0.0,0,0.0,0.0,0.0,0,0.0,0,2,1,9.0,0,0.9,1.9,,,76.0,243.0,28.5559375,2.0,Central Florida,2018.0,2018.0,HOU,98.0,-3.0,0.05
2020,1,00-0034365,I.Thomas,TE,CAR,LV,0,0,0.0,0,0.0,0.0,0.0,0,0.0,0,2,2,16.0,0,1.6,3.6,,,76.0,260.0,24.419,2.0,Indiana,2018.0,2018.0,CAR,101.0,-4.0,0.05882353
2020,3,00-0034365,I.Thomas,TE,CAR,LAC,0,0,0.0,0,0.0,0.0,0.0,0,0.0,0,2,1,9.0,0,0.9,1.9,,,76.0,260.0,24.419,2.0,Indiana,2018.0,2018.0,CAR,101.0,,0.074074075
2020,4,00-0034365,I.Thomas,TE,CAR,ARI,0,0,0.0,0,0.0,0.0,0.0,0,0.0,0,5,2,5.0,1,6.5,8.5,,,76.0,260.0,24.419,2.0,Indiana,2018.0,2018.0,CAR,101.0,10.0,0.1388889
2020,5,00-0034365,I.Thomas,TE,CAR,ATL,0,0,0.0,0,0.0,0.0,0.0,0,0.0,0,1,0,0.0,0,0.0,0.0,,,76.0,260.0,24.419,2.0,Indiana,2018.0,2018.0,CAR,101.0,,0.029411765
2020,6,00-0034365,I.Thomas,TE,CAR,CHI,0,0,0.0,0,0.0,0.0,0.0,0,0.0,0,1,1,9.0,0,0.9,1.9,,,76.0,260.0,24.419,2.0,Indiana,2018.0,2018.0,CAR,101.0,-7.0,0.037037037
2020,7,00-0034365,I.Thomas,TE,CAR,NO,0,0,0.0,0,0.0,0.0,0.0,0,0.0,0,1,1,11.0,0,1.1,2.1,,,76.0,260.0,24.419,2.0,Indiana,2018.0,2018.0,CAR,101.0,,0.037037037
2020,8,00-0034365,I.Thomas,TE,CAR,ATL,0,0,0.0,0,0.0,0.0,0.0,0,0.0,0,3,3,28.0,0,2.8,5.8,,,76.0,260.0,24.419,2.0,Indiana,2018.0,2018.0,CAR,101.0,-8.0,0.115384616
2020,9,00-0034365,I.Thomas,TE,CAR,KC,0,0,0.0,0,0.0,0.0,0.0,0,0.0,0,2,1,8.0,0,0.8,1.8,,,76.0,260.0,24.419,2.0,Indiana,2018.0,2018.0,CAR,101.0,,0.045454547
2020,10,00-0034365,I.Thomas,TE,CAR,TB,0,0,0.0,0,0.0,0.0,0.0,0,0.0,0,1,1,7.0,0,0.7,1.7,,,76.0,260.0,24.419,2.0,Indiana,2018.0,2018.0,CAR,101.0,-23.0,0.035714287
2020,12,00-0034365,I.Thomas,TE,CAR,MIN,0,0,0.0,0,0.0,0.0,0.0,0,0.0,0,2,1,4.0,0,0.4,1.4,,,76.0,260.0,24.419,2.0,Indiana,2018.0,2018.0,CAR,101.0,,0.0625
2020,14,00-0034365,I.Thomas,TE,CAR,DEN,0,0,0.0,0,0.0,0.0,0.0,0,0.0,0,4,3,20.0,0,2.0,5.0,,,76.0,260.0,24.419,2.0,Indiana,2018.0,2018.0,CAR,101.0,-5.0,0.102564104
2020,15,00-0034365,I.Thomas,TE,CAR,GB,0,0,0.0,0,0.0,0.0,0.0,0,0.0,0,4,3,29.0,0,2.9,5.9,,,76.0,260.0,24.419,2.0,Indiana,2018.0,2018.0,CAR,101.0,,0.11764706
2020,17,00-0034365,I.Thomas,TE,CAR,NO,0,0,0.0,0,0.0,0.0,0.0,0,0.0,0,3,1,-1.0,0,-0.1,0.9,,,76.0,260.0,24.419,2.0,Indiana,2018.0,2018.0,CAR,101.0,-26.0,0.083333336
2020,2,00-0034366,K.Coutee,WR,HOU,BAL,0,0,0.0,0,0.0,0.0,0.0,0,0.0,0,2,2,11.0,0,-0.9,1.1,,,71.0,180.0,23.8168125,2.0,Texas Tech,2018.0,2018.0,HOU,103.0,-17.0,0.05882353
2020,11,00-0034366,K.Coutee,WR,HOU,NE,0,0,0.0,0,0.0,0.0,0.0,0,0.0,0,4,2,10.0,1,7.0,9.0,,,71.0,180.0,23.8168125,2.0,Texas Tech,2018.0,2018.0,HOU,103.0,7.0,0.10810811
2020,12,00-0034366,K.Coutee,WR,HOU,DET,0,0,0.0,0,0.0,0.0,0.0,0,0.0,0,3,2,17.0,0,3.7,5.7,,,71.0,180.0,23.8168125,2.0,Texas Tech,2018.0,2018.0,HOU,103.0,,0.13043478
2020,13,00-0034366,K.Coutee,WR,HOU,IND,0,0,0.0,0,0.0,0.0,0.0,0,0.0,0,9,8,141.0,0,14.1,22.1,,,71.0,180.0,23.8168125,2.0,Texas Tech,2018.0,2018.0,HOU,103.0,-6.0,0.24324325
2020,14,00-0034366,K.Coutee,WR,HOU,CHI,0,0,0.0,0,0.0,0.0,0.0,0,0.0,0,3,3,24.0,1,8.4,11.4,,,71.0,180.0,23.8168125,2.0,Texas Tech,2018.0,2018.0,HOU,103.0,,0.11111111
2020,15,00-0034366,K.Coutee,WR,HOU,IND,0,0,0.0,0,0.0,0.0,0.0,0,0.0,0,7,5,53.0,1,9.3,14.3,,,71.0,180.0,23.8168125,2.0,Texas Tech,2018.0,2018.0,HOU,103.0,,0.18421052
2020,16,00-0034366,K.Coutee,WR,HOU,CIN,0,0,0.0,0,0.0,0.0,0.0,0,0.0,0,5,5,54.0,0,5.4,10.4,,,71.0,180.0,23.8168125,2.0,Texas Tech,2018.0,2018.0,HOU,103.0,-6.0,0.15151516
2020,17,00-0034366,K.Coutee,WR,HOU,TEN,0,0,0.0,0,0.0,0.0,0.0,0,0.0,0,7,6,90.0,0,9.0,15.0,,,71.0,180.0,23.8168125,2.0,Texas Tech,2018.0,2018.0,HOU,103.0,-3.0,0.175
2020,1,00-0034367,N.Miller-Hines,RB,IND,JAX,0,0,0.0,0,0.0,0.0,0.0,7,28.0,1,8,8,45.0,1,19.3,27.3,,,69.0,198.0,24.000823529411765,2.0,North Carolina State,2018.0,2018.0,IND,104.0,,0.17391305
2020,2,00-0034367,N.Miller-Hines,RB,IND,MIN,0,0,0.0,0,0.0,0.0,0.0,0,0.0,0,1,1,4.0,0,0.4,1.4,,,69.0,198.0,24.000823529411765,2.0,North Carolina State,2018.0,2018.0,IND,104.0,17.0,0.04
2020,3,00-0034367,N.Miller-Hines,RB,IND,NYJ,0,0,0.0,0,0.0,0.0,0.0,7,21.0,0,5,4,40.0,0,6.1,10.1,,,69.0,198.0,24.000823529411765,2.0,North Carolina State,2018.0,2018.0,IND,104.0,29.0,0.2
2020,4,00-0034367,N.Miller-Hines,RB,IND,CHI,0,0,0.0,0,0.0,0.0,0.0,9,24.0,0,3,3,8.0,0,3.2,6.2,,,69.0,198.0,24.000823529411765,2.0,North Carolina State,2018.0,2018.0,IND,104.0,,0.10714286
2020,5,00-0034367,N.Miller-Hines,RB,IND,CLE,0,0,0.0,0,0.0,0.0,0.0,3,8.0,0,4,2,22.0,0,3.0,5.0,,,69.0,198.0,24.000823529411765,2.0,North Carolina State,2018.0,2018.0,IND,104.0,,0.125
2020,6,00-0034367,N.Miller-Hines,RB,IND,CIN,0,0,0.0,0,0.0,0.0,0.0,0,0.0,0,6,5,27.0,0,2.7,7.7,,,69.0,198.0,24.000823529411765,2.0,North Carolina State,2018.0,2018.0,IND,104.0,4.0,0.14285715
2020,8,00-0034367,N.Miller-Hines,RB,IND,DET,0,0,0.0,0,0.0,0.0,0.0,5,8.0,0,5,3,54.0,2,18.2,21.2,,,69.0,198.0,24.000823529411765,2.0,North Carolina State,2018.0,2018.0,IND,104.0,,0.15151516
2020,9,00-0034367,N.Miller-Hines,RB,IND,BAL,0,0,0.0,0,0.0,0.0,0.0,2,18.0,0,3,2,20.0,0,3.8,5.8,,,69.0,198.0,24.000823529411765,2.0,North Carolina State,2018.0,2018.0,IND,104.0,-14.0,0.075
2020,10,00-0034367,N.Miller-Hines,RB,IND,TEN,0,0,0.0,0,0.0,0.0,0.0,12,70.0,1,6,5,45.0,1,23.5,28.5,,,69.0,198.0,24.000823529411765,2.0,North Carolina State,2018.0,2018.0,IND,104.0,,0.16666667
2020,11,00-0034367,N.Miller-Hines,RB,IND,GB,0,0,0.0,0,0.0,0.0,0.0,6,2.0,0,4,3,31.0,0,5.3,8.3,,,69.0,198.0,24.000823529411765,2.0,North Carolina State,2018.0,2018.0,IND,104.0,3.0,0.114285715
2020,12,00-0034367,N.Miller-Hines,RB,IND,TEN,0,0,0.0,0,0.0,0.0,0.0,10,29.0,0,10,8,66.0,0,9.5,17.5,,,69.0,198.0,24.000823529411765,2.0,North Carolina State,2018.0,2018.0,IND,104.0,-19.0,0.23809524
2020,13,00-0034367,N.Miller-Hines,RB,IND,HOU,0,0,0.0,0,0.0,0.0,0.0,6,10.0,1,3,3,22.0,0,9.2,12.2,,,69.0,198.0,24.000823529411765,2.0,North Carolina State,2018.0,2018.0,IND,104.0,,0.08571429
2020,14,00-0034367,N.Miller-Hines,RB,IND,LV,0,0,0.0,0,0.0,0.0,0.0,7,58.0,0,4,4,17.0,0,7.5,11.5,,,69.0,198.0,24.000823529411765,2.0,North Carolina State,2018.0,2018.0,IND,104.0,,0.14814815
2020,15,00-0034367,N.Miller-Hines,RB,IND,HOU,0,0,0.0,0,0.0,0.0,0.0,5,43.0,0,3,2,11.0,0,5.4,7.4,,,69.0,198.0,24.000823529411765,2.0,North Carolina State,2018.0,2018.0,IND,104.0,7.0,0.10344828
2020,16,00-0034367,N.Miller-Hines,RB,IND,PIT,0,0,0.0,0,0.0,0.0,0.0,8,44.0,0,4,4,20.0,0,6.4,10.4,,,69.0,198.0,24.000823529411765,2.0,North Carolina State,2018.0,2018.0,IND,104.0,,0.11764706
2020,17,00-0034367,N.Miller-Hines,RB,IND,JAX,0,0,0.0,0,0.0,0.0,0.0,2,17.0,0,7,6,50.0,0,6.7,12.7,,,69.0,198.0,24.000823529411765,2.0,North Carolina State,2018.0,2018.0,IND,104.0,14.0,0.26923078
2020,18,00-0034367,N.Miller-Hines,RB,IND,BUF,0,0,0.0,0,0.0,0.0,0.0,6,75.0,0,3,1,8.0,0,8.3,9.3,,,69.0,198.0,24.000823529411765,2.0,North Carolina State,2018.0,2018.0,IND,104.0,,0.069767445
2020,1,00-0034370,D.Hamilton,WR,DEN,TEN,0,0,0.0,0,0.0,0.0,0.0,0,0.0,0,3,1,18.0,0,1.8,2.8,,,73.0,206.0,25.6716875,2.0,Penn State,2018.0,2018.0,DEN,113.0,-2.0,0.09375
2020,2,00-0034370,D.Hamilton,WR,DEN,PIT,0,0,0.0,0,0.0,0.0,0.0,0,0.0,0,3,1,5.0,0,0.5,1.5,,,73.0,206.0,25.6716875,2.0,Penn State,2018.0,2018.0,DEN,113.0,,0.078947365
2020,4,00-0034370,D.Hamilton,WR,DEN,NYJ,0,0,0.0,0,0.0,0.0,0.0,0,0.0,0,3,1,9.0,0,0.9,1.9,,,73.0,206.0,25.6716875,2.0,Penn State,2018.0,2018.0,DEN,113.0,,0.10714286
2020,6,00-0034370,D.Hamilton,WR,DEN,NE,0,0,0.0,0,0.0,0.0,0.0,0,0.0,0,2,0,0.0,0,0.0,0.0,,,73.0,206.0,25.6716875,2.0,Penn State,2018.0,2018.0,DEN,113.0,,0.083333336
2020,7,00-0034370,D.Hamilton,WR,DEN,KC,0,0,0.0,0,0.0,0.0,0.0,0,0.0,0,3,2,26.0,0,2.6,4.6,,,73.0,206.0,25.6716875,2.0,Penn State,2018.0,2018.0,DEN,113.0,-27.0,0.078947365
2020,8,00-0034370,D.Hamilton,WR,DEN,LAC,0,0,0.0,0,0.0,0.0,0.0,0,0.0,0,5,4,82.0,1,14.2,18.2,,,73.0,206.0,25.6716875,2.0,Penn State,2018.0,2018.0,DEN,113.0,1.0,0.13157895
2020,9,00-0034370,D.Hamilton,WR,DEN,ATL,0,0,0.0,0,0.0,0.0,0.0,0,0.0,0,2,2,12.0,0,1.2,3.2,,,73.0,206.0,25.6716875,2.0,Penn State,2018.0,2018.0,DEN,113.0,,0.044444446
2020,10,00-0034370,D.Hamilton,WR,DEN,LV,0,0,0.0,0,0.0,0.0,0.0,0,0.0,0,6,4,33.0,1,7.3,11.3,,,73.0,206.0,25.6716875,2.0,Penn State,2018.0,2018.0,DEN,113.0,,0.13333334
2020,12,00-0034370,D.Hamilton,WR,DEN,NO,0,0,0.0,0,0.0,0.0,0.0,0,0.0,0,1,0,0.0,0,0.0,0.0,,,73.0,206.0,25.6716875,2.0,Penn State,2018.0,2018.0,DEN,113.0,-28.0,0.125
2020,14,00-0034370,D.Hamilton,WR,DEN,CAR,0,0,0.0,0,0.0,0.0,0.0,0,0.0,0,1,1,13.0,0,1.3,2.3,,,73.0,206.0,25.6716875,2.0,Penn State,2018.0,2018.0,DEN,113.0,,0.037037037
2020,16,00-0034370,D.Hamilton,WR,DEN,LAC,0,0,0.0,0,0.0,0.0,0.0,0,0.0,0,9,5,77.0,0,7.7,12.7,,,73.0,206.0,25.6716875,2.0,Penn State,2018.0,2018.0,DEN,113.0,,0.20930232
2020,17,00-0034370,D.Hamilton,WR,DEN,LV,0,0,0.0,0,0.0,0.0,0.0,0,0.0,0,6,2,18.0,0,1.8,3.8,,,73.0,206.0,25.6716875,2.0,Penn State,2018.0,2018.0,DEN,113.0,-1.0,0.15
2020,1,00-0034378,I.Smith,RB,ATL,SEA,0,0,0.0,0,0.0,0.0,0.0,1,4.0,0,3,3,2.0,0,0.6,3.6,,,69.0,195.0,25.159375,2.0,Southern Mississippi,2018.0,2018.0,ATL,126.0,-13.0,0.057692308
2020,2,00-0034378,I.Smith,RB,ATL,DAL,0,0,0.0,0,0.0,0.0,0.0,5,20.0,0,0,0,0.0,0,2.0,2.0,,,69.0,195.0,25.159375,2.0,Southern Mississippi,2018.0,2018.0,ATL,126.0,,
2020,3,00-0034378,I.Smith,RB,ATL,CHI,0,0,0.0,0,0.0,0.0,0.0,0,0.0,0,2,0,0.0,0,0.0,0.0,,,69.0,195.0,25.159375,2.0,Southern Mississippi,2018.0,2018.0,ATL,126.0,-4.0,0.05263158
2020,4,00-0034378,I.Smith,RB,ATL,GB,0,0,0.0,0,0.0,0.0,0.0,2,3.0,0,3,3,24.0,0,2.7,5.7,,,69.0,195.0,25.159375,2.0,Southern Mississippi,2018.0,2018.0,ATL,126.0,,0.07692308
2020,5,00-0034378,I.Smith,RB,ATL,CAR,0,0,0.0,0,0.0,0.0,0.0,2,6.0,0,0,0,0.0,0,0.6,0.6,,,69.0,195.0,25.159375,2.0,Southern Mississippi,2018.0,2018.0,ATL,126.0,-7.0,
2020,6,00-0034378,I.Smith,RB,ATL,MIN,0,0,0.0,0,0.0,0.0,0.0,2,8.0,0,1,1,17.0,0,2.5,3.5,,,69.0,195.0,25.159375,2.0,Southern Mississippi,2018.0,2018.0,ATL,126.0,,0.027027028
2020,7,00-0034378,I.Smith,RB,ATL,DET,0,0,0.0,0,0.0,0.0,0.0,0,0.0,0,1,0,0.0,0,0.0,0.0,,,69.0,195.0,25.159375,2.0,Southern Mississippi,2018.0,2018.0,ATL,126.0,-1.0,0.025
2020,11,00-0034378,I.Smith,RB,ATL,NO,0,0,0.0,0,0.0,0.0,0.0,1,5.0,0,0,0,0.0,0,0.5,0.5,,,69.0,195.0,25.159375,2.0,Southern Mississippi,2018.0,2018.0,ATL,126.0,,
2020,12,00-0034378,I.Smith,RB,ATL,LV,0,0,0.0,0,0.0,0.0,0.0,12,65.0,1,5,4,10.0,0,13.5,17.5,,,69.0,195.0,25.159375,2.0,Southern Mississippi,2018.0,2018.0,ATL,126.0,37.0,0.13513513
2020,13,00-0034378,I.Smith,RB,ATL,NO,0,0,0.0,0,0.0,0.0,0.0,8,36.0,0,2,1,-2.0,0,3.4,4.4,,,69.0,195.0,25.159375,2.0,Southern Mississippi,2018.0,2018.0,ATL,126.0,-5.0,0.054054055
2020,14,00-0034378,I.Smith,RB,ATL,LAC,0,0,0.0,0,0.0,0.0,0.0,11,42.0,0,1,1,3.0,0,4.5,5.5,,,69.0,195.0,25.159375,2.0,Southern Mississippi,2018.0,2018.0,ATL,126.0,,0.03125
2020,15,00-0034378,I.Smith,RB,ATL,TB,0,0,0.0,0,0.0,0.0,0.0,6,24.0,0,3,2,9.0,0,3.3,5.3,,,69.0,195.0,25.159375,2.0,Southern Mississippi,2018.0,2018.0,ATL,126.0,-4.0,0.0625
2020,16,00-0034378,I.Smith,RB,ATL,KC,0,0,0.0,0,0.0,0.0,0.0,10,46.0,0,1,1,5.0,0,5.1,6.1,,,69.0,195.0,25.159375,2.0,Southern Mississippi,2018.0,2018.0,ATL,126.0,,0.029411765
2020,17,00-0034378,I.Smith,RB,ATL,TB,0,0,0.0,0,0.0,0.0,0.0,3,9.0,0,4,1,7.0,0,1.6,2.6,,,69.0,195.0,25.159375,2.0,Southern Mississippi,2018.0,2018.0,ATL,126.0,,0.09756097
2020,1,00-0034383,D.Schultz,TE,DAL,LA,0,0,0.0,0,0.0,0.0,0.0,0,0.0,0,4,1,11.0,0,1.1,2.1,,,77.0,242.0,24.3274375,2.0,Stanford,2018.0,2018.0,DAL,137.0,,0.10810811
2020,2,00-0034383,D.Schultz,TE,DAL,ATL,0,0,0.0,0,0.0,0.0,0.0,0,0.0,0,10,9,88.0,1,12.8,21.8,,,77.0,242.0,24.3274375,2.0,Stanford,2018.0,2018.0,DAL,137.0,1.0,0.21276596
2020,3,00-0034383,D.Schultz,TE,DAL,SEA,0,0,0.0,0,0.0,0.0,0.0,0,0.0,0,6,4,48.0,0,4.8,8.8,,,77.0,242.0,24.3274375,2.0,Stanford,2018.0,2018.0,DAL,137.0,,0.10714286
2020,4,00-0034383,D.Schultz,TE,DAL,CLE,0,0,0.0,0,0.0,0.0,0.0,0,0.0,0,8,4,72.0,1,13.2,17.2,,,77.0,242.0,24.3274375,2.0,Stanford,2018.0,2018.0,DAL,137.0,-11.0,0.13793103
2020,5,00-0034383,D.Schultz,TE,DAL,NYG,0,0,0.0,0,0.0,0.0,0.0,0,0.0,0,3,1,6.0,0,0.6,1.6,,,77.0,242.0,24.3274375,2.0,Stanford,2018.0,2018.0,DAL,137.0,3.0,0.09090909
2020,6,00-0034383,D.Schultz,TE,DAL,ARI,0,0,0.0,0,0.0,0.0,0.0,0,0.0,0,5,4,35.0,0,3.5,7.5,,,77.0,242.0,24.3274375,2.0,Stanford,2018.0,2018.0,DAL,137.0,-28.0,0.09615385
2020,7,00-0034383,D.Schultz,TE,DAL,WAS,0,0,0.0,0,0.0,0.0,0.0,0,0.0,0,4,2,22.0,0,2.2,4.2,,,77.0,242.0,24.3274375,2.0,Stanford,2018.0,2018.0,DAL,137.0,,0.1904762
2020,8,00-0034383,D.Schultz,TE,DAL,PHI,0,0,0.0,0,0.0,0.0,0.0,0,0.0,0,8,6,53.0,0,5.3,11.3,,,77.0,242.0,24.3274375,2.0,Stanford,2018.0,2018.0,DAL,137.0,,0.21052632
2020,9,00-0034383,D.Schultz,TE,DAL,PIT,0,0,0.0,0,0.0,0.0,0.0,0,0.0,0,7,4,48.0,0,4.8,8.8,,,77.0,242.0,24.3274375,2.0,Stanford,2018.0,2018.0,DAL,137.0,-5.0,0.1891892
2020,11,00-0034383,D.Schultz,TE,DAL,MIN,0,0,0.0,0,0.0,0.0,0.0,0,0.0,0,6,4,25.0,1,8.5,12.5,,,77.0,242.0,24.3274375,2.0,Stanford,2018.0,2018.0,DAL,137.0,,0.19354838
2020,12,00-0034383,D.Schultz,TE,DAL,WAS,0,0,0.0,0,0.0,0.0,0.0,0,0.0,0,5,5,24.0,0,2.4,7.4,,,77.0,242.0,24.3274375,2.0,Stanford,2018.0,2018.0,DAL,137.0,-25.0,0.14705883
2020,13,00-0034383,D.Schultz,TE,DAL,BAL,0,0,0.0,0,0.0,0.0,0.0,0,0.0,0,4,4,44.0,0,4.4,8.4,,,77.0,242.0,24.3274375,2.0,Stanford,2018.0,2018.0,DAL,137.0,,0.08888889
2020,14,00-0034383,D.Schultz,TE,DAL,CIN,0,0,0.0,0,0.0,0.0,0.0,0,0.0,0,3,3,34.0,0,3.4,6.4,,,77.0,242.0,24.3274375,2.0,Stanford,2018.0,2018.0,DAL,137.0,,0.13636364
2020,15,00-0034383,D.Schultz,TE,DAL,SF,0,0,0.0,0,0.0,0.0,0.0,0,0.0,0,2,2,14.0,1,7.4,9.4,,,77.0,242.0,24.3274375,2.0,Stanford,2018.0,2018.0,DAL,137.0,8.0,0.0625
2020,16,00-0034383,D.Schultz,TE,DAL,PHI,0,0,0.0,0,0.0,0.0,0.0,0,0.0,0,4,3,21.0,0,2.1,5.1,,,77.0,242.0,24.3274375,2.0,Stanford,2018.0,2018.0,DAL,137.0,20.0,0.13333334
2020,17,00-0034383,D.Schultz,TE,DAL,NYG,0,0,0.0,0,0.0,0.0,0.0,0,0.0,0,10,7,70.0,0,7.0,14.0,,,77.0,242.0,24.3274375,2.0,Stanford,2018.0,2018.0,DAL,137.0,,0.22727273
2020,1,00-0034386,J.Watson,WR,TB,NO,0,0,0.0,0,0.0,0.0,0.0,0,0.0,0,2,1,6.0,0,0.6,1.6,,,75.0,215.0,24.6339,2.0,Pennsylvania,2018.0,2018.0,TB,144.0,,0.05882353
2020,2,00-0034386,J.Watson,WR,TB,CAR,0,0,0.0,0,0.0,0.0,0.0,0,0.0,0,3,2,48.0,0,4.8,6.8,,,75.0,215.0,24.6339,2.0,Pennsylvania,2018.0,2018.0,TB,144.0,14.0,0.08571429
2020,4,00-0034386,J.Watson,WR,TB,LAC,0,0,0.0,0,0.0,0.0,0.0,0,0.0,0,6,4,40.0,0,4.0,8.0,,,75.0,215.0,24.6339,2.0,Pennsylvania,2018.0,2018.0,TB,144.0,7.0,0.13333334
2020,16,00-0034391,S.Neal,CB,BUF,NE,0,0,0.0,0,0.0,0.0,0.0,0,0.0,0,1,1,13.0,0,1.3,2.3,,,72.0,205.0,26.292684210526314,2.0,Jacksonville State,2018.0,2018.0,BUF,154.0,,0.02631579
2020,10,00-0034393,T.Fumagalli,TE,DEN,LV,0,0,0.0,0,0.0,0.0,0.0,0,0.0,0,3,2,12.0,0,1.2,3.2,,,78.0,248.0,25.7260625,2.0,Wisconsin,2018.0,2018.0,DEN,156.0,,0.06666667
2020,11,00-0034393,T.Fumagalli,TE,DEN,MIA,0,0,0.0,0,0.0,0.0,0.0,0,0.0,0,1,0,0.0,0,0.0,0.0,,,78.0,248.0,25.7260625,2.0,Wisconsin,2018.0,2018.0,DEN,156.0,7.0,0.033333335
2020,12,00-0034393,T.Fumagalli,TE,DEN,NO,0,0,0.0,0,0.0,0.0,0.0,0,0.0,0,1,0,0.0,0,0.0,0.0,,,78.0,248.0,25.7260625,2.0,Wisconsin,2018.0,2018.0,DEN,156.0,-28.0,0.125
2020,13,00-0034393,T.Fumagalli,TE,DEN,KC,0,0,0.0,0,0.0,0.0,0.0,0,0.0,0,1,0,0.0,0,0.0,0.0,,,78.0,248.0,25.7260625,2.0,Wisconsin,2018.0,2018.0,DEN,156.0,,0.037037037
2020,14,00-0034393,T.Fumagalli,TE,DEN,CAR,0,0,0.0,0,0.0,0.0,0.0,0,0.0,0,5,4,53.0,0,5.3,9.3,,,78.0,248.0,25.7260625,2.0,Wisconsin,2018.0,2018.0,DEN,156.0,,0.18518518
2020,16,00-0034393,T.Fumagalli,TE,DEN,LAC,0,0,0.0,0,0.0,0.0,0.0,0,0.0,0,1,0,0.0,0,0.0,0.0,,,78.0,248.0,25.7260625,2.0,Wisconsin,2018.0,2018.0,DEN,156.0,,0.023255814
2020,17,00-0034393,T.Fumagalli,TE,DEN,LV,0,0,0.0,0,0.0,0.0,0.0,0,0.0,0,3,2,15.0,1,7.5,9.5,,,78.0,248.0,25.7260625,2.0,Wisconsin,2018.0,2018.0,DEN,156.0,-1.0,0.075
2020,3,00-0034395,D.Fountain,WR,IND,NYJ,0,0,0.0,0,0.0,0.0,0.0,0,0.0,0,2,2,23.0,0,2.3,4.3,,,74.0,210.0,24.89335294117647,2.0,Northern Iowa,2018.0,2018.0,IND,159.0,29.0,0.08
2020,4,00-0034395,D.Fountain,WR,IND,CHI,0,0,0.0,0,0.0,0.0,0.0,0,0.0,0,1,0,0.0,0,0.0,0.0,,,74.0,210.0,24.89335294117647,2.0,Northern Iowa,2018.0,2018.0,IND,159.0,,0.035714287
2020,2,00-0034400,J.Wilkins,RB,IND,MIN,0,0,0.0,0,0.0,0.0,0.0,9,40.0,0,0,0,0.0,0,4.0,4.0,,,73.0,217.0,26.322529411764705,2.0,Mississippi,2018.0,2018.0,IND,169.0,17.0,
2020,3,00-0034400,J.Wilkins,RB,IND,NYJ,0,0,0.0,0,0.0,0.0,0.0,9,39.0,0,1,1,6.0,0,4.5,5.5,,,73.0,217.0,26.322529411764705,2.0,Mississippi,2018.0,2018.0,IND,169.0,29.0,0.04
2020,4,00-0034400,J.Wilkins,RB,IND,CHI,0,0,0.0,0,0.0,0.0,0.0,9,15.0,0,1,1,16.0,0,3.1,4.1,,,73.0,217.0,26.322529411764705,2.0,Mississippi,2018.0,2018.0,IND,169.0,,0.035714287
2020,5,00-0034400,J.Wilkins,RB,IND,CLE,0,0,0.0,0,0.0,0.0,0.0,1,1.0,0,0,0,0.0,0,0.1,0.1,,,73.0,217.0,26.322529411764705,2.0,Mississippi,2018.0,2018.0,IND,169.0,,
2020,6,00-0034400,J.Wilkins,RB,IND,CIN,0,0,0.0,0,0.0,0.0,0.0,1,-1.0,0,1,0,0.0,0,-0.1,-0.1,,,73.0,217.0,26.322529411764705,2.0,Mississippi,2018.0,2018.0,IND,169.0,4.0,0.023809524
2020,8,00-0034400,J.Wilkins,RB,IND,DET,0,0,0.0,0,0.0,0.0,0.0,20,89.0,1,1,1,24.0,0,19.3,20.3,,,73.0,217.0,26.322529411764705,2.0,Mississippi,2018.0,2018.0,IND,169.0,,0.030303031
2020,9,00-0034400,J.Wilkins,RB,IND,BAL,0,0,0.0,0,0.0,0.0,0.0,11,39.0,0,2,2,-1.0,0,3.8,5.8,,,73.0,217.0,26.322529411764705,2.0,Mississippi,2018.0,2018.0,IND,169.0,-14.0,0.05
2020,10,00-0034400,J.Wilkins,RB,IND,TEN,0,0,0.0,0,0.0,0.0,0.0,8,28.0,0,1,0,0.0,0,2.8,2.8,,,73.0,217.0,26.322529411764705,2.0,Mississippi,2018.0,2018.0,IND,169.0,,0.027777778
2020,11,00-0034400,J.Wilkins,RB,IND,GB,0,0,0.0,0,0.0,0.0,0.0,4,21.0,0,1,1,15.0,0,3.6,4.6,,,73.0,217.0,26.322529411764705,2.0,Mississippi,2018.0,2018.0,IND,169.0,3.0,0.028571429
2020,12,00-0034400,J.Wilkins,RB,IND,TEN,0,0,0.0,0,0.0,0.0,0.0,6,22.0,0,4,3,35.0,0,5.7,8.7,,,73.0,217.0,26.322529411764705,2.0,Mississippi,2018.0,2018.0,IND,169.0,-19.0,0.0952381
2020,13,00-0034400,J.Wilkins,RB,IND,HOU,0,0,0.0,0,0.0,0.0,0.0,5,12.0,0,2,2,6.0,0,1.8,3.8,,,73.0,217.0,26.322529411764705,2.0,Mississippi,2018.0,2018.0,IND,169.0,,0.057142857
2020,14,00-0034400,J.Wilkins,RB,IND,LV,0,0,0.0,0,0.0,0.0,0.0,1,3.0,0,2,1,4.0,0,0.7,1.7,,,73.0,217.0,26.322529411764705,2.0,Mississippi,2018.0,2018.0,IND,169.0,,0.074074075
2020,5,00-0034407,R.McCloud,WR,PIT,PHI,0,0,0.0,0,0.0,0.0,0.0,2,63.0,0,3,3,12.0,0,7.5,10.5,,,69.0,190.0,24.082470588235292,2.0,Clemson,2018.0,2018.0,BUF,187.0,9.0,0.0882353
2020,6,00-0034407,R.McCloud,WR,PIT,CLE,0,0,0.0,0,0.0,0.0,0.0,0,0.0,0,1,0,0.0,0,0.0,0.0,,,69.0,190.0,24.082470588235292,2.0,Clemson,2018.0,2018.0,BUF,187.0,31.0,0.04347826
2020,7,00-0034407,R.McCloud,WR,PIT,TEN,0,0,0.0,0,0.0,0.0,0.0,0,0.0,0,2,2,12.0,0,1.2,3.2,,,69.0,190.0,24.082470588235292,2.0,Clemson,2018.0,2018.0,BUF,187.0,,0.040816326
2020,8,00-0034407,R.McCloud,WR,PIT,BAL,0,0,0.0,0,0.0,0.0,0.0,0,0.0,0,1,1,6.0,0,0.6,1.6,,,69.0,190.0,24.082470588235292,2.0,Clemson,2018.0,2018.0,BUF,187.0,,0.03125
2020,9,00-0034407,R.McCloud,WR,PIT,DAL,0,0,0.0,0,0.0,0.0,0.0,0,0.0,0,2,2,16.0,0,1.6,3.6,,,69.0,190.0,24.082470588235292,2.0,Clemson,2018.0,2018.0,BUF,187.0,,0.044444446
2020,10,00-0034407,R.McCloud,WR,PIT,CIN,0,0,0.0,0,0.0,0.0,0.0,1,-1.0,0,2,2,4.0,0,0.3,2.3,,,69.0,190.0,24.082470588235292,2.0,Clemson,2018.0,2018.0,BUF,187.0,26.0,0.04347826
2020,11,00-0034407,R.McCloud,WR,PIT,JAX,0,0,0.0,0,0.0,0.0,0.0,1,3.0,0,4,4,20.0,0,2.3,6.3,,,69.0,190.0,24.082470588235292,2.0,Clemson,2018.0,2018.0,BUF,187.0,,0.08695652
2020,12,00-0034407,R.McCloud,WR,PIT,BAL,0,0,0.0,0,0.0,0.0,0.0,0,0.0,0,1,1,8.0,0,0.8,1.8,,,69.0,190.0,24.082470588235292,2.0,Clemson,2018.0,2018.0,BUF,187.0,5.0,0.019607844
2020,13,00-0034407,R.McCloud,WR,PIT,WAS,0,0,0.0,0,0.0,0.0,0.0,0,0.0,0,3,2,4.0,0,0.4,2.4,,,69.0,190.0,24.082470588235292,2.0,Clemson,2018.0,2018.0,BUF,187.0,-6.0,0.056603774
2020,15,00-0034407,R.McCloud,WR,PIT,CIN,0,0,0.0,0,0.0,0.0,0.0,0,0.0,0,1,1,-2.0,0,-0.2,0.8,,,69.0,190.0,24.082470588235292,2.0,Clemson,2018.0,2018.0,BUF,187.0,,0.02631579
2020,17,00-0034407,R.McCloud,WR,PIT,CLE,0,0,0.0,0,0.0,0.0,0.0,0,0.0,0,2,2,-3.0,0,-0.3,1.7,,,69.0,190.0,24.082470588235292,2.0,Clemson,2018.0,2018.0,BUF,187.0,,0.04761905
2020,1,00-0034411,R.Gage,WR,ATL,SEA,0,0,0.0,0,0.0,0.0,0.0,0,0.0,0,12,9,114.0,0,11.4,20.4,,,72.0,184.0,24.7951875,2.0,Louisiana State,2018.0,2018.0,ATL,194.0,-13.0,0.23076923
2020,2,00-0034411,R.Gage,WR,ATL,DAL,0,1,0.0,0,0.0,0.0,-0.0,0,0.0,0,9,6,46.0,1,10.6,16.6,,,72.0,184.0,24.7951875,2.0,Louisiana State,2018.0,2018.0,ATL,194.0,,0.25
2020,3,00-0034411,R.Gage,WR,ATL,CHI,0,0,0.0,0,0.0,0.0,0.0,0,0.0,0,3,2,26.0,0,2.6,4.6,,,72.0,184.0,24.7951875,2.0,Louisiana State,2018.0,2018.0,ATL,194.0,-4.0,0.078947365
2020,4,00-0034411,R.Gage,WR,ATL,GB,0,0,0.0,0,0.0,0.0,0.0,1,-2.0,0,3,2,22.0,0,2.0,4.0,,,72.0,184.0,24.7951875,2.0,Louisiana State,2018.0,2018.0,ATL,194.0,,0.07692308
2020,5,00-0034411,R.Gage,WR,ATL,CAR,0,0,0.0,0,0.0,0.0,0.0,0,0.0,0,5,2,16.0,0,1.6,3.6,,,72.0,184.0,24.7951875,2.0,Louisiana State,2018.0,2018.0,ATL,194.0,-7.0,0.14285715
2020,6,00-0034411,R.Gage,WR,ATL,MIN,0,0,0.0,0,0.0,0.0,0.0,0,0.0,0,4,4,65.0,0,6.5,10.5,,,72.0,184.0,24.7951875,2.0,Louisiana State,2018.0,2018.0,ATL,194.0,,0.10810811
2020,7,00-0034411,R.Gage,WR,ATL,DET,0,0,0.0,0,0.0,0.0,0.0,0,0.0,0,7,6,54.0,0,5.4,11.4,,,72.0,184.0,24.7951875,2.0,Louisiana State,2018.0,2018.0,ATL,194.0,-1.0,0.175
2020,8,00-0034411,R.Gage,WR,ATL,CAR,0,0,0.0,0,0.0,0.0,0.0,0,0.0,0,3,2,25.0,0,2.5,4.5,,,72.0,184.0,24.7951875,2.0,Louisiana State,2018.0,2018.0,ATL,194.0,,0.1
2020,9,00-0034411,R.Gage,WR,ATL,DEN,0,0,0.0,0,0.0,0.0,0.0,0,0.0,0,6,2,11.0,0,1.1,3.1,,,72.0,184.0,24.7951875,2.0,Louisiana State,2018.0,2018.0,ATL,194.0,7.0,0.17142858
2020,11,00-0034411,R.Gage,WR,ATL,NO,0,0,0.0,0,0.0,0.0,0.0,0,0.0,0,12,7,58.0,0,5.8,12.8,,,72.0,184.0,24.7951875,2.0,Louisiana State,2018.0,2018.0,ATL,194.0,,0.3529412
2020,12,00-0034411,R.Gage,WR,ATL,LV,0,0,0.0,0,0.0,0.0,0.0,0,0.0,0,5,3,34.0,0,3.4,6.4,,,72.0,184.0,24.7951875,2.0,Louisiana State,2018.0,2018.0,ATL,194.0,37.0,0.13513513
2020,13,00-0034411,R.Gage,WR,ATL,NO,0,0,0.0,0,0.0,0.0,0.0,0,0.0,0,8,4,51.0,1,11.1,15.1,,,72.0,184.0,24.7951875,2.0,Louisiana State,2018.0,2018.0,ATL,194.0,-5.0,0.21621622
2020,14,00-0034411,R.Gage,WR,ATL,LAC,1,1,39.0,1,0.0,0.0,-0.0,0,0.0,0,7,5,82.0,0,13.76,18.76,,,72.0,184.0,24.7951875,2.0,Louisiana State,2018.0,2018.0,ATL,194.0,,0.21875
2020,15,00-0034411,R.Gage,WR,ATL,TB,0,0,0.0,0,0.0,0.0,0.0,0,0.0,0,10,5,68.0,1,12.8,17.8,,,72.0,184.0,24.7951875,2.0,Louisiana State,2018.0,2018.0,ATL,194.0,-4.0,0.20833333
2020,16,00-0034411,R.Gage,WR,ATL,KC,0,0,0.0,0,0.0,0.0,0.0,0,0.0,0,5,4,23.0,0,2.3,6.3,,,72.0,184.0,24.7951875,2.0,Louisiana State,2018.0,2018.0,ATL,194.0,,0.14705883
2020,17,00-0034411,R.Gage,WR,ATL,TB,0,0,0.0,0,0.0,0.0,0.0,1,11.0,0,10,9,91.0,1,16.2,25.2,,,72.0,184.0,24.7951875,2.0,Louisiana State,2018.0,2018.0,ATL,194.0,,0.24390244
2020,1,00-0034414,B.Scott,RB,PHI,WAS,0,0,0.0,0,0.0,0.0,0.0,9,35.0,0,2,2,19.0,0,5.4,7.4,,,66.0,203.0,25.5355625,2.0,Louisiana Tech,2018.0,2018.0,NO,201.0,,0.04761905
2020,2,00-0034414,B.Scott,RB,PHI,LA,0,0,0.0,0,0.0,0.0,0.0,4,19.0,0,3,3,24.0,0,4.3,7.3,,,66.0,203.0,25.5355625,2.0,Louisiana Tech,2018.0,2018.0,NO,201.0,-18.0,0.07317073
2020,3,00-0034414,B.Scott,RB,PHI,CIN,0,0,0.0,0,0.0,0.0,0.0,3,5.0,0,1,0,0.0,0,0.5,0.5,,,66.0,203.0,25.5355625,2.0,Louisiana Tech,2018.0,2018.0,NO,201.0,0.0,0.022727273
2020,4,00-0034414,B.Scott,RB,PHI,SF,0,0,0.0,0,0.0,0.0,0.0,2,1.0,0,0,0,0.0,0,0.1,0.1,,,66.0,203.0,25.5355625,2.0,Louisiana Tech,2018.0,2018.0,NO,201.0,,
2020,5,00-0034414,B.Scott,RB,PHI,PIT,0,0,0.0,0,0.0,0.0,0.0,1,3.0,0,0,0,0.0,0,0.3,0.3,,,66.0,203.0,25.5355625,2.0,Louisiana Tech,2018.0,2018.0,NO,201.0,,
2020,6,00-0034414,B.Scott,RB,PHI,BAL,0,0,0.0,0,0.0,0.0,0.0,2,4.0,0,4,2,5.0,0,0.9,2.9,,,66.0,203.0,25.5355625,2.0,Louisiana Tech,2018.0,2018.0,NO,201.0,-2.0,0.102564104
2020,7,00-0034414,B.Scott,RB,PHI,NYG,0,0,0.0,0,0.0,0.0,0.0,12,46.0,0,5,3,46.0,1,15.2,18.2,,,66.0,203.0,25.5355625,2.0,Louisiana Tech,2018.0,2018.0,NO,201.0,1.0,0.12195122
2020,8,00-0034414,B.Scott,RB,PHI,DAL,0,0,0.0,0,0.0,0.0,0.0,15,70.0,0,2,2,9.0,0,7.9,9.9,,,66.0,203.0,25.5355625,2.0,Louisiana Tech,2018.0,2018.0,NO,201.0,14.0,0.07692308
2020,10,00-0034414,B.Scott,RB,PHI,NYG,0,0,0.0,0,0.0,0.0,0.0,3,63.0,1,1,1,11.0,0,13.4,14.4,,,66.0,203.0,25.5355625,2.0,Louisiana Tech,2018.0,2018.0,NO,201.0,,0.027777778
2020,11,00-0034414,B.Scott,RB,PHI,CLE,0,0,0.0,0,0.0,0.0,0.0,5,24.0,0,3,3,26.0,0,5.0,8.0,,,66.0,203.0,25.5355625,2.0,Louisiana Tech,2018.0,2018.0,NO,201.0,,0.0882353
2020,12,00-0034414,B.Scott,RB,PHI,SEA,0,0,0.0,0,0.0,0.0,0.0,2,7.0,0,6,5,40.0,0,4.7,9.7,,,66.0,203.0,25.5355625,2.0,Louisiana Tech,2018.0,2018.0,NO,201.0,-6.0,0.14285715
2020,13,00-0034414,B.Scott,RB,PHI,GB,0,0,0.0,0,0.0,0.0,0.0,2,9.0,0,2,0,0.0,0,0.9,0.9,,,66.0,203.0,25.5355625,2.0,Louisiana Tech,2018.0,2018.0,NO,201.0,,0.08
2020,14,00-0034414,B.Scott,RB,PHI,NO,0,0,0.0,0,0.0,0.0,0.0,3,6.0,0,1,1,11.0,0,1.7,2.7,,,66.0,203.0,25.5355625,2.0,Louisiana Tech,2018.0,2018.0,NO,201.0,3.0,0.03846154
2020,15,00-0034414,B.Scott,RB,PHI,ARI,0,0,0.0,0,0.0,0.0,0.0,0,0.0,0,1,1,7.0,0,0.7,1.7,,,66.0,203.0,25.5355625,2.0,Louisiana Tech,2018.0,2018.0,NO,201.0,,0.025
2020,16,00-0034414,B.Scott,RB,PHI,DAL,0,0,0.0,0,0.0,0.0,0.0,2,17.0,0,0,0,0.0,0,1.7,1.7,,,66.0,203.0,25.5355625,2.0,Louisiana Tech,2018.0,2018.0,NO,201.0,,
2020,17,00-0034414,B.Scott,RB,PHI,WAS,0,0,0.0,0,0.0,0.0,0.0,15,65.0,0,5,2,14.0,0,7.9,9.9,,,66.0,203.0,25.5355625,2.0,Louisiana Tech,2018.0,2018.0,NO,201.0,-6.0,0.1724138
2020,3,00-0034418,C.Wilson,WR,DAL,SEA,0,0,0.0,0,0.0,0.0,0.0,0,0.0,0,7,5,107.0,2,22.7,27.7,,,74.0,188.0,24.9679375,2.0,Boise State,2018.0,2018.0,DAL,208.0,,0.125
2020,4,00-0034418,C.Wilson,WR,DAL,CLE,0,0,0.0,0,0.0,0.0,0.0,0,0.0,0,6,3,34.0,0,3.4,6.4,,,74.0,188.0,24.9679375,2.0,Boise State,2018.0,2018.0,DAL,208.0,-11.0,0.10344828
2020,5,00-0034418,C.Wilson,WR,DAL,NYG,1,1,11.0,1,0.0,0.0,-0.0,0,0.0,0,4,4,22.0,0,6.64,10.64,,,74.0,188.0,24.9679375,2.0,Boise State,2018.0,2018.0,DAL,208.0,3.0,0.121212125
2020,6,00-0034418,C.Wilson,WR,DAL,ARI,0,0,0.0,0,0.0,0.0,0.0,0,0.0,0,3,2,10.0,0,1.0,3.0,,,74.0,188.0,24.9679375,2.0,Boise State,2018.0,2018.0,DAL,208.0,-28.0,0.057692308
2020,8,00-0034418,C.Wilson,WR,DAL,PHI,0,0,0.0,0,0.0,0.0,0.0,2,-11.0,0,2,0,0.0,0,-1.1,-1.1,,,74.0,188.0,24.9679375,2.0,Boise State,2018.0,2018.0,DAL,208.0,,0.05263158
2020,9,00-0034418,C.Wilson,WR,DAL,PIT,0,0,0.0,0,0.0,0.0,0.0,0,0.0,0,3,1,6.0,0,0.6,1.6,,,74.0,188.0,24.9679375,2.0,Boise State,2018.0,2018.0,DAL,208.0,-5.0,0.08108108
2020,11,00-0034418,C.Wilson,WR,DAL,MIN,0,0,0.0,0,0.0,0.0,0.0,0,0.0,0,2,1,7.0,0,0.7,1.7,,,74.0,188.0,24.9679375,2.0,Boise State,2018.0,2018.0,DAL,208.0,,0.06451613
2020,12,00-0034418,C.Wilson,WR,DAL,WAS,0,0,0.0,0,0.0,0.0,0.0,1,-1.0,0,0,0,0.0,0,-0.1,-0.1,,,74.0,188.0,24.9679375,2.0,Boise State,2018.0,2018.0,DAL,208.0,-25.0,
2020,15,00-0034418,C.Wilson,WR,DAL,SF,1,1,12.0,0,0.0,0.0,-0.0,0,0.0,0,0,0,0.0,0,0.48,0.48,,,74.0,188.0,24.9679375,2.0,Boise State,2018.0,2018.0,DAL,208.0,8.0,
2020,17,00-0034418,C.Wilson,WR,DAL,NYG,0,0,0.0,0,0.0,0.0,0.0,0,0.0,0,1,1,3.0,0,0.3,1.3,,,74.0,188.0,24.9679375,2.0,Boise State,2018.0,2018.0,DAL,208.0,,0.022727273
2020,2,00-0034419,B.Berrios,WR,NYJ,SF,0,0,0.0,0,0.0,0.0,0.0,0,0.0,0,8,6,59.0,1,11.9,17.9,,,69.0,190.0,25.0908125,2.0,Miami,2018.0,2018.0,NE,210.0,-18.0,0.25
2020,3,00-0034419,B.Berrios,WR,NYJ,IND,0,0,0.0,0,0.0,0.0,0.0,0,0.0,0,4,4,64.0,1,12.4,16.4,,,69.0,190.0,25.0908125,2.0,Miami,2018.0,2018.0,NE,210.0,,0.15384616
2020,4,00-0034419,B.Berrios,WR,NYJ,DEN,0,0,0.0,0,0.0,0.0,0.0,0,0.0,0,3,0,0.0,0,0.0,0.0,,,69.0,190.0,25.0908125,2.0,Miami,2018.0,2018.0,NE,210.0,-9.0,0.069767445
2020,5,00-0034419,B.Berrios,WR,NYJ,ARI,0,0,0.0,0,0.0,0.0,0.0,1,13.0,0,2,0,0.0,0,1.3,1.3,,,69.0,190.0,25.0908125,2.0,Miami,2018.0,2018.0,NE,210.0,-20.0,0.06451613
2020,6,00-0034419,B.Berrios,WR,NYJ,MIA,0,0,0.0,0,0.0,0.0,0.0,0,0.0,0,3,1,18.0,0,1.8,2.8,,,69.0,190.0,25.0908125,2.0,Miami,2018.0,2018.0,NE,210.0,,0.07692308
2020,7,00-0034419,B.Berrios,WR,NYJ,BUF,0,0,0.0,0,0.0,0.0,0.0,0,0.0,0,7,4,35.0,0,3.5,7.5,,,69.0,190.0,25.0908125,2.0,Miami,2018.0,2018.0,NE,210.0,-8.0,0.33333334
2020,8,00-0034419,B.Berrios,WR,NYJ,KC,0,0,0.0,0,0.0,0.0,0.0,0,0.0,0,11,8,34.0,0,3.4,11.4,,,69.0,190.0,25.0908125,2.0,Miami,2018.0,2018.0,NE,210.0,,0.39285713
2020,9,00-0034419,B.Berrios,WR,NYJ,NE,0,0,0.0,0,0.0,0.0,0.0,0,0.0,0,1,1,13.0,0,1.3,2.3,,,69.0,190.0,25.0908125,2.0,Miami,2018.0,2018.0,NE,210.0,-3.0,0.041666668
2020,13,00-0034419,B.Berrios,WR,NYJ,LV,0,0,0.0,0,0.0,0.0,0.0,0,0.0,0,2,2,33.0,0,3.3,5.3,,,69.0,190.0,25.0908125,2.0,Miami,2018.0,2018.0,NE,210.0,-3.0,0.1
2020,14,00-0034419,B.Berrios,WR,NYJ,SEA,0,0,0.0,0,0.0,0.0,0.0,0,0.0,0,5,3,49.0,0,4.9,7.9,,,69.0,190.0,25.0908125,2.0,Miami,2018.0,2018.0,NE,210.0,,0.2173913
2020,15,00-0034419,B.Berrios,WR,NYJ,LA,0,0,0.0,0,0.0,0.0,0.0,0,0.0,0,3,2,9.0,0,0.9,2.9,,,69.0,190.0,25.0908125,2.0,Miami,2018.0,2018.0,NE,210.0,,0.11111111
2020,16,00-0034419,B.Berrios,WR,NYJ,CLE,0,0,0.0,0,0.0,0.0,0.0,0,0.0,0,3,3,60.0,1,12.0,15.0,,,69.0,190.0,25.0908125,2.0,Miami,2018.0,2018.0,NE,210.0,7.0,0.10714286
2020,17,00-0034419,B.Berrios,WR,NYJ,NE,0,0,0.0,0,0.0,0.0,0.0,2,16.0,0,3,3,20.0,0,3.6,6.6,,,69.0,190.0,25.0908125,2.0,Miami,2018.0,2018.0,NE,210.0,,0.09090909
2020,4,00-0034420,J.Thomas,TE,ARI,CAR,0,0,0.0,0,0.0,0.0,0.0,0,0.0,0,1,1,3.0,1,6.3,7.3,,,77.0,277.0,24.279235294117647,2.0,Mississippi State,2018.0,2018.0,HOU,211.0,,0.032258064
2020,11,00-0034420,J.Thomas,TE,NE,HOU,0,0,0.0,0,0.0,0.0,0.0,0,0.0,0,1,0,0.0,0,0.0,0.0,,,77.0,277.0,24.279235294117647,2.0,Mississippi State,2018.0,2018.0,HOU,211.0,,0.02631579
2020,1,00-0034426,J.Wims,WR,CHI,DET,0,0,0.0,0,0.0,0.0,0.0,0,0.0,0,2,1,1.0,1,6.1,7.1,,,76.0,221.0,26.167882352941177,2.0,Georgia,2018.0,2018.0,CHI,224.0,,0.055555556
2020,2,00-0034426,J.Wims,WR,CHI,NYG,0,0,0.0,0,0.0,0.0,0.0,0,0.0,0,2,2,17.0,0,1.7,3.7,,,76.0,221.0,26.167882352941177,2.0,Georgia,2018.0,2018.0,CHI,224.0,4.0,0.071428575
2020,3,00-0034426,J.Wims,WR,CHI,ATL,0,0,0.0,0,0.0,0.0,0.0,0,0.0,0,1,0,0.0,0,0.0,0.0,,,76.0,221.0,26.167882352941177,2.0,Georgia,2018.0,2018.0,CHI,224.0,,0.020408163
2020,7,00-0034426,J.Wims,WR,CHI,LA,0,0,0.0,0,0.0,0.0,0.0,0,0.0,0,2,1,8.0,0,0.8,1.8,,,76.0,221.0,26.167882352941177,2.0,Georgia,2018.0,2018.0,CHI,224.0,,0.05263158
2020,8,00-0034426,J.Wims,WR,CHI,NO,0,0,0.0,0,0.0,0.0,0.0,0,0.0,0,1,1,9.0,0,0.9,1.9,,,76.0,221.0,26.167882352941177,2.0,Georgia,2018.0,2018.0,CHI,224.0,-3.0,0.024390243
2020,13,00-0034426,J.Wims,WR,CHI,DET,0,0,0.0,0,0.0,0.0,0.0,0,0.0,0,1,1,13.0,0,1.3,2.3,,,76.0,221.0,26.167882352941177,2.0,Georgia,2018.0,2018.0,CHI,224.0,-4.0,0.030303031
2020,14,00-0034426,J.Wims,WR,CHI,HOU,0,0,0.0,0,0.0,0.0,0.0,1,2.0,0,0,0,0.0,0,0.2,0.2,,,76.0,221.0,26.167882352941177,2.0,Georgia,2018.0,2018.0,CHI,224.0,29.0,
2020,15,00-0034426,J.Wims,WR,CHI,MIN,0,0,0.0,0,0.0,0.0,0.0,0,0.0,0,1,0,0.0,0,0.0,0.0,,,76.0,221.0,26.167882352941177,2.0,Georgia,2018.0,2018.0,CHI,224.0,,0.04761905
2020,17,00-0034426,J.Wims,WR,CHI,GB,0,0,0.0,0,0.0,0.0,0.0,0,0.0,0,2,0,0.0,0,0.0,0.0,,,76.0,221.0,26.167882352941177,2.0,Georgia,2018.0,2018.0,CHI,224.0,-19.0,0.048780486
2020,18,00-0034426,J.Wims,WR,CHI,NO,0,0,0.0,0,0.0,0.0,0.0,0,0.0,0,4,1,28.0,0,2.8,3.8,,,76.0,221.0,26.167882352941177,2.0,Georgia,2018.0,2018.0,CHI,224.0,,0.14814815
2020,11,00-0034432,B.Scarbrough,RB,SEA,ARI,0,0,0.0,0,0.0,0.0,0.0,6,31.0,0,0,0,0.0,0,3.1,3.1,,,73.0,235.0,24.124625,2.0,Alabama,2018.0,2018.0,DAL,236.0,7.0,
2020,11,00-0034438,L.Woodside,QB,TEN,BAL,1,1,7.0,0,0.0,0.0,-0.0,0,0.0,0,0,0,0.0,0,0.28,0.28,,,73.0,213.0,25.798058823529413,2.0,Toledo,2018.0,2018.0,CIN,249.0,,
2020,12,00-0034438,L.Woodside,QB,TEN,IND,0,0,0.0,0,0.0,0.0,0.0,3,-5.0,0,0,0,0.0,0,-0.5,-0.5,,,73.0,213.0,25.798058823529413,2.0,Toledo,2018.0,2018.0,CIN,249.0,,
2020,14,00-0034438,L.Woodside,QB,TEN,JAX,0,0,0.0,0,0.0,0.0,0.0,1,18.0,0,0,0,0.0,0,1.8,1.8,,,73.0,213.0,25.798058823529413,2.0,Toledo,2018.0,2018.0,CIN,249.0,,
2020,15,00-0034438,L.Woodside,QB,TEN,DET,0,0,0.0,0,0.0,0.0,0.0,3,-3.0,0,0,0,0.0,0,-0.3,-0.3,,,73.0,213.0,25.798058823529413,2.0,Toledo,2018.0,2018.0,CIN,249.0,21.0,
2020,16,00-0034438,L.Woodside,QB,TEN,GB,0,2,0.0,0,0.0,0.0,-0.0,0,0.0,0,0,0,0.0,0,0.0,0.0,,,73.0,213.0,25.798058823529413,2.0,Toledo,2018.0,2018.0,CIN,249.0,,
2020,1,00-0034439,R.Izzo,TE,NE,MIA,0,0,0.0,0,0.0,0.0,0.0,0,0.0,0,2,1,25.0,0,2.5,3.5,,,77.0,255.0,24.8890625,2.0,Florida State,2018.0,2018.0,NE,250.0,10.0,0.10526316
2020,2,00-0034439,R.Izzo,TE,NE,SEA,0,0,0.0,0,0.0,0.0,0.0,0,0.0,0,2,2,19.0,0,1.9,3.9,,,77.0,255.0,24.8890625,2.0,Florida State,2018.0,2018.0,NE,250.0,,0.046511628
2020,3,00-0034439,R.Izzo,TE,NE,LV,0,0,0.0,0,0.0,0.0,0.0,0,0.0,0,1,0,0.0,0,0.0,0.0,,,77.0,255.0,24.8890625,2.0,Florida State,2018.0,2018.0,NE,250.0,16.0,0.035714287
2020,4,00-0034439,R.Izzo,TE,NE,KC,0,0,0.0,0,0.0,0.0,0.0,0,0.0,0,3,0,0.0,0,0.0,0.0,,,77.0,255.0,24.8890625,2.0,Florida State,2018.0,2018.0,NE,250.0,,0.08571429
2020,6,00-0034439,R.Izzo,TE,NE,DEN,0,0,0.0,0,0.0,0.0,0.0,0,0.0,0,3,3,38.0,0,1.8,4.8,,,77.0,255.0,24.8890625,2.0,Florida State,2018.0,2018.0,NE,250.0,-6.0,0.11111111
2020,7,00-0034439,R.Izzo,TE,NE,SF,0,0,0.0,0,0.0,0.0,0.0,0,0.0,0,1,1,8.0,0,0.8,1.8,,,77.0,255.0,24.8890625,2.0,Florida State,2018.0,2018.0,NE,250.0,-27.0,0.045454547
2020,8,00-0034439,R.Izzo,TE,NE,BUF,0,0,0.0,0,0.0,0.0,0.0,0,0.0,0,3,2,24.0,0,2.4,4.4,,,77.0,255.0,24.8890625,2.0,Florida State,2018.0,2018.0,NE,250.0,,0.13043478
2020,10,00-0034439,R.Izzo,TE,NE,BAL,0,0,0.0,0,0.0,0.0,0.0,0,0.0,0,1,1,20.0,0,2.0,3.0,,,77.0,255.0,24.8890625,2.0,Florida State,2018.0,2018.0,NE,250.0,6.0,0.05882353
2020,11,00-0034439,R.Izzo,TE,NE,HOU,0,0,0.0,0,0.0,0.0,0.0,0,0.0,0,3,2,59.0,0,5.9,7.9,,,77.0,255.0,24.8890625,2.0,Florida State,2018.0,2018.0,NE,250.0,,0.078947365
2020,13,00-0034439,R.Izzo,TE,NE,LAC,0,0,0.0,0,0.0,0.0,0.0,0,0.0,0,1,1,6.0,0,0.6,1.6,,,77.0,255.0,24.8890625,2.0,Florida State,2018.0,2018.0,NE,250.0,,0.04761905
2020,1,00-0034440,J.Jackson,RB,LAC,CIN,0,0,0.0,0,0.0,0.0,0.0,2,4.0,0,0,0,0.0,0,0.4,0.4,,,72.0,200.0,24.5508125,2.0,Northwestern,2018.0,2018.0,LAC,251.0,,
2020,4,00-0034440,J.Jackson,RB,LAC,TB,0,0,0.0,0,0.0,0.0,0.0,6,9.0,0,2,2,12.0,0,2.1,4.1,,,72.0,200.0,24.5508125,2.0,Northwestern,2018.0,2018.0,LAC,251.0,,0.08
2020,5,00-0034440,J.Jackson,RB,LAC,NO,0,0,0.0,0,0.0,0.0,0.0,15,71.0,0,6,5,23.0,0,9.4,14.4,,,72.0,200.0,24.5508125,2.0,Northwestern,2018.0,2018.0,LAC,251.0,,0.1875
2020,7,00-0034440,J.Jackson,RB,LAC,JAX,0,0,0.0,0,0.0,0.0,0.0,5,12.0,0,6,5,43.0,0,5.5,10.5,,,72.0,200.0,24.5508125,2.0,Northwestern,2018.0,2018.0,LAC,251.0,10.0,0.14285715
2020,8,00-0034440,J.Jackson,RB,LAC,DEN,0,0,0.0,0,0.0,0.0,0.0,17,89.0,0,5,3,53.0,0,14.2,17.2,,,72.0,200.0,24.5508125,2.0,Northwestern,2018.0,2018.0,LAC,251.0,,0.11904762
2020,14,00-0034440,J.Jackson,RB,LAC,ATL,0,0,0.0,0,0.0,0.0,0.0,3,9.0,0,3,3,10.0,0,1.9,4.9,,,72.0,200.0,24.5508125,2.0,Northwestern,2018.0,2018.0,LAC,251.0,3.0,0.06818182
2020,16,00-0034440,J.Jackson,RB,LAC,DEN,0,0,0.0,0,0.0,0.0,0.0,2,4.0,0,0,0,0.0,0,0.4,0.4,,,72.0,200.0,24.5508125,2.0,Northwestern,2018.0,2018.0,LAC,251.0,3.0,
2020,17,00-0034440,J.Jackson,RB,LAC,KC,0,0,0.0,0,0.0,0.0,0.0,9,72.0,0,2,1,32.0,0,12.4,13.4,,,72.0,200.0,24.5508125,2.0,Northwestern,2018.0,2018.0,LAC,251.0,,0.06666667
2020,15,00-0034445,N.Gates,C,NYG,CLE,0,0,0.0,0,0.0,0.0,0.0,0,0.0,0,1,0,0.0,0,0.0,0.0,,,78.0,307.0,24.9474375,2.0,Nebraska,2018.0,2018.0,,,-14.0,0.03125
2020,14,00-0034449,B.Howell,RB,HOU,CHI,0,0,0.0,0,0.0,0.0,0.0,11,42.0,0,2,1,3.0,0,4.5,5.5,,,73.0,218.0,24.6189375,2.0,Florida Atlantic,2018.0,2018.0,,,,0.074074075
2020,15,00-0034449,B.Howell,RB,HOU,IND,0,0,0.0,0,0.0,0.0,0.0,5,22.0,0,0,0,0.0,0,2.2,2.2,,,73.0,218.0,24.6189375,2.0,Florida Atlantic,2018.0,2018.0,,,,
2020,1,00-0034457,J.Adams,RB,NYJ,BUF,0,0,0.0,0,0.0,0.0,0.0,2,8.0,1,2,2,14.0,0,8.2,10.2,,,74.0,225.0,24.0258125,2.0,Notre Dame,2018.0,2018.0,,,,0.060606062
2020,2,00-0034457,J.Adams,RB,NYJ,SF,0,0,0.0,0,0.0,0.0,0.0,1,0.0,0,0,0,0.0,0,0.0,0.0,,,74.0,225.0,24.0258125,2.0,Notre Dame,2018.0,2018.0,,,-18.0,
2020,12,00-0034457,J.Adams,RB,NYJ,MIA,0,0,0.0,0,0.0,0.0,0.0,1,1.0,0,0,0,0.0,0,0.1,0.1,,,74.0,225.0,24.0258125,2.0,Notre Dame,2018.0,2018.0,,,-17.0,
2020,13,00-0034457,J.Adams,RB,NYJ,LV,0,0,0.0,0,0.0,0.0,0.0,8,74.0,0,0,0,0.0,0,7.4,7.4,,,74.0,225.0,24.0258125,2.0,Notre Dame,2018.0,2018.0,,,-3.0,
2020,14,00-0034457,J.Adams,RB,NYJ,SEA,0,0,0.0,0,0.0,0.0,0.0,6,27.0,0,2,2,3.0,0,3.0,5.0,,,74.0,225.0,24.0258125,2.0,Notre Dame,2018.0,2018.0,,,,0.08695652
2020,17,00-0034457,J.Adams,RB,NYJ,NE,0,0,0.0,0,0.0,0.0,0.0,11,47.0,1,4,2,12.0,0,11.9,13.9,,,74.0,225.0,24.0258125,2.0,Notre Dame,2018.0,2018.0,,,,0.121212125
2020,5,00-0034487,T.Sherfield,WR,ARI,NYJ,0,0,0.0,0,0.0,0.0,0.0,0,0.0,0,1,1,6.0,0,0.6,1.6,,,73.0,219.0,24.701625,2.0,Vanderbilt,2018.0,2018.0,,,,0.028571429
2020,17,00-0034487,T.Sherfield,WR,ARI,LA,0,0,0.0,0,0.0,0.0,0.0,0,0.0,0,6,4,44.0,0,4.4,8.4,,,73.0,219.0,24.701625,2.0,Vanderbilt,2018.0,2018.0,,,,0.22222222
2020,15,00-0034490,E.Turner,ILB,ARI,PHI,0,0,0.0,0,0.0,0.0,0.0,0,0.0,0,1,1,26.0,0,2.6,3.6,,,74.0,214.0,24.41675,2.0,Washington,2018.0,2018.0,,,7.0,0.027027028
2020,14,00-0034510,R.Foster,WR,WAS,SF,0,0,0.0,0,0.0,0.0,0.0,0,0.0,0,2,0,0.0,0,0.0,0.0,,,74.0,194.0,26.524375,2.0,Alabama,2018.0,2018.0,,,,0.06896552
2020,15,00-0034510,R.Foster,WR,WAS,SEA,0,0,0.0,0,0.0,0.0,0.0,0,0.0,0,2,1,9.0,0,0.9,1.9,,,74.0,194.0,26.524375,2.0,Alabama,2018.0,2018.0,,,-5.0,0.03773585
2020,16,00-0034510,R.Foster,WR,WAS,CAR,0,0,0.0,0,0.0,0.0,0.0,0,0.0,0,2,1,28.0,0,2.8,3.8,,,74.0,194.0,26.524375,2.0,Alabama,2018.0,2018.0,,,-7.0,0.04255319
2020,1,00-0034521,A.Lazard,WR,GB,MIN,0,0,0.0,0,0.0,0.0,0.0,1,19.0,0,4,4,63.0,1,14.2,18.2,,,77.0,227.0,24.93777777777778,2.0,Iowa State,2018.0,2018.0,,,,0.09756097
2020,2,00-0034521,A.Lazard,WR,GB,DET,0,0,0.0,0,0.0,0.0,0.0,0,0.0,0,5,3,45.0,0,4.5,7.5,,,77.0,227.0,24.93777777777778,2.0,Iowa State,2018.0,2018.0,,,21.0,0.16666667
2020,3,00-0034521,A.Lazard,WR,GB,NO,0,0,0.0,0,0.0,0.0,0.0,1,-2.0,0,8,6,146.0,1,20.4,26.4,,,77.0,227.0,24.93777777777778,2.0,Iowa State,2018.0,2018.0,,,,0.26666668
2020,11,00-0034521,A.Lazard,WR,GB,IND,0,0,0.0,0,0.0,0.0,0.0,0,0.0,0,4,2,18.0,0,1.8,3.8,,,77.0,227.0,24.93777777777778,2.0,Iowa State,2018.0,2018.0,,,,0.114285715
2020,12,00-0034521,A.Lazard,WR,GB,CHI,0,0,0.0,0,0.0,0.0,0.0,0,0.0,0,6,4,23.0,1,8.3,12.3,,,77.0,227.0,24.93777777777778,2.0,Iowa State,2018.0,2018.0,,,16.0,0.20689656
2020,13,00-0034521,A.Lazard,WR,GB,PHI,0,0,0.0,0,0.0,0.0,0.0,0,0.0,0,4,3,50.0,0,5.0,8.0,,,77.0,227.0,24.93777777777778,2.0,Iowa State,2018.0,2018.0,,,14.0,0.125
2020,14,00-0034521,A.Lazard,WR,GB,DET,0,0,0.0,0,0.0,0.0,0.0,0,0.0,0,3,2,19.0,0,1.9,3.9,,,77.0,227.0,24.93777777777778,2.0,Iowa State,2018.0,2018.0,,,,0.09677419
2020,15,00-0034521,A.Lazard,WR,GB,CAR,0,0,0.0,0,0.0,0.0,0.0,0,0.0,0,6,5,56.0,0,5.6,10.6,,,77.0,227.0,24.93777777777778,2.0,Iowa State,2018.0,2018.0,,,8.0,0.23076923
2020,16,00-0034521,A.Lazard,WR,GB,TEN,0,0,0.0,0,0.0,0.0,0.0,0,0.0,0,2,2,14.0,0,1.4,3.4,,,77.0,227.0,24.93777777777778,2.0,Iowa State,2018.0,2018.0,,,26.0,0.083333336
2020,17,00-0034521,A.Lazard,WR,GB,CHI,0,0,0.0,0,0.0,0.0,0.0,0,0.0,0,4,2,17.0,0,1.7,3.7,,,77.0,227.0,24.93777777777778,2.0,Iowa State,2018.0,2018.0,,,,0.16666667
2020,19,00-0034521,A.Lazard,WR,GB,LA,0,0,0.0,0,0.0,0.0,0.0,0,0.0,0,8,4,96.0,1,15.6,19.6,,,77.0,227.0,24.93777777777778,2.0,Iowa State,2018.0,2018.0,,,14.0,0.23529412
2020,20,00-0034521,A.Lazard,WR,GB,TB,0,0,0.0,0,0.0,0.0,0.0,0,0.0,0,6,3,62.0,0,6.2,9.2,,,77.0,227.0,24.93777777777778,2.0,Iowa State,2018.0,2018.0,,,-5.0,0.13043478
2020,5,00-0034577,K.Allen,QB,WAS,LA,9,13,74.0,0,0.0,2.0,10.0,1,7.0,1,0,0,0.0,0,9.66,9.66,,,75.0,211.0,24.681588235294118,2.0,Houston,2018.0,2018.0,,,-20.0,
2020,6,00-0034577,K.Allen,QB,WAS,NYG,31,42,280.0,2,1.0,3.0,29.0,2,8.0,0,0,0,0.0,0,16.0,16.0,,,75.0,211.0,24.681588235294118,2.0,Houston,2018.0,2018.0,,,,
2020,7,00-0034577,K.Allen,QB,WAS,DAL,15,25,194.0,2,0.0,2.0,5.0,4,11.0,0,0,0,0.0,0,16.86,16.86,,,75.0,211.0,24.681588235294118,2.0,Houston,2018.0,2018.0,,,22.0,
2020,9,00-0034577,K.Allen,QB,WAS,NYG,5,7,62.0,0,0.0,0.0,-0.0,0,0.0,0,0,0,0.0,0,2.48,2.48,,,75.0,211.0,24.681588235294118,2.0,Houston,2018.0,2018.0,,,-3.0,
2020,3,00-0034578,R.Bonnafon,RB,CAR,LAC,0,0,0.0,0,0.0,0.0,0.0,2,16.0,0,0,0,0.0,0,1.6,1.6,,,72.0,215.0,24.8405,2.0,Louisville,2018.0,2018.0,,,,
2020,4,00-0034578,R.Bonnafon,RB,CAR,ARI,0,0,0.0,0,0.0,0.0,0.0,10,53.0,0,2,2,18.0,1,13.1,15.1,,,72.0,215.0,24.8405,2.0,Louisville,2018.0,2018.0,,,10.0,0.055555556
2020,2,00-0034597,R.Nall,RB,CHI,NYG,0,0,0.0,0,0.0,0.0,0.0,0,0.0,0,1,1,2.0,0,0.2,1.2,,,74.0,237.0,24.87564705882353,2.0,Oregon State,2018.0,2018.0,,,4.0,0.035714287
2020,8,00-0034597,R.Nall,RB,CHI,NO,0,0,0.0,0,0.0,0.0,0.0,0,0.0,0,1,1,2.0,0,0.2,1.2,,,74.0,237.0,24.87564705882353,2.0,Oregon State,2018.0,2018.0,,,-3.0,0.024390243
2020,9,00-0034597,R.Nall,RB,CHI,TEN,0,0,0.0,0,0.0,0.0,0.0,0,0.0,0,4,4,35.0,1,9.5,13.5,,,74.0,237.0,24.87564705882353,2.0,Oregon State,2018.0,2018.0,,,,0.08510638
2020,10,00-0034597,R.Nall,RB,CHI,MIN,0,0,0.0,0,0.0,0.0,0.0,1,0.0,0,2,1,18.0,0,1.8,2.8,,,74.0,237.0,24.87564705882353,2.0,Oregon State,2018.0,2018.0,,,-6.0,0.06896552
2020,12,00-0034597,R.Nall,RB,CHI,GB,0,0,0.0,0,0.0,0.0,0.0,0,0.0,0,1,1,10.0,0,1.0,2.0,,,74.0,237.0,24.87564705882353,2.0,Oregon State,2018.0,2018.0,,,,0.022727273
2020,16,00-0034597,R.Nall,RB,CHI,JAX,0,0,0.0,0,0.0,0.0,0.0,2,0.0,0,0,0,0.0,0,0.0,0.0,,,74.0,237.0,24.87564705882353,2.0,Oregon State,2018.0,2018.0,,,,
2020,18,00-0034597,R.Nall,RB,CHI,NO,0,0,0.0,0,0.0,0.0,0.0,1,0.0,0,0,0,0.0,0,0.0,0.0,,,74.0,237.0,24.87564705882353,2.0,Oregon State,2018.0,2018.0,,,,
2020,5,00-0034613,T.Hudson,TE,TB,CHI,0,0,0.0,0,0.0,0.0,0.0,0,0.0,0,4,1,9.0,0,0.9,1.9,,,77.0,239.0,26.027350000000002,2.0,Southern Arkansas,2018.0,2018.0,,,,0.09756097
2020,7,00-0034613,T.Hudson,TE,TB,LV,0,0,0.0,0,0.0,0.0,0.0,0,0.0,0,1,1,12.0,0,1.2,2.2,,,77.0,239.0,26.027350000000002,2.0,Southern Arkansas,2018.0,2018.0,,,,0.024390243
2020,8,00-0034613,T.Hudson,TE,TB,NYG,0,0,0.0,0,0.0,0.0,0.0,0,0.0,0,1,0,0.0,0,0.0,0.0,,,77.0,239.0,26.027350000000002,2.0,Southern Arkansas,2018.0,2018.0,,,,0.025
2020,16,00-0034613,T.Hudson,TE,TB,DET,0,0,0.0,0,0.0,0.0,0.0,0,0.0,0,1,1,20.0,0,2.0,3.0,,,77.0,239.0,26.027350000000002,2.0,Southern Arkansas,2018.0,2018.0,,,,0.024390243
2020,21,00-0034613,T.Hudson,TE,TB,KC,0,0,0.0,0,0.0,0.0,0.0,0,0.0,0,1,0,0.0,0,0.0,0.0,,,77.0,239.0,26.027350000000002,2.0,Southern Arkansas,2018.0,2018.0,,,22.0,0.03448276
2020,8,00-0034631,V.Smith,WR,NYJ,KC,0,0,0.0,0,0.0,0.0,0.0,0,0.0,0,1,1,13.0,0,1.3,2.3,,,75.0,202.0,24.4145625,2.0,Limestone,2018.0,2018.0,,,,0.035714287
2020,17,00-0034631,V.Smith,WR,NYJ,NE,0,0,0.0,0,0.0,0.0,0.0,0,0.0,0,2,0,0.0,0,0.0,0.0,,,75.0,202.0,24.4145625,2.0,Limestone,2018.0,2018.0,,,,0.060606062
2020,3,00-0034646,B.Powell,WR,ATL,CHI,0,0,0.0,0,0.0,0.0,0.0,0,0.0,0,4,3,27.0,0,2.7,5.7,,,68.0,189.0,25.1565625,2.0,Florida,2018.0,2018.0,,,-4.0,0.10526316
2020,5,00-0034646,B.Powell,WR,ATL,CAR,0,0,0.0,0,0.0,0.0,0.0,0,0.0,0,1,0,0.0,0,0.0,0.0,,,68.0,189.0,25.1565625,2.0,Florida,2018.0,2018.0,,,-7.0,0.028571429
2020,7,00-0034646,B.Powell,WR,ATL,DET,0,0,0.0,0,0.0,0.0,0.0,0,0.0,0,2,1,4.0,0,0.4,1.4,,,68.0,189.0,25.1565625,2.0,Florida,2018.0,2018.0,,,-1.0,0.05
2020,9,00-0034646,B.Powell,WR,ATL,DEN,0,0,0.0,0,0.0,0.0,0.0,1,4.0,0,1,1,9.0,1,7.3,8.3,,,68.0,189.0,25.1565625,2.0,Florida,2018.0,2018.0,,,7.0,0.028571429
2020,11,00-0034646,B.Powell,WR,ATL,NO,0,0,0.0,0,0.0,0.0,0.0,1,3.0,0,0,0,0.0,0,0.3,0.3,,,68.0,189.0,25.1565625,2.0,Florida,2018.0,2018.0,,,,
2020,12,00-0034646,B.Powell,WR,ATL,LV,0,0,0.0,0,0.0,0.0,0.0,0,0.0,0,2,2,4.0,1,6.4,8.4,,,68.0,189.0,25.1565625,2.0,Florida,2018.0,2018.0,,,37.0,0.054054055
2020,13,00-0034646,B.Powell,WR,ATL,NO,0,0,0.0,0,0.0,0.0,0.0,0,0.0,0,1,1,9.0,0,0.9,1.9,,,68.0,189.0,25.1565625,2.0,Florida,2018.0,2018.0,,,-5.0,0.027027028
2020,14,00-0034646,B.Powell,WR,ATL,LAC,0,0,0.0,0,0.0,0.0,0.0,0,0.0,0,1,1,9.0,0,0.9,1.9,,,68.0,189.0,25.1565625,2.0,Florida,2018.0,2018.0,,,,0.03125
2020,15,00-0034646,B.Powell,WR,ATL,TB,0,0,0.0,0,0.0,0.0,0.0,0,0.0,0,4,2,5.0,0,0.5,2.5,,,68.0,189.0,25.1565625,2.0,Florida,2018.0,2018.0,,,-4.0,0.083333336
2020,16,00-0034646,B.Powell,WR,ATL,KC,0,0,0.0,0,0.0,0.0,0.0,0,0.0,0,2,1,2.0,0,-1.8,-0.8,,,68.0,189.0,25.1565625,2.0,Florida,2018.0,2018.0,,,,0.05882353
2020,2,00-0034652,C.Batson,WR,TEN,JAX,0,0,0.0,0,0.0,0.0,0.0,1,11.0,0,2,2,26.0,0,3.7,5.7,,,68.0,175.0,24.902882352941177,2.0,Texas Tech,2018.0,2018.0,,,3.0,0.083333336
2020,6,00-0034652,C.Batson,WR,TEN,HOU,0,0,0.0,0,0.0,0.0,0.0,0,0.0,0,1,1,13.0,0,1.3,2.3,,,68.0,175.0,24.902882352941177,2.0,Texas Tech,2018.0,2018.0,,,6.0,0.024390243
2020,9,00-0034652,C.Batson,WR,TEN,CHI,0,0,0.0,0,0.0,0.0,0.0,0,0.0,0,1,1,6.0,0,0.6,1.6,,,68.0,175.0,24.902882352941177,2.0,Texas Tech,2018.0,2018.0,,,7.0,0.04761905
2020,10,00-0034652,C.Batson,WR,TEN,IND,0,0,0.0,0,0.0,0.0,0.0,0,0.0,0,2,2,8.0,0,0.8,2.8,,,68.0,175.0,24.902882352941177,2.0,Texas Tech,2018.0,2018.0,,,-17.0,0.074074075
2020,11,00-0034652,C.Batson,WR,TEN,BAL,0,0,0.0,0,0.0,0.0,0.0,1,4.0,0,2,2,21.0,0,2.5,4.5,,,68.0,175.0,24.902882352941177,2.0,Texas Tech,2018.0,2018.0,,,,0.0625
2020,12,00-0034652,C.Batson,WR,TEN,IND,0,0,0.0,0,0.0,0.0,0.0,1,5.0,0,0,0,0.0,0,0.5,0.5,,,68.0,175.0,24.902882352941177,2.0,Texas Tech,2018.0,2018.0,,,,
2020,13,00-0034652,C.Batson,WR,TEN,CLE,0,0,0.0,0,0.0,0.0,0.0,1,0.0,0,3,3,14.0,1,7.4,10.4,,,68.0,175.0,24.902882352941177,2.0,Texas Tech,2018.0,2018.0,,,-6.0,0.071428575
2020,15,00-0034652,C.Batson,WR,TEN,DET,0,0,0.0,0,0.0,0.0,0.0,0,0.0,0,1,0,0.0,0,0.0,0.0,,,68.0,175.0,24.902882352941177,2.0,Texas Tech,2018.0,2018.0,,,21.0,0.03846154
2020,16,00-0034652,C.Batson,WR,TEN,GB,0,0,0.0,0,0.0,0.0,0.0,0,0.0,0,1,1,12.0,0,1.2,2.2,,,68.0,175.0,24.902882352941177,2.0,Texas Tech,2018.0,2018.0,,,,0.04
2020,18,00-0034652,C.Batson,WR,TEN,BAL,0,0,0.0,0,0.0,0.0,0.0,0,0.0,0,1,1,6.0,0,0.6,1.6,,,68.0,175.0,24.902882352941177,2.0,Texas Tech,2018.0,2018.0,,,-7.0,0.03846154
2020,3,00-0034653,D.Burnett,WR,PHI,CIN,0,0,0.0,0,0.0,0.0,0.0,0,0.0,0,4,3,19.0,0,1.9,4.9,,,72.0,186.0,23.0961875,2.0,Southern California,2018.0,2018.0,,,0.0,0.09090909
2020,5,00-0034660,R.Gafford,WR,LV,KC,0,0,0.0,0,0.0,0.0,0.0,0,0.0,0,1,0,0.0,0,0.0,0.0,,,70.0,185.0,24.46575,2.0,Wyoming,2018.0,2018.0,,,,0.032258064
2020,7,00-0034660,R.Gafford,WR,LV,TB,0,0,0.0,0,0.0,0.0,0.0,0,0.0,0,1,0,0.0,0,0.0,0.0,,,70.0,185.0,24.46575,2.0,Wyoming,2018.0,2018.0,,,-25.0,0.027777778
2020,1,00-0034676,J.Washington,WR,PIT,NYG,0,0,0.0,0,0.0,0.0,0.0,0,0.0,0,3,2,34.0,1,9.4,11.4,,,71.0,213.0,24.61905882352941,2.0,Oklahoma State,2018.0,2018.0,PIT,60.0,,0.09677419
2020,2,00-0034676,J.Washington,WR,PIT,DEN,0,0,0.0,0,0.0,0.0,0.0,0,0.0,0,5,3,22.0,0,2.2,5.2,,,71.0,213.0,24.61905882352941,2.0,Oklahoma State,2018.0,2018.0,PIT,60.0,5.0,0.12195122
2020,3,00-0034676,J.Washington,WR,PIT,HOU,0,0,0.0,0,0.0,0.0,0.0,0,0.0,0,7,5,36.0,0,3.6,8.6,,,71.0,213.0,24.61905882352941,2.0,Oklahoma State,2018.0,2018.0,PIT,60.0,7.0,0.2
2020,5,00-0034676,J.Washington,WR,PIT,PHI,0,0,0.0,0,0.0,0.0,0.0,0,0.0,0,4,3,25.0,0,2.5,5.5,,,71.0,213.0,24.61905882352941,2.0,Oklahoma State,2018.0,2018.0,PIT,60.0,9.0,0.11764706
2020,6,00-0034676,J.Washington,WR,PIT,CLE,0,0,0.0,0,0.0,0.0,0.0,0,0.0,0,7,4,68.0,1,12.8,16.8,,,71.0,213.0,24.61905882352941,2.0,Oklahoma State,2018.0,2018.0,PIT,60.0,31.0,0.3043478
2020,7,00-0034676,J.Washington,WR,PIT,TEN,0,0,0.0,0,0.0,0.0,0.0,0,0.0,0,1,0,0.0,0,0.0,0.0,,,71.0,213.0,24.61905882352941,2.0,Oklahoma State,2018.0,2018.0,PIT,60.0,,0.020408163
2020,8,00-0034676,J.Washington,WR,PIT,BAL,0,0,0.0,0,0.0,0.0,0.0,0,0.0,0,1,0,0.0,0,0.0,0.0,,,71.0,213.0,24.61905882352941,2.0,Oklahoma State,2018.0,2018.0,PIT,60.0,,0.03125
2020,9,00-0034676,J.Washington,WR,PIT,DAL,0,0,0.0,0,0.0,0.0,0.0,0,0.0,0,2,1,17.0,1,7.7,8.7,,,71.0,213.0,24.61905882352941,2.0,Oklahoma State,2018.0,2018.0,PIT,60.0,,0.044444446
2020,10,00-0034676,J.Washington,WR,PIT,CIN,0,0,0.0,0,0.0,0.0,0.0,0,0.0,0,2,2,30.0,0,3.0,5.0,,,71.0,213.0,24.61905882352941,2.0,Oklahoma State,2018.0,2018.0,PIT,60.0,26.0,0.04347826
2020,11,00-0034676,J.Washington,WR,PIT,JAX,0,0,0.0,0,0.0,0.0,0.0,0,0.0,0,3,1,12.0,0,1.2,2.2,,,71.0,213.0,24.61905882352941,2.0,Oklahoma State,2018.0,2018.0,PIT,60.0,,0.06521739
2020,12,00-0034676,J.Washington,WR,PIT,BAL,0,0,0.0,0,0.0,0.0,0.0,0,0.0,0,3,2,19.0,0,1.9,3.9,,,71.0,213.0,24.61905882352941,2.0,Oklahoma State,2018.0,2018.0,PIT,60.0,5.0,0.05882353
2020,13,00-0034676,J.Washington,WR,PIT,WAS,0,0,0.0,0,0.0,0.0,0.0,0,0.0,0,4,2,80.0,1,14.0,16.0,,,71.0,213.0,24.61905882352941,2.0,Oklahoma State,2018.0,2018.0,PIT,60.0,-6.0,0.0754717
2020,14,00-0034676,J.Washington,WR,PIT,BUF,0,0,0.0,0,0.0,0.0,0.0,0,0.0,0,6,3,29.0,1,8.9,11.9,,,71.0,213.0,24.61905882352941,2.0,Oklahoma State,2018.0,2018.0,PIT,60.0,,0.16216215
2020,15,00-0034676,J.Washington,WR,PIT,CIN,0,0,0.0,0,0.0,0.0,0.0,0,0.0,0,3,0,0.0,0,0.0,0.0,,,71.0,213.0,24.61905882352941,2.0,Oklahoma State,2018.0,2018.0,PIT,60.0,,0.078947365
2020,16,00-0034676,J.Washington,WR,PIT,IND,0,0,0.0,0,0.0,0.0,0.0,0,0.0,0,3,2,20.0,0,2.0,4.0,,,71.0,213.0,24.61905882352941,2.0,Oklahoma State,2018.0,2018.0,PIT,60.0,4.0,0.06122449
2020,17,00-0034676,J.Washington,WR,PIT,CLE,0,0,0.0,0,0.0,0.0,0.0,0,0.0,0,2,0,0.0,0,0.0,0.0,,,71.0,213.0,24.61905882352941,2.0,Oklahoma State,2018.0,2018.0,PIT,60.0,,0.04761905
2020,18,00-0034676,J.Washington,WR,PIT,CLE,0,0,0.0,0,0.0,0.0,0.0,0,0.0,0,6,5,72.0,0,7.2,12.2,,,71.0,213.0,24.61905882352941,2.0,Oklahoma State,2018.0,2018.0,PIT,60.0,-11.0,0.0882353
2020,1,00-0034681,C.Edmonds,RB,ARI,SF,0,0,0.0,0,0.0,0.0,0.0,6,26.0,0,5,3,19.0,1,10.5,13.5,,,69.0,210.0,24.572875,2.0,Fordham,2018.0,2018.0,ARI,134.0,,0.13513513
2020,2,00-0034681,C.Edmonds,RB,ARI,WAS,0,0,0.0,0,0.0,0.0,0.0,3,4.0,0,4,3,9.0,0,1.3,4.3,,,69.0,210.0,24.572875,2.0,Fordham,2018.0,2018.0,ARI,134.0,15.0,0.11764706
2020,3,00-0034681,C.Edmonds,RB,ARI,DET,0,0,0.0,0,0.0,0.0,0.0,3,13.0,0,2,2,21.0,0,3.4,5.4,,,69.0,210.0,24.572875,2.0,Fordham,2018.0,2018.0,ARI,134.0,-3.0,0.060606062
2020,4,00-0034681,C.Edmonds,RB,ARI,CAR,0,0,0.0,0,0.0,0.0,0.0,4,16.0,0,6,5,24.0,1,10.0,15.0,,,69.0,210.0,24.572875,2.0,Fordham,2018.0,2018.0,ARI,134.0,,0.19354838
2020,5,00-0034681,C.Edmonds,RB,ARI,NYJ,0,0,0.0,0,0.0,0.0,0.0,3,36.0,1,6,5,56.0,0,15.2,20.2,,,69.0,210.0,24.572875,2.0,Fordham,2018.0,2018.0,ARI,134.0,,0.17142858
2020,6,00-0034681,C.Edmonds,RB,ARI,DAL,0,0,0.0,0,0.0,0.0,0.0,5,23.0,0,2,1,6.0,0,2.9,3.9,,,69.0,210.0,24.572875,2.0,Fordham,2018.0,2018.0,ARI,134.0,,0.09090909
2020,7,00-0034681,C.Edmonds,RB,ARI,SEA,0,0,0.0,0,0.0,0.0,0.0,5,58.0,0,7,7,87.0,0,14.5,21.5,,,69.0,210.0,24.572875,2.0,Fordham,2018.0,2018.0,ARI,134.0,3.0,0.1590909
2020,9,00-0034681,C.Edmonds,RB,ARI,MIA,0,0,0.0,0,0.0,0.0,0.0,25,70.0,0,3,3,18.0,0,8.8,11.8,,,69.0,210.0,24.572875,2.0,Fordham,2018.0,2018.0,ARI,134.0,-3.0,0.115384616
2020,10,00-0034681,C.Edmonds,RB,ARI,BUF,0,0,0.0,0,0.0,0.0,0.0,8,56.0,0,3,3,21.0,0,7.7,10.7,,,69.0,210.0,24.572875,2.0,Fordham,2018.0,2018.0,ARI,134.0,2.0,0.09375
2020,11,00-0034681,C.Edmonds,RB,ARI,SEA,0,0,0.0,0,0.0,0.0,0.0,2,13.0,0,4,4,36.0,1,10.9,14.9,,,69.0,210.0,24.572875,2.0,Fordham,2018.0,2018.0,ARI,134.0,,0.102564104
2020,12,00-0034681,C.Edmonds,RB,ARI,NE,0,0,0.0,0,0.0,0.0,0.0,6,29.0,0,5,4,14.0,0,4.3,8.3,,,69.0,210.0,24.572875,2.0,Fordham,2018.0,2018.0,ARI,134.0,,0.14705883
2020,13,00-0034681,C.Edmonds,RB,ARI,LA,0,0,0.0,0,0.0,0.0,0.0,6,28.0,0,5,2,15.0,0,4.3,6.3,,,69.0,210.0,24.572875,2.0,Fordham,2018.0,2018.0,ARI,134.0,-10.0,0.1388889
2020,14,00-0034681,C.Edmonds,RB,ARI,NYG,0,0,0.0,0,0.0,0.0,0.0,7,32.0,0,5,4,21.0,0,5.3,9.3,,,69.0,210.0,24.572875,2.0,Fordham,2018.0,2018.0,ARI,134.0,,0.15625
2020,15,00-0034681,C.Edmonds,RB,ARI,PHI,0,0,0.0,0,0.0,0.0,0.0,11,47.0,0,5,3,19.0,1,12.6,15.6,,,69.0,210.0,24.572875,2.0,Fordham,2018.0,2018.0,ARI,134.0,7.0,0.13513513
2020,16,00-0034681,C.Edmonds,RB,ARI,SF,0,0,0.0,0,0.0,0.0,0.0,0,0.0,0,3,2,8.0,0,0.8,2.8,,,69.0,210.0,24.572875,2.0,Fordham,2018.0,2018.0,ARI,134.0,-8.0,0.06521739
2020,17,00-0034681,C.Edmonds,RB,ARI,LA,0,0,0.0,0,0.0,0.0,0.0,3,-3.0,0,2,2,28.0,0,2.5,4.5,,,69.0,210.0,24.572875,2.0,Fordham,2018.0,2018.0,ARI,134.0,,0.074074075
2020,3,00-0034686,A.Tate,WR,CIN,PHI,0,0,0.0,0,0.0,0.0,0.0,0,0.0,0,4,2,29.0,0,2.9,4.9,,,77.0,228.0,23.761375,2.0,Florida State,2018.0,2018.0,CIN,253.0,,0.0952381
2020,4,00-0034686,A.Tate,WR,CIN,JAX,0,0,0.0,0,0.0,0.0,0.0,0,0.0,0,1,1,15.0,0,1.5,2.5,,,77.0,228.0,23.761375,2.0,Florida State,2018.0,2018.0,CIN,253.0,8.0,0.028571429
2020,5,00-0034686,A.Tate,WR,CIN,BAL,0,0,0.0,0,0.0,0.0,0.0,0,0.0,0,1,1,12.0,0,1.2,2.2,,,77.0,228.0,23.761375,2.0,Florida State,2018.0,2018.0,CIN,253.0,,0.03448276
2020,7,00-0034686,A.Tate,WR,CIN,CLE,0,0,0.0,0,0.0,0.0,0.0,0,0.0,0,1,0,0.0,0,0.0,0.0,,,77.0,228.0,23.761375,2.0,Florida State,2018.0,2018.0,CIN,253.0,-3.0,0.021276595
2020,8,00-0034686,A.Tate,WR,CIN,TEN,0,0,0.0,0,0.0,0.0,0.0,0,0.0,0,7,7,65.0,0,6.5,13.5,,,77.0,228.0,23.761375,2.0,Florida State,2018.0,2018.0,CIN,253.0,11.0,0.2
2020,10,00-0034686,A.Tate,WR,CIN,PIT,0,0,0.0,0,0.0,0.0,0.0,0,0.0,0,4,2,24.0,0,2.4,4.4,,,77.0,228.0,23.761375,2.0,Florida State,2018.0,2018.0,CIN,253.0,,0.10526316
2020,11,00-0034686,A.Tate,WR,CIN,WAS,0,0,0.0,0,0.0,0.0,0.0,0,0.0,0,2,1,5.0,0,0.5,1.5,,,77.0,228.0,23.761375,2.0,Florida State,2018.0,2018.0,CIN,253.0,,0.045454547
2020,12,00-0034686,A.Tate,WR,CIN,NYG,0,0,0.0,0,0.0,0.0,0.0,0,0.0,0,2,0,0.0,0,0.0,0.0,,,77.0,228.0,23.761375,2.0,Florida State,2018.0,2018.0,CIN,253.0,-2.0,0.074074075
2020,15,00-0034750,R.Penny,RB,SEA,WAS,0,0,0.0,0,0.0,0.0,0.0,2,6.0,0,0,0,0.0,0,0.6,0.6,,,71.0,220.0,24.77964705882353,2.0,San Diego State,2018.0,2018.0,SEA,27.0,,
2020,16,00-0034750,R.Penny,RB,SEA,LA,0,0,0.0,0,0.0,0.0,0.0,3,9.0,0,0,0,0.0,0,0.9,0.9,,,71.0,220.0,24.77964705882353,2.0,San Diego State,2018.0,2018.0,SEA,27.0,11.0,
2020,17,00-0034750,R.Penny,RB,SEA,SF,0,0,0.0,0,0.0,0.0,0.0,6,19.0,0,0,0,0.0,0,1.9,1.9,,,71.0,220.0,24.77964705882353,2.0,San Diego State,2018.0,2018.0,SEA,27.0,,
2020,1,00-0034753,M.Andrews,TE,BAL,CLE,0,0,0.0,0,0.0,0.0,0.0,0,0.0,0,6,5,58.0,2,17.8,22.8,,,77.0,255.0,25.19783333333333,2.0,Oklahoma,2018.0,2018.0,BAL,86.0,32.0,0.24
2020,2,00-0034753,M.Andrews,TE,BAL,HOU,0,0,0.0,0,0.0,0.0,0.0,0,0.0,0,3,1,29.0,0,2.9,3.9,,,77.0,255.0,25.19783333333333,2.0,Oklahoma,2018.0,2018.0,BAL,86.0,,0.13043478
2020,3,00-0034753,M.Andrews,TE,BAL,KC,0,0,0.0,0,0.0,0.0,0.0,0,0.0,0,8,3,22.0,0,2.2,5.2,,,77.0,255.0,25.19783333333333,2.0,Oklahoma,2018.0,2018.0,BAL,86.0,-14.0,0.2962963
2020,4,00-0034753,M.Andrews,TE,BAL,WAS,0,0,0.0,0,0.0,0.0,0.0,0,0.0,0,3,3,57.0,2,17.7,20.7,,,77.0,255.0,25.19783333333333,2.0,Oklahoma,2018.0,2018.0,BAL,86.0,,0.13043478
2020,5,00-0034753,M.Andrews,TE,BAL,CIN,0,0,0.0,0,0.0,0.0,0.0,0,0.0,0,9,6,56.0,1,11.6,17.6,,,77.0,255.0,25.19783333333333,2.0,Oklahoma,2018.0,2018.0,BAL,86.0,24.0,0.25
2020,6,00-0034753,M.Andrews,TE,BAL,PHI,0,0,0.0,0,0.0,0.0,0.0,0,0.0,0,4,2,21.0,0,2.1,4.1,,,77.0,255.0,25.19783333333333,2.0,Oklahoma,2018.0,2018.0,BAL,86.0,,0.16
2020,8,00-0034753,M.Andrews,TE,BAL,PIT,0,0,0.0,0,0.0,0.0,0.0,0,0.0,0,6,3,32.0,0,3.2,6.2,,,77.0,255.0,25.19783333333333,2.0,Oklahoma,2018.0,2018.0,BAL,86.0,-4.0,0.23076923
2020,9,00-0034753,M.Andrews,TE,BAL,IND,0,0,0.0,0,0.0,0.0,0.0,0,0.0,0,5,3,22.0,0,2.2,5.2,,,77.0,255.0,25.19783333333333,2.0,Oklahoma,2018.0,2018.0,BAL,86.0,,0.2173913
2020,10,00-0034753,M.Andrews,TE,BAL,NE,0,0,0.0,0,0.0,0.0,0.0,0,0.0,0,9,7,61.0,0,6.1,13.1,,,77.0,255.0,25.19783333333333,2.0,Oklahoma,2018.0,2018.0,BAL,86.0,,0.2647059
2020,11,00-0034753,M.Andrews,TE,BAL,TEN,0,0,0.0,0,0.0,0.0,0.0,0,0.0,0,7,5,96.0,1,15.6,20.6,,,77.0,255.0,25.19783333333333,2.0,Oklahoma,2018.0,2018.0,BAL,86.0,-6.0,0.25
2020,14,00-0034753,M.Andrews,TE,BAL,CLE,0,0,0.0,0,0.0,0.0,0.0,0,0.0,0,6,5,78.0,0,7.8,12.8,,,77.0,255.0,25.19783333333333,2.0,Oklahoma,2018.0,2018.0,BAL,86.0,,0.31578946
2020,15,00-0034753,M.Andrews,TE,BAL,JAX,0,0,0.0,0,0.0,0.0,0.0,0,0.0,0,5,5,66.0,1,12.6,17.6,,,77.0,255.0,25.19783333333333,2.0,Oklahoma,2018.0,2018.0,BAL,86.0,26.0,0.1923077
2020,16,00-0034753,M.Andrews,TE,BAL,NYG,0,0,0.0,0,0.0,0.0,0.0,0,0.0,0,10,6,76.0,0,7.6,13.6,,,77.0,255.0,25.19783333333333,2.0,Oklahoma,2018.0,2018.0,BAL,86.0,14.0,0.4347826
2020,17,00-0034753,M.Andrews,TE,BAL,CIN,0,0,0.0,0,0.0,0.0,0.0,0,0.0,0,7,4,27.0,0,2.7,6.7,,,77.0,255.0,25.19783333333333,2.0,Oklahoma,2018.0,2018.0,BAL,86.0,,0.36842105
2020,18,00-0034753,M.Andrews,TE,BAL,TEN,0,0,0.0,0,0.0,0.0,0.0,0,0.0,0,6,4,41.0,0,4.1,8.1,,,77.0,255.0,25.19783333333333,2.0,Oklahoma,2018.0,2018.0,BAL,86.0,,0.25
2020,19,00-0034753,M.Andrews,TE,BAL,BUF,0,0,0.0,0,0.0,0.0,0.0,0,0.0,0,11,4,28.0,0,2.8,6.8,,,77.0,255.0,25.19783333333333,2.0,Oklahoma,2018.0,2018.0,BAL,86.0,,0.31428573
2020,1,00-0034764,M.Gallup,WR,DAL,LA,0,0,0.0,0,0.0,0.0,0.0,0,0.0,0,5,3,50.0,0,5.0,8.0,,,73.0,200.0,24.680625,2.0,Colorado State,2018.0,2018.0,DAL,81.0,,0.13513513
2020,2,00-0034764,M.Gallup,WR,DAL,ATL,0,0,0.0,0,0.0,0.0,0.0,0,0.0,0,5,2,58.0,0,5.8,7.8,,,73.0,200.0,24.680625,2.0,Colorado State,2018.0,2018.0,DAL,81.0,1.0,0.10638298
2020,3,00-0034764,M.Gallup,WR,DAL,SEA,0,0,0.0,0,0.0,0.0,0.0,0,0.0,0,9,6,138.0,1,19.8,25.8,,,73.0,200.0,24.680625,2.0,Colorado State,2018.0,2018.0,DAL,81.0,,0.16071428
2020,4,00-0034764,M.Gallup,WR,DAL,CLE,0,0,0.0,0,0.0,0.0,0.0,0,0.0,0,5,2,29.0,0,2.9,4.9,,,73.0,200.0,24.680625,2.0,Colorado State,2018.0,2018.0,DAL,81.0,-11.0,0.0862069
2020,5,00-0034764,M.Gallup,WR,DAL,NYG,0,0,0.0,0,0.0,0.0,0.0,0,0.0,0,4,4,73.0,0,7.3,11.3,,,73.0,200.0,24.680625,2.0,Colorado State,2018.0,2018.0,DAL,81.0,3.0,0.121212125
2020,6,00-0034764,M.Gallup,WR,DAL,ARI,0,0,0.0,0,0.0,0.0,0.0,0,0.0,0,6,2,23.0,0,2.3,4.3,,,73.0,200.0,24.680625,2.0,Colorado State,2018.0,2018.0,DAL,81.0,-28.0,0.115384616
2020,7,00-0034764,M.Gallup,WR,DAL,WAS,0,0,0.0,0,0.0,0.0,0.0,0,0.0,0,2,0,0.0,0,0.0,0.0,,,73.0,200.0,24.680625,2.0,Colorado State,2018.0,2018.0,DAL,81.0,,0.0952381
2020,8,00-0034764,M.Gallup,WR,DAL,PHI,0,0,0.0,0,0.0,0.0,0.0,0,0.0,0,12,7,61.0,0,6.1,13.1,,,73.0,200.0,24.680625,2.0,Colorado State,2018.0,2018.0,DAL,81.0,,0.31578946
2020,9,00-0034764,M.Gallup,WR,DAL,PIT,0,0,0.0,0,0.0,0.0,0.0,0,0.0,0,7,3,36.0,0,3.6,6.6,,,73.0,200.0,24.680625,2.0,Colorado State,2018.0,2018.0,DAL,81.0,-5.0,0.1891892
2020,11,00-0034764,M.Gallup,WR,DAL,MIN,0,0,0.0,0,0.0,0.0,0.0,0,0.0,0,5,2,29.0,0,2.9,4.9,,,73.0,200.0,24.680625,2.0,Colorado State,2018.0,2018.0,DAL,81.0,,0.16129032
2020,12,00-0034764,M.Gallup,WR,DAL,WAS,0,0,0.0,0,0.0,0.0,0.0,0,0.0,0,8,6,41.0,0,4.1,10.1,,,73.0,200.0,24.680625,2.0,Colorado State,2018.0,2018.0,DAL,81.0,-25.0,0.23529412
2020,13,00-0034764,M.Gallup,WR,DAL,BAL,0,0,0.0,0,0.0,0.0,0.0,0,0.0,0,11,7,86.0,1,14.6,21.6,,,73.0,200.0,24.680625,2.0,Colorado State,2018.0,2018.0,DAL,81.0,,0.24444444
2020,14,00-0034764,M.Gallup,WR,DAL,CIN,0,0,0.0,0,0.0,0.0,0.0,0,0.0,0,6,2,23.0,0,2.3,4.3,,,73.0,200.0,24.680625,2.0,Colorado State,2018.0,2018.0,DAL,81.0,,0.27272728
2020,15,00-0034764,M.Gallup,WR,DAL,SF,0,0,0.0,0,0.0,0.0,0.0,0,0.0,0,4,3,26.0,1,8.6,11.6,,,73.0,200.0,24.680625,2.0,Colorado State,2018.0,2018.0,DAL,81.0,8.0,0.125
2020,16,00-0034764,M.Gallup,WR,DAL,PHI,0,0,0.0,0,0.0,0.0,0.0,0,0.0,0,8,6,121.0,2,24.1,30.1,,,73.0,200.0,24.680625,2.0,Colorado State,2018.0,2018.0,DAL,81.0,20.0,0.26666668
2020,17,00-0034764,M.Gallup,WR,DAL,NYG,0,0,0.0,0,0.0,0.0,0.0,0,0.0,0,8,4,49.0,0,4.9,8.9,,,73.0,200.0,24.680625,2.0,Colorado State,2018.0,2018.0,DAL,81.0,,0.18181819
2020,1,00-0034765,T.Smith,WR,NO,TB,0,0,0.0,0,0.0,0.0,0.0,0,0.0,0,1,1,4.0,0,0.4,1.4,,,74.0,210.0,24.86111111111111,2.0,Central Florida,2018.0,2018.0,NO,91.0,11.0,0.033333335
2020,2,00-0034765,T.Smith,WR,NO,LV,0,0,0.0,0,0.0,0.0,0.0,0,0.0,0,7,5,86.0,0,8.6,13.6,,,74.0,210.0,24.86111111111111,2.0,Central Florida,2018.0,2018.0,NO,91.0,,0.1891892
2020,3,00-0034765,T.Smith,WR,NO,GB,0,0,0.0,0,0.0,0.0,0.0,0,0.0,0,6,4,42.0,0,4.2,8.2,,,74.0,210.0,24.86111111111111,2.0,Central Florida,2018.0,2018.0,NO,91.0,-7.0,0.17142858
2020,4,00-0034765,T.Smith,WR,NO,DET,0,0,0.0,0,0.0,0.0,0.0,0,0.0,0,4,4,54.0,2,17.4,21.4,,,74.0,210.0,24.86111111111111,2.0,Central Florida,2018.0,2018.0,NO,91.0,,0.16
2020,5,00-0034765,T.Smith,WR,NO,LAC,0,0,0.0,0,0.0,0.0,0.0,0,0.0,0,3,2,8.0,0,0.8,2.8,,,74.0,210.0,24.86111111111111,2.0,Central Florida,2018.0,2018.0,NO,91.0,3.0,0.06382979
2020,7,00-0034765,T.Smith,WR,NO,CAR,0,0,0.0,0,0.0,0.0,0.0,0,0.0,0,4,4,54.0,0,5.4,9.4,,,74.0,210.0,24.86111111111111,2.0,Central Florida,2018.0,2018.0,NO,91.0,3.0,0.114285715
2020,8,00-0034765,T.Smith,WR,NO,CHI,0,0,0.0,0,0.0,0.0,0.0,0,0.0,0,7,5,43.0,0,4.3,9.3,,,74.0,210.0,24.86111111111111,2.0,Central Florida,2018.0,2018.0,NO,91.0,,0.17073171
2020,9,00-0034765,T.Smith,WR,NO,TB,0,0,0.0,0,0.0,0.0,0.0,0,0.0,0,2,1,14.0,1,7.4,8.4,,,74.0,210.0,24.86111111111111,2.0,Central Florida,2018.0,2018.0,NO,91.0,,0.05882353
2020,10,00-0034765,T.Smith,WR,NO,SF,0,0,0.0,0,0.0,0.0,0.0,0,0.0,0,1,0,0.0,0,0.0,0.0,,,74.0,210.0,24.86111111111111,2.0,Central Florida,2018.0,2018.0,NO,91.0,14.0,0.04347826
2020,12,00-0034765,T.Smith,WR,NO,DEN,0,0,0.0,0,0.0,0.0,0.0,0,0.0,0,1,1,16.0,0,1.6,2.6,,,74.0,210.0,24.86111111111111,2.0,Central Florida,2018.0,2018.0,NO,91.0,,0.071428575
2020,13,00-0034765,T.Smith,WR,NO,ATL,0,0,0.0,0,0.0,0.0,0.0,1,3.0,0,6,3,42.0,1,10.5,13.5,,,74.0,210.0,24.86111111111111,2.0,Central Florida,2018.0,2018.0,NO,91.0,,0.16216215
2020,14,00-0034765,T.Smith,WR,NO,PHI,0,0,0.0,0,0.0,0.0,0.0,0,0.0,0,6,3,60.0,0,6.0,9.0,,,74.0,210.0,24.86111111111111,2.0,Central Florida,2018.0,2018.0,NO,91.0,,0.16216215
2020,15,00-0034765,T.Smith,WR,NO,KC,0,0,0.0,0,0.0,0.0,0.0,0,0.0,0,2,1,25.0,0,2.5,3.5,,,74.0,210.0,24.86111111111111,2.0,Central Florida,2018.0,2018.0,NO,91.0,-3.0,0.060606062
2020,19,00-0034765,T.Smith,WR,NO,TB,0,0,0.0,0,0.0,0.0,0.0,0,0.0,0,3,3,85.0,2,20.5,23.5,,,74.0,210.0,24.86111111111111,2.0,Central Florida,2018.0,2018.0,NO,91.0,-10.0,0.08571429
2020,1,00-0034766,C.Herndon,TE,NYJ,BUF,0,0,0.0,0,0.0,0.0,0.0,0,0.0,0,7,6,37.0,0,1.7,7.7,,,76.0,252.0,24.7075625,2.0,Miami,2018.0,2018.0,NYJ,107.0,,0.21212122
2020,2,00-0034766,C.Herndon,TE,NYJ,SF,0,0,0.0,0,0.0,0.0,0.0,0,0.0,0,4,1,5.0,0,0.5,1.5,,,76.0,252.0,24.7075625,2.0,Miami,2018.0,2018.0,NYJ,107.0,-18.0,0.125
2020,3,00-0034766,C.Herndon,TE,NYJ,IND,0,0,0.0,0,0.0,0.0,0.0,0,0.0,0,5,3,21.0,0,2.1,5.1,,,76.0,252.0,24.7075625,2.0,Miami,2018.0,2018.0,NYJ,107.0,,0.1923077
2020,4,00-0034766,C.Herndon,TE,NYJ,DEN,0,0,0.0,0,0.0,0.0,0.0,0,0.0,0,3,1,11.0,0,1.1,2.1,,,76.0,252.0,24.7075625,2.0,Miami,2018.0,2018.0,NYJ,107.0,-9.0,0.069767445
2020,5,00-0034766,C.Herndon,TE,NYJ,ARI,0,0,0.0,0,0.0,0.0,0.0,0,0.0,0,3,2,24.0,0,2.4,4.4,,,76.0,252.0,24.7075625,2.0,Miami,2018.0,2018.0,NYJ,107.0,-20.0,0.09677419
2020,8,00-0034766,C.Herndon,TE,NYJ,KC,0,0,0.0,0,0.0,0.0,0.0,0,0.0,0,2,1,3.0,0,-1.7,-0.7,,,76.0,252.0,24.7075625,2.0,Miami,2018.0,2018.0,NYJ,107.0,,0.071428575
2020,11,00-0034766,C.Herndon,TE,NYJ,LAC,0,0,0.0,0,0.0,0.0,0.0,0,0.0,0,3,2,32.0,1,9.2,11.2,,,76.0,252.0,24.7075625,2.0,Miami,2018.0,2018.0,NYJ,107.0,,0.10714286
2020,14,00-0034766,C.Herndon,TE,NYJ,SEA,0,0,0.0,0,0.0,0.0,0.0,0,0.0,0,1,1,9.0,0,0.9,1.9,,,76.0,252.0,24.7075625,2.0,Miami,2018.0,2018.0,NYJ,107.0,,0.04347826
2020,15,00-0034766,C.Herndon,TE,NYJ,LA,0,0,0.0,0,0.0,0.0,0.0,0,0.0,0,4,3,48.0,0,4.8,7.8,,,76.0,252.0,24.7075625,2.0,Miami,2018.0,2018.0,NYJ,107.0,,0.14814815
2020,16,00-0034766,C.Herndon,TE,NYJ,CLE,0,0,0.0,0,0.0,0.0,0.0,0,0.0,0,4,4,34.0,1,9.4,13.4,,,76.0,252.0,24.7075625,2.0,Miami,2018.0,2018.0,NYJ,107.0,7.0,0.14285715
2020,17,00-0034766,C.Herndon,TE,NYJ,NE,0,0,0.0,0,0.0,0.0,0.0,0,0.0,0,9,7,63.0,1,12.3,19.3,,,76.0,252.0,24.7075625,2.0,Miami,2018.0,2018.0,NYJ,107.0,,0.27272728
2020,6,00-0034771,M.Rudolph,QB,PIT,CLE,1,1,6.0,0,0.0,0.0,-0.0,3,-3.0,0,0,0,0.0,0,-0.06,-0.06,,,77.0,235.0,25.41305882352941,2.0,Oklahoma State,2018.0,2018.0,PIT,76.0,31.0,
2020,9,00-0034771,M.Rudolph,QB,PIT,DAL,2,3,3.0,0,0.0,0.0,-0.0,0,0.0,0,0,0,0.0,0,0.12,0.12,,,77.0,235.0,25.41305882352941,2.0,Oklahoma State,2018.0,2018.0,PIT,76.0,,
2020,11,00-0034771,M.Rudolph,QB,PIT,JAX,0,0,0.0,0,0.0,0.0,0.0,3,-4.0,0,0,0,0.0,0,-0.4,-0.4,,,77.0,235.0,25.41305882352941,2.0,Oklahoma State,2018.0,2018.0,PIT,76.0,,
2020,17,00-0034771,M.Rudolph,QB,PIT,CLE,22,39,315.0,2,1.0,1.0,8.0,1,1.0,0,0,0,0.0,0,18.7,18.7,,,77.0,235.0,25.41305882352941,2.0,Oklahoma State,2018.0,2018.0,PIT,76.0,,
2020,11,00-0034772,A.Callaway,WR,MIA,DEN,0,0,0.0,0,0.0,0.0,0.0,0,0.0,0,1,1,13.0,0,1.3,2.3,,,71.0,200.0,23.859444444444446,2.0,Florida,2018.0,2018.0,CLE,105.0,,0.027027028
2020,12,00-0034772,A.Callaway,WR,MIA,NYJ,0,0,0.0,0,0.0,0.0,0.0,0,0.0,0,1,1,7.0,0,0.7,1.7,,,71.0,200.0,23.859444444444446,2.0,Florida,2018.0,2018.0,CLE,105.0,,0.025641026
2020,14,00-0034772,A.Callaway,WR,MIA,KC,0,0,0.0,0,0.0,0.0,0.0,0,0.0,0,2,0,0.0,0,0.0,0.0,,,71.0,200.0,23.859444444444446,2.0,Florida,2018.0,2018.0,CLE,105.0,-6.0,0.04347826
2020,1,00-0034775,C.Kirk,WR,ARI,SF,0,0,0.0,0,0.0,0.0,0.0,0,0.0,0,5,1,0.0,0,0.0,1.0,,,71.0,200.0,23.9733125,2.0,Texas A&amp;M,2018.0,2018.0,ARI,47.0,,0.13513513
2020,2,00-0034775,C.Kirk,WR,ARI,WAS,0,0,0.0,0,0.0,0.0,0.0,1,3.0,0,4,2,57.0,0,6.0,8.0,,,71.0,200.0,23.9733125,2.0,Texas A&amp;M,2018.0,2018.0,ARI,47.0,15.0,0.11764706
2020,4,00-0034775,C.Kirk,WR,ARI,CAR,0,0,0.0,0,0.0,0.0,0.0,0,0.0,0,5,3,19.0,1,7.9,10.9,,,71.0,200.0,23.9733125,2.0,Texas A&amp;M,2018.0,2018.0,ARI,47.0,,0.16129032
2020,5,00-0034775,C.Kirk,WR,ARI,NYJ,0,0,0.0,0,0.0,0.0,0.0,0,0.0,0,7,5,78.0,0,7.8,12.8,,,71.0,200.0,23.9733125,2.0,Texas A&amp;M,2018.0,2018.0,ARI,47.0,,0.2
2020,6,00-0034775,C.Kirk,WR,ARI,DAL,0,0,0.0,0,0.0,0.0,0.0,0,0.0,0,3,2,86.0,2,20.6,22.6,,,71.0,200.0,23.9733125,2.0,Texas A&amp;M,2018.0,2018.0,ARI,47.0,,0.13636364
2020,7,00-0034775,C.Kirk,WR,ARI,SEA,0,0,0.0,0,0.0,0.0,0.0,0,0.0,0,8,5,37.0,2,15.7,20.7,,,71.0,200.0,23.9733125,2.0,Texas A&amp;M,2018.0,2018.0,ARI,47.0,3.0,0.18181819
2020,9,00-0034775,C.Kirk,WR,ARI,MIA,0,0,0.0,0,0.0,0.0,0.0,0,0.0,0,8,5,123.0,1,18.3,23.3,,,71.0,200.0,23.9733125,2.0,Texas A&amp;M,2018.0,2018.0,ARI,47.0,-3.0,0.30769232
2020,10,00-0034775,C.Kirk,WR,ARI,BUF,0,0,0.0,0,0.0,0.0,0.0,0,0.0,0,6,4,27.0,0,2.7,6.7,,,71.0,200.0,23.9733125,2.0,Texas A&amp;M,2018.0,2018.0,ARI,47.0,2.0,0.1875
2020,11,00-0034775,C.Kirk,WR,ARI,SEA,0,0,0.0,0,0.0,0.0,0.0,0,0.0,0,6,4,50.0,0,5.0,9.0,,,71.0,200.0,23.9733125,2.0,Texas A&amp;M,2018.0,2018.0,ARI,47.0,,0.15384616
2020,12,00-0034775,C.Kirk,WR,ARI,NE,0,0,0.0,0,0.0,0.0,0.0,1,0.0,0,6,3,19.0,0,1.9,4.9,,,71.0,200.0,23.9733125,2.0,Texas A&amp;M,2018.0,2018.0,ARI,47.0,,0.1764706
2020,13,00-0034775,C.Kirk,WR,ARI,LA,0,0,0.0,0,0.0,0.0,0.0,0,0.0,0,3,1,2.0,0,0.2,1.2,,,71.0,200.0,23.9733125,2.0,Texas A&amp;M,2018.0,2018.0,ARI,47.0,-10.0,0.083333336
2020,14,00-0034775,C.Kirk,WR,ARI,NYG,0,0,0.0,0,0.0,0.0,0.0,0,0.0,0,4,3,14.0,0,1.4,4.4,,,71.0,200.0,23.9733125,2.0,Texas A&amp;M,2018.0,2018.0,ARI,47.0,,0.125
2020,15,00-0034775,C.Kirk,WR,ARI,PHI,0,0,0.0,0,0.0,0.0,0.0,0,0.0,0,4,3,33.0,0,3.3,6.3,,,71.0,200.0,23.9733125,2.0,Texas A&amp;M,2018.0,2018.0,ARI,47.0,7.0,0.10810811
2020,16,00-0034775,C.Kirk,WR,ARI,SF,0,0,0.0,0,0.0,0.0,0.0,0,0.0,0,10,7,76.0,0,7.6,14.6,,,71.0,200.0,23.9733125,2.0,Texas A&amp;M,2018.0,2018.0,ARI,47.0,-8.0,0.2173913
2020,1,00-0034777,D.Chark,WR,JAX,IND,0,0,0.0,0,0.0,0.0,0.0,0,0.0,0,3,3,25.0,1,8.5,11.5,,,76.0,198.0,24.126625,2.0,Louisiana State,2018.0,2018.0,JAX,61.0,7.0,0.15
2020,2,00-0034777,D.Chark,WR,JAX,TEN,0,0,0.0,0,0.0,0.0,0.0,0,0.0,0,4,4,84.0,0,8.4,12.4,,,76.0,198.0,24.126625,2.0,Louisiana State,2018.0,2018.0,JAX,61.0,,0.09090909
2020,4,00-0034777,D.Chark,WR,JAX,CIN,0,0,0.0,0,0.0,0.0,0.0,0,0.0,0,9,8,95.0,2,21.5,29.5,,,76.0,198.0,24.126625,2.0,Louisiana State,2018.0,2018.0,JAX,61.0,,0.25
2020,5,00-0034777,D.Chark,WR,JAX,HOU,0,0,0.0,0,0.0,0.0,0.0,0,0.0,0,4,3,16.0,0,1.6,4.6,,,76.0,198.0,24.126625,2.0,Louisiana State,2018.0,2018.0,JAX,61.0,,0.09090909
2020,6,00-0034777,D.Chark,WR,JAX,DET,0,0,0.0,0,0.0,0.0,0.0,0,0.0,0,14,7,45.0,0,4.5,11.5,,,76.0,198.0,24.126625,2.0,Louisiana State,2018.0,2018.0,JAX,61.0,-18.0,0.3181818
2020,7,00-0034777,D.Chark,WR,JAX,LAC,0,0,0.0,0,0.0,0.0,0.0,0,0.0,0,7,1,26.0,0,2.6,3.6,,,76.0,198.0,24.126625,2.0,Louisiana State,2018.0,2018.0,JAX,61.0,,0.29166666
2020,9,00-0034777,D.Chark,WR,JAX,HOU,0,0,0.0,0,0.0,0.0,0.0,0,0.0,0,12,7,146.0,1,20.6,27.6,,,76.0,198.0,24.126625,2.0,Louisiana State,2018.0,2018.0,JAX,61.0,-2.0,0.31578946
2020,10,00-0034777,D.Chark,WR,JAX,GB,0,0,0.0,0,0.0,0.0,0.0,0,0.0,0,5,4,56.0,0,5.6,9.6,,,76.0,198.0,24.126625,2.0,Louisiana State,2018.0,2018.0,JAX,61.0,,0.14705883
2020,11,00-0034777,D.Chark,WR,JAX,PIT,0,0,0.0,0,0.0,0.0,0.0,0,0.0,0,8,4,41.0,0,4.1,8.1,,,76.0,198.0,24.126625,2.0,Louisiana State,2018.0,2018.0,JAX,61.0,-24.0,0.24242425
2020,13,00-0034777,D.Chark,WR,JAX,MIN,0,0,0.0,0,0.0,0.0,0.0,0,0.0,0,7,2,41.0,0,4.1,6.1,,,76.0,198.0,24.126625,2.0,Louisiana State,2018.0,2018.0,JAX,61.0,,0.17073171
2020,14,00-0034777,D.Chark,WR,JAX,TEN,0,0,0.0,0,0.0,0.0,0.0,0,0.0,0,9,2,16.0,0,1.6,3.6,,,76.0,198.0,24.126625,2.0,Louisiana State,2018.0,2018.0,JAX,61.0,-21.0,0.18367347
2020,15,00-0034777,D.Chark,WR,JAX,BAL,0,0,0.0,0,0.0,0.0,0.0,0,0.0,0,5,4,53.0,0,5.3,9.3,,,76.0,198.0,24.126625,2.0,Louisiana State,2018.0,2018.0,JAX,61.0,,0.18518518
2020,16,00-0034777,D.Chark,WR,JAX,CHI,0,0,0.0,0,0.0,0.0,0.0,0,0.0,0,6,4,62.0,1,12.2,16.2,,,76.0,198.0,24.126625,2.0,Louisiana State,2018.0,2018.0,JAX,61.0,-24.0,0.16666667
2020,5,00-0034788,J.Graham,TE,ATL,CAR,0,0,0.0,0,0.0,0.0,0.0,0,0.0,0,1,1,7.0,0,0.7,1.7,,,76.0,250.0,25.0798125,2.0,Yale,2018.0,2018.0,,,-7.0,0.028571429
2020,12,00-0034788,J.Graham,TE,ATL,LV,0,0,0.0,0,0.0,0.0,0.0,0,0.0,0,2,1,11.0,0,1.1,2.1,,,76.0,250.0,25.0798125,2.0,Yale,2018.0,2018.0,,,37.0,0.054054055
2020,13,00-0034788,J.Graham,TE,ATL,NO,0,0,0.0,0,0.0,0.0,0.0,0,0.0,0,1,0,0.0,0,0.0,0.0,,,76.0,250.0,25.0798125,2.0,Yale,2018.0,2018.0,,,-5.0,0.027027028
2020,14,00-0034788,J.Graham,TE,ATL,LAC,0,0,0.0,0,0.0,0.0,0.0,0,0.0,0,1,1,7.0,0,0.7,1.7,,,76.0,250.0,25.0798125,2.0,Yale,2018.0,2018.0,,,,0.03125
2020,1,00-0034791,N.Chubb,RB,CLE,BAL,0,0,0.0,0,0.0,0.0,0.0,10,60.0,0,1,1,6.0,0,4.6,5.6,,,71.0,225.0,24.887833333333333,2.0,Georgia,2018.0,2018.0,CLE,35.0,,0.028571429
2020,2,00-0034791,N.Chubb,RB,CLE,CIN,0,0,0.0,0,0.0,0.0,0.0,22,124.0,2,1,1,9.0,0,25.3,26.3,,,71.0,225.0,24.887833333333333,2.0,Georgia,2018.0,2018.0,CLE,35.0,5.0,0.04761905
2020,3,00-0034791,N.Chubb,RB,CLE,WAS,0,0,0.0,0,0.0,0.0,0.0,19,108.0,2,1,1,2.0,0,23.0,24.0,,,71.0,225.0,24.887833333333333,2.0,Georgia,2018.0,2018.0,CLE,35.0,14.0,0.045454547
2020,4,00-0034791,N.Chubb,RB,CLE,DAL,0,0,0.0,0,0.0,0.0,0.0,6,43.0,0,0,0,0.0,0,4.3,4.3,,,71.0,225.0,24.887833333333333,2.0,Georgia,2018.0,2018.0,CLE,35.0,,
2020,10,00-0034791,N.Chubb,RB,CLE,HOU,0,0,0.0,0,0.0,0.0,0.0,19,126.0,1,1,0,0.0,0,18.6,18.6,,,71.0,225.0,24.887833333333333,2.0,Georgia,2018.0,2018.0,CLE,35.0,3.0,0.05263158
2020,11,00-0034791,N.Chubb,RB,CLE,PHI,0,0,0.0,0,0.0,0.0,0.0,20,114.0,0,0,0,0.0,0,11.4,11.4,,,71.0,225.0,24.887833333333333,2.0,Georgia,2018.0,2018.0,CLE,35.0,5.0,
2020,12,00-0034791,N.Chubb,RB,CLE,JAX,0,0,0.0,0,0.0,0.0,0.0,19,144.0,1,3,3,32.0,0,23.6,26.6,,,71.0,225.0,24.887833333333333,2.0,Georgia,2018.0,2018.0,CLE,35.0,,0.11111111
2020,13,00-0034791,N.Chubb,RB,CLE,TEN,0,0,0.0,0,0.0,0.0,0.0,18,80.0,1,1,1,26.0,0,16.6,17.6,,,71.0,225.0,24.887833333333333,2.0,Georgia,2018.0,2018.0,CLE,35.0,,0.03125
2020,14,00-0034791,N.Chubb,RB,CLE,BAL,0,0,0.0,0,0.0,0.0,0.0,17,82.0,2,2,2,21.0,0,22.3,24.3,,,71.0,225.0,24.887833333333333,2.0,Georgia,2018.0,2018.0,CLE,35.0,-5.0,0.045454547
2020,15,00-0034791,N.Chubb,RB,CLE,NYG,0,0,0.0,0,0.0,0.0,0.0,15,50.0,1,2,2,16.0,0,12.6,14.6,,,71.0,225.0,24.887833333333333,2.0,Georgia,2018.0,2018.0,CLE,35.0,,0.06666667
2020,16,00-0034791,N.Chubb,RB,CLE,NYJ,0,0,0.0,0,0.0,0.0,0.0,11,28.0,1,5,5,38.0,0,12.6,17.6,,,71.0,225.0,24.887833333333333,2.0,Georgia,2018.0,2018.0,CLE,35.0,,0.1
2020,17,00-0034791,N.Chubb,RB,CLE,PIT,0,0,0.0,0,0.0,0.0,0.0,14,108.0,1,1,0,0.0,0,16.8,16.8,,,71.0,225.0,24.887833333333333,2.0,Georgia,2018.0,2018.0,CLE,35.0,2.0,0.03846154
2020,18,00-0034791,N.Chubb,RB,CLE,PIT,0,0,0.0,0,0.0,0.0,0.0,18,76.0,0,4,4,69.0,1,20.5,24.5,,,71.0,225.0,24.887833333333333,2.0,Georgia,2018.0,2018.0,CLE,35.0,,0.11764706
2020,19,00-0034791,N.Chubb,RB,CLE,KC,0,0,0.0,0,0.0,0.0,0.0,13,69.0,0,5,2,4.0,0,7.3,9.3,,,71.0,225.0,24.887833333333333,2.0,Georgia,2018.0,2018.0,CLE,35.0,,0.14705883
2020,1,00-0034796,L.Jackson,QB,BAL,CLE,20,25,275.0,3,0.0,2.0,14.0,7,45.0,0,0,0,0.0,0,27.5,27.5,,,74.0,212.0,23.858999999999998,2.0,Louisville,2018.0,2018.0,BAL,32.0,32.0,
2020,2,00-0034796,L.Jackson,QB,BAL,HOU,18,24,204.0,1,0.0,4.0,27.0,16,54.0,0,0,0,0.0,0,17.56,17.56,,,74.0,212.0,23.858999999999998,2.0,Louisville,2018.0,2018.0,BAL,32.0,,
2020,3,00-0034796,L.Jackson,QB,BAL,KC,15,28,97.0,1,0.0,4.0,27.0,9,83.0,0,0,0,0.0,0,14.18,14.18,,,74.0,212.0,23.858999999999998,2.0,Louisville,2018.0,2018.0,BAL,32.0,-14.0,
2020,4,00-0034796,L.Jackson,QB,BAL,WAS,14,21,193.0,2,1.0,1.0,2.0,7,53.0,1,0,0,0.0,0,25.02,25.02,,,74.0,212.0,23.858999999999998,2.0,Louisville,2018.0,2018.0,BAL,32.0,,
2020,5,00-0034796,L.Jackson,QB,BAL,CIN,19,37,180.0,2,1.0,1.0,9.0,2,3.0,0,0,0,0.0,0,13.5,13.5,,,74.0,212.0,23.858999999999998,2.0,Louisville,2018.0,2018.0,BAL,32.0,24.0,
2020,6,00-0034796,L.Jackson,QB,BAL,PHI,16,27,186.0,1,0.0,3.0,13.0,9,108.0,1,0,0,0.0,0,28.24,28.24,,,74.0,212.0,23.858999999999998,2.0,Louisville,2018.0,2018.0,BAL,32.0,,
2020,8,00-0034796,L.Jackson,QB,BAL,PIT,13,28,208.0,2,2.0,4.0,16.0,16,65.0,0,0,0,0.0,0,14.82,14.82,,,74.0,212.0,23.858999999999998,2.0,Louisville,2018.0,2018.0,BAL,32.0,-4.0,
2020,9,00-0034796,L.Jackson,QB,BAL,IND,19,23,170.0,0,0.0,2.0,14.0,13,58.0,1,0,0,0.0,0,18.6,18.6,,,74.0,212.0,23.858999999999998,2.0,Louisville,2018.0,2018.0,BAL,32.0,,
2020,10,00-0034796,L.Jackson,QB,BAL,NE,24,34,249.0,2,1.0,2.0,7.0,11,55.0,0,0,0,0.0,0,21.46,21.46,,,74.0,212.0,23.858999999999998,2.0,Louisville,2018.0,2018.0,BAL,32.0,,
2020,11,00-0034796,L.Jackson,QB,BAL,TEN,17,29,186.0,1,1.0,1.0,9.0,13,51.0,0,0,0,0.0,0,16.54,16.54,,,74.0,212.0,23.858999999999998,2.0,Louisville,2018.0,2018.0,BAL,32.0,-6.0,
2020,13,00-0034796,L.Jackson,QB,BAL,DAL,12,17,107.0,2,1.0,0.0,-0.0,13,94.0,1,0,0,0.0,0,25.68,25.68,,,74.0,212.0,23.858999999999998,2.0,Louisville,2018.0,2018.0,BAL,32.0,17.0,
2020,14,00-0034796,L.Jackson,QB,BAL,CLE,11,17,163.0,1,0.0,4.0,22.0,9,124.0,2,0,0,0.0,0,34.92,34.92,,,74.0,212.0,23.858999999999998,2.0,Louisville,2018.0,2018.0,BAL,32.0,,
2020,15,00-0034796,L.Jackson,QB,BAL,JAX,17,22,243.0,3,1.0,1.0,-0.0,10,35.0,1,0,0,0.0,0,29.22,29.22,,,74.0,212.0,23.858999999999998,2.0,Louisville,2018.0,2018.0,BAL,32.0,26.0,
2020,16,00-0034796,L.Jackson,QB,BAL,NYG,17,26,183.0,2,0.0,0.0,-0.0,13,80.0,0,0,0,0.0,0,21.32,21.32,,,74.0,212.0,23.858999999999998,2.0,Louisville,2018.0,2018.0,BAL,32.0,14.0,
2020,17,00-0034796,L.Jackson,QB,BAL,CIN,10,18,113.0,3,1.0,0.0,-0.0,11,97.0,0,0,0,0.0,0,24.22,24.22,,,74.0,212.0,23.858999999999998,2.0,Louisville,2018.0,2018.0,BAL,32.0,,
2020,18,00-0034796,L.Jackson,QB,BAL,TEN,17,24,179.0,0,1.0,5.0,14.0,16,136.0,1,0,0,0.0,0,24.76,24.76,,,74.0,212.0,23.858999999999998,2.0,Louisville,2018.0,2018.0,BAL,32.0,,
2020,19,00-0034796,L.Jackson,QB,BAL,BUF,14,24,162.0,0,1.0,3.0,24.0,9,34.0,0,0,0,0.0,0,7.88,7.88,,,74.0,212.0,23.858999999999998,2.0,Louisville,2018.0,2018.0,BAL,32.0,,
2020,3,00-0034798,D.Smythe,TE,MIA,JAX,0,0,0.0,0,0.0,0.0,0.0,0,0.0,0,1,1,7.0,0,0.7,1.7,,,78.0,260.0,25.253,2.0,Notre Dame,2018.0,2018.0,MIA,123.0,,0.05
2020,4,00-0034798,D.Smythe,TE,MIA,SEA,0,0,0.0,0,0.0,0.0,0.0,0,0.0,0,2,2,30.0,0,3.0,5.0,,,78.0,260.0,25.253,2.0,Notre Dame,2018.0,2018.0,MIA,123.0,-8.0,0.044444446
2020,6,00-0034798,D.Smythe,TE,MIA,NYJ,0,0,0.0,0,0.0,0.0,0.0,0,0.0,0,2,1,4.0,1,6.4,7.4,,,78.0,260.0,25.253,2.0,Notre Dame,2018.0,2018.0,MIA,123.0,24.0,0.06896552
2020,8,00-0034798,D.Smythe,TE,MIA,LA,0,0,0.0,0,0.0,0.0,0.0,0,0.0,0,2,2,16.0,0,1.6,3.6,,,78.0,260.0,25.253,2.0,Notre Dame,2018.0,2018.0,MIA,123.0,11.0,0.09090909
2020,9,00-0034798,D.Smythe,TE,MIA,ARI,0,0,0.0,0,0.0,0.0,0.0,0,0.0,0,1,1,19.0,0,1.9,2.9,,,78.0,260.0,25.253,2.0,Notre Dame,2018.0,2018.0,MIA,123.0,,0.03846154
2020,10,00-0034798,D.Smythe,TE,MIA,LAC,0,0,0.0,0,0.0,0.0,0.0,0,0.0,0,2,2,9.0,1,6.9,8.9,,,78.0,260.0,25.253,2.0,Notre Dame,2018.0,2018.0,MIA,123.0,8.0,0.083333336
2020,11,00-0034798,D.Smythe,TE,MIA,DEN,0,0,0.0,0,0.0,0.0,0.0,0,0.0,0,1,0,0.0,0,0.0,0.0,,,78.0,260.0,25.253,2.0,Notre Dame,2018.0,2018.0,MIA,123.0,,0.027027028
2020,12,00-0034798,D.Smythe,TE,MIA,NYJ,0,0,0.0,0,0.0,0.0,0.0,0,0.0,0,3,3,19.0,0,1.9,4.9,,,78.0,260.0,25.253,2.0,Notre Dame,2018.0,2018.0,MIA,123.0,,0.07692308
2020,13,00-0034798,D.Smythe,TE,MIA,CIN,0,0,0.0,0,0.0,0.0,0.0,0,0.0,0,2,2,16.0,0,1.6,3.6,,,78.0,260.0,25.253,2.0,Notre Dame,2018.0,2018.0,MIA,123.0,12.0,0.05263158
2020,14,00-0034798,D.Smythe,TE,MIA,KC,0,0,0.0,0,0.0,0.0,0.0,0,0.0,0,3,2,19.0,0,1.9,3.9,,,78.0,260.0,25.253,2.0,Notre Dame,2018.0,2018.0,MIA,123.0,-6.0,0.06521739
2020,15,00-0034798,D.Smythe,TE,MIA,NE,0,0,0.0,0,0.0,0.0,0.0,0,0.0,0,5,5,40.0,0,4.0,9.0,,,78.0,260.0,25.253,2.0,Notre Dame,2018.0,2018.0,MIA,123.0,10.0,0.2
2020,16,00-0034798,D.Smythe,TE,MIA,LV,0,0,0.0,0,0.0,0.0,0.0,0,0.0,0,2,2,6.0,0,0.6,2.6,,,78.0,260.0,25.253,2.0,Notre Dame,2018.0,2018.0,MIA,123.0,,0.05882353
2020,17,00-0034798,D.Smythe,TE,MIA,BUF,0,0,0.0,0,0.0,0.0,0.0,0,0.0,0,3,3,23.0,0,2.3,5.3,,,78.0,260.0,25.253,2.0,Notre Dame,2018.0,2018.0,MIA,123.0,,0.050847456
2020,2,00-0034799,K.Ballage,RB,NYJ,SF,0,0,0.0,0,0.0,0.0,0.0,1,5.0,0,2,2,12.0,0,1.7,3.7,,,74.0,230.0,24.880764705882353,2.0,Arizona State,2018.0,2018.0,MIA,131.0,-18.0,0.0625
2020,3,00-0034799,K.Ballage,RB,NYJ,IND,0,0,0.0,0,0.0,0.0,0.0,2,8.0,0,5,5,44.0,0,5.2,10.2,,,74.0,230.0,24.880764705882353,2.0,Arizona State,2018.0,2018.0,MIA,131.0,,0.1923077
2020,4,00-0034799,K.Ballage,RB,NYJ,DEN,0,0,0.0,0,0.0,0.0,0.0,0,0.0,0,3,2,11.0,0,1.1,3.1,,,74.0,230.0,24.880764705882353,2.0,Arizona State,2018.0,2018.0,MIA,131.0,-9.0,0.069767445
2020,9,00-0034799,K.Ballage,RB,LAC,LV,0,0,0.0,0,0.0,0.0,0.0,15,69.0,1,3,2,15.0,0,14.4,16.4,,,74.0,230.0,24.880764705882353,2.0,Arizona State,2018.0,2018.0,MIA,131.0,-5.0,0.07317073
2020,10,00-0034799,K.Ballage,RB,LAC,MIA,0,0,0.0,0,0.0,0.0,0.0,18,68.0,0,6,5,34.0,0,10.2,15.2,,,74.0,230.0,24.880764705882353,2.0,Arizona State,2018.0,2018.0,MIA,131.0,,0.1875
2020,11,00-0034799,K.Ballage,RB,LAC,NYJ,0,0,0.0,0,0.0,0.0,0.0,16,44.0,0,9,7,27.0,0,7.1,14.1,,,74.0,230.0,24.880764705882353,2.0,Arizona State,2018.0,2018.0,MIA,131.0,6.0,0.1875
2020,13,00-0034799,K.Ballage,RB,LAC,NE,0,0,0.0,0,0.0,0.0,0.0,7,34.0,0,4,3,5.0,0,3.9,6.9,,,74.0,230.0,24.880764705882353,2.0,Arizona State,2018.0,2018.0,MIA,131.0,-45.0,0.07692308
2020,14,00-0034799,K.Ballage,RB,LAC,ATL,0,0,0.0,0,0.0,0.0,0.0,7,14.0,0,2,1,6.0,0,2.0,3.0,,,74.0,230.0,24.880764705882353,2.0,Arizona State,2018.0,2018.0,MIA,131.0,3.0,0.045454547
2020,15,00-0034799,K.Ballage,RB,LAC,LV,0,0,0.0,0,0.0,0.0,0.0,8,11.0,1,0,0,0.0,0,7.1,7.1,,,74.0,230.0,24.880764705882353,2.0,Arizona State,2018.0,2018.0,MIA,131.0,,
2020,16,00-0034799,K.Ballage,RB,LAC,DEN,0,0,0.0,0,0.0,0.0,0.0,4,14.0,0,3,2,12.0,0,2.6,4.6,,,74.0,230.0,24.880764705882353,2.0,Arizona State,2018.0,2018.0,MIA,131.0,3.0,0.09090909
2020,17,00-0034799,K.Ballage,RB,LAC,KC,0,0,0.0,0,0.0,0.0,0.0,13,36.0,1,0,0,0.0,0,9.6,9.6,,,74.0,230.0,24.880764705882353,2.0,Arizona State,2018.0,2018.0,MIA,131.0,,
2020,1,00-0034816,R.Jones,RB,TB,NO,0,0,0.0,0,0.0,0.0,0.0,17,66.0,0,3,2,16.0,0,8.2,10.2,,,71.0,208.0,23.30315,2.0,Southern California,2018.0,2018.0,TB,38.0,,0.0882353
2020,2,00-0034816,R.Jones,RB,TB,CAR,0,0,0.0,0,0.0,0.0,0.0,7,23.0,1,2,2,4.0,0,8.7,10.7,,,71.0,208.0,23.30315,2.0,Southern California,2018.0,2018.0,TB,38.0,14.0,0.057142857
2020,3,00-0034816,R.Jones,RB,TB,DEN,0,0,0.0,0,0.0,0.0,0.0,13,53.0,0,4,2,20.0,0,7.3,9.3,,,71.0,208.0,23.30315,2.0,Southern California,2018.0,2018.0,TB,38.0,,0.11111111
2020,4,00-0034816,R.Jones,RB,TB,LAC,0,0,0.0,0,0.0,0.0,0.0,20,111.0,0,9,6,17.0,0,12.8,18.8,,,71.0,208.0,23.30315,2.0,Southern California,2018.0,2018.0,TB,38.0,7.0,0.2
2020,5,00-0034816,R.Jones,RB,TB,CHI,0,0,0.0,0,0.0,0.0,0.0,17,106.0,0,5,3,19.0,0,12.5,15.5,,,71.0,208.0,23.30315,2.0,Southern California,2018.0,2018.0,TB,38.0,,0.12195122
2020,6,00-0034816,R.Jones,RB,TB,GB,0,0,0.0,0,0.0,0.0,0.0,23,113.0,2,2,2,8.0,0,24.1,26.1,,,71.0,208.0,23.30315,2.0,Southern California,2018.0,2018.0,TB,38.0,28.0,0.074074075
2020,7,00-0034816,R.Jones,RB,TB,LV,0,0,0.0,0,0.0,0.0,0.0,13,34.0,1,2,1,2.0,0,9.6,10.6,,,71.0,208.0,23.30315,2.0,Southern California,2018.0,2018.0,TB,38.0,,0.048780486
2020,8,00-0034816,R.Jones,RB,TB,NYG,0,0,0.0,0,0.0,0.0,0.0,7,23.0,0,4,4,23.0,0,2.6,6.6,,,71.0,208.0,23.30315,2.0,Southern California,2018.0,2018.0,TB,38.0,,0.1
2020,9,00-0034816,R.Jones,RB,TB,NO,0,0,0.0,0,0.0,0.0,0.0,3,9.0,0,4,3,9.0,0,1.8,4.8,,,71.0,208.0,23.30315,2.0,Southern California,2018.0,2018.0,TB,38.0,-35.0,0.10810811
2020,10,00-0034816,R.Jones,RB,TB,CAR,0,0,0.0,0,0.0,0.0,0.0,23,192.0,1,2,1,6.0,0,23.8,24.8,,,71.0,208.0,23.30315,2.0,Southern California,2018.0,2018.0,TB,38.0,,0.05263158
2020,11,00-0034816,R.Jones,RB,TB,LA,0,0,0.0,0,0.0,0.0,0.0,10,24.0,0,1,0,0.0,0,2.4,2.4,,,71.0,208.0,23.30315,2.0,Southern California,2018.0,2018.0,TB,38.0,-3.0,0.021276595
2020,12,00-0034816,R.Jones,RB,TB,KC,0,0,0.0,0,0.0,0.0,0.0,9,66.0,0,2,1,37.0,1,16.3,17.3,,,71.0,208.0,23.30315,2.0,Southern California,2018.0,2018.0,TB,38.0,-3.0,0.048780486
2020,14,00-0034816,R.Jones,RB,TB,MIN,0,0,0.0,0,0.0,0.0,0.0,18,80.0,1,2,1,4.0,0,14.4,15.4,,,71.0,208.0,23.30315,2.0,Southern California,2018.0,2018.0,TB,38.0,12.0,0.09090909
2020,17,00-0034816,R.Jones,RB,TB,ATL,0,0,0.0,0,0.0,0.0,0.0,12,78.0,1,0,0,0.0,0,13.8,13.8,,,71.0,208.0,23.30315,2.0,Southern California,2018.0,2018.0,TB,38.0,17.0,
2020,19,00-0034816,R.Jones,RB,TB,NO,0,0,0.0,0,0.0,0.0,0.0,13,62.0,0,1,0,0.0,0,6.2,6.2,,,71.0,208.0,23.30315,2.0,Southern California,2018.0,2018.0,TB,38.0,,0.030303031
2020,20,00-0034816,R.Jones,RB,TB,GB,0,0,0.0,0,0.0,0.0,0.0,10,16.0,0,0,0,0.0,0,1.6,1.6,,,71.0,208.0,23.30315,2.0,Southern California,2018.0,2018.0,TB,38.0,,
2020,21,00-0034816,R.Jones,RB,TB,KC,0,0,0.0,0,0.0,0.0,0.0,12,61.0,0,1,0,0.0,0,6.1,6.1,,,71.0,208.0,23.30315,2.0,Southern California,2018.0,2018.0,TB,38.0,22.0,0.03448276
2020,1,00-0034827,D.Moore,WR,CAR,LV,0,0,0.0,0,0.0,0.0,0.0,0,0.0,0,9,4,54.0,0,5.4,9.4,,,72.0,215.0,23.5645625,2.0,Maryland,2018.0,2018.0,CAR,24.0,-4.0,0.2647059
2020,2,00-0034827,D.Moore,WR,CAR,TB,0,0,0.0,0,0.0,0.0,0.0,0,0.0,0,13,8,120.0,0,12.0,20.0,,,72.0,215.0,23.5645625,2.0,Maryland,2018.0,2018.0,CAR,24.0,,0.325
2020,3,00-0034827,D.Moore,WR,CAR,LAC,0,0,0.0,0,0.0,0.0,0.0,0,0.0,0,4,2,65.0,0,6.5,8.5,,,72.0,215.0,23.5645625,2.0,Maryland,2018.0,2018.0,CAR,24.0,,0.14814815
2020,4,00-0034827,D.Moore,WR,CAR,ARI,0,0,0.0,0,0.0,0.0,0.0,0,0.0,0,6,4,49.0,0,4.9,8.9,,,72.0,215.0,23.5645625,2.0,Maryland,2018.0,2018.0,CAR,24.0,10.0,0.16666667
2020,5,00-0034827,D.Moore,WR,CAR,ATL,0,0,0.0,0,0.0,0.0,0.0,0,0.0,0,5,4,93.0,1,15.3,19.3,,,72.0,215.0,23.5645625,2.0,Maryland,2018.0,2018.0,CAR,24.0,,0.14705883
2020,6,00-0034827,D.Moore,WR,CAR,CHI,0,0,0.0,0,0.0,0.0,0.0,0,0.0,0,11,5,93.0,0,9.3,14.3,,,72.0,215.0,23.5645625,2.0,Maryland,2018.0,2018.0,CAR,24.0,-7.0,0.4074074
2020,7,00-0034827,D.Moore,WR,CAR,NO,0,0,0.0,0,0.0,0.0,0.0,0,0.0,0,5,4,93.0,2,21.3,25.3,,,72.0,215.0,23.5645625,2.0,Maryland,2018.0,2018.0,CAR,24.0,,0.18518518
2020,8,00-0034827,D.Moore,WR,CAR,ATL,0,0,0.0,0,0.0,0.0,0.0,0,0.0,0,6,2,55.0,0,5.5,7.5,,,72.0,215.0,23.5645625,2.0,Maryland,2018.0,2018.0,CAR,24.0,-8.0,0.23076923
2020,9,00-0034827,D.Moore,WR,CAR,KC,0,0,0.0,0,0.0,0.0,0.0,0,0.0,0,3,2,18.0,0,1.8,3.8,,,72.0,215.0,23.5645625,2.0,Maryland,2018.0,2018.0,CAR,24.0,,0.06818182
2020,10,00-0034827,D.Moore,WR,CAR,TB,0,0,0.0,0,0.0,0.0,0.0,0,0.0,0,7,4,96.0,1,15.6,19.6,,,72.0,215.0,23.5645625,2.0,Maryland,2018.0,2018.0,CAR,24.0,-23.0,0.25
2020,11,00-0034827,D.Moore,WR,CAR,DET,0,1,0.0,0,0.0,0.0,-0.0,1,21.0,0,11,7,127.0,0,14.8,21.8,,,72.0,215.0,23.5645625,2.0,Maryland,2018.0,2018.0,CAR,24.0,20.0,0.31428573
2020,12,00-0034827,D.Moore,WR,CAR,MIN,0,0,0.0,0,0.0,0.0,0.0,0,0.0,0,9,4,61.0,0,6.1,10.1,,,72.0,215.0,23.5645625,2.0,Maryland,2018.0,2018.0,CAR,24.0,,0.28125
2020,15,00-0034827,D.Moore,WR,CAR,GB,0,0,0.0,0,0.0,0.0,0.0,1,1.0,0,8,6,131.0,0,13.2,19.2,,,72.0,215.0,23.5645625,2.0,Maryland,2018.0,2018.0,CAR,24.0,,0.23529412
2020,16,00-0034827,D.Moore,WR,CAR,WAS,0,0,0.0,0,0.0,0.0,0.0,0,0.0,0,10,5,37.0,0,3.7,8.7,,,72.0,215.0,23.5645625,2.0,Maryland,2018.0,2018.0,CAR,24.0,,0.35714287
2020,17,00-0034827,D.Moore,WR,CAR,NO,0,0,0.0,0,0.0,0.0,0.0,0,0.0,0,11,5,101.0,0,10.1,15.1,,,72.0,215.0,23.5645625,2.0,Maryland,2018.0,2018.0,CAR,24.0,-26.0,0.30555555
2020,1,00-0034829,M.Gesicki,TE,MIA,NE,0,0,0.0,0,0.0,0.0,0.0,0,0.0,0,5,3,30.0,0,3.0,6.0,,,78.0,252.0,25.10225,2.0,Penn State,2018.0,2018.0,MIA,42.0,,0.16666667
2020,2,00-0034829,M.Gesicki,TE,MIA,BUF,0,0,0.0,0,0.0,0.0,0.0,0,0.0,0,11,8,130.0,1,19.0,27.0,,,78.0,252.0,25.10225,2.0,Penn State,2018.0,2018.0,MIA,42.0,-3.0,0.23913044
2020,3,00-0034829,M.Gesicki,TE,MIA,JAX,0,0,0.0,0,0.0,0.0,0.0,0,0.0,0,3,1,15.0,1,7.5,8.5,,,78.0,252.0,25.10225,2.0,Penn State,2018.0,2018.0,MIA,42.0,,0.15
2020,4,00-0034829,M.Gesicki,TE,MIA,SEA,0,0,0.0,0,0.0,0.0,0.0,0,0.0,0,3,1,15.0,0,1.5,2.5,,,78.0,252.0,25.10225,2.0,Penn State,2018.0,2018.0,MIA,42.0,-8.0,0.06666667
2020,5,00-0034829,M.Gesicki,TE,MIA,SF,0,0,0.0,0,0.0,0.0,0.0,0,0.0,0,6,5,91.0,0,9.1,14.1,,,78.0,252.0,25.10225,2.0,Penn State,2018.0,2018.0,MIA,42.0,,0.22222222
2020,6,00-0034829,M.Gesicki,TE,MIA,NYJ,0,0,0.0,0,0.0,0.0,0.0,0,0.0,0,2,0,0.0,0,0.0,0.0,,,78.0,252.0,25.10225,2.0,Penn State,2018.0,2018.0,MIA,42.0,24.0,0.06896552
2020,8,00-0034829,M.Gesicki,TE,MIA,LA,0,0,0.0,0,0.0,0.0,0.0,0,0.0,0,2,1,8.0,0,0.8,1.8,,,78.0,252.0,25.10225,2.0,Penn State,2018.0,2018.0,MIA,42.0,11.0,0.09090909
2020,9,00-0034829,M.Gesicki,TE,MIA,ARI,0,0,0.0,0,0.0,0.0,0.0,0,0.0,0,4,3,42.0,0,4.2,7.2,,,78.0,252.0,25.10225,2.0,Penn State,2018.0,2018.0,MIA,42.0,,0.15384616
2020,10,00-0034829,M.Gesicki,TE,MIA,LAC,0,0,0.0,0,0.0,0.0,0.0,0,0.0,0,5,2,40.0,0,4.0,6.0,,,78.0,252.0,25.10225,2.0,Penn State,2018.0,2018.0,MIA,42.0,8.0,0.20833333
2020,11,00-0034829,M.Gesicki,TE,MIA,DEN,0,0,0.0,0,0.0,0.0,0.0,0,0.0,0,5,4,43.0,0,4.3,8.3,,,78.0,252.0,25.10225,2.0,Penn State,2018.0,2018.0,MIA,42.0,,0.13513513
2020,12,00-0034829,M.Gesicki,TE,MIA,NYJ,0,0,0.0,0,0.0,0.0,0.0,0,0.0,0,5,2,35.0,1,9.5,11.5,,,78.0,252.0,25.10225,2.0,Penn State,2018.0,2018.0,MIA,42.0,,0.12820514
2020,13,00-0034829,M.Gesicki,TE,MIA,CIN,0,0,0.0,0,0.0,0.0,0.0,0,0.0,0,11,9,88.0,1,14.8,23.8,,,78.0,252.0,25.10225,2.0,Penn State,2018.0,2018.0,MIA,42.0,12.0,0.28947368
2020,14,00-0034829,M.Gesicki,TE,MIA,KC,0,0,0.0,0,0.0,0.0,0.0,0,0.0,0,6,5,65.0,2,18.5,23.5,,,78.0,252.0,25.10225,2.0,Penn State,2018.0,2018.0,MIA,42.0,-6.0,0.13043478
2020,16,00-0034829,M.Gesicki,TE,MIA,LV,0,0,0.0,0,0.0,0.0,0.0,0,0.0,0,7,4,54.0,0,5.4,9.4,,,78.0,252.0,25.10225,2.0,Penn State,2018.0,2018.0,MIA,42.0,,0.20588236
2020,17,00-0034829,M.Gesicki,TE,MIA,BUF,0,0,0.0,0,0.0,0.0,0.0,0,0.0,0,10,5,47.0,0,4.7,9.7,,,78.0,252.0,25.10225,2.0,Penn State,2018.0,2018.0,MIA,42.0,,0.16949153
2020,1,00-0034830,H.Hurst,TE,ATL,SEA,0,0,0.0,0,0.0,0.0,0.0,0,0.0,0,5,3,38.0,0,3.8,6.8,,,76.0,245.0,27.2071875,2.0,South Carolina,2018.0,2018.0,BAL,25.0,-13.0,0.09615385
2020,2,00-0034830,H.Hurst,TE,ATL,DAL,0,0,0.0,0,0.0,0.0,0.0,0,0.0,0,8,5,72.0,1,13.2,18.2,,,76.0,245.0,27.2071875,2.0,South Carolina,2018.0,2018.0,BAL,25.0,,0.22222222
2020,3,00-0034830,H.Hurst,TE,ATL,CHI,0,0,0.0,0,0.0,0.0,0.0,0,0.0,0,3,1,1.0,1,6.1,7.1,,,76.0,245.0,27.2071875,2.0,South Carolina,2018.0,2018.0,BAL,25.0,-4.0,0.078947365
2020,4,00-0034830,H.Hurst,TE,ATL,GB,0,0,0.0,0,0.0,0.0,0.0,0,0.0,0,6,4,51.0,0,5.1,9.1,,,76.0,245.0,27.2071875,2.0,South Carolina,2018.0,2018.0,BAL,25.0,,0.15384616
2020,5,00-0034830,H.Hurst,TE,ATL,CAR,0,0,0.0,0,0.0,0.0,0.0,0,0.0,0,6,2,8.0,0,0.8,2.8,,,76.0,245.0,27.2071875,2.0,South Carolina,2018.0,2018.0,BAL,25.0,-7.0,0.17142858
2020,6,00-0034830,H.Hurst,TE,ATL,MIN,0,0,0.0,0,0.0,0.0,0.0,0,0.0,0,4,4,57.0,1,11.7,15.7,,,76.0,245.0,27.2071875,2.0,South Carolina,2018.0,2018.0,BAL,25.0,,0.10810811
2020,7,00-0034830,H.Hurst,TE,ATL,DET,0,0,0.0,0,0.0,0.0,0.0,0,0.0,0,7,6,68.0,0,6.8,12.8,,,76.0,245.0,27.2071875,2.0,South Carolina,2018.0,2018.0,BAL,25.0,-1.0,0.175
2020,8,00-0034830,H.Hurst,TE,ATL,CAR,0,0,0.0,0,0.0,0.0,0.0,0,0.0,0,7,5,54.0,0,5.4,10.4,,,76.0,245.0,27.2071875,2.0,South Carolina,2018.0,2018.0,BAL,25.0,,0.23333333
2020,9,00-0034830,H.Hurst,TE,ATL,DEN,0,0,0.0,0,0.0,0.0,0.0,0,0.0,0,8,7,62.0,0,6.2,13.2,,,76.0,245.0,27.2071875,2.0,South Carolina,2018.0,2018.0,BAL,25.0,7.0,0.22857143
2020,11,00-0034830,H.Hurst,TE,ATL,NO,0,0,0.0,0,0.0,0.0,0.0,0,0.0,0,2,0,0.0,0,0.0,0.0,,,76.0,245.0,27.2071875,2.0,South Carolina,2018.0,2018.0,BAL,25.0,,0.05882353
2020,12,00-0034830,H.Hurst,TE,ATL,LV,0,0,0.0,0,0.0,0.0,0.0,0,0.0,0,8,4,48.0,0,4.8,8.8,,,76.0,245.0,27.2071875,2.0,South Carolina,2018.0,2018.0,BAL,25.0,37.0,0.21621622
2020,13,00-0034830,H.Hurst,TE,ATL,NO,0,0,0.0,0,0.0,0.0,0.0,0,0.0,0,4,1,9.0,0,0.9,1.9,,,76.0,245.0,27.2071875,2.0,South Carolina,2018.0,2018.0,BAL,25.0,-5.0,0.10810811
2020,14,00-0034830,H.Hurst,TE,ATL,LAC,0,0,0.0,0,0.0,0.0,0.0,0,0.0,0,3,1,7.0,0,0.7,1.7,,,76.0,245.0,27.2071875,2.0,South Carolina,2018.0,2018.0,BAL,25.0,,0.09375
2020,15,00-0034830,H.Hurst,TE,ATL,TB,0,0,0.0,0,0.0,0.0,0.0,0,0.0,0,5,4,21.0,1,8.1,12.1,,,76.0,245.0,27.2071875,2.0,South Carolina,2018.0,2018.0,BAL,25.0,-4.0,0.104166664
2020,16,00-0034830,H.Hurst,TE,ATL,KC,0,0,0.0,0,0.0,0.0,0.0,0,0.0,0,6,5,47.0,1,10.7,15.7,,,76.0,245.0,27.2071875,2.0,South Carolina,2018.0,2018.0,BAL,25.0,,0.1764706
2020,17,00-0034830,H.Hurst,TE,ATL,TB,0,0,0.0,0,0.0,0.0,0.0,0,0.0,0,6,4,28.0,1,8.8,12.8,,,76.0,245.0,27.2071875,2.0,South Carolina,2018.0,2018.0,BAL,25.0,,0.14634146
2020,1,00-0034837,C.Ridley,WR,ATL,SEA,0,0,0.0,0,0.0,0.0,0.0,1,-1.0,0,12,9,130.0,2,24.9,33.9,,,73.0,190.0,25.8848125,2.0,Alabama,2018.0,2018.0,ATL,26.0,-13.0,0.23076923
2020,2,00-0034837,C.Ridley,WR,ATL,DAL,0,0,0.0,0,0.0,0.0,0.0,0,0.0,0,10,7,109.0,2,22.9,29.9,,,73.0,190.0,25.8848125,2.0,Alabama,2018.0,2018.0,ATL,26.0,,0.2777778
2020,3,00-0034837,C.Ridley,WR,ATL,CHI,0,0,0.0,0,0.0,0.0,0.0,1,7.0,0,13,5,110.0,0,11.7,16.7,,,73.0,190.0,25.8848125,2.0,Alabama,2018.0,2018.0,ATL,26.0,-4.0,0.34210527
2020,4,00-0034837,C.Ridley,WR,ATL,GB,0,0,0.0,0,0.0,0.0,0.0,0,0.0,0,5,0,0.0,0,0.0,0.0,,,73.0,190.0,25.8848125,2.0,Alabama,2018.0,2018.0,ATL,26.0,,0.12820514
2020,5,00-0034837,C.Ridley,WR,ATL,CAR,0,0,0.0,0,0.0,0.0,0.0,0,0.0,0,10,8,136.0,0,13.6,21.6,,,73.0,190.0,25.8848125,2.0,Alabama,2018.0,2018.0,ATL,26.0,-7.0,0.2857143
2020,6,00-0034837,C.Ridley,WR,ATL,MIN,0,0,0.0,0,0.0,0.0,0.0,1,8.0,0,7,6,61.0,1,12.9,18.9,,,73.0,190.0,25.8848125,2.0,Alabama,2018.0,2018.0,ATL,26.0,,0.1891892
2020,7,00-0034837,C.Ridley,WR,ATL,DET,0,0,0.0,0,0.0,0.0,0.0,0,0.0,0,7,5,69.0,1,14.9,19.9,,,73.0,190.0,25.8848125,2.0,Alabama,2018.0,2018.0,ATL,26.0,-1.0,0.175
2020,8,00-0034837,C.Ridley,WR,ATL,CAR,0,0,0.0,0,0.0,0.0,0.0,0,0.0,0,4,3,42.0,0,4.2,7.2,,,73.0,190.0,25.8848125,2.0,Alabama,2018.0,2018.0,ATL,26.0,,0.13333334
2020,11,00-0034837,C.Ridley,WR,ATL,NO,0,0,0.0,0,0.0,0.0,0.0,0,0.0,0,9,5,90.0,0,9.0,14.0,,,73.0,190.0,25.8848125,2.0,Alabama,2018.0,2018.0,ATL,26.0,,0.2647059
2020,12,00-0034837,C.Ridley,WR,ATL,LV,0,0,0.0,0,0.0,0.0,0.0,0,0.0,0,9,6,50.0,1,11.0,17.0,,,73.0,190.0,25.8848125,2.0,Alabama,2018.0,2018.0,ATL,26.0,37.0,0.24324325
2020,13,00-0034837,C.Ridley,WR,ATL,NO,0,0,0.0,0,0.0,0.0,0.0,0,0.0,0,10,5,108.0,0,10.8,15.8,,,73.0,190.0,25.8848125,2.0,Alabama,2018.0,2018.0,ATL,26.0,-5.0,0.27027026
2020,14,00-0034837,C.Ridley,WR,ATL,LAC,0,0,0.0,0,0.0,0.0,0.0,0,0.0,0,12,8,124.0,1,18.4,26.4,,,73.0,190.0,25.8848125,2.0,Alabama,2018.0,2018.0,ATL,26.0,,0.375
2020,15,00-0034837,C.Ridley,WR,ATL,TB,0,0,0.0,0,0.0,0.0,0.0,0,0.0,0,14,10,163.0,1,22.3,32.3,,,73.0,190.0,25.8848125,2.0,Alabama,2018.0,2018.0,ATL,26.0,-4.0,0.29166666
2020,16,00-0034837,C.Ridley,WR,ATL,KC,0,0,0.0,0,0.0,0.0,0.0,1,-7.0,0,9,5,130.0,0,12.3,17.3,,,73.0,190.0,25.8848125,2.0,Alabama,2018.0,2018.0,ATL,26.0,,0.2647059
2020,17,00-0034837,C.Ridley,WR,ATL,TB,0,0,0.0,0,0.0,0.0,0.0,1,-6.0,0,12,8,52.0,0,2.6,10.6,,,73.0,190.0,25.8848125,2.0,Alabama,2018.0,2018.0,ATL,26.0,,0.29268292
2020,1,00-0034838,R.Freeman,RB,DEN,TEN,0,0,0.0,0,0.0,0.0,0.0,1,0.0,0,1,1,12.0,0,1.2,2.2,,,72.0,238.0,24.7106875,2.0,Oregon,2018.0,2018.0,DEN,71.0,-2.0,0.03125
2020,2,00-0034838,R.Freeman,RB,DEN,PIT,0,0,0.0,0,0.0,0.0,0.0,3,20.0,0,0,0,0.0,0,2.0,2.0,,,72.0,238.0,24.7106875,2.0,Oregon,2018.0,2018.0,DEN,71.0,,
2020,3,00-0034838,R.Freeman,RB,DEN,TB,0,0,0.0,0,0.0,0.0,0.0,2,4.0,0,2,2,31.0,0,3.5,5.5,,,72.0,238.0,24.7106875,2.0,Oregon,2018.0,2018.0,DEN,71.0,-18.0,0.05263158
2020,4,00-0034838,R.Freeman,RB,DEN,NYJ,0,0,0.0,0,0.0,0.0,0.0,3,6.0,0,2,2,6.0,0,1.2,3.2,,,72.0,238.0,24.7106875,2.0,Oregon,2018.0,2018.0,DEN,71.0,,0.071428575
2020,6,00-0034838,R.Freeman,RB,DEN,NE,0,0,0.0,0,0.0,0.0,0.0,8,26.0,0,1,1,4.0,0,3.0,4.0,,,72.0,238.0,24.7106875,2.0,Oregon,2018.0,2018.0,DEN,71.0,,0.041666668
2020,7,00-0034838,R.Freeman,RB,DEN,KC,0,0,0.0,0,0.0,0.0,0.0,3,12.0,0,2,1,5.0,0,1.7,2.7,,,72.0,238.0,24.7106875,2.0,Oregon,2018.0,2018.0,DEN,71.0,-27.0,0.05263158
2020,10,00-0034838,R.Freeman,RB,DEN,LV,0,0,0.0,0,0.0,0.0,0.0,2,11.0,0,2,2,15.0,0,2.6,4.6,,,72.0,238.0,24.7106875,2.0,Oregon,2018.0,2018.0,DEN,71.0,,0.044444446
2020,12,00-0034838,R.Freeman,RB,DEN,NO,0,0,0.0,0,0.0,0.0,0.0,8,50.0,0,0,0,0.0,0,5.0,5.0,,,72.0,238.0,24.7106875,2.0,Oregon,2018.0,2018.0,DEN,71.0,-28.0,
2020,15,00-0034838,R.Freeman,RB,DEN,BUF,0,0,0.0,0,0.0,0.0,0.0,1,4.0,0,0,0,0.0,0,0.4,0.4,,,72.0,238.0,24.7106875,2.0,Oregon,2018.0,2018.0,DEN,71.0,-29.0,
2020,16,00-0034838,R.Freeman,RB,DEN,LAC,0,0,0.0,0,0.0,0.0,0.0,2,16.0,0,2,2,7.0,0,2.3,4.3,,,72.0,238.0,24.7106875,2.0,Oregon,2018.0,2018.0,DEN,71.0,,0.046511628
2020,17,00-0034838,R.Freeman,RB,DEN,LV,0,0,0.0,0,0.0,0.0,0.0,2,21.0,0,1,1,1.0,0,2.2,3.2,,,72.0,238.0,24.7106875,2.0,Oregon,2018.0,2018.0,DEN,71.0,-1.0,0.025
2020,1,00-0034844,S.Barkley,RB,NYG,PIT,0,0,0.0,0,0.0,0.0,0.0,15,6.0,0,9,6,60.0,0,6.6,12.6,,,72.0,232.0,23.742875,2.0,Penn State,2018.0,2018.0,NYG,2.0,-10.0,0.23076923
2020,2,00-0034844,S.Barkley,RB,NYG,CHI,0,0,0.0,0,0.0,0.0,0.0,4,28.0,0,0,0,0.0,0,2.8,2.8,,,72.0,232.0,23.742875,2.0,Penn State,2018.0,2018.0,NYG,2.0,,
2020,1,00-0034845,S.Michel,RB,NE,MIA,0,0,0.0,0,0.0,0.0,0.0,10,37.0,1,0,0,0.0,0,9.7,9.7,,,71.0,215.0,25.72975,2.0,Georgia,2018.0,2018.0,NE,31.0,10.0,
2020,2,00-0034845,S.Michel,RB,NE,SEA,0,0,0.0,0,0.0,0.0,0.0,7,19.0,0,1,0,0.0,0,1.9,1.9,,,71.0,215.0,25.72975,2.0,Georgia,2018.0,2018.0,NE,31.0,,0.023255814
2020,3,00-0034845,S.Michel,RB,NE,LV,0,0,0.0,0,0.0,0.0,0.0,9,117.0,0,2,2,23.0,0,14.0,16.0,,,71.0,215.0,25.72975,2.0,Georgia,2018.0,2018.0,NE,31.0,16.0,0.071428575
2020,13,00-0034845,S.Michel,RB,NE,LAC,0,0,0.0,0,0.0,0.0,0.0,10,35.0,0,1,1,23.0,0,5.8,6.8,,,71.0,215.0,25.72975,2.0,Georgia,2018.0,2018.0,NE,31.0,,0.04761905
2020,14,00-0034845,S.Michel,RB,NE,LA,0,0,0.0,0,0.0,0.0,0.0,7,22.0,0,1,0,0.0,0,2.2,2.2,,,71.0,215.0,25.72975,2.0,Georgia,2018.0,2018.0,NE,31.0,,0.04347826
2020,15,00-0034845,S.Michel,RB,NE,MIA,0,0,0.0,0,0.0,0.0,0.0,10,74.0,0,1,1,8.0,0,8.2,9.2,,,71.0,215.0,25.72975,2.0,Georgia,2018.0,2018.0,NE,31.0,,0.04
2020,16,00-0034845,S.Michel,RB,NE,BUF,0,0,0.0,0,0.0,0.0,0.0,10,69.0,0,0,0,0.0,0,6.9,6.9,,,71.0,215.0,25.72975,2.0,Georgia,2018.0,2018.0,NE,31.0,-29.0,
2020,17,00-0034845,S.Michel,RB,NE,NYJ,0,0,0.0,0,0.0,0.0,0.0,16,76.0,0,3,3,60.0,1,19.6,22.6,,,71.0,215.0,25.72975,2.0,Georgia,2018.0,2018.0,NE,31.0,14.0,0.1
2020,1,00-0034854,K.Hodge,WR,CLE,BAL,0,0,0.0,0,0.0,0.0,0.0,0,0.0,0,3,1,12.0,0,1.2,2.2,,,74.0,205.0,25.868055555555557,2.0,Prairie View,2018.0,2018.0,,,,0.08571429
2020,2,00-0034854,K.Hodge,WR,CLE,CIN,0,0,0.0,0,0.0,0.0,0.0,0,0.0,0,2,2,39.0,0,3.9,5.9,,,74.0,205.0,25.868055555555557,2.0,Prairie View,2018.0,2018.0,,,5.0,0.0952381
2020,3,00-0034854,K.Hodge,WR,CLE,WAS,0,0,0.0,0,0.0,0.0,0.0,0,0.0,0,1,0,0.0,0,0.0,0.0,,,74.0,205.0,25.868055555555557,2.0,Prairie View,2018.0,2018.0,,,14.0,0.045454547
2020,10,00-0034854,K.Hodge,WR,CLE,HOU,0,0,0.0,0,0.0,0.0,0.0,0,0.0,0,1,0,0.0,0,0.0,0.0,,,74.0,205.0,25.868055555555557,2.0,Prairie View,2018.0,2018.0,,,3.0,0.05263158
2020,11,00-0034854,K.Hodge,WR,CLE,PHI,0,0,0.0,0,0.0,0.0,0.0,0,0.0,0,5,3,73.0,0,7.3,10.3,,,74.0,205.0,25.868055555555557,2.0,Prairie View,2018.0,2018.0,,,5.0,0.2777778
2020,12,00-0034854,K.Hodge,WR,CLE,JAX,0,0,0.0,0,0.0,0.0,0.0,0,0.0,0,3,3,31.0,0,3.1,6.1,,,74.0,205.0,25.868055555555557,2.0,Prairie View,2018.0,2018.0,,,,0.11111111
2020,17,00-0034854,K.Hodge,WR,CLE,PIT,0,0,0.0,0,0.0,0.0,0.0,0,0.0,0,2,2,25.0,0,2.5,4.5,,,74.0,205.0,25.868055555555557,2.0,Prairie View,2018.0,2018.0,,,2.0,0.07692308
2020,1,00-0034855,B.Mayfield,QB,CLE,BAL,21,39,189.0,1,1.0,2.0,21.0,2,3.0,0,0,0,0.0,0,9.86,9.86,,,73.0,215.0,25.5915,2.0,Oklahoma,2018.0,2018.0,CLE,1.0,,
2020,2,00-0034855,B.Mayfield,QB,CLE,CIN,16,23,219.0,2,1.0,0.0,-0.0,3,5.0,0,0,0,0.0,0,15.26,15.26,,,73.0,215.0,25.5915,2.0,Oklahoma,2018.0,2018.0,CLE,1.0,5.0,
2020,3,00-0034855,B.Mayfield,QB,CLE,WAS,16,23,156.0,2,0.0,2.0,14.0,1,1.0,0,0,0,0.0,0,14.34,14.34,,,73.0,215.0,25.5915,2.0,Oklahoma,2018.0,2018.0,CLE,1.0,14.0,
2020,4,00-0034855,B.Mayfield,QB,CLE,DAL,19,30,165.0,2,0.0,2.0,1.0,3,6.0,0,0,0,0.0,0,15.2,15.2,,,73.0,215.0,25.5915,2.0,Oklahoma,2018.0,2018.0,CLE,1.0,,
2020,5,00-0034855,B.Mayfield,QB,CLE,IND,21,37,247.0,2,2.0,1.0,4.0,2,17.0,0,0,0,0.0,0,15.58,15.58,,,73.0,215.0,25.5915,2.0,Oklahoma,2018.0,2018.0,CLE,1.0,9.0,
2020,6,00-0034855,B.Mayfield,QB,CLE,PIT,10,18,119.0,1,2.0,4.0,20.0,1,5.0,0,0,0,0.0,0,5.26,5.26,,,73.0,215.0,25.5915,2.0,Oklahoma,2018.0,2018.0,CLE,1.0,,
2020,7,00-0034855,B.Mayfield,QB,CLE,CIN,22,28,297.0,5,1.0,0.0,-0.0,1,-1.0,0,0,0,0.0,0,29.78,29.78,,,73.0,215.0,25.5915,2.0,Oklahoma,2018.0,2018.0,CLE,1.0,,
2020,8,00-0034855,B.Mayfield,QB,CLE,LV,12,25,122.0,0,0.0,0.0,-0.0,6,29.0,0,0,0,0.0,0,7.78,7.78,,,73.0,215.0,25.5915,2.0,Oklahoma,2018.0,2018.0,CLE,1.0,-10.0,
2020,10,00-0034855,B.Mayfield,QB,CLE,HOU,12,20,132.0,0,0.0,1.0,7.0,3,1.0,0,0,0,0.0,0,5.38,5.38,,,73.0,215.0,25.5915,2.0,Oklahoma,2018.0,2018.0,CLE,1.0,3.0,
2020,11,00-0034855,B.Mayfield,QB,CLE,PHI,12,22,204.0,0,0.0,3.0,17.0,6,9.0,0,0,0,0.0,0,7.06,7.06,,,73.0,215.0,25.5915,2.0,Oklahoma,2018.0,2018.0,CLE,1.0,5.0,
2020,12,00-0034855,B.Mayfield,QB,CLE,JAX,19,29,258.0,2,0.0,2.0,6.0,4,1.0,0,0,0,0.0,0,18.42,18.42,,,73.0,215.0,25.5915,2.0,Oklahoma,2018.0,2018.0,CLE,1.0,,
2020,13,00-0034855,B.Mayfield,QB,CLE,TEN,25,33,334.0,4,0.0,0.0,-0.0,4,5.0,0,1,1,6.0,0,28.46,29.46,,,73.0,215.0,25.5915,2.0,Oklahoma,2018.0,2018.0,CLE,1.0,,0.03125
2020,14,00-0034855,B.Mayfield,QB,CLE,BAL,28,47,343.0,2,1.0,0.0,-0.0,5,23.0,1,0,0,0.0,0,30.02,30.02,,,73.0,215.0,25.5915,2.0,Oklahoma,2018.0,2018.0,CLE,1.0,-5.0,
2020,15,00-0034855,B.Mayfield,QB,CLE,NYG,27,32,297.0,2,0.0,1.0,11.0,4,11.0,0,0,0,0.0,0,20.98,20.98,,,73.0,215.0,25.5915,2.0,Oklahoma,2018.0,2018.0,CLE,1.0,,
2020,16,00-0034855,B.Mayfield,QB,CLE,NYJ,28,53,285.0,0,0.0,4.0,31.0,3,6.0,0,0,0,0.0,0,8.0,8.0,,,73.0,215.0,25.5915,2.0,Oklahoma,2018.0,2018.0,CLE,1.0,,
2020,17,00-0034855,B.Mayfield,QB,CLE,PIT,17,27,196.0,1,0.0,4.0,30.0,6,44.0,0,0,0,0.0,0,16.24,16.24,,,73.0,215.0,25.5915,2.0,Oklahoma,2018.0,2018.0,CLE,1.0,2.0,
2020,18,00-0034855,B.Mayfield,QB,CLE,PIT,21,34,263.0,3,0.0,0.0,-0.0,5,3.0,0,0,0,0.0,0,22.82,22.82,,,73.0,215.0,25.5915,2.0,Oklahoma,2018.0,2018.0,CLE,1.0,,
2020,19,00-0034855,B.Mayfield,QB,CLE,KC,23,37,204.0,1,1.0,1.0,8.0,3,11.0,0,1,1,-8.0,0,10.46,11.46,,,73.0,215.0,25.5915,2.0,Oklahoma,2018.0,2018.0,CLE,1.0,,0.029411765
2020,1,00-0034857,J.Allen,QB,BUF,NYJ,33,46,312.0,2,0.0,3.0,6.0,14,57.0,1,0,0,0.0,0,28.18,28.18,,,77.0,237.0,24.49663157894737,2.0,Wyoming,2018.0,2018.0,BUF,7.0,10.0,
2020,2,00-0034857,J.Allen,QB,BUF,MIA,24,35,415.0,4,0.0,1.0,4.0,4,19.0,0,0,0,0.0,0,34.5,34.5,,,77.0,237.0,24.49663157894737,2.0,Wyoming,2018.0,2018.0,BUF,7.0,,
2020,3,00-0034857,J.Allen,QB,BUF,LA,24,33,311.0,4,1.0,4.0,37.0,4,8.0,1,0,0,0.0,0,31.24,31.24,,,77.0,237.0,24.49663157894737,2.0,Wyoming,2018.0,2018.0,BUF,7.0,3.0,
2020,4,00-0034857,J.Allen,QB,BUF,LV,24,34,288.0,2,0.0,1.0,14.0,3,-1.0,1,0,0,0.0,0,25.42,25.42,,,77.0,237.0,24.49663157894737,2.0,Wyoming,2018.0,2018.0,BUF,7.0,,
2020,5,00-0034857,J.Allen,QB,BUF,TEN,26,41,263.0,2,2.0,1.0,10.0,4,18.0,0,0,0,0.0,0,16.32,16.32,,,77.0,237.0,24.49663157894737,2.0,Wyoming,2018.0,2018.0,BUF,7.0,,
2020,6,00-0034857,J.Allen,QB,BUF,KC,14,27,122.0,2,1.0,0.0,-0.0,8,42.0,0,0,0,0.0,0,15.08,15.08,,,77.0,237.0,24.49663157894737,2.0,Wyoming,2018.0,2018.0,BUF,7.0,-9.0,
2020,7,00-0034857,J.Allen,QB,BUF,NYJ,30,43,307.0,0,0.0,2.0,11.0,11,61.0,0,0,0,0.0,0,16.38,16.38,,,77.0,237.0,24.49663157894737,2.0,Wyoming,2018.0,2018.0,BUF,7.0,,
2020,8,00-0034857,J.Allen,QB,BUF,NE,11,18,154.0,0,1.0,1.0,5.0,10,23.0,1,0,0,0.0,0,12.46,12.46,,,77.0,237.0,24.49663157894737,2.0,Wyoming,2018.0,2018.0,BUF,7.0,3.0,
2020,9,00-0034857,J.Allen,QB,BUF,SEA,31,38,415.0,3,0.0,7.0,29.0,7,14.0,1,0,0,0.0,0,36.0,36.0,,,77.0,237.0,24.49663157894737,2.0,Wyoming,2018.0,2018.0,BUF,7.0,10.0,
2020,10,00-0034857,J.Allen,QB,BUF,ARI,32,49,284.0,2,2.0,0.0,-0.0,7,38.0,0,1,1,12.0,1,26.36,27.36,,,77.0,237.0,24.49663157894737,2.0,Wyoming,2018.0,2018.0,BUF,7.0,,0.022222223
2020,12,00-0034857,J.Allen,QB,BUF,LAC,18,24,157.0,1,1.0,2.0,10.0,9,32.0,1,0,0,0.0,0,15.48,15.48,,,77.0,237.0,24.49663157894737,2.0,Wyoming,2018.0,2018.0,BUF,7.0,10.0,
2020,13,00-0034857,J.Allen,QB,BUF,SF,32,40,375.0,4,0.0,1.0,7.0,6,11.0,0,0,0,0.0,0,30.1,30.1,,,77.0,237.0,24.49663157894737,2.0,Wyoming,2018.0,2018.0,BUF,7.0,,
2020,14,00-0034857,J.Allen,QB,BUF,PIT,24,43,238.0,2,1.0,1.0,8.0,6,28.0,0,0,0,0.0,0,18.32,18.32,,,77.0,237.0,24.49663157894737,2.0,Wyoming,2018.0,2018.0,BUF,7.0,11.0,
2020,15,00-0034857,J.Allen,QB,BUF,DEN,28,40,359.0,2,0.0,1.0,7.0,3,33.0,2,0,0,0.0,0,37.66,37.66,,,77.0,237.0,24.49663157894737,2.0,Wyoming,2018.0,2018.0,BUF,7.0,,
2020,16,00-0034857,J.Allen,QB,BUF,NE,27,36,320.0,4,0.0,0.0,-0.0,4,35.0,0,0,0,0.0,0,32.3,32.3,,,77.0,237.0,24.49663157894737,2.0,Wyoming,2018.0,2018.0,BUF,7.0,,
2020,17,00-0034857,J.Allen,QB,BUF,MIA,18,25,224.0,3,1.0,1.0,11.0,2,3.0,0,0,0,0.0,0,19.26,19.26,,,77.0,237.0,24.49663157894737,2.0,Wyoming,2018.0,2018.0,BUF,7.0,30.0,
2020,18,00-0034857,J.Allen,QB,BUF,IND,26,35,324.0,2,0.0,2.0,23.0,11,54.0,1,0,0,0.0,0,32.36,32.36,,,77.0,237.0,24.49663157894737,2.0,Wyoming,2018.0,2018.0,BUF,7.0,3.0,
2020,19,00-0034857,J.Allen,QB,BUF,BAL,23,37,206.0,1,0.0,2.0,18.0,7,3.0,0,0,0,0.0,0,12.54,12.54,,,77.0,237.0,24.49663157894737,2.0,Wyoming,2018.0,2018.0,BUF,7.0,14.0,
2020,20,00-0034857,J.Allen,QB,BUF,KC,28,48,287.0,2,1.0,4.0,53.0,7,88.0,0,0,0,0.0,0,26.28,26.28,,,77.0,237.0,24.49663157894737,2.0,Wyoming,2018.0,2018.0,BUF,7.0,,
2020,1,00-0034860,D.Pettis,WR,SF,ARI,0,0,0.0,0,0.0,0.0,0.0,0,0.0,0,1,0,0.0,0,0.0,0.0,,,73.0,195.0,25.0435625,2.0,Washington,2018.0,2018.0,SF,44.0,-4.0,0.03125
2020,16,00-0034860,D.Pettis,WR,NYG,BAL,0,0,0.0,0,0.0,0.0,0.0,0,0.0,0,3,2,33.0,0,3.3,5.3,,,73.0,195.0,25.0435625,2.0,Washington,2018.0,2018.0,SF,44.0,,0.07317073
2020,17,00-0034860,D.Pettis,WR,NYG,DAL,0,0,0.0,0,0.0,0.0,0.0,0,0.0,0,2,2,43.0,1,10.3,12.3,,,73.0,195.0,25.0435625,2.0,Washington,2018.0,2018.0,SF,44.0,4.0,0.08
2020,1,00-0034869,S.Darnold,QB,NYJ,BUF,21,35,215.0,1,1.0,3.0,13.0,1,6.0,0,0,0,0.0,0,11.2,11.2,,,75.0,225.0,23.42625,2.0,Southern California,2018.0,2018.0,NYJ,3.0,,
2020,2,00-0034869,S.Darnold,QB,NYJ,SF,21,32,179.0,1,0.0,1.0,6.0,2,7.0,0,0,0,0.0,0,11.86,11.86,,,75.0,225.0,23.42625,2.0,Southern California,2018.0,2018.0,NYJ,3.0,-18.0,
2020,3,00-0034869,S.Darnold,QB,NYJ,IND,17,29,168.0,1,3.0,2.0,17.0,5,20.0,0,0,0,0.0,0,6.72,6.72,,,75.0,225.0,23.42625,2.0,Southern California,2018.0,2018.0,NYJ,3.0,,
2020,4,00-0034869,S.Darnold,QB,NYJ,DEN,23,42,230.0,0,0.0,6.0,54.0,6,84.0,1,0,0,0.0,0,23.6,23.6,,,75.0,225.0,23.42625,2.0,Southern California,2018.0,2018.0,NYJ,3.0,-9.0,
2020,7,00-0034869,S.Darnold,QB,NYJ,BUF,12,23,120.0,0,2.0,6.0,29.0,0,0.0,0,0,0,0.0,0,0.8,0.8,,,75.0,225.0,23.42625,2.0,Southern California,2018.0,2018.0,NYJ,3.0,-8.0,
2020,8,00-0034869,S.Darnold,QB,NYJ,KC,18,30,133.0,0,0.0,1.0,5.0,4,21.0,0,0,0,0.0,0,7.42,7.42,,,75.0,225.0,23.42625,2.0,Southern California,2018.0,2018.0,NYJ,3.0,,
2020,12,00-0034869,S.Darnold,QB,NYJ,MIA,16,27,197.0,0,2.0,3.0,24.0,2,9.0,0,0,0,0.0,0,4.78,4.78,,,75.0,225.0,23.42625,2.0,Southern California,2018.0,2018.0,NYJ,3.0,-17.0,
2020,13,00-0034869,S.Darnold,QB,NYJ,LV,14,23,186.0,2,1.0,3.0,16.0,3,26.0,1,0,0,0.0,0,20.04,20.04,,,75.0,225.0,23.42625,2.0,Southern California,2018.0,2018.0,NYJ,3.0,-3.0,
2020,14,00-0034869,S.Darnold,QB,NYJ,SEA,14,26,132.0,0,0.0,3.0,16.0,1,3.0,0,0,0,0.0,0,5.58,5.58,,,75.0,225.0,23.42625,2.0,Southern California,2018.0,2018.0,NYJ,3.0,,
2020,15,00-0034869,S.Darnold,QB,NYJ,LA,22,31,207.0,1,0.0,2.0,11.0,5,18.0,0,0,0,0.0,0,14.08,14.08,,,75.0,225.0,23.42625,2.0,Southern California,2018.0,2018.0,NYJ,3.0,,
2020,16,00-0034869,S.Darnold,QB,NYJ,CLE,16,32,175.0,2,0.0,2.0,16.0,7,20.0,0,0,0,0.0,0,17.0,17.0,,,75.0,225.0,23.42625,2.0,Southern California,2018.0,2018.0,NYJ,3.0,7.0,
2020,17,00-0034869,S.Darnold,QB,NYJ,NE,23,34,266.0,1,2.0,3.0,27.0,1,3.0,0,0,0,0.0,0,10.94,10.94,,,75.0,225.0,23.42625,2.0,Southern California,2018.0,2018.0,NYJ,3.0,,
2020,17,00-0034899,J.Wolford,QB,LA,ARI,22,38,231.0,0,1.0,2.0,8.0,6,56.0,0,0,0,0.0,0,12.84,12.84,,,73.0,200.0,25.084833333333332,2.0,Wake Forest,2018.0,2018.0,,,11.0,
2020,18,00-0034899,J.Wolford,QB,LA,SEA,3,6,29.0,0,0.0,1.0,-0.0,1,2.0,0,0,0,0.0,0,1.36,1.36,,,73.0,200.0,25.084833333333332,2.0,Wake Forest,2018.0,2018.0,,,,
2020,1,00-0034928,S.Sims,WR,WAS,PHI,0,0,0.0,0,0.0,0.0,0.0,0,0.0,0,3,3,50.0,0,5.0,8.0,,,70.0,176.0,23.619235294117647,1.0,Kansas,2019.0,2019.0,,,10.0,0.1
2020,2,00-0034928,S.Sims,WR,WAS,ARI,0,0,0.0,0,0.0,0.0,0.0,0,0.0,0,5,3,53.0,0,5.3,8.3,,,70.0,176.0,23.619235294117647,1.0,Kansas,2019.0,2019.0,,,,0.15151516
2020,9,00-0034928,S.Sims,WR,WAS,NYG,0,0,0.0,0,0.0,0.0,0.0,0,0.0,0,1,1,4.0,0,0.4,1.4,,,70.0,176.0,23.619235294117647,1.0,Kansas,2019.0,2019.0,,,-3.0,0.025641026
2020,10,00-0034928,S.Sims,WR,WAS,DET,0,0,0.0,0,0.0,0.0,0.0,0,0.0,0,6,5,46.0,0,4.6,9.6,,,70.0,176.0,23.619235294117647,1.0,Kansas,2019.0,2019.0,,,,0.115384616
2020,11,00-0034928,S.Sims,WR,WAS,CIN,0,0,0.0,0,0.0,0.0,0.0,0,0.0,0,3,3,13.0,1,7.3,10.3,,,70.0,176.0,23.619235294117647,1.0,Kansas,2019.0,2019.0,,,11.0,0.125
2020,12,00-0034928,S.Sims,WR,WAS,DAL,0,0,0.0,0,0.0,0.0,0.0,0,0.0,0,1,1,8.0,0,0.8,1.8,,,70.0,176.0,23.619235294117647,1.0,Kansas,2019.0,2019.0,,,,0.041666668
2020,13,00-0034928,S.Sims,WR,WAS,PIT,0,0,0.0,0,0.0,0.0,0.0,0,0.0,0,6,4,17.0,0,1.7,5.7,,,70.0,176.0,23.619235294117647,1.0,Kansas,2019.0,2019.0,,,,0.13636364
2020,14,00-0034928,S.Sims,WR,WAS,SF,0,0,0.0,0,0.0,0.0,0.0,0,0.0,0,3,1,5.0,0,0.5,1.5,,,70.0,176.0,23.619235294117647,1.0,Kansas,2019.0,2019.0,,,,0.10344828
2020,15,00-0034928,S.Sims,WR,WAS,SEA,0,0,0.0,0,0.0,0.0,0.0,0,0.0,0,2,1,11.0,0,1.1,2.1,,,70.0,176.0,23.619235294117647,1.0,Kansas,2019.0,2019.0,,,-5.0,0.03773585
2020,16,00-0034928,S.Sims,WR,WAS,CAR,0,0,0.0,0,0.0,0.0,0.0,0,0.0,0,6,4,52.0,0,5.2,9.2,,,70.0,176.0,23.619235294117647,1.0,Kansas,2019.0,2019.0,,,-7.0,0.12765957
2020,17,00-0034928,S.Sims,WR,WAS,PHI,0,0,0.0,0,0.0,0.0,0.0,1,18.0,0,1,1,6.0,0,2.4,3.4,,,70.0,176.0,23.619235294117647,1.0,Kansas,2019.0,2019.0,,,,0.03448276
2020,18,00-0034928,S.Sims,WR,WAS,TB,0,0,0.0,0,0.0,0.0,0.0,1,4.0,0,4,3,33.0,1,9.7,12.7,,,70.0,176.0,23.619235294117647,1.0,Kansas,2019.0,2019.0,,,-8.0,0.09756097
2020,3,00-0034955,B.Rypien,QB,DEN,TB,8,9,53.0,0,1.0,1.0,-0.0,0,0.0,0,0,0,0.0,0,0.12,0.12,,,74.0,200.0,24.3383125,1.0,Boise State,2019.0,2019.0,,,-18.0,
2020,4,00-0034955,B.Rypien,QB,DEN,NYJ,19,31,242.0,2,3.0,0.0,-0.0,5,-5.0,0,0,0,0.0,0,11.18,11.18,,,74.0,200.0,24.3383125,1.0,Boise State,2019.0,2019.0,,,,
2020,2,00-0034960,J.Meyers,WR,NE,SEA,0,0,0.0,0,0.0,0.0,0.0,0,0.0,0,1,1,7.0,0,0.7,1.7,,,74.0,200.0,24.0020625,1.0,North Carolina State,2019.0,2019.0,,,,0.023255814
2020,7,00-0034960,J.Meyers,WR,NE,SF,0,0,0.0,0,0.0,0.0,0.0,1,2.0,0,6,4,60.0,0,6.2,10.2,,,74.0,200.0,24.0020625,1.0,North Carolina State,2019.0,2019.0,,,-27.0,0.27272728
2020,8,00-0034960,J.Meyers,WR,NE,BUF,0,0,0.0,0,0.0,0.0,0.0,0,0.0,0,10,6,58.0,0,7.8,13.8,,,74.0,200.0,24.0020625,1.0,North Carolina State,2019.0,2019.0,,,,0.4347826
2020,9,00-0034960,J.Meyers,WR,NE,NYJ,0,0,0.0,0,0.0,0.0,0.0,0,0.0,0,14,12,169.0,0,16.9,28.9,,,74.0,200.0,24.0020625,1.0,North Carolina State,2019.0,2019.0,,,,0.4117647
2020,10,00-0034960,J.Meyers,WR,NE,BAL,1,1,24.0,1,0.0,0.0,-0.0,0,0.0,0,7,5,59.0,0,10.86,15.86,,,74.0,200.0,24.0020625,1.0,North Carolina State,2019.0,2019.0,,,6.0,0.4117647
2020,11,00-0034960,J.Meyers,WR,NE,HOU,0,0,0.0,0,0.0,0.0,0.0,0,0.0,0,3,3,38.0,0,3.8,6.8,,,74.0,200.0,24.0020625,1.0,North Carolina State,2019.0,2019.0,,,,0.078947365
2020,12,00-0034960,J.Meyers,WR,NE,ARI,0,0,0.0,0,0.0,0.0,0.0,0,0.0,0,6,5,52.0,0,5.2,10.2,,,74.0,200.0,24.0020625,1.0,North Carolina State,2019.0,2019.0,,,3.0,0.3529412
2020,13,00-0034960,J.Meyers,WR,NE,LAC,0,0,0.0,0,0.0,0.0,0.0,0,0.0,0,6,2,15.0,0,1.5,3.5,,,74.0,200.0,24.0020625,1.0,North Carolina State,2019.0,2019.0,,,,0.2857143
2020,14,00-0034960,J.Meyers,WR,NE,LA,0,0,0.0,0,0.0,0.0,0.0,0,0.0,0,5,4,47.0,0,4.7,8.7,,,74.0,200.0,24.0020625,1.0,North Carolina State,2019.0,2019.0,,,,0.2173913
2020,15,00-0034960,J.Meyers,WR,NE,MIA,0,0,0.0,0,0.0,0.0,0.0,0,0.0,0,10,7,111.0,0,9.1,16.1,,,74.0,200.0,24.0020625,1.0,North Carolina State,2019.0,2019.0,,,,0.4
2020,16,00-0034960,J.Meyers,WR,NE,BUF,0,0,0.0,0,0.0,0.0,0.0,0,0.0,0,6,4,45.0,0,4.5,8.5,,,74.0,200.0,24.0020625,1.0,North Carolina State,2019.0,2019.0,,,-29.0,0.33333334
2020,17,00-0034960,J.Meyers,WR,NE,NYJ,1,1,19.0,1,0.0,0.0,-0.0,1,7.0,0,7,6,68.0,0,12.26,18.26,,,74.0,200.0,24.0020625,1.0,North Carolina State,2019.0,2019.0,,,14.0,0.23333333
2020,1,00-0034970,I.Smith,TE,MIN,GB,0,0,0.0,0,0.0,0.0,0.0,0,0.0,0,1,1,11.0,0,1.1,2.1,,,74.0,240.0,22.25275,1.0,Alabama,2019.0,2019.0,MIN,50.0,-9.0,0.04
2020,2,00-0034970,I.Smith,TE,MIN,IND,0,0,0.0,0,0.0,0.0,0.0,0,0.0,0,4,1,3.0,0,0.3,1.3,,,74.0,240.0,22.25275,1.0,Alabama,2019.0,2019.0,MIN,50.0,,0.17391305
2020,4,00-0034970,I.Smith,TE,MIN,HOU,0,0,0.0,0,0.0,0.0,0.0,0,0.0,0,1,0,0.0,0,0.0,0.0,,,74.0,240.0,22.25275,1.0,Alabama,2019.0,2019.0,MIN,50.0,,0.04761905
2020,5,00-0034970,I.Smith,TE,MIN,SEA,0,0,0.0,0,0.0,0.0,0.0,0,0.0,0,5,4,64.0,0,6.4,10.4,,,74.0,240.0,22.25275,1.0,Alabama,2019.0,2019.0,MIN,50.0,,0.13157895
2020,6,00-0034970,I.Smith,TE,MIN,ATL,0,0,0.0,0,0.0,0.0,0.0,0,0.0,0,5,4,55.0,0,7.5,11.5,,,74.0,240.0,22.25275,1.0,Alabama,2019.0,2019.0,MIN,50.0,-17.0,0.14285715
2020,8,00-0034970,I.Smith,TE,MIN,GB,0,0,0.0,0,0.0,0.0,0.0,0,0.0,0,1,1,16.0,0,1.6,2.6,,,74.0,240.0,22.25275,1.0,Alabama,2019.0,2019.0,MIN,50.0,,0.071428575
2020,9,00-0034970,I.Smith,TE,MIN,DET,0,0,0.0,0,0.0,0.0,0.0,0,0.0,0,4,2,10.0,2,13.0,15.0,,,74.0,240.0,22.25275,1.0,Alabama,2019.0,2019.0,MIN,50.0,14.0,0.2
2020,11,00-0034970,I.Smith,TE,MIN,DAL,0,0,0.0,0,0.0,0.0,0.0,0,0.0,0,2,2,23.0,0,2.3,4.3,,,74.0,240.0,22.25275,1.0,Alabama,2019.0,2019.0,MIN,50.0,-3.0,0.071428575
2020,14,00-0034970,I.Smith,TE,MIN,TB,0,0,0.0,0,0.0,0.0,0.0,0,0.0,0,4,4,63.0,1,12.3,16.3,,,74.0,240.0,22.25275,1.0,Alabama,2019.0,2019.0,MIN,50.0,,0.114285715
2020,15,00-0034970,I.Smith,TE,MIN,CHI,0,0,0.0,0,0.0,0.0,0.0,0,0.0,0,4,3,37.0,0,3.7,6.7,,,74.0,240.0,22.25275,1.0,Alabama,2019.0,2019.0,MIN,50.0,-6.0,0.13333334
2020,16,00-0034970,I.Smith,TE,MIN,NO,0,0,0.0,0,0.0,0.0,0.0,0,0.0,0,9,6,53.0,2,17.3,23.3,,,74.0,240.0,22.25275,1.0,Alabama,2019.0,2019.0,MIN,50.0,,0.23684211
2020,17,00-0034970,I.Smith,TE,MIN,DET,0,0,0.0,0,0.0,0.0,0.0,0,0.0,0,3,2,30.0,0,3.0,5.0,,,74.0,240.0,22.25275,1.0,Alabama,2019.0,2019.0,MIN,50.0,,0.078947365
2020,1,00-0034972,A.Mattison,RB,MIN,GB,0,0,0.0,0,0.0,0.0,0.0,6,50.0,0,4,4,30.0,0,8.0,12.0,,,71.0,220.0,22.3923125,1.0,Boise State,2019.0,2019.0,MIN,102.0,-9.0,0.16
2020,2,00-0034972,A.Mattison,RB,MIN,IND,0,0,0.0,0,0.0,0.0,0.0,3,13.0,0,2,1,3.0,0,1.6,2.6,,,71.0,220.0,22.3923125,1.0,Boise State,2019.0,2019.0,MIN,102.0,,0.08695652
2020,3,00-0034972,A.Mattison,RB,MIN,TEN,0,0,0.0,0,0.0,0.0,0.0,8,27.0,0,0,0,0.0,0,2.7,2.7,,,71.0,220.0,22.3923125,1.0,Boise State,2019.0,2019.0,MIN,102.0,-1.0,
2020,4,00-0034972,A.Mattison,RB,MIN,HOU,0,0,0.0,0,0.0,0.0,0.0,7,17.0,1,0,0,0.0,0,7.7,7.7,,,71.0,220.0,22.3923125,1.0,Boise State,2019.0,2019.0,MIN,102.0,,
2020,5,00-0034972,A.Mattison,RB,MIN,SEA,0,0,0.0,0,0.0,0.0,0.0,20,112.0,0,3,3,24.0,0,13.6,16.6,,,71.0,220.0,22.3923125,1.0,Boise State,2019.0,2019.0,MIN,102.0,,0.078947365
2020,6,00-0034972,A.Mattison,RB,MIN,ATL,0,0,0.0,0,0.0,0.0,0.0,10,26.0,0,2,1,4.0,0,3.0,4.0,,,71.0,220.0,22.3923125,1.0,Boise State,2019.0,2019.0,MIN,102.0,-17.0,0.057142857
2020,8,00-0034972,A.Mattison,RB,MIN,GB,0,0,0.0,0,0.0,0.0,0.0,3,8.0,0,0,0,0.0,0,0.8,0.8,,,71.0,220.0,22.3923125,1.0,Boise State,2019.0,2019.0,MIN,102.0,,
2020,9,00-0034972,A.Mattison,RB,MIN,DET,0,0,0.0,0,0.0,0.0,0.0,12,69.0,0,0,0,0.0,0,6.9,6.9,,,71.0,220.0,22.3923125,1.0,Boise State,2019.0,2019.0,MIN,102.0,14.0,
2020,10,00-0034972,A.Mattison,RB,MIN,CHI,0,0,0.0,0,0.0,0.0,0.0,2,4.0,0,0,0,0.0,0,0.4,0.4,,,71.0,220.0,22.3923125,1.0,Boise State,2019.0,2019.0,MIN,102.0,,
2020,11,00-0034972,A.Mattison,RB,MIN,DAL,0,0,0.0,0,0.0,0.0,0.0,1,6.0,0,0,0,0.0,0,0.6,0.6,,,71.0,220.0,22.3923125,1.0,Boise State,2019.0,2019.0,MIN,102.0,-3.0,
2020,12,00-0034972,A.Mattison,RB,MIN,CAR,0,0,0.0,0,0.0,0.0,0.0,2,6.0,0,0,0,0.0,0,0.6,0.6,,,71.0,220.0,22.3923125,1.0,Boise State,2019.0,2019.0,MIN,102.0,1.0,
2020,15,00-0034972,A.Mattison,RB,MIN,CHI,0,0,0.0,0,0.0,0.0,0.0,1,1.0,0,1,1,14.0,0,1.5,2.5,,,71.0,220.0,22.3923125,1.0,Boise State,2019.0,2019.0,MIN,102.0,-6.0,0.033333335
2020,17,00-0034972,A.Mattison,RB,MIN,DET,0,0,0.0,0,0.0,0.0,0.0,21,95.0,1,3,3,50.0,1,26.5,29.5,,,71.0,220.0,22.3923125,1.0,Boise State,2019.0,2019.0,MIN,102.0,,0.078947365
2020,10,00-0034975,J.Hill,RB,BAL,NE,0,0,0.0,0,0.0,0.0,0.0,0,0.0,0,1,1,3.0,0,0.3,1.3,,,70.0,200.0,23.0075,1.0,Oklahoma State,2019.0,2019.0,BAL,113.0,,0.029411765
2020,12,00-0034975,J.Hill,RB,BAL,PIT,0,0,0.0,0,0.0,0.0,0.0,9,35.0,0,2,2,5.0,0,4.0,6.0,,,70.0,200.0,23.0075,1.0,Oklahoma State,2019.0,2019.0,BAL,113.0,,0.11111111
2020,13,00-0034975,J.Hill,RB,BAL,DAL,0,0,0.0,0,0.0,0.0,0.0,0,0.0,0,1,1,4.0,0,0.4,1.4,,,70.0,200.0,23.0075,1.0,Oklahoma State,2019.0,2019.0,BAL,113.0,17.0,0.05882353
2020,14,00-0034975,J.Hill,RB,BAL,CLE,0,0,0.0,0,0.0,0.0,0.0,1,4.0,0,0,0,0.0,0,0.4,0.4,,,70.0,200.0,23.0075,1.0,Oklahoma State,2019.0,2019.0,BAL,113.0,,
2020,15,00-0034975,J.Hill,RB,BAL,JAX,0,0,0.0,0,0.0,0.0,0.0,0,0.0,0,1,1,8.0,0,0.8,1.8,,,70.0,200.0,23.0075,1.0,Oklahoma State,2019.0,2019.0,BAL,113.0,26.0,0.03846154
2020,17,00-0034975,J.Hill,RB,BAL,CIN,0,0,0.0,0,0.0,0.0,0.0,2,21.0,0,0,0,0.0,0,2.1,2.1,,,70.0,200.0,23.0075,1.0,Oklahoma State,2019.0,2019.0,BAL,113.0,,
2020,19,00-0034975,J.Hill,RB,BAL,BUF,0,0,0.0,0,0.0,0.0,0.0,0,0.0,0,1,0,0.0,0,0.0,0.0,,,70.0,200.0,23.0075,1.0,Oklahoma State,2019.0,2019.0,BAL,113.0,,0.028571429
2020,2,00-0034981,F.Moreau,TE,LV,NO,0,0,0.0,0,0.0,0.0,0.0,0,0.0,0,1,1,31.0,0,3.1,4.1,,,76.0,250.0,23.5130625,1.0,Louisiana State,2019.0,2019.0,OAK,137.0,10.0,0.029411765
2020,3,00-0034981,F.Moreau,TE,LV,NE,0,0,0.0,0,0.0,0.0,0.0,0,0.0,0,2,2,25.0,1,8.5,10.5,,,76.0,250.0,23.5130625,1.0,Louisiana State,2019.0,2019.0,OAK,137.0,,0.0625
2020,4,00-0034981,F.Moreau,TE,LV,BUF,0,0,0.0,0,0.0,0.0,0.0,0,0.0,0,1,1,8.0,0,0.8,1.8,,,76.0,250.0,23.5130625,1.0,Louisiana State,2019.0,2019.0,OAK,137.0,-7.0,0.023255814
2020,8,00-0034981,F.Moreau,TE,LV,CLE,0,0,0.0,0,0.0,0.0,0.0,0,0.0,0,1,0,0.0,0,0.0,0.0,,,76.0,250.0,23.5130625,1.0,Louisiana State,2019.0,2019.0,OAK,137.0,,0.045454547
2020,14,00-0034981,F.Moreau,TE,LV,IND,0,0,0.0,0,0.0,0.0,0.0,0,0.0,0,2,1,47.0,1,10.7,11.7,,,76.0,250.0,23.5130625,1.0,Louisiana State,2019.0,2019.0,OAK,137.0,-17.0,0.044444446
2020,15,00-0034981,F.Moreau,TE,LV,LAC,0,0,0.0,0,0.0,0.0,0.0,0,0.0,0,1,1,22.0,0,2.2,3.2,,,76.0,250.0,23.5130625,1.0,Louisiana State,2019.0,2019.0,OAK,137.0,-3.0,0.033333335
2020,17,00-0034981,F.Moreau,TE,LV,DEN,0,0,0.0,0,0.0,0.0,0.0,0,0.0,0,1,1,7.0,0,0.7,1.7,,,76.0,250.0,23.5130625,1.0,Louisiana State,2019.0,2019.0,OAK,137.0,,0.028571429
2020,1,00-0034983,H.Renfrow,WR,LV,CAR,0,0,0.0,0,0.0,0.0,0.0,0,0.0,0,2,2,21.0,0,2.1,4.1,,,70.0,185.0,24.8874375,1.0,Clemson,2019.0,2019.0,OAK,149.0,,0.071428575
2020,2,00-0034983,H.Renfrow,WR,LV,NO,0,0,0.0,0,0.0,0.0,0.0,0,0.0,0,3,3,37.0,0,3.7,6.7,,,70.0,185.0,24.8874375,1.0,Clemson,2019.0,2019.0,OAK,149.0,10.0,0.0882353
2020,3,00-0034983,H.Renfrow,WR,LV,NE,0,0,0.0,0,0.0,0.0,0.0,0,0.0,0,9,6,84.0,1,14.4,20.4,,,70.0,185.0,24.8874375,1.0,Clemson,2019.0,2019.0,OAK,149.0,,0.28125
2020,4,00-0034983,H.Renfrow,WR,LV,BUF,0,0,0.0,0,0.0,0.0,0.0,0,0.0,0,8,5,57.0,0,5.7,10.7,,,70.0,185.0,24.8874375,1.0,Clemson,2019.0,2019.0,OAK,149.0,-7.0,0.18604651
2020,5,00-0034983,H.Renfrow,WR,LV,KC,0,0,0.0,0,0.0,0.0,0.0,0,0.0,0,2,1,42.0,0,4.2,5.2,,,70.0,185.0,24.8874375,1.0,Clemson,2019.0,2019.0,OAK,149.0,,0.06451613
2020,7,00-0034983,H.Renfrow,WR,LV,TB,0,0,0.0,0,0.0,0.0,0.0,0,0.0,0,6,4,42.0,0,4.2,8.2,,,70.0,185.0,24.8874375,1.0,Clemson,2019.0,2019.0,OAK,149.0,-25.0,0.16666667
2020,8,00-0034983,H.Renfrow,WR,LV,CLE,0,0,0.0,0,0.0,0.0,0.0,0,0.0,0,4,4,26.0,1,8.6,12.6,,,70.0,185.0,24.8874375,1.0,Clemson,2019.0,2019.0,OAK,149.0,,0.18181819
2020,9,00-0034983,H.Renfrow,WR,LV,LAC,0,0,0.0,0,0.0,0.0,0.0,0,0.0,0,3,2,60.0,0,6.0,8.0,,,70.0,185.0,24.8874375,1.0,Clemson,2019.0,2019.0,OAK,149.0,,0.13043478
2020,10,00-0034983,H.Renfrow,WR,LV,DEN,0,0,0.0,0,0.0,0.0,0.0,0,0.0,0,2,2,30.0,0,3.0,5.0,,,70.0,185.0,24.8874375,1.0,Clemson,2019.0,2019.0,OAK,149.0,25.0,0.09090909
2020,11,00-0034983,H.Renfrow,WR,LV,KC,0,0,0.0,0,0.0,0.0,0.0,0,0.0,0,2,2,37.0,0,3.7,5.7,,,70.0,185.0,24.8874375,1.0,Clemson,2019.0,2019.0,OAK,149.0,-4.0,0.06896552
2020,12,00-0034983,H.Renfrow,WR,LV,ATL,0,0,0.0,0,0.0,0.0,0.0,0,0.0,0,9,7,73.0,0,7.3,14.3,,,70.0,185.0,24.8874375,1.0,Clemson,2019.0,2019.0,OAK,149.0,,0.24324325
2020,13,00-0034983,H.Renfrow,WR,LV,NYJ,0,0,0.0,0,0.0,0.0,0.0,0,0.0,0,6,4,47.0,0,4.7,8.7,,,70.0,185.0,24.8874375,1.0,Clemson,2019.0,2019.0,OAK,149.0,,0.13043478
2020,14,00-0034983,H.Renfrow,WR,LV,IND,0,0,0.0,0,0.0,0.0,0.0,0,0.0,0,7,5,38.0,0,1.8,6.8,,,70.0,185.0,24.8874375,1.0,Clemson,2019.0,2019.0,OAK,149.0,-17.0,0.15555556
2020,15,00-0034983,H.Renfrow,WR,LV,LAC,0,0,0.0,0,0.0,0.0,0.0,0,0.0,0,2,1,4.0,0,0.4,1.4,,,70.0,185.0,24.8874375,1.0,Clemson,2019.0,2019.0,OAK,149.0,-3.0,0.06666667
2020,16,00-0034983,H.Renfrow,WR,LV,MIA,0,0,0.0,0,0.0,0.0,0.0,0,0.0,0,5,5,34.0,0,3.4,8.4,,,70.0,185.0,24.8874375,1.0,Clemson,2019.0,2019.0,OAK,149.0,-1.0,0.16666667
2020,17,00-0034983,H.Renfrow,WR,LV,DEN,0,0,0.0,0,0.0,0.0,0.0,0,0.0,0,7,3,24.0,0,2.4,5.4,,,70.0,185.0,24.8874375,1.0,Clemson,2019.0,2019.0,OAK,149.0,,0.2
2020,1,00-0034988,K.Smith,TE,NYG,PIT,0,0,0.0,0,0.0,0.0,0.0,0,0.0,0,2,2,17.0,0,1.7,3.7,,,77.0,252.0,23.540187500000002,1.0,Stanford,2019.0,2019.0,SF,176.0,-10.0,0.051282052
2020,2,00-0034988,K.Smith,TE,NYG,CHI,0,0,0.0,0,0.0,0.0,0.0,0,0.0,0,3,2,-1.0,0,-0.1,1.9,,,77.0,252.0,23.540187500000002,1.0,Stanford,2019.0,2019.0,SF,176.0,,0.083333336
2020,3,00-0034988,K.Smith,TE,NYG,SF,0,0,0.0,0,0.0,0.0,0.0,0,0.0,0,2,1,13.0,0,1.3,2.3,,,77.0,252.0,23.540187500000002,1.0,Stanford,2019.0,2019.0,SF,176.0,-27.0,0.06451613
2020,4,00-0034988,K.Smith,TE,NYG,LA,0,0,0.0,0,0.0,0.0,0.0,0,0.0,0,1,1,10.0,0,1.0,2.0,,,77.0,252.0,23.540187500000002,1.0,Stanford,2019.0,2019.0,SF,176.0,,0.027777778
2020,5,00-0034988,K.Smith,TE,NYG,DAL,0,0,0.0,0,0.0,0.0,0.0,0,0.0,0,1,1,7.0,0,0.7,1.7,,,77.0,252.0,23.540187500000002,1.0,Stanford,2019.0,2019.0,SF,176.0,,0.03448276
2020,6,00-0034988,K.Smith,TE,NYG,WAS,0,0,0.0,0,0.0,0.0,0.0,0,0.0,0,3,3,15.0,0,1.5,4.5,,,77.0,252.0,23.540187500000002,1.0,Stanford,2019.0,2019.0,SF,176.0,1.0,0.16666667
2020,8,00-0034988,K.Smith,TE,NYG,TB,0,0,0.0,0,0.0,0.0,0.0,0,0.0,0,2,1,6.0,0,0.6,1.6,,,77.0,252.0,23.540187500000002,1.0,Stanford,2019.0,2019.0,SF,176.0,-2.0,0.048780486
2020,9,00-0034988,K.Smith,TE,NYG,WAS,0,0,0.0,0,0.0,0.0,0.0,0,0.0,0,1,1,8.0,0,0.8,1.8,,,77.0,252.0,23.540187500000002,1.0,Stanford,2019.0,2019.0,SF,176.0,,0.030303031
2020,10,00-0034988,K.Smith,TE,NYG,PHI,0,0,0.0,0,0.0,0.0,0.0,0,0.0,0,2,2,12.0,0,1.2,3.2,,,77.0,252.0,23.540187500000002,1.0,Stanford,2019.0,2019.0,SF,176.0,10.0,0.071428575
2020,13,00-0034988,K.Smith,TE,NYG,SEA,0,0,0.0,0,0.0,0.0,0.0,0,0.0,0,1,1,3.0,0,0.3,1.3,,,77.0,252.0,23.540187500000002,1.0,Stanford,2019.0,2019.0,SF,176.0,,0.045454547
2020,14,00-0034988,K.Smith,TE,NYG,ARI,0,0,0.0,0,0.0,0.0,0.0,0,0.0,0,1,1,6.0,0,0.6,1.6,,,77.0,252.0,23.540187500000002,1.0,Stanford,2019.0,2019.0,SF,176.0,-19.0,0.041666668
2020,15,00-0034988,K.Smith,TE,NYG,CLE,0,0,0.0,0,0.0,0.0,0.0,0,0.0,0,1,1,0.0,0,0.0,1.0,,,77.0,252.0,23.540187500000002,1.0,Stanford,2019.0,2019.0,SF,176.0,-14.0,0.03125
2020,17,00-0034988,K.Smith,TE,NYG,DAL,0,0,0.0,0,0.0,0.0,0.0,0,0.0,0,1,1,16.0,0,1.6,2.6,,,77.0,252.0,23.540187500000002,1.0,Stanford,2019.0,2019.0,SF,176.0,4.0,0.04
2020,9,00-0034995,D.Williams,RB,GB,SF,0,0,0.0,0,0.0,0.0,0.0,2,8.0,0,0,0,0.0,0,0.8,0.8,,,71.0,212.0,23.864388888888886,1.0,Notre Dame,2019.0,2019.0,GB,194.0,,
2020,1,00-0035006,O.Johnson,WR,MIN,GB,0,0,0.0,0,0.0,0.0,0.0,0,0.0,0,4,3,56.0,0,5.6,8.6,,,72.0,203.0,23.649,1.0,Colorado State,2019.0,2019.0,MIN,247.0,-9.0,0.16
2020,2,00-0035006,O.Johnson,WR,MIN,IND,0,0,0.0,0,0.0,0.0,0.0,0,0.0,0,3,1,24.0,0,2.4,3.4,,,72.0,203.0,23.649,1.0,Colorado State,2019.0,2019.0,MIN,247.0,,0.13043478
2020,4,00-0035006,O.Johnson,WR,MIN,HOU,0,0,0.0,0,0.0,0.0,0.0,0,0.0,0,1,0,0.0,0,0.0,0.0,,,72.0,203.0,23.649,1.0,Colorado State,2019.0,2019.0,MIN,247.0,,0.04761905
2020,5,00-0035006,O.Johnson,WR,MIN,SEA,0,0,0.0,0,0.0,0.0,0.0,0,0.0,0,1,1,13.0,0,1.3,2.3,,,72.0,203.0,23.649,1.0,Colorado State,2019.0,2019.0,MIN,247.0,,0.02631579
2020,10,00-0035006,O.Johnson,WR,MIN,CHI,0,0,0.0,0,0.0,0.0,0.0,0,0.0,0,1,0,0.0,0,0.0,0.0,,,72.0,203.0,23.649,1.0,Colorado State,2019.0,2019.0,MIN,247.0,,0.03125
2020,11,00-0035006,O.Johnson,WR,MIN,DAL,0,0,0.0,0,0.0,0.0,0.0,0,0.0,0,1,1,9.0,0,0.9,1.9,,,72.0,203.0,23.649,1.0,Colorado State,2019.0,2019.0,MIN,247.0,-3.0,0.035714287
2020,12,00-0035006,O.Johnson,WR,MIN,CAR,0,0,0.0,0,0.0,0.0,0.0,0,0.0,0,7,7,74.0,0,9.4,16.4,,,72.0,203.0,23.649,1.0,Colorado State,2019.0,2019.0,MIN,247.0,1.0,0.1627907
2020,16,00-0035006,O.Johnson,WR,MIN,NO,0,0,0.0,0,0.0,0.0,0.0,0,0.0,0,1,1,13.0,0,1.3,2.3,,,72.0,203.0,23.649,1.0,Colorado State,2019.0,2019.0,MIN,247.0,,0.02631579
2020,2,00-0035021,A.Dulin,WR,IND,MIN,0,0,0.0,0,0.0,0.0,0.0,0,0.0,0,1,1,6.0,0,0.6,1.6,,,73.0,215.0,23.497,1.0,Malone,2019.0,2019.0,,,17.0,0.04
2020,3,00-0035021,A.Dulin,WR,IND,NYJ,0,0,0.0,0,0.0,0.0,0.0,0,0.0,0,1,0,0.0,0,0.0,0.0,,,73.0,215.0,23.497,1.0,Malone,2019.0,2019.0,,,29.0,0.04
2020,5,00-0035021,A.Dulin,WR,IND,CLE,0,0,0.0,0,0.0,0.0,0.0,1,3.0,0,1,1,34.0,0,3.7,4.7,,,73.0,215.0,23.497,1.0,Malone,2019.0,2019.0,,,,0.03125
2020,8,00-0035021,A.Dulin,WR,IND,DET,0,0,0.0,0,0.0,0.0,0.0,0,0.0,0,1,1,13.0,0,1.3,2.3,,,73.0,215.0,23.497,1.0,Malone,2019.0,2019.0,,,,0.030303031
2020,13,00-0035021,A.Dulin,WR,IND,HOU,0,0,0.0,0,0.0,0.0,0.0,0,0.0,0,1,0,0.0,0,0.0,0.0,,,73.0,215.0,23.497,1.0,Malone,2019.0,2019.0,,,,0.028571429
2020,16,00-0035021,A.Dulin,WR,IND,PIT,0,0,0.0,0,0.0,0.0,0.0,1,8.0,0,0,0,0.0,0,0.8,0.8,,,73.0,215.0,23.497,1.0,Malone,2019.0,2019.0,,,,
2020,17,00-0035021,A.Dulin,WR,IND,JAX,0,0,0.0,0,0.0,0.0,0.0,0,0.0,0,1,0,0.0,0,0.0,0.0,,,73.0,215.0,23.497,1.0,Malone,2019.0,2019.0,,,14.0,0.03846154
2020,14,00-0035022,P.Hart,WR,SEA,NYJ,0,0,0.0,0,0.0,0.0,0.0,1,19.0,0,1,1,3.0,0,2.2,3.2,,,68.0,180.0,24.35805882352941,1.0,Georgia State,2019.0,2019.0,,,37.0,0.03125
2020,1,00-0035039,S.Carlson,TE,CLE,BAL,0,0,0.0,0,0.0,0.0,0.0,0,0.0,0,1,0,0.0,0,0.0,0.0,,,76.0,240.0,23.926833333333335,1.0,Princeton,2019.0,2019.0,,,,0.028571429
2020,4,00-0035039,S.Carlson,TE,CLE,DAL,0,0,0.0,0,0.0,0.0,0.0,0,0.0,0,0,0,0.0,0,2.0,2.0,,,76.0,240.0,23.926833333333335,1.0,Princeton,2019.0,2019.0,,,,
2020,12,00-0035039,S.Carlson,TE,CLE,JAX,0,0,0.0,0,0.0,0.0,0.0,0,0.0,0,1,1,11.0,0,1.1,2.1,,,76.0,240.0,23.926833333333335,1.0,Princeton,2019.0,2019.0,,,,0.037037037
2020,16,00-0035040,D.Blough,QB,DET,TB,6,10,49.0,0,1.0,1.0,10.0,1,18.0,0,0,0,0.0,0,1.76,1.76,,,73.0,200.0,25.28,1.0,Purdue,2019.0,2019.0,,,-40.0,
2020,1,00-0035042,J.Gillan,P,CLE,BAL,0,0,0.0,0,0.0,0.0,0.0,1,-2.0,0,0,0,0.0,0,-2.2,-2.2,,,73.0,207.0,23.368388888888887,1.0,Arkansas-Pine Bluff,2019.0,2019.0,,,,
2020,1,00-0035099,K.Blasingame,FB,TEN,DEN,0,0,0.0,0,0.0,0.0,0.0,0,0.0,0,1,1,5.0,0,0.5,1.5,,,72.0,233.0,24.37170588235294,1.0,Vanderbilt,2019.0,2019.0,,,,0.025
2020,6,00-0035099,K.Blasingame,FB,TEN,HOU,0,0,0.0,0,0.0,0.0,0.0,0,0.0,0,1,0,0.0,0,0.0,0.0,,,72.0,233.0,24.37170588235294,1.0,Vanderbilt,2019.0,2019.0,,,6.0,0.024390243
2020,8,00-0035099,K.Blasingame,FB,TEN,CIN,0,0,0.0,0,0.0,0.0,0.0,0,0.0,0,1,1,5.0,0,0.5,1.5,,,72.0,233.0,24.37170588235294,1.0,Vanderbilt,2019.0,2019.0,,,,0.03448276
2020,10,00-0035099,K.Blasingame,FB,TEN,IND,0,0,0.0,0,0.0,0.0,0.0,0,0.0,0,1,1,13.0,0,1.3,2.3,,,72.0,233.0,24.37170588235294,1.0,Vanderbilt,2019.0,2019.0,,,-17.0,0.037037037
2020,12,00-0035099,K.Blasingame,FB,TEN,IND,0,0,0.0,0,0.0,0.0,0.0,0,0.0,0,1,1,16.0,0,1.6,2.6,,,72.0,233.0,24.37170588235294,1.0,Vanderbilt,2019.0,2019.0,,,,0.05
2020,12,00-0035102,B.Dillon,TE,MIN,CAR,0,0,0.0,0,0.0,0.0,0.0,0,0.0,0,1,1,6.0,0,0.6,1.6,,,77.0,250.0,23.5285625,1.0,"Marian, Ind.",2019.0,2019.0,,,1.0,0.023255814
2020,2,00-0035125,A.Ingold,FB,LV,NO,0,0,0.0,0,0.0,0.0,0.0,0,0.0,0,2,2,5.0,1,6.5,8.5,,,73.0,242.0,24.337125,1.0,Wisconsin,2019.0,2019.0,,,10.0,0.05882353
2020,3,00-0035125,A.Ingold,FB,LV,NE,0,0,0.0,0,0.0,0.0,0.0,0,0.0,0,1,1,11.0,0,1.1,2.1,,,73.0,242.0,24.337125,1.0,Wisconsin,2019.0,2019.0,,,,0.03125
2020,4,00-0035125,A.Ingold,FB,LV,BUF,0,0,0.0,0,0.0,0.0,0.0,1,-1.0,0,2,2,29.0,0,2.8,4.8,,,73.0,242.0,24.337125,1.0,Wisconsin,2019.0,2019.0,,,-7.0,0.046511628
2020,5,00-0035125,A.Ingold,FB,LV,KC,0,0,0.0,0,0.0,0.0,0.0,0,0.0,0,4,2,25.0,0,2.5,4.5,,,73.0,242.0,24.337125,1.0,Wisconsin,2019.0,2019.0,,,,0.12903225
2020,7,00-0035125,A.Ingold,FB,LV,TB,0,0,0.0,0,0.0,0.0,0.0,0,0.0,0,1,1,21.0,0,2.1,3.1,,,73.0,242.0,24.337125,1.0,Wisconsin,2019.0,2019.0,,,-25.0,0.027777778
2020,8,00-0035125,A.Ingold,FB,LV,CLE,0,0,0.0,0,0.0,0.0,0.0,1,3.0,0,0,0,0.0,0,0.3,0.3,,,73.0,242.0,24.337125,1.0,Wisconsin,2019.0,2019.0,,,,
2020,9,00-0035125,A.Ingold,FB,LV,LAC,0,0,0.0,0,0.0,0.0,0.0,0,0.0,0,1,1,6.0,0,0.6,1.6,,,73.0,242.0,24.337125,1.0,Wisconsin,2019.0,2019.0,,,,0.04347826
2020,11,00-0035125,A.Ingold,FB,LV,KC,0,0,0.0,0,0.0,0.0,0.0,0,0.0,0,3,1,11.0,0,1.1,2.1,,,73.0,242.0,24.337125,1.0,Wisconsin,2019.0,2019.0,,,-4.0,0.10344828
2020,13,00-0035125,A.Ingold,FB,LV,NYJ,0,0,0.0,0,0.0,0.0,0.0,0,0.0,0,1,1,2.0,0,0.2,1.2,,,73.0,242.0,24.337125,1.0,Wisconsin,2019.0,2019.0,,,,0.02173913
2020,14,00-0035125,A.Ingold,FB,LV,IND,0,0,0.0,0,0.0,0.0,0.0,0,0.0,0,1,1,0.0,0,0.0,1.0,,,73.0,242.0,24.337125,1.0,Wisconsin,2019.0,2019.0,,,-17.0,0.022222223
2020,15,00-0035125,A.Ingold,FB,LV,LAC,0,0,0.0,0,0.0,0.0,0.0,1,2.0,0,1,0,0.0,0,0.2,0.2,,,73.0,242.0,24.337125,1.0,Wisconsin,2019.0,2019.0,,,-3.0,0.033333335
2020,1,00-0035140,M.Hardman,WR,KC,HOU,0,0,0.0,0,0.0,0.0,0.0,0,0.0,0,1,1,6.0,0,0.6,1.6,,,70.0,187.0,22.694526315789474,1.0,Georgia,2019.0,2019.0,KC,56.0,14.0,0.03125
2020,2,00-0035140,M.Hardman,WR,KC,LAC,0,0,0.0,0,0.0,0.0,0.0,1,3.0,0,3,2,30.0,0,5.3,7.3,,,70.0,187.0,22.694526315789474,1.0,Georgia,2019.0,2019.0,KC,56.0,,0.06666667
2020,3,00-0035140,M.Hardman,WR,KC,BAL,0,0,0.0,0,0.0,0.0,0.0,0,0.0,0,6,4,81.0,1,14.1,18.1,,,70.0,187.0,22.694526315789474,1.0,Georgia,2019.0,2019.0,KC,56.0,,0.14634146
2020,4,00-0035140,M.Hardman,WR,KC,NE,0,0,0.0,0,0.0,0.0,0.0,0,0.0,0,4,4,27.0,1,8.7,12.7,,,70.0,187.0,22.694526315789474,1.0,Georgia,2019.0,2019.0,KC,56.0,16.0,0.13793103
2020,5,00-0035140,M.Hardman,WR,KC,LV,0,0,0.0,0,0.0,0.0,0.0,0,0.0,0,3,2,50.0,0,5.0,7.0,,,70.0,187.0,22.694526315789474,1.0,Georgia,2019.0,2019.0,KC,56.0,-8.0,0.071428575
2020,6,00-0035140,M.Hardman,WR,KC,BUF,0,0,0.0,0,0.0,0.0,0.0,0,0.0,0,1,0,0.0,0,0.0,0.0,,,70.0,187.0,22.694526315789474,1.0,Georgia,2019.0,2019.0,KC,56.0,,0.03846154
2020,7,00-0035140,M.Hardman,WR,KC,DEN,0,0,0.0,0,0.0,0.0,0.0,1,13.0,0,2,2,57.0,0,7.0,9.0,,,70.0,187.0,22.694526315789474,1.0,Georgia,2019.0,2019.0,KC,56.0,,0.083333336
2020,8,00-0035140,M.Hardman,WR,KC,NYJ,0,0,0.0,0,0.0,0.0,0.0,0,0.0,0,9,7,96.0,1,15.6,22.6,,,70.0,187.0,22.694526315789474,1.0,Georgia,2019.0,2019.0,KC,56.0,26.0,0.19148937
2020,9,00-0035140,M.Hardman,WR,KC,CAR,0,0,0.0,0,0.0,0.0,0.0,0,0.0,0,4,3,48.0,0,4.8,7.8,,,70.0,187.0,22.694526315789474,1.0,Georgia,2019.0,2019.0,KC,56.0,2.0,0.09090909
2020,11,00-0035140,M.Hardman,WR,KC,LV,0,0,0.0,0,0.0,0.0,0.0,0,0.0,0,1,1,16.0,0,1.6,2.6,,,70.0,187.0,22.694526315789474,1.0,Georgia,2019.0,2019.0,KC,56.0,,0.022727273
2020,12,00-0035140,M.Hardman,WR,KC,TB,0,0,0.0,0,0.0,0.0,0.0,0,0.0,0,5,3,23.0,0,2.3,5.3,,,70.0,187.0,22.694526315789474,1.0,Georgia,2019.0,2019.0,KC,56.0,,0.10869565
2020,13,00-0035140,M.Hardman,WR,KC,DEN,0,0,0.0,0,0.0,0.0,0.0,0,0.0,0,3,1,15.0,0,1.5,2.5,,,70.0,187.0,22.694526315789474,1.0,Georgia,2019.0,2019.0,KC,56.0,6.0,0.075
2020,14,00-0035140,M.Hardman,WR,KC,MIA,0,0,0.0,0,0.0,0.0,0.0,0,0.0,0,3,3,40.0,0,8.0,11.0,,,70.0,187.0,22.694526315789474,1.0,Georgia,2019.0,2019.0,KC,56.0,,0.0882353
2020,15,00-0035140,M.Hardman,WR,KC,NO,0,0,0.0,0,0.0,0.0,0.0,1,-5.0,0,9,3,22.0,1,7.7,10.7,,,70.0,187.0,22.694526315789474,1.0,Georgia,2019.0,2019.0,KC,56.0,,0.20454545
2020,16,00-0035140,M.Hardman,WR,KC,ATL,0,0,0.0,0,0.0,0.0,0.0,1,20.0,0,6,3,24.0,0,4.4,7.4,,,70.0,187.0,22.694526315789474,1.0,Georgia,2019.0,2019.0,KC,56.0,3.0,0.14285715
2020,17,00-0035140,M.Hardman,WR,KC,LAC,0,0,0.0,0,0.0,0.0,0.0,0,0.0,0,2,2,25.0,0,2.5,4.5,,,70.0,187.0,22.694526315789474,1.0,Georgia,2019.0,2019.0,KC,56.0,-17.0,0.06451613
2020,19,00-0035140,M.Hardman,WR,KC,CLE,0,0,0.0,0,0.0,0.0,0.0,1,4.0,0,4,4,58.0,0,6.2,10.2,,,70.0,187.0,22.694526315789474,1.0,Georgia,2019.0,2019.0,KC,56.0,5.0,0.10810811
2020,20,00-0035140,M.Hardman,WR,KC,BUF,0,0,0.0,0,0.0,0.0,0.0,1,50.0,0,3,2,4.0,1,11.4,13.4,,,70.0,187.0,22.694526315789474,1.0,Georgia,2019.0,2019.0,KC,56.0,14.0,0.078947365
2020,21,00-0035140,M.Hardman,WR,KC,TB,0,0,0.0,0,0.0,0.0,0.0,0,0.0,0,6,2,4.0,0,0.4,2.4,,,70.0,187.0,22.694526315789474,1.0,Georgia,2019.0,2019.0,KC,56.0,,0.13043478
2020,12,00-0035146,T.McSorley,QB,BAL,PIT,2,6,77.0,1,0.0,0.0,-0.0,3,16.0,0,0,0,0.0,0,8.68,8.68,,,72.0,202.0,25.236166666666666,1.0,Penn State,2019.0,2019.0,BAL,197.0,,
2020,14,00-0035146,T.McSorley,QB,BAL,CLE,1,4,13.0,0,0.0,0.0,-0.0,2,1.0,0,0,0,0.0,0,0.62,0.62,,,72.0,202.0,25.236166666666666,1.0,Penn State,2019.0,2019.0,BAL,197.0,,
2020,2,00-0035148,D.Thompson,RB,KC,LAC,0,0,0.0,0,0.0,0.0,0.0,4,21.0,0,1,0,0.0,0,2.1,2.1,,,68.0,200.0,23.770421052631576,1.0,Utah State,2019.0,2019.0,KC,214.0,,0.022222223
2020,3,00-0035148,D.Thompson,RB,KC,BAL,0,0,0.0,0,0.0,0.0,0.0,2,11.0,0,2,0,0.0,0,-0.9,-0.9,,,68.0,200.0,23.770421052631576,1.0,Utah State,2019.0,2019.0,KC,214.0,,0.048780486
2020,6,00-0035148,D.Thompson,RB,KC,BUF,0,0,0.0,0,0.0,0.0,0.0,3,17.0,0,0,0,0.0,0,1.7,1.7,,,68.0,200.0,23.770421052631576,1.0,Utah State,2019.0,2019.0,KC,214.0,,
2020,8,00-0035148,D.Thompson,RB,KC,NYJ,0,0,0.0,0,0.0,0.0,0.0,4,3.0,0,1,0,0.0,0,0.3,0.3,,,68.0,200.0,23.770421052631576,1.0,Utah State,2019.0,2019.0,KC,214.0,26.0,0.021276595
2020,17,00-0035148,D.Thompson,RB,KC,LAC,0,0,0.0,0,0.0,0.0,0.0,14,45.0,1,7,7,65.0,1,23.0,30.0,,,68.0,200.0,23.770421052631576,1.0,Utah State,2019.0,2019.0,KC,214.0,-17.0,0.22580644
2020,9,00-0035161,J.Lovett,QB,GB,SF,0,0,0.0,0,0.0,0.0,0.0,3,6.0,0,0,0,0.0,0,0.6,0.6,,,74.0,225.0,24.56538888888889,1.0,Princeton,2019.0,2019.0,,,,
2020,3,00-0035181,D.Shepherd,WR,GB,NO,0,0,0.0,0,0.0,0.0,0.0,0,0.0,0,1,0,0.0,0,0.0,0.0,,,71.0,188.0,24.975454545454546,1.0,North Dakota State,2019.0,2019.0,,,,0.033333335
2020,4,00-0035181,D.Shepherd,WR,GB,ATL,0,0,0.0,0,0.0,0.0,0.0,0,0.0,0,3,2,21.0,0,2.1,4.1,,,71.0,188.0,24.975454545454546,1.0,North Dakota State,2019.0,2019.0,,,14.0,0.09090909
2020,6,00-0035181,D.Shepherd,WR,GB,TB,0,0,0.0,0,0.0,0.0,0.0,0,0.0,0,1,1,16.0,0,1.6,2.6,,,71.0,188.0,24.975454545454546,1.0,North Dakota State,2019.0,2019.0,,,,0.032258064
2020,7,00-0035181,D.Shepherd,WR,GB,HOU,0,0,0.0,0,0.0,0.0,0.0,0,0.0,0,1,0,0.0,0,0.0,0.0,,,71.0,188.0,24.975454545454546,1.0,North Dakota State,2019.0,2019.0,,,,0.029411765
2020,8,00-0035181,D.Shepherd,WR,GB,MIN,0,0,0.0,0,0.0,0.0,0.0,0,0.0,0,1,1,6.0,0,0.6,1.6,,,71.0,188.0,24.975454545454546,1.0,North Dakota State,2019.0,2019.0,,,-6.0,0.02631579
2020,9,00-0035181,D.Shepherd,WR,GB,SF,0,0,0.0,0,0.0,0.0,0.0,0,0.0,0,1,1,3.0,0,0.3,1.3,,,71.0,188.0,24.975454545454546,1.0,North Dakota State,2019.0,2019.0,,,,0.033333335
2020,11,00-0035184,D.Ozigbo,RB,JAX,PIT,0,0,0.0,0,0.0,0.0,0.0,0,0.0,0,3,3,5.0,0,0.5,3.5,,,74.0,225.0,24.1019375,1.0,Nebraska,2019.0,2019.0,,,-24.0,0.09090909
2020,14,00-0035184,D.Ozigbo,RB,JAX,TEN,0,0,0.0,0,0.0,0.0,0.0,0,0.0,0,4,4,30.0,0,3.0,7.0,,,74.0,225.0,24.1019375,1.0,Nebraska,2019.0,2019.0,,,-21.0,0.08163265
2020,15,00-0035184,D.Ozigbo,RB,JAX,BAL,0,0,0.0,0,0.0,0.0,0.0,0,0.0,0,1,1,4.0,0,0.4,1.4,,,74.0,225.0,24.1019375,1.0,Nebraska,2019.0,2019.0,,,,0.037037037
2020,16,00-0035184,D.Ozigbo,RB,JAX,CHI,0,0,0.0,0,0.0,0.0,0.0,1,1.0,0,1,1,3.0,0,0.4,1.4,,,74.0,225.0,24.1019375,1.0,Nebraska,2019.0,2019.0,,,-24.0,0.027777778
2020,10,00-0035187,A.Walter,RB,SF,NO,0,0,0.0,0,0.0,0.0,0.0,1,3.0,0,1,1,27.0,0,3.0,4.0,,,68.0,202.0,24.2445,1.0,Rice,2019.0,2019.0,,,,0.025641026
2020,15,00-0035190,A.Cole,P,LV,LAC,0,0,0.0,0,0.0,0.0,0.0,1,0.0,0,0,0,0.0,0,0.0,0.0,,,76.0,220.0,24.953125,1.0,North Carolina State,2019.0,2019.0,,,-3.0,
2020,2,00-0035208,O.Zaccheaus,WR,ATL,DAL,0,0,0.0,0,0.0,0.0,0.0,0,0.0,0,1,1,10.0,0,1.0,2.0,,,68.0,193.0,23.2948125,1.0,Virginia,2019.0,2019.0,,,,0.027777778
2020,3,00-0035208,O.Zaccheaus,WR,ATL,CHI,0,0,0.0,0,0.0,0.0,0.0,0,0.0,0,6,4,41.0,0,4.1,8.1,,,68.0,193.0,23.2948125,1.0,Virginia,2019.0,2019.0,,,-4.0,0.15789473
2020,4,00-0035208,O.Zaccheaus,WR,ATL,GB,0,0,0.0,0,0.0,0.0,0.0,0,0.0,0,9,8,86.0,0,8.6,16.6,,,68.0,193.0,23.2948125,1.0,Virginia,2019.0,2019.0,,,,0.23076923
2020,5,00-0035208,O.Zaccheaus,WR,ATL,CAR,0,0,0.0,0,0.0,0.0,0.0,0,0.0,0,4,1,13.0,0,1.3,2.3,,,68.0,193.0,23.2948125,1.0,Virginia,2019.0,2019.0,,,-7.0,0.114285715
2020,6,00-0035208,O.Zaccheaus,WR,ATL,MIN,0,0,0.0,0,0.0,0.0,0.0,0,0.0,0,2,0,0.0,0,0.0,0.0,,,68.0,193.0,23.2948125,1.0,Virginia,2019.0,2019.0,,,,0.054054055
2020,7,00-0035208,O.Zaccheaus,WR,ATL,DET,0,0,0.0,0,0.0,0.0,0.0,1,0.0,0,0,0,0.0,0,0.0,0.0,,,68.0,193.0,23.2948125,1.0,Virginia,2019.0,2019.0,,,-1.0,
2020,9,00-0035208,O.Zaccheaus,WR,ATL,DEN,0,0,0.0,0,0.0,0.0,0.0,0,0.0,0,6,4,103.0,1,16.3,20.3,,,68.0,193.0,23.2948125,1.0,Virginia,2019.0,2019.0,,,7.0,0.17142858
2020,11,00-0035208,O.Zaccheaus,WR,ATL,NO,0,0,0.0,0,0.0,0.0,0.0,0,0.0,0,1,1,10.0,0,1.0,2.0,,,68.0,193.0,23.2948125,1.0,Virginia,2019.0,2019.0,,,,0.029411765
2020,12,00-0035208,O.Zaccheaus,WR,ATL,LV,0,0,0.0,0,0.0,0.0,0.0,0,0.0,0,3,1,11.0,0,1.1,2.1,,,68.0,193.0,23.2948125,1.0,Virginia,2019.0,2019.0,,,37.0,0.08108108
2020,1,00-0035215,D.Harty,WR,NO,TB,0,0,0.0,0,0.0,0.0,0.0,1,9.0,0,1,1,17.0,0,2.6,3.6,,,66.0,170.0,22.952944444444444,1.0,Assumption,2019.0,2019.0,,,11.0,0.033333335
2020,2,00-0035215,D.Harty,WR,NO,LV,0,0,0.0,0,0.0,0.0,0.0,1,11.0,0,5,3,23.0,0,3.4,6.4,,,66.0,170.0,22.952944444444444,1.0,Assumption,2019.0,2019.0,,,,0.13513513
2020,3,00-0035215,D.Harty,WR,NO,GB,0,0,0.0,0,0.0,0.0,0.0,0,0.0,0,3,2,5.0,0,0.5,2.5,,,66.0,170.0,22.952944444444444,1.0,Assumption,2019.0,2019.0,,,-7.0,0.08571429
2020,4,00-0035215,D.Harty,WR,NO,DET,0,0,0.0,0,0.0,0.0,0.0,2,10.0,0,2,1,10.0,0,2.0,3.0,,,66.0,170.0,22.952944444444444,1.0,Assumption,2019.0,2019.0,,,,0.08
2020,7,00-0035215,D.Harty,WR,NO,CAR,0,0,0.0,0,0.0,0.0,0.0,0,0.0,0,5,4,46.0,1,10.6,14.6,,,66.0,170.0,22.952944444444444,1.0,Assumption,2019.0,2019.0,,,3.0,0.14285715
2020,8,00-0035215,D.Harty,WR,NO,CHI,0,0,0.0,0,0.0,0.0,0.0,1,-2.0,0,3,3,19.0,0,1.7,4.7,,,66.0,170.0,22.952944444444444,1.0,Assumption,2019.0,2019.0,,,,0.07317073
2020,9,00-0035215,D.Harty,WR,NO,TB,0,0,0.0,0,0.0,0.0,0.0,0,0.0,0,1,1,40.0,0,4.0,5.0,,,66.0,170.0,22.952944444444444,1.0,Assumption,2019.0,2019.0,,,,0.029411765
2020,10,00-0035215,D.Harty,WR,NO,SF,0,0,0.0,0,0.0,0.0,0.0,0,0.0,0,4,4,24.0,0,2.4,6.4,,,66.0,170.0,22.952944444444444,1.0,Assumption,2019.0,2019.0,,,14.0,0.17391305
2020,11,00-0035215,D.Harty,WR,NO,ATL,0,0,0.0,0,0.0,0.0,0.0,1,23.0,0,1,1,2.0,0,2.5,3.5,,,66.0,170.0,22.952944444444444,1.0,Assumption,2019.0,2019.0,,,15.0,0.04347826
2020,18,00-0035215,D.Harty,WR,NO,CHI,0,0,0.0,0,0.0,0.0,0.0,1,-2.0,0,7,7,83.0,0,8.1,15.1,,,66.0,170.0,22.952944444444444,1.0,Assumption,2019.0,2019.0,,,12.0,0.19444445
2020,19,00-0035215,D.Harty,WR,NO,TB,0,0,0.0,0,0.0,0.0,0.0,0,0.0,0,1,1,-1.0,0,-0.1,0.9,,,66.0,170.0,22.952944444444444,1.0,Assumption,2019.0,2019.0,,,-10.0,0.028571429
2020,1,00-0035216,D.Johnson,WR,PIT,NYG,0,0,0.0,0,0.0,0.0,0.0,0,0.0,0,10,6,57.0,0,5.7,11.7,,,70.0,181.0,24.361647058823532,1.0,Toledo,2019.0,2019.0,PIT,66.0,,0.32258064
2020,2,00-0035216,D.Johnson,WR,PIT,DEN,0,0,0.0,0,0.0,0.0,0.0,0,0.0,0,13,8,92.0,1,15.2,23.2,,,70.0,181.0,24.361647058823532,1.0,Toledo,2019.0,2019.0,PIT,66.0,5.0,0.31707317
2020,3,00-0035216,D.Johnson,WR,PIT,HOU,0,0,0.0,0,0.0,0.0,0.0,1,9.0,0,2,0,0.0,0,0.9,0.9,,,70.0,181.0,24.361647058823532,1.0,Toledo,2019.0,2019.0,PIT,66.0,7.0,0.057142857
2020,5,00-0035216,D.Johnson,WR,PIT,PHI,0,0,0.0,0,0.0,0.0,0.0,0,0.0,0,1,1,-2.0,0,-0.2,0.8,,,70.0,181.0,24.361647058823532,1.0,Toledo,2019.0,2019.0,PIT,66.0,9.0,0.029411765
2020,7,00-0035216,D.Johnson,WR,PIT,TEN,0,0,0.0,0,0.0,0.0,0.0,0,0.0,0,15,9,80.0,2,20.0,29.0,,,70.0,181.0,24.361647058823532,1.0,Toledo,2019.0,2019.0,PIT,66.0,,0.30612245
2020,8,00-0035216,D.Johnson,WR,PIT,BAL,0,0,0.0,0,0.0,0.0,0.0,0,0.0,0,3,1,6.0,0,0.6,1.6,,,70.0,181.0,24.361647058823532,1.0,Toledo,2019.0,2019.0,PIT,66.0,,0.09375
2020,9,00-0035216,D.Johnson,WR,PIT,DAL,0,0,0.0,0,0.0,0.0,0.0,1,4.0,0,10,6,77.0,0,8.1,14.1,,,70.0,181.0,24.361647058823532,1.0,Toledo,2019.0,2019.0,PIT,66.0,,0.22222222
2020,10,00-0035216,D.Johnson,WR,PIT,CIN,0,0,0.0,0,0.0,0.0,0.0,0,0.0,0,11,6,116.0,1,17.6,23.6,,,70.0,181.0,24.361647058823532,1.0,Toledo,2019.0,2019.0,PIT,66.0,26.0,0.23913044
2020,11,00-0035216,D.Johnson,WR,PIT,JAX,0,0,0.0,0,0.0,0.0,0.0,0,0.0,0,16,12,111.0,0,11.1,23.1,,,70.0,181.0,24.361647058823532,1.0,Toledo,2019.0,2019.0,PIT,66.0,,0.3478261
2020,12,00-0035216,D.Johnson,WR,PIT,BAL,0,0,0.0,0,0.0,0.0,0.0,0,0.0,0,13,8,46.0,0,4.6,12.6,,,70.0,181.0,24.361647058823532,1.0,Toledo,2019.0,2019.0,PIT,66.0,5.0,0.25490198
2020,13,00-0035216,D.Johnson,WR,PIT,WAS,0,0,0.0,0,0.0,0.0,0.0,0,0.0,0,12,8,71.0,1,13.1,21.1,,,70.0,181.0,24.361647058823532,1.0,Toledo,2019.0,2019.0,PIT,66.0,-6.0,0.2264151
2020,14,00-0035216,D.Johnson,WR,PIT,BUF,0,0,0.0,0,0.0,0.0,0.0,0,0.0,0,7,4,40.0,0,4.0,8.0,,,70.0,181.0,24.361647058823532,1.0,Toledo,2019.0,2019.0,PIT,66.0,,0.1891892
2020,15,00-0035216,D.Johnson,WR,PIT,CIN,0,0,0.0,0,0.0,0.0,0.0,0,0.0,0,13,8,59.0,1,11.9,19.9,,,70.0,181.0,24.361647058823532,1.0,Toledo,2019.0,2019.0,PIT,66.0,,0.34210527
2020,16,00-0035216,D.Johnson,WR,PIT,IND,0,0,0.0,0,0.0,0.0,0.0,1,2.0,0,14,8,74.0,1,13.6,21.6,,,70.0,181.0,24.361647058823532,1.0,Toledo,2019.0,2019.0,PIT,66.0,4.0,0.2857143
2020,17,00-0035216,D.Johnson,WR,PIT,CLE,0,0,0.0,0,0.0,0.0,0.0,0,0.0,0,4,3,96.0,0,9.6,12.6,,,70.0,181.0,24.361647058823532,1.0,Toledo,2019.0,2019.0,PIT,66.0,,0.0952381
2020,18,00-0035216,D.Johnson,WR,PIT,CLE,0,0,0.0,0,0.0,0.0,0.0,0,0.0,0,16,11,117.0,0,11.7,22.7,,,70.0,181.0,24.361647058823532,1.0,Toledo,2019.0,2019.0,PIT,66.0,-11.0,0.23529412
2020,1,00-0035217,B.Snell,RB,PIT,NYG,0,0,0.0,0,0.0,0.0,0.0,19,113.0,0,1,0,0.0,0,11.3,11.3,,,70.0,223.0,22.713529411764707,1.0,Kentucky,2019.0,2019.0,PIT,122.0,,0.032258064
2020,2,00-0035217,B.Snell,RB,PIT,DEN,0,0,0.0,0,0.0,0.0,0.0,3,5.0,0,1,1,-4.0,0,-1.9,-0.9,,,70.0,223.0,22.713529411764707,1.0,Kentucky,2019.0,2019.0,PIT,122.0,5.0,0.024390243
2020,3,00-0035217,B.Snell,RB,PIT,HOU,0,0,0.0,0,0.0,0.0,0.0,7,11.0,0,0,0,0.0,0,1.1,1.1,,,70.0,223.0,22.713529411764707,1.0,Kentucky,2019.0,2019.0,PIT,122.0,7.0,
2020,5,00-0035217,B.Snell,RB,PIT,PHI,0,0,0.0,0,0.0,0.0,0.0,7,19.0,0,0,0,0.0,0,1.9,1.9,,,70.0,223.0,22.713529411764707,1.0,Kentucky,2019.0,2019.0,PIT,122.0,9.0,
2020,6,00-0035217,B.Snell,RB,PIT,CLE,0,0,0.0,0,0.0,0.0,0.0,6,17.0,1,1,1,4.0,0,8.1,9.1,,,70.0,223.0,22.713529411764707,1.0,Kentucky,2019.0,2019.0,PIT,122.0,31.0,0.04347826
2020,7,00-0035217,B.Snell,RB,PIT,TEN,0,0,0.0,0,0.0,0.0,0.0,2,2.0,1,0,0,0.0,0,6.2,6.2,,,70.0,223.0,22.713529411764707,1.0,Kentucky,2019.0,2019.0,PIT,122.0,,
2020,9,00-0035217,B.Snell,RB,PIT,DAL,0,0,0.0,0,0.0,0.0,0.0,3,1.0,0,0,0,0.0,0,0.1,0.1,,,70.0,223.0,22.713529411764707,1.0,Kentucky,2019.0,2019.0,PIT,122.0,,
2020,10,00-0035217,B.Snell,RB,PIT,CIN,0,0,0.0,0,0.0,0.0,0.0,3,12.0,0,0,0,0.0,0,1.2,1.2,,,70.0,223.0,22.713529411764707,1.0,Kentucky,2019.0,2019.0,PIT,122.0,26.0,
2020,11,00-0035217,B.Snell,RB,PIT,JAX,0,0,0.0,0,0.0,0.0,0.0,7,15.0,1,0,0,0.0,0,7.5,7.5,,,70.0,223.0,22.713529411764707,1.0,Kentucky,2019.0,2019.0,PIT,122.0,,
2020,12,00-0035217,B.Snell,RB,PIT,BAL,0,0,0.0,0,0.0,0.0,0.0,16,60.0,0,4,3,33.0,0,9.3,12.3,,,70.0,223.0,22.713529411764707,1.0,Kentucky,2019.0,2019.0,PIT,122.0,5.0,0.078431375
2020,13,00-0035217,B.Snell,RB,PIT,WAS,0,0,0.0,0,0.0,0.0,0.0,8,5.0,0,3,2,5.0,0,1.0,3.0,,,70.0,223.0,22.713529411764707,1.0,Kentucky,2019.0,2019.0,PIT,122.0,-6.0,0.056603774
2020,14,00-0035217,B.Snell,RB,PIT,BUF,0,0,0.0,0,0.0,0.0,0.0,3,14.0,0,0,0,0.0,0,1.4,1.4,,,70.0,223.0,22.713529411764707,1.0,Kentucky,2019.0,2019.0,PIT,122.0,,
2020,15,00-0035217,B.Snell,RB,PIT,CIN,0,0,0.0,0,0.0,0.0,0.0,18,84.0,1,4,3,23.0,0,16.7,19.7,,,70.0,223.0,22.713529411764707,1.0,Kentucky,2019.0,2019.0,PIT,122.0,,0.10526316
2020,16,00-0035217,B.Snell,RB,PIT,IND,0,0,0.0,0,0.0,0.0,0.0,6,0.0,0,0,0,0.0,0,0.0,0.0,,,70.0,223.0,22.713529411764707,1.0,Kentucky,2019.0,2019.0,PIT,122.0,4.0,
2020,17,00-0035217,B.Snell,RB,PIT,CLE,0,0,0.0,0,0.0,0.0,0.0,3,10.0,0,0,0,0.0,0,1.0,1.0,,,70.0,223.0,22.713529411764707,1.0,Kentucky,2019.0,2019.0,PIT,122.0,,
2020,18,00-0035217,B.Snell,RB,PIT,CLE,0,0,0.0,0,0.0,0.0,0.0,2,13.0,0,2,1,4.0,0,1.7,2.7,,,70.0,223.0,22.713529411764707,1.0,Kentucky,2019.0,2019.0,PIT,122.0,-11.0,0.029411765
2020,1,00-0035228,K.Murray,QB,ARI,SF,26,40,230.0,1,1.0,2.0,6.0,13,91.0,1,0,0,0.0,0,26.3,26.3,,,70.0,207.0,23.255937499999998,1.0,Oklahoma,2019.0,2019.0,ARI,1.0,,
2020,2,00-0035228,K.Murray,QB,ARI,WAS,26,38,286.0,1,1.0,3.0,8.0,8,67.0,2,0,0,0.0,0,32.14,32.14,,,70.0,207.0,23.255937499999998,1.0,Oklahoma,2019.0,2019.0,ARI,1.0,15.0,
2020,3,00-0035228,K.Murray,QB,ARI,DET,23,35,270.0,2,3.0,1.0,2.0,5,29.0,1,0,0,0.0,0,21.7,21.7,,,70.0,207.0,23.255937499999998,1.0,Oklahoma,2019.0,2019.0,ARI,1.0,-3.0,
2020,4,00-0035228,K.Murray,QB,ARI,CAR,24,31,133.0,3,0.0,1.0,-0.0,6,78.0,0,0,0,0.0,0,23.12,23.12,,,70.0,207.0,23.255937499999998,1.0,Oklahoma,2019.0,2019.0,ARI,1.0,,
2020,5,00-0035228,K.Murray,QB,ARI,NYJ,27,37,380.0,1,1.0,1.0,11.0,9,31.0,1,0,0,0.0,0,26.3,26.3,,,70.0,207.0,23.255937499999998,1.0,Oklahoma,2019.0,2019.0,ARI,1.0,,
2020,6,00-0035228,K.Murray,QB,ARI,DAL,9,24,188.0,2,0.0,1.0,11.0,10,74.0,1,0,0,0.0,0,28.92,28.92,,,70.0,207.0,23.255937499999998,1.0,Oklahoma,2019.0,2019.0,ARI,1.0,,
2020,7,00-0035228,K.Murray,QB,ARI,SEA,34,48,360.0,3,1.0,0.0,-0.0,14,67.0,1,0,0,0.0,0,37.1,37.1,,,70.0,207.0,23.255937499999998,1.0,Oklahoma,2019.0,2019.0,ARI,1.0,3.0,
2020,9,00-0035228,K.Murray,QB,ARI,MIA,21,26,283.0,3,0.0,1.0,19.0,11,106.0,1,0,0,0.0,0,37.92,37.92,,,70.0,207.0,23.255937499999998,1.0,Oklahoma,2019.0,2019.0,ARI,1.0,-3.0,
2020,10,00-0035228,K.Murray,QB,ARI,BUF,22,32,245.0,1,1.0,3.0,9.0,11,61.0,2,0,0,0.0,0,29.9,29.9,,,70.0,207.0,23.255937499999998,1.0,Oklahoma,2019.0,2019.0,ARI,1.0,2.0,
2020,11,00-0035228,K.Murray,QB,ARI,SEA,29,42,269.0,2,0.0,3.0,12.0,5,15.0,0,0,0,0.0,0,20.26,20.26,,,70.0,207.0,23.255937499999998,1.0,Oklahoma,2019.0,2019.0,ARI,1.0,,
2020,12,00-0035228,K.Murray,QB,ARI,NE,23,34,170.0,0,1.0,2.0,10.0,5,31.0,0,0,0,0.0,0,7.9,7.9,,,70.0,207.0,23.255937499999998,1.0,Oklahoma,2019.0,2019.0,ARI,1.0,,
2020,13,00-0035228,K.Murray,QB,ARI,LA,21,39,173.0,3,1.0,2.0,33.0,5,15.0,0,0,0,0.0,0,16.42,16.42,,,70.0,207.0,23.255937499999998,1.0,Oklahoma,2019.0,2019.0,ARI,1.0,-10.0,
2020,14,00-0035228,K.Murray,QB,ARI,NYG,24,35,244.0,1,0.0,1.0,13.0,13,47.0,0,0,0,0.0,0,18.46,18.46,,,70.0,207.0,23.255937499999998,1.0,Oklahoma,2019.0,2019.0,ARI,1.0,,
2020,15,00-0035228,K.Murray,QB,ARI,PHI,27,36,406.0,3,1.0,1.0,9.0,8,29.0,1,0,0,0.0,0,33.14,33.14,,,70.0,207.0,23.255937499999998,1.0,Oklahoma,2019.0,2019.0,ARI,1.0,7.0,
2020,16,00-0035228,K.Murray,QB,ARI,SF,31,50,247.0,0,1.0,3.0,17.0,8,75.0,0,0,0,0.0,0,15.38,15.38,,,70.0,207.0,23.255937499999998,1.0,Oklahoma,2019.0,2019.0,ARI,1.0,-8.0,
2020,17,00-0035228,K.Murray,QB,ARI,LA,8,11,87.0,0,0.0,2.0,16.0,2,3.0,0,0,0,0.0,0,3.78,3.78,,,70.0,207.0,23.255937499999998,1.0,Oklahoma,2019.0,2019.0,ARI,1.0,,
2020,1,00-0035229,T.Hockenson,TE,DET,CHI,0,0,0.0,0,0.0,0.0,0.0,0,0.0,0,5,5,56.0,1,11.6,16.6,,,77.0,248.0,23.3551875,1.0,Iowa,2019.0,2019.0,DET,8.0,-4.0,0.12195122
2020,2,00-0035229,T.Hockenson,TE,DET,GB,0,0,0.0,0,0.0,0.0,0.0,0,0.0,0,4,4,62.0,0,6.2,10.2,,,77.0,248.0,23.3551875,1.0,Iowa,2019.0,2019.0,DET,8.0,,0.13333334
2020,3,00-0035229,T.Hockenson,TE,DET,ARI,0,0,0.0,0,0.0,0.0,0.0,0,0.0,0,7,4,53.0,0,5.3,9.3,,,77.0,248.0,23.3551875,1.0,Iowa,2019.0,2019.0,DET,8.0,,0.22580644
2020,4,00-0035229,T.Hockenson,TE,DET,NO,0,0,0.0,0,0.0,0.0,0.0,0,0.0,0,4,2,9.0,1,8.9,10.9,,,77.0,248.0,23.3551875,1.0,Iowa,2019.0,2019.0,DET,8.0,-6.0,0.13333334
2020,6,00-0035229,T.Hockenson,TE,DET,JAX,0,0,0.0,0,0.0,0.0,0.0,0,0.0,0,5,2,17.0,1,7.7,9.7,,,77.0,248.0,23.3551875,1.0,Iowa,2019.0,2019.0,DET,8.0,,0.16129032
2020,7,00-0035229,T.Hockenson,TE,DET,ATL,0,0,0.0,0,0.0,0.0,0.0,0,0.0,0,6,5,59.0,1,11.9,16.9,,,77.0,248.0,23.3551875,1.0,Iowa,2019.0,2019.0,DET,8.0,,0.1875
2020,8,00-0035229,T.Hockenson,TE,DET,IND,0,0,0.0,0,0.0,0.0,0.0,0,0.0,0,10,7,65.0,0,6.5,13.5,,,77.0,248.0,23.3551875,1.0,Iowa,2019.0,2019.0,DET,8.0,-20.0,0.25
2020,9,00-0035229,T.Hockenson,TE,DET,MIN,0,0,0.0,0,0.0,0.0,0.0,0,0.0,0,8,5,39.0,1,9.9,14.9,,,77.0,248.0,23.3551875,1.0,Iowa,2019.0,2019.0,DET,8.0,,0.18181819
2020,10,00-0035229,T.Hockenson,TE,DET,WAS,0,0,0.0,0,0.0,0.0,0.0,0,0.0,0,4,2,13.0,0,1.3,3.3,,,77.0,248.0,23.3551875,1.0,Iowa,2019.0,2019.0,DET,8.0,3.0,0.125
2020,11,00-0035229,T.Hockenson,TE,DET,CAR,0,0,0.0,0,0.0,0.0,0.0,0,0.0,0,7,4,68.0,0,6.8,10.8,,,77.0,248.0,23.3551875,1.0,Iowa,2019.0,2019.0,DET,8.0,,0.21875
2020,12,00-0035229,T.Hockenson,TE,DET,HOU,0,0,0.0,0,0.0,0.0,0.0,0,0.0,0,8,5,89.0,0,8.9,13.9,,,77.0,248.0,23.3551875,1.0,Iowa,2019.0,2019.0,DET,8.0,-16.0,0.1904762
2020,13,00-0035229,T.Hockenson,TE,DET,CHI,0,0,0.0,0,0.0,0.0,0.0,0,0.0,0,9,7,84.0,0,8.4,15.4,,,77.0,248.0,23.3551875,1.0,Iowa,2019.0,2019.0,DET,8.0,,0.2195122
2020,14,00-0035229,T.Hockenson,TE,DET,GB,0,0,0.0,0,0.0,0.0,0.0,0,0.0,0,11,6,43.0,1,10.3,16.3,,,77.0,248.0,23.3551875,1.0,Iowa,2019.0,2019.0,DET,8.0,-7.0,0.28947368
2020,15,00-0035229,T.Hockenson,TE,DET,TEN,0,0,0.0,0,0.0,0.0,0.0,1,0.0,0,4,2,18.0,0,-0.2,1.8,,,77.0,248.0,23.3551875,1.0,Iowa,2019.0,2019.0,DET,8.0,,0.10810811
2020,16,00-0035229,T.Hockenson,TE,DET,TB,0,0,0.0,0,0.0,0.0,0.0,0,0.0,0,6,4,23.0,0,2.3,6.3,,,77.0,248.0,23.3551875,1.0,Iowa,2019.0,2019.0,DET,8.0,-40.0,0.2
2020,17,00-0035229,T.Hockenson,TE,DET,MIN,0,0,0.0,0,0.0,0.0,0.0,0,0.0,0,3,3,25.0,0,2.5,5.5,,,77.0,248.0,23.3551875,1.0,Iowa,2019.0,2019.0,DET,8.0,-2.0,0.09677419
2020,1,00-0035232,D.Haskins,QB,WAS,PHI,17,31,178.0,1,0.0,3.0,19.0,7,17.0,0,0,0,0.0,0,12.82,12.82,,,76.0,230.0,23.518875,1.0,Ohio State,2019.0,2019.0,WAS,15.0,10.0,
2020,2,00-0035232,D.Haskins,QB,WAS,ARI,19,33,223.0,1,0.0,4.0,24.0,1,8.0,0,0,0,0.0,0,11.72,11.72,,,76.0,230.0,23.518875,1.0,Ohio State,2019.0,2019.0,WAS,15.0,,
2020,3,00-0035232,D.Haskins,QB,WAS,CLE,21,37,224.0,2,3.0,3.0,18.0,2,2.0,0,0,0,0.0,0,9.16,9.16,,,76.0,230.0,23.518875,1.0,Ohio State,2019.0,2019.0,WAS,15.0,,
2020,4,00-0035232,D.Haskins,QB,WAS,BAL,32,45,314.0,0,0.0,3.0,40.0,3,3.0,1,0,0,0.0,0,18.86,18.86,,,76.0,230.0,23.518875,1.0,Ohio State,2019.0,2019.0,WAS,15.0,-14.0,
2020,14,00-0035232,D.Haskins,QB,WAS,SF,7,12,51.0,0,0.0,1.0,8.0,4,-12.0,0,0,0,0.0,0,0.84,0.84,,,76.0,230.0,23.518875,1.0,Ohio State,2019.0,2019.0,WAS,15.0,,
2020,15,00-0035232,D.Haskins,QB,WAS,SEA,38,55,295.0,1,2.0,4.0,26.0,3,28.0,0,0,0,0.0,0,14.6,14.6,,,76.0,230.0,23.518875,1.0,Ohio State,2019.0,2019.0,WAS,15.0,-5.0,
2020,16,00-0035232,D.Haskins,QB,WAS,CAR,14,28,154.0,0,2.0,2.0,6.0,0,0.0,0,0,0,0.0,0,0.16,0.16,,,76.0,230.0,23.518875,1.0,Ohio State,2019.0,2019.0,WAS,15.0,-7.0,
2020,2,00-0035243,M.Sanders,RB,PHI,LA,0,0,0.0,0,0.0,0.0,0.0,20,95.0,1,7,3,36.0,0,17.1,20.1,,,71.0,211.0,23.52325,1.0,Penn State,2019.0,2019.0,PHI,53.0,-18.0,0.17073171
2020,3,00-0035243,M.Sanders,RB,PHI,CIN,0,0,0.0,0,0.0,0.0,0.0,18,95.0,0,8,4,12.0,0,10.7,14.7,,,71.0,211.0,23.52325,1.0,Penn State,2019.0,2019.0,PHI,53.0,0.0,0.18181819
2020,4,00-0035243,M.Sanders,RB,PHI,SF,0,0,0.0,0,0.0,0.0,0.0,13,46.0,0,4,2,30.0,0,7.6,9.6,,,71.0,211.0,23.52325,1.0,Penn State,2019.0,2019.0,PHI,53.0,,0.15384616
2020,5,00-0035243,M.Sanders,RB,PHI,PIT,0,0,0.0,0,0.0,0.0,0.0,11,80.0,2,4,2,19.0,0,21.9,23.9,,,71.0,211.0,23.52325,1.0,Penn State,2019.0,2019.0,PHI,53.0,,0.11111111
2020,6,00-0035243,M.Sanders,RB,PHI,BAL,0,0,0.0,0,0.0,0.0,0.0,9,118.0,0,2,1,-6.0,0,11.2,12.2,,,71.0,211.0,23.52325,1.0,Penn State,2019.0,2019.0,PHI,53.0,-2.0,0.051282052
2020,10,00-0035243,M.Sanders,RB,PHI,NYG,0,0,0.0,0,0.0,0.0,0.0,15,85.0,0,5,2,10.0,0,11.5,13.5,,,71.0,211.0,23.52325,1.0,Penn State,2019.0,2019.0,PHI,53.0,,0.1388889
2020,11,00-0035243,M.Sanders,RB,PHI,CLE,0,0,0.0,0,0.0,0.0,0.0,16,66.0,0,5,3,15.0,0,6.1,9.1,,,71.0,211.0,23.52325,1.0,Penn State,2019.0,2019.0,PHI,53.0,,0.14705883
2020,12,00-0035243,M.Sanders,RB,PHI,SEA,0,0,0.0,0,0.0,0.0,0.0,6,15.0,0,3,2,7.0,0,4.2,6.2,,,71.0,211.0,23.52325,1.0,Penn State,2019.0,2019.0,PHI,53.0,-6.0,0.071428575
2020,13,00-0035243,M.Sanders,RB,PHI,GB,0,0,0.0,0,0.0,0.0,0.0,10,31.0,0,1,0,0.0,0,3.1,3.1,,,71.0,211.0,23.52325,1.0,Penn State,2019.0,2019.0,PHI,53.0,,0.04
2020,14,00-0035243,M.Sanders,RB,PHI,NO,0,0,0.0,0,0.0,0.0,0.0,14,115.0,2,5,4,21.0,0,25.6,29.6,,,71.0,211.0,23.52325,1.0,Penn State,2019.0,2019.0,PHI,53.0,3.0,0.1923077
2020,15,00-0035243,M.Sanders,RB,PHI,ARI,0,0,0.0,0,0.0,0.0,0.0,17,64.0,0,2,1,26.0,0,9.0,10.0,,,71.0,211.0,23.52325,1.0,Penn State,2019.0,2019.0,PHI,53.0,,0.05
2020,16,00-0035243,M.Sanders,RB,PHI,DAL,0,0,0.0,0,0.0,0.0,0.0,15,57.0,1,6,4,27.0,0,14.4,18.4,,,71.0,211.0,23.52325,1.0,Penn State,2019.0,2019.0,PHI,53.0,,0.1764706
2020,2,00-0035246,J.Arcega-Whiteside,WR,PHI,LA,0,0,0.0,0,0.0,0.0,0.0,0,0.0,0,2,0,0.0,0,0.0,0.0,,,74.0,225.0,23.8545625,1.0,Stanford,2019.0,2019.0,PHI,57.0,-18.0,0.048780486
2020,5,00-0035246,J.Arcega-Whiteside,WR,PHI,PIT,0,0,0.0,0,0.0,0.0,0.0,0,0.0,0,1,1,37.0,0,3.7,4.7,,,74.0,225.0,23.8545625,1.0,Stanford,2019.0,2019.0,PHI,57.0,,0.027777778
2020,6,00-0035246,J.Arcega-Whiteside,WR,PHI,BAL,0,0,0.0,0,0.0,0.0,0.0,0,0.0,0,1,0,0.0,0,2.0,2.0,,,74.0,225.0,23.8545625,1.0,Stanford,2019.0,2019.0,PHI,57.0,-2.0,0.025641026
2020,7,00-0035246,J.Arcega-Whiteside,WR,PHI,NYG,0,0,0.0,0,0.0,0.0,0.0,0,0.0,0,1,1,8.0,0,0.8,1.8,,,74.0,225.0,23.8545625,1.0,Stanford,2019.0,2019.0,PHI,57.0,1.0,0.024390243
2020,17,00-0035246,J.Arcega-Whiteside,WR,PHI,WAS,0,0,0.0,0,0.0,0.0,0.0,0,0.0,0,3,2,40.0,0,4.0,6.0,,,74.0,225.0,23.8545625,1.0,Stanford,2019.0,2019.0,PHI,57.0,-6.0,0.10344828
2020,1,00-0035250,D.Singletary,RB,BUF,NYJ,0,0,0.0,0,0.0,0.0,0.0,9,30.0,0,7,5,23.0,0,5.3,10.3,,,67.0,203.0,23.209894736842106,1.0,Florida Atlantic,2019.0,2019.0,BUF,74.0,10.0,0.15555556
2020,2,00-0035250,D.Singletary,RB,BUF,MIA,0,0,0.0,0,0.0,0.0,0.0,10,56.0,0,3,2,20.0,0,7.6,9.6,,,67.0,203.0,23.209894736842106,1.0,Florida Atlantic,2019.0,2019.0,BUF,74.0,,0.08571429
2020,3,00-0035250,D.Singletary,RB,BUF,LA,0,0,0.0,0,0.0,0.0,0.0,13,71.0,0,5,4,50.0,0,12.1,16.1,,,67.0,203.0,23.209894736842106,1.0,Florida Atlantic,2019.0,2019.0,BUF,74.0,3.0,0.15625
2020,4,00-0035250,D.Singletary,RB,BUF,LV,0,0,0.0,0,0.0,0.0,0.0,18,56.0,1,6,5,21.0,0,13.7,18.7,,,67.0,203.0,23.209894736842106,1.0,Florida Atlantic,2019.0,2019.0,BUF,74.0,,0.1875
2020,5,00-0035250,D.Singletary,RB,BUF,TEN,0,0,0.0,0,0.0,0.0,0.0,11,25.0,0,1,1,8.0,0,3.3,4.3,,,67.0,203.0,23.209894736842106,1.0,Florida Atlantic,2019.0,2019.0,BUF,74.0,,0.022222223
2020,6,00-0035250,D.Singletary,RB,BUF,KC,0,0,0.0,0,0.0,0.0,0.0,10,32.0,0,2,1,13.0,0,4.5,5.5,,,67.0,203.0,23.209894736842106,1.0,Florida Atlantic,2019.0,2019.0,BUF,74.0,-9.0,0.08
2020,7,00-0035250,D.Singletary,RB,BUF,NYJ,0,0,0.0,0,0.0,0.0,0.0,8,29.0,0,5,2,18.0,0,4.7,6.7,,,67.0,203.0,23.209894736842106,1.0,Florida Atlantic,2019.0,2019.0,BUF,74.0,,0.12195122
2020,8,00-0035250,D.Singletary,RB,BUF,NE,0,0,0.0,0,0.0,0.0,0.0,14,86.0,0,1,1,6.0,0,9.2,10.2,,,67.0,203.0,23.209894736842106,1.0,Florida Atlantic,2019.0,2019.0,BUF,74.0,3.0,0.055555556
2020,9,00-0035250,D.Singletary,RB,BUF,SEA,0,0,0.0,0,0.0,0.0,0.0,2,1.0,0,3,3,33.0,0,3.4,6.4,,,67.0,203.0,23.209894736842106,1.0,Florida Atlantic,2019.0,2019.0,BUF,74.0,10.0,0.078947365
2020,10,00-0035250,D.Singletary,RB,BUF,ARI,0,0,0.0,0,0.0,0.0,0.0,4,15.0,0,3,1,-5.0,0,1.0,2.0,,,67.0,203.0,23.209894736842106,1.0,Florida Atlantic,2019.0,2019.0,BUF,74.0,,0.06666667
2020,12,00-0035250,D.Singletary,RB,BUF,LAC,0,0,0.0,0,0.0,0.0,0.0,11,82.0,0,3,3,20.0,0,8.2,11.2,,,67.0,203.0,23.209894736842106,1.0,Florida Atlantic,2019.0,2019.0,BUF,74.0,10.0,0.125
2020,13,00-0035250,D.Singletary,RB,BUF,SF,0,0,0.0,0,0.0,0.0,0.0,18,61.0,0,4,3,22.0,0,8.3,11.3,,,67.0,203.0,23.209894736842106,1.0,Florida Atlantic,2019.0,2019.0,BUF,74.0,,0.10810811
2020,14,00-0035250,D.Singletary,RB,BUF,PIT,0,0,0.0,0,0.0,0.0,0.0,7,32.0,0,1,1,2.0,0,3.4,4.4,,,67.0,203.0,23.209894736842106,1.0,Florida Atlantic,2019.0,2019.0,BUF,74.0,11.0,0.023809524
2020,15,00-0035250,D.Singletary,RB,BUF,DEN,0,0,0.0,0,0.0,0.0,0.0,8,68.0,1,3,3,16.0,0,14.4,17.4,,,67.0,203.0,23.209894736842106,1.0,Florida Atlantic,2019.0,2019.0,BUF,74.0,,0.078947365
2020,16,00-0035250,D.Singletary,RB,BUF,NE,0,0,0.0,0,0.0,0.0,0.0,10,36.0,0,2,2,16.0,0,5.2,7.2,,,67.0,203.0,23.209894736842106,1.0,Florida Atlantic,2019.0,2019.0,BUF,74.0,,0.05263158
2020,17,00-0035250,D.Singletary,RB,BUF,MIA,0,0,0.0,0,0.0,0.0,0.0,3,7.0,0,1,1,6.0,0,1.3,2.3,,,67.0,203.0,23.209894736842106,1.0,Florida Atlantic,2019.0,2019.0,BUF,74.0,30.0,0.027027028
2020,18,00-0035250,D.Singletary,RB,BUF,IND,0,0,0.0,0,0.0,0.0,0.0,3,21.0,0,3,3,23.0,0,4.4,7.4,,,67.0,203.0,23.209894736842106,1.0,Florida Atlantic,2019.0,2019.0,BUF,74.0,3.0,0.0882353
2020,19,00-0035250,D.Singletary,RB,BUF,BAL,0,0,0.0,0,0.0,0.0,0.0,7,25.0,0,3,3,12.0,0,3.7,6.7,,,67.0,203.0,23.209894736842106,1.0,Florida Atlantic,2019.0,2019.0,BUF,74.0,14.0,0.08571429
2020,20,00-0035250,D.Singletary,RB,BUF,KC,0,0,0.0,0,0.0,0.0,0.0,6,17.0,0,3,2,9.0,0,2.6,4.6,,,67.0,203.0,23.209894736842106,1.0,Florida Atlantic,2019.0,2019.0,BUF,74.0,,0.06818182
2020,5,00-0035259,T.Wesco,TE,NYJ,ARI,0,0,0.0,0,0.0,0.0,0.0,1,0.0,0,1,1,5.0,0,0.5,1.5,,,75.0,267.0,25.1565625,1.0,West Virginia,2019.0,2019.0,NYJ,121.0,-20.0,0.032258064
2020,7,00-0035259,T.Wesco,TE,NYJ,BUF,0,0,0.0,0,0.0,0.0,0.0,0,0.0,0,1,0,0.0,0,0.0,0.0,,,75.0,267.0,25.1565625,1.0,West Virginia,2019.0,2019.0,NYJ,121.0,-8.0,0.04761905
2020,1,00-0035261,T.Pollard,RB,DAL,LA,0,0,0.0,0,0.0,0.0,0.0,2,10.0,0,3,2,22.0,0,3.2,5.2,,,72.0,209.0,23.5251875,1.0,Memphis,2019.0,2019.0,DAL,128.0,,0.08108108
2020,2,00-0035261,T.Pollard,RB,DAL,ATL,0,0,0.0,0,0.0,0.0,0.0,2,6.0,0,1,1,3.0,0,0.9,1.9,,,72.0,209.0,23.5251875,1.0,Memphis,2019.0,2019.0,DAL,128.0,1.0,0.021276595
2020,3,00-0035261,T.Pollard,RB,DAL,SEA,0,0,0.0,0,0.0,0.0,0.0,0,0.0,0,1,1,-5.0,0,-0.5,0.5,,,72.0,209.0,23.5251875,1.0,Memphis,2019.0,2019.0,DAL,128.0,,0.017857144
2020,4,00-0035261,T.Pollard,RB,DAL,CLE,0,0,0.0,0,0.0,0.0,0.0,3,16.0,1,2,1,16.0,0,9.2,10.2,,,72.0,209.0,23.5251875,1.0,Memphis,2019.0,2019.0,DAL,128.0,-11.0,0.03448276
2020,5,00-0035261,T.Pollard,RB,DAL,NYG,0,0,0.0,0,0.0,0.0,0.0,6,30.0,0,3,2,2.0,0,3.2,5.2,,,72.0,209.0,23.5251875,1.0,Memphis,2019.0,2019.0,DAL,128.0,3.0,0.09090909
2020,6,00-0035261,T.Pollard,RB,DAL,ARI,0,0,0.0,0,0.0,0.0,0.0,10,31.0,0,4,2,9.0,0,4.0,6.0,,,72.0,209.0,23.5251875,1.0,Memphis,2019.0,2019.0,DAL,128.0,-28.0,0.07692308
2020,7,00-0035261,T.Pollard,RB,DAL,WAS,0,0,0.0,0,0.0,0.0,0.0,8,16.0,0,1,1,6.0,0,2.2,3.2,,,72.0,209.0,23.5251875,1.0,Memphis,2019.0,2019.0,DAL,128.0,,0.04761905
2020,8,00-0035261,T.Pollard,RB,DAL,PHI,0,0,0.0,0,0.0,0.0,0.0,7,40.0,0,2,2,24.0,0,6.4,8.4,,,72.0,209.0,23.5251875,1.0,Memphis,2019.0,2019.0,DAL,128.0,,0.05263158
2020,9,00-0035261,T.Pollard,RB,DAL,PIT,0,0,0.0,0,0.0,0.0,0.0,9,57.0,0,2,1,1.0,0,5.8,6.8,,,72.0,209.0,23.5251875,1.0,Memphis,2019.0,2019.0,DAL,128.0,-5.0,0.054054055
2020,11,00-0035261,T.Pollard,RB,DAL,MIN,0,0,0.0,0,0.0,0.0,0.0,5,60.0,1,0,0,0.0,0,12.0,12.0,,,72.0,209.0,23.5251875,1.0,Memphis,2019.0,2019.0,DAL,128.0,,
2020,12,00-0035261,T.Pollard,RB,DAL,WAS,0,0,0.0,0,0.0,0.0,0.0,4,12.0,0,2,2,10.0,0,2.2,4.2,,,72.0,209.0,23.5251875,1.0,Memphis,2019.0,2019.0,DAL,128.0,-25.0,0.05882353
2020,13,00-0035261,T.Pollard,RB,DAL,BAL,0,0,0.0,0,0.0,0.0,0.0,8,22.0,0,1,1,6.0,0,2.8,3.8,,,72.0,209.0,23.5251875,1.0,Memphis,2019.0,2019.0,DAL,128.0,,0.022222223
2020,14,00-0035261,T.Pollard,RB,DAL,CIN,0,0,0.0,0,0.0,0.0,0.0,11,39.0,0,2,2,9.0,1,10.8,12.8,,,72.0,209.0,23.5251875,1.0,Memphis,2019.0,2019.0,DAL,128.0,,0.09090909
2020,15,00-0035261,T.Pollard,RB,DAL,SF,0,0,0.0,0,0.0,0.0,0.0,12,69.0,2,9,6,63.0,0,25.2,31.2,,,72.0,209.0,23.5251875,1.0,Memphis,2019.0,2019.0,DAL,128.0,8.0,0.28125
2020,16,00-0035261,T.Pollard,RB,DAL,PHI,0,0,0.0,0,0.0,0.0,0.0,9,12.0,0,2,1,8.0,0,2.0,3.0,,,72.0,209.0,23.5251875,1.0,Memphis,2019.0,2019.0,DAL,128.0,20.0,0.06666667
2020,17,00-0035261,T.Pollard,RB,DAL,NYG,0,0,0.0,0,0.0,0.0,0.0,5,15.0,0,5,3,19.0,0,3.4,6.4,,,72.0,209.0,23.5251875,1.0,Memphis,2019.0,2019.0,DAL,128.0,,0.11363637
2020,4,00-0035264,J.Stidham,QB,NE,KC,5,13,60.0,1,2.0,0.0,-0.0,2,3.0,0,0,0,0.0,0,2.7,2.7,,,75.0,214.0,24.25675,1.0,Auburn,2019.0,2019.0,NE,133.0,,
2020,7,00-0035264,J.Stidham,QB,NE,SF,6,10,64.0,0,1.0,1.0,7.0,2,3.0,0,0,0,0.0,0,0.86,0.86,,,75.0,214.0,24.25675,1.0,Auburn,2019.0,2019.0,NE,133.0,-27.0,
2020,13,00-0035264,J.Stidham,QB,NE,LAC,2,3,61.0,1,0.0,0.0,-0.0,2,-2.0,0,0,0,0.0,0,6.24,6.24,,,75.0,214.0,24.25675,1.0,Auburn,2019.0,2019.0,NE,133.0,,
2020,14,00-0035264,J.Stidham,QB,NE,LA,5,7,27.0,0,0.0,2.0,12.0,1,3.0,0,0,0,0.0,0,1.38,1.38,,,75.0,214.0,24.25675,1.0,Auburn,2019.0,2019.0,NE,133.0,,
2020,16,00-0035264,J.Stidham,QB,NE,BUF,4,11,44.0,0,0.0,1.0,2.0,0,0.0,0,0,0,0.0,0,1.76,1.76,,,75.0,214.0,24.25675,1.0,Auburn,2019.0,2019.0,NE,133.0,-29.0,
2020,8,00-0035273,Q.Ollison,RB,ATL,CAR,0,0,0.0,0,0.0,0.0,0.0,1,3.0,0,0,0,0.0,0,0.3,0.3,,,73.0,232.0,24.1655625,1.0,Pittsburgh,2019.0,2019.0,ATL,152.0,,
2020,7,00-0035282,E.Stick,QB,LAC,JAX,1,1,4.0,0,0.0,0.0,-0.0,1,-2.0,0,0,0,0.0,0,-0.04,-0.04,,,73.0,224.0,25.15325,1.0,North Dakota State,2019.0,2019.0,LAC,166.0,10.0,
2020,3,00-0035287,K.Johnson,WR,ARI,DET,0,0,0.0,0,0.0,0.0,0.0,0,0.0,0,7,2,24.0,0,2.4,4.4,,,73.0,199.0,24.08275,1.0,Fresno State,2019.0,2019.0,ARI,174.0,-3.0,0.21212122
2020,5,00-0035287,K.Johnson,WR,ARI,NYJ,0,0,0.0,0,0.0,0.0,0.0,0,0.0,0,1,1,5.0,0,0.5,1.5,,,73.0,199.0,24.08275,1.0,Fresno State,2019.0,2019.0,ARI,174.0,,0.028571429
2020,12,00-0035287,K.Johnson,WR,ARI,NE,0,0,0.0,0,0.0,0.0,0.0,0,0.0,0,1,1,7.0,0,0.7,1.7,,,73.0,199.0,24.08275,1.0,Fresno State,2019.0,2019.0,ARI,174.0,,0.029411765
2020,13,00-0035287,K.Johnson,WR,ARI,LA,0,0,0.0,0,0.0,0.0,0.0,0,0.0,0,4,4,27.0,0,2.7,6.7,,,73.0,199.0,24.08275,1.0,Fresno State,2019.0,2019.0,ARI,174.0,-10.0,0.11111111
2020,14,00-0035287,K.Johnson,WR,ARI,NYG,0,0,0.0,0,0.0,0.0,0.0,0,0.0,0,2,1,9.0,0,0.9,1.9,,,73.0,199.0,24.08275,1.0,Fresno State,2019.0,2019.0,ARI,174.0,,0.0625
2020,15,00-0035287,K.Johnson,WR,ARI,PHI,0,0,0.0,0,0.0,0.0,0.0,0,0.0,0,3,2,38.0,0,3.8,5.8,,,73.0,199.0,24.08275,1.0,Fresno State,2019.0,2019.0,ARI,174.0,7.0,0.08108108
2020,16,00-0035287,K.Johnson,WR,ARI,SF,0,0,0.0,0,0.0,0.0,0.0,0,0.0,0,3,2,50.0,0,5.0,7.0,,,73.0,199.0,24.08275,1.0,Fresno State,2019.0,2019.0,ARI,174.0,-8.0,0.06521739
2020,17,00-0035287,K.Johnson,WR,ARI,LA,0,0,0.0,0,0.0,0.0,0.0,0,0.0,0,2,2,13.0,0,1.3,3.3,,,73.0,199.0,24.08275,1.0,Fresno State,2019.0,2019.0,ARI,174.0,,0.074074075
2020,1,00-0035289,G.Minshew,QB,JAX,IND,19,20,173.0,3,0.0,4.0,23.0,5,19.0,0,0,0,0.0,0,20.82,20.82,,,73.0,225.0,24.482625,1.0,Washington State,2019.0,2019.0,JAX,178.0,7.0,
2020,2,00-0035289,G.Minshew,QB,JAX,TEN,30,45,339.0,3,2.0,2.0,24.0,4,19.0,0,0,0,0.0,0,23.46,23.46,,,73.0,225.0,24.482625,1.0,Washington State,2019.0,2019.0,JAX,178.0,,
2020,3,00-0035289,G.Minshew,QB,JAX,MIA,30,42,275.0,0,1.0,4.0,29.0,3,22.0,0,0,0,0.0,0,9.2,9.2,,,73.0,225.0,24.482625,1.0,Washington State,2019.0,2019.0,JAX,178.0,-18.0,
2020,4,00-0035289,G.Minshew,QB,JAX,CIN,27,40,351.0,2,1.0,3.0,11.0,2,9.0,0,0,0,0.0,0,20.94,20.94,,,73.0,225.0,24.482625,1.0,Washington State,2019.0,2019.0,JAX,178.0,,
2020,5,00-0035289,G.Minshew,QB,JAX,HOU,31,49,301.0,2,0.0,3.0,8.0,4,18.0,0,0,0,0.0,0,19.84,19.84,,,73.0,225.0,24.482625,1.0,Washington State,2019.0,2019.0,JAX,178.0,,
2020,6,00-0035289,G.Minshew,QB,JAX,DET,25,44,243.0,1,1.0,1.0,12.0,3,14.0,1,1,1,0.0,0,17.12,18.12,,,73.0,225.0,24.482625,1.0,Washington State,2019.0,2019.0,JAX,178.0,-18.0,0.022727273
2020,7,00-0035289,G.Minshew,QB,JAX,LAC,14,27,173.0,2,0.0,5.0,19.0,4,21.0,0,0,0,0.0,0,19.02,19.02,,,73.0,225.0,24.482625,1.0,Washington State,2019.0,2019.0,JAX,178.0,,
2020,14,00-0035289,G.Minshew,QB,JAX,TEN,18,31,178.0,1,0.0,0.0,-0.0,2,22.0,0,0,0,0.0,0,13.32,13.32,,,73.0,225.0,24.482625,1.0,Washington State,2019.0,2019.0,JAX,178.0,-21.0,
2020,15,00-0035289,G.Minshew,QB,JAX,BAL,22,29,226.0,2,0.0,5.0,21.0,2,9.0,0,0,0,0.0,0,15.94,15.94,,,73.0,225.0,24.482625,1.0,Washington State,2019.0,2019.0,JAX,178.0,,
2020,16,00-0035290,J.Johnson,FS,BUF,NE,1,1,13.0,0,0.0,0.0,-0.0,0,0.0,0,0,0,0.0,0,0.52,0.52,,,70.0,190.0,25.036,1.0,Miami,2019.0,2019.0,BUF,181.0,,
2020,10,00-0035291,T.Williams,RB,CIN,PIT,0,0,0.0,0,0.0,0.0,0.0,5,22.0,0,0,0,0.0,0,2.2,2.2,,,68.0,206.0,23.057875,1.0,Texas A&amp;M,2019.0,2019.0,CIN,182.0,,
2020,12,00-0035291,T.Williams,RB,CIN,NYG,0,0,0.0,0,0.0,0.0,0.0,1,-2.0,0,1,1,13.0,0,1.1,2.1,,,68.0,206.0,23.057875,1.0,Texas A&amp;M,2019.0,2019.0,CIN,182.0,-2.0,0.037037037
2020,14,00-0035291,T.Williams,RB,CIN,DAL,0,0,0.0,0,0.0,0.0,0.0,12,49.0,0,3,3,14.0,0,4.3,7.3,,,68.0,206.0,23.057875,1.0,Texas A&amp;M,2019.0,2019.0,CIN,182.0,-23.0,0.078947365
2020,15,00-0035291,T.Williams,RB,CIN,PIT,0,0,0.0,0,0.0,0.0,0.0,2,8.0,0,0,0,0.0,0,0.8,0.8,,,68.0,206.0,23.057875,1.0,Texas A&amp;M,2019.0,2019.0,CIN,182.0,10.0,
2020,16,00-0035291,T.Williams,RB,CIN,HOU,0,0,0.0,0,0.0,0.0,0.0,2,6.0,0,0,0,0.0,0,0.6,0.6,,,68.0,206.0,23.057875,1.0,Texas A&amp;M,2019.0,2019.0,CIN,182.0,,
2020,17,00-0035291,T.Williams,RB,CIN,BAL,0,0,0.0,0,0.0,0.0,0.0,4,74.0,0,1,1,3.0,0,7.7,8.7,,,68.0,206.0,23.057875,1.0,Texas A&amp;M,2019.0,2019.0,CIN,182.0,-35.0,0.05
2020,1,00-0035298,S.Miller,WR,TB,NO,0,0,0.0,0,0.0,0.0,0.0,1,6.0,0,6,5,73.0,0,7.9,12.9,,,69.0,174.0,23.3114,1.0,Bowling Green,2019.0,2019.0,TB,208.0,,0.1764706
2020,2,00-0035298,S.Miller,WR,TB,CAR,0,0,0.0,0,0.0,0.0,0.0,1,1.0,0,3,2,11.0,0,1.2,3.2,,,69.0,174.0,23.3114,1.0,Bowling Green,2019.0,2019.0,TB,208.0,14.0,0.08571429
2020,3,00-0035298,S.Miller,WR,TB,DEN,0,0,0.0,0,0.0,0.0,0.0,0,0.0,0,5,3,83.0,0,8.3,11.3,,,69.0,174.0,23.3114,1.0,Bowling Green,2019.0,2019.0,TB,208.0,,0.1388889
2020,4,00-0035298,S.Miller,WR,TB,LAC,0,0,0.0,0,0.0,0.0,0.0,0,0.0,0,7,5,83.0,1,14.3,19.3,,,69.0,174.0,23.3114,1.0,Bowling Green,2019.0,2019.0,TB,208.0,7.0,0.15555556
2020,6,00-0035298,S.Miller,WR,TB,GB,0,0,0.0,0,0.0,0.0,0.0,0,0.0,0,2,1,6.0,0,0.6,1.6,,,69.0,174.0,23.3114,1.0,Bowling Green,2019.0,2019.0,TB,208.0,28.0,0.074074075
2020,7,00-0035298,S.Miller,WR,TB,LV,0,0,0.0,0,0.0,0.0,0.0,0,0.0,0,9,6,109.0,1,16.9,22.9,,,69.0,174.0,23.3114,1.0,Bowling Green,2019.0,2019.0,TB,208.0,,0.2195122
2020,8,00-0035298,S.Miller,WR,TB,NYG,0,0,0.0,0,0.0,0.0,0.0,1,7.0,0,6,3,35.0,0,4.2,7.2,,,69.0,174.0,23.3114,1.0,Bowling Green,2019.0,2019.0,TB,208.0,,0.15
2020,9,00-0035298,S.Miller,WR,TB,NO,0,0,0.0,0,0.0,0.0,0.0,0,0.0,0,3,1,10.0,0,1.0,2.0,,,69.0,174.0,23.3114,1.0,Bowling Green,2019.0,2019.0,TB,208.0,-35.0,0.08108108
2020,10,00-0035298,S.Miller,WR,TB,CAR,0,0,0.0,0,0.0,0.0,0.0,0,0.0,0,1,1,4.0,0,0.4,1.4,,,69.0,174.0,23.3114,1.0,Bowling Green,2019.0,2019.0,TB,208.0,,0.02631579
2020,12,00-0035298,S.Miller,WR,TB,KC,0,0,0.0,0,0.0,0.0,0.0,0,0.0,0,1,0,0.0,0,0.0,0.0,,,69.0,174.0,23.3114,1.0,Bowling Green,2019.0,2019.0,TB,208.0,-3.0,0.024390243
2020,14,00-0035298,S.Miller,WR,TB,MIN,0,0,0.0,0,0.0,0.0,0.0,0,0.0,0,2,1,48.0,1,10.8,11.8,,,69.0,174.0,23.3114,1.0,Bowling Green,2019.0,2019.0,TB,208.0,12.0,0.09090909
2020,15,00-0035298,S.Miller,WR,TB,ATL,0,0,0.0,0,0.0,0.0,0.0,0,0.0,0,3,3,20.0,0,2.0,5.0,,,69.0,174.0,23.3114,1.0,Bowling Green,2019.0,2019.0,TB,208.0,,0.069767445
2020,16,00-0035298,S.Miller,WR,TB,DET,0,0,0.0,0,0.0,0.0,0.0,0,0.0,0,2,1,7.0,0,0.7,1.7,,,69.0,174.0,23.3114,1.0,Bowling Green,2019.0,2019.0,TB,208.0,,0.048780486
2020,17,00-0035298,S.Miller,WR,TB,ATL,0,0,0.0,0,0.0,0.0,0.0,0,0.0,0,3,1,12.0,0,1.2,2.2,,,69.0,174.0,23.3114,1.0,Bowling Green,2019.0,2019.0,TB,208.0,17.0,0.078947365
2020,18,00-0035298,S.Miller,WR,TB,WAS,0,0,0.0,0,0.0,0.0,0.0,1,8.0,0,1,1,15.0,0,2.3,3.3,,,69.0,174.0,23.3114,1.0,Bowling Green,2019.0,2019.0,TB,208.0,,0.02631579
2020,19,00-0035298,S.Miller,WR,TB,NO,0,0,0.0,0,0.0,0.0,0.0,0,0.0,0,2,1,29.0,0,2.9,3.9,,,69.0,174.0,23.3114,1.0,Bowling Green,2019.0,2019.0,TB,208.0,,0.060606062
2020,20,00-0035298,S.Miller,WR,TB,GB,0,0,0.0,0,0.0,0.0,0.0,0,0.0,0,3,2,36.0,1,9.6,11.6,,,69.0,174.0,23.3114,1.0,Bowling Green,2019.0,2019.0,TB,208.0,,0.08571429
2020,21,00-0035298,S.Miller,WR,TB,KC,0,0,0.0,0,0.0,0.0,0.0,1,-3.0,0,0,0,0.0,0,-0.3,-0.3,,,69.0,174.0,23.3114,1.0,Bowling Green,2019.0,2019.0,TB,208.0,22.0,
2020,3,00-0035304,C.Gillaspia,FB,HOU,PIT,0,0,0.0,0,0.0,0.0,0.0,0,0.0,0,1,1,6.0,0,0.6,1.6,,,74.0,235.0,25.4950625,1.0,Texas A&amp;M,2019.0,2019.0,HOU,220.0,,0.037037037
2020,4,00-0035310,C.Cox,FB,MIA,SEA,0,0,0.0,0,0.0,0.0,0.0,0,0.0,0,1,1,3.0,0,0.3,1.3,,,73.0,242.0,24.281,1.0,Auburn,2019.0,2019.0,MIA,233.0,-8.0,0.022222223
2020,5,00-0035310,C.Cox,FB,MIA,SF,0,0,0.0,0,0.0,0.0,0.0,0,0.0,0,1,1,6.0,0,0.6,1.6,,,73.0,242.0,24.281,1.0,Auburn,2019.0,2019.0,MIA,233.0,,0.037037037
2020,1,00-0035311,M.Gaskin,RB,MIA,NE,0,0,0.0,0,0.0,0.0,0.0,9,40.0,0,4,4,26.0,0,6.6,10.6,,,70.0,200.0,23.730625,1.0,Washington,2019.0,2019.0,MIA,234.0,,0.13333334
2020,2,00-0035311,M.Gaskin,RB,MIA,BUF,0,0,0.0,0,0.0,0.0,0.0,7,46.0,0,7,6,36.0,0,8.2,14.2,,,70.0,200.0,23.730625,1.0,Washington,2019.0,2019.0,MIA,234.0,-3.0,0.1521739
2020,3,00-0035311,M.Gaskin,RB,MIA,JAX,0,0,0.0,0,0.0,0.0,0.0,22,66.0,0,5,5,29.0,0,9.5,14.5,,,70.0,200.0,23.730625,1.0,Washington,2019.0,2019.0,MIA,234.0,,0.25
2020,4,00-0035311,M.Gaskin,RB,MIA,SEA,0,0,0.0,0,0.0,0.0,0.0,10,40.0,0,4,3,22.0,0,6.2,9.2,,,70.0,200.0,23.730625,1.0,Washington,2019.0,2019.0,MIA,234.0,-8.0,0.08888889
2020,5,00-0035311,M.Gaskin,RB,MIA,SF,0,0,0.0,0,0.0,0.0,0.0,16,57.0,1,5,5,34.0,0,15.1,20.1,,,70.0,200.0,23.730625,1.0,Washington,2019.0,2019.0,MIA,234.0,,0.18518518
2020,6,00-0035311,M.Gaskin,RB,MIA,NYJ,0,0,0.0,0,0.0,0.0,0.0,18,91.0,0,4,4,35.0,0,12.6,16.6,,,70.0,200.0,23.730625,1.0,Washington,2019.0,2019.0,MIA,234.0,24.0,0.13793103
2020,8,00-0035311,M.Gaskin,RB,MIA,LA,0,0,0.0,0,0.0,0.0,0.0,18,47.0,1,6,3,16.0,0,10.3,13.3,,,70.0,200.0,23.730625,1.0,Washington,2019.0,2019.0,MIA,234.0,11.0,0.27272728
2020,13,00-0035311,M.Gaskin,RB,MIA,CIN,0,0,0.0,0,0.0,0.0,0.0,21,90.0,0,2,2,51.0,0,12.1,14.1,,,70.0,200.0,23.730625,1.0,Washington,2019.0,2019.0,MIA,234.0,12.0,0.05263158
2020,16,00-0035311,M.Gaskin,RB,MIA,LV,0,0,0.0,0,0.0,0.0,0.0,14,87.0,0,5,5,82.0,2,28.9,33.9,,,70.0,200.0,23.730625,1.0,Washington,2019.0,2019.0,MIA,234.0,,0.14705883
2020,17,00-0035311,M.Gaskin,RB,MIA,BUF,0,0,0.0,0,0.0,0.0,0.0,7,20.0,1,5,4,57.0,0,13.7,17.7,,,70.0,200.0,23.730625,1.0,Washington,2019.0,2019.0,MIA,234.0,,0.084745765
2020,10,00-0035313,T.Godwin,WR,JAX,GB,0,0,0.0,0,0.0,0.0,0.0,0,0.0,0,2,0,0.0,0,0.0,0.0,,,71.0,185.0,24.0444375,1.0,Georgia,2019.0,2019.0,CAR,237.0,,0.05882353
2020,17,00-0035313,T.Godwin,WR,JAX,IND,0,0,0.0,0,0.0,0.0,0.0,1,3.0,0,4,3,32.0,0,3.5,6.5,,,71.0,185.0,24.0444375,1.0,Georgia,2019.0,2019.0,CAR,237.0,,0.1
2020,15,00-0035327,C.Moore,FS,DET,TEN,0,0,0.0,0,0.0,0.0,0.0,1,3.0,0,0,0,0.0,0,0.3,0.3,,,71.0,195.0,24.904875,1.0,Mississippi,2019.0,2019.0,,,,
2020,4,00-0035329,D.Parham,TE,LAC,TB,0,0,0.0,0,0.0,0.0,0.0,0,0.0,0,1,1,19.0,1,7.9,8.9,,,80.0,237.0,23.233875,1.0,Stetson University,2019.0,2019.0,,,,0.04
2020,5,00-0035329,D.Parham,TE,LAC,NO,0,0,0.0,0,0.0,0.0,0.0,0,0.0,0,1,0,0.0,0,0.0,0.0,,,80.0,237.0,23.233875,1.0,Stetson University,2019.0,2019.0,,,,0.03125
2020,7,00-0035329,D.Parham,TE,LAC,JAX,0,0,0.0,0,0.0,0.0,0.0,0,0.0,0,1,1,22.0,1,8.2,9.2,,,80.0,237.0,23.233875,1.0,Stetson University,2019.0,2019.0,,,10.0,0.023809524
2020,9,00-0035329,D.Parham,TE,LAC,LV,0,0,0.0,0,0.0,0.0,0.0,0,0.0,0,3,0,0.0,0,0.0,0.0,,,80.0,237.0,23.233875,1.0,Stetson University,2019.0,2019.0,,,-5.0,0.07317073
2020,10,00-0035329,D.Parham,TE,LAC,MIA,0,0,0.0,0,0.0,0.0,0.0,0,0.0,0,1,1,13.0,0,1.3,2.3,,,80.0,237.0,23.233875,1.0,Stetson University,2019.0,2019.0,,,,0.03125
2020,12,00-0035329,D.Parham,TE,LAC,BUF,0,0,0.0,0,0.0,0.0,0.0,0,0.0,0,1,0,0.0,0,0.0,0.0,,,80.0,237.0,23.233875,1.0,Stetson University,2019.0,2019.0,,,,0.019607844
2020,13,00-0035329,D.Parham,TE,LAC,NE,0,0,0.0,0,0.0,0.0,0.0,0,0.0,0,4,2,21.0,0,2.1,4.1,,,80.0,237.0,23.233875,1.0,Stetson University,2019.0,2019.0,,,-45.0,0.07692308
2020,15,00-0035329,D.Parham,TE,LAC,LV,0,0,0.0,0,0.0,0.0,0.0,0,0.0,0,1,0,0.0,0,0.0,0.0,,,80.0,237.0,23.233875,1.0,Stetson University,2019.0,2019.0,,,,0.03125
2020,16,00-0035329,D.Parham,TE,LAC,DEN,0,0,0.0,0,0.0,0.0,0.0,0,0.0,0,3,2,47.0,0,4.7,6.7,,,80.0,237.0,23.233875,1.0,Stetson University,2019.0,2019.0,,,3.0,0.09090909
2020,17,00-0035329,D.Parham,TE,LAC,KC,0,0,0.0,0,0.0,0.0,0.0,0,0.0,0,4,3,37.0,1,9.7,12.7,,,80.0,237.0,23.233875,1.0,Stetson University,2019.0,2019.0,,,,0.13333334
2020,16,00-0035341,T.Irwin,WR,CIN,HOU,0,0,0.0,0,0.0,0.0,0.0,0,0.0,0,2,1,5.0,0,0.5,1.5,,,74.0,207.0,24.914125,1.0,Stanford,2019.0,2019.0,,,,0.05263158
2020,1,00-0035342,P.Laird,RB,MIA,NE,0,0,0.0,0,0.0,0.0,0.0,0,0.0,0,2,2,9.0,0,0.9,2.9,,,72.0,205.0,25.231,1.0,California,2019.0,2019.0,,,,0.06666667
2020,6,00-0035342,P.Laird,RB,MIA,NYJ,0,0,0.0,0,0.0,0.0,0.0,0,0.0,0,1,1,2.0,0,0.2,1.2,,,72.0,205.0,25.231,1.0,California,2019.0,2019.0,,,24.0,0.03448276
2020,9,00-0035342,P.Laird,RB,MIA,ARI,0,0,0.0,0,0.0,0.0,0.0,1,-1.0,0,1,1,17.0,0,1.6,2.6,,,72.0,205.0,25.231,1.0,California,2019.0,2019.0,,,,0.03846154
2020,10,00-0035342,P.Laird,RB,MIA,LAC,0,0,0.0,0,0.0,0.0,0.0,2,19.0,0,0,0,0.0,0,1.9,1.9,,,72.0,205.0,25.231,1.0,California,2019.0,2019.0,,,8.0,
2020,11,00-0035342,P.Laird,RB,MIA,DEN,0,0,0.0,0,0.0,0.0,0.0,0,0.0,0,2,1,8.0,0,0.8,1.8,,,72.0,205.0,25.231,1.0,California,2019.0,2019.0,,,,0.054054055
2020,12,00-0035342,P.Laird,RB,MIA,NYJ,0,0,0.0,0,0.0,0.0,0.0,1,9.0,0,0,0,0.0,0,-1.1,-1.1,,,72.0,205.0,25.231,1.0,California,2019.0,2019.0,,,,
2020,13,00-0035342,P.Laird,RB,MIA,CIN,0,0,0.0,0,0.0,0.0,0.0,3,6.0,0,3,2,16.0,0,2.2,4.2,,,72.0,205.0,25.231,1.0,California,2019.0,2019.0,,,12.0,0.078947365
2020,14,00-0035342,P.Laird,RB,MIA,KC,0,0,0.0,0,0.0,0.0,0.0,4,19.0,0,1,1,4.0,0,2.3,3.3,,,72.0,205.0,25.231,1.0,California,2019.0,2019.0,,,-6.0,0.02173913
2020,15,00-0035342,P.Laird,RB,MIA,NE,0,0,0.0,0,0.0,0.0,0.0,2,20.0,0,2,2,12.0,0,3.2,5.2,,,72.0,205.0,25.231,1.0,California,2019.0,2019.0,,,10.0,0.08
2020,1,00-0035350,P.Williams,WR,MIA,NE,0,0,0.0,0,0.0,0.0,0.0,0,0.0,0,7,2,41.0,0,4.1,6.1,,,77.0,218.0,23.621125,1.0,Colorado State,2019.0,2019.0,,,,0.23333333
2020,2,00-0035350,P.Williams,WR,MIA,BUF,0,0,0.0,0,0.0,0.0,0.0,0,0.0,0,5,1,26.0,0,4.6,5.6,,,77.0,218.0,23.621125,1.0,Colorado State,2019.0,2019.0,,,-3.0,0.10869565
2020,3,00-0035350,P.Williams,WR,MIA,JAX,0,0,0.0,0,0.0,0.0,0.0,0,0.0,0,2,2,7.0,1,6.7,8.7,,,77.0,218.0,23.621125,1.0,Colorado State,2019.0,2019.0,,,,0.1
2020,4,00-0035350,P.Williams,WR,MIA,SEA,0,0,0.0,0,0.0,0.0,0.0,0,0.0,0,3,1,15.0,0,3.5,4.5,,,77.0,218.0,23.621125,1.0,Colorado State,2019.0,2019.0,,,-8.0,0.06666667
2020,5,00-0035350,P.Williams,WR,MIA,SF,0,0,0.0,0,0.0,0.0,0.0,0,0.0,0,5,4,106.0,1,16.6,20.6,,,77.0,218.0,23.621125,1.0,Colorado State,2019.0,2019.0,,,,0.18518518
2020,6,00-0035350,P.Williams,WR,MIA,NYJ,0,0,0.0,0,0.0,0.0,0.0,0,0.0,0,3,2,18.0,1,7.8,9.8,,,77.0,218.0,23.621125,1.0,Colorado State,2019.0,2019.0,,,24.0,0.10344828
2020,8,00-0035350,P.Williams,WR,MIA,LA,0,0,0.0,0,0.0,0.0,0.0,0,0.0,0,5,2,15.0,0,1.5,3.5,,,77.0,218.0,23.621125,1.0,Colorado State,2019.0,2019.0,,,11.0,0.22727273
2020,9,00-0035350,P.Williams,WR,MIA,ARI,0,0,0.0,0,0.0,0.0,0.0,0,0.0,0,5,4,60.0,1,12.0,16.0,,,77.0,218.0,23.621125,1.0,Colorado State,2019.0,2019.0,,,,0.1923077
2020,15,00-0035406,L.Humphrey,WR,NO,KC,0,0,0.0,0,0.0,0.0,0.0,0,0.0,0,4,2,29.0,1,8.9,10.9,,,76.0,225.0,22.580555555555556,1.0,Texas,2019.0,2019.0,,,-3.0,0.121212125
2020,17,00-0035406,L.Humphrey,WR,NO,CAR,0,0,0.0,0,0.0,0.0,0.0,0,0.0,0,1,1,17.0,0,1.7,2.7,,,76.0,225.0,22.580555555555556,1.0,Texas,2019.0,2019.0,,,,0.03448276
2020,18,00-0035406,L.Humphrey,WR,NO,CHI,0,0,0.0,0,0.0,0.0,0.0,0,0.0,0,1,1,14.0,0,1.4,2.4,,,76.0,225.0,22.580555555555556,1.0,Texas,2019.0,2019.0,,,12.0,0.027777778
2020,1,00-0035414,J.Guyton,WR,LAC,CIN,0,0,0.0,0,0.0,0.0,0.0,0,0.0,0,1,1,16.0,0,1.6,2.6,,,73.0,212.0,23.4254375,1.0,North Texas,2019.0,2019.0,,,,0.03448276
2020,2,00-0035414,J.Guyton,WR,LAC,KC,0,0,0.0,0,0.0,0.0,0.0,0,0.0,0,2,1,14.0,1,7.4,8.4,,,73.0,212.0,23.4254375,1.0,North Texas,2019.0,2019.0,,,-3.0,0.06666667
2020,3,00-0035414,J.Guyton,WR,LAC,CAR,0,0,0.0,0,0.0,0.0,0.0,0,0.0,0,3,2,23.0,0,2.3,4.3,,,73.0,212.0,23.4254375,1.0,North Texas,2019.0,2019.0,,,-5.0,0.0625
2020,4,00-0035414,J.Guyton,WR,LAC,TB,0,0,0.0,0,0.0,0.0,0.0,0,0.0,0,1,1,72.0,1,13.2,14.2,,,73.0,212.0,23.4254375,1.0,North Texas,2019.0,2019.0,,,,0.04
2020,5,00-0035414,J.Guyton,WR,LAC,NO,0,0,0.0,0,0.0,0.0,0.0,1,-4.0,0,3,1,49.0,0,4.5,5.5,,,73.0,212.0,23.4254375,1.0,North Texas,2019.0,2019.0,,,,0.09375
2020,7,00-0035414,J.Guyton,WR,LAC,JAX,0,0,0.0,0,0.0,0.0,0.0,0,0.0,0,3,2,84.0,1,14.4,16.4,,,73.0,212.0,23.4254375,1.0,North Texas,2019.0,2019.0,,,10.0,0.071428575
2020,8,00-0035414,J.Guyton,WR,LAC,DEN,0,0,0.0,0,0.0,0.0,0.0,0,0.0,0,4,1,3.0,0,0.3,1.3,,,73.0,212.0,23.4254375,1.0,North Texas,2019.0,2019.0,,,,0.0952381
2020,9,00-0035414,J.Guyton,WR,LAC,LV,0,0,0.0,0,0.0,0.0,0.0,0,0.0,0,2,1,9.0,0,0.9,1.9,,,73.0,212.0,23.4254375,1.0,North Texas,2019.0,2019.0,,,-5.0,0.048780486
2020,10,00-0035414,J.Guyton,WR,LAC,MIA,0,0,0.0,0,0.0,0.0,0.0,0,0.0,0,6,4,24.0,0,2.4,6.4,,,73.0,212.0,23.4254375,1.0,North Texas,2019.0,2019.0,,,,0.1875
2020,11,00-0035414,J.Guyton,WR,LAC,NYJ,0,0,0.0,0,0.0,0.0,0.0,0,0.0,0,1,1,4.0,0,0.4,1.4,,,73.0,212.0,23.4254375,1.0,North Texas,2019.0,2019.0,,,6.0,0.020833334
2020,12,00-0035414,J.Guyton,WR,LAC,BUF,0,0,0.0,0,0.0,0.0,0.0,0,0.0,0,4,3,33.0,0,3.3,6.3,,,73.0,212.0,23.4254375,1.0,North Texas,2019.0,2019.0,,,,0.078431375
2020,13,00-0035414,J.Guyton,WR,LAC,NE,0,0,0.0,0,0.0,0.0,0.0,0,0.0,0,7,2,38.0,0,3.8,5.8,,,73.0,212.0,23.4254375,1.0,North Texas,2019.0,2019.0,,,-45.0,0.13461539
2020,14,00-0035414,J.Guyton,WR,LAC,ATL,0,0,0.0,0,0.0,0.0,0.0,0,0.0,0,3,1,8.0,0,0.8,1.8,,,73.0,212.0,23.4254375,1.0,North Texas,2019.0,2019.0,,,3.0,0.06818182
2020,15,00-0035414,J.Guyton,WR,LAC,LV,0,0,0.0,0,0.0,0.0,0.0,1,4.0,0,6,4,91.0,0,9.5,13.5,,,73.0,212.0,23.4254375,1.0,North Texas,2019.0,2019.0,,,,0.1875
2020,16,00-0035414,J.Guyton,WR,LAC,DEN,0,0,0.0,0,0.0,0.0,0.0,0,0.0,0,5,3,43.0,0,4.3,7.3,,,73.0,212.0,23.4254375,1.0,North Texas,2019.0,2019.0,,,3.0,0.15151516
2020,17,00-0035414,J.Guyton,WR,LAC,KC,0,0,0.0,0,0.0,0.0,0.0,0,0.0,0,4,0,0.0,0,0.0,0.0,,,73.0,212.0,23.4254375,1.0,North Texas,2019.0,2019.0,,,,0.13333334
2020,4,00-0035457,T.Johnson,WR,LAC,TB,0,0,0.0,0,0.0,0.0,0.0,0,0.0,0,1,1,53.0,1,11.3,12.3,,,73.0,193.0,24.8383125,1.0,Oklahoma State,2019.0,2019.0,,,,0.04
2020,5,00-0035457,T.Johnson,WR,LAC,NO,0,0,0.0,0,0.0,0.0,0.0,1,7.0,0,0,0,0.0,0,0.7,0.7,,,73.0,193.0,24.8383125,1.0,Oklahoma State,2019.0,2019.0,,,,
2020,7,00-0035457,T.Johnson,WR,LAC,JAX,0,0,0.0,0,0.0,0.0,0.0,2,10.0,0,1,0,0.0,0,1.0,1.0,,,73.0,193.0,24.8383125,1.0,Oklahoma State,2019.0,2019.0,,,10.0,0.023809524
2020,9,00-0035457,T.Johnson,WR,LAC,LV,0,0,0.0,0,0.0,0.0,0.0,0,0.0,0,1,1,50.0,0,5.0,6.0,,,73.0,193.0,24.8383125,1.0,Oklahoma State,2019.0,2019.0,,,-5.0,0.024390243
2020,11,00-0035457,T.Johnson,WR,LAC,NYJ,0,0,0.0,0,0.0,0.0,0.0,0,0.0,0,1,1,54.0,0,5.4,6.4,,,73.0,193.0,24.8383125,1.0,Oklahoma State,2019.0,2019.0,,,6.0,0.020833334
2020,12,00-0035457,T.Johnson,WR,LAC,BUF,0,0,0.0,0,0.0,0.0,0.0,0,0.0,0,4,2,63.0,0,6.3,8.3,,,73.0,193.0,24.8383125,1.0,Oklahoma State,2019.0,2019.0,,,,0.078431375
2020,13,00-0035457,T.Johnson,WR,LAC,NE,0,0,0.0,0,0.0,0.0,0.0,0,0.0,0,1,1,1.0,0,0.1,1.1,,,73.0,193.0,24.8383125,1.0,Oklahoma State,2019.0,2019.0,,,-45.0,0.01923077
2020,14,00-0035457,T.Johnson,WR,LAC,ATL,0,0,0.0,0,0.0,0.0,0.0,0,0.0,0,7,6,55.0,1,11.5,17.5,,,73.0,193.0,24.8383125,1.0,Oklahoma State,2019.0,2019.0,,,3.0,0.1590909
2020,15,00-0035457,T.Johnson,WR,LAC,LV,0,0,0.0,0,0.0,0.0,0.0,0,0.0,0,5,3,61.0,1,12.1,15.1,,,73.0,193.0,24.8383125,1.0,Oklahoma State,2019.0,2019.0,,,,0.15625
2020,16,00-0035457,T.Johnson,WR,LAC,DEN,0,0,0.0,0,0.0,0.0,0.0,0,0.0,0,3,3,26.0,0,2.6,5.6,,,73.0,193.0,24.8383125,1.0,Oklahoma State,2019.0,2019.0,,,3.0,0.09090909
2020,17,00-0035457,T.Johnson,WR,LAC,KC,0,0,0.0,0,0.0,0.0,0.0,0,0.0,0,2,2,35.0,0,3.5,5.5,,,73.0,193.0,24.8383125,1.0,Oklahoma State,2019.0,2019.0,,,,0.06666667
2020,4,00-0035480,M.Taylor,WR,GB,ATL,0,0,0.0,0,0.0,0.0,0.0,0,0.0,0,1,1,20.0,0,2.0,3.0,,,73.0,216.0,24.91027777777778,1.0,Ferris State,2019.0,2019.0,,,14.0,0.030303031
2020,6,00-0035480,M.Taylor,WR,GB,TB,0,0,0.0,0,0.0,0.0,0.0,0,0.0,0,1,0,0.0,0,0.0,0.0,,,73.0,216.0,24.91027777777778,1.0,Ferris State,2019.0,2019.0,,,,0.032258064
2020,7,00-0035480,M.Taylor,WR,GB,HOU,0,0,0.0,0,0.0,0.0,0.0,0,0.0,0,2,2,6.0,1,6.6,8.6,,,73.0,216.0,24.91027777777778,1.0,Ferris State,2019.0,2019.0,,,,0.05882353
2020,8,00-0035480,M.Taylor,WR,GB,MIN,0,0,0.0,0,0.0,0.0,0.0,0,0.0,0,1,1,26.0,0,2.6,3.6,,,73.0,216.0,24.91027777777778,1.0,Ferris State,2019.0,2019.0,,,-6.0,0.02631579
2020,9,00-0035480,M.Taylor,WR,GB,SF,0,0,0.0,0,0.0,0.0,0.0,1,9.0,0,0,0,0.0,0,0.9,0.9,,,73.0,216.0,24.91027777777778,1.0,Ferris State,2019.0,2019.0,,,,
2020,13,00-0035480,M.Taylor,WR,GB,PHI,0,0,0.0,0,0.0,0.0,0.0,0,0.0,0,1,1,14.0,0,1.4,2.4,,,73.0,216.0,24.91027777777778,1.0,Ferris State,2019.0,2019.0,,,14.0,0.03125
2020,4,00-0035510,J.Smith,WR,NYJ,DEN,0,0,0.0,0,0.0,0.0,0.0,0,0.0,0,9,7,81.0,0,8.1,15.1,,,73.0,195.0,23.5494375,1.0,Boston College,2019.0,2019.0,,,-9.0,0.20930232
2020,5,00-0035510,J.Smith,WR,NYJ,ARI,0,0,0.0,0,0.0,1.0,16.0,0,0.0,0,11,3,23.0,0,2.3,5.3,,,73.0,195.0,23.5494375,1.0,Boston College,2019.0,2019.0,,,-20.0,0.3548387
2020,6,00-0035510,J.Smith,WR,NYJ,MIA,0,0,0.0,0,0.0,0.0,0.0,0,0.0,0,4,1,8.0,0,0.8,1.8,,,73.0,195.0,23.5494375,1.0,Boston College,2019.0,2019.0,,,,0.102564104
2020,7,00-0035510,J.Smith,WR,NYJ,BUF,0,0,0.0,0,0.0,0.0,0.0,0,0.0,0,1,0,0.0,0,0.0,0.0,,,73.0,195.0,23.5494375,1.0,Boston College,2019.0,2019.0,,,-8.0,0.04761905
2020,8,00-0035510,J.Smith,WR,NYJ,KC,0,0,0.0,0,0.0,0.0,0.0,0,0.0,0,8,3,29.0,0,2.9,5.9,,,73.0,195.0,23.5494375,1.0,Boston College,2019.0,2019.0,,,,0.2857143
2020,11,00-0035510,J.Smith,WR,NYJ,LAC,0,0,0.0,0,0.0,0.0,0.0,0,0.0,0,1,1,5.0,0,0.5,1.5,,,73.0,195.0,23.5494375,1.0,Boston College,2019.0,2019.0,,,,0.035714287
2020,12,00-0035510,J.Smith,WR,NYJ,MIA,0,0,0.0,0,0.0,0.0,0.0,0,0.0,0,1,1,7.0,0,0.7,1.7,,,73.0,195.0,23.5494375,1.0,Boston College,2019.0,2019.0,,,-17.0,0.037037037
2020,14,00-0035510,J.Smith,WR,NYJ,SEA,0,0,0.0,0,0.0,0.0,0.0,0,0.0,0,2,1,14.0,0,1.4,2.4,,,73.0,195.0,23.5494375,1.0,Boston College,2019.0,2019.0,,,,0.08695652
2020,2,00-0035527,A.Isabella,WR,ARI,WAS,0,0,0.0,0,0.0,0.0,0.0,0,0.0,0,3,2,67.0,0,6.7,8.7,,,69.0,190.0,23.9733125,1.0,Massachusetts,2019.0,2019.0,ARI,62.0,15.0,0.0882353
2020,3,00-0035527,A.Isabella,WR,ARI,DET,0,0,0.0,0,0.0,0.0,0.0,1,-6.0,0,4,4,47.0,2,16.1,20.1,,,69.0,190.0,23.9733125,1.0,Massachusetts,2019.0,2019.0,ARI,62.0,-3.0,0.121212125
2020,4,00-0035527,A.Isabella,WR,ARI,CAR,0,0,0.0,0,0.0,0.0,0.0,0,0.0,0,3,2,3.0,0,0.3,2.3,,,69.0,190.0,23.9733125,1.0,Massachusetts,2019.0,2019.0,ARI,62.0,,0.09677419
2020,5,00-0035527,A.Isabella,WR,ARI,NYJ,0,0,0.0,0,0.0,0.0,0.0,0,0.0,0,3,2,30.0,0,3.0,5.0,,,69.0,190.0,23.9733125,1.0,Massachusetts,2019.0,2019.0,ARI,62.0,,0.08571429
2020,6,00-0035527,A.Isabella,WR,ARI,DAL,0,0,0.0,0,0.0,0.0,0.0,0,0.0,0,2,0,0.0,0,0.0,0.0,,,69.0,190.0,23.9733125,1.0,Massachusetts,2019.0,2019.0,ARI,62.0,,0.09090909
2020,7,00-0035527,A.Isabella,WR,ARI,SEA,0,0,0.0,0,0.0,0.0,0.0,0,0.0,0,3,1,7.0,0,0.7,1.7,,,69.0,190.0,23.9733125,1.0,Massachusetts,2019.0,2019.0,ARI,62.0,3.0,0.06818182
2020,9,00-0035527,A.Isabella,WR,ARI,MIA,0,0,0.0,0,0.0,0.0,0.0,0,0.0,0,3,2,10.0,0,1.0,3.0,,,69.0,190.0,23.9733125,1.0,Massachusetts,2019.0,2019.0,ARI,62.0,-3.0,0.115384616
2020,10,00-0035527,A.Isabella,WR,ARI,BUF,0,0,0.0,0,0.0,0.0,0.0,0,0.0,0,1,1,14.0,0,1.4,2.4,,,69.0,190.0,23.9733125,1.0,Massachusetts,2019.0,2019.0,ARI,62.0,2.0,0.03125
2020,11,00-0035527,A.Isabella,WR,ARI,SEA,0,0,0.0,0,0.0,0.0,0.0,0,0.0,0,2,1,6.0,0,0.6,1.6,,,69.0,190.0,23.9733125,1.0,Massachusetts,2019.0,2019.0,ARI,62.0,,0.051282052
2020,12,00-0035527,A.Isabella,WR,ARI,NE,0,0,0.0,0,0.0,0.0,0.0,0,0.0,0,6,4,33.0,0,3.3,7.3,,,69.0,190.0,23.9733125,1.0,Massachusetts,2019.0,2019.0,ARI,62.0,,0.1764706
2020,13,00-0035527,A.Isabella,WR,ARI,LA,0,0,0.0,0,0.0,0.0,0.0,0,0.0,0,5,2,7.0,0,0.7,2.7,,,69.0,190.0,23.9733125,1.0,Massachusetts,2019.0,2019.0,ARI,62.0,-10.0,0.1388889
2020,7,00-0035529,H.Butler,WR,PHI,NYG,0,0,0.0,0,0.0,0.0,0.0,0,0.0,0,1,0,0.0,0,0.0,0.0,,,77.0,227.0,24.4815625,1.0,Iowa State,2019.0,2019.0,ARI,103.0,1.0,0.024390243
2020,1,00-0035535,D.Slayton,WR,NYG,PIT,0,0,0.0,0,0.0,0.0,0.0,0,0.0,0,9,6,102.0,2,22.2,28.2,,,73.0,190.0,23.8194375,1.0,Auburn,2019.0,2019.0,NYG,171.0,-10.0,0.23076923
2020,2,00-0035535,D.Slayton,WR,NYG,CHI,0,0,0.0,0,0.0,0.0,0.0,0,0.0,0,6,3,33.0,0,3.3,6.3,,,73.0,190.0,23.8194375,1.0,Auburn,2019.0,2019.0,NYG,171.0,,0.16666667
2020,3,00-0035535,D.Slayton,WR,NYG,SF,0,0,0.0,0,0.0,0.0,0.0,0,0.0,0,7,3,53.0,0,3.3,6.3,,,73.0,190.0,23.8194375,1.0,Auburn,2019.0,2019.0,NYG,171.0,-27.0,0.22580644
2020,4,00-0035535,D.Slayton,WR,NYG,LA,0,0,0.0,0,0.0,0.0,0.0,0,0.0,0,7,3,48.0,0,4.8,7.8,,,73.0,190.0,23.8194375,1.0,Auburn,2019.0,2019.0,NYG,171.0,,0.19444445
2020,5,00-0035535,D.Slayton,WR,NYG,DAL,0,0,0.0,0,0.0,0.0,0.0,0,0.0,0,11,8,129.0,0,12.9,20.9,,,73.0,190.0,23.8194375,1.0,Auburn,2019.0,2019.0,NYG,171.0,,0.37931034
2020,6,00-0035535,D.Slayton,WR,NYG,WAS,0,0,0.0,0,0.0,0.0,0.0,1,-3.0,0,4,2,41.0,1,9.8,11.8,,,73.0,190.0,23.8194375,1.0,Auburn,2019.0,2019.0,NYG,171.0,1.0,0.22222222
2020,7,00-0035535,D.Slayton,WR,NYG,PHI,0,0,0.0,0,0.0,0.0,0.0,0,0.0,0,3,2,23.0,0,2.3,4.3,,,73.0,190.0,23.8194375,1.0,Auburn,2019.0,2019.0,NYG,171.0,,0.10714286
2020,8,00-0035535,D.Slayton,WR,NYG,TB,0,0,0.0,0,0.0,0.0,0.0,0,0.0,0,9,5,56.0,0,5.6,10.6,,,73.0,190.0,23.8194375,1.0,Auburn,2019.0,2019.0,NYG,171.0,-2.0,0.2195122
2020,9,00-0035535,D.Slayton,WR,NYG,WAS,0,0,0.0,0,0.0,0.0,0.0,1,2.0,0,1,1,6.0,0,0.8,1.8,,,73.0,190.0,23.8194375,1.0,Auburn,2019.0,2019.0,NYG,171.0,,0.030303031
2020,10,00-0035535,D.Slayton,WR,NYG,PHI,0,0,0.0,0,0.0,0.0,0.0,0,0.0,0,7,5,93.0,0,9.3,14.3,,,73.0,190.0,23.8194375,1.0,Auburn,2019.0,2019.0,NYG,171.0,10.0,0.25
2020,12,00-0035535,D.Slayton,WR,NYG,CIN,0,0,0.0,0,0.0,0.0,0.0,0,0.0,0,2,0,0.0,0,0.0,0.0,,,73.0,190.0,23.8194375,1.0,Auburn,2019.0,2019.0,NYG,171.0,,0.054054055
2020,13,00-0035535,D.Slayton,WR,NYG,SEA,0,0,0.0,0,0.0,0.0,0.0,0,0.0,0,1,1,14.0,0,1.4,2.4,,,73.0,190.0,23.8194375,1.0,Auburn,2019.0,2019.0,NYG,171.0,,0.045454547
2020,14,00-0035535,D.Slayton,WR,NYG,ARI,0,0,0.0,0,0.0,0.0,0.0,0,0.0,0,8,3,31.0,0,3.1,6.1,,,73.0,190.0,23.8194375,1.0,Auburn,2019.0,2019.0,NYG,171.0,-19.0,0.33333334
2020,15,00-0035535,D.Slayton,WR,NYG,CLE,0,0,0.0,0,0.0,0.0,0.0,0,0.0,0,9,4,74.0,0,7.4,11.4,,,73.0,190.0,23.8194375,1.0,Auburn,2019.0,2019.0,NYG,171.0,-14.0,0.28125
2020,16,00-0035535,D.Slayton,WR,NYG,BAL,0,0,0.0,0,0.0,0.0,0.0,0,0.0,0,8,2,26.0,0,2.6,4.6,,,73.0,190.0,23.8194375,1.0,Auburn,2019.0,2019.0,NYG,171.0,,0.19512194
2020,17,00-0035535,D.Slayton,WR,NYG,DAL,0,0,0.0,0,0.0,0.0,0.0,0,0.0,0,4,2,22.0,0,2.2,4.2,,,73.0,190.0,23.8194375,1.0,Auburn,2019.0,2019.0,NYG,171.0,4.0,0.16
2020,2,00-0035537,T.Johnson,RB,DET,GB,0,0,0.0,0,0.0,0.0,0.0,0,0.0,0,1,0,0.0,0,0.0,0.0,,,70.0,210.0,23.1415625,1.0,Maryland,2019.0,2019.0,DET,186.0,,0.033333335
2020,6,00-0035537,T.Johnson,RB,NYJ,MIA,0,0,0.0,0,0.0,0.0,0.0,3,42.0,0,1,0,0.0,0,4.2,4.2,,,70.0,210.0,23.1415625,1.0,Maryland,2019.0,2019.0,DET,186.0,,0.025641026
2020,8,00-0035537,T.Johnson,RB,NYJ,KC,0,0,0.0,0,0.0,0.0,0.0,3,15.0,0,1,1,6.0,0,2.1,3.1,,,70.0,210.0,23.1415625,1.0,Maryland,2019.0,2019.0,DET,186.0,,0.035714287
2020,11,00-0035537,T.Johnson,RB,NYJ,LAC,0,0,0.0,0,0.0,0.0,0.0,0,0.0,0,6,4,17.0,0,1.7,5.7,,,70.0,210.0,23.1415625,1.0,Maryland,2019.0,2019.0,DET,186.0,,0.21428572
2020,12,00-0035537,T.Johnson,RB,NYJ,MIA,0,0,0.0,0,0.0,0.0,0.0,2,3.0,0,2,1,1.0,0,0.4,1.4,,,70.0,210.0,23.1415625,1.0,Maryland,2019.0,2019.0,DET,186.0,-17.0,0.074074075
2020,13,00-0035537,T.Johnson,RB,NYJ,LV,0,0,0.0,0,0.0,0.0,0.0,22,104.0,1,2,2,13.0,0,17.7,19.7,,,70.0,210.0,23.1415625,1.0,Maryland,2019.0,2019.0,DET,186.0,-3.0,0.1
2020,14,00-0035537,T.Johnson,RB,NYJ,SEA,0,0,0.0,0,0.0,0.0,0.0,8,16.0,0,0,0,0.0,0,1.6,1.6,,,70.0,210.0,23.1415625,1.0,Maryland,2019.0,2019.0,DET,186.0,,
2020,15,00-0035537,T.Johnson,RB,NYJ,LA,0,0,0.0,0,0.0,0.0,0.0,3,16.0,0,6,6,39.0,1,11.5,17.5,,,70.0,210.0,23.1415625,1.0,Maryland,2019.0,2019.0,DET,186.0,,0.22222222
2020,16,00-0035537,T.Johnson,RB,NYJ,CLE,0,0,0.0,0,0.0,0.0,0.0,2,13.0,0,0,0,0.0,0,1.3,1.3,,,70.0,210.0,23.1415625,1.0,Maryland,2019.0,2019.0,DET,186.0,7.0,
2020,17,00-0035537,T.Johnson,RB,NYJ,NE,0,0,0.0,0,0.0,0.0,0.0,11,45.0,0,2,2,23.0,0,6.8,8.8,,,70.0,210.0,23.1415625,1.0,Maryland,2019.0,2019.0,DET,186.0,,0.060606062
2020,7,00-0035539,I.Nauta,TE,DET,ATL,0,0,0.0,0,0.0,0.0,0.0,0,0.0,0,1,1,3.0,0,0.3,1.3,,,75.0,244.0,23.494833333333332,1.0,Georgia,2019.0,2019.0,DET,224.0,,0.03125
2020,10,00-0035539,I.Nauta,TE,DET,WAS,0,0,0.0,0,0.0,0.0,0.0,0,0.0,0,1,0,0.0,0,0.0,0.0,,,75.0,244.0,23.494833333333332,1.0,Georgia,2019.0,2019.0,DET,224.0,3.0,0.03125
2020,12,00-0035551,T.Brooks-James,RB,ATL,LV,0,0,0.0,0,0.0,0.0,0.0,3,4.0,0,0,0,0.0,0,0.4,0.4,,,69.0,179.0,25.989375,1.0,Oregon,2019.0,2019.0,,,37.0,
2020,16,00-0035567,C.Reynolds,RB,JAX,CHI,0,0,0.0,0,0.0,0.0,0.0,1,4.0,0,1,1,3.0,0,0.7,1.7,,,71.0,215.0,24.399142857142856,1.0,Kutztown,2019.0,2019.0,,,-24.0,0.027777778
2020,9,00-0035590,R.Ridley,WR,CHI,TEN,0,0,0.0,0,0.0,0.0,0.0,0,0.0,0,2,2,23.0,0,2.3,4.3,,,73.0,200.0,24.308882352941175,1.0,Georgia,2019.0,2019.0,CHI,126.0,,0.04255319
2020,12,00-0035590,R.Ridley,WR,CHI,GB,0,0,0.0,0,0.0,0.0,0.0,0,0.0,0,2,2,16.0,0,1.6,3.6,,,73.0,200.0,24.308882352941175,1.0,Georgia,2019.0,2019.0,CHI,126.0,,0.045454547
2020,18,00-0035590,R.Ridley,WR,CHI,NO,0,0,0.0,0,0.0,0.0,0.0,0,0.0,0,2,2,36.0,0,3.6,5.6,,,73.0,200.0,24.308882352941175,1.0,Georgia,2019.0,2019.0,CHI,126.0,,0.074074075
2020,4,00-0035592,T.Fulgham,WR,PHI,SF,0,0,0.0,0,0.0,0.0,0.0,0,0.0,0,3,2,57.0,1,11.7,13.7,,,74.0,215.0,25.155124999999998,1.0,Old Dominion,2019.0,2019.0,DET,184.0,,0.115384616
2020,5,00-0035592,T.Fulgham,WR,PHI,PIT,0,0,0.0,0,0.0,0.0,0.0,0,0.0,0,13,10,152.0,1,21.2,31.2,,,74.0,215.0,25.155124999999998,1.0,Old Dominion,2019.0,2019.0,DET,184.0,,0.3611111
2020,6,00-0035592,T.Fulgham,WR,PHI,BAL,0,0,0.0,0,0.0,0.0,0.0,0,0.0,0,10,6,75.0,1,13.5,19.5,,,74.0,215.0,25.155124999999998,1.0,Old Dominion,2019.0,2019.0,DET,184.0,-2.0,0.25641027
2020,7,00-0035592,T.Fulgham,WR,PHI,NYG,0,0,0.0,0,0.0,0.0,0.0,0,0.0,0,11,5,73.0,0,7.3,12.3,,,74.0,215.0,25.155124999999998,1.0,Old Dominion,2019.0,2019.0,DET,184.0,1.0,0.2682927
2020,8,00-0035592,T.Fulgham,WR,PHI,DAL,0,0,0.0,0,0.0,0.0,0.0,0,0.0,0,7,6,78.0,1,13.8,19.8,,,74.0,215.0,25.155124999999998,1.0,Old Dominion,2019.0,2019.0,DET,184.0,14.0,0.26923078
2020,10,00-0035592,T.Fulgham,WR,PHI,NYG,0,0,0.0,0,0.0,0.0,0.0,0,0.0,0,5,1,8.0,0,0.8,1.8,,,74.0,215.0,25.155124999999998,1.0,Old Dominion,2019.0,2019.0,DET,184.0,,0.1388889
2020,11,00-0035592,T.Fulgham,WR,PHI,CLE,0,0,0.0,0,0.0,0.0,0.0,0,0.0,0,7,1,8.0,0,0.8,1.8,,,74.0,215.0,25.155124999999998,1.0,Old Dominion,2019.0,2019.0,DET,184.0,,0.20588236
2020,12,00-0035592,T.Fulgham,WR,PHI,SEA,0,0,0.0,0,0.0,0.0,0.0,0,0.0,0,2,2,16.0,0,1.6,3.6,,,74.0,215.0,25.155124999999998,1.0,Old Dominion,2019.0,2019.0,DET,184.0,-6.0,0.04761905
2020,13,00-0035592,T.Fulgham,WR,PHI,GB,0,0,0.0,0,0.0,0.0,0.0,0,0.0,0,2,0,0.0,0,0.0,0.0,,,74.0,215.0,25.155124999999998,1.0,Old Dominion,2019.0,2019.0,DET,184.0,,0.08
2020,15,00-0035592,T.Fulgham,WR,PHI,ARI,0,0,0.0,0,0.0,0.0,0.0,0,0.0,0,2,2,30.0,0,3.0,5.0,,,74.0,215.0,25.155124999999998,1.0,Old Dominion,2019.0,2019.0,DET,184.0,,0.05
2020,16,00-0035592,T.Fulgham,WR,PHI,DAL,0,0,0.0,0,0.0,0.0,0.0,0,0.0,0,3,2,27.0,0,2.7,4.7,,,74.0,215.0,25.155124999999998,1.0,Old Dominion,2019.0,2019.0,DET,184.0,,0.0882353
2020,17,00-0035592,T.Fulgham,WR,PHI,WAS,0,0,0.0,0,0.0,0.0,0.0,0,0.0,0,2,1,15.0,0,1.5,2.5,,,74.0,215.0,25.155124999999998,1.0,Old Dominion,2019.0,2019.0,DET,184.0,-6.0,0.06896552
2020,1,00-0035594,T.Homer,RB,SEA,ATL,0,0,0.0,0,0.0,0.0,0.0,3,-1.0,0,2,2,4.0,0,0.3,2.3,,,70.0,202.0,22.269058823529413,1.0,Miami,2019.0,2019.0,SEA,204.0,,0.057142857
2020,2,00-0035594,T.Homer,RB,SEA,NE,0,0,0.0,0,0.0,0.0,0.0,3,21.0,0,0,0,0.0,0,2.1,2.1,,,70.0,202.0,22.269058823529413,1.0,Miami,2019.0,2019.0,SEA,204.0,5.0,
2020,3,00-0035594,T.Homer,RB,SEA,DAL,0,0,0.0,0,0.0,0.0,0.0,2,19.0,0,1,0,0.0,0,1.9,1.9,,,70.0,202.0,22.269058823529413,1.0,Miami,2019.0,2019.0,SEA,204.0,7.0,0.02631579
2020,4,00-0035594,T.Homer,RB,SEA,MIA,0,0,0.0,0,0.0,0.0,0.0,4,5.0,0,1,1,3.0,1,6.8,7.8,,,70.0,202.0,22.269058823529413,1.0,Miami,2019.0,2019.0,SEA,204.0,,0.030303031
2020,5,00-0035594,T.Homer,RB,SEA,MIN,0,0,0.0,0,0.0,0.0,0.0,3,14.0,0,0,0,0.0,0,1.4,1.4,,,70.0,202.0,22.269058823529413,1.0,Miami,2019.0,2019.0,SEA,204.0,1.0,
2020,7,00-0035594,T.Homer,RB,SEA,ARI,0,0,0.0,0,0.0,0.0,0.0,3,10.0,0,0,0,0.0,0,1.0,1.0,,,70.0,202.0,22.269058823529413,1.0,Miami,2019.0,2019.0,SEA,204.0,,
2020,8,00-0035594,T.Homer,RB,SEA,SF,0,0,0.0,0,0.0,0.0,0.0,1,4.0,0,0,0,0.0,0,0.4,0.4,,,70.0,202.0,22.269058823529413,1.0,Miami,2019.0,2019.0,SEA,204.0,10.0,
2020,9,00-0035594,T.Homer,RB,SEA,BUF,0,0,0.0,0,0.0,0.0,0.0,6,16.0,0,3,3,64.0,0,8.0,11.0,,,70.0,202.0,22.269058823529413,1.0,Miami,2019.0,2019.0,SEA,204.0,,0.075
2020,10,00-0035594,T.Homer,RB,SEA,LA,0,0,0.0,0,0.0,0.0,0.0,0,0.0,0,3,3,19.0,0,1.9,4.9,,,70.0,202.0,22.269058823529413,1.0,Miami,2019.0,2019.0,SEA,204.0,,0.08571429
2020,1,00-0035624,N.Harry,TE,NE,MIA,0,0,0.0,0,0.0,0.0,0.0,0,0.0,0,6,5,39.0,0,3.9,8.9,,,76.0,225.0,22.8988125,1.0,Arizona State,2019.0,2019.0,NE,32.0,10.0,0.31578946
2020,2,00-0035624,N.Harry,TE,NE,SEA,0,0,0.0,0,0.0,0.0,0.0,0,0.0,0,12,8,72.0,0,7.2,15.2,,,76.0,225.0,22.8988125,1.0,Arizona State,2019.0,2019.0,NE,32.0,,0.27906978
2020,3,00-0035624,N.Harry,TE,NE,LV,0,0,0.0,0,0.0,0.0,0.0,1,2.0,0,4,2,34.0,0,3.6,5.6,,,76.0,225.0,22.8988125,1.0,Arizona State,2019.0,2019.0,NE,32.0,16.0,0.14285715
2020,4,00-0035624,N.Harry,TE,NE,KC,0,0,0.0,0,0.0,0.0,0.0,0,0.0,0,6,3,21.0,1,8.1,11.1,,,76.0,225.0,22.8988125,1.0,Arizona State,2019.0,2019.0,NE,32.0,,0.17142858
2020,6,00-0035624,N.Harry,TE,NE,DEN,0,0,0.0,0,0.0,0.0,0.0,0,0.0,0,2,0,0.0,0,0.0,0.0,,,76.0,225.0,22.8988125,1.0,Arizona State,2019.0,2019.0,NE,32.0,-6.0,0.074074075
2020,7,00-0035624,N.Harry,TE,NE,SF,0,0,0.0,0,0.0,0.0,0.0,0,0.0,0,2,1,6.0,0,0.6,1.6,,,76.0,225.0,22.8988125,1.0,Arizona State,2019.0,2019.0,NE,32.0,-27.0,0.09090909
2020,11,00-0035624,N.Harry,TE,NE,HOU,0,0,0.0,0,0.0,0.0,0.0,0,0.0,0,8,5,41.0,0,4.1,9.1,,,76.0,225.0,22.8988125,1.0,Arizona State,2019.0,2019.0,NE,32.0,,0.21052632
2020,12,00-0035624,N.Harry,TE,NE,ARI,0,0,0.0,0,0.0,0.0,0.0,1,-2.0,0,2,0,0.0,0,-0.2,-0.2,,,76.0,225.0,22.8988125,1.0,Arizona State,2019.0,2019.0,NE,32.0,3.0,0.11764706
2020,13,00-0035624,N.Harry,TE,NE,LAC,0,0,0.0,0,0.0,0.0,0.0,0,0.0,0,3,2,15.0,1,7.5,9.5,,,76.0,225.0,22.8988125,1.0,Arizona State,2019.0,2019.0,NE,32.0,,0.14285715
2020,14,00-0035624,N.Harry,TE,NE,LA,0,0,0.0,0,0.0,0.0,0.0,0,0.0,0,4,3,49.0,0,4.9,7.9,,,76.0,225.0,22.8988125,1.0,Arizona State,2019.0,2019.0,NE,32.0,,0.17391305
2020,15,00-0035624,N.Harry,TE,NE,MIA,0,0,0.0,0,0.0,0.0,0.0,0,0.0,0,2,1,12.0,0,1.2,2.2,,,76.0,225.0,22.8988125,1.0,Arizona State,2019.0,2019.0,NE,32.0,,0.08
2020,16,00-0035624,N.Harry,TE,NE,BUF,0,0,0.0,0,0.0,0.0,0.0,0,0.0,0,4,1,3.0,0,0.3,1.3,,,76.0,225.0,22.8988125,1.0,Arizona State,2019.0,2019.0,NE,32.0,-29.0,0.22222222
2020,17,00-0035624,N.Harry,TE,NE,NYJ,0,0,0.0,0,0.0,0.0,0.0,0,0.0,0,2,2,17.0,0,1.7,3.7,,,76.0,225.0,22.8988125,1.0,Arizona State,2019.0,2019.0,NE,32.0,14.0,0.06666667
2020,1,00-0035628,D.Johnson,RB,CLE,BAL,0,0,0.0,0,0.0,0.0,0.0,1,5.0,0,0,0,0.0,0,0.5,0.5,,,70.0,208.0,24.718055555555555,1.0,South Florida,2019.0,2019.0,,,,
2020,4,00-0035628,D.Johnson,RB,CLE,DAL,0,0,0.0,0,0.0,0.0,0.0,13,95.0,0,0,0,0.0,0,9.5,9.5,,,70.0,208.0,24.718055555555555,1.0,South Florida,2019.0,2019.0,,,,
2020,5,00-0035628,D.Johnson,RB,CLE,IND,0,0,0.0,0,0.0,0.0,0.0,8,32.0,0,1,1,4.0,0,3.6,4.6,,,70.0,208.0,24.718055555555555,1.0,South Florida,2019.0,2019.0,,,9.0,0.02631579
2020,6,00-0035628,D.Johnson,RB,CLE,PIT,0,0,0.0,0,0.0,0.0,0.0,4,1.0,0,1,0,0.0,0,0.1,0.1,,,70.0,208.0,24.718055555555555,1.0,South Florida,2019.0,2019.0,,,,0.03846154
2020,7,00-0035628,D.Johnson,RB,CLE,CIN,0,0,0.0,0,0.0,0.0,0.0,1,3.0,0,0,0,0.0,0,0.3,0.3,,,70.0,208.0,24.718055555555555,1.0,South Florida,2019.0,2019.0,,,,
2020,8,00-0035628,D.Johnson,RB,CLE,LV,0,0,0.0,0,0.0,0.0,0.0,2,6.0,0,1,1,5.0,0,1.1,2.1,,,70.0,208.0,24.718055555555555,1.0,South Florida,2019.0,2019.0,,,-10.0,0.04
2020,13,00-0035628,D.Johnson,RB,CLE,TEN,0,0,0.0,0,0.0,0.0,0.0,0,0.0,0,1,1,5.0,0,0.5,1.5,,,70.0,208.0,24.718055555555555,1.0,South Florida,2019.0,2019.0,,,,0.03125
2020,15,00-0035628,D.Johnson,RB,CLE,NYG,0,0,0.0,0,0.0,0.0,0.0,4,24.0,0,0,0,0.0,0,2.4,2.4,,,70.0,208.0,24.718055555555555,1.0,South Florida,2019.0,2019.0,,,,
2020,1,00-0035631,D.Sample,TE,CIN,LAC,0,0,0.0,0,0.0,0.0,0.0,0,0.0,0,1,1,7.0,0,0.7,1.7,,,76.0,259.0,24.5636875,1.0,Washington,2019.0,2019.0,CIN,52.0,-3.0,0.028571429
2020,2,00-0035631,D.Sample,TE,CIN,CLE,0,0,0.0,0,0.0,0.0,0.0,0,0.0,0,9,7,45.0,0,4.5,11.5,,,76.0,259.0,24.5636875,1.0,Washington,2019.0,2019.0,CIN,52.0,,0.15254237
2020,3,00-0035631,D.Sample,TE,CIN,PHI,0,0,0.0,0,0.0,0.0,0.0,0,0.0,0,1,1,1.0,0,0.1,1.1,,,76.0,259.0,24.5636875,1.0,Washington,2019.0,2019.0,CIN,52.0,,0.023809524
2020,4,00-0035631,D.Sample,TE,CIN,JAX,0,0,0.0,0,0.0,0.0,0.0,0,0.0,0,5,3,47.0,0,4.7,7.7,,,76.0,259.0,24.5636875,1.0,Washington,2019.0,2019.0,CIN,52.0,8.0,0.14285715
2020,5,00-0035631,D.Sample,TE,CIN,BAL,0,0,0.0,0,0.0,0.0,0.0,0,0.0,0,2,2,22.0,0,2.2,4.2,,,76.0,259.0,24.5636875,1.0,Washington,2019.0,2019.0,CIN,52.0,,0.06896552
2020,6,00-0035631,D.Sample,TE,CIN,IND,0,0,0.0,0,0.0,0.0,0.0,0,0.0,0,1,0,0.0,0,0.0,0.0,,,76.0,259.0,24.5636875,1.0,Washington,2019.0,2019.0,CIN,52.0,,0.025641026
2020,7,00-0035631,D.Sample,TE,CIN,CLE,0,0,0.0,0,0.0,0.0,0.0,0,0.0,0,6,5,52.0,0,5.2,10.2,,,76.0,259.0,24.5636875,1.0,Washington,2019.0,2019.0,CIN,52.0,-3.0,0.12765957
2020,8,00-0035631,D.Sample,TE,CIN,TEN,0,0,0.0,0,0.0,0.0,0.0,0,0.0,0,1,0,0.0,0,0.0,0.0,,,76.0,259.0,24.5636875,1.0,Washington,2019.0,2019.0,CIN,52.0,11.0,0.028571429
2020,10,00-0035631,D.Sample,TE,CIN,PIT,0,0,0.0,0,0.0,0.0,0.0,0,0.0,0,2,1,9.0,0,0.9,1.9,,,76.0,259.0,24.5636875,1.0,Washington,2019.0,2019.0,CIN,52.0,,0.05263158
2020,11,00-0035631,D.Sample,TE,CIN,WAS,0,0,0.0,0,0.0,0.0,0.0,0,0.0,0,4,2,29.0,0,2.9,4.9,,,76.0,259.0,24.5636875,1.0,Washington,2019.0,2019.0,CIN,52.0,,0.09090909
2020,12,00-0035631,D.Sample,TE,CIN,NYG,0,0,0.0,0,0.0,0.0,0.0,0,0.0,0,5,4,40.0,0,2.0,6.0,,,76.0,259.0,24.5636875,1.0,Washington,2019.0,2019.0,CIN,52.0,-2.0,0.18518518
2020,13,00-0035631,D.Sample,TE,CIN,MIA,0,0,0.0,0,0.0,0.0,0.0,0,0.0,0,7,7,49.0,0,4.9,11.9,,,76.0,259.0,24.5636875,1.0,Washington,2019.0,2019.0,CIN,52.0,,0.25925925
2020,14,00-0035631,D.Sample,TE,CIN,DAL,0,0,0.0,0,0.0,0.0,0.0,0,0.0,0,4,3,21.0,0,2.1,5.1,,,76.0,259.0,24.5636875,1.0,Washington,2019.0,2019.0,CIN,52.0,-23.0,0.10526316
2020,15,00-0035631,D.Sample,TE,CIN,PIT,0,0,0.0,0,0.0,0.0,0.0,0,0.0,0,1,1,4.0,0,0.4,1.4,,,76.0,259.0,24.5636875,1.0,Washington,2019.0,2019.0,CIN,52.0,10.0,0.07692308
2020,16,00-0035631,D.Sample,TE,CIN,HOU,0,0,0.0,0,0.0,0.0,0.0,0,0.0,0,1,1,8.0,1,6.8,7.8,,,76.0,259.0,24.5636875,1.0,Washington,2019.0,2019.0,CIN,52.0,,0.02631579
2020,17,00-0035631,D.Sample,TE,CIN,BAL,0,0,0.0,0,0.0,0.0,0.0,0,0.0,0,3,2,15.0,0,1.5,3.5,,,76.0,259.0,24.5636875,1.0,Washington,2019.0,2019.0,CIN,52.0,-35.0,0.15
2020,14,00-0035632,A.Hooker,FS,TEN,JAX,0,0,0.0,0,0.0,0.0,0.0,1,4.0,0,0,0,0.0,0,0.4,0.4,,,71.0,210.0,22.41964705882353,1.0,Iowa,2019.0,2019.0,TEN,116.0,,
2020,1,00-0035639,P.Campbell,WR,IND,JAX,0,0,0.0,0,0.0,0.0,0.0,1,9.0,0,9,6,71.0,0,8.0,14.0,,,72.0,205.0,23.32729411764706,1.0,Ohio State,2019.0,2019.0,IND,59.0,,0.19565217
2020,2,00-0035639,P.Campbell,WR,IND,MIN,0,0,0.0,0,0.0,0.0,0.0,1,7.0,0,0,0,0.0,0,0.7,0.7,,,72.0,205.0,23.32729411764706,1.0,Ohio State,2019.0,2019.0,IND,59.0,17.0,
2020,1,00-0035640,D.Metcalf,WR,SEA,ATL,0,0,0.0,0,0.0,0.0,0.0,0,0.0,0,8,4,95.0,1,15.5,19.5,,,76.0,230.0,22.91505882352941,1.0,Mississippi,2019.0,2019.0,SEA,64.0,,0.22857143
2020,2,00-0035640,D.Metcalf,WR,SEA,NE,0,0,0.0,0,0.0,0.0,0.0,0,0.0,0,6,4,92.0,1,15.2,19.2,,,76.0,230.0,22.91505882352941,1.0,Mississippi,2019.0,2019.0,SEA,64.0,5.0,0.24
2020,3,00-0035640,D.Metcalf,WR,SEA,DAL,0,0,0.0,0,0.0,0.0,0.0,0,0.0,0,8,4,110.0,1,17.0,21.0,,,76.0,230.0,22.91505882352941,1.0,Mississippi,2019.0,2019.0,SEA,64.0,7.0,0.21052632
2020,4,00-0035640,D.Metcalf,WR,SEA,MIA,0,0,0.0,0,0.0,0.0,0.0,0,0.0,0,6,4,106.0,0,10.6,14.6,,,76.0,230.0,22.91505882352941,1.0,Mississippi,2019.0,2019.0,SEA,64.0,,0.18181819
2020,5,00-0035640,D.Metcalf,WR,SEA,MIN,0,0,0.0,0,0.0,0.0,0.0,0,0.0,0,11,6,93.0,2,21.3,27.3,,,76.0,230.0,22.91505882352941,1.0,Mississippi,2019.0,2019.0,SEA,64.0,1.0,0.36666667
2020,7,00-0035640,D.Metcalf,WR,SEA,ARI,0,0,0.0,0,0.0,0.0,0.0,0,0.0,0,5,2,23.0,0,2.3,4.3,,,76.0,230.0,22.91505882352941,1.0,Mississippi,2019.0,2019.0,SEA,64.0,,0.104166664
2020,8,00-0035640,D.Metcalf,WR,SEA,SF,0,0,0.0,0,0.0,0.0,0.0,0,0.0,0,15,12,161.0,2,28.1,40.1,,,76.0,230.0,22.91505882352941,1.0,Mississippi,2019.0,2019.0,SEA,64.0,10.0,0.41666666
2020,9,00-0035640,D.Metcalf,WR,SEA,BUF,0,0,0.0,0,0.0,0.0,0.0,0,0.0,0,9,7,108.0,1,16.8,23.8,,,76.0,230.0,22.91505882352941,1.0,Mississippi,2019.0,2019.0,SEA,64.0,,0.225
2020,10,00-0035640,D.Metcalf,WR,SEA,LA,0,0,0.0,0,0.0,0.0,0.0,0,0.0,0,4,2,28.0,0,2.8,4.8,,,76.0,230.0,22.91505882352941,1.0,Mississippi,2019.0,2019.0,SEA,64.0,,0.114285715
2020,11,00-0035640,D.Metcalf,WR,SEA,ARI,0,0,0.0,0,0.0,0.0,0.0,0,0.0,0,5,3,46.0,1,10.6,13.6,,,76.0,230.0,22.91505882352941,1.0,Mississippi,2019.0,2019.0,SEA,64.0,7.0,0.18518518
2020,12,00-0035640,D.Metcalf,WR,SEA,PHI,0,0,0.0,0,0.0,0.0,0.0,0,0.0,0,13,10,177.0,0,17.7,27.7,,,76.0,230.0,22.91505882352941,1.0,Mississippi,2019.0,2019.0,SEA,64.0,,0.43333334
2020,13,00-0035640,D.Metcalf,WR,SEA,NYG,0,0,0.0,0,0.0,0.0,0.0,0,0.0,0,8,5,80.0,0,8.0,13.0,,,76.0,230.0,22.91505882352941,1.0,Mississippi,2019.0,2019.0,SEA,64.0,-5.0,0.19512194
2020,14,00-0035640,D.Metcalf,WR,SEA,NYJ,0,0,0.0,0,0.0,0.0,0.0,0,0.0,0,8,6,61.0,1,12.1,18.1,,,76.0,230.0,22.91505882352941,1.0,Mississippi,2019.0,2019.0,SEA,64.0,37.0,0.25
2020,15,00-0035640,D.Metcalf,WR,SEA,WAS,0,0,0.0,0,0.0,0.0,0.0,0,0.0,0,6,5,43.0,0,4.3,9.3,,,76.0,230.0,22.91505882352941,1.0,Mississippi,2019.0,2019.0,SEA,64.0,,0.23076923
2020,16,00-0035640,D.Metcalf,WR,SEA,LA,0,0,0.0,0,0.0,0.0,0.0,0,0.0,0,8,6,59.0,0,5.9,11.9,,,76.0,230.0,22.91505882352941,1.0,Mississippi,2019.0,2019.0,SEA,64.0,11.0,0.27586207
2020,17,00-0035640,D.Metcalf,WR,SEA,SF,0,0,0.0,0,0.0,0.0,0.0,0,0.0,0,9,3,21.0,0,2.1,5.1,,,76.0,230.0,22.91505882352941,1.0,Mississippi,2019.0,2019.0,SEA,64.0,,0.28125
2020,18,00-0035640,D.Metcalf,WR,SEA,LA,0,0,0.0,0,0.0,0.0,0.0,0,0.0,0,11,5,96.0,2,21.6,26.6,,,76.0,230.0,22.91505882352941,1.0,Mississippi,2019.0,2019.0,SEA,64.0,-10.0,0.42307693
2020,1,00-0035644,N.Fant,TE,DEN,TEN,0,0,0.0,0,0.0,0.0,0.0,0,0.0,0,6,5,81.0,1,14.1,19.1,,,76.0,249.0,22.972125,1.0,Iowa,2019.0,2019.0,DEN,20.0,-2.0,0.1875
2020,2,00-0035644,N.Fant,TE,DEN,PIT,0,0,0.0,0,0.0,0.0,0.0,0,0.0,0,5,4,57.0,1,13.7,17.7,,,76.0,249.0,22.972125,1.0,Iowa,2019.0,2019.0,DEN,20.0,,0.13157895
2020,3,00-0035644,N.Fant,TE,DEN,TB,0,0,0.0,0,0.0,0.0,0.0,0,0.0,0,10,5,46.0,0,4.6,9.6,,,76.0,249.0,22.972125,1.0,Iowa,2019.0,2019.0,DEN,20.0,-18.0,0.2631579
2020,4,00-0035644,N.Fant,TE,DEN,NYJ,0,0,0.0,0,0.0,0.0,0.0,0,0.0,0,6,5,35.0,0,3.5,8.5,,,76.0,249.0,22.972125,1.0,Iowa,2019.0,2019.0,DEN,20.0,,0.21428572
2020,7,00-0035644,N.Fant,TE,DEN,KC,0,0,0.0,0,0.0,0.0,0.0,0,0.0,0,7,3,38.0,0,3.8,6.8,,,76.0,249.0,22.972125,1.0,Iowa,2019.0,2019.0,DEN,20.0,-27.0,0.18421052
2020,8,00-0035644,N.Fant,TE,DEN,LAC,0,0,0.0,0,0.0,0.0,0.0,0,0.0,0,9,7,47.0,0,4.7,11.7,,,76.0,249.0,22.972125,1.0,Iowa,2019.0,2019.0,DEN,20.0,1.0,0.23684211
2020,9,00-0035644,N.Fant,TE,DEN,ATL,0,0,0.0,0,0.0,0.0,0.0,0,0.0,0,3,3,45.0,0,4.5,7.5,,,76.0,249.0,22.972125,1.0,Iowa,2019.0,2019.0,DEN,20.0,,0.06666667
2020,10,00-0035644,N.Fant,TE,DEN,LV,0,0,0.0,0,0.0,0.0,0.0,0,0.0,0,7,3,18.0,0,1.8,4.8,,,76.0,249.0,22.972125,1.0,Iowa,2019.0,2019.0,DEN,20.0,,0.15555556
2020,11,00-0035644,N.Fant,TE,DEN,MIA,0,0,0.0,0,0.0,0.0,0.0,0,0.0,0,5,4,55.0,0,5.5,9.5,,,76.0,249.0,22.972125,1.0,Iowa,2019.0,2019.0,DEN,20.0,7.0,0.16666667
2020,12,00-0035644,N.Fant,TE,DEN,NO,0,0,0.0,0,0.0,0.0,0.0,0,0.0,0,2,1,13.0,0,1.3,2.3,,,76.0,249.0,22.972125,1.0,Iowa,2019.0,2019.0,DEN,20.0,-28.0,0.25
2020,13,00-0035644,N.Fant,TE,DEN,KC,0,0,0.0,0,0.0,0.0,0.0,0,0.0,0,7,4,57.0,0,5.7,9.7,,,76.0,249.0,22.972125,1.0,Iowa,2019.0,2019.0,DEN,20.0,,0.25925925
2020,15,00-0035644,N.Fant,TE,DEN,BUF,0,0,0.0,0,0.0,0.0,0.0,0,0.0,0,11,8,68.0,1,12.8,20.8,,,76.0,249.0,22.972125,1.0,Iowa,2019.0,2019.0,DEN,20.0,-29.0,0.34375
2020,16,00-0035644,N.Fant,TE,DEN,LAC,0,0,0.0,0,0.0,0.0,0.0,0,0.0,0,9,6,65.0,0,6.5,12.5,,,76.0,249.0,22.972125,1.0,Iowa,2019.0,2019.0,DEN,20.0,,0.20930232
2020,17,00-0035644,N.Fant,TE,DEN,LV,0,0,0.0,0,0.0,0.0,0.0,0,0.0,0,6,4,48.0,0,4.8,8.8,,,76.0,249.0,22.972125,1.0,Iowa,2019.0,2019.0,DEN,20.0,-1.0,0.15
2020,4,00-0035645,G.Olszewski,WR,NE,KC,0,0,0.0,0,0.0,0.0,0.0,0,0.0,0,1,1,11.0,0,1.1,2.1,,,72.0,190.0,23.9555,1.0,Bemidji State,2019.0,2019.0,,,,0.028571429
2020,8,00-0035645,G.Olszewski,WR,NE,BUF,0,0,0.0,0,0.0,0.0,0.0,1,6.0,0,0,0,0.0,0,0.6,0.6,,,72.0,190.0,23.9555,1.0,Bemidji State,2019.0,2019.0,,,,
2020,9,00-0035645,G.Olszewski,WR,NE,NYJ,0,0,0.0,0,0.0,0.0,0.0,3,16.0,0,1,1,-1.0,0,1.5,2.5,,,72.0,190.0,23.9555,1.0,Bemidji State,2019.0,2019.0,,,,0.029411765
2020,12,00-0035645,G.Olszewski,WR,NE,ARI,0,0,0.0,0,0.0,0.0,0.0,1,1.0,0,0,0,0.0,0,0.1,0.1,,,72.0,190.0,23.9555,1.0,Bemidji State,2019.0,2019.0,,,3.0,
2020,13,00-0035645,G.Olszewski,WR,NE,LAC,0,0,0.0,0,0.0,0.0,0.0,0,0.0,0,1,1,38.0,1,15.8,16.8,,,72.0,190.0,23.9555,1.0,Bemidji State,2019.0,2019.0,,,,0.04761905
2020,17,00-0035645,G.Olszewski,WR,NE,NYJ,0,0,0.0,0,0.0,0.0,0.0,0,0.0,0,2,2,14.0,0,1.4,3.4,,,72.0,190.0,23.9555,1.0,Bemidji State,2019.0,2019.0,,,14.0,0.06666667
2020,11,00-0035652,R.Finley,QB,CIN,WAS,3,10,30.0,0,1.0,4.0,31.0,1,19.0,0,0,0,0.0,0,1.1,1.1,,,76.0,207.0,25.869625,1.0,North Carolina State,2019.0,2019.0,CIN,104.0,,
2020,13,00-0035652,R.Finley,QB,CIN,MIA,6,7,40.0,0,1.0,1.0,7.0,0,0.0,0,0,0,0.0,0,-0.4,-0.4,,,76.0,207.0,25.869625,1.0,North Carolina State,2019.0,2019.0,CIN,104.0,,
2020,14,00-0035652,R.Finley,QB,CIN,DAL,1,2,5.0,0,0.0,2.0,14.0,0,0.0,0,0,0,0.0,0,0.2,0.2,,,76.0,207.0,25.869625,1.0,North Carolina State,2019.0,2019.0,CIN,104.0,-23.0,
2020,15,00-0035652,R.Finley,QB,CIN,PIT,7,13,89.0,1,0.0,2.0,11.0,10,47.0,1,0,0,0.0,0,18.26,18.26,,,76.0,207.0,25.869625,1.0,North Carolina State,2019.0,2019.0,CIN,104.0,10.0,
2020,4,00-0035657,D.Harris,RB,NE,KC,0,0,0.0,0,0.0,0.0,0.0,17,100.0,0,0,0,0.0,0,10.0,10.0,,,71.0,215.0,23.7448125,1.0,Alabama,2019.0,2019.0,NE,87.0,,
2020,6,00-0035657,D.Harris,RB,NE,DEN,0,0,0.0,0,0.0,0.0,0.0,6,19.0,0,1,1,14.0,0,3.3,4.3,,,71.0,215.0,23.7448125,1.0,Alabama,2019.0,2019.0,NE,87.0,-6.0,0.037037037
2020,7,00-0035657,D.Harris,RB,NE,SF,0,0,0.0,0,0.0,0.0,0.0,10,58.0,0,1,1,12.0,0,7.0,8.0,,,71.0,215.0,23.7448125,1.0,Alabama,2019.0,2019.0,NE,87.0,-27.0,0.045454547
2020,8,00-0035657,D.Harris,RB,NE,BUF,0,0,0.0,0,0.0,0.0,0.0,16,102.0,1,0,0,0.0,0,16.2,16.2,,,71.0,215.0,23.7448125,1.0,Alabama,2019.0,2019.0,NE,87.0,,
2020,9,00-0035657,D.Harris,RB,NE,NYJ,0,0,0.0,0,0.0,0.0,0.0,14,71.0,0,0,0,0.0,0,7.1,7.1,,,71.0,215.0,23.7448125,1.0,Alabama,2019.0,2019.0,NE,87.0,,
2020,10,00-0035657,D.Harris,RB,NE,BAL,0,0,0.0,0,0.0,0.0,0.0,22,121.0,0,0,0,0.0,0,12.1,12.1,,,71.0,215.0,23.7448125,1.0,Alabama,2019.0,2019.0,NE,87.0,6.0,
2020,11,00-0035657,D.Harris,RB,NE,HOU,0,0,0.0,0,0.0,0.0,0.0,11,43.0,1,2,1,11.0,0,11.4,12.4,,,71.0,215.0,23.7448125,1.0,Alabama,2019.0,2019.0,NE,87.0,,0.05263158
2020,12,00-0035657,D.Harris,RB,NE,ARI,0,0,0.0,0,0.0,0.0,0.0,14,47.0,0,0,0,0.0,0,4.7,4.7,,,71.0,215.0,23.7448125,1.0,Alabama,2019.0,2019.0,NE,87.0,3.0,
2020,13,00-0035657,D.Harris,RB,NE,LAC,0,0,0.0,0,0.0,0.0,0.0,16,80.0,0,1,1,15.0,0,9.5,10.5,,,71.0,215.0,23.7448125,1.0,Alabama,2019.0,2019.0,NE,87.0,,0.04761905
2020,14,00-0035657,D.Harris,RB,NE,LA,0,0,0.0,0,0.0,0.0,0.0,11,50.0,0,2,1,0.0,0,5.0,6.0,,,71.0,215.0,23.7448125,1.0,Alabama,2019.0,2019.0,NE,87.0,,0.08695652
2020,1,00-0035659,T.McLaurin,WR,WAS,PHI,0,0,0.0,0,0.0,0.0,0.0,0,0.0,0,7,5,61.0,0,6.1,11.1,,,72.0,210.0,25.16070588235294,1.0,Ohio State,2019.0,2019.0,WAS,76.0,10.0,0.23333333
2020,2,00-0035659,T.McLaurin,WR,WAS,ARI,0,0,0.0,0,0.0,0.0,0.0,0,0.0,0,10,7,125.0,1,18.5,25.5,,,72.0,210.0,25.16070588235294,1.0,Ohio State,2019.0,2019.0,WAS,76.0,,0.3030303
2020,3,00-0035659,T.McLaurin,WR,WAS,CLE,0,0,0.0,0,0.0,0.0,0.0,1,3.0,0,8,4,83.0,0,8.6,12.6,,,72.0,210.0,25.16070588235294,1.0,Ohio State,2019.0,2019.0,WAS,76.0,,0.22222222
2020,4,00-0035659,T.McLaurin,WR,WAS,BAL,0,0,0.0,0,0.0,0.0,0.0,0,0.0,0,14,10,118.0,0,11.8,21.8,,,72.0,210.0,25.16070588235294,1.0,Ohio State,2019.0,2019.0,WAS,76.0,-14.0,0.3181818
2020,5,00-0035659,T.McLaurin,WR,WAS,LA,0,0,0.0,0,0.0,0.0,0.0,0,0.0,0,7,3,26.0,0,2.6,5.6,,,72.0,210.0,25.16070588235294,1.0,Ohio State,2019.0,2019.0,WAS,76.0,-20.0,0.25
2020,6,00-0035659,T.McLaurin,WR,WAS,NYG,0,0,0.0,0,0.0,0.0,0.0,0,0.0,0,12,7,74.0,0,7.4,14.4,,,72.0,210.0,25.16070588235294,1.0,Ohio State,2019.0,2019.0,WAS,76.0,,0.3
2020,7,00-0035659,T.McLaurin,WR,WAS,DAL,0,0,0.0,0,0.0,0.0,0.0,0,0.0,0,11,7,90.0,1,15.0,22.0,,,72.0,210.0,25.16070588235294,1.0,Ohio State,2019.0,2019.0,WAS,76.0,22.0,0.52380955
2020,9,00-0035659,T.McLaurin,WR,WAS,NYG,0,0,0.0,0,0.0,0.0,0.0,0,0.0,0,8,7,115.0,1,17.5,24.5,,,72.0,210.0,25.16070588235294,1.0,Ohio State,2019.0,2019.0,WAS,76.0,-3.0,0.20512821
2020,10,00-0035659,T.McLaurin,WR,WAS,DET,0,0,0.0,0,0.0,0.0,0.0,1,27.0,0,9,7,95.0,0,10.2,17.2,,,72.0,210.0,25.16070588235294,1.0,Ohio State,2019.0,2019.0,WAS,76.0,,0.17307693
2020,11,00-0035659,T.McLaurin,WR,WAS,CIN,0,0,0.0,0,0.0,0.0,0.0,0,0.0,0,7,5,84.0,0,8.4,13.4,,,72.0,210.0,25.16070588235294,1.0,Ohio State,2019.0,2019.0,WAS,76.0,11.0,0.29166666
2020,12,00-0035659,T.McLaurin,WR,WAS,DAL,0,0,0.0,0,0.0,0.0,0.0,0,0.0,0,9,7,92.0,0,9.2,16.2,,,72.0,210.0,25.16070588235294,1.0,Ohio State,2019.0,2019.0,WAS,76.0,,0.375
2020,13,00-0035659,T.McLaurin,WR,WAS,PIT,0,0,0.0,0,0.0,0.0,0.0,0,0.0,0,6,2,14.0,0,1.4,3.4,,,72.0,210.0,25.16070588235294,1.0,Ohio State,2019.0,2019.0,WAS,76.0,,0.13636364
2020,14,00-0035659,T.McLaurin,WR,WAS,SF,0,0,0.0,0,0.0,0.0,0.0,0,0.0,0,6,2,24.0,0,2.4,4.4,,,72.0,210.0,25.16070588235294,1.0,Ohio State,2019.0,2019.0,WAS,76.0,,0.20689656
2020,15,00-0035659,T.McLaurin,WR,WAS,SEA,0,0,0.0,0,0.0,0.0,0.0,0,0.0,0,12,7,77.0,0,7.7,14.7,,,72.0,210.0,25.16070588235294,1.0,Ohio State,2019.0,2019.0,WAS,76.0,-5.0,0.2264151
2020,17,00-0035659,T.McLaurin,WR,WAS,PHI,0,0,0.0,0,0.0,0.0,0.0,0,0.0,0,8,7,40.0,1,10.0,17.0,,,72.0,210.0,25.16070588235294,1.0,Ohio State,2019.0,2019.0,WAS,76.0,,0.27586207
2020,18,00-0035659,T.McLaurin,WR,WAS,TB,0,0,0.0,0,0.0,0.0,0.0,0,0.0,0,7,6,75.0,0,7.5,13.5,,,72.0,210.0,25.16070588235294,1.0,Ohio State,2019.0,2019.0,WAS,76.0,-8.0,0.17073171
2020,12,00-0035660,K.Warring,TE,HOU,DET,0,0,0.0,0,0.0,0.0,0.0,0,0.0,0,1,0,0.0,0,0.0,0.0,,,77.0,250.0,23.630625,1.0,San Diego State,2019.0,2019.0,HOU,86.0,,0.04347826
2020,13,00-0035660,K.Warring,TE,HOU,IND,0,0,0.0,0,0.0,0.0,0.0,0,0.0,0,1,0,0.0,0,0.0,0.0,,,77.0,250.0,23.630625,1.0,San Diego State,2019.0,2019.0,HOU,86.0,-6.0,0.027027028
2020,15,00-0035660,K.Warring,TE,HOU,IND,0,0,0.0,0,0.0,0.0,0.0,0,0.0,0,2,2,32.0,0,3.2,5.2,,,77.0,250.0,23.630625,1.0,San Diego State,2019.0,2019.0,HOU,86.0,,0.05263158
2020,16,00-0035660,K.Warring,TE,HOU,CIN,0,0,0.0,0,0.0,0.0,0.0,0,0.0,0,3,1,3.0,0,0.3,1.3,,,77.0,250.0,23.630625,1.0,San Diego State,2019.0,2019.0,HOU,86.0,-6.0,0.09090909
2020,1,00-0035662,M.Brown,WR,BAL,CLE,0,0,0.0,0,0.0,0.0,0.0,0,0.0,0,6,5,101.0,0,10.1,15.1,,,69.0,170.0,23.453833333333332,1.0,Oklahoma,2019.0,2019.0,BAL,25.0,32.0,0.24
2020,2,00-0035662,M.Brown,WR,BAL,HOU,0,0,0.0,0,0.0,0.0,0.0,0,0.0,0,6,5,42.0,0,4.2,9.2,,,69.0,170.0,23.453833333333332,1.0,Oklahoma,2019.0,2019.0,BAL,25.0,,0.26086956
2020,3,00-0035662,M.Brown,WR,BAL,KC,0,0,0.0,0,0.0,0.0,0.0,0,0.0,0,6,2,13.0,0,1.3,3.3,,,69.0,170.0,23.453833333333332,1.0,Oklahoma,2019.0,2019.0,BAL,25.0,-14.0,0.22222222
2020,4,00-0035662,M.Brown,WR,BAL,WAS,0,0,0.0,0,0.0,0.0,0.0,0,0.0,0,8,4,86.0,0,8.6,12.6,,,69.0,170.0,23.453833333333332,1.0,Oklahoma,2019.0,2019.0,BAL,25.0,,0.3478261
2020,5,00-0035662,M.Brown,WR,BAL,CIN,0,0,0.0,0,0.0,0.0,0.0,1,1.0,0,10,6,77.0,1,13.8,19.8,,,69.0,170.0,23.453833333333332,1.0,Oklahoma,2019.0,2019.0,BAL,25.0,24.0,0.2777778
2020,6,00-0035662,M.Brown,WR,BAL,PHI,0,0,0.0,0,0.0,0.0,0.0,0,0.0,0,6,4,57.0,0,5.7,9.7,,,69.0,170.0,23.453833333333332,1.0,Oklahoma,2019.0,2019.0,BAL,25.0,,0.24
2020,8,00-0035662,M.Brown,WR,BAL,PIT,0,0,0.0,0,0.0,0.0,0.0,0,0.0,0,2,1,3.0,1,6.3,7.3,,,69.0,170.0,23.453833333333332,1.0,Oklahoma,2019.0,2019.0,BAL,25.0,-4.0,0.07692308
2020,9,00-0035662,M.Brown,WR,BAL,IND,0,0,0.0,0,0.0,0.0,0.0,0,0.0,0,5,3,38.0,0,3.8,6.8,,,69.0,170.0,23.453833333333332,1.0,Oklahoma,2019.0,2019.0,BAL,25.0,,0.2173913
2020,10,00-0035662,M.Brown,WR,BAL,NE,0,0,0.0,0,0.0,0.0,0.0,0,0.0,0,7,2,14.0,0,1.4,3.4,,,69.0,170.0,23.453833333333332,1.0,Oklahoma,2019.0,2019.0,BAL,25.0,,0.20588236
2020,11,00-0035662,M.Brown,WR,BAL,TEN,0,0,0.0,0,0.0,0.0,0.0,0,0.0,0,3,0,0.0,0,0.0,0.0,,,69.0,170.0,23.453833333333332,1.0,Oklahoma,2019.0,2019.0,BAL,25.0,-6.0,0.10714286
2020,12,00-0035662,M.Brown,WR,BAL,PIT,0,0,0.0,0,0.0,0.0,0.0,0,0.0,0,8,4,85.0,1,14.5,18.5,,,69.0,170.0,23.453833333333332,1.0,Oklahoma,2019.0,2019.0,BAL,25.0,,0.44444445
2020,13,00-0035662,M.Brown,WR,BAL,DAL,0,0,0.0,0,0.0,0.0,0.0,0,0.0,0,8,5,39.0,1,9.9,14.9,,,69.0,170.0,23.453833333333332,1.0,Oklahoma,2019.0,2019.0,BAL,25.0,17.0,0.47058824
2020,14,00-0035662,M.Brown,WR,BAL,CLE,0,0,0.0,0,0.0,0.0,0.0,0,0.0,0,6,2,50.0,1,11.0,13.0,,,69.0,170.0,23.453833333333332,1.0,Oklahoma,2019.0,2019.0,BAL,25.0,,0.31578946
2020,15,00-0035662,M.Brown,WR,BAL,JAX,0,0,0.0,0,0.0,0.0,0.0,0,0.0,0,7,6,98.0,0,9.8,15.8,,,69.0,170.0,23.453833333333332,1.0,Oklahoma,2019.0,2019.0,BAL,25.0,26.0,0.26923078
2020,16,00-0035662,M.Brown,WR,BAL,NYG,0,0,0.0,0,0.0,0.0,0.0,0,0.0,0,4,4,25.0,1,8.5,12.5,,,69.0,170.0,23.453833333333332,1.0,Oklahoma,2019.0,2019.0,BAL,25.0,14.0,0.17391305
2020,17,00-0035662,M.Brown,WR,BAL,CIN,0,0,0.0,0,0.0,0.0,0.0,0,0.0,0,8,5,41.0,2,16.1,21.1,,,69.0,170.0,23.453833333333332,1.0,Oklahoma,2019.0,2019.0,BAL,25.0,,0.42105263
2020,18,00-0035662,M.Brown,WR,BAL,TEN,0,0,0.0,0,0.0,0.0,0.0,2,19.0,0,9,7,109.0,0,12.8,19.8,,,69.0,170.0,23.453833333333332,1.0,Oklahoma,2019.0,2019.0,BAL,25.0,,0.375
2020,19,00-0035662,M.Brown,WR,BAL,BUF,0,0,0.0,0,0.0,0.0,0.0,0,0.0,0,7,4,87.0,0,8.7,12.7,,,69.0,170.0,23.453833333333332,1.0,Oklahoma,2019.0,2019.0,BAL,25.0,,0.2
2020,1,00-0035664,D.Henderson,RB,LA,DAL,0,0,0.0,0,0.0,0.0,0.0,3,6.0,0,0,0,0.0,0,0.6,0.6,,,68.0,200.0,23.242222222222225,1.0,Memphis,2019.0,2019.0,LAR,70.0,3.0,
2020,2,00-0035664,D.Henderson,RB,LA,PHI,0,0,0.0,0,0.0,0.0,0.0,12,81.0,1,3,2,40.0,0,18.1,20.1,,,68.0,200.0,23.242222222222225,1.0,Memphis,2019.0,2019.0,LAR,70.0,,0.115384616
2020,3,00-0035664,D.Henderson,RB,LA,BUF,0,0,0.0,0,0.0,0.0,0.0,20,114.0,1,3,1,6.0,0,18.0,19.0,,,68.0,200.0,23.242222222222225,1.0,Memphis,2019.0,2019.0,LAR,70.0,,0.09677419
2020,4,00-0035664,D.Henderson,RB,LA,NYG,0,0,0.0,0,0.0,0.0,0.0,8,21.0,0,1,1,16.0,0,3.7,4.7,,,68.0,200.0,23.242222222222225,1.0,Memphis,2019.0,2019.0,LAR,70.0,8.0,0.03125
2020,5,00-0035664,D.Henderson,RB,LA,WAS,0,0,0.0,0,0.0,0.0,0.0,15,38.0,1,4,3,30.0,1,18.8,21.8,,,68.0,200.0,23.242222222222225,1.0,Memphis,2019.0,2019.0,LAR,70.0,,0.13793103
2020,6,00-0035664,D.Henderson,RB,LA,SF,0,0,0.0,0,0.0,0.0,0.0,14,88.0,0,0,0,0.0,0,8.8,8.8,,,68.0,200.0,23.242222222222225,1.0,Memphis,2019.0,2019.0,LAR,70.0,,
2020,7,00-0035664,D.Henderson,RB,LA,CHI,0,0,0.0,0,0.0,0.0,0.0,15,63.0,0,2,2,13.0,0,7.6,9.6,,,68.0,200.0,23.242222222222225,1.0,Memphis,2019.0,2019.0,LAR,70.0,14.0,0.06451613
2020,8,00-0035664,D.Henderson,RB,LA,MIA,0,0,0.0,0,0.0,0.0,0.0,8,47.0,0,2,1,11.0,0,5.8,6.8,,,68.0,200.0,23.242222222222225,1.0,Memphis,2019.0,2019.0,LAR,70.0,,0.03508772
2020,10,00-0035664,D.Henderson,RB,LA,SEA,0,0,0.0,0,0.0,0.0,0.0,7,28.0,1,1,1,5.0,0,9.3,10.3,,,68.0,200.0,23.242222222222225,1.0,Memphis,2019.0,2019.0,LAR,70.0,7.0,0.027777778
2020,11,00-0035664,D.Henderson,RB,LA,TB,0,0,0.0,0,0.0,0.0,0.0,8,5.0,0,3,2,4.0,0,0.9,2.9,,,68.0,200.0,23.242222222222225,1.0,Memphis,2019.0,2019.0,LAR,70.0,,0.06122449
2020,12,00-0035664,D.Henderson,RB,LA,SF,0,0,0.0,0,0.0,0.0,0.0,10,19.0,0,1,0,0.0,0,1.9,1.9,,,68.0,200.0,23.242222222222225,1.0,Memphis,2019.0,2019.0,LAR,70.0,-3.0,0.033333335
2020,13,00-0035664,D.Henderson,RB,LA,ARI,0,0,0.0,0,0.0,0.0,0.0,3,49.0,1,3,2,25.0,0,13.4,15.4,,,68.0,200.0,23.242222222222225,1.0,Memphis,2019.0,2019.0,LAR,70.0,,0.06818182
2020,14,00-0035664,D.Henderson,RB,LA,NE,0,0,0.0,0,0.0,0.0,0.0,2,5.0,0,0,0,0.0,0,0.5,0.5,,,68.0,200.0,23.242222222222225,1.0,Memphis,2019.0,2019.0,LAR,70.0,21.0,
2020,15,00-0035664,D.Henderson,RB,LA,NYJ,0,0,0.0,0,0.0,0.0,0.0,1,-2.0,0,1,1,5.0,0,0.3,1.3,,,68.0,200.0,23.242222222222225,1.0,Memphis,2019.0,2019.0,LAR,70.0,-3.0,0.033333335
2020,16,00-0035664,D.Henderson,RB,LA,SEA,0,0,0.0,0,0.0,0.0,0.0,12,62.0,0,0,0,0.0,0,6.2,6.2,,,68.0,200.0,23.242222222222225,1.0,Memphis,2019.0,2019.0,LAR,70.0,,
2020,1,00-0035671,J.Sternberger,TE,GB,MIN,0,0,0.0,0,0.0,0.0,0.0,0,0.0,0,1,0,0.0,0,0.0,0.0,,,76.0,250.0,24.395555555555557,1.0,Texas A&amp;M,2019.0,2019.0,GB,75.0,,0.024390243
2020,2,00-0035671,J.Sternberger,TE,GB,DET,0,0,0.0,0,0.0,0.0,0.0,0,0.0,0,1,0,0.0,0,0.0,0.0,,,76.0,250.0,24.395555555555557,1.0,Texas A&amp;M,2019.0,2019.0,GB,75.0,21.0,0.033333335
2020,3,00-0035671,J.Sternberger,TE,GB,NO,0,0,0.0,0,0.0,0.0,0.0,0,0.0,0,3,3,36.0,0,3.6,6.6,,,76.0,250.0,24.395555555555557,1.0,Texas A&amp;M,2019.0,2019.0,GB,75.0,,0.1
2020,7,00-0035671,J.Sternberger,TE,GB,HOU,0,0,0.0,0,0.0,0.0,0.0,0,0.0,0,1,1,3.0,1,6.3,7.3,,,76.0,250.0,24.395555555555557,1.0,Texas A&amp;M,2019.0,2019.0,GB,75.0,,0.029411765
2020,8,00-0035671,J.Sternberger,TE,GB,MIN,0,0,0.0,0,0.0,0.0,0.0,0,0.0,0,4,3,46.0,0,4.6,7.6,,,76.0,250.0,24.395555555555557,1.0,Texas A&amp;M,2019.0,2019.0,GB,75.0,-6.0,0.10526316
2020,9,00-0035671,J.Sternberger,TE,GB,SF,0,0,0.0,0,0.0,0.0,0.0,0,0.0,0,1,1,1.0,0,0.1,1.1,,,76.0,250.0,24.395555555555557,1.0,Texas A&amp;M,2019.0,2019.0,GB,75.0,,0.033333335
2020,11,00-0035671,J.Sternberger,TE,GB,IND,0,0,0.0,0,0.0,0.0,0.0,0,0.0,0,3,3,23.0,0,2.3,5.3,,,76.0,250.0,24.395555555555557,1.0,Texas A&amp;M,2019.0,2019.0,GB,75.0,,0.08571429
2020,12,00-0035671,J.Sternberger,TE,GB,CHI,0,0,0.0,0,0.0,0.0,0.0,0,0.0,0,1,1,5.0,0,0.5,1.5,,,76.0,250.0,24.395555555555557,1.0,Texas A&amp;M,2019.0,2019.0,GB,75.0,16.0,0.03448276
2020,1,00-0035676,A.Brown,WR,TEN,DEN,0,0,0.0,0,0.0,0.0,0.0,0,0.0,0,8,5,39.0,0,3.9,8.9,,,72.0,226.0,23.37505882352941,1.0,Mississippi,2019.0,2019.0,TEN,51.0,,0.2
2020,5,00-0035676,A.Brown,WR,TEN,BUF,0,0,0.0,0,0.0,0.0,0.0,0,0.0,0,9,7,82.0,1,14.2,21.2,,,72.0,226.0,23.37505882352941,1.0,Mississippi,2019.0,2019.0,TEN,51.0,26.0,0.32142857
2020,6,00-0035676,A.Brown,WR,TEN,HOU,0,0,0.0,0,0.0,0.0,0.0,0,0.0,0,7,5,58.0,2,17.8,22.8,,,72.0,226.0,23.37505882352941,1.0,Mississippi,2019.0,2019.0,TEN,51.0,6.0,0.17073171
2020,7,00-0035676,A.Brown,WR,TEN,PIT,0,0,0.0,0,0.0,0.0,0.0,0,0.0,0,8,6,153.0,1,21.3,27.3,,,72.0,226.0,23.37505882352941,1.0,Mississippi,2019.0,2019.0,TEN,51.0,-3.0,0.26666668
2020,8,00-0035676,A.Brown,WR,TEN,CIN,0,0,0.0,0,0.0,0.0,0.0,0,0.0,0,7,4,24.0,1,8.4,12.4,,,72.0,226.0,23.37505882352941,1.0,Mississippi,2019.0,2019.0,TEN,51.0,,0.2413793
2020,9,00-0035676,A.Brown,WR,TEN,CHI,0,0,0.0,0,0.0,0.0,0.0,0,0.0,0,9,4,101.0,1,16.1,20.1,,,72.0,226.0,23.37505882352941,1.0,Mississippi,2019.0,2019.0,TEN,51.0,7.0,0.42857143
2020,10,00-0035676,A.Brown,WR,TEN,IND,0,0,0.0,0,0.0,0.0,0.0,0,0.0,0,4,1,21.0,0,2.1,3.1,,,72.0,226.0,23.37505882352941,1.0,Mississippi,2019.0,2019.0,TEN,51.0,-17.0,0.14814815
2020,11,00-0035676,A.Brown,WR,TEN,BAL,0,0,0.0,0,0.0,0.0,0.0,0,0.0,0,7,4,62.0,1,12.2,16.2,,,72.0,226.0,23.37505882352941,1.0,Mississippi,2019.0,2019.0,TEN,51.0,,0.21875
2020,12,00-0035676,A.Brown,WR,TEN,IND,0,0,0.0,0,0.0,0.0,0.0,0,0.0,0,6,4,98.0,1,21.8,25.8,,,72.0,226.0,23.37505882352941,1.0,Mississippi,2019.0,2019.0,TEN,51.0,,0.3
2020,13,00-0035676,A.Brown,WR,TEN,CLE,0,0,0.0,0,0.0,0.0,0.0,0,0.0,0,7,4,87.0,0,6.7,10.7,,,72.0,226.0,23.37505882352941,1.0,Mississippi,2019.0,2019.0,TEN,51.0,-6.0,0.16666667
2020,14,00-0035676,A.Brown,WR,TEN,JAX,0,0,0.0,0,0.0,0.0,0.0,0,0.0,0,9,7,112.0,1,17.2,24.2,,,72.0,226.0,23.37505882352941,1.0,Mississippi,2019.0,2019.0,TEN,51.0,,0.39130434
2020,15,00-0035676,A.Brown,WR,TEN,DET,0,0,0.0,0,0.0,0.0,0.0,0,0.0,0,6,5,44.0,1,10.4,15.4,,,72.0,226.0,23.37505882352941,1.0,Mississippi,2019.0,2019.0,TEN,51.0,21.0,0.23076923
2020,16,00-0035676,A.Brown,WR,TEN,GB,0,0,0.0,0,0.0,0.0,0.0,0,0.0,0,8,4,43.0,0,4.3,8.3,,,72.0,226.0,23.37505882352941,1.0,Mississippi,2019.0,2019.0,TEN,51.0,,0.32
2020,17,00-0035676,A.Brown,WR,TEN,HOU,0,0,0.0,0,0.0,0.0,0.0,0,0.0,0,11,10,151.0,1,21.1,31.1,,,72.0,226.0,23.37505882352941,1.0,Mississippi,2019.0,2019.0,TEN,51.0,,0.4074074
2020,18,00-0035676,A.Brown,WR,TEN,BAL,0,0,0.0,0,0.0,0.0,0.0,0,0.0,0,10,6,83.0,1,14.3,20.3,,,72.0,226.0,23.37505882352941,1.0,Mississippi,2019.0,2019.0,TEN,51.0,-7.0,0.3846154
2020,1,00-0035685,D.Montgomery,RB,CHI,DET,0,0,0.0,0,0.0,0.0,0.0,13,64.0,0,3,1,10.0,0,7.4,8.4,,,71.0,222.0,23.429941176470585,1.0,Iowa State,2019.0,2019.0,CHI,73.0,,0.083333336
2020,2,00-0035685,D.Montgomery,RB,CHI,NYG,0,0,0.0,0,0.0,0.0,0.0,16,82.0,0,3,3,45.0,1,18.7,21.7,,,71.0,222.0,23.429941176470585,1.0,Iowa State,2019.0,2019.0,CHI,73.0,4.0,0.10714286
2020,3,00-0035685,D.Montgomery,RB,CHI,ATL,0,0,0.0,0,0.0,0.0,0.0,14,45.0,0,3,2,9.0,0,5.4,7.4,,,71.0,222.0,23.429941176470585,1.0,Iowa State,2019.0,2019.0,CHI,73.0,,0.06122449
2020,4,00-0035685,D.Montgomery,RB,CHI,IND,0,0,0.0,0,0.0,0.0,0.0,10,27.0,0,6,3,30.0,0,7.7,10.7,,,71.0,222.0,23.429941176470585,1.0,Iowa State,2019.0,2019.0,CHI,73.0,-8.0,0.14285715
2020,5,00-0035685,D.Montgomery,RB,CHI,TB,0,0,0.0,0,0.0,0.0,0.0,10,29.0,1,8,7,30.0,0,11.9,18.9,,,71.0,222.0,23.429941176470585,1.0,Iowa State,2019.0,2019.0,CHI,73.0,1.0,0.1904762
2020,6,00-0035685,D.Montgomery,RB,CHI,CAR,0,0,0.0,0,0.0,0.0,0.0,19,58.0,0,5,4,39.0,0,9.7,13.7,,,71.0,222.0,23.429941176470585,1.0,Iowa State,2019.0,2019.0,CHI,73.0,,0.1388889
2020,7,00-0035685,D.Montgomery,RB,CHI,LA,0,0,0.0,0,0.0,0.0,0.0,14,48.0,0,5,5,21.0,0,6.9,11.9,,,71.0,222.0,23.429941176470585,1.0,Iowa State,2019.0,2019.0,CHI,73.0,,0.13157895
2020,8,00-0035685,D.Montgomery,RB,CHI,NO,0,0,0.0,0,0.0,0.0,0.0,21,89.0,0,5,2,16.0,0,10.5,12.5,,,71.0,222.0,23.429941176470585,1.0,Iowa State,2019.0,2019.0,CHI,73.0,-3.0,0.12195122
2020,9,00-0035685,D.Montgomery,RB,CHI,TEN,0,0,0.0,0,0.0,0.0,0.0,14,30.0,0,3,3,12.0,0,2.2,5.2,,,71.0,222.0,23.429941176470585,1.0,Iowa State,2019.0,2019.0,CHI,73.0,,0.06382979
2020,12,00-0035685,D.Montgomery,RB,CHI,GB,0,0,0.0,0,0.0,0.0,0.0,11,103.0,0,6,5,40.0,1,20.3,25.3,,,71.0,222.0,23.429941176470585,1.0,Iowa State,2019.0,2019.0,CHI,73.0,,0.13636364
2020,13,00-0035685,D.Montgomery,RB,CHI,DET,0,0,0.0,0,0.0,0.0,0.0,17,72.0,2,4,4,39.0,0,23.1,27.1,,,71.0,222.0,23.429941176470585,1.0,Iowa State,2019.0,2019.0,CHI,73.0,-4.0,0.121212125
2020,14,00-0035685,D.Montgomery,RB,CHI,HOU,0,0,0.0,0,0.0,0.0,0.0,11,113.0,1,4,3,42.0,0,21.5,24.5,,,71.0,222.0,23.429941176470585,1.0,Iowa State,2019.0,2019.0,CHI,73.0,29.0,0.121212125
2020,15,00-0035685,D.Montgomery,RB,CHI,MIN,0,0,0.0,0,0.0,0.0,0.0,32,146.0,2,2,1,16.0,0,28.2,29.2,,,71.0,222.0,23.429941176470585,1.0,Iowa State,2019.0,2019.0,CHI,73.0,,0.0952381
2020,16,00-0035685,D.Montgomery,RB,CHI,JAX,0,0,0.0,0,0.0,0.0,0.0,23,95.0,1,2,2,26.0,0,18.1,20.1,,,71.0,222.0,23.429941176470585,1.0,Iowa State,2019.0,2019.0,CHI,73.0,,0.055555556
2020,17,00-0035685,D.Montgomery,RB,CHI,GB,0,0,0.0,0,0.0,0.0,0.0,22,69.0,1,9,9,63.0,0,19.2,28.2,,,71.0,222.0,23.429941176470585,1.0,Iowa State,2019.0,2019.0,CHI,73.0,-19.0,0.2195122
2020,18,00-0035685,D.Montgomery,RB,CHI,NO,0,0,0.0,0,0.0,0.0,0.0,12,31.0,0,1,0,0.0,0,3.1,3.1,,,71.0,222.0,23.429941176470585,1.0,Iowa State,2019.0,2019.0,CHI,73.0,,0.037037037
2020,1,00-0035689,D.Knox,TE,BUF,NYJ,0,0,0.0,0,0.0,0.0,0.0,0,0.0,0,3,2,26.0,0,2.6,4.6,,,76.0,254.0,24.012,1.0,Mississippi,2019.0,2019.0,BUF,96.0,10.0,0.06666667
2020,2,00-0035689,D.Knox,TE,BUF,MIA,0,0,0.0,0,0.0,0.0,0.0,0,0.0,0,3,1,36.0,0,1.6,2.6,,,76.0,254.0,24.012,1.0,Mississippi,2019.0,2019.0,BUF,96.0,,0.08571429
2020,4,00-0035689,D.Knox,TE,BUF,LV,0,0,0.0,0,0.0,0.0,0.0,0,0.0,0,3,2,16.0,0,1.6,3.6,,,76.0,254.0,24.012,1.0,Mississippi,2019.0,2019.0,BUF,96.0,,0.09375
2020,5,00-0035689,D.Knox,TE,BUF,TEN,0,0,0.0,0,0.0,0.0,0.0,0,0.0,0,3,1,15.0,0,1.5,2.5,,,76.0,254.0,24.012,1.0,Mississippi,2019.0,2019.0,BUF,96.0,,0.06666667
2020,10,00-0035689,D.Knox,TE,BUF,ARI,0,0,0.0,0,0.0,0.0,0.0,0,0.0,0,4,2,16.0,0,1.6,3.6,,,76.0,254.0,24.012,1.0,Mississippi,2019.0,2019.0,BUF,96.0,,0.08888889
2020,12,00-0035689,D.Knox,TE,BUF,LAC,0,0,0.0,0,0.0,0.0,0.0,0,0.0,0,1,1,2.0,1,6.2,7.2,,,76.0,254.0,24.012,1.0,Mississippi,2019.0,2019.0,BUF,96.0,10.0,0.041666668
2020,13,00-0035689,D.Knox,TE,BUF,SF,0,0,0.0,0,0.0,0.0,0.0,0,0.0,0,4,4,27.0,1,8.7,12.7,,,76.0,254.0,24.012,1.0,Mississippi,2019.0,2019.0,BUF,96.0,,0.10810811
2020,14,00-0035689,D.Knox,TE,BUF,PIT,0,0,0.0,0,0.0,0.0,0.0,0,0.0,0,7,4,34.0,0,1.4,5.4,,,76.0,254.0,24.012,1.0,Mississippi,2019.0,2019.0,BUF,96.0,11.0,0.16666667
2020,15,00-0035689,D.Knox,TE,BUF,DEN,0,0,0.0,0,0.0,0.0,0.0,0,0.0,0,4,2,36.0,1,9.6,11.6,,,76.0,254.0,24.012,1.0,Mississippi,2019.0,2019.0,BUF,96.0,,0.10526316
2020,16,00-0035689,D.Knox,TE,BUF,NE,0,0,0.0,0,0.0,0.0,0.0,0,0.0,0,4,3,51.0,0,5.1,8.1,,,76.0,254.0,24.012,1.0,Mississippi,2019.0,2019.0,BUF,96.0,,0.10526316
2020,17,00-0035689,D.Knox,TE,BUF,MIA,0,0,0.0,0,0.0,0.0,0.0,0,0.0,0,8,2,29.0,0,2.9,4.9,,,76.0,254.0,24.012,1.0,Mississippi,2019.0,2019.0,BUF,96.0,30.0,0.21621622
2020,18,00-0035689,D.Knox,TE,BUF,IND,0,0,0.0,0,0.0,0.0,0.0,0,0.0,0,3,2,5.0,1,6.5,8.5,,,76.0,254.0,24.012,1.0,Mississippi,2019.0,2019.0,BUF,96.0,3.0,0.0882353
2020,19,00-0035689,D.Knox,TE,BUF,BAL,0,0,0.0,0,0.0,0.0,0.0,0,0.0,0,2,2,18.0,0,1.8,3.8,,,76.0,254.0,24.012,1.0,Mississippi,2019.0,2019.0,BUF,96.0,14.0,0.057142857
2020,20,00-0035689,D.Knox,TE,BUF,KC,0,0,0.0,0,0.0,0.0,0.0,0,0.0,0,8,6,42.0,1,10.2,16.2,,,76.0,254.0,24.012,1.0,Mississippi,2019.0,2019.0,BUF,96.0,,0.18181819
2020,1,00-0035700,J.Jacobs,RB,LV,CAR,0,0,0.0,0,0.0,0.0,0.0,25,93.0,3,6,4,46.0,0,31.9,35.9,,,70.0,220.0,22.743625,1.0,Alabama,2019.0,2019.0,OAK,24.0,,0.21428572
2020,2,00-0035700,J.Jacobs,RB,LV,NO,0,0,0.0,0,0.0,0.0,0.0,27,88.0,0,3,3,17.0,0,10.5,13.5,,,70.0,220.0,22.743625,1.0,Alabama,2019.0,2019.0,OAK,24.0,10.0,0.0882353
2020,3,00-0035700,J.Jacobs,RB,LV,NE,0,0,0.0,0,0.0,0.0,0.0,16,71.0,0,4,3,12.0,0,6.3,9.3,,,70.0,220.0,22.743625,1.0,Alabama,2019.0,2019.0,OAK,24.0,,0.125
2020,4,00-0035700,J.Jacobs,RB,LV,BUF,0,0,0.0,0,0.0,0.0,0.0,15,48.0,0,4,3,25.0,0,7.3,10.3,,,70.0,220.0,22.743625,1.0,Alabama,2019.0,2019.0,OAK,24.0,-7.0,0.093023255
2020,5,00-0035700,J.Jacobs,RB,LV,KC,0,0,0.0,0,0.0,0.0,0.0,23,77.0,2,3,2,8.0,0,20.5,22.5,,,70.0,220.0,22.743625,1.0,Alabama,2019.0,2019.0,OAK,24.0,,0.09677419
2020,7,00-0035700,J.Jacobs,RB,LV,TB,0,0,0.0,0,0.0,0.0,0.0,10,17.0,0,4,3,14.0,0,3.1,6.1,,,70.0,220.0,22.743625,1.0,Alabama,2019.0,2019.0,OAK,24.0,-25.0,0.11111111
2020,8,00-0035700,J.Jacobs,RB,LV,CLE,0,0,0.0,0,0.0,0.0,0.0,31,129.0,0,1,0,0.0,0,12.9,12.9,,,70.0,220.0,22.743625,1.0,Alabama,2019.0,2019.0,OAK,24.0,,0.045454547
2020,9,00-0035700,J.Jacobs,RB,LV,LAC,0,0,0.0,0,0.0,0.0,0.0,14,65.0,1,1,1,3.0,0,12.8,13.8,,,70.0,220.0,22.743625,1.0,Alabama,2019.0,2019.0,OAK,24.0,,0.04347826
2020,10,00-0035700,J.Jacobs,RB,LV,DEN,0,0,0.0,0,0.0,0.0,0.0,21,112.0,2,4,4,24.0,0,25.6,29.6,,,70.0,220.0,22.743625,1.0,Alabama,2019.0,2019.0,OAK,24.0,25.0,0.18181819
2020,11,00-0035700,J.Jacobs,RB,LV,KC,0,0,0.0,0,0.0,0.0,0.0,17,55.0,1,1,1,9.0,0,12.4,13.4,,,70.0,220.0,22.743625,1.0,Alabama,2019.0,2019.0,OAK,24.0,-4.0,0.03448276
2020,12,00-0035700,J.Jacobs,RB,LV,ATL,0,0,0.0,0,0.0,0.0,0.0,7,27.0,0,3,3,17.0,0,2.4,5.4,,,70.0,220.0,22.743625,1.0,Alabama,2019.0,2019.0,OAK,24.0,,0.08108108
2020,14,00-0035700,J.Jacobs,RB,LV,IND,0,0,0.0,0,0.0,0.0,0.0,13,49.0,0,5,3,25.0,0,7.4,10.4,,,70.0,220.0,22.743625,1.0,Alabama,2019.0,2019.0,OAK,24.0,-17.0,0.11111111
2020,15,00-0035700,J.Jacobs,RB,LV,LAC,0,0,0.0,0,0.0,0.0,0.0,26,76.0,1,3,3,38.0,0,17.4,20.4,,,70.0,220.0,22.743625,1.0,Alabama,2019.0,2019.0,OAK,24.0,-3.0,0.1
2020,16,00-0035700,J.Jacobs,RB,LV,MIA,0,0,0.0,0,0.0,0.0,0.0,13,69.0,0,2,0,0.0,0,6.9,6.9,,,70.0,220.0,22.743625,1.0,Alabama,2019.0,2019.0,OAK,24.0,-1.0,0.06666667
2020,17,00-0035700,J.Jacobs,RB,LV,DEN,0,0,0.0,0,0.0,0.0,0.0,15,89.0,2,1,0,0.0,0,20.9,20.9,,,70.0,220.0,22.743625,1.0,Alabama,2019.0,2019.0,OAK,24.0,,0.028571429
2020,1,00-0035703,M.Boykin,WR,BAL,CLE,0,0,0.0,0,0.0,0.0,0.0,0,0.0,0,4,3,37.0,0,3.7,6.7,,,76.0,220.0,24.097166666666666,1.0,Notre Dame,2019.0,2019.0,BAL,93.0,32.0,0.16
2020,2,00-0035703,M.Boykin,WR,BAL,HOU,0,0,0.0,0,0.0,0.0,0.0,0,0.0,0,5,4,38.0,0,3.8,7.8,,,76.0,220.0,24.097166666666666,1.0,Notre Dame,2019.0,2019.0,BAL,93.0,,0.2173913
2020,3,00-0035703,M.Boykin,WR,BAL,KC,0,0,0.0,0,0.0,0.0,0.0,0,0.0,0,2,1,8.0,0,0.8,1.8,,,76.0,220.0,24.097166666666666,1.0,Notre Dame,2019.0,2019.0,BAL,93.0,-14.0,0.074074075
2020,4,00-0035703,M.Boykin,WR,BAL,WAS,0,0,0.0,0,0.0,0.0,0.0,0,0.0,0,4,2,28.0,0,2.8,4.8,,,76.0,220.0,24.097166666666666,1.0,Notre Dame,2019.0,2019.0,BAL,93.0,,0.17391305
2020,5,00-0035703,M.Boykin,WR,BAL,CIN,0,0,0.0,0,0.0,0.0,0.0,0,0.0,0,2,0,0.0,0,0.0,0.0,,,76.0,220.0,24.097166666666666,1.0,Notre Dame,2019.0,2019.0,BAL,93.0,24.0,0.055555556
2020,6,00-0035703,M.Boykin,WR,BAL,PHI,0,0,0.0,0,0.0,0.0,0.0,0,0.0,0,2,1,11.0,0,1.1,2.1,,,76.0,220.0,24.097166666666666,1.0,Notre Dame,2019.0,2019.0,BAL,93.0,,0.08
2020,8,00-0035703,M.Boykin,WR,BAL,PIT,0,0,0.0,0,0.0,0.0,0.0,0,0.0,0,3,2,20.0,1,8.0,10.0,,,76.0,220.0,24.097166666666666,1.0,Notre Dame,2019.0,2019.0,BAL,93.0,-4.0,0.115384616
2020,9,00-0035703,M.Boykin,WR,BAL,IND,0,0,0.0,0,0.0,0.0,0.0,0,0.0,0,1,1,11.0,0,1.1,2.1,,,76.0,220.0,24.097166666666666,1.0,Notre Dame,2019.0,2019.0,BAL,93.0,,0.04347826
2020,13,00-0035703,M.Boykin,WR,BAL,DAL,0,0,0.0,0,0.0,0.0,0.0,0,0.0,0,3,1,38.0,1,9.8,10.8,,,76.0,220.0,24.097166666666666,1.0,Notre Dame,2019.0,2019.0,BAL,93.0,17.0,0.1764706
2020,14,00-0035703,M.Boykin,WR,BAL,CLE,0,0,0.0,0,0.0,0.0,0.0,0,0.0,0,1,1,15.0,0,1.5,2.5,,,76.0,220.0,24.097166666666666,1.0,Notre Dame,2019.0,2019.0,BAL,93.0,,0.05263158
2020,15,00-0035703,M.Boykin,WR,BAL,JAX,0,0,0.0,0,0.0,0.0,0.0,0,0.0,0,2,1,4.0,1,6.4,7.4,,,76.0,220.0,24.097166666666666,1.0,Notre Dame,2019.0,2019.0,BAL,93.0,26.0,0.07692308
2020,16,00-0035703,M.Boykin,WR,BAL,NYG,0,0,0.0,0,0.0,0.0,0.0,0,0.0,0,2,1,13.0,0,1.3,2.3,,,76.0,220.0,24.097166666666666,1.0,Notre Dame,2019.0,2019.0,BAL,93.0,14.0,0.08695652
2020,17,00-0035703,M.Boykin,WR,BAL,CIN,0,0,0.0,0,0.0,0.0,0.0,0,0.0,0,2,1,43.0,1,10.3,11.3,,,76.0,220.0,24.097166666666666,1.0,Notre Dame,2019.0,2019.0,BAL,93.0,,0.10526316
2020,18,00-0035703,M.Boykin,WR,BAL,TEN,0,0,0.0,0,0.0,0.0,0.0,0,0.0,0,1,0,0.0,0,0.0,0.0,,,76.0,220.0,24.097166666666666,1.0,Notre Dame,2019.0,2019.0,BAL,93.0,,0.041666668
2020,19,00-0035703,M.Boykin,WR,BAL,BUF,0,0,0.0,0,0.0,0.0,0.0,0,0.0,0,4,3,20.0,0,2.0,5.0,,,76.0,220.0,24.097166666666666,1.0,Notre Dame,2019.0,2019.0,BAL,93.0,,0.114285715
2020,1,00-0035704,D.Lock,QB,DEN,TEN,22,33,216.0,1,0.0,0.0,-0.0,3,5.0,0,0,0,0.0,0,13.14,13.14,,,76.0,228.0,23.9988125,1.0,Missouri,2019.0,2019.0,DEN,42.0,-2.0,
2020,2,00-0035704,D.Lock,QB,DEN,PIT,1,5,20.0,0,0.0,1.0,8.0,0,0.0,0,0,0,0.0,0,-1.2,-1.2,,,76.0,228.0,23.9988125,1.0,Missouri,2019.0,2019.0,DEN,42.0,,
2020,6,00-0035704,D.Lock,QB,DEN,NE,10,24,189.0,0,2.0,2.0,25.0,5,-1.0,0,0,0,0.0,0,3.46,3.46,,,76.0,228.0,23.9988125,1.0,Missouri,2019.0,2019.0,DEN,42.0,,
2020,7,00-0035704,D.Lock,QB,DEN,KC,24,40,254.0,0,2.0,3.0,20.0,3,8.0,1,0,0,0.0,0,12.96,12.96,,,76.0,228.0,23.9988125,1.0,Missouri,2019.0,2019.0,DEN,42.0,-27.0,
2020,8,00-0035704,D.Lock,QB,DEN,LAC,26,41,248.0,3,1.0,2.0,5.0,2,-1.0,0,0,0,0.0,0,19.82,19.82,,,76.0,228.0,23.9988125,1.0,Missouri,2019.0,2019.0,DEN,42.0,1.0,
2020,9,00-0035704,D.Lock,QB,DEN,ATL,25,48,313.0,2,1.0,1.0,11.0,7,47.0,1,0,0,0.0,0,29.22,29.22,,,76.0,228.0,23.9988125,1.0,Missouri,2019.0,2019.0,DEN,42.0,,
2020,10,00-0035704,D.Lock,QB,DEN,LV,23,47,257.0,1,4.0,2.0,10.0,2,7.0,0,0,0,0.0,0,6.98,6.98,,,76.0,228.0,23.9988125,1.0,Missouri,2019.0,2019.0,DEN,42.0,,
2020,11,00-0035704,D.Lock,QB,DEN,MIA,18,30,270.0,0,1.0,0.0,-0.0,2,23.0,0,0,0,0.0,0,11.1,11.1,,,76.0,228.0,23.9988125,1.0,Missouri,2019.0,2019.0,DEN,42.0,7.0,
2020,13,00-0035704,D.Lock,QB,DEN,KC,15,28,151.0,2,2.0,0.0,-0.0,2,9.0,0,0,0,0.0,0,10.94,10.94,,,76.0,228.0,23.9988125,1.0,Missouri,2019.0,2019.0,DEN,42.0,,
2020,14,00-0035704,D.Lock,QB,DEN,CAR,21,27,280.0,4,0.0,1.0,11.0,6,4.0,0,0,0,0.0,0,25.6,25.6,,,76.0,228.0,23.9988125,1.0,Missouri,2019.0,2019.0,DEN,42.0,,
2020,15,00-0035704,D.Lock,QB,DEN,BUF,20,32,132.0,1,0.0,3.0,17.0,5,37.0,0,0,0,0.0,0,10.98,10.98,,,76.0,228.0,23.9988125,1.0,Missouri,2019.0,2019.0,DEN,42.0,-29.0,
2020,16,00-0035704,D.Lock,QB,DEN,LAC,24,47,264.0,0,2.0,2.0,1.0,5,15.0,1,0,0,0.0,0,14.06,14.06,,,76.0,228.0,23.9988125,1.0,Missouri,2019.0,2019.0,DEN,42.0,,
2020,17,00-0035704,D.Lock,QB,DEN,LV,25,41,339.0,2,0.0,2.0,15.0,2,7.0,0,0,0,0.0,0,24.26,24.26,,,76.0,228.0,23.9988125,1.0,Missouri,2019.0,2019.0,DEN,42.0,-1.0,
2020,1,00-0035710,D.Jones,QB,NYG,PIT,26,41,279.0,2,2.0,3.0,17.0,4,22.0,0,0,0,0.0,0,17.36,17.36,,,77.0,220.0,23.449875,1.0,Duke,2019.0,2019.0,NYG,6.0,-10.0,
2020,2,00-0035710,D.Jones,QB,NYG,CHI,25,40,241.0,0,1.0,4.0,21.0,3,21.0,0,0,0,0.0,0,7.74,7.74,,,77.0,220.0,23.449875,1.0,Duke,2019.0,2019.0,NYG,6.0,,
2020,3,00-0035710,D.Jones,QB,NYG,SF,17,32,179.0,0,1.0,2.0,14.0,5,49.0,0,0,0,0.0,0,8.06,8.06,,,77.0,220.0,23.449875,1.0,Duke,2019.0,2019.0,NYG,6.0,-27.0,
2020,4,00-0035710,D.Jones,QB,NYG,LA,23,36,190.0,0,1.0,5.0,31.0,6,45.0,0,0,0,0.0,0,10.1,10.1,,,77.0,220.0,23.449875,1.0,Duke,2019.0,2019.0,NYG,6.0,,
2020,5,00-0035710,D.Jones,QB,NYG,DAL,20,33,222.0,0,0.0,2.0,11.0,2,-7.0,0,0,0,0.0,0,8.18,8.18,,,77.0,220.0,23.449875,1.0,Duke,2019.0,2019.0,NYG,6.0,,
2020,6,00-0035710,D.Jones,QB,NYG,WAS,12,19,112.0,1,1.0,1.0,4.0,7,74.0,0,0,0,0.0,0,13.88,13.88,,,77.0,220.0,23.449875,1.0,Duke,2019.0,2019.0,NYG,6.0,1.0,
2020,7,00-0035710,D.Jones,QB,NYG,PHI,20,30,187.0,2,1.0,3.0,22.0,4,92.0,0,0,0,0.0,0,20.68,20.68,,,77.0,220.0,23.449875,1.0,Duke,2019.0,2019.0,NYG,6.0,,
2020,8,00-0035710,D.Jones,QB,NYG,TB,25,41,256.0,2,2.0,3.0,18.0,3,20.0,0,0,0,0.0,0,16.24,16.24,,,77.0,220.0,23.449875,1.0,Duke,2019.0,2019.0,NYG,6.0,-2.0,
2020,9,00-0035710,D.Jones,QB,NYG,WAS,23,34,212.0,1,0.0,5.0,28.0,6,4.0,0,0,0,0.0,0,12.88,12.88,,,77.0,220.0,23.449875,1.0,Duke,2019.0,2019.0,NYG,6.0,,
2020,10,00-0035710,D.Jones,QB,NYG,PHI,21,28,244.0,0,0.0,3.0,13.0,9,64.0,1,0,0,0.0,0,22.16,22.16,,,77.0,220.0,23.449875,1.0,Duke,2019.0,2019.0,NYG,6.0,10.0,
2020,12,00-0035710,D.Jones,QB,NYG,CIN,16,27,213.0,0,0.0,0.0,-0.0,6,19.0,0,0,0,0.0,0,10.42,10.42,,,77.0,220.0,23.449875,1.0,Duke,2019.0,2019.0,NYG,6.0,,
2020,14,00-0035710,D.Jones,QB,NYG,ARI,11,21,127.0,0,0.0,6.0,52.0,0,0.0,0,0,0,0.0,0,3.08,3.08,,,77.0,220.0,23.449875,1.0,Duke,2019.0,2019.0,NYG,6.0,-19.0,
2020,16,00-0035710,D.Jones,QB,NYG,BAL,24,41,252.0,1,0.0,6.0,37.0,1,3.0,0,0,0,0.0,0,14.38,14.38,,,77.0,220.0,23.449875,1.0,Duke,2019.0,2019.0,NYG,6.0,,
2020,17,00-0035710,D.Jones,QB,NYG,DAL,17,25,229.0,2,1.0,2.0,18.0,9,17.0,0,0,0,0.0,0,14.86,14.86,,,77.0,220.0,23.449875,1.0,Duke,2019.0,2019.0,NYG,6.0,4.0,
2020,4,00-0035719,D.Samuel,WR,SF,PHI,0,0,0.0,0,0.0,0.0,0.0,1,10.0,0,3,3,35.0,0,4.5,7.5,,,72.0,214.0,24.813,1.0,South Carolina,2019.0,2019.0,SF,36.0,-5.0,0.07317073
2020,5,00-0035719,D.Samuel,WR,SF,MIA,0,0,0.0,0,0.0,0.0,0.0,1,3.0,0,8,2,19.0,0,2.2,4.2,,,72.0,214.0,24.813,1.0,South Carolina,2019.0,2019.0,SF,36.0,-26.0,0.22857143
2020,6,00-0035719,D.Samuel,WR,SF,LA,0,0,0.0,0,0.0,0.0,0.0,1,-6.0,0,6,6,66.0,1,12.0,18.0,,,72.0,214.0,24.813,1.0,South Carolina,2019.0,2019.0,SF,36.0,8.0,0.1875
2020,7,00-0035719,D.Samuel,WR,SF,NE,0,0,0.0,0,0.0,0.0,0.0,3,7.0,0,5,5,65.0,0,7.2,12.2,,,72.0,214.0,24.813,1.0,South Carolina,2019.0,2019.0,SF,36.0,,0.2
2020,12,00-0035719,D.Samuel,WR,SF,LA,0,0,0.0,0,0.0,0.0,0.0,0,0.0,0,13,11,133.0,0,13.3,24.3,,,72.0,214.0,24.813,1.0,South Carolina,2019.0,2019.0,SF,36.0,,0.38235295
2020,13,00-0035719,D.Samuel,WR,SF,BUF,0,0,0.0,0,0.0,0.0,0.0,1,3.0,0,9,6,73.0,0,7.6,13.6,,,72.0,214.0,24.813,1.0,South Carolina,2019.0,2019.0,SF,36.0,-10.0,0.23076923
2020,14,00-0035719,D.Samuel,WR,SF,WAS,0,0,0.0,0,0.0,0.0,0.0,1,9.0,0,0,0,0.0,0,0.9,0.9,,,72.0,214.0,24.813,1.0,South Carolina,2019.0,2019.0,SF,36.0,-8.0,
2020,2,00-0035726,J.Johnson,FB,NE,SEA,0,0,0.0,0,0.0,0.0,0.0,0,0.0,0,1,1,1.0,1,6.1,7.1,,,75.0,255.0,25.9049375,1.0,Tennessee,2019.0,2019.0,,,,0.023255814
2020,3,00-0035726,J.Johnson,FB,NE,LV,0,0,0.0,0,0.0,0.0,0.0,0,0.0,0,1,1,6.0,0,0.6,1.6,,,75.0,255.0,25.9049375,1.0,Tennessee,2019.0,2019.0,,,16.0,0.035714287
2020,7,00-0035726,J.Johnson,FB,NE,SF,0,0,0.0,0,0.0,0.0,0.0,0,0.0,0,1,1,1.0,0,0.1,1.1,,,75.0,255.0,25.9049375,1.0,Tennessee,2019.0,2019.0,,,-27.0,0.045454547
2020,9,00-0035726,J.Johnson,FB,NE,NYJ,0,0,0.0,0,0.0,0.0,0.0,0,0.0,0,2,2,6.0,0,0.6,2.6,,,75.0,255.0,25.9049375,1.0,Tennessee,2019.0,2019.0,,,,0.05882353
2020,10,00-0035726,J.Johnson,FB,NE,BAL,0,0,0.0,0,0.0,0.0,0.0,0,0.0,0,2,2,20.0,0,2.0,4.0,,,75.0,255.0,25.9049375,1.0,Tennessee,2019.0,2019.0,,,6.0,0.11764706
2020,13,00-0035726,J.Johnson,FB,NE,LAC,0,0,0.0,0,0.0,0.0,0.0,0,0.0,0,1,1,1.0,0,0.1,1.1,,,75.0,255.0,25.9049375,1.0,Tennessee,2019.0,2019.0,,,,0.04761905
2020,15,00-0035726,J.Johnson,FB,NE,MIA,0,0,0.0,0,0.0,0.0,0.0,0,0.0,0,1,0,0.0,0,0.0,0.0,,,75.0,255.0,25.9049375,1.0,Tennessee,2019.0,2019.0,,,,0.04
2020,1,00-0035752,C.Streveler,QB,ARI,SF,0,0,0.0,0,0.0,0.0,0.0,1,3.0,0,0,0,0.0,0,0.3,0.3,,,73.0,215.0,25.8405625,0.0,South Dakota,2020.0,2020.0,,,,
2020,17,00-0035752,C.Streveler,QB,ARI,LA,11,16,105.0,1,1.0,2.0,10.0,3,12.0,0,0,0,0.0,0,7.4,7.4,,,73.0,215.0,25.8405625,0.0,South Dakota,2020.0,2020.0,,,,
2020,3,00-0035806,J.Hasty,RB,SF,NYG,0,0,0.0,0,0.0,0.0,0.0,2,9.0,0,1,1,9.0,0,1.8,2.8,,,68.0,205.0,24.153125,0.0,Baylor,2020.0,2020.0,,,,0.028571429
2020,6,00-0035806,J.Hasty,RB,SF,LA,0,0,0.0,0,0.0,0.0,0.0,9,37.0,0,1,0,0.0,0,3.7,3.7,,,68.0,205.0,24.153125,0.0,Baylor,2020.0,2020.0,,,8.0,0.03125
2020,7,00-0035806,J.Hasty,RB,SF,NE,0,0,0.0,0,0.0,0.0,0.0,9,57.0,0,1,1,16.0,0,7.3,8.3,,,68.0,205.0,24.153125,0.0,Baylor,2020.0,2020.0,,,,0.04
2020,8,00-0035806,J.Hasty,RB,SF,SEA,0,0,0.0,0,0.0,0.0,0.0,12,29.0,1,1,1,2.0,0,9.1,10.1,,,68.0,205.0,24.153125,0.0,Baylor,2020.0,2020.0,,,,0.025
2020,9,00-0035806,J.Hasty,RB,SF,GB,0,0,0.0,0,0.0,0.0,0.0,4,3.0,0,2,2,10.0,0,1.3,3.3,,,68.0,205.0,24.153125,0.0,Baylor,2020.0,2020.0,,,-17.0,0.05882353
2020,10,00-0035806,J.Hasty,RB,SF,NO,0,0,0.0,0,0.0,0.0,0.0,3,13.0,0,2,2,-4.0,0,0.9,2.9,,,68.0,205.0,24.153125,0.0,Baylor,2020.0,2020.0,,,,0.051282052
2020,7,00-0035823,B.Ellefson,TE,JAX,LAC,0,0,0.0,0,0.0,0.0,0.0,0,0.0,0,0,0,0.0,0,2.0,2.0,,,75.0,250.0,24.186875,0.0,North Dakota State,2020.0,2020.0,,,,
2020,11,00-0035823,B.Ellefson,TE,JAX,PIT,0,0,0.0,0,0.0,0.0,0.0,0,0.0,0,3,1,10.0,0,1.0,2.0,,,75.0,250.0,24.186875,0.0,North Dakota State,2020.0,2020.0,,,-24.0,0.09090909
2020,12,00-0035823,B.Ellefson,TE,JAX,CLE,0,0,0.0,0,0.0,0.0,0.0,0,0.0,0,1,0,0.0,0,0.0,0.0,,,75.0,250.0,24.186875,0.0,North Dakota State,2020.0,2020.0,,,-2.0,0.030303031
2020,1,00-0035831,J.Robinson,RB,JAX,IND,0,0,0.0,0,0.0,0.0,0.0,16,62.0,0,1,1,28.0,0,9.0,10.0,,,69.0,220.0,22.25125,0.0,Illinois State,2020.0,2020.0,,,7.0,0.05
2020,2,00-0035831,J.Robinson,RB,JAX,TEN,0,0,0.0,0,0.0,0.0,0.0,16,102.0,1,4,3,18.0,0,18.0,21.0,,,69.0,220.0,22.25125,0.0,Illinois State,2020.0,2020.0,,,,0.09090909
2020,3,00-0035831,J.Robinson,RB,JAX,MIA,0,0,0.0,0,0.0,0.0,0.0,11,46.0,2,6,6,83.0,0,24.9,30.9,,,69.0,220.0,22.25125,0.0,Illinois State,2020.0,2020.0,,,-18.0,0.14285715
2020,4,00-0035831,J.Robinson,RB,JAX,CIN,0,0,0.0,0,0.0,0.0,0.0,17,75.0,0,4,4,32.0,0,10.7,14.7,,,69.0,220.0,22.25125,0.0,Illinois State,2020.0,2020.0,,,,0.11111111
2020,5,00-0035831,J.Robinson,RB,JAX,HOU,0,0,0.0,0,0.0,1.0,4.0,13,48.0,0,7,5,22.0,0,5.0,10.0,,,69.0,220.0,22.25125,0.0,Illinois State,2020.0,2020.0,,,,0.1590909
2020,6,00-0035831,J.Robinson,RB,JAX,DET,0,0,0.0,0,0.0,0.0,0.0,12,29.0,0,4,4,24.0,1,11.3,15.3,,,69.0,220.0,22.25125,0.0,Illinois State,2020.0,2020.0,,,-18.0,0.09090909
2020,7,00-0035831,J.Robinson,RB,JAX,LAC,0,0,0.0,0,0.0,0.0,0.0,22,119.0,1,6,4,18.0,1,27.7,31.7,,,69.0,220.0,22.25125,0.0,Illinois State,2020.0,2020.0,,,,0.25
2020,9,00-0035831,J.Robinson,RB,JAX,HOU,0,0,0.0,0,0.0,0.0,0.0,25,99.0,1,2,0,0.0,0,15.9,15.9,,,69.0,220.0,22.25125,0.0,Illinois State,2020.0,2020.0,,,-2.0,0.05263158
2020,10,00-0035831,J.Robinson,RB,JAX,GB,0,0,0.0,0,0.0,0.0,0.0,23,109.0,0,5,2,3.0,0,11.2,13.2,,,69.0,220.0,22.25125,0.0,Illinois State,2020.0,2020.0,,,,0.14705883
2020,11,00-0035831,J.Robinson,RB,JAX,PIT,0,0,0.0,0,0.0,0.0,0.0,17,73.0,0,2,2,21.0,0,9.4,11.4,,,69.0,220.0,22.25125,0.0,Illinois State,2020.0,2020.0,,,-24.0,0.060606062
2020,12,00-0035831,J.Robinson,RB,JAX,CLE,0,0,0.0,0,0.0,0.0,0.0,22,128.0,1,6,5,31.0,0,21.9,26.9,,,69.0,220.0,22.25125,0.0,Illinois State,2020.0,2020.0,,,-2.0,0.18181819
2020,13,00-0035831,J.Robinson,RB,JAX,MIN,0,0,0.0,0,0.0,0.0,0.0,18,78.0,1,6,6,30.0,0,16.8,22.8,,,69.0,220.0,22.25125,0.0,Illinois State,2020.0,2020.0,,,,0.14634146
2020,14,00-0035831,J.Robinson,RB,JAX,TEN,0,0,0.0,0,0.0,0.0,0.0,12,67.0,0,4,4,16.0,0,8.3,12.3,,,69.0,220.0,22.25125,0.0,Illinois State,2020.0,2020.0,,,-21.0,0.08163265
2020,15,00-0035831,J.Robinson,RB,JAX,BAL,0,0,0.0,0,0.0,0.0,0.0,16,35.0,0,3,3,18.0,1,11.3,14.3,,,69.0,220.0,22.25125,0.0,Illinois State,2020.0,2020.0,,,,0.11111111
2020,6,00-0035848,D.Harris,WR,IND,CIN,0,0,0.0,0,0.0,0.0,0.0,0,0.0,0,3,3,29.0,0,2.9,5.9,,,68.0,175.0,22.338941176470588,0.0,Southern Mississippi,2020.0,2020.0,,,4.0,0.071428575
2020,9,00-0035848,D.Harris,WR,IND,BAL,0,0,0.0,0,0.0,0.0,0.0,2,28.0,0,4,4,27.0,0,5.5,9.5,,,68.0,175.0,22.338941176470588,0.0,Southern Mississippi,2020.0,2020.0,,,-14.0,0.1
2020,10,00-0035848,D.Harris,WR,IND,TEN,0,0,0.0,0,0.0,0.0,0.0,0,0.0,0,1,1,21.0,0,2.1,3.1,,,68.0,175.0,22.338941176470588,0.0,Southern Mississippi,2020.0,2020.0,,,,0.027777778
2020,11,00-0035848,D.Harris,WR,IND,GB,0,0,0.0,0,0.0,0.0,0.0,2,19.0,0,1,1,1.0,0,2.0,3.0,,,68.0,175.0,22.338941176470588,0.0,Southern Mississippi,2020.0,2020.0,,,3.0,0.028571429
2020,12,00-0035848,D.Harris,WR,IND,TEN,0,0,0.0,0,0.0,0.0,0.0,1,2.0,0,1,1,1.0,0,0.3,1.3,,,68.0,175.0,22.338941176470588,0.0,Southern Mississippi,2020.0,2020.0,,,-19.0,0.023809524
2020,13,00-0035848,D.Harris,WR,IND,HOU,0,0,0.0,0,0.0,0.0,0.0,1,-3.0,0,0,0,0.0,0,-0.3,-0.3,,,68.0,175.0,22.338941176470588,0.0,Southern Mississippi,2020.0,2020.0,,,,
2020,17,00-0035860,T.Jones,RB,NO,CAR,0,0,0.0,0,0.0,0.0,0.0,3,13.0,0,0,0,0.0,0,1.3,1.3,,,71.0,225.0,22.98038888888889,0.0,Notre Dame,2020.0,2020.0,,,,
2020,12,00-0035864,K.Hinton,WR,DEN,NO,1,9,13.0,0,2.0,1.0,1.0,2,7.0,0,0,0,0.0,0,-2.78,-2.78,,,72.0,195.0,23.7715,0.0,Wake Forest,2020.0,2020.0,,,-28.0,
2020,6,00-0035869,A.Mack,WR,NYG,WAS,0,0,0.0,0,0.0,0.0,0.0,0,0.0,0,1,1,1.0,0,0.1,1.1,,,74.0,215.0,23.1870625,0.0,Ohio State,2020.0,2020.0,,,1.0,0.055555556
2020,9,00-0035869,A.Mack,WR,NYG,WAS,0,0,0.0,0,0.0,0.0,0.0,0,0.0,0,5,4,72.0,0,7.2,11.2,,,74.0,215.0,23.1870625,0.0,Ohio State,2020.0,2020.0,,,,0.15151516
2020,10,00-0035869,A.Mack,WR,NYG,PHI,0,0,0.0,0,0.0,0.0,0.0,0,0.0,0,1,1,9.0,0,0.9,1.9,,,74.0,215.0,23.1870625,0.0,Ohio State,2020.0,2020.0,,,10.0,0.035714287
2020,16,00-0035869,A.Mack,WR,NYG,BAL,0,0,0.0,0,0.0,0.0,0.0,0,0.0,0,3,0,0.0,0,0.0,0.0,,,74.0,215.0,23.1870625,0.0,Ohio State,2020.0,2020.0,,,,0.07317073
2020,17,00-0035869,A.Mack,WR,NYG,DAL,0,0,0.0,0,0.0,0.0,0.0,0,0.0,0,1,1,9.0,0,0.9,1.9,,,74.0,215.0,23.1870625,0.0,Ohio State,2020.0,2020.0,,,4.0,0.04
2020,8,00-0035889,T.Townsend,P,KC,NYJ,1,1,13.0,0,0.0,0.0,-0.0,0,0.0,0,0,0,0.0,0,0.52,0.52,,,73.0,176.0,24.022368421052633,0.0,Florida,2020.0,2020.0,,,26.0,
2020,4,00-0035908,G.Nabers,FB,LAC,TB,0,0,0.0,0,0.0,0.0,0.0,1,4.0,0,1,1,5.0,0,0.9,1.9,,,75.0,243.0,23.012249999999998,0.0,Florida State,2020.0,2020.0,,,,0.04
2020,7,00-0035908,G.Nabers,FB,LAC,JAX,0,0,0.0,0,0.0,0.0,0.0,0,0.0,0,1,0,0.0,0,0.0,0.0,,,75.0,243.0,23.012249999999998,0.0,Florida State,2020.0,2020.0,,,10.0,0.023809524
2020,8,00-0035908,G.Nabers,FB,LAC,DEN,0,0,0.0,0,0.0,0.0,0.0,0,0.0,0,1,1,2.0,1,6.2,7.2,,,75.0,243.0,23.012249999999998,0.0,Florida State,2020.0,2020.0,,,,0.023809524
2020,9,00-0035908,G.Nabers,FB,LAC,LV,0,0,0.0,0,0.0,0.0,0.0,0,0.0,0,1,1,4.0,1,6.4,7.4,,,75.0,243.0,23.012249999999998,0.0,Florida State,2020.0,2020.0,,,-5.0,0.024390243
2020,10,00-0035908,G.Nabers,FB,LAC,MIA,0,0,0.0,0,0.0,0.0,0.0,0,0.0,0,1,1,9.0,0,0.9,1.9,,,75.0,243.0,23.012249999999998,0.0,Florida State,2020.0,2020.0,,,,0.03125
2020,14,00-0035908,G.Nabers,FB,LAC,ATL,0,0,0.0,0,0.0,0.0,0.0,1,3.0,0,0,0,0.0,0,0.3,0.3,,,75.0,243.0,23.012249999999998,0.0,Florida State,2020.0,2020.0,,,3.0,
2020,15,00-0035908,G.Nabers,FB,LAC,LV,0,0,0.0,0,0.0,0.0,0.0,0,0.0,0,1,0,0.0,0,0.0,0.0,,,75.0,243.0,23.012249999999998,0.0,Florida State,2020.0,2020.0,,,,0.03125
2020,17,00-0035908,G.Nabers,FB,LAC,KC,0,0,0.0,0,0.0,0.0,0.0,0,0.0,0,1,1,5.0,0,0.5,1.5,,,75.0,243.0,23.012249999999998,0.0,Florida State,2020.0,2020.0,,,,0.033333335
2020,16,00-0035912,L.Bellamy,RB,DEN,LAC,0,0,0.0,0,0.0,0.0,0.0,3,11.0,0,1,1,5.0,0,1.6,2.6,,,70.0,188.0,23.9495,0.0,Western Michigan,2020.0,2020.0,,,,0.023255814
2020,17,00-0035912,L.Bellamy,RB,DEN,LV,0,0,0.0,0,0.0,0.0,0.0,1,0.0,0,0,0,0.0,0,0.0,0.0,,,70.0,188.0,23.9495,0.0,Western Michigan,2020.0,2020.0,,,-1.0,
2020,17,00-0035924,J.Ward,RB,ARI,LA,0,0,0.0,0,0.0,0.0,0.0,0,0.0,0,1,1,11.0,1,7.1,8.1,,,72.0,202.0,23.108125,0.0,Central Michigan,2020.0,2020.0,,,,0.037037037
2020,7,00-0035950,M.Hartsfield,FS,CAR,NO,0,0,0.0,0,0.0,0.0,0.0,2,2.0,0,0,0,0.0,0,0.2,0.2,,,71.0,211.0,23.25525,0.0,Mississippi,2020.0,2020.0,,,,
2020,10,00-0035957,R.Smith,RB,CAR,TB,0,0,0.0,0,0.0,0.0,0.0,3,13.0,0,1,1,2.0,0,1.5,2.5,,,71.0,210.0,24.73981818181818,0.0,Minnesota,2020.0,2020.0,,,-23.0,0.035714287
2020,11,00-0035957,R.Smith,RB,CAR,DET,0,0,0.0,0,0.0,0.0,0.0,8,29.0,0,0,0,0.0,0,2.9,2.9,,,71.0,210.0,24.73981818181818,0.0,Minnesota,2020.0,2020.0,,,20.0,
2020,12,00-0035957,R.Smith,RB,CAR,MIN,0,0,0.0,0,0.0,0.0,0.0,7,18.0,0,1,0,0.0,0,1.8,1.8,,,71.0,210.0,24.73981818181818,0.0,Minnesota,2020.0,2020.0,,,,0.03125
2020,14,00-0035957,R.Smith,RB,CAR,DEN,0,0,0.0,0,0.0,0.0,0.0,2,10.0,0,2,2,14.0,0,2.4,4.4,,,71.0,210.0,24.73981818181818,0.0,Minnesota,2020.0,2020.0,,,-5.0,0.051282052
2020,15,00-0035957,R.Smith,RB,CAR,GB,0,0,0.0,0,0.0,0.0,0.0,4,23.0,0,4,3,24.0,0,4.7,7.7,,,71.0,210.0,24.73981818181818,0.0,Minnesota,2020.0,2020.0,,,,0.11764706
2020,16,00-0035957,R.Smith,RB,CAR,WAS,0,0,0.0,0,0.0,0.0,0.0,7,23.0,0,2,2,15.0,0,3.8,5.8,,,71.0,210.0,24.73981818181818,0.0,Minnesota,2020.0,2020.0,,,,0.071428575
2020,17,00-0035957,R.Smith,RB,CAR,NO,0,0,0.0,0,0.0,0.0,0.0,10,40.0,1,1,1,4.0,0,10.4,11.4,,,71.0,210.0,24.73981818181818,0.0,Minnesota,2020.0,2020.0,,,-26.0,0.027777778
2020,15,00-0035993,T.Huntley,QB,BAL,JAX,2,4,7.0,0,0.0,0.0,-0.0,4,18.0,0,0,0,0.0,0,2.08,2.08,,,73.0,205.0,22.78572222222222,0.0,Utah,2020.0,2020.0,,,26.0,
2020,17,00-0035993,T.Huntley,QB,BAL,CIN,1,1,8.0,0,0.0,0.0,-0.0,6,5.0,0,0,0,0.0,0,0.82,0.82,,,73.0,205.0,22.78572222222222,0.0,Utah,2020.0,2020.0,,,,
2020,19,00-0035993,T.Huntley,QB,BAL,BUF,6,13,60.0,0,0.0,1.0,8.0,3,32.0,0,0,0,0.0,0,5.6,5.6,,,73.0,205.0,22.78572222222222,0.0,Utah,2020.0,2020.0,,,,
2020,4,00-0036000,A.Killins,RB,PHI,SF,0,0,0.0,0,0.0,0.0,0.0,1,-12.0,0,1,1,2.0,0,-1.0,0.0,,,68.0,164.0,22.842785714285714,0.0,Central Florida,2020.0,2020.0,,,,0.03846154
2020,3,00-0036005,N.Togiai,TE,IND,NYJ,0,0,0.0,0,0.0,0.0,0.0,0,0.0,0,1,0,0.0,0,0.0,0.0,,,76.0,246.0,23.35470588235294,0.0,Oregon State,2020.0,2020.0,,,29.0,0.04
2020,15,00-0036008,H.Bryant,TE,DET,TEN,0,0,0.0,0,0.0,0.0,0.0,0,0.0,0,2,1,44.0,0,4.4,5.4,,,74.0,239.0,22.2245,0.0,Washington,2020.0,2020.0,,,,0.054054055
2020,17,00-0036008,H.Bryant,TE,DET,MIN,0,0,0.0,0,0.0,0.0,0.0,0,0.0,0,1,0,0.0,0,0.0,0.0,,,74.0,239.0,22.2245,0.0,Washington,2020.0,2020.0,,,-2.0,0.032258064
2020,9,00-0036020,S.Ahmed,RB,MIA,ARI,0,0,0.0,0,0.0,0.0,0.0,7,38.0,0,0,0,0.0,0,3.8,3.8,,,71.0,196.0,21.8635,0.0,Washington,2020.0,2020.0,,,,
2020,10,00-0036020,S.Ahmed,RB,MIA,LAC,0,0,0.0,0,0.0,0.0,0.0,21,85.0,1,1,1,5.0,0,15.0,16.0,,,71.0,196.0,21.8635,0.0,Washington,2020.0,2020.0,,,8.0,0.041666668
2020,11,00-0036020,S.Ahmed,RB,MIA,DEN,0,0,0.0,0,0.0,0.0,0.0,12,43.0,0,6,5,31.0,0,7.4,12.4,,,71.0,196.0,21.8635,0.0,Washington,2020.0,2020.0,,,,0.16216215
2020,15,00-0036020,S.Ahmed,RB,MIA,NE,0,0,0.0,0,0.0,0.0,0.0,23,122.0,1,3,1,5.0,0,20.7,21.7,,,71.0,196.0,21.8635,0.0,Washington,2020.0,2020.0,,,10.0,0.12
2020,16,00-0036020,S.Ahmed,RB,MIA,LV,0,0,0.0,0,0.0,0.0,0.0,6,2.0,0,1,1,1.0,0,0.3,1.3,,,71.0,196.0,21.8635,0.0,Washington,2020.0,2020.0,,,,0.029411765
2020,17,00-0036020,S.Ahmed,RB,MIA,BUF,0,0,0.0,0,0.0,0.0,0.0,6,29.0,1,3,3,19.0,0,10.8,13.8,,,71.0,196.0,21.8635,0.0,Washington,2020.0,2020.0,,,,0.050847456
2020,8,00-0036040,J.Johnson,TE,NO,CHI,0,0,0.0,0,0.0,0.0,0.0,0,0.0,0,3,1,5.0,0,0.5,1.5,,,76.0,231.0,24.176666666666666,0.0,Oregon,2020.0,2020.0,,,,0.07317073
2020,14,00-0036040,J.Johnson,TE,NO,PHI,0,0,0.0,0,0.0,0.0,0.0,0,0.0,0,1,1,11.0,0,1.1,2.1,,,76.0,231.0,24.176666666666666,0.0,Oregon,2020.0,2020.0,,,,0.027027028
2020,15,00-0036040,J.Johnson,TE,NO,KC,0,0,0.0,0,0.0,0.0,0.0,0,0.0,0,4,0,0.0,0,0.0,0.0,,,76.0,231.0,24.176666666666666,0.0,Oregon,2020.0,2020.0,,,-3.0,0.121212125
2020,16,00-0036040,J.Johnson,TE,NO,MIN,0,0,0.0,0,0.0,0.0,0.0,0,0.0,0,1,1,19.0,0,1.9,2.9,,,76.0,231.0,24.176666666666666,0.0,Oregon,2020.0,2020.0,,,19.0,0.035714287
2020,17,00-0036040,J.Johnson,TE,NO,CAR,0,0,0.0,0,0.0,0.0,0.0,0,0.0,0,1,1,4.0,0,0.4,1.4,,,76.0,231.0,24.176666666666666,0.0,Oregon,2020.0,2020.0,,,,0.03448276
2020,15,00-0036069,S.Phillips,RB,HOU,IND,0,0,0.0,0,0.0,0.0,0.0,2,9.0,0,1,1,7.0,0,1.6,2.6,,,68.0,211.0,23.0911875,0.0,Mississippi,2020.0,2020.0,,,,0.02631579
2020,1,00-0036096,J.Taylor,RB,NE,MIA,0,0,0.0,0,0.0,0.0,0.0,4,28.0,0,1,1,4.0,0,3.2,4.2,,,66.0,185.0,22.849375,0.0,Arizona,2020.0,2020.0,,,10.0,0.05263158
2020,2,00-0036096,J.Taylor,RB,NE,SEA,0,0,0.0,0,0.0,0.0,0.0,1,-1.0,0,0,0,0.0,0,-0.1,-0.1,,,66.0,185.0,22.849375,0.0,Arizona,2020.0,2020.0,,,,
2020,3,00-0036096,J.Taylor,RB,NE,LV,0,0,0.0,0,0.0,0.0,0.0,11,43.0,0,1,0,0.0,0,4.3,4.3,,,66.0,185.0,22.849375,0.0,Arizona,2020.0,2020.0,,,16.0,0.035714287
2020,15,00-0036096,J.Taylor,RB,NE,MIA,0,0,0.0,0,0.0,0.0,0.0,1,2.0,0,0,0,0.0,0,0.2,0.2,,,66.0,185.0,22.849375,0.0,Arizona,2020.0,2020.0,,,,
2020,16,00-0036096,J.Taylor,RB,NE,BUF,0,0,0.0,0,0.0,0.0,0.0,6,38.0,0,0,0,0.0,0,3.8,3.8,,,66.0,185.0,22.849375,0.0,Arizona,2020.0,2020.0,,,-29.0,
2020,3,00-0036100,I.Zuber,WR,NE,LV,0,0,0.0,0,0.0,0.0,0.0,1,13.0,0,0,0,0.0,0,1.3,1.3,,,72.0,190.0,23.572125,0.0,Mississippi State,2020.0,2020.0,,,16.0,
2020,4,00-0036100,I.Zuber,WR,NE,KC,0,0,0.0,0,0.0,0.0,0.0,1,8.0,0,0,0,0.0,0,0.8,0.8,,,72.0,190.0,23.572125,0.0,Mississippi State,2020.0,2020.0,,,,
2020,6,00-0036100,I.Zuber,WR,NE,DEN,0,0,0.0,0,0.0,0.0,0.0,0,0.0,0,1,1,16.0,0,1.6,2.6,,,72.0,190.0,23.572125,0.0,Mississippi State,2020.0,2020.0,,,-6.0,0.037037037
2020,8,00-0036100,I.Zuber,WR,NE,BUF,0,0,0.0,0,0.0,0.0,0.0,0,0.0,0,1,1,13.0,0,1.3,2.3,,,72.0,190.0,23.572125,0.0,Mississippi State,2020.0,2020.0,,,,0.04347826
2020,16,00-0036110,J.Bradley,WR,CLE,NYJ,0,0,0.0,0,0.0,0.0,0.0,0,0.0,0,11,5,60.0,0,6.0,11.0,,,72.0,198.0,23.9295,0.0,Louisiana-Lafayette,2020.0,2020.0,,,,0.22
2020,8,00-0036133,J.Proche,WR,BAL,PIT,0,0,0.0,0,0.0,0.0,0.0,0,0.0,0,1,0,0.0,0,0.0,0.0,,,71.0,193.0,24.157333333333334,0.0,Southern Methodist,2020.0,2020.0,BAL,201.0,-4.0,0.03846154
2020,11,00-0036133,J.Proche,WR,BAL,TEN,0,0,0.0,0,0.0,0.0,0.0,0,0.0,0,1,1,14.0,0,1.4,2.4,,,71.0,193.0,24.157333333333334,0.0,Southern Methodist,2020.0,2020.0,BAL,201.0,-6.0,0.035714287
2020,12,00-0036133,J.Proche,WR,BAL,PIT,0,0,0.0,0,0.0,0.0,0.0,0,0.0,0,1,0,0.0,0,0.0,0.0,,,71.0,193.0,24.157333333333334,0.0,Southern Methodist,2020.0,2020.0,BAL,201.0,,0.055555556
2020,6,00-0036139,R.Dowdle,RB,DAL,ARI,0,0,0.0,0,0.0,0.0,0.0,3,13.0,0,0,0,0.0,0,1.3,1.3,,,71.0,215.0,22.40275,0.0,South Carolina,2020.0,2020.0,,,-28.0,
2020,15,00-0036139,R.Dowdle,RB,DAL,SF,0,0,0.0,0,0.0,0.0,0.0,4,11.0,0,0,0,0.0,0,1.1,1.1,,,71.0,215.0,22.40275,0.0,South Carolina,2020.0,2020.0,,,8.0,
2020,3,00-0036142,I.Wright,WR,WAS,CLE,0,0,0.0,0,0.0,0.0,0.0,1,6.0,0,6,4,24.0,0,3.0,7.0,,,74.0,220.0,23.830058823529413,0.0,Temple,2020.0,2020.0,,,,0.16666667
2020,4,00-0036142,I.Wright,WR,WAS,BAL,0,0,0.0,0,0.0,0.0,0.0,1,9.0,0,5,4,20.0,0,2.9,6.9,,,74.0,220.0,23.830058823529413,0.0,Temple,2020.0,2020.0,,,-14.0,0.11363637
2020,5,00-0036142,I.Wright,WR,WAS,LA,0,0,0.0,0,0.0,0.0,0.0,0,0.0,0,1,1,3.0,0,0.3,1.3,,,74.0,220.0,23.830058823529413,0.0,Temple,2020.0,2020.0,,,-20.0,0.035714287
2020,6,00-0036142,I.Wright,WR,WAS,NYG,0,0,0.0,0,0.0,0.0,0.0,1,1.0,0,5,4,25.0,0,2.6,6.6,,,74.0,220.0,23.830058823529413,0.0,Temple,2020.0,2020.0,,,,0.125
2020,9,00-0036142,I.Wright,WR,WAS,NYG,0,0,0.0,0,0.0,0.0,0.0,0,0.0,0,3,3,30.0,0,3.0,6.0,,,74.0,220.0,23.830058823529413,0.0,Temple,2020.0,2020.0,,,-3.0,0.07692308
2020,10,00-0036142,I.Wright,WR,WAS,DET,0,0,0.0,0,0.0,0.0,0.0,0,0.0,0,6,6,59.0,0,5.9,11.9,,,74.0,220.0,23.830058823529413,0.0,Temple,2020.0,2020.0,,,,0.115384616
2020,11,00-0036142,I.Wright,WR,WAS,CIN,0,0,0.0,0,0.0,0.0,0.0,0,0.0,0,1,1,7.0,0,0.7,1.7,,,74.0,220.0,23.830058823529413,0.0,Temple,2020.0,2020.0,,,11.0,0.041666668
2020,13,00-0036142,I.Wright,WR,WAS,PIT,0,0,0.0,0,0.0,0.0,0.0,0,0.0,0,4,1,5.0,0,0.5,1.5,,,74.0,220.0,23.830058823529413,0.0,Temple,2020.0,2020.0,,,,0.09090909
2020,14,00-0036142,I.Wright,WR,WAS,SF,0,1,0.0,0,0.0,0.0,-0.0,0,0.0,0,1,1,9.0,0,0.9,1.9,,,74.0,220.0,23.830058823529413,0.0,Temple,2020.0,2020.0,,,,0.03448276
2020,15,00-0036142,I.Wright,WR,WAS,SEA,0,0,0.0,0,0.0,0.0,0.0,0,0.0,0,2,2,15.0,0,1.5,3.5,,,74.0,220.0,23.830058823529413,0.0,Temple,2020.0,2020.0,,,-5.0,0.03773585
2020,16,00-0036142,I.Wright,WR,WAS,CAR,0,0,0.0,0,0.0,0.0,0.0,0,0.0,0,1,0,0.0,0,0.0,0.0,,,74.0,220.0,23.830058823529413,0.0,Temple,2020.0,2020.0,,,-7.0,0.021276595
2020,18,00-0036142,I.Wright,WR,WAS,TB,0,0,0.0,0,0.0,0.0,0.0,0,0.0,0,1,0,0.0,0,0.0,0.0,,,74.0,220.0,23.830058823529413,0.0,Temple,2020.0,2020.0,,,-8.0,0.024390243
2020,3,00-0036145,L.Cager,TE,NYJ,IND,0,0,0.0,0,0.0,0.0,0.0,0,0.0,0,4,2,35.0,0,3.5,5.5,,,77.0,220.0,23.2181875,0.0,Georgia,2020.0,2020.0,,,,0.15384616
2020,4,00-0036145,L.Cager,TE,NYJ,DEN,0,0,0.0,0,0.0,0.0,0.0,0,0.0,0,2,0,0.0,0,0.0,0.0,,,77.0,220.0,23.2181875,0.0,Georgia,2020.0,2020.0,,,-9.0,0.046511628
2020,1,00-0036158,J.Dobbins,RB,BAL,CLE,0,0,0.0,0,0.0,0.0,0.0,7,22.0,2,0,0,0.0,0,14.2,14.2,,,70.0,214.0,21.91788888888889,0.0,Ohio State,2020.0,2020.0,BAL,55.0,32.0,
2020,2,00-0036158,J.Dobbins,RB,BAL,HOU,0,0,0.0,0,0.0,0.0,0.0,2,48.0,0,1,1,13.0,0,6.1,7.1,,,70.0,214.0,21.91788888888889,0.0,Ohio State,2020.0,2020.0,BAL,55.0,,0.04347826
2020,3,00-0036158,J.Dobbins,RB,BAL,KC,0,0,0.0,0,0.0,0.0,0.0,1,6.0,0,4,4,38.0,0,4.4,8.4,,,70.0,214.0,21.91788888888889,0.0,Ohio State,2020.0,2020.0,BAL,55.0,-14.0,0.14814815
2020,4,00-0036158,J.Dobbins,RB,BAL,WAS,0,0,0.0,0,0.0,0.0,0.0,5,16.0,0,2,1,1.0,0,1.7,2.7,,,70.0,214.0,21.91788888888889,0.0,Ohio State,2020.0,2020.0,BAL,55.0,,0.08695652
2020,5,00-0036158,J.Dobbins,RB,BAL,CIN,0,0,0.0,0,0.0,0.0,0.0,1,34.0,0,3,3,21.0,0,5.5,8.5,,,70.0,214.0,21.91788888888889,0.0,Ohio State,2020.0,2020.0,BAL,55.0,24.0,0.083333336
2020,6,00-0036158,J.Dobbins,RB,BAL,PHI,0,0,0.0,0,0.0,0.0,0.0,9,28.0,0,4,2,1.0,0,2.9,4.9,,,70.0,214.0,21.91788888888889,0.0,Ohio State,2020.0,2020.0,BAL,55.0,,0.16
2020,8,00-0036158,J.Dobbins,RB,BAL,PIT,0,0,0.0,0,0.0,0.0,0.0,15,113.0,0,2,1,8.0,0,12.1,13.1,,,70.0,214.0,21.91788888888889,0.0,Ohio State,2020.0,2020.0,BAL,55.0,-4.0,0.07692308
2020,9,00-0036158,J.Dobbins,RB,BAL,IND,0,0,0.0,0,0.0,0.0,0.0,12,30.0,0,2,2,5.0,0,3.5,5.5,,,70.0,214.0,21.91788888888889,0.0,Ohio State,2020.0,2020.0,BAL,55.0,,0.08695652
2020,10,00-0036158,J.Dobbins,RB,BAL,NE,0,0,0.0,0,0.0,0.0,0.0,5,13.0,0,2,1,1.0,0,1.4,2.4,,,70.0,214.0,21.91788888888889,0.0,Ohio State,2020.0,2020.0,BAL,55.0,,0.05882353
2020,11,00-0036158,J.Dobbins,RB,BAL,TEN,0,0,0.0,0,0.0,0.0,0.0,15,70.0,1,2,2,15.0,0,16.5,18.5,,,70.0,214.0,21.91788888888889,0.0,Ohio State,2020.0,2020.0,BAL,55.0,-6.0,0.071428575
2020,13,00-0036158,J.Dobbins,RB,BAL,DAL,0,0,0.0,0,0.0,0.0,0.0,11,71.0,1,0,0,0.0,0,13.1,13.1,,,70.0,214.0,21.91788888888889,0.0,Ohio State,2020.0,2020.0,BAL,55.0,17.0,
2020,14,00-0036158,J.Dobbins,RB,BAL,CLE,0,0,0.0,0,0.0,0.0,0.0,13,53.0,1,0,0,0.0,0,13.3,13.3,,,70.0,214.0,21.91788888888889,0.0,Ohio State,2020.0,2020.0,BAL,55.0,,
2020,15,00-0036158,J.Dobbins,RB,BAL,JAX,0,0,0.0,0,0.0,0.0,0.0,14,64.0,1,1,1,17.0,0,14.1,15.1,,,70.0,214.0,21.91788888888889,0.0,Ohio State,2020.0,2020.0,BAL,55.0,26.0,0.03846154
2020,16,00-0036158,J.Dobbins,RB,BAL,NYG,0,0,0.0,0,0.0,0.0,0.0,11,77.0,1,1,0,0.0,0,13.7,13.7,,,70.0,214.0,21.91788888888889,0.0,Ohio State,2020.0,2020.0,BAL,55.0,14.0,0.04347826
2020,17,00-0036158,J.Dobbins,RB,BAL,CIN,0,0,0.0,0,0.0,0.0,0.0,13,160.0,2,0,0,0.0,0,28.0,28.0,,,70.0,214.0,21.91788888888889,0.0,Ohio State,2020.0,2020.0,BAL,55.0,,
2020,18,00-0036158,J.Dobbins,RB,BAL,TEN,0,0,0.0,0,0.0,0.0,0.0,9,43.0,1,1,1,-6.0,0,9.7,10.7,,,70.0,214.0,21.91788888888889,0.0,Ohio State,2020.0,2020.0,BAL,55.0,,0.041666668
2020,19,00-0036158,J.Dobbins,RB,BAL,BUF,0,0,0.0,0,0.0,0.0,0.0,10,42.0,0,5,3,51.0,0,9.3,12.3,,,70.0,214.0,21.91788888888889,0.0,Ohio State,2020.0,2020.0,BAL,55.0,,0.14285715
2020,13,00-0036171,A.Brewer,G,TEN,CLE,0,0,0.0,0,0.0,0.0,0.0,0,0.0,0,1,0,0.0,0,0.0,0.0,,,73.0,270.0,23.046588235294116,0.0,Texas State,2020.0,2020.0,,,-6.0,0.023809524
2020,3,00-0036182,N.Westbrook-Ikhine,WR,TEN,MIN,0,0,0.0,0,0.0,0.0,0.0,0,0.0,0,2,0,0.0,0,0.0,0.0,,,74.0,215.0,23.651705882352942,0.0,Indiana,2020.0,2020.0,,,,0.060606062
2020,5,00-0036182,N.Westbrook-Ikhine,WR,TEN,BUF,0,0,0.0,0,0.0,0.0,0.0,0,0.0,0,1,1,7.0,0,0.7,1.7,,,74.0,215.0,23.651705882352942,0.0,Indiana,2020.0,2020.0,,,26.0,0.035714287
2020,6,00-0036182,N.Westbrook-Ikhine,WR,TEN,HOU,0,0,0.0,0,0.0,0.0,0.0,0,0.0,0,0,0,0.0,0,2.0,2.0,,,74.0,215.0,23.651705882352942,0.0,Indiana,2020.0,2020.0,,,6.0,
2020,10,00-0036182,N.Westbrook-Ikhine,WR,TEN,IND,0,0,0.0,0,0.0,0.0,0.0,0,0.0,0,1,0,0.0,0,0.0,0.0,,,74.0,215.0,23.651705882352942,0.0,Indiana,2020.0,2020.0,,,-17.0,0.037037037
2020,11,00-0036182,N.Westbrook-Ikhine,WR,TEN,BAL,0,0,0.0,0,0.0,0.0,0.0,0,0.0,0,1,1,7.0,0,0.7,1.7,,,74.0,215.0,23.651705882352942,0.0,Indiana,2020.0,2020.0,,,,0.03125
2020,14,00-0036182,N.Westbrook-Ikhine,WR,TEN,JAX,0,0,0.0,0,0.0,0.0,0.0,0,0.0,0,1,0,0.0,0,0.0,0.0,,,74.0,215.0,23.651705882352942,0.0,Indiana,2020.0,2020.0,,,,0.04347826
2020,16,00-0036182,N.Westbrook-Ikhine,WR,TEN,GB,0,0,0.0,0,0.0,0.0,0.0,0,0.0,0,1,1,19.0,0,1.9,2.9,,,74.0,215.0,23.651705882352942,0.0,Indiana,2020.0,2020.0,,,,0.04
2020,17,00-0036182,N.Westbrook-Ikhine,WR,TEN,HOU,0,0,0.0,0,0.0,0.0,0.0,0,0.0,0,1,0,0.0,0,0.0,0.0,,,74.0,215.0,23.651705882352942,0.0,Indiana,2020.0,2020.0,,,,0.037037037
2020,18,00-0036182,N.Westbrook-Ikhine,WR,TEN,BAL,0,0,0.0,0,0.0,0.0,0.0,0,0.0,0,2,2,17.0,0,1.7,3.7,,,74.0,215.0,23.651705882352942,0.0,Indiana,2020.0,2020.0,,,-7.0,0.07692308
2020,2,00-0036187,R.Gilliam,FB,BUF,MIA,0,0,0.0,0,0.0,0.0,0.0,0,0.0,0,1,1,1.0,1,6.1,7.1,,,72.0,255.0,23.248368421052632,0.0,Toledo,2020.0,2020.0,,,,0.028571429
2020,7,00-0036187,R.Gilliam,FB,BUF,NYJ,0,0,0.0,0,0.0,0.0,0.0,0,0.0,0,1,1,15.0,0,1.5,2.5,,,72.0,255.0,23.248368421052632,0.0,Toledo,2020.0,2020.0,,,,0.024390243
2020,17,00-0036188,A.Williams,RB,BUF,MIA,0,0,0.0,0,0.0,0.0,0.0,12,63.0,2,1,1,20.0,0,20.3,21.3,,,71.0,210.0,23.147583333333333,0.0,North Carolina,2020.0,2020.0,,,30.0,0.027027028
2020,14,00-0036194,D.Asiasi,TE,NE,LA,0,0,0.0,0,0.0,0.0,0.0,0,0.0,0,1,0,0.0,0,0.0,0.0,,,75.0,260.0,23.2409375,0.0,UCLA,2020.0,2020.0,NE,91.0,,0.04347826
2020,15,00-0036194,D.Asiasi,TE,NE,MIA,0,0,0.0,0,0.0,0.0,0.0,0,0.0,0,1,0,0.0,0,0.0,0.0,,,75.0,260.0,23.2409375,0.0,UCLA,2020.0,2020.0,NE,91.0,,0.04
2020,16,00-0036194,D.Asiasi,TE,NE,BUF,0,0,0.0,0,0.0,0.0,0.0,0,0.0,0,2,0,0.0,0,0.0,0.0,,,75.0,260.0,23.2409375,0.0,UCLA,2020.0,2020.0,NE,91.0,-29.0,0.11111111
2020,17,00-0036194,D.Asiasi,TE,NE,NYJ,0,0,0.0,0,0.0,0.0,0.0,0,0.0,0,3,2,39.0,1,9.9,11.9,,,75.0,260.0,23.2409375,0.0,UCLA,2020.0,2020.0,NE,91.0,14.0,0.1
2020,1,00-0036196,G.Davis,WR,BUF,NYJ,0,0,0.0,0,0.0,0.0,0.0,0,0.0,0,2,2,16.0,0,1.6,3.6,,,74.0,213.0,21.720526315789474,0.0,Central Florida,2020.0,2020.0,BUF,128.0,10.0,0.044444446
2020,2,00-0036196,G.Davis,WR,BUF,MIA,0,0,0.0,0,0.0,0.0,0.0,1,0.0,0,1,1,6.0,1,6.6,7.6,,,74.0,213.0,21.720526315789474,0.0,Central Florida,2020.0,2020.0,BUF,128.0,,0.028571429
2020,3,00-0036196,G.Davis,WR,BUF,LA,0,0,0.0,0,0.0,0.0,0.0,0,0.0,0,4,4,81.0,0,8.1,12.1,,,74.0,213.0,21.720526315789474,0.0,Central Florida,2020.0,2020.0,BUF,128.0,3.0,0.125
2020,4,00-0036196,G.Davis,WR,BUF,LV,0,0,0.0,0,0.0,0.0,0.0,0,0.0,0,1,1,26.0,1,8.6,9.6,,,74.0,213.0,21.720526315789474,0.0,Central Florida,2020.0,2020.0,BUF,128.0,,0.03125
2020,5,00-0036196,G.Davis,WR,BUF,TEN,0,0,0.0,0,0.0,0.0,0.0,0,0.0,0,9,5,58.0,0,5.8,10.8,,,74.0,213.0,21.720526315789474,0.0,Central Florida,2020.0,2020.0,BUF,128.0,,0.2
2020,6,00-0036196,G.Davis,WR,BUF,KC,0,0,0.0,0,0.0,0.0,0.0,0,0.0,0,1,1,7.0,0,0.7,1.7,,,74.0,213.0,21.720526315789474,0.0,Central Florida,2020.0,2020.0,BUF,128.0,-9.0,0.04
2020,7,00-0036196,G.Davis,WR,BUF,NYJ,0,0,0.0,0,0.0,0.0,0.0,0,0.0,0,3,1,11.0,0,1.1,2.1,,,74.0,213.0,21.720526315789474,0.0,Central Florida,2020.0,2020.0,BUF,128.0,,0.07317073
2020,8,00-0036196,G.Davis,WR,BUF,NE,0,0,0.0,0,0.0,0.0,0.0,0,0.0,0,2,0,0.0,0,0.0,0.0,,,74.0,213.0,21.720526315789474,0.0,Central Florida,2020.0,2020.0,BUF,128.0,3.0,0.11111111
2020,9,00-0036196,G.Davis,WR,BUF,SEA,0,0,0.0,0,0.0,0.0,0.0,0,0.0,0,5,4,70.0,1,13.0,17.0,,,74.0,213.0,21.720526315789474,0.0,Central Florida,2020.0,2020.0,BUF,128.0,10.0,0.13157895
2020,10,00-0036196,G.Davis,WR,BUF,ARI,0,0,0.0,0,0.0,0.0,0.0,0,0.0,0,3,0,0.0,0,0.0,0.0,,,74.0,213.0,21.720526315789474,0.0,Central Florida,2020.0,2020.0,BUF,128.0,,0.06666667
2020,12,00-0036196,G.Davis,WR,BUF,LAC,0,0,0.0,0,0.0,0.0,0.0,0,0.0,0,4,3,79.0,1,13.9,16.9,,,74.0,213.0,21.720526315789474,0.0,Central Florida,2020.0,2020.0,BUF,128.0,10.0,0.16666667
2020,13,00-0036196,G.Davis,WR,BUF,SF,0,0,0.0,0,0.0,0.0,0.0,0,0.0,0,4,3,68.0,1,12.8,15.8,,,74.0,213.0,21.720526315789474,0.0,Central Florida,2020.0,2020.0,BUF,128.0,,0.10810811
2020,14,00-0036196,G.Davis,WR,BUF,PIT,0,0,0.0,0,0.0,0.0,0.0,0,0.0,0,8,3,19.0,1,7.9,10.9,,,74.0,213.0,21.720526315789474,0.0,Central Florida,2020.0,2020.0,BUF,128.0,11.0,0.1904762
2020,15,00-0036196,G.Davis,WR,BUF,DEN,0,0,0.0,0,0.0,0.0,0.0,0,0.0,0,5,2,18.0,0,1.8,3.8,,,74.0,213.0,21.720526315789474,0.0,Central Florida,2020.0,2020.0,BUF,128.0,,0.13157895
2020,16,00-0036196,G.Davis,WR,BUF,NE,0,0,0.0,0,0.0,0.0,0.0,0,0.0,0,5,3,33.0,0,3.3,6.3,,,74.0,213.0,21.720526315789474,0.0,Central Florida,2020.0,2020.0,BUF,128.0,,0.13157895
2020,17,00-0036196,G.Davis,WR,BUF,MIA,0,0,0.0,0,0.0,0.0,0.0,0,0.0,0,5,2,107.0,1,16.7,18.7,,,74.0,213.0,21.720526315789474,0.0,Central Florida,2020.0,2020.0,BUF,128.0,30.0,0.13513513
2020,18,00-0036196,G.Davis,WR,BUF,IND,0,0,0.0,0,0.0,0.0,0.0,0,0.0,0,4,4,85.0,0,8.5,12.5,,,74.0,213.0,21.720526315789474,0.0,Central Florida,2020.0,2020.0,BUF,128.0,3.0,0.11764706
2020,19,00-0036196,G.Davis,WR,BUF,BAL,0,0,0.0,0,0.0,0.0,0.0,0,0.0,0,4,0,0.0,0,0.0,0.0,,,74.0,213.0,21.720526315789474,0.0,Central Florida,2020.0,2020.0,BUF,128.0,14.0,0.114285715
2020,20,00-0036196,G.Davis,WR,BUF,KC,0,0,0.0,0,0.0,0.0,0.0,0,0.0,0,3,0,0.0,0,0.0,0.0,,,74.0,213.0,21.720526315789474,0.0,Central Florida,2020.0,2020.0,BUF,128.0,,0.06818182
2020,10,00-0036208,A.Pierce,RB,CHI,MIN,0,0,0.0,0,0.0,0.0,0.0,3,9.0,0,0,0,0.0,0,0.9,0.9,,,71.0,208.0,24.486882352941176,0.0,Oregon State,2020.0,2020.0,,,-6.0,
2020,16,00-0036208,A.Pierce,RB,CHI,JAX,0,0,0.0,0,0.0,0.0,0.0,2,26.0,1,0,0,0.0,0,8.6,8.6,,,71.0,208.0,24.486882352941176,0.0,Oregon State,2020.0,2020.0,,,,
2020,17,00-0036208,A.Pierce,RB,CHI,GB,0,0,0.0,0,0.0,0.0,0.0,1,-1.0,0,0,0,0.0,0,-0.1,-0.1,,,71.0,208.0,24.486882352941176,0.0,Oregon State,2020.0,2020.0,,,-19.0,
2020,6,00-0036212,T.Tagovailoa,QB,MIA,NYJ,2,2,9.0,0,0.0,0.0,-0.0,0,0.0,0,0,0,0.0,0,0.36,0.36,,,72.0,218.0,22.69025,0.0,Alabama,2020.0,2020.0,MIA,5.0,24.0,
2020,8,00-0036212,T.Tagovailoa,QB,MIA,LA,12,22,93.0,1,0.0,1.0,3.0,2,0.0,0,0,0,0.0,0,5.72,5.72,,,72.0,218.0,22.69025,0.0,Alabama,2020.0,2020.0,MIA,5.0,11.0,
2020,9,00-0036212,T.Tagovailoa,QB,MIA,ARI,20,28,248.0,2,0.0,3.0,27.0,7,35.0,0,0,0,0.0,0,21.42,21.42,,,72.0,218.0,22.69025,0.0,Alabama,2020.0,2020.0,MIA,5.0,,
2020,10,00-0036212,T.Tagovailoa,QB,MIA,LAC,15,25,169.0,2,0.0,0.0,-0.0,6,-1.0,0,0,0,0.0,0,14.66,14.66,,,72.0,218.0,22.69025,0.0,Alabama,2020.0,2020.0,MIA,5.0,8.0,
2020,11,00-0036212,T.Tagovailoa,QB,MIA,DEN,11,20,83.0,1,0.0,6.0,33.0,0,0.0,0,0,0,0.0,0,7.32,7.32,,,72.0,218.0,22.69025,0.0,Alabama,2020.0,2020.0,MIA,5.0,,
2020,13,00-0036212,T.Tagovailoa,QB,MIA,CIN,26,39,296.0,1,0.0,0.0,-0.0,3,3.0,0,0,0,0.0,0,16.14,16.14,,,72.0,218.0,22.69025,0.0,Alabama,2020.0,2020.0,MIA,5.0,12.0,
2020,14,00-0036212,T.Tagovailoa,QB,MIA,KC,28,48,316.0,2,1.0,4.0,29.0,6,24.0,1,0,0,0.0,0,27.04,27.04,,,72.0,218.0,22.69025,0.0,Alabama,2020.0,2020.0,MIA,5.0,-6.0,
2020,15,00-0036212,T.Tagovailoa,QB,MIA,NE,20,26,145.0,0,1.0,2.0,12.0,3,9.0,2,0,0,0.0,0,18.7,18.7,,,72.0,218.0,22.69025,0.0,Alabama,2020.0,2020.0,MIA,5.0,10.0,
2020,16,00-0036212,T.Tagovailoa,QB,MIA,LV,17,22,94.0,1,0.0,3.0,23.0,3,11.0,0,0,0,0.0,0,8.86,8.86,,,72.0,218.0,22.69025,0.0,Alabama,2020.0,2020.0,MIA,5.0,,
2020,17,00-0036212,T.Tagovailoa,QB,MIA,BUF,35,58,361.0,1,3.0,1.0,9.0,6,28.0,0,0,0,0.0,0,15.24,15.24,,,72.0,218.0,22.69025,0.0,Alabama,2020.0,2020.0,MIA,5.0,,
2020,4,00-0036219,M.Callaway,WR,NO,DET,0,0,0.0,0,0.0,0.0,0.0,0,0.0,0,1,1,16.0,0,1.6,2.6,,,74.0,204.0,22.643555555555555,0.0,Tennessee,2020.0,2020.0,,,,0.04
2020,5,00-0036219,M.Callaway,WR,NO,LAC,0,0,0.0,0,0.0,0.0,0.0,0,0.0,0,6,4,34.0,0,3.4,7.4,,,74.0,204.0,22.643555555555555,0.0,Tennessee,2020.0,2020.0,,,3.0,0.12765957
2020,7,00-0036219,M.Callaway,WR,NO,CAR,0,0,0.0,0,0.0,0.0,0.0,0,0.0,0,10,8,75.0,0,7.5,15.5,,,74.0,204.0,22.643555555555555,0.0,Tennessee,2020.0,2020.0,,,3.0,0.2857143
2020,9,00-0036219,M.Callaway,WR,NO,TB,0,0,0.0,0,0.0,0.0,0.0,0,0.0,0,2,2,11.0,0,1.1,3.1,,,74.0,204.0,22.643555555555555,0.0,Tennessee,2020.0,2020.0,,,,0.05882353
2020,16,00-0036219,M.Callaway,WR,NO,MIN,0,0,0.0,0,0.0,0.0,0.0,0,0.0,0,4,3,26.0,0,2.6,5.6,,,74.0,204.0,22.643555555555555,0.0,Tennessee,2020.0,2020.0,,,19.0,0.14285715
2020,17,00-0036219,M.Callaway,WR,NO,CAR,0,0,0.0,0,0.0,0.0,0.0,0,0.0,0,4,3,51.0,0,5.1,8.1,,,74.0,204.0,22.643555555555555,0.0,Tennessee,2020.0,2020.0,,,,0.13793103
2020,19,00-0036219,M.Callaway,WR,NO,TB,0,0,0.0,0,0.0,0.0,0.0,0,0.0,0,2,0,0.0,0,0.0,0.0,,,74.0,204.0,22.643555555555555,0.0,Tennessee,2020.0,2020.0,,,-10.0,0.057142857
2020,5,00-0036222,I.Rodgers,CB,IND,CLE,0,0,0.0,0,0.0,0.0,0.0,0,0.0,0,0,0,0.0,0,6.0,6.0,,,70.0,170.0,22.848117647058825,0.0,Massachusetts,2020.0,2020.0,IND,211.0,,
2020,1,00-0036223,J.Taylor,RB,IND,JAX,0,0,0.0,0,0.0,0.0,0.0,9,22.0,0,6,6,67.0,0,8.9,14.9,,,70.0,221.0,21.816000000000003,0.0,Wisconsin,2020.0,2020.0,IND,41.0,,0.13043478
2020,2,00-0036223,J.Taylor,RB,IND,MIN,0,0,0.0,0,0.0,0.0,0.0,26,101.0,1,2,2,9.0,0,17.0,19.0,,,70.0,221.0,21.816000000000003,0.0,Wisconsin,2020.0,2020.0,IND,41.0,17.0,0.08
2020,3,00-0036223,J.Taylor,RB,IND,NYJ,0,0,0.0,0,0.0,0.0,0.0,13,59.0,1,1,1,3.0,0,12.2,13.2,,,70.0,221.0,21.816000000000003,0.0,Wisconsin,2020.0,2020.0,IND,41.0,29.0,0.04
2020,4,00-0036223,J.Taylor,RB,IND,CHI,0,0,0.0,0,0.0,0.0,0.0,17,68.0,0,1,1,11.0,0,7.9,8.9,,,70.0,221.0,21.816000000000003,0.0,Wisconsin,2020.0,2020.0,IND,41.0,,0.035714287
2020,5,00-0036223,J.Taylor,RB,IND,CLE,0,0,0.0,0,0.0,0.0,0.0,12,57.0,1,3,2,17.0,0,13.4,15.4,,,70.0,221.0,21.816000000000003,0.0,Wisconsin,2020.0,2020.0,IND,41.0,,0.09375
2020,6,00-0036223,J.Taylor,RB,IND,CIN,0,0,0.0,0,0.0,0.0,0.0,12,60.0,0,4,4,55.0,0,11.5,15.5,,,70.0,221.0,21.816000000000003,0.0,Wisconsin,2020.0,2020.0,IND,41.0,4.0,0.0952381
2020,8,00-0036223,J.Taylor,RB,IND,DET,0,0,0.0,0,0.0,0.0,0.0,11,22.0,0,2,2,9.0,0,3.1,5.1,,,70.0,221.0,21.816000000000003,0.0,Wisconsin,2020.0,2020.0,IND,41.0,,0.060606062
2020,9,00-0036223,J.Taylor,RB,IND,BAL,0,0,0.0,0,0.0,0.0,0.0,6,27.0,1,2,2,7.0,0,7.4,9.4,,,70.0,221.0,21.816000000000003,0.0,Wisconsin,2020.0,2020.0,IND,41.0,-14.0,0.05
2020,10,00-0036223,J.Taylor,RB,IND,TEN,0,0,0.0,0,0.0,0.0,0.0,7,12.0,0,2,2,25.0,0,3.7,5.7,,,70.0,221.0,21.816000000000003,0.0,Wisconsin,2020.0,2020.0,IND,41.0,,0.055555556
2020,11,00-0036223,J.Taylor,RB,IND,GB,0,0,0.0,0,0.0,0.0,0.0,22,90.0,0,4,4,24.0,0,11.4,15.4,,,70.0,221.0,21.816000000000003,0.0,Wisconsin,2020.0,2020.0,IND,41.0,3.0,0.114285715
2020,13,00-0036223,J.Taylor,RB,IND,HOU,0,0,0.0,0,0.0,0.0,0.0,13,91.0,0,3,3,44.0,1,19.5,22.5,,,70.0,221.0,21.816000000000003,0.0,Wisconsin,2020.0,2020.0,IND,41.0,,0.08571429
2020,14,00-0036223,J.Taylor,RB,IND,LV,0,0,0.0,0,0.0,0.0,0.0,20,150.0,2,2,2,15.0,0,28.5,30.5,,,70.0,221.0,21.816000000000003,0.0,Wisconsin,2020.0,2020.0,IND,41.0,,0.074074075
2020,15,00-0036223,J.Taylor,RB,IND,HOU,0,0,0.0,0,0.0,0.0,0.0,16,83.0,1,5,4,12.0,0,15.5,19.5,,,70.0,221.0,21.816000000000003,0.0,Wisconsin,2020.0,2020.0,IND,41.0,7.0,0.1724138
2020,16,00-0036223,J.Taylor,RB,IND,PIT,0,0,0.0,0,0.0,0.0,0.0,18,74.0,2,0,0,0.0,0,19.4,19.4,,,70.0,221.0,21.816000000000003,0.0,Wisconsin,2020.0,2020.0,IND,41.0,,
2020,17,00-0036223,J.Taylor,RB,IND,JAX,0,0,0.0,0,0.0,0.0,0.0,30,253.0,2,2,1,1.0,0,37.4,38.4,,,70.0,221.0,21.816000000000003,0.0,Wisconsin,2020.0,2020.0,IND,41.0,14.0,0.07692308
2020,18,00-0036223,J.Taylor,RB,IND,BUF,0,0,0.0,0,0.0,0.0,0.0,21,78.0,1,4,2,6.0,0,14.4,16.4,,,70.0,221.0,21.816000000000003,0.0,Wisconsin,2020.0,2020.0,IND,41.0,,0.093023255
2020,7,00-0036225,D.Keene,TE,NE,SF,0,0,0.0,0,0.0,0.0,0.0,0,0.0,0,1,1,8.0,0,0.8,1.8,,,76.0,251.0,21.57625,0.0,Virginia Tech,2020.0,2020.0,NE,101.0,-27.0,0.045454547
2020,15,00-0036225,D.Keene,TE,NE,MIA,0,0,0.0,0,0.0,0.0,0.0,0,0.0,0,2,1,2.0,0,0.2,1.2,,,76.0,251.0,21.57625,0.0,Virginia Tech,2020.0,2020.0,NE,101.0,,0.08
2020,17,00-0036225,D.Keene,TE,NE,NYJ,0,0,0.0,0,0.0,0.0,0.0,0,0.0,0,2,1,6.0,0,0.6,1.6,,,76.0,251.0,21.57625,0.0,Virginia Tech,2020.0,2020.0,NE,101.0,14.0,0.06666667
2020,1,00-0036232,H.Bryant,TE,CLE,BAL,0,0,0.0,0,0.0,0.0,0.0,0,0.0,0,2,1,5.0,0,0.5,1.5,,,77.0,240.0,22.566222222222223,0.0,Florida Atlantic,2020.0,2020.0,CLE,115.0,,0.057142857
2020,2,00-0036232,H.Bryant,TE,CLE,CIN,0,0,0.0,0,0.0,0.0,0.0,0,0.0,0,2,1,14.0,0,1.4,2.4,,,77.0,240.0,22.566222222222223,0.0,Florida Atlantic,2020.0,2020.0,CLE,115.0,5.0,0.0952381
2020,3,00-0036232,H.Bryant,TE,CLE,WAS,0,0,0.0,0,0.0,0.0,0.0,0,0.0,0,2,1,3.0,1,6.3,7.3,,,77.0,240.0,22.566222222222223,0.0,Florida Atlantic,2020.0,2020.0,CLE,115.0,14.0,0.09090909
2020,4,00-0036232,H.Bryant,TE,CLE,DAL,0,0,0.0,0,0.0,0.0,0.0,0,0.0,0,4,4,37.0,0,3.7,7.7,,,77.0,240.0,22.566222222222223,0.0,Florida Atlantic,2020.0,2020.0,CLE,115.0,,0.15384616
2020,5,00-0036232,H.Bryant,TE,CLE,IND,0,0,0.0,0,0.0,0.0,0.0,0,0.0,0,1,0,0.0,0,0.0,0.0,,,77.0,240.0,22.566222222222223,0.0,Florida Atlantic,2020.0,2020.0,CLE,115.0,9.0,0.02631579
2020,6,00-0036232,H.Bryant,TE,CLE,PIT,0,0,0.0,0,0.0,0.0,0.0,0,0.0,0,2,1,11.0,0,1.1,2.1,,,77.0,240.0,22.566222222222223,0.0,Florida Atlantic,2020.0,2020.0,CLE,115.0,,0.07692308
2020,7,00-0036232,H.Bryant,TE,CLE,CIN,0,0,0.0,0,0.0,0.0,0.0,0,0.0,0,5,4,56.0,2,17.6,21.6,,,77.0,240.0,22.566222222222223,0.0,Florida Atlantic,2020.0,2020.0,CLE,115.0,,0.17857143
2020,8,00-0036232,H.Bryant,TE,CLE,LV,0,0,0.0,0,0.0,0.0,0.0,0,0.0,0,3,3,25.0,0,0.5,3.5,,,77.0,240.0,22.566222222222223,0.0,Florida Atlantic,2020.0,2020.0,CLE,115.0,-10.0,0.12
2020,12,00-0036232,H.Bryant,TE,CLE,JAX,0,0,0.0,0,0.0,0.0,0.0,0,0.0,0,2,1,13.0,0,-0.7,0.3,,,77.0,240.0,22.566222222222223,0.0,Florida Atlantic,2020.0,2020.0,CLE,115.0,,0.074074075
2020,14,00-0036232,H.Bryant,TE,CLE,BAL,0,0,0.0,0,0.0,0.0,0.0,0,0.0,0,6,3,18.0,0,1.8,4.8,,,77.0,240.0,22.566222222222223,0.0,Florida Atlantic,2020.0,2020.0,CLE,115.0,-5.0,0.13636364
2020,15,00-0036232,H.Bryant,TE,CLE,NYG,0,0,0.0,0,0.0,0.0,0.0,0,0.0,0,2,2,19.0,0,1.9,3.9,,,77.0,240.0,22.566222222222223,0.0,Florida Atlantic,2020.0,2020.0,CLE,115.0,,0.06666667
2020,16,00-0036232,H.Bryant,TE,CLE,NYJ,0,0,0.0,0,0.0,0.0,0.0,0,0.0,0,7,3,37.0,0,3.7,6.7,,,77.0,240.0,22.566222222222223,0.0,Florida Atlantic,2020.0,2020.0,CLE,115.0,,0.14
2020,19,00-0036232,H.Bryant,TE,CLE,KC,0,0,0.0,0,0.0,0.0,0.0,0,0.0,0,1,0,0.0,0,0.0,0.0,,,77.0,240.0,22.566222222222223,0.0,Florida Atlantic,2020.0,2020.0,CLE,115.0,,0.029411765
2020,6,00-0036233,D.Peoples-Jones,WR,CLE,PIT,0,0,0.0,0,0.0,0.0,0.0,0,0.0,0,1,0,0.0,0,0.0,0.0,,,74.0,208.0,21.73938888888889,0.0,Michigan,2020.0,2020.0,CLE,187.0,,0.03846154
2020,7,00-0036233,D.Peoples-Jones,WR,CLE,CIN,0,0,0.0,0,0.0,0.0,0.0,0,0.0,0,3,3,56.0,1,11.6,14.6,,,74.0,208.0,21.73938888888889,0.0,Michigan,2020.0,2020.0,CLE,187.0,,0.10714286
2020,10,00-0036233,D.Peoples-Jones,WR,CLE,HOU,0,0,0.0,0,0.0,0.0,0.0,0,0.0,0,2,2,16.0,0,1.6,3.6,,,74.0,208.0,21.73938888888889,0.0,Michigan,2020.0,2020.0,CLE,187.0,3.0,0.10526316
2020,13,00-0036233,D.Peoples-Jones,WR,CLE,TEN,0,0,0.0,0,0.0,0.0,0.0,0,0.0,0,3,2,92.0,1,15.2,17.2,,,74.0,208.0,21.73938888888889,0.0,Michigan,2020.0,2020.0,CLE,187.0,,0.09375
2020,14,00-0036233,D.Peoples-Jones,WR,CLE,BAL,0,0,0.0,0,0.0,0.0,0.0,0,0.0,0,5,3,74.0,0,9.4,12.4,,,74.0,208.0,21.73938888888889,0.0,Michigan,2020.0,2020.0,CLE,187.0,-5.0,0.11363637
2020,15,00-0036233,D.Peoples-Jones,WR,CLE,NYG,0,0,0.0,0,0.0,0.0,0.0,0,0.0,0,3,3,55.0,0,5.5,8.5,,,74.0,208.0,21.73938888888889,0.0,Michigan,2020.0,2020.0,CLE,187.0,,0.1
2020,17,00-0036233,D.Peoples-Jones,WR,CLE,PIT,0,0,0.0,0,0.0,0.0,0.0,0,0.0,0,3,1,11.0,0,1.1,2.1,,,74.0,208.0,21.73938888888889,0.0,Michigan,2020.0,2020.0,CLE,187.0,2.0,0.115384616
2020,18,00-0036233,D.Peoples-Jones,WR,CLE,PIT,0,0,0.0,0,0.0,0.0,0.0,0,0.0,0,2,1,8.0,0,0.8,1.8,,,74.0,208.0,21.73938888888889,0.0,Michigan,2020.0,2020.0,CLE,187.0,,0.05882353
2020,19,00-0036233,D.Peoples-Jones,WR,CLE,KC,0,0,0.0,0,0.0,0.0,0.0,0,0.0,0,1,1,23.0,0,2.3,3.3,,,74.0,208.0,21.73938888888889,0.0,Michigan,2020.0,2020.0,CLE,187.0,,0.029411765
2020,14,00-0036244,C.Parkinson,TE,SEA,NYJ,0,0,0.0,0,0.0,0.0,0.0,0,0.0,0,2,2,16.0,0,1.6,3.6,,,79.0,251.0,21.850058823529412,0.0,Stanford,2020.0,2020.0,SEA,133.0,37.0,0.0625
2020,8,00-0036245,M.Perry,RB,MIA,LA,0,0,0.0,0,0.0,0.0,0.0,1,-5.0,0,1,1,10.0,0,0.5,1.5,,,70.0,190.0,23.558125,0.0,Navy,2020.0,2020.0,MIA,246.0,11.0,0.045454547
2020,9,00-0036245,M.Perry,RB,MIA,ARI,0,0,0.0,0,0.0,0.0,0.0,0,0.0,0,1,0,0.0,0,0.0,0.0,,,70.0,190.0,23.558125,0.0,Navy,2020.0,2020.0,MIA,246.0,,0.03846154
2020,10,00-0036245,M.Perry,RB,MIA,LAC,0,0,0.0,0,0.0,0.0,0.0,1,6.0,0,2,2,21.0,0,2.7,4.7,,,70.0,190.0,23.558125,0.0,Navy,2020.0,2020.0,MIA,246.0,8.0,0.083333336
2020,11,00-0036245,M.Perry,RB,MIA,DEN,0,0,0.0,0,0.0,0.0,0.0,0,0.0,0,5,3,23.0,0,2.3,5.3,,,70.0,190.0,23.558125,0.0,Navy,2020.0,2020.0,MIA,246.0,,0.13513513
2020,12,00-0036245,M.Perry,RB,MIA,NYJ,0,0,0.0,0,0.0,0.0,0.0,0,0.0,0,1,1,8.0,0,0.8,1.8,,,70.0,190.0,23.558125,0.0,Navy,2020.0,2020.0,MIA,246.0,,0.025641026
2020,14,00-0036245,M.Perry,RB,MIA,KC,0,0,0.0,0,0.0,0.0,0.0,0,0.0,0,2,1,5.0,0,0.5,1.5,,,70.0,190.0,23.558125,0.0,Navy,2020.0,2020.0,MIA,246.0,-6.0,0.04347826
2020,15,00-0036245,M.Perry,RB,MIA,NE,0,0,0.0,0,0.0,0.0,0.0,1,4.0,0,0,0,0.0,0,0.4,0.4,,,70.0,190.0,23.558125,0.0,Navy,2020.0,2020.0,MIA,246.0,10.0,
2020,17,00-0036245,M.Perry,RB,MIA,BUF,0,0,0.0,0,0.0,0.0,0.0,0,0.0,0,1,1,25.0,1,8.5,9.5,,,70.0,190.0,23.558125,0.0,Navy,2020.0,2020.0,MIA,246.0,,0.016949153
2020,1,00-0036247,F.Swain,WR,SEA,ATL,0,0,0.0,0,0.0,0.0,0.0,0,0.0,0,1,1,17.0,0,1.7,2.7,,,72.0,199.0,22.277176470588234,0.0,Florida,2020.0,2020.0,SEA,214.0,,0.028571429
2020,2,00-0036247,F.Swain,WR,SEA,NE,0,0,0.0,0,0.0,0.0,0.0,0,0.0,0,1,1,21.0,1,8.1,9.1,,,72.0,199.0,22.277176470588234,0.0,Florida,2020.0,2020.0,SEA,214.0,5.0,0.04
2020,3,00-0036247,F.Swain,WR,SEA,DAL,0,0,0.0,0,0.0,0.0,0.0,0,0.0,0,1,1,13.0,0,1.3,2.3,,,72.0,199.0,22.277176470588234,0.0,Florida,2020.0,2020.0,SEA,214.0,7.0,0.02631579
2020,4,00-0036247,F.Swain,WR,SEA,MIA,0,0,0.0,0,0.0,0.0,0.0,0,0.0,0,3,2,32.0,0,3.2,5.2,,,72.0,199.0,22.277176470588234,0.0,Florida,2020.0,2020.0,SEA,214.0,,0.09090909
2020,5,00-0036247,F.Swain,WR,SEA,MIN,0,0,0.0,0,0.0,0.0,0.0,0,0.0,0,2,2,14.0,0,1.4,3.4,,,72.0,199.0,22.277176470588234,0.0,Florida,2020.0,2020.0,SEA,214.0,1.0,0.06666667
2020,7,00-0036247,F.Swain,WR,SEA,ARI,0,0,0.0,0,0.0,0.0,0.0,0,0.0,0,1,0,0.0,0,0.0,0.0,,,72.0,199.0,22.277176470588234,0.0,Florida,2020.0,2020.0,SEA,214.0,,0.020833334
2020,9,00-0036247,F.Swain,WR,SEA,BUF,0,0,0.0,0,0.0,0.0,0.0,0,0.0,0,2,0,0.0,0,0.0,0.0,,,72.0,199.0,22.277176470588234,0.0,Florida,2020.0,2020.0,SEA,214.0,,0.05
2020,10,00-0036247,F.Swain,WR,SEA,LA,0,0,0.0,0,0.0,0.0,0.0,0,0.0,0,4,3,37.0,0,3.7,6.7,,,72.0,199.0,22.277176470588234,0.0,Florida,2020.0,2020.0,SEA,214.0,,0.114285715
2020,13,00-0036247,F.Swain,WR,SEA,NYG,0,0,0.0,0,0.0,0.0,0.0,0,0.0,0,1,0,0.0,0,0.0,0.0,,,72.0,199.0,22.277176470588234,0.0,Florida,2020.0,2020.0,SEA,214.0,-5.0,0.024390243
2020,14,00-0036247,F.Swain,WR,SEA,NYJ,0,0,0.0,0,0.0,0.0,0.0,0,0.0,0,3,2,22.0,1,8.2,10.2,,,72.0,199.0,22.277176470588234,0.0,Florida,2020.0,2020.0,SEA,214.0,37.0,0.09375
2020,15,00-0036247,F.Swain,WR,SEA,WAS,0,0,0.0,0,0.0,0.0,0.0,0,0.0,0,1,1,3.0,0,0.3,1.3,,,72.0,199.0,22.277176470588234,0.0,Florida,2020.0,2020.0,SEA,214.0,,0.03846154
2020,17,00-0036247,F.Swain,WR,SEA,SF,0,0,0.0,0,0.0,0.0,0.0,0,0.0,0,1,0,0.0,0,0.0,0.0,,,72.0,199.0,22.277176470588234,0.0,Florida,2020.0,2020.0,SEA,214.0,,0.03125
2020,18,00-0036247,F.Swain,WR,SEA,LA,0,0,0.0,0,0.0,0.0,0.0,0,0.0,0,1,1,28.0,0,2.8,3.8,,,72.0,199.0,22.277176470588234,0.0,Florida,2020.0,2020.0,SEA,214.0,-10.0,0.03846154
2020,6,00-0036250,T.Davis,TE,JAX,DET,0,0,0.0,0,0.0,0.0,0.0,0,0.0,0,2,0,0.0,0,0.0,0.0,,,76.0,250.0,23.60375,0.0,Georgia Tech,2020.0,2020.0,JAX,206.0,-18.0,0.045454547
2020,1,00-0036251,Z.Moss,RB,BUF,NYJ,0,0,0.0,0,0.0,0.0,0.0,9,11.0,0,4,3,16.0,1,8.7,11.7,,,69.0,215.0,22.927894736842106,0.0,Utah,2020.0,2020.0,BUF,86.0,10.0,0.08888889
2020,2,00-0036251,Z.Moss,RB,BUF,MIA,0,0,0.0,0,0.0,0.0,0.0,8,37.0,0,0,0,0.0,0,3.7,3.7,,,69.0,215.0,22.927894736842106,0.0,Utah,2020.0,2020.0,BUF,86.0,,
2020,6,00-0036251,Z.Moss,RB,BUF,KC,0,0,0.0,0,0.0,0.0,0.0,5,10.0,0,0,0,0.0,0,1.0,1.0,,,69.0,215.0,22.927894736842106,0.0,Utah,2020.0,2020.0,BUF,86.0,-9.0,
2020,7,00-0036251,Z.Moss,RB,BUF,NYJ,0,0,0.0,0,0.0,0.0,0.0,7,47.0,0,3,3,25.0,0,7.2,10.2,,,69.0,215.0,22.927894736842106,0.0,Utah,2020.0,2020.0,BUF,86.0,,0.07317073
2020,8,00-0036251,Z.Moss,RB,BUF,NE,0,0,0.0,0,0.0,0.0,0.0,14,81.0,2,1,0,0.0,0,20.1,20.1,,,69.0,215.0,22.927894736842106,0.0,Utah,2020.0,2020.0,BUF,86.0,3.0,0.055555556
2020,9,00-0036251,Z.Moss,RB,BUF,SEA,0,0,0.0,0,0.0,0.0,0.0,9,18.0,1,2,2,30.0,0,10.8,12.8,,,69.0,215.0,22.927894736842106,0.0,Utah,2020.0,2020.0,BUF,86.0,10.0,0.05263158
2020,10,00-0036251,Z.Moss,RB,BUF,ARI,0,0,0.0,0,0.0,0.0,0.0,7,20.0,0,2,1,-3.0,0,1.7,2.7,,,69.0,215.0,22.927894736842106,0.0,Utah,2020.0,2020.0,BUF,86.0,,0.044444446
2020,12,00-0036251,Z.Moss,RB,BUF,LAC,0,0,0.0,0,0.0,0.0,0.0,9,59.0,0,2,2,9.0,0,6.8,8.8,,,69.0,215.0,22.927894736842106,0.0,Utah,2020.0,2020.0,BUF,86.0,10.0,0.083333336
2020,13,00-0036251,Z.Moss,RB,BUF,SF,0,0,0.0,0,0.0,0.0,0.0,3,9.0,0,1,1,5.0,0,1.4,2.4,,,69.0,215.0,22.927894736842106,0.0,Utah,2020.0,2020.0,BUF,86.0,,0.027027028
2020,14,00-0036251,Z.Moss,RB,BUF,PIT,0,0,0.0,0,0.0,0.0,0.0,13,43.0,0,1,0,0.0,0,4.3,4.3,,,69.0,215.0,22.927894736842106,0.0,Utah,2020.0,2020.0,BUF,86.0,11.0,0.023809524
2020,15,00-0036251,Z.Moss,RB,BUF,DEN,0,0,0.0,0,0.0,0.0,0.0,13,81.0,0,0,0,0.0,0,8.1,8.1,,,69.0,215.0,22.927894736842106,0.0,Utah,2020.0,2020.0,BUF,86.0,,
2020,16,00-0036251,Z.Moss,RB,BUF,NE,0,0,0.0,0,0.0,0.0,0.0,12,57.0,1,1,1,0.0,0,11.7,12.7,,,69.0,215.0,22.927894736842106,0.0,Utah,2020.0,2020.0,BUF,86.0,,0.02631579
2020,17,00-0036251,Z.Moss,RB,BUF,MIA,0,0,0.0,0,0.0,0.0,0.0,3,8.0,0,1,1,13.0,0,2.1,3.1,,,69.0,215.0,22.927894736842106,0.0,Utah,2020.0,2020.0,BUF,86.0,30.0,0.027027028
2020,18,00-0036251,Z.Moss,RB,BUF,IND,0,0,0.0,0,0.0,0.0,0.0,7,21.0,0,4,4,26.0,0,4.7,8.7,,,69.0,215.0,22.927894736842106,0.0,Utah,2020.0,2020.0,BUF,86.0,3.0,0.11764706
2020,1,00-0036252,M.Pittman,WR,IND,JAX,0,0,0.0,0,0.0,0.0,0.0,0,0.0,0,2,2,10.0,0,1.0,3.0,,,76.0,223.0,23.105588235294118,0.0,Southern California,2020.0,2020.0,IND,34.0,,0.04347826
2020,2,00-0036252,M.Pittman,WR,IND,MIN,0,0,0.0,0,0.0,0.0,0.0,0,0.0,0,6,4,37.0,0,3.7,7.7,,,76.0,223.0,23.105588235294118,0.0,Southern California,2020.0,2020.0,IND,34.0,17.0,0.24
2020,3,00-0036252,M.Pittman,WR,IND,NYJ,0,0,0.0,0,0.0,0.0,0.0,0,0.0,0,4,3,26.0,0,2.6,5.6,,,76.0,223.0,23.105588235294118,0.0,Southern California,2020.0,2020.0,IND,34.0,29.0,0.16
2020,8,00-0036252,M.Pittman,WR,IND,DET,0,0,0.0,0,0.0,0.0,0.0,0,0.0,0,1,1,6.0,0,0.6,1.6,,,76.0,223.0,23.105588235294118,0.0,Southern California,2020.0,2020.0,IND,34.0,,0.030303031
2020,9,00-0036252,M.Pittman,WR,IND,BAL,0,0,0.0,0,0.0,0.0,0.0,0,0.0,0,7,4,56.0,0,5.6,9.6,,,76.0,223.0,23.105588235294118,0.0,Southern California,2020.0,2020.0,IND,34.0,-14.0,0.175
2020,10,00-0036252,M.Pittman,WR,IND,TEN,0,0,0.0,0,0.0,0.0,0.0,1,21.0,0,8,7,101.0,0,12.2,19.2,,,76.0,223.0,23.105588235294118,0.0,Southern California,2020.0,2020.0,IND,34.0,,0.22222222
2020,11,00-0036252,M.Pittman,WR,IND,GB,0,0,0.0,0,0.0,0.0,0.0,0,0.0,0,3,3,66.0,1,12.6,15.6,,,76.0,223.0,23.105588235294118,0.0,Southern California,2020.0,2020.0,IND,34.0,3.0,0.08571429
2020,12,00-0036252,M.Pittman,WR,IND,TEN,0,0,0.0,0,0.0,0.0,0.0,0,0.0,0,9,2,28.0,0,2.8,4.8,,,76.0,223.0,23.105588235294118,0.0,Southern California,2020.0,2020.0,IND,34.0,-19.0,0.21428572
2020,13,00-0036252,M.Pittman,WR,IND,HOU,0,0,0.0,0,0.0,0.0,0.0,0,0.0,0,5,5,46.0,0,4.6,9.6,,,76.0,223.0,23.105588235294118,0.0,Southern California,2020.0,2020.0,IND,34.0,,0.14285715
2020,14,00-0036252,M.Pittman,WR,IND,LV,0,0,0.0,0,0.0,0.0,0.0,1,3.0,0,5,2,42.0,0,4.5,6.5,,,76.0,223.0,23.105588235294118,0.0,Southern California,2020.0,2020.0,IND,34.0,,0.18518518
2020,15,00-0036252,M.Pittman,WR,IND,HOU,0,0,0.0,0,0.0,0.0,0.0,0,0.0,0,3,2,19.0,0,1.9,3.9,,,76.0,223.0,23.105588235294118,0.0,Southern California,2020.0,2020.0,IND,34.0,7.0,0.10344828
2020,16,00-0036252,M.Pittman,WR,IND,PIT,0,0,0.0,0,0.0,0.0,0.0,0,0.0,0,6,3,38.0,0,3.8,6.8,,,76.0,223.0,23.105588235294118,0.0,Southern California,2020.0,2020.0,IND,34.0,,0.1764706
2020,17,00-0036252,M.Pittman,WR,IND,JAX,0,0,0.0,0,0.0,0.0,0.0,1,2.0,0,2,2,28.0,0,3.0,5.0,,,76.0,223.0,23.105588235294118,0.0,Southern California,2020.0,2020.0,IND,34.0,14.0,0.07692308
2020,18,00-0036252,M.Pittman,WR,IND,BUF,0,0,0.0,0,0.0,0.0,0.0,1,11.0,0,10,5,90.0,0,10.1,15.1,,,76.0,223.0,23.105588235294118,0.0,Southern California,2020.0,2020.0,IND,34.0,,0.23255815
2020,1,00-0036254,C.Johnson,WR,JAX,IND,0,0,0.0,0,0.0,0.0,0.0,0,0.0,0,1,1,14.0,0,1.4,2.4,,,78.0,215.0,23.12725,0.0,Texas,2020.0,2020.0,JAX,165.0,7.0,0.05
2020,2,00-0036254,C.Johnson,WR,JAX,TEN,0,0,0.0,0,0.0,0.0,0.0,0,0.0,0,3,0,0.0,0,0.0,0.0,,,78.0,215.0,23.12725,0.0,Texas,2020.0,2020.0,JAX,165.0,,0.06818182
2020,3,00-0036254,C.Johnson,WR,JAX,MIA,0,0,0.0,0,0.0,0.0,0.0,0,0.0,0,2,1,3.0,0,0.3,1.3,,,78.0,215.0,23.12725,0.0,Texas,2020.0,2020.0,JAX,165.0,-18.0,0.04761905
2020,5,00-0036254,C.Johnson,WR,JAX,HOU,0,0,0.0,0,0.0,0.0,0.0,0,0.0,0,4,3,30.0,1,9.0,12.0,,,78.0,215.0,23.12725,0.0,Texas,2020.0,2020.0,JAX,165.0,,0.09090909
2020,7,00-0036254,C.Johnson,WR,JAX,LAC,0,0,0.0,0,0.0,0.0,0.0,0,0.0,0,1,1,13.0,0,1.3,2.3,,,78.0,215.0,23.12725,0.0,Texas,2020.0,2020.0,JAX,165.0,,0.041666668
2020,9,00-0036254,C.Johnson,WR,JAX,HOU,0,0,0.0,0,0.0,0.0,0.0,0,0.0,0,2,1,9.0,0,0.9,1.9,,,78.0,215.0,23.12725,0.0,Texas,2020.0,2020.0,JAX,165.0,-2.0,0.05263158
2020,12,00-0036254,C.Johnson,WR,JAX,CLE,0,0,0.0,0,0.0,0.0,0.0,0,0.0,0,8,4,96.0,1,15.6,19.6,,,78.0,215.0,23.12725,0.0,Texas,2020.0,2020.0,JAX,165.0,-2.0,0.24242425
2020,13,00-0036254,C.Johnson,WR,JAX,MIN,0,0,0.0,0,0.0,0.0,0.0,0,0.0,0,6,4,66.0,0,8.6,12.6,,,78.0,215.0,23.12725,0.0,Texas,2020.0,2020.0,JAX,165.0,,0.14634146
2020,14,00-0036254,C.Johnson,WR,JAX,TEN,0,0,0.0,0,0.0,0.0,0.0,0,0.0,0,3,2,33.0,0,3.3,5.3,,,78.0,215.0,23.12725,0.0,Texas,2020.0,2020.0,JAX,165.0,-21.0,0.06122449
2020,15,00-0036254,C.Johnson,WR,JAX,BAL,0,0,0.0,0,0.0,0.0,0.0,0,0.0,0,1,1,8.0,0,0.8,1.8,,,78.0,215.0,23.12725,0.0,Texas,2020.0,2020.0,JAX,165.0,,0.037037037
2020,7,00-0036255,D.Mims,WR,NYJ,BUF,0,0,0.0,0,0.0,0.0,0.0,0,0.0,0,7,4,42.0,0,4.2,8.2,,,75.0,207.0,23.0785625,0.0,Baylor,2020.0,2020.0,NYJ,59.0,-8.0,0.33333334
2020,8,00-0036255,D.Mims,WR,NYJ,KC,0,0,0.0,0,0.0,0.0,0.0,0,0.0,0,3,2,42.0,0,4.2,6.2,,,75.0,207.0,23.0785625,0.0,Baylor,2020.0,2020.0,NYJ,59.0,,0.10714286
2020,9,00-0036255,D.Mims,WR,NYJ,NE,0,0,0.0,0,0.0,0.0,0.0,0,0.0,0,8,4,62.0,0,6.2,10.2,,,75.0,207.0,23.0785625,0.0,Baylor,2020.0,2020.0,NYJ,59.0,-3.0,0.33333334
2020,11,00-0036255,D.Mims,WR,NYJ,LAC,0,0,0.0,0,0.0,0.0,0.0,0,0.0,0,7,3,71.0,0,7.1,10.1,,,75.0,207.0,23.0785625,0.0,Baylor,2020.0,2020.0,NYJ,59.0,,0.25
2020,12,00-0036255,D.Mims,WR,NYJ,MIA,0,0,0.0,0,0.0,0.0,0.0,0,0.0,0,8,4,67.0,0,6.7,10.7,,,75.0,207.0,23.0785625,0.0,Baylor,2020.0,2020.0,NYJ,59.0,-17.0,0.2962963
2020,13,00-0036255,D.Mims,WR,NYJ,LV,0,0,0.0,0,0.0,0.0,0.0,0,0.0,0,3,2,40.0,0,6.0,8.0,,,75.0,207.0,23.0785625,0.0,Baylor,2020.0,2020.0,NYJ,59.0,-3.0,0.15
2020,15,00-0036255,D.Mims,WR,NYJ,LA,0,0,0.0,0,0.0,0.0,0.0,0,0.0,0,4,3,18.0,0,1.8,4.8,,,75.0,207.0,23.0785625,0.0,Baylor,2020.0,2020.0,NYJ,59.0,,0.14814815
2020,16,00-0036255,D.Mims,WR,NYJ,CLE,0,0,0.0,0,0.0,0.0,0.0,0,0.0,0,2,0,0.0,0,0.0,0.0,,,75.0,207.0,23.0785625,0.0,Baylor,2020.0,2020.0,NYJ,59.0,7.0,0.071428575
2020,17,00-0036255,D.Mims,WR,NYJ,NE,0,0,0.0,0,0.0,0.0,0.0,0,0.0,0,2,1,15.0,0,1.5,2.5,,,75.0,207.0,23.0785625,0.0,Baylor,2020.0,2020.0,NYJ,59.0,,0.060606062
2020,2,00-0036261,B.Aiyuk,WR,SF,NYJ,0,0,0.0,0,0.0,0.0,0.0,0,0.0,0,3,2,21.0,0,2.1,4.1,,,72.0,206.0,22.6445625,0.0,Arizona State,2020.0,2020.0,SF,25.0,,0.11111111
2020,3,00-0036261,B.Aiyuk,WR,SF,NYG,0,0,0.0,0,0.0,0.0,0.0,3,31.0,1,8,5,70.0,0,16.1,21.1,,,72.0,206.0,22.6445625,0.0,Arizona State,2020.0,2020.0,SF,25.0,,0.22857143
2020,4,00-0036261,B.Aiyuk,WR,SF,PHI,0,0,0.0,0,0.0,0.0,0.0,1,38.0,1,5,2,18.0,0,11.6,13.6,,,72.0,206.0,22.6445625,0.0,Arizona State,2020.0,2020.0,SF,25.0,-5.0,0.12195122
2020,5,00-0036261,B.Aiyuk,WR,SF,MIA,0,0,0.0,0,0.0,0.0,0.0,0,0.0,0,6,3,44.0,0,4.4,7.4,,,72.0,206.0,22.6445625,0.0,Arizona State,2020.0,2020.0,SF,25.0,-26.0,0.17142858
2020,6,00-0036261,B.Aiyuk,WR,SF,LA,0,0,0.0,0,0.0,0.0,0.0,0,0.0,0,3,2,12.0,1,7.2,9.2,,,72.0,206.0,22.6445625,0.0,Arizona State,2020.0,2020.0,SF,25.0,8.0,0.09375
2020,7,00-0036261,B.Aiyuk,WR,SF,NE,0,0,0.0,0,0.0,0.0,0.0,0,0.0,0,7,6,115.0,0,11.5,17.5,,,72.0,206.0,22.6445625,0.0,Arizona State,2020.0,2020.0,SF,25.0,,0.28
2020,8,00-0036261,B.Aiyuk,WR,SF,SEA,0,0,0.0,0,0.0,0.0,0.0,0,0.0,0,10,8,91.0,1,15.1,23.1,,,72.0,206.0,22.6445625,0.0,Arizona State,2020.0,2020.0,SF,25.0,,0.25
2020,10,00-0036261,B.Aiyuk,WR,SF,NO,0,0,0.0,0,0.0,0.0,0.0,1,-8.0,0,14,7,75.0,1,12.7,19.7,,,72.0,206.0,22.6445625,0.0,Arizona State,2020.0,2020.0,SF,25.0,,0.35897437
2020,13,00-0036261,B.Aiyuk,WR,SF,BUF,0,0,0.0,0,0.0,0.0,0.0,0,0.0,0,9,5,95.0,1,15.5,20.5,,,72.0,206.0,22.6445625,0.0,Arizona State,2020.0,2020.0,SF,25.0,-10.0,0.23076923
2020,14,00-0036261,B.Aiyuk,WR,SF,WAS,0,0,0.0,0,0.0,0.0,0.0,0,0.0,0,16,10,119.0,0,11.9,21.9,,,72.0,206.0,22.6445625,0.0,Arizona State,2020.0,2020.0,SF,25.0,-8.0,0.36363637
2020,15,00-0036261,B.Aiyuk,WR,SF,DAL,0,0,0.0,0,0.0,0.0,0.0,0,0.0,0,13,9,73.0,1,13.3,22.3,,,72.0,206.0,22.6445625,0.0,Arizona State,2020.0,2020.0,SF,25.0,,0.31707317
2020,16,00-0036261,B.Aiyuk,WR,SF,ARI,0,0,0.0,0,0.0,0.0,0.0,1,16.0,0,2,1,15.0,0,3.1,4.1,,,72.0,206.0,22.6445625,0.0,Arizona State,2020.0,2020.0,SF,25.0,,0.0952381
2020,1,00-0036265,A.Dillon,RB,GB,MIN,0,0,0.0,0,0.0,0.0,0.0,2,14.0,0,0,0,0.0,0,1.4,1.4,,,72.0,250.0,22.547444444444444,0.0,Boston College,2020.0,2020.0,GB,62.0,,
2020,2,00-0036265,A.Dillon,RB,GB,DET,0,0,0.0,0,0.0,0.0,0.0,5,17.0,0,0,0,0.0,0,1.7,1.7,,,72.0,250.0,22.547444444444444,0.0,Boston College,2020.0,2020.0,GB,62.0,21.0,
2020,4,00-0036265,A.Dillon,RB,GB,ATL,0,0,0.0,0,0.0,0.0,0.0,1,3.0,0,0,0,0.0,0,0.3,0.3,,,72.0,250.0,22.547444444444444,0.0,Boston College,2020.0,2020.0,GB,62.0,14.0,
2020,6,00-0036265,A.Dillon,RB,GB,TB,0,0,0.0,0,0.0,0.0,0.0,5,31.0,0,0,0,0.0,0,3.1,3.1,,,72.0,250.0,22.547444444444444,0.0,Boston College,2020.0,2020.0,GB,62.0,,
2020,7,00-0036265,A.Dillon,RB,GB,HOU,0,0,0.0,0,0.0,0.0,0.0,5,11.0,0,0,0,0.0,0,1.1,1.1,,,72.0,250.0,22.547444444444444,0.0,Boston College,2020.0,2020.0,GB,62.0,,
2020,8,00-0036265,A.Dillon,RB,GB,MIN,0,0,0.0,0,0.0,0.0,0.0,5,21.0,0,1,1,16.0,0,3.7,4.7,,,72.0,250.0,22.547444444444444,0.0,Boston College,2020.0,2020.0,GB,62.0,-6.0,0.02631579
2020,15,00-0036265,A.Dillon,RB,GB,CAR,0,0,0.0,0,0.0,0.0,0.0,1,18.0,0,0,0,0.0,0,1.8,1.8,,,72.0,250.0,22.547444444444444,0.0,Boston College,2020.0,2020.0,GB,62.0,8.0,
2020,16,00-0036265,A.Dillon,RB,GB,TEN,0,0,0.0,0,0.0,0.0,0.0,21,124.0,2,1,1,5.0,0,24.9,25.9,,,72.0,250.0,22.547444444444444,0.0,Boston College,2020.0,2020.0,GB,62.0,26.0,0.041666668
2020,17,00-0036265,A.Dillon,RB,GB,CHI,0,0,0.0,0,0.0,0.0,0.0,1,3.0,0,0,0,0.0,0,0.3,0.3,,,72.0,250.0,22.547444444444444,0.0,Boston College,2020.0,2020.0,GB,62.0,,
2020,19,00-0036265,A.Dillon,RB,GB,LA,0,0,0.0,0,0.0,0.0,0.0,6,27.0,0,0,0,0.0,0,2.7,2.7,,,72.0,250.0,22.547444444444444,0.0,Boston College,2020.0,2020.0,GB,62.0,14.0,
2020,20,00-0036265,A.Dillon,RB,GB,TB,0,0,0.0,0,0.0,0.0,0.0,3,17.0,0,1,1,13.0,0,3.0,4.0,,,72.0,250.0,22.547444444444444,0.0,Boston College,2020.0,2020.0,GB,62.0,-5.0,0.02173913
2020,1,00-0036268,L.Shenault,WR,JAX,IND,0,0,0.0,0,0.0,0.0,0.0,2,10.0,0,4,3,37.0,1,10.7,13.7,,,73.0,220.0,22.095125,0.0,Colorado,2020.0,2020.0,JAX,42.0,7.0,0.2
2020,2,00-0036268,L.Shenault,WR,JAX,TEN,0,0,0.0,0,0.0,0.0,0.0,5,37.0,0,4,3,35.0,0,7.2,10.2,,,73.0,220.0,22.095125,0.0,Colorado,2020.0,2020.0,JAX,42.0,,0.09090909
2020,3,00-0036268,L.Shenault,WR,JAX,MIA,0,0,0.0,0,0.0,0.0,0.0,1,1.0,0,6,5,33.0,0,3.4,8.4,,,73.0,220.0,22.095125,0.0,Colorado,2020.0,2020.0,JAX,42.0,-18.0,0.14285715
2020,4,00-0036268,L.Shenault,WR,JAX,CIN,0,0,0.0,0,0.0,0.0,0.0,1,5.0,0,6,5,86.0,0,9.1,14.1,,,73.0,220.0,22.095125,0.0,Colorado,2020.0,2020.0,JAX,42.0,,0.16666667
2020,5,00-0036268,L.Shenault,WR,JAX,HOU,0,0,0.0,0,0.0,0.0,0.0,0,0.0,0,8,7,79.0,0,7.9,14.9,,,73.0,220.0,22.095125,0.0,Colorado,2020.0,2020.0,JAX,42.0,,0.18181819
2020,6,00-0036268,L.Shenault,WR,JAX,DET,0,0,0.0,0,0.0,0.0,0.0,1,1.0,0,7,3,10.0,0,1.1,4.1,,,73.0,220.0,22.095125,0.0,Colorado,2020.0,2020.0,JAX,42.0,-18.0,0.1590909
2020,7,00-0036268,L.Shenault,WR,JAX,LAC,0,0,0.0,0,0.0,0.0,0.0,1,0.0,0,3,3,44.0,0,4.4,7.4,,,73.0,220.0,22.095125,0.0,Colorado,2020.0,2020.0,JAX,42.0,,0.125
2020,9,00-0036268,L.Shenault,WR,JAX,HOU,0,0,0.0,0,0.0,0.0,0.0,0,0.0,0,1,1,-1.0,0,-0.1,0.9,,,73.0,220.0,22.095125,0.0,Colorado,2020.0,2020.0,JAX,42.0,-2.0,0.02631579
2020,12,00-0036268,L.Shenault,WR,JAX,CLE,0,0,0.0,0,0.0,0.0,0.0,1,6.0,0,4,3,31.0,0,3.7,6.7,,,73.0,220.0,22.095125,0.0,Colorado,2020.0,2020.0,JAX,42.0,-2.0,0.121212125
2020,13,00-0036268,L.Shenault,WR,JAX,MIN,0,0,0.0,0,0.0,0.0,0.0,2,30.0,0,3,3,38.0,1,12.8,15.8,,,73.0,220.0,22.095125,0.0,Colorado,2020.0,2020.0,JAX,42.0,,0.07317073
2020,14,00-0036268,L.Shenault,WR,JAX,TEN,0,0,0.0,0,0.0,0.0,0.0,1,2.0,0,11,6,49.0,0,5.1,11.1,,,73.0,220.0,22.095125,0.0,Colorado,2020.0,2020.0,JAX,42.0,-21.0,0.2244898
2020,15,00-0036268,L.Shenault,WR,JAX,BAL,0,0,0.0,0,0.0,0.0,0.0,2,1.0,0,6,5,43.0,0,4.4,9.4,,,73.0,220.0,22.095125,0.0,Colorado,2020.0,2020.0,JAX,42.0,,0.22222222
2020,16,00-0036268,L.Shenault,WR,JAX,CHI,0,0,0.0,0,0.0,0.0,0.0,0,0.0,0,7,5,48.0,1,10.8,15.8,,,73.0,220.0,22.095125,0.0,Colorado,2020.0,2020.0,JAX,42.0,-24.0,0.19444445
2020,17,00-0036268,L.Shenault,WR,JAX,IND,0,0,0.0,0,0.0,0.0,0.0,1,-2.0,0,9,6,68.0,2,18.6,24.6,,,73.0,220.0,22.095125,0.0,Colorado,2020.0,2020.0,JAX,42.0,,0.225
2020,2,00-0036269,L.Perine,RB,NYJ,SF,0,0,0.0,0,0.0,0.0,0.0,3,17.0,0,0,0,0.0,0,1.7,1.7,,,71.0,220.0,22.7718125,0.0,Florida,2020.0,2020.0,NYJ,120.0,-18.0,
2020,3,00-0036269,L.Perine,RB,NYJ,IND,0,0,0.0,0,0.0,0.0,0.0,7,24.0,0,2,2,-1.0,0,2.3,4.3,,,71.0,220.0,22.7718125,0.0,Florida,2020.0,2020.0,NYJ,120.0,,0.07692308
2020,4,00-0036269,L.Perine,RB,NYJ,DEN,0,0,0.0,0,0.0,0.0,0.0,5,15.0,0,0,0,0.0,0,1.5,1.5,,,71.0,220.0,22.7718125,0.0,Florida,2020.0,2020.0,NYJ,120.0,-9.0,
2020,6,00-0036269,L.Perine,RB,NYJ,MIA,0,0,0.0,0,0.0,0.0,0.0,7,27.0,0,3,2,9.0,0,3.6,5.6,,,71.0,220.0,22.7718125,0.0,Florida,2020.0,2020.0,NYJ,120.0,,0.07692308
2020,7,00-0036269,L.Perine,RB,NYJ,BUF,0,0,0.0,0,0.0,0.0,0.0,11,40.0,1,3,2,16.0,0,11.6,13.6,,,71.0,220.0,22.7718125,0.0,Florida,2020.0,2020.0,NYJ,120.0,-8.0,0.14285715
2020,8,00-0036269,L.Perine,RB,NYJ,KC,0,0,0.0,0,0.0,0.0,0.0,8,27.0,0,2,2,6.0,0,3.3,5.3,,,71.0,220.0,22.7718125,0.0,Florida,2020.0,2020.0,NYJ,120.0,,0.071428575
2020,9,00-0036269,L.Perine,RB,NYJ,NE,0,0,0.0,0,0.0,0.0,0.0,6,19.0,0,2,2,19.0,0,3.8,5.8,,,71.0,220.0,22.7718125,0.0,Florida,2020.0,2020.0,NYJ,120.0,-3.0,0.083333336
2020,11,00-0036269,L.Perine,RB,NYJ,LAC,0,0,0.0,0,0.0,0.0,0.0,8,33.0,1,1,0,0.0,0,9.3,9.3,,,71.0,220.0,22.7718125,0.0,Florida,2020.0,2020.0,NYJ,120.0,,0.035714287
2020,16,00-0036269,L.Perine,RB,NYJ,CLE,0,0,0.0,0,0.0,0.0,0.0,9,30.0,0,2,1,14.0,0,4.4,5.4,,,71.0,220.0,22.7718125,0.0,Florida,2020.0,2020.0,NYJ,120.0,7.0,0.071428575
2020,14,00-0036271,Q.Watkins,WR,PHI,NO,0,0,0.0,0,0.0,0.0,0.0,0,0.0,0,1,1,3.0,0,0.3,1.3,,,72.0,190.0,22.41725,0.0,Southern Mississippi,2020.0,2020.0,PHI,200.0,3.0,0.03846154
2020,15,00-0036271,Q.Watkins,WR,PHI,ARI,0,0,0.0,0,0.0,0.0,0.0,0,0.0,0,4,3,40.0,1,10.0,13.0,,,72.0,190.0,22.41725,0.0,Southern Mississippi,2020.0,2020.0,PHI,200.0,,0.1
2020,16,00-0036271,Q.Watkins,WR,PHI,DAL,0,0,0.0,0,0.0,0.0,0.0,0,0.0,0,3,2,57.0,0,5.7,7.7,,,72.0,190.0,22.41725,0.0,Southern Mississippi,2020.0,2020.0,PHI,200.0,,0.0882353
2020,17,00-0036271,Q.Watkins,WR,PHI,WAS,0,0,0.0,0,0.0,0.0,0.0,0,0.0,0,5,1,6.0,0,0.6,1.6,,,72.0,190.0,22.41725,0.0,Southern Mississippi,2020.0,2020.0,PHI,200.0,-6.0,0.1724138
2020,1,00-0036275,D.Swift,RB,DET,CHI,0,0,0.0,0,0.0,0.0,0.0,3,8.0,1,5,3,15.0,0,8.3,11.3,,,69.0,211.0,21.8220625,0.0,Georgia,2020.0,2020.0,DET,35.0,-4.0,0.12195122
2020,2,00-0036275,D.Swift,RB,DET,GB,0,0,0.0,0,0.0,0.0,0.0,5,12.0,0,5,5,60.0,0,7.2,12.2,,,69.0,211.0,21.8220625,0.0,Georgia,2020.0,2020.0,DET,35.0,,0.16666667
2020,3,00-0036275,D.Swift,RB,DET,ARI,0,0,0.0,0,0.0,0.0,0.0,0,0.0,0,2,1,19.0,0,1.9,2.9,,,69.0,211.0,21.8220625,0.0,Georgia,2020.0,2020.0,DET,35.0,,0.06451613
2020,4,00-0036275,D.Swift,RB,DET,NO,0,0,0.0,0,0.0,0.0,0.0,4,22.0,0,4,4,30.0,1,11.2,15.2,,,69.0,211.0,21.8220625,0.0,Georgia,2020.0,2020.0,DET,35.0,-6.0,0.13333334
2020,6,00-0036275,D.Swift,RB,DET,JAX,0,0,0.0,0,0.0,0.0,0.0,14,116.0,2,4,3,7.0,0,24.3,27.3,,,69.0,211.0,21.8220625,0.0,Georgia,2020.0,2020.0,DET,35.0,,0.12903225
2020,7,00-0036275,D.Swift,RB,DET,ATL,0,0,0.0,0,0.0,0.0,0.0,9,27.0,1,5,4,21.0,0,10.8,14.8,,,69.0,211.0,21.8220625,0.0,Georgia,2020.0,2020.0,DET,35.0,,0.15625
2020,8,00-0036275,D.Swift,RB,DET,IND,0,0,0.0,0,0.0,0.0,0.0,6,1.0,0,4,3,22.0,0,2.3,5.3,,,69.0,211.0,21.8220625,0.0,Georgia,2020.0,2020.0,DET,35.0,-20.0,0.1
2020,9,00-0036275,D.Swift,RB,DET,MIN,0,0,0.0,0,0.0,0.0,0.0,13,64.0,0,5,3,33.0,0,9.7,12.7,,,69.0,211.0,21.8220625,0.0,Georgia,2020.0,2020.0,DET,35.0,,0.11363637
2020,10,00-0036275,D.Swift,RB,DET,WAS,0,0,0.0,0,0.0,0.0,0.0,16,81.0,0,5,5,68.0,1,20.9,25.9,,,69.0,211.0,21.8220625,0.0,Georgia,2020.0,2020.0,DET,35.0,3.0,0.15625
2020,14,00-0036275,D.Swift,RB,DET,GB,0,0,0.0,0,0.0,0.0,0.0,7,24.0,1,5,4,26.0,0,11.0,15.0,,,69.0,211.0,21.8220625,0.0,Georgia,2020.0,2020.0,DET,35.0,-7.0,0.13157895
2020,15,00-0036275,D.Swift,RB,DET,TEN,0,0,0.0,0,0.0,0.0,0.0,15,67.0,2,5,4,15.0,0,18.2,22.2,,,69.0,211.0,21.8220625,0.0,Georgia,2020.0,2020.0,DET,35.0,,0.13513513
2020,16,00-0036275,D.Swift,RB,DET,TB,0,0,0.0,0,0.0,0.0,0.0,10,45.0,0,5,4,25.0,0,5.0,9.0,,,69.0,211.0,21.8220625,0.0,Georgia,2020.0,2020.0,DET,35.0,-40.0,0.16666667
2020,17,00-0036275,D.Swift,RB,DET,MIN,0,0,0.0,0,0.0,0.0,0.0,12,54.0,1,3,3,16.0,0,13.0,16.0,,,69.0,211.0,21.8220625,0.0,Georgia,2020.0,2020.0,DET,35.0,-2.0,0.09677419
2020,1,00-0036277,Q.Cephus,WR,DET,CHI,0,0,0.0,0,0.0,0.0,0.0,0,0.0,0,10,3,43.0,0,4.3,7.3,,,73.0,205.0,22.610500000000002,0.0,Wisconsin,2020.0,2020.0,DET,166.0,-4.0,0.24390244
2020,2,00-0036277,Q.Cephus,WR,DET,GB,0,0,0.0,0,0.0,0.0,0.0,0,0.0,0,3,3,54.0,0,5.4,8.4,,,73.0,205.0,22.610500000000002,0.0,Wisconsin,2020.0,2020.0,DET,166.0,,0.1
2020,9,00-0036277,Q.Cephus,WR,DET,MIN,0,0,0.0,0,0.0,0.0,0.0,0,0.0,0,2,2,31.0,0,3.1,5.1,,,73.0,205.0,22.610500000000002,0.0,Wisconsin,2020.0,2020.0,DET,166.0,,0.045454547
2020,10,00-0036277,Q.Cephus,WR,DET,WAS,0,0,0.0,0,0.0,0.0,0.0,0,0.0,0,2,1,10.0,0,1.0,2.0,,,73.0,205.0,22.610500000000002,0.0,Wisconsin,2020.0,2020.0,DET,166.0,3.0,0.0625
2020,11,00-0036277,Q.Cephus,WR,DET,CAR,0,0,0.0,0,0.0,0.0,0.0,0,0.0,0,2,1,9.0,0,0.9,1.9,,,73.0,205.0,22.610500000000002,0.0,Wisconsin,2020.0,2020.0,DET,166.0,,0.0625
2020,12,00-0036277,Q.Cephus,WR,DET,HOU,0,0,0.0,0,0.0,0.0,0.0,0,0.0,0,2,2,27.0,0,2.7,4.7,,,73.0,205.0,22.610500000000002,0.0,Wisconsin,2020.0,2020.0,DET,166.0,-16.0,0.04761905
2020,13,00-0036277,Q.Cephus,WR,DET,CHI,0,0,0.0,0,0.0,0.0,0.0,0,0.0,0,4,2,63.0,1,12.3,14.3,,,73.0,205.0,22.610500000000002,0.0,Wisconsin,2020.0,2020.0,DET,166.0,,0.09756097
2020,14,00-0036277,Q.Cephus,WR,DET,GB,0,0,0.0,0,0.0,0.0,0.0,0,0.0,0,2,2,16.0,0,1.6,3.6,,,73.0,205.0,22.610500000000002,0.0,Wisconsin,2020.0,2020.0,DET,166.0,-7.0,0.05263158
2020,15,00-0036277,Q.Cephus,WR,DET,TEN,0,0,0.0,0,0.0,0.0,0.0,0,0.0,0,3,1,36.0,0,3.6,4.6,,,73.0,205.0,22.610500000000002,0.0,Wisconsin,2020.0,2020.0,DET,166.0,,0.08108108
2020,16,00-0036277,Q.Cephus,WR,DET,TB,0,0,0.0,0,0.0,0.0,0.0,0,0.0,0,2,1,9.0,0,0.9,1.9,,,73.0,205.0,22.610500000000002,0.0,Wisconsin,2020.0,2020.0,DET,166.0,-40.0,0.06666667
2020,17,00-0036277,Q.Cephus,WR,DET,MIN,0,0,0.0,0,0.0,0.0,0.0,0,0.0,0,3,2,51.0,1,11.1,13.1,,,73.0,205.0,22.610500000000002,0.0,Wisconsin,2020.0,2020.0,DET,166.0,-2.0,0.09677419
2020,1,00-0036278,J.Huntley,RB,PHI,WAS,0,0,0.0,0,0.0,0.0,0.0,1,1.0,0,0,0,0.0,0,0.1,0.1,,,69.0,193.0,22.554125,0.0,New Mexico State,2020.0,2020.0,DET,172.0,,
2020,7,00-0036278,J.Huntley,RB,PHI,NYG,0,0,0.0,0,0.0,0.0,0.0,2,13.0,0,1,0,0.0,0,1.3,1.3,,,69.0,193.0,22.554125,0.0,New Mexico State,2020.0,2020.0,DET,172.0,1.0,0.024390243
2020,17,00-0036278,J.Huntley,RB,PHI,WAS,0,0,0.0,0,0.0,0.0,0.0,2,5.0,0,1,1,0.0,0,0.5,1.5,,,69.0,193.0,22.554125,0.0,New Mexico State,2020.0,2020.0,DET,172.0,-6.0,0.03448276
2020,1,00-0036290,C.Kmet,TE,CHI,DET,0,0,0.0,0,0.0,0.0,0.0,0,0.0,0,1,0,0.0,0,0.0,0.0,,,78.0,258.0,21.67505882352941,0.0,Notre Dame,2020.0,2020.0,CHI,43.0,,0.027777778
2020,2,00-0036290,C.Kmet,TE,CHI,NYG,0,0,0.0,0,0.0,0.0,0.0,0,0.0,0,1,1,12.0,0,1.2,2.2,,,78.0,258.0,21.67505882352941,0.0,Notre Dame,2020.0,2020.0,CHI,43.0,4.0,0.035714287
2020,4,00-0036290,C.Kmet,TE,CHI,IND,0,0,0.0,0,0.0,0.0,0.0,0,0.0,0,1,0,0.0,0,0.0,0.0,,,78.0,258.0,21.67505882352941,0.0,Notre Dame,2020.0,2020.0,CHI,43.0,-8.0,0.023809524
2020,6,00-0036290,C.Kmet,TE,CHI,CAR,0,0,0.0,0,0.0,0.0,0.0,0,0.0,0,2,2,20.0,1,8.0,10.0,,,78.0,258.0,21.67505882352941,0.0,Notre Dame,2020.0,2020.0,CHI,43.0,,0.055555556
2020,7,00-0036290,C.Kmet,TE,CHI,LA,0,0,0.0,0,0.0,0.0,0.0,0,0.0,0,2,2,45.0,0,4.5,6.5,,,78.0,258.0,21.67505882352941,0.0,Notre Dame,2020.0,2020.0,CHI,43.0,,0.05263158
2020,8,00-0036290,C.Kmet,TE,CHI,NO,0,0,0.0,0,0.0,0.0,0.0,0,0.0,0,1,1,2.0,0,0.2,1.2,,,78.0,258.0,21.67505882352941,0.0,Notre Dame,2020.0,2020.0,CHI,43.0,-3.0,0.024390243
2020,10,00-0036290,C.Kmet,TE,CHI,MIN,0,0,0.0,0,0.0,0.0,0.0,0,0.0,0,3,1,7.0,0,0.7,1.7,,,78.0,258.0,21.67505882352941,0.0,Notre Dame,2020.0,2020.0,CHI,43.0,-6.0,0.10344828
2020,12,00-0036290,C.Kmet,TE,CHI,GB,0,0,0.0,0,0.0,0.0,0.0,0,0.0,0,3,1,8.0,0,0.8,1.8,,,78.0,258.0,21.67505882352941,0.0,Notre Dame,2020.0,2020.0,CHI,43.0,,0.06818182
2020,13,00-0036290,C.Kmet,TE,CHI,DET,0,0,0.0,0,0.0,0.0,0.0,0,0.0,0,7,5,37.0,1,9.7,14.7,,,78.0,258.0,21.67505882352941,0.0,Notre Dame,2020.0,2020.0,CHI,43.0,-4.0,0.21212122
2020,14,00-0036290,C.Kmet,TE,CHI,HOU,0,0,0.0,0,0.0,0.0,0.0,0,0.0,0,7,4,41.0,0,4.1,8.1,,,78.0,258.0,21.67505882352941,0.0,Notre Dame,2020.0,2020.0,CHI,43.0,29.0,0.21212122
2020,15,00-0036290,C.Kmet,TE,CHI,MIN,0,0,0.0,0,0.0,0.0,0.0,0,0.0,0,2,2,12.0,0,1.2,3.2,,,78.0,258.0,21.67505882352941,0.0,Notre Dame,2020.0,2020.0,CHI,43.0,,0.0952381
2020,16,00-0036290,C.Kmet,TE,CHI,JAX,0,0,0.0,0,0.0,0.0,0.0,1,-3.0,0,6,2,18.0,0,1.5,3.5,,,78.0,258.0,21.67505882352941,0.0,Notre Dame,2020.0,2020.0,CHI,43.0,,0.16666667
2020,17,00-0036290,C.Kmet,TE,CHI,GB,0,0,0.0,0,0.0,0.0,0.0,0,0.0,0,8,7,41.0,0,2.1,9.1,,,78.0,258.0,21.67505882352941,0.0,Notre Dame,2020.0,2020.0,CHI,43.0,-19.0,0.19512194
2020,18,00-0036290,C.Kmet,TE,CHI,NO,0,0,0.0,0,0.0,0.0,0.0,0,0.0,0,4,3,16.0,0,1.6,4.6,,,78.0,258.0,21.67505882352941,0.0,Notre Dame,2020.0,2020.0,CHI,43.0,,0.14814815
2020,2,00-0036293,J.Chinn,FS,CAR,TB,0,0,0.0,0,0.0,0.0,0.0,1,1.0,0,0,0,0.0,0,0.1,0.1,,,75.0,212.0,22.694125,0.0,Southern Illinois,2020.0,2020.0,CAR,64.0,,
2020,8,00-0036293,J.Chinn,FS,CAR,ATL,0,0,0.0,0,0.0,0.0,0.0,1,28.0,0,0,0,0.0,0,2.8,2.8,,,75.0,212.0,22.694125,0.0,Southern Illinois,2020.0,2020.0,CAR,64.0,-8.0,
2020,3,00-0036297,D.Evans,RB,TEN,MIN,0,0,0.0,0,0.0,0.0,0.0,3,9.0,0,0,0,0.0,0,0.9,0.9,,,70.0,203.0,22.351117647058825,0.0,Appalachian State,2020.0,2020.0,TEN,93.0,,
2020,5,00-0036297,D.Evans,RB,TEN,BUF,0,0,0.0,0,0.0,0.0,0.0,2,12.0,0,0,0,0.0,0,1.2,1.2,,,70.0,203.0,22.351117647058825,0.0,Appalachian State,2020.0,2020.0,TEN,93.0,26.0,
2020,15,00-0036297,D.Evans,RB,TEN,DET,0,0,0.0,0,0.0,0.0,0.0,8,30.0,0,2,2,27.0,1,11.7,13.7,,,70.0,203.0,22.351117647058825,0.0,Appalachian State,2020.0,2020.0,TEN,93.0,21.0,0.07692308
2020,16,00-0036297,D.Evans,RB,TEN,GB,0,0,0.0,0,0.0,0.0,0.0,1,3.0,0,2,0,0.0,0,0.3,0.3,,,70.0,203.0,22.351117647058825,0.0,Appalachian State,2020.0,2020.0,TEN,93.0,,0.08
2020,18,00-0036297,D.Evans,RB,TEN,BAL,0,0,0.0,0,0.0,0.0,0.0,1,1.0,0,0,0,0.0,0,0.1,0.1,,,70.0,203.0,22.351117647058825,0.0,Appalachian State,2020.0,2020.0,TEN,93.0,-7.0,
2020,7,00-0036306,D.Thomas,SS,JAX,JAX,0,0,0.0,0,0.0,0.0,0.0,0,0.0,0,0,0,0.0,0,6.0,6.0,,,70.0,209.0,22.3579375,0.0,Auburn,2020.0,2020.0,JAX,157.0,,
2020,1,00-0036309,D.Mooney,WR,CHI,DET,0,0,0.0,0,0.0,0.0,0.0,0,0.0,0,3,3,38.0,0,3.8,6.8,,,71.0,172.0,23.035823529411765,0.0,Tulane,2020.0,2020.0,CHI,173.0,,0.083333336
2020,2,00-0036309,D.Mooney,WR,CHI,NYG,0,0,0.0,0,0.0,0.0,0.0,0,0.0,0,3,3,36.0,1,9.6,12.6,,,71.0,172.0,23.035823529411765,0.0,Tulane,2020.0,2020.0,CHI,173.0,4.0,0.10714286
2020,3,00-0036309,D.Mooney,WR,CHI,ATL,0,0,0.0,0,0.0,0.0,0.0,0,0.0,0,5,2,19.0,0,1.9,3.9,,,71.0,172.0,23.035823529411765,0.0,Tulane,2020.0,2020.0,CHI,173.0,,0.10204082
2020,4,00-0036309,D.Mooney,WR,CHI,IND,0,0,0.0,0,0.0,0.0,0.0,1,-3.0,0,9,5,52.0,0,4.9,9.9,,,71.0,172.0,23.035823529411765,0.0,Tulane,2020.0,2020.0,CHI,173.0,-8.0,0.21428572
2020,5,00-0036309,D.Mooney,WR,CHI,TB,0,0,0.0,0,0.0,0.0,0.0,0,0.0,0,5,2,15.0,0,1.5,3.5,,,71.0,172.0,23.035823529411765,0.0,Tulane,2020.0,2020.0,CHI,173.0,1.0,0.11904762
2020,6,00-0036309,D.Mooney,WR,CHI,CAR,0,0,0.0,0,0.0,0.0,0.0,0,0.0,0,5,3,36.0,0,3.6,6.6,,,71.0,172.0,23.035823529411765,0.0,Tulane,2020.0,2020.0,CHI,173.0,,0.1388889
2020,7,00-0036309,D.Mooney,WR,CHI,LA,0,0,0.0,0,0.0,0.0,0.0,0,0.0,0,7,3,40.0,0,4.0,7.0,,,71.0,172.0,23.035823529411765,0.0,Tulane,2020.0,2020.0,CHI,173.0,,0.18421052
2020,8,00-0036309,D.Mooney,WR,CHI,NO,0,0,0.0,0,0.0,0.0,0.0,0,0.0,0,6,5,69.0,1,12.9,17.9,,,71.0,172.0,23.035823529411765,0.0,Tulane,2020.0,2020.0,CHI,173.0,-3.0,0.14634146
2020,9,00-0036309,D.Mooney,WR,CHI,TEN,0,0,0.0,0,0.0,0.0,0.0,0,0.0,0,11,5,43.0,0,4.3,9.3,,,71.0,172.0,23.035823529411765,0.0,Tulane,2020.0,2020.0,CHI,173.0,,0.23404256
2020,10,00-0036309,D.Mooney,WR,CHI,MIN,0,0,0.0,0,0.0,0.0,0.0,0,0.0,0,2,2,3.0,0,0.3,2.3,,,71.0,172.0,23.035823529411765,0.0,Tulane,2020.0,2020.0,CHI,173.0,-6.0,0.06896552
2020,12,00-0036309,D.Mooney,WR,CHI,GB,0,0,0.0,0,0.0,0.0,0.0,0,0.0,0,9,3,34.0,0,5.4,8.4,,,71.0,172.0,23.035823529411765,0.0,Tulane,2020.0,2020.0,CHI,173.0,,0.20454545
2020,13,00-0036309,D.Mooney,WR,CHI,DET,0,0,0.0,0,0.0,0.0,0.0,0,0.0,0,6,4,43.0,0,4.3,8.3,,,71.0,172.0,23.035823529411765,0.0,Tulane,2020.0,2020.0,CHI,173.0,-4.0,0.18181819
2020,14,00-0036309,D.Mooney,WR,CHI,HOU,0,0,0.0,0,0.0,0.0,0.0,1,5.0,0,2,2,22.0,1,8.7,10.7,,,71.0,172.0,23.035823529411765,0.0,Tulane,2020.0,2020.0,CHI,173.0,29.0,0.060606062
2020,15,00-0036309,D.Mooney,WR,CHI,MIN,0,0,0.0,0,0.0,0.0,0.0,1,16.0,0,5,4,49.0,1,12.5,16.5,,,71.0,172.0,23.035823529411765,0.0,Tulane,2020.0,2020.0,CHI,173.0,,0.23809524
2020,16,00-0036309,D.Mooney,WR,CHI,JAX,0,0,0.0,0,0.0,0.0,0.0,1,2.0,0,7,4,39.0,0,4.1,8.1,,,71.0,172.0,23.035823529411765,0.0,Tulane,2020.0,2020.0,CHI,173.0,,0.19444445
2020,17,00-0036309,D.Mooney,WR,CHI,GB,0,0,0.0,0,0.0,0.0,0.0,0,0.0,0,13,11,93.0,0,9.3,20.3,,,71.0,172.0,23.035823529411765,0.0,Tulane,2020.0,2020.0,CHI,173.0,-19.0,0.31707317
2020,9,00-0036312,J.Luton,QB,JAX,HOU,26,38,304.0,1,1.0,2.0,16.0,1,13.0,1,0,0,0.0,0,21.46,21.46,,,78.0,236.0,24.578375,0.0,Oregon State,2020.0,2020.0,JAX,189.0,-2.0,
2020,10,00-0036312,J.Luton,QB,JAX,GB,18,35,169.0,1,1.0,3.0,18.0,0,0.0,0,0,0,0.0,0,8.76,8.76,,,78.0,236.0,24.578375,0.0,Oregon State,2020.0,2020.0,JAX,189.0,,
2020,11,00-0036312,J.Luton,QB,JAX,PIT,16,37,151.0,0,4.0,2.0,18.0,0,0.0,0,0,0,0.0,0,-1.96,-1.96,,,78.0,236.0,24.578375,0.0,Oregon State,2020.0,2020.0,JAX,189.0,-24.0,
2020,9,00-0036320,J.Charlton,P,CAR,KC,1,1,28.0,0,0.0,0.0,-0.0,0,0.0,0,0,0,0.0,0,1.12,1.12,,,77.0,190.0,23.5838125,0.0,South Carolina,2020.0,2020.0,,,,
2020,10,00-0036320,J.Charlton,P,CAR,TB,0,0,0.0,0,0.0,1.0,5.0,0,0.0,0,0,0,0.0,0,0.0,0.0,,,77.0,190.0,23.5838125,0.0,South Carolina,2020.0,2020.0,,,-23.0,
2020,1,00-0036322,J.Jefferson,WR,MIN,GB,0,0,0.0,0,0.0,0.0,0.0,0,0.0,0,3,2,26.0,0,2.6,4.6,,,73.0,202.0,21.4013125,0.0,Louisiana State,2020.0,2020.0,MIN,22.0,-9.0,0.12
2020,2,00-0036322,J.Jefferson,WR,MIN,IND,0,0,0.0,0,0.0,0.0,0.0,0,0.0,0,3,3,44.0,0,4.4,7.4,,,73.0,202.0,21.4013125,0.0,Louisiana State,2020.0,2020.0,MIN,22.0,,0.13043478
2020,3,00-0036322,J.Jefferson,WR,MIN,TEN,0,0,0.0,0,0.0,0.0,0.0,0,0.0,0,9,7,175.0,1,23.5,30.5,,,73.0,202.0,21.4013125,0.0,Louisiana State,2020.0,2020.0,MIN,22.0,-1.0,0.36
2020,4,00-0036322,J.Jefferson,WR,MIN,HOU,0,0,0.0,0,0.0,0.0,0.0,0,0.0,0,5,4,103.0,0,10.3,14.3,,,73.0,202.0,21.4013125,0.0,Louisiana State,2020.0,2020.0,MIN,22.0,,0.23809524
2020,5,00-0036322,J.Jefferson,WR,MIN,SEA,0,0,0.0,0,0.0,0.0,0.0,0,0.0,0,5,3,23.0,0,2.3,5.3,,,73.0,202.0,21.4013125,0.0,Louisiana State,2020.0,2020.0,MIN,22.0,,0.13157895
2020,6,00-0036322,J.Jefferson,WR,MIN,ATL,0,0,0.0,0,0.0,0.0,0.0,0,0.0,0,11,9,166.0,2,30.6,39.6,,,73.0,202.0,21.4013125,0.0,Louisiana State,2020.0,2020.0,MIN,22.0,-17.0,0.31428573
2020,8,00-0036322,J.Jefferson,WR,MIN,GB,0,0,0.0,0,0.0,0.0,0.0,0,0.0,0,4,3,26.0,0,2.6,5.6,,,73.0,202.0,21.4013125,0.0,Louisiana State,2020.0,2020.0,MIN,22.0,,0.2857143
2020,9,00-0036322,J.Jefferson,WR,MIN,DET,0,0,0.0,0,0.0,0.0,0.0,0,0.0,0,4,3,64.0,0,6.4,9.4,,,73.0,202.0,21.4013125,0.0,Louisiana State,2020.0,2020.0,MIN,22.0,14.0,0.2
2020,10,00-0036322,J.Jefferson,WR,MIN,CHI,0,0,0.0,0,0.0,0.0,0.0,0,0.0,0,10,8,135.0,0,13.5,21.5,,,73.0,202.0,21.4013125,0.0,Louisiana State,2020.0,2020.0,MIN,22.0,,0.3125
2020,11,00-0036322,J.Jefferson,WR,MIN,DAL,0,0,0.0,0,0.0,0.0,0.0,0,0.0,0,5,3,86.0,1,14.6,17.6,,,73.0,202.0,21.4013125,0.0,Louisiana State,2020.0,2020.0,MIN,22.0,-3.0,0.17857143
2020,12,00-0036322,J.Jefferson,WR,MIN,CAR,0,0,0.0,0,0.0,0.0,0.0,0,0.0,0,13,7,70.0,2,19.0,26.0,,,73.0,202.0,21.4013125,0.0,Louisiana State,2020.0,2020.0,MIN,22.0,1.0,0.30232558
2020,13,00-0036322,J.Jefferson,WR,MIN,JAX,0,0,0.0,0,0.0,0.0,0.0,1,2.0,0,12,9,121.0,1,18.3,27.3,,,73.0,202.0,21.4013125,0.0,Louisiana State,2020.0,2020.0,MIN,22.0,3.0,0.3
2020,14,00-0036322,J.Jefferson,WR,MIN,TB,0,0,0.0,0,0.0,0.0,0.0,0,0.0,0,8,4,39.0,0,5.9,9.9,,,73.0,202.0,21.4013125,0.0,Louisiana State,2020.0,2020.0,MIN,22.0,,0.22857143
2020,15,00-0036322,J.Jefferson,WR,MIN,CHI,0,0,0.0,0,0.0,0.0,0.0,0,0.0,0,11,8,104.0,0,10.4,18.4,,,73.0,202.0,21.4013125,0.0,Louisiana State,2020.0,2020.0,MIN,22.0,-6.0,0.36666667
2020,16,00-0036322,J.Jefferson,WR,MIN,NO,0,0,0.0,0,0.0,0.0,0.0,0,0.0,0,10,6,85.0,0,8.5,14.5,,,73.0,202.0,21.4013125,0.0,Louisiana State,2020.0,2020.0,MIN,22.0,,0.2631579
2020,17,00-0036322,J.Jefferson,WR,MIN,DET,0,0,0.0,0,0.0,0.0,0.0,0,0.0,0,12,9,133.0,0,13.3,22.3,,,73.0,202.0,21.4013125,0.0,Louisiana State,2020.0,2020.0,MIN,22.0,,0.31578946
2020,1,00-0036326,C.Claypool,WR,PIT,NYG,0,0,0.0,0,0.0,0.0,0.0,1,8.0,0,2,2,39.0,0,4.7,6.7,,,76.0,227.0,22.357647058823527,0.0,Notre Dame,2020.0,2020.0,PIT,49.0,,0.06451613
2020,2,00-0036326,C.Claypool,WR,PIT,DEN,0,0,0.0,0,0.0,0.0,0.0,0,0.0,0,3,3,88.0,1,14.8,17.8,,,76.0,227.0,22.357647058823527,0.0,Notre Dame,2020.0,2020.0,PIT,49.0,5.0,0.07317073
2020,3,00-0036326,C.Claypool,WR,PIT,HOU,0,0,0.0,0,0.0,0.0,0.0,0,0.0,0,4,1,24.0,0,2.4,3.4,,,76.0,227.0,22.357647058823527,0.0,Notre Dame,2020.0,2020.0,PIT,49.0,7.0,0.114285715
2020,5,00-0036326,C.Claypool,WR,PIT,PHI,0,0,0.0,0,0.0,0.0,0.0,3,6.0,1,11,7,110.0,3,35.6,42.6,,,76.0,227.0,22.357647058823527,0.0,Notre Dame,2020.0,2020.0,PIT,49.0,9.0,0.32352942
2020,6,00-0036326,C.Claypool,WR,PIT,CLE,0,0,0.0,0,0.0,0.0,0.0,2,7.0,1,4,4,74.0,0,14.1,18.1,,,76.0,227.0,22.357647058823527,0.0,Notre Dame,2020.0,2020.0,PIT,49.0,31.0,0.17391305
2020,7,00-0036326,C.Claypool,WR,PIT,TEN,0,0,0.0,0,0.0,0.0,0.0,0,0.0,0,1,1,-2.0,0,-0.2,0.8,,,76.0,227.0,22.357647058823527,0.0,Notre Dame,2020.0,2020.0,PIT,49.0,,0.020408163
2020,8,00-0036326,C.Claypool,WR,PIT,BAL,0,0,0.0,0,0.0,0.0,0.0,0,0.0,0,9,5,42.0,1,8.2,13.2,,,76.0,227.0,22.357647058823527,0.0,Notre Dame,2020.0,2020.0,PIT,49.0,,0.28125
2020,9,00-0036326,C.Claypool,WR,PIT,DAL,0,0,0.0,0,0.0,0.0,0.0,1,4.0,0,13,8,69.0,0,7.3,15.3,,,76.0,227.0,22.357647058823527,0.0,Notre Dame,2020.0,2020.0,PIT,49.0,,0.2888889
2020,10,00-0036326,C.Claypool,WR,PIT,CIN,0,0,0.0,0,0.0,0.0,0.0,2,-3.0,0,10,4,56.0,2,17.3,21.3,,,76.0,227.0,22.357647058823527,0.0,Notre Dame,2020.0,2020.0,PIT,49.0,26.0,0.2173913
2020,11,00-0036326,C.Claypool,WR,PIT,JAX,0,0,0.0,0,0.0,0.0,0.0,0,0.0,0,8,4,59.0,1,11.9,15.9,,,76.0,227.0,22.357647058823527,0.0,Notre Dame,2020.0,2020.0,PIT,49.0,,0.17391305
2020,12,00-0036326,C.Claypool,WR,PIT,BAL,0,0,0.0,0,0.0,0.0,0.0,0,0.0,0,9,6,52.0,0,5.2,11.2,,,76.0,227.0,22.357647058823527,0.0,Notre Dame,2020.0,2020.0,PIT,49.0,5.0,0.1764706
2020,13,00-0036326,C.Claypool,WR,PIT,WAS,0,0,0.0,0,0.0,0.0,0.0,0,0.0,0,4,2,38.0,0,3.8,5.8,,,76.0,227.0,22.357647058823527,0.0,Notre Dame,2020.0,2020.0,PIT,49.0,-6.0,0.0754717
2020,14,00-0036326,C.Claypool,WR,PIT,BUF,0,0,0.0,0,0.0,0.0,0.0,0,0.0,0,6,3,15.0,0,1.5,4.5,,,76.0,227.0,22.357647058823527,0.0,Notre Dame,2020.0,2020.0,PIT,49.0,,0.16216215
2020,15,00-0036326,C.Claypool,WR,PIT,CIN,0,0,0.0,0,0.0,0.0,0.0,1,-6.0,0,8,3,54.0,0,4.8,7.8,,,76.0,227.0,22.357647058823527,0.0,Notre Dame,2020.0,2020.0,PIT,49.0,,0.21052632
2020,16,00-0036326,C.Claypool,WR,PIT,IND,0,0,0.0,0,0.0,0.0,0.0,0,0.0,0,6,4,54.0,0,5.4,9.4,,,76.0,227.0,22.357647058823527,0.0,Notre Dame,2020.0,2020.0,PIT,49.0,4.0,0.12244898
2020,17,00-0036326,C.Claypool,WR,PIT,CLE,0,0,0.0,0,0.0,0.0,0.0,0,0.0,0,11,5,101.0,1,16.1,21.1,,,76.0,227.0,22.357647058823527,0.0,Notre Dame,2020.0,2020.0,PIT,49.0,,0.26190478
2020,18,00-0036326,C.Claypool,WR,PIT,CLE,0,0,0.0,0,0.0,0.0,0.0,0,0.0,0,7,5,59.0,2,17.9,22.9,,,76.0,227.0,22.357647058823527,0.0,Notre Dame,2020.0,2020.0,PIT,49.0,-11.0,0.10294118
2020,1,00-0036328,A.Gibson,RB,WAS,PHI,0,0,0.0,0,0.0,0.0,0.0,9,36.0,0,2,2,8.0,0,4.4,6.4,,,74.0,221.0,22.39,0.0,Memphis,2020.0,2020.0,WAS,66.0,10.0,0.06666667
2020,2,00-0036328,A.Gibson,RB,WAS,ARI,0,0,0.0,0,0.0,0.0,0.0,13,55.0,1,2,1,-3.0,0,11.2,12.2,,,74.0,221.0,22.39,0.0,Memphis,2020.0,2020.0,WAS,66.0,,0.060606062
2020,3,00-0036328,A.Gibson,RB,WAS,CLE,0,0,0.0,0,0.0,0.0,0.0,9,49.0,1,3,3,11.0,0,10.0,13.0,,,74.0,221.0,22.39,0.0,Memphis,2020.0,2020.0,WAS,66.0,,0.083333336
2020,4,00-0036328,A.Gibson,RB,WAS,BAL,0,0,0.0,0,0.0,0.0,0.0,13,46.0,1,5,4,82.0,0,18.8,22.8,,,74.0,221.0,22.39,0.0,Memphis,2020.0,2020.0,WAS,66.0,-14.0,0.11363637
2020,5,00-0036328,A.Gibson,RB,WAS,LA,0,0,0.0,0,0.0,0.0,0.0,11,27.0,0,5,5,24.0,0,5.1,10.1,,,74.0,221.0,22.39,0.0,Memphis,2020.0,2020.0,WAS,66.0,-20.0,0.17857143
2020,6,00-0036328,A.Gibson,RB,WAS,NYG,0,0,0.0,0,0.0,0.0,0.0,9,30.0,0,5,4,25.0,0,5.5,9.5,,,74.0,221.0,22.39,0.0,Memphis,2020.0,2020.0,WAS,66.0,,0.125
2020,7,00-0036328,A.Gibson,RB,WAS,DAL,0,0,0.0,0,0.0,0.0,0.0,20,128.0,1,1,0,0.0,0,18.8,18.8,,,74.0,221.0,22.39,0.0,Memphis,2020.0,2020.0,WAS,66.0,22.0,0.04761905
2020,9,00-0036328,A.Gibson,RB,WAS,NYG,0,0,0.0,0,0.0,0.0,0.0,6,20.0,1,3,3,35.0,0,9.5,12.5,,,74.0,221.0,22.39,0.0,Memphis,2020.0,2020.0,WAS,66.0,-3.0,0.07692308
2020,10,00-0036328,A.Gibson,RB,WAS,DET,0,0,0.0,0,0.0,0.0,0.0,13,45.0,2,4,4,20.0,0,18.5,22.5,,,74.0,221.0,22.39,0.0,Memphis,2020.0,2020.0,WAS,66.0,,0.07692308
2020,11,00-0036328,A.Gibson,RB,WAS,CIN,0,0,0.0,0,0.0,0.0,0.0,16,94.0,1,2,1,10.0,0,16.4,17.4,,,74.0,221.0,22.39,0.0,Memphis,2020.0,2020.0,WAS,66.0,11.0,0.083333336
2020,12,00-0036328,A.Gibson,RB,WAS,DAL,0,0,0.0,0,0.0,0.0,0.0,20,115.0,3,7,5,21.0,0,31.6,36.6,,,74.0,221.0,22.39,0.0,Memphis,2020.0,2020.0,WAS,66.0,,0.29166666
2020,13,00-0036328,A.Gibson,RB,WAS,PIT,0,0,0.0,0,0.0,0.0,0.0,2,14.0,0,0,0,0.0,0,1.4,1.4,,,74.0,221.0,22.39,0.0,Memphis,2020.0,2020.0,WAS,66.0,,
2020,16,00-0036328,A.Gibson,RB,WAS,CAR,0,0,0.0,0,0.0,0.0,0.0,10,61.0,0,4,3,8.0,0,6.9,9.9,,,74.0,221.0,22.39,0.0,Memphis,2020.0,2020.0,WAS,66.0,-7.0,0.08510638
2020,17,00-0036328,A.Gibson,RB,WAS,PHI,0,0,0.0,0,0.0,0.0,0.0,19,75.0,0,1,1,6.0,0,8.1,9.1,,,74.0,221.0,22.39,0.0,Memphis,2020.0,2020.0,WAS,66.0,,0.03448276
2020,18,00-0036328,A.Gibson,RB,WAS,TB,0,0,0.0,0,0.0,0.0,0.0,14,31.0,0,3,2,4.0,0,3.5,5.5,,,74.0,221.0,22.39,0.0,Memphis,2020.0,2020.0,WAS,66.0,-8.0,0.07317073
2020,1,00-0036331,D.Duvernay,WR,BAL,CLE,0,0,0.0,0,0.0,0.0,0.0,0,0.0,0,1,1,12.0,0,1.2,2.2,,,71.0,210.0,23.18,0.0,Texas,2020.0,2020.0,BAL,92.0,32.0,0.04
2020,2,00-0036331,D.Duvernay,WR,BAL,HOU,0,0,0.0,0,0.0,0.0,0.0,0,0.0,0,1,1,19.0,0,1.9,2.9,,,71.0,210.0,23.18,0.0,Texas,2020.0,2020.0,BAL,92.0,,0.04347826
2020,3,00-0036331,D.Duvernay,WR,BAL,KC,0,0,0.0,0,0.0,0.0,0.0,0,0.0,0,3,2,7.0,0,6.7,8.7,,,71.0,210.0,23.18,0.0,Texas,2020.0,2020.0,BAL,92.0,-14.0,0.11111111
2020,4,00-0036331,D.Duvernay,WR,BAL,WAS,0,0,0.0,0,0.0,0.0,0.0,0,0.0,0,2,1,4.0,0,0.4,1.4,,,71.0,210.0,23.18,0.0,Texas,2020.0,2020.0,BAL,92.0,,0.08695652
2020,5,00-0036331,D.Duvernay,WR,BAL,CIN,0,0,0.0,0,0.0,0.0,0.0,1,42.0,0,2,2,17.0,0,5.9,7.9,,,71.0,210.0,23.18,0.0,Texas,2020.0,2020.0,BAL,92.0,24.0,0.055555556
2020,6,00-0036331,D.Duvernay,WR,BAL,PHI,0,0,0.0,0,0.0,0.0,0.0,0,0.0,0,3,3,31.0,0,3.1,6.1,,,71.0,210.0,23.18,0.0,Texas,2020.0,2020.0,BAL,92.0,,0.12
2020,8,00-0036331,D.Duvernay,WR,BAL,PIT,0,0,0.0,0,0.0,0.0,0.0,0,0.0,0,3,1,39.0,0,3.9,4.9,,,71.0,210.0,23.18,0.0,Texas,2020.0,2020.0,BAL,92.0,-4.0,0.115384616
2020,9,00-0036331,D.Duvernay,WR,BAL,IND,0,0,0.0,0,0.0,0.0,0.0,1,-1.0,0,0,0,0.0,0,-0.1,-0.1,,,71.0,210.0,23.18,0.0,Texas,2020.0,2020.0,BAL,92.0,,
2020,10,00-0036331,D.Duvernay,WR,BAL,NE,0,0,0.0,0,0.0,0.0,0.0,0,0.0,0,3,3,45.0,0,4.5,7.5,,,71.0,210.0,23.18,0.0,Texas,2020.0,2020.0,BAL,92.0,,0.0882353
2020,11,00-0036331,D.Duvernay,WR,BAL,TEN,0,0,0.0,0,0.0,0.0,0.0,0,0.0,0,2,1,5.0,0,0.5,1.5,,,71.0,210.0,23.18,0.0,Texas,2020.0,2020.0,BAL,92.0,-6.0,0.071428575
2020,12,00-0036331,D.Duvernay,WR,BAL,PIT,0,0,0.0,0,0.0,0.0,0.0,0,0.0,0,3,3,20.0,0,2.0,5.0,,,71.0,210.0,23.18,0.0,Texas,2020.0,2020.0,BAL,92.0,,0.16666667
2020,13,00-0036331,D.Duvernay,WR,BAL,DAL,0,0,0.0,0,0.0,0.0,0.0,0,0.0,0,1,1,2.0,0,0.2,1.2,,,71.0,210.0,23.18,0.0,Texas,2020.0,2020.0,BAL,92.0,17.0,0.05882353
2020,16,00-0036331,D.Duvernay,WR,BAL,NYG,0,0,0.0,0,0.0,0.0,0.0,1,7.0,0,1,1,0.0,0,0.7,1.7,,,71.0,210.0,23.18,0.0,Texas,2020.0,2020.0,BAL,92.0,14.0,0.04347826
2020,17,00-0036331,D.Duvernay,WR,BAL,CIN,0,0,0.0,0,0.0,0.0,0.0,1,22.0,0,1,0,0.0,0,2.2,2.2,,,71.0,210.0,23.18,0.0,Texas,2020.0,2020.0,BAL,92.0,,0.05263158
2020,1,00-0036332,J.Deguara,TE,GB,MIN,0,0,0.0,0,0.0,0.0,0.0,0,0.0,0,2,1,12.0,0,1.2,2.2,,,74.0,240.0,23.757777777777775,0.0,Cincinnati,2020.0,2020.0,GB,94.0,,0.048780486
2020,3,00-0036336,A.McFarland,RB,PIT,HOU,0,0,0.0,0,0.0,0.0,0.0,6,42.0,0,2,1,7.0,0,4.9,5.9,,,68.0,198.0,21.700529411764705,0.0,Maryland,2020.0,2020.0,PIT,124.0,7.0,0.057142857
2020,5,00-0036336,A.McFarland,RB,PIT,PHI,0,0,0.0,0,0.0,0.0,0.0,3,6.0,0,0,0,0.0,0,0.6,0.6,,,68.0,198.0,21.700529411764705,0.0,Maryland,2020.0,2020.0,PIT,124.0,9.0,
2020,6,00-0036336,A.McFarland,RB,PIT,CLE,0,0,0.0,0,0.0,0.0,0.0,3,2.0,0,1,1,6.0,0,0.8,1.8,,,68.0,198.0,21.700529411764705,0.0,Maryland,2020.0,2020.0,PIT,124.0,31.0,0.04347826
2020,7,00-0036336,A.McFarland,RB,PIT,TEN,0,0,0.0,0,0.0,0.0,0.0,1,6.0,0,1,0,0.0,0,0.6,0.6,,,68.0,198.0,21.700529411764705,0.0,Maryland,2020.0,2020.0,PIT,124.0,,0.020408163
2020,8,00-0036336,A.McFarland,RB,PIT,BAL,0,0,0.0,0,0.0,0.0,0.0,1,1.0,0,0,0,0.0,0,0.1,0.1,,,68.0,198.0,21.700529411764705,0.0,Maryland,2020.0,2020.0,PIT,124.0,,
2020,9,00-0036336,A.McFarland,RB,PIT,DAL,0,0,0.0,0,0.0,0.0,0.0,3,7.0,0,2,2,15.0,0,2.2,4.2,,,68.0,198.0,21.700529411764705,0.0,Maryland,2020.0,2020.0,PIT,124.0,,0.044444446
2020,11,00-0036336,A.McFarland,RB,PIT,JAX,0,0,0.0,0,0.0,0.0,0.0,3,3.0,0,0,0,0.0,0,0.3,0.3,,,68.0,198.0,21.700529411764705,0.0,Maryland,2020.0,2020.0,PIT,124.0,,
2020,12,00-0036336,A.McFarland,RB,PIT,BAL,0,0,0.0,0,0.0,0.0,0.0,3,9.0,0,1,1,17.0,0,2.6,3.6,,,68.0,198.0,21.700529411764705,0.0,Maryland,2020.0,2020.0,PIT,124.0,5.0,0.019607844
2020,13,00-0036336,A.McFarland,RB,PIT,WAS,0,0,0.0,0,0.0,0.0,0.0,4,15.0,0,1,0,0.0,0,1.5,1.5,,,68.0,198.0,21.700529411764705,0.0,Maryland,2020.0,2020.0,PIT,124.0,-6.0,0.018867925
2020,15,00-0036336,A.McFarland,RB,PIT,CIN,0,0,0.0,0,0.0,0.0,0.0,1,5.0,0,1,1,9.0,0,1.4,2.4,,,68.0,198.0,21.700529411764705,0.0,Maryland,2020.0,2020.0,PIT,124.0,,0.02631579
2020,17,00-0036336,A.McFarland,RB,PIT,CLE,0,0,0.0,0,0.0,0.0,0.0,5,17.0,0,0,0,0.0,0,1.7,1.7,,,68.0,198.0,21.700529411764705,0.0,Maryland,2020.0,2020.0,PIT,124.0,,
2020,2,00-0036340,A.Gandy-Golden,WR,WAS,ARI,0,0,0.0,0,0.0,0.0,0.0,0,0.0,0,1,1,3.0,0,0.3,1.3,,,76.0,220.0,22.589764705882352,0.0,Liberty,2020.0,2020.0,WAS,142.0,,0.030303031
2020,3,00-0036340,A.Gandy-Golden,WR,WAS,CLE,0,0,0.0,0,0.0,0.0,0.0,1,22.0,0,2,0,0.0,0,2.2,2.2,,,76.0,220.0,22.589764705882352,0.0,Liberty,2020.0,2020.0,WAS,142.0,,0.055555556
2020,6,00-0036340,A.Gandy-Golden,WR,WAS,NYG,0,0,0.0,0,0.0,0.0,0.0,0,0.0,0,1,0,0.0,0,0.0,0.0,,,76.0,220.0,22.589764705882352,0.0,Liberty,2020.0,2020.0,WAS,142.0,,0.025
2020,16,00-0036340,A.Gandy-Golden,WR,WAS,CAR,0,0,0.0,0,0.0,0.0,0.0,0,0.0,0,3,0,0.0,0,0.0,0.0,,,76.0,220.0,22.589764705882352,0.0,Liberty,2020.0,2020.0,WAS,142.0,-7.0,0.06382979
2020,2,00-0036355,J.Herbert,QB,LAC,KC,22,33,311.0,1,1.0,2.0,15.0,4,18.0,1,0,0,0.0,0,22.24,22.24,,,78.0,237.0,22.6699375,0.0,Oregon,2020.0,2020.0,LAC,6.0,-3.0,
2020,3,00-0036355,J.Herbert,QB,LAC,CAR,35,49,330.0,1,1.0,2.0,11.0,3,15.0,0,0,0,0.0,0,14.7,14.7,,,78.0,237.0,22.6699375,0.0,Oregon,2020.0,2020.0,LAC,6.0,-5.0,
2020,4,00-0036355,J.Herbert,QB,LAC,TB,20,25,290.0,3,1.0,2.0,12.0,5,14.0,0,0,0,0.0,0,23.0,23.0,,,78.0,237.0,22.6699375,0.0,Oregon,2020.0,2020.0,LAC,6.0,,
2020,5,00-0036355,J.Herbert,QB,LAC,NO,20,34,264.0,4,0.0,3.0,25.0,4,8.0,0,0,0,0.0,0,27.36,27.36,,,78.0,237.0,22.6699375,0.0,Oregon,2020.0,2020.0,LAC,6.0,,
2020,7,00-0036355,J.Herbert,QB,LAC,JAX,27,43,347.0,3,0.0,1.0,2.0,9,66.0,1,0,0,0.0,0,38.48,38.48,,,78.0,237.0,22.6699375,0.0,Oregon,2020.0,2020.0,LAC,6.0,10.0,
2020,8,00-0036355,J.Herbert,QB,LAC,DEN,29,43,278.0,3,2.0,2.0,3.0,3,21.0,0,0,0,0.0,0,21.22,21.22,,,78.0,237.0,22.6699375,0.0,Oregon,2020.0,2020.0,LAC,6.0,,
2020,9,00-0036355,J.Herbert,QB,LAC,LV,28,42,326.0,2,0.0,2.0,14.0,5,24.0,0,0,0,0.0,0,23.44,23.44,,,78.0,237.0,22.6699375,0.0,Oregon,2020.0,2020.0,LAC,6.0,-5.0,
2020,10,00-0036355,J.Herbert,QB,LAC,MIA,20,32,187.0,2,1.0,2.0,13.0,4,10.0,1,0,0,0.0,0,20.48,20.48,,,78.0,237.0,22.6699375,0.0,Oregon,2020.0,2020.0,LAC,6.0,,
2020,11,00-0036355,J.Herbert,QB,LAC,NYJ,37,49,366.0,3,0.0,3.0,19.0,2,11.0,0,0,0,0.0,0,27.74,27.74,,,78.0,237.0,22.6699375,0.0,Oregon,2020.0,2020.0,LAC,6.0,6.0,
2020,12,00-0036355,J.Herbert,QB,LAC,BUF,31,52,316.0,1,1.0,3.0,25.0,2,-2.0,0,0,0,0.0,0,16.44,16.44,,,78.0,237.0,22.6699375,0.0,Oregon,2020.0,2020.0,LAC,6.0,,
2020,13,00-0036355,J.Herbert,QB,LAC,NE,26,53,209.0,0,2.0,3.0,21.0,0,0.0,0,0,0,0.0,0,4.36,4.36,,,78.0,237.0,22.6699375,0.0,Oregon,2020.0,2020.0,LAC,6.0,-45.0,
2020,14,00-0036355,J.Herbert,QB,LAC,ATL,36,44,243.0,2,1.0,1.0,3.0,0,0.0,0,0,0,0.0,0,15.72,15.72,,,78.0,237.0,22.6699375,0.0,Oregon,2020.0,2020.0,LAC,6.0,3.0,
2020,15,00-0036355,J.Herbert,QB,LAC,LV,22,32,314.0,2,0.0,1.0,8.0,4,14.0,1,0,0,0.0,0,27.96,27.96,,,78.0,237.0,22.6699375,0.0,Oregon,2020.0,2020.0,LAC,6.0,,
2020,16,00-0036355,J.Herbert,QB,LAC,DEN,21,33,253.0,1,0.0,2.0,26.0,4,26.0,0,0,0,0.0,0,16.72,16.72,,,78.0,237.0,22.6699375,0.0,Oregon,2020.0,2020.0,LAC,6.0,3.0,
2020,17,00-0036355,J.Herbert,QB,LAC,KC,22,31,302.0,3,0.0,3.0,21.0,6,9.0,1,0,0,0.0,0,32.98,32.98,,,78.0,237.0,22.6699375,0.0,Oregon,2020.0,2020.0,LAC,6.0,,
2020,1,00-0036357,H.Ruggs,WR,LV,CAR,0,0,0.0,0,0.0,0.0,0.0,2,11.0,0,5,3,55.0,0,6.6,9.6,,,72.0,190.0,21.793625,0.0,Alabama,2020.0,2020.0,LV,12.0,,0.17857143
2020,2,00-0036357,H.Ruggs,WR,LV,NO,0,0,0.0,0,0.0,0.0,0.0,0,0.0,0,3,1,4.0,0,0.4,1.4,,,72.0,190.0,21.793625,0.0,Alabama,2020.0,2020.0,LV,12.0,10.0,0.0882353
2020,5,00-0036357,H.Ruggs,WR,LV,KC,0,0,0.0,0,0.0,0.0,0.0,0,0.0,0,3,2,118.0,1,17.8,19.8,,,72.0,190.0,21.793625,0.0,Alabama,2020.0,2020.0,LV,12.0,,0.09677419
2020,7,00-0036357,H.Ruggs,WR,LV,TB,0,0,0.0,0,0.0,0.0,0.0,1,10.0,0,3,2,35.0,0,4.5,6.5,,,72.0,190.0,21.793625,0.0,Alabama,2020.0,2020.0,LV,12.0,-25.0,0.083333336
2020,8,00-0036357,H.Ruggs,WR,LV,CLE,0,0,0.0,0,0.0,0.0,0.0,1,1.0,0,4,2,8.0,0,0.9,2.9,,,72.0,190.0,21.793625,0.0,Alabama,2020.0,2020.0,LV,12.0,,0.18181819
2020,9,00-0036357,H.Ruggs,WR,LV,LAC,0,0,0.0,0,0.0,0.0,0.0,1,10.0,0,3,0,0.0,0,1.0,1.0,,,72.0,190.0,21.793625,0.0,Alabama,2020.0,2020.0,LV,12.0,,0.13043478
2020,10,00-0036357,H.Ruggs,WR,LV,DEN,0,0,0.0,0,0.0,0.0,0.0,0,0.0,0,4,3,31.0,0,3.1,6.1,,,72.0,190.0,21.793625,0.0,Alabama,2020.0,2020.0,LV,12.0,25.0,0.18181819
2020,11,00-0036357,H.Ruggs,WR,LV,KC,0,0,0.0,0,0.0,0.0,0.0,1,12.0,0,1,1,5.0,0,1.7,2.7,,,72.0,190.0,21.793625,0.0,Alabama,2020.0,2020.0,LV,12.0,-4.0,0.03448276
2020,12,00-0036357,H.Ruggs,WR,LV,ATL,0,0,0.0,0,0.0,0.0,0.0,1,-2.0,0,5,3,56.0,0,5.4,8.4,,,72.0,190.0,21.793625,0.0,Alabama,2020.0,2020.0,LV,12.0,,0.13513513
2020,13,00-0036357,H.Ruggs,WR,LV,NYJ,0,0,0.0,0,0.0,0.0,0.0,0,0.0,0,4,3,84.0,1,12.4,15.4,,,72.0,190.0,21.793625,0.0,Alabama,2020.0,2020.0,LV,12.0,,0.08695652
2020,14,00-0036357,H.Ruggs,WR,LV,IND,0,0,0.0,0,0.0,0.0,0.0,0,0.0,0,3,3,18.0,0,1.8,4.8,,,72.0,190.0,21.793625,0.0,Alabama,2020.0,2020.0,LV,12.0,-17.0,0.06666667
2020,16,00-0036357,H.Ruggs,WR,LV,MIA,0,0,0.0,0,0.0,0.0,0.0,1,7.0,0,2,0,0.0,0,0.7,0.7,,,72.0,190.0,21.793625,0.0,Alabama,2020.0,2020.0,LV,12.0,-1.0,0.06666667
2020,17,00-0036357,H.Ruggs,WR,LV,DEN,0,0,0.0,0,0.0,0.0,0.0,1,0.0,0,3,3,38.0,0,1.8,4.8,,,72.0,190.0,21.793625,0.0,Alabama,2020.0,2020.0,LV,12.0,,0.08571429
2020,1,00-0036358,C.Lamb,WR,DAL,LA,0,0,0.0,0,0.0,0.0,0.0,0,0.0,0,6,5,59.0,0,5.9,10.9,,,74.0,189.0,21.586750000000002,0.0,Oklahoma,2020.0,2020.0,DAL,17.0,,0.16216215
2020,2,00-0036358,C.Lamb,WR,DAL,ATL,0,0,0.0,0,0.0,0.0,0.0,1,9.0,0,9,6,106.0,0,11.5,17.5,,,74.0,189.0,21.586750000000002,0.0,Oklahoma,2020.0,2020.0,DAL,17.0,1.0,0.19148937
2020,3,00-0036358,C.Lamb,WR,DAL,SEA,0,0,0.0,0,0.0,0.0,0.0,1,1.0,0,7,5,65.0,0,6.6,11.6,,,74.0,189.0,21.586750000000002,0.0,Oklahoma,2020.0,2020.0,DAL,17.0,,0.125
2020,4,00-0036358,C.Lamb,WR,DAL,CLE,0,0,0.0,0,0.0,0.0,0.0,1,3.0,0,7,5,79.0,2,20.2,25.2,,,74.0,189.0,21.586750000000002,0.0,Oklahoma,2020.0,2020.0,DAL,17.0,-11.0,0.12068965
2020,5,00-0036358,C.Lamb,WR,DAL,NYG,0,0,0.0,0,0.0,0.0,0.0,0,0.0,0,11,8,124.0,0,12.4,20.4,,,74.0,189.0,21.586750000000002,0.0,Oklahoma,2020.0,2020.0,DAL,17.0,3.0,0.33333334
2020,6,00-0036358,C.Lamb,WR,DAL,ARI,0,0,0.0,0,0.0,0.0,0.0,0,0.0,0,11,7,64.0,0,6.4,13.4,,,74.0,189.0,21.586750000000002,0.0,Oklahoma,2020.0,2020.0,DAL,17.0,-28.0,0.21153846
2020,7,00-0036358,C.Lamb,WR,DAL,WAS,0,0,0.0,0,0.0,0.0,0.0,1,1.0,0,5,0,0.0,0,0.1,0.1,,,74.0,189.0,21.586750000000002,0.0,Oklahoma,2020.0,2020.0,DAL,17.0,,0.23809524
2020,8,00-0036358,C.Lamb,WR,DAL,PHI,0,0,0.0,0,0.0,0.0,0.0,1,19.0,0,5,4,27.0,0,4.6,8.6,,,74.0,189.0,21.586750000000002,0.0,Oklahoma,2020.0,2020.0,DAL,17.0,,0.13157895
2020,9,00-0036358,C.Lamb,WR,DAL,PIT,0,0,0.0,0,0.0,0.0,0.0,0,0.0,0,7,4,71.0,1,11.1,15.1,,,74.0,189.0,21.586750000000002,0.0,Oklahoma,2020.0,2020.0,DAL,17.0,-5.0,0.1891892
2020,11,00-0036358,C.Lamb,WR,DAL,MIN,0,0,0.0,0,0.0,0.0,0.0,2,12.0,0,6,4,34.0,1,12.6,16.6,,,74.0,189.0,21.586750000000002,0.0,Oklahoma,2020.0,2020.0,DAL,17.0,,0.19354838
2020,12,00-0036358,C.Lamb,WR,DAL,WAS,0,0,0.0,0,0.0,1.0,4.0,0,0.0,0,7,5,21.0,0,2.1,7.1,,,74.0,189.0,21.586750000000002,0.0,Oklahoma,2020.0,2020.0,DAL,17.0,-25.0,0.20588236
2020,13,00-0036358,C.Lamb,WR,DAL,BAL,0,0,0.0,0,0.0,0.0,0.0,0,0.0,0,9,6,46.0,0,4.6,10.6,,,74.0,189.0,21.586750000000002,0.0,Oklahoma,2020.0,2020.0,DAL,17.0,,0.2
2020,14,00-0036358,C.Lamb,WR,DAL,CIN,0,0,0.0,0,0.0,0.0,0.0,1,15.0,0,2,2,46.0,0,6.1,8.1,,,74.0,189.0,21.586750000000002,0.0,Oklahoma,2020.0,2020.0,DAL,17.0,,0.09090909
2020,15,00-0036358,C.Lamb,WR,DAL,SF,0,0,0.0,0,0.0,0.0,0.0,0,0.0,0,7,5,85.0,0,14.5,19.5,,,74.0,189.0,21.586750000000002,0.0,Oklahoma,2020.0,2020.0,DAL,17.0,8.0,0.21875
2020,16,00-0036358,C.Lamb,WR,DAL,PHI,0,0,0.0,0,0.0,0.0,0.0,1,19.0,1,5,3,65.0,1,20.4,23.4,,,74.0,189.0,21.586750000000002,0.0,Oklahoma,2020.0,2020.0,DAL,17.0,20.0,0.16666667
2020,17,00-0036358,C.Lamb,WR,DAL,NYG,0,0,0.0,0,0.0,0.0,0.0,1,3.0,0,7,5,43.0,0,4.6,9.6,,,74.0,189.0,21.586750000000002,0.0,Oklahoma,2020.0,2020.0,DAL,17.0,,0.1590909
2020,1,00-0036360,C.Edwards-Helaire,RB,KC,HOU,0,0,0.0,0,0.0,0.0,0.0,25,138.0,1,2,0,0.0,0,19.8,19.8,,,68.0,209.0,21.613052631578945,0.0,Louisiana State,2020.0,2020.0,KC,32.0,14.0,0.0625
2020,2,00-0036360,C.Edwards-Helaire,RB,KC,LAC,0,0,0.0,0,0.0,0.0,0.0,10,38.0,0,8,6,32.0,0,7.0,13.0,,,68.0,209.0,21.613052631578945,0.0,Louisiana State,2020.0,2020.0,KC,32.0,,0.17777778
2020,3,00-0036360,C.Edwards-Helaire,RB,KC,BAL,0,0,0.0,0,0.0,0.0,0.0,20,64.0,0,6,5,70.0,0,13.4,18.4,,,68.0,209.0,21.613052631578945,0.0,Louisiana State,2020.0,2020.0,KC,32.0,,0.14634146
2020,4,00-0036360,C.Edwards-Helaire,RB,KC,NE,0,0,0.0,0,0.0,0.0,0.0,16,64.0,0,3,3,27.0,0,9.1,12.1,,,68.0,209.0,21.613052631578945,0.0,Louisiana State,2020.0,2020.0,KC,32.0,16.0,0.10344828
2020,5,00-0036360,C.Edwards-Helaire,RB,KC,LV,0,0,0.0,0,0.0,0.0,0.0,10,40.0,0,8,3,40.0,0,8.0,11.0,,,68.0,209.0,21.613052631578945,0.0,Louisiana State,2020.0,2020.0,KC,32.0,-8.0,0.1904762
2020,6,00-0036360,C.Edwards-Helaire,RB,KC,BUF,0,0,0.0,0,0.0,0.0,0.0,26,161.0,0,4,4,8.0,0,16.9,20.9,,,68.0,209.0,21.613052631578945,0.0,Louisiana State,2020.0,2020.0,KC,32.0,,0.15384616
2020,7,00-0036360,C.Edwards-Helaire,RB,KC,DEN,0,0,0.0,0,0.0,0.0,0.0,8,46.0,1,4,1,17.0,0,12.3,13.3,,,68.0,209.0,21.613052631578945,0.0,Louisiana State,2020.0,2020.0,KC,32.0,,0.16666667
2020,8,00-0036360,C.Edwards-Helaire,RB,KC,NYJ,0,0,0.0,0,0.0,0.0,0.0,6,21.0,0,3,3,10.0,0,3.1,6.1,,,68.0,209.0,21.613052631578945,0.0,Louisiana State,2020.0,2020.0,KC,32.0,26.0,0.06382979
2020,9,00-0036360,C.Edwards-Helaire,RB,KC,CAR,0,0,0.0,0,0.0,0.0,0.0,5,14.0,0,5,3,20.0,1,9.4,12.4,,,68.0,209.0,21.613052631578945,0.0,Louisiana State,2020.0,2020.0,KC,32.0,2.0,0.11363637
2020,11,00-0036360,C.Edwards-Helaire,RB,KC,LV,0,0,0.0,0,0.0,0.0,0.0,14,69.0,2,2,1,8.0,0,19.7,20.7,,,68.0,209.0,21.613052631578945,0.0,Louisiana State,2020.0,2020.0,KC,32.0,,0.045454547
2020,12,00-0036360,C.Edwards-Helaire,RB,KC,TB,0,0,0.0,0,0.0,0.0,0.0,11,37.0,0,1,1,2.0,0,3.9,4.9,,,68.0,209.0,21.613052631578945,0.0,Louisiana State,2020.0,2020.0,KC,32.0,,0.02173913
2020,14,00-0036360,C.Edwards-Helaire,RB,KC,MIA,0,0,0.0,0,0.0,0.0,0.0,16,32.0,0,6,5,59.0,0,9.1,14.1,,,68.0,209.0,21.613052631578945,0.0,Louisiana State,2020.0,2020.0,KC,32.0,,0.1764706
2020,15,00-0036360,C.Edwards-Helaire,RB,KC,NO,0,0,0.0,0,0.0,0.0,0.0,14,79.0,0,2,1,4.0,0,8.3,9.3,,,68.0,209.0,21.613052631578945,0.0,Louisiana State,2020.0,2020.0,KC,32.0,,0.045454547
2020,20,00-0036360,C.Edwards-Helaire,RB,KC,BUF,0,0,0.0,0,0.0,0.0,0.0,6,7.0,1,2,1,0.0,0,6.7,7.7,,,68.0,209.0,21.613052631578945,0.0,Louisiana State,2020.0,2020.0,KC,32.0,14.0,0.05263158
2020,21,00-0036360,C.Edwards-Helaire,RB,KC,TB,0,0,0.0,0,0.0,0.0,0.0,9,64.0,0,3,2,23.0,0,8.7,10.7,,,68.0,209.0,21.613052631578945,0.0,Louisiana State,2020.0,2020.0,KC,32.0,,0.06521739
2020,2,00-0036364,L.Bowden,WR,MIA,BUF,0,0,0.0,0,0.0,0.0,0.0,0,0.0,0,1,1,-1.0,0,-0.1,0.9,,,71.0,201.0,23.0708125,0.0,Kentucky,2020.0,2020.0,LV,80.0,-3.0,0.02173913
2020,4,00-0036364,L.Bowden,WR,MIA,SEA,0,0,0.0,0,0.0,0.0,0.0,1,5.0,0,0,0,0.0,0,0.5,0.5,,,71.0,201.0,23.0708125,0.0,Kentucky,2020.0,2020.0,LV,80.0,-8.0,
2020,5,00-0036364,L.Bowden,WR,MIA,SF,0,0,0.0,0,0.0,0.0,0.0,3,4.0,0,0,0,0.0,0,0.4,0.4,,,71.0,201.0,23.0708125,0.0,Kentucky,2020.0,2020.0,LV,80.0,,
2020,12,00-0036364,L.Bowden,WR,MIA,NYJ,0,0,0.0,0,0.0,0.0,0.0,0,0.0,0,1,0,0.0,0,0.0,0.0,,,71.0,201.0,23.0708125,0.0,Kentucky,2020.0,2020.0,LV,80.0,,0.025641026
2020,13,00-0036364,L.Bowden,WR,MIA,CIN,0,0,0.0,0,0.0,0.0,0.0,1,11.0,0,4,4,41.0,0,5.2,9.2,,,71.0,201.0,23.0708125,0.0,Kentucky,2020.0,2020.0,LV,80.0,12.0,0.10526316
2020,14,00-0036364,L.Bowden,WR,MIA,KC,0,1,0.0,0,0.0,0.0,-0.0,1,2.0,0,9,7,82.0,0,8.4,15.4,,,71.0,201.0,23.0708125,0.0,Kentucky,2020.0,2020.0,LV,80.0,-6.0,0.19565217
2020,15,00-0036364,L.Bowden,WR,MIA,NE,0,0,0.0,0,0.0,0.0,0.0,1,9.0,0,7,6,37.0,0,4.6,10.6,,,71.0,201.0,23.0708125,0.0,Kentucky,2020.0,2020.0,LV,80.0,10.0,0.28
2020,16,00-0036364,L.Bowden,WR,MIA,LV,0,0,0.0,0,0.0,0.0,0.0,1,8.0,0,3,2,8.0,0,1.6,3.6,,,71.0,201.0,23.0708125,0.0,Kentucky,2020.0,2020.0,LV,80.0,,0.0882353
2020,17,00-0036364,L.Bowden,WR,MIA,BUF,1,1,32.0,0,0.0,0.0,-0.0,1,-7.0,0,12,8,44.0,0,4.98,12.98,,,71.0,201.0,23.0708125,0.0,Kentucky,2020.0,2020.0,LV,80.0,,0.20338982
2020,1,00-0036365,B.Edwards,WR,LV,CAR,0,0,0.0,0,0.0,0.0,0.0,0,0.0,0,1,1,9.0,0,0.9,1.9,,,75.0,215.0,21.990750000000002,0.0,South Carolina,2020.0,2020.0,LV,81.0,,0.035714287
2020,2,00-0036365,B.Edwards,WR,LV,NO,0,0,0.0,0,0.0,0.0,0.0,0,0.0,0,2,2,42.0,0,4.2,6.2,,,75.0,215.0,21.990750000000002,0.0,South Carolina,2020.0,2020.0,LV,81.0,10.0,0.05882353
2020,3,00-0036365,B.Edwards,WR,LV,NE,0,0,0.0,0,0.0,0.0,0.0,0,0.0,0,3,2,48.0,0,4.8,6.8,,,75.0,215.0,21.990750000000002,0.0,South Carolina,2020.0,2020.0,LV,81.0,,0.09375
2020,10,00-0036365,B.Edwards,WR,LV,DEN,0,0,0.0,0,0.0,0.0,0.0,0,0.0,0,1,1,16.0,0,1.6,2.6,,,75.0,215.0,21.990750000000002,0.0,South Carolina,2020.0,2020.0,LV,81.0,25.0,0.045454547
2020,11,00-0036365,B.Edwards,WR,LV,KC,0,0,0.0,0,0.0,0.0,0.0,0,0.0,0,2,1,1.0,0,0.1,1.1,,,75.0,215.0,21.990750000000002,0.0,South Carolina,2020.0,2020.0,LV,81.0,-4.0,0.06896552
2020,12,00-0036365,B.Edwards,WR,LV,ATL,0,0,0.0,0,0.0,0.0,0.0,0,0.0,0,2,1,15.0,0,1.5,2.5,,,75.0,215.0,21.990750000000002,0.0,South Carolina,2020.0,2020.0,LV,81.0,,0.054054055
2020,13,00-0036365,B.Edwards,WR,LV,NYJ,0,0,0.0,0,0.0,0.0,0.0,0,0.0,0,1,0,0.0,0,0.0,0.0,,,75.0,215.0,21.990750000000002,0.0,South Carolina,2020.0,2020.0,LV,81.0,,0.02173913
2020,16,00-0036365,B.Edwards,WR,LV,MIA,0,0,0.0,0,0.0,0.0,0.0,0,0.0,0,1,1,11.0,0,1.1,2.1,,,75.0,215.0,21.990750000000002,0.0,South Carolina,2020.0,2020.0,LV,81.0,-1.0,0.033333335
2020,17,00-0036365,B.Edwards,WR,LV,DEN,0,0,0.0,0,0.0,0.0,0.0,0,0.0,0,2,2,51.0,1,11.1,13.1,,,75.0,215.0,21.990750000000002,0.0,South Carolina,2020.0,2020.0,LV,81.0,,0.057142857
2020,1,00-0036370,J.Kelley,RB,LAC,CIN,0,0,0.0,0,0.0,0.0,0.0,12,60.0,1,0,0,0.0,0,12.0,12.0,,,71.0,219.0,22.9711875,0.0,UCLA,2020.0,2020.0,LAC,112.0,,
2020,2,00-0036370,J.Kelley,RB,LAC,KC,0,0,0.0,0,0.0,0.0,0.0,23,64.0,0,2,2,49.0,0,11.3,13.3,,,71.0,219.0,22.9711875,0.0,UCLA,2020.0,2020.0,LAC,112.0,-3.0,0.06666667
2020,3,00-0036370,J.Kelley,RB,LAC,CAR,0,0,0.0,0,0.0,0.0,0.0,8,43.0,0,2,2,9.0,0,3.2,5.2,,,71.0,219.0,22.9711875,0.0,UCLA,2020.0,2020.0,LAC,112.0,-5.0,0.041666668
2020,4,00-0036370,J.Kelley,RB,LAC,TB,0,0,0.0,0,0.0,0.0,0.0,9,7.0,0,3,3,26.0,0,1.3,4.3,,,71.0,219.0,22.9711875,0.0,UCLA,2020.0,2020.0,LAC,112.0,,0.12
2020,5,00-0036370,J.Kelley,RB,LAC,NO,0,0,0.0,0,0.0,0.0,0.0,11,29.0,0,1,1,9.0,0,3.8,4.8,,,71.0,219.0,22.9711875,0.0,UCLA,2020.0,2020.0,LAC,112.0,,0.03125
2020,7,00-0036370,J.Kelley,RB,LAC,JAX,0,0,0.0,0,0.0,0.0,0.0,12,29.0,0,5,5,24.0,0,5.3,10.3,,,71.0,219.0,22.9711875,0.0,UCLA,2020.0,2020.0,LAC,112.0,10.0,0.11904762
2020,8,00-0036370,J.Kelley,RB,LAC,DEN,0,0,0.0,0,0.0,0.0,0.0,7,32.0,0,1,1,-7.0,0,2.5,3.5,,,71.0,219.0,22.9711875,0.0,UCLA,2020.0,2020.0,LAC,112.0,,0.023809524
2020,9,00-0036370,J.Kelley,RB,LAC,LV,0,0,0.0,0,0.0,0.0,0.0,9,28.0,0,5,5,31.0,0,5.9,10.9,,,71.0,219.0,22.9711875,0.0,UCLA,2020.0,2020.0,LAC,112.0,-5.0,0.12195122
2020,10,00-0036370,J.Kelley,RB,LAC,MIA,0,0,0.0,0,0.0,0.0,0.0,7,21.0,0,0,0,0.0,0,2.1,2.1,,,71.0,219.0,22.9711875,0.0,UCLA,2020.0,2020.0,LAC,112.0,,
2020,11,00-0036370,J.Kelley,RB,LAC,NYJ,0,0,0.0,0,0.0,0.0,0.0,4,-2.0,0,2,2,4.0,0,0.2,2.2,,,71.0,219.0,22.9711875,0.0,UCLA,2020.0,2020.0,LAC,112.0,6.0,0.041666668
2020,12,00-0036370,J.Kelley,RB,LAC,BUF,0,0,0.0,0,0.0,0.0,0.0,7,35.0,1,0,0,0.0,0,9.5,9.5,,,71.0,219.0,22.9711875,0.0,UCLA,2020.0,2020.0,LAC,112.0,,
2020,13,00-0036370,J.Kelley,RB,LAC,NE,0,0,0.0,0,0.0,0.0,0.0,0,0.0,0,2,2,3.0,0,0.3,2.3,,,71.0,219.0,22.9711875,0.0,UCLA,2020.0,2020.0,LAC,112.0,-45.0,0.03846154
2020,15,00-0036370,J.Kelley,RB,LAC,LV,0,0,0.0,0,0.0,0.0,0.0,2,8.0,0,0,0,0.0,0,0.8,0.8,,,71.0,219.0,22.9711875,0.0,UCLA,2020.0,2020.0,LAC,112.0,,
2020,2,00-0036377,J.Reed,WR,LAC,KC,0,0,0.0,0,0.0,0.0,0.0,1,8.0,0,0,0,0.0,0,0.8,0.8,,,72.0,215.0,22.8478125,0.0,Virginia,2020.0,2020.0,LAC,151.0,-3.0,
2020,7,00-0036377,J.Reed,WR,LAC,JAX,0,0,0.0,0,0.0,0.0,0.0,2,14.0,1,0,0,0.0,0,7.4,7.4,,,72.0,215.0,22.8478125,0.0,Virginia,2020.0,2020.0,LAC,151.0,10.0,
2020,9,00-0036377,J.Reed,WR,LAC,LV,0,0,0.0,0,0.0,0.0,0.0,2,7.0,0,1,0,0.0,0,0.7,0.7,,,72.0,215.0,22.8478125,0.0,Virginia,2020.0,2020.0,LAC,151.0,-5.0,0.024390243
2020,3,00-0036382,K.Hill,WR,LAC,CAR,0,0,0.0,0,0.0,0.0,0.0,0,0.0,0,4,1,15.0,0,1.5,2.5,,,72.0,197.0,23.1518125,0.0,Ohio State,2020.0,2020.0,LAC,220.0,-5.0,0.083333336
2020,5,00-0036382,K.Hill,WR,LAC,NO,0,0,0.0,0,0.0,0.0,0.0,0,0.0,0,2,1,8.0,0,0.8,1.8,,,72.0,197.0,23.1518125,0.0,Ohio State,2020.0,2020.0,LAC,220.0,,0.0625
2020,13,00-0036382,K.Hill,WR,LAC,NE,0,0,0.0,0,0.0,0.0,0.0,0,0.0,0,1,1,7.0,0,0.7,1.7,,,72.0,197.0,23.1518125,0.0,Ohio State,2020.0,2020.0,LAC,220.0,-45.0,0.01923077
2020,14,00-0036382,K.Hill,WR,LAC,ATL,0,0,0.0,0,0.0,0.0,0.0,0,0.0,0,1,1,4.0,0,0.4,1.4,,,72.0,197.0,23.1518125,0.0,Ohio State,2020.0,2020.0,LAC,220.0,3.0,0.022727273
2020,15,00-0036382,K.Hill,WR,LAC,LV,0,0,0.0,0,0.0,0.0,0.0,0,0.0,0,3,3,39.0,0,3.9,6.9,,,72.0,197.0,23.1518125,0.0,Ohio State,2020.0,2020.0,LAC,220.0,,0.09375
2020,7,00-0036384,B.DiNucci,QB,DAL,WAS,2,3,39.0,0,0.0,3.0,25.0,1,0.0,0,0,0,0.0,0,1.56,1.56,,,74.0,210.0,23.9549375,0.0,James Madison,2020.0,2020.0,DAL,231.0,,
2020,8,00-0036384,B.DiNucci,QB,DAL,PHI,21,40,180.0,0,0.0,4.0,48.0,5,22.0,0,0,0,0.0,0,5.4,5.4,,,74.0,210.0,23.9549375,0.0,James Madison,2020.0,2020.0,DAL,231.0,,
2020,5,00-0036386,A.Thomas,T,NYG,DAL,0,0,0.0,0,0.0,0.0,0.0,0,0.0,0,0,0,0.0,0,2.0,2.0,,,77.0,326.0,21.7934375,0.0,Georgia,2020.0,2020.0,NYG,4.0,,
2020,1,00-0036387,J.Reagor,WR,PHI,WAS,0,0,0.0,0,0.0,0.0,0.0,0,0.0,0,4,1,55.0,0,5.5,6.5,,,71.0,195.0,21.850437499999998,0.0,Texas Christian,2020.0,2020.0,PHI,21.0,,0.0952381
2020,2,00-0036387,J.Reagor,WR,PHI,LA,0,0,0.0,0,0.0,0.0,0.0,0,0.0,0,4,4,41.0,0,4.1,8.1,,,71.0,195.0,21.850437499999998,0.0,Texas Christian,2020.0,2020.0,PHI,21.0,-18.0,0.09756097
2020,8,00-0036387,J.Reagor,WR,PHI,DAL,0,0,0.0,0,0.0,0.0,0.0,1,6.0,0,6,3,16.0,1,10.2,13.2,,,71.0,195.0,21.850437499999998,0.0,Texas Christian,2020.0,2020.0,PHI,21.0,14.0,0.23076923
2020,10,00-0036387,J.Reagor,WR,PHI,NYG,0,0,0.0,0,0.0,0.0,0.0,0,0.0,0,7,4,47.0,0,4.7,8.7,,,71.0,195.0,21.850437499999998,0.0,Texas Christian,2020.0,2020.0,PHI,21.0,,0.19444445
2020,11,00-0036387,J.Reagor,WR,PHI,CLE,0,0,0.0,0,0.0,0.0,0.0,0,0.0,0,5,4,52.0,0,5.2,9.2,,,71.0,195.0,21.850437499999998,0.0,Texas Christian,2020.0,2020.0,PHI,21.0,,0.14705883
2020,12,00-0036387,J.Reagor,WR,PHI,SEA,0,0,0.0,0,0.0,0.0,0.0,0,0.0,0,7,3,11.0,0,1.1,4.1,,,71.0,195.0,21.850437499999998,0.0,Texas Christian,2020.0,2020.0,PHI,21.0,-6.0,0.16666667
2020,13,00-0036387,J.Reagor,WR,PHI,GB,0,0,0.0,0,0.0,0.0,0.0,1,11.0,0,1,1,34.0,0,10.5,11.5,,,71.0,195.0,21.850437499999998,0.0,Texas Christian,2020.0,2020.0,PHI,21.0,,0.04
2020,14,00-0036387,J.Reagor,WR,PHI,NO,0,0,0.0,0,0.0,0.0,0.0,1,19.0,0,4,2,46.0,0,6.5,8.5,,,71.0,195.0,21.850437499999998,0.0,Texas Christian,2020.0,2020.0,PHI,21.0,3.0,0.15384616
2020,15,00-0036387,J.Reagor,WR,PHI,ARI,0,0,0.0,0,0.0,0.0,0.0,1,-10.0,0,8,5,49.0,0,3.9,8.9,,,71.0,195.0,21.850437499999998,0.0,Texas Christian,2020.0,2020.0,PHI,21.0,,0.2
2020,16,00-0036387,J.Reagor,WR,PHI,DAL,0,0,0.0,0,0.0,0.0,0.0,0,0.0,0,7,3,30.0,0,3.0,6.0,,,71.0,195.0,21.850437499999998,0.0,Texas Christian,2020.0,2020.0,PHI,21.0,,0.20588236
2020,17,00-0036387,J.Reagor,WR,PHI,WAS,0,0,0.0,0,0.0,0.0,0.0,0,0.0,0,1,1,15.0,0,1.5,2.5,,,71.0,195.0,21.850437499999998,0.0,Texas Christian,2020.0,2020.0,PHI,21.0,-6.0,0.03448276
2020,3,00-0036389,J.Hurts,QB,PHI,CIN,0,0,0.0,0,0.0,0.0,0.0,2,5.0,0,0,0,0.0,0,0.5,0.5,,,73.0,218.0,22.2555625,0.0,Oklahoma,2020.0,2020.0,PHI,53.0,0.0,
2020,4,00-0036389,J.Hurts,QB,PHI,SF,0,0,0.0,0,0.0,0.0,0.0,3,18.0,0,0,0,0.0,0,1.8,1.8,,,73.0,218.0,22.2555625,0.0,Oklahoma,2020.0,2020.0,PHI,53.0,,
2020,5,00-0036389,J.Hurts,QB,PHI,PIT,1,1,18.0,0,0.0,0.0,-0.0,0,0.0,0,0,0,0.0,0,0.72,0.72,,,73.0,218.0,22.2555625,0.0,Oklahoma,2020.0,2020.0,PHI,53.0,,
2020,6,00-0036389,J.Hurts,QB,PHI,BAL,0,0,0.0,0,0.0,0.0,0.0,2,23.0,0,1,1,3.0,0,2.6,3.6,,,73.0,218.0,22.2555625,0.0,Oklahoma,2020.0,2020.0,PHI,53.0,-2.0,0.025641026
2020,7,00-0036389,J.Hurts,QB,PHI,NYG,0,0,0.0,0,0.0,0.0,0.0,2,2.0,0,0,0,0.0,0,0.2,0.2,,,73.0,218.0,22.2555625,0.0,Oklahoma,2020.0,2020.0,PHI,53.0,1.0,
2020,8,00-0036389,J.Hurts,QB,PHI,DAL,1,1,9.0,0,0.0,0.0,-0.0,0,0.0,0,0,0,0.0,0,0.36,0.36,,,73.0,218.0,22.2555625,0.0,Oklahoma,2020.0,2020.0,PHI,53.0,14.0,
2020,10,00-0036389,J.Hurts,QB,PHI,NYG,0,0,0.0,0,0.0,0.0,0.0,2,-1.0,0,0,0,0.0,0,-0.1,-0.1,,,73.0,218.0,22.2555625,0.0,Oklahoma,2020.0,2020.0,PHI,53.0,,
2020,11,00-0036389,J.Hurts,QB,PHI,CLE,0,0,0.0,0,0.0,0.0,0.0,1,6.0,0,0,0,0.0,0,0.6,0.6,,,73.0,218.0,22.2555625,0.0,Oklahoma,2020.0,2020.0,PHI,53.0,,
2020,12,00-0036389,J.Hurts,QB,PHI,SEA,1,1,6.0,0,0.0,0.0,-0.0,0,0.0,0,0,0,0.0,0,0.24,0.24,,,73.0,218.0,22.2555625,0.0,Oklahoma,2020.0,2020.0,PHI,53.0,-6.0,
2020,13,00-0036389,J.Hurts,QB,PHI,GB,5,12,109.0,1,1.0,3.0,5.0,5,29.0,0,0,0,0.0,0,9.26,9.26,,,73.0,218.0,22.2555625,0.0,Oklahoma,2020.0,2020.0,PHI,53.0,,
2020,14,00-0036389,J.Hurts,QB,PHI,NO,17,30,167.0,1,0.0,0.0,-0.0,18,106.0,0,0,0,0.0,0,19.28,19.28,,,73.0,218.0,22.2555625,0.0,Oklahoma,2020.0,2020.0,PHI,53.0,3.0,
2020,15,00-0036389,J.Hurts,QB,PHI,ARI,24,44,338.0,3,0.0,6.0,33.0,11,63.0,1,0,0,0.0,0,37.82,37.82,,,73.0,218.0,22.2555625,0.0,Oklahoma,2020.0,2020.0,PHI,53.0,,
2020,16,00-0036389,J.Hurts,QB,PHI,DAL,21,39,342.0,1,2.0,3.0,16.0,9,69.0,0,0,0,0.0,0,18.58,18.58,,,73.0,218.0,22.2555625,0.0,Oklahoma,2020.0,2020.0,PHI,53.0,,
2020,17,00-0036389,J.Hurts,QB,PHI,WAS,7,20,72.0,0,1.0,1.0,5.0,8,34.0,2,0,0,0.0,0,16.28,16.28,,,73.0,218.0,22.2555625,0.0,Oklahoma,2020.0,2020.0,PHI,53.0,-6.0,
2020,1,00-0036398,J.Hightower,WR,PHI,WAS,0,0,0.0,0,0.0,0.0,0.0,0,0.0,0,4,1,-2.0,0,-0.2,0.8,,,74.0,172.0,24.4404375,0.0,Boise State,2020.0,2020.0,PHI,168.0,,0.0952381
2020,3,00-0036398,J.Hightower,WR,PHI,CIN,0,0,0.0,0,0.0,0.0,0.0,0,0.0,0,3,2,19.0,0,1.9,3.9,,,74.0,172.0,24.4404375,0.0,Boise State,2020.0,2020.0,PHI,168.0,0.0,0.06818182
2020,4,00-0036398,J.Hightower,WR,PHI,SF,0,0,0.0,0,0.0,0.0,0.0,0,0.0,0,2,2,22.0,0,2.2,4.2,,,74.0,172.0,24.4404375,0.0,Boise State,2020.0,2020.0,PHI,168.0,,0.07692308
2020,5,00-0036398,J.Hightower,WR,PHI,PIT,0,0,0.0,0,0.0,0.0,0.0,0,0.0,0,6,2,18.0,0,3.8,5.8,,,74.0,172.0,24.4404375,0.0,Boise State,2020.0,2020.0,PHI,168.0,,0.16666667
2020,6,00-0036398,J.Hightower,WR,PHI,BAL,0,0,0.0,0,0.0,0.0,0.0,0,0.0,0,4,1,50.0,0,5.0,6.0,,,74.0,172.0,24.4404375,0.0,Boise State,2020.0,2020.0,PHI,168.0,-2.0,0.102564104
2020,7,00-0036398,J.Hightower,WR,PHI,NYG,0,0,0.0,0,0.0,0.0,0.0,0,0.0,0,2,1,59.0,0,5.9,6.9,,,74.0,172.0,24.4404375,0.0,Boise State,2020.0,2020.0,PHI,168.0,1.0,0.048780486
2020,8,00-0036398,J.Hightower,WR,PHI,DAL,0,0,0.0,0,0.0,0.0,0.0,0,0.0,0,3,0,0.0,0,0.0,0.0,,,74.0,172.0,24.4404375,0.0,Boise State,2020.0,2020.0,PHI,168.0,14.0,0.115384616
2020,12,00-0036398,J.Hightower,WR,PHI,SEA,0,0,0.0,0,0.0,0.0,0.0,0,0.0,0,1,1,1.0,0,0.1,1.1,,,74.0,172.0,24.4404375,0.0,Boise State,2020.0,2020.0,PHI,168.0,-6.0,0.023809524
2020,13,00-0036398,J.Hightower,WR,PHI,GB,0,0,0.0,0,0.0,0.0,0.0,0,0.0,0,2,0,0.0,0,0.0,0.0,,,74.0,172.0,24.4404375,0.0,Boise State,2020.0,2020.0,PHI,168.0,,0.08
2020,17,00-0036398,J.Hightower,WR,PHI,WAS,0,0,0.0,0,0.0,0.0,0.0,1,1.0,0,2,0,0.0,0,0.1,0.1,,,74.0,172.0,24.4404375,0.0,Boise State,2020.0,2020.0,PHI,168.0,-6.0,0.06896552
2020,1,00-0036407,J.Jeudy,WR,DEN,TEN,0,0,0.0,0,0.0,0.0,0.0,0,0.0,0,8,4,56.0,0,5.6,9.6,,,73.0,192.0,21.548375,0.0,Alabama,2020.0,2020.0,DEN,15.0,-2.0,0.25
2020,2,00-0036407,J.Jeudy,WR,DEN,PIT,0,0,0.0,0,0.0,0.0,0.0,0,0.0,0,7,4,62.0,0,6.2,10.2,,,73.0,192.0,21.548375,0.0,Alabama,2020.0,2020.0,DEN,15.0,,0.18421052
2020,3,00-0036407,J.Jeudy,WR,DEN,TB,0,0,0.0,0,0.0,0.0,0.0,0,0.0,0,9,5,55.0,0,5.5,10.5,,,73.0,192.0,21.548375,0.0,Alabama,2020.0,2020.0,DEN,15.0,-18.0,0.23684211
2020,4,00-0036407,J.Jeudy,WR,DEN,NYJ,0,0,0.0,0,0.0,0.0,0.0,0,0.0,0,4,2,61.0,1,12.1,14.1,,,73.0,192.0,21.548375,0.0,Alabama,2020.0,2020.0,DEN,15.0,,0.14285715
2020,6,00-0036407,J.Jeudy,WR,DEN,NE,0,0,0.0,0,0.0,0.0,0.0,0,0.0,0,5,2,32.0,0,3.2,5.2,,,73.0,192.0,21.548375,0.0,Alabama,2020.0,2020.0,DEN,15.0,,0.20833333
2020,7,00-0036407,J.Jeudy,WR,DEN,KC,0,0,0.0,0,0.0,0.0,0.0,0,0.0,0,4,2,20.0,0,2.0,4.0,,,73.0,192.0,21.548375,0.0,Alabama,2020.0,2020.0,DEN,15.0,-27.0,0.10526316
2020,8,00-0036407,J.Jeudy,WR,DEN,LAC,0,0,0.0,0,0.0,0.0,0.0,0,0.0,0,10,4,73.0,0,7.3,11.3,,,73.0,192.0,21.548375,0.0,Alabama,2020.0,2020.0,DEN,15.0,1.0,0.2631579
2020,9,00-0036407,J.Jeudy,WR,DEN,ATL,0,0,0.0,0,0.0,0.0,0.0,0,0.0,0,14,7,125.0,1,18.5,25.5,,,73.0,192.0,21.548375,0.0,Alabama,2020.0,2020.0,DEN,15.0,,0.31111112
2020,10,00-0036407,J.Jeudy,WR,DEN,LV,0,0,0.0,0,0.0,0.0,0.0,0,0.0,0,8,4,68.0,0,6.8,10.8,,,73.0,192.0,21.548375,0.0,Alabama,2020.0,2020.0,DEN,15.0,,0.17777778
2020,11,00-0036407,J.Jeudy,WR,DEN,MIA,0,0,0.0,0,0.0,0.0,0.0,0,0.0,0,8,3,37.0,0,3.7,6.7,,,73.0,192.0,21.548375,0.0,Alabama,2020.0,2020.0,DEN,15.0,7.0,0.26666668
2020,12,00-0036407,J.Jeudy,WR,DEN,NO,0,0,0.0,0,0.0,0.0,0.0,0,0.0,0,1,0,0.0,0,0.0,0.0,,,73.0,192.0,21.548375,0.0,Alabama,2020.0,2020.0,DEN,15.0,-28.0,0.125
2020,13,00-0036407,J.Jeudy,WR,DEN,KC,0,0,0.0,0,0.0,0.0,0.0,0,0.0,0,4,1,5.0,0,0.5,1.5,,,73.0,192.0,21.548375,0.0,Alabama,2020.0,2020.0,DEN,15.0,,0.14814815
2020,14,00-0036407,J.Jeudy,WR,DEN,CAR,0,0,0.0,0,0.0,0.0,0.0,0,0.0,0,4,2,42.0,0,4.2,6.2,,,73.0,192.0,21.548375,0.0,Alabama,2020.0,2020.0,DEN,15.0,,0.14814815
2020,15,00-0036407,J.Jeudy,WR,DEN,BUF,0,0,0.0,0,0.0,0.0,0.0,0,0.0,0,5,1,19.0,0,1.9,2.9,,,73.0,192.0,21.548375,0.0,Alabama,2020.0,2020.0,DEN,15.0,-29.0,0.15625
2020,16,00-0036407,J.Jeudy,WR,DEN,LAC,0,0,0.0,0,0.0,0.0,0.0,0,0.0,0,15,6,61.0,0,6.1,12.1,,,73.0,192.0,21.548375,0.0,Alabama,2020.0,2020.0,DEN,15.0,,0.3488372
2020,17,00-0036407,J.Jeudy,WR,DEN,LV,0,0,0.0,0,0.0,0.0,0.0,0,0.0,0,7,5,140.0,1,22.0,27.0,,,73.0,192.0,21.548375,0.0,Alabama,2020.0,2020.0,DEN,15.0,-1.0,0.175
2020,2,00-0036410,T.Higgins,WR,CIN,CLE,0,0,0.0,0,0.0,0.0,0.0,0,0.0,0,6,3,35.0,0,3.5,6.5,,,76.0,210.0,21.806625,0.0,Clemson,2020.0,2020.0,CIN,33.0,,0.10169491
2020,3,00-0036410,T.Higgins,WR,CIN,PHI,0,0,0.0,0,0.0,0.0,0.0,0,0.0,0,9,5,40.0,2,16.0,21.0,,,76.0,210.0,21.806625,0.0,Clemson,2020.0,2020.0,CIN,33.0,,0.21428572
2020,4,00-0036410,T.Higgins,WR,CIN,JAX,0,0,0.0,0,0.0,0.0,0.0,1,13.0,0,7,4,77.0,0,9.0,13.0,,,76.0,210.0,21.806625,0.0,Clemson,2020.0,2020.0,CIN,33.0,8.0,0.2
2020,5,00-0036410,T.Higgins,WR,CIN,BAL,0,0,0.0,0,0.0,0.0,0.0,0,0.0,0,8,4,62.0,0,6.2,10.2,,,76.0,210.0,21.806625,0.0,Clemson,2020.0,2020.0,CIN,33.0,,0.27586207
2020,6,00-0036410,T.Higgins,WR,CIN,IND,0,0,0.0,0,0.0,0.0,0.0,1,2.0,0,8,6,125.0,0,12.7,18.7,,,76.0,210.0,21.806625,0.0,Clemson,2020.0,2020.0,CIN,33.0,,0.20512821
2020,7,00-0036410,T.Higgins,WR,CIN,CLE,0,0,0.0,0,0.0,0.0,0.0,1,7.0,0,5,5,71.0,1,13.8,18.8,,,76.0,210.0,21.806625,0.0,Clemson,2020.0,2020.0,CIN,33.0,-3.0,0.10638298
2020,8,00-0036410,T.Higgins,WR,CIN,TEN,0,0,0.0,0,0.0,0.0,0.0,2,6.0,0,9,6,78.0,0,8.4,14.4,,,76.0,210.0,21.806625,0.0,Clemson,2020.0,2020.0,CIN,33.0,11.0,0.25714287
2020,10,00-0036410,T.Higgins,WR,CIN,PIT,0,0,0.0,0,0.0,0.0,0.0,0,0.0,0,9,7,115.0,1,15.5,22.5,,,76.0,210.0,21.806625,0.0,Clemson,2020.0,2020.0,CIN,33.0,,0.23684211
2020,11,00-0036410,T.Higgins,WR,CIN,WAS,0,0,0.0,0,0.0,0.0,0.0,0,0.0,0,10,3,26.0,0,2.6,5.6,,,76.0,210.0,21.806625,0.0,Clemson,2020.0,2020.0,CIN,33.0,,0.22727273
2020,12,00-0036410,T.Higgins,WR,CIN,NYG,0,0,0.0,0,0.0,0.0,0.0,0,0.0,0,5,5,44.0,1,10.4,15.4,,,76.0,210.0,21.806625,0.0,Clemson,2020.0,2020.0,CIN,33.0,-2.0,0.18518518
2020,13,00-0036410,T.Higgins,WR,CIN,MIA,0,0,0.0,0,0.0,0.0,0.0,0,0.0,0,8,5,56.0,0,5.6,10.6,,,76.0,210.0,21.806625,0.0,Clemson,2020.0,2020.0,CIN,33.0,,0.2962963
2020,14,00-0036410,T.Higgins,WR,CIN,DAL,0,0,0.0,0,0.0,0.0,0.0,0,0.0,0,8,5,49.0,0,4.9,9.9,,,76.0,210.0,21.806625,0.0,Clemson,2020.0,2020.0,CIN,33.0,-23.0,0.21052632
2020,15,00-0036410,T.Higgins,WR,CIN,PIT,0,0,0.0,0,0.0,0.0,0.0,0,0.0,0,6,3,31.0,0,3.1,6.1,,,76.0,210.0,21.806625,0.0,Clemson,2020.0,2020.0,CIN,33.0,10.0,0.46153846
2020,16,00-0036410,T.Higgins,WR,CIN,HOU,0,0,0.0,0,0.0,0.0,0.0,0,0.0,0,9,6,99.0,1,15.9,21.9,,,76.0,210.0,21.806625,0.0,Clemson,2020.0,2020.0,CIN,33.0,,0.23684211
2020,17,00-0036410,T.Higgins,WR,CIN,BAL,0,0,0.0,0,0.0,0.0,0.0,0,0.0,0,1,0,0.0,0,0.0,0.0,,,76.0,210.0,21.806625,0.0,Clemson,2020.0,2020.0,CIN,33.0,-35.0,0.05
2020,2,00-0036412,K.Hamler,WR,DEN,PIT,0,0,0.0,0,0.0,0.0,0.0,1,9.0,0,7,3,48.0,0,5.7,8.7,,,69.0,176.0,21.3430625,0.0,Penn State,2020.0,2020.0,DEN,46.0,,0.18421052
2020,3,00-0036412,K.Hamler,WR,DEN,TB,0,0,0.0,0,0.0,0.0,0.0,1,-2.0,0,5,3,30.0,0,2.8,5.8,,,69.0,176.0,21.3430625,0.0,Penn State,2020.0,2020.0,DEN,46.0,-18.0,0.13157895
2020,7,00-0036412,K.Hamler,WR,DEN,KC,0,0,0.0,0,0.0,0.0,0.0,1,10.0,0,3,2,24.0,0,3.4,5.4,,,69.0,176.0,21.3430625,0.0,Penn State,2020.0,2020.0,DEN,46.0,-27.0,0.078947365
2020,8,00-0036412,K.Hamler,WR,DEN,LAC,0,0,0.0,0,0.0,0.0,0.0,0,0.0,0,3,3,13.0,1,7.3,10.3,,,69.0,176.0,21.3430625,0.0,Penn State,2020.0,2020.0,DEN,46.0,1.0,0.078947365
2020,9,00-0036412,K.Hamler,WR,DEN,ATL,0,0,0.0,0,0.0,0.0,0.0,1,15.0,0,10,6,75.0,0,9.0,15.0,,,69.0,176.0,21.3430625,0.0,Penn State,2020.0,2020.0,DEN,46.0,,0.22222222
2020,10,00-0036412,K.Hamler,WR,DEN,LV,0,0,0.0,0,0.0,0.0,0.0,0,0.0,0,10,4,50.0,0,5.0,9.0,,,69.0,176.0,21.3430625,0.0,Penn State,2020.0,2020.0,DEN,46.0,,0.22222222
2020,11,00-0036412,K.Hamler,WR,DEN,MIA,0,0,0.0,0,0.0,0.0,0.0,0,0.0,0,6,4,35.0,0,3.5,7.5,,,69.0,176.0,21.3430625,0.0,Penn State,2020.0,2020.0,DEN,46.0,7.0,0.2
2020,12,00-0036412,K.Hamler,WR,DEN,NO,0,0,0.0,0,0.0,0.0,0.0,2,-8.0,0,0,0,0.0,0,-0.8,-0.8,,,69.0,176.0,21.3430625,0.0,Penn State,2020.0,2020.0,DEN,46.0,-28.0,
2020,13,00-0036412,K.Hamler,WR,DEN,KC,0,0,0.0,0,0.0,0.0,0.0,2,13.0,0,5,2,16.0,0,2.9,4.9,,,69.0,176.0,21.3430625,0.0,Penn State,2020.0,2020.0,DEN,46.0,,0.18518518
2020,14,00-0036412,K.Hamler,WR,DEN,CAR,0,0,0.0,0,0.0,0.0,0.0,0,0.0,0,3,2,86.0,2,20.6,22.6,,,69.0,176.0,21.3430625,0.0,Penn State,2020.0,2020.0,DEN,46.0,,0.11111111
2020,15,00-0036412,K.Hamler,WR,DEN,BUF,0,0,0.0,0,0.0,0.0,0.0,0,0.0,0,4,1,4.0,0,0.4,1.4,,,69.0,176.0,21.3430625,0.0,Penn State,2020.0,2020.0,DEN,46.0,-29.0,0.125
2020,16,00-0036412,K.Hamler,WR,DEN,LAC,0,0,0.0,0,0.0,0.0,0.0,1,3.0,0,0,0,0.0,0,0.3,0.3,,,69.0,176.0,21.3430625,0.0,Penn State,2020.0,2020.0,DEN,46.0,,
2020,1,00-0036414,C.Akers,RB,LA,DAL,0,0,0.0,0,0.0,0.0,0.0,14,39.0,0,1,1,4.0,0,4.3,5.3,,,70.0,212.0,21.40238888888889,0.0,Florida State,2020.0,2020.0,LAR,52.0,3.0,0.035714287
2020,2,00-0036414,C.Akers,RB,LA,PHI,0,0,0.0,0,0.0,0.0,0.0,3,13.0,0,0,0,0.0,0,1.3,1.3,,,70.0,212.0,21.40238888888889,0.0,Florida State,2020.0,2020.0,LAR,52.0,,
2020,5,00-0036414,C.Akers,RB,LA,WAS,0,0,0.0,0,0.0,0.0,0.0,9,61.0,0,0,0,0.0,0,6.1,6.1,,,70.0,212.0,21.40238888888889,0.0,Florida State,2020.0,2020.0,LAR,52.0,,
2020,8,00-0036414,C.Akers,RB,LA,MIA,0,0,0.0,0,0.0,0.0,0.0,9,35.0,0,1,1,19.0,0,5.4,6.4,,,70.0,212.0,21.40238888888889,0.0,Florida State,2020.0,2020.0,LAR,52.0,,0.01754386
2020,10,00-0036414,C.Akers,RB,LA,SEA,0,0,0.0,0,0.0,0.0,0.0,10,38.0,0,0,0,0.0,0,3.8,3.8,,,70.0,212.0,21.40238888888889,0.0,Florida State,2020.0,2020.0,LAR,52.0,7.0,
2020,11,00-0036414,C.Akers,RB,LA,TB,0,0,0.0,0,0.0,0.0,0.0,5,15.0,0,1,1,4.0,1,7.9,8.9,,,70.0,212.0,21.40238888888889,0.0,Florida State,2020.0,2020.0,LAR,52.0,,0.020408163
2020,12,00-0036414,C.Akers,RB,LA,SF,0,0,0.0,0,0.0,0.0,0.0,9,84.0,1,0,0,0.0,0,14.4,14.4,,,70.0,212.0,21.40238888888889,0.0,Florida State,2020.0,2020.0,LAR,52.0,-3.0,
2020,13,00-0036414,C.Akers,RB,LA,ARI,0,0,0.0,0,0.0,0.0,0.0,21,72.0,1,1,1,22.0,0,15.4,16.4,,,70.0,212.0,21.40238888888889,0.0,Florida State,2020.0,2020.0,LAR,52.0,,0.022727273
2020,14,00-0036414,C.Akers,RB,LA,NE,0,0,0.0,0,0.0,0.0,0.0,29,171.0,0,3,2,23.0,0,19.4,21.4,,,70.0,212.0,21.40238888888889,0.0,Florida State,2020.0,2020.0,LAR,52.0,21.0,0.125
2020,15,00-0036414,C.Akers,RB,LA,NYJ,0,0,0.0,0,0.0,0.0,0.0,15,63.0,0,3,1,-1.0,0,6.2,7.2,,,70.0,212.0,21.40238888888889,0.0,Florida State,2020.0,2020.0,LAR,52.0,-3.0,0.1
2020,17,00-0036414,C.Akers,RB,LA,ARI,0,0,0.0,0,0.0,0.0,0.0,21,34.0,0,4,4,52.0,0,6.6,10.6,,,70.0,212.0,21.40238888888889,0.0,Florida State,2020.0,2020.0,LAR,52.0,11.0,0.10810811
2020,18,00-0036414,C.Akers,RB,LA,SEA,0,0,0.0,0,0.0,0.0,0.0,28,131.0,1,2,2,45.0,0,23.6,25.6,,,70.0,212.0,21.40238888888889,0.0,Florida State,2020.0,2020.0,LAR,52.0,,0.083333336
2020,19,00-0036414,C.Akers,RB,LA,GB,0,0,0.0,0,0.0,0.0,0.0,18,90.0,1,1,1,6.0,0,17.6,18.6,,,70.0,212.0,21.40238888888889,0.0,Florida State,2020.0,2020.0,LAR,52.0,,0.03846154
2020,1,00-0036415,V.Jefferson,WR,LA,DAL,0,0,0.0,0,0.0,0.0,0.0,0,0.0,0,3,1,31.0,0,3.1,4.1,,,73.0,197.0,24.307222222222222,0.0,Florida,2020.0,2020.0,LAR,57.0,3.0,0.10714286
2020,2,00-0036415,V.Jefferson,WR,LA,PHI,0,0,0.0,0,0.0,0.0,0.0,1,-1.0,0,5,4,45.0,0,4.4,8.4,,,73.0,197.0,24.307222222222222,0.0,Florida,2020.0,2020.0,LAR,57.0,,0.1923077
2020,3,00-0036415,V.Jefferson,WR,LA,BUF,0,0,0.0,0,0.0,0.0,0.0,0,0.0,0,1,0,0.0,0,0.0,0.0,,,73.0,197.0,24.307222222222222,0.0,Florida,2020.0,2020.0,LAR,57.0,,0.032258064
2020,4,00-0036415,V.Jefferson,WR,LA,NYG,0,0,0.0,0,0.0,0.0,0.0,0,0.0,0,1,0,0.0,0,0.0,0.0,,,73.0,197.0,24.307222222222222,0.0,Florida,2020.0,2020.0,LAR,57.0,8.0,0.03125
2020,6,00-0036415,V.Jefferson,WR,LA,SF,0,0,0.0,0,0.0,0.0,0.0,0,0.0,0,1,1,8.0,0,0.8,1.8,,,73.0,197.0,24.307222222222222,0.0,Florida,2020.0,2020.0,LAR,57.0,,0.027027028
2020,7,00-0036415,V.Jefferson,WR,LA,CHI,0,0,0.0,0,0.0,0.0,0.0,0,0.0,0,1,1,14.0,0,1.4,2.4,,,73.0,197.0,24.307222222222222,0.0,Florida,2020.0,2020.0,LAR,57.0,14.0,0.032258064
2020,8,00-0036415,V.Jefferson,WR,LA,MIA,0,0,0.0,0,0.0,0.0,0.0,0,0.0,0,2,2,23.0,0,2.3,4.3,,,73.0,197.0,24.307222222222222,0.0,Florida,2020.0,2020.0,LAR,57.0,,0.03508772
2020,10,00-0036415,V.Jefferson,WR,LA,SEA,0,0,0.0,0,0.0,0.0,0.0,0,0.0,0,1,1,15.0,0,1.5,2.5,,,73.0,197.0,24.307222222222222,0.0,Florida,2020.0,2020.0,LAR,57.0,7.0,0.027777778
2020,11,00-0036415,V.Jefferson,WR,LA,TB,0,0,0.0,0,0.0,0.0,0.0,0,0.0,0,1,1,7.0,1,6.7,7.7,,,73.0,197.0,24.307222222222222,0.0,Florida,2020.0,2020.0,LAR,57.0,,0.020408163
2020,13,00-0036415,V.Jefferson,WR,LA,ARI,0,0,0.0,0,0.0,0.0,0.0,0,0.0,0,5,4,27.0,0,2.7,6.7,,,73.0,197.0,24.307222222222222,0.0,Florida,2020.0,2020.0,LAR,57.0,,0.11363637
2020,15,00-0036415,V.Jefferson,WR,LA,NYJ,0,0,0.0,0,0.0,0.0,0.0,0,0.0,0,1,0,0.0,0,0.0,0.0,,,73.0,197.0,24.307222222222222,0.0,Florida,2020.0,2020.0,LAR,57.0,-3.0,0.033333335
2020,16,00-0036415,V.Jefferson,WR,LA,SEA,0,0,0.0,0,0.0,0.0,0.0,0,0.0,0,1,0,0.0,0,0.0,0.0,,,73.0,197.0,24.307222222222222,0.0,Florida,2020.0,2020.0,LAR,57.0,,0.024390243
2020,17,00-0036415,V.Jefferson,WR,LA,ARI,0,0,0.0,0,0.0,0.0,0.0,0,0.0,0,8,4,50.0,0,5.0,9.0,,,73.0,197.0,24.307222222222222,0.0,Florida,2020.0,2020.0,LAR,57.0,11.0,0.21621622
2020,19,00-0036415,V.Jefferson,WR,LA,GB,0,0,0.0,0,0.0,0.0,0.0,0,0.0,0,7,6,46.0,1,10.6,16.6,,,73.0,197.0,24.307222222222222,0.0,Florida,2020.0,2020.0,LAR,57.0,,0.26923078
2020,2,00-0036422,A.Trautman,TE,NO,LV,0,0,0.0,0,0.0,0.0,0.0,0,0.0,0,1,1,17.0,0,1.7,2.7,,,77.0,253.0,23.77972222222222,0.0,Dayton,2020.0,2020.0,NO,105.0,,0.027027028
2020,3,00-0036422,A.Trautman,TE,NO,GB,0,0,0.0,0,0.0,0.0,0.0,0,0.0,0,2,2,17.0,0,1.7,3.7,,,77.0,253.0,23.77972222222222,0.0,Dayton,2020.0,2020.0,NO,105.0,-7.0,0.057142857
2020,7,00-0036422,A.Trautman,TE,NO,CAR,0,0,0.0,0,0.0,0.0,0.0,0,0.0,0,1,0,0.0,0,0.0,0.0,,,77.0,253.0,23.77972222222222,0.0,Dayton,2020.0,2020.0,NO,105.0,3.0,0.028571429
2020,9,00-0036422,A.Trautman,TE,NO,TB,0,0,0.0,0,0.0,0.0,0.0,0,0.0,0,3,3,39.0,1,9.9,12.9,,,77.0,253.0,23.77972222222222,0.0,Dayton,2020.0,2020.0,NO,105.0,,0.0882353
2020,11,00-0036422,A.Trautman,TE,NO,ATL,0,0,0.0,0,0.0,0.0,0.0,0,0.0,0,1,1,19.0,0,1.9,2.9,,,77.0,253.0,23.77972222222222,0.0,Dayton,2020.0,2020.0,NO,105.0,15.0,0.04347826
2020,12,00-0036422,A.Trautman,TE,NO,DEN,0,0,0.0,0,0.0,0.0,0.0,0,0.0,0,1,1,8.0,0,0.8,1.8,,,77.0,253.0,23.77972222222222,0.0,Dayton,2020.0,2020.0,NO,105.0,,0.071428575
2020,13,00-0036422,A.Trautman,TE,NO,ATL,0,0,0.0,0,0.0,0.0,0.0,0,0.0,0,3,3,9.0,0,0.9,3.9,,,77.0,253.0,23.77972222222222,0.0,Dayton,2020.0,2020.0,NO,105.0,,0.08108108
2020,14,00-0036422,A.Trautman,TE,NO,PHI,0,0,0.0,0,0.0,0.0,0.0,0,0.0,0,1,1,12.0,0,1.2,2.2,,,77.0,253.0,23.77972222222222,0.0,Dayton,2020.0,2020.0,NO,105.0,,0.027027028
2020,16,00-0036422,A.Trautman,TE,NO,MIN,0,0,0.0,0,0.0,0.0,0.0,0,0.0,0,2,2,45.0,0,4.5,6.5,,,77.0,253.0,23.77972222222222,0.0,Dayton,2020.0,2020.0,NO,105.0,19.0,0.071428575
2020,17,00-0036422,A.Trautman,TE,NO,CAR,0,0,0.0,0,0.0,0.0,0.0,0,0.0,0,1,1,5.0,0,0.5,1.5,,,77.0,253.0,23.77972222222222,0.0,Dayton,2020.0,2020.0,NO,105.0,,0.03448276
2020,18,00-0036422,A.Trautman,TE,NO,CHI,0,0,0.0,0,0.0,0.0,0.0,0,0.0,0,3,1,4.0,0,0.4,1.4,,,77.0,253.0,23.77972222222222,0.0,Dayton,2020.0,2020.0,NO,105.0,12.0,0.083333336
2020,6,00-0036423,A.Okwuegbunam,TE,DEN,NE,0,0,0.0,0,0.0,0.0,0.0,0,0.0,0,6,2,45.0,0,4.5,6.5,,,77.0,255.0,22.5450625,0.0,Missouri,2020.0,2020.0,DEN,118.0,,0.25
2020,7,00-0036423,A.Okwuegbunam,TE,DEN,KC,0,0,0.0,0,0.0,0.0,0.0,0,0.0,0,7,7,60.0,0,6.0,13.0,,,77.0,255.0,22.5450625,0.0,Missouri,2020.0,2020.0,DEN,118.0,-27.0,0.18421052
2020,8,00-0036423,A.Okwuegbunam,TE,DEN,LAC,0,0,0.0,0,0.0,0.0,0.0,0,0.0,0,1,1,9.0,1,6.9,7.9,,,77.0,255.0,22.5450625,0.0,Missouri,2020.0,2020.0,DEN,118.0,1.0,0.02631579
2020,9,00-0036423,A.Okwuegbunam,TE,DEN,ATL,0,0,0.0,0,0.0,0.0,0.0,0,0.0,0,1,1,7.0,0,0.7,1.7,,,77.0,255.0,22.5450625,0.0,Missouri,2020.0,2020.0,DEN,118.0,,0.022222223
2020,4,00-0036425,D.Dallas,RB,SEA,MIA,0,0,0.0,0,0.0,0.0,0.0,2,8.0,0,2,2,15.0,0,2.3,4.3,,,70.0,214.0,22.159470588235294,0.0,Miami,2020.0,2020.0,SEA,144.0,,0.060606062
2020,7,00-0036425,D.Dallas,RB,SEA,ARI,0,0,0.0,0,0.0,0.0,0.0,0,0.0,0,3,2,18.0,0,1.8,3.8,,,70.0,214.0,22.159470588235294,0.0,Miami,2020.0,2020.0,SEA,144.0,,0.0625
2020,8,00-0036425,D.Dallas,RB,SEA,SF,0,0,0.0,0,0.0,0.0,0.0,18,41.0,1,5,5,17.0,1,17.8,22.8,,,70.0,214.0,22.159470588235294,0.0,Miami,2020.0,2020.0,SEA,144.0,10.0,0.1388889
2020,9,00-0036425,D.Dallas,RB,SEA,BUF,0,0,0.0,0,0.0,0.0,0.0,7,31.0,1,2,2,8.0,0,9.9,11.9,,,70.0,214.0,22.159470588235294,0.0,Miami,2020.0,2020.0,SEA,144.0,,0.05
2020,10,00-0036425,D.Dallas,RB,SEA,LA,0,0,0.0,0,0.0,0.0,0.0,2,8.0,0,3,2,23.0,0,3.1,5.1,,,70.0,214.0,22.159470588235294,0.0,Miami,2020.0,2020.0,SEA,144.0,,0.08571429
2020,11,00-0036425,D.Dallas,RB,SEA,ARI,0,0,0.0,0,0.0,0.0,0.0,1,13.0,0,2,2,19.0,0,3.2,5.2,,,70.0,214.0,22.159470588235294,0.0,Miami,2020.0,2020.0,SEA,144.0,7.0,0.074074075
2020,13,00-0036425,D.Dallas,RB,SEA,NYG,0,0,0.0,0,0.0,0.0,0.0,0,0.0,0,3,2,11.0,0,1.1,3.1,,,70.0,214.0,22.159470588235294,0.0,Miami,2020.0,2020.0,SEA,144.0,-5.0,0.07317073
2020,14,00-0036425,D.Dallas,RB,SEA,NYJ,0,0,0.0,0,0.0,0.0,0.0,4,7.0,0,0,0,0.0,0,0.7,0.7,,,70.0,214.0,22.159470588235294,0.0,Miami,2020.0,2020.0,SEA,144.0,37.0,
2020,5,00-0036427,T.Johnson,WR,TB,CHI,0,0,0.0,0,0.0,0.0,0.0,0,0.0,0,6,4,61.0,0,6.1,10.1,,,73.0,205.0,22.2437,0.0,Minnesota,2020.0,2020.0,TB,161.0,,0.14634146
2020,6,00-0036427,T.Johnson,WR,TB,GB,0,0,0.0,0,0.0,0.0,0.0,0,0.0,0,1,1,7.0,1,6.7,7.7,,,73.0,205.0,22.2437,0.0,Minnesota,2020.0,2020.0,TB,161.0,28.0,0.037037037
2020,7,00-0036427,T.Johnson,WR,TB,LV,0,0,0.0,0,0.0,0.0,0.0,0,0.0,0,2,2,4.0,1,6.4,8.4,,,73.0,205.0,22.2437,0.0,Minnesota,2020.0,2020.0,TB,161.0,,0.048780486
2020,8,00-0036427,T.Johnson,WR,TB,NYG,0,0,0.0,0,0.0,0.0,0.0,0,0.0,0,2,2,35.0,0,3.5,5.5,,,73.0,205.0,22.2437,0.0,Minnesota,2020.0,2020.0,TB,161.0,,0.05
2020,9,00-0036427,T.Johnson,WR,TB,NO,0,0,0.0,0,0.0,0.0,0.0,0,0.0,0,1,1,11.0,0,1.1,2.1,,,73.0,205.0,22.2437,0.0,Minnesota,2020.0,2020.0,TB,161.0,-35.0,0.027027028
2020,10,00-0036427,T.Johnson,WR,TB,CAR,0,0,0.0,0,0.0,0.0,0.0,0,0.0,0,1,0,0.0,0,0.0,0.0,,,73.0,205.0,22.2437,0.0,Minnesota,2020.0,2020.0,TB,161.0,,0.02631579
2020,12,00-0036427,T.Johnson,WR,TB,KC,0,0,0.0,0,0.0,0.0,0.0,0,0.0,0,1,0,0.0,0,0.0,0.0,,,73.0,205.0,22.2437,0.0,Minnesota,2020.0,2020.0,TB,161.0,-3.0,0.024390243
2020,15,00-0036427,T.Johnson,WR,TB,ATL,0,0,0.0,0,0.0,0.0,0.0,0,0.0,0,1,0,0.0,0,0.0,0.0,,,73.0,205.0,22.2437,0.0,Minnesota,2020.0,2020.0,TB,161.0,,0.023255814
2020,16,00-0036427,T.Johnson,WR,TB,DET,0,0,0.0,0,0.0,0.0,0.0,0,0.0,0,1,1,35.0,0,3.5,4.5,,,73.0,205.0,22.2437,0.0,Minnesota,2020.0,2020.0,TB,161.0,,0.024390243
2020,17,00-0036427,T.Johnson,WR,TB,ATL,0,0,0.0,0,0.0,0.0,0.0,0,0.0,0,1,1,16.0,0,1.6,2.6,,,73.0,205.0,22.2437,0.0,Minnesota,2020.0,2020.0,TB,161.0,17.0,0.02631579
2020,19,00-0036427,T.Johnson,WR,TB,NO,0,0,0.0,0,0.0,0.0,0.0,0,0.0,0,1,1,15.0,0,1.5,2.5,,,73.0,205.0,22.2437,0.0,Minnesota,2020.0,2020.0,TB,161.0,,0.030303031
2020,20,00-0036427,T.Johnson,WR,TB,GB,0,0,0.0,0,0.0,0.0,0.0,0,0.0,0,2,1,16.0,0,1.6,2.6,,,73.0,205.0,22.2437,0.0,Minnesota,2020.0,2020.0,TB,161.0,,0.057142857
2020,21,00-0036427,T.Johnson,WR,TB,KC,0,0,0.0,0,0.0,0.0,0.0,0,0.0,0,1,0,0.0,0,0.0,0.0,,,73.0,205.0,22.2437,0.0,Minnesota,2020.0,2020.0,TB,161.0,22.0,0.03448276
2020,13,00-0036429,C.Woerner,TE,SF,BUF,0,0,0.0,0,0.0,0.0,0.0,0,0.0,0,2,2,33.0,0,3.3,5.3,,,77.0,245.0,23.0606875,0.0,Georgia,2020.0,2020.0,SF,190.0,-10.0,0.051282052
2020,14,00-0036429,C.Woerner,TE,SF,WAS,0,0,0.0,0,0.0,0.0,0.0,0,0.0,0,1,0,0.0,0,0.0,0.0,,,77.0,245.0,23.0606875,0.0,Georgia,2020.0,2020.0,SF,190.0,-8.0,0.022727273
2020,17,00-0036429,C.Woerner,TE,SF,SEA,0,0,0.0,0,0.0,0.0,0.0,0,0.0,0,1,1,3.0,0,0.3,1.3,,,77.0,245.0,23.0606875,0.0,Georgia,2020.0,2020.0,SF,190.0,-3.0,0.028571429
2020,17,00-0036433,T.Stevens,TE,CAR,NO,0,0,0.0,0,0.0,0.0,0.0,4,24.0,0,0,0,0.0,0,2.4,2.4,,,77.0,235.0,23.897666666666666,0.0,Mississippi State,2020.0,2020.0,NO,240.0,-26.0,
2020,1,00-0036439,T.Cleveland,WR,DEN,TEN,0,0,0.0,0,0.0,0.0,0.0,0,0.0,0,1,1,7.0,0,0.7,1.7,,,74.0,205.0,23.139125,0.0,Florida,2020.0,2020.0,DEN,252.0,-2.0,0.03125
2020,7,00-0036439,T.Cleveland,WR,DEN,KC,0,0,0.0,0,0.0,0.0,0.0,0,0.0,0,1,0,0.0,0,0.0,0.0,,,74.0,205.0,23.139125,0.0,Florida,2020.0,2020.0,DEN,252.0,-27.0,0.02631579
2020,9,00-0036439,T.Cleveland,WR,DEN,ATL,0,0,0.0,0,0.0,0.0,0.0,0,0.0,0,1,0,0.0,0,0.0,0.0,,,74.0,205.0,23.139125,0.0,Florida,2020.0,2020.0,DEN,252.0,,0.022222223
2020,13,00-0036439,T.Cleveland,WR,DEN,KC,0,0,0.0,0,0.0,0.0,0.0,0,0.0,0,1,1,11.0,0,1.1,2.1,,,74.0,205.0,23.139125,0.0,Florida,2020.0,2020.0,DEN,252.0,,0.037037037
2020,17,00-0036439,T.Cleveland,WR,DEN,LV,0,0,0.0,0,0.0,0.0,0.0,0,0.0,0,5,4,45.0,0,4.5,8.5,,,74.0,205.0,23.139125,0.0,Florida,2020.0,2020.0,DEN,252.0,-1.0,0.125
2020,1,00-0036442,J.Burrow,QB,CIN,LAC,23,36,193.0,0,1.0,3.0,20.0,8,46.0,1,0,0,0.0,0,16.32,16.32,,,76.0,216.0,23.912125,0.0,Louisiana State,2020.0,2020.0,CIN,1.0,-3.0,
2020,2,00-0036442,J.Burrow,QB,CIN,CLE,37,61,316.0,3,0.0,3.0,31.0,7,19.0,0,0,0,0.0,0,24.54,24.54,,,76.0,216.0,23.912125,0.0,Louisiana State,2020.0,2020.0,CIN,1.0,,
2020,3,00-0036442,J.Burrow,QB,CIN,PHI,31,44,312.0,2,0.0,8.0,56.0,1,-1.0,0,0,0,0.0,0,20.38,20.38,,,76.0,216.0,23.912125,0.0,Louisiana State,2020.0,2020.0,CIN,1.0,,
2020,4,00-0036442,J.Burrow,QB,CIN,JAX,25,36,300.0,1,1.0,1.0,-0.0,4,11.0,0,0,0,0.0,0,15.1,15.1,,,76.0,216.0,23.912125,0.0,Louisiana State,2020.0,2020.0,CIN,1.0,8.0,
2020,5,00-0036442,J.Burrow,QB,CIN,BAL,19,30,183.0,0,1.0,7.0,48.0,3,10.0,0,0,0,0.0,0,4.32,4.32,,,76.0,216.0,23.912125,0.0,Louisiana State,2020.0,2020.0,CIN,1.0,,
2020,6,00-0036442,J.Burrow,QB,CIN,IND,25,39,313.0,0,1.0,2.0,13.0,3,2.0,1,0,0,0.0,0,16.72,16.72,,,76.0,216.0,23.912125,0.0,Louisiana State,2020.0,2020.0,CIN,1.0,,
2020,7,00-0036442,J.Burrow,QB,CIN,CLE,35,47,406.0,3,1.0,4.0,35.0,6,34.0,1,0,0,0.0,0,33.64,33.64,,,76.0,216.0,23.912125,0.0,Louisiana State,2020.0,2020.0,CIN,1.0,-3.0,
2020,8,00-0036442,J.Burrow,QB,CIN,TEN,26,37,249.0,2,0.0,0.0,-0.0,3,9.0,0,0,0,0.0,0,18.86,18.86,,,76.0,216.0,23.912125,0.0,Louisiana State,2020.0,2020.0,CIN,1.0,11.0,
2020,10,00-0036442,J.Burrow,QB,CIN,PIT,21,40,213.0,1,0.0,4.0,28.0,0,0.0,0,0,0,0.0,0,12.52,12.52,,,76.0,216.0,23.912125,0.0,Louisiana State,2020.0,2020.0,CIN,1.0,,
2020,11,00-0036442,J.Burrow,QB,CIN,WAS,22,34,203.0,1,0.0,0.0,-0.0,2,12.0,0,0,0,0.0,0,11.32,11.32,,,76.0,216.0,23.912125,0.0,Louisiana State,2020.0,2020.0,CIN,1.0,,
2020,4,00-0036450,K.Vaughn,RB,TB,LAC,0,0,0.0,0,0.0,0.0,0.0,3,4.0,0,3,2,22.0,1,8.6,10.6,,,70.0,215.0,23.55235,0.0,Vanderbilt,2020.0,2020.0,TB,76.0,7.0,0.06666667
2020,5,00-0036450,K.Vaughn,RB,TB,CHI,0,0,0.0,0,0.0,0.0,0.0,0,0.0,0,3,2,5.0,0,-1.5,0.5,,,70.0,215.0,23.55235,0.0,Vanderbilt,2020.0,2020.0,TB,76.0,,0.07317073
2020,6,00-0036450,K.Vaughn,RB,TB,GB,0,0,0.0,0,0.0,0.0,0.0,5,42.0,0,1,0,0.0,0,4.2,4.2,,,70.0,215.0,23.55235,0.0,Vanderbilt,2020.0,2020.0,TB,76.0,28.0,0.037037037
2020,14,00-0036450,K.Vaughn,RB,TB,MIN,0,0,0.0,0,0.0,0.0,0.0,1,-3.0,0,0,0,0.0,0,-0.3,-0.3,,,70.0,215.0,23.55235,0.0,Vanderbilt,2020.0,2020.0,TB,76.0,12.0,
2020,15,00-0036450,K.Vaughn,RB,TB,ATL,0,0,0.0,0,0.0,0.0,0.0,2,4.0,0,1,0,0.0,0,0.4,0.4,,,70.0,215.0,23.55235,0.0,Vanderbilt,2020.0,2020.0,TB,76.0,,0.023255814
2020,16,00-0036450,K.Vaughn,RB,TB,DET,0,0,0.0,0,0.0,0.0,0.0,15,62.0,0,2,1,7.0,0,6.9,7.9,,,70.0,215.0,23.55235,0.0,Vanderbilt,2020.0,2020.0,TB,76.0,,0.048780486
2020,18,00-0036450,K.Vaughn,RB,TB,WAS,0,0,0.0,0,0.0,0.0,0.0,5,21.0,0,1,0,0.0,0,0.1,0.1,,,70.0,215.0,23.55235,0.0,Vanderbilt,2020.0,2020.0,TB,76.0,,0.02631579
2020,16,00-0036456,D.Dafney,TE,GB,TEN,0,0,0.0,0,0.0,0.0,0.0,0,0.0,0,1,1,13.0,0,1.3,2.3,,,75.0,235.0,23.487333333333332,0.0,Indiana State,2020.0,2020.0,,,26.0,0.041666668
2020,17,00-0036456,D.Dafney,TE,GB,CHI,0,0,0.0,0,0.0,0.0,0.0,0,0.0,0,1,1,13.0,1,7.3,8.3,,,75.0,235.0,23.487333333333332,0.0,Indiana State,2020.0,2020.0,,,,0.041666668
2021,1,00-0019596,T.Brady,QB,TB,DAL,32,50,379.0,4,2.0,0.0,-0.0,0,0.0,0,0,0,0.0,0,27.16,27.16,,,76.0,225.0,44.29236842105263,21.0,Michigan,2000.0,2000.0,NE,199.0,2.0,
2021,2,00-0019596,T.Brady,QB,TB,ATL,24,36,276.0,5,0.0,3.0,17.0,1,6.0,0,0,0,0.0,0,29.64,29.64,,,76.0,225.0,44.29236842105263,21.0,Michigan,2000.0,2000.0,NE,199.0,23.0,
2021,3,00-0019596,T.Brady,QB,TB,LA,41,55,432.0,1,0.0,3.0,21.0,3,14.0,1,0,0,0.0,0,28.68,28.68,,,76.0,225.0,44.29236842105263,21.0,Michigan,2000.0,2000.0,NE,199.0,,
2021,4,00-0019596,T.Brady,QB,TB,NE,22,43,269.0,0,0.0,1.0,8.0,4,3.0,0,0,0,0.0,0,11.06,11.06,,,76.0,225.0,44.29236842105263,21.0,Michigan,2000.0,2000.0,NE,199.0,,
2021,5,00-0019596,T.Brady,QB,TB,MIA,30,41,411.0,5,0.0,2.0,15.0,1,13.0,0,0,0,0.0,0,37.74,37.74,,,76.0,225.0,44.29236842105263,21.0,Michigan,2000.0,2000.0,NE,199.0,28.0,
2021,6,00-0019596,T.Brady,QB,TB,PHI,34,42,297.0,2,1.0,0.0,-0.0,4,1.0,0,0,0,0.0,0,17.98,17.98,,,76.0,225.0,44.29236842105263,21.0,Michigan,2000.0,2000.0,NE,199.0,,
2021,7,00-0019596,T.Brady,QB,TB,CHI,20,36,211.0,4,0.0,0.0,-0.0,0,0.0,0,0,0,0.0,0,24.44,24.44,,,76.0,225.0,44.29236842105263,21.0,Michigan,2000.0,2000.0,NE,199.0,35.0,
2021,8,00-0019596,T.Brady,QB,TB,NO,28,40,375.0,4,2.0,3.0,25.0,1,2.0,0,0,0,0.0,0,25.2,25.2,,,76.0,225.0,44.29236842105263,21.0,Michigan,2000.0,2000.0,NE,199.0,,
2021,10,00-0019596,T.Brady,QB,TB,WAS,23,34,220.0,2,2.0,0.0,-0.0,1,2.0,0,0,0,0.0,0,13.0,13.0,,,76.0,225.0,44.29236842105263,21.0,Michigan,2000.0,2000.0,NE,199.0,,
2021,11,00-0019596,T.Brady,QB,TB,NYG,30,46,307.0,2,1.0,0.0,-0.0,1,10.0,0,0,0,0.0,0,19.28,19.28,,,76.0,225.0,44.29236842105263,21.0,Michigan,2000.0,2000.0,NE,199.0,20.0,
2021,12,00-0019596,T.Brady,QB,TB,IND,25,34,226.0,1,1.0,2.0,9.0,2,2.0,0,0,0,0.0,0,11.24,11.24,,,76.0,225.0,44.29236842105263,21.0,Michigan,2000.0,2000.0,NE,199.0,,
2021,13,00-0019596,T.Brady,QB,TB,ATL,38,51,368.0,4,1.0,0.0,-0.0,1,-1.0,0,0,0,0.0,0,28.62,28.62,,,76.0,225.0,44.29236842105263,21.0,Michigan,2000.0,2000.0,NE,199.0,,
2021,14,00-0019596,T.Brady,QB,TB,BUF,31,46,363.0,2,0.0,2.0,12.0,7,16.0,1,0,0,0.0,0,30.12,30.12,,,76.0,225.0,44.29236842105263,21.0,Michigan,2000.0,2000.0,NE,199.0,6.0,
2021,15,00-0019596,T.Brady,QB,TB,NO,26,48,214.0,0,1.0,4.0,30.0,1,2.0,0,0,0,0.0,0,4.76,4.76,,,76.0,225.0,44.29236842105263,21.0,Michigan,2000.0,2000.0,NE,199.0,-9.0,
2021,16,00-0019596,T.Brady,QB,TB,CAR,18,30,232.0,1,0.0,0.0,-0.0,1,11.0,0,0,0,0.0,0,14.38,14.38,,,76.0,225.0,44.29236842105263,21.0,Michigan,2000.0,2000.0,NE,199.0,,
2021,17,00-0019596,T.Brady,QB,TB,NYJ,34,50,410.0,3,1.0,1.0,5.0,0,0.0,0,0,0,0.0,0,26.4,26.4,,,76.0,225.0,44.29236842105263,21.0,Michigan,2000.0,2000.0,NE,199.0,,
2021,18,00-0019596,T.Brady,QB,TB,CAR,29,37,326.0,3,0.0,1.0,2.0,0,0.0,0,0,0,0.0,0,25.04,25.04,,,76.0,225.0,44.29236842105263,21.0,Michigan,2000.0,2000.0,NE,199.0,24.0,
2021,19,00-0019596,T.Brady,QB,TB,PHI,29,37,271.0,2,0.0,4.0,28.0,0,0.0,0,0,0,0.0,0,18.84,18.84,,,76.0,225.0,44.29236842105263,21.0,Michigan,2000.0,2000.0,NE,199.0,16.0,
2021,20,00-0019596,T.Brady,QB,TB,LA,30,54,329.0,1,1.0,3.0,21.0,1,0.0,0,0,0,0.0,0,13.16,13.16,,,76.0,225.0,44.29236842105263,21.0,Michigan,2000.0,2000.0,NE,199.0,-3.0,
2021,18,00-0022824,A.Lee,P,ARI,SEA,0,0,0.0,0,0.0,0.0,0.0,1,0.0,0,0,0,0.0,0,0.0,0.0,,,73.0,185.0,39.25833333333333,17.0,Pittsburgh,2004.0,2004.0,SF,188.0,-8.0,
2021,1,00-0022924,B.Roethlisberger,QB,PIT,BUF,18,32,188.0,1,0.0,2.0,11.0,4,5.0,0,0,0,0.0,0,12.02,12.02,,,77.0,240.0,39.70733333333333,17.0,"Miami, O.",2004.0,2004.0,PIT,11.0,,
2021,2,00-0022924,B.Roethlisberger,QB,PIT,LV,27,40,295.0,1,1.0,2.0,3.0,0,0.0,0,0,0,0.0,0,13.8,13.8,,,77.0,240.0,39.70733333333333,17.0,"Miami, O.",2004.0,2004.0,PIT,11.0,-9.0,
2021,3,00-0022924,B.Roethlisberger,QB,PIT,CIN,38,58,318.0,1,2.0,4.0,21.0,1,5.0,0,0,0,0.0,0,13.22,13.22,,,77.0,240.0,39.70733333333333,17.0,"Miami, O.",2004.0,2004.0,PIT,11.0,-14.0,
2021,4,00-0022924,B.Roethlisberger,QB,PIT,GB,26,40,232.0,1,1.0,2.0,12.0,0,0.0,0,0,0,0.0,0,9.28,9.28,,,77.0,240.0,39.70733333333333,17.0,"Miami, O.",2004.0,2004.0,PIT,11.0,,
2021,5,00-0022924,B.Roethlisberger,QB,PIT,DEN,15,25,253.0,2,0.0,1.0,9.0,1,-1.0,0,0,0,0.0,0,16.02,16.02,,,77.0,240.0,39.70733333333333,17.0,"Miami, O.",2004.0,2004.0,PIT,11.0,8.0,
2021,6,00-0022924,B.Roethlisberger,QB,PIT,SEA,29,40,229.0,1,0.0,1.0,3.0,2,-3.0,0,0,0,0.0,0,10.86,10.86,,,77.0,240.0,39.70733333333333,17.0,"Miami, O.",2004.0,2004.0,PIT,11.0,3.0,
2021,8,00-0022924,B.Roethlisberger,QB,PIT,CLE,22,34,266.0,1,0.0,2.0,11.0,1,0.0,0,0,0,0.0,0,14.64,14.64,,,77.0,240.0,39.70733333333333,17.0,"Miami, O.",2004.0,2004.0,PIT,11.0,,
2021,9,00-0022924,B.Roethlisberger,QB,PIT,CHI,21,30,205.0,2,0.0,4.0,30.0,2,0.0,0,0,0,0.0,0,16.2,16.2,,,77.0,240.0,39.70733333333333,17.0,"Miami, O.",2004.0,2004.0,PIT,11.0,2.0,
2021,11,00-0022924,B.Roethlisberger,QB,PIT,LAC,28,44,273.0,3,0.0,3.0,28.0,0,0.0,0,0,0,0.0,0,22.92,22.92,,,77.0,240.0,39.70733333333333,17.0,"Miami, O.",2004.0,2004.0,PIT,11.0,,
2021,12,00-0022924,B.Roethlisberger,QB,PIT,CIN,24,41,263.0,1,2.0,3.0,13.0,0,0.0,0,0,0,0.0,0,8.52,8.52,,,77.0,240.0,39.70733333333333,17.0,"Miami, O.",2004.0,2004.0,PIT,11.0,,
2021,13,00-0022924,B.Roethlisberger,QB,PIT,BAL,21,31,236.0,2,0.0,1.0,-0.0,1,-1.0,0,0,0,0.0,0,19.34,19.34,,,77.0,240.0,39.70733333333333,17.0,"Miami, O.",2004.0,2004.0,PIT,11.0,1.0,
2021,14,00-0022924,B.Roethlisberger,QB,PIT,MIN,28,40,308.0,3,1.0,5.0,39.0,1,5.0,0,0,0,0.0,0,24.82,24.82,,,77.0,240.0,39.70733333333333,17.0,"Miami, O.",2004.0,2004.0,PIT,11.0,,
2021,15,00-0022924,B.Roethlisberger,QB,PIT,TEN,16,25,148.0,0,0.0,3.0,15.0,3,0.0,1,0,0,0.0,0,11.92,11.92,,,77.0,240.0,39.70733333333333,17.0,"Miami, O.",2004.0,2004.0,PIT,11.0,6.0,
2021,16,00-0022924,B.Roethlisberger,QB,PIT,KC,23,35,159.0,1,1.0,2.0,21.0,0,0.0,0,0,0,0.0,0,6.36,6.36,,,77.0,240.0,39.70733333333333,17.0,"Miami, O.",2004.0,2004.0,PIT,11.0,,
2021,17,00-0022924,B.Roethlisberger,QB,PIT,CLE,24,46,123.0,1,1.0,2.0,14.0,1,-1.0,0,0,0,0.0,0,6.82,6.82,,,77.0,240.0,39.70733333333333,17.0,"Miami, O.",2004.0,2004.0,PIT,11.0,12.0,
2021,18,00-0022924,B.Roethlisberger,QB,PIT,BAL,30,44,244.0,1,1.0,1.0,9.0,3,-4.0,0,0,0,0.0,0,11.36,11.36,,,77.0,240.0,39.70733333333333,17.0,"Miami, O.",2004.0,2004.0,PIT,11.0,,
2021,19,00-0022924,B.Roethlisberger,QB,PIT,KC,29,44,215.0,2,0.0,2.0,14.0,2,-1.0,0,0,0,0.0,0,16.5,16.5,,,77.0,240.0,39.70733333333333,17.0,"Miami, O.",2004.0,2004.0,PIT,11.0,,
2021,1,00-0023459,A.Rodgers,QB,GB,NO,15,28,133.0,0,2.0,1.0,11.0,0,0.0,0,0,0,0.0,0,1.32,1.32,,,74.0,225.0,37.94933333333333,16.0,California,2005.0,2005.0,GB,24.0,,
2021,2,00-0023459,A.Rodgers,QB,GB,DET,22,27,255.0,4,0.0,3.0,28.0,4,6.0,0,0,0,0.0,0,26.8,26.8,,,74.0,225.0,37.94933333333333,16.0,California,2005.0,2005.0,GB,24.0,18.0,
2021,3,00-0023459,A.Rodgers,QB,GB,SF,23,33,261.0,2,0.0,1.0,8.0,0,0.0,0,1,1,-4.0,0,18.04,19.04,,,74.0,225.0,37.94933333333333,16.0,California,2005.0,2005.0,GB,24.0,,0.032258064
2021,4,00-0023459,A.Rodgers,QB,GB,PIT,20,36,248.0,2,0.0,3.0,12.0,3,2.0,1,0,0,0.0,0,24.12,24.12,,,74.0,225.0,37.94933333333333,16.0,California,2005.0,2005.0,GB,24.0,10.0,
2021,5,00-0023459,A.Rodgers,QB,GB,CIN,27,39,344.0,2,1.0,2.0,11.0,0,0.0,0,0,0,0.0,0,19.76,19.76,,,74.0,225.0,37.94933333333333,16.0,California,2005.0,2005.0,GB,24.0,,
2021,6,00-0023459,A.Rodgers,QB,GB,CHI,17,23,195.0,2,0.0,3.0,26.0,7,19.0,1,0,0,0.0,0,23.7,23.7,,,74.0,225.0,37.94933333333333,16.0,California,2005.0,2005.0,GB,24.0,,
2021,7,00-0023459,A.Rodgers,QB,GB,WAS,27,35,274.0,3,0.0,3.0,27.0,2,17.0,0,0,0,0.0,0,24.66,24.66,,,74.0,225.0,37.94933333333333,16.0,California,2005.0,2005.0,GB,24.0,14.0,
2021,8,00-0023459,A.Rodgers,QB,GB,ARI,22,37,184.0,2,0.0,1.0,-0.0,2,3.0,0,0,0,0.0,0,15.66,15.66,,,74.0,225.0,37.94933333333333,16.0,California,2005.0,2005.0,GB,24.0,,
2021,10,00-0023459,A.Rodgers,QB,GB,SEA,23,37,292.0,0,1.0,1.0,5.0,2,8.0,0,0,0,0.0,0,10.48,10.48,,,74.0,225.0,37.94933333333333,16.0,California,2005.0,2005.0,GB,24.0,17.0,
2021,11,00-0023459,A.Rodgers,QB,GB,MIN,23,33,385.0,4,0.0,2.0,13.0,2,21.0,0,0,0,0.0,0,33.5,33.5,,,74.0,225.0,37.94933333333333,16.0,California,2005.0,2005.0,GB,24.0,,
2021,12,00-0023459,A.Rodgers,QB,GB,LA,28,45,307.0,2,0.0,1.0,-0.0,2,0.0,1,0,0,0.0,0,26.28,26.28,,,74.0,225.0,37.94933333333333,16.0,California,2005.0,2005.0,GB,24.0,8.0,
2021,14,00-0023459,A.Rodgers,QB,GB,CHI,29,37,341.0,4,0.0,3.0,21.0,1,0.0,0,0,0,0.0,0,29.64,29.64,,,74.0,225.0,37.94933333333333,16.0,California,2005.0,2005.0,GB,24.0,15.0,
2021,15,00-0023459,A.Rodgers,QB,GB,BAL,23,31,268.0,3,0.0,3.0,18.0,4,11.0,0,0,0,0.0,0,23.82,23.82,,,74.0,225.0,37.94933333333333,16.0,California,2005.0,2005.0,GB,24.0,,
2021,16,00-0023459,A.Rodgers,QB,GB,CLE,24,34,202.0,3,0.0,0.0,-0.0,1,-1.0,0,0,0,0.0,0,19.98,19.98,,,74.0,225.0,37.94933333333333,16.0,California,2005.0,2005.0,GB,24.0,2.0,
2021,17,00-0023459,A.Rodgers,QB,GB,MIN,29,38,288.0,2,0.0,0.0,-0.0,2,8.0,0,0,0,0.0,0,20.32,20.32,,,74.0,225.0,37.94933333333333,16.0,California,2005.0,2005.0,GB,24.0,27.0,
2021,18,00-0023459,A.Rodgers,QB,GB,DET,14,18,138.0,2,0.0,3.0,8.0,1,7.0,0,0,0,0.0,0,14.22,14.22,,,74.0,225.0,37.94933333333333,16.0,California,2005.0,2005.0,GB,24.0,,
2021,20,00-0023459,A.Rodgers,QB,GB,SF,20,29,225.0,0,0.0,5.0,29.0,0,0.0,0,0,0,0.0,0,9.0,9.0,,,74.0,225.0,37.94933333333333,16.0,California,2005.0,2005.0,GB,24.0,-3.0,
2021,1,00-0023682,R.Fitzpatrick,QB,WAS,LAC,3,6,13.0,0,0.0,1.0,2.0,1,2.0,0,0,0,0.0,0,0.72,0.72,,,74.0,228.0,38.96423529411765,16.0,Harvard,2005.0,2005.0,STL,250.0,-4.0,
2021,1,00-0024243,M.Lewis,TE,GB,NO,0,0,0.0,0,0.0,0.0,0.0,0,0.0,0,1,1,19.0,0,1.9,2.9,,,78.0,267.0,37.48672222222222,15.0,UCLA,2006.0,2006.0,JAX,28.0,,0.030303031
2021,4,00-0024243,M.Lewis,TE,GB,PIT,0,0,0.0,0,0.0,0.0,0.0,0,0.0,0,2,1,7.0,0,0.7,1.7,,,78.0,267.0,37.48672222222222,15.0,UCLA,2006.0,2006.0,JAX,28.0,10.0,0.057142857
2021,5,00-0024243,M.Lewis,TE,GB,CIN,0,0,0.0,0,0.0,0.0,0.0,0,0.0,0,2,2,34.0,0,3.4,5.4,,,78.0,267.0,37.48672222222222,15.0,UCLA,2006.0,2006.0,JAX,28.0,,0.057142857
2021,6,00-0024243,M.Lewis,TE,GB,CHI,0,0,0.0,0,0.0,0.0,0.0,0,0.0,0,2,2,17.0,0,1.7,3.7,,,78.0,267.0,37.48672222222222,15.0,UCLA,2006.0,2006.0,JAX,28.0,,0.0952381
2021,7,00-0024243,M.Lewis,TE,GB,WAS,0,0,0.0,0,0.0,0.0,0.0,0,0.0,0,3,3,31.0,0,3.1,6.1,,,78.0,267.0,37.48672222222222,15.0,UCLA,2006.0,2006.0,JAX,28.0,14.0,0.0882353
2021,8,00-0024243,M.Lewis,TE,GB,ARI,0,0,0.0,0,0.0,0.0,0.0,0,0.0,0,1,0,0.0,0,0.0,0.0,,,78.0,267.0,37.48672222222222,15.0,UCLA,2006.0,2006.0,JAX,28.0,,0.028571429
2021,9,00-0024243,M.Lewis,TE,GB,KC,0,0,0.0,0,0.0,0.0,0.0,0,0.0,0,1,1,-1.0,0,-0.1,0.9,,,78.0,267.0,37.48672222222222,15.0,UCLA,2006.0,2006.0,JAX,28.0,,0.03125
2021,10,00-0024243,M.Lewis,TE,GB,SEA,0,0,0.0,0,0.0,0.0,0.0,0,0.0,0,2,2,10.0,0,1.0,3.0,,,78.0,267.0,37.48672222222222,15.0,UCLA,2006.0,2006.0,JAX,28.0,17.0,0.057142857
2021,12,00-0024243,M.Lewis,TE,GB,LA,0,0,0.0,0,0.0,0.0,0.0,0,0.0,0,3,2,4.0,0,0.4,2.4,,,78.0,267.0,37.48672222222222,15.0,UCLA,2006.0,2006.0,JAX,28.0,8.0,0.06818182
2021,14,00-0024243,M.Lewis,TE,GB,CHI,0,0,0.0,0,0.0,0.0,0.0,0,0.0,0,4,4,51.0,0,5.1,9.1,,,78.0,267.0,37.48672222222222,15.0,UCLA,2006.0,2006.0,JAX,28.0,15.0,0.114285715
2021,15,00-0024243,M.Lewis,TE,GB,BAL,0,0,0.0,0,0.0,0.0,0.0,0,0.0,0,3,3,40.0,0,4.0,7.0,,,78.0,267.0,37.48672222222222,15.0,UCLA,2006.0,2006.0,JAX,28.0,,0.09677419
2021,16,00-0024243,M.Lewis,TE,GB,CLE,0,0,0.0,0,0.0,0.0,0.0,0,0.0,0,3,2,2.0,0,0.2,2.2,,,78.0,267.0,37.48672222222222,15.0,UCLA,2006.0,2006.0,JAX,28.0,2.0,0.0882353
2021,18,00-0024243,M.Lewis,TE,GB,DET,0,0,0.0,0,0.0,0.0,0.0,0,0.0,0,1,0,0.0,0,0.0,0.0,,,78.0,267.0,37.48672222222222,15.0,UCLA,2006.0,2006.0,JAX,28.0,,0.028571429
2021,20,00-0024243,M.Lewis,TE,GB,SF,0,0,0.0,0,0.0,0.0,0.0,0,0.0,0,1,1,0.0,0,-2.0,-1.0,,,78.0,267.0,37.48672222222222,15.0,UCLA,2006.0,2006.0,JAX,28.0,-3.0,0.037037037
2021,18,00-0024417,S.Koch,P,BAL,PIT,0,1,0.0,0,0.0,0.0,-0.0,0,0.0,0,0,0,0.0,0,0.0,0.0,,,73.0,222.0,39.247235294117644,15.0,Nebraska,2006.0,2006.0,BAL,203.0,-3.0,
2021,9,00-0025394,A.Peterson,RB,TEN,LA,0,0,0.0,0,0.0,0.0,0.0,10,21.0,1,1,1,5.0,0,8.6,9.6,,,73.0,220.0,36.7193,14.0,Oklahoma,2007.0,2007.0,MIN,7.0,,0.03846154
2021,10,00-0025394,A.Peterson,RB,TEN,NO,0,0,0.0,0,0.0,0.0,0.0,8,21.0,0,1,1,-1.0,0,2.0,3.0,,,73.0,220.0,36.7193,14.0,Oklahoma,2007.0,2007.0,MIN,7.0,2.0,0.037037037
2021,11,00-0025394,A.Peterson,RB,TEN,HOU,0,0,0.0,0,0.0,0.0,0.0,9,40.0,0,2,2,4.0,0,4.4,6.4,,,73.0,220.0,36.7193,14.0,Oklahoma,2007.0,2007.0,MIN,7.0,-9.0,0.039215688
2021,13,00-0025394,A.Peterson,RB,SEA,SF,0,0,0.0,0,0.0,0.0,0.0,11,16.0,1,0,0,0.0,0,7.6,7.6,,,73.0,220.0,36.7193,14.0,Oklahoma,2007.0,2007.0,MIN,7.0,7.0,
2021,1,00-0026035,D.Amendola,WR,HOU,JAX,0,0,0.0,0,0.0,0.0,0.0,0,0.0,0,5,5,34.0,1,9.4,14.4,,,71.0,185.0,36.02223529411765,13.0,Texas Tech,2008.0,2008.0,,,16.0,0.15625
2021,2,00-0026035,D.Amendola,WR,HOU,CLE,0,0,0.0,0,0.0,0.0,0.0,0,0.0,0,1,1,9.0,0,0.9,1.9,,,71.0,185.0,36.02223529411765,13.0,Texas Tech,2008.0,2008.0,,,,0.035714287
2021,7,00-0026035,D.Amendola,WR,HOU,ARI,0,0,0.0,0,0.0,0.0,0.0,0,0.0,0,5,3,17.0,0,1.7,4.7,,,71.0,185.0,36.02223529411765,13.0,Texas Tech,2008.0,2008.0,,,,0.16129032
2021,8,00-0026035,D.Amendola,WR,HOU,LA,0,0,0.0,0,0.0,0.0,0.0,0,0.0,0,5,2,3.0,0,0.3,2.3,,,71.0,185.0,36.02223529411765,13.0,Texas Tech,2008.0,2008.0,,,-16.0,0.1388889
2021,9,00-0026035,D.Amendola,WR,HOU,MIA,0,1,0.0,0,0.0,0.0,-0.0,0,0.0,0,7,3,49.0,0,4.9,7.9,,,71.0,185.0,36.02223529411765,13.0,Texas Tech,2008.0,2008.0,,,,0.175
2021,11,00-0026035,D.Amendola,WR,HOU,TEN,0,0,0.0,0,0.0,0.0,0.0,0,0.0,0,1,0,0.0,0,0.0,0.0,,,71.0,185.0,36.02223529411765,13.0,Texas Tech,2008.0,2008.0,,,,0.04347826
2021,12,00-0026035,D.Amendola,WR,HOU,NYJ,0,0,0.0,0,0.0,0.0,0.0,0,0.0,0,5,3,23.0,0,2.3,5.3,,,71.0,185.0,36.02223529411765,13.0,Texas Tech,2008.0,2008.0,,,-7.0,0.1923077
2021,18,00-0026035,D.Amendola,WR,HOU,TEN,0,0,0.0,0,0.0,0.0,0.0,0,0.0,0,9,7,113.0,2,25.3,32.3,,,71.0,185.0,36.02223529411765,13.0,Texas Tech,2008.0,2008.0,,,-3.0,0.28125
2021,1,00-0026143,M.Ryan,QB,ATL,PHI,21,35,164.0,0,0.0,3.0,28.0,2,8.0,0,0,0,0.0,0,7.36,7.36,,,76.0,217.0,36.48947058823529,13.0,Boston College,2008.0,2008.0,ATL,3.0,-26.0,
2021,2,00-0026143,M.Ryan,QB,ATL,TB,35,46,300.0,2,3.0,1.0,7.0,2,3.0,0,0,0,0.0,0,16.3,16.3,,,76.0,217.0,36.48947058823529,13.0,Boston College,2008.0,2008.0,ATL,3.0,,
2021,3,00-0026143,M.Ryan,QB,ATL,NYG,27,36,243.0,2,0.0,3.0,16.0,1,-1.0,0,0,0,0.0,0,15.62,15.62,,,76.0,217.0,36.48947058823529,13.0,Boston College,2008.0,2008.0,ATL,3.0,,
2021,4,00-0026143,M.Ryan,QB,ATL,WAS,25,42,283.0,4,0.0,1.0,8.0,1,17.0,0,0,0,0.0,0,29.02,29.02,,,76.0,217.0,36.48947058823529,13.0,Boston College,2008.0,2008.0,ATL,3.0,-4.0,
2021,5,00-0026143,M.Ryan,QB,ATL,NYJ,33,45,342.0,2,0.0,0.0,-0.0,1,-1.0,0,0,0,0.0,0,21.58,21.58,,,76.0,217.0,36.48947058823529,13.0,Boston College,2008.0,2008.0,ATL,3.0,7.0,
2021,7,00-0026143,M.Ryan,QB,ATL,MIA,25,40,336.0,2,1.0,1.0,11.0,3,0.0,0,0,0,0.0,0,17.44,17.44,,,76.0,217.0,36.48947058823529,13.0,Boston College,2008.0,2008.0,ATL,3.0,,
2021,8,00-0026143,M.Ryan,QB,ATL,CAR,20,27,146.0,1,2.0,3.0,15.0,2,3.0,0,0,0,0.0,0,6.14,6.14,,,76.0,217.0,36.48947058823529,13.0,Boston College,2008.0,2008.0,ATL,3.0,-6.0,
2021,9,00-0026143,M.Ryan,QB,ATL,NO,23,30,343.0,2,0.0,2.0,11.0,5,8.0,1,0,0,0.0,0,28.52,28.52,,,76.0,217.0,36.48947058823529,13.0,Boston College,2008.0,2008.0,ATL,3.0,,
2021,10,00-0026143,M.Ryan,QB,ATL,DAL,9,21,117.0,0,2.0,2.0,20.0,0,0.0,0,0,0,0.0,0,0.68,0.68,,,76.0,217.0,36.48947058823529,13.0,Boston College,2008.0,2008.0,ATL,3.0,,
2021,11,00-0026143,M.Ryan,QB,ATL,NE,19,28,153.0,0,2.0,4.0,33.0,0,0.0,0,0,0,0.0,0,2.12,2.12,,,76.0,217.0,36.48947058823529,13.0,Boston College,2008.0,2008.0,ATL,3.0,-25.0,
2021,12,00-0026143,M.Ryan,QB,ATL,JAX,19,29,190.0,1,1.0,1.0,7.0,4,6.0,0,0,0,0.0,0,10.2,10.2,,,76.0,217.0,36.48947058823529,13.0,Boston College,2008.0,2008.0,ATL,3.0,,
2021,13,00-0026143,M.Ryan,QB,ATL,TB,30,41,297.0,0,0.0,5.0,38.0,3,2.0,0,0,0,0.0,0,12.08,12.08,,,76.0,217.0,36.48947058823529,13.0,Boston College,2008.0,2008.0,ATL,3.0,-13.0,
2021,14,00-0026143,M.Ryan,QB,ATL,CAR,19,28,190.0,1,0.0,0.0,-0.0,4,3.0,0,0,0,0.0,0,11.9,11.9,,,76.0,217.0,36.48947058823529,13.0,Boston College,2008.0,2008.0,ATL,3.0,,
2021,15,00-0026143,M.Ryan,QB,ATL,SF,19,32,236.0,1,0.0,3.0,23.0,5,20.0,0,0,0,0.0,0,13.44,13.44,,,76.0,217.0,36.48947058823529,13.0,Boston College,2008.0,2008.0,ATL,3.0,,
2021,16,00-0026143,M.Ryan,QB,ATL,DET,18,24,215.0,1,0.0,3.0,8.0,4,5.0,0,0,0,0.0,0,13.1,13.1,,,76.0,217.0,36.48947058823529,13.0,Boston College,2008.0,2008.0,ATL,3.0,4.0,
2021,17,00-0026143,M.Ryan,QB,ATL,BUF,13,23,197.0,0,0.0,5.0,28.0,2,7.0,0,0,0,0.0,0,6.58,6.58,,,76.0,217.0,36.48947058823529,13.0,Boston College,2008.0,2008.0,ATL,3.0,,
2021,18,00-0026143,M.Ryan,QB,ATL,NO,20,33,216.0,1,1.0,3.0,21.0,1,2.0,0,0,0,0.0,0,10.84,10.84,,,76.0,217.0,36.48947058823529,13.0,Boston College,2008.0,2008.0,ATL,3.0,-10.0,
2021,10,00-0026158,J.Flacco,QB,NYJ,BUF,3,3,47.0,1,0.0,0.0,-0.0,0,0.0,0,0,0,0.0,0,5.88,5.88,,,78.0,245.0,36.81644444444444,13.0,Delaware,2008.0,2008.0,BAL,18.0,-28.0,
2021,11,00-0026158,J.Flacco,QB,NYJ,MIA,24,39,291.0,2,0.0,2.0,13.0,2,3.0,0,0,0,0.0,0,17.94,17.94,,,78.0,245.0,36.81644444444444,13.0,Delaware,2008.0,2008.0,BAL,18.0,-7.0,
2021,1,00-0026189,D.Jackson,WR,LA,CHI,0,0,0.0,0,0.0,0.0,0.0,0,0.0,0,2,2,21.0,0,2.1,4.1,,,70.0,175.0,34.95326315789473,13.0,California,2008.0,2008.0,PHI,49.0,20.0,0.07692308
2021,3,00-0026189,D.Jackson,WR,LA,TB,0,0,0.0,0,0.0,0.0,0.0,0,0.0,0,5,3,120.0,1,18.0,21.0,,,70.0,175.0,34.95326315789473,13.0,California,2008.0,2008.0,PHI,49.0,10.0,0.13157895
2021,4,00-0026189,D.Jackson,WR,LA,ARI,0,0,0.0,0,0.0,0.0,0.0,0,0.0,0,3,1,6.0,0,0.6,1.6,,,70.0,175.0,34.95326315789473,13.0,California,2008.0,2008.0,PHI,49.0,-17.0,0.07317073
2021,5,00-0026189,D.Jackson,WR,LA,SEA,0,0,0.0,0,0.0,0.0,0.0,0,0.0,0,3,1,68.0,0,6.8,7.8,,,70.0,175.0,34.95326315789473,13.0,California,2008.0,2008.0,PHI,49.0,,0.08571429
2021,6,00-0026189,D.Jackson,WR,LA,NYG,0,0,0.0,0,0.0,0.0,0.0,0,0.0,0,1,1,6.0,0,0.6,1.6,,,70.0,175.0,34.95326315789473,13.0,California,2008.0,2008.0,PHI,49.0,,0.033333335
2021,7,00-0026189,D.Jackson,WR,LA,DET,0,0,0.0,0,0.0,0.0,0.0,0,0.0,0,1,0,0.0,0,0.0,0.0,,,70.0,175.0,34.95326315789473,13.0,California,2008.0,2008.0,PHI,49.0,9.0,0.024390243
2021,10,00-0026189,D.Jackson,WR,LV,KC,0,0,0.0,0,0.0,0.0,0.0,0,0.0,0,1,1,38.0,0,1.8,2.8,,,70.0,175.0,34.95326315789473,13.0,California,2008.0,2008.0,PHI,49.0,-27.0,0.029411765
2021,11,00-0026189,D.Jackson,WR,LV,CIN,0,0,0.0,0,0.0,0.0,0.0,1,4.0,0,0,0,0.0,0,0.4,0.4,,,70.0,175.0,34.95326315789473,13.0,California,2008.0,2008.0,PHI,49.0,-19.0,
2021,12,00-0026189,D.Jackson,WR,LV,DAL,0,0,0.0,0,0.0,0.0,0.0,0,0.0,0,4,3,102.0,1,16.2,19.2,,,70.0,175.0,34.95326315789473,13.0,California,2008.0,2008.0,PHI,49.0,,0.10526316
2021,13,00-0026189,D.Jackson,WR,LV,WAS,0,0,0.0,0,0.0,0.0,0.0,0,0.0,0,1,1,14.0,0,1.4,2.4,,,70.0,175.0,34.95326315789473,13.0,California,2008.0,2008.0,PHI,49.0,-2.0,0.027777778
2021,14,00-0026189,D.Jackson,WR,LV,KC,0,0,0.0,0,0.0,0.0,0.0,0,0.0,0,2,1,19.0,0,1.9,2.9,,,70.0,175.0,34.95326315789473,13.0,California,2008.0,2008.0,PHI,49.0,,0.046511628
2021,15,00-0026189,D.Jackson,WR,LV,CLE,0,0,0.0,0,0.0,0.0,0.0,0,0.0,0,3,1,11.0,0,1.1,2.1,,,70.0,175.0,34.95326315789473,13.0,California,2008.0,2008.0,PHI,49.0,,0.083333336
2021,16,00-0026189,D.Jackson,WR,LV,DEN,0,0,0.0,0,0.0,0.0,0.0,0,0.0,0,5,4,44.0,0,4.4,8.4,,,70.0,175.0,34.95326315789473,13.0,California,2008.0,2008.0,PHI,49.0,4.0,0.2
2021,17,00-0026189,D.Jackson,WR,LV,IND,0,0,0.0,0,0.0,0.0,0.0,0,0.0,0,3,1,5.0,0,0.5,1.5,,,70.0,175.0,34.95326315789473,13.0,California,2008.0,2008.0,PHI,49.0,,0.09375
2021,19,00-0026189,D.Jackson,WR,LV,CIN,0,0,0.0,0,0.0,0.0,0.0,0,0.0,0,2,1,26.0,0,2.6,3.6,,,70.0,175.0,34.95326315789473,13.0,California,2008.0,2008.0,PHI,49.0,,0.040816326
2021,7,00-0026197,C.Henne,QB,KC,TEN,11,16,82.0,0,0.0,0.0,-0.0,1,4.0,0,0,0,0.0,0,3.68,3.68,,,75.0,222.0,36.38735,13.0,Michigan,2008.0,2008.0,MIA,57.0,,
2021,10,00-0026197,C.Henne,QB,KC,LV,0,0,0.0,0,0.0,0.0,0.0,2,-2.0,0,0,0,0.0,0,-0.2,-0.2,,,75.0,222.0,36.38735,13.0,Michigan,2008.0,2008.0,MIA,57.0,,
2021,14,00-0026197,C.Henne,QB,KC,LV,0,0,0.0,0,0.0,0.0,0.0,3,-2.0,0,0,0,0.0,0,-0.2,-0.2,,,75.0,222.0,36.38735,13.0,Michigan,2008.0,2008.0,MIA,57.0,39.0,
2021,16,00-0026197,C.Henne,QB,KC,PIT,0,0,0.0,0,0.0,0.0,0.0,2,0.0,0,0,0,0.0,0,0.0,0.0,,,75.0,222.0,36.38735,13.0,Michigan,2008.0,2008.0,MIA,57.0,26.0,
2021,8,00-0026300,J.Johnson,QB,NYJ,CIN,2,4,17.0,0,0.0,0.0,-0.0,0,0.0,0,0,0,0.0,0,0.68,0.68,,,74.0,219.0,35.495588235294115,13.0,San Diego,2008.0,2008.0,TB,160.0,3.0,
2021,9,00-0026300,J.Johnson,QB,NYJ,IND,27,41,317.0,3,1.0,2.0,14.0,4,18.0,0,0,0,0.0,0,24.48,24.48,,,74.0,219.0,35.495588235294115,13.0,San Diego,2008.0,2008.0,TB,160.0,,
2021,12,00-0026300,J.Johnson,QB,NYJ,HOU,0,0,0.0,0,0.0,0.0,0.0,0,0.0,0,0,0,0.0,0,2.0,2.0,,,74.0,219.0,35.495588235294115,13.0,San Diego,2008.0,2008.0,TB,160.0,,
2021,16,00-0026300,J.Johnson,QB,BAL,CIN,28,40,304.0,2,1.0,1.0,9.0,5,10.0,0,0,0,0.0,0,19.16,19.16,,,74.0,219.0,35.495588235294115,13.0,San Diego,2008.0,2008.0,TB,160.0,,
2021,1,00-0026498,M.Stafford,QB,LA,CHI,20,26,321.0,3,0.0,1.0,9.0,5,-5.0,0,0,0,0.0,0,24.34,24.34,,,75.0,220.0,33.79895238095238,12.0,Georgia,2009.0,2009.0,DET,1.0,20.0,
2021,2,00-0026498,M.Stafford,QB,LA,IND,19,30,278.0,2,1.0,1.0,8.0,2,1.0,0,0,0,0.0,0,17.22,17.22,,,75.0,220.0,33.79895238095238,12.0,Georgia,2009.0,2009.0,DET,1.0,,
2021,3,00-0026498,M.Stafford,QB,LA,TB,27,38,343.0,4,0.0,1.0,12.0,2,-2.0,0,0,0,0.0,0,29.52,29.52,,,75.0,220.0,33.79895238095238,12.0,Georgia,2009.0,2009.0,DET,1.0,10.0,
2021,4,00-0026498,M.Stafford,QB,LA,ARI,26,41,280.0,2,1.0,0.0,-0.0,6,21.0,0,0,0,0.0,0,19.3,19.3,,,75.0,220.0,33.79895238095238,12.0,Georgia,2009.0,2009.0,DET,1.0,-17.0,
2021,5,00-0026498,M.Stafford,QB,LA,SEA,25,37,365.0,1,1.0,1.0,7.0,1,-1.0,0,0,0,0.0,0,16.5,16.5,,,75.0,220.0,33.79895238095238,12.0,Georgia,2009.0,2009.0,DET,1.0,,
2021,6,00-0026498,M.Stafford,QB,LA,NYG,22,28,251.0,4,1.0,2.0,17.0,2,12.0,0,0,0,0.0,0,25.24,25.24,,,75.0,220.0,33.79895238095238,12.0,Georgia,2009.0,2009.0,DET,1.0,,
2021,7,00-0026498,M.Stafford,QB,LA,DET,28,41,334.0,3,0.0,1.0,7.0,2,-2.0,0,0,0,0.0,0,27.16,27.16,,,75.0,220.0,33.79895238095238,12.0,Georgia,2009.0,2009.0,DET,1.0,9.0,
2021,8,00-0026498,M.Stafford,QB,LA,HOU,21,32,305.0,3,0.0,0.0,-0.0,0,0.0,0,0,0,0.0,0,24.2,24.2,,,75.0,220.0,33.79895238095238,12.0,Georgia,2009.0,2009.0,DET,1.0,,
2021,9,00-0026498,M.Stafford,QB,LA,TEN,31,48,294.0,1,2.0,5.0,41.0,2,13.0,0,0,0,0.0,0,13.06,13.06,,,75.0,220.0,33.79895238095238,12.0,Georgia,2009.0,2009.0,DET,1.0,-12.0,
2021,10,00-0026498,M.Stafford,QB,LA,SF,26,41,243.0,1,2.0,2.0,19.0,1,1.0,0,0,0,0.0,0,9.82,9.82,,,75.0,220.0,33.79895238095238,12.0,Georgia,2009.0,2009.0,DET,1.0,,
2021,12,00-0026498,M.Stafford,QB,LA,GB,21,38,302.0,3,1.0,2.0,17.0,1,-1.0,0,0,0,0.0,0,21.98,21.98,,,75.0,220.0,33.79895238095238,12.0,Georgia,2009.0,2009.0,DET,1.0,,
2021,13,00-0026498,M.Stafford,QB,LA,JAX,26,38,295.0,3,0.0,1.0,5.0,1,2.0,0,0,0,0.0,0,24.0,24.0,,,75.0,220.0,33.79895238095238,12.0,Georgia,2009.0,2009.0,DET,1.0,30.0,
2021,14,00-0026498,M.Stafford,QB,LA,ARI,23,30,287.0,3,0.0,3.0,20.0,0,0.0,0,0,0,0.0,0,23.48,23.48,,,75.0,220.0,33.79895238095238,12.0,Georgia,2009.0,2009.0,DET,1.0,,
2021,15,00-0026498,M.Stafford,QB,LA,SEA,21,29,244.0,2,1.0,4.0,35.0,3,-3.0,0,0,0,0.0,0,15.46,15.46,,,75.0,220.0,33.79895238095238,12.0,Georgia,2009.0,2009.0,DET,1.0,10.0,
2021,16,00-0026498,M.Stafford,QB,LA,MIN,21,37,197.0,1,3.0,0.0,-0.0,3,8.0,0,0,0,0.0,0,6.68,6.68,,,75.0,220.0,33.79895238095238,12.0,Georgia,2009.0,2009.0,DET,1.0,,
2021,17,00-0026498,M.Stafford,QB,LA,BAL,26,35,309.0,2,2.0,1.0,9.0,1,-1.0,0,0,0,0.0,0,14.26,14.26,,,75.0,220.0,33.79895238095238,12.0,Georgia,2009.0,2009.0,DET,1.0,,
2021,18,00-0026498,M.Stafford,QB,LA,SF,21,32,238.0,3,2.0,5.0,37.0,0,0.0,0,0,0,0.0,0,17.52,17.52,,,75.0,220.0,33.79895238095238,12.0,Georgia,2009.0,2009.0,DET,1.0,-3.0,
2021,19,00-0026498,M.Stafford,QB,LA,ARI,13,17,202.0,2,0.0,1.0,7.0,6,22.0,1,0,0,0.0,0,24.28,24.28,,,75.0,220.0,33.79895238095238,12.0,Georgia,2009.0,2009.0,DET,1.0,23.0,
2021,20,00-0026498,M.Stafford,QB,LA,TB,28,38,366.0,2,0.0,2.0,11.0,4,6.0,1,0,0,0.0,0,29.24,29.24,,,75.0,220.0,33.79895238095238,12.0,Georgia,2009.0,2009.0,DET,1.0,,
2021,21,00-0026498,M.Stafford,QB,LA,SF,31,45,337.0,2,1.0,2.0,11.0,5,8.0,0,0,0,0.0,0,20.28,20.28,,,75.0,220.0,33.79895238095238,12.0,Georgia,2009.0,2009.0,DET,1.0,3.0,
2021,22,00-0026498,M.Stafford,QB,LA,CIN,26,40,283.0,3,2.0,2.0,13.0,3,6.0,0,1,0,0.0,0,19.92,19.92,,,75.0,220.0,33.79895238095238,12.0,Georgia,2009.0,2009.0,DET,1.0,,0.025
2021,14,00-0026544,C.Daniel,QB,LAC,NYG,0,0,0.0,0,0.0,0.0,0.0,2,-2.0,0,0,0,0.0,0,-0.2,-0.2,,,72.0,229.0,35.09758823529412,12.0,Missouri,2009.0,2009.0,,,16.0,
2021,7,00-0026625,B.Hoyer,QB,NE,NYJ,3,4,79.0,0,0.0,0.0,-0.0,3,-3.0,0,0,0,0.0,0,2.86,2.86,,,74.0,215.0,36.08277777777778,12.0,Michigan State,2009.0,2009.0,,,41.0,
2021,9,00-0026625,B.Hoyer,QB,NE,CAR,0,0,0.0,0,0.0,0.0,0.0,3,-3.0,0,0,0,0.0,0,-0.3,-0.3,,,74.0,215.0,36.08277777777778,12.0,Michigan State,2009.0,2009.0,,,,
2021,10,00-0026625,B.Hoyer,QB,NE,CLE,3,3,85.0,1,0.0,0.0,-0.0,2,-2.0,0,0,0,0.0,0,7.2,7.2,,,74.0,215.0,36.08277777777778,12.0,Michigan State,2009.0,2009.0,,,38.0,
2021,12,00-0026625,B.Hoyer,QB,NE,TEN,0,0,0.0,0,0.0,0.0,0.0,1,-1.0,0,0,0,0.0,0,-0.1,-0.1,,,74.0,215.0,36.08277777777778,12.0,Michigan State,2009.0,2009.0,,,23.0,
2021,17,00-0026625,B.Hoyer,QB,NE,JAX,3,4,63.0,0,0.0,0.0,-0.0,2,1.0,0,0,0,0.0,0,2.62,2.62,,,74.0,215.0,36.08277777777778,12.0,Michigan State,2009.0,2009.0,,,40.0,
2021,1,00-0027061,J.Cook,TE,LAC,WAS,0,0,0.0,0,0.0,0.0,0.0,0,0.0,0,8,5,56.0,0,5.6,10.6,,,77.0,254.0,34.59935294117647,12.0,South Carolina,2009.0,2009.0,TEN,89.0,,0.17391305
2021,2,00-0027061,J.Cook,TE,LAC,DAL,0,0,0.0,0,0.0,0.0,0.0,0,0.0,0,5,3,28.0,0,2.8,5.8,,,77.0,254.0,34.59935294117647,12.0,South Carolina,2009.0,2009.0,TEN,89.0,-3.0,0.125
2021,3,00-0027061,J.Cook,TE,LAC,KC,0,0,0.0,0,0.0,0.0,0.0,0,0.0,0,3,2,27.0,0,2.7,4.7,,,77.0,254.0,34.59935294117647,12.0,South Carolina,2009.0,2009.0,TEN,89.0,,0.08571429
2021,4,00-0027061,J.Cook,TE,LAC,LV,0,0,0.0,0,0.0,0.0,0.0,0,0.0,0,7,6,70.0,1,13.0,19.0,,,77.0,254.0,34.59935294117647,12.0,South Carolina,2009.0,2009.0,TEN,89.0,14.0,0.18421052
2021,5,00-0027061,J.Cook,TE,LAC,CLE,0,0,0.0,0,0.0,0.0,0.0,0,0.0,0,3,1,29.0,0,2.9,3.9,,,77.0,254.0,34.59935294117647,12.0,South Carolina,2009.0,2009.0,TEN,89.0,5.0,0.071428575
2021,6,00-0027061,J.Cook,TE,LAC,BAL,0,0,0.0,0,0.0,0.0,0.0,0,0.0,0,7,4,25.0,1,8.5,12.5,,,77.0,254.0,34.59935294117647,12.0,South Carolina,2009.0,2009.0,TEN,89.0,,0.17948718
2021,8,00-0027061,J.Cook,TE,LAC,NE,0,0,0.0,0,0.0,0.0,0.0,0,0.0,0,5,2,25.0,0,2.5,4.5,,,77.0,254.0,34.59935294117647,12.0,South Carolina,2009.0,2009.0,TEN,89.0,-3.0,0.14705883
2021,9,00-0027061,J.Cook,TE,LAC,PHI,0,0,0.0,0,0.0,0.0,0.0,0,0.0,0,4,4,48.0,0,6.8,10.8,,,77.0,254.0,34.59935294117647,12.0,South Carolina,2009.0,2009.0,TEN,89.0,,0.10810811
2021,10,00-0027061,J.Cook,TE,LAC,MIN,0,0,0.0,0,0.0,0.0,0.0,0,0.0,0,3,1,10.0,0,1.0,2.0,,,77.0,254.0,34.59935294117647,12.0,South Carolina,2009.0,2009.0,TEN,89.0,-7.0,0.09090909
2021,11,00-0027061,J.Cook,TE,LAC,PIT,0,0,0.0,0,0.0,0.0,0.0,0,0.0,0,5,3,28.0,0,2.8,5.8,,,77.0,254.0,34.59935294117647,12.0,South Carolina,2009.0,2009.0,TEN,89.0,4.0,0.12195122
2021,12,00-0027061,J.Cook,TE,LAC,DEN,0,0,0.0,0,0.0,0.0,0.0,0,0.0,0,5,2,25.0,1,8.5,10.5,,,77.0,254.0,34.59935294117647,12.0,South Carolina,2009.0,2009.0,TEN,89.0,,0.11363637
2021,13,00-0027061,J.Cook,TE,LAC,CIN,0,0,0.0,0,0.0,0.0,0.0,0,0.0,0,4,3,29.0,0,2.9,5.9,,,77.0,254.0,34.59935294117647,12.0,South Carolina,2009.0,2009.0,TEN,89.0,,0.114285715
2021,14,00-0027061,J.Cook,TE,LAC,NYG,0,0,0.0,0,0.0,0.0,0.0,0,0.0,0,5,2,8.0,1,6.8,8.8,,,77.0,254.0,34.59935294117647,12.0,South Carolina,2009.0,2009.0,TEN,89.0,16.0,0.16666667
2021,15,00-0027061,J.Cook,TE,LAC,KC,0,0,0.0,0,0.0,0.0,0.0,0,0.0,0,7,3,32.0,0,3.2,6.2,,,77.0,254.0,34.59935294117647,12.0,South Carolina,2009.0,2009.0,TEN,89.0,-6.0,0.1891892
2021,16,00-0027061,J.Cook,TE,LAC,HOU,0,0,0.0,0,0.0,0.0,0.0,0,0.0,0,5,3,44.0,0,6.4,9.4,,,77.0,254.0,34.59935294117647,12.0,South Carolina,2009.0,2009.0,TEN,89.0,,0.14705883
2021,18,00-0027061,J.Cook,TE,LAC,LV,0,0,0.0,0,0.0,0.0,0.0,0,0.0,0,7,4,80.0,0,8.0,12.0,,,77.0,254.0,34.59935294117647,12.0,South Carolina,2009.0,2009.0,TEN,89.0,,0.109375
2021,1,00-0027656,R.Gronkowski,TE,TB,DAL,0,0,0.0,0,0.0,0.0,0.0,0,0.0,0,8,8,90.0,2,21.0,29.0,,,78.0,265.0,32.514105263157894,11.0,Arizona,2010.0,2010.0,NE,42.0,2.0,0.17777778
2021,2,00-0027656,R.Gronkowski,TE,TB,ATL,0,0,0.0,0,0.0,0.0,0.0,0,0.0,0,5,4,39.0,2,15.9,19.9,,,78.0,265.0,32.514105263157894,11.0,Arizona,2010.0,2010.0,NE,42.0,23.0,0.14285715
2021,3,00-0027656,R.Gronkowski,TE,TB,LA,0,0,0.0,0,0.0,0.0,0.0,0,0.0,0,8,4,55.0,0,5.5,9.5,,,78.0,265.0,32.514105263157894,11.0,Arizona,2010.0,2010.0,NE,42.0,,0.14814815
2021,8,00-0027656,R.Gronkowski,TE,TB,NO,0,0,0.0,0,0.0,0.0,0.0,0,0.0,0,1,0,0.0,0,0.0,0.0,,,78.0,265.0,32.514105263157894,11.0,Arizona,2010.0,2010.0,NE,42.0,,0.024390243
2021,11,00-0027656,R.Gronkowski,TE,TB,NYG,0,0,0.0,0,0.0,0.0,0.0,0,0.0,0,8,6,71.0,0,7.1,13.1,,,78.0,265.0,32.514105263157894,11.0,Arizona,2010.0,2010.0,NE,42.0,20.0,0.17021276
2021,12,00-0027656,R.Gronkowski,TE,TB,IND,0,0,0.0,0,0.0,0.0,0.0,0,0.0,0,9,7,123.0,0,12.3,19.3,,,78.0,265.0,32.514105263157894,11.0,Arizona,2010.0,2010.0,NE,42.0,,0.2647059
2021,13,00-0027656,R.Gronkowski,TE,TB,ATL,0,0,0.0,0,0.0,0.0,0.0,0,0.0,0,8,4,58.0,2,17.8,21.8,,,78.0,265.0,32.514105263157894,11.0,Arizona,2010.0,2010.0,NE,42.0,,0.15686275
2021,14,00-0027656,R.Gronkowski,TE,TB,BUF,0,0,0.0,0,0.0,0.0,0.0,0,0.0,0,9,5,62.0,0,6.2,11.2,,,78.0,265.0,32.514105263157894,11.0,Arizona,2010.0,2010.0,NE,42.0,6.0,0.19565217
2021,15,00-0027656,R.Gronkowski,TE,TB,NO,0,0,0.0,0,0.0,0.0,0.0,0,0.0,0,11,2,29.0,0,2.9,4.9,,,78.0,265.0,32.514105263157894,11.0,Arizona,2010.0,2010.0,NE,42.0,-9.0,0.22916667
2021,16,00-0027656,R.Gronkowski,TE,TB,CAR,0,0,0.0,0,0.0,0.0,0.0,0,0.0,0,2,1,23.0,0,2.3,3.3,,,78.0,265.0,32.514105263157894,11.0,Arizona,2010.0,2010.0,NE,42.0,,0.06896552
2021,17,00-0027656,R.Gronkowski,TE,TB,NYJ,0,0,0.0,0,0.0,0.0,0.0,0,0.0,0,10,7,115.0,0,11.5,18.5,,,78.0,265.0,32.514105263157894,11.0,Arizona,2010.0,2010.0,NE,42.0,,0.20408164
2021,18,00-0027656,R.Gronkowski,TE,TB,CAR,0,0,0.0,0,0.0,0.0,0.0,0,0.0,0,10,7,137.0,0,13.7,20.7,,,78.0,265.0,32.514105263157894,11.0,Arizona,2010.0,2010.0,NE,42.0,24.0,0.2631579
2021,19,00-0027656,R.Gronkowski,TE,TB,PHI,0,0,0.0,0,0.0,0.0,0.0,0,0.0,0,6,5,31.0,1,9.1,14.1,,,78.0,265.0,32.514105263157894,11.0,Arizona,2010.0,2010.0,NE,42.0,16.0,0.16666667
2021,20,00-0027656,R.Gronkowski,TE,TB,LA,0,0,0.0,0,0.0,0.0,0.0,0,0.0,0,11,4,85.0,0,8.5,12.5,,,78.0,265.0,32.514105263157894,11.0,Arizona,2010.0,2010.0,NE,42.0,-3.0,0.20754717
2021,1,00-0027685,E.Sanders,WR,BUF,PIT,0,0,0.0,0,0.0,0.0,0.0,0,0.0,0,8,4,52.0,0,5.2,9.2,,,71.0,180.0,34.676842105263155,11.0,Southern Methodist,2010.0,2010.0,PIT,82.0,-7.0,0.16666667
2021,2,00-0027685,E.Sanders,WR,BUF,MIA,0,0,0.0,0,0.0,0.0,0.0,0,0.0,0,6,2,48.0,0,4.8,6.8,,,71.0,180.0,34.676842105263155,11.0,Southern Methodist,2010.0,2010.0,PIT,82.0,,0.20689656
2021,3,00-0027685,E.Sanders,WR,BUF,WAS,0,0,0.0,0,0.0,0.0,0.0,0,0.0,0,6,5,94.0,2,21.4,26.4,,,71.0,180.0,34.676842105263155,11.0,Southern Methodist,2010.0,2010.0,PIT,82.0,22.0,0.13953489
2021,4,00-0027685,E.Sanders,WR,BUF,HOU,0,0,0.0,0,0.0,0.0,0.0,1,7.0,0,6,5,74.0,0,8.1,13.1,,,71.0,180.0,34.676842105263155,11.0,Southern Methodist,2010.0,2010.0,PIT,82.0,40.0,0.19354838
2021,5,00-0027685,E.Sanders,WR,BUF,KC,0,0,0.0,0,0.0,0.0,0.0,0,0.0,0,5,3,54.0,2,17.4,20.4,,,71.0,180.0,34.676842105263155,11.0,Southern Methodist,2010.0,2010.0,PIT,82.0,,0.20833333
2021,6,00-0027685,E.Sanders,WR,BUF,TEN,0,0,0.0,0,0.0,0.0,0.0,0,0.0,0,8,5,91.0,0,9.1,14.1,,,71.0,180.0,34.676842105263155,11.0,Southern Methodist,2010.0,2010.0,PIT,82.0,,0.17777778
2021,8,00-0027685,E.Sanders,WR,BUF,MIA,0,0,0.0,0,0.0,0.0,0.0,0,0.0,0,4,0,0.0,0,0.0,0.0,,,71.0,180.0,34.676842105263155,11.0,Southern Methodist,2010.0,2010.0,PIT,82.0,15.0,0.09756097
2021,9,00-0027685,E.Sanders,WR,BUF,JAX,0,0,0.0,0,0.0,0.0,0.0,0,0.0,0,8,4,65.0,0,6.5,10.5,,,71.0,180.0,34.676842105263155,11.0,Southern Methodist,2010.0,2010.0,PIT,82.0,,0.17777778
2021,10,00-0027685,E.Sanders,WR,BUF,NYJ,0,0,0.0,0,0.0,0.0,0.0,1,24.0,0,2,2,27.0,0,5.1,7.1,,,71.0,180.0,34.676842105263155,11.0,Southern Methodist,2010.0,2010.0,PIT,82.0,,0.071428575
2021,11,00-0027685,E.Sanders,WR,BUF,IND,0,0,0.0,0,0.0,0.0,0.0,0,0.0,0,5,3,26.0,0,2.6,5.6,,,71.0,180.0,34.676842105263155,11.0,Southern Methodist,2010.0,2010.0,PIT,82.0,-26.0,0.12820514
2021,12,00-0027685,E.Sanders,WR,BUF,NO,0,0,0.0,0,0.0,0.0,0.0,0,0.0,0,3,3,28.0,0,2.8,5.8,,,71.0,180.0,34.676842105263155,11.0,Southern Methodist,2010.0,2010.0,PIT,82.0,,0.115384616
2021,13,00-0027685,E.Sanders,WR,BUF,NE,0,0,0.0,0,0.0,0.0,0.0,0,0.0,0,6,3,22.0,0,2.2,5.2,,,71.0,180.0,34.676842105263155,11.0,Southern Methodist,2010.0,2010.0,PIT,82.0,-4.0,0.2
2021,14,00-0027685,E.Sanders,WR,BUF,TB,0,0,0.0,0,0.0,0.0,0.0,0,0.0,0,1,1,25.0,0,2.5,3.5,,,71.0,180.0,34.676842105263155,11.0,Southern Methodist,2010.0,2010.0,PIT,82.0,,0.019607844
2021,16,00-0027685,E.Sanders,WR,BUF,NE,0,0,0.0,0,0.0,0.0,0.0,0,0.0,0,4,2,20.0,0,2.0,4.0,,,71.0,180.0,34.676842105263155,11.0,Southern Methodist,2010.0,2010.0,PIT,82.0,,0.093023255
2021,19,00-0027685,E.Sanders,WR,BUF,NE,0,0,0.0,0,0.0,0.0,0.0,0,0.0,0,3,2,36.0,1,9.6,11.6,,,71.0,180.0,34.676842105263155,11.0,Southern Methodist,2010.0,2010.0,PIT,82.0,30.0,0.12
2021,20,00-0027685,E.Sanders,WR,BUF,KC,0,0,0.0,0,0.0,0.0,0.0,0,0.0,0,1,1,16.0,0,1.6,2.6,,,71.0,180.0,34.676842105263155,11.0,Southern Methodist,2010.0,2010.0,PIT,82.0,,0.027027028
2021,4,00-0027688,C.McCoy,QB,ARI,LA,0,0,0.0,0,0.0,0.0,0.0,2,-2.0,0,0,0,0.0,0,-0.2,-0.2,,,73.0,212.0,35.18994444444444,11.0,Texas,2010.0,2010.0,CLE,85.0,,
2021,6,00-0027688,C.McCoy,QB,ARI,CLE,0,0,0.0,0,0.0,0.0,0.0,3,-3.0,0,0,0,0.0,0,-0.3,-0.3,,,73.0,212.0,35.18994444444444,11.0,Texas,2010.0,2010.0,CLE,85.0,,
2021,7,00-0027688,C.McCoy,QB,ARI,HOU,0,0,0.0,0,0.0,0.0,0.0,2,-1.0,0,0,0,0.0,0,-0.1,-0.1,,,73.0,212.0,35.18994444444444,11.0,Texas,2010.0,2010.0,CLE,85.0,26.0,
2021,9,00-0027688,C.McCoy,QB,ARI,SF,22,26,249.0,1,0.0,2.0,8.0,7,23.0,0,0,0,0.0,0,16.26,16.26,,,73.0,212.0,35.18994444444444,11.0,Texas,2010.0,2010.0,CLE,85.0,,
2021,10,00-0027688,C.McCoy,QB,ARI,CAR,11,20,107.0,0,1.0,2.0,22.0,1,-1.0,0,0,0,0.0,0,0.18,0.18,,,73.0,212.0,35.18994444444444,11.0,Texas,2010.0,2010.0,CLE,85.0,-24.0,
2021,11,00-0027688,C.McCoy,QB,ARI,SEA,35,44,328.0,2,0.0,2.0,10.0,6,18.0,0,0,0,0.0,0,22.92,22.92,,,73.0,212.0,35.18994444444444,11.0,Texas,2010.0,2010.0,CLE,85.0,,
2021,15,00-0027688,C.McCoy,QB,ARI,DET,6,9,56.0,0,0.0,0.0,-0.0,1,3.0,0,0,0,0.0,0,2.54,2.54,,,73.0,212.0,35.18994444444444,11.0,Texas,2010.0,2010.0,CLE,85.0,,
2021,2,00-0027691,A.Roberts,WR,HOU,CLE,0,0,0.0,0,0.0,0.0,0.0,0,0.0,0,2,1,35.0,0,3.5,4.5,,,71.0,195.0,33.83761111111111,11.0,Citadel,2010.0,2010.0,ARI,88.0,,0.071428575
2021,9,00-0027691,A.Roberts,WR,LAC,PHI,0,0,0.0,0,0.0,0.0,0.0,1,9.0,0,0,0,0.0,0,0.9,0.9,,,71.0,195.0,33.83761111111111,11.0,Citadel,2010.0,2010.0,ARI,88.0,,
2021,11,00-0027691,A.Roberts,WR,LAC,PIT,0,0,0.0,0,0.0,0.0,0.0,1,4.0,0,0,0,0.0,0,0.4,0.4,,,71.0,195.0,33.83761111111111,11.0,Citadel,2010.0,2010.0,ARI,88.0,4.0,
2021,15,00-0027691,A.Roberts,WR,LAC,KC,0,0,0.0,0,0.0,0.0,0.0,1,6.0,0,0,0,0.0,0,0.6,0.6,,,71.0,195.0,33.83761111111111,11.0,Citadel,2010.0,2010.0,ARI,88.0,-6.0,
2021,17,00-0027691,A.Roberts,WR,LAC,DEN,0,0,0.0,0,0.0,0.0,0.0,0,0.0,0,0,0,0.0,0,6.0,6.0,,,71.0,195.0,33.83761111111111,11.0,Citadel,2010.0,2010.0,ARI,88.0,21.0,
2021,1,00-0027696,J.Graham,TE,CHI,LA,0,0,0.0,0,0.0,0.0,0.0,0,0.0,0,2,1,11.0,0,1.1,2.1,,,79.0,265.0,34.962941176470586,11.0,Miami,2010.0,2010.0,NO,95.0,,0.05
2021,3,00-0027696,J.Graham,TE,CHI,CLE,0,0,0.0,0,0.0,0.0,0.0,0,0.0,0,1,0,0.0,0,0.0,0.0,,,79.0,265.0,34.962941176470586,11.0,Miami,2010.0,2010.0,NO,95.0,,0.05
2021,9,00-0027696,J.Graham,TE,CHI,PIT,0,0,0.0,0,0.0,0.0,0.0,0,0.0,0,3,1,28.0,0,2.8,3.8,,,79.0,265.0,34.962941176470586,11.0,Miami,2010.0,2010.0,NO,95.0,,0.10344828
2021,11,00-0027696,J.Graham,TE,CHI,BAL,0,0,0.0,0,0.0,0.0,0.0,0,0.0,0,3,2,25.0,0,2.5,4.5,,,79.0,265.0,34.962941176470586,11.0,Miami,2010.0,2010.0,NO,95.0,-3.0,0.09090909
2021,12,00-0027696,J.Graham,TE,CHI,DET,0,0,0.0,0,0.0,0.0,0.0,0,0.0,0,3,2,34.0,1,9.4,11.4,,,79.0,265.0,34.962941176470586,11.0,Miami,2010.0,2010.0,NO,95.0,,0.08108108
2021,13,00-0027696,J.Graham,TE,CHI,ARI,0,0,0.0,0,0.0,0.0,0.0,0,0.0,0,1,1,1.0,1,8.1,9.1,,,79.0,265.0,34.962941176470586,11.0,Miami,2010.0,2010.0,NO,95.0,-11.0,0.025
2021,14,00-0027696,J.Graham,TE,CHI,GB,0,0,0.0,0,0.0,0.0,0.0,0,0.0,0,3,2,9.0,0,0.9,2.9,,,79.0,265.0,34.962941176470586,11.0,Miami,2010.0,2010.0,NO,95.0,,0.09375
2021,15,00-0027696,J.Graham,TE,CHI,MIN,0,0,0.0,0,0.0,0.0,0.0,0,0.0,0,2,1,13.0,0,1.3,2.3,,,79.0,265.0,34.962941176470586,11.0,Miami,2010.0,2010.0,NO,95.0,-8.0,0.055555556
2021,16,00-0027696,J.Graham,TE,CHI,SEA,0,0,0.0,0,0.0,0.0,0.0,0,0.0,0,2,2,30.0,1,9.0,11.0,,,79.0,265.0,34.962941176470586,11.0,Miami,2010.0,2010.0,NO,95.0,,0.057142857
2021,17,00-0027696,J.Graham,TE,CHI,NYG,0,0,0.0,0,0.0,0.0,0.0,0,0.0,0,1,0,0.0,0,0.0,0.0,,,79.0,265.0,34.962941176470586,11.0,Miami,2010.0,2010.0,NO,95.0,26.0,0.030303031
2021,18,00-0027696,J.Graham,TE,CHI,MIN,0,0,0.0,0,0.0,0.0,0.0,0,0.0,0,2,2,16.0,0,1.6,3.6,,,79.0,265.0,34.962941176470586,11.0,Miami,2010.0,2010.0,NO,95.0,,0.04347826
2021,1,00-0027793,A.Brown,WR,TB,DAL,0,0,0.0,0,0.0,0.0,0.0,1,6.0,0,7,5,121.0,1,18.7,23.7,,,70.0,185.0,33.33723529411765,11.0,Central Michigan,2010.0,2010.0,PIT,195.0,2.0,0.15555556
2021,2,00-0027793,A.Brown,WR,TB,ATL,0,0,0.0,0,0.0,0.0,0.0,0,0.0,0,3,1,17.0,0,1.7,2.7,,,70.0,185.0,33.33723529411765,11.0,Central Michigan,2010.0,2010.0,PIT,195.0,23.0,0.08571429
2021,4,00-0027793,A.Brown,WR,TB,NE,0,0,0.0,0,0.0,0.0,0.0,0,0.0,0,11,7,63.0,0,6.3,13.3,,,70.0,185.0,33.33723529411765,11.0,Central Michigan,2010.0,2010.0,PIT,195.0,,0.25581396
2021,5,00-0027793,A.Brown,WR,TB,MIA,0,0,0.0,0,0.0,0.0,0.0,0,0.0,0,8,7,124.0,2,24.4,31.4,,,70.0,185.0,33.33723529411765,11.0,Central Michigan,2010.0,2010.0,PIT,195.0,28.0,0.1904762
2021,6,00-0027793,A.Brown,WR,TB,PHI,0,0,0.0,0,0.0,0.0,0.0,0,0.0,0,13,9,93.0,1,15.3,24.3,,,70.0,185.0,33.33723529411765,11.0,Central Michigan,2010.0,2010.0,PIT,195.0,,0.30952382
2021,16,00-0027793,A.Brown,WR,TB,CAR,0,0,0.0,0,0.0,0.0,0.0,0,0.0,0,15,10,101.0,0,10.1,20.1,,,70.0,185.0,33.33723529411765,11.0,Central Michigan,2010.0,2010.0,PIT,195.0,,0.51724136
2021,17,00-0027793,A.Brown,WR,TB,NYJ,0,0,0.0,0,0.0,0.0,0.0,0,0.0,0,5,3,26.0,0,2.6,5.6,,,70.0,185.0,33.33723529411765,11.0,Central Michigan,2010.0,2010.0,PIT,195.0,,0.10204082
2021,11,00-0027857,T.Williams,T,SF,JAX,0,0,0.0,0,0.0,0.0,0.0,0,0.0,0,1,0,0.0,0,0.0,0.0,,,77.0,320.0,33.34595,11.0,Oklahoma,2010.0,2010.0,WAS,4.0,,0.05
2021,10,00-0027939,C.Newton,QB,CAR,ARI,3,4,8.0,1,0.0,0.0,-0.0,3,14.0,1,0,0,0.0,0,11.72,11.72,,,77.0,245.0,32.563,10.0,Auburn,2011.0,2011.0,CAR,1.0,,
2021,11,00-0027939,C.Newton,QB,CAR,WAS,21,27,189.0,2,0.0,1.0,3.0,10,46.0,1,0,0,0.0,0,26.16,26.16,,,77.0,245.0,32.563,10.0,Auburn,2011.0,2011.0,CAR,1.0,-6.0,
2021,12,00-0027939,C.Newton,QB,CAR,MIA,5,21,92.0,0,2.0,1.0,14.0,3,5.0,1,0,0,0.0,0,6.18,6.18,,,77.0,245.0,32.563,10.0,Auburn,2011.0,2011.0,CAR,1.0,,
2021,14,00-0027939,C.Newton,QB,CAR,ATL,15,23,178.0,0,1.0,1.0,10.0,10,47.0,1,0,0,0.0,0,13.82,13.82,,,77.0,245.0,32.563,10.0,Auburn,2011.0,2011.0,CAR,1.0,-8.0,
2021,15,00-0027939,C.Newton,QB,CAR,BUF,18,38,156.0,1,1.0,4.0,32.0,15,71.0,1,0,0,0.0,0,23.34,23.34,,,77.0,245.0,32.563,10.0,Auburn,2011.0,2011.0,CAR,1.0,,
2021,16,00-0027939,C.Newton,QB,CAR,TB,7,13,61.0,0,1.0,3.0,24.0,5,42.0,0,0,0,0.0,0,4.64,4.64,,,77.0,245.0,32.563,10.0,Auburn,2011.0,2011.0,CAR,1.0,-26.0,
2021,17,00-0027939,C.Newton,QB,CAR,NO,0,0,0.0,0,0.0,0.0,0.0,1,5.0,0,0,0,0.0,0,0.5,0.5,,,77.0,245.0,32.563,10.0,Auburn,2011.0,2011.0,CAR,1.0,,
2021,1,00-0027942,A.Green,WR,ARI,TEN,0,0,0.0,0,0.0,0.0,0.0,0,0.0,0,6,2,25.0,0,2.5,4.5,,,76.0,210.0,33.287166666666664,10.0,Georgia,2011.0,2011.0,CIN,4.0,,0.1875
2021,2,00-0027942,A.Green,WR,ARI,MIN,0,0,0.0,0,0.0,0.0,0.0,0,0.0,0,6,3,44.0,1,10.4,13.4,,,76.0,210.0,33.287166666666664,10.0,Georgia,2011.0,2011.0,CIN,4.0,1.0,0.1764706
2021,3,00-0027942,A.Green,WR,ARI,JAX,0,0,0.0,0,0.0,0.0,0.0,0,0.0,0,6,5,112.0,0,11.2,16.2,,,76.0,210.0,33.287166666666664,10.0,Georgia,2011.0,2011.0,CIN,4.0,,0.1764706
2021,4,00-0027942,A.Green,WR,ARI,LA,0,0,0.0,0,0.0,0.0,0.0,0,0.0,0,6,5,67.0,1,12.7,17.7,,,76.0,210.0,33.287166666666664,10.0,Georgia,2011.0,2011.0,CIN,4.0,,0.20689656
2021,5,00-0027942,A.Green,WR,ARI,SF,0,0,0.0,0,0.0,0.0,0.0,0,0.0,0,2,1,13.0,0,1.3,2.3,,,76.0,210.0,33.287166666666664,10.0,Georgia,2011.0,2011.0,CIN,4.0,7.0,0.071428575
2021,6,00-0027942,A.Green,WR,ARI,CLE,0,0,0.0,0,0.0,0.0,0.0,0,0.0,0,6,5,79.0,1,13.9,18.9,,,76.0,210.0,33.287166666666664,10.0,Georgia,2011.0,2011.0,CIN,4.0,,0.21428572
2021,7,00-0027942,A.Green,WR,ARI,HOU,0,0,0.0,0,0.0,0.0,0.0,0,0.0,0,3,3,66.0,0,6.6,9.6,,,76.0,210.0,33.287166666666664,10.0,Georgia,2011.0,2011.0,CIN,4.0,26.0,0.10714286
2021,8,00-0027942,A.Green,WR,ARI,GB,0,0,0.0,0,0.0,0.0,0.0,0,0.0,0,8,5,50.0,0,5.0,10.0,,,76.0,210.0,33.287166666666664,10.0,Georgia,2011.0,2011.0,CIN,4.0,-3.0,0.2580645
2021,10,00-0027942,A.Green,WR,ARI,CAR,0,0,0.0,0,0.0,0.0,0.0,0,0.0,0,5,1,4.0,0,0.4,1.4,,,76.0,210.0,33.287166666666664,10.0,Georgia,2011.0,2011.0,CIN,4.0,-24.0,0.1724138
2021,11,00-0027942,A.Green,WR,ARI,SEA,0,0,0.0,0,0.0,0.0,0.0,0,0.0,0,7,4,78.0,0,7.8,11.8,,,76.0,210.0,33.287166666666664,10.0,Georgia,2011.0,2011.0,CIN,4.0,,0.1590909
2021,13,00-0027942,A.Green,WR,ARI,CHI,0,0,0.0,0,0.0,0.0,0.0,0,0.0,0,1,1,14.0,0,1.4,2.4,,,76.0,210.0,33.287166666666664,10.0,Georgia,2011.0,2011.0,CIN,4.0,,0.06666667
2021,14,00-0027942,A.Green,WR,ARI,LA,0,0,0.0,0,0.0,0.0,0.0,0,0.0,0,10,7,102.0,0,10.2,17.2,,,76.0,210.0,33.287166666666664,10.0,Georgia,2011.0,2011.0,CIN,4.0,-7.0,0.20408164
2021,15,00-0027942,A.Green,WR,ARI,DET,0,0,0.0,0,0.0,0.0,0.0,0,0.0,0,8,4,64.0,0,6.4,10.4,,,76.0,210.0,33.287166666666664,10.0,Georgia,2011.0,2011.0,CIN,4.0,,0.16666667
2021,16,00-0027942,A.Green,WR,ARI,IND,0,0,0.0,0,0.0,0.0,0.0,0,0.0,0,3,1,33.0,0,3.3,4.3,,,76.0,210.0,33.287166666666664,10.0,Georgia,2011.0,2011.0,CIN,4.0,-6.0,0.07692308
2021,17,00-0027942,A.Green,WR,ARI,DAL,0,0,0.0,0,0.0,0.0,0.0,0,0.0,0,6,3,74.0,0,7.4,10.4,,,76.0,210.0,33.287166666666664,10.0,Georgia,2011.0,2011.0,CIN,4.0,,0.16216215
2021,18,00-0027942,A.Green,WR,ARI,SEA,0,0,0.0,0,0.0,0.0,0.0,0,0.0,0,9,4,23.0,0,2.3,6.3,,,76.0,210.0,33.287166666666664,10.0,Georgia,2011.0,2011.0,CIN,4.0,-8.0,0.23076923
2021,19,00-0027942,A.Green,WR,ARI,LA,0,0,0.0,0,0.0,0.0,0.0,0,0.0,0,3,0,0.0,0,0.0,0.0,,,76.0,210.0,33.287166666666664,10.0,Georgia,2011.0,2011.0,CIN,4.0,,0.0882353
2021,1,00-0027944,J.Jones,WR,TEN,ARI,0,0,0.0,0,0.0,0.0,0.0,0,0.0,0,6,3,29.0,0,2.9,5.9,,,75.0,220.0,32.76138888888889,10.0,Alabama,2011.0,2011.0,ATL,6.0,-25.0,0.16666667
2021,2,00-0027944,J.Jones,WR,TEN,SEA,0,0,0.0,0,0.0,0.0,0.0,0,0.0,0,8,6,128.0,0,12.8,18.8,,,75.0,220.0,32.76138888888889,10.0,Alabama,2011.0,2011.0,ATL,6.0,,0.20512821
2021,3,00-0027944,J.Jones,WR,TEN,IND,0,0,0.0,0,0.0,0.0,0.0,0,0.0,0,4,3,47.0,0,4.7,7.7,,,75.0,220.0,32.76138888888889,10.0,Alabama,2011.0,2011.0,ATL,6.0,9.0,0.15384616
2021,6,00-0027944,J.Jones,WR,TEN,BUF,0,0,0.0,0,0.0,0.0,0.0,0,0.0,0,5,3,59.0,0,5.9,8.9,,,75.0,220.0,32.76138888888889,10.0,Alabama,2011.0,2011.0,ATL,6.0,3.0,0.2
2021,7,00-0027944,J.Jones,WR,TEN,KC,0,0,0.0,0,0.0,0.0,0.0,0,0.0,0,4,2,38.0,0,3.8,5.8,,,75.0,220.0,32.76138888888889,10.0,Alabama,2011.0,2011.0,ATL,6.0,24.0,0.14814815
2021,9,00-0027944,J.Jones,WR,TEN,LA,0,0,0.0,0,0.0,0.0,0.0,0,0.0,0,4,4,35.0,0,3.5,7.5,,,75.0,220.0,32.76138888888889,10.0,Alabama,2011.0,2011.0,ATL,6.0,,0.15384616
2021,14,00-0027944,J.Jones,WR,TEN,JAX,0,0,0.0,0,0.0,0.0,0.0,0,0.0,0,6,4,33.0,0,3.3,7.3,,,75.0,220.0,32.76138888888889,10.0,Alabama,2011.0,2011.0,ATL,6.0,20.0,0.2
2021,15,00-0027944,J.Jones,WR,TEN,PIT,0,0,0.0,0,0.0,0.0,0.0,0,0.0,0,1,0,0.0,0,0.0,0.0,,,75.0,220.0,32.76138888888889,10.0,Alabama,2011.0,2011.0,ATL,6.0,,0.03125
2021,16,00-0027944,J.Jones,WR,TEN,SF,0,0,0.0,0,0.0,0.0,0.0,0,0.0,0,1,1,7.0,0,0.7,1.7,,,75.0,220.0,32.76138888888889,10.0,Alabama,2011.0,2011.0,ATL,6.0,3.0,0.033333335
2021,18,00-0027944,J.Jones,WR,TEN,HOU,0,0,0.0,0,0.0,0.0,0.0,0,0.0,0,9,5,58.0,1,11.8,16.8,,,75.0,220.0,32.76138888888889,10.0,Alabama,2011.0,2011.0,ATL,6.0,,0.28125
2021,20,00-0027944,J.Jones,WR,TEN,CIN,0,0,0.0,0,0.0,0.0,0.0,0,0.0,0,7,6,62.0,0,6.2,12.2,,,75.0,220.0,32.76138888888889,10.0,Alabama,2011.0,2011.0,ATL,6.0,-3.0,0.29166666
2021,2,00-0027948,B.Gabbert,QB,TB,ATL,0,0,0.0,0,0.0,0.0,0.0,3,-3.0,0,0,0,0.0,0,-0.3,-0.3,,,77.0,235.0,32.092473684210525,10.0,Missouri,2011.0,2011.0,JAX,10.0,23.0,
2021,5,00-0027948,B.Gabbert,QB,TB,MIA,3,3,41.0,0,0.0,0.0,-0.0,3,-1.0,0,0,0,0.0,0,1.54,1.54,,,77.0,235.0,32.092473684210525,10.0,Missouri,2011.0,2011.0,JAX,10.0,28.0,
2021,7,00-0027948,B.Gabbert,QB,TB,CHI,2,3,15.0,0,0.0,0.0,-0.0,0,0.0,0,0,0,0.0,0,0.6,0.6,,,77.0,235.0,32.092473684210525,10.0,Missouri,2011.0,2011.0,JAX,10.0,35.0,
2021,11,00-0027948,B.Gabbert,QB,TB,NYG,2,2,11.0,0,0.0,1.0,10.0,2,-2.0,0,0,0,0.0,0,0.24,0.24,,,77.0,235.0,32.092473684210525,10.0,Missouri,2011.0,2011.0,JAX,10.0,20.0,
2021,16,00-0027948,B.Gabbert,QB,TB,CAR,0,1,0.0,0,0.0,0.0,-0.0,0,0.0,0,0,0,0.0,0,0.0,0.0,,,77.0,235.0,32.092473684210525,10.0,Missouri,2011.0,2011.0,JAX,10.0,,
2021,18,00-0027948,B.Gabbert,QB,TB,CAR,0,2,0.0,0,0.0,0.0,-0.0,1,-1.0,0,0,0,0.0,0,-0.1,-0.1,,,77.0,235.0,32.092473684210525,10.0,Missouri,2011.0,2011.0,JAX,10.0,24.0,
2021,1,00-0027966,M.Ingram,RB,HOU,JAX,0,0,0.0,0,0.0,0.0,0.0,26,85.0,1,1,0,0.0,0,14.5,14.5,,,69.0,215.0,31.887888888888888,10.0,Alabama,2011.0,2011.0,NO,28.0,16.0,0.03125
2021,2,00-0027966,M.Ingram,RB,HOU,CLE,0,0,0.0,0,0.0,0.0,0.0,14,41.0,0,2,1,-1.0,0,4.0,5.0,,,69.0,215.0,31.887888888888888,10.0,Alabama,2011.0,2011.0,NO,28.0,,0.071428575
2021,3,00-0027966,M.Ingram,RB,HOU,CAR,0,0,0.0,0,0.0,0.0,0.0,6,21.0,0,1,1,-1.0,0,2.0,3.0,,,69.0,215.0,31.887888888888888,10.0,Alabama,2011.0,2011.0,NO,28.0,-15.0,0.04
2021,4,00-0027966,M.Ingram,RB,HOU,BUF,0,0,0.0,0,0.0,0.0,0.0,6,24.0,0,0,0,0.0,0,2.4,2.4,,,69.0,215.0,31.887888888888888,10.0,Alabama,2011.0,2011.0,NO,28.0,,
2021,5,00-0027966,M.Ingram,RB,HOU,NE,0,0,0.0,0,0.0,0.0,0.0,16,41.0,0,0,0,0.0,0,4.1,4.1,,,69.0,215.0,31.887888888888888,10.0,Alabama,2011.0,2011.0,NO,28.0,-3.0,
2021,6,00-0027966,M.Ingram,RB,HOU,IND,0,0,0.0,0,0.0,0.0,0.0,18,73.0,0,2,2,8.0,0,8.1,10.1,,,69.0,215.0,31.887888888888888,10.0,Alabama,2011.0,2011.0,NO,28.0,,0.04761905
2021,7,00-0027966,M.Ingram,RB,HOU,ARI,0,0,0.0,0,0.0,0.0,0.0,6,9.0,0,3,3,18.0,0,2.7,5.7,,,69.0,215.0,31.887888888888888,10.0,Alabama,2011.0,2011.0,NO,28.0,,0.09677419
2021,8,00-0027966,M.Ingram,RB,NO,TB,0,0,0.0,0,0.0,0.0,0.0,6,27.0,0,2,2,25.0,0,5.2,7.2,,,69.0,215.0,31.887888888888888,10.0,Alabama,2011.0,2011.0,NO,28.0,9.0,0.057142857
2021,9,00-0027966,M.Ingram,RB,NO,ATL,0,0,0.0,0,0.0,0.0,0.0,9,43.0,0,5,5,21.0,0,6.4,11.4,,,69.0,215.0,31.887888888888888,10.0,Alabama,2011.0,2011.0,NO,28.0,-2.0,0.11904762
2021,10,00-0027966,M.Ingram,RB,NO,TEN,0,0,0.0,0,0.0,0.0,0.0,14,47.0,1,7,4,61.0,0,16.8,20.8,,,69.0,215.0,31.887888888888888,10.0,Alabama,2011.0,2011.0,NO,28.0,,0.2
2021,11,00-0027966,M.Ingram,RB,NO,PHI,0,0,0.0,0,0.0,0.0,0.0,16,88.0,0,8,6,25.0,0,9.3,15.3,,,69.0,215.0,31.887888888888888,10.0,Alabama,2011.0,2011.0,NO,28.0,,0.22222222
2021,13,00-0027966,M.Ingram,RB,NO,DAL,0,0,0.0,0,0.0,0.0,0.0,10,28.0,0,2,1,-2.0,0,2.6,3.6,,,69.0,215.0,31.887888888888888,10.0,Alabama,2011.0,2011.0,NO,28.0,-10.0,0.048780486
2021,15,00-0027966,M.Ingram,RB,NO,TB,0,0,0.0,0,0.0,0.0,0.0,9,10.0,0,2,2,8.0,0,1.8,3.8,,,69.0,215.0,31.887888888888888,10.0,Alabama,2011.0,2011.0,NO,28.0,,0.08
2021,16,00-0027966,M.Ingram,RB,NO,MIA,0,0,0.0,0,0.0,0.0,0.0,4,17.0,0,0,0,0.0,0,1.7,1.7,,,69.0,215.0,31.887888888888888,10.0,Alabama,2011.0,2011.0,NO,28.0,-17.0,
2021,1,00-0027973,A.Dalton,QB,CHI,LA,27,38,206.0,0,1.0,3.0,28.0,2,13.0,0,0,0,0.0,0,5.54,5.54,,,74.0,220.0,34.034882352941175,10.0,Texas Christian,2011.0,2011.0,CIN,35.0,,
2021,2,00-0027973,A.Dalton,QB,CHI,CIN,9,11,56.0,1,0.0,1.0,8.0,2,25.0,0,0,0,0.0,0,8.74,8.74,,,74.0,220.0,34.034882352941175,10.0,Texas Christian,2011.0,2011.0,CIN,35.0,3.0,
2021,5,00-0027973,A.Dalton,QB,CHI,LV,1,1,8.0,0,0.0,0.0,-0.0,0,0.0,0,0,0,0.0,0,0.32,0.32,,,74.0,220.0,34.034882352941175,10.0,Texas Christian,2011.0,2011.0,CIN,35.0,,
2021,11,00-0027973,A.Dalton,QB,CHI,BAL,11,23,201.0,2,0.0,1.0,18.0,0,0.0,0,0,0,0.0,0,16.04,16.04,,,74.0,220.0,34.034882352941175,10.0,Texas Christian,2011.0,2011.0,CIN,35.0,-3.0,
2021,12,00-0027973,A.Dalton,QB,CHI,DET,24,39,317.0,1,1.0,1.0,7.0,6,11.0,0,0,0,0.0,0,15.78,15.78,,,74.0,220.0,34.034882352941175,10.0,Texas Christian,2011.0,2011.0,CIN,35.0,,
2021,13,00-0027973,A.Dalton,QB,CHI,ARI,26,41,229.0,2,4.0,3.0,12.0,2,6.0,0,0,0,0.0,0,11.76,11.76,,,74.0,220.0,34.034882352941175,10.0,Texas Christian,2011.0,2011.0,CIN,35.0,-11.0,
2021,17,00-0027973,A.Dalton,QB,CHI,NYG,18,35,173.0,1,1.0,2.0,11.0,3,14.0,0,0,0,0.0,0,10.32,10.32,,,74.0,220.0,34.034882352941175,10.0,Texas Christian,2011.0,2011.0,CIN,35.0,26.0,
2021,18,00-0027973,A.Dalton,QB,CHI,MIN,33,48,325.0,1,2.0,7.0,59.0,1,7.0,0,0,0,0.0,0,15.7,15.7,,,74.0,220.0,34.034882352941175,10.0,Texas Christian,2011.0,2011.0,CIN,35.0,,
2021,1,00-0027981,K.Rudolph,TE,NYG,DEN,0,0,0.0,0,0.0,0.0,0.0,0,0.0,0,5,2,8.0,0,0.8,2.8,,,78.0,265.0,32.003470588235295,10.0,Notre Dame,2011.0,2011.0,MIN,43.0,-14.0,0.1388889
2021,2,00-0027981,K.Rudolph,TE,NYG,WAS,0,0,0.0,0,0.0,0.0,0.0,0,0.0,0,2,2,25.0,0,2.5,4.5,,,78.0,265.0,32.003470588235295,10.0,Notre Dame,2011.0,2011.0,MIN,43.0,,0.0625
2021,4,00-0027981,K.Rudolph,TE,NYG,NO,0,0,0.0,0,0.0,0.0,0.0,0,0.0,0,3,2,24.0,0,2.4,4.4,,,78.0,265.0,32.003470588235295,10.0,Notre Dame,2011.0,2011.0,MIN,43.0,,0.083333336
2021,5,00-0027981,K.Rudolph,TE,NYG,DAL,0,0,0.0,0,0.0,0.0,0.0,0,0.0,0,1,1,14.0,0,1.4,2.4,,,78.0,265.0,32.003470588235295,10.0,Notre Dame,2011.0,2011.0,MIN,43.0,,0.027027028
2021,6,00-0027981,K.Rudolph,TE,NYG,LA,0,0,0.0,0,0.0,0.0,0.0,0,0.0,0,2,1,8.0,0,2.8,3.8,,,78.0,265.0,32.003470588235295,10.0,Notre Dame,2011.0,2011.0,MIN,43.0,-27.0,0.041666668
2021,7,00-0027981,K.Rudolph,TE,NYG,CAR,0,0,0.0,0,0.0,0.0,0.0,0,0.0,0,2,2,8.0,0,0.8,2.8,,,78.0,265.0,32.003470588235295,10.0,Notre Dame,2011.0,2011.0,MIN,43.0,22.0,0.060606062
2021,8,00-0027981,K.Rudolph,TE,NYG,KC,0,0,0.0,0,0.0,0.0,0.0,0,0.0,0,3,2,12.0,1,7.2,9.2,,,78.0,265.0,32.003470588235295,10.0,Notre Dame,2011.0,2011.0,MIN,43.0,,0.09090909
2021,9,00-0027981,K.Rudolph,TE,NYG,LV,0,0,0.0,0,0.0,0.0,0.0,0,0.0,0,5,4,20.0,0,2.0,6.0,,,78.0,265.0,32.003470588235295,10.0,Notre Dame,2011.0,2011.0,MIN,43.0,7.0,0.2777778
2021,11,00-0027981,K.Rudolph,TE,NYG,TB,0,0,0.0,0,0.0,0.0,0.0,0,0.0,0,1,1,28.0,0,2.8,3.8,,,78.0,265.0,32.003470588235295,10.0,Notre Dame,2011.0,2011.0,MIN,43.0,,0.027027028
2021,13,00-0027981,K.Rudolph,TE,NYG,MIA,0,0,0.0,0,0.0,0.0,0.0,0,0.0,0,4,2,18.0,0,1.8,3.8,,,78.0,265.0,32.003470588235295,10.0,Notre Dame,2011.0,2011.0,MIN,43.0,,0.10526316
2021,14,00-0027981,K.Rudolph,TE,NYG,LAC,0,0,0.0,0,0.0,0.0,0.0,0,0.0,0,2,2,66.0,0,6.6,8.6,,,78.0,265.0,32.003470588235295,10.0,Notre Dame,2011.0,2011.0,MIN,43.0,,0.05882353
2021,15,00-0027981,K.Rudolph,TE,NYG,DAL,0,0,0.0,0,0.0,0.0,0.0,0,0.0,0,1,1,9.0,0,0.9,1.9,,,78.0,265.0,32.003470588235295,10.0,Notre Dame,2011.0,2011.0,MIN,43.0,-15.0,0.027777778
2021,16,00-0027981,K.Rudolph,TE,NYG,PHI,0,0,0.0,0,0.0,0.0,0.0,0,0.0,0,1,0,0.0,0,0.0,0.0,,,78.0,265.0,32.003470588235295,10.0,Notre Dame,2011.0,2011.0,MIN,43.0,,0.024390243
2021,17,00-0027981,K.Rudolph,TE,NYG,CHI,0,0,0.0,0,0.0,0.0,0.0,0,0.0,0,1,0,0.0,0,0.0,0.0,,,78.0,265.0,32.003470588235295,10.0,Notre Dame,2011.0,2011.0,MIN,43.0,,0.09090909
2021,18,00-0027981,K.Rudolph,TE,NYG,WAS,0,0,0.0,0,0.0,0.0,0.0,0,0.0,0,6,4,17.0,0,1.7,5.7,,,78.0,265.0,32.003470588235295,10.0,Notre Dame,2011.0,2011.0,MIN,43.0,-15.0,0.2
2021,1,00-0028002,R.Cobb,WR,GB,NO,0,0,0.0,0,0.0,0.0,0.0,1,1.0,0,1,1,32.0,0,3.3,4.3,,,70.0,192.0,31.227944444444443,10.0,Kentucky,2011.0,2011.0,GB,64.0,,0.030303031
2021,2,00-0028002,R.Cobb,WR,GB,DET,0,0,0.0,0,0.0,0.0,0.0,0,0.0,0,3,3,26.0,0,2.6,5.6,,,70.0,192.0,31.227944444444443,10.0,Kentucky,2011.0,2011.0,GB,64.0,18.0,0.11111111
2021,3,00-0028002,R.Cobb,WR,GB,SF,0,0,0.0,0,0.0,0.0,0.0,0,0.0,0,1,0,0.0,0,0.0,0.0,,,70.0,192.0,31.227944444444443,10.0,Kentucky,2011.0,2011.0,GB,64.0,,0.032258064
2021,4,00-0028002,R.Cobb,WR,GB,PIT,0,0,0.0,0,0.0,0.0,0.0,0,0.0,0,6,5,69.0,2,18.9,23.9,,,70.0,192.0,31.227944444444443,10.0,Kentucky,2011.0,2011.0,GB,64.0,10.0,0.17142858
2021,5,00-0028002,R.Cobb,WR,GB,CIN,0,0,0.0,0,0.0,0.0,0.0,0,0.0,0,3,2,30.0,0,3.0,5.0,,,70.0,192.0,31.227944444444443,10.0,Kentucky,2011.0,2011.0,GB,64.0,,0.08571429
2021,7,00-0028002,R.Cobb,WR,GB,WAS,0,0,0.0,0,0.0,0.0,0.0,0,0.0,0,4,3,22.0,0,2.2,5.2,,,70.0,192.0,31.227944444444443,10.0,Kentucky,2011.0,2011.0,GB,64.0,14.0,0.11764706
2021,8,00-0028002,R.Cobb,WR,GB,ARI,0,0,0.0,0,0.0,0.0,0.0,0,0.0,0,5,3,15.0,2,13.5,16.5,,,70.0,192.0,31.227944444444443,10.0,Kentucky,2011.0,2011.0,GB,64.0,,0.14285715
2021,9,00-0028002,R.Cobb,WR,GB,KC,0,0,0.0,0,0.0,0.0,0.0,0,0.0,0,5,3,50.0,0,5.0,8.0,,,70.0,192.0,31.227944444444443,10.0,Kentucky,2011.0,2011.0,GB,64.0,,0.15625
2021,10,00-0028002,R.Cobb,WR,GB,SEA,0,0,0.0,0,0.0,0.0,0.0,0,0.0,0,4,3,21.0,0,2.1,5.1,,,70.0,192.0,31.227944444444443,10.0,Kentucky,2011.0,2011.0,GB,64.0,17.0,0.114285715
2021,11,00-0028002,R.Cobb,WR,GB,MIN,0,0,0.0,0,0.0,0.0,0.0,0,0.0,0,2,1,15.0,0,1.5,2.5,,,70.0,192.0,31.227944444444443,10.0,Kentucky,2011.0,2011.0,GB,64.0,,0.06451613
2021,12,00-0028002,R.Cobb,WR,GB,LA,0,0,0.0,0,0.0,0.0,0.0,0,0.0,0,5,4,95.0,1,15.5,19.5,,,70.0,192.0,31.227944444444443,10.0,Kentucky,2011.0,2011.0,GB,64.0,8.0,0.11363637
2021,20,00-0028002,R.Cobb,WR,GB,SF,0,0,0.0,0,0.0,0.0,0.0,0,0.0,0,1,0,0.0,0,0.0,0.0,,,70.0,192.0,31.227944444444443,10.0,Kentucky,2011.0,2011.0,GB,64.0,-3.0,0.037037037
2021,8,00-0028042,L.Stocker,TE,MIN,DAL,0,0,0.0,0,0.0,0.0,0.0,0,0.0,0,1,1,7.0,0,0.7,1.7,,,77.0,253.0,33.356846153846156,10.0,Tennessee,2011.0,2011.0,TB,104.0,-4.0,0.030303031
2021,9,00-0028042,L.Stocker,TE,MIN,BAL,0,0,0.0,0,0.0,0.0,0.0,0,0.0,0,1,1,5.0,0,0.5,1.5,,,77.0,253.0,33.356846153846156,10.0,Tennessee,2011.0,2011.0,TB,104.0,,0.035714287
2021,2,00-0028097,L.Smith,TE,ATL,TB,0,0,0.0,0,0.0,0.0,0.0,0,0.0,0,1,1,9.0,0,0.9,1.9,,,78.0,265.0,33.97611764705883,10.0,Marshall,2011.0,2011.0,NE,159.0,,0.020833334
2021,3,00-0028097,L.Smith,TE,ATL,NYG,0,0,0.0,0,0.0,0.0,0.0,0,0.0,0,3,3,7.0,1,6.7,9.7,,,78.0,265.0,33.97611764705883,10.0,Marshall,2011.0,2011.0,NE,159.0,,0.083333336
2021,5,00-0028097,L.Smith,TE,ATL,NYJ,0,0,0.0,0,0.0,0.0,0.0,0,0.0,0,3,3,30.0,0,3.0,6.0,,,78.0,265.0,33.97611764705883,10.0,Marshall,2011.0,2011.0,NE,159.0,7.0,0.06666667
2021,7,00-0028097,L.Smith,TE,ATL,MIA,0,0,0.0,0,0.0,0.0,0.0,0,0.0,0,2,1,7.0,0,0.7,1.7,,,78.0,265.0,33.97611764705883,10.0,Marshall,2011.0,2011.0,NE,159.0,,0.051282052
2021,14,00-0028097,L.Smith,TE,ATL,CAR,0,0,0.0,0,0.0,0.0,0.0,0,0.0,0,1,1,12.0,0,1.2,2.2,,,78.0,265.0,33.97611764705883,10.0,Marshall,2011.0,2011.0,NE,159.0,,0.037037037
2021,15,00-0028097,L.Smith,TE,ATL,SF,0,0,0.0,0,0.0,0.0,0.0,0,0.0,0,1,0,0.0,0,0.0,0.0,,,78.0,265.0,33.97611764705883,10.0,Marshall,2011.0,2011.0,NE,159.0,,0.033333335
2021,1,00-0028118,T.Taylor,QB,HOU,JAX,21,33,291.0,2,0.0,1.0,2.0,4,40.0,0,0,0,0.0,0,23.64,23.64,,,73.0,215.0,32.27141176470588,10.0,Virginia Tech,2011.0,2011.0,BAL,180.0,16.0,
2021,2,00-0028118,T.Taylor,QB,HOU,CLE,10,11,125.0,1,0.0,0.0,-0.0,1,15.0,1,0,0,0.0,0,16.5,16.5,,,73.0,215.0,32.27141176470588,10.0,Virginia Tech,2011.0,2011.0,BAL,180.0,,
2021,9,00-0028118,T.Taylor,QB,HOU,MIA,24,43,240.0,0,3.0,5.0,41.0,3,23.0,0,0,0,0.0,0,5.9,5.9,,,73.0,215.0,32.27141176470588,10.0,Virginia Tech,2011.0,2011.0,BAL,180.0,,
2021,11,00-0028118,T.Taylor,QB,HOU,TEN,14,24,107.0,0,0.0,0.0,-0.0,6,28.0,2,0,0,0.0,0,19.08,19.08,,,73.0,215.0,32.27141176470588,10.0,Virginia Tech,2011.0,2011.0,BAL,180.0,,
2021,12,00-0028118,T.Taylor,QB,HOU,NYJ,17,26,158.0,2,1.0,5.0,52.0,2,30.0,0,0,0,0.0,0,15.32,15.32,,,73.0,215.0,32.27141176470588,10.0,Virginia Tech,2011.0,2011.0,BAL,180.0,-7.0,
2021,13,00-0028118,T.Taylor,QB,HOU,IND,5,13,45.0,0,1.0,2.0,24.0,3,15.0,0,0,0,0.0,0,1.3,1.3,,,73.0,215.0,32.27141176470588,10.0,Virginia Tech,2011.0,2011.0,BAL,180.0,-31.0,
2021,1,00-0028237,C.Hogan,WR,NO,GB,0,0,0.0,0,0.0,0.0,0.0,0,0.0,0,1,1,10.0,1,7.0,8.0,,,73.0,210.0,34.05270588235294,10.0,"Monmouth, N.J.",2011.0,2011.0,,,35.0,0.05
2021,2,00-0028237,C.Hogan,WR,NO,CAR,0,0,0.0,0,0.0,0.0,0.0,0,0.0,0,3,1,16.0,0,1.6,2.6,,,73.0,210.0,34.05270588235294,10.0,"Monmouth, N.J.",2011.0,2011.0,,,,0.14285715
2021,3,00-0028237,C.Hogan,WR,NO,NE,0,0,0.0,0,0.0,0.0,0.0,0,0.0,0,1,0,0.0,0,0.0,0.0,,,73.0,210.0,34.05270588235294,10.0,"Monmouth, N.J.",2011.0,2011.0,,,,0.05
2021,4,00-0028237,C.Hogan,WR,NO,NYG,0,0,0.0,0,0.0,0.0,0.0,0,0.0,0,2,2,15.0,0,1.5,3.5,,,73.0,210.0,34.05270588235294,10.0,"Monmouth, N.J.",2011.0,2011.0,,,-6.0,0.07692308
2021,5,00-0028237,C.Hogan,WR,NO,WAS,0,0,0.0,0,0.0,0.0,0.0,0,0.0,0,1,0,0.0,0,0.0,0.0,,,73.0,210.0,34.05270588235294,10.0,"Monmouth, N.J.",2011.0,2011.0,,,,0.035714287
2021,14,00-0028292,N.Bellore,ILB,SEA,HOU,0,0,0.0,0,0.0,0.0,0.0,0,0.0,0,1,1,4.0,0,0.4,1.4,,,73.0,250.0,32.500352941176466,10.0,Central Michigan,2011.0,2011.0,,,,0.035714287
2021,2,00-0028872,J.Hekker,P,LA,IND,0,0,0.0,0,0.0,0.0,0.0,1,0.0,0,0,0,0.0,0,0.0,0.0,,,77.0,241.0,31.794952380952378,9.0,Oregon State,2012.0,2012.0,,,,
2021,10,00-0028872,J.Hekker,P,LA,SF,1,1,2.0,0,0.0,0.0,-0.0,0,0.0,0,0,0,0.0,0,0.08,0.08,,,77.0,241.0,31.794952380952378,9.0,Oregon State,2012.0,2012.0,,,,
2021,3,00-0028986,C.Keenum,QB,CLE,CHI,0,0,0.0,0,0.0,0.0,0.0,3,0.0,0,0,0,0.0,0,0.0,0.0,,,73.0,215.0,33.72747058823529,9.0,Houston,2012.0,2012.0,,,20.0,
2021,6,00-0028986,C.Keenum,QB,CLE,ARI,1,3,6.0,0,0.0,0.0,-0.0,0,0.0,0,0,0,0.0,0,0.24,0.24,,,73.0,215.0,33.72747058823529,9.0,Houston,2012.0,2012.0,,,-23.0,
2021,7,00-0028986,C.Keenum,QB,CLE,DEN,21,33,199.0,1,0.0,1.0,5.0,4,7.0,0,0,0,0.0,0,12.66,12.66,,,73.0,215.0,33.72747058823529,9.0,Houston,2012.0,2012.0,,,3.0,
2021,10,00-0028986,C.Keenum,QB,CLE,NE,8,12,81.0,0,0.0,3.0,19.0,0,0.0,0,0,0,0.0,0,3.24,3.24,,,73.0,215.0,33.72747058823529,9.0,Houston,2012.0,2012.0,,,,
2021,18,00-0028986,C.Keenum,QB,CLE,CIN,17,24,176.0,2,1.0,1.0,5.0,5,15.0,0,0,0,0.0,0,12.54,12.54,,,73.0,215.0,33.72747058823529,9.0,Houston,2012.0,2012.0,,,5.0,
2021,1,00-0029000,C.Beasley,WR,BUF,PIT,0,0,0.0,0,0.0,0.0,0.0,0,0.0,0,13,8,60.0,0,6.0,14.0,,,68.0,174.0,32.565894736842104,9.0,Southern Methodist,2012.0,2012.0,,,-7.0,0.27083334
2021,2,00-0029000,C.Beasley,WR,BUF,MIA,0,0,0.0,0,0.0,0.0,0.0,0,0.0,0,4,4,36.0,0,3.6,7.6,,,68.0,174.0,32.565894736842104,9.0,Southern Methodist,2012.0,2012.0,,,,0.13793103
2021,3,00-0029000,C.Beasley,WR,BUF,WAS,0,0,0.0,0,0.0,0.0,0.0,0,0.0,0,13,11,98.0,0,9.8,20.8,,,68.0,174.0,32.565894736842104,9.0,Southern Methodist,2012.0,2012.0,,,22.0,0.30232558
2021,4,00-0029000,C.Beasley,WR,BUF,HOU,0,0,0.0,0,0.0,0.0,0.0,0,0.0,0,2,2,16.0,0,1.6,3.6,,,68.0,174.0,32.565894736842104,9.0,Southern Methodist,2012.0,2012.0,,,40.0,0.06451613
2021,5,00-0029000,C.Beasley,WR,BUF,KC,0,0,0.0,0,0.0,0.0,0.0,0,0.0,0,2,1,5.0,0,0.5,1.5,,,68.0,174.0,32.565894736842104,9.0,Southern Methodist,2012.0,2012.0,,,,0.083333336
2021,6,00-0029000,C.Beasley,WR,BUF,TEN,0,0,0.0,0,0.0,0.0,0.0,0,0.0,0,9,7,88.0,1,14.8,21.8,,,68.0,174.0,32.565894736842104,9.0,Southern Methodist,2012.0,2012.0,,,,0.2
2021,8,00-0029000,C.Beasley,WR,BUF,MIA,0,1,0.0,0,0.0,0.0,-0.0,0,0.0,0,13,10,110.0,0,11.0,21.0,,,68.0,174.0,32.565894736842104,9.0,Southern Methodist,2012.0,2012.0,,,15.0,0.31707317
2021,9,00-0029000,C.Beasley,WR,BUF,JAX,0,0,0.0,0,0.0,0.0,0.0,0,0.0,0,11,8,33.0,0,3.3,11.3,,,68.0,174.0,32.565894736842104,9.0,Southern Methodist,2012.0,2012.0,,,,0.24444444
2021,10,00-0029000,C.Beasley,WR,BUF,NYJ,0,0,0.0,0,0.0,0.0,0.0,0,0.0,0,2,2,15.0,0,1.5,3.5,,,68.0,174.0,32.565894736842104,9.0,Southern Methodist,2012.0,2012.0,,,,0.071428575
2021,11,00-0029000,C.Beasley,WR,BUF,IND,0,0,0.0,0,0.0,0.0,0.0,0,0.0,0,5,4,23.0,0,2.3,6.3,,,68.0,174.0,32.565894736842104,9.0,Southern Methodist,2012.0,2012.0,,,-26.0,0.12820514
2021,12,00-0029000,C.Beasley,WR,BUF,NO,0,0,0.0,0,0.0,0.0,0.0,0,0.0,0,5,5,46.0,0,4.6,9.6,,,68.0,174.0,32.565894736842104,9.0,Southern Methodist,2012.0,2012.0,,,,0.1923077
2021,13,00-0029000,C.Beasley,WR,BUF,NE,0,0,0.0,0,0.0,0.0,0.0,0,0.0,0,3,1,11.0,0,1.1,2.1,,,68.0,174.0,32.565894736842104,9.0,Southern Methodist,2012.0,2012.0,,,-4.0,0.1
2021,14,00-0029000,C.Beasley,WR,BUF,TB,0,0,0.0,0,0.0,0.0,0.0,0,0.0,0,11,9,64.0,0,6.4,15.4,,,68.0,174.0,32.565894736842104,9.0,Southern Methodist,2012.0,2012.0,,,,0.21568628
2021,15,00-0029000,C.Beasley,WR,BUF,CAR,0,0,0.0,0,0.0,0.0,0.0,0,0.0,0,8,4,35.0,0,3.5,7.5,,,68.0,174.0,32.565894736842104,9.0,Southern Methodist,2012.0,2012.0,,,17.0,0.2580645
2021,17,00-0029000,C.Beasley,WR,BUF,ATL,0,0,0.0,0,0.0,0.0,0.0,0,0.0,0,6,2,22.0,0,4.2,6.2,,,68.0,174.0,32.565894736842104,9.0,Southern Methodist,2012.0,2012.0,,,14.0,0.25
2021,18,00-0029000,C.Beasley,WR,BUF,NYJ,0,0,0.0,0,0.0,0.0,0.0,0,0.0,0,5,4,31.0,0,3.1,7.1,,,68.0,174.0,32.565894736842104,9.0,Southern Methodist,2012.0,2012.0,,,17.0,0.11111111
2021,19,00-0029000,C.Beasley,WR,BUF,NE,0,0,0.0,0,0.0,0.0,0.0,0,0.0,0,1,1,19.0,0,1.9,2.9,,,68.0,174.0,32.565894736842104,9.0,Southern Methodist,2012.0,2012.0,,,30.0,0.04
2021,20,00-0029000,C.Beasley,WR,BUF,KC,0,0,0.0,0,0.0,0.0,0.0,0,0.0,0,8,6,60.0,0,6.0,12.0,,,68.0,174.0,32.565894736842104,9.0,Southern Methodist,2012.0,2012.0,,,,0.21621622
2021,2,00-0029119,D.Carrier,TE,LV,PIT,0,0,0.0,0,0.0,0.0,0.0,0,0.0,0,2,2,13.0,0,1.3,3.3,,,75.0,240.0,31.309222222222225,9.0,Beloit,2012.0,2012.0,,,,0.054054055
2021,1,00-0029164,M.Remmers,T,KC,CLE,0,0,0.0,0,0.0,0.0,0.0,0,0.0,0,1,1,-2.0,0,-0.2,0.8,,,77.0,310.0,32.612,9.0,Oregon State,2012.0,2012.0,,,4.0,0.029411765
2021,1,00-0029239,B.Bolden,RB,NE,MIA,0,0,0.0,0,0.0,0.0,0.0,1,5.0,0,0,0,0.0,0,0.5,0.5,,,71.0,220.0,31.795166666666667,9.0,Mississippi,2012.0,2012.0,,,-1.0,
2021,3,00-0029239,B.Bolden,RB,NE,NO,0,0,0.0,0,0.0,0.0,0.0,3,-1.0,0,4,3,23.0,0,2.2,5.2,,,71.0,220.0,31.795166666666667,9.0,Mississippi,2012.0,2012.0,,,-15.0,0.078431375
2021,4,00-0029239,B.Bolden,RB,NE,TB,0,0,0.0,0,0.0,0.0,0.0,1,0.0,0,6,6,51.0,0,5.1,11.1,,,71.0,220.0,31.795166666666667,9.0,Mississippi,2012.0,2012.0,,,-2.0,0.14285715
2021,5,00-0029239,B.Bolden,RB,NE,HOU,0,0,0.0,0,0.0,0.0,0.0,2,25.0,0,4,4,6.0,0,3.1,7.1,,,71.0,220.0,31.795166666666667,9.0,Mississippi,2012.0,2012.0,,,,0.14285715
2021,6,00-0029239,B.Bolden,RB,NE,DAL,0,0,0.0,0,0.0,0.0,0.0,1,-1.0,0,1,1,3.0,0,0.2,1.2,,,71.0,220.0,31.795166666666667,9.0,Mississippi,2012.0,2012.0,,,-6.0,0.04761905
2021,7,00-0029239,B.Bolden,RB,NE,NYJ,0,0,0.0,0,0.0,0.0,0.0,2,0.0,0,7,6,79.0,1,13.9,19.9,,,71.0,220.0,31.795166666666667,9.0,Mississippi,2012.0,2012.0,,,41.0,0.175
2021,8,00-0029239,B.Bolden,RB,NE,LAC,0,0,0.0,0,0.0,0.0,0.0,4,26.0,0,0,0,0.0,0,2.6,2.6,,,71.0,220.0,31.795166666666667,9.0,Mississippi,2012.0,2012.0,,,,
2021,9,00-0029239,B.Bolden,RB,NE,CAR,0,0,0.0,0,0.0,0.0,0.0,8,54.0,0,2,2,27.0,0,8.1,10.1,,,71.0,220.0,31.795166666666667,9.0,Mississippi,2012.0,2012.0,,,,0.11111111
2021,10,00-0029239,B.Bolden,RB,NE,CLE,0,0,0.0,0,0.0,0.0,0.0,3,32.0,0,3,3,38.0,0,7.0,10.0,,,71.0,220.0,31.795166666666667,9.0,Mississippi,2012.0,2012.0,,,38.0,0.12
2021,11,00-0029239,B.Bolden,RB,NE,ATL,0,0,0.0,0,0.0,0.0,0.0,1,1.0,0,2,2,15.0,0,1.6,3.6,,,71.0,220.0,31.795166666666667,9.0,Mississippi,2012.0,2012.0,,,,0.07692308
2021,12,00-0029239,B.Bolden,RB,NE,TEN,0,0,0.0,0,0.0,0.0,0.0,0,0.0,0,4,4,54.0,0,5.4,9.4,,,71.0,220.0,31.795166666666667,9.0,Mississippi,2012.0,2012.0,,,23.0,0.125
2021,13,00-0029239,B.Bolden,RB,NE,BUF,0,0,0.0,0,0.0,0.0,0.0,4,28.0,0,1,1,7.0,0,5.5,6.5,,,71.0,220.0,31.795166666666667,9.0,Mississippi,2012.0,2012.0,,,,0.33333334
2021,15,00-0029239,B.Bolden,RB,NE,IND,0,0,0.0,0,0.0,0.0,0.0,4,3.0,0,5,3,41.0,0,4.4,7.4,,,71.0,220.0,31.795166666666667,9.0,Mississippi,2012.0,2012.0,,,,0.11363637
2021,16,00-0029239,B.Bolden,RB,NE,BUF,0,0,0.0,0,0.0,0.0,0.0,2,4.0,0,5,2,20.0,0,2.4,4.4,,,71.0,220.0,31.795166666666667,9.0,Mississippi,2012.0,2012.0,,,-12.0,0.16129032
2021,17,00-0029239,B.Bolden,RB,NE,JAX,0,0,0.0,0,0.0,0.0,0.0,1,4.0,0,3,2,21.0,0,2.5,4.5,,,71.0,220.0,31.795166666666667,9.0,Mississippi,2012.0,2012.0,,,40.0,0.09090909
2021,18,00-0029239,B.Bolden,RB,NE,MIA,0,0,0.0,0,0.0,0.0,0.0,7,46.0,1,2,2,20.0,1,18.6,20.6,,,71.0,220.0,31.795166666666667,9.0,Mississippi,2012.0,2012.0,,,,0.06666667
2021,19,00-0029239,B.Bolden,RB,NE,BUF,0,0,0.0,0,0.0,0.0,0.0,0,0.0,0,6,4,27.0,0,2.7,6.7,,,71.0,220.0,31.795166666666667,9.0,Mississippi,2012.0,2012.0,,,,0.17142858
2021,1,00-0029263,R.Wilson,QB,SEA,IND,18,23,254.0,4,0.0,3.0,13.0,5,9.0,0,0,0,0.0,0,27.06,27.06,,,71.0,215.0,32.94935294117647,9.0,Wisconsin,2012.0,2012.0,SEA,75.0,,
2021,2,00-0029263,R.Wilson,QB,SEA,TEN,22,31,343.0,2,0.0,3.0,23.0,3,16.0,0,0,0,0.0,0,23.32,23.32,,,71.0,215.0,32.94935294117647,9.0,Wisconsin,2012.0,2012.0,SEA,75.0,-3.0,
2021,3,00-0029263,R.Wilson,QB,SEA,MIN,23,32,298.0,1,0.0,2.0,15.0,3,7.0,0,0,0,0.0,0,16.62,16.62,,,71.0,215.0,32.94935294117647,9.0,Wisconsin,2012.0,2012.0,SEA,75.0,,
2021,4,00-0029263,R.Wilson,QB,SEA,SF,16,23,149.0,2,0.0,3.0,20.0,4,26.0,1,0,0,0.0,0,22.56,22.56,,,71.0,215.0,32.94935294117647,9.0,Wisconsin,2012.0,2012.0,SEA,75.0,,
2021,5,00-0029263,R.Wilson,QB,SEA,LA,11,16,152.0,1,1.0,2.0,21.0,2,10.0,0,0,0,0.0,0,9.08,9.08,,,71.0,215.0,32.94935294117647,9.0,Wisconsin,2012.0,2012.0,SEA,75.0,-9.0,
2021,10,00-0029263,R.Wilson,QB,SEA,GB,20,40,161.0,0,2.0,3.0,28.0,5,32.0,0,0,0,0.0,0,5.64,5.64,,,71.0,215.0,32.94935294117647,9.0,Wisconsin,2012.0,2012.0,SEA,75.0,,
2021,11,00-0029263,R.Wilson,QB,SEA,ARI,14,26,207.0,0,0.0,4.0,27.0,2,2.0,0,0,0,0.0,0,8.48,8.48,,,71.0,215.0,32.94935294117647,9.0,Wisconsin,2012.0,2012.0,SEA,75.0,-10.0,
2021,12,00-0029263,R.Wilson,QB,SEA,WAS,20,31,247.0,2,0.0,2.0,14.0,2,16.0,0,0,0,0.0,0,19.48,19.48,,,71.0,215.0,32.94935294117647,9.0,Wisconsin,2012.0,2012.0,SEA,75.0,,
2021,13,00-0029263,R.Wilson,QB,SEA,SF,30,37,231.0,2,1.0,4.0,50.0,3,15.0,0,0,0,0.0,0,16.74,16.74,,,71.0,215.0,32.94935294117647,9.0,Wisconsin,2012.0,2012.0,SEA,75.0,7.0,
2021,14,00-0029263,R.Wilson,QB,SEA,HOU,17,28,260.0,2,0.0,0.0,-0.0,2,8.0,0,0,0,0.0,0,21.2,21.2,,,71.0,215.0,32.94935294117647,9.0,Wisconsin,2012.0,2012.0,SEA,75.0,,
2021,15,00-0029263,R.Wilson,QB,SEA,LA,17,31,156.0,0,1.0,3.0,22.0,0,0.0,0,0,0,0.0,0,4.24,4.24,,,71.0,215.0,32.94935294117647,9.0,Wisconsin,2012.0,2012.0,SEA,75.0,,
2021,16,00-0029263,R.Wilson,QB,SEA,CHI,16,27,181.0,2,0.0,2.0,20.0,2,13.0,0,0,0,0.0,0,16.54,16.54,,,71.0,215.0,32.94935294117647,9.0,Wisconsin,2012.0,2012.0,SEA,75.0,-1.0,
2021,17,00-0029263,R.Wilson,QB,SEA,DET,20,29,236.0,4,0.0,1.0,4.0,6,24.0,0,0,0,0.0,0,27.84,27.84,,,71.0,215.0,32.94935294117647,9.0,Wisconsin,2012.0,2012.0,SEA,75.0,22.0,
2021,18,00-0029263,R.Wilson,QB,SEA,ARI,15,26,238.0,3,1.0,1.0,9.0,4,5.0,1,0,0,0.0,0,24.02,24.02,,,71.0,215.0,32.94935294117647,9.0,Wisconsin,2012.0,2012.0,SEA,75.0,,
2021,5,00-0029269,T.Benjamin,WR,SF,ARI,0,0,0.0,0,0.0,0.0,0.0,0,0.0,0,3,0,0.0,0,0.0,0.0,,,70.0,175.0,31.900350000000003,9.0,Miami,2012.0,2012.0,CLE,100.0,,0.10714286
2021,14,00-0029269,T.Benjamin,WR,SF,CIN,0,0,0.0,0,0.0,0.0,0.0,0,0.0,0,1,0,0.0,0,0.0,0.0,,,70.0,175.0,31.900350000000003,9.0,Miami,2012.0,2012.0,CLE,100.0,,0.027027028
2021,18,00-0029269,T.Benjamin,WR,SF,LA,0,0,0.0,0,0.0,0.0,0.0,0,0.0,0,1,0,0.0,0,0.0,0.0,,,70.0,175.0,31.900350000000003,9.0,Miami,2012.0,2012.0,CLE,100.0,,0.03125
2021,19,00-0029269,T.Benjamin,WR,SF,DAL,0,0,0.0,0,0.0,0.0,0.0,0,0.0,0,1,1,17.0,0,1.7,2.7,,,70.0,175.0,31.900350000000003,9.0,Miami,2012.0,2012.0,CLE,100.0,,0.04
2021,21,00-0029269,T.Benjamin,WR,SF,LA,0,0,0.0,0,0.0,0.0,0.0,0,0.0,0,1,0,0.0,0,0.0,0.0,,,70.0,175.0,31.900350000000003,9.0,Miami,2012.0,2012.0,CLE,100.0,,0.03448276
2021,1,00-0029293,M.Jones,WR,JAX,HOU,0,0,0.0,0,0.0,0.0,0.0,0,0.0,0,9,5,77.0,1,13.7,18.7,,,74.0,198.0,31.66970588235294,9.0,California,2012.0,2012.0,CIN,166.0,,0.18
2021,2,00-0029293,M.Jones,WR,JAX,DEN,0,0,0.0,0,0.0,0.0,0.0,0,0.0,0,11,6,55.0,1,11.5,17.5,,,74.0,198.0,31.66970588235294,9.0,California,2012.0,2012.0,CIN,166.0,-10.0,0.33333334
2021,3,00-0029293,M.Jones,WR,JAX,ARI,0,0,0.0,0,0.0,0.0,0.0,0,0.0,0,8,6,62.0,0,6.2,12.2,,,74.0,198.0,31.66970588235294,9.0,California,2012.0,2012.0,CIN,166.0,-12.0,0.25
2021,4,00-0029293,M.Jones,WR,JAX,CIN,0,0,0.0,0,0.0,0.0,0.0,0,0.0,0,3,3,24.0,0,2.4,5.4,,,74.0,198.0,31.66970588235294,9.0,California,2012.0,2012.0,CIN,166.0,,0.13636364
2021,5,00-0029293,M.Jones,WR,JAX,TEN,0,0,0.0,0,0.0,0.0,0.0,0,0.0,0,6,1,25.0,0,2.5,3.5,,,74.0,198.0,31.66970588235294,9.0,California,2012.0,2012.0,CIN,166.0,-18.0,0.18181819
2021,6,00-0029293,M.Jones,WR,JAX,MIA,0,0,0.0,0,0.0,0.0,0.0,0,0.0,0,10,7,100.0,1,16.0,23.0,,,74.0,198.0,31.66970588235294,9.0,California,2012.0,2012.0,CIN,166.0,3.0,0.25
2021,8,00-0029293,M.Jones,WR,JAX,SEA,0,0,0.0,0,0.0,0.0,0.0,0,0.0,0,8,5,35.0,0,3.5,8.5,,,74.0,198.0,31.66970588235294,9.0,California,2012.0,2012.0,CIN,166.0,,0.15384616
2021,9,00-0029293,M.Jones,WR,JAX,BUF,0,0,0.0,0,0.0,0.0,0.0,0,0.0,0,5,3,21.0,0,2.1,5.1,,,74.0,198.0,31.66970588235294,9.0,California,2012.0,2012.0,CIN,166.0,3.0,0.18518518
2021,10,00-0029293,M.Jones,WR,JAX,IND,0,0,0.0,0,0.0,0.0,0.0,0,0.0,0,6,2,35.0,0,3.5,5.5,,,74.0,198.0,31.66970588235294,9.0,California,2012.0,2012.0,CIN,166.0,,0.17142858
2021,11,00-0029293,M.Jones,WR,JAX,SF,0,0,0.0,0,0.0,0.0,0.0,0,0.0,0,6,4,52.0,0,5.2,9.2,,,74.0,198.0,31.66970588235294,9.0,California,2012.0,2012.0,CIN,166.0,-20.0,0.25
2021,12,00-0029293,M.Jones,WR,JAX,ATL,0,0,0.0,0,0.0,0.0,0.0,0,0.0,0,7,4,43.0,0,4.3,8.3,,,74.0,198.0,31.66970588235294,9.0,California,2012.0,2012.0,CIN,166.0,-7.0,0.17073171
2021,13,00-0029293,M.Jones,WR,JAX,LA,0,0,0.0,0,0.0,0.0,0.0,0,0.0,0,3,2,11.0,0,1.1,3.1,,,74.0,198.0,31.66970588235294,9.0,California,2012.0,2012.0,CIN,166.0,,0.10714286
2021,14,00-0029293,M.Jones,WR,JAX,TEN,0,0,0.0,0,0.0,0.0,0.0,0,0.0,0,7,6,70.0,0,7.0,13.0,,,74.0,198.0,31.66970588235294,9.0,California,2012.0,2012.0,CIN,166.0,,0.1891892
2021,15,00-0029293,M.Jones,WR,JAX,HOU,0,0,0.0,0,0.0,0.0,0.0,0,0.0,0,4,2,14.0,0,1.4,3.4,,,74.0,198.0,31.66970588235294,9.0,California,2012.0,2012.0,CIN,166.0,-14.0,0.11111111
2021,16,00-0029293,M.Jones,WR,JAX,NYJ,0,0,0.0,0,0.0,0.0,0.0,0,0.0,0,13,8,74.0,0,7.4,15.4,,,74.0,198.0,31.66970588235294,9.0,California,2012.0,2012.0,CIN,166.0,,0.37142858
2021,17,00-0029293,M.Jones,WR,JAX,NE,0,0,0.0,0,0.0,0.0,0.0,0,0.0,0,6,2,46.0,0,4.6,6.6,,,74.0,198.0,31.66970588235294,9.0,California,2012.0,2012.0,CIN,166.0,,0.23076923
2021,18,00-0029293,M.Jones,WR,JAX,IND,0,0,0.0,0,0.0,0.0,0.0,0,0.0,0,8,7,88.0,1,14.8,21.8,,,74.0,198.0,31.66970588235294,9.0,California,2012.0,2012.0,CIN,166.0,15.0,0.25
2021,16,00-0029567,N.Foles,QB,CHI,SEA,24,35,250.0,1,0.0,4.0,21.0,4,8.0,0,0,0,0.0,0,16.8,16.8,,,78.0,243.0,32.8055294117647,9.0,Arizona,2012.0,2012.0,PHI,88.0,,
2021,1,00-0029604,K.Cousins,QB,MIN,CIN,36,49,351.0,2,0.0,3.0,26.0,0,0.0,0,0,0,0.0,0,22.04,22.04,,,75.0,202.0,33.23047058823529,9.0,Michigan State,2012.0,2012.0,WAS,102.0,,
2021,2,00-0029604,K.Cousins,QB,MIN,ARI,22,32,244.0,3,0.0,1.0,2.0,2,35.0,0,0,0,0.0,0,25.26,25.26,,,75.0,202.0,33.23047058823529,9.0,Michigan State,2012.0,2012.0,WAS,102.0,,
2021,3,00-0029604,K.Cousins,QB,MIN,SEA,30,38,323.0,3,0.0,1.0,10.0,1,2.0,0,0,0,0.0,0,25.12,25.12,,,75.0,202.0,33.23047058823529,9.0,Michigan State,2012.0,2012.0,WAS,102.0,13.0,
2021,4,00-0029604,K.Cousins,QB,MIN,CLE,20,38,203.0,1,1.0,2.0,13.0,2,0.0,0,0,0,0.0,0,10.12,10.12,,,75.0,202.0,33.23047058823529,9.0,Michigan State,2012.0,2012.0,WAS,102.0,-7.0,
2021,5,00-0029604,K.Cousins,QB,MIN,DET,25,34,275.0,1,1.0,2.0,11.0,1,4.0,0,0,0,0.0,0,13.4,13.4,,,75.0,202.0,33.23047058823529,9.0,Michigan State,2012.0,2012.0,WAS,102.0,2.0,
2021,6,00-0029604,K.Cousins,QB,MIN,CAR,33,48,373.0,3,0.0,0.0,-0.0,2,16.0,0,0,0,0.0,0,28.52,28.52,,,75.0,202.0,33.23047058823529,9.0,Michigan State,2012.0,2012.0,WAS,102.0,,
2021,8,00-0029604,K.Cousins,QB,MIN,DAL,23,35,184.0,1,0.0,1.0,7.0,3,18.0,0,0,0,0.0,0,13.16,13.16,,,75.0,202.0,33.23047058823529,9.0,Michigan State,2012.0,2012.0,WAS,102.0,-4.0,
2021,9,00-0029604,K.Cousins,QB,MIN,BAL,17,28,187.0,2,0.0,0.0,-0.0,1,1.0,1,0,0,0.0,0,21.58,21.58,,,75.0,202.0,33.23047058823529,9.0,Michigan State,2012.0,2012.0,WAS,102.0,,
2021,10,00-0029604,K.Cousins,QB,MIN,LAC,25,37,294.0,2,0.0,2.0,16.0,4,-3.0,0,0,0,0.0,0,17.46,17.46,,,75.0,202.0,33.23047058823529,9.0,Michigan State,2012.0,2012.0,WAS,102.0,,
2021,11,00-0029604,K.Cousins,QB,MIN,GB,24,35,341.0,3,0.0,2.0,23.0,2,-4.0,0,0,0,0.0,0,25.24,25.24,,,75.0,202.0,33.23047058823529,9.0,Michigan State,2012.0,2012.0,WAS,102.0,3.0,
2021,12,00-0029604,K.Cousins,QB,MIN,SF,20,32,238.0,2,1.0,1.0,6.0,0,0.0,0,0,0,0.0,0,15.52,15.52,,,75.0,202.0,33.23047058823529,9.0,Michigan State,2012.0,2012.0,WAS,102.0,,
2021,13,00-0029604,K.Cousins,QB,MIN,DET,30,40,340.0,2,0.0,3.0,14.0,2,6.0,0,0,0,0.0,0,20.2,20.2,,,75.0,202.0,33.23047058823529,9.0,Michigan State,2012.0,2012.0,WAS,102.0,,
2021,14,00-0029604,K.Cousins,QB,MIN,PIT,14,31,216.0,2,2.0,0.0,-0.0,2,14.0,0,0,0,0.0,0,14.04,14.04,,,75.0,202.0,33.23047058823529,9.0,Michigan State,2012.0,2012.0,WAS,102.0,8.0,
2021,15,00-0029604,K.Cousins,QB,MIN,CHI,12,24,87.0,2,1.0,4.0,26.0,2,10.0,0,0,0,0.0,0,10.48,10.48,,,75.0,202.0,33.23047058823529,9.0,Michigan State,2012.0,2012.0,WAS,102.0,,
2021,16,00-0029604,K.Cousins,QB,MIN,LA,27,38,315.0,1,1.0,3.0,20.0,4,17.0,0,0,0,0.0,0,16.3,16.3,,,75.0,202.0,33.23047058823529,9.0,Michigan State,2012.0,2012.0,WAS,102.0,-7.0,
2021,18,00-0029604,K.Cousins,QB,MIN,CHI,14,22,250.0,3,0.0,3.0,23.0,1,-1.0,0,0,0,0.0,0,21.9,21.9,,,75.0,202.0,33.23047058823529,9.0,Michigan State,2012.0,2012.0,WAS,102.0,14.0,
2021,6,00-0029608,T.Hilton,WR,IND,HOU,0,0,0.0,0,0.0,0.0,0.0,0,0.0,0,4,4,80.0,0,8.0,12.0,,,70.0,183.0,31.98470588235294,9.0,Florida International,2012.0,2012.0,IND,92.0,28.0,0.22222222
2021,8,00-0029608,T.Hilton,WR,IND,TEN,0,0,0.0,0,0.0,0.0,0.0,0,0.0,0,5,2,16.0,0,1.6,3.6,,,70.0,183.0,31.98470588235294,9.0,Florida International,2012.0,2012.0,IND,92.0,-3.0,0.104166664
2021,10,00-0029608,T.Hilton,WR,IND,JAX,0,0,0.0,0,0.0,0.0,0.0,0,0.0,0,5,1,5.0,0,0.5,1.5,,,70.0,183.0,31.98470588235294,9.0,Florida International,2012.0,2012.0,IND,92.0,6.0,0.15151516
2021,11,00-0029608,T.Hilton,WR,IND,BUF,0,0,0.0,0,0.0,0.0,0.0,0,0.0,0,2,2,26.0,0,2.6,4.6,,,70.0,183.0,31.98470588235294,9.0,Florida International,2012.0,2012.0,IND,92.0,,0.1
2021,12,00-0029608,T.Hilton,WR,IND,TB,0,0,0.0,0,0.0,0.0,0.0,0,0.0,0,5,4,28.0,1,8.8,12.8,,,70.0,183.0,31.98470588235294,9.0,Florida International,2012.0,2012.0,IND,92.0,-7.0,0.11627907
2021,13,00-0029608,T.Hilton,WR,IND,HOU,0,0,0.0,0,0.0,0.0,0.0,0,0.0,0,2,2,22.0,0,2.2,4.2,,,70.0,183.0,31.98470588235294,9.0,Florida International,2012.0,2012.0,IND,92.0,,0.09090909
2021,15,00-0029608,T.Hilton,WR,IND,NE,0,0,0.0,0,0.0,0.0,0.0,0,0.0,0,1,1,19.0,0,1.9,2.9,,,70.0,183.0,31.98470588235294,9.0,Florida International,2012.0,2012.0,IND,92.0,10.0,0.083333336
2021,16,00-0029608,T.Hilton,WR,IND,ARI,0,0,0.0,0,0.0,0.0,0.0,0,0.0,0,5,4,51.0,1,11.1,15.1,,,70.0,183.0,31.98470588235294,9.0,Florida International,2012.0,2012.0,IND,92.0,,0.17857143
2021,17,00-0029608,T.Hilton,WR,IND,LV,0,0,0.0,0,0.0,0.0,0.0,0,0.0,0,3,1,45.0,1,10.5,11.5,,,70.0,183.0,31.98470588235294,9.0,Florida International,2012.0,2012.0,IND,92.0,-3.0,0.125
2021,18,00-0029608,T.Hilton,WR,IND,JAX,0,0,0.0,0,0.0,0.0,0.0,0,0.0,0,5,2,39.0,0,3.9,5.9,,,70.0,183.0,31.98470588235294,9.0,Florida International,2012.0,2012.0,IND,92.0,,0.1724138
2021,1,00-0029632,M.Sanu,WR,SF,DET,0,0,0.0,0,0.0,0.0,0.0,0,0.0,0,1,1,7.0,0,0.7,1.7,,,74.0,215.0,32.2535,9.0,Rutgers,2012.0,2012.0,CIN,83.0,,0.04347826
2021,2,00-0029632,M.Sanu,WR,SF,PHI,0,0,0.0,0,0.0,0.0,0.0,0,0.0,0,1,0,0.0,0,0.0,0.0,,,74.0,215.0,32.2535,9.0,Rutgers,2012.0,2012.0,CIN,83.0,,0.033333335
2021,3,00-0029632,M.Sanu,WR,SF,GB,0,0,0.0,0,0.0,0.0,0.0,0,0.0,0,6,3,36.0,0,3.6,6.6,,,74.0,215.0,32.2535,9.0,Rutgers,2012.0,2012.0,CIN,83.0,-2.0,0.15789473
2021,4,00-0029632,M.Sanu,WR,SF,SEA,0,0,0.0,0,0.0,0.0,0.0,0,0.0,0,5,4,35.0,0,3.5,7.5,,,74.0,215.0,32.2535,9.0,Rutgers,2012.0,2012.0,CIN,83.0,-7.0,0.12820514
2021,5,00-0029632,M.Sanu,WR,SF,ARI,0,0,0.0,0,0.0,0.0,0.0,0,0.0,0,3,2,19.0,0,1.9,3.9,,,74.0,215.0,32.2535,9.0,Rutgers,2012.0,2012.0,CIN,83.0,,0.10714286
2021,7,00-0029632,M.Sanu,WR,SF,IND,0,0,0.0,0,0.0,0.0,0.0,0,0.0,0,1,1,16.0,0,1.6,2.6,,,74.0,215.0,32.2535,9.0,Rutgers,2012.0,2012.0,CIN,83.0,-12.0,0.037037037
2021,8,00-0029632,M.Sanu,WR,SF,CHI,0,0,0.0,0,0.0,0.0,0.0,0,0.0,0,4,3,59.0,0,5.9,8.9,,,74.0,215.0,32.2535,9.0,Rutgers,2012.0,2012.0,CIN,83.0,,0.14814815
2021,9,00-0029632,M.Sanu,WR,SF,ARI,0,0,0.0,0,0.0,0.0,0.0,0,0.0,0,3,1,5.0,0,0.5,1.5,,,74.0,215.0,32.2535,9.0,Rutgers,2012.0,2012.0,CIN,83.0,-14.0,0.07692308
2021,5,00-0029664,J.Gordon,WR,KC,BUF,0,0,0.0,0,0.0,0.0,0.0,0,0.0,0,1,1,11.0,0,1.1,2.1,,,75.0,225.0,30.63805882352941,9.0,Baylor,2012.0,2012.0,CLE,34.0,-18.0,0.02
2021,7,00-0029664,J.Gordon,WR,KC,TEN,0,0,0.0,0,0.0,0.0,0.0,0,0.0,0,1,0,0.0,0,0.0,0.0,,,75.0,225.0,30.63805882352941,9.0,Baylor,2012.0,2012.0,CLE,34.0,,0.020833334
2021,8,00-0029664,J.Gordon,WR,KC,NYG,0,0,0.0,0,0.0,0.0,0.0,0,0.0,0,1,0,0.0,0,0.0,0.0,,,75.0,225.0,30.63805882352941,9.0,Baylor,2012.0,2012.0,CLE,34.0,3.0,0.023255814
2021,9,00-0029664,J.Gordon,WR,KC,GB,0,0,0.0,0,0.0,0.0,0.0,0,0.0,0,1,0,0.0,0,0.0,0.0,,,75.0,225.0,30.63805882352941,9.0,Baylor,2012.0,2012.0,CLE,34.0,6.0,0.027777778
2021,11,00-0029664,J.Gordon,WR,KC,DAL,0,0,0.0,0,0.0,0.0,0.0,0,0.0,0,2,1,7.0,0,0.7,1.7,,,75.0,225.0,30.63805882352941,9.0,Baylor,2012.0,2012.0,CLE,34.0,10.0,0.060606062
2021,14,00-0029664,J.Gordon,WR,KC,LV,0,0,0.0,0,0.0,0.0,0.0,0,0.0,0,3,2,9.0,1,6.9,8.9,,,75.0,225.0,30.63805882352941,9.0,Baylor,2012.0,2012.0,CLE,34.0,39.0,0.13636364
2021,16,00-0029664,J.Gordon,WR,KC,PIT,0,0,0.0,0,0.0,0.0,0.0,0,0.0,0,3,0,0.0,0,0.0,0.0,,,75.0,225.0,30.63805882352941,9.0,Baylor,2012.0,2012.0,CLE,34.0,26.0,0.10344828
2021,17,00-0029664,J.Gordon,WR,KC,CIN,0,0,0.0,0,0.0,0.0,0.0,0,0.0,0,1,1,5.0,0,0.5,1.5,,,75.0,225.0,30.63805882352941,9.0,Baylor,2012.0,2012.0,CLE,34.0,,0.029411765
2021,18,00-0029664,J.Gordon,WR,KC,DEN,0,0,0.0,0,0.0,0.0,0.0,0,0.0,0,1,0,0.0,0,0.0,0.0,,,75.0,225.0,30.63805882352941,9.0,Baylor,2012.0,2012.0,CLE,34.0,,0.023809524
2021,19,00-0029692,B.Anger,P,DAL,SF,1,1,16.0,0,0.0,0.0,-0.0,0,0.0,0,0,0,0.0,0,0.64,0.64,,,75.0,205.0,33.10788888888889,9.0,California,2012.0,2012.0,JAX,70.0,-6.0,
2021,1,00-0029701,R.Tannehill,QB,TEN,ARI,21,35,212.0,1,1.0,6.0,56.0,2,17.0,1,0,0,0.0,0,14.18,14.18,,,76.0,207.0,33.29783333333333,9.0,Texas A&amp;M,2012.0,2012.0,MIA,8.0,-25.0,
2021,2,00-0029701,R.Tannehill,QB,TEN,SEA,27,40,347.0,0,0.0,3.0,27.0,4,27.0,0,0,0,0.0,0,14.58,14.58,,,76.0,207.0,33.29783333333333,9.0,Texas A&amp;M,2012.0,2012.0,MIA,8.0,,
2021,3,00-0029701,R.Tannehill,QB,TEN,IND,18,27,197.0,3,2.0,1.0,9.0,5,56.0,0,0,0,0.0,0,21.48,21.48,,,76.0,207.0,33.29783333333333,9.0,Texas A&amp;M,2012.0,2012.0,MIA,8.0,9.0,
2021,4,00-0029701,R.Tannehill,QB,TEN,NYJ,30,49,298.0,1,0.0,7.0,45.0,3,9.0,0,0,0,0.0,0,18.82,18.82,,,76.0,207.0,33.29783333333333,9.0,Texas A&amp;M,2012.0,2012.0,MIA,8.0,,
2021,5,00-0029701,R.Tannehill,QB,TEN,JAX,14,22,197.0,1,0.0,3.0,13.0,3,21.0,0,0,0,0.0,0,13.98,13.98,,,76.0,207.0,33.29783333333333,9.0,Texas A&amp;M,2012.0,2012.0,MIA,8.0,,
2021,6,00-0029701,R.Tannehill,QB,TEN,BUF,18,29,216.0,0,1.0,0.0,-0.0,2,3.0,1,0,0,0.0,0,12.94,12.94,,,76.0,207.0,33.29783333333333,9.0,Texas A&amp;M,2012.0,2012.0,MIA,8.0,3.0,
2021,7,00-0029701,R.Tannehill,QB,TEN,KC,21,27,270.0,1,1.0,1.0,9.0,2,6.0,1,0,0,0.0,0,19.4,19.4,,,76.0,207.0,33.29783333333333,9.0,Texas A&amp;M,2012.0,2012.0,MIA,8.0,24.0,
2021,8,00-0029701,R.Tannehill,QB,TEN,IND,23,33,265.0,3,2.0,3.0,18.0,2,26.0,0,0,0,0.0,0,21.2,21.2,,,76.0,207.0,33.29783333333333,9.0,Texas A&amp;M,2012.0,2012.0,MIA,8.0,,
2021,9,00-0029701,R.Tannehill,QB,TEN,LA,19,27,143.0,1,1.0,3.0,18.0,2,3.0,1,0,0,0.0,0,14.02,14.02,,,76.0,207.0,33.29783333333333,9.0,Texas A&amp;M,2012.0,2012.0,MIA,8.0,,
2021,10,00-0029701,R.Tannehill,QB,TEN,NO,19,27,213.0,1,0.0,2.0,15.0,5,1.0,1,0,0,0.0,0,18.62,18.62,,,76.0,207.0,33.29783333333333,9.0,Texas A&amp;M,2012.0,2012.0,MIA,8.0,2.0,
2021,11,00-0029701,R.Tannehill,QB,TEN,HOU,35,52,323.0,2,4.0,2.0,6.0,2,3.0,0,0,0,0.0,0,13.22,13.22,,,76.0,207.0,33.29783333333333,9.0,Texas A&amp;M,2012.0,2012.0,MIA,8.0,-9.0,
2021,12,00-0029701,R.Tannehill,QB,TEN,NE,11,21,93.0,1,1.0,2.0,8.0,5,24.0,0,0,0,0.0,0,8.12,8.12,,,76.0,207.0,33.29783333333333,9.0,Texas A&amp;M,2012.0,2012.0,MIA,8.0,,
2021,14,00-0029701,R.Tannehill,QB,TEN,JAX,20,31,191.0,0,0.0,4.0,30.0,4,29.0,1,0,0,0.0,0,16.54,16.54,,,76.0,207.0,33.29783333333333,9.0,Texas A&amp;M,2012.0,2012.0,MIA,8.0,20.0,
2021,15,00-0029701,R.Tannehill,QB,TEN,PIT,23,32,153.0,0,1.0,4.0,36.0,5,18.0,1,0,0,0.0,0,9.92,9.92,,,76.0,207.0,33.29783333333333,9.0,Texas A&amp;M,2012.0,2012.0,MIA,8.0,,
2021,16,00-0029701,R.Tannehill,QB,TEN,SF,22,29,209.0,1,0.0,4.0,21.0,3,22.0,0,0,0,0.0,0,14.56,14.56,,,76.0,207.0,33.29783333333333,9.0,Texas A&amp;M,2012.0,2012.0,MIA,8.0,3.0,
2021,17,00-0029701,R.Tannehill,QB,TEN,MIA,13,18,120.0,2,0.0,1.0,10.0,4,7.0,0,0,0,0.0,0,13.5,13.5,,,76.0,207.0,33.29783333333333,9.0,Texas A&amp;M,2012.0,2012.0,MIA,8.0,31.0,
2021,18,00-0029701,R.Tannehill,QB,TEN,HOU,23,32,287.0,4,0.0,1.0,6.0,2,-2.0,0,0,0,0.0,0,27.28,27.28,,,76.0,207.0,33.29783333333333,9.0,Texas A&amp;M,2012.0,2012.0,MIA,8.0,,
2021,20,00-0029701,R.Tannehill,QB,TEN,CIN,15,24,220.0,1,3.0,1.0,7.0,3,12.0,0,0,0,0.0,0,8.0,8.0,,,76.0,207.0,33.29783333333333,9.0,Texas A&amp;M,2012.0,2012.0,MIA,8.0,-3.0,
2021,1,00-0029738,D.Fells,TE,DET,SF,0,0,0.0,0,0.0,0.0,0.0,0,0.0,0,1,1,2.0,0,0.2,1.2,,,79.0,270.0,35.5761052631579,8.0,California-Irvine,2013.0,2013.0,,,-8.0,0.017857144
2021,3,00-0029738,D.Fells,TE,DET,BAL,0,0,0.0,0,0.0,0.0,0.0,0,0.0,0,3,2,35.0,0,3.5,5.5,,,79.0,270.0,35.5761052631579,8.0,California-Irvine,2013.0,2013.0,,,-2.0,0.10714286
2021,7,00-0029738,D.Fells,TE,DET,LA,0,0,0.0,0,0.0,0.0,0.0,0,0.0,0,1,1,6.0,0,0.6,1.6,,,79.0,270.0,35.5761052631579,8.0,California-Irvine,2013.0,2013.0,,,,0.03125
2021,17,00-0029747,C.Banjo,FS,ARI,DAL,1,1,23.0,0,0.0,0.0,-0.0,0,0.0,0,0,0,0.0,0,0.92,0.92,,,70.0,207.0,31.712833333333336,8.0,Southern Methodist,2013.0,2013.0,,,,
2021,1,00-0029892,K.Juszczyk,FB,SF,DET,0,0,0.0,0,0.0,0.0,0.0,0,0.0,0,1,1,7.0,0,0.7,1.7,,,73.0,240.0,30.58605,8.0,Harvard,2013.0,2013.0,BAL,130.0,,0.04347826
2021,2,00-0029892,K.Juszczyk,FB,SF,PHI,0,0,0.0,0,0.0,0.0,0.0,1,2.0,0,3,2,15.0,0,1.7,3.7,,,73.0,240.0,30.58605,8.0,Harvard,2013.0,2013.0,BAL,130.0,,0.1
2021,3,00-0029892,K.Juszczyk,FB,SF,GB,0,0,0.0,0,0.0,0.0,0.0,5,14.0,0,4,4,37.0,1,11.1,15.1,,,73.0,240.0,30.58605,8.0,Harvard,2013.0,2013.0,BAL,130.0,-2.0,0.10526316
2021,4,00-0029892,K.Juszczyk,FB,SF,SEA,0,0,0.0,0,0.0,0.0,0.0,0,0.0,0,4,4,41.0,0,4.1,8.1,,,73.0,240.0,30.58605,8.0,Harvard,2013.0,2013.0,BAL,130.0,-7.0,0.102564104
2021,5,00-0029892,K.Juszczyk,FB,SF,ARI,0,0,0.0,0,0.0,0.0,0.0,1,0.0,0,4,3,35.0,0,3.5,6.5,,,73.0,240.0,30.58605,8.0,Harvard,2013.0,2013.0,BAL,130.0,,0.14285715
2021,8,00-0029892,K.Juszczyk,FB,SF,CHI,0,0,0.0,0,0.0,0.0,0.0,0,0.0,0,2,1,11.0,0,1.1,2.1,,,73.0,240.0,30.58605,8.0,Harvard,2013.0,2013.0,BAL,130.0,,0.074074075
2021,9,00-0029892,K.Juszczyk,FB,SF,ARI,0,0,0.0,0,0.0,0.0,0.0,0,0.0,0,2,2,14.0,0,1.4,3.4,,,73.0,240.0,30.58605,8.0,Harvard,2013.0,2013.0,BAL,130.0,-14.0,0.051282052
2021,10,00-0029892,K.Juszczyk,FB,SF,LA,0,0,0.0,0,0.0,0.0,0.0,0,0.0,0,1,1,6.0,0,0.6,1.6,,,73.0,240.0,30.58605,8.0,Harvard,2013.0,2013.0,BAL,130.0,21.0,0.05263158
2021,11,00-0029892,K.Juszczyk,FB,SF,JAX,0,0,0.0,0,0.0,0.0,0.0,0,0.0,0,2,1,7.0,0,0.7,1.7,,,73.0,240.0,30.58605,8.0,Harvard,2013.0,2013.0,BAL,130.0,,0.1
2021,12,00-0029892,K.Juszczyk,FB,SF,MIN,0,0,0.0,0,0.0,0.0,0.0,0,0.0,0,2,2,37.0,0,3.7,5.7,,,73.0,240.0,30.58605,8.0,Harvard,2013.0,2013.0,BAL,130.0,8.0,0.07692308
2021,13,00-0029892,K.Juszczyk,FB,SF,SEA,0,0,0.0,0,0.0,0.0,0.0,0,0.0,0,3,2,21.0,0,2.1,4.1,,,73.0,240.0,30.58605,8.0,Harvard,2013.0,2013.0,BAL,130.0,,0.1
2021,14,00-0029892,K.Juszczyk,FB,SF,CIN,0,0,0.0,0,0.0,0.0,0.0,0,0.0,0,2,1,5.0,0,0.5,1.5,,,73.0,240.0,30.58605,8.0,Harvard,2013.0,2013.0,BAL,130.0,,0.054054055
2021,15,00-0029892,K.Juszczyk,FB,SF,ATL,0,0,0.0,0,0.0,0.0,0.0,1,6.0,1,1,1,6.0,0,7.2,8.2,,,73.0,240.0,30.58605,8.0,Harvard,2013.0,2013.0,BAL,130.0,18.0,0.041666668
2021,16,00-0029892,K.Juszczyk,FB,SF,TEN,0,0,0.0,0,0.0,0.0,0.0,0,0.0,0,5,3,45.0,0,4.5,7.5,,,73.0,240.0,30.58605,8.0,Harvard,2013.0,2013.0,BAL,130.0,,0.14285715
2021,17,00-0029892,K.Juszczyk,FB,SF,HOU,0,0,0.0,0,0.0,0.0,0.0,0,0.0,0,2,2,9.0,0,0.9,2.9,,,73.0,240.0,30.58605,8.0,Harvard,2013.0,2013.0,BAL,130.0,16.0,0.08695652
2021,19,00-0029892,K.Juszczyk,FB,SF,DAL,0,0,0.0,0,0.0,0.0,0.0,0,0.0,0,3,2,15.0,0,1.5,3.5,,,73.0,240.0,30.58605,8.0,Harvard,2013.0,2013.0,BAL,130.0,,0.12
2021,20,00-0029892,K.Juszczyk,FB,SF,GB,0,0,0.0,0,0.0,0.0,0.0,2,14.0,0,0,0,0.0,0,1.4,1.4,,,73.0,240.0,30.58605,8.0,Harvard,2013.0,2013.0,BAL,130.0,,
2021,21,00-0029892,K.Juszczyk,FB,SF,LA,0,0,0.0,0,0.0,0.0,0.0,1,0.0,0,0,0,0.0,0,0.0,0.0,,,73.0,240.0,30.58605,8.0,Harvard,2013.0,2013.0,BAL,130.0,,
2021,1,00-0030035,A.Thielen,WR,MIN,CIN,0,0,0.0,0,0.0,0.0,0.0,0,0.0,0,10,9,92.0,2,21.2,30.2,,,74.0,200.0,31.22358823529412,8.0,Minn. State-Mankato,2013.0,2013.0,,,,0.21276596
2021,2,00-0030035,A.Thielen,WR,MIN,ARI,0,0,0.0,0,0.0,0.0,0.0,0,0.0,0,7,6,39.0,1,9.9,15.9,,,74.0,200.0,31.22358823529412,8.0,Minn. State-Mankato,2013.0,2013.0,,,,0.21875
2021,3,00-0030035,A.Thielen,WR,MIN,SEA,0,0,0.0,0,0.0,0.0,0.0,0,0.0,0,9,6,50.0,1,11.0,17.0,,,74.0,200.0,31.22358823529412,8.0,Minn. State-Mankato,2013.0,2013.0,,,13.0,0.23684211
2021,4,00-0030035,A.Thielen,WR,MIN,CLE,0,0,0.0,0,0.0,0.0,0.0,0,0.0,0,8,3,46.0,0,4.6,7.6,,,74.0,200.0,31.22358823529412,8.0,Minn. State-Mankato,2013.0,2013.0,,,-7.0,0.22222222
2021,5,00-0030035,A.Thielen,WR,MIN,DET,0,0,0.0,0,0.0,0.0,0.0,0,0.0,0,3,2,40.0,0,4.0,6.0,,,74.0,200.0,31.22358823529412,8.0,Minn. State-Mankato,2013.0,2013.0,,,2.0,0.09677419
2021,6,00-0030035,A.Thielen,WR,MIN,CAR,0,0,0.0,0,0.0,0.0,0.0,1,2.0,0,13,11,126.0,1,18.8,29.8,,,74.0,200.0,31.22358823529412,8.0,Minn. State-Mankato,2013.0,2013.0,,,,0.2888889
2021,8,00-0030035,A.Thielen,WR,MIN,DAL,0,0,0.0,0,0.0,0.0,0.0,0,0.0,0,9,6,78.0,1,13.8,19.8,,,74.0,200.0,31.22358823529412,8.0,Minn. State-Mankato,2013.0,2013.0,,,-4.0,0.27272728
2021,9,00-0030035,A.Thielen,WR,MIN,BAL,0,0,0.0,0,0.0,0.0,0.0,0,0.0,0,7,2,6.0,1,6.6,8.6,,,74.0,200.0,31.22358823529412,8.0,Minn. State-Mankato,2013.0,2013.0,,,,0.25
2021,10,00-0030035,A.Thielen,WR,MIN,LAC,0,0,0.0,0,0.0,0.0,0.0,0,0.0,0,7,5,65.0,0,6.5,11.5,,,74.0,200.0,31.22358823529412,8.0,Minn. State-Mankato,2013.0,2013.0,,,,0.2
2021,11,00-0030035,A.Thielen,WR,MIN,GB,0,0,0.0,0,0.0,0.0,0.0,0,0.0,0,10,8,82.0,1,14.2,22.2,,,74.0,200.0,31.22358823529412,8.0,Minn. State-Mankato,2013.0,2013.0,,,3.0,0.29411766
2021,12,00-0030035,A.Thielen,WR,MIN,SF,0,0,0.0,0,0.0,0.0,0.0,0,0.0,0,7,5,62.0,2,18.2,23.2,,,74.0,200.0,31.22358823529412,8.0,Minn. State-Mankato,2013.0,2013.0,,,,0.21875
2021,13,00-0030035,A.Thielen,WR,MIN,DET,0,0,0.0,0,0.0,0.0,0.0,0,0.0,0,2,1,0.0,0,0.0,1.0,,,74.0,200.0,31.22358823529412,8.0,Minn. State-Mankato,2013.0,2013.0,,,,0.048780486
2021,16,00-0030035,A.Thielen,WR,MIN,LA,0,0,0.0,0,0.0,0.0,0.0,0,0.0,0,3,3,40.0,0,4.0,7.0,,,74.0,200.0,31.22358823529412,8.0,Minn. State-Mankato,2013.0,2013.0,,,-7.0,0.08571429
2021,1,00-0030061,Z.Ertz,TE,PHI,ATL,0,0,0.0,0,0.0,0.0,0.0,0,0.0,0,2,2,34.0,0,3.4,5.4,,,77.0,250.0,31.008888888888887,8.0,Stanford,2013.0,2013.0,PHI,35.0,,0.0625
2021,2,00-0030061,Z.Ertz,TE,PHI,SF,0,0,0.0,0,0.0,0.0,0.0,0,0.0,0,2,1,6.0,0,0.6,1.6,,,77.0,250.0,31.008888888888887,8.0,Stanford,2013.0,2013.0,PHI,35.0,-6.0,0.083333336
2021,3,00-0030061,Z.Ertz,TE,PHI,DAL,0,0,0.0,0,0.0,0.0,0.0,0,0.0,0,7,4,53.0,1,11.3,15.3,,,77.0,250.0,31.008888888888887,8.0,Stanford,2013.0,2013.0,PHI,35.0,,0.18421052
2021,4,00-0030061,Z.Ertz,TE,PHI,KC,0,0,0.0,0,0.0,0.0,0.0,0,0.0,0,8,6,60.0,0,6.0,12.0,,,77.0,250.0,31.008888888888887,8.0,Stanford,2013.0,2013.0,PHI,35.0,-12.0,0.18181819
2021,5,00-0030061,Z.Ertz,TE,PHI,CAR,0,0,0.0,0,0.0,0.0,0.0,0,0.0,0,6,1,7.0,0,0.7,1.7,,,77.0,250.0,31.008888888888887,8.0,Stanford,2013.0,2013.0,PHI,35.0,,0.1764706
2021,6,00-0030061,Z.Ertz,TE,PHI,TB,0,0,0.0,0,0.0,0.0,0.0,0,0.0,0,6,4,29.0,1,8.9,12.9,,,77.0,250.0,31.008888888888887,8.0,Stanford,2013.0,2013.0,PHI,35.0,-6.0,0.25
2021,7,00-0030061,Z.Ertz,TE,ARI,HOU,0,0,0.0,0,0.0,0.0,0.0,1,4.0,0,5,3,66.0,1,13.0,16.0,,,77.0,250.0,31.008888888888887,8.0,Stanford,2013.0,2013.0,PHI,35.0,26.0,0.17857143
2021,8,00-0030061,Z.Ertz,TE,ARI,GB,0,0,0.0,0,0.0,0.0,0.0,0,0.0,0,4,4,42.0,0,4.2,8.2,,,77.0,250.0,31.008888888888887,8.0,Stanford,2013.0,2013.0,PHI,35.0,-3.0,0.12903225
2021,9,00-0030061,Z.Ertz,TE,ARI,SF,0,0,0.0,0,0.0,0.0,0.0,0,0.0,0,5,3,27.0,0,2.7,5.7,,,77.0,250.0,31.008888888888887,8.0,Stanford,2013.0,2013.0,PHI,35.0,,0.1923077
2021,10,00-0030061,Z.Ertz,TE,ARI,CAR,0,0,0.0,0,0.0,0.0,0.0,0,0.0,0,6,4,46.0,0,4.6,8.6,,,77.0,250.0,31.008888888888887,8.0,Stanford,2013.0,2013.0,PHI,35.0,-24.0,0.20689656
2021,11,00-0030061,Z.Ertz,TE,ARI,SEA,0,0,0.0,0,0.0,0.0,0.0,0,0.0,0,9,8,88.0,2,20.8,28.8,,,77.0,250.0,31.008888888888887,8.0,Stanford,2013.0,2013.0,PHI,35.0,,0.20454545
2021,13,00-0030061,Z.Ertz,TE,ARI,CHI,0,0,0.0,0,0.0,0.0,0.0,0,0.0,0,2,1,10.0,0,1.0,2.0,,,77.0,250.0,31.008888888888887,8.0,Stanford,2013.0,2013.0,PHI,35.0,,0.13333334
2021,14,00-0030061,Z.Ertz,TE,ARI,LA,0,0,0.0,0,0.0,0.0,0.0,0,0.0,0,7,5,42.0,0,4.2,9.2,,,77.0,250.0,31.008888888888887,8.0,Stanford,2013.0,2013.0,PHI,35.0,-7.0,0.14285715
2021,15,00-0030061,Z.Ertz,TE,ARI,DET,0,0,0.0,0,0.0,0.0,0.0,0,0.0,0,11,6,74.0,0,7.4,13.4,,,77.0,250.0,31.008888888888887,8.0,Stanford,2013.0,2013.0,PHI,35.0,,0.22916667
2021,16,00-0030061,Z.Ertz,TE,ARI,IND,0,0,0.0,0,0.0,0.0,0.0,0,0.0,0,13,8,54.0,0,5.4,13.4,,,77.0,250.0,31.008888888888887,8.0,Stanford,2013.0,2013.0,PHI,35.0,-6.0,0.33333334
2021,17,00-0030061,Z.Ertz,TE,ARI,DAL,0,0,0.0,0,0.0,0.0,0.0,0,0.0,0,9,7,41.0,0,4.1,11.1,,,77.0,250.0,31.008888888888887,8.0,Stanford,2013.0,2013.0,PHI,35.0,,0.24324325
2021,18,00-0030061,Z.Ertz,TE,ARI,SEA,0,0,0.0,0,0.0,0.0,0.0,0,0.0,0,10,7,84.0,0,8.4,15.4,,,77.0,250.0,31.008888888888887,8.0,Stanford,2013.0,2013.0,PHI,35.0,-8.0,0.25641027
2021,19,00-0030061,Z.Ertz,TE,ARI,LA,0,0,0.0,0,0.0,0.0,0.0,0,0.0,0,4,3,21.0,0,2.1,5.1,,,77.0,250.0,31.008888888888887,8.0,Stanford,2013.0,2013.0,PHI,35.0,,0.11764706
2021,1,00-0030068,M.Goodwin,WR,CHI,LA,0,0,0.0,0,0.0,0.0,0.0,1,-2.0,0,4,4,45.0,0,4.3,8.3,,,69.0,179.0,30.976764705882353,8.0,Texas,2013.0,2013.0,BUF,78.0,,0.1
2021,2,00-0030068,M.Goodwin,WR,CHI,CIN,0,0,0.0,0,0.0,0.0,0.0,0,0.0,0,3,1,10.0,0,1.0,2.0,,,69.0,179.0,30.976764705882353,8.0,Texas,2013.0,2013.0,BUF,78.0,3.0,0.13043478
2021,3,00-0030068,M.Goodwin,WR,CHI,CLE,0,0,0.0,0,0.0,0.0,0.0,0,0.0,0,1,0,0.0,0,0.0,0.0,,,69.0,179.0,30.976764705882353,8.0,Texas,2013.0,2013.0,BUF,78.0,,0.05
2021,4,00-0030068,M.Goodwin,WR,CHI,DET,0,0,0.0,0,0.0,0.0,0.0,1,1.0,0,2,0,0.0,0,0.1,0.1,,,69.0,179.0,30.976764705882353,8.0,Texas,2013.0,2013.0,BUF,78.0,10.0,0.11764706
2021,5,00-0030068,M.Goodwin,WR,CHI,LV,0,0,0.0,0,0.0,0.0,0.0,0,0.0,0,2,1,8.0,0,0.8,1.8,,,69.0,179.0,30.976764705882353,8.0,Texas,2013.0,2013.0,BUF,78.0,,0.1
2021,6,00-0030068,M.Goodwin,WR,CHI,GB,0,0,0.0,0,0.0,0.0,0.0,0,0.0,0,1,1,12.0,0,1.2,2.2,,,69.0,179.0,30.976764705882353,8.0,Texas,2013.0,2013.0,BUF,78.0,-10.0,0.04
2021,7,00-0030068,M.Goodwin,WR,CHI,TB,0,0,0.0,0,0.0,0.0,0.0,0,0.0,0,4,2,16.0,0,1.6,3.6,,,69.0,179.0,30.976764705882353,8.0,Texas,2013.0,2013.0,BUF,78.0,,0.12903225
2021,8,00-0030068,M.Goodwin,WR,CHI,SF,0,0,0.0,0,0.0,0.0,0.0,0,0.0,0,3,2,32.0,0,3.2,5.2,,,69.0,179.0,30.976764705882353,8.0,Texas,2013.0,2013.0,BUF,78.0,-11.0,0.11111111
2021,9,00-0030068,M.Goodwin,WR,CHI,PIT,0,0,0.0,0,0.0,0.0,0.0,0,0.0,0,4,1,50.0,0,5.0,6.0,,,69.0,179.0,30.976764705882353,8.0,Texas,2013.0,2013.0,BUF,78.0,,0.13793103
2021,11,00-0030068,M.Goodwin,WR,CHI,BAL,0,0,0.0,0,0.0,0.0,0.0,0,0.0,0,8,4,104.0,1,16.4,20.4,,,69.0,179.0,30.976764705882353,8.0,Texas,2013.0,2013.0,BUF,78.0,-3.0,0.24242425
2021,12,00-0030068,M.Goodwin,WR,CHI,DET,0,0,0.0,0,0.0,0.0,0.0,0,0.0,0,1,0,0.0,0,0.0,0.0,,,69.0,179.0,30.976764705882353,8.0,Texas,2013.0,2013.0,BUF,78.0,,0.027027028
2021,16,00-0030068,M.Goodwin,WR,CHI,SEA,0,0,0.0,0,0.0,0.0,0.0,0,0.0,0,2,2,23.0,0,2.3,4.3,,,69.0,179.0,30.976764705882353,8.0,Texas,2013.0,2013.0,BUF,78.0,,0.057142857
2021,17,00-0030068,M.Goodwin,WR,CHI,NYG,0,0,0.0,0,0.0,0.0,0.0,0,0.0,0,2,0,0.0,0,0.0,0.0,,,69.0,179.0,30.976764705882353,8.0,Texas,2013.0,2013.0,BUF,78.0,26.0,0.060606062
2021,18,00-0030068,M.Goodwin,WR,CHI,MIN,0,0,0.0,0,0.0,0.0,0.0,0,0.0,0,3,2,13.0,0,1.3,3.3,,,69.0,179.0,30.976764705882353,8.0,Texas,2013.0,2013.0,BUF,78.0,,0.06521739
2021,3,00-0030085,K.Stills,WR,NO,NE,0,0,0.0,0,0.0,0.0,0.0,0,0.0,0,3,1,17.0,0,1.7,2.7,,,73.0,202.0,29.5673125,8.0,Oklahoma,2013.0,2013.0,NO,144.0,,0.15
2021,4,00-0030085,K.Stills,WR,NO,NYG,0,0,0.0,0,0.0,0.0,0.0,0,0.0,0,1,0,0.0,0,0.0,0.0,,,73.0,202.0,29.5673125,8.0,Oklahoma,2013.0,2013.0,NO,144.0,-6.0,0.03846154
2021,5,00-0030085,K.Stills,WR,NO,WAS,0,0,0.0,0,0.0,0.0,0.0,1,1.0,0,5,2,17.0,0,1.8,3.8,,,73.0,202.0,29.5673125,8.0,Oklahoma,2013.0,2013.0,NO,144.0,,0.17857143
2021,7,00-0030085,K.Stills,WR,NO,SEA,0,0,0.0,0,0.0,0.0,0.0,0,0.0,0,3,0,0.0,0,0.0,0.0,,,73.0,202.0,29.5673125,8.0,Oklahoma,2013.0,2013.0,NO,144.0,,0.09375
2021,9,00-0030085,K.Stills,WR,NO,ATL,0,0,0.0,0,0.0,0.0,0.0,0,0.0,0,5,2,30.0,1,9.0,11.0,,,73.0,202.0,29.5673125,8.0,Oklahoma,2013.0,2013.0,NO,144.0,-2.0,0.11904762
2021,13,00-0030085,K.Stills,WR,NO,DAL,0,0,0.0,0,0.0,0.0,0.0,0,0.0,0,5,0,0.0,0,0.0,0.0,,,73.0,202.0,29.5673125,8.0,Oklahoma,2013.0,2013.0,NO,144.0,-10.0,0.12195122
2021,16,00-0030085,K.Stills,WR,NO,MIA,0,0,0.0,0,0.0,0.0,0.0,0,0.0,0,1,1,4.0,0,0.4,1.4,,,73.0,202.0,29.5673125,8.0,Oklahoma,2013.0,2013.0,NO,144.0,-17.0,0.055555556
2021,1,00-0030108,R.Griffin,TE,NYJ,CAR,0,0,0.0,0,0.0,0.0,0.0,0,0.0,0,6,3,22.0,0,2.2,5.2,,,78.0,255.0,31.835117647058823,8.0,Connecticut,2013.0,2013.0,HOU,201.0,,0.16666667
2021,2,00-0030108,R.Griffin,TE,NYJ,NE,0,0,0.0,0,0.0,0.0,0.0,0,0.0,0,2,2,10.0,0,1.0,3.0,,,78.0,255.0,31.835117647058823,8.0,Connecticut,2013.0,2013.0,HOU,201.0,-19.0,0.060606062
2021,3,00-0030108,R.Griffin,TE,NYJ,DEN,0,0,0.0,0,0.0,0.0,0.0,0,0.0,0,1,1,5.0,0,0.5,1.5,,,78.0,255.0,31.835117647058823,8.0,Connecticut,2013.0,2013.0,HOU,201.0,,0.030303031
2021,4,00-0030108,R.Griffin,TE,NYJ,TEN,0,0,0.0,0,0.0,0.0,0.0,0,0.0,0,4,1,8.0,0,0.8,1.8,,,78.0,255.0,31.835117647058823,8.0,Connecticut,2013.0,2013.0,HOU,201.0,3.0,0.11764706
2021,5,00-0030108,R.Griffin,TE,NYJ,ATL,0,0,0.0,0,0.0,0.0,0.0,0,0.0,0,2,1,4.0,0,0.4,1.4,,,78.0,255.0,31.835117647058823,8.0,Connecticut,2013.0,2013.0,HOU,201.0,,0.06451613
2021,7,00-0030108,R.Griffin,TE,NYJ,NE,0,0,0.0,0,0.0,0.0,0.0,0,0.0,0,2,1,15.0,0,1.5,2.5,,,78.0,255.0,31.835117647058823,8.0,Connecticut,2013.0,2013.0,HOU,201.0,,0.048780486
2021,8,00-0030108,R.Griffin,TE,NYJ,CIN,0,0,0.0,0,0.0,0.0,0.0,0,0.0,0,1,1,7.0,0,0.7,1.7,,,78.0,255.0,31.835117647058823,8.0,Connecticut,2013.0,2013.0,HOU,201.0,3.0,0.020408163
2021,9,00-0030108,R.Griffin,TE,NYJ,IND,0,0,0.0,0,0.0,0.0,0.0,0,0.0,0,7,4,28.0,1,8.8,12.8,,,78.0,255.0,31.835117647058823,8.0,Connecticut,2013.0,2013.0,HOU,201.0,,0.13461539
2021,10,00-0030108,R.Griffin,TE,NYJ,BUF,0,0,0.0,0,0.0,0.0,0.0,0,0.0,0,2,1,21.0,0,2.1,3.1,,,78.0,255.0,31.835117647058823,8.0,Connecticut,2013.0,2013.0,HOU,201.0,-28.0,0.04347826
2021,11,00-0030108,R.Griffin,TE,NYJ,MIA,0,0,0.0,0,0.0,0.0,0.0,0,0.0,0,4,3,39.0,0,3.9,6.9,,,78.0,255.0,31.835117647058823,8.0,Connecticut,2013.0,2013.0,HOU,201.0,-7.0,0.114285715
2021,12,00-0030108,R.Griffin,TE,NYJ,HOU,0,0,0.0,0,0.0,0.0,0.0,0,0.0,0,4,3,20.0,0,2.0,5.0,,,78.0,255.0,31.835117647058823,8.0,Connecticut,2013.0,2013.0,HOU,201.0,,0.17391305
2021,13,00-0030108,R.Griffin,TE,NYJ,PHI,0,0,0.0,0,0.0,0.0,0.0,0,0.0,0,2,2,15.0,1,7.5,9.5,,,78.0,255.0,31.835117647058823,8.0,Connecticut,2013.0,2013.0,HOU,201.0,-15.0,0.055555556
2021,14,00-0030108,R.Griffin,TE,NYJ,NO,0,0,0.0,0,0.0,0.0,0.0,0,0.0,0,3,2,28.0,0,2.8,4.8,,,78.0,255.0,31.835117647058823,8.0,Connecticut,2013.0,2013.0,HOU,201.0,-21.0,0.075
2021,15,00-0030108,R.Griffin,TE,NYJ,MIA,0,0,0.0,0,0.0,0.0,0.0,0,0.0,0,2,2,39.0,0,3.9,5.9,,,78.0,255.0,31.835117647058823,8.0,Connecticut,2013.0,2013.0,HOU,201.0,,0.09090909
2021,1,00-0030155,D.Harris,TE,ARI,TEN,0,0,0.0,0,0.0,0.0,0.0,0,0.0,0,3,0,0.0,0,0.0,0.0,,,79.0,230.0,30.29461111111111,8.0,Wisconsin-Milwaukee,2013.0,2013.0,,,,0.09375
2021,13,00-0030155,D.Harris,TE,ARI,CHI,0,0,0.0,0,0.0,0.0,0.0,0,0.0,0,2,2,7.0,0,0.7,2.7,,,79.0,230.0,30.29461111111111,8.0,Wisconsin-Milwaukee,2013.0,2013.0,,,,0.13333334
2021,16,00-0030155,D.Harris,TE,ARI,IND,0,0,0.0,0,0.0,0.0,0.0,0,0.0,0,1,1,3.0,0,0.3,1.3,,,79.0,230.0,30.29461111111111,8.0,Wisconsin-Milwaukee,2013.0,2013.0,,,-6.0,0.025641026
2021,1,00-0030181,J.Doyle,TE,IND,SEA,0,0,0.0,0,0.0,0.0,0.0,0,0.0,0,4,3,21.0,0,2.1,5.1,,,78.0,262.0,31.513764705882355,8.0,Western Kentucky,2013.0,2013.0,,,-12.0,0.114285715
2021,2,00-0030181,J.Doyle,TE,IND,LA,0,0,0.0,0,0.0,0.0,0.0,0,0.0,0,8,5,64.0,0,8.4,13.4,,,78.0,262.0,31.513764705882355,8.0,Western Kentucky,2013.0,2013.0,,,-3.0,0.22857143
2021,3,00-0030181,J.Doyle,TE,IND,TEN,0,0,0.0,0,0.0,0.0,0.0,0,0.0,0,2,1,10.0,0,1.0,2.0,,,78.0,262.0,31.513764705882355,8.0,Western Kentucky,2013.0,2013.0,,,,0.05882353
2021,4,00-0030181,J.Doyle,TE,IND,MIA,0,0,0.0,0,0.0,0.0,0.0,0,0.0,0,1,1,24.0,0,2.4,3.4,,,78.0,262.0,31.513764705882355,8.0,Western Kentucky,2013.0,2013.0,,,,0.03125
2021,5,00-0030181,J.Doyle,TE,IND,BAL,0,0,0.0,0,0.0,0.0,0.0,0,0.0,0,1,1,4.0,0,0.4,1.4,,,78.0,262.0,31.513764705882355,8.0,Western Kentucky,2013.0,2013.0,,,,0.029411765
2021,6,00-0030181,J.Doyle,TE,IND,HOU,0,0,0.0,0,0.0,0.0,0.0,0,0.0,0,1,0,0.0,0,0.0,0.0,,,78.0,262.0,31.513764705882355,8.0,Western Kentucky,2013.0,2013.0,,,28.0,0.055555556
2021,7,00-0030181,J.Doyle,TE,IND,SF,0,0,0.0,0,0.0,0.0,0.0,0,0.0,0,1,0,0.0,0,0.0,0.0,,,78.0,262.0,31.513764705882355,8.0,Western Kentucky,2013.0,2013.0,,,,0.03846154
2021,8,00-0030181,J.Doyle,TE,IND,TEN,0,0,0.0,0,0.0,0.0,0.0,0,0.0,0,2,2,12.0,1,7.2,9.2,,,78.0,262.0,31.513764705882355,8.0,Western Kentucky,2013.0,2013.0,,,-3.0,0.041666668
2021,9,00-0030181,J.Doyle,TE,IND,NYJ,0,0,0.0,0,0.0,0.0,0.0,0,0.0,0,2,1,1.0,1,6.1,7.1,,,78.0,262.0,31.513764705882355,8.0,Western Kentucky,2013.0,2013.0,,,15.0,0.06896552
2021,10,00-0030181,J.Doyle,TE,IND,JAX,0,0,0.0,0,0.0,0.0,0.0,0,0.0,0,5,3,31.0,0,3.1,6.1,,,78.0,262.0,31.513764705882355,8.0,Western Kentucky,2013.0,2013.0,,,6.0,0.15151516
2021,11,00-0030181,J.Doyle,TE,IND,BUF,0,0,0.0,0,0.0,0.0,0.0,0,0.0,0,5,3,30.0,0,3.0,6.0,,,78.0,262.0,31.513764705882355,8.0,Western Kentucky,2013.0,2013.0,,,,0.25
2021,12,00-0030181,J.Doyle,TE,IND,TB,0,0,0.0,0,0.0,0.0,0.0,0,0.0,0,7,6,81.0,1,14.1,20.1,,,78.0,262.0,31.513764705882355,8.0,Western Kentucky,2013.0,2013.0,,,-7.0,0.1627907
2021,13,00-0030181,J.Doyle,TE,IND,HOU,0,0,0.0,0,0.0,0.0,0.0,0,0.0,0,1,1,13.0,0,1.3,2.3,,,78.0,262.0,31.513764705882355,8.0,Western Kentucky,2013.0,2013.0,,,,0.045454547
2021,15,00-0030181,J.Doyle,TE,IND,NE,0,0,0.0,0,0.0,0.0,0.0,0,0.0,0,1,1,0.0,0,0.0,1.0,,,78.0,262.0,31.513764705882355,8.0,Western Kentucky,2013.0,2013.0,,,10.0,0.083333336
2021,18,00-0030181,J.Doyle,TE,IND,JAX,0,0,0.0,0,0.0,0.0,0.0,0,0.0,0,2,1,11.0,0,1.1,2.1,,,78.0,262.0,31.513764705882355,8.0,Western Kentucky,2013.0,2013.0,,,,0.06896552
2021,1,00-0030279,K.Allen,WR,LAC,WAS,0,0,0.0,0,0.0,0.0,0.0,0,0.0,0,13,9,100.0,0,10.0,19.0,,,74.0,211.0,29.542470588235293,8.0,California,2013.0,2013.0,SD,76.0,,0.2826087
2021,2,00-0030279,K.Allen,WR,LAC,DAL,0,0,0.0,0,0.0,0.0,0.0,0,0.0,0,8,4,108.0,0,10.8,14.8,,,74.0,211.0,29.542470588235293,8.0,California,2013.0,2013.0,SD,76.0,-3.0,0.2
2021,3,00-0030279,K.Allen,WR,LAC,KC,0,0,0.0,0,0.0,0.0,0.0,0,0.0,0,12,8,50.0,1,11.0,19.0,,,74.0,211.0,29.542470588235293,8.0,California,2013.0,2013.0,SD,76.0,,0.34285715
2021,4,00-0030279,K.Allen,WR,LAC,LV,0,0,0.0,0,0.0,0.0,0.0,0,0.0,0,11,7,36.0,0,3.6,10.6,,,74.0,211.0,29.542470588235293,8.0,California,2013.0,2013.0,SD,76.0,14.0,0.28947368
2021,5,00-0030279,K.Allen,WR,LAC,CLE,0,0,0.0,0,0.0,0.0,0.0,0,0.0,0,9,6,75.0,0,7.5,13.5,,,74.0,211.0,29.542470588235293,8.0,California,2013.0,2013.0,SD,76.0,5.0,0.21428572
2021,6,00-0030279,K.Allen,WR,LAC,BAL,0,0,0.0,0,0.0,0.0,0.0,0,0.0,0,5,5,50.0,0,5.0,10.0,,,74.0,211.0,29.542470588235293,8.0,California,2013.0,2013.0,SD,76.0,,0.12820514
2021,8,00-0030279,K.Allen,WR,LAC,NE,0,0,0.0,0,0.0,0.0,0.0,0,0.0,0,11,6,77.0,1,13.7,19.7,,,74.0,211.0,29.542470588235293,8.0,California,2013.0,2013.0,SD,76.0,-3.0,0.32352942
2021,9,00-0030279,K.Allen,WR,LAC,PHI,0,0,0.0,0,0.0,0.0,0.0,0,0.0,0,13,12,104.0,0,10.4,22.4,,,74.0,211.0,29.542470588235293,8.0,California,2013.0,2013.0,SD,76.0,,0.35135135
2021,10,00-0030279,K.Allen,WR,LAC,MIN,0,0,0.0,0,0.0,0.0,0.0,0,0.0,0,11,8,98.0,0,9.8,17.8,,,74.0,211.0,29.542470588235293,8.0,California,2013.0,2013.0,SD,76.0,-7.0,0.33333334
2021,11,00-0030279,K.Allen,WR,LAC,PIT,0,0,0.0,0,0.0,0.0,0.0,0,0.0,0,13,9,112.0,0,11.2,20.2,,,74.0,211.0,29.542470588235293,8.0,California,2013.0,2013.0,SD,76.0,4.0,0.31707317
2021,12,00-0030279,K.Allen,WR,LAC,DEN,0,0,0.0,0,0.0,0.0,0.0,0,0.0,0,10,7,85.0,0,8.5,15.5,,,74.0,211.0,29.542470588235293,8.0,California,2013.0,2013.0,SD,76.0,,0.22727273
2021,13,00-0030279,K.Allen,WR,LAC,CIN,0,0,0.0,0,0.0,0.0,0.0,0,0.0,0,8,5,34.0,2,17.4,22.4,,,74.0,211.0,29.542470588235293,8.0,California,2013.0,2013.0,SD,76.0,,0.22857143
2021,15,00-0030279,K.Allen,WR,LAC,KC,0,1,0.0,0,0.0,0.0,-0.0,0,0.0,0,10,6,78.0,1,13.8,19.8,,,74.0,211.0,29.542470588235293,8.0,California,2013.0,2013.0,SD,76.0,-6.0,0.27027026
2021,16,00-0030279,K.Allen,WR,LAC,HOU,0,0,0.0,0,0.0,0.0,0.0,0,0.0,0,6,4,35.0,0,3.5,7.5,,,74.0,211.0,29.542470588235293,8.0,California,2013.0,2013.0,SD,76.0,,0.1764706
2021,17,00-0030279,K.Allen,WR,LAC,DEN,0,0,0.0,0,0.0,0.0,0.0,0,0.0,0,9,4,44.0,1,10.4,14.4,,,74.0,211.0,29.542470588235293,8.0,California,2013.0,2013.0,SD,76.0,21.0,0.3
2021,18,00-0030279,K.Allen,WR,LAC,LV,0,0,0.0,0,0.0,0.0,0.0,0,0.0,0,8,6,52.0,0,5.2,11.2,,,74.0,211.0,29.542470588235293,8.0,California,2013.0,2013.0,SD,76.0,,0.125
2021,1,00-0030288,R.Burkhead,RB,HOU,JAX,0,0,0.0,0,0.0,0.0,0.0,0,0.0,0,2,1,6.0,0,0.6,1.6,,,70.0,215.0,31.35964705882353,8.0,Nebraska,2013.0,2013.0,CIN,190.0,16.0,0.0625
2021,3,00-0030288,R.Burkhead,RB,HOU,CAR,0,0,0.0,0,0.0,0.0,0.0,0,0.0,0,1,1,5.0,0,0.5,1.5,,,70.0,215.0,31.35964705882353,8.0,Nebraska,2013.0,2013.0,CIN,190.0,-15.0,0.04
2021,4,00-0030288,R.Burkhead,RB,HOU,BUF,0,0,0.0,0,0.0,0.0,0.0,1,-1.0,0,0,0,0.0,0,-0.1,-0.1,,,70.0,215.0,31.35964705882353,8.0,Nebraska,2013.0,2013.0,CIN,190.0,,
2021,6,00-0030288,R.Burkhead,RB,HOU,IND,0,0,0.0,0,0.0,0.0,0.0,0,0.0,0,1,0,0.0,0,0.0,0.0,,,70.0,215.0,31.35964705882353,8.0,Nebraska,2013.0,2013.0,CIN,190.0,,0.023809524
2021,8,00-0030288,R.Burkhead,RB,HOU,LA,0,1,0.0,0,0.0,0.0,-0.0,4,21.0,1,4,3,27.0,0,10.8,13.8,,,70.0,215.0,31.35964705882353,8.0,Nebraska,2013.0,2013.0,CIN,190.0,-16.0,0.11111111
2021,9,00-0030288,R.Burkhead,RB,HOU,MIA,0,0,0.0,0,0.0,0.0,0.0,2,9.0,0,0,0,0.0,0,0.9,0.9,,,70.0,215.0,31.35964705882353,8.0,Nebraska,2013.0,2013.0,CIN,190.0,,
2021,11,00-0030288,R.Burkhead,RB,HOU,TEN,0,0,0.0,0,0.0,0.0,0.0,18,40.0,0,0,0,0.0,0,4.0,4.0,,,70.0,215.0,31.35964705882353,8.0,Nebraska,2013.0,2013.0,CIN,190.0,,
2021,12,00-0030288,R.Burkhead,RB,HOU,NYJ,0,0,0.0,0,0.0,0.0,0.0,12,27.0,0,3,3,27.0,0,5.4,8.4,,,70.0,215.0,31.35964705882353,8.0,Nebraska,2013.0,2013.0,CIN,190.0,-7.0,0.115384616
2021,13,00-0030288,R.Burkhead,RB,HOU,IND,0,0,0.0,0,0.0,0.0,0.0,8,30.0,0,2,1,15.0,0,4.5,5.5,,,70.0,215.0,31.35964705882353,8.0,Nebraska,2013.0,2013.0,CIN,190.0,-31.0,0.07692308
2021,14,00-0030288,R.Burkhead,RB,HOU,SEA,0,0,0.0,0,0.0,0.0,0.0,11,40.0,0,4,4,26.0,0,6.6,10.6,,,70.0,215.0,31.35964705882353,8.0,Nebraska,2013.0,2013.0,CIN,190.0,-20.0,0.083333336
2021,15,00-0030288,R.Burkhead,RB,HOU,JAX,0,0,0.0,0,0.0,0.0,0.0,16,41.0,0,3,1,6.0,0,4.7,5.7,,,70.0,215.0,31.35964705882353,8.0,Nebraska,2013.0,2013.0,CIN,190.0,,0.1
2021,16,00-0030288,R.Burkhead,RB,HOU,LAC,0,0,0.0,0,0.0,0.0,0.0,22,149.0,2,2,2,0.0,0,26.9,28.9,,,70.0,215.0,31.35964705882353,8.0,Nebraska,2013.0,2013.0,CIN,190.0,12.0,0.074074075
2021,17,00-0030288,R.Burkhead,RB,HOU,SF,0,0,0.0,0,0.0,0.0,0.0,16,47.0,0,6,6,32.0,0,7.9,13.9,,,70.0,215.0,31.35964705882353,8.0,Nebraska,2013.0,2013.0,CIN,190.0,,0.2
2021,18,00-0030288,R.Burkhead,RB,HOU,TEN,0,0,0.0,0,0.0,0.0,0.0,12,24.0,0,4,3,42.0,0,6.6,9.6,,,70.0,215.0,31.35964705882353,8.0,Nebraska,2013.0,2013.0,CIN,190.0,-3.0,0.125
2021,1,00-0030431,R.Woods,WR,LA,CHI,0,0,0.0,0,0.0,0.0,0.0,1,7.0,0,4,3,27.0,1,9.4,12.4,,,72.0,193.0,29.62652380952381,8.0,Southern California,2013.0,2013.0,BUF,41.0,20.0,0.15384616
2021,2,00-0030431,R.Woods,WR,LA,IND,0,0,0.0,0,0.0,0.0,0.0,2,6.0,0,9,5,64.0,0,7.0,12.0,,,72.0,193.0,29.62652380952381,8.0,Southern California,2013.0,2013.0,BUF,41.0,,0.31034482
2021,3,00-0030431,R.Woods,WR,LA,TB,0,0,0.0,0,0.0,0.0,0.0,1,5.0,0,6,3,33.0,0,3.8,6.8,,,72.0,193.0,29.62652380952381,8.0,Southern California,2013.0,2013.0,BUF,41.0,10.0,0.15789473
2021,4,00-0030431,R.Woods,WR,LA,ARI,0,0,0.0,0,0.0,0.0,0.0,0,0.0,0,6,4,48.0,1,10.8,14.8,,,72.0,193.0,29.62652380952381,8.0,Southern California,2013.0,2013.0,BUF,41.0,-17.0,0.14634146
2021,5,00-0030431,R.Woods,WR,LA,SEA,0,0,0.0,0,0.0,0.0,0.0,0,0.0,0,14,12,150.0,0,15.0,27.0,,,72.0,193.0,29.62652380952381,8.0,Southern California,2013.0,2013.0,BUF,41.0,,0.4
2021,6,00-0030431,R.Woods,WR,LA,NYG,0,0,0.0,0,0.0,0.0,0.0,0,0.0,0,5,2,31.0,1,9.1,11.1,,,72.0,193.0,29.62652380952381,8.0,Southern California,2013.0,2013.0,BUF,41.0,,0.16666667
2021,7,00-0030431,R.Woods,WR,LA,DET,0,0,0.0,0,0.0,0.0,0.0,0,0.0,0,6,6,70.0,0,9.0,15.0,,,72.0,193.0,29.62652380952381,8.0,Southern California,2013.0,2013.0,BUF,41.0,9.0,0.14634146
2021,8,00-0030431,R.Woods,WR,LA,HOU,0,0,0.0,0,0.0,0.0,0.0,3,22.0,1,9,3,35.0,1,17.7,20.7,,,72.0,193.0,29.62652380952381,8.0,Southern California,2013.0,2013.0,BUF,41.0,,0.2647059
2021,9,00-0030431,R.Woods,WR,LA,TEN,0,0,0.0,0,0.0,0.0,0.0,1,6.0,0,10,7,98.0,0,10.4,17.4,,,72.0,193.0,29.62652380952381,8.0,Southern California,2013.0,2013.0,BUF,41.0,-12.0,0.21276596
2021,1,00-0030456,G.Bernard,RB,TB,DAL,0,0,0.0,0,0.0,0.0,0.0,0,0.0,0,3,2,12.0,0,1.2,3.2,,,69.0,205.0,29.989789473684212,8.0,North Carolina,2013.0,2013.0,CIN,37.0,2.0,0.06666667
2021,2,00-0030456,G.Bernard,RB,TB,ATL,0,0,0.0,0,0.0,0.0,0.0,0,0.0,0,2,2,16.0,0,1.6,3.6,,,69.0,205.0,29.989789473684212,8.0,North Carolina,2013.0,2013.0,CIN,37.0,23.0,0.057142857
2021,3,00-0030456,G.Bernard,RB,TB,LA,0,0,0.0,0,0.0,0.0,0.0,0,0.0,0,10,9,51.0,1,11.1,20.1,,,69.0,205.0,29.989789473684212,8.0,North Carolina,2013.0,2013.0,CIN,37.0,,0.18518518
2021,5,00-0030456,G.Bernard,RB,TB,MIA,0,0,0.0,0,0.0,0.0,0.0,4,21.0,0,2,2,14.0,1,9.5,11.5,,,69.0,205.0,29.989789473684212,8.0,North Carolina,2013.0,2013.0,CIN,37.0,28.0,0.04761905
2021,6,00-0030456,G.Bernard,RB,TB,PHI,0,0,0.0,0,0.0,0.0,0.0,0,0.0,0,2,2,4.0,0,0.4,2.4,,,69.0,205.0,29.989789473684212,8.0,North Carolina,2013.0,2013.0,CIN,37.0,,0.04761905
2021,7,00-0030456,G.Bernard,RB,TB,CHI,0,0,0.0,0,0.0,0.0,0.0,0,0.0,0,3,2,5.0,0,0.5,2.5,,,69.0,205.0,29.989789473684212,8.0,North Carolina,2013.0,2013.0,CIN,37.0,35.0,0.07692308
2021,8,00-0030456,G.Bernard,RB,TB,NO,0,0,0.0,0,0.0,0.0,0.0,2,30.0,0,1,1,7.0,1,9.7,10.7,,,69.0,205.0,29.989789473684212,8.0,North Carolina,2013.0,2013.0,CIN,37.0,,0.024390243
2021,10,00-0030456,G.Bernard,RB,TB,WAS,0,0,0.0,0,0.0,0.0,0.0,1,4.0,0,3,1,4.0,0,0.8,1.8,,,69.0,205.0,29.989789473684212,8.0,North Carolina,2013.0,2013.0,CIN,37.0,,0.09090909
2021,11,00-0030456,G.Bernard,RB,TB,NYG,0,0,0.0,0,0.0,0.0,0.0,0,0.0,0,1,1,3.0,0,0.3,1.3,,,69.0,205.0,29.989789473684212,8.0,North Carolina,2013.0,2013.0,CIN,37.0,20.0,0.021276595
2021,13,00-0030456,G.Bernard,RB,TB,ATL,0,0,0.0,0,0.0,0.0,0.0,1,3.0,0,2,1,7.0,0,1.0,2.0,,,69.0,205.0,29.989789473684212,8.0,North Carolina,2013.0,2013.0,CIN,37.0,,0.039215688
2021,19,00-0030456,G.Bernard,RB,TB,PHI,0,0,0.0,0,0.0,0.0,0.0,13,44.0,1,7,5,39.0,0,14.3,19.3,,,69.0,205.0,29.989789473684212,8.0,North Carolina,2013.0,2013.0,CIN,37.0,16.0,0.19444445
2021,20,00-0030456,G.Bernard,RB,TB,LA,0,0,0.0,0,0.0,0.0,0.0,0,0.0,0,1,0,0.0,0,0.0,0.0,,,69.0,205.0,29.989789473684212,8.0,North Carolina,2013.0,2013.0,CIN,37.0,-3.0,0.018867925
2021,18,00-0030465,K.Barner,RB,TB,CAR,0,0,0.0,0,0.0,0.0,0.0,4,0.0,0,0,0,0.0,0,0.0,0.0,,,69.0,195.0,32.69133333333333,8.0,Oregon,2013.0,2013.0,CAR,182.0,24.0,
2021,4,00-0030496,L.Bell,RB,BAL,DEN,0,0,0.0,0,0.0,0.0,0.0,4,11.0,0,1,0,0.0,0,1.1,1.1,,,73.0,225.0,29.735799999999998,8.0,Michigan State,2013.0,2013.0,PIT,48.0,,0.028571429
2021,6,00-0030496,L.Bell,RB,BAL,LAC,0,0,0.0,0,0.0,0.0,0.0,8,18.0,1,0,0,0.0,0,7.8,7.8,,,73.0,225.0,29.735799999999998,8.0,Michigan State,2013.0,2013.0,PIT,48.0,28.0,
2021,7,00-0030496,L.Bell,RB,BAL,CIN,0,0,0.0,0,0.0,0.0,0.0,5,5.0,0,2,1,-1.0,0,0.4,1.4,,,73.0,225.0,29.735799999999998,8.0,Michigan State,2013.0,2013.0,PIT,48.0,-24.0,0.048780486
2021,9,00-0030496,L.Bell,RB,BAL,MIN,0,0,0.0,0,0.0,0.0,0.0,11,48.0,1,0,0,0.0,0,10.8,10.8,,,73.0,225.0,29.735799999999998,8.0,Michigan State,2013.0,2013.0,PIT,48.0,3.0,
2021,10,00-0030496,L.Bell,RB,BAL,MIA,0,0,0.0,0,0.0,0.0,0.0,3,1.0,0,0,0,0.0,0,0.1,0.1,,,73.0,225.0,29.735799999999998,8.0,Michigan State,2013.0,2013.0,PIT,48.0,,
2021,16,00-0030496,L.Bell,RB,TB,CAR,0,0,0.0,0,0.0,0.0,0.0,2,-1.0,0,0,0,0.0,0,-0.1,-0.1,,,73.0,225.0,29.735799999999998,8.0,Michigan State,2013.0,2013.0,PIT,48.0,,
2021,17,00-0030496,L.Bell,RB,TB,NYJ,0,0,0.0,0,0.0,0.0,0.0,3,5.0,0,3,3,30.0,0,5.5,8.5,,,73.0,225.0,29.735799999999998,8.0,Michigan State,2013.0,2013.0,PIT,48.0,,0.06122449
2021,18,00-0030496,L.Bell,RB,TB,CAR,0,0,0.0,0,0.0,0.0,0.0,3,14.0,0,1,1,1.0,1,7.5,8.5,,,73.0,225.0,29.735799999999998,8.0,Michigan State,2013.0,2013.0,PIT,48.0,24.0,0.02631579
2021,1,00-0030506,T.Kelce,TE,KC,CLE,0,0,0.0,0,0.0,0.0,0.0,0,0.0,0,7,6,76.0,2,19.6,25.6,,,77.0,260.0,32.12735,8.0,Cincinnati,2013.0,2013.0,KC,63.0,4.0,0.20588236
2021,2,00-0030506,T.Kelce,TE,KC,BAL,0,0,0.0,0,0.0,0.0,0.0,0,0.0,0,8,7,109.0,1,16.9,23.9,,,77.0,260.0,32.12735,8.0,Cincinnati,2013.0,2013.0,KC,63.0,,0.26666668
2021,3,00-0030506,T.Kelce,TE,KC,LAC,0,0,0.0,0,0.0,0.0,0.0,0,0.0,0,11,7,104.0,0,10.4,17.4,,,77.0,260.0,32.12735,8.0,Cincinnati,2013.0,2013.0,KC,63.0,-6.0,0.275
2021,4,00-0030506,T.Kelce,TE,KC,PHI,0,0,0.0,0,0.0,0.0,0.0,0,0.0,0,6,4,23.0,0,2.3,6.3,,,77.0,260.0,32.12735,8.0,Cincinnati,2013.0,2013.0,KC,63.0,,0.2
2021,5,00-0030506,T.Kelce,TE,KC,BUF,0,0,0.0,0,0.0,0.0,0.0,0,0.0,0,10,6,57.0,1,11.7,17.7,,,77.0,260.0,32.12735,8.0,Cincinnati,2013.0,2013.0,KC,63.0,-18.0,0.2
2021,6,00-0030506,T.Kelce,TE,KC,WAS,0,0,0.0,0,0.0,0.0,0.0,0,0.0,0,11,8,99.0,0,9.9,17.9,,,77.0,260.0,32.12735,8.0,Cincinnati,2013.0,2013.0,KC,63.0,,0.23913044
2021,7,00-0030506,T.Kelce,TE,KC,TEN,0,0,0.0,0,0.0,0.0,0.0,0,0.0,0,12,7,65.0,0,6.5,13.5,,,77.0,260.0,32.12735,8.0,Cincinnati,2013.0,2013.0,KC,63.0,,0.25
2021,8,00-0030506,T.Kelce,TE,KC,NYG,0,0,0.0,0,0.0,0.0,0.0,0,0.0,0,6,4,27.0,0,0.7,4.7,,,77.0,260.0,32.12735,8.0,Cincinnati,2013.0,2013.0,KC,63.0,3.0,0.13953489
2021,9,00-0030506,T.Kelce,TE,KC,GB,0,0,0.0,0,0.0,0.0,0.0,0,0.0,0,8,5,68.0,1,12.8,17.8,,,77.0,260.0,32.12735,8.0,Cincinnati,2013.0,2013.0,KC,63.0,6.0,0.22222222
2021,10,00-0030506,T.Kelce,TE,KC,LV,0,0,0.0,0,0.0,0.0,0.0,0,0.0,0,10,8,119.0,0,11.9,19.9,,,77.0,260.0,32.12735,8.0,Cincinnati,2013.0,2013.0,KC,63.0,,0.20833333
2021,11,00-0030506,T.Kelce,TE,KC,DAL,0,0,0.0,0,0.0,0.0,0.0,1,4.0,1,8,5,74.0,0,13.8,18.8,,,77.0,260.0,32.12735,8.0,Cincinnati,2013.0,2013.0,KC,63.0,10.0,0.24242425
2021,13,00-0030506,T.Kelce,TE,KC,DEN,0,0,0.0,0,0.0,0.0,0.0,0,0.0,0,8,3,27.0,0,2.7,5.7,,,77.0,260.0,32.12735,8.0,Cincinnati,2013.0,2013.0,KC,63.0,13.0,0.2962963
2021,14,00-0030506,T.Kelce,TE,KC,LV,0,0,0.0,0,0.0,0.0,0.0,0,0.0,0,4,3,27.0,0,2.7,5.7,,,77.0,260.0,32.12735,8.0,Cincinnati,2013.0,2013.0,KC,63.0,39.0,0.18181819
2021,15,00-0030506,T.Kelce,TE,KC,LAC,0,0,0.0,0,0.0,0.0,0.0,0,0.0,0,13,10,191.0,2,31.1,41.1,,,77.0,260.0,32.12735,8.0,Cincinnati,2013.0,2013.0,KC,63.0,,0.2888889
2021,17,00-0030506,T.Kelce,TE,KC,CIN,0,0,0.0,0,0.0,0.0,0.0,1,-1.0,0,7,5,25.0,1,8.4,13.4,,,77.0,260.0,32.12735,8.0,Cincinnati,2013.0,2013.0,KC,63.0,,0.20588236
2021,18,00-0030506,T.Kelce,TE,KC,DEN,0,0,0.0,0,0.0,0.0,0.0,0,0.0,0,5,4,34.0,1,9.4,13.4,,,77.0,260.0,32.12735,8.0,Cincinnati,2013.0,2013.0,KC,63.0,,0.11904762
2021,19,00-0030506,T.Kelce,TE,KC,PIT,1,1,2.0,1,0.0,0.0,-0.0,0,0.0,0,7,5,108.0,1,20.88,25.88,,,77.0,260.0,32.12735,8.0,Cincinnati,2013.0,2013.0,KC,63.0,21.0,0.18421052
2021,20,00-0030506,T.Kelce,TE,KC,BUF,0,0,0.0,0,0.0,0.0,0.0,0,0.0,0,9,8,96.0,1,15.6,23.6,,,77.0,260.0,32.12735,8.0,Cincinnati,2013.0,2013.0,KC,63.0,6.0,0.21428572
2021,21,00-0030506,T.Kelce,TE,KC,CIN,0,0,0.0,0,0.0,0.0,0.0,0,0.0,0,11,10,95.0,1,15.5,25.5,,,77.0,260.0,32.12735,8.0,Cincinnati,2013.0,2013.0,KC,63.0,-3.0,0.2972973
2021,1,00-0030513,L.Murray,RB,BAL,LV,0,0,0.0,0,0.0,0.0,0.0,10,28.0,1,0,0,0.0,0,8.8,8.8,,,75.0,230.0,31.813999999999997,8.0,Central Florida,2013.0,2013.0,OAK,181.0,,
2021,2,00-0030513,L.Murray,RB,BAL,KC,0,0,0.0,0,0.0,0.0,0.0,9,36.0,1,0,0,0.0,0,9.6,9.6,,,75.0,230.0,31.813999999999997,8.0,Central Florida,2013.0,2013.0,OAK,181.0,1.0,
2021,3,00-0030513,L.Murray,RB,BAL,DET,0,0,0.0,0,0.0,0.0,0.0,7,28.0,0,0,0,0.0,0,2.8,2.8,,,75.0,230.0,31.813999999999997,8.0,Central Florida,2013.0,2013.0,OAK,181.0,,
2021,4,00-0030513,L.Murray,RB,BAL,DEN,0,0,0.0,0,0.0,0.0,0.0,18,59.0,1,0,0,0.0,0,11.9,11.9,,,75.0,230.0,31.813999999999997,8.0,Central Florida,2013.0,2013.0,OAK,181.0,,
2021,5,00-0030513,L.Murray,RB,BAL,IND,0,0,0.0,0,0.0,0.0,0.0,6,17.0,0,3,2,13.0,0,3.0,5.0,,,75.0,230.0,31.813999999999997,8.0,Central Florida,2013.0,2013.0,OAK,181.0,6.0,0.069767445
2021,6,00-0030513,L.Murray,RB,BAL,LAC,0,0,0.0,0,0.0,0.0,0.0,9,44.0,1,2,2,12.0,0,11.6,13.6,,,75.0,230.0,31.813999999999997,8.0,Central Florida,2013.0,2013.0,OAK,181.0,28.0,0.074074075
2021,11,00-0030513,L.Murray,RB,BAL,CHI,0,0,0.0,0,0.0,0.0,0.0,10,32.0,0,2,2,1.0,0,3.3,5.3,,,75.0,230.0,31.813999999999997,8.0,Central Florida,2013.0,2013.0,OAK,181.0,,0.055555556
2021,12,00-0030513,L.Murray,RB,BAL,CLE,0,0,0.0,0,0.0,0.0,0.0,8,14.0,0,0,0,0.0,0,1.4,1.4,,,75.0,230.0,31.813999999999997,8.0,Central Florida,2013.0,2013.0,OAK,181.0,6.0,
2021,13,00-0030513,L.Murray,RB,BAL,PIT,0,0,0.0,0,0.0,0.0,0.0,2,1.0,0,2,2,34.0,0,3.5,5.5,,,75.0,230.0,31.813999999999997,8.0,Central Florida,2013.0,2013.0,OAK,181.0,,0.054054055
2021,14,00-0030513,L.Murray,RB,BAL,CLE,0,0,0.0,0,0.0,0.0,0.0,1,1.0,1,0,0,0.0,0,6.1,6.1,,,75.0,230.0,31.813999999999997,8.0,Central Florida,2013.0,2013.0,OAK,181.0,,
2021,15,00-0030513,L.Murray,RB,BAL,GB,0,0,0.0,0,0.0,0.0,0.0,7,48.0,0,3,1,3.0,0,5.1,6.1,,,75.0,230.0,31.813999999999997,8.0,Central Florida,2013.0,2013.0,OAK,181.0,-1.0,0.07692308
2021,16,00-0030513,L.Murray,RB,BAL,CIN,0,0,0.0,0,0.0,0.0,0.0,5,12.0,0,1,1,12.0,0,2.4,3.4,,,75.0,230.0,31.813999999999997,8.0,Central Florida,2013.0,2013.0,OAK,181.0,,0.027027028
2021,17,00-0030513,L.Murray,RB,BAL,LA,0,0,0.0,0,0.0,0.0,0.0,11,31.0,0,0,0,0.0,0,3.1,3.1,,,75.0,230.0,31.813999999999997,8.0,Central Florida,2013.0,2013.0,OAK,181.0,-1.0,
2021,18,00-0030513,L.Murray,RB,BAL,PIT,0,0,0.0,0,0.0,0.0,0.0,16,150.0,1,0,0,0.0,0,21.0,21.0,,,75.0,230.0,31.813999999999997,8.0,Central Florida,2013.0,2013.0,OAK,181.0,-3.0,
2021,5,00-0030520,M.Glennon,QB,NYG,DAL,16,25,196.0,1,2.0,0.0,-0.0,2,2.0,0,0,0,0.0,0,8.04,8.04,,,79.0,225.0,31.913058823529415,8.0,North Carolina State,2013.0,2013.0,TB,73.0,,
2021,13,00-0030520,M.Glennon,QB,NYG,MIA,23,44,187.0,0,1.0,3.0,28.0,0,0.0,0,0,0,0.0,0,5.48,5.48,,,79.0,225.0,31.913058823529415,8.0,North Carolina State,2013.0,2013.0,TB,73.0,,
2021,14,00-0030520,M.Glennon,QB,NYG,LAC,17,36,191.0,2,1.0,2.0,10.0,1,7.0,1,0,0,0.0,0,18.34,18.34,,,79.0,225.0,31.913058823529415,8.0,North Carolina State,2013.0,2013.0,TB,73.0,,
2021,15,00-0030520,M.Glennon,QB,NYG,DAL,13,24,99.0,0,3.0,0.0,-0.0,1,0.0,0,0,0,0.0,0,-2.04,-2.04,,,79.0,225.0,31.913058823529415,8.0,North Carolina State,2013.0,2013.0,TB,73.0,-15.0,
2021,16,00-0030520,M.Glennon,QB,NYG,PHI,17,27,93.0,1,1.0,0.0,-0.0,2,11.0,0,0,0,0.0,0,6.82,6.82,,,79.0,225.0,31.913058823529415,8.0,North Carolina State,2013.0,2013.0,TB,73.0,,
2021,17,00-0030520,M.Glennon,QB,NYG,CHI,4,11,24.0,0,2.0,4.0,30.0,1,13.0,0,0,0,0.0,0,-5.74,-5.74,,,79.0,225.0,31.913058823529415,8.0,North Carolina State,2013.0,2013.0,TB,73.0,,
2021,4,00-0030525,T.Austin,WR,JAX,CIN,0,0,0.0,0,0.0,0.0,0.0,0,0.0,0,3,1,8.0,0,0.8,1.8,,,68.0,179.0,31.661529411764704,8.0,West Virginia,2013.0,2013.0,STL,8.0,,0.13636364
2021,5,00-0030525,T.Austin,WR,JAX,TEN,0,0,0.0,0,0.0,0.0,0.0,0,0.0,0,5,5,54.0,0,5.4,10.4,,,68.0,179.0,31.661529411764704,8.0,West Virginia,2013.0,2013.0,STL,8.0,-18.0,0.15151516
2021,6,00-0030525,T.Austin,WR,JAX,MIA,0,0,0.0,0,0.0,0.0,0.0,0,0.0,0,1,0,0.0,0,0.0,0.0,,,68.0,179.0,31.661529411764704,8.0,West Virginia,2013.0,2013.0,STL,8.0,3.0,0.025
2021,8,00-0030525,T.Austin,WR,JAX,SEA,0,0,0.0,0,0.0,0.0,0.0,0,0.0,0,3,1,5.0,0,0.5,1.5,,,68.0,179.0,31.661529411764704,8.0,West Virginia,2013.0,2013.0,STL,8.0,,0.057692308
2021,11,00-0030525,T.Austin,WR,JAX,SF,0,0,0.0,0,0.0,0.0,0.0,0,0.0,0,2,1,18.0,0,1.8,2.8,,,68.0,179.0,31.661529411764704,8.0,West Virginia,2013.0,2013.0,STL,8.0,-20.0,0.083333336
2021,12,00-0030525,T.Austin,WR,JAX,ATL,0,0,0.0,0,0.0,0.0,0.0,0,0.0,0,2,2,21.0,1,8.1,10.1,,,68.0,179.0,31.661529411764704,8.0,West Virginia,2013.0,2013.0,STL,8.0,-7.0,0.048780486
2021,13,00-0030525,T.Austin,WR,JAX,LA,0,0,0.0,0,0.0,0.0,0.0,0,0.0,0,2,1,9.0,0,0.9,1.9,,,68.0,179.0,31.661529411764704,8.0,West Virginia,2013.0,2013.0,STL,8.0,,0.071428575
2021,14,00-0030525,T.Austin,WR,JAX,TEN,0,0,0.0,0,0.0,0.0,0.0,0,0.0,0,5,3,17.0,0,1.7,4.7,,,68.0,179.0,31.661529411764704,8.0,West Virginia,2013.0,2013.0,STL,8.0,,0.13513513
2021,15,00-0030525,T.Austin,WR,JAX,HOU,0,0,0.0,0,0.0,0.0,0.0,0,0.0,0,3,1,11.0,0,1.1,2.1,,,68.0,179.0,31.661529411764704,8.0,West Virginia,2013.0,2013.0,STL,8.0,-14.0,0.083333336
2021,16,00-0030525,T.Austin,WR,JAX,NYJ,0,0,0.0,0,0.0,0.0,0.0,3,21.0,0,7,6,68.0,0,8.9,14.9,,,68.0,179.0,31.661529411764704,8.0,West Virginia,2013.0,2013.0,STL,8.0,,0.2
2021,17,00-0030525,T.Austin,WR,JAX,NE,0,0,0.0,0,0.0,0.0,0.0,0,0.0,0,4,3,2.0,0,0.2,3.2,,,68.0,179.0,31.661529411764704,8.0,West Virginia,2013.0,2013.0,STL,8.0,,0.15384616
2021,16,00-0030561,L.Johnson,T,PHI,NYG,0,0,0.0,0,0.0,0.0,0.0,0,0.0,0,1,1,5.0,1,6.5,7.5,,,78.0,317.0,31.516388888888887,8.0,Oklahoma,2013.0,2013.0,PHI,4.0,24.0,0.035714287
2021,1,00-0030564,D.Hopkins,WR,ARI,TEN,0,0,0.0,0,0.0,0.0,0.0,0,0.0,0,8,6,83.0,2,20.3,26.3,,,73.0,212.0,29.43766666666667,8.0,Clemson,2013.0,2013.0,HOU,27.0,,0.25
2021,2,00-0030564,D.Hopkins,WR,ARI,MIN,0,0,0.0,0,0.0,0.0,0.0,0,0.0,0,4,4,54.0,1,11.4,15.4,,,73.0,212.0,29.43766666666667,8.0,Clemson,2013.0,2013.0,HOU,27.0,1.0,0.11764706
2021,3,00-0030564,D.Hopkins,WR,ARI,JAX,0,0,0.0,0,0.0,0.0,0.0,0,0.0,0,6,3,21.0,0,2.1,5.1,,,73.0,212.0,29.43766666666667,8.0,Clemson,2013.0,2013.0,HOU,27.0,,0.1764706
2021,4,00-0030564,D.Hopkins,WR,ARI,LA,0,0,0.0,0,0.0,0.0,0.0,0,0.0,0,7,4,67.0,0,6.7,10.7,,,73.0,212.0,29.43766666666667,8.0,Clemson,2013.0,2013.0,HOU,27.0,,0.2413793
2021,5,00-0030564,D.Hopkins,WR,ARI,SF,0,0,0.0,0,0.0,0.0,0.0,0,0.0,0,9,6,87.0,1,14.7,20.7,,,73.0,212.0,29.43766666666667,8.0,Clemson,2013.0,2013.0,HOU,27.0,7.0,0.32142857
2021,6,00-0030564,D.Hopkins,WR,ARI,CLE,0,0,0.0,0,0.0,0.0,0.0,0,0.0,0,4,3,55.0,2,17.5,20.5,,,73.0,212.0,29.43766666666667,8.0,Clemson,2013.0,2013.0,HOU,27.0,,0.14285715
2021,7,00-0030564,D.Hopkins,WR,ARI,HOU,0,0,0.0,0,0.0,0.0,0.0,0,0.0,0,9,7,53.0,1,11.3,18.3,,,73.0,212.0,29.43766666666667,8.0,Clemson,2013.0,2013.0,HOU,27.0,26.0,0.32142857
2021,8,00-0030564,D.Hopkins,WR,ARI,GB,0,0,0.0,0,0.0,0.0,0.0,0,0.0,0,2,2,66.0,0,6.6,8.6,,,73.0,212.0,29.43766666666667,8.0,Clemson,2013.0,2013.0,HOU,27.0,-3.0,0.06451613
2021,13,00-0030564,D.Hopkins,WR,ARI,CHI,0,0,0.0,0,0.0,0.0,0.0,0,0.0,0,2,2,32.0,1,9.2,11.2,,,73.0,212.0,29.43766666666667,8.0,Clemson,2013.0,2013.0,HOU,27.0,,0.13333334
2021,14,00-0030564,D.Hopkins,WR,ARI,LA,0,0,0.0,0,0.0,0.0,0.0,0,0.0,0,13,5,54.0,0,5.4,10.4,,,73.0,212.0,29.43766666666667,8.0,Clemson,2013.0,2013.0,HOU,27.0,-7.0,0.26530612
2021,5,00-0030565,G.Smith,QB,SEA,LA,10,17,131.0,1,1.0,0.0,-0.0,3,23.0,0,0,0,0.0,0,9.54,9.54,,,75.0,221.0,31.08770588235294,8.0,West Virginia,2013.0,2013.0,NYJ,39.0,-9.0,
2021,6,00-0030565,G.Smith,QB,SEA,PIT,23,32,209.0,1,0.0,5.0,44.0,1,-1.0,0,0,0,0.0,0,10.26,10.26,,,75.0,221.0,31.08770588235294,8.0,West Virginia,2013.0,2013.0,NYJ,39.0,,
2021,7,00-0030565,G.Smith,QB,SEA,NO,12,22,167.0,1,0.0,5.0,38.0,3,12.0,0,0,0,0.0,0,11.88,11.88,,,75.0,221.0,31.08770588235294,8.0,West Virginia,2013.0,2013.0,NYJ,39.0,-3.0,
2021,8,00-0030565,G.Smith,QB,SEA,JAX,20,24,195.0,2,0.0,3.0,35.0,2,8.0,1,0,0,0.0,0,22.6,22.6,,,75.0,221.0,31.08770588235294,8.0,West Virginia,2013.0,2013.0,NYJ,39.0,24.0,
2021,1,00-0030578,C.Patterson,RB,ATL,PHI,0,0,0.0,0,0.0,0.0,0.0,7,54.0,0,2,2,13.0,0,6.7,8.7,,,74.0,238.0,30.657823529411765,8.0,Tennessee,2013.0,2013.0,MIN,29.0,-26.0,0.060606062
2021,2,00-0030578,C.Patterson,RB,ATL,TB,0,0,0.0,0,0.0,0.0,0.0,7,11.0,1,7,5,58.0,1,18.9,23.9,,,74.0,238.0,30.657823529411765,8.0,Tennessee,2013.0,2013.0,MIN,29.0,,0.14583333
2021,3,00-0030578,C.Patterson,RB,ATL,NYG,0,0,0.0,0,0.0,0.0,0.0,7,20.0,0,7,6,82.0,0,10.2,16.2,,,74.0,238.0,30.657823529411765,8.0,Tennessee,2013.0,2013.0,MIN,29.0,,0.19444445
2021,4,00-0030578,C.Patterson,RB,ATL,WAS,0,0,0.0,0,0.0,0.0,0.0,6,34.0,0,6,5,82.0,3,29.6,34.6,,,74.0,238.0,30.657823529411765,8.0,Tennessee,2013.0,2013.0,MIN,29.0,-4.0,0.15
2021,5,00-0030578,C.Patterson,RB,ATL,NYJ,0,1,0.0,0,0.0,0.0,-0.0,14,54.0,0,9,7,60.0,0,11.4,18.4,,,74.0,238.0,30.657823529411765,8.0,Tennessee,2013.0,2013.0,MIN,29.0,7.0,0.2
2021,7,00-0030578,C.Patterson,RB,ATL,MIA,0,0,0.0,0,0.0,0.0,0.0,14,60.0,1,5,2,1.0,0,12.1,14.1,,,74.0,238.0,30.657823529411765,8.0,Tennessee,2013.0,2013.0,MIN,29.0,,0.12820514
2021,8,00-0030578,C.Patterson,RB,ATL,CAR,0,0,0.0,0,0.0,0.0,0.0,9,35.0,0,5,5,37.0,1,13.2,18.2,,,74.0,238.0,30.657823529411765,8.0,Tennessee,2013.0,2013.0,MIN,29.0,-6.0,0.18518518
2021,9,00-0030578,C.Patterson,RB,ATL,NO,0,0,0.0,0,0.0,0.0,0.0,9,10.0,0,6,6,126.0,0,13.6,19.6,,,74.0,238.0,30.657823529411765,8.0,Tennessee,2013.0,2013.0,MIN,29.0,,0.2
2021,10,00-0030578,C.Patterson,RB,ATL,DAL,0,0,0.0,0,0.0,0.0,0.0,4,25.0,0,2,1,14.0,0,3.9,4.9,,,74.0,238.0,30.657823529411765,8.0,Tennessee,2013.0,2013.0,MIN,29.0,,0.074074075
2021,12,00-0030578,C.Patterson,RB,ATL,JAX,0,0,0.0,0,0.0,0.0,0.0,16,108.0,2,3,2,27.0,0,25.5,27.5,,,74.0,238.0,30.657823529411765,8.0,Tennessee,2013.0,2013.0,MIN,29.0,,0.10714286
2021,13,00-0030578,C.Patterson,RB,ATL,TB,0,0,0.0,0,0.0,0.0,0.0,13,78.0,0,5,3,18.0,0,9.6,12.6,,,74.0,238.0,30.657823529411765,8.0,Tennessee,2013.0,2013.0,MIN,29.0,-13.0,0.125
2021,14,00-0030578,C.Patterson,RB,ATL,CAR,0,0,0.0,0,0.0,0.0,0.0,16,58.0,1,5,2,1.0,0,11.9,13.9,,,74.0,238.0,30.657823529411765,8.0,Tennessee,2013.0,2013.0,MIN,29.0,,0.18518518
2021,15,00-0030578,C.Patterson,RB,ATL,SF,0,0,0.0,0,0.0,0.0,0.0,11,18.0,0,2,2,5.0,0,2.3,4.3,,,74.0,238.0,30.657823529411765,8.0,Tennessee,2013.0,2013.0,MIN,29.0,,0.06666667
2021,16,00-0030578,C.Patterson,RB,ATL,DET,0,0,0.0,0,0.0,0.0,0.0,7,14.0,1,2,1,-1.0,0,7.3,8.3,,,74.0,238.0,30.657823529411765,8.0,Tennessee,2013.0,2013.0,MIN,29.0,4.0,0.09090909
2021,17,00-0030578,C.Patterson,RB,ATL,BUF,0,0,0.0,0,0.0,0.0,0.0,9,28.0,0,2,2,24.0,0,5.2,7.2,,,74.0,238.0,30.657823529411765,8.0,Tennessee,2013.0,2013.0,MIN,29.0,,0.1
2021,18,00-0030578,C.Patterson,RB,ATL,NO,0,0,0.0,0,0.0,0.0,0.0,4,11.0,0,1,1,1.0,0,1.2,2.2,,,74.0,238.0,30.657823529411765,8.0,Tennessee,2013.0,2013.0,MIN,29.0,-10.0,0.032258064
2021,1,00-0030663,W.Snead,WR,LV,BAL,0,0,0.0,0,0.0,0.0,0.0,0,0.0,0,1,0,0.0,0,0.0,0.0,,,71.0,205.0,29.062764705882355,7.0,Ball State,2014.0,2014.0,,,6.0,0.01923077
2021,2,00-0030663,W.Snead,WR,LV,PIT,0,0,0.0,0,0.0,0.0,0.0,0,0.0,0,1,1,14.0,0,1.4,2.4,,,71.0,205.0,29.062764705882355,7.0,Ball State,2014.0,2014.0,,,,0.027027028
2021,4,00-0030663,W.Snead,WR,LV,LAC,0,0,0.0,0,0.0,0.0,0.0,0,0.0,0,1,1,15.0,0,1.5,2.5,,,71.0,205.0,29.062764705882355,7.0,Ball State,2014.0,2014.0,,,,0.03125
2021,5,00-0030663,W.Snead,WR,LV,CHI,0,0,0.0,0,0.0,0.0,0.0,0,0.0,0,1,1,3.0,0,0.3,1.3,,,71.0,205.0,29.062764705882355,7.0,Ball State,2014.0,2014.0,,,-11.0,0.028571429
2021,6,00-0030663,W.Snead,WR,LV,DEN,0,0,0.0,0,0.0,0.0,0.0,0,0.0,0,1,0,0.0,0,0.0,0.0,,,71.0,205.0,29.062764705882355,7.0,Ball State,2014.0,2014.0,,,,0.04
2021,9,00-0030663,W.Snead,WR,CAR,NE,0,0,0.0,0,0.0,0.0,0.0,0,0.0,0,2,1,6.0,0,0.6,1.6,,,71.0,205.0,29.062764705882355,7.0,Ball State,2014.0,2014.0,,,-18.0,0.06896552
2021,15,00-0030663,W.Snead,WR,CAR,BUF,0,0,0.0,0,0.0,0.0,0.0,0,0.0,0,1,0,0.0,0,0.0,0.0,,,71.0,205.0,29.062764705882355,7.0,Ball State,2014.0,2014.0,,,,0.027777778
2021,1,00-0030669,A.Wilson,WR,MIA,NE,0,0,0.0,0,0.0,0.0,0.0,0,0.0,0,2,0,0.0,0,0.0,0.0,,,69.0,195.0,29.326529411764707,7.0,Georgia State,2014.0,2014.0,,,,0.074074075
2021,2,00-0030669,A.Wilson,WR,MIA,BUF,0,0,0.0,0,0.0,0.0,0.0,0,0.0,0,6,4,20.0,0,2.0,6.0,,,69.0,195.0,29.326529411764707,7.0,Georgia State,2014.0,2014.0,,,-35.0,0.14285715
2021,4,00-0030669,A.Wilson,WR,MIA,IND,0,0,0.0,0,0.0,0.0,0.0,0,0.0,0,2,1,11.0,0,1.1,2.1,,,69.0,195.0,29.326529411764707,7.0,Georgia State,2014.0,2014.0,,,-10.0,0.06666667
2021,6,00-0030669,A.Wilson,WR,MIA,JAX,0,0,0.0,0,0.0,0.0,0.0,0,0.0,0,2,2,14.0,0,1.4,3.4,,,69.0,195.0,29.326529411764707,7.0,Georgia State,2014.0,2014.0,,,,0.04255319
2021,9,00-0030669,A.Wilson,WR,MIA,HOU,0,0,0.0,0,0.0,0.0,0.0,0,0.0,0,2,1,11.0,0,1.1,2.1,,,69.0,195.0,29.326529411764707,7.0,Georgia State,2014.0,2014.0,,,8.0,0.05
2021,10,00-0030669,A.Wilson,WR,MIA,BAL,0,0,0.0,0,0.0,1.0,1.0,2,19.0,0,5,4,87.0,0,10.6,14.6,,,69.0,195.0,29.326529411764707,7.0,Georgia State,2014.0,2014.0,,,12.0,0.14705883
2021,11,00-0030669,A.Wilson,WR,MIA,NYJ,0,1,0.0,0,0.0,0.0,-0.0,1,-3.0,0,4,3,18.0,0,1.5,4.5,,,69.0,195.0,29.326529411764707,7.0,Georgia State,2014.0,2014.0,,,,0.11764706
2021,12,00-0030669,A.Wilson,WR,MIA,CAR,0,0,0.0,0,0.0,0.0,0.0,0,0.0,0,6,5,17.0,0,1.7,6.7,,,69.0,195.0,29.326529411764707,7.0,Georgia State,2014.0,2014.0,,,23.0,0.19354838
2021,13,00-0030669,A.Wilson,WR,MIA,NYG,0,0,0.0,0,0.0,0.0,0.0,0,0.0,0,8,4,26.0,0,2.6,6.6,,,69.0,195.0,29.326529411764707,7.0,Georgia State,2014.0,2014.0,,,11.0,0.19512194
2021,15,00-0030669,A.Wilson,WR,MIA,NYJ,0,0,0.0,0,0.0,0.0,0.0,1,1.0,0,2,1,9.0,0,1.0,2.0,,,69.0,195.0,29.326529411764707,7.0,Georgia State,2014.0,2014.0,,,7.0,0.07692308
2021,1,00-0030874,D.Williams,RB,CHI,LA,0,0,0.0,0,0.0,0.0,0.0,6,12.0,0,5,4,28.0,0,4.0,8.0,,,71.0,224.0,29.605,7.0,Oklahoma,2014.0,2014.0,,,,0.125
2021,2,00-0030874,D.Williams,RB,CHI,CIN,0,0,0.0,0,0.0,0.0,0.0,2,6.0,0,3,2,-2.0,0,0.4,2.4,,,71.0,224.0,29.605,7.0,Oklahoma,2014.0,2014.0,,,3.0,0.13043478
2021,4,00-0030874,D.Williams,RB,CHI,DET,0,0,0.0,0,0.0,0.0,0.0,8,55.0,1,2,2,15.0,0,13.0,15.0,,,71.0,224.0,29.605,7.0,Oklahoma,2014.0,2014.0,,,10.0,0.11764706
2021,5,00-0030874,D.Williams,RB,CHI,LV,0,0,0.0,0,0.0,0.0,0.0,16,64.0,1,3,2,20.0,0,14.4,16.4,,,71.0,224.0,29.605,7.0,Oklahoma,2014.0,2014.0,,,,0.15
2021,7,00-0030874,D.Williams,RB,CHI,TB,0,0,0.0,0,0.0,0.0,0.0,3,5.0,0,1,1,3.0,0,0.8,1.8,,,71.0,224.0,29.605,7.0,Oklahoma,2014.0,2014.0,,,,0.032258064
2021,8,00-0030874,D.Williams,RB,CHI,SF,0,0,0.0,0,0.0,0.0,0.0,2,-3.0,0,0,0,0.0,0,-0.3,-0.3,,,71.0,224.0,29.605,7.0,Oklahoma,2014.0,2014.0,,,-11.0,
2021,14,00-0030874,D.Williams,RB,CHI,GB,0,0,0.0,0,0.0,0.0,0.0,2,13.0,0,1,1,4.0,0,1.7,2.7,,,71.0,224.0,29.605,7.0,Oklahoma,2014.0,2014.0,,,,0.03125
2021,16,00-0030874,D.Williams,RB,CHI,SEA,0,0,0.0,0,0.0,0.0,0.0,1,12.0,0,2,1,2.0,0,1.4,2.4,,,71.0,224.0,29.605,7.0,Oklahoma,2014.0,2014.0,,,,0.057142857
2021,17,00-0030874,D.Williams,RB,CHI,NYG,0,0,0.0,0,0.0,0.0,0.0,0,0.0,0,1,0,0.0,0,0.0,0.0,,,71.0,224.0,29.605,7.0,Oklahoma,2014.0,2014.0,,,26.0,0.030303031
2021,18,00-0030874,D.Williams,RB,CHI,MIN,0,0,0.0,0,0.0,0.0,0.0,0,0.0,0,5,3,33.0,1,9.3,12.3,,,71.0,224.0,29.605,7.0,Oklahoma,2014.0,2014.0,,,,0.10869565
2021,1,00-0030968,K.Smith,FB,ATL,PHI,0,0,0.0,0,0.0,0.0,0.0,2,13.0,0,3,3,18.0,0,3.1,6.1,,,72.0,240.0,29.595470588235294,7.0,San Jose State,2014.0,2014.0,,,-26.0,0.09090909
2021,2,00-0030968,K.Smith,FB,ATL,TB,0,0,0.0,0,0.0,0.0,0.0,2,3.0,0,1,0,0.0,0,0.3,0.3,,,72.0,240.0,29.595470588235294,7.0,San Jose State,2014.0,2014.0,,,,0.020833334
2021,4,00-0030968,K.Smith,FB,ATL,WAS,0,0,0.0,0,0.0,0.0,0.0,1,2.0,0,0,0,0.0,0,0.2,0.2,,,72.0,240.0,29.595470588235294,7.0,San Jose State,2014.0,2014.0,,,-4.0,
2021,7,00-0030968,K.Smith,FB,ATL,MIA,0,0,0.0,0,0.0,0.0,0.0,0,0.0,0,1,1,6.0,0,0.6,1.6,,,72.0,240.0,29.595470588235294,7.0,San Jose State,2014.0,2014.0,,,,0.025641026
2021,10,00-0030968,K.Smith,FB,ATL,DAL,0,0,0.0,0,0.0,0.0,0.0,1,5.0,0,0,0,0.0,0,0.5,0.5,,,72.0,240.0,29.595470588235294,7.0,San Jose State,2014.0,2014.0,,,,
2021,11,00-0030968,K.Smith,FB,ATL,NE,0,0,0.0,0,0.0,0.0,0.0,3,8.0,0,1,1,11.0,0,1.9,2.9,,,72.0,240.0,29.595470588235294,7.0,San Jose State,2014.0,2014.0,,,-25.0,0.032258064
2021,12,00-0030968,K.Smith,FB,ATL,JAX,0,0,0.0,0,0.0,0.0,0.0,0,0.0,0,2,2,16.0,0,1.6,3.6,,,72.0,240.0,29.595470588235294,7.0,San Jose State,2014.0,2014.0,,,,0.071428575
2021,13,00-0030968,K.Smith,FB,ATL,TB,0,0,0.0,0,0.0,0.0,0.0,0,0.0,0,1,1,2.0,0,0.2,1.2,,,72.0,240.0,29.595470588235294,7.0,San Jose State,2014.0,2014.0,,,-13.0,0.025
2021,18,00-0030968,K.Smith,FB,ATL,NO,0,0,0.0,0,0.0,0.0,0.0,0,0.0,0,1,1,3.0,0,0.3,1.3,,,72.0,240.0,29.595470588235294,7.0,San Jose State,2014.0,2014.0,,,-10.0,0.032258064
2021,1,00-0031045,C.Hyde,RB,JAX,HOU,0,0,0.0,0,0.0,0.0,0.0,9,44.0,0,2,2,14.0,0,5.8,7.8,,,72.0,229.0,31.144,7.0,Ohio State,2014.0,2014.0,SF,57.0,,0.04
2021,2,00-0031045,C.Hyde,RB,JAX,DEN,0,0,0.0,0,0.0,0.0,0.0,2,7.0,0,2,0,0.0,0,0.7,0.7,,,72.0,229.0,31.144,7.0,Ohio State,2014.0,2014.0,SF,57.0,-10.0,0.060606062
2021,3,00-0031045,C.Hyde,RB,JAX,ARI,0,0,0.0,0,0.0,0.0,0.0,8,44.0,0,0,0,0.0,0,4.4,4.4,,,72.0,229.0,31.144,7.0,Ohio State,2014.0,2014.0,SF,57.0,-12.0,
2021,5,00-0031045,C.Hyde,RB,JAX,TEN,0,0,0.0,0,0.0,0.0,0.0,5,13.0,0,0,0,0.0,0,1.3,1.3,,,72.0,229.0,31.144,7.0,Ohio State,2014.0,2014.0,SF,57.0,-18.0,
2021,8,00-0031045,C.Hyde,RB,JAX,SEA,0,0,0.0,0,0.0,0.0,0.0,9,32.0,0,8,6,40.0,0,7.2,13.2,,,72.0,229.0,31.144,7.0,Ohio State,2014.0,2014.0,SF,57.0,,0.15384616
2021,9,00-0031045,C.Hyde,RB,JAX,BUF,0,0,0.0,0,0.0,0.0,0.0,21,67.0,0,2,1,6.0,0,5.3,6.3,,,72.0,229.0,31.144,7.0,Ohio State,2014.0,2014.0,SF,57.0,3.0,0.074074075
2021,10,00-0031045,C.Hyde,RB,JAX,IND,0,0,0.0,0,0.0,0.0,0.0,2,4.0,0,2,1,0.0,0,0.4,1.4,,,72.0,229.0,31.144,7.0,Ohio State,2014.0,2014.0,SF,57.0,,0.057142857
2021,11,00-0031045,C.Hyde,RB,JAX,SF,0,0,0.0,0,0.0,0.0,0.0,0,0.0,0,1,0,0.0,0,0.0,0.0,,,72.0,229.0,31.144,7.0,Ohio State,2014.0,2014.0,SF,57.0,-20.0,0.041666668
2021,12,00-0031045,C.Hyde,RB,JAX,ATL,0,0,0.0,0,0.0,0.0,0.0,6,16.0,0,1,0,0.0,0,1.6,1.6,,,72.0,229.0,31.144,7.0,Ohio State,2014.0,2014.0,SF,57.0,-7.0,0.024390243
2021,13,00-0031045,C.Hyde,RB,JAX,LA,0,0,0.0,0,0.0,0.0,0.0,9,24.0,1,1,1,-1.0,0,6.3,7.3,,,72.0,229.0,31.144,7.0,Ohio State,2014.0,2014.0,SF,57.0,,0.035714287
2021,14,00-0031045,C.Hyde,RB,JAX,TEN,0,0,0.0,0,0.0,0.0,0.0,1,2.0,0,2,1,6.0,0,0.8,1.8,,,72.0,229.0,31.144,7.0,Ohio State,2014.0,2014.0,SF,57.0,,0.054054055
2021,7,00-0031051,J.Brown,WR,DEN,CLE,0,0,0.0,0,0.0,0.0,0.0,0,0.0,0,1,0,0.0,0,0.0,0.0,,,70.0,179.0,31.624555555555553,7.0,Pittsburg State,2014.0,2014.0,ARI,91.0,,0.03125
2021,11,00-0031051,J.Brown,WR,JAX,SF,0,0,0.0,0,0.0,0.0,0.0,0,0.0,0,1,0,0.0,0,0.0,0.0,,,70.0,179.0,31.624555555555553,7.0,Pittsburg State,2014.0,2014.0,ARI,91.0,-20.0,0.041666668
2021,12,00-0031051,J.Brown,WR,JAX,ATL,0,0,0.0,0,0.0,0.0,0.0,0,0.0,0,1,0,0.0,0,0.0,0.0,,,70.0,179.0,31.624555555555553,7.0,Pittsburg State,2014.0,2014.0,ARI,91.0,-7.0,0.024390243
2021,1,00-0031062,J.White,RB,NE,MIA,0,0,0.0,0,0.0,0.0,0.0,4,12.0,0,7,6,49.0,0,6.1,12.1,,,70.0,205.0,29.77477777777778,7.0,Wisconsin,2014.0,2014.0,NE,130.0,-1.0,0.18421052
2021,2,00-0031062,J.White,RB,NE,NYJ,0,0,0.0,0,0.0,0.0,0.0,5,20.0,1,6,6,45.0,0,12.5,18.5,,,70.0,205.0,29.77477777777778,7.0,Wisconsin,2014.0,2014.0,NE,130.0,,0.21428572
2021,3,00-0031062,J.White,RB,NE,NO,0,0,0.0,0,0.0,0.0,0.0,1,6.0,0,1,0,0.0,0,0.6,0.6,,,70.0,205.0,29.77477777777778,7.0,Wisconsin,2014.0,2014.0,NE,130.0,-15.0,0.019607844
2021,8,00-0031136,C.Boswell,K,PIT,CLE,0,1,0.0,0,0.0,0.0,-0.0,0,0.0,0,0,0,0.0,0,0.0,0.0,,,74.0,185.0,30.66972222222222,7.0,Rice,2014.0,2014.0,,,,
2021,3,00-0031235,O.Beckham,WR,CLE,CHI,0,0,0.0,0,0.0,0.0,0.0,1,10.0,0,9,5,77.0,0,8.7,13.7,,,71.0,198.0,29.054285714285715,7.0,Louisiana State,2014.0,2014.0,NYG,12.0,20.0,0.31034482
2021,4,00-0031235,O.Beckham,WR,CLE,MIN,0,0,0.0,0,0.0,0.0,0.0,1,4.0,0,7,2,27.0,0,3.1,5.1,,,71.0,198.0,29.054285714285715,7.0,Louisiana State,2014.0,2014.0,NYG,12.0,,0.22580644
2021,5,00-0031235,O.Beckham,WR,CLE,LAC,0,0,0.0,0,0.0,0.0,0.0,0,0.0,0,3,2,20.0,0,2.0,4.0,,,71.0,198.0,29.054285714285715,7.0,Louisiana State,2014.0,2014.0,NYG,12.0,,0.10344828
2021,6,00-0031235,O.Beckham,WR,CLE,ARI,0,0,0.0,0,0.0,0.0,0.0,0,0.0,0,8,5,79.0,0,7.9,12.9,,,71.0,198.0,29.054285714285715,7.0,Louisiana State,2014.0,2014.0,NYG,12.0,-23.0,0.2580645
2021,7,00-0031235,O.Beckham,WR,CLE,DEN,0,0,0.0,0,0.0,0.0,0.0,0,0.0,0,6,2,23.0,0,2.3,4.3,,,71.0,198.0,29.054285714285715,7.0,Louisiana State,2014.0,2014.0,NYG,12.0,3.0,0.1875
2021,8,00-0031235,O.Beckham,WR,CLE,PIT,0,0,0.0,0,0.0,0.0,0.0,0,0.0,0,1,1,6.0,0,0.6,1.6,,,71.0,198.0,29.054285714285715,7.0,Louisiana State,2014.0,2014.0,NYG,12.0,-5.0,0.032258064
2021,10,00-0031235,O.Beckham,WR,LA,SF,0,0,0.0,0,0.0,0.0,0.0,0,0.0,0,3,2,18.0,0,1.8,3.8,,,71.0,198.0,29.054285714285715,7.0,Louisiana State,2014.0,2014.0,NYG,12.0,,0.071428575
2021,12,00-0031235,O.Beckham,WR,LA,GB,0,0,0.0,0,0.0,0.0,0.0,0,0.0,0,10,5,81.0,1,14.1,19.1,,,71.0,198.0,29.054285714285715,7.0,Louisiana State,2014.0,2014.0,NYG,12.0,,0.25641027
2021,13,00-0031235,O.Beckham,WR,LA,JAX,0,0,0.0,0,0.0,0.0,0.0,0,0.0,0,5,2,28.0,1,8.8,10.8,,,71.0,198.0,29.054285714285715,7.0,Louisiana State,2014.0,2014.0,NYG,12.0,30.0,0.13513513
2021,14,00-0031235,O.Beckham,WR,LA,ARI,0,0,0.0,0,0.0,0.0,0.0,0,0.0,0,7,6,77.0,1,13.7,19.7,,,71.0,198.0,29.054285714285715,7.0,Louisiana State,2014.0,2014.0,NYG,12.0,,0.23333333
2021,15,00-0031235,O.Beckham,WR,LA,SEA,0,0,0.0,0,0.0,0.0,0.0,0,0.0,0,3,1,7.0,0,0.7,1.7,,,71.0,198.0,29.054285714285715,7.0,Louisiana State,2014.0,2014.0,NYG,12.0,10.0,0.10344828
2021,16,00-0031235,O.Beckham,WR,LA,MIN,0,0,0.0,0,0.0,0.0,0.0,0,0.0,0,8,4,37.0,1,9.7,13.7,,,71.0,198.0,29.054285714285715,7.0,Louisiana State,2014.0,2014.0,NYG,12.0,,0.21621622
2021,17,00-0031235,O.Beckham,WR,LA,BAL,0,0,0.0,0,0.0,0.0,0.0,0,0.0,0,7,5,39.0,1,9.9,14.9,,,71.0,198.0,29.054285714285715,7.0,Louisiana State,2014.0,2014.0,NYG,12.0,,0.2
2021,18,00-0031235,O.Beckham,WR,LA,SF,0,0,0.0,0,0.0,0.0,0.0,0,0.0,0,5,2,18.0,0,1.8,3.8,,,71.0,198.0,29.054285714285715,7.0,Louisiana State,2014.0,2014.0,NYG,12.0,-3.0,0.15625
2021,19,00-0031235,O.Beckham,WR,LA,ARI,1,1,40.0,0,0.0,0.0,-0.0,0,0.0,0,4,4,54.0,1,13.0,17.0,,,71.0,198.0,29.054285714285715,7.0,Louisiana State,2014.0,2014.0,NYG,12.0,23.0,0.22222222
2021,20,00-0031235,O.Beckham,WR,LA,TB,0,0,0.0,0,0.0,0.0,0.0,0,0.0,0,8,6,69.0,0,6.9,12.9,,,71.0,198.0,29.054285714285715,7.0,Louisiana State,2014.0,2014.0,NYG,12.0,,0.22222222
2021,21,00-0031235,O.Beckham,WR,LA,SF,0,0,0.0,0,0.0,0.0,0.0,0,0.0,0,11,9,113.0,0,11.3,20.3,,,71.0,198.0,29.054285714285715,7.0,Louisiana State,2014.0,2014.0,NYG,12.0,3.0,0.26190478
2021,22,00-0031235,O.Beckham,WR,LA,CIN,0,0,0.0,0,0.0,0.0,0.0,0,0.0,0,3,2,52.0,1,11.2,13.2,,,71.0,198.0,29.054285714285715,7.0,Louisiana State,2014.0,2014.0,NYG,12.0,,0.075
2021,1,00-0031236,B.Cooks,WR,HOU,JAX,0,0,0.0,0,0.0,0.0,0.0,0,0.0,0,7,5,132.0,0,13.2,18.2,,,70.0,183.0,28.12629411764706,7.0,Oregon State,2014.0,2014.0,NO,20.0,16.0,0.21875
2021,2,00-0031236,B.Cooks,WR,HOU,CLE,0,0,0.0,0,0.0,0.0,0.0,0,0.0,0,14,9,78.0,1,13.8,22.8,,,70.0,183.0,28.12629411764706,7.0,Oregon State,2014.0,2014.0,NO,20.0,,0.5
2021,3,00-0031236,B.Cooks,WR,HOU,CAR,0,0,0.0,0,0.0,0.0,0.0,1,5.0,0,11,9,112.0,0,11.7,20.7,,,70.0,183.0,28.12629411764706,7.0,Oregon State,2014.0,2014.0,NO,20.0,-15.0,0.44
2021,4,00-0031236,B.Cooks,WR,HOU,BUF,0,0,0.0,0,0.0,0.0,0.0,0,0.0,0,7,5,47.0,0,4.7,9.7,,,70.0,183.0,28.12629411764706,7.0,Oregon State,2014.0,2014.0,NO,20.0,,0.35
2021,5,00-0031236,B.Cooks,WR,HOU,NE,0,0,0.0,0,0.0,0.0,0.0,0,0.0,0,5,3,23.0,0,2.3,5.3,,,70.0,183.0,28.12629411764706,7.0,Oregon State,2014.0,2014.0,NO,20.0,-3.0,0.18518518
2021,6,00-0031236,B.Cooks,WR,HOU,IND,0,0,0.0,0,0.0,0.0,0.0,0,0.0,0,13,9,89.0,0,8.9,17.9,,,70.0,183.0,28.12629411764706,7.0,Oregon State,2014.0,2014.0,NO,20.0,,0.30952382
2021,7,00-0031236,B.Cooks,WR,HOU,ARI,0,0,0.0,0,0.0,0.0,0.0,0,0.0,0,7,5,21.0,0,2.1,7.1,,,70.0,183.0,28.12629411764706,7.0,Oregon State,2014.0,2014.0,NO,20.0,,0.22580644
2021,8,00-0031236,B.Cooks,WR,HOU,LA,0,0,0.0,0,0.0,0.0,0.0,0,0.0,0,6,6,83.0,1,14.3,20.3,,,70.0,183.0,28.12629411764706,7.0,Oregon State,2014.0,2014.0,NO,20.0,-16.0,0.16666667
2021,9,00-0031236,B.Cooks,WR,HOU,MIA,0,0,0.0,0,0.0,0.0,0.0,0,0.0,0,14,6,56.0,0,5.6,11.6,,,70.0,183.0,28.12629411764706,7.0,Oregon State,2014.0,2014.0,NO,20.0,,0.35
2021,11,00-0031236,B.Cooks,WR,HOU,TEN,0,0,0.0,0,0.0,0.0,0.0,0,0.0,0,3,2,18.0,0,1.8,3.8,,,70.0,183.0,28.12629411764706,7.0,Oregon State,2014.0,2014.0,NO,20.0,,0.13043478
2021,12,00-0031236,B.Cooks,WR,HOU,NYJ,0,0,0.0,0,0.0,0.0,0.0,0,0.0,0,5,3,45.0,1,10.5,13.5,,,70.0,183.0,28.12629411764706,7.0,Oregon State,2014.0,2014.0,NO,20.0,-7.0,0.1923077
2021,13,00-0031236,B.Cooks,WR,HOU,IND,0,0,0.0,0,0.0,0.0,0.0,1,16.0,0,6,3,38.0,0,5.4,8.4,,,70.0,183.0,28.12629411764706,7.0,Oregon State,2014.0,2014.0,NO,20.0,-31.0,0.23076923
2021,14,00-0031236,B.Cooks,WR,HOU,SEA,0,0,0.0,0,0.0,0.0,0.0,0,0.0,0,11,8,101.0,0,10.1,18.1,,,70.0,183.0,28.12629411764706,7.0,Oregon State,2014.0,2014.0,NO,20.0,-20.0,0.22916667
2021,15,00-0031236,B.Cooks,WR,HOU,JAX,0,0,0.0,0,0.0,0.0,0.0,0,0.0,0,10,7,102.0,2,22.2,29.2,,,70.0,183.0,28.12629411764706,7.0,Oregon State,2014.0,2014.0,NO,20.0,,0.33333334
2021,17,00-0031236,B.Cooks,WR,HOU,SF,0,0,0.0,0,0.0,0.0,0.0,0,0.0,0,11,7,66.0,1,12.6,19.6,,,70.0,183.0,28.12629411764706,7.0,Oregon State,2014.0,2014.0,NO,20.0,,0.36666667
2021,18,00-0031236,B.Cooks,WR,HOU,TEN,0,0,0.0,0,0.0,0.0,0.0,0,0.0,0,4,3,26.0,0,2.6,5.6,,,70.0,183.0,28.12629411764706,7.0,Oregon State,2014.0,2014.0,NO,20.0,-3.0,0.125
2021,1,00-0031237,T.Bridgewater,QB,DEN,NYG,28,36,264.0,2,0.0,2.0,9.0,3,19.0,0,0,0,0.0,0,20.46,20.46,,,74.0,215.0,28.99835294117647,7.0,Louisville,2014.0,2014.0,MIN,32.0,,
2021,2,00-0031237,T.Bridgewater,QB,DEN,JAX,26,34,328.0,2,0.0,3.0,26.0,4,1.0,0,0,0,0.0,0,21.22,21.22,,,74.0,215.0,28.99835294117647,7.0,Louisville,2014.0,2014.0,MIN,32.0,,
2021,3,00-0031237,T.Bridgewater,QB,DEN,NYJ,19,25,235.0,0,0.0,2.0,12.0,4,24.0,0,0,0,0.0,0,11.8,11.8,,,74.0,215.0,28.99835294117647,7.0,Louisville,2014.0,2014.0,MIN,32.0,26.0,
2021,4,00-0031237,T.Bridgewater,QB,DEN,BAL,7,16,65.0,1,0.0,2.0,15.0,1,2.0,0,0,0,0.0,0,6.8,6.8,,,74.0,215.0,28.99835294117647,7.0,Louisville,2014.0,2014.0,MIN,32.0,-16.0,
2021,5,00-0031237,T.Bridgewater,QB,DEN,PIT,24,38,288.0,2,1.0,2.0,20.0,1,11.0,0,0,0,0.0,0,18.62,18.62,,,74.0,215.0,28.99835294117647,7.0,Louisville,2014.0,2014.0,MIN,32.0,,
2021,6,00-0031237,T.Bridgewater,QB,DEN,LV,35,49,334.0,3,3.0,5.0,25.0,2,9.0,0,0,0,0.0,0,18.26,18.26,,,74.0,215.0,28.99835294117647,7.0,Louisville,2014.0,2014.0,MIN,32.0,-10.0,
2021,7,00-0031237,T.Bridgewater,QB,DEN,CLE,23,33,187.0,2,1.0,2.0,5.0,2,3.0,0,0,0,0.0,0,13.78,13.78,,,74.0,215.0,28.99835294117647,7.0,Louisville,2014.0,2014.0,MIN,32.0,,
2021,8,00-0031237,T.Bridgewater,QB,DEN,WAS,19,26,213.0,1,0.0,4.0,23.0,1,1.0,0,0,0,0.0,0,12.62,12.62,,,74.0,215.0,28.99835294117647,7.0,Louisville,2014.0,2014.0,MIN,32.0,7.0,
2021,9,00-0031237,T.Bridgewater,QB,DEN,DAL,19,28,249.0,1,0.0,4.0,32.0,3,-1.0,1,0,0,0.0,0,21.86,21.86,,,74.0,215.0,28.99835294117647,7.0,Louisville,2014.0,2014.0,MIN,32.0,,
2021,10,00-0031237,T.Bridgewater,QB,DEN,PHI,22,36,226.0,0,0.0,1.0,14.0,0,0.0,0,0,0,0.0,0,9.04,9.04,,,74.0,215.0,28.99835294117647,7.0,Louisville,2014.0,2014.0,MIN,32.0,-17.0,
2021,12,00-0031237,T.Bridgewater,QB,DEN,LAC,11,18,129.0,1,0.0,0.0,-0.0,2,10.0,1,0,0,0.0,0,16.16,16.16,,,74.0,215.0,28.99835294117647,7.0,Louisville,2014.0,2014.0,MIN,32.0,15.0,
2021,13,00-0031237,T.Bridgewater,QB,DEN,KC,22,40,257.0,1,2.0,1.0,7.0,4,17.0,0,0,0,0.0,0,11.98,11.98,,,74.0,215.0,28.99835294117647,7.0,Louisville,2014.0,2014.0,MIN,32.0,,
2021,14,00-0031237,T.Bridgewater,QB,DEN,DET,18,25,179.0,2,0.0,1.0,5.0,0,0.0,0,0,0,0.0,0,15.16,15.16,,,74.0,215.0,28.99835294117647,7.0,Louisville,2014.0,2014.0,MIN,32.0,28.0,
2021,15,00-0031237,T.Bridgewater,QB,DEN,CIN,12,22,98.0,0,0.0,2.0,18.0,3,10.0,0,0,0,0.0,0,4.92,4.92,,,74.0,215.0,28.99835294117647,7.0,Louisville,2014.0,2014.0,MIN,32.0,-5.0,
2021,1,00-0031260,L.Thomas,TE,WAS,LAC,0,0,0.0,0,0.0,0.0,0.0,0,0.0,0,3,3,30.0,1,9.0,12.0,,,78.0,250.0,30.364705882352943,7.0,Virginia Tech,2014.0,2014.0,ARI,120.0,-4.0,0.15
2021,2,00-0031260,L.Thomas,TE,WAS,NYG,0,0,0.0,0,0.0,0.0,0.0,0,0.0,0,7,5,45.0,0,4.5,9.5,,,78.0,250.0,30.364705882352943,7.0,Virginia Tech,2014.0,2014.0,ARI,120.0,1.0,0.1590909
2021,3,00-0031260,L.Thomas,TE,WAS,BUF,0,0,0.0,0,0.0,0.0,0.0,0,0.0,0,4,4,42.0,1,8.2,12.2,,,78.0,250.0,30.364705882352943,7.0,Virginia Tech,2014.0,2014.0,ARI,120.0,,0.16666667
2021,12,00-0031260,L.Thomas,TE,WAS,SEA,0,0,0.0,0,0.0,0.0,0.0,0,0.0,0,6,3,31.0,0,3.1,6.1,,,78.0,250.0,30.364705882352943,7.0,Virginia Tech,2014.0,2014.0,ARI,120.0,2.0,0.1764706
2021,13,00-0031260,L.Thomas,TE,WAS,LV,0,0,0.0,0,0.0,0.0,0.0,0,0.0,0,5,3,48.0,1,10.8,13.8,,,78.0,250.0,30.364705882352943,7.0,Virginia Tech,2014.0,2014.0,ARI,120.0,,0.16666667
2021,2,00-0031273,C.Brate,TE,TB,ATL,0,0,0.0,0,0.0,0.0,0.0,0,0.0,0,1,1,8.0,0,0.8,1.8,,,77.0,245.0,30.378631578947367,7.0,Harvard,2014.0,2014.0,,,23.0,0.028571429
2021,3,00-0031273,C.Brate,TE,TB,LA,0,0,0.0,0,0.0,0.0,0.0,0,0.0,0,5,4,35.0,0,3.5,7.5,,,77.0,245.0,30.378631578947367,7.0,Harvard,2014.0,2014.0,,,,0.09259259
2021,4,00-0031273,C.Brate,TE,TB,NE,0,0,0.0,0,0.0,0.0,0.0,0,0.0,0,6,2,29.0,0,2.9,4.9,,,77.0,245.0,30.378631578947367,7.0,Harvard,2014.0,2014.0,,,,0.13953489
2021,5,00-0031273,C.Brate,TE,TB,MIA,0,0,0.0,0,0.0,0.0,0.0,0,0.0,0,1,1,12.0,0,1.2,2.2,,,77.0,245.0,30.378631578947367,7.0,Harvard,2014.0,2014.0,,,28.0,0.023809524
2021,6,00-0031273,C.Brate,TE,TB,PHI,0,0,0.0,0,0.0,0.0,0.0,0,0.0,0,4,3,26.0,0,2.6,5.6,,,77.0,245.0,30.378631578947367,7.0,Harvard,2014.0,2014.0,,,,0.0952381
2021,7,00-0031273,C.Brate,TE,TB,CHI,0,0,0.0,0,0.0,0.0,0.0,0,0.0,0,4,0,0.0,0,0.0,0.0,,,77.0,245.0,30.378631578947367,7.0,Harvard,2014.0,2014.0,,,35.0,0.102564104
2021,8,00-0031273,C.Brate,TE,TB,NO,0,0,0.0,0,0.0,0.0,0.0,0,0.0,0,4,2,15.0,0,1.5,3.5,,,77.0,245.0,30.378631578947367,7.0,Harvard,2014.0,2014.0,,,,0.09756097
2021,10,00-0031273,C.Brate,TE,TB,WAS,0,0,0.0,0,0.0,0.0,0.0,0,0.0,0,3,1,6.0,1,6.6,7.6,,,77.0,245.0,30.378631578947367,7.0,Harvard,2014.0,2014.0,,,,0.09090909
2021,11,00-0031273,C.Brate,TE,TB,NYG,0,0,0.0,0,0.0,0.0,0.0,0,0.0,0,6,2,27.0,0,2.7,4.7,,,77.0,245.0,30.378631578947367,7.0,Harvard,2014.0,2014.0,,,20.0,0.12765957
2021,12,00-0031273,C.Brate,TE,TB,IND,0,0,0.0,0,0.0,0.0,0.0,0,0.0,0,4,3,23.0,0,2.3,5.3,,,77.0,245.0,30.378631578947367,7.0,Harvard,2014.0,2014.0,,,,0.11764706
2021,13,00-0031273,C.Brate,TE,TB,ATL,0,0,0.0,0,0.0,0.0,0.0,0,0.0,0,1,1,3.0,1,6.3,7.3,,,77.0,245.0,30.378631578947367,7.0,Harvard,2014.0,2014.0,,,,0.019607844
2021,14,00-0031273,C.Brate,TE,TB,BUF,0,0,0.0,0,0.0,0.0,0.0,0,0.0,0,4,2,11.0,0,1.1,3.1,,,77.0,245.0,30.378631578947367,7.0,Harvard,2014.0,2014.0,,,6.0,0.08695652
2021,15,00-0031273,C.Brate,TE,TB,NO,0,0,0.0,0,0.0,0.0,0.0,0,0.0,0,4,2,22.0,0,2.2,4.2,,,77.0,245.0,30.378631578947367,7.0,Harvard,2014.0,2014.0,,,-9.0,0.083333336
2021,16,00-0031273,C.Brate,TE,TB,CAR,0,0,0.0,0,0.0,0.0,0.0,0,0.0,0,4,2,11.0,1,7.1,9.1,,,77.0,245.0,30.378631578947367,7.0,Harvard,2014.0,2014.0,,,,0.13793103
2021,17,00-0031273,C.Brate,TE,TB,NYJ,0,0,0.0,0,0.0,0.0,0.0,0,0.0,0,3,2,5.0,1,6.5,8.5,,,77.0,245.0,30.378631578947367,7.0,Harvard,2014.0,2014.0,,,,0.06122449
2021,18,00-0031273,C.Brate,TE,TB,CAR,0,0,0.0,0,0.0,0.0,0.0,0,0.0,0,3,2,12.0,0,1.2,3.2,,,77.0,245.0,30.378631578947367,7.0,Harvard,2014.0,2014.0,,,24.0,0.078947365
2021,19,00-0031273,C.Brate,TE,TB,PHI,0,0,0.0,0,0.0,0.0,0.0,0,0.0,0,3,3,29.0,0,2.9,5.9,,,77.0,245.0,30.378631578947367,7.0,Harvard,2014.0,2014.0,,,16.0,0.083333336
2021,20,00-0031273,C.Brate,TE,TB,LA,0,0,0.0,0,0.0,0.0,0.0,0,0.0,0,3,1,9.0,0,0.9,1.9,,,77.0,245.0,30.378631578947367,7.0,Harvard,2014.0,2014.0,,,-3.0,0.056603774
2021,1,00-0031280,D.Carr,QB,LV,BAL,34,56,435.0,2,1.0,3.0,26.0,4,6.0,0,0,0,0.0,0,24.0,24.0,,,75.0,210.0,30.635777777777776,7.0,Fresno State,2014.0,2014.0,OAK,36.0,6.0,
2021,2,00-0031280,D.Carr,QB,LV,PIT,28,37,382.0,2,0.0,2.0,9.0,4,9.0,0,0,0,0.0,0,24.18,24.18,,,75.0,210.0,30.635777777777776,7.0,Fresno State,2014.0,2014.0,OAK,36.0,,
2021,3,00-0031280,D.Carr,QB,LV,MIA,26,43,386.0,2,1.0,3.0,29.0,2,-2.0,0,0,0,0.0,0,21.24,21.24,,,75.0,210.0,30.635777777777776,7.0,Fresno State,2014.0,2014.0,OAK,36.0,3.0,
2021,4,00-0031280,D.Carr,QB,LV,LAC,21,34,196.0,2,1.0,4.0,31.0,3,6.0,0,0,0,0.0,0,14.44,14.44,,,75.0,210.0,30.635777777777776,7.0,Fresno State,2014.0,2014.0,OAK,36.0,,
2021,5,00-0031280,D.Carr,QB,LV,CHI,22,35,206.0,0,1.0,3.0,18.0,3,10.0,0,0,0,0.0,0,7.24,7.24,,,75.0,210.0,30.635777777777776,7.0,Fresno State,2014.0,2014.0,OAK,36.0,-11.0,
2021,6,00-0031280,D.Carr,QB,LV,DEN,18,27,341.0,2,0.0,2.0,1.0,2,-1.0,0,0,0,0.0,0,21.54,21.54,,,75.0,210.0,30.635777777777776,7.0,Fresno State,2014.0,2014.0,OAK,36.0,,
2021,7,00-0031280,D.Carr,QB,LV,PHI,31,34,323.0,2,1.0,0.0,-0.0,2,1.0,0,0,0,0.0,0,19.02,19.02,,,75.0,210.0,30.635777777777776,7.0,Fresno State,2014.0,2014.0,OAK,36.0,11.0,
2021,9,00-0031280,D.Carr,QB,LV,NYG,30,46,296.0,1,2.0,1.0,10.0,2,5.0,0,0,0,0.0,0,10.34,10.34,,,75.0,210.0,30.635777777777776,7.0,Fresno State,2014.0,2014.0,OAK,36.0,,
2021,10,00-0031280,D.Carr,QB,LV,KC,25,35,261.0,2,1.0,2.0,12.0,3,18.0,0,0,0,0.0,0,18.24,18.24,,,75.0,210.0,30.635777777777776,7.0,Fresno State,2014.0,2014.0,OAK,36.0,-27.0,
2021,11,00-0031280,D.Carr,QB,LV,CIN,19,27,215.0,1,1.0,2.0,9.0,0,0.0,0,0,0,0.0,0,8.6,8.6,,,75.0,210.0,30.635777777777776,7.0,Fresno State,2014.0,2014.0,OAK,36.0,-19.0,
2021,12,00-0031280,D.Carr,QB,LV,DAL,24,39,373.0,1,0.0,3.0,7.0,2,21.0,0,0,0,0.0,0,21.02,21.02,,,75.0,210.0,30.635777777777776,7.0,Fresno State,2014.0,2014.0,OAK,36.0,,
2021,13,00-0031280,D.Carr,QB,LV,WAS,28,38,249.0,0,0.0,2.0,15.0,2,24.0,0,0,0,0.0,0,12.36,12.36,,,75.0,210.0,30.635777777777776,7.0,Fresno State,2014.0,2014.0,OAK,36.0,-2.0,
2021,14,00-0031280,D.Carr,QB,LV,KC,33,45,263.0,1,1.0,4.0,17.0,0,0.0,0,0,0,0.0,0,10.52,10.52,,,75.0,210.0,30.635777777777776,7.0,Fresno State,2014.0,2014.0,OAK,36.0,,
2021,15,00-0031280,D.Carr,QB,LV,CLE,25,38,236.0,1,1.0,2.0,6.0,3,7.0,0,0,0,0.0,0,10.14,10.14,,,75.0,210.0,30.635777777777776,7.0,Fresno State,2014.0,2014.0,OAK,36.0,,
2021,16,00-0031280,D.Carr,QB,LV,DEN,20,25,201.0,1,1.0,2.0,19.0,7,5.0,0,0,0,0.0,0,8.54,8.54,,,75.0,210.0,30.635777777777776,7.0,Fresno State,2014.0,2014.0,OAK,36.0,4.0,
2021,17,00-0031280,D.Carr,QB,LV,IND,24,31,255.0,1,2.0,2.0,14.0,0,0.0,0,0,0,0.0,0,10.2,10.2,,,75.0,210.0,30.635777777777776,7.0,Fresno State,2014.0,2014.0,OAK,36.0,,
2021,18,00-0031280,D.Carr,QB,LV,LAC,20,36,186.0,2,0.0,3.0,18.0,1,-1.0,0,0,0,0.0,0,15.34,15.34,,,75.0,210.0,30.635777777777776,7.0,Fresno State,2014.0,2014.0,OAK,36.0,3.0,
2021,19,00-0031280,D.Carr,QB,LV,CIN,29,54,310.0,1,1.0,3.0,28.0,1,20.0,0,0,0,0.0,0,14.4,14.4,,,75.0,210.0,30.635777777777776,7.0,Fresno State,2014.0,2014.0,OAK,36.0,,
2021,2,00-0031285,D.Freeman,RB,BAL,KC,0,0,0.0,0,0.0,0.0,0.0,2,29.0,0,0,0,0.0,0,2.9,2.9,,,68.0,206.0,29.659352941176472,7.0,Florida State,2014.0,2014.0,ATL,103.0,1.0,
2021,3,00-0031285,D.Freeman,RB,BAL,DET,0,0,0.0,0,0.0,0.0,0.0,3,8.0,0,0,0,0.0,0,0.8,0.8,,,68.0,206.0,29.659352941176472,7.0,Florida State,2014.0,2014.0,ATL,103.0,,
2021,4,00-0031285,D.Freeman,RB,BAL,DEN,0,0,0.0,0,0.0,0.0,0.0,1,4.0,0,0,0,0.0,0,0.4,0.4,,,68.0,206.0,29.659352941176472,7.0,Florida State,2014.0,2014.0,ATL,103.0,,
2021,5,00-0031285,D.Freeman,RB,BAL,IND,0,0,0.0,0,0.0,0.0,0.0,1,1.0,0,4,3,34.0,0,3.5,6.5,,,68.0,206.0,29.659352941176472,7.0,Florida State,2014.0,2014.0,ATL,103.0,6.0,0.093023255
2021,6,00-0031285,D.Freeman,RB,BAL,LAC,0,0,0.0,0,0.0,0.0,0.0,9,53.0,1,2,0,0.0,0,11.3,11.3,,,68.0,206.0,29.659352941176472,7.0,Florida State,2014.0,2014.0,ATL,103.0,28.0,0.074074075
2021,7,00-0031285,D.Freeman,RB,BAL,CIN,0,0,0.0,0,0.0,0.0,0.0,4,14.0,1,3,3,25.0,0,9.9,12.9,,,68.0,206.0,29.659352941176472,7.0,Florida State,2014.0,2014.0,ATL,103.0,-24.0,0.07317073
2021,9,00-0031285,D.Freeman,RB,BAL,MIN,0,0,0.0,0,0.0,0.0,0.0,13,79.0,0,3,2,4.0,1,14.3,16.3,,,68.0,206.0,29.659352941176472,7.0,Florida State,2014.0,2014.0,ATL,103.0,3.0,0.07317073
2021,10,00-0031285,D.Freeman,RB,BAL,MIA,0,0,0.0,0,0.0,0.0,0.0,10,35.0,0,4,3,23.0,0,5.8,8.8,,,68.0,206.0,29.659352941176472,7.0,Florida State,2014.0,2014.0,ATL,103.0,,0.09756097
2021,11,00-0031285,D.Freeman,RB,BAL,CHI,0,0,0.0,0,0.0,0.0,0.0,16,49.0,1,6,6,31.0,0,14.0,20.0,,,68.0,206.0,29.659352941176472,7.0,Florida State,2014.0,2014.0,ATL,103.0,,0.16666667
2021,12,00-0031285,D.Freeman,RB,BAL,CLE,0,0,0.0,0,0.0,0.0,0.0,16,52.0,0,1,1,8.0,0,6.0,7.0,,,68.0,206.0,29.659352941176472,7.0,Florida State,2014.0,2014.0,ATL,103.0,6.0,0.03125
2021,13,00-0031285,D.Freeman,RB,BAL,PIT,0,0,0.0,0,0.0,0.0,0.0,14,52.0,1,8,5,45.0,0,15.7,20.7,,,68.0,206.0,29.659352941176472,7.0,Florida State,2014.0,2014.0,ATL,103.0,,0.21621622
2021,14,00-0031285,D.Freeman,RB,BAL,CLE,0,0,0.0,0,0.0,0.0,0.0,13,64.0,0,5,5,8.0,0,7.2,12.2,,,68.0,206.0,29.659352941176472,7.0,Florida State,2014.0,2014.0,ATL,103.0,,0.125
2021,15,00-0031285,D.Freeman,RB,BAL,GB,0,0,0.0,0,0.0,0.0,0.0,6,22.0,0,1,1,2.0,0,2.4,3.4,,,68.0,206.0,29.659352941176472,7.0,Florida State,2014.0,2014.0,ATL,103.0,-1.0,0.025641026
2021,16,00-0031285,D.Freeman,RB,BAL,CIN,0,0,0.0,0,0.0,0.0,0.0,6,17.0,1,2,2,3.0,0,8.0,10.0,,,68.0,206.0,29.659352941176472,7.0,Florida State,2014.0,2014.0,ATL,103.0,,0.054054055
2021,17,00-0031285,D.Freeman,RB,BAL,LA,0,0,0.0,0,0.0,0.0,0.0,14,76.0,0,1,1,1.0,0,7.7,8.7,,,68.0,206.0,29.659352941176472,7.0,Florida State,2014.0,2014.0,ATL,103.0,-1.0,0.03448276
2021,18,00-0031285,D.Freeman,RB,BAL,PIT,0,0,0.0,0,0.0,0.0,0.0,5,21.0,0,2,2,6.0,0,2.7,4.7,,,68.0,206.0,29.659352941176472,7.0,Florida State,2014.0,2014.0,ATL,103.0,-3.0,0.0625
2021,3,00-0031319,D.Spencer,WR,DEN,NYJ,0,0,0.0,0,0.0,0.0,0.0,0,0.0,0,1,1,-3.0,0,-0.3,0.7,,,68.0,170.0,29.644470588235293,7.0,McNeese State,2014.0,2014.0,,,26.0,0.041666668
2021,4,00-0031319,D.Spencer,WR,DEN,BAL,0,0,0.0,0,0.0,0.0,0.0,0,0.0,0,1,0,0.0,0,0.0,0.0,,,68.0,170.0,29.644470588235293,7.0,McNeese State,2014.0,2014.0,,,-16.0,0.027027028
2021,5,00-0031319,D.Spencer,WR,DEN,PIT,0,0,0.0,0,0.0,0.0,0.0,0,0.0,0,1,0,0.0,0,0.0,0.0,,,68.0,170.0,29.644470588235293,7.0,McNeese State,2014.0,2014.0,,,,0.028571429
2021,14,00-0031319,D.Spencer,WR,DEN,DET,0,0,0.0,0,0.0,0.0,0.0,0,0.0,0,1,0,0.0,0,0.0,0.0,,,68.0,170.0,29.644470588235293,7.0,McNeese State,2014.0,2014.0,,,28.0,0.04
2021,1,00-0031325,S.Watkins,WR,BAL,LV,0,0,0.0,0,0.0,0.0,0.0,0,0.0,0,8,4,96.0,0,9.6,13.6,,,73.0,211.0,28.410882352941176,7.0,Clemson,2014.0,2014.0,BUF,4.0,,0.27586207
2021,2,00-0031325,S.Watkins,WR,BAL,KC,0,0,0.0,0,0.0,0.0,0.0,0,0.0,0,7,4,44.0,0,4.4,8.4,,,73.0,211.0,28.410882352941176,7.0,Clemson,2014.0,2014.0,BUF,4.0,1.0,0.28
2021,3,00-0031325,S.Watkins,WR,BAL,DET,0,0,0.0,0,0.0,0.0,0.0,0,0.0,0,7,4,68.0,0,6.8,10.8,,,73.0,211.0,28.410882352941176,7.0,Clemson,2014.0,2014.0,BUF,4.0,,0.25925925
2021,4,00-0031325,S.Watkins,WR,BAL,DEN,0,0,0.0,0,0.0,0.0,0.0,0,0.0,0,7,4,49.0,0,4.9,8.9,,,73.0,211.0,28.410882352941176,7.0,Clemson,2014.0,2014.0,BUF,4.0,,0.2
2021,5,00-0031325,S.Watkins,WR,BAL,IND,0,0,0.0,0,0.0,0.0,0.0,0,0.0,0,3,2,35.0,0,3.5,5.5,,,73.0,211.0,28.410882352941176,7.0,Clemson,2014.0,2014.0,BUF,4.0,6.0,0.069767445
2021,10,00-0031325,S.Watkins,WR,BAL,MIA,0,0,0.0,0,0.0,0.0,0.0,0,0.0,0,3,1,7.0,0,-1.3,-0.3,,,73.0,211.0,28.410882352941176,7.0,Clemson,2014.0,2014.0,BUF,4.0,,0.07317073
2021,11,00-0031325,S.Watkins,WR,BAL,CHI,0,0,0.0,0,0.0,0.0,0.0,0,0.0,0,4,3,48.0,0,4.8,7.8,,,73.0,211.0,28.410882352941176,7.0,Clemson,2014.0,2014.0,BUF,4.0,,0.11111111
2021,12,00-0031325,S.Watkins,WR,BAL,CLE,0,0,0.0,0,0.0,0.0,0.0,0,0.0,0,1,1,8.0,0,0.8,1.8,,,73.0,211.0,28.410882352941176,7.0,Clemson,2014.0,2014.0,BUF,4.0,6.0,0.03125
2021,13,00-0031325,S.Watkins,WR,BAL,PIT,0,0,0.0,0,0.0,0.0,0.0,0,0.0,0,6,4,39.0,1,9.9,13.9,,,73.0,211.0,28.410882352941176,7.0,Clemson,2014.0,2014.0,BUF,4.0,,0.16216215
2021,14,00-0031325,S.Watkins,WR,BAL,CLE,0,0,0.0,0,0.0,0.0,0.0,0,0.0,0,2,0,0.0,0,0.0,0.0,,,73.0,211.0,28.410882352941176,7.0,Clemson,2014.0,2014.0,BUF,4.0,,0.05
2021,18,00-0031325,S.Watkins,WR,BAL,PIT,0,0,0.0,0,0.0,0.0,0.0,0,0.0,0,1,0,0.0,0,0.0,0.0,,,73.0,211.0,28.410882352941176,7.0,Clemson,2014.0,2014.0,BUF,4.0,-3.0,0.03125
2021,1,00-0031345,J.Garoppolo,QB,SF,DET,17,25,314.0,1,0.0,1.0,8.0,3,2.0,0,0,0,0.0,0,14.76,14.76,,,74.0,225.0,30.057799999999997,7.0,Eastern Illinois,2014.0,2014.0,NE,62.0,,
2021,2,00-0031345,J.Garoppolo,QB,SF,PHI,22,30,189.0,1,0.0,0.0,-0.0,11,20.0,1,0,0,0.0,0,19.56,19.56,,,74.0,225.0,30.057799999999997,7.0,Eastern Illinois,2014.0,2014.0,NE,62.0,,
2021,3,00-0031345,J.Garoppolo,QB,SF,GB,25,40,257.0,2,1.0,4.0,26.0,1,4.0,0,0,0,0.0,0,14.68,14.68,,,74.0,225.0,30.057799999999997,7.0,Eastern Illinois,2014.0,2014.0,NE,62.0,-2.0,
2021,4,00-0031345,J.Garoppolo,QB,SF,SEA,14,23,165.0,1,1.0,1.0,7.0,0,0.0,0,0,0,0.0,0,8.6,8.6,,,74.0,225.0,30.057799999999997,7.0,Eastern Illinois,2014.0,2014.0,NE,62.0,-7.0,
2021,7,00-0031345,J.Garoppolo,QB,SF,IND,16,27,181.0,1,2.0,2.0,12.0,2,0.0,0,0,0,0.0,0,5.24,5.24,,,74.0,225.0,30.057799999999997,7.0,Eastern Illinois,2014.0,2014.0,NE,62.0,-12.0,
2021,8,00-0031345,J.Garoppolo,QB,SF,CHI,17,28,322.0,0,0.0,0.0,-0.0,5,4.0,2,0,0,0.0,0,27.28,27.28,,,74.0,225.0,30.057799999999997,7.0,Eastern Illinois,2014.0,2014.0,NE,62.0,,
2021,9,00-0031345,J.Garoppolo,QB,SF,ARI,28,40,326.0,2,1.0,5.0,28.0,1,3.0,0,0,0,0.0,0,19.34,19.34,,,74.0,225.0,30.057799999999997,7.0,Eastern Illinois,2014.0,2014.0,NE,62.0,-14.0,
2021,10,00-0031345,J.Garoppolo,QB,SF,LA,15,19,182.0,2,0.0,1.0,3.0,2,1.0,0,0,0,0.0,0,15.38,15.38,,,74.0,225.0,30.057799999999997,7.0,Eastern Illinois,2014.0,2014.0,NE,62.0,21.0,
2021,11,00-0031345,J.Garoppolo,QB,SF,JAX,16,22,176.0,2,0.0,2.0,14.0,2,6.0,0,0,0,0.0,0,15.64,15.64,,,74.0,225.0,30.057799999999997,7.0,Eastern Illinois,2014.0,2014.0,NE,62.0,,
2021,12,00-0031345,J.Garoppolo,QB,SF,MIN,17,26,230.0,1,1.0,2.0,15.0,3,0.0,0,0,0,0.0,0,11.2,11.2,,,74.0,225.0,30.057799999999997,7.0,Eastern Illinois,2014.0,2014.0,NE,62.0,8.0,
2021,13,00-0031345,J.Garoppolo,QB,SF,SEA,20,30,299.0,2,2.0,1.0,5.0,2,0.0,0,0,0,0.0,0,15.96,15.96,,,74.0,225.0,30.057799999999997,7.0,Eastern Illinois,2014.0,2014.0,NE,62.0,,
2021,14,00-0031345,J.Garoppolo,QB,SF,CIN,27,41,296.0,2,0.0,5.0,41.0,1,3.0,0,0,0,0.0,0,20.14,20.14,,,74.0,225.0,30.057799999999997,7.0,Eastern Illinois,2014.0,2014.0,NE,62.0,,
2021,15,00-0031345,J.Garoppolo,QB,SF,ATL,18,23,235.0,1,0.0,0.0,-0.0,3,4.0,0,0,0,0.0,0,13.8,13.8,,,74.0,225.0,30.057799999999997,7.0,Eastern Illinois,2014.0,2014.0,NE,62.0,18.0,
2021,16,00-0031345,J.Garoppolo,QB,SF,TEN,26,35,322.0,1,2.0,2.0,16.0,1,3.0,0,0,0,0.0,0,13.18,13.18,,,74.0,225.0,30.057799999999997,7.0,Eastern Illinois,2014.0,2014.0,NE,62.0,,
2021,18,00-0031345,J.Garoppolo,QB,SF,LA,23,32,316.0,1,2.0,3.0,26.0,1,1.0,0,0,0,0.0,0,12.74,12.74,,,74.0,225.0,30.057799999999997,7.0,Eastern Illinois,2014.0,2014.0,NE,62.0,,
2021,19,00-0031345,J.Garoppolo,QB,SF,DAL,16,25,172.0,0,1.0,0.0,-0.0,1,1.0,0,0,0,0.0,0,4.98,4.98,,,74.0,225.0,30.057799999999997,7.0,Eastern Illinois,2014.0,2014.0,NE,62.0,,
2021,20,00-0031345,J.Garoppolo,QB,SF,GB,11,19,131.0,0,1.0,4.0,25.0,0,0.0,0,0,0,0.0,0,3.24,3.24,,,74.0,225.0,30.057799999999997,7.0,Eastern Illinois,2014.0,2014.0,NE,62.0,,
2021,21,00-0031345,J.Garoppolo,QB,SF,LA,16,30,232.0,2,1.0,0.0,-0.0,1,4.0,0,0,0,0.0,0,15.68,15.68,,,74.0,225.0,30.057799999999997,7.0,Eastern Illinois,2014.0,2014.0,NE,62.0,,
2021,19,00-0031357,C.Goodwin,CB,DAL,SF,0,0,0.0,0,0.0,0.0,0.0,0,0.0,0,1,1,16.0,0,1.6,2.6,,,73.0,190.0,31.77733333333333,7.0,"California, Pa.",2014.0,2014.0,,,-6.0,0.023809524
2021,18,00-0031363,M.Palardy,P,MIA,NE,0,0,0.0,0,0.0,0.0,0.0,1,1.0,0,0,0,0.0,0,0.1,0.1,,,71.0,200.0,29.34294117647059,7.0,Tennessee,2014.0,2014.0,,,9.0,
2021,2,00-0031376,J.McKinnon,RB,KC,BAL,0,0,0.0,0,0.0,0.0,0.0,0,0.0,0,1,1,14.0,0,1.4,2.4,,,69.0,205.0,29.551049999999996,7.0,Georgia Southern,2014.0,2014.0,MIN,96.0,,0.033333335
2021,5,00-0031376,J.McKinnon,RB,KC,BUF,0,0,0.0,0,0.0,0.0,0.0,1,2.0,0,2,2,13.0,0,1.5,3.5,,,69.0,205.0,29.551049999999996,7.0,Georgia Southern,2014.0,2014.0,MIN,96.0,-18.0,0.04
2021,6,00-0031376,J.McKinnon,RB,KC,WAS,0,0,0.0,0,0.0,0.0,0.0,3,10.0,0,4,1,5.0,0,1.5,2.5,,,69.0,205.0,29.551049999999996,7.0,Georgia Southern,2014.0,2014.0,MIN,96.0,,0.08695652
2021,7,00-0031376,J.McKinnon,RB,KC,TEN,0,0,0.0,0,0.0,0.0,0.0,0,0.0,0,4,2,17.0,0,1.7,3.7,,,69.0,205.0,29.551049999999996,7.0,Georgia Southern,2014.0,2014.0,MIN,96.0,,0.083333336
2021,9,00-0031376,J.McKinnon,RB,KC,GB,0,0,0.0,0,0.0,0.0,0.0,0,0.0,0,3,3,26.0,0,2.6,5.6,,,69.0,205.0,29.551049999999996,7.0,Georgia Southern,2014.0,2014.0,MIN,96.0,6.0,0.083333336
2021,10,00-0031376,J.McKinnon,RB,KC,LV,0,0,0.0,0,0.0,0.0,0.0,3,26.0,0,3,1,6.0,0,3.2,4.2,,,69.0,205.0,29.551049999999996,7.0,Georgia Southern,2014.0,2014.0,MIN,96.0,,0.0625
2021,18,00-0031376,J.McKinnon,RB,KC,DEN,0,0,0.0,0,0.0,0.0,0.0,5,24.0,0,3,3,26.0,1,11.0,14.0,,,69.0,205.0,29.551049999999996,7.0,Georgia Southern,2014.0,2014.0,MIN,96.0,,0.071428575
2021,19,00-0031376,J.McKinnon,RB,KC,PIT,0,0,0.0,0,0.0,0.0,0.0,12,61.0,0,6,6,81.0,1,20.2,26.2,,,69.0,205.0,29.551049999999996,7.0,Georgia Southern,2014.0,2014.0,MIN,96.0,21.0,0.15789473
2021,20,00-0031376,J.McKinnon,RB,KC,BUF,0,0,0.0,0,0.0,0.0,0.0,10,24.0,0,7,5,54.0,0,7.8,12.8,,,69.0,205.0,29.551049999999996,7.0,Georgia Southern,2014.0,2014.0,MIN,96.0,6.0,0.16666667
2021,21,00-0031376,J.McKinnon,RB,KC,CIN,0,0,0.0,0,0.0,0.0,0.0,12,65.0,0,4,3,30.0,0,9.5,12.5,,,69.0,205.0,29.551049999999996,7.0,Georgia Southern,2014.0,2014.0,MIN,96.0,-3.0,0.10810811
2021,1,00-0031381,D.Adams,WR,GB,NO,0,0,0.0,0,0.0,0.0,0.0,0,0.0,0,7,5,56.0,0,5.6,10.6,,,73.0,215.0,28.887055555555555,7.0,Fresno State,2014.0,2014.0,GB,53.0,,0.21212122
2021,2,00-0031381,D.Adams,WR,GB,DET,0,0,0.0,0,0.0,0.0,0.0,0,0.0,0,9,8,121.0,0,12.1,20.1,,,73.0,215.0,28.887055555555555,7.0,Fresno State,2014.0,2014.0,GB,53.0,18.0,0.33333334
2021,3,00-0031381,D.Adams,WR,GB,SF,0,0,0.0,0,0.0,0.0,0.0,0,0.0,0,18,12,132.0,1,19.2,31.2,,,73.0,215.0,28.887055555555555,7.0,Fresno State,2014.0,2014.0,GB,53.0,,0.58064514
2021,4,00-0031381,D.Adams,WR,GB,PIT,0,0,0.0,0,0.0,0.0,0.0,0,0.0,0,11,6,64.0,0,6.4,12.4,,,73.0,215.0,28.887055555555555,7.0,Fresno State,2014.0,2014.0,GB,53.0,10.0,0.31428573
2021,5,00-0031381,D.Adams,WR,GB,CIN,0,0,0.0,0,0.0,0.0,0.0,0,0.0,0,16,11,206.0,1,26.6,37.6,,,73.0,215.0,28.887055555555555,7.0,Fresno State,2014.0,2014.0,GB,53.0,,0.45714286
2021,6,00-0031381,D.Adams,WR,GB,CHI,0,0,0.0,0,0.0,0.0,0.0,0,0.0,0,5,4,89.0,0,8.9,12.9,,,73.0,215.0,28.887055555555555,7.0,Fresno State,2014.0,2014.0,GB,53.0,,0.23809524
2021,7,00-0031381,D.Adams,WR,GB,WAS,0,0,0.0,0,0.0,0.0,0.0,0,0.0,0,7,6,76.0,1,13.6,19.6,,,73.0,215.0,28.887055555555555,7.0,Fresno State,2014.0,2014.0,GB,53.0,14.0,0.20588236
2021,9,00-0031381,D.Adams,WR,GB,KC,0,0,0.0,0,0.0,0.0,0.0,0,0.0,0,14,6,42.0,0,4.2,10.2,,,73.0,215.0,28.887055555555555,7.0,Fresno State,2014.0,2014.0,GB,53.0,,0.4375
2021,10,00-0031381,D.Adams,WR,GB,SEA,0,0,0.0,0,0.0,0.0,0.0,0,0.0,0,11,7,78.0,0,7.8,14.8,,,73.0,215.0,28.887055555555555,7.0,Fresno State,2014.0,2014.0,GB,53.0,17.0,0.31428573
2021,11,00-0031381,D.Adams,WR,GB,MIN,0,0,0.0,0,0.0,0.0,0.0,0,0.0,0,8,7,115.0,2,23.5,30.5,,,73.0,215.0,28.887055555555555,7.0,Fresno State,2014.0,2014.0,GB,53.0,,0.2580645
2021,12,00-0031381,D.Adams,WR,GB,LA,0,0,0.0,0,0.0,0.0,0.0,0,0.0,0,9,8,104.0,0,10.4,18.4,,,73.0,215.0,28.887055555555555,7.0,Fresno State,2014.0,2014.0,GB,53.0,8.0,0.20454545
2021,14,00-0031381,D.Adams,WR,GB,CHI,0,0,0.0,0,0.0,0.0,0.0,0,0.0,0,13,10,121.0,2,24.1,34.1,,,73.0,215.0,28.887055555555555,7.0,Fresno State,2014.0,2014.0,GB,53.0,15.0,0.37142858
2021,15,00-0031381,D.Adams,WR,GB,BAL,0,0,0.0,0,0.0,0.0,0.0,0,0.0,0,7,6,44.0,1,10.4,16.4,,,73.0,215.0,28.887055555555555,7.0,Fresno State,2014.0,2014.0,GB,53.0,,0.22580644
2021,16,00-0031381,D.Adams,WR,GB,CLE,0,0,0.0,0,0.0,0.0,0.0,0,0.0,0,13,10,114.0,2,23.4,33.4,,,73.0,215.0,28.887055555555555,7.0,Fresno State,2014.0,2014.0,GB,53.0,2.0,0.38235295
2021,17,00-0031381,D.Adams,WR,GB,MIN,0,0,0.0,0,0.0,0.0,0.0,0,0.0,0,14,11,136.0,1,19.6,30.6,,,73.0,215.0,28.887055555555555,7.0,Fresno State,2014.0,2014.0,GB,53.0,27.0,0.33333334
2021,18,00-0031381,D.Adams,WR,GB,DET,0,0,0.0,0,0.0,0.0,0.0,0,0.0,0,7,6,55.0,0,5.5,11.5,,,73.0,215.0,28.887055555555555,7.0,Fresno State,2014.0,2014.0,GB,53.0,,0.2
2021,20,00-0031381,D.Adams,WR,GB,SF,0,0,0.0,0,0.0,0.0,0.0,0,0.0,0,11,9,90.0,0,9.0,18.0,,,73.0,215.0,28.887055555555555,7.0,Fresno State,2014.0,2014.0,GB,53.0,-3.0,0.4074074
2021,1,00-0031382,J.Landry,WR,CLE,KC,0,0,0.0,0,0.0,0.0,0.0,2,13.0,1,5,5,71.0,0,14.4,19.4,,,71.0,196.0,28.947176470588232,7.0,Louisiana State,2014.0,2014.0,MIA,63.0,,0.18518518
2021,2,00-0031382,J.Landry,WR,CLE,HOU,0,0,0.0,0,0.0,0.0,0.0,0,0.0,0,1,1,9.0,0,0.9,1.9,,,71.0,196.0,28.947176470588232,7.0,Louisiana State,2014.0,2014.0,MIA,63.0,10.0,0.04761905
2021,7,00-0031382,J.Landry,WR,CLE,DEN,0,0,0.0,0,0.0,0.0,0.0,0,0.0,0,8,5,37.0,0,3.7,8.7,,,71.0,196.0,28.947176470588232,7.0,Louisiana State,2014.0,2014.0,MIA,63.0,3.0,0.25
2021,8,00-0031382,J.Landry,WR,CLE,PIT,0,0,0.0,0,0.0,0.0,0.0,1,5.0,0,10,5,65.0,0,5.0,10.0,,,71.0,196.0,28.947176470588232,7.0,Louisiana State,2014.0,2014.0,MIA,63.0,-5.0,0.32258064
2021,9,00-0031382,J.Landry,WR,CLE,CIN,0,0,0.0,0,0.0,0.0,0.0,1,0.0,0,5,3,11.0,0,1.1,4.1,,,71.0,196.0,28.947176470588232,7.0,Louisiana State,2014.0,2014.0,MIA,63.0,,0.2631579
2021,10,00-0031382,J.Landry,WR,CLE,NE,0,0,0.0,0,0.0,0.0,0.0,0,0.0,0,5,4,26.0,0,2.6,6.6,,,71.0,196.0,28.947176470588232,7.0,Louisiana State,2014.0,2014.0,MIA,63.0,,0.16129032
2021,11,00-0031382,J.Landry,WR,CLE,DET,0,0,0.0,0,0.0,0.0,0.0,1,16.0,1,8,4,26.0,0,10.2,14.2,,,71.0,196.0,28.947176470588232,7.0,Louisiana State,2014.0,2014.0,MIA,63.0,3.0,0.2857143
2021,12,00-0031382,J.Landry,WR,CLE,BAL,0,0,0.0,0,0.0,1.0,1.0,0,0.0,0,10,6,111.0,0,9.1,15.1,,,71.0,196.0,28.947176470588232,7.0,Louisiana State,2014.0,2014.0,MIA,63.0,,0.29411766
2021,14,00-0031382,J.Landry,WR,CLE,BAL,0,0,0.0,0,0.0,0.0,0.0,0,0.0,0,10,5,41.0,1,10.1,15.1,,,71.0,196.0,28.947176470588232,7.0,Louisiana State,2014.0,2014.0,MIA,63.0,2.0,0.32258064
2021,16,00-0031382,J.Landry,WR,CLE,GB,0,0,0.0,0,0.0,0.0,0.0,0,0.0,0,7,4,55.0,0,5.5,9.5,,,71.0,196.0,28.947176470588232,7.0,Louisiana State,2014.0,2014.0,MIA,63.0,,0.19444445
2021,17,00-0031382,J.Landry,WR,CLE,PIT,0,0,0.0,0,0.0,0.0,0.0,1,6.0,0,10,4,43.0,0,4.9,8.9,,,71.0,196.0,28.947176470588232,7.0,Louisiana State,2014.0,2014.0,MIA,63.0,,0.2777778
2021,18,00-0031382,J.Landry,WR,CLE,CIN,0,0,0.0,0,0.0,0.0,0.0,0,0.0,0,8,6,75.0,1,13.5,19.5,,,71.0,196.0,28.947176470588232,7.0,Louisiana State,2014.0,2014.0,MIA,63.0,5.0,0.33333334
2021,18,00-0031384,R.Rodgers,TE,PHI,DAL,0,0,0.0,0,0.0,0.0,0.0,0,0.0,0,2,2,11.0,0,1.1,3.1,,,76.0,257.0,29.8235625,7.0,California,2014.0,2014.0,GB,98.0,-25.0,0.05882353
2021,1,00-0031387,E.Ebron,TE,PIT,BUF,0,0,0.0,0,0.0,0.0,0.0,0,0.0,0,2,1,19.0,0,1.9,2.9,,,76.0,253.0,28.599888888888888,7.0,North Carolina,2014.0,2014.0,DET,10.0,,0.0625
2021,2,00-0031387,E.Ebron,TE,PIT,LV,0,0,0.0,0,0.0,0.0,0.0,0,0.0,0,2,0,0.0,0,0.0,0.0,,,76.0,253.0,28.599888888888888,7.0,North Carolina,2014.0,2014.0,DET,10.0,-9.0,0.05
2021,3,00-0031387,E.Ebron,TE,PIT,CIN,0,0,0.0,0,0.0,0.0,0.0,0,0.0,0,3,0,0.0,0,0.0,0.0,,,76.0,253.0,28.599888888888888,7.0,North Carolina,2014.0,2014.0,DET,10.0,-14.0,0.05172414
2021,4,00-0031387,E.Ebron,TE,PIT,GB,0,0,0.0,0,0.0,0.0,0.0,0,0.0,0,2,2,8.0,0,0.8,2.8,,,76.0,253.0,28.599888888888888,7.0,North Carolina,2014.0,2014.0,DET,10.0,,0.051282052
2021,5,00-0031387,E.Ebron,TE,PIT,DEN,0,0,0.0,0,0.0,0.0,0.0,0,0.0,0,2,2,10.0,0,1.0,3.0,,,76.0,253.0,28.599888888888888,7.0,North Carolina,2014.0,2014.0,DET,10.0,8.0,0.08
2021,6,00-0031387,E.Ebron,TE,PIT,SEA,0,0,0.0,0,0.0,0.0,0.0,1,1.0,1,2,2,10.0,0,7.1,9.1,,,76.0,253.0,28.599888888888888,7.0,North Carolina,2014.0,2014.0,DET,10.0,3.0,0.051282052
2021,10,00-0031387,E.Ebron,TE,PIT,DET,0,0,0.0,0,0.0,0.0,0.0,0,0.0,0,2,2,13.0,0,1.3,3.3,,,76.0,253.0,28.599888888888888,7.0,North Carolina,2014.0,2014.0,DET,10.0,0.0,0.040816326
2021,11,00-0031387,E.Ebron,TE,PIT,LAC,0,0,0.0,0,0.0,0.0,0.0,0,0.0,0,3,3,24.0,1,8.4,11.4,,,76.0,253.0,28.599888888888888,7.0,North Carolina,2014.0,2014.0,DET,10.0,,0.06818182
2021,15,00-0031395,G.Gilbert,QB,WAS,PHI,20,31,194.0,0,0.0,2.0,20.0,0,0.0,0,0,0,0.0,0,7.76,7.76,,,76.0,230.0,30.359117647058824,7.0,Southern Methodist,2014.0,2014.0,STL,214.0,,
2021,1,00-0031408,M.Evans,WR,TB,DAL,0,0,0.0,0,0.0,0.0,0.0,0,0.0,0,6,3,24.0,0,2.4,5.4,,,77.0,231.0,28.243105263157897,7.0,Texas A&amp;M,2014.0,2014.0,TB,7.0,2.0,0.13333334
2021,2,00-0031408,M.Evans,WR,TB,ATL,0,0,0.0,0,0.0,0.0,0.0,0,0.0,0,9,5,75.0,2,19.5,24.5,,,77.0,231.0,28.243105263157897,7.0,Texas A&amp;M,2014.0,2014.0,TB,7.0,23.0,0.25714287
2021,3,00-0031408,M.Evans,WR,TB,LA,0,0,0.0,0,0.0,0.0,0.0,0,0.0,0,10,8,106.0,0,10.6,18.6,,,77.0,231.0,28.243105263157897,7.0,Texas A&amp;M,2014.0,2014.0,TB,7.0,,0.18518518
2021,4,00-0031408,M.Evans,WR,TB,NE,0,0,0.0,0,0.0,0.0,0.0,0,0.0,0,12,7,75.0,0,7.5,14.5,,,77.0,231.0,28.243105263157897,7.0,Texas A&amp;M,2014.0,2014.0,TB,7.0,,0.27906978
2021,5,00-0031408,M.Evans,WR,TB,MIA,0,0,0.0,0,0.0,0.0,0.0,0,0.0,0,8,6,113.0,2,23.3,29.3,,,77.0,231.0,28.243105263157897,7.0,Texas A&amp;M,2014.0,2014.0,TB,7.0,28.0,0.1904762
2021,6,00-0031408,M.Evans,WR,TB,PHI,0,0,0.0,0,0.0,0.0,0.0,0,0.0,0,4,2,27.0,0,2.7,4.7,,,77.0,231.0,28.243105263157897,7.0,Texas A&amp;M,2014.0,2014.0,TB,7.0,,0.0952381
2021,7,00-0031408,M.Evans,WR,TB,CHI,0,0,0.0,0,0.0,0.0,0.0,0,0.0,0,10,6,76.0,3,25.6,31.6,,,77.0,231.0,28.243105263157897,7.0,Texas A&amp;M,2014.0,2014.0,TB,7.0,35.0,0.25641027
2021,8,00-0031408,M.Evans,WR,TB,NO,0,0,0.0,0,0.0,0.0,0.0,0,0.0,0,4,2,48.0,1,10.8,12.8,,,77.0,231.0,28.243105263157897,7.0,Texas A&amp;M,2014.0,2014.0,TB,7.0,,0.09756097
2021,10,00-0031408,M.Evans,WR,TB,WAS,0,0,0.0,0,0.0,0.0,0.0,0,0.0,0,3,2,62.0,1,12.2,14.2,,,77.0,231.0,28.243105263157897,7.0,Texas A&amp;M,2014.0,2014.0,TB,7.0,,0.09090909
2021,11,00-0031408,M.Evans,WR,TB,NYG,0,0,0.0,0,0.0,0.0,0.0,1,10.0,0,11,6,73.0,1,14.3,20.3,,,77.0,231.0,28.243105263157897,7.0,Texas A&amp;M,2014.0,2014.0,TB,7.0,20.0,0.23404256
2021,12,00-0031408,M.Evans,WR,TB,IND,0,0,0.0,0,0.0,0.0,0.0,0,0.0,0,6,3,16.0,0,1.6,4.6,,,77.0,231.0,28.243105263157897,7.0,Texas A&amp;M,2014.0,2014.0,TB,7.0,,0.1764706
2021,13,00-0031408,M.Evans,WR,TB,ATL,0,0,0.0,0,0.0,0.0,0.0,0,0.0,0,10,7,99.0,0,9.9,16.9,,,77.0,231.0,28.243105263157897,7.0,Texas A&amp;M,2014.0,2014.0,TB,7.0,,0.19607843
2021,14,00-0031408,M.Evans,WR,TB,BUF,0,0,0.0,0,0.0,0.0,0.0,0,0.0,0,6,6,91.0,1,15.1,21.1,,,77.0,231.0,28.243105263157897,7.0,Texas A&amp;M,2014.0,2014.0,TB,7.0,6.0,0.13043478
2021,15,00-0031408,M.Evans,WR,TB,NO,0,0,0.0,0,0.0,0.0,0.0,0,0.0,0,1,1,14.0,0,1.4,2.4,,,77.0,231.0,28.243105263157897,7.0,Texas A&amp;M,2014.0,2014.0,TB,7.0,-9.0,0.020833334
2021,17,00-0031408,M.Evans,WR,TB,NYJ,0,0,0.0,0,0.0,0.0,0.0,0,0.0,0,7,4,47.0,1,10.7,14.7,,,77.0,231.0,28.243105263157897,7.0,Texas A&amp;M,2014.0,2014.0,TB,7.0,,0.14285715
2021,18,00-0031408,M.Evans,WR,TB,CAR,0,0,0.0,0,0.0,0.0,0.0,0,0.0,0,7,6,89.0,2,20.9,26.9,,,77.0,231.0,28.243105263157897,7.0,Texas A&amp;M,2014.0,2014.0,TB,7.0,24.0,0.18421052
2021,19,00-0031408,M.Evans,WR,TB,PHI,0,0,0.0,0,0.0,0.0,0.0,0,0.0,0,10,9,117.0,1,17.7,26.7,,,77.0,231.0,28.243105263157897,7.0,Texas A&amp;M,2014.0,2014.0,TB,7.0,16.0,0.2777778
2021,20,00-0031408,M.Evans,WR,TB,LA,0,0,0.0,0,0.0,0.0,0.0,0,0.0,0,16,8,119.0,1,17.9,25.9,,,77.0,231.0,28.243105263157897,7.0,Texas A&amp;M,2014.0,2014.0,TB,7.0,-3.0,0.3018868
2021,1,00-0031428,A.Robinson,WR,CHI,LA,0,0,0.0,0,0.0,0.0,0.0,0,0.0,0,11,6,35.0,0,3.5,9.5,,,74.0,220.0,28.214235294117646,7.0,Penn State,2014.0,2014.0,JAX,61.0,,0.275
2021,2,00-0031428,A.Robinson,WR,CHI,CIN,0,0,0.0,0,0.0,0.0,0.0,0,0.0,0,4,2,24.0,1,8.4,10.4,,,74.0,220.0,28.214235294117646,7.0,Penn State,2014.0,2014.0,JAX,61.0,3.0,0.17391305
2021,3,00-0031428,A.Robinson,WR,CHI,CLE,0,0,0.0,0,0.0,0.0,0.0,0,0.0,0,6,2,27.0,0,2.7,4.7,,,74.0,220.0,28.214235294117646,7.0,Penn State,2014.0,2014.0,JAX,61.0,,0.3
2021,4,00-0031428,A.Robinson,WR,CHI,DET,0,0,0.0,0,0.0,0.0,0.0,0,0.0,0,3,3,63.0,0,6.3,9.3,,,74.0,220.0,28.214235294117646,7.0,Penn State,2014.0,2014.0,JAX,61.0,10.0,0.1764706
2021,5,00-0031428,A.Robinson,WR,CHI,LV,0,0,0.0,0,0.0,0.0,0.0,0,0.0,0,5,4,32.0,0,3.2,7.2,,,74.0,220.0,28.214235294117646,7.0,Penn State,2014.0,2014.0,JAX,61.0,,0.25
2021,6,00-0031428,A.Robinson,WR,CHI,GB,0,0,0.0,0,0.0,0.0,0.0,0,0.0,0,7,4,53.0,0,5.3,9.3,,,74.0,220.0,28.214235294117646,7.0,Penn State,2014.0,2014.0,JAX,61.0,-10.0,0.28
2021,7,00-0031428,A.Robinson,WR,CHI,TB,0,0,0.0,0,0.0,0.0,0.0,0,0.0,0,4,2,16.0,0,1.6,3.6,,,74.0,220.0,28.214235294117646,7.0,Penn State,2014.0,2014.0,JAX,61.0,,0.12903225
2021,8,00-0031428,A.Robinson,WR,CHI,SF,0,0,0.0,0,0.0,0.0,0.0,0,0.0,0,4,3,21.0,0,2.1,5.1,,,74.0,220.0,28.214235294117646,7.0,Penn State,2014.0,2014.0,JAX,61.0,-11.0,0.14814815
2021,9,00-0031428,A.Robinson,WR,CHI,PIT,0,0,0.0,0,0.0,0.0,0.0,0,0.0,0,6,4,68.0,0,6.8,10.8,,,74.0,220.0,28.214235294117646,7.0,Penn State,2014.0,2014.0,JAX,61.0,,0.20689656
2021,14,00-0031428,A.Robinson,WR,CHI,GB,0,0,0.0,0,0.0,0.0,0.0,0,0.0,0,6,2,14.0,0,1.4,3.4,,,74.0,220.0,28.214235294117646,7.0,Penn State,2014.0,2014.0,JAX,61.0,,0.1875
2021,17,00-0031428,A.Robinson,WR,CHI,NYG,0,0,0.0,0,0.0,0.0,0.0,0,0.0,0,6,4,35.0,0,3.5,7.5,,,74.0,220.0,28.214235294117646,7.0,Penn State,2014.0,2014.0,JAX,61.0,26.0,0.18181819
2021,18,00-0031428,A.Robinson,WR,CHI,MIN,0,0,0.0,0,0.0,0.0,0.0,0,0.0,0,4,2,22.0,0,4.2,6.2,,,74.0,220.0,28.214235294117646,7.0,Penn State,2014.0,2014.0,JAX,61.0,,0.08695652
2021,1,00-0031484,C.Manhertz,TE,JAX,HOU,0,0,0.0,0,0.0,0.0,0.0,0,0.0,0,1,1,22.0,1,8.2,9.2,,,78.0,255.0,29.588882352941173,6.0,Canisius,2015.0,2015.0,,,,0.02
2021,2,00-0031484,C.Manhertz,TE,JAX,DEN,0,0,0.0,0,0.0,0.0,0.0,0,0.0,0,1,0,0.0,0,0.0,0.0,,,78.0,255.0,29.588882352941173,6.0,Canisius,2015.0,2015.0,,,-10.0,0.030303031
2021,4,00-0031484,C.Manhertz,TE,JAX,CIN,0,0,0.0,0,0.0,0.0,0.0,0,0.0,0,1,1,7.0,0,0.7,1.7,,,78.0,255.0,29.588882352941173,6.0,Canisius,2015.0,2015.0,,,,0.045454547
2021,6,00-0031484,C.Manhertz,TE,JAX,MIA,0,0,0.0,0,0.0,0.0,0.0,0,0.0,0,1,1,11.0,0,1.1,2.1,,,78.0,255.0,29.588882352941173,6.0,Canisius,2015.0,2015.0,,,3.0,0.025
2021,9,00-0031484,C.Manhertz,TE,JAX,BUF,0,0,0.0,0,0.0,0.0,0.0,0,0.0,0,1,1,9.0,0,0.9,1.9,,,78.0,255.0,29.588882352941173,6.0,Canisius,2015.0,2015.0,,,3.0,0.037037037
2021,12,00-0031484,C.Manhertz,TE,JAX,ATL,0,0,0.0,0,0.0,0.0,0.0,0,0.0,0,2,1,11.0,0,1.1,2.1,,,78.0,255.0,29.588882352941173,6.0,Canisius,2015.0,2015.0,,,-7.0,0.048780486
2021,15,00-0031484,C.Manhertz,TE,JAX,HOU,0,0,0.0,0,0.0,0.0,0.0,0,0.0,0,1,1,11.0,0,1.1,2.1,,,78.0,255.0,29.588882352941173,6.0,Canisius,2015.0,2015.0,,,-14.0,0.027777778
2021,17,00-0031484,C.Manhertz,TE,JAX,NE,0,0,0.0,0,0.0,0.0,0.0,0,0.0,0,1,0,0.0,0,0.0,0.0,,,78.0,255.0,29.588882352941173,6.0,Canisius,2015.0,2015.0,,,,0.03846154
2021,1,00-0031503,J.Winston,QB,NO,GB,14,20,148.0,5,0.0,0.0,-0.0,6,37.0,0,0,0,0.0,0,29.62,29.62,,,76.0,231.0,27.84870588235294,6.0,Florida State,2015.0,2015.0,TB,1.0,35.0,
2021,2,00-0031503,J.Winston,QB,NO,CAR,11,22,111.0,0,2.0,4.0,31.0,3,19.0,1,0,0,0.0,0,8.34,8.34,,,76.0,231.0,27.84870588235294,6.0,Florida State,2015.0,2015.0,TB,1.0,,
2021,3,00-0031503,J.Winston,QB,NO,NE,13,21,128.0,2,0.0,3.0,18.0,5,4.0,0,0,0,0.0,0,13.52,13.52,,,76.0,231.0,27.84870588235294,6.0,Florida State,2015.0,2015.0,TB,1.0,,
2021,4,00-0031503,J.Winston,QB,NO,NYG,17,23,226.0,1,0.0,0.0,-0.0,0,0.0,0,0,0,0.0,0,13.04,13.04,,,76.0,231.0,27.84870588235294,6.0,Florida State,2015.0,2015.0,TB,1.0,-6.0,
2021,5,00-0031503,J.Winston,QB,NO,WAS,15,30,279.0,4,1.0,2.0,8.0,6,26.0,0,0,0,0.0,0,25.76,25.76,,,76.0,231.0,27.84870588235294,6.0,Florida State,2015.0,2015.0,TB,1.0,,
2021,7,00-0031503,J.Winston,QB,NO,SEA,19,35,222.0,1,0.0,2.0,12.0,8,40.0,0,0,0,0.0,0,16.88,16.88,,,76.0,231.0,27.84870588235294,6.0,Florida State,2015.0,2015.0,TB,1.0,,
2021,8,00-0031503,J.Winston,QB,NO,TB,6,10,56.0,1,0.0,0.0,-0.0,4,40.0,0,0,0,0.0,0,10.24,10.24,,,76.0,231.0,27.84870588235294,6.0,Florida State,2015.0,2015.0,TB,1.0,9.0,
2021,4,00-0031543,T.Long,P,LAC,LV,0,1,0.0,0,0.0,0.0,-0.0,0,0.0,0,0,0,0.0,0,0.0,0.0,,,74.0,205.0,28.60064705882353,6.0,Alabama-Birmingham,2015.0,2015.0,,,14.0,
2021,1,00-0031544,A.Cooper,WR,DAL,TB,0,0,0.0,0,0.0,0.0,0.0,0,0.0,0,17,13,139.0,2,25.9,38.9,,,73.0,211.0,27.41322222222222,6.0,Alabama,2015.0,2015.0,OAK,4.0,,0.2982456
2021,2,00-0031544,A.Cooper,WR,DAL,LAC,0,0,0.0,0,0.0,0.0,0.0,0,0.0,0,5,3,24.0,0,2.4,5.4,,,73.0,211.0,27.41322222222222,6.0,Alabama,2015.0,2015.0,OAK,4.0,,0.18518518
2021,3,00-0031544,A.Cooper,WR,DAL,PHI,0,0,0.0,0,0.0,0.0,0.0,0,0.0,0,4,3,26.0,0,2.6,5.6,,,73.0,211.0,27.41322222222222,6.0,Alabama,2015.0,2015.0,OAK,4.0,20.0,0.16
2021,4,00-0031544,A.Cooper,WR,DAL,CAR,0,0,0.0,0,0.0,0.0,0.0,0,0.0,0,3,3,69.0,1,12.9,15.9,,,73.0,211.0,27.41322222222222,6.0,Alabama,2015.0,2015.0,OAK,4.0,8.0,0.13636364
2021,5,00-0031544,A.Cooper,WR,DAL,NYG,0,0,0.0,0,0.0,0.0,0.0,0,0.0,0,6,3,60.0,1,12.0,15.0,,,73.0,211.0,27.41322222222222,6.0,Alabama,2015.0,2015.0,OAK,4.0,24.0,0.1875
2021,6,00-0031544,A.Cooper,WR,DAL,NE,0,0,0.0,0,0.0,0.0,0.0,0,0.0,0,8,5,55.0,0,5.5,10.5,,,73.0,211.0,27.41322222222222,6.0,Alabama,2015.0,2015.0,OAK,4.0,,0.1632653
2021,8,00-0031544,A.Cooper,WR,DAL,MIN,0,0,0.0,0,0.0,0.0,0.0,0,0.0,0,13,8,122.0,1,18.2,26.2,,,73.0,211.0,27.41322222222222,6.0,Alabama,2015.0,2015.0,OAK,4.0,,0.31707317
2021,9,00-0031544,A.Cooper,WR,DAL,DEN,0,0,0.0,0,0.0,0.0,0.0,0,0.0,0,5,2,37.0,0,3.7,5.7,,,73.0,211.0,27.41322222222222,6.0,Alabama,2015.0,2015.0,OAK,4.0,-14.0,0.12820514
2021,10,00-0031544,A.Cooper,WR,DAL,ATL,0,0,0.0,0,0.0,0.0,0.0,0,0.0,0,4,4,51.0,0,5.1,9.1,,,73.0,211.0,27.41322222222222,6.0,Alabama,2015.0,2015.0,OAK,4.0,40.0,0.121212125
2021,13,00-0031544,A.Cooper,WR,DAL,NO,0,0,0.0,0,0.0,0.0,0.0,0,0.0,0,2,2,41.0,0,4.1,6.1,,,73.0,211.0,27.41322222222222,6.0,Alabama,2015.0,2015.0,OAK,4.0,,0.05
2021,14,00-0031544,A.Cooper,WR,DAL,WAS,0,0,0.0,0,0.0,0.0,0.0,0,0.0,0,7,5,51.0,1,11.1,16.1,,,73.0,211.0,27.41322222222222,6.0,Alabama,2015.0,2015.0,OAK,4.0,,0.17948718
2021,15,00-0031544,A.Cooper,WR,DAL,NYG,0,0,0.0,0,0.0,0.0,0.0,0,0.0,0,5,2,8.0,0,0.8,2.8,,,73.0,211.0,27.41322222222222,6.0,Alabama,2015.0,2015.0,OAK,4.0,,0.13513513
2021,16,00-0031544,A.Cooper,WR,DAL,WAS,0,0,0.0,0,0.0,0.0,0.0,0,0.0,0,11,7,85.0,1,14.5,21.5,,,73.0,211.0,27.41322222222222,6.0,Alabama,2015.0,2015.0,OAK,4.0,42.0,0.2682927
2021,17,00-0031544,A.Cooper,WR,DAL,ARI,0,0,0.0,0,0.0,0.0,0.0,0,0.0,0,7,3,18.0,1,7.8,10.8,,,73.0,211.0,27.41322222222222,6.0,Alabama,2015.0,2015.0,OAK,4.0,-3.0,0.18421052
2021,18,00-0031544,A.Cooper,WR,DAL,PHI,0,0,0.0,0,0.0,0.0,0.0,0,0.0,0,7,5,79.0,0,7.9,12.9,,,73.0,211.0,27.41322222222222,6.0,Alabama,2015.0,2015.0,OAK,4.0,,0.25
2021,19,00-0031544,A.Cooper,WR,DAL,SF,0,0,0.0,0,0.0,0.0,0.0,0,0.0,0,10,6,64.0,1,12.4,18.4,,,73.0,211.0,27.41322222222222,6.0,Alabama,2015.0,2015.0,OAK,4.0,-6.0,0.23809524
2021,7,00-0031545,K.White,WR,NO,SEA,0,0,0.0,0,0.0,0.0,0.0,0,0.0,0,2,0,0.0,0,0.0,0.0,,,75.0,216.0,29.381764705882354,6.0,West Virginia,2015.0,2015.0,CHI,7.0,,0.0625
2021,8,00-0031545,K.White,WR,NO,TB,0,0,0.0,0,0.0,0.0,0.0,0,0.0,0,1,1,38.0,0,3.8,4.8,,,75.0,216.0,29.381764705882354,6.0,West Virginia,2015.0,2015.0,CHI,7.0,9.0,0.028571429
2021,10,00-0031545,K.White,WR,NO,TEN,0,0,0.0,0,0.0,0.0,0.0,0,0.0,0,2,0,0.0,0,0.0,0.0,,,75.0,216.0,29.381764705882354,6.0,West Virginia,2015.0,2015.0,CHI,7.0,,0.057142857
2021,1,00-0031547,D.Parker,WR,MIA,NE,0,0,0.0,0,0.0,0.0,0.0,0,0.0,0,7,4,81.0,0,8.1,12.1,,,75.0,216.0,28.800941176470587,6.0,Louisville,2015.0,2015.0,MIA,14.0,,0.25925925
2021,2,00-0031547,D.Parker,WR,MIA,BUF,0,0,0.0,0,0.0,0.0,0.0,0,0.0,0,9,5,42.0,0,4.2,9.2,,,75.0,216.0,28.800941176470587,6.0,Louisville,2015.0,2015.0,MIA,14.0,-35.0,0.21428572
2021,3,00-0031547,D.Parker,WR,MIA,LV,0,0,0.0,0,0.0,0.0,0.0,0,0.0,0,7,4,42.0,0,4.2,8.2,,,75.0,216.0,28.800941176470587,6.0,Louisville,2015.0,2015.0,MIA,14.0,,0.14893617
2021,4,00-0031547,D.Parker,WR,MIA,IND,0,0,0.0,0,0.0,0.0,0.0,0,0.0,0,9,4,77.0,1,13.7,17.7,,,75.0,216.0,28.800941176470587,6.0,Louisville,2015.0,2015.0,MIA,14.0,-10.0,0.3
2021,8,00-0031547,D.Parker,WR,MIA,BUF,0,0,0.0,0,0.0,0.0,0.0,0,0.0,0,11,8,85.0,0,8.5,16.5,,,75.0,216.0,28.800941176470587,6.0,Louisville,2015.0,2015.0,MIA,14.0,,0.30555555
2021,13,00-0031547,D.Parker,WR,MIA,NYG,0,0,0.0,0,0.0,0.0,0.0,0,0.0,0,5,5,62.0,0,6.2,11.2,,,75.0,216.0,28.800941176470587,6.0,Louisville,2015.0,2015.0,MIA,14.0,11.0,0.12195122
2021,15,00-0031547,D.Parker,WR,MIA,NYJ,0,0,0.0,0,0.0,0.0,0.0,0,0.0,0,8,4,68.0,1,12.8,16.8,,,75.0,216.0,28.800941176470587,6.0,Louisville,2015.0,2015.0,MIA,14.0,7.0,0.30769232
2021,17,00-0031547,D.Parker,WR,MIA,TEN,0,0,0.0,0,0.0,0.0,0.0,0,0.0,0,13,4,46.0,0,4.6,8.6,,,75.0,216.0,28.800941176470587,6.0,Louisville,2015.0,2015.0,MIA,14.0,,0.34210527
2021,18,00-0031547,D.Parker,WR,MIA,NE,0,0,0.0,0,0.0,0.0,0.0,0,0.0,0,4,2,12.0,0,1.2,3.2,,,75.0,216.0,28.800941176470587,6.0,Louisville,2015.0,2015.0,MIA,14.0,9.0,0.1904762
2021,1,00-0031549,N.Agholor,WR,NE,MIA,0,0,0.0,0,0.0,0.0,0.0,0,0.0,0,7,5,72.0,1,13.2,18.2,,,72.0,198.0,28.4715,6.0,Southern California,2015.0,2015.0,PHI,20.0,-1.0,0.18421052
2021,2,00-0031549,N.Agholor,WR,NE,NYJ,0,0,0.0,0,0.0,0.0,0.0,0,0.0,0,3,3,21.0,0,2.1,5.1,,,72.0,198.0,28.4715,6.0,Southern California,2015.0,2015.0,PHI,20.0,,0.10714286
2021,3,00-0031549,N.Agholor,WR,NE,NO,0,0,0.0,0,0.0,0.0,0.0,0,0.0,0,8,2,17.0,0,1.7,3.7,,,72.0,198.0,28.4715,6.0,Southern California,2015.0,2015.0,PHI,20.0,-15.0,0.15686275
2021,4,00-0031549,N.Agholor,WR,NE,TB,0,0,0.0,0,0.0,0.0,0.0,1,4.0,0,5,3,55.0,0,5.9,8.9,,,72.0,198.0,28.4715,6.0,Southern California,2015.0,2015.0,PHI,20.0,-2.0,0.11904762
2021,5,00-0031549,N.Agholor,WR,NE,HOU,0,0,0.0,0,0.0,0.0,0.0,0,0.0,0,4,3,32.0,0,3.2,6.2,,,72.0,198.0,28.4715,6.0,Southern California,2015.0,2015.0,PHI,20.0,,0.14285715
2021,6,00-0031549,N.Agholor,WR,NE,DAL,0,0,0.0,0,0.0,0.0,0.0,1,1.0,0,4,1,27.0,0,2.8,3.8,,,72.0,198.0,28.4715,6.0,Southern California,2015.0,2015.0,PHI,20.0,-6.0,0.1904762
2021,7,00-0031549,N.Agholor,WR,NE,NYJ,0,0,0.0,0,0.0,0.0,0.0,0,0.0,0,5,2,51.0,1,11.1,13.1,,,72.0,198.0,28.4715,6.0,Southern California,2015.0,2015.0,PHI,20.0,41.0,0.125
2021,8,00-0031549,N.Agholor,WR,NE,LAC,0,0,0.0,0,0.0,0.0,0.0,0,0.0,0,6,3,60.0,0,6.0,9.0,,,72.0,198.0,28.4715,6.0,Southern California,2015.0,2015.0,PHI,20.0,,0.1764706
2021,10,00-0031549,N.Agholor,WR,NE,CLE,0,0,0.0,0,0.0,0.0,0.0,0,0.0,0,4,2,21.0,0,2.1,4.1,,,72.0,198.0,28.4715,6.0,Southern California,2015.0,2015.0,PHI,20.0,38.0,0.16
2021,11,00-0031549,N.Agholor,WR,NE,ATL,0,0,0.0,0,0.0,0.0,0.0,0,0.0,0,5,5,40.0,1,10.0,15.0,,,72.0,198.0,28.4715,6.0,Southern California,2015.0,2015.0,PHI,20.0,,0.1923077
2021,12,00-0031549,N.Agholor,WR,NE,TEN,0,0,0.0,0,0.0,0.0,0.0,0,0.0,0,3,3,20.0,0,2.0,5.0,,,72.0,198.0,28.4715,6.0,Southern California,2015.0,2015.0,PHI,20.0,23.0,0.09375
2021,13,00-0031549,N.Agholor,WR,NE,BUF,0,0,0.0,0,0.0,0.0,0.0,1,6.0,0,1,0,0.0,0,0.6,0.6,,,72.0,198.0,28.4715,6.0,Southern California,2015.0,2015.0,PHI,20.0,,0.33333334
2021,15,00-0031549,N.Agholor,WR,NE,IND,0,0,0.0,0,0.0,0.0,0.0,0,0.0,0,6,4,34.0,0,3.4,7.4,,,72.0,198.0,28.4715,6.0,Southern California,2015.0,2015.0,PHI,20.0,,0.13636364
2021,18,00-0031549,N.Agholor,WR,NE,MIA,0,0,0.0,0,0.0,0.0,0.0,0,0.0,0,3,1,23.0,0,2.3,3.3,,,72.0,198.0,28.4715,6.0,Southern California,2015.0,2015.0,PHI,20.0,,0.1
2021,19,00-0031549,N.Agholor,WR,NE,BUF,0,0,0.0,0,0.0,0.0,0.0,0,0.0,0,2,1,18.0,0,1.8,2.8,,,72.0,198.0,28.4715,6.0,Southern California,2015.0,2015.0,PHI,20.0,,0.057142857
2021,1,00-0031558,M.Williams,TE,ARI,TEN,0,0,0.0,0,0.0,0.0,0.0,0,0.0,0,1,0,0.0,0,0.0,0.0,,,76.0,252.0,27.58961111111111,6.0,Minnesota,2015.0,2015.0,BAL,55.0,,0.03125
2021,2,00-0031558,M.Williams,TE,ARI,MIN,0,0,0.0,0,0.0,0.0,0.0,0,0.0,0,7,7,94.0,0,9.4,16.4,,,76.0,252.0,27.58961111111111,6.0,Minnesota,2015.0,2015.0,BAL,55.0,1.0,0.20588236
2021,3,00-0031558,M.Williams,TE,ARI,JAX,0,0,0.0,0,0.0,0.0,0.0,0,0.0,0,3,3,19.0,0,1.9,4.9,,,76.0,252.0,27.58961111111111,6.0,Minnesota,2015.0,2015.0,BAL,55.0,,0.0882353
2021,4,00-0031558,M.Williams,TE,ARI,LA,0,0,0.0,0,0.0,0.0,0.0,0,0.0,0,5,5,66.0,1,12.6,17.6,,,76.0,252.0,27.58961111111111,6.0,Minnesota,2015.0,2015.0,BAL,55.0,,0.1724138
2021,5,00-0031558,M.Williams,TE,ARI,SF,0,0,0.0,0,0.0,0.0,0.0,0,0.0,0,1,1,14.0,0,1.4,2.4,,,76.0,252.0,27.58961111111111,6.0,Minnesota,2015.0,2015.0,BAL,55.0,7.0,0.035714287
2021,2,00-0031585,M.Pruitt,TE,TEN,SEA,0,0,0.0,0,0.0,0.0,0.0,0,0.0,0,3,3,43.0,0,4.3,7.3,,,74.0,243.0,29.64016666666667,6.0,Southern Illinois,2015.0,2015.0,MIN,143.0,,0.07692308
2021,3,00-0031585,M.Pruitt,TE,TEN,IND,0,0,0.0,0,0.0,0.0,0.0,0,0.0,0,1,1,7.0,0,0.7,1.7,,,74.0,243.0,29.64016666666667,6.0,Southern Illinois,2015.0,2015.0,MIN,143.0,9.0,0.03846154
2021,4,00-0031585,M.Pruitt,TE,TEN,NYJ,0,0,0.0,0,0.0,0.0,0.0,0,0.0,0,1,1,14.0,0,3.4,4.4,,,74.0,243.0,29.64016666666667,6.0,Southern Illinois,2015.0,2015.0,MIN,143.0,,0.020408163
2021,5,00-0031585,M.Pruitt,TE,TEN,JAX,0,0,0.0,0,0.0,0.0,0.0,0,0.0,0,1,1,14.0,1,7.4,8.4,,,74.0,243.0,29.64016666666667,6.0,Southern Illinois,2015.0,2015.0,MIN,143.0,,0.04761905
2021,7,00-0031585,M.Pruitt,TE,TEN,KC,0,0,0.0,0,0.0,0.0,0.0,0,0.0,0,3,2,27.0,1,8.7,10.7,,,74.0,243.0,29.64016666666667,6.0,Southern Illinois,2015.0,2015.0,MIN,143.0,24.0,0.11111111
2021,8,00-0031585,M.Pruitt,TE,TEN,IND,0,0,0.0,0,0.0,0.0,0.0,0,0.0,0,2,2,22.0,0,2.2,4.2,,,74.0,243.0,29.64016666666667,6.0,Southern Illinois,2015.0,2015.0,MIN,143.0,,0.0625
2021,10,00-0031585,M.Pruitt,TE,TEN,NO,0,0,0.0,0,0.0,0.0,0.0,0,0.0,0,1,1,2.0,1,6.2,7.2,,,74.0,243.0,29.64016666666667,6.0,Southern Illinois,2015.0,2015.0,MIN,143.0,2.0,0.037037037
2021,12,00-0031585,M.Pruitt,TE,TEN,NE,0,0,0.0,0,0.0,0.0,0.0,0,0.0,0,2,1,10.0,0,1.0,2.0,,,74.0,243.0,29.64016666666667,6.0,Southern Illinois,2015.0,2015.0,MIN,143.0,,0.0952381
2021,14,00-0031585,M.Pruitt,TE,TEN,JAX,0,0,0.0,0,0.0,0.0,0.0,0,0.0,0,3,1,5.0,0,0.5,1.5,,,74.0,243.0,29.64016666666667,6.0,Southern Illinois,2015.0,2015.0,MIN,143.0,20.0,0.1
2021,15,00-0031585,M.Pruitt,TE,TEN,PIT,0,0,0.0,0,0.0,0.0,0.0,0,0.0,0,1,1,1.0,0,0.1,1.1,,,74.0,243.0,29.64016666666667,6.0,Southern Illinois,2015.0,2015.0,MIN,143.0,,0.03125
2021,1,00-0031588,S.Diggs,WR,BUF,PIT,0,0,0.0,0,0.0,0.0,0.0,0,0.0,0,13,9,69.0,0,6.9,15.9,,,72.0,191.0,27.97184210526316,6.0,Maryland,2015.0,2015.0,MIN,146.0,-7.0,0.27083334
2021,2,00-0031588,S.Diggs,WR,BUF,MIA,0,0,0.0,0,0.0,0.0,0.0,0,0.0,0,8,4,60.0,1,12.0,16.0,,,72.0,191.0,27.97184210526316,6.0,Maryland,2015.0,2015.0,MIN,146.0,,0.27586207
2021,3,00-0031588,S.Diggs,WR,BUF,WAS,0,0,0.0,0,0.0,0.0,0.0,0,0.0,0,10,6,62.0,0,6.2,12.2,,,72.0,191.0,27.97184210526316,6.0,Maryland,2015.0,2015.0,MIN,146.0,22.0,0.23255815
2021,4,00-0031588,S.Diggs,WR,BUF,HOU,0,0,0.0,0,0.0,0.0,0.0,0,0.0,0,11,7,114.0,0,11.4,18.4,,,72.0,191.0,27.97184210526316,6.0,Maryland,2015.0,2015.0,MIN,146.0,40.0,0.3548387
2021,5,00-0031588,S.Diggs,WR,BUF,KC,0,0,0.0,0,0.0,0.0,0.0,0,0.0,0,5,2,69.0,0,6.9,8.9,,,72.0,191.0,27.97184210526316,6.0,Maryland,2015.0,2015.0,MIN,146.0,,0.20833333
2021,6,00-0031588,S.Diggs,WR,BUF,TEN,0,0,0.0,0,0.0,0.0,0.0,0,0.0,0,11,9,89.0,1,14.9,23.9,,,72.0,191.0,27.97184210526316,6.0,Maryland,2015.0,2015.0,MIN,146.0,,0.24444444
2021,8,00-0031588,S.Diggs,WR,BUF,MIA,0,0,0.0,0,0.0,0.0,0.0,0,0.0,0,7,5,40.0,1,10.0,15.0,,,72.0,191.0,27.97184210526316,6.0,Maryland,2015.0,2015.0,MIN,146.0,15.0,0.17073171
2021,9,00-0031588,S.Diggs,WR,BUF,JAX,0,0,0.0,0,0.0,0.0,0.0,0,0.0,0,8,6,85.0,0,8.5,14.5,,,72.0,191.0,27.97184210526316,6.0,Maryland,2015.0,2015.0,MIN,146.0,,0.17777778
2021,10,00-0031588,S.Diggs,WR,BUF,NYJ,0,0,0.0,0,0.0,0.0,0.0,0,0.0,0,13,8,162.0,1,22.2,30.2,,,72.0,191.0,27.97184210526316,6.0,Maryland,2015.0,2015.0,MIN,146.0,,0.4642857
2021,11,00-0031588,S.Diggs,WR,BUF,IND,0,0,0.0,0,0.0,0.0,0.0,0,0.0,0,6,4,23.0,2,14.3,18.3,,,72.0,191.0,27.97184210526316,6.0,Maryland,2015.0,2015.0,MIN,146.0,-26.0,0.15384616
2021,12,00-0031588,S.Diggs,WR,BUF,NO,0,0,0.0,0,0.0,0.0,0.0,0,0.0,0,9,7,74.0,1,13.4,20.4,,,72.0,191.0,27.97184210526316,6.0,Maryland,2015.0,2015.0,MIN,146.0,,0.34615386
2021,13,00-0031588,S.Diggs,WR,BUF,NE,0,0,0.0,0,0.0,0.0,0.0,0,0.0,0,7,4,51.0,0,5.1,9.1,,,72.0,191.0,27.97184210526316,6.0,Maryland,2015.0,2015.0,MIN,146.0,-4.0,0.23333333
2021,14,00-0031588,S.Diggs,WR,BUF,TB,0,0,0.0,0,0.0,0.0,0.0,0,0.0,0,13,7,74.0,0,7.4,14.4,,,72.0,191.0,27.97184210526316,6.0,Maryland,2015.0,2015.0,MIN,146.0,,0.25490198
2021,15,00-0031588,S.Diggs,WR,BUF,CAR,0,0,0.0,0,0.0,0.0,0.0,0,0.0,0,7,4,35.0,1,9.5,13.5,,,72.0,191.0,27.97184210526316,6.0,Maryland,2015.0,2015.0,MIN,146.0,17.0,0.22580644
2021,16,00-0031588,S.Diggs,WR,BUF,NE,0,0,0.0,0,0.0,0.0,0.0,0,0.0,0,13,7,85.0,1,14.5,21.5,,,72.0,191.0,27.97184210526316,6.0,Maryland,2015.0,2015.0,MIN,146.0,,0.30232558
2021,17,00-0031588,S.Diggs,WR,BUF,ATL,0,0,0.0,0,0.0,1.0,2.0,0,0.0,0,9,5,52.0,0,5.2,10.2,,,72.0,191.0,27.97184210526316,6.0,Maryland,2015.0,2015.0,MIN,146.0,14.0,0.375
2021,18,00-0031588,S.Diggs,WR,BUF,NYJ,0,0,0.0,0,0.0,0.0,0.0,0,0.0,0,14,9,81.0,1,14.1,23.1,,,72.0,191.0,27.97184210526316,6.0,Maryland,2015.0,2015.0,MIN,146.0,17.0,0.31111112
2021,19,00-0031588,S.Diggs,WR,BUF,NE,0,0,0.0,0,0.0,0.0,0.0,0,0.0,0,4,3,60.0,0,6.0,9.0,,,72.0,191.0,27.97184210526316,6.0,Maryland,2015.0,2015.0,MIN,146.0,30.0,0.16
2021,20,00-0031588,S.Diggs,WR,BUF,KC,0,0,0.0,0,0.0,0.0,0.0,0,0.0,0,6,3,7.0,0,2.7,5.7,,,72.0,191.0,27.97184210526316,6.0,Maryland,2015.0,2015.0,MIN,146.0,,0.16216215
2021,1,00-0031595,M.Burton,FB,KC,CLE,0,0,0.0,0,0.0,0.0,0.0,1,2.0,0,0,0,0.0,0,0.2,0.2,,,72.0,240.0,29.80295,6.0,Rutgers,2015.0,2015.0,DET,168.0,4.0,
2021,2,00-0031595,M.Burton,FB,KC,BAL,0,0,0.0,0,0.0,0.0,0.0,0,0.0,0,1,1,11.0,0,1.1,2.1,,,72.0,240.0,29.80295,6.0,Rutgers,2015.0,2015.0,DET,168.0,,0.033333335
2021,4,00-0031595,M.Burton,FB,KC,PHI,0,0,0.0,0,0.0,0.0,0.0,1,5.0,0,0,0,0.0,0,0.5,0.5,,,72.0,240.0,29.80295,6.0,Rutgers,2015.0,2015.0,DET,168.0,,
2021,5,00-0031595,M.Burton,FB,KC,BUF,0,0,0.0,0,0.0,0.0,0.0,1,2.0,0,0,0,0.0,0,0.2,0.2,,,72.0,240.0,29.80295,6.0,Rutgers,2015.0,2015.0,DET,168.0,-18.0,
2021,13,00-0031595,M.Burton,FB,KC,DEN,0,0,0.0,0,0.0,0.0,0.0,1,3.0,0,0,0,0.0,0,0.3,0.3,,,72.0,240.0,29.80295,6.0,Rutgers,2015.0,2015.0,DET,168.0,13.0,
2021,14,00-0031595,M.Burton,FB,KC,LV,0,0,0.0,0,0.0,0.0,0.0,1,3.0,0,0,0,0.0,0,0.3,0.3,,,72.0,240.0,29.80295,6.0,Rutgers,2015.0,2015.0,DET,168.0,39.0,
2021,15,00-0031595,M.Burton,FB,KC,LAC,0,0,0.0,0,0.0,0.0,0.0,1,7.0,1,2,2,20.0,0,8.7,10.7,,,72.0,240.0,29.80295,6.0,Rutgers,2015.0,2015.0,DET,168.0,,0.044444446
2021,16,00-0031595,M.Burton,FB,KC,PIT,0,0,0.0,0,0.0,0.0,0.0,1,2.0,0,0,0,0.0,0,0.2,0.2,,,72.0,240.0,29.80295,6.0,Rutgers,2015.0,2015.0,DET,168.0,26.0,
2021,17,00-0031595,M.Burton,FB,KC,CIN,0,0,0.0,0,0.0,0.0,0.0,1,2.0,0,0,0,0.0,0,0.2,0.2,,,72.0,240.0,29.80295,6.0,Rutgers,2015.0,2015.0,DET,168.0,,
2021,19,00-0031595,M.Burton,FB,KC,PIT,0,0,0.0,0,0.0,0.0,0.0,1,3.0,0,0,0,0.0,0,0.3,0.3,,,72.0,240.0,29.80295,6.0,Rutgers,2015.0,2015.0,DET,168.0,21.0,
2021,21,00-0031595,M.Burton,FB,KC,CIN,0,0,0.0,0,0.0,0.0,0.0,1,1.0,0,0,0,0.0,0,0.1,0.1,,,72.0,240.0,29.80295,6.0,Rutgers,2015.0,2015.0,DET,168.0,-3.0,
2021,11,00-0031598,N.Boyle,TE,BAL,CHI,0,0,0.0,0,0.0,0.0,0.0,0,0.0,0,1,0,0.0,0,0.0,0.0,,,76.0,270.0,28.731176470588235,6.0,Delaware,2015.0,2015.0,BAL,171.0,,0.027777778
2021,17,00-0031598,N.Boyle,TE,BAL,LA,0,0,0.0,0,0.0,0.0,0.0,0,0.0,0,1,1,2.0,0,0.2,1.2,,,76.0,270.0,28.731176470588235,6.0,Delaware,2015.0,2015.0,BAL,171.0,-1.0,0.03448276
2021,1,00-0031610,D.Waller,TE,LV,BAL,0,0,0.0,0,0.0,0.0,0.0,0,0.0,0,19,10,105.0,1,16.5,26.5,,,78.0,255.0,29.171055555555554,6.0,Georgia Tech,2015.0,2015.0,BAL,204.0,6.0,0.3653846
2021,2,00-0031610,D.Waller,TE,LV,PIT,0,0,0.0,0,0.0,0.0,0.0,0,0.0,0,7,5,65.0,0,6.5,11.5,,,78.0,255.0,29.171055555555554,6.0,Georgia Tech,2015.0,2015.0,BAL,204.0,,0.1891892
2021,3,00-0031610,D.Waller,TE,LV,MIA,0,0,0.0,0,0.0,0.0,0.0,0,0.0,0,7,5,54.0,0,5.4,10.4,,,78.0,255.0,29.171055555555554,6.0,Georgia Tech,2015.0,2015.0,BAL,204.0,3.0,0.175
2021,4,00-0031610,D.Waller,TE,LV,LAC,0,0,0.0,0,0.0,0.0,0.0,0,0.0,0,7,4,50.0,1,11.0,15.0,,,78.0,255.0,29.171055555555554,6.0,Georgia Tech,2015.0,2015.0,BAL,204.0,,0.21875
2021,5,00-0031610,D.Waller,TE,LV,CHI,0,0,0.0,0,0.0,0.0,0.0,0,0.0,0,8,4,45.0,0,4.5,8.5,,,78.0,255.0,29.171055555555554,6.0,Georgia Tech,2015.0,2015.0,BAL,204.0,-11.0,0.22857143
2021,6,00-0031610,D.Waller,TE,LV,DEN,0,0,0.0,0,0.0,0.0,0.0,0,0.0,0,5,5,59.0,0,5.9,10.9,,,78.0,255.0,29.171055555555554,6.0,Georgia Tech,2015.0,2015.0,BAL,204.0,,0.2
2021,9,00-0031610,D.Waller,TE,LV,NYG,0,0,0.0,0,0.0,0.0,0.0,0,0.0,0,11,7,92.0,0,9.2,16.2,,,78.0,255.0,29.171055555555554,6.0,Georgia Tech,2015.0,2015.0,BAL,204.0,,0.23913044
2021,10,00-0031610,D.Waller,TE,LV,KC,0,0,0.0,0,0.0,0.0,0.0,0,0.0,0,7,4,24.0,0,2.4,6.4,,,78.0,255.0,29.171055555555554,6.0,Georgia Tech,2015.0,2015.0,BAL,204.0,-27.0,0.20588236
2021,11,00-0031610,D.Waller,TE,LV,CIN,0,0,0.0,0,0.0,0.0,0.0,0,0.0,0,8,7,116.0,0,11.6,18.6,,,78.0,255.0,29.171055555555554,6.0,Georgia Tech,2015.0,2015.0,BAL,204.0,-19.0,0.32
2021,12,00-0031610,D.Waller,TE,LV,DAL,0,0,0.0,0,0.0,0.0,0.0,0,0.0,0,5,2,33.0,0,3.3,5.3,,,78.0,255.0,29.171055555555554,6.0,Georgia Tech,2015.0,2015.0,BAL,204.0,,0.13157895
2021,18,00-0031610,D.Waller,TE,LV,LAC,0,0,0.0,0,0.0,0.0,0.0,0,0.0,0,9,2,22.0,0,2.2,4.2,,,78.0,255.0,29.171055555555554,6.0,Georgia Tech,2015.0,2015.0,BAL,204.0,3.0,0.27272728
2021,19,00-0031610,D.Waller,TE,LV,CIN,0,0,0.0,0,0.0,0.0,0.0,0,0.0,0,12,7,76.0,0,7.6,14.6,,,78.0,255.0,29.171055555555554,6.0,Georgia Tech,2015.0,2015.0,BAL,204.0,,0.24489796
2021,1,00-0031687,R.Mostert,RB,SF,DET,0,0,0.0,0,0.0,0.0,0.0,2,20.0,0,0,0,0.0,0,2.0,2.0,,,70.0,197.0,29.622500000000002,6.0,Purdue,2015.0,2015.0,,,,
2021,9,00-0031690,E.Tomlinson,TE,BAL,MIN,0,0,0.0,0,0.0,0.0,0.0,0,0.0,0,1,1,7.0,0,0.7,1.7,,,78.0,263.0,29.555235294117644,6.0,Texas-El Paso,2015.0,2015.0,,,3.0,0.024390243
2021,2,00-0031763,D.Carter,WR,WAS,NYG,0,0,0.0,0,0.0,0.0,0.0,1,2.0,0,0,0,0.0,0,0.2,0.2,,,68.0,190.0,28.587823529411764,6.0,Sacramento State,2015.0,2015.0,,,1.0,
2021,4,00-0031763,D.Carter,WR,WAS,ATL,0,0,0.0,0,0.0,0.0,0.0,0,0.0,0,1,1,24.0,0,8.4,9.4,,,68.0,190.0,28.587823529411764,6.0,Sacramento State,2015.0,2015.0,,,,0.030303031
2021,5,00-0031763,D.Carter,WR,WAS,NO,0,0,0.0,0,0.0,0.0,0.0,1,11.0,0,8,4,62.0,0,7.3,11.3,,,68.0,190.0,28.587823529411764,6.0,Sacramento State,2015.0,2015.0,,,-11.0,0.19512194
2021,6,00-0031763,D.Carter,WR,WAS,KC,0,0,0.0,0,0.0,0.0,0.0,0,0.0,0,1,0,0.0,0,0.0,0.0,,,68.0,190.0,28.587823529411764,6.0,Sacramento State,2015.0,2015.0,,,-18.0,0.025641026
2021,7,00-0031763,D.Carter,WR,WAS,GB,0,0,0.0,0,0.0,0.0,0.0,1,27.0,0,1,1,4.0,0,3.1,4.1,,,68.0,190.0,28.587823529411764,6.0,Sacramento State,2015.0,2015.0,,,,0.027777778
2021,8,00-0031763,D.Carter,WR,WAS,DEN,0,0,0.0,0,0.0,0.0,0.0,0,0.0,0,6,3,51.0,1,11.1,14.1,,,68.0,190.0,28.587823529411764,6.0,Sacramento State,2015.0,2015.0,,,,0.16216215
2021,10,00-0031763,D.Carter,WR,WAS,TB,0,0,0.0,0,0.0,0.0,0.0,1,4.0,0,6,3,56.0,1,12.0,15.0,,,68.0,190.0,28.587823529411764,6.0,Sacramento State,2015.0,2015.0,,,10.0,0.1875
2021,11,00-0031763,D.Carter,WR,WAS,CAR,0,0,0.0,0,0.0,0.0,0.0,1,-3.0,0,3,2,22.0,1,7.9,9.9,,,68.0,190.0,28.587823529411764,6.0,Sacramento State,2015.0,2015.0,,,,0.15
2021,12,00-0031763,D.Carter,WR,WAS,SEA,0,0,0.0,0,0.0,0.0,0.0,1,4.0,0,5,4,42.0,0,4.6,8.6,,,68.0,190.0,28.587823529411764,6.0,Sacramento State,2015.0,2015.0,,,2.0,0.14705883
2021,13,00-0031763,D.Carter,WR,WAS,LV,0,0,0.0,0,0.0,0.0,0.0,0,0.0,0,1,1,6.0,0,0.6,1.6,,,68.0,190.0,28.587823529411764,6.0,Sacramento State,2015.0,2015.0,,,,0.033333335
2021,14,00-0031763,D.Carter,WR,WAS,DAL,0,0,0.0,0,0.0,0.0,0.0,0,0.0,0,6,2,12.0,0,1.2,3.2,,,68.0,190.0,28.587823529411764,6.0,Sacramento State,2015.0,2015.0,,,-7.0,0.18181819
2021,15,00-0031763,D.Carter,WR,WAS,PHI,0,0,0.0,0,0.0,0.0,0.0,1,12.0,0,3,2,12.0,0,2.4,4.4,,,68.0,190.0,28.587823529411764,6.0,Sacramento State,2015.0,2015.0,,,,0.1
2021,16,00-0031763,D.Carter,WR,WAS,DAL,0,0,0.0,0,0.0,0.0,0.0,1,15.0,0,2,1,5.0,0,2.0,3.0,,,68.0,190.0,28.587823529411764,6.0,Sacramento State,2015.0,2015.0,,,,0.06666667
2021,17,00-0031763,D.Carter,WR,WAS,PHI,0,0,0.0,0,0.0,0.0,0.0,1,6.0,0,0,0,0.0,0,0.6,0.6,,,68.0,190.0,28.587823529411764,6.0,Sacramento State,2015.0,2015.0,,,-4.0,
2021,18,00-0031763,D.Carter,WR,WAS,NYG,0,0,0.0,0,0.0,0.0,0.0,1,11.0,0,1,0,0.0,0,1.1,1.1,,,68.0,190.0,28.587823529411764,6.0,Sacramento State,2015.0,2015.0,,,,0.05882353
2021,2,00-0031787,J.Kumerow,WR,BUF,MIA,0,0,0.0,0,0.0,0.0,0.0,0,0.0,0,1,0,0.0,0,0.0,0.0,,,76.0,209.0,29.754,6.0,Wisconsin-Whitewater,2015.0,2015.0,,,,0.03448276
2021,6,00-0031787,J.Kumerow,WR,BUF,TEN,0,0,0.0,0,0.0,0.0,0.0,0,0.0,0,1,0,0.0,0,0.0,0.0,,,76.0,209.0,29.754,6.0,Wisconsin-Whitewater,2015.0,2015.0,,,,0.022222223
2021,16,00-0031787,J.Kumerow,WR,BUF,NE,0,0,0.0,0,0.0,0.0,0.0,0,0.0,0,3,1,13.0,0,1.3,2.3,,,76.0,209.0,29.754,6.0,Wisconsin-Whitewater,2015.0,2015.0,,,,0.069767445
2021,18,00-0031787,J.Kumerow,WR,BUF,NYJ,0,0,0.0,0,0.0,0.0,0.0,0,0.0,0,1,1,15.0,0,1.5,2.5,,,76.0,209.0,29.754,6.0,Wisconsin-Whitewater,2015.0,2015.0,,,17.0,0.022222223
2021,12,00-0031796,J.Coleman,CB,MIA,MIA,0,0,0.0,0,0.0,0.0,0.0,0,0.0,0,0,0,0.0,0,6.0,6.0,,,71.0,190.0,28.62029411764706,6.0,Tennessee,2015.0,2015.0,,,23.0,
2021,1,00-0031800,T.Heinicke,QB,WAS,LAC,11,15,122.0,1,0.0,0.0,-0.0,3,17.0,0,0,0,0.0,0,10.58,10.58,,,73.0,210.0,28.659058823529413,6.0,Old Dominion,2015.0,2015.0,,,-4.0,
2021,2,00-0031800,T.Heinicke,QB,WAS,NYG,34,46,336.0,2,1.0,1.0,16.0,4,6.0,0,0,0,0.0,0,20.04,20.04,,,73.0,210.0,28.659058823529413,6.0,Old Dominion,2015.0,2015.0,,,1.0,
2021,3,00-0031800,T.Heinicke,QB,WAS,BUF,14,24,212.0,2,2.0,1.0,-0.0,8,21.0,1,1,1,-2.0,0,20.38,21.38,,,73.0,210.0,28.659058823529413,6.0,Old Dominion,2015.0,2015.0,,,,0.041666668
2021,4,00-0031800,T.Heinicke,QB,WAS,ATL,23,33,290.0,3,0.0,1.0,-0.0,5,43.0,0,0,0,0.0,0,27.9,27.9,,,73.0,210.0,28.659058823529413,6.0,Old Dominion,2015.0,2015.0,,,,
2021,5,00-0031800,T.Heinicke,QB,WAS,NO,20,41,248.0,0,2.0,2.0,6.0,5,40.0,0,0,0,0.0,0,9.92,9.92,,,73.0,210.0,28.659058823529413,6.0,Old Dominion,2015.0,2015.0,,,-11.0,
2021,6,00-0031800,T.Heinicke,QB,WAS,KC,24,39,182.0,1,1.0,0.0,-0.0,0,0.0,0,0,0,0.0,0,9.28,9.28,,,73.0,210.0,28.659058823529413,6.0,Old Dominion,2015.0,2015.0,,,-18.0,
2021,7,00-0031800,T.Heinicke,QB,WAS,GB,25,37,268.0,1,1.0,4.0,33.0,10,95.0,0,0,0,0.0,0,20.22,20.22,,,73.0,210.0,28.659058823529413,6.0,Old Dominion,2015.0,2015.0,,,,
2021,8,00-0031800,T.Heinicke,QB,WAS,DEN,24,39,270.0,1,2.0,5.0,40.0,1,10.0,0,0,0,0.0,0,11.8,11.8,,,73.0,210.0,28.659058823529413,6.0,Old Dominion,2015.0,2015.0,,,,
2021,10,00-0031800,T.Heinicke,QB,WAS,TB,26,32,256.0,1,0.0,5.0,30.0,3,15.0,0,0,0,0.0,0,15.74,15.74,,,73.0,210.0,28.659058823529413,6.0,Old Dominion,2015.0,2015.0,,,10.0,
2021,11,00-0031800,T.Heinicke,QB,WAS,CAR,16,22,206.0,3,0.0,3.0,27.0,6,29.0,0,0,0,0.0,0,23.14,23.14,,,73.0,210.0,28.659058823529413,6.0,Old Dominion,2015.0,2015.0,,,,
2021,12,00-0031800,T.Heinicke,QB,WAS,SEA,27,35,223.0,1,1.0,1.0,4.0,4,3.0,0,0,0,0.0,0,11.22,11.22,,,73.0,210.0,28.659058823529413,6.0,Old Dominion,2015.0,2015.0,,,2.0,
2021,13,00-0031800,T.Heinicke,QB,WAS,LV,23,30,196.0,2,1.0,1.0,10.0,3,10.0,0,0,0,0.0,0,14.84,14.84,,,73.0,210.0,28.659058823529413,6.0,Old Dominion,2015.0,2015.0,,,,
2021,14,00-0031800,T.Heinicke,QB,WAS,DAL,11,25,122.0,1,1.0,4.0,46.0,3,8.0,0,0,0,0.0,0,7.68,7.68,,,73.0,210.0,28.659058823529413,6.0,Old Dominion,2015.0,2015.0,,,-7.0,
2021,16,00-0031800,T.Heinicke,QB,WAS,DAL,7,22,121.0,1,2.0,4.0,16.0,1,-1.0,0,0,0,0.0,0,4.74,4.74,,,73.0,210.0,28.659058823529413,6.0,Old Dominion,2015.0,2015.0,,,,
2021,17,00-0031800,T.Heinicke,QB,WAS,PHI,27,36,247.0,0,1.0,3.0,29.0,2,14.0,0,0,0,0.0,0,9.28,9.28,,,73.0,210.0,28.659058823529413,6.0,Old Dominion,2015.0,2015.0,,,-4.0,
2021,18,00-0031800,T.Heinicke,QB,WAS,NYG,9,18,120.0,0,0.0,3.0,21.0,2,3.0,0,0,0,0.0,0,5.1,5.1,,,73.0,210.0,28.659058823529413,6.0,Old Dominion,2015.0,2015.0,,,,
2021,1,00-0031806,M.Brown,RB,MIA,NE,0,0,0.0,0,0.0,0.0,0.0,5,16.0,0,0,0,0.0,0,1.6,1.6,,,71.0,222.0,28.486117647058823,6.0,Texas,2015.0,2015.0,,,,
2021,2,00-0031806,M.Brown,RB,MIA,BUF,0,0,0.0,0,0.0,0.0,0.0,5,21.0,0,0,0,0.0,0,2.1,2.1,,,71.0,222.0,28.486117647058823,6.0,Texas,2015.0,2015.0,,,-35.0,
2021,3,00-0031806,M.Brown,RB,MIA,LV,0,0,0.0,0,0.0,0.0,0.0,7,31.0,1,2,0,0.0,0,9.1,9.1,,,71.0,222.0,28.486117647058823,6.0,Texas,2015.0,2015.0,,,,0.04255319
2021,4,00-0031806,M.Brown,RB,MIA,IND,0,0,0.0,0,0.0,0.0,0.0,8,23.0,0,1,1,4.0,0,2.7,3.7,,,71.0,222.0,28.486117647058823,6.0,Texas,2015.0,2015.0,,,-10.0,0.033333335
2021,6,00-0031806,M.Brown,RB,MIA,JAX,0,0,0.0,0,0.0,0.0,0.0,5,24.0,0,1,1,7.0,0,3.1,4.1,,,71.0,222.0,28.486117647058823,6.0,Texas,2015.0,2015.0,,,,0.021276595
2021,7,00-0031806,M.Brown,RB,MIA,ATL,0,0,0.0,0,0.0,0.0,0.0,3,10.0,0,1,1,-1.0,0,0.9,1.9,,,71.0,222.0,28.486117647058823,6.0,Texas,2015.0,2015.0,,,-2.0,0.025
2021,1,00-0031868,D.Byrd,WR,CHI,LA,0,0,0.0,0,0.0,0.0,0.0,0,0.0,0,3,3,19.0,0,1.9,4.9,,,69.0,180.0,28.78635294117647,6.0,South Carolina,2015.0,2015.0,,,,0.075
2021,6,00-0031868,D.Byrd,WR,CHI,GB,0,0,0.0,0,0.0,0.0,0.0,0,0.0,0,1,0,0.0,0,0.0,0.0,,,69.0,180.0,28.78635294117647,6.0,South Carolina,2015.0,2015.0,,,-10.0,0.04
2021,7,00-0031868,D.Byrd,WR,CHI,TB,0,0,0.0,0,0.0,0.0,0.0,0,0.0,0,1,1,10.0,0,1.0,2.0,,,69.0,180.0,28.78635294117647,6.0,South Carolina,2015.0,2015.0,,,,0.032258064
2021,11,00-0031868,D.Byrd,WR,CHI,BAL,0,0,0.0,0,0.0,0.0,0.0,0,0.0,0,2,1,3.0,0,0.3,1.3,,,69.0,180.0,28.78635294117647,6.0,South Carolina,2015.0,2015.0,,,-3.0,0.060606062
2021,12,00-0031868,D.Byrd,WR,CHI,DET,0,0,0.0,0,0.0,0.0,0.0,0,0.0,0,5,4,42.0,0,4.2,8.2,,,69.0,180.0,28.78635294117647,6.0,South Carolina,2015.0,2015.0,,,,0.13513513
2021,13,00-0031868,D.Byrd,WR,CHI,ARI,0,0,0.0,0,0.0,0.0,0.0,0,0.0,0,7,3,36.0,0,3.6,6.6,,,69.0,180.0,28.78635294117647,6.0,South Carolina,2015.0,2015.0,,,-11.0,0.175
2021,14,00-0031868,D.Byrd,WR,CHI,GB,0,0,0.0,0,0.0,0.0,0.0,0,0.0,0,2,2,76.0,1,13.6,15.6,,,69.0,180.0,28.78635294117647,6.0,South Carolina,2015.0,2015.0,,,,0.0625
2021,15,00-0031868,D.Byrd,WR,CHI,MIN,0,0,0.0,0,0.0,0.0,0.0,0,0.0,0,6,5,62.0,0,6.2,11.2,,,69.0,180.0,28.78635294117647,6.0,South Carolina,2015.0,2015.0,,,-8.0,0.16666667
2021,16,00-0031868,D.Byrd,WR,CHI,SEA,0,0,0.0,0,0.0,0.0,0.0,0,0.0,0,3,1,11.0,0,3.1,4.1,,,69.0,180.0,28.78635294117647,6.0,South Carolina,2015.0,2015.0,,,,0.08571429
2021,17,00-0031868,D.Byrd,WR,CHI,NYG,0,0,0.0,0,0.0,0.0,0.0,0,0.0,0,2,1,23.0,0,2.3,3.3,,,69.0,180.0,28.78635294117647,6.0,South Carolina,2015.0,2015.0,,,26.0,0.060606062
2021,18,00-0031868,D.Byrd,WR,CHI,MIN,0,0,0.0,0,0.0,0.0,0.0,0,0.0,0,6,5,47.0,0,4.7,9.7,,,69.0,180.0,28.78635294117647,6.0,South Carolina,2015.0,2015.0,,,,0.13043478
2021,1,00-0031934,D.Smith,WR,JAX,HOU,0,0,0.0,0,0.0,0.0,0.0,0,0.0,0,1,0,0.0,0,0.0,0.0,,,73.0,199.0,29.595,6.0,Ohio State,2015.0,2015.0,NYJ,37.0,,0.02
2021,4,00-0031941,J.Crowder,WR,NYJ,TEN,0,0,0.0,0,0.0,0.0,0.0,0,0.0,0,9,7,61.0,1,12.1,19.1,,,69.0,177.0,28.404588235294117,6.0,Duke,2015.0,2015.0,WAS,105.0,3.0,0.2647059
2021,5,00-0031941,J.Crowder,WR,NYJ,ATL,0,0,0.0,0,0.0,0.0,0.0,0,0.0,0,6,4,24.0,0,4.4,8.4,,,69.0,177.0,28.404588235294117,6.0,Duke,2015.0,2015.0,WAS,105.0,,0.19354838
2021,7,00-0031941,J.Crowder,WR,NYJ,NE,0,0,0.0,0,0.0,0.0,0.0,0,0.0,0,6,4,34.0,0,3.4,7.4,,,69.0,177.0,28.404588235294117,6.0,Duke,2015.0,2015.0,WAS,105.0,,0.14634146
2021,8,00-0031941,J.Crowder,WR,NYJ,CIN,0,0,0.0,0,0.0,0.0,0.0,0,0.0,0,9,8,84.0,0,8.4,16.4,,,69.0,177.0,28.404588235294117,6.0,Duke,2015.0,2015.0,WAS,105.0,3.0,0.18367347
2021,9,00-0031941,J.Crowder,WR,NYJ,IND,0,0,0.0,0,0.0,0.0,0.0,0,0.0,0,7,5,38.0,0,3.8,8.8,,,69.0,177.0,28.404588235294117,6.0,Duke,2015.0,2015.0,WAS,105.0,,0.13461539
2021,10,00-0031941,J.Crowder,WR,NYJ,BUF,0,0,0.0,0,0.0,0.0,0.0,0,0.0,0,5,3,20.0,0,2.0,5.0,,,69.0,177.0,28.404588235294117,6.0,Duke,2015.0,2015.0,WAS,105.0,-28.0,0.10869565
2021,11,00-0031941,J.Crowder,WR,NYJ,MIA,0,0,0.0,0,0.0,0.0,0.0,0,0.0,0,7,6,44.0,1,10.4,16.4,,,69.0,177.0,28.404588235294117,6.0,Duke,2015.0,2015.0,WAS,105.0,-7.0,0.2
2021,12,00-0031941,J.Crowder,WR,NYJ,HOU,0,0,0.0,0,0.0,0.0,0.0,0,0.0,0,1,1,5.0,0,0.5,1.5,,,69.0,177.0,28.404588235294117,6.0,Duke,2015.0,2015.0,WAS,105.0,,0.04347826
2021,13,00-0031941,J.Crowder,WR,NYJ,PHI,0,0,0.0,0,0.0,0.0,0.0,0,0.0,0,6,4,62.0,0,6.2,10.2,,,69.0,177.0,28.404588235294117,6.0,Duke,2015.0,2015.0,WAS,105.0,-15.0,0.16666667
2021,14,00-0031941,J.Crowder,WR,NYJ,NO,0,0,0.0,0,0.0,0.0,0.0,0,0.0,0,6,3,19.0,0,1.9,4.9,,,69.0,177.0,28.404588235294117,6.0,Duke,2015.0,2015.0,WAS,105.0,-21.0,0.15
2021,15,00-0031941,J.Crowder,WR,NYJ,MIA,0,0,0.0,0,0.0,0.0,0.0,0,0.0,0,8,5,40.0,0,4.0,9.0,,,69.0,177.0,28.404588235294117,6.0,Duke,2015.0,2015.0,WAS,105.0,,0.36363637
2021,18,00-0031941,J.Crowder,WR,NYJ,BUF,0,0,0.0,0,0.0,1.0,3.0,0,0.0,0,1,1,16.0,0,1.6,2.6,,,69.0,177.0,28.404588235294117,6.0,Duke,2015.0,2015.0,WAS,105.0,,0.05263158
2021,1,00-0031951,J.O'Shaughnessy,TE,JAX,HOU,0,0,0.0,0,0.0,0.0,0.0,0,0.0,0,8,6,48.0,0,4.8,10.8,,,76.0,245.0,29.827176470588235,6.0,Illinois State,2015.0,2015.0,KC,173.0,,0.16
2021,2,00-0031951,J.O'Shaughnessy,TE,JAX,DEN,0,0,0.0,0,0.0,0.0,0.0,0,0.0,0,1,1,24.0,0,2.4,3.4,,,76.0,245.0,29.827176470588235,6.0,Illinois State,2015.0,2015.0,KC,173.0,-10.0,0.030303031
2021,12,00-0031951,J.O'Shaughnessy,TE,JAX,ATL,0,0,0.0,0,0.0,0.0,0.0,0,0.0,0,5,3,29.0,0,4.9,7.9,,,76.0,245.0,29.827176470588235,6.0,Illinois State,2015.0,2015.0,KC,173.0,-7.0,0.12195122
2021,13,00-0031951,J.O'Shaughnessy,TE,JAX,LA,0,0,0.0,0,0.0,0.0,0.0,0,0.0,0,6,2,13.0,0,1.3,3.3,,,76.0,245.0,29.827176470588235,6.0,Illinois State,2015.0,2015.0,KC,173.0,,0.21428572
2021,14,00-0031951,J.O'Shaughnessy,TE,JAX,TEN,0,0,0.0,0,0.0,0.0,0.0,0,0.0,0,6,4,21.0,0,2.1,6.1,,,76.0,245.0,29.827176470588235,6.0,Illinois State,2015.0,2015.0,KC,173.0,,0.16216215
2021,15,00-0031951,J.O'Shaughnessy,TE,JAX,HOU,0,0,0.0,0,0.0,0.0,0.0,0,0.0,0,4,4,60.0,0,6.0,10.0,,,76.0,245.0,29.827176470588235,6.0,Illinois State,2015.0,2015.0,KC,173.0,-14.0,0.11111111
2021,16,00-0031951,J.O'Shaughnessy,TE,JAX,NYJ,0,0,0.0,0,0.0,0.0,0.0,0,0.0,0,4,4,49.0,0,4.9,8.9,,,76.0,245.0,29.827176470588235,6.0,Illinois State,2015.0,2015.0,KC,173.0,,0.114285715
2021,1,00-0032009,A.Humphries,WR,WAS,LAC,0,0,0.0,0,0.0,0.0,0.0,0,0.0,0,2,2,10.0,0,1.0,3.0,,,71.0,195.0,28.38264705882353,6.0,Clemson,2015.0,2015.0,,,-4.0,0.1
2021,2,00-0032009,A.Humphries,WR,WAS,NYG,0,0,0.0,0,0.0,0.0,0.0,0,0.0,0,8,7,44.0,0,4.4,11.4,,,71.0,195.0,28.38264705882353,6.0,Clemson,2015.0,2015.0,,,1.0,0.18181819
2021,3,00-0032009,A.Humphries,WR,WAS,BUF,0,0,0.0,0,0.0,0.0,0.0,0,0.0,0,4,1,7.0,0,0.7,1.7,,,71.0,195.0,28.38264705882353,6.0,Clemson,2015.0,2015.0,,,,0.16666667
2021,4,00-0032009,A.Humphries,WR,WAS,ATL,0,0,0.0,0,0.0,0.0,0.0,0,0.0,0,1,1,19.0,0,1.9,2.9,,,71.0,195.0,28.38264705882353,6.0,Clemson,2015.0,2015.0,,,,0.030303031
2021,5,00-0032009,A.Humphries,WR,WAS,NO,0,0,0.0,0,0.0,0.0,0.0,0,0.0,0,5,3,73.0,0,7.3,10.3,,,71.0,195.0,28.38264705882353,6.0,Clemson,2015.0,2015.0,,,-11.0,0.12195122
2021,6,00-0032009,A.Humphries,WR,WAS,KC,0,0,0.0,0,0.0,0.0,0.0,0,0.0,0,2,1,-4.0,0,-0.4,0.6,,,71.0,195.0,28.38264705882353,6.0,Clemson,2015.0,2015.0,,,-18.0,0.051282052
2021,7,00-0032009,A.Humphries,WR,WAS,GB,0,0,0.0,0,0.0,0.0,0.0,0,0.0,0,4,3,36.0,0,3.6,6.6,,,71.0,195.0,28.38264705882353,6.0,Clemson,2015.0,2015.0,,,,0.11111111
2021,8,00-0032009,A.Humphries,WR,WAS,DEN,0,0,0.0,0,0.0,0.0,0.0,0,0.0,0,3,2,35.0,0,3.5,5.5,,,71.0,195.0,28.38264705882353,6.0,Clemson,2015.0,2015.0,,,,0.08108108
2021,10,00-0032009,A.Humphries,WR,WAS,TB,0,0,0.0,0,0.0,0.0,0.0,0,0.0,0,1,1,5.0,0,0.5,1.5,,,71.0,195.0,28.38264705882353,6.0,Clemson,2015.0,2015.0,,,10.0,0.03125
2021,11,00-0032009,A.Humphries,WR,WAS,CAR,0,0,0.0,0,0.0,0.0,0.0,0,0.0,0,2,2,30.0,0,3.0,5.0,,,71.0,195.0,28.38264705882353,6.0,Clemson,2015.0,2015.0,,,,0.1
2021,12,00-0032009,A.Humphries,WR,WAS,SEA,0,0,0.0,0,0.0,0.0,0.0,0,0.0,0,2,2,14.0,0,1.4,3.4,,,71.0,195.0,28.38264705882353,6.0,Clemson,2015.0,2015.0,,,2.0,0.05882353
2021,13,00-0032009,A.Humphries,WR,WAS,LV,0,0,0.0,0,0.0,0.0,0.0,0,0.0,0,5,4,38.0,0,3.8,7.8,,,71.0,195.0,28.38264705882353,6.0,Clemson,2015.0,2015.0,,,,0.16666667
2021,14,00-0032009,A.Humphries,WR,WAS,DAL,0,0,0.0,0,0.0,0.0,0.0,0,0.0,0,7,4,34.0,0,3.4,7.4,,,71.0,195.0,28.38264705882353,6.0,Clemson,2015.0,2015.0,,,-7.0,0.21212122
2021,15,00-0032009,A.Humphries,WR,WAS,PHI,0,0,0.0,0,0.0,0.0,0.0,0,0.0,0,6,3,23.0,0,2.3,5.3,,,71.0,195.0,28.38264705882353,6.0,Clemson,2015.0,2015.0,,,,0.2
2021,16,00-0032009,A.Humphries,WR,WAS,DAL,0,0,0.0,0,0.0,0.0,0.0,0,0.0,0,6,2,4.0,0,0.4,2.4,,,71.0,195.0,28.38264705882353,6.0,Clemson,2015.0,2015.0,,,,0.2
2021,17,00-0032009,A.Humphries,WR,WAS,PHI,0,0,0.0,0,0.0,0.0,0.0,0,0.0,0,2,2,12.0,0,1.2,3.2,,,71.0,195.0,28.38264705882353,6.0,Clemson,2015.0,2015.0,,,-4.0,0.05882353
2021,18,00-0032009,A.Humphries,WR,WAS,NYG,0,0,0.0,0,0.0,0.0,0.0,0,0.0,0,2,1,3.0,0,0.3,1.3,,,71.0,195.0,28.38264705882353,6.0,Clemson,2015.0,2015.0,,,,0.11764706
2021,11,00-0032054,B.Perriman,WR,TB,NYG,0,0,0.0,0,0.0,0.0,0.0,1,-3.0,0,4,2,19.0,0,1.6,3.6,,,74.0,215.0,28.1878,6.0,Central Florida,2015.0,2015.0,BAL,26.0,20.0,0.08510638
2021,13,00-0032054,B.Perriman,WR,TB,ATL,0,0,0.0,0,0.0,0.0,0.0,0,0.0,0,3,1,5.0,0,0.5,1.5,,,74.0,215.0,28.1878,6.0,Central Florida,2015.0,2015.0,BAL,26.0,,0.05882353
2021,14,00-0032054,B.Perriman,WR,TB,BUF,0,0,0.0,0,0.0,0.0,0.0,0,0.0,0,2,1,58.0,1,11.8,12.8,,,74.0,215.0,28.1878,6.0,Central Florida,2015.0,2015.0,BAL,26.0,6.0,0.04347826
2021,17,00-0032054,B.Perriman,WR,TB,NYJ,0,0,0.0,0,0.0,0.0,0.0,0,0.0,0,3,2,41.0,0,4.1,6.1,,,74.0,215.0,28.1878,6.0,Central Florida,2015.0,2015.0,BAL,26.0,,0.06122449
2021,18,00-0032054,B.Perriman,WR,TB,CAR,0,0,0.0,0,0.0,0.0,0.0,0,0.0,0,6,5,44.0,0,4.4,9.4,,,74.0,215.0,28.1878,6.0,Central Florida,2015.0,2015.0,BAL,26.0,24.0,0.15789473
2021,19,00-0032054,B.Perriman,WR,TB,PHI,0,0,0.0,0,0.0,0.0,0.0,0,0.0,0,3,1,5.0,0,0.5,1.5,,,74.0,215.0,28.1878,6.0,Central Florida,2015.0,2015.0,BAL,26.0,16.0,0.083333336
2021,1,00-0032058,T.Coleman,RB,NYJ,CAR,0,0,0.0,0,0.0,0.0,0.0,9,24.0,0,0,0,0.0,0,2.4,2.4,,,73.0,210.0,28.57429411764706,6.0,Indiana,2015.0,2015.0,ATL,73.0,,
2021,2,00-0032058,T.Coleman,RB,NYJ,NE,0,0,0.0,0,0.0,0.0,0.0,5,24.0,0,0,0,0.0,0,2.4,2.4,,,73.0,210.0,28.57429411764706,6.0,Indiana,2015.0,2015.0,ATL,73.0,-19.0,
2021,4,00-0032058,T.Coleman,RB,NYJ,TEN,0,0,0.0,0,0.0,0.0,0.0,4,14.0,0,2,2,17.0,0,3.1,5.1,,,73.0,210.0,28.57429411764706,6.0,Indiana,2015.0,2015.0,ATL,73.0,3.0,0.05882353
2021,5,00-0032058,T.Coleman,RB,NYJ,ATL,0,0,0.0,0,0.0,0.0,0.0,3,11.0,0,1,0,0.0,0,1.1,1.1,,,73.0,210.0,28.57429411764706,6.0,Indiana,2015.0,2015.0,ATL,73.0,,0.032258064
2021,10,00-0032058,T.Coleman,RB,NYJ,BUF,0,0,0.0,0,0.0,0.0,0.0,4,29.0,0,3,2,4.0,0,3.3,5.3,,,73.0,210.0,28.57429411764706,6.0,Indiana,2015.0,2015.0,ATL,73.0,-28.0,0.06521739
2021,11,00-0032058,T.Coleman,RB,NYJ,MIA,0,0,0.0,0,0.0,0.0,0.0,5,16.0,0,1,1,2.0,0,1.8,2.8,,,73.0,210.0,28.57429411764706,6.0,Indiana,2015.0,2015.0,ATL,73.0,-7.0,0.028571429
2021,12,00-0032058,T.Coleman,RB,NYJ,HOU,0,0,0.0,0,0.0,0.0,0.0,16,67.0,0,3,2,3.0,0,7.0,9.0,,,73.0,210.0,28.57429411764706,6.0,Indiana,2015.0,2015.0,ATL,73.0,,0.13043478
2021,13,00-0032058,T.Coleman,RB,NYJ,PHI,0,0,0.0,0,0.0,0.0,0.0,11,58.0,0,4,3,19.0,0,7.7,10.7,,,73.0,210.0,28.57429411764706,6.0,Indiana,2015.0,2015.0,ATL,73.0,-15.0,0.11111111
2021,15,00-0032058,T.Coleman,RB,NYJ,MIA,0,0,0.0,0,0.0,0.0,0.0,8,50.0,0,0,0,0.0,0,5.0,5.0,,,73.0,210.0,28.57429411764706,6.0,Indiana,2015.0,2015.0,ATL,73.0,,
2021,16,00-0032058,T.Coleman,RB,NYJ,JAX,0,0,0.0,0,0.0,0.0,0.0,14,57.0,0,1,1,4.0,0,6.1,7.1,,,73.0,210.0,28.57429411764706,6.0,Indiana,2015.0,2015.0,ATL,73.0,5.0,0.04761905
2021,18,00-0032058,T.Coleman,RB,NYJ,BUF,0,0,0.0,0,0.0,0.0,0.0,5,6.0,0,1,0,0.0,0,0.6,0.6,,,73.0,210.0,28.57429411764706,6.0,Indiana,2015.0,2015.0,ATL,73.0,,0.05263158
2021,1,00-0032062,B.Bell,TE,KC,CLE,0,0,0.0,0,0.0,0.0,0.0,1,2.0,0,1,1,3.0,0,0.5,1.5,,,78.0,252.0,30.2902,6.0,Oklahoma,2015.0,2015.0,SF,117.0,4.0,0.029411765
2021,2,00-0032062,B.Bell,TE,KC,BAL,0,0,0.0,0,0.0,0.0,0.0,0,0.0,0,1,1,20.0,0,2.0,3.0,,,78.0,252.0,30.2902,6.0,Oklahoma,2015.0,2015.0,SF,117.0,,0.033333335
2021,3,00-0032062,B.Bell,TE,KC,LAC,0,0,0.0,0,0.0,0.0,0.0,0,0.0,0,1,1,6.0,0,0.6,1.6,,,78.0,252.0,30.2902,6.0,Oklahoma,2015.0,2015.0,SF,117.0,-6.0,0.025
2021,5,00-0032062,B.Bell,TE,KC,BUF,0,0,0.0,0,0.0,0.0,0.0,0,0.0,0,1,1,4.0,0,0.4,1.4,,,78.0,252.0,30.2902,6.0,Oklahoma,2015.0,2015.0,SF,117.0,-18.0,0.02
2021,8,00-0032062,B.Bell,TE,KC,NYG,0,0,0.0,0,0.0,0.0,0.0,0,0.0,0,2,0,0.0,0,0.0,0.0,,,78.0,252.0,30.2902,6.0,Oklahoma,2015.0,2015.0,SF,117.0,3.0,0.046511628
2021,9,00-0032062,B.Bell,TE,KC,GB,0,0,0.0,0,0.0,0.0,0.0,0,0.0,0,1,0,0.0,0,0.0,0.0,,,78.0,252.0,30.2902,6.0,Oklahoma,2015.0,2015.0,SF,117.0,6.0,0.027777778
2021,10,00-0032062,B.Bell,TE,KC,LV,0,0,0.0,0,0.0,0.0,0.0,1,3.0,0,0,0,0.0,0,0.3,0.3,,,78.0,252.0,30.2902,6.0,Oklahoma,2015.0,2015.0,SF,117.0,,
2021,11,00-0032062,B.Bell,TE,KC,DAL,0,0,0.0,0,0.0,0.0,0.0,0,0.0,0,1,1,8.0,0,0.8,1.8,,,78.0,252.0,30.2902,6.0,Oklahoma,2015.0,2015.0,SF,117.0,10.0,0.030303031
2021,15,00-0032062,B.Bell,TE,KC,LAC,0,0,0.0,0,0.0,0.0,0.0,1,3.0,0,1,0,0.0,0,0.3,0.3,,,78.0,252.0,30.2902,6.0,Oklahoma,2015.0,2015.0,SF,117.0,,0.022222223
2021,16,00-0032062,B.Bell,TE,KC,PIT,0,0,0.0,0,0.0,0.0,0.0,0,0.0,0,1,1,11.0,0,1.1,2.1,,,78.0,252.0,30.2902,6.0,Oklahoma,2015.0,2015.0,SF,117.0,26.0,0.03448276
2021,17,00-0032062,B.Bell,TE,KC,CIN,0,0,0.0,0,0.0,0.0,0.0,1,2.0,0,3,3,35.0,0,3.7,6.7,,,78.0,252.0,30.2902,6.0,Oklahoma,2015.0,2015.0,SF,117.0,,0.0882353
2021,19,00-0032062,B.Bell,TE,KC,PIT,0,0,0.0,0,0.0,0.0,0.0,0,0.0,0,1,1,3.0,0,0.3,1.3,,,78.0,252.0,30.2902,6.0,Oklahoma,2015.0,2015.0,SF,117.0,21.0,0.02631579
2021,1,00-0032063,M.Davis,RB,ATL,PHI,0,0,0.0,0,0.0,0.0,0.0,15,49.0,0,6,3,23.0,0,7.2,10.2,,,69.0,221.0,28.72764705882353,6.0,South Carolina,2015.0,2015.0,SF,126.0,-26.0,0.18181819
2021,2,00-0032063,M.Davis,RB,ATL,TB,0,0,0.0,0,0.0,0.0,0.0,9,38.0,0,7,7,25.0,0,6.3,13.3,,,69.0,221.0,28.72764705882353,6.0,South Carolina,2015.0,2015.0,SF,126.0,,0.14583333
2021,3,00-0032063,M.Davis,RB,ATL,NYG,0,0,0.0,0,0.0,0.0,0.0,12,50.0,0,4,4,20.0,0,7.0,11.0,,,69.0,221.0,28.72764705882353,6.0,South Carolina,2015.0,2015.0,SF,126.0,,0.11111111
2021,4,00-0032063,M.Davis,RB,ATL,WAS,0,0,0.0,0,0.0,0.0,0.0,13,14.0,0,2,2,12.0,1,8.6,10.6,,,69.0,221.0,28.72764705882353,6.0,South Carolina,2015.0,2015.0,SF,126.0,-4.0,0.05
2021,5,00-0032063,M.Davis,RB,ATL,NYJ,0,0,0.0,0,0.0,0.0,0.0,13,53.0,1,5,2,8.0,0,10.1,12.1,,,69.0,221.0,28.72764705882353,6.0,South Carolina,2015.0,2015.0,SF,126.0,7.0,0.11111111
2021,7,00-0032063,M.Davis,RB,ATL,MIA,0,0,0.0,0,0.0,0.0,0.0,4,10.0,0,0,0,0.0,0,1.0,1.0,,,69.0,221.0,28.72764705882353,6.0,South Carolina,2015.0,2015.0,SF,126.0,,
2021,8,00-0032063,M.Davis,RB,ATL,CAR,0,0,0.0,0,0.0,0.0,0.0,9,44.0,0,6,5,22.0,0,6.6,11.6,,,69.0,221.0,28.72764705882353,6.0,South Carolina,2015.0,2015.0,SF,126.0,-6.0,0.22222222
2021,9,00-0032063,M.Davis,RB,ATL,NO,0,0,0.0,0,0.0,0.0,0.0,9,13.0,0,2,1,5.0,0,1.8,2.8,,,69.0,221.0,28.72764705882353,6.0,South Carolina,2015.0,2015.0,SF,126.0,,0.06666667
2021,10,00-0032063,M.Davis,RB,ATL,DAL,0,0,0.0,0,0.0,0.0,0.0,4,18.0,0,1,0,0.0,0,1.8,1.8,,,69.0,221.0,28.72764705882353,6.0,South Carolina,2015.0,2015.0,SF,126.0,,0.037037037
2021,11,00-0032063,M.Davis,RB,ATL,NE,0,0,0.0,0,0.0,0.0,0.0,3,1.0,0,4,3,20.0,0,2.1,5.1,,,69.0,221.0,28.72764705882353,6.0,South Carolina,2015.0,2015.0,SF,126.0,-25.0,0.12903225
2021,12,00-0032063,M.Davis,RB,ATL,JAX,0,0,0.0,0,0.0,0.0,0.0,5,16.0,0,4,3,25.0,0,4.1,7.1,,,69.0,221.0,28.72764705882353,6.0,South Carolina,2015.0,2015.0,SF,126.0,,0.14285715
2021,13,00-0032063,M.Davis,RB,ATL,TB,0,0,0.0,0,0.0,0.0,0.0,4,32.0,1,4,4,37.0,0,12.9,16.9,,,69.0,221.0,28.72764705882353,6.0,South Carolina,2015.0,2015.0,SF,126.0,-13.0,0.1
2021,14,00-0032063,M.Davis,RB,ATL,CAR,0,0,0.0,0,0.0,0.0,0.0,11,44.0,0,6,5,42.0,0,8.6,13.6,,,69.0,221.0,28.72764705882353,6.0,South Carolina,2015.0,2015.0,SF,126.0,,0.22222222
2021,15,00-0032063,M.Davis,RB,ATL,SF,0,0,0.0,0,0.0,0.0,0.0,6,21.0,0,1,0,0.0,0,2.1,2.1,,,69.0,221.0,28.72764705882353,6.0,South Carolina,2015.0,2015.0,SF,126.0,,0.033333335
2021,16,00-0032063,M.Davis,RB,ATL,DET,0,0,0.0,0,0.0,0.0,0.0,7,28.0,0,1,1,7.0,0,3.5,4.5,,,69.0,221.0,28.72764705882353,6.0,South Carolina,2015.0,2015.0,SF,126.0,4.0,0.045454547
2021,17,00-0032063,M.Davis,RB,ATL,BUF,0,0,0.0,0,0.0,0.0,0.0,8,42.0,1,2,1,15.0,0,11.7,12.7,,,69.0,221.0,28.72764705882353,6.0,South Carolina,2015.0,2015.0,SF,126.0,,0.1
2021,18,00-0032063,M.Davis,RB,ATL,NO,0,0,0.0,0,0.0,0.0,0.0,6,30.0,0,3,3,-2.0,0,-1.2,1.8,,,69.0,221.0,28.72764705882353,6.0,South Carolina,2015.0,2015.0,SF,126.0,-10.0,0.09677419
2021,17,00-0032098,D.Brown,TE,NYJ,TB,0,0,0.0,0,0.0,0.0,0.0,0,0.0,0,2,2,29.0,0,2.9,4.9,,,77.0,247.0,29.4618125,6.0,James Madison,2015.0,2015.0,,,-4.0,0.06666667
2021,1,00-0032104,A.Abdullah,RB,MIN,CIN,0,0,0.0,0,0.0,0.0,0.0,1,4.0,0,2,2,15.0,0,1.9,3.9,,,68.0,203.0,28.408058823529412,6.0,Nebraska,2015.0,2015.0,DET,54.0,,0.04255319
2021,2,00-0032104,A.Abdullah,RB,MIN,ARI,0,0,0.0,0,0.0,0.0,0.0,0,0.0,0,1,0,0.0,0,0.0,0.0,,,68.0,203.0,28.408058823529412,6.0,Nebraska,2015.0,2015.0,DET,54.0,,0.03125
2021,3,00-0032104,A.Abdullah,RB,MIN,SEA,0,0,0.0,0,0.0,0.0,0.0,5,24.0,0,0,0,0.0,0,2.4,2.4,,,68.0,203.0,28.408058823529412,6.0,Nebraska,2015.0,2015.0,DET,54.0,13.0,
2021,4,00-0032104,A.Abdullah,RB,MIN,CLE,0,0,0.0,0,0.0,0.0,0.0,0,0.0,0,1,1,2.0,0,0.2,1.2,,,68.0,203.0,28.408058823529412,6.0,Nebraska,2015.0,2015.0,DET,54.0,-7.0,0.027777778
2021,5,00-0032104,A.Abdullah,RB,MIN,DET,0,0,0.0,0,0.0,0.0,0.0,1,2.0,0,0,0,0.0,0,0.2,0.2,,,68.0,203.0,28.408058823529412,6.0,Nebraska,2015.0,2015.0,DET,54.0,2.0,
2021,8,00-0032104,A.Abdullah,RB,CAR,ATL,0,0,0.0,0,0.0,0.0,0.0,8,31.0,0,5,3,35.0,0,6.6,9.6,,,68.0,203.0,28.408058823529412,6.0,Nebraska,2015.0,2015.0,DET,54.0,,0.20833333
2021,9,00-0032104,A.Abdullah,RB,CAR,NE,0,0,0.0,0,0.0,0.0,0.0,1,0.0,0,5,4,30.0,0,3.0,7.0,,,68.0,203.0,28.408058823529412,6.0,Nebraska,2015.0,2015.0,DET,54.0,-18.0,0.1724138
2021,10,00-0032104,A.Abdullah,RB,CAR,ARI,0,0,0.0,0,0.0,0.0,0.0,9,24.0,0,4,4,27.0,0,5.1,9.1,,,68.0,203.0,28.408058823529412,6.0,Nebraska,2015.0,2015.0,DET,54.0,,0.125
2021,11,00-0032104,A.Abdullah,RB,CAR,WAS,0,0,0.0,0,0.0,0.0,0.0,1,6.0,0,0,0,0.0,0,0.6,0.6,,,68.0,203.0,28.408058823529412,6.0,Nebraska,2015.0,2015.0,DET,54.0,-6.0,
2021,12,00-0032104,A.Abdullah,RB,CAR,MIA,0,0,0.0,0,0.0,0.0,0.0,2,4.0,0,6,2,20.0,0,2.4,4.4,,,68.0,203.0,28.408058823529412,6.0,Nebraska,2015.0,2015.0,DET,54.0,,0.19354838
2021,14,00-0032104,A.Abdullah,RB,CAR,ATL,0,0,0.0,0,0.0,0.0,0.0,4,16.0,0,4,2,17.0,0,3.3,5.3,,,68.0,203.0,28.408058823529412,6.0,Nebraska,2015.0,2015.0,DET,54.0,-8.0,0.114285715
2021,15,00-0032104,A.Abdullah,RB,CAR,BUF,0,0,0.0,0,0.0,0.0,0.0,4,7.0,0,4,4,48.0,1,11.5,15.5,,,68.0,203.0,28.408058823529412,6.0,Nebraska,2015.0,2015.0,DET,54.0,,0.11111111
2021,16,00-0032104,A.Abdullah,RB,CAR,TB,0,0,0.0,0,0.0,0.0,0.0,2,1.0,0,6,3,8.0,0,0.9,3.9,,,68.0,203.0,28.408058823529412,6.0,Nebraska,2015.0,2015.0,DET,54.0,-26.0,0.13953489
2021,17,00-0032104,A.Abdullah,RB,CAR,NO,0,0,0.0,0,0.0,0.0,0.0,6,21.0,0,4,4,31.0,0,5.2,9.2,,,68.0,203.0,28.408058823529412,6.0,Nebraska,2015.0,2015.0,DET,54.0,,0.16666667
2021,18,00-0032104,A.Abdullah,RB,CAR,TB,0,0,0.0,0,0.0,0.0,0.0,7,26.0,0,11,9,56.0,0,8.2,17.2,,,68.0,203.0,28.408058823529412,6.0,Nebraska,2015.0,2015.0,DET,54.0,,0.26190478
2021,1,00-0032128,C.Conley,WR,HOU,JAX,0,0,0.0,0,0.0,0.0,0.0,0,0.0,0,2,2,27.0,0,2.7,4.7,,,75.0,205.0,29.043470588235294,6.0,Georgia,2015.0,2015.0,KC,76.0,16.0,0.0625
2021,2,00-0032128,C.Conley,WR,HOU,CLE,0,0,0.0,0,0.0,0.0,0.0,0,0.0,0,2,1,13.0,0,1.3,2.3,,,75.0,205.0,29.043470588235294,6.0,Georgia,2015.0,2015.0,KC,76.0,,0.071428575
2021,3,00-0032128,C.Conley,WR,HOU,CAR,0,0,0.0,0,0.0,0.0,0.0,0,0.0,0,1,0,0.0,0,0.0,0.0,,,75.0,205.0,29.043470588235294,6.0,Georgia,2015.0,2015.0,KC,76.0,-15.0,0.04
2021,4,00-0032128,C.Conley,WR,HOU,BUF,0,0,0.0,0,0.0,0.0,0.0,0,0.0,0,1,0,0.0,0,0.0,0.0,,,75.0,205.0,29.043470588235294,6.0,Georgia,2015.0,2015.0,KC,76.0,,0.05
2021,5,00-0032128,C.Conley,WR,HOU,NE,0,0,0.0,0,0.0,0.0,0.0,0,0.0,0,4,3,84.0,1,12.4,15.4,,,75.0,205.0,29.043470588235294,6.0,Georgia,2015.0,2015.0,KC,76.0,-3.0,0.14814815
2021,6,00-0032128,C.Conley,WR,HOU,IND,0,0,0.0,0,0.0,0.0,0.0,0,0.0,0,2,1,10.0,0,1.0,2.0,,,75.0,205.0,29.043470588235294,6.0,Georgia,2015.0,2015.0,KC,76.0,,0.04761905
2021,8,00-0032128,C.Conley,WR,HOU,LA,0,0,0.0,0,0.0,0.0,0.0,0,0.0,0,2,1,24.0,0,2.4,3.4,,,75.0,205.0,29.043470588235294,6.0,Georgia,2015.0,2015.0,KC,76.0,-16.0,0.055555556
2021,9,00-0032128,C.Conley,WR,HOU,MIA,0,0,0.0,0,0.0,0.0,0.0,0,0.0,0,3,2,38.0,0,3.8,5.8,,,75.0,205.0,29.043470588235294,6.0,Georgia,2015.0,2015.0,KC,76.0,,0.075
2021,11,00-0032128,C.Conley,WR,HOU,TEN,0,0,0.0,0,0.0,0.0,0.0,0,0.0,0,5,4,37.0,0,3.7,7.7,,,75.0,205.0,29.043470588235294,6.0,Georgia,2015.0,2015.0,KC,76.0,,0.2173913
2021,13,00-0032128,C.Conley,WR,HOU,IND,0,0,0.0,0,0.0,0.0,0.0,0,0.0,0,4,0,0.0,0,0.0,0.0,,,75.0,205.0,29.043470588235294,6.0,Georgia,2015.0,2015.0,KC,76.0,-31.0,0.15384616
2021,14,00-0032128,C.Conley,WR,HOU,SEA,0,0,0.0,0,0.0,0.0,0.0,0,0.0,0,2,2,20.0,0,2.0,4.0,,,75.0,205.0,29.043470588235294,6.0,Georgia,2015.0,2015.0,KC,76.0,-20.0,0.041666668
2021,15,00-0032128,C.Conley,WR,HOU,JAX,0,0,0.0,0,0.0,0.0,0.0,0,0.0,0,4,2,12.0,0,1.2,3.2,,,75.0,205.0,29.043470588235294,6.0,Georgia,2015.0,2015.0,KC,76.0,,0.13333334
2021,16,00-0032128,C.Conley,WR,HOU,LAC,0,0,0.0,0,0.0,0.0,0.0,0,0.0,0,3,3,60.0,1,12.0,15.0,,,75.0,205.0,29.043470588235294,6.0,Georgia,2015.0,2015.0,KC,76.0,12.0,0.11111111
2021,17,00-0032128,C.Conley,WR,HOU,SF,0,0,0.0,0,0.0,0.0,0.0,1,3.0,0,2,1,-2.0,0,0.1,1.1,,,75.0,205.0,29.043470588235294,6.0,Georgia,2015.0,2015.0,KC,76.0,,0.06666667
2021,1,00-0032134,C.Uzomah,TE,CIN,MIN,0,0,0.0,0,0.0,0.0,0.0,0,0.0,0,2,2,35.0,0,3.5,5.5,,,78.0,260.0,28.86261904761905,6.0,Auburn,2015.0,2015.0,CIN,157.0,3.0,0.07692308
2021,2,00-0032134,C.Uzomah,TE,CIN,CHI,0,0,0.0,0,0.0,0.0,0.0,0,0.0,0,2,2,4.0,0,0.4,2.4,,,78.0,260.0,28.86261904761905,6.0,Auburn,2015.0,2015.0,CIN,157.0,,0.06896552
2021,3,00-0032134,C.Uzomah,TE,CIN,PIT,0,0,0.0,0,0.0,0.0,0.0,0,0.0,0,1,0,0.0,0,0.0,0.0,,,78.0,260.0,28.86261904761905,6.0,Auburn,2015.0,2015.0,CIN,157.0,,0.055555556
2021,4,00-0032134,C.Uzomah,TE,CIN,JAX,0,0,0.0,0,0.0,0.0,0.0,0,0.0,0,6,5,95.0,2,21.5,26.5,,,78.0,260.0,28.86261904761905,6.0,Auburn,2015.0,2015.0,CIN,157.0,3.0,0.1875
2021,5,00-0032134,C.Uzomah,TE,CIN,GB,0,0,0.0,0,0.0,0.0,0.0,0,0.0,0,2,2,16.0,0,1.6,3.6,,,78.0,260.0,28.86261904761905,6.0,Auburn,2015.0,2015.0,CIN,157.0,-3.0,0.054054055
2021,6,00-0032134,C.Uzomah,TE,CIN,DET,0,0,0.0,0,0.0,0.0,0.0,0,0.0,0,3,3,15.0,1,7.5,10.5,,,78.0,260.0,28.86261904761905,6.0,Auburn,2015.0,2015.0,CIN,157.0,,0.10344828
2021,7,00-0032134,C.Uzomah,TE,CIN,BAL,0,0,0.0,0,0.0,0.0,0.0,0,0.0,0,3,3,91.0,2,21.1,24.1,,,78.0,260.0,28.86261904761905,6.0,Auburn,2015.0,2015.0,CIN,157.0,,0.083333336
2021,8,00-0032134,C.Uzomah,TE,CIN,NYJ,0,0,0.0,0,0.0,0.0,0.0,0,0.0,0,4,4,33.0,0,3.3,7.3,,,78.0,260.0,28.86261904761905,6.0,Auburn,2015.0,2015.0,CIN,157.0,,0.11764706
2021,9,00-0032134,C.Uzomah,TE,CIN,CLE,0,0,0.0,0,0.0,0.0,0.0,0,0.0,0,5,4,24.0,0,2.4,6.4,,,78.0,260.0,28.86261904761905,6.0,Auburn,2015.0,2015.0,CIN,157.0,-25.0,0.12195122
2021,11,00-0032134,C.Uzomah,TE,CIN,LV,0,0,0.0,0,0.0,0.0,0.0,0,0.0,0,3,2,9.0,0,0.9,2.9,,,78.0,260.0,28.86261904761905,6.0,Auburn,2015.0,2015.0,CIN,157.0,,0.10714286
2021,12,00-0032134,C.Uzomah,TE,CIN,PIT,0,0,0.0,0,0.0,0.0,0.0,0,0.0,0,3,3,9.0,0,0.9,3.9,,,78.0,260.0,28.86261904761905,6.0,Auburn,2015.0,2015.0,CIN,157.0,31.0,0.125
2021,13,00-0032134,C.Uzomah,TE,CIN,LAC,0,0,0.0,0,0.0,0.0,0.0,0,0.0,0,6,3,20.0,0,2.0,5.0,,,78.0,260.0,28.86261904761905,6.0,Auburn,2015.0,2015.0,CIN,157.0,-19.0,0.15789473
2021,14,00-0032134,C.Uzomah,TE,CIN,SF,0,0,0.0,0,0.0,0.0,0.0,0,0.0,0,6,4,56.0,0,5.6,9.6,,,78.0,260.0,28.86261904761905,6.0,Auburn,2015.0,2015.0,CIN,157.0,-3.0,0.1764706
2021,15,00-0032134,C.Uzomah,TE,CIN,DEN,0,0,0.0,0,0.0,0.0,0.0,0,0.0,0,4,3,18.0,0,1.8,4.8,,,78.0,260.0,28.86261904761905,6.0,Auburn,2015.0,2015.0,CIN,157.0,,0.1904762
2021,16,00-0032134,C.Uzomah,TE,CIN,BAL,0,0,0.0,0,0.0,0.0,0.0,0,0.0,0,7,5,36.0,0,3.6,8.6,,,78.0,260.0,28.86261904761905,6.0,Auburn,2015.0,2015.0,CIN,157.0,20.0,0.1521739
2021,17,00-0032134,C.Uzomah,TE,CIN,KC,0,0,0.0,0,0.0,0.0,0.0,0,0.0,0,6,4,32.0,0,3.2,7.2,,,78.0,260.0,28.86261904761905,6.0,Auburn,2015.0,2015.0,CIN,157.0,3.0,0.15789473
2021,19,00-0032134,C.Uzomah,TE,CIN,LV,0,0,0.0,0,0.0,0.0,0.0,0,0.0,0,6,6,64.0,1,12.4,18.4,,,78.0,260.0,28.86261904761905,6.0,Auburn,2015.0,2015.0,CIN,157.0,7.0,0.1875
2021,20,00-0032134,C.Uzomah,TE,CIN,TEN,0,0,0.0,0,0.0,0.0,0.0,0,0.0,0,8,7,71.0,0,7.1,14.1,,,78.0,260.0,28.86261904761905,6.0,Auburn,2015.0,2015.0,CIN,157.0,,0.22857143
2021,21,00-0032134,C.Uzomah,TE,CIN,KC,0,0,0.0,0,0.0,0.0,0.0,0,0.0,0,2,0,0.0,0,0.0,0.0,,,78.0,260.0,28.86261904761905,6.0,Auburn,2015.0,2015.0,CIN,157.0,,0.055555556
2021,22,00-0032134,C.Uzomah,TE,CIN,LA,0,0,0.0,0,0.0,0.0,0.0,0,0.0,0,2,2,11.0,0,1.1,3.1,,,78.0,260.0,28.86261904761905,6.0,Auburn,2015.0,2015.0,CIN,157.0,-3.0,0.060606062
2021,7,00-0032135,J.James,TE,CHI,TB,0,0,0.0,0,0.0,0.0,0.0,0,0.0,0,3,3,20.0,0,2.0,5.0,,,79.0,250.0,27.436647058823528,6.0,Penn State,2015.0,2015.0,PIT,160.0,,0.09677419
2021,8,00-0032135,J.James,TE,CHI,SF,0,0,0.0,0,0.0,0.0,0.0,0,0.0,0,3,3,38.0,1,9.8,12.8,,,79.0,250.0,27.436647058823528,6.0,Penn State,2015.0,2015.0,PIT,160.0,-11.0,0.11111111
2021,12,00-0032135,J.James,TE,CHI,DET,0,0,0.0,0,0.0,0.0,0.0,0,0.0,0,1,0,0.0,0,0.0,0.0,,,79.0,250.0,27.436647058823528,6.0,Penn State,2015.0,2015.0,PIT,160.0,,0.027027028
2021,17,00-0032135,J.James,TE,CHI,NYG,0,0,0.0,0,0.0,0.0,0.0,0,0.0,0,1,1,4.0,0,0.4,1.4,,,79.0,250.0,27.436647058823528,6.0,Penn State,2015.0,2015.0,PIT,160.0,26.0,0.030303031
2021,1,00-0032141,G.Swaim,TE,TEN,ARI,0,0,0.0,0,0.0,0.0,0.0,0,0.0,0,1,0,0.0,0,0.0,0.0,,,76.0,260.0,28.158944444444444,6.0,Texas,2015.0,2015.0,DAL,246.0,-25.0,0.027777778
2021,2,00-0032141,G.Swaim,TE,TEN,SEA,0,0,0.0,0,0.0,0.0,0.0,0,0.0,0,2,2,10.0,0,1.0,3.0,,,76.0,260.0,28.158944444444444,6.0,Texas,2015.0,2015.0,DAL,246.0,,0.051282052
2021,3,00-0032141,G.Swaim,TE,TEN,IND,0,0,0.0,0,0.0,0.0,0.0,0,0.0,0,4,3,27.0,0,2.7,5.7,,,76.0,260.0,28.158944444444444,6.0,Texas,2015.0,2015.0,DAL,246.0,9.0,0.15384616
2021,4,00-0032141,G.Swaim,TE,TEN,NYJ,0,0,0.0,0,0.0,0.0,0.0,0,0.0,0,1,0,0.0,0,0.0,0.0,,,76.0,260.0,28.158944444444444,6.0,Texas,2015.0,2015.0,DAL,246.0,,0.020408163
2021,5,00-0032141,G.Swaim,TE,TEN,JAX,0,0,0.0,0,0.0,0.0,0.0,0,0.0,0,1,0,0.0,0,0.0,0.0,,,76.0,260.0,28.158944444444444,6.0,Texas,2015.0,2015.0,DAL,246.0,,0.04761905
2021,6,00-0032141,G.Swaim,TE,TEN,BUF,0,0,0.0,0,0.0,0.0,0.0,0,0.0,0,2,1,8.0,0,0.8,1.8,,,76.0,260.0,28.158944444444444,6.0,Texas,2015.0,2015.0,DAL,246.0,3.0,0.08
2021,7,00-0032141,G.Swaim,TE,TEN,KC,0,0,0.0,0,0.0,0.0,0.0,0,0.0,0,1,1,8.0,0,0.8,1.8,,,76.0,260.0,28.158944444444444,6.0,Texas,2015.0,2015.0,DAL,246.0,24.0,0.037037037
2021,8,00-0032141,G.Swaim,TE,TEN,IND,0,0,0.0,0,0.0,0.0,0.0,0,0.0,0,5,4,23.0,1,8.3,12.3,,,76.0,260.0,28.158944444444444,6.0,Texas,2015.0,2015.0,DAL,246.0,,0.15625
2021,9,00-0032141,G.Swaim,TE,TEN,LA,0,0,0.0,0,0.0,0.0,0.0,0,0.0,0,4,4,29.0,1,8.9,12.9,,,76.0,260.0,28.158944444444444,6.0,Texas,2015.0,2015.0,DAL,246.0,,0.15384616
2021,10,00-0032141,G.Swaim,TE,TEN,NO,0,0,0.0,0,0.0,0.0,0.0,0,0.0,0,5,4,26.0,0,2.6,6.6,,,76.0,260.0,28.158944444444444,6.0,Texas,2015.0,2015.0,DAL,246.0,2.0,0.18518518
2021,12,00-0032141,G.Swaim,TE,TEN,NE,0,0,0.0,0,0.0,0.0,0.0,0,0.0,0,1,1,8.0,0,0.8,1.8,,,76.0,260.0,28.158944444444444,6.0,Texas,2015.0,2015.0,DAL,246.0,,0.04761905
2021,14,00-0032141,G.Swaim,TE,TEN,JAX,0,0,0.0,0,0.0,0.0,0.0,0,0.0,0,4,3,45.0,0,4.5,7.5,,,76.0,260.0,28.158944444444444,6.0,Texas,2015.0,2015.0,DAL,246.0,20.0,0.13333334
2021,15,00-0032141,G.Swaim,TE,TEN,PIT,0,0,0.0,0,0.0,0.0,0.0,0,0.0,0,2,1,5.0,0,0.5,1.5,,,76.0,260.0,28.158944444444444,6.0,Texas,2015.0,2015.0,DAL,246.0,,0.0625
2021,16,00-0032141,G.Swaim,TE,TEN,SF,0,0,0.0,0,0.0,0.0,0.0,0,0.0,0,3,3,10.0,0,1.0,4.0,,,76.0,260.0,28.158944444444444,6.0,Texas,2015.0,2015.0,DAL,246.0,3.0,0.1
2021,17,00-0032141,G.Swaim,TE,TEN,MIA,0,0,0.0,0,0.0,0.0,0.0,0,0.0,0,3,3,9.0,1,6.9,9.9,,,76.0,260.0,28.158944444444444,6.0,Texas,2015.0,2015.0,DAL,246.0,31.0,0.16666667
2021,18,00-0032141,G.Swaim,TE,TEN,HOU,0,0,0.0,0,0.0,0.0,0.0,0,0.0,0,1,1,2.0,0,0.2,1.2,,,76.0,260.0,28.158944444444444,6.0,Texas,2015.0,2015.0,DAL,246.0,,0.03125
2021,1,00-0032144,M.Gordon,RB,DEN,NYG,0,0,0.0,0,0.0,0.0,0.0,11,101.0,1,3,3,17.0,0,17.8,20.8,,,73.0,215.0,28.57664705882353,6.0,Wisconsin,2015.0,2015.0,SD,15.0,,0.08571429
2021,2,00-0032144,M.Gordon,RB,DEN,JAX,0,0,0.0,0,0.0,0.0,0.0,13,31.0,0,2,2,38.0,0,6.9,8.9,,,73.0,215.0,28.57664705882353,6.0,Wisconsin,2015.0,2015.0,SD,15.0,,0.05882353
2021,3,00-0032144,M.Gordon,RB,DEN,NYJ,0,0,0.0,0,0.0,0.0,0.0,18,60.0,1,2,1,21.0,0,14.1,15.1,,,73.0,215.0,28.57664705882353,6.0,Wisconsin,2015.0,2015.0,SD,15.0,26.0,0.083333336
2021,4,00-0032144,M.Gordon,RB,DEN,BAL,0,0,0.0,0,0.0,0.0,0.0,9,56.0,0,4,2,11.0,0,6.7,8.7,,,73.0,215.0,28.57664705882353,6.0,Wisconsin,2015.0,2015.0,SD,15.0,-16.0,0.10810811
2021,5,00-0032144,M.Gordon,RB,DEN,PIT,0,0,0.0,0,0.0,0.0,0.0,9,34.0,0,2,2,9.0,0,4.3,6.3,,,73.0,215.0,28.57664705882353,6.0,Wisconsin,2015.0,2015.0,SD,15.0,,0.057142857
2021,6,00-0032144,M.Gordon,RB,DEN,LV,0,0,0.0,0,0.0,0.0,0.0,10,50.0,0,3,3,23.0,0,7.3,10.3,,,73.0,215.0,28.57664705882353,6.0,Wisconsin,2015.0,2015.0,SD,15.0,-10.0,0.0625
2021,7,00-0032144,M.Gordon,RB,DEN,CLE,0,0,0.0,0,0.0,0.0,0.0,8,18.0,0,3,2,14.0,1,9.2,11.2,,,73.0,215.0,28.57664705882353,6.0,Wisconsin,2015.0,2015.0,SD,15.0,,0.09375
2021,8,00-0032144,M.Gordon,RB,DEN,WAS,0,0,0.0,0,0.0,0.0,0.0,10,47.0,1,3,3,15.0,1,16.2,19.2,,,73.0,215.0,28.57664705882353,6.0,Wisconsin,2015.0,2015.0,SD,15.0,7.0,0.12
2021,9,00-0032144,M.Gordon,RB,DEN,DAL,0,0,0.0,0,0.0,0.0,0.0,21,80.0,1,2,2,15.0,0,15.5,17.5,,,73.0,215.0,28.57664705882353,6.0,Wisconsin,2015.0,2015.0,SD,15.0,,0.083333336
2021,10,00-0032144,M.Gordon,RB,DEN,PHI,0,0,0.0,0,0.0,0.0,0.0,9,45.0,1,4,1,-2.0,0,8.3,9.3,,,73.0,215.0,28.57664705882353,6.0,Wisconsin,2015.0,2015.0,SD,15.0,-17.0,0.11764706
2021,12,00-0032144,M.Gordon,RB,DEN,LAC,0,0,0.0,0,0.0,0.0,0.0,17,83.0,0,2,1,5.0,0,8.8,9.8,,,73.0,215.0,28.57664705882353,6.0,Wisconsin,2015.0,2015.0,SD,15.0,15.0,0.08695652
2021,14,00-0032144,M.Gordon,RB,DEN,DET,0,0,0.0,0,0.0,0.0,0.0,24,111.0,2,0,0,0.0,0,23.1,23.1,,,73.0,215.0,28.57664705882353,6.0,Wisconsin,2015.0,2015.0,SD,15.0,28.0,
2021,15,00-0032144,M.Gordon,RB,DEN,CIN,0,0,0.0,0,0.0,0.0,0.0,15,53.0,0,1,1,8.0,0,6.1,7.1,,,73.0,215.0,28.57664705882353,6.0,Wisconsin,2015.0,2015.0,SD,15.0,-5.0,0.03125
2021,16,00-0032144,M.Gordon,RB,DEN,LV,0,0,0.0,0,0.0,0.0,0.0,7,-4.0,0,1,1,4.0,0,0.0,1.0,,,73.0,215.0,28.57664705882353,6.0,Wisconsin,2015.0,2015.0,SD,15.0,,0.045454547
2021,17,00-0032144,M.Gordon,RB,DEN,LAC,0,0,0.0,0,0.0,0.0,0.0,10,43.0,0,4,3,29.0,0,7.2,10.2,,,73.0,215.0,28.57664705882353,6.0,Wisconsin,2015.0,2015.0,SD,15.0,,0.14814815
2021,18,00-0032144,M.Gordon,RB,DEN,KC,0,0,0.0,0,0.0,0.0,0.0,12,110.0,1,2,1,6.0,0,15.6,16.6,,,73.0,215.0,28.57664705882353,6.0,Wisconsin,2015.0,2015.0,SD,15.0,-4.0,0.083333336
2021,8,00-0032156,T.Siemian,QB,NO,TB,16,29,159.0,1,0.0,1.0,6.0,2,2.0,0,0,0,0.0,0,10.56,10.56,,,75.0,220.0,29.880117647058825,6.0,Northwestern,2015.0,2015.0,DEN,250.0,9.0,
2021,9,00-0032156,T.Siemian,QB,NO,ATL,25,41,249.0,2,0.0,1.0,15.0,0,0.0,0,0,0,0.0,0,15.96,15.96,,,75.0,220.0,29.880117647058825,6.0,Northwestern,2015.0,2015.0,DEN,250.0,-2.0,
2021,10,00-0032156,T.Siemian,QB,NO,TEN,19,34,298.0,2,0.0,4.0,22.0,0,0.0,0,0,0,0.0,0,19.92,19.92,,,75.0,220.0,29.880117647058825,6.0,Northwestern,2015.0,2015.0,DEN,250.0,,
2021,11,00-0032156,T.Siemian,QB,NO,PHI,22,40,214.0,3,2.0,0.0,-0.0,2,16.0,1,0,0,0.0,0,24.16,24.16,,,75.0,220.0,29.880117647058825,6.0,Northwestern,2015.0,2015.0,DEN,250.0,,
2021,12,00-0032156,T.Siemian,QB,NO,BUF,17,29,163.0,1,1.0,2.0,17.0,3,3.0,0,0,0,0.0,0,8.82,8.82,,,75.0,220.0,29.880117647058825,6.0,Northwestern,2015.0,2015.0,DEN,250.0,-25.0,
2021,18,00-0032156,T.Siemian,QB,NO,ATL,9,15,71.0,2,0.0,1.0,4.0,2,-1.0,0,0,0,0.0,0,10.74,10.74,,,75.0,220.0,29.880117647058825,6.0,Northwestern,2015.0,2015.0,DEN,250.0,,
2021,1,00-0032160,T.Williams,WR,DET,SF,0,0,0.0,0,0.0,0.0,0.0,0,0.0,0,3,2,14.0,0,1.4,3.4,,,76.0,205.0,29.64975,6.0,Western Oregon,2015.0,2015.0,,,-8.0,0.05357143
2021,1,00-0032187,D.Johnson,RB,HOU,JAX,0,0,0.0,0,0.0,0.0,0.0,3,10.0,0,4,3,18.0,1,8.8,11.8,,,73.0,224.0,29.90305882352941,6.0,Northern Iowa,2015.0,2015.0,ARI,86.0,16.0,0.125
2021,2,00-0032187,D.Johnson,RB,HOU,CLE,0,0,0.0,0,0.0,0.0,0.0,6,25.0,0,2,2,22.0,0,4.7,6.7,,,73.0,224.0,29.90305882352941,6.0,Northern Iowa,2015.0,2015.0,ARI,86.0,,0.071428575
2021,3,00-0032187,D.Johnson,RB,HOU,CAR,0,0,0.0,0,0.0,0.0,0.0,2,11.0,0,0,0,0.0,0,1.1,1.1,,,73.0,224.0,29.90305882352941,6.0,Northern Iowa,2015.0,2015.0,ARI,86.0,-15.0,
2021,4,00-0032187,D.Johnson,RB,HOU,BUF,0,0,0.0,0,0.0,0.0,0.0,5,21.0,0,4,3,27.0,0,4.8,7.8,,,73.0,224.0,29.90305882352941,6.0,Northern Iowa,2015.0,2015.0,ARI,86.0,,0.2
2021,5,00-0032187,D.Johnson,RB,HOU,NE,0,0,0.0,0,0.0,0.0,0.0,2,5.0,0,6,5,46.0,0,5.1,10.1,,,73.0,224.0,29.90305882352941,6.0,Northern Iowa,2015.0,2015.0,ARI,86.0,-3.0,0.22222222
2021,6,00-0032187,D.Johnson,RB,HOU,IND,0,0,0.0,0,0.0,0.0,0.0,2,7.0,0,2,1,14.0,0,0.1,1.1,,,73.0,224.0,29.90305882352941,6.0,Northern Iowa,2015.0,2015.0,ARI,86.0,,0.04761905
2021,7,00-0032187,D.Johnson,RB,HOU,ARI,0,0,0.0,0,0.0,0.0,0.0,7,25.0,0,6,5,27.0,0,5.2,10.2,,,73.0,224.0,29.90305882352941,6.0,Northern Iowa,2015.0,2015.0,ARI,86.0,,0.19354838
2021,8,00-0032187,D.Johnson,RB,HOU,LA,0,0,0.0,0,0.0,0.0,0.0,2,4.0,0,1,1,-1.0,0,0.3,1.3,,,73.0,224.0,29.90305882352941,6.0,Northern Iowa,2015.0,2015.0,ARI,86.0,-16.0,0.027777778
2021,9,00-0032187,D.Johnson,RB,HOU,MIA,0,0,0.0,0,0.0,0.0,0.0,4,11.0,0,5,3,29.0,0,4.0,7.0,,,73.0,224.0,29.90305882352941,6.0,Northern Iowa,2015.0,2015.0,ARI,86.0,,0.125
2021,11,00-0032187,D.Johnson,RB,HOU,TEN,0,0,0.0,0,0.0,0.0,0.0,13,18.0,0,4,3,16.0,0,3.4,6.4,,,73.0,224.0,29.90305882352941,6.0,Northern Iowa,2015.0,2015.0,ARI,86.0,,0.17391305
2021,12,00-0032187,D.Johnson,RB,HOU,NYJ,0,0,0.0,0,0.0,0.0,0.0,10,39.0,0,3,2,16.0,0,5.5,7.5,,,73.0,224.0,29.90305882352941,6.0,Northern Iowa,2015.0,2015.0,ARI,86.0,-7.0,0.115384616
2021,15,00-0032187,D.Johnson,RB,HOU,JAX,0,0,0.0,0,0.0,0.0,0.0,6,24.0,0,1,1,3.0,0,2.7,3.7,,,73.0,224.0,29.90305882352941,6.0,Northern Iowa,2015.0,2015.0,ARI,86.0,,0.033333335
2021,18,00-0032187,D.Johnson,RB,HOU,TEN,0,0,0.0,0,0.0,0.0,0.0,5,28.0,0,4,3,8.0,0,3.6,6.6,,,73.0,224.0,29.90305882352941,6.0,Northern Iowa,2015.0,2015.0,ARI,86.0,-3.0,0.125
2021,1,00-0032200,T.Montgomery,WR,NO,GB,0,0,0.0,0,0.0,0.0,0.0,0,0.0,0,1,1,5.0,0,0.5,1.5,,,72.0,216.0,28.804176470588235,6.0,Stanford,2015.0,2015.0,GB,94.0,35.0,0.05
2021,2,00-0032200,T.Montgomery,WR,NO,CAR,0,0,0.0,0,0.0,0.0,0.0,0,0.0,0,1,1,3.0,0,0.3,1.3,,,72.0,216.0,28.804176470588235,6.0,Stanford,2015.0,2015.0,GB,94.0,,0.04761905
2021,4,00-0032200,T.Montgomery,WR,NO,NYG,0,0,0.0,0,0.0,0.0,0.0,2,7.0,0,3,3,42.0,0,4.9,7.9,,,72.0,216.0,28.804176470588235,6.0,Stanford,2015.0,2015.0,GB,94.0,-6.0,0.115384616
2021,7,00-0032200,T.Montgomery,WR,NO,SEA,0,0,0.0,0,0.0,0.0,0.0,1,4.0,0,1,0,0.0,0,0.4,0.4,,,72.0,216.0,28.804176470588235,6.0,Stanford,2015.0,2015.0,GB,94.0,,0.03125
2021,8,00-0032200,T.Montgomery,WR,NO,TB,0,0,0.0,0,0.0,0.0,0.0,0,0.0,0,2,1,4.0,0,0.4,1.4,,,72.0,216.0,28.804176470588235,6.0,Stanford,2015.0,2015.0,GB,94.0,9.0,0.057142857
2021,10,00-0032200,T.Montgomery,WR,NO,TEN,0,0,0.0,0,0.0,0.0,0.0,1,2.0,0,0,0,0.0,0,0.2,0.2,,,72.0,216.0,28.804176470588235,6.0,Stanford,2015.0,2015.0,GB,94.0,,
2021,12,00-0032200,T.Montgomery,WR,NO,BUF,0,0,0.0,0,0.0,0.0,0.0,6,14.0,0,7,5,31.0,0,4.5,9.5,,,72.0,216.0,28.804176470588235,6.0,Stanford,2015.0,2015.0,GB,94.0,-25.0,0.25
2021,13,00-0032200,T.Montgomery,WR,NO,DAL,0,0,0.0,0,0.0,0.0,0.0,4,21.0,0,7,4,9.0,0,3.0,7.0,,,72.0,216.0,28.804176470588235,6.0,Stanford,2015.0,2015.0,GB,94.0,-10.0,0.17073171
2021,15,00-0032200,T.Montgomery,WR,NO,TB,0,0,0.0,0,0.0,0.0,0.0,0,0.0,0,2,0,0.0,0,0.0,0.0,,,72.0,216.0,28.804176470588235,6.0,Stanford,2015.0,2015.0,GB,94.0,,0.08
2021,17,00-0032200,T.Montgomery,WR,NO,CAR,0,0,0.0,0,0.0,0.0,0.0,1,-4.0,0,0,0,0.0,0,-0.4,-0.4,,,72.0,216.0,28.804176470588235,6.0,Stanford,2015.0,2015.0,GB,94.0,8.0,
2021,18,00-0032200,T.Montgomery,WR,NO,ATL,0,0,0.0,0,0.0,0.0,0.0,0,0.0,0,2,1,1.0,0,0.1,1.1,,,72.0,216.0,28.804176470588235,6.0,Stanford,2015.0,2015.0,GB,94.0,,0.08695652
2021,3,00-0032208,P.Dorsett,WR,JAX,ARI,0,0,0.0,0,0.0,0.0,0.0,0,0.0,0,1,0,0.0,0,0.0,0.0,,,70.0,192.0,28.847764705882355,6.0,Miami,2015.0,2015.0,IND,29.0,-12.0,0.03125
2021,6,00-0032208,P.Dorsett,WR,SEA,PIT,0,0,0.0,0,0.0,0.0,0.0,0,0.0,0,1,1,3.0,0,0.3,1.3,,,70.0,192.0,28.847764705882355,6.0,Miami,2015.0,2015.0,IND,29.0,,0.032258064
2021,14,00-0032208,P.Dorsett,WR,HOU,SEA,0,0,0.0,0,0.0,0.0,0.0,1,0.0,0,3,1,9.0,0,0.9,1.9,,,70.0,192.0,28.847764705882355,6.0,Miami,2015.0,2015.0,IND,29.0,-20.0,0.0625
2021,15,00-0032208,P.Dorsett,WR,HOU,JAX,0,0,0.0,0,0.0,0.0,0.0,0,0.0,0,3,2,43.0,0,4.3,6.3,,,70.0,192.0,28.847764705882355,6.0,Miami,2015.0,2015.0,IND,29.0,,0.1
2021,16,00-0032208,P.Dorsett,WR,HOU,LAC,0,0,0.0,0,0.0,0.0,0.0,0,0.0,0,6,3,55.0,0,5.5,8.5,,,70.0,192.0,28.847764705882355,6.0,Miami,2015.0,2015.0,IND,29.0,12.0,0.22222222
2021,1,00-0032211,T.Lockett,WR,SEA,IND,0,0,0.0,0,0.0,0.0,0.0,0,0.0,0,5,4,100.0,2,22.0,26.0,,,70.0,182.0,29.11911764705882,6.0,Kansas State,2015.0,2015.0,SEA,69.0,,0.23809524
2021,2,00-0032211,T.Lockett,WR,SEA,TEN,0,0,0.0,0,0.0,0.0,0.0,0,0.0,0,11,8,178.0,1,23.8,31.8,,,70.0,182.0,29.11911764705882,6.0,Kansas State,2015.0,2015.0,SEA,69.0,-3.0,0.3548387
2021,3,00-0032211,T.Lockett,WR,SEA,MIN,0,0,0.0,0,0.0,0.0,0.0,0,0.0,0,4,4,31.0,0,3.1,7.1,,,70.0,182.0,29.11911764705882,6.0,Kansas State,2015.0,2015.0,SEA,69.0,,0.14285715
2021,4,00-0032211,T.Lockett,WR,SEA,SF,0,0,0.0,0,0.0,0.0,0.0,0,0.0,0,5,4,24.0,0,2.4,6.4,,,70.0,182.0,29.11911764705882,6.0,Kansas State,2015.0,2015.0,SEA,69.0,,0.22727273
2021,5,00-0032211,T.Lockett,WR,SEA,LA,0,0,0.0,0,0.0,0.0,0.0,0,0.0,0,10,5,57.0,0,5.7,10.7,,,70.0,182.0,29.11911764705882,6.0,Kansas State,2015.0,2015.0,SEA,69.0,-9.0,0.3125
2021,6,00-0032211,T.Lockett,WR,SEA,PIT,0,0,0.0,0,0.0,0.0,0.0,0,0.0,0,7,2,35.0,0,3.5,5.5,,,70.0,182.0,29.11911764705882,6.0,Kansas State,2015.0,2015.0,SEA,69.0,,0.22580644
2021,7,00-0032211,T.Lockett,WR,SEA,NO,0,0,0.0,0,0.0,0.0,0.0,0,0.0,0,3,2,12.0,0,1.2,3.2,,,70.0,182.0,29.11911764705882,6.0,Kansas State,2015.0,2015.0,SEA,69.0,-3.0,0.15789473
2021,8,00-0032211,T.Lockett,WR,SEA,JAX,0,0,0.0,0,0.0,0.0,0.0,0,0.0,0,13,12,142.0,0,14.2,26.2,,,70.0,182.0,29.11911764705882,6.0,Kansas State,2015.0,2015.0,SEA,69.0,24.0,0.59090906
2021,10,00-0032211,T.Lockett,WR,SEA,GB,0,0,0.0,0,0.0,0.0,0.0,0,0.0,0,8,2,23.0,0,2.3,4.3,,,70.0,182.0,29.11911764705882,6.0,Kansas State,2015.0,2015.0,SEA,69.0,,0.21052632
2021,11,00-0032211,T.Lockett,WR,SEA,ARI,0,0,0.0,0,0.0,0.0,0.0,0,0.0,0,5,4,115.0,0,11.5,15.5,,,70.0,182.0,29.11911764705882,6.0,Kansas State,2015.0,2015.0,SEA,69.0,-10.0,0.2
2021,12,00-0032211,T.Lockett,WR,SEA,WAS,0,0,0.0,0,0.0,0.0,0.0,0,0.0,0,5,3,96.0,0,9.6,12.6,,,70.0,182.0,29.11911764705882,6.0,Kansas State,2015.0,2015.0,SEA,69.0,,0.16129032
2021,13,00-0032211,T.Lockett,WR,SEA,SF,0,0,0.0,0,0.0,0.0,0.0,0,0.0,0,8,7,68.0,1,12.8,19.8,,,70.0,182.0,29.11911764705882,6.0,Kansas State,2015.0,2015.0,SEA,69.0,7.0,0.21621622
2021,14,00-0032211,T.Lockett,WR,SEA,HOU,0,0,0.0,0,0.0,0.0,0.0,0,0.0,0,9,5,142.0,1,22.2,27.2,,,70.0,182.0,29.11911764705882,6.0,Kansas State,2015.0,2015.0,SEA,69.0,,0.32142857
2021,16,00-0032211,T.Lockett,WR,SEA,CHI,0,0,0.0,0,0.0,0.0,0.0,0,0.0,0,6,3,30.0,0,3.0,6.0,,,70.0,182.0,29.11911764705882,6.0,Kansas State,2015.0,2015.0,SEA,69.0,-1.0,0.22222222
2021,17,00-0032211,T.Lockett,WR,SEA,DET,0,0,0.0,0,0.0,0.0,0.0,1,7.0,0,3,3,24.0,1,9.1,12.1,,,70.0,182.0,29.11911764705882,6.0,Kansas State,2015.0,2015.0,SEA,69.0,22.0,0.10714286
2021,18,00-0032211,T.Lockett,WR,SEA,ARI,0,0,0.0,0,0.0,0.0,0.0,1,2.0,0,5,5,98.0,2,22.0,27.0,,,70.0,182.0,29.11911764705882,6.0,Kansas State,2015.0,2015.0,SEA,69.0,,0.1923077
2021,1,00-0032214,T.Kroft,TE,NYJ,CAR,0,0,0.0,0,0.0,0.0,0.0,0,0.0,0,5,3,26.0,0,2.6,5.6,,,78.0,250.0,29.075294117647058,6.0,Rutgers,2015.0,2015.0,CIN,85.0,,0.1388889
2021,2,00-0032214,T.Kroft,TE,NYJ,NE,0,0,0.0,0,0.0,0.0,0.0,0,0.0,0,2,1,8.0,0,0.8,1.8,,,78.0,250.0,29.075294117647058,6.0,Rutgers,2015.0,2015.0,CIN,85.0,-19.0,0.060606062
2021,3,00-0032214,T.Kroft,TE,NYJ,DEN,0,0,0.0,0,0.0,0.0,0.0,0,0.0,0,2,2,12.0,0,1.2,3.2,,,78.0,250.0,29.075294117647058,6.0,Rutgers,2015.0,2015.0,CIN,85.0,,0.060606062
2021,4,00-0032214,T.Kroft,TE,NYJ,TEN,0,0,0.0,0,0.0,0.0,0.0,0,0.0,0,1,0,0.0,0,0.0,0.0,,,78.0,250.0,29.075294117647058,6.0,Rutgers,2015.0,2015.0,CIN,85.0,3.0,0.029411765
2021,8,00-0032214,T.Kroft,TE,NYJ,CIN,0,0,0.0,0,0.0,0.0,0.0,0,0.0,0,2,2,20.0,1,8.0,10.0,,,78.0,250.0,29.075294117647058,6.0,Rutgers,2015.0,2015.0,CIN,85.0,3.0,0.040816326
2021,9,00-0032214,T.Kroft,TE,NYJ,IND,0,0,0.0,0,0.0,0.0,0.0,0,0.0,0,3,2,38.0,0,3.8,5.8,,,78.0,250.0,29.075294117647058,6.0,Rutgers,2015.0,2015.0,CIN,85.0,,0.057692308
2021,15,00-0032214,T.Kroft,TE,NYJ,MIA,0,0,0.0,0,0.0,0.0,0.0,0,0.0,0,2,2,35.0,0,3.5,5.5,,,78.0,250.0,29.075294117647058,6.0,Rutgers,2015.0,2015.0,CIN,85.0,,0.09090909
2021,16,00-0032214,T.Kroft,TE,NYJ,JAX,0,0,0.0,0,0.0,0.0,0.0,0,0.0,0,5,3,29.0,0,2.9,5.9,,,78.0,250.0,29.075294117647058,6.0,Rutgers,2015.0,2015.0,CIN,85.0,5.0,0.23809524
2021,18,00-0032214,T.Kroft,TE,NYJ,BUF,0,0,0.0,0,0.0,0.0,0.0,0,0.0,0,3,1,5.0,0,0.5,1.5,,,78.0,250.0,29.075294117647058,6.0,Rutgers,2015.0,2015.0,CIN,85.0,,0.15789473
2021,17,00-0032245,S.Mannion,QB,MIN,GB,22,36,189.0,1,0.0,2.0,15.0,2,14.0,0,0,0,0.0,0,12.96,12.96,,,78.0,231.0,29.548000000000002,6.0,Oregon State,2015.0,2015.0,STL,89.0,,
2021,11,00-0032257,D.Johnson,RB,MIA,NYJ,0,0,0.0,0,0.0,0.0,0.0,4,18.0,0,0,0,0.0,0,1.8,1.8,,,69.0,210.0,28.16116666666667,6.0,Miami,2015.0,2015.0,CLE,77.0,,
2021,15,00-0032257,D.Johnson,RB,MIA,NYJ,0,0,0.0,0,0.0,0.0,0.0,22,107.0,2,1,1,20.0,0,24.7,25.7,,,69.0,210.0,28.16116666666667,6.0,Miami,2015.0,2015.0,CLE,77.0,7.0,0.03846154
2021,16,00-0032257,D.Johnson,RB,MIA,NO,0,0,0.0,0,0.0,0.0,0.0,13,39.0,0,0,0,0.0,0,3.9,3.9,,,69.0,210.0,28.16116666666667,6.0,Miami,2015.0,2015.0,CLE,77.0,,
2021,17,00-0032257,D.Johnson,RB,MIA,TEN,0,0,0.0,0,0.0,0.0,0.0,7,49.0,0,3,2,16.0,0,6.5,8.5,,,69.0,210.0,28.16116666666667,6.0,Miami,2015.0,2015.0,CLE,77.0,,0.078947365
2021,18,00-0032257,D.Johnson,RB,MIA,NE,0,0,0.0,0,0.0,0.0,0.0,25,117.0,1,1,1,5.0,0,18.2,19.2,,,69.0,210.0,28.16116666666667,6.0,Miami,2015.0,2015.0,CLE,77.0,9.0,0.04761905
2021,1,00-0032268,M.Mariota,QB,LV,BAL,0,0,0.0,0,0.0,0.0,0.0,1,31.0,0,0,0,0.0,0,3.1,3.1,,,76.0,222.0,28.043055555555554,6.0,Oregon,2015.0,2015.0,TEN,2.0,6.0,
2021,7,00-0032268,M.Mariota,QB,LV,PHI,0,0,0.0,0,0.0,0.0,0.0,1,4.0,0,0,0,0.0,0,0.4,0.4,,,76.0,222.0,28.043055555555554,6.0,Oregon,2015.0,2015.0,TEN,2.0,11.0,
2021,9,00-0032268,M.Mariota,QB,LV,NYG,0,0,0.0,0,0.0,0.0,0.0,1,6.0,0,0,0,0.0,0,0.6,0.6,,,76.0,222.0,28.043055555555554,6.0,Oregon,2015.0,2015.0,TEN,2.0,,
2021,12,00-0032268,M.Mariota,QB,LV,DAL,0,0,0.0,0,0.0,0.0,0.0,2,4.0,1,0,0,0.0,0,6.4,6.4,,,76.0,222.0,28.043055555555554,6.0,Oregon,2015.0,2015.0,TEN,2.0,,
2021,15,00-0032268,M.Mariota,QB,LV,CLE,0,0,0.0,0,0.0,0.0,0.0,1,3.0,0,0,0,0.0,0,0.3,0.3,,,76.0,222.0,28.043055555555554,6.0,Oregon,2015.0,2015.0,TEN,2.0,,
2021,17,00-0032268,M.Mariota,QB,LV,IND,0,1,0.0,0,0.0,0.0,-0.0,3,16.0,0,0,0,0.0,0,1.6,1.6,,,76.0,222.0,28.043055555555554,6.0,Oregon,2015.0,2015.0,TEN,2.0,,
2021,18,00-0032268,M.Mariota,QB,LV,LAC,1,1,4.0,0,0.0,0.0,-0.0,4,23.0,0,0,0,0.0,0,2.46,2.46,,,76.0,222.0,28.043055555555554,6.0,Oregon,2015.0,2015.0,TEN,2.0,3.0,
2021,1,00-0032355,C.Rogers,WR,TEN,ARI,0,0,0.0,0,0.0,0.0,0.0,0,0.0,0,6,4,62.0,0,6.2,10.2,,,72.0,184.0,27.835833333333333,5.0,Grambling,2016.0,2016.0,,,-25.0,0.16666667
2021,2,00-0032355,C.Rogers,WR,TEN,SEA,0,0,0.0,0,0.0,0.0,0.0,0,0.0,0,5,2,22.0,0,2.2,4.2,,,72.0,184.0,27.835833333333333,5.0,Grambling,2016.0,2016.0,,,,0.12820514
2021,3,00-0032355,C.Rogers,WR,TEN,IND,0,0,0.0,0,0.0,0.0,0.0,0,0.0,0,2,1,6.0,1,6.6,7.6,,,72.0,184.0,27.835833333333333,5.0,Grambling,2016.0,2016.0,,,9.0,0.07692308
2021,4,00-0032355,C.Rogers,WR,TEN,NYJ,0,0,0.0,0,0.0,0.0,0.0,0,0.0,0,6,5,63.0,0,6.3,11.3,,,72.0,184.0,27.835833333333333,5.0,Grambling,2016.0,2016.0,,,,0.12244898
2021,5,00-0032355,C.Rogers,WR,TEN,JAX,0,0,0.0,0,0.0,0.0,0.0,1,9.0,0,1,1,26.0,0,3.5,4.5,,,72.0,184.0,27.835833333333333,5.0,Grambling,2016.0,2016.0,,,,0.04761905
2021,6,00-0032355,C.Rogers,WR,TEN,BUF,0,0,0.0,0,0.0,0.0,0.0,0,0.0,0,1,1,7.0,0,0.7,1.7,,,72.0,184.0,27.835833333333333,5.0,Grambling,2016.0,2016.0,,,3.0,0.04
2021,8,00-0032355,C.Rogers,WR,TEN,IND,0,0,0.0,0,0.0,0.0,0.0,0,0.0,0,1,0,0.0,0,0.0,0.0,,,72.0,184.0,27.835833333333333,5.0,Grambling,2016.0,2016.0,,,,0.03125
2021,9,00-0032355,C.Rogers,WR,TEN,LA,0,0,0.0,0,0.0,0.0,0.0,0,0.0,0,1,0,0.0,0,0.0,0.0,,,72.0,184.0,27.835833333333333,5.0,Grambling,2016.0,2016.0,,,,0.03846154
2021,10,00-0032355,C.Rogers,WR,TEN,NO,0,0,0.0,0,0.0,0.0,0.0,0,0.0,0,1,1,9.0,0,0.9,1.9,,,72.0,184.0,27.835833333333333,5.0,Grambling,2016.0,2016.0,,,2.0,0.037037037
2021,11,00-0032355,C.Rogers,WR,TEN,HOU,0,0,0.0,0,0.0,0.0,0.0,0,0.0,0,6,4,41.0,0,4.1,8.1,,,72.0,184.0,27.835833333333333,5.0,Grambling,2016.0,2016.0,,,-9.0,0.11764706
2021,12,00-0032355,C.Rogers,WR,TEN,NE,0,0,0.0,0,0.0,0.0,0.0,0,0.0,0,3,1,2.0,0,0.2,1.2,,,72.0,184.0,27.835833333333333,5.0,Grambling,2016.0,2016.0,,,,0.14285715
2021,14,00-0032355,C.Rogers,WR,TEN,JAX,0,0,0.0,0,0.0,0.0,0.0,0,0.0,0,1,1,13.0,0,1.3,2.3,,,72.0,184.0,27.835833333333333,5.0,Grambling,2016.0,2016.0,,,20.0,0.033333335
2021,15,00-0032355,C.Rogers,WR,TEN,PIT,0,0,0.0,0,0.0,0.0,0.0,0,0.0,0,4,4,30.0,0,3.0,7.0,,,72.0,184.0,27.835833333333333,5.0,Grambling,2016.0,2016.0,,,,0.125
2021,16,00-0032355,C.Rogers,WR,TEN,SF,0,0,0.0,0,0.0,0.0,0.0,0,0.0,0,1,1,3.0,0,0.3,1.3,,,72.0,184.0,27.835833333333333,5.0,Grambling,2016.0,2016.0,,,3.0,0.033333335
2021,17,00-0032355,C.Rogers,WR,TEN,MIA,0,0,0.0,0,0.0,0.0,0.0,0,0.0,0,2,2,13.0,0,1.3,3.3,,,72.0,184.0,27.835833333333333,5.0,Grambling,2016.0,2016.0,,,31.0,0.11111111
2021,18,00-0032355,C.Rogers,WR,TEN,HOU,0,0,0.0,0,0.0,0.0,0.0,0,0.0,0,2,2,4.0,0,0.4,2.4,,,72.0,184.0,27.835833333333333,5.0,Grambling,2016.0,2016.0,,,,0.0625
2021,20,00-0032355,C.Rogers,WR,TEN,CIN,0,0,0.0,0,0.0,0.0,0.0,0,0.0,0,2,1,3.0,0,0.3,1.3,,,72.0,184.0,27.835833333333333,5.0,Grambling,2016.0,2016.0,,,-3.0,0.083333336
2021,14,00-0032381,T.Decker,T,DET,DEN,0,0,0.0,0,0.0,0.0,0.0,0,0.0,0,1,1,-2.0,0,-0.2,0.8,,,79.0,318.0,28.217882352941178,5.0,Ohio State,2016.0,2016.0,DET,16.0,,0.02631579
2021,17,00-0032381,T.Decker,T,DET,SEA,0,0,0.0,0,0.0,0.0,0.0,0,0.0,0,1,1,6.0,1,6.6,7.6,,,79.0,318.0,28.217882352941178,5.0,Ohio State,2016.0,2016.0,DET,16.0,,0.027027028
2021,1,00-0032385,S.Shepard,WR,NYG,DEN,0,0,0.0,0,0.0,0.0,0.0,0,0.0,0,9,7,113.0,1,17.3,24.3,,,70.0,201.0,28.748117647058823,5.0,Oklahoma,2016.0,2016.0,NYG,40.0,-14.0,0.25
2021,2,00-0032385,S.Shepard,WR,NYG,WAS,0,0,0.0,0,0.0,0.0,0.0,1,-9.0,0,10,9,94.0,0,8.5,17.5,,,70.0,201.0,28.748117647058823,5.0,Oklahoma,2016.0,2016.0,NYG,40.0,,0.3125
2021,3,00-0032385,S.Shepard,WR,NYG,ATL,0,0,0.0,0,0.0,0.0,0.0,0,0.0,0,3,2,16.0,0,1.6,3.6,,,70.0,201.0,28.748117647058823,5.0,Oklahoma,2016.0,2016.0,NYG,40.0,-3.0,0.08571429
2021,6,00-0032385,S.Shepard,WR,NYG,LA,0,0,0.0,0,0.0,0.0,0.0,0,0.0,0,14,10,76.0,0,7.6,17.6,,,70.0,201.0,28.748117647058823,5.0,Oklahoma,2016.0,2016.0,NYG,40.0,-27.0,0.29166666
2021,8,00-0032385,S.Shepard,WR,NYG,KC,0,0,0.0,0,0.0,0.0,0.0,0,0.0,0,7,4,25.0,0,2.5,6.5,,,70.0,201.0,28.748117647058823,5.0,Oklahoma,2016.0,2016.0,NYG,40.0,,0.21212122
2021,14,00-0032385,S.Shepard,WR,NYG,LAC,0,0,0.0,0,0.0,0.0,0.0,0,0.0,0,4,2,27.0,0,2.7,4.7,,,70.0,201.0,28.748117647058823,5.0,Oklahoma,2016.0,2016.0,NYG,40.0,,0.11764706
2021,15,00-0032385,S.Shepard,WR,NYG,DAL,0,0,0.0,0,0.0,0.0,0.0,0,0.0,0,6,2,15.0,0,1.5,3.5,,,70.0,201.0,28.748117647058823,5.0,Oklahoma,2016.0,2016.0,NYG,40.0,-15.0,0.16666667
2021,1,00-0032392,A.Hooper,TE,CLE,KC,0,0,0.0,0,0.0,0.0,0.0,0,0.0,0,3,3,27.0,0,2.7,5.7,,,76.0,254.0,27.03064705882353,5.0,Stanford,2016.0,2016.0,ATL,81.0,,0.11111111
2021,2,00-0032392,A.Hooper,TE,CLE,HOU,0,0,0.0,0,0.0,0.0,0.0,0,0.0,0,5,5,40.0,0,4.0,9.0,,,76.0,254.0,27.03064705882353,5.0,Stanford,2016.0,2016.0,ATL,81.0,10.0,0.23809524
2021,3,00-0032392,A.Hooper,TE,CLE,CHI,0,0,0.0,0,0.0,0.0,0.0,0,0.0,0,3,2,19.0,1,7.9,9.9,,,76.0,254.0,27.03064705882353,5.0,Stanford,2016.0,2016.0,ATL,81.0,20.0,0.10344828
2021,4,00-0032392,A.Hooper,TE,CLE,MIN,0,0,0.0,0,0.0,0.0,0.0,0,0.0,0,5,1,11.0,0,1.1,2.1,,,76.0,254.0,27.03064705882353,5.0,Stanford,2016.0,2016.0,ATL,81.0,,0.16129032
2021,5,00-0032392,A.Hooper,TE,CLE,LAC,0,0,0.0,0,0.0,0.0,0.0,0,0.0,0,0,0,0.0,0,2.0,2.0,,,76.0,254.0,27.03064705882353,5.0,Stanford,2016.0,2016.0,ATL,81.0,,
2021,6,00-0032392,A.Hooper,TE,CLE,ARI,0,0,0.0,0,0.0,0.0,0.0,0,0.0,0,3,1,4.0,0,0.4,1.4,,,76.0,254.0,27.03064705882353,5.0,Stanford,2016.0,2016.0,ATL,81.0,-23.0,0.09677419
2021,7,00-0032392,A.Hooper,TE,CLE,DEN,0,0,0.0,0,0.0,0.0,0.0,0,0.0,0,3,2,42.0,0,4.2,6.2,,,76.0,254.0,27.03064705882353,5.0,Stanford,2016.0,2016.0,ATL,81.0,3.0,0.09375
2021,8,00-0032392,A.Hooper,TE,CLE,PIT,0,0,0.0,0,0.0,0.0,0.0,0,0.0,0,6,4,26.0,0,2.6,6.6,,,76.0,254.0,27.03064705882353,5.0,Stanford,2016.0,2016.0,ATL,81.0,-5.0,0.19354838
2021,9,00-0032392,A.Hooper,TE,CLE,CIN,0,0,0.0,0,0.0,0.0,0.0,0,0.0,0,2,2,14.0,0,1.4,3.4,,,76.0,254.0,27.03064705882353,5.0,Stanford,2016.0,2016.0,ATL,81.0,,0.10526316
2021,10,00-0032392,A.Hooper,TE,CLE,NE,0,0,0.0,0,0.0,0.0,0.0,0,0.0,0,5,4,25.0,1,8.5,12.5,,,76.0,254.0,27.03064705882353,5.0,Stanford,2016.0,2016.0,ATL,81.0,,0.16129032
2021,11,00-0032392,A.Hooper,TE,CLE,DET,0,0,0.0,0,0.0,0.0,0.0,0,0.0,0,7,4,53.0,0,5.3,9.3,,,76.0,254.0,27.03064705882353,5.0,Stanford,2016.0,2016.0,ATL,81.0,3.0,0.25
2021,12,00-0032392,A.Hooper,TE,CLE,BAL,0,0,0.0,0,0.0,0.0,0.0,0,0.0,0,3,0,0.0,0,0.0,0.0,,,76.0,254.0,27.03064705882353,5.0,Stanford,2016.0,2016.0,ATL,81.0,,0.0882353
2021,14,00-0032392,A.Hooper,TE,CLE,BAL,0,0,0.0,0,0.0,0.0,0.0,0,0.0,0,6,5,30.0,1,9.0,14.0,,,76.0,254.0,27.03064705882353,5.0,Stanford,2016.0,2016.0,ATL,81.0,2.0,0.19354838
2021,16,00-0032392,A.Hooper,TE,CLE,GB,0,0,0.0,0,0.0,0.0,0.0,0,0.0,0,5,3,26.0,0,2.6,5.6,,,76.0,254.0,27.03064705882353,5.0,Stanford,2016.0,2016.0,ATL,81.0,,0.1388889
2021,17,00-0032392,A.Hooper,TE,CLE,PIT,0,0,0.0,0,0.0,0.0,0.0,0,0.0,0,5,2,28.0,0,2.8,4.8,,,76.0,254.0,27.03064705882353,5.0,Stanford,2016.0,2016.0,ATL,81.0,,0.1388889
2021,11,00-0032394,N.Vannett,TE,NO,PHI,0,0,0.0,0,0.0,0.0,0.0,0,0.0,0,1,1,20.0,0,2.0,3.0,,,78.0,261.0,28.686470588235295,5.0,Ohio State,2016.0,2016.0,SEA,94.0,,0.027777778
2021,12,00-0032394,N.Vannett,TE,NO,BUF,0,0,0.0,0,0.0,0.0,0.0,0,0.0,0,1,1,11.0,1,7.1,8.1,,,78.0,261.0,28.686470588235295,5.0,Ohio State,2016.0,2016.0,SEA,94.0,-25.0,0.035714287
2021,13,00-0032394,N.Vannett,TE,NO,DAL,0,0,0.0,0,0.0,0.0,0.0,0,0.0,0,4,3,48.0,0,4.8,7.8,,,78.0,261.0,28.686470588235295,5.0,Ohio State,2016.0,2016.0,SEA,94.0,-10.0,0.09756097
2021,14,00-0032394,N.Vannett,TE,NO,NYJ,0,0,0.0,0,0.0,0.0,0.0,0,0.0,0,6,3,44.0,0,4.4,7.4,,,78.0,261.0,28.686470588235295,5.0,Ohio State,2016.0,2016.0,SEA,94.0,,0.2857143
2021,15,00-0032394,N.Vannett,TE,NO,TB,0,0,0.0,0,0.0,0.0,0.0,0,0.0,0,1,0,0.0,0,0.0,0.0,,,78.0,261.0,28.686470588235295,5.0,Ohio State,2016.0,2016.0,SEA,94.0,,0.04
2021,16,00-0032394,N.Vannett,TE,NO,MIA,0,0,0.0,0,0.0,0.0,0.0,0,0.0,0,1,0,0.0,0,0.0,0.0,,,78.0,261.0,28.686470588235295,5.0,Ohio State,2016.0,2016.0,SEA,94.0,-17.0,0.055555556
2021,18,00-0032394,N.Vannett,TE,NO,ATL,0,0,0.0,0,0.0,0.0,0.0,0,0.0,0,1,1,10.0,0,1.0,2.0,,,78.0,261.0,28.686470588235295,5.0,Ohio State,2016.0,2016.0,SEA,94.0,,0.04347826
2021,5,00-0032398,C.Moore,WR,HOU,NE,0,0,0.0,0,0.0,0.0,0.0,0,0.0,0,5,5,109.0,1,16.9,21.9,,,73.0,200.0,28.402823529411766,5.0,Cincinnati,2016.0,2016.0,BAL,107.0,-3.0,0.18518518
2021,6,00-0032398,C.Moore,WR,HOU,IND,0,0,0.0,0,0.0,0.0,0.0,0,0.0,0,5,4,14.0,0,1.4,5.4,,,73.0,200.0,28.402823529411766,5.0,Cincinnati,2016.0,2016.0,BAL,107.0,,0.11904762
2021,8,00-0032398,C.Moore,WR,HOU,LA,0,0,0.0,0,0.0,0.0,0.0,0,0.0,0,2,2,16.0,0,1.6,3.6,,,73.0,200.0,28.402823529411766,5.0,Cincinnati,2016.0,2016.0,BAL,107.0,-16.0,0.055555556
2021,9,00-0032398,C.Moore,WR,HOU,MIA,0,0,0.0,0,0.0,0.0,0.0,0,0.0,0,1,1,4.0,0,0.4,1.4,,,73.0,200.0,28.402823529411766,5.0,Cincinnati,2016.0,2016.0,BAL,107.0,,0.025
2021,11,00-0032398,C.Moore,WR,HOU,TEN,0,0,0.0,0,0.0,0.0,0.0,0,0.0,0,1,1,10.0,0,1.0,2.0,,,73.0,200.0,28.402823529411766,5.0,Cincinnati,2016.0,2016.0,BAL,107.0,,0.04347826
2021,12,00-0032398,C.Moore,WR,HOU,NYJ,0,0,0.0,0,0.0,0.0,0.0,0,0.0,0,1,1,-4.0,0,-0.4,0.6,,,73.0,200.0,28.402823529411766,5.0,Cincinnati,2016.0,2016.0,BAL,107.0,-7.0,0.03846154
2021,16,00-0032398,C.Moore,WR,HOU,LAC,0,0,0.0,0,0.0,0.0,0.0,0,0.0,0,4,4,40.0,0,4.0,8.0,,,73.0,200.0,28.402823529411766,5.0,Cincinnati,2016.0,2016.0,BAL,107.0,12.0,0.14814815
2021,18,00-0032398,C.Moore,WR,HOU,TEN,0,0,0.0,0,0.0,0.0,0.0,0,0.0,0,3,3,38.0,1,9.8,12.8,,,73.0,200.0,28.402823529411766,5.0,Cincinnati,2016.0,2016.0,BAL,107.0,-3.0,0.09375
2021,2,00-0032426,A.Collins,RB,SEA,TEN,0,0,0.0,0,0.0,0.0,0.0,1,25.0,0,0,0,0.0,0,2.5,2.5,,,70.0,210.0,27.210882352941177,5.0,Arkansas,2016.0,2016.0,SEA,171.0,-3.0,
2021,3,00-0032426,A.Collins,RB,SEA,MIN,0,0,0.0,0,0.0,0.0,0.0,2,8.0,0,0,0,0.0,0,0.8,0.8,,,70.0,210.0,27.210882352941177,5.0,Arkansas,2016.0,2016.0,SEA,171.0,,
2021,4,00-0032426,A.Collins,RB,SEA,SF,0,0,0.0,0,0.0,0.0,0.0,10,44.0,1,2,2,34.0,0,13.8,15.8,,,70.0,210.0,27.210882352941177,5.0,Arkansas,2016.0,2016.0,SEA,171.0,,0.09090909
2021,5,00-0032426,A.Collins,RB,SEA,LA,0,0,0.0,0,0.0,0.0,0.0,15,47.0,0,3,2,25.0,0,7.2,9.2,,,70.0,210.0,27.210882352941177,5.0,Arkansas,2016.0,2016.0,SEA,171.0,-9.0,0.09375
2021,6,00-0032426,A.Collins,RB,SEA,PIT,0,0,0.0,0,0.0,0.0,0.0,20,101.0,1,1,1,-3.0,0,15.8,16.8,,,70.0,210.0,27.210882352941177,5.0,Arkansas,2016.0,2016.0,SEA,171.0,,0.032258064
2021,7,00-0032426,A.Collins,RB,SEA,NO,0,0,0.0,0,0.0,0.0,0.0,16,35.0,0,1,1,9.0,0,4.4,5.4,,,70.0,210.0,27.210882352941177,5.0,Arkansas,2016.0,2016.0,SEA,171.0,-3.0,0.05263158
2021,8,00-0032426,A.Collins,RB,SEA,JAX,0,0,0.0,0,0.0,0.0,0.0,10,44.0,0,0,0,0.0,0,4.4,4.4,,,70.0,210.0,27.210882352941177,5.0,Arkansas,2016.0,2016.0,SEA,171.0,24.0,
2021,10,00-0032426,A.Collins,RB,SEA,GB,0,0,0.0,0,0.0,0.0,0.0,10,41.0,0,1,1,8.0,0,4.9,5.9,,,70.0,210.0,27.210882352941177,5.0,Arkansas,2016.0,2016.0,SEA,171.0,,0.02631579
2021,11,00-0032426,A.Collins,RB,SEA,ARI,0,0,0.0,0,0.0,0.0,0.0,10,36.0,0,0,0,0.0,0,3.6,3.6,,,70.0,210.0,27.210882352941177,5.0,Arkansas,2016.0,2016.0,SEA,171.0,-10.0,
2021,12,00-0032426,A.Collins,RB,SEA,WAS,0,0,0.0,0,0.0,0.0,0.0,7,14.0,0,1,1,13.0,0,0.7,1.7,,,70.0,210.0,27.210882352941177,5.0,Arkansas,2016.0,2016.0,SEA,171.0,,0.032258064
2021,14,00-0032426,A.Collins,RB,SEA,HOU,0,0,0.0,0,0.0,0.0,0.0,7,16.0,0,1,1,1.0,0,1.7,2.7,,,70.0,210.0,27.210882352941177,5.0,Arkansas,2016.0,2016.0,SEA,171.0,,0.035714287
2021,6,00-0032434,B.Allen,QB,CIN,DET,1,1,7.0,1,0.0,0.0,-0.0,3,-3.0,0,0,0,0.0,0,3.98,3.98,,,74.0,209.0,29.221333333333334,5.0,Arkansas,2016.0,2016.0,JAX,201.0,,
2021,9,00-0032434,B.Allen,QB,CIN,CLE,1,2,6.0,0,0.0,0.0,-0.0,1,0.0,0,0,0,0.0,0,0.24,0.24,,,74.0,209.0,29.221333333333334,5.0,Arkansas,2016.0,2016.0,JAX,201.0,-25.0,
2021,12,00-0032434,B.Allen,QB,CIN,PIT,0,1,0.0,0,0.0,0.0,-0.0,1,-1.0,0,0,0,0.0,0,-0.1,-0.1,,,74.0,209.0,29.221333333333334,5.0,Arkansas,2016.0,2016.0,JAX,201.0,31.0,
2021,17,00-0032434,B.Allen,QB,CIN,KC,0,1,0.0,0,0.0,0.0,-0.0,1,0.0,0,0,0,0.0,0,0.0,0.0,,,74.0,209.0,29.221333333333334,5.0,Arkansas,2016.0,2016.0,JAX,201.0,3.0,
2021,18,00-0032434,B.Allen,QB,CIN,CLE,15,29,136.0,1,0.0,4.0,33.0,1,3.0,0,0,0,0.0,0,9.74,9.74,,,74.0,209.0,29.221333333333334,5.0,Arkansas,2016.0,2016.0,JAX,201.0,,
2021,4,00-0032450,D.Washington,RB,NO,NYG,0,0,0.0,0,0.0,0.0,0.0,1,5.0,0,1,1,6.0,0,1.1,2.1,,,73.0,223.0,27.552823529411768,5.0,Washington,2016.0,2016.0,DET,236.0,-6.0,0.03846154
2021,10,00-0032450,D.Washington,RB,NO,TEN,0,0,0.0,0,0.0,0.0,0.0,2,8.0,0,0,0,0.0,0,0.8,0.8,,,73.0,223.0,27.552823529411768,5.0,Washington,2016.0,2016.0,DET,236.0,,
2021,11,00-0032450,D.Washington,RB,NO,PHI,0,0,0.0,0,0.0,0.0,0.0,1,3.0,0,1,1,6.0,0,0.9,1.9,,,73.0,223.0,27.552823529411768,5.0,Washington,2016.0,2016.0,DET,236.0,,0.027777778
2021,1,00-0032464,K.Raymond,WR,DET,SF,0,0,0.0,0,0.0,0.0,0.0,1,9.0,0,4,3,50.0,0,5.9,8.9,,,68.0,182.0,27.259588235294117,5.0,Holy Cross,2016.0,2016.0,,,-8.0,0.071428575
2021,2,00-0032464,K.Raymond,WR,DET,GB,0,0,0.0,0,0.0,0.0,0.0,0,0.0,0,2,2,18.0,0,1.8,3.8,,,68.0,182.0,27.259588235294117,5.0,Holy Cross,2016.0,2016.0,,,,0.057142857
2021,3,00-0032464,K.Raymond,WR,DET,BAL,0,0,0.0,0,0.0,0.0,0.0,0,0.0,0,10,6,68.0,0,6.8,12.8,,,68.0,182.0,27.259588235294117,5.0,Holy Cross,2016.0,2016.0,,,-2.0,0.35714287
2021,4,00-0032464,K.Raymond,WR,DET,CHI,0,0,0.0,0,0.0,0.0,0.0,0,0.0,0,6,3,46.0,2,16.6,19.6,,,68.0,182.0,27.259588235294117,5.0,Holy Cross,2016.0,2016.0,,,,0.16216215
2021,5,00-0032464,K.Raymond,WR,DET,MIN,0,0,0.0,0,0.0,0.0,0.0,0,0.0,0,2,0,0.0,0,0.0,0.0,,,68.0,182.0,27.259588235294117,5.0,Holy Cross,2016.0,2016.0,,,,0.06451613
2021,6,00-0032464,K.Raymond,WR,DET,CIN,0,0,0.0,0,0.0,0.0,0.0,0,0.0,0,7,6,37.0,0,3.7,9.7,,,68.0,182.0,27.259588235294117,5.0,Holy Cross,2016.0,2016.0,,,-23.0,0.17948718
2021,7,00-0032464,K.Raymond,WR,DET,LA,0,0,0.0,0,0.0,0.0,0.0,1,1.0,0,8,6,115.0,0,11.6,17.6,,,68.0,182.0,27.259588235294117,5.0,Holy Cross,2016.0,2016.0,,,,0.25
2021,8,00-0032464,K.Raymond,WR,DET,PHI,0,0,0.0,0,0.0,0.0,0.0,0,0.0,0,1,0,0.0,0,0.0,0.0,,,68.0,182.0,27.259588235294117,5.0,Holy Cross,2016.0,2016.0,,,-38.0,0.03125
2021,10,00-0032464,K.Raymond,WR,DET,PIT,0,0,0.0,0,0.0,0.0,0.0,0,0.0,0,6,4,29.0,0,2.9,6.9,,,68.0,182.0,27.259588235294117,5.0,Holy Cross,2016.0,2016.0,,,,0.25
2021,11,00-0032464,K.Raymond,WR,DET,CLE,0,0,0.0,0,0.0,0.0,0.0,0,0.0,0,1,0,0.0,0,0.0,0.0,,,68.0,182.0,27.259588235294117,5.0,Holy Cross,2016.0,2016.0,,,,0.04347826
2021,12,00-0032464,K.Raymond,WR,DET,CHI,0,0,0.0,0,0.0,0.0,0.0,0,0.0,0,4,3,16.0,0,1.6,4.6,,,68.0,182.0,27.259588235294117,5.0,Holy Cross,2016.0,2016.0,,,-2.0,0.16
2021,13,00-0032464,K.Raymond,WR,DET,MIN,0,0,0.0,0,0.0,0.0,0.0,0,0.0,0,2,2,33.0,0,3.3,5.3,,,68.0,182.0,27.259588235294117,5.0,Holy Cross,2016.0,2016.0,,,2.0,0.05263158
2021,14,00-0032464,K.Raymond,WR,DET,DEN,0,0,0.0,0,0.0,0.0,0.0,0,0.0,0,5,4,31.0,1,9.1,13.1,,,68.0,182.0,27.259588235294117,5.0,Holy Cross,2016.0,2016.0,,,,0.13157895
2021,15,00-0032464,K.Raymond,WR,DET,ARI,0,0,0.0,0,0.0,0.0,0.0,0,0.0,0,3,2,20.0,0,2.0,4.0,,,68.0,182.0,27.259588235294117,5.0,Holy Cross,2016.0,2016.0,,,18.0,0.115384616
2021,16,00-0032464,K.Raymond,WR,DET,ATL,0,0,0.0,0,0.0,0.0,0.0,1,5.0,0,5,3,12.0,0,1.7,4.7,,,68.0,182.0,27.259588235294117,5.0,Holy Cross,2016.0,2016.0,,,,0.14285715
2021,18,00-0032464,K.Raymond,WR,DET,GB,0,0,0.0,0,0.0,0.0,0.0,1,13.0,0,5,4,101.0,1,17.4,21.4,,,68.0,182.0,27.259588235294117,5.0,Holy Cross,2016.0,2016.0,,,7.0,0.1724138
2021,1,00-0032496,M.Farley,FS,TEN,ARI,1,1,6.0,0,0.0,0.0,-0.0,0,0.0,0,0,0,0.0,0,0.24,0.24,,,71.0,209.0,29.330666666666666,5.0,Notre Dame,2016.0,2016.0,,,-25.0,
2021,3,00-0032543,A.Erickson,WR,CAR,HOU,0,0,0.0,0,0.0,0.0,0.0,0,0.0,0,1,1,25.0,0,2.5,3.5,,,72.0,195.0,29.007235294117645,5.0,Wisconsin,2016.0,2016.0,,,,0.030303031
2021,6,00-0032543,A.Erickson,WR,CAR,MIN,0,0,0.0,0,0.0,0.0,0.0,0,0.0,0,1,1,17.0,0,1.7,2.7,,,72.0,195.0,29.007235294117645,5.0,Wisconsin,2016.0,2016.0,,,-6.0,0.025641026
2021,12,00-0032543,A.Erickson,WR,CAR,MIA,0,0,0.0,0,0.0,0.0,0.0,0,0.0,0,1,1,13.0,0,1.3,2.3,,,72.0,195.0,29.007235294117645,5.0,Wisconsin,2016.0,2016.0,,,,0.032258064
2021,16,00-0032543,A.Erickson,WR,CAR,TB,0,0,0.0,0,0.0,0.0,0.0,0,0.0,0,1,0,0.0,0,0.0,0.0,,,72.0,195.0,29.007235294117645,5.0,Wisconsin,2016.0,2016.0,,,-26.0,0.023255814
2021,1,00-0032602,J.McKissic,RB,WAS,LAC,0,0,0.0,0,0.0,0.0,0.0,1,8.0,0,1,0,0.0,0,0.8,0.8,,,70.0,195.0,28.240058823529413,5.0,Arkansas State,2016.0,2016.0,,,-4.0,0.05
2021,2,00-0032602,J.McKissic,RB,WAS,NYG,0,0,0.0,0,0.0,0.0,0.0,4,10.0,1,6,5,83.0,0,15.3,20.3,,,70.0,195.0,28.240058823529413,5.0,Arkansas State,2016.0,2016.0,,,1.0,0.13636364
2021,3,00-0032602,J.McKissic,RB,WAS,BUF,0,0,0.0,0,0.0,0.0,0.0,3,23.0,0,2,2,15.0,0,3.8,5.8,,,70.0,195.0,28.240058823529413,5.0,Arkansas State,2016.0,2016.0,,,,0.083333336
2021,4,00-0032602,J.McKissic,RB,WAS,ATL,0,0,0.0,0,0.0,0.0,0.0,7,15.0,0,5,5,44.0,1,11.9,16.9,,,70.0,195.0,28.240058823529413,5.0,Arkansas State,2016.0,2016.0,,,,0.15151516
2021,5,00-0032602,J.McKissic,RB,WAS,NO,0,0,0.0,0,0.0,0.0,0.0,2,-1.0,0,4,1,8.0,0,0.7,1.7,,,70.0,195.0,28.240058823529413,5.0,Arkansas State,2016.0,2016.0,,,-11.0,0.09756097
2021,6,00-0032602,J.McKissic,RB,WAS,KC,0,0,0.0,0,0.0,0.0,0.0,8,45.0,0,10,8,65.0,0,11.0,19.0,,,70.0,195.0,28.240058823529413,5.0,Arkansas State,2016.0,2016.0,,,-18.0,0.25641027
2021,7,00-0032602,J.McKissic,RB,WAS,GB,0,0,0.0,0,0.0,0.0,0.0,4,22.0,0,6,4,34.0,0,5.6,9.6,,,70.0,195.0,28.240058823529413,5.0,Arkansas State,2016.0,2016.0,,,,0.16666667
2021,8,00-0032602,J.McKissic,RB,WAS,DEN,0,0,0.0,0,0.0,0.0,0.0,3,10.0,0,8,8,83.0,0,9.3,17.3,,,70.0,195.0,28.240058823529413,5.0,Arkansas State,2016.0,2016.0,,,,0.21621622
2021,10,00-0032602,J.McKissic,RB,WAS,TB,0,0,0.0,0,0.0,0.0,0.0,2,4.0,0,4,4,35.0,0,3.9,7.9,,,70.0,195.0,28.240058823529413,5.0,Arkansas State,2016.0,2016.0,,,10.0,0.125
2021,11,00-0032602,J.McKissic,RB,WAS,CAR,0,0,0.0,0,0.0,0.0,0.0,7,46.0,0,2,1,4.0,0,5.0,6.0,,,70.0,195.0,28.240058823529413,5.0,Arkansas State,2016.0,2016.0,,,,0.1
2021,12,00-0032602,J.McKissic,RB,WAS,SEA,0,0,0.0,0,0.0,0.0,0.0,7,30.0,1,5,5,26.0,1,17.6,22.6,,,70.0,195.0,28.240058823529413,5.0,Arkansas State,2016.0,2016.0,,,2.0,0.14705883
2021,7,00-0032626,G.Allison,WR,DET,LA,0,0,0.0,0,0.0,0.0,0.0,0,0.0,0,2,0,0.0,0,0.0,0.0,,,75.0,202.0,27.81270588235294,5.0,Illinois,2016.0,2016.0,,,,0.0625
2021,1,00-0032688,R.Chosen,WR,CAR,NYJ,0,0,0.0,0,0.0,0.0,0.0,0,0.0,0,3,1,57.0,1,11.7,12.7,,,75.0,190.0,28.50341176470588,5.0,Temple,2016.0,2016.0,,,5.0,0.09090909
2021,2,00-0032688,R.Chosen,WR,CAR,NO,0,0,0.0,0,0.0,0.0,0.0,0,0.0,0,6,3,38.0,0,3.8,6.8,,,75.0,190.0,28.50341176470588,5.0,Temple,2016.0,2016.0,,,19.0,0.16666667
2021,3,00-0032688,R.Chosen,WR,CAR,HOU,0,0,0.0,0,0.0,0.0,0.0,0,0.0,0,2,1,8.0,0,0.8,1.8,,,75.0,190.0,28.50341176470588,5.0,Temple,2016.0,2016.0,,,,0.060606062
2021,4,00-0032688,R.Chosen,WR,CAR,DAL,0,0,0.0,0,0.0,0.0,0.0,1,3.0,0,11,5,46.0,0,4.9,9.9,,,75.0,190.0,28.50341176470588,5.0,Temple,2016.0,2016.0,,,,0.2820513
2021,5,00-0032688,R.Chosen,WR,CAR,PHI,0,0,0.0,0,0.0,0.0,0.0,0,0.0,0,7,2,30.0,0,3.0,5.0,,,75.0,190.0,28.50341176470588,5.0,Temple,2016.0,2016.0,,,-3.0,0.20588236
2021,6,00-0032688,R.Chosen,WR,CAR,MIN,0,0,0.0,0,0.0,0.0,0.0,0,0.0,0,11,3,11.0,1,7.1,10.1,,,75.0,190.0,28.50341176470588,5.0,Temple,2016.0,2016.0,,,-6.0,0.2820513
2021,7,00-0032688,R.Chosen,WR,CAR,NYG,0,0,0.0,0,0.0,0.0,0.0,0,0.0,0,9,3,14.0,0,1.4,4.4,,,75.0,190.0,28.50341176470588,5.0,Temple,2016.0,2016.0,,,,0.23684211
2021,8,00-0032688,R.Chosen,WR,CAR,ATL,0,0,0.0,0,0.0,0.0,0.0,0,0.0,0,1,0,0.0,0,0.0,0.0,,,75.0,190.0,28.50341176470588,5.0,Temple,2016.0,2016.0,,,,0.041666668
2021,9,00-0032688,R.Chosen,WR,CAR,NE,0,0,0.0,0,0.0,0.0,0.0,0,0.0,0,3,1,2.0,0,0.2,1.2,,,75.0,190.0,28.50341176470588,5.0,Temple,2016.0,2016.0,,,-18.0,0.10344828
2021,10,00-0032688,R.Chosen,WR,CAR,ARI,0,0,0.0,0,0.0,0.0,0.0,0,0.0,0,6,4,37.0,1,9.7,13.7,,,75.0,190.0,28.50341176470588,5.0,Temple,2016.0,2016.0,,,,0.1875
2021,11,00-0032688,R.Chosen,WR,CAR,WAS,0,0,0.0,0,0.0,0.0,0.0,0,0.0,0,6,5,30.0,0,3.0,8.0,,,75.0,190.0,28.50341176470588,5.0,Temple,2016.0,2016.0,,,-6.0,0.22222222
2021,12,00-0032688,R.Chosen,WR,CAR,MIA,0,0,0.0,0,0.0,0.0,0.0,0,0.0,0,4,1,15.0,0,1.5,2.5,,,75.0,190.0,28.50341176470588,5.0,Temple,2016.0,2016.0,,,,0.12903225
2021,14,00-0032688,R.Chosen,WR,CAR,ATL,0,0,0.0,0,0.0,0.0,0.0,0,0.0,0,12,7,84.0,1,14.4,21.4,,,75.0,190.0,28.50341176470588,5.0,Temple,2016.0,2016.0,,,-8.0,0.34285715
2021,15,00-0032688,R.Chosen,WR,CAR,BUF,0,0,0.0,0,0.0,0.0,0.0,2,33.0,0,8,3,29.0,0,6.2,9.2,,,75.0,190.0,28.50341176470588,5.0,Temple,2016.0,2016.0,,,,0.22222222
2021,16,00-0032688,R.Chosen,WR,CAR,TB,0,0,0.0,0,0.0,0.0,0.0,0,0.0,0,10,5,58.0,0,5.8,10.8,,,75.0,190.0,28.50341176470588,5.0,Temple,2016.0,2016.0,,,-26.0,0.23255815
2021,17,00-0032688,R.Chosen,WR,CAR,NO,0,0,0.0,0,0.0,0.0,0.0,0,0.0,0,2,2,10.0,0,1.0,3.0,,,75.0,190.0,28.50341176470588,5.0,Temple,2016.0,2016.0,,,,0.083333336
2021,18,00-0032688,R.Chosen,WR,CAR,TB,0,0,0.0,0,0.0,0.0,0.0,0,0.0,0,9,7,50.0,1,11.0,18.0,,,75.0,190.0,28.50341176470588,5.0,Temple,2016.0,2016.0,,,,0.21428572
2021,1,00-0032725,S.Anderson,TE,LAC,WAS,0,0,0.0,0,0.0,0.0,0.0,0,0.0,0,2,1,1.0,0,0.1,1.1,,,75.0,230.0,28.781411764705883,5.0,California,2016.0,2016.0,,,,0.04347826
2021,2,00-0032725,S.Anderson,TE,LAC,DAL,0,0,0.0,0,0.0,0.0,0.0,0,0.0,0,2,2,9.0,0,0.9,2.9,,,75.0,230.0,28.781411764705883,5.0,California,2016.0,2016.0,,,-3.0,0.05
2021,4,00-0032725,S.Anderson,TE,LAC,LV,0,0,0.0,0,0.0,0.0,0.0,0,0.0,0,1,1,34.0,0,3.4,4.4,,,75.0,230.0,28.781411764705883,5.0,California,2016.0,2016.0,,,14.0,0.02631579
2021,5,00-0032725,S.Anderson,TE,LAC,CLE,0,0,0.0,0,0.0,0.0,0.0,0,0.0,0,1,0,0.0,0,0.0,0.0,,,75.0,230.0,28.781411764705883,5.0,California,2016.0,2016.0,,,5.0,0.023809524
2021,6,00-0032725,S.Anderson,TE,LAC,BAL,0,0,0.0,0,0.0,0.0,0.0,0,0.0,0,2,1,-1.0,0,-0.1,0.9,,,75.0,230.0,28.781411764705883,5.0,California,2016.0,2016.0,,,,0.051282052
2021,9,00-0032725,S.Anderson,TE,LAC,PHI,0,0,0.0,0,0.0,0.0,0.0,0,0.0,0,4,4,39.0,1,9.9,13.9,,,75.0,230.0,28.781411764705883,5.0,California,2016.0,2016.0,,,,0.10810811
2021,12,00-0032725,S.Anderson,TE,LAC,DEN,0,0,0.0,0,0.0,0.0,0.0,0,0.0,0,2,2,18.0,0,1.8,3.8,,,75.0,230.0,28.781411764705883,5.0,California,2016.0,2016.0,,,,0.045454547
2021,14,00-0032725,S.Anderson,TE,LAC,NYG,0,0,0.0,0,0.0,0.0,0.0,0,0.0,0,1,1,11.0,0,1.1,2.1,,,75.0,230.0,28.781411764705883,5.0,California,2016.0,2016.0,,,16.0,0.033333335
2021,15,00-0032725,S.Anderson,TE,LAC,KC,0,0,0.0,0,0.0,0.0,0.0,0,0.0,0,1,1,12.0,0,1.2,2.2,,,75.0,230.0,28.781411764705883,5.0,California,2016.0,2016.0,,,-6.0,0.027027028
2021,16,00-0032725,S.Anderson,TE,LAC,HOU,0,0,0.0,0,0.0,0.0,0.0,0,0.0,0,2,2,34.0,0,3.4,5.4,,,75.0,230.0,28.781411764705883,5.0,California,2016.0,2016.0,,,,0.05882353
2021,17,00-0032725,S.Anderson,TE,LAC,DEN,0,0,0.0,0,0.0,0.0,0.0,0,0.0,0,1,1,8.0,0,0.8,1.8,,,75.0,230.0,28.781411764705883,5.0,California,2016.0,2016.0,,,21.0,0.033333335
2021,2,00-0032741,P.Barber,RB,LV,PIT,0,0,0.0,0,0.0,0.0,0.0,13,32.0,0,0,0,0.0,0,3.2,3.2,,,71.0,225.0,27.714555555555556,5.0,Auburn,2016.0,2016.0,,,,
2021,3,00-0032741,P.Barber,RB,LV,MIA,0,0,0.0,0,0.0,0.0,0.0,23,111.0,1,5,3,31.0,0,20.2,23.2,,,71.0,225.0,27.714555555555556,5.0,Auburn,2016.0,2016.0,,,3.0,0.125
2021,4,00-0032741,P.Barber,RB,LV,LAC,0,0,0.0,0,0.0,0.0,0.0,1,0.0,0,0,0,0.0,0,0.0,0.0,,,71.0,225.0,27.714555555555556,5.0,Auburn,2016.0,2016.0,,,,
2021,11,00-0032741,P.Barber,RB,LV,CIN,0,0,0.0,0,0.0,0.0,0.0,1,3.0,0,0,0,0.0,0,0.3,0.3,,,71.0,225.0,27.714555555555556,5.0,Auburn,2016.0,2016.0,,,-19.0,
2021,13,00-0032741,P.Barber,RB,LV,WAS,0,0,0.0,0,0.0,0.0,0.0,0,0.0,0,1,1,2.0,0,0.2,1.2,,,71.0,225.0,27.714555555555556,5.0,Auburn,2016.0,2016.0,,,-2.0,0.027777778
2021,14,00-0032741,P.Barber,RB,LV,KC,0,0,0.0,0,0.0,0.0,0.0,1,7.0,0,3,2,13.0,0,2.0,4.0,,,71.0,225.0,27.714555555555556,5.0,Auburn,2016.0,2016.0,,,,0.069767445
2021,15,00-0032741,P.Barber,RB,LV,CLE,0,0,0.0,0,0.0,0.0,0.0,5,34.0,0,1,1,12.0,0,4.6,5.6,,,71.0,225.0,27.714555555555556,5.0,Auburn,2016.0,2016.0,,,,0.027777778
2021,16,00-0032741,P.Barber,RB,LV,DEN,0,0,0.0,0,0.0,0.0,0.0,5,22.0,1,1,1,0.0,0,8.2,9.2,,,71.0,225.0,27.714555555555556,5.0,Auburn,2016.0,2016.0,,,4.0,0.04
2021,17,00-0032741,P.Barber,RB,LV,IND,0,0,0.0,0,0.0,0.0,0.0,6,3.0,0,2,2,9.0,0,1.2,3.2,,,71.0,225.0,27.714555555555556,5.0,Auburn,2016.0,2016.0,,,,0.0625
2021,1,00-0032764,D.Henry,RB,TEN,ARI,0,0,0.0,0,0.0,0.0,0.0,17,58.0,0,4,3,19.0,0,7.7,10.7,,,75.0,247.0,27.857777777777777,5.0,Alabama,2016.0,2016.0,TEN,45.0,-25.0,0.11111111
2021,2,00-0032764,D.Henry,RB,TEN,SEA,0,0,0.0,0,0.0,0.0,0.0,35,182.0,3,6,6,55.0,0,41.7,47.7,,,75.0,247.0,27.857777777777777,5.0,Alabama,2016.0,2016.0,TEN,45.0,,0.15384616
2021,3,00-0032764,D.Henry,RB,TEN,IND,0,0,0.0,0,0.0,0.0,0.0,28,113.0,0,3,3,31.0,0,16.4,19.4,,,75.0,247.0,27.857777777777777,5.0,Alabama,2016.0,2016.0,TEN,45.0,9.0,0.115384616
2021,4,00-0032764,D.Henry,RB,TEN,NYJ,0,0,0.0,0,0.0,0.0,0.0,33,157.0,1,2,2,20.0,0,23.7,25.7,,,75.0,247.0,27.857777777777777,5.0,Alabama,2016.0,2016.0,TEN,45.0,,0.040816326
2021,5,00-0032764,D.Henry,RB,TEN,JAX,0,0,0.0,0,0.0,0.0,0.0,29,130.0,3,0,0,0.0,0,31.0,31.0,,,75.0,247.0,27.857777777777777,5.0,Alabama,2016.0,2016.0,TEN,45.0,,
2021,6,00-0032764,D.Henry,RB,TEN,BUF,0,0,0.0,0,0.0,0.0,0.0,20,143.0,3,3,2,13.0,0,33.6,35.6,,,75.0,247.0,27.857777777777777,5.0,Alabama,2016.0,2016.0,TEN,45.0,3.0,0.12
2021,7,00-0032764,D.Henry,RB,TEN,KC,1,1,5.0,1,0.0,0.0,-0.0,29,86.0,0,2,2,16.0,0,14.4,16.4,,,75.0,247.0,27.857777777777777,5.0,Alabama,2016.0,2016.0,TEN,45.0,24.0,0.074074075
2021,8,00-0032764,D.Henry,RB,TEN,IND,0,0,0.0,0,0.0,0.0,0.0,28,68.0,0,0,0,0.0,0,6.8,6.8,,,75.0,247.0,27.857777777777777,5.0,Alabama,2016.0,2016.0,TEN,45.0,,
2021,20,00-0032764,D.Henry,RB,TEN,CIN,0,0,0.0,0,0.0,0.0,0.0,20,62.0,1,0,0,0.0,0,12.2,12.2,,,75.0,247.0,27.857777777777777,5.0,Alabama,2016.0,2016.0,TEN,45.0,-3.0,
2021,1,00-0032775,D.Robinson,WR,KC,CLE,0,0,0.0,0,0.0,0.0,0.0,0,0.0,0,2,1,9.0,0,0.9,1.9,,,73.0,203.0,27.16635,5.0,Florida,2016.0,2016.0,KC,126.0,4.0,0.05882353
2021,2,00-0032775,D.Robinson,WR,KC,BAL,0,0,0.0,0,0.0,0.0,0.0,0,0.0,0,4,3,46.0,1,10.6,13.6,,,73.0,203.0,27.16635,5.0,Florida,2016.0,2016.0,KC,126.0,,0.13333334
2021,3,00-0032775,D.Robinson,WR,KC,LAC,0,0,0.0,0,0.0,0.0,0.0,0,0.0,0,2,2,17.0,0,1.7,3.7,,,73.0,203.0,27.16635,5.0,Florida,2016.0,2016.0,KC,126.0,-6.0,0.05
2021,5,00-0032775,D.Robinson,WR,KC,BUF,0,0,0.0,0,0.0,0.0,0.0,0,0.0,0,2,1,8.0,0,0.8,1.8,,,73.0,203.0,27.16635,5.0,Florida,2016.0,2016.0,KC,126.0,-18.0,0.04
2021,6,00-0032775,D.Robinson,WR,KC,WAS,0,0,0.0,0,0.0,0.0,0.0,0,0.0,0,6,3,46.0,1,10.6,13.6,,,73.0,203.0,27.16635,5.0,Florida,2016.0,2016.0,KC,126.0,,0.13043478
2021,7,00-0032775,D.Robinson,WR,KC,TEN,0,0,0.0,0,0.0,0.0,0.0,0,0.0,0,4,1,7.0,0,0.7,1.7,,,73.0,203.0,27.16635,5.0,Florida,2016.0,2016.0,KC,126.0,,0.083333336
2021,8,00-0032775,D.Robinson,WR,KC,NYG,0,0,0.0,0,0.0,0.0,0.0,0,0.0,0,1,1,18.0,0,1.8,2.8,,,73.0,203.0,27.16635,5.0,Florida,2016.0,2016.0,KC,126.0,3.0,0.023255814
2021,9,00-0032775,D.Robinson,WR,KC,GB,0,0,0.0,0,0.0,0.0,0.0,0,0.0,0,1,1,2.0,0,0.2,1.2,,,73.0,203.0,27.16635,5.0,Florida,2016.0,2016.0,KC,126.0,6.0,0.027777778
2021,10,00-0032775,D.Robinson,WR,KC,LV,0,0,0.0,0,0.0,0.0,0.0,0,0.0,0,4,3,23.0,0,2.3,5.3,,,73.0,203.0,27.16635,5.0,Florida,2016.0,2016.0,KC,126.0,,0.083333336
2021,13,00-0032775,D.Robinson,WR,KC,DEN,0,0,0.0,0,0.0,0.0,0.0,0,0.0,0,2,2,21.0,0,2.1,4.1,,,73.0,203.0,27.16635,5.0,Florida,2016.0,2016.0,KC,126.0,13.0,0.074074075
2021,15,00-0032775,D.Robinson,WR,KC,LAC,0,0,0.0,0,0.0,0.0,0.0,0,0.0,0,3,0,0.0,0,0.0,0.0,,,73.0,203.0,27.16635,5.0,Florida,2016.0,2016.0,KC,126.0,,0.06666667
2021,16,00-0032775,D.Robinson,WR,KC,PIT,0,0,0.0,0,0.0,0.0,0.0,0,0.0,0,2,2,15.0,0,1.5,3.5,,,73.0,203.0,27.16635,5.0,Florida,2016.0,2016.0,KC,126.0,26.0,0.06896552
2021,17,00-0032775,D.Robinson,WR,KC,CIN,0,0,0.0,0,0.0,0.0,0.0,0,0.0,0,2,2,33.0,1,9.3,11.3,,,73.0,203.0,27.16635,5.0,Florida,2016.0,2016.0,KC,126.0,,0.05882353
2021,18,00-0032775,D.Robinson,WR,KC,DEN,0,0,0.0,0,0.0,0.0,0.0,0,0.0,0,6,3,19.0,0,1.9,4.9,,,73.0,203.0,27.16635,5.0,Florida,2016.0,2016.0,KC,126.0,,0.14285715
2021,19,00-0032775,D.Robinson,WR,KC,PIT,0,0,0.0,0,0.0,0.0,0.0,0,0.0,0,5,4,76.0,0,7.6,11.6,,,73.0,203.0,27.16635,5.0,Florida,2016.0,2016.0,KC,126.0,21.0,0.13157895
2021,20,00-0032775,D.Robinson,WR,KC,BUF,0,0,0.0,0,0.0,0.0,0.0,0,0.0,0,1,0,0.0,0,0.0,0.0,,,73.0,203.0,27.16635,5.0,Florida,2016.0,2016.0,KC,126.0,6.0,0.023809524
2021,21,00-0032775,D.Robinson,WR,KC,CIN,0,0,0.0,0,0.0,0.0,0.0,0,0.0,0,3,0,0.0,0,0.0,0.0,,,73.0,203.0,27.16635,5.0,Florida,2016.0,2016.0,KC,126.0,-3.0,0.08108108
2021,2,00-0032778,T.Sharpe,WR,ATL,TB,0,0,0.0,0,0.0,0.0,0.0,0,0.0,0,2,1,8.0,0,0.8,1.8,,,76.0,194.0,26.887823529411765,5.0,Massachusetts,2016.0,2016.0,TEN,140.0,,0.041666668
2021,3,00-0032778,T.Sharpe,WR,ATL,NYG,0,0,0.0,0,0.0,0.0,0.0,0,0.0,0,1,1,6.0,0,0.6,1.6,,,76.0,194.0,26.887823529411765,5.0,Massachusetts,2016.0,2016.0,TEN,140.0,,0.027777778
2021,4,00-0032778,T.Sharpe,WR,ATL,WAS,0,0,0.0,0,0.0,0.0,0.0,0,0.0,0,2,2,15.0,0,1.5,3.5,,,76.0,194.0,26.887823529411765,5.0,Massachusetts,2016.0,2016.0,TEN,140.0,-4.0,0.05
2021,5,00-0032778,T.Sharpe,WR,ATL,NYJ,0,0,0.0,0,0.0,0.0,0.0,0,0.0,0,5,4,53.0,0,5.3,9.3,,,76.0,194.0,26.887823529411765,5.0,Massachusetts,2016.0,2016.0,TEN,140.0,7.0,0.11111111
2021,7,00-0032778,T.Sharpe,WR,ATL,MIA,0,0,0.0,0,0.0,0.0,0.0,0,0.0,0,2,2,18.0,0,1.8,3.8,,,76.0,194.0,26.887823529411765,5.0,Massachusetts,2016.0,2016.0,TEN,140.0,,0.051282052
2021,8,00-0032778,T.Sharpe,WR,ATL,CAR,0,0,0.0,0,0.0,0.0,0.0,0,0.0,0,6,5,58.0,0,5.8,10.8,,,76.0,194.0,26.887823529411765,5.0,Massachusetts,2016.0,2016.0,TEN,140.0,-6.0,0.22222222
2021,9,00-0032778,T.Sharpe,WR,ATL,NO,0,0,0.0,0,0.0,0.0,0.0,0,0.0,0,1,1,12.0,0,1.2,2.2,,,76.0,194.0,26.887823529411765,5.0,Massachusetts,2016.0,2016.0,TEN,140.0,,0.033333335
2021,10,00-0032778,T.Sharpe,WR,ATL,DAL,0,0,0.0,0,0.0,0.0,0.0,0,0.0,0,1,1,0.0,0,0.0,1.0,,,76.0,194.0,26.887823529411765,5.0,Massachusetts,2016.0,2016.0,TEN,140.0,,0.037037037
2021,11,00-0032778,T.Sharpe,WR,ATL,NE,0,0,0.0,0,0.0,0.0,0.0,0,0.0,0,4,2,21.0,0,2.1,4.1,,,76.0,194.0,26.887823529411765,5.0,Massachusetts,2016.0,2016.0,TEN,140.0,-25.0,0.12903225
2021,12,00-0032778,T.Sharpe,WR,ATL,JAX,0,0,0.0,0,0.0,0.0,0.0,0,0.0,0,3,2,22.0,0,2.2,4.2,,,76.0,194.0,26.887823529411765,5.0,Massachusetts,2016.0,2016.0,TEN,140.0,,0.10714286
2021,13,00-0032778,T.Sharpe,WR,ATL,TB,0,0,0.0,0,0.0,0.0,0.0,0,0.0,0,5,3,10.0,0,1.0,4.0,,,76.0,194.0,26.887823529411765,5.0,Massachusetts,2016.0,2016.0,TEN,140.0,-13.0,0.125
2021,14,00-0032778,T.Sharpe,WR,ATL,CAR,0,0,0.0,0,0.0,0.0,0.0,0,0.0,0,2,1,7.0,0,0.7,1.7,,,76.0,194.0,26.887823529411765,5.0,Massachusetts,2016.0,2016.0,TEN,140.0,,0.074074075
2021,15,00-0032778,T.Sharpe,WR,ATL,SF,0,0,0.0,0,0.0,0.0,0.0,0,0.0,0,1,0,0.0,0,0.0,0.0,,,76.0,194.0,26.887823529411765,5.0,Massachusetts,2016.0,2016.0,TEN,140.0,,0.033333335
2021,18,00-0032778,T.Sharpe,WR,ATL,NO,0,0,0.0,0,0.0,0.0,0.0,0,0.0,0,2,0,0.0,0,0.0,0.0,,,76.0,194.0,26.887823529411765,5.0,Massachusetts,2016.0,2016.0,TEN,140.0,-10.0,0.06451613
2021,8,00-0032780,J.Howard,RB,PHI,DET,0,0,0.0,0,0.0,0.0,0.0,12,57.0,2,0,0,0.0,0,17.7,17.7,,,72.0,224.0,27.029222222222224,5.0,Indiana,2016.0,2016.0,CHI,150.0,,
2021,9,00-0032780,J.Howard,RB,PHI,LAC,0,0,0.0,0,0.0,0.0,0.0,17,71.0,1,0,0,0.0,0,13.1,13.1,,,72.0,224.0,27.029222222222224,5.0,Indiana,2016.0,2016.0,CHI,150.0,-3.0,
2021,10,00-0032780,J.Howard,RB,PHI,DEN,0,0,0.0,0,0.0,0.0,0.0,12,83.0,0,0,0,0.0,0,8.3,8.3,,,72.0,224.0,27.029222222222224,5.0,Indiana,2016.0,2016.0,CHI,150.0,,
2021,11,00-0032780,J.Howard,RB,PHI,NO,0,0,0.0,0,0.0,0.0,0.0,10,63.0,0,0,0,0.0,0,6.3,6.3,,,72.0,224.0,27.029222222222224,5.0,Indiana,2016.0,2016.0,CHI,150.0,11.0,
2021,15,00-0032780,J.Howard,RB,PHI,WAS,0,0,0.0,0,0.0,0.0,0.0,15,69.0,0,0,0,0.0,0,6.9,6.9,,,72.0,224.0,27.029222222222224,5.0,Indiana,2016.0,2016.0,CHI,150.0,10.0,
2021,16,00-0032780,J.Howard,RB,PHI,NYG,0,0,0.0,0,0.0,0.0,0.0,9,37.0,0,4,2,19.0,0,5.6,7.6,,,72.0,224.0,27.029222222222224,5.0,Indiana,2016.0,2016.0,CHI,150.0,24.0,0.14285715
2021,17,00-0032780,J.Howard,RB,PHI,WAS,0,0,0.0,0,0.0,0.0,0.0,11,26.0,0,1,0,0.0,0,2.6,2.6,,,72.0,224.0,27.029222222222224,5.0,Indiana,2016.0,2016.0,CHI,150.0,,0.04
2021,19,00-0032780,J.Howard,RB,PHI,TB,0,0,0.0,0,0.0,0.0,0.0,0,0.0,0,1,1,7.0,0,0.7,1.7,,,72.0,224.0,27.029222222222224,5.0,Indiana,2016.0,2016.0,CHI,150.0,,0.023255814
2021,13,00-0032782,W.Smallwood,RB,WAS,LV,0,0,0.0,0,0.0,0.0,0.0,1,13.0,0,2,2,12.0,0,2.5,4.5,,,70.0,208.0,27.877,5.0,West Virginia,2016.0,2016.0,PHI,153.0,,0.06666667
2021,17,00-0032782,W.Smallwood,RB,WAS,PHI,0,0,0.0,0,0.0,0.0,0.0,4,12.0,0,3,2,10.0,0,2.2,4.2,,,70.0,208.0,27.877,5.0,West Virginia,2016.0,2016.0,PHI,153.0,-4.0,0.0882353
2021,9,00-0032790,D.Houston-Carson,FS,CHI,PIT,0,0,0.0,0,0.0,0.0,0.0,0,0.0,0,0,0,0.0,0,6.0,6.0,,,72.0,202.0,28.57829411764706,5.0,William &amp; Mary,2016.0,2016.0,CHI,185.0,,
2021,2,00-0032791,J.Grant,WR,MIA,BUF,0,0,0.0,0,0.0,0.0,0.0,0,0.0,0,1,1,0.0,0,-2.0,-1.0,,,67.0,169.0,29.030117647058823,5.0,Texas Tech,2016.0,2016.0,MIA,186.0,-35.0,0.023809524
2021,4,00-0032791,J.Grant,WR,MIA,IND,0,0,0.0,0,0.0,0.0,0.0,0,0.0,0,1,1,-7.0,0,-0.7,0.3,,,67.0,169.0,29.030117647058823,5.0,Texas Tech,2016.0,2016.0,MIA,186.0,-10.0,0.033333335
2021,11,00-0032791,J.Grant,WR,CHI,BAL,0,0,0.0,0,0.0,0.0,0.0,1,11.0,0,1,1,6.0,0,1.7,2.7,,,67.0,169.0,29.030117647058823,5.0,Texas Tech,2016.0,2016.0,MIA,186.0,-3.0,0.030303031
2021,12,00-0032791,J.Grant,WR,CHI,DET,0,0,0.0,0,0.0,0.0,0.0,1,0.0,0,4,2,25.0,0,2.5,4.5,,,67.0,169.0,29.030117647058823,5.0,Texas Tech,2016.0,2016.0,MIA,186.0,,0.10810811
2021,13,00-0032791,J.Grant,WR,CHI,ARI,0,0,0.0,0,0.0,0.0,0.0,0,0.0,0,7,5,62.0,1,12.2,17.2,,,67.0,169.0,29.030117647058823,5.0,Texas Tech,2016.0,2016.0,MIA,186.0,-11.0,0.175
2021,14,00-0032791,J.Grant,WR,CHI,GB,0,0,0.0,0,0.0,0.0,0.0,1,5.0,0,3,1,46.0,1,17.1,18.1,,,67.0,169.0,29.030117647058823,5.0,Texas Tech,2016.0,2016.0,MIA,186.0,,0.09375
2021,15,00-0032791,J.Grant,WR,CHI,MIN,0,0,0.0,0,0.0,0.0,0.0,2,17.0,0,0,0,0.0,0,1.7,1.7,,,67.0,169.0,29.030117647058823,5.0,Texas Tech,2016.0,2016.0,MIA,186.0,-8.0,
2021,15,00-0032807,C.Fejedelem,SS,MIA,NYJ,0,0,0.0,0,0.0,0.0,0.0,1,0.0,0,0,0,0.0,0,-2.0,-2.0,,,73.0,205.0,28.436764705882354,5.0,Illinois,2016.0,2016.0,CIN,245.0,7.0,
2021,1,00-0032813,E.Penny,RB,NYG,DEN,0,0,0.0,0,0.0,0.0,0.0,0,0.0,0,1,0,0.0,0,0.0,0.0,,,73.0,234.0,28.233411764705885,5.0,Idaho,2016.0,2016.0,,,-14.0,0.027777778
2021,2,00-0032813,E.Penny,RB,NYG,WAS,0,0,0.0,0,0.0,0.0,0.0,2,5.0,0,0,0,0.0,0,0.5,0.5,,,73.0,234.0,28.233411764705885,5.0,Idaho,2016.0,2016.0,,,,
2021,3,00-0032813,E.Penny,RB,NYG,ATL,0,0,0.0,0,0.0,0.0,0.0,2,6.0,0,0,0,0.0,0,0.6,0.6,,,73.0,234.0,28.233411764705885,5.0,Idaho,2016.0,2016.0,,,-3.0,
2021,5,00-0032813,E.Penny,RB,NYG,DAL,0,0,0.0,0,0.0,0.0,0.0,1,4.0,0,0,0,0.0,0,0.4,0.4,,,73.0,234.0,28.233411764705885,5.0,Idaho,2016.0,2016.0,,,,
2021,6,00-0032813,E.Penny,RB,NYG,LA,0,0,0.0,0,0.0,0.0,0.0,3,15.0,1,2,1,1.0,0,7.6,8.6,,,73.0,234.0,28.233411764705885,5.0,Idaho,2016.0,2016.0,,,-27.0,0.041666668
2021,7,00-0032813,E.Penny,RB,NYG,CAR,0,0,0.0,0,0.0,0.0,0.0,9,24.0,0,0,0,0.0,0,2.4,2.4,,,73.0,234.0,28.233411764705885,5.0,Idaho,2016.0,2016.0,,,22.0,
2021,8,00-0032813,E.Penny,RB,NYG,KC,0,0,0.0,0,0.0,0.0,0.0,0,0.0,0,1,1,16.0,0,1.6,2.6,,,73.0,234.0,28.233411764705885,5.0,Idaho,2016.0,2016.0,,,,0.030303031
2021,9,00-0032813,E.Penny,RB,NYG,LV,0,0,0.0,0,0.0,0.0,0.0,5,35.0,0,2,2,-8.0,0,2.7,4.7,,,73.0,234.0,28.233411764705885,5.0,Idaho,2016.0,2016.0,,,7.0,0.11111111
2021,14,00-0032813,E.Penny,RB,NYG,LAC,0,0,0.0,0,0.0,0.0,0.0,1,8.0,0,1,1,3.0,1,9.1,10.1,,,73.0,234.0,28.233411764705885,5.0,Idaho,2016.0,2016.0,,,,0.029411765
2021,16,00-0032813,E.Penny,RB,NYG,PHI,0,0,0.0,0,0.0,0.0,0.0,1,2.0,0,4,4,18.0,0,2.0,6.0,,,73.0,234.0,28.233411764705885,5.0,Idaho,2016.0,2016.0,,,,0.09756097
2021,18,00-0032813,E.Penny,RB,NYG,WAS,0,0,0.0,0,0.0,0.0,0.0,0,0.0,0,2,0,0.0,0,0.0,0.0,,,73.0,234.0,28.233411764705885,5.0,Idaho,2016.0,2016.0,,,-15.0,0.06666667
2021,16,00-0032881,T.Lewis,WR,MIA,NO,0,0,0.0,0,0.0,0.0,0.0,0,0.0,0,2,1,7.0,0,0.7,1.7,,,67.0,168.0,29.18225,5.0,Northern Illinois,2016.0,2016.0,,,,0.07692308
2021,3,00-0032897,D.Watt,FB,PIT,CIN,0,0,0.0,0,0.0,0.0,0.0,0,0.0,0,1,1,3.0,0,0.3,1.3,,,74.0,234.0,29.02144444444444,5.0,Wisconsin,2016.0,2016.0,SD,198.0,-14.0,0.01724138
2021,9,00-0032897,D.Watt,FB,PIT,CHI,0,0,0.0,0,0.0,0.0,0.0,0,0.0,0,1,1,3.0,0,0.3,1.3,,,74.0,234.0,29.02144444444444,5.0,Wisconsin,2016.0,2016.0,SD,198.0,2.0,0.037037037
2021,10,00-0032897,D.Watt,FB,PIT,DET,0,0,0.0,0,0.0,0.0,0.0,0,0.0,0,1,1,9.0,0,0.9,1.9,,,74.0,234.0,29.02144444444444,5.0,Wisconsin,2016.0,2016.0,SD,198.0,0.0,0.020408163
2021,17,00-0032897,D.Watt,FB,PIT,CLE,0,0,0.0,0,0.0,0.0,0.0,1,1.0,0,0,0,0.0,0,0.1,0.1,,,74.0,234.0,29.02144444444444,5.0,Wisconsin,2016.0,2016.0,SD,198.0,12.0,
2021,19,00-0032897,D.Watt,FB,PIT,KC,0,0,0.0,0,0.0,0.0,0.0,0,0.0,0,1,0,0.0,0,0.0,0.0,,,74.0,234.0,29.02144444444444,5.0,Wisconsin,2016.0,2016.0,SD,198.0,,0.022727273
2021,1,00-0032918,C.Ham,FB,MIN,CIN,0,0,0.0,0,0.0,0.0,0.0,0,0.0,0,2,2,9.0,0,0.9,2.9,,,71.0,235.0,28.307764705882356,5.0,"Augustana, S.D.",2016.0,2016.0,,,,0.04255319
2021,3,00-0032918,C.Ham,FB,MIN,SEA,0,0,0.0,0,0.0,0.0,0.0,2,2.0,0,0,0,0.0,0,0.2,0.2,,,71.0,235.0,28.307764705882356,5.0,"Augustana, S.D.",2016.0,2016.0,,,13.0,
2021,4,00-0032918,C.Ham,FB,MIN,CLE,0,0,0.0,0,0.0,0.0,0.0,1,1.0,0,0,0,0.0,0,0.1,0.1,,,71.0,235.0,28.307764705882356,5.0,"Augustana, S.D.",2016.0,2016.0,,,-7.0,
2021,5,00-0032918,C.Ham,FB,MIN,DET,0,0,0.0,0,0.0,0.0,0.0,1,1.0,0,1,1,14.0,0,1.5,2.5,,,71.0,235.0,28.307764705882356,5.0,"Augustana, S.D.",2016.0,2016.0,,,2.0,0.032258064
2021,6,00-0032918,C.Ham,FB,MIN,CAR,0,0,0.0,0,0.0,0.0,0.0,1,30.0,0,0,0,0.0,0,3.0,3.0,,,71.0,235.0,28.307764705882356,5.0,"Augustana, S.D.",2016.0,2016.0,,,,
2021,8,00-0032918,C.Ham,FB,MIN,DAL,0,0,0.0,0,0.0,0.0,0.0,1,0.0,0,3,3,3.0,0,0.3,3.3,,,71.0,235.0,28.307764705882356,5.0,"Augustana, S.D.",2016.0,2016.0,,,-4.0,0.09090909
2021,9,00-0032918,C.Ham,FB,MIN,BAL,0,0,0.0,0,0.0,0.0,0.0,0,0.0,0,1,1,27.0,0,2.7,3.7,,,71.0,235.0,28.307764705882356,5.0,"Augustana, S.D.",2016.0,2016.0,,,,0.035714287
2021,10,00-0032918,C.Ham,FB,MIN,LAC,0,0,0.0,0,0.0,0.0,0.0,0,0.0,0,3,3,13.0,0,1.3,4.3,,,71.0,235.0,28.307764705882356,5.0,"Augustana, S.D.",2016.0,2016.0,,,,0.08571429
2021,11,00-0032918,C.Ham,FB,MIN,GB,0,0,0.0,0,0.0,0.0,0.0,1,0.0,0,0,0,0.0,0,0.0,0.0,,,71.0,235.0,28.307764705882356,5.0,"Augustana, S.D.",2016.0,2016.0,,,3.0,
2021,12,00-0032918,C.Ham,FB,MIN,SF,0,0,0.0,0,0.0,0.0,0.0,0,0.0,0,1,1,16.0,0,1.6,2.6,,,71.0,235.0,28.307764705882356,5.0,"Augustana, S.D.",2016.0,2016.0,,,,0.03125
2021,13,00-0032918,C.Ham,FB,MIN,DET,0,0,0.0,0,0.0,0.0,0.0,0,0.0,0,1,1,19.0,0,1.9,2.9,,,71.0,235.0,28.307764705882356,5.0,"Augustana, S.D.",2016.0,2016.0,,,,0.024390243
2021,15,00-0032918,C.Ham,FB,MIN,CHI,0,0,0.0,0,0.0,0.0,0.0,0,0.0,0,1,1,3.0,0,0.3,1.3,,,71.0,235.0,28.307764705882356,5.0,"Augustana, S.D.",2016.0,2016.0,,,,0.045454547
2021,16,00-0032918,C.Ham,FB,MIN,LA,0,0,0.0,0,0.0,0.0,0.0,0,0.0,0,2,2,13.0,0,1.3,3.3,,,71.0,235.0,28.307764705882356,5.0,"Augustana, S.D.",2016.0,2016.0,,,-7.0,0.057142857
2021,17,00-0032918,C.Ham,FB,MIN,GB,0,0,0.0,0,0.0,0.0,0.0,0,0.0,0,2,1,1.0,0,0.1,1.1,,,71.0,235.0,28.307764705882356,5.0,"Augustana, S.D.",2016.0,2016.0,,,,0.054054055
2021,18,00-0032918,C.Ham,FB,MIN,CHI,0,0,0.0,0,0.0,0.0,0.0,0,0.0,0,1,1,7.0,0,0.7,1.7,,,71.0,235.0,28.307764705882356,5.0,"Augustana, S.D.",2016.0,2016.0,,,14.0,0.04761905
2021,14,00-0032943,R.Dixon,P,NYG,LAC,0,1,0.0,0,0.0,0.0,-0.0,0,0.0,0,0,0,0.0,0,0.0,0.0,,,77.0,221.0,28.214176470588235,5.0,Syracuse,2016.0,2016.0,DEN,228.0,,
2021,1,00-0032950,C.Wentz,QB,IND,SEA,25,38,251.0,2,0.0,3.0,28.0,4,23.0,0,0,0,0.0,0,18.34,18.34,,,77.0,237.0,28.858117647058826,5.0,North Dakota State,2016.0,2016.0,PHI,2.0,-12.0,
2021,2,00-0032950,C.Wentz,QB,IND,LA,20,31,247.0,1,1.0,3.0,27.0,5,37.0,0,0,0,0.0,0,17.58,17.58,,,77.0,237.0,28.858117647058826,5.0,North Dakota State,2016.0,2016.0,PHI,2.0,-3.0,
2021,3,00-0032950,C.Wentz,QB,IND,TEN,19,37,194.0,0,0.0,2.0,16.0,0,0.0,0,0,0,0.0,0,7.76,7.76,,,77.0,237.0,28.858117647058826,5.0,North Dakota State,2016.0,2016.0,PHI,2.0,,
2021,4,00-0032950,C.Wentz,QB,IND,MIA,24,32,228.0,2,0.0,2.0,18.0,5,8.0,0,0,0,0.0,0,17.92,17.92,,,77.0,237.0,28.858117647058826,5.0,North Dakota State,2016.0,2016.0,PHI,2.0,,
2021,5,00-0032950,C.Wentz,QB,IND,BAL,25,35,402.0,2,0.0,2.0,12.0,2,5.0,0,0,0,0.0,0,22.58,22.58,,,77.0,237.0,28.858117647058826,5.0,North Dakota State,2016.0,2016.0,PHI,2.0,,
2021,6,00-0032950,C.Wentz,QB,IND,HOU,11,20,223.0,2,0.0,2.0,9.0,2,1.0,0,0,0,0.0,0,17.02,17.02,,,77.0,237.0,28.858117647058826,5.0,North Dakota State,2016.0,2016.0,PHI,2.0,28.0,
2021,7,00-0032950,C.Wentz,QB,IND,SF,17,26,150.0,2,0.0,1.0,3.0,4,23.0,1,0,0,0.0,0,20.3,20.3,,,77.0,237.0,28.858117647058826,5.0,North Dakota State,2016.0,2016.0,PHI,2.0,,
2021,8,00-0032950,C.Wentz,QB,IND,TEN,27,51,231.0,3,2.0,1.0,7.0,3,11.0,0,0,0,0.0,0,18.34,18.34,,,77.0,237.0,28.858117647058826,5.0,North Dakota State,2016.0,2016.0,PHI,2.0,-3.0,
2021,9,00-0032950,C.Wentz,QB,IND,NYJ,22,30,272.0,3,0.0,1.0,-0.0,4,13.0,0,0,0,0.0,0,24.18,24.18,,,77.0,237.0,28.858117647058826,5.0,North Dakota State,2016.0,2016.0,PHI,2.0,15.0,
2021,10,00-0032950,C.Wentz,QB,IND,JAX,22,34,180.0,0,0.0,1.0,12.0,4,-1.0,0,0,0,0.0,0,7.1,7.1,,,77.0,237.0,28.858117647058826,5.0,North Dakota State,2016.0,2016.0,PHI,2.0,6.0,
2021,11,00-0032950,C.Wentz,QB,IND,BUF,11,20,106.0,1,0.0,0.0,-0.0,2,18.0,0,0,0,0.0,0,10.04,10.04,,,77.0,237.0,28.858117647058826,5.0,North Dakota State,2016.0,2016.0,PHI,2.0,,
2021,12,00-0032950,C.Wentz,QB,IND,TB,27,44,306.0,3,2.0,3.0,21.0,3,21.0,0,0,0,0.0,0,20.34,20.34,,,77.0,237.0,28.858117647058826,5.0,North Dakota State,2016.0,2016.0,PHI,2.0,-7.0,
2021,13,00-0032950,C.Wentz,QB,IND,HOU,16,22,158.0,1,0.0,1.0,7.0,3,8.0,0,0,0,0.0,0,11.12,11.12,,,77.0,237.0,28.858117647058826,5.0,North Dakota State,2016.0,2016.0,PHI,2.0,,
2021,15,00-0032950,C.Wentz,QB,IND,NE,5,12,57.0,1,1.0,1.0,8.0,8,17.0,0,0,0,0.0,0,5.98,5.98,,,77.0,237.0,28.858117647058826,5.0,North Dakota State,2016.0,2016.0,PHI,2.0,10.0,
2021,16,00-0032950,C.Wentz,QB,IND,ARI,18,28,225.0,2,0.0,2.0,5.0,2,4.0,0,0,0,0.0,0,17.4,17.4,,,77.0,237.0,28.858117647058826,5.0,North Dakota State,2016.0,2016.0,PHI,2.0,,
2021,17,00-0032950,C.Wentz,QB,IND,LV,16,27,148.0,1,0.0,1.0,8.0,3,10.0,0,0,0,0.0,0,10.92,10.92,,,77.0,237.0,28.858117647058826,5.0,North Dakota State,2016.0,2016.0,PHI,2.0,-3.0,
2021,18,00-0032950,C.Wentz,QB,IND,JAX,17,29,185.0,1,1.0,6.0,46.0,3,17.0,0,0,0,0.0,0,11.1,11.1,,,77.0,237.0,28.858117647058826,5.0,North Dakota State,2016.0,2016.0,PHI,2.0,,
2021,2,00-0032951,L.Treadwell,WR,JAX,DEN,0,0,0.0,0,0.0,0.0,0.0,0,0.0,0,1,0,0.0,0,0.0,0.0,,,74.0,215.0,26.413,5.0,Mississippi,2016.0,2016.0,MIN,23.0,-10.0,0.030303031
2021,6,00-0032951,L.Treadwell,WR,JAX,MIA,0,0,0.0,0,0.0,0.0,0.0,0,0.0,0,1,0,0.0,0,0.0,0.0,,,74.0,215.0,26.413,5.0,Mississippi,2016.0,2016.0,MIN,23.0,3.0,0.025
2021,9,00-0032951,L.Treadwell,WR,JAX,BUF,0,0,0.0,0,0.0,0.0,0.0,0,0.0,0,1,0,0.0,0,0.0,0.0,,,74.0,215.0,26.413,5.0,Mississippi,2016.0,2016.0,MIN,23.0,3.0,0.037037037
2021,10,00-0032951,L.Treadwell,WR,JAX,IND,0,0,0.0,0,0.0,0.0,0.0,0,0.0,0,1,1,18.0,0,1.8,2.8,,,74.0,215.0,26.413,5.0,Mississippi,2016.0,2016.0,MIN,23.0,,0.028571429
2021,11,00-0032951,L.Treadwell,WR,JAX,SF,0,0,0.0,0,0.0,0.0,0.0,0,0.0,0,3,1,11.0,0,1.1,2.1,,,74.0,215.0,26.413,5.0,Mississippi,2016.0,2016.0,MIN,23.0,-20.0,0.125
2021,12,00-0032951,L.Treadwell,WR,JAX,ATL,0,0,0.0,0,0.0,0.0,0.0,0,0.0,0,8,4,53.0,0,5.3,9.3,,,74.0,215.0,26.413,5.0,Mississippi,2016.0,2016.0,MIN,23.0,-7.0,0.19512194
2021,13,00-0032951,L.Treadwell,WR,JAX,LA,0,0,0.0,0,0.0,0.0,0.0,0,0.0,0,5,4,62.0,0,6.2,10.2,,,74.0,215.0,26.413,5.0,Mississippi,2016.0,2016.0,MIN,23.0,,0.17857143
2021,14,00-0032951,L.Treadwell,WR,JAX,TEN,0,0,0.0,0,0.0,0.0,0.0,0,0.0,0,6,4,68.0,0,6.8,10.8,,,74.0,215.0,26.413,5.0,Mississippi,2016.0,2016.0,MIN,23.0,,0.16216215
2021,15,00-0032951,L.Treadwell,WR,JAX,HOU,0,0,0.0,0,0.0,0.0,0.0,0,0.0,0,9,6,57.0,0,5.7,11.7,,,74.0,215.0,26.413,5.0,Mississippi,2016.0,2016.0,MIN,23.0,-14.0,0.25
2021,16,00-0032951,L.Treadwell,WR,JAX,NYJ,0,0,0.0,0,0.0,0.0,0.0,0,0.0,0,5,4,54.0,0,5.4,9.4,,,74.0,215.0,26.413,5.0,Mississippi,2016.0,2016.0,MIN,23.0,,0.14285715
2021,17,00-0032951,L.Treadwell,WR,JAX,NE,0,0,0.0,0,0.0,0.0,0.0,0,0.0,0,6,6,87.0,0,8.7,14.7,,,74.0,215.0,26.413,5.0,Mississippi,2016.0,2016.0,MIN,23.0,,0.23076923
2021,18,00-0032951,L.Treadwell,WR,JAX,IND,0,0,0.0,0,0.0,0.0,0.0,0,0.0,0,5,3,24.0,1,8.4,11.4,,,74.0,215.0,26.413,5.0,Mississippi,2016.0,2016.0,MIN,23.0,15.0,0.15625
2021,1,00-0032956,A.Janovich,FB,CLE,KC,0,0,0.0,0,0.0,0.0,0.0,0,0.0,0,1,0,0.0,0,0.0,0.0,,,73.0,238.0,28.465176470588236,5.0,Nebraska,2016.0,2016.0,DEN,176.0,,0.037037037
2021,2,00-0032956,A.Janovich,FB,CLE,HOU,0,0,0.0,0,0.0,0.0,0.0,2,0.0,1,0,0,0.0,0,6.0,6.0,,,73.0,238.0,28.465176470588236,5.0,Nebraska,2016.0,2016.0,DEN,176.0,10.0,
2021,4,00-0032956,A.Janovich,FB,CLE,MIN,0,0,0.0,0,0.0,0.0,0.0,0,0.0,0,0,0,0.0,0,2.0,2.0,,,73.0,238.0,28.465176470588236,5.0,Nebraska,2016.0,2016.0,DEN,176.0,,
2021,14,00-0032956,A.Janovich,FB,CLE,BAL,0,0,0.0,0,0.0,0.0,0.0,0,0.0,0,1,1,3.0,0,0.3,1.3,,,73.0,238.0,28.465176470588236,5.0,Nebraska,2016.0,2016.0,DEN,176.0,2.0,0.032258064
2021,16,00-0032956,A.Janovich,FB,CLE,GB,0,0,0.0,0,0.0,0.0,0.0,0,0.0,0,2,2,6.0,0,0.6,2.6,,,73.0,238.0,28.465176470588236,5.0,Nebraska,2016.0,2016.0,DEN,176.0,,0.055555556
2021,1,00-0032972,D.Booker,RB,NYG,DEN,0,0,0.0,0,0.0,0.0,0.0,4,7.0,0,1,1,6.0,0,1.3,2.3,,,71.0,219.0,29.457117647058823,5.0,Utah,2016.0,2016.0,DEN,136.0,-14.0,0.027777778
2021,2,00-0032972,D.Booker,RB,NYG,WAS,0,0,0.0,0,0.0,0.0,0.0,2,9.0,0,1,1,2.0,0,1.1,2.1,,,71.0,219.0,29.457117647058823,5.0,Utah,2016.0,2016.0,DEN,136.0,,0.03125
2021,4,00-0032972,D.Booker,RB,NYG,NO,0,0,0.0,0,0.0,0.0,0.0,1,6.0,0,1,1,6.0,0,1.2,2.2,,,71.0,219.0,29.457117647058823,5.0,Utah,2016.0,2016.0,DEN,136.0,,0.027777778
2021,5,00-0032972,D.Booker,RB,NYG,DAL,0,0,0.0,0,0.0,0.0,0.0,16,42.0,1,4,3,16.0,1,17.8,20.8,,,71.0,219.0,29.457117647058823,5.0,Utah,2016.0,2016.0,DEN,136.0,,0.10810811
2021,6,00-0032972,D.Booker,RB,NYG,LA,0,0,0.0,0,0.0,0.0,0.0,12,41.0,0,4,4,28.0,0,6.9,10.9,,,71.0,219.0,29.457117647058823,5.0,Utah,2016.0,2016.0,DEN,136.0,-27.0,0.083333336
2021,7,00-0032972,D.Booker,RB,NYG,CAR,0,0,0.0,0,0.0,0.0,0.0,14,51.0,1,3,2,15.0,0,12.6,14.6,,,71.0,219.0,29.457117647058823,5.0,Utah,2016.0,2016.0,DEN,136.0,22.0,0.09090909
2021,8,00-0032972,D.Booker,RB,NYG,KC,0,0,0.0,0,0.0,0.0,0.0,15,60.0,0,6,5,65.0,0,12.5,17.5,,,71.0,219.0,29.457117647058823,5.0,Utah,2016.0,2016.0,DEN,136.0,,0.18181819
2021,9,00-0032972,D.Booker,RB,NYG,LV,0,0,0.0,0,0.0,0.0,0.0,21,99.0,0,3,3,23.0,0,12.2,15.2,,,71.0,219.0,29.457117647058823,5.0,Utah,2016.0,2016.0,DEN,136.0,7.0,0.16666667
2021,11,00-0032972,D.Booker,RB,NYG,TB,0,0,0.0,0,0.0,0.0,0.0,3,15.0,0,1,1,5.0,0,2.0,3.0,,,71.0,219.0,29.457117647058823,5.0,Utah,2016.0,2016.0,DEN,136.0,,0.027027028
2021,12,00-0032972,D.Booker,RB,NYG,PHI,0,0,0.0,0,0.0,0.0,0.0,3,10.0,0,1,1,17.0,0,2.7,3.7,,,71.0,219.0,29.457117647058823,5.0,Utah,2016.0,2016.0,DEN,136.0,6.0,0.03448276
2021,13,00-0032972,D.Booker,RB,NYG,MIA,0,0,0.0,0,0.0,0.0,0.0,6,36.0,0,4,4,18.0,0,5.4,9.4,,,71.0,219.0,29.457117647058823,5.0,Utah,2016.0,2016.0,DEN,136.0,,0.10526316
2021,14,00-0032972,D.Booker,RB,NYG,LAC,0,0,0.0,0,0.0,0.0,0.0,8,56.0,0,5,4,28.0,0,8.4,12.4,,,71.0,219.0,29.457117647058823,5.0,Utah,2016.0,2016.0,DEN,136.0,,0.14705883
2021,15,00-0032972,D.Booker,RB,NYG,DAL,0,0,0.0,0,0.0,0.0,0.0,8,74.0,0,2,2,8.0,0,8.2,10.2,,,71.0,219.0,29.457117647058823,5.0,Utah,2016.0,2016.0,DEN,136.0,-15.0,0.055555556
2021,16,00-0032972,D.Booker,RB,NYG,PHI,0,0,0.0,0,0.0,0.0,0.0,6,27.0,0,4,4,19.0,0,4.6,8.6,,,71.0,219.0,29.457117647058823,5.0,Utah,2016.0,2016.0,DEN,136.0,,0.09756097
2021,17,00-0032972,D.Booker,RB,NYG,CHI,0,0,0.0,0,0.0,0.0,0.0,18,46.0,0,3,2,0.0,0,4.6,6.6,,,71.0,219.0,29.457117647058823,5.0,Utah,2016.0,2016.0,DEN,136.0,,0.27272728
2021,18,00-0032972,D.Booker,RB,NYG,WAS,0,0,0.0,0,0.0,0.0,0.0,8,14.0,0,2,2,12.0,0,2.6,4.6,,,71.0,219.0,29.457117647058823,5.0,Utah,2016.0,2016.0,DEN,136.0,-15.0,0.06666667
2021,14,00-0032975,J.Williams,RB,WAS,DAL,0,0,0.0,0,0.0,0.0,0.0,4,16.0,1,1,1,19.0,0,9.5,10.5,,,72.0,217.0,27.77125,5.0,Arkansas,2016.0,2016.0,BUF,156.0,-7.0,0.030303031
2021,15,00-0032975,J.Williams,RB,WAS,PHI,0,0,0.0,0,0.0,0.0,0.0,1,5.0,0,0,0,0.0,0,0.5,0.5,,,72.0,217.0,27.77125,5.0,Arkansas,2016.0,2016.0,BUF,156.0,,
2021,16,00-0032975,J.Williams,RB,WAS,DAL,0,0,0.0,0,0.0,0.0,0.0,3,9.0,0,2,1,2.0,0,1.1,2.1,,,72.0,217.0,27.77125,5.0,Arkansas,2016.0,2016.0,BUF,156.0,,0.06666667
2021,17,00-0032975,J.Williams,RB,WAS,PHI,0,0,0.0,0,0.0,0.0,0.0,2,4.0,0,3,2,7.0,0,1.1,3.1,,,72.0,217.0,27.77125,5.0,Arkansas,2016.0,2016.0,BUF,156.0,-4.0,0.0882353
2021,18,00-0032975,J.Williams,RB,WAS,NYG,0,0,0.0,0,0.0,0.0,0.0,7,45.0,0,0,0,0.0,0,4.5,4.5,,,72.0,217.0,27.77125,5.0,Arkansas,2016.0,2016.0,BUF,156.0,,
2021,2,00-0032977,R.Higgins,WR,CLE,HOU,0,0,0.0,0,0.0,0.0,0.0,0,0.0,0,2,2,27.0,0,2.7,4.7,,,73.0,198.0,27.09088235294118,5.0,Colorado State,2016.0,2016.0,CLE,172.0,10.0,0.0952381
2021,3,00-0032977,R.Higgins,WR,CLE,CHI,0,0,0.0,0,0.0,0.0,0.0,0,0.0,0,2,2,24.0,0,2.4,4.4,,,73.0,198.0,27.09088235294118,5.0,Colorado State,2016.0,2016.0,CLE,172.0,20.0,0.06896552
2021,4,00-0032977,R.Higgins,WR,CLE,MIN,0,0,0.0,0,0.0,0.0,0.0,0,0.0,0,7,4,63.0,0,6.3,10.3,,,73.0,198.0,27.09088235294118,5.0,Colorado State,2016.0,2016.0,CLE,172.0,,0.22580644
2021,5,00-0032977,R.Higgins,WR,CLE,LAC,0,0,0.0,0,0.0,0.0,0.0,0,0.0,0,5,3,29.0,1,8.9,11.9,,,73.0,198.0,27.09088235294118,5.0,Colorado State,2016.0,2016.0,CLE,172.0,,0.1724138
2021,6,00-0032977,R.Higgins,WR,CLE,ARI,0,0,0.0,0,0.0,0.0,0.0,0,0.0,0,3,0,0.0,0,0.0,0.0,,,73.0,198.0,27.09088235294118,5.0,Colorado State,2016.0,2016.0,CLE,172.0,-23.0,0.09677419
2021,7,00-0032977,R.Higgins,WR,CLE,DEN,0,0,0.0,0,0.0,0.0,0.0,0,0.0,0,2,1,-2.0,0,-0.2,0.8,,,73.0,198.0,27.09088235294118,5.0,Colorado State,2016.0,2016.0,CLE,172.0,3.0,0.0625
2021,8,00-0032977,R.Higgins,WR,CLE,PIT,0,0,0.0,0,0.0,0.0,0.0,0,0.0,0,4,2,27.0,0,2.7,4.7,,,73.0,198.0,27.09088235294118,5.0,Colorado State,2016.0,2016.0,CLE,172.0,-5.0,0.12903225
2021,10,00-0032977,R.Higgins,WR,CLE,NE,0,0,0.0,0,0.0,0.0,0.0,0,0.0,0,1,0,0.0,0,0.0,0.0,,,73.0,198.0,27.09088235294118,5.0,Colorado State,2016.0,2016.0,CLE,172.0,,0.032258064
2021,11,00-0032977,R.Higgins,WR,CLE,DET,0,0,0.0,0,0.0,0.0,0.0,0,0.0,0,5,1,17.0,0,1.7,2.7,,,73.0,198.0,27.09088235294118,5.0,Colorado State,2016.0,2016.0,CLE,172.0,3.0,0.17857143
2021,15,00-0032977,R.Higgins,WR,CLE,LV,0,0,0.0,0,0.0,0.0,0.0,0,0.0,0,5,3,24.0,0,2.4,5.4,,,73.0,198.0,27.09088235294118,5.0,Colorado State,2016.0,2016.0,CLE,172.0,-2.0,0.1724138
2021,16,00-0032977,R.Higgins,WR,CLE,GB,0,0,0.0,0,0.0,0.0,0.0,0,0.0,0,6,5,58.0,0,5.8,10.8,,,73.0,198.0,27.09088235294118,5.0,Colorado State,2016.0,2016.0,CLE,172.0,,0.16666667
2021,17,00-0032977,R.Higgins,WR,CLE,PIT,0,0,0.0,0,0.0,0.0,0.0,0,0.0,0,5,1,8.0,0,0.8,1.8,,,73.0,198.0,27.09088235294118,5.0,Colorado State,2016.0,2016.0,CLE,172.0,,0.1388889
2021,5,00-0032980,M.Johnson,WR,TEN,JAX,0,0,0.0,0,0.0,0.0,0.0,0,0.0,0,5,3,52.0,0,5.2,8.2,,,73.0,207.0,27.27461111111111,5.0,Texas,2016.0,2016.0,,,,0.23809524
2021,6,00-0032980,M.Johnson,WR,TEN,BUF,0,0,0.0,0,0.0,0.0,0.0,0,0.0,0,1,0,0.0,0,0.0,0.0,,,73.0,207.0,27.27461111111111,5.0,Texas,2016.0,2016.0,,,3.0,0.04
2021,7,00-0032980,M.Johnson,WR,TEN,KC,0,0,0.0,0,0.0,0.0,0.0,1,5.0,0,1,0,0.0,0,0.5,0.5,,,73.0,207.0,27.27461111111111,5.0,Texas,2016.0,2016.0,,,24.0,0.037037037
2021,8,00-0032980,M.Johnson,WR,TEN,IND,0,0,0.0,0,0.0,0.0,0.0,0,0.0,0,5,1,8.0,0,0.8,1.8,,,73.0,207.0,27.27461111111111,5.0,Texas,2016.0,2016.0,,,,0.15625
2021,9,00-0032980,M.Johnson,WR,TEN,LA,0,0,0.0,0,0.0,0.0,0.0,1,-7.0,0,0,0,0.0,0,-0.7,-0.7,,,73.0,207.0,27.27461111111111,5.0,Texas,2016.0,2016.0,,,,
2021,10,00-0032980,M.Johnson,WR,TEN,NO,0,0,0.0,0,0.0,0.0,0.0,0,0.0,0,6,5,100.0,0,10.0,15.0,,,73.0,207.0,27.27461111111111,5.0,Texas,2016.0,2016.0,,,2.0,0.22222222
2021,11,00-0032980,M.Johnson,WR,TEN,HOU,0,0,0.0,0,0.0,0.0,0.0,0,0.0,0,1,0,0.0,0,0.0,0.0,,,73.0,207.0,27.27461111111111,5.0,Texas,2016.0,2016.0,,,-9.0,0.019607844
2021,13,00-0033006,J.Mickens,WR,JAX,LA,0,0,0.0,0,0.0,0.0,0.0,0,0.0,0,2,2,10.0,0,1.0,3.0,,,71.0,170.0,27.557588235294116,5.0,Washington,2016.0,2016.0,,,,0.071428575
2021,14,00-0033006,J.Mickens,WR,JAX,TEN,0,0,0.0,0,0.0,0.0,0.0,0,0.0,0,1,0,0.0,0,0.0,0.0,,,71.0,170.0,27.557588235294116,5.0,Washington,2016.0,2016.0,,,,0.027027028
2021,1,00-0033009,T.Boyd,WR,CIN,MIN,0,0,0.0,0,0.0,0.0,0.0,0,0.0,0,4,3,32.0,0,3.2,6.2,,,74.0,203.0,27.028333333333336,5.0,Pittsburgh,2016.0,2016.0,CIN,55.0,3.0,0.15384616
2021,2,00-0033009,T.Boyd,WR,CIN,CHI,0,0,0.0,0,0.0,0.0,0.0,0,0.0,0,9,7,73.0,0,7.3,14.3,,,74.0,203.0,27.028333333333336,5.0,Pittsburgh,2016.0,2016.0,CIN,55.0,,0.31034482
2021,3,00-0033009,T.Boyd,WR,CIN,PIT,0,0,0.0,0,0.0,0.0,0.0,0,0.0,0,6,4,36.0,1,9.6,13.6,,,74.0,203.0,27.028333333333336,5.0,Pittsburgh,2016.0,2016.0,CIN,55.0,,0.33333334
2021,4,00-0033009,T.Boyd,WR,CIN,JAX,0,0,0.0,0,0.0,0.0,0.0,0,0.0,0,11,9,118.0,0,11.8,20.8,,,74.0,203.0,27.028333333333336,5.0,Pittsburgh,2016.0,2016.0,CIN,55.0,3.0,0.34375
2021,5,00-0033009,T.Boyd,WR,CIN,GB,0,0,0.0,0,0.0,0.0,0.0,0,0.0,0,5,4,24.0,0,2.4,6.4,,,74.0,203.0,27.028333333333336,5.0,Pittsburgh,2016.0,2016.0,CIN,55.0,-3.0,0.13513513
2021,6,00-0033009,T.Boyd,WR,CIN,DET,0,0,0.0,0,0.0,0.0,0.0,0,0.0,0,3,1,7.0,0,0.7,1.7,,,74.0,203.0,27.028333333333336,5.0,Pittsburgh,2016.0,2016.0,CIN,55.0,,0.10344828
2021,7,00-0033009,T.Boyd,WR,CIN,BAL,0,0,0.0,0,0.0,0.0,0.0,0,0.0,0,7,4,39.0,0,3.9,7.9,,,74.0,203.0,27.028333333333336,5.0,Pittsburgh,2016.0,2016.0,CIN,55.0,,0.19444445
2021,8,00-0033009,T.Boyd,WR,CIN,NYJ,1,1,46.0,0,0.0,0.0,-0.0,0,0.0,0,8,5,69.0,1,14.74,19.74,,,74.0,203.0,27.028333333333336,5.0,Pittsburgh,2016.0,2016.0,CIN,55.0,,0.23529412
2021,9,00-0033009,T.Boyd,WR,CIN,CLE,0,0,0.0,0,0.0,0.0,0.0,0,0.0,0,2,1,11.0,0,1.1,2.1,,,74.0,203.0,27.028333333333336,5.0,Pittsburgh,2016.0,2016.0,CIN,55.0,-25.0,0.048780486
2021,11,00-0033009,T.Boyd,WR,CIN,LV,0,0,0.0,0,0.0,0.0,0.0,1,14.0,0,8,6,49.0,0,6.3,12.3,,,74.0,203.0,27.028333333333336,5.0,Pittsburgh,2016.0,2016.0,CIN,55.0,,0.2857143
2021,12,00-0033009,T.Boyd,WR,CIN,PIT,0,0,0.0,0,0.0,0.0,0.0,0,0.0,0,2,2,13.0,0,1.3,3.3,,,74.0,203.0,27.028333333333336,5.0,Pittsburgh,2016.0,2016.0,CIN,55.0,31.0,0.083333336
2021,13,00-0033009,T.Boyd,WR,CIN,LAC,0,0,0.0,0,0.0,0.0,0.0,0,0.0,0,7,5,85.0,0,8.5,13.5,,,74.0,203.0,27.028333333333336,5.0,Pittsburgh,2016.0,2016.0,CIN,55.0,-19.0,0.18421052
2021,14,00-0033009,T.Boyd,WR,CIN,SF,0,0,0.0,0,0.0,0.0,0.0,1,8.0,0,5,4,55.0,0,6.3,10.3,,,74.0,203.0,27.028333333333336,5.0,Pittsburgh,2016.0,2016.0,CIN,55.0,-3.0,0.14705883
2021,15,00-0033009,T.Boyd,WR,CIN,DEN,0,0,0.0,0,0.0,0.0,0.0,0,0.0,0,6,5,96.0,1,15.6,20.6,,,74.0,203.0,27.028333333333336,5.0,Pittsburgh,2016.0,2016.0,CIN,55.0,,0.2857143
2021,16,00-0033009,T.Boyd,WR,CIN,BAL,0,0,0.0,0,0.0,0.0,0.0,0,0.0,0,5,3,85.0,1,14.5,17.5,,,74.0,203.0,27.028333333333336,5.0,Pittsburgh,2016.0,2016.0,CIN,55.0,20.0,0.10869565
2021,17,00-0033009,T.Boyd,WR,CIN,KC,0,0,0.0,0,0.0,0.0,0.0,0,0.0,0,6,4,36.0,1,9.6,13.6,,,74.0,203.0,27.028333333333336,5.0,Pittsburgh,2016.0,2016.0,CIN,55.0,3.0,0.15789473
2021,19,00-0033009,T.Boyd,WR,CIN,LV,0,0,0.0,0,0.0,0.0,0.0,1,3.0,0,5,4,26.0,1,8.9,12.9,,,74.0,203.0,27.028333333333336,5.0,Pittsburgh,2016.0,2016.0,CIN,55.0,7.0,0.15625
2021,20,00-0033009,T.Boyd,WR,CIN,TEN,0,0,0.0,0,0.0,0.0,0.0,0,0.0,0,3,2,17.0,0,1.7,3.7,,,74.0,203.0,27.028333333333336,5.0,Pittsburgh,2016.0,2016.0,CIN,55.0,,0.08571429
2021,21,00-0033009,T.Boyd,WR,CIN,KC,0,0,0.0,0,0.0,0.0,0.0,0,0.0,0,6,4,19.0,0,1.9,5.9,,,74.0,203.0,27.028333333333336,5.0,Pittsburgh,2016.0,2016.0,CIN,55.0,,0.16666667
2021,22,00-0033009,T.Boyd,WR,CIN,LA,0,0,0.0,0,0.0,0.0,0.0,0,0.0,0,6,5,48.0,0,4.8,9.8,,,74.0,203.0,27.028333333333336,5.0,Pittsburgh,2016.0,2016.0,CIN,55.0,-3.0,0.18181819
2021,5,00-0033025,J.Richard,RB,LV,CHI,0,0,0.0,0,0.0,0.0,0.0,0,0.0,0,1,1,4.0,0,0.4,1.4,,,68.0,207.0,28.084055555555555,5.0,Southern Mississippi,2016.0,2016.0,,,-11.0,0.028571429
2021,6,00-0033025,J.Richard,RB,LV,DEN,0,0,0.0,0,0.0,0.0,0.0,1,0.0,0,1,1,3.0,0,0.3,1.3,,,68.0,207.0,28.084055555555555,5.0,Southern Mississippi,2016.0,2016.0,,,,0.04
2021,7,00-0033025,J.Richard,RB,LV,PHI,0,0,0.0,0,0.0,0.0,0.0,4,8.0,0,4,3,17.0,0,2.5,5.5,,,68.0,207.0,28.084055555555555,5.0,Southern Mississippi,2016.0,2016.0,,,11.0,0.11764706
2021,9,00-0033025,J.Richard,RB,LV,NYG,0,0,0.0,0,0.0,0.0,0.0,0,0.0,0,3,2,18.0,0,1.8,3.8,,,68.0,207.0,28.084055555555555,5.0,Southern Mississippi,2016.0,2016.0,,,,0.06521739
2021,10,00-0033025,J.Richard,RB,LV,KC,0,0,0.0,0,0.0,0.0,0.0,0,0.0,0,1,1,3.0,0,0.3,1.3,,,68.0,207.0,28.084055555555555,5.0,Southern Mississippi,2016.0,2016.0,,,-27.0,0.029411765
2021,16,00-0033025,J.Richard,RB,LV,DEN,0,0,0.0,0,0.0,0.0,0.0,1,4.0,0,1,1,5.0,0,0.9,1.9,,,68.0,207.0,28.084055555555555,5.0,Southern Mississippi,2016.0,2016.0,,,4.0,0.04
2021,17,00-0033025,J.Richard,RB,LV,IND,0,0,0.0,0,0.0,0.0,0.0,1,4.0,0,1,1,19.0,0,2.3,3.3,,,68.0,207.0,28.084055555555555,5.0,Southern Mississippi,2016.0,2016.0,,,,0.03125
2021,18,00-0033025,J.Richard,RB,LV,LAC,0,0,0.0,0,0.0,0.0,0.0,2,24.0,0,2,2,3.0,0,2.7,4.7,,,68.0,207.0,28.084055555555555,5.0,Southern Mississippi,2016.0,2016.0,,,3.0,0.060606062
2021,19,00-0033025,J.Richard,RB,LV,CIN,0,0,0.0,0,0.0,0.0,0.0,0,0.0,0,2,1,4.0,0,0.4,1.4,,,68.0,207.0,28.084055555555555,5.0,Southern Mississippi,2016.0,2016.0,,,,0.040816326
2021,1,00-0033040,T.Hill,WR,KC,CLE,0,0,0.0,0,0.0,0.0,0.0,1,4.0,0,15,11,197.0,1,26.1,37.1,,,70.0,185.0,27.72495,5.0,West Alabama,2016.0,2016.0,KC,165.0,4.0,0.44117647
2021,2,00-0033040,T.Hill,WR,KC,BAL,0,0,0.0,0,0.0,0.0,0.0,1,15.0,0,4,3,14.0,0,2.9,5.9,,,70.0,185.0,27.72495,5.0,West Alabama,2016.0,2016.0,KC,165.0,,0.13333334
2021,3,00-0033040,T.Hill,WR,KC,LAC,0,0,0.0,0,0.0,0.0,0.0,1,11.0,0,7,5,56.0,0,4.7,9.7,,,70.0,185.0,27.72495,5.0,West Alabama,2016.0,2016.0,KC,165.0,-6.0,0.175
2021,4,00-0033040,T.Hill,WR,KC,PHI,0,0,0.0,0,0.0,0.0,0.0,0,0.0,0,12,11,186.0,3,36.6,47.6,,,70.0,185.0,27.72495,5.0,West Alabama,2016.0,2016.0,KC,165.0,,0.4
2021,5,00-0033040,T.Hill,WR,KC,BUF,0,0,0.0,0,0.0,0.0,0.0,1,15.0,0,13,7,63.0,0,7.8,14.8,,,70.0,185.0,27.72495,5.0,West Alabama,2016.0,2016.0,KC,165.0,-18.0,0.26
2021,6,00-0033040,T.Hill,WR,KC,WAS,0,0,0.0,0,0.0,0.0,0.0,0,0.0,0,12,9,76.0,1,13.6,22.6,,,70.0,185.0,27.72495,5.0,West Alabama,2016.0,2016.0,KC,165.0,,0.26086956
2021,7,00-0033040,T.Hill,WR,KC,TEN,0,0,0.0,0,0.0,0.0,0.0,1,18.0,0,9,6,49.0,0,6.7,12.7,,,70.0,185.0,27.72495,5.0,West Alabama,2016.0,2016.0,KC,165.0,,0.1875
2021,8,00-0033040,T.Hill,WR,KC,NYG,0,0,0.0,0,0.0,0.0,0.0,0,0.0,0,18,12,94.0,1,15.4,27.4,,,70.0,185.0,27.72495,5.0,West Alabama,2016.0,2016.0,KC,165.0,3.0,0.41860464
2021,9,00-0033040,T.Hill,WR,KC,GB,0,0,0.0,0,0.0,0.0,0.0,1,-4.0,0,11,4,37.0,0,3.3,7.3,,,70.0,185.0,27.72495,5.0,West Alabama,2016.0,2016.0,KC,165.0,6.0,0.30555555
2021,10,00-0033040,T.Hill,WR,KC,LV,0,0,0.0,0,0.0,0.0,0.0,1,2.0,0,10,7,83.0,2,20.5,27.5,,,70.0,185.0,27.72495,5.0,West Alabama,2016.0,2016.0,KC,165.0,,0.20833333
2021,11,00-0033040,T.Hill,WR,KC,DAL,0,0,0.0,0,0.0,0.0,0.0,1,33.0,0,11,9,77.0,0,11.0,20.0,,,70.0,185.0,27.72495,5.0,West Alabama,2016.0,2016.0,KC,165.0,10.0,0.33333334
2021,13,00-0033040,T.Hill,WR,KC,DEN,0,0,0.0,0,0.0,0.0,0.0,0,0.0,0,5,2,22.0,0,2.2,4.2,,,70.0,185.0,27.72495,5.0,West Alabama,2016.0,2016.0,KC,165.0,13.0,0.18518518
2021,14,00-0033040,T.Hill,WR,KC,LV,0,0,0.0,0,0.0,0.0,0.0,0,0.0,0,4,4,76.0,0,7.6,11.6,,,70.0,185.0,27.72495,5.0,West Alabama,2016.0,2016.0,KC,165.0,39.0,0.18181819
2021,15,00-0033040,T.Hill,WR,KC,LAC,0,0,0.0,0,0.0,0.0,0.0,0,0.0,0,13,12,148.0,1,20.8,32.8,,,70.0,185.0,27.72495,5.0,West Alabama,2016.0,2016.0,KC,165.0,,0.2888889
2021,16,00-0033040,T.Hill,WR,KC,PIT,0,0,0.0,0,0.0,0.0,0.0,0,0.0,0,2,2,19.0,0,1.9,3.9,,,70.0,185.0,27.72495,5.0,West Alabama,2016.0,2016.0,KC,165.0,26.0,0.06896552
2021,17,00-0033040,T.Hill,WR,KC,CIN,0,0,0.0,0,0.0,0.0,0.0,1,2.0,0,10,6,40.0,0,4.2,10.2,,,70.0,185.0,27.72495,5.0,West Alabama,2016.0,2016.0,KC,165.0,,0.29411766
2021,18,00-0033040,T.Hill,WR,KC,DEN,0,0,0.0,0,0.0,0.0,0.0,0,0.0,0,3,1,2.0,0,0.2,1.2,,,70.0,185.0,27.72495,5.0,West Alabama,2016.0,2016.0,KC,165.0,,0.071428575
2021,19,00-0033040,T.Hill,WR,KC,PIT,0,0,0.0,0,0.0,0.0,0.0,0,0.0,0,5,5,57.0,1,11.7,16.7,,,70.0,185.0,27.72495,5.0,West Alabama,2016.0,2016.0,KC,165.0,21.0,0.13157895
2021,20,00-0033040,T.Hill,WR,KC,BUF,0,0,0.0,0,0.0,0.0,0.0,1,-2.0,0,13,11,150.0,1,20.8,31.8,,,70.0,185.0,27.72495,5.0,West Alabama,2016.0,2016.0,KC,165.0,6.0,0.30952382
2021,21,00-0033040,T.Hill,WR,KC,CIN,0,0,0.0,0,0.0,0.0,0.0,0,0.0,0,10,7,78.0,1,13.8,20.8,,,70.0,185.0,27.72495,5.0,West Alabama,2016.0,2016.0,KC,165.0,-3.0,0.27027026
2021,1,00-0033045,E.Elliott,RB,DAL,TB,0,0,0.0,0,0.0,0.0,0.0,11,33.0,0,2,2,6.0,0,3.9,5.9,,,72.0,228.0,26.318055555555556,5.0,Ohio State,2016.0,2016.0,DAL,4.0,,0.03508772
2021,2,00-0033045,E.Elliott,RB,DAL,LAC,0,0,0.0,0,0.0,0.0,0.0,16,71.0,1,2,2,26.0,0,15.7,17.7,,,72.0,228.0,26.318055555555556,5.0,Ohio State,2016.0,2016.0,DAL,4.0,,0.074074075
2021,3,00-0033045,E.Elliott,RB,DAL,PHI,0,0,0.0,0,0.0,0.0,0.0,17,95.0,2,3,3,21.0,0,23.6,26.6,,,72.0,228.0,26.318055555555556,5.0,Ohio State,2016.0,2016.0,DAL,4.0,20.0,0.12
2021,4,00-0033045,E.Elliott,RB,DAL,CAR,0,0,0.0,0,0.0,0.0,0.0,20,143.0,1,1,0,0.0,0,20.3,20.3,,,72.0,228.0,26.318055555555556,5.0,Ohio State,2016.0,2016.0,DAL,4.0,8.0,0.045454547
2021,5,00-0033045,E.Elliott,RB,DAL,NYG,0,0,0.0,0,0.0,0.0,0.0,21,110.0,1,3,2,2.0,1,23.2,25.2,,,72.0,228.0,26.318055555555556,5.0,Ohio State,2016.0,2016.0,DAL,4.0,24.0,0.09375
2021,6,00-0033045,E.Elliott,RB,DAL,NE,0,0,0.0,0,0.0,0.0,0.0,17,69.0,0,9,7,50.0,0,11.9,18.9,,,72.0,228.0,26.318055555555556,5.0,Ohio State,2016.0,2016.0,DAL,4.0,,0.18367347
2021,8,00-0033045,E.Elliott,RB,DAL,MIN,0,0,0.0,0,0.0,0.0,0.0,16,50.0,0,6,4,23.0,0,7.3,11.3,,,72.0,228.0,26.318055555555556,5.0,Ohio State,2016.0,2016.0,DAL,4.0,,0.14634146
2021,9,00-0033045,E.Elliott,RB,DAL,DEN,0,0,0.0,0,0.0,0.0,0.0,10,51.0,0,3,3,25.0,0,9.6,12.6,,,72.0,228.0,26.318055555555556,5.0,Ohio State,2016.0,2016.0,DAL,4.0,-14.0,0.07692308
2021,10,00-0033045,E.Elliott,RB,DAL,ATL,1,1,4.0,0,0.0,0.0,-0.0,14,41.0,2,3,3,15.0,0,17.76,20.76,,,72.0,228.0,26.318055555555556,5.0,Ohio State,2016.0,2016.0,DAL,4.0,40.0,0.09090909
2021,11,00-0033045,E.Elliott,RB,DAL,KC,0,0,0.0,0,0.0,0.0,0.0,9,32.0,0,6,6,36.0,0,6.8,12.8,,,72.0,228.0,26.318055555555556,5.0,Ohio State,2016.0,2016.0,DAL,4.0,,0.14285715
2021,12,00-0033045,E.Elliott,RB,DAL,LV,0,0,0.0,0,0.0,0.0,0.0,9,25.0,1,8,6,24.0,0,10.9,16.9,,,72.0,228.0,26.318055555555556,5.0,Ohio State,2016.0,2016.0,DAL,4.0,-3.0,0.17021276
2021,13,00-0033045,E.Elliott,RB,DAL,NO,0,0,0.0,0,0.0,0.0,0.0,13,45.0,0,3,2,2.0,0,4.7,6.7,,,72.0,228.0,26.318055555555556,5.0,Ohio State,2016.0,2016.0,DAL,4.0,,0.075
2021,14,00-0033045,E.Elliott,RB,DAL,WAS,0,0,0.0,0,0.0,0.0,0.0,12,45.0,0,6,1,15.0,0,8.0,9.0,,,72.0,228.0,26.318055555555556,5.0,Ohio State,2016.0,2016.0,DAL,4.0,,0.15384616
2021,15,00-0033045,E.Elliott,RB,DAL,NYG,0,0,0.0,0,0.0,0.0,0.0,16,52.0,1,4,3,20.0,0,13.2,16.2,,,72.0,228.0,26.318055555555556,5.0,Ohio State,2016.0,2016.0,DAL,4.0,,0.10810811
2021,16,00-0033045,E.Elliott,RB,DAL,WAS,0,0,0.0,0,0.0,0.0,0.0,9,37.0,1,1,1,5.0,1,16.2,17.2,,,72.0,228.0,26.318055555555556,5.0,Ohio State,2016.0,2016.0,DAL,4.0,42.0,0.024390243
2021,17,00-0033045,E.Elliott,RB,DAL,ARI,0,0,0.0,0,0.0,0.0,0.0,9,16.0,0,2,1,14.0,0,3.0,4.0,,,72.0,228.0,26.318055555555556,5.0,Ohio State,2016.0,2016.0,DAL,4.0,-3.0,0.05263158
2021,18,00-0033045,E.Elliott,RB,DAL,PHI,0,0,0.0,0,0.0,0.0,0.0,18,87.0,0,3,1,3.0,0,9.0,10.0,,,72.0,228.0,26.318055555555556,5.0,Ohio State,2016.0,2016.0,DAL,4.0,,0.10714286
2021,19,00-0033045,E.Elliott,RB,DAL,SF,0,0,0.0,0,0.0,0.0,0.0,12,31.0,0,4,1,0.0,0,3.1,4.1,,,72.0,228.0,26.318055555555556,5.0,Ohio State,2016.0,2016.0,DAL,4.0,-6.0,0.0952381
2021,1,00-0033077,D.Prescott,QB,DAL,TB,42,58,403.0,3,1.0,1.0,12.0,4,13.0,0,0,0,0.0,0,27.42,27.42,,,74.0,238.0,28.297555555555554,5.0,Mississippi State,2016.0,2016.0,DAL,135.0,,
2021,2,00-0033077,D.Prescott,QB,DAL,LAC,23,27,237.0,0,1.0,2.0,16.0,0,0.0,0,0,0,0.0,0,7.48,7.48,,,74.0,238.0,28.297555555555554,5.0,Mississippi State,2016.0,2016.0,DAL,135.0,,
2021,3,00-0033077,D.Prescott,QB,DAL,PHI,21,26,238.0,3,0.0,4.0,18.0,9,6.0,0,0,0,0.0,0,20.12,20.12,,,74.0,238.0,28.297555555555554,5.0,Mississippi State,2016.0,2016.0,DAL,135.0,20.0,
2021,4,00-0033077,D.Prescott,QB,DAL,CAR,14,22,188.0,4,0.0,0.0,-0.0,4,35.0,0,0,0,0.0,0,27.02,27.02,,,74.0,238.0,28.297555555555554,5.0,Mississippi State,2016.0,2016.0,DAL,135.0,8.0,
2021,5,00-0033077,D.Prescott,QB,DAL,NYG,22,32,302.0,3,1.0,2.0,10.0,2,6.0,0,0,0,0.0,0,20.68,20.68,,,74.0,238.0,28.297555555555554,5.0,Mississippi State,2016.0,2016.0,DAL,135.0,24.0,
2021,6,00-0033077,D.Prescott,QB,DAL,NE,36,51,445.0,3,1.0,0.0,-0.0,3,10.0,0,0,0,0.0,0,26.8,26.8,,,74.0,238.0,28.297555555555554,5.0,Mississippi State,2016.0,2016.0,DAL,135.0,,
2021,9,00-0033077,D.Prescott,QB,DAL,DEN,19,39,232.0,2,1.0,2.0,20.0,2,16.0,0,0,0,0.0,0,18.88,18.88,,,74.0,238.0,28.297555555555554,5.0,Mississippi State,2016.0,2016.0,DAL,135.0,-14.0,
2021,10,00-0033077,D.Prescott,QB,DAL,ATL,24,31,296.0,2,0.0,0.0,-0.0,2,5.0,1,0,0,0.0,0,26.34,26.34,,,74.0,238.0,28.297555555555554,5.0,Mississippi State,2016.0,2016.0,DAL,135.0,40.0,
2021,11,00-0033077,D.Prescott,QB,DAL,KC,28,43,216.0,0,2.0,5.0,22.0,0,0.0,0,0,0,0.0,0,2.64,2.64,,,74.0,238.0,28.297555555555554,5.0,Mississippi State,2016.0,2016.0,DAL,135.0,,
2021,12,00-0033077,D.Prescott,QB,DAL,LV,32,47,375.0,2,0.0,1.0,2.0,1,3.0,0,0,0,0.0,0,25.3,25.3,,,74.0,238.0,28.297555555555554,5.0,Mississippi State,2016.0,2016.0,DAL,135.0,-3.0,
2021,13,00-0033077,D.Prescott,QB,DAL,NO,26,40,238.0,1,1.0,1.0,7.0,3,-3.0,0,0,0,0.0,0,11.22,11.22,,,74.0,238.0,28.297555555555554,5.0,Mississippi State,2016.0,2016.0,DAL,135.0,,
2021,14,00-0033077,D.Prescott,QB,DAL,WAS,22,39,211.0,1,2.0,4.0,10.0,7,15.0,0,0,0,0.0,0,9.94,9.94,,,74.0,238.0,28.297555555555554,5.0,Mississippi State,2016.0,2016.0,DAL,135.0,,
2021,15,00-0033077,D.Prescott,QB,DAL,NYG,28,37,217.0,1,0.0,3.0,14.0,2,-1.0,0,0,0,0.0,0,10.58,10.58,,,74.0,238.0,28.297555555555554,5.0,Mississippi State,2016.0,2016.0,DAL,135.0,,
2021,16,00-0033077,D.Prescott,QB,DAL,WAS,28,39,330.0,4,0.0,3.0,11.0,4,21.0,0,0,0,0.0,0,31.3,31.3,,,74.0,238.0,28.297555555555554,5.0,Mississippi State,2016.0,2016.0,DAL,135.0,42.0,
2021,17,00-0033077,D.Prescott,QB,DAL,ARI,24,38,226.0,3,0.0,1.0,1.0,5,20.0,0,0,0,0.0,0,23.04,23.04,,,74.0,238.0,28.297555555555554,5.0,Mississippi State,2016.0,2016.0,DAL,135.0,-3.0,
2021,18,00-0033077,D.Prescott,QB,DAL,PHI,21,27,295.0,5,0.0,1.0,1.0,0,0.0,0,0,0,0.0,0,31.8,31.8,,,74.0,238.0,28.297555555555554,5.0,Mississippi State,2016.0,2016.0,DAL,135.0,,
2021,19,00-0033077,D.Prescott,QB,DAL,SF,23,43,254.0,1,1.0,5.0,40.0,4,27.0,1,0,0,0.0,0,20.86,20.86,,,74.0,238.0,28.297555555555554,5.0,Mississippi State,2016.0,2016.0,DAL,135.0,-6.0,
2021,1,00-0033090,H.Henry,TE,NE,MIA,0,0,0.0,0,0.0,0.0,0.0,0,0.0,0,3,3,31.0,0,3.1,6.1,,,77.0,250.0,26.932888888888886,5.0,Arkansas,2016.0,2016.0,SD,35.0,-1.0,0.078947365
2021,2,00-0033090,H.Henry,TE,NE,NYJ,0,0,0.0,0,0.0,0.0,0.0,0,0.0,0,4,2,42.0,0,4.2,6.2,,,77.0,250.0,26.932888888888886,5.0,Arkansas,2016.0,2016.0,SD,35.0,,0.14285715
2021,3,00-0033090,H.Henry,TE,NE,NO,0,0,0.0,0,0.0,0.0,0.0,0,0.0,0,6,5,36.0,0,3.6,8.6,,,77.0,250.0,26.932888888888886,5.0,Arkansas,2016.0,2016.0,SD,35.0,-15.0,0.11764706
2021,4,00-0033090,H.Henry,TE,NE,TB,0,0,0.0,0,0.0,0.0,0.0,0,0.0,0,5,4,32.0,1,9.2,13.2,,,77.0,250.0,26.932888888888886,5.0,Arkansas,2016.0,2016.0,SD,35.0,-2.0,0.11904762
2021,5,00-0033090,H.Henry,TE,NE,HOU,0,0,0.0,0,0.0,0.0,0.0,0,0.0,0,8,6,75.0,1,13.5,19.5,,,77.0,250.0,26.932888888888886,5.0,Arkansas,2016.0,2016.0,SD,35.0,,0.2857143
2021,6,00-0033090,H.Henry,TE,NE,DAL,0,0,0.0,0,0.0,0.0,0.0,0,0.0,0,2,2,25.0,1,8.5,10.5,,,77.0,250.0,26.932888888888886,5.0,Arkansas,2016.0,2016.0,SD,35.0,-6.0,0.0952381
2021,7,00-0033090,H.Henry,TE,NE,NYJ,0,0,0.0,0,0.0,0.0,0.0,0,0.0,0,4,2,23.0,1,8.3,10.3,,,77.0,250.0,26.932888888888886,5.0,Arkansas,2016.0,2016.0,SD,35.0,41.0,0.1
2021,8,00-0033090,H.Henry,TE,NE,LAC,0,0,0.0,0,0.0,0.0,0.0,0,0.0,0,3,1,33.0,0,3.3,4.3,,,77.0,250.0,26.932888888888886,5.0,Arkansas,2016.0,2016.0,SD,35.0,,0.0882353
2021,9,00-0033090,H.Henry,TE,NE,CAR,0,0,0.0,0,0.0,0.0,0.0,0,0.0,0,3,2,19.0,1,7.9,9.9,,,77.0,250.0,26.932888888888886,5.0,Arkansas,2016.0,2016.0,SD,35.0,,0.16666667
2021,10,00-0033090,H.Henry,TE,NE,CLE,0,0,0.0,0,0.0,0.0,0.0,0,0.0,0,4,4,37.0,2,15.7,19.7,,,77.0,250.0,26.932888888888886,5.0,Arkansas,2016.0,2016.0,SD,35.0,38.0,0.16
2021,11,00-0033090,H.Henry,TE,NE,ATL,0,0,0.0,0,0.0,0.0,0.0,0,0.0,0,3,2,25.0,0,2.5,4.5,,,77.0,250.0,26.932888888888886,5.0,Arkansas,2016.0,2016.0,SD,35.0,,0.115384616
2021,12,00-0033090,H.Henry,TE,NE,TEN,0,0,0.0,0,0.0,0.0,0.0,0,0.0,0,5,2,16.0,0,1.6,3.6,,,77.0,250.0,26.932888888888886,5.0,Arkansas,2016.0,2016.0,SD,35.0,23.0,0.15625
2021,15,00-0033090,H.Henry,TE,NE,IND,0,0,0.0,0,0.0,0.0,0.0,0,0.0,0,8,6,77.0,2,19.7,25.7,,,77.0,250.0,26.932888888888886,5.0,Arkansas,2016.0,2016.0,SD,35.0,,0.18181819
2021,16,00-0033090,H.Henry,TE,NE,BUF,0,0,0.0,0,0.0,0.0,0.0,0,0.0,0,6,1,9.0,0,0.9,1.9,,,77.0,250.0,26.932888888888886,5.0,Arkansas,2016.0,2016.0,SD,35.0,-12.0,0.19354838
2021,17,00-0033090,H.Henry,TE,NE,JAX,0,0,0.0,0,0.0,0.0,0.0,0,0.0,0,5,3,37.0,0,3.7,6.7,,,77.0,250.0,26.932888888888886,5.0,Arkansas,2016.0,2016.0,SD,35.0,40.0,0.15151516
2021,18,00-0033090,H.Henry,TE,NE,MIA,0,0,0.0,0,0.0,0.0,0.0,0,0.0,0,6,5,86.0,0,8.6,13.6,,,77.0,250.0,26.932888888888886,5.0,Arkansas,2016.0,2016.0,SD,35.0,,0.2
2021,19,00-0033090,H.Henry,TE,NE,BUF,0,0,0.0,0,0.0,0.0,0.0,0,0.0,0,4,1,30.0,0,3.0,4.0,,,77.0,250.0,26.932888888888886,5.0,Arkansas,2016.0,2016.0,SD,35.0,,0.114285715
2021,16,00-0033094,M.Hall,WR,ATL,DET,0,0,0.0,0,0.0,0.0,0.0,0,0.0,0,1,1,10.0,0,1.0,2.0,,,70.0,190.0,28.6632,5.0,Washington,2016.0,2016.0,,,4.0,0.045454547
2021,8,00-0033095,G.Griffin,TE,NO,TB,0,0,0.0,0,0.0,0.0,0.0,0,0.0,0,3,3,30.0,0,3.0,6.0,,,76.0,240.0,27.69264705882353,5.0,Air Force,2016.0,2016.0,,,9.0,0.08571429
2021,13,00-0033095,G.Griffin,TE,NO,DAL,0,0,0.0,0,0.0,0.0,0.0,0,0.0,0,1,1,9.0,0,0.9,1.9,,,76.0,240.0,27.69264705882353,5.0,Air Force,2016.0,2016.0,,,-10.0,0.024390243
2021,1,00-0033106,J.Goff,QB,DET,SF,38,57,338.0,3,1.0,3.0,24.0,3,14.0,0,0,0,0.0,0,28.92,28.92,,,76.0,223.0,27.07629411764706,5.0,California,2016.0,2016.0,LA,1.0,-8.0,
2021,2,00-0033106,J.Goff,QB,DET,GB,26,36,246.0,2,1.0,1.0,10.0,4,46.0,0,0,0,0.0,0,18.44,18.44,,,76.0,223.0,27.07629411764706,5.0,California,2016.0,2016.0,LA,1.0,,
2021,3,00-0033106,J.Goff,QB,DET,BAL,22,30,217.0,0,0.0,2.0,25.0,1,4.0,0,0,0,0.0,0,9.08,9.08,,,76.0,223.0,27.07629411764706,5.0,California,2016.0,2016.0,LA,1.0,-2.0,
2021,4,00-0033106,J.Goff,QB,DET,CHI,24,38,299.0,2,0.0,4.0,38.0,3,8.0,0,0,0,0.0,0,16.76,16.76,,,76.0,223.0,27.07629411764706,5.0,California,2016.0,2016.0,LA,1.0,,
2021,5,00-0033106,J.Goff,QB,DET,MIN,21,35,203.0,0,1.0,4.0,23.0,0,0.0,0,0,0,0.0,0,6.12,6.12,,,76.0,223.0,27.07629411764706,5.0,California,2016.0,2016.0,LA,1.0,,
2021,6,00-0033106,J.Goff,QB,DET,CIN,28,42,202.0,0,1.0,1.0,10.0,1,1.0,0,0,0,0.0,0,8.18,8.18,,,76.0,223.0,27.07629411764706,5.0,California,2016.0,2016.0,LA,1.0,-23.0,
2021,7,00-0033106,J.Goff,QB,DET,LA,22,36,268.0,1,2.0,2.0,7.0,1,3.0,0,0,0,0.0,0,11.02,11.02,,,76.0,223.0,27.07629411764706,5.0,California,2016.0,2016.0,LA,1.0,,
2021,8,00-0033106,J.Goff,QB,DET,PHI,25,34,222.0,0,0.0,5.0,45.0,0,0.0,0,0,0,0.0,0,8.88,8.88,,,76.0,223.0,27.07629411764706,5.0,California,2016.0,2016.0,LA,1.0,-38.0,
2021,10,00-0033106,J.Goff,QB,DET,PIT,14,25,114.0,0,0.0,4.0,37.0,0,0.0,0,0,0,0.0,0,4.56,4.56,,,76.0,223.0,27.07629411764706,5.0,California,2016.0,2016.0,LA,1.0,,
2021,12,00-0033106,J.Goff,QB,DET,CHI,21,25,171.0,2,0.0,1.0,8.0,0,0.0,0,0,0,0.0,0,12.84,12.84,,,76.0,223.0,27.07629411764706,5.0,California,2016.0,2016.0,LA,1.0,-2.0,
2021,13,00-0033106,J.Goff,QB,DET,MIN,25,41,296.0,3,1.0,3.0,24.0,2,1.0,0,0,0,0.0,0,19.94,19.94,,,76.0,223.0,27.07629411764706,5.0,California,2016.0,2016.0,LA,1.0,2.0,
2021,14,00-0033106,J.Goff,QB,DET,DEN,24,39,215.0,1,1.0,2.0,17.0,2,10.0,0,0,0,0.0,0,11.6,11.6,,,76.0,223.0,27.07629411764706,5.0,California,2016.0,2016.0,LA,1.0,,
2021,15,00-0033106,J.Goff,QB,DET,ARI,21,26,216.0,3,0.0,2.0,4.0,0,0.0,0,0,0,0.0,0,20.64,20.64,,,76.0,223.0,27.07629411764706,5.0,California,2016.0,2016.0,LA,1.0,18.0,
2021,18,00-0033106,J.Goff,QB,DET,GB,21,30,238.0,2,0.0,1.0,8.0,0,0.0,0,0,0,0.0,0,17.52,17.52,,,76.0,223.0,27.07629411764706,5.0,California,2016.0,2016.0,LA,1.0,7.0,
2021,1,00-0033110,T.Higbee,TE,LA,CHI,0,0,0.0,0,0.0,0.0,0.0,0,0.0,0,6,5,68.0,0,6.8,11.8,,,78.0,257.0,28.898285714285716,5.0,Western Kentucky,2016.0,2016.0,LA,110.0,20.0,0.23076923
2021,2,00-0033110,T.Higbee,TE,LA,IND,0,0,0.0,0,0.0,0.0,0.0,0,0.0,0,1,1,8.0,0,0.8,1.8,,,78.0,257.0,28.898285714285716,5.0,Western Kentucky,2016.0,2016.0,LA,110.0,,0.03448276
2021,3,00-0033110,T.Higbee,TE,LA,TB,0,0,0.0,0,0.0,0.0,0.0,0,0.0,0,5,5,40.0,1,10.0,15.0,,,78.0,257.0,28.898285714285716,5.0,Western Kentucky,2016.0,2016.0,LA,110.0,10.0,0.13157895
2021,4,00-0033110,T.Higbee,TE,LA,ARI,0,0,0.0,0,0.0,0.0,0.0,0,0.0,0,6,4,36.0,0,3.6,7.6,,,78.0,257.0,28.898285714285716,5.0,Western Kentucky,2016.0,2016.0,LA,110.0,-17.0,0.14634146
2021,5,00-0033110,T.Higbee,TE,LA,SEA,0,0,0.0,0,0.0,0.0,0.0,0,0.0,0,2,2,14.0,1,7.4,9.4,,,78.0,257.0,28.898285714285716,5.0,Western Kentucky,2016.0,2016.0,LA,110.0,,0.057142857
2021,6,00-0033110,T.Higbee,TE,LA,NYG,0,0,0.0,0,0.0,0.0,0.0,0,0.0,0,5,5,36.0,0,3.6,8.6,,,78.0,257.0,28.898285714285716,5.0,Western Kentucky,2016.0,2016.0,LA,110.0,,0.16666667
2021,7,00-0033110,T.Higbee,TE,LA,DET,0,0,0.0,0,0.0,0.0,0.0,0,0.0,0,8,5,46.0,0,4.6,9.6,,,78.0,257.0,28.898285714285716,5.0,Western Kentucky,2016.0,2016.0,LA,110.0,9.0,0.19512194
2021,8,00-0033110,T.Higbee,TE,LA,HOU,0,0,0.0,0,0.0,0.0,0.0,0,0.0,0,3,3,25.0,0,2.5,5.5,,,78.0,257.0,28.898285714285716,5.0,Western Kentucky,2016.0,2016.0,LA,110.0,,0.0882353
2021,9,00-0033110,T.Higbee,TE,LA,TEN,0,0,0.0,0,0.0,0.0,0.0,0,0.0,0,10,5,51.0,0,5.1,10.1,,,78.0,257.0,28.898285714285716,5.0,Western Kentucky,2016.0,2016.0,LA,110.0,-12.0,0.21276596
2021,10,00-0033110,T.Higbee,TE,LA,SF,0,0,0.0,0,0.0,0.0,0.0,0,0.0,0,5,3,20.0,1,8.0,11.0,,,78.0,257.0,28.898285714285716,5.0,Western Kentucky,2016.0,2016.0,LA,110.0,,0.11904762
2021,12,00-0033110,T.Higbee,TE,LA,GB,0,0,0.0,0,0.0,0.0,0.0,0,0.0,0,5,1,3.0,0,0.3,1.3,,,78.0,257.0,28.898285714285716,5.0,Western Kentucky,2016.0,2016.0,LA,110.0,,0.12820514
2021,13,00-0033110,T.Higbee,TE,LA,JAX,0,0,0.0,0,0.0,0.0,0.0,0,0.0,0,6,5,48.0,0,4.8,9.8,,,78.0,257.0,28.898285714285716,5.0,Western Kentucky,2016.0,2016.0,LA,110.0,30.0,0.16216215
2021,16,00-0033110,T.Higbee,TE,LA,MIN,0,0,0.0,0,0.0,0.0,0.0,0,0.0,0,6,5,41.0,0,4.1,9.1,,,78.0,257.0,28.898285714285716,5.0,Western Kentucky,2016.0,2016.0,LA,110.0,,0.16216215
2021,17,00-0033110,T.Higbee,TE,LA,BAL,0,0,0.0,0,0.0,0.0,0.0,0,0.0,0,9,6,69.0,0,6.9,12.9,,,78.0,257.0,28.898285714285716,5.0,Western Kentucky,2016.0,2016.0,LA,110.0,,0.25714287
2021,18,00-0033110,T.Higbee,TE,LA,SF,0,0,0.0,0,0.0,0.0,0.0,0,0.0,0,8,6,55.0,2,17.5,23.5,,,78.0,257.0,28.898285714285716,5.0,Western Kentucky,2016.0,2016.0,LA,110.0,-3.0,0.25
2021,19,00-0033110,T.Higbee,TE,LA,ARI,0,0,0.0,0,0.0,0.0,0.0,0,0.0,0,4,3,46.0,0,4.6,7.6,,,78.0,257.0,28.898285714285716,5.0,Western Kentucky,2016.0,2016.0,LA,110.0,23.0,0.22222222
2021,20,00-0033110,T.Higbee,TE,LA,TB,0,0,0.0,0,0.0,0.0,0.0,0,0.0,0,7,4,51.0,0,5.1,9.1,,,78.0,257.0,28.898285714285716,5.0,Western Kentucky,2016.0,2016.0,LA,110.0,,0.19444445
2021,21,00-0033110,T.Higbee,TE,LA,SF,0,0,0.0,0,0.0,0.0,0.0,0,0.0,0,3,2,18.0,0,1.8,3.8,,,78.0,257.0,28.898285714285716,5.0,Western Kentucky,2016.0,2016.0,LA,110.0,3.0,0.071428575
2021,12,00-0033111,P.Cooper,WR,NYG,PHI,0,0,0.0,0,0.0,0.0,0.0,1,3.0,0,2,1,6.0,0,0.9,1.9,,,71.0,207.0,26.7414,5.0,South Carolina,2016.0,2016.0,LA,117.0,6.0,0.06896552
2021,13,00-0033111,P.Cooper,WR,NYG,MIA,0,0,0.0,0,0.0,0.0,0.0,0,0.0,0,3,2,21.0,0,2.1,4.1,,,71.0,207.0,26.7414,5.0,South Carolina,2016.0,2016.0,LA,117.0,,0.078947365
2021,14,00-0033111,P.Cooper,WR,NYG,LAC,0,0,0.0,0,0.0,0.0,0.0,0,0.0,0,1,1,6.0,0,0.6,1.6,,,71.0,207.0,26.7414,5.0,South Carolina,2016.0,2016.0,LA,117.0,,0.029411765
2021,15,00-0033111,P.Cooper,WR,NYG,DAL,0,0,0.0,0,0.0,0.0,0.0,0,0.0,0,2,0,0.0,0,0.0,0.0,,,71.0,207.0,26.7414,5.0,South Carolina,2016.0,2016.0,LA,117.0,-15.0,0.055555556
2021,16,00-0033111,P.Cooper,WR,NYG,PHI,0,0,0.0,0,0.0,0.0,0.0,0,0.0,0,1,0,0.0,0,0.0,0.0,,,71.0,207.0,26.7414,5.0,South Carolina,2016.0,2016.0,LA,117.0,,0.024390243
2021,17,00-0033111,P.Cooper,WR,NYG,CHI,0,0,0.0,0,0.0,0.0,0.0,0,0.0,0,2,0,0.0,0,0.0,0.0,,,71.0,207.0,26.7414,5.0,South Carolina,2016.0,2016.0,LA,117.0,,0.18181819
2021,1,00-0033114,M.Thomas,WR,CIN,MIN,0,0,0.0,0,0.0,0.0,0.0,0,0.0,0,3,1,5.0,0,0.5,1.5,,,73.0,189.0,27.27747619047619,5.0,Southern Mississippi,2016.0,2016.0,LA,206.0,3.0,0.115384616
2021,3,00-0033114,M.Thomas,WR,CIN,PIT,0,0,0.0,0,0.0,0.0,0.0,0,0.0,0,1,1,19.0,0,1.9,2.9,,,73.0,189.0,27.27747619047619,5.0,Southern Mississippi,2016.0,2016.0,LA,206.0,,0.055555556
2021,4,00-0033114,M.Thomas,WR,CIN,JAX,0,0,0.0,0,0.0,0.0,0.0,0,0.0,0,1,1,0.0,0,0.0,1.0,,,73.0,189.0,27.27747619047619,5.0,Southern Mississippi,2016.0,2016.0,LA,206.0,3.0,0.03125
2021,9,00-0033114,M.Thomas,WR,CIN,CLE,0,0,0.0,0,0.0,0.0,0.0,0,0.0,0,1,1,16.0,0,1.6,2.6,,,73.0,189.0,27.27747619047619,5.0,Southern Mississippi,2016.0,2016.0,LA,206.0,-25.0,0.024390243
2021,11,00-0033114,M.Thomas,WR,CIN,LV,0,0,0.0,0,0.0,0.0,0.0,0,0.0,0,1,1,12.0,0,1.2,2.2,,,73.0,189.0,27.27747619047619,5.0,Southern Mississippi,2016.0,2016.0,LA,206.0,,0.035714287
2021,12,00-0033114,M.Thomas,WR,CIN,PIT,0,0,0.0,0,0.0,0.0,0.0,0,0.0,0,1,0,0.0,0,0.0,0.0,,,73.0,189.0,27.27747619047619,5.0,Southern Mississippi,2016.0,2016.0,LA,206.0,31.0,0.041666668
2021,18,00-0033114,M.Thomas,WR,CIN,CLE,0,0,0.0,0,0.0,0.0,0.0,0,0.0,0,3,0,0.0,0,0.0,0.0,,,73.0,189.0,27.27747619047619,5.0,Southern Mississippi,2016.0,2016.0,LA,206.0,,0.10344828
2021,22,00-0033114,M.Thomas,WR,CIN,LA,0,0,0.0,0,0.0,0.0,0.0,0,0.0,0,1,1,17.0,0,1.7,2.7,,,73.0,189.0,27.27747619047619,5.0,Southern Mississippi,2016.0,2016.0,LA,206.0,-3.0,0.030303031
2021,1,00-0033118,K.Drake,RB,LV,BAL,0,0,0.0,0,0.0,0.0,0.0,6,11.0,0,5,5,59.0,0,7.0,12.0,,,73.0,211.0,27.802055555555555,5.0,Alabama,2016.0,2016.0,MIA,73.0,6.0,0.09615385
2021,2,00-0033118,K.Drake,RB,LV,PIT,0,0,0.0,0,0.0,0.0,0.0,7,9.0,0,6,5,46.0,0,5.5,10.5,,,73.0,211.0,27.802055555555555,5.0,Alabama,2016.0,2016.0,MIA,73.0,,0.16216215
2021,3,00-0033118,K.Drake,RB,LV,MIA,0,0,0.0,0,0.0,0.0,0.0,8,24.0,0,6,3,33.0,0,5.7,8.7,,,73.0,211.0,27.802055555555555,5.0,Alabama,2016.0,2016.0,MIA,73.0,3.0,0.15
2021,4,00-0033118,K.Drake,RB,LV,LAC,0,0,0.0,0,0.0,0.0,0.0,1,2.0,0,0,0,0.0,0,0.2,0.2,,,73.0,211.0,27.802055555555555,5.0,Alabama,2016.0,2016.0,MIA,73.0,,
2021,5,00-0033118,K.Drake,RB,LV,CHI,0,0,0.0,0,0.0,0.0,0.0,2,11.0,0,1,0,0.0,0,1.1,1.1,,,73.0,211.0,27.802055555555555,5.0,Alabama,2016.0,2016.0,MIA,73.0,-11.0,0.028571429
2021,6,00-0033118,K.Drake,RB,LV,DEN,0,0,0.0,0,0.0,0.0,0.0,4,34.0,1,2,2,39.0,1,19.3,21.3,,,73.0,211.0,27.802055555555555,5.0,Alabama,2016.0,2016.0,MIA,73.0,,0.08
2021,7,00-0033118,K.Drake,RB,LV,PHI,0,0,0.0,0,0.0,0.0,0.0,14,69.0,1,3,3,10.0,0,13.9,16.9,,,73.0,211.0,27.802055555555555,5.0,Alabama,2016.0,2016.0,MIA,73.0,11.0,0.0882353
2021,9,00-0033118,K.Drake,RB,LV,NYG,0,0,0.0,0,0.0,0.0,0.0,4,30.0,0,8,6,70.0,0,10.0,16.0,,,73.0,211.0,27.802055555555555,5.0,Alabama,2016.0,2016.0,MIA,73.0,,0.17391305
2021,10,00-0033118,K.Drake,RB,LV,KC,0,0,0.0,0,0.0,0.0,0.0,4,16.0,0,3,2,15.0,0,3.1,5.1,,,73.0,211.0,27.802055555555555,5.0,Alabama,2016.0,2016.0,MIA,73.0,-27.0,0.0882353
2021,11,00-0033118,K.Drake,RB,LV,CIN,0,0,0.0,0,0.0,0.0,0.0,5,23.0,0,2,1,6.0,0,2.9,3.9,,,73.0,211.0,27.802055555555555,5.0,Alabama,2016.0,2016.0,MIA,73.0,-19.0,0.08
2021,12,00-0033118,K.Drake,RB,LV,DAL,0,0,0.0,0,0.0,0.0,0.0,7,25.0,0,2,2,5.0,0,3.0,5.0,,,73.0,211.0,27.802055555555555,5.0,Alabama,2016.0,2016.0,MIA,73.0,,0.05263158
2021,13,00-0033118,K.Drake,RB,LV,WAS,0,0,0.0,0,0.0,0.0,0.0,1,0.0,0,2,1,8.0,0,0.8,1.8,,,73.0,211.0,27.802055555555555,5.0,Alabama,2016.0,2016.0,MIA,73.0,-2.0,0.055555556
2021,1,00-0033119,J.Brissett,QB,MIA,NE,0,0,0.0,0,0.0,0.0,0.0,2,4.0,0,0,0,0.0,0,0.4,0.4,,,76.0,235.0,28.910470588235295,5.0,North Carolina State,2016.0,2016.0,NE,91.0,,
2021,2,00-0033119,J.Brissett,QB,MIA,BUF,24,40,169.0,0,1.0,4.0,24.0,4,8.0,0,0,0,0.0,0,5.56,5.56,,,76.0,235.0,28.910470588235295,5.0,North Carolina State,2016.0,2016.0,NE,91.0,-35.0,
2021,3,00-0033119,J.Brissett,QB,MIA,LV,32,49,215.0,0,0.0,2.0,18.0,7,37.0,1,0,0,0.0,0,20.3,20.3,,,76.0,235.0,28.910470588235295,5.0,North Carolina State,2016.0,2016.0,NE,91.0,,
2021,4,00-0033119,J.Brissett,QB,MIA,IND,20,30,199.0,2,0.0,3.0,31.0,3,8.0,0,0,0,0.0,0,14.76,14.76,,,76.0,235.0,28.910470588235295,5.0,North Carolina State,2016.0,2016.0,NE,91.0,-10.0,
2021,5,00-0033119,J.Brissett,QB,MIA,TB,27,39,275.0,2,1.0,3.0,13.0,0,0.0,0,0,0,0.0,0,15.0,15.0,,,76.0,235.0,28.910470588235295,5.0,North Carolina State,2016.0,2016.0,NE,91.0,,
2021,6,00-0033119,J.Brissett,QB,MIA,JAX,1,1,25.0,0,0.0,0.0,-0.0,0,0.0,0,0,0,0.0,0,1.0,1.0,,,76.0,235.0,28.910470588235295,5.0,North Carolina State,2016.0,2016.0,NE,91.0,,
2021,9,00-0033119,J.Brissett,QB,MIA,HOU,26,43,244.0,1,2.0,4.0,29.0,1,7.0,0,0,0,0.0,0,8.46,8.46,,,76.0,235.0,28.910470588235295,5.0,North Carolina State,2016.0,2016.0,NE,91.0,8.0,
2021,10,00-0033119,J.Brissett,QB,MIA,BAL,11,23,156.0,0,0.0,2.0,17.0,1,4.0,0,0,0,0.0,0,6.64,6.64,,,76.0,235.0,28.910470588235295,5.0,North Carolina State,2016.0,2016.0,NE,91.0,12.0,
2021,15,00-0033119,J.Brissett,QB,MIA,NYJ,0,0,0.0,0,0.0,0.0,0.0,1,2.0,0,0,0,0.0,0,0.2,0.2,,,76.0,235.0,28.910470588235295,5.0,North Carolina State,2016.0,2016.0,NE,91.0,7.0,
2021,16,00-0033119,J.Brissett,QB,MIA,NO,0,0,0.0,0,0.0,1.0,-0.0,0,0.0,0,0,0,0.0,0,0.0,0.0,,,76.0,235.0,28.910470588235295,5.0,North Carolina State,2016.0,2016.0,NE,91.0,,
2021,3,00-0033127,W.Fuller,WR,MIA,LV,0,0,0.0,0,0.0,0.0,0.0,0,0.0,0,6,3,20.0,0,4.0,7.0,,,73.0,184.0,27.566117647058825,5.0,Notre Dame,2016.0,2016.0,HOU,21.0,,0.12765957
2021,4,00-0033127,W.Fuller,WR,MIA,IND,0,0,0.0,0,0.0,0.0,0.0,0,0.0,0,2,1,6.0,0,0.6,1.6,,,73.0,184.0,27.566117647058825,5.0,Notre Dame,2016.0,2016.0,HOU,21.0,-10.0,0.06666667
2021,8,00-0033215,C.Grayson,WR,TB,NO,0,0,0.0,0,0.0,0.0,0.0,0,0.0,0,1,1,50.0,1,11.0,12.0,,,69.0,183.0,27.952894736842108,4.0,Louisiana State,2017.0,2017.0,,,,0.024390243
2021,16,00-0033215,C.Grayson,WR,TB,CAR,0,0,0.0,0,0.0,0.0,0.0,1,14.0,0,3,3,81.0,0,9.5,12.5,,,69.0,183.0,27.952894736842108,4.0,Louisiana State,2017.0,2017.0,,,,0.10344828
2021,17,00-0033215,C.Grayson,WR,TB,NYJ,0,0,0.0,0,0.0,0.0,0.0,0,0.0,0,8,6,81.0,1,14.1,20.1,,,69.0,183.0,27.952894736842108,4.0,Louisiana State,2017.0,2017.0,,,,0.1632653
2021,1,00-0033217,M.Alie-Cox,TE,IND,SEA,0,0,0.0,0,0.0,0.0,0.0,0,0.0,0,2,0,0.0,0,0.0,0.0,,,77.0,267.0,28.138,4.0,Virginia Commonwealth,2017.0,2017.0,,,-12.0,0.057142857
2021,2,00-0033217,M.Alie-Cox,TE,IND,LA,0,0,0.0,0,0.0,0.0,0.0,0,0.0,0,2,1,18.0,0,1.8,2.8,,,77.0,267.0,28.138,4.0,Virginia Commonwealth,2017.0,2017.0,,,-3.0,0.057142857
2021,3,00-0033217,M.Alie-Cox,TE,IND,TEN,0,0,0.0,0,0.0,0.0,0.0,0,0.0,0,2,2,14.0,0,1.4,3.4,,,77.0,267.0,28.138,4.0,Virginia Commonwealth,2017.0,2017.0,,,,0.05882353
2021,4,00-0033217,M.Alie-Cox,TE,IND,MIA,0,0,0.0,0,0.0,0.0,0.0,0,0.0,0,5,3,42.0,2,16.2,19.2,,,77.0,267.0,28.138,4.0,Virginia Commonwealth,2017.0,2017.0,,,,0.15625
2021,5,00-0033217,M.Alie-Cox,TE,IND,BAL,0,0,0.0,0,0.0,0.0,0.0,0,0.0,0,4,3,50.0,0,5.0,8.0,,,77.0,267.0,28.138,4.0,Virginia Commonwealth,2017.0,2017.0,,,,0.11764706
2021,6,00-0033217,M.Alie-Cox,TE,IND,HOU,0,0,0.0,0,0.0,0.0,0.0,0,0.0,0,3,1,28.0,1,8.8,9.8,,,77.0,267.0,28.138,4.0,Virginia Commonwealth,2017.0,2017.0,,,28.0,0.16666667
2021,7,00-0033217,M.Alie-Cox,TE,IND,SF,0,0,0.0,0,0.0,0.0,0.0,0,0.0,0,3,3,25.0,1,8.5,11.5,,,77.0,267.0,28.138,4.0,Virginia Commonwealth,2017.0,2017.0,,,,0.115384616
2021,8,00-0033217,M.Alie-Cox,TE,IND,TEN,0,0,0.0,0,0.0,0.0,0.0,0,0.0,0,4,0,0.0,0,0.0,0.0,,,77.0,267.0,28.138,4.0,Virginia Commonwealth,2017.0,2017.0,,,-3.0,0.083333336
2021,9,00-0033217,M.Alie-Cox,TE,IND,NYJ,0,0,0.0,0,0.0,0.0,0.0,0,0.0,0,1,1,28.0,0,2.8,3.8,,,77.0,267.0,28.138,4.0,Virginia Commonwealth,2017.0,2017.0,,,15.0,0.03448276
2021,10,00-0033217,M.Alie-Cox,TE,IND,JAX,0,0,0.0,0,0.0,0.0,0.0,0,0.0,0,2,1,6.0,0,0.6,1.6,,,77.0,267.0,28.138,4.0,Virginia Commonwealth,2017.0,2017.0,,,6.0,0.060606062
2021,11,00-0033217,M.Alie-Cox,TE,IND,BUF,0,0,0.0,0,0.0,0.0,0.0,0,0.0,0,1,0,0.0,0,0.0,0.0,,,77.0,267.0,28.138,4.0,Virginia Commonwealth,2017.0,2017.0,,,,0.05
2021,12,00-0033217,M.Alie-Cox,TE,IND,TB,0,0,0.0,0,0.0,0.0,0.0,0,0.0,0,2,1,8.0,0,0.8,1.8,,,77.0,267.0,28.138,4.0,Virginia Commonwealth,2017.0,2017.0,,,-7.0,0.046511628
2021,13,00-0033217,M.Alie-Cox,TE,IND,HOU,0,0,0.0,0,0.0,0.0,0.0,0,0.0,0,1,1,0.0,0,0.0,1.0,,,77.0,267.0,28.138,4.0,Virginia Commonwealth,2017.0,2017.0,,,,0.045454547
2021,15,00-0033217,M.Alie-Cox,TE,IND,NE,0,0,0.0,0,0.0,0.0,0.0,0,0.0,0,1,0,0.0,0,0.0,0.0,,,77.0,267.0,28.138,4.0,Virginia Commonwealth,2017.0,2017.0,,,10.0,0.083333336
2021,16,00-0033217,M.Alie-Cox,TE,IND,ARI,0,0,0.0,0,0.0,0.0,0.0,0,0.0,0,4,2,42.0,0,4.2,6.2,,,77.0,267.0,28.138,4.0,Virginia Commonwealth,2017.0,2017.0,,,,0.14285715
2021,17,00-0033217,M.Alie-Cox,TE,IND,LV,0,0,0.0,0,0.0,0.0,0.0,0,0.0,0,5,3,28.0,0,2.8,5.8,,,77.0,267.0,28.138,4.0,Virginia Commonwealth,2017.0,2017.0,,,-3.0,0.20833333
2021,18,00-0033217,M.Alie-Cox,TE,IND,JAX,0,0,0.0,0,0.0,0.0,0.0,0,0.0,0,3,2,27.0,0,2.7,4.7,,,77.0,267.0,28.138,4.0,Virginia Commonwealth,2017.0,2017.0,,,,0.10344828
2021,4,00-0033246,J.Mundt,TE,LA,ARI,0,0,0.0,0,0.0,0.0,0.0,0,0.0,0,1,1,9.0,0,0.9,1.9,,,76.0,232.0,27.00642857142857,4.0,Oregon,2017.0,2017.0,,,-17.0,0.024390243
2021,1,00-0033251,Z.Pascal,WR,IND,SEA,0,0,0.0,0,0.0,0.0,0.0,0,0.0,0,5,4,43.0,2,16.3,20.3,,,74.0,214.0,26.892352941176473,4.0,Old Dominion,2017.0,2017.0,,,-12.0,0.14285715
2021,2,00-0033251,Z.Pascal,WR,IND,LA,0,0,0.0,0,0.0,0.0,0.0,0,0.0,0,6,5,38.0,1,9.8,14.8,,,74.0,214.0,26.892352941176473,4.0,Old Dominion,2017.0,2017.0,,,-3.0,0.17142858
2021,3,00-0033251,Z.Pascal,WR,IND,TEN,0,0,0.0,0,0.0,0.0,0.0,0,0.0,0,7,2,31.0,0,3.1,5.1,,,74.0,214.0,26.892352941176473,4.0,Old Dominion,2017.0,2017.0,,,,0.20588236
2021,4,00-0033251,Z.Pascal,WR,IND,MIA,0,0,0.0,0,0.0,0.0,0.0,0,0.0,0,5,4,44.0,0,4.4,8.4,,,74.0,214.0,26.892352941176473,4.0,Old Dominion,2017.0,2017.0,,,,0.15625
2021,5,00-0033251,Z.Pascal,WR,IND,BAL,0,0,0.0,0,0.0,0.0,0.0,0,0.0,0,5,3,48.0,0,4.8,7.8,,,74.0,214.0,26.892352941176473,4.0,Old Dominion,2017.0,2017.0,,,,0.14705883
2021,6,00-0033251,Z.Pascal,WR,IND,HOU,0,0,0.0,0,0.0,0.0,0.0,0,0.0,0,1,0,0.0,0,0.0,0.0,,,74.0,214.0,26.892352941176473,4.0,Old Dominion,2017.0,2017.0,,,28.0,0.055555556
2021,7,00-0033251,Z.Pascal,WR,IND,SF,0,0,0.0,0,0.0,0.0,0.0,0,0.0,0,6,3,14.0,0,1.4,4.4,,,74.0,214.0,26.892352941176473,4.0,Old Dominion,2017.0,2017.0,,,,0.23076923
2021,8,00-0033251,Z.Pascal,WR,IND,TEN,0,0,0.0,0,0.0,0.0,0.0,0,0.0,0,8,5,43.0,0,4.3,9.3,,,74.0,214.0,26.892352941176473,4.0,Old Dominion,2017.0,2017.0,,,-3.0,0.16666667
2021,9,00-0033251,Z.Pascal,WR,IND,NYJ,0,0,0.0,0,0.0,0.0,0.0,0,0.0,0,7,4,58.0,0,5.8,9.8,,,74.0,214.0,26.892352941176473,4.0,Old Dominion,2017.0,2017.0,,,15.0,0.2413793
2021,10,00-0033251,Z.Pascal,WR,IND,JAX,0,0,0.0,0,0.0,0.0,0.0,0,0.0,0,2,2,9.0,0,0.9,2.9,,,74.0,214.0,26.892352941176473,4.0,Old Dominion,2017.0,2017.0,,,6.0,0.060606062
2021,11,00-0033251,Z.Pascal,WR,IND,BUF,0,0,0.0,0,0.0,0.0,0.0,1,9.0,0,1,0,0.0,0,0.9,0.9,,,74.0,214.0,26.892352941176473,4.0,Old Dominion,2017.0,2017.0,,,,0.05
2021,12,00-0033251,Z.Pascal,WR,IND,TB,0,0,0.0,0,0.0,0.0,0.0,0,0.0,0,7,2,12.0,0,-0.8,1.2,,,74.0,214.0,26.892352941176473,4.0,Old Dominion,2017.0,2017.0,,,-7.0,0.1627907
2021,13,00-0033251,Z.Pascal,WR,IND,HOU,0,0,0.0,0,0.0,0.0,0.0,1,12.0,0,3,1,6.0,0,1.8,2.8,,,74.0,214.0,26.892352941176473,4.0,Old Dominion,2017.0,2017.0,,,,0.13636364
2021,15,00-0033251,Z.Pascal,WR,IND,NE,0,0,0.0,0,0.0,0.0,0.0,0,0.0,0,2,1,23.0,0,2.3,3.3,,,74.0,214.0,26.892352941176473,4.0,Old Dominion,2017.0,2017.0,,,10.0,0.16666667
2021,17,00-0033251,Z.Pascal,WR,IND,LV,0,0,0.0,0,0.0,0.0,0.0,0,0.0,0,2,1,8.0,0,0.8,1.8,,,74.0,214.0,26.892352941176473,4.0,Old Dominion,2017.0,2017.0,,,-3.0,0.083333336
2021,18,00-0033251,Z.Pascal,WR,IND,JAX,0,0,0.0,0,0.0,0.0,0.0,0,0.0,0,2,1,7.0,0,0.7,1.7,,,74.0,214.0,26.892352941176473,4.0,Old Dominion,2017.0,2017.0,,,,0.06896552
2021,6,00-0033258,D.Daniels,TE,ARI,CLE,0,0,0.0,0,0.0,0.0,0.0,0,0.0,0,1,0,0.0,0,0.0,0.0,,,75.0,256.0,26.976333333333333,4.0,Washington,2017.0,2017.0,,,,0.035714287
2021,9,00-0033258,D.Daniels,TE,ARI,SF,0,0,0.0,0,0.0,0.0,0.0,0,0.0,0,2,1,0.0,0,0.0,1.0,,,75.0,256.0,26.976333333333333,4.0,Washington,2017.0,2017.0,,,,0.07692308
2021,11,00-0033258,D.Daniels,TE,ARI,SEA,0,0,0.0,0,0.0,0.0,0.0,0,0.0,0,1,0,0.0,0,0.0,0.0,,,75.0,256.0,26.976333333333333,4.0,Washington,2017.0,2017.0,,,,0.022727273
2021,19,00-0033258,D.Daniels,TE,ARI,LA,0,0,0.0,0,0.0,0.0,0.0,0,0.0,0,3,2,2.0,0,0.2,2.2,,,75.0,256.0,26.976333333333333,4.0,Washington,2017.0,2017.0,,,,0.0882353
2021,7,00-0033275,P.Walker,QB,CAR,NYG,3,14,33.0,0,0.0,3.0,16.0,1,13.0,0,0,0,0.0,0,2.62,2.62,,,71.0,212.0,26.701941176470587,4.0,Temple,2017.0,2017.0,,,,
2021,8,00-0033275,P.Walker,QB,CAR,ATL,0,1,0.0,0,0.0,0.0,-0.0,1,-1.0,0,0,0,0.0,0,-0.1,-0.1,,,71.0,212.0,26.701941176470587,4.0,Temple,2017.0,2017.0,,,,
2021,10,00-0033275,P.Walker,QB,CAR,ARI,22,29,167.0,0,1.0,0.0,-0.0,3,6.0,0,0,0,0.0,0,5.28,5.28,,,71.0,212.0,26.701941176470587,4.0,Temple,2017.0,2017.0,,,,
2021,12,00-0033275,P.Walker,QB,CAR,MIA,5,10,87.0,0,1.0,4.0,31.0,0,0.0,0,0,0,0.0,0,1.48,1.48,,,71.0,212.0,26.701941176470587,4.0,Temple,2017.0,2017.0,,,,
2021,14,00-0033275,P.Walker,QB,CAR,ATL,6,12,75.0,1,1.0,0.0,-0.0,2,-5.0,0,0,0,0.0,0,4.5,4.5,,,71.0,212.0,26.701941176470587,4.0,Temple,2017.0,2017.0,,,-8.0,
2021,1,00-0033280,C.McCaffrey,RB,CAR,NYJ,0,0,0.0,0,0.0,0.0,0.0,21,98.0,0,9,9,89.0,0,18.7,27.7,,,71.0,205.0,25.423411764705882,4.0,Stanford,2017.0,2017.0,CAR,8.0,5.0,0.27272728
2021,2,00-0033280,C.McCaffrey,RB,CAR,NO,0,0,0.0,0,0.0,0.0,0.0,24,72.0,1,6,5,65.0,0,19.7,24.7,,,71.0,205.0,25.423411764705882,4.0,Stanford,2017.0,2017.0,CAR,8.0,19.0,0.16666667
2021,3,00-0033280,C.McCaffrey,RB,CAR,HOU,0,0,0.0,0,0.0,0.0,0.0,7,31.0,0,2,2,9.0,0,4.0,6.0,,,71.0,205.0,25.423411764705882,4.0,Stanford,2017.0,2017.0,CAR,8.0,,0.060606062
2021,9,00-0033280,C.McCaffrey,RB,CAR,NE,0,0,0.0,0,0.0,0.0,0.0,14,52.0,0,5,4,54.0,0,10.6,14.6,,,71.0,205.0,25.423411764705882,4.0,Stanford,2017.0,2017.0,CAR,8.0,-18.0,0.1724138
2021,10,00-0033280,C.McCaffrey,RB,CAR,ARI,0,0,0.0,0,0.0,0.0,0.0,13,95.0,0,10,10,66.0,0,16.1,26.1,,,71.0,205.0,25.423411764705882,4.0,Stanford,2017.0,2017.0,CAR,8.0,,0.3125
2021,11,00-0033280,C.McCaffrey,RB,CAR,WAS,0,0,0.0,0,0.0,0.0,0.0,10,59.0,0,8,7,60.0,1,17.9,24.9,,,71.0,205.0,25.423411764705882,4.0,Stanford,2017.0,2017.0,CAR,8.0,-6.0,0.2962963
2021,12,00-0033280,C.McCaffrey,RB,CAR,MIA,0,0,0.0,0,0.0,0.0,0.0,10,35.0,0,1,0,0.0,0,3.5,3.5,,,71.0,205.0,25.423411764705882,4.0,Stanford,2017.0,2017.0,CAR,8.0,,0.032258064
2021,4,00-0033282,C.Samuel,WR,WAS,ATL,0,0,0.0,0,0.0,0.0,0.0,0,0.0,0,4,4,19.0,0,1.9,5.9,,,71.0,195.0,25.250411764705884,4.0,Ohio State,2017.0,2017.0,CAR,40.0,,0.121212125
2021,5,00-0033282,C.Samuel,WR,WAS,NO,0,0,0.0,0,0.0,0.0,0.0,1,8.0,0,1,0,0.0,0,0.8,0.8,,,71.0,195.0,25.250411764705884,4.0,Ohio State,2017.0,2017.0,CAR,40.0,-11.0,0.024390243
2021,12,00-0033282,C.Samuel,WR,WAS,SEA,0,0,0.0,0,0.0,0.0,0.0,1,4.0,0,1,1,9.0,0,1.3,2.3,,,71.0,195.0,25.250411764705884,4.0,Ohio State,2017.0,2017.0,CAR,40.0,2.0,0.029411765
2021,13,00-0033282,C.Samuel,WR,WAS,LV,0,0,0.0,0,0.0,0.0,0.0,2,-1.0,0,1,1,-1.0,0,-0.2,0.8,,,71.0,195.0,25.250411764705884,4.0,Ohio State,2017.0,2017.0,CAR,40.0,,0.033333335
2021,14,00-0033282,C.Samuel,WR,WAS,DAL,0,0,0.0,0,0.0,0.0,0.0,0,0.0,0,2,0,0.0,0,0.0,0.0,,,71.0,195.0,25.250411764705884,4.0,Ohio State,2017.0,2017.0,CAR,40.0,-7.0,0.060606062
2021,1,00-0033288,G.Kittle,TE,SF,DET,0,0,0.0,0,0.0,0.0,0.0,0,0.0,0,5,4,78.0,0,7.8,11.8,,,76.0,250.0,28.121999999999996,4.0,Iowa,2017.0,2017.0,SF,146.0,,0.2173913
2021,2,00-0033288,G.Kittle,TE,SF,PHI,0,0,0.0,0,0.0,0.0,0.0,0,0.0,0,4,4,17.0,0,1.7,5.7,,,76.0,250.0,28.121999999999996,4.0,Iowa,2017.0,2017.0,SF,146.0,,0.13333334
2021,3,00-0033288,G.Kittle,TE,SF,GB,0,0,0.0,0,0.0,0.0,0.0,1,9.0,0,9,7,92.0,0,10.1,17.1,,,76.0,250.0,28.121999999999996,4.0,Iowa,2017.0,2017.0,SF,146.0,-2.0,0.23684211
2021,4,00-0033288,G.Kittle,TE,SF,SEA,0,0,0.0,0,0.0,0.0,0.0,0,0.0,0,10,4,40.0,0,4.0,8.0,,,76.0,250.0,28.121999999999996,4.0,Iowa,2017.0,2017.0,SF,146.0,-7.0,0.25641027
2021,9,00-0033288,G.Kittle,TE,SF,ARI,0,0,0.0,0,0.0,0.0,0.0,0,0.0,0,8,6,101.0,1,14.1,20.1,,,76.0,250.0,28.121999999999996,4.0,Iowa,2017.0,2017.0,SF,146.0,-14.0,0.20512821
2021,10,00-0033288,G.Kittle,TE,SF,LA,0,0,0.0,0,0.0,0.0,0.0,0,0.0,0,7,5,50.0,1,11.0,16.0,,,76.0,250.0,28.121999999999996,4.0,Iowa,2017.0,2017.0,SF,146.0,21.0,0.36842105
2021,11,00-0033288,G.Kittle,TE,SF,JAX,0,0,0.0,0,0.0,0.0,0.0,0,0.0,0,4,4,34.0,1,9.4,13.4,,,76.0,250.0,28.121999999999996,4.0,Iowa,2017.0,2017.0,SF,146.0,,0.2
2021,12,00-0033288,G.Kittle,TE,SF,MIN,0,0,0.0,0,0.0,0.0,0.0,0,0.0,0,2,1,13.0,0,1.3,2.3,,,76.0,250.0,28.121999999999996,4.0,Iowa,2017.0,2017.0,SF,146.0,8.0,0.07692308
2021,13,00-0033288,G.Kittle,TE,SF,SEA,0,0,0.0,0,0.0,0.0,0.0,1,5.0,0,12,9,181.0,2,30.6,39.6,,,76.0,250.0,28.121999999999996,4.0,Iowa,2017.0,2017.0,SF,146.0,,0.4
2021,14,00-0033288,G.Kittle,TE,SF,CIN,0,0,0.0,0,0.0,0.0,0.0,0,0.0,0,15,13,151.0,1,21.1,34.1,,,76.0,250.0,28.121999999999996,4.0,Iowa,2017.0,2017.0,SF,146.0,,0.4054054
2021,15,00-0033288,G.Kittle,TE,SF,ATL,0,0,0.0,0,0.0,0.0,0.0,0,0.0,0,6,6,93.0,0,9.3,15.3,,,76.0,250.0,28.121999999999996,4.0,Iowa,2017.0,2017.0,SF,146.0,18.0,0.25
2021,16,00-0033288,G.Kittle,TE,SF,TEN,0,0,0.0,0,0.0,0.0,0.0,0,0.0,0,3,2,21.0,0,2.1,4.1,,,76.0,250.0,28.121999999999996,4.0,Iowa,2017.0,2017.0,SF,146.0,,0.08571429
2021,17,00-0033288,G.Kittle,TE,SF,HOU,0,0,0.0,0,0.0,0.0,0.0,1,6.0,0,2,1,29.0,0,3.5,4.5,,,76.0,250.0,28.121999999999996,4.0,Iowa,2017.0,2017.0,SF,146.0,16.0,0.08695652
2021,18,00-0033288,G.Kittle,TE,SF,LA,0,0,0.0,0,0.0,0.0,0.0,0,0.0,0,7,5,10.0,0,1.0,6.0,,,76.0,250.0,28.121999999999996,4.0,Iowa,2017.0,2017.0,SF,146.0,,0.21875
2021,19,00-0033288,G.Kittle,TE,SF,DAL,0,0,0.0,0,0.0,0.0,0.0,0,0.0,0,3,1,18.0,0,1.8,2.8,,,76.0,250.0,28.121999999999996,4.0,Iowa,2017.0,2017.0,SF,146.0,,0.12
2021,20,00-0033288,G.Kittle,TE,SF,GB,0,0,0.0,0,0.0,0.0,0.0,0,0.0,0,6,4,63.0,0,6.3,10.3,,,76.0,250.0,28.121999999999996,4.0,Iowa,2017.0,2017.0,SF,146.0,,0.33333334
2021,21,00-0033288,G.Kittle,TE,SF,LA,0,0,0.0,0,0.0,0.0,0.0,0,0.0,0,5,2,27.0,1,8.7,10.7,,,76.0,250.0,28.121999999999996,4.0,Iowa,2017.0,2017.0,SF,146.0,,0.1724138
2021,18,00-0033292,T.Taylor,WR,CIN,CLE,0,0,0.0,0,0.0,0.0,0.0,0,0.0,0,3,2,41.0,0,4.1,6.1,,,68.0,181.0,27.57319047619048,4.0,Louisiana Tech,2017.0,2017.0,SF,177.0,,0.10344828
2021,21,00-0033292,T.Taylor,WR,CIN,KC,0,0,0.0,0,0.0,0.0,0.0,0,0.0,0,0,0,0.0,0,2.0,2.0,,,68.0,181.0,27.57319047619048,4.0,Louisiana Tech,2017.0,2017.0,SF,177.0,,
2021,1,00-0033293,A.Jones,RB,GB,NO,0,0,0.0,0,0.0,0.0,0.0,5,9.0,0,2,2,13.0,0,2.2,4.2,,,69.0,208.0,26.948722222222223,4.0,Texas-El Paso,2017.0,2017.0,GB,182.0,,0.060606062
2021,2,00-0033293,A.Jones,RB,GB,DET,0,0,0.0,0,0.0,0.0,0.0,17,67.0,1,6,6,48.0,3,35.5,41.5,,,69.0,208.0,26.948722222222223,4.0,Texas-El Paso,2017.0,2017.0,GB,182.0,18.0,0.22222222
2021,3,00-0033293,A.Jones,RB,GB,SF,0,0,0.0,0,0.0,0.0,0.0,19,82.0,1,2,2,14.0,0,15.6,17.6,,,69.0,208.0,26.948722222222223,4.0,Texas-El Paso,2017.0,2017.0,GB,182.0,,0.06451613
2021,4,00-0033293,A.Jones,RB,GB,PIT,0,0,0.0,0,0.0,0.0,0.0,15,48.0,0,4,3,51.0,0,7.9,10.9,,,69.0,208.0,26.948722222222223,4.0,Texas-El Paso,2017.0,2017.0,GB,182.0,10.0,0.114285715
2021,5,00-0033293,A.Jones,RB,GB,CIN,0,0,0.0,0,0.0,0.0,0.0,14,103.0,0,5,4,6.0,0,10.9,14.9,,,69.0,208.0,26.948722222222223,4.0,Texas-El Paso,2017.0,2017.0,GB,182.0,,0.14285715
2021,6,00-0033293,A.Jones,RB,GB,CHI,0,0,0.0,0,0.0,0.0,0.0,13,76.0,0,4,4,34.0,1,17.0,21.0,,,69.0,208.0,26.948722222222223,4.0,Texas-El Paso,2017.0,2017.0,GB,182.0,,0.1904762
2021,7,00-0033293,A.Jones,RB,GB,WAS,0,0,0.0,0,0.0,0.0,0.0,6,19.0,0,5,5,20.0,0,3.9,8.9,,,69.0,208.0,26.948722222222223,4.0,Texas-El Paso,2017.0,2017.0,GB,182.0,14.0,0.14705883
2021,8,00-0033293,A.Jones,RB,GB,ARI,0,0,0.0,0,0.0,0.0,0.0,15,59.0,1,11,7,51.0,0,17.0,24.0,,,69.0,208.0,26.948722222222223,4.0,Texas-El Paso,2017.0,2017.0,GB,182.0,,0.31428573
2021,9,00-0033293,A.Jones,RB,GB,KC,0,0,0.0,0,0.0,0.0,0.0,12,53.0,0,2,0,0.0,0,5.3,5.3,,,69.0,208.0,26.948722222222223,4.0,Texas-El Paso,2017.0,2017.0,GB,182.0,,0.0625
2021,10,00-0033293,A.Jones,RB,GB,SEA,0,0,0.0,0,0.0,0.0,0.0,7,25.0,0,6,4,61.0,0,8.6,12.6,,,69.0,208.0,26.948722222222223,4.0,Texas-El Paso,2017.0,2017.0,GB,182.0,17.0,0.17142858
2021,12,00-0033293,A.Jones,RB,GB,LA,0,0,0.0,0,0.0,0.0,0.0,10,23.0,0,1,0,0.0,0,2.3,2.3,,,69.0,208.0,26.948722222222223,4.0,Texas-El Paso,2017.0,2017.0,GB,182.0,8.0,0.022727273
2021,14,00-0033293,A.Jones,RB,GB,CHI,0,0,0.0,0,0.0,0.0,0.0,5,35.0,1,3,3,30.0,1,18.5,21.5,,,69.0,208.0,26.948722222222223,4.0,Texas-El Paso,2017.0,2017.0,GB,182.0,15.0,0.08571429
2021,15,00-0033293,A.Jones,RB,GB,BAL,0,0,0.0,0,0.0,0.0,0.0,13,58.0,0,2,2,12.0,1,13.0,15.0,,,69.0,208.0,26.948722222222223,4.0,Texas-El Paso,2017.0,2017.0,GB,182.0,,0.06451613
2021,16,00-0033293,A.Jones,RB,GB,CLE,0,0,0.0,0,0.0,0.0,0.0,12,66.0,0,6,5,21.0,0,8.7,13.7,,,69.0,208.0,26.948722222222223,4.0,Texas-El Paso,2017.0,2017.0,GB,182.0,2.0,0.1764706
2021,17,00-0033293,A.Jones,RB,GB,MIN,0,0,0.0,0,0.0,0.0,0.0,8,76.0,0,6,5,30.0,0,10.6,15.6,,,69.0,208.0,26.948722222222223,4.0,Texas-El Paso,2017.0,2017.0,GB,182.0,27.0,0.14285715
2021,20,00-0033293,A.Jones,RB,GB,SF,0,0,0.0,0,0.0,0.0,0.0,12,41.0,0,10,9,129.0,0,17.0,26.0,,,69.0,208.0,26.948722222222223,4.0,Texas-El Paso,2017.0,2017.0,GB,182.0,-3.0,0.37037036
2021,3,00-0033296,A.Armah,RB,NO,NE,0,0,0.0,0,0.0,0.0,0.0,1,5.0,0,0,0,0.0,0,0.5,0.5,,,74.0,255.0,27.490058823529413,4.0,West Georgia,2017.0,2017.0,CAR,192.0,,
2021,4,00-0033296,A.Armah,RB,NO,NYG,0,0,0.0,0,0.0,0.0,0.0,1,2.0,0,0,0,0.0,0,0.2,0.2,,,74.0,255.0,27.490058823529413,4.0,West Georgia,2017.0,2017.0,CAR,192.0,-6.0,
2021,7,00-0033296,A.Armah,RB,NO,SEA,0,0,0.0,0,0.0,0.0,0.0,1,2.0,0,0,0,0.0,0,0.2,0.2,,,74.0,255.0,27.490058823529413,4.0,West Georgia,2017.0,2017.0,CAR,192.0,,
2021,8,00-0033296,A.Armah,RB,NO,TB,0,0,0.0,0,0.0,0.0,0.0,0,0.0,0,1,1,1.0,1,6.1,7.1,,,74.0,255.0,27.490058823529413,4.0,West Georgia,2017.0,2017.0,CAR,192.0,9.0,0.028571429
2021,9,00-0033296,A.Armah,RB,NO,ATL,0,0,0.0,0,0.0,0.0,0.0,2,12.0,0,0,0,0.0,0,1.2,1.2,,,74.0,255.0,27.490058823529413,4.0,West Georgia,2017.0,2017.0,CAR,192.0,-2.0,
2021,16,00-0033300,C.McDermott,T,NYJ,JAX,0,0,0.0,0,0.0,0.0,0.0,0,0.0,0,1,1,1.0,1,6.1,7.1,,,80.0,305.0,29.06435294117647,4.0,UCLA,2017.0,2017.0,NE,211.0,5.0,0.04761905
2021,1,00-0033307,K.Bourne,WR,NE,MIA,0,0,0.0,0,0.0,0.0,0.0,0,0.0,0,3,1,17.0,0,1.7,2.7,,,73.0,203.0,26.275777777777776,4.0,Eastern Washington,2017.0,2017.0,,,-1.0,0.078947365
2021,2,00-0033307,K.Bourne,WR,NE,NYJ,0,0,0.0,0,0.0,0.0,0.0,1,16.0,0,3,2,10.0,0,2.6,4.6,,,73.0,203.0,26.275777777777776,4.0,Eastern Washington,2017.0,2017.0,,,,0.10714286
2021,3,00-0033307,K.Bourne,WR,NE,NO,0,0,0.0,0,0.0,0.0,0.0,0,0.0,0,8,6,96.0,1,15.6,21.6,,,73.0,203.0,26.275777777777776,4.0,Eastern Washington,2017.0,2017.0,,,-15.0,0.15686275
2021,4,00-0033307,K.Bourne,WR,NE,TB,0,0,0.0,0,0.0,0.0,0.0,0,0.0,0,5,5,58.0,0,5.8,10.8,,,73.0,203.0,26.275777777777776,4.0,Eastern Washington,2017.0,2017.0,,,-2.0,0.11904762
2021,5,00-0033307,K.Bourne,WR,NE,HOU,0,0,0.0,0,0.0,0.0,0.0,1,12.0,0,3,3,26.0,0,3.8,6.8,,,73.0,203.0,26.275777777777776,4.0,Eastern Washington,2017.0,2017.0,,,,0.10714286
2021,6,00-0033307,K.Bourne,WR,NE,DAL,0,0,0.0,0,0.0,0.0,0.0,0,0.0,0,2,1,75.0,1,13.5,14.5,,,73.0,203.0,26.275777777777776,4.0,Eastern Washington,2017.0,2017.0,,,-6.0,0.0952381
2021,7,00-0033307,K.Bourne,WR,NE,NYJ,1,1,25.0,1,0.0,0.0,-0.0,0,0.0,0,4,4,68.0,0,11.8,15.8,,,73.0,203.0,26.275777777777776,4.0,Eastern Washington,2017.0,2017.0,,,41.0,0.1
2021,8,00-0033307,K.Bourne,WR,NE,LAC,0,0,0.0,0,0.0,0.0,0.0,0,0.0,0,7,4,38.0,0,1.8,5.8,,,73.0,203.0,26.275777777777776,4.0,Eastern Washington,2017.0,2017.0,,,,0.20588236
2021,9,00-0033307,K.Bourne,WR,NE,CAR,0,0,0.0,0,0.0,0.0,0.0,0,0.0,0,4,3,34.0,0,3.4,6.4,,,73.0,203.0,26.275777777777776,4.0,Eastern Washington,2017.0,2017.0,,,,0.22222222
2021,10,00-0033307,K.Bourne,WR,NE,CLE,0,0,0.0,0,0.0,0.0,0.0,3,43.0,0,4,4,98.0,1,20.1,24.1,,,73.0,203.0,26.275777777777776,4.0,Eastern Washington,2017.0,2017.0,,,38.0,0.16
2021,11,00-0033307,K.Bourne,WR,NE,ATL,0,0,0.0,0,0.0,0.0,0.0,1,7.0,0,4,4,42.0,0,4.9,8.9,,,73.0,203.0,26.275777777777776,4.0,Eastern Washington,2017.0,2017.0,,,,0.15384616
2021,12,00-0033307,K.Bourne,WR,NE,TEN,0,0,0.0,0,0.0,0.0,0.0,0,0.0,0,6,5,61.0,2,18.1,23.1,,,73.0,203.0,26.275777777777776,4.0,Eastern Washington,2017.0,2017.0,,,23.0,0.1875
2021,13,00-0033307,K.Bourne,WR,NE,BUF,0,0,0.0,0,0.0,0.0,0.0,1,3.0,0,0,0,0.0,0,0.3,0.3,,,73.0,203.0,26.275777777777776,4.0,Eastern Washington,2017.0,2017.0,,,,
2021,15,00-0033307,K.Bourne,WR,NE,IND,0,0,0.0,0,0.0,0.0,0.0,2,19.0,0,3,3,44.0,0,6.3,9.3,,,73.0,203.0,26.275777777777776,4.0,Eastern Washington,2017.0,2017.0,,,,0.06818182
2021,16,00-0033307,K.Bourne,WR,NE,BUF,0,0,0.0,0,0.0,0.0,0.0,0,0.0,0,4,2,33.0,0,3.3,5.3,,,73.0,203.0,26.275777777777776,4.0,Eastern Washington,2017.0,2017.0,,,-12.0,0.12903225
2021,17,00-0033307,K.Bourne,WR,NE,JAX,0,0,0.0,0,0.0,0.0,0.0,2,17.0,0,6,5,76.0,0,9.3,14.3,,,73.0,203.0,26.275777777777776,4.0,Eastern Washington,2017.0,2017.0,,,40.0,0.18181819
2021,18,00-0033307,K.Bourne,WR,NE,MIA,0,0,0.0,0,0.0,0.0,0.0,1,8.0,0,4,3,24.0,0,3.2,6.2,,,73.0,203.0,26.275777777777776,4.0,Eastern Washington,2017.0,2017.0,,,,0.13333334
2021,19,00-0033307,K.Bourne,WR,NE,BUF,0,0,0.0,0,0.0,0.0,0.0,1,14.0,0,8,7,77.0,2,21.1,28.1,,,73.0,203.0,26.275777777777776,4.0,Eastern Washington,2017.0,2017.0,,,,0.22857143
2021,1,00-0033308,M.Breida,RB,BUF,PIT,0,0,0.0,0,0.0,0.0,0.0,4,4.0,0,0,0,0.0,0,0.4,0.4,,,70.0,190.0,26.72326315789474,4.0,Georgia Southern,2017.0,2017.0,,,-7.0,
2021,10,00-0033308,M.Breida,RB,BUF,NYJ,0,0,0.0,0,0.0,0.0,0.0,3,28.0,1,3,3,22.0,1,15.0,18.0,,,70.0,190.0,26.72326315789474,4.0,Georgia Southern,2017.0,2017.0,,,,0.10714286
2021,11,00-0033308,M.Breida,RB,BUF,IND,0,0,0.0,0,0.0,0.0,0.0,5,51.0,0,2,1,16.0,0,6.7,7.7,,,70.0,190.0,26.72326315789474,4.0,Georgia Southern,2017.0,2017.0,,,-26.0,0.051282052
2021,12,00-0033308,M.Breida,RB,BUF,NO,0,0,0.0,0,0.0,0.0,0.0,9,26.0,0,2,2,29.0,1,11.5,13.5,,,70.0,190.0,26.72326315789474,4.0,Georgia Southern,2017.0,2017.0,,,,0.07692308
2021,13,00-0033308,M.Breida,RB,BUF,NE,0,0,0.0,0,0.0,0.0,0.0,1,3.0,0,1,1,5.0,0,0.8,1.8,,,70.0,190.0,26.72326315789474,4.0,Georgia Southern,2017.0,2017.0,,,-4.0,0.033333335
2021,14,00-0033308,M.Breida,RB,BUF,TB,0,0,0.0,0,0.0,0.0,0.0,3,12.0,0,1,0,0.0,0,1.2,1.2,,,70.0,190.0,26.72326315789474,4.0,Georgia Southern,2017.0,2017.0,,,,0.019607844
2021,15,00-0033308,M.Breida,RB,BUF,CAR,0,0,0.0,0,0.0,0.0,0.0,1,1.0,0,0,0,0.0,0,0.1,0.1,,,70.0,190.0,26.72326315789474,4.0,Georgia Southern,2017.0,2017.0,,,17.0,
2021,15,00-0033319,N.Mullens,QB,CLE,LV,20,30,147.0,1,0.0,0.0,-0.0,0,0.0,0,0,0,0.0,0,9.88,9.88,,,73.0,210.0,26.639117647058825,4.0,Southern Mississippi,2017.0,2017.0,,,-2.0,
2021,2,00-0033338,C.Carter,TE,MIA,BUF,0,0,0.0,0,0.0,0.0,0.0,0,0.0,0,1,1,8.0,0,0.8,1.8,,,75.0,248.0,26.178117647058826,4.0,Nebraska,2017.0,2017.0,,,-35.0,0.023809524
2021,6,00-0033338,C.Carter,TE,MIA,JAX,0,0,0.0,0,0.0,0.0,0.0,0,0.0,0,1,1,8.0,0,0.8,1.8,,,75.0,248.0,26.178117647058826,4.0,Nebraska,2017.0,2017.0,,,,0.021276595
2021,1,00-0033357,T.Hill,QB,NO,GB,1,1,3.0,0,0.0,0.0,-0.0,2,1.0,0,0,0,0.0,0,0.22,0.22,,,74.0,221.0,31.221705882352943,4.0,Brigham Young,2017.0,2017.0,,,35.0,
2021,2,00-0033357,T.Hill,QB,NO,CAR,0,0,0.0,0,0.0,0.0,0.0,2,16.0,0,0,0,0.0,0,1.6,1.6,,,74.0,221.0,31.221705882352943,4.0,Brigham Young,2017.0,2017.0,,,,
2021,3,00-0033357,T.Hill,QB,NO,NE,0,0,0.0,0,0.0,0.0,0.0,6,32.0,1,0,0,0.0,0,9.2,9.2,,,74.0,221.0,31.221705882352943,4.0,Brigham Young,2017.0,2017.0,,,,
2021,4,00-0033357,T.Hill,QB,NO,NYG,2,3,9.0,0,1.0,0.0,-0.0,6,28.0,2,2,2,26.0,0,15.76,17.76,,,74.0,221.0,31.221705882352943,4.0,Brigham Young,2017.0,2017.0,,,-6.0,0.07692308
2021,5,00-0033357,T.Hill,QB,NO,WAS,0,0,0.0,0,0.0,0.0,0.0,0,0.0,0,2,1,11.0,0,1.1,2.1,,,74.0,221.0,31.221705882352943,4.0,Brigham Young,2017.0,2017.0,,,,0.071428575
2021,9,00-0033357,T.Hill,QB,NO,ATL,2,2,33.0,0,0.0,0.0,-0.0,1,4.0,0,0,0,0.0,0,1.72,1.72,,,74.0,221.0,31.221705882352943,4.0,Brigham Young,2017.0,2017.0,,,-2.0,
2021,10,00-0033357,T.Hill,QB,NO,TEN,2,2,11.0,0,0.0,0.0,-0.0,3,23.0,0,2,1,15.0,0,4.24,5.24,,,74.0,221.0,31.221705882352943,4.0,Brigham Young,2017.0,2017.0,,,,0.057142857
2021,13,00-0033357,T.Hill,QB,NO,DAL,19,41,264.0,2,4.0,2.0,12.0,11,101.0,0,0,0,0.0,0,20.66,20.66,,,74.0,221.0,31.221705882352943,4.0,Brigham Young,2017.0,2017.0,,,-10.0,
2021,14,00-0033357,T.Hill,QB,NO,NYJ,15,21,175.0,0,0.0,3.0,34.0,11,73.0,2,0,0,0.0,0,26.3,26.3,,,74.0,221.0,31.221705882352943,4.0,Brigham Young,2017.0,2017.0,,,,
2021,15,00-0033357,T.Hill,QB,NO,TB,13,27,154.0,0,0.0,2.0,3.0,11,33.0,0,0,0,0.0,0,9.46,9.46,,,74.0,221.0,31.221705882352943,4.0,Brigham Young,2017.0,2017.0,,,,
2021,17,00-0033357,T.Hill,QB,NO,CAR,17,28,222.0,1,0.0,2.0,15.0,12,45.0,0,0,0,0.0,0,17.38,17.38,,,74.0,221.0,31.221705882352943,4.0,Brigham Young,2017.0,2017.0,,,8.0,
2021,18,00-0033357,T.Hill,QB,NO,ATL,7,9,107.0,1,0.0,0.0,-0.0,5,18.0,0,0,0,0.0,0,10.08,10.08,,,74.0,221.0,31.221705882352943,4.0,Brigham Young,2017.0,2017.0,,,,
2021,1,00-0033367,C.Board,WR,NYG,DEN,0,0,0.0,0,0.0,0.0,0.0,0,0.0,0,1,1,6.0,0,0.6,1.6,,,73.0,180.0,27.91305882352941,4.0,Chattanooga,2017.0,2017.0,,,-14.0,0.027777778
2021,2,00-0033367,C.Board,WR,NYG,WAS,0,0,0.0,0,0.0,0.0,0.0,1,6.0,0,0,0,0.0,0,0.6,0.6,,,73.0,180.0,27.91305882352941,4.0,Chattanooga,2017.0,2017.0,,,,
2021,3,00-0033367,C.Board,WR,NYG,ATL,0,0,0.0,0,0.0,0.0,0.0,0,0.0,0,2,1,38.0,0,3.8,4.8,,,73.0,180.0,27.91305882352941,4.0,Chattanooga,2017.0,2017.0,,,-3.0,0.057142857
2021,5,00-0033367,C.Board,WR,NYG,DAL,0,0,0.0,0,0.0,0.0,0.0,0,0.0,0,3,2,7.0,0,0.7,2.7,,,73.0,180.0,27.91305882352941,4.0,Chattanooga,2017.0,2017.0,,,,0.08108108
2021,1,00-0033375,T.Patrick,WR,DEN,NYG,0,0,0.0,0,0.0,0.0,0.0,0,0.0,0,4,4,39.0,1,9.9,13.9,,,76.0,212.0,27.963470588235296,4.0,Utah,2017.0,2017.0,,,,0.114285715
2021,2,00-0033375,T.Patrick,WR,DEN,JAX,0,0,0.0,0,0.0,0.0,0.0,0,0.0,0,4,3,37.0,1,9.7,12.7,,,76.0,212.0,27.963470588235296,4.0,Utah,2017.0,2017.0,,,,0.11764706
2021,3,00-0033375,T.Patrick,WR,DEN,NYJ,0,0,0.0,0,0.0,0.0,0.0,0,0.0,0,5,5,98.0,0,9.8,14.8,,,76.0,212.0,27.963470588235296,4.0,Utah,2017.0,2017.0,,,26.0,0.20833333
2021,4,00-0033375,T.Patrick,WR,DEN,BAL,0,0,0.0,0,0.0,0.0,0.0,0,0.0,0,6,3,39.0,0,3.9,6.9,,,76.0,212.0,27.963470588235296,4.0,Utah,2017.0,2017.0,,,-16.0,0.16216215
2021,5,00-0033375,T.Patrick,WR,DEN,PIT,0,0,0.0,0,0.0,0.0,0.0,0,0.0,0,9,7,89.0,0,8.9,15.9,,,76.0,212.0,27.963470588235296,4.0,Utah,2017.0,2017.0,,,,0.25714287
2021,6,00-0033375,T.Patrick,WR,DEN,LV,0,0,0.0,0,0.0,0.0,0.0,0,0.0,0,6,3,42.0,1,10.2,13.2,,,76.0,212.0,27.963470588235296,4.0,Utah,2017.0,2017.0,,,-10.0,0.125
2021,7,00-0033375,T.Patrick,WR,DEN,CLE,0,0,0.0,0,0.0,0.0,0.0,0,0.0,0,5,2,16.0,0,1.6,3.6,,,76.0,212.0,27.963470588235296,4.0,Utah,2017.0,2017.0,,,,0.15625
2021,8,00-0033375,T.Patrick,WR,DEN,WAS,0,0,0.0,0,0.0,0.0,0.0,0,0.0,0,3,3,64.0,0,6.4,9.4,,,76.0,212.0,27.963470588235296,4.0,Utah,2017.0,2017.0,,,7.0,0.12
2021,9,00-0033375,T.Patrick,WR,DEN,DAL,0,0,0.0,0,0.0,0.0,0.0,0,0.0,0,5,4,85.0,1,14.5,18.5,,,76.0,212.0,27.963470588235296,4.0,Utah,2017.0,2017.0,,,,0.20833333
2021,10,00-0033375,T.Patrick,WR,DEN,PHI,0,0,0.0,0,0.0,0.0,0.0,0,0.0,0,6,3,14.0,0,1.4,4.4,,,76.0,212.0,27.963470588235296,4.0,Utah,2017.0,2017.0,,,-17.0,0.1764706
2021,12,00-0033375,T.Patrick,WR,DEN,LAC,0,0,0.0,0,0.0,0.0,0.0,0,0.0,0,3,2,26.0,0,2.6,4.6,,,76.0,212.0,27.963470588235296,4.0,Utah,2017.0,2017.0,,,15.0,0.13043478
2021,13,00-0033375,T.Patrick,WR,DEN,KC,0,0,0.0,0,0.0,0.0,0.0,0,0.0,0,5,1,9.0,0,0.9,1.9,,,76.0,212.0,27.963470588235296,4.0,Utah,2017.0,2017.0,,,,0.1388889
2021,14,00-0033375,T.Patrick,WR,DEN,DET,0,0,0.0,0,0.0,0.0,0.0,0,0.0,0,5,2,21.0,0,2.1,4.1,,,76.0,212.0,27.963470588235296,4.0,Utah,2017.0,2017.0,,,28.0,0.2
2021,15,00-0033375,T.Patrick,WR,DEN,CIN,0,0,0.0,0,0.0,0.0,0.0,0,0.0,0,5,3,42.0,1,10.2,13.2,,,76.0,212.0,27.963470588235296,4.0,Utah,2017.0,2017.0,,,-5.0,0.15625
2021,16,00-0033375,T.Patrick,WR,DEN,LV,0,0,0.0,0,0.0,0.0,0.0,0,0.0,0,4,2,18.0,0,1.8,3.8,,,76.0,212.0,27.963470588235296,4.0,Utah,2017.0,2017.0,,,,0.18181819
2021,18,00-0033375,T.Patrick,WR,DEN,KC,0,0,0.0,0,0.0,0.0,0.0,0,0.0,0,10,6,95.0,0,9.5,15.5,,,76.0,212.0,27.963470588235296,4.0,Utah,2017.0,2017.0,,,-4.0,0.41666666
2021,1,00-0033376,P.Ricard,FB,BAL,LV,0,0,0.0,0,0.0,0.0,0.0,0,0.0,0,3,2,15.0,0,1.5,3.5,,,75.0,311.0,27.460882352941177,4.0,Maine,2017.0,2017.0,,,,0.10344828
2021,2,00-0033376,P.Ricard,FB,BAL,KC,0,0,0.0,0,0.0,0.0,0.0,1,2.0,0,0,0,0.0,0,0.2,0.2,,,75.0,311.0,27.460882352941177,4.0,Maine,2017.0,2017.0,,,1.0,
2021,4,00-0033376,P.Ricard,FB,BAL,DEN,0,0,0.0,0,0.0,0.0,0.0,0,0.0,0,1,1,4.0,0,0.4,1.4,,,75.0,311.0,27.460882352941177,4.0,Maine,2017.0,2017.0,,,,0.028571429
2021,9,00-0033376,P.Ricard,FB,BAL,MIN,0,0,0.0,0,0.0,0.0,0.0,0,0.0,0,5,3,35.0,1,9.5,12.5,,,75.0,311.0,27.460882352941177,4.0,Maine,2017.0,2017.0,,,3.0,0.12195122
2021,11,00-0033376,P.Ricard,FB,BAL,CHI,0,0,0.0,0,0.0,0.0,0.0,1,2.0,0,1,0,0.0,0,0.2,0.2,,,75.0,311.0,27.460882352941177,4.0,Maine,2017.0,2017.0,,,,0.027777778
2021,12,00-0033376,P.Ricard,FB,BAL,CLE,0,0,0.0,0,0.0,0.0,0.0,0,0.0,0,2,1,0.0,0,0.0,1.0,,,75.0,311.0,27.460882352941177,4.0,Maine,2017.0,2017.0,,,6.0,0.0625
2021,13,00-0033376,P.Ricard,FB,BAL,PIT,0,0,0.0,0,0.0,0.0,0.0,0,0.0,0,1,1,9.0,0,0.9,1.9,,,75.0,311.0,27.460882352941177,4.0,Maine,2017.0,2017.0,,,,0.027027028
2021,12,00-0033386,C.Hollister,WR,TEN,NE,0,0,0.0,0,0.0,0.0,0.0,0,0.0,0,4,2,22.0,0,2.2,4.2,,,76.0,209.0,28.090625,4.0,Arkansas,2017.0,2017.0,,,,0.1904762
2021,14,00-0033386,C.Hollister,WR,TEN,JAX,0,0,0.0,0,0.0,0.0,0.0,0,0.0,0,1,1,6.0,0,0.6,1.6,,,76.0,209.0,28.090625,4.0,Arkansas,2017.0,2017.0,,,20.0,0.033333335
2021,15,00-0033386,C.Hollister,WR,TEN,PIT,0,0,0.0,0,0.0,0.0,0.0,0,0.0,0,2,1,5.0,0,0.5,1.5,,,76.0,209.0,28.090625,4.0,Arkansas,2017.0,2017.0,,,,0.0625
2021,3,00-0033387,J.Hollister,TE,JAX,ARI,0,0,0.0,0,0.0,0.0,0.0,0,0.0,0,6,2,15.0,0,1.5,3.5,,,76.0,245.0,27.981823529411763,4.0,Wyoming,2017.0,2017.0,,,-12.0,0.1875
2021,4,00-0033387,J.Hollister,TE,JAX,CIN,0,0,0.0,0,0.0,0.0,0.0,0,0.0,0,1,1,5.0,0,0.5,1.5,,,76.0,245.0,27.981823529411763,4.0,Wyoming,2017.0,2017.0,,,,0.045454547
2021,5,00-0033387,J.Hollister,TE,JAX,TEN,0,0,0.0,0,0.0,0.0,0.0,0,0.0,0,1,1,1.0,1,6.1,7.1,,,76.0,245.0,27.981823529411763,4.0,Wyoming,2017.0,2017.0,,,-18.0,0.030303031
2021,6,00-0033387,J.Hollister,TE,JAX,MIA,0,0,0.0,0,0.0,0.0,0.0,0,0.0,0,1,0,0.0,0,0.0,0.0,,,76.0,245.0,27.981823529411763,4.0,Wyoming,2017.0,2017.0,,,3.0,0.025
2021,16,00-0033387,J.Hollister,TE,JAX,NYJ,0,0,0.0,0,0.0,0.0,0.0,0,0.0,0,2,2,20.0,0,2.0,4.0,,,76.0,245.0,27.981823529411763,4.0,Wyoming,2017.0,2017.0,,,,0.057142857
2021,18,00-0033387,J.Hollister,TE,JAX,IND,0,0,0.0,0,0.0,0.0,0.0,0,0.0,0,3,3,14.0,0,1.4,4.4,,,76.0,245.0,27.981823529411763,4.0,Wyoming,2017.0,2017.0,,,15.0,0.09375
2021,5,00-0033421,A.Auclair,TE,HOU,NE,0,0,0.0,0,0.0,0.0,0.0,0,0.0,0,1,1,11.0,1,7.1,8.1,,,78.0,256.0,28.454823529411765,4.0,"Laval, Can.",2017.0,2017.0,,,-3.0,0.037037037
2021,9,00-0033421,A.Auclair,TE,HOU,MIA,0,0,0.0,0,0.0,0.0,0.0,0,0.0,0,2,2,23.0,0,2.3,4.3,,,78.0,256.0,28.454823529411765,4.0,"Laval, Can.",2017.0,2017.0,,,,0.05
2021,14,00-0033421,A.Auclair,TE,HOU,SEA,0,0,0.0,0,0.0,0.0,0.0,0,0.0,0,1,1,6.0,0,0.6,1.6,,,78.0,256.0,28.454823529411765,4.0,"Laval, Can.",2017.0,2017.0,,,-20.0,0.020833334
2021,18,00-0033421,A.Auclair,TE,HOU,TEN,0,0,0.0,0,0.0,0.0,0.0,0,0.0,0,1,1,7.0,0,0.7,1.7,,,78.0,256.0,28.454823529411765,4.0,"Laval, Can.",2017.0,2017.0,,,-3.0,0.03125
2021,1,00-0033439,P.Brown,TE,HOU,JAX,0,0,0.0,0,0.0,0.0,0.0,0,0.0,0,5,4,67.0,0,6.7,10.7,,,78.0,258.0,27.521117647058823,4.0,Oregon,2017.0,2017.0,,,16.0,0.15625
2021,2,00-0033439,P.Brown,TE,HOU,CLE,0,0,0.0,0,0.0,0.0,0.0,0,0.0,0,1,0,0.0,0,0.0,0.0,,,78.0,258.0,27.521117647058823,4.0,Oregon,2017.0,2017.0,,,,0.035714287
2021,4,00-0033439,P.Brown,TE,HOU,BUF,0,0,0.0,0,0.0,0.0,0.0,0,0.0,0,2,1,6.0,0,0.6,1.6,,,78.0,258.0,27.521117647058823,4.0,Oregon,2017.0,2017.0,,,,0.1
2021,5,00-0033439,P.Brown,TE,HOU,NE,0,0,0.0,0,0.0,0.0,0.0,0,0.0,0,4,2,22.0,0,2.2,4.2,,,78.0,258.0,27.521117647058823,4.0,Oregon,2017.0,2017.0,,,-3.0,0.14814815
2021,6,00-0033439,P.Brown,TE,HOU,IND,0,0,0.0,0,0.0,0.0,0.0,0,0.0,0,3,2,8.0,0,0.8,2.8,,,78.0,258.0,27.521117647058823,4.0,Oregon,2017.0,2017.0,,,,0.071428575
2021,7,00-0033439,P.Brown,TE,HOU,ARI,0,0,0.0,0,0.0,0.0,0.0,0,0.0,0,3,3,11.0,0,1.1,4.1,,,78.0,258.0,27.521117647058823,4.0,Oregon,2017.0,2017.0,,,,0.09677419
2021,11,00-0033439,P.Brown,TE,HOU,TEN,0,0,0.0,0,0.0,0.0,0.0,0,0.0,0,4,2,10.0,0,1.0,3.0,,,78.0,258.0,27.521117647058823,4.0,Oregon,2017.0,2017.0,,,,0.17391305
2021,12,00-0033439,P.Brown,TE,HOU,NYJ,0,0,0.0,0,0.0,0.0,0.0,0,0.0,0,1,0,0.0,0,0.0,0.0,,,78.0,258.0,27.521117647058823,4.0,Oregon,2017.0,2017.0,,,-7.0,0.03846154
2021,13,00-0033439,P.Brown,TE,HOU,IND,0,0,0.0,0,0.0,0.0,0.0,0,0.0,0,5,4,23.0,0,0.3,4.3,,,78.0,258.0,27.521117647058823,4.0,Oregon,2017.0,2017.0,,,-31.0,0.1923077
2021,15,00-0033439,P.Brown,TE,HOU,JAX,0,0,0.0,0,0.0,0.0,0.0,0,0.0,0,2,2,5.0,0,0.5,2.5,,,78.0,258.0,27.521117647058823,4.0,Oregon,2017.0,2017.0,,,,0.06666667
2021,16,00-0033439,P.Brown,TE,HOU,LAC,0,0,0.0,0,0.0,0.0,0.0,0,0.0,0,3,2,10.0,0,1.0,3.0,,,78.0,258.0,27.521117647058823,4.0,Oregon,2017.0,2017.0,,,12.0,0.11111111
2021,17,00-0033439,P.Brown,TE,HOU,SF,0,0,0.0,0,0.0,0.0,0.0,0,0.0,0,1,1,9.0,0,0.9,1.9,,,78.0,258.0,27.521117647058823,4.0,Oregon,2017.0,2017.0,,,,0.033333335
2021,1,00-0033455,A.Firkser,TE,TEN,ARI,0,0,0.0,0,0.0,0.0,0.0,0,0.0,0,4,3,19.0,0,1.9,4.9,,,74.0,246.0,26.7325,4.0,Harvard,2017.0,2017.0,,,-25.0,0.11111111
2021,4,00-0033455,A.Firkser,TE,TEN,NYJ,0,0,0.0,0,0.0,0.0,0.0,0,0.0,0,5,3,23.0,0,2.3,5.3,,,74.0,246.0,26.7325,4.0,Harvard,2017.0,2017.0,,,,0.10204082
2021,5,00-0033455,A.Firkser,TE,TEN,JAX,0,0,0.0,0,0.0,0.0,0.0,0,0.0,0,4,3,33.0,0,3.3,6.3,,,74.0,246.0,26.7325,4.0,Harvard,2017.0,2017.0,,,,0.1904762
2021,6,00-0033455,A.Firkser,TE,TEN,BUF,0,0,0.0,0,0.0,0.0,0.0,0,0.0,0,1,1,11.0,0,1.1,2.1,,,74.0,246.0,26.7325,4.0,Harvard,2017.0,2017.0,,,3.0,0.04
2021,7,00-0033455,A.Firkser,TE,TEN,KC,0,0,0.0,0,0.0,0.0,0.0,0,0.0,0,1,1,9.0,0,0.9,1.9,,,74.0,246.0,26.7325,4.0,Harvard,2017.0,2017.0,,,24.0,0.037037037
2021,8,00-0033455,A.Firkser,TE,TEN,IND,0,0,0.0,0,0.0,0.0,0.0,0,0.0,0,2,1,8.0,0,0.8,1.8,,,74.0,246.0,26.7325,4.0,Harvard,2017.0,2017.0,,,,0.0625
2021,9,00-0033455,A.Firkser,TE,TEN,LA,0,0,0.0,0,0.0,0.0,0.0,0,0.0,0,1,1,7.0,0,0.7,1.7,,,74.0,246.0,26.7325,4.0,Harvard,2017.0,2017.0,,,,0.03846154
2021,10,00-0033455,A.Firkser,TE,TEN,NO,0,0,0.0,0,0.0,0.0,0.0,0,0.0,0,2,1,2.0,0,0.2,1.2,,,74.0,246.0,26.7325,4.0,Harvard,2017.0,2017.0,,,2.0,0.074074075
2021,11,00-0033455,A.Firkser,TE,TEN,HOU,0,0,0.0,0,0.0,0.0,0.0,0,0.0,0,7,5,26.0,0,2.6,7.6,,,74.0,246.0,26.7325,4.0,Harvard,2017.0,2017.0,,,-9.0,0.13725491
2021,12,00-0033455,A.Firkser,TE,TEN,NE,0,0,0.0,0,0.0,0.0,0.0,0,0.0,0,1,1,7.0,0,0.7,1.7,,,74.0,246.0,26.7325,4.0,Harvard,2017.0,2017.0,,,,0.04761905
2021,14,00-0033455,A.Firkser,TE,TEN,JAX,0,0,0.0,0,0.0,0.0,0.0,0,0.0,0,5,4,34.0,0,3.4,7.4,,,74.0,246.0,26.7325,4.0,Harvard,2017.0,2017.0,,,20.0,0.16666667
2021,15,00-0033455,A.Firkser,TE,TEN,PIT,0,0,0.0,0,0.0,0.0,0.0,0,0.0,0,2,2,19.0,0,-0.1,1.9,,,74.0,246.0,26.7325,4.0,Harvard,2017.0,2017.0,,,,0.0625
2021,16,00-0033455,A.Firkser,TE,TEN,SF,0,0,0.0,0,0.0,0.0,0.0,0,0.0,0,1,1,13.0,0,1.3,2.3,,,74.0,246.0,26.7325,4.0,Harvard,2017.0,2017.0,,,3.0,0.033333335
2021,17,00-0033455,A.Firkser,TE,TEN,MIA,0,0,0.0,0,0.0,0.0,0.0,0,0.0,0,3,3,24.0,1,8.4,11.4,,,74.0,246.0,26.7325,4.0,Harvard,2017.0,2017.0,,,31.0,0.16666667
2021,18,00-0033455,A.Firkser,TE,TEN,HOU,0,0,0.0,0,0.0,0.0,0.0,0,0.0,0,4,4,56.0,1,11.6,15.6,,,74.0,246.0,26.7325,4.0,Harvard,2017.0,2017.0,,,,0.125
2021,20,00-0033455,A.Firkser,TE,TEN,CIN,0,0,0.0,0,0.0,0.0,0.0,0,0.0,0,1,0,0.0,0,0.0,0.0,,,74.0,246.0,26.7325,4.0,Harvard,2017.0,2017.0,,,-3.0,0.041666668
2021,4,00-0033460,J.Ross,WR,NYG,NO,0,0,0.0,0,0.0,0.0,0.0,0,0.0,0,4,3,77.0,1,13.7,16.7,,,71.0,194.0,25.955470588235293,4.0,Washington,2017.0,2017.0,CIN,9.0,,0.11111111
2021,5,00-0033460,J.Ross,WR,NYG,DAL,0,0,0.0,0,0.0,0.0,0.0,0,0.0,0,5,1,13.0,0,1.3,2.3,,,71.0,194.0,25.955470588235293,4.0,Washington,2017.0,2017.0,CIN,9.0,,0.13513513
2021,6,00-0033460,J.Ross,WR,NYG,LA,0,0,0.0,0,0.0,0.0,0.0,0,0.0,0,2,0,0.0,0,0.0,0.0,,,71.0,194.0,25.955470588235293,4.0,Washington,2017.0,2017.0,CIN,9.0,-27.0,0.041666668
2021,7,00-0033460,J.Ross,WR,NYG,CAR,0,0,0.0,0,0.0,0.0,0.0,0,0.0,0,2,2,27.0,0,2.7,4.7,,,71.0,194.0,25.955470588235293,4.0,Washington,2017.0,2017.0,CIN,9.0,22.0,0.060606062
2021,8,00-0033460,J.Ross,WR,NYG,KC,0,0,0.0,0,0.0,0.0,0.0,0,0.0,0,3,2,72.0,0,7.2,9.2,,,71.0,194.0,25.955470588235293,4.0,Washington,2017.0,2017.0,CIN,9.0,,0.09090909
2021,11,00-0033460,J.Ross,WR,NYG,TB,0,0,0.0,0,0.0,0.0,0.0,1,16.0,0,0,0,0.0,0,1.6,1.6,,,71.0,194.0,25.955470588235293,4.0,Washington,2017.0,2017.0,CIN,9.0,,
2021,12,00-0033460,J.Ross,WR,NYG,PHI,0,0,0.0,0,0.0,0.0,0.0,0,0.0,0,2,2,28.0,0,2.8,4.8,,,71.0,194.0,25.955470588235293,4.0,Washington,2017.0,2017.0,CIN,9.0,6.0,0.06896552
2021,13,00-0033460,J.Ross,WR,NYG,MIA,0,0,0.0,0,0.0,0.0,0.0,0,0.0,0,1,0,0.0,0,0.0,0.0,,,71.0,194.0,25.955470588235293,4.0,Washington,2017.0,2017.0,CIN,9.0,,0.02631579
2021,14,00-0033460,J.Ross,WR,NYG,LAC,0,0,0.0,0,0.0,0.0,0.0,0,0.0,0,1,1,7.0,0,0.7,1.7,,,71.0,194.0,25.955470588235293,4.0,Washington,2017.0,2017.0,CIN,9.0,,0.029411765
2021,1,00-0033466,I.McKenzie,WR,BUF,PIT,0,0,0.0,0,0.0,0.0,0.0,1,-3.0,0,0,0,0.0,0,-0.3,-0.3,,,68.0,173.0,26.61384210526316,4.0,Georgia,2017.0,2017.0,DEN,172.0,-7.0,
2021,2,00-0033466,I.McKenzie,WR,BUF,MIA,0,0,0.0,0,0.0,0.0,0.0,0,0.0,0,2,1,1.0,0,0.1,1.1,,,68.0,173.0,26.61384210526316,4.0,Georgia,2017.0,2017.0,DEN,172.0,,0.06896552
2021,3,00-0033466,I.McKenzie,WR,BUF,WAS,0,0,0.0,0,0.0,0.0,0.0,1,8.0,0,0,0,0.0,0,0.8,0.8,,,68.0,173.0,26.61384210526316,4.0,Georgia,2017.0,2017.0,DEN,172.0,22.0,
2021,6,00-0033466,I.McKenzie,WR,BUF,TEN,0,0,0.0,0,0.0,0.0,0.0,1,5.0,0,1,1,3.0,0,0.8,1.8,,,68.0,173.0,26.61384210526316,4.0,Georgia,2017.0,2017.0,DEN,172.0,,0.022222223
2021,9,00-0033466,I.McKenzie,WR,BUF,JAX,0,0,0.0,0,0.0,0.0,0.0,0,0.0,0,2,2,10.0,0,1.0,3.0,,,68.0,173.0,26.61384210526316,4.0,Georgia,2017.0,2017.0,DEN,172.0,,0.044444446
2021,10,00-0033466,I.McKenzie,WR,BUF,NYJ,0,0,0.0,0,0.0,0.0,0.0,2,17.0,1,3,1,12.0,0,8.9,9.9,,,68.0,173.0,26.61384210526316,4.0,Georgia,2017.0,2017.0,DEN,172.0,,0.10714286
2021,14,00-0033466,I.McKenzie,WR,BUF,TB,0,0,0.0,0,0.0,0.0,0.0,0,0.0,0,1,1,5.0,0,0.5,1.5,,,68.0,173.0,26.61384210526316,4.0,Georgia,2017.0,2017.0,DEN,172.0,,0.019607844
2021,15,00-0033466,I.McKenzie,WR,BUF,CAR,0,0,0.0,0,0.0,0.0,0.0,1,8.0,0,2,1,7.0,0,1.5,2.5,,,68.0,173.0,26.61384210526316,4.0,Georgia,2017.0,2017.0,DEN,172.0,17.0,0.06451613
2021,16,00-0033466,I.McKenzie,WR,BUF,NE,0,0,0.0,0,0.0,0.0,0.0,1,-1.0,0,12,11,125.0,1,18.4,29.4,,,68.0,173.0,26.61384210526316,4.0,Georgia,2017.0,2017.0,DEN,172.0,,0.27906978
2021,17,00-0033466,I.McKenzie,WR,BUF,ATL,0,0,0.0,0,0.0,0.0,0.0,1,3.0,0,2,1,6.0,0,0.9,1.9,,,68.0,173.0,26.61384210526316,4.0,Georgia,2017.0,2017.0,DEN,172.0,14.0,0.083333336
2021,18,00-0033466,I.McKenzie,WR,BUF,NYJ,0,0,0.0,0,0.0,0.0,0.0,1,10.0,0,1,1,9.0,0,1.9,2.9,,,68.0,173.0,26.61384210526316,4.0,Georgia,2017.0,2017.0,DEN,172.0,17.0,0.022222223
2021,19,00-0033466,I.McKenzie,WR,BUF,NE,0,0,0.0,0,0.0,0.0,0.0,3,29.0,0,3,3,45.0,0,7.4,10.4,,,68.0,173.0,26.61384210526316,4.0,Georgia,2017.0,2017.0,DEN,172.0,30.0,0.12
2021,20,00-0033466,I.McKenzie,WR,BUF,KC,0,0,0.0,0,0.0,0.0,0.0,3,15.0,0,1,1,3.0,0,1.8,2.8,,,68.0,173.0,26.61384210526316,4.0,Georgia,2017.0,2017.0,DEN,172.0,,0.027027028
2021,5,00-0033471,I.Ford,WR,MIA,TB,0,0,0.0,0,0.0,0.0,0.0,0,0.0,0,1,1,3.0,0,0.3,1.3,,,74.0,195.0,25.74823529411765,4.0,Virginia Tech,2017.0,2017.0,MIA,237.0,,0.025641026
2021,6,00-0033471,I.Ford,WR,MIA,JAX,0,0,0.0,0,0.0,0.0,0.0,0,0.0,0,1,0,0.0,0,0.0,0.0,,,74.0,195.0,25.74823529411765,4.0,Virginia Tech,2017.0,2017.0,MIA,237.0,,0.021276595
2021,7,00-0033471,I.Ford,WR,MIA,ATL,0,0,0.0,0,0.0,0.0,0.0,0,0.0,0,1,1,10.0,1,7.0,8.0,,,74.0,195.0,25.74823529411765,4.0,Virginia Tech,2017.0,2017.0,MIA,237.0,-2.0,0.025
2021,8,00-0033471,I.Ford,WR,MIA,BUF,0,0,0.0,0,0.0,0.0,0.0,0,0.0,0,1,0,0.0,0,0.0,0.0,,,74.0,195.0,25.74823529411765,4.0,Virginia Tech,2017.0,2017.0,MIA,237.0,,0.027777778
2021,9,00-0033471,I.Ford,WR,MIA,HOU,0,0,0.0,0,0.0,0.0,0.0,0,0.0,0,1,0,0.0,0,0.0,0.0,,,74.0,195.0,25.74823529411765,4.0,Virginia Tech,2017.0,2017.0,MIA,237.0,8.0,0.025
2021,10,00-0033471,I.Ford,WR,MIA,BAL,0,0,0.0,0,0.0,0.0,0.0,0,0.0,0,4,4,84.0,0,8.4,12.4,,,74.0,195.0,25.74823529411765,4.0,Virginia Tech,2017.0,2017.0,MIA,237.0,12.0,0.11764706
2021,12,00-0033471,I.Ford,WR,MIA,CAR,0,0,0.0,0,0.0,0.0,0.0,0,0.0,0,2,1,11.0,0,1.1,2.1,,,74.0,195.0,25.74823529411765,4.0,Virginia Tech,2017.0,2017.0,MIA,237.0,23.0,0.06451613
2021,13,00-0033471,I.Ford,WR,MIA,NYG,0,0,0.0,0,0.0,0.0,0.0,0,0.0,0,1,1,2.0,1,6.2,7.2,,,74.0,195.0,25.74823529411765,4.0,Virginia Tech,2017.0,2017.0,MIA,237.0,11.0,0.024390243
2021,15,00-0033471,I.Ford,WR,MIA,NYJ,0,0,0.0,0,0.0,0.0,0.0,0,0.0,0,3,3,51.0,0,5.1,8.1,,,74.0,195.0,25.74823529411765,4.0,Virginia Tech,2017.0,2017.0,MIA,237.0,7.0,0.115384616
2021,17,00-0033471,I.Ford,WR,MIA,TEN,0,0,0.0,0,0.0,0.0,0.0,0,0.0,0,2,1,0.0,0,0.0,1.0,,,74.0,195.0,25.74823529411765,4.0,Virginia Tech,2017.0,2017.0,MIA,237.0,,0.05263158
2021,3,00-0033481,M.Kemp,WR,KC,LAC,0,0,0.0,0,0.0,0.0,0.0,0,0.0,0,1,0,0.0,0,0.0,0.0,,,76.0,210.0,26.271050000000002,4.0,Hawaii,2017.0,2017.0,,,-6.0,0.025
2021,7,00-0033481,M.Kemp,WR,KC,TEN,0,0,0.0,0,0.0,0.0,0.0,0,0.0,0,1,1,8.0,0,0.8,1.8,,,76.0,210.0,26.271050000000002,4.0,Hawaii,2017.0,2017.0,,,,0.020833334
2021,10,00-0033481,M.Kemp,WR,KC,LV,0,0,0.0,0,0.0,0.0,0.0,0,0.0,0,1,1,16.0,0,1.6,2.6,,,76.0,210.0,26.271050000000002,4.0,Hawaii,2017.0,2017.0,,,,0.020833334
2021,13,00-0033481,M.Kemp,WR,KC,DEN,0,0,0.0,0,0.0,0.0,0.0,0,0.0,0,1,0,0.0,0,0.0,0.0,,,76.0,210.0,26.271050000000002,4.0,Hawaii,2017.0,2017.0,,,13.0,0.037037037
2021,17,00-0033481,M.Kemp,WR,KC,CIN,0,0,0.0,0,0.0,0.0,0.0,0,0.0,0,1,0,0.0,0,0.0,0.0,,,76.0,210.0,26.271050000000002,4.0,Hawaii,2017.0,2017.0,,,,0.029411765
2021,1,00-0033526,S.Perine,RB,CIN,MIN,0,0,0.0,0,0.0,0.0,0.0,5,22.0,0,1,1,7.0,0,2.9,3.9,,,71.0,240.0,26.19333333333333,4.0,Oklahoma,2017.0,2017.0,WAS,114.0,3.0,0.03846154
2021,2,00-0033526,S.Perine,RB,CIN,CHI,0,0,0.0,0,0.0,0.0,0.0,0,0.0,0,1,0,0.0,0,0.0,0.0,,,71.0,240.0,26.19333333333333,4.0,Oklahoma,2017.0,2017.0,WAS,114.0,,0.03448276
2021,3,00-0033526,S.Perine,RB,CIN,PIT,0,0,0.0,0,0.0,0.0,0.0,1,-1.0,0,1,1,8.0,0,0.7,1.7,,,71.0,240.0,26.19333333333333,4.0,Oklahoma,2017.0,2017.0,WAS,114.0,,0.055555556
2021,4,00-0033526,S.Perine,RB,CIN,JAX,0,0,0.0,0,0.0,0.0,0.0,3,7.0,0,1,1,15.0,0,2.2,3.2,,,71.0,240.0,26.19333333333333,4.0,Oklahoma,2017.0,2017.0,WAS,114.0,3.0,0.03125
2021,5,00-0033526,S.Perine,RB,CIN,GB,0,0,0.0,0,0.0,0.0,0.0,11,59.0,0,5,4,24.0,1,14.3,18.3,,,71.0,240.0,26.19333333333333,4.0,Oklahoma,2017.0,2017.0,WAS,114.0,-3.0,0.13513513
2021,7,00-0033526,S.Perine,RB,CIN,BAL,0,0,0.0,0,0.0,0.0,0.0,11,52.0,1,1,1,23.0,0,13.5,14.5,,,71.0,240.0,26.19333333333333,4.0,Oklahoma,2017.0,2017.0,WAS,114.0,,0.027777778
2021,8,00-0033526,S.Perine,RB,CIN,NYJ,0,0,0.0,0,0.0,0.0,0.0,0,0.0,0,2,2,16.0,0,1.6,3.6,,,71.0,240.0,26.19333333333333,4.0,Oklahoma,2017.0,2017.0,WAS,114.0,,0.05882353
2021,9,00-0033526,S.Perine,RB,CIN,CLE,0,0,0.0,0,0.0,0.0,0.0,5,20.0,0,3,2,17.0,0,3.7,5.7,,,71.0,240.0,26.19333333333333,4.0,Oklahoma,2017.0,2017.0,WAS,114.0,-25.0,0.07317073
2021,11,00-0033526,S.Perine,RB,CIN,LV,0,0,0.0,0,0.0,0.0,0.0,2,3.0,0,3,3,18.0,0,2.1,5.1,,,71.0,240.0,26.19333333333333,4.0,Oklahoma,2017.0,2017.0,WAS,114.0,,0.10714286
2021,12,00-0033526,S.Perine,RB,CIN,PIT,0,0,0.0,0,0.0,0.0,0.0,3,3.0,0,1,1,12.0,0,1.5,2.5,,,71.0,240.0,26.19333333333333,4.0,Oklahoma,2017.0,2017.0,WAS,114.0,31.0,0.041666668
2021,13,00-0033526,S.Perine,RB,CIN,LAC,0,0,0.0,0,0.0,0.0,0.0,5,36.0,0,2,2,5.0,0,4.1,6.1,,,71.0,240.0,26.19333333333333,4.0,Oklahoma,2017.0,2017.0,WAS,114.0,-19.0,0.05263158
2021,14,00-0033526,S.Perine,RB,CIN,SF,0,0,0.0,0,0.0,0.0,0.0,4,11.0,0,5,4,22.0,0,3.3,7.3,,,71.0,240.0,26.19333333333333,4.0,Oklahoma,2017.0,2017.0,WAS,114.0,-3.0,0.14705883
2021,15,00-0033526,S.Perine,RB,CIN,DEN,0,0,0.0,0,0.0,0.0,0.0,4,30.0,0,2,2,13.0,0,4.3,6.3,,,71.0,240.0,26.19333333333333,4.0,Oklahoma,2017.0,2017.0,WAS,114.0,,0.0952381
2021,16,00-0033526,S.Perine,RB,CIN,BAL,0,0,0.0,0,0.0,0.0,0.0,0,0.0,0,2,2,6.0,0,0.6,2.6,,,71.0,240.0,26.19333333333333,4.0,Oklahoma,2017.0,2017.0,WAS,114.0,20.0,0.04347826
2021,17,00-0033526,S.Perine,RB,CIN,KC,0,0,0.0,0,0.0,0.0,0.0,1,4.0,0,1,1,10.0,0,1.4,2.4,,,71.0,240.0,26.19333333333333,4.0,Oklahoma,2017.0,2017.0,WAS,114.0,3.0,0.02631579
2021,19,00-0033526,S.Perine,RB,CIN,LV,0,0,0.0,0,0.0,0.0,0.0,1,2.0,0,0,0,0.0,0,0.2,0.2,,,71.0,240.0,26.19333333333333,4.0,Oklahoma,2017.0,2017.0,WAS,114.0,7.0,
2021,20,00-0033526,S.Perine,RB,CIN,TEN,0,0,0.0,0,0.0,0.0,0.0,0,0.0,0,2,1,4.0,0,0.4,1.4,,,71.0,240.0,26.19333333333333,4.0,Oklahoma,2017.0,2017.0,WAS,114.0,,0.057142857
2021,21,00-0033526,S.Perine,RB,CIN,KC,0,0,0.0,0,0.0,0.0,0.0,0,0.0,0,4,3,43.0,1,10.3,13.3,,,71.0,240.0,26.19333333333333,4.0,Oklahoma,2017.0,2017.0,WAS,114.0,,0.11111111
2021,22,00-0033526,S.Perine,RB,CIN,LA,0,0,0.0,0,0.0,0.0,0.0,2,0.0,0,1,0,0.0,0,0.0,0.0,,,71.0,240.0,26.19333333333333,4.0,Oklahoma,2017.0,2017.0,WAS,114.0,-3.0,0.030303031
2021,15,00-0033528,J.Sprinkle,TE,DAL,NYG,0,0,0.0,0,0.0,0.0,0.0,0,0.0,0,2,2,21.0,0,2.1,4.1,,,77.0,255.0,27.265444444444444,4.0,Arkansas,2017.0,2017.0,WAS,154.0,,0.054054055
2021,18,00-0033528,J.Sprinkle,TE,DAL,PHI,0,0,0.0,0,0.0,0.0,0.0,0,0.0,0,1,1,10.0,0,1.0,2.0,,,77.0,255.0,27.265444444444444,4.0,Arkansas,2017.0,2017.0,WAS,154.0,,0.035714287
2021,1,00-0033536,M.Williams,WR,LAC,WAS,0,0,0.0,0,0.0,0.0,0.0,0,0.0,0,12,8,82.0,1,14.2,22.2,,,76.0,218.0,27.105882352941176,4.0,Clemson,2017.0,2017.0,LAC,7.0,,0.26086956
2021,2,00-0033536,M.Williams,WR,LAC,DAL,0,0,0.0,0,0.0,0.0,0.0,0,0.0,0,10,7,91.0,1,15.1,22.1,,,76.0,218.0,27.105882352941176,4.0,Clemson,2017.0,2017.0,LAC,7.0,-3.0,0.25
2021,3,00-0033536,M.Williams,WR,LAC,KC,0,0,0.0,0,0.0,0.0,0.0,0,0.0,0,9,7,122.0,2,26.2,33.2,,,76.0,218.0,27.105882352941176,4.0,Clemson,2017.0,2017.0,LAC,7.0,,0.25714287
2021,4,00-0033536,M.Williams,WR,LAC,LV,0,0,0.0,0,0.0,0.0,0.0,0,0.0,0,4,1,11.0,0,1.1,2.1,,,76.0,218.0,27.105882352941176,4.0,Clemson,2017.0,2017.0,LAC,7.0,14.0,0.10526316
2021,5,00-0033536,M.Williams,WR,LAC,CLE,0,0,0.0,0,0.0,0.0,0.0,0,0.0,0,16,8,165.0,2,28.5,36.5,,,76.0,218.0,27.105882352941176,4.0,Clemson,2017.0,2017.0,LAC,7.0,5.0,0.3809524
2021,6,00-0033536,M.Williams,WR,LAC,BAL,0,0,0.0,0,0.0,0.0,0.0,0,0.0,0,5,2,27.0,0,2.7,4.7,,,76.0,218.0,27.105882352941176,4.0,Clemson,2017.0,2017.0,LAC,7.0,,0.12820514
2021,8,00-0033536,M.Williams,WR,LAC,NE,0,0,0.0,0,0.0,0.0,0.0,0,0.0,0,5,2,19.0,0,1.9,3.9,,,76.0,218.0,27.105882352941176,4.0,Clemson,2017.0,2017.0,LAC,7.0,-3.0,0.14705883
2021,9,00-0033536,M.Williams,WR,LAC,PHI,0,0,0.0,0,0.0,0.0,0.0,0,0.0,0,5,2,58.0,0,5.8,7.8,,,76.0,218.0,27.105882352941176,4.0,Clemson,2017.0,2017.0,LAC,7.0,,0.13513513
2021,10,00-0033536,M.Williams,WR,LAC,MIN,0,0,0.0,0,0.0,0.0,0.0,0,0.0,0,6,4,33.0,0,3.3,7.3,,,76.0,218.0,27.105882352941176,4.0,Clemson,2017.0,2017.0,LAC,7.0,-7.0,0.18181819
2021,11,00-0033536,M.Williams,WR,LAC,PIT,0,0,0.0,0,0.0,0.0,0.0,0,0.0,0,6,5,97.0,1,15.7,20.7,,,76.0,218.0,27.105882352941176,4.0,Clemson,2017.0,2017.0,LAC,7.0,4.0,0.14634146
2021,12,00-0033536,M.Williams,WR,LAC,DEN,0,0,0.0,0,0.0,0.0,0.0,0,0.0,0,8,4,39.0,0,3.9,7.9,,,76.0,218.0,27.105882352941176,4.0,Clemson,2017.0,2017.0,LAC,7.0,,0.18181819
2021,13,00-0033536,M.Williams,WR,LAC,CIN,0,0,0.0,0,0.0,0.0,0.0,0,0.0,0,7,5,110.0,0,11.0,16.0,,,76.0,218.0,27.105882352941176,4.0,Clemson,2017.0,2017.0,LAC,7.0,,0.2
2021,14,00-0033536,M.Williams,WR,LAC,NYG,0,0,0.0,0,0.0,0.0,0.0,0,0.0,0,6,6,61.0,0,6.1,12.1,,,76.0,218.0,27.105882352941176,4.0,Clemson,2017.0,2017.0,LAC,7.0,16.0,0.2
2021,15,00-0033536,M.Williams,WR,LAC,KC,0,0,0.0,0,0.0,0.0,0.0,0,0.0,0,9,3,49.0,0,4.9,7.9,,,76.0,218.0,27.105882352941176,4.0,Clemson,2017.0,2017.0,LAC,7.0,-6.0,0.24324325
2021,17,00-0033536,M.Williams,WR,LAC,DEN,0,0,0.0,0,0.0,0.0,0.0,0,0.0,0,4,3,63.0,1,12.3,15.3,,,76.0,218.0,27.105882352941176,4.0,Clemson,2017.0,2017.0,LAC,7.0,21.0,0.13333334
2021,18,00-0033536,M.Williams,WR,LAC,LV,0,0,0.0,0,0.0,0.0,0.0,0,0.0,0,17,9,119.0,1,17.9,26.9,,,76.0,218.0,27.105882352941176,4.0,Clemson,2017.0,2017.0,LAC,7.0,,0.265625
2021,10,00-0033550,D.Webb,QB,BUF,NYJ,0,0,0.0,0,0.0,0.0,0.0,2,-3.0,0,0,0,0.0,0,-0.3,-0.3,,,77.0,225.0,26.82463157894737,4.0,California,2017.0,2017.0,NYG,87.0,,
2021,1,00-0033553,J.Conner,RB,ARI,TEN,0,0,0.0,0,0.0,0.0,0.0,16,53.0,0,0,0,0.0,0,5.3,5.3,,,73.0,233.0,26.527333333333335,4.0,Pittsburgh,2017.0,2017.0,PIT,105.0,,
2021,2,00-0033553,J.Conner,RB,ARI,MIN,0,0,0.0,0,0.0,0.0,0.0,8,26.0,0,0,0,0.0,0,2.6,2.6,,,73.0,233.0,26.527333333333335,4.0,Pittsburgh,2017.0,2017.0,PIT,105.0,1.0,
2021,3,00-0033553,J.Conner,RB,ARI,JAX,0,0,0.0,0,0.0,0.0,0.0,11,43.0,2,1,1,10.0,0,17.3,18.3,,,73.0,233.0,26.527333333333335,4.0,Pittsburgh,2017.0,2017.0,PIT,105.0,,0.029411765
2021,4,00-0033553,J.Conner,RB,ARI,LA,0,0,0.0,0,0.0,0.0,0.0,18,50.0,2,2,2,16.0,0,18.6,20.6,,,73.0,233.0,26.527333333333335,4.0,Pittsburgh,2017.0,2017.0,PIT,105.0,,0.06896552
2021,5,00-0033553,J.Conner,RB,ARI,SF,0,0,0.0,0,0.0,0.0,0.0,10,29.0,1,1,1,8.0,0,9.7,10.7,,,73.0,233.0,26.527333333333335,4.0,Pittsburgh,2017.0,2017.0,PIT,105.0,7.0,0.035714287
2021,6,00-0033553,J.Conner,RB,ARI,CLE,0,0,0.0,0,0.0,0.0,0.0,16,71.0,0,1,1,0.0,0,7.1,8.1,,,73.0,233.0,26.527333333333335,4.0,Pittsburgh,2017.0,2017.0,PIT,105.0,,0.035714287
2021,7,00-0033553,J.Conner,RB,ARI,HOU,0,0,0.0,0,0.0,0.0,0.0,10,64.0,1,0,0,0.0,0,12.4,12.4,,,73.0,233.0,26.527333333333335,4.0,Pittsburgh,2017.0,2017.0,PIT,105.0,26.0,
2021,8,00-0033553,J.Conner,RB,ARI,GB,0,0,0.0,0,0.0,0.0,0.0,5,22.0,2,0,0,0.0,0,14.2,14.2,,,73.0,233.0,26.527333333333335,4.0,Pittsburgh,2017.0,2017.0,PIT,105.0,-3.0,
2021,9,00-0033553,J.Conner,RB,ARI,SF,0,0,0.0,0,0.0,0.0,0.0,21,96.0,2,5,5,77.0,1,35.3,40.3,,,73.0,233.0,26.527333333333335,4.0,Pittsburgh,2017.0,2017.0,PIT,105.0,,0.1923077
2021,10,00-0033553,J.Conner,RB,ARI,CAR,0,0,0.0,0,0.0,0.0,0.0,10,39.0,1,4,3,25.0,0,12.4,15.4,,,73.0,233.0,26.527333333333335,4.0,Pittsburgh,2017.0,2017.0,PIT,105.0,-24.0,0.13793103
2021,11,00-0033553,J.Conner,RB,ARI,SEA,0,0,0.0,0,0.0,0.0,0.0,21,62.0,1,6,5,37.0,0,15.9,20.9,,,73.0,233.0,26.527333333333335,4.0,Pittsburgh,2017.0,2017.0,PIT,105.0,,0.13636364
2021,13,00-0033553,J.Conner,RB,ARI,CHI,0,0,0.0,0,0.0,0.0,0.0,20,75.0,0,2,2,36.0,1,17.1,19.1,,,73.0,233.0,26.527333333333335,4.0,Pittsburgh,2017.0,2017.0,PIT,105.0,,0.13333334
2021,14,00-0033553,J.Conner,RB,ARI,LA,0,0,0.0,0,0.0,0.0,0.0,13,31.0,2,9,9,94.0,0,24.5,33.5,,,73.0,233.0,26.527333333333335,4.0,Pittsburgh,2017.0,2017.0,PIT,105.0,-7.0,0.18367347
2021,15,00-0033553,J.Conner,RB,ARI,DET,0,0,0.0,0,0.0,0.0,0.0,8,39.0,0,2,2,31.0,0,7.0,9.0,,,73.0,233.0,26.527333333333335,4.0,Pittsburgh,2017.0,2017.0,PIT,105.0,,0.041666668
2021,18,00-0033553,J.Conner,RB,ARI,SEA,0,0,0.0,0,0.0,0.0,0.0,15,52.0,1,6,6,41.0,1,21.3,27.3,,,73.0,233.0,26.527333333333335,4.0,Pittsburgh,2017.0,2017.0,PIT,105.0,-8.0,0.15384616
2021,19,00-0033553,J.Conner,RB,ARI,LA,0,0,0.0,0,0.0,0.0,0.0,4,19.0,1,2,1,5.0,0,8.4,9.4,,,73.0,233.0,26.527333333333335,4.0,Pittsburgh,2017.0,2017.0,PIT,105.0,,0.05882353
2021,5,00-0033555,M.Hollins,WR,MIA,TB,0,0,0.0,0,0.0,0.0,0.0,0,0.0,0,2,1,10.0,0,1.0,2.0,,,76.0,221.0,28.146529411764703,4.0,North Carolina,2017.0,2017.0,PHI,118.0,,0.051282052
2021,6,00-0033555,M.Hollins,WR,MIA,JAX,0,0,0.0,0,0.0,0.0,0.0,0,0.0,0,5,4,61.0,0,6.1,10.1,,,76.0,221.0,28.146529411764703,4.0,North Carolina,2017.0,2017.0,PHI,118.0,,0.10638298
2021,7,00-0033555,M.Hollins,WR,MIA,ATL,0,0,0.0,0,0.0,0.0,0.0,0,0.0,0,3,2,13.0,1,7.3,9.3,,,76.0,221.0,28.146529411764703,4.0,North Carolina,2017.0,2017.0,PHI,118.0,-2.0,0.075
2021,8,00-0033555,M.Hollins,WR,MIA,BUF,0,0,0.0,0,0.0,0.0,0.0,0,0.0,0,1,0,0.0,0,0.0,0.0,,,76.0,221.0,28.146529411764703,4.0,North Carolina,2017.0,2017.0,PHI,118.0,,0.027777778
2021,9,00-0033555,M.Hollins,WR,MIA,HOU,0,0,0.0,0,0.0,0.0,0.0,0,0.0,0,6,3,22.0,1,8.2,11.2,,,76.0,221.0,28.146529411764703,4.0,North Carolina,2017.0,2017.0,PHI,118.0,8.0,0.15
2021,10,00-0033555,M.Hollins,WR,MIA,BAL,0,0,0.0,0,0.0,0.0,0.0,0,0.0,0,1,0,0.0,0,0.0,0.0,,,76.0,221.0,28.146529411764703,4.0,North Carolina,2017.0,2017.0,PHI,118.0,12.0,0.029411765
2021,11,00-0033555,M.Hollins,WR,MIA,NYJ,0,0,0.0,0,0.0,0.0,0.0,0,0.0,0,3,2,72.0,1,13.2,15.2,,,76.0,221.0,28.146529411764703,4.0,North Carolina,2017.0,2017.0,PHI,118.0,,0.0882353
2021,12,00-0033555,M.Hollins,WR,MIA,CAR,0,0,0.0,0,0.0,0.0,0.0,0,0.0,0,1,0,0.0,0,0.0,0.0,,,76.0,221.0,28.146529411764703,4.0,North Carolina,2017.0,2017.0,PHI,118.0,23.0,0.032258064
2021,13,00-0033555,M.Hollins,WR,MIA,NYG,0,0,0.0,0,0.0,0.0,0.0,0,0.0,0,1,1,5.0,1,6.5,7.5,,,76.0,221.0,28.146529411764703,4.0,North Carolina,2017.0,2017.0,PHI,118.0,11.0,0.024390243
2021,15,00-0033555,M.Hollins,WR,MIA,NYJ,0,0,0.0,0,0.0,0.0,0.0,0,0.0,0,1,0,0.0,0,0.0,0.0,,,76.0,221.0,28.146529411764703,4.0,North Carolina,2017.0,2017.0,PHI,118.0,7.0,0.03846154
2021,16,00-0033555,M.Hollins,WR,MIA,NO,0,0,0.0,0,0.0,0.0,0.0,0,0.0,0,2,1,40.0,0,4.0,5.0,,,76.0,221.0,28.146529411764703,4.0,North Carolina,2017.0,2017.0,PHI,118.0,,0.07692308
2021,17,00-0033555,M.Hollins,WR,MIA,TEN,0,0,0.0,0,0.0,0.0,0.0,0,0.0,0,1,0,0.0,0,0.0,0.0,,,76.0,221.0,28.146529411764703,4.0,North Carolina,2017.0,2017.0,PHI,118.0,,0.02631579
2021,18,00-0033555,M.Hollins,WR,MIA,NE,0,0,0.0,0,0.0,0.0,0.0,0,0.0,0,1,0,0.0,0,0.0,0.0,,,76.0,221.0,28.146529411764703,4.0,North Carolina,2017.0,2017.0,PHI,118.0,9.0,0.04761905
2021,2,00-0033572,J.Agnew,WR,JAX,DEN,0,0,0.0,0,0.0,0.0,0.0,0,0.0,0,0,0,0.0,0,6.0,6.0,,,70.0,190.0,26.610176470588236,4.0,San Diego,2017.0,2017.0,DET,165.0,-10.0,
2021,3,00-0033572,J.Agnew,WR,JAX,JAX,0,0,0.0,0,0.0,0.0,0.0,0,0.0,0,0,0,0.0,0,6.0,6.0,,,70.0,190.0,26.610176470588236,4.0,San Diego,2017.0,2017.0,DET,165.0,-12.0,
2021,4,00-0033572,J.Agnew,WR,JAX,CIN,0,0,0.0,0,0.0,0.0,0.0,1,11.0,0,1,1,27.0,0,3.8,4.8,,,70.0,190.0,26.610176470588236,4.0,San Diego,2017.0,2017.0,DET,165.0,,0.045454547
2021,5,00-0033572,J.Agnew,WR,JAX,TEN,0,0,0.0,0,0.0,0.0,0.0,1,8.0,0,7,6,41.0,0,4.9,10.9,,,70.0,190.0,26.610176470588236,4.0,San Diego,2017.0,2017.0,DET,165.0,-18.0,0.21212122
2021,6,00-0033572,J.Agnew,WR,JAX,MIA,0,0,0.0,0,0.0,0.0,0.0,0,0.0,0,6,5,78.0,0,7.8,12.8,,,70.0,190.0,26.610176470588236,4.0,San Diego,2017.0,2017.0,DET,165.0,3.0,0.15
2021,8,00-0033572,J.Agnew,WR,JAX,SEA,0,0,0.0,0,0.0,0.0,0.0,0,0.0,0,12,6,38.0,1,9.8,15.8,,,70.0,190.0,26.610176470588236,4.0,San Diego,2017.0,2017.0,DET,165.0,,0.23076923
2021,9,00-0033572,J.Agnew,WR,JAX,BUF,0,0,0.0,0,0.0,0.0,0.0,1,11.0,0,5,3,27.0,0,3.8,6.8,,,70.0,190.0,26.610176470588236,4.0,San Diego,2017.0,2017.0,DET,165.0,3.0,0.18518518
2021,10,00-0033572,J.Agnew,WR,JAX,IND,0,0,0.0,0,0.0,0.0,0.0,3,79.0,1,5,0,0.0,0,13.9,13.9,,,70.0,190.0,26.610176470588236,4.0,San Diego,2017.0,2017.0,DET,165.0,,0.14285715
2021,11,00-0033572,J.Agnew,WR,JAX,SF,0,0,0.0,0,0.0,0.0,0.0,1,2.0,0,3,3,18.0,0,2.0,5.0,,,70.0,190.0,26.610176470588236,4.0,San Diego,2017.0,2017.0,DET,165.0,-20.0,0.125
2021,1,00-0033576,E.Saubert,TE,DEN,NYG,0,0,0.0,0,0.0,0.0,0.0,0,0.0,0,2,1,7.0,0,0.7,1.7,,,77.0,253.0,27.506176470588237,4.0,Drake,2017.0,2017.0,ATL,174.0,,0.057142857
2021,2,00-0033576,E.Saubert,TE,DEN,JAX,0,0,0.0,0,0.0,0.0,0.0,0,0.0,0,1,1,7.0,0,0.7,1.7,,,77.0,253.0,27.506176470588237,4.0,Drake,2017.0,2017.0,ATL,174.0,,0.029411765
2021,6,00-0033576,E.Saubert,TE,DEN,LV,0,0,0.0,0,0.0,0.0,0.0,0,0.0,0,5,3,23.0,0,2.3,5.3,,,77.0,253.0,27.506176470588237,4.0,Drake,2017.0,2017.0,ATL,174.0,-10.0,0.104166664
2021,7,00-0033576,E.Saubert,TE,DEN,CLE,0,0,0.0,0,0.0,0.0,0.0,0,0.0,0,1,1,3.0,0,0.3,1.3,,,77.0,253.0,27.506176470588237,4.0,Drake,2017.0,2017.0,ATL,174.0,,0.03125
2021,9,00-0033576,E.Saubert,TE,DEN,DAL,0,0,0.0,0,0.0,0.0,0.0,0,0.0,0,1,1,6.0,0,0.6,1.6,,,77.0,253.0,27.506176470588237,4.0,Drake,2017.0,2017.0,ATL,174.0,,0.041666668
2021,12,00-0033576,E.Saubert,TE,DEN,LAC,0,0,0.0,0,0.0,0.0,0.0,0,0.0,0,1,1,1.0,1,6.1,7.1,,,77.0,253.0,27.506176470588237,4.0,Drake,2017.0,2017.0,ATL,174.0,15.0,0.04347826
2021,17,00-0033576,E.Saubert,TE,DEN,LAC,0,0,0.0,0,0.0,0.0,0.0,0,0.0,0,1,0,0.0,0,0.0,0.0,,,77.0,253.0,27.506176470588237,4.0,Drake,2017.0,2017.0,ATL,174.0,,0.037037037
2021,5,00-0033589,D.Moore,WR,DEN,PIT,0,0,0.0,0,0.0,0.0,0.0,0,0.0,0,2,0,0.0,0,0.0,0.0,,,72.0,215.0,26.800846153846155,4.0,East Central,2017.0,2017.0,SEA,226.0,,0.057142857
2021,3,00-0033591,N.Brown,WR,DAL,PHI,0,0,0.0,0,0.0,0.0,0.0,0,0.0,0,1,1,9.0,0,0.9,1.9,,,74.0,225.0,25.858055555555556,4.0,Ohio State,2017.0,2017.0,DAL,239.0,20.0,0.04
2021,5,00-0033591,N.Brown,WR,DAL,NYG,0,0,0.0,0,0.0,0.0,0.0,0,0.0,0,4,3,36.0,0,3.6,6.6,,,74.0,225.0,25.858055555555556,4.0,Ohio State,2017.0,2017.0,DAL,239.0,24.0,0.125
2021,6,00-0033591,N.Brown,WR,DAL,NE,0,0,0.0,0,0.0,0.0,0.0,0,0.0,0,2,2,47.0,0,4.7,6.7,,,74.0,225.0,25.858055555555556,4.0,Ohio State,2017.0,2017.0,DAL,239.0,,0.040816326
2021,8,00-0033591,N.Brown,WR,DAL,MIN,0,0,0.0,0,0.0,0.0,0.0,0,0.0,0,2,1,7.0,0,0.7,1.7,,,74.0,225.0,25.858055555555556,4.0,Ohio State,2017.0,2017.0,DAL,239.0,,0.048780486
2021,9,00-0033591,N.Brown,WR,DAL,DEN,0,0,0.0,0,0.0,0.0,0.0,0,0.0,0,1,0,0.0,0,0.0,0.0,,,74.0,225.0,25.858055555555556,4.0,Ohio State,2017.0,2017.0,DAL,239.0,-14.0,0.025641026
2021,10,00-0033591,N.Brown,WR,DAL,ATL,0,0,0.0,0,0.0,0.0,0.0,0,0.0,0,1,1,18.0,0,1.8,2.8,,,74.0,225.0,25.858055555555556,4.0,Ohio State,2017.0,2017.0,DAL,239.0,40.0,0.030303031
2021,11,00-0033591,N.Brown,WR,DAL,KC,0,0,0.0,0,0.0,0.0,0.0,0,0.0,0,2,0,0.0,0,0.0,0.0,,,74.0,225.0,25.858055555555556,4.0,Ohio State,2017.0,2017.0,DAL,239.0,,0.04761905
2021,12,00-0033591,N.Brown,WR,DAL,LV,0,0,0.0,0,0.0,0.0,0.0,0,0.0,0,9,6,53.0,0,5.3,11.3,,,74.0,225.0,25.858055555555556,4.0,Ohio State,2017.0,2017.0,DAL,239.0,-3.0,0.19148937
2021,13,00-0033591,N.Brown,WR,DAL,NO,0,0,0.0,0,0.0,0.0,0.0,0,0.0,0,3,2,14.0,0,1.4,3.4,,,74.0,225.0,25.858055555555556,4.0,Ohio State,2017.0,2017.0,DAL,239.0,,0.075
2021,1,00-0033594,C.Carson,RB,SEA,IND,0,0,0.0,0,0.0,0.0,0.0,16,91.0,0,3,3,26.0,0,9.7,12.7,,,71.0,222.0,27.15335294117647,4.0,Oklahoma State,2017.0,2017.0,SEA,249.0,,0.14285715
2021,2,00-0033594,C.Carson,RB,SEA,TEN,0,0,0.0,0,0.0,0.0,0.0,13,31.0,2,0,0,0.0,0,15.1,15.1,,,71.0,222.0,27.15335294117647,4.0,Oklahoma State,2017.0,2017.0,SEA,249.0,-3.0,
2021,3,00-0033594,C.Carson,RB,SEA,MIN,0,0,0.0,0,0.0,0.0,0.0,12,80.0,1,2,2,2.0,0,14.2,16.2,,,71.0,222.0,27.15335294117647,4.0,Oklahoma State,2017.0,2017.0,SEA,249.0,,0.071428575
2021,4,00-0033594,C.Carson,RB,SEA,SF,0,0,0.0,0,0.0,0.0,0.0,13,30.0,0,1,1,1.0,0,3.1,4.1,,,71.0,222.0,27.15335294117647,4.0,Oklahoma State,2017.0,2017.0,SEA,249.0,,0.045454547
2021,2,00-0033611,R.Seals-Jones,TE,WAS,NYG,0,0,0.0,0,0.0,0.0,0.0,0,0.0,0,1,1,19.0,1,7.9,8.9,,,77.0,243.0,26.66041176470588,4.0,Texas A&amp;M,2017.0,2017.0,,,1.0,0.022727273
2021,4,00-0033611,R.Seals-Jones,TE,WAS,ATL,0,0,0.0,0,0.0,0.0,0.0,0,0.0,0,4,2,19.0,0,1.9,3.9,,,77.0,243.0,26.66041176470588,4.0,Texas A&amp;M,2017.0,2017.0,,,,0.121212125
2021,5,00-0033611,R.Seals-Jones,TE,WAS,NO,0,0,0.0,0,0.0,0.0,0.0,0,0.0,0,9,5,41.0,0,4.1,9.1,,,77.0,243.0,26.66041176470588,4.0,Texas A&amp;M,2017.0,2017.0,,,-11.0,0.2195122
2021,6,00-0033611,R.Seals-Jones,TE,WAS,KC,0,0,0.0,0,0.0,0.0,0.0,0,0.0,0,6,4,58.0,1,11.8,15.8,,,77.0,243.0,26.66041176470588,4.0,Texas A&amp;M,2017.0,2017.0,,,-18.0,0.15384616
2021,7,00-0033611,R.Seals-Jones,TE,WAS,GB,0,0,0.0,0,0.0,0.0,0.0,0,0.0,0,7,6,51.0,0,5.1,11.1,,,77.0,243.0,26.66041176470588,4.0,Texas A&amp;M,2017.0,2017.0,,,,0.19444445
2021,8,00-0033611,R.Seals-Jones,TE,WAS,DEN,0,0,0.0,0,0.0,0.0,0.0,0,0.0,0,4,2,12.0,0,1.2,3.2,,,77.0,243.0,26.66041176470588,4.0,Texas A&amp;M,2017.0,2017.0,,,,0.10810811
2021,10,00-0033611,R.Seals-Jones,TE,WAS,TB,0,0,0.0,0,0.0,0.0,0.0,0,0.0,0,4,3,30.0,0,3.0,6.0,,,77.0,243.0,26.66041176470588,4.0,Texas A&amp;M,2017.0,2017.0,,,10.0,0.125
2021,14,00-0033611,R.Seals-Jones,TE,WAS,DAL,0,0,0.0,0,0.0,0.0,0.0,0,0.0,0,4,1,8.0,0,0.8,1.8,,,77.0,243.0,26.66041176470588,4.0,Texas A&amp;M,2017.0,2017.0,,,-7.0,0.121212125
2021,15,00-0033611,R.Seals-Jones,TE,WAS,PHI,0,0,0.0,0,0.0,0.0,0.0,0,0.0,0,7,4,29.0,0,2.9,6.9,,,77.0,243.0,26.66041176470588,4.0,Texas A&amp;M,2017.0,2017.0,,,,0.23333333
2021,16,00-0033611,R.Seals-Jones,TE,WAS,DAL,0,0,0.0,0,0.0,0.0,0.0,0,0.0,0,1,1,-4.0,0,-0.4,0.6,,,77.0,243.0,26.66041176470588,4.0,Texas A&amp;M,2017.0,2017.0,,,,0.033333335
2021,17,00-0033611,R.Seals-Jones,TE,WAS,PHI,0,0,0.0,0,0.0,0.0,0.0,0,0.0,0,2,1,8.0,0,0.8,1.8,,,77.0,243.0,26.66041176470588,4.0,Texas A&amp;M,2017.0,2017.0,,,-4.0,0.05882353
2021,1,00-0033658,B.Jarwin,TE,DAL,TB,0,0,0.0,0,0.0,0.0,0.0,0,0.0,0,3,3,20.0,0,2.0,5.0,,,77.0,260.0,27.333833333333335,4.0,Oklahoma State,2017.0,2017.0,,,,0.05263158
2021,2,00-0033658,B.Jarwin,TE,DAL,LAC,0,0,0.0,0,0.0,0.0,0.0,0,0.0,0,4,3,37.0,0,3.7,6.7,,,77.0,260.0,27.333833333333335,4.0,Oklahoma State,2017.0,2017.0,,,,0.14814815
2021,3,00-0033658,B.Jarwin,TE,DAL,PHI,0,0,0.0,0,0.0,0.0,0.0,0,0.0,0,2,2,14.0,0,1.4,3.4,,,77.0,260.0,27.333833333333335,4.0,Oklahoma State,2017.0,2017.0,,,20.0,0.08
2021,4,00-0033658,B.Jarwin,TE,DAL,CAR,0,0,0.0,0,0.0,0.0,0.0,0,0.0,0,3,1,18.0,1,7.8,8.8,,,77.0,260.0,27.333833333333335,4.0,Oklahoma State,2017.0,2017.0,,,8.0,0.13636364
2021,6,00-0033658,B.Jarwin,TE,DAL,NE,0,0,0.0,0,0.0,0.0,0.0,0,0.0,0,2,1,1.0,1,6.1,7.1,,,77.0,260.0,27.333833333333335,4.0,Oklahoma State,2017.0,2017.0,,,,0.040816326
2021,8,00-0033658,B.Jarwin,TE,DAL,MIN,0,0,0.0,0,0.0,0.0,0.0,0,0.0,0,1,0,0.0,0,0.0,0.0,,,77.0,260.0,27.333833333333335,4.0,Oklahoma State,2017.0,2017.0,,,,0.024390243
2021,18,00-0033658,B.Jarwin,TE,DAL,PHI,0,0,0.0,0,0.0,0.0,0.0,0,0.0,0,2,1,6.0,0,0.6,1.6,,,77.0,260.0,27.333833333333335,4.0,Oklahoma State,2017.0,2017.0,,,,0.071428575
2021,19,00-0033658,B.Jarwin,TE,DAL,SF,0,0,0.0,0,0.0,0.0,0.0,0,0.0,0,1,0,0.0,0,0.0,0.0,,,77.0,260.0,27.333833333333335,4.0,Oklahoma State,2017.0,2017.0,,,-6.0,0.023809524
2021,8,00-0033662,C.Rush,QB,DAL,MIN,24,40,325.0,2,1.0,3.0,19.0,1,2.0,0,0,0,0.0,0,17.2,17.2,,,75.0,225.0,27.982666666666667,4.0,Central Michigan,2017.0,2017.0,,,,
2021,10,00-0033662,C.Rush,QB,DAL,ATL,3,3,17.0,0,0.0,0.0,-0.0,3,-6.0,0,0,0,0.0,0,0.08,0.08,,,75.0,225.0,27.982666666666667,4.0,Central Michigan,2017.0,2017.0,,,40.0,
2021,16,00-0033662,C.Rush,QB,DAL,WAS,2,3,70.0,1,0.0,0.0,-0.0,2,0.0,0,0,0,0.0,0,6.8,6.8,,,75.0,225.0,27.982666666666667,4.0,Central Michigan,2017.0,2017.0,,,42.0,
2021,18,00-0033662,C.Rush,QB,DAL,PHI,1,1,10.0,0,0.0,0.0,-0.0,3,-4.0,0,0,0,0.0,0,0.0,0.0,,,75.0,225.0,27.982666666666667,4.0,Central Michigan,2017.0,2017.0,,,,
2021,3,00-0033681,K.Cole,WR,NYJ,DEN,0,0,0.0,0,0.0,0.0,0.0,0,0.0,0,2,2,30.0,0,3.0,5.0,,,73.0,194.0,28.56329411764706,4.0,Kentucky Wesleyan,2017.0,2017.0,,,,0.060606062
2021,4,00-0033681,K.Cole,WR,NYJ,TEN,0,0,0.0,0,0.0,0.0,0.0,0,0.0,0,4,3,92.0,0,9.2,12.2,,,73.0,194.0,28.56329411764706,4.0,Kentucky Wesleyan,2017.0,2017.0,,,3.0,0.11764706
2021,5,00-0033681,K.Cole,WR,NYJ,ATL,0,0,0.0,0,0.0,0.0,0.0,0,0.0,0,3,2,38.0,0,3.8,5.8,,,73.0,194.0,28.56329411764706,4.0,Kentucky Wesleyan,2017.0,2017.0,,,,0.09677419
2021,7,00-0033681,K.Cole,WR,NYJ,NE,0,0,0.0,0,0.0,0.0,0.0,0,0.0,0,2,1,6.0,0,0.6,1.6,,,73.0,194.0,28.56329411764706,4.0,Kentucky Wesleyan,2017.0,2017.0,,,,0.048780486
2021,8,00-0033681,K.Cole,WR,NYJ,CIN,0,0,0.0,0,0.0,0.0,0.0,0,0.0,0,5,3,25.0,0,2.5,5.5,,,73.0,194.0,28.56329411764706,4.0,Kentucky Wesleyan,2017.0,2017.0,,,3.0,0.10204082
2021,9,00-0033681,K.Cole,WR,NYJ,IND,0,0,0.0,0,0.0,0.0,0.0,0,0.0,0,8,5,66.0,0,6.6,11.6,,,73.0,194.0,28.56329411764706,4.0,Kentucky Wesleyan,2017.0,2017.0,,,,0.15384616
2021,10,00-0033681,K.Cole,WR,NYJ,BUF,0,0,0.0,0,0.0,0.0,0.0,0,0.0,0,6,1,18.0,0,1.8,2.8,,,73.0,194.0,28.56329411764706,4.0,Kentucky Wesleyan,2017.0,2017.0,,,-28.0,0.13043478
2021,11,00-0033681,K.Cole,WR,NYJ,MIA,0,0,0.0,0,0.0,0.0,0.0,0,0.0,0,1,0,0.0,0,0.0,0.0,,,73.0,194.0,28.56329411764706,4.0,Kentucky Wesleyan,2017.0,2017.0,,,-7.0,0.028571429
2021,12,00-0033681,K.Cole,WR,NYJ,HOU,0,0,0.0,0,0.0,0.0,0.0,0,0.0,0,2,2,24.0,0,2.4,4.4,,,73.0,194.0,28.56329411764706,4.0,Kentucky Wesleyan,2017.0,2017.0,,,,0.08695652
2021,14,00-0033681,K.Cole,WR,NYJ,NO,0,0,0.0,0,0.0,0.0,0.0,0,0.0,0,6,1,27.0,0,2.7,3.7,,,73.0,194.0,28.56329411764706,4.0,Kentucky Wesleyan,2017.0,2017.0,,,-21.0,0.15
2021,15,00-0033681,K.Cole,WR,NYJ,MIA,0,1,0.0,0,0.0,0.0,-0.0,0,0.0,0,2,1,9.0,0,0.9,1.9,,,73.0,194.0,28.56329411764706,4.0,Kentucky Wesleyan,2017.0,2017.0,,,,0.09090909
2021,16,00-0033681,K.Cole,WR,NYJ,JAX,0,0,0.0,0,0.0,0.0,0.0,0,0.0,0,2,2,25.0,0,2.5,4.5,,,73.0,194.0,28.56329411764706,4.0,Kentucky Wesleyan,2017.0,2017.0,,,5.0,0.0952381
2021,17,00-0033681,K.Cole,WR,NYJ,TB,0,0,0.0,0,0.0,0.0,0.0,0,0.0,0,5,2,35.0,0,3.5,5.5,,,73.0,194.0,28.56329411764706,4.0,Kentucky Wesleyan,2017.0,2017.0,,,-4.0,0.16666667
2021,18,00-0033681,K.Cole,WR,NYJ,BUF,0,0,0.0,0,0.0,0.0,0.0,0,0.0,0,3,3,54.0,1,11.4,14.4,,,73.0,194.0,28.56329411764706,4.0,Kentucky Wesleyan,2017.0,2017.0,,,,0.15789473
2021,1,00-0033699,A.Ekeler,RB,LAC,WAS,0,0,0.0,0,0.0,0.0,0.0,15,57.0,1,0,0,0.0,0,11.7,11.7,,,70.0,200.0,26.489882352941176,4.0,"Western State, Colo.",2017.0,2017.0,,,,
2021,2,00-0033699,A.Ekeler,RB,LAC,DAL,0,0,0.0,0,0.0,0.0,0.0,9,54.0,0,9,9,61.0,0,13.5,22.5,,,70.0,200.0,26.489882352941176,4.0,"Western State, Colo.",2017.0,2017.0,,,-3.0,0.225
2021,3,00-0033699,A.Ekeler,RB,LAC,KC,0,0,0.0,0,0.0,0.0,0.0,11,55.0,0,6,6,52.0,1,16.7,22.7,,,70.0,200.0,26.489882352941176,4.0,"Western State, Colo.",2017.0,2017.0,,,,0.17142858
2021,4,00-0033699,A.Ekeler,RB,LAC,LV,0,0,0.0,0,0.0,0.0,0.0,15,117.0,1,5,3,28.0,1,26.5,29.5,,,70.0,200.0,26.489882352941176,4.0,"Western State, Colo.",2017.0,2017.0,,,14.0,0.13157895
2021,5,00-0033699,A.Ekeler,RB,LAC,CLE,0,0,0.0,0,0.0,0.0,0.0,17,66.0,2,5,5,53.0,1,27.9,32.9,,,70.0,200.0,26.489882352941176,4.0,"Western State, Colo.",2017.0,2017.0,,,5.0,0.11904762
2021,6,00-0033699,A.Ekeler,RB,LAC,BAL,0,0,0.0,0,0.0,0.0,0.0,6,7.0,0,7,4,48.0,0,5.5,9.5,,,70.0,200.0,26.489882352941176,4.0,"Western State, Colo.",2017.0,2017.0,,,,0.17948718
2021,8,00-0033699,A.Ekeler,RB,LAC,NE,0,0,0.0,0,0.0,0.0,0.0,11,64.0,1,10,6,60.0,0,18.4,24.4,,,70.0,200.0,26.489882352941176,4.0,"Western State, Colo.",2017.0,2017.0,,,-3.0,0.29411766
2021,9,00-0033699,A.Ekeler,RB,LAC,PHI,0,0,0.0,0,0.0,0.0,0.0,17,59.0,0,3,3,23.0,0,8.2,11.2,,,70.0,200.0,26.489882352941176,4.0,"Western State, Colo.",2017.0,2017.0,,,,0.08108108
2021,10,00-0033699,A.Ekeler,RB,LAC,MIN,0,0,0.0,0,0.0,0.0,0.0,11,44.0,0,6,3,15.0,1,11.9,14.9,,,70.0,200.0,26.489882352941176,4.0,"Western State, Colo.",2017.0,2017.0,,,-7.0,0.18181819
2021,11,00-0033699,A.Ekeler,RB,LAC,PIT,0,0,0.0,0,0.0,0.0,0.0,11,50.0,2,7,6,65.0,2,35.5,41.5,,,70.0,200.0,26.489882352941176,4.0,"Western State, Colo.",2017.0,2017.0,,,4.0,0.17073171
2021,12,00-0033699,A.Ekeler,RB,LAC,DEN,0,0,0.0,0,0.0,0.0,0.0,12,31.0,0,8,6,68.0,1,15.9,21.9,,,70.0,200.0,26.489882352941176,4.0,"Western State, Colo.",2017.0,2017.0,,,,0.18181819
2021,13,00-0033699,A.Ekeler,RB,LAC,CIN,0,0,0.0,0,0.0,0.0,0.0,14,59.0,1,5,5,45.0,0,12.4,17.4,,,70.0,200.0,26.489882352941176,4.0,"Western State, Colo.",2017.0,2017.0,,,,0.14285715
2021,14,00-0033699,A.Ekeler,RB,LAC,NYG,0,0,0.0,0,0.0,0.0,0.0,12,67.0,1,4,2,17.0,0,14.4,16.4,,,70.0,200.0,26.489882352941176,4.0,"Western State, Colo.",2017.0,2017.0,,,16.0,0.13333334
2021,15,00-0033699,A.Ekeler,RB,LAC,KC,0,0,0.0,0,0.0,0.0,0.0,12,59.0,1,4,4,23.0,0,14.2,18.2,,,70.0,200.0,26.489882352941176,4.0,"Western State, Colo.",2017.0,2017.0,,,-6.0,0.10810811
2021,17,00-0033699,A.Ekeler,RB,LAC,DEN,0,0,0.0,0,0.0,0.0,0.0,17,58.0,1,3,3,54.0,0,17.2,20.2,,,70.0,200.0,26.489882352941176,4.0,"Western State, Colo.",2017.0,2017.0,,,21.0,0.1
2021,18,00-0033699,A.Ekeler,RB,LAC,LV,0,0,0.0,0,0.0,0.0,0.0,16,64.0,1,12,5,35.0,1,23.9,28.9,,,70.0,200.0,26.489882352941176,4.0,"Western State, Colo.",2017.0,2017.0,,,,0.1875
2021,7,00-0033720,C.Thompson,TE,CAR,NYG,0,0,0.0,0,0.0,0.0,0.0,0,0.0,0,1,0,0.0,0,0.0,0.0,,,76.0,255.0,27.90105882352941,4.0,Temple,2017.0,2017.0,,,,0.02631579
2021,3,00-0033725,C.Clement,RB,DAL,PHI,0,0,0.0,0,0.0,0.0,0.0,3,0.0,0,0,0,0.0,0,0.0,0.0,,,70.0,220.0,27.035444444444444,4.0,Wisconsin,2017.0,2017.0,,,20.0,
2021,10,00-0033725,C.Clement,RB,DAL,ATL,0,0,0.0,0,0.0,0.0,0.0,6,20.0,0,1,1,5.0,0,2.5,3.5,,,70.0,220.0,27.035444444444444,4.0,Wisconsin,2017.0,2017.0,,,40.0,0.030303031
2021,14,00-0033725,C.Clement,RB,DAL,WAS,0,0,0.0,0,0.0,0.0,0.0,13,44.0,0,2,1,2.0,0,4.6,5.6,,,70.0,220.0,27.035444444444444,4.0,Wisconsin,2017.0,2017.0,,,,0.051282052
2021,16,00-0033725,C.Clement,RB,DAL,WAS,0,0,0.0,0,0.0,0.0,0.0,4,18.0,0,0,0,0.0,0,1.8,1.8,,,70.0,220.0,27.035444444444444,4.0,Wisconsin,2017.0,2017.0,,,42.0,
2021,18,00-0033725,C.Clement,RB,DAL,PHI,0,0,0.0,0,0.0,0.0,0.0,7,58.0,0,4,4,22.0,1,14.0,18.0,,,70.0,220.0,27.035444444444444,4.0,Wisconsin,2017.0,2017.0,,,,0.14285715
2021,2,00-0033733,G.Ward,WR,PHI,SF,0,1,0.0,0,0.0,0.0,-0.0,0,0.0,0,0,0,0.0,0,0.0,0.0,,,71.0,190.0,26.339222222222222,4.0,Houston,2017.0,2017.0,,,-6.0,
2021,3,00-0033733,G.Ward,WR,PHI,DAL,0,0,0.0,0,0.0,0.0,0.0,0,0.0,0,1,1,15.0,1,7.5,8.5,,,71.0,190.0,26.339222222222222,4.0,Houston,2017.0,2017.0,,,,0.02631579
2021,4,00-0033733,G.Ward,WR,PHI,KC,0,0,0.0,0,0.0,0.0,0.0,0,0.0,0,2,1,15.0,1,7.5,8.5,,,71.0,190.0,26.339222222222222,4.0,Houston,2017.0,2017.0,,,-12.0,0.045454547
2021,12,00-0033733,G.Ward,WR,PHI,NYG,0,0,0.0,0,0.0,0.0,0.0,0,0.0,0,1,0,0.0,0,0.0,0.0,,,71.0,190.0,26.339222222222222,4.0,Houston,2017.0,2017.0,,,,0.03448276
2021,15,00-0033733,G.Ward,WR,PHI,WAS,0,0,0.0,0,0.0,0.0,0.0,0,0.0,0,3,2,28.0,1,8.8,10.8,,,71.0,190.0,26.339222222222222,4.0,Houston,2017.0,2017.0,,,10.0,0.115384616
2021,17,00-0033733,G.Ward,WR,PHI,WAS,0,0,0.0,0,0.0,0.0,0.0,0,0.0,0,2,2,35.0,0,3.5,5.5,,,71.0,190.0,26.339222222222222,4.0,Houston,2017.0,2017.0,,,,0.08
2021,18,00-0033733,G.Ward,WR,PHI,DAL,1,1,2.0,0,0.0,0.0,-0.0,0,0.0,0,2,1,2.0,0,0.28,1.28,,,71.0,190.0,26.339222222222222,4.0,Houston,2017.0,2017.0,,,-25.0,0.05882353
2021,1,00-0033757,R.Tonyan,TE,GB,NO,0,0,0.0,0,0.0,0.0,0.0,0,0.0,0,4,2,8.0,0,0.8,2.8,,,77.0,237.0,27.540055555555554,4.0,Indiana State,2017.0,2017.0,,,,0.121212125
2021,2,00-0033757,R.Tonyan,TE,GB,DET,0,0,0.0,0,0.0,0.0,0.0,0,0.0,0,3,3,52.0,1,11.2,14.2,,,77.0,237.0,27.540055555555554,4.0,Indiana State,2017.0,2017.0,,,18.0,0.11111111
2021,3,00-0033757,R.Tonyan,TE,GB,SF,0,0,0.0,0,0.0,0.0,0.0,0,0.0,0,1,1,6.0,0,0.6,1.6,,,77.0,237.0,27.540055555555554,4.0,Indiana State,2017.0,2017.0,,,,0.032258064
2021,4,00-0033757,R.Tonyan,TE,GB,PIT,0,0,0.0,0,0.0,0.0,0.0,0,0.0,0,7,2,8.0,0,0.8,2.8,,,77.0,237.0,27.540055555555554,4.0,Indiana State,2017.0,2017.0,,,10.0,0.2
2021,5,00-0033757,R.Tonyan,TE,GB,CIN,0,0,0.0,0,0.0,0.0,0.0,0,0.0,0,2,1,8.0,0,0.8,1.8,,,77.0,237.0,27.540055555555554,4.0,Indiana State,2017.0,2017.0,,,,0.057142857
2021,6,00-0033757,R.Tonyan,TE,GB,CHI,0,0,0.0,0,0.0,0.0,0.0,0,0.0,0,3,2,10.0,0,1.0,3.0,,,77.0,237.0,27.540055555555554,4.0,Indiana State,2017.0,2017.0,,,,0.14285715
2021,7,00-0033757,R.Tonyan,TE,GB,WAS,0,0,0.0,0,0.0,0.0,0.0,0,0.0,0,5,4,63.0,1,12.3,16.3,,,77.0,237.0,27.540055555555554,4.0,Indiana State,2017.0,2017.0,,,14.0,0.14705883
2021,8,00-0033757,R.Tonyan,TE,GB,ARI,0,0,0.0,0,0.0,0.0,0.0,0,0.0,0,4,3,49.0,0,4.9,7.9,,,77.0,237.0,27.540055555555554,4.0,Indiana State,2017.0,2017.0,,,,0.114285715
2021,1,00-0033839,D.Westbrook,WR,MIN,CIN,0,0,0.0,0,0.0,0.0,0.0,0,0.0,0,1,1,11.0,0,1.1,2.1,,,72.0,176.0,27.973764705882353,4.0,Oklahoma,2017.0,2017.0,JAX,110.0,,0.021276595
2021,4,00-0033839,D.Westbrook,WR,MIN,CLE,0,0,0.0,0,0.0,0.0,0.0,0,0.0,0,1,1,17.0,0,1.7,2.7,,,72.0,176.0,27.973764705882353,4.0,Oklahoma,2017.0,2017.0,JAX,110.0,-7.0,0.027777778
2021,5,00-0033839,D.Westbrook,WR,MIN,DET,0,0,0.0,0,0.0,0.0,0.0,0,0.0,0,4,3,18.0,0,1.8,4.8,,,72.0,176.0,27.973764705882353,4.0,Oklahoma,2017.0,2017.0,JAX,110.0,2.0,0.12903225
2021,6,00-0033839,D.Westbrook,WR,MIN,CAR,0,0,0.0,0,0.0,0.0,0.0,0,0.0,0,3,2,13.0,0,1.3,3.3,,,72.0,176.0,27.973764705882353,4.0,Oklahoma,2017.0,2017.0,JAX,110.0,,0.06666667
2021,9,00-0033839,D.Westbrook,WR,MIN,BAL,0,0,0.0,0,0.0,0.0,0.0,0,0.0,0,1,0,0.0,0,0.0,0.0,,,72.0,176.0,27.973764705882353,4.0,Oklahoma,2017.0,2017.0,JAX,110.0,,0.035714287
2021,11,00-0033839,D.Westbrook,WR,MIN,GB,0,0,0.0,0,0.0,0.0,0.0,0,0.0,0,2,1,7.0,0,0.7,1.7,,,72.0,176.0,27.973764705882353,4.0,Oklahoma,2017.0,2017.0,JAX,110.0,3.0,0.05882353
2021,13,00-0033839,D.Westbrook,WR,MIN,DET,0,0,0.0,0,0.0,0.0,0.0,0,0.0,0,2,1,-2.0,0,-0.2,0.8,,,72.0,176.0,27.973764705882353,4.0,Oklahoma,2017.0,2017.0,JAX,110.0,,0.048780486
2021,17,00-0033839,D.Westbrook,WR,MIN,GB,0,0,0.0,0,0.0,0.0,0.0,0,0.0,0,1,1,4.0,0,0.4,1.4,,,72.0,176.0,27.973764705882353,4.0,Oklahoma,2017.0,2017.0,JAX,110.0,,0.027027028
2021,4,00-0033854,D.Ogunbowale,RB,JAX,CIN,0,0,0.0,0,0.0,0.0,0.0,2,3.0,0,0,0,0.0,0,0.3,0.3,,,70.0,205.0,27.524588235294118,4.0,Wisconsin,2017.0,2017.0,,,,
2021,5,00-0033854,D.Ogunbowale,RB,JAX,TEN,0,0,0.0,0,0.0,0.0,0.0,0,0.0,0,1,1,19.0,0,1.9,2.9,,,70.0,205.0,27.524588235294118,4.0,Wisconsin,2017.0,2017.0,,,-18.0,0.030303031
2021,8,00-0033854,D.Ogunbowale,RB,JAX,SEA,0,0,0.0,0,0.0,0.0,0.0,2,9.0,0,1,1,9.0,0,1.8,2.8,,,70.0,205.0,27.524588235294118,4.0,Wisconsin,2017.0,2017.0,,,,0.01923077
2021,9,00-0033854,D.Ogunbowale,RB,JAX,BUF,0,0,0.0,0,0.0,0.0,0.0,1,1.0,0,1,1,4.0,0,0.5,1.5,,,70.0,205.0,27.524588235294118,4.0,Wisconsin,2017.0,2017.0,,,3.0,0.037037037
2021,12,00-0033854,D.Ogunbowale,RB,JAX,ATL,0,0,0.0,0,0.0,0.0,0.0,0,0.0,0,1,0,0.0,0,0.0,0.0,,,70.0,205.0,27.524588235294118,4.0,Wisconsin,2017.0,2017.0,,,-7.0,0.024390243
2021,14,00-0033854,D.Ogunbowale,RB,JAX,TEN,0,0,0.0,0,0.0,0.0,0.0,0,0.0,0,3,2,5.0,0,0.5,2.5,,,70.0,205.0,27.524588235294118,4.0,Wisconsin,2017.0,2017.0,,,,0.08108108
2021,15,00-0033854,D.Ogunbowale,RB,JAX,HOU,0,0,0.0,0,0.0,0.0,0.0,1,1.0,0,2,1,5.0,0,0.6,1.6,,,70.0,205.0,27.524588235294118,4.0,Wisconsin,2017.0,2017.0,,,-14.0,0.055555556
2021,16,00-0033854,D.Ogunbowale,RB,JAX,NYJ,0,0,0.0,0,0.0,0.0,0.0,17,57.0,1,4,2,15.0,0,13.2,15.2,,,70.0,205.0,27.524588235294118,4.0,Wisconsin,2017.0,2017.0,,,,0.114285715
2021,17,00-0033854,D.Ogunbowale,RB,JAX,NE,0,0,0.0,0,0.0,0.0,0.0,9,36.0,0,2,2,32.0,1,12.8,14.8,,,70.0,205.0,27.524588235294118,4.0,Wisconsin,2017.0,2017.0,,,,0.07692308
2021,18,00-0033854,D.Ogunbowale,RB,JAX,IND,0,0,0.0,0,0.0,0.0,0.0,11,30.0,0,6,3,25.0,0,5.5,8.5,,,70.0,205.0,27.524588235294118,4.0,Wisconsin,2017.0,2017.0,,,15.0,0.1875
2021,1,00-0033856,L.Fournette,RB,TB,DAL,0,0,0.0,0,0.0,0.0,0.0,9,32.0,0,7,5,27.0,0,5.9,10.9,,,72.0,228.0,26.833105263157893,4.0,Louisiana State,2017.0,2017.0,JAX,4.0,2.0,0.15555556
2021,2,00-0033856,L.Fournette,RB,TB,ATL,0,0,0.0,0,0.0,0.0,0.0,11,52.0,0,4,4,24.0,0,7.6,11.6,,,72.0,228.0,26.833105263157893,4.0,Louisiana State,2017.0,2017.0,JAX,4.0,23.0,0.114285715
2021,3,00-0033856,L.Fournette,RB,TB,LA,0,0,0.0,0,0.0,0.0,0.0,4,8.0,0,3,3,26.0,0,3.4,6.4,,,72.0,228.0,26.833105263157893,4.0,Louisiana State,2017.0,2017.0,JAX,4.0,,0.055555556
2021,4,00-0033856,L.Fournette,RB,TB,NE,0,0,0.0,0,0.0,0.0,0.0,20,92.0,0,5,3,47.0,0,13.9,16.9,,,72.0,228.0,26.833105263157893,4.0,Louisiana State,2017.0,2017.0,JAX,4.0,,0.11627907
2021,5,00-0033856,L.Fournette,RB,TB,MIA,0,0,0.0,0,0.0,0.0,0.0,12,67.0,1,5,4,43.0,0,17.0,21.0,,,72.0,228.0,26.833105263157893,4.0,Louisiana State,2017.0,2017.0,JAX,4.0,28.0,0.11904762
2021,6,00-0033856,L.Fournette,RB,TB,PHI,0,0,0.0,0,0.0,0.0,0.0,22,81.0,2,6,6,46.0,0,24.7,30.7,,,72.0,228.0,26.833105263157893,4.0,Louisiana State,2017.0,2017.0,JAX,4.0,,0.14285715
2021,7,00-0033856,L.Fournette,RB,TB,CHI,0,0,0.0,0,0.0,0.0,0.0,15,81.0,1,4,2,9.0,0,15.0,17.0,,,72.0,228.0,26.833105263157893,4.0,Louisiana State,2017.0,2017.0,JAX,4.0,35.0,0.102564104
2021,8,00-0033856,L.Fournette,RB,TB,NO,0,1,0.0,0,0.0,0.0,-0.0,8,26.0,0,5,3,17.0,0,4.3,7.3,,,72.0,228.0,26.833105263157893,4.0,Louisiana State,2017.0,2017.0,JAX,4.0,,0.12195122
2021,10,00-0033856,L.Fournette,RB,TB,WAS,0,0,0.0,0,0.0,0.0,0.0,11,47.0,0,9,8,45.0,0,9.2,17.2,,,72.0,228.0,26.833105263157893,4.0,Louisiana State,2017.0,2017.0,JAX,4.0,,0.27272728
2021,11,00-0033856,L.Fournette,RB,TB,NYG,0,0,0.0,0,0.0,0.0,0.0,10,35.0,0,6,6,39.0,0,7.4,13.4,,,72.0,228.0,26.833105263157893,4.0,Louisiana State,2017.0,2017.0,JAX,4.0,20.0,0.12765957
2021,12,00-0033856,L.Fournette,RB,TB,IND,0,0,0.0,0,0.0,0.0,0.0,17,100.0,3,8,7,31.0,1,37.1,44.1,,,72.0,228.0,26.833105263157893,4.0,Louisiana State,2017.0,2017.0,JAX,4.0,,0.23529412
2021,13,00-0033856,L.Fournette,RB,TB,ATL,0,0,0.0,0,0.0,0.0,0.0,13,44.0,0,8,7,48.0,1,15.2,22.2,,,72.0,228.0,26.833105263157893,4.0,Louisiana State,2017.0,2017.0,JAX,4.0,,0.15686275
2021,14,00-0033856,L.Fournette,RB,TB,BUF,0,0,0.0,0,0.0,0.0,0.0,19,113.0,1,7,4,19.0,0,19.2,23.2,,,72.0,228.0,26.833105263157893,4.0,Louisiana State,2017.0,2017.0,JAX,4.0,6.0,0.1521739
2021,15,00-0033856,L.Fournette,RB,TB,NO,0,0,0.0,0,0.0,0.0,0.0,9,34.0,0,7,7,33.0,0,6.7,13.7,,,72.0,228.0,26.833105263157893,4.0,Louisiana State,2017.0,2017.0,JAX,4.0,-9.0,0.14583333
2021,20,00-0033856,L.Fournette,RB,TB,LA,0,0,0.0,0,0.0,0.0,0.0,13,51.0,2,9,9,56.0,0,22.7,31.7,,,72.0,228.0,26.833105263157893,4.0,Louisiana State,2017.0,2017.0,JAX,4.0,-3.0,0.16981132
2021,1,00-0033857,J.Smith-Schuster,WR,PIT,BUF,0,0,0.0,0,0.0,0.0,0.0,0,0.0,0,8,4,52.0,0,5.2,9.2,,,73.0,215.0,24.980444444444444,4.0,Southern California,2017.0,2017.0,PIT,62.0,,0.25
2021,2,00-0033857,J.Smith-Schuster,WR,PIT,LV,0,0,0.0,0,0.0,0.0,0.0,1,3.0,1,7,6,41.0,0,10.4,16.4,,,73.0,215.0,24.980444444444444,4.0,Southern California,2017.0,2017.0,PIT,62.0,-9.0,0.175
2021,3,00-0033857,J.Smith-Schuster,WR,PIT,CIN,0,0,0.0,0,0.0,0.0,0.0,0,0.0,0,4,3,25.0,0,2.5,5.5,,,73.0,215.0,24.980444444444444,4.0,Southern California,2017.0,2017.0,PIT,62.0,-14.0,0.06896552
2021,4,00-0033857,J.Smith-Schuster,WR,PIT,GB,0,0,0.0,0,0.0,0.0,0.0,0,0.0,0,8,2,11.0,0,1.1,3.1,,,73.0,215.0,24.980444444444444,4.0,Southern California,2017.0,2017.0,PIT,62.0,,0.20512821
2021,5,00-0033857,J.Smith-Schuster,WR,PIT,DEN,0,0,0.0,0,0.0,0.0,0.0,2,6.0,0,1,0,0.0,0,0.6,0.6,,,73.0,215.0,24.980444444444444,4.0,Southern California,2017.0,2017.0,PIT,62.0,8.0,0.04
2021,19,00-0033857,J.Smith-Schuster,WR,PIT,KC,0,0,0.0,0,0.0,0.0,0.0,0,0.0,0,8,5,26.0,0,2.6,7.6,,,73.0,215.0,24.980444444444444,4.0,Southern California,2017.0,2017.0,PIT,62.0,,0.18181819
2021,1,00-0033858,J.Smith,TE,NE,MIA,0,0,0.0,0,0.0,0.0,0.0,1,6.0,0,5,5,42.0,0,4.8,9.8,,,75.0,248.0,26.2265,4.0,Florida International,2017.0,2017.0,TEN,100.0,-1.0,0.13157895
2021,2,00-0033858,J.Smith,TE,NE,NYJ,0,0,0.0,0,0.0,0.0,0.0,0,0.0,0,5,4,28.0,0,2.8,6.8,,,75.0,248.0,26.2265,4.0,Florida International,2017.0,2017.0,TEN,100.0,,0.17857143
2021,3,00-0033858,J.Smith,TE,NE,NO,0,0,0.0,0,0.0,0.0,0.0,0,0.0,0,6,1,4.0,0,0.4,1.4,,,75.0,248.0,26.2265,4.0,Florida International,2017.0,2017.0,TEN,100.0,-15.0,0.11764706
2021,4,00-0033858,J.Smith,TE,NE,TB,0,0,0.0,0,0.0,0.0,0.0,0,0.0,0,5,3,14.0,1,7.4,10.4,,,75.0,248.0,26.2265,4.0,Florida International,2017.0,2017.0,TEN,100.0,-2.0,0.11904762
2021,5,00-0033858,J.Smith,TE,NE,HOU,0,0,0.0,0,0.0,0.0,0.0,1,5.0,0,2,2,27.0,0,3.2,5.2,,,75.0,248.0,26.2265,4.0,Florida International,2017.0,2017.0,TEN,100.0,,0.071428575
2021,6,00-0033858,J.Smith,TE,NE,DAL,0,0,0.0,0,0.0,0.0,0.0,0,0.0,0,2,1,9.0,0,0.9,1.9,,,75.0,248.0,26.2265,4.0,Florida International,2017.0,2017.0,TEN,100.0,-6.0,0.0952381
2021,7,00-0033858,J.Smith,TE,NE,NYJ,0,0,0.0,0,0.0,0.0,0.0,1,5.0,0,5,2,52.0,0,5.7,7.7,,,75.0,248.0,26.2265,4.0,Florida International,2017.0,2017.0,TEN,100.0,41.0,0.125
2021,8,00-0033858,J.Smith,TE,NE,LAC,0,0,0.0,0,0.0,0.0,0.0,0,0.0,0,2,2,13.0,0,1.3,3.3,,,75.0,248.0,26.2265,4.0,Florida International,2017.0,2017.0,TEN,100.0,,0.05882353
2021,9,00-0033858,J.Smith,TE,NE,CAR,0,0,0.0,0,0.0,0.0,0.0,1,4.0,0,2,1,4.0,0,0.8,1.8,,,75.0,248.0,26.2265,4.0,Florida International,2017.0,2017.0,TEN,100.0,,0.11111111
2021,11,00-0033858,J.Smith,TE,NE,ATL,0,0,0.0,0,0.0,0.0,0.0,0,0.0,0,2,1,17.0,0,1.7,2.7,,,75.0,248.0,26.2265,4.0,Florida International,2017.0,2017.0,TEN,100.0,,0.07692308
2021,12,00-0033858,J.Smith,TE,NE,TEN,0,0,0.0,0,0.0,0.0,0.0,1,9.0,0,4,3,49.0,0,5.8,8.8,,,75.0,248.0,26.2265,4.0,Florida International,2017.0,2017.0,TEN,100.0,23.0,0.125
2021,13,00-0033858,J.Smith,TE,NE,BUF,0,0,0.0,0,0.0,0.0,0.0,1,-1.0,0,1,1,12.0,0,1.1,2.1,,,75.0,248.0,26.2265,4.0,Florida International,2017.0,2017.0,TEN,100.0,,0.33333334
2021,15,00-0033858,J.Smith,TE,NE,IND,0,0,0.0,0,0.0,0.0,0.0,1,2.0,0,3,1,3.0,0,0.5,1.5,,,75.0,248.0,26.2265,4.0,Florida International,2017.0,2017.0,TEN,100.0,,0.06818182
2021,17,00-0033858,J.Smith,TE,NE,JAX,0,0,0.0,0,0.0,0.0,0.0,1,5.0,0,1,1,20.0,0,2.5,3.5,,,75.0,248.0,26.2265,4.0,Florida International,2017.0,2017.0,TEN,100.0,40.0,0.030303031
2021,18,00-0033858,J.Smith,TE,NE,MIA,0,0,0.0,0,0.0,0.0,0.0,1,5.0,0,0,0,0.0,0,0.5,0.5,,,75.0,248.0,26.2265,4.0,Florida International,2017.0,2017.0,TEN,100.0,,
2021,2,00-0033869,M.Trubisky,QB,BUF,MIA,0,0,0.0,0,0.0,0.0,0.0,2,-2.0,0,0,0,0.0,0,-0.2,-0.2,,,74.0,215.0,27.248894736842107,4.0,North Carolina,2017.0,2017.0,CHI,2.0,,
2021,3,00-0033869,M.Trubisky,QB,BUF,WAS,1,1,1.0,0,0.0,0.0,-0.0,4,19.0,0,0,0,0.0,0,1.94,1.94,,,74.0,215.0,27.248894736842107,4.0,North Carolina,2017.0,2017.0,CHI,2.0,22.0,
2021,4,00-0033869,M.Trubisky,QB,BUF,HOU,1,1,8.0,0,0.0,0.0,-0.0,4,10.0,1,0,0,0.0,0,7.32,7.32,,,74.0,215.0,27.248894736842107,4.0,North Carolina,2017.0,2017.0,CHI,2.0,40.0,
2021,11,00-0033869,M.Trubisky,QB,BUF,IND,3,5,19.0,0,1.0,0.0,-0.0,0,0.0,0,0,0,0.0,0,-1.24,-1.24,,,74.0,215.0,27.248894736842107,4.0,North Carolina,2017.0,2017.0,CHI,2.0,-26.0,
2021,18,00-0033869,M.Trubisky,QB,BUF,NYJ,1,1,15.0,0,0.0,0.0,-0.0,3,-3.0,0,0,0,0.0,0,0.3,0.3,,,74.0,215.0,27.248894736842107,4.0,North Carolina,2017.0,2017.0,CHI,2.0,17.0,
2021,19,00-0033869,M.Trubisky,QB,BUF,NE,0,0,0.0,0,0.0,0.0,0.0,3,-2.0,0,0,0,0.0,0,-0.2,-0.2,,,74.0,215.0,27.248894736842107,4.0,North Carolina,2017.0,2017.0,CHI,2.0,30.0,
2021,1,00-0033871,C.Davis,WR,NYJ,CAR,0,0,0.0,0,0.0,0.0,0.0,0,0.0,0,7,5,97.0,2,21.7,26.7,,,75.0,209.0,26.835823529411766,4.0,Western Michigan,2017.0,2017.0,TEN,5.0,,0.19444445
2021,2,00-0033871,C.Davis,WR,NYJ,NE,0,0,0.0,0,0.0,0.0,0.0,0,0.0,0,5,2,8.0,0,0.8,2.8,,,75.0,209.0,26.835823529411766,4.0,Western Michigan,2017.0,2017.0,TEN,5.0,-19.0,0.15151516
2021,3,00-0033871,C.Davis,WR,NYJ,DEN,0,0,0.0,0,0.0,0.0,0.0,0,0.0,0,10,5,41.0,0,4.1,9.1,,,75.0,209.0,26.835823529411766,4.0,Western Michigan,2017.0,2017.0,TEN,5.0,,0.3030303
2021,4,00-0033871,C.Davis,WR,NYJ,TEN,0,0,0.0,0,0.0,0.0,0.0,0,0.0,0,7,4,111.0,1,17.1,21.1,,,75.0,209.0,26.835823529411766,4.0,Western Michigan,2017.0,2017.0,TEN,5.0,3.0,0.20588236
2021,5,00-0033871,C.Davis,WR,NYJ,ATL,0,0,0.0,0,0.0,0.0,0.0,0,0.0,0,7,4,45.0,0,4.5,8.5,,,75.0,209.0,26.835823529411766,4.0,Western Michigan,2017.0,2017.0,TEN,5.0,,0.22580644
2021,7,00-0033871,C.Davis,WR,NYJ,NE,0,0,0.0,0,0.0,0.0,0.0,0,0.0,0,6,4,47.0,1,10.7,14.7,,,75.0,209.0,26.835823529411766,4.0,Western Michigan,2017.0,2017.0,TEN,5.0,,0.14634146
2021,10,00-0033871,C.Davis,WR,NYJ,BUF,0,0,0.0,0,0.0,0.0,0.0,0,0.0,0,7,5,93.0,0,7.3,12.3,,,75.0,209.0,26.835823529411766,4.0,Western Michigan,2017.0,2017.0,TEN,5.0,-28.0,0.1521739
2021,11,00-0033871,C.Davis,WR,NYJ,MIA,0,0,0.0,0,0.0,0.0,0.0,0,0.0,0,7,3,35.0,0,3.5,6.5,,,75.0,209.0,26.835823529411766,4.0,Western Michigan,2017.0,2017.0,TEN,5.0,-7.0,0.2
2021,13,00-0033871,C.Davis,WR,NYJ,PHI,0,0,0.0,0,0.0,0.0,0.0,0,0.0,0,3,2,15.0,0,1.5,3.5,,,75.0,209.0,26.835823529411766,4.0,Western Michigan,2017.0,2017.0,TEN,5.0,-15.0,0.083333336
2021,1,00-0033873,P.Mahomes,QB,KC,CLE,27,36,337.0,3,0.0,2.0,13.0,5,18.0,1,0,0,0.0,0,33.28,33.28,,,75.0,230.0,26.178050000000002,4.0,Texas Tech,2017.0,2017.0,KC,10.0,4.0,
2021,2,00-0033873,P.Mahomes,QB,KC,BAL,24,31,343.0,3,1.0,0.0,-0.0,1,3.0,0,0,0,0.0,0,24.02,24.02,,,75.0,230.0,26.178050000000002,4.0,Texas Tech,2017.0,2017.0,KC,10.0,,
2021,3,00-0033873,P.Mahomes,QB,KC,LAC,27,44,260.0,3,2.0,2.0,9.0,4,45.0,0,0,0,0.0,0,22.9,22.9,,,75.0,230.0,26.178050000000002,4.0,Texas Tech,2017.0,2017.0,KC,10.0,-6.0,
2021,4,00-0033873,P.Mahomes,QB,KC,PHI,24,30,278.0,5,1.0,1.0,7.0,5,26.0,0,0,0,0.0,0,31.72,31.72,,,75.0,230.0,26.178050000000002,4.0,Texas Tech,2017.0,2017.0,KC,10.0,,
2021,5,00-0033873,P.Mahomes,QB,KC,BUF,33,54,272.0,2,2.0,2.0,-0.0,8,61.0,0,0,0,0.0,0,18.98,18.98,,,75.0,230.0,26.178050000000002,4.0,Texas Tech,2017.0,2017.0,KC,10.0,-18.0,
2021,6,00-0033873,P.Mahomes,QB,KC,WAS,32,47,397.0,2,2.0,3.0,7.0,3,31.0,0,0,0,0.0,0,22.98,22.98,,,75.0,230.0,26.178050000000002,4.0,Texas Tech,2017.0,2017.0,KC,10.0,,
2021,7,00-0033873,P.Mahomes,QB,KC,TEN,20,35,206.0,0,1.0,4.0,31.0,6,35.0,0,0,0,0.0,0,7.74,7.74,,,75.0,230.0,26.178050000000002,4.0,Texas Tech,2017.0,2017.0,KC,10.0,,
2021,8,00-0033873,P.Mahomes,QB,KC,NYG,29,48,275.0,1,1.0,2.0,14.0,3,10.0,0,0,0,0.0,0,14.0,14.0,,,75.0,230.0,26.178050000000002,4.0,Texas Tech,2017.0,2017.0,KC,10.0,3.0,
2021,9,00-0033873,P.Mahomes,QB,KC,GB,20,37,166.0,1,0.0,1.0,6.0,2,-2.0,0,0,0,0.0,0,10.44,10.44,,,75.0,230.0,26.178050000000002,4.0,Texas Tech,2017.0,2017.0,KC,10.0,6.0,
2021,10,00-0033873,P.Mahomes,QB,KC,LV,35,50,406.0,5,0.0,0.0,-0.0,0,0.0,0,0,0,0.0,0,36.24,36.24,,,75.0,230.0,26.178050000000002,4.0,Texas Tech,2017.0,2017.0,KC,10.0,,
2021,11,00-0033873,P.Mahomes,QB,KC,DAL,23,37,260.0,0,1.0,3.0,16.0,7,11.0,0,0,0,0.0,0,7.5,7.5,,,75.0,230.0,26.178050000000002,4.0,Texas Tech,2017.0,2017.0,KC,10.0,10.0,
2021,13,00-0033873,P.Mahomes,QB,KC,DEN,15,29,184.0,0,1.0,1.0,6.0,4,12.0,1,0,0,0.0,0,12.56,12.56,,,75.0,230.0,26.178050000000002,4.0,Texas Tech,2017.0,2017.0,KC,10.0,13.0,
2021,14,00-0033873,P.Mahomes,QB,KC,LV,20,24,258.0,2,0.0,3.0,18.0,4,20.0,0,0,0,0.0,0,20.32,20.32,,,75.0,230.0,26.178050000000002,4.0,Texas Tech,2017.0,2017.0,KC,10.0,39.0,
2021,15,00-0033873,P.Mahomes,QB,KC,LAC,31,47,410.0,3,1.0,1.0,-0.0,3,32.0,0,0,0,0.0,0,29.6,29.6,,,75.0,230.0,26.178050000000002,4.0,Texas Tech,2017.0,2017.0,KC,10.0,,
2021,16,00-0033873,P.Mahomes,QB,KC,PIT,23,30,258.0,3,0.0,2.0,4.0,0,0.0,0,0,0,0.0,0,22.32,22.32,,,75.0,230.0,26.178050000000002,4.0,Texas Tech,2017.0,2017.0,KC,10.0,26.0,
2021,17,00-0033873,P.Mahomes,QB,KC,CIN,26,35,259.0,2,0.0,0.0,-0.0,2,25.0,0,0,0,0.0,0,20.86,20.86,,,75.0,230.0,26.178050000000002,4.0,Texas Tech,2017.0,2017.0,KC,10.0,,
2021,18,00-0033873,P.Mahomes,QB,KC,DEN,27,44,270.0,2,0.0,1.0,15.0,9,54.0,0,0,0,0.0,0,26.2,26.2,,,75.0,230.0,26.178050000000002,4.0,Texas Tech,2017.0,2017.0,KC,10.0,,
2021,19,00-0033873,P.Mahomes,QB,KC,PIT,30,39,404.0,5,1.0,3.0,34.0,3,29.0,0,0,0,0.0,0,37.06,37.06,,,75.0,230.0,26.178050000000002,4.0,Texas Tech,2017.0,2017.0,KC,10.0,21.0,
2021,20,00-0033873,P.Mahomes,QB,KC,BUF,33,44,378.0,3,0.0,2.0,8.0,7,69.0,1,0,0,0.0,0,40.02,40.02,,,75.0,230.0,26.178050000000002,4.0,Texas Tech,2017.0,2017.0,KC,10.0,6.0,
2021,21,00-0033873,P.Mahomes,QB,KC,CIN,26,39,275.0,3,2.0,4.0,39.0,3,19.0,0,0,0,0.0,0,20.9,20.9,,,75.0,230.0,26.178050000000002,4.0,Texas Tech,2017.0,2017.0,KC,10.0,-3.0,
2021,2,00-0033879,O.Howard,TE,TB,ATL,0,0,0.0,0,0.0,0.0,0.0,0,0.0,0,1,1,21.0,0,2.1,3.1,,,78.0,250.0,27.00010526315789,4.0,Alabama,2017.0,2017.0,TB,19.0,23.0,0.028571429
2021,3,00-0033879,O.Howard,TE,TB,LA,0,0,0.0,0,0.0,0.0,0.0,0,0.0,0,1,1,11.0,0,1.1,2.1,,,78.0,250.0,27.00010526315789,4.0,Alabama,2017.0,2017.0,TB,19.0,,0.018518519
2021,4,00-0033879,O.Howard,TE,TB,NE,0,0,0.0,0,0.0,0.0,0.0,0,0.0,0,1,0,0.0,0,0.0,0.0,,,78.0,250.0,27.00010526315789,4.0,Alabama,2017.0,2017.0,TB,19.0,,0.023255814
2021,5,00-0033879,O.Howard,TE,TB,MIA,0,0,0.0,0,0.0,0.0,0.0,0,0.0,0,3,2,19.0,0,1.9,3.9,,,78.0,250.0,27.00010526315789,4.0,Alabama,2017.0,2017.0,TB,19.0,28.0,0.071428575
2021,6,00-0033879,O.Howard,TE,TB,PHI,0,0,0.0,0,0.0,0.0,0.0,0,0.0,0,7,6,49.0,1,10.9,16.9,,,78.0,250.0,27.00010526315789,4.0,Alabama,2017.0,2017.0,TB,19.0,,0.16666667
2021,7,00-0033879,O.Howard,TE,TB,CHI,0,0,0.0,0,0.0,0.0,0.0,0,0.0,0,3,1,9.0,0,0.9,1.9,,,78.0,250.0,27.00010526315789,4.0,Alabama,2017.0,2017.0,TB,19.0,35.0,0.07692308
2021,8,00-0033879,O.Howard,TE,TB,NO,0,0,0.0,0,0.0,0.0,0.0,0,0.0,0,3,2,16.0,0,1.6,3.6,,,78.0,250.0,27.00010526315789,4.0,Alabama,2017.0,2017.0,TB,19.0,,0.07317073
2021,11,00-0033879,O.Howard,TE,TB,NYG,0,0,0.0,0,0.0,0.0,0.0,0,0.0,0,1,1,10.0,0,1.0,2.0,,,78.0,250.0,27.00010526315789,4.0,Alabama,2017.0,2017.0,TB,19.0,20.0,0.021276595
2021,15,00-0033879,O.Howard,TE,TB,NO,0,0,0.0,0,0.0,0.0,0.0,0,0.0,0,1,0,0.0,0,0.0,0.0,,,78.0,250.0,27.00010526315789,4.0,Alabama,2017.0,2017.0,TB,19.0,-9.0,0.020833334
2021,19,00-0033879,O.Howard,TE,TB,PHI,0,0,0.0,0,0.0,0.0,0.0,0,0.0,0,1,1,3.0,0,0.3,1.3,,,78.0,250.0,27.00010526315789,4.0,Alabama,2017.0,2017.0,TB,19.0,16.0,0.027777778
2021,20,00-0033879,O.Howard,TE,TB,LA,0,0,0.0,0,0.0,0.0,0.0,0,0.0,0,1,1,7.0,0,0.7,1.7,,,78.0,250.0,27.00010526315789,4.0,Alabama,2017.0,2017.0,TB,19.0,-3.0,0.018867925
2021,3,00-0033881,E.Engram,TE,NYG,ATL,0,0,0.0,0,0.0,0.0,0.0,0,0.0,0,6,2,21.0,0,0.1,2.1,,,75.0,240.0,27.190235294117645,4.0,Mississippi,2017.0,2017.0,NYG,23.0,-3.0,0.17142858
2021,4,00-0033881,E.Engram,TE,NYG,NO,0,0,0.0,0,0.0,0.0,0.0,1,-3.0,0,6,5,27.0,0,2.4,7.4,,,75.0,240.0,27.190235294117645,4.0,Mississippi,2017.0,2017.0,NYG,23.0,,0.16666667
2021,5,00-0033881,E.Engram,TE,NYG,DAL,0,0,0.0,0,0.0,0.0,0.0,0,0.0,0,4,4,55.0,0,5.5,9.5,,,75.0,240.0,27.190235294117645,4.0,Mississippi,2017.0,2017.0,NYG,23.0,,0.10810811
2021,6,00-0033881,E.Engram,TE,NYG,LA,0,0,0.0,0,0.0,0.0,0.0,0,0.0,0,5,3,24.0,0,2.4,5.4,,,75.0,240.0,27.190235294117645,4.0,Mississippi,2017.0,2017.0,NYG,23.0,-27.0,0.104166664
2021,7,00-0033881,E.Engram,TE,NYG,CAR,0,0,0.0,0,0.0,0.0,0.0,0,0.0,0,8,6,44.0,0,4.4,10.4,,,75.0,240.0,27.190235294117645,4.0,Mississippi,2017.0,2017.0,NYG,23.0,22.0,0.24242425
2021,8,00-0033881,E.Engram,TE,NYG,KC,0,0,0.0,0,0.0,0.0,0.0,0,0.0,0,4,3,15.0,1,7.5,10.5,,,75.0,240.0,27.190235294117645,4.0,Mississippi,2017.0,2017.0,NYG,23.0,,0.121212125
2021,9,00-0033881,E.Engram,TE,NYG,LV,0,0,0.0,0,0.0,0.0,0.0,0,0.0,0,3,3,38.0,1,9.8,12.8,,,75.0,240.0,27.190235294117645,4.0,Mississippi,2017.0,2017.0,NYG,23.0,7.0,0.16666667
2021,11,00-0033881,E.Engram,TE,NYG,TB,0,0,0.0,0,0.0,0.0,0.0,0,0.0,0,5,2,12.0,0,1.2,3.2,,,75.0,240.0,27.190235294117645,4.0,Mississippi,2017.0,2017.0,NYG,23.0,,0.13513513
2021,12,00-0033881,E.Engram,TE,NYG,PHI,0,0,0.0,0,0.0,0.0,0.0,0,0.0,0,6,3,37.0,0,3.7,6.7,,,75.0,240.0,27.190235294117645,4.0,Mississippi,2017.0,2017.0,NYG,23.0,6.0,0.20689656
2021,13,00-0033881,E.Engram,TE,NYG,MIA,0,0,0.0,0,0.0,0.0,0.0,0,0.0,0,5,4,61.0,0,6.1,10.1,,,75.0,240.0,27.190235294117645,4.0,Mississippi,2017.0,2017.0,NYG,23.0,,0.13157895
2021,14,00-0033881,E.Engram,TE,NYG,LAC,0,0,0.0,0,0.0,0.0,0.0,0,0.0,0,4,1,8.0,0,0.8,1.8,,,75.0,240.0,27.190235294117645,4.0,Mississippi,2017.0,2017.0,NYG,23.0,,0.11764706
2021,15,00-0033881,E.Engram,TE,NYG,DAL,0,0,0.0,0,0.0,0.0,0.0,0,0.0,0,5,4,33.0,0,3.3,7.3,,,75.0,240.0,27.190235294117645,4.0,Mississippi,2017.0,2017.0,NYG,23.0,-15.0,0.1388889
2021,16,00-0033881,E.Engram,TE,NYG,PHI,0,0,0.0,0,0.0,0.0,0.0,0,0.0,0,5,4,17.0,1,7.7,11.7,,,75.0,240.0,27.190235294117645,4.0,Mississippi,2017.0,2017.0,NYG,23.0,,0.12195122
2021,17,00-0033881,E.Engram,TE,NYG,CHI,0,0,0.0,0,0.0,0.0,0.0,0,0.0,0,2,1,12.0,0,1.2,2.2,,,75.0,240.0,27.190235294117645,4.0,Mississippi,2017.0,2017.0,NYG,23.0,,0.18181819
2021,18,00-0033881,E.Engram,TE,NYG,WAS,0,0,0.0,0,0.0,0.0,0.0,0,0.0,0,5,1,4.0,0,0.4,1.4,,,75.0,240.0,27.190235294117645,4.0,Mississippi,2017.0,2017.0,NYG,23.0,-15.0,0.16666667
2021,1,00-0033885,D.Njoku,TE,CLE,KC,0,0,0.0,0,0.0,0.0,0.0,0,0.0,0,5,3,76.0,0,7.6,10.6,,,76.0,246.0,25.333176470588235,4.0,Miami,2017.0,2017.0,CLE,29.0,,0.18518518
2021,2,00-0033885,D.Njoku,TE,CLE,HOU,0,0,0.0,0,0.0,0.0,0.0,0,0.0,0,3,2,18.0,0,1.8,3.8,,,76.0,246.0,25.333176470588235,4.0,Miami,2017.0,2017.0,CLE,29.0,10.0,0.14285715
2021,4,00-0033885,D.Njoku,TE,CLE,MIN,0,0,0.0,0,0.0,0.0,0.0,0,0.0,0,2,2,17.0,0,1.7,3.7,,,76.0,246.0,25.333176470588235,4.0,Miami,2017.0,2017.0,CLE,29.0,,0.06451613
2021,5,00-0033885,D.Njoku,TE,CLE,LAC,0,0,0.0,0,0.0,0.0,0.0,0,0.0,0,7,7,149.0,1,20.9,27.9,,,76.0,246.0,25.333176470588235,4.0,Miami,2017.0,2017.0,CLE,29.0,,0.2413793
2021,6,00-0033885,D.Njoku,TE,CLE,ARI,0,0,0.0,0,0.0,0.0,0.0,0,0.0,0,2,1,6.0,0,0.6,1.6,,,76.0,246.0,25.333176470588235,4.0,Miami,2017.0,2017.0,CLE,29.0,-23.0,0.06451613
2021,7,00-0033885,D.Njoku,TE,CLE,DEN,0,0,0.0,0,0.0,0.0,0.0,0,0.0,0,2,2,18.0,0,1.8,3.8,,,76.0,246.0,25.333176470588235,4.0,Miami,2017.0,2017.0,CLE,29.0,3.0,0.0625
2021,8,00-0033885,D.Njoku,TE,CLE,PIT,0,0,0.0,0,0.0,0.0,0.0,0,0.0,0,3,3,39.0,0,3.9,6.9,,,76.0,246.0,25.333176470588235,4.0,Miami,2017.0,2017.0,CLE,29.0,-5.0,0.09677419
2021,9,00-0033885,D.Njoku,TE,CLE,CIN,0,0,0.0,0,0.0,0.0,0.0,0,0.0,0,3,1,18.0,1,7.8,8.8,,,76.0,246.0,25.333176470588235,4.0,Miami,2017.0,2017.0,CLE,29.0,,0.15789473
2021,10,00-0033885,D.Njoku,TE,CLE,NE,0,0,0.0,0,0.0,0.0,0.0,0,0.0,0,4,1,11.0,0,1.1,2.1,,,76.0,246.0,25.333176470588235,4.0,Miami,2017.0,2017.0,CLE,29.0,,0.12903225
2021,11,00-0033885,D.Njoku,TE,CLE,DET,0,0,0.0,0,0.0,0.0,0.0,1,1.0,0,4,2,20.0,0,2.1,4.1,,,76.0,246.0,25.333176470588235,4.0,Miami,2017.0,2017.0,CLE,29.0,3.0,0.14285715
2021,12,00-0033885,D.Njoku,TE,CLE,BAL,0,0,0.0,0,0.0,0.0,0.0,0,0.0,0,5,3,35.0,1,9.5,12.5,,,76.0,246.0,25.333176470588235,4.0,Miami,2017.0,2017.0,CLE,29.0,,0.14705883
2021,15,00-0033885,D.Njoku,TE,CLE,LV,0,0,0.0,0,0.0,0.0,0.0,0,0.0,0,5,3,29.0,0,2.9,5.9,,,76.0,246.0,25.333176470588235,4.0,Miami,2017.0,2017.0,CLE,29.0,-2.0,0.1724138
2021,16,00-0033885,D.Njoku,TE,CLE,GB,0,0,0.0,0,0.0,0.0,0.0,0,0.0,0,2,0,0.0,0,0.0,0.0,,,76.0,246.0,25.333176470588235,4.0,Miami,2017.0,2017.0,CLE,29.0,,0.055555556
2021,17,00-0033885,D.Njoku,TE,CLE,PIT,0,0,0.0,0,0.0,0.0,0.0,0,0.0,0,4,4,28.0,1,8.8,12.8,,,76.0,246.0,25.333176470588235,4.0,Miami,2017.0,2017.0,CLE,29.0,,0.11111111
2021,18,00-0033885,D.Njoku,TE,CLE,CIN,0,0,0.0,0,0.0,0.0,0.0,0,0.0,0,2,2,11.0,0,1.1,3.1,,,76.0,246.0,25.333176470588235,4.0,Miami,2017.0,2017.0,CLE,29.0,5.0,0.083333336
2021,1,00-0033891,Z.Jones,WR,LV,BAL,0,0,0.0,0,0.0,0.0,0.0,0,0.0,0,2,2,46.0,1,10.6,12.6,,,74.0,200.0,26.630333333333333,4.0,East Carolina,2017.0,2017.0,BUF,37.0,6.0,0.03846154
2021,3,00-0033891,Z.Jones,WR,LV,MIA,0,0,0.0,0,0.0,0.0,0.0,0,0.0,0,1,1,15.0,0,1.5,2.5,,,74.0,200.0,26.630333333333333,4.0,East Carolina,2017.0,2017.0,BUF,37.0,3.0,0.025
2021,4,00-0033891,Z.Jones,WR,LV,LAC,0,0,0.0,0,0.0,0.0,0.0,0,0.0,0,1,1,5.0,0,0.5,1.5,,,74.0,200.0,26.630333333333333,4.0,East Carolina,2017.0,2017.0,BUF,37.0,,0.03125
2021,5,00-0033891,Z.Jones,WR,LV,CHI,0,0,0.0,0,0.0,0.0,0.0,0,0.0,0,2,1,6.0,0,0.6,1.6,,,74.0,200.0,26.630333333333333,4.0,East Carolina,2017.0,2017.0,BUF,37.0,-11.0,0.057142857
2021,7,00-0033891,Z.Jones,WR,LV,PHI,0,0,0.0,0,0.0,0.0,0.0,0,0.0,0,1,1,43.0,0,4.3,5.3,,,74.0,200.0,26.630333333333333,4.0,East Carolina,2017.0,2017.0,BUF,37.0,11.0,0.029411765
2021,9,00-0033891,Z.Jones,WR,LV,NYG,0,0,0.0,0,0.0,0.0,0.0,0,0.0,0,4,1,20.0,0,2.0,3.0,,,74.0,200.0,26.630333333333333,4.0,East Carolina,2017.0,2017.0,BUF,37.0,,0.08695652
2021,10,00-0033891,Z.Jones,WR,LV,KC,0,0,0.0,0,0.0,0.0,0.0,0,0.0,0,3,1,22.0,0,2.2,3.2,,,74.0,200.0,26.630333333333333,4.0,East Carolina,2017.0,2017.0,BUF,37.0,-27.0,0.0882353
2021,11,00-0033891,Z.Jones,WR,LV,CIN,0,0,0.0,0,0.0,0.0,0.0,0,0.0,0,2,1,20.0,0,2.0,3.0,,,74.0,200.0,26.630333333333333,4.0,East Carolina,2017.0,2017.0,BUF,37.0,-19.0,0.08
2021,12,00-0033891,Z.Jones,WR,LV,DAL,0,0,0.0,0,0.0,0.0,0.0,1,4.0,0,7,5,59.0,0,6.3,11.3,,,74.0,200.0,26.630333333333333,4.0,East Carolina,2017.0,2017.0,BUF,37.0,,0.18421052
2021,13,00-0033891,Z.Jones,WR,LV,WAS,0,0,0.0,0,0.0,0.0,0.0,0,0.0,0,5,3,21.0,0,2.1,5.1,,,74.0,200.0,26.630333333333333,4.0,East Carolina,2017.0,2017.0,BUF,37.0,-2.0,0.1388889
2021,14,00-0033891,Z.Jones,WR,LV,KC,0,0,0.0,0,0.0,0.0,0.0,0,0.0,0,7,5,25.0,0,0.5,5.5,,,74.0,200.0,26.630333333333333,4.0,East Carolina,2017.0,2017.0,BUF,37.0,,0.1627907
2021,15,00-0033891,Z.Jones,WR,LV,CLE,0,0,0.0,0,0.0,0.0,0.0,0,0.0,0,9,6,67.0,0,6.7,12.7,,,74.0,200.0,26.630333333333333,4.0,East Carolina,2017.0,2017.0,BUF,37.0,,0.25
2021,16,00-0033891,Z.Jones,WR,LV,DEN,0,0,0.0,0,0.0,0.0,0.0,0,0.0,0,8,6,50.0,0,5.0,11.0,,,74.0,200.0,26.630333333333333,4.0,East Carolina,2017.0,2017.0,BUF,37.0,4.0,0.32
2021,17,00-0033891,Z.Jones,WR,LV,IND,0,0,0.0,0,0.0,0.0,0.0,1,-1.0,0,10,8,120.0,0,11.9,19.9,,,74.0,200.0,26.630333333333333,4.0,East Carolina,2017.0,2017.0,BUF,37.0,,0.3125
2021,18,00-0033891,Z.Jones,WR,LV,LAC,0,0,0.0,0,0.0,0.0,0.0,0,0.0,0,8,5,27.0,0,2.7,7.7,,,74.0,200.0,26.630333333333333,4.0,East Carolina,2017.0,2017.0,BUF,37.0,3.0,0.24242425
2021,19,00-0033891,Z.Jones,WR,LV,CIN,0,0,0.0,0,0.0,0.0,0.0,0,0.0,0,8,5,61.0,1,12.1,17.1,,,74.0,200.0,26.630333333333333,4.0,East Carolina,2017.0,2017.0,BUF,37.0,,0.1632653
2021,1,00-0033893,D.Cook,RB,MIN,CIN,0,0,0.0,0,0.0,0.0,0.0,20,61.0,1,7,6,43.0,0,14.4,20.4,,,70.0,210.0,26.257176470588234,4.0,Florida State,2017.0,2017.0,MIN,41.0,,0.14893617
2021,2,00-0033893,D.Cook,RB,MIN,ARI,0,0,0.0,0,0.0,0.0,0.0,22,131.0,0,3,2,17.0,0,14.8,16.8,,,70.0,210.0,26.257176470588234,4.0,Florida State,2017.0,2017.0,MIN,41.0,,0.09375
2021,4,00-0033893,D.Cook,RB,MIN,CLE,0,0,0.0,0,0.0,0.0,0.0,9,34.0,0,6,2,10.0,0,4.4,6.4,,,70.0,210.0,26.257176470588234,4.0,Florida State,2017.0,2017.0,MIN,41.0,-7.0,0.16666667
2021,6,00-0033893,D.Cook,RB,MIN,CAR,0,0,0.0,0,0.0,0.0,0.0,29,140.0,1,2,2,3.0,0,20.3,22.3,,,70.0,210.0,26.257176470588234,4.0,Florida State,2017.0,2017.0,MIN,41.0,,0.044444446
2021,8,00-0033893,D.Cook,RB,MIN,DAL,0,0,0.0,0,0.0,0.0,0.0,18,78.0,0,2,0,0.0,0,7.8,7.8,,,70.0,210.0,26.257176470588234,4.0,Florida State,2017.0,2017.0,MIN,41.0,-4.0,0.060606062
2021,9,00-0033893,D.Cook,RB,MIN,BAL,0,0,0.0,0,0.0,0.0,0.0,17,110.0,0,3,3,12.0,0,12.2,15.2,,,70.0,210.0,26.257176470588234,4.0,Florida State,2017.0,2017.0,MIN,41.0,,0.10714286
2021,10,00-0033893,D.Cook,RB,MIN,LAC,0,0,0.0,0,0.0,0.0,0.0,24,94.0,1,5,3,24.0,0,17.8,20.8,,,70.0,210.0,26.257176470588234,4.0,Florida State,2017.0,2017.0,MIN,41.0,,0.14285715
2021,11,00-0033893,D.Cook,RB,MIN,GB,0,0,0.0,0,0.0,0.0,0.0,22,86.0,1,4,3,29.0,0,19.5,22.5,,,70.0,210.0,26.257176470588234,4.0,Florida State,2017.0,2017.0,MIN,41.0,3.0,0.11764706
2021,12,00-0033893,D.Cook,RB,MIN,SF,0,0,0.0,0,0.0,0.0,0.0,10,39.0,0,7,6,64.0,0,8.3,14.3,,,70.0,210.0,26.257176470588234,4.0,Florida State,2017.0,2017.0,MIN,41.0,,0.21875
2021,14,00-0033893,D.Cook,RB,MIN,PIT,0,0,0.0,0,0.0,0.0,0.0,27,205.0,2,3,1,17.0,0,34.2,35.2,,,70.0,210.0,26.257176470588234,4.0,Florida State,2017.0,2017.0,MIN,41.0,8.0,0.09677419
2021,15,00-0033893,D.Cook,RB,MIN,CHI,0,0,0.0,0,0.0,0.0,0.0,28,89.0,0,3,2,2.0,0,9.1,11.1,,,70.0,210.0,26.257176470588234,4.0,Florida State,2017.0,2017.0,MIN,41.0,,0.13636364
2021,17,00-0033893,D.Cook,RB,MIN,GB,0,0,0.0,0,0.0,0.0,0.0,9,13.0,0,3,3,0.0,0,1.3,4.3,,,70.0,210.0,26.257176470588234,4.0,Florida State,2017.0,2017.0,MIN,41.0,,0.08108108
2021,18,00-0033893,D.Cook,RB,MIN,CHI,0,0,0.0,0,0.0,0.0,0.0,14,79.0,0,1,1,3.0,0,8.2,9.2,,,70.0,210.0,26.257176470588234,4.0,Florida State,2017.0,2017.0,MIN,41.0,14.0,0.04761905
2021,1,00-0033895,G.Everett,TE,SEA,IND,0,0,0.0,0,0.0,0.0,0.0,0,0.0,0,2,2,20.0,1,8.0,10.0,,,75.0,240.0,27.38058823529412,4.0,South Alabama,2017.0,2017.0,LA,44.0,,0.0952381
2021,2,00-0033895,G.Everett,TE,SEA,TEN,0,0,0.0,0,0.0,0.0,0.0,0,0.0,0,2,1,3.0,0,0.3,1.3,,,75.0,240.0,27.38058823529412,4.0,South Alabama,2017.0,2017.0,LA,44.0,-3.0,0.06451613
2021,3,00-0033895,G.Everett,TE,SEA,MIN,0,0,0.0,0,0.0,0.0,0.0,0,0.0,0,5,5,54.0,0,5.4,10.4,,,75.0,240.0,27.38058823529412,4.0,South Alabama,2017.0,2017.0,LA,44.0,,0.17857143
2021,6,00-0033895,G.Everett,TE,SEA,PIT,0,0,0.0,0,0.0,0.0,0.0,0,0.0,0,3,2,40.0,0,4.0,6.0,,,75.0,240.0,27.38058823529412,4.0,South Alabama,2017.0,2017.0,LA,44.0,,0.09677419
2021,7,00-0033895,G.Everett,TE,SEA,NO,0,0,0.0,0,0.0,0.0,0.0,1,12.0,0,3,3,11.0,0,2.3,5.3,,,75.0,240.0,27.38058823529412,4.0,South Alabama,2017.0,2017.0,LA,44.0,-3.0,0.15789473
2021,8,00-0033895,G.Everett,TE,SEA,JAX,0,0,0.0,0,0.0,0.0,0.0,1,-5.0,0,2,1,7.0,0,0.2,1.2,,,75.0,240.0,27.38058823529412,4.0,South Alabama,2017.0,2017.0,LA,44.0,24.0,0.09090909
2021,10,00-0033895,G.Everett,TE,SEA,GB,0,0,0.0,0,0.0,0.0,0.0,0,0.0,0,8,8,63.0,0,6.3,14.3,,,75.0,240.0,27.38058823529412,4.0,South Alabama,2017.0,2017.0,LA,44.0,,0.21052632
2021,11,00-0033895,G.Everett,TE,SEA,ARI,0,0,0.0,0,0.0,0.0,0.0,0,0.0,0,4,3,37.0,0,3.7,6.7,,,75.0,240.0,27.38058823529412,4.0,South Alabama,2017.0,2017.0,LA,44.0,-10.0,0.16
2021,12,00-0033895,G.Everett,TE,SEA,WAS,0,0,0.0,0,0.0,0.0,0.0,0,0.0,0,9,5,37.0,1,9.7,14.7,,,75.0,240.0,27.38058823529412,4.0,South Alabama,2017.0,2017.0,LA,44.0,,0.29032257
2021,13,00-0033895,G.Everett,TE,SEA,SF,0,0,0.0,0,0.0,0.0,0.0,0,0.0,0,6,4,7.0,0,-3.3,0.7,,,75.0,240.0,27.38058823529412,4.0,South Alabama,2017.0,2017.0,LA,44.0,7.0,0.16216215
2021,14,00-0033895,G.Everett,TE,SEA,HOU,0,0,0.0,0,0.0,0.0,0.0,1,13.0,0,2,2,15.0,1,8.8,10.8,,,75.0,240.0,27.38058823529412,4.0,South Alabama,2017.0,2017.0,LA,44.0,,0.071428575
2021,15,00-0033895,G.Everett,TE,SEA,LA,0,0,0.0,0,0.0,0.0,0.0,0,0.0,0,4,4,60.0,0,6.0,10.0,,,75.0,240.0,27.38058823529412,4.0,South Alabama,2017.0,2017.0,LA,44.0,,0.14285715
2021,16,00-0033895,G.Everett,TE,SEA,CHI,0,0,0.0,0,0.0,0.0,0.0,0,0.0,0,5,4,68.0,1,12.8,16.8,,,75.0,240.0,27.38058823529412,4.0,South Alabama,2017.0,2017.0,LA,44.0,-1.0,0.18518518
2021,17,00-0033895,G.Everett,TE,SEA,DET,0,0,0.0,0,0.0,0.0,0.0,0,0.0,0,5,3,36.0,0,3.6,6.6,,,75.0,240.0,27.38058823529412,4.0,South Alabama,2017.0,2017.0,LA,44.0,22.0,0.17857143
2021,18,00-0033895,G.Everett,TE,SEA,ARI,0,0,0.0,0,0.0,0.0,0.0,0,0.0,0,3,1,20.0,0,2.0,3.0,,,75.0,240.0,27.38058823529412,4.0,South Alabama,2017.0,2017.0,LA,44.0,,0.115384616
2021,4,00-0033896,A.Shaheen,TE,MIA,IND,0,0,0.0,0,0.0,0.0,0.0,0,0.0,0,1,0,0.0,0,0.0,0.0,,,79.0,257.0,27.043235294117647,4.0,Ashland,2017.0,2017.0,CHI,45.0,-10.0,0.033333335
2021,5,00-0033896,A.Shaheen,TE,MIA,TB,0,0,0.0,0,0.0,0.0,0.0,0,0.0,0,2,2,15.0,0,1.5,3.5,,,79.0,257.0,27.043235294117647,4.0,Ashland,2017.0,2017.0,CHI,45.0,,0.051282052
2021,7,00-0033896,A.Shaheen,TE,MIA,ATL,0,0,0.0,0,0.0,0.0,0.0,0,0.0,0,5,4,23.0,0,2.3,6.3,,,79.0,257.0,27.043235294117647,4.0,Ashland,2017.0,2017.0,CHI,45.0,-2.0,0.125
2021,8,00-0033896,A.Shaheen,TE,MIA,BUF,0,0,0.0,0,0.0,0.0,0.0,0,0.0,0,1,1,8.0,0,0.8,1.8,,,79.0,257.0,27.043235294117647,4.0,Ashland,2017.0,2017.0,CHI,45.0,,0.027777778
2021,9,00-0033896,A.Shaheen,TE,MIA,HOU,0,0,0.0,0,0.0,0.0,0.0,0,0.0,0,2,1,11.0,0,1.1,2.1,,,79.0,257.0,27.043235294117647,4.0,Ashland,2017.0,2017.0,CHI,45.0,8.0,0.05
2021,10,00-0033896,A.Shaheen,TE,MIA,BAL,0,0,0.0,0,0.0,0.0,0.0,0,0.0,0,4,3,34.0,0,3.4,6.4,,,79.0,257.0,27.043235294117647,4.0,Ashland,2017.0,2017.0,CHI,45.0,12.0,0.11764706
2021,11,00-0033896,A.Shaheen,TE,MIA,NYJ,0,0,0.0,0,0.0,0.0,0.0,0,0.0,0,1,1,19.0,0,1.9,2.9,,,79.0,257.0,27.043235294117647,4.0,Ashland,2017.0,2017.0,CHI,45.0,,0.029411765
2021,1,00-0033897,J.Mixon,RB,CIN,MIN,0,0,0.0,0,0.0,0.0,0.0,29,127.0,1,4,4,23.0,0,21.0,25.0,,,73.0,220.0,25.339095238095236,4.0,Oklahoma,2017.0,2017.0,CIN,48.0,3.0,0.15384616
2021,2,00-0033897,J.Mixon,RB,CIN,CHI,0,0,0.0,0,0.0,0.0,0.0,20,69.0,0,2,1,2.0,0,7.1,8.1,,,73.0,220.0,25.339095238095236,4.0,Oklahoma,2017.0,2017.0,CIN,48.0,,0.06896552
2021,3,00-0033897,J.Mixon,RB,CIN,PIT,0,0,0.0,0,0.0,0.0,0.0,18,90.0,0,1,1,4.0,0,9.4,10.4,,,73.0,220.0,25.339095238095236,4.0,Oklahoma,2017.0,2017.0,CIN,48.0,,0.055555556
2021,4,00-0033897,J.Mixon,RB,CIN,JAX,0,0,0.0,0,0.0,0.0,0.0,16,67.0,1,2,1,0.0,0,12.7,13.7,,,73.0,220.0,25.339095238095236,4.0,Oklahoma,2017.0,2017.0,CIN,48.0,3.0,0.0625
2021,5,00-0033897,J.Mixon,RB,CIN,GB,0,0,0.0,0,0.0,0.0,0.0,10,33.0,1,1,1,2.0,0,9.5,10.5,,,73.0,220.0,25.339095238095236,4.0,Oklahoma,2017.0,2017.0,CIN,48.0,-3.0,0.027027028
2021,6,00-0033897,J.Mixon,RB,CIN,DET,0,0,0.0,0,0.0,0.0,0.0,18,94.0,0,6,5,59.0,1,21.3,26.3,,,73.0,220.0,25.339095238095236,4.0,Oklahoma,2017.0,2017.0,CIN,48.0,,0.20689656
2021,7,00-0033897,J.Mixon,RB,CIN,BAL,0,0,0.0,0,0.0,0.0,0.0,12,59.0,1,0,0,0.0,0,11.9,11.9,,,73.0,220.0,25.339095238095236,4.0,Oklahoma,2017.0,2017.0,CIN,48.0,,
2021,8,00-0033897,J.Mixon,RB,CIN,NYJ,0,0,0.0,0,0.0,0.0,0.0,14,33.0,1,5,4,58.0,1,21.1,25.1,,,73.0,220.0,25.339095238095236,4.0,Oklahoma,2017.0,2017.0,CIN,48.0,,0.14705883
2021,9,00-0033897,J.Mixon,RB,CIN,CLE,0,0,0.0,0,0.0,0.0,0.0,13,64.0,2,5,5,46.0,0,23.0,28.0,,,73.0,220.0,25.339095238095236,4.0,Oklahoma,2017.0,2017.0,CIN,48.0,-25.0,0.12195122
2021,11,00-0033897,J.Mixon,RB,CIN,LV,0,0,0.0,0,0.0,0.0,0.0,30,123.0,2,0,0,0.0,0,24.3,24.3,,,73.0,220.0,25.339095238095236,4.0,Oklahoma,2017.0,2017.0,CIN,48.0,,
2021,12,00-0033897,J.Mixon,RB,CIN,PIT,0,0,0.0,0,0.0,0.0,0.0,28,165.0,2,4,4,-2.0,0,28.3,32.3,,,73.0,220.0,25.339095238095236,4.0,Oklahoma,2017.0,2017.0,CIN,48.0,31.0,0.16666667
2021,13,00-0033897,J.Mixon,RB,CIN,LAC,0,0,0.0,0,0.0,0.0,0.0,19,54.0,1,1,0,0.0,0,9.4,9.4,,,73.0,220.0,25.339095238095236,4.0,Oklahoma,2017.0,2017.0,CIN,48.0,-19.0,0.02631579
2021,14,00-0033897,J.Mixon,RB,CIN,SF,0,0,0.0,0,0.0,0.0,0.0,18,58.0,0,2,2,10.0,0,6.8,8.8,,,73.0,220.0,25.339095238095236,4.0,Oklahoma,2017.0,2017.0,CIN,48.0,-3.0,0.05882353
2021,15,00-0033897,J.Mixon,RB,CIN,DEN,0,0,0.0,0,0.0,0.0,0.0,17,58.0,0,1,1,2.0,0,6.0,7.0,,,73.0,220.0,25.339095238095236,4.0,Oklahoma,2017.0,2017.0,CIN,48.0,,0.04761905
2021,16,00-0033897,J.Mixon,RB,CIN,BAL,0,0,0.0,0,0.0,0.0,0.0,18,65.0,1,6,6,70.0,1,25.5,31.5,,,73.0,220.0,25.339095238095236,4.0,Oklahoma,2017.0,2017.0,CIN,48.0,20.0,0.13043478
2021,17,00-0033897,J.Mixon,RB,CIN,KC,0,0,0.0,0,0.0,0.0,0.0,12,46.0,0,8,7,40.0,0,8.6,15.6,,,73.0,220.0,25.339095238095236,4.0,Oklahoma,2017.0,2017.0,CIN,48.0,3.0,0.21052632
2021,19,00-0033897,J.Mixon,RB,CIN,LV,0,0,0.0,0,0.0,0.0,0.0,17,48.0,0,5,4,28.0,0,7.6,11.6,,,73.0,220.0,25.339095238095236,4.0,Oklahoma,2017.0,2017.0,CIN,48.0,7.0,0.15625
2021,20,00-0033897,J.Mixon,RB,CIN,TEN,0,0,0.0,0,0.0,0.0,0.0,14,54.0,1,7,6,51.0,0,16.5,22.5,,,73.0,220.0,25.339095238095236,4.0,Oklahoma,2017.0,2017.0,CIN,48.0,,0.2
2021,21,00-0033897,J.Mixon,RB,CIN,KC,0,0,0.0,0,0.0,0.0,0.0,21,88.0,0,3,3,27.0,0,11.5,14.5,,,73.0,220.0,25.339095238095236,4.0,Oklahoma,2017.0,2017.0,CIN,48.0,,0.083333336
2021,22,00-0033897,J.Mixon,RB,CIN,LA,1,1,6.0,1,0.0,0.0,-0.0,15,72.0,0,6,5,1.0,0,11.54,16.54,,,73.0,220.0,25.339095238095236,4.0,Oklahoma,2017.0,2017.0,CIN,48.0,-3.0,0.18181819
2021,17,00-0033904,D.Dawkins,T,BUF,ATL,0,0,0.0,0,0.0,0.0,0.0,0,0.0,0,1,0,0.0,0,0.0,0.0,,,77.0,320.0,27.56657894736842,4.0,Temple,2017.0,2017.0,BUF,63.0,14.0,0.041666668
2021,1,00-0033906,A.Kamara,RB,NO,GB,0,0,0.0,0,0.0,0.0,0.0,20,83.0,0,4,3,8.0,1,15.1,18.1,,,70.0,215.0,26.301764705882352,4.0,Tennessee,2017.0,2017.0,NO,67.0,35.0,0.2
2021,2,00-0033906,A.Kamara,RB,NO,CAR,0,0,0.0,0,0.0,0.0,0.0,8,5.0,0,6,4,25.0,0,3.0,7.0,,,70.0,215.0,26.301764705882352,4.0,Tennessee,2017.0,2017.0,NO,67.0,,0.2857143
2021,3,00-0033906,A.Kamara,RB,NO,NE,0,0,0.0,0,0.0,0.0,0.0,24,89.0,0,4,3,29.0,1,17.8,20.8,,,70.0,215.0,26.301764705882352,4.0,Tennessee,2017.0,2017.0,NO,67.0,,0.2
2021,4,00-0033906,A.Kamara,RB,NO,NYG,0,0,0.0,0,0.0,0.0,0.0,26,120.0,0,0,0,0.0,0,12.0,12.0,,,70.0,215.0,26.301764705882352,4.0,Tennessee,2017.0,2017.0,NO,67.0,-6.0,
2021,5,00-0033906,A.Kamara,RB,NO,WAS,0,0,0.0,0,0.0,0.0,0.0,16,71.0,1,8,5,51.0,1,24.2,29.2,,,70.0,215.0,26.301764705882352,4.0,Tennessee,2017.0,2017.0,NO,67.0,,0.2857143
2021,7,00-0033906,A.Kamara,RB,NO,SEA,0,0,0.0,0,0.0,0.0,0.0,20,51.0,0,11,10,128.0,1,23.9,33.9,,,70.0,215.0,26.301764705882352,4.0,Tennessee,2017.0,2017.0,NO,67.0,,0.34375
2021,8,00-0033906,A.Kamara,RB,NO,TB,0,0,0.0,0,0.0,0.0,0.0,19,61.0,1,4,3,15.0,0,13.6,16.6,,,70.0,215.0,26.301764705882352,4.0,Tennessee,2017.0,2017.0,NO,67.0,9.0,0.114285715
2021,9,00-0033906,A.Kamara,RB,NO,ATL,0,0,0.0,0,0.0,0.0,0.0,13,50.0,1,7,4,54.0,0,16.4,20.4,,,70.0,215.0,26.301764705882352,4.0,Tennessee,2017.0,2017.0,NO,67.0,-2.0,0.16666667
2021,14,00-0033906,A.Kamara,RB,NO,NYJ,0,0,0.0,0,0.0,0.0,0.0,27,120.0,1,5,4,25.0,0,20.5,24.5,,,70.0,215.0,26.301764705882352,4.0,Tennessee,2017.0,2017.0,NO,67.0,,0.23809524
2021,15,00-0033906,A.Kamara,RB,NO,TB,0,0,0.0,0,0.0,0.0,0.0,11,18.0,0,6,2,13.0,0,3.1,5.1,,,70.0,215.0,26.301764705882352,4.0,Tennessee,2017.0,2017.0,NO,67.0,,0.24
2021,16,00-0033906,A.Kamara,RB,NO,MIA,0,0,0.0,0,0.0,0.0,0.0,13,52.0,0,4,2,7.0,0,5.9,7.9,,,70.0,215.0,26.301764705882352,4.0,Tennessee,2017.0,2017.0,NO,67.0,-17.0,0.22222222
2021,17,00-0033906,A.Kamara,RB,NO,CAR,0,0,0.0,0,0.0,0.0,0.0,13,32.0,0,6,5,68.0,1,16.0,21.0,,,70.0,215.0,26.301764705882352,4.0,Tennessee,2017.0,2017.0,NO,67.0,8.0,0.26086956
2021,18,00-0033906,A.Kamara,RB,NO,ATL,0,0,0.0,0,0.0,0.0,0.0,30,146.0,0,2,2,16.0,0,16.2,18.2,,,70.0,215.0,26.301764705882352,4.0,Tennessee,2017.0,2017.0,NO,67.0,,0.08695652
2021,1,00-0033908,C.Kupp,WR,LA,CHI,0,0,0.0,0,0.0,0.0,0.0,0,0.0,0,10,7,108.0,1,16.8,23.8,,,74.0,208.0,28.44647619047619,4.0,Eastern Washington,2017.0,2017.0,LA,69.0,20.0,0.3846154
2021,2,00-0033908,C.Kupp,WR,LA,IND,0,0,0.0,0,0.0,0.0,0.0,1,-5.0,0,11,9,163.0,2,27.8,36.8,,,74.0,208.0,28.44647619047619,4.0,Eastern Washington,2017.0,2017.0,LA,69.0,,0.37931034
2021,3,00-0033908,C.Kupp,WR,LA,TB,0,0,0.0,0,0.0,0.0,0.0,0,0.0,0,12,9,96.0,2,21.6,30.6,,,74.0,208.0,28.44647619047619,4.0,Eastern Washington,2017.0,2017.0,LA,69.0,10.0,0.31578946
2021,4,00-0033908,C.Kupp,WR,LA,ARI,0,0,0.0,0,0.0,0.0,0.0,0,0.0,0,13,5,64.0,0,6.4,11.4,,,74.0,208.0,28.44647619047619,4.0,Eastern Washington,2017.0,2017.0,LA,69.0,-17.0,0.31707317
2021,5,00-0033908,C.Kupp,WR,LA,SEA,0,0,0.0,0,0.0,0.0,0.0,0,0.0,0,10,7,92.0,0,9.2,16.2,,,74.0,208.0,28.44647619047619,4.0,Eastern Washington,2017.0,2017.0,LA,69.0,,0.2857143
2021,6,00-0033908,C.Kupp,WR,LA,NYG,0,0,0.0,0,0.0,0.0,0.0,0,0.0,0,12,9,130.0,2,25.0,34.0,,,74.0,208.0,28.44647619047619,4.0,Eastern Washington,2017.0,2017.0,LA,69.0,,0.4
2021,7,00-0033908,C.Kupp,WR,LA,DET,0,0,0.0,0,0.0,0.0,0.0,0,0.0,0,13,10,156.0,2,27.6,37.6,,,74.0,208.0,28.44647619047619,4.0,Eastern Washington,2017.0,2017.0,LA,69.0,9.0,0.31707317
2021,8,00-0033908,C.Kupp,WR,LA,HOU,0,0,0.0,0,0.0,0.0,0.0,0,0.0,0,9,7,115.0,1,17.5,24.5,,,74.0,208.0,28.44647619047619,4.0,Eastern Washington,2017.0,2017.0,LA,69.0,,0.2647059
2021,9,00-0033908,C.Kupp,WR,LA,TEN,0,0,0.0,0,0.0,0.0,0.0,0,0.0,0,13,11,95.0,0,9.5,20.5,,,74.0,208.0,28.44647619047619,4.0,Eastern Washington,2017.0,2017.0,LA,69.0,-12.0,0.27659574
2021,10,00-0033908,C.Kupp,WR,LA,SF,0,0,0.0,0,0.0,0.0,0.0,0,0.0,0,13,11,122.0,0,12.2,23.2,,,74.0,208.0,28.44647619047619,4.0,Eastern Washington,2017.0,2017.0,LA,69.0,,0.30952382
2021,12,00-0033908,C.Kupp,WR,LA,GB,0,1,0.0,0,0.0,0.0,-0.0,0,0.0,0,10,7,96.0,0,11.6,18.6,,,74.0,208.0,28.44647619047619,4.0,Eastern Washington,2017.0,2017.0,LA,69.0,,0.25641027
2021,13,00-0033908,C.Kupp,WR,LA,JAX,0,0,0.0,0,0.0,0.0,0.0,0,0.0,0,10,8,129.0,1,18.9,26.9,,,74.0,208.0,28.44647619047619,4.0,Eastern Washington,2017.0,2017.0,LA,69.0,30.0,0.27027026
2021,14,00-0033908,C.Kupp,WR,LA,ARI,0,0,0.0,0,0.0,0.0,0.0,0,0.0,0,15,13,123.0,1,18.3,31.3,,,74.0,208.0,28.44647619047619,4.0,Eastern Washington,2017.0,2017.0,LA,69.0,,0.5
2021,15,00-0033908,C.Kupp,WR,LA,SEA,0,0,0.0,0,0.0,0.0,0.0,1,1.0,0,13,9,136.0,2,25.7,34.7,,,74.0,208.0,28.44647619047619,4.0,Eastern Washington,2017.0,2017.0,LA,69.0,10.0,0.44827586
2021,16,00-0033908,C.Kupp,WR,LA,MIN,0,0,0.0,0,0.0,0.0,0.0,1,4.0,0,13,10,109.0,0,11.3,21.3,,,74.0,208.0,28.44647619047619,4.0,Eastern Washington,2017.0,2017.0,LA,69.0,,0.35135135
2021,17,00-0033908,C.Kupp,WR,LA,BAL,0,0,0.0,0,0.0,0.0,0.0,0,0.0,0,7,6,95.0,1,15.5,21.5,,,74.0,208.0,28.44647619047619,4.0,Eastern Washington,2017.0,2017.0,LA,69.0,,0.2
2021,18,00-0033908,C.Kupp,WR,LA,SF,0,0,0.0,0,0.0,0.0,0.0,1,18.0,0,7,7,118.0,1,19.6,26.6,,,74.0,208.0,28.44647619047619,4.0,Eastern Washington,2017.0,2017.0,LA,69.0,-3.0,0.21875
2021,19,00-0033908,C.Kupp,WR,LA,ARI,0,0,0.0,0,0.0,0.0,0.0,0,0.0,0,7,5,61.0,1,12.1,17.1,,,74.0,208.0,28.44647619047619,4.0,Eastern Washington,2017.0,2017.0,LA,69.0,23.0,0.3888889
2021,20,00-0033908,C.Kupp,WR,LA,TB,0,0,0.0,0,0.0,0.0,0.0,0,0.0,0,11,9,183.0,1,22.3,31.3,,,74.0,208.0,28.44647619047619,4.0,Eastern Washington,2017.0,2017.0,LA,69.0,,0.30555555
2021,21,00-0033908,C.Kupp,WR,LA,SF,0,0,0.0,0,0.0,0.0,0.0,1,-2.0,0,14,11,142.0,2,26.0,37.0,,,74.0,208.0,28.44647619047619,4.0,Eastern Washington,2017.0,2017.0,LA,69.0,3.0,0.33333334
2021,22,00-0033908,C.Kupp,WR,LA,CIN,0,1,0.0,0,0.0,0.0,-0.0,1,7.0,0,10,8,92.0,2,21.9,29.9,,,74.0,208.0,28.44647619047619,4.0,Eastern Washington,2017.0,2017.0,LA,69.0,,0.25
2021,1,00-0033921,C.Godwin,WR,TB,DAL,0,0,0.0,0,0.0,0.0,0.0,0,0.0,0,13,9,105.0,1,14.5,23.5,,,73.0,209.0,25.724315789473685,4.0,Penn State,2017.0,2017.0,TB,84.0,2.0,0.2888889
2021,2,00-0033921,C.Godwin,WR,TB,ATL,0,0,0.0,0,0.0,0.0,0.0,0,0.0,0,5,4,62.0,1,12.2,16.2,,,73.0,209.0,25.724315789473685,4.0,Penn State,2017.0,2017.0,TB,84.0,23.0,0.14285715
2021,3,00-0033921,C.Godwin,WR,TB,LA,0,0,0.0,0,0.0,0.0,0.0,1,2.0,1,7,6,74.0,0,13.6,19.6,,,73.0,209.0,25.724315789473685,4.0,Penn State,2017.0,2017.0,TB,84.0,,0.12962963
2021,4,00-0033921,C.Godwin,WR,TB,NE,0,0,0.0,0,0.0,0.0,0.0,0,0.0,0,5,3,55.0,0,5.5,8.5,,,73.0,209.0,25.724315789473685,4.0,Penn State,2017.0,2017.0,TB,84.0,,0.11627907
2021,5,00-0033921,C.Godwin,WR,TB,MIA,0,0,0.0,0,0.0,0.0,0.0,0,0.0,0,11,7,70.0,0,7.0,14.0,,,73.0,209.0,25.724315789473685,4.0,Penn State,2017.0,2017.0,TB,84.0,28.0,0.26190478
2021,6,00-0033921,C.Godwin,WR,TB,PHI,0,0,0.0,0,0.0,0.0,0.0,0,0.0,0,5,5,43.0,0,4.3,9.3,,,73.0,209.0,25.724315789473685,4.0,Penn State,2017.0,2017.0,TB,84.0,,0.11904762
2021,7,00-0033921,C.Godwin,WR,TB,CHI,0,0,0.0,0,0.0,0.0,0.0,0,0.0,0,11,8,111.0,1,17.1,25.1,,,73.0,209.0,25.724315789473685,4.0,Penn State,2017.0,2017.0,TB,84.0,35.0,0.2820513
2021,8,00-0033921,C.Godwin,WR,TB,NO,0,0,0.0,0,0.0,0.0,0.0,0,0.0,0,12,8,140.0,1,20.0,28.0,,,73.0,209.0,25.724315789473685,4.0,Penn State,2017.0,2017.0,TB,84.0,,0.29268292
2021,10,00-0033921,C.Godwin,WR,TB,WAS,0,0,0.0,0,0.0,0.0,0.0,0,0.0,0,8,7,57.0,0,5.7,12.7,,,73.0,209.0,25.724315789473685,4.0,Penn State,2017.0,2017.0,TB,84.0,,0.24242425
2021,11,00-0033921,C.Godwin,WR,TB,NYG,0,0,0.0,0,0.0,0.0,0.0,1,7.0,0,6,6,65.0,1,13.2,19.2,,,73.0,209.0,25.724315789473685,4.0,Penn State,2017.0,2017.0,TB,84.0,20.0,0.12765957
2021,12,00-0033921,C.Godwin,WR,TB,IND,0,0,0.0,0,0.0,0.0,0.0,1,3.0,0,5,4,24.0,0,0.7,4.7,,,73.0,209.0,25.724315789473685,4.0,Penn State,2017.0,2017.0,TB,84.0,,0.14705883
2021,13,00-0033921,C.Godwin,WR,TB,ATL,0,0,0.0,0,0.0,0.0,0.0,1,9.0,0,17,15,143.0,0,15.2,30.2,,,73.0,209.0,25.724315789473685,4.0,Penn State,2017.0,2017.0,TB,84.0,,0.33333334
2021,14,00-0033921,C.Godwin,WR,TB,BUF,0,0,0.0,0,0.0,0.0,0.0,0,0.0,0,15,10,105.0,0,10.5,20.5,,,73.0,209.0,25.724315789473685,4.0,Penn State,2017.0,2017.0,TB,84.0,6.0,0.32608697
2021,15,00-0033921,C.Godwin,WR,TB,NO,0,0,0.0,0,0.0,0.0,0.0,0,0.0,0,7,6,49.0,0,4.9,10.9,,,73.0,209.0,25.724315789473685,4.0,Penn State,2017.0,2017.0,TB,84.0,-9.0,0.14583333
2021,1,00-0033923,K.Hunt,RB,CLE,KC,0,0,0.0,0,0.0,0.0,0.0,6,33.0,1,3,3,28.0,0,14.1,17.1,,,71.0,216.0,26.261176470588236,4.0,Toledo,2017.0,2017.0,KC,86.0,,0.11111111
2021,2,00-0033923,K.Hunt,RB,CLE,HOU,0,0,0.0,0,0.0,0.0,0.0,13,51.0,0,1,1,2.0,0,5.3,6.3,,,71.0,216.0,26.261176470588236,4.0,Toledo,2017.0,2017.0,KC,86.0,10.0,0.04761905
2021,3,00-0033923,K.Hunt,RB,CLE,CHI,0,0,0.0,0,0.0,0.0,0.0,10,81.0,1,7,6,74.0,0,21.5,27.5,,,71.0,216.0,26.261176470588236,4.0,Toledo,2017.0,2017.0,KC,86.0,20.0,0.2413793
2021,4,00-0033923,K.Hunt,RB,CLE,MIN,0,0,0.0,0,0.0,0.0,0.0,14,69.0,1,4,2,17.0,0,14.6,16.6,,,71.0,216.0,26.261176470588236,4.0,Toledo,2017.0,2017.0,KC,86.0,,0.12903225
2021,5,00-0033923,K.Hunt,RB,CLE,LAC,0,0,0.0,0,0.0,0.0,0.0,12,61.0,2,6,5,28.0,0,20.9,25.9,,,71.0,216.0,26.261176470588236,4.0,Toledo,2017.0,2017.0,KC,86.0,,0.20689656
2021,6,00-0033923,K.Hunt,RB,CLE,ARI,0,0,0.0,0,0.0,0.0,0.0,14,66.0,0,3,3,12.0,0,7.8,10.8,,,71.0,216.0,26.261176470588236,4.0,Toledo,2017.0,2017.0,KC,86.0,-23.0,0.09677419
2021,12,00-0033923,K.Hunt,RB,CLE,BAL,0,0,0.0,0,0.0,0.0,0.0,7,20.0,0,1,0,0.0,0,2.0,2.0,,,71.0,216.0,26.261176470588236,4.0,Toledo,2017.0,2017.0,KC,86.0,,0.029411765
2021,14,00-0033923,K.Hunt,RB,CLE,BAL,0,0,0.0,0,0.0,0.0,0.0,2,5.0,0,2,2,13.0,0,1.8,3.8,,,71.0,216.0,26.261176470588236,4.0,Toledo,2017.0,2017.0,KC,86.0,2.0,0.06451613
2021,9,00-0033925,D.Foreman,RB,TEN,LA,0,0,0.0,0,0.0,0.0,0.0,5,29.0,0,0,0,0.0,0,2.9,2.9,,,73.0,233.0,25.614363636363635,4.0,Texas,2017.0,2017.0,HOU,89.0,,
2021,10,00-0033925,D.Foreman,RB,TEN,NO,0,0,0.0,0,0.0,0.0,0.0,11,30.0,0,2,2,48.0,0,7.8,9.8,,,73.0,233.0,25.614363636363635,4.0,Texas,2017.0,2017.0,HOU,89.0,2.0,0.074074075
2021,11,00-0033925,D.Foreman,RB,TEN,HOU,0,0,0.0,0,0.0,0.0,0.0,7,25.0,0,1,1,15.0,0,4.0,5.0,,,73.0,233.0,25.614363636363635,4.0,Texas,2017.0,2017.0,HOU,89.0,-9.0,0.019607844
2021,12,00-0033925,D.Foreman,RB,TEN,NE,0,0,0.0,0,0.0,0.0,0.0,19,109.0,0,1,1,3.0,0,9.2,10.2,,,73.0,233.0,25.614363636363635,4.0,Texas,2017.0,2017.0,HOU,89.0,,0.04761905
2021,14,00-0033925,D.Foreman,RB,TEN,JAX,0,0,0.0,0,0.0,0.0,0.0,13,47.0,1,2,2,15.0,0,12.2,14.2,,,73.0,233.0,25.614363636363635,4.0,Texas,2017.0,2017.0,HOU,89.0,20.0,0.06666667
2021,15,00-0033925,D.Foreman,RB,TEN,PIT,0,0,0.0,0,0.0,0.0,0.0,22,108.0,0,3,2,27.0,0,13.5,15.5,,,73.0,233.0,25.614363636363635,4.0,Texas,2017.0,2017.0,HOU,89.0,,0.09375
2021,16,00-0033925,D.Foreman,RB,TEN,SF,0,0,0.0,0,0.0,0.0,0.0,9,17.0,1,0,0,0.0,0,7.7,7.7,,,73.0,233.0,25.614363636363635,4.0,Texas,2017.0,2017.0,HOU,89.0,3.0,
2021,17,00-0033925,D.Foreman,RB,TEN,MIA,0,0,0.0,0,0.0,0.0,0.0,26,132.0,1,0,0,0.0,0,19.2,19.2,,,73.0,233.0,25.614363636363635,4.0,Texas,2017.0,2017.0,HOU,89.0,31.0,
2021,18,00-0033925,D.Foreman,RB,TEN,HOU,0,0,0.0,0,0.0,0.0,0.0,21,69.0,0,2,1,15.0,0,8.4,9.4,,,73.0,233.0,25.614363636363635,4.0,Texas,2017.0,2017.0,HOU,89.0,,0.0625
2021,20,00-0033925,D.Foreman,RB,TEN,CIN,0,0,0.0,0,0.0,0.0,0.0,4,66.0,0,0,0,0.0,0,6.6,6.6,,,73.0,233.0,25.614363636363635,4.0,Texas,2017.0,2017.0,HOU,89.0,-3.0,
2021,1,00-0033932,K.Golladay,WR,NYG,DEN,0,0,0.0,0,0.0,0.0,0.0,0,0.0,0,6,4,64.0,0,6.4,10.4,,,76.0,213.0,28.019823529411763,4.0,Northern Illinois,2017.0,2017.0,DET,96.0,-14.0,0.16666667
2021,2,00-0033932,K.Golladay,WR,NYG,WAS,0,0,0.0,0,0.0,0.0,0.0,0,0.0,0,8,3,38.0,0,3.8,6.8,,,76.0,213.0,28.019823529411763,4.0,Northern Illinois,2017.0,2017.0,DET,96.0,,0.25
2021,3,00-0033932,K.Golladay,WR,NYG,ATL,0,0,0.0,0,0.0,0.0,0.0,0,0.0,0,5,4,64.0,0,6.4,10.4,,,76.0,213.0,28.019823529411763,4.0,Northern Illinois,2017.0,2017.0,DET,96.0,-3.0,0.14285715
2021,4,00-0033932,K.Golladay,WR,NYG,NO,0,0,0.0,0,0.0,0.0,0.0,0,0.0,0,7,6,116.0,0,11.6,17.6,,,76.0,213.0,28.019823529411763,4.0,Northern Illinois,2017.0,2017.0,DET,96.0,,0.19444445
2021,5,00-0033932,K.Golladay,WR,NYG,DAL,0,0,0.0,0,0.0,0.0,0.0,0,0.0,0,3,0,0.0,0,0.0,0.0,,,76.0,213.0,28.019823529411763,4.0,Northern Illinois,2017.0,2017.0,DET,96.0,,0.08108108
2021,9,00-0033932,K.Golladay,WR,NYG,LV,0,0,0.0,0,0.0,0.0,0.0,0,0.0,0,3,2,28.0,0,2.8,4.8,,,76.0,213.0,28.019823529411763,4.0,Northern Illinois,2017.0,2017.0,DET,96.0,7.0,0.16666667
2021,11,00-0033932,K.Golladay,WR,NYG,TB,0,0,0.0,0,0.0,0.0,0.0,0,0.0,0,2,1,12.0,0,1.2,2.2,,,76.0,213.0,28.019823529411763,4.0,Northern Illinois,2017.0,2017.0,DET,96.0,,0.054054055
2021,12,00-0033932,K.Golladay,WR,NYG,PHI,0,0,0.0,0,0.0,0.0,0.0,0,0.0,0,7,3,50.0,0,5.0,8.0,,,76.0,213.0,28.019823529411763,4.0,Northern Illinois,2017.0,2017.0,DET,96.0,6.0,0.2413793
2021,13,00-0033932,K.Golladay,WR,NYG,MIA,0,0,0.0,0,0.0,0.0,0.0,0,0.0,0,5,3,37.0,0,3.7,6.7,,,76.0,213.0,28.019823529411763,4.0,Northern Illinois,2017.0,2017.0,DET,96.0,,0.13157895
2021,14,00-0033932,K.Golladay,WR,NYG,LAC,0,0,0.0,0,0.0,0.0,0.0,0,0.0,0,8,2,15.0,0,1.5,3.5,,,76.0,213.0,28.019823529411763,4.0,Northern Illinois,2017.0,2017.0,DET,96.0,,0.23529412
2021,15,00-0033932,K.Golladay,WR,NYG,DAL,0,0,0.0,0,0.0,0.0,0.0,0,0.0,0,8,3,53.0,0,5.3,8.3,,,76.0,213.0,28.019823529411763,4.0,Northern Illinois,2017.0,2017.0,DET,96.0,-15.0,0.22222222
2021,16,00-0033932,K.Golladay,WR,NYG,PHI,0,0,0.0,0,0.0,0.0,0.0,0,0.0,0,8,3,22.0,0,2.2,5.2,,,76.0,213.0,28.019823529411763,4.0,Northern Illinois,2017.0,2017.0,DET,96.0,,0.19512194
2021,17,00-0033932,K.Golladay,WR,NYG,CHI,0,0,0.0,0,0.0,0.0,0.0,0,0.0,0,1,0,0.0,0,0.0,0.0,,,76.0,213.0,28.019823529411763,4.0,Northern Illinois,2017.0,2017.0,DET,96.0,,0.09090909
2021,18,00-0033932,K.Golladay,WR,NYG,WAS,0,0,0.0,0,0.0,0.0,0.0,0,0.0,0,5,3,22.0,0,2.2,5.2,,,76.0,213.0,28.019823529411763,4.0,Northern Illinois,2017.0,2017.0,DET,96.0,-15.0,0.16666667
2021,9,00-0033936,C.Beathard,QB,JAX,BUF,2,2,33.0,0,0.0,0.0,-0.0,0,0.0,0,0,0,0.0,0,1.32,1.32,,,74.0,215.0,27.987294117647057,4.0,Iowa,2017.0,2017.0,SF,104.0,3.0,
2021,13,00-0033936,C.Beathard,QB,JAX,LA,0,0,0.0,0,0.0,0.0,0.0,1,2.0,0,0,0,0.0,0,0.2,0.2,,,74.0,215.0,27.987294117647057,4.0,Iowa,2017.0,2017.0,SF,104.0,,
2021,4,00-0033943,J.Reynolds,WR,TEN,NYJ,0,0,0.0,0,0.0,0.0,0.0,0,0.0,0,9,6,59.0,0,5.9,11.9,,,75.0,196.0,26.733333333333334,4.0,Texas A&amp;M,2017.0,2017.0,LA,117.0,,0.18367347
2021,5,00-0033943,J.Reynolds,WR,TEN,JAX,0,0,0.0,0,0.0,0.0,0.0,0,0.0,0,1,1,8.0,0,0.8,1.8,,,75.0,196.0,26.733333333333334,4.0,Texas A&amp;M,2017.0,2017.0,LA,117.0,,0.04761905
2021,7,00-0033943,J.Reynolds,WR,TEN,KC,0,0,0.0,0,0.0,0.0,0.0,0,0.0,0,3,3,23.0,0,2.3,5.3,,,75.0,196.0,26.733333333333334,4.0,Texas A&amp;M,2017.0,2017.0,LA,117.0,24.0,0.11111111
2021,11,00-0033943,J.Reynolds,WR,DET,CLE,0,0,0.0,0,0.0,0.0,0.0,0,0.0,0,3,0,0.0,0,0.0,0.0,,,75.0,196.0,26.733333333333334,4.0,Texas A&amp;M,2017.0,2017.0,LA,117.0,,0.13043478
2021,12,00-0033943,J.Reynolds,WR,DET,CHI,0,0,0.0,0,0.0,0.0,0.0,0,0.0,0,5,3,70.0,1,13.0,16.0,,,75.0,196.0,26.733333333333334,4.0,Texas A&amp;M,2017.0,2017.0,LA,117.0,-2.0,0.2
2021,13,00-0033943,J.Reynolds,WR,DET,MIN,0,0,0.0,0,0.0,0.0,0.0,0,0.0,0,7,4,69.0,0,6.9,10.9,,,75.0,196.0,26.733333333333334,4.0,Texas A&amp;M,2017.0,2017.0,LA,117.0,2.0,0.18421052
2021,14,00-0033943,J.Reynolds,WR,DET,DEN,0,0,0.0,0,0.0,0.0,0.0,0,0.0,0,5,3,52.0,0,5.2,8.2,,,75.0,196.0,26.733333333333334,4.0,Texas A&amp;M,2017.0,2017.0,LA,117.0,,0.13157895
2021,15,00-0033943,J.Reynolds,WR,DET,ARI,0,0,0.0,0,0.0,0.0,0.0,0,0.0,0,6,6,68.0,1,12.8,18.8,,,75.0,196.0,26.733333333333334,4.0,Texas A&amp;M,2017.0,2017.0,LA,117.0,18.0,0.23076923
2021,16,00-0033943,J.Reynolds,WR,DET,ATL,0,0,0.0,0,0.0,0.0,0.0,0,0.0,0,7,2,36.0,0,3.6,5.6,,,75.0,196.0,26.733333333333334,4.0,Texas A&amp;M,2017.0,2017.0,LA,117.0,,0.2
2021,18,00-0033943,J.Reynolds,WR,DET,GB,0,0,0.0,0,0.0,0.0,0.0,0,0.0,0,3,1,11.0,0,1.1,2.1,,,75.0,196.0,26.733333333333334,4.0,Texas A&amp;M,2017.0,2017.0,LA,117.0,7.0,0.10344828
2021,1,00-0033948,J.Williams,RB,DET,SF,0,0,0.0,0,0.0,0.0,0.0,9,54.0,1,9,8,56.0,0,17.0,25.0,,,72.0,213.0,26.608117647058826,4.0,Brigham Young,2017.0,2017.0,GB,134.0,-8.0,0.16071428
2021,2,00-0033948,J.Williams,RB,DET,GB,0,0,0.0,0,0.0,0.0,0.0,7,25.0,0,3,3,12.0,0,3.7,6.7,,,72.0,213.0,26.608117647058826,4.0,Brigham Young,2017.0,2017.0,GB,134.0,,0.08571429
2021,3,00-0033948,J.Williams,RB,DET,BAL,0,0,0.0,0,0.0,0.0,0.0,12,42.0,1,2,2,25.0,0,12.7,14.7,,,72.0,213.0,26.608117647058826,4.0,Brigham Young,2017.0,2017.0,GB,134.0,-2.0,0.071428575
2021,4,00-0033948,J.Williams,RB,DET,CHI,0,0,0.0,0,0.0,0.0,0.0,14,66.0,0,0,0,0.0,0,6.6,6.6,,,72.0,213.0,26.608117647058826,4.0,Brigham Young,2017.0,2017.0,GB,134.0,,
2021,5,00-0033948,J.Williams,RB,DET,MIN,0,0,0.0,0,0.0,0.0,0.0,13,57.0,0,2,2,8.0,0,6.5,8.5,,,72.0,213.0,26.608117647058826,4.0,Brigham Young,2017.0,2017.0,GB,134.0,,0.06451613
2021,6,00-0033948,J.Williams,RB,DET,CIN,0,0,0.0,0,0.0,0.0,0.0,4,11.0,0,2,1,-2.0,0,0.9,1.9,,,72.0,213.0,26.608117647058826,4.0,Brigham Young,2017.0,2017.0,GB,134.0,-23.0,0.051282052
2021,7,00-0033948,J.Williams,RB,DET,LA,0,0,0.0,0,0.0,0.0,0.0,12,57.0,0,0,0,0.0,0,5.7,5.7,,,72.0,213.0,26.608117647058826,4.0,Brigham Young,2017.0,2017.0,GB,134.0,,
2021,11,00-0033948,J.Williams,RB,DET,CLE,0,0,0.0,0,0.0,0.0,0.0,7,11.0,0,0,0,0.0,0,1.1,1.1,,,72.0,213.0,26.608117647058826,4.0,Brigham Young,2017.0,2017.0,GB,134.0,,
2021,12,00-0033948,J.Williams,RB,DET,CHI,0,0,0.0,0,0.0,0.0,0.0,15,65.0,0,5,5,18.0,0,8.3,13.3,,,72.0,213.0,26.608117647058826,4.0,Brigham Young,2017.0,2017.0,GB,134.0,-2.0,0.2
2021,13,00-0033948,J.Williams,RB,DET,MIN,0,0,0.0,0,0.0,0.0,0.0,17,71.0,0,1,1,9.0,0,8.0,9.0,,,72.0,213.0,26.608117647058826,4.0,Brigham Young,2017.0,2017.0,GB,134.0,2.0,0.02631579
2021,16,00-0033948,J.Williams,RB,DET,ATL,0,0,0.0,0,0.0,0.0,0.0,19,77.0,0,0,0,0.0,0,7.7,7.7,,,72.0,213.0,26.608117647058826,4.0,Brigham Young,2017.0,2017.0,GB,134.0,,
2021,17,00-0033948,J.Williams,RB,DET,SEA,0,0,0.0,0,0.0,0.0,0.0,11,22.0,1,3,3,22.0,0,10.4,13.4,,,72.0,213.0,26.608117647058826,4.0,Brigham Young,2017.0,2017.0,GB,134.0,,0.08108108
2021,18,00-0033948,J.Williams,RB,DET,GB,0,0,0.0,0,0.0,0.0,0.0,13,43.0,0,1,1,9.0,0,5.2,6.2,,,72.0,213.0,26.608117647058826,4.0,Brigham Young,2017.0,2017.0,GB,134.0,7.0,0.03448276
2021,4,00-0033950,W.Gallman,RB,ATL,WAS,0,0,0.0,0,0.0,0.0,0.0,6,29.0,0,1,0,0.0,0,2.9,2.9,,,72.0,210.0,27.115176470588235,4.0,Clemson,2017.0,2017.0,NYG,140.0,-4.0,0.025
2021,5,00-0033950,W.Gallman,RB,ATL,NYJ,0,0,0.0,0,0.0,0.0,0.0,1,2.0,0,0,0,0.0,0,0.2,0.2,,,72.0,210.0,27.115176470588235,4.0,Clemson,2017.0,2017.0,NYG,140.0,7.0,
2021,7,00-0033950,W.Gallman,RB,ATL,MIA,0,0,0.0,0,0.0,0.0,0.0,1,2.0,0,0,0,0.0,0,0.2,0.2,,,72.0,210.0,27.115176470588235,4.0,Clemson,2017.0,2017.0,NYG,140.0,,
2021,10,00-0033950,W.Gallman,RB,ATL,DAL,0,0,0.0,0,0.0,0.0,0.0,15,55.0,0,2,1,21.0,0,7.6,8.6,,,72.0,210.0,27.115176470588235,4.0,Clemson,2017.0,2017.0,NYG,140.0,,0.074074075
2021,11,00-0033950,W.Gallman,RB,ATL,NE,0,0,0.0,0,0.0,0.0,0.0,1,-3.0,0,0,0,0.0,0,-0.3,-0.3,,,72.0,210.0,27.115176470588235,4.0,Clemson,2017.0,2017.0,NYG,140.0,-25.0,
2021,12,00-0033950,W.Gallman,RB,ATL,JAX,0,0,0.0,0,0.0,0.0,0.0,4,19.0,0,0,0,0.0,0,1.9,1.9,,,72.0,210.0,27.115176470588235,4.0,Clemson,2017.0,2017.0,NYG,140.0,,
2021,2,00-0033951,M.Mack,RB,IND,LA,0,0,0.0,0,0.0,0.0,0.0,5,16.0,0,1,0,0.0,0,1.6,1.6,,,72.0,210.0,25.674000000000003,4.0,South Florida,2017.0,2017.0,IND,143.0,-3.0,0.028571429
2021,4,00-0033951,M.Mack,RB,IND,MIA,0,0,0.0,0,0.0,0.0,0.0,10,22.0,0,2,1,1.0,0,2.3,3.3,,,72.0,210.0,25.674000000000003,4.0,South Florida,2017.0,2017.0,IND,143.0,,0.0625
2021,5,00-0033951,M.Mack,RB,IND,BAL,0,0,0.0,0,0.0,0.0,0.0,5,47.0,0,2,1,7.0,0,5.4,6.4,,,72.0,210.0,25.674000000000003,4.0,South Florida,2017.0,2017.0,IND,143.0,,0.05882353
2021,6,00-0033951,M.Mack,RB,IND,HOU,0,0,0.0,0,0.0,0.0,0.0,5,12.0,0,0,0,0.0,0,1.2,1.2,,,72.0,210.0,25.674000000000003,4.0,South Florida,2017.0,2017.0,IND,143.0,28.0,
2021,7,00-0033951,M.Mack,RB,IND,SF,0,0,0.0,0,0.0,0.0,0.0,3,4.0,0,0,0,0.0,0,0.4,0.4,,,72.0,210.0,25.674000000000003,4.0,South Florida,2017.0,2017.0,IND,143.0,,
2021,1,00-0033955,J.McNichols,RB,TEN,ARI,0,0,0.0,0,0.0,0.0,0.0,2,9.0,0,4,3,24.0,0,3.3,6.3,,,69.0,205.0,25.88377777777778,4.0,Boise State,2017.0,2017.0,TB,162.0,-25.0,0.11111111
2021,2,00-0033955,J.McNichols,RB,TEN,SEA,0,0,0.0,0,0.0,0.0,0.0,1,3.0,0,3,3,26.0,0,2.9,5.9,,,69.0,205.0,25.88377777777778,4.0,Boise State,2017.0,2017.0,TB,162.0,,0.07692308
2021,3,00-0033955,J.McNichols,RB,TEN,IND,0,0,0.0,0,0.0,0.0,0.0,2,6.0,0,2,1,10.0,1,7.6,8.6,,,69.0,205.0,25.88377777777778,4.0,Boise State,2017.0,2017.0,TB,162.0,9.0,0.07692308
2021,4,00-0033955,J.McNichols,RB,TEN,NYJ,0,0,0.0,0,0.0,0.0,0.0,1,11.0,0,12,8,74.0,0,8.5,16.5,,,69.0,205.0,25.88377777777778,4.0,Boise State,2017.0,2017.0,TB,162.0,,0.24489796
2021,5,00-0033955,J.McNichols,RB,TEN,JAX,0,0,0.0,0,0.0,0.0,0.0,1,9.0,0,2,2,26.0,0,3.5,5.5,,,69.0,205.0,25.88377777777778,4.0,Boise State,2017.0,2017.0,TB,162.0,,0.0952381
2021,7,00-0033955,J.McNichols,RB,TEN,KC,0,0,0.0,0,0.0,0.0,0.0,0,0.0,0,1,1,10.0,0,1.0,2.0,,,69.0,205.0,25.88377777777778,4.0,Boise State,2017.0,2017.0,TB,162.0,24.0,0.037037037
2021,8,00-0033955,J.McNichols,RB,TEN,IND,0,0,0.0,0,0.0,0.0,0.0,0,0.0,0,3,3,33.0,0,3.3,6.3,,,69.0,205.0,25.88377777777778,4.0,Boise State,2017.0,2017.0,TB,162.0,,0.09375
2021,9,00-0033955,J.McNichols,RB,TEN,LA,0,0,0.0,0,0.0,0.0,0.0,7,24.0,0,3,3,11.0,0,3.5,6.5,,,69.0,205.0,25.88377777777778,4.0,Boise State,2017.0,2017.0,TB,162.0,,0.115384616
2021,10,00-0033955,J.McNichols,RB,TEN,NO,0,0,0.0,0,0.0,0.0,0.0,4,7.0,0,3,1,1.0,0,0.8,1.8,,,69.0,205.0,25.88377777777778,4.0,Boise State,2017.0,2017.0,TB,162.0,2.0,0.11111111
2021,14,00-0033955,J.McNichols,RB,TEN,JAX,0,0,0.0,0,0.0,0.0,0.0,8,16.0,0,1,0,0.0,0,1.6,1.6,,,69.0,205.0,25.88377777777778,4.0,Boise State,2017.0,2017.0,TB,162.0,20.0,0.033333335
2021,15,00-0033955,J.McNichols,RB,TEN,PIT,0,0,0.0,0,0.0,0.0,0.0,6,26.0,0,3,3,25.0,0,5.1,8.1,,,69.0,205.0,25.88377777777778,4.0,Boise State,2017.0,2017.0,TB,162.0,,0.09375
2021,16,00-0033955,J.McNichols,RB,TEN,SF,0,0,0.0,0,0.0,0.0,0.0,7,31.0,0,1,0,0.0,0,3.1,3.1,,,69.0,205.0,25.88377777777778,4.0,Boise State,2017.0,2017.0,TB,162.0,3.0,0.033333335
2021,17,00-0033955,J.McNichols,RB,TEN,MIA,0,0,0.0,0,0.0,0.0,0.0,2,14.0,0,0,0,0.0,0,1.4,1.4,,,69.0,205.0,25.88377777777778,4.0,Boise State,2017.0,2017.0,TB,162.0,31.0,
2021,13,00-0033957,R.Adams,WR,CHI,ARI,0,0,0.0,0,0.0,0.0,0.0,0,0.0,0,1,0,0.0,0,0.0,0.0,,,73.0,189.0,27.15464705882353,4.0,South Florida,2017.0,2017.0,MIN,170.0,-11.0,0.025
2021,5,00-0033958,N.Peterman,QB,LV,CHI,0,0,0.0,0,0.0,0.0,0.0,2,2.0,0,0,0,0.0,0,0.2,0.2,,,74.0,225.0,27.533833333333334,4.0,Pittsburgh,2017.0,2017.0,BUF,171.0,-11.0,
2021,1,00-0034011,D.Arnold,TE,CAR,NYJ,0,0,0.0,0,0.0,0.0,0.0,0,0.0,0,3,2,6.0,0,0.6,2.6,,,78.0,220.0,26.661705882352944,4.0,Wisconsin-Platteville,2017.0,2017.0,,,5.0,0.09090909
2021,2,00-0034011,D.Arnold,TE,CAR,NO,0,0,0.0,0,0.0,0.0,0.0,0,0.0,0,4,3,55.0,0,5.5,8.5,,,78.0,220.0,26.661705882352944,4.0,Wisconsin-Platteville,2017.0,2017.0,,,19.0,0.11111111
2021,3,00-0034011,D.Arnold,TE,CAR,HOU,0,0,0.0,0,0.0,0.0,0.0,0,0.0,0,4,2,23.0,0,2.3,4.3,,,78.0,220.0,26.661705882352944,4.0,Wisconsin-Platteville,2017.0,2017.0,,,,0.121212125
2021,4,00-0034011,D.Arnold,TE,JAX,CIN,0,0,0.0,0,0.0,0.0,0.0,0,0.0,0,2,2,29.0,0,2.9,4.9,,,78.0,220.0,26.661705882352944,4.0,Wisconsin-Platteville,2017.0,2017.0,,,,0.09090909
2021,5,00-0034011,D.Arnold,TE,JAX,TEN,0,0,0.0,0,0.0,0.0,0.0,0,0.0,0,8,6,64.0,0,4.4,10.4,,,78.0,220.0,26.661705882352944,4.0,Wisconsin-Platteville,2017.0,2017.0,,,-18.0,0.24242425
2021,6,00-0034011,D.Arnold,TE,JAX,MIA,0,0,0.0,0,0.0,0.0,0.0,0,0.0,0,5,2,27.0,0,2.7,4.7,,,78.0,220.0,26.661705882352944,4.0,Wisconsin-Platteville,2017.0,2017.0,,,3.0,0.125
2021,8,00-0034011,D.Arnold,TE,JAX,SEA,0,0,0.0,0,0.0,0.0,0.0,0,0.0,0,10,8,68.0,0,6.8,14.8,,,78.0,220.0,26.661705882352944,4.0,Wisconsin-Platteville,2017.0,2017.0,,,,0.1923077
2021,9,00-0034011,D.Arnold,TE,JAX,BUF,0,0,0.0,0,0.0,0.0,0.0,0,0.0,0,7,4,60.0,0,6.0,10.0,,,78.0,220.0,26.661705882352944,4.0,Wisconsin-Platteville,2017.0,2017.0,,,3.0,0.25925925
2021,10,00-0034011,D.Arnold,TE,JAX,IND,0,0,0.0,0,0.0,0.0,0.0,0,0.0,0,8,5,67.0,0,8.7,13.7,,,78.0,220.0,26.661705882352944,4.0,Wisconsin-Platteville,2017.0,2017.0,,,,0.22857143
2021,12,00-0034011,D.Arnold,TE,JAX,ATL,0,0,0.0,0,0.0,0.0,0.0,0,0.0,0,1,1,9.0,0,0.9,1.9,,,78.0,220.0,26.661705882352944,4.0,Wisconsin-Platteville,2017.0,2017.0,,,-7.0,0.024390243
2021,2,00-0034052,B.Zylstra,WR,CAR,NO,0,0,0.0,0,0.0,0.0,0.0,0,0.0,0,3,3,44.0,1,10.4,13.4,,,74.0,215.0,28.62658823529412,3.0,"Concordia, Minn",2018.0,2018.0,,,19.0,0.083333336
2021,4,00-0034052,B.Zylstra,WR,CAR,DAL,0,0,0.0,0,0.0,0.0,0.0,0,0.0,0,2,2,63.0,0,6.3,8.3,,,74.0,215.0,28.62658823529412,3.0,"Concordia, Minn",2018.0,2018.0,,,,0.051282052
2021,6,00-0034052,B.Zylstra,WR,CAR,MIN,0,0,0.0,0,0.0,0.0,0.0,0,0.0,0,3,3,32.0,0,3.2,6.2,,,74.0,215.0,28.62658823529412,3.0,"Concordia, Minn",2018.0,2018.0,,,-6.0,0.07692308
2021,10,00-0034052,B.Zylstra,WR,CAR,ARI,0,0,0.0,0,0.0,0.0,0.0,0,0.0,0,2,2,18.0,0,1.8,3.8,,,74.0,215.0,28.62658823529412,3.0,"Concordia, Minn",2018.0,2018.0,,,,0.0625
2021,11,00-0034052,B.Zylstra,WR,CAR,WAS,0,0,0.0,0,0.0,0.0,0.0,0,0.0,0,2,1,7.0,0,0.7,1.7,,,74.0,215.0,28.62658823529412,3.0,"Concordia, Minn",2018.0,2018.0,,,-6.0,0.074074075
2021,12,00-0034052,B.Zylstra,WR,CAR,MIA,0,0,0.0,0,0.0,0.0,0.0,0,0.0,0,2,1,24.0,0,2.4,3.4,,,74.0,215.0,28.62658823529412,3.0,"Concordia, Minn",2018.0,2018.0,,,,0.06451613
2021,14,00-0034052,B.Zylstra,WR,CAR,ATL,0,0,0.0,0,0.0,0.0,0.0,0,0.0,0,5,4,45.0,0,4.5,8.5,,,74.0,215.0,28.62658823529412,3.0,"Concordia, Minn",2018.0,2018.0,,,-8.0,0.14285715
2021,15,00-0034052,B.Zylstra,WR,CAR,BUF,0,0,0.0,0,0.0,0.0,0.0,0,0.0,0,4,2,17.0,0,1.7,3.7,,,74.0,215.0,28.62658823529412,3.0,"Concordia, Minn",2018.0,2018.0,,,,0.11111111
2021,18,00-0034052,B.Zylstra,WR,CAR,TB,0,1,0.0,0,0.0,0.0,-0.0,0,0.0,0,2,0,0.0,0,0.0,0.0,,,74.0,215.0,28.62658823529412,3.0,"Concordia, Minn",2018.0,2018.0,,,,0.04761905
2021,4,00-0034073,R.Dwelley,TE,SF,SEA,0,0,0.0,0,0.0,0.0,0.0,0,0.0,0,1,1,21.0,1,8.1,9.1,,,77.0,240.0,26.824399999999997,3.0,San Diego,2018.0,2018.0,,,-7.0,0.025641026
2021,5,00-0034073,R.Dwelley,TE,SF,ARI,0,0,0.0,0,0.0,0.0,0.0,0,0.0,0,2,2,25.0,0,2.5,4.5,,,77.0,240.0,26.824399999999997,3.0,San Diego,2018.0,2018.0,,,,0.071428575
2021,7,00-0034073,R.Dwelley,TE,SF,IND,0,0,0.0,0,0.0,0.0,0.0,0,0.0,0,2,1,5.0,0,0.5,1.5,,,77.0,240.0,26.824399999999997,3.0,San Diego,2018.0,2018.0,,,-12.0,0.074074075
2021,1,00-0034104,C.Sims,WR,WAS,LAC,0,0,0.0,0,0.0,0.0,0.0,0,0.0,0,1,1,17.0,0,1.7,2.7,,,77.0,214.0,25.84723529411765,3.0,Alabama,2018.0,2018.0,,,-4.0,0.05
2021,3,00-0034104,C.Sims,WR,WAS,BUF,0,0,0.0,0,0.0,0.0,0.0,1,7.0,0,2,1,15.0,0,2.2,3.2,,,77.0,214.0,25.84723529411765,3.0,Alabama,2018.0,2018.0,,,,0.083333336
2021,8,00-0034104,C.Sims,WR,WAS,DEN,0,0,0.0,0,0.0,0.0,0.0,0,0.0,0,2,1,20.0,0,2.0,3.0,,,77.0,214.0,25.84723529411765,3.0,Alabama,2018.0,2018.0,,,,0.054054055
2021,10,00-0034104,C.Sims,WR,WAS,TB,0,0,0.0,0,0.0,0.0,0.0,0,0.0,0,2,2,10.0,0,1.0,3.0,,,77.0,214.0,25.84723529411765,3.0,Alabama,2018.0,2018.0,,,10.0,0.0625
2021,11,00-0034104,C.Sims,WR,WAS,CAR,0,0,0.0,0,0.0,0.0,0.0,0,0.0,0,2,2,19.0,1,7.9,9.9,,,77.0,214.0,25.84723529411765,3.0,Alabama,2018.0,2018.0,,,,0.1
2021,14,00-0034104,C.Sims,WR,WAS,DAL,0,0,0.0,0,0.0,0.0,0.0,0,0.0,0,4,3,69.0,1,12.9,15.9,,,77.0,214.0,25.84723529411765,3.0,Alabama,2018.0,2018.0,,,-7.0,0.121212125
2021,15,00-0034104,C.Sims,WR,WAS,PHI,0,0,0.0,0,0.0,0.0,0.0,0,0.0,0,1,1,13.0,0,1.3,2.3,,,77.0,214.0,25.84723529411765,3.0,Alabama,2018.0,2018.0,,,,0.033333335
2021,16,00-0034104,C.Sims,WR,WAS,DAL,0,0,0.0,0,0.0,0.0,0.0,0,0.0,0,3,0,0.0,0,0.0,0.0,,,77.0,214.0,25.84723529411765,3.0,Alabama,2018.0,2018.0,,,,0.1
2021,17,00-0034104,C.Sims,WR,WAS,PHI,0,0,0.0,0,0.0,0.0,0.0,0,0.0,0,5,4,48.0,0,4.8,8.8,,,77.0,214.0,25.84723529411765,3.0,Alabama,2018.0,2018.0,,,-4.0,0.14705883
2021,18,00-0034104,C.Sims,WR,WAS,NYG,0,0,0.0,0,0.0,0.0,0.0,0,0.0,0,1,0,0.0,0,0.0,0.0,,,77.0,214.0,25.84723529411765,3.0,Alabama,2018.0,2018.0,,,,0.05882353
2021,1,00-0034109,P.Lindsay,RB,HOU,JAX,0,0,0.0,0,0.0,0.0,0.0,8,25.0,1,1,0,0.0,0,8.5,8.5,,,68.0,190.0,27.2941875,3.0,Colorado,2018.0,2018.0,,,16.0,0.03125
2021,2,00-0034109,P.Lindsay,RB,HOU,CLE,0,0,0.0,0,0.0,0.0,0.0,5,2.0,0,1,1,22.0,1,8.4,9.4,,,68.0,190.0,27.2941875,3.0,Colorado,2018.0,2018.0,,,,0.035714287
2021,3,00-0034109,P.Lindsay,RB,HOU,CAR,0,0,0.0,0,0.0,0.0,0.0,7,5.0,0,0,0,0.0,0,0.5,0.5,,,68.0,190.0,27.2941875,3.0,Colorado,2018.0,2018.0,,,-15.0,
2021,4,00-0034109,P.Lindsay,RB,HOU,BUF,0,0,0.0,0,0.0,0.0,0.0,4,-1.0,0,0,0,0.0,0,-0.1,-0.1,,,68.0,190.0,27.2941875,3.0,Colorado,2018.0,2018.0,,,,
2021,5,00-0034109,P.Lindsay,RB,HOU,NE,0,0,0.0,0,0.0,0.0,0.0,5,19.0,0,0,0,0.0,0,1.9,1.9,,,68.0,190.0,27.2941875,3.0,Colorado,2018.0,2018.0,,,-3.0,
2021,6,00-0034109,P.Lindsay,RB,HOU,IND,0,0,0.0,0,0.0,0.0,0.0,7,39.0,0,2,2,15.0,0,5.4,7.4,,,68.0,190.0,27.2941875,3.0,Colorado,2018.0,2018.0,,,,0.04761905
2021,7,00-0034109,P.Lindsay,RB,HOU,ARI,0,0,0.0,0,0.0,0.0,0.0,2,8.0,0,0,0,0.0,0,0.8,0.8,,,68.0,190.0,27.2941875,3.0,Colorado,2018.0,2018.0,,,,
2021,8,00-0034109,P.Lindsay,RB,HOU,LA,0,0,0.0,0,0.0,0.0,0.0,3,8.0,0,0,0,0.0,0,0.8,0.8,,,68.0,190.0,27.2941875,3.0,Colorado,2018.0,2018.0,,,-16.0,
2021,9,00-0034109,P.Lindsay,RB,HOU,MIA,0,0,0.0,0,0.0,0.0,0.0,8,28.0,0,0,0,0.0,0,2.8,2.8,,,68.0,190.0,27.2941875,3.0,Colorado,2018.0,2018.0,,,,
2021,11,00-0034109,P.Lindsay,RB,HOU,TEN,0,0,0.0,0,0.0,0.0,0.0,1,-3.0,0,0,0,0.0,0,-0.3,-0.3,,,68.0,190.0,27.2941875,3.0,Colorado,2018.0,2018.0,,,,
2021,12,00-0034109,P.Lindsay,RB,MIA,CAR,0,0,0.0,0,0.0,0.0,0.0,12,42.0,0,0,0,0.0,0,4.2,4.2,,,68.0,190.0,27.2941875,3.0,Colorado,2018.0,2018.0,,,23.0,
2021,16,00-0034109,P.Lindsay,RB,MIA,NO,0,0,0.0,0,0.0,0.0,0.0,13,36.0,0,0,0,0.0,0,3.6,3.6,,,68.0,190.0,27.2941875,3.0,Colorado,2018.0,2018.0,,,,
2021,17,00-0034109,P.Lindsay,RB,MIA,TEN,0,0,0.0,0,0.0,0.0,0.0,2,1.0,0,1,1,8.0,0,0.9,1.9,,,68.0,190.0,27.2941875,3.0,Colorado,2018.0,2018.0,,,,0.02631579
2021,18,00-0034109,P.Lindsay,RB,MIA,NE,0,0,0.0,0,0.0,0.0,0.0,11,40.0,0,0,0,0.0,0,4.0,4.0,,,68.0,190.0,27.2941875,3.0,Colorado,2018.0,2018.0,,,9.0,
2021,10,00-0034115,J.Wilson,RB,SF,LA,0,0,0.0,0,0.0,0.0,0.0,10,28.0,0,0,0,0.0,0,2.8,2.8,,,72.0,194.0,26.0195,3.0,North Texas,2018.0,2018.0,,,21.0,
2021,11,00-0034115,J.Wilson,RB,SF,JAX,0,0,0.0,0,0.0,0.0,0.0,19,50.0,0,2,1,8.0,0,5.8,6.8,,,72.0,194.0,26.0195,3.0,North Texas,2018.0,2018.0,,,,0.1
2021,12,00-0034115,J.Wilson,RB,SF,MIN,0,0,0.0,0,0.0,0.0,0.0,2,5.0,0,1,1,2.0,0,0.7,1.7,,,72.0,194.0,26.0195,3.0,North Texas,2018.0,2018.0,,,8.0,0.03846154
2021,14,00-0034115,J.Wilson,RB,SF,CIN,0,0,0.0,0,0.0,0.0,0.0,13,56.0,0,0,0,0.0,0,5.6,5.6,,,72.0,194.0,26.0195,3.0,North Texas,2018.0,2018.0,,,,
2021,15,00-0034115,J.Wilson,RB,SF,ATL,0,0,0.0,0,0.0,0.0,0.0,21,110.0,1,2,2,9.0,0,17.9,19.9,,,72.0,194.0,26.0195,3.0,North Texas,2018.0,2018.0,,,18.0,0.083333336
2021,16,00-0034115,J.Wilson,RB,SF,TEN,0,0,0.0,0,0.0,0.0,0.0,14,45.0,1,3,3,12.0,0,11.7,14.7,,,72.0,194.0,26.0195,3.0,North Texas,2018.0,2018.0,,,,0.08571429
2021,14,00-0034131,K.Benkert,QB,GB,CHI,0,0,0.0,0,0.0,0.0,0.0,2,-1.0,0,0,0,0.0,0,-0.1,-0.1,,,75.0,215.0,26.32711111111111,3.0,Virginia,2018.0,2018.0,,,15.0,
2021,2,00-0034132,C.Blake,WR,ATL,TB,0,0,0.0,0,0.0,0.0,0.0,0,0.0,0,1,1,8.0,0,0.8,1.8,,,73.0,181.0,25.428470588235292,3.0,Northern Illinois,2018.0,2018.0,,,,0.020833334
2021,5,00-0034132,C.Blake,WR,ATL,NYJ,0,0,0.0,0,0.0,0.0,0.0,0,0.0,0,4,2,12.0,0,1.2,3.2,,,73.0,181.0,25.428470588235292,3.0,Northern Illinois,2018.0,2018.0,,,7.0,0.08888889
2021,10,00-0034132,C.Blake,WR,ATL,DAL,0,0,0.0,0,0.0,0.0,0.0,0,0.0,0,1,0,0.0,0,0.0,0.0,,,73.0,181.0,25.428470588235292,3.0,Northern Illinois,2018.0,2018.0,,,,0.037037037
2021,15,00-0034132,C.Blake,WR,ATL,SF,0,0,0.0,0,0.0,0.0,0.0,0,0.0,0,1,0,0.0,0,0.0,0.0,,,73.0,181.0,25.428470588235292,3.0,Northern Illinois,2018.0,2018.0,,,,0.033333335
2021,16,00-0034132,C.Blake,WR,ATL,DET,0,0,0.0,0,0.0,0.0,0.0,0,0.0,0,1,1,5.0,0,0.5,1.5,,,73.0,181.0,25.428470588235292,3.0,Northern Illinois,2018.0,2018.0,,,4.0,0.045454547
2021,18,00-0034132,C.Blake,WR,ATL,NO,0,0,0.0,0,0.0,0.0,0.0,0,0.0,0,1,0,0.0,0,0.0,0.0,,,73.0,181.0,25.428470588235292,3.0,Northern Illinois,2018.0,2018.0,,,-10.0,0.032258064
2021,1,00-0034159,W.Dissly,TE,SEA,IND,0,0,0.0,0,0.0,0.0,0.0,0,0.0,0,3,3,37.0,0,3.7,6.7,,,76.0,267.0,25.343647058823528,3.0,Washington,2018.0,2018.0,SEA,120.0,,0.14285715
2021,3,00-0034159,W.Dissly,TE,SEA,MIN,0,0,0.0,0,0.0,0.0,0.0,0,0.0,0,1,1,39.0,0,3.9,4.9,,,76.0,267.0,25.343647058823528,3.0,Washington,2018.0,2018.0,SEA,120.0,,0.035714287
2021,4,00-0034159,W.Dissly,TE,SEA,SF,0,0,0.0,0,0.0,0.0,0.0,0,0.0,0,2,2,5.0,0,0.5,2.5,,,76.0,267.0,25.343647058823528,3.0,Washington,2018.0,2018.0,SEA,120.0,,0.09090909
2021,5,00-0034159,W.Dissly,TE,SEA,LA,0,0,0.0,0,0.0,0.0,0.0,0,0.0,0,4,2,29.0,0,2.9,4.9,,,76.0,267.0,25.343647058823528,3.0,Washington,2018.0,2018.0,SEA,120.0,-9.0,0.125
2021,6,00-0034159,W.Dissly,TE,SEA,PIT,0,0,0.0,0,0.0,0.0,0.0,0,0.0,0,2,2,8.0,1,6.8,8.8,,,76.0,267.0,25.343647058823528,3.0,Washington,2018.0,2018.0,SEA,120.0,,0.06451613
2021,10,00-0034159,W.Dissly,TE,SEA,GB,0,0,0.0,0,0.0,0.0,0.0,0,0.0,0,2,2,22.0,0,2.2,4.2,,,76.0,267.0,25.343647058823528,3.0,Washington,2018.0,2018.0,SEA,120.0,,0.05263158
2021,11,00-0034159,W.Dissly,TE,SEA,ARI,0,0,0.0,0,0.0,0.0,0.0,0,0.0,0,3,1,16.0,0,1.6,2.6,,,76.0,267.0,25.343647058823528,3.0,Washington,2018.0,2018.0,SEA,120.0,-10.0,0.12
2021,12,00-0034159,W.Dissly,TE,SEA,WAS,0,0,0.0,0,0.0,0.0,0.0,0,0.0,0,2,2,19.0,0,1.9,3.9,,,76.0,267.0,25.343647058823528,3.0,Washington,2018.0,2018.0,SEA,120.0,,0.06451613
2021,13,00-0034159,W.Dissly,TE,SEA,SF,0,0,0.0,0,0.0,0.0,0.0,0,0.0,0,2,2,7.0,0,0.7,2.7,,,76.0,267.0,25.343647058823528,3.0,Washington,2018.0,2018.0,SEA,120.0,7.0,0.054054055
2021,14,00-0034159,W.Dissly,TE,SEA,HOU,0,0,0.0,0,0.0,0.0,0.0,0,0.0,0,3,2,38.0,0,3.8,5.8,,,76.0,267.0,25.343647058823528,3.0,Washington,2018.0,2018.0,SEA,120.0,,0.10714286
2021,15,00-0034159,W.Dissly,TE,SEA,LA,0,0,0.0,0,0.0,0.0,0.0,0,0.0,0,1,1,3.0,0,0.3,1.3,,,76.0,267.0,25.343647058823528,3.0,Washington,2018.0,2018.0,SEA,120.0,,0.035714287
2021,17,00-0034159,W.Dissly,TE,SEA,DET,0,0,0.0,0,0.0,0.0,0.0,0,0.0,0,1,1,8.0,0,0.8,1.8,,,76.0,267.0,25.343647058823528,3.0,Washington,2018.0,2018.0,SEA,120.0,22.0,0.035714287
2021,1,00-0034164,T.Cannon,RB,BAL,LV,0,0,0.0,0,0.0,0.0,0.0,2,5.0,0,0,0,0.0,0,0.5,0.5,,,71.0,185.0,27.3365,3.0,Virginia State,2018.0,2018.0,NYJ,204.0,,
2021,2,00-0034164,T.Cannon,RB,SF,PHI,0,0,0.0,0,0.0,0.0,0.0,1,-1.0,0,0,0,0.0,0,-0.1,-0.1,,,71.0,185.0,27.3365,3.0,Virginia State,2018.0,2018.0,NYJ,204.0,,
2021,1,00-0034171,J.Cabinda,FB,DET,SF,0,0,0.0,0,0.0,0.0,0.0,0,0.0,0,1,0,0.0,0,0.0,0.0,,,73.0,235.0,25.652529411764707,3.0,Penn State,2018.0,2018.0,,,-8.0,0.017857144
2021,2,00-0034171,J.Cabinda,FB,DET,GB,0,0,0.0,0,0.0,0.0,0.0,0,0.0,0,1,1,4.0,0,0.4,1.4,,,73.0,235.0,25.652529411764707,3.0,Penn State,2018.0,2018.0,,,,0.028571429
2021,10,00-0034171,J.Cabinda,FB,DET,PIT,0,0,0.0,0,0.0,0.0,0.0,1,2.0,0,0,0,0.0,0,0.2,0.2,,,73.0,235.0,25.652529411764707,3.0,Penn State,2018.0,2018.0,,,,
2021,11,00-0034171,J.Cabinda,FB,DET,CLE,0,0,0.0,0,0.0,0.0,0.0,2,21.0,0,1,0,0.0,0,2.1,2.1,,,73.0,235.0,25.652529411764707,3.0,Penn State,2018.0,2018.0,,,,0.04347826
2021,13,00-0034171,J.Cabinda,FB,DET,MIN,0,0,0.0,0,0.0,0.0,0.0,0,0.0,0,1,0,0.0,0,0.0,0.0,,,73.0,235.0,25.652529411764707,3.0,Penn State,2018.0,2018.0,,,2.0,0.02631579
2021,15,00-0034171,J.Cabinda,FB,DET,ARI,0,0,0.0,0,0.0,0.0,0.0,0,0.0,0,1,1,6.0,1,6.6,7.6,,,73.0,235.0,25.652529411764707,3.0,Penn State,2018.0,2018.0,,,18.0,0.03846154
2021,16,00-0034171,J.Cabinda,FB,DET,ATL,0,0,0.0,0,0.0,0.0,0.0,0,0.0,0,2,2,6.0,0,0.6,2.6,,,73.0,235.0,25.652529411764707,3.0,Penn State,2018.0,2018.0,,,,0.057142857
2021,11,00-0034177,T.Boyle,QB,DET,CLE,15,23,77.0,0,2.0,0.0,-0.0,0,0.0,0,0,0,0.0,0,-0.92,-0.92,,,76.0,233.0,27.10635294117647,3.0,Eastern Kentucky,2018.0,2018.0,,,,
2021,16,00-0034177,T.Boyle,QB,DET,ATL,24,34,187.0,1,1.0,0.0,-0.0,0,0.0,0,0,0,0.0,0,9.48,9.48,,,76.0,233.0,27.10635294117647,3.0,Eastern Kentucky,2018.0,2018.0,,,,
2021,17,00-0034177,T.Boyle,QB,DET,SEA,22,37,262.0,2,3.0,0.0,-0.0,1,14.0,0,0,0,0.0,0,15.88,15.88,,,76.0,233.0,27.10635294117647,3.0,Eastern Kentucky,2018.0,2018.0,,,,
2021,18,00-0034177,T.Boyle,QB,DET,GB,0,0,0.0,0,0.0,0.0,0.0,1,-1.0,0,0,0,0.0,0,-0.1,-0.1,,,76.0,233.0,27.10635294117647,3.0,Eastern Kentucky,2018.0,2018.0,,,7.0,
2021,9,00-0034193,K.Rader,TE,PIT,CHI,0,0,0.0,0,0.0,0.0,0.0,0,0.0,0,1,1,1.0,0,0.1,1.1,,,76.0,250.0,26.557444444444442,3.0,Youngstown State,2018.0,2018.0,,,2.0,0.037037037
2021,16,00-0034193,K.Rader,TE,PIT,KC,0,0,0.0,0,0.0,0.0,0.0,0,0.0,0,2,1,7.0,0,0.7,1.7,,,76.0,250.0,26.557444444444442,3.0,Youngstown State,2018.0,2018.0,,,,0.04761905
2021,6,00-0034208,M.Boone,RB,DEN,LV,0,0,0.0,0,0.0,0.0,0.0,0,0.0,0,1,1,3.0,0,0.3,1.3,,,70.0,205.0,26.28235294117647,3.0,Cincinnati,2018.0,2018.0,,,-10.0,0.020833334
2021,13,00-0034208,M.Boone,RB,DEN,KC,0,0,0.0,0,0.0,0.0,0.0,4,35.0,0,1,1,19.0,0,5.4,6.4,,,70.0,205.0,26.28235294117647,3.0,Cincinnati,2018.0,2018.0,,,,0.027777778
2021,11,00-0034253,D.Hilliard,RB,TEN,HOU,0,0,0.0,0,0.0,0.0,0.0,7,35.0,0,10,8,47.0,0,8.2,16.2,,,71.0,202.0,26.784727272727274,3.0,Tulane,2018.0,2018.0,,,-9.0,0.19607843
2021,12,00-0034253,D.Hilliard,RB,TEN,NE,0,0,0.0,0,0.0,0.0,0.0,12,131.0,1,2,1,2.0,0,17.3,18.3,,,71.0,202.0,26.784727272727274,3.0,Tulane,2018.0,2018.0,,,,0.0952381
2021,14,00-0034253,D.Hilliard,RB,TEN,JAX,0,0,0.0,0,0.0,0.0,0.0,6,13.0,0,2,0,0.0,0,1.3,1.3,,,71.0,202.0,26.784727272727274,3.0,Tulane,2018.0,2018.0,,,20.0,0.06666667
2021,15,00-0034253,D.Hilliard,RB,TEN,PIT,0,0,0.0,0,0.0,0.0,0.0,9,49.0,0,6,4,10.0,0,5.9,9.9,,,71.0,202.0,26.784727272727274,3.0,Tulane,2018.0,2018.0,,,,0.1875
2021,16,00-0034253,D.Hilliard,RB,TEN,SF,0,0,0.0,0,0.0,0.0,0.0,5,20.0,0,2,2,-6.0,0,1.4,3.4,,,71.0,202.0,26.784727272727274,3.0,Tulane,2018.0,2018.0,,,3.0,0.06666667
2021,17,00-0034253,D.Hilliard,RB,TEN,MIA,0,0,0.0,0,0.0,0.0,0.0,8,45.0,1,3,3,33.0,0,13.8,16.8,,,71.0,202.0,26.784727272727274,3.0,Tulane,2018.0,2018.0,,,31.0,0.16666667
2021,18,00-0034253,D.Hilliard,RB,TEN,HOU,0,0,0.0,0,0.0,0.0,0.0,9,57.0,0,1,1,1.0,0,5.8,6.8,,,71.0,202.0,26.784727272727274,3.0,Tulane,2018.0,2018.0,,,,0.03125
2021,20,00-0034253,D.Hilliard,RB,TEN,CIN,0,0,0.0,0,0.0,0.0,0.0,0,0.0,0,3,3,13.0,0,1.3,4.3,,,71.0,202.0,26.784727272727274,3.0,Tulane,2018.0,2018.0,,,-3.0,0.125
2021,1,00-0034270,T.Conklin,TE,MIN,CIN,0,0,0.0,0,0.0,0.0,0.0,0,0.0,0,4,4,41.0,0,4.1,8.1,,,75.0,254.0,26.287176470588236,3.0,Central Michigan,2018.0,2018.0,MIN,157.0,,0.08510638
2021,2,00-0034270,T.Conklin,TE,MIN,ARI,0,0,0.0,0,0.0,0.0,0.0,0,0.0,0,4,2,15.0,0,1.5,3.5,,,75.0,254.0,26.287176470588236,3.0,Central Michigan,2018.0,2018.0,MIN,157.0,,0.125
2021,3,00-0034270,T.Conklin,TE,MIN,SEA,0,0,0.0,0,0.0,0.0,0.0,0,0.0,0,8,7,70.0,1,13.0,20.0,,,75.0,254.0,26.287176470588236,3.0,Central Michigan,2018.0,2018.0,MIN,157.0,13.0,0.21052632
2021,4,00-0034270,T.Conklin,TE,MIN,CLE,0,0,0.0,0,0.0,0.0,0.0,0,0.0,0,6,4,18.0,0,1.8,5.8,,,75.0,254.0,26.287176470588236,3.0,Central Michigan,2018.0,2018.0,MIN,157.0,-7.0,0.16666667
2021,5,00-0034270,T.Conklin,TE,MIN,DET,0,0,0.0,0,0.0,0.0,0.0,0,0.0,0,3,2,25.0,0,2.5,4.5,,,75.0,254.0,26.287176470588236,3.0,Central Michigan,2018.0,2018.0,MIN,157.0,2.0,0.09677419
2021,6,00-0034270,T.Conklin,TE,MIN,CAR,0,0,0.0,0,0.0,0.0,0.0,0,0.0,0,5,3,71.0,0,7.1,10.1,,,75.0,254.0,26.287176470588236,3.0,Central Michigan,2018.0,2018.0,MIN,157.0,,0.11111111
2021,8,00-0034270,T.Conklin,TE,MIN,DAL,0,0,0.0,0,0.0,0.0,0.0,0,0.0,0,7,5,57.0,0,5.7,10.7,,,75.0,254.0,26.287176470588236,3.0,Central Michigan,2018.0,2018.0,MIN,157.0,-4.0,0.21212122
2021,9,00-0034270,T.Conklin,TE,MIN,BAL,0,0,0.0,0,0.0,0.0,0.0,0,0.0,0,7,5,45.0,0,4.5,9.5,,,75.0,254.0,26.287176470588236,3.0,Central Michigan,2018.0,2018.0,MIN,157.0,,0.25
2021,10,00-0034270,T.Conklin,TE,MIN,LAC,0,0,0.0,0,0.0,0.0,0.0,0,0.0,0,5,3,11.0,2,13.1,16.1,,,75.0,254.0,26.287176470588236,3.0,Central Michigan,2018.0,2018.0,MIN,157.0,,0.14285715
2021,11,00-0034270,T.Conklin,TE,MIN,GB,0,0,0.0,0,0.0,0.0,0.0,0,0.0,0,3,3,35.0,0,3.5,6.5,,,75.0,254.0,26.287176470588236,3.0,Central Michigan,2018.0,2018.0,MIN,157.0,3.0,0.0882353
2021,12,00-0034270,T.Conklin,TE,MIN,SF,0,0,0.0,0,0.0,0.0,0.0,0,0.0,0,3,2,25.0,0,2.5,4.5,,,75.0,254.0,26.287176470588236,3.0,Central Michigan,2018.0,2018.0,MIN,157.0,,0.09375
2021,13,00-0034270,T.Conklin,TE,MIN,DET,0,0,0.0,0,0.0,0.0,0.0,0,0.0,0,9,7,56.0,0,5.6,12.6,,,75.0,254.0,26.287176470588236,3.0,Central Michigan,2018.0,2018.0,MIN,157.0,,0.2195122
2021,14,00-0034270,T.Conklin,TE,MIN,PIT,0,0,0.0,0,0.0,0.0,0.0,0,0.0,0,2,2,20.0,0,2.0,4.0,,,75.0,254.0,26.287176470588236,3.0,Central Michigan,2018.0,2018.0,MIN,157.0,8.0,0.06451613
2021,15,00-0034270,T.Conklin,TE,MIN,CHI,0,0,0.0,0,0.0,0.0,0.0,0,0.0,0,3,1,7.0,0,0.7,1.7,,,75.0,254.0,26.287176470588236,3.0,Central Michigan,2018.0,2018.0,MIN,157.0,,0.13636364
2021,16,00-0034270,T.Conklin,TE,MIN,LA,0,0,0.0,0,0.0,0.0,0.0,0,0.0,0,5,4,44.0,0,4.4,8.4,,,75.0,254.0,26.287176470588236,3.0,Central Michigan,2018.0,2018.0,MIN,157.0,-7.0,0.14285715
2021,17,00-0034270,T.Conklin,TE,MIN,GB,0,0,0.0,0,0.0,0.0,0.0,0,0.0,0,9,5,47.0,0,4.7,9.7,,,75.0,254.0,26.287176470588236,3.0,Central Michigan,2018.0,2018.0,MIN,157.0,,0.24324325
2021,18,00-0034270,T.Conklin,TE,MIN,CHI,0,0,0.0,0,0.0,0.0,0.0,0,0.0,0,4,2,6.0,0,0.6,2.6,,,75.0,254.0,26.287176470588236,3.0,Central Michigan,2018.0,2018.0,MIN,157.0,14.0,0.1904762
2021,1,00-0034272,M.Valdes-Scantling,WR,GB,NO,0,0,0.0,0,0.0,0.0,0.0,0,0.0,0,8,3,17.0,0,1.7,4.7,,,76.0,207.0,27.093833333333336,3.0,South Florida,2018.0,2018.0,GB,174.0,,0.24242425
2021,2,00-0034272,M.Valdes-Scantling,WR,GB,DET,0,0,0.0,0,0.0,0.0,0.0,0,0.0,0,4,0,0.0,0,0.0,0.0,,,76.0,207.0,27.093833333333336,3.0,South Florida,2018.0,2018.0,GB,174.0,18.0,0.14814815
2021,3,00-0034272,M.Valdes-Scantling,WR,GB,SF,0,0,0.0,0,0.0,0.0,0.0,0,0.0,0,4,3,59.0,1,11.9,14.9,,,76.0,207.0,27.093833333333336,3.0,South Florida,2018.0,2018.0,GB,174.0,,0.12903225
2021,9,00-0034272,M.Valdes-Scantling,WR,GB,KC,0,0,0.0,0,0.0,0.0,0.0,0,0.0,0,2,2,19.0,0,1.9,3.9,,,76.0,207.0,27.093833333333336,3.0,South Florida,2018.0,2018.0,GB,174.0,,0.0625
2021,10,00-0034272,M.Valdes-Scantling,WR,GB,SEA,0,0,0.0,0,0.0,0.0,0.0,0,0.0,0,2,1,41.0,0,4.1,5.1,,,76.0,207.0,27.093833333333336,3.0,South Florida,2018.0,2018.0,GB,174.0,17.0,0.057142857
2021,11,00-0034272,M.Valdes-Scantling,WR,GB,MIN,0,0,0.0,0,0.0,0.0,0.0,0,0.0,0,10,4,123.0,1,18.3,22.3,,,76.0,207.0,27.093833333333336,3.0,South Florida,2018.0,2018.0,GB,174.0,,0.32258064
2021,12,00-0034272,M.Valdes-Scantling,WR,GB,LA,0,0,0.0,0,0.0,0.0,0.0,0,0.0,0,9,4,50.0,0,5.0,9.0,,,76.0,207.0,27.093833333333336,3.0,South Florida,2018.0,2018.0,GB,174.0,8.0,0.20454545
2021,14,00-0034272,M.Valdes-Scantling,WR,GB,CHI,0,0,0.0,0,0.0,0.0,0.0,0,0.0,0,5,3,20.0,0,2.0,5.0,,,76.0,207.0,27.093833333333336,3.0,South Florida,2018.0,2018.0,GB,174.0,15.0,0.14285715
2021,15,00-0034272,M.Valdes-Scantling,WR,GB,BAL,0,0,0.0,0,0.0,0.0,0.0,0,0.0,0,7,5,98.0,1,15.8,20.8,,,76.0,207.0,27.093833333333336,3.0,South Florida,2018.0,2018.0,GB,174.0,,0.22580644
2021,17,00-0034272,M.Valdes-Scantling,WR,GB,MIN,0,0,0.0,0,0.0,0.0,0.0,0,0.0,0,3,1,3.0,0,0.3,1.3,,,76.0,207.0,27.093833333333336,3.0,South Florida,2018.0,2018.0,GB,174.0,27.0,0.071428575
2021,18,00-0034272,M.Valdes-Scantling,WR,GB,DET,0,0,0.0,0,0.0,0.0,0.0,0,0.0,0,1,0,0.0,0,0.0,0.0,,,76.0,207.0,27.093833333333336,3.0,South Florida,2018.0,2018.0,GB,174.0,,0.028571429
2021,15,00-0034278,T.Smith,CB,HOU,JAX,0,0,0.0,0,0.0,0.0,0.0,0,0.0,0,0,0,0.0,0,6.0,6.0,,,71.0,190.0,25.30894117647059,3.0,Central Arkansas,2018.0,2018.0,KC,196.0,,
2021,16,00-0034278,T.Smith,CB,HOU,LAC,0,0,0.0,0,0.0,0.0,0.0,1,7.0,0,0,0,0.0,0,0.7,0.7,,,71.0,190.0,25.30894117647059,3.0,Central Arkansas,2018.0,2018.0,KC,196.0,12.0,
2021,2,00-0034279,E.St. Brown,WR,GB,DET,0,0,0.0,0,0.0,0.0,0.0,0,0.0,0,1,1,0.0,0,0.0,1.0,,,77.0,214.0,25.119833333333332,3.0,Notre Dame,2018.0,2018.0,GB,207.0,18.0,0.037037037
2021,4,00-0034279,E.St. Brown,WR,GB,PIT,0,0,0.0,0,0.0,0.0,0.0,0,0.0,0,1,0,0.0,0,0.0,0.0,,,77.0,214.0,25.119833333333332,3.0,Notre Dame,2018.0,2018.0,GB,207.0,10.0,0.028571429
2021,7,00-0034279,E.St. Brown,WR,GB,WAS,0,0,0.0,0,0.0,0.0,0.0,1,13.0,0,1,0,0.0,0,1.3,1.3,,,77.0,214.0,25.119833333333332,3.0,Notre Dame,2018.0,2018.0,GB,207.0,14.0,0.029411765
2021,8,00-0034279,E.St. Brown,WR,GB,ARI,0,0,0.0,0,0.0,0.0,0.0,0,0.0,0,3,2,12.0,0,1.2,3.2,,,77.0,214.0,25.119833333333332,3.0,Notre Dame,2018.0,2018.0,GB,207.0,,0.08571429
2021,11,00-0034279,E.St. Brown,WR,GB,MIN,0,0,0.0,0,0.0,0.0,0.0,1,11.0,0,2,2,43.0,0,5.4,7.4,,,77.0,214.0,25.119833333333332,3.0,Notre Dame,2018.0,2018.0,GB,207.0,,0.06451613
2021,12,00-0034279,E.St. Brown,WR,GB,LA,0,0,0.0,0,0.0,0.0,0.0,0,0.0,0,2,1,7.0,0,0.7,1.7,,,77.0,214.0,25.119833333333332,3.0,Notre Dame,2018.0,2018.0,GB,207.0,8.0,0.045454547
2021,16,00-0034279,E.St. Brown,WR,GB,CLE,0,0,0.0,0,0.0,0.0,0.0,1,-10.0,0,0,0,0.0,0,-1.0,-1.0,,,77.0,214.0,25.119833333333332,3.0,Notre Dame,2018.0,2018.0,GB,207.0,2.0,
2021,17,00-0034279,E.St. Brown,WR,GB,MIN,0,0,0.0,0,0.0,0.0,0.0,0,0.0,0,2,1,14.0,0,1.4,2.4,,,77.0,214.0,25.119833333333332,3.0,Notre Dame,2018.0,2018.0,GB,207.0,27.0,0.04761905
2021,18,00-0034279,E.St. Brown,WR,GB,DET,0,0,0.0,0,0.0,0.0,0.0,0,0.0,0,5,2,22.0,0,2.2,4.2,,,77.0,214.0,25.119833333333332,3.0,Notre Dame,2018.0,2018.0,GB,207.0,,0.14285715
2021,20,00-0034279,E.St. Brown,WR,GB,SF,0,0,0.0,0,0.0,0.0,0.0,1,1.0,0,0,0,0.0,0,0.1,0.1,,,77.0,214.0,25.119833333333332,3.0,Notre Dame,2018.0,2018.0,GB,207.0,-3.0,
2021,1,00-0034297,B.Pringle,WR,KC,CLE,0,0,0.0,0,0.0,0.0,0.0,0,0.0,0,2,1,6.0,0,0.6,1.6,,,73.0,205.0,28.009500000000003,3.0,Kansas State,2018.0,2018.0,,,4.0,0.05882353
2021,2,00-0034297,B.Pringle,WR,KC,BAL,0,0,0.0,0,0.0,0.0,0.0,0,0.0,0,2,2,63.0,1,12.3,14.3,,,73.0,205.0,28.009500000000003,3.0,Kansas State,2018.0,2018.0,,,,0.06666667
2021,3,00-0034297,B.Pringle,WR,KC,LAC,0,0,0.0,0,0.0,0.0,0.0,0,0.0,0,6,2,12.0,0,1.2,3.2,,,73.0,205.0,28.009500000000003,3.0,Kansas State,2018.0,2018.0,,,-6.0,0.15
2021,4,00-0034297,B.Pringle,WR,KC,PHI,0,0,0.0,0,0.0,0.0,0.0,0,0.0,0,2,2,23.0,0,2.3,4.3,,,73.0,205.0,28.009500000000003,3.0,Kansas State,2018.0,2018.0,,,,0.06666667
2021,5,00-0034297,B.Pringle,WR,KC,BUF,0,0,0.0,0,0.0,0.0,0.0,0,0.0,0,2,2,11.0,1,7.1,9.1,,,73.0,205.0,28.009500000000003,3.0,Kansas State,2018.0,2018.0,,,-18.0,0.04
2021,6,00-0034297,B.Pringle,WR,KC,WAS,0,0,0.0,0,0.0,0.0,0.0,0,0.0,0,3,3,55.0,0,5.5,8.5,,,73.0,205.0,28.009500000000003,3.0,Kansas State,2018.0,2018.0,,,,0.06521739
2021,7,00-0034297,B.Pringle,WR,KC,TEN,0,0,0.0,0,0.0,0.0,0.0,0,0.0,0,6,5,73.0,0,7.3,12.3,,,73.0,205.0,28.009500000000003,3.0,Kansas State,2018.0,2018.0,,,,0.125
2021,8,00-0034297,B.Pringle,WR,KC,NYG,0,0,0.0,0,0.0,0.0,0.0,0,0.0,0,2,1,12.0,0,1.2,2.2,,,73.0,205.0,28.009500000000003,3.0,Kansas State,2018.0,2018.0,,,3.0,0.046511628
2021,10,00-0034297,B.Pringle,WR,KC,LV,0,0,0.0,0,0.0,0.0,0.0,0,0.0,0,5,4,46.0,1,10.6,14.6,,,73.0,205.0,28.009500000000003,3.0,Kansas State,2018.0,2018.0,,,,0.104166664
2021,11,00-0034297,B.Pringle,WR,KC,DAL,0,0,0.0,0,0.0,0.0,0.0,0,0.0,0,2,1,37.0,0,3.7,4.7,,,73.0,205.0,28.009500000000003,3.0,Kansas State,2018.0,2018.0,,,10.0,0.060606062
2021,13,00-0034297,B.Pringle,WR,KC,DEN,0,0,0.0,0,0.0,0.0,0.0,0,0.0,0,4,1,14.0,0,1.4,2.4,,,73.0,205.0,28.009500000000003,3.0,Kansas State,2018.0,2018.0,,,13.0,0.14814815
2021,14,00-0034297,B.Pringle,WR,KC,LV,0,0,0.0,0,0.0,0.0,0.0,0,0.0,0,1,1,28.0,0,2.8,3.8,,,73.0,205.0,28.009500000000003,3.0,Kansas State,2018.0,2018.0,,,39.0,0.045454547
2021,15,00-0034297,B.Pringle,WR,KC,LAC,0,0,0.0,0,0.0,0.0,0.0,0,0.0,0,4,3,22.0,0,2.2,5.2,,,73.0,205.0,28.009500000000003,3.0,Kansas State,2018.0,2018.0,,,,0.08888889
2021,16,00-0034297,B.Pringle,WR,KC,PIT,0,0,0.0,0,0.0,0.0,0.0,0,0.0,0,7,6,75.0,2,19.5,25.5,,,73.0,205.0,28.009500000000003,3.0,Kansas State,2018.0,2018.0,,,26.0,0.2413793
2021,17,00-0034297,B.Pringle,WR,KC,CIN,0,0,0.0,0,0.0,0.0,0.0,0,0.0,0,4,3,35.0,0,3.5,6.5,,,73.0,205.0,28.009500000000003,3.0,Kansas State,2018.0,2018.0,,,,0.11764706
2021,18,00-0034297,B.Pringle,WR,KC,DEN,0,0,0.0,0,0.0,0.0,0.0,0,0.0,0,8,5,56.0,0,5.6,10.6,,,73.0,205.0,28.009500000000003,3.0,Kansas State,2018.0,2018.0,,,,0.1904762
2021,19,00-0034297,B.Pringle,WR,KC,PIT,0,0,0.0,0,0.0,0.0,0.0,0,0.0,0,7,5,37.0,2,15.7,20.7,,,73.0,205.0,28.009500000000003,3.0,Kansas State,2018.0,2018.0,,,21.0,0.18421052
2021,20,00-0034297,B.Pringle,WR,KC,BUF,0,0,0.0,0,0.0,0.0,0.0,0,0.0,0,7,5,29.0,1,8.9,13.9,,,73.0,205.0,28.009500000000003,3.0,Kansas State,2018.0,2018.0,,,6.0,0.16666667
2021,21,00-0034297,B.Pringle,WR,KC,CIN,0,0,0.0,0,0.0,0.0,0.0,0,0.0,0,3,2,16.0,0,1.6,3.6,,,73.0,205.0,28.009500000000003,3.0,Kansas State,2018.0,2018.0,,,-3.0,0.08108108
2021,1,00-0034301,D.Williams,RB,KC,CLE,0,0,0.0,0,0.0,0.0,0.0,1,4.0,0,0,0,0.0,0,0.4,0.4,,,71.0,224.0,26.60235,3.0,Louisiana State,2018.0,2018.0,,,4.0,
2021,2,00-0034301,D.Williams,RB,KC,BAL,0,0,0.0,0,0.0,0.0,0.0,3,-2.0,1,0,0,0.0,0,5.8,5.8,,,71.0,224.0,26.60235,3.0,Louisiana State,2018.0,2018.0,,,,
2021,3,00-0034301,D.Williams,RB,KC,LAC,0,0,0.0,0,0.0,0.0,0.0,7,28.0,0,3,2,11.0,0,3.9,5.9,,,71.0,224.0,26.60235,3.0,Louisiana State,2018.0,2018.0,,,-6.0,0.075
2021,4,00-0034301,D.Williams,RB,KC,PHI,0,0,0.0,0,0.0,0.0,0.0,10,42.0,1,2,2,16.0,0,11.8,13.8,,,71.0,224.0,26.60235,3.0,Louisiana State,2018.0,2018.0,,,,0.06666667
2021,5,00-0034301,D.Williams,RB,KC,BUF,0,0,0.0,0,0.0,0.0,0.0,5,27.0,0,5,3,18.0,0,4.5,7.5,,,71.0,224.0,26.60235,3.0,Louisiana State,2018.0,2018.0,,,-18.0,0.1
2021,6,00-0034301,D.Williams,RB,KC,WAS,0,0,0.0,0,0.0,0.0,0.0,21,62.0,2,4,3,27.0,0,20.9,23.9,,,71.0,224.0,26.60235,3.0,Louisiana State,2018.0,2018.0,,,,0.08695652
2021,7,00-0034301,D.Williams,RB,KC,TEN,0,0,0.0,0,0.0,0.0,0.0,5,20.0,0,4,3,30.0,0,5.0,8.0,,,71.0,224.0,26.60235,3.0,Louisiana State,2018.0,2018.0,,,,0.083333336
2021,8,00-0034301,D.Williams,RB,KC,NYG,0,0,0.0,0,0.0,0.0,0.0,13,49.0,0,6,6,61.0,0,11.0,17.0,,,71.0,224.0,26.60235,3.0,Louisiana State,2018.0,2018.0,,,3.0,0.13953489
2021,9,00-0034301,D.Williams,RB,KC,GB,0,0,0.0,0,0.0,0.0,0.0,19,70.0,0,4,3,7.0,0,7.7,10.7,,,71.0,224.0,26.60235,3.0,Louisiana State,2018.0,2018.0,,,6.0,0.11111111
2021,10,00-0034301,D.Williams,RB,KC,LV,0,0,0.0,0,0.0,0.0,0.0,11,43.0,0,9,9,101.0,1,20.4,29.4,,,71.0,224.0,26.60235,3.0,Louisiana State,2018.0,2018.0,,,,0.1875
2021,11,00-0034301,D.Williams,RB,KC,DAL,0,0,0.0,0,0.0,0.0,0.0,5,15.0,0,3,1,11.0,0,2.6,3.6,,,71.0,224.0,26.60235,3.0,Louisiana State,2018.0,2018.0,,,10.0,0.09090909
2021,13,00-0034301,D.Williams,RB,KC,DEN,0,0,0.0,0,0.0,0.0,0.0,5,20.0,0,3,3,60.0,0,8.0,11.0,,,71.0,224.0,26.60235,3.0,Louisiana State,2018.0,2018.0,,,13.0,0.11111111
2021,14,00-0034301,D.Williams,RB,KC,LV,0,0,0.0,0,0.0,0.0,0.0,2,8.0,0,3,3,31.0,1,9.9,12.9,,,71.0,224.0,26.60235,3.0,Louisiana State,2018.0,2018.0,,,39.0,0.13636364
2021,15,00-0034301,D.Williams,RB,KC,LAC,0,0,0.0,0,0.0,0.0,0.0,5,12.0,0,1,0,0.0,0,1.2,1.2,,,71.0,224.0,26.60235,3.0,Louisiana State,2018.0,2018.0,,,,0.022222223
2021,16,00-0034301,D.Williams,RB,KC,PIT,0,0,0.0,0,0.0,0.0,0.0,11,55.0,0,3,3,30.0,0,8.5,11.5,,,71.0,224.0,26.60235,3.0,Louisiana State,2018.0,2018.0,,,26.0,0.10344828
2021,17,00-0034301,D.Williams,RB,KC,CIN,0,0,0.0,0,0.0,0.0,0.0,14,88.0,2,3,3,19.0,0,22.7,25.7,,,71.0,224.0,26.60235,3.0,Louisiana State,2018.0,2018.0,,,,0.0882353
2021,18,00-0034301,D.Williams,RB,KC,DEN,0,0,0.0,0,0.0,0.0,0.0,7,17.0,0,4,3,30.0,0,4.7,7.7,,,71.0,224.0,26.60235,3.0,Louisiana State,2018.0,2018.0,,,,0.0952381
2021,19,00-0034301,D.Williams,RB,KC,PIT,0,0,0.0,0,0.0,0.0,0.0,1,4.0,0,0,0,0.0,0,0.4,0.4,,,71.0,224.0,26.60235,3.0,Louisiana State,2018.0,2018.0,,,21.0,
2021,6,00-0034311,J.Stanton,FB,CLE,ARI,0,0,0.0,0,0.0,0.0,0.0,0,0.0,0,1,1,6.0,0,0.6,1.6,,,74.0,245.0,27.173058823529413,3.0,Nevada-Las Vegas,2018.0,2018.0,,,-23.0,0.032258064
2021,7,00-0034311,J.Stanton,FB,CLE,DEN,0,0,0.0,0,0.0,0.0,0.0,2,5.0,0,1,1,1.0,1,6.6,7.6,,,74.0,245.0,27.173058823529413,3.0,Nevada-Las Vegas,2018.0,2018.0,,,3.0,0.03125
2021,10,00-0034311,J.Stanton,FB,CLE,NE,0,0,0.0,0,0.0,0.0,0.0,1,0.0,0,0,0,0.0,0,0.0,0.0,,,74.0,245.0,27.173058823529413,3.0,Nevada-Las Vegas,2018.0,2018.0,,,,
2021,7,00-0034317,K.Kirkwood,WR,CAR,NYG,0,0,0.0,0,0.0,0.0,0.0,0,0.0,0,5,3,17.0,0,1.7,4.7,,,75.0,210.0,26.87170588235294,3.0,Temple,2018.0,2018.0,,,,0.13157895
2021,8,00-0034317,K.Kirkwood,WR,CAR,ATL,0,0,0.0,0,0.0,0.0,0.0,0,0.0,0,1,0,0.0,0,0.0,0.0,,,75.0,210.0,26.87170588235294,3.0,Temple,2018.0,2018.0,,,,0.041666668
2021,18,00-0034317,K.Kirkwood,WR,CAR,TB,0,0,0.0,0,0.0,0.0,0.0,0,0.0,0,1,0,0.0,0,0.0,0.0,,,75.0,210.0,26.87170588235294,3.0,Temple,2018.0,2018.0,,,,0.023809524
2021,7,00-0034319,D.Yelder,TE,TB,CHI,0,0,0.0,0,0.0,0.0,0.0,0,0.0,0,1,1,0.0,0,0.0,1.0,,,76.0,255.0,26.68225,3.0,Western Kentucky,2018.0,2018.0,,,35.0,0.025641026
2021,13,00-0034331,J.Samuels,RB,HOU,IND,0,0,0.0,0,0.0,0.0,0.0,2,2.0,0,1,0,0.0,0,0.2,0.2,,,72.0,225.0,25.312375,3.0,North Carolina State,2018.0,2018.0,PIT,165.0,-31.0,0.03846154
2021,17,00-0034331,J.Samuels,RB,HOU,SF,0,0,0.0,0,0.0,0.0,0.0,3,7.0,0,3,3,14.0,0,2.1,5.1,,,72.0,225.0,25.312375,3.0,North Carolina State,2018.0,2018.0,PIT,165.0,,0.1
2021,2,00-0034343,J.Rosen,QB,ATL,TB,0,2,0.0,0,0.0,0.0,-0.0,0,0.0,0,0,0,0.0,0,0.0,0.0,,,76.0,226.0,24.752235294117646,3.0,UCLA,2018.0,2018.0,ARI,10.0,,
2021,10,00-0034343,J.Rosen,QB,ATL,DAL,1,6,14.0,0,1.0,0.0,-0.0,0,0.0,0,0,0,0.0,0,-1.44,-1.44,,,76.0,226.0,24.752235294117646,3.0,UCLA,2018.0,2018.0,ARI,10.0,,
2021,11,00-0034343,J.Rosen,QB,ATL,NE,1,3,5.0,0,1.0,0.0,-0.0,0,0.0,0,0,0,0.0,0,-1.8,-1.8,,,76.0,226.0,24.752235294117646,3.0,UCLA,2018.0,2018.0,ARI,10.0,-25.0,
2021,1,00-0034348,C.Sutton,WR,DEN,NYG,0,0,0.0,0,0.0,0.0,0.0,0,0.0,0,3,1,14.0,0,1.4,2.4,,,76.0,216.0,26.08529411764706,3.0,Southern Methodist,2018.0,2018.0,DEN,40.0,,0.08571429
2021,2,00-0034348,C.Sutton,WR,DEN,JAX,0,0,0.0,0,0.0,0.0,0.0,0,0.0,0,12,9,159.0,0,15.9,24.9,,,76.0,216.0,26.08529411764706,3.0,Southern Methodist,2018.0,2018.0,DEN,40.0,,0.3529412
2021,3,00-0034348,C.Sutton,WR,DEN,NYJ,0,0,0.0,0,0.0,0.0,0.0,0,0.0,0,5,5,37.0,0,3.7,8.7,,,76.0,216.0,26.08529411764706,3.0,Southern Methodist,2018.0,2018.0,DEN,40.0,26.0,0.20833333
2021,4,00-0034348,C.Sutton,WR,DEN,BAL,0,0,0.0,0,0.0,0.0,0.0,0,0.0,0,8,3,47.0,0,4.7,7.7,,,76.0,216.0,26.08529411764706,3.0,Southern Methodist,2018.0,2018.0,DEN,40.0,-16.0,0.21621622
2021,5,00-0034348,C.Sutton,WR,DEN,PIT,0,0,0.0,0,0.0,0.0,0.0,0,0.0,0,11,7,120.0,1,18.0,25.0,,,76.0,216.0,26.08529411764706,3.0,Southern Methodist,2018.0,2018.0,DEN,40.0,,0.31428573
2021,6,00-0034348,C.Sutton,WR,DEN,LV,0,0,0.0,0,0.0,0.0,0.0,0,0.0,0,14,8,94.0,1,15.4,23.4,,,76.0,216.0,26.08529411764706,3.0,Southern Methodist,2018.0,2018.0,DEN,40.0,-10.0,0.29166666
2021,7,00-0034348,C.Sutton,WR,DEN,CLE,0,0,0.0,0,0.0,0.0,0.0,0,0.0,0,5,5,68.0,0,6.8,11.8,,,76.0,216.0,26.08529411764706,3.0,Southern Methodist,2018.0,2018.0,DEN,40.0,,0.15625
2021,8,00-0034348,C.Sutton,WR,DEN,WAS,0,0,0.0,0,0.0,0.0,0.0,0,0.0,0,4,2,40.0,0,4.0,6.0,,,76.0,216.0,26.08529411764706,3.0,Southern Methodist,2018.0,2018.0,DEN,40.0,7.0,0.16
2021,9,00-0034348,C.Sutton,WR,DEN,DAL,0,0,0.0,0,0.0,0.0,0.0,0,0.0,0,2,1,9.0,0,2.9,3.9,,,76.0,216.0,26.08529411764706,3.0,Southern Methodist,2018.0,2018.0,DEN,40.0,,0.083333336
2021,10,00-0034348,C.Sutton,WR,DEN,PHI,0,0,0.0,0,0.0,0.0,0.0,0,0.0,0,3,2,29.0,0,2.9,4.9,,,76.0,216.0,26.08529411764706,3.0,Southern Methodist,2018.0,2018.0,DEN,40.0,-17.0,0.0882353
2021,12,00-0034348,C.Sutton,WR,DEN,LAC,0,0,0.0,0,0.0,0.0,0.0,0,0.0,0,3,2,17.0,0,1.7,3.7,,,76.0,216.0,26.08529411764706,3.0,Southern Methodist,2018.0,2018.0,DEN,40.0,15.0,0.13043478
2021,13,00-0034348,C.Sutton,WR,DEN,KC,0,0,0.0,0,0.0,0.0,0.0,0,0.0,0,6,2,15.0,0,1.5,3.5,,,76.0,216.0,26.08529411764706,3.0,Southern Methodist,2018.0,2018.0,DEN,40.0,,0.16666667
2021,14,00-0034348,C.Sutton,WR,DEN,DET,0,0,0.0,0,0.0,0.0,0.0,0,0.0,0,2,1,9.0,0,0.9,1.9,,,76.0,216.0,26.08529411764706,3.0,Southern Methodist,2018.0,2018.0,DEN,40.0,28.0,0.08
2021,15,00-0034348,C.Sutton,WR,DEN,CIN,0,0,0.0,0,0.0,0.0,0.0,0,0.0,0,7,2,12.0,0,1.2,3.2,,,76.0,216.0,26.08529411764706,3.0,Southern Methodist,2018.0,2018.0,DEN,40.0,-5.0,0.21875
2021,16,00-0034348,C.Sutton,WR,DEN,LV,0,0,0.0,0,0.0,0.0,0.0,0,0.0,0,5,4,33.0,0,3.3,7.3,,,76.0,216.0,26.08529411764706,3.0,Southern Methodist,2018.0,2018.0,DEN,40.0,,0.22727273
2021,17,00-0034348,C.Sutton,WR,DEN,LAC,0,0,0.0,0,0.0,0.0,0.0,0,0.0,0,5,3,60.0,0,6.0,9.0,,,76.0,216.0,26.08529411764706,3.0,Southern Methodist,2018.0,2018.0,DEN,40.0,,0.18518518
2021,18,00-0034348,C.Sutton,WR,DEN,KC,1,1,16.0,0,0.0,0.0,-0.0,0,0.0,0,3,1,13.0,0,1.94,2.94,,,76.0,216.0,26.08529411764706,3.0,Southern Methodist,2018.0,2018.0,DEN,40.0,-4.0,0.125
2021,1,00-0034351,D.Goedert,TE,PHI,ATL,0,0,0.0,0,0.0,0.0,0.0,0,0.0,0,5,4,42.0,1,10.2,14.2,,,77.0,256.0,26.859277777777777,3.0,South Dakota State,2018.0,2018.0,PHI,49.0,,0.15625
2021,2,00-0034351,D.Goedert,TE,PHI,SF,0,0,0.0,0,0.0,0.0,0.0,0,0.0,0,2,2,24.0,0,2.4,4.4,,,77.0,256.0,26.859277777777777,3.0,South Dakota State,2018.0,2018.0,PHI,49.0,-6.0,0.083333336
2021,3,00-0034351,D.Goedert,TE,PHI,DAL,0,0,0.0,0,0.0,0.0,0.0,0,0.0,0,4,2,66.0,0,6.6,8.6,,,77.0,256.0,26.859277777777777,3.0,South Dakota State,2018.0,2018.0,PHI,49.0,,0.10526316
2021,4,00-0034351,D.Goedert,TE,PHI,KC,0,0,0.0,0,0.0,0.0,0.0,0,0.0,0,5,5,56.0,1,11.6,16.6,,,77.0,256.0,26.859277777777777,3.0,South Dakota State,2018.0,2018.0,PHI,49.0,-12.0,0.11363637
2021,5,00-0034351,D.Goedert,TE,PHI,CAR,0,0,0.0,0,0.0,0.0,0.0,0,0.0,0,3,2,28.0,0,2.8,4.8,,,77.0,256.0,26.859277777777777,3.0,South Dakota State,2018.0,2018.0,PHI,49.0,,0.0882353
2021,7,00-0034351,D.Goedert,TE,PHI,LV,0,0,0.0,0,0.0,0.0,0.0,0,0.0,0,5,3,70.0,0,9.0,12.0,,,77.0,256.0,26.859277777777777,3.0,South Dakota State,2018.0,2018.0,PHI,49.0,,0.16129032
2021,8,00-0034351,D.Goedert,TE,PHI,DET,0,0,0.0,0,0.0,0.0,0.0,0,0.0,0,7,6,72.0,0,7.2,13.2,,,77.0,256.0,26.859277777777777,3.0,South Dakota State,2018.0,2018.0,PHI,49.0,,0.4375
2021,9,00-0034351,D.Goedert,TE,PHI,LAC,0,0,0.0,0,0.0,0.0,0.0,0,0.0,0,6,3,43.0,0,4.3,7.3,,,77.0,256.0,26.859277777777777,3.0,South Dakota State,2018.0,2018.0,PHI,49.0,-3.0,0.375
2021,10,00-0034351,D.Goedert,TE,PHI,DEN,0,0,0.0,0,0.0,0.0,0.0,0,0.0,0,2,2,28.0,0,2.8,4.8,,,77.0,256.0,26.859277777777777,3.0,South Dakota State,2018.0,2018.0,PHI,49.0,,0.09090909
2021,11,00-0034351,D.Goedert,TE,PHI,NO,0,0,0.0,0,0.0,0.0,0.0,0,0.0,0,8,5,62.0,0,6.2,11.2,,,77.0,256.0,26.859277777777777,3.0,South Dakota State,2018.0,2018.0,PHI,49.0,11.0,0.3478261
2021,12,00-0034351,D.Goedert,TE,PHI,NYG,0,0,0.0,0,0.0,0.0,0.0,0,0.0,0,3,1,0.0,0,0.0,1.0,,,77.0,256.0,26.859277777777777,3.0,South Dakota State,2018.0,2018.0,PHI,49.0,,0.10344828
2021,13,00-0034351,D.Goedert,TE,PHI,NYJ,0,0,0.0,0,0.0,0.0,0.0,0,0.0,0,6,6,105.0,2,22.5,28.5,,,77.0,256.0,26.859277777777777,3.0,South Dakota State,2018.0,2018.0,PHI,49.0,,0.27272728
2021,15,00-0034351,D.Goedert,TE,PHI,WAS,0,0,0.0,0,0.0,0.0,0.0,0,0.0,0,9,7,135.0,0,13.5,20.5,,,77.0,256.0,26.859277777777777,3.0,South Dakota State,2018.0,2018.0,PHI,49.0,10.0,0.34615386
2021,16,00-0034351,D.Goedert,TE,PHI,NYG,0,0,0.0,0,0.0,0.0,0.0,0,0.0,0,4,2,28.0,0,2.8,4.8,,,77.0,256.0,26.859277777777777,3.0,South Dakota State,2018.0,2018.0,PHI,49.0,24.0,0.14285715
2021,17,00-0034351,D.Goedert,TE,PHI,WAS,0,0,0.0,0,0.0,0.0,0.0,0,0.0,0,7,6,71.0,0,7.1,13.1,,,77.0,256.0,26.859277777777777,3.0,South Dakota State,2018.0,2018.0,PHI,49.0,,0.28
2021,19,00-0034351,D.Goedert,TE,PHI,TB,0,0,0.0,0,0.0,0.0,0.0,0,0.0,0,12,6,92.0,0,9.2,15.2,,,77.0,256.0,26.859277777777777,3.0,South Dakota State,2018.0,2018.0,PHI,49.0,,0.27906978
2021,3,00-0034353,A.Miller,WR,HOU,CAR,0,0,0.0,0,0.0,0.0,0.0,0,0.0,0,6,4,20.0,1,8.0,12.0,,,71.0,199.0,27.10188888888889,3.0,Memphis,2018.0,2018.0,CHI,51.0,-15.0,0.24
2021,4,00-0034353,A.Miller,WR,HOU,BUF,0,0,0.0,0,0.0,0.0,0.0,0,0.0,0,5,1,3.0,0,0.3,1.3,,,71.0,199.0,27.10188888888889,3.0,Memphis,2018.0,2018.0,CHI,51.0,,0.25
2021,12,00-0034353,A.Miller,WR,PIT,CIN,0,0,0.0,0,0.0,0.0,0.0,0,0.0,0,1,1,2.0,0,0.2,1.2,,,71.0,199.0,27.10188888888889,3.0,Memphis,2018.0,2018.0,CHI,51.0,,0.025641026
2021,1,00-0034364,J.Akins,TE,HOU,JAX,0,0,0.0,0,0.0,0.0,0.0,0,0.0,0,2,0,0.0,0,0.0,0.0,,,76.0,243.0,29.56094117647059,3.0,Central Florida,2018.0,2018.0,HOU,98.0,16.0,0.0625
2021,2,00-0034364,J.Akins,TE,HOU,CLE,0,0,0.0,0,0.0,0.0,0.0,0,0.0,0,2,1,17.0,0,1.7,2.7,,,76.0,243.0,29.56094117647059,3.0,Central Florida,2018.0,2018.0,HOU,98.0,,0.071428575
2021,3,00-0034364,J.Akins,TE,HOU,CAR,0,0,0.0,0,0.0,0.0,0.0,0,0.0,0,5,4,32.0,0,3.2,7.2,,,76.0,243.0,29.56094117647059,3.0,Central Florida,2018.0,2018.0,HOU,98.0,-15.0,0.2
2021,4,00-0034364,J.Akins,TE,HOU,BUF,0,0,0.0,0,0.0,0.0,0.0,1,3.0,0,1,1,4.0,0,-1.3,-0.3,,,76.0,243.0,29.56094117647059,3.0,Central Florida,2018.0,2018.0,HOU,98.0,,0.05
2021,5,00-0034364,J.Akins,TE,HOU,NE,0,0,0.0,0,0.0,0.0,0.0,0,0.0,0,2,2,17.0,0,1.7,3.7,,,76.0,243.0,29.56094117647059,3.0,Central Florida,2018.0,2018.0,HOU,98.0,-3.0,0.074074075
2021,6,00-0034364,J.Akins,TE,HOU,IND,0,0,0.0,0,0.0,0.0,0.0,0,0.0,0,6,4,41.0,0,4.1,8.1,,,76.0,243.0,29.56094117647059,3.0,Central Florida,2018.0,2018.0,HOU,98.0,,0.14285715
2021,7,00-0034364,J.Akins,TE,HOU,ARI,0,0,0.0,0,0.0,0.0,0.0,0,0.0,0,2,2,13.0,0,1.3,3.3,,,76.0,243.0,29.56094117647059,3.0,Central Florida,2018.0,2018.0,HOU,98.0,,0.06451613
2021,8,00-0034364,J.Akins,TE,HOU,LA,0,0,0.0,0,0.0,0.0,0.0,0,0.0,0,5,5,53.0,0,5.3,10.3,,,76.0,243.0,29.56094117647059,3.0,Central Florida,2018.0,2018.0,HOU,98.0,-16.0,0.1388889
2021,9,00-0034364,J.Akins,TE,HOU,MIA,0,0,0.0,0,0.0,0.0,0.0,0,0.0,0,3,2,7.0,0,-1.3,0.7,,,76.0,243.0,29.56094117647059,3.0,Central Florida,2018.0,2018.0,HOU,98.0,,0.075
2021,14,00-0034364,J.Akins,TE,HOU,SEA,0,0,0.0,0,0.0,0.0,0.0,0,0.0,0,1,1,6.0,0,0.6,1.6,,,76.0,243.0,29.56094117647059,3.0,Central Florida,2018.0,2018.0,HOU,98.0,-20.0,0.020833334
2021,15,00-0034364,J.Akins,TE,HOU,JAX,0,0,0.0,0,0.0,0.0,0.0,0,0.0,0,3,2,24.0,0,2.4,4.4,,,76.0,243.0,29.56094117647059,3.0,Central Florida,2018.0,2018.0,HOU,98.0,,0.1
2021,16,00-0034364,J.Akins,TE,HOU,LAC,0,0,0.0,0,0.0,0.0,0.0,0,0.0,0,1,0,0.0,0,0.0,0.0,,,76.0,243.0,29.56094117647059,3.0,Central Florida,2018.0,2018.0,HOU,98.0,12.0,0.037037037
2021,1,00-0034365,I.Thomas,TE,CAR,NYJ,0,0,0.0,0,0.0,0.0,0.0,0,0.0,0,2,1,17.0,0,1.7,2.7,,,76.0,260.0,25.426058823529413,3.0,Indiana,2018.0,2018.0,CAR,101.0,5.0,0.060606062
2021,2,00-0034365,I.Thomas,TE,CAR,NO,0,0,0.0,0,0.0,0.0,0.0,0,0.0,0,2,1,7.0,0,0.7,1.7,,,76.0,260.0,25.426058823529413,3.0,Indiana,2018.0,2018.0,CAR,101.0,19.0,0.055555556
2021,4,00-0034365,I.Thomas,TE,CAR,DAL,0,0,0.0,0,0.0,0.0,0.0,0,0.0,0,3,3,15.0,0,1.5,4.5,,,76.0,260.0,25.426058823529413,3.0,Indiana,2018.0,2018.0,CAR,101.0,,0.07692308
2021,5,00-0034365,I.Thomas,TE,CAR,PHI,0,0,0.0,0,0.0,0.0,0.0,0,0.0,0,5,4,40.0,0,4.0,8.0,,,76.0,260.0,25.426058823529413,3.0,Indiana,2018.0,2018.0,CAR,101.0,-3.0,0.14705883
2021,6,00-0034365,I.Thomas,TE,CAR,MIN,0,0,0.0,0,0.0,0.0,0.0,0,0.0,0,2,1,41.0,0,4.1,5.1,,,76.0,260.0,25.426058823529413,3.0,Indiana,2018.0,2018.0,CAR,101.0,-6.0,0.051282052
2021,7,00-0034365,I.Thomas,TE,CAR,NYG,0,0,0.0,0,0.0,0.0,0.0,0,0.0,0,2,0,0.0,0,0.0,0.0,,,76.0,260.0,25.426058823529413,3.0,Indiana,2018.0,2018.0,CAR,101.0,,0.05263158
2021,8,00-0034365,I.Thomas,TE,CAR,ATL,0,0,0.0,0,0.0,0.0,0.0,0,0.0,0,1,1,10.0,0,1.0,2.0,,,76.0,260.0,25.426058823529413,3.0,Indiana,2018.0,2018.0,CAR,101.0,,0.041666668
2021,9,00-0034365,I.Thomas,TE,CAR,NE,0,0,0.0,0,0.0,0.0,0.0,0,0.0,0,2,1,9.0,0,0.9,1.9,,,76.0,260.0,25.426058823529413,3.0,Indiana,2018.0,2018.0,CAR,101.0,-18.0,0.06896552
2021,11,00-0034365,I.Thomas,TE,CAR,WAS,0,0,0.0,0,0.0,0.0,0.0,0,0.0,0,1,1,7.0,0,0.7,1.7,,,76.0,260.0,25.426058823529413,3.0,Indiana,2018.0,2018.0,CAR,101.0,-6.0,0.037037037
2021,12,00-0034365,I.Thomas,TE,CAR,MIA,0,0,0.0,0,0.0,0.0,0.0,0,0.0,0,3,0,0.0,0,0.0,0.0,,,76.0,260.0,25.426058823529413,3.0,Indiana,2018.0,2018.0,CAR,101.0,,0.09677419
2021,14,00-0034365,I.Thomas,TE,CAR,ATL,0,0,0.0,0,0.0,0.0,0.0,0,0.0,0,2,0,0.0,0,0.0,0.0,,,76.0,260.0,25.426058823529413,3.0,Indiana,2018.0,2018.0,CAR,101.0,-8.0,0.057142857
2021,15,00-0034365,I.Thomas,TE,CAR,BUF,0,0,0.0,0,0.0,0.0,0.0,0,0.0,0,1,1,5.0,0,0.5,1.5,,,76.0,260.0,25.426058823529413,3.0,Indiana,2018.0,2018.0,CAR,101.0,,0.027777778
2021,16,00-0034365,I.Thomas,TE,CAR,TB,0,0,0.0,0,0.0,0.0,0.0,0,0.0,0,1,1,4.0,0,0.4,1.4,,,76.0,260.0,25.426058823529413,3.0,Indiana,2018.0,2018.0,CAR,101.0,-26.0,0.023255814
2021,17,00-0034365,I.Thomas,TE,CAR,NO,0,0,0.0,0,0.0,0.0,0.0,0,0.0,0,3,3,33.0,0,3.3,6.3,,,76.0,260.0,25.426058823529413,3.0,Indiana,2018.0,2018.0,CAR,101.0,,0.125
2021,7,00-0034366,K.Coutee,WR,IND,SF,0,0,0.0,0,0.0,0.0,0.0,0,0.0,0,1,1,5.0,0,0.5,1.5,,,71.0,180.0,24.817,3.0,Texas Tech,2018.0,2018.0,HOU,103.0,,0.03846154
2021,1,00-0034367,N.Hines,RB,IND,SEA,0,0,0.0,0,0.0,0.0,0.0,9,34.0,0,8,6,48.0,0,8.2,14.2,,,69.0,198.0,24.98941176470588,3.0,North Carolina State,2018.0,2018.0,IND,104.0,-12.0,0.22857143
2021,2,00-0034367,N.Hines,RB,IND,LA,0,0,0.0,0,0.0,0.0,0.0,1,5.0,0,2,1,17.0,0,2.2,3.2,,,69.0,198.0,24.98941176470588,3.0,North Carolina State,2018.0,2018.0,IND,104.0,-3.0,0.057142857
2021,3,00-0034367,N.Hines,RB,IND,TEN,0,0,0.0,0,0.0,0.0,0.0,6,25.0,1,6,5,54.0,0,13.9,18.9,,,69.0,198.0,24.98941176470588,3.0,North Carolina State,2018.0,2018.0,IND,104.0,,0.1764706
2021,4,00-0034367,N.Hines,RB,IND,MIA,0,0,0.0,0,0.0,0.0,0.0,2,6.0,0,2,2,5.0,0,1.1,3.1,,,69.0,198.0,24.98941176470588,3.0,North Carolina State,2018.0,2018.0,IND,104.0,,0.0625
2021,5,00-0034367,N.Hines,RB,IND,BAL,0,0,0.0,0,0.0,0.0,0.0,4,18.0,0,1,0,0.0,0,1.8,1.8,,,69.0,198.0,24.98941176470588,3.0,North Carolina State,2018.0,2018.0,IND,104.0,,0.029411765
2021,6,00-0034367,N.Hines,RB,IND,HOU,0,0,0.0,0,0.0,0.0,0.0,4,13.0,0,2,1,9.0,0,2.2,3.2,,,69.0,198.0,24.98941176470588,3.0,North Carolina State,2018.0,2018.0,IND,104.0,28.0,0.11111111
2021,7,00-0034367,N.Hines,RB,IND,SF,0,0,0.0,0,0.0,0.0,0.0,8,14.0,0,3,1,-2.0,0,1.2,2.2,,,69.0,198.0,24.98941176470588,3.0,North Carolina State,2018.0,2018.0,IND,104.0,,0.115384616
2021,8,00-0034367,N.Hines,RB,IND,TEN,0,0,0.0,0,0.0,0.0,0.0,1,2.0,0,5,4,22.0,0,2.4,6.4,,,69.0,198.0,24.98941176470588,3.0,North Carolina State,2018.0,2018.0,IND,104.0,-3.0,0.104166664
2021,9,00-0034367,N.Hines,RB,IND,NYJ,0,0,0.0,0,0.0,0.0,0.0,6,74.0,1,6,4,34.0,0,16.8,20.8,,,69.0,198.0,24.98941176470588,3.0,North Carolina State,2018.0,2018.0,IND,104.0,15.0,0.20689656
2021,10,00-0034367,N.Hines,RB,IND,JAX,0,0,0.0,0,0.0,0.0,0.0,2,12.0,0,4,2,17.0,0,2.9,4.9,,,69.0,198.0,24.98941176470588,3.0,North Carolina State,2018.0,2018.0,IND,104.0,6.0,0.121212125
2021,11,00-0034367,N.Hines,RB,IND,BUF,0,0,0.0,0,0.0,0.0,0.0,4,31.0,0,0,0,0.0,0,3.1,3.1,,,69.0,198.0,24.98941176470588,3.0,North Carolina State,2018.0,2018.0,IND,104.0,,
2021,12,00-0034367,N.Hines,RB,IND,TB,0,0,0.0,0,0.0,0.0,0.0,1,3.0,0,4,3,26.0,0,2.9,5.9,,,69.0,198.0,24.98941176470588,3.0,North Carolina State,2018.0,2018.0,IND,104.0,-7.0,0.093023255
2021,13,00-0034367,N.Hines,RB,IND,HOU,0,0,0.0,0,0.0,0.0,0.0,3,24.0,0,4,3,32.0,0,5.6,8.6,,,69.0,198.0,24.98941176470588,3.0,North Carolina State,2018.0,2018.0,IND,104.0,,0.18181819
2021,15,00-0034367,N.Hines,RB,IND,NE,0,0,0.0,0,0.0,0.0,0.0,0,0.0,0,2,1,8.0,1,6.8,7.8,,,69.0,198.0,24.98941176470588,3.0,North Carolina State,2018.0,2018.0,IND,104.0,10.0,0.16666667
2021,16,00-0034367,N.Hines,RB,IND,ARI,0,0,0.0,0,0.0,0.0,0.0,3,11.0,0,1,1,7.0,0,1.8,2.8,,,69.0,198.0,24.98941176470588,3.0,North Carolina State,2018.0,2018.0,IND,104.0,,0.035714287
2021,17,00-0034367,N.Hines,RB,IND,LV,0,0,0.0,0,0.0,0.0,0.0,2,4.0,0,4,4,14.0,0,1.8,5.8,,,69.0,198.0,24.98941176470588,3.0,North Carolina State,2018.0,2018.0,IND,104.0,-3.0,0.16666667
2021,18,00-0034367,N.Hines,RB,IND,JAX,0,0,0.0,0,0.0,0.0,0.0,0,0.0,0,3,2,19.0,0,1.9,3.9,,,69.0,198.0,24.98941176470588,3.0,North Carolina State,2018.0,2018.0,IND,104.0,,0.10344828
2021,18,00-0034378,I.Smith,RB,DAL,PHI,0,0,0.0,0,0.0,0.0,0.0,1,4.0,1,0,0,0.0,0,6.4,6.4,,,69.0,195.0,26.258285714285712,3.0,Southern Mississippi,2018.0,2018.0,ATL,126.0,,
2021,1,00-0034383,D.Schultz,TE,DAL,TB,0,0,0.0,0,0.0,0.0,0.0,0,0.0,0,6,6,45.0,0,4.5,10.5,,,77.0,242.0,25.346055555555555,3.0,Stanford,2018.0,2018.0,DAL,137.0,,0.10526316
2021,2,00-0034383,D.Schultz,TE,DAL,LAC,0,0,0.0,0,0.0,0.0,0.0,0,0.0,0,2,2,18.0,0,1.8,3.8,,,77.0,242.0,25.346055555555555,3.0,Stanford,2018.0,2018.0,DAL,137.0,,0.074074075
2021,3,00-0034383,D.Schultz,TE,DAL,PHI,0,0,0.0,0,0.0,0.0,0.0,0,0.0,0,7,6,80.0,2,20.0,26.0,,,77.0,242.0,25.346055555555555,3.0,Stanford,2018.0,2018.0,DAL,137.0,20.0,0.28
2021,4,00-0034383,D.Schultz,TE,DAL,CAR,0,0,0.0,0,0.0,0.0,0.0,0,0.0,0,8,6,58.0,1,11.8,17.8,,,77.0,242.0,25.346055555555555,3.0,Stanford,2018.0,2018.0,DAL,137.0,8.0,0.36363637
2021,5,00-0034383,D.Schultz,TE,DAL,NYG,0,0,0.0,0,0.0,0.0,0.0,0,0.0,0,8,6,79.0,0,7.9,13.9,,,77.0,242.0,25.346055555555555,3.0,Stanford,2018.0,2018.0,DAL,137.0,24.0,0.25
2021,6,00-0034383,D.Schultz,TE,DAL,NE,0,0,0.0,0,0.0,0.0,0.0,0,0.0,0,6,5,79.0,0,7.9,12.9,,,77.0,242.0,25.346055555555555,3.0,Stanford,2018.0,2018.0,DAL,137.0,,0.12244898
2021,8,00-0034383,D.Schultz,TE,DAL,MIN,0,0,0.0,0,0.0,0.0,0.0,0,0.0,0,7,2,11.0,0,1.1,3.1,,,77.0,242.0,25.346055555555555,3.0,Stanford,2018.0,2018.0,DAL,137.0,,0.17073171
2021,9,00-0034383,D.Schultz,TE,DAL,DEN,0,0,0.0,0,0.0,0.0,0.0,0,0.0,0,5,4,54.0,0,5.4,9.4,,,77.0,242.0,25.346055555555555,3.0,Stanford,2018.0,2018.0,DAL,137.0,-14.0,0.12820514
2021,10,00-0034383,D.Schultz,TE,DAL,ATL,0,0,0.0,0,0.0,0.0,0.0,0,0.0,0,2,1,14.0,0,1.4,2.4,,,77.0,242.0,25.346055555555555,3.0,Stanford,2018.0,2018.0,DAL,137.0,40.0,0.060606062
2021,11,00-0034383,D.Schultz,TE,DAL,KC,0,0,0.0,0,0.0,0.0,0.0,0,0.0,0,8,6,53.0,0,5.3,11.3,,,77.0,242.0,25.346055555555555,3.0,Stanford,2018.0,2018.0,DAL,137.0,,0.1904762
2021,12,00-0034383,D.Schultz,TE,DAL,LV,0,0,0.0,0,0.0,0.0,0.0,0,0.0,0,7,3,46.0,1,12.6,15.6,,,77.0,242.0,25.346055555555555,3.0,Stanford,2018.0,2018.0,DAL,137.0,-3.0,0.14893617
2021,13,00-0034383,D.Schultz,TE,DAL,NO,0,0,0.0,0,0.0,0.0,0.0,0,0.0,0,5,5,43.0,0,4.3,9.3,,,77.0,242.0,25.346055555555555,3.0,Stanford,2018.0,2018.0,DAL,137.0,,0.125
2021,14,00-0034383,D.Schultz,TE,DAL,WAS,0,0,0.0,0,0.0,0.0,0.0,0,0.0,0,3,1,4.0,0,0.4,1.4,,,77.0,242.0,25.346055555555555,3.0,Stanford,2018.0,2018.0,DAL,137.0,,0.07692308
2021,15,00-0034383,D.Schultz,TE,DAL,NYG,0,0,0.0,0,0.0,0.0,0.0,0,0.0,0,8,8,67.0,1,12.7,20.7,,,77.0,242.0,25.346055555555555,3.0,Stanford,2018.0,2018.0,DAL,137.0,,0.21621622
2021,16,00-0034383,D.Schultz,TE,DAL,WAS,0,0,0.0,0,0.0,0.0,0.0,0,0.0,0,9,8,82.0,1,14.2,22.2,,,77.0,242.0,25.346055555555555,3.0,Stanford,2018.0,2018.0,DAL,137.0,42.0,0.2195122
2021,17,00-0034383,D.Schultz,TE,DAL,ARI,0,0,0.0,0,0.0,0.0,0.0,0,0.0,0,10,6,54.0,0,5.4,11.4,,,77.0,242.0,25.346055555555555,3.0,Stanford,2018.0,2018.0,DAL,137.0,-3.0,0.2631579
2021,18,00-0034383,D.Schultz,TE,DAL,PHI,0,0,0.0,0,0.0,0.0,0.0,0,0.0,0,3,3,21.0,2,14.1,17.1,,,77.0,242.0,25.346055555555555,3.0,Stanford,2018.0,2018.0,DAL,137.0,,0.10714286
2021,19,00-0034383,D.Schultz,TE,DAL,SF,0,0,0.0,0,0.0,0.0,0.0,0,0.0,0,8,7,89.0,0,8.9,15.9,,,77.0,242.0,25.346055555555555,3.0,Stanford,2018.0,2018.0,DAL,137.0,-6.0,0.1904762
2021,7,00-0034401,M.White,QB,NYJ,NE,20,32,202.0,1,2.0,1.0,8.0,0,0.0,0,0,0,0.0,0,8.08,8.08,,,77.0,225.0,26.636,3.0,Western Kentucky,2018.0,2018.0,DAL,171.0,,
2021,8,00-0034401,M.White,QB,NYJ,CIN,37,45,405.0,3,2.0,2.0,8.0,5,-1.0,0,0,0,0.0,0,26.1,26.1,,,77.0,225.0,26.636,3.0,Western Kentucky,2018.0,2018.0,DAL,171.0,3.0,
2021,9,00-0034401,M.White,QB,NYJ,IND,7,11,95.0,1,0.0,0.0,-0.0,0,0.0,0,0,0,0.0,0,7.8,7.8,,,77.0,225.0,26.636,3.0,Western Kentucky,2018.0,2018.0,DAL,171.0,,
2021,10,00-0034401,M.White,QB,NYJ,BUF,24,44,251.0,0,4.0,1.0,2.0,0,0.0,0,0,0,0.0,0,2.04,2.04,,,77.0,225.0,26.636,3.0,Western Kentucky,2018.0,2018.0,DAL,171.0,-28.0,
2021,3,00-0034407,R.McCloud,WR,PIT,CIN,0,0,0.0,0,0.0,0.0,0.0,0,0.0,0,4,3,33.0,0,3.3,6.3,,,69.0,190.0,25.084444444444443,3.0,Clemson,2018.0,2018.0,BUF,187.0,-14.0,0.06896552
2021,4,00-0034407,R.McCloud,WR,PIT,GB,0,0,0.0,0,0.0,0.0,0.0,0,0.0,0,1,1,2.0,0,0.2,1.2,,,69.0,190.0,25.084444444444443,3.0,Clemson,2018.0,2018.0,BUF,187.0,,0.025641026
2021,5,00-0034407,R.McCloud,WR,PIT,DEN,0,0,0.0,0,0.0,0.0,0.0,0,0.0,0,2,1,1.0,0,0.1,1.1,,,69.0,190.0,25.084444444444443,3.0,Clemson,2018.0,2018.0,BUF,187.0,8.0,0.08
2021,6,00-0034407,R.McCloud,WR,PIT,SEA,0,0,0.0,0,0.0,0.0,0.0,0,0.0,0,2,2,18.0,0,1.8,3.8,,,69.0,190.0,25.084444444444443,3.0,Clemson,2018.0,2018.0,BUF,187.0,3.0,0.051282052
2021,8,00-0034407,R.McCloud,WR,PIT,CLE,0,0,0.0,0,0.0,0.0,0.0,1,10.0,0,0,0,0.0,0,1.0,1.0,,,69.0,190.0,25.084444444444443,3.0,Clemson,2018.0,2018.0,BUF,187.0,,
2021,9,00-0034407,R.McCloud,WR,PIT,CHI,0,0,0.0,0,0.0,0.0,0.0,0,0.0,0,1,1,12.0,0,1.2,2.2,,,69.0,190.0,25.084444444444443,3.0,Clemson,2018.0,2018.0,BUF,187.0,2.0,0.037037037
2021,10,00-0034407,R.McCloud,WR,PIT,DET,0,0,0.0,0,0.0,0.0,0.0,0,0.0,0,12,9,63.0,0,6.3,15.3,,,69.0,190.0,25.084444444444443,3.0,Clemson,2018.0,2018.0,BUF,187.0,0.0,0.24489796
2021,11,00-0034407,R.McCloud,WR,PIT,LAC,0,0,0.0,0,0.0,0.0,0.0,1,5.0,0,2,2,12.0,0,1.7,3.7,,,69.0,190.0,25.084444444444443,3.0,Clemson,2018.0,2018.0,BUF,187.0,,0.045454547
2021,13,00-0034407,R.McCloud,WR,PIT,BAL,0,0,0.0,0,0.0,0.0,0.0,0,0.0,0,4,1,7.0,0,0.7,1.7,,,69.0,190.0,25.084444444444443,3.0,Clemson,2018.0,2018.0,BUF,187.0,1.0,0.13333334
2021,14,00-0034407,R.McCloud,WR,PIT,MIN,0,0,0.0,0,0.0,0.0,0.0,0,0.0,0,8,6,32.0,0,3.2,9.2,,,69.0,190.0,25.084444444444443,3.0,Clemson,2018.0,2018.0,BUF,187.0,,0.20512821
2021,15,00-0034407,R.McCloud,WR,PIT,TEN,0,0,0.0,0,0.0,0.0,0.0,0,0.0,0,3,1,0.0,0,0.0,1.0,,,69.0,190.0,25.084444444444443,3.0,Clemson,2018.0,2018.0,BUF,187.0,6.0,0.12
2021,16,00-0034407,R.McCloud,WR,PIT,KC,0,0,0.0,0,0.0,0.0,0.0,0,0.0,0,8,4,25.0,0,2.5,6.5,,,69.0,190.0,25.084444444444443,3.0,Clemson,2018.0,2018.0,BUF,187.0,,0.1904762
2021,17,00-0034407,R.McCloud,WR,PIT,CLE,0,0,0.0,0,0.0,0.0,0.0,0,0.0,0,10,4,35.0,0,3.5,7.5,,,69.0,190.0,25.084444444444443,3.0,Clemson,2018.0,2018.0,BUF,187.0,12.0,0.2173913
2021,18,00-0034407,R.McCloud,WR,PIT,BAL,0,0,0.0,0,0.0,0.0,0.0,0,0.0,0,9,4,37.0,0,3.7,7.7,,,69.0,190.0,25.084444444444443,3.0,Clemson,2018.0,2018.0,BUF,187.0,,0.20454545
2021,19,00-0034407,R.McCloud,WR,PIT,KC,0,0,0.0,0,0.0,0.0,0.0,0,0.0,0,2,2,20.0,0,2.0,4.0,,,69.0,190.0,25.084444444444443,3.0,Clemson,2018.0,2018.0,BUF,187.0,,0.045454547
2021,1,00-0034411,R.Gage,WR,ATL,PHI,0,0,0.0,0,0.0,0.0,0.0,0,0.0,0,2,0,0.0,0,0.0,0.0,,,72.0,184.0,25.80623529411765,3.0,Louisiana State,2018.0,2018.0,ATL,194.0,-26.0,0.060606062
2021,2,00-0034411,R.Gage,WR,ATL,TB,0,0,0.0,0,0.0,0.0,0.0,0,0.0,0,7,5,28.0,0,2.8,7.8,,,72.0,184.0,25.80623529411765,3.0,Louisiana State,2018.0,2018.0,ATL,194.0,,0.14583333
2021,7,00-0034411,R.Gage,WR,ATL,MIA,0,0,0.0,0,0.0,0.0,0.0,0,0.0,0,6,4,67.0,1,12.7,16.7,,,72.0,184.0,25.80623529411765,3.0,Louisiana State,2018.0,2018.0,ATL,194.0,,0.15384616
2021,9,00-0034411,R.Gage,WR,ATL,NO,0,0,0.0,0,0.0,0.0,0.0,0,0.0,0,8,7,64.0,0,6.4,13.4,,,72.0,184.0,25.80623529411765,3.0,Louisiana State,2018.0,2018.0,ATL,194.0,,0.26666668
2021,10,00-0034411,R.Gage,WR,ATL,DAL,0,0,0.0,0,0.0,0.0,0.0,0,0.0,0,3,0,0.0,0,0.0,0.0,,,72.0,184.0,25.80623529411765,3.0,Louisiana State,2018.0,2018.0,ATL,194.0,,0.11111111
2021,11,00-0034411,R.Gage,WR,ATL,NE,0,0,0.0,0,0.0,0.0,0.0,0,0.0,0,8,5,49.0,0,4.9,9.9,,,72.0,184.0,25.80623529411765,3.0,Louisiana State,2018.0,2018.0,ATL,194.0,-25.0,0.2580645
2021,12,00-0034411,R.Gage,WR,ATL,JAX,0,0,0.0,0,0.0,0.0,0.0,0,0.0,0,7,6,62.0,1,12.2,18.2,,,72.0,184.0,25.80623529411765,3.0,Louisiana State,2018.0,2018.0,ATL,194.0,,0.25
2021,13,00-0034411,R.Gage,WR,ATL,TB,0,0,0.0,0,0.0,0.0,0.0,0,0.0,0,12,11,130.0,0,11.0,22.0,,,72.0,184.0,25.80623529411765,3.0,Louisiana State,2018.0,2018.0,ATL,194.0,-13.0,0.3
2021,14,00-0034411,R.Gage,WR,ATL,CAR,0,0,0.0,0,0.0,0.0,0.0,0,0.0,0,6,4,64.0,0,6.4,10.4,,,72.0,184.0,25.80623529411765,3.0,Louisiana State,2018.0,2018.0,ATL,194.0,,0.22222222
2021,15,00-0034411,R.Gage,WR,ATL,SF,0,0,0.0,0,0.0,0.0,0.0,0,0.0,0,12,8,91.0,1,15.1,23.1,,,72.0,184.0,25.80623529411765,3.0,Louisiana State,2018.0,2018.0,ATL,194.0,,0.4
2021,16,00-0034411,R.Gage,WR,ATL,DET,0,0,0.0,0,0.0,0.0,0.0,0,0.0,0,5,4,39.0,0,1.9,5.9,,,72.0,184.0,25.80623529411765,3.0,Louisiana State,2018.0,2018.0,ATL,194.0,4.0,0.22727273
2021,17,00-0034411,R.Gage,WR,ATL,BUF,0,0,0.0,0,0.0,0.0,0.0,0,0.0,0,5,3,50.0,0,5.0,8.0,,,72.0,184.0,25.80623529411765,3.0,Louisiana State,2018.0,2018.0,ATL,194.0,,0.25
2021,18,00-0034411,R.Gage,WR,ATL,NO,0,0,0.0,0,0.0,0.0,0.0,0,0.0,0,13,9,126.0,1,18.6,27.6,,,72.0,184.0,25.80623529411765,3.0,Louisiana State,2018.0,2018.0,ATL,194.0,-10.0,0.41935483
2021,3,00-0034414,B.Scott,RB,PHI,DAL,0,0,0.0,0,0.0,0.0,0.0,0,0.0,0,2,2,5.0,0,0.5,2.5,,,66.0,203.0,26.54727777777778,3.0,Louisiana Tech,2018.0,2018.0,NO,201.0,,0.05263158
2021,7,00-0034414,B.Scott,RB,PHI,LV,0,0,0.0,0,0.0,0.0,0.0,7,24.0,1,2,1,5.0,0,8.9,9.9,,,66.0,203.0,26.54727777777778,3.0,Louisiana Tech,2018.0,2018.0,NO,201.0,,0.06451613
2021,8,00-0034414,B.Scott,RB,PHI,DET,0,0,0.0,0,0.0,0.0,0.0,12,60.0,2,1,0,0.0,0,18.0,18.0,,,66.0,203.0,26.54727777777778,3.0,Louisiana Tech,2018.0,2018.0,NO,201.0,,0.0625
2021,9,00-0034414,B.Scott,RB,PHI,LAC,0,0,0.0,0,0.0,0.0,0.0,10,40.0,0,0,0,0.0,0,4.0,4.0,,,66.0,203.0,26.54727777777778,3.0,Louisiana Tech,2018.0,2018.0,NO,201.0,-3.0,
2021,10,00-0034414,B.Scott,RB,PHI,DEN,0,0,0.0,0,0.0,0.0,0.0,11,81.0,0,2,2,24.0,0,10.5,12.5,,,66.0,203.0,26.54727777777778,3.0,Louisiana Tech,2018.0,2018.0,NO,201.0,,0.09090909
2021,11,00-0034414,B.Scott,RB,PHI,NO,0,0,0.0,0,0.0,0.0,0.0,6,16.0,0,2,2,2.0,0,1.8,3.8,,,66.0,203.0,26.54727777777778,3.0,Louisiana Tech,2018.0,2018.0,NO,201.0,11.0,0.08695652
2021,12,00-0034414,B.Scott,RB,PHI,NYG,0,0,0.0,0,0.0,0.0,0.0,15,64.0,1,3,2,8.0,0,11.2,13.2,,,66.0,203.0,26.54727777777778,3.0,Louisiana Tech,2018.0,2018.0,NO,201.0,,0.10344828
2021,16,00-0034414,B.Scott,RB,PHI,NYG,0,0,0.0,0,0.0,0.0,0.0,12,41.0,1,0,0,0.0,0,10.1,10.1,,,66.0,203.0,26.54727777777778,3.0,Louisiana Tech,2018.0,2018.0,NO,201.0,24.0,
2021,17,00-0034414,B.Scott,RB,PHI,WAS,0,0,0.0,0,0.0,0.0,0.0,14,47.0,2,4,4,39.0,0,20.6,24.6,,,66.0,203.0,26.54727777777778,3.0,Louisiana Tech,2018.0,2018.0,NO,201.0,,0.16
2021,19,00-0034414,B.Scott,RB,PHI,TB,0,0,0.0,0,0.0,0.0,0.0,1,34.0,1,1,1,1.0,0,9.5,10.5,,,66.0,203.0,26.54727777777778,3.0,Louisiana Tech,2018.0,2018.0,NO,201.0,,0.023255814
2021,1,00-0034418,C.Wilson,WR,DAL,TB,0,0,0.0,0,0.0,0.0,0.0,0,0.0,0,3,3,24.0,0,2.4,5.4,,,74.0,188.0,25.986833333333333,3.0,Boise State,2018.0,2018.0,DAL,208.0,,0.05263158
2021,2,00-0034418,C.Wilson,WR,DAL,LAC,0,0,0.0,0,0.0,0.0,0.0,1,5.0,0,2,2,20.0,0,2.5,4.5,,,74.0,188.0,25.986833333333333,3.0,Boise State,2018.0,2018.0,DAL,208.0,,0.074074075
2021,3,00-0034418,C.Wilson,WR,DAL,PHI,0,0,0.0,0,0.0,0.0,0.0,0,0.0,0,4,2,17.0,1,7.7,9.7,,,74.0,188.0,25.986833333333333,3.0,Boise State,2018.0,2018.0,DAL,208.0,20.0,0.16
2021,4,00-0034418,C.Wilson,WR,DAL,CAR,0,0,0.0,0,0.0,0.0,0.0,0,0.0,0,2,2,30.0,1,9.0,11.0,,,74.0,188.0,25.986833333333333,3.0,Boise State,2018.0,2018.0,DAL,208.0,8.0,0.09090909
2021,5,00-0034418,C.Wilson,WR,DAL,NYG,1,1,22.0,0,0.0,0.0,-0.0,1,6.0,0,1,1,35.0,0,4.98,5.98,,,74.0,188.0,25.986833333333333,3.0,Boise State,2018.0,2018.0,DAL,208.0,24.0,0.03125
2021,6,00-0034418,C.Wilson,WR,DAL,NE,0,0,0.0,0,0.0,0.0,0.0,0,0.0,0,7,4,42.0,0,4.2,8.2,,,74.0,188.0,25.986833333333333,3.0,Boise State,2018.0,2018.0,DAL,208.0,,0.14285715
2021,8,00-0034418,C.Wilson,WR,DAL,MIN,1,1,35.0,0,0.0,0.0,-0.0,0,0.0,0,3,3,84.0,1,15.8,18.8,,,74.0,188.0,25.986833333333333,3.0,Boise State,2018.0,2018.0,DAL,208.0,,0.07317073
2021,9,00-0034418,C.Wilson,WR,DAL,DEN,0,0,0.0,0,0.0,0.0,0.0,0,0.0,0,5,2,28.0,0,2.8,4.8,,,74.0,188.0,25.986833333333333,3.0,Boise State,2018.0,2018.0,DAL,208.0,-14.0,0.12820514
2021,11,00-0034418,C.Wilson,WR,DAL,KC,0,0,0.0,0,0.0,0.0,0.0,0,0.0,0,7,4,36.0,0,3.6,7.6,,,74.0,188.0,25.986833333333333,3.0,Boise State,2018.0,2018.0,DAL,208.0,,0.16666667
2021,12,00-0034418,C.Wilson,WR,DAL,LV,0,0,0.0,0,0.0,0.0,0.0,0,0.0,0,10,7,104.0,0,10.4,17.4,,,74.0,188.0,25.986833333333333,3.0,Boise State,2018.0,2018.0,DAL,208.0,-3.0,0.21276596
2021,14,00-0034418,C.Wilson,WR,DAL,WAS,0,0,0.0,0,0.0,0.0,0.0,0,0.0,0,2,2,18.0,0,1.8,3.8,,,74.0,188.0,25.986833333333333,3.0,Boise State,2018.0,2018.0,DAL,208.0,,0.051282052
2021,16,00-0034418,C.Wilson,WR,DAL,WAS,0,0,0.0,0,0.0,0.0,0.0,0,0.0,0,3,2,10.0,0,1.0,3.0,,,74.0,188.0,25.986833333333333,3.0,Boise State,2018.0,2018.0,DAL,208.0,42.0,0.07317073
2021,17,00-0034418,C.Wilson,WR,DAL,ARI,1,1,31.0,0,0.0,0.0,-0.0,0,0.0,0,6,6,35.0,1,12.74,18.74,,,74.0,188.0,25.986833333333333,3.0,Boise State,2018.0,2018.0,DAL,208.0,-3.0,0.15789473
2021,18,00-0034418,C.Wilson,WR,DAL,PHI,0,0,0.0,0,0.0,0.0,0.0,0,0.0,0,6,5,119.0,2,23.9,28.9,,,74.0,188.0,25.986833333333333,3.0,Boise State,2018.0,2018.0,DAL,208.0,,0.21428572
2021,19,00-0034418,C.Wilson,WR,DAL,SF,0,0,0.0,0,0.0,0.0,0.0,0,0.0,0,10,5,62.0,0,6.2,11.2,,,74.0,188.0,25.986833333333333,3.0,Boise State,2018.0,2018.0,DAL,208.0,-6.0,0.23809524
2021,1,00-0034419,B.Berrios,WR,NYJ,CAR,0,0,0.0,0,0.0,0.0,0.0,0,0.0,0,7,5,51.0,0,5.1,10.1,,,69.0,190.0,26.102,3.0,Miami,2018.0,2018.0,NE,210.0,,0.19444445
2021,2,00-0034419,B.Berrios,WR,NYJ,NE,0,0,0.0,0,0.0,0.0,0.0,0,0.0,0,11,7,73.0,0,7.3,14.3,,,69.0,190.0,26.102,3.0,Miami,2018.0,2018.0,NE,210.0,-19.0,0.33333334
2021,3,00-0034419,B.Berrios,WR,NYJ,DEN,0,0,0.0,0,0.0,0.0,0.0,0,0.0,0,3,2,26.0,0,2.6,4.6,,,69.0,190.0,26.102,3.0,Miami,2018.0,2018.0,NE,210.0,,0.09090909
2021,4,00-0034419,B.Berrios,WR,NYJ,TEN,0,0,0.0,0,0.0,0.0,0.0,2,15.0,0,1,1,0.0,0,1.5,2.5,,,69.0,190.0,26.102,3.0,Miami,2018.0,2018.0,NE,210.0,3.0,0.029411765
2021,5,00-0034419,B.Berrios,WR,NYJ,ATL,0,0,0.0,0,0.0,0.0,0.0,0,0.0,0,1,1,6.0,0,0.6,1.6,,,69.0,190.0,26.102,3.0,Miami,2018.0,2018.0,NE,210.0,,0.032258064
2021,8,00-0034419,B.Berrios,WR,NYJ,CIN,0,0,0.0,0,0.0,0.0,0.0,0,0.0,0,2,2,13.0,1,7.3,9.3,,,69.0,190.0,26.102,3.0,Miami,2018.0,2018.0,NE,210.0,3.0,0.040816326
2021,9,00-0034419,B.Berrios,WR,NYJ,IND,0,0,0.0,0,0.0,0.0,0.0,0,0.0,0,3,2,5.0,0,0.5,2.5,,,69.0,190.0,26.102,3.0,Miami,2018.0,2018.0,NE,210.0,,0.057692308
2021,10,00-0034419,B.Berrios,WR,NYJ,BUF,0,0,0.0,0,0.0,0.0,0.0,0,0.0,0,3,3,19.0,0,1.9,4.9,,,69.0,190.0,26.102,3.0,Miami,2018.0,2018.0,NE,210.0,-28.0,0.06521739
2021,11,00-0034419,B.Berrios,WR,NYJ,MIA,0,0,0.0,0,0.0,0.0,0.0,0,0.0,0,1,0,0.0,0,0.0,0.0,,,69.0,190.0,26.102,3.0,Miami,2018.0,2018.0,NE,210.0,-7.0,0.028571429
2021,12,00-0034419,B.Berrios,WR,NYJ,HOU,0,0,0.0,0,0.0,0.0,0.0,0,0.0,0,3,2,47.0,0,4.7,6.7,,,69.0,190.0,26.102,3.0,Miami,2018.0,2018.0,NE,210.0,,0.13043478
2021,13,00-0034419,B.Berrios,WR,NYJ,PHI,0,0,0.0,0,0.0,0.0,0.0,0,0.0,0,1,1,11.0,0,1.1,2.1,,,69.0,190.0,26.102,3.0,Miami,2018.0,2018.0,NE,210.0,-15.0,0.027777778
2021,14,00-0034419,B.Berrios,WR,NYJ,NO,0,0,0.0,0,0.0,0.0,0.0,0,0.0,0,10,6,52.0,0,5.2,11.2,,,69.0,190.0,26.102,3.0,Miami,2018.0,2018.0,NE,210.0,-21.0,0.25
2021,15,00-0034419,B.Berrios,WR,NYJ,MIA,0,0,0.0,0,0.0,0.0,0.0,2,10.0,1,1,1,26.0,0,9.6,10.6,,,69.0,190.0,26.102,3.0,Miami,2018.0,2018.0,NE,210.0,,0.045454547
2021,16,00-0034419,B.Berrios,WR,NYJ,JAX,0,0,0.0,0,0.0,0.0,0.0,1,3.0,0,6,5,37.0,0,10.0,15.0,,,69.0,190.0,26.102,3.0,Miami,2018.0,2018.0,NE,210.0,5.0,0.2857143
2021,17,00-0034419,B.Berrios,WR,NYJ,TB,0,0,0.0,0,0.0,0.0,0.0,2,12.0,1,12,8,65.0,1,17.7,25.7,,,69.0,190.0,26.102,3.0,Miami,2018.0,2018.0,NE,210.0,-4.0,0.4
2021,11,00-0034433,N.Bawden,FB,NYJ,MIA,0,0,0.0,0,0.0,0.0,0.0,0,0.0,0,1,1,20.0,0,2.0,3.0,,,74.0,245.0,25.411,3.0,San Diego State,2018.0,2018.0,DET,237.0,-7.0,0.028571429
2021,14,00-0034435,K.Crossen,CB,NYG,LAC,0,0,0.0,0,0.0,0.0,0.0,0,0.0,0,1,0,0.0,0,0.0,0.0,,,70.0,185.0,25.566647058823527,3.0,Western Carolina,2018.0,2018.0,NE,243.0,,0.029411765
2021,7,00-0034438,L.Woodside,QB,TEN,KC,0,0,0.0,0,0.0,0.0,0.0,1,-1.0,0,0,0,0.0,0,-0.1,-0.1,,,73.0,213.0,26.7955,3.0,Toledo,2018.0,2018.0,CIN,249.0,24.0,
2021,8,00-0034438,L.Woodside,QB,TEN,IND,0,0,0.0,0,0.0,0.0,0.0,1,-1.0,0,0,0,0.0,0,-0.1,-0.1,,,73.0,213.0,26.7955,3.0,Toledo,2018.0,2018.0,CIN,249.0,,
2021,9,00-0034438,L.Woodside,QB,TEN,LA,0,0,0.0,0,0.0,0.0,0.0,1,-1.0,0,0,0,0.0,0,-0.1,-0.1,,,73.0,213.0,26.7955,3.0,Toledo,2018.0,2018.0,CIN,249.0,,
2021,14,00-0034438,L.Woodside,QB,TEN,JAX,0,0,0.0,0,0.0,0.0,0.0,3,-3.0,0,0,0,0.0,0,-0.3,-0.3,,,73.0,213.0,26.7955,3.0,Toledo,2018.0,2018.0,CIN,249.0,20.0,
2021,1,00-0034440,J.Jackson,RB,LAC,WAS,0,0,0.0,0,0.0,0.0,0.0,1,5.0,0,1,1,2.0,0,0.7,1.7,,,72.0,200.0,25.556176470588234,3.0,Northwestern,2018.0,2018.0,LAC,251.0,,0.02173913
2021,2,00-0034440,J.Jackson,RB,LAC,DAL,0,0,0.0,0,0.0,0.0,0.0,4,21.0,0,1,1,8.0,0,2.9,3.9,,,72.0,200.0,25.556176470588234,3.0,Northwestern,2018.0,2018.0,LAC,251.0,-3.0,0.025
2021,3,00-0034440,J.Jackson,RB,LAC,KC,0,0,0.0,0,0.0,0.0,0.0,2,0.0,0,0,0,0.0,0,0.0,0.0,,,72.0,200.0,25.556176470588234,3.0,Northwestern,2018.0,2018.0,LAC,251.0,,
2021,4,00-0034440,J.Jackson,RB,LAC,LV,0,0,0.0,0,0.0,0.0,0.0,3,-4.0,0,4,4,17.0,0,1.3,5.3,,,72.0,200.0,25.556176470588234,3.0,Northwestern,2018.0,2018.0,LAC,251.0,14.0,0.10526316
2021,6,00-0034440,J.Jackson,RB,LAC,BAL,0,0,0.0,0,0.0,0.0,0.0,0,0.0,0,1,1,7.0,0,0.7,1.7,,,72.0,200.0,25.556176470588234,3.0,Northwestern,2018.0,2018.0,LAC,251.0,,0.025641026
2021,8,00-0034440,J.Jackson,RB,LAC,NE,0,0,0.0,0,0.0,0.0,0.0,3,79.0,0,0,0,0.0,0,7.9,7.9,,,72.0,200.0,25.556176470588234,3.0,Northwestern,2018.0,2018.0,LAC,251.0,-3.0,
2021,11,00-0034440,J.Jackson,RB,LAC,PIT,0,0,0.0,0,0.0,0.0,0.0,1,2.0,0,1,0,0.0,0,0.2,0.2,,,72.0,200.0,25.556176470588234,3.0,Northwestern,2018.0,2018.0,LAC,251.0,4.0,0.024390243
2021,13,00-0034440,J.Jackson,RB,LAC,CIN,0,0,0.0,0,0.0,0.0,0.0,6,15.0,0,2,2,6.0,0,2.1,4.1,,,72.0,200.0,25.556176470588234,3.0,Northwestern,2018.0,2018.0,LAC,251.0,,0.057142857
2021,14,00-0034440,J.Jackson,RB,LAC,NYG,0,0,0.0,0,0.0,0.0,0.0,9,35.0,0,1,1,7.0,0,4.2,5.2,,,72.0,200.0,25.556176470588234,3.0,Northwestern,2018.0,2018.0,LAC,251.0,16.0,0.033333335
2021,15,00-0034440,J.Jackson,RB,LAC,KC,0,0,0.0,0,0.0,0.0,0.0,13,86.0,0,1,1,13.0,0,9.9,10.9,,,72.0,200.0,25.556176470588234,3.0,Northwestern,2018.0,2018.0,LAC,251.0,-6.0,0.027027028
2021,16,00-0034440,J.Jackson,RB,LAC,HOU,0,0,0.0,0,0.0,0.0,0.0,11,64.0,2,9,8,98.0,0,26.2,34.2,,,72.0,200.0,25.556176470588234,3.0,Northwestern,2018.0,2018.0,LAC,251.0,,0.2647059
2021,17,00-0034440,J.Jackson,RB,LAC,DEN,0,0,0.0,0,0.0,0.0,0.0,12,41.0,0,3,3,20.0,0,6.1,9.1,,,72.0,200.0,25.556176470588234,3.0,Northwestern,2018.0,2018.0,LAC,251.0,21.0,0.1
2021,18,00-0034440,J.Jackson,RB,LAC,LV,0,0,0.0,0,0.0,0.0,0.0,3,20.0,0,1,0,0.0,0,2.0,2.0,,,72.0,200.0,25.556176470588234,3.0,Northwestern,2018.0,2018.0,LAC,251.0,,0.015625
2021,8,00-0034449,B.Howell,RB,LA,HOU,0,0,0.0,0,0.0,0.0,0.0,5,11.0,0,0,0,0.0,0,1.1,1.1,,,73.0,218.0,25.66485714285714,3.0,Florida Atlantic,2018.0,2018.0,,,,
2021,1,00-0034487,T.Sherfield,WR,SF,DET,0,0,0.0,0,0.0,0.0,0.0,0,0.0,0,3,2,23.0,1,8.3,10.3,,,73.0,219.0,25.740050000000004,3.0,Vanderbilt,2018.0,2018.0,,,,0.13043478
2021,2,00-0034487,T.Sherfield,WR,SF,PHI,0,0,0.0,0,0.0,0.0,0.0,0,0.0,0,3,1,9.0,0,0.9,1.9,,,73.0,219.0,25.740050000000004,3.0,Vanderbilt,2018.0,2018.0,,,,0.1
2021,4,00-0034487,T.Sherfield,WR,SF,SEA,0,0,0.0,0,0.0,0.0,0.0,0,0.0,0,2,0,0.0,0,0.0,0.0,,,73.0,219.0,25.740050000000004,3.0,Vanderbilt,2018.0,2018.0,,,-7.0,0.051282052
2021,7,00-0034487,T.Sherfield,WR,SF,IND,0,0,0.0,0,0.0,0.0,0.0,0,0.0,0,2,1,9.0,0,0.9,1.9,,,73.0,219.0,25.740050000000004,3.0,Vanderbilt,2018.0,2018.0,,,-12.0,0.074074075
2021,12,00-0034487,T.Sherfield,WR,SF,MIN,0,0,0.0,0,0.0,0.0,0.0,0,0.0,0,1,1,5.0,0,0.5,1.5,,,73.0,219.0,25.740050000000004,3.0,Vanderbilt,2018.0,2018.0,,,8.0,0.03846154
2021,13,00-0034487,T.Sherfield,WR,SF,SEA,0,0,0.0,0,0.0,0.0,0.0,0,0.0,0,5,2,16.0,0,1.6,3.6,,,73.0,219.0,25.740050000000004,3.0,Vanderbilt,2018.0,2018.0,,,,0.16666667
2021,15,00-0034487,T.Sherfield,WR,SF,ATL,0,0,0.0,0,0.0,0.0,0.0,0,0.0,0,1,0,0.0,0,0.0,0.0,,,73.0,219.0,25.740050000000004,3.0,Vanderbilt,2018.0,2018.0,,,18.0,0.041666668
2021,17,00-0034487,T.Sherfield,WR,SF,HOU,0,0,0.0,0,0.0,0.0,0.0,0,0.0,0,2,1,12.0,0,1.2,2.2,,,73.0,219.0,25.740050000000004,3.0,Vanderbilt,2018.0,2018.0,,,16.0,0.08695652
2021,18,00-0034487,T.Sherfield,WR,SF,LA,0,0,0.0,0,0.0,0.0,0.0,0,0.0,0,1,1,13.0,0,1.3,2.3,,,73.0,219.0,25.740050000000004,3.0,Vanderbilt,2018.0,2018.0,,,,0.03125
2021,19,00-0034487,T.Sherfield,WR,SF,DAL,0,0,0.0,0,0.0,0.0,0.0,0,0.0,0,2,0,0.0,0,0.0,0.0,,,73.0,219.0,25.740050000000004,3.0,Vanderbilt,2018.0,2018.0,,,,0.08
2021,12,00-0034496,S.Chandler,SS,CAR,MIA,0,0,0.0,0,0.0,0.0,0.0,1,14.0,0,0,0,0.0,0,1.4,1.4,,,70.0,205.0,25.535588235294117,3.0,Temple,2018.0,2018.0,,,,
2021,1,00-0034521,A.Lazard,WR,GB,NO,0,0,0.0,0,0.0,0.0,0.0,0,0.0,0,4,2,16.0,0,1.6,3.6,,,77.0,227.0,25.924722222222222,3.0,Iowa State,2018.0,2018.0,,,,0.121212125
2021,3,00-0034521,A.Lazard,WR,GB,SF,0,0,0.0,0,0.0,0.0,0.0,0,0.0,0,1,1,42.0,0,4.2,5.2,,,77.0,227.0,25.924722222222222,3.0,Iowa State,2018.0,2018.0,,,,0.032258064
2021,4,00-0034521,A.Lazard,WR,GB,PIT,0,0,0.0,0,0.0,0.0,0.0,0,0.0,0,3,2,33.0,0,3.3,5.3,,,77.0,227.0,25.924722222222222,3.0,Iowa State,2018.0,2018.0,,,10.0,0.08571429
2021,5,00-0034521,A.Lazard,WR,GB,CIN,0,0,0.0,0,0.0,0.0,0.0,0,0.0,0,2,2,6.0,0,0.6,2.6,,,77.0,227.0,25.924722222222222,3.0,Iowa State,2018.0,2018.0,,,,0.057142857
2021,6,00-0034521,A.Lazard,WR,GB,CHI,0,0,0.0,0,0.0,0.0,0.0,0,0.0,0,5,3,27.0,1,8.7,11.7,,,77.0,227.0,25.924722222222222,3.0,Iowa State,2018.0,2018.0,,,,0.23809524
2021,7,00-0034521,A.Lazard,WR,GB,WAS,0,0,0.0,0,0.0,0.0,0.0,0,0.0,0,6,5,60.0,1,12.0,17.0,,,77.0,227.0,25.924722222222222,3.0,Iowa State,2018.0,2018.0,,,14.0,0.1764706
2021,9,00-0034521,A.Lazard,WR,GB,KC,0,0,0.0,0,0.0,0.0,0.0,0,0.0,0,1,1,20.0,1,8.0,9.0,,,77.0,227.0,25.924722222222222,3.0,Iowa State,2018.0,2018.0,,,,0.03125
2021,10,00-0034521,A.Lazard,WR,GB,SEA,0,0,0.0,0,0.0,0.0,0.0,0,0.0,0,4,1,6.0,0,0.6,1.6,,,77.0,227.0,25.924722222222222,3.0,Iowa State,2018.0,2018.0,,,17.0,0.114285715
2021,12,00-0034521,A.Lazard,WR,GB,LA,0,0,0.0,0,0.0,0.0,0.0,0,0.0,0,6,2,13.0,0,1.3,3.3,,,77.0,227.0,25.924722222222222,3.0,Iowa State,2018.0,2018.0,,,8.0,0.13636364
2021,14,00-0034521,A.Lazard,WR,GB,CHI,0,0,0.0,0,0.0,0.0,0.0,1,14.0,0,7,6,75.0,1,14.9,20.9,,,77.0,227.0,25.924722222222222,3.0,Iowa State,2018.0,2018.0,,,15.0,0.2
2021,15,00-0034521,A.Lazard,WR,GB,BAL,0,0,0.0,0,0.0,0.0,0.0,1,5.0,0,4,2,23.0,0,2.8,4.8,,,77.0,227.0,25.924722222222222,3.0,Iowa State,2018.0,2018.0,,,,0.12903225
2021,16,00-0034521,A.Lazard,WR,GB,CLE,0,0,0.0,0,0.0,0.0,0.0,1,13.0,0,5,2,45.0,1,11.8,13.8,,,77.0,227.0,25.924722222222222,3.0,Iowa State,2018.0,2018.0,,,2.0,0.14705883
2021,17,00-0034521,A.Lazard,WR,GB,MIN,0,0,0.0,0,0.0,0.0,0.0,0,0.0,0,6,6,72.0,1,13.2,19.2,,,77.0,227.0,25.924722222222222,3.0,Iowa State,2018.0,2018.0,,,27.0,0.14285715
2021,18,00-0034521,A.Lazard,WR,GB,DET,0,0,0.0,0,0.0,0.0,0.0,0,0.0,0,6,5,75.0,2,19.5,24.5,,,77.0,227.0,25.924722222222222,3.0,Iowa State,2018.0,2018.0,,,,0.17142858
2021,20,00-0034521,A.Lazard,WR,GB,SF,0,0,0.0,0,0.0,0.0,0.0,0,0.0,0,1,1,6.0,0,0.6,1.6,,,77.0,227.0,25.924722222222222,3.0,Iowa State,2018.0,2018.0,,,-3.0,0.037037037
2021,14,00-0034577,K.Allen,QB,WAS,DAL,4,9,53.0,0,0.0,1.0,5.0,2,11.0,0,0,0,0.0,0,1.22,1.22,,,75.0,211.0,25.677647058823528,3.0,Houston,2018.0,2018.0,,,-7.0,
2021,16,00-0034577,K.Allen,QB,WAS,DAL,8,10,67.0,1,0.0,1.0,-0.0,0,0.0,0,0,0,0.0,0,6.68,6.68,,,75.0,211.0,25.677647058823528,3.0,Houston,2018.0,2018.0,,,,
2021,16,00-0034578,R.Bonnafon,RB,CAR,TB,0,0,0.0,0,0.0,0.0,0.0,1,4.0,0,2,2,12.0,0,1.6,3.6,,,72.0,215.0,25.8905,3.0,Louisville,2018.0,2018.0,,,-26.0,0.046511628
2021,7,00-0034597,R.Nall,RB,CHI,TB,0,0,0.0,0,0.0,0.0,0.0,0,0.0,0,1,1,4.0,0,0.4,1.4,,,74.0,237.0,25.87329411764706,3.0,Oregon State,2018.0,2018.0,,,,0.032258064
2021,8,00-0034597,R.Nall,RB,CHI,SF,0,0,0.0,0,0.0,0.0,0.0,1,4.0,0,0,0,0.0,0,0.4,0.4,,,74.0,237.0,25.87329411764706,3.0,Oregon State,2018.0,2018.0,,,-11.0,
2021,8,00-0034614,G.Igwebuike,RB,DET,PHI,0,0,0.0,0,0.0,0.0,0.0,3,18.0,0,3,3,40.0,0,5.8,8.8,,,72.0,212.0,27.16929411764706,3.0,Northwestern,2018.0,2018.0,,,-38.0,0.09375
2021,10,00-0034614,G.Igwebuike,RB,DET,PIT,0,0,0.0,0,0.0,0.0,0.0,2,56.0,1,0,0,0.0,0,11.6,11.6,,,72.0,212.0,27.16929411764706,3.0,Northwestern,2018.0,2018.0,,,,
2021,11,00-0034614,G.Igwebuike,RB,DET,CLE,0,0,0.0,0,0.0,0.0,0.0,0,0.0,0,1,1,-4.0,0,-0.4,0.6,,,72.0,212.0,27.16929411764706,3.0,Northwestern,2018.0,2018.0,,,,0.04347826
2021,12,00-0034614,G.Igwebuike,RB,DET,CHI,0,0,0.0,0,0.0,0.0,0.0,1,11.0,0,1,0,0.0,0,1.1,1.1,,,72.0,212.0,27.16929411764706,3.0,Northwestern,2018.0,2018.0,,,-2.0,0.04
2021,13,00-0034614,G.Igwebuike,RB,DET,MIN,0,0,0.0,0,0.0,0.0,0.0,2,8.0,0,2,1,13.0,0,2.1,3.1,,,72.0,212.0,27.16929411764706,3.0,Northwestern,2018.0,2018.0,,,2.0,0.05263158
2021,14,00-0034614,G.Igwebuike,RB,DET,DEN,0,0,0.0,0,0.0,0.0,0.0,8,25.0,0,0,0,0.0,0,0.5,0.5,,,72.0,212.0,27.16929411764706,3.0,Northwestern,2018.0,2018.0,,,,
2021,15,00-0034614,G.Igwebuike,RB,DET,ARI,0,0,0.0,0,0.0,0.0,0.0,2,0.0,0,2,2,11.0,0,-0.9,1.1,,,72.0,212.0,27.16929411764706,3.0,Northwestern,2018.0,2018.0,,,18.0,0.07692308
2021,18,00-0034614,G.Igwebuike,RB,DET,GB,0,0,0.0,0,0.0,0.0,0.0,0,0.0,0,1,0,0.0,0,0.0,0.0,,,72.0,212.0,27.16929411764706,3.0,Northwestern,2018.0,2018.0,,,7.0,0.03448276
2021,14,00-0034631,V.Smith,WR,NYJ,NO,0,0,0.0,0,0.0,0.0,0.0,0,0.0,0,1,0,0.0,0,0.0,0.0,,,75.0,202.0,25.425823529411762,3.0,Limestone,2018.0,2018.0,,,-21.0,0.025
2021,16,00-0034646,B.Powell,WR,LA,LA,0,0,0.0,0,0.0,0.0,0.0,0,0.0,0,0,0,0.0,0,6.0,6.0,,,68.0,189.0,26.21294736842105,3.0,Florida,2018.0,2018.0,,,,
2021,3,00-0034652,C.Batson,WR,TEN,IND,0,0,0.0,0,0.0,0.0,0.0,0,0.0,0,1,1,13.0,0,1.3,2.3,,,68.0,175.0,25.900222222222222,3.0,Texas Tech,2018.0,2018.0,,,9.0,0.03846154
2021,4,00-0034652,C.Batson,WR,TEN,NYJ,0,0,0.0,0,0.0,0.0,0.0,0,0.0,0,4,1,2.0,1,6.2,7.2,,,68.0,175.0,25.900222222222222,3.0,Texas Tech,2018.0,2018.0,,,,0.08163265
2021,5,00-0034652,C.Batson,WR,TEN,JAX,0,0,0.0,0,0.0,0.0,0.0,2,15.0,0,0,0,0.0,0,1.5,1.5,,,68.0,175.0,25.900222222222222,3.0,Texas Tech,2018.0,2018.0,,,,
2021,16,00-0034672,E.Wolf,TE,NO,MIA,0,0,0.0,0,0.0,0.0,0.0,0,0.0,0,2,2,8.0,0,0.8,2.8,,,78.0,255.0,26.014294117647058,3.0,Tennessee,2018.0,2018.0,,,-17.0,0.11111111
2021,1,00-0034676,J.Washington,WR,PIT,BUF,0,0,0.0,0,0.0,0.0,0.0,0,0.0,0,2,2,10.0,0,1.0,3.0,,,71.0,213.0,25.621166666666667,3.0,Oklahoma State,2018.0,2018.0,PIT,60.0,,0.0625
2021,2,00-0034676,J.Washington,WR,PIT,LV,0,0,0.0,0,0.0,0.0,0.0,0,0.0,0,1,0,0.0,0,0.0,0.0,,,71.0,213.0,25.621166666666667,3.0,Oklahoma State,2018.0,2018.0,PIT,60.0,-9.0,0.025
2021,3,00-0034676,J.Washington,WR,PIT,CIN,0,0,0.0,0,0.0,0.0,0.0,0,0.0,0,5,3,20.0,0,2.0,5.0,,,71.0,213.0,25.621166666666667,3.0,Oklahoma State,2018.0,2018.0,PIT,60.0,-14.0,0.0862069
2021,4,00-0034676,J.Washington,WR,PIT,GB,0,0,0.0,0,0.0,0.0,0.0,0,0.0,0,5,4,69.0,0,6.9,10.9,,,71.0,213.0,25.621166666666667,3.0,Oklahoma State,2018.0,2018.0,PIT,60.0,,0.12820514
2021,6,00-0034676,J.Washington,WR,PIT,SEA,0,0,0.0,0,0.0,0.0,0.0,0,0.0,0,1,1,9.0,0,0.9,1.9,,,71.0,213.0,25.621166666666667,3.0,Oklahoma State,2018.0,2018.0,PIT,60.0,3.0,0.025641026
2021,8,00-0034676,J.Washington,WR,PIT,CLE,0,0,0.0,0,0.0,0.0,0.0,0,0.0,0,1,1,4.0,0,0.4,1.4,,,71.0,213.0,25.621166666666667,3.0,Oklahoma State,2018.0,2018.0,PIT,60.0,,0.028571429
2021,9,00-0034676,J.Washington,WR,PIT,CHI,0,0,0.0,0,0.0,0.0,0.0,2,13.0,0,3,1,42.0,0,5.5,6.5,,,71.0,213.0,25.621166666666667,3.0,Oklahoma State,2018.0,2018.0,PIT,60.0,2.0,0.11111111
2021,10,00-0034676,J.Washington,WR,PIT,DET,0,0,0.0,0,0.0,0.0,0.0,0,0.0,0,6,2,15.0,1,7.5,9.5,,,71.0,213.0,25.621166666666667,3.0,Oklahoma State,2018.0,2018.0,PIT,60.0,0.0,0.12244898
2021,11,00-0034676,J.Washington,WR,PIT,LAC,0,0,0.0,0,0.0,0.0,0.0,0,0.0,0,3,2,12.0,0,1.2,3.2,,,71.0,213.0,25.621166666666667,3.0,Oklahoma State,2018.0,2018.0,PIT,60.0,,0.06818182
2021,12,00-0034676,J.Washington,WR,PIT,CIN,0,0,0.0,0,0.0,0.0,0.0,0,0.0,0,2,1,3.0,0,0.3,1.3,,,71.0,213.0,25.621166666666667,3.0,Oklahoma State,2018.0,2018.0,PIT,60.0,,0.051282052
2021,13,00-0034676,J.Washington,WR,PIT,BAL,0,0,0.0,0,0.0,0.0,0.0,0,0.0,0,1,0,0.0,0,0.0,0.0,,,71.0,213.0,25.621166666666667,3.0,Oklahoma State,2018.0,2018.0,PIT,60.0,1.0,0.033333335
2021,14,00-0034676,J.Washington,WR,PIT,MIN,0,0,0.0,0,0.0,0.0,0.0,0,0.0,0,6,4,65.0,1,12.5,16.5,,,71.0,213.0,25.621166666666667,3.0,Oklahoma State,2018.0,2018.0,PIT,60.0,,0.15384616
2021,15,00-0034676,J.Washington,WR,PIT,TEN,0,0,0.0,0,0.0,0.0,0.0,0,0.0,0,5,3,36.0,0,3.6,6.6,,,71.0,213.0,25.621166666666667,3.0,Oklahoma State,2018.0,2018.0,PIT,60.0,6.0,0.2
2021,16,00-0034676,J.Washington,WR,PIT,KC,0,0,0.0,0,0.0,0.0,0.0,0,0.0,0,2,0,0.0,0,0.0,0.0,,,71.0,213.0,25.621166666666667,3.0,Oklahoma State,2018.0,2018.0,PIT,60.0,,0.04761905
2021,17,00-0034676,J.Washington,WR,PIT,CLE,0,0,0.0,0,0.0,0.0,0.0,0,0.0,0,1,0,0.0,0,0.0,0.0,,,71.0,213.0,25.621166666666667,3.0,Oklahoma State,2018.0,2018.0,PIT,60.0,12.0,0.02173913
2021,19,00-0034676,J.Washington,WR,PIT,KC,0,0,0.0,0,0.0,0.0,0.0,0,0.0,0,3,2,37.0,1,9.7,11.7,,,71.0,213.0,25.621166666666667,3.0,Oklahoma State,2018.0,2018.0,PIT,60.0,,0.06818182
2021,1,00-0034681,C.Edmonds,RB,ARI,TEN,0,0,0.0,0,0.0,0.0,0.0,12,63.0,0,4,4,43.0,0,10.6,14.6,,,69.0,210.0,25.585388888888886,3.0,Fordham,2018.0,2018.0,ARI,134.0,,0.125
2021,2,00-0034681,C.Edmonds,RB,ARI,MIN,0,0,0.0,0,0.0,0.0,0.0,8,46.0,0,5,5,29.0,0,7.5,12.5,,,69.0,210.0,25.585388888888886,3.0,Fordham,2018.0,2018.0,ARI,134.0,1.0,0.14705883
2021,3,00-0034681,C.Edmonds,RB,ARI,JAX,0,0,0.0,0,0.0,0.0,0.0,11,26.0,0,8,7,49.0,0,7.5,14.5,,,69.0,210.0,25.585388888888886,3.0,Fordham,2018.0,2018.0,ARI,134.0,,0.23529412
2021,4,00-0034681,C.Edmonds,RB,ARI,LA,0,0,0.0,0,0.0,0.0,0.0,12,120.0,0,5,4,19.0,0,13.9,17.9,,,69.0,210.0,25.585388888888886,3.0,Fordham,2018.0,2018.0,ARI,134.0,,0.1724138
2021,5,00-0034681,C.Edmonds,RB,ARI,SF,0,0,0.0,0,0.0,0.0,0.0,6,15.0,0,4,3,19.0,0,1.4,4.4,,,69.0,210.0,25.585388888888886,3.0,Fordham,2018.0,2018.0,ARI,134.0,7.0,0.14285715
2021,6,00-0034681,C.Edmonds,RB,ARI,CLE,0,0,0.0,0,0.0,0.0,0.0,4,46.0,0,4,3,4.0,0,5.0,8.0,,,69.0,210.0,25.585388888888886,3.0,Fordham,2018.0,2018.0,ARI,134.0,,0.14285715
2021,7,00-0034681,C.Edmonds,RB,ARI,HOU,0,0,0.0,0,0.0,0.0,0.0,15,81.0,0,3,1,9.0,0,9.0,10.0,,,69.0,210.0,25.585388888888886,3.0,Fordham,2018.0,2018.0,ARI,134.0,26.0,0.10714286
2021,8,00-0034681,C.Edmonds,RB,ARI,GB,0,0,0.0,0,0.0,0.0,0.0,7,30.0,1,4,3,39.0,0,12.9,15.9,,,69.0,210.0,25.585388888888886,3.0,Fordham,2018.0,2018.0,ARI,134.0,-3.0,0.12903225
2021,9,00-0034681,C.Edmonds,RB,ARI,SF,0,0,0.0,0,0.0,0.0,0.0,1,3.0,0,0,0,0.0,0,0.3,0.3,,,69.0,210.0,25.585388888888886,3.0,Fordham,2018.0,2018.0,ARI,134.0,,
2021,15,00-0034681,C.Edmonds,RB,ARI,DET,0,0,0.0,0,0.0,0.0,0.0,6,53.0,0,1,0,0.0,0,5.3,5.3,,,69.0,210.0,25.585388888888886,3.0,Fordham,2018.0,2018.0,ARI,134.0,,0.020833334
2021,16,00-0034681,C.Edmonds,RB,ARI,IND,0,0,0.0,0,0.0,0.0,0.0,16,56.0,1,9,8,71.0,0,18.7,26.7,,,69.0,210.0,25.585388888888886,3.0,Fordham,2018.0,2018.0,ARI,134.0,-6.0,0.23076923
2021,17,00-0034681,C.Edmonds,RB,ARI,DAL,0,0,0.0,0,0.0,0.0,0.0,18,53.0,0,6,5,29.0,0,8.2,13.2,,,69.0,210.0,25.585388888888886,3.0,Fordham,2018.0,2018.0,ARI,134.0,,0.16216215
2021,19,00-0034681,C.Edmonds,RB,ARI,LA,0,0,0.0,0,0.0,0.0,0.0,8,28.0,0,1,0,0.0,0,2.8,2.8,,,69.0,210.0,25.585388888888886,3.0,Fordham,2018.0,2018.0,ARI,134.0,,0.029411765
2021,3,00-0034686,A.Tate,WR,CIN,PIT,0,0,0.0,0,0.0,0.0,0.0,0,0.0,0,1,1,14.0,0,1.4,2.4,,,77.0,228.0,24.807857142857145,3.0,Florida State,2018.0,2018.0,CIN,253.0,,0.055555556
2021,4,00-0034686,A.Tate,WR,CIN,JAX,0,0,0.0,0,0.0,0.0,0.0,0,0.0,0,1,1,18.0,0,1.8,2.8,,,77.0,228.0,24.807857142857145,3.0,Florida State,2018.0,2018.0,CIN,253.0,3.0,0.03125
2021,5,00-0034686,A.Tate,WR,CIN,GB,0,0,0.0,0,0.0,0.0,0.0,0,0.0,0,1,0,0.0,0,0.0,0.0,,,77.0,228.0,24.807857142857145,3.0,Florida State,2018.0,2018.0,CIN,253.0,-3.0,0.027027028
2021,6,00-0034686,A.Tate,WR,CIN,DET,0,0,0.0,0,0.0,0.0,0.0,0,0.0,0,1,1,7.0,1,6.7,7.7,,,77.0,228.0,24.807857142857145,3.0,Florida State,2018.0,2018.0,CIN,253.0,,0.03448276
2021,14,00-0034726,D.Leavitt,SS,LV,KC,0,0,0.0,0,0.0,0.0,0.0,1,4.0,0,0,0,0.0,0,0.4,0.4,,,70.0,195.0,27.270944444444446,3.0,Utah State,2018.0,2018.0,,,,
2021,15,00-0034726,D.Leavitt,SS,LV,CLE,0,0,0.0,0,0.0,0.0,0.0,1,2.0,0,0,0,0.0,0,0.2,0.2,,,70.0,195.0,27.270944444444446,3.0,Utah State,2018.0,2018.0,,,,
2021,4,00-0034735,C.McElroy,TE,TB,NE,0,0,0.0,0,0.0,0.0,0.0,0,0.0,0,1,0,0.0,0,0.0,0.0,,,78.0,258.0,28.930315789473685,3.0,Southeastern Oklahoma,2018.0,2018.0,,,,0.023255814
2021,1,00-0034750,R.Penny,RB,SEA,IND,0,0,0.0,0,0.0,0.0,0.0,2,8.0,0,0,0,0.0,0,0.8,0.8,,,71.0,220.0,25.773470588235295,3.0,San Diego State,2018.0,2018.0,SEA,27.0,,
2021,7,00-0034750,R.Penny,RB,SEA,NO,0,0,0.0,0,0.0,0.0,0.0,6,9.0,0,0,0,0.0,0,0.9,0.9,,,71.0,220.0,25.773470588235295,3.0,San Diego State,2018.0,2018.0,SEA,27.0,-3.0,
2021,8,00-0034750,R.Penny,RB,SEA,JAX,0,0,0.0,0,0.0,0.0,0.0,7,7.0,0,0,0,0.0,0,0.7,0.7,,,71.0,220.0,25.773470588235295,3.0,San Diego State,2018.0,2018.0,SEA,27.0,24.0,
2021,11,00-0034750,R.Penny,RB,SEA,ARI,0,0,0.0,0,0.0,0.0,0.0,2,19.0,0,0,0,0.0,0,1.9,1.9,,,71.0,220.0,25.773470588235295,3.0,San Diego State,2018.0,2018.0,SEA,27.0,-10.0,
2021,13,00-0034750,R.Penny,RB,SEA,SF,0,0,0.0,0,0.0,0.0,0.0,10,35.0,0,1,1,27.0,0,6.2,7.2,,,71.0,220.0,25.773470588235295,3.0,San Diego State,2018.0,2018.0,SEA,27.0,7.0,0.027027028
2021,14,00-0034750,R.Penny,RB,SEA,HOU,0,0,0.0,0,0.0,0.0,0.0,16,137.0,2,1,1,1.0,0,25.8,26.8,,,71.0,220.0,25.773470588235295,3.0,San Diego State,2018.0,2018.0,SEA,27.0,,0.035714287
2021,15,00-0034750,R.Penny,RB,SEA,LA,0,0,0.0,0,0.0,0.0,0.0,11,39.0,0,2,2,5.0,0,4.4,6.4,,,71.0,220.0,25.773470588235295,3.0,San Diego State,2018.0,2018.0,SEA,27.0,,0.071428575
2021,16,00-0034750,R.Penny,RB,SEA,CHI,0,0,0.0,0,0.0,0.0,0.0,17,135.0,1,1,0,0.0,0,19.5,19.5,,,71.0,220.0,25.773470588235295,3.0,San Diego State,2018.0,2018.0,SEA,27.0,-1.0,0.037037037
2021,17,00-0034750,R.Penny,RB,SEA,DET,0,0,0.0,0,0.0,0.0,0.0,25,170.0,2,3,2,15.0,0,30.5,32.5,,,71.0,220.0,25.773470588235295,3.0,San Diego State,2018.0,2018.0,SEA,27.0,22.0,0.10714286
2021,18,00-0034750,R.Penny,RB,SEA,ARI,0,0,0.0,0,0.0,0.0,0.0,23,190.0,1,0,0,0.0,0,25.0,25.0,,,71.0,220.0,25.773470588235295,3.0,San Diego State,2018.0,2018.0,SEA,27.0,,
2021,1,00-0034753,M.Andrews,TE,BAL,LV,0,0,0.0,0,0.0,0.0,0.0,0,0.0,0,5,3,20.0,0,2.0,5.0,,,77.0,255.0,26.182235294117646,3.0,Oklahoma,2018.0,2018.0,BAL,86.0,,0.1724138
2021,2,00-0034753,M.Andrews,TE,BAL,KC,0,0,0.0,0,0.0,0.0,0.0,0,0.0,0,5,5,57.0,0,5.7,10.7,,,77.0,255.0,26.182235294117646,3.0,Oklahoma,2018.0,2018.0,BAL,86.0,1.0,0.2
2021,3,00-0034753,M.Andrews,TE,BAL,DET,0,0,0.0,0,0.0,0.0,0.0,0,0.0,0,7,5,109.0,0,10.9,15.9,,,77.0,255.0,26.182235294117646,3.0,Oklahoma,2018.0,2018.0,BAL,86.0,,0.25925925
2021,4,00-0034753,M.Andrews,TE,BAL,DEN,0,0,0.0,0,0.0,0.0,0.0,0,0.0,0,8,5,67.0,0,6.7,11.7,,,77.0,255.0,26.182235294117646,3.0,Oklahoma,2018.0,2018.0,BAL,86.0,,0.22857143
2021,5,00-0034753,M.Andrews,TE,BAL,IND,0,0,0.0,0,0.0,0.0,0.0,0,0.0,0,13,11,147.0,2,30.7,41.7,,,77.0,255.0,26.182235294117646,3.0,Oklahoma,2018.0,2018.0,BAL,86.0,6.0,0.30232558
2021,6,00-0034753,M.Andrews,TE,BAL,LAC,0,0,0.0,0,0.0,0.0,0.0,0,0.0,0,6,5,68.0,1,12.8,17.8,,,77.0,255.0,26.182235294117646,3.0,Oklahoma,2018.0,2018.0,BAL,86.0,28.0,0.22222222
2021,7,00-0034753,M.Andrews,TE,BAL,CIN,0,0,0.0,0,0.0,0.0,0.0,0,0.0,0,7,3,48.0,0,4.8,7.8,,,77.0,255.0,26.182235294117646,3.0,Oklahoma,2018.0,2018.0,BAL,86.0,-24.0,0.17073171
2021,9,00-0034753,M.Andrews,TE,BAL,MIN,0,0,0.0,0,0.0,0.0,0.0,0,0.0,0,10,5,44.0,0,4.4,9.4,,,77.0,255.0,26.182235294117646,3.0,Oklahoma,2018.0,2018.0,BAL,86.0,3.0,0.24390244
2021,10,00-0034753,M.Andrews,TE,BAL,MIA,0,0,0.0,0,0.0,0.0,0.0,0,0.0,0,8,6,63.0,1,12.3,18.3,,,77.0,255.0,26.182235294117646,3.0,Oklahoma,2018.0,2018.0,BAL,86.0,,0.19512194
2021,11,00-0034753,M.Andrews,TE,BAL,CHI,0,0,0.0,0,0.0,0.0,0.0,0,0.0,0,10,8,73.0,0,7.3,15.3,,,77.0,255.0,26.182235294117646,3.0,Oklahoma,2018.0,2018.0,BAL,86.0,,0.2777778
2021,12,00-0034753,M.Andrews,TE,BAL,CLE,0,0,0.0,0,0.0,0.0,0.0,0,0.0,0,10,4,65.0,1,12.5,16.5,,,77.0,255.0,26.182235294117646,3.0,Oklahoma,2018.0,2018.0,BAL,86.0,6.0,0.3125
2021,13,00-0034753,M.Andrews,TE,BAL,PIT,0,0,0.0,0,0.0,0.0,0.0,0,0.0,0,9,4,50.0,0,5.0,9.0,,,77.0,255.0,26.182235294117646,3.0,Oklahoma,2018.0,2018.0,BAL,86.0,,0.24324325
2021,14,00-0034753,M.Andrews,TE,BAL,CLE,0,0,0.0,0,0.0,0.0,0.0,0,0.0,0,11,11,115.0,1,17.5,28.5,,,77.0,255.0,26.182235294117646,3.0,Oklahoma,2018.0,2018.0,BAL,86.0,,0.275
2021,15,00-0034753,M.Andrews,TE,BAL,GB,0,0,0.0,0,0.0,0.0,0.0,0,0.0,0,13,10,136.0,2,25.6,35.6,,,77.0,255.0,26.182235294117646,3.0,Oklahoma,2018.0,2018.0,BAL,86.0,-1.0,0.33333334
2021,16,00-0034753,M.Andrews,TE,BAL,CIN,0,0,0.0,0,0.0,0.0,0.0,0,0.0,0,10,8,125.0,1,18.5,26.5,,,77.0,255.0,26.182235294117646,3.0,Oklahoma,2018.0,2018.0,BAL,86.0,,0.27027026
2021,17,00-0034753,M.Andrews,TE,BAL,LA,0,0,0.0,0,0.0,0.0,0.0,0,0.0,0,6,6,89.0,0,8.9,14.9,,,77.0,255.0,26.182235294117646,3.0,Oklahoma,2018.0,2018.0,BAL,86.0,-1.0,0.20689656
2021,18,00-0034753,M.Andrews,TE,BAL,PIT,0,0,0.0,0,0.0,0.0,0.0,1,0.0,0,15,8,85.0,0,8.5,16.5,,,77.0,255.0,26.182235294117646,3.0,Oklahoma,2018.0,2018.0,BAL,86.0,-3.0,0.46875
2021,1,00-0034764,M.Gallup,WR,DAL,TB,0,0,0.0,0,0.0,0.0,0.0,0,0.0,0,7,4,36.0,0,3.6,7.6,,,73.0,200.0,25.699277777777777,3.0,Colorado State,2018.0,2018.0,DAL,81.0,,0.12280702
2021,10,00-0034764,M.Gallup,WR,DAL,ATL,0,0,0.0,0,0.0,0.0,0.0,0,0.0,0,5,3,42.0,0,4.2,7.2,,,73.0,200.0,25.699277777777777,3.0,Colorado State,2018.0,2018.0,DAL,81.0,40.0,0.15151516
2021,11,00-0034764,M.Gallup,WR,DAL,KC,0,0,0.0,0,0.0,0.0,0.0,0,0.0,0,10,5,44.0,0,4.4,9.4,,,73.0,200.0,25.699277777777777,3.0,Colorado State,2018.0,2018.0,DAL,81.0,,0.23809524
2021,12,00-0034764,M.Gallup,WR,DAL,LV,0,0,0.0,0,0.0,0.0,0.0,0,0.0,0,8,5,106.0,0,10.6,15.6,,,73.0,200.0,25.699277777777777,3.0,Colorado State,2018.0,2018.0,DAL,81.0,-3.0,0.17021276
2021,13,00-0034764,M.Gallup,WR,DAL,NO,0,0,0.0,0,0.0,0.0,0.0,0,0.0,0,9,5,36.0,1,9.6,14.6,,,73.0,200.0,25.699277777777777,3.0,Colorado State,2018.0,2018.0,DAL,81.0,,0.225
2021,14,00-0034764,M.Gallup,WR,DAL,WAS,0,0,0.0,0,0.0,0.0,0.0,0,0.0,0,9,5,60.0,0,6.0,11.0,,,73.0,200.0,25.699277777777777,3.0,Colorado State,2018.0,2018.0,DAL,81.0,,0.23076923
2021,15,00-0034764,M.Gallup,WR,DAL,NYG,0,0,0.0,0,0.0,0.0,0.0,0,0.0,0,5,3,32.0,0,3.2,6.2,,,73.0,200.0,25.699277777777777,3.0,Colorado State,2018.0,2018.0,DAL,81.0,,0.13513513
2021,16,00-0034764,M.Gallup,WR,DAL,WAS,0,0,0.0,0,0.0,0.0,0.0,0,0.0,0,5,2,53.0,0,5.3,7.3,,,73.0,200.0,25.699277777777777,3.0,Colorado State,2018.0,2018.0,DAL,81.0,42.0,0.12195122
2021,17,00-0034764,M.Gallup,WR,DAL,ARI,0,0,0.0,0,0.0,0.0,0.0,0,0.0,0,4,3,36.0,1,9.6,12.6,,,73.0,200.0,25.699277777777777,3.0,Colorado State,2018.0,2018.0,DAL,81.0,-3.0,0.10526316
2021,7,00-0034765,T.Smith,WR,NO,SEA,0,0,0.0,0,0.0,0.0,0.0,0,0.0,0,3,1,11.0,0,1.1,2.1,,,74.0,210.0,25.84729411764706,3.0,Central Florida,2018.0,2018.0,NO,91.0,,0.09375
2021,8,00-0034765,T.Smith,WR,NO,TB,0,0,0.0,0,0.0,0.0,0.0,0,0.0,0,3,3,33.0,1,9.3,12.3,,,74.0,210.0,25.84729411764706,3.0,Central Florida,2018.0,2018.0,NO,91.0,9.0,0.08571429
2021,9,00-0034765,T.Smith,WR,NO,ATL,0,0,0.0,0,0.0,0.0,0.0,0,0.0,0,4,3,53.0,0,5.3,8.3,,,74.0,210.0,25.84729411764706,3.0,Central Florida,2018.0,2018.0,NO,91.0,-2.0,0.0952381
2021,10,00-0034765,T.Smith,WR,NO,TEN,0,0,0.0,0,0.0,0.0,0.0,0,0.0,0,7,4,44.0,1,10.4,14.4,,,74.0,210.0,25.84729411764706,3.0,Central Florida,2018.0,2018.0,NO,91.0,,0.2
2021,11,00-0034765,T.Smith,WR,NO,PHI,0,0,0.0,0,0.0,0.0,0.0,0,0.0,0,8,5,64.0,0,6.4,11.4,,,74.0,210.0,25.84729411764706,3.0,Central Florida,2018.0,2018.0,NO,91.0,,0.22222222
2021,12,00-0034765,T.Smith,WR,NO,BUF,0,0,0.0,0,0.0,0.0,0.0,0,0.0,0,5,4,31.0,0,3.1,7.1,,,74.0,210.0,25.84729411764706,3.0,Central Florida,2018.0,2018.0,NO,91.0,-25.0,0.17857143
2021,13,00-0034765,T.Smith,WR,NO,DAL,0,0,0.0,0,0.0,0.0,0.0,0,0.0,0,7,2,15.0,0,1.5,3.5,,,74.0,210.0,25.84729411764706,3.0,Central Florida,2018.0,2018.0,NO,91.0,-10.0,0.17073171
2021,14,00-0034765,T.Smith,WR,NO,NYJ,0,0,0.0,0,0.0,0.0,0.0,0,0.0,0,3,3,33.0,0,3.3,6.3,,,74.0,210.0,25.84729411764706,3.0,Central Florida,2018.0,2018.0,NO,91.0,,0.14285715
2021,15,00-0034765,T.Smith,WR,NO,TB,0,0,0.0,0,0.0,0.0,0.0,0,0.0,0,3,2,17.0,0,1.7,3.7,,,74.0,210.0,25.84729411764706,3.0,Central Florida,2018.0,2018.0,NO,91.0,,0.12
2021,18,00-0034765,T.Smith,WR,NO,ATL,0,0,0.0,0,0.0,0.0,0.0,0,0.0,0,7,5,76.0,1,13.6,18.6,,,74.0,210.0,25.84729411764706,3.0,Central Florida,2018.0,2018.0,NO,91.0,,0.3043478
2021,1,00-0034766,C.Herndon,TE,MIN,CIN,0,0,0.0,0,0.0,0.0,0.0,0,0.0,0,2,0,0.0,0,0.0,0.0,,,76.0,252.0,25.717764705882352,3.0,Miami,2018.0,2018.0,NYJ,107.0,,0.04255319
2021,6,00-0034766,C.Herndon,TE,MIN,CAR,0,0,0.0,0,0.0,0.0,0.0,0,0.0,0,1,1,2.0,1,6.2,7.2,,,76.0,252.0,25.717764705882352,3.0,Miami,2018.0,2018.0,NYJ,107.0,,0.022222223
2021,8,00-0034766,C.Herndon,TE,MIN,DAL,0,0,0.0,0,0.0,0.0,0.0,0,0.0,0,1,1,7.0,0,0.7,1.7,,,76.0,252.0,25.717764705882352,3.0,Miami,2018.0,2018.0,NYJ,107.0,-4.0,0.030303031
2021,10,00-0034766,C.Herndon,TE,MIN,LAC,0,0,0.0,0,0.0,0.0,0.0,0,0.0,0,2,1,14.0,0,1.4,2.4,,,76.0,252.0,25.717764705882352,3.0,Miami,2018.0,2018.0,NYJ,107.0,,0.057142857
2021,14,00-0034766,C.Herndon,TE,MIN,PIT,0,0,0.0,0,0.0,0.0,0.0,0,0.0,0,1,1,17.0,0,1.7,2.7,,,76.0,252.0,25.717764705882352,3.0,Miami,2018.0,2018.0,NYJ,107.0,8.0,0.032258064
2021,10,00-0034771,M.Rudolph,QB,PIT,DET,30,50,242.0,1,1.0,0.0,-0.0,4,36.0,0,0,0,0.0,0,15.28,15.28,,,77.0,235.0,26.41511111111111,3.0,Oklahoma State,2018.0,2018.0,PIT,76.0,0.0,
2021,16,00-0034771,M.Rudolph,QB,PIT,KC,5,8,35.0,0,0.0,0.0,-0.0,1,17.0,0,0,0,0.0,0,3.1,3.1,,,77.0,235.0,26.41511111111111,3.0,Oklahoma State,2018.0,2018.0,PIT,76.0,,
2021,1,00-0034775,C.Kirk,WR,ARI,TEN,0,0,0.0,0,0.0,0.0,0.0,0,0.0,0,5,5,70.0,2,19.0,24.0,,,71.0,200.0,24.986055555555556,3.0,Texas A&amp;M,2018.0,2018.0,ARI,47.0,,0.15625
2021,2,00-0034775,C.Kirk,WR,ARI,MIN,0,0,0.0,0,0.0,0.0,0.0,0,0.0,0,4,3,65.0,0,6.5,9.5,,,71.0,200.0,24.986055555555556,3.0,Texas A&amp;M,2018.0,2018.0,ARI,47.0,1.0,0.11764706
2021,3,00-0034775,C.Kirk,WR,ARI,JAX,0,0,0.0,0,0.0,0.0,0.0,0,0.0,0,8,7,104.0,0,10.4,17.4,,,71.0,200.0,24.986055555555556,3.0,Texas A&amp;M,2018.0,2018.0,ARI,47.0,,0.23529412
2021,4,00-0034775,C.Kirk,WR,ARI,LA,0,0,0.0,0,0.0,0.0,0.0,0,0.0,0,1,1,5.0,0,0.5,1.5,,,71.0,200.0,24.986055555555556,3.0,Texas A&amp;M,2018.0,2018.0,ARI,47.0,,0.03448276
2021,5,00-0034775,C.Kirk,WR,ARI,SF,0,0,0.0,0,0.0,0.0,0.0,1,11.0,0,5,5,39.0,0,5.0,10.0,,,71.0,200.0,24.986055555555556,3.0,Texas A&amp;M,2018.0,2018.0,ARI,47.0,7.0,0.17857143
2021,6,00-0034775,C.Kirk,WR,ARI,CLE,0,0,0.0,0,0.0,0.0,0.0,0,0.0,0,8,5,75.0,1,13.5,18.5,,,71.0,200.0,24.986055555555556,3.0,Texas A&amp;M,2018.0,2018.0,ARI,47.0,,0.2857143
2021,7,00-0034775,C.Kirk,WR,ARI,HOU,0,0,0.0,0,0.0,0.0,0.0,0,0.0,0,5,4,50.0,1,11.0,15.0,,,71.0,200.0,24.986055555555556,3.0,Texas A&amp;M,2018.0,2018.0,ARI,47.0,26.0,0.17857143
2021,8,00-0034775,C.Kirk,WR,ARI,GB,0,0,0.0,0,0.0,0.0,0.0,0,0.0,0,6,4,46.0,0,4.6,8.6,,,71.0,200.0,24.986055555555556,3.0,Texas A&amp;M,2018.0,2018.0,ARI,47.0,-3.0,0.19354838
2021,9,00-0034775,C.Kirk,WR,ARI,SF,1,1,33.0,0,0.0,0.0,-0.0,0,0.0,0,6,6,91.0,0,10.42,16.42,,,71.0,200.0,24.986055555555556,3.0,Texas A&amp;M,2018.0,2018.0,ARI,47.0,,0.23076923
2021,10,00-0034775,C.Kirk,WR,ARI,CAR,0,0,0.0,0,0.0,0.0,0.0,0,0.0,0,8,7,58.0,0,5.8,12.8,,,71.0,200.0,24.986055555555556,3.0,Texas A&amp;M,2018.0,2018.0,ARI,47.0,-24.0,0.27586207
2021,11,00-0034775,C.Kirk,WR,ARI,SEA,0,0,0.0,0,0.0,0.0,0.0,0,0.0,0,5,2,25.0,0,2.5,4.5,,,71.0,200.0,24.986055555555556,3.0,Texas A&amp;M,2018.0,2018.0,ARI,47.0,,0.11363637
2021,13,00-0034775,C.Kirk,WR,ARI,CHI,0,0,0.0,0,0.0,0.0,0.0,0,0.0,0,3,1,4.0,0,0.4,1.4,,,71.0,200.0,24.986055555555556,3.0,Texas A&amp;M,2018.0,2018.0,ARI,47.0,,0.2
2021,14,00-0034775,C.Kirk,WR,ARI,LA,0,0,0.0,0,0.0,0.0,0.0,0,0.0,0,6,3,86.0,0,8.6,11.6,,,71.0,200.0,24.986055555555556,3.0,Texas A&amp;M,2018.0,2018.0,ARI,47.0,-7.0,0.12244898
2021,15,00-0034775,C.Kirk,WR,ARI,DET,0,0,0.0,0,0.0,0.0,0.0,0,0.0,0,12,9,94.0,1,15.4,24.4,,,71.0,200.0,24.986055555555556,3.0,Texas A&amp;M,2018.0,2018.0,ARI,47.0,,0.25
2021,16,00-0034775,C.Kirk,WR,ARI,IND,0,0,0.0,0,0.0,0.0,0.0,0,0.0,0,9,7,48.0,0,4.8,11.8,,,71.0,200.0,24.986055555555556,3.0,Texas A&amp;M,2018.0,2018.0,ARI,47.0,-6.0,0.23076923
2021,17,00-0034775,C.Kirk,WR,ARI,DAL,0,0,0.0,0,0.0,0.0,0.0,0,0.0,0,9,6,79.0,0,7.9,13.9,,,71.0,200.0,24.986055555555556,3.0,Texas A&amp;M,2018.0,2018.0,ARI,47.0,,0.24324325
2021,18,00-0034775,C.Kirk,WR,ARI,SEA,0,0,0.0,0,0.0,0.0,0.0,0,0.0,0,3,2,43.0,0,4.3,6.3,,,71.0,200.0,24.986055555555556,3.0,Texas A&amp;M,2018.0,2018.0,ARI,47.0,-8.0,0.07692308
2021,19,00-0034775,C.Kirk,WR,ARI,LA,0,0,0.0,0,0.0,0.0,0.0,0,0.0,0,11,6,51.0,0,5.1,11.1,,,71.0,200.0,24.986055555555556,3.0,Texas A&amp;M,2018.0,2018.0,ARI,47.0,,0.32352942
2021,1,00-0034777,D.Chark,WR,JAX,HOU,0,0,0.0,0,0.0,0.0,0.0,0,0.0,0,12,3,86.0,1,14.6,17.6,,,76.0,198.0,25.134470588235295,3.0,Louisiana State,2018.0,2018.0,JAX,61.0,,0.24
2021,2,00-0034777,D.Chark,WR,JAX,DEN,0,0,0.0,0,0.0,0.0,0.0,0,0.0,0,4,1,19.0,0,1.9,2.9,,,76.0,198.0,25.134470588235295,3.0,Louisiana State,2018.0,2018.0,JAX,61.0,-10.0,0.121212125
2021,3,00-0034777,D.Chark,WR,JAX,ARI,0,0,0.0,0,0.0,0.0,0.0,0,0.0,0,6,3,49.0,1,10.9,13.9,,,76.0,198.0,25.134470588235295,3.0,Louisiana State,2018.0,2018.0,JAX,61.0,-12.0,0.1875
2021,1,00-0034791,N.Chubb,RB,CLE,KC,0,0,0.0,0,0.0,0.0,0.0,15,83.0,2,2,2,18.0,0,20.1,22.1,,,71.0,225.0,25.869764705882353,3.0,Georgia,2018.0,2018.0,CLE,35.0,,0.074074075
2021,2,00-0034791,N.Chubb,RB,CLE,HOU,0,0,0.0,0,0.0,0.0,0.0,11,95.0,1,1,1,3.0,0,15.8,16.8,,,71.0,225.0,25.869764705882353,3.0,Georgia,2018.0,2018.0,CLE,35.0,10.0,0.04761905
2021,3,00-0034791,N.Chubb,RB,CLE,CHI,0,0,0.0,0,0.0,0.0,0.0,22,84.0,0,0,0,0.0,0,8.4,8.4,,,71.0,225.0,25.869764705882353,3.0,Georgia,2018.0,2018.0,CLE,35.0,20.0,
2021,4,00-0034791,N.Chubb,RB,CLE,MIN,0,0,0.0,0,0.0,0.0,0.0,21,100.0,0,1,1,5.0,0,10.5,11.5,,,71.0,225.0,25.869764705882353,3.0,Georgia,2018.0,2018.0,CLE,35.0,,0.032258064
2021,5,00-0034791,N.Chubb,RB,CLE,LAC,0,0,0.0,0,0.0,0.0,0.0,21,161.0,1,1,1,9.0,0,23.0,24.0,,,71.0,225.0,25.869764705882353,3.0,Georgia,2018.0,2018.0,CLE,35.0,,0.03448276
2021,8,00-0034791,N.Chubb,RB,CLE,PIT,0,0,0.0,0,0.0,0.0,0.0,16,61.0,0,1,1,8.0,0,6.9,7.9,,,71.0,225.0,25.869764705882353,3.0,Georgia,2018.0,2018.0,CLE,35.0,-5.0,0.032258064
2021,9,00-0034791,N.Chubb,RB,CLE,CIN,0,0,0.0,0,0.0,0.0,0.0,14,137.0,2,2,2,26.0,0,28.3,30.3,,,71.0,225.0,25.869764705882353,3.0,Georgia,2018.0,2018.0,CLE,35.0,,0.10526316
2021,11,00-0034791,N.Chubb,RB,CLE,DET,0,0,0.0,0,0.0,0.0,0.0,22,130.0,0,2,2,14.0,1,20.4,22.4,,,71.0,225.0,25.869764705882353,3.0,Georgia,2018.0,2018.0,CLE,35.0,3.0,0.071428575
2021,12,00-0034791,N.Chubb,RB,CLE,BAL,0,0,0.0,0,0.0,0.0,0.0,8,16.0,0,4,2,23.0,0,3.9,5.9,,,71.0,225.0,25.869764705882353,3.0,Georgia,2018.0,2018.0,CLE,35.0,,0.11764706
2021,14,00-0034791,N.Chubb,RB,CLE,BAL,0,0,0.0,0,0.0,0.0,0.0,17,59.0,0,4,3,6.0,0,6.5,9.5,,,71.0,225.0,25.869764705882353,3.0,Georgia,2018.0,2018.0,CLE,35.0,2.0,0.12903225
2021,15,00-0034791,N.Chubb,RB,CLE,LV,0,0,0.0,0,0.0,0.0,0.0,23,91.0,1,1,1,2.0,0,15.3,16.3,,,71.0,225.0,25.869764705882353,3.0,Georgia,2018.0,2018.0,CLE,35.0,-2.0,0.03448276
2021,16,00-0034791,N.Chubb,RB,CLE,GB,0,0,0.0,0,0.0,0.0,0.0,17,126.0,1,4,3,58.0,0,24.4,27.4,,,71.0,225.0,25.869764705882353,3.0,Georgia,2018.0,2018.0,CLE,35.0,,0.11111111
2021,17,00-0034791,N.Chubb,RB,CLE,PIT,0,0,0.0,0,0.0,0.0,0.0,12,58.0,0,1,0,0.0,0,5.8,5.8,,,71.0,225.0,25.869764705882353,3.0,Georgia,2018.0,2018.0,CLE,35.0,,0.027777778
2021,18,00-0034791,N.Chubb,RB,CLE,CIN,0,0,0.0,0,0.0,0.0,0.0,9,58.0,0,1,1,2.0,0,6.0,7.0,,,71.0,225.0,25.869764705882353,3.0,Georgia,2018.0,2018.0,CLE,35.0,5.0,0.041666668
2021,1,00-0034796,L.Jackson,QB,BAL,LV,19,30,235.0,1,0.0,3.0,18.0,12,86.0,0,0,0,0.0,0,18.0,18.0,,,74.0,212.0,24.84335294117647,3.0,Louisville,2018.0,2018.0,BAL,32.0,,
2021,2,00-0034796,L.Jackson,QB,BAL,KC,18,26,239.0,1,2.0,1.0,9.0,16,107.0,2,0,0,0.0,0,32.26,32.26,,,74.0,212.0,24.84335294117647,3.0,Louisville,2018.0,2018.0,BAL,32.0,1.0,
2021,3,00-0034796,L.Jackson,QB,BAL,DET,16,31,287.0,1,1.0,4.0,16.0,7,58.0,0,0,0,0.0,0,19.28,19.28,,,74.0,212.0,24.84335294117647,3.0,Louisville,2018.0,2018.0,BAL,32.0,,
2021,4,00-0034796,L.Jackson,QB,BAL,DEN,22,37,316.0,1,0.0,3.0,12.0,7,28.0,0,0,0,0.0,0,19.44,19.44,,,74.0,212.0,24.84335294117647,3.0,Louisville,2018.0,2018.0,BAL,32.0,,
2021,5,00-0034796,L.Jackson,QB,BAL,IND,37,43,442.0,4,0.0,2.0,5.0,14,62.0,0,0,0,0.0,0,41.88,41.88,,,74.0,212.0,24.84335294117647,3.0,Louisville,2018.0,2018.0,BAL,32.0,6.0,
2021,6,00-0034796,L.Jackson,QB,BAL,LAC,19,27,167.0,1,2.0,3.0,27.0,8,51.0,0,0,0,0.0,0,11.78,11.78,,,74.0,212.0,24.84335294117647,3.0,Louisville,2018.0,2018.0,BAL,32.0,28.0,
2021,7,00-0034796,L.Jackson,QB,BAL,CIN,15,31,257.0,1,0.0,5.0,18.0,12,88.0,0,0,0,0.0,0,23.08,23.08,,,74.0,212.0,24.84335294117647,3.0,Louisville,2018.0,2018.0,BAL,32.0,-24.0,
2021,9,00-0034796,L.Jackson,QB,BAL,MIN,27,41,266.0,3,2.0,3.0,13.0,21,120.0,0,0,0,0.0,0,30.64,30.64,,,74.0,212.0,24.84335294117647,3.0,Louisville,2018.0,2018.0,BAL,32.0,3.0,
2021,10,00-0034796,L.Jackson,QB,BAL,MIA,26,43,238.0,1,1.0,4.0,28.0,9,39.0,0,0,0,0.0,0,15.42,15.42,,,74.0,212.0,24.84335294117647,3.0,Louisville,2018.0,2018.0,BAL,32.0,,
2021,12,00-0034796,L.Jackson,QB,BAL,CLE,20,32,165.0,1,4.0,2.0,10.0,17,68.0,0,0,0,0.0,0,9.4,9.4,,,74.0,212.0,24.84335294117647,3.0,Louisville,2018.0,2018.0,BAL,32.0,6.0,
2021,13,00-0034796,L.Jackson,QB,BAL,PIT,23,37,253.0,1,1.0,7.0,34.0,8,55.0,0,0,0,0.0,0,17.62,17.62,,,74.0,212.0,24.84335294117647,3.0,Louisville,2018.0,2018.0,BAL,32.0,,
2021,14,00-0034796,L.Jackson,QB,BAL,CLE,4,4,17.0,0,0.0,1.0,-0.0,2,5.0,0,0,0,0.0,0,1.18,1.18,,,74.0,212.0,24.84335294117647,3.0,Louisville,2018.0,2018.0,BAL,32.0,,
2021,1,00-0034798,D.Smythe,TE,MIA,NE,0,0,0.0,0,0.0,0.0,0.0,0,0.0,0,2,1,9.0,0,0.9,1.9,,,78.0,260.0,26.251941176470588,3.0,Notre Dame,2018.0,2018.0,MIA,123.0,,0.074074075
2021,3,00-0034798,D.Smythe,TE,MIA,LV,0,0,0.0,0,0.0,0.0,0.0,0,0.0,0,1,0,0.0,0,0.0,0.0,,,78.0,260.0,26.251941176470588,3.0,Notre Dame,2018.0,2018.0,MIA,123.0,,0.021276595
2021,4,00-0034798,D.Smythe,TE,MIA,IND,0,0,0.0,0,0.0,0.0,0.0,0,0.0,0,2,2,6.0,0,0.6,2.6,,,78.0,260.0,26.251941176470588,3.0,Notre Dame,2018.0,2018.0,MIA,123.0,-10.0,0.06666667
2021,5,00-0034798,D.Smythe,TE,MIA,TB,0,0,0.0,0,0.0,0.0,0.0,0,0.0,0,3,2,23.0,0,2.3,4.3,,,78.0,260.0,26.251941176470588,3.0,Notre Dame,2018.0,2018.0,MIA,123.0,,0.07692308
2021,6,00-0034798,D.Smythe,TE,MIA,JAX,0,0,0.0,0,0.0,0.0,0.0,0,0.0,0,6,5,59.0,0,5.9,10.9,,,78.0,260.0,26.251941176470588,3.0,Notre Dame,2018.0,2018.0,MIA,123.0,,0.12765957
2021,7,00-0034798,D.Smythe,TE,MIA,ATL,0,0,0.0,0,0.0,0.0,0.0,0,0.0,0,4,3,37.0,0,3.7,6.7,,,78.0,260.0,26.251941176470588,3.0,Notre Dame,2018.0,2018.0,MIA,123.0,-2.0,0.1
2021,9,00-0034798,D.Smythe,TE,MIA,HOU,0,0,0.0,0,0.0,0.0,0.0,0,0.0,0,2,2,27.0,0,2.7,4.7,,,78.0,260.0,26.251941176470588,3.0,Notre Dame,2018.0,2018.0,MIA,123.0,8.0,0.05
2021,10,00-0034798,D.Smythe,TE,MIA,BAL,0,0,0.0,0,0.0,0.0,0.0,0,0.0,0,1,1,23.0,0,2.3,3.3,,,78.0,260.0,26.251941176470588,3.0,Notre Dame,2018.0,2018.0,MIA,123.0,12.0,0.029411765
2021,11,00-0034798,D.Smythe,TE,MIA,NYJ,0,0,0.0,0,0.0,0.0,0.0,0,0.0,0,5,4,37.0,0,3.7,7.7,,,78.0,260.0,26.251941176470588,3.0,Notre Dame,2018.0,2018.0,MIA,123.0,,0.14705883
2021,12,00-0034798,D.Smythe,TE,MIA,CAR,0,0,0.0,0,0.0,0.0,0.0,2,3.0,0,5,5,32.0,0,3.5,8.5,,,78.0,260.0,26.251941176470588,3.0,Notre Dame,2018.0,2018.0,MIA,123.0,23.0,0.16129032
2021,13,00-0034798,D.Smythe,TE,MIA,NYG,0,0,0.0,0,0.0,0.0,0.0,0,0.0,0,1,0,0.0,0,0.0,0.0,,,78.0,260.0,26.251941176470588,3.0,Notre Dame,2018.0,2018.0,MIA,123.0,11.0,0.024390243
2021,15,00-0034798,D.Smythe,TE,MIA,NYJ,0,0,0.0,0,0.0,0.0,0.0,0,0.0,0,1,1,4.0,0,0.4,1.4,,,78.0,260.0,26.251941176470588,3.0,Notre Dame,2018.0,2018.0,MIA,123.0,7.0,0.03846154
2021,16,00-0034798,D.Smythe,TE,MIA,NO,0,0,0.0,0,0.0,0.0,0.0,0,0.0,0,3,3,31.0,0,3.1,6.1,,,78.0,260.0,26.251941176470588,3.0,Notre Dame,2018.0,2018.0,MIA,123.0,,0.115384616
2021,17,00-0034798,D.Smythe,TE,MIA,TEN,0,0,0.0,0,0.0,0.0,0.0,0,0.0,0,3,3,37.0,0,3.7,6.7,,,78.0,260.0,26.251941176470588,3.0,Notre Dame,2018.0,2018.0,MIA,123.0,,0.078947365
2021,18,00-0034798,D.Smythe,TE,MIA,NE,0,0,0.0,0,0.0,0.0,0.0,0,0.0,0,2,2,32.0,0,3.2,5.2,,,78.0,260.0,26.251941176470588,3.0,Notre Dame,2018.0,2018.0,MIA,123.0,9.0,0.0952381
2021,5,00-0034799,K.Ballage,RB,PIT,DEN,0,0,0.0,0,0.0,0.0,0.0,4,0.0,0,1,0,0.0,0,0.0,0.0,,,74.0,230.0,25.900388888888887,3.0,Arizona State,2018.0,2018.0,MIA,131.0,8.0,0.04
2021,6,00-0034799,K.Ballage,RB,PIT,SEA,0,0,0.0,0,0.0,0.0,0.0,2,15.0,0,0,0,0.0,0,1.5,1.5,,,74.0,230.0,25.900388888888887,3.0,Arizona State,2018.0,2018.0,MIA,131.0,3.0,
2021,8,00-0034799,K.Ballage,RB,PIT,CLE,0,0,0.0,0,0.0,0.0,0.0,1,-3.0,0,0,0,0.0,0,-0.3,-0.3,,,74.0,230.0,25.900388888888887,3.0,Arizona State,2018.0,2018.0,MIA,131.0,,
2021,9,00-0034799,K.Ballage,RB,PIT,CHI,0,0,0.0,0,0.0,0.0,0.0,0,0.0,0,1,1,2.0,0,0.2,1.2,,,74.0,230.0,25.900388888888887,3.0,Arizona State,2018.0,2018.0,MIA,131.0,2.0,0.037037037
2021,10,00-0034799,K.Ballage,RB,PIT,DET,0,0,0.0,0,0.0,0.0,0.0,0,0.0,0,2,0,0.0,0,0.0,0.0,,,74.0,230.0,25.900388888888887,3.0,Arizona State,2018.0,2018.0,MIA,131.0,0.0,0.040816326
2021,11,00-0034799,K.Ballage,RB,PIT,LAC,0,0,0.0,0,0.0,0.0,0.0,1,3.0,0,1,0,0.0,0,0.3,0.3,,,74.0,230.0,25.900388888888887,3.0,Arizona State,2018.0,2018.0,MIA,131.0,,0.022727273
2021,12,00-0034799,K.Ballage,RB,PIT,CIN,0,0,0.0,0,0.0,0.0,0.0,3,21.0,0,2,1,6.0,0,2.7,3.7,,,74.0,230.0,25.900388888888887,3.0,Arizona State,2018.0,2018.0,MIA,131.0,,0.051282052
2021,18,00-0034799,K.Ballage,RB,PIT,BAL,0,0,0.0,0,0.0,0.0,0.0,1,0.0,0,0,0,0.0,0,0.0,0.0,,,74.0,230.0,25.900388888888887,3.0,Arizona State,2018.0,2018.0,MIA,131.0,,
2021,19,00-0034799,K.Ballage,RB,PIT,KC,0,0,0.0,0,0.0,0.0,0.0,4,13.0,0,0,0,0.0,0,1.3,1.3,,,74.0,230.0,25.900388888888887,3.0,Arizona State,2018.0,2018.0,MIA,131.0,,
2021,7,00-0034808,J.Kelly,RB,CLE,DEN,0,0,0.0,0,0.0,0.0,0.0,2,13.0,0,0,0,0.0,0,1.3,1.3,,,70.0,205.0,25.09770588235294,3.0,Tennessee,2018.0,2018.0,LA,176.0,3.0,
2021,1,00-0034816,R.Jones,RB,TB,DAL,0,0,0.0,0,0.0,0.0,0.0,4,14.0,0,0,0,0.0,0,-0.6,-0.6,,,71.0,208.0,24.292368421052632,3.0,Southern California,2018.0,2018.0,TB,38.0,2.0,
2021,2,00-0034816,R.Jones,RB,TB,ATL,0,0,0.0,0,0.0,0.0,0.0,6,27.0,0,3,1,9.0,0,3.6,4.6,,,71.0,208.0,24.292368421052632,3.0,Southern California,2018.0,2018.0,TB,38.0,23.0,0.08571429
2021,3,00-0034816,R.Jones,RB,TB,LA,0,0,0.0,0,0.0,0.0,0.0,5,11.0,0,0,0,0.0,0,1.1,1.1,,,71.0,208.0,24.292368421052632,3.0,Southern California,2018.0,2018.0,TB,38.0,,
2021,4,00-0034816,R.Jones,RB,TB,NE,0,0,0.0,0,0.0,0.0,0.0,6,25.0,1,0,0,0.0,0,8.5,8.5,,,71.0,208.0,24.292368421052632,3.0,Southern California,2018.0,2018.0,TB,38.0,,
2021,5,00-0034816,R.Jones,RB,TB,MIA,0,0,0.0,0,0.0,0.0,0.0,5,21.0,0,1,1,15.0,0,3.6,4.6,,,71.0,208.0,24.292368421052632,3.0,Southern California,2018.0,2018.0,TB,38.0,28.0,0.023809524
2021,6,00-0034816,R.Jones,RB,TB,PHI,0,0,0.0,0,0.0,0.0,0.0,5,20.0,0,1,1,9.0,0,2.9,3.9,,,71.0,208.0,24.292368421052632,3.0,Southern California,2018.0,2018.0,TB,38.0,,0.023809524
2021,7,00-0034816,R.Jones,RB,TB,CHI,0,0,0.0,0,0.0,0.0,0.0,10,63.0,0,0,0,0.0,0,4.3,4.3,,,71.0,208.0,24.292368421052632,3.0,Southern California,2018.0,2018.0,TB,38.0,35.0,
2021,8,00-0034816,R.Jones,RB,TB,NO,0,0,0.0,0,0.0,0.0,0.0,3,13.0,0,1,1,6.0,0,1.9,2.9,,,71.0,208.0,24.292368421052632,3.0,Southern California,2018.0,2018.0,TB,38.0,,0.024390243
2021,11,00-0034816,R.Jones,RB,TB,NYG,0,0,0.0,0,0.0,0.0,0.0,8,33.0,1,0,0,0.0,0,9.3,9.3,,,71.0,208.0,24.292368421052632,3.0,Southern California,2018.0,2018.0,TB,38.0,20.0,
2021,12,00-0034816,R.Jones,RB,TB,IND,0,0,0.0,0,0.0,0.0,0.0,7,37.0,1,0,0,0.0,0,9.7,9.7,,,71.0,208.0,24.292368421052632,3.0,Southern California,2018.0,2018.0,TB,38.0,,
2021,13,00-0034816,R.Jones,RB,TB,ATL,0,0,0.0,0,0.0,0.0,0.0,1,2.0,0,1,1,0.0,0,0.2,1.2,,,71.0,208.0,24.292368421052632,3.0,Southern California,2018.0,2018.0,TB,38.0,,0.019607844
2021,14,00-0034816,R.Jones,RB,TB,BUF,0,0,0.0,0,0.0,0.0,0.0,3,8.0,0,0,0,0.0,0,0.8,0.8,,,71.0,208.0,24.292368421052632,3.0,Southern California,2018.0,2018.0,TB,38.0,6.0,
2021,15,00-0034816,R.Jones,RB,TB,NO,0,0,0.0,0,0.0,0.0,0.0,8,63.0,0,2,2,8.0,0,7.1,9.1,,,71.0,208.0,24.292368421052632,3.0,Southern California,2018.0,2018.0,TB,38.0,-9.0,0.041666668
2021,16,00-0034816,R.Jones,RB,TB,CAR,0,0,0.0,0,0.0,0.0,0.0,20,65.0,1,3,2,16.0,0,14.1,16.1,,,71.0,208.0,24.292368421052632,3.0,Southern California,2018.0,2018.0,TB,38.0,,0.10344828
2021,17,00-0034816,R.Jones,RB,TB,NYJ,0,0,0.0,0,0.0,0.0,0.0,10,26.0,0,1,1,1.0,0,2.7,3.7,,,71.0,208.0,24.292368421052632,3.0,Southern California,2018.0,2018.0,TB,38.0,,0.020408163
2021,1,00-0034827,D.Moore,WR,CAR,NYJ,0,0,0.0,0,0.0,0.0,0.0,1,14.0,0,8,6,80.0,0,9.4,15.4,,,72.0,215.0,24.571941176470588,3.0,Maryland,2018.0,2018.0,CAR,24.0,5.0,0.24242425
2021,2,00-0034827,D.Moore,WR,CAR,NO,0,0,0.0,0,0.0,0.0,0.0,0,0.0,0,11,8,79.0,1,13.9,21.9,,,72.0,215.0,24.571941176470588,3.0,Maryland,2018.0,2018.0,CAR,24.0,19.0,0.30555555
2021,3,00-0034827,D.Moore,WR,CAR,HOU,0,0,0.0,0,0.0,0.0,0.0,1,-1.0,0,12,8,126.0,0,12.5,20.5,,,72.0,215.0,24.571941176470588,3.0,Maryland,2018.0,2018.0,CAR,24.0,,0.36363637
2021,4,00-0034827,D.Moore,WR,CAR,DAL,0,0,0.0,0,0.0,0.0,0.0,1,6.0,0,12,8,113.0,2,23.9,31.9,,,72.0,215.0,24.571941176470588,3.0,Maryland,2018.0,2018.0,CAR,24.0,,0.30769232
2021,5,00-0034827,D.Moore,WR,CAR,PHI,0,0,0.0,0,0.0,0.0,0.0,1,-4.0,0,7,5,42.0,0,3.8,8.8,,,72.0,215.0,24.571941176470588,3.0,Maryland,2018.0,2018.0,CAR,24.0,-3.0,0.20588236
2021,6,00-0034827,D.Moore,WR,CAR,MIN,0,0,0.0,0,0.0,0.0,0.0,1,6.0,0,13,5,73.0,0,5.9,10.9,,,72.0,215.0,24.571941176470588,3.0,Maryland,2018.0,2018.0,CAR,24.0,-6.0,0.33333334
2021,7,00-0034827,D.Moore,WR,CAR,NYG,0,0,0.0,0,0.0,0.0,0.0,0,0.0,0,10,6,73.0,0,7.3,13.3,,,72.0,215.0,24.571941176470588,3.0,Maryland,2018.0,2018.0,CAR,24.0,,0.2631579
2021,8,00-0034827,D.Moore,WR,CAR,ATL,0,0,0.0,0,0.0,0.0,0.0,0,0.0,0,8,4,59.0,0,5.9,9.9,,,72.0,215.0,24.571941176470588,3.0,Maryland,2018.0,2018.0,CAR,24.0,,0.33333334
2021,9,00-0034827,D.Moore,WR,CAR,NE,0,0,0.0,0,0.0,0.0,0.0,2,14.0,0,7,3,32.0,0,4.6,7.6,,,72.0,215.0,24.571941176470588,3.0,Maryland,2018.0,2018.0,CAR,24.0,-18.0,0.2413793
2021,10,00-0034827,D.Moore,WR,CAR,ARI,0,0,0.0,0,0.0,0.0,0.0,0,0.0,0,7,4,24.0,0,2.4,6.4,,,72.0,215.0,24.571941176470588,3.0,Maryland,2018.0,2018.0,CAR,24.0,,0.21875
2021,11,00-0034827,D.Moore,WR,CAR,WAS,0,0,0.0,0,0.0,0.0,0.0,0,0.0,0,7,5,50.0,1,11.0,16.0,,,72.0,215.0,24.571941176470588,3.0,Maryland,2018.0,2018.0,CAR,24.0,-6.0,0.25925925
2021,12,00-0034827,D.Moore,WR,CAR,MIA,0,0,0.0,0,0.0,0.0,0.0,0,0.0,0,10,4,103.0,0,10.3,14.3,,,72.0,215.0,24.571941176470588,3.0,Maryland,2018.0,2018.0,CAR,24.0,,0.32258064
2021,14,00-0034827,D.Moore,WR,CAR,ATL,0,0,0.0,0,0.0,0.0,0.0,0,0.0,0,10,6,84.0,0,8.4,14.4,,,72.0,215.0,24.571941176470588,3.0,Maryland,2018.0,2018.0,CAR,24.0,-8.0,0.2857143
2021,15,00-0034827,D.Moore,WR,CAR,BUF,0,0,0.0,0,0.0,0.0,0.0,0,0.0,0,11,6,48.0,0,6.8,12.8,,,72.0,215.0,24.571941176470588,3.0,Maryland,2018.0,2018.0,CAR,24.0,,0.30555555
2021,16,00-0034827,D.Moore,WR,CAR,TB,0,0,0.0,0,0.0,0.0,0.0,0,0.0,0,12,5,55.0,0,5.5,10.5,,,72.0,215.0,24.571941176470588,3.0,Maryland,2018.0,2018.0,CAR,24.0,-26.0,0.27906978
2021,17,00-0034827,D.Moore,WR,CAR,NO,0,0,0.0,0,0.0,0.0,0.0,0,0.0,0,8,3,29.0,0,2.9,5.9,,,72.0,215.0,24.571941176470588,3.0,Maryland,2018.0,2018.0,CAR,24.0,,0.33333334
2021,18,00-0034827,D.Moore,WR,CAR,TB,0,0,0.0,0,0.0,0.0,0.0,1,13.0,0,10,7,87.0,0,10.0,17.0,,,72.0,215.0,24.571941176470588,3.0,Maryland,2018.0,2018.0,CAR,24.0,,0.23809524
2021,1,00-0034829,M.Gesicki,TE,MIA,NE,0,0,0.0,0,0.0,0.0,0.0,0,0.0,0,3,0,0.0,0,0.0,0.0,,,78.0,252.0,26.101470588235294,3.0,Penn State,2018.0,2018.0,MIA,42.0,,0.11111111
2021,2,00-0034829,M.Gesicki,TE,MIA,BUF,0,0,0.0,0,0.0,0.0,0.0,0,0.0,0,6,3,41.0,0,4.1,7.1,,,78.0,252.0,26.101470588235294,3.0,Penn State,2018.0,2018.0,MIA,42.0,-35.0,0.14285715
2021,3,00-0034829,M.Gesicki,TE,MIA,LV,0,0,0.0,0,0.0,0.0,0.0,0,0.0,0,12,10,86.0,0,8.6,18.6,,,78.0,252.0,26.101470588235294,3.0,Penn State,2018.0,2018.0,MIA,42.0,,0.25531915
2021,4,00-0034829,M.Gesicki,TE,MIA,IND,0,0,0.0,0,0.0,0.0,0.0,0,0.0,0,6,5,57.0,1,11.7,16.7,,,78.0,252.0,26.101470588235294,3.0,Penn State,2018.0,2018.0,MIA,42.0,-10.0,0.2
2021,5,00-0034829,M.Gesicki,TE,MIA,TB,0,0,0.0,0,0.0,0.0,0.0,0,0.0,0,7,4,43.0,0,4.3,8.3,,,78.0,252.0,26.101470588235294,3.0,Penn State,2018.0,2018.0,MIA,42.0,,0.17948718
2021,6,00-0034829,M.Gesicki,TE,MIA,JAX,0,0,0.0,0,0.0,0.0,0.0,0,0.0,0,9,8,115.0,0,11.5,19.5,,,78.0,252.0,26.101470588235294,3.0,Penn State,2018.0,2018.0,MIA,42.0,,0.19148937
2021,7,00-0034829,M.Gesicki,TE,MIA,ATL,0,0,0.0,0,0.0,0.0,0.0,0,0.0,0,8,7,85.0,1,14.5,21.5,,,78.0,252.0,26.101470588235294,3.0,Penn State,2018.0,2018.0,MIA,42.0,-2.0,0.2
2021,8,00-0034829,M.Gesicki,TE,MIA,BUF,0,0,0.0,0,0.0,0.0,0.0,0,0.0,0,4,3,48.0,0,6.8,9.8,,,78.0,252.0,26.101470588235294,3.0,Penn State,2018.0,2018.0,MIA,42.0,,0.11111111
2021,9,00-0034829,M.Gesicki,TE,MIA,HOU,0,0,0.0,0,0.0,0.0,0.0,0,0.0,0,8,4,54.0,0,5.4,9.4,,,78.0,252.0,26.101470588235294,3.0,Penn State,2018.0,2018.0,MIA,42.0,8.0,0.2
2021,10,00-0034829,M.Gesicki,TE,MIA,BAL,0,0,0.0,0,0.0,0.0,0.0,0,0.0,0,7,0,0.0,0,0.0,0.0,,,78.0,252.0,26.101470588235294,3.0,Penn State,2018.0,2018.0,MIA,42.0,12.0,0.20588236
2021,11,00-0034829,M.Gesicki,TE,MIA,NYJ,0,0,0.0,0,0.0,0.0,0.0,0,0.0,0,6,5,50.0,0,5.0,10.0,,,78.0,252.0,26.101470588235294,3.0,Penn State,2018.0,2018.0,MIA,42.0,,0.1764706
2021,12,00-0034829,M.Gesicki,TE,MIA,CAR,0,0,0.0,0,0.0,0.0,0.0,0,0.0,0,3,3,17.0,0,1.7,4.7,,,78.0,252.0,26.101470588235294,3.0,Penn State,2018.0,2018.0,MIA,42.0,23.0,0.09677419
2021,13,00-0034829,M.Gesicki,TE,MIA,NYG,0,0,0.0,0,0.0,0.0,0.0,0,0.0,0,11,7,46.0,0,4.6,11.6,,,78.0,252.0,26.101470588235294,3.0,Penn State,2018.0,2018.0,MIA,42.0,11.0,0.2682927
2021,15,00-0034829,M.Gesicki,TE,MIA,NYJ,0,0,0.0,0,0.0,0.0,0.0,0,0.0,0,8,5,43.0,0,4.3,9.3,,,78.0,252.0,26.101470588235294,3.0,Penn State,2018.0,2018.0,MIA,42.0,7.0,0.30769232
2021,16,00-0034829,M.Gesicki,TE,MIA,NO,0,0,0.0,0,0.0,0.0,0.0,0,0.0,0,4,3,22.0,0,2.2,5.2,,,78.0,252.0,26.101470588235294,3.0,Penn State,2018.0,2018.0,MIA,42.0,,0.15384616
2021,17,00-0034829,M.Gesicki,TE,MIA,TEN,0,1,0.0,0,0.0,0.0,-0.0,0,0.0,0,7,4,51.0,0,5.1,9.1,,,78.0,252.0,26.101470588235294,3.0,Penn State,2018.0,2018.0,MIA,42.0,,0.18421052
2021,18,00-0034829,M.Gesicki,TE,MIA,NE,0,0,0.0,0,0.0,0.0,0.0,0,0.0,0,3,2,22.0,0,2.2,4.2,,,78.0,252.0,26.101470588235294,3.0,Penn State,2018.0,2018.0,MIA,42.0,9.0,0.14285715
2021,1,00-0034830,H.Hurst,TE,ATL,PHI,0,0,0.0,0,0.0,0.0,0.0,0,0.0,0,4,4,28.0,0,2.8,6.8,,,76.0,245.0,28.21835294117647,3.0,South Carolina,2018.0,2018.0,BAL,25.0,-26.0,0.121212125
2021,2,00-0034830,H.Hurst,TE,ATL,TB,0,0,0.0,0,0.0,0.0,0.0,0,0.0,0,1,1,6.0,0,0.6,1.6,,,76.0,245.0,28.21835294117647,3.0,South Carolina,2018.0,2018.0,BAL,25.0,,0.020833334
2021,3,00-0034830,H.Hurst,TE,ATL,NYG,0,0,0.0,0,0.0,0.0,0.0,0,0.0,0,1,0,0.0,0,0.0,0.0,,,76.0,245.0,28.21835294117647,3.0,South Carolina,2018.0,2018.0,BAL,25.0,,0.027777778
2021,4,00-0034830,H.Hurst,TE,ATL,WAS,0,0,0.0,0,0.0,0.0,0.0,0,0.0,0,4,4,29.0,0,2.9,6.9,,,76.0,245.0,28.21835294117647,3.0,South Carolina,2018.0,2018.0,BAL,25.0,-4.0,0.1
2021,5,00-0034830,H.Hurst,TE,ATL,NYJ,0,0,0.0,0,0.0,0.0,0.0,0,0.0,0,5,4,40.0,1,8.0,12.0,,,76.0,245.0,28.21835294117647,3.0,South Carolina,2018.0,2018.0,BAL,25.0,7.0,0.11111111
2021,7,00-0034830,H.Hurst,TE,ATL,MIA,0,0,0.0,0,0.0,0.0,0.0,0,0.0,0,4,3,35.0,0,3.5,6.5,,,76.0,245.0,28.21835294117647,3.0,South Carolina,2018.0,2018.0,BAL,25.0,,0.102564104
2021,8,00-0034830,H.Hurst,TE,ATL,CAR,0,0,0.0,0,0.0,0.0,0.0,0,0.0,0,3,2,4.0,0,0.4,2.4,,,76.0,245.0,28.21835294117647,3.0,South Carolina,2018.0,2018.0,BAL,25.0,-6.0,0.11111111
2021,9,00-0034830,H.Hurst,TE,ATL,NO,0,0,0.0,0,0.0,0.0,0.0,0,0.0,0,3,2,16.0,0,1.6,3.6,,,76.0,245.0,28.21835294117647,3.0,South Carolina,2018.0,2018.0,BAL,25.0,,0.1
2021,14,00-0034830,H.Hurst,TE,ATL,CAR,0,0,0.0,0,0.0,0.0,0.0,0,0.0,0,1,1,3.0,1,6.3,7.3,,,76.0,245.0,28.21835294117647,3.0,South Carolina,2018.0,2018.0,BAL,25.0,,0.037037037
2021,15,00-0034830,H.Hurst,TE,ATL,SF,0,0,0.0,0,0.0,0.0,0.0,0,0.0,0,2,2,6.0,0,0.6,2.6,,,76.0,245.0,28.21835294117647,3.0,South Carolina,2018.0,2018.0,BAL,25.0,,0.06666667
2021,16,00-0034830,H.Hurst,TE,ATL,DET,0,0,0.0,0,0.0,0.0,0.0,0,0.0,0,2,2,21.0,1,8.1,10.1,,,76.0,245.0,28.21835294117647,3.0,South Carolina,2018.0,2018.0,BAL,25.0,4.0,0.09090909
2021,18,00-0034830,H.Hurst,TE,ATL,NO,0,0,0.0,0,0.0,0.0,0.0,0,0.0,0,1,1,33.0,0,3.3,4.3,,,76.0,245.0,28.21835294117647,3.0,South Carolina,2018.0,2018.0,BAL,25.0,-10.0,0.032258064
2021,1,00-0034837,C.Ridley,WR,ATL,PHI,0,0,0.0,0,0.0,0.0,0.0,0,0.0,0,8,5,51.0,0,5.1,10.1,,,73.0,190.0,26.896,3.0,Alabama,2018.0,2018.0,ATL,26.0,-26.0,0.24242425
2021,2,00-0034837,C.Ridley,WR,ATL,TB,0,0,0.0,0,0.0,0.0,0.0,0,0.0,0,10,7,63.0,1,12.3,19.3,,,73.0,190.0,26.896,3.0,Alabama,2018.0,2018.0,ATL,26.0,,0.20833333
2021,3,00-0034837,C.Ridley,WR,ATL,NYG,0,0,0.0,0,0.0,0.0,0.0,0,0.0,0,11,8,61.0,0,6.1,14.1,,,73.0,190.0,26.896,3.0,Alabama,2018.0,2018.0,ATL,26.0,,0.30555555
2021,4,00-0034837,C.Ridley,WR,ATL,WAS,0,0,0.0,0,0.0,0.0,0.0,0,0.0,0,13,7,80.0,0,8.0,15.0,,,73.0,190.0,26.896,3.0,Alabama,2018.0,2018.0,ATL,26.0,-4.0,0.325
2021,7,00-0034837,C.Ridley,WR,ATL,MIA,0,0,0.0,0,0.0,0.0,0.0,0,0.0,0,10,4,26.0,1,8.6,12.6,,,73.0,190.0,26.896,3.0,Alabama,2018.0,2018.0,ATL,26.0,,0.25641027
2021,3,00-0034838,R.Freeman,RB,CAR,HOU,0,0,0.0,0,0.0,0.0,0.0,5,17.0,0,1,1,8.0,0,2.5,3.5,,,72.0,238.0,25.712055555555555,3.0,Oregon,2018.0,2018.0,DEN,71.0,,0.030303031
2021,4,00-0034838,R.Freeman,RB,CAR,DAL,0,0,0.0,0,0.0,0.0,0.0,3,12.0,0,0,0,0.0,0,1.2,1.2,,,72.0,238.0,25.712055555555555,3.0,Oregon,2018.0,2018.0,DEN,71.0,,
2021,5,00-0034838,R.Freeman,RB,CAR,PHI,0,0,0.0,0,0.0,0.0,0.0,3,2.0,0,2,1,6.0,0,0.8,1.8,,,72.0,238.0,25.712055555555555,3.0,Oregon,2018.0,2018.0,DEN,71.0,-3.0,0.05882353
2021,6,00-0034838,R.Freeman,RB,CAR,MIN,0,0,0.0,0,0.0,0.0,0.0,1,3.0,0,0,0,0.0,0,0.3,0.3,,,72.0,238.0,25.712055555555555,3.0,Oregon,2018.0,2018.0,DEN,71.0,-6.0,
2021,7,00-0034838,R.Freeman,RB,CAR,NYG,0,0,0.0,0,0.0,0.0,0.0,3,18.0,0,2,1,1.0,0,1.9,2.9,,,72.0,238.0,25.712055555555555,3.0,Oregon,2018.0,2018.0,DEN,71.0,,0.05263158
2021,8,00-0034838,R.Freeman,RB,CAR,ATL,0,0,0.0,0,0.0,0.0,0.0,6,25.0,0,1,0,0.0,0,2.5,2.5,,,72.0,238.0,25.712055555555555,3.0,Oregon,2018.0,2018.0,DEN,71.0,,0.041666668
2021,13,00-0034838,R.Freeman,RB,HOU,IND,0,0,0.0,0,0.0,0.0,0.0,3,10.0,0,1,1,11.0,0,2.1,3.1,,,72.0,238.0,25.712055555555555,3.0,Oregon,2018.0,2018.0,DEN,71.0,-31.0,0.03846154
2021,14,00-0034838,R.Freeman,RB,HOU,SEA,0,0,0.0,0,0.0,0.0,0.0,11,15.0,0,8,6,51.0,0,6.6,12.6,,,72.0,238.0,25.712055555555555,3.0,Oregon,2018.0,2018.0,DEN,71.0,-20.0,0.16666667
2021,15,00-0034838,R.Freeman,RB,HOU,JAX,0,0,0.0,0,0.0,0.0,0.0,3,8.0,0,0,0,0.0,0,0.8,0.8,,,72.0,238.0,25.712055555555555,3.0,Oregon,2018.0,2018.0,DEN,71.0,,
2021,16,00-0034838,R.Freeman,RB,HOU,LAC,0,0,0.0,0,0.0,0.0,0.0,12,34.0,0,0,0,0.0,0,3.4,3.4,,,72.0,238.0,25.712055555555555,3.0,Oregon,2018.0,2018.0,DEN,71.0,12.0,
2021,17,00-0034838,R.Freeman,RB,HOU,SF,0,0,0.0,0,0.0,0.0,0.0,6,25.0,0,1,0,0.0,0,2.5,2.5,,,72.0,238.0,25.712055555555555,3.0,Oregon,2018.0,2018.0,DEN,71.0,,0.033333335
2021,1,00-0034844,S.Barkley,RB,NYG,DEN,0,0,0.0,0,0.0,0.0,0.0,10,26.0,0,3,1,1.0,0,2.7,3.7,,,72.0,233.0,24.750823529411765,3.0,Penn State,2018.0,2018.0,NYG,2.0,-14.0,0.083333336
2021,2,00-0034844,S.Barkley,RB,NYG,WAS,0,0,0.0,0,0.0,0.0,0.0,13,57.0,0,3,2,12.0,0,6.9,8.9,,,72.0,233.0,24.750823529411765,3.0,Penn State,2018.0,2018.0,NYG,2.0,,0.09375
2021,3,00-0034844,S.Barkley,RB,NYG,ATL,0,0,0.0,0,0.0,0.0,0.0,16,51.0,1,7,6,43.0,0,15.4,21.4,,,72.0,233.0,24.750823529411765,3.0,Penn State,2018.0,2018.0,NYG,2.0,-3.0,0.2
2021,4,00-0034844,S.Barkley,RB,NYG,NO,0,0,0.0,0,0.0,0.0,0.0,13,52.0,1,6,5,74.0,1,24.6,29.6,,,72.0,233.0,24.750823529411765,3.0,Penn State,2018.0,2018.0,NYG,2.0,,0.16666667
2021,5,00-0034844,S.Barkley,RB,NYG,DAL,0,0,0.0,0,0.0,0.0,0.0,2,9.0,0,1,0,0.0,0,0.9,0.9,,,72.0,233.0,24.750823529411765,3.0,Penn State,2018.0,2018.0,NYG,2.0,,0.027027028
2021,11,00-0034844,S.Barkley,RB,NYG,TB,0,0,0.0,0,0.0,0.0,0.0,6,25.0,0,6,6,31.0,0,5.6,11.6,,,72.0,233.0,24.750823529411765,3.0,Penn State,2018.0,2018.0,NYG,2.0,,0.16216215
2021,12,00-0034844,S.Barkley,RB,NYG,PHI,0,0,0.0,0,0.0,0.0,0.0,13,40.0,0,5,4,13.0,0,5.3,9.3,,,72.0,233.0,24.750823529411765,3.0,Penn State,2018.0,2018.0,NYG,2.0,6.0,0.1724138
2021,13,00-0034844,S.Barkley,RB,NYG,MIA,0,0,0.0,0,0.0,0.0,0.0,11,55.0,0,9,6,19.0,0,7.4,13.4,,,72.0,233.0,24.750823529411765,3.0,Penn State,2018.0,2018.0,NYG,2.0,,0.23684211
2021,14,00-0034844,S.Barkley,RB,NYG,LAC,0,0,0.0,0,0.0,0.0,0.0,16,64.0,0,3,3,31.0,1,15.5,18.5,,,72.0,233.0,24.750823529411765,3.0,Penn State,2018.0,2018.0,NYG,2.0,,0.0882353
2021,15,00-0034844,S.Barkley,RB,NYG,DAL,0,0,0.0,0,0.0,0.0,0.0,15,50.0,0,8,4,24.0,0,5.4,9.4,,,72.0,233.0,24.750823529411765,3.0,Penn State,2018.0,2018.0,NYG,2.0,-15.0,0.22222222
2021,16,00-0034844,S.Barkley,RB,NYG,PHI,0,0,0.0,0,0.0,0.0,0.0,15,32.0,0,1,1,-4.0,0,2.8,3.8,,,72.0,233.0,24.750823529411765,3.0,Penn State,2018.0,2018.0,NYG,2.0,,0.024390243
2021,17,00-0034844,S.Barkley,RB,NYG,CHI,0,0,0.0,0,0.0,0.0,0.0,21,102.0,0,1,0,0.0,0,10.2,10.2,,,72.0,233.0,24.750823529411765,3.0,Penn State,2018.0,2018.0,NYG,2.0,,0.09090909
2021,18,00-0034844,S.Barkley,RB,NYG,WAS,0,0,0.0,0,0.0,0.0,0.0,11,30.0,0,4,3,19.0,0,4.9,7.9,,,72.0,233.0,24.750823529411765,3.0,Penn State,2018.0,2018.0,NYG,2.0,-15.0,0.13333334
2021,1,00-0034845,S.Michel,RB,LA,CHI,0,0,0.0,0,0.0,0.0,0.0,1,2.0,0,0,0,0.0,0,0.2,0.2,,,71.0,215.0,26.770952380952384,3.0,Georgia,2018.0,2018.0,NE,31.0,20.0,
2021,2,00-0034845,S.Michel,RB,LA,IND,0,0,0.0,0,0.0,0.0,0.0,10,46.0,0,0,0,0.0,0,4.6,4.6,,,71.0,215.0,26.770952380952384,3.0,Georgia,2018.0,2018.0,NE,31.0,,
2021,3,00-0034845,S.Michel,RB,LA,TB,0,0,0.0,0,0.0,0.0,0.0,20,67.0,0,4,3,12.0,0,7.9,10.9,,,71.0,215.0,26.770952380952384,3.0,Georgia,2018.0,2018.0,NE,31.0,10.0,0.10526316
2021,4,00-0034845,S.Michel,RB,LA,ARI,0,0,0.0,0,0.0,0.0,0.0,3,11.0,0,0,0,0.0,0,-0.9,-0.9,,,71.0,215.0,26.770952380952384,3.0,Georgia,2018.0,2018.0,NE,31.0,-17.0,
2021,5,00-0034845,S.Michel,RB,LA,SEA,0,0,0.0,0,0.0,0.0,0.0,11,37.0,1,1,1,8.0,0,10.5,11.5,,,71.0,215.0,26.770952380952384,3.0,Georgia,2018.0,2018.0,NE,31.0,,0.028571429
2021,6,00-0034845,S.Michel,RB,LA,NYG,0,0,0.0,0,0.0,0.0,0.0,9,42.0,0,0,0,0.0,0,4.2,4.2,,,71.0,215.0,26.770952380952384,3.0,Georgia,2018.0,2018.0,NE,31.0,,
2021,7,00-0034845,S.Michel,RB,LA,DET,0,0,0.0,0,0.0,0.0,0.0,2,4.0,0,0,0,0.0,0,0.4,0.4,,,71.0,215.0,26.770952380952384,3.0,Georgia,2018.0,2018.0,NE,31.0,9.0,
2021,8,00-0034845,S.Michel,RB,LA,HOU,0,0,0.0,0,0.0,0.0,0.0,9,42.0,0,2,2,14.0,0,5.6,7.6,,,71.0,215.0,26.770952380952384,3.0,Georgia,2018.0,2018.0,NE,31.0,,0.05882353
2021,9,00-0034845,S.Michel,RB,LA,TEN,0,0,0.0,0,0.0,0.0,0.0,7,20.0,0,3,2,6.0,1,8.6,10.6,,,71.0,215.0,26.770952380952384,3.0,Georgia,2018.0,2018.0,NE,31.0,-12.0,0.06382979
2021,10,00-0034845,S.Michel,RB,LA,SF,0,0,0.0,0,0.0,0.0,0.0,4,20.0,0,2,2,11.0,0,3.1,5.1,,,71.0,215.0,26.770952380952384,3.0,Georgia,2018.0,2018.0,NE,31.0,,0.04761905
2021,12,00-0034845,S.Michel,RB,LA,GB,0,0,0.0,0,0.0,0.0,0.0,3,14.0,0,1,1,11.0,0,2.5,3.5,,,71.0,215.0,26.770952380952384,3.0,Georgia,2018.0,2018.0,NE,31.0,,0.025641026
2021,13,00-0034845,S.Michel,RB,LA,JAX,0,0,0.0,0,0.0,0.0,0.0,24,121.0,1,4,3,8.0,0,18.9,21.9,,,71.0,215.0,26.770952380952384,3.0,Georgia,2018.0,2018.0,NE,31.0,30.0,0.10810811
2021,14,00-0034845,S.Michel,RB,LA,ARI,0,0,0.0,0,0.0,0.0,0.0,20,79.0,0,1,0,0.0,0,7.9,7.9,,,71.0,215.0,26.770952380952384,3.0,Georgia,2018.0,2018.0,NE,31.0,,0.033333335
2021,15,00-0034845,S.Michel,RB,LA,SEA,0,0,0.0,0,0.0,0.0,0.0,18,92.0,0,2,2,23.0,0,11.5,13.5,,,71.0,215.0,26.770952380952384,3.0,Georgia,2018.0,2018.0,NE,31.0,10.0,0.06896552
2021,16,00-0034845,S.Michel,RB,LA,MIN,0,0,0.0,0,0.0,0.0,0.0,27,131.0,1,4,1,4.0,0,19.5,20.5,,,71.0,215.0,26.770952380952384,3.0,Georgia,2018.0,2018.0,NE,31.0,,0.10810811
2021,17,00-0034845,S.Michel,RB,LA,BAL,0,0,0.0,0,0.0,0.0,0.0,19,74.0,1,5,3,25.0,0,15.9,18.9,,,71.0,215.0,26.770952380952384,3.0,Georgia,2018.0,2018.0,NE,31.0,,0.14285715
2021,18,00-0034845,S.Michel,RB,LA,SF,0,0,0.0,0,0.0,0.0,0.0,21,43.0,0,4,1,6.0,0,4.9,5.9,,,71.0,215.0,26.770952380952384,3.0,Georgia,2018.0,2018.0,NE,31.0,-3.0,0.125
2021,19,00-0034845,S.Michel,RB,LA,ARI,0,0,0.0,0,0.0,0.0,0.0,13,58.0,0,0,0,0.0,0,5.8,5.8,,,71.0,215.0,26.770952380952384,3.0,Georgia,2018.0,2018.0,NE,31.0,23.0,
2021,20,00-0034845,S.Michel,RB,LA,TB,0,0,0.0,0,0.0,0.0,0.0,1,4.0,0,2,2,-4.0,0,0.0,2.0,,,71.0,215.0,26.770952380952384,3.0,Georgia,2018.0,2018.0,NE,31.0,,0.055555556
2021,21,00-0034845,S.Michel,RB,LA,SF,0,0,0.0,0,0.0,0.0,0.0,10,16.0,0,2,1,-4.0,0,1.2,2.2,,,71.0,215.0,26.770952380952384,3.0,Georgia,2018.0,2018.0,NE,31.0,3.0,0.04761905
2021,22,00-0034845,S.Michel,RB,LA,CIN,0,0,0.0,0,0.0,0.0,0.0,2,2.0,0,0,0,0.0,0,0.2,0.2,,,71.0,215.0,26.770952380952384,3.0,Georgia,2018.0,2018.0,NE,31.0,,
2021,3,00-0034854,K.Hodge,WR,DET,BAL,0,0,0.0,0,0.0,0.0,0.0,0,0.0,0,1,1,9.0,0,0.9,1.9,,,74.0,205.0,26.85441176470588,3.0,Prairie View,2018.0,2018.0,,,-2.0,0.035714287
2021,4,00-0034854,K.Hodge,WR,DET,CHI,0,0,0.0,0,0.0,0.0,0.0,0,0.0,0,1,1,13.0,0,1.3,2.3,,,74.0,205.0,26.85441176470588,3.0,Prairie View,2018.0,2018.0,,,,0.027027028
2021,5,00-0034854,K.Hodge,WR,DET,MIN,0,0,0.0,0,0.0,0.0,0.0,0,0.0,0,5,1,17.0,0,3.7,4.7,,,74.0,205.0,26.85441176470588,3.0,Prairie View,2018.0,2018.0,,,,0.16129032
2021,6,00-0034854,K.Hodge,WR,DET,CIN,0,0,0.0,0,0.0,0.0,0.0,0,0.0,0,4,2,9.0,0,0.9,2.9,,,74.0,205.0,26.85441176470588,3.0,Prairie View,2018.0,2018.0,,,-23.0,0.102564104
2021,7,00-0034854,K.Hodge,WR,DET,LA,0,0,0.0,0,0.0,0.0,0.0,0,0.0,0,1,1,3.0,0,0.3,1.3,,,74.0,205.0,26.85441176470588,3.0,Prairie View,2018.0,2018.0,,,,0.03125
2021,8,00-0034854,K.Hodge,WR,DET,PHI,0,0,0.0,0,0.0,0.0,0.0,0,0.0,0,2,0,0.0,0,0.0,0.0,,,74.0,205.0,26.85441176470588,3.0,Prairie View,2018.0,2018.0,,,-38.0,0.0625
2021,13,00-0034854,K.Hodge,WR,DET,MIN,0,0,0.0,0,0.0,0.0,0.0,0,0.0,0,1,1,9.0,0,0.9,1.9,,,74.0,205.0,26.85441176470588,3.0,Prairie View,2018.0,2018.0,,,2.0,0.02631579
2021,14,00-0034854,K.Hodge,WR,DET,DEN,0,0,0.0,0,0.0,0.0,0.0,0,0.0,0,1,0,0.0,0,0.0,0.0,,,74.0,205.0,26.85441176470588,3.0,Prairie View,2018.0,2018.0,,,,0.02631579
2021,16,00-0034854,K.Hodge,WR,DET,ATL,0,0,0.0,0,0.0,0.0,0.0,0,0.0,0,1,1,21.0,0,2.1,3.1,,,74.0,205.0,26.85441176470588,3.0,Prairie View,2018.0,2018.0,,,,0.028571429
2021,17,00-0034854,K.Hodge,WR,DET,SEA,0,0,0.0,0,0.0,0.0,0.0,0,0.0,0,10,5,76.0,0,7.6,12.6,,,74.0,205.0,26.85441176470588,3.0,Prairie View,2018.0,2018.0,,,,0.27027026
2021,1,00-0034855,B.Mayfield,QB,CLE,KC,21,28,321.0,0,1.0,2.0,17.0,1,7.0,0,0,0,0.0,0,11.54,11.54,,,73.0,215.0,26.573470588235296,3.0,Oklahoma,2018.0,2018.0,CLE,1.0,,
2021,2,00-0034855,B.Mayfield,QB,CLE,HOU,19,21,213.0,1,1.0,2.0,14.0,8,10.0,1,0,0,0.0,0,17.52,17.52,,,73.0,215.0,26.573470588235296,3.0,Oklahoma,2018.0,2018.0,CLE,1.0,10.0,
2021,3,00-0034855,B.Mayfield,QB,CLE,CHI,19,31,246.0,1,0.0,5.0,43.0,4,31.0,0,0,0,0.0,0,16.94,16.94,,,73.0,215.0,26.573470588235296,3.0,Oklahoma,2018.0,2018.0,CLE,1.0,20.0,
2021,4,00-0034855,B.Mayfield,QB,CLE,MIN,15,33,155.0,0,0.0,3.0,12.0,2,11.0,0,0,0,0.0,0,9.3,9.3,,,73.0,215.0,26.573470588235296,3.0,Oklahoma,2018.0,2018.0,CLE,1.0,,
2021,5,00-0034855,B.Mayfield,QB,CLE,LAC,23,32,305.0,2,0.0,1.0,4.0,2,8.0,0,0,0,0.0,0,23.0,23.0,,,73.0,215.0,26.573470588235296,3.0,Oklahoma,2018.0,2018.0,CLE,1.0,,
2021,6,00-0034855,B.Mayfield,QB,CLE,ARI,19,28,234.0,2,1.0,5.0,23.0,3,8.0,0,0,0,0.0,0,12.16,12.16,,,73.0,215.0,26.573470588235296,3.0,Oklahoma,2018.0,2018.0,CLE,1.0,-23.0,
2021,8,00-0034855,B.Mayfield,QB,CLE,PIT,20,31,225.0,0,0.0,4.0,15.0,1,5.0,0,0,0,0.0,0,9.5,9.5,,,73.0,215.0,26.573470588235296,3.0,Oklahoma,2018.0,2018.0,CLE,1.0,-5.0,
2021,9,00-0034855,B.Mayfield,QB,CLE,CIN,14,21,218.0,2,0.0,2.0,10.0,0,0.0,0,0,0,0.0,0,16.72,16.72,,,73.0,215.0,26.573470588235296,3.0,Oklahoma,2018.0,2018.0,CLE,1.0,,
2021,10,00-0034855,B.Mayfield,QB,CLE,NE,11,21,73.0,1,1.0,2.0,17.0,0,0.0,0,0,0,0.0,0,4.92,4.92,,,73.0,215.0,26.573470588235296,3.0,Oklahoma,2018.0,2018.0,CLE,1.0,,
2021,11,00-0034855,B.Mayfield,QB,CLE,DET,15,29,176.0,1,2.0,1.0,11.0,4,9.0,0,0,0,0.0,0,7.94,7.94,,,73.0,215.0,26.573470588235296,3.0,Oklahoma,2018.0,2018.0,CLE,1.0,3.0,
2021,12,00-0034855,B.Mayfield,QB,CLE,BAL,18,37,247.0,1,0.0,2.0,24.0,2,4.0,0,0,0,0.0,0,12.28,12.28,,,73.0,215.0,26.573470588235296,3.0,Oklahoma,2018.0,2018.0,CLE,1.0,,
2021,14,00-0034855,B.Mayfield,QB,CLE,BAL,22,32,190.0,2,1.0,0.0,-0.0,6,14.0,0,0,0,0.0,0,15.0,15.0,,,73.0,215.0,26.573470588235296,3.0,Oklahoma,2018.0,2018.0,CLE,1.0,2.0,
2021,16,00-0034855,B.Mayfield,QB,CLE,GB,21,36,222.0,2,4.0,5.0,33.0,2,11.0,0,0,0,0.0,0,9.98,9.98,,,73.0,215.0,26.573470588235296,3.0,Oklahoma,2018.0,2018.0,CLE,1.0,,
2021,17,00-0034855,B.Mayfield,QB,CLE,PIT,16,38,185.0,2,2.0,9.0,46.0,2,16.0,0,0,0,0.0,0,13.0,13.0,,,73.0,215.0,26.573470588235296,3.0,Oklahoma,2018.0,2018.0,CLE,1.0,,
2021,1,00-0034857,J.Allen,QB,BUF,PIT,30,51,270.0,1,0.0,3.0,16.0,9,44.0,0,0,0,0.0,0,17.2,17.2,,,77.0,237.0,25.49684210526316,3.0,Wyoming,2018.0,2018.0,BUF,7.0,-7.0,
2021,2,00-0034857,J.Allen,QB,BUF,MIA,17,33,179.0,2,1.0,1.0,8.0,5,35.0,0,0,0,0.0,0,16.66,16.66,,,77.0,237.0,25.49684210526316,3.0,Wyoming,2018.0,2018.0,BUF,7.0,,
2021,3,00-0034857,J.Allen,QB,BUF,WAS,32,43,358.0,4,0.0,0.0,-0.0,4,9.0,1,0,0,0.0,0,37.22,37.22,,,77.0,237.0,25.49684210526316,3.0,Wyoming,2018.0,2018.0,BUF,7.0,22.0,
2021,4,00-0034857,J.Allen,QB,BUF,HOU,20,30,248.0,2,1.0,1.0,5.0,6,41.0,0,0,0,0.0,0,20.02,20.02,,,77.0,237.0,25.49684210526316,3.0,Wyoming,2018.0,2018.0,BUF,7.0,40.0,
2021,5,00-0034857,J.Allen,QB,BUF,KC,15,26,315.0,3,0.0,0.0,-0.0,11,59.0,1,0,0,0.0,0,36.5,36.5,,,77.0,237.0,25.49684210526316,3.0,Wyoming,2018.0,2018.0,BUF,7.0,,
2021,6,00-0034857,J.Allen,QB,BUF,TEN,35,47,353.0,3,1.0,3.0,18.0,9,26.0,0,0,0,0.0,0,28.72,28.72,,,77.0,237.0,25.49684210526316,3.0,Wyoming,2018.0,2018.0,BUF,7.0,,
2021,8,00-0034857,J.Allen,QB,BUF,MIA,29,42,249.0,2,0.0,0.0,-0.0,8,55.0,1,0,0,0.0,0,29.46,29.46,,,77.0,237.0,25.49684210526316,3.0,Wyoming,2018.0,2018.0,BUF,7.0,15.0,
2021,9,00-0034857,J.Allen,QB,BUF,JAX,31,47,264.0,0,2.0,4.0,35.0,5,50.0,0,0,0,0.0,0,9.56,9.56,,,77.0,237.0,25.49684210526316,3.0,Wyoming,2018.0,2018.0,BUF,7.0,,
2021,10,00-0034857,J.Allen,QB,BUF,NYJ,21,28,366.0,2,1.0,2.0,16.0,2,3.0,0,0,0,0.0,0,20.94,20.94,,,77.0,237.0,25.49684210526316,3.0,Wyoming,2018.0,2018.0,BUF,7.0,,
2021,11,00-0034857,J.Allen,QB,BUF,IND,21,35,209.0,2,2.0,1.0,8.0,2,18.0,0,0,0,0.0,0,16.16,16.16,,,77.0,237.0,25.49684210526316,3.0,Wyoming,2018.0,2018.0,BUF,7.0,-26.0,
2021,12,00-0034857,J.Allen,QB,BUF,NO,23,28,260.0,4,2.0,2.0,12.0,8,43.0,0,0,0,0.0,0,26.7,26.7,,,77.0,237.0,25.49684210526316,3.0,Wyoming,2018.0,2018.0,BUF,7.0,,
2021,13,00-0034857,J.Allen,QB,BUF,NE,15,30,145.0,1,0.0,2.0,14.0,6,39.0,0,0,0,0.0,0,11.7,11.7,,,77.0,237.0,25.49684210526316,3.0,Wyoming,2018.0,2018.0,BUF,7.0,-4.0,
2021,14,00-0034857,J.Allen,QB,BUF,TB,36,54,308.0,2,1.0,3.0,15.0,12,109.0,1,0,0,0.0,0,35.22,35.22,,,77.0,237.0,25.49684210526316,3.0,Wyoming,2018.0,2018.0,BUF,7.0,,
2021,15,00-0034857,J.Allen,QB,BUF,CAR,19,34,210.0,3,1.0,4.0,17.0,3,24.0,0,0,0,0.0,0,20.8,20.8,,,77.0,237.0,25.49684210526316,3.0,Wyoming,2018.0,2018.0,BUF,7.0,17.0,
2021,16,00-0034857,J.Allen,QB,BUF,NE,30,47,314.0,3,0.0,0.0,-0.0,12,64.0,0,0,0,0.0,0,30.96,30.96,,,77.0,237.0,25.49684210526316,3.0,Wyoming,2018.0,2018.0,BUF,7.0,,
2021,17,00-0034857,J.Allen,QB,BUF,ATL,11,26,120.0,0,3.0,0.0,-0.0,15,81.0,2,0,0,0.0,0,20.9,20.9,,,77.0,237.0,25.49684210526316,3.0,Wyoming,2018.0,2018.0,BUF,7.0,14.0,
2021,18,00-0034857,J.Allen,QB,BUF,NYJ,24,45,239.0,2,0.0,0.0,-0.0,5,63.0,0,0,0,0.0,0,23.86,23.86,,,77.0,237.0,25.49684210526316,3.0,Wyoming,2018.0,2018.0,BUF,7.0,17.0,
2021,19,00-0034857,J.Allen,QB,BUF,NE,21,25,308.0,5,0.0,0.0,-0.0,6,66.0,0,0,0,0.0,0,38.92,38.92,,,77.0,237.0,25.49684210526316,3.0,Wyoming,2018.0,2018.0,BUF,7.0,30.0,
2021,20,00-0034857,J.Allen,QB,BUF,KC,27,37,329.0,4,0.0,2.0,16.0,11,68.0,0,0,0,0.0,0,37.96,37.96,,,77.0,237.0,25.49684210526316,3.0,Wyoming,2018.0,2018.0,BUF,7.0,,
2021,6,00-0034860,D.Pettis,WR,NYG,LA,0,0,0.0,0,0.0,0.0,0.0,0,0.0,0,11,5,48.0,0,4.8,9.8,,,73.0,195.0,26.05129411764706,3.0,Washington,2018.0,2018.0,SF,44.0,-27.0,0.22916667
2021,7,00-0034860,D.Pettis,WR,NYG,CAR,1,1,16.0,0,0.0,0.0,-0.0,0,0.0,0,5,5,39.0,1,10.54,15.54,,,73.0,195.0,26.05129411764706,3.0,Washington,2018.0,2018.0,SF,44.0,22.0,0.15151516
2021,6,00-0034867,M.Turner,WR,DAL,NE,0,0,0.0,0,0.0,0.0,0.0,0,0.0,0,1,0,0.0,0,0.0,0.0,,,74.0,200.0,25.792444444444445,3.0,Illinois,2018.0,2018.0,,,,0.020408163
2021,9,00-0034867,M.Turner,WR,DAL,DEN,0,0,0.0,0,0.0,0.0,0.0,0,0.0,0,7,5,33.0,2,15.3,20.3,,,74.0,200.0,25.792444444444445,3.0,Illinois,2018.0,2018.0,,,-14.0,0.17948718
2021,10,00-0034867,M.Turner,WR,DAL,ATL,0,0,0.0,0,0.0,0.0,0.0,0,0.0,0,1,1,7.0,0,0.7,1.7,,,74.0,200.0,25.792444444444445,3.0,Illinois,2018.0,2018.0,,,40.0,0.030303031
2021,11,00-0034867,M.Turner,WR,DAL,KC,0,0,0.0,0,0.0,0.0,0.0,0,0.0,0,2,1,11.0,0,1.1,2.1,,,74.0,200.0,25.792444444444445,3.0,Illinois,2018.0,2018.0,,,,0.04761905
2021,13,00-0034867,M.Turner,WR,DAL,NO,0,0,0.0,0,0.0,0.0,0.0,0,0.0,0,1,1,10.0,0,1.0,2.0,,,74.0,200.0,25.792444444444445,3.0,Illinois,2018.0,2018.0,,,,0.025
2021,15,00-0034867,M.Turner,WR,DAL,NYG,0,0,0.0,0,0.0,0.0,0.0,0,0.0,0,1,1,6.0,0,0.6,1.6,,,74.0,200.0,25.792444444444445,3.0,Illinois,2018.0,2018.0,,,,0.027027028
2021,16,00-0034867,M.Turner,WR,DAL,WAS,0,0,0.0,0,0.0,0.0,0.0,0,0.0,0,3,3,82.0,1,14.2,17.2,,,74.0,200.0,25.792444444444445,3.0,Illinois,2018.0,2018.0,,,42.0,0.07317073
2021,19,00-0034867,M.Turner,WR,DAL,SF,0,0,0.0,0,0.0,0.0,0.0,0,0.0,0,1,1,6.0,0,0.6,1.6,,,74.0,200.0,25.792444444444445,3.0,Illinois,2018.0,2018.0,,,-6.0,0.023809524
2021,1,00-0034869,S.Darnold,QB,CAR,NYJ,24,35,279.0,1,0.0,1.0,9.0,5,-1.0,1,0,0,0.0,0,19.06,19.06,,,75.0,225.0,24.42958823529412,3.0,Southern California,2018.0,2018.0,NYJ,3.0,5.0,
2021,2,00-0034869,S.Darnold,QB,CAR,NO,26,38,305.0,2,1.0,2.0,11.0,1,7.0,0,0,0,0.0,0,18.9,18.9,,,75.0,225.0,24.42958823529412,3.0,Southern California,2018.0,2018.0,NYJ,3.0,19.0,
2021,3,00-0034869,S.Darnold,QB,CAR,HOU,23,34,304.0,0,0.0,3.0,14.0,8,11.0,2,0,0,0.0,0,25.26,25.26,,,75.0,225.0,24.42958823529412,3.0,Southern California,2018.0,2018.0,NYJ,3.0,,
2021,4,00-0034869,S.Darnold,QB,CAR,DAL,26,39,301.0,2,2.0,5.0,35.0,6,35.0,2,0,0,0.0,0,31.54,31.54,,,75.0,225.0,24.42958823529412,3.0,Southern California,2018.0,2018.0,NYJ,3.0,,
2021,5,00-0034869,S.Darnold,QB,CAR,PHI,21,37,177.0,1,3.0,3.0,19.0,2,10.0,0,0,0,0.0,0,6.08,6.08,,,75.0,225.0,24.42958823529412,3.0,Southern California,2018.0,2018.0,NYJ,3.0,-3.0,
2021,6,00-0034869,S.Darnold,QB,CAR,MIN,17,41,207.0,1,1.0,4.0,19.0,4,48.0,0,0,0,0.0,0,15.08,15.08,,,75.0,225.0,24.42958823529412,3.0,Southern California,2018.0,2018.0,NYJ,3.0,-6.0,
2021,7,00-0034869,S.Darnold,QB,CAR,NYG,16,25,112.0,0,1.0,3.0,12.0,0,0.0,0,0,0,0.0,0,2.48,2.48,,,75.0,225.0,24.42958823529412,3.0,Southern California,2018.0,2018.0,NYJ,3.0,,
2021,8,00-0034869,S.Darnold,QB,CAR,ATL,13,24,129.0,0,0.0,0.0,-0.0,8,66.0,0,0,0,0.0,0,11.76,11.76,,,75.0,225.0,24.42958823529412,3.0,Southern California,2018.0,2018.0,NYJ,3.0,,
2021,9,00-0034869,S.Darnold,QB,CAR,NE,16,33,172.0,0,3.0,1.0,10.0,3,9.0,0,0,0,0.0,0,1.78,1.78,,,75.0,225.0,24.42958823529412,3.0,Southern California,2018.0,2018.0,NYJ,3.0,-18.0,
2021,16,00-0034869,S.Darnold,QB,CAR,TB,15,32,190.0,0,0.0,4.0,21.0,1,11.0,0,0,0,0.0,0,8.7,8.7,,,75.0,225.0,24.42958823529412,3.0,Southern California,2018.0,2018.0,NYJ,3.0,-26.0,
2021,17,00-0034869,S.Darnold,QB,CAR,NO,17,26,132.0,0,1.0,7.0,42.0,2,7.0,0,0,0,0.0,0,1.98,1.98,,,75.0,225.0,24.42958823529412,3.0,Southern California,2018.0,2018.0,NYJ,3.0,,
2021,18,00-0034869,S.Darnold,QB,CAR,TB,29,42,219.0,2,1.0,2.0,12.0,8,19.0,0,0,0,0.0,0,14.66,14.66,,,75.0,225.0,24.42958823529412,3.0,Southern California,2018.0,2018.0,NYJ,3.0,,
2021,6,00-0034899,J.Wolford,QB,LA,NYG,0,2,0.0,0,1.0,0.0,-0.0,2,-1.0,0,0,0,0.0,0,-2.1,-2.1,,,73.0,200.0,26.11114285714286,3.0,Wake Forest,2018.0,2018.0,,,,
2021,8,00-0034899,J.Wolford,QB,LA,HOU,1,2,5.0,0,0.0,1.0,8.0,0,0.0,0,0,0,0.0,0,0.2,0.2,,,73.0,200.0,26.11114285714286,3.0,Wake Forest,2018.0,2018.0,,,,
2021,4,00-0034903,T.Campbell,CB,LAC,LV,0,0,0.0,0,0.0,0.0,0.0,0,0.0,0,1,0,0.0,0,0.0,0.0,,,72.0,200.0,28.411882352941177,2.0,"Regina, Can.",2019.0,2019.0,,,14.0,0.02631579
2021,1,00-0034930,T.Benson,WR,DET,SF,0,0,0.0,0,0.0,0.0,0.0,0,0.0,0,6,3,19.0,0,1.9,4.9,,,72.0,180.0,24.817470588235295,2.0,East Central,2019.0,2019.0,,,-8.0,0.10714286
2021,2,00-0034930,T.Benson,WR,DET,GB,0,0,0.0,0,0.0,0.0,0.0,0,0.0,0,3,1,24.0,0,2.4,3.4,,,72.0,180.0,24.817470588235295,2.0,East Central,2019.0,2019.0,,,,0.08571429
2021,3,00-0034930,T.Benson,WR,DET,BAL,0,0,0.0,0,0.0,0.0,0.0,0,0.0,0,1,0,0.0,0,0.0,0.0,,,72.0,180.0,24.817470588235295,2.0,East Central,2019.0,2019.0,,,-2.0,0.035714287
2021,4,00-0034930,T.Benson,WR,DET,CHI,0,0,0.0,0,0.0,0.0,0.0,0,0.0,0,3,2,12.0,0,1.2,3.2,,,72.0,180.0,24.817470588235295,2.0,East Central,2019.0,2019.0,,,,0.08108108
2021,5,00-0034930,T.Benson,WR,DET,MIN,0,0,0.0,0,0.0,0.0,0.0,0,0.0,0,2,0,0.0,0,0.0,0.0,,,72.0,180.0,24.817470588235295,2.0,East Central,2019.0,2019.0,,,,0.06451613
2021,10,00-0034930,T.Benson,WR,DET,PIT,0,0,0.0,0,0.0,0.0,0.0,0,0.0,0,3,2,17.0,0,1.7,3.7,,,72.0,180.0,24.817470588235295,2.0,East Central,2019.0,2019.0,,,,0.125
2021,17,00-0034930,T.Benson,WR,DET,SEA,0,0,0.0,0,0.0,0.0,0.0,0,0.0,0,4,2,31.0,0,3.1,5.1,,,72.0,180.0,24.817470588235295,2.0,East Central,2019.0,2019.0,,,,0.10810811
2021,17,00-0034955,B.Rypien,QB,DEN,LAC,0,2,0.0,0,0.0,0.0,-0.0,0,0.0,0,0,0,0.0,0,0.0,0.0,,,74.0,200.0,25.337823529411764,2.0,Boise State,2019.0,2019.0,,,,
2021,1,00-0034960,J.Meyers,WR,NE,MIA,0,0,0.0,0,0.0,0.0,0.0,0,0.0,0,9,6,44.0,0,4.4,10.4,,,74.0,200.0,25.008166666666668,2.0,North Carolina State,2019.0,2019.0,,,-1.0,0.23684211
2021,2,00-0034960,J.Meyers,WR,NE,NYJ,0,0,0.0,0,0.0,0.0,0.0,0,0.0,0,6,4,38.0,0,3.8,7.8,,,74.0,200.0,25.008166666666668,2.0,North Carolina State,2019.0,2019.0,,,,0.21428572
2021,3,00-0034960,J.Meyers,WR,NE,NO,0,0,0.0,0,0.0,0.0,0.0,0,0.0,0,14,9,94.0,0,9.4,18.4,,,74.0,200.0,25.008166666666668,2.0,North Carolina State,2019.0,2019.0,,,-15.0,0.27450982
2021,4,00-0034960,J.Meyers,WR,NE,TB,2,2,45.0,0,0.0,0.0,-0.0,0,0.0,0,12,8,70.0,0,8.8,16.8,,,74.0,200.0,25.008166666666668,2.0,North Carolina State,2019.0,2019.0,,,-2.0,0.2857143
2021,5,00-0034960,J.Meyers,WR,NE,HOU,0,0,0.0,0,0.0,0.0,0.0,0,0.0,0,5,4,56.0,0,5.6,9.6,,,74.0,200.0,25.008166666666668,2.0,North Carolina State,2019.0,2019.0,,,,0.17857143
2021,6,00-0034960,J.Meyers,WR,NE,DAL,0,0,0.0,0,0.0,0.0,0.0,0,0.0,0,6,5,44.0,0,6.4,11.4,,,74.0,200.0,25.008166666666668,2.0,North Carolina State,2019.0,2019.0,,,-6.0,0.2857143
2021,7,00-0034960,J.Meyers,WR,NE,NYJ,0,0,0.0,0,0.0,0.0,0.0,0,0.0,0,7,5,44.0,0,4.4,9.4,,,74.0,200.0,25.008166666666668,2.0,North Carolina State,2019.0,2019.0,,,41.0,0.175
2021,8,00-0034960,J.Meyers,WR,NE,LAC,0,0,0.0,0,0.0,0.0,0.0,0,0.0,0,9,4,36.0,0,5.6,9.6,,,74.0,200.0,25.008166666666668,2.0,North Carolina State,2019.0,2019.0,,,,0.2647059
2021,9,00-0034960,J.Meyers,WR,NE,CAR,0,0,0.0,0,0.0,0.0,0.0,0,0.0,0,4,1,8.0,0,0.8,1.8,,,74.0,200.0,25.008166666666668,2.0,North Carolina State,2019.0,2019.0,,,,0.22222222
2021,10,00-0034960,J.Meyers,WR,NE,CLE,0,0,0.0,0,0.0,0.0,0.0,0,0.0,0,4,4,49.0,1,10.9,14.9,,,74.0,200.0,25.008166666666668,2.0,North Carolina State,2019.0,2019.0,,,38.0,0.16
2021,11,00-0034960,J.Meyers,WR,NE,ATL,0,0,0.0,0,0.0,0.0,0.0,0,0.0,0,6,4,39.0,0,3.9,7.9,,,74.0,200.0,25.008166666666668,2.0,North Carolina State,2019.0,2019.0,,,,0.23076923
2021,12,00-0034960,J.Meyers,WR,NE,TEN,0,0,0.0,0,0.0,0.0,0.0,0,0.0,0,8,5,98.0,0,9.8,14.8,,,74.0,200.0,25.008166666666668,2.0,North Carolina State,2019.0,2019.0,,,23.0,0.25
2021,15,00-0034960,J.Meyers,WR,NE,IND,0,0,0.0,0,0.0,0.0,0.0,1,9.0,0,12,6,44.0,0,5.3,11.3,,,74.0,200.0,25.008166666666668,2.0,North Carolina State,2019.0,2019.0,,,,0.27272728
2021,16,00-0034960,J.Meyers,WR,NE,BUF,0,0,0.0,0,0.0,0.0,0.0,0,0.0,0,8,6,59.0,0,5.9,11.9,,,74.0,200.0,25.008166666666668,2.0,North Carolina State,2019.0,2019.0,,,-12.0,0.2580645
2021,17,00-0034960,J.Meyers,WR,NE,JAX,0,0,0.0,0,0.0,0.0,0.0,0,0.0,0,8,8,73.0,1,13.3,21.3,,,74.0,200.0,25.008166666666668,2.0,North Carolina State,2019.0,2019.0,,,40.0,0.24242425
2021,18,00-0034960,J.Meyers,WR,NE,MIA,0,0,0.0,0,0.0,0.0,0.0,0,0.0,0,8,4,70.0,0,5.0,9.0,,,74.0,200.0,25.008166666666668,2.0,North Carolina State,2019.0,2019.0,,,,0.26666668
2021,19,00-0034960,J.Meyers,WR,NE,BUF,0,0,0.0,0,0.0,0.0,0.0,0,0.0,0,9,6,40.0,0,4.0,10.0,,,74.0,200.0,25.008166666666668,2.0,North Carolina State,2019.0,2019.0,,,,0.25714287
2021,1,00-0034972,A.Mattison,RB,MIN,CIN,0,0,0.0,0,0.0,0.0,0.0,1,2.0,0,1,1,4.0,0,0.6,1.6,,,71.0,220.0,23.398764705882353,2.0,Boise State,2019.0,2019.0,MIN,102.0,,0.021276595
2021,2,00-0034972,A.Mattison,RB,MIN,ARI,0,0,0.0,0,0.0,0.0,0.0,3,11.0,0,1,1,17.0,0,2.8,3.8,,,71.0,220.0,23.398764705882353,2.0,Boise State,2019.0,2019.0,MIN,102.0,,0.03125
2021,3,00-0034972,A.Mattison,RB,MIN,SEA,0,0,0.0,0,0.0,0.0,0.0,26,112.0,0,8,6,59.0,0,17.1,23.1,,,71.0,220.0,23.398764705882353,2.0,Boise State,2019.0,2019.0,MIN,102.0,13.0,0.21052632
2021,4,00-0034972,A.Mattison,RB,MIN,CLE,0,0,0.0,0,0.0,0.0,0.0,10,20.0,0,0,0,0.0,0,2.0,2.0,,,71.0,220.0,23.398764705882353,2.0,Boise State,2019.0,2019.0,MIN,102.0,-7.0,
2021,5,00-0034972,A.Mattison,RB,MIN,DET,0,0,0.0,0,0.0,0.0,0.0,25,113.0,0,7,7,40.0,1,19.3,26.3,,,71.0,220.0,23.398764705882353,2.0,Boise State,2019.0,2019.0,MIN,102.0,2.0,0.22580644
2021,6,00-0034972,A.Mattison,RB,MIN,CAR,0,0,0.0,0,0.0,0.0,0.0,3,10.0,0,0,0,0.0,0,1.0,1.0,,,71.0,220.0,23.398764705882353,2.0,Boise State,2019.0,2019.0,MIN,102.0,,
2021,8,00-0034972,A.Mattison,RB,MIN,DAL,0,0,0.0,0,0.0,0.0,0.0,2,5.0,0,2,2,-5.0,0,0.0,2.0,,,71.0,220.0,23.398764705882353,2.0,Boise State,2019.0,2019.0,MIN,102.0,-4.0,0.060606062
2021,9,00-0034972,A.Mattison,RB,MIN,BAL,0,0,0.0,0,0.0,0.0,0.0,4,0.0,0,1,1,3.0,0,0.3,1.3,,,71.0,220.0,23.398764705882353,2.0,Boise State,2019.0,2019.0,MIN,102.0,,0.035714287
2021,10,00-0034972,A.Mattison,RB,MIN,LAC,0,0,0.0,0,0.0,0.0,0.0,4,16.0,0,1,1,24.0,0,4.0,5.0,,,71.0,220.0,23.398764705882353,2.0,Boise State,2019.0,2019.0,MIN,102.0,,0.028571429
2021,11,00-0034972,A.Mattison,RB,MIN,GB,0,0,0.0,0,0.0,0.0,0.0,3,5.0,0,1,0,0.0,0,0.5,0.5,,,71.0,220.0,23.398764705882353,2.0,Boise State,2019.0,2019.0,MIN,102.0,3.0,0.029411765
2021,12,00-0034972,A.Mattison,RB,MIN,SF,0,0,0.0,0,0.0,0.0,0.0,7,21.0,1,3,2,7.0,0,8.8,10.8,,,71.0,220.0,23.398764705882353,2.0,Boise State,2019.0,2019.0,MIN,102.0,,0.09375
2021,13,00-0034972,A.Mattison,RB,MIN,DET,0,0,0.0,0,0.0,0.0,0.0,22,90.0,1,3,3,34.0,0,18.4,21.4,,,71.0,220.0,23.398764705882353,2.0,Boise State,2019.0,2019.0,MIN,102.0,,0.07317073
2021,14,00-0034972,A.Mattison,RB,MIN,PIT,0,0,0.0,0,0.0,0.0,0.0,6,27.0,0,1,0,0.0,0,2.7,2.7,,,71.0,220.0,23.398764705882353,2.0,Boise State,2019.0,2019.0,MIN,102.0,8.0,0.032258064
2021,16,00-0034972,A.Mattison,RB,MIN,LA,0,0,0.0,0,0.0,0.0,0.0,13,41.0,1,4,3,29.0,0,13.0,16.0,,,71.0,220.0,23.398764705882353,2.0,Boise State,2019.0,2019.0,MIN,102.0,-7.0,0.114285715
2021,17,00-0034972,A.Mattison,RB,MIN,GB,0,0,0.0,0,0.0,0.0,0.0,0,0.0,0,5,4,13.0,0,1.3,5.3,,,71.0,220.0,23.398764705882353,2.0,Boise State,2019.0,2019.0,MIN,102.0,,0.13513513
2021,18,00-0034972,A.Mattison,RB,MIN,CHI,0,0,0.0,0,0.0,0.0,0.0,5,18.0,0,1,1,3.0,0,2.1,3.1,,,71.0,220.0,23.398764705882353,2.0,Boise State,2019.0,2019.0,MIN,102.0,14.0,0.04761905
2021,2,00-0034981,F.Moreau,TE,LV,PIT,0,0,0.0,0,0.0,0.0,0.0,0,0.0,0,3,2,34.0,1,9.4,11.4,,,76.0,250.0,24.527666666666665,2.0,Louisiana State,2019.0,2019.0,OAK,137.0,,0.08108108
2021,3,00-0034981,F.Moreau,TE,LV,MIA,0,0,0.0,0,0.0,0.0,0.0,0,0.0,0,2,1,8.0,0,0.8,1.8,,,76.0,250.0,24.527666666666665,2.0,Louisiana State,2019.0,2019.0,OAK,137.0,3.0,0.05
2021,6,00-0034981,F.Moreau,TE,LV,DEN,0,0,0.0,0,0.0,0.0,0.0,0,0.0,0,1,1,11.0,0,1.1,2.1,,,76.0,250.0,24.527666666666665,2.0,Louisiana State,2019.0,2019.0,OAK,137.0,,0.04
2021,7,00-0034981,F.Moreau,TE,LV,PHI,0,0,0.0,0,0.0,0.0,0.0,0,0.0,0,6,6,60.0,1,12.0,18.0,,,76.0,250.0,24.527666666666665,2.0,Louisiana State,2019.0,2019.0,OAK,137.0,11.0,0.1764706
2021,11,00-0034981,F.Moreau,TE,LV,CIN,0,0,0.0,0,0.0,0.0,0.0,0,0.0,0,2,1,19.0,1,7.9,8.9,,,76.0,250.0,24.527666666666665,2.0,Louisiana State,2019.0,2019.0,OAK,137.0,-19.0,0.08
2021,12,00-0034981,F.Moreau,TE,LV,DAL,0,0,0.0,0,0.0,0.0,0.0,0,0.0,0,5,1,3.0,0,0.3,1.3,,,76.0,250.0,24.527666666666665,2.0,Louisiana State,2019.0,2019.0,OAK,137.0,,0.13157895
2021,13,00-0034981,F.Moreau,TE,LV,WAS,0,0,0.0,0,0.0,0.0,0.0,0,0.0,0,3,1,34.0,0,3.4,4.4,,,76.0,250.0,24.527666666666665,2.0,Louisiana State,2019.0,2019.0,OAK,137.0,-2.0,0.083333336
2021,14,00-0034981,F.Moreau,TE,LV,KC,0,0,0.0,0,0.0,0.0,0.0,0,0.0,0,6,3,13.0,0,1.3,4.3,,,76.0,250.0,24.527666666666665,2.0,Louisiana State,2019.0,2019.0,OAK,137.0,,0.13953489
2021,15,00-0034981,F.Moreau,TE,LV,CLE,0,0,0.0,0,0.0,0.0,0.0,0,0.0,0,9,7,65.0,0,6.5,13.5,,,76.0,250.0,24.527666666666665,2.0,Louisiana State,2019.0,2019.0,OAK,137.0,,0.25
2021,16,00-0034981,F.Moreau,TE,LV,DEN,0,0,0.0,0,0.0,0.0,0.0,0,0.0,0,4,4,67.0,0,6.7,10.7,,,76.0,250.0,24.527666666666665,2.0,Louisiana State,2019.0,2019.0,OAK,137.0,4.0,0.16
2021,17,00-0034981,F.Moreau,TE,LV,IND,0,0,0.0,0,0.0,0.0,0.0,0,0.0,0,1,1,9.0,0,0.9,1.9,,,76.0,250.0,24.527666666666665,2.0,Louisiana State,2019.0,2019.0,OAK,137.0,,0.03125
2021,18,00-0034981,F.Moreau,TE,LV,LAC,0,0,0.0,0,0.0,0.0,0.0,0,0.0,0,2,2,50.0,0,5.0,7.0,,,76.0,250.0,24.527666666666665,2.0,Louisiana State,2019.0,2019.0,OAK,137.0,3.0,0.060606062
2021,19,00-0034981,F.Moreau,TE,LV,CIN,0,0,0.0,0,0.0,0.0,0.0,0,0.0,0,3,0,0.0,0,0.0,0.0,,,76.0,250.0,24.527666666666665,2.0,Louisiana State,2019.0,2019.0,OAK,137.0,,0.06122449
2021,1,00-0034983,H.Renfrow,WR,LV,BAL,0,0,0.0,0,0.0,0.0,0.0,0,0.0,0,9,6,70.0,0,7.0,13.0,,,70.0,185.0,25.902055555555553,2.0,Clemson,2019.0,2019.0,OAK,149.0,6.0,0.17307693
2021,2,00-0034983,H.Renfrow,WR,LV,PIT,0,0,0.0,0,0.0,0.0,0.0,0,0.0,0,7,5,57.0,0,5.7,10.7,,,70.0,185.0,25.902055555555553,2.0,Clemson,2019.0,2019.0,OAK,149.0,,0.1891892
2021,3,00-0034983,H.Renfrow,WR,LV,MIA,0,0,0.0,0,0.0,0.0,0.0,0,0.0,0,6,5,77.0,1,13.7,18.7,,,70.0,185.0,25.902055555555553,2.0,Clemson,2019.0,2019.0,OAK,149.0,3.0,0.15
2021,4,00-0034983,H.Renfrow,WR,LV,LAC,0,0,0.0,0,0.0,0.0,0.0,0,0.0,0,8,6,45.0,1,10.5,16.5,,,70.0,185.0,25.902055555555553,2.0,Clemson,2019.0,2019.0,OAK,149.0,,0.25
2021,5,00-0034983,H.Renfrow,WR,LV,CHI,0,0,0.0,0,0.0,0.0,0.0,0,0.0,0,8,6,56.0,0,5.6,11.6,,,70.0,185.0,25.902055555555553,2.0,Clemson,2019.0,2019.0,OAK,149.0,-11.0,0.22857143
2021,6,00-0034983,H.Renfrow,WR,LV,DEN,0,0,0.0,0,0.0,0.0,0.0,0,0.0,0,5,3,36.0,0,3.6,6.6,,,70.0,185.0,25.902055555555553,2.0,Clemson,2019.0,2019.0,OAK,149.0,,0.2
2021,7,00-0034983,H.Renfrow,WR,LV,PHI,0,0,0.0,0,0.0,0.0,0.0,0,0.0,0,8,7,58.0,0,5.8,12.8,,,70.0,185.0,25.902055555555553,2.0,Clemson,2019.0,2019.0,OAK,149.0,11.0,0.23529412
2021,9,00-0034983,H.Renfrow,WR,LV,NYG,0,0,0.0,0,0.0,0.0,0.0,0,0.0,0,9,7,49.0,1,10.9,17.9,,,70.0,185.0,25.902055555555553,2.0,Clemson,2019.0,2019.0,OAK,149.0,,0.19565217
2021,10,00-0034983,H.Renfrow,WR,LV,KC,0,0,0.0,0,0.0,0.0,0.0,0,0.0,0,9,7,46.0,1,10.6,17.6,,,70.0,185.0,25.902055555555553,2.0,Clemson,2019.0,2019.0,OAK,149.0,-27.0,0.2647059
2021,11,00-0034983,H.Renfrow,WR,LV,CIN,0,0,0.0,0,0.0,0.0,0.0,1,5.0,0,4,4,30.0,0,3.5,7.5,,,70.0,185.0,25.902055555555553,2.0,Clemson,2019.0,2019.0,OAK,149.0,-19.0,0.16
2021,12,00-0034983,H.Renfrow,WR,LV,DAL,0,0,0.0,0,0.0,0.0,0.0,1,2.0,0,9,8,134.0,0,13.6,21.6,,,70.0,185.0,25.902055555555553,2.0,Clemson,2019.0,2019.0,OAK,149.0,,0.23684211
2021,13,00-0034983,H.Renfrow,WR,LV,WAS,0,0,0.0,0,0.0,0.0,0.0,0,0.0,0,10,9,102.0,0,10.2,19.2,,,70.0,185.0,25.902055555555553,2.0,Clemson,2019.0,2019.0,OAK,149.0,-2.0,0.2777778
2021,14,00-0034983,H.Renfrow,WR,LV,KC,0,0,0.0,0,0.0,0.0,0.0,0,0.0,0,14,13,117.0,1,15.7,28.7,,,70.0,185.0,25.902055555555553,2.0,Clemson,2019.0,2019.0,OAK,149.0,,0.3255814
2021,15,00-0034983,H.Renfrow,WR,LV,CLE,0,0,0.0,0,0.0,0.0,0.0,0,0.0,0,5,3,32.0,0,3.2,6.2,,,70.0,185.0,25.902055555555553,2.0,Clemson,2019.0,2019.0,OAK,149.0,,0.1388889
2021,16,00-0034983,H.Renfrow,WR,LV,DEN,0,0,0.0,0,0.0,0.0,0.0,0,0.0,0,3,3,40.0,1,10.0,13.0,,,70.0,185.0,25.902055555555553,2.0,Clemson,2019.0,2019.0,OAK,149.0,4.0,0.12
2021,17,00-0034983,H.Renfrow,WR,LV,IND,0,0,0.0,0,0.0,0.0,0.0,0,0.0,0,9,7,76.0,1,13.6,20.6,,,70.0,185.0,25.902055555555553,2.0,Clemson,2019.0,2019.0,OAK,149.0,,0.28125
2021,18,00-0034983,H.Renfrow,WR,LV,LAC,0,0,0.0,0,0.0,0.0,0.0,1,-4.0,0,5,4,13.0,2,12.9,16.9,,,70.0,185.0,25.902055555555553,2.0,Clemson,2019.0,2019.0,OAK,149.0,3.0,0.15151516
2021,19,00-0034983,H.Renfrow,WR,LV,CIN,0,0,0.0,0,0.0,0.0,0.0,0,0.0,0,11,8,58.0,0,5.8,13.8,,,70.0,185.0,25.902055555555553,2.0,Clemson,2019.0,2019.0,OAK,149.0,,0.2244898
2021,10,00-0034987,E.Speed,OLB,IND,IND,0,0,0.0,0,0.0,0.0,0.0,0,0.0,0,0,0,0.0,0,6.0,6.0,,,76.0,230.0,26.440529411764707,2.0,Tarleton State,2019.0,2019.0,IND,164.0,6.0,
2021,15,00-0034987,E.Speed,OLB,IND,IND,0,0,0.0,0,0.0,0.0,0.0,0,0.0,0,0,0,0.0,0,6.0,6.0,,,76.0,230.0,26.440529411764707,2.0,Tarleton State,2019.0,2019.0,IND,164.0,10.0,
2021,2,00-0034988,K.Smith,TE,NYG,WAS,0,0,0.0,0,0.0,0.0,0.0,0,0.0,0,2,2,24.0,0,2.4,4.4,,,77.0,252.0,24.548235294117646,2.0,Stanford,2019.0,2019.0,SF,176.0,,0.0625
2021,3,00-0034988,K.Smith,TE,NYG,ATL,0,0,0.0,0,0.0,0.0,0.0,0,0.0,0,1,1,9.0,0,0.9,1.9,,,77.0,252.0,24.548235294117646,2.0,Stanford,2019.0,2019.0,SF,176.0,-3.0,0.028571429
2021,2,00-0035021,A.Dulin,WR,IND,LA,0,0,0.0,0,0.0,0.0,0.0,0,0.0,0,2,1,10.0,0,1.0,2.0,,,74.0,215.0,24.485764705882353,2.0,Malone,2019.0,2019.0,,,-3.0,0.057142857
2021,3,00-0035021,A.Dulin,WR,IND,TEN,0,0,0.0,0,0.0,0.0,0.0,1,-7.0,0,0,0,0.0,0,-0.7,-0.7,,,74.0,215.0,24.485764705882353,2.0,Malone,2019.0,2019.0,,,,
2021,4,00-0035021,A.Dulin,WR,IND,MIA,0,0,0.0,0,0.0,0.0,0.0,0,0.0,0,1,1,17.0,0,1.7,2.7,,,74.0,215.0,24.485764705882353,2.0,Malone,2019.0,2019.0,,,,0.03125
2021,5,00-0035021,A.Dulin,WR,IND,BAL,0,0,0.0,0,0.0,0.0,0.0,0,0.0,0,2,2,13.0,0,1.3,3.3,,,74.0,215.0,24.485764705882353,2.0,Malone,2019.0,2019.0,,,,0.05882353
2021,6,00-0035021,A.Dulin,WR,IND,HOU,0,0,0.0,0,0.0,0.0,0.0,0,0.0,0,1,1,7.0,0,0.7,1.7,,,74.0,215.0,24.485764705882353,2.0,Malone,2019.0,2019.0,,,28.0,0.055555556
2021,7,00-0035021,A.Dulin,WR,IND,SF,0,0,0.0,0,0.0,0.0,0.0,0,0.0,0,4,2,0.0,0,0.0,2.0,,,74.0,215.0,24.485764705882353,2.0,Malone,2019.0,2019.0,,,,0.15384616
2021,8,00-0035021,A.Dulin,WR,IND,TEN,0,0,0.0,0,0.0,0.0,0.0,0,0.0,0,4,0,0.0,0,0.0,0.0,,,74.0,215.0,24.485764705882353,2.0,Malone,2019.0,2019.0,,,-3.0,0.083333336
2021,9,00-0035021,A.Dulin,WR,IND,NYJ,0,0,0.0,0,0.0,0.0,0.0,0,0.0,0,2,2,23.0,0,2.3,4.3,,,74.0,215.0,24.485764705882353,2.0,Malone,2019.0,2019.0,,,15.0,0.06896552
2021,10,00-0035021,A.Dulin,WR,IND,JAX,0,0,0.0,0,0.0,0.0,0.0,0,0.0,0,1,1,16.0,0,1.6,2.6,,,74.0,215.0,24.485764705882353,2.0,Malone,2019.0,2019.0,,,6.0,0.030303031
2021,12,00-0035021,A.Dulin,WR,IND,TB,0,0,0.0,0,0.0,0.0,0.0,0,0.0,0,1,1,62.0,1,12.2,13.2,,,74.0,215.0,24.485764705882353,2.0,Malone,2019.0,2019.0,,,-7.0,0.023255814
2021,13,00-0035021,A.Dulin,WR,IND,HOU,0,0,0.0,0,0.0,0.0,0.0,0,0.0,0,1,1,2.0,1,6.2,7.2,,,74.0,215.0,24.485764705882353,2.0,Malone,2019.0,2019.0,,,,0.045454547
2021,15,00-0035021,A.Dulin,WR,IND,NE,0,0,0.0,0,0.0,0.0,0.0,2,39.0,0,0,0,0.0,0,3.9,3.9,,,74.0,215.0,24.485764705882353,2.0,Malone,2019.0,2019.0,,,10.0,
2021,16,00-0035021,A.Dulin,WR,IND,ARI,0,0,0.0,0,0.0,0.0,0.0,0,0.0,0,2,1,23.0,0,2.3,3.3,,,74.0,215.0,24.485764705882353,2.0,Malone,2019.0,2019.0,,,,0.071428575
2021,17,00-0035021,A.Dulin,WR,IND,LV,0,0,0.0,0,0.0,0.0,0.0,0,0.0,0,1,0,0.0,0,0.0,0.0,,,74.0,215.0,24.485764705882353,2.0,Malone,2019.0,2019.0,,,-3.0,0.041666668
2021,3,00-0035022,P.Hart,WR,SEA,MIN,0,0,0.0,0,0.0,0.0,0.0,0,0.0,0,2,1,7.0,0,0.7,1.7,,,68.0,180.0,25.351882352941175,2.0,Georgia State,2019.0,2019.0,,,,0.071428575
2021,5,00-0035022,P.Hart,WR,SEA,LA,0,0,0.0,0,0.0,0.0,0.0,0,0.0,0,2,2,19.0,0,1.9,3.9,,,68.0,180.0,25.351882352941175,2.0,Georgia State,2019.0,2019.0,,,-9.0,0.0625
2021,6,00-0035022,P.Hart,WR,SEA,PIT,0,0,0.0,0,0.0,0.0,0.0,0,0.0,0,1,1,12.0,0,1.2,2.2,,,68.0,180.0,25.351882352941175,2.0,Georgia State,2019.0,2019.0,,,,0.032258064
2021,7,00-0035022,P.Hart,WR,SEA,NO,0,0,0.0,0,0.0,0.0,0.0,0,0.0,0,1,0,0.0,0,0.0,0.0,,,68.0,180.0,25.351882352941175,2.0,Georgia State,2019.0,2019.0,,,-3.0,0.05263158
2021,10,00-0035022,P.Hart,WR,SEA,GB,0,0,0.0,0,0.0,0.0,0.0,0,0.0,0,2,0,0.0,0,0.0,0.0,,,68.0,180.0,25.351882352941175,2.0,Georgia State,2019.0,2019.0,,,,0.05263158
2021,11,00-0035022,P.Hart,WR,SEA,ARI,0,0,0.0,0,0.0,0.0,0.0,0,0.0,0,1,0,0.0,0,0.0,0.0,,,68.0,180.0,25.351882352941175,2.0,Georgia State,2019.0,2019.0,,,-10.0,0.04
2021,13,00-0035022,P.Hart,WR,SEA,SF,0,0,0.0,0,0.0,0.0,0.0,0,0.0,0,1,1,-1.0,0,-0.1,0.9,,,68.0,180.0,25.351882352941175,2.0,Georgia State,2019.0,2019.0,,,7.0,0.027027028
2021,14,00-0035022,P.Hart,WR,SEA,HOU,0,0,0.0,0,0.0,0.0,0.0,0,0.0,0,1,1,16.0,0,1.6,2.6,,,68.0,180.0,25.351882352941175,2.0,Georgia State,2019.0,2019.0,,,,0.035714287
2021,17,00-0035022,P.Hart,WR,SEA,DET,0,0,0.0,0,0.0,0.0,0.0,0,0.0,0,1,1,6.0,0,0.6,1.6,,,68.0,180.0,25.351882352941175,2.0,Georgia State,2019.0,2019.0,,,22.0,0.035714287
2021,8,00-0035040,D.Blough,QB,DET,PHI,0,0,0.0,0,0.0,1.0,6.0,1,6.0,0,0,0,0.0,0,0.6,0.6,,,73.0,200.0,26.28229411764706,2.0,Purdue,2019.0,2019.0,,,-38.0,
2021,1,00-0035042,J.Gillan,P,CLE,KC,0,0,0.0,0,0.0,0.0,0.0,1,0.0,0,0,0,0.0,0,0.0,0.0,,,73.0,207.0,24.370684210526317,2.0,Arkansas-Pine Bluff,2019.0,2019.0,,,,
2021,14,00-0035045,D.Montgomery,WR,NYJ,NO,0,0,0.0,0,0.0,0.0,0.0,0,0.0,0,6,3,36.0,0,3.6,6.6,,,73.0,201.0,24.985,2.0,Austin Peay,2019.0,2019.0,,,-21.0,0.15
2021,12,00-0035099,K.Blasingame,FB,TEN,NE,0,0,0.0,0,0.0,0.0,0.0,3,6.0,0,0,0,0.0,0,-1.4,-1.4,,,72.0,233.0,25.369055555555555,2.0,Vanderbilt,2019.0,2019.0,,,,
2021,16,00-0035099,K.Blasingame,FB,TEN,SF,0,0,0.0,0,0.0,0.0,0.0,0,0.0,0,1,1,-1.0,0,-0.1,0.9,,,72.0,233.0,25.369055555555555,2.0,Vanderbilt,2019.0,2019.0,,,3.0,0.033333335
2021,18,00-0035099,K.Blasingame,FB,TEN,HOU,0,0,0.0,0,0.0,0.0,0.0,0,0.0,0,1,1,5.0,0,0.5,1.5,,,72.0,233.0,25.369055555555555,2.0,Vanderbilt,2019.0,2019.0,,,,0.03125
2021,20,00-0035099,K.Blasingame,FB,TEN,CIN,0,0,0.0,0,0.0,0.0,0.0,0,0.0,0,1,0,0.0,0,0.0,0.0,,,72.0,233.0,25.369055555555555,2.0,Vanderbilt,2019.0,2019.0,,,-3.0,0.041666668
2021,13,00-0035101,D.Davis,WR,HOU,IND,0,0,0.0,0,0.0,0.0,0.0,0,0.0,0,2,0,0.0,0,0.0,0.0,,,71.0,195.0,25.04941176470588,2.0,Sam Houston State,2019.0,2019.0,,,-31.0,0.07692308
2021,14,00-0035101,D.Davis,WR,HOU,SEA,0,0,0.0,0,0.0,0.0,0.0,0,0.0,0,1,1,17.0,0,1.7,2.7,,,71.0,195.0,25.04941176470588,2.0,Sam Houston State,2019.0,2019.0,,,-20.0,0.020833334
2021,1,00-0035125,A.Ingold,FB,LV,BAL,0,0,0.0,0,0.0,0.0,0.0,0,0.0,0,4,4,22.0,0,2.2,6.2,,,73.0,242.0,25.351777777777777,2.0,Wisconsin,2019.0,2019.0,,,6.0,0.07692308
2021,2,00-0035125,A.Ingold,FB,LV,PIT,0,0,0.0,0,0.0,0.0,0.0,0,0.0,0,1,0,0.0,0,0.0,0.0,,,73.0,242.0,25.351777777777777,2.0,Wisconsin,2019.0,2019.0,,,,0.027027028
2021,3,00-0035125,A.Ingold,FB,LV,MIA,0,0,0.0,0,0.0,0.0,0.0,1,0.0,0,1,1,1.0,1,6.1,7.1,,,73.0,242.0,25.351777777777777,2.0,Wisconsin,2019.0,2019.0,,,3.0,0.025
2021,6,00-0035125,A.Ingold,FB,LV,DEN,0,0,0.0,0,0.0,0.0,0.0,0,0.0,0,1,0,0.0,0,0.0,0.0,,,73.0,242.0,25.351777777777777,2.0,Wisconsin,2019.0,2019.0,,,,0.04
2021,7,00-0035125,A.Ingold,FB,LV,PHI,0,0,0.0,0,0.0,0.0,0.0,1,1.0,0,1,1,29.0,0,3.0,4.0,,,73.0,242.0,25.351777777777777,2.0,Wisconsin,2019.0,2019.0,,,11.0,0.029411765
2021,9,00-0035125,A.Ingold,FB,LV,NYG,0,0,0.0,0,0.0,0.0,0.0,0,0.0,0,3,3,28.0,0,2.8,5.8,,,73.0,242.0,25.351777777777777,2.0,Wisconsin,2019.0,2019.0,,,,0.06521739
2021,10,00-0035125,A.Ingold,FB,LV,KC,0,0,0.0,0,0.0,0.0,0.0,0,0.0,0,1,1,5.0,0,0.5,1.5,,,73.0,242.0,25.351777777777777,2.0,Wisconsin,2019.0,2019.0,,,-27.0,0.029411765
2021,8,00-0035126,A.Wesley,WR,ARI,GB,0,0,0.0,0,0.0,0.0,0.0,0,0.0,0,3,1,7.0,0,0.7,1.7,,,76.0,206.0,24.060388888888887,2.0,Texas Tech,2019.0,2019.0,,,-3.0,0.09677419
2021,9,00-0035126,A.Wesley,WR,ARI,SF,0,0,0.0,0,0.0,0.0,0.0,0,0.0,0,3,3,62.0,0,6.2,9.2,,,76.0,206.0,24.060388888888887,2.0,Texas Tech,2019.0,2019.0,,,,0.115384616
2021,10,00-0035126,A.Wesley,WR,ARI,CAR,0,0,0.0,0,0.0,0.0,0.0,0,0.0,0,1,0,0.0,0,0.0,0.0,,,76.0,206.0,24.060388888888887,2.0,Texas Tech,2019.0,2019.0,,,-24.0,0.03448276
2021,11,00-0035126,A.Wesley,WR,ARI,SEA,0,0,0.0,0,0.0,0.0,0.0,0,0.0,0,4,4,44.0,0,4.4,8.4,,,76.0,206.0,24.060388888888887,2.0,Texas Tech,2019.0,2019.0,,,,0.09090909
2021,15,00-0035126,A.Wesley,WR,ARI,DET,0,0,0.0,0,0.0,0.0,0.0,0,0.0,0,8,3,19.0,0,1.9,4.9,,,76.0,206.0,24.060388888888887,2.0,Texas Tech,2019.0,2019.0,,,,0.16666667
2021,16,00-0035126,A.Wesley,WR,ARI,IND,0,0,0.0,0,0.0,0.0,0.0,0,0.0,0,4,2,29.0,1,8.9,10.9,,,76.0,206.0,24.060388888888887,2.0,Texas Tech,2019.0,2019.0,,,-6.0,0.102564104
2021,17,00-0035126,A.Wesley,WR,ARI,DAL,0,0,0.0,0,0.0,0.0,0.0,0,0.0,0,5,4,30.0,2,15.0,19.0,,,76.0,206.0,24.060388888888887,2.0,Texas Tech,2019.0,2019.0,,,,0.13513513
2021,18,00-0035126,A.Wesley,WR,ARI,SEA,0,0,0.0,0,0.0,0.0,0.0,0,0.0,0,4,2,17.0,0,1.7,3.7,,,76.0,206.0,24.060388888888887,2.0,Texas Tech,2019.0,2019.0,,,-8.0,0.102564104
2021,19,00-0035126,A.Wesley,WR,ARI,LA,0,0,0.0,0,0.0,0.0,0.0,0,0.0,0,2,0,0.0,0,2.0,2.0,,,76.0,206.0,24.060388888888887,2.0,Texas Tech,2019.0,2019.0,,,,0.05882353
2021,1,00-0035140,M.Hardman,WR,KC,CLE,0,0,0.0,0,0.0,0.0,0.0,0,0.0,0,3,3,19.0,0,1.9,4.9,,,70.0,187.0,23.69475,2.0,Georgia,2019.0,2019.0,KC,56.0,4.0,0.0882353
2021,2,00-0035140,M.Hardman,WR,KC,BAL,0,0,0.0,0,0.0,0.0,0.0,0,0.0,0,8,5,55.0,0,5.5,10.5,,,70.0,187.0,23.69475,2.0,Georgia,2019.0,2019.0,KC,56.0,,0.26666668
2021,3,00-0035140,M.Hardman,WR,KC,LAC,0,0,0.0,0,0.0,0.0,0.0,1,2.0,0,4,3,33.0,1,9.5,12.5,,,70.0,187.0,23.69475,2.0,Georgia,2019.0,2019.0,KC,56.0,-6.0,0.1
2021,4,00-0035140,M.Hardman,WR,KC,PHI,0,0,0.0,0,0.0,0.0,0.0,2,25.0,0,3,2,16.0,0,4.1,6.1,,,70.0,187.0,23.69475,2.0,Georgia,2019.0,2019.0,KC,56.0,,0.1
2021,5,00-0035140,M.Hardman,WR,KC,BUF,0,0,0.0,0,0.0,0.0,0.0,0,0.0,0,12,9,76.0,0,7.6,16.6,,,70.0,187.0,23.69475,2.0,Georgia,2019.0,2019.0,KC,56.0,-18.0,0.24
2021,6,00-0035140,M.Hardman,WR,KC,WAS,0,0,0.0,0,0.0,0.0,0.0,1,6.0,0,5,4,62.0,0,4.8,8.8,,,70.0,187.0,23.69475,2.0,Georgia,2019.0,2019.0,KC,56.0,,0.10869565
2021,7,00-0035140,M.Hardman,WR,KC,TEN,0,0,0.0,0,0.0,0.0,0.0,0,0.0,0,5,4,28.0,0,0.8,4.8,,,70.0,187.0,23.69475,2.0,Georgia,2019.0,2019.0,KC,56.0,,0.104166664
2021,8,00-0035140,M.Hardman,WR,KC,NYG,0,0,0.0,0,0.0,0.0,0.0,0,0.0,0,7,5,63.0,0,6.3,11.3,,,70.0,187.0,23.69475,2.0,Georgia,2019.0,2019.0,KC,56.0,3.0,0.1627907
2021,9,00-0035140,M.Hardman,WR,KC,GB,0,0,0.0,0,0.0,0.0,0.0,0,0.0,0,6,3,20.0,0,2.0,5.0,,,70.0,187.0,23.69475,2.0,Georgia,2019.0,2019.0,KC,56.0,6.0,0.16666667
2021,10,00-0035140,M.Hardman,WR,KC,LV,0,0,0.0,0,0.0,0.0,0.0,1,3.0,0,3,2,27.0,0,3.0,5.0,,,70.0,187.0,23.69475,2.0,Georgia,2019.0,2019.0,KC,56.0,,0.0625
2021,11,00-0035140,M.Hardman,WR,KC,DAL,0,0,0.0,0,0.0,0.0,0.0,0,0.0,0,3,2,25.0,0,2.5,4.5,,,70.0,187.0,23.69475,2.0,Georgia,2019.0,2019.0,KC,56.0,10.0,0.09090909
2021,13,00-0035140,M.Hardman,WR,KC,DEN,0,0,0.0,0,0.0,0.0,0.0,0,0.0,0,1,1,12.0,0,1.2,2.2,,,70.0,187.0,23.69475,2.0,Georgia,2019.0,2019.0,KC,56.0,13.0,0.037037037
2021,14,00-0035140,M.Hardman,WR,KC,LV,0,0,0.0,0,0.0,0.0,0.0,1,0.0,0,2,2,59.0,0,5.9,7.9,,,70.0,187.0,23.69475,2.0,Georgia,2019.0,2019.0,KC,56.0,39.0,0.09090909
2021,15,00-0035140,M.Hardman,WR,KC,LAC,0,0,0.0,0,0.0,0.0,0.0,1,0.0,0,4,2,11.0,0,1.1,3.1,,,70.0,187.0,23.69475,2.0,Georgia,2019.0,2019.0,KC,56.0,,0.08888889
2021,16,00-0035140,M.Hardman,WR,KC,PIT,0,0,0.0,0,0.0,0.0,0.0,0,0.0,0,5,3,31.0,1,9.1,12.1,,,70.0,187.0,23.69475,2.0,Georgia,2019.0,2019.0,KC,56.0,26.0,0.1724138
2021,17,00-0035140,M.Hardman,WR,KC,CIN,0,0,0.0,0,0.0,0.0,0.0,0,0.0,0,1,1,53.0,0,5.3,6.3,,,70.0,187.0,23.69475,2.0,Georgia,2019.0,2019.0,KC,56.0,,0.029411765
2021,18,00-0035140,M.Hardman,WR,KC,DEN,0,0,0.0,0,0.0,0.0,0.0,1,10.0,0,11,8,103.0,0,11.3,19.3,,,70.0,187.0,23.69475,2.0,Georgia,2019.0,2019.0,KC,56.0,,0.26190478
2021,19,00-0035140,M.Hardman,WR,KC,PIT,0,0,0.0,0,0.0,0.0,0.0,2,6.0,0,4,4,43.0,0,4.9,8.9,,,70.0,187.0,23.69475,2.0,Georgia,2019.0,2019.0,KC,56.0,21.0,0.10526316
2021,20,00-0035140,M.Hardman,WR,KC,BUF,0,0,0.0,0,0.0,0.0,0.0,2,31.0,1,1,1,26.0,0,11.7,12.7,,,70.0,187.0,23.69475,2.0,Georgia,2019.0,2019.0,KC,56.0,6.0,0.023809524
2021,21,00-0035140,M.Hardman,WR,KC,CIN,0,0,0.0,0,0.0,0.0,0.0,2,18.0,0,4,3,52.0,1,13.0,16.0,,,70.0,187.0,23.69475,2.0,Georgia,2019.0,2019.0,KC,56.0,-3.0,0.10810811
2021,19,00-0035149,N.Allegretti,G,KC,PIT,0,0,0.0,0,0.0,0.0,0.0,0,0.0,0,1,1,1.0,1,6.1,7.1,,,76.0,320.0,25.583949999999998,2.0,Illinois,2019.0,2019.0,KC,216.0,21.0,0.02631579
2021,7,00-0035156,J.Fox,P,DET,LA,1,1,17.0,0,0.0,0.0,-0.0,0,0.0,0,0,0,0.0,0,0.68,0.68,,,74.0,224.0,25.192529411764706,2.0,Rice,2019.0,2019.0,,,,
2021,16,00-0035156,J.Fox,P,DET,ATL,1,1,21.0,0,0.0,0.0,-0.0,0,0.0,0,0,0,0.0,0,0.84,0.84,,,74.0,224.0,25.192529411764706,2.0,Rice,2019.0,2019.0,,,,
2021,18,00-0035156,J.Fox,P,DET,GB,0,1,0.0,0,0.0,0.0,-0.0,0,0.0,0,0,0,0.0,0,0.0,0.0,,,74.0,224.0,25.192529411764706,2.0,Rice,2019.0,2019.0,,,7.0,
2021,7,00-0035184,D.Ozigbo,RB,NO,SEA,0,0,0.0,0,0.0,0.0,0.0,1,-3.0,0,1,1,7.0,0,0.4,1.4,,,74.0,225.0,25.116529411764706,2.0,Nebraska,2019.0,2019.0,,,,0.03125
2021,12,00-0035187,A.Walter,RB,NYJ,HOU,0,0,0.0,0,0.0,0.0,0.0,9,38.0,1,1,0,0.0,0,9.8,9.8,,,68.0,202.0,25.279153846153847,2.0,Rice,2019.0,2019.0,,,,0.04347826
2021,13,00-0035187,A.Walter,RB,NYJ,PHI,0,0,0.0,0,0.0,0.0,0.0,1,2.0,0,2,2,9.0,0,1.1,3.1,,,68.0,202.0,25.279153846153847,2.0,Rice,2019.0,2019.0,,,-15.0,0.055555556
2021,15,00-0035187,A.Walter,RB,NYJ,MIA,0,0,0.0,0,0.0,0.0,0.0,2,12.0,0,0,0,0.0,0,1.2,1.2,,,68.0,202.0,25.279153846153847,2.0,Rice,2019.0,2019.0,,,,
2021,17,00-0035187,A.Walter,RB,NYJ,TB,0,0,0.0,0,0.0,0.0,0.0,14,49.0,0,0,0,0.0,0,4.9,4.9,,,68.0,202.0,25.279153846153847,2.0,Rice,2019.0,2019.0,,,-4.0,
2021,2,00-0035208,O.Zaccheaus,WR,ATL,TB,0,0,0.0,0,0.0,0.0,0.0,0,0.0,0,4,2,22.0,0,2.2,4.2,,,68.0,193.0,24.306,2.0,Virginia,2019.0,2019.0,,,,0.083333336
2021,3,00-0035208,O.Zaccheaus,WR,ATL,NYG,0,0,0.0,0,0.0,0.0,0.0,0,0.0,0,6,3,32.0,1,9.2,12.2,,,68.0,193.0,24.306,2.0,Virginia,2019.0,2019.0,,,,0.16666667
2021,4,00-0035208,O.Zaccheaus,WR,ATL,WAS,0,0,0.0,0,0.0,0.0,0.0,0,0.0,0,3,1,15.0,0,1.5,2.5,,,68.0,193.0,24.306,2.0,Virginia,2019.0,2019.0,,,-4.0,0.075
2021,5,00-0035208,O.Zaccheaus,WR,ATL,NYJ,0,0,0.0,0,0.0,0.0,0.0,0,0.0,0,4,2,20.0,0,2.0,4.0,,,68.0,193.0,24.306,2.0,Virginia,2019.0,2019.0,,,7.0,0.08888889
2021,7,00-0035208,O.Zaccheaus,WR,ATL,MIA,0,0,0.0,0,0.0,0.0,0.0,0,0.0,0,1,1,13.0,0,1.3,2.3,,,68.0,193.0,24.306,2.0,Virginia,2019.0,2019.0,,,,0.025641026
2021,8,00-0035208,O.Zaccheaus,WR,ATL,CAR,0,0,0.0,0,0.0,0.0,0.0,0,0.0,0,1,1,12.0,0,1.2,2.2,,,68.0,193.0,24.306,2.0,Virginia,2019.0,2019.0,,,-6.0,0.037037037
2021,9,00-0035208,O.Zaccheaus,WR,ATL,NO,0,0,0.0,0,0.0,0.0,0.0,0,0.0,0,3,3,58.0,2,17.8,20.8,,,68.0,193.0,24.306,2.0,Virginia,2019.0,2019.0,,,,0.1
2021,10,00-0035208,O.Zaccheaus,WR,ATL,DAL,0,0,0.0,0,0.0,0.0,0.0,0,0.0,0,7,2,22.0,0,2.2,4.2,,,68.0,193.0,24.306,2.0,Virginia,2019.0,2019.0,,,,0.25925925
2021,11,00-0035208,O.Zaccheaus,WR,ATL,NE,0,0,0.0,0,0.0,0.0,0.0,0,0.0,0,5,3,23.0,0,2.3,5.3,,,68.0,193.0,24.306,2.0,Virginia,2019.0,2019.0,,,-25.0,0.16129032
2021,12,00-0035208,O.Zaccheaus,WR,ATL,JAX,0,0,0.0,0,0.0,0.0,0.0,0,0.0,0,2,1,5.0,0,0.5,1.5,,,68.0,193.0,24.306,2.0,Virginia,2019.0,2019.0,,,,0.071428575
2021,13,00-0035208,O.Zaccheaus,WR,ATL,TB,0,0,0.0,0,0.0,0.0,0.0,1,2.0,0,5,3,44.0,0,4.6,7.6,,,68.0,193.0,24.306,2.0,Virginia,2019.0,2019.0,,,-13.0,0.125
2021,15,00-0035208,O.Zaccheaus,WR,ATL,SF,0,0,0.0,0,0.0,0.0,0.0,0,0.0,0,2,2,53.0,0,5.3,7.3,,,68.0,193.0,24.306,2.0,Virginia,2019.0,2019.0,,,,0.06666667
2021,16,00-0035208,O.Zaccheaus,WR,ATL,DET,0,0,0.0,0,0.0,0.0,0.0,0,0.0,0,4,2,32.0,0,3.2,5.2,,,68.0,193.0,24.306,2.0,Virginia,2019.0,2019.0,,,4.0,0.18181819
2021,17,00-0035208,O.Zaccheaus,WR,ATL,BUF,0,0,0.0,0,0.0,0.0,0.0,0,0.0,0,3,2,8.0,0,0.8,2.8,,,68.0,193.0,24.306,2.0,Virginia,2019.0,2019.0,,,,0.15
2021,18,00-0035208,O.Zaccheaus,WR,ATL,NO,0,0,0.0,0,0.0,0.0,0.0,0,0.0,0,3,3,47.0,0,4.7,7.7,,,68.0,193.0,24.306,2.0,Virginia,2019.0,2019.0,,,-10.0,0.09677419
2021,1,00-0035215,D.Harty,WR,NO,GB,0,0,0.0,0,0.0,0.0,0.0,0,0.0,0,2,2,72.0,1,13.2,15.2,,,66.0,170.0,23.938882352941178,2.0,Assumption,2019.0,2019.0,,,35.0,0.1
2021,2,00-0035215,D.Harty,WR,NO,CAR,0,0,0.0,0,0.0,0.0,0.0,1,1.0,0,2,1,9.0,0,1.0,2.0,,,66.0,170.0,23.938882352941178,2.0,Assumption,2019.0,2019.0,,,,0.0952381
2021,3,00-0035215,D.Harty,WR,NO,NE,0,0,0.0,0,0.0,0.0,0.0,0,0.0,0,3,3,31.0,0,3.1,6.1,,,66.0,170.0,23.938882352941178,2.0,Assumption,2019.0,2019.0,,,,0.15
2021,4,00-0035215,D.Harty,WR,NO,NYG,0,0,0.0,0,0.0,0.0,0.0,0,0.0,0,8,5,52.0,0,5.2,10.2,,,66.0,170.0,23.938882352941178,2.0,Assumption,2019.0,2019.0,,,-6.0,0.30769232
2021,5,00-0035215,D.Harty,WR,NO,WAS,0,0,0.0,0,0.0,0.0,0.0,0,0.0,0,1,1,72.0,1,13.2,14.2,,,66.0,170.0,23.938882352941178,2.0,Assumption,2019.0,2019.0,,,,0.035714287
2021,8,00-0035215,D.Harty,WR,NO,TB,0,0,0.0,0,0.0,0.0,0.0,1,22.0,0,7,3,35.0,0,5.7,8.7,,,66.0,170.0,23.938882352941178,2.0,Assumption,2019.0,2019.0,,,9.0,0.2
2021,9,00-0035215,D.Harty,WR,NO,ATL,0,0,0.0,0,0.0,0.0,0.0,0,0.0,0,8,6,52.0,0,5.2,11.2,,,66.0,170.0,23.938882352941178,2.0,Assumption,2019.0,2019.0,,,-2.0,0.1904762
2021,10,00-0035215,D.Harty,WR,NO,TEN,0,0,0.0,0,0.0,0.0,0.0,1,6.0,0,4,3,84.0,0,9.0,12.0,,,66.0,170.0,23.938882352941178,2.0,Assumption,2019.0,2019.0,,,,0.114285715
2021,11,00-0035215,D.Harty,WR,NO,PHI,0,0,0.0,0,0.0,0.0,0.0,0,0.0,0,5,2,11.0,0,1.1,3.1,,,66.0,170.0,23.938882352941178,2.0,Assumption,2019.0,2019.0,,,,0.1388889
2021,12,00-0035215,D.Harty,WR,NO,BUF,0,0,0.0,0,0.0,0.0,0.0,0,0.0,0,5,1,9.0,0,0.9,1.9,,,66.0,170.0,23.938882352941178,2.0,Assumption,2019.0,2019.0,,,-25.0,0.17857143
2021,13,00-0035215,D.Harty,WR,NO,DAL,0,0,0.0,0,0.0,0.0,0.0,1,3.0,0,8,4,96.0,1,15.9,19.9,,,66.0,170.0,23.938882352941178,2.0,Assumption,2019.0,2019.0,,,-10.0,0.19512194
2021,17,00-0035215,D.Harty,WR,NO,CAR,0,0,0.0,0,0.0,0.0,0.0,0,0.0,0,2,2,23.0,0,2.3,4.3,,,66.0,170.0,23.938882352941178,2.0,Assumption,2019.0,2019.0,,,8.0,0.08695652
2021,18,00-0035215,D.Harty,WR,NO,ATL,0,0,0.0,0,0.0,0.0,0.0,1,9.0,0,4,3,24.0,0,3.3,6.3,,,66.0,170.0,23.938882352941178,2.0,Assumption,2019.0,2019.0,,,,0.17391305
2021,1,00-0035216,D.Johnson,WR,PIT,BUF,0,0,0.0,0,0.0,0.0,0.0,0,0.0,0,10,5,36.0,1,9.6,14.6,,,70.0,181.0,25.363777777777777,2.0,Toledo,2019.0,2019.0,PIT,66.0,,0.3125
2021,2,00-0035216,D.Johnson,WR,PIT,LV,0,0,0.0,0,0.0,0.0,0.0,0,0.0,0,12,9,105.0,0,10.5,19.5,,,70.0,181.0,25.363777777777777,2.0,Toledo,2019.0,2019.0,PIT,66.0,-9.0,0.3
2021,4,00-0035216,D.Johnson,WR,PIT,GB,0,0,0.0,0,0.0,0.0,0.0,0,0.0,0,13,9,92.0,1,15.2,24.2,,,70.0,181.0,25.363777777777777,2.0,Toledo,2019.0,2019.0,PIT,66.0,,0.33333334
2021,5,00-0035216,D.Johnson,WR,PIT,DEN,0,0,0.0,0,0.0,0.0,0.0,0,0.0,0,2,2,72.0,1,13.2,15.2,,,70.0,181.0,25.363777777777777,2.0,Toledo,2019.0,2019.0,PIT,66.0,8.0,0.08
2021,6,00-0035216,D.Johnson,WR,PIT,SEA,0,0,0.0,0,0.0,0.0,0.0,1,25.0,0,13,9,71.0,0,9.6,18.6,,,70.0,181.0,25.363777777777777,2.0,Toledo,2019.0,2019.0,PIT,66.0,3.0,0.33333334
2021,8,00-0035216,D.Johnson,WR,PIT,CLE,0,0,0.0,0,0.0,0.0,0.0,0,0.0,0,13,6,98.0,0,9.8,15.8,,,70.0,181.0,25.363777777777777,2.0,Toledo,2019.0,2019.0,PIT,66.0,,0.37142858
2021,9,00-0035216,D.Johnson,WR,PIT,CHI,0,0,0.0,0,0.0,0.0,0.0,2,11.0,0,6,5,56.0,0,6.7,11.7,,,70.0,181.0,25.363777777777777,2.0,Toledo,2019.0,2019.0,PIT,66.0,2.0,0.22222222
2021,10,00-0035216,D.Johnson,WR,PIT,DET,0,0,0.0,0,0.0,0.0,0.0,0,0.0,0,13,7,83.0,0,6.3,13.3,,,70.0,181.0,25.363777777777777,2.0,Toledo,2019.0,2019.0,PIT,66.0,0.0,0.26530612
2021,11,00-0035216,D.Johnson,WR,PIT,LAC,0,0,0.0,0,0.0,0.0,0.0,0,0.0,0,13,7,101.0,1,16.1,23.1,,,70.0,181.0,25.363777777777777,2.0,Toledo,2019.0,2019.0,PIT,66.0,,0.29545453
2021,12,00-0035216,D.Johnson,WR,PIT,CIN,0,0,0.0,0,0.0,0.0,0.0,0,0.0,0,14,9,95.0,0,9.5,18.5,,,70.0,181.0,25.363777777777777,2.0,Toledo,2019.0,2019.0,PIT,66.0,,0.35897437
2021,13,00-0035216,D.Johnson,WR,PIT,BAL,0,0,0.0,0,0.0,0.0,0.0,0,0.0,0,11,8,105.0,2,22.5,30.5,,,70.0,181.0,25.363777777777777,2.0,Toledo,2019.0,2019.0,PIT,66.0,1.0,0.36666667
2021,14,00-0035216,D.Johnson,WR,PIT,MIN,0,0,0.0,0,0.0,0.0,0.0,1,7.0,0,10,5,76.0,0,10.3,15.3,,,70.0,181.0,25.363777777777777,2.0,Toledo,2019.0,2019.0,PIT,66.0,,0.25641027
2021,15,00-0035216,D.Johnson,WR,PIT,TEN,0,0,0.0,0,0.0,0.0,0.0,1,10.0,0,5,5,38.0,0,4.8,9.8,,,70.0,181.0,25.363777777777777,2.0,Toledo,2019.0,2019.0,PIT,66.0,6.0,0.2
2021,16,00-0035216,D.Johnson,WR,PIT,KC,0,0,0.0,0,0.0,0.0,0.0,0,0.0,0,9,6,51.0,1,9.1,15.1,,,70.0,181.0,25.363777777777777,2.0,Toledo,2019.0,2019.0,PIT,66.0,,0.21428572
2021,17,00-0035216,D.Johnson,WR,PIT,CLE,0,0,0.0,0,0.0,0.0,0.0,0,0.0,0,15,8,31.0,1,9.1,17.1,,,70.0,181.0,25.363777777777777,2.0,Toledo,2019.0,2019.0,PIT,66.0,12.0,0.32608697
2021,18,00-0035216,D.Johnson,WR,PIT,BAL,0,0,0.0,0,0.0,0.0,0.0,0,0.0,0,10,7,51.0,0,5.1,12.1,,,70.0,181.0,25.363777777777777,2.0,Toledo,2019.0,2019.0,PIT,66.0,,0.22727273
2021,19,00-0035216,D.Johnson,WR,PIT,KC,0,0,0.0,0,0.0,0.0,0.0,0,0.0,0,10,5,34.0,1,9.4,14.4,,,70.0,181.0,25.363777777777777,2.0,Toledo,2019.0,2019.0,PIT,66.0,,0.22727273
2021,2,00-0035217,B.Snell,RB,PIT,LV,0,0,0.0,0,0.0,0.0,0.0,2,1.0,0,0,0,0.0,0,0.1,0.1,,,70.0,223.0,23.71561111111111,2.0,Kentucky,2019.0,2019.0,PIT,122.0,-9.0,
2021,4,00-0035217,B.Snell,RB,PIT,GB,0,0,0.0,0,0.0,0.0,0.0,1,0.0,0,1,0,0.0,0,0.0,0.0,,,70.0,223.0,23.71561111111111,2.0,Kentucky,2019.0,2019.0,PIT,122.0,,0.025641026
2021,5,00-0035217,B.Snell,RB,PIT,DEN,0,0,0.0,0,0.0,0.0,0.0,5,20.0,0,1,0,0.0,0,2.0,2.0,,,70.0,223.0,23.71561111111111,2.0,Kentucky,2019.0,2019.0,PIT,122.0,8.0,0.04
2021,8,00-0035217,B.Snell,RB,PIT,CLE,0,0,0.0,0,0.0,0.0,0.0,0,0.0,0,1,1,7.0,0,0.7,1.7,,,70.0,223.0,23.71561111111111,2.0,Kentucky,2019.0,2019.0,PIT,122.0,,0.028571429
2021,9,00-0035217,B.Snell,RB,PIT,CHI,0,0,0.0,0,0.0,0.0,0.0,2,6.0,0,0,0,0.0,0,0.6,0.6,,,70.0,223.0,23.71561111111111,2.0,Kentucky,2019.0,2019.0,PIT,122.0,2.0,
2021,10,00-0035217,B.Snell,RB,PIT,DET,0,0,0.0,0,0.0,0.0,0.0,1,4.0,0,0,0,0.0,0,0.4,0.4,,,70.0,223.0,23.71561111111111,2.0,Kentucky,2019.0,2019.0,PIT,122.0,0.0,
2021,11,00-0035217,B.Snell,RB,PIT,LAC,0,0,0.0,0,0.0,0.0,0.0,2,7.0,0,0,0,0.0,0,0.7,0.7,,,70.0,223.0,23.71561111111111,2.0,Kentucky,2019.0,2019.0,PIT,122.0,,
2021,12,00-0035217,B.Snell,RB,PIT,CIN,0,0,0.0,0,0.0,0.0,0.0,2,5.0,0,0,0,0.0,0,0.5,0.5,,,70.0,223.0,23.71561111111111,2.0,Kentucky,2019.0,2019.0,PIT,122.0,,
2021,13,00-0035217,B.Snell,RB,PIT,BAL,0,0,0.0,0,0.0,0.0,0.0,2,13.0,0,0,0,0.0,0,1.3,1.3,,,70.0,223.0,23.71561111111111,2.0,Kentucky,2019.0,2019.0,PIT,122.0,1.0,
2021,14,00-0035217,B.Snell,RB,PIT,MIN,0,0,0.0,0,0.0,0.0,0.0,1,-2.0,0,0,0,0.0,0,-0.2,-0.2,,,70.0,223.0,23.71561111111111,2.0,Kentucky,2019.0,2019.0,PIT,122.0,,
2021,16,00-0035217,B.Snell,RB,PIT,KC,0,0,0.0,0,0.0,0.0,0.0,5,20.0,0,1,1,6.0,0,2.6,3.6,,,70.0,223.0,23.71561111111111,2.0,Kentucky,2019.0,2019.0,PIT,122.0,,0.023809524
2021,17,00-0035217,B.Snell,RB,PIT,CLE,0,0,0.0,0,0.0,0.0,0.0,1,2.0,0,0,0,0.0,0,0.2,0.2,,,70.0,223.0,23.71561111111111,2.0,Kentucky,2019.0,2019.0,PIT,122.0,12.0,
2021,18,00-0035217,B.Snell,RB,PIT,BAL,0,0,0.0,0,0.0,0.0,0.0,12,22.0,0,0,0,0.0,0,2.2,2.2,,,70.0,223.0,23.71561111111111,2.0,Kentucky,2019.0,2019.0,PIT,122.0,,
2021,19,00-0035217,B.Snell,RB,PIT,KC,0,0,0.0,0,0.0,0.0,0.0,2,15.0,0,2,2,16.0,0,3.1,5.1,,,70.0,223.0,23.71561111111111,2.0,Kentucky,2019.0,2019.0,PIT,122.0,,0.045454547
2021,1,00-0035222,Z.Gentry,TE,PIT,BUF,0,0,0.0,0,0.0,0.0,0.0,0,0.0,0,1,1,-2.0,0,-0.2,0.8,,,80.0,265.0,25.180333333333333,2.0,Michigan,2019.0,2019.0,PIT,141.0,,0.03125
2021,4,00-0035222,Z.Gentry,TE,PIT,GB,0,0,0.0,0,0.0,0.0,0.0,0,0.0,0,1,1,10.0,0,1.0,2.0,,,80.0,265.0,25.180333333333333,2.0,Michigan,2019.0,2019.0,PIT,141.0,,0.025641026
2021,5,00-0035222,Z.Gentry,TE,PIT,DEN,0,0,0.0,0,0.0,0.0,0.0,0,0.0,0,2,1,13.0,0,1.3,2.3,,,80.0,265.0,25.180333333333333,2.0,Michigan,2019.0,2019.0,PIT,141.0,8.0,0.08
2021,8,00-0035222,Z.Gentry,TE,PIT,CLE,0,0,0.0,0,0.0,0.0,0.0,0,0.0,0,5,3,39.0,0,3.9,6.9,,,80.0,265.0,25.180333333333333,2.0,Michigan,2019.0,2019.0,PIT,141.0,,0.14285715
2021,12,00-0035222,Z.Gentry,TE,PIT,CIN,0,0,0.0,0,0.0,0.0,0.0,0,0.0,0,2,1,10.0,0,1.0,2.0,,,80.0,265.0,25.180333333333333,2.0,Michigan,2019.0,2019.0,PIT,141.0,,0.051282052
2021,13,00-0035222,Z.Gentry,TE,PIT,BAL,0,0,0.0,0,0.0,0.0,0.0,0,0.0,0,2,2,10.0,0,1.0,3.0,,,80.0,265.0,25.180333333333333,2.0,Michigan,2019.0,2019.0,PIT,141.0,1.0,0.06666667
2021,15,00-0035222,Z.Gentry,TE,PIT,TEN,0,0,0.0,0,0.0,0.0,0.0,0,0.0,0,1,1,17.0,0,1.7,2.7,,,80.0,265.0,25.180333333333333,2.0,Michigan,2019.0,2019.0,PIT,141.0,6.0,0.04
2021,16,00-0035222,Z.Gentry,TE,PIT,KC,0,0,0.0,0,0.0,0.0,0.0,0,0.0,0,4,4,31.0,0,3.1,7.1,,,80.0,265.0,25.180333333333333,2.0,Michigan,2019.0,2019.0,PIT,141.0,,0.0952381
2021,17,00-0035222,Z.Gentry,TE,PIT,CLE,0,0,0.0,0,0.0,0.0,0.0,0,0.0,0,2,1,0.0,0,0.0,1.0,,,80.0,265.0,25.180333333333333,2.0,Michigan,2019.0,2019.0,PIT,141.0,12.0,0.04347826
2021,18,00-0035222,Z.Gentry,TE,PIT,BAL,0,0,0.0,0,0.0,0.0,0.0,0,0.0,0,5,4,39.0,0,3.9,7.9,,,80.0,265.0,25.180333333333333,2.0,Michigan,2019.0,2019.0,PIT,141.0,,0.11363637
2021,19,00-0035222,Z.Gentry,TE,PIT,KC,0,0,0.0,0,0.0,0.0,0.0,0,0.0,0,4,4,33.0,0,3.3,7.3,,,80.0,265.0,25.180333333333333,2.0,Michigan,2019.0,2019.0,PIT,141.0,,0.09090909
2021,1,00-0035223,U.Gilbert,ILB,PIT,PIT,0,0,0.0,0,0.0,0.0,0.0,0,0.0,0,0,0,0.0,0,6.0,6.0,,,72.0,230.0,24.26861111111111,2.0,Akron,2019.0,2019.0,PIT,207.0,,
2021,1,00-0035228,K.Murray,QB,ARI,TEN,21,32,289.0,4,1.0,2.0,9.0,5,20.0,1,0,0,0.0,0,33.56,33.56,,,70.0,207.0,24.26861111111111,2.0,Oklahoma,2019.0,2019.0,ARI,1.0,,
2021,2,00-0035228,K.Murray,QB,ARI,MIN,29,36,400.0,3,2.0,3.0,29.0,5,31.0,1,0,0,0.0,0,33.1,33.1,,,70.0,207.0,24.26861111111111,2.0,Oklahoma,2019.0,2019.0,ARI,1.0,1.0,
2021,3,00-0035228,K.Murray,QB,ARI,JAX,28,34,316.0,0,1.0,0.0,-0.0,7,19.0,1,0,0,0.0,0,18.54,18.54,,,70.0,207.0,24.26861111111111,2.0,Oklahoma,2019.0,2019.0,ARI,1.0,,
2021,4,00-0035228,K.Murray,QB,ARI,LA,24,32,268.0,2,0.0,3.0,19.0,6,39.0,0,0,0,0.0,0,22.62,22.62,,,70.0,207.0,24.26861111111111,2.0,Oklahoma,2019.0,2019.0,ARI,1.0,,
2021,5,00-0035228,K.Murray,QB,ARI,SF,22,31,239.0,1,0.0,2.0,29.0,7,1.0,0,0,0,0.0,0,13.66,13.66,,,70.0,207.0,24.26861111111111,2.0,Oklahoma,2019.0,2019.0,ARI,1.0,7.0,
2021,6,00-0035228,K.Murray,QB,ARI,CLE,20,30,229.0,4,0.0,2.0,21.0,7,6.0,0,0,0,0.0,0,25.76,25.76,,,70.0,207.0,24.26861111111111,2.0,Oklahoma,2019.0,2019.0,ARI,1.0,,
2021,7,00-0035228,K.Murray,QB,ARI,HOU,20,28,261.0,3,1.0,4.0,36.0,6,10.0,0,0,0,0.0,0,21.44,21.44,,,70.0,207.0,24.26861111111111,2.0,Oklahoma,2019.0,2019.0,ARI,1.0,26.0,
2021,8,00-0035228,K.Murray,QB,ARI,GB,22,33,274.0,0,2.0,2.0,14.0,6,21.0,0,0,0,0.0,0,9.06,9.06,,,70.0,207.0,24.26861111111111,2.0,Oklahoma,2019.0,2019.0,ARI,1.0,-3.0,
2021,13,00-0035228,K.Murray,QB,ARI,CHI,11,15,123.0,2,0.0,1.0,3.0,10,59.0,2,0,0,0.0,0,30.82,30.82,,,70.0,207.0,24.26861111111111,2.0,Oklahoma,2019.0,2019.0,ARI,1.0,,
2021,14,00-0035228,K.Murray,QB,ARI,LA,32,49,383.0,0,2.0,4.0,39.0,7,61.0,0,0,0,0.0,0,17.42,17.42,,,70.0,207.0,24.26861111111111,2.0,Oklahoma,2019.0,2019.0,ARI,1.0,-7.0,
2021,15,00-0035228,K.Murray,QB,ARI,DET,23,41,257.0,1,1.0,2.0,20.0,4,3.0,0,0,0,0.0,0,12.58,12.58,,,70.0,207.0,24.26861111111111,2.0,Oklahoma,2019.0,2019.0,ARI,1.0,,
2021,16,00-0035228,K.Murray,QB,ARI,IND,27,43,245.0,1,0.0,0.0,-0.0,4,74.0,0,0,0,0.0,0,21.2,21.2,,,70.0,207.0,24.26861111111111,2.0,Oklahoma,2019.0,2019.0,ARI,1.0,-6.0,
2021,17,00-0035228,K.Murray,QB,ARI,DAL,26,38,263.0,2,0.0,1.0,14.0,9,44.0,0,0,0,0.0,0,22.92,22.92,,,70.0,207.0,24.26861111111111,2.0,Oklahoma,2019.0,2019.0,ARI,1.0,,
2021,18,00-0035228,K.Murray,QB,ARI,SEA,28,39,240.0,1,0.0,5.0,53.0,5,35.0,0,0,0,0.0,0,17.1,17.1,,,70.0,207.0,24.26861111111111,2.0,Oklahoma,2019.0,2019.0,ARI,1.0,-8.0,
2021,19,00-0035228,K.Murray,QB,ARI,LA,19,34,137.0,0,2.0,2.0,15.0,2,6.0,0,0,0,0.0,0,4.08,4.08,,,70.0,207.0,24.26861111111111,2.0,Oklahoma,2019.0,2019.0,ARI,1.0,,
2021,1,00-0035229,T.Hockenson,TE,DET,SF,0,0,0.0,0,0.0,0.0,0.0,0,0.0,0,11,8,97.0,1,17.7,25.7,,,77.0,248.0,24.357529411764705,2.0,Iowa,2019.0,2019.0,DET,8.0,-8.0,0.19642857
2021,2,00-0035229,T.Hockenson,TE,DET,GB,0,0,0.0,0,0.0,0.0,0.0,0,0.0,0,9,8,66.0,1,12.6,20.6,,,77.0,248.0,24.357529411764705,2.0,Iowa,2019.0,2019.0,DET,8.0,,0.25714287
2021,3,00-0035229,T.Hockenson,TE,DET,BAL,0,0,0.0,0,0.0,0.0,0.0,0,0.0,0,2,2,10.0,0,1.0,3.0,,,77.0,248.0,24.357529411764705,2.0,Iowa,2019.0,2019.0,DET,8.0,-2.0,0.071428575
2021,4,00-0035229,T.Hockenson,TE,DET,CHI,0,0,0.0,0,0.0,0.0,0.0,0,0.0,0,8,4,42.0,0,4.2,8.2,,,77.0,248.0,24.357529411764705,2.0,Iowa,2019.0,2019.0,DET,8.0,,0.21621622
2021,5,00-0035229,T.Hockenson,TE,DET,MIN,0,0,0.0,0,0.0,0.0,0.0,0,0.0,0,3,2,22.0,0,2.2,4.2,,,77.0,248.0,24.357529411764705,2.0,Iowa,2019.0,2019.0,DET,8.0,,0.09677419
2021,6,00-0035229,T.Hockenson,TE,DET,CIN,0,0,0.0,0,0.0,0.0,0.0,0,0.0,0,11,8,74.0,0,7.4,15.4,,,77.0,248.0,24.357529411764705,2.0,Iowa,2019.0,2019.0,DET,8.0,-23.0,0.2820513
2021,7,00-0035229,T.Hockenson,TE,DET,LA,0,0,0.0,0,0.0,0.0,0.0,0,0.0,0,9,6,48.0,0,4.8,10.8,,,77.0,248.0,24.357529411764705,2.0,Iowa,2019.0,2019.0,DET,8.0,,0.28125
2021,8,00-0035229,T.Hockenson,TE,DET,PHI,0,0,0.0,0,0.0,0.0,0.0,0,0.0,0,11,10,89.0,0,8.9,18.9,,,77.0,248.0,24.357529411764705,2.0,Iowa,2019.0,2019.0,DET,8.0,-38.0,0.34375
2021,10,00-0035229,T.Hockenson,TE,DET,PIT,0,0,0.0,0,0.0,0.0,0.0,0,0.0,0,1,0,0.0,0,0.0,0.0,,,77.0,248.0,24.357529411764705,2.0,Iowa,2019.0,2019.0,DET,8.0,,0.041666668
2021,11,00-0035229,T.Hockenson,TE,DET,CLE,0,0,0.0,0,0.0,0.0,0.0,0,0.0,0,8,6,51.0,0,5.1,11.1,,,77.0,248.0,24.357529411764705,2.0,Iowa,2019.0,2019.0,DET,8.0,,0.3478261
2021,12,00-0035229,T.Hockenson,TE,DET,CHI,0,0,0.0,0,0.0,0.0,0.0,0,0.0,0,3,3,35.0,1,9.5,12.5,,,77.0,248.0,24.357529411764705,2.0,Iowa,2019.0,2019.0,DET,8.0,-2.0,0.12
2021,13,00-0035229,T.Hockenson,TE,DET,MIN,0,0,0.0,0,0.0,0.0,0.0,0,0.0,0,8,4,49.0,1,10.9,14.9,,,77.0,248.0,24.357529411764705,2.0,Iowa,2019.0,2019.0,DET,8.0,2.0,0.21052632
2021,15,00-0035231,C.Wilkins,DE,MIA,NYJ,0,0,0.0,0,0.0,0.0,0.0,0,0.0,0,1,1,1.0,1,6.1,7.1,,,76.0,315.0,25.887823529411765,2.0,Clemson,2019.0,2019.0,MIA,13.0,7.0,0.03846154
2021,1,00-0035243,M.Sanders,RB,PHI,ATL,0,0,0.0,0,0.0,0.0,0.0,15,74.0,0,5,4,39.0,0,13.3,17.3,,,71.0,211.0,24.535,2.0,Penn State,2019.0,2019.0,PHI,53.0,,0.15625
2021,2,00-0035243,M.Sanders,RB,PHI,SF,0,0,0.0,0,0.0,0.0,0.0,13,55.0,0,2,1,4.0,0,5.9,6.9,,,71.0,211.0,24.535,2.0,Penn State,2019.0,2019.0,PHI,53.0,-6.0,0.083333336
2021,3,00-0035243,M.Sanders,RB,PHI,DAL,0,0,0.0,0,0.0,0.0,0.0,2,27.0,0,4,3,28.0,0,5.5,8.5,,,71.0,211.0,24.535,2.0,Penn State,2019.0,2019.0,PHI,53.0,,0.10526316
2021,4,00-0035243,M.Sanders,RB,PHI,KC,0,0,0.0,0,0.0,0.0,0.0,7,13.0,0,3,3,34.0,0,4.7,7.7,,,71.0,211.0,24.535,2.0,Penn State,2019.0,2019.0,PHI,53.0,-12.0,0.06818182
2021,5,00-0035243,M.Sanders,RB,PHI,CAR,0,0,0.0,0,0.0,0.0,0.0,11,45.0,0,5,5,6.0,0,5.1,10.1,,,71.0,211.0,24.535,2.0,Penn State,2019.0,2019.0,PHI,53.0,,0.14705883
2021,6,00-0035243,M.Sanders,RB,PHI,TB,0,0,0.0,0,0.0,0.0,0.0,9,56.0,0,4,2,10.0,0,6.6,8.6,,,71.0,211.0,24.535,2.0,Penn State,2019.0,2019.0,PHI,53.0,-6.0,0.16666667
2021,7,00-0035243,M.Sanders,RB,PHI,LV,0,0,0.0,0,0.0,0.0,0.0,6,30.0,0,1,1,-3.0,0,2.7,3.7,,,71.0,211.0,24.535,2.0,Penn State,2019.0,2019.0,PHI,53.0,,0.032258064
2021,11,00-0035243,M.Sanders,RB,PHI,NO,0,0,0.0,0,0.0,0.0,0.0,16,94.0,0,1,0,0.0,0,7.4,7.4,,,71.0,211.0,24.535,2.0,Penn State,2019.0,2019.0,PHI,53.0,11.0,0.04347826
2021,12,00-0035243,M.Sanders,RB,PHI,NYG,0,0,0.0,0,0.0,0.0,0.0,9,64.0,0,1,1,0.0,0,6.4,7.4,,,71.0,211.0,24.535,2.0,Penn State,2019.0,2019.0,PHI,53.0,,0.03448276
2021,13,00-0035243,M.Sanders,RB,PHI,NYJ,0,0,0.0,0,0.0,0.0,0.0,24,120.0,0,3,3,22.0,0,14.2,17.2,,,71.0,211.0,24.535,2.0,Penn State,2019.0,2019.0,PHI,53.0,,0.13636364
2021,15,00-0035243,M.Sanders,RB,PHI,WAS,0,0,0.0,0,0.0,0.0,0.0,18,131.0,0,2,2,15.0,0,14.6,16.6,,,71.0,211.0,24.535,2.0,Penn State,2019.0,2019.0,PHI,53.0,10.0,0.07692308
2021,16,00-0035243,M.Sanders,RB,PHI,NYG,0,0,0.0,0,0.0,0.0,0.0,7,45.0,0,3,1,3.0,0,4.8,5.8,,,71.0,211.0,24.535,2.0,Penn State,2019.0,2019.0,PHI,53.0,24.0,0.10714286
2021,19,00-0035243,M.Sanders,RB,PHI,TB,0,0,0.0,0,0.0,0.0,0.0,7,16.0,0,3,3,12.0,0,2.8,5.8,,,71.0,211.0,24.535,2.0,Penn State,2019.0,2019.0,PHI,53.0,,0.069767445
2021,11,00-0035246,J.Arcega-Whiteside,WR,PHI,NO,0,0,0.0,0,0.0,0.0,0.0,0,0.0,0,1,1,23.0,0,2.3,3.3,,,74.0,225.0,24.86622222222222,2.0,Stanford,2019.0,2019.0,PHI,57.0,11.0,0.04347826
2021,12,00-0035246,J.Arcega-Whiteside,WR,PHI,NYG,0,0,0.0,0,0.0,0.0,0.0,0,0.0,0,1,1,13.0,0,1.3,2.3,,,74.0,225.0,24.86622222222222,2.0,Stanford,2019.0,2019.0,PHI,57.0,,0.03448276
2021,18,00-0035246,J.Arcega-Whiteside,WR,PHI,DAL,0,0,0.0,0,0.0,0.0,0.0,0,0.0,0,3,0,0.0,0,0.0,0.0,,,74.0,225.0,24.86622222222222,2.0,Stanford,2019.0,2019.0,PHI,57.0,-25.0,0.0882353
2021,1,00-0035249,J.Oliver,TE,BAL,LV,0,0,0.0,0,0.0,0.0,0.0,0,0.0,0,1,0,0.0,0,0.0,0.0,,,77.0,250.0,24.643529411764707,2.0,San Jose State,2019.0,2019.0,JAX,69.0,,0.03448276
2021,2,00-0035249,J.Oliver,TE,BAL,KC,0,0,0.0,0,0.0,0.0,0.0,0,0.0,0,1,1,9.0,0,0.9,1.9,,,77.0,250.0,24.643529411764707,2.0,San Jose State,2019.0,2019.0,JAX,69.0,1.0,0.04
2021,3,00-0035249,J.Oliver,TE,BAL,DET,0,0,0.0,0,0.0,0.0,0.0,0,0.0,0,1,1,6.0,0,0.6,1.6,,,77.0,250.0,24.643529411764707,2.0,San Jose State,2019.0,2019.0,JAX,69.0,,0.037037037
2021,4,00-0035249,J.Oliver,TE,BAL,DEN,0,0,0.0,0,0.0,0.0,0.0,0,0.0,0,1,0,0.0,0,0.0,0.0,,,77.0,250.0,24.643529411764707,2.0,San Jose State,2019.0,2019.0,JAX,69.0,,0.028571429
2021,5,00-0035249,J.Oliver,TE,BAL,IND,0,0,0.0,0,0.0,0.0,0.0,0,0.0,0,2,2,13.0,0,1.3,3.3,,,77.0,250.0,24.643529411764707,2.0,San Jose State,2019.0,2019.0,JAX,69.0,6.0,0.046511628
2021,6,00-0035249,J.Oliver,TE,BAL,LAC,0,0,0.0,0,0.0,0.0,0.0,0,0.0,0,1,1,2.0,0,0.2,1.2,,,77.0,250.0,24.643529411764707,2.0,San Jose State,2019.0,2019.0,JAX,69.0,28.0,0.037037037
2021,7,00-0035249,J.Oliver,TE,BAL,CIN,0,0,0.0,0,0.0,0.0,0.0,0,0.0,0,5,2,29.0,0,2.9,4.9,,,77.0,250.0,24.643529411764707,2.0,San Jose State,2019.0,2019.0,JAX,69.0,-24.0,0.12195122
2021,10,00-0035249,J.Oliver,TE,BAL,MIA,0,0,0.0,0,0.0,0.0,0.0,0,0.0,0,1,0,0.0,0,0.0,0.0,,,77.0,250.0,24.643529411764707,2.0,San Jose State,2019.0,2019.0,JAX,69.0,,0.024390243
2021,14,00-0035249,J.Oliver,TE,BAL,CLE,0,0,0.0,0,0.0,0.0,0.0,0,0.0,0,1,1,6.0,0,0.6,1.6,,,77.0,250.0,24.643529411764707,2.0,San Jose State,2019.0,2019.0,JAX,69.0,,0.025
2021,18,00-0035249,J.Oliver,TE,BAL,PIT,0,0,0.0,0,0.0,0.0,0.0,0,0.0,0,1,1,1.0,0,0.1,1.1,,,77.0,250.0,24.643529411764707,2.0,San Jose State,2019.0,2019.0,JAX,69.0,-3.0,0.03125
2021,1,00-0035250,D.Singletary,RB,BUF,PIT,0,0,0.0,0,0.0,0.0,0.0,11,72.0,0,5,3,8.0,0,8.0,11.0,,,67.0,203.0,24.209894736842106,2.0,Florida Atlantic,2019.0,2019.0,BUF,74.0,-7.0,0.104166664
2021,2,00-0035250,D.Singletary,RB,BUF,MIA,0,0,0.0,0,0.0,0.0,0.0,13,82.0,1,3,2,9.0,0,15.1,17.1,,,67.0,203.0,24.209894736842106,2.0,Florida Atlantic,2019.0,2019.0,BUF,74.0,,0.10344828
2021,3,00-0035250,D.Singletary,RB,BUF,WAS,0,0,0.0,0,0.0,0.0,0.0,11,26.0,0,2,1,0.0,0,2.6,3.6,,,67.0,203.0,24.209894736842106,2.0,Florida Atlantic,2019.0,2019.0,BUF,74.0,22.0,0.046511628
2021,4,00-0035250,D.Singletary,RB,BUF,HOU,0,0,0.0,0,0.0,0.0,0.0,14,79.0,0,1,1,7.0,0,8.6,9.6,,,67.0,203.0,24.209894736842106,2.0,Florida Atlantic,2019.0,2019.0,BUF,74.0,40.0,0.032258064
2021,5,00-0035250,D.Singletary,RB,BUF,KC,0,0,0.0,0,0.0,0.0,0.0,6,25.0,0,2,1,-2.0,0,2.3,3.3,,,67.0,203.0,24.209894736842106,2.0,Florida Atlantic,2019.0,2019.0,BUF,74.0,,0.083333336
2021,6,00-0035250,D.Singletary,RB,BUF,TEN,0,0,0.0,0,0.0,0.0,0.0,5,27.0,0,5,5,16.0,0,4.3,9.3,,,67.0,203.0,24.209894736842106,2.0,Florida Atlantic,2019.0,2019.0,BUF,74.0,,0.11111111
2021,8,00-0035250,D.Singletary,RB,BUF,MIA,0,0,0.0,0,0.0,0.0,0.0,7,28.0,0,1,1,1.0,0,2.9,3.9,,,67.0,203.0,24.209894736842106,2.0,Florida Atlantic,2019.0,2019.0,BUF,74.0,15.0,0.024390243
2021,9,00-0035250,D.Singletary,RB,BUF,JAX,0,0,0.0,0,0.0,0.0,0.0,6,16.0,0,8,7,43.0,0,5.9,12.9,,,67.0,203.0,24.209894736842106,2.0,Florida Atlantic,2019.0,2019.0,BUF,74.0,,0.17777778
2021,10,00-0035250,D.Singletary,RB,BUF,NYJ,0,0,0.0,0,0.0,0.0,0.0,7,43.0,1,1,1,6.0,0,10.9,11.9,,,67.0,203.0,24.209894736842106,2.0,Florida Atlantic,2019.0,2019.0,BUF,74.0,,0.035714287
2021,11,00-0035250,D.Singletary,RB,BUF,IND,0,0,0.0,0,0.0,0.0,0.0,3,17.0,0,4,3,26.0,0,4.3,7.3,,,67.0,203.0,24.209894736842106,2.0,Florida Atlantic,2019.0,2019.0,BUF,74.0,-26.0,0.102564104
2021,12,00-0035250,D.Singletary,RB,BUF,NO,0,0,0.0,0,0.0,0.0,0.0,15,44.0,0,1,1,4.0,0,4.8,5.8,,,67.0,203.0,24.209894736842106,2.0,Florida Atlantic,2019.0,2019.0,BUF,74.0,,0.03846154
2021,13,00-0035250,D.Singletary,RB,BUF,NE,0,0,0.0,0,0.0,0.0,0.0,10,36.0,0,0,0,0.0,0,3.6,3.6,,,67.0,203.0,24.209894736842106,2.0,Florida Atlantic,2019.0,2019.0,BUF,74.0,-4.0,
2021,14,00-0035250,D.Singletary,RB,BUF,TB,0,0,0.0,0,0.0,0.0,0.0,4,52.0,0,7,6,37.0,0,8.9,14.9,,,67.0,203.0,24.209894736842106,2.0,Florida Atlantic,2019.0,2019.0,BUF,74.0,,0.13725491
2021,15,00-0035250,D.Singletary,RB,BUF,CAR,0,0,0.0,0,0.0,0.0,0.0,22,86.0,1,1,1,10.0,0,15.6,16.6,,,67.0,203.0,24.209894736842106,2.0,Florida Atlantic,2019.0,2019.0,BUF,74.0,17.0,0.032258064
2021,16,00-0035250,D.Singletary,RB,BUF,NE,0,0,0.0,0,0.0,0.0,0.0,12,39.0,1,6,5,39.0,0,13.8,18.8,,,67.0,203.0,24.209894736842106,2.0,Florida Atlantic,2019.0,2019.0,BUF,74.0,,0.13953489
2021,17,00-0035250,D.Singletary,RB,BUF,ATL,0,0,0.0,0,0.0,0.0,0.0,23,110.0,2,1,0,0.0,0,23.0,23.0,,,67.0,203.0,24.209894736842106,2.0,Florida Atlantic,2019.0,2019.0,BUF,74.0,14.0,0.041666668
2021,18,00-0035250,D.Singletary,RB,BUF,NYJ,0,0,0.0,0,0.0,0.0,0.0,19,88.0,1,2,2,24.0,1,23.2,25.2,,,67.0,203.0,24.209894736842106,2.0,Florida Atlantic,2019.0,2019.0,BUF,74.0,17.0,0.044444446
2021,19,00-0035250,D.Singletary,RB,BUF,NE,0,0,0.0,0,0.0,0.0,0.0,16,81.0,2,4,3,13.0,0,21.4,24.4,,,67.0,203.0,24.209894736842106,2.0,Florida Atlantic,2019.0,2019.0,BUF,74.0,30.0,0.16
2021,20,00-0035250,D.Singletary,RB,BUF,KC,0,0,0.0,0,0.0,0.0,0.0,10,26.0,1,5,4,25.0,0,11.1,15.1,,,67.0,203.0,24.209894736842106,2.0,Florida Atlantic,2019.0,2019.0,BUF,74.0,,0.13513513
2021,4,00-0035259,T.Wesco,TE,NYJ,TEN,0,0,0.0,0,0.0,0.0,0.0,0,0.0,0,1,0,0.0,0,0.0,0.0,,,75.0,267.0,26.167764705882355,2.0,West Virginia,2019.0,2019.0,NYJ,121.0,3.0,0.029411765
2021,7,00-0035259,T.Wesco,TE,NYJ,NE,0,0,0.0,0,0.0,0.0,0.0,0,0.0,0,1,0,0.0,0,0.0,0.0,,,75.0,267.0,26.167764705882355,2.0,West Virginia,2019.0,2019.0,NYJ,121.0,,0.024390243
2021,9,00-0035259,T.Wesco,TE,NYJ,IND,0,0,0.0,0,0.0,0.0,0.0,0,0.0,0,2,2,16.0,0,1.6,3.6,,,75.0,267.0,26.167764705882355,2.0,West Virginia,2019.0,2019.0,NYJ,121.0,,0.03846154
2021,15,00-0035259,T.Wesco,TE,NYJ,MIA,0,0,0.0,0,0.0,0.0,0.0,0,0.0,0,1,1,19.0,0,1.9,2.9,,,75.0,267.0,26.167764705882355,2.0,West Virginia,2019.0,2019.0,NYJ,121.0,,0.045454547
2021,1,00-0035261,T.Pollard,RB,DAL,TB,0,0,0.0,0,0.0,0.0,0.0,3,14.0,0,4,4,29.0,0,4.3,8.3,,,72.0,209.0,24.54388888888889,2.0,Memphis,2019.0,2019.0,DAL,128.0,,0.07017544
2021,2,00-0035261,T.Pollard,RB,DAL,LAC,0,0,0.0,0,0.0,0.0,0.0,13,109.0,1,3,3,31.0,0,20.0,23.0,,,72.0,209.0,24.54388888888889,2.0,Memphis,2019.0,2019.0,DAL,128.0,,0.11111111
2021,3,00-0035261,T.Pollard,RB,DAL,PHI,0,0,0.0,0,0.0,0.0,0.0,11,60.0,0,1,1,5.0,0,6.5,7.5,,,72.0,209.0,24.54388888888889,2.0,Memphis,2019.0,2019.0,DAL,128.0,20.0,0.04
2021,4,00-0035261,T.Pollard,RB,DAL,CAR,0,0,0.0,0,0.0,0.0,0.0,10,67.0,0,0,0,0.0,0,6.7,6.7,,,72.0,209.0,24.54388888888889,2.0,Memphis,2019.0,2019.0,DAL,128.0,8.0,
2021,5,00-0035261,T.Pollard,RB,DAL,NYG,0,0,0.0,0,0.0,0.0,0.0,14,75.0,0,4,4,28.0,0,10.3,14.3,,,72.0,209.0,24.54388888888889,2.0,Memphis,2019.0,2019.0,DAL,128.0,24.0,0.125
2021,6,00-0035261,T.Pollard,RB,DAL,NE,0,0,0.0,0,0.0,0.0,0.0,10,41.0,0,3,3,22.0,0,6.3,9.3,,,72.0,209.0,24.54388888888889,2.0,Memphis,2019.0,2019.0,DAL,128.0,,0.06122449
2021,8,00-0035261,T.Pollard,RB,DAL,MIN,0,0,0.0,0,0.0,0.0,0.0,7,26.0,0,1,1,1.0,0,2.7,3.7,,,72.0,209.0,24.54388888888889,2.0,Memphis,2019.0,2019.0,DAL,128.0,,0.024390243
2021,9,00-0035261,T.Pollard,RB,DAL,DEN,0,0,0.0,0,0.0,0.0,0.0,4,11.0,0,2,1,32.0,0,4.3,5.3,,,72.0,209.0,24.54388888888889,2.0,Memphis,2019.0,2019.0,DAL,128.0,-14.0,0.051282052
2021,10,00-0035261,T.Pollard,RB,DAL,ATL,0,0,0.0,0,0.0,0.0,0.0,11,42.0,0,7,6,56.0,0,9.8,15.8,,,72.0,209.0,24.54388888888889,2.0,Memphis,2019.0,2019.0,DAL,128.0,40.0,0.21212122
2021,11,00-0035261,T.Pollard,RB,DAL,KC,0,0,0.0,0,0.0,0.0,0.0,7,50.0,0,2,2,20.0,0,7.0,9.0,,,72.0,209.0,24.54388888888889,2.0,Memphis,2019.0,2019.0,DAL,128.0,,0.04761905
2021,12,00-0035261,T.Pollard,RB,DAL,LV,0,0,0.0,0,0.0,0.0,0.0,10,36.0,0,4,4,32.0,0,12.8,16.8,,,72.0,209.0,24.54388888888889,2.0,Memphis,2019.0,2019.0,DAL,128.0,-3.0,0.08510638
2021,13,00-0035261,T.Pollard,RB,DAL,NO,0,0,0.0,0,0.0,0.0,0.0,7,71.0,1,4,2,3.0,0,13.4,15.4,,,72.0,209.0,24.54388888888889,2.0,Memphis,2019.0,2019.0,DAL,128.0,,0.1
2021,15,00-0035261,T.Pollard,RB,DAL,NYG,0,0,0.0,0,0.0,0.0,0.0,12,74.0,0,3,3,13.0,0,8.7,11.7,,,72.0,209.0,24.54388888888889,2.0,Memphis,2019.0,2019.0,DAL,128.0,,0.08108108
2021,16,00-0035261,T.Pollard,RB,DAL,WAS,0,0,0.0,0,0.0,0.0,0.0,8,34.0,0,3,2,16.0,0,5.0,7.0,,,72.0,209.0,24.54388888888889,2.0,Memphis,2019.0,2019.0,DAL,128.0,42.0,0.07317073
2021,17,00-0035261,T.Pollard,RB,DAL,ARI,0,0,0.0,0,0.0,0.0,0.0,3,9.0,0,5,3,49.0,0,5.8,8.8,,,72.0,209.0,24.54388888888889,2.0,Memphis,2019.0,2019.0,DAL,128.0,-3.0,0.13157895
2021,19,00-0035261,T.Pollard,RB,DAL,SF,0,0,0.0,0,0.0,0.0,0.0,4,14.0,0,2,2,12.0,0,2.6,4.6,,,72.0,209.0,24.54388888888889,2.0,Memphis,2019.0,2019.0,DAL,128.0,-6.0,0.04761905
2021,17,00-0035268,R.Armstead,RB,JAX,NE,0,0,0.0,0,0.0,0.0,0.0,6,28.0,0,2,1,6.0,0,3.4,4.4,,,71.0,220.0,25.075833333333335,2.0,Temple,2019.0,2019.0,JAX,140.0,,0.07692308
2021,18,00-0035268,R.Armstead,RB,JAX,IND,0,0,0.0,0,0.0,0.0,0.0,9,52.0,0,2,2,10.0,0,6.2,8.2,,,71.0,220.0,25.075833333333335,2.0,Temple,2019.0,2019.0,JAX,140.0,15.0,0.0625
2021,11,00-0035273,Q.Ollison,RB,ATL,NE,0,0,0.0,0,0.0,0.0,0.0,9,34.0,0,3,2,0.0,0,3.4,5.4,,,73.0,232.0,25.17664705882353,2.0,Pittsburgh,2019.0,2019.0,ATL,152.0,-25.0,0.09677419
2021,13,00-0035273,Q.Ollison,RB,ATL,TB,0,0,0.0,0,0.0,0.0,0.0,2,7.0,0,1,1,8.0,0,1.5,2.5,,,73.0,232.0,25.17664705882353,2.0,Pittsburgh,2019.0,2019.0,ATL,152.0,-13.0,0.025
2021,14,00-0035273,Q.Ollison,RB,ATL,CAR,0,0,0.0,0,0.0,0.0,0.0,5,23.0,0,0,0,0.0,0,0.3,0.3,,,73.0,232.0,25.17664705882353,2.0,Pittsburgh,2019.0,2019.0,ATL,152.0,,
2021,15,00-0035273,Q.Ollison,RB,ATL,SF,0,0,0.0,0,0.0,0.0,0.0,1,3.0,0,1,1,4.0,0,0.7,1.7,,,73.0,232.0,25.17664705882353,2.0,Pittsburgh,2019.0,2019.0,ATL,152.0,,0.033333335
2021,17,00-0035273,Q.Ollison,RB,ATL,BUF,0,0,0.0,0,0.0,0.0,0.0,3,19.0,0,0,0,0.0,0,1.9,1.9,,,73.0,232.0,25.17664705882353,2.0,Pittsburgh,2019.0,2019.0,ATL,152.0,,
2021,18,00-0035273,Q.Ollison,RB,ATL,NO,0,0,0.0,0,0.0,0.0,0.0,1,19.0,1,1,0,0.0,0,7.9,7.9,,,73.0,232.0,25.17664705882353,2.0,Pittsburgh,2019.0,2019.0,ATL,152.0,-10.0,0.032258064
2021,8,00-0035289,G.Minshew,QB,PHI,DET,2,2,11.0,0,0.0,0.0,-0.0,0,0.0,0,0,0,0.0,0,0.44,0.44,,,73.0,225.0,25.493222222222222,2.0,Washington State,2019.0,2019.0,JAX,178.0,,
2021,13,00-0035289,G.Minshew,QB,PHI,NYJ,20,25,242.0,2,0.0,2.0,9.0,4,11.0,0,0,0,0.0,0,18.78,18.78,,,73.0,225.0,25.493222222222222,2.0,Washington State,2019.0,2019.0,JAX,178.0,,
2021,18,00-0035289,G.Minshew,QB,PHI,DAL,19,33,186.0,2,1.0,3.0,22.0,5,10.0,0,0,0,0.0,0,14.44,14.44,,,73.0,225.0,25.493222222222222,2.0,Washington State,2019.0,2019.0,JAX,178.0,-25.0,
2021,6,00-0035291,T.Williams,RB,CIN,DET,0,0,0.0,0,0.0,0.0,0.0,6,13.0,0,0,0,0.0,0,1.3,1.3,,,68.0,206.0,24.104333333333336,2.0,Texas A&amp;M,2019.0,2019.0,CIN,182.0,,
2021,18,00-0035291,T.Williams,RB,CIN,CLE,0,0,0.0,0,0.0,0.0,0.0,9,38.0,0,2,1,4.0,0,4.2,5.2,,,68.0,206.0,24.104333333333336,2.0,Texas A&amp;M,2019.0,2019.0,CIN,182.0,,0.06896552
2021,3,00-0035298,S.Miller,WR,TB,LA,0,0,0.0,0,0.0,0.0,0.0,0,0.0,0,3,2,11.0,0,1.1,3.1,,,69.0,174.0,24.300631578947367,2.0,Bowling Green,2019.0,2019.0,TB,208.0,,0.055555556
2021,12,00-0035298,S.Miller,WR,TB,IND,0,0,0.0,0,0.0,0.0,0.0,0,0.0,0,1,0,0.0,0,0.0,0.0,,,69.0,174.0,24.300631578947367,2.0,Bowling Green,2019.0,2019.0,TB,208.0,,0.029411765
2021,15,00-0035298,S.Miller,WR,TB,NO,0,0,0.0,0,0.0,0.0,0.0,0,0.0,0,3,2,18.0,0,1.8,3.8,,,69.0,174.0,24.300631578947367,2.0,Bowling Green,2019.0,2019.0,TB,208.0,-9.0,0.0625
2021,16,00-0035298,S.Miller,WR,TB,CAR,0,0,0.0,0,0.0,0.0,0.0,0,0.0,0,1,0,0.0,0,0.0,0.0,,,69.0,174.0,24.300631578947367,2.0,Bowling Green,2019.0,2019.0,TB,208.0,,0.03448276
2021,18,00-0035298,S.Miller,WR,TB,CAR,0,0,0.0,0,0.0,0.0,0.0,2,43.0,1,1,1,9.0,0,11.2,12.2,,,69.0,174.0,24.300631578947367,2.0,Bowling Green,2019.0,2019.0,TB,208.0,24.0,0.02631579
2021,19,00-0035298,S.Miller,WR,TB,PHI,0,0,0.0,0,0.0,0.0,0.0,1,9.0,0,1,1,8.0,0,1.7,2.7,,,69.0,174.0,24.300631578947367,2.0,Bowling Green,2019.0,2019.0,TB,208.0,16.0,0.027777778
2021,20,00-0035298,S.Miller,WR,TB,LA,0,0,0.0,0,0.0,0.0,0.0,0,0.0,0,6,4,38.0,0,3.8,7.8,,,69.0,174.0,24.300631578947367,2.0,Bowling Green,2019.0,2019.0,TB,208.0,-3.0,0.11320755
2021,3,00-0035308,T.Sweeney,TE,BUF,WAS,0,0,0.0,0,0.0,0.0,0.0,0,0.0,0,2,2,2.0,0,0.2,2.2,,,77.0,251.0,26.386578947368424,2.0,Boston College,2019.0,2019.0,BUF,228.0,22.0,0.046511628
2021,5,00-0035308,T.Sweeney,TE,BUF,KC,0,0,0.0,0,0.0,0.0,0.0,0,0.0,0,1,1,1.0,0,0.1,1.1,,,77.0,251.0,26.386578947368424,2.0,Boston College,2019.0,2019.0,BUF,228.0,,0.041666668
2021,6,00-0035308,T.Sweeney,TE,BUF,TEN,0,0,0.0,0,0.0,0.0,0.0,0,0.0,0,1,1,1.0,1,6.1,7.1,,,77.0,251.0,26.386578947368424,2.0,Boston College,2019.0,2019.0,BUF,228.0,,0.022222223
2021,8,00-0035308,T.Sweeney,TE,BUF,MIA,0,0,0.0,0,0.0,0.0,0.0,0,0.0,0,4,3,30.0,0,3.0,6.0,,,77.0,251.0,26.386578947368424,2.0,Boston College,2019.0,2019.0,BUF,228.0,15.0,0.09756097
2021,9,00-0035308,T.Sweeney,TE,BUF,JAX,0,0,0.0,0,0.0,0.0,0.0,0,0.0,0,2,2,10.0,0,1.0,3.0,,,77.0,251.0,26.386578947368424,2.0,Boston College,2019.0,2019.0,BUF,228.0,,0.044444446
2021,11,00-0035308,T.Sweeney,TE,BUF,IND,0,0,0.0,0,0.0,0.0,0.0,0,0.0,0,1,0,0.0,0,0.0,0.0,,,77.0,251.0,26.386578947368424,2.0,Boston College,2019.0,2019.0,BUF,228.0,-26.0,0.025641026
2021,15,00-0035308,T.Sweeney,TE,BUF,CAR,0,0,0.0,0,0.0,0.0,0.0,0,0.0,0,1,0,0.0,0,0.0,0.0,,,77.0,251.0,26.386578947368424,2.0,Boston College,2019.0,2019.0,BUF,228.0,17.0,0.032258064
2021,1,00-0035311,M.Gaskin,RB,MIA,NE,0,0,0.0,0,0.0,0.0,0.0,9,49.0,0,5,5,27.0,0,7.6,12.6,,,70.0,200.0,24.72970588235294,2.0,Washington,2019.0,2019.0,MIA,234.0,,0.18518518
2021,2,00-0035311,M.Gaskin,RB,MIA,BUF,0,0,0.0,0,0.0,0.0,0.0,5,25.0,0,5,4,21.0,0,4.6,8.6,,,70.0,200.0,24.72970588235294,2.0,Washington,2019.0,2019.0,MIA,234.0,-35.0,0.11904762
2021,3,00-0035311,M.Gaskin,RB,MIA,LV,0,0,0.0,0,0.0,0.0,0.0,13,65.0,0,6,3,9.0,0,7.4,10.4,,,70.0,200.0,24.72970588235294,2.0,Washington,2019.0,2019.0,MIA,234.0,,0.12765957
2021,4,00-0035311,M.Gaskin,RB,MIA,IND,0,0,0.0,0,0.0,0.0,0.0,2,3.0,0,0,0,0.0,0,0.3,0.3,,,70.0,200.0,24.72970588235294,2.0,Washington,2019.0,2019.0,MIA,234.0,-10.0,
2021,5,00-0035311,M.Gaskin,RB,MIA,TB,0,0,0.0,0,0.0,0.0,0.0,5,25.0,0,10,10,74.0,2,21.9,31.9,,,70.0,200.0,24.72970588235294,2.0,Washington,2019.0,2019.0,MIA,234.0,,0.25641027
2021,6,00-0035311,M.Gaskin,RB,MIA,JAX,0,0,0.0,0,0.0,0.0,0.0,5,9.0,0,6,2,5.0,0,1.4,3.4,,,70.0,200.0,24.72970588235294,2.0,Washington,2019.0,2019.0,MIA,234.0,,0.12765957
2021,7,00-0035311,M.Gaskin,RB,MIA,ATL,0,0,0.0,0,0.0,0.0,0.0,15,67.0,0,4,4,10.0,1,13.7,17.7,,,70.0,200.0,24.72970588235294,2.0,Washington,2019.0,2019.0,MIA,234.0,-2.0,0.1
2021,8,00-0035311,M.Gaskin,RB,MIA,BUF,0,0,0.0,0,0.0,0.0,0.0,12,36.0,0,4,3,19.0,0,5.5,8.5,,,70.0,200.0,24.72970588235294,2.0,Washington,2019.0,2019.0,MIA,234.0,,0.11111111
2021,9,00-0035311,M.Gaskin,RB,MIA,HOU,0,0,0.0,0,0.0,0.0,0.0,20,34.0,1,6,6,23.0,0,9.7,15.7,,,70.0,200.0,24.72970588235294,2.0,Washington,2019.0,2019.0,MIA,234.0,8.0,0.15
2021,10,00-0035311,M.Gaskin,RB,MIA,BAL,0,0,0.0,0,0.0,0.0,0.0,14,31.0,0,2,1,14.0,0,4.5,5.5,,,70.0,200.0,24.72970588235294,2.0,Washington,2019.0,2019.0,MIA,234.0,12.0,0.05882353
2021,11,00-0035311,M.Gaskin,RB,MIA,NYJ,0,0,0.0,0,0.0,0.0,0.0,23,89.0,0,4,3,7.0,1,15.6,18.6,,,70.0,200.0,24.72970588235294,2.0,Washington,2019.0,2019.0,MIA,234.0,,0.11764706
2021,12,00-0035311,M.Gaskin,RB,MIA,CAR,0,0,0.0,0,0.0,0.0,0.0,16,49.0,2,2,2,3.0,0,17.2,19.2,,,70.0,200.0,24.72970588235294,2.0,Washington,2019.0,2019.0,MIA,234.0,23.0,0.06451613
2021,13,00-0035311,M.Gaskin,RB,MIA,NYG,0,0,0.0,0,0.0,0.0,0.0,15,44.0,0,2,2,5.0,0,4.9,6.9,,,70.0,200.0,24.72970588235294,2.0,Washington,2019.0,2019.0,MIA,234.0,11.0,0.048780486
2021,15,00-0035311,M.Gaskin,RB,MIA,NYJ,0,0,0.0,0,0.0,0.0,0.0,10,54.0,0,0,0,0.0,0,5.4,5.4,,,70.0,200.0,24.72970588235294,2.0,Washington,2019.0,2019.0,MIA,234.0,7.0,
2021,16,00-0035311,M.Gaskin,RB,MIA,NO,0,0,0.0,0,0.0,0.0,0.0,3,10.0,0,3,1,6.0,0,1.6,2.6,,,70.0,200.0,24.72970588235294,2.0,Washington,2019.0,2019.0,MIA,234.0,,0.115384616
2021,17,00-0035311,M.Gaskin,RB,MIA,TEN,0,0,0.0,0,0.0,0.0,0.0,5,23.0,0,1,0,0.0,0,2.3,2.3,,,70.0,200.0,24.72970588235294,2.0,Washington,2019.0,2019.0,MIA,234.0,,0.02631579
2021,18,00-0035311,M.Gaskin,RB,MIA,NE,0,0,0.0,0,0.0,0.0,0.0,1,-1.0,0,3,3,11.0,0,1.0,4.0,,,70.0,200.0,24.72970588235294,2.0,Washington,2019.0,2019.0,MIA,234.0,9.0,0.14285715
2021,7,00-0035327,C.Moore,FS,DET,LA,0,0,0.0,0,0.0,0.0,0.0,1,28.0,0,0,0,0.0,0,2.8,2.8,,,71.0,195.0,25.907176470588237,2.0,Mississippi,2019.0,2019.0,,,,
2021,17,00-0035328,M.Nelson,T,DET,SEA,0,0,0.0,0,0.0,0.0,0.0,0,0.0,0,1,0,0.0,0,0.0,0.0,,,79.0,299.0,25.89629411764706,2.0,Iowa,2019.0,2019.0,,,,0.027027028
2021,1,00-0035329,D.Parham,TE,LAC,WAS,0,0,0.0,0,0.0,0.0,0.0,0,0.0,0,1,0,0.0,0,0.0,0.0,,,80.0,237.0,24.23935294117647,2.0,Stetson University,2019.0,2019.0,,,,0.02173913
2021,3,00-0035329,D.Parham,TE,LAC,KC,0,0,0.0,0,0.0,0.0,0.0,0,0.0,0,1,1,19.0,0,1.9,2.9,,,80.0,237.0,24.23935294117647,2.0,Stetson University,2019.0,2019.0,,,,0.028571429
2021,4,00-0035329,D.Parham,TE,LAC,LV,0,0,0.0,0,0.0,0.0,0.0,0,0.0,0,3,2,17.0,1,7.7,9.7,,,80.0,237.0,24.23935294117647,2.0,Stetson University,2019.0,2019.0,,,14.0,0.078947365
2021,5,00-0035329,D.Parham,TE,LAC,CLE,0,0,0.0,0,0.0,0.0,0.0,0,0.0,0,2,2,29.0,1,10.9,12.9,,,80.0,237.0,24.23935294117647,2.0,Stetson University,2019.0,2019.0,,,5.0,0.04761905
2021,6,00-0035329,D.Parham,TE,LAC,BAL,0,0,0.0,0,0.0,0.0,0.0,0,0.0,0,2,2,10.0,0,1.0,3.0,,,80.0,237.0,24.23935294117647,2.0,Stetson University,2019.0,2019.0,,,,0.051282052
2021,9,00-0035329,D.Parham,TE,LAC,PHI,0,0,0.0,0,0.0,0.0,0.0,0,0.0,0,3,3,39.0,1,9.9,12.9,,,80.0,237.0,24.23935294117647,2.0,Stetson University,2019.0,2019.0,,,,0.08108108
2021,10,00-0035329,D.Parham,TE,LAC,MIN,0,0,0.0,0,0.0,0.0,0.0,0,0.0,0,2,1,17.0,0,1.7,2.7,,,80.0,237.0,24.23935294117647,2.0,Stetson University,2019.0,2019.0,,,-7.0,0.060606062
2021,11,00-0035329,D.Parham,TE,LAC,PIT,0,0,0.0,0,0.0,0.0,0.0,0,0.0,0,5,4,38.0,0,3.8,7.8,,,80.0,237.0,24.23935294117647,2.0,Stetson University,2019.0,2019.0,,,4.0,0.12195122
2021,12,00-0035329,D.Parham,TE,LAC,DEN,0,0,0.0,0,0.0,0.0,0.0,0,0.0,0,1,1,5.0,0,0.5,1.5,,,80.0,237.0,24.23935294117647,2.0,Stetson University,2019.0,2019.0,,,,0.022727273
2021,13,00-0035329,D.Parham,TE,LAC,CIN,0,0,0.0,0,0.0,0.0,0.0,0,0.0,0,4,2,3.0,0,0.3,2.3,,,80.0,237.0,24.23935294117647,2.0,Stetson University,2019.0,2019.0,,,,0.114285715
2021,14,00-0035329,D.Parham,TE,LAC,NYG,0,0,0.0,0,0.0,0.0,0.0,0,0.0,0,2,2,13.0,0,1.3,3.3,,,80.0,237.0,24.23935294117647,2.0,Stetson University,2019.0,2019.0,,,16.0,0.06666667
2021,15,00-0035329,D.Parham,TE,LAC,KC,0,0,0.0,0,0.0,0.0,0.0,0,0.0,0,1,0,0.0,0,0.0,0.0,,,80.0,237.0,24.23935294117647,2.0,Stetson University,2019.0,2019.0,,,-6.0,0.027027028
2021,4,00-0035341,T.Irwin,WR,CIN,JAX,0,0,0.0,0,0.0,0.0,0.0,0,0.0,0,1,1,25.0,0,2.5,3.5,,,74.0,207.0,25.960619047619048,2.0,Stanford,2019.0,2019.0,,,3.0,0.03125
2021,18,00-0035341,T.Irwin,WR,CIN,CLE,0,0,0.0,0,0.0,0.0,0.0,0,0.0,0,4,1,9.0,0,0.9,1.9,,,74.0,207.0,25.960619047619048,2.0,Stanford,2019.0,2019.0,,,,0.13793103
2021,8,00-0035342,P.Laird,RB,MIA,BUF,0,0,0.0,0,0.0,0.0,0.0,0,0.0,0,1,1,10.0,0,1.0,2.0,,,73.0,205.0,26.230117647058822,2.0,California,2019.0,2019.0,,,,0.027777778
2021,10,00-0035342,P.Laird,RB,MIA,BAL,0,0,0.0,0,0.0,0.0,0.0,0,0.0,0,1,1,2.0,0,0.2,1.2,,,73.0,205.0,26.230117647058822,2.0,California,2019.0,2019.0,,,12.0,0.029411765
2021,11,00-0035342,P.Laird,RB,MIA,NYJ,0,0,0.0,0,0.0,0.0,0.0,1,4.0,0,1,1,5.0,0,0.9,1.9,,,73.0,205.0,26.230117647058822,2.0,California,2019.0,2019.0,,,,0.029411765
2021,11,00-0035345,C.Myarick,TE,NYG,TB,0,0,0.0,0,0.0,0.0,0.0,0,0.0,0,1,0,0.0,0,0.0,0.0,,,77.0,255.0,26.138761904761903,2.0,Temple,2019.0,2019.0,,,,0.027027028
2021,12,00-0035345,C.Myarick,TE,NYG,PHI,0,0,0.0,0,0.0,0.0,0.0,0,0.0,0,2,2,11.0,1,7.1,9.1,,,77.0,255.0,26.138761904761903,2.0,Temple,2019.0,2019.0,,,6.0,0.06896552
2021,14,00-0035345,C.Myarick,TE,NYG,LAC,0,0,0.0,0,0.0,0.0,0.0,0,0.0,0,1,0,0.0,0,0.0,0.0,,,77.0,255.0,26.138761904761903,2.0,Temple,2019.0,2019.0,,,,0.029411765
2021,16,00-0035345,C.Myarick,TE,NYG,PHI,0,0,0.0,0,0.0,0.0,0.0,0,0.0,0,2,1,6.0,0,0.6,1.6,,,77.0,255.0,26.138761904761903,2.0,Temple,2019.0,2019.0,,,,0.048780486
2021,2,00-0035350,P.Williams,WR,MIA,BUF,0,0,0.0,0,0.0,0.0,0.0,0,0.0,0,3,1,2.0,0,0.2,1.2,,,77.0,218.0,24.62029411764706,2.0,Colorado State,2019.0,2019.0,,,-35.0,0.071428575
2021,5,00-0035350,P.Williams,WR,MIA,TB,0,0,0.0,0,0.0,0.0,0.0,1,7.0,0,5,3,60.0,0,6.7,9.7,,,77.0,218.0,24.62029411764706,2.0,Colorado State,2019.0,2019.0,,,,0.12820514
2021,7,00-0035350,P.Williams,WR,MIA,ATL,0,0,0.0,0,0.0,0.0,0.0,0,0.0,0,4,1,5.0,0,0.5,1.5,,,77.0,218.0,24.62029411764706,2.0,Colorado State,2019.0,2019.0,,,-2.0,0.1
2021,10,00-0035350,P.Williams,WR,MIA,BAL,0,0,0.0,0,0.0,0.0,0.0,0,0.0,0,2,0,0.0,0,0.0,0.0,,,77.0,218.0,24.62029411764706,2.0,Colorado State,2019.0,2019.0,,,12.0,0.05882353
2021,11,00-0035350,P.Williams,WR,MIA,NYJ,0,0,0.0,0,0.0,0.0,0.0,0,0.0,0,1,0,0.0,0,0.0,0.0,,,77.0,218.0,24.62029411764706,2.0,Colorado State,2019.0,2019.0,,,,0.029411765
2021,12,00-0035350,P.Williams,WR,MIA,CAR,0,0,0.0,0,0.0,0.0,0.0,0,0.0,0,1,1,4.0,0,0.4,1.4,,,77.0,218.0,24.62029411764706,2.0,Colorado State,2019.0,2019.0,,,23.0,0.032258064
2021,11,00-0035356,T.Jackson,TE,PHI,NO,0,0,0.0,0,0.0,0.0,0.0,0,0.0,0,1,0,0.0,0,0.0,0.0,,,79.0,249.0,24.014722222222222,2.0,Buffalo,2019.0,2019.0,,,11.0,0.04347826
2021,16,00-0035356,T.Jackson,TE,PHI,NYG,0,0,0.0,0,0.0,0.0,0.0,0,0.0,0,1,0,0.0,0,0.0,0.0,,,79.0,249.0,24.014722222222222,2.0,Buffalo,2019.0,2019.0,,,24.0,0.035714287
2021,18,00-0035356,T.Jackson,TE,PHI,DAL,0,0,0.0,0,0.0,0.0,0.0,0,0.0,0,5,3,22.0,1,8.2,11.2,,,79.0,249.0,24.014722222222222,2.0,Buffalo,2019.0,2019.0,,,-25.0,0.14705883
2021,7,00-0035359,D.Sills,WR,NYG,CAR,0,0,0.0,0,0.0,0.0,0.0,0,0.0,0,1,0,0.0,0,0.0,0.0,,,75.0,210.0,25.451705882352943,2.0,West Virginia,2019.0,2019.0,,,22.0,0.030303031
2021,16,00-0035359,D.Sills,WR,NYG,PHI,0,0,0.0,0,0.0,0.0,0.0,0,0.0,0,1,1,5.0,0,0.5,1.5,,,75.0,210.0,25.451705882352943,2.0,West Virginia,2019.0,2019.0,,,,0.024390243
2021,17,00-0035359,D.Sills,WR,NYG,CHI,0,0,0.0,0,0.0,0.0,0.0,0,0.0,0,1,1,12.0,0,1.2,2.2,,,75.0,210.0,25.451705882352943,2.0,West Virginia,2019.0,2019.0,,,,0.09090909
2021,18,00-0035359,D.Sills,WR,NYG,WAS,0,0,0.0,0,0.0,0.0,0.0,0,0.0,0,3,0,0.0,0,0.0,0.0,,,75.0,210.0,25.451705882352943,2.0,West Virginia,2019.0,2019.0,,,-15.0,0.1
2021,16,00-0035378,A.Wingard,FS,JAX,NYJ,0,0,0.0,0,0.0,0.0,0.0,1,4.0,0,0,0,0.0,0,0.4,0.4,,,72.0,209.0,24.934588235294115,2.0,Wyoming,2019.0,2019.0,,,,
2021,11,00-0035399,S.Morgan,WR,CIN,LV,0,0,0.0,0,0.0,0.0,0.0,0,0.0,0,1,1,3.0,0,0.3,1.3,,,72.0,205.0,25.215809523809526,2.0,Nebraska,2019.0,2019.0,,,,0.035714287
2021,12,00-0035399,S.Morgan,WR,CIN,PIT,0,0,0.0,0,0.0,0.0,0.0,0,0.0,0,1,0,0.0,0,0.0,0.0,,,72.0,205.0,25.215809523809526,2.0,Nebraska,2019.0,2019.0,,,31.0,0.041666668
2021,18,00-0035399,S.Morgan,WR,CIN,CLE,0,0,0.0,0,0.0,0.0,0.0,1,3.0,0,2,1,8.0,0,1.1,2.1,,,72.0,205.0,25.215809523809526,2.0,Nebraska,2019.0,2019.0,,,,0.06896552
2021,2,00-0035406,L.Humphrey,WR,NO,CAR,0,0,0.0,0,0.0,0.0,0.0,0,0.0,0,2,1,27.0,0,2.7,3.7,,,76.0,225.0,23.56670588235294,2.0,Texas,2019.0,2019.0,,,,0.0952381
2021,11,00-0035406,L.Humphrey,WR,NO,PHI,0,0,0.0,0,0.0,0.0,0.0,0,0.0,0,1,1,4.0,1,6.4,7.4,,,76.0,225.0,23.56670588235294,2.0,Texas,2019.0,2019.0,,,,0.027777778
2021,12,00-0035406,L.Humphrey,WR,NO,BUF,0,0,0.0,0,0.0,0.0,0.0,0,0.0,0,5,3,47.0,0,4.7,7.7,,,76.0,225.0,23.56670588235294,2.0,Texas,2019.0,2019.0,,,-25.0,0.17857143
2021,13,00-0035406,L.Humphrey,WR,NO,DAL,0,0,0.0,0,0.0,0.0,0.0,0,0.0,0,2,2,49.0,1,10.9,12.9,,,76.0,225.0,23.56670588235294,2.0,Texas,2019.0,2019.0,,,-10.0,0.048780486
2021,16,00-0035406,L.Humphrey,WR,NO,MIA,0,0,0.0,0,0.0,0.0,0.0,0,0.0,0,5,3,70.0,0,7.0,10.0,,,76.0,225.0,23.56670588235294,2.0,Texas,2019.0,2019.0,,,-17.0,0.2777778
2021,17,00-0035406,L.Humphrey,WR,NO,CAR,0,0,0.0,0,0.0,0.0,0.0,0,0.0,0,2,2,26.0,0,2.6,4.6,,,76.0,225.0,23.56670588235294,2.0,Texas,2019.0,2019.0,,,8.0,0.08695652
2021,18,00-0035406,L.Humphrey,WR,NO,ATL,0,0,0.0,0,0.0,0.0,0.0,0,0.0,0,1,1,26.0,0,2.6,3.6,,,76.0,225.0,23.56670588235294,2.0,Texas,2019.0,2019.0,,,,0.04347826
2021,1,00-0035414,J.Guyton,WR,LAC,WAS,0,0,0.0,0,0.0,0.0,0.0,0,0.0,0,5,3,49.0,0,4.9,7.9,,,73.0,212.0,24.431,2.0,North Texas,2019.0,2019.0,,,,0.10869565
2021,2,00-0035414,J.Guyton,WR,LAC,DAL,0,0,0.0,0,0.0,0.0,0.0,1,9.0,0,2,2,13.0,0,2.2,4.2,,,73.0,212.0,24.431,2.0,North Texas,2019.0,2019.0,,,-3.0,0.05
2021,3,00-0035414,J.Guyton,WR,LAC,KC,0,0,0.0,0,0.0,0.0,0.0,1,3.0,0,1,0,0.0,0,0.3,0.3,,,73.0,212.0,24.431,2.0,North Texas,2019.0,2019.0,,,,0.028571429
2021,4,00-0035414,J.Guyton,WR,LAC,LV,0,0,0.0,0,0.0,0.0,0.0,2,20.0,0,2,1,9.0,0,2.9,3.9,,,73.0,212.0,24.431,2.0,North Texas,2019.0,2019.0,,,14.0,0.05263158
2021,5,00-0035414,J.Guyton,WR,LAC,CLE,0,0,0.0,0,0.0,0.0,0.0,0,0.0,0,3,2,35.0,0,3.5,5.5,,,73.0,212.0,24.431,2.0,North Texas,2019.0,2019.0,,,5.0,0.071428575
2021,6,00-0035414,J.Guyton,WR,LAC,BAL,0,0,0.0,0,0.0,0.0,0.0,0,0.0,0,5,1,15.0,0,1.5,2.5,,,73.0,212.0,24.431,2.0,North Texas,2019.0,2019.0,,,,0.12820514
2021,8,00-0035414,J.Guyton,WR,LAC,NE,0,0,0.0,0,0.0,0.0,0.0,0,0.0,0,2,1,18.0,0,1.8,2.8,,,73.0,212.0,24.431,2.0,North Texas,2019.0,2019.0,,,-3.0,0.05882353
2021,9,00-0035414,J.Guyton,WR,LAC,PHI,0,0,0.0,0,0.0,0.0,0.0,0,0.0,0,2,1,19.0,0,1.9,2.9,,,73.0,212.0,24.431,2.0,North Texas,2019.0,2019.0,,,,0.054054055
2021,10,00-0035414,J.Guyton,WR,LAC,MIN,0,0,0.0,0,0.0,0.0,0.0,0,0.0,0,1,0,0.0,0,0.0,0.0,,,73.0,212.0,24.431,2.0,North Texas,2019.0,2019.0,,,-7.0,0.030303031
2021,11,00-0035414,J.Guyton,WR,LAC,PIT,0,0,0.0,0,0.0,0.0,0.0,1,2.0,0,2,1,18.0,0,2.0,3.0,,,73.0,212.0,24.431,2.0,North Texas,2019.0,2019.0,,,4.0,0.048780486
2021,12,00-0035414,J.Guyton,WR,LAC,DEN,0,0,0.0,0,0.0,0.0,0.0,0,0.0,0,3,2,23.0,0,2.3,4.3,,,73.0,212.0,24.431,2.0,North Texas,2019.0,2019.0,,,,0.06818182
2021,13,00-0035414,J.Guyton,WR,LAC,CIN,0,0,0.0,0,0.0,0.0,0.0,1,-1.0,0,4,4,90.0,1,14.9,18.9,,,73.0,212.0,24.431,2.0,North Texas,2019.0,2019.0,,,,0.114285715
2021,14,00-0035414,J.Guyton,WR,LAC,NYG,0,0,0.0,0,0.0,0.0,0.0,0,0.0,0,3,3,87.0,1,14.7,17.7,,,73.0,212.0,24.431,2.0,North Texas,2019.0,2019.0,,,16.0,0.1
2021,15,00-0035414,J.Guyton,WR,LAC,KC,0,0,0.0,0,0.0,0.0,0.0,0,0.0,0,2,2,10.0,1,7.0,9.0,,,73.0,212.0,24.431,2.0,North Texas,2019.0,2019.0,,,-6.0,0.054054055
2021,17,00-0035414,J.Guyton,WR,LAC,DEN,0,0,0.0,0,0.0,0.0,0.0,1,1.0,0,2,2,10.0,0,1.1,3.1,,,73.0,212.0,24.431,2.0,North Texas,2019.0,2019.0,,,21.0,0.06666667
2021,18,00-0035414,J.Guyton,WR,LAC,LV,0,0,0.0,0,0.0,0.0,0.0,0,0.0,0,9,6,52.0,0,5.2,11.2,,,73.0,212.0,24.431,2.0,North Texas,2019.0,2019.0,,,,0.140625
2021,12,00-0035428,D.Helm,TE,LV,DAL,0,0,0.0,0,0.0,0.0,0.0,0,0.0,0,1,0,0.0,0,0.0,0.0,,,76.0,248.0,26.646818181818183,2.0,Duke,2019.0,2019.0,,,,0.02631579
2021,15,00-0035428,D.Helm,TE,LV,CLE,0,0,0.0,0,0.0,0.0,0.0,0,0.0,0,1,1,-1.0,0,-0.1,0.9,,,76.0,248.0,26.646818181818183,2.0,Duke,2019.0,2019.0,,,,0.027777778
2021,16,00-0035432,J.Moore,WR,LAC,HOU,0,0,0.0,0,0.0,0.0,0.0,0,0.0,0,4,3,56.0,0,5.6,8.6,,,75.0,215.0,26.388470588235293,2.0,Findlay,2019.0,2019.0,,,,0.11764706
2021,3,00-0035448,D.Crockett,RB,DEN,NYJ,0,0,0.0,0,0.0,0.0,0.0,3,7.0,0,0,0,0.0,0,0.7,0.7,,,71.0,225.0,23.88405882352941,2.0,Missouri,2019.0,2019.0,,,26.0,
2021,1,00-0035457,T.Johnson,WR,JAX,HOU,0,0,0.0,0,0.0,0.0,0.0,0,0.0,0,1,1,6.0,0,0.6,1.6,,,73.0,193.0,25.853055555555557,2.0,Oklahoma State,2019.0,2019.0,,,,0.02
2021,2,00-0035457,T.Johnson,WR,JAX,DEN,0,0,0.0,0,0.0,0.0,0.0,0,0.0,0,1,0,0.0,0,0.0,0.0,,,73.0,193.0,25.853055555555557,2.0,Oklahoma State,2019.0,2019.0,,,-10.0,0.030303031
2021,4,00-0035457,T.Johnson,WR,JAX,CIN,0,0,0.0,0,0.0,0.0,0.0,0,0.0,0,1,0,0.0,0,0.0,0.0,,,73.0,193.0,25.853055555555557,2.0,Oklahoma State,2019.0,2019.0,,,,0.045454547
2021,8,00-0035457,T.Johnson,WR,JAX,SEA,0,0,0.0,0,0.0,0.0,0.0,0,0.0,0,2,1,10.0,0,1.0,2.0,,,73.0,193.0,25.853055555555557,2.0,Oklahoma State,2019.0,2019.0,,,,0.03846154
2021,1,00-0035480,M.Taylor,WR,GB,NO,0,0,0.0,0,0.0,0.0,0.0,0,0.0,0,3,2,14.0,0,1.4,3.4,,,73.0,216.0,25.897277777777777,2.0,Ferris State,2019.0,2019.0,,,,0.09090909
2021,17,00-0035500,G.Dortch,WR,ARI,DAL,0,0,0.0,0,0.0,0.0,0.0,1,24.0,0,1,1,10.0,0,3.4,4.4,,,67.0,173.0,23.461055555555554,2.0,Wake Forest,2019.0,2019.0,,,,0.027027028
2021,18,00-0035500,G.Dortch,WR,ARI,SEA,0,0,0.0,0,0.0,0.0,0.0,0,0.0,0,2,2,5.0,0,0.5,2.5,,,67.0,173.0,23.461055555555554,2.0,Wake Forest,2019.0,2019.0,,,-8.0,0.051282052
2021,1,00-0035510,J.Smith,WR,NYJ,CAR,0,0,0.0,0,0.0,0.0,0.0,0,0.0,0,1,0,0.0,0,0.0,0.0,,,73.0,195.0,24.560588235294116,2.0,Boston College,2019.0,2019.0,,,,0.027777778
2021,2,00-0035510,J.Smith,WR,NYJ,NE,0,0,0.0,0,0.0,0.0,0.0,0,0.0,0,2,1,35.0,0,3.5,4.5,,,73.0,195.0,24.560588235294116,2.0,Boston College,2019.0,2019.0,,,-19.0,0.060606062
2021,3,00-0035510,J.Smith,WR,NYJ,DEN,0,0,0.0,0,0.0,0.0,0.0,0,0.0,0,1,1,13.0,0,1.3,2.3,,,73.0,195.0,24.560588235294116,2.0,Boston College,2019.0,2019.0,,,,0.030303031
2021,8,00-0035510,J.Smith,WR,NYJ,CIN,0,0,0.0,0,0.0,0.0,0.0,1,-1.0,0,1,1,10.0,0,0.9,1.9,,,73.0,195.0,24.560588235294116,2.0,Boston College,2019.0,2019.0,,,3.0,0.020408163
2021,9,00-0035510,J.Smith,WR,NYJ,IND,0,0,0.0,0,0.0,0.0,0.0,0,0.0,0,4,3,40.0,0,4.0,7.0,,,73.0,195.0,24.560588235294116,2.0,Boston College,2019.0,2019.0,,,,0.07692308
2021,16,00-0035510,J.Smith,WR,NYJ,JAX,0,0,0.0,0,0.0,0.0,0.0,0,0.0,0,1,0,0.0,0,0.0,0.0,,,73.0,195.0,24.560588235294116,2.0,Boston College,2019.0,2019.0,,,5.0,0.04761905
2021,17,00-0035510,J.Smith,WR,NYJ,TB,0,0,0.0,0,0.0,0.0,0.0,0,0.0,0,4,1,13.0,0,1.3,2.3,,,73.0,195.0,24.560588235294116,2.0,Boston College,2019.0,2019.0,,,-4.0,0.13333334
2021,18,00-0035510,J.Smith,WR,NYJ,BUF,0,0,0.0,0,0.0,0.0,0.0,0,0.0,0,3,1,2.0,0,0.2,1.2,,,73.0,195.0,24.560588235294116,2.0,Boston College,2019.0,2019.0,,,,0.15789473
2021,15,00-0035527,A.Isabella,WR,ARI,DET,0,0,0.0,0,0.0,0.0,0.0,0,0.0,0,1,1,13.0,0,1.3,2.3,,,69.0,190.0,24.986055555555556,2.0,Massachusetts,2019.0,2019.0,ARI,62.0,,0.020833334
2021,1,00-0035535,D.Slayton,WR,NYG,DEN,0,0,0.0,0,0.0,0.0,0.0,0,0.0,0,7,3,65.0,0,6.5,9.5,,,73.0,190.0,24.827470588235293,2.0,Auburn,2019.0,2019.0,NYG,171.0,-14.0,0.19444445
2021,2,00-0035535,D.Slayton,WR,NYG,WAS,0,0,0.0,0,0.0,0.0,0.0,0,0.0,0,6,3,54.0,1,11.4,14.4,,,73.0,190.0,24.827470588235293,2.0,Auburn,2019.0,2019.0,NYG,171.0,,0.1875
2021,3,00-0035535,D.Slayton,WR,NYG,ATL,0,0,0.0,0,0.0,0.0,0.0,0,0.0,0,1,1,8.0,0,0.8,1.8,,,73.0,190.0,24.827470588235293,2.0,Auburn,2019.0,2019.0,NYG,171.0,-3.0,0.028571429
2021,7,00-0035535,D.Slayton,WR,NYG,CAR,0,0,0.0,0,0.0,0.0,0.0,0,0.0,0,9,5,63.0,0,6.3,11.3,,,73.0,190.0,24.827470588235293,2.0,Auburn,2019.0,2019.0,NYG,171.0,22.0,0.27272728
2021,8,00-0035535,D.Slayton,WR,NYG,KC,0,0,0.0,0,0.0,0.0,0.0,0,0.0,0,2,0,0.0,0,0.0,0.0,,,73.0,190.0,24.827470588235293,2.0,Auburn,2019.0,2019.0,NYG,171.0,,0.060606062
2021,9,00-0035535,D.Slayton,WR,NYG,LV,0,0,0.0,0,0.0,0.0,0.0,0,0.0,0,1,0,0.0,0,0.0,0.0,,,73.0,190.0,24.827470588235293,2.0,Auburn,2019.0,2019.0,NYG,171.0,7.0,0.055555556
2021,11,00-0035535,D.Slayton,WR,NYG,TB,0,0,0.0,0,0.0,0.0,0.0,0,0.0,0,7,4,37.0,0,1.7,5.7,,,73.0,190.0,24.827470588235293,2.0,Auburn,2019.0,2019.0,NYG,171.0,,0.1891892
2021,12,00-0035535,D.Slayton,WR,NYG,PHI,0,0,0.0,0,0.0,0.0,0.0,1,-13.0,0,4,3,40.0,0,2.7,5.7,,,73.0,190.0,24.827470588235293,2.0,Auburn,2019.0,2019.0,NYG,171.0,6.0,0.13793103
2021,13,00-0035535,D.Slayton,WR,NYG,MIA,0,0,0.0,0,0.0,0.0,0.0,0,0.0,0,7,2,13.0,0,1.3,3.3,,,73.0,190.0,24.827470588235293,2.0,Auburn,2019.0,2019.0,NYG,171.0,,0.18421052
2021,14,00-0035535,D.Slayton,WR,NYG,LAC,0,0,0.0,0,0.0,0.0,0.0,0,0.0,0,3,0,0.0,0,0.0,0.0,,,73.0,190.0,24.827470588235293,2.0,Auburn,2019.0,2019.0,NYG,171.0,,0.0882353
2021,15,00-0035535,D.Slayton,WR,NYG,DAL,0,0,0.0,0,0.0,0.0,0.0,0,0.0,0,3,2,23.0,0,2.3,4.3,,,73.0,190.0,24.827470588235293,2.0,Auburn,2019.0,2019.0,NYG,171.0,-15.0,0.083333336
2021,16,00-0035535,D.Slayton,WR,NYG,PHI,0,0,0.0,0,0.0,0.0,0.0,0,0.0,0,5,1,7.0,0,0.7,1.7,,,73.0,190.0,24.827470588235293,2.0,Auburn,2019.0,2019.0,NYG,171.0,,0.12195122
2021,18,00-0035535,D.Slayton,WR,NYG,WAS,0,0,0.0,0,0.0,0.0,0.0,0,0.0,0,3,2,29.0,1,8.9,10.9,,,73.0,190.0,24.827470588235293,2.0,Auburn,2019.0,2019.0,NYG,171.0,-15.0,0.1
2021,1,00-0035537,T.Johnson,RB,NYJ,CAR,0,0,0.0,0,0.0,0.0,0.0,4,15.0,0,3,1,11.0,0,2.6,3.6,,,70.0,210.0,24.152588235294118,2.0,Maryland,2019.0,2019.0,DET,186.0,,0.083333336
2021,2,00-0035537,T.Johnson,RB,NYJ,NE,0,0,0.0,0,0.0,0.0,0.0,12,50.0,0,0,0,0.0,0,5.0,5.0,,,70.0,210.0,24.152588235294118,2.0,Maryland,2019.0,2019.0,DET,186.0,-19.0,
2021,3,00-0035537,T.Johnson,RB,NYJ,DEN,0,0,0.0,0,0.0,0.0,0.0,3,17.0,0,5,1,6.0,0,2.3,3.3,,,70.0,210.0,24.152588235294118,2.0,Maryland,2019.0,2019.0,DET,186.0,,0.15151516
2021,4,00-0035537,T.Johnson,RB,NYJ,TEN,0,0,0.0,0,0.0,0.0,0.0,3,1.0,0,2,2,12.0,0,1.3,3.3,,,70.0,210.0,24.152588235294118,2.0,Maryland,2019.0,2019.0,DET,186.0,3.0,0.05882353
2021,5,00-0035537,T.Johnson,RB,NYJ,ATL,0,0,0.0,0,0.0,0.0,0.0,4,12.0,1,3,2,22.0,0,9.4,11.4,,,70.0,210.0,24.152588235294118,2.0,Maryland,2019.0,2019.0,DET,186.0,,0.09677419
2021,7,00-0035537,T.Johnson,RB,NYJ,NE,0,0,0.0,0,0.0,0.0,0.0,5,6.0,0,7,6,65.0,0,7.1,13.1,,,70.0,210.0,24.152588235294118,2.0,Maryland,2019.0,2019.0,DET,186.0,,0.17073171
2021,8,00-0035537,T.Johnson,RB,NYJ,CIN,0,0,0.0,0,0.0,0.0,0.0,4,15.0,0,6,5,71.0,1,14.6,19.6,,,70.0,210.0,24.152588235294118,2.0,Maryland,2019.0,2019.0,DET,186.0,3.0,0.12244898
2021,9,00-0035537,T.Johnson,RB,NYJ,IND,0,0,0.0,0,0.0,0.0,0.0,4,21.0,0,3,2,40.0,1,10.1,12.1,,,70.0,210.0,24.152588235294118,2.0,Maryland,2019.0,2019.0,DET,186.0,,0.057692308
2021,10,00-0035537,T.Johnson,RB,NYJ,BUF,0,0,0.0,0,0.0,0.0,0.0,2,2.0,0,8,5,36.0,0,3.8,8.8,,,70.0,210.0,24.152588235294118,2.0,Maryland,2019.0,2019.0,DET,186.0,-28.0,0.17391305
2021,11,00-0035537,T.Johnson,RB,NYJ,MIA,0,0,0.0,0,0.0,0.0,0.0,1,5.0,0,1,1,8.0,0,1.3,2.3,,,70.0,210.0,24.152588235294118,2.0,Maryland,2019.0,2019.0,DET,186.0,-7.0,0.028571429
2021,12,00-0035537,T.Johnson,RB,NYJ,HOU,0,0,0.0,0,0.0,0.0,0.0,6,42.0,0,1,0,0.0,0,4.2,4.2,,,70.0,210.0,24.152588235294118,2.0,Maryland,2019.0,2019.0,DET,186.0,,0.04347826
2021,13,00-0035537,T.Johnson,RB,NYJ,PHI,0,0,0.0,0,0.0,0.0,0.0,1,1.0,0,4,2,14.0,0,1.5,3.5,,,70.0,210.0,24.152588235294118,2.0,Maryland,2019.0,2019.0,DET,186.0,-15.0,0.11111111
2021,14,00-0035537,T.Johnson,RB,NYJ,NO,0,0,0.0,0,0.0,0.0,0.0,6,17.0,0,7,4,40.0,0,5.7,9.7,,,70.0,210.0,24.152588235294118,2.0,Maryland,2019.0,2019.0,DET,186.0,-21.0,0.175
2021,17,00-0035537,T.Johnson,RB,NYJ,TB,0,0,0.0,0,0.0,0.0,0.0,5,35.0,1,4,3,47.0,0,14.2,17.2,,,70.0,210.0,24.152588235294118,2.0,Maryland,2019.0,2019.0,DET,186.0,-4.0,0.13333334
2021,18,00-0035537,T.Johnson,RB,NYJ,BUF,0,0,0.0,0,0.0,0.0,0.0,1,-1.0,0,1,0,0.0,0,-0.1,-0.1,,,70.0,210.0,24.152588235294118,2.0,Maryland,2019.0,2019.0,DET,186.0,,0.05263158
2021,6,00-0035544,T.Kennedy,WR,DET,CIN,0,0,0.0,0,0.0,0.0,0.0,0,0.0,0,1,1,15.0,0,1.5,2.5,,,70.0,194.0,25.28564705882353,2.0,Bryant,2019.0,2019.0,,,-23.0,0.025641026
2021,8,00-0035544,T.Kennedy,WR,DET,PHI,0,0,0.0,0,0.0,0.0,0.0,0,0.0,0,1,0,0.0,0,0.0,0.0,,,70.0,194.0,25.28564705882353,2.0,Bryant,2019.0,2019.0,,,-38.0,0.03125
2021,14,00-0035544,T.Kennedy,WR,DET,DEN,0,0,0.0,0,0.0,0.0,0.0,0,0.0,0,1,1,7.0,0,0.7,1.7,,,70.0,194.0,25.28564705882353,2.0,Bryant,2019.0,2019.0,,,,0.02631579
2021,16,00-0035544,T.Kennedy,WR,DET,ATL,0,0,0.0,0,0.0,0.0,0.0,0,0.0,0,2,2,16.0,0,1.6,3.6,,,70.0,194.0,25.28564705882353,2.0,Bryant,2019.0,2019.0,,,,0.057142857
2021,17,00-0035544,T.Kennedy,WR,DET,SEA,0,0,0.0,0,0.0,0.0,0.0,0,0.0,0,3,0,0.0,0,0.0,0.0,,,70.0,194.0,25.28564705882353,2.0,Bryant,2019.0,2019.0,,,,0.08108108
2021,18,00-0035544,T.Kennedy,WR,DET,GB,1,1,75.0,1,0.0,0.0,-0.0,0,0.0,0,2,2,16.0,0,8.6,10.6,,,70.0,194.0,25.28564705882353,2.0,Bryant,2019.0,2019.0,,,7.0,0.06896552
2021,2,00-0035547,J.Fortson,TE,KC,BAL,0,0,0.0,0,0.0,0.0,0.0,0,0.0,0,1,1,11.0,0,1.1,2.1,,,78.0,230.0,25.956200000000003,2.0,Valdosta State,2019.0,2019.0,,,,0.033333335
2021,3,00-0035547,J.Fortson,TE,KC,LAC,0,0,0.0,0,0.0,0.0,0.0,0,0.0,0,2,2,7.0,1,6.7,8.7,,,78.0,230.0,25.956200000000003,2.0,Valdosta State,2019.0,2019.0,,,-6.0,0.05
2021,4,00-0035547,J.Fortson,TE,KC,PHI,0,0,0.0,0,0.0,0.0,0.0,0,0.0,0,1,1,2.0,1,6.2,7.2,,,78.0,230.0,25.956200000000003,2.0,Valdosta State,2019.0,2019.0,,,,0.033333335
2021,6,00-0035547,J.Fortson,TE,KC,WAS,0,0,0.0,0,0.0,0.0,0.0,0,0.0,0,1,1,27.0,0,2.7,3.7,,,78.0,230.0,25.956200000000003,2.0,Valdosta State,2019.0,2019.0,,,,0.02173913
2021,5,00-0035562,J.Horsted,TE,CHI,LV,0,0,0.0,0,0.0,0.0,0.0,0,0.0,0,1,1,2.0,1,6.2,7.2,,,76.0,237.0,24.701529411764707,2.0,Princeton,2019.0,2019.0,,,,0.05
2021,7,00-0035562,J.Horsted,TE,CHI,TB,0,0,0.0,0,0.0,0.0,0.0,0,0.0,0,1,0,0.0,0,0.0,0.0,,,76.0,237.0,24.701529411764707,2.0,Princeton,2019.0,2019.0,,,,0.032258064
2021,15,00-0035562,J.Horsted,TE,CHI,MIN,0,0,0.0,0,0.0,0.0,0.0,0,0.0,0,1,1,19.0,1,7.9,8.9,,,76.0,237.0,24.701529411764707,2.0,Princeton,2019.0,2019.0,,,-8.0,0.027777778
2021,14,00-0035567,C.Reynolds,RB,DET,DEN,0,0,0.0,0,0.0,0.0,0.0,11,83.0,0,2,2,16.0,0,9.9,11.9,,,71.0,215.0,25.406117647058824,2.0,Kutztown,2019.0,2019.0,,,,0.05263158
2021,15,00-0035567,C.Reynolds,RB,DET,ARI,0,0,0.0,0,0.0,0.0,0.0,26,112.0,0,1,1,5.0,0,11.7,12.7,,,71.0,215.0,25.406117647058824,2.0,Kutztown,2019.0,2019.0,,,18.0,0.03846154
2021,16,00-0035567,C.Reynolds,RB,DET,ATL,0,0,0.0,0,0.0,0.0,0.0,11,29.0,0,4,3,22.0,0,5.1,8.1,,,71.0,215.0,25.406117647058824,2.0,Kutztown,2019.0,2019.0,,,,0.114285715
2021,17,00-0035567,C.Reynolds,RB,DET,SEA,0,0,0.0,0,0.0,0.0,0.0,4,4.0,0,1,1,9.0,0,1.3,2.3,,,71.0,215.0,25.406117647058824,2.0,Kutztown,2019.0,2019.0,,,,0.027027028
2021,18,00-0035567,C.Reynolds,RB,DET,GB,0,0,0.0,0,0.0,0.0,0.0,3,2.0,0,0,0,0.0,0,0.2,0.2,,,71.0,215.0,25.406117647058824,2.0,Kutztown,2019.0,2019.0,,,7.0,
2021,2,00-0035572,P.Hesse,TE,ATL,TB,0,0,0.0,0,0.0,0.0,0.0,0,0.0,0,1,0,0.0,0,0.0,0.0,,,75.0,261.0,26.466117647058823,2.0,Iowa,2019.0,2019.0,,,,0.020833334
2021,11,00-0035572,P.Hesse,TE,ATL,NE,0,0,0.0,0,0.0,0.0,0.0,0,0.0,0,1,1,5.0,0,0.5,1.5,,,75.0,261.0,26.466117647058823,2.0,Iowa,2019.0,2019.0,,,-25.0,0.032258064
2021,12,00-0035572,P.Hesse,TE,ATL,JAX,0,0,0.0,0,0.0,0.0,0.0,0,0.0,0,1,1,7.0,0,0.7,1.7,,,75.0,261.0,26.466117647058823,2.0,Iowa,2019.0,2019.0,,,,0.035714287
2021,17,00-0035572,P.Hesse,TE,ATL,BUF,0,0,0.0,0,0.0,0.0,0.0,0,0.0,0,3,3,31.0,0,3.1,6.1,,,75.0,261.0,26.466117647058823,2.0,Iowa,2019.0,2019.0,,,,0.15
2021,17,00-0035588,G.Bradbury,C,MIN,GB,0,0,0.0,0,0.0,0.0,0.0,0,0.0,0,1,1,21.0,0,2.1,3.1,,,75.0,305.0,26.396764705882354,2.0,North Carolina State,2019.0,2019.0,MIN,18.0,,0.027027028
2021,8,00-0035593,J.Winfree,WR,GB,ARI,0,0,0.0,0,0.0,0.0,0.0,0,0.0,0,6,4,30.0,0,3.0,7.0,,,73.0,215.0,25.191055555555558,2.0,Colorado,2019.0,2019.0,DEN,187.0,,0.17142858
2021,15,00-0035593,J.Winfree,WR,GB,BAL,0,0,0.0,0,0.0,0.0,0.0,0,0.0,0,1,0,0.0,0,0.0,0.0,,,73.0,215.0,25.191055555555558,2.0,Colorado,2019.0,2019.0,DEN,187.0,,0.032258064
2021,16,00-0035593,J.Winfree,WR,GB,CLE,0,0,0.0,0,0.0,0.0,0.0,0,0.0,0,1,0,0.0,0,0.0,0.0,,,73.0,215.0,25.191055555555558,2.0,Colorado,2019.0,2019.0,DEN,187.0,2.0,0.029411765
2021,17,00-0035593,J.Winfree,WR,GB,MIN,0,0,0.0,0,0.0,0.0,0.0,0,0.0,0,2,1,12.0,0,1.2,2.2,,,73.0,215.0,25.191055555555558,2.0,Colorado,2019.0,2019.0,DEN,187.0,27.0,0.04761905
2021,18,00-0035593,J.Winfree,WR,GB,DET,0,0,0.0,0,0.0,0.0,0.0,0,0.0,0,3,3,16.0,0,-0.4,2.6,,,73.0,215.0,25.191055555555558,2.0,Colorado,2019.0,2019.0,DEN,187.0,,0.08571429
2021,2,00-0035594,T.Homer,RB,SEA,TEN,0,0,0.0,0,0.0,0.0,0.0,0,0.0,0,2,2,14.0,0,1.4,3.4,,,70.0,202.0,23.262882352941176,2.0,Miami,2019.0,2019.0,SEA,204.0,-3.0,0.06451613
2021,3,00-0035594,T.Homer,RB,SEA,MIN,0,0,0.0,0,0.0,0.0,0.0,0,0.0,0,3,3,48.0,0,4.8,7.8,,,70.0,202.0,23.262882352941176,2.0,Miami,2019.0,2019.0,SEA,204.0,,0.10714286
2021,4,00-0035594,T.Homer,RB,SEA,SF,0,0,0.0,0,0.0,0.0,0.0,1,5.0,0,0,0,0.0,0,0.5,0.5,,,70.0,202.0,23.262882352941176,2.0,Miami,2019.0,2019.0,SEA,204.0,,
2021,5,00-0035594,T.Homer,RB,SEA,LA,0,0,0.0,0,0.0,0.0,0.0,1,5.0,0,1,1,13.0,0,1.8,2.8,,,70.0,202.0,23.262882352941176,2.0,Miami,2019.0,2019.0,SEA,204.0,-9.0,0.03125
2021,6,00-0035594,T.Homer,RB,SEA,PIT,0,0,0.0,0,0.0,0.0,0.0,2,27.0,0,1,1,27.0,0,5.4,6.4,,,70.0,202.0,23.262882352941176,2.0,Miami,2019.0,2019.0,SEA,204.0,,0.032258064
2021,7,00-0035594,T.Homer,RB,SEA,NO,0,0,0.0,0,0.0,0.0,0.0,1,14.0,0,0,0,0.0,0,1.4,1.4,,,70.0,202.0,23.262882352941176,2.0,Miami,2019.0,2019.0,SEA,204.0,-3.0,
2021,8,00-0035594,T.Homer,RB,SEA,JAX,0,0,0.0,0,0.0,0.0,0.0,4,9.0,0,1,1,3.0,0,7.2,8.2,,,70.0,202.0,23.262882352941176,2.0,Miami,2019.0,2019.0,SEA,204.0,24.0,0.045454547
2021,10,00-0035594,T.Homer,RB,SEA,GB,0,0,0.0,0,0.0,0.0,0.0,1,2.0,0,4,3,23.0,0,2.5,5.5,,,70.0,202.0,23.262882352941176,2.0,Miami,2019.0,2019.0,SEA,204.0,,0.10526316
2021,11,00-0035594,T.Homer,RB,SEA,ARI,0,0,0.0,0,0.0,0.0,0.0,1,4.0,0,0,0,0.0,0,0.4,0.4,,,70.0,202.0,23.262882352941176,2.0,Miami,2019.0,2019.0,SEA,204.0,-10.0,
2021,13,00-0035594,T.Homer,RB,SEA,SF,0,0,0.0,0,0.0,0.0,0.0,3,80.0,1,5,4,10.0,0,15.0,19.0,,,70.0,202.0,23.262882352941176,2.0,Miami,2019.0,2019.0,SEA,204.0,7.0,0.13513513
2021,17,00-0035594,T.Homer,RB,SEA,DET,0,0,0.0,0,0.0,0.0,0.0,6,27.0,0,0,0,0.0,0,2.7,2.7,,,70.0,202.0,23.262882352941176,2.0,Miami,2019.0,2019.0,SEA,204.0,22.0,
2021,18,00-0035594,T.Homer,RB,SEA,ARI,0,0,0.0,0,0.0,0.0,0.0,1,4.0,0,3,1,23.0,0,2.7,3.7,,,70.0,202.0,23.262882352941176,2.0,Miami,2019.0,2019.0,SEA,204.0,,0.115384616
2021,18,00-0035602,A.Bachman,WR,NYG,WAS,0,0,0.0,0,0.0,0.0,0.0,1,-3.0,0,0,0,0.0,0,-0.3,-0.3,,,72.0,190.0,25.5122,2.0,Wake Forest,2019.0,2019.0,,,-15.0,
2021,10,00-0035603,K.Blanton,TE,LA,SF,0,0,0.0,0,0.0,0.0,0.0,0,0.0,0,1,1,2.0,0,0.2,1.2,,,78.0,260.0,26.04271428571429,2.0,Missouri,2019.0,2019.0,,,,0.023809524
2021,13,00-0035603,K.Blanton,TE,LA,JAX,0,0,0.0,0,0.0,0.0,0.0,0,0.0,0,2,1,6.0,0,0.6,1.6,,,78.0,260.0,26.04271428571429,2.0,Missouri,2019.0,2019.0,,,30.0,0.054054055
2021,14,00-0035603,K.Blanton,TE,LA,ARI,0,0,0.0,0,0.0,0.0,0.0,0,0.0,0,3,2,29.0,0,2.9,4.9,,,78.0,260.0,26.04271428571429,2.0,Missouri,2019.0,2019.0,,,,0.1
2021,15,00-0035603,K.Blanton,TE,LA,SEA,0,0,0.0,0,0.0,0.0,0.0,0,0.0,0,1,0,0.0,0,0.0,0.0,,,78.0,260.0,26.04271428571429,2.0,Missouri,2019.0,2019.0,,,10.0,0.03448276
2021,20,00-0035603,K.Blanton,TE,LA,TB,0,0,0.0,0,0.0,0.0,0.0,0,0.0,0,2,2,18.0,1,7.8,9.8,,,78.0,260.0,26.04271428571429,2.0,Missouri,2019.0,2019.0,,,,0.055555556
2021,21,00-0035603,K.Blanton,TE,LA,SF,0,0,0.0,0,0.0,0.0,0.0,0,0.0,0,5,5,57.0,0,5.7,10.7,,,78.0,260.0,26.04271428571429,2.0,Missouri,2019.0,2019.0,,,3.0,0.11904762
2021,4,00-0035624,N.Harry,WR,NE,TB,0,0,0.0,0,0.0,0.0,0.0,0,0.0,0,1,1,10.0,0,1.0,2.0,,,76.0,225.0,23.904777777777777,2.0,Arizona State,2019.0,2019.0,NE,32.0,-2.0,0.023809524
2021,5,00-0035624,N.Harry,WR,NE,HOU,0,0,0.0,0,0.0,0.0,0.0,0,0.0,0,2,1,9.0,0,0.9,1.9,,,76.0,225.0,23.904777777777777,2.0,Arizona State,2019.0,2019.0,NE,32.0,,0.071428575
2021,7,00-0035624,N.Harry,WR,NE,NYJ,0,0,0.0,0,0.0,0.0,0.0,0,0.0,0,2,1,28.0,0,2.8,3.8,,,76.0,225.0,23.904777777777777,2.0,Arizona State,2019.0,2019.0,NE,32.0,41.0,0.05
2021,8,00-0035624,N.Harry,WR,NE,LAC,0,0,0.0,0,0.0,0.0,0.0,0,0.0,0,2,2,30.0,0,3.0,5.0,,,76.0,225.0,23.904777777777777,2.0,Arizona State,2019.0,2019.0,NE,32.0,,0.05882353
2021,10,00-0035624,N.Harry,WR,NE,CLE,0,0,0.0,0,0.0,0.0,0.0,0,0.0,0,1,1,26.0,0,2.6,3.6,,,76.0,225.0,23.904777777777777,2.0,Arizona State,2019.0,2019.0,NE,32.0,38.0,0.04
2021,11,00-0035624,N.Harry,WR,NE,ATL,0,0,0.0,0,0.0,0.0,0.0,0,0.0,0,2,2,14.0,0,1.4,3.4,,,76.0,225.0,23.904777777777777,2.0,Arizona State,2019.0,2019.0,NE,32.0,,0.07692308
2021,15,00-0035624,N.Harry,WR,NE,IND,0,0,0.0,0,0.0,0.0,0.0,0,0.0,0,5,2,52.0,0,5.2,7.2,,,76.0,225.0,23.904777777777777,2.0,Arizona State,2019.0,2019.0,NE,32.0,,0.11363637
2021,16,00-0035624,N.Harry,WR,NE,BUF,0,0,0.0,0,0.0,0.0,0.0,0,0.0,0,6,2,15.0,0,1.5,3.5,,,76.0,225.0,23.904777777777777,2.0,Arizona State,2019.0,2019.0,NE,32.0,-12.0,0.19354838
2021,18,00-0035624,N.Harry,WR,NE,MIA,0,0,0.0,0,0.0,0.0,0.0,0,0.0,0,1,0,0.0,0,0.0,0.0,,,76.0,225.0,23.904777777777777,2.0,Arizona State,2019.0,2019.0,NE,32.0,,0.033333335
2021,3,00-0035628,D.Johnson,RB,CLE,CHI,0,0,0.0,0,0.0,0.0,0.0,2,9.0,0,0,0,0.0,0,0.9,0.9,,,70.0,208.0,25.700058823529414,2.0,South Florida,2019.0,2019.0,,,20.0,
2021,6,00-0035628,D.Johnson,RB,CLE,ARI,0,0,0.0,0,0.0,0.0,0.0,1,2.0,0,1,1,7.0,0,0.9,1.9,,,70.0,208.0,25.700058823529414,2.0,South Florida,2019.0,2019.0,,,-23.0,0.032258064
2021,7,00-0035628,D.Johnson,RB,CLE,DEN,0,0,0.0,0,0.0,0.0,0.0,22,146.0,1,2,2,22.0,0,22.8,24.8,,,70.0,208.0,25.700058823529414,2.0,South Florida,2019.0,2019.0,,,3.0,0.0625
2021,8,00-0035628,D.Johnson,RB,CLE,PIT,0,0,0.0,0,0.0,0.0,0.0,4,22.0,1,3,1,7.0,0,8.9,9.9,,,70.0,208.0,25.700058823529414,2.0,South Florida,2019.0,2019.0,,,-5.0,0.09677419
2021,9,00-0035628,D.Johnson,RB,CLE,CIN,0,0,0.0,0,0.0,0.0,0.0,8,16.0,0,0,0,0.0,0,1.6,1.6,,,70.0,208.0,25.700058823529414,2.0,South Florida,2019.0,2019.0,,,,
2021,10,00-0035628,D.Johnson,RB,CLE,NE,0,0,0.0,0,0.0,0.0,0.0,19,99.0,0,8,7,58.0,0,15.7,22.7,,,70.0,208.0,25.700058823529414,2.0,South Florida,2019.0,2019.0,,,,0.2580645
2021,11,00-0035628,D.Johnson,RB,CLE,DET,0,0,0.0,0,0.0,0.0,0.0,5,26.0,0,0,0,0.0,0,2.6,2.6,,,70.0,208.0,25.700058823529414,2.0,South Florida,2019.0,2019.0,,,3.0,
2021,14,00-0035628,D.Johnson,RB,CLE,BAL,0,0,0.0,0,0.0,0.0,0.0,4,22.0,0,1,1,7.0,0,2.9,3.9,,,70.0,208.0,25.700058823529414,2.0,South Florida,2019.0,2019.0,,,2.0,0.032258064
2021,15,00-0035628,D.Johnson,RB,CLE,LV,0,0,0.0,0,0.0,0.0,0.0,1,-2.0,0,4,4,17.0,0,1.5,5.5,,,70.0,208.0,25.700058823529414,2.0,South Florida,2019.0,2019.0,,,-2.0,0.13793103
2021,16,00-0035628,D.Johnson,RB,CLE,GB,0,0,0.0,0,0.0,0.0,0.0,4,58.0,0,2,1,8.0,0,6.6,7.6,,,70.0,208.0,25.700058823529414,2.0,South Florida,2019.0,2019.0,,,,0.055555556
2021,17,00-0035628,D.Johnson,RB,CLE,PIT,0,0,0.0,0,0.0,0.0,0.0,5,13.0,0,3,1,1.0,0,1.4,2.4,,,70.0,208.0,25.700058823529414,2.0,South Florida,2019.0,2019.0,,,,0.083333336
2021,18,00-0035628,D.Johnson,RB,CLE,CIN,0,0,0.0,0,0.0,0.0,0.0,25,123.0,1,1,1,10.0,0,19.3,20.3,,,70.0,208.0,25.700058823529414,2.0,South Florida,2019.0,2019.0,,,5.0,0.041666668
2021,5,00-0035631,D.Sample,TE,CIN,GB,0,0,0.0,0,0.0,0.0,0.0,0,0.0,0,4,2,9.0,0,0.9,2.9,,,77.0,259.0,25.610142857142858,2.0,Washington,2019.0,2019.0,CIN,52.0,-3.0,0.10810811
2021,6,00-0035631,D.Sample,TE,CIN,DET,0,0,0.0,0,0.0,0.0,0.0,0,0.0,0,1,0,0.0,0,0.0,0.0,,,77.0,259.0,25.610142857142858,2.0,Washington,2019.0,2019.0,CIN,52.0,,0.03448276
2021,9,00-0035631,D.Sample,TE,CIN,CLE,0,0,0.0,0,0.0,0.0,0.0,0,0.0,0,3,3,36.0,0,3.6,6.6,,,77.0,259.0,25.610142857142858,2.0,Washington,2019.0,2019.0,CIN,52.0,-25.0,0.07317073
2021,11,00-0035631,D.Sample,TE,CIN,LV,0,0,0.0,0,0.0,0.0,0.0,0,0.0,0,2,1,3.0,0,0.3,1.3,,,77.0,259.0,25.610142857142858,2.0,Washington,2019.0,2019.0,CIN,52.0,,0.071428575
2021,14,00-0035631,D.Sample,TE,CIN,SF,0,0,0.0,0,0.0,0.0,0.0,0,0.0,0,1,1,14.0,0,1.4,2.4,,,77.0,259.0,25.610142857142858,2.0,Washington,2019.0,2019.0,CIN,52.0,-3.0,0.029411765
2021,15,00-0035631,D.Sample,TE,CIN,DEN,0,0,0.0,0,0.0,0.0,0.0,0,0.0,0,1,1,2.0,0,0.2,1.2,,,77.0,259.0,25.610142857142858,2.0,Washington,2019.0,2019.0,CIN,52.0,,0.04761905
2021,16,00-0035631,D.Sample,TE,CIN,BAL,0,0,0.0,0,0.0,0.0,0.0,0,0.0,0,2,2,9.0,0,0.9,2.9,,,77.0,259.0,25.610142857142858,2.0,Washington,2019.0,2019.0,CIN,52.0,20.0,0.04347826
2021,18,00-0035631,D.Sample,TE,CIN,CLE,0,0,0.0,0,0.0,0.0,0.0,0,0.0,0,1,1,8.0,0,0.8,1.8,,,77.0,259.0,25.610142857142858,2.0,Washington,2019.0,2019.0,CIN,52.0,,0.03448276
2021,21,00-0035631,D.Sample,TE,CIN,KC,0,0,0.0,0,0.0,0.0,0.0,0,0.0,0,2,1,4.0,0,0.4,1.4,,,77.0,259.0,25.610142857142858,2.0,Washington,2019.0,2019.0,CIN,52.0,,0.055555556
2021,1,00-0035632,A.Hooker,FS,TEN,ARI,0,0,0.0,0,0.0,0.0,0.0,0,0.0,0,1,1,6.0,0,0.6,1.6,,,71.0,210.0,23.416944444444443,2.0,Iowa,2019.0,2019.0,TEN,116.0,-25.0,0.027777778
2021,1,00-0035639,P.Campbell,WR,IND,SEA,0,0,0.0,0,0.0,0.0,0.0,0,0.0,0,3,1,24.0,0,2.4,3.4,,,73.0,205.0,24.316000000000003,2.0,Ohio State,2019.0,2019.0,IND,59.0,-12.0,0.08571429
2021,3,00-0035639,P.Campbell,WR,IND,TEN,0,0,0.0,0,0.0,0.0,0.0,0,0.0,0,4,2,9.0,0,0.9,2.9,,,73.0,205.0,24.316000000000003,2.0,Ohio State,2019.0,2019.0,IND,59.0,,0.11764706
2021,4,00-0035639,P.Campbell,WR,IND,MIA,0,0,0.0,0,0.0,0.0,0.0,0,0.0,0,3,2,22.0,0,2.2,4.2,,,73.0,205.0,24.316000000000003,2.0,Ohio State,2019.0,2019.0,IND,59.0,,0.09375
2021,5,00-0035639,P.Campbell,WR,IND,BAL,0,0,0.0,0,0.0,0.0,0.0,0,0.0,0,6,4,56.0,0,5.6,9.6,,,73.0,205.0,24.316000000000003,2.0,Ohio State,2019.0,2019.0,IND,59.0,,0.1764706
2021,6,00-0035639,P.Campbell,WR,IND,HOU,0,0,0.0,0,0.0,0.0,0.0,0,0.0,0,1,1,51.0,1,11.1,12.1,,,73.0,205.0,24.316000000000003,2.0,Ohio State,2019.0,2019.0,IND,59.0,28.0,0.055555556
2021,18,00-0035639,P.Campbell,WR,IND,JAX,0,0,0.0,0,0.0,0.0,0.0,0,0.0,0,3,0,0.0,0,0.0,0.0,,,73.0,205.0,24.316000000000003,2.0,Ohio State,2019.0,2019.0,IND,59.0,,0.10344828
2021,1,00-0035640,D.Metcalf,WR,SEA,IND,0,0,0.0,0,0.0,0.0,0.0,0,0.0,0,5,4,60.0,1,12.0,16.0,,,76.0,230.0,23.909058823529413,2.0,Mississippi,2019.0,2019.0,SEA,64.0,,0.23809524
2021,2,00-0035640,D.Metcalf,WR,SEA,TEN,0,0,0.0,0,0.0,0.0,0.0,0,0.0,0,11,6,53.0,0,5.3,11.3,,,76.0,230.0,23.909058823529413,2.0,Mississippi,2019.0,2019.0,SEA,64.0,-3.0,0.3548387
2021,3,00-0035640,D.Metcalf,WR,SEA,MIN,0,0,0.0,0,0.0,0.0,0.0,0,0.0,0,9,6,107.0,1,16.7,22.7,,,76.0,230.0,23.909058823529413,2.0,Mississippi,2019.0,2019.0,SEA,64.0,,0.32142857
2021,4,00-0035640,D.Metcalf,WR,SEA,SF,0,0,0.0,0,0.0,0.0,0.0,0,0.0,0,8,4,65.0,1,12.5,16.5,,,76.0,230.0,23.909058823529413,2.0,Mississippi,2019.0,2019.0,SEA,64.0,,0.36363637
2021,5,00-0035640,D.Metcalf,WR,SEA,LA,0,0,0.0,0,0.0,0.0,0.0,0,0.0,0,5,5,98.0,2,21.8,26.8,,,76.0,230.0,23.909058823529413,2.0,Mississippi,2019.0,2019.0,SEA,64.0,-9.0,0.15625
2021,6,00-0035640,D.Metcalf,WR,SEA,PIT,0,0,0.0,0,0.0,0.0,0.0,0,0.0,0,7,6,58.0,0,5.8,11.8,,,76.0,230.0,23.909058823529413,2.0,Mississippi,2019.0,2019.0,SEA,64.0,,0.22580644
2021,7,00-0035640,D.Metcalf,WR,SEA,NO,0,0,0.0,0,0.0,0.0,0.0,0,0.0,0,5,2,96.0,1,15.6,17.6,,,76.0,230.0,23.909058823529413,2.0,Mississippi,2019.0,2019.0,SEA,64.0,-3.0,0.2631579
2021,8,00-0035640,D.Metcalf,WR,SEA,JAX,0,0,0.0,0,0.0,0.0,0.0,0,0.0,0,6,6,43.0,2,16.3,22.3,,,76.0,230.0,23.909058823529413,2.0,Mississippi,2019.0,2019.0,SEA,64.0,24.0,0.27272728
2021,10,00-0035640,D.Metcalf,WR,SEA,GB,0,0,0.0,0,0.0,0.0,0.0,0,0.0,0,8,3,26.0,0,2.6,5.6,,,76.0,230.0,23.909058823529413,2.0,Mississippi,2019.0,2019.0,SEA,64.0,,0.21052632
2021,11,00-0035640,D.Metcalf,WR,SEA,ARI,0,0,0.0,0,0.0,0.0,0.0,0,0.0,0,8,4,31.0,0,3.1,7.1,,,76.0,230.0,23.909058823529413,2.0,Mississippi,2019.0,2019.0,SEA,64.0,-10.0,0.32
2021,12,00-0035640,D.Metcalf,WR,SEA,WAS,0,0,0.0,0,0.0,0.0,0.0,0,0.0,0,4,1,13.0,0,1.3,2.3,,,76.0,230.0,23.909058823529413,2.0,Mississippi,2019.0,2019.0,SEA,64.0,,0.12903225
2021,13,00-0035640,D.Metcalf,WR,SEA,SF,0,0,0.0,0,0.0,0.0,0.0,0,0.0,0,8,5,60.0,0,6.0,11.0,,,76.0,230.0,23.909058823529413,2.0,Mississippi,2019.0,2019.0,SEA,64.0,7.0,0.21621622
2021,14,00-0035640,D.Metcalf,WR,SEA,HOU,0,0,0.0,0,0.0,0.0,0.0,0,0.0,0,8,4,43.0,0,4.3,8.3,,,76.0,230.0,23.909058823529413,2.0,Mississippi,2019.0,2019.0,SEA,64.0,,0.2857143
2021,15,00-0035640,D.Metcalf,WR,SEA,LA,0,0,0.0,0,0.0,0.0,0.0,0,0.0,0,12,6,52.0,0,5.2,11.2,,,76.0,230.0,23.909058823529413,2.0,Mississippi,2019.0,2019.0,SEA,64.0,,0.42857143
2021,16,00-0035640,D.Metcalf,WR,SEA,CHI,0,0,0.0,0,0.0,0.0,0.0,0,0.0,0,5,2,41.0,1,10.1,12.1,,,76.0,230.0,23.909058823529413,2.0,Mississippi,2019.0,2019.0,SEA,64.0,-1.0,0.18518518
2021,17,00-0035640,D.Metcalf,WR,SEA,DET,0,0,0.0,0,0.0,0.0,0.0,1,6.0,0,9,6,63.0,3,24.9,30.9,,,76.0,230.0,23.909058823529413,2.0,Mississippi,2019.0,2019.0,SEA,64.0,22.0,0.32142857
2021,18,00-0035640,D.Metcalf,WR,SEA,ARI,0,0,0.0,0,0.0,0.0,0.0,0,0.0,0,11,5,58.0,0,5.8,10.8,,,76.0,230.0,23.909058823529413,2.0,Mississippi,2019.0,2019.0,SEA,64.0,,0.42307693
2021,1,00-0035644,N.Fant,TE,DEN,NYG,0,0,0.0,0,0.0,0.0,0.0,0,0.0,0,8,6,62.0,0,6.2,12.2,,,76.0,249.0,23.971647058823528,2.0,Iowa,2019.0,2019.0,DEN,20.0,,0.22857143
2021,2,00-0035644,N.Fant,TE,DEN,JAX,0,0,0.0,0,0.0,0.0,0.0,0,0.0,0,6,4,33.0,1,9.3,13.3,,,76.0,249.0,23.971647058823528,2.0,Iowa,2019.0,2019.0,DEN,20.0,,0.1764706
2021,3,00-0035644,N.Fant,TE,DEN,NYJ,0,0,0.0,0,0.0,0.0,0.0,0,0.0,0,3,2,15.0,0,1.5,3.5,,,76.0,249.0,23.971647058823528,2.0,Iowa,2019.0,2019.0,DEN,20.0,26.0,0.125
2021,4,00-0035644,N.Fant,TE,DEN,BAL,0,0,0.0,0,0.0,0.0,0.0,0,0.0,0,10,6,46.0,1,10.6,16.6,,,76.0,249.0,23.971647058823528,2.0,Iowa,2019.0,2019.0,DEN,20.0,-16.0,0.27027026
2021,5,00-0035644,N.Fant,TE,DEN,PIT,0,0,0.0,0,0.0,0.0,0.0,0,0.0,0,4,3,20.0,0,2.0,5.0,,,76.0,249.0,23.971647058823528,2.0,Iowa,2019.0,2019.0,DEN,20.0,,0.114285715
2021,6,00-0035644,N.Fant,TE,DEN,LV,0,0,0.0,0,0.0,0.0,0.0,0,0.0,0,11,9,97.0,1,15.7,24.7,,,76.0,249.0,23.971647058823528,2.0,Iowa,2019.0,2019.0,DEN,20.0,-10.0,0.22916667
2021,7,00-0035644,N.Fant,TE,DEN,CLE,0,0,0.0,0,0.0,0.0,0.0,0,0.0,0,7,5,39.0,0,3.9,8.9,,,76.0,249.0,23.971647058823528,2.0,Iowa,2019.0,2019.0,DEN,20.0,,0.21875
2021,8,00-0035644,N.Fant,TE,DEN,WAS,0,0,0.0,0,0.0,0.0,0.0,0,0.0,0,4,2,8.0,0,0.8,2.8,,,76.0,249.0,23.971647058823528,2.0,Iowa,2019.0,2019.0,DEN,20.0,7.0,0.16
2021,10,00-0035644,N.Fant,TE,DEN,PHI,0,0,0.0,0,0.0,0.0,0.0,0,0.0,0,6,5,59.0,0,5.9,10.9,,,76.0,249.0,23.971647058823528,2.0,Iowa,2019.0,2019.0,DEN,20.0,-17.0,0.1764706
2021,12,00-0035644,N.Fant,TE,DEN,LAC,0,0,0.0,0,0.0,0.0,0.0,0,0.0,0,4,3,12.0,0,1.2,4.2,,,76.0,249.0,23.971647058823528,2.0,Iowa,2019.0,2019.0,DEN,20.0,15.0,0.17391305
2021,13,00-0035644,N.Fant,TE,DEN,KC,0,0,0.0,0,0.0,0.0,0.0,0,0.0,0,4,4,33.0,0,3.3,7.3,,,76.0,249.0,23.971647058823528,2.0,Iowa,2019.0,2019.0,DEN,20.0,,0.11111111
2021,14,00-0035644,N.Fant,TE,DEN,DET,0,0,0.0,0,0.0,0.0,0.0,0,0.0,0,4,4,51.0,0,5.1,9.1,,,76.0,249.0,23.971647058823528,2.0,Iowa,2019.0,2019.0,DEN,20.0,28.0,0.16
2021,15,00-0035644,N.Fant,TE,DEN,CIN,0,0,0.0,0,0.0,0.0,0.0,0,0.0,0,6,5,57.0,0,5.7,10.7,,,76.0,249.0,23.971647058823528,2.0,Iowa,2019.0,2019.0,DEN,20.0,-5.0,0.1875
2021,16,00-0035644,N.Fant,TE,DEN,LV,0,0,0.0,0,0.0,0.0,0.0,0,0.0,0,4,3,30.0,0,3.0,6.0,,,76.0,249.0,23.971647058823528,2.0,Iowa,2019.0,2019.0,DEN,20.0,,0.18181819
2021,17,00-0035644,N.Fant,TE,DEN,LAC,0,0,0.0,0,0.0,0.0,0.0,0,0.0,0,7,6,92.0,1,15.2,21.2,,,76.0,249.0,23.971647058823528,2.0,Iowa,2019.0,2019.0,DEN,20.0,,0.25925925
2021,18,00-0035644,N.Fant,TE,DEN,KC,0,0,0.0,0,0.0,0.0,0.0,0,0.0,0,2,1,16.0,0,1.6,2.6,,,76.0,249.0,23.971647058823528,2.0,Iowa,2019.0,2019.0,DEN,20.0,-4.0,0.083333336
2021,7,00-0035645,G.Olszewski,WR,NE,NYJ,0,0,0.0,0,0.0,0.0,0.0,0,0.0,0,1,1,22.0,0,2.2,3.2,,,72.0,190.0,24.961555555555556,2.0,Bemidji State,2019.0,2019.0,,,41.0,0.025
2021,15,00-0035645,G.Olszewski,WR,NE,IND,0,0,0.0,0,0.0,0.0,0.0,0,0.0,0,1,0,0.0,0,0.0,0.0,,,72.0,190.0,24.961555555555556,2.0,Bemidji State,2019.0,2019.0,,,,0.022727273
2021,16,00-0035645,G.Olszewski,WR,NE,BUF,0,0,0.0,0,0.0,0.0,0.0,1,9.0,0,0,0,0.0,0,0.9,0.9,,,72.0,190.0,24.961555555555556,2.0,Bemidji State,2019.0,2019.0,,,-12.0,
2021,17,00-0035645,G.Olszewski,WR,NE,JAX,0,0,0.0,0,0.0,0.0,0.0,0,0.0,0,1,1,9.0,0,0.9,1.9,,,72.0,190.0,24.961555555555556,2.0,Bemidji State,2019.0,2019.0,,,40.0,0.030303031
2021,1,00-0035657,D.Harris,RB,NE,MIA,0,0,0.0,0,0.0,0.0,0.0,23,100.0,0,3,2,17.0,0,9.7,11.7,,,71.0,215.0,24.750777777777778,2.0,Alabama,2019.0,2019.0,NE,87.0,-1.0,0.078947365
2021,2,00-0035657,D.Harris,RB,NE,NYJ,0,0,0.0,0,0.0,0.0,0.0,16,62.0,1,1,1,2.0,0,12.4,13.4,,,71.0,215.0,24.750777777777778,2.0,Alabama,2019.0,2019.0,NE,87.0,,0.035714287
2021,3,00-0035657,D.Harris,RB,NE,NO,0,0,0.0,0,0.0,0.0,0.0,6,14.0,0,2,2,-3.0,0,1.1,3.1,,,71.0,215.0,24.750777777777778,2.0,Alabama,2019.0,2019.0,NE,87.0,-15.0,0.039215688
2021,4,00-0035657,D.Harris,RB,NE,TB,0,0,0.0,0,0.0,0.0,0.0,4,-4.0,0,2,2,30.0,0,2.6,4.6,,,71.0,215.0,24.750777777777778,2.0,Alabama,2019.0,2019.0,NE,87.0,-2.0,0.04761905
2021,5,00-0035657,D.Harris,RB,NE,HOU,0,0,0.0,0,0.0,0.0,0.0,14,58.0,1,0,0,0.0,0,9.8,9.8,,,71.0,215.0,24.750777777777778,2.0,Alabama,2019.0,2019.0,NE,87.0,,
2021,6,00-0035657,D.Harris,RB,NE,DAL,0,0,0.0,0,0.0,0.0,0.0,18,101.0,1,1,1,7.0,0,16.8,17.8,,,71.0,215.0,24.750777777777778,2.0,Alabama,2019.0,2019.0,NE,87.0,-6.0,0.04761905
2021,7,00-0035657,D.Harris,RB,NE,NYJ,0,0,0.0,0,0.0,0.0,0.0,14,106.0,2,2,2,7.0,0,23.3,25.3,,,71.0,215.0,24.750777777777778,2.0,Alabama,2019.0,2019.0,NE,87.0,41.0,0.05
2021,8,00-0035657,D.Harris,RB,NE,LAC,0,0,0.0,0,0.0,0.0,0.0,23,80.0,1,1,0,0.0,0,14.0,14.0,,,71.0,215.0,24.750777777777778,2.0,Alabama,2019.0,2019.0,NE,87.0,,0.029411765
2021,9,00-0035657,D.Harris,RB,NE,CAR,0,0,0.0,0,0.0,0.0,0.0,15,30.0,1,1,1,3.0,0,9.3,10.3,,,71.0,215.0,24.750777777777778,2.0,Alabama,2019.0,2019.0,NE,87.0,,0.055555556
2021,11,00-0035657,D.Harris,RB,NE,ATL,0,0,0.0,0,0.0,0.0,0.0,10,56.0,0,1,1,9.0,0,6.5,7.5,,,71.0,215.0,24.750777777777778,2.0,Alabama,2019.0,2019.0,NE,87.0,,0.03846154
2021,12,00-0035657,D.Harris,RB,NE,TEN,0,0,0.0,0,0.0,0.0,0.0,11,40.0,1,1,1,12.0,0,11.2,12.2,,,71.0,215.0,24.750777777777778,2.0,Alabama,2019.0,2019.0,NE,87.0,23.0,0.03125
2021,13,00-0035657,D.Harris,RB,NE,BUF,0,0,0.0,0,0.0,0.0,0.0,10,111.0,1,0,0,0.0,0,17.1,17.1,,,71.0,215.0,24.750777777777778,2.0,Alabama,2019.0,2019.0,NE,87.0,,
2021,16,00-0035657,D.Harris,RB,NE,BUF,0,0,0.0,0,0.0,0.0,0.0,18,103.0,3,1,0,0.0,0,28.3,28.3,,,71.0,215.0,24.750777777777778,2.0,Alabama,2019.0,2019.0,NE,87.0,-12.0,0.032258064
2021,17,00-0035657,D.Harris,RB,NE,JAX,0,0,0.0,0,0.0,0.0,0.0,9,35.0,2,1,1,12.0,0,16.7,17.7,,,71.0,215.0,24.750777777777778,2.0,Alabama,2019.0,2019.0,NE,87.0,40.0,0.030303031
2021,18,00-0035657,D.Harris,RB,NE,MIA,0,0,0.0,0,0.0,0.0,0.0,11,37.0,1,4,4,36.0,0,13.3,17.3,,,71.0,215.0,24.750777777777778,2.0,Alabama,2019.0,2019.0,NE,87.0,,0.13333334
2021,19,00-0035657,D.Harris,RB,NE,BUF,0,0,0.0,0,0.0,0.0,0.0,9,30.0,0,1,1,7.0,0,3.7,4.7,,,71.0,215.0,24.750777777777778,2.0,Alabama,2019.0,2019.0,NE,87.0,,0.028571429
2021,1,00-0035659,T.McLaurin,WR,WAS,LAC,0,0,0.0,0,0.0,0.0,0.0,0,0.0,0,4,4,62.0,0,6.2,10.2,,,72.0,210.0,26.15664705882353,2.0,Ohio State,2019.0,2019.0,WAS,76.0,-4.0,0.2
2021,2,00-0035659,T.McLaurin,WR,WAS,NYG,0,0,0.0,0,0.0,0.0,0.0,0,0.0,0,14,11,107.0,1,16.7,27.7,,,72.0,210.0,26.15664705882353,2.0,Ohio State,2019.0,2019.0,WAS,76.0,1.0,0.3181818
2021,3,00-0035659,T.McLaurin,WR,WAS,BUF,0,0,0.0,0,0.0,0.0,0.0,0,0.0,0,7,4,62.0,0,6.2,10.2,,,72.0,210.0,26.15664705882353,2.0,Ohio State,2019.0,2019.0,WAS,76.0,,0.29166666
2021,4,00-0035659,T.McLaurin,WR,WAS,ATL,0,0,0.0,0,0.0,0.0,0.0,0,0.0,0,13,6,123.0,2,24.3,30.3,,,72.0,210.0,26.15664705882353,2.0,Ohio State,2019.0,2019.0,WAS,76.0,,0.3939394
2021,5,00-0035659,T.McLaurin,WR,WAS,NO,0,0,0.0,0,0.0,0.0,0.0,0,0.0,0,11,4,46.0,0,4.6,8.6,,,72.0,210.0,26.15664705882353,2.0,Ohio State,2019.0,2019.0,WAS,76.0,-11.0,0.2682927
2021,6,00-0035659,T.McLaurin,WR,WAS,KC,0,0,0.0,0,0.0,0.0,0.0,0,0.0,0,8,4,28.0,0,2.8,6.8,,,72.0,210.0,26.15664705882353,2.0,Ohio State,2019.0,2019.0,WAS,76.0,-18.0,0.20512821
2021,7,00-0035659,T.McLaurin,WR,WAS,GB,0,0,0.0,0,0.0,0.0,0.0,0,0.0,0,12,7,122.0,1,18.2,25.2,,,72.0,210.0,26.15664705882353,2.0,Ohio State,2019.0,2019.0,WAS,76.0,,0.33333334
2021,8,00-0035659,T.McLaurin,WR,WAS,DEN,0,0,0.0,0,0.0,0.0,0.0,1,12.0,0,7,3,23.0,0,3.5,6.5,,,72.0,210.0,26.15664705882353,2.0,Ohio State,2019.0,2019.0,WAS,76.0,,0.1891892
2021,10,00-0035659,T.McLaurin,WR,WAS,TB,0,0,0.0,0,0.0,0.0,0.0,0,0.0,0,8,6,59.0,0,5.9,11.9,,,72.0,210.0,26.15664705882353,2.0,Ohio State,2019.0,2019.0,WAS,76.0,10.0,0.25
2021,11,00-0035659,T.McLaurin,WR,WAS,CAR,0,0,0.0,0,0.0,0.0,0.0,0,0.0,0,7,5,103.0,1,16.3,21.3,,,72.0,210.0,26.15664705882353,2.0,Ohio State,2019.0,2019.0,WAS,76.0,,0.35
2021,12,00-0035659,T.McLaurin,WR,WAS,SEA,0,0,0.0,0,0.0,0.0,0.0,0,0.0,0,7,4,51.0,0,5.1,9.1,,,72.0,210.0,26.15664705882353,2.0,Ohio State,2019.0,2019.0,WAS,76.0,2.0,0.20588236
2021,13,00-0035659,T.McLaurin,WR,WAS,LV,0,0,0.0,0,0.0,0.0,0.0,0,0.0,0,5,3,22.0,0,2.2,5.2,,,72.0,210.0,26.15664705882353,2.0,Ohio State,2019.0,2019.0,WAS,76.0,,0.16666667
2021,14,00-0035659,T.McLaurin,WR,WAS,DAL,0,0,0.0,0,0.0,0.0,0.0,0,0.0,0,3,0,0.0,0,0.0,0.0,,,72.0,210.0,26.15664705882353,2.0,Ohio State,2019.0,2019.0,WAS,76.0,-7.0,0.09090909
2021,15,00-0035659,T.McLaurin,WR,WAS,PHI,0,0,0.0,0,0.0,0.0,0.0,0,0.0,0,4,2,51.0,0,5.1,7.1,,,72.0,210.0,26.15664705882353,2.0,Ohio State,2019.0,2019.0,WAS,76.0,,0.13333334
2021,16,00-0035659,T.McLaurin,WR,WAS,DAL,0,0,0.0,0,0.0,0.0,0.0,0,0.0,0,6,3,40.0,0,4.0,7.0,,,72.0,210.0,26.15664705882353,2.0,Ohio State,2019.0,2019.0,WAS,76.0,,0.2
2021,17,00-0035659,T.McLaurin,WR,WAS,PHI,0,0,0.0,0,0.0,0.0,0.0,0,0.0,0,8,7,61.0,0,6.1,13.1,,,72.0,210.0,26.15664705882353,2.0,Ohio State,2019.0,2019.0,WAS,76.0,-4.0,0.23529412
2021,18,00-0035659,T.McLaurin,WR,WAS,NYG,0,0,0.0,0,0.0,0.0,0.0,0,0.0,0,6,4,93.0,0,9.3,13.3,,,72.0,210.0,26.15664705882353,2.0,Ohio State,2019.0,2019.0,WAS,76.0,,0.3529412
2021,1,00-0035662,M.Brown,WR,BAL,LV,0,0,0.0,0,0.0,0.0,0.0,1,5.0,0,6,6,69.0,1,13.4,19.4,,,69.0,170.0,24.438235294117646,2.0,Oklahoma,2019.0,2019.0,BAL,25.0,,0.20689656
2021,2,00-0035662,M.Brown,WR,BAL,KC,0,0,0.0,0,0.0,0.0,0.0,0,0.0,0,10,6,113.0,1,17.3,23.3,,,69.0,170.0,24.438235294117646,2.0,Oklahoma,2019.0,2019.0,BAL,25.0,1.0,0.4
2021,3,00-0035662,M.Brown,WR,BAL,DET,0,0,0.0,0,0.0,0.0,0.0,0,0.0,0,7,3,53.0,0,5.3,8.3,,,69.0,170.0,24.438235294117646,2.0,Oklahoma,2019.0,2019.0,BAL,25.0,,0.25925925
2021,4,00-0035662,M.Brown,WR,BAL,DEN,0,0,0.0,0,0.0,0.0,0.0,0,0.0,0,5,4,91.0,1,15.1,19.1,,,69.0,170.0,24.438235294117646,2.0,Oklahoma,2019.0,2019.0,BAL,25.0,,0.14285715
2021,5,00-0035662,M.Brown,WR,BAL,IND,0,0,0.0,0,0.0,0.0,0.0,0,0.0,0,10,9,125.0,2,24.5,33.5,,,69.0,170.0,24.438235294117646,2.0,Oklahoma,2019.0,2019.0,BAL,25.0,6.0,0.23255815
2021,6,00-0035662,M.Brown,WR,BAL,LAC,0,0,0.0,0,0.0,0.0,0.0,0,0.0,0,5,4,35.0,0,3.5,7.5,,,69.0,170.0,24.438235294117646,2.0,Oklahoma,2019.0,2019.0,BAL,25.0,28.0,0.18518518
2021,7,00-0035662,M.Brown,WR,BAL,CIN,0,0,0.0,0,0.0,0.0,0.0,0,0.0,0,14,5,80.0,1,14.0,19.0,,,69.0,170.0,24.438235294117646,2.0,Oklahoma,2019.0,2019.0,BAL,25.0,-24.0,0.34146342
2021,9,00-0035662,M.Brown,WR,BAL,MIN,0,0,0.0,0,0.0,0.0,0.0,0,0.0,0,12,9,116.0,0,11.6,20.6,,,69.0,170.0,24.438235294117646,2.0,Oklahoma,2019.0,2019.0,BAL,25.0,3.0,0.29268292
2021,10,00-0035662,M.Brown,WR,BAL,MIA,0,0,0.0,0,0.0,0.0,0.0,0,0.0,0,13,6,37.0,0,3.7,9.7,,,69.0,170.0,24.438235294117646,2.0,Oklahoma,2019.0,2019.0,BAL,25.0,,0.31707317
2021,12,00-0035662,M.Brown,WR,BAL,CLE,0,0,0.0,0,0.0,0.0,0.0,0,0.0,0,10,8,51.0,0,5.1,13.1,,,69.0,170.0,24.438235294117646,2.0,Oklahoma,2019.0,2019.0,BAL,25.0,6.0,0.3125
2021,13,00-0035662,M.Brown,WR,BAL,PIT,0,0,0.0,0,0.0,0.0,0.0,0,0.0,0,7,5,55.0,0,5.5,10.5,,,69.0,170.0,24.438235294117646,2.0,Oklahoma,2019.0,2019.0,BAL,25.0,,0.1891892
2021,14,00-0035662,M.Brown,WR,BAL,CLE,0,0,0.0,0,0.0,0.0,0.0,0,0.0,0,8,5,41.0,0,4.1,9.1,,,69.0,170.0,24.438235294117646,2.0,Oklahoma,2019.0,2019.0,BAL,25.0,,0.2
2021,15,00-0035662,M.Brown,WR,BAL,GB,0,0,0.0,0,0.0,0.0,0.0,0,0.0,0,14,10,43.0,0,4.3,14.3,,,69.0,170.0,24.438235294117646,2.0,Oklahoma,2019.0,2019.0,BAL,25.0,-1.0,0.35897437
2021,16,00-0035662,M.Brown,WR,BAL,CIN,0,0,0.0,0,0.0,0.0,0.0,0,0.0,0,9,5,44.0,0,4.4,9.4,,,69.0,170.0,24.438235294117646,2.0,Oklahoma,2019.0,2019.0,BAL,25.0,,0.24324325
2021,17,00-0035662,M.Brown,WR,BAL,LA,0,0,0.0,0,0.0,0.0,0.0,0,0.0,0,8,3,28.0,0,0.8,3.8,,,69.0,170.0,24.438235294117646,2.0,Oklahoma,2019.0,2019.0,BAL,25.0,-1.0,0.27586207
2021,18,00-0035662,M.Brown,WR,BAL,PIT,0,0,0.0,0,0.0,0.0,0.0,0,0.0,0,8,3,27.0,0,2.7,5.7,,,69.0,170.0,24.438235294117646,2.0,Oklahoma,2019.0,2019.0,BAL,25.0,-3.0,0.25
2021,1,00-0035664,D.Henderson,RB,LA,CHI,0,0,0.0,0,0.0,0.0,0.0,16,70.0,1,1,1,17.0,0,14.7,15.7,,,68.0,200.0,24.268619047619048,2.0,Memphis,2019.0,2019.0,LA,70.0,20.0,0.03846154
2021,2,00-0035664,D.Henderson,RB,LA,IND,0,0,0.0,0,0.0,0.0,0.0,13,53.0,1,5,3,29.0,0,14.2,17.2,,,68.0,200.0,24.268619047619048,2.0,Memphis,2019.0,2019.0,LA,70.0,,0.1724138
2021,4,00-0035664,D.Henderson,RB,LA,ARI,0,0,0.0,0,0.0,0.0,0.0,14,89.0,0,6,5,27.0,0,11.6,16.6,,,68.0,200.0,24.268619047619048,2.0,Memphis,2019.0,2019.0,LA,70.0,-17.0,0.14634146
2021,5,00-0035664,D.Henderson,RB,LA,SEA,0,0,0.0,0,0.0,0.0,0.0,17,82.0,1,1,1,17.0,0,15.9,16.9,,,68.0,200.0,24.268619047619048,2.0,Memphis,2019.0,2019.0,LA,70.0,,0.028571429
2021,6,00-0035664,D.Henderson,RB,LA,NYG,0,0,0.0,0,0.0,0.0,0.0,21,78.0,1,3,2,29.0,1,22.7,24.7,,,68.0,200.0,24.268619047619048,2.0,Memphis,2019.0,2019.0,LA,70.0,,0.1
2021,7,00-0035664,D.Henderson,RB,LA,DET,0,0,0.0,0,0.0,0.0,0.0,15,45.0,0,6,3,19.0,0,6.4,9.4,,,68.0,200.0,24.268619047619048,2.0,Memphis,2019.0,2019.0,LA,70.0,9.0,0.14634146
2021,8,00-0035664,D.Henderson,RB,LA,HOU,0,0,0.0,0,0.0,0.0,0.0,14,90.0,1,2,1,3.0,1,21.3,22.3,,,68.0,200.0,24.268619047619048,2.0,Memphis,2019.0,2019.0,LA,70.0,,0.05882353
2021,9,00-0035664,D.Henderson,RB,LA,TEN,0,0,0.0,0,0.0,0.0,0.0,11,55.0,0,4,3,3.0,0,5.8,8.8,,,68.0,200.0,24.268619047619048,2.0,Memphis,2019.0,2019.0,LA,70.0,-12.0,0.08510638
2021,10,00-0035664,D.Henderson,RB,LA,SF,0,0,0.0,0,0.0,0.0,0.0,5,31.0,0,6,4,10.0,0,4.1,8.1,,,68.0,200.0,24.268619047619048,2.0,Memphis,2019.0,2019.0,LA,70.0,,0.14285715
2021,12,00-0035664,D.Henderson,RB,LA,GB,0,0,0.0,0,0.0,0.0,0.0,16,55.0,0,4,4,18.0,1,13.3,17.3,,,68.0,200.0,24.268619047619048,2.0,Memphis,2019.0,2019.0,LA,70.0,,0.102564104
2021,15,00-0035664,D.Henderson,RB,LA,SEA,0,0,0.0,0,0.0,0.0,0.0,6,23.0,0,2,2,4.0,0,2.7,4.7,,,68.0,200.0,24.268619047619048,2.0,Memphis,2019.0,2019.0,LA,70.0,10.0,0.06896552
2021,16,00-0035664,D.Henderson,RB,LA,MIN,0,0,0.0,0,0.0,0.0,0.0,1,17.0,0,0,0,0.0,0,1.7,1.7,,,68.0,200.0,24.268619047619048,2.0,Memphis,2019.0,2019.0,LA,70.0,,
2021,22,00-0035664,D.Henderson,RB,LA,CIN,0,0,0.0,0,0.0,0.0,0.0,4,7.0,0,5,3,43.0,0,5.0,8.0,,,68.0,200.0,24.268619047619048,2.0,Memphis,2019.0,2019.0,LA,70.0,,0.125
2021,1,00-0035676,A.Brown,WR,TEN,ARI,0,0,0.0,0,0.0,0.0,0.0,0,0.0,0,8,4,49.0,1,10.9,14.9,,,73.0,226.0,24.3725,2.0,Mississippi,2019.0,2019.0,TEN,51.0,-25.0,0.22222222
2021,2,00-0035676,A.Brown,WR,TEN,SEA,0,0,0.0,0,0.0,0.0,0.0,0,0.0,0,9,3,43.0,0,4.3,7.3,,,73.0,226.0,24.3725,2.0,Mississippi,2019.0,2019.0,TEN,51.0,,0.23076923
2021,3,00-0035676,A.Brown,WR,TEN,IND,0,0,0.0,0,0.0,0.0,0.0,1,3.0,0,2,0,0.0,0,0.3,0.3,,,73.0,226.0,24.3725,2.0,Mississippi,2019.0,2019.0,TEN,51.0,9.0,0.07692308
2021,5,00-0035676,A.Brown,WR,TEN,JAX,0,0,0.0,0,0.0,0.0,0.0,0,0.0,0,6,3,38.0,0,3.8,6.8,,,73.0,226.0,24.3725,2.0,Mississippi,2019.0,2019.0,TEN,51.0,,0.2857143
2021,6,00-0035676,A.Brown,WR,TEN,BUF,0,0,0.0,0,0.0,0.0,0.0,0,0.0,0,9,7,91.0,0,9.1,16.1,,,73.0,226.0,24.3725,2.0,Mississippi,2019.0,2019.0,TEN,51.0,3.0,0.36
2021,7,00-0035676,A.Brown,WR,TEN,KC,0,0,0.0,0,0.0,0.0,0.0,0,0.0,0,9,8,133.0,1,19.3,27.3,,,73.0,226.0,24.3725,2.0,Mississippi,2019.0,2019.0,TEN,51.0,24.0,0.33333334
2021,8,00-0035676,A.Brown,WR,TEN,IND,0,1,0.0,0,0.0,0.0,-0.0,0,0.0,0,11,10,155.0,1,21.5,31.5,,,73.0,226.0,24.3725,2.0,Mississippi,2019.0,2019.0,TEN,51.0,,0.34375
2021,9,00-0035676,A.Brown,WR,TEN,LA,0,0,0.0,0,0.0,0.0,0.0,0,0.0,0,11,5,42.0,0,4.2,9.2,,,73.0,226.0,24.3725,2.0,Mississippi,2019.0,2019.0,TEN,51.0,,0.42307693
2021,10,00-0035676,A.Brown,WR,TEN,NO,0,0,0.0,0,0.0,0.0,0.0,1,7.0,0,4,1,16.0,0,2.3,3.3,,,73.0,226.0,24.3725,2.0,Mississippi,2019.0,2019.0,TEN,51.0,2.0,0.14814815
2021,11,00-0035676,A.Brown,WR,TEN,HOU,0,0,0.0,0,0.0,0.0,0.0,0,0.0,0,9,5,48.0,0,4.8,9.8,,,73.0,226.0,24.3725,2.0,Mississippi,2019.0,2019.0,TEN,51.0,-9.0,0.1764706
2021,16,00-0035676,A.Brown,WR,TEN,SF,0,1,0.0,0,0.0,0.0,-0.0,0,0.0,0,16,11,145.0,1,20.5,31.5,,,73.0,226.0,24.3725,2.0,Mississippi,2019.0,2019.0,TEN,51.0,3.0,0.53333336
2021,17,00-0035676,A.Brown,WR,TEN,MIA,0,0,0.0,0,0.0,0.0,0.0,0,0.0,0,5,2,41.0,0,4.1,6.1,,,73.0,226.0,24.3725,2.0,Mississippi,2019.0,2019.0,TEN,51.0,31.0,0.2777778
2021,18,00-0035676,A.Brown,WR,TEN,HOU,0,0,0.0,0,0.0,0.0,0.0,0,0.0,0,6,4,68.0,1,12.8,16.8,,,73.0,226.0,24.3725,2.0,Mississippi,2019.0,2019.0,TEN,51.0,,0.1875
2021,20,00-0035676,A.Brown,WR,TEN,CIN,0,0,0.0,0,0.0,0.0,0.0,0,0.0,0,9,5,142.0,1,20.2,25.2,,,73.0,226.0,24.3725,2.0,Mississippi,2019.0,2019.0,TEN,51.0,-3.0,0.375
2021,1,00-0035685,D.Montgomery,RB,CHI,LA,0,0,0.0,0,0.0,0.0,0.0,16,108.0,1,1,1,10.0,0,17.8,18.8,,,71.0,222.0,24.427823529411768,2.0,Iowa State,2019.0,2019.0,CHI,73.0,,0.025
2021,2,00-0035685,D.Montgomery,RB,CHI,CIN,0,0,0.0,0,0.0,0.0,0.0,20,61.0,0,4,3,18.0,0,7.9,10.9,,,71.0,222.0,24.427823529411768,2.0,Iowa State,2019.0,2019.0,CHI,73.0,3.0,0.17391305
2021,3,00-0035685,D.Montgomery,RB,CHI,CLE,0,0,0.0,0,0.0,0.0,0.0,10,34.0,0,4,2,21.0,0,5.5,7.5,,,71.0,222.0,24.427823529411768,2.0,Iowa State,2019.0,2019.0,CHI,73.0,,0.2
2021,4,00-0035685,D.Montgomery,RB,CHI,DET,0,0,0.0,0,0.0,0.0,0.0,23,106.0,2,0,0,0.0,0,22.6,22.6,,,71.0,222.0,24.427823529411768,2.0,Iowa State,2019.0,2019.0,CHI,73.0,10.0,
2021,9,00-0035685,D.Montgomery,RB,CHI,PIT,0,0,0.0,0,0.0,0.0,0.0,13,63.0,0,2,2,17.0,0,8.0,10.0,,,71.0,222.0,24.427823529411768,2.0,Iowa State,2019.0,2019.0,CHI,73.0,,0.06896552
2021,11,00-0035685,D.Montgomery,RB,CHI,BAL,0,0,0.0,0,0.0,0.0,0.0,14,58.0,0,1,1,9.0,0,6.7,7.7,,,71.0,222.0,24.427823529411768,2.0,Iowa State,2019.0,2019.0,CHI,73.0,-3.0,0.030303031
2021,12,00-0035685,D.Montgomery,RB,CHI,DET,0,0,0.0,0,0.0,0.0,0.0,17,46.0,0,3,3,28.0,0,7.4,10.4,,,71.0,222.0,24.427823529411768,2.0,Iowa State,2019.0,2019.0,CHI,73.0,,0.08108108
2021,13,00-0035685,D.Montgomery,RB,CHI,ARI,0,0,0.0,0,0.0,0.0,0.0,21,90.0,1,9,8,51.0,0,20.1,28.1,,,71.0,222.0,24.427823529411768,2.0,Iowa State,2019.0,2019.0,CHI,73.0,-11.0,0.225
2021,14,00-0035685,D.Montgomery,RB,CHI,GB,0,0,0.0,0,0.0,0.0,0.0,10,42.0,0,7,6,39.0,0,8.1,14.1,,,71.0,222.0,24.427823529411768,2.0,Iowa State,2019.0,2019.0,CHI,73.0,,0.21875
2021,15,00-0035685,D.Montgomery,RB,CHI,MIN,0,0,0.0,0,0.0,0.0,0.0,18,60.0,0,6,5,23.0,0,6.3,11.3,,,71.0,222.0,24.427823529411768,2.0,Iowa State,2019.0,2019.0,CHI,73.0,-8.0,0.16666667
2021,16,00-0035685,D.Montgomery,RB,CHI,SEA,0,0,0.0,0,0.0,0.0,0.0,21,45.0,1,9,7,61.0,0,16.6,23.6,,,71.0,222.0,24.427823529411768,2.0,Iowa State,2019.0,2019.0,CHI,73.0,,0.25714287
2021,17,00-0035685,D.Montgomery,RB,CHI,NYG,0,1,0.0,0,1.0,0.0,-0.0,22,64.0,2,2,2,17.0,0,18.1,20.1,,,71.0,222.0,24.427823529411768,2.0,Iowa State,2019.0,2019.0,CHI,73.0,26.0,0.060606062
2021,18,00-0035685,D.Montgomery,RB,CHI,MIN,0,0,0.0,0,0.0,0.0,0.0,20,72.0,0,3,2,7.0,0,7.9,9.9,,,71.0,222.0,24.427823529411768,2.0,Iowa State,2019.0,2019.0,CHI,73.0,,0.06521739
2021,1,00-0035689,D.Knox,TE,BUF,PIT,0,0,0.0,0,0.0,0.0,0.0,0,0.0,0,4,4,41.0,0,4.1,8.1,,,76.0,254.0,25.012,2.0,Mississippi,2019.0,2019.0,BUF,96.0,-7.0,0.083333336
2021,2,00-0035689,D.Knox,TE,BUF,MIA,0,0,0.0,0,0.0,0.0,0.0,0,0.0,0,3,2,17.0,1,7.7,9.7,,,76.0,254.0,25.012,2.0,Mississippi,2019.0,2019.0,BUF,96.0,,0.10344828
2021,3,00-0035689,D.Knox,TE,BUF,WAS,0,0,0.0,0,0.0,0.0,0.0,0,0.0,0,5,4,49.0,1,10.9,14.9,,,76.0,254.0,25.012,2.0,Mississippi,2019.0,2019.0,BUF,96.0,22.0,0.11627907
2021,4,00-0035689,D.Knox,TE,BUF,HOU,0,0,0.0,0,0.0,0.0,0.0,0,0.0,0,8,5,37.0,2,15.7,20.7,,,76.0,254.0,25.012,2.0,Mississippi,2019.0,2019.0,BUF,96.0,40.0,0.2580645
2021,5,00-0035689,D.Knox,TE,BUF,KC,0,0,0.0,0,0.0,0.0,0.0,0,0.0,0,4,3,117.0,1,17.7,20.7,,,76.0,254.0,25.012,2.0,Mississippi,2019.0,2019.0,BUF,96.0,,0.16666667
2021,6,00-0035689,D.Knox,TE,BUF,TEN,0,0,0.0,0,0.0,0.0,0.0,0,0.0,0,3,3,25.0,0,4.5,7.5,,,76.0,254.0,25.012,2.0,Mississippi,2019.0,2019.0,BUF,96.0,,0.06666667
2021,10,00-0035689,D.Knox,TE,BUF,NYJ,0,0,0.0,0,0.0,0.0,0.0,0,0.0,0,1,1,17.0,0,1.7,2.7,,,76.0,254.0,25.012,2.0,Mississippi,2019.0,2019.0,BUF,96.0,,0.035714287
2021,11,00-0035689,D.Knox,TE,BUF,IND,0,0,0.0,0,0.0,0.0,0.0,0,0.0,0,10,6,80.0,0,8.0,14.0,,,76.0,254.0,25.012,2.0,Mississippi,2019.0,2019.0,BUF,96.0,-26.0,0.25641027
2021,12,00-0035689,D.Knox,TE,BUF,NO,0,0,0.0,0,0.0,0.0,0.0,0,0.0,0,3,3,32.0,2,15.2,18.2,,,76.0,254.0,25.012,2.0,Mississippi,2019.0,2019.0,BUF,96.0,,0.115384616
2021,13,00-0035689,D.Knox,TE,BUF,NE,0,0,0.0,0,0.0,0.0,0.0,0,0.0,0,6,2,14.0,0,1.4,3.4,,,76.0,254.0,25.012,2.0,Mississippi,2019.0,2019.0,BUF,96.0,-4.0,0.2
2021,14,00-0035689,D.Knox,TE,BUF,TB,0,0,0.0,0,0.0,0.0,0.0,0,0.0,0,9,7,60.0,1,12.0,19.0,,,76.0,254.0,25.012,2.0,Mississippi,2019.0,2019.0,BUF,96.0,,0.1764706
2021,15,00-0035689,D.Knox,TE,BUF,CAR,0,0,0.0,0,0.0,0.0,0.0,0,0.0,0,5,4,38.0,0,3.8,7.8,,,76.0,254.0,25.012,2.0,Mississippi,2019.0,2019.0,BUF,96.0,17.0,0.16129032
2021,16,00-0035689,D.Knox,TE,BUF,NE,0,0,0.0,0,0.0,0.0,0.0,0,0.0,0,3,2,11.0,1,7.1,9.1,,,76.0,254.0,25.012,2.0,Mississippi,2019.0,2019.0,BUF,96.0,,0.069767445
2021,17,00-0035689,D.Knox,TE,BUF,ATL,0,0,0.0,0,0.0,0.0,0.0,0,0.0,0,2,0,0.0,0,0.0,0.0,,,76.0,254.0,25.012,2.0,Mississippi,2019.0,2019.0,BUF,96.0,14.0,0.083333336
2021,18,00-0035689,D.Knox,TE,BUF,NYJ,0,0,0.0,0,0.0,0.0,0.0,0,0.0,0,5,3,49.0,0,4.9,7.9,,,76.0,254.0,25.012,2.0,Mississippi,2019.0,2019.0,BUF,96.0,17.0,0.11111111
2021,19,00-0035689,D.Knox,TE,BUF,NE,0,0,0.0,0,0.0,0.0,0.0,0,0.0,0,5,5,89.0,2,20.9,25.9,,,76.0,254.0,25.012,2.0,Mississippi,2019.0,2019.0,BUF,96.0,30.0,0.2
2021,20,00-0035689,D.Knox,TE,BUF,KC,0,0,0.0,0,0.0,0.0,0.0,0,0.0,0,4,2,9.0,0,0.9,2.9,,,76.0,254.0,25.012,2.0,Mississippi,2019.0,2019.0,BUF,96.0,,0.10810811
2021,1,00-0035700,J.Jacobs,RB,LV,BAL,0,0,0.0,0,0.0,0.0,0.0,10,34.0,2,2,1,6.0,0,16.0,17.0,,,70.0,220.0,23.758277777777778,2.0,Alabama,2019.0,2019.0,OAK,24.0,6.0,0.03846154
2021,4,00-0035700,J.Jacobs,RB,LV,LAC,0,0,0.0,0,0.0,0.0,0.0,13,40.0,0,5,5,17.0,0,5.7,10.7,,,70.0,220.0,23.758277777777778,2.0,Alabama,2019.0,2019.0,OAK,24.0,,0.15625
2021,5,00-0035700,J.Jacobs,RB,LV,CHI,0,0,0.0,0,0.0,0.0,0.0,15,48.0,1,5,4,19.0,0,12.7,16.7,,,70.0,220.0,23.758277777777778,2.0,Alabama,2019.0,2019.0,OAK,24.0,-11.0,0.14285715
2021,6,00-0035700,J.Jacobs,RB,LV,DEN,0,0,0.0,0,0.0,0.0,0.0,16,53.0,1,1,1,29.0,0,14.2,15.2,,,70.0,220.0,23.758277777777778,2.0,Alabama,2019.0,2019.0,OAK,24.0,,0.04
2021,7,00-0035700,J.Jacobs,RB,LV,PHI,0,0,0.0,0,0.0,0.0,0.0,6,29.0,1,3,3,39.0,0,12.8,15.8,,,70.0,220.0,23.758277777777778,2.0,Alabama,2019.0,2019.0,OAK,24.0,11.0,0.0882353
2021,9,00-0035700,J.Jacobs,RB,LV,NYG,0,0,0.0,0,0.0,0.0,0.0,13,76.0,0,4,4,19.0,0,9.5,13.5,,,70.0,220.0,23.758277777777778,2.0,Alabama,2019.0,2019.0,OAK,24.0,,0.08695652
2021,10,00-0035700,J.Jacobs,RB,LV,KC,0,0,0.0,0,0.0,0.0,0.0,7,16.0,0,5,5,20.0,0,3.6,8.6,,,70.0,220.0,23.758277777777778,2.0,Alabama,2019.0,2019.0,OAK,24.0,-27.0,0.14705883
2021,11,00-0035700,J.Jacobs,RB,LV,CIN,0,0,0.0,0,0.0,0.0,0.0,9,37.0,0,7,5,24.0,0,6.1,11.1,,,70.0,220.0,23.758277777777778,2.0,Alabama,2019.0,2019.0,OAK,24.0,-19.0,0.28
2021,12,00-0035700,J.Jacobs,RB,LV,DAL,0,0,0.0,0,0.0,0.0,0.0,22,87.0,1,4,2,25.0,0,17.2,19.2,,,70.0,220.0,23.758277777777778,2.0,Alabama,2019.0,2019.0,OAK,24.0,,0.10526316
2021,13,00-0035700,J.Jacobs,RB,LV,WAS,0,0,0.0,0,0.0,0.0,0.0,13,52.0,1,9,9,38.0,0,15.0,24.0,,,70.0,220.0,23.758277777777778,2.0,Alabama,2019.0,2019.0,OAK,24.0,-2.0,0.25
2021,14,00-0035700,J.Jacobs,RB,LV,KC,0,0,0.0,0,0.0,0.0,0.0,9,24.0,0,6,5,46.0,0,5.0,10.0,,,70.0,220.0,23.758277777777778,2.0,Alabama,2019.0,2019.0,OAK,24.0,,0.13953489
2021,15,00-0035700,J.Jacobs,RB,LV,CLE,0,0,0.0,0,0.0,0.0,0.0,15,52.0,0,4,3,42.0,0,9.4,12.4,,,70.0,220.0,23.758277777777778,2.0,Alabama,2019.0,2019.0,OAK,24.0,,0.11111111
2021,16,00-0035700,J.Jacobs,RB,LV,DEN,0,0,0.0,0,0.0,0.0,0.0,27,129.0,0,3,1,-5.0,0,10.4,11.4,,,70.0,220.0,23.758277777777778,2.0,Alabama,2019.0,2019.0,OAK,24.0,4.0,0.12
2021,17,00-0035700,J.Jacobs,RB,LV,IND,0,0,0.0,0,0.0,0.0,0.0,16,63.0,1,4,4,17.0,0,14.0,18.0,,,70.0,220.0,23.758277777777778,2.0,Alabama,2019.0,2019.0,OAK,24.0,,0.125
2021,18,00-0035700,J.Jacobs,RB,LV,LAC,0,0,0.0,0,0.0,0.0,0.0,26,132.0,1,2,2,12.0,0,20.4,22.4,,,70.0,220.0,23.758277777777778,2.0,Alabama,2019.0,2019.0,OAK,24.0,3.0,0.060606062
2021,19,00-0035700,J.Jacobs,RB,LV,CIN,0,0,0.0,0,0.0,0.0,0.0,13,83.0,0,5,4,44.0,0,12.7,16.7,,,70.0,220.0,23.758277777777778,2.0,Alabama,2019.0,2019.0,OAK,24.0,,0.10204082
2021,6,00-0035703,M.Boykin,WR,BAL,LAC,0,0,0.0,0,0.0,0.0,0.0,0,0.0,0,1,1,6.0,0,0.6,1.6,,,76.0,220.0,25.081588235294117,2.0,Notre Dame,2019.0,2019.0,BAL,93.0,28.0,0.037037037
2021,4,00-0035704,D.Lock,QB,DEN,BAL,12,21,113.0,0,1.0,3.0,15.0,0,0.0,0,0,0,0.0,0,2.52,2.52,,,76.0,228.0,24.99835294117647,2.0,Missouri,2019.0,2019.0,DEN,42.0,-16.0,
2021,12,00-0035704,D.Lock,QB,DEN,LAC,4,7,26.0,0,1.0,1.0,-0.0,0,0.0,0,0,0,0.0,0,-0.96,-0.96,,,76.0,228.0,24.99835294117647,2.0,Missouri,2019.0,2019.0,DEN,42.0,15.0,
2021,15,00-0035704,D.Lock,QB,DEN,CIN,6,12,88.0,1,0.0,1.0,9.0,1,-2.0,0,0,0,0.0,0,5.32,5.32,,,76.0,228.0,24.99835294117647,2.0,Missouri,2019.0,2019.0,DEN,42.0,-5.0,
2021,16,00-0035704,D.Lock,QB,DEN,LV,15,22,153.0,0,0.0,2.0,13.0,2,10.0,0,0,0,0.0,0,7.12,7.12,,,76.0,228.0,24.99835294117647,2.0,Missouri,2019.0,2019.0,DEN,42.0,,
2021,17,00-0035704,D.Lock,QB,DEN,LAC,18,25,245.0,1,0.0,1.0,10.0,3,10.0,0,1,1,1.0,0,14.9,15.9,,,76.0,228.0,24.99835294117647,2.0,Missouri,2019.0,2019.0,DEN,42.0,,0.037037037
2021,18,00-0035704,D.Lock,QB,DEN,KC,12,24,162.0,0,0.0,1.0,5.0,4,35.0,2,0,0,0.0,0,21.98,21.98,,,76.0,228.0,24.99835294117647,2.0,Missouri,2019.0,2019.0,DEN,42.0,-4.0,
2021,1,00-0035710,D.Jones,QB,NYG,DEN,22,37,267.0,1,0.0,2.0,13.0,6,27.0,1,0,0,0.0,0,21.38,21.38,,,77.0,220.0,24.45794117647059,2.0,Duke,2019.0,2019.0,NYG,6.0,-14.0,
2021,2,00-0035710,D.Jones,QB,NYG,WAS,22,32,249.0,1,0.0,4.0,21.0,9,95.0,1,0,0,0.0,0,29.46,29.46,,,77.0,220.0,24.45794117647059,2.0,Duke,2019.0,2019.0,NYG,6.0,,
2021,3,00-0035710,D.Jones,QB,NYG,ATL,24,35,266.0,0,0.0,2.0,20.0,8,39.0,0,0,0,0.0,0,16.54,16.54,,,77.0,220.0,24.45794117647059,2.0,Duke,2019.0,2019.0,NYG,6.0,-3.0,
2021,4,00-0035710,D.Jones,QB,NYG,NO,28,40,402.0,2,1.0,0.0,-0.0,4,27.0,0,0,0,0.0,0,26.78,26.78,,,77.0,220.0,24.45794117647059,2.0,Duke,2019.0,2019.0,NYG,6.0,,
2021,5,00-0035710,D.Jones,QB,NYG,DAL,5,13,98.0,0,0.0,0.0,-0.0,3,9.0,0,0,0,0.0,0,4.82,4.82,,,77.0,220.0,24.45794117647059,2.0,Duke,2019.0,2019.0,NYG,6.0,,
2021,6,00-0035710,D.Jones,QB,NYG,LA,29,51,242.0,0,3.0,4.0,41.0,3,4.0,0,0,0,0.0,0,4.08,4.08,,,77.0,220.0,24.45794117647059,2.0,Duke,2019.0,2019.0,NYG,6.0,-27.0,
2021,7,00-0035710,D.Jones,QB,NYG,CAR,23,33,203.0,1,0.0,2.0,20.0,8,28.0,0,1,1,16.0,0,16.52,17.52,,,77.0,220.0,24.45794117647059,2.0,Duke,2019.0,2019.0,NYG,6.0,22.0,0.030303031
2021,8,00-0035710,D.Jones,QB,NYG,KC,22,32,222.0,2,1.0,3.0,13.0,5,12.0,0,0,0,0.0,0,16.08,16.08,,,77.0,220.0,24.45794117647059,2.0,Duke,2019.0,2019.0,NYG,6.0,,
2021,9,00-0035710,D.Jones,QB,NYG,LV,15,20,110.0,1,0.0,2.0,6.0,4,17.0,0,0,0,0.0,0,8.1,8.1,,,77.0,220.0,24.45794117647059,2.0,Duke,2019.0,2019.0,NYG,6.0,7.0,
2021,11,00-0035710,D.Jones,QB,NYG,TB,23,38,167.0,1,2.0,2.0,18.0,3,10.0,0,0,0,0.0,0,7.68,7.68,,,77.0,220.0,24.45794117647059,2.0,Duke,2019.0,2019.0,NYG,6.0,,
2021,12,00-0035710,D.Jones,QB,NYG,PHI,19,30,202.0,1,0.0,1.0,8.0,9,30.0,0,0,0,0.0,0,15.08,15.08,,,77.0,220.0,24.45794117647059,2.0,Duke,2019.0,2019.0,NYG,6.0,6.0,
2021,7,00-0035715,D.Gore,RB,KC,TEN,0,0,0.0,0,0.0,0.0,0.0,0,0.0,0,1,1,7.0,0,0.7,1.7,,,70.0,212.0,26.939049999999998,2.0,Louisiana-Monroe,2019.0,2019.0,,,,0.020833334
2021,8,00-0035715,D.Gore,RB,KC,NYG,0,0,0.0,0,0.0,0.0,0.0,11,48.0,1,0,0,0.0,0,10.8,10.8,,,70.0,212.0,26.939049999999998,2.0,Louisiana-Monroe,2019.0,2019.0,,,3.0,
2021,9,00-0035715,D.Gore,RB,KC,GB,0,0,0.0,0,0.0,0.0,0.0,3,13.0,0,1,1,6.0,0,1.9,2.9,,,70.0,212.0,26.939049999999998,2.0,Louisiana-Monroe,2019.0,2019.0,,,6.0,0.027777778
2021,10,00-0035715,D.Gore,RB,KC,LV,0,0,0.0,0,0.0,0.0,0.0,6,19.0,0,0,0,0.0,0,1.9,1.9,,,70.0,212.0,26.939049999999998,2.0,Louisiana-Monroe,2019.0,2019.0,,,,
2021,14,00-0035715,D.Gore,RB,KC,LV,0,0,0.0,0,0.0,0.0,0.0,9,66.0,1,2,2,23.0,0,14.9,16.9,,,70.0,212.0,26.939049999999998,2.0,Louisiana-Monroe,2019.0,2019.0,,,39.0,0.09090909
2021,16,00-0035715,D.Gore,RB,KC,PIT,0,0,0.0,0,0.0,0.0,0.0,12,43.0,0,3,3,61.0,0,10.4,13.4,,,70.0,212.0,26.939049999999998,2.0,Louisiana-Monroe,2019.0,2019.0,,,26.0,0.10344828
2021,17,00-0035715,D.Gore,RB,KC,CIN,0,0,0.0,0,0.0,0.0,0.0,3,37.0,0,1,1,8.0,0,4.5,5.5,,,70.0,212.0,26.939049999999998,2.0,Louisiana-Monroe,2019.0,2019.0,,,,0.029411765
2021,18,00-0035715,D.Gore,RB,KC,DEN,0,0,0.0,0,0.0,0.0,0.0,7,30.0,0,1,0,0.0,0,3.0,3.0,,,70.0,212.0,26.939049999999998,2.0,Louisiana-Monroe,2019.0,2019.0,,,,0.023809524
2021,19,00-0035715,D.Gore,RB,KC,PIT,0,0,0.0,0,0.0,0.0,0.0,3,3.0,0,0,0,0.0,0,0.3,0.3,,,70.0,212.0,26.939049999999998,2.0,Louisiana-Monroe,2019.0,2019.0,,,21.0,
2021,1,00-0035719,D.Samuel,WR,SF,DET,0,0,0.0,0,0.0,0.0,0.0,0,0.0,0,12,9,189.0,1,22.9,31.9,,,72.0,214.0,25.85505,2.0,South Carolina,2019.0,2019.0,SF,36.0,,0.5217391
2021,2,00-0035719,D.Samuel,WR,SF,PHI,0,0,0.0,0,0.0,0.0,0.0,2,8.0,0,8,6,93.0,0,10.1,16.1,,,72.0,214.0,25.85505,2.0,South Carolina,2019.0,2019.0,SF,36.0,,0.26666668
2021,3,00-0035719,D.Samuel,WR,SF,GB,0,0,0.0,0,0.0,0.0,0.0,2,0.0,0,10,5,52.0,0,5.2,10.2,,,72.0,214.0,25.85505,2.0,South Carolina,2019.0,2019.0,SF,36.0,-2.0,0.2631579
2021,4,00-0035719,D.Samuel,WR,SF,SEA,0,0,0.0,0,0.0,0.0,0.0,1,1.0,0,13,8,156.0,2,27.7,35.7,,,72.0,214.0,25.85505,2.0,South Carolina,2019.0,2019.0,SF,36.0,-7.0,0.33333334
2021,5,00-0035719,D.Samuel,WR,SF,ARI,0,0,0.0,0,0.0,0.0,0.0,1,13.0,1,9,3,58.0,0,13.1,16.1,,,72.0,214.0,25.85505,2.0,South Carolina,2019.0,2019.0,SF,36.0,,0.32142857
2021,7,00-0035719,D.Samuel,WR,SF,IND,0,0,0.0,0,0.0,0.0,0.0,0,0.0,0,11,7,100.0,1,14.0,21.0,,,72.0,214.0,25.85505,2.0,South Carolina,2019.0,2019.0,SF,36.0,-12.0,0.4074074
2021,8,00-0035719,D.Samuel,WR,SF,CHI,0,0,0.0,0,0.0,0.0,0.0,0,0.0,0,9,6,171.0,0,17.1,23.1,,,72.0,214.0,25.85505,2.0,South Carolina,2019.0,2019.0,SF,36.0,,0.33333334
2021,9,00-0035719,D.Samuel,WR,SF,ARI,0,0,0.0,0,0.0,0.0,0.0,0,0.0,0,9,5,63.0,0,6.3,11.3,,,72.0,214.0,25.85505,2.0,South Carolina,2019.0,2019.0,SF,36.0,-14.0,0.23076923
2021,10,00-0035719,D.Samuel,WR,SF,LA,0,0,0.0,0,0.0,0.0,0.0,5,36.0,1,5,5,97.0,1,25.3,30.3,,,72.0,214.0,25.85505,2.0,South Carolina,2019.0,2019.0,SF,36.0,21.0,0.2631579
2021,11,00-0035719,D.Samuel,WR,SF,JAX,0,0,0.0,0,0.0,0.0,0.0,8,79.0,1,2,1,15.0,0,15.4,16.4,,,72.0,214.0,25.85505,2.0,South Carolina,2019.0,2019.0,SF,36.0,,0.1
2021,12,00-0035719,D.Samuel,WR,SF,MIN,0,0,0.0,0,0.0,0.0,0.0,6,66.0,2,4,1,12.0,0,19.8,20.8,,,72.0,214.0,25.85505,2.0,South Carolina,2019.0,2019.0,SF,36.0,8.0,0.15384616
2021,14,00-0035719,D.Samuel,WR,SF,CIN,0,0,0.0,0,0.0,0.0,0.0,8,37.0,1,1,1,22.0,0,11.9,12.9,,,72.0,214.0,25.85505,2.0,South Carolina,2019.0,2019.0,SF,36.0,,0.027027028
2021,15,00-0035719,D.Samuel,WR,SF,ATL,0,1,0.0,0,0.0,0.0,-0.0,6,29.0,1,5,4,60.0,0,14.9,18.9,,,72.0,214.0,25.85505,2.0,South Carolina,2019.0,2019.0,SF,36.0,18.0,0.20833333
2021,16,00-0035719,D.Samuel,WR,SF,TEN,0,0,0.0,0,0.0,0.0,0.0,5,32.0,0,11,9,159.0,0,19.1,28.1,,,72.0,214.0,25.85505,2.0,South Carolina,2019.0,2019.0,SF,36.0,,0.31428573
2021,17,00-0035719,D.Samuel,WR,SF,HOU,0,0,0.0,0,0.0,0.0,0.0,7,19.0,0,6,3,63.0,1,14.2,17.2,,,72.0,214.0,25.85505,2.0,South Carolina,2019.0,2019.0,SF,36.0,16.0,0.26086956
2021,18,00-0035719,D.Samuel,WR,SF,LA,1,1,24.0,1,0.0,0.0,-0.0,8,45.0,1,6,4,95.0,0,24.96,28.96,,,72.0,214.0,25.85505,2.0,South Carolina,2019.0,2019.0,SF,36.0,,0.1875
2021,19,00-0035719,D.Samuel,WR,SF,DAL,0,0,0.0,0,0.0,0.0,0.0,10,72.0,1,3,3,38.0,0,17.0,20.0,,,72.0,214.0,25.85505,2.0,South Carolina,2019.0,2019.0,SF,36.0,,0.12
2021,20,00-0035719,D.Samuel,WR,SF,GB,0,0,0.0,0,0.0,0.0,0.0,10,39.0,0,4,3,44.0,0,8.3,11.3,,,72.0,214.0,25.85505,2.0,South Carolina,2019.0,2019.0,SF,36.0,,0.22222222
2021,21,00-0035719,D.Samuel,WR,SF,LA,0,0,0.0,0,0.0,0.0,0.0,7,26.0,0,7,4,72.0,1,15.8,19.8,,,72.0,214.0,25.85505,2.0,South Carolina,2019.0,2019.0,SF,36.0,,0.2413793
2021,7,00-0035726,J.Johnson,FB,NE,NYJ,0,0,0.0,0,0.0,0.0,0.0,0,0.0,0,2,2,32.0,0,3.2,5.2,,,75.0,255.0,26.910944444444443,2.0,Tennessee,2019.0,2019.0,,,41.0,0.05
2021,8,00-0035726,J.Johnson,FB,NE,LAC,0,0,0.0,0,0.0,0.0,0.0,0,0.0,0,2,1,2.0,0,0.2,1.2,,,75.0,255.0,26.910944444444443,2.0,Tennessee,2019.0,2019.0,,,,0.05882353
2021,16,00-0035726,J.Johnson,FB,NE,BUF,0,0,0.0,0,0.0,0.0,0.0,0,0.0,0,1,1,9.0,0,0.9,1.9,,,75.0,255.0,26.910944444444443,2.0,Tennessee,2019.0,2019.0,,,-12.0,0.032258064
2021,19,00-0035726,J.Johnson,FB,NE,BUF,0,0,0.0,0,0.0,0.0,0.0,0,0.0,0,1,0,0.0,0,0.0,0.0,,,75.0,255.0,26.910944444444443,2.0,Tennessee,2019.0,2019.0,,,,0.028571429
2021,9,00-0035752,C.Streveler,QB,ARI,SF,0,0,0.0,0,0.0,0.0,0.0,1,2.0,0,0,0,0.0,0,0.2,0.2,,,73.0,215.0,26.84270588235294,1.0,South Dakota,2020.0,2020.0,,,,
2021,10,00-0035752,C.Streveler,QB,ARI,CAR,6,9,36.0,0,0.0,2.0,17.0,2,4.0,0,0,0,0.0,0,1.84,1.84,,,73.0,215.0,26.84270588235294,1.0,South Dakota,2020.0,2020.0,,,-24.0,
2021,4,00-0035760,J.Patrick,RB,SF,SEA,0,0,0.0,0,0.0,0.0,0.0,2,12.0,0,0,0,0.0,0,1.2,1.2,,,74.0,234.0,24.809545454545454,1.0,Florida State,2020.0,2020.0,,,-7.0,
2021,18,00-0035771,M.Wilcox,TE,CIN,CLE,0,0,0.0,0,0.0,0.0,0.0,0,0.0,0,5,3,16.0,0,1.6,4.6,,,76.0,245.0,25.048809523809524,1.0,South Florida,2020.0,2020.0,,,,0.1724138
2021,1,00-0035806,J.Hasty,RB,SF,DET,0,0,0.0,0,0.0,0.0,0.0,1,3.0,1,1,1,15.0,0,7.8,8.8,,,68.0,205.0,25.195349999999998,1.0,Baylor,2020.0,2020.0,,,,0.04347826
2021,2,00-0035806,J.Hasty,RB,SF,PHI,0,0,0.0,0,0.0,0.0,0.0,5,38.0,0,5,4,21.0,0,5.9,9.9,,,68.0,205.0,25.195349999999998,1.0,Baylor,2020.0,2020.0,,,,0.16666667
2021,7,00-0035806,J.Hasty,RB,SF,IND,0,0,0.0,0,0.0,0.0,0.0,3,1.0,0,6,3,15.0,0,1.6,4.6,,,68.0,205.0,25.195349999999998,1.0,Baylor,2020.0,2020.0,,,-12.0,0.22222222
2021,8,00-0035806,J.Hasty,RB,SF,CHI,0,0,0.0,0,0.0,0.0,0.0,3,4.0,0,2,2,29.0,0,3.3,5.3,,,68.0,205.0,25.195349999999998,1.0,Baylor,2020.0,2020.0,,,,0.074074075
2021,9,00-0035806,J.Hasty,RB,SF,ARI,0,0,0.0,0,0.0,0.0,0.0,1,2.0,0,4,3,11.0,0,1.3,4.3,,,68.0,205.0,25.195349999999998,1.0,Baylor,2020.0,2020.0,,,-14.0,0.102564104
2021,14,00-0035806,J.Hasty,RB,SF,CIN,0,0,0.0,0,0.0,0.0,0.0,0,0.0,0,3,3,10.0,0,1.0,4.0,,,68.0,205.0,25.195349999999998,1.0,Baylor,2020.0,2020.0,,,,0.08108108
2021,15,00-0035806,J.Hasty,RB,SF,ATL,0,0,0.0,0,0.0,0.0,0.0,1,13.0,0,1,1,3.0,0,1.6,2.6,,,68.0,205.0,25.195349999999998,1.0,Baylor,2020.0,2020.0,,,18.0,0.041666668
2021,16,00-0035806,J.Hasty,RB,SF,TEN,0,0,0.0,0,0.0,0.0,0.0,1,3.0,0,3,3,26.0,0,2.9,5.9,,,68.0,205.0,25.195349999999998,1.0,Baylor,2020.0,2020.0,,,,0.08571429
2021,17,00-0035806,J.Hasty,RB,SF,HOU,0,0,0.0,0,0.0,0.0,0.0,0,0.0,0,1,1,6.0,0,0.6,1.6,,,68.0,205.0,25.195349999999998,1.0,Baylor,2020.0,2020.0,,,16.0,0.04347826
2021,18,00-0035806,J.Hasty,RB,SF,LA,0,0,0.0,0,0.0,0.0,0.0,1,4.0,0,3,2,21.0,0,2.5,4.5,,,68.0,205.0,25.195349999999998,1.0,Baylor,2020.0,2020.0,,,,0.09375
2021,21,00-0035806,J.Hasty,RB,SF,LA,0,0,0.0,0,0.0,0.0,0.0,0,0.0,0,3,1,6.0,0,0.6,1.6,,,68.0,205.0,25.195349999999998,1.0,Baylor,2020.0,2020.0,,,,0.10344828
2021,5,00-0035823,B.Ellefson,TE,MIN,DET,0,0,0.0,0,0.0,0.0,0.0,0,0.0,0,1,0,0.0,0,0.0,0.0,,,75.0,250.0,25.194764705882353,1.0,North Dakota State,2020.0,2020.0,,,2.0,0.032258064
2021,1,00-0035831,J.Robinson,RB,JAX,HOU,0,0,0.0,0,0.0,0.0,0.0,5,25.0,0,6,3,29.0,0,5.4,8.4,,,69.0,220.0,23.259,1.0,Illinois State,2020.0,2020.0,,,,0.12
2021,2,00-0035831,J.Robinson,RB,JAX,DEN,0,0,0.0,0,0.0,0.0,0.0,11,47.0,0,3,3,17.0,0,6.4,9.4,,,69.0,220.0,23.259,1.0,Illinois State,2020.0,2020.0,,,-10.0,0.09090909
2021,3,00-0035831,J.Robinson,RB,JAX,ARI,0,0,0.0,0,0.0,0.0,0.0,15,88.0,1,6,6,46.0,0,19.4,25.4,,,69.0,220.0,23.259,1.0,Illinois State,2020.0,2020.0,,,-12.0,0.1875
2021,4,00-0035831,J.Robinson,RB,JAX,CIN,0,0,0.0,0,0.0,0.0,0.0,18,78.0,2,2,1,-2.0,0,19.6,20.6,,,69.0,220.0,23.259,1.0,Illinois State,2020.0,2020.0,,,,0.09090909
2021,5,00-0035831,J.Robinson,RB,JAX,TEN,0,0,0.0,0,0.0,0.0,0.0,18,149.0,1,1,1,-2.0,0,20.7,21.7,,,69.0,220.0,23.259,1.0,Illinois State,2020.0,2020.0,,,-18.0,0.030303031
2021,6,00-0035831,J.Robinson,RB,JAX,MIA,0,0,0.0,0,0.0,0.0,0.0,17,73.0,1,4,3,28.0,0,16.1,19.1,,,69.0,220.0,23.259,1.0,Illinois State,2020.0,2020.0,,,3.0,0.1
2021,8,00-0035831,J.Robinson,RB,JAX,SEA,0,0,0.0,0,0.0,0.0,0.0,4,22.0,0,2,1,17.0,0,3.9,4.9,,,69.0,220.0,23.259,1.0,Illinois State,2020.0,2020.0,,,,0.03846154
2021,10,00-0035831,J.Robinson,RB,JAX,IND,0,0,0.0,0,0.0,0.0,0.0,12,57.0,1,5,4,27.0,0,14.4,18.4,,,69.0,220.0,23.259,1.0,Illinois State,2020.0,2020.0,,,,0.14285715
2021,11,00-0035831,J.Robinson,RB,JAX,SF,0,0,0.0,0,0.0,0.0,0.0,12,29.0,1,3,2,9.0,0,9.8,11.8,,,69.0,220.0,23.259,1.0,Illinois State,2020.0,2020.0,,,-20.0,0.125
2021,12,00-0035831,J.Robinson,RB,JAX,ATL,0,0,0.0,0,0.0,0.0,0.0,17,86.0,0,4,3,29.0,0,9.5,12.5,,,69.0,220.0,23.259,1.0,Illinois State,2020.0,2020.0,,,-7.0,0.09756097
2021,13,00-0035831,J.Robinson,RB,JAX,LA,0,0,0.0,0,0.0,0.0,0.0,8,24.0,0,4,1,11.0,0,1.5,2.5,,,69.0,220.0,23.259,1.0,Illinois State,2020.0,2020.0,,,,0.14285715
2021,14,00-0035831,J.Robinson,RB,JAX,TEN,0,0,0.0,0,0.0,0.0,0.0,6,4.0,0,0,0,0.0,0,0.4,0.4,,,69.0,220.0,23.259,1.0,Illinois State,2020.0,2020.0,,,,
2021,15,00-0035831,J.Robinson,RB,JAX,HOU,0,0,0.0,0,0.0,0.0,0.0,18,75.0,1,6,3,13.0,0,14.8,17.8,,,69.0,220.0,23.259,1.0,Illinois State,2020.0,2020.0,,,-14.0,0.16666667
2021,16,00-0035831,J.Robinson,RB,JAX,NYJ,0,0,0.0,0,0.0,0.0,0.0,3,10.0,0,0,0,0.0,0,1.0,1.0,,,69.0,220.0,23.259,1.0,Illinois State,2020.0,2020.0,,,,
2021,16,00-0035835,N.Cottrell,RB,JAX,NYJ,0,0,0.0,0,0.0,0.0,0.0,1,3.0,0,0,0,0.0,0,0.3,0.3,,,71.0,193.0,25.2859375,1.0,Georgia Tech,2020.0,2020.0,,,,
2021,9,00-0035844,K.Merritt,WR,MIA,HOU,0,0,0.0,0,0.0,0.0,0.0,0,0.0,0,3,1,13.0,0,1.3,2.3,,,73.0,210.0,24.841941176470588,1.0,Arkansas State,2020.0,2020.0,,,8.0,0.075
2021,12,00-0035859,B.Gillikin,P,NO,BUF,0,1,0.0,0,0.0,0.0,-0.0,0,0.0,0,0,0,0.0,0,0.0,0.0,,,74.0,196.0,23.807588235294116,1.0,Penn State,2020.0,2020.0,,,-25.0,
2021,1,00-0035860,T.Jones,RB,NO,GB,0,0,0.0,0,0.0,0.0,0.0,11,50.0,0,1,1,3.0,0,5.3,6.3,,,71.0,225.0,23.96629411764706,1.0,Notre Dame,2020.0,2020.0,,,35.0,0.05
2021,2,00-0035860,T.Jones,RB,NO,CAR,0,0,0.0,0,0.0,0.0,0.0,3,7.0,0,0,0,0.0,0,0.7,0.7,,,71.0,225.0,23.96629411764706,1.0,Notre Dame,2020.0,2020.0,,,,
2021,3,00-0035860,T.Jones,RB,NO,NE,0,0,0.0,0,0.0,0.0,0.0,2,12.0,0,2,2,10.0,0,2.2,4.2,,,71.0,225.0,23.96629411764706,1.0,Notre Dame,2020.0,2020.0,,,,0.1
2021,4,00-0035860,T.Jones,RB,NO,NYG,0,0,0.0,0,0.0,0.0,0.0,3,8.0,0,3,1,-3.0,0,0.5,1.5,,,71.0,225.0,23.96629411764706,1.0,Notre Dame,2020.0,2020.0,,,-6.0,0.115384616
2021,11,00-0035860,T.Jones,RB,NO,PHI,0,0,0.0,0,0.0,0.0,0.0,3,2.0,0,0,0,0.0,0,0.2,0.2,,,71.0,225.0,23.96629411764706,1.0,Notre Dame,2020.0,2020.0,,,,
2021,12,00-0035860,T.Jones,RB,NO,BUF,0,0,0.0,0,0.0,0.0,0.0,16,27.0,0,0,0,0.0,0,2.7,2.7,,,71.0,225.0,23.96629411764706,1.0,Notre Dame,2020.0,2020.0,,,-25.0,
2021,14,00-0035860,T.Jones,RB,NO,NYJ,0,0,0.0,0,0.0,0.0,0.0,6,10.0,0,1,1,19.0,0,2.9,3.9,,,71.0,225.0,23.96629411764706,1.0,Notre Dame,2020.0,2020.0,,,,0.04761905
2021,16,00-0035860,T.Jones,RB,NO,MIA,0,0,0.0,0,0.0,0.0,0.0,2,6.0,0,0,0,0.0,0,0.6,0.6,,,71.0,225.0,23.96629411764706,1.0,Notre Dame,2020.0,2020.0,,,-17.0,
2021,17,00-0035860,T.Jones,RB,NO,CAR,0,0,0.0,0,0.0,0.0,0.0,1,-2.0,0,0,0,0.0,0,-0.2,-0.2,,,71.0,225.0,23.96629411764706,1.0,Notre Dame,2020.0,2020.0,,,8.0,
2021,18,00-0035860,T.Jones,RB,NO,ATL,0,0,0.0,0,0.0,0.0,0.0,7,22.0,0,1,0,0.0,0,2.2,2.2,,,71.0,225.0,23.96629411764706,1.0,Notre Dame,2020.0,2020.0,,,,0.04347826
2021,2,00-0035864,K.Hinton,WR,DEN,JAX,0,0,0.0,0,0.0,0.0,0.0,0,0.0,0,1,1,15.0,0,1.5,2.5,,,72.0,195.0,24.721823529411765,1.0,Wake Forest,2020.0,2020.0,,,,0.029411765
2021,4,00-0035864,K.Hinton,WR,DEN,BAL,0,0,0.0,0,0.0,0.0,0.0,0,0.0,0,3,1,13.0,0,1.3,2.3,,,72.0,195.0,24.721823529411765,1.0,Wake Forest,2020.0,2020.0,,,-16.0,0.08108108
2021,5,00-0035864,K.Hinton,WR,DEN,PIT,0,0,0.0,0,0.0,0.0,0.0,0,0.0,0,3,2,25.0,1,8.5,10.5,,,72.0,195.0,24.721823529411765,1.0,Wake Forest,2020.0,2020.0,,,,0.08571429
2021,6,00-0035864,K.Hinton,WR,DEN,LV,0,0,0.0,0,0.0,0.0,0.0,0,0.0,0,5,5,37.0,0,3.7,8.7,,,72.0,195.0,24.721823529411765,1.0,Wake Forest,2020.0,2020.0,,,-10.0,0.104166664
2021,7,00-0035864,K.Hinton,WR,DEN,CLE,0,0,0.0,0,0.0,0.0,0.0,0,0.0,0,2,2,15.0,0,1.5,3.5,,,72.0,195.0,24.721823529411765,1.0,Wake Forest,2020.0,2020.0,,,,0.0625
2021,9,00-0035864,K.Hinton,WR,DEN,DAL,0,0,0.0,0,0.0,0.0,0.0,0,0.0,0,1,1,40.0,0,4.0,5.0,,,72.0,195.0,24.721823529411765,1.0,Wake Forest,2020.0,2020.0,,,,0.041666668
2021,12,00-0035864,K.Hinton,WR,DEN,LAC,0,0,0.0,0,0.0,0.0,0.0,0,0.0,0,1,0,0.0,0,0.0,0.0,,,72.0,195.0,24.721823529411765,1.0,Wake Forest,2020.0,2020.0,,,15.0,0.04347826
2021,13,00-0035864,K.Hinton,WR,DEN,KC,0,0,0.0,0,0.0,0.0,0.0,0,0.0,0,1,1,7.0,0,0.7,1.7,,,72.0,195.0,24.721823529411765,1.0,Wake Forest,2020.0,2020.0,,,,0.027777778
2021,15,00-0035864,K.Hinton,WR,DEN,CIN,0,0,0.0,0,0.0,0.0,0.0,0,0.0,0,1,0,0.0,0,0.0,0.0,,,72.0,195.0,24.721823529411765,1.0,Wake Forest,2020.0,2020.0,,,-5.0,0.03125
2021,17,00-0035864,K.Hinton,WR,DEN,LAC,1,1,1.0,0,0.0,0.0,-0.0,0,0.0,0,5,2,23.0,0,2.34,4.34,,,72.0,195.0,24.721823529411765,1.0,Wake Forest,2020.0,2020.0,,,,0.18518518
2021,16,00-0035883,M.Ffrench,WR,LAC,HOU,0,0,0.0,0,0.0,0.0,0.0,1,3.0,0,0,0,0.0,0,0.3,0.3,,,71.0,200.0,23.861470588235292,1.0,Pittsburgh,2020.0,2020.0,,,,
2021,10,00-0035889,T.Townsend,P,KC,LV,1,1,16.0,0,0.0,0.0,-0.0,0,0.0,0,0,0,0.0,0,0.64,0.64,,,73.0,176.0,25.0225,1.0,Florida,2020.0,2020.0,,,,
2021,3,00-0035891,C.White,WR,PIT,CIN,0,0,0.0,0,0.0,0.0,0.0,0,0.0,0,2,2,17.0,0,1.7,3.7,,,75.0,210.0,22.965444444444444,1.0,Michigan State,2020.0,2020.0,,,-14.0,0.03448276
2021,5,00-0035891,C.White,WR,PIT,DEN,0,0,0.0,0,0.0,0.0,0.0,0,0.0,0,1,0,0.0,0,0.0,0.0,,,75.0,210.0,22.965444444444444,1.0,Michigan State,2020.0,2020.0,,,8.0,0.04
2021,16,00-0035891,C.White,WR,PIT,KC,0,0,0.0,0,0.0,0.0,0.0,0,0.0,0,3,3,16.0,0,1.6,4.6,,,75.0,210.0,22.965444444444444,1.0,Michigan State,2020.0,2020.0,,,,0.071428575
2021,12,00-0035898,D.Bradwell,RB,LAC,DEN,0,0,0.0,0,0.0,0.0,0.0,0,0.0,0,1,0,0.0,0,0.0,0.0,,,72.0,230.0,24.494,1.0,Tulane,2020.0,2020.0,,,,0.022727273
2021,1,00-0035908,G.Nabers,FB,LAC,WAS,0,0,0.0,0,0.0,0.0,0.0,1,2.0,0,0,0,0.0,0,0.2,0.2,,,75.0,243.0,24.01747058823529,1.0,Florida State,2020.0,2020.0,,,,
2021,3,00-0035908,G.Nabers,FB,LAC,KC,0,0,0.0,0,0.0,0.0,0.0,0,0.0,0,2,2,11.0,0,1.1,3.1,,,75.0,243.0,24.01747058823529,1.0,Florida State,2020.0,2020.0,,,,0.057142857
2021,6,00-0035908,G.Nabers,FB,LAC,BAL,0,0,0.0,0,0.0,0.0,0.0,0,0.0,0,1,1,6.0,0,0.6,1.6,,,75.0,243.0,24.01747058823529,1.0,Florida State,2020.0,2020.0,,,,0.025641026
2021,15,00-0035908,G.Nabers,FB,LAC,KC,0,0,0.0,0,0.0,0.0,0.0,1,4.0,0,0,0,0.0,0,0.4,0.4,,,75.0,243.0,24.01747058823529,1.0,Florida State,2020.0,2020.0,,,-6.0,
2021,17,00-0035908,G.Nabers,FB,LAC,DEN,0,0,0.0,0,0.0,0.0,0.0,1,2.0,0,0,0,0.0,0,0.2,0.2,,,75.0,243.0,24.01747058823529,1.0,Florida State,2020.0,2020.0,,,21.0,
2021,6,00-0035924,J.Ward,RB,ARI,CLE,0,0,0.0,0,0.0,0.0,0.0,4,14.0,0,0,0,0.0,0,1.4,1.4,,,72.0,202.0,24.120777777777775,1.0,Central Michigan,2020.0,2020.0,,,,
2021,7,00-0035924,J.Ward,RB,ARI,HOU,0,0,0.0,0,0.0,0.0,0.0,1,7.0,0,0,0,0.0,0,0.7,0.7,,,72.0,202.0,24.120777777777775,1.0,Central Michigan,2020.0,2020.0,,,26.0,
2021,15,00-0035924,J.Ward,RB,ARI,DET,0,0,0.0,0,0.0,0.0,0.0,1,6.0,0,2,1,9.0,0,1.5,2.5,,,72.0,202.0,24.120777777777775,1.0,Central Michigan,2020.0,2020.0,,,,0.041666668
2021,16,00-0035924,J.Ward,RB,ARI,IND,0,0,0.0,0,0.0,0.0,0.0,1,3.0,0,0,0,0.0,0,0.3,0.3,,,72.0,202.0,24.120777777777775,1.0,Central Michigan,2020.0,2020.0,,,-6.0,
2021,17,00-0035924,J.Ward,RB,ARI,DAL,0,0,0.0,0,0.0,0.0,0.0,2,3.0,0,1,1,23.0,0,2.6,3.6,,,72.0,202.0,24.120777777777775,1.0,Central Michigan,2020.0,2020.0,,,,0.027027028
2021,18,00-0035924,J.Ward,RB,ARI,SEA,0,0,0.0,0,0.0,0.0,0.0,0,0.0,0,1,1,2.0,0,0.2,1.2,,,72.0,202.0,24.120777777777775,1.0,Central Michigan,2020.0,2020.0,,,-8.0,0.025641026
2021,15,00-0035956,G.Ricci,TE,CAR,BUF,0,0,0.0,0,0.0,0.0,0.0,0,0.0,0,1,0,0.0,0,0.0,0.0,,,75.0,240.0,25.064705882352943,1.0,Western Michigan,2020.0,2020.0,,,,0.027777778
2021,16,00-0035956,G.Ricci,TE,CAR,TB,0,0,0.0,0,0.0,0.0,0.0,0,0.0,0,1,0,0.0,0,0.0,0.0,,,75.0,240.0,25.064705882352943,1.0,Western Michigan,2020.0,2020.0,,,-26.0,0.023255814
2021,4,00-0035957,R.Smith,RB,CAR,DAL,0,0,0.0,0,0.0,0.0,0.0,0,0.0,0,5,5,48.0,0,4.8,9.8,,,71.0,210.0,25.705090909090906,1.0,Minnesota,2020.0,2020.0,,,,0.12820514
2021,10,00-0035973,P.Taylor,RB,GB,SEA,0,0,0.0,0,0.0,0.0,0.0,2,7.0,0,0,0,0.0,0,0.7,0.7,,,74.0,223.0,23.542833333333334,1.0,Memphis,2020.0,2020.0,,,17.0,
2021,11,00-0035973,P.Taylor,RB,GB,MIN,0,0,0.0,0,0.0,0.0,0.0,4,11.0,0,0,0,0.0,0,1.1,1.1,,,74.0,223.0,23.542833333333334,1.0,Memphis,2020.0,2020.0,,,,
2021,17,00-0035973,P.Taylor,RB,GB,MIN,0,0,0.0,0,0.0,0.0,0.0,6,18.0,0,0,0,0.0,0,1.8,1.8,,,74.0,223.0,23.542833333333334,1.0,Memphis,2020.0,2020.0,,,27.0,
2021,18,00-0035973,P.Taylor,RB,GB,DET,0,0,0.0,0,0.0,0.0,0.0,11,53.0,1,2,2,3.0,0,11.6,13.6,,,74.0,223.0,23.542833333333334,1.0,Memphis,2020.0,2020.0,,,,0.057142857
2021,6,00-0035993,T.Huntley,QB,BAL,LAC,0,0,0.0,0,0.0,0.0,0.0,3,10.0,0,0,0,0.0,0,1.0,1.0,,,73.0,205.0,23.770176470588236,1.0,Utah,2020.0,2020.0,,,28.0,
2021,7,00-0035993,T.Huntley,QB,BAL,CIN,5,11,39.0,0,0.0,0.0,-0.0,0,0.0,0,0,0,0.0,0,1.56,1.56,,,73.0,205.0,23.770176470588236,1.0,Utah,2020.0,2020.0,,,-24.0,
2021,11,00-0035993,T.Huntley,QB,BAL,CHI,26,36,219.0,0,1.0,6.0,43.0,7,40.0,0,0,0,0.0,0,10.76,10.76,,,73.0,205.0,23.770176470588236,1.0,Utah,2020.0,2020.0,,,,
2021,14,00-0035993,T.Huntley,QB,BAL,CLE,27,38,270.0,1,0.0,3.0,16.0,6,45.0,0,0,0,0.0,0,15.3,15.3,,,73.0,205.0,23.770176470588236,1.0,Utah,2020.0,2020.0,,,,
2021,15,00-0035993,T.Huntley,QB,BAL,GB,28,40,215.0,2,0.0,1.0,4.0,13,73.0,2,0,0,0.0,0,35.9,35.9,,,73.0,205.0,23.770176470588236,1.0,Utah,2020.0,2020.0,,,-1.0,
2021,17,00-0035993,T.Huntley,QB,BAL,LA,20,32,197.0,0,1.0,5.0,35.0,6,54.0,0,0,0,0.0,0,11.28,11.28,,,73.0,205.0,23.770176470588236,1.0,Utah,2020.0,2020.0,,,-1.0,
2021,18,00-0035993,T.Huntley,QB,BAL,PIT,16,31,141.0,0,2.0,3.0,9.0,12,72.0,0,0,0,0.0,0,8.84,8.84,,,73.0,205.0,23.770176470588236,1.0,Utah,2020.0,2020.0,,,-3.0,
2021,7,00-0036011,B.Price,FS,DET,LA,0,0,0.0,0,0.0,0.0,0.0,0,0.0,0,1,1,17.0,0,1.7,2.7,,,75.0,205.0,23.547117647058823,1.0,Norfolk State,2020.0,2020.0,,,,0.03125
2021,1,00-0036020,S.Ahmed,RB,MIA,NE,0,0,0.0,0,0.0,0.0,0.0,3,4.0,0,3,2,24.0,0,2.8,4.8,,,71.0,196.0,22.862470588235293,1.0,Washington,2020.0,2020.0,,,,0.11111111
2021,2,00-0036020,S.Ahmed,RB,MIA,BUF,0,0,0.0,0,0.0,0.0,0.0,6,17.0,0,3,0,0.0,0,1.7,1.7,,,71.0,196.0,22.862470588235293,1.0,Washington,2020.0,2020.0,,,-35.0,0.071428575
2021,4,00-0036020,S.Ahmed,RB,MIA,IND,0,0,0.0,0,0.0,0.0,0.0,3,1.0,0,2,2,12.0,0,1.3,3.3,,,71.0,196.0,22.862470588235293,1.0,Washington,2020.0,2020.0,,,-10.0,0.06666667
2021,5,00-0036020,S.Ahmed,RB,MIA,TB,0,0,0.0,0,0.0,0.0,0.0,2,5.0,0,3,2,16.0,0,2.1,4.1,,,71.0,196.0,22.862470588235293,1.0,Washington,2020.0,2020.0,,,,0.07692308
2021,6,00-0036020,S.Ahmed,RB,MIA,JAX,0,0,0.0,0,0.0,0.0,0.0,7,22.0,0,2,1,15.0,0,3.7,4.7,,,71.0,196.0,22.862470588235293,1.0,Washington,2020.0,2020.0,,,,0.04255319
2021,7,00-0036020,S.Ahmed,RB,MIA,ATL,0,0,0.0,0,0.0,0.0,0.0,7,26.0,0,2,2,26.0,0,5.2,7.2,,,71.0,196.0,22.862470588235293,1.0,Washington,2020.0,2020.0,,,-2.0,0.05
2021,8,00-0036020,S.Ahmed,RB,MIA,BUF,0,0,0.0,0,0.0,0.0,0.0,7,22.0,0,2,1,6.0,0,2.8,3.8,,,71.0,196.0,22.862470588235293,1.0,Washington,2020.0,2020.0,,,,0.055555556
2021,9,00-0036020,S.Ahmed,RB,MIA,HOU,0,0,0.0,0,0.0,0.0,0.0,4,6.0,0,0,0,0.0,0,0.6,0.6,,,71.0,196.0,22.862470588235293,1.0,Washington,2020.0,2020.0,,,8.0,
2021,10,00-0036020,S.Ahmed,RB,MIA,BAL,0,0,0.0,0,0.0,0.0,0.0,2,6.0,0,1,1,9.0,0,1.5,2.5,,,71.0,196.0,22.862470588235293,1.0,Washington,2020.0,2020.0,,,12.0,0.029411765
2021,12,00-0036020,S.Ahmed,RB,MIA,CAR,0,0,0.0,0,0.0,0.0,0.0,5,17.0,0,1,1,9.0,0,2.6,3.6,,,71.0,196.0,22.862470588235293,1.0,Washington,2020.0,2020.0,,,23.0,0.032258064
2021,13,00-0036020,S.Ahmed,RB,MIA,NYG,0,0,0.0,0,0.0,0.0,0.0,8,23.0,0,0,0,0.0,0,2.3,2.3,,,71.0,196.0,22.862470588235293,1.0,Washington,2020.0,2020.0,,,11.0,
2021,9,00-0036032,S.McKeon,TE,DAL,DEN,0,0,0.0,0,0.0,0.0,0.0,0,0.0,0,2,0,0.0,0,0.0,0.0,,,77.0,246.0,23.881444444444444,1.0,Michigan,2020.0,2020.0,,,-14.0,0.051282052
2021,10,00-0036032,S.McKeon,TE,DAL,ATL,0,0,0.0,0,0.0,0.0,0.0,0,0.0,0,2,2,15.0,0,1.5,3.5,,,77.0,246.0,23.881444444444444,1.0,Michigan,2020.0,2020.0,,,40.0,0.060606062
2021,11,00-0036032,S.McKeon,TE,DAL,KC,0,0,0.0,0,0.0,0.0,0.0,0,0.0,0,1,1,2.0,0,0.2,1.2,,,77.0,246.0,23.881444444444444,1.0,Michigan,2020.0,2020.0,,,,0.023809524
2021,12,00-0036032,S.McKeon,TE,DAL,LV,0,0,0.0,0,0.0,0.0,0.0,0,0.0,0,1,1,10.0,1,7.0,8.0,,,77.0,246.0,23.881444444444444,1.0,Michigan,2020.0,2020.0,,,-3.0,0.021276595
2021,16,00-0036036,T.Steele,T,DAL,WAS,0,0,0.0,0,0.0,0.0,0.0,0,0.0,0,1,1,1.0,1,6.1,7.1,,,78.0,310.0,24.448055555555555,1.0,Texas Tech,2020.0,2020.0,,,42.0,0.024390243
2021,1,00-0036040,J.Johnson,TE,NO,GB,0,0,0.0,0,0.0,0.0,0.0,0,0.0,0,3,3,21.0,2,14.1,17.1,,,76.0,231.0,25.162764705882353,1.0,Oregon,2020.0,2020.0,,,35.0,0.15
2021,2,00-0036040,J.Johnson,TE,NO,CAR,0,0,0.0,0,0.0,0.0,0.0,0,0.0,0,3,1,23.0,0,2.3,3.3,,,76.0,231.0,25.162764705882353,1.0,Oregon,2020.0,2020.0,,,,0.14285715
2021,3,00-0036040,J.Johnson,TE,NO,NE,0,0,0.0,0,0.0,0.0,0.0,0,0.0,0,1,0,0.0,0,0.0,0.0,,,76.0,231.0,25.162764705882353,1.0,Oregon,2020.0,2020.0,,,,0.05
2021,4,00-0036040,J.Johnson,TE,NO,NYG,0,0,0.0,0,0.0,0.0,0.0,0,0.0,0,3,2,20.0,1,8.0,10.0,,,76.0,231.0,25.162764705882353,1.0,Oregon,2020.0,2020.0,,,-6.0,0.115384616
2021,5,00-0036040,J.Johnson,TE,NO,WAS,0,0,0.0,0,0.0,0.0,0.0,0,0.0,0,1,0,0.0,0,0.0,0.0,,,76.0,231.0,25.162764705882353,1.0,Oregon,2020.0,2020.0,,,,0.035714287
2021,7,00-0036040,J.Johnson,TE,NO,SEA,0,0,0.0,0,0.0,0.0,0.0,0,0.0,0,1,1,8.0,0,0.8,1.8,,,76.0,231.0,25.162764705882353,1.0,Oregon,2020.0,2020.0,,,,0.03125
2021,8,00-0036040,J.Johnson,TE,NO,TB,0,0,0.0,0,0.0,0.0,0.0,0,0.0,0,1,0,0.0,0,0.0,0.0,,,76.0,231.0,25.162764705882353,1.0,Oregon,2020.0,2020.0,,,9.0,0.028571429
2021,10,00-0036040,J.Johnson,TE,NO,TEN,0,0,0.0,0,0.0,0.0,0.0,0,0.0,0,3,2,36.0,0,3.6,5.6,,,76.0,231.0,25.162764705882353,1.0,Oregon,2020.0,2020.0,,,,0.08571429
2021,13,00-0036040,J.Johnson,TE,NO,DAL,0,0,0.0,0,0.0,0.0,0.0,0,0.0,0,1,1,27.0,0,2.7,3.7,,,76.0,231.0,25.162764705882353,1.0,Oregon,2020.0,2020.0,,,-10.0,0.024390243
2021,14,00-0036040,J.Johnson,TE,NO,NYJ,0,0,0.0,0,0.0,0.0,0.0,0,0.0,0,1,1,15.0,0,1.5,2.5,,,76.0,231.0,25.162764705882353,1.0,Oregon,2020.0,2020.0,,,,0.04761905
2021,17,00-0036040,J.Johnson,TE,NO,CAR,0,0,0.0,0,0.0,0.0,0.0,0,0.0,0,2,1,4.0,0,0.4,1.4,,,76.0,231.0,25.162764705882353,1.0,Oregon,2020.0,2020.0,,,8.0,0.08695652
2021,18,00-0036040,J.Johnson,TE,NO,ATL,0,0,0.0,0,0.0,0.0,0.0,0,0.0,0,2,1,5.0,1,6.5,7.5,,,76.0,231.0,25.162764705882353,1.0,Oregon,2020.0,2020.0,,,,0.08695652
2021,8,00-0036069,S.Phillips,RB,HOU,LA,0,0,0.0,0,0.0,0.0,0.0,5,11.0,0,3,2,9.0,0,2.0,4.0,,,68.0,211.0,24.09605882352941,1.0,Mississippi,2020.0,2020.0,,,-16.0,0.083333336
2021,9,00-0036069,S.Phillips,RB,HOU,MIA,0,0,0.0,0,0.0,0.0,0.0,1,2.0,0,0,0,0.0,0,0.2,0.2,,,68.0,211.0,24.09605882352941,1.0,Mississippi,2020.0,2020.0,,,,
2021,14,00-0036080,E.Winston,WR,NO,NYJ,0,0,0.0,0,0.0,0.0,0.0,0,0.0,0,1,1,5.0,0,0.5,1.5,,,72.0,190.0,24.90270588235294,1.0,Washington State,2020.0,2020.0,,,,0.04761905
2021,2,00-0036096,J.Taylor,RB,NE,NYJ,0,0,0.0,0,0.0,0.0,0.0,2,3.0,0,0,0,0.0,0,0.3,0.3,,,66.0,185.0,23.8555,1.0,Arizona,2020.0,2020.0,,,,
2021,3,00-0036096,J.Taylor,RB,NE,NO,0,0,0.0,0,0.0,0.0,0.0,1,2.0,0,2,2,3.0,0,0.5,2.5,,,66.0,185.0,23.8555,1.0,Arizona,2020.0,2020.0,,,-15.0,0.039215688
2021,4,00-0036096,J.Taylor,RB,NE,TB,0,0,0.0,0,0.0,0.0,0.0,1,0.0,0,1,1,0.0,0,-2.0,-1.0,,,66.0,185.0,23.8555,1.0,Arizona,2020.0,2020.0,,,-2.0,0.023809524
2021,7,00-0036096,J.Taylor,RB,NE,NYJ,0,0,0.0,0,0.0,0.0,0.0,9,21.0,2,1,1,5.0,0,14.6,15.6,,,66.0,185.0,23.8555,1.0,Arizona,2020.0,2020.0,,,41.0,0.025
2021,10,00-0036096,J.Taylor,RB,NE,CLE,0,0,0.0,0,0.0,0.0,0.0,6,11.0,0,0,0,0.0,0,1.1,1.1,,,66.0,185.0,23.8555,1.0,Arizona,2020.0,2020.0,,,38.0,
2021,11,00-0036110,J.Bradley,WR,CLE,DET,0,0,0.0,0,0.0,0.0,0.0,0,0.0,0,2,2,46.0,0,4.6,6.6,,,72.0,195.0,24.91158823529412,1.0,Louisiana-Lafayette,2020.0,2020.0,,,3.0,0.071428575
2021,12,00-0036110,J.Bradley,WR,CLE,BAL,0,0,0.0,0,0.0,0.0,0.0,0,0.0,0,2,2,18.0,0,1.8,3.8,,,72.0,195.0,24.91158823529412,1.0,Louisiana-Lafayette,2020.0,2020.0,,,,0.05882353
2021,3,00-0036133,J.Proche,WR,BAL,DET,0,0,0.0,0,0.0,0.0,0.0,0,0.0,0,1,1,29.0,0,2.9,3.9,,,71.0,193.0,25.141882352941174,1.0,Southern Methodist,2020.0,2020.0,BAL,201.0,,0.037037037
2021,4,00-0036133,J.Proche,WR,BAL,DEN,0,0,0.0,0,0.0,0.0,0.0,0,0.0,0,6,5,74.0,0,7.4,12.4,,,71.0,193.0,25.141882352941174,1.0,Southern Methodist,2020.0,2020.0,BAL,201.0,,0.17142858
2021,5,00-0036133,J.Proche,WR,BAL,IND,0,0,0.0,0,0.0,0.0,0.0,0,0.0,0,2,2,15.0,0,1.5,3.5,,,71.0,193.0,25.141882352941174,1.0,Southern Methodist,2020.0,2020.0,BAL,201.0,6.0,0.046511628
2021,6,00-0036133,J.Proche,WR,BAL,LAC,0,0,0.0,0,0.0,0.0,0.0,0,0.0,0,1,0,0.0,0,0.0,0.0,,,71.0,193.0,25.141882352941174,1.0,Southern Methodist,2020.0,2020.0,BAL,201.0,28.0,0.037037037
2021,7,00-0036133,J.Proche,WR,BAL,CIN,0,0,0.0,0,0.0,0.0,0.0,0,0.0,0,1,0,0.0,0,0.0,0.0,,,71.0,193.0,25.141882352941174,1.0,Southern Methodist,2020.0,2020.0,BAL,201.0,-24.0,0.024390243
2021,15,00-0036133,J.Proche,WR,BAL,GB,0,0,0.0,0,0.0,0.0,0.0,0,0.0,0,1,1,8.0,0,0.8,1.8,,,71.0,193.0,25.141882352941174,1.0,Southern Methodist,2020.0,2020.0,BAL,201.0,-1.0,0.025641026
2021,16,00-0036133,J.Proche,WR,BAL,CIN,0,0,0.0,0,0.0,0.0,0.0,0,0.0,0,8,7,76.0,0,7.6,14.6,,,71.0,193.0,25.141882352941174,1.0,Southern Methodist,2020.0,2020.0,BAL,201.0,,0.21621622
2021,2,00-0036173,T.Hudson,TE,TEN,SEA,0,0,0.0,0,0.0,0.0,0.0,0,0.0,0,2,1,14.0,0,1.4,2.4,,,75.0,255.0,24.722944444444447,1.0,Arizona State,2020.0,2020.0,,,,0.051282052
2021,3,00-0036173,T.Hudson,TE,TEN,IND,0,0,0.0,0,0.0,0.0,0.0,0,0.0,0,2,1,3.0,0,0.3,1.3,,,75.0,255.0,24.722944444444447,1.0,Arizona State,2020.0,2020.0,,,9.0,0.07692308
2021,4,00-0036173,T.Hudson,TE,TEN,NYJ,0,0,0.0,0,0.0,0.0,0.0,0,0.0,0,1,1,14.0,0,1.4,2.4,,,75.0,255.0,24.722944444444447,1.0,Arizona State,2020.0,2020.0,,,,0.020408163
2021,11,00-0036173,T.Hudson,TE,TEN,HOU,0,0,0.0,0,0.0,0.0,0.0,0,0.0,0,1,0,0.0,0,0.0,0.0,,,75.0,255.0,24.722944444444447,1.0,Arizona State,2020.0,2020.0,,,-9.0,0.019607844
2021,1,00-0036182,N.Westbrook-Ikhine,WR,TEN,ARI,0,0,0.0,0,0.0,0.0,0.0,0,0.0,0,2,1,10.0,0,1.0,2.0,,,74.0,215.0,24.649,1.0,Indiana,2020.0,2020.0,,,-25.0,0.055555556
2021,2,00-0036182,N.Westbrook-Ikhine,WR,TEN,SEA,0,0,0.0,0,0.0,0.0,0.0,0,0.0,0,1,1,6.0,0,0.6,1.6,,,74.0,215.0,24.649,1.0,Indiana,2020.0,2020.0,,,,0.025641026
2021,3,00-0036182,N.Westbrook-Ikhine,WR,TEN,IND,0,0,0.0,0,0.0,0.0,0.0,0,0.0,0,4,4,53.0,1,9.3,13.3,,,74.0,215.0,24.649,1.0,Indiana,2020.0,2020.0,,,9.0,0.15384616
2021,4,00-0036182,N.Westbrook-Ikhine,WR,TEN,NYJ,0,0,0.0,0,0.0,0.0,0.0,0,0.0,0,8,3,29.0,0,2.9,5.9,,,74.0,215.0,24.649,1.0,Indiana,2020.0,2020.0,,,,0.1632653
2021,6,00-0036182,N.Westbrook-Ikhine,WR,TEN,BUF,0,0,0.0,0,0.0,0.0,0.0,0,0.0,0,3,3,27.0,0,2.7,5.7,,,74.0,215.0,24.649,1.0,Indiana,2020.0,2020.0,,,3.0,0.12
2021,8,00-0036182,N.Westbrook-Ikhine,WR,TEN,IND,0,0,0.0,0,0.0,0.0,0.0,0,0.0,0,3,2,16.0,1,7.6,9.6,,,74.0,215.0,24.649,1.0,Indiana,2020.0,2020.0,,,,0.09375
2021,9,00-0036182,N.Westbrook-Ikhine,WR,TEN,LA,0,0,0.0,0,0.0,0.0,0.0,0,0.0,0,1,1,14.0,0,1.4,2.4,,,74.0,215.0,24.649,1.0,Indiana,2020.0,2020.0,,,,0.03846154
2021,10,00-0036182,N.Westbrook-Ikhine,WR,TEN,NO,0,0,0.0,0,0.0,0.0,0.0,0,0.0,0,1,1,10.0,0,1.0,2.0,,,74.0,215.0,24.649,1.0,Indiana,2020.0,2020.0,,,2.0,0.037037037
2021,11,00-0036182,N.Westbrook-Ikhine,WR,TEN,HOU,0,0,0.0,0,0.0,0.0,0.0,0,0.0,0,8,7,107.0,0,10.7,17.7,,,74.0,215.0,24.649,1.0,Indiana,2020.0,2020.0,,,-9.0,0.15686275
2021,12,00-0036182,N.Westbrook-Ikhine,WR,TEN,NE,0,0,0.0,0,0.0,0.0,0.0,0,0.0,0,6,2,25.0,1,8.5,10.5,,,74.0,215.0,24.649,1.0,Indiana,2020.0,2020.0,,,,0.2857143
2021,14,00-0036182,N.Westbrook-Ikhine,WR,TEN,JAX,0,0,0.0,0,0.0,0.0,0.0,0,0.0,0,3,3,31.0,0,3.1,6.1,,,74.0,215.0,24.649,1.0,Indiana,2020.0,2020.0,,,20.0,0.1
2021,15,00-0036182,N.Westbrook-Ikhine,WR,TEN,PIT,0,0,0.0,0,0.0,0.0,0.0,0,0.0,0,7,4,32.0,0,3.2,7.2,,,74.0,215.0,24.649,1.0,Indiana,2020.0,2020.0,,,,0.21875
2021,16,00-0036182,N.Westbrook-Ikhine,WR,TEN,SF,0,0,0.0,0,0.0,0.0,0.0,0,0.0,0,3,2,38.0,0,3.8,5.8,,,74.0,215.0,24.649,1.0,Indiana,2020.0,2020.0,,,3.0,0.1
2021,17,00-0036182,N.Westbrook-Ikhine,WR,TEN,MIA,0,0,0.0,0,0.0,0.0,0.0,0,0.0,0,2,0,0.0,0,0.0,0.0,,,74.0,215.0,24.649,1.0,Indiana,2020.0,2020.0,,,31.0,0.11111111
2021,18,00-0036182,N.Westbrook-Ikhine,WR,TEN,HOU,0,0,0.0,0,0.0,0.0,0.0,0,0.0,0,5,4,78.0,1,13.8,17.8,,,74.0,215.0,24.649,1.0,Indiana,2020.0,2020.0,,,,0.15625
2021,20,00-0036182,N.Westbrook-Ikhine,WR,TEN,CIN,0,0,0.0,0,0.0,0.0,0.0,0,0.0,0,1,0,0.0,0,0.0,0.0,,,74.0,215.0,24.649,1.0,Indiana,2020.0,2020.0,,,-3.0,0.041666668
2021,17,00-0036183,K.Wilkerson,WR,NE,JAX,0,0,0.0,0,0.0,0.0,0.0,0,0.0,0,8,4,42.0,2,16.2,20.2,,,73.0,214.0,24.838333333333335,1.0,Southeast Missouri,2020.0,2020.0,,,40.0,0.24242425
2021,2,00-0036187,R.Gilliam,FB,BUF,MIA,0,0,0.0,0,0.0,0.0,0.0,2,2.0,0,0,0,0.0,0,0.2,0.2,,,72.0,255.0,24.248263157894737,1.0,Toledo,2020.0,2020.0,,,,
2021,3,00-0036187,R.Gilliam,FB,BUF,WAS,0,0,0.0,0,0.0,0.0,0.0,0,0.0,0,1,0,0.0,0,0.0,0.0,,,72.0,255.0,24.248263157894737,1.0,Toledo,2020.0,2020.0,,,22.0,0.023255814
2021,4,00-0036187,R.Gilliam,FB,BUF,HOU,0,0,0.0,0,0.0,0.0,0.0,1,1.0,0,1,1,8.0,0,0.9,1.9,,,72.0,255.0,24.248263157894737,1.0,Toledo,2020.0,2020.0,,,40.0,0.032258064
2021,11,00-0036187,R.Gilliam,FB,BUF,IND,0,0,0.0,0,0.0,0.0,0.0,0,0.0,0,1,1,7.0,0,0.7,1.7,,,72.0,255.0,24.248263157894737,1.0,Toledo,2020.0,2020.0,,,-26.0,0.025641026
2021,16,00-0036187,R.Gilliam,FB,BUF,NE,0,0,0.0,0,0.0,0.0,0.0,0,0.0,0,1,1,8.0,0,0.8,1.8,,,72.0,255.0,24.248263157894737,1.0,Toledo,2020.0,2020.0,,,,0.023255814
2021,18,00-0036187,R.Gilliam,FB,BUF,NYJ,0,0,0.0,0,0.0,0.0,0.0,0,0.0,0,1,0,0.0,0,0.0,0.0,,,72.0,255.0,24.248263157894737,1.0,Toledo,2020.0,2020.0,,,17.0,0.022222223
2021,19,00-0036187,R.Gilliam,FB,BUF,NE,0,0,0.0,0,0.0,0.0,0.0,0,0.0,0,1,1,4.0,0,0.4,1.4,,,72.0,255.0,24.248263157894737,1.0,Toledo,2020.0,2020.0,,,30.0,0.04
2021,20,00-0036187,R.Gilliam,FB,BUF,KC,0,0,0.0,0,0.0,0.0,0.0,0,0.0,0,2,2,8.0,0,0.8,2.8,,,72.0,255.0,24.248263157894737,1.0,Toledo,2020.0,2020.0,,,,0.054054055
2021,1,00-0036196,G.Davis,WR,BUF,PIT,0,0,0.0,0,0.0,0.0,0.0,0,0.0,0,5,2,40.0,1,10.0,12.0,,,74.0,213.0,22.72057894736842,1.0,Central Florida,2020.0,2020.0,BUF,128.0,-7.0,0.104166664
2021,3,00-0036196,G.Davis,WR,BUF,WAS,0,0,0.0,0,0.0,0.0,0.0,0,0.0,0,1,1,23.0,0,2.3,3.3,,,74.0,213.0,22.72057894736842,1.0,Central Florida,2020.0,2020.0,BUF,128.0,22.0,0.023255814
2021,4,00-0036196,G.Davis,WR,BUF,HOU,0,0,0.0,0,0.0,0.0,0.0,0,0.0,0,1,0,0.0,0,0.0,0.0,,,74.0,213.0,22.72057894736842,1.0,Central Florida,2020.0,2020.0,BUF,128.0,40.0,0.032258064
2021,5,00-0036196,G.Davis,WR,BUF,KC,0,0,0.0,0,0.0,0.0,0.0,0,0.0,0,1,1,16.0,0,1.6,2.6,,,74.0,213.0,22.72057894736842,1.0,Central Florida,2020.0,2020.0,BUF,128.0,,0.041666668
2021,6,00-0036196,G.Davis,WR,BUF,TEN,0,0,0.0,0,0.0,0.0,0.0,0,0.0,0,2,2,25.0,0,2.5,4.5,,,74.0,213.0,22.72057894736842,1.0,Central Florida,2020.0,2020.0,BUF,128.0,,0.044444446
2021,8,00-0036196,G.Davis,WR,BUF,MIA,0,0,0.0,0,0.0,0.0,0.0,0,0.0,0,5,4,29.0,1,8.9,12.9,,,74.0,213.0,22.72057894736842,1.0,Central Florida,2020.0,2020.0,BUF,128.0,15.0,0.12195122
2021,9,00-0036196,G.Davis,WR,BUF,JAX,0,0,0.0,0,0.0,0.0,0.0,0,0.0,0,2,0,0.0,0,0.0,0.0,,,74.0,213.0,22.72057894736842,1.0,Central Florida,2020.0,2020.0,BUF,128.0,,0.044444446
2021,10,00-0036196,G.Davis,WR,BUF,NYJ,0,0,0.0,0,0.0,0.0,0.0,0,0.0,0,3,3,105.0,0,10.5,13.5,,,74.0,213.0,22.72057894736842,1.0,Central Florida,2020.0,2020.0,BUF,128.0,,0.10714286
2021,11,00-0036196,G.Davis,WR,BUF,IND,0,0,0.0,0,0.0,0.0,0.0,0,0.0,0,4,2,27.0,0,2.7,4.7,,,74.0,213.0,22.72057894736842,1.0,Central Florida,2020.0,2020.0,BUF,128.0,-26.0,0.102564104
2021,12,00-0036196,G.Davis,WR,BUF,NO,0,0,0.0,0,0.0,0.0,0.0,0,0.0,0,3,2,47.0,0,4.7,6.7,,,74.0,213.0,22.72057894736842,1.0,Central Florida,2020.0,2020.0,BUF,128.0,,0.115384616
2021,13,00-0036196,G.Davis,WR,BUF,NE,0,0,0.0,0,0.0,0.0,0.0,0,0.0,0,4,2,30.0,1,9.0,11.0,,,74.0,213.0,22.72057894736842,1.0,Central Florida,2020.0,2020.0,BUF,128.0,-4.0,0.13333334
2021,14,00-0036196,G.Davis,WR,BUF,TB,0,0,0.0,0,0.0,0.0,0.0,0,0.0,0,8,5,43.0,1,10.3,15.3,,,74.0,213.0,22.72057894736842,1.0,Central Florida,2020.0,2020.0,BUF,128.0,,0.15686275
2021,15,00-0036196,G.Davis,WR,BUF,CAR,0,0,0.0,0,0.0,0.0,0.0,0,0.0,0,7,5,85.0,2,20.5,25.5,,,74.0,213.0,22.72057894736842,1.0,Central Florida,2020.0,2020.0,BUF,128.0,17.0,0.22580644
2021,17,00-0036196,G.Davis,WR,BUF,ATL,0,0,0.0,0,0.0,0.0,0.0,0,0.0,0,3,3,40.0,0,4.0,7.0,,,74.0,213.0,22.72057894736842,1.0,Central Florida,2020.0,2020.0,BUF,128.0,14.0,0.125
2021,18,00-0036196,G.Davis,WR,BUF,NYJ,0,0,0.0,0,0.0,0.0,0.0,0,0.0,0,14,3,39.0,0,3.9,6.9,,,74.0,213.0,22.72057894736842,1.0,Central Florida,2020.0,2020.0,BUF,128.0,17.0,0.31111112
2021,19,00-0036196,G.Davis,WR,BUF,NE,0,0,0.0,0,0.0,0.0,0.0,0,0.0,0,3,2,41.0,1,10.1,12.1,,,74.0,213.0,22.72057894736842,1.0,Central Florida,2020.0,2020.0,BUF,128.0,30.0,0.12
2021,20,00-0036196,G.Davis,WR,BUF,KC,0,0,0.0,0,0.0,0.0,0.0,0,0.0,0,10,8,201.0,4,44.1,52.1,,,74.0,213.0,22.72057894736842,1.0,Central Florida,2020.0,2020.0,BUF,128.0,,0.27027026
2021,15,00-0036197,J.Fromm,QB,NYG,DAL,6,12,82.0,0,0.0,1.0,3.0,0,0.0,0,0,0,0.0,0,3.28,3.28,,,74.0,222.0,23.286529411764704,1.0,Georgia,2020.0,2020.0,BUF,167.0,-15.0,
2021,16,00-0036197,J.Fromm,QB,NYG,PHI,6,17,25.0,0,1.0,2.0,10.0,3,12.0,0,0,0,0.0,0,0.2,0.2,,,74.0,222.0,23.286529411764704,1.0,Georgia,2020.0,2020.0,BUF,167.0,,
2021,18,00-0036197,J.Fromm,QB,NYG,WAS,15,31,103.0,1,2.0,3.0,20.0,5,53.0,0,0,0,0.0,0,7.42,7.42,,,74.0,222.0,23.286529411764704,1.0,Georgia,2020.0,2020.0,BUF,167.0,-15.0,
2021,1,00-0036212,T.Tagovailoa,QB,MIA,NE,16,27,202.0,1,1.0,2.0,17.0,4,1.0,1,0,0,0.0,0,16.18,16.18,,,73.0,218.0,23.68929411764706,1.0,Alabama,2020.0,2020.0,MIA,5.0,,
2021,2,00-0036212,T.Tagovailoa,QB,MIA,BUF,1,4,13.0,0,0.0,2.0,13.0,0,0.0,0,0,0,0.0,0,0.52,0.52,,,73.0,218.0,23.68929411764706,1.0,Alabama,2020.0,2020.0,MIA,5.0,-35.0,
2021,6,00-0036212,T.Tagovailoa,QB,MIA,JAX,33,47,329.0,2,1.0,0.0,-0.0,3,22.0,0,0,0,0.0,0,21.36,21.36,,,73.0,218.0,23.68929411764706,1.0,Alabama,2020.0,2020.0,MIA,5.0,,
2021,7,00-0036212,T.Tagovailoa,QB,MIA,ATL,32,40,291.0,4,2.0,1.0,10.0,4,29.0,0,0,0,0.0,0,26.54,26.54,,,73.0,218.0,23.68929411764706,1.0,Alabama,2020.0,2020.0,MIA,5.0,-2.0,
2021,8,00-0036212,T.Tagovailoa,QB,MIA,BUF,21,39,205.0,0,1.0,2.0,11.0,4,10.0,1,0,0,0.0,0,15.2,15.2,,,73.0,218.0,23.68929411764706,1.0,Alabama,2020.0,2020.0,MIA,5.0,,
2021,10,00-0036212,T.Tagovailoa,QB,MIA,BAL,8,13,158.0,0,0.0,1.0,6.0,3,0.0,1,0,0,0.0,0,12.32,12.32,,,73.0,218.0,23.68929411764706,1.0,Alabama,2020.0,2020.0,MIA,5.0,12.0,
2021,11,00-0036212,T.Tagovailoa,QB,MIA,NYJ,27,33,273.0,2,1.0,0.0,-0.0,3,6.0,0,0,0,0.0,0,17.52,17.52,,,73.0,218.0,23.68929411764706,1.0,Alabama,2020.0,2020.0,MIA,5.0,,
2021,12,00-0036212,T.Tagovailoa,QB,MIA,CAR,27,31,230.0,1,0.0,2.0,26.0,4,0.0,0,0,0,0.0,0,13.2,13.2,,,73.0,218.0,23.68929411764706,1.0,Alabama,2020.0,2020.0,MIA,5.0,23.0,
2021,13,00-0036212,T.Tagovailoa,QB,MIA,NYG,30,41,244.0,2,0.0,2.0,15.0,2,1.0,0,0,0,0.0,0,17.86,17.86,,,73.0,218.0,23.68929411764706,1.0,Alabama,2020.0,2020.0,MIA,5.0,11.0,
2021,15,00-0036212,T.Tagovailoa,QB,MIA,NYJ,16,27,196.0,2,2.0,1.0,-0.0,7,19.0,0,0,0,0.0,0,13.74,13.74,,,73.0,218.0,23.68929411764706,1.0,Alabama,2020.0,2020.0,MIA,5.0,7.0,
2021,16,00-0036212,T.Tagovailoa,QB,MIA,NO,19,26,198.0,1,1.0,2.0,25.0,1,1.0,0,0,0,0.0,0,10.02,10.02,,,73.0,218.0,23.68929411764706,1.0,Alabama,2020.0,2020.0,MIA,5.0,,
2021,17,00-0036212,T.Tagovailoa,QB,MIA,TEN,18,38,205.0,0,1.0,4.0,23.0,2,1.0,0,0,0,0.0,0,4.3,4.3,,,73.0,218.0,23.68929411764706,1.0,Alabama,2020.0,2020.0,MIA,5.0,,
2021,18,00-0036212,T.Tagovailoa,QB,MIA,NE,15,22,109.0,1,0.0,1.0,6.0,5,38.0,0,0,0,0.0,0,12.16,12.16,,,73.0,218.0,23.68929411764706,1.0,Alabama,2020.0,2020.0,MIA,5.0,9.0,
2021,9,00-0036215,D.Pinter,C,IND,NYJ,0,0,0.0,0,0.0,0.0,0.0,0,0.0,0,1,1,2.0,1,6.2,7.2,,,76.0,300.0,25.389294117647058,1.0,Ball State,2020.0,2020.0,IND,149.0,15.0,0.03448276
2021,1,00-0036219,M.Callaway,WR,NO,GB,0,0,0.0,0,0.0,0.0,0.0,0,0.0,0,2,1,14.0,0,1.4,2.4,,,74.0,204.0,23.62970588235294,1.0,Tennessee,2020.0,2020.0,,,35.0,0.1
2021,2,00-0036219,M.Callaway,WR,NO,CAR,0,0,0.0,0,0.0,0.0,0.0,0,0.0,0,4,2,8.0,0,0.8,2.8,,,74.0,204.0,23.62970588235294,1.0,Tennessee,2020.0,2020.0,,,,0.1904762
2021,3,00-0036219,M.Callaway,WR,NO,NE,0,0,0.0,0,0.0,0.0,0.0,0,0.0,0,5,4,41.0,1,10.1,14.1,,,74.0,204.0,23.62970588235294,1.0,Tennessee,2020.0,2020.0,,,,0.25
2021,4,00-0036219,M.Callaway,WR,NO,NYG,0,0,0.0,0,0.0,0.0,0.0,0,0.0,0,2,2,74.0,0,7.4,9.4,,,74.0,204.0,23.62970588235294,1.0,Tennessee,2020.0,2020.0,,,-6.0,0.07692308
2021,5,00-0036219,M.Callaway,WR,NO,WAS,0,0,0.0,0,0.0,0.0,0.0,0,0.0,0,8,4,85.0,2,20.5,24.5,,,74.0,204.0,23.62970588235294,1.0,Tennessee,2020.0,2020.0,,,,0.2857143
2021,7,00-0036219,M.Callaway,WR,NO,SEA,0,0,0.0,0,0.0,0.0,0.0,0,0.0,0,7,3,32.0,0,3.2,6.2,,,74.0,204.0,23.62970588235294,1.0,Tennessee,2020.0,2020.0,,,,0.21875
2021,8,00-0036219,M.Callaway,WR,NO,TB,0,0,0.0,0,0.0,0.0,0.0,0,0.0,0,5,3,30.0,0,3.0,6.0,,,74.0,204.0,23.62970588235294,1.0,Tennessee,2020.0,2020.0,,,9.0,0.14285715
2021,9,00-0036219,M.Callaway,WR,NO,ATL,0,0,0.0,0,0.0,0.0,0.0,0,0.0,0,6,3,25.0,1,8.5,11.5,,,74.0,204.0,23.62970588235294,1.0,Tennessee,2020.0,2020.0,,,-2.0,0.14285715
2021,10,00-0036219,M.Callaway,WR,NO,TEN,0,0,0.0,0,0.0,0.0,0.0,0,0.0,0,4,2,37.0,1,9.7,11.7,,,74.0,204.0,23.62970588235294,1.0,Tennessee,2020.0,2020.0,,,,0.114285715
2021,11,00-0036219,M.Callaway,WR,NO,PHI,0,0,0.0,0,0.0,0.0,0.0,0,0.0,0,4,1,26.0,1,8.6,9.6,,,74.0,204.0,23.62970588235294,1.0,Tennessee,2020.0,2020.0,,,,0.11111111
2021,12,00-0036219,M.Callaway,WR,NO,BUF,0,0,0.0,0,0.0,0.0,0.0,0,0.0,0,4,2,24.0,0,2.4,4.4,,,74.0,204.0,23.62970588235294,1.0,Tennessee,2020.0,2020.0,,,-25.0,0.14285715
2021,13,00-0036219,M.Callaway,WR,NO,DAL,0,0,0.0,0,0.0,0.0,0.0,0,0.0,0,4,1,13.0,0,1.3,2.3,,,74.0,204.0,23.62970588235294,1.0,Tennessee,2020.0,2020.0,,,-10.0,0.09756097
2021,14,00-0036219,M.Callaway,WR,NO,NYJ,0,0,0.0,0,0.0,0.0,0.0,0,0.0,0,4,2,34.0,0,3.4,5.4,,,74.0,204.0,23.62970588235294,1.0,Tennessee,2020.0,2020.0,,,,0.1904762
2021,15,00-0036219,M.Callaway,WR,NO,TB,0,0,0.0,0,0.0,0.0,0.0,0,0.0,0,9,6,112.0,0,11.2,17.2,,,74.0,204.0,23.62970588235294,1.0,Tennessee,2020.0,2020.0,,,,0.36
2021,16,00-0036219,M.Callaway,WR,NO,MIA,0,0,0.0,0,0.0,0.0,0.0,0,0.0,0,5,4,46.0,0,4.6,8.6,,,74.0,204.0,23.62970588235294,1.0,Tennessee,2020.0,2020.0,,,-17.0,0.2777778
2021,17,00-0036219,M.Callaway,WR,NO,CAR,0,0,0.0,0,0.0,0.0,0.0,0,0.0,0,10,6,97.0,0,9.7,15.7,,,74.0,204.0,23.62970588235294,1.0,Tennessee,2020.0,2020.0,,,8.0,0.4347826
2021,18,00-0036219,M.Callaway,WR,NO,ATL,0,0,0.0,0,0.0,0.0,0.0,0,0.0,0,1,0,0.0,0,0.0,0.0,,,74.0,204.0,23.62970588235294,1.0,Tennessee,2020.0,2020.0,,,,0.04347826
2021,1,00-0036223,J.Taylor,RB,IND,SEA,0,0,0.0,0,0.0,0.0,0.0,17,56.0,0,7,6,60.0,0,11.6,17.6,,,70.0,221.0,22.804647058823527,1.0,Wisconsin,2020.0,2020.0,IND,41.0,-12.0,0.2
2021,2,00-0036223,J.Taylor,RB,IND,LA,0,0,0.0,0,0.0,0.0,0.0,15,51.0,0,1,1,2.0,0,5.3,6.3,,,70.0,221.0,22.804647058823527,1.0,Wisconsin,2020.0,2020.0,IND,41.0,-3.0,0.028571429
2021,3,00-0036223,J.Taylor,RB,IND,TEN,0,0,0.0,0,0.0,0.0,0.0,10,64.0,0,1,1,8.0,0,7.2,8.2,,,70.0,221.0,22.804647058823527,1.0,Wisconsin,2020.0,2020.0,IND,41.0,,0.029411765
2021,4,00-0036223,J.Taylor,RB,IND,MIA,0,0,0.0,0,0.0,0.0,0.0,16,103.0,1,3,3,11.0,0,17.4,20.4,,,70.0,221.0,22.804647058823527,1.0,Wisconsin,2020.0,2020.0,IND,41.0,,0.09375
2021,5,00-0036223,J.Taylor,RB,IND,BAL,0,0,0.0,0,0.0,0.0,0.0,15,53.0,1,4,3,116.0,1,28.9,31.9,,,70.0,221.0,22.804647058823527,1.0,Wisconsin,2020.0,2020.0,IND,41.0,,0.11764706
2021,6,00-0036223,J.Taylor,RB,IND,HOU,0,0,0.0,0,0.0,0.0,0.0,14,145.0,2,2,1,13.0,0,27.8,28.8,,,70.0,221.0,22.804647058823527,1.0,Wisconsin,2020.0,2020.0,IND,41.0,28.0,0.11111111
2021,7,00-0036223,J.Taylor,RB,IND,SF,0,0,0.0,0,0.0,0.0,0.0,18,107.0,1,3,3,3.0,0,15.0,18.0,,,70.0,221.0,22.804647058823527,1.0,Wisconsin,2020.0,2020.0,IND,41.0,,0.115384616
2021,8,00-0036223,J.Taylor,RB,IND,TEN,0,0,0.0,0,0.0,0.0,0.0,16,70.0,1,4,3,52.0,0,18.2,21.2,,,70.0,221.0,22.804647058823527,1.0,Wisconsin,2020.0,2020.0,IND,41.0,-3.0,0.083333336
2021,9,00-0036223,J.Taylor,RB,IND,NYJ,0,0,0.0,0,0.0,0.0,0.0,19,172.0,2,2,2,28.0,0,32.0,34.0,,,70.0,221.0,22.804647058823527,1.0,Wisconsin,2020.0,2020.0,IND,41.0,15.0,0.06896552
2021,10,00-0036223,J.Taylor,RB,IND,JAX,0,0,0.0,0,0.0,0.0,0.0,21,116.0,1,8,6,10.0,0,18.6,24.6,,,70.0,221.0,22.804647058823527,1.0,Wisconsin,2020.0,2020.0,IND,41.0,6.0,0.24242425
2021,11,00-0036223,J.Taylor,RB,IND,BUF,0,0,0.0,0,0.0,0.0,0.0,32,185.0,4,3,3,19.0,1,50.4,53.4,,,70.0,221.0,22.804647058823527,1.0,Wisconsin,2020.0,2020.0,IND,41.0,,0.15
2021,12,00-0036223,J.Taylor,RB,IND,TB,0,0,0.0,0,0.0,0.0,0.0,16,83.0,1,5,4,14.0,0,15.7,19.7,,,70.0,221.0,22.804647058823527,1.0,Wisconsin,2020.0,2020.0,IND,41.0,-7.0,0.11627907
2021,13,00-0036223,J.Taylor,RB,IND,HOU,0,0,0.0,0,0.0,0.0,0.0,32,143.0,2,0,0,0.0,0,24.3,24.3,,,70.0,221.0,22.804647058823527,1.0,Wisconsin,2020.0,2020.0,IND,41.0,,
2021,15,00-0036223,J.Taylor,RB,IND,NE,0,0,0.0,0,0.0,0.0,0.0,29,170.0,1,0,0,0.0,0,23.0,23.0,,,70.0,221.0,22.804647058823527,1.0,Wisconsin,2020.0,2020.0,IND,41.0,10.0,
2021,16,00-0036223,J.Taylor,RB,IND,ARI,0,0,0.0,0,0.0,0.0,0.0,27,108.0,0,2,0,0.0,0,10.8,10.8,,,70.0,221.0,22.804647058823527,1.0,Wisconsin,2020.0,2020.0,IND,41.0,,0.071428575
2021,17,00-0036223,J.Taylor,RB,IND,LV,0,0,0.0,0,0.0,0.0,0.0,20,108.0,1,2,1,6.0,0,17.4,18.4,,,70.0,221.0,22.804647058823527,1.0,Wisconsin,2020.0,2020.0,IND,41.0,-3.0,0.083333336
2021,18,00-0036223,J.Taylor,RB,IND,JAX,0,0,0.0,0,0.0,0.0,0.0,15,77.0,0,4,3,18.0,0,9.5,12.5,,,70.0,221.0,22.804647058823527,1.0,Wisconsin,2020.0,2020.0,IND,41.0,,0.13793103
2021,2,00-0036226,J.Eason,QB,IND,LA,2,5,25.0,0,1.0,0.0,-0.0,0,0.0,0,0,0,0.0,0,-1.0,-1.0,,,78.0,227.0,23.983529411764707,1.0,Washington,2020.0,2020.0,IND,122.0,-3.0,
2021,9,00-0036228,D.Patmon,WR,IND,NYJ,0,0,0.0,0,0.0,0.0,0.0,0,0.0,0,1,1,7.0,0,0.7,1.7,,,76.0,220.0,23.259176470588237,1.0,Washington State,2020.0,2020.0,IND,212.0,15.0,0.03448276
2021,11,00-0036228,D.Patmon,WR,IND,BUF,0,0,0.0,0,0.0,0.0,0.0,0,0.0,0,1,0,0.0,0,0.0,0.0,,,76.0,220.0,23.259176470588237,1.0,Washington State,2020.0,2020.0,IND,212.0,,0.05
2021,16,00-0036228,D.Patmon,WR,IND,ARI,0,0,0.0,0,0.0,0.0,0.0,0,0.0,0,1,1,14.0,1,7.4,8.4,,,76.0,220.0,23.259176470588237,1.0,Washington State,2020.0,2020.0,IND,212.0,,0.035714287
2021,17,00-0036228,D.Patmon,WR,IND,LV,0,0,0.0,0,0.0,0.0,0.0,0,0.0,0,1,0,0.0,0,0.0,0.0,,,76.0,220.0,23.259176470588237,1.0,Washington State,2020.0,2020.0,IND,212.0,-3.0,0.041666668
2021,1,00-0036232,H.Bryant,TE,CLE,KC,0,0,0.0,0,0.0,0.0,0.0,0,0.0,0,2,1,17.0,0,1.7,2.7,,,77.0,240.0,23.548117647058824,1.0,Florida Atlantic,2020.0,2020.0,CLE,115.0,,0.074074075
2021,2,00-0036232,H.Bryant,TE,CLE,HOU,0,0,0.0,0,0.0,0.0,0.0,0,0.0,0,4,4,49.0,0,4.9,8.9,,,77.0,240.0,23.548117647058824,1.0,Florida Atlantic,2020.0,2020.0,CLE,115.0,10.0,0.1904762
2021,3,00-0036232,H.Bryant,TE,CLE,CHI,0,0,0.0,0,0.0,0.0,0.0,0,0.0,0,2,0,0.0,0,0.0,0.0,,,77.0,240.0,23.548117647058824,1.0,Florida Atlantic,2020.0,2020.0,CLE,115.0,20.0,0.06896552
2021,4,00-0036232,H.Bryant,TE,CLE,MIN,0,0,0.0,0,0.0,0.0,0.0,0,0.0,0,2,1,3.0,0,0.3,1.3,,,77.0,240.0,23.548117647058824,1.0,Florida Atlantic,2020.0,2020.0,CLE,115.0,,0.06451613
2021,7,00-0036232,H.Bryant,TE,CLE,DEN,0,0,0.0,0,0.0,0.0,0.0,0,0.0,0,2,1,15.0,0,1.5,2.5,,,77.0,240.0,23.548117647058824,1.0,Florida Atlantic,2020.0,2020.0,CLE,115.0,3.0,0.0625
2021,8,00-0036232,H.Bryant,TE,CLE,PIT,0,0,0.0,0,0.0,0.0,0.0,0,0.0,0,2,2,33.0,0,3.3,5.3,,,77.0,240.0,23.548117647058824,1.0,Florida Atlantic,2020.0,2020.0,CLE,115.0,-5.0,0.06451613
2021,9,00-0036232,H.Bryant,TE,CLE,CIN,0,0,0.0,0,0.0,0.0,0.0,0,0.0,0,2,2,26.0,0,2.6,4.6,,,77.0,240.0,23.548117647058824,1.0,Florida Atlantic,2020.0,2020.0,CLE,115.0,,0.10526316
2021,10,00-0036232,H.Bryant,TE,CLE,NE,0,0,0.0,0,0.0,0.0,0.0,0,0.0,0,2,2,18.0,0,1.8,3.8,,,77.0,240.0,23.548117647058824,1.0,Florida Atlantic,2020.0,2020.0,CLE,115.0,,0.06451613
2021,12,00-0036232,H.Bryant,TE,CLE,BAL,0,0,0.0,0,0.0,0.0,0.0,0,0.0,0,3,3,50.0,0,5.0,8.0,,,77.0,240.0,23.548117647058824,1.0,Florida Atlantic,2020.0,2020.0,CLE,115.0,,0.0882353
2021,15,00-0036232,H.Bryant,TE,CLE,LV,0,0,0.0,0,0.0,0.0,0.0,0,0.0,0,2,2,11.0,1,7.1,9.1,,,77.0,240.0,23.548117647058824,1.0,Florida Atlantic,2020.0,2020.0,CLE,115.0,-2.0,0.06896552
2021,16,00-0036232,H.Bryant,TE,CLE,GB,0,0,0.0,0,0.0,0.0,0.0,0,0.0,0,1,1,1.0,1,6.1,7.1,,,77.0,240.0,23.548117647058824,1.0,Florida Atlantic,2020.0,2020.0,CLE,115.0,,0.027777778
2021,17,00-0036232,H.Bryant,TE,CLE,PIT,0,0,0.0,0,0.0,0.0,0.0,0,0.0,0,1,1,1.0,1,6.1,7.1,,,77.0,240.0,23.548117647058824,1.0,Florida Atlantic,2020.0,2020.0,CLE,115.0,,0.027777778
2021,18,00-0036232,H.Bryant,TE,CLE,CIN,0,0,0.0,0,0.0,0.0,0.0,0,0.0,0,3,1,9.0,0,0.9,1.9,,,77.0,240.0,23.548117647058824,1.0,Florida Atlantic,2020.0,2020.0,CLE,115.0,5.0,0.125
2021,1,00-0036233,D.Peoples-Jones,WR,CLE,KC,0,0,0.0,0,0.0,0.0,0.0,0,0.0,0,1,1,4.0,0,0.4,1.4,,,74.0,208.0,22.721176470588233,1.0,Michigan,2020.0,2020.0,CLE,187.0,,0.037037037
2021,2,00-0036233,D.Peoples-Jones,WR,CLE,HOU,0,0,0.0,0,0.0,0.0,0.0,0,0.0,0,1,1,14.0,0,-0.6,0.4,,,74.0,208.0,22.721176470588233,1.0,Michigan,2020.0,2020.0,CLE,187.0,10.0,0.04761905
2021,3,00-0036233,D.Peoples-Jones,WR,CLE,CHI,0,0,0.0,0,0.0,0.0,0.0,0,0.0,0,2,2,39.0,0,3.9,5.9,,,74.0,208.0,22.721176470588233,1.0,Michigan,2020.0,2020.0,CLE,187.0,20.0,0.06896552
2021,5,00-0036233,D.Peoples-Jones,WR,CLE,LAC,0,0,0.0,0,0.0,0.0,0.0,0,0.0,0,6,5,70.0,0,7.0,12.0,,,74.0,208.0,22.721176470588233,1.0,Michigan,2020.0,2020.0,CLE,187.0,,0.20689656
2021,6,00-0036233,D.Peoples-Jones,WR,CLE,ARI,0,0,0.0,0,0.0,0.0,0.0,0,0.0,0,5,4,101.0,2,22.1,26.1,,,74.0,208.0,22.721176470588233,1.0,Michigan,2020.0,2020.0,CLE,187.0,-23.0,0.16129032
2021,9,00-0036233,D.Peoples-Jones,WR,CLE,CIN,0,0,0.0,0,0.0,0.0,0.0,0,0.0,0,3,2,86.0,1,14.6,16.6,,,74.0,208.0,22.721176470588233,1.0,Michigan,2020.0,2020.0,CLE,187.0,,0.15789473
2021,10,00-0036233,D.Peoples-Jones,WR,CLE,NE,0,0,0.0,0,0.0,0.0,0.0,0,0.0,0,5,1,16.0,0,1.6,2.6,,,74.0,208.0,22.721176470588233,1.0,Michigan,2020.0,2020.0,CLE,187.0,,0.16129032
2021,12,00-0036233,D.Peoples-Jones,WR,CLE,BAL,0,0,0.0,0,0.0,0.0,0.0,0,0.0,0,5,2,10.0,0,1.0,3.0,,,74.0,208.0,22.721176470588233,1.0,Michigan,2020.0,2020.0,CLE,187.0,,0.14705883
2021,14,00-0036233,D.Peoples-Jones,WR,CLE,BAL,0,0,0.0,0,0.0,0.0,0.0,0,0.0,0,7,5,90.0,0,9.0,14.0,,,74.0,208.0,22.721176470588233,1.0,Michigan,2020.0,2020.0,CLE,187.0,2.0,0.22580644
2021,15,00-0036233,D.Peoples-Jones,WR,CLE,LV,0,0,0.0,0,0.0,0.0,0.0,0,0.0,0,8,4,48.0,0,4.8,8.8,,,74.0,208.0,22.721176470588233,1.0,Michigan,2020.0,2020.0,CLE,187.0,-2.0,0.27586207
2021,16,00-0036233,D.Peoples-Jones,WR,CLE,GB,0,0,0.0,0,0.0,0.0,0.0,0,0.0,0,6,1,5.0,0,0.5,1.5,,,74.0,208.0,22.721176470588233,1.0,Michigan,2020.0,2020.0,CLE,187.0,,0.16666667
2021,17,00-0036233,D.Peoples-Jones,WR,CLE,PIT,0,0,0.0,0,0.0,0.0,0.0,0,0.0,0,5,3,76.0,0,7.6,10.6,,,74.0,208.0,22.721176470588233,1.0,Michigan,2020.0,2020.0,CLE,187.0,,0.1388889
2021,18,00-0036233,D.Peoples-Jones,WR,CLE,CIN,0,0,0.0,0,0.0,0.0,0.0,0,0.0,0,4,3,38.0,0,3.8,6.8,,,74.0,208.0,22.721176470588233,1.0,Michigan,2020.0,2020.0,CLE,187.0,5.0,0.16666667
2021,5,00-0036244,C.Parkinson,TE,SEA,LA,0,0,0.0,0,0.0,0.0,0.0,0,0.0,0,2,1,1.0,0,0.1,1.1,,,79.0,251.0,22.844058823529412,1.0,Stanford,2020.0,2020.0,SEA,133.0,-9.0,0.0625
2021,11,00-0036244,C.Parkinson,TE,SEA,ARI,0,0,0.0,0,0.0,0.0,0.0,0,0.0,0,1,1,6.0,0,0.6,1.6,,,79.0,251.0,22.844058823529412,1.0,Stanford,2020.0,2020.0,SEA,133.0,-10.0,0.04
2021,16,00-0036244,C.Parkinson,TE,SEA,CHI,0,0,0.0,0,0.0,0.0,0.0,0,0.0,0,1,0,0.0,0,0.0,0.0,,,79.0,251.0,22.844058823529412,1.0,Stanford,2020.0,2020.0,SEA,133.0,-1.0,0.037037037
2021,17,00-0036244,C.Parkinson,TE,SEA,DET,0,0,0.0,0,0.0,0.0,0.0,0,0.0,0,1,1,12.0,0,1.2,2.2,,,79.0,251.0,22.844058823529412,1.0,Stanford,2020.0,2020.0,SEA,133.0,22.0,0.035714287
2021,18,00-0036244,C.Parkinson,TE,SEA,ARI,0,0,0.0,0,0.0,0.0,0.0,0,0.0,0,3,2,14.0,0,1.4,3.4,,,79.0,251.0,22.844058823529412,1.0,Stanford,2020.0,2020.0,SEA,133.0,,0.115384616
2021,1,00-0036247,F.Swain,WR,SEA,IND,0,0,0.0,0,0.0,0.0,0.0,1,5.0,0,1,0,0.0,0,0.5,0.5,,,72.0,199.0,23.271058823529412,1.0,Florida,2020.0,2020.0,SEA,214.0,,0.04761905
2021,2,00-0036247,F.Swain,WR,SEA,TEN,0,0,0.0,0,0.0,0.0,0.0,1,5.0,0,5,5,95.0,1,16.0,21.0,,,72.0,199.0,23.271058823529412,1.0,Florida,2020.0,2020.0,SEA,214.0,-3.0,0.16129032
2021,3,00-0036247,F.Swain,WR,SEA,MIN,0,0,0.0,0,0.0,0.0,0.0,1,11.0,0,2,1,10.0,0,2.1,3.1,,,72.0,199.0,23.271058823529412,1.0,Florida,2020.0,2020.0,SEA,214.0,,0.071428575
2021,4,00-0036247,F.Swain,WR,SEA,SF,0,0,0.0,0,0.0,0.0,0.0,0,0.0,0,4,3,20.0,1,8.0,11.0,,,72.0,199.0,23.271058823529412,1.0,Florida,2020.0,2020.0,SEA,214.0,,0.18181819
2021,5,00-0036247,F.Swain,WR,SEA,LA,0,0,0.0,0,0.0,0.0,0.0,0,0.0,0,3,1,9.0,0,0.9,1.9,,,72.0,199.0,23.271058823529412,1.0,Florida,2020.0,2020.0,SEA,214.0,-9.0,0.09375
2021,6,00-0036247,F.Swain,WR,SEA,PIT,0,0,0.0,0,0.0,0.0,0.0,0,0.0,0,3,2,-4.0,0,-0.4,1.6,,,72.0,199.0,23.271058823529412,1.0,Florida,2020.0,2020.0,SEA,214.0,,0.09677419
2021,7,00-0036247,F.Swain,WR,SEA,NO,0,0,0.0,0,0.0,0.0,0.0,1,8.0,0,6,4,39.0,0,4.7,8.7,,,72.0,199.0,23.271058823529412,1.0,Florida,2020.0,2020.0,SEA,214.0,-3.0,0.31578946
2021,10,00-0036247,F.Swain,WR,SEA,GB,0,0,0.0,0,0.0,0.0,0.0,0,0.0,0,3,0,0.0,0,0.0,0.0,,,72.0,199.0,23.271058823529412,1.0,Florida,2020.0,2020.0,SEA,214.0,,0.078947365
2021,11,00-0036247,F.Swain,WR,SEA,ARI,0,0,0.0,0,0.0,0.0,0.0,0,0.0,0,1,0,0.0,0,0.0,0.0,,,72.0,199.0,23.271058823529412,1.0,Florida,2020.0,2020.0,SEA,214.0,-10.0,0.04
2021,12,00-0036247,F.Swain,WR,SEA,WAS,0,0,0.0,0,0.0,0.0,0.0,0,0.0,0,2,1,32.0,1,9.2,10.2,,,72.0,199.0,23.271058823529412,1.0,Florida,2020.0,2020.0,SEA,214.0,,0.06451613
2021,13,00-0036247,F.Swain,WR,SEA,SF,0,0,0.0,0,0.0,0.0,0.0,0,0.0,0,3,3,18.0,0,1.8,4.8,,,72.0,199.0,23.271058823529412,1.0,Florida,2020.0,2020.0,SEA,214.0,7.0,0.08108108
2021,14,00-0036247,F.Swain,WR,SEA,HOU,0,0,0.0,0,0.0,0.0,0.0,1,3.0,0,1,0,0.0,0,0.3,0.3,,,72.0,199.0,23.271058823529412,1.0,Florida,2020.0,2020.0,SEA,214.0,,0.035714287
2021,15,00-0036247,F.Swain,WR,SEA,LA,0,0,0.0,0,0.0,0.0,0.0,0,0.0,0,1,1,25.0,0,2.5,3.5,,,72.0,199.0,23.271058823529412,1.0,Florida,2020.0,2020.0,SEA,214.0,,0.035714287
2021,16,00-0036247,F.Swain,WR,SEA,CHI,0,0,0.0,0,0.0,0.0,0.0,0,0.0,0,2,1,9.0,0,0.9,1.9,,,72.0,199.0,23.271058823529412,1.0,Florida,2020.0,2020.0,SEA,214.0,-1.0,0.074074075
2021,17,00-0036247,F.Swain,WR,SEA,DET,0,0,0.0,0,0.0,0.0,0.0,0,0.0,0,2,2,65.0,0,6.5,8.5,,,72.0,199.0,23.271058823529412,1.0,Florida,2020.0,2020.0,SEA,214.0,22.0,0.071428575
2021,18,00-0036247,F.Swain,WR,SEA,ARI,0,0,0.0,0,0.0,0.0,0.0,0,0.0,0,1,1,25.0,1,8.5,9.5,,,72.0,199.0,23.271058823529412,1.0,Florida,2020.0,2020.0,SEA,214.0,,0.03846154
2021,10,00-0036250,T.Davis,TE,GB,SEA,0,0,0.0,0,0.0,0.0,0.0,0,0.0,0,1,1,4.0,0,0.4,1.4,,,76.0,250.0,24.61588888888889,1.0,Georgia Tech,2020.0,2020.0,JAX,206.0,17.0,0.028571429
2021,15,00-0036250,T.Davis,TE,GB,BAL,0,0,0.0,0,0.0,0.0,0.0,0,0.0,0,1,1,22.0,0,2.2,3.2,,,76.0,250.0,24.61588888888889,1.0,Georgia Tech,2020.0,2020.0,JAX,206.0,,0.032258064
2021,17,00-0036250,T.Davis,TE,GB,MIN,0,0,0.0,0,0.0,0.0,0.0,0,0.0,0,2,2,9.0,0,0.9,2.9,,,76.0,250.0,24.61588888888889,1.0,Georgia Tech,2020.0,2020.0,JAX,206.0,27.0,0.04761905
2021,18,00-0036250,T.Davis,TE,GB,DET,0,0,0.0,0,0.0,0.0,0.0,0,0.0,0,1,0,0.0,0,0.0,0.0,,,76.0,250.0,24.61588888888889,1.0,Georgia Tech,2020.0,2020.0,JAX,206.0,,0.028571429
2021,2,00-0036251,Z.Moss,RB,BUF,MIA,0,0,0.0,0,0.0,0.0,0.0,8,26.0,2,2,2,8.0,0,13.4,15.4,,,69.0,215.0,23.927894736842106,1.0,Utah,2020.0,2020.0,BUF,86.0,,0.06896552
2021,3,00-0036251,Z.Moss,RB,BUF,WAS,0,0,0.0,0,0.0,0.0,0.0,13,60.0,0,3,3,31.0,1,15.1,18.1,,,69.0,215.0,23.927894736842106,1.0,Utah,2020.0,2020.0,BUF,86.0,22.0,0.069767445
2021,4,00-0036251,Z.Moss,RB,BUF,HOU,0,0,0.0,0,0.0,0.0,0.0,14,61.0,1,1,0,0.0,0,12.1,12.1,,,69.0,215.0,23.927894736842106,1.0,Utah,2020.0,2020.0,BUF,86.0,40.0,0.032258064
2021,5,00-0036251,Z.Moss,RB,BUF,KC,0,0,0.0,0,0.0,0.0,0.0,11,37.0,0,4,3,55.0,0,9.2,12.2,,,69.0,215.0,23.927894736842106,1.0,Utah,2020.0,2020.0,BUF,86.0,,0.16666667
2021,6,00-0036251,Z.Moss,RB,BUF,TEN,0,0,0.0,0,0.0,0.0,0.0,8,24.0,0,4,2,15.0,0,3.9,5.9,,,69.0,215.0,23.927894736842106,1.0,Utah,2020.0,2020.0,BUF,86.0,,0.08888889
2021,8,00-0036251,Z.Moss,RB,BUF,MIA,0,0,0.0,0,0.0,0.0,0.0,8,19.0,0,7,6,39.0,0,5.8,11.8,,,69.0,215.0,23.927894736842106,1.0,Utah,2020.0,2020.0,BUF,86.0,15.0,0.17073171
2021,9,00-0036251,Z.Moss,RB,BUF,JAX,0,0,0.0,0,0.0,0.0,0.0,3,6.0,0,4,2,18.0,0,2.4,4.4,,,69.0,215.0,23.927894736842106,1.0,Utah,2020.0,2020.0,BUF,86.0,,0.08888889
2021,10,00-0036251,Z.Moss,RB,BUF,NYJ,0,0,0.0,0,0.0,0.0,0.0,7,27.0,1,0,0,0.0,0,8.7,8.7,,,69.0,215.0,23.927894736842106,1.0,Utah,2020.0,2020.0,BUF,86.0,,
2021,11,00-0036251,Z.Moss,RB,BUF,IND,0,0,0.0,0,0.0,0.0,0.0,3,5.0,0,1,0,0.0,0,0.5,0.5,,,69.0,215.0,23.927894736842106,1.0,Utah,2020.0,2020.0,BUF,86.0,-26.0,0.025641026
2021,13,00-0036251,Z.Moss,RB,BUF,NE,0,0,0.0,0,0.0,0.0,0.0,8,21.0,0,3,2,12.0,0,3.3,5.3,,,69.0,215.0,23.927894736842106,1.0,Utah,2020.0,2020.0,BUF,86.0,-4.0,0.1
2021,16,00-0036251,Z.Moss,RB,BUF,NE,0,0,0.0,0,0.0,0.0,0.0,3,12.0,0,1,1,13.0,0,2.5,3.5,,,69.0,215.0,23.927894736842106,1.0,Utah,2020.0,2020.0,BUF,86.0,,0.023255814
2021,17,00-0036251,Z.Moss,RB,BUF,ATL,0,0,0.0,0,0.0,0.0,0.0,5,39.0,0,0,0,0.0,0,3.9,3.9,,,69.0,215.0,23.927894736842106,1.0,Utah,2020.0,2020.0,BUF,86.0,14.0,
2021,18,00-0036251,Z.Moss,RB,BUF,NYJ,0,0,0.0,0,0.0,0.0,0.0,5,8.0,0,2,2,6.0,0,1.4,3.4,,,69.0,215.0,23.927894736842106,1.0,Utah,2020.0,2020.0,BUF,86.0,17.0,0.044444446
2021,19,00-0036251,Z.Moss,RB,BUF,NE,0,0,0.0,0,0.0,0.0,0.0,1,0.0,0,0,0,0.0,0,0.0,0.0,,,69.0,215.0,23.927894736842106,1.0,Utah,2020.0,2020.0,BUF,86.0,30.0,
2021,1,00-0036252,M.Pittman,WR,IND,SEA,0,0,0.0,0,0.0,0.0,0.0,0,0.0,0,4,3,29.0,0,2.9,5.9,,,76.0,220.0,24.09429411764706,1.0,Southern California,2020.0,2020.0,IND,34.0,-12.0,0.114285715
2021,2,00-0036252,M.Pittman,WR,IND,LA,0,0,0.0,0,0.0,0.0,0.0,0,0.0,0,12,8,123.0,0,12.3,20.3,,,76.0,220.0,24.09429411764706,1.0,Southern California,2020.0,2020.0,IND,34.0,-3.0,0.34285715
2021,3,00-0036252,M.Pittman,WR,IND,TEN,0,0,0.0,0,0.0,0.0,0.0,1,5.0,0,12,6,68.0,0,7.3,13.3,,,76.0,220.0,24.09429411764706,1.0,Southern California,2020.0,2020.0,IND,34.0,,0.3529412
2021,4,00-0036252,M.Pittman,WR,IND,MIA,0,0,0.0,0,0.0,0.0,0.0,0,0.0,0,8,6,59.0,0,5.9,11.9,,,76.0,220.0,24.09429411764706,1.0,Southern California,2020.0,2020.0,IND,34.0,,0.25
2021,5,00-0036252,M.Pittman,WR,IND,BAL,0,0,0.0,0,0.0,0.0,0.0,0,0.0,0,7,6,89.0,1,14.9,20.9,,,76.0,220.0,24.09429411764706,1.0,Southern California,2020.0,2020.0,IND,34.0,,0.20588236
2021,6,00-0036252,M.Pittman,WR,IND,HOU,0,0,0.0,0,0.0,0.0,0.0,1,3.0,0,3,2,35.0,0,3.8,5.8,,,76.0,220.0,24.09429411764706,1.0,Southern California,2020.0,2020.0,IND,34.0,28.0,0.16666667
2021,7,00-0036252,M.Pittman,WR,IND,SF,0,0,0.0,0,0.0,0.0,0.0,0,0.0,0,4,4,105.0,1,16.5,20.5,,,76.0,220.0,24.09429411764706,1.0,Southern California,2020.0,2020.0,IND,34.0,,0.15384616
2021,8,00-0036252,M.Pittman,WR,IND,TEN,0,0,0.0,0,0.0,0.0,0.0,0,0.0,0,15,10,86.0,2,20.6,30.6,,,76.0,220.0,24.09429411764706,1.0,Southern California,2020.0,2020.0,IND,34.0,-3.0,0.3125
2021,9,00-0036252,M.Pittman,WR,IND,NYJ,0,0,0.0,0,0.0,0.0,0.0,0,0.0,0,6,5,64.0,1,12.4,17.4,,,76.0,220.0,24.09429411764706,1.0,Southern California,2020.0,2020.0,IND,34.0,15.0,0.20689656
2021,10,00-0036252,M.Pittman,WR,IND,JAX,0,0,0.0,0,0.0,0.0,0.0,0,0.0,0,5,5,71.0,0,7.1,12.1,,,76.0,220.0,24.09429411764706,1.0,Southern California,2020.0,2020.0,IND,34.0,6.0,0.15151516
2021,11,00-0036252,M.Pittman,WR,IND,BUF,0,0,0.0,0,0.0,0.0,0.0,0,0.0,0,5,2,23.0,0,2.3,4.3,,,76.0,220.0,24.09429411764706,1.0,Southern California,2020.0,2020.0,IND,34.0,,0.25
2021,12,00-0036252,M.Pittman,WR,IND,TB,0,0,0.0,0,0.0,0.0,0.0,0,0.0,0,10,4,53.0,0,5.3,9.3,,,76.0,220.0,24.09429411764706,1.0,Southern California,2020.0,2020.0,IND,34.0,-7.0,0.23255815
2021,13,00-0036252,M.Pittman,WR,IND,HOU,0,0,0.0,0,0.0,0.0,0.0,2,33.0,0,8,6,77.0,0,11.0,17.0,,,76.0,220.0,24.09429411764706,1.0,Southern California,2020.0,2020.0,IND,34.0,,0.36363637
2021,15,00-0036252,M.Pittman,WR,IND,NE,0,0,0.0,0,0.0,0.0,0.0,0,0.0,0,5,1,7.0,0,0.7,1.7,,,76.0,220.0,24.09429411764706,1.0,Southern California,2020.0,2020.0,IND,34.0,10.0,0.41666666
2021,16,00-0036252,M.Pittman,WR,IND,ARI,0,0,0.0,0,0.0,0.0,0.0,1,3.0,0,12,8,82.0,0,8.5,16.5,,,76.0,220.0,24.09429411764706,1.0,Southern California,2020.0,2020.0,IND,34.0,,0.42857143
2021,17,00-0036252,M.Pittman,WR,IND,LV,0,0,0.0,0,0.0,0.0,0.0,0,0.0,0,6,6,47.0,0,4.7,10.7,,,76.0,220.0,24.09429411764706,1.0,Southern California,2020.0,2020.0,IND,34.0,-3.0,0.25
2021,18,00-0036252,M.Pittman,WR,IND,JAX,0,0,0.0,0,0.0,0.0,0.0,0,0.0,0,7,6,64.0,1,14.4,20.4,,,76.0,220.0,24.09429411764706,1.0,Southern California,2020.0,2020.0,IND,34.0,,0.2413793
2021,3,00-0036254,C.Johnson,WR,NYG,ATL,0,0,0.0,0,0.0,0.0,0.0,0,0.0,0,7,5,51.0,0,5.1,10.1,,,78.0,215.0,24.132117647058823,1.0,Texas,2020.0,2020.0,JAX,165.0,-3.0,0.2
2021,5,00-0036254,C.Johnson,WR,NYG,DAL,0,0,0.0,0,0.0,0.0,0.0,0,0.0,0,3,0,0.0,0,0.0,0.0,,,78.0,215.0,24.132117647058823,1.0,Texas,2020.0,2020.0,JAX,165.0,,0.08108108
2021,6,00-0036254,C.Johnson,WR,NYG,LA,0,0,0.0,0,0.0,0.0,0.0,0,0.0,0,5,2,21.0,0,2.1,4.1,,,78.0,215.0,24.132117647058823,1.0,Texas,2020.0,2020.0,JAX,165.0,-27.0,0.104166664
2021,7,00-0036254,C.Johnson,WR,NYG,CAR,0,0,0.0,0,0.0,0.0,0.0,0,0.0,0,2,1,7.0,0,0.7,1.7,,,78.0,215.0,24.132117647058823,1.0,Texas,2020.0,2020.0,JAX,165.0,22.0,0.060606062
2021,8,00-0036254,C.Johnson,WR,NYG,KC,0,0,0.0,0,0.0,0.0,0.0,0,0.0,0,2,2,10.0,0,1.0,3.0,,,78.0,215.0,24.132117647058823,1.0,Texas,2020.0,2020.0,JAX,165.0,,0.060606062
2021,11,00-0036254,C.Johnson,WR,NYG,TB,0,0,0.0,0,0.0,0.0,0.0,0,0.0,0,1,0,0.0,0,0.0,0.0,,,78.0,215.0,24.132117647058823,1.0,Texas,2020.0,2020.0,JAX,165.0,,0.027027028
2021,15,00-0036254,C.Johnson,WR,NYG,DAL,0,0,0.0,0,0.0,0.0,0.0,0,0.0,0,1,1,16.0,0,1.6,2.6,,,78.0,215.0,24.132117647058823,1.0,Texas,2020.0,2020.0,JAX,165.0,-15.0,0.027777778
2021,1,00-0036255,D.Mims,WR,NYJ,CAR,0,0,0.0,0,0.0,0.0,0.0,0,0.0,0,1,1,40.0,0,4.0,5.0,,,75.0,208.0,24.08964705882353,1.0,Baylor,2020.0,2020.0,NYJ,59.0,,0.027777778
2021,5,00-0036255,D.Mims,WR,NYJ,ATL,0,0,0.0,0,0.0,0.0,0.0,0,0.0,0,3,2,33.0,0,3.3,5.3,,,75.0,208.0,24.08964705882353,1.0,Baylor,2020.0,2020.0,NYJ,59.0,,0.09677419
2021,7,00-0036255,D.Mims,WR,NYJ,NE,0,0,0.0,0,0.0,0.0,0.0,0,0.0,0,2,1,6.0,0,0.6,1.6,,,75.0,208.0,24.08964705882353,1.0,Baylor,2020.0,2020.0,NYJ,59.0,,0.048780486
2021,8,00-0036255,D.Mims,WR,NYJ,CIN,0,0,0.0,0,0.0,0.0,0.0,0,0.0,0,3,2,30.0,0,3.0,5.0,,,75.0,208.0,24.08964705882353,1.0,Baylor,2020.0,2020.0,NYJ,59.0,3.0,0.06122449
2021,9,00-0036255,D.Mims,WR,NYJ,IND,0,0,0.0,0,0.0,0.0,0.0,0,0.0,0,5,1,20.0,0,2.0,3.0,,,75.0,208.0,24.08964705882353,1.0,Baylor,2020.0,2020.0,NYJ,59.0,,0.09615385
2021,13,00-0036255,D.Mims,WR,NYJ,PHI,0,0,0.0,0,0.0,0.0,0.0,0,0.0,0,1,1,4.0,0,0.4,1.4,,,75.0,208.0,24.08964705882353,1.0,Baylor,2020.0,2020.0,NYJ,59.0,-15.0,0.027777778
2021,14,00-0036255,D.Mims,WR,NYJ,NO,0,0,0.0,0,0.0,0.0,0.0,0,0.0,0,1,0,0.0,0,0.0,0.0,,,75.0,208.0,24.08964705882353,1.0,Baylor,2020.0,2020.0,NYJ,59.0,-21.0,0.025
2021,15,00-0036255,D.Mims,WR,NYJ,MIA,0,0,0.0,0,0.0,0.0,0.0,0,0.0,0,3,0,0.0,0,0.0,0.0,,,75.0,208.0,24.08964705882353,1.0,Baylor,2020.0,2020.0,NYJ,59.0,,0.13636364
2021,16,00-0036255,D.Mims,WR,NYJ,JAX,0,0,0.0,0,0.0,0.0,0.0,0,0.0,0,2,0,0.0,0,0.0,0.0,,,75.0,208.0,24.08964705882353,1.0,Baylor,2020.0,2020.0,NYJ,59.0,5.0,0.0952381
2021,18,00-0036255,D.Mims,WR,NYJ,BUF,0,0,0.0,0,0.0,0.0,0.0,0,0.0,0,2,0,0.0,0,0.0,0.0,,,75.0,208.0,24.08964705882353,1.0,Baylor,2020.0,2020.0,NYJ,59.0,,0.10526316
2021,2,00-0036259,J.Jennings,WR,SF,PHI,0,0,0.0,0,0.0,0.0,0.0,0,0.0,0,2,2,17.0,1,7.7,9.7,,,75.0,214.0,24.37125,1.0,Tennessee,2020.0,2020.0,SF,217.0,,0.06666667
2021,4,00-0036259,J.Jennings,WR,SF,SEA,0,0,0.0,0,0.0,0.0,0.0,0,0.0,0,1,1,14.0,0,1.4,2.4,,,75.0,214.0,24.37125,1.0,Tennessee,2020.0,2020.0,SF,217.0,-7.0,0.025641026
2021,7,00-0036259,J.Jennings,WR,SF,IND,0,0,0.0,0,0.0,0.0,0.0,0,0.0,0,2,0,0.0,0,0.0,0.0,,,75.0,214.0,24.37125,1.0,Tennessee,2020.0,2020.0,SF,217.0,-12.0,0.074074075
2021,8,00-0036259,J.Jennings,WR,SF,CHI,0,0,0.0,0,0.0,0.0,0.0,0,0.0,0,1,0,0.0,0,0.0,0.0,,,75.0,214.0,24.37125,1.0,Tennessee,2020.0,2020.0,SF,217.0,,0.037037037
2021,10,00-0036259,J.Jennings,WR,SF,LA,0,0,0.0,0,0.0,0.0,0.0,0,0.0,0,2,1,3.0,0,0.3,1.3,,,75.0,214.0,24.37125,1.0,Tennessee,2020.0,2020.0,SF,217.0,21.0,0.10526316
2021,11,00-0036259,J.Jennings,WR,SF,JAX,0,0,0.0,0,0.0,0.0,0.0,0,0.0,0,1,1,4.0,0,0.4,1.4,,,75.0,214.0,24.37125,1.0,Tennessee,2020.0,2020.0,SF,217.0,,0.05
2021,12,00-0036259,J.Jennings,WR,SF,MIN,0,0,0.0,0,0.0,0.0,0.0,0,0.0,0,3,2,24.0,1,8.4,10.4,,,75.0,214.0,24.37125,1.0,Tennessee,2020.0,2020.0,SF,217.0,8.0,0.115384616
2021,13,00-0036259,J.Jennings,WR,SF,SEA,0,0,0.0,0,0.0,0.0,0.0,0,0.0,0,1,1,8.0,0,0.8,1.8,,,75.0,214.0,24.37125,1.0,Tennessee,2020.0,2020.0,SF,217.0,,0.033333335
2021,14,00-0036259,J.Jennings,WR,SF,CIN,0,0,0.0,0,0.0,0.0,0.0,0,0.0,0,5,3,46.0,0,4.6,7.6,,,75.0,214.0,24.37125,1.0,Tennessee,2020.0,2020.0,SF,217.0,,0.13513513
2021,15,00-0036259,J.Jennings,WR,SF,ATL,0,0,0.0,0,0.0,0.0,0.0,0,0.0,0,6,3,28.0,1,8.8,11.8,,,75.0,214.0,24.37125,1.0,Tennessee,2020.0,2020.0,SF,217.0,18.0,0.25
2021,16,00-0036259,J.Jennings,WR,SF,TEN,0,0,0.0,0,0.0,0.0,0.0,0,0.0,0,5,2,19.0,0,1.9,3.9,,,75.0,214.0,24.37125,1.0,Tennessee,2020.0,2020.0,SF,217.0,,0.14285715
2021,17,00-0036259,J.Jennings,WR,SF,HOU,0,0,0.0,0,0.0,0.0,0.0,0,0.0,0,2,2,25.0,0,2.5,4.5,,,75.0,214.0,24.37125,1.0,Tennessee,2020.0,2020.0,SF,217.0,16.0,0.08695652
2021,18,00-0036259,J.Jennings,WR,SF,LA,0,0,0.0,0,0.0,0.0,0.0,0,0.0,0,7,6,94.0,2,21.4,27.4,,,75.0,214.0,24.37125,1.0,Tennessee,2020.0,2020.0,SF,217.0,,0.21875
2021,19,00-0036259,J.Jennings,WR,SF,DAL,0,0,0.0,0,0.0,0.0,0.0,0,0.0,0,5,3,29.0,0,2.9,5.9,,,75.0,214.0,24.37125,1.0,Tennessee,2020.0,2020.0,SF,217.0,,0.2
2021,20,00-0036259,J.Jennings,WR,SF,GB,0,0,0.0,0,0.0,0.0,0.0,0,0.0,0,2,1,6.0,0,0.6,1.6,,,75.0,214.0,24.37125,1.0,Tennessee,2020.0,2020.0,SF,217.0,,0.11111111
2021,21,00-0036259,J.Jennings,WR,SF,LA,0,0,0.0,0,0.0,0.0,0.0,0,0.0,0,2,2,8.0,0,0.8,2.8,,,75.0,214.0,24.37125,1.0,Tennessee,2020.0,2020.0,SF,217.0,,0.06896552
2021,2,00-0036261,B.Aiyuk,WR,SF,PHI,0,0,0.0,0,0.0,0.0,0.0,0,0.0,0,2,1,6.0,0,0.6,1.6,,,72.0,206.0,23.686799999999998,1.0,Arizona State,2020.0,2020.0,SF,25.0,,0.06666667
2021,3,00-0036261,B.Aiyuk,WR,SF,GB,0,0,0.0,0,0.0,0.0,0.0,1,8.0,0,6,4,37.0,1,10.5,14.5,,,72.0,206.0,23.686799999999998,1.0,Arizona State,2020.0,2020.0,SF,25.0,-2.0,0.15789473
2021,4,00-0036261,B.Aiyuk,WR,SF,SEA,0,0,0.0,0,0.0,0.0,0.0,0,0.0,0,3,1,15.0,0,1.5,2.5,,,72.0,206.0,23.686799999999998,1.0,Arizona State,2020.0,2020.0,SF,25.0,-7.0,0.07692308
2021,5,00-0036261,B.Aiyuk,WR,SF,ARI,0,0,0.0,0,0.0,0.0,0.0,0,0.0,0,4,2,32.0,0,3.2,5.2,,,72.0,206.0,23.686799999999998,1.0,Arizona State,2020.0,2020.0,SF,25.0,,0.14285715
2021,7,00-0036261,B.Aiyuk,WR,SF,IND,0,0,0.0,0,0.0,0.0,0.0,1,3.0,0,1,1,6.0,0,0.9,1.9,,,72.0,206.0,23.686799999999998,1.0,Arizona State,2020.0,2020.0,SF,25.0,-12.0,0.037037037
2021,8,00-0036261,B.Aiyuk,WR,SF,CHI,0,0,0.0,0,0.0,0.0,0.0,0,0.0,0,7,4,45.0,0,6.5,10.5,,,72.0,206.0,23.686799999999998,1.0,Arizona State,2020.0,2020.0,SF,25.0,,0.25925925
2021,9,00-0036261,B.Aiyuk,WR,SF,ARI,0,0,0.0,0,0.0,0.0,0.0,1,-2.0,0,8,6,89.0,1,12.7,18.7,,,72.0,206.0,23.686799999999998,1.0,Arizona State,2020.0,2020.0,SF,25.0,-14.0,0.20512821
2021,10,00-0036261,B.Aiyuk,WR,SF,LA,0,0,0.0,0,0.0,0.0,0.0,0,0.0,0,4,3,26.0,0,2.6,5.6,,,72.0,206.0,23.686799999999998,1.0,Arizona State,2020.0,2020.0,SF,25.0,21.0,0.21052632
2021,11,00-0036261,B.Aiyuk,WR,SF,JAX,0,0,0.0,0,0.0,0.0,0.0,0,0.0,0,7,7,85.0,1,14.5,21.5,,,72.0,206.0,23.686799999999998,1.0,Arizona State,2020.0,2020.0,SF,25.0,,0.35
2021,12,00-0036261,B.Aiyuk,WR,SF,MIN,0,0,0.0,0,0.0,0.0,0.0,1,4.0,0,6,3,91.0,0,9.5,12.5,,,72.0,206.0,23.686799999999998,1.0,Arizona State,2020.0,2020.0,SF,25.0,8.0,0.23076923
2021,13,00-0036261,B.Aiyuk,WR,SF,SEA,0,0,0.0,0,0.0,0.0,0.0,0,0.0,0,6,3,55.0,0,5.5,8.5,,,72.0,206.0,23.686799999999998,1.0,Arizona State,2020.0,2020.0,SF,25.0,,0.2
2021,14,00-0036261,B.Aiyuk,WR,SF,CIN,0,0,0.0,0,0.0,0.0,0.0,1,4.0,0,10,6,62.0,1,12.6,18.6,,,72.0,206.0,23.686799999999998,1.0,Arizona State,2020.0,2020.0,SF,25.0,,0.27027026
2021,15,00-0036261,B.Aiyuk,WR,SF,ATL,0,0,0.0,0,0.0,0.0,0.0,0,0.0,0,2,1,36.0,0,3.6,4.6,,,72.0,206.0,23.686799999999998,1.0,Arizona State,2020.0,2020.0,SF,25.0,18.0,0.083333336
2021,16,00-0036261,B.Aiyuk,WR,SF,TEN,0,0,0.0,0,0.0,0.0,0.0,0,0.0,0,5,4,40.0,1,10.0,14.0,,,72.0,206.0,23.686799999999998,1.0,Arizona State,2020.0,2020.0,SF,25.0,,0.14285715
2021,17,00-0036261,B.Aiyuk,WR,SF,HOU,0,0,0.0,0,0.0,0.0,0.0,0,0.0,0,6,4,94.0,0,9.4,13.4,,,72.0,206.0,23.686799999999998,1.0,Arizona State,2020.0,2020.0,SF,25.0,16.0,0.26086956
2021,18,00-0036261,B.Aiyuk,WR,SF,LA,0,0,0.0,0,0.0,0.0,0.0,0,0.0,0,7,6,107.0,0,10.7,16.7,,,72.0,206.0,23.686799999999998,1.0,Arizona State,2020.0,2020.0,SF,25.0,,0.21875
2021,19,00-0036261,B.Aiyuk,WR,SF,DAL,0,0,0.0,0,0.0,0.0,0.0,0,0.0,0,6,5,66.0,0,6.6,11.6,,,72.0,206.0,23.686799999999998,1.0,Arizona State,2020.0,2020.0,SF,25.0,,0.24
2021,20,00-0036261,B.Aiyuk,WR,SF,GB,0,0,0.0,0,0.0,0.0,0.0,0,0.0,0,1,0,0.0,0,0.0,0.0,,,72.0,206.0,23.686799999999998,1.0,Arizona State,2020.0,2020.0,SF,25.0,,0.055555556
2021,21,00-0036261,B.Aiyuk,WR,SF,LA,0,0,0.0,0,0.0,0.0,0.0,0,0.0,0,8,4,69.0,0,6.9,10.9,,,72.0,206.0,23.686799999999998,1.0,Arizona State,2020.0,2020.0,SF,25.0,,0.27586207
2021,1,00-0036264,J.Love,QB,GB,NO,5,7,68.0,0,0.0,1.0,4.0,0,0.0,0,0,0,0.0,0,0.72,0.72,,,76.0,220.0,23.030833333333334,1.0,Utah State,2020.0,2020.0,GB,26.0,,
2021,2,00-0036264,J.Love,QB,GB,DET,0,0,0.0,0,0.0,0.0,0.0,3,-3.0,0,0,0,0.0,0,-0.3,-0.3,,,76.0,220.0,23.030833333333334,1.0,Utah State,2020.0,2020.0,GB,26.0,18.0,
2021,9,00-0036264,J.Love,QB,GB,KC,19,34,190.0,1,1.0,1.0,11.0,5,23.0,0,0,0,0.0,0,11.9,11.9,,,76.0,220.0,23.030833333333334,1.0,Utah State,2020.0,2020.0,GB,26.0,,
2021,11,00-0036264,J.Love,QB,GB,MIN,0,0,0.0,0,0.0,0.0,0.0,1,-1.0,0,0,0,0.0,0,-0.1,-0.1,,,76.0,220.0,23.030833333333334,1.0,Utah State,2020.0,2020.0,GB,26.0,,
2021,17,00-0036264,J.Love,QB,GB,MIN,2,4,19.0,0,0.0,0.0,-0.0,2,9.0,0,0,0,0.0,0,1.66,1.66,,,76.0,220.0,23.030833333333334,1.0,Utah State,2020.0,2020.0,GB,26.0,27.0,
2021,18,00-0036264,J.Love,QB,GB,DET,10,17,134.0,1,2.0,1.0,8.0,1,-1.0,0,0,0,0.0,0,7.26,7.26,,,76.0,220.0,23.030833333333334,1.0,Utah State,2020.0,2020.0,GB,26.0,,
2021,1,00-0036265,A.Dillon,RB,GB,NO,0,0,0.0,0,0.0,0.0,0.0,4,19.0,0,2,1,7.0,0,2.6,3.6,,,72.0,250.0,23.534555555555556,1.0,Boston College,2020.0,2020.0,GB,62.0,,0.060606062
2021,2,00-0036265,A.Dillon,RB,GB,DET,0,0,0.0,0,0.0,0.0,0.0,5,18.0,0,1,1,8.0,0,2.6,3.6,,,72.0,250.0,23.534555555555556,1.0,Boston College,2020.0,2020.0,GB,62.0,18.0,0.037037037
2021,3,00-0036265,A.Dillon,RB,GB,SF,0,0,0.0,0,0.0,0.0,0.0,6,18.0,0,2,2,8.0,0,2.6,4.6,,,72.0,250.0,23.534555555555556,1.0,Boston College,2020.0,2020.0,GB,62.0,,0.06451613
2021,4,00-0036265,A.Dillon,RB,GB,PIT,0,0,0.0,0,0.0,0.0,0.0,15,81.0,0,1,1,16.0,0,9.7,10.7,,,72.0,250.0,23.534555555555556,1.0,Boston College,2020.0,2020.0,GB,62.0,10.0,0.028571429
2021,5,00-0036265,A.Dillon,RB,GB,CIN,0,0,0.0,0,0.0,0.0,0.0,8,30.0,0,4,4,49.0,1,13.9,17.9,,,72.0,250.0,23.534555555555556,1.0,Boston College,2020.0,2020.0,GB,62.0,,0.114285715
2021,6,00-0036265,A.Dillon,RB,GB,CHI,0,0,0.0,0,0.0,0.0,0.0,11,59.0,0,0,0,0.0,0,5.9,5.9,,,72.0,250.0,23.534555555555556,1.0,Boston College,2020.0,2020.0,GB,62.0,,
2021,7,00-0036265,A.Dillon,RB,GB,WAS,0,0,0.0,0,0.0,0.0,0.0,3,6.0,0,2,1,2.0,0,-1.2,-0.2,,,72.0,250.0,23.534555555555556,1.0,Boston College,2020.0,2020.0,GB,62.0,14.0,0.05882353
2021,8,00-0036265,A.Dillon,RB,GB,ARI,0,0,0.0,0,0.0,0.0,0.0,16,78.0,0,0,0,0.0,0,7.8,7.8,,,72.0,250.0,23.534555555555556,1.0,Boston College,2020.0,2020.0,GB,62.0,,
2021,9,00-0036265,A.Dillon,RB,GB,KC,0,0,0.0,0,0.0,0.0,0.0,8,46.0,0,4,4,44.0,0,9.0,13.0,,,72.0,250.0,23.534555555555556,1.0,Boston College,2020.0,2020.0,GB,62.0,,0.125
2021,10,00-0036265,A.Dillon,RB,GB,SEA,0,0,0.0,0,0.0,0.0,0.0,21,66.0,2,2,2,62.0,0,24.8,26.8,,,72.0,250.0,23.534555555555556,1.0,Boston College,2020.0,2020.0,GB,62.0,17.0,0.057142857
2021,11,00-0036265,A.Dillon,RB,GB,MIN,0,0,0.0,0,0.0,0.0,0.0,11,53.0,0,6,6,44.0,0,9.7,15.7,,,72.0,250.0,23.534555555555556,1.0,Boston College,2020.0,2020.0,GB,62.0,,0.19354838
2021,12,00-0036265,A.Dillon,RB,GB,LA,0,0,0.0,0,0.0,0.0,0.0,20,69.0,0,5,5,21.0,1,15.0,20.0,,,72.0,250.0,23.534555555555556,1.0,Boston College,2020.0,2020.0,GB,62.0,8.0,0.11363637
2021,14,00-0036265,A.Dillon,RB,GB,CHI,0,0,0.0,0,0.0,0.0,0.0,15,71.0,0,0,0,0.0,0,7.1,7.1,,,72.0,250.0,23.534555555555556,1.0,Boston College,2020.0,2020.0,GB,62.0,15.0,
2021,15,00-0036265,A.Dillon,RB,GB,BAL,0,0,0.0,0,0.0,0.0,0.0,7,22.0,1,1,1,13.0,0,9.5,10.5,,,72.0,250.0,23.534555555555556,1.0,Boston College,2020.0,2020.0,GB,62.0,,0.032258064
2021,16,00-0036265,A.Dillon,RB,GB,CLE,0,0,0.0,0,0.0,0.0,0.0,9,41.0,0,3,3,15.0,0,5.6,8.6,,,72.0,250.0,23.534555555555556,1.0,Boston College,2020.0,2020.0,GB,62.0,2.0,0.0882353
2021,17,00-0036265,A.Dillon,RB,GB,MIN,0,0,0.0,0,0.0,0.0,0.0,14,63.0,2,3,2,20.0,0,20.3,22.3,,,72.0,250.0,23.534555555555556,1.0,Boston College,2020.0,2020.0,GB,62.0,27.0,0.071428575
2021,18,00-0036265,A.Dillon,RB,GB,DET,0,0,0.0,0,0.0,0.0,0.0,14,63.0,0,1,1,4.0,0,6.7,7.7,,,72.0,250.0,23.534555555555556,1.0,Boston College,2020.0,2020.0,GB,62.0,,0.028571429
2021,20,00-0036265,A.Dillon,RB,GB,SF,0,0,0.0,0,0.0,0.0,0.0,7,25.0,1,0,0,0.0,0,8.5,8.5,,,72.0,250.0,23.534555555555556,1.0,Boston College,2020.0,2020.0,GB,62.0,-3.0,
2021,1,00-0036268,L.Shenault,WR,JAX,HOU,0,0,0.0,0,0.0,0.0,0.0,1,9.0,0,10,7,50.0,0,5.9,12.9,,,73.0,220.0,23.102999999999998,1.0,Colorado,2020.0,2020.0,JAX,42.0,,0.2
2021,2,00-0036268,L.Shenault,WR,JAX,DEN,0,0,0.0,0,0.0,0.0,0.0,1,0.0,0,7,2,-3.0,0,-0.3,1.7,,,73.0,220.0,23.102999999999998,1.0,Colorado,2020.0,2020.0,JAX,42.0,-10.0,0.21212122
2021,3,00-0036268,L.Shenault,WR,JAX,ARI,0,0,0.0,0,0.0,0.0,0.0,0,0.0,0,4,4,48.0,0,4.8,8.8,,,73.0,220.0,23.102999999999998,1.0,Colorado,2020.0,2020.0,JAX,42.0,-12.0,0.125
2021,4,00-0036268,L.Shenault,WR,JAX,CIN,0,0,0.0,0,0.0,0.0,0.0,1,11.0,0,7,6,99.0,0,11.0,17.0,,,73.0,220.0,23.102999999999998,1.0,Colorado,2020.0,2020.0,JAX,42.0,,0.3181818
2021,5,00-0036268,L.Shenault,WR,JAX,TEN,0,0,0.0,0,0.0,0.0,0.0,0,0.0,0,3,1,58.0,0,5.8,6.8,,,73.0,220.0,23.102999999999998,1.0,Colorado,2020.0,2020.0,JAX,42.0,-18.0,0.09090909
2021,6,00-0036268,L.Shenault,WR,JAX,MIA,0,0,0.0,0,0.0,0.0,0.0,0,0.0,0,10,6,54.0,0,5.4,11.4,,,73.0,220.0,23.102999999999998,1.0,Colorado,2020.0,2020.0,JAX,42.0,3.0,0.25
2021,8,00-0036268,L.Shenault,WR,JAX,SEA,0,0,0.0,0,0.0,0.0,0.0,1,8.0,0,4,2,13.0,0,2.1,4.1,,,73.0,220.0,23.102999999999998,1.0,Colorado,2020.0,2020.0,JAX,42.0,,0.07692308
2021,9,00-0036268,L.Shenault,WR,JAX,BUF,0,0,0.0,0,0.0,0.0,0.0,1,-4.0,0,4,4,24.0,0,2.0,6.0,,,73.0,220.0,23.102999999999998,1.0,Colorado,2020.0,2020.0,JAX,42.0,3.0,0.14814815
2021,10,00-0036268,L.Shenault,WR,JAX,IND,0,0,0.0,0,0.0,0.0,0.0,2,6.0,0,8,3,15.0,0,2.1,5.1,,,73.0,220.0,23.102999999999998,1.0,Colorado,2020.0,2020.0,JAX,42.0,,0.22857143
2021,11,00-0036268,L.Shenault,WR,JAX,SF,0,0,0.0,0,0.0,0.0,0.0,0,0.0,0,5,5,50.0,0,3.0,8.0,,,73.0,220.0,23.102999999999998,1.0,Colorado,2020.0,2020.0,JAX,42.0,-20.0,0.20833333
2021,12,00-0036268,L.Shenault,WR,JAX,ATL,0,0,0.0,0,0.0,0.0,0.0,0,0.0,0,9,5,33.0,0,3.3,8.3,,,73.0,220.0,23.102999999999998,1.0,Colorado,2020.0,2020.0,JAX,42.0,-7.0,0.2195122
2021,13,00-0036268,L.Shenault,WR,JAX,LA,0,0,0.0,0,0.0,0.0,0.0,3,1.0,0,5,3,30.0,0,3.1,6.1,,,73.0,220.0,23.102999999999998,1.0,Colorado,2020.0,2020.0,JAX,42.0,,0.17857143
2021,14,00-0036268,L.Shenault,WR,JAX,TEN,0,0,0.0,0,0.0,0.0,0.0,0,0.0,0,7,4,34.0,0,3.4,7.4,,,73.0,220.0,23.102999999999998,1.0,Colorado,2020.0,2020.0,JAX,42.0,,0.1891892
2021,15,00-0036268,L.Shenault,WR,JAX,HOU,0,0,0.0,0,0.0,0.0,0.0,1,10.0,0,7,4,39.0,0,4.9,8.9,,,73.0,220.0,23.102999999999998,1.0,Colorado,2020.0,2020.0,JAX,42.0,-14.0,0.19444445
2021,17,00-0036268,L.Shenault,WR,JAX,NE,0,0,0.0,0,0.0,0.0,0.0,0,0.0,0,3,2,13.0,0,1.3,3.3,,,73.0,220.0,23.102999999999998,1.0,Colorado,2020.0,2020.0,JAX,42.0,,0.115384616
2021,18,00-0036268,L.Shenault,WR,JAX,IND,0,0,0.0,0,0.0,0.0,0.0,0,0.0,0,7,5,62.0,0,6.2,11.2,,,73.0,220.0,23.102999999999998,1.0,Colorado,2020.0,2020.0,JAX,42.0,15.0,0.21875
2021,8,00-0036269,L.Perine,RB,NYJ,CIN,0,0,0.0,0,0.0,0.0,0.0,1,3.0,0,0,0,0.0,0,0.3,0.3,,,71.0,220.0,23.783117647058823,1.0,Florida,2020.0,2020.0,NYJ,120.0,3.0,
2021,14,00-0036269,L.Perine,RB,NYJ,NO,0,0,0.0,0,0.0,0.0,0.0,7,28.0,0,0,0,0.0,0,2.8,2.8,,,71.0,220.0,23.783117647058823,1.0,Florida,2020.0,2020.0,NYJ,120.0,-21.0,
2021,1,00-0036271,Q.Watkins,WR,PHI,ATL,0,0,0.0,0,0.0,0.0,0.0,0,0.0,0,3,3,23.0,0,2.3,5.3,,,72.0,190.0,23.428833333333333,1.0,Southern Mississippi,2020.0,2020.0,PHI,200.0,,0.09375
2021,2,00-0036271,Q.Watkins,WR,PHI,SF,0,0,0.0,0,0.0,0.0,0.0,0,0.0,0,2,2,117.0,0,11.7,13.7,,,72.0,190.0,23.428833333333333,1.0,Southern Mississippi,2020.0,2020.0,PHI,200.0,-6.0,0.083333336
2021,3,00-0036271,Q.Watkins,WR,PHI,DAL,0,0,0.0,0,0.0,0.0,0.0,0,0.0,0,2,2,46.0,0,4.6,6.6,,,72.0,190.0,23.428833333333333,1.0,Southern Mississippi,2020.0,2020.0,PHI,200.0,,0.05263158
2021,4,00-0036271,Q.Watkins,WR,PHI,KC,0,0,0.0,0,0.0,0.0,0.0,0,0.0,0,7,3,33.0,0,3.3,6.3,,,72.0,190.0,23.428833333333333,1.0,Southern Mississippi,2020.0,2020.0,PHI,200.0,-12.0,0.1590909
2021,5,00-0036271,Q.Watkins,WR,PHI,CAR,0,0,0.0,0,0.0,0.0,0.0,0,0.0,0,3,3,48.0,0,4.8,7.8,,,72.0,190.0,23.428833333333333,1.0,Southern Mississippi,2020.0,2020.0,PHI,200.0,,0.0882353
2021,6,00-0036271,Q.Watkins,WR,PHI,TB,0,0,0.0,0,0.0,0.0,0.0,0,0.0,0,5,3,44.0,0,6.4,9.4,,,72.0,190.0,23.428833333333333,1.0,Southern Mississippi,2020.0,2020.0,PHI,200.0,-6.0,0.20833333
2021,7,00-0036271,Q.Watkins,WR,PHI,LV,0,0,0.0,0,0.0,0.0,0.0,0,0.0,0,4,2,37.0,0,3.7,5.7,,,72.0,190.0,23.428833333333333,1.0,Southern Mississippi,2020.0,2020.0,PHI,200.0,,0.12903225
2021,8,00-0036271,Q.Watkins,WR,PHI,DET,0,0,0.0,0,0.0,0.0,0.0,0,0.0,0,2,2,18.0,0,1.8,3.8,,,72.0,190.0,23.428833333333333,1.0,Southern Mississippi,2020.0,2020.0,PHI,200.0,,0.125
2021,9,00-0036271,Q.Watkins,WR,PHI,LAC,0,0,0.0,0,0.0,0.0,0.0,0,0.0,0,3,2,9.0,0,0.9,2.9,,,72.0,190.0,23.428833333333333,1.0,Southern Mississippi,2020.0,2020.0,PHI,200.0,-3.0,0.1875
2021,10,00-0036271,Q.Watkins,WR,PHI,DEN,0,0,0.0,0,0.0,0.0,0.0,0,0.0,0,6,4,33.0,0,3.3,7.3,,,72.0,190.0,23.428833333333333,1.0,Southern Mississippi,2020.0,2020.0,PHI,200.0,,0.27272728
2021,11,00-0036271,Q.Watkins,WR,PHI,NO,0,0,0.0,0,0.0,0.0,0.0,0,0.0,0,1,0,0.0,0,0.0,0.0,,,72.0,190.0,23.428833333333333,1.0,Southern Mississippi,2020.0,2020.0,PHI,200.0,11.0,0.04347826
2021,12,00-0036271,Q.Watkins,WR,PHI,NYG,0,0,0.0,0,0.0,0.0,0.0,1,3.0,0,5,2,23.0,0,2.6,4.6,,,72.0,190.0,23.428833333333333,1.0,Southern Mississippi,2020.0,2020.0,PHI,200.0,,0.1724138
2021,13,00-0036271,Q.Watkins,WR,PHI,NYJ,0,0,0.0,0,0.0,0.0,0.0,0,0.0,0,3,3,60.0,0,6.0,9.0,,,72.0,190.0,23.428833333333333,1.0,Southern Mississippi,2020.0,2020.0,PHI,200.0,,0.13636364
2021,15,00-0036271,Q.Watkins,WR,PHI,WAS,0,0,0.0,0,0.0,0.0,0.0,0,0.0,0,2,2,14.0,0,1.4,3.4,,,72.0,190.0,23.428833333333333,1.0,Southern Mississippi,2020.0,2020.0,PHI,200.0,10.0,0.07692308
2021,16,00-0036271,Q.Watkins,WR,PHI,NYG,0,0,0.0,0,0.0,0.0,0.0,0,0.0,0,3,3,43.0,0,4.3,7.3,,,72.0,190.0,23.428833333333333,1.0,Southern Mississippi,2020.0,2020.0,PHI,200.0,24.0,0.10714286
2021,17,00-0036271,Q.Watkins,WR,PHI,WAS,0,0,0.0,0,0.0,0.0,0.0,0,0.0,0,4,2,15.0,0,1.5,3.5,,,72.0,190.0,23.428833333333333,1.0,Southern Mississippi,2020.0,2020.0,PHI,200.0,,0.16
2021,18,00-0036271,Q.Watkins,WR,PHI,DAL,0,0,0.0,0,0.0,0.0,0.0,0,0.0,0,7,5,84.0,1,14.4,19.4,,,72.0,190.0,23.428833333333333,1.0,Southern Mississippi,2020.0,2020.0,PHI,200.0,-25.0,0.20588236
2021,19,00-0036271,Q.Watkins,WR,PHI,TB,0,0,0.0,0,0.0,0.0,0.0,0,0.0,0,7,2,35.0,0,3.5,5.5,,,72.0,190.0,23.428833333333333,1.0,Southern Mississippi,2020.0,2020.0,PHI,200.0,,0.1627907
2021,1,00-0036275,D.Swift,RB,DET,SF,0,0,0.0,0,0.0,0.0,0.0,11,39.0,0,11,8,65.0,1,16.4,24.4,,,69.0,211.0,22.824411764705882,1.0,Georgia,2020.0,2020.0,DET,35.0,-8.0,0.19642857
2021,2,00-0036275,D.Swift,RB,DET,GB,0,0,0.0,0,0.0,0.0,0.0,8,37.0,0,5,4,41.0,0,7.8,11.8,,,69.0,211.0,22.824411764705882,1.0,Georgia,2020.0,2020.0,DET,35.0,,0.14285715
2021,3,00-0036275,D.Swift,RB,DET,BAL,0,1,0.0,0,0.0,0.0,-0.0,14,47.0,1,7,7,60.0,0,16.7,23.7,,,69.0,211.0,22.824411764705882,1.0,Georgia,2020.0,2020.0,DET,35.0,-2.0,0.25
2021,4,00-0036275,D.Swift,RB,DET,CHI,0,0,0.0,0,0.0,0.0,0.0,8,16.0,0,6,4,33.0,0,4.9,8.9,,,69.0,211.0,22.824411764705882,1.0,Georgia,2020.0,2020.0,DET,35.0,,0.16216215
2021,5,00-0036275,D.Swift,RB,DET,MIN,0,0,0.0,0,0.0,0.0,0.0,11,51.0,1,6,6,53.0,0,16.4,22.4,,,69.0,211.0,22.824411764705882,1.0,Georgia,2020.0,2020.0,DET,35.0,,0.19354838
2021,6,00-0036275,D.Swift,RB,DET,CIN,0,0,0.0,0,0.0,0.0,0.0,13,24.0,1,7,5,43.0,0,12.7,17.7,,,69.0,211.0,22.824411764705882,1.0,Georgia,2020.0,2020.0,DET,35.0,-23.0,0.17948718
2021,7,00-0036275,D.Swift,RB,DET,LA,0,0,0.0,0,0.0,0.0,0.0,13,48.0,0,10,8,96.0,1,20.4,28.4,,,69.0,211.0,22.824411764705882,1.0,Georgia,2020.0,2020.0,DET,35.0,,0.3125
2021,8,00-0036275,D.Swift,RB,DET,PHI,0,0,0.0,0,0.0,0.0,0.0,12,27.0,0,5,5,24.0,0,3.1,8.1,,,69.0,211.0,22.824411764705882,1.0,Georgia,2020.0,2020.0,DET,35.0,-38.0,0.15625
2021,10,00-0036275,D.Swift,RB,DET,PIT,0,0,0.0,0,0.0,0.0,0.0,33,130.0,0,6,3,5.0,0,13.5,16.5,,,69.0,211.0,22.824411764705882,1.0,Georgia,2020.0,2020.0,DET,35.0,,0.25
2021,11,00-0036275,D.Swift,RB,DET,CLE,0,0,0.0,0,0.0,0.0,0.0,14,136.0,1,4,3,0.0,0,19.6,22.6,,,69.0,211.0,22.824411764705882,1.0,Georgia,2020.0,2020.0,DET,35.0,,0.17391305
2021,12,00-0036275,D.Swift,RB,DET,CHI,0,0,0.0,0,0.0,0.0,0.0,3,0.0,0,3,3,9.0,0,0.9,3.9,,,69.0,211.0,22.824411764705882,1.0,Georgia,2020.0,2020.0,DET,35.0,-2.0,0.12
2021,17,00-0036275,D.Swift,RB,DET,SEA,0,0,0.0,0,0.0,0.0,0.0,4,32.0,0,3,2,7.0,0,3.9,5.9,,,69.0,211.0,22.824411764705882,1.0,Georgia,2020.0,2020.0,DET,35.0,,0.08108108
2021,18,00-0036275,D.Swift,RB,DET,GB,0,0,0.0,0,0.0,0.0,0.0,7,30.0,1,5,4,16.0,0,10.6,14.6,,,69.0,211.0,22.824411764705882,1.0,Georgia,2020.0,2020.0,DET,35.0,7.0,0.1724138
2021,1,00-0036277,Q.Cephus,WR,DET,SF,0,0,0.0,0,0.0,0.0,0.0,0,0.0,0,6,3,12.0,1,9.2,12.2,,,73.0,205.0,23.612823529411767,1.0,Wisconsin,2020.0,2020.0,DET,166.0,-8.0,0.10714286
2021,2,00-0036277,Q.Cephus,WR,DET,GB,0,0,0.0,0,0.0,0.0,0.0,0,0.0,0,7,4,63.0,1,12.3,16.3,,,73.0,205.0,23.612823529411767,1.0,Wisconsin,2020.0,2020.0,DET,166.0,,0.2
2021,3,00-0036277,Q.Cephus,WR,DET,BAL,0,0,0.0,0,0.0,0.0,0.0,0,0.0,0,1,1,8.0,0,0.8,1.8,,,73.0,205.0,23.612823529411767,1.0,Wisconsin,2020.0,2020.0,DET,166.0,-2.0,0.035714287
2021,4,00-0036277,Q.Cephus,WR,DET,CHI,0,0,0.0,0,0.0,0.0,0.0,0,0.0,0,5,4,83.0,0,8.3,12.3,,,73.0,205.0,23.612823529411767,1.0,Wisconsin,2020.0,2020.0,DET,166.0,,0.13513513
2021,5,00-0036277,Q.Cephus,WR,DET,MIN,0,0,0.0,0,0.0,0.0,0.0,0,0.0,0,3,3,38.0,0,3.8,6.8,,,73.0,205.0,23.612823529411767,1.0,Wisconsin,2020.0,2020.0,DET,166.0,,0.09677419
2021,18,00-0036278,J.Huntley,RB,PHI,DAL,0,0,0.0,0,0.0,0.0,0.0,13,51.0,0,1,0,0.0,0,5.1,5.1,,,69.0,193.0,23.56572222222222,1.0,New Mexico State,2020.0,2020.0,DET,172.0,-25.0,0.029411765
2021,6,00-0036283,K.Robinson,FS,CAR,CAR,0,0,0.0,0,0.0,0.0,0.0,0,0.0,0,0,0,0.0,0,6.0,6.0,,,74.0,202.0,22.836058823529413,1.0,West Virginia,2020.0,2020.0,CAR,152.0,-6.0,
2021,1,00-0036290,C.Kmet,TE,CHI,LA,0,0,0.0,0,0.0,0.0,0.0,0,0.0,0,7,5,42.0,0,4.2,9.2,,,78.0,258.0,22.672823529411765,1.0,Notre Dame,2020.0,2020.0,CHI,43.0,,0.175
2021,2,00-0036290,C.Kmet,TE,CHI,CIN,0,0,0.0,0,0.0,0.0,0.0,0,0.0,0,1,1,0.0,0,0.0,1.0,,,78.0,258.0,22.672823529411765,1.0,Notre Dame,2020.0,2020.0,CHI,43.0,3.0,0.04347826
2021,3,00-0036290,C.Kmet,TE,CHI,CLE,0,0,0.0,0,0.0,0.0,0.0,0,0.0,0,4,1,11.0,0,1.1,2.1,,,78.0,258.0,22.672823529411765,1.0,Notre Dame,2020.0,2020.0,CHI,43.0,,0.2
2021,4,00-0036290,C.Kmet,TE,CHI,DET,0,0,0.0,0,0.0,0.0,0.0,0,0.0,0,3,1,6.0,0,0.6,1.6,,,78.0,258.0,22.672823529411765,1.0,Notre Dame,2020.0,2020.0,CHI,43.0,10.0,0.1764706
2021,5,00-0036290,C.Kmet,TE,CHI,LV,0,0,0.0,0,0.0,0.0,0.0,0,0.0,0,4,2,22.0,0,2.2,4.2,,,78.0,258.0,22.672823529411765,1.0,Notre Dame,2020.0,2020.0,CHI,43.0,,0.2
2021,6,00-0036290,C.Kmet,TE,CHI,GB,0,0,0.0,0,0.0,0.0,0.0,1,0.0,0,5,4,49.0,0,4.9,8.9,,,78.0,258.0,22.672823529411765,1.0,Notre Dame,2020.0,2020.0,CHI,43.0,-10.0,0.2
2021,7,00-0036290,C.Kmet,TE,CHI,TB,0,0,0.0,0,0.0,0.0,0.0,0,0.0,0,6,5,43.0,0,4.3,9.3,,,78.0,258.0,22.672823529411765,1.0,Notre Dame,2020.0,2020.0,CHI,43.0,,0.19354838
2021,8,00-0036290,C.Kmet,TE,CHI,SF,0,0,0.0,0,0.0,0.0,0.0,0,0.0,0,6,3,24.0,0,2.4,5.4,,,78.0,258.0,22.672823529411765,1.0,Notre Dame,2020.0,2020.0,CHI,43.0,-11.0,0.22222222
2021,9,00-0036290,C.Kmet,TE,CHI,PIT,0,0,0.0,0,0.0,0.0,0.0,0,0.0,0,8,6,87.0,0,8.7,14.7,,,78.0,258.0,22.672823529411765,1.0,Notre Dame,2020.0,2020.0,CHI,43.0,,0.27586207
2021,11,00-0036290,C.Kmet,TE,CHI,BAL,0,0,0.0,0,0.0,0.0,0.0,0,0.0,0,2,1,12.0,0,1.2,2.2,,,78.0,258.0,22.672823529411765,1.0,Notre Dame,2020.0,2020.0,CHI,43.0,-3.0,0.060606062
2021,12,00-0036290,C.Kmet,TE,CHI,DET,0,0,0.0,0,0.0,0.0,0.0,0,0.0,0,11,8,65.0,0,6.5,14.5,,,78.0,258.0,22.672823529411765,1.0,Notre Dame,2020.0,2020.0,CHI,43.0,,0.2972973
2021,13,00-0036290,C.Kmet,TE,CHI,ARI,0,0,0.0,0,0.0,0.0,0.0,0,0.0,0,7,3,41.0,0,4.1,7.1,,,78.0,258.0,22.672823529411765,1.0,Notre Dame,2020.0,2020.0,CHI,43.0,-11.0,0.175
2021,14,00-0036290,C.Kmet,TE,CHI,GB,0,0,0.0,0,0.0,0.0,0.0,0,0.0,0,5,3,17.0,0,1.7,4.7,,,78.0,258.0,22.672823529411765,1.0,Notre Dame,2020.0,2020.0,CHI,43.0,,0.15625
2021,15,00-0036290,C.Kmet,TE,CHI,MIN,0,0,0.0,0,0.0,0.0,0.0,0,0.0,0,9,6,71.0,0,7.1,13.1,,,78.0,258.0,22.672823529411765,1.0,Notre Dame,2020.0,2020.0,CHI,43.0,-8.0,0.25
2021,16,00-0036290,C.Kmet,TE,CHI,SEA,0,0,0.0,0,0.0,0.0,0.0,0,0.0,0,5,4,49.0,0,4.9,8.9,,,78.0,258.0,22.672823529411765,1.0,Notre Dame,2020.0,2020.0,CHI,43.0,,0.14285715
2021,17,00-0036290,C.Kmet,TE,CHI,NYG,0,0,0.0,0,0.0,0.0,0.0,0,0.0,0,5,3,25.0,0,2.5,5.5,,,78.0,258.0,22.672823529411765,1.0,Notre Dame,2020.0,2020.0,CHI,43.0,26.0,0.15151516
2021,18,00-0036290,C.Kmet,TE,CHI,MIN,0,0,0.0,0,0.0,0.0,0.0,0,0.0,0,5,4,48.0,0,4.8,8.8,,,78.0,258.0,22.672823529411765,1.0,Notre Dame,2020.0,2020.0,CHI,43.0,,0.10869565
2021,7,00-0036297,D.Evans,RB,TEN,KC,0,0,0.0,0,0.0,0.0,0.0,2,7.0,0,2,2,11.0,0,1.8,3.8,,,70.0,200.0,23.3485,1.0,Appalachian State,2020.0,2020.0,TEN,93.0,24.0,0.074074075
2021,12,00-0036308,I.Coulter,WR,CHI,DET,0,0,0.0,0,0.0,0.0,0.0,0,0.0,0,1,0,0.0,0,0.0,0.0,,,74.0,190.0,23.14635294117647,1.0,Rhode Island,2020.0,2020.0,HOU,171.0,,0.027027028
2021,1,00-0036309,D.Mooney,WR,CHI,LA,0,0,0.0,0,0.0,0.0,0.0,0,0.0,0,7,5,26.0,0,2.6,7.6,,,71.0,172.0,24.03335294117647,1.0,Tulane,2020.0,2020.0,CHI,173.0,,0.175
2021,2,00-0036309,D.Mooney,WR,CHI,CIN,0,0,0.0,0,0.0,0.0,0.0,0,0.0,0,8,6,66.0,0,6.6,12.6,,,71.0,172.0,24.03335294117647,1.0,Tulane,2020.0,2020.0,CHI,173.0,3.0,0.3478261
2021,3,00-0036309,D.Mooney,WR,CHI,CLE,0,0,0.0,0,0.0,0.0,0.0,0,0.0,0,4,1,9.0,0,0.9,1.9,,,71.0,172.0,24.03335294117647,1.0,Tulane,2020.0,2020.0,CHI,173.0,,0.2
2021,4,00-0036309,D.Mooney,WR,CHI,DET,0,0,0.0,0,0.0,0.0,0.0,1,10.0,0,7,5,125.0,0,13.5,18.5,,,71.0,172.0,24.03335294117647,1.0,Tulane,2020.0,2020.0,CHI,173.0,10.0,0.4117647
2021,5,00-0036309,D.Mooney,WR,CHI,LV,0,0,0.0,0,0.0,0.0,0.0,0,0.0,0,5,3,35.0,0,3.5,6.5,,,71.0,172.0,24.03335294117647,1.0,Tulane,2020.0,2020.0,CHI,173.0,,0.25
2021,6,00-0036309,D.Mooney,WR,CHI,GB,0,0,0.0,0,0.0,0.0,0.0,0,0.0,0,8,5,45.0,1,10.5,15.5,,,71.0,172.0,24.03335294117647,1.0,Tulane,2020.0,2020.0,CHI,173.0,-10.0,0.32
2021,7,00-0036309,D.Mooney,WR,CHI,TB,0,0,0.0,0,0.0,0.0,0.0,0,0.0,0,5,2,39.0,0,3.9,5.9,,,71.0,172.0,24.03335294117647,1.0,Tulane,2020.0,2020.0,CHI,173.0,,0.16129032
2021,8,00-0036309,D.Mooney,WR,CHI,SF,0,0,0.0,0,0.0,0.0,0.0,0,0.0,0,9,6,64.0,0,6.4,12.4,,,71.0,172.0,24.03335294117647,1.0,Tulane,2020.0,2020.0,CHI,173.0,-11.0,0.33333334
2021,9,00-0036309,D.Mooney,WR,CHI,PIT,0,0,0.0,0,0.0,0.0,0.0,1,15.0,1,6,3,41.0,1,17.6,20.6,,,71.0,172.0,24.03335294117647,1.0,Tulane,2020.0,2020.0,CHI,173.0,,0.20689656
2021,11,00-0036309,D.Mooney,WR,CHI,BAL,0,0,0.0,0,0.0,0.0,0.0,0,0.0,0,16,5,121.0,1,18.1,23.1,,,71.0,172.0,24.03335294117647,1.0,Tulane,2020.0,2020.0,CHI,173.0,-3.0,0.4848485
2021,12,00-0036309,D.Mooney,WR,CHI,DET,0,0,0.0,0,0.0,0.0,0.0,1,2.0,0,8,5,123.0,0,12.5,17.5,,,71.0,172.0,24.03335294117647,1.0,Tulane,2020.0,2020.0,CHI,173.0,,0.21621622
2021,13,00-0036309,D.Mooney,WR,CHI,ARI,0,0,0.0,0,0.0,0.0,0.0,0,0.0,0,7,5,27.0,0,2.7,7.7,,,71.0,172.0,24.03335294117647,1.0,Tulane,2020.0,2020.0,CHI,173.0,-11.0,0.175
2021,14,00-0036309,D.Mooney,WR,CHI,GB,0,0,0.0,0,0.0,0.0,0.0,0,0.0,0,5,1,19.0,0,1.9,2.9,,,71.0,172.0,24.03335294117647,1.0,Tulane,2020.0,2020.0,CHI,173.0,,0.15625
2021,15,00-0036309,D.Mooney,WR,CHI,MIN,0,0,0.0,0,0.0,0.0,0.0,1,3.0,0,7,5,63.0,0,6.6,11.6,,,71.0,172.0,24.03335294117647,1.0,Tulane,2020.0,2020.0,CHI,173.0,-8.0,0.19444445
2021,16,00-0036309,D.Mooney,WR,CHI,SEA,0,0,0.0,0,0.0,0.0,0.0,2,2.0,0,9,5,57.0,0,5.9,10.9,,,71.0,172.0,24.03335294117647,1.0,Tulane,2020.0,2020.0,CHI,173.0,,0.25714287
2021,17,00-0036309,D.Mooney,WR,CHI,NYG,0,0,0.0,0,0.0,0.0,0.0,0,0.0,0,13,7,69.0,1,12.9,19.9,,,71.0,172.0,24.03335294117647,1.0,Tulane,2020.0,2020.0,CHI,173.0,26.0,0.3939394
2021,18,00-0036309,D.Mooney,WR,CHI,MIN,0,0,0.0,0,0.0,0.0,0.0,0,0.0,0,16,12,126.0,0,12.6,24.6,,,71.0,172.0,24.03335294117647,1.0,Tulane,2020.0,2020.0,CHI,173.0,,0.3478261
2021,16,00-0036313,B.Mann,P,NYJ,JAX,0,0,0.0,0,0.0,0.0,0.0,1,4.0,0,0,0,0.0,0,0.4,0.4,,,71.0,190.0,23.966470588235296,1.0,Texas A&amp;M,2020.0,2020.0,NYJ,191.0,5.0,
2021,1,00-0036322,J.Jefferson,WR,MIN,CIN,1,1,11.0,0,0.0,0.0,-0.0,0,0.0,0,9,5,71.0,0,7.54,12.54,,,73.0,192.0,22.407647058823528,1.0,Louisiana State,2020.0,2020.0,MIN,22.0,,0.19148937
2021,2,00-0036322,J.Jefferson,WR,MIN,ARI,0,0,0.0,0,0.0,0.0,0.0,0,0.0,0,10,6,65.0,1,12.5,18.5,,,73.0,192.0,22.407647058823528,1.0,Louisiana State,2020.0,2020.0,MIN,22.0,,0.3125
2021,3,00-0036322,J.Jefferson,WR,MIN,SEA,0,0,0.0,0,0.0,0.0,0.0,0,0.0,0,11,9,118.0,1,17.8,26.8,,,73.0,192.0,22.407647058823528,1.0,Louisiana State,2020.0,2020.0,MIN,22.0,13.0,0.28947368
2021,4,00-0036322,J.Jefferson,WR,MIN,CLE,0,0,0.0,0,0.0,0.0,0.0,0,0.0,0,7,6,84.0,1,14.4,20.4,,,73.0,192.0,22.407647058823528,1.0,Louisiana State,2020.0,2020.0,MIN,22.0,-7.0,0.19444445
2021,5,00-0036322,J.Jefferson,WR,MIN,DET,0,0,0.0,0,0.0,0.0,0.0,0,0.0,0,8,7,124.0,0,12.4,19.4,,,73.0,192.0,22.407647058823528,1.0,Louisiana State,2020.0,2020.0,MIN,22.0,2.0,0.2580645
2021,6,00-0036322,J.Jefferson,WR,MIN,CAR,0,0,0.0,0,0.0,0.0,0.0,0,0.0,0,14,8,80.0,0,6.0,14.0,,,73.0,192.0,22.407647058823528,1.0,Louisiana State,2020.0,2020.0,MIN,22.0,,0.31111112
2021,8,00-0036322,J.Jefferson,WR,MIN,DAL,0,1,0.0,0,0.0,0.0,-0.0,0,0.0,0,4,2,21.0,0,2.1,4.1,,,73.0,192.0,22.407647058823528,1.0,Louisiana State,2020.0,2020.0,MIN,22.0,-4.0,0.121212125
2021,9,00-0036322,J.Jefferson,WR,MIN,BAL,0,0,0.0,0,0.0,0.0,0.0,1,11.0,0,5,3,69.0,1,14.0,17.0,,,73.0,192.0,22.407647058823528,1.0,Louisiana State,2020.0,2020.0,MIN,22.0,,0.17857143
2021,10,00-0036322,J.Jefferson,WR,MIN,LAC,0,0,0.0,0,0.0,0.0,0.0,1,-4.0,0,11,9,143.0,0,13.9,22.9,,,73.0,192.0,22.407647058823528,1.0,Louisiana State,2020.0,2020.0,MIN,22.0,,0.31428573
2021,11,00-0036322,J.Jefferson,WR,MIN,GB,0,0,0.0,0,0.0,0.0,0.0,1,3.0,0,10,8,169.0,2,29.2,37.2,,,73.0,192.0,22.407647058823528,1.0,Louisiana State,2020.0,2020.0,MIN,22.0,3.0,0.29411766
2021,12,00-0036322,J.Jefferson,WR,MIN,SF,1,1,24.0,0,0.0,0.0,-0.0,0,0.0,0,9,4,83.0,0,9.26,13.26,,,73.0,192.0,22.407647058823528,1.0,Louisiana State,2020.0,2020.0,MIN,22.0,,0.28125
2021,13,00-0036322,J.Jefferson,WR,MIN,DET,0,1,0.0,0,0.0,0.0,-0.0,1,4.0,0,14,11,182.0,1,24.6,35.6,,,73.0,192.0,22.407647058823528,1.0,Louisiana State,2020.0,2020.0,MIN,22.0,,0.34146342
2021,14,00-0036322,J.Jefferson,WR,MIN,PIT,0,0,0.0,0,0.0,0.0,0.0,1,-4.0,0,15,7,79.0,1,13.5,20.5,,,73.0,192.0,22.407647058823528,1.0,Louisiana State,2020.0,2020.0,MIN,22.0,8.0,0.48387095
2021,15,00-0036322,J.Jefferson,WR,MIN,CHI,0,0,0.0,0,0.0,0.0,0.0,0,0.0,0,10,4,47.0,1,10.7,14.7,,,73.0,192.0,22.407647058823528,1.0,Louisiana State,2020.0,2020.0,MIN,22.0,,0.45454547
2021,16,00-0036322,J.Jefferson,WR,MIN,LA,0,0,0.0,0,0.0,0.0,0.0,0,0.0,0,12,8,116.0,0,11.6,19.6,,,73.0,192.0,22.407647058823528,1.0,Louisiana State,2020.0,2020.0,MIN,22.0,-7.0,0.34285715
2021,17,00-0036322,J.Jefferson,WR,MIN,GB,0,0,0.0,0,0.0,0.0,0.0,0,0.0,0,11,6,58.0,0,5.8,11.8,,,73.0,192.0,22.407647058823528,1.0,Louisiana State,2020.0,2020.0,MIN,22.0,,0.2972973
2021,18,00-0036322,J.Jefferson,WR,MIN,CHI,0,0,0.0,0,0.0,0.0,0.0,1,4.0,0,7,5,107.0,1,17.1,22.1,,,73.0,192.0,22.407647058823528,1.0,Louisiana State,2020.0,2020.0,MIN,22.0,14.0,0.33333334
2021,1,00-0036326,C.Claypool,WR,PIT,BUF,0,0,0.0,0,0.0,0.0,0.0,1,25.0,0,5,3,45.0,0,7.0,10.0,,,76.0,227.0,23.35961111111111,1.0,Notre Dame,2020.0,2020.0,PIT,49.0,,0.15625
2021,2,00-0036326,C.Claypool,WR,PIT,LV,0,0,0.0,0,0.0,0.0,0.0,1,-3.0,0,9,3,70.0,0,6.7,9.7,,,76.0,227.0,23.35961111111111,1.0,Notre Dame,2020.0,2020.0,PIT,49.0,-9.0,0.225
2021,3,00-0036326,C.Claypool,WR,PIT,CIN,0,0,0.0,0,0.0,0.0,0.0,0,0.0,0,15,9,96.0,0,9.6,18.6,,,76.0,227.0,23.35961111111111,1.0,Notre Dame,2020.0,2020.0,PIT,49.0,-14.0,0.25862068
2021,5,00-0036326,C.Claypool,WR,PIT,DEN,0,0,0.0,0,0.0,0.0,0.0,0,0.0,0,6,5,130.0,1,19.0,24.0,,,76.0,227.0,23.35961111111111,1.0,Notre Dame,2020.0,2020.0,PIT,49.0,8.0,0.24
2021,6,00-0036326,C.Claypool,WR,PIT,SEA,0,0,0.0,0,0.0,0.0,0.0,0,0.0,0,7,2,17.0,0,1.7,3.7,,,76.0,227.0,23.35961111111111,1.0,Notre Dame,2020.0,2020.0,PIT,49.0,3.0,0.17948718
2021,8,00-0036326,C.Claypool,WR,PIT,CLE,0,0,0.0,0,0.0,0.0,0.0,2,16.0,0,5,4,45.0,0,6.1,10.1,,,76.0,227.0,23.35961111111111,1.0,Notre Dame,2020.0,2020.0,PIT,49.0,,0.14285715
2021,9,00-0036326,C.Claypool,WR,PIT,CHI,0,0,0.0,0,0.0,0.0,0.0,2,13.0,0,5,3,30.0,0,4.3,7.3,,,76.0,227.0,23.35961111111111,1.0,Notre Dame,2020.0,2020.0,PIT,49.0,2.0,0.18518518
2021,11,00-0036326,C.Claypool,WR,PIT,LAC,0,0,0.0,0,0.0,0.0,0.0,2,1.0,0,9,5,93.0,0,9.4,14.4,,,76.0,227.0,23.35961111111111,1.0,Notre Dame,2020.0,2020.0,PIT,49.0,,0.20454545
2021,12,00-0036326,C.Claypool,WR,PIT,CIN,0,0,0.0,0,0.0,0.0,0.0,0,0.0,0,8,3,82.0,0,8.2,11.2,,,76.0,227.0,23.35961111111111,1.0,Notre Dame,2020.0,2020.0,PIT,49.0,,0.20512821
2021,13,00-0036326,C.Claypool,WR,PIT,BAL,0,0,0.0,0,0.0,0.0,0.0,1,2.0,0,3,2,52.0,0,5.4,7.4,,,76.0,227.0,23.35961111111111,1.0,Notre Dame,2020.0,2020.0,PIT,49.0,1.0,0.1
2021,14,00-0036326,C.Claypool,WR,PIT,MIN,0,0,0.0,0,0.0,0.0,0.0,1,2.0,0,9,8,93.0,0,9.5,17.5,,,76.0,227.0,23.35961111111111,1.0,Notre Dame,2020.0,2020.0,PIT,49.0,,0.23076923
2021,15,00-0036326,C.Claypool,WR,PIT,TEN,0,0,0.0,0,0.0,0.0,0.0,1,7.0,0,2,0,12.0,0,1.9,1.9,,,76.0,227.0,23.35961111111111,1.0,Notre Dame,2020.0,2020.0,PIT,49.0,6.0,0.08
2021,16,00-0036326,C.Claypool,WR,PIT,KC,0,0,0.0,0,0.0,0.0,0.0,0,0.0,0,6,4,41.0,0,4.1,8.1,,,76.0,227.0,23.35961111111111,1.0,Notre Dame,2020.0,2020.0,PIT,49.0,,0.14285715
2021,17,00-0036326,C.Claypool,WR,PIT,CLE,0,0,0.0,0,0.0,0.0,0.0,0,0.0,0,9,3,17.0,0,1.7,4.7,,,76.0,227.0,23.35961111111111,1.0,Notre Dame,2020.0,2020.0,PIT,49.0,12.0,0.19565217
2021,18,00-0036326,C.Claypool,WR,PIT,BAL,0,0,0.0,0,0.0,0.0,0.0,3,33.0,0,7,5,37.0,1,13.0,18.0,,,76.0,227.0,23.35961111111111,1.0,Notre Dame,2020.0,2020.0,PIT,49.0,,0.1590909
2021,19,00-0036326,C.Claypool,WR,PIT,KC,0,0,0.0,0,0.0,0.0,0.0,0,0.0,0,7,3,25.0,0,2.5,5.5,,,76.0,227.0,23.35961111111111,1.0,Notre Dame,2020.0,2020.0,PIT,49.0,,0.1590909
2021,1,00-0036328,A.Gibson,RB,WAS,LAC,0,0,0.0,0,0.0,0.0,0.0,20,90.0,0,5,3,18.0,0,8.8,11.8,,,74.0,221.0,23.385823529411766,1.0,Memphis,2020.0,2020.0,WAS,66.0,-4.0,0.25
2021,2,00-0036328,A.Gibson,RB,WAS,NYG,0,0,0.0,0,0.0,0.0,0.0,13,69.0,0,2,2,4.0,0,7.3,9.3,,,74.0,221.0,23.385823529411766,1.0,Memphis,2020.0,2020.0,WAS,66.0,1.0,0.045454547
2021,3,00-0036328,A.Gibson,RB,WAS,BUF,0,0,0.0,0,0.0,0.0,0.0,12,31.0,0,2,1,73.0,1,16.4,17.4,,,74.0,221.0,23.385823529411766,1.0,Memphis,2020.0,2020.0,WAS,66.0,,0.083333336
2021,4,00-0036328,A.Gibson,RB,WAS,ATL,0,0,0.0,0,0.0,0.0,0.0,14,63.0,1,2,2,12.0,0,13.5,15.5,,,74.0,221.0,23.385823529411766,1.0,Memphis,2020.0,2020.0,WAS,66.0,,0.060606062
2021,5,00-0036328,A.Gibson,RB,WAS,NO,0,0,0.0,0,0.0,0.0,0.0,20,60.0,2,2,2,12.0,0,19.2,21.2,,,74.0,221.0,23.385823529411766,1.0,Memphis,2020.0,2020.0,WAS,66.0,-11.0,0.048780486
2021,6,00-0036328,A.Gibson,RB,WAS,KC,0,0,0.0,0,0.0,0.0,0.0,10,44.0,0,3,2,0.0,0,2.4,4.4,,,74.0,221.0,23.385823529411766,1.0,Memphis,2020.0,2020.0,WAS,66.0,-18.0,0.07692308
2021,7,00-0036328,A.Gibson,RB,WAS,GB,0,0,0.0,0,0.0,0.0,0.0,14,51.0,0,2,2,5.0,0,5.6,7.6,,,74.0,221.0,23.385823529411766,1.0,Memphis,2020.0,2020.0,WAS,66.0,,0.055555556
2021,8,00-0036328,A.Gibson,RB,WAS,DEN,0,0,0.0,0,0.0,0.0,0.0,8,34.0,0,3,3,20.0,0,5.4,8.4,,,74.0,221.0,23.385823529411766,1.0,Memphis,2020.0,2020.0,WAS,66.0,,0.08108108
2021,10,00-0036328,A.Gibson,RB,WAS,TB,0,0,0.0,0,0.0,0.0,0.0,24,64.0,2,2,2,14.0,0,19.8,21.8,,,74.0,221.0,23.385823529411766,1.0,Memphis,2020.0,2020.0,WAS,66.0,10.0,0.0625
2021,11,00-0036328,A.Gibson,RB,WAS,CAR,0,0,0.0,0,0.0,0.0,0.0,19,95.0,0,0,0,0.0,0,7.5,7.5,,,74.0,221.0,23.385823529411766,1.0,Memphis,2020.0,2020.0,WAS,66.0,,
2021,12,00-0036328,A.Gibson,RB,WAS,SEA,0,0,0.0,0,0.0,0.0,0.0,29,111.0,0,7,7,35.0,0,16.6,23.6,,,74.0,221.0,23.385823529411766,1.0,Memphis,2020.0,2020.0,WAS,66.0,2.0,0.20588236
2021,13,00-0036328,A.Gibson,RB,WAS,LV,0,0,0.0,0,0.0,0.0,0.0,23,88.0,0,6,5,23.0,1,17.1,22.1,,,74.0,221.0,23.385823529411766,1.0,Memphis,2020.0,2020.0,WAS,66.0,,0.2
2021,14,00-0036328,A.Gibson,RB,WAS,DAL,0,0,0.0,0,0.0,0.0,0.0,10,36.0,0,2,2,5.0,0,2.1,4.1,,,74.0,221.0,23.385823529411766,1.0,Memphis,2020.0,2020.0,WAS,66.0,-7.0,0.060606062
2021,15,00-0036328,A.Gibson,RB,WAS,PHI,0,0,0.0,0,0.0,0.0,0.0,15,26.0,1,7,6,39.0,0,12.5,18.5,,,74.0,221.0,23.385823529411766,1.0,Memphis,2020.0,2020.0,WAS,66.0,,0.23333333
2021,16,00-0036328,A.Gibson,RB,WAS,DAL,0,0,0.0,0,0.0,0.0,0.0,6,29.0,0,4,2,29.0,1,11.8,13.8,,,74.0,221.0,23.385823529411766,1.0,Memphis,2020.0,2020.0,WAS,66.0,,0.13333334
2021,18,00-0036328,A.Gibson,RB,WAS,NYG,0,0,0.0,0,0.0,0.0,0.0,21,146.0,1,3,1,5.0,0,21.1,22.1,,,74.0,221.0,23.385823529411766,1.0,Memphis,2020.0,2020.0,WAS,66.0,,0.1764706
2021,1,00-0036331,D.Duvernay,WR,BAL,LV,0,0,0.0,0,0.0,0.0,0.0,0,0.0,0,2,1,6.0,0,0.6,1.6,,,71.0,210.0,24.16435294117647,1.0,Texas,2020.0,2020.0,BAL,92.0,,0.06896552
2021,3,00-0036331,D.Duvernay,WR,BAL,DET,0,0,0.0,0,0.0,0.0,0.0,0,0.0,0,3,2,22.0,1,8.2,10.2,,,71.0,210.0,24.16435294117647,1.0,Texas,2020.0,2020.0,BAL,92.0,,0.11111111
2021,4,00-0036331,D.Duvernay,WR,BAL,DEN,0,0,0.0,0,0.0,0.0,0.0,0,0.0,0,6,3,31.0,0,3.1,6.1,,,71.0,210.0,24.16435294117647,1.0,Texas,2020.0,2020.0,BAL,92.0,,0.17142858
2021,5,00-0036331,D.Duvernay,WR,BAL,IND,0,0,0.0,0,0.0,0.0,0.0,0,0.0,0,4,4,45.0,0,4.5,8.5,,,71.0,210.0,24.16435294117647,1.0,Texas,2020.0,2020.0,BAL,92.0,6.0,0.093023255
2021,6,00-0036331,D.Duvernay,WR,BAL,LAC,0,0,0.0,0,0.0,0.0,0.0,1,11.0,0,3,2,15.0,0,2.6,4.6,,,71.0,210.0,24.16435294117647,1.0,Texas,2020.0,2020.0,BAL,92.0,28.0,0.11111111
2021,7,00-0036331,D.Duvernay,WR,BAL,CIN,0,0,0.0,0,0.0,0.0,0.0,1,-2.0,0,1,1,11.0,0,0.9,1.9,,,71.0,210.0,24.16435294117647,1.0,Texas,2020.0,2020.0,BAL,92.0,-24.0,0.024390243
2021,9,00-0036331,D.Duvernay,WR,BAL,MIN,0,0,0.0,0,0.0,0.0,0.0,0,0.0,0,2,2,8.0,1,6.8,8.8,,,71.0,210.0,24.16435294117647,1.0,Texas,2020.0,2020.0,BAL,92.0,3.0,0.048780486
2021,10,00-0036331,D.Duvernay,WR,BAL,MIA,0,0,0.0,0,0.0,0.0,0.0,1,19.0,0,4,4,28.0,0,4.7,8.7,,,71.0,210.0,24.16435294117647,1.0,Texas,2020.0,2020.0,BAL,92.0,,0.09756097
2021,11,00-0036331,D.Duvernay,WR,BAL,CHI,0,0,0.0,0,0.0,0.0,0.0,0,0.0,0,6,4,37.0,0,3.7,7.7,,,71.0,210.0,24.16435294117647,1.0,Texas,2020.0,2020.0,BAL,92.0,,0.16666667
2021,12,00-0036331,D.Duvernay,WR,BAL,CLE,0,0,0.0,0,0.0,0.0,0.0,1,13.0,0,2,1,2.0,0,1.5,2.5,,,71.0,210.0,24.16435294117647,1.0,Texas,2020.0,2020.0,BAL,92.0,6.0,0.0625
2021,13,00-0036331,D.Duvernay,WR,BAL,PIT,0,0,0.0,0,0.0,0.0,0.0,0,0.0,0,3,2,21.0,0,2.1,4.1,,,71.0,210.0,24.16435294117647,1.0,Texas,2020.0,2020.0,BAL,92.0,,0.08108108
2021,14,00-0036331,D.Duvernay,WR,BAL,CLE,0,0,0.0,0,0.0,0.0,0.0,1,3.0,0,5,2,14.0,0,1.7,3.7,,,71.0,210.0,24.16435294117647,1.0,Texas,2020.0,2020.0,BAL,92.0,,0.125
2021,15,00-0036331,D.Duvernay,WR,BAL,GB,0,0,0.0,0,0.0,0.0,0.0,0,0.0,0,3,3,13.0,0,1.3,4.3,,,71.0,210.0,24.16435294117647,1.0,Texas,2020.0,2020.0,BAL,92.0,-1.0,0.07692308
2021,17,00-0036331,D.Duvernay,WR,BAL,LA,0,0,0.0,0,0.0,0.0,0.0,1,4.0,0,3,2,19.0,0,2.3,4.3,,,71.0,210.0,24.16435294117647,1.0,Texas,2020.0,2020.0,BAL,92.0,-1.0,0.10344828
2021,18,00-0036331,D.Duvernay,WR,BAL,PIT,0,0,0.0,0,0.0,0.0,0.0,1,2.0,0,0,0,0.0,0,0.2,0.2,,,71.0,210.0,24.16435294117647,1.0,Texas,2020.0,2020.0,BAL,92.0,-3.0,
2021,3,00-0036332,J.Deguara,TE,GB,SF,0,0,0.0,0,0.0,0.0,0.0,0,0.0,0,1,1,4.0,0,0.4,1.4,,,74.0,240.0,24.744722222222222,1.0,Cincinnati,2020.0,2020.0,GB,94.0,,0.032258064
2021,6,00-0036332,J.Deguara,TE,GB,CHI,0,0,0.0,0,0.0,0.0,0.0,0,0.0,0,1,1,4.0,0,0.4,1.4,,,74.0,240.0,24.744722222222222,1.0,Cincinnati,2020.0,2020.0,GB,94.0,,0.04761905
2021,8,00-0036332,J.Deguara,TE,GB,ARI,0,0,0.0,0,0.0,0.0,0.0,0,0.0,0,2,2,20.0,0,2.0,4.0,,,74.0,240.0,24.744722222222222,1.0,Cincinnati,2020.0,2020.0,GB,94.0,,0.057142857
2021,9,00-0036332,J.Deguara,TE,GB,KC,0,0,0.0,0,0.0,0.0,0.0,0,0.0,0,2,2,16.0,0,1.6,3.6,,,74.0,240.0,24.744722222222222,1.0,Cincinnati,2020.0,2020.0,GB,94.0,,0.0625
2021,10,00-0036332,J.Deguara,TE,GB,SEA,0,0,0.0,0,0.0,0.0,0.0,0,0.0,0,3,2,9.0,0,0.9,2.9,,,74.0,240.0,24.744722222222222,1.0,Cincinnati,2020.0,2020.0,GB,94.0,17.0,0.08571429
2021,11,00-0036332,J.Deguara,TE,GB,MIN,0,0,0.0,0,0.0,0.0,0.0,0,0.0,0,2,2,37.0,1,9.7,11.7,,,74.0,240.0,24.744722222222222,1.0,Cincinnati,2020.0,2020.0,GB,94.0,,0.06451613
2021,12,00-0036332,J.Deguara,TE,GB,LA,0,0,0.0,0,0.0,0.0,0.0,0,0.0,0,4,2,13.0,0,1.3,3.3,,,74.0,240.0,24.744722222222222,1.0,Cincinnati,2020.0,2020.0,GB,94.0,8.0,0.09090909
2021,14,00-0036332,J.Deguara,TE,GB,CHI,0,0,0.0,0,0.0,0.0,0.0,0,0.0,0,3,3,44.0,0,4.4,7.4,,,74.0,240.0,24.744722222222222,1.0,Cincinnati,2020.0,2020.0,GB,94.0,15.0,0.08571429
2021,15,00-0036332,J.Deguara,TE,GB,BAL,0,0,0.0,0,0.0,0.0,0.0,0,0.0,0,5,3,16.0,0,1.6,4.6,,,74.0,240.0,24.744722222222222,1.0,Cincinnati,2020.0,2020.0,GB,94.0,,0.16129032
2021,16,00-0036332,J.Deguara,TE,GB,CLE,0,0,0.0,0,0.0,0.0,0.0,0,0.0,0,3,2,5.0,0,0.5,2.5,,,74.0,240.0,24.744722222222222,1.0,Cincinnati,2020.0,2020.0,GB,94.0,2.0,0.0882353
2021,17,00-0036332,J.Deguara,TE,GB,MIN,0,0,0.0,0,0.0,0.0,0.0,0,0.0,0,3,2,11.0,0,1.1,3.1,,,74.0,240.0,24.744722222222222,1.0,Cincinnati,2020.0,2020.0,GB,94.0,27.0,0.071428575
2021,18,00-0036332,J.Deguara,TE,GB,DET,0,0,0.0,0,0.0,0.0,0.0,0,0.0,0,4,3,66.0,1,12.6,15.6,,,74.0,240.0,24.744722222222222,1.0,Cincinnati,2020.0,2020.0,GB,94.0,,0.114285715
2021,20,00-0036332,J.Deguara,TE,GB,SF,0,0,0.0,0,0.0,0.0,0.0,0,0.0,0,1,0,0.0,0,0.0,0.0,,,74.0,240.0,24.744722222222222,1.0,Cincinnati,2020.0,2020.0,GB,94.0,-3.0,0.037037037
2021,8,00-0036336,A.McFarland,RB,PIT,CLE,0,0,0.0,0,0.0,0.0,0.0,1,1.0,0,0,0,0.0,0,0.1,0.1,,,68.0,198.0,22.70261111111111,1.0,Maryland,2020.0,2020.0,PIT,124.0,,
2021,12,00-0036336,A.McFarland,RB,PIT,CIN,0,0,0.0,0,0.0,0.0,0.0,2,2.0,0,1,1,11.0,0,1.3,2.3,,,68.0,198.0,22.70261111111111,1.0,Maryland,2020.0,2020.0,PIT,124.0,,0.025641026
2021,1,00-0036345,K.Osborn,WR,MIN,CIN,0,0,0.0,0,0.0,0.0,0.0,0,0.0,0,9,7,76.0,0,7.6,14.6,,,71.0,200.0,24.422764705882354,1.0,Miami,2020.0,2020.0,MIN,176.0,,0.19148937
2021,2,00-0036345,K.Osborn,WR,MIN,ARI,0,0,0.0,0,0.0,0.0,0.0,0,0.0,0,6,5,91.0,1,15.1,20.1,,,71.0,200.0,24.422764705882354,1.0,Miami,2020.0,2020.0,MIN,176.0,,0.1875
2021,3,00-0036345,K.Osborn,WR,MIN,SEA,0,0,0.0,0,0.0,0.0,0.0,0,0.0,0,2,2,26.0,0,2.6,4.6,,,71.0,200.0,24.422764705882354,1.0,Miami,2020.0,2020.0,MIN,176.0,13.0,0.05263158
2021,4,00-0036345,K.Osborn,WR,MIN,CLE,0,0,0.0,0,0.0,0.0,0.0,1,10.0,0,7,3,26.0,0,3.6,6.6,,,71.0,200.0,24.422764705882354,1.0,Miami,2020.0,2020.0,MIN,176.0,-7.0,0.19444445
2021,5,00-0036345,K.Osborn,WR,MIN,DET,0,0,0.0,0,0.0,0.0,0.0,0,0.0,0,4,3,14.0,0,1.4,4.4,,,71.0,200.0,24.422764705882354,1.0,Miami,2020.0,2020.0,MIN,176.0,2.0,0.12903225
2021,6,00-0036345,K.Osborn,WR,MIN,CAR,0,0,0.0,0,0.0,0.0,0.0,0,0.0,0,7,6,78.0,1,13.8,19.8,,,71.0,200.0,24.422764705882354,1.0,Miami,2020.0,2020.0,MIN,176.0,,0.15555556
2021,8,00-0036345,K.Osborn,WR,MIN,DAL,0,0,0.0,0,0.0,0.0,0.0,0,0.0,0,3,2,10.0,0,1.0,3.0,,,71.0,200.0,24.422764705882354,1.0,Miami,2020.0,2020.0,MIN,176.0,-4.0,0.09090909
2021,9,00-0036345,K.Osborn,WR,MIN,BAL,0,0,0.0,0,0.0,0.0,0.0,0,0.0,0,2,1,20.0,0,2.0,3.0,,,71.0,200.0,24.422764705882354,1.0,Miami,2020.0,2020.0,MIN,176.0,,0.071428575
2021,10,00-0036345,K.Osborn,WR,MIN,LAC,0,0,0.0,0,0.0,0.0,0.0,0,0.0,0,1,0,0.0,0,0.0,0.0,,,71.0,200.0,24.422764705882354,1.0,Miami,2020.0,2020.0,MIN,176.0,,0.028571429
2021,11,00-0036345,K.Osborn,WR,MIN,GB,0,0,0.0,0,0.0,0.0,0.0,0,0.0,0,4,1,19.0,0,1.9,2.9,,,71.0,200.0,24.422764705882354,1.0,Miami,2020.0,2020.0,MIN,176.0,3.0,0.11764706
2021,12,00-0036345,K.Osborn,WR,MIN,SF,0,0,0.0,0,0.0,0.0,0.0,0,0.0,0,2,1,5.0,0,0.5,1.5,,,71.0,200.0,24.422764705882354,1.0,Miami,2020.0,2020.0,MIN,176.0,,0.0625
2021,13,00-0036345,K.Osborn,WR,MIN,DET,0,0,0.0,0,0.0,0.0,0.0,0,0.0,0,7,4,47.0,1,10.7,14.7,,,71.0,200.0,24.422764705882354,1.0,Miami,2020.0,2020.0,MIN,176.0,,0.17073171
2021,14,00-0036345,K.Osborn,WR,MIN,PIT,0,0,0.0,0,0.0,0.0,0.0,0,0.0,0,9,3,83.0,1,14.3,17.3,,,71.0,200.0,24.422764705882354,1.0,Miami,2020.0,2020.0,MIN,176.0,8.0,0.29032257
2021,15,00-0036345,K.Osborn,WR,MIN,CHI,0,0,0.0,0,0.0,0.0,0.0,0,0.0,0,3,3,21.0,0,2.1,5.1,,,71.0,200.0,24.422764705882354,1.0,Miami,2020.0,2020.0,MIN,176.0,,0.13636364
2021,16,00-0036345,K.Osborn,WR,MIN,LA,0,0,0.0,0,0.0,0.0,0.0,0,0.0,0,7,5,68.0,1,12.8,17.8,,,71.0,200.0,24.422764705882354,1.0,Miami,2020.0,2020.0,MIN,176.0,-7.0,0.2
2021,17,00-0036345,K.Osborn,WR,MIN,GB,0,0,0.0,0,0.0,0.0,0.0,0,0.0,0,5,3,50.0,1,11.0,14.0,,,71.0,200.0,24.422764705882354,1.0,Miami,2020.0,2020.0,MIN,176.0,,0.13513513
2021,18,00-0036345,K.Osborn,WR,MIN,CHI,0,0,0.0,0,0.0,0.0,0.0,0,0.0,0,4,1,21.0,1,8.1,9.1,,,71.0,200.0,24.422764705882354,1.0,Miami,2020.0,2020.0,MIN,176.0,14.0,0.1904762
2021,1,00-0036355,J.Herbert,QB,LAC,WAS,31,47,337.0,1,1.0,2.0,3.0,4,-1.0,0,0,0,0.0,0,15.38,15.38,,,78.0,237.0,23.67535294117647,1.0,Oregon,2020.0,2020.0,LAC,6.0,,
2021,2,00-0036355,J.Herbert,QB,LAC,DAL,31,41,338.0,1,2.0,2.0,25.0,4,12.0,0,0,0,0.0,0,14.72,14.72,,,78.0,237.0,23.67535294117647,1.0,Oregon,2020.0,2020.0,LAC,6.0,-3.0,
2021,3,00-0036355,J.Herbert,QB,LAC,KC,26,38,281.0,4,0.0,1.0,6.0,4,16.0,0,0,0,0.0,0,30.84,30.84,,,78.0,237.0,23.67535294117647,1.0,Oregon,2020.0,2020.0,LAC,6.0,,
2021,4,00-0036355,J.Herbert,QB,LAC,LV,25,38,222.0,3,0.0,2.0,10.0,3,4.0,0,0,0,0.0,0,21.28,21.28,,,78.0,237.0,23.67535294117647,1.0,Oregon,2020.0,2020.0,LAC,6.0,14.0,
2021,5,00-0036355,J.Herbert,QB,LAC,CLE,26,43,398.0,4,0.0,2.0,17.0,4,29.0,1,0,0,0.0,0,42.82,42.82,,,78.0,237.0,23.67535294117647,1.0,Oregon,2020.0,2020.0,LAC,6.0,5.0,
2021,6,00-0036355,J.Herbert,QB,LAC,BAL,22,39,195.0,1,1.0,2.0,13.0,2,12.0,0,0,0,0.0,0,11.0,11.0,,,78.0,237.0,23.67535294117647,1.0,Oregon,2020.0,2020.0,LAC,6.0,,
2021,8,00-0036355,J.Herbert,QB,LAC,NE,18,35,223.0,2,2.0,3.0,17.0,2,9.0,0,0,0,0.0,0,13.82,13.82,,,78.0,237.0,23.67535294117647,1.0,Oregon,2020.0,2020.0,LAC,6.0,-3.0,
2021,9,00-0036355,J.Herbert,QB,LAC,PHI,32,38,356.0,2,0.0,0.0,-0.0,5,14.0,1,0,0,0.0,0,31.64,31.64,,,78.0,237.0,23.67535294117647,1.0,Oregon,2020.0,2020.0,LAC,6.0,,
2021,10,00-0036355,J.Herbert,QB,LAC,MIN,20,34,195.0,1,1.0,2.0,24.0,2,22.0,0,0,0,0.0,0,12.0,12.0,,,78.0,237.0,23.67535294117647,1.0,Oregon,2020.0,2020.0,LAC,6.0,-7.0,
2021,11,00-0036355,J.Herbert,QB,LAC,PIT,30,41,382.0,3,1.0,2.0,8.0,9,90.0,0,0,0,0.0,0,34.28,34.28,,,78.0,237.0,23.67535294117647,1.0,Oregon,2020.0,2020.0,LAC,6.0,4.0,
2021,12,00-0036355,J.Herbert,QB,LAC,DEN,28,44,303.0,2,2.0,3.0,18.0,4,36.0,0,0,0,0.0,0,19.72,19.72,,,78.0,237.0,23.67535294117647,1.0,Oregon,2020.0,2020.0,LAC,6.0,,
2021,13,00-0036355,J.Herbert,QB,LAC,CIN,26,35,317.0,3,1.0,4.0,33.0,1,6.0,0,0,0,0.0,0,25.28,25.28,,,78.0,237.0,23.67535294117647,1.0,Oregon,2020.0,2020.0,LAC,6.0,,
2021,14,00-0036355,J.Herbert,QB,LAC,NYG,23,31,275.0,3,0.0,2.0,4.0,4,19.0,0,0,0,0.0,0,24.9,24.9,,,78.0,237.0,23.67535294117647,1.0,Oregon,2020.0,2020.0,LAC,6.0,16.0,
2021,15,00-0036355,J.Herbert,QB,LAC,KC,22,38,236.0,2,1.0,0.0,-0.0,5,16.0,1,0,0,0.0,0,23.04,23.04,,,78.0,237.0,23.67535294117647,1.0,Oregon,2020.0,2020.0,LAC,6.0,-6.0,
2021,16,00-0036355,J.Herbert,QB,LAC,HOU,27,35,336.0,1,2.0,1.0,8.0,4,15.0,0,0,0,0.0,0,16.94,16.94,,,78.0,237.0,23.67535294117647,1.0,Oregon,2020.0,2020.0,LAC,6.0,,
2021,17,00-0036355,J.Herbert,QB,LAC,DEN,22,31,237.0,2,0.0,0.0,-0.0,4,2.0,0,0,0,0.0,0,17.68,17.68,,,78.0,237.0,23.67535294117647,1.0,Oregon,2020.0,2020.0,LAC,6.0,21.0,
2021,18,00-0036355,J.Herbert,QB,LAC,LV,34,64,383.0,3,1.0,3.0,28.0,2,1.0,0,0,0,0.0,0,27.42,27.42,,,78.0,237.0,23.67535294117647,1.0,Oregon,2020.0,2020.0,LAC,6.0,,
2021,1,00-0036357,H.Ruggs,WR,LV,BAL,0,0,0.0,0,0.0,0.0,0.0,0,0.0,0,5,2,46.0,0,4.6,6.6,,,72.0,190.0,22.704,1.0,Alabama,2020.0,2020.0,LV,12.0,6.0,0.09615385
2021,2,00-0036357,H.Ruggs,WR,LV,PIT,0,0,0.0,0,0.0,0.0,0.0,1,2.0,0,7,5,113.0,1,17.5,22.5,,,72.0,190.0,22.704,1.0,Alabama,2020.0,2020.0,LV,12.0,,0.1891892
2021,3,00-0036357,H.Ruggs,WR,LV,MIA,0,0,0.0,0,0.0,0.0,0.0,1,7.0,0,7,4,78.0,0,8.5,12.5,,,72.0,190.0,22.704,1.0,Alabama,2020.0,2020.0,LV,12.0,3.0,0.175
2021,4,00-0036357,H.Ruggs,WR,LV,LAC,0,0,0.0,0,0.0,0.0,0.0,0,0.0,0,6,3,60.0,0,6.0,9.0,,,72.0,190.0,22.704,1.0,Alabama,2020.0,2020.0,LV,12.0,,0.1875
2021,5,00-0036357,H.Ruggs,WR,LV,CHI,0,0,0.0,0,0.0,0.0,0.0,0,0.0,0,3,3,51.0,0,5.1,8.1,,,72.0,190.0,22.704,1.0,Alabama,2020.0,2020.0,LV,12.0,-11.0,0.08571429
2021,6,00-0036357,H.Ruggs,WR,LV,DEN,0,0,0.0,0,0.0,0.0,0.0,0,0.0,0,4,3,97.0,1,15.7,18.7,,,72.0,190.0,22.704,1.0,Alabama,2020.0,2020.0,LV,12.0,,0.16
2021,7,00-0036357,H.Ruggs,WR,LV,PHI,0,0,0.0,0,0.0,0.0,0.0,1,7.0,0,4,4,24.0,0,3.1,7.1,,,72.0,190.0,22.704,1.0,Alabama,2020.0,2020.0,LV,12.0,11.0,0.11764706
2021,1,00-0036358,C.Lamb,WR,DAL,TB,0,0,0.0,0,0.0,0.0,0.0,0,0.0,0,15,7,104.0,1,16.4,23.4,,,74.0,189.0,22.605555555555554,1.0,Oklahoma,2020.0,2020.0,DAL,17.0,,0.2631579
2021,2,00-0036358,C.Lamb,WR,DAL,LAC,0,0,0.0,0,0.0,0.0,0.0,1,13.0,0,9,8,81.0,0,9.4,17.4,,,74.0,189.0,22.605555555555554,1.0,Oklahoma,2020.0,2020.0,DAL,17.0,,0.33333334
2021,3,00-0036358,C.Lamb,WR,DAL,PHI,0,0,0.0,0,0.0,0.0,0.0,1,-1.0,0,3,3,66.0,0,6.5,9.5,,,74.0,189.0,22.605555555555554,1.0,Oklahoma,2020.0,2020.0,DAL,17.0,20.0,0.12
2021,4,00-0036358,C.Lamb,WR,DAL,CAR,0,0,0.0,0,0.0,0.0,0.0,0,0.0,0,5,2,13.0,0,1.3,3.3,,,74.0,189.0,22.605555555555554,1.0,Oklahoma,2020.0,2020.0,DAL,17.0,8.0,0.22727273
2021,5,00-0036358,C.Lamb,WR,DAL,NYG,0,0,0.0,0,0.0,0.0,0.0,1,4.0,0,6,4,84.0,1,14.8,18.8,,,74.0,189.0,22.605555555555554,1.0,Oklahoma,2020.0,2020.0,DAL,17.0,24.0,0.1875
2021,6,00-0036358,C.Lamb,WR,DAL,NE,0,0,0.0,0,0.0,0.0,0.0,1,2.0,0,11,9,149.0,2,27.1,36.1,,,74.0,189.0,22.605555555555554,1.0,Oklahoma,2020.0,2020.0,DAL,17.0,,0.2244898
2021,8,00-0036358,C.Lamb,WR,DAL,MIN,0,0,0.0,0,0.0,0.0,0.0,0,0.0,0,8,6,112.0,0,11.2,17.2,,,74.0,189.0,22.605555555555554,1.0,Oklahoma,2020.0,2020.0,DAL,17.0,,0.19512194
2021,9,00-0036358,C.Lamb,WR,DAL,DEN,0,0,0.0,0,0.0,0.0,0.0,0,0.0,0,9,2,23.0,0,2.3,4.3,,,74.0,189.0,22.605555555555554,1.0,Oklahoma,2020.0,2020.0,DAL,17.0,-14.0,0.23076923
2021,10,00-0036358,C.Lamb,WR,DAL,ATL,0,0,0.0,0,0.0,0.0,0.0,1,12.0,0,7,6,94.0,2,22.6,28.6,,,74.0,189.0,22.605555555555554,1.0,Oklahoma,2020.0,2020.0,DAL,17.0,40.0,0.21212122
2021,11,00-0036358,C.Lamb,WR,DAL,KC,0,0,0.0,0,0.0,0.0,0.0,0,0.0,0,4,3,14.0,0,1.4,4.4,,,74.0,189.0,22.605555555555554,1.0,Oklahoma,2020.0,2020.0,DAL,17.0,,0.0952381
2021,13,00-0036358,C.Lamb,WR,DAL,NO,0,0,0.0,0,0.0,0.0,0.0,1,33.0,0,13,7,89.0,0,12.2,19.2,,,74.0,189.0,22.605555555555554,1.0,Oklahoma,2020.0,2020.0,DAL,17.0,,0.325
2021,14,00-0036358,C.Lamb,WR,DAL,WAS,0,0,0.0,0,0.0,0.0,0.0,2,15.0,0,10,7,61.0,0,7.6,14.6,,,74.0,189.0,22.605555555555554,1.0,Oklahoma,2020.0,2020.0,DAL,17.0,,0.25641027
2021,15,00-0036358,C.Lamb,WR,DAL,NYG,0,0,0.0,0,0.0,0.0,0.0,0,0.0,0,9,6,50.0,0,5.0,11.0,,,74.0,189.0,22.605555555555554,1.0,Oklahoma,2020.0,2020.0,DAL,17.0,,0.24324325
2021,16,00-0036358,C.Lamb,WR,DAL,WAS,0,0,0.0,0,0.0,0.0,0.0,1,-2.0,0,5,4,66.0,0,6.4,10.4,,,74.0,189.0,22.605555555555554,1.0,Oklahoma,2020.0,2020.0,DAL,17.0,42.0,0.12195122
2021,17,00-0036358,C.Lamb,WR,DAL,ARI,0,0,0.0,0,0.0,0.0,0.0,0,0.0,0,4,3,51.0,0,5.1,8.1,,,74.0,189.0,22.605555555555554,1.0,Oklahoma,2020.0,2020.0,DAL,17.0,-3.0,0.10526316
2021,18,00-0036358,C.Lamb,WR,DAL,PHI,0,0,0.0,0,0.0,0.0,0.0,0,0.0,0,2,2,45.0,0,4.5,6.5,,,74.0,189.0,22.605555555555554,1.0,Oklahoma,2020.0,2020.0,DAL,17.0,,0.071428575
2021,19,00-0036358,C.Lamb,WR,DAL,SF,0,0,0.0,0,0.0,0.0,0.0,1,5.0,0,5,1,21.0,0,2.6,3.6,,,74.0,189.0,22.605555555555554,1.0,Oklahoma,2020.0,2020.0,DAL,17.0,-6.0,0.11904762
2021,1,00-0036360,C.Edwards-Helaire,RB,KC,CLE,0,0,0.0,0,0.0,0.0,0.0,14,43.0,0,3,3,29.0,0,7.2,10.2,,,68.0,209.0,22.6132,1.0,Louisiana State,2020.0,2020.0,KC,32.0,4.0,0.0882353
2021,2,00-0036360,C.Edwards-Helaire,RB,KC,BAL,0,0,0.0,0,0.0,0.0,0.0,13,46.0,0,0,0,0.0,0,2.6,2.6,,,68.0,209.0,22.6132,1.0,Louisiana State,2020.0,2020.0,KC,32.0,,
2021,3,00-0036360,C.Edwards-Helaire,RB,KC,LAC,0,0,0.0,0,0.0,0.0,0.0,17,100.0,0,2,2,9.0,1,14.9,16.9,,,68.0,209.0,22.6132,1.0,Louisiana State,2020.0,2020.0,KC,32.0,-6.0,0.05
2021,4,00-0036360,C.Edwards-Helaire,RB,KC,PHI,0,0,0.0,0,0.0,0.0,0.0,14,102.0,0,3,2,12.0,1,17.4,19.4,,,68.0,209.0,22.6132,1.0,Louisiana State,2020.0,2020.0,KC,32.0,,0.1
2021,5,00-0036360,C.Edwards-Helaire,RB,KC,BUF,0,0,0.0,0,0.0,0.0,0.0,7,13.0,0,2,1,11.0,0,2.4,3.4,,,68.0,209.0,22.6132,1.0,Louisiana State,2020.0,2020.0,KC,32.0,-18.0,0.04
2021,11,00-0036360,C.Edwards-Helaire,RB,KC,DAL,0,0,0.0,0,0.0,0.0,0.0,12,63.0,1,2,2,13.0,0,13.6,15.6,,,68.0,209.0,22.6132,1.0,Louisiana State,2020.0,2020.0,KC,32.0,10.0,0.060606062
2021,13,00-0036360,C.Edwards-Helaire,RB,KC,DEN,0,0,0.0,0,0.0,0.0,0.0,14,54.0,0,3,3,28.0,0,8.2,11.2,,,68.0,209.0,22.6132,1.0,Louisiana State,2020.0,2020.0,KC,32.0,13.0,0.11111111
2021,14,00-0036360,C.Edwards-Helaire,RB,KC,LV,0,0,0.0,0,0.0,0.0,0.0,10,37.0,2,3,3,5.0,0,16.2,19.2,,,68.0,209.0,22.6132,1.0,Louisiana State,2020.0,2020.0,KC,32.0,39.0,0.13636364
2021,15,00-0036360,C.Edwards-Helaire,RB,KC,LAC,0,0,0.0,0,0.0,0.0,0.0,9,32.0,0,4,2,18.0,0,7.0,9.0,,,68.0,209.0,22.6132,1.0,Louisiana State,2020.0,2020.0,KC,32.0,,0.08888889
2021,16,00-0036360,C.Edwards-Helaire,RB,KC,PIT,0,0,0.0,0,0.0,0.0,0.0,9,27.0,1,1,1,4.0,0,9.1,10.1,,,68.0,209.0,22.6132,1.0,Louisiana State,2020.0,2020.0,KC,32.0,26.0,0.03448276
2021,20,00-0036360,C.Edwards-Helaire,RB,KC,BUF,0,0,0.0,0,0.0,0.0,0.0,7,60.0,0,2,1,9.0,0,6.9,7.9,,,68.0,209.0,22.6132,1.0,Louisiana State,2020.0,2020.0,KC,32.0,6.0,0.04761905
2021,21,00-0036360,C.Edwards-Helaire,RB,KC,CIN,0,0,0.0,0,0.0,0.0,0.0,6,36.0,0,2,1,4.0,0,4.0,5.0,,,68.0,209.0,22.6132,1.0,Louisiana State,2020.0,2020.0,KC,32.0,-3.0,0.054054055
2021,1,00-0036365,B.Edwards,WR,LV,BAL,0,0,0.0,0,0.0,0.0,0.0,0,0.0,0,5,4,81.0,0,8.1,12.1,,,75.0,215.0,23.005444444444446,1.0,South Carolina,2020.0,2020.0,LV,81.0,6.0,0.09615385
2021,2,00-0036365,B.Edwards,WR,LV,PIT,0,0,0.0,0,0.0,0.0,0.0,0,0.0,0,3,3,40.0,0,4.0,7.0,,,75.0,215.0,23.005444444444446,1.0,South Carolina,2020.0,2020.0,LV,81.0,,0.08108108
2021,3,00-0036365,B.Edwards,WR,LV,MIA,0,0,0.0,0,0.0,0.0,0.0,0,0.0,0,5,3,89.0,0,8.9,11.9,,,75.0,215.0,23.005444444444446,1.0,South Carolina,2020.0,2020.0,LV,81.0,3.0,0.125
2021,4,00-0036365,B.Edwards,WR,LV,LAC,0,0,0.0,0,0.0,0.0,0.0,0,0.0,0,4,1,4.0,0,0.4,1.4,,,75.0,215.0,23.005444444444446,1.0,South Carolina,2020.0,2020.0,LV,81.0,,0.125
2021,5,00-0036365,B.Edwards,WR,LV,CHI,0,0,0.0,0,0.0,0.0,0.0,0,0.0,0,6,2,22.0,0,2.2,4.2,,,75.0,215.0,23.005444444444446,1.0,South Carolina,2020.0,2020.0,LV,81.0,-11.0,0.17142858
2021,6,00-0036365,B.Edwards,WR,LV,DEN,0,0,0.0,0,0.0,0.0,0.0,0,0.0,0,4,2,67.0,0,6.7,8.7,,,75.0,215.0,23.005444444444446,1.0,South Carolina,2020.0,2020.0,LV,81.0,,0.16
2021,7,00-0036365,B.Edwards,WR,LV,PHI,0,0,0.0,0,0.0,0.0,0.0,0,0.0,0,4,3,43.0,1,10.3,13.3,,,75.0,215.0,23.005444444444446,1.0,South Carolina,2020.0,2020.0,LV,81.0,11.0,0.11764706
2021,9,00-0036365,B.Edwards,WR,LV,NYG,0,0,0.0,0,0.0,0.0,0.0,0,0.0,0,4,0,0.0,0,0.0,0.0,,,75.0,215.0,23.005444444444446,1.0,South Carolina,2020.0,2020.0,LV,81.0,,0.08695652
2021,10,00-0036365,B.Edwards,WR,LV,KC,0,0,0.0,0,0.0,0.0,0.0,0,0.0,0,4,3,88.0,1,14.8,17.8,,,75.0,215.0,23.005444444444446,1.0,South Carolina,2020.0,2020.0,LV,81.0,-27.0,0.11764706
2021,11,00-0036365,B.Edwards,WR,LV,CIN,0,0,0.0,0,0.0,0.0,0.0,1,0.0,0,0,0,0.0,0,0.0,0.0,,,75.0,215.0,23.005444444444446,1.0,South Carolina,2020.0,2020.0,LV,81.0,-19.0,
2021,12,00-0036365,B.Edwards,WR,LV,DAL,0,0,0.0,0,0.0,0.0,0.0,0,0.0,0,1,1,12.0,0,1.2,2.2,,,75.0,215.0,23.005444444444446,1.0,South Carolina,2020.0,2020.0,LV,81.0,,0.02631579
2021,13,00-0036365,B.Edwards,WR,LV,WAS,0,0,0.0,0,0.0,0.0,0.0,0,0.0,0,5,3,30.0,0,3.0,6.0,,,75.0,215.0,23.005444444444446,1.0,South Carolina,2020.0,2020.0,LV,81.0,-2.0,0.1388889
2021,14,00-0036365,B.Edwards,WR,LV,KC,0,0,0.0,0,0.0,0.0,0.0,0,0.0,0,3,2,24.0,0,2.4,4.4,,,75.0,215.0,23.005444444444446,1.0,South Carolina,2020.0,2020.0,LV,81.0,,0.069767445
2021,15,00-0036365,B.Edwards,WR,LV,CLE,0,0,0.0,0,0.0,0.0,0.0,0,0.0,0,4,3,8.0,1,6.8,9.8,,,75.0,215.0,23.005444444444446,1.0,South Carolina,2020.0,2020.0,LV,81.0,,0.11111111
2021,17,00-0036365,B.Edwards,WR,LV,IND,0,0,0.0,0,0.0,0.0,0.0,0,0.0,0,2,0,0.0,0,0.0,0.0,,,75.0,215.0,23.005444444444446,1.0,South Carolina,2020.0,2020.0,LV,81.0,,0.0625
2021,18,00-0036365,B.Edwards,WR,LV,LAC,0,0,0.0,0,0.0,0.0,0.0,0,0.0,0,5,4,63.0,0,6.3,10.3,,,75.0,215.0,23.005444444444446,1.0,South Carolina,2020.0,2020.0,LV,81.0,3.0,0.15151516
2021,19,00-0036365,B.Edwards,WR,LV,CIN,0,0,0.0,0,0.0,0.0,0.0,0,0.0,0,6,3,41.0,0,4.1,7.1,,,75.0,215.0,23.005444444444446,1.0,South Carolina,2020.0,2020.0,LV,81.0,,0.12244898
2021,5,00-0036370,J.Kelley,RB,LAC,CLE,0,0,0.0,0,0.0,0.0,0.0,2,17.0,0,0,0,0.0,0,1.7,1.7,,,71.0,219.0,23.976470588235294,1.0,UCLA,2020.0,2020.0,LAC,112.0,5.0,
2021,6,00-0036370,J.Kelley,RB,LAC,BAL,0,0,0.0,0,0.0,0.0,0.0,4,7.0,0,0,0,0.0,0,0.7,0.7,,,71.0,219.0,23.976470588235294,1.0,UCLA,2020.0,2020.0,LAC,112.0,,
2021,9,00-0036370,J.Kelley,RB,LAC,PHI,0,0,0.0,0,0.0,0.0,0.0,3,6.0,0,1,1,4.0,0,1.0,2.0,,,71.0,219.0,23.976470588235294,1.0,UCLA,2020.0,2020.0,LAC,112.0,,0.027027028
2021,10,00-0036370,J.Kelley,RB,LAC,MIN,0,0,0.0,0,0.0,0.0,0.0,1,6.0,0,0,0,0.0,0,0.6,0.6,,,71.0,219.0,23.976470588235294,1.0,UCLA,2020.0,2020.0,LAC,112.0,-7.0,
2021,12,00-0036370,J.Kelley,RB,LAC,DEN,0,0,0.0,0,0.0,0.0,0.0,1,5.0,0,3,2,15.0,0,2.0,4.0,,,71.0,219.0,23.976470588235294,1.0,UCLA,2020.0,2020.0,LAC,112.0,,0.06818182
2021,14,00-0036370,J.Kelley,RB,LAC,NYG,0,0,0.0,0,0.0,0.0,0.0,10,33.0,0,1,1,5.0,0,3.8,4.8,,,71.0,219.0,23.976470588235294,1.0,UCLA,2020.0,2020.0,LAC,112.0,16.0,0.033333335
2021,15,00-0036370,J.Kelley,RB,LAC,KC,0,0,0.0,0,0.0,0.0,0.0,7,21.0,0,0,0,0.0,0,0.1,0.1,,,71.0,219.0,23.976470588235294,1.0,UCLA,2020.0,2020.0,LAC,112.0,-6.0,
2021,16,00-0036370,J.Kelley,RB,LAC,HOU,0,0,0.0,0,0.0,0.0,0.0,5,7.0,0,1,1,14.0,0,2.1,3.1,,,71.0,219.0,23.976470588235294,1.0,UCLA,2020.0,2020.0,LAC,112.0,,0.029411765
2021,1,00-0036382,K.Hill,WR,LAC,WAS,0,0,0.0,0,0.0,0.0,0.0,0,0.0,0,3,3,30.0,0,3.0,6.0,,,72.0,197.0,24.157176470588237,1.0,Ohio State,2020.0,2020.0,LAC,220.0,,0.06521739
2021,7,00-0036383,E.Benjamin,RB,ARI,HOU,0,0,0.0,0,0.0,0.0,0.0,2,7.0,0,0,0,0.0,0,0.7,0.7,,,69.0,210.0,22.587555555555557,1.0,Arizona State,2020.0,2020.0,ARI,222.0,26.0,
2021,9,00-0036383,E.Benjamin,RB,ARI,SF,0,0,0.0,0,0.0,0.0,0.0,9,39.0,1,0,0,0.0,0,9.9,9.9,,,69.0,210.0,22.587555555555557,1.0,Arizona State,2020.0,2020.0,ARI,222.0,,
2021,10,00-0036383,E.Benjamin,RB,ARI,CAR,0,0,0.0,0,0.0,0.0,0.0,6,22.0,0,1,0,0.0,0,2.2,2.2,,,69.0,210.0,22.587555555555557,1.0,Arizona State,2020.0,2020.0,ARI,222.0,-24.0,0.03448276
2021,11,00-0036383,E.Benjamin,RB,ARI,SEA,0,0,0.0,0,0.0,0.0,0.0,6,15.0,0,1,1,5.0,0,2.0,3.0,,,69.0,210.0,22.587555555555557,1.0,Arizona State,2020.0,2020.0,ARI,222.0,,0.022727273
2021,13,00-0036383,E.Benjamin,RB,ARI,CHI,0,0,0.0,0,0.0,0.0,0.0,2,1.0,0,1,1,12.0,0,1.3,2.3,,,69.0,210.0,22.587555555555557,1.0,Arizona State,2020.0,2020.0,ARI,222.0,,0.06666667
2021,17,00-0036383,E.Benjamin,RB,ARI,DAL,0,0,0.0,0,0.0,0.0,0.0,2,3.0,0,0,0,0.0,0,0.3,0.3,,,69.0,210.0,22.587555555555557,1.0,Arizona State,2020.0,2020.0,ARI,222.0,,
2021,18,00-0036383,E.Benjamin,RB,ARI,SEA,0,0,0.0,0,0.0,0.0,0.0,7,31.0,0,4,4,25.0,0,5.6,9.6,,,69.0,210.0,22.587555555555557,1.0,Arizona State,2020.0,2020.0,ARI,222.0,-8.0,0.102564104
2021,19,00-0036383,E.Benjamin,RB,ARI,LA,0,0,0.0,0,0.0,0.0,0.0,4,8.0,0,2,2,26.0,0,3.4,5.4,,,69.0,210.0,22.587555555555557,1.0,Arizona State,2020.0,2020.0,ARI,222.0,,0.05882353
2021,11,00-0036386,A.Thomas,T,NYG,TB,0,0,0.0,0,0.0,0.0,0.0,0,0.0,0,1,1,2.0,1,6.2,7.2,,,77.0,326.0,22.801470588235293,1.0,Georgia,2020.0,2020.0,NYG,4.0,,0.027027028
2021,1,00-0036387,J.Reagor,WR,PHI,ATL,0,0,0.0,0,0.0,0.0,0.0,0,0.0,0,6,6,49.0,1,10.9,16.9,,,71.0,195.0,22.862222222222222,1.0,Texas Christian,2020.0,2020.0,PHI,21.0,,0.1875
2021,2,00-0036387,J.Reagor,WR,PHI,SF,0,0,0.0,0,0.0,0.0,0.0,0,0.0,0,5,2,5.0,0,0.5,2.5,,,71.0,195.0,22.862222222222222,1.0,Texas Christian,2020.0,2020.0,PHI,21.0,-6.0,0.20833333
2021,3,00-0036387,J.Reagor,WR,PHI,DAL,0,0,0.0,0,0.0,0.0,0.0,0,0.0,0,8,5,53.0,0,5.3,10.3,,,71.0,195.0,22.862222222222222,1.0,Texas Christian,2020.0,2020.0,PHI,21.0,,0.21052632
2021,4,00-0036387,J.Reagor,WR,PHI,KC,0,0,0.0,0,0.0,0.0,0.0,1,12.0,0,1,1,9.0,0,2.1,3.1,,,71.0,195.0,22.862222222222222,1.0,Texas Christian,2020.0,2020.0,PHI,21.0,-12.0,0.022727273
2021,5,00-0036387,J.Reagor,WR,PHI,CAR,0,0,0.0,0,0.0,0.0,0.0,0,0.0,0,5,3,24.0,0,2.4,5.4,,,71.0,195.0,22.862222222222222,1.0,Texas Christian,2020.0,2020.0,PHI,21.0,,0.14705883
2021,6,00-0036387,J.Reagor,WR,PHI,TB,0,0,0.0,0,0.0,0.0,0.0,0,0.0,0,3,0,0.0,0,0.0,0.0,,,71.0,195.0,22.862222222222222,1.0,Texas Christian,2020.0,2020.0,PHI,21.0,-6.0,0.125
2021,7,00-0036387,J.Reagor,WR,PHI,LV,0,0,0.0,0,0.0,0.0,0.0,1,0.0,0,2,2,25.0,1,8.5,10.5,,,71.0,195.0,22.862222222222222,1.0,Texas Christian,2020.0,2020.0,PHI,21.0,,0.06451613
2021,8,00-0036387,J.Reagor,WR,PHI,DET,0,0,0.0,0,0.0,0.0,0.0,2,21.0,0,2,1,0.0,0,2.1,3.1,,,71.0,195.0,22.862222222222222,1.0,Texas Christian,2020.0,2020.0,PHI,21.0,,0.125
2021,9,00-0036387,J.Reagor,WR,PHI,LAC,0,0,0.0,0,0.0,0.0,0.0,0,0.0,0,1,1,-6.0,0,-0.6,0.4,,,71.0,195.0,22.862222222222222,1.0,Texas Christian,2020.0,2020.0,PHI,21.0,-3.0,0.0625
2021,10,00-0036387,J.Reagor,WR,PHI,DEN,0,0,0.0,0,0.0,0.0,0.0,1,-8.0,0,2,1,12.0,0,0.4,1.4,,,71.0,195.0,22.862222222222222,1.0,Texas Christian,2020.0,2020.0,PHI,21.0,,0.09090909
2021,11,00-0036387,J.Reagor,WR,PHI,NO,0,0,0.0,0,0.0,0.0,0.0,0,0.0,0,3,1,-1.0,0,-0.1,0.9,,,71.0,195.0,22.862222222222222,1.0,Texas Christian,2020.0,2020.0,PHI,21.0,11.0,0.13043478
2021,12,00-0036387,J.Reagor,WR,PHI,NYG,0,0,0.0,0,0.0,0.0,0.0,0,0.0,0,7,2,31.0,0,3.1,5.1,,,71.0,195.0,22.862222222222222,1.0,Texas Christian,2020.0,2020.0,PHI,21.0,,0.2413793
2021,13,00-0036387,J.Reagor,WR,PHI,NYJ,0,0,0.0,0,0.0,0.0,0.0,1,0.0,0,1,1,7.0,0,0.7,1.7,,,71.0,195.0,22.862222222222222,1.0,Texas Christian,2020.0,2020.0,PHI,21.0,,0.045454547
2021,15,00-0036387,J.Reagor,WR,PHI,WAS,0,0,0.0,0,0.0,0.0,0.0,0,0.0,0,3,3,57.0,0,5.7,8.7,,,71.0,195.0,22.862222222222222,1.0,Texas Christian,2020.0,2020.0,PHI,21.0,10.0,0.115384616
2021,16,00-0036387,J.Reagor,WR,PHI,NYG,0,0,0.0,0,0.0,0.0,0.0,0,0.0,0,4,2,15.0,0,1.5,3.5,,,71.0,195.0,22.862222222222222,1.0,Texas Christian,2020.0,2020.0,PHI,21.0,24.0,0.14285715
2021,17,00-0036387,J.Reagor,WR,PHI,WAS,0,0,0.0,0,0.0,0.0,0.0,1,-3.0,0,1,0,0.0,0,-0.3,-0.3,,,71.0,195.0,22.862222222222222,1.0,Texas Christian,2020.0,2020.0,PHI,21.0,,0.04
2021,18,00-0036387,J.Reagor,WR,PHI,DAL,0,0,0.0,0,0.0,0.0,0.0,3,10.0,0,3,2,19.0,0,2.9,4.9,,,71.0,195.0,22.862222222222222,1.0,Texas Christian,2020.0,2020.0,PHI,21.0,-25.0,0.0882353
2021,19,00-0036387,J.Reagor,WR,PHI,TB,0,0,0.0,0,0.0,0.0,0.0,0,0.0,0,3,1,2.0,0,0.2,1.2,,,71.0,195.0,22.862222222222222,1.0,Texas Christian,2020.0,2020.0,PHI,21.0,,0.069767445
2021,1,00-0036389,J.Hurts,QB,PHI,ATL,27,35,264.0,3,0.0,1.0,3.0,7,62.0,0,0,0,0.0,0,28.76,28.76,,,73.0,218.0,23.267277777777778,1.0,Oklahoma,2020.0,2020.0,PHI,53.0,,
2021,2,00-0036389,J.Hurts,QB,PHI,SF,12,23,190.0,0,0.0,2.0,13.0,10,82.0,1,1,0,0.0,0,21.8,21.8,,,73.0,218.0,23.267277777777778,1.0,Oklahoma,2020.0,2020.0,PHI,53.0,-6.0,0.041666668
2021,3,00-0036389,J.Hurts,QB,PHI,DAL,25,39,326.0,2,2.0,2.0,23.0,9,35.0,0,0,0,0.0,0,20.54,20.54,,,73.0,218.0,23.267277777777778,1.0,Oklahoma,2020.0,2020.0,PHI,53.0,,
2021,4,00-0036389,J.Hurts,QB,PHI,KC,32,48,387.0,2,0.0,3.0,29.0,8,47.0,0,0,0,0.0,0,28.18,28.18,,,73.0,218.0,23.267277777777778,1.0,Oklahoma,2020.0,2020.0,PHI,53.0,-12.0,
2021,5,00-0036389,J.Hurts,QB,PHI,CAR,22,37,198.0,0,1.0,2.0,16.0,9,30.0,2,0,0,0.0,0,22.92,22.92,,,73.0,218.0,23.267277777777778,1.0,Oklahoma,2020.0,2020.0,PHI,53.0,,
2021,6,00-0036389,J.Hurts,QB,PHI,TB,12,26,115.0,1,1.0,2.0,2.0,10,44.0,2,0,0,0.0,0,25.0,25.0,,,73.0,218.0,23.267277777777778,1.0,Oklahoma,2020.0,2020.0,PHI,53.0,-6.0,
2021,7,00-0036389,J.Hurts,QB,PHI,LV,18,34,236.0,2,0.0,2.0,13.0,13,61.0,0,0,0,0.0,0,23.54,23.54,,,73.0,218.0,23.267277777777778,1.0,Oklahoma,2020.0,2020.0,PHI,53.0,,
2021,8,00-0036389,J.Hurts,QB,PHI,DET,9,14,103.0,0,0.0,0.0,-0.0,7,71.0,0,0,0,0.0,0,11.22,11.22,,,73.0,218.0,23.267277777777778,1.0,Oklahoma,2020.0,2020.0,PHI,53.0,,
2021,9,00-0036389,J.Hurts,QB,PHI,LAC,11,17,162.0,1,0.0,1.0,7.0,10,62.0,0,0,0,0.0,0,16.68,16.68,,,73.0,218.0,23.267277777777778,1.0,Oklahoma,2020.0,2020.0,PHI,53.0,-3.0,
2021,10,00-0036389,J.Hurts,QB,PHI,DEN,16,23,178.0,2,1.0,2.0,8.0,13,55.0,0,0,0,0.0,0,18.62,18.62,,,73.0,218.0,23.267277777777778,1.0,Oklahoma,2020.0,2020.0,PHI,53.0,,
2021,11,00-0036389,J.Hurts,QB,PHI,NO,13,24,147.0,0,0.0,3.0,9.0,18,69.0,3,0,0,0.0,0,30.78,30.78,,,73.0,218.0,23.267277777777778,1.0,Oklahoma,2020.0,2020.0,PHI,53.0,11.0,
2021,12,00-0036389,J.Hurts,QB,PHI,NYG,14,31,129.0,0,3.0,1.0,5.0,8,77.0,0,0,0,0.0,0,6.86,6.86,,,73.0,218.0,23.267277777777778,1.0,Oklahoma,2020.0,2020.0,PHI,53.0,,
2021,15,00-0036389,J.Hurts,QB,PHI,WAS,20,26,296.0,1,1.0,3.0,15.0,8,38.0,2,0,0,0.0,0,27.64,27.64,,,73.0,218.0,23.267277777777778,1.0,Oklahoma,2020.0,2020.0,PHI,53.0,10.0,
2021,16,00-0036389,J.Hurts,QB,PHI,NYG,17,29,199.0,2,0.0,1.0,5.0,2,7.0,0,0,0,0.0,0,16.66,16.66,,,73.0,218.0,23.267277777777778,1.0,Oklahoma,2020.0,2020.0,PHI,53.0,24.0,
2021,17,00-0036389,J.Hurts,QB,PHI,WAS,17,26,214.0,0,0.0,1.0,2.0,7,44.0,0,0,0,0.0,0,12.96,12.96,,,73.0,218.0,23.267277777777778,1.0,Oklahoma,2020.0,2020.0,PHI,53.0,,
2021,19,00-0036389,J.Hurts,QB,PHI,TB,23,43,258.0,1,2.0,2.0,14.0,8,39.0,0,0,0,0.0,0,16.22,16.22,,,73.0,218.0,23.267277777777778,1.0,Oklahoma,2020.0,2020.0,PHI,53.0,,
2021,1,00-0036407,J.Jeudy,WR,DEN,NYG,0,0,0.0,0,0.0,0.0,0.0,0,0.0,0,7,6,72.0,0,7.2,13.2,,,73.0,192.0,22.548,1.0,Alabama,2020.0,2020.0,DEN,15.0,,0.2
2021,8,00-0036407,J.Jeudy,WR,DEN,WAS,0,0,0.0,0,0.0,0.0,0.0,1,0.0,0,4,4,39.0,0,3.9,7.9,,,73.0,192.0,22.548,1.0,Alabama,2020.0,2020.0,DEN,15.0,7.0,0.16
2021,9,00-0036407,J.Jeudy,WR,DEN,DAL,0,0,0.0,0,0.0,0.0,0.0,0,0.0,0,8,6,69.0,0,6.9,12.9,,,73.0,192.0,22.548,1.0,Alabama,2020.0,2020.0,DEN,15.0,,0.33333334
2021,10,00-0036407,J.Jeudy,WR,DEN,PHI,0,0,0.0,0,0.0,0.0,0.0,1,3.0,0,9,6,48.0,0,5.1,11.1,,,73.0,192.0,22.548,1.0,Alabama,2020.0,2020.0,DEN,15.0,-17.0,0.2647059
2021,12,00-0036407,J.Jeudy,WR,DEN,LAC,0,0,0.0,0,0.0,0.0,0.0,0,0.0,0,3,2,25.0,0,2.5,4.5,,,73.0,192.0,22.548,1.0,Alabama,2020.0,2020.0,DEN,15.0,15.0,0.13043478
2021,13,00-0036407,J.Jeudy,WR,DEN,KC,0,0,0.0,0,0.0,0.0,0.0,0,0.0,0,6,4,77.0,0,7.7,11.7,,,73.0,192.0,22.548,1.0,Alabama,2020.0,2020.0,DEN,15.0,,0.16666667
2021,14,00-0036407,J.Jeudy,WR,DEN,DET,0,0,0.0,0,0.0,0.0,0.0,0,0.0,0,6,5,47.0,0,4.7,9.7,,,73.0,192.0,22.548,1.0,Alabama,2020.0,2020.0,DEN,15.0,28.0,0.24
2021,15,00-0036407,J.Jeudy,WR,DEN,CIN,0,0,0.0,0,0.0,0.0,0.0,0,0.0,0,4,0,0.0,0,0.0,0.0,,,73.0,192.0,22.548,1.0,Alabama,2020.0,2020.0,DEN,15.0,-5.0,0.125
2021,16,00-0036407,J.Jeudy,WR,DEN,LV,0,0,0.0,0,0.0,0.0,0.0,0,0.0,0,4,3,60.0,0,6.0,9.0,,,73.0,192.0,22.548,1.0,Alabama,2020.0,2020.0,DEN,15.0,,0.18181819
2021,18,00-0036407,J.Jeudy,WR,DEN,KC,0,0,0.0,0,0.0,0.0,0.0,0,0.0,0,5,2,30.0,0,3.0,5.0,,,73.0,192.0,22.548,1.0,Alabama,2020.0,2020.0,DEN,15.0,-4.0,0.20833333
2021,1,00-0036410,T.Higgins,WR,CIN,MIN,0,0,0.0,0,0.0,0.0,0.0,0,0.0,0,5,4,58.0,1,11.8,15.8,,,76.0,210.0,22.853142857142856,1.0,Clemson,2020.0,2020.0,CIN,33.0,3.0,0.1923077
2021,2,00-0036410,T.Higgins,WR,CIN,CHI,0,0,0.0,0,0.0,0.0,0.0,0,0.0,0,10,6,60.0,1,10.0,16.0,,,76.0,210.0,22.853142857142856,1.0,Clemson,2020.0,2020.0,CIN,33.0,,0.3448276
2021,5,00-0036410,T.Higgins,WR,CIN,GB,0,0,0.0,0,0.0,0.0,0.0,0,0.0,0,7,5,32.0,0,5.2,10.2,,,76.0,210.0,22.853142857142856,1.0,Clemson,2020.0,2020.0,CIN,33.0,-3.0,0.1891892
2021,6,00-0036410,T.Higgins,WR,CIN,DET,0,0,0.0,0,0.0,0.0,0.0,0,0.0,0,6,3,44.0,0,4.4,7.4,,,76.0,210.0,22.853142857142856,1.0,Clemson,2020.0,2020.0,CIN,33.0,,0.20689656
2021,7,00-0036410,T.Higgins,WR,CIN,BAL,0,0,0.0,0,0.0,0.0,0.0,0,0.0,0,15,7,62.0,0,6.2,13.2,,,76.0,210.0,22.853142857142856,1.0,Clemson,2020.0,2020.0,CIN,33.0,,0.41666666
2021,8,00-0036410,T.Higgins,WR,CIN,NYJ,0,0,0.0,0,0.0,0.0,0.0,0,0.0,0,6,4,97.0,0,9.7,13.7,,,76.0,210.0,22.853142857142856,1.0,Clemson,2020.0,2020.0,CIN,33.0,,0.1764706
2021,9,00-0036410,T.Higgins,WR,CIN,CLE,0,0,0.0,0,0.0,0.0,0.0,0,0.0,0,8,6,78.0,0,7.8,13.8,,,76.0,210.0,22.853142857142856,1.0,Clemson,2020.0,2020.0,CIN,33.0,-25.0,0.19512194
2021,11,00-0036410,T.Higgins,WR,CIN,LV,0,0,0.0,0,0.0,0.0,0.0,0,0.0,0,3,2,15.0,0,1.5,3.5,,,76.0,210.0,22.853142857142856,1.0,Clemson,2020.0,2020.0,CIN,33.0,,0.10714286
2021,12,00-0036410,T.Higgins,WR,CIN,PIT,0,0,0.0,0,0.0,0.0,0.0,0,0.0,0,8,6,114.0,1,17.4,23.4,,,76.0,210.0,22.853142857142856,1.0,Clemson,2020.0,2020.0,CIN,33.0,31.0,0.33333334
2021,13,00-0036410,T.Higgins,WR,CIN,LAC,0,0,0.0,0,0.0,0.0,0.0,0,0.0,0,14,9,138.0,1,19.8,28.8,,,76.0,210.0,22.853142857142856,1.0,Clemson,2020.0,2020.0,CIN,33.0,-19.0,0.36842105
2021,14,00-0036410,T.Higgins,WR,CIN,SF,0,0,0.0,0,0.0,0.0,0.0,0,0.0,0,7,5,114.0,0,11.4,16.4,,,76.0,210.0,22.853142857142856,1.0,Clemson,2020.0,2020.0,CIN,33.0,-3.0,0.20588236
2021,15,00-0036410,T.Higgins,WR,CIN,DEN,0,0,0.0,0,0.0,0.0,0.0,0,0.0,0,3,2,23.0,0,2.3,4.3,,,76.0,210.0,22.853142857142856,1.0,Clemson,2020.0,2020.0,CIN,33.0,,0.14285715
2021,16,00-0036410,T.Higgins,WR,CIN,BAL,0,0,0.0,0,0.0,0.0,0.0,0,0.0,0,13,12,194.0,2,31.4,43.4,,,76.0,210.0,22.853142857142856,1.0,Clemson,2020.0,2020.0,CIN,33.0,20.0,0.2826087
2021,17,00-0036410,T.Higgins,WR,CIN,KC,0,0,0.0,0,0.0,0.0,0.0,0,0.0,0,5,3,62.0,0,6.2,9.2,,,76.0,210.0,22.853142857142856,1.0,Clemson,2020.0,2020.0,CIN,33.0,3.0,0.13157895
2021,19,00-0036410,T.Higgins,WR,CIN,LV,0,0,0.0,0,0.0,0.0,0.0,0,0.0,0,4,1,10.0,0,1.0,2.0,,,76.0,210.0,22.853142857142856,1.0,Clemson,2020.0,2020.0,CIN,33.0,7.0,0.125
2021,20,00-0036410,T.Higgins,WR,CIN,TEN,0,0,0.0,0,0.0,0.0,0.0,0,0.0,0,9,7,96.0,0,9.6,16.6,,,76.0,210.0,22.853142857142856,1.0,Clemson,2020.0,2020.0,CIN,33.0,,0.25714287
2021,21,00-0036410,T.Higgins,WR,CIN,KC,0,0,0.0,0,0.0,0.0,0.0,0,0.0,0,10,6,103.0,0,10.3,16.3,,,76.0,210.0,22.853142857142856,1.0,Clemson,2020.0,2020.0,CIN,33.0,,0.2777778
2021,22,00-0036410,T.Higgins,WR,CIN,LA,0,0,0.0,0,0.0,0.0,0.0,0,0.0,0,7,4,100.0,2,22.0,26.0,,,76.0,210.0,22.853142857142856,1.0,Clemson,2020.0,2020.0,CIN,33.0,-3.0,0.21212122
2021,1,00-0036412,K.Hamler,WR,DEN,NYG,0,0,0.0,0,0.0,0.0,0.0,0,0.0,0,4,3,41.0,0,4.1,7.1,,,69.0,176.0,22.34264705882353,1.0,Penn State,2020.0,2020.0,DEN,46.0,,0.114285715
2021,2,00-0036412,K.Hamler,WR,DEN,JAX,0,0,0.0,0,0.0,0.0,0.0,0,0.0,0,3,1,5.0,0,0.5,1.5,,,69.0,176.0,22.34264705882353,1.0,Penn State,2020.0,2020.0,DEN,46.0,,0.0882353
2021,3,00-0036412,K.Hamler,WR,DEN,NYJ,0,0,0.0,0,0.0,0.0,0.0,0,0.0,0,3,1,28.0,0,2.8,3.8,,,69.0,176.0,22.34264705882353,1.0,Penn State,2020.0,2020.0,DEN,46.0,26.0,0.125
2021,18,00-0036414,C.Akers,RB,LA,SF,0,0,0.0,0,0.0,0.0,0.0,5,3.0,0,3,3,10.0,0,1.3,4.3,,,70.0,212.0,22.428809523809523,1.0,Florida State,2020.0,2020.0,LA,52.0,-3.0,0.09375
2021,19,00-0036414,C.Akers,RB,LA,ARI,0,0,0.0,0,0.0,0.0,0.0,17,55.0,0,2,1,40.0,0,9.5,10.5,,,70.0,212.0,22.428809523809523,1.0,Florida State,2020.0,2020.0,LA,52.0,23.0,0.11111111
2021,20,00-0036414,C.Akers,RB,LA,TB,0,0,0.0,0,0.0,0.0,0.0,24,48.0,0,3,3,20.0,0,2.8,5.8,,,70.0,212.0,22.428809523809523,1.0,Florida State,2020.0,2020.0,LA,52.0,,0.083333336
2021,21,00-0036414,C.Akers,RB,LA,SF,0,0,0.0,0,0.0,0.0,0.0,13,48.0,0,1,1,2.0,0,5.0,6.0,,,70.0,212.0,22.428809523809523,1.0,Florida State,2020.0,2020.0,LA,52.0,3.0,0.023809524
2021,22,00-0036414,C.Akers,RB,LA,CIN,0,0,0.0,0,0.0,0.0,0.0,13,21.0,0,4,3,14.0,0,3.5,6.5,,,70.0,212.0,22.428809523809523,1.0,Florida State,2020.0,2020.0,LA,52.0,,0.1
2021,1,00-0036415,V.Jefferson,WR,LA,CHI,0,0,0.0,0,0.0,0.0,0.0,0,0.0,0,3,2,80.0,1,14.0,16.0,,,73.0,197.0,25.333666666666666,1.0,Florida,2020.0,2020.0,LA,57.0,20.0,0.115384616
2021,2,00-0036415,V.Jefferson,WR,LA,IND,0,0,0.0,0,0.0,0.0,0.0,0,0.0,0,3,1,14.0,0,1.4,2.4,,,73.0,197.0,25.333666666666666,1.0,Florida,2020.0,2020.0,LA,57.0,,0.10344828
2021,3,00-0036415,V.Jefferson,WR,LA,TB,0,0,0.0,0,0.0,0.0,0.0,0,0.0,0,6,4,42.0,0,4.2,8.2,,,73.0,197.0,25.333666666666666,1.0,Florida,2020.0,2020.0,LA,57.0,10.0,0.15789473
2021,4,00-0036415,V.Jefferson,WR,LA,ARI,0,0,0.0,0,0.0,0.0,0.0,0,0.0,0,6,6,90.0,1,15.0,21.0,,,73.0,197.0,25.333666666666666,1.0,Florida,2020.0,2020.0,LA,57.0,-17.0,0.14634146
2021,5,00-0036415,V.Jefferson,WR,LA,SEA,0,0,0.0,0,0.0,0.0,0.0,0,0.0,0,4,1,16.0,0,1.6,2.6,,,73.0,197.0,25.333666666666666,1.0,Florida,2020.0,2020.0,LA,57.0,,0.114285715
2021,6,00-0036415,V.Jefferson,WR,LA,NYG,0,0,0.0,0,0.0,0.0,0.0,0,0.0,0,4,3,19.0,0,1.9,4.9,,,73.0,197.0,25.333666666666666,1.0,Florida,2020.0,2020.0,LA,57.0,,0.13333334
2021,7,00-0036415,V.Jefferson,WR,LA,DET,0,0,0.0,0,0.0,0.0,0.0,0,0.0,0,7,4,43.0,1,10.3,14.3,,,73.0,197.0,25.333666666666666,1.0,Florida,2020.0,2020.0,LA,57.0,9.0,0.17073171
2021,8,00-0036415,V.Jefferson,WR,LA,HOU,0,0,0.0,0,0.0,0.0,0.0,0,0.0,0,6,3,88.0,0,8.8,11.8,,,73.0,197.0,25.333666666666666,1.0,Florida,2020.0,2020.0,LA,57.0,,0.1764706
2021,9,00-0036415,V.Jefferson,WR,LA,TEN,0,0,0.0,0,0.0,0.0,0.0,0,0.0,0,7,3,41.0,0,4.1,7.1,,,73.0,197.0,25.333666666666666,1.0,Florida,2020.0,2020.0,LA,57.0,-12.0,0.14893617
2021,10,00-0036415,V.Jefferson,WR,LA,SF,0,0,0.0,0,0.0,0.0,0.0,0,0.0,0,7,3,54.0,0,5.4,8.4,,,73.0,197.0,25.333666666666666,1.0,Florida,2020.0,2020.0,LA,57.0,,0.16666667
2021,12,00-0036415,V.Jefferson,WR,LA,GB,0,0,0.0,0,0.0,0.0,0.0,0,0.0,0,9,3,93.0,1,15.3,18.3,,,73.0,197.0,25.333666666666666,1.0,Florida,2020.0,2020.0,LA,57.0,,0.23076923
2021,13,00-0036415,V.Jefferson,WR,LA,JAX,0,0,0.0,0,0.0,0.0,0.0,0,0.0,0,8,6,41.0,1,10.1,16.1,,,73.0,197.0,25.333666666666666,1.0,Florida,2020.0,2020.0,LA,57.0,30.0,0.21621622
2021,14,00-0036415,V.Jefferson,WR,LA,ARI,0,0,0.0,0,0.0,0.0,0.0,1,10.0,0,3,2,58.0,1,12.8,14.8,,,73.0,197.0,25.333666666666666,1.0,Florida,2020.0,2020.0,LA,57.0,,0.1
2021,15,00-0036415,V.Jefferson,WR,LA,SEA,0,0,0.0,0,0.0,0.0,0.0,1,10.0,0,2,2,23.0,0,3.3,5.3,,,73.0,197.0,25.333666666666666,1.0,Florida,2020.0,2020.0,LA,57.0,10.0,0.06896552
2021,16,00-0036415,V.Jefferson,WR,LA,MIN,0,0,0.0,0,0.0,0.0,0.0,0,0.0,0,6,1,6.0,0,0.6,1.6,,,73.0,197.0,25.333666666666666,1.0,Florida,2020.0,2020.0,LA,57.0,,0.16216215
2021,17,00-0036415,V.Jefferson,WR,LA,BAL,0,0,0.0,0,0.0,0.0,0.0,0,0.0,0,5,4,63.0,0,6.3,10.3,,,73.0,197.0,25.333666666666666,1.0,Florida,2020.0,2020.0,LA,57.0,,0.14285715
2021,18,00-0036415,V.Jefferson,WR,LA,SF,0,0,0.0,0,0.0,0.0,0.0,0,0.0,0,3,2,31.0,0,3.1,5.1,,,73.0,197.0,25.333666666666666,1.0,Florida,2020.0,2020.0,LA,57.0,-3.0,0.09375
2021,19,00-0036415,V.Jefferson,WR,LA,ARI,0,0,0.0,0,0.0,0.0,0.0,0,0.0,0,1,1,41.0,0,4.1,5.1,,,73.0,197.0,25.333666666666666,1.0,Florida,2020.0,2020.0,LA,57.0,23.0,0.055555556
2021,20,00-0036415,V.Jefferson,WR,LA,TB,0,0,0.0,0,0.0,0.0,0.0,1,15.0,0,3,2,29.0,0,4.4,6.4,,,73.0,197.0,25.333666666666666,1.0,Florida,2020.0,2020.0,LA,57.0,,0.083333336
2021,21,00-0036415,V.Jefferson,WR,LA,SF,0,0,0.0,0,0.0,0.0,0.0,0,0.0,0,5,2,9.0,0,0.9,2.9,,,73.0,197.0,25.333666666666666,1.0,Florida,2020.0,2020.0,LA,57.0,3.0,0.11904762
2021,22,00-0036415,V.Jefferson,WR,LA,CIN,0,0,0.0,0,0.0,0.0,0.0,0,0.0,0,8,4,23.0,0,2.3,6.3,,,73.0,197.0,25.333666666666666,1.0,Florida,2020.0,2020.0,LA,57.0,,0.2
2021,1,00-0036422,A.Trautman,TE,NO,GB,0,0,0.0,0,0.0,0.0,0.0,0,0.0,0,6,3,18.0,0,1.8,4.8,,,77.0,253.0,24.765764705882354,1.0,Dayton,2020.0,2020.0,NO,105.0,35.0,0.3
2021,3,00-0036422,A.Trautman,TE,NO,NE,0,0,0.0,0,0.0,0.0,0.0,0,0.0,0,1,0,0.0,0,0.0,0.0,,,77.0,253.0,24.765764705882354,1.0,Dayton,2020.0,2020.0,NO,105.0,,0.05
2021,4,00-0036422,A.Trautman,TE,NO,NYG,0,0,0.0,0,0.0,0.0,0.0,0,0.0,0,1,1,3.0,0,0.3,1.3,,,77.0,253.0,24.765764705882354,1.0,Dayton,2020.0,2020.0,NO,105.0,-6.0,0.03846154
2021,5,00-0036422,A.Trautman,TE,NO,WAS,0,0,0.0,0,0.0,0.0,0.0,0,0.0,0,2,2,43.0,0,4.3,6.3,,,77.0,253.0,24.765764705882354,1.0,Dayton,2020.0,2020.0,NO,105.0,,0.071428575
2021,7,00-0036422,A.Trautman,TE,NO,SEA,0,0,0.0,0,0.0,0.0,0.0,0,0.0,0,3,3,36.0,0,1.6,4.6,,,77.0,253.0,24.765764705882354,1.0,Dayton,2020.0,2020.0,NO,105.0,,0.09375
2021,8,00-0036422,A.Trautman,TE,NO,TB,0,0,0.0,0,0.0,0.0,0.0,0,0.0,0,6,2,4.0,0,0.4,2.4,,,77.0,253.0,24.765764705882354,1.0,Dayton,2020.0,2020.0,NO,105.0,9.0,0.17142858
2021,9,00-0036422,A.Trautman,TE,NO,ATL,0,0,0.0,0,0.0,0.0,0.0,0,0.0,0,7,4,47.0,0,4.7,8.7,,,77.0,253.0,24.765764705882354,1.0,Dayton,2020.0,2020.0,NO,105.0,-2.0,0.16666667
2021,10,00-0036422,A.Trautman,TE,NO,TEN,0,0,0.0,0,0.0,0.0,0.0,0,0.0,0,6,5,32.0,0,3.2,8.2,,,77.0,253.0,24.765764705882354,1.0,Dayton,2020.0,2020.0,NO,105.0,,0.17142858
2021,11,00-0036422,A.Trautman,TE,NO,PHI,0,0,0.0,0,0.0,0.0,0.0,0,0.0,0,8,5,58.0,1,11.8,16.8,,,77.0,253.0,24.765764705882354,1.0,Dayton,2020.0,2020.0,NO,105.0,,0.22222222
2021,15,00-0036422,A.Trautman,TE,NO,TB,0,0,0.0,0,0.0,0.0,0.0,0,0.0,0,2,1,4.0,0,0.4,1.4,,,77.0,253.0,24.765764705882354,1.0,Dayton,2020.0,2020.0,NO,105.0,,0.08
2021,18,00-0036422,A.Trautman,TE,NO,ATL,0,0,0.0,0,0.0,0.0,0.0,0,0.0,0,1,1,18.0,1,7.8,8.8,,,77.0,253.0,24.765764705882354,1.0,Dayton,2020.0,2020.0,NO,105.0,,0.04347826
2021,1,00-0036423,A.Okwuegbunam,TE,DEN,NYG,0,0,0.0,0,0.0,0.0,0.0,0,0.0,0,3,3,16.0,1,5.6,8.6,,,77.0,255.0,23.544470588235292,1.0,Missouri,2020.0,2020.0,DEN,118.0,,0.08571429
2021,2,00-0036423,A.Okwuegbunam,TE,DEN,JAX,0,0,0.0,0,0.0,0.0,0.0,0,0.0,0,4,4,24.0,0,2.4,6.4,,,77.0,255.0,23.544470588235292,1.0,Missouri,2020.0,2020.0,DEN,118.0,,0.11764706
2021,3,00-0036423,A.Okwuegbunam,TE,DEN,NYJ,0,0,0.0,0,0.0,0.0,0.0,0,0.0,0,1,1,6.0,0,0.6,1.6,,,77.0,255.0,23.544470588235292,1.0,Missouri,2020.0,2020.0,DEN,118.0,26.0,0.041666668
2021,4,00-0036423,A.Okwuegbunam,TE,DEN,BAL,0,0,0.0,0,0.0,0.0,0.0,0,0.0,0,2,1,11.0,0,1.1,2.1,,,77.0,255.0,23.544470588235292,1.0,Missouri,2020.0,2020.0,DEN,118.0,-16.0,0.054054055
2021,8,00-0036423,A.Okwuegbunam,TE,DEN,WAS,0,0,0.0,0,0.0,0.0,0.0,0,0.0,0,3,3,34.0,0,3.4,6.4,,,77.0,255.0,23.544470588235292,1.0,Missouri,2020.0,2020.0,DEN,118.0,7.0,0.12
2021,9,00-0036423,A.Okwuegbunam,TE,DEN,DAL,0,0,0.0,0,0.0,0.0,0.0,0,0.0,0,5,4,25.0,0,2.5,6.5,,,77.0,255.0,23.544470588235292,1.0,Missouri,2020.0,2020.0,DEN,118.0,,0.20833333
2021,10,00-0036423,A.Okwuegbunam,TE,DEN,PHI,0,0,0.0,0,0.0,0.0,0.0,0,0.0,0,3,3,77.0,0,7.7,10.7,,,77.0,255.0,23.544470588235292,1.0,Missouri,2020.0,2020.0,DEN,118.0,-17.0,0.0882353
2021,12,00-0036423,A.Okwuegbunam,TE,DEN,LAC,0,0,0.0,0,0.0,0.0,0.0,0,0.0,0,2,1,12.0,0,1.2,2.2,,,77.0,255.0,23.544470588235292,1.0,Missouri,2020.0,2020.0,DEN,118.0,15.0,0.08695652
2021,13,00-0036423,A.Okwuegbunam,TE,DEN,KC,0,0,0.0,0,0.0,0.0,0.0,0,0.0,0,4,3,21.0,0,2.1,5.1,,,77.0,255.0,23.544470588235292,1.0,Missouri,2020.0,2020.0,DEN,118.0,,0.11111111
2021,14,00-0036423,A.Okwuegbunam,TE,DEN,DET,0,0,0.0,0,0.0,0.0,0.0,0,0.0,0,5,5,41.0,1,10.1,15.1,,,77.0,255.0,23.544470588235292,1.0,Missouri,2020.0,2020.0,DEN,118.0,28.0,0.2
2021,15,00-0036423,A.Okwuegbunam,TE,DEN,CIN,0,0,0.0,0,0.0,0.0,0.0,0,0.0,0,4,3,58.0,0,5.8,8.8,,,77.0,255.0,23.544470588235292,1.0,Missouri,2020.0,2020.0,DEN,118.0,-5.0,0.125
2021,16,00-0036423,A.Okwuegbunam,TE,DEN,LV,0,0,0.0,0,0.0,0.0,0.0,0,0.0,0,2,0,0.0,0,0.0,0.0,,,77.0,255.0,23.544470588235292,1.0,Missouri,2020.0,2020.0,DEN,118.0,,0.09090909
2021,17,00-0036423,A.Okwuegbunam,TE,DEN,LAC,0,0,0.0,0,0.0,0.0,0.0,0,0.0,0,2,2,5.0,0,0.5,2.5,,,77.0,255.0,23.544470588235292,1.0,Missouri,2020.0,2020.0,DEN,118.0,,0.074074075
2021,15,00-0036424,B.Hopkins,TE,LA,SEA,0,0,0.0,0,0.0,0.0,0.0,0,0.0,0,1,1,9.0,0,0.9,1.9,,,76.0,245.0,24.665619047619046,1.0,Purdue,2020.0,2020.0,LA,136.0,10.0,0.03448276
2021,22,00-0036424,B.Hopkins,TE,LA,CIN,0,0,0.0,0,0.0,0.0,0.0,0,0.0,0,4,4,47.0,0,4.7,8.7,,,76.0,245.0,24.665619047619046,1.0,Purdue,2020.0,2020.0,LA,136.0,,0.1
2021,1,00-0036425,D.Dallas,RB,SEA,IND,0,0,0.0,0,0.0,0.0,0.0,1,5.0,0,1,1,5.0,0,1.0,2.0,,,70.0,214.0,23.15335294117647,1.0,Miami,2020.0,2020.0,SEA,144.0,,0.04761905
2021,5,00-0036425,D.Dallas,RB,SEA,LA,0,0,0.0,0,0.0,0.0,0.0,4,7.0,0,2,2,32.0,0,3.9,5.9,,,70.0,214.0,23.15335294117647,1.0,Miami,2020.0,2020.0,SEA,144.0,-9.0,0.0625
2021,6,00-0036425,D.Dallas,RB,SEA,PIT,0,0,0.0,0,0.0,0.0,0.0,4,17.0,0,5,5,33.0,0,5.0,10.0,,,70.0,214.0,23.15335294117647,1.0,Miami,2020.0,2020.0,SEA,144.0,,0.16129032
2021,8,00-0036425,D.Dallas,RB,SEA,JAX,0,0,0.0,0,0.0,0.0,0.0,1,6.0,0,0,0,0.0,0,0.6,0.6,,,70.0,214.0,23.15335294117647,1.0,Miami,2020.0,2020.0,SEA,144.0,24.0,
2021,11,00-0036425,D.Dallas,RB,SEA,ARI,0,0,0.0,0,0.0,0.0,0.0,4,25.0,1,2,1,2.0,0,8.7,9.7,,,70.0,214.0,23.15335294117647,1.0,Miami,2020.0,2020.0,SEA,144.0,-10.0,0.08
2021,12,00-0036425,D.Dallas,RB,SEA,WAS,0,0,0.0,0,0.0,0.0,0.0,3,4.0,0,5,5,27.0,0,3.1,8.1,,,70.0,214.0,23.15335294117647,1.0,Miami,2020.0,2020.0,SEA,144.0,,0.16129032
2021,14,00-0036425,D.Dallas,RB,SEA,HOU,0,0,0.0,0,0.0,0.0,0.0,2,16.0,0,0,0,0.0,0,1.6,1.6,,,70.0,214.0,23.15335294117647,1.0,Miami,2020.0,2020.0,SEA,144.0,,
2021,15,00-0036425,D.Dallas,RB,SEA,LA,0,0,0.0,0,0.0,0.0,0.0,8,41.0,1,4,3,11.0,0,11.2,14.2,,,70.0,214.0,23.15335294117647,1.0,Miami,2020.0,2020.0,SEA,144.0,,0.14285715
2021,16,00-0036425,D.Dallas,RB,SEA,CHI,0,0,0.0,0,0.0,0.0,0.0,4,15.0,0,4,4,23.0,0,3.8,7.8,,,70.0,214.0,23.15335294117647,1.0,Miami,2020.0,2020.0,SEA,144.0,-1.0,0.14814815
2021,17,00-0036425,D.Dallas,RB,SEA,DET,0,0,0.0,0,0.0,0.0,0.0,1,1.0,0,0,0,0.0,0,0.1,0.1,,,70.0,214.0,23.15335294117647,1.0,Miami,2020.0,2020.0,SEA,144.0,22.0,
2021,18,00-0036425,D.Dallas,RB,SEA,ARI,0,0,0.0,0,0.0,0.0,0.0,1,1.0,0,0,0,0.0,0,0.1,0.1,,,70.0,214.0,23.15335294117647,1.0,Miami,2020.0,2020.0,SEA,144.0,,
2021,1,00-0036427,T.Johnson,WR,TB,DAL,0,0,0.0,0,0.0,0.0,0.0,0,0.0,0,1,0,0.0,0,0.0,0.0,,,73.0,205.0,23.23278947368421,1.0,Minnesota,2020.0,2020.0,TB,161.0,2.0,0.022222223
2021,2,00-0036427,T.Johnson,WR,TB,ATL,0,0,0.0,0,0.0,0.0,0.0,0,0.0,0,2,1,5.0,0,0.5,1.5,,,73.0,205.0,23.23278947368421,1.0,Minnesota,2020.0,2020.0,TB,161.0,23.0,0.057142857
2021,3,00-0036427,T.Johnson,WR,TB,LA,0,0,0.0,0,0.0,0.0,0.0,0,0.0,0,6,3,63.0,0,6.3,9.3,,,73.0,205.0,23.23278947368421,1.0,Minnesota,2020.0,2020.0,TB,161.0,,0.11111111
2021,4,00-0036427,T.Johnson,WR,TB,NE,0,0,0.0,0,0.0,0.0,0.0,0,0.0,0,2,0,0.0,0,0.0,0.0,,,73.0,205.0,23.23278947368421,1.0,Minnesota,2020.0,2020.0,TB,161.0,,0.046511628
2021,5,00-0036427,T.Johnson,WR,TB,MIA,0,0,0.0,0,0.0,0.0,0.0,0,0.0,0,3,3,42.0,0,4.2,7.2,,,73.0,205.0,23.23278947368421,1.0,Minnesota,2020.0,2020.0,TB,161.0,28.0,0.071428575
2021,7,00-0036427,T.Johnson,WR,TB,CHI,0,0,0.0,0,0.0,0.0,0.0,0,0.0,0,2,2,16.0,0,1.6,3.6,,,73.0,205.0,23.23278947368421,1.0,Minnesota,2020.0,2020.0,TB,161.0,35.0,0.051282052
2021,8,00-0036427,T.Johnson,WR,TB,NO,0,0,0.0,0,0.0,0.0,0.0,0,0.0,0,6,5,65.0,0,6.5,11.5,,,73.0,205.0,23.23278947368421,1.0,Minnesota,2020.0,2020.0,TB,161.0,,0.14634146
2021,10,00-0036427,T.Johnson,WR,TB,WAS,0,0,0.0,0,0.0,0.0,0.0,0,0.0,0,5,3,17.0,0,1.7,4.7,,,73.0,205.0,23.23278947368421,1.0,Minnesota,2020.0,2020.0,TB,161.0,,0.15151516
2021,11,00-0036427,T.Johnson,WR,TB,NYG,0,0,0.0,0,0.0,0.0,0.0,0,0.0,0,3,1,8.0,0,0.8,1.8,,,73.0,205.0,23.23278947368421,1.0,Minnesota,2020.0,2020.0,TB,161.0,20.0,0.06382979
2021,12,00-0036427,T.Johnson,WR,TB,IND,0,0,0.0,0,0.0,0.0,0.0,0,0.0,0,1,1,9.0,0,0.9,1.9,,,73.0,205.0,23.23278947368421,1.0,Minnesota,2020.0,2020.0,TB,161.0,,0.029411765
2021,13,00-0036427,T.Johnson,WR,TB,ATL,0,0,0.0,0,0.0,0.0,0.0,0,0.0,0,1,1,5.0,0,0.5,1.5,,,73.0,205.0,23.23278947368421,1.0,Minnesota,2020.0,2020.0,TB,161.0,,0.019607844
2021,14,00-0036427,T.Johnson,WR,TB,BUF,0,0,0.0,0,0.0,0.0,0.0,0,0.0,0,3,3,17.0,0,1.7,4.7,,,73.0,205.0,23.23278947368421,1.0,Minnesota,2020.0,2020.0,TB,161.0,6.0,0.06521739
2021,15,00-0036427,T.Johnson,WR,TB,NO,0,0,0.0,0,0.0,0.0,0.0,0,0.0,0,7,4,41.0,0,4.1,8.1,,,73.0,205.0,23.23278947368421,1.0,Minnesota,2020.0,2020.0,TB,161.0,-9.0,0.14583333
2021,17,00-0036427,T.Johnson,WR,TB,NYJ,0,0,0.0,0,0.0,0.0,0.0,0,0.0,0,6,4,50.0,0,5.0,9.0,,,73.0,205.0,23.23278947368421,1.0,Minnesota,2020.0,2020.0,TB,161.0,,0.12244898
2021,18,00-0036427,T.Johnson,WR,TB,CAR,0,0,0.0,0,0.0,0.0,0.0,0,0.0,0,7,5,22.0,0,2.2,7.2,,,73.0,205.0,23.23278947368421,1.0,Minnesota,2020.0,2020.0,TB,161.0,24.0,0.18421052
2021,19,00-0036427,T.Johnson,WR,TB,PHI,0,0,0.0,0,0.0,0.0,0.0,0,0.0,0,3,2,30.0,0,3.0,5.0,,,73.0,205.0,23.23278947368421,1.0,Minnesota,2020.0,2020.0,TB,161.0,16.0,0.083333336
2021,20,00-0036427,T.Johnson,WR,TB,LA,0,0,0.0,0,0.0,0.0,0.0,0,0.0,0,6,3,15.0,0,1.5,4.5,,,73.0,205.0,23.23278947368421,1.0,Minnesota,2020.0,2020.0,TB,161.0,-3.0,0.11320755
2021,5,00-0036429,C.Woerner,TE,SF,ARI,0,0,0.0,0,0.0,0.0,0.0,0,0.0,0,1,1,4.0,0,0.4,1.4,,,77.0,245.0,24.10295,1.0,Georgia,2020.0,2020.0,SF,190.0,,0.035714287
2021,7,00-0036429,C.Woerner,TE,SF,IND,0,0,0.0,0,0.0,0.0,0.0,0,0.0,0,2,2,30.0,0,3.0,5.0,,,77.0,245.0,24.10295,1.0,Georgia,2020.0,2020.0,SF,190.0,-12.0,0.074074075
2021,8,00-0036429,C.Woerner,TE,SF,CHI,0,0,0.0,0,0.0,0.0,0.0,0,0.0,0,2,1,7.0,0,0.7,1.7,,,77.0,245.0,24.10295,1.0,Georgia,2020.0,2020.0,SF,190.0,,0.074074075
2021,12,00-0036429,C.Woerner,TE,SF,MIN,0,0,0.0,0,0.0,0.0,0.0,0,0.0,0,1,1,11.0,0,1.1,2.1,,,77.0,245.0,24.10295,1.0,Georgia,2020.0,2020.0,SF,190.0,8.0,0.03846154
2021,20,00-0036429,C.Woerner,TE,SF,GB,0,0,0.0,0,0.0,0.0,0.0,0,0.0,0,1,0,0.0,0,0.0,0.0,,,77.0,245.0,24.10295,1.0,Georgia,2020.0,2020.0,SF,190.0,,0.055555556
2021,16,00-0036438,S.Sullivan,TE,CAR,TB,0,0,0.0,0,0.0,0.0,0.0,0,0.0,0,1,0,0.0,0,0.0,0.0,,,77.0,242.0,24.947,1.0,Louisiana State,2020.0,2020.0,SEA,251.0,-26.0,0.023255814
2021,7,00-0036439,T.Cleveland,WR,DEN,CLE,0,0,0.0,0,0.0,0.0,0.0,0,0.0,0,1,0,0.0,0,0.0,0.0,,,74.0,205.0,24.138647058823526,1.0,Florida,2020.0,2020.0,DEN,252.0,,0.03125
2021,1,00-0036442,J.Burrow,QB,CIN,MIN,20,27,261.0,2,0.0,5.0,44.0,1,2.0,0,0,0,0.0,0,18.64,18.64,,,76.0,216.0,24.958476190476194,1.0,Louisiana State,2020.0,2020.0,CIN,1.0,3.0,
2021,2,00-0036442,J.Burrow,QB,CIN,CHI,19,30,207.0,2,3.0,5.0,28.0,0,0.0,0,0,0,0.0,0,10.28,10.28,,,76.0,216.0,24.958476190476194,1.0,Louisiana State,2020.0,2020.0,CIN,1.0,,
2021,3,00-0036442,J.Burrow,QB,CIN,PIT,14,18,172.0,3,1.0,0.0,-0.0,5,7.0,0,0,0,0.0,0,17.58,17.58,,,76.0,216.0,24.958476190476194,1.0,Louisiana State,2020.0,2020.0,CIN,1.0,,
2021,4,00-0036442,J.Burrow,QB,CIN,JAX,25,32,348.0,2,0.0,1.0,6.0,3,4.0,0,0,0,0.0,0,22.32,22.32,,,76.0,216.0,24.958476190476194,1.0,Louisiana State,2020.0,2020.0,CIN,1.0,3.0,
2021,5,00-0036442,J.Burrow,QB,CIN,GB,26,38,281.0,2,2.0,3.0,17.0,3,11.0,0,0,0,0.0,0,18.34,18.34,,,76.0,216.0,24.958476190476194,1.0,Louisiana State,2020.0,2020.0,CIN,1.0,-3.0,
2021,6,00-0036442,J.Burrow,QB,CIN,DET,19,29,271.0,3,1.0,2.0,22.0,5,20.0,0,0,0,0.0,0,22.84,22.84,,,76.0,216.0,24.958476190476194,1.0,Louisiana State,2020.0,2020.0,CIN,1.0,,
2021,7,00-0036442,J.Burrow,QB,CIN,BAL,23,38,416.0,3,1.0,1.0,7.0,1,0.0,0,0,0,0.0,0,26.64,26.64,,,76.0,216.0,24.958476190476194,1.0,Louisiana State,2020.0,2020.0,CIN,1.0,,
2021,8,00-0036442,J.Burrow,QB,CIN,NYJ,21,34,259.0,3,1.0,3.0,28.0,1,-1.0,0,0,0,0.0,0,20.26,20.26,,,76.0,216.0,24.958476190476194,1.0,Louisiana State,2020.0,2020.0,CIN,1.0,,
2021,9,00-0036442,J.Burrow,QB,CIN,CLE,28,40,282.0,0,2.0,5.0,25.0,2,1.0,0,0,0,0.0,0,7.38,7.38,,,76.0,216.0,24.958476190476194,1.0,Louisiana State,2020.0,2020.0,CIN,1.0,-25.0,
2021,11,00-0036442,J.Burrow,QB,CIN,LV,20,29,148.0,1,0.0,3.0,19.0,3,11.0,0,0,0,0.0,0,9.02,9.02,,,76.0,216.0,24.958476190476194,1.0,Louisiana State,2020.0,2020.0,CIN,1.0,,
2021,12,00-0036442,J.Burrow,QB,CIN,PIT,20,24,190.0,1,1.0,2.0,18.0,1,8.0,1,0,0,0.0,0,16.4,16.4,,,76.0,216.0,24.958476190476194,1.0,Louisiana State,2020.0,2020.0,CIN,1.0,31.0,
2021,13,00-0036442,J.Burrow,QB,CIN,LAC,24,40,300.0,1,2.0,6.0,40.0,1,6.0,1,0,0,0.0,0,16.6,16.6,,,76.0,216.0,24.958476190476194,1.0,Louisiana State,2020.0,2020.0,CIN,1.0,-19.0,
2021,14,00-0036442,J.Burrow,QB,CIN,SF,25,34,348.0,2,0.0,5.0,37.0,2,3.0,0,0,0,0.0,0,22.22,22.22,,,76.0,216.0,24.958476190476194,1.0,Louisiana State,2020.0,2020.0,CIN,1.0,-3.0,
2021,15,00-0036442,J.Burrow,QB,CIN,DEN,15,22,157.0,1,0.0,3.0,21.0,5,25.0,0,0,0,0.0,0,12.78,12.78,,,76.0,216.0,24.958476190476194,1.0,Louisiana State,2020.0,2020.0,CIN,1.0,,
2021,16,00-0036442,J.Burrow,QB,CIN,BAL,37,46,525.0,4,0.0,3.0,27.0,2,11.0,0,0,0,0.0,0,38.1,38.1,,,76.0,216.0,24.958476190476194,1.0,Louisiana State,2020.0,2020.0,CIN,1.0,20.0,
2021,17,00-0036442,J.Burrow,QB,CIN,KC,30,39,446.0,4,0.0,4.0,31.0,5,10.0,0,0,0,0.0,0,34.84,34.84,,,76.0,216.0,24.958476190476194,1.0,Louisiana State,2020.0,2020.0,CIN,1.0,3.0,
2021,19,00-0036442,J.Burrow,QB,CIN,LV,24,34,244.0,2,0.0,2.0,19.0,2,-2.0,0,0,0,0.0,0,17.56,17.56,,,76.0,216.0,24.958476190476194,1.0,Louisiana State,2020.0,2020.0,CIN,1.0,7.0,
2021,20,00-0036442,J.Burrow,QB,CIN,TEN,28,37,348.0,0,1.0,9.0,68.0,2,5.0,0,0,0,0.0,0,12.42,12.42,,,76.0,216.0,24.958476190476194,1.0,Louisiana State,2020.0,2020.0,CIN,1.0,,
2021,21,00-0036442,J.Burrow,QB,CIN,KC,23,38,250.0,2,1.0,1.0,7.0,5,25.0,0,0,0,0.0,0,20.5,20.5,,,76.0,216.0,24.958476190476194,1.0,Louisiana State,2020.0,2020.0,CIN,1.0,,
2021,22,00-0036442,J.Burrow,QB,CIN,LA,22,33,263.0,1,0.0,7.0,43.0,2,3.0,0,0,0,0.0,0,14.82,14.82,,,76.0,216.0,24.958476190476194,1.0,Louisiana State,2020.0,2020.0,CIN,1.0,-3.0,
2021,7,00-0036450,K.Vaughn,RB,TB,CHI,0,0,0.0,0,0.0,0.0,0.0,5,27.0,0,0,0,0.0,0,2.7,2.7,,,70.0,215.0,24.541473684210526,1.0,Vanderbilt,2020.0,2020.0,TB,76.0,35.0,
2021,11,00-0036450,K.Vaughn,RB,TB,NYG,0,0,0.0,0,0.0,0.0,0.0,3,4.0,0,0,0,0.0,0,0.4,0.4,,,70.0,215.0,24.541473684210526,1.0,Vanderbilt,2020.0,2020.0,TB,76.0,20.0,
2021,15,00-0036450,K.Vaughn,RB,TB,NO,0,0,0.0,0,0.0,0.0,0.0,3,19.0,0,2,0,0.0,0,1.9,1.9,,,70.0,215.0,24.541473684210526,1.0,Vanderbilt,2020.0,2020.0,TB,76.0,-9.0,0.041666668
2021,16,00-0036450,K.Vaughn,RB,TB,CAR,0,0,0.0,0,0.0,0.0,0.0,7,70.0,1,1,0,0.0,0,13.0,13.0,,,70.0,215.0,24.541473684210526,1.0,Vanderbilt,2020.0,2020.0,TB,76.0,,0.03448276
2021,17,00-0036450,K.Vaughn,RB,TB,NYJ,0,0,0.0,0,0.0,0.0,0.0,8,31.0,0,3,2,14.0,0,4.5,6.5,,,70.0,215.0,24.541473684210526,1.0,Vanderbilt,2020.0,2020.0,TB,76.0,,0.06122449
2021,18,00-0036450,K.Vaughn,RB,TB,CAR,0,0,0.0,0,0.0,0.0,0.0,10,29.0,1,2,2,12.0,0,10.1,12.1,,,70.0,215.0,24.541473684210526,1.0,Vanderbilt,2020.0,2020.0,TB,76.0,24.0,0.05263158
2021,19,00-0036450,K.Vaughn,RB,TB,PHI,0,0,0.0,0,0.0,0.0,0.0,17,53.0,1,2,2,9.0,0,12.2,14.2,,,70.0,215.0,24.541473684210526,1.0,Vanderbilt,2020.0,2020.0,TB,76.0,16.0,0.055555556
2021,9,00-0036456,D.Dafney,TE,GB,KC,0,0,0.0,0,0.0,0.0,0.0,0,0.0,0,1,0,0.0,0,0.0,0.0,,,74.0,235.0,24.44622222222222,1.0,Indiana State,2020.0,2020.0,,,,0.03125
2021,11,00-0036456,D.Dafney,TE,GB,MIN,0,0,0.0,0,0.0,0.0,0.0,0,0.0,0,1,1,8.0,0,0.8,1.8,,,74.0,235.0,24.44622222222222,1.0,Indiana State,2020.0,2020.0,,,,0.032258064
2021,17,00-0036456,D.Dafney,TE,GB,MIN,0,0,0.0,0,0.0,0.0,0.0,0,0.0,0,1,0,0.0,0,0.0,0.0,,,74.0,235.0,24.44622222222222,1.0,Indiana State,2020.0,2020.0,,,27.0,0.023809524
2021,18,00-0036456,D.Dafney,TE,GB,DET,0,0,0.0,0,0.0,0.0,0.0,0,0.0,0,1,1,26.0,0,2.6,3.6,,,74.0,235.0,24.44622222222222,1.0,Indiana State,2020.0,2020.0,,,,0.028571429
2021,20,00-0036456,D.Dafney,TE,GB,SF,0,0,0.0,0,0.0,0.0,0.0,0,0.0,0,2,0,0.0,0,0.0,0.0,,,74.0,235.0,24.44622222222222,1.0,Indiana State,2020.0,2020.0,,,-3.0,0.074074075
2021,1,00-0036457,T.Williams,RB,BAL,LV,0,0,0.0,0,0.0,0.0,0.0,9,65.0,1,4,3,29.0,0,15.4,18.4,,,72.0,220.0,25.18570588235294,1.0,Brigham Young,2020.0,2020.0,,,,0.13793103
2021,2,00-0036457,T.Williams,RB,BAL,KC,0,0,0.0,0,0.0,0.0,0.0,13,77.0,0,2,2,16.0,0,9.3,11.3,,,72.0,220.0,25.18570588235294,1.0,Brigham Young,2020.0,2020.0,,,1.0,0.08
2021,3,00-0036457,T.Williams,RB,BAL,DET,0,0,0.0,0,0.0,0.0,0.0,5,22.0,0,1,0,0.0,0,2.2,2.2,,,72.0,220.0,25.18570588235294,1.0,Brigham Young,2020.0,2020.0,,,,0.037037037
2021,5,00-0036457,T.Williams,RB,BAL,IND,0,0,0.0,0,0.0,0.0,0.0,4,6.0,0,2,2,15.0,0,2.1,4.1,,,72.0,220.0,25.18570588235294,1.0,Brigham Young,2020.0,2020.0,,,6.0,0.046511628
2021,7,00-0036457,T.Williams,RB,BAL,CIN,0,0,0.0,0,0.0,0.0,0.0,2,10.0,0,2,2,24.0,0,3.4,5.4,,,72.0,220.0,25.18570588235294,1.0,Brigham Young,2020.0,2020.0,,,-24.0,0.048780486
2021,12,00-0036457,T.Williams,RB,BAL,CLE,0,0,0.0,0,0.0,0.0,0.0,1,1.0,0,1,0,0.0,0,0.1,0.1,,,72.0,220.0,25.18570588235294,1.0,Brigham Young,2020.0,2020.0,,,6.0,0.03125
2021,18,00-0036457,T.Williams,RB,BAL,PIT,0,0,0.0,0,0.0,0.0,0.0,1,4.0,0,0,0,0.0,0,0.4,0.4,,,72.0,220.0,25.18570588235294,1.0,Brigham Young,2020.0,2020.0,,,-3.0,
2021,1,00-0036482,M.Strachan,WR,IND,SEA,0,0,0.0,0,0.0,0.0,0.0,0,0.0,0,2,2,26.0,0,2.6,4.6,,,77.0,205.0,24.23935294117647,0.0,"Charleston, W. Va.",2021.0,2021.0,IND,229.0,-12.0,0.057142857
2021,2,00-0036482,M.Strachan,WR,IND,LA,0,0,0.0,0,0.0,0.0,0.0,0,0.0,0,1,0,0.0,0,0.0,0.0,,,77.0,205.0,24.23935294117647,0.0,"Charleston, W. Va.",2021.0,2021.0,IND,229.0,-3.0,0.028571429
2021,18,00-0036491,T.Black,WR,NYJ,BUF,0,0,0.0,0,0.0,0.0,0.0,0,0.0,0,2,1,10.0,0,1.0,2.0,,,75.0,217.0,23.745235294117645,0.0,Texas,2021.0,2021.0,,,,0.10526316
2021,11,00-0036493,D.Jackson,RB,IND,BUF,0,0,0.0,0,0.0,0.0,0.0,6,12.0,0,0,0,0.0,0,1.2,1.2,,,72.0,220.0,22.722529411764707,0.0,Duke,2021.0,2021.0,,,,
2021,13,00-0036493,D.Jackson,RB,IND,HOU,0,0,0.0,0,0.0,0.0,0.0,6,19.0,1,0,0,0.0,0,7.9,7.9,,,72.0,220.0,22.722529411764707,0.0,Duke,2021.0,2021.0,,,,
2021,17,00-0036493,D.Jackson,RB,IND,LV,0,0,0.0,0,0.0,0.0,0.0,1,0.0,0,0,0,0.0,0,0.0,0.0,,,72.0,220.0,22.722529411764707,0.0,Duke,2021.0,2021.0,,,-3.0,
2021,13,00-0036510,K.Yeboah,TE,NYJ,PHI,0,0,0.0,0,0.0,0.0,0.0,0,0.0,0,1,0,0.0,0,0.0,0.0,,,75.0,240.0,23.035588235294117,0.0,Mississippi,2021.0,2021.0,,,-15.0,0.027777778
2021,17,00-0036510,K.Yeboah,TE,NYJ,TB,0,0,0.0,0,0.0,0.0,0.0,0,0.0,0,2,2,36.0,0,3.6,5.6,,,75.0,240.0,23.035588235294117,0.0,Mississippi,2021.0,2021.0,,,-4.0,0.06666667
2021,14,00-0036523,T.Ragas,RB,LV,KC,0,0,0.0,0,0.0,0.0,0.0,1,9.0,0,2,2,6.0,0,1.5,3.5,,,70.0,230.0,25.020444444444443,0.0,Louisiana-Lafayette,2021.0,2021.0,,,,0.046511628
2021,14,00-0036534,S.Zylstra,TE,DET,DEN,0,0,0.0,0,0.0,0.0,0.0,0,0.0,0,6,2,18.0,0,1.8,3.8,,,76.0,215.0,24.984470588235293,0.0,Minn. State-Mankato,2021.0,2021.0,,,,0.15789473
2021,15,00-0036534,S.Zylstra,TE,DET,ARI,0,0,0.0,0,0.0,0.0,0.0,0,0.0,0,1,1,16.0,0,1.6,2.6,,,76.0,215.0,24.984470588235293,0.0,Minn. State-Mankato,2021.0,2021.0,,,18.0,0.03846154
2021,6,00-0036550,R.Bateman,WR,BAL,LAC,0,0,0.0,0,0.0,0.0,0.0,0,0.0,0,6,4,29.0,0,2.9,6.9,,,73.0,210.0,21.952235294117646,0.0,Minnesota,2021.0,2021.0,BAL,27.0,28.0,0.22222222
2021,7,00-0036550,R.Bateman,WR,BAL,CIN,0,0,0.0,0,0.0,0.0,0.0,0,0.0,0,6,3,80.0,0,8.0,11.0,,,73.0,210.0,21.952235294117646,0.0,Minnesota,2021.0,2021.0,BAL,27.0,-24.0,0.14634146
2021,9,00-0036550,R.Bateman,WR,BAL,MIN,0,0,0.0,0,0.0,0.0,0.0,0,0.0,0,8,5,52.0,0,5.2,10.2,,,73.0,210.0,21.952235294117646,0.0,Minnesota,2021.0,2021.0,BAL,27.0,3.0,0.19512194
2021,10,00-0036550,R.Bateman,WR,BAL,MIA,0,0,0.0,0,0.0,0.0,0.0,0,0.0,0,8,6,80.0,0,8.0,14.0,,,73.0,210.0,21.952235294117646,0.0,Minnesota,2021.0,2021.0,BAL,27.0,,0.19512194
2021,11,00-0036550,R.Bateman,WR,BAL,CHI,0,0,0.0,0,0.0,0.0,0.0,0,0.0,0,6,3,29.0,0,2.9,5.9,,,73.0,210.0,21.952235294117646,0.0,Minnesota,2021.0,2021.0,BAL,27.0,,0.16666667
2021,12,00-0036550,R.Bateman,WR,BAL,CLE,0,0,0.0,0,0.0,0.0,0.0,0,0.0,0,4,4,31.0,0,3.1,7.1,,,73.0,210.0,21.952235294117646,0.0,Minnesota,2021.0,2021.0,BAL,27.0,6.0,0.125
2021,13,00-0036550,R.Bateman,WR,BAL,PIT,0,0,0.0,0,0.0,0.0,0.0,0,0.0,0,1,0,0.0,0,0.0,0.0,,,73.0,210.0,21.952235294117646,0.0,Minnesota,2021.0,2021.0,BAL,27.0,,0.027027028
2021,14,00-0036550,R.Bateman,WR,BAL,CLE,0,0,0.0,0,0.0,0.0,0.0,0,0.0,0,8,7,103.0,0,10.3,17.3,,,73.0,210.0,21.952235294117646,0.0,Minnesota,2021.0,2021.0,BAL,27.0,,0.2
2021,15,00-0036550,R.Bateman,WR,BAL,GB,0,0,0.0,0,0.0,0.0,0.0,0,0.0,0,2,1,5.0,0,0.5,1.5,,,73.0,210.0,21.952235294117646,0.0,Minnesota,2021.0,2021.0,BAL,27.0,-1.0,0.051282052
2021,16,00-0036550,R.Bateman,WR,BAL,CIN,0,0,0.0,0,0.0,0.0,0.0,0,0.0,0,5,4,26.0,1,8.6,12.6,,,73.0,210.0,21.952235294117646,0.0,Minnesota,2021.0,2021.0,BAL,27.0,,0.13513513
2021,17,00-0036550,R.Bateman,WR,BAL,LA,0,0,0.0,0,0.0,0.0,0.0,0,0.0,0,10,7,58.0,0,5.8,12.8,,,73.0,210.0,21.952235294117646,0.0,Minnesota,2021.0,2021.0,BAL,27.0,-1.0,0.3448276
2021,18,00-0036550,R.Bateman,WR,BAL,PIT,0,0,0.0,0,0.0,0.0,0.0,0,0.0,0,4,2,22.0,0,2.2,4.2,,,73.0,210.0,21.952235294117646,0.0,Minnesota,2021.0,2021.0,BAL,27.0,-3.0,0.125
2021,1,00-0036554,N.Collins,WR,HOU,JAX,0,0,0.0,0,0.0,0.0,0.0,0,0.0,0,3,1,7.0,0,0.7,1.7,,,76.0,222.0,22.647823529411763,0.0,Michigan,2021.0,2021.0,HOU,89.0,16.0,0.09375
2021,2,00-0036554,N.Collins,WR,HOU,CLE,0,0,0.0,0,0.0,0.0,0.0,0,0.0,0,1,1,32.0,0,3.2,4.2,,,76.0,222.0,22.647823529411763,0.0,Michigan,2021.0,2021.0,HOU,89.0,,0.035714287
2021,6,00-0036554,N.Collins,WR,HOU,IND,0,0,0.0,0,0.0,0.0,0.0,0,0.0,0,6,4,44.0,0,4.4,8.4,,,76.0,222.0,22.647823529411763,0.0,Michigan,2021.0,2021.0,HOU,89.0,,0.14285715
2021,7,00-0036554,N.Collins,WR,HOU,ARI,0,0,0.0,0,0.0,0.0,0.0,0,0.0,0,5,2,28.0,0,2.8,4.8,,,76.0,222.0,22.647823529411763,0.0,Michigan,2021.0,2021.0,HOU,89.0,,0.16129032
2021,8,00-0036554,N.Collins,WR,HOU,LA,0,0,0.0,0,0.0,0.0,0.0,0,0.0,0,4,4,55.0,0,5.5,9.5,,,76.0,222.0,22.647823529411763,0.0,Michigan,2021.0,2021.0,HOU,89.0,-16.0,0.11111111
2021,9,00-0036554,N.Collins,WR,HOU,MIA,0,0,0.0,0,0.0,0.0,0.0,0,0.0,0,3,3,25.0,0,2.5,5.5,,,76.0,222.0,22.647823529411763,0.0,Michigan,2021.0,2021.0,HOU,89.0,,0.075
2021,11,00-0036554,N.Collins,WR,HOU,TEN,0,0,0.0,0,0.0,0.0,0.0,0,0.0,0,2,1,9.0,0,0.9,1.9,,,76.0,222.0,22.647823529411763,0.0,Michigan,2021.0,2021.0,HOU,89.0,,0.08695652
2021,12,00-0036554,N.Collins,WR,HOU,NYJ,0,0,0.0,0,0.0,0.0,0.0,0,0.0,0,5,2,28.0,0,2.8,4.8,,,76.0,222.0,22.647823529411763,0.0,Michigan,2021.0,2021.0,HOU,89.0,-7.0,0.1923077
2021,13,00-0036554,N.Collins,WR,HOU,IND,0,0,0.0,0,0.0,0.0,0.0,0,0.0,0,1,0,0.0,0,0.0,0.0,,,76.0,222.0,22.647823529411763,0.0,Michigan,2021.0,2021.0,HOU,89.0,-31.0,0.03846154
2021,14,00-0036554,N.Collins,WR,HOU,SEA,0,0,0.0,0,0.0,0.0,0.0,0,0.0,0,10,5,69.0,0,6.9,11.9,,,76.0,222.0,22.647823529411763,0.0,Michigan,2021.0,2021.0,HOU,89.0,-20.0,0.20833333
2021,15,00-0036554,N.Collins,WR,HOU,JAX,0,0,0.0,0,0.0,0.0,0.0,0,0.0,0,4,2,14.0,0,1.4,3.4,,,76.0,222.0,22.647823529411763,0.0,Michigan,2021.0,2021.0,HOU,89.0,,0.13333334
2021,16,00-0036554,N.Collins,WR,HOU,LAC,0,0,0.0,0,0.0,0.0,0.0,0,0.0,0,4,3,33.0,1,9.3,12.3,,,76.0,222.0,22.647823529411763,0.0,Michigan,2021.0,2021.0,HOU,89.0,12.0,0.14814815
2021,17,00-0036554,N.Collins,WR,HOU,SF,0,0,0.0,0,0.0,0.0,0.0,0,0.0,0,5,2,35.0,0,3.5,5.5,,,76.0,222.0,22.647823529411763,0.0,Michigan,2021.0,2021.0,HOU,89.0,,0.16666667
2021,18,00-0036554,N.Collins,WR,HOU,TEN,0,0,0.0,0,0.0,0.0,0.0,0,0.0,0,7,3,67.0,0,6.7,9.7,,,76.0,222.0,22.647823529411763,0.0,Michigan,2021.0,2021.0,HOU,89.0,-3.0,0.21875
2021,1,00-0036555,C.Hubbard,RB,CAR,NYJ,0,0,0.0,0,0.0,0.0,0.0,0,0.0,0,2,2,4.0,0,0.4,2.4,,,73.0,207.0,22.414411764705882,0.0,Oklahoma State,2021.0,2021.0,CAR,126.0,5.0,0.060606062
2021,2,00-0036555,C.Hubbard,RB,CAR,NO,0,0,0.0,0,0.0,0.0,0.0,8,10.0,0,1,0,0.0,0,1.0,1.0,,,73.0,207.0,22.414411764705882,0.0,Oklahoma State,2021.0,2021.0,CAR,126.0,19.0,0.027777778
2021,3,00-0036555,C.Hubbard,RB,CAR,HOU,0,0,0.0,0,0.0,0.0,0.0,11,52.0,0,5,3,27.0,0,7.9,10.9,,,73.0,207.0,22.414411764705882,0.0,Oklahoma State,2021.0,2021.0,CAR,126.0,,0.15151516
2021,4,00-0036555,C.Hubbard,RB,CAR,DAL,0,0,0.0,0,0.0,0.0,0.0,13,57.0,0,2,2,14.0,0,7.1,9.1,,,73.0,207.0,22.414411764705882,0.0,Oklahoma State,2021.0,2021.0,CAR,126.0,,0.051282052
2021,5,00-0036555,C.Hubbard,RB,CAR,PHI,0,0,0.0,0,0.0,0.0,0.0,24,101.0,0,6,5,33.0,0,13.4,18.4,,,73.0,207.0,22.414411764705882,0.0,Oklahoma State,2021.0,2021.0,CAR,126.0,-3.0,0.1764706
2021,6,00-0036555,C.Hubbard,RB,CAR,MIN,0,0,0.0,0,0.0,0.0,0.0,16,61.0,1,3,1,4.0,0,12.5,13.5,,,73.0,207.0,22.414411764705882,0.0,Oklahoma State,2021.0,2021.0,CAR,126.0,-6.0,0.07692308
2021,7,00-0036555,C.Hubbard,RB,CAR,NYG,0,0,0.0,0,0.0,0.0,0.0,12,28.0,0,5,4,28.0,0,5.6,9.6,,,73.0,207.0,22.414411764705882,0.0,Oklahoma State,2021.0,2021.0,CAR,126.0,,0.13157895
2021,8,00-0036555,C.Hubbard,RB,CAR,ATL,0,0,0.0,0,0.0,0.0,0.0,24,82.0,1,2,1,9.0,0,13.1,14.1,,,73.0,207.0,22.414411764705882,0.0,Oklahoma State,2021.0,2021.0,CAR,126.0,,0.083333336
2021,9,00-0036555,C.Hubbard,RB,CAR,NE,0,0,0.0,0,0.0,0.0,0.0,3,3.0,0,2,1,33.0,0,3.6,4.6,,,73.0,207.0,22.414411764705882,0.0,Oklahoma State,2021.0,2021.0,CAR,126.0,-18.0,0.06896552
2021,10,00-0036555,C.Hubbard,RB,CAR,ARI,0,0,0.0,0,0.0,0.0,0.0,9,27.0,1,0,0,0.0,0,8.7,8.7,,,73.0,207.0,22.414411764705882,0.0,Oklahoma State,2021.0,2021.0,CAR,126.0,,
2021,12,00-0036555,C.Hubbard,RB,CAR,MIA,0,0,0.0,0,0.0,0.0,0.0,2,6.0,0,1,0,0.0,0,0.6,0.6,,,73.0,207.0,22.414411764705882,0.0,Oklahoma State,2021.0,2021.0,CAR,126.0,,0.032258064
2021,14,00-0036555,C.Hubbard,RB,CAR,ATL,0,0,0.0,0,0.0,0.0,0.0,10,33.0,1,0,0,0.0,0,9.3,9.3,,,73.0,207.0,22.414411764705882,0.0,Oklahoma State,2021.0,2021.0,CAR,126.0,-8.0,
2021,15,00-0036555,C.Hubbard,RB,CAR,BUF,0,0,0.0,0,0.0,0.0,0.0,8,40.0,0,1,1,1.0,0,4.1,5.1,,,73.0,207.0,22.414411764705882,0.0,Oklahoma State,2021.0,2021.0,CAR,126.0,,0.027777778
2021,16,00-0036555,C.Hubbard,RB,CAR,TB,0,0,0.0,0,0.0,0.0,0.0,6,9.0,0,1,0,0.0,0,0.9,0.9,,,73.0,207.0,22.414411764705882,0.0,Oklahoma State,2021.0,2021.0,CAR,126.0,-26.0,0.023255814
2021,17,00-0036555,C.Hubbard,RB,CAR,NO,0,0,0.0,0,0.0,0.0,0.0,17,55.0,1,4,3,13.0,0,12.8,15.8,,,73.0,207.0,22.414411764705882,0.0,Oklahoma State,2021.0,2021.0,CAR,126.0,,0.16666667
2021,18,00-0036555,C.Hubbard,RB,CAR,TB,0,0,0.0,0,0.0,0.0,0.0,9,48.0,0,2,2,8.0,1,11.6,13.6,,,73.0,207.0,22.414411764705882,0.0,Oklahoma State,2021.0,2021.0,CAR,126.0,,0.04761905
2021,8,00-0036556,B.Jordan,TE,HOU,LA,0,0,0.0,0,0.0,0.0,0.0,0,0.0,0,4,3,41.0,1,10.1,13.1,,,75.0,245.0,21.31994117647059,0.0,Miami,2021.0,2021.0,HOU,147.0,-16.0,0.11111111
2021,9,00-0036556,B.Jordan,TE,HOU,MIA,0,0,0.0,0,0.0,0.0,0.0,0,0.0,0,2,2,9.0,0,0.9,2.9,,,75.0,245.0,21.31994117647059,0.0,Miami,2021.0,2021.0,HOU,147.0,,0.05
2021,11,00-0036556,B.Jordan,TE,HOU,TEN,0,0,0.0,0,0.0,0.0,0.0,0,0.0,0,3,1,7.0,0,0.7,1.7,,,75.0,245.0,21.31994117647059,0.0,Miami,2021.0,2021.0,HOU,147.0,,0.13043478
2021,12,00-0036556,B.Jordan,TE,HOU,NYJ,0,0,0.0,0,0.0,0.0,0.0,0,0.0,0,3,3,23.0,1,8.3,11.3,,,75.0,245.0,21.31994117647059,0.0,Miami,2021.0,2021.0,HOU,147.0,-7.0,0.115384616
2021,13,00-0036556,B.Jordan,TE,HOU,IND,0,0,0.0,0,0.0,0.0,0.0,0,0.0,0,4,2,7.0,0,0.7,2.7,,,75.0,245.0,21.31994117647059,0.0,Miami,2021.0,2021.0,HOU,147.0,-31.0,0.15384616
2021,14,00-0036556,B.Jordan,TE,HOU,SEA,0,0,0.0,0,0.0,0.0,0.0,0,0.0,0,7,4,26.0,1,8.6,12.6,,,75.0,245.0,21.31994117647059,0.0,Miami,2021.0,2021.0,HOU,147.0,-20.0,0.14583333
2021,16,00-0036556,B.Jordan,TE,HOU,LAC,0,0,0.0,0,0.0,0.0,0.0,0,0.0,0,4,4,56.0,0,5.6,9.6,,,75.0,245.0,21.31994117647059,0.0,Miami,2021.0,2021.0,HOU,147.0,12.0,0.14814815
2021,17,00-0036556,B.Jordan,TE,HOU,SF,0,0,0.0,0,0.0,0.0,0.0,0,0.0,0,1,1,9.0,0,0.9,1.9,,,75.0,245.0,21.31994117647059,0.0,Miami,2021.0,2021.0,HOU,147.0,,0.033333335
2021,19,00-0036560,T.Doyle,T,BUF,NE,0,0,0.0,0,0.0,0.0,0.0,0,0.0,0,1,1,1.0,1,6.1,7.1,,,80.0,315.0,23.539157894736842,0.0,"Miami, O.",2021.0,2021.0,BUF,161.0,30.0,0.04
2021,20,00-0036564,T.Hufanga,SS,SF,SF,0,0,0.0,0,0.0,0.0,0.0,0,0.0,0,0,0,0.0,0,6.0,6.0,,,72.0,215.0,21.808699999999998,0.0,Southern California,2021.0,2021.0,SF,180.0,,
2021,1,00-0036567,E.Mitchell,RB,SF,DET,0,0,0.0,0,0.0,0.0,0.0,19,104.0,1,0,0,0.0,0,16.4,16.4,,,70.0,221.0,23.5608,0.0,Louisiana-Lafayette,2021.0,2021.0,SF,194.0,,
2021,2,00-0036567,E.Mitchell,RB,SF,PHI,0,0,0.0,0,0.0,0.0,0.0,17,42.0,0,2,2,11.0,0,5.3,7.3,,,70.0,221.0,23.5608,0.0,Louisiana-Lafayette,2021.0,2021.0,SF,194.0,,0.06666667
2021,5,00-0036567,E.Mitchell,RB,SF,ARI,0,0,0.0,0,0.0,0.0,0.0,9,43.0,0,2,2,19.0,0,6.2,8.2,,,70.0,221.0,23.5608,0.0,Louisiana-Lafayette,2021.0,2021.0,SF,194.0,,0.071428575
2021,7,00-0036567,E.Mitchell,RB,SF,IND,0,0,0.0,0,0.0,0.0,0.0,18,107.0,1,0,0,0.0,0,16.7,16.7,,,70.0,221.0,23.5608,0.0,Louisiana-Lafayette,2021.0,2021.0,SF,194.0,-12.0,
2021,8,00-0036567,E.Mitchell,RB,SF,CHI,0,0,0.0,0,0.0,0.0,0.0,18,137.0,1,0,0,0.0,0,19.7,19.7,,,70.0,221.0,23.5608,0.0,Louisiana-Lafayette,2021.0,2021.0,SF,194.0,,
2021,9,00-0036567,E.Mitchell,RB,SF,ARI,0,0,0.0,0,0.0,0.0,0.0,8,36.0,0,5,5,43.0,0,7.9,12.9,,,70.0,221.0,23.5608,0.0,Louisiana-Lafayette,2021.0,2021.0,SF,194.0,-14.0,0.12820514
2021,10,00-0036567,E.Mitchell,RB,SF,LA,0,0,0.0,0,0.0,0.0,0.0,27,91.0,0,0,0,0.0,0,9.1,9.1,,,70.0,221.0,23.5608,0.0,Louisiana-Lafayette,2021.0,2021.0,SF,194.0,21.0,
2021,12,00-0036567,E.Mitchell,RB,SF,MIN,0,0,0.0,0,0.0,0.0,0.0,27,133.0,1,6,5,35.0,0,22.8,27.8,,,70.0,221.0,23.5608,0.0,Louisiana-Lafayette,2021.0,2021.0,SF,194.0,8.0,0.23076923
2021,13,00-0036567,E.Mitchell,RB,SF,SEA,0,0,0.0,0,0.0,0.0,0.0,22,66.0,1,3,3,18.0,0,14.4,17.4,,,70.0,221.0,23.5608,0.0,Louisiana-Lafayette,2021.0,2021.0,SF,194.0,,0.1
2021,17,00-0036567,E.Mitchell,RB,SF,HOU,0,0,0.0,0,0.0,0.0,0.0,21,119.0,0,2,2,11.0,1,19.0,21.0,,,70.0,221.0,23.5608,0.0,Louisiana-Lafayette,2021.0,2021.0,SF,194.0,16.0,0.08695652
2021,18,00-0036567,E.Mitchell,RB,SF,LA,0,0,0.0,0,0.0,0.0,0.0,21,85.0,0,0,0,0.0,0,8.5,8.5,,,70.0,221.0,23.5608,0.0,Louisiana-Lafayette,2021.0,2021.0,SF,194.0,,
2021,19,00-0036567,E.Mitchell,RB,SF,DAL,0,0,0.0,0,0.0,0.0,0.0,27,96.0,1,2,1,-11.0,0,14.5,15.5,,,70.0,221.0,23.5608,0.0,Louisiana-Lafayette,2021.0,2021.0,SF,194.0,,0.08
2021,20,00-0036567,E.Mitchell,RB,SF,GB,0,0,0.0,0,0.0,0.0,0.0,17,53.0,0,4,3,18.0,0,7.1,10.1,,,70.0,221.0,23.5608,0.0,Louisiana-Lafayette,2021.0,2021.0,SF,194.0,,0.22222222
2021,21,00-0036567,E.Mitchell,RB,SF,LA,0,0,0.0,0,0.0,0.0,0.0,11,20.0,0,3,3,50.0,0,7.0,10.0,,,70.0,221.0,23.5608,0.0,Louisiana-Lafayette,2021.0,2021.0,SF,194.0,,0.10344828
2021,1,00-0036569,G.Brightwell,RB,NYG,DEN,0,0,0.0,0,0.0,0.0,0.0,0,0.0,0,1,1,6.0,0,0.6,1.6,,,73.0,218.0,23.699470588235297,0.0,Arizona,2021.0,2021.0,NYG,196.0,-14.0,0.027777778
2021,3,00-0036569,G.Brightwell,RB,NYG,ATL,0,0,0.0,0,0.0,0.0,0.0,1,4.0,0,0,0,0.0,0,0.4,0.4,,,73.0,218.0,23.699470588235297,0.0,Arizona,2021.0,2021.0,NYG,196.0,-3.0,
2021,6,00-0036572,S.Smith,WR,CAR,MIN,0,0,0.0,0,0.0,0.0,0.0,0,0.0,0,2,2,20.0,0,2.0,4.0,,,70.0,190.0,23.038705882352943,0.0,South Carolina,2021.0,2021.0,CAR,204.0,-6.0,0.051282052
2021,7,00-0036572,S.Smith,WR,CAR,NYG,0,0,0.0,0,0.0,0.0,0.0,1,-3.0,0,2,0,0.0,0,-0.3,-0.3,,,70.0,190.0,23.038705882352943,0.0,South Carolina,2021.0,2021.0,CAR,204.0,,0.05263158
2021,8,00-0036572,S.Smith,WR,CAR,ATL,0,0,0.0,0,0.0,0.0,0.0,0,0.0,0,1,1,-2.0,0,-0.2,0.8,,,70.0,190.0,23.038705882352943,0.0,South Carolina,2021.0,2021.0,CAR,204.0,,0.041666668
2021,16,00-0036572,S.Smith,WR,CAR,TB,0,0,0.0,0,0.0,0.0,0.0,0,0.0,0,5,3,86.0,0,8.6,11.6,,,70.0,190.0,23.038705882352943,0.0,South Carolina,2021.0,2021.0,CAR,204.0,-26.0,0.11627907
2021,17,00-0036572,S.Smith,WR,CAR,NO,0,0,0.0,0,0.0,0.0,0.0,0,0.0,0,1,0,0.0,0,0.0,0.0,,,70.0,190.0,23.038705882352943,0.0,South Carolina,2021.0,2021.0,CAR,204.0,,0.041666668
2021,13,00-0036582,N.McCrary,RB,BAL,PIT,0,0,0.0,0,0.0,0.0,0.0,1,-1.0,0,0,0,0.0,0,-0.1,-0.1,,,72.0,225.0,22.59270588235294,0.0,Saginaw Valley State,2021.0,2021.0,,,,
2021,1,00-0036613,J.Waddle,WR,MIA,NE,0,0,0.0,0,0.0,0.0,0.0,0,0.0,0,5,4,61.0,1,12.1,16.1,,,70.0,182.0,22.955529411764704,0.0,Alabama,2021.0,2021.0,MIA,6.0,,0.18518518
2021,2,00-0036613,J.Waddle,WR,MIA,BUF,0,0,0.0,0,0.0,0.0,0.0,0,0.0,0,8,6,48.0,0,4.8,10.8,,,70.0,182.0,22.955529411764704,0.0,Alabama,2021.0,2021.0,MIA,6.0,-35.0,0.1904762
2021,3,00-0036613,J.Waddle,WR,MIA,LV,0,0,0.0,0,0.0,0.0,0.0,0,0.0,0,13,12,58.0,0,5.8,17.8,,,70.0,182.0,22.955529411764704,0.0,Alabama,2021.0,2021.0,MIA,6.0,,0.27659574
2021,4,00-0036613,J.Waddle,WR,MIA,IND,0,0,0.0,0,0.0,0.0,0.0,0,0.0,0,4,3,33.0,0,3.3,6.3,,,70.0,182.0,22.955529411764704,0.0,Alabama,2021.0,2021.0,MIA,6.0,-10.0,0.13333334
2021,5,00-0036613,J.Waddle,WR,MIA,TB,0,0,0.0,0,0.0,0.0,0.0,1,2.0,0,6,2,31.0,0,3.3,5.3,,,70.0,182.0,22.955529411764704,0.0,Alabama,2021.0,2021.0,MIA,6.0,,0.15384616
2021,6,00-0036613,J.Waddle,WR,MIA,JAX,0,0,0.0,0,0.0,0.0,0.0,0,0.0,0,13,10,70.0,2,19.0,29.0,,,70.0,182.0,22.955529411764704,0.0,Alabama,2021.0,2021.0,MIA,6.0,,0.27659574
2021,7,00-0036613,J.Waddle,WR,MIA,ATL,0,0,0.0,0,0.0,0.0,0.0,0,0.0,0,8,7,83.0,0,8.3,15.3,,,70.0,182.0,22.955529411764704,0.0,Alabama,2021.0,2021.0,MIA,6.0,-2.0,0.2
2021,8,00-0036613,J.Waddle,WR,MIA,BUF,0,0,0.0,0,0.0,0.0,0.0,0,0.0,0,11,4,29.0,0,2.9,6.9,,,70.0,182.0,22.955529411764704,0.0,Alabama,2021.0,2021.0,MIA,6.0,,0.30555555
2021,9,00-0036613,J.Waddle,WR,MIA,HOU,0,0,0.0,0,0.0,0.0,0.0,0,0.0,0,10,8,83.0,0,8.3,16.3,,,70.0,182.0,22.955529411764704,0.0,Alabama,2021.0,2021.0,MIA,6.0,8.0,0.25
2021,10,00-0036613,J.Waddle,WR,MIA,BAL,0,0,0.0,0,0.0,0.0,0.0,0,0.0,0,6,4,61.0,0,6.1,10.1,,,70.0,182.0,22.955529411764704,0.0,Alabama,2021.0,2021.0,MIA,6.0,12.0,0.1764706
2021,11,00-0036613,J.Waddle,WR,MIA,NYJ,0,0,0.0,0,0.0,0.0,0.0,1,1.0,1,9,8,65.0,0,12.6,20.6,,,70.0,182.0,22.955529411764704,0.0,Alabama,2021.0,2021.0,MIA,6.0,,0.2647059
2021,12,00-0036613,J.Waddle,WR,MIA,CAR,0,0,0.0,0,0.0,0.0,0.0,0,0.0,0,10,9,137.0,1,19.7,28.7,,,70.0,182.0,22.955529411764704,0.0,Alabama,2021.0,2021.0,MIA,6.0,23.0,0.32258064
2021,13,00-0036613,J.Waddle,WR,MIA,NYG,0,0,0.0,0,0.0,0.0,0.0,0,0.0,0,11,9,90.0,0,9.0,18.0,,,70.0,182.0,22.955529411764704,0.0,Alabama,2021.0,2021.0,MIA,6.0,11.0,0.2682927
2021,16,00-0036613,J.Waddle,WR,MIA,NO,0,0,0.0,0,0.0,0.0,0.0,0,0.0,0,12,10,92.0,1,15.2,25.2,,,70.0,182.0,22.955529411764704,0.0,Alabama,2021.0,2021.0,MIA,6.0,,0.46153846
2021,17,00-0036613,J.Waddle,WR,MIA,TEN,0,0,0.0,0,0.0,0.0,0.0,0,0.0,0,7,3,47.0,0,4.7,7.7,,,70.0,182.0,22.955529411764704,0.0,Alabama,2021.0,2021.0,MIA,6.0,,0.18421052
2021,18,00-0036613,J.Waddle,WR,MIA,NE,0,0,0.0,0,0.0,0.0,0.0,0,0.0,0,7,5,27.0,1,8.7,13.7,,,70.0,182.0,22.955529411764704,0.0,Alabama,2021.0,2021.0,MIA,6.0,9.0,0.33333334
2021,1,00-0036620,D.Eskridge,WR,SEA,IND,0,0,0.0,0,0.0,0.0,0.0,2,22.0,0,1,1,6.0,0,2.8,3.8,,,69.0,190.0,24.637176470588233,0.0,Western Michigan,2021.0,2021.0,SEA,56.0,,0.04761905
2021,10,00-0036620,D.Eskridge,WR,SEA,GB,0,0,0.0,0,0.0,0.0,0.0,0,0.0,0,2,1,-4.0,0,-0.4,0.6,,,69.0,190.0,24.637176470588233,0.0,Western Michigan,2021.0,2021.0,SEA,56.0,,0.05263158
2021,12,00-0036620,D.Eskridge,WR,SEA,WAS,0,0,0.0,0,0.0,0.0,0.0,0,0.0,0,3,2,10.0,0,1.0,3.0,,,69.0,190.0,24.637176470588233,0.0,Western Michigan,2021.0,2021.0,SEA,56.0,,0.09677419
2021,13,00-0036620,D.Eskridge,WR,SEA,SF,0,0,0.0,0,0.0,0.0,0.0,0,0.0,0,3,3,35.0,1,9.5,12.5,,,69.0,190.0,24.637176470588233,0.0,Western Michigan,2021.0,2021.0,SEA,56.0,7.0,0.08108108
2021,14,00-0036620,D.Eskridge,WR,SEA,HOU,0,0,0.0,0,0.0,0.0,0.0,0,0.0,0,1,0,0.0,0,0.0,0.0,,,69.0,190.0,24.637176470588233,0.0,Western Michigan,2021.0,2021.0,SEA,56.0,,0.035714287
2021,15,00-0036620,D.Eskridge,WR,SEA,LA,0,0,0.0,0,0.0,0.0,0.0,0,0.0,0,4,0,0.0,0,0.0,0.0,,,69.0,190.0,24.637176470588233,0.0,Western Michigan,2021.0,2021.0,SEA,56.0,,0.14285715
2021,16,00-0036620,D.Eskridge,WR,SEA,CHI,0,0,0.0,0,0.0,0.0,0.0,1,7.0,0,3,2,10.0,0,1.7,3.7,,,69.0,190.0,24.637176470588233,0.0,Western Michigan,2021.0,2021.0,SEA,56.0,-1.0,0.11111111
2021,17,00-0036620,D.Eskridge,WR,SEA,DET,0,0,0.0,0,0.0,0.0,0.0,1,30.0,0,3,1,7.0,0,3.7,4.7,,,69.0,190.0,24.637176470588233,0.0,Western Michigan,2021.0,2021.0,SEA,56.0,22.0,0.10714286
2021,1,00-0036626,D.Brown,WR,WAS,LAC,0,0,0.0,0,0.0,0.0,0.0,0,0.0,0,4,1,-2.0,0,-0.2,0.8,,,72.0,185.0,22.027823529411766,0.0,North Carolina,2021.0,2021.0,WAS,82.0,-4.0,0.2
2021,2,00-0036626,D.Brown,WR,WAS,NYG,0,0,0.0,0,0.0,0.0,0.0,0,0.0,0,6,3,34.0,0,3.4,6.4,,,72.0,185.0,22.027823529411766,0.0,North Carolina,2021.0,2021.0,WAS,82.0,1.0,0.13636364
2021,3,00-0036626,D.Brown,WR,WAS,BUF,0,0,0.0,0,0.0,0.0,0.0,1,-4.0,0,2,0,0.0,0,-0.4,-0.4,,,72.0,185.0,22.027823529411766,0.0,North Carolina,2021.0,2021.0,WAS,82.0,,0.083333336
2021,4,00-0036626,D.Brown,WR,WAS,ATL,0,0,0.0,0,0.0,0.0,0.0,0,0.0,0,2,1,19.0,0,1.9,2.9,,,72.0,185.0,22.027823529411766,0.0,North Carolina,2021.0,2021.0,WAS,82.0,,0.060606062
2021,6,00-0036626,D.Brown,WR,WAS,KC,0,0,0.0,0,0.0,0.0,0.0,0,0.0,0,6,3,30.0,0,3.0,6.0,,,72.0,185.0,22.027823529411766,0.0,North Carolina,2021.0,2021.0,WAS,82.0,-18.0,0.15384616
2021,13,00-0036626,D.Brown,WR,WAS,LV,0,0,0.0,0,0.0,0.0,0.0,0,0.0,0,1,1,6.0,0,0.6,1.6,,,72.0,185.0,22.027823529411766,0.0,North Carolina,2021.0,2021.0,WAS,82.0,,0.033333335
2021,14,00-0036626,D.Brown,WR,WAS,DAL,0,0,0.0,0,0.0,0.0,0.0,0,0.0,0,1,0,0.0,0,0.0,0.0,,,72.0,185.0,22.027823529411766,0.0,North Carolina,2021.0,2021.0,WAS,82.0,-7.0,0.030303031
2021,16,00-0036626,D.Brown,WR,WAS,DAL,0,0,0.0,0,0.0,0.0,0.0,0,0.0,0,2,2,53.0,0,5.3,7.3,,,72.0,185.0,22.027823529411766,0.0,North Carolina,2021.0,2021.0,WAS,82.0,,0.06666667
2021,17,00-0036626,D.Brown,WR,WAS,PHI,0,0,0.0,0,0.0,0.0,0.0,0,0.0,0,1,1,25.0,0,2.5,3.5,,,72.0,185.0,22.027823529411766,0.0,North Carolina,2021.0,2021.0,WAS,82.0,-4.0,0.029411765
2021,10,00-0036627,D.Fitzpatrick,WR,TEN,NO,0,0,0.0,0,0.0,0.0,0.0,0,0.0,0,1,1,0.0,0,0.0,1.0,,,74.0,202.0,23.907,0.0,Louisville,2021.0,2021.0,TEN,109.0,2.0,0.037037037
2021,11,00-0036627,D.Fitzpatrick,WR,TEN,HOU,0,0,0.0,0,0.0,0.0,0.0,0,0.0,0,6,3,35.0,1,9.5,12.5,,,74.0,202.0,23.907,0.0,Louisville,2021.0,2021.0,TEN,109.0,-9.0,0.11764706
2021,12,00-0036627,D.Fitzpatrick,WR,TEN,NE,0,0,0.0,0,0.0,0.0,0.0,0,0.0,0,1,1,14.0,0,1.4,2.4,,,74.0,202.0,23.907,0.0,Louisville,2021.0,2021.0,TEN,109.0,,0.04761905
2021,6,00-0036628,J.Bates,TE,WAS,KC,0,0,0.0,0,0.0,0.0,0.0,0,0.0,0,1,1,7.0,0,0.7,1.7,,,78.0,256.0,24.012823529411765,0.0,Boise State,2021.0,2021.0,WAS,124.0,-18.0,0.025641026
2021,8,00-0036628,J.Bates,TE,WAS,DEN,0,0,0.0,0,0.0,0.0,0.0,0,0.0,0,1,1,4.0,0,0.4,1.4,,,78.0,256.0,24.012823529411765,0.0,Boise State,2021.0,2021.0,WAS,124.0,,0.027027028
2021,10,00-0036628,J.Bates,TE,WAS,TB,0,0,0.0,0,0.0,0.0,0.0,0,0.0,0,3,3,25.0,0,2.5,5.5,,,78.0,256.0,24.012823529411765,0.0,Boise State,2021.0,2021.0,WAS,124.0,10.0,0.09375
2021,11,00-0036628,J.Bates,TE,WAS,CAR,0,0,0.0,0,0.0,0.0,0.0,0,0.0,0,3,3,23.0,0,2.3,5.3,,,78.0,256.0,24.012823529411765,0.0,Boise State,2021.0,2021.0,WAS,124.0,,0.15
2021,12,00-0036628,J.Bates,TE,WAS,SEA,0,0,0.0,0,0.0,0.0,0.0,0,0.0,0,1,1,15.0,0,1.5,2.5,,,78.0,256.0,24.012823529411765,0.0,Boise State,2021.0,2021.0,WAS,124.0,2.0,0.029411765
2021,13,00-0036628,J.Bates,TE,WAS,LV,0,0,0.0,0,0.0,0.0,0.0,0,0.0,0,4,3,42.0,0,4.2,7.2,,,78.0,256.0,24.012823529411765,0.0,Boise State,2021.0,2021.0,WAS,124.0,,0.13333334
2021,14,00-0036628,J.Bates,TE,WAS,DAL,0,0,0.0,0,0.0,0.0,0.0,0,0.0,0,2,1,19.0,0,1.9,2.9,,,78.0,256.0,24.012823529411765,0.0,Boise State,2021.0,2021.0,WAS,124.0,-7.0,0.060606062
2021,15,00-0036628,J.Bates,TE,WAS,PHI,0,0,0.0,0,0.0,0.0,0.0,0,0.0,0,1,1,29.0,0,2.9,3.9,,,78.0,256.0,24.012823529411765,0.0,Boise State,2021.0,2021.0,WAS,124.0,,0.033333335
2021,16,00-0036628,J.Bates,TE,WAS,DAL,0,0,0.0,0,0.0,0.0,0.0,0,0.0,0,3,2,45.0,1,10.5,12.5,,,78.0,256.0,24.012823529411765,0.0,Boise State,2021.0,2021.0,WAS,124.0,,0.1
2021,17,00-0036628,J.Bates,TE,WAS,PHI,0,0,0.0,0,0.0,0.0,0.0,0,0.0,0,4,3,35.0,0,3.5,6.5,,,78.0,256.0,24.012823529411765,0.0,Boise State,2021.0,2021.0,WAS,124.0,-4.0,0.11764706
2021,18,00-0036628,J.Bates,TE,WAS,NYG,0,0,0.0,0,0.0,0.0,0.0,0,0.0,0,2,1,5.0,0,0.5,1.5,,,78.0,256.0,24.012823529411765,0.0,Boise State,2021.0,2021.0,WAS,124.0,,0.11764706
2021,12,00-0036630,T.Wallace,WR,BAL,CLE,0,0,0.0,0,0.0,0.0,0.0,0,0.0,0,1,0,0.0,0,0.0,0.0,,,71.0,190.0,22.499882352941174,0.0,Oklahoma State,2021.0,2021.0,BAL,131.0,6.0,0.03125
2021,15,00-0036630,T.Wallace,WR,BAL,GB,0,0,0.0,0,0.0,0.0,0.0,0,0.0,0,2,1,5.0,0,0.5,1.5,,,71.0,190.0,22.499882352941174,0.0,Oklahoma State,2021.0,2021.0,BAL,131.0,-1.0,0.051282052
2021,16,00-0036630,T.Wallace,WR,BAL,CIN,0,0,0.0,0,0.0,0.0,0.0,0,0.0,0,2,1,18.0,0,1.8,2.8,,,71.0,190.0,22.499882352941174,0.0,Oklahoma State,2021.0,2021.0,BAL,131.0,,0.054054055
2021,18,00-0036630,T.Wallace,WR,BAL,PIT,0,0,0.0,0,0.0,0.0,0.0,0,0.0,0,1,0,0.0,0,0.0,0.0,,,71.0,190.0,22.499882352941174,0.0,Oklahoma State,2021.0,2021.0,BAL,131.0,-3.0,0.03125
2021,8,00-0036635,I.Smith-Marsette,WR,MIN,DAL,0,0,0.0,0,0.0,0.0,0.0,0,0.0,0,1,1,6.0,0,0.6,1.6,,,73.0,179.0,22.205176470588235,0.0,Iowa,2021.0,2021.0,MIN,157.0,-4.0,0.030303031
2021,15,00-0036635,I.Smith-Marsette,WR,MIN,CHI,0,0,0.0,0,0.0,0.0,0.0,0,0.0,0,2,1,7.0,1,6.7,7.7,,,73.0,179.0,22.205176470588235,0.0,Iowa,2021.0,2021.0,MIN,157.0,,0.09090909
2021,18,00-0036635,I.Smith-Marsette,WR,MIN,CHI,0,0,0.0,0,0.0,0.0,0.0,0,0.0,0,3,3,103.0,1,16.3,19.3,,,73.0,179.0,22.205176470588235,0.0,Iowa,2021.0,2021.0,MIN,157.0,14.0,0.14285715
2021,3,00-0036637,N.Gray,TE,KC,LAC,0,0,0.0,0,0.0,0.0,0.0,0,0.0,0,1,1,5.0,0,0.5,1.5,,,76.0,240.0,22.5612,0.0,Duke,2021.0,2021.0,KC,162.0,-6.0,0.025
2021,4,00-0036637,N.Gray,TE,KC,PHI,0,0,0.0,0,0.0,0.0,0.0,0,0.0,0,1,0,0.0,0,0.0,0.0,,,76.0,240.0,22.5612,0.0,Duke,2021.0,2021.0,KC,162.0,,0.033333335
2021,7,00-0036637,N.Gray,TE,KC,TEN,0,0,0.0,0,0.0,0.0,0.0,0,0.0,0,1,1,4.0,0,0.4,1.4,,,76.0,240.0,22.5612,0.0,Duke,2021.0,2021.0,KC,162.0,,0.020833334
2021,10,00-0036637,N.Gray,TE,KC,LV,0,0,0.0,0,0.0,0.0,0.0,0,0.0,0,3,1,1.0,1,6.1,7.1,,,76.0,240.0,22.5612,0.0,Duke,2021.0,2021.0,KC,162.0,,0.0625
2021,11,00-0036637,N.Gray,TE,KC,DAL,0,0,0.0,0,0.0,0.0,0.0,0,0.0,0,1,1,8.0,0,0.8,1.8,,,76.0,240.0,22.5612,0.0,Duke,2021.0,2021.0,KC,162.0,10.0,0.030303031
2021,16,00-0036637,N.Gray,TE,KC,PIT,0,0,0.0,0,0.0,0.0,0.0,0,0.0,0,2,2,12.0,0,1.2,3.2,,,76.0,240.0,22.5612,0.0,Duke,2021.0,2021.0,KC,162.0,26.0,0.06896552
2021,17,00-0036637,N.Gray,TE,KC,CIN,0,0,0.0,0,0.0,0.0,0.0,0,0.0,0,1,1,6.0,0,0.6,1.6,,,76.0,240.0,22.5612,0.0,Duke,2021.0,2021.0,KC,162.0,,0.029411765
2021,19,00-0036637,N.Gray,TE,KC,PIT,0,0,0.0,0,0.0,0.0,0.0,0,0.0,0,2,0,0.0,0,0.0,0.0,,,76.0,240.0,22.5612,0.0,Duke,2021.0,2021.0,KC,162.0,21.0,0.05263158
2021,20,00-0036637,N.Gray,TE,KC,BUF,0,0,0.0,0,0.0,0.0,0.0,0,0.0,0,2,2,14.0,0,1.4,3.4,,,76.0,240.0,22.5612,0.0,Duke,2021.0,2021.0,KC,162.0,6.0,0.04761905
2021,1,00-0036650,L.Rountree,RB,LAC,WAS,0,0,0.0,0,0.0,0.0,0.0,8,27.0,0,0,0,0.0,0,2.7,2.7,,,70.0,210.0,22.744470588235295,0.0,Missouri,2021.0,2021.0,LAC,198.0,,
2021,2,00-0036650,L.Rountree,RB,LAC,DAL,0,0,0.0,0,0.0,0.0,0.0,1,-1.0,0,1,1,-1.0,0,-0.2,0.8,,,70.0,210.0,22.744470588235295,0.0,Missouri,2021.0,2021.0,LAC,198.0,-3.0,0.025
2021,3,00-0036650,L.Rountree,RB,LAC,KC,0,0,0.0,0,0.0,0.0,0.0,4,3.0,0,1,0,0.0,0,0.3,0.3,,,70.0,210.0,22.744470588235295,0.0,Missouri,2021.0,2021.0,LAC,198.0,,0.028571429
2021,4,00-0036650,L.Rountree,RB,LAC,LV,0,0,0.0,0,0.0,0.0,0.0,11,31.0,0,0,0,0.0,0,3.1,3.1,,,70.0,210.0,22.744470588235295,0.0,Missouri,2021.0,2021.0,LAC,198.0,14.0,
2021,8,00-0036650,L.Rountree,RB,LAC,NE,0,0,0.0,0,0.0,0.0,0.0,4,11.0,0,0,0,0.0,0,1.1,1.1,,,70.0,210.0,22.744470588235295,0.0,Missouri,2021.0,2021.0,LAC,198.0,-3.0,
2021,9,00-0036650,L.Rountree,RB,LAC,PHI,0,0,0.0,0,0.0,0.0,0.0,1,1.0,0,0,0,0.0,0,0.1,0.1,,,70.0,210.0,22.744470588235295,0.0,Missouri,2021.0,2021.0,LAC,198.0,,
2021,10,00-0036650,L.Rountree,RB,LAC,MIN,0,0,0.0,0,0.0,0.0,0.0,5,10.0,1,0,0,0.0,0,7.0,7.0,,,70.0,210.0,22.744470588235295,0.0,Missouri,2021.0,2021.0,LAC,198.0,-7.0,
2021,11,00-0036650,L.Rountree,RB,LAC,PIT,0,0,0.0,0,0.0,0.0,0.0,2,5.0,0,0,0,0.0,0,0.5,0.5,,,70.0,210.0,22.744470588235295,0.0,Missouri,2021.0,2021.0,LAC,198.0,4.0,
2021,3,00-0036652,R.McMath,WR,TEN,IND,0,0,0.0,0,0.0,0.0,0.0,0,0.0,0,1,0,0.0,0,0.0,0.0,,,75.0,224.0,22.41761111111111,0.0,Louisiana State,2021.0,2021.0,TEN,205.0,9.0,0.03846154
2021,14,00-0036652,R.McMath,WR,TEN,JAX,0,0,0.0,0,0.0,0.0,0.0,0,0.0,0,2,1,9.0,0,0.9,1.9,,,75.0,224.0,22.41761111111111,0.0,Louisiana State,2021.0,2021.0,TEN,205.0,20.0,0.06666667
2021,15,00-0036652,R.McMath,WR,TEN,PIT,0,0,0.0,0,0.0,0.0,0.0,0,0.0,0,1,1,-1.0,0,-2.1,-1.1,,,75.0,224.0,22.41761111111111,0.0,Louisiana State,2021.0,2021.0,TEN,205.0,,0.03125
2021,16,00-0036652,R.McMath,WR,TEN,SF,0,0,0.0,0,0.0,0.0,0.0,0,0.0,0,1,0,0.0,0,0.0,0.0,,,75.0,224.0,22.41761111111111,0.0,Louisiana State,2021.0,2021.0,TEN,205.0,3.0,0.033333335
2021,18,00-0036652,R.McMath,WR,TEN,HOU,0,0,0.0,0,0.0,0.0,0.0,0,0.0,0,1,0,0.0,0,0.0,0.0,,,75.0,224.0,22.41761111111111,0.0,Louisiana State,2021.0,2021.0,TEN,205.0,,0.03125
2021,2,00-0036654,D.Felton,RB,CLE,HOU,0,0,0.0,0,0.0,0.0,0.0,0,0.0,0,2,2,51.0,1,11.1,13.1,,,69.0,185.0,23.318117647058823,0.0,UCLA,2021.0,2021.0,CLE,211.0,10.0,0.0952381
2021,3,00-0036654,D.Felton,RB,CLE,CHI,0,0,0.0,0,0.0,0.0,0.0,0,0.0,0,3,2,13.0,0,1.3,3.3,,,69.0,185.0,23.318117647058823,0.0,UCLA,2021.0,2021.0,CLE,211.0,20.0,0.10344828
2021,4,00-0036654,D.Felton,RB,CLE,MIN,0,0,0.0,0,0.0,0.0,0.0,0,0.0,0,2,2,12.0,0,1.2,3.2,,,69.0,185.0,23.318117647058823,0.0,UCLA,2021.0,2021.0,CLE,211.0,,0.06451613
2021,6,00-0036654,D.Felton,RB,CLE,ARI,0,0,0.0,0,0.0,0.0,0.0,0,0.0,0,2,2,14.0,0,1.4,3.4,,,69.0,185.0,23.318117647058823,0.0,UCLA,2021.0,2021.0,CLE,211.0,-23.0,0.06451613
2021,7,00-0036654,D.Felton,RB,CLE,DEN,0,0,0.0,0,0.0,0.0,0.0,2,13.0,0,3,3,21.0,0,3.4,6.4,,,69.0,185.0,23.318117647058823,0.0,UCLA,2021.0,2021.0,CLE,211.0,3.0,0.09375
2021,8,00-0036654,D.Felton,RB,CLE,PIT,0,0,0.0,0,0.0,0.0,0.0,1,3.0,0,1,1,14.0,0,1.7,2.7,,,69.0,185.0,23.318117647058823,0.0,UCLA,2021.0,2021.0,CLE,211.0,-5.0,0.032258064
2021,9,00-0036654,D.Felton,RB,CLE,CIN,0,0,0.0,0,0.0,0.0,0.0,0,0.0,0,1,1,22.0,0,2.2,3.2,,,69.0,185.0,23.318117647058823,0.0,UCLA,2021.0,2021.0,CLE,211.0,,0.05263158
2021,11,00-0036654,D.Felton,RB,CLE,DET,0,0,0.0,0,0.0,0.0,0.0,3,2.0,0,0,0,0.0,0,0.2,0.2,,,69.0,185.0,23.318117647058823,0.0,UCLA,2021.0,2021.0,CLE,211.0,3.0,
2021,12,00-0036654,D.Felton,RB,CLE,BAL,0,0,0.0,0,0.0,0.0,0.0,0,0.0,0,1,0,0.0,0,0.0,0.0,,,69.0,185.0,23.318117647058823,0.0,UCLA,2021.0,2021.0,CLE,211.0,,0.029411765
2021,15,00-0036654,D.Felton,RB,CLE,LV,0,0,0.0,0,0.0,0.0,0.0,0,0.0,0,4,3,16.0,0,1.6,4.6,,,69.0,185.0,23.318117647058823,0.0,UCLA,2021.0,2021.0,CLE,211.0,-2.0,0.13793103
2021,18,00-0036654,D.Felton,RB,CLE,CIN,0,0,0.0,0,0.0,0.0,0.0,1,6.0,0,2,2,18.0,1,8.4,10.4,,,69.0,185.0,23.318117647058823,0.0,UCLA,2021.0,2021.0,CLE,211.0,5.0,0.083333336
2021,17,00-0036657,S.Williams,WR,DEN,LAC,0,0,0.0,0,0.0,0.0,0.0,0,0.0,0,1,1,34.0,0,3.4,4.4,,,74.0,211.0,21.584235294117647,0.0,Auburn,2021.0,2021.0,DEN,219.0,,0.037037037
2021,1,00-0036669,K.Hill,RB,GB,NO,0,0,0.0,0,0.0,0.0,0.0,5,14.0,0,0,0,0.0,0,1.4,1.4,,,70.0,215.0,23.23888888888889,0.0,Mississippi State,2021.0,2021.0,GB,256.0,,
2021,2,00-0036669,K.Hill,RB,GB,DET,0,0,0.0,0,0.0,0.0,0.0,2,8.0,0,0,0,0.0,0,0.8,0.8,,,70.0,215.0,23.23888888888889,0.0,Mississippi State,2021.0,2021.0,GB,256.0,18.0,
2021,5,00-0036669,K.Hill,RB,GB,CIN,0,0,0.0,0,0.0,0.0,0.0,0,0.0,0,1,1,5.0,0,0.5,1.5,,,70.0,215.0,23.23888888888889,0.0,Mississippi State,2021.0,2021.0,GB,256.0,,0.028571429
2021,7,00-0036669,K.Hill,RB,GB,WAS,0,0,0.0,0,0.0,0.0,0.0,3,2.0,0,1,0,0.0,0,0.2,0.2,,,70.0,215.0,23.23888888888889,0.0,Mississippi State,2021.0,2021.0,GB,256.0,14.0,0.029411765
2021,8,00-0036670,J.Jefferson,RB,DET,PHI,0,0,0.0,0,0.0,0.0,0.0,2,6.0,1,4,4,23.0,0,8.9,12.9,,,70.0,209.0,21.573117647058822,0.0,Oregon State,2021.0,2021.0,DET,257.0,-38.0,0.125
2021,10,00-0036670,J.Jefferson,RB,DET,PIT,0,0,0.0,0,0.0,0.0,0.0,3,41.0,1,0,0,0.0,0,10.1,10.1,,,70.0,209.0,21.573117647058822,0.0,Oregon State,2021.0,2021.0,DET,257.0,,
2021,13,00-0036670,J.Jefferson,RB,DET,MIN,0,0,0.0,0,0.0,0.0,0.0,5,18.0,0,1,0,0.0,0,1.8,1.8,,,70.0,209.0,21.573117647058822,0.0,Oregon State,2021.0,2021.0,DET,257.0,2.0,0.02631579
2021,15,00-0036670,J.Jefferson,RB,DET,ARI,0,0,0.0,0,0.0,0.0,0.0,5,9.0,0,0,0,0.0,0,0.9,0.9,,,70.0,209.0,21.573117647058822,0.0,Oregon State,2021.0,2021.0,DET,257.0,18.0,
2021,5,00-0036671,D.Milne,WR,WAS,NO,0,0,0.0,0,0.0,0.0,0.0,0,0.0,0,1,1,6.0,0,0.6,1.6,,,73.0,190.0,22.386647058823527,0.0,Brigham Young,2021.0,2021.0,WAS,258.0,-11.0,0.024390243
2021,6,00-0036671,D.Milne,WR,WAS,KC,0,0,0.0,0,0.0,0.0,0.0,0,0.0,0,1,0,0.0,0,0.0,0.0,,,73.0,190.0,22.386647058823527,0.0,Brigham Young,2021.0,2021.0,WAS,258.0,-18.0,0.025641026
2021,7,00-0036671,D.Milne,WR,WAS,GB,0,0,0.0,0,0.0,0.0,0.0,0,0.0,0,4,2,16.0,0,1.6,3.6,,,73.0,190.0,22.386647058823527,0.0,Brigham Young,2021.0,2021.0,WAS,258.0,,0.11111111
2021,8,00-0036671,D.Milne,WR,WAS,DEN,0,0,0.0,0,0.0,0.0,0.0,0,0.0,0,2,1,22.0,0,2.2,3.2,,,73.0,190.0,22.386647058823527,0.0,Brigham Young,2021.0,2021.0,WAS,258.0,,0.054054055
2021,10,00-0036671,D.Milne,WR,WAS,TB,0,0,0.0,0,0.0,0.0,0.0,0,0.0,0,2,2,22.0,0,0.2,2.2,,,73.0,190.0,22.386647058823527,0.0,Brigham Young,2021.0,2021.0,WAS,258.0,10.0,0.0625
2021,11,00-0036671,D.Milne,WR,WAS,CAR,0,0,0.0,0,0.0,0.0,0.0,0,0.0,0,1,1,5.0,0,0.5,1.5,,,73.0,190.0,22.386647058823527,0.0,Brigham Young,2021.0,2021.0,WAS,258.0,,0.05
2021,15,00-0036671,D.Milne,WR,WAS,PHI,0,0,0.0,0,0.0,0.0,0.0,0,0.0,0,1,1,-2.0,0,-0.2,0.8,,,73.0,190.0,22.386647058823527,0.0,Brigham Young,2021.0,2021.0,WAS,258.0,,0.033333335
2021,16,00-0036671,D.Milne,WR,WAS,DAL,0,0,0.0,0,0.0,0.0,0.0,0,0.0,0,1,1,14.0,0,1.4,2.4,,,73.0,190.0,22.386647058823527,0.0,Brigham Young,2021.0,2021.0,WAS,258.0,,0.033333335
2021,17,00-0036671,D.Milne,WR,WAS,PHI,0,0,0.0,0,0.0,0.0,0.0,1,1.0,0,1,0,0.0,0,0.1,0.1,,,73.0,190.0,22.386647058823527,0.0,Brigham Young,2021.0,2021.0,WAS,258.0,-4.0,0.029411765
2021,1,00-0036698,M.Sargent,RB,TEN,ARI,0,0,0.0,0,0.0,0.0,0.0,1,2.0,0,0,0,0.0,0,0.2,0.2,,,68.0,209.0,24.090823529411765,0.0,Iowa,2021.0,2021.0,,,-25.0,
2021,3,00-0036698,M.Sargent,RB,TEN,IND,0,0,0.0,0,0.0,0.0,0.0,1,2.0,0,0,0,0.0,0,0.2,0.2,,,68.0,209.0,24.090823529411765,0.0,Iowa,2021.0,2021.0,,,9.0,
2021,13,00-0036698,M.Sargent,RB,LA,JAX,0,0,0.0,0,0.0,0.0,0.0,2,5.0,0,0,0,0.0,0,0.5,0.5,,,68.0,209.0,24.090823529411765,0.0,Iowa,2021.0,2021.0,,,30.0,
2021,18,00-0036698,M.Sargent,RB,JAX,IND,0,0,0.0,0,0.0,0.0,0.0,1,2.0,0,1,0,0.0,0,0.2,0.2,,,68.0,209.0,24.090823529411765,0.0,Iowa,2021.0,2021.0,,,15.0,0.03125
2021,12,00-0036727,A.Prentice,FB,NO,BUF,0,0,0.0,0,0.0,0.0,0.0,0,0.0,0,1,1,10.0,0,1.0,2.0,,,72.0,245.0,24.820647058823532,0.0,South Carolina,2021.0,2021.0,,,-25.0,0.035714287
2021,16,00-0036727,A.Prentice,FB,NO,MIA,0,0,0.0,0,0.0,0.0,0.0,1,2.0,0,0,0,0.0,0,0.2,0.2,,,72.0,245.0,24.820647058823532,0.0,South Carolina,2021.0,2021.0,,,-17.0,
2021,17,00-0036727,A.Prentice,FB,NO,CAR,0,0,0.0,0,0.0,0.0,0.0,1,2.0,0,1,1,4.0,0,0.6,1.6,,,72.0,245.0,24.820647058823532,0.0,South Carolina,2021.0,2021.0,,,8.0,0.04347826
2021,18,00-0036727,A.Prentice,FB,NO,ATL,0,0,0.0,0,0.0,0.0,0.0,1,1.0,0,1,1,2.0,0,0.3,1.3,,,72.0,245.0,24.820647058823532,0.0,South Carolina,2021.0,2021.0,,,,0.04347826
2021,8,00-0036741,J.Stoll,TE,PHI,DET,0,0,0.0,0,0.0,0.0,0.0,0,0.0,0,1,1,9.0,0,0.9,1.9,,,76.0,260.0,23.790222222222223,0.0,Nebraska,2021.0,2021.0,,,,0.0625
2021,10,00-0036741,J.Stoll,TE,PHI,DEN,0,0,0.0,0,0.0,0.0,0.0,0,0.0,0,3,2,6.0,0,0.6,2.6,,,76.0,260.0,23.790222222222223,0.0,Nebraska,2021.0,2021.0,,,,0.13636364
2021,15,00-0036741,J.Stoll,TE,PHI,WAS,0,0,0.0,0,0.0,0.0,0.0,0,0.0,0,1,1,7.0,0,0.7,1.7,,,76.0,260.0,23.790222222222223,0.0,Nebraska,2021.0,2021.0,,,10.0,0.03846154
2021,10,00-0036754,B.Wright,TE,DET,PIT,0,0,0.0,0,0.0,0.0,0.0,0,0.0,0,2,1,2.0,0,0.2,1.2,,,77.0,255.0,22.955764705882352,0.0,Notre Dame,2021.0,2021.0,,,,0.083333336
2021,11,00-0036754,B.Wright,TE,DET,CLE,0,0,0.0,0,0.0,0.0,0.0,0,0.0,0,1,1,12.0,0,1.2,2.2,,,77.0,255.0,22.955764705882352,0.0,Notre Dame,2021.0,2021.0,,,,0.04347826
2021,13,00-0036754,B.Wright,TE,DET,MIN,0,0,0.0,0,0.0,0.0,0.0,0,0.0,0,3,2,28.0,1,8.8,10.8,,,77.0,255.0,22.955764705882352,0.0,Notre Dame,2021.0,2021.0,,,2.0,0.078947365
2021,14,00-0036754,B.Wright,TE,DET,DEN,0,0,0.0,0,0.0,0.0,0.0,0,0.0,0,5,3,20.0,0,2.0,5.0,,,77.0,255.0,22.955764705882352,0.0,Notre Dame,2021.0,2021.0,,,,0.13157895
2021,15,00-0036754,B.Wright,TE,DET,ARI,0,0,0.0,0,0.0,0.0,0.0,0,0.0,0,1,0,0.0,0,0.0,0.0,,,77.0,255.0,22.955764705882352,0.0,Notre Dame,2021.0,2021.0,,,18.0,0.03846154
2021,16,00-0036754,B.Wright,TE,DET,ATL,0,0,0.0,0,0.0,0.0,0.0,0,0.0,0,3,3,4.0,0,0.4,3.4,,,77.0,255.0,22.955764705882352,0.0,Notre Dame,2021.0,2021.0,,,,0.08571429
2021,18,00-0036754,B.Wright,TE,DET,GB,0,0,0.0,0,0.0,0.0,0.0,0,0.0,0,2,2,51.0,1,11.1,13.1,,,77.0,255.0,22.955764705882352,0.0,Notre Dame,2021.0,2021.0,,,7.0,0.06896552
2021,1,00-0036755,J.Patterson,RB,WAS,LAC,0,0,0.0,0,0.0,0.0,0.0,2,9.0,0,0,0,0.0,0,0.9,0.9,,,69.0,195.0,21.88564705882353,0.0,Buffalo,2021.0,2021.0,,,-4.0,
2021,4,00-0036755,J.Patterson,RB,WAS,ATL,0,0,0.0,0,0.0,0.0,0.0,2,1.0,0,1,1,11.0,0,1.2,2.2,,,69.0,195.0,21.88564705882353,0.0,Buffalo,2021.0,2021.0,,,,0.030303031
2021,5,00-0036755,J.Patterson,RB,WAS,NO,0,0,0.0,0,0.0,0.0,0.0,4,13.0,0,0,0,0.0,0,1.3,1.3,,,69.0,195.0,21.88564705882353,0.0,Buffalo,2021.0,2021.0,,,-11.0,
2021,6,00-0036755,J.Patterson,RB,WAS,KC,0,0,0.0,0,0.0,0.0,0.0,1,5.0,0,1,1,-2.0,0,0.3,1.3,,,69.0,195.0,21.88564705882353,0.0,Buffalo,2021.0,2021.0,,,-18.0,0.025641026
2021,8,00-0036755,J.Patterson,RB,WAS,DEN,0,0,0.0,0,0.0,0.0,0.0,11,46.0,0,1,0,0.0,0,4.6,4.6,,,69.0,195.0,21.88564705882353,0.0,Buffalo,2021.0,2021.0,,,,0.027027028
2021,10,00-0036755,J.Patterson,RB,WAS,TB,0,0,0.0,0,0.0,0.0,0.0,4,7.0,0,0,0,0.0,0,0.7,0.7,,,69.0,195.0,21.88564705882353,0.0,Buffalo,2021.0,2021.0,,,10.0,
2021,11,00-0036755,J.Patterson,RB,WAS,CAR,0,0,0.0,0,0.0,0.0,0.0,7,23.0,0,0,0,0.0,0,2.3,2.3,,,69.0,195.0,21.88564705882353,0.0,Buffalo,2021.0,2021.0,,,,
2021,12,00-0036755,J.Patterson,RB,WAS,SEA,0,0,0.0,0,0.0,0.0,0.0,1,0.0,0,0,0,0.0,0,0.0,0.0,,,69.0,195.0,21.88564705882353,0.0,Buffalo,2021.0,2021.0,,,2.0,
2021,13,00-0036755,J.Patterson,RB,WAS,LV,0,0,0.0,0,0.0,0.0,0.0,1,2.0,0,0,0,0.0,0,0.2,0.2,,,69.0,195.0,21.88564705882353,0.0,Buffalo,2021.0,2021.0,,,,
2021,14,00-0036755,J.Patterson,RB,WAS,DAL,0,0,0.0,0,0.0,0.0,0.0,4,29.0,0,1,1,9.0,0,3.8,4.8,,,69.0,195.0,21.88564705882353,0.0,Buffalo,2021.0,2021.0,,,-7.0,0.030303031
2021,15,00-0036755,J.Patterson,RB,WAS,PHI,0,0,0.0,0,0.0,0.0,0.0,4,20.0,1,0,0,0.0,0,8.0,8.0,,,69.0,195.0,21.88564705882353,0.0,Buffalo,2021.0,2021.0,,,,
2021,16,00-0036755,J.Patterson,RB,WAS,DAL,0,0,0.0,0,0.0,0.0,0.0,9,33.0,0,0,0,0.0,0,3.3,3.3,,,69.0,195.0,21.88564705882353,0.0,Buffalo,2021.0,2021.0,,,,
2021,17,00-0036755,J.Patterson,RB,WAS,PHI,0,0,0.0,0,0.0,0.0,0.0,12,57.0,1,5,5,41.0,0,15.8,20.8,,,69.0,195.0,21.88564705882353,0.0,Buffalo,2021.0,2021.0,,,-4.0,0.14705883
2021,18,00-0036755,J.Patterson,RB,WAS,NYG,0,0,0.0,0,0.0,0.0,0.0,6,21.0,0,2,2,14.0,0,3.5,5.5,,,69.0,195.0,21.88564705882353,0.0,Buffalo,2021.0,2021.0,,,,0.11764706
2021,14,00-0036768,J.Hardy,RB,DAL,WAS,0,0,0.0,0,0.0,0.0,0.0,1,3.0,0,0,0,0.0,0,0.3,0.3,,,70.0,225.0,23.873055555555553,0.0,Tiffin,2021.0,2021.0,,,,
2021,18,00-0036768,J.Hardy,RB,DAL,PHI,0,0,0.0,0,0.0,0.0,0.0,3,26.0,1,0,0,0.0,0,8.6,8.6,,,70.0,225.0,23.873055555555553,0.0,Tiffin,2021.0,2021.0,,,,
2021,4,00-0036825,F.Franks,TE,ATL,WAS,0,0,0.0,0,0.0,0.0,0.0,1,3.0,0,0,0,0.0,0,0.3,0.3,,,78.0,245.0,23.889823529411764,0.0,Arkansas,2021.0,2021.0,,,-4.0,
2021,9,00-0036825,F.Franks,TE,ATL,NO,0,0,0.0,0,0.0,0.0,0.0,2,3.0,0,0,0,0.0,0,0.3,0.3,,,78.0,245.0,23.889823529411764,0.0,Arkansas,2021.0,2021.0,,,,
2021,11,00-0036825,F.Franks,TE,ATL,NE,0,1,0.0,0,1.0,0.0,-0.0,0,0.0,0,0,0,0.0,0,-2.0,-2.0,,,78.0,245.0,23.889823529411764,0.0,Arkansas,2021.0,2021.0,,,-25.0,
2021,9,00-0036842,K.Nwangwu,RB,MIN,BAL,0,0,0.0,0,0.0,0.0,0.0,1,9.0,0,0,0,0.0,0,6.9,6.9,,,73.0,205.0,23.75464705882353,0.0,Iowa State,2021.0,2021.0,MIN,119.0,,
2021,12,00-0036842,K.Nwangwu,RB,MIN,SF,0,0,0.0,0,0.0,0.0,0.0,1,7.0,0,0,0,0.0,0,6.7,6.7,,,73.0,205.0,23.75464705882353,0.0,Iowa State,2021.0,2021.0,MIN,119.0,,
2021,13,00-0036842,K.Nwangwu,RB,MIN,DET,0,0,0.0,0,0.0,0.0,0.0,2,0.0,0,3,2,4.0,0,0.4,2.4,,,73.0,205.0,23.75464705882353,0.0,Iowa State,2021.0,2021.0,MIN,119.0,,0.07317073
2021,15,00-0036842,K.Nwangwu,RB,MIN,CHI,0,0,0.0,0,0.0,0.0,0.0,3,33.0,0,0,0,0.0,0,3.3,3.3,,,73.0,205.0,23.75464705882353,0.0,Iowa State,2021.0,2021.0,MIN,119.0,,
2021,16,00-0036842,K.Nwangwu,RB,MIN,LA,0,0,0.0,0,0.0,0.0,0.0,5,8.0,0,2,2,5.0,0,1.3,3.3,,,73.0,205.0,23.75464705882353,0.0,Iowa State,2021.0,2021.0,MIN,119.0,-7.0,0.057142857
2021,18,00-0036842,K.Nwangwu,RB,MIN,CHI,0,0,0.0,0,0.0,0.0,0.0,1,4.0,0,0,0,0.0,0,0.4,0.4,,,73.0,205.0,23.75464705882353,0.0,Iowa State,2021.0,2021.0,MIN,119.0,14.0,
2021,2,00-0036857,C.Evans,RB,CIN,CHI,0,0,0.0,0,0.0,0.0,0.0,0,0.0,0,1,1,14.0,0,1.4,2.4,,,71.0,216.0,24.139857142857142,0.0,Michigan,2021.0,2021.0,CIN,202.0,,0.03448276
2021,3,00-0036857,C.Evans,RB,CIN,PIT,0,0,0.0,0,0.0,0.0,0.0,0,0.0,0,2,2,26.0,0,2.6,4.6,,,71.0,216.0,24.139857142857142,0.0,Michigan,2021.0,2021.0,CIN,202.0,,0.11111111
2021,5,00-0036857,C.Evans,RB,CIN,GB,0,0,0.0,0,0.0,0.0,0.0,0,0.0,0,2,2,15.0,0,1.5,3.5,,,71.0,216.0,24.139857142857142,0.0,Michigan,2021.0,2021.0,CIN,202.0,-3.0,0.054054055
2021,6,00-0036857,C.Evans,RB,CIN,DET,0,0,0.0,0,0.0,0.0,0.0,4,18.0,0,3,3,49.0,1,12.7,15.7,,,71.0,216.0,24.139857142857142,0.0,Michigan,2021.0,2021.0,CIN,202.0,,0.10344828
2021,9,00-0036857,C.Evans,RB,CIN,CLE,0,0,0.0,0,0.0,0.0,0.0,0,0.0,0,1,1,11.0,0,1.1,2.1,,,71.0,216.0,24.139857142857142,0.0,Michigan,2021.0,2021.0,CIN,202.0,-25.0,0.024390243
2021,11,00-0036857,C.Evans,RB,CIN,LV,0,0,0.0,0,0.0,0.0,0.0,0,0.0,0,1,1,7.0,0,0.7,1.7,,,71.0,216.0,24.139857142857142,0.0,Michigan,2021.0,2021.0,CIN,202.0,,0.035714287
2021,12,00-0036857,C.Evans,RB,CIN,PIT,0,0,0.0,0,0.0,0.0,0.0,5,23.0,0,1,1,5.0,0,2.8,3.8,,,71.0,216.0,24.139857142857142,0.0,Michigan,2021.0,2021.0,CIN,202.0,31.0,0.041666668
2021,16,00-0036857,C.Evans,RB,CIN,BAL,0,0,0.0,0,0.0,0.0,0.0,1,1.0,0,1,0,0.0,0,0.1,0.1,,,71.0,216.0,24.139857142857142,0.0,Michigan,2021.0,2021.0,CIN,202.0,20.0,0.02173913
2021,18,00-0036857,C.Evans,RB,CIN,CLE,0,0,0.0,0,0.0,0.0,0.0,7,35.0,0,5,4,24.0,1,11.9,15.9,,,71.0,216.0,24.139857142857142,0.0,Michigan,2021.0,2021.0,CIN,202.0,,0.1724138
2021,19,00-0036857,C.Evans,RB,CIN,LV,0,0,0.0,0,0.0,0.0,0.0,1,9.0,0,0,0,0.0,0,0.9,0.9,,,71.0,216.0,24.139857142857142,0.0,Michigan,2021.0,2021.0,CIN,202.0,7.0,
2021,20,00-0036857,C.Evans,RB,CIN,TEN,0,0,0.0,0,0.0,0.0,0.0,1,4.0,0,0,0,0.0,0,0.4,0.4,,,71.0,216.0,24.139857142857142,0.0,Michigan,2021.0,2021.0,CIN,202.0,,
2021,22,00-0036857,C.Evans,RB,CIN,LA,0,0,0.0,0,0.0,0.0,0.0,0,0.0,0,2,1,3.0,0,0.3,1.3,,,71.0,216.0,24.139857142857142,0.0,Michigan,2021.0,2021.0,CIN,202.0,-3.0,0.060606062
2021,3,00-0036860,J.Funk,RB,LA,TB,0,0,0.0,0,0.0,0.0,0.0,1,6.0,0,0,0,0.0,0,0.6,0.6,,,70.0,205.0,23.871666666666666,0.0,Maryland,2021.0,2021.0,LA,233.0,10.0,
2021,16,00-0036860,J.Funk,RB,LA,MIN,0,0,0.0,0,0.0,0.0,0.0,1,-1.0,0,0,0,0.0,0,-0.1,-0.1,,,70.0,205.0,23.871666666666666,0.0,Maryland,2021.0,2021.0,LA,233.0,,
2021,19,00-0036860,J.Funk,RB,LA,ARI,0,0,0.0,0,0.0,0.0,0.0,2,5.0,0,0,0,0.0,0,0.5,0.5,,,70.0,205.0,23.871666666666666,0.0,Maryland,2021.0,2021.0,LA,233.0,23.0,
2021,8,00-0036862,B.Skowronek,WR,LA,HOU,0,0,0.0,0,0.0,0.0,0.0,0,0.0,0,3,3,30.0,0,3.0,6.0,,,75.0,220.0,24.413714285714285,0.0,Notre Dame,2021.0,2021.0,LA,249.0,,0.0882353
2021,10,00-0036862,B.Skowronek,WR,LA,SF,0,0,0.0,0,0.0,0.0,0.0,0,0.0,0,5,1,8.0,0,0.8,1.8,,,75.0,220.0,24.413714285714285,0.0,Notre Dame,2021.0,2021.0,LA,249.0,,0.11904762
2021,13,00-0036862,B.Skowronek,WR,LA,JAX,0,0,0.0,0,0.0,0.0,0.0,0,0.0,0,2,1,35.0,0,3.5,4.5,,,75.0,220.0,24.413714285714285,0.0,Notre Dame,2021.0,2021.0,LA,249.0,30.0,0.054054055
2021,14,00-0036862,B.Skowronek,WR,LA,ARI,0,0,0.0,0,0.0,0.0,0.0,0,0.0,0,1,0,0.0,0,0.0,0.0,,,75.0,220.0,24.413714285714285,0.0,Notre Dame,2021.0,2021.0,LA,249.0,,0.033333335
2021,15,00-0036862,B.Skowronek,WR,LA,SEA,0,0,0.0,0,0.0,0.0,0.0,0,0.0,0,5,4,42.0,0,4.2,8.2,,,75.0,220.0,24.413714285714285,0.0,Notre Dame,2021.0,2021.0,LA,249.0,10.0,0.1724138
2021,17,00-0036862,B.Skowronek,WR,LA,BAL,0,0,0.0,0,0.0,0.0,0.0,0,0.0,0,2,2,18.0,0,1.8,3.8,,,75.0,220.0,24.413714285714285,0.0,Notre Dame,2021.0,2021.0,LA,249.0,,0.057142857
2021,18,00-0036862,B.Skowronek,WR,LA,SF,0,0,0.0,0,0.0,0.0,0.0,0,0.0,0,2,0,0.0,0,0.0,0.0,,,75.0,220.0,24.413714285714285,0.0,Notre Dame,2021.0,2021.0,LA,249.0,-3.0,0.0625
2021,21,00-0036862,B.Skowronek,WR,LA,SF,0,0,0.0,0,0.0,0.0,0.0,0,0.0,0,1,0,0.0,0,0.0,0.0,,,75.0,220.0,24.413714285714285,0.0,Notre Dame,2021.0,2021.0,LA,249.0,3.0,0.023809524
2021,22,00-0036862,B.Skowronek,WR,LA,CIN,0,0,0.0,0,0.0,0.0,0.0,0,0.0,0,5,2,12.0,0,1.2,3.2,,,75.0,220.0,24.413714285714285,0.0,Notre Dame,2021.0,2021.0,LA,249.0,,0.125
2021,1,00-0036875,R.Stevenson,RB,NE,MIA,0,0,0.0,0,0.0,0.0,0.0,1,2.0,0,1,1,9.0,0,-0.9,0.1,,,72.0,246.0,23.718555555555554,0.0,Oklahoma,2021.0,2021.0,NE,120.0,-1.0,0.02631579
2021,5,00-0036875,R.Stevenson,RB,NE,HOU,0,0,0.0,0,0.0,0.0,0.0,11,23.0,0,0,0,0.0,0,2.3,2.3,,,72.0,246.0,23.718555555555554,0.0,Oklahoma,2021.0,2021.0,NE,120.0,,
2021,6,00-0036875,R.Stevenson,RB,NE,DAL,0,0,0.0,0,0.0,0.0,0.0,5,23.0,1,3,3,39.0,0,12.2,15.2,,,72.0,246.0,23.718555555555554,0.0,Oklahoma,2021.0,2021.0,NE,120.0,-6.0,0.14285715
2021,8,00-0036875,R.Stevenson,RB,NE,LAC,0,0,0.0,0,0.0,0.0,0.0,8,26.0,0,2,1,5.0,0,3.1,4.1,,,72.0,246.0,23.718555555555554,0.0,Oklahoma,2021.0,2021.0,NE,120.0,,0.05882353
2021,9,00-0036875,R.Stevenson,RB,NE,CAR,0,0,0.0,0,0.0,0.0,0.0,10,62.0,0,2,2,44.0,0,10.6,12.6,,,72.0,246.0,23.718555555555554,0.0,Oklahoma,2021.0,2021.0,NE,120.0,,0.11111111
2021,10,00-0036875,R.Stevenson,RB,NE,CLE,0,0,0.0,0,0.0,0.0,0.0,20,100.0,2,5,4,14.0,0,23.4,27.4,,,72.0,246.0,23.718555555555554,0.0,Oklahoma,2021.0,2021.0,NE,120.0,38.0,0.2
2021,11,00-0036875,R.Stevenson,RB,NE,ATL,0,0,0.0,0,0.0,0.0,0.0,12,69.0,0,1,1,6.0,0,7.5,8.5,,,72.0,246.0,23.718555555555554,0.0,Oklahoma,2021.0,2021.0,NE,120.0,,0.03846154
2021,12,00-0036875,R.Stevenson,RB,NE,TEN,0,0,0.0,0,0.0,0.0,0.0,9,46.0,0,1,0,0.0,0,4.6,4.6,,,72.0,246.0,23.718555555555554,0.0,Oklahoma,2021.0,2021.0,NE,120.0,23.0,0.03125
2021,13,00-0036875,R.Stevenson,RB,NE,BUF,0,0,0.0,0,0.0,0.0,0.0,24,78.0,0,0,0,0.0,0,7.8,7.8,,,72.0,246.0,23.718555555555554,0.0,Oklahoma,2021.0,2021.0,NE,120.0,,
2021,15,00-0036875,R.Stevenson,RB,NE,IND,0,0,0.0,0,0.0,0.0,0.0,10,36.0,0,1,1,4.0,0,4.0,5.0,,,72.0,246.0,23.718555555555554,0.0,Oklahoma,2021.0,2021.0,NE,120.0,,0.022727273
2021,17,00-0036875,R.Stevenson,RB,NE,JAX,0,0,0.0,0,0.0,0.0,0.0,19,107.0,2,0,0,0.0,0,22.7,22.7,,,72.0,246.0,23.718555555555554,0.0,Oklahoma,2021.0,2021.0,NE,120.0,40.0,
2021,18,00-0036875,R.Stevenson,RB,NE,MIA,0,0,0.0,0,0.0,0.0,0.0,4,34.0,0,2,1,2.0,0,3.6,4.6,,,72.0,246.0,23.718555555555554,0.0,Oklahoma,2021.0,2021.0,NE,120.0,,0.06666667
2021,19,00-0036875,R.Stevenson,RB,NE,BUF,0,0,0.0,0,0.0,0.0,0.0,8,27.0,0,4,4,33.0,0,6.0,10.0,,,72.0,246.0,23.718555555555554,0.0,Oklahoma,2021.0,2021.0,NE,120.0,,0.114285715
2021,4,00-0036876,K.Granson,TE,IND,MIA,0,0,0.0,0,0.0,0.0,0.0,0,0.0,0,2,1,3.0,0,0.3,1.3,,,75.0,235.0,23.620529411764704,0.0,Southern Methodist,2021.0,2021.0,IND,127.0,,0.0625
2021,5,00-0036876,K.Granson,TE,IND,BAL,0,0,0.0,0,0.0,0.0,0.0,0,0.0,0,2,2,19.0,0,1.9,3.9,,,75.0,235.0,23.620529411764704,0.0,Southern Methodist,2021.0,2021.0,IND,127.0,,0.05882353
2021,7,00-0036876,K.Granson,TE,IND,SF,0,0,0.0,0,0.0,0.0,0.0,0,0.0,0,1,0,0.0,0,0.0,0.0,,,75.0,235.0,23.620529411764704,0.0,Southern Methodist,2021.0,2021.0,IND,127.0,,0.03846154
2021,8,00-0036876,K.Granson,TE,IND,TEN,0,0,0.0,0,0.0,0.0,0.0,0,0.0,0,1,1,0.0,0,0.0,1.0,,,75.0,235.0,23.620529411764704,0.0,Southern Methodist,2021.0,2021.0,IND,127.0,-3.0,0.020833334
2021,9,00-0036876,K.Granson,TE,IND,NYJ,0,0,0.0,0,0.0,0.0,0.0,0,0.0,0,1,1,27.0,0,2.7,3.7,,,75.0,235.0,23.620529411764704,0.0,Southern Methodist,2021.0,2021.0,IND,127.0,15.0,0.03448276
2021,10,00-0036876,K.Granson,TE,IND,JAX,0,0,0.0,0,0.0,0.0,0.0,0,0.0,0,1,1,15.0,0,1.5,2.5,,,75.0,235.0,23.620529411764704,0.0,Southern Methodist,2021.0,2021.0,IND,127.0,6.0,0.030303031
2021,11,00-0036876,K.Granson,TE,IND,BUF,0,0,0.0,0,0.0,0.0,0.0,0,0.0,0,2,1,8.0,0,0.8,1.8,,,75.0,235.0,23.620529411764704,0.0,Southern Methodist,2021.0,2021.0,IND,127.0,,0.1
2021,12,00-0036876,K.Granson,TE,IND,TB,0,0,0.0,0,0.0,0.0,0.0,0,0.0,0,2,2,22.0,0,2.2,4.2,,,75.0,235.0,23.620529411764704,0.0,Southern Methodist,2021.0,2021.0,IND,127.0,-7.0,0.046511628
2021,13,00-0036876,K.Granson,TE,IND,HOU,0,0,0.0,0,0.0,0.0,0.0,0,0.0,0,2,1,6.0,0,0.6,1.6,,,75.0,235.0,23.620529411764704,0.0,Southern Methodist,2021.0,2021.0,IND,127.0,,0.09090909
2021,16,00-0036876,K.Granson,TE,IND,ARI,0,0,0.0,0,0.0,0.0,0.0,0,0.0,0,1,1,6.0,0,0.6,1.6,,,75.0,235.0,23.620529411764704,0.0,Southern Methodist,2021.0,2021.0,IND,127.0,,0.035714287
2021,3,00-0036877,J.Darden,WR,TB,LA,0,0,0.0,0,0.0,0.0,0.0,0,0.0,0,1,1,0.0,0,0.0,1.0,,,68.0,174.0,22.844105263157896,0.0,North Texas,2021.0,2021.0,TB,129.0,,0.018518519
2021,7,00-0036877,J.Darden,WR,TB,CHI,0,0,0.0,0,0.0,0.0,0.0,1,11.0,0,1,0,0.0,0,1.1,1.1,,,68.0,174.0,22.844105263157896,0.0,North Texas,2021.0,2021.0,TB,129.0,35.0,0.025641026
2021,8,00-0036877,J.Darden,WR,TB,NO,0,0,0.0,0,0.0,0.0,0.0,0,0.0,0,3,3,11.0,0,1.1,4.1,,,68.0,174.0,22.844105263157896,0.0,North Texas,2021.0,2021.0,TB,129.0,,0.07317073
2021,10,00-0036877,J.Darden,WR,TB,WAS,0,0,0.0,0,0.0,0.0,0.0,0,0.0,0,2,1,29.0,0,2.9,3.9,,,68.0,174.0,22.844105263157896,0.0,North Texas,2021.0,2021.0,TB,129.0,,0.060606062
2021,11,00-0036877,J.Darden,WR,TB,NYG,0,0,0.0,0,0.0,0.0,0.0,0,0.0,0,1,1,3.0,0,0.3,1.3,,,68.0,174.0,22.844105263157896,0.0,North Texas,2021.0,2021.0,TB,129.0,20.0,0.021276595
2021,15,00-0036877,J.Darden,WR,TB,NO,0,0,0.0,0,0.0,0.0,0.0,0,0.0,0,3,0,0.0,0,0.0,0.0,,,68.0,174.0,22.844105263157896,0.0,North Texas,2021.0,2021.0,TB,129.0,-9.0,0.0625
2021,18,00-0036877,J.Darden,WR,TB,CAR,0,0,0.0,0,0.0,0.0,0.0,0,0.0,0,1,0,0.0,0,0.0,0.0,,,68.0,174.0,22.844105263157896,0.0,North Texas,2021.0,2021.0,TB,129.0,24.0,0.02631579
2021,9,00-0036879,S.Ehlinger,QB,IND,NYJ,0,0,0.0,0,0.0,0.0,0.0,1,1.0,0,0,0,0.0,0,0.1,0.1,,,73.0,235.0,23.108588235294118,0.0,Texas,2021.0,2021.0,IND,218.0,15.0,
2021,11,00-0036879,S.Ehlinger,QB,IND,BUF,0,0,0.0,0,0.0,0.0,0.0,1,9.0,0,0,0,0.0,0,0.9,0.9,,,73.0,235.0,23.108588235294118,0.0,Texas,2021.0,2021.0,IND,218.0,,
2021,13,00-0036879,S.Ehlinger,QB,IND,HOU,0,0,0.0,0,0.0,0.0,0.0,1,-1.0,0,0,0,0.0,0,-0.1,-0.1,,,73.0,235.0,23.108588235294118,0.0,Texas,2021.0,2021.0,IND,218.0,,
2021,2,00-0036887,L.Farrell,TE,JAX,DEN,0,0,0.0,0,0.0,0.0,0.0,0,0.0,0,2,1,6.0,0,0.6,1.6,,,77.0,258.0,24.077705882352944,0.0,Ohio State,2021.0,2021.0,JAX,145.0,-10.0,0.060606062
2021,3,00-0036887,L.Farrell,TE,JAX,ARI,0,0,0.0,0,0.0,0.0,0.0,0,0.0,0,1,1,-1.0,0,-0.1,0.9,,,77.0,258.0,24.077705882352944,0.0,Ohio State,2021.0,2021.0,JAX,145.0,-12.0,0.03125
2021,4,00-0036887,L.Farrell,TE,JAX,CIN,0,0,0.0,0,0.0,0.0,0.0,0,0.0,0,1,1,7.0,0,0.7,1.7,,,77.0,258.0,24.077705882352944,0.0,Ohio State,2021.0,2021.0,JAX,145.0,,0.045454547
2021,5,00-0036887,L.Farrell,TE,JAX,TEN,0,0,0.0,0,0.0,0.0,0.0,0,0.0,0,1,1,13.0,0,1.3,2.3,,,77.0,258.0,24.077705882352944,0.0,Ohio State,2021.0,2021.0,JAX,145.0,-18.0,0.030303031
2021,6,00-0036887,L.Farrell,TE,JAX,MIA,0,0,0.0,0,0.0,0.0,0.0,0,0.0,0,1,1,21.0,0,2.1,3.1,,,77.0,258.0,24.077705882352944,0.0,Ohio State,2021.0,2021.0,JAX,145.0,3.0,0.025
2021,8,00-0036887,L.Farrell,TE,JAX,SEA,0,0,0.0,0,0.0,0.0,0.0,0,0.0,0,2,1,3.0,0,0.3,1.3,,,77.0,258.0,24.077705882352944,0.0,Ohio State,2021.0,2021.0,JAX,145.0,,0.03846154
2021,9,00-0036887,L.Farrell,TE,JAX,BUF,0,0,0.0,0,0.0,0.0,0.0,0,0.0,0,1,0,0.0,0,0.0,0.0,,,77.0,258.0,24.077705882352944,0.0,Ohio State,2021.0,2021.0,JAX,145.0,3.0,0.037037037
2021,17,00-0036887,L.Farrell,TE,JAX,NE,0,0,0.0,0,0.0,0.0,0.0,0,0.0,0,2,1,7.0,0,0.7,1.7,,,77.0,258.0,24.077705882352944,0.0,Ohio State,2021.0,2021.0,JAX,145.0,,0.07692308
2021,1,00-0036893,N.Harris,RB,PIT,BUF,0,0,0.0,0,0.0,0.0,0.0,16,45.0,0,3,1,4.0,0,4.9,5.9,,,73.0,230.0,23.688166666666667,0.0,Alabama,2021.0,2021.0,PIT,24.0,,0.09375
2021,2,00-0036893,N.Harris,RB,PIT,LV,0,0,0.0,0,0.0,0.0,0.0,10,38.0,0,5,5,43.0,1,14.1,19.1,,,73.0,230.0,23.688166666666667,0.0,Alabama,2021.0,2021.0,PIT,24.0,-9.0,0.125
2021,3,00-0036893,N.Harris,RB,PIT,CIN,0,0,0.0,0,0.0,0.0,0.0,14,40.0,0,19,14,102.0,0,14.2,28.2,,,73.0,230.0,23.688166666666667,0.0,Alabama,2021.0,2021.0,PIT,24.0,-14.0,0.3275862
2021,4,00-0036893,N.Harris,RB,PIT,GB,0,0,0.0,0,0.0,0.0,0.0,15,62.0,1,7,6,29.0,0,15.1,21.1,,,73.0,230.0,23.688166666666667,0.0,Alabama,2021.0,2021.0,PIT,24.0,,0.17948718
2021,5,00-0036893,N.Harris,RB,PIT,DEN,0,0,0.0,0,0.0,0.0,0.0,23,122.0,1,5,2,20.0,0,20.2,22.2,,,73.0,230.0,23.688166666666667,0.0,Alabama,2021.0,2021.0,PIT,24.0,8.0,0.2
2021,6,00-0036893,N.Harris,RB,PIT,SEA,0,0,0.0,0,0.0,0.0,0.0,24,81.0,0,7,6,46.0,1,18.7,24.7,,,73.0,230.0,23.688166666666667,0.0,Alabama,2021.0,2021.0,PIT,24.0,3.0,0.17948718
2021,8,00-0036893,N.Harris,RB,PIT,CLE,0,0,0.0,0,0.0,0.0,0.0,26,91.0,1,3,3,29.0,0,18.0,21.0,,,73.0,230.0,23.688166666666667,0.0,Alabama,2021.0,2021.0,PIT,24.0,,0.08571429
2021,9,00-0036893,N.Harris,RB,PIT,CHI,0,0,0.0,0,0.0,0.0,0.0,22,62.0,1,3,3,16.0,0,13.8,16.8,,,73.0,230.0,23.688166666666667,0.0,Alabama,2021.0,2021.0,PIT,24.0,2.0,0.11111111
2021,10,00-0036893,N.Harris,RB,PIT,DET,0,0,0.0,0,0.0,0.0,0.0,26,105.0,0,4,4,28.0,0,13.3,17.3,,,73.0,230.0,23.688166666666667,0.0,Alabama,2021.0,2021.0,PIT,24.0,0.0,0.08163265
2021,11,00-0036893,N.Harris,RB,PIT,LAC,0,0,0.0,0,0.0,0.0,0.0,12,39.0,1,6,5,20.0,0,11.9,16.9,,,73.0,230.0,23.688166666666667,0.0,Alabama,2021.0,2021.0,PIT,24.0,,0.13636364
2021,12,00-0036893,N.Harris,RB,PIT,CIN,0,0,0.0,0,0.0,0.0,0.0,8,23.0,0,5,3,14.0,0,3.7,6.7,,,73.0,230.0,23.688166666666667,0.0,Alabama,2021.0,2021.0,PIT,24.0,,0.12820514
2021,13,00-0036893,N.Harris,RB,PIT,BAL,0,0,0.0,0,0.0,0.0,0.0,21,71.0,0,5,5,36.0,0,10.7,15.7,,,73.0,230.0,23.688166666666667,0.0,Alabama,2021.0,2021.0,PIT,24.0,1.0,0.16666667
2021,14,00-0036893,N.Harris,RB,PIT,MIN,0,0,0.0,0,0.0,0.0,0.0,20,94.0,1,3,3,10.0,1,22.4,25.4,,,73.0,230.0,23.688166666666667,0.0,Alabama,2021.0,2021.0,PIT,24.0,,0.07692308
2021,15,00-0036893,N.Harris,RB,PIT,TEN,0,0,0.0,0,0.0,0.0,0.0,12,18.0,0,5,2,8.0,0,2.6,4.6,,,73.0,230.0,23.688166666666667,0.0,Alabama,2021.0,2021.0,PIT,24.0,6.0,0.2
2021,16,00-0036893,N.Harris,RB,PIT,KC,0,0,0.0,0,0.0,0.0,0.0,19,93.0,0,7,5,17.0,0,11.0,16.0,,,73.0,230.0,23.688166666666667,0.0,Alabama,2021.0,2021.0,PIT,24.0,,0.16666667
2021,17,00-0036893,N.Harris,RB,PIT,CLE,0,0,0.0,0,0.0,0.0,0.0,28,188.0,1,3,3,18.0,0,26.6,29.6,,,73.0,230.0,23.688166666666667,0.0,Alabama,2021.0,2021.0,PIT,24.0,12.0,0.06521739
2021,18,00-0036893,N.Harris,RB,PIT,BAL,0,0,0.0,0,0.0,0.0,0.0,11,28.0,0,4,4,27.0,0,5.5,9.5,,,73.0,230.0,23.688166666666667,0.0,Alabama,2021.0,2021.0,PIT,24.0,,0.09090909
2021,19,00-0036893,N.Harris,RB,PIT,KC,0,0,0.0,0,0.0,0.0,0.0,12,29.0,0,2,2,-1.0,0,0.8,2.8,,,73.0,230.0,23.688166666666667,0.0,Alabama,2021.0,2021.0,PIT,24.0,,0.045454547
2021,1,00-0036894,P.Freiermuth,TE,PIT,BUF,0,0,0.0,0,0.0,0.0,0.0,0,0.0,0,1,1,24.0,0,2.4,3.4,,,77.0,258.0,23.058444444444447,0.0,Penn State,2021.0,2021.0,PIT,55.0,,0.03125
2021,2,00-0036894,P.Freiermuth,TE,PIT,LV,0,0,0.0,0,0.0,0.0,0.0,0,0.0,0,4,4,36.0,0,3.6,7.6,,,77.0,258.0,23.058444444444447,0.0,Penn State,2021.0,2021.0,PIT,55.0,-9.0,0.1
2021,3,00-0036894,P.Freiermuth,TE,PIT,CIN,0,0,0.0,0,0.0,0.0,0.0,0,0.0,0,5,3,22.0,1,8.2,11.2,,,77.0,258.0,23.058444444444447,0.0,Penn State,2021.0,2021.0,PIT,55.0,-14.0,0.0862069
2021,4,00-0036894,P.Freiermuth,TE,PIT,GB,0,0,0.0,0,0.0,0.0,0.0,0,0.0,0,1,1,11.0,0,1.1,2.1,,,77.0,258.0,23.058444444444447,0.0,Penn State,2021.0,2021.0,PIT,55.0,,0.025641026
2021,5,00-0036894,P.Freiermuth,TE,PIT,DEN,0,0,0.0,0,0.0,0.0,0.0,0,0.0,0,2,2,7.0,0,0.7,2.7,,,77.0,258.0,23.058444444444447,0.0,Penn State,2021.0,2021.0,PIT,55.0,8.0,0.08
2021,6,00-0036894,P.Freiermuth,TE,PIT,SEA,0,0,0.0,0,0.0,0.0,0.0,0,0.0,0,7,7,58.0,0,5.8,12.8,,,77.0,258.0,23.058444444444447,0.0,Penn State,2021.0,2021.0,PIT,55.0,3.0,0.17948718
2021,8,00-0036894,P.Freiermuth,TE,PIT,CLE,0,0,0.0,0,0.0,0.0,0.0,0,0.0,0,7,4,44.0,1,10.4,14.4,,,77.0,258.0,23.058444444444447,0.0,Penn State,2021.0,2021.0,PIT,55.0,,0.2
2021,9,00-0036894,P.Freiermuth,TE,PIT,CHI,0,0,0.0,0,0.0,0.0,0.0,0,0.0,0,6,5,43.0,2,16.3,21.3,,,77.0,258.0,23.058444444444447,0.0,Penn State,2021.0,2021.0,PIT,55.0,2.0,0.22222222
2021,10,00-0036894,P.Freiermuth,TE,PIT,DET,0,0,0.0,0,0.0,0.0,0.0,0,0.0,0,9,5,31.0,0,1.1,6.1,,,77.0,258.0,23.058444444444447,0.0,Penn State,2021.0,2021.0,PIT,55.0,0.0,0.18367347
2021,11,00-0036894,P.Freiermuth,TE,PIT,LAC,0,0,0.0,0,0.0,0.0,0.0,0,0.0,0,7,4,11.0,1,7.1,11.1,,,77.0,258.0,23.058444444444447,0.0,Penn State,2021.0,2021.0,PIT,55.0,,0.1590909
2021,12,00-0036894,P.Freiermuth,TE,PIT,CIN,0,0,0.0,0,0.0,0.0,0.0,0,0.0,0,4,4,40.0,1,10.0,14.0,,,77.0,258.0,23.058444444444447,0.0,Penn State,2021.0,2021.0,PIT,55.0,,0.102564104
2021,13,00-0036894,P.Freiermuth,TE,PIT,BAL,0,0,0.0,0,0.0,0.0,0.0,0,0.0,0,4,3,26.0,0,4.6,7.6,,,77.0,258.0,23.058444444444447,0.0,Penn State,2021.0,2021.0,PIT,55.0,1.0,0.13333334
2021,14,00-0036894,P.Freiermuth,TE,PIT,MIN,0,0,0.0,0,0.0,0.0,0.0,0,0.0,0,3,2,32.0,1,9.2,11.2,,,77.0,258.0,23.058444444444447,0.0,Penn State,2021.0,2021.0,PIT,55.0,,0.07692308
2021,15,00-0036894,P.Freiermuth,TE,PIT,TEN,0,0,0.0,0,0.0,0.0,0.0,0,0.0,0,4,4,37.0,0,3.7,7.7,,,77.0,258.0,23.058444444444447,0.0,Penn State,2021.0,2021.0,PIT,55.0,6.0,0.16
2021,17,00-0036894,P.Freiermuth,TE,PIT,CLE,0,0,0.0,0,0.0,0.0,0.0,0,0.0,0,6,5,22.0,0,2.2,7.2,,,77.0,258.0,23.058444444444447,0.0,Penn State,2021.0,2021.0,PIT,55.0,12.0,0.13043478
2021,18,00-0036894,P.Freiermuth,TE,PIT,BAL,0,0,0.0,0,0.0,0.0,0.0,0,0.0,0,9,6,53.0,0,5.3,11.3,,,77.0,258.0,23.058444444444447,0.0,Penn State,2021.0,2021.0,PIT,55.0,,0.20454545
2021,19,00-0036894,P.Freiermuth,TE,PIT,KC,0,0,0.0,0,0.0,0.0,0.0,0,0.0,0,5,4,25.0,0,2.5,6.5,,,77.0,258.0,23.058444444444447,0.0,Penn State,2021.0,2021.0,PIT,55.0,,0.11363637
2021,2,00-0036898,D.Mills,QB,HOU,CLE,8,18,102.0,1,1.0,1.0,7.0,2,-1.0,0,0,0,0.0,0,5.98,5.98,,,76.0,225.0,23.055823529411764,0.0,Stanford,2021.0,2021.0,HOU,67.0,,
2021,3,00-0036898,D.Mills,QB,HOU,CAR,19,28,168.0,1,0.0,4.0,17.0,1,0.0,0,0,0,0.0,0,10.72,10.72,,,76.0,225.0,23.055823529411764,0.0,Stanford,2021.0,2021.0,HOU,67.0,-15.0,
2021,4,00-0036898,D.Mills,QB,HOU,BUF,11,21,87.0,0,4.0,3.0,26.0,1,2.0,0,0,0,0.0,0,-4.32,-4.32,,,76.0,225.0,23.055823529411764,0.0,Stanford,2021.0,2021.0,HOU,67.0,,
2021,5,00-0036898,D.Mills,QB,HOU,NE,21,29,312.0,3,0.0,3.0,19.0,1,2.0,0,0,0,0.0,0,24.68,24.68,,,76.0,225.0,23.055823529411764,0.0,Stanford,2021.0,2021.0,HOU,67.0,-3.0,
2021,6,00-0036898,D.Mills,QB,HOU,IND,29,43,243.0,0,2.0,2.0,14.0,2,5.0,0,0,0,0.0,0,6.22,6.22,,,76.0,225.0,23.055823529411764,0.0,Stanford,2021.0,2021.0,HOU,67.0,,
2021,7,00-0036898,D.Mills,QB,HOU,ARI,23,32,135.0,0,0.0,2.0,17.0,0,0.0,0,0,0,0.0,0,3.4,3.4,,,76.0,225.0,23.055823529411764,0.0,Stanford,2021.0,2021.0,HOU,67.0,,
2021,8,00-0036898,D.Mills,QB,HOU,LA,29,38,310.0,2,1.0,5.0,31.0,0,0.0,0,0,0,0.0,0,20.4,20.4,,,76.0,225.0,23.055823529411764,0.0,Stanford,2021.0,2021.0,HOU,67.0,-16.0,
2021,13,00-0036898,D.Mills,QB,HOU,IND,6,14,49.0,0,0.0,2.0,13.0,2,11.0,0,0,0,0.0,0,3.06,3.06,,,76.0,225.0,23.055823529411764,0.0,Stanford,2021.0,2021.0,HOU,67.0,-31.0,
2021,14,00-0036898,D.Mills,QB,HOU,SEA,33,49,331.0,1,0.0,2.0,14.0,2,8.0,0,0,0,0.0,0,18.04,18.04,,,76.0,225.0,23.055823529411764,0.0,Stanford,2021.0,2021.0,HOU,67.0,-20.0,
2021,15,00-0036898,D.Mills,QB,HOU,JAX,19,30,209.0,2,1.0,1.0,3.0,1,2.0,0,0,0,0.0,0,14.56,14.56,,,76.0,225.0,23.055823529411764,0.0,Stanford,2021.0,2021.0,HOU,67.0,,
2021,16,00-0036898,D.Mills,QB,HOU,LAC,21,27,254.0,2,0.0,1.0,6.0,1,-1.0,0,0,0,0.0,0,18.06,18.06,,,76.0,225.0,23.055823529411764,0.0,Stanford,2021.0,2021.0,HOU,67.0,12.0,
2021,17,00-0036898,D.Mills,QB,HOU,SF,21,32,163.0,1,1.0,3.0,27.0,1,4.0,0,0,0,0.0,0,8.92,8.92,,,76.0,225.0,23.055823529411764,0.0,Stanford,2021.0,2021.0,HOU,67.0,,
2021,18,00-0036898,D.Mills,QB,HOU,TEN,23,33,301.0,3,0.0,2.0,12.0,4,12.0,0,0,0,0.0,0,27.24,27.24,,,76.0,225.0,23.055823529411764,0.0,Stanford,2021.0,2021.0,HOU,67.0,-3.0,
2021,1,00-0036900,J.Chase,WR,CIN,MIN,0,0,0.0,0,0.0,0.0,0.0,1,-2.0,0,7,5,101.0,1,15.9,20.9,,,72.0,200.0,21.736047619047618,0.0,Louisiana State,2021.0,2021.0,CIN,5.0,3.0,0.26923078
2021,2,00-0036900,J.Chase,WR,CIN,CHI,0,0,0.0,0,0.0,0.0,0.0,0,0.0,0,4,2,54.0,1,11.4,13.4,,,72.0,200.0,21.736047619047618,0.0,Louisiana State,2021.0,2021.0,CIN,5.0,,0.13793103
2021,3,00-0036900,J.Chase,WR,CIN,PIT,0,0,0.0,0,0.0,0.0,0.0,0,0.0,0,5,4,65.0,2,18.5,22.5,,,72.0,200.0,21.736047619047618,0.0,Louisiana State,2021.0,2021.0,CIN,5.0,,0.2777778
2021,4,00-0036900,J.Chase,WR,CIN,JAX,0,0,0.0,0,0.0,0.0,0.0,0,0.0,0,9,6,77.0,0,7.7,13.7,,,72.0,200.0,21.736047619047618,0.0,Louisiana State,2021.0,2021.0,CIN,5.0,3.0,0.28125
2021,5,00-0036900,J.Chase,WR,CIN,GB,0,0,0.0,0,0.0,0.0,0.0,0,0.0,0,10,6,159.0,1,21.9,27.9,,,72.0,200.0,21.736047619047618,0.0,Louisiana State,2021.0,2021.0,CIN,5.0,-3.0,0.27027026
2021,6,00-0036900,J.Chase,WR,CIN,DET,0,0,0.0,0,0.0,0.0,0.0,0,0.0,0,6,4,97.0,0,9.7,13.7,,,72.0,200.0,21.736047619047618,0.0,Louisiana State,2021.0,2021.0,CIN,5.0,,0.20689656
2021,7,00-0036900,J.Chase,WR,CIN,BAL,0,0,0.0,0,0.0,0.0,0.0,0,0.0,0,10,8,201.0,1,26.1,34.1,,,72.0,200.0,21.736047619047618,0.0,Louisiana State,2021.0,2021.0,CIN,5.0,,0.2777778
2021,8,00-0036900,J.Chase,WR,CIN,NYJ,0,0,0.0,0,0.0,0.0,0.0,1,9.0,0,9,3,32.0,1,10.1,13.1,,,72.0,200.0,21.736047619047618,0.0,Louisiana State,2021.0,2021.0,CIN,5.0,,0.2647059
2021,9,00-0036900,J.Chase,WR,CIN,CLE,0,0,0.0,0,0.0,0.0,0.0,2,0.0,0,13,6,49.0,0,2.9,8.9,,,72.0,200.0,21.736047619047618,0.0,Louisiana State,2021.0,2021.0,CIN,5.0,-25.0,0.31707317
2021,11,00-0036900,J.Chase,WR,CIN,LV,0,0,0.0,0,0.0,0.0,0.0,2,8.0,0,6,3,32.0,1,10.0,13.0,,,72.0,200.0,21.736047619047618,0.0,Louisiana State,2021.0,2021.0,CIN,5.0,,0.21428572
2021,12,00-0036900,J.Chase,WR,CIN,PIT,0,0,0.0,0,0.0,0.0,0.0,0,0.0,0,3,3,39.0,0,3.9,6.9,,,72.0,200.0,21.736047619047618,0.0,Louisiana State,2021.0,2021.0,CIN,5.0,31.0,0.125
2021,13,00-0036900,J.Chase,WR,CIN,LAC,0,0,0.0,0,0.0,0.0,0.0,0,0.0,0,8,5,52.0,0,5.2,10.2,,,72.0,200.0,21.736047619047618,0.0,Louisiana State,2021.0,2021.0,CIN,5.0,-19.0,0.21052632
2021,14,00-0036900,J.Chase,WR,CIN,SF,0,0,0.0,0,0.0,0.0,0.0,1,6.0,0,8,5,77.0,2,20.3,25.3,,,72.0,200.0,21.736047619047618,0.0,Louisiana State,2021.0,2021.0,CIN,5.0,-3.0,0.23529412
2021,15,00-0036900,J.Chase,WR,CIN,DEN,0,0,0.0,0,0.0,0.0,0.0,0,0.0,0,4,1,3.0,0,0.3,1.3,,,72.0,200.0,21.736047619047618,0.0,Louisiana State,2021.0,2021.0,CIN,5.0,,0.1904762
2021,16,00-0036900,J.Chase,WR,CIN,BAL,0,0,0.0,0,0.0,0.0,0.0,0,0.0,0,10,7,125.0,0,12.5,19.5,,,72.0,200.0,21.736047619047618,0.0,Louisiana State,2021.0,2021.0,CIN,5.0,20.0,0.2173913
2021,17,00-0036900,J.Chase,WR,CIN,KC,0,0,0.0,0,0.0,0.0,0.0,0,0.0,0,12,11,266.0,3,44.6,55.6,,,72.0,200.0,21.736047619047618,0.0,Louisiana State,2021.0,2021.0,CIN,5.0,3.0,0.31578946
2021,18,00-0036900,J.Chase,WR,CIN,CLE,0,0,0.0,0,0.0,0.0,0.0,0,0.0,0,4,2,26.0,0,2.6,4.6,,,72.0,200.0,21.736047619047618,0.0,Louisiana State,2021.0,2021.0,CIN,5.0,,0.13793103
2021,19,00-0036900,J.Chase,WR,CIN,LV,0,0,0.0,0,0.0,0.0,0.0,3,23.0,0,12,9,116.0,0,13.9,22.9,,,72.0,200.0,21.736047619047618,0.0,Louisiana State,2021.0,2021.0,CIN,5.0,7.0,0.375
2021,20,00-0036900,J.Chase,WR,CIN,TEN,0,0,0.0,0,0.0,0.0,0.0,1,2.0,0,6,5,109.0,0,11.1,16.1,,,72.0,200.0,21.736047619047618,0.0,Louisiana State,2021.0,2021.0,CIN,5.0,,0.17142858
2021,21,00-0036900,J.Chase,WR,CIN,KC,0,0,0.0,0,0.0,0.0,0.0,1,3.0,0,9,6,54.0,1,11.7,17.7,,,72.0,200.0,21.736047619047618,0.0,Louisiana State,2021.0,2021.0,CIN,5.0,,0.25
2021,22,00-0036900,J.Chase,WR,CIN,LA,0,0,0.0,0,0.0,0.0,0.0,1,4.0,0,8,5,89.0,0,9.3,14.3,,,72.0,200.0,21.736047619047618,0.0,Louisiana State,2021.0,2021.0,CIN,5.0,-3.0,0.24242425
2021,4,00-0036906,K.Herbert,RB,CHI,DET,0,0,0.0,0,0.0,0.0,0.0,3,7.0,0,0,0,0.0,0,0.7,0.7,,,69.0,212.0,23.557176470588235,0.0,Virginia Tech,2021.0,2021.0,CHI,217.0,10.0,
2021,5,00-0036906,K.Herbert,RB,CHI,LV,0,0,0.0,0,0.0,0.0,0.0,18,75.0,0,0,0,0.0,0,7.5,7.5,,,69.0,212.0,23.557176470588235,0.0,Virginia Tech,2021.0,2021.0,CHI,217.0,,
2021,6,00-0036906,K.Herbert,RB,CHI,GB,0,0,0.0,0,0.0,0.0,0.0,19,97.0,1,3,2,15.0,0,17.2,19.2,,,69.0,212.0,23.557176470588235,0.0,Virginia Tech,2021.0,2021.0,CHI,217.0,-10.0,0.12
2021,7,00-0036906,K.Herbert,RB,CHI,TB,0,0,0.0,0,0.0,0.0,0.0,18,100.0,0,5,5,33.0,0,13.3,18.3,,,69.0,212.0,23.557176470588235,0.0,Virginia Tech,2021.0,2021.0,CHI,217.0,,0.16129032
2021,8,00-0036906,K.Herbert,RB,CHI,SF,0,0,0.0,0,0.0,0.0,0.0,23,72.0,0,2,2,-4.0,0,6.8,8.8,,,69.0,212.0,23.557176470588235,0.0,Virginia Tech,2021.0,2021.0,CHI,217.0,-11.0,0.074074075
2021,9,00-0036906,K.Herbert,RB,CHI,PIT,0,0,0.0,0,0.0,0.0,0.0,4,13.0,0,0,0,0.0,0,1.3,1.3,,,69.0,212.0,23.557176470588235,0.0,Virginia Tech,2021.0,2021.0,CHI,217.0,,
2021,11,00-0036906,K.Herbert,RB,CHI,BAL,0,0,0.0,0,0.0,0.0,0.0,1,0.0,0,0,0,0.0,0,0.0,0.0,,,69.0,212.0,23.557176470588235,0.0,Virginia Tech,2021.0,2021.0,CHI,217.0,-3.0,
2021,12,00-0036906,K.Herbert,RB,CHI,DET,0,0,0.0,0,0.0,0.0,0.0,4,9.0,0,0,0,0.0,0,0.9,0.9,,,69.0,212.0,23.557176470588235,0.0,Virginia Tech,2021.0,2021.0,CHI,217.0,,
2021,13,00-0036906,K.Herbert,RB,CHI,ARI,0,0,0.0,0,0.0,0.0,0.0,4,16.0,0,1,1,11.0,0,2.7,3.7,,,69.0,212.0,23.557176470588235,0.0,Virginia Tech,2021.0,2021.0,CHI,217.0,-11.0,0.025
2021,14,00-0036906,K.Herbert,RB,CHI,GB,0,0,0.0,0,0.0,0.0,0.0,1,3.0,0,0,0,0.0,0,0.3,0.3,,,69.0,212.0,23.557176470588235,0.0,Virginia Tech,2021.0,2021.0,CHI,217.0,,
2021,15,00-0036906,K.Herbert,RB,CHI,MIN,0,0,0.0,0,0.0,0.0,0.0,0,0.0,0,4,3,34.0,0,3.4,6.4,,,69.0,212.0,23.557176470588235,0.0,Virginia Tech,2021.0,2021.0,CHI,217.0,-8.0,0.11111111
2021,16,00-0036906,K.Herbert,RB,CHI,SEA,0,0,0.0,0,0.0,0.0,0.0,2,21.0,1,1,1,7.0,0,8.8,9.8,,,69.0,212.0,23.557176470588235,0.0,Virginia Tech,2021.0,2021.0,CHI,217.0,,0.028571429
2021,17,00-0036906,K.Herbert,RB,CHI,NYG,0,0,0.0,0,0.0,0.0,0.0,2,9.0,0,0,0,0.0,0,0.9,0.9,,,69.0,212.0,23.557176470588235,0.0,Virginia Tech,2021.0,2021.0,CHI,217.0,26.0,
2021,18,00-0036906,K.Herbert,RB,CHI,MIN,0,0,0.0,0,0.0,0.0,0.0,4,11.0,0,0,0,0.0,0,1.1,1.1,,,69.0,212.0,23.557176470588235,0.0,Virginia Tech,2021.0,2021.0,CHI,217.0,,
2021,15,00-0036907,D.Newsome,WR,CHI,MIN,0,0,0.0,0,0.0,0.0,0.0,0,0.0,0,1,0,0.0,0,0.0,0.0,,,71.0,190.0,22.492176470588237,0.0,North Carolina,2021.0,2021.0,CHI,221.0,-8.0,0.027777778
2021,16,00-0036907,D.Newsome,WR,CHI,SEA,0,0,0.0,0,0.0,0.0,0.0,0,0.0,0,2,1,10.0,0,1.0,2.0,,,71.0,190.0,22.492176470588237,0.0,North Carolina,2021.0,2021.0,CHI,221.0,,0.057142857
2021,18,00-0036907,D.Newsome,WR,CHI,MIN,0,0,0.0,0,0.0,0.0,0.0,0,0.0,0,2,1,13.0,0,1.3,2.3,,,71.0,190.0,22.492176470588237,0.0,North Carolina,2021.0,2021.0,CHI,221.0,,0.04347826
2021,18,00-0036910,C.Saunders,WR,CAR,TB,0,0,0.0,0,0.0,0.0,0.0,0,0.0,0,2,2,11.0,0,1.1,3.1,,,70.0,190.0,25.149588235294118,0.0,Ohio State,2021.0,2021.0,,,,0.04761905
2021,1,00-0036912,D.Smith,WR,PHI,ATL,0,0,0.0,0,0.0,0.0,0.0,0,0.0,0,8,6,71.0,1,13.1,19.1,,,72.0,165.0,22.996277777777777,0.0,Alabama,2021.0,2021.0,PHI,10.0,,0.25
2021,2,00-0036912,D.Smith,WR,PHI,SF,0,0,0.0,0,0.0,0.0,0.0,0,0.0,0,7,2,16.0,0,1.6,3.6,,,72.0,165.0,22.996277777777777,0.0,Alabama,2021.0,2021.0,PHI,10.0,-6.0,0.29166666
2021,3,00-0036912,D.Smith,WR,PHI,DAL,0,0,0.0,0,0.0,0.0,0.0,0,0.0,0,6,3,28.0,0,2.8,5.8,,,72.0,165.0,22.996277777777777,0.0,Alabama,2021.0,2021.0,PHI,10.0,,0.15789473
2021,4,00-0036912,D.Smith,WR,PHI,KC,0,0,0.0,0,0.0,0.0,0.0,0,0.0,0,10,7,122.0,0,12.2,19.2,,,72.0,165.0,22.996277777777777,0.0,Alabama,2021.0,2021.0,PHI,10.0,-12.0,0.22727273
2021,5,00-0036912,D.Smith,WR,PHI,CAR,0,0,0.0,0,0.0,0.0,0.0,0,0.0,0,9,7,77.0,0,7.7,14.7,,,72.0,165.0,22.996277777777777,0.0,Alabama,2021.0,2021.0,PHI,10.0,,0.2647059
2021,6,00-0036912,D.Smith,WR,PHI,TB,0,0,0.0,0,0.0,0.0,0.0,0,0.0,0,4,2,31.0,0,3.1,5.1,,,72.0,165.0,22.996277777777777,0.0,Alabama,2021.0,2021.0,PHI,10.0,-6.0,0.16666667
2021,7,00-0036912,D.Smith,WR,PHI,LV,0,0,0.0,0,0.0,0.0,0.0,0,0.0,0,9,5,61.0,0,6.1,11.1,,,72.0,165.0,22.996277777777777,0.0,Alabama,2021.0,2021.0,PHI,10.0,,0.29032257
2021,8,00-0036912,D.Smith,WR,PHI,DET,0,0,0.0,0,0.0,0.0,0.0,0,0.0,0,3,1,15.0,0,1.5,2.5,,,72.0,165.0,22.996277777777777,0.0,Alabama,2021.0,2021.0,PHI,10.0,,0.1875
2021,9,00-0036912,D.Smith,WR,PHI,LAC,0,0,0.0,0,0.0,0.0,0.0,0,0.0,0,6,5,116.0,1,17.6,22.6,,,72.0,165.0,22.996277777777777,0.0,Alabama,2021.0,2021.0,PHI,10.0,-3.0,0.375
2021,10,00-0036912,D.Smith,WR,PHI,DEN,0,0,0.0,0,0.0,0.0,0.0,0,0.0,0,6,4,66.0,2,18.6,22.6,,,72.0,165.0,22.996277777777777,0.0,Alabama,2021.0,2021.0,PHI,10.0,,0.27272728
2021,11,00-0036912,D.Smith,WR,PHI,NO,0,0,0.0,0,0.0,0.0,0.0,0,0.0,0,6,4,61.0,0,6.1,10.1,,,72.0,165.0,22.996277777777777,0.0,Alabama,2021.0,2021.0,PHI,10.0,11.0,0.26086956
2021,12,00-0036912,D.Smith,WR,PHI,NYG,0,0,0.0,0,0.0,0.0,0.0,0,0.0,0,4,2,22.0,0,2.2,4.2,,,72.0,165.0,22.996277777777777,0.0,Alabama,2021.0,2021.0,PHI,10.0,,0.13793103
2021,13,00-0036912,D.Smith,WR,PHI,NYJ,0,0,0.0,0,0.0,0.0,0.0,0,0.0,0,4,2,15.0,0,1.5,3.5,,,72.0,165.0,22.996277777777777,0.0,Alabama,2021.0,2021.0,PHI,10.0,,0.18181819
2021,15,00-0036912,D.Smith,WR,PHI,WAS,0,0,0.0,0,0.0,0.0,0.0,0,0.0,0,5,3,40.0,0,4.0,7.0,,,72.0,165.0,22.996277777777777,0.0,Alabama,2021.0,2021.0,PHI,10.0,10.0,0.1923077
2021,16,00-0036912,D.Smith,WR,PHI,NYG,0,0,0.0,0,0.0,0.0,0.0,0,0.0,0,7,5,80.0,1,14.0,19.0,,,72.0,165.0,22.996277777777777,0.0,Alabama,2021.0,2021.0,PHI,10.0,24.0,0.25
2021,17,00-0036912,D.Smith,WR,PHI,WAS,0,0,0.0,0,0.0,0.0,0.0,0,0.0,0,6,3,54.0,0,5.4,8.4,,,72.0,165.0,22.996277777777777,0.0,Alabama,2021.0,2021.0,PHI,10.0,,0.24
2021,18,00-0036912,D.Smith,WR,PHI,DAL,0,0,0.0,0,0.0,0.0,0.0,0,0.0,0,4,3,41.0,0,4.1,7.1,,,72.0,165.0,22.996277777777777,0.0,Alabama,2021.0,2021.0,PHI,10.0,-25.0,0.11764706
2021,19,00-0036912,D.Smith,WR,PHI,TB,0,0,0.0,0,0.0,0.0,0.0,0,0.0,0,11,4,60.0,0,8.0,12.0,,,72.0,165.0,22.996277777777777,0.0,Alabama,2021.0,2021.0,PHI,10.0,,0.25581396
2021,1,00-0036913,K.Toney,WR,NYG,DEN,0,0,0.0,0,0.0,0.0,0.0,0,0.0,0,2,2,-2.0,0,-0.2,1.8,,,72.0,193.0,22.787764705882353,0.0,Florida,2021.0,2021.0,NYG,20.0,-14.0,0.055555556
2021,3,00-0036913,K.Toney,WR,NYG,ATL,0,0,0.0,0,0.0,0.0,0.0,0,0.0,0,3,2,16.0,0,1.6,3.6,,,72.0,193.0,22.787764705882353,0.0,Florida,2021.0,2021.0,NYG,20.0,-3.0,0.08571429
2021,4,00-0036913,K.Toney,WR,NYG,NO,0,0,0.0,0,0.0,0.0,0.0,1,1.0,0,9,6,78.0,0,7.9,13.9,,,72.0,193.0,22.787764705882353,0.0,Florida,2021.0,2021.0,NYG,20.0,,0.25
2021,5,00-0036913,K.Toney,WR,NYG,DAL,0,1,0.0,0,0.0,0.0,-0.0,1,7.0,0,13,10,189.0,0,19.6,29.6,,,72.0,193.0,22.787764705882353,0.0,Florida,2021.0,2021.0,NYG,20.0,,0.35135135
2021,6,00-0036913,K.Toney,WR,NYG,LA,0,0,0.0,0,0.0,0.0,0.0,0,0.0,0,3,3,36.0,0,3.6,6.6,,,72.0,193.0,22.787764705882353,0.0,Florida,2021.0,2021.0,NYG,20.0,-27.0,0.0625
2021,8,00-0036913,K.Toney,WR,NYG,KC,1,1,19.0,0,0.0,0.0,-0.0,0,0.0,0,5,4,26.0,0,3.36,7.36,,,72.0,193.0,22.787764705882353,0.0,Florida,2021.0,2021.0,NYG,20.0,,0.15151516
2021,9,00-0036913,K.Toney,WR,NYG,LV,0,0,0.0,0,0.0,1.0,6.0,1,-2.0,0,1,1,9.0,0,0.7,1.7,,,72.0,193.0,22.787764705882353,0.0,Florida,2021.0,2021.0,NYG,20.0,7.0,0.055555556
2021,11,00-0036913,K.Toney,WR,NYG,TB,0,1,0.0,0,0.0,0.0,-0.0,0,0.0,0,12,7,40.0,0,4.0,11.0,,,72.0,193.0,22.787764705882353,0.0,Florida,2021.0,2021.0,NYG,20.0,,0.3243243
2021,16,00-0036913,K.Toney,WR,NYG,PHI,0,0,0.0,0,0.0,0.0,0.0,0,0.0,0,9,4,28.0,0,2.8,6.8,,,72.0,193.0,22.787764705882353,0.0,Florida,2021.0,2021.0,NYG,20.0,,0.2195122
2021,1,00-0036919,K.Gainwell,RB,PHI,ATL,0,0,0.0,0,0.0,0.0,0.0,9,37.0,1,3,2,6.0,0,10.3,12.3,,,69.0,191.0,22.667722222222224,0.0,Memphis,2021.0,2021.0,PHI,150.0,,0.09375
2021,2,00-0036919,K.Gainwell,RB,PHI,SF,0,0,0.0,0,0.0,0.0,0.0,6,14.0,0,3,2,18.0,0,5.2,7.2,,,69.0,191.0,22.667722222222224,0.0,Memphis,2021.0,2021.0,PHI,150.0,-6.0,0.125
2021,3,00-0036919,K.Gainwell,RB,PHI,DAL,0,0,0.0,0,0.0,0.0,0.0,1,2.0,0,4,3,32.0,0,3.4,6.4,,,69.0,191.0,22.667722222222224,0.0,Memphis,2021.0,2021.0,PHI,150.0,,0.10526316
2021,4,00-0036919,K.Gainwell,RB,PHI,KC,0,0,0.0,0,0.0,0.0,0.0,3,31.0,1,8,6,58.0,0,14.9,20.9,,,69.0,191.0,22.667722222222224,0.0,Memphis,2021.0,2021.0,PHI,150.0,-12.0,0.18181819
2021,5,00-0036919,K.Gainwell,RB,PHI,CAR,0,0,0.0,0,0.0,0.0,0.0,2,16.0,0,3,1,8.0,0,2.4,3.4,,,69.0,191.0,22.667722222222224,0.0,Memphis,2021.0,2021.0,PHI,150.0,,0.0882353
2021,6,00-0036919,K.Gainwell,RB,PHI,TB,0,0,0.0,0,0.0,0.0,0.0,0,0.0,0,2,1,1.0,0,0.1,1.1,,,69.0,191.0,22.667722222222224,0.0,Memphis,2021.0,2021.0,PHI,150.0,-6.0,0.083333336
2021,7,00-0036919,K.Gainwell,RB,PHI,LV,0,0,0.0,0,0.0,0.0,0.0,5,20.0,0,8,4,41.0,1,10.1,14.1,,,69.0,191.0,22.667722222222224,0.0,Memphis,2021.0,2021.0,PHI,150.0,,0.2580645
2021,8,00-0036919,K.Gainwell,RB,PHI,DET,0,0,0.0,0,0.0,0.0,0.0,13,27.0,0,0,0,0.0,0,2.7,2.7,,,69.0,191.0,22.667722222222224,0.0,Memphis,2021.0,2021.0,PHI,150.0,,
2021,9,00-0036919,K.Gainwell,RB,PHI,LAC,0,0,0.0,0,0.0,0.0,0.0,2,3.0,1,0,0,0.0,0,6.3,6.3,,,69.0,191.0,22.667722222222224,0.0,Memphis,2021.0,2021.0,PHI,150.0,-3.0,
2021,10,00-0036919,K.Gainwell,RB,PHI,DEN,0,0,0.0,0,0.0,0.0,0.0,2,5.0,0,1,1,9.0,0,1.4,2.4,,,69.0,191.0,22.667722222222224,0.0,Memphis,2021.0,2021.0,PHI,150.0,,0.045454547
2021,12,00-0036919,K.Gainwell,RB,PHI,NYG,0,0,0.0,0,0.0,0.0,0.0,0,0.0,0,4,3,32.0,0,3.2,6.2,,,69.0,191.0,22.667722222222224,0.0,Memphis,2021.0,2021.0,PHI,150.0,,0.13793103
2021,13,00-0036919,K.Gainwell,RB,PHI,NYJ,0,0,0.0,0,0.0,0.0,0.0,12,54.0,1,5,5,33.0,0,14.7,19.7,,,69.0,191.0,22.667722222222224,0.0,Memphis,2021.0,2021.0,PHI,150.0,,0.22727273
2021,15,00-0036919,K.Gainwell,RB,PHI,WAS,0,0,0.0,0,0.0,0.0,0.0,0,0.0,0,1,0,0.0,0,0.0,0.0,,,69.0,191.0,22.667722222222224,0.0,Memphis,2021.0,2021.0,PHI,150.0,10.0,0.03846154
2021,16,00-0036919,K.Gainwell,RB,PHI,NYG,0,0,0.0,0,0.0,0.0,0.0,0,0.0,0,1,1,6.0,0,0.6,1.6,,,69.0,191.0,22.667722222222224,0.0,Memphis,2021.0,2021.0,PHI,150.0,24.0,0.035714287
2021,17,00-0036919,K.Gainwell,RB,PHI,WAS,0,0,0.0,0,0.0,0.0,0.0,1,4.0,0,0,0,0.0,0,0.4,0.4,,,69.0,191.0,22.667722222222224,0.0,Memphis,2021.0,2021.0,PHI,150.0,,
2021,18,00-0036919,K.Gainwell,RB,PHI,DAL,0,0,0.0,0,0.0,0.0,0.0,12,78.0,1,7,4,9.0,0,14.7,18.7,,,69.0,191.0,22.667722222222224,0.0,Memphis,2021.0,2021.0,PHI,150.0,-25.0,0.20588236
2021,19,00-0036919,K.Gainwell,RB,PHI,TB,0,0,0.0,0,0.0,0.0,0.0,1,6.0,0,5,5,49.0,1,11.5,16.5,,,69.0,191.0,22.667722222222224,0.0,Memphis,2021.0,2021.0,PHI,150.0,,0.11627907
2021,1,00-0036924,M.Carter,RB,NYJ,CAR,0,0,0.0,0,0.0,0.0,0.0,4,6.0,0,2,1,14.0,0,2.0,3.0,,,68.0,200.0,22.518117647058823,0.0,North Carolina,2021.0,2021.0,NYJ,107.0,,0.055555556
2021,2,00-0036924,M.Carter,RB,NYJ,NE,0,0,0.0,0,0.0,0.0,0.0,11,59.0,0,3,2,29.0,0,8.8,10.8,,,68.0,200.0,22.518117647058823,0.0,North Carolina,2021.0,2021.0,NYJ,107.0,-19.0,0.09090909
2021,3,00-0036924,M.Carter,RB,NYJ,DEN,0,0,0.0,0,0.0,0.0,0.0,9,24.0,0,3,2,5.0,0,2.9,4.9,,,68.0,200.0,22.518117647058823,0.0,North Carolina,2021.0,2021.0,NYJ,107.0,,0.09090909
2021,4,00-0036924,M.Carter,RB,NYJ,TEN,0,0,0.0,0,0.0,0.0,0.0,13,38.0,1,3,1,-4.0,0,9.4,10.4,,,68.0,200.0,22.518117647058823,0.0,North Carolina,2021.0,2021.0,NYJ,107.0,3.0,0.0882353
2021,5,00-0036924,M.Carter,RB,NYJ,ATL,0,0,0.0,0,0.0,0.0,0.0,10,38.0,1,3,3,20.0,0,11.8,14.8,,,68.0,200.0,22.518117647058823,0.0,North Carolina,2021.0,2021.0,NYJ,107.0,,0.09677419
2021,7,00-0036924,M.Carter,RB,NYJ,NE,0,0,0.0,0,0.0,0.0,0.0,11,37.0,0,9,8,67.0,0,8.4,16.4,,,68.0,200.0,22.518117647058823,0.0,North Carolina,2021.0,2021.0,NYJ,107.0,,0.2195122
2021,8,00-0036924,M.Carter,RB,NYJ,CIN,0,0,0.0,0,0.0,0.0,0.0,15,77.0,1,14,9,95.0,0,23.2,32.2,,,68.0,200.0,22.518117647058823,0.0,North Carolina,2021.0,2021.0,NYJ,107.0,3.0,0.2857143
2021,9,00-0036924,M.Carter,RB,NYJ,IND,0,0,0.0,0,0.0,0.0,0.0,13,49.0,0,2,1,37.0,0,8.6,9.6,,,68.0,200.0,22.518117647058823,0.0,North Carolina,2021.0,2021.0,NYJ,107.0,,0.03846154
2021,10,00-0036924,M.Carter,RB,NYJ,BUF,0,0,0.0,0,0.0,0.0,0.0,16,39.0,1,6,4,43.0,0,14.2,18.2,,,68.0,200.0,22.518117647058823,0.0,North Carolina,2021.0,2021.0,NYJ,107.0,-28.0,0.13043478
2021,11,00-0036924,M.Carter,RB,NYJ,MIA,0,0,0.0,0,0.0,0.0,0.0,9,63.0,0,1,1,2.0,0,6.5,7.5,,,68.0,200.0,22.518117647058823,0.0,North Carolina,2021.0,2021.0,NYJ,107.0,-7.0,0.028571429
2021,15,00-0036924,M.Carter,RB,NYJ,MIA,0,0,0.0,0,0.0,0.0,0.0,8,18.0,0,2,1,2.0,0,2.0,3.0,,,68.0,200.0,22.518117647058823,0.0,North Carolina,2021.0,2021.0,NYJ,107.0,,0.09090909
2021,16,00-0036924,M.Carter,RB,NYJ,JAX,0,0,0.0,0,0.0,0.0,0.0,16,118.0,0,3,2,6.0,0,12.4,14.4,,,68.0,200.0,22.518117647058823,0.0,North Carolina,2021.0,2021.0,NYJ,107.0,5.0,0.14285715
2021,17,00-0036924,M.Carter,RB,NYJ,TB,0,0,0.0,0,0.0,0.0,0.0,3,54.0,0,1,1,9.0,0,6.3,7.3,,,68.0,200.0,22.518117647058823,0.0,North Carolina,2021.0,2021.0,NYJ,107.0,-4.0,0.033333335
2021,18,00-0036924,M.Carter,RB,NYJ,BUF,0,0,0.0,0,0.0,0.0,0.0,9,19.0,0,3,0,0.0,0,1.9,1.9,,,68.0,200.0,22.518117647058823,0.0,North Carolina,2021.0,2021.0,NYJ,107.0,,0.15789473
2021,16,00-0036929,I.Book,QB,NO,MIA,12,20,135.0,0,2.0,8.0,54.0,3,6.0,0,0,0,0.0,0,2.0,2.0,,,72.0,212.0,23.62129411764706,0.0,Notre Dame,2021.0,2021.0,NO,133.0,-17.0,
2021,1,00-0036936,R.Moore,WR,ARI,TEN,0,0,0.0,0,0.0,0.0,0.0,0,0.0,0,5,4,68.0,0,6.8,10.8,,,67.0,180.0,21.429388888888887,0.0,Purdue,2021.0,2021.0,ARI,49.0,,0.15625
2021,2,00-0036936,R.Moore,WR,ARI,MIN,0,0,0.0,0,0.0,0.0,0.0,0,0.0,0,8,7,114.0,1,17.4,24.4,,,67.0,180.0,21.429388888888887,0.0,Purdue,2021.0,2021.0,ARI,49.0,1.0,0.23529412
2021,3,00-0036936,R.Moore,WR,ARI,JAX,0,0,0.0,0,0.0,0.0,0.0,1,3.0,0,2,2,1.0,0,0.4,2.4,,,67.0,180.0,21.429388888888887,0.0,Purdue,2021.0,2021.0,ARI,49.0,,0.05882353
2021,4,00-0036936,R.Moore,WR,ARI,LA,0,0,0.0,0,0.0,0.0,0.0,2,9.0,0,3,3,28.0,0,3.7,6.7,,,67.0,180.0,21.429388888888887,0.0,Purdue,2021.0,2021.0,ARI,49.0,,0.10344828
2021,5,00-0036936,R.Moore,WR,ARI,SF,0,0,0.0,0,0.0,0.0,0.0,3,38.0,0,6,5,59.0,0,9.7,14.7,,,67.0,180.0,21.429388888888887,0.0,Purdue,2021.0,2021.0,ARI,49.0,7.0,0.21428572
2021,6,00-0036936,R.Moore,WR,ARI,CLE,0,0,0.0,0,0.0,0.0,0.0,3,10.0,0,4,3,16.0,0,2.6,5.6,,,67.0,180.0,21.429388888888887,0.0,Purdue,2021.0,2021.0,ARI,49.0,,0.14285715
2021,7,00-0036936,R.Moore,WR,ARI,HOU,0,0,0.0,0,0.0,0.0,0.0,0,0.0,0,3,2,17.0,0,1.7,3.7,,,67.0,180.0,21.429388888888887,0.0,Purdue,2021.0,2021.0,ARI,49.0,26.0,0.10714286
2021,8,00-0036936,R.Moore,WR,ARI,GB,0,0,0.0,0,0.0,0.0,0.0,2,1.0,0,4,3,24.0,0,2.5,5.5,,,67.0,180.0,21.429388888888887,0.0,Purdue,2021.0,2021.0,ARI,49.0,-3.0,0.12903225
2021,9,00-0036936,R.Moore,WR,ARI,SF,0,0,0.0,0,0.0,0.0,0.0,0,0.0,0,5,5,25.0,0,2.5,7.5,,,67.0,180.0,21.429388888888887,0.0,Purdue,2021.0,2021.0,ARI,49.0,,0.1923077
2021,10,00-0036936,R.Moore,WR,ARI,CAR,0,0,0.0,0,0.0,0.0,0.0,1,1.0,0,4,2,10.0,0,1.1,3.1,,,67.0,180.0,21.429388888888887,0.0,Purdue,2021.0,2021.0,ARI,49.0,-24.0,0.13793103
2021,11,00-0036936,R.Moore,WR,ARI,SEA,0,0,0.0,0,0.0,0.0,0.0,0,0.0,0,11,11,51.0,0,5.1,16.1,,,67.0,180.0,21.429388888888887,0.0,Purdue,2021.0,2021.0,ARI,49.0,,0.25
2021,13,00-0036936,R.Moore,WR,ARI,CHI,0,0,0.0,0,0.0,0.0,0.0,3,2.0,0,2,1,8.0,0,1.0,2.0,,,67.0,180.0,21.429388888888887,0.0,Purdue,2021.0,2021.0,ARI,49.0,,0.13333334
2021,14,00-0036936,R.Moore,WR,ARI,LA,0,0,0.0,0,0.0,0.0,0.0,2,11.0,0,4,3,5.0,0,1.6,4.6,,,67.0,180.0,21.429388888888887,0.0,Purdue,2021.0,2021.0,ARI,49.0,-7.0,0.08163265
2021,15,00-0036936,R.Moore,WR,ARI,DET,0,0,0.0,0,0.0,0.0,0.0,1,1.0,0,3,3,9.0,0,1.0,4.0,,,67.0,180.0,21.429388888888887,0.0,Purdue,2021.0,2021.0,ARI,49.0,,0.0625
2021,19,00-0036936,R.Moore,WR,ARI,LA,0,0,0.0,0,0.0,0.0,0.0,0,0.0,0,6,5,32.0,0,3.2,8.2,,,67.0,180.0,21.429388888888887,0.0,Purdue,2021.0,2021.0,ARI,49.0,,0.1764706
2021,1,00-0036945,J.Fields,QB,CHI,LA,2,2,10.0,0,0.0,0.0,-0.0,1,3.0,1,0,0,0.0,0,6.7,6.7,,,75.0,223.0,22.68635294117647,0.0,Ohio State,2021.0,2021.0,CHI,11.0,,
2021,2,00-0036945,J.Fields,QB,CHI,CIN,6,13,60.0,0,1.0,2.0,25.0,10,31.0,0,0,0,0.0,0,3.5,3.5,,,75.0,223.0,22.68635294117647,0.0,Ohio State,2021.0,2021.0,CHI,11.0,3.0,
2021,3,00-0036945,J.Fields,QB,CHI,CLE,6,20,68.0,0,0.0,9.0,67.0,3,12.0,0,0,0,0.0,0,3.92,3.92,,,75.0,223.0,22.68635294117647,0.0,Ohio State,2021.0,2021.0,CHI,11.0,,
2021,4,00-0036945,J.Fields,QB,CHI,DET,11,17,209.0,0,1.0,1.0,24.0,3,9.0,0,0,0,0.0,0,7.26,7.26,,,75.0,223.0,22.68635294117647,0.0,Ohio State,2021.0,2021.0,CHI,11.0,10.0,
2021,5,00-0036945,J.Fields,QB,CHI,LV,12,20,111.0,1,0.0,2.0,10.0,3,4.0,0,0,0,0.0,0,8.84,8.84,,,75.0,223.0,22.68635294117647,0.0,Ohio State,2021.0,2021.0,CHI,11.0,,
2021,6,00-0036945,J.Fields,QB,CHI,GB,16,27,174.0,1,1.0,4.0,37.0,6,43.0,0,0,0,0.0,0,13.26,13.26,,,75.0,223.0,22.68635294117647,0.0,Ohio State,2021.0,2021.0,CHI,11.0,-10.0,
2021,7,00-0036945,J.Fields,QB,CHI,TB,22,32,184.0,0,3.0,4.0,16.0,8,38.0,0,0,0,0.0,0,1.16,1.16,,,75.0,223.0,22.68635294117647,0.0,Ohio State,2021.0,2021.0,CHI,11.0,,
2021,8,00-0036945,J.Fields,QB,CHI,SF,19,27,175.0,1,1.0,4.0,27.0,10,103.0,1,0,0,0.0,0,25.3,25.3,,,75.0,223.0,22.68635294117647,0.0,Ohio State,2021.0,2021.0,CHI,11.0,-11.0,
2021,9,00-0036945,J.Fields,QB,CHI,PIT,17,29,291.0,1,1.0,3.0,13.0,8,45.0,0,0,0,0.0,0,18.14,18.14,,,75.0,223.0,22.68635294117647,0.0,Ohio State,2021.0,2021.0,CHI,11.0,,
2021,11,00-0036945,J.Fields,QB,CHI,BAL,4,11,79.0,0,0.0,2.0,1.0,4,23.0,0,0,0,0.0,0,3.46,3.46,,,75.0,223.0,22.68635294117647,0.0,Ohio State,2021.0,2021.0,CHI,11.0,-3.0,
2021,14,00-0036945,J.Fields,QB,CHI,GB,18,33,224.0,2,2.0,2.0,14.0,9,74.0,0,0,0,0.0,0,18.36,18.36,,,75.0,223.0,22.68635294117647,0.0,Ohio State,2021.0,2021.0,CHI,11.0,,
2021,15,00-0036945,J.Fields,QB,CHI,MIN,26,39,285.0,1,0.0,3.0,30.0,7,35.0,0,0,0,0.0,0,16.9,16.9,,,75.0,223.0,22.68635294117647,0.0,Ohio State,2021.0,2021.0,CHI,11.0,-8.0,
2021,17,00-0036946,K.Mond,QB,MIN,GB,2,3,5.0,0,0.0,0.0,-0.0,0,0.0,0,0,0,0.0,0,0.2,0.2,,,75.0,217.0,22.39135294117647,0.0,Texas A&amp;M,2021.0,2021.0,MIN,66.0,,
2021,10,00-0036951,F.Darby,WR,ATL,DAL,0,0,0.0,0,0.0,0.0,0.0,0,0.0,0,3,1,14.0,0,1.4,2.4,,,73.0,200.0,24.17723529411765,0.0,Arizona State,2021.0,2021.0,ATL,187.0,,0.11111111
2021,17,00-0036951,F.Darby,WR,ATL,BUF,0,0,0.0,0,0.0,0.0,0.0,0,0.0,0,1,0,0.0,0,0.0,0.0,,,73.0,200.0,24.17723529411765,0.0,Arizona State,2021.0,2021.0,ATL,187.0,,0.05
2021,1,00-0036955,T.Marshall,WR,CAR,NYJ,0,0,0.0,0,0.0,0.0,0.0,0,0.0,0,6,3,26.0,0,2.6,5.6,,,74.0,200.0,21.41794117647059,0.0,Louisiana State,2021.0,2021.0,CAR,59.0,5.0,0.18181819
2021,2,00-0036955,T.Marshall,WR,CAR,NO,0,0,0.0,0,0.0,0.0,0.0,0,0.0,0,3,3,17.0,0,1.7,4.7,,,74.0,200.0,21.41794117647059,0.0,Louisiana State,2021.0,2021.0,CAR,59.0,19.0,0.083333336
2021,3,00-0036955,T.Marshall,WR,CAR,HOU,0,0,0.0,0,0.0,0.0,0.0,0,0.0,0,5,4,48.0,0,4.8,8.8,,,74.0,200.0,21.41794117647059,0.0,Louisiana State,2021.0,2021.0,CAR,59.0,,0.15151516
2021,4,00-0036955,T.Marshall,WR,CAR,DAL,0,0,0.0,0,0.0,0.0,0.0,0,0.0,0,3,1,2.0,0,0.2,1.2,,,74.0,200.0,21.41794117647059,0.0,Louisiana State,2021.0,2021.0,CAR,59.0,,0.07692308
2021,5,00-0036955,T.Marshall,WR,CAR,PHI,0,0,0.0,0,0.0,0.0,0.0,0,0.0,0,3,2,14.0,0,1.4,3.4,,,74.0,200.0,21.41794117647059,0.0,Louisiana State,2021.0,2021.0,CAR,59.0,-3.0,0.0882353
2021,6,00-0036955,T.Marshall,WR,CAR,MIN,0,0,0.0,0,0.0,0.0,0.0,0,0.0,0,2,1,9.0,0,0.9,1.9,,,74.0,200.0,21.41794117647059,0.0,Louisiana State,2021.0,2021.0,CAR,59.0,-6.0,0.051282052
2021,9,00-0036955,T.Marshall,WR,CAR,NE,0,0,0.0,0,0.0,0.0,0.0,0,0.0,0,1,0,0.0,0,0.0,0.0,,,74.0,200.0,21.41794117647059,0.0,Louisiana State,2021.0,2021.0,CAR,59.0,-18.0,0.03448276
2021,10,00-0036955,T.Marshall,WR,CAR,ARI,0,0,0.0,0,0.0,0.0,0.0,0,0.0,0,2,0,0.0,0,2.0,2.0,,,74.0,200.0,21.41794117647059,0.0,Louisiana State,2021.0,2021.0,CAR,59.0,,0.0625
2021,11,00-0036955,T.Marshall,WR,CAR,WAS,0,0,0.0,0,0.0,0.0,0.0,0,0.0,0,1,0,0.0,0,0.0,0.0,,,74.0,200.0,21.41794117647059,0.0,Louisiana State,2021.0,2021.0,CAR,59.0,-6.0,0.037037037
2021,15,00-0036955,T.Marshall,WR,CAR,BUF,0,0,0.0,0,0.0,0.0,0.0,0,0.0,0,1,0,0.0,0,0.0,0.0,,,74.0,200.0,21.41794117647059,0.0,Louisiana State,2021.0,2021.0,CAR,59.0,,0.027777778
2021,16,00-0036955,T.Marshall,WR,CAR,TB,0,0,0.0,0,0.0,0.0,0.0,0,0.0,0,1,1,6.0,0,0.6,1.6,,,74.0,200.0,21.41794117647059,0.0,Louisiana State,2021.0,2021.0,CAR,59.0,-26.0,0.023255814
2021,17,00-0036955,T.Marshall,WR,CAR,NO,0,0,0.0,0,0.0,0.0,0.0,0,0.0,0,2,2,16.0,0,1.6,3.6,,,74.0,200.0,21.41794117647059,0.0,Louisiana State,2021.0,2021.0,CAR,59.0,,0.083333336
2021,1,00-0036963,A.St. Brown,WR,DET,SF,0,0,0.0,0,0.0,0.0,0.0,0,0.0,0,4,2,23.0,0,2.3,4.3,,,72.0,195.0,22.049529411764706,0.0,Southern California,2021.0,2021.0,DET,112.0,-8.0,0.071428575
2021,2,00-0036963,A.St. Brown,WR,DET,GB,0,0,0.0,0,0.0,0.0,0.0,0,0.0,0,5,3,18.0,0,1.8,4.8,,,72.0,195.0,22.049529411764706,0.0,Southern California,2021.0,2021.0,DET,112.0,,0.14285715
2021,3,00-0036963,A.St. Brown,WR,DET,BAL,0,0,0.0,0,0.0,0.0,0.0,0,0.0,0,1,1,2.0,0,0.2,1.2,,,72.0,195.0,22.049529411764706,0.0,Southern California,2021.0,2021.0,DET,112.0,-2.0,0.035714287
2021,4,00-0036963,A.St. Brown,WR,DET,CHI,0,0,0.0,0,0.0,0.0,0.0,0,0.0,0,8,6,70.0,0,7.0,13.0,,,72.0,195.0,22.049529411764706,0.0,Southern California,2021.0,2021.0,DET,112.0,,0.21621622
2021,5,00-0036963,A.St. Brown,WR,DET,MIN,0,0,0.0,0,0.0,0.0,0.0,0,0.0,0,8,7,65.0,0,6.5,13.5,,,72.0,195.0,22.049529411764706,0.0,Southern California,2021.0,2021.0,DET,112.0,,0.2580645
2021,6,00-0036963,A.St. Brown,WR,DET,CIN,0,0,0.0,0,0.0,0.0,0.0,0,0.0,0,7,5,26.0,0,4.6,9.6,,,72.0,195.0,22.049529411764706,0.0,Southern California,2021.0,2021.0,DET,112.0,-23.0,0.17948718
2021,8,00-0036963,A.St. Brown,WR,DET,PHI,0,0,0.0,0,0.0,0.0,0.0,0,0.0,0,5,3,46.0,0,4.6,7.6,,,72.0,195.0,22.049529411764706,0.0,Southern California,2021.0,2021.0,DET,112.0,-38.0,0.15625
2021,10,00-0036963,A.St. Brown,WR,DET,PIT,0,0,0.0,0,0.0,0.0,0.0,0,0.0,0,6,4,61.0,0,6.1,10.1,,,72.0,195.0,22.049529411764706,0.0,Southern California,2021.0,2021.0,DET,112.0,,0.25
2021,11,00-0036963,A.St. Brown,WR,DET,CLE,0,0,0.0,0,0.0,0.0,0.0,0,0.0,0,4,4,18.0,0,1.8,5.8,,,72.0,195.0,22.049529411764706,0.0,Southern California,2021.0,2021.0,DET,112.0,,0.17391305
2021,12,00-0036963,A.St. Brown,WR,DET,CHI,0,0,0.0,0,0.0,0.0,0.0,0,0.0,0,4,4,23.0,0,2.3,6.3,,,72.0,195.0,22.049529411764706,0.0,Southern California,2021.0,2021.0,DET,112.0,-2.0,0.16
2021,13,00-0036963,A.St. Brown,WR,DET,MIN,0,0,0.0,0,0.0,0.0,0.0,1,2.0,0,12,10,86.0,1,14.8,24.8,,,72.0,195.0,22.049529411764706,0.0,Southern California,2021.0,2021.0,DET,112.0,2.0,0.31578946
2021,14,00-0036963,A.St. Brown,WR,DET,DEN,0,0,0.0,0,0.0,0.0,0.0,0,0.0,0,12,8,73.0,0,7.3,15.3,,,72.0,195.0,22.049529411764706,0.0,Southern California,2021.0,2021.0,DET,112.0,,0.31578946
2021,15,00-0036963,A.St. Brown,WR,DET,ARI,0,0,0.0,0,0.0,0.0,0.0,1,5.0,0,11,8,90.0,1,15.5,23.5,,,72.0,195.0,22.049529411764706,0.0,Southern California,2021.0,2021.0,DET,112.0,18.0,0.42307693
2021,16,00-0036963,A.St. Brown,WR,DET,ATL,0,0,0.0,0,0.0,0.0,0.0,2,19.0,0,11,9,91.0,1,17.0,26.0,,,72.0,195.0,22.049529411764706,0.0,Southern California,2021.0,2021.0,DET,112.0,,0.31428573
2021,17,00-0036963,A.St. Brown,WR,DET,SEA,0,0,0.0,0,0.0,0.0,0.0,2,23.0,1,11,8,111.0,1,27.4,35.4,,,72.0,195.0,22.049529411764706,0.0,Southern California,2021.0,2021.0,DET,112.0,,0.2972973
2021,18,00-0036963,A.St. Brown,WR,DET,GB,0,0,0.0,0,0.0,0.0,0.0,1,12.0,0,10,8,109.0,1,18.1,26.1,,,72.0,195.0,22.049529411764706,0.0,Southern California,2021.0,2021.0,DET,112.0,7.0,0.3448276
2021,1,00-0036970,K.Pitts,TE,ATL,PHI,0,0,0.0,0,0.0,0.0,0.0,0,0.0,0,8,4,31.0,0,3.1,7.1,,,78.0,250.0,21.099999999999998,0.0,Florida,2021.0,2021.0,ATL,4.0,-26.0,0.24242425
2021,2,00-0036970,K.Pitts,TE,ATL,TB,0,0,0.0,0,0.0,0.0,0.0,0,0.0,0,6,5,73.0,0,7.3,12.3,,,78.0,250.0,21.099999999999998,0.0,Florida,2021.0,2021.0,ATL,4.0,,0.125
2021,3,00-0036970,K.Pitts,TE,ATL,NYG,0,0,0.0,0,0.0,0.0,0.0,0,0.0,0,3,2,35.0,0,3.5,5.5,,,78.0,250.0,21.099999999999998,0.0,Florida,2021.0,2021.0,ATL,4.0,,0.083333336
2021,4,00-0036970,K.Pitts,TE,ATL,WAS,0,0,0.0,0,0.0,0.0,0.0,0,0.0,0,9,4,50.0,0,5.0,9.0,,,78.0,250.0,21.099999999999998,0.0,Florida,2021.0,2021.0,ATL,4.0,-4.0,0.225
2021,5,00-0036970,K.Pitts,TE,ATL,NYJ,0,0,0.0,0,0.0,0.0,0.0,0,0.0,0,10,9,119.0,1,17.9,26.9,,,78.0,250.0,21.099999999999998,0.0,Florida,2021.0,2021.0,ATL,4.0,7.0,0.22222222
2021,7,00-0036970,K.Pitts,TE,ATL,MIA,0,0,0.0,0,0.0,0.0,0.0,0,0.0,0,8,7,163.0,0,16.3,23.3,,,78.0,250.0,21.099999999999998,0.0,Florida,2021.0,2021.0,ATL,4.0,,0.20512821
2021,8,00-0036970,K.Pitts,TE,ATL,CAR,0,0,0.0,0,0.0,0.0,0.0,0,0.0,0,6,2,13.0,0,1.3,3.3,,,78.0,250.0,21.099999999999998,0.0,Florida,2021.0,2021.0,ATL,4.0,-6.0,0.22222222
2021,9,00-0036970,K.Pitts,TE,ATL,NO,0,0,0.0,0,0.0,0.0,0.0,0,0.0,0,7,3,62.0,0,6.2,9.2,,,78.0,250.0,21.099999999999998,0.0,Florida,2021.0,2021.0,ATL,4.0,,0.23333333
2021,10,00-0036970,K.Pitts,TE,ATL,DAL,0,0,0.0,0,0.0,0.0,0.0,0,0.0,0,7,4,60.0,0,6.0,10.0,,,78.0,250.0,21.099999999999998,0.0,Florida,2021.0,2021.0,ATL,4.0,,0.25925925
2021,11,00-0036970,K.Pitts,TE,ATL,NE,0,0,0.0,0,0.0,0.0,0.0,0,0.0,0,5,3,29.0,0,2.9,5.9,,,78.0,250.0,21.099999999999998,0.0,Florida,2021.0,2021.0,ATL,4.0,-25.0,0.16129032
2021,12,00-0036970,K.Pitts,TE,ATL,JAX,0,0,0.0,0,0.0,0.0,0.0,0,0.0,0,6,2,26.0,0,2.6,4.6,,,78.0,250.0,21.099999999999998,0.0,Florida,2021.0,2021.0,ATL,4.0,,0.21428572
2021,13,00-0036970,K.Pitts,TE,ATL,TB,0,0,0.0,0,0.0,0.0,0.0,0,0.0,0,7,4,48.0,0,4.8,8.8,,,78.0,250.0,21.099999999999998,0.0,Florida,2021.0,2021.0,ATL,4.0,-13.0,0.175
2021,14,00-0036970,K.Pitts,TE,ATL,CAR,0,0,0.0,0,0.0,0.0,0.0,0,0.0,0,6,5,61.0,0,6.1,11.1,,,78.0,250.0,21.099999999999998,0.0,Florida,2021.0,2021.0,ATL,4.0,,0.22222222
2021,15,00-0036970,K.Pitts,TE,ATL,SF,0,0,0.0,0,0.0,0.0,0.0,0,0.0,0,7,4,77.0,0,7.7,11.7,,,78.0,250.0,21.099999999999998,0.0,Florida,2021.0,2021.0,ATL,4.0,,0.23333333
2021,16,00-0036970,K.Pitts,TE,ATL,DET,0,0,0.0,0,0.0,0.0,0.0,0,0.0,0,6,6,102.0,0,10.2,16.2,,,78.0,250.0,21.099999999999998,0.0,Florida,2021.0,2021.0,ATL,4.0,4.0,0.27272728
2021,17,00-0036970,K.Pitts,TE,ATL,BUF,0,0,0.0,0,0.0,0.0,0.0,0,0.0,0,4,2,69.0,0,6.9,8.9,,,78.0,250.0,21.099999999999998,0.0,Florida,2021.0,2021.0,ATL,4.0,,0.2
2021,18,00-0036970,K.Pitts,TE,ATL,NO,0,0,0.0,0,0.0,0.0,0.0,0,0.0,0,5,2,8.0,0,0.8,2.8,,,78.0,250.0,21.099999999999998,0.0,Florida,2021.0,2021.0,ATL,4.0,-10.0,0.16129032
2021,1,00-0036971,T.Lawrence,QB,JAX,HOU,28,51,332.0,3,3.0,1.0,13.0,1,-2.0,0,0,0,0.0,0,19.08,19.08,,,78.0,220.0,22.100823529411766,0.0,Clemson,2021.0,2021.0,JAX,1.0,,
2021,2,00-0036971,T.Lawrence,QB,JAX,DEN,14,33,118.0,1,2.0,1.0,4.0,2,21.0,0,0,0,0.0,0,6.82,6.82,,,78.0,220.0,22.100823529411766,0.0,Clemson,2021.0,2021.0,JAX,1.0,-10.0,
2021,3,00-0036971,T.Lawrence,QB,JAX,ARI,22,34,219.0,1,2.0,3.0,17.0,6,27.0,0,0,0,0.0,0,7.46,7.46,,,78.0,220.0,22.100823529411766,0.0,Clemson,2021.0,2021.0,JAX,1.0,-12.0,
2021,4,00-0036971,T.Lawrence,QB,JAX,CIN,17,24,204.0,0,0.0,1.0,2.0,8,36.0,1,0,0,0.0,0,17.76,17.76,,,78.0,220.0,22.100823529411766,0.0,Clemson,2021.0,2021.0,JAX,1.0,,
2021,5,00-0036971,T.Lawrence,QB,JAX,TEN,23,33,273.0,1,1.0,2.0,17.0,7,28.0,1,0,0,0.0,0,21.72,21.72,,,78.0,220.0,22.100823529411766,0.0,Clemson,2021.0,2021.0,JAX,1.0,-18.0,
2021,6,00-0036971,T.Lawrence,QB,JAX,MIA,25,41,319.0,1,0.0,2.0,7.0,2,11.0,0,0,0,0.0,0,15.86,15.86,,,78.0,220.0,22.100823529411766,0.0,Clemson,2021.0,2021.0,JAX,1.0,3.0,
2021,8,00-0036971,T.Lawrence,QB,JAX,SEA,32,54,238.0,1,1.0,1.0,11.0,3,11.0,0,0,0,0.0,0,12.62,12.62,,,78.0,220.0,22.100823529411766,0.0,Clemson,2021.0,2021.0,JAX,1.0,,
2021,9,00-0036971,T.Lawrence,QB,JAX,BUF,15,26,118.0,0,0.0,2.0,12.0,3,4.0,0,0,0,0.0,0,5.12,5.12,,,78.0,220.0,22.100823529411766,0.0,Clemson,2021.0,2021.0,JAX,1.0,3.0,
2021,10,00-0036971,T.Lawrence,QB,JAX,IND,16,35,162.0,0,0.0,3.0,10.0,5,33.0,0,0,0,0.0,0,9.78,9.78,,,78.0,220.0,22.100823529411766,0.0,Clemson,2021.0,2021.0,JAX,1.0,,
2021,11,00-0036971,T.Lawrence,QB,JAX,SF,16,25,158.0,0,0.0,3.0,12.0,3,23.0,0,0,0,0.0,0,8.62,8.62,,,78.0,220.0,22.100823529411766,0.0,Clemson,2021.0,2021.0,JAX,1.0,-20.0,
2021,12,00-0036971,T.Lawrence,QB,JAX,ATL,23,42,228.0,1,1.0,1.0,12.0,5,39.0,0,0,0,0.0,0,17.02,17.02,,,78.0,220.0,22.100823529411766,0.0,Clemson,2021.0,2021.0,JAX,1.0,-7.0,
2021,13,00-0036971,T.Lawrence,QB,JAX,LA,16,28,145.0,0,0.0,2.0,9.0,4,10.0,0,0,0,0.0,0,6.8,6.8,,,78.0,220.0,22.100823529411766,0.0,Clemson,2021.0,2021.0,JAX,1.0,,
2021,14,00-0036971,T.Lawrence,QB,JAX,TEN,24,40,221.0,0,4.0,3.0,37.0,1,2.0,0,0,0,0.0,0,1.04,1.04,,,78.0,220.0,22.100823529411766,0.0,Clemson,2021.0,2021.0,JAX,1.0,,
2021,15,00-0036971,T.Lawrence,QB,JAX,HOU,22,38,210.0,0,0.0,3.0,21.0,5,21.0,0,0,0,0.0,0,10.5,10.5,,,78.0,220.0,22.100823529411766,0.0,Clemson,2021.0,2021.0,JAX,1.0,-14.0,
2021,16,00-0036971,T.Lawrence,QB,JAX,NYJ,26,39,280.0,0,0.0,1.0,28.0,6,37.0,0,0,0,0.0,0,12.9,12.9,,,78.0,220.0,22.100823529411766,0.0,Clemson,2021.0,2021.0,JAX,1.0,,
2021,17,00-0036971,T.Lawrence,QB,JAX,NE,17,27,193.0,1,3.0,2.0,20.0,2,16.0,0,0,0,0.0,0,7.32,7.32,,,78.0,220.0,22.100823529411766,0.0,Clemson,2021.0,2021.0,JAX,1.0,,
2021,18,00-0036971,T.Lawrence,QB,JAX,IND,23,32,223.0,2,0.0,1.0,6.0,10,17.0,0,0,0,0.0,0,18.62,18.62,,,78.0,220.0,22.100823529411766,0.0,Clemson,2021.0,2021.0,JAX,1.0,15.0,
2021,1,00-0036972,M.Jones,QB,NE,MIA,29,39,281.0,1,0.0,1.0,13.0,0,0.0,0,0,0,0.0,0,15.24,15.24,,,75.0,214.0,23.187444444444445,0.0,Alabama,2021.0,2021.0,NE,15.0,-1.0,
2021,2,00-0036972,M.Jones,QB,NE,NYJ,22,30,186.0,0,0.0,3.0,27.0,0,0.0,0,0,0,0.0,0,7.44,7.44,,,75.0,214.0,23.187444444444445,0.0,Alabama,2021.0,2021.0,NE,15.0,,
2021,3,00-0036972,M.Jones,QB,NE,NO,30,51,270.0,1,3.0,2.0,19.0,6,28.0,0,0,0,0.0,0,11.6,11.6,,,75.0,214.0,23.187444444444445,0.0,Alabama,2021.0,2021.0,NE,15.0,-15.0,
2021,4,00-0036972,M.Jones,QB,NE,TB,31,40,275.0,2,1.0,4.0,25.0,1,-1.0,0,0,0,0.0,0,16.9,16.9,,,75.0,214.0,23.187444444444445,0.0,Alabama,2021.0,2021.0,NE,15.0,-2.0,
2021,5,00-0036972,M.Jones,QB,NE,HOU,23,30,231.0,1,1.0,1.0,5.0,1,3.0,0,0,0,0.0,0,11.54,11.54,,,75.0,214.0,23.187444444444445,0.0,Alabama,2021.0,2021.0,NE,15.0,,
2021,6,00-0036972,M.Jones,QB,NE,DAL,15,21,229.0,2,1.0,2.0,14.0,2,-4.0,0,0,0,0.0,0,14.76,14.76,,,75.0,214.0,23.187444444444445,0.0,Alabama,2021.0,2021.0,NE,15.0,-6.0,
2021,7,00-0036972,M.Jones,QB,NE,NYJ,24,36,307.0,2,0.0,1.0,8.0,3,19.0,0,0,0,0.0,0,22.18,22.18,,,75.0,214.0,23.187444444444445,0.0,Alabama,2021.0,2021.0,NE,15.0,41.0,
2021,8,00-0036972,M.Jones,QB,NE,LAC,18,35,217.0,0,0.0,1.0,7.0,4,10.0,0,0,0,0.0,0,11.68,11.68,,,75.0,214.0,23.187444444444445,0.0,Alabama,2021.0,2021.0,NE,15.0,,
2021,9,00-0036972,M.Jones,QB,NE,CAR,12,18,139.0,1,1.0,2.0,17.0,2,4.0,0,0,0,0.0,0,5.96,5.96,,,75.0,214.0,23.187444444444445,0.0,Alabama,2021.0,2021.0,NE,15.0,,
2021,10,00-0036972,M.Jones,QB,NE,CLE,19,23,198.0,3,0.0,2.0,15.0,0,0.0,0,0,0,0.0,0,19.92,19.92,,,75.0,214.0,23.187444444444445,0.0,Alabama,2021.0,2021.0,NE,15.0,38.0,
2021,11,00-0036972,M.Jones,QB,NE,ATL,22,26,207.0,1,1.0,3.0,33.0,6,1.0,0,0,0,0.0,0,10.38,10.38,,,75.0,214.0,23.187444444444445,0.0,Alabama,2021.0,2021.0,NE,15.0,,
2021,12,00-0036972,M.Jones,QB,NE,TEN,23,32,310.0,2,0.0,2.0,21.0,2,11.0,0,0,0,0.0,0,21.5,21.5,,,75.0,214.0,23.187444444444445,0.0,Alabama,2021.0,2021.0,NE,15.0,23.0,
2021,13,00-0036972,M.Jones,QB,NE,BUF,2,3,19.0,0,0.0,0.0,-0.0,5,-3.0,0,0,0,0.0,0,0.46,0.46,,,75.0,214.0,23.187444444444445,0.0,Alabama,2021.0,2021.0,NE,15.0,,
2021,15,00-0036972,M.Jones,QB,NE,IND,26,45,299.0,2,2.0,1.0,15.0,1,12.0,0,0,0,0.0,0,17.16,17.16,,,75.0,214.0,23.187444444444445,0.0,Alabama,2021.0,2021.0,NE,15.0,,
2021,16,00-0036972,M.Jones,QB,NE,BUF,14,32,145.0,0,2.0,1.0,6.0,6,33.0,0,0,0,0.0,0,5.1,5.1,,,75.0,214.0,23.187444444444445,0.0,Alabama,2021.0,2021.0,NE,15.0,-12.0,
2021,17,00-0036972,M.Jones,QB,NE,JAX,22,30,227.0,3,0.0,0.0,-0.0,2,12.0,0,0,0,0.0,0,22.28,22.28,,,75.0,214.0,23.187444444444445,0.0,Alabama,2021.0,2021.0,NE,15.0,40.0,
2021,18,00-0036972,M.Jones,QB,NE,MIA,20,30,261.0,1,1.0,2.0,16.0,3,4.0,0,0,0,0.0,0,10.84,10.84,,,75.0,214.0,23.187444444444445,0.0,Alabama,2021.0,2021.0,NE,15.0,,
2021,19,00-0036972,M.Jones,QB,NE,BUF,24,38,232.0,2,2.0,3.0,16.0,2,18.0,0,0,0,0.0,0,15.08,15.08,,,75.0,214.0,23.187444444444445,0.0,Alabama,2021.0,2021.0,NE,15.0,,
2021,1,00-0036980,E.Moore,WR,NYJ,CAR,0,0,0.0,0,0.0,0.0,0.0,0,0.0,0,4,1,-3.0,0,-0.3,0.7,,,70.0,184.0,21.628352941176473,0.0,Mississippi,2021.0,2021.0,NYJ,34.0,,0.11111111
2021,2,00-0036980,E.Moore,WR,NYJ,NE,0,0,0.0,0,0.0,0.0,0.0,0,0.0,0,8,4,47.0,0,4.7,8.7,,,70.0,184.0,21.628352941176473,0.0,Mississippi,2021.0,2021.0,NYJ,34.0,-19.0,0.24242425
2021,3,00-0036980,E.Moore,WR,NYJ,DEN,0,0,0.0,0,0.0,0.0,0.0,0,0.0,0,6,3,22.0,0,2.2,5.2,,,70.0,184.0,21.628352941176473,0.0,Mississippi,2021.0,2021.0,NYJ,34.0,,0.18181819
2021,5,00-0036980,E.Moore,WR,NYJ,ATL,0,0,0.0,0,0.0,0.0,0.0,0,0.0,0,2,0,0.0,0,0.0,0.0,,,70.0,184.0,21.628352941176473,0.0,Mississippi,2021.0,2021.0,NYJ,34.0,,0.06451613
2021,7,00-0036980,E.Moore,WR,NYJ,NE,0,0,0.0,0,0.0,0.0,0.0,1,19.0,1,6,1,13.0,0,9.2,10.2,,,70.0,184.0,21.628352941176473,0.0,Mississippi,2021.0,2021.0,NYJ,34.0,,0.14634146
2021,8,00-0036980,E.Moore,WR,NYJ,CIN,0,0,0.0,0,0.0,0.0,0.0,1,4.0,0,6,6,67.0,0,7.1,13.1,,,70.0,184.0,21.628352941176473,0.0,Mississippi,2021.0,2021.0,NYJ,34.0,3.0,0.12244898
2021,9,00-0036980,E.Moore,WR,NYJ,IND,0,0,0.0,0,0.0,0.0,0.0,0,0.0,0,8,7,84.0,2,20.4,27.4,,,70.0,184.0,21.628352941176473,0.0,Mississippi,2021.0,2021.0,NYJ,34.0,,0.15384616
2021,10,00-0036980,E.Moore,WR,NYJ,BUF,0,0,0.0,0,0.0,0.0,0.0,0,0.0,0,6,3,44.0,1,10.4,13.4,,,70.0,184.0,21.628352941176473,0.0,Mississippi,2021.0,2021.0,NYJ,34.0,-28.0,0.13043478
2021,11,00-0036980,E.Moore,WR,NYJ,MIA,0,0,0.0,0,0.0,0.0,0.0,1,15.0,0,11,8,141.0,1,21.6,29.6,,,70.0,184.0,21.628352941176473,0.0,Mississippi,2021.0,2021.0,NYJ,34.0,-7.0,0.31428573
2021,12,00-0036980,E.Moore,WR,NYJ,HOU,0,0,0.0,0,0.0,0.0,0.0,1,7.0,0,8,4,46.0,0,5.3,9.3,,,70.0,184.0,21.628352941176473,0.0,Mississippi,2021.0,2021.0,NYJ,34.0,,0.3478261
2021,13,00-0036980,E.Moore,WR,NYJ,PHI,0,0,0.0,0,0.0,0.0,0.0,1,9.0,0,12,6,77.0,1,14.6,20.6,,,70.0,184.0,21.628352941176473,0.0,Mississippi,2021.0,2021.0,NYJ,34.0,-15.0,0.33333334
2021,16,00-0036982,C.Golston,DT,DAL,DAL,0,0,0.0,0,0.0,0.0,0.0,0,0.0,0,0,0,0.0,0,6.0,6.0,,,77.0,270.0,23.760888888888886,0.0,Iowa,2021.0,2021.0,DAL,84.0,42.0,
2021,2,00-0036984,T.Sermon,RB,SF,PHI,0,0,0.0,0,0.0,0.0,0.0,1,8.0,0,0,0,0.0,0,0.8,0.8,,,72.0,215.0,22.813499999999998,0.0,Ohio State,2021.0,2021.0,SF,88.0,,
2021,3,00-0036984,T.Sermon,RB,SF,GB,0,0,0.0,0,0.0,0.0,0.0,10,31.0,1,3,2,3.0,0,9.4,11.4,,,72.0,215.0,22.813499999999998,0.0,Ohio State,2021.0,2021.0,SF,88.0,-2.0,0.078947365
2021,4,00-0036984,T.Sermon,RB,SF,SEA,0,0,0.0,0,0.0,0.0,0.0,19,89.0,0,0,0,0.0,0,8.9,8.9,,,72.0,215.0,22.813499999999998,0.0,Ohio State,2021.0,2021.0,SF,88.0,-7.0,
2021,5,00-0036984,T.Sermon,RB,SF,ARI,0,0,0.0,0,0.0,0.0,0.0,1,7.0,0,0,0,0.0,0,0.7,0.7,,,72.0,215.0,22.813499999999998,0.0,Ohio State,2021.0,2021.0,SF,88.0,,
2021,11,00-0036984,T.Sermon,RB,SF,JAX,0,0,0.0,0,0.0,0.0,0.0,10,32.0,0,1,1,23.0,0,5.5,6.5,,,72.0,215.0,22.813499999999998,0.0,Ohio State,2021.0,2021.0,SF,88.0,,0.05
2021,10,00-0036986,N.Wright,CB,DAL,DAL,0,0,0.0,0,0.0,0.0,0.0,0,0.0,0,0,0,0.0,0,6.0,6.0,,,76.0,188.0,23.14488888888889,0.0,Oregon State,2021.0,2021.0,DAL,99.0,40.0,
2021,1,00-0036988,J.Palmer,WR,LAC,WAS,0,0,0.0,0,0.0,0.0,0.0,0,0.0,0,1,1,17.0,0,1.7,2.7,,,73.0,210.0,22.13935294117647,0.0,Tennessee,2021.0,2021.0,LAC,77.0,,0.02173913
2021,2,00-0036988,J.Palmer,WR,LAC,DAL,0,0,0.0,0,0.0,0.0,0.0,0,0.0,0,2,2,21.0,0,2.1,4.1,,,73.0,210.0,22.13935294117647,0.0,Tennessee,2021.0,2021.0,LAC,77.0,-3.0,0.05
2021,5,00-0036988,J.Palmer,WR,LAC,CLE,0,0,0.0,0,0.0,0.0,0.0,0,0.0,0,3,2,12.0,0,1.2,3.2,,,73.0,210.0,22.13935294117647,0.0,Tennessee,2021.0,2021.0,LAC,77.0,5.0,0.071428575
2021,6,00-0036988,J.Palmer,WR,LAC,BAL,0,0,0.0,0,0.0,0.0,0.0,0,0.0,0,4,1,8.0,0,0.8,1.8,,,73.0,210.0,22.13935294117647,0.0,Tennessee,2021.0,2021.0,LAC,77.0,,0.102564104
2021,8,00-0036988,J.Palmer,WR,LAC,NE,0,0,0.0,0,0.0,0.0,0.0,0,0.0,0,1,1,24.0,1,8.4,9.4,,,73.0,210.0,22.13935294117647,0.0,Tennessee,2021.0,2021.0,LAC,77.0,-3.0,0.029411765
2021,9,00-0036988,J.Palmer,WR,LAC,PHI,0,0,0.0,0,0.0,0.0,0.0,0,0.0,0,2,2,22.0,0,2.2,4.2,,,73.0,210.0,22.13935294117647,0.0,Tennessee,2021.0,2021.0,LAC,77.0,,0.054054055
2021,10,00-0036988,J.Palmer,WR,LAC,MIN,0,0,0.0,0,0.0,0.0,0.0,0,0.0,0,4,3,22.0,0,2.2,5.2,,,73.0,210.0,22.13935294117647,0.0,Tennessee,2021.0,2021.0,LAC,77.0,-7.0,0.121212125
2021,11,00-0036988,J.Palmer,WR,LAC,PIT,0,0,0.0,0,0.0,0.0,0.0,1,6.0,0,1,1,17.0,0,2.3,3.3,,,73.0,210.0,22.13935294117647,0.0,Tennessee,2021.0,2021.0,LAC,77.0,4.0,0.024390243
2021,12,00-0036988,J.Palmer,WR,LAC,DEN,0,0,0.0,0,0.0,0.0,0.0,0,0.0,0,2,2,25.0,0,2.5,4.5,,,73.0,210.0,22.13935294117647,0.0,Tennessee,2021.0,2021.0,LAC,77.0,,0.045454547
2021,13,00-0036988,J.Palmer,WR,LAC,CIN,0,0,0.0,0,0.0,0.0,0.0,0,0.0,0,1,0,0.0,0,0.0,0.0,,,73.0,210.0,22.13935294117647,0.0,Tennessee,2021.0,2021.0,LAC,77.0,,0.028571429
2021,14,00-0036988,J.Palmer,WR,LAC,NYG,0,0,0.0,0,0.0,0.0,0.0,0,0.0,0,7,5,66.0,1,12.6,17.6,,,73.0,210.0,22.13935294117647,0.0,Tennessee,2021.0,2021.0,LAC,77.0,16.0,0.23333333
2021,15,00-0036988,J.Palmer,WR,LAC,KC,0,0,0.0,0,0.0,0.0,0.0,0,0.0,0,1,1,15.0,0,1.5,2.5,,,73.0,210.0,22.13935294117647,0.0,Tennessee,2021.0,2021.0,LAC,77.0,-6.0,0.027027028
2021,16,00-0036988,J.Palmer,WR,LAC,HOU,0,0,0.0,0,0.0,0.0,0.0,0,0.0,0,6,5,43.0,1,10.3,15.3,,,73.0,210.0,22.13935294117647,0.0,Tennessee,2021.0,2021.0,LAC,77.0,,0.1764706
2021,17,00-0036988,J.Palmer,WR,LAC,DEN,0,0,0.0,0,0.0,0.0,0.0,0,0.0,0,5,3,16.0,0,1.6,4.6,,,73.0,210.0,22.13935294117647,0.0,Tennessee,2021.0,2021.0,LAC,77.0,21.0,0.16666667
2021,18,00-0036988,J.Palmer,WR,LAC,LV,0,0,0.0,0,0.0,0.0,0.0,0,0.0,0,9,4,45.0,1,10.5,14.5,,,73.0,210.0,22.13935294117647,0.0,Tennessee,2021.0,2021.0,LAC,77.0,,0.140625
2021,1,00-0036991,A.Rodgers,WR,GB,NO,0,0,0.0,0,0.0,0.0,0.0,0,0.0,0,1,1,19.0,0,1.9,2.9,,,69.0,215.0,22.141055555555553,0.0,Clemson,2021.0,2021.0,GB,85.0,,0.030303031
2021,6,00-0036991,A.Rodgers,WR,GB,CHI,0,0,0.0,0,0.0,0.0,0.0,0,0.0,0,1,1,14.0,0,1.4,2.4,,,69.0,215.0,22.141055555555553,0.0,Clemson,2021.0,2021.0,GB,85.0,,0.04761905
2021,8,00-0036991,A.Rodgers,WR,GB,ARI,0,0,0.0,0,0.0,0.0,0.0,1,11.0,0,3,1,7.0,0,1.8,2.8,,,69.0,215.0,22.141055555555553,0.0,Clemson,2021.0,2021.0,GB,85.0,,0.08571429
2021,18,00-0036991,A.Rodgers,WR,GB,DET,0,0,0.0,0,0.0,0.0,0.0,0,0.0,0,3,1,5.0,0,0.5,1.5,,,69.0,215.0,22.141055555555553,0.0,Clemson,2021.0,2021.0,GB,85.0,,0.08571429
2021,1,00-0036997,J.Williams,RB,DEN,NYG,0,0,0.0,0,0.0,0.0,0.0,14,45.0,0,1,1,-4.0,0,4.1,5.1,,,70.0,220.0,21.543176470588236,0.0,North Carolina,2021.0,2021.0,DEN,35.0,,0.028571429
2021,2,00-0036997,J.Williams,RB,DEN,JAX,0,0,0.0,0,0.0,0.0,0.0,13,64.0,0,1,1,10.0,0,7.4,8.4,,,70.0,220.0,21.543176470588236,0.0,North Carolina,2021.0,2021.0,DEN,35.0,,0.029411765
2021,3,00-0036997,J.Williams,RB,DEN,NYJ,0,0,0.0,0,0.0,0.0,0.0,12,29.0,1,4,3,33.0,0,10.2,13.2,,,70.0,220.0,21.543176470588236,0.0,North Carolina,2021.0,2021.0,DEN,35.0,26.0,0.16666667
2021,4,00-0036997,J.Williams,RB,DEN,BAL,0,0,0.0,0,0.0,0.0,0.0,7,48.0,0,3,3,11.0,0,5.9,8.9,,,70.0,220.0,21.543176470588236,0.0,North Carolina,2021.0,2021.0,DEN,35.0,-16.0,0.08108108
2021,5,00-0036997,J.Williams,RB,DEN,PIT,0,0,0.0,0,0.0,0.0,0.0,8,61.0,0,3,3,25.0,0,8.6,11.6,,,70.0,220.0,21.543176470588236,0.0,North Carolina,2021.0,2021.0,DEN,35.0,,0.08571429
2021,6,00-0036997,J.Williams,RB,DEN,LV,0,0,0.0,0,0.0,0.0,0.0,11,53.0,0,3,3,15.0,0,6.8,9.8,,,70.0,220.0,21.543176470588236,0.0,North Carolina,2021.0,2021.0,DEN,35.0,-10.0,0.0625
2021,7,00-0036997,J.Williams,RB,DEN,CLE,0,0,0.0,0,0.0,0.0,0.0,4,20.0,0,7,6,32.0,1,11.2,17.2,,,70.0,220.0,21.543176470588236,0.0,North Carolina,2021.0,2021.0,DEN,35.0,,0.21875
2021,8,00-0036997,J.Williams,RB,DEN,WAS,0,0,0.0,0,0.0,0.0,0.0,9,35.0,0,4,2,13.0,0,4.8,6.8,,,70.0,220.0,21.543176470588236,0.0,North Carolina,2021.0,2021.0,DEN,35.0,7.0,0.16
2021,9,00-0036997,J.Williams,RB,DEN,DAL,0,0,0.0,0,0.0,0.0,0.0,17,111.0,0,0,0,0.0,0,11.1,11.1,,,70.0,220.0,21.543176470588236,0.0,North Carolina,2021.0,2021.0,DEN,35.0,,
2021,10,00-0036997,J.Williams,RB,DEN,PHI,0,0,0.0,0,0.0,0.0,0.0,8,48.0,0,3,2,1.0,0,4.9,6.9,,,70.0,220.0,21.543176470588236,0.0,North Carolina,2021.0,2021.0,DEN,35.0,-17.0,0.0882353
2021,12,00-0036997,J.Williams,RB,DEN,LAC,0,0,0.0,0,0.0,0.0,0.0,14,54.0,1,4,3,57.0,0,17.1,20.1,,,70.0,220.0,21.543176470588236,0.0,North Carolina,2021.0,2021.0,DEN,35.0,15.0,0.17391305
2021,13,00-0036997,J.Williams,RB,DEN,KC,0,0,0.0,0,0.0,0.0,0.0,23,102.0,0,9,6,76.0,1,23.8,29.8,,,70.0,220.0,21.543176470588236,0.0,North Carolina,2021.0,2021.0,DEN,35.0,,0.25
2021,14,00-0036997,J.Williams,RB,DEN,DET,0,0,0.0,0,0.0,0.0,0.0,15,73.0,1,2,1,10.0,1,20.3,21.3,,,70.0,220.0,21.543176470588236,0.0,North Carolina,2021.0,2021.0,DEN,35.0,28.0,0.08
2021,15,00-0036997,J.Williams,RB,DEN,CIN,0,0,0.0,0,0.0,0.0,0.0,15,72.0,0,4,4,9.0,0,8.1,12.1,,,70.0,220.0,21.543176470588236,0.0,North Carolina,2021.0,2021.0,DEN,35.0,-5.0,0.125
2021,16,00-0036997,J.Williams,RB,DEN,LV,0,0,0.0,0,0.0,0.0,0.0,7,12.0,1,2,2,8.0,0,8.0,10.0,,,70.0,220.0,21.543176470588236,0.0,North Carolina,2021.0,2021.0,DEN,35.0,,0.09090909
2021,17,00-0036997,J.Williams,RB,DEN,LAC,0,0,0.0,0,0.0,0.0,0.0,14,30.0,0,1,1,2.0,0,3.2,4.2,,,70.0,220.0,21.543176470588236,0.0,North Carolina,2021.0,2021.0,DEN,35.0,,0.037037037
2021,18,00-0036997,J.Williams,RB,DEN,KC,0,0,0.0,0,0.0,0.0,0.0,12,46.0,0,2,2,18.0,0,6.4,8.4,,,70.0,220.0,21.543176470588236,0.0,North Carolina,2021.0,2021.0,DEN,35.0,-4.0,0.083333336
2021,1,00-0036999,A.Schwartz,WR,CLE,KC,0,0,0.0,0,0.0,0.0,0.0,1,17.0,0,5,3,69.0,0,8.6,11.6,,,72.0,179.0,21.177117647058825,0.0,Auburn,2021.0,2021.0,CLE,91.0,,0.18518518
2021,2,00-0036999,A.Schwartz,WR,CLE,HOU,0,0,0.0,0,0.0,0.0,0.0,0,0.0,0,1,0,0.0,0,0.0,0.0,,,72.0,179.0,21.177117647058825,0.0,Auburn,2021.0,2021.0,CLE,91.0,10.0,0.04761905
2021,3,00-0036999,A.Schwartz,WR,CLE,CHI,0,0,0.0,0,0.0,0.0,0.0,0,0.0,0,1,0,0.0,0,0.0,0.0,,,72.0,179.0,21.177117647058825,0.0,Auburn,2021.0,2021.0,CLE,91.0,20.0,0.03448276
2021,4,00-0036999,A.Schwartz,WR,CLE,MIN,0,0,0.0,0,0.0,0.0,0.0,0,0.0,0,1,0,0.0,0,0.0,0.0,,,72.0,179.0,21.177117647058825,0.0,Auburn,2021.0,2021.0,CLE,91.0,,0.032258064
2021,5,00-0036999,A.Schwartz,WR,CLE,LAC,0,0,0.0,0,0.0,0.0,0.0,0,0.0,0,1,0,0.0,0,0.0,0.0,,,72.0,179.0,21.177117647058825,0.0,Auburn,2021.0,2021.0,CLE,91.0,,0.03448276
2021,6,00-0036999,A.Schwartz,WR,CLE,ARI,0,0,0.0,0,0.0,0.0,0.0,1,-3.0,0,3,2,11.0,0,0.8,2.8,,,72.0,179.0,21.177117647058825,0.0,Auburn,2021.0,2021.0,CLE,91.0,-23.0,0.09677419
2021,7,00-0036999,A.Schwartz,WR,CLE,DEN,0,0,0.0,0,0.0,0.0,0.0,1,-2.0,0,3,2,22.0,0,2.0,4.0,,,72.0,179.0,21.177117647058825,0.0,Auburn,2021.0,2021.0,CLE,91.0,3.0,0.09375
2021,9,00-0036999,A.Schwartz,WR,CLE,CIN,0,0,0.0,0,0.0,0.0,0.0,0,0.0,0,1,1,15.0,0,1.5,2.5,,,72.0,179.0,21.177117647058825,0.0,Auburn,2021.0,2021.0,CLE,91.0,,0.05263158
2021,10,00-0036999,A.Schwartz,WR,CLE,NE,0,0,0.0,0,0.0,0.0,0.0,0,0.0,0,1,0,0.0,0,0.0,0.0,,,72.0,179.0,21.177117647058825,0.0,Auburn,2021.0,2021.0,CLE,91.0,,0.032258064
2021,16,00-0036999,A.Schwartz,WR,CLE,GB,0,0,0.0,0,0.0,0.0,0.0,2,24.0,0,1,1,5.0,1,8.9,9.9,,,72.0,179.0,21.177117647058825,0.0,Auburn,2021.0,2021.0,CLE,91.0,,0.027777778
2021,17,00-0036999,A.Schwartz,WR,CLE,PIT,0,0,0.0,0,0.0,0.0,0.0,0,0.0,0,2,0,0.0,0,0.0,0.0,,,72.0,179.0,21.177117647058825,0.0,Auburn,2021.0,2021.0,CLE,91.0,,0.055555556
2021,18,00-0036999,A.Schwartz,WR,CLE,CIN,0,0,0.0,0,0.0,0.0,0.0,1,3.0,0,3,1,13.0,0,1.6,2.6,,,72.0,179.0,21.177117647058825,0.0,Auburn,2021.0,2021.0,CLE,91.0,5.0,0.125
2021,6,00-0037004,H.Long,TE,MIA,JAX,0,0,0.0,0,0.0,0.0,0.0,0,0.0,0,1,0,0.0,0,0.0,0.0,,,77.0,253.0,23.22394117647059,0.0,Boston College,2021.0,2021.0,MIA,81.0,,0.021276595
2021,13,00-0037004,H.Long,TE,MIA,NYG,0,0,0.0,0,0.0,0.0,0.0,0,0.0,0,1,1,8.0,0,0.8,1.8,,,77.0,253.0,23.22394117647059,0.0,Boston College,2021.0,2021.0,MIA,81.0,11.0,0.024390243
2021,15,00-0037004,H.Long,TE,MIA,NYJ,0,0,0.0,0,0.0,0.0,0.0,0,0.0,0,1,0,0.0,0,0.0,0.0,,,77.0,253.0,23.22394117647059,0.0,Boston College,2021.0,2021.0,MIA,81.0,7.0,0.03846154
2021,3,00-0037005,T.Tremble,TE,CAR,HOU,0,0,0.0,0,0.0,0.0,0.0,1,7.0,1,1,1,30.0,0,9.7,10.7,,,76.0,248.0,21.437058823529412,0.0,Notre Dame,2021.0,2021.0,CAR,83.0,,0.030303031
2021,4,00-0037005,T.Tremble,TE,CAR,DAL,0,0,0.0,0,0.0,0.0,0.0,0,0.0,0,1,0,0.0,0,0.0,0.0,,,76.0,248.0,21.437058823529412,0.0,Notre Dame,2021.0,2021.0,CAR,83.0,,0.025641026
2021,5,00-0037005,T.Tremble,TE,CAR,PHI,0,0,0.0,0,0.0,0.0,0.0,0,0.0,0,4,2,12.0,1,7.2,9.2,,,76.0,248.0,21.437058823529412,0.0,Notre Dame,2021.0,2021.0,CAR,83.0,-3.0,0.11764706
2021,6,00-0037005,T.Tremble,TE,CAR,MIN,0,0,0.0,0,0.0,0.0,0.0,1,0.0,0,2,0,0.0,0,2.0,2.0,,,76.0,248.0,21.437058823529412,0.0,Notre Dame,2021.0,2021.0,CAR,83.0,-6.0,0.051282052
2021,7,00-0037005,T.Tremble,TE,CAR,NYG,0,0,0.0,0,0.0,0.0,0.0,0,0.0,0,2,2,12.0,0,1.2,3.2,,,76.0,248.0,21.437058823529412,0.0,Notre Dame,2021.0,2021.0,CAR,83.0,,0.05263158
2021,8,00-0037005,T.Tremble,TE,CAR,ATL,0,0,0.0,0,0.0,0.0,0.0,0,0.0,0,4,3,18.0,0,1.8,4.8,,,76.0,248.0,21.437058823529412,0.0,Notre Dame,2021.0,2021.0,CAR,83.0,,0.16666667
2021,9,00-0037005,T.Tremble,TE,CAR,NE,0,0,0.0,0,0.0,0.0,0.0,0,0.0,0,2,1,6.0,0,0.6,1.6,,,76.0,248.0,21.437058823529412,0.0,Notre Dame,2021.0,2021.0,CAR,83.0,-18.0,0.06896552
2021,10,00-0037005,T.Tremble,TE,CAR,ARI,0,0,0.0,0,0.0,0.0,0.0,0,0.0,0,1,1,3.0,0,0.3,1.3,,,76.0,248.0,21.437058823529412,0.0,Notre Dame,2021.0,2021.0,CAR,83.0,,0.03125
2021,11,00-0037005,T.Tremble,TE,CAR,WAS,0,0,0.0,0,0.0,0.0,0.0,0,0.0,0,2,2,35.0,0,3.5,5.5,,,76.0,248.0,21.437058823529412,0.0,Notre Dame,2021.0,2021.0,CAR,83.0,-6.0,0.074074075
2021,12,00-0037005,T.Tremble,TE,CAR,MIA,0,0,0.0,0,0.0,0.0,0.0,0,0.0,0,3,1,4.0,0,0.4,1.4,,,76.0,248.0,21.437058823529412,0.0,Notre Dame,2021.0,2021.0,CAR,83.0,,0.09677419
2021,14,00-0037005,T.Tremble,TE,CAR,ATL,0,0,0.0,0,0.0,0.0,0.0,0,0.0,0,2,2,23.0,0,2.3,4.3,,,76.0,248.0,21.437058823529412,0.0,Notre Dame,2021.0,2021.0,CAR,83.0,-8.0,0.057142857
2021,15,00-0037005,T.Tremble,TE,CAR,BUF,0,0,0.0,0,0.0,0.0,0.0,0,0.0,0,4,1,8.0,0,0.8,1.8,,,76.0,248.0,21.437058823529412,0.0,Notre Dame,2021.0,2021.0,CAR,83.0,,0.11111111
2021,16,00-0037005,T.Tremble,TE,CAR,TB,0,0,0.0,0,0.0,0.0,0.0,0,0.0,0,2,2,22.0,0,2.2,4.2,,,76.0,248.0,21.437058823529412,0.0,Notre Dame,2021.0,2021.0,CAR,83.0,-26.0,0.046511628
2021,18,00-0037005,T.Tremble,TE,CAR,TB,0,0,0.0,0,0.0,0.0,0.0,1,4.0,0,5,2,7.0,0,1.1,3.1,,,76.0,248.0,21.437058823529412,0.0,Notre Dame,2021.0,2021.0,CAR,83.0,,0.11904762
2021,11,00-0037011,T.McKitty,TE,LAC,PIT,0,0,0.0,0,0.0,0.0,0.0,0,0.0,0,1,1,7.0,0,0.7,1.7,,,76.0,245.0,22.832,0.0,Georgia,2021.0,2021.0,LAC,97.0,4.0,0.024390243
2021,12,00-0037011,T.McKitty,TE,LAC,DEN,0,0,0.0,0,0.0,0.0,0.0,0,0.0,0,1,0,0.0,0,0.0,0.0,,,76.0,245.0,22.832,0.0,Georgia,2021.0,2021.0,LAC,97.0,,0.022727273
2021,15,00-0037011,T.McKitty,TE,LAC,KC,0,0,0.0,0,0.0,0.0,0.0,0,0.0,0,1,1,4.0,0,0.4,1.4,,,76.0,245.0,22.832,0.0,Georgia,2021.0,2021.0,LAC,97.0,-6.0,0.027027028
2021,16,00-0037011,T.McKitty,TE,LAC,HOU,0,0,0.0,0,0.0,0.0,0.0,0,0.0,0,1,1,12.0,0,1.2,2.2,,,76.0,245.0,22.832,0.0,Georgia,2021.0,2021.0,LAC,97.0,,0.029411765
2021,17,00-0037011,T.McKitty,TE,LAC,DEN,0,0,0.0,0,0.0,0.0,0.0,0,0.0,0,3,3,22.0,0,2.2,5.2,,,76.0,245.0,22.832,0.0,Georgia,2021.0,2021.0,LAC,97.0,21.0,0.1
2021,18,00-0037011,T.McKitty,TE,LAC,LV,0,0,0.0,0,0.0,0.0,0.0,0,0.0,0,1,0,0.0,0,0.0,0.0,,,76.0,245.0,22.832,0.0,Georgia,2021.0,2021.0,LAC,97.0,,0.015625
2021,1,00-0037012,T.Lance,QB,SF,DET,1,1,5.0,1,0.0,0.0,-0.0,3,2.0,0,0,0,0.0,0,4.4,4.4,,,76.0,226.0,21.54035,0.0,North Dakota State,2021.0,2021.0,SF,3.0,,
2021,3,00-0037012,T.Lance,QB,SF,GB,0,0,0.0,0,0.0,0.0,0.0,1,1.0,1,0,0,0.0,0,6.1,6.1,,,76.0,226.0,21.54035,0.0,North Dakota State,2021.0,2021.0,SF,3.0,-2.0,
2021,4,00-0037012,T.Lance,QB,SF,SEA,9,18,157.0,2,0.0,1.0,1.0,7,41.0,0,0,0,0.0,0,20.38,20.38,,,76.0,226.0,21.54035,0.0,North Dakota State,2021.0,2021.0,SF,3.0,-7.0,
2021,5,00-0037012,T.Lance,QB,SF,ARI,15,29,192.0,0,1.0,2.0,6.0,16,89.0,0,0,0,0.0,0,14.58,14.58,,,76.0,226.0,21.54035,0.0,North Dakota State,2021.0,2021.0,SF,3.0,,
2021,11,00-0037012,T.Lance,QB,SF,JAX,0,0,0.0,0,0.0,0.0,0.0,3,4.0,0,0,0,0.0,0,0.4,0.4,,,76.0,226.0,21.54035,0.0,North Dakota State,2021.0,2021.0,SF,3.0,,
2021,17,00-0037012,T.Lance,QB,SF,HOU,16,23,249.0,2,1.0,1.0,8.0,8,31.0,0,0,0,0.0,0,19.06,19.06,,,76.0,226.0,21.54035,0.0,North Dakota State,2021.0,2021.0,SF,3.0,16.0,
2021,1,00-0037013,Z.Wilson,QB,NYJ,CAR,20,37,258.0,2,1.0,6.0,51.0,0,0.0,0,0,0,0.0,0,18.32,18.32,,,74.0,208.0,22.27729411764706,0.0,Brigham Young,2021.0,2021.0,NYJ,2.0,,
2021,2,00-0037013,Z.Wilson,QB,NYJ,NE,19,33,210.0,0,4.0,4.0,26.0,3,19.0,0,0,0,0.0,0,2.3,2.3,,,74.0,208.0,22.27729411764706,0.0,Brigham Young,2021.0,2021.0,NYJ,2.0,-19.0,
2021,3,00-0037013,Z.Wilson,QB,NYJ,DEN,19,35,160.0,0,2.0,5.0,41.0,1,2.0,0,0,0,0.0,0,2.6,2.6,,,74.0,208.0,22.27729411764706,0.0,Brigham Young,2021.0,2021.0,NYJ,2.0,,
2021,4,00-0037013,Z.Wilson,QB,NYJ,TEN,21,34,297.0,2,1.0,1.0,8.0,3,-2.0,0,0,0,0.0,0,17.68,17.68,,,74.0,208.0,22.27729411764706,0.0,Brigham Young,2021.0,2021.0,NYJ,2.0,3.0,
2021,5,00-0037013,Z.Wilson,QB,NYJ,ATL,19,32,192.0,0,1.0,2.0,26.0,1,3.0,0,0,0,0.0,0,7.98,7.98,,,74.0,208.0,22.27729411764706,0.0,Brigham Young,2021.0,2021.0,NYJ,2.0,,
2021,7,00-0037013,Z.Wilson,QB,NYJ,NE,6,10,51.0,0,0.0,1.0,8.0,0,0.0,0,0,0,0.0,0,2.04,2.04,,,74.0,208.0,22.27729411764706,0.0,Brigham Young,2021.0,2021.0,NYJ,2.0,,
2021,12,00-0037013,Z.Wilson,QB,NYJ,HOU,14,24,145.0,0,1.0,4.0,36.0,2,3.0,1,0,0,0.0,0,10.1,10.1,,,74.0,208.0,22.27729411764706,0.0,Brigham Young,2021.0,2021.0,NYJ,2.0,,
2021,13,00-0037013,Z.Wilson,QB,NYJ,PHI,23,38,226.0,2,1.0,2.0,15.0,3,0.0,1,0,0,0.0,0,21.04,21.04,,,74.0,208.0,22.27729411764706,0.0,Brigham Young,2021.0,2021.0,NYJ,2.0,-15.0,
2021,14,00-0037013,Z.Wilson,QB,NYJ,NO,19,42,202.0,0,0.0,3.0,24.0,4,33.0,0,0,0,0.0,0,11.38,11.38,,,74.0,208.0,22.27729411764706,0.0,Brigham Young,2021.0,2021.0,NYJ,2.0,-21.0,
2021,15,00-0037013,Z.Wilson,QB,NYJ,MIA,13,23,170.0,0,0.0,6.0,44.0,4,12.0,1,1,0,0.0,0,12.0,12.0,,,74.0,208.0,22.27729411764706,0.0,Brigham Young,2021.0,2021.0,NYJ,2.0,,0.045454547
2021,16,00-0037013,Z.Wilson,QB,NYJ,JAX,14,22,102.0,1,0.0,1.0,2.0,4,91.0,1,0,0,0.0,0,23.18,23.18,,,74.0,208.0,22.27729411764706,0.0,Brigham Young,2021.0,2021.0,NYJ,2.0,5.0,
2021,17,00-0037013,Z.Wilson,QB,NYJ,TB,19,33,234.0,1,0.0,1.0,10.0,2,0.0,0,0,0,0.0,0,13.36,13.36,,,74.0,208.0,22.27729411764706,0.0,Brigham Young,2021.0,2021.0,NYJ,2.0,-4.0,
2021,18,00-0037013,Z.Wilson,QB,NYJ,BUF,7,20,87.0,1,0.0,8.0,79.0,2,24.0,0,0,0,0.0,0,9.88,9.88,,,74.0,208.0,22.27729411764706,0.0,Brigham Young,2021.0,2021.0,NYJ,2.0,,
2022,1,00-0019596,T.Brady,QB,TB,DAL,18,27,212.0,1,1.0,2.0,17.0,2,-1.0,0,0,0,0.0,0,10.38,10.38,,,76.0,225.0,45.277388888888886,22.0,Michigan,2000.0,2000.0,NE,199.0,,
2022,2,00-0019596,T.Brady,QB,TB,NO,18,34,190.0,1,0.0,1.0,2.0,3,-2.0,0,0,0,0.0,0,9.4,9.4,,,76.0,225.0,45.277388888888886,22.0,Michigan,2000.0,2000.0,NE,199.0,,
2022,3,00-0019596,T.Brady,QB,TB,GB,31,42,271.0,1,0.0,3.0,20.0,1,-1.0,0,0,0,0.0,0,14.74,14.74,,,76.0,225.0,45.277388888888886,22.0,Michigan,2000.0,2000.0,NE,199.0,-2.0,
2022,4,00-0019596,T.Brady,QB,TB,KC,39,52,385.0,3,0.0,1.0,12.0,0,0.0,0,0,0,0.0,0,25.4,25.4,,,76.0,225.0,45.277388888888886,22.0,Michigan,2000.0,2000.0,NE,199.0,-10.0,
2022,5,00-0019596,T.Brady,QB,TB,ATL,35,52,351.0,1,0.0,0.0,-0.0,3,-3.0,0,0,0,0.0,0,19.74,19.74,,,76.0,225.0,45.277388888888886,22.0,Michigan,2000.0,2000.0,NE,199.0,6.0,
2022,6,00-0019596,T.Brady,QB,TB,PIT,25,40,243.0,1,0.0,2.0,14.0,1,0.0,0,0,0,0.0,0,13.72,13.72,,,76.0,225.0,45.277388888888886,22.0,Michigan,2000.0,2000.0,NE,199.0,,
2022,7,00-0019596,T.Brady,QB,TB,CAR,32,49,290.0,0,0.0,1.0,14.0,1,1.0,0,0,0,0.0,0,11.7,11.7,,,76.0,225.0,45.277388888888886,22.0,Michigan,2000.0,2000.0,NE,199.0,,
2022,8,00-0019596,T.Brady,QB,TB,BAL,26,44,325.0,1,0.0,3.0,20.0,1,1.0,0,0,0,0.0,0,17.1,17.1,,,76.0,225.0,45.277388888888886,22.0,Michigan,2000.0,2000.0,NE,199.0,-5.0,
2022,9,00-0019596,T.Brady,QB,TB,LA,36,58,280.0,1,0.0,1.0,8.0,0,0.0,0,0,0,0.0,0,15.2,15.2,,,76.0,225.0,45.277388888888886,22.0,Michigan,2000.0,2000.0,NE,199.0,3.0,
2022,10,00-0019596,T.Brady,QB,TB,SEA,22,29,258.0,2,1.0,0.0,-0.0,6,-3.0,0,1,0,0.0,0,16.02,16.02,,,76.0,225.0,45.277388888888886,22.0,Michigan,2000.0,2000.0,NE,199.0,5.0,0.03448276
2022,12,00-0019596,T.Brady,QB,TB,CLE,29,43,246.0,2,0.0,3.0,17.0,1,2.0,0,0,0,0.0,0,18.04,18.04,,,76.0,225.0,45.277388888888886,22.0,Michigan,2000.0,2000.0,NE,199.0,,
2022,13,00-0019596,T.Brady,QB,TB,NO,36,54,281.0,2,1.0,1.0,7.0,1,-1.0,0,0,0,0.0,0,17.14,17.14,,,76.0,225.0,45.277388888888886,22.0,Michigan,2000.0,2000.0,NE,199.0,1.0,
2022,14,00-0019596,T.Brady,QB,TB,SF,34,55,253.0,1,2.0,0.0,-0.0,2,0.0,0,0,0,0.0,0,10.12,10.12,,,76.0,225.0,45.277388888888886,22.0,Michigan,2000.0,2000.0,NE,199.0,,
2022,15,00-0019596,T.Brady,QB,TB,CIN,30,44,312.0,3,2.0,1.0,8.0,2,1.0,0,0,0,0.0,0,16.58,16.58,,,76.0,225.0,45.277388888888886,22.0,Michigan,2000.0,2000.0,NE,199.0,-11.0,
2022,16,00-0019596,T.Brady,QB,TB,ARI,32,48,281.0,1,2.0,0.0,-0.0,2,1.0,0,0,0,0.0,0,11.34,11.34,,,76.0,225.0,45.277388888888886,22.0,Michigan,2000.0,2000.0,NE,199.0,,
2022,17,00-0019596,T.Brady,QB,TB,CAR,34,45,432.0,3,0.0,3.0,21.0,3,4.0,1,0,0,0.0,0,37.68,37.68,,,76.0,225.0,45.277388888888886,22.0,Michigan,2000.0,2000.0,NE,199.0,6.0,
2022,18,00-0019596,T.Brady,QB,TB,ATL,13,17,84.0,1,0.0,0.0,-0.0,0,0.0,0,0,0,0.0,0,7.36,7.36,,,76.0,225.0,45.277388888888886,22.0,Michigan,2000.0,2000.0,NE,199.0,,
2022,19,00-0019596,T.Brady,QB,TB,DAL,35,66,351.0,2,1.0,2.0,17.0,0,0.0,0,0,0,0.0,0,22.04,22.04,,,76.0,225.0,45.277388888888886,22.0,Michigan,2000.0,2000.0,NE,199.0,-17.0,
2022,16,00-0022824,A.Lee,P,ARI,TB,1,1,4.0,0,0.0,0.0,-0.0,0,0.0,0,0,0,0.0,0,0.16,0.16,,,73.0,185.0,40.24370588235294,18.0,Pittsburgh,2004.0,2004.0,SF,188.0,-3.0,
2022,1,00-0023459,A.Rodgers,QB,GB,MIN,22,34,195.0,0,1.0,4.0,33.0,1,-1.0,0,0,0,0.0,0,3.7,3.7,,,74.0,225.0,38.93376470588235,17.0,California,2005.0,2005.0,GB,24.0,,
2022,2,00-0023459,A.Rodgers,QB,GB,CHI,19,25,234.0,2,0.0,3.0,23.0,5,10.0,0,0,0,0.0,0,16.36,16.36,,,74.0,225.0,38.93376470588235,17.0,California,2005.0,2005.0,GB,24.0,17.0,
2022,3,00-0023459,A.Rodgers,QB,GB,TB,27,35,255.0,2,1.0,1.0,7.0,1,-1.0,0,0,0,0.0,0,16.1,16.1,,,74.0,225.0,38.93376470588235,17.0,California,2005.0,2005.0,GB,24.0,,
2022,4,00-0023459,A.Rodgers,QB,GB,NE,21,35,251.0,2,1.0,1.0,7.0,1,1.0,0,0,0,0.0,0,16.14,16.14,,,74.0,225.0,38.93376470588235,17.0,California,2005.0,2005.0,GB,24.0,3.0,
2022,5,00-0023459,A.Rodgers,QB,GB,NYG,25,39,222.0,2,0.0,2.0,15.0,0,0.0,0,0,0,0.0,0,16.88,16.88,,,74.0,225.0,38.93376470588235,17.0,California,2005.0,2005.0,GB,24.0,-5.0,
2022,6,00-0023459,A.Rodgers,QB,GB,NYJ,26,41,246.0,1,0.0,4.0,36.0,1,0.0,0,0,0,0.0,0,11.84,11.84,,,74.0,225.0,38.93376470588235,17.0,California,2005.0,2005.0,GB,24.0,-17.0,
2022,7,00-0023459,A.Rodgers,QB,GB,WAS,23,35,194.0,2,0.0,0.0,-0.0,0,0.0,0,0,0,0.0,0,15.76,15.76,,,74.0,225.0,38.93376470588235,17.0,California,2005.0,2005.0,GB,24.0,,
2022,8,00-0023459,A.Rodgers,QB,GB,BUF,19,30,203.0,2,1.0,2.0,13.0,1,11.0,0,0,0,0.0,0,15.22,15.22,,,74.0,225.0,38.93376470588235,17.0,California,2005.0,2005.0,GB,24.0,,
2022,9,00-0023459,A.Rodgers,QB,GB,DET,23,43,291.0,1,3.0,1.0,8.0,4,40.0,0,0,0,0.0,0,13.64,13.64,,,74.0,225.0,38.93376470588235,17.0,California,2005.0,2005.0,GB,24.0,,
2022,10,00-0023459,A.Rodgers,QB,GB,DAL,14,20,224.0,3,0.0,2.0,16.0,2,4.0,0,0,0,0.0,0,19.36,19.36,,,74.0,225.0,38.93376470588235,17.0,California,2005.0,2005.0,GB,24.0,3.0,
2022,11,00-0023459,A.Rodgers,QB,GB,TEN,24,39,227.0,2,0.0,1.0,12.0,0,0.0,0,0,0,0.0,0,19.08,19.08,,,74.0,225.0,38.93376470588235,17.0,California,2005.0,2005.0,GB,24.0,-10.0,
2022,12,00-0023459,A.Rodgers,QB,GB,PHI,11,16,140.0,2,2.0,3.0,17.0,1,-1.0,0,0,0,0.0,0,9.5,9.5,,,74.0,225.0,38.93376470588235,17.0,California,2005.0,2005.0,GB,24.0,,
2022,13,00-0023459,A.Rodgers,QB,GB,CHI,18,31,182.0,1,0.0,0.0,-0.0,3,4.0,0,0,0,0.0,0,13.68,13.68,,,74.0,225.0,38.93376470588235,17.0,California,2005.0,2005.0,GB,24.0,,
2022,15,00-0023459,A.Rodgers,QB,GB,LA,22,30,229.0,1,1.0,3.0,22.0,3,-3.0,0,0,0,0.0,0,10.86,10.86,,,74.0,225.0,38.93376470588235,17.0,California,2005.0,2005.0,GB,24.0,12.0,
2022,16,00-0023459,A.Rodgers,QB,GB,MIA,24,38,238.0,1,1.0,2.0,16.0,7,18.0,0,0,0,0.0,0,13.32,13.32,,,74.0,225.0,38.93376470588235,17.0,California,2005.0,2005.0,GB,24.0,,
2022,17,00-0023459,A.Rodgers,QB,GB,MIN,15,24,159.0,1,0.0,1.0,16.0,1,2.0,1,0,0,0.0,0,16.56,16.56,,,74.0,225.0,38.93376470588235,17.0,California,2005.0,2005.0,GB,24.0,24.0,
2022,18,00-0023459,A.Rodgers,QB,GB,DET,17,27,205.0,1,1.0,2.0,17.0,3,10.0,0,0,0,0.0,0,11.2,11.2,,,74.0,225.0,38.93376470588235,17.0,California,2005.0,2005.0,GB,24.0,-4.0,
2022,5,00-0024243,M.Lewis,TE,GB,NYG,0,0,0.0,0,0.0,0.0,0.0,0,0.0,0,1,1,2.0,1,6.2,7.2,,,78.0,267.0,38.47094117647059,16.0,UCLA,2006.0,2006.0,JAX,28.0,-5.0,0.025641026
2022,9,00-0024243,M.Lewis,TE,GB,DET,0,0,0.0,0,0.0,0.0,0.0,0,0.0,0,1,1,19.0,0,1.9,2.9,,,78.0,267.0,38.47094117647059,16.0,UCLA,2006.0,2006.0,JAX,28.0,,0.025
2022,10,00-0024243,M.Lewis,TE,GB,DAL,0,0,0.0,0,0.0,0.0,0.0,0,0.0,0,1,1,-1.0,0,-0.1,0.9,,,78.0,267.0,38.47094117647059,16.0,UCLA,2006.0,2006.0,JAX,28.0,3.0,0.05263158
2022,13,00-0024243,M.Lewis,TE,GB,CHI,0,0,0.0,0,0.0,0.0,0.0,0,0.0,0,1,0,0.0,0,2.0,2.0,,,78.0,267.0,38.47094117647059,16.0,UCLA,2006.0,2006.0,JAX,28.0,,0.033333335
2022,15,00-0024243,M.Lewis,TE,GB,LA,0,0,0.0,0,0.0,0.0,0.0,0,0.0,0,1,1,14.0,0,1.4,2.4,,,78.0,267.0,38.47094117647059,16.0,UCLA,2006.0,2006.0,JAX,28.0,12.0,0.035714287
2022,16,00-0024243,M.Lewis,TE,GB,MIA,0,0,0.0,0,0.0,0.0,0.0,0,0.0,0,2,2,32.0,1,9.2,11.2,,,78.0,267.0,38.47094117647059,16.0,UCLA,2006.0,2006.0,JAX,28.0,,0.05263158
2022,1,00-0026143,M.Ryan,QB,IND,HOU,32,50,352.0,1,1.0,2.0,12.0,4,12.0,0,0,0,0.0,0,15.28,15.28,,,76.0,217.0,37.477117647058826,14.0,Boston College,2008.0,2008.0,ATL,3.0,,
2022,2,00-0026143,M.Ryan,QB,IND,JAX,16,30,195.0,0,3.0,5.0,31.0,0,0.0,0,0,0,0.0,0,1.8,1.8,,,76.0,217.0,37.477117647058826,14.0,Boston College,2008.0,2008.0,ATL,3.0,,
2022,3,00-0026143,M.Ryan,QB,IND,KC,27,37,222.0,2,0.0,5.0,45.0,3,4.0,0,0,0,0.0,0,15.28,15.28,,,76.0,217.0,37.477117647058826,14.0,Boston College,2008.0,2008.0,ATL,3.0,3.0,
2022,4,00-0026143,M.Ryan,QB,IND,TEN,27,37,356.0,2,1.0,3.0,29.0,2,-4.0,0,0,0,0.0,0,17.84,17.84,,,76.0,217.0,37.477117647058826,14.0,Boston College,2008.0,2008.0,ATL,3.0,-7.0,
2022,5,00-0026143,M.Ryan,QB,IND,DEN,26,41,251.0,0,2.0,6.0,51.0,1,1.0,0,0,0,0.0,0,6.14,6.14,,,76.0,217.0,37.477117647058826,14.0,Boston College,2008.0,2008.0,ATL,3.0,,
2022,6,00-0026143,M.Ryan,QB,IND,JAX,42,58,389.0,3,0.0,0.0,-0.0,1,-4.0,0,0,0,0.0,0,27.16,27.16,,,76.0,217.0,37.477117647058826,14.0,Boston College,2008.0,2008.0,ATL,3.0,7.0,
2022,7,00-0026143,M.Ryan,QB,IND,TEN,33,44,243.0,1,2.0,3.0,16.0,1,2.0,0,0,0,0.0,0,9.92,9.92,,,76.0,217.0,37.477117647058826,14.0,Boston College,2008.0,2008.0,ATL,3.0,,
2022,10,00-0026143,M.Ryan,QB,IND,LV,21,28,222.0,1,0.0,1.0,14.0,4,38.0,1,0,0,0.0,0,22.68,22.68,,,76.0,217.0,37.477117647058826,14.0,Boston College,2008.0,2008.0,ATL,3.0,,
2022,11,00-0026143,M.Ryan,QB,IND,PHI,23,32,213.0,0,0.0,4.0,28.0,1,1.0,0,0,0,0.0,0,8.62,8.62,,,76.0,217.0,37.477117647058826,14.0,Boston College,2008.0,2008.0,ATL,3.0,-1.0,
2022,12,00-0026143,M.Ryan,QB,IND,PIT,22,34,199.0,1,1.0,3.0,19.0,4,22.0,0,0,0,0.0,0,10.16,10.16,,,76.0,217.0,37.477117647058826,14.0,Boston College,2008.0,2008.0,ATL,3.0,-7.0,
2022,13,00-0026143,M.Ryan,QB,IND,DAL,21,37,233.0,2,3.0,3.0,30.0,3,-2.0,0,0,0,0.0,0,9.12,9.12,,,76.0,217.0,37.477117647058826,14.0,Boston College,2008.0,2008.0,ATL,3.0,,
2022,15,00-0026143,M.Ryan,QB,IND,MIN,19,33,182.0,1,0.0,3.0,12.0,3,0.0,0,0,0,0.0,0,11.28,11.28,,,76.0,217.0,37.477117647058826,14.0,Boston College,2008.0,2008.0,ATL,3.0,,
2022,1,00-0026158,J.Flacco,QB,NYJ,BAL,37,59,309.0,1,1.0,3.0,12.0,1,0.0,0,0,0,0.0,0,14.36,14.36,,,78.0,245.0,37.812823529411766,14.0,Delaware,2008.0,2008.0,BAL,18.0,-15.0,
2022,2,00-0026158,J.Flacco,QB,NYJ,CLE,26,44,307.0,4,0.0,2.0,15.0,2,6.0,0,0,0,0.0,0,26.88,26.88,,,78.0,245.0,37.812823529411766,14.0,Delaware,2008.0,2008.0,BAL,18.0,,
2022,3,00-0026158,J.Flacco,QB,NYJ,CIN,28,52,285.0,0,2.0,4.0,33.0,0,0.0,0,0,0,0.0,0,3.4,3.4,,,78.0,245.0,37.812823529411766,14.0,Delaware,2008.0,2008.0,BAL,18.0,-15.0,
2022,14,00-0026158,J.Flacco,QB,NYJ,BUF,1,3,1.0,0,0.0,1.0,6.0,0,0.0,0,0,0,0.0,0,-1.96,-1.96,,,78.0,245.0,37.812823529411766,14.0,Delaware,2008.0,2008.0,BAL,18.0,,
2022,18,00-0026158,J.Flacco,QB,NYJ,MIA,18,33,149.0,0,0.0,0.0,-0.0,0,0.0,0,0,0,0.0,0,5.96,5.96,,,78.0,245.0,37.812823529411766,14.0,Delaware,2008.0,2008.0,BAL,18.0,,
2022,9,00-0026189,D.Jackson,WR,BAL,NO,0,0,0.0,0,0.0,0.0,0.0,0,0.0,0,2,1,16.0,0,1.6,2.6,,,70.0,175.0,36.012,14.0,California,2008.0,2008.0,PHI,49.0,,0.09090909
2022,12,00-0026189,D.Jackson,WR,BAL,JAX,0,0,0.0,0,0.0,0.0,0.0,0,0.0,0,3,2,74.0,0,7.4,9.4,,,70.0,175.0,36.012,14.0,California,2008.0,2008.0,PHI,49.0,,0.1
2022,13,00-0026189,D.Jackson,WR,BAL,DEN,0,0,0.0,0,0.0,0.0,0.0,0,0.0,0,3,2,10.0,0,1.0,3.0,,,70.0,175.0,36.012,14.0,California,2008.0,2008.0,PHI,49.0,1.0,0.083333336
2022,14,00-0026189,D.Jackson,WR,BAL,PIT,0,0,0.0,0,0.0,0.0,0.0,0,0.0,0,2,2,34.0,0,3.4,5.4,,,70.0,175.0,36.012,14.0,California,2008.0,2008.0,PHI,49.0,,0.11764706
2022,15,00-0026189,D.Jackson,WR,BAL,CLE,0,0,0.0,0,0.0,0.0,0.0,0,0.0,0,3,0,0.0,0,0.0,0.0,,,70.0,175.0,36.012,14.0,California,2008.0,2008.0,PHI,49.0,,0.10714286
2022,16,00-0026189,D.Jackson,WR,BAL,ATL,0,0,0.0,0,0.0,0.0,0.0,0,0.0,0,2,1,10.0,0,1.0,2.0,,,70.0,175.0,36.012,14.0,California,2008.0,2008.0,PHI,49.0,8.0,0.125
2022,17,00-0026189,D.Jackson,WR,BAL,PIT,0,0,0.0,0,0.0,0.0,0.0,0,0.0,0,2,1,9.0,0,0.9,1.9,,,70.0,175.0,36.012,14.0,California,2008.0,2008.0,PHI,49.0,-3.0,0.1
2022,7,00-0026197,C.Henne,QB,KC,SF,0,2,0.0,0,0.0,0.0,-0.0,3,-3.0,0,0,0,0.0,0,-0.3,-0.3,,,75.0,222.0,37.3914,14.0,Michigan,2008.0,2008.0,MIA,57.0,,
2022,18,00-0026197,C.Henne,QB,KC,LV,0,0,0.0,0,0.0,0.0,0.0,2,-2.0,0,0,0,0.0,0,-0.2,-0.2,,,75.0,222.0,37.3914,14.0,Michigan,2008.0,2008.0,MIA,57.0,,
2022,20,00-0026197,C.Henne,QB,KC,JAX,5,7,23.0,1,0.0,0.0,-0.0,1,-1.0,0,0,0,0.0,0,4.82,4.82,,,75.0,222.0,37.3914,14.0,Michigan,2008.0,2008.0,MIA,57.0,7.0,
2022,14,00-0026300,J.Johnson,QB,SF,TB,1,2,10.0,0,0.0,0.0,-0.0,2,3.0,0,0,0,0.0,0,0.7,0.7,,,74.0,219.0,36.51855,14.0,San Diego,2008.0,2008.0,TB,160.0,28.0,
2022,21,00-0026300,J.Johnson,QB,SF,PHI,7,13,74.0,0,0.0,2.0,14.0,2,2.0,0,0,0,0.0,0,1.16,1.16,,,74.0,219.0,36.51855,14.0,San Diego,2008.0,2008.0,TB,160.0,,
2022,1,00-0026498,M.Stafford,QB,LA,BUF,29,41,240.0,1,3.0,7.0,49.0,1,2.0,0,0,0,0.0,0,7.8,7.8,,,75.0,220.0,34.75788235294118,13.0,Georgia,2009.0,2009.0,DET,1.0,-21.0,
2022,2,00-0026498,M.Stafford,QB,LA,ATL,27,36,272.0,3,2.0,1.0,-0.0,0,0.0,0,0,0,0.0,0,18.88,18.88,,,75.0,220.0,34.75788235294118,13.0,Georgia,2009.0,2009.0,DET,1.0,4.0,
2022,3,00-0026498,M.Stafford,QB,LA,ARI,18,25,249.0,0,0.0,1.0,10.0,3,2.0,0,0,0,0.0,0,10.16,10.16,,,75.0,220.0,34.75788235294118,13.0,Georgia,2009.0,2009.0,DET,1.0,,
2022,4,00-0026498,M.Stafford,QB,LA,SF,32,48,254.0,0,1.0,7.0,54.0,2,6.0,0,0,0,0.0,0,6.76,6.76,,,75.0,220.0,34.75788235294118,13.0,Georgia,2009.0,2009.0,DET,1.0,,
2022,5,00-0026498,M.Stafford,QB,LA,DAL,28,42,308.0,1,1.0,5.0,35.0,0,0.0,0,0,0,0.0,0,10.32,10.32,,,75.0,220.0,34.75788235294118,13.0,Georgia,2009.0,2009.0,DET,1.0,-12.0,
2022,6,00-0026498,M.Stafford,QB,LA,CAR,26,33,253.0,1,1.0,1.0,4.0,2,-3.0,0,0,0,0.0,0,11.82,11.82,,,75.0,220.0,34.75788235294118,13.0,Georgia,2009.0,2009.0,DET,1.0,14.0,
2022,8,00-0026498,M.Stafford,QB,LA,SF,22,33,187.0,1,0.0,2.0,20.0,2,-1.0,1,0,0,0.0,0,17.38,17.38,,,75.0,220.0,34.75788235294118,13.0,Georgia,2009.0,2009.0,DET,1.0,-17.0,
2022,9,00-0026498,M.Stafford,QB,LA,TB,13,27,165.0,1,0.0,4.0,27.0,2,-1.0,0,0,0,0.0,0,10.5,10.5,,,75.0,220.0,34.75788235294118,13.0,Georgia,2009.0,2009.0,DET,1.0,,
2022,11,00-0026498,M.Stafford,QB,LA,NO,11,18,159.0,2,0.0,1.0,9.0,1,4.0,0,0,0,0.0,0,14.76,14.76,,,75.0,220.0,34.75788235294118,13.0,Georgia,2009.0,2009.0,DET,1.0,,
2022,10,00-0026544,C.Daniel,QB,LAC,SF,0,2,0.0,0,0.0,1.0,1.0,0,0.0,0,0,0,0.0,0,0.0,0.0,,,72.0,229.0,36.10305555555556,13.0,Missouri,2009.0,2009.0,,,,
2022,17,00-0026544,C.Daniel,QB,LAC,LA,3,3,27.0,0,0.0,0.0,-0.0,0,0.0,0,0,0,0.0,0,1.08,1.08,,,72.0,229.0,36.10305555555556,13.0,Missouri,2009.0,2009.0,,,21.0,
2022,18,00-0026544,C.Daniel,QB,LAC,DEN,5,7,25.0,1,0.0,0.0,-0.0,1,4.0,0,0,0,0.0,0,7.4,7.4,,,72.0,229.0,36.10305555555556,13.0,Missouri,2009.0,2009.0,,,,
2022,4,00-0026625,B.Hoyer,QB,NE,GB,5,6,37.0,0,0.0,1.0,8.0,0,0.0,0,0,0,0.0,0,1.48,1.48,,,74.0,215.0,37.07317647058824,13.0,Michigan State,2009.0,2009.0,,,,
2022,10,00-0027688,C.McCoy,QB,ARI,LA,26,37,238.0,1,0.0,2.0,18.0,4,4.0,0,0,0,0.0,0,13.92,13.92,,,73.0,212.0,36.17523529411765,12.0,Texas,2010.0,2010.0,CLE,85.0,,
2022,11,00-0027688,C.McCoy,QB,ARI,SF,24,34,218.0,0,1.0,3.0,30.0,3,6.0,0,0,0,0.0,0,7.32,7.32,,,73.0,212.0,36.17523529411765,12.0,Texas,2010.0,2010.0,CLE,85.0,-28.0,
2022,14,00-0027688,C.McCoy,QB,ARI,NE,27,40,246.0,0,1.0,6.0,45.0,5,24.0,0,0,0,0.0,0,10.24,10.24,,,73.0,212.0,36.17523529411765,12.0,Texas,2010.0,2010.0,CLE,85.0,-14.0,
2022,15,00-0027688,C.McCoy,QB,ARI,DEN,13,21,78.0,0,1.0,2.0,4.0,2,2.0,0,0,0,0.0,0,1.32,1.32,,,73.0,212.0,36.17523529411765,12.0,Texas,2010.0,2010.0,CLE,85.0,,
2022,1,00-0027942,A.Green,WR,ARI,KC,0,0,0.0,0,0.0,0.0,0.0,0,0.0,0,4,2,13.0,0,1.3,3.3,,,76.0,210.0,34.27235294117647,11.0,Georgia,2011.0,2011.0,CIN,4.0,-23.0,0.11111111
2022,2,00-0027942,A.Green,WR,ARI,LV,0,0,0.0,0,0.0,0.0,0.0,0,0.0,0,7,3,16.0,0,3.6,6.6,,,76.0,210.0,34.27235294117647,11.0,Georgia,2011.0,2011.0,CIN,4.0,,0.14893617
2022,3,00-0027942,A.Green,WR,ARI,LA,0,0,0.0,0,0.0,0.0,0.0,0,0.0,0,2,0,0.0,0,0.0,0.0,,,76.0,210.0,34.27235294117647,11.0,Georgia,2011.0,2011.0,CIN,4.0,-8.0,0.036363635
2022,5,00-0027942,A.Green,WR,ARI,PHI,0,0,0.0,0,0.0,0.0,0.0,0,0.0,0,5,3,20.0,0,2.0,5.0,,,76.0,210.0,34.27235294117647,11.0,Georgia,2011.0,2011.0,CIN,4.0,-3.0,0.13157895
2022,6,00-0027942,A.Green,WR,ARI,SEA,0,0,0.0,0,0.0,0.0,0.0,0,0.0,0,4,2,7.0,0,0.7,2.7,,,76.0,210.0,34.27235294117647,11.0,Georgia,2011.0,2011.0,CIN,4.0,,0.11111111
2022,8,00-0027942,A.Green,WR,ARI,MIN,0,0,0.0,0,0.0,0.0,0.0,0,0.0,0,1,0,0.0,0,0.0,0.0,,,76.0,210.0,34.27235294117647,11.0,Georgia,2011.0,2011.0,CIN,4.0,,0.023255814
2022,10,00-0027942,A.Green,WR,ARI,LA,0,0,0.0,0,0.0,0.0,0.0,0,0.0,0,2,2,10.0,1,7.0,9.0,,,76.0,210.0,34.27235294117647,11.0,Georgia,2011.0,2011.0,CIN,4.0,,0.057142857
2022,11,00-0027942,A.Green,WR,ARI,SF,0,0,0.0,0,0.0,0.0,0.0,0,0.0,0,9,5,50.0,0,5.0,10.0,,,76.0,210.0,34.27235294117647,11.0,Georgia,2011.0,2011.0,CIN,4.0,-28.0,0.21428572
2022,12,00-0027942,A.Green,WR,ARI,LAC,0,0,0.0,0,0.0,0.0,0.0,0,0.0,0,2,1,5.0,0,0.5,1.5,,,76.0,210.0,34.27235294117647,11.0,Georgia,2011.0,2011.0,CIN,4.0,-1.0,0.074074075
2022,14,00-0027942,A.Green,WR,ARI,NE,0,0,0.0,0,0.0,0.0,0.0,0,0.0,0,2,1,7.0,0,0.7,1.7,,,76.0,210.0,34.27235294117647,11.0,Georgia,2011.0,2011.0,CIN,4.0,-14.0,0.048780486
2022,15,00-0027942,A.Green,WR,ARI,DEN,0,0,0.0,0,0.0,0.0,0.0,0,0.0,0,2,0,0.0,0,0.0,0.0,,,76.0,210.0,34.27235294117647,11.0,Georgia,2011.0,2011.0,CIN,4.0,,0.057142857
2022,17,00-0027942,A.Green,WR,ARI,ATL,0,0,0.0,0,0.0,0.0,0.0,0,0.0,0,2,2,17.0,0,1.7,3.7,,,76.0,210.0,34.27235294117647,11.0,Georgia,2011.0,2011.0,CIN,4.0,,0.05263158
2022,18,00-0027942,A.Green,WR,ARI,SF,0,0,0.0,0,0.0,0.0,0.0,0,0.0,0,5,3,91.0,1,15.1,18.1,,,76.0,210.0,34.27235294117647,11.0,Georgia,2011.0,2011.0,CIN,4.0,,0.18518518
2022,1,00-0027944,J.Jones,WR,TB,DAL,0,0,0.0,0,0.0,0.0,0.0,2,17.0,0,5,3,69.0,0,8.6,11.6,,,75.0,220.0,33.75922222222223,11.0,Alabama,2011.0,2011.0,ATL,6.0,,0.18518518
2022,4,00-0027944,J.Jones,WR,TB,KC,0,0,0.0,0,0.0,0.0,0.0,0,0.0,0,2,1,7.0,0,0.7,1.7,,,75.0,220.0,33.75922222222223,11.0,Alabama,2011.0,2011.0,ATL,6.0,-10.0,0.03846154
2022,8,00-0027944,J.Jones,WR,TB,BAL,0,0,0.0,0,0.0,0.0,0.0,1,0.0,0,4,2,21.0,1,8.1,10.1,,,75.0,220.0,33.75922222222223,11.0,Alabama,2011.0,2011.0,ATL,6.0,-5.0,0.0952381
2022,9,00-0027944,J.Jones,WR,TB,LA,0,0,0.0,0,0.0,0.0,0.0,0,0.0,0,5,2,28.0,0,2.8,4.8,,,75.0,220.0,33.75922222222223,11.0,Alabama,2011.0,2011.0,ATL,6.0,3.0,0.09090909
2022,10,00-0027944,J.Jones,WR,TB,SEA,0,0,0.0,0,0.0,0.0,0.0,0,0.0,0,5,3,53.0,1,11.3,14.3,,,75.0,220.0,33.75922222222223,11.0,Alabama,2011.0,2011.0,ATL,6.0,5.0,0.1724138
2022,12,00-0027944,J.Jones,WR,TB,CLE,0,0,0.0,0,0.0,0.0,0.0,1,15.0,0,4,3,40.0,0,5.5,8.5,,,75.0,220.0,33.75922222222223,11.0,Alabama,2011.0,2011.0,ATL,6.0,,0.0952381
2022,13,00-0027944,J.Jones,WR,TB,NO,0,0,0.0,0,0.0,0.0,0.0,0,0.0,0,6,3,28.0,0,2.8,5.8,,,75.0,220.0,33.75922222222223,11.0,Alabama,2011.0,2011.0,ATL,6.0,1.0,0.11320755
2022,14,00-0027944,J.Jones,WR,TB,SF,0,0,0.0,0,0.0,0.0,0.0,0,0.0,0,8,5,38.0,0,3.8,8.8,,,75.0,220.0,33.75922222222223,11.0,Alabama,2011.0,2011.0,ATL,6.0,,0.15686275
2022,16,00-0027944,J.Jones,WR,TB,ARI,0,0,0.0,0,0.0,0.0,0.0,0,0.0,0,2,1,5.0,0,0.5,1.5,,,75.0,220.0,33.75922222222223,11.0,Alabama,2011.0,2011.0,ATL,6.0,,0.041666668
2022,17,00-0027944,J.Jones,WR,TB,CAR,0,0,0.0,0,0.0,0.0,0.0,1,13.0,0,2,1,10.0,0,2.3,3.3,,,75.0,220.0,33.75922222222223,11.0,Alabama,2011.0,2011.0,ATL,6.0,6.0,0.04761905
2022,19,00-0027944,J.Jones,WR,TB,DAL,0,0,0.0,0,0.0,0.0,0.0,0,0.0,0,11,7,74.0,1,13.4,20.4,,,75.0,220.0,33.75922222222223,11.0,Alabama,2011.0,2011.0,ATL,6.0,-17.0,0.18032786
2022,18,00-0027948,B.Gabbert,QB,TB,ATL,6,8,29.0,1,0.0,0.0,-0.0,0,0.0,0,0,0,0.0,0,5.16,5.16,,,77.0,235.0,33.077555555555556,11.0,Missouri,2011.0,2011.0,JAX,10.0,,
2022,1,00-0027966,M.Ingram,RB,NO,ATL,0,0,0.0,0,0.0,0.0,0.0,4,22.0,0,1,1,1.0,0,0.3,1.3,,,69.0,215.0,32.88035294117647,11.0,Alabama,2011.0,2011.0,NO,28.0,,0.03125
2022,2,00-0027966,M.Ingram,RB,NO,TB,0,0,0.0,0,0.0,0.0,0.0,10,58.0,0,2,2,3.0,0,4.1,6.1,,,69.0,215.0,32.88035294117647,11.0,Alabama,2011.0,2011.0,NO,28.0,-10.0,0.05
2022,3,00-0027966,M.Ingram,RB,NO,CAR,0,0,0.0,0,0.0,0.0,0.0,5,18.0,1,0,0,0.0,0,7.8,7.8,,,69.0,215.0,32.88035294117647,11.0,Alabama,2011.0,2011.0,NO,28.0,,
2022,4,00-0027966,M.Ingram,RB,NO,MIN,0,0,0.0,0,0.0,0.0,0.0,10,30.0,0,3,3,13.0,0,4.3,7.3,,,69.0,215.0,32.88035294117647,11.0,Alabama,2011.0,2011.0,NO,28.0,-3.0,0.10714286
2022,5,00-0027966,M.Ingram,RB,NO,SEA,0,0,0.0,0,0.0,0.0,0.0,9,16.0,0,0,0,0.0,0,3.6,3.6,,,69.0,215.0,32.88035294117647,11.0,Alabama,2011.0,2011.0,NO,28.0,7.0,
2022,6,00-0027966,M.Ingram,RB,NO,CIN,0,0,0.0,0,0.0,0.0,0.0,9,46.0,0,2,1,11.0,0,5.7,6.7,,,69.0,215.0,32.88035294117647,11.0,Alabama,2011.0,2011.0,NO,28.0,-4.0,0.06451613
2022,7,00-0027966,M.Ingram,RB,NO,ARI,0,0,0.0,0,0.0,0.0,0.0,4,6.0,0,3,3,16.0,0,2.2,5.2,,,69.0,215.0,32.88035294117647,11.0,Alabama,2011.0,2011.0,NO,28.0,,0.06521739
2022,8,00-0027966,M.Ingram,RB,NO,LV,0,0,0.0,0,0.0,0.0,0.0,0,0.0,0,1,1,2.0,0,0.2,1.2,,,69.0,215.0,32.88035294117647,11.0,Alabama,2011.0,2011.0,NO,28.0,24.0,0.033333335
2022,12,00-0027966,M.Ingram,RB,NO,SF,0,0,0.0,0,0.0,0.0,0.0,4,10.0,0,1,0,0.0,0,1.0,1.0,,,69.0,215.0,32.88035294117647,11.0,Alabama,2011.0,2011.0,NO,28.0,,0.033333335
2022,13,00-0027966,M.Ingram,RB,NO,TB,0,0,0.0,0,0.0,0.0,0.0,7,27.0,0,5,5,22.0,0,4.9,9.9,,,69.0,215.0,32.88035294117647,11.0,Alabama,2011.0,2011.0,NO,28.0,,0.17857143
2022,4,00-0027973,A.Dalton,QB,NO,MIN,20,28,236.0,1,0.0,2.0,9.0,1,3.0,0,0,0,0.0,0,13.74,13.74,,,74.0,220.0,35.02676470588236,11.0,Texas Christian,2011.0,2011.0,CIN,35.0,-3.0,
2022,5,00-0027973,A.Dalton,QB,NO,SEA,16,24,187.0,1,1.0,1.0,6.0,7,4.0,0,0,0,0.0,0,9.88,9.88,,,74.0,220.0,35.02676470588236,11.0,Texas Christian,2011.0,2011.0,CIN,35.0,7.0,
2022,6,00-0027973,A.Dalton,QB,NO,CIN,17,32,162.0,1,0.0,1.0,7.0,0,0.0,0,0,0,0.0,0,10.48,10.48,,,74.0,220.0,35.02676470588236,11.0,Texas Christian,2011.0,2011.0,CIN,35.0,-4.0,
2022,7,00-0027973,A.Dalton,QB,NO,ARI,30,47,361.0,4,3.0,0.0,-0.0,4,21.0,0,0,0,0.0,0,26.54,26.54,,,74.0,220.0,35.02676470588236,11.0,Texas Christian,2011.0,2011.0,CIN,35.0,,
2022,8,00-0027973,A.Dalton,QB,NO,LV,22,30,229.0,2,0.0,0.0,-0.0,0,0.0,0,0,0,0.0,0,17.16,17.16,,,74.0,220.0,35.02676470588236,11.0,Texas Christian,2011.0,2011.0,CIN,35.0,24.0,
2022,9,00-0027973,A.Dalton,QB,NO,BAL,19,29,210.0,1,1.0,4.0,28.0,2,5.0,0,0,0,0.0,0,10.9,10.9,,,74.0,220.0,35.02676470588236,11.0,Texas Christian,2011.0,2011.0,CIN,35.0,-14.0,
2022,10,00-0027973,A.Dalton,QB,NO,PIT,17,27,174.0,1,2.0,2.0,17.0,3,1.0,0,0,0,0.0,0,7.06,7.06,,,74.0,220.0,35.02676470588236,11.0,Texas Christian,2011.0,2011.0,CIN,35.0,,
2022,11,00-0027973,A.Dalton,QB,NO,LA,21,25,260.0,3,0.0,3.0,32.0,2,-2.0,0,0,0,0.0,0,22.2,22.2,,,74.0,220.0,35.02676470588236,11.0,Texas Christian,2011.0,2011.0,CIN,35.0,7.0,
2022,12,00-0027973,A.Dalton,QB,NO,SF,18,29,204.0,0,0.0,1.0,7.0,4,21.0,0,0,0,0.0,0,10.26,10.26,,,74.0,220.0,35.02676470588236,11.0,Texas Christian,2011.0,2011.0,CIN,35.0,,
2022,13,00-0027973,A.Dalton,QB,NO,TB,20,28,229.0,1,0.0,2.0,18.0,1,1.0,0,0,0,0.0,0,13.26,13.26,,,74.0,220.0,35.02676470588236,11.0,Texas Christian,2011.0,2011.0,CIN,35.0,,
2022,15,00-0027973,A.Dalton,QB,NO,ATL,11,17,151.0,2,0.0,2.0,17.0,2,1.0,0,0,0,0.0,0,14.14,14.14,,,74.0,220.0,35.02676470588236,11.0,Texas Christian,2011.0,2011.0,CIN,35.0,3.0,
2022,16,00-0027973,A.Dalton,QB,NO,CLE,8,15,92.0,0,1.0,0.0,-0.0,1,-1.0,0,0,0,0.0,0,1.58,1.58,,,74.0,220.0,35.02676470588236,11.0,Texas Christian,2011.0,2011.0,CIN,35.0,,
2022,17,00-0027973,A.Dalton,QB,NO,PHI,18,22,205.0,0,1.0,6.0,38.0,2,-2.0,0,0,0,0.0,0,6.0,6.0,,,74.0,220.0,35.02676470588236,11.0,Texas Christian,2011.0,2011.0,CIN,35.0,,
2022,18,00-0027973,A.Dalton,QB,NO,CAR,15,25,171.0,1,0.0,1.0,10.0,1,2.0,0,0,0,0.0,0,11.04,11.04,,,74.0,220.0,35.02676470588236,11.0,Texas Christian,2011.0,2011.0,CIN,35.0,-3.0,
2022,3,00-0027981,K.Rudolph,TE,TB,GB,0,0,0.0,0,0.0,0.0,0.0,0,0.0,0,1,1,12.0,0,1.2,2.2,,,78.0,265.0,33.009,11.0,Notre Dame,2011.0,2011.0,MIN,43.0,-2.0,0.025
2022,5,00-0027981,K.Rudolph,TE,TB,ATL,0,0,0.0,0,0.0,0.0,0.0,0,0.0,0,1,0,0.0,0,0.0,0.0,,,78.0,265.0,33.009,11.0,Notre Dame,2011.0,2011.0,MIN,43.0,6.0,0.02
2022,7,00-0027981,K.Rudolph,TE,TB,CAR,0,0,0.0,0,0.0,0.0,0.0,0,0.0,0,1,1,8.0,0,0.8,1.8,,,78.0,265.0,33.009,11.0,Notre Dame,2011.0,2011.0,MIN,43.0,,0.020833334
2022,8,00-0027981,K.Rudolph,TE,TB,BAL,0,0,0.0,0,0.0,0.0,0.0,0,0.0,0,1,0,0.0,0,0.0,0.0,,,78.0,265.0,33.009,11.0,Notre Dame,2011.0,2011.0,MIN,43.0,-5.0,0.023809524
2022,18,00-0027981,K.Rudolph,TE,TB,ATL,0,0,0.0,0,0.0,0.0,0.0,0,0.0,0,1,1,8.0,1,6.8,7.8,,,78.0,265.0,33.009,11.0,Notre Dame,2011.0,2011.0,MIN,43.0,,0.030303031
2022,1,00-0028002,R.Cobb,WR,GB,MIN,0,0,0.0,0,0.0,0.0,0.0,0,0.0,0,3,2,14.0,0,1.4,3.4,,,70.0,192.0,32.21229411764706,11.0,Kentucky,2011.0,2011.0,GB,64.0,,0.08571429
2022,2,00-0028002,R.Cobb,WR,GB,CHI,0,0,0.0,0,0.0,0.0,0.0,0,0.0,0,3,3,37.0,0,3.7,6.7,,,70.0,192.0,32.21229411764706,11.0,Kentucky,2011.0,2011.0,GB,64.0,17.0,0.12
2022,3,00-0028002,R.Cobb,WR,GB,TB,0,0,0.0,0,0.0,0.0,0.0,0,0.0,0,2,2,57.0,0,5.7,7.7,,,70.0,192.0,32.21229411764706,11.0,Kentucky,2011.0,2011.0,GB,64.0,,0.05882353
2022,4,00-0028002,R.Cobb,WR,GB,NE,0,0,0.0,0,0.0,0.0,0.0,0,0.0,0,4,3,42.0,0,4.2,7.2,,,70.0,192.0,32.21229411764706,11.0,Kentucky,2011.0,2011.0,GB,64.0,3.0,0.125
2022,5,00-0028002,R.Cobb,WR,GB,NYG,0,0,0.0,0,0.0,0.0,0.0,0,0.0,0,13,7,99.0,0,9.9,16.9,,,70.0,192.0,32.21229411764706,11.0,Kentucky,2011.0,2011.0,GB,64.0,-5.0,0.33333334
2022,6,00-0028002,R.Cobb,WR,GB,NYJ,0,0,0.0,0,0.0,0.0,0.0,0,0.0,0,1,1,8.0,0,0.8,1.8,,,70.0,192.0,32.21229411764706,11.0,Kentucky,2011.0,2011.0,GB,64.0,-17.0,0.022727273
2022,11,00-0028002,R.Cobb,WR,GB,TEN,0,0,0.0,0,0.0,0.0,0.0,0,0.0,0,6,6,73.0,0,7.3,13.3,,,70.0,192.0,32.21229411764706,11.0,Kentucky,2011.0,2011.0,GB,64.0,-10.0,0.16216215
2022,12,00-0028002,R.Cobb,WR,GB,PHI,0,0,0.0,0,0.0,0.0,0.0,0,0.0,0,4,2,19.0,1,7.9,9.9,,,70.0,192.0,32.21229411764706,11.0,Kentucky,2011.0,2011.0,GB,64.0,,0.16
2022,13,00-0028002,R.Cobb,WR,GB,CHI,0,0,0.0,0,0.0,0.0,0.0,0,0.0,0,4,0,0.0,0,0.0,0.0,,,70.0,192.0,32.21229411764706,11.0,Kentucky,2011.0,2011.0,GB,64.0,,0.13333334
2022,15,00-0028002,R.Cobb,WR,GB,LA,0,0,0.0,0,0.0,0.0,0.0,0,0.0,0,4,3,32.0,0,3.2,6.2,,,70.0,192.0,32.21229411764706,11.0,Kentucky,2011.0,2011.0,GB,64.0,12.0,0.14285715
2022,16,00-0028002,R.Cobb,WR,GB,MIA,0,0,0.0,0,0.0,0.0,0.0,0,0.0,0,2,1,5.0,0,0.5,1.5,,,70.0,192.0,32.21229411764706,11.0,Kentucky,2011.0,2011.0,GB,64.0,,0.05263158
2022,17,00-0028002,R.Cobb,WR,GB,MIN,0,0,0.0,0,0.0,0.0,0.0,0,0.0,0,2,2,20.0,0,2.0,4.0,,,70.0,192.0,32.21229411764706,11.0,Kentucky,2011.0,2011.0,GB,64.0,24.0,0.07692308
2022,18,00-0028002,R.Cobb,WR,GB,DET,0,0,0.0,0,0.0,0.0,0.0,0,0.0,0,2,2,11.0,0,1.1,3.1,,,70.0,192.0,32.21229411764706,11.0,Kentucky,2011.0,2011.0,GB,64.0,-4.0,0.07692308
2022,4,00-0028118,T.Taylor,QB,NYG,CHI,1,3,11.0,0,1.0,0.0,-0.0,3,30.0,0,0,0,0.0,0,1.44,1.44,,,73.0,215.0,33.28910526315789,11.0,Virginia Tech,2011.0,2011.0,BAL,180.0,8.0,
2022,14,00-0028118,T.Taylor,QB,NYG,PHI,5,5,47.0,1,0.0,3.0,18.0,2,40.0,0,0,0,0.0,0,9.88,9.88,,,73.0,215.0,33.28910526315789,11.0,Virginia Tech,2011.0,2011.0,BAL,180.0,-26.0,
2022,18,00-0028292,N.Bellore,ILB,SEA,LA,0,0,0.0,0,0.0,0.0,0.0,1,3.0,0,0,0,0.0,0,0.3,0.3,,,73.0,250.0,33.50405555555555,11.0,Central Michigan,2011.0,2011.0,,,3.0,
2022,2,00-0028986,C.Keenum,QB,BUF,TEN,0,2,0.0,0,0.0,0.0,-0.0,3,2.0,0,0,0,0.0,0,0.2,0.2,,,73.0,215.0,34.742777777777775,10.0,Houston,2012.0,2012.0,,,34.0,
2022,5,00-0028986,C.Keenum,QB,BUF,PIT,2,5,8.0,0,0.0,0.0,-0.0,2,-2.0,0,0,0,0.0,0,0.12,0.12,,,73.0,215.0,34.742777777777775,10.0,Houston,2012.0,2012.0,,,35.0,
2022,3,00-0029000,C.Beasley,WR,TB,GB,0,0,0.0,0,0.0,0.0,0.0,0,0.0,0,4,3,12.0,0,1.2,4.2,,,68.0,174.0,33.596875,10.0,Southern Methodist,2012.0,2012.0,,,-2.0,0.1
2022,4,00-0029000,C.Beasley,WR,TB,KC,0,0,0.0,0,0.0,0.0,0.0,0,0.0,0,1,1,5.0,0,0.5,1.5,,,68.0,174.0,33.596875,10.0,Southern Methodist,2012.0,2012.0,,,-10.0,0.01923077
2022,15,00-0029000,C.Beasley,WR,BUF,MIA,0,0,0.0,0,0.0,0.0,0.0,0,0.0,0,1,1,9.0,0,0.9,1.9,,,68.0,174.0,33.596875,10.0,Southern Methodist,2012.0,2012.0,,,3.0,0.02631579
2022,16,00-0029000,C.Beasley,WR,BUF,CHI,0,0,0.0,0,0.0,0.0,0.0,0,0.0,0,1,1,9.0,0,0.9,1.9,,,68.0,174.0,33.596875,10.0,Southern Methodist,2012.0,2012.0,,,,0.04
2022,19,00-0029000,C.Beasley,WR,BUF,MIA,0,0,0.0,0,0.0,0.0,0.0,0,0.0,0,5,2,35.0,1,9.5,11.5,,,68.0,174.0,33.596875,10.0,Southern Methodist,2012.0,2012.0,,,3.0,0.13513513
2022,20,00-0029000,C.Beasley,WR,BUF,CIN,0,0,0.0,0,0.0,0.0,0.0,0,0.0,0,4,3,33.0,0,3.3,6.3,,,68.0,174.0,33.596875,10.0,Southern Methodist,2012.0,2012.0,,,-17.0,0.1
2022,1,00-0029239,B.Bolden,RB,LV,LAC,0,0,0.0,0,0.0,0.0,0.0,3,7.0,0,2,2,21.0,1,8.8,10.8,,,71.0,220.0,32.790470588235294,10.0,Mississippi,2012.0,2012.0,,,,0.057142857
2022,3,00-0029239,B.Bolden,RB,LV,TEN,0,0,0.0,0,0.0,0.0,0.0,3,17.0,0,2,2,4.0,0,2.1,4.1,,,71.0,220.0,32.790470588235294,10.0,Mississippi,2012.0,2012.0,,,,0.048780486
2022,4,00-0029239,B.Bolden,RB,LV,DEN,0,0,0.0,0,0.0,0.0,0.0,0,0.0,0,1,1,-1.0,0,-0.1,0.9,,,71.0,220.0,32.790470588235294,10.0,Mississippi,2012.0,2012.0,,,9.0,0.033333335
2022,5,00-0029239,B.Bolden,RB,LV,KC,0,0,0.0,0,0.0,0.0,0.0,1,5.0,0,3,3,29.0,0,3.4,6.4,,,71.0,220.0,32.790470588235294,10.0,Mississippi,2012.0,2012.0,,,,0.11111111
2022,9,00-0029239,B.Bolden,RB,LV,JAX,0,0,0.0,0,0.0,0.0,0.0,1,5.0,0,0,0,0.0,0,0.5,0.5,,,71.0,220.0,32.790470588235294,10.0,Mississippi,2012.0,2012.0,,,,
2022,11,00-0029239,B.Bolden,RB,LV,DEN,0,0,0.0,0,0.0,0.0,0.0,0,0.0,0,1,1,4.0,0,0.4,1.4,,,71.0,220.0,32.790470588235294,10.0,Mississippi,2012.0,2012.0,,,,0.027027028
2022,16,00-0029239,B.Bolden,RB,LV,PIT,0,0,0.0,0,0.0,0.0,0.0,1,0.0,0,0,0,0.0,0,0.0,0.0,,,71.0,220.0,32.790470588235294,10.0,Mississippi,2012.0,2012.0,,,,
2022,17,00-0029239,B.Bolden,RB,LV,SF,0,0,0.0,0,0.0,0.0,0.0,8,32.0,0,0,0,0.0,0,3.2,3.2,,,71.0,220.0,32.790470588235294,10.0,Mississippi,2012.0,2012.0,,,-3.0,
2022,1,00-0029263,R.Wilson,QB,DEN,SEA,29,42,340.0,1,0.0,2.0,10.0,1,2.0,0,0,0,0.0,0,17.8,17.8,,,71.0,215.0,33.94564705882353,10.0,Wisconsin,2012.0,2012.0,SEA,75.0,,
2022,2,00-0029263,R.Wilson,QB,DEN,HOU,14,31,219.0,1,1.0,3.0,18.0,2,3.0,0,0,0,0.0,0,11.06,11.06,,,71.0,215.0,33.94564705882353,10.0,Wisconsin,2012.0,2012.0,SEA,75.0,7.0,
2022,3,00-0029263,R.Wilson,QB,DEN,SF,20,33,184.0,0,0.0,4.0,24.0,6,17.0,0,0,0,0.0,0,9.06,9.06,,,71.0,215.0,33.94564705882353,10.0,Wisconsin,2012.0,2012.0,SEA,75.0,1.0,
2022,4,00-0029263,R.Wilson,QB,DEN,LV,17,25,237.0,2,0.0,3.0,23.0,4,29.0,1,1,1,1.0,0,26.48,27.48,,,71.0,215.0,33.94564705882353,10.0,Wisconsin,2012.0,2012.0,SEA,75.0,,0.04
2022,5,00-0029263,R.Wilson,QB,DEN,IND,21,39,274.0,0,2.0,4.0,24.0,4,22.0,0,0,0,0.0,0,9.16,9.16,,,71.0,215.0,33.94564705882353,10.0,Wisconsin,2012.0,2012.0,SEA,75.0,-3.0,
2022,6,00-0029263,R.Wilson,QB,DEN,LAC,15,28,188.0,1,0.0,4.0,28.0,4,23.0,0,0,0,0.0,0,13.82,13.82,,,71.0,215.0,33.94564705882353,10.0,Wisconsin,2012.0,2012.0,SEA,75.0,,
2022,8,00-0029263,R.Wilson,QB,DEN,JAX,18,30,252.0,1,1.0,3.0,22.0,4,17.0,0,0,0,0.0,0,13.78,13.78,,,71.0,215.0,33.94564705882353,10.0,Wisconsin,2012.0,2012.0,SEA,75.0,,
2022,10,00-0029263,R.Wilson,QB,DEN,TEN,21,42,286.0,1,1.0,6.0,38.0,7,8.0,0,0,0,0.0,0,14.24,14.24,,,71.0,215.0,33.94564705882353,10.0,Wisconsin,2012.0,2012.0,SEA,75.0,,
2022,11,00-0029263,R.Wilson,QB,DEN,LV,24,31,247.0,0,0.0,3.0,21.0,1,8.0,0,0,0,0.0,0,10.68,10.68,,,71.0,215.0,33.94564705882353,10.0,Wisconsin,2012.0,2012.0,SEA,75.0,-6.0,
2022,12,00-0029263,R.Wilson,QB,DEN,CAR,19,35,142.0,1,0.0,3.0,17.0,2,8.0,0,0,0,0.0,0,8.48,8.48,,,71.0,215.0,33.94564705882353,10.0,Wisconsin,2012.0,2012.0,SEA,75.0,,
2022,13,00-0029263,R.Wilson,QB,DEN,BAL,17,22,189.0,0,0.0,2.0,5.0,2,21.0,0,0,0,0.0,0,9.66,9.66,,,71.0,215.0,33.94564705882353,10.0,Wisconsin,2012.0,2012.0,SEA,75.0,,
2022,14,00-0029263,R.Wilson,QB,DEN,KC,23,36,247.0,3,1.0,6.0,49.0,4,57.0,0,0,0,0.0,0,25.58,25.58,,,71.0,215.0,33.94564705882353,10.0,Wisconsin,2012.0,2012.0,SEA,75.0,-6.0,
2022,16,00-0029263,R.Wilson,QB,DEN,LA,15,27,214.0,1,3.0,6.0,40.0,2,17.0,0,0,0,0.0,0,8.26,8.26,,,71.0,215.0,33.94564705882353,10.0,Wisconsin,2012.0,2012.0,SEA,75.0,,
2022,17,00-0029263,R.Wilson,QB,DEN,KC,26,38,222.0,1,1.0,4.0,32.0,4,27.0,2,0,0,0.0,0,23.58,23.58,,,71.0,215.0,33.94564705882353,10.0,Wisconsin,2012.0,2012.0,SEA,75.0,,
2022,18,00-0029263,R.Wilson,QB,DEN,LAC,13,24,283.0,3,1.0,2.0,17.0,8,18.0,0,0,0,0.0,0,23.12,23.12,,,71.0,215.0,33.94564705882353,10.0,Wisconsin,2012.0,2012.0,SEA,75.0,3.0,
2022,1,00-0029293,M.Jones,WR,JAX,WAS,0,0,0.0,0,0.0,0.0,0.0,0,0.0,0,6,4,38.0,0,3.8,7.8,,,74.0,198.0,32.68168421052631,10.0,California,2012.0,2012.0,CIN,166.0,,0.15789473
2022,2,00-0029293,M.Jones,WR,JAX,IND,0,0,0.0,0,0.0,0.0,0.0,0,0.0,0,5,3,33.0,0,3.3,6.3,,,74.0,198.0,32.68168421052631,10.0,California,2012.0,2012.0,CIN,166.0,24.0,0.16666667
2022,3,00-0029293,M.Jones,WR,JAX,LAC,0,0,0.0,0,0.0,0.0,0.0,0,0.0,0,7,4,33.0,1,9.3,13.3,,,74.0,198.0,32.68168421052631,10.0,California,2012.0,2012.0,CIN,166.0,,0.18421052
2022,4,00-0029293,M.Jones,WR,JAX,PHI,0,0,0.0,0,0.0,0.0,0.0,0,0.0,0,1,0,0.0,0,0.0,0.0,,,74.0,198.0,32.68168421052631,10.0,California,2012.0,2012.0,CIN,166.0,,0.04347826
2022,5,00-0029293,M.Jones,WR,JAX,HOU,0,0,0.0,0,0.0,0.0,0.0,0,0.0,0,11,7,104.0,0,10.4,17.4,,,74.0,198.0,32.68168421052631,10.0,California,2012.0,2012.0,CIN,166.0,-7.0,0.25
2022,7,00-0029293,M.Jones,WR,JAX,NYG,0,0,0.0,0,0.0,0.0,0.0,0,0.0,0,8,4,57.0,0,5.7,9.7,,,74.0,198.0,32.68168421052631,10.0,California,2012.0,2012.0,CIN,166.0,-6.0,0.18604651
2022,8,00-0029293,M.Jones,WR,JAX,DEN,0,0,0.0,0,0.0,0.0,0.0,0,0.0,0,3,0,0.0,0,0.0,0.0,,,74.0,198.0,32.68168421052631,10.0,California,2012.0,2012.0,CIN,166.0,-4.0,0.10714286
2022,9,00-0029293,M.Jones,WR,JAX,LV,0,0,0.0,0,0.0,0.0,0.0,0,0.0,0,6,5,48.0,0,4.8,9.8,,,74.0,198.0,32.68168421052631,10.0,California,2012.0,2012.0,CIN,166.0,7.0,0.20689656
2022,10,00-0029293,M.Jones,WR,JAX,KC,0,0,0.0,0,0.0,0.0,0.0,0,0.0,0,3,1,33.0,0,3.3,4.3,,,74.0,198.0,32.68168421052631,10.0,California,2012.0,2012.0,CIN,166.0,,0.07692308
2022,12,00-0029293,M.Jones,WR,JAX,BAL,0,0,0.0,0,0.0,0.0,0.0,0,0.0,0,3,3,22.0,1,8.2,11.2,,,74.0,198.0,32.68168421052631,10.0,California,2012.0,2012.0,CIN,166.0,1.0,0.08108108
2022,13,00-0029293,M.Jones,WR,JAX,DET,0,0,0.0,0,0.0,0.0,0.0,0,0.0,0,4,1,17.0,0,1.7,2.7,,,74.0,198.0,32.68168421052631,10.0,California,2012.0,2012.0,CIN,166.0,,0.121212125
2022,14,00-0029293,M.Jones,WR,JAX,TEN,0,0,0.0,0,0.0,0.0,0.0,0,0.0,0,1,1,22.0,0,2.2,3.2,,,74.0,198.0,32.68168421052631,10.0,California,2012.0,2012.0,CIN,166.0,,0.023809524
2022,15,00-0029293,M.Jones,WR,JAX,DAL,0,0,0.0,0,0.0,0.0,0.0,0,0.0,0,6,2,17.0,1,7.7,9.7,,,74.0,198.0,32.68168421052631,10.0,California,2012.0,2012.0,CIN,166.0,6.0,0.14634146
2022,16,00-0029293,M.Jones,WR,JAX,NYJ,0,0,0.0,0,0.0,0.0,0.0,0,0.0,0,4,3,15.0,0,1.5,4.5,,,74.0,198.0,32.68168421052631,10.0,California,2012.0,2012.0,CIN,166.0,,0.13333334
2022,17,00-0029293,M.Jones,WR,JAX,HOU,0,0,0.0,0,0.0,0.0,0.0,0,0.0,0,7,6,61.0,0,6.1,12.1,,,74.0,198.0,32.68168421052631,10.0,California,2012.0,2012.0,CIN,166.0,,0.25
2022,18,00-0029293,M.Jones,WR,JAX,TEN,0,0,0.0,0,0.0,0.0,0.0,0,0.0,0,6,2,29.0,0,2.9,4.9,,,74.0,198.0,32.68168421052631,10.0,California,2012.0,2012.0,CIN,166.0,4.0,0.20689656
2022,19,00-0029293,M.Jones,WR,JAX,LAC,0,0,0.0,0,0.0,0.0,0.0,0,0.0,0,6,3,29.0,1,8.9,11.9,,,74.0,198.0,32.68168421052631,10.0,California,2012.0,2012.0,CIN,166.0,1.0,0.13043478
2022,20,00-0029293,M.Jones,WR,JAX,KC,0,0,0.0,0,0.0,0.0,0.0,0,0.0,0,3,1,21.0,0,2.1,3.1,,,74.0,198.0,32.68168421052631,10.0,California,2012.0,2012.0,CIN,166.0,,0.078947365
2022,16,00-0029567,N.Foles,QB,IND,LAC,17,29,144.0,0,3.0,7.0,39.0,1,0.0,0,0,0,0.0,0,-0.24,-0.24,,,78.0,243.0,33.79747058823529,10.0,Arizona,2012.0,2012.0,PHI,88.0,-17.0,
2022,17,00-0029567,N.Foles,QB,IND,NYG,8,13,81.0,0,1.0,1.0,9.0,1,8.0,0,0,0,0.0,0,2.04,2.04,,,78.0,243.0,33.79747058823529,10.0,Arizona,2012.0,2012.0,PHI,88.0,,
2022,1,00-0029604,K.Cousins,QB,MIN,GB,23,32,277.0,2,0.0,1.0,8.0,0,0.0,0,0,0,0.0,0,19.08,19.08,,,75.0,202.0,34.236666666666665,10.0,Michigan State,2012.0,2012.0,WAS,102.0,16.0,
2022,2,00-0029604,K.Cousins,QB,MIN,PHI,27,46,221.0,1,3.0,2.0,19.0,2,20.0,0,0,0,0.0,0,8.84,8.84,,,75.0,202.0,34.236666666666665,10.0,Michigan State,2012.0,2012.0,WAS,102.0,,
2022,3,00-0029604,K.Cousins,QB,MIN,DET,24,41,260.0,2,0.0,1.0,10.0,1,-1.0,0,0,0,0.0,0,18.3,18.3,,,75.0,202.0,34.236666666666665,10.0,Michigan State,2012.0,2012.0,WAS,102.0,4.0,
2022,4,00-0029604,K.Cousins,QB,MIN,NO,25,38,273.0,1,1.0,3.0,23.0,0,0.0,0,0,0,0.0,0,12.92,12.92,,,75.0,202.0,34.236666666666665,10.0,Michigan State,2012.0,2012.0,WAS,102.0,,
2022,5,00-0029604,K.Cousins,QB,MIN,CHI,32,41,296.0,1,1.0,1.0,7.0,4,4.0,1,0,0,0.0,0,22.24,22.24,,,75.0,202.0,34.236666666666665,10.0,Michigan State,2012.0,2012.0,WAS,102.0,7.0,
2022,6,00-0029604,K.Cousins,QB,MIN,MIA,20,30,175.0,2,0.0,3.0,19.0,2,-5.0,0,0,0,0.0,0,16.5,16.5,,,75.0,202.0,34.236666666666665,10.0,Michigan State,2012.0,2012.0,WAS,102.0,,
2022,8,00-0029604,K.Cousins,QB,MIN,ARI,24,36,232.0,2,0.0,3.0,24.0,4,22.0,1,0,0,0.0,0,23.48,23.48,,,75.0,202.0,34.236666666666665,10.0,Michigan State,2012.0,2012.0,WAS,102.0,8.0,
2022,9,00-0029604,K.Cousins,QB,MIN,WAS,22,40,265.0,2,1.0,2.0,17.0,2,-2.0,0,0,0,0.0,0,16.4,16.4,,,75.0,202.0,34.236666666666665,10.0,Michigan State,2012.0,2012.0,WAS,102.0,,
2022,10,00-0029604,K.Cousins,QB,MIN,BUF,30,50,357.0,1,2.0,4.0,23.0,6,12.0,0,0,0,0.0,0,15.48,15.48,,,75.0,202.0,34.236666666666665,10.0,Michigan State,2012.0,2012.0,WAS,102.0,,
2022,11,00-0029604,K.Cousins,QB,MIN,DAL,12,23,105.0,0,0.0,7.0,49.0,0,0.0,0,0,0,0.0,0,2.2,2.2,,,75.0,202.0,34.236666666666665,10.0,Michigan State,2012.0,2012.0,WAS,102.0,-37.0,
2022,12,00-0029604,K.Cousins,QB,MIN,NE,30,37,299.0,3,1.0,1.0,9.0,1,-1.0,0,0,0,0.0,0,21.86,21.86,,,75.0,202.0,34.236666666666665,10.0,Michigan State,2012.0,2012.0,WAS,102.0,7.0,
2022,13,00-0029604,K.Cousins,QB,MIN,NYJ,21,35,173.0,1,0.0,2.0,14.0,3,9.0,0,0,0,0.0,0,11.82,11.82,,,75.0,202.0,34.236666666666665,10.0,Michigan State,2012.0,2012.0,WAS,102.0,5.0,
2022,14,00-0029604,K.Cousins,QB,MIN,DET,31,41,425.0,2,0.0,3.0,26.0,0,0.0,0,0,0,0.0,0,25.0,25.0,,,75.0,202.0,34.236666666666665,10.0,Michigan State,2012.0,2012.0,WAS,102.0,,
2022,15,00-0029604,K.Cousins,QB,MIN,IND,34,54,460.0,4,2.0,7.0,34.0,2,0.0,0,0,0,0.0,0,32.4,32.4,,,75.0,202.0,34.236666666666665,10.0,Michigan State,2012.0,2012.0,WAS,102.0,3.0,
2022,16,00-0029604,K.Cousins,QB,MIN,NYG,34,48,299.0,3,0.0,4.0,29.0,1,2.0,0,0,0,0.0,0,24.16,24.16,,,75.0,202.0,34.236666666666665,10.0,Michigan State,2012.0,2012.0,WAS,102.0,3.0,
2022,17,00-0029604,K.Cousins,QB,MIN,GB,18,31,205.0,1,3.0,2.0,18.0,3,37.0,0,0,0,0.0,0,7.9,7.9,,,75.0,202.0,34.236666666666665,10.0,Michigan State,2012.0,2012.0,WAS,102.0,,
2022,18,00-0029604,K.Cousins,QB,MIN,CHI,17,20,225.0,1,0.0,0.0,-0.0,0,0.0,0,0,0,0.0,0,13.0,13.0,,,75.0,202.0,34.236666666666665,10.0,Michigan State,2012.0,2012.0,WAS,102.0,,
2022,19,00-0029604,K.Cousins,QB,MIN,NYG,31,39,273.0,2,0.0,0.0,-0.0,1,1.0,1,1,1,-2.0,0,24.82,25.82,,,75.0,202.0,34.236666666666665,10.0,Michigan State,2012.0,2012.0,WAS,102.0,-7.0,0.025641026
2022,16,00-0029608,T.Hilton,WR,DAL,PHI,0,0,0.0,0,0.0,0.0,0.0,0,0.0,0,1,1,52.0,0,5.2,6.2,,,70.0,183.0,33.139,10.0,Florida International,2012.0,2012.0,IND,92.0,6.0,0.028571429
2022,17,00-0029608,T.Hilton,WR,DAL,TEN,0,0,0.0,0,0.0,0.0,0.0,0,0.0,0,5,4,50.0,0,5.0,9.0,,,70.0,183.0,33.139,10.0,Florida International,2012.0,2012.0,IND,92.0,,0.12195122
2022,18,00-0029608,T.Hilton,WR,DAL,WAS,0,0,0.0,0,0.0,0.0,0.0,0,0.0,0,4,2,19.0,0,1.9,3.9,,,70.0,183.0,33.139,10.0,Florida International,2012.0,2012.0,IND,92.0,,0.11111111
2022,19,00-0029608,T.Hilton,WR,DAL,TB,0,0,0.0,0,0.0,0.0,0.0,0,0.0,0,4,2,23.0,0,2.3,4.3,,,70.0,183.0,33.139,10.0,Florida International,2012.0,2012.0,IND,92.0,,0.125
2022,20,00-0029608,T.Hilton,WR,DAL,SF,0,0,0.0,0,0.0,0.0,0.0,0,0.0,0,1,1,15.0,0,1.5,2.5,,,70.0,183.0,33.139,10.0,Florida International,2012.0,2012.0,IND,92.0,,0.027027028
2022,2,00-0029664,J.Gordon,WR,TEN,BUF,0,0,0.0,0,0.0,0.0,0.0,0,0.0,0,1,0,0.0,0,0.0,0.0,,,75.0,225.0,31.453000000000003,10.0,Baylor,2012.0,2012.0,CLE,34.0,,0.04347826
2022,18,00-0029692,B.Anger,P,DAL,WAS,0,0,0.0,0,0.0,0.0,0.0,1,0.0,0,0,0,0.0,0,0.0,0.0,,,75.0,205.0,34.113,10.0,California,2012.0,2012.0,JAX,70.0,,
2022,1,00-0029701,R.Tannehill,QB,TEN,NYG,20,33,266.0,2,0.0,1.0,-0.0,2,7.0,0,0,0,0.0,0,19.34,19.34,,,76.0,207.0,34.29035294117647,10.0,Texas A&amp;M,2012.0,2012.0,MIA,8.0,-1.0,
2022,2,00-0029701,R.Tannehill,QB,TEN,BUF,11,20,117.0,0,2.0,2.0,16.0,1,2.0,0,0,0,0.0,0,0.88,0.88,,,76.0,207.0,34.29035294117647,10.0,Texas A&amp;M,2012.0,2012.0,MIA,8.0,,
2022,3,00-0029701,R.Tannehill,QB,TEN,LV,19,27,264.0,1,1.0,1.0,12.0,4,2.0,1,0,0,0.0,0,18.76,18.76,,,76.0,207.0,34.29035294117647,10.0,Texas A&amp;M,2012.0,2012.0,MIA,8.0,2.0,
2022,4,00-0029701,R.Tannehill,QB,TEN,IND,17,21,137.0,2,0.0,3.0,21.0,5,9.0,0,0,0,0.0,0,14.38,14.38,,,76.0,207.0,34.29035294117647,10.0,Texas A&amp;M,2012.0,2012.0,MIA,8.0,,
2022,5,00-0029701,R.Tannehill,QB,TEN,WAS,15,25,181.0,1,0.0,5.0,45.0,3,3.0,0,0,0,0.0,0,11.54,11.54,,,76.0,207.0,34.29035294117647,10.0,Texas A&amp;M,2012.0,2012.0,MIA,8.0,,
2022,7,00-0029701,R.Tannehill,QB,TEN,IND,13,20,132.0,0,0.0,2.0,16.0,4,6.0,0,0,0,0.0,0,3.88,3.88,,,76.0,207.0,34.29035294117647,10.0,Texas A&amp;M,2012.0,2012.0,MIA,8.0,9.0,
2022,10,00-0029701,R.Tannehill,QB,TEN,DEN,19,36,255.0,2,0.0,1.0,11.0,2,12.0,0,0,0,0.0,0,19.4,19.4,,,76.0,207.0,34.29035294117647,10.0,Texas A&amp;M,2012.0,2012.0,MIA,8.0,7.0,
2022,11,00-0029701,R.Tannehill,QB,TEN,GB,22,27,333.0,2,1.0,3.0,17.0,3,-3.0,0,0,0,0.0,0,19.02,19.02,,,76.0,207.0,34.29035294117647,10.0,Texas A&amp;M,2012.0,2012.0,MIA,8.0,,
2022,12,00-0029701,R.Tannehill,QB,TEN,CIN,22,34,291.0,1,0.0,1.0,10.0,2,9.0,0,0,0,0.0,0,16.54,16.54,,,76.0,207.0,34.29035294117647,10.0,Texas A&amp;M,2012.0,2012.0,MIA,8.0,-4.0,
2022,13,00-0029701,R.Tannehill,QB,TEN,PHI,14,22,141.0,1,0.0,6.0,35.0,3,34.0,0,0,0,0.0,0,13.04,13.04,,,76.0,207.0,34.29035294117647,10.0,Texas A&amp;M,2012.0,2012.0,MIA,8.0,,
2022,14,00-0029701,R.Tannehill,QB,TEN,JAX,25,38,254.0,2,1.0,4.0,27.0,2,16.0,0,0,0,0.0,0,17.76,17.76,,,76.0,207.0,34.29035294117647,10.0,Texas A&amp;M,2012.0,2012.0,MIA,8.0,-14.0,
2022,15,00-0029701,R.Tannehill,QB,TEN,LAC,15,22,165.0,0,1.0,4.0,28.0,3,1.0,1,0,0,0.0,0,10.7,10.7,,,76.0,207.0,34.29035294117647,10.0,Texas A&amp;M,2012.0,2012.0,MIA,8.0,,
2022,1,00-0029892,K.Juszczyk,FB,SF,CHI,0,0,0.0,0,0.0,0.0,0.0,0,0.0,0,2,0,0.0,0,0.0,0.0,,,74.0,240.0,31.579950000000004,9.0,Harvard,2013.0,2013.0,BAL,130.0,,0.07692308
2022,2,00-0029892,K.Juszczyk,FB,SF,SEA,0,0,0.0,0,0.0,0.0,0.0,2,1.0,1,1,0,0.0,0,6.1,6.1,,,74.0,240.0,31.579950000000004,9.0,Harvard,2013.0,2013.0,BAL,130.0,20.0,0.041666668
2022,3,00-0029892,K.Juszczyk,FB,SF,DEN,0,0,0.0,0,0.0,0.0,0.0,0,0.0,0,1,1,24.0,0,2.4,3.4,,,74.0,240.0,31.579950000000004,9.0,Harvard,2013.0,2013.0,BAL,130.0,,0.03448276
2022,4,00-0029892,K.Juszczyk,FB,SF,LA,0,0,0.0,0,0.0,0.0,0.0,1,9.0,0,1,1,35.0,0,4.4,5.4,,,74.0,240.0,31.579950000000004,9.0,Harvard,2013.0,2013.0,BAL,130.0,15.0,0.04
2022,5,00-0029892,K.Juszczyk,FB,SF,CAR,0,0,0.0,0,0.0,0.0,0.0,0,0.0,0,2,2,27.0,0,2.7,4.7,,,74.0,240.0,31.579950000000004,9.0,Harvard,2013.0,2013.0,BAL,130.0,,0.06666667
2022,6,00-0029892,K.Juszczyk,FB,SF,ATL,0,0,0.0,0,0.0,0.0,0.0,0,0.0,0,4,4,33.0,0,3.3,7.3,,,74.0,240.0,31.579950000000004,9.0,Harvard,2013.0,2013.0,BAL,130.0,,0.09756097
2022,7,00-0029892,K.Juszczyk,FB,SF,KC,0,0,0.0,0,0.0,0.0,0.0,0,0.0,0,4,3,34.0,0,3.4,6.4,,,74.0,240.0,31.579950000000004,9.0,Harvard,2013.0,2013.0,BAL,130.0,-21.0,0.08695652
2022,11,00-0029892,K.Juszczyk,FB,SF,ARI,0,0,0.0,0,0.0,0.0,0.0,1,4.0,0,0,0,0.0,0,0.4,0.4,,,74.0,240.0,31.579950000000004,9.0,Harvard,2013.0,2013.0,BAL,130.0,,
2022,12,00-0029892,K.Juszczyk,FB,SF,NO,0,0,0.0,0,0.0,0.0,0.0,0,0.0,0,2,2,2.0,0,0.2,2.2,,,74.0,240.0,31.579950000000004,9.0,Harvard,2013.0,2013.0,BAL,130.0,13.0,0.054054055
2022,13,00-0029892,K.Juszczyk,FB,SF,MIA,0,0,0.0,0,0.0,0.0,0.0,1,0.0,0,3,3,12.0,1,7.2,10.2,,,74.0,240.0,31.579950000000004,9.0,Harvard,2013.0,2013.0,BAL,130.0,16.0,0.075
2022,14,00-0029892,K.Juszczyk,FB,SF,TB,0,0,0.0,0,0.0,0.0,0.0,0,0.0,0,2,2,7.0,0,0.7,2.7,,,74.0,240.0,31.579950000000004,9.0,Harvard,2013.0,2013.0,BAL,130.0,28.0,0.09090909
2022,17,00-0029892,K.Juszczyk,FB,SF,LV,0,0,0.0,0,0.0,0.0,0.0,1,9.0,0,0,0,0.0,0,0.9,0.9,,,74.0,240.0,31.579950000000004,9.0,Harvard,2013.0,2013.0,BAL,130.0,,
2022,18,00-0029892,K.Juszczyk,FB,SF,ARI,0,0,0.0,0,0.0,0.0,0.0,1,3.0,0,1,1,26.0,0,2.9,3.9,,,74.0,240.0,31.579950000000004,9.0,Harvard,2013.0,2013.0,BAL,130.0,25.0,0.05
2022,19,00-0029892,K.Juszczyk,FB,SF,SEA,0,0,0.0,0,0.0,0.0,0.0,0,0.0,0,1,1,6.0,0,0.6,1.6,,,74.0,240.0,31.579950000000004,9.0,Harvard,2013.0,2013.0,BAL,130.0,18.0,0.037037037
2022,20,00-0029892,K.Juszczyk,FB,SF,DAL,0,0,0.0,0,0.0,0.0,0.0,1,8.0,0,0,0,0.0,0,0.8,0.8,,,74.0,240.0,31.579950000000004,9.0,Harvard,2013.0,2013.0,BAL,130.0,7.0,
2022,1,00-0030035,A.Thielen,WR,MIN,GB,0,0,0.0,0,0.0,0.0,0.0,0,0.0,0,4,3,36.0,0,3.6,6.6,,,74.0,200.0,32.22977777777778,9.0,Minn. State-Mankato,2013.0,2013.0,,,16.0,0.12903225
2022,2,00-0030035,A.Thielen,WR,MIN,PHI,0,0,0.0,0,0.0,0.0,0.0,0,0.0,0,7,4,52.0,0,5.2,9.2,,,74.0,200.0,32.22977777777778,9.0,Minn. State-Mankato,2013.0,2013.0,,,,0.15555556
2022,3,00-0030035,A.Thielen,WR,MIN,DET,0,0,0.0,0,0.0,0.0,0.0,0,0.0,0,8,6,61.0,1,12.1,18.1,,,74.0,200.0,32.22977777777778,9.0,Minn. State-Mankato,2013.0,2013.0,,,4.0,0.21621622
2022,4,00-0030035,A.Thielen,WR,MIN,NO,0,0,0.0,0,0.0,0.0,0.0,0,0.0,0,9,8,72.0,0,7.2,15.2,,,74.0,200.0,32.22977777777778,9.0,Minn. State-Mankato,2013.0,2013.0,,,,0.25714287
2022,5,00-0030035,A.Thielen,WR,MIN,CHI,0,0,0.0,0,0.0,0.0,0.0,0,0.0,0,7,4,27.0,0,2.7,6.7,,,74.0,200.0,32.22977777777778,9.0,Minn. State-Mankato,2013.0,2013.0,,,7.0,0.17948718
2022,6,00-0030035,A.Thielen,WR,MIN,MIA,0,0,0.0,0,0.0,0.0,0.0,0,0.0,0,8,4,36.0,1,11.6,15.6,,,74.0,200.0,32.22977777777778,9.0,Minn. State-Mankato,2013.0,2013.0,,,,0.2857143
2022,8,00-0030035,A.Thielen,WR,MIN,ARI,0,0,0.0,0,0.0,0.0,0.0,0,0.0,0,7,6,67.0,0,6.7,12.7,,,74.0,200.0,32.22977777777778,9.0,Minn. State-Mankato,2013.0,2013.0,,,8.0,0.22580644
2022,9,00-0030035,A.Thielen,WR,MIN,WAS,0,0,0.0,0,0.0,0.0,0.0,0,0.0,0,7,3,67.0,0,6.7,9.7,,,74.0,200.0,32.22977777777778,9.0,Minn. State-Mankato,2013.0,2013.0,,,,0.17948718
2022,10,00-0030035,A.Thielen,WR,MIN,BUF,0,0,0.0,0,0.0,0.0,0.0,0,0.0,0,7,5,49.0,0,4.9,9.9,,,74.0,200.0,32.22977777777778,9.0,Minn. State-Mankato,2013.0,2013.0,,,,0.14
2022,11,00-0030035,A.Thielen,WR,MIN,DAL,0,0,0.0,0,0.0,0.0,0.0,0,0.0,0,3,2,25.0,0,2.5,4.5,,,74.0,200.0,32.22977777777778,9.0,Minn. State-Mankato,2013.0,2013.0,,,-37.0,0.10714286
2022,12,00-0030035,A.Thielen,WR,MIN,NE,0,0,0.0,0,0.0,0.0,0.0,0,0.0,0,10,9,61.0,1,12.1,21.1,,,74.0,200.0,32.22977777777778,9.0,Minn. State-Mankato,2013.0,2013.0,,,7.0,0.27027026
2022,13,00-0030035,A.Thielen,WR,MIN,NYJ,0,0,0.0,0,0.0,0.0,0.0,0,0.0,0,6,2,27.0,0,2.7,4.7,,,74.0,200.0,32.22977777777778,9.0,Minn. State-Mankato,2013.0,2013.0,,,5.0,0.18181819
2022,14,00-0030035,A.Thielen,WR,MIN,DET,0,0,0.0,0,0.0,0.0,0.0,0,0.0,0,8,7,65.0,1,12.5,19.5,,,74.0,200.0,32.22977777777778,9.0,Minn. State-Mankato,2013.0,2013.0,,,,0.2
2022,15,00-0030035,A.Thielen,WR,MIN,IND,0,0,0.0,0,0.0,0.0,0.0,0,0.0,0,4,3,41.0,1,10.1,13.1,,,74.0,200.0,32.22977777777778,9.0,Minn. State-Mankato,2013.0,2013.0,,,3.0,0.074074075
2022,16,00-0030035,A.Thielen,WR,MIN,NYG,0,0,0.0,0,0.0,0.0,0.0,0,0.0,0,5,1,6.0,0,0.6,1.6,,,74.0,200.0,32.22977777777778,9.0,Minn. State-Mankato,2013.0,2013.0,,,3.0,0.10638298
2022,17,00-0030035,A.Thielen,WR,MIN,GB,0,0,0.0,0,0.0,0.0,0.0,0,0.0,0,4,1,16.0,0,1.6,2.6,,,74.0,200.0,32.22977777777778,9.0,Minn. State-Mankato,2013.0,2013.0,,,,0.114285715
2022,18,00-0030035,A.Thielen,WR,MIN,CHI,0,0,0.0,0,0.0,0.0,0.0,1,4.0,0,3,2,8.0,1,7.2,9.2,,,74.0,200.0,32.22977777777778,9.0,Minn. State-Mankato,2013.0,2013.0,,,,0.09375
2022,19,00-0030035,A.Thielen,WR,MIN,NYG,0,0,0.0,0,0.0,0.0,0.0,0,0.0,0,4,3,50.0,0,5.0,8.0,,,74.0,200.0,32.22977777777778,9.0,Minn. State-Mankato,2013.0,2013.0,,,-7.0,0.102564104
2022,1,00-0030061,Z.Ertz,TE,ARI,KC,0,0,0.0,0,0.0,0.0,0.0,0,0.0,0,4,2,14.0,1,9.4,11.4,,,77.0,250.0,31.994588235294117,9.0,Stanford,2013.0,2013.0,PHI,35.0,-23.0,0.11111111
2022,2,00-0030061,Z.Ertz,TE,ARI,LV,0,0,0.0,0,0.0,0.0,0.0,0,0.0,0,11,8,75.0,0,7.5,15.5,,,77.0,250.0,31.994588235294117,9.0,Stanford,2013.0,2013.0,PHI,35.0,,0.23404256
2022,3,00-0030061,Z.Ertz,TE,ARI,LA,0,0,0.0,0,0.0,0.0,0.0,0,0.0,0,10,6,45.0,0,4.5,10.5,,,77.0,250.0,31.994588235294117,9.0,Stanford,2013.0,2013.0,PHI,35.0,-8.0,0.18181819
2022,4,00-0030061,Z.Ertz,TE,ARI,CAR,0,0,0.0,0,0.0,0.0,0.0,0,0.0,0,6,6,47.0,1,10.7,16.7,,,77.0,250.0,31.994588235294117,9.0,Stanford,2013.0,2013.0,PHI,35.0,,0.19354838
2022,5,00-0030061,Z.Ertz,TE,ARI,PHI,0,0,0.0,0,0.0,0.0,0.0,0,0.0,0,10,6,48.0,0,4.8,10.8,,,77.0,250.0,31.994588235294117,9.0,Stanford,2013.0,2013.0,PHI,35.0,-3.0,0.2631579
2022,6,00-0030061,Z.Ertz,TE,ARI,SEA,0,0,0.0,0,0.0,0.0,0.0,0,0.0,0,10,7,70.0,0,7.0,14.0,,,77.0,250.0,31.994588235294117,9.0,Stanford,2013.0,2013.0,PHI,35.0,,0.2777778
2022,7,00-0030061,Z.Ertz,TE,ARI,NO,0,0,0.0,0,0.0,0.0,0.0,0,0.0,0,4,2,21.0,0,4.1,6.1,,,77.0,250.0,31.994588235294117,9.0,Stanford,2013.0,2013.0,PHI,35.0,8.0,0.13793103
2022,8,00-0030061,Z.Ertz,TE,ARI,MIN,0,0,0.0,0,0.0,0.0,0.0,0,0.0,0,5,4,34.0,1,9.4,13.4,,,77.0,250.0,31.994588235294117,9.0,Stanford,2013.0,2013.0,PHI,35.0,,0.11627907
2022,9,00-0030061,Z.Ertz,TE,ARI,SEA,0,0,0.0,0,0.0,0.0,0.0,0,0.0,0,8,5,40.0,1,10.0,15.0,,,77.0,250.0,31.994588235294117,9.0,Stanford,2013.0,2013.0,PHI,35.0,-10.0,0.24242425
2022,10,00-0030061,Z.Ertz,TE,ARI,LA,0,0,0.0,0,0.0,0.0,0.0,0,0.0,0,1,1,12.0,0,1.2,2.2,,,77.0,250.0,31.994588235294117,9.0,Stanford,2013.0,2013.0,PHI,35.0,,0.028571429
2022,1,00-0030068,M.Goodwin,WR,SEA,DEN,0,0,0.0,0,0.0,0.0,0.0,0,0.0,0,2,2,22.0,0,2.2,4.2,,,69.0,179.0,31.98188888888889,9.0,Texas,2013.0,2013.0,BUF,78.0,1.0,0.074074075
2022,2,00-0030068,M.Goodwin,WR,SEA,SF,0,0,0.0,0,0.0,0.0,0.0,0,0.0,0,1,0,0.0,0,0.0,0.0,,,69.0,179.0,31.98188888888889,9.0,Texas,2013.0,2013.0,BUF,78.0,,0.033333335
2022,3,00-0030068,M.Goodwin,WR,SEA,ATL,0,0,0.0,0,0.0,0.0,0.0,0,0.0,0,5,2,31.0,0,3.1,5.1,,,69.0,179.0,31.98188888888889,9.0,Texas,2013.0,2013.0,BUF,78.0,-4.0,0.11363637
2022,6,00-0030068,M.Goodwin,WR,SEA,ARI,0,0,0.0,0,0.0,0.0,0.0,0,0.0,0,2,2,26.0,0,2.6,4.6,,,69.0,179.0,31.98188888888889,9.0,Texas,2013.0,2013.0,BUF,78.0,10.0,0.06666667
2022,7,00-0030068,M.Goodwin,WR,SEA,LAC,0,0,0.0,0,0.0,0.0,0.0,0,0.0,0,5,4,67.0,2,18.7,22.7,,,69.0,179.0,31.98188888888889,9.0,Texas,2013.0,2013.0,BUF,78.0,,0.1923077
2022,8,00-0030068,M.Goodwin,WR,SEA,NYG,0,0,0.0,0,0.0,0.0,0.0,0,0.0,0,5,4,33.0,0,3.3,7.3,,,69.0,179.0,31.98188888888889,9.0,Texas,2013.0,2013.0,BUF,78.0,14.0,0.15151516
2022,10,00-0030068,M.Goodwin,WR,SEA,TB,0,0,0.0,0,0.0,0.0,0.0,0,0.0,0,2,2,38.0,1,9.8,11.8,,,69.0,179.0,31.98188888888889,9.0,Texas,2013.0,2013.0,BUF,78.0,,0.060606062
2022,12,00-0030068,M.Goodwin,WR,SEA,LV,0,0,0.0,0,0.0,0.0,0.0,1,7.0,0,3,3,48.0,0,5.5,8.5,,,69.0,179.0,31.98188888888889,9.0,Texas,2013.0,2013.0,BUF,78.0,-6.0,0.08108108
2022,13,00-0030068,M.Goodwin,WR,SEA,LA,0,0,0.0,0,0.0,0.0,0.0,0,0.0,0,2,1,17.0,0,1.7,2.7,,,69.0,179.0,31.98188888888889,9.0,Texas,2013.0,2013.0,BUF,78.0,,0.054054055
2022,14,00-0030068,M.Goodwin,WR,SEA,CAR,0,0,0.0,0,0.0,0.0,0.0,1,-2.0,0,6,5,95.0,1,15.3,20.3,,,69.0,179.0,31.98188888888889,9.0,Texas,2013.0,2013.0,BUF,78.0,-6.0,0.16666667
2022,15,00-0030068,M.Goodwin,WR,SEA,SF,0,0,0.0,0,0.0,0.0,0.0,0,0.0,0,5,2,10.0,0,1.0,3.0,,,69.0,179.0,31.98188888888889,9.0,Texas,2013.0,2013.0,BUF,78.0,-8.0,0.12195122
2022,16,00-0030068,M.Goodwin,WR,SEA,KC,0,0,0.0,0,0.0,0.0,0.0,0,0.0,0,4,0,0.0,0,0.0,0.0,,,69.0,179.0,31.98188888888889,9.0,Texas,2013.0,2013.0,BUF,78.0,,0.10526316
2022,9,00-0030074,D.Bakhtiari,T,GB,DET,0,0,0.0,0,0.0,0.0,0.0,0,0.0,0,1,0,0.0,0,0.0,0.0,,,76.0,310.0,31.106117647058824,9.0,Colorado,2013.0,2013.0,GB,109.0,,0.025
2022,1,00-0030108,R.Griffin,TE,CHI,SF,0,0,0.0,0,0.0,0.0,0.0,0,0.0,0,2,0,0.0,0,0.0,0.0,,,78.0,255.0,32.82264705882353,9.0,Connecticut,2013.0,2013.0,HOU,201.0,9.0,0.11764706
2022,2,00-0030108,R.Griffin,TE,CHI,GB,0,0,0.0,0,0.0,0.0,0.0,0,0.0,0,1,1,18.0,0,1.8,2.8,,,78.0,255.0,32.82264705882353,9.0,Connecticut,2013.0,2013.0,HOU,201.0,,0.09090909
2022,5,00-0030108,R.Griffin,TE,CHI,MIN,0,0,0.0,0,0.0,0.0,0.0,0,0.0,0,1,1,1.0,0,0.1,1.1,,,78.0,255.0,32.82264705882353,9.0,Connecticut,2013.0,2013.0,HOU,201.0,,0.04761905
2022,6,00-0030108,R.Griffin,TE,CHI,WAS,0,0,0.0,0,0.0,0.0,0.0,0,0.0,0,1,0,0.0,0,0.0,0.0,,,78.0,255.0,32.82264705882353,9.0,Connecticut,2013.0,2013.0,HOU,201.0,-5.0,0.03846154
2022,7,00-0030108,R.Griffin,TE,CHI,NE,0,0,0.0,0,0.0,0.0,0.0,0,0.0,0,1,1,5.0,0,0.5,1.5,,,78.0,255.0,32.82264705882353,9.0,Connecticut,2013.0,2013.0,HOU,201.0,,0.04761905
2022,16,00-0030108,R.Griffin,TE,CHI,BUF,0,0,0.0,0,0.0,0.0,0.0,0,0.0,0,1,1,2.0,0,0.2,1.2,,,78.0,255.0,32.82264705882353,9.0,Connecticut,2013.0,2013.0,HOU,201.0,-22.0,0.04
2022,17,00-0030108,R.Griffin,TE,CHI,DET,0,0,0.0,0,0.0,0.0,0.0,0,0.0,0,1,0,0.0,0,0.0,0.0,,,78.0,255.0,32.82264705882353,9.0,Connecticut,2013.0,2013.0,HOU,201.0,,0.055555556
2022,1,00-0030279,K.Allen,WR,LAC,LV,0,0,0.0,0,0.0,0.0,0.0,0,0.0,0,4,4,66.0,0,6.6,10.6,,,74.0,211.0,30.548055555555557,9.0,California,2013.0,2013.0,SD,76.0,5.0,0.11764706
2022,7,00-0030279,K.Allen,WR,LAC,SEA,0,0,0.0,0,0.0,0.0,0.0,0,0.0,0,2,2,11.0,0,1.1,3.1,,,74.0,211.0,30.548055555555557,9.0,California,2013.0,2013.0,SD,76.0,-14.0,0.039215688
2022,11,00-0030279,K.Allen,WR,LAC,KC,0,0,0.0,0,0.0,0.0,0.0,0,0.0,0,8,5,94.0,0,7.4,12.4,,,74.0,211.0,30.548055555555557,9.0,California,2013.0,2013.0,SD,76.0,-3.0,0.27586207
2022,12,00-0030279,K.Allen,WR,LAC,ARI,0,0,0.0,0,0.0,0.0,0.0,0,0.0,0,7,5,49.0,1,10.9,15.9,,,74.0,211.0,30.548055555555557,9.0,California,2013.0,2013.0,SD,76.0,,0.14893617
2022,13,00-0030279,K.Allen,WR,LAC,LV,0,0,0.0,0,0.0,0.0,0.0,0,0.0,0,14,6,88.0,1,14.8,20.8,,,74.0,211.0,30.548055555555557,9.0,California,2013.0,2013.0,SD,76.0,,0.31111112
2022,14,00-0030279,K.Allen,WR,LAC,MIA,0,0,0.0,0,0.0,0.0,0.0,0,0.0,0,14,12,92.0,0,9.2,21.2,,,74.0,211.0,30.548055555555557,9.0,California,2013.0,2013.0,SD,76.0,6.0,0.29166666
2022,15,00-0030279,K.Allen,WR,LAC,TEN,0,0,0.0,0,0.0,0.0,0.0,0,0.0,0,9,8,86.0,0,8.6,16.6,,,74.0,211.0,30.548055555555557,9.0,California,2013.0,2013.0,SD,76.0,3.0,0.23684211
2022,16,00-0030279,K.Allen,WR,LAC,IND,0,0,0.0,0,0.0,0.0,0.0,0,0.0,0,14,11,104.0,0,10.4,21.4,,,74.0,211.0,30.548055555555557,9.0,California,2013.0,2013.0,SD,76.0,,0.46666667
2022,17,00-0030279,K.Allen,WR,LAC,LA,0,0,0.0,0,0.0,0.0,0.0,1,8.0,0,6,5,60.0,0,6.8,11.8,,,74.0,211.0,30.548055555555557,9.0,California,2013.0,2013.0,SD,76.0,21.0,0.19354838
2022,18,00-0030279,K.Allen,WR,LAC,DEN,0,0,0.0,0,0.0,0.0,0.0,0,0.0,0,11,8,102.0,2,22.2,30.2,,,74.0,211.0,30.548055555555557,9.0,California,2013.0,2013.0,SD,76.0,,0.25
2022,19,00-0030279,K.Allen,WR,LAC,JAX,0,0,0.0,0,0.0,0.0,0.0,0,0.0,0,13,6,61.0,0,6.1,12.1,,,74.0,211.0,30.548055555555557,9.0,California,2013.0,2013.0,SD,76.0,,0.30952382
2022,1,00-0030288,R.Burkhead,RB,HOU,IND,0,0,0.0,0,0.0,0.0,0.0,14,40.0,0,8,5,30.0,0,7.0,12.0,,,70.0,215.0,32.36058823529412,9.0,Nebraska,2013.0,2013.0,CIN,190.0,0.0,0.22222222
2022,2,00-0030288,R.Burkhead,RB,HOU,DEN,0,0,0.0,0,0.0,0.0,0.0,0,0.0,0,3,2,9.0,0,0.9,2.9,,,70.0,215.0,32.36058823529412,9.0,Nebraska,2013.0,2013.0,CIN,190.0,,0.08108108
2022,3,00-0030288,R.Burkhead,RB,HOU,CHI,0,0,0.0,0,0.0,0.0,0.0,3,9.0,0,5,4,21.0,0,3.0,7.0,,,70.0,215.0,32.36058823529412,9.0,Nebraska,2013.0,2013.0,CIN,190.0,,0.16129032
2022,4,00-0030288,R.Burkhead,RB,HOU,LAC,0,0,0.0,0,0.0,0.0,0.0,0,0.0,0,5,5,39.0,1,9.9,14.9,,,70.0,215.0,32.36058823529412,9.0,Nebraska,2013.0,2013.0,CIN,190.0,-10.0,0.14285715
2022,5,00-0030288,R.Burkhead,RB,HOU,JAX,0,0,0.0,0,0.0,0.0,0.0,3,15.0,0,3,2,13.0,0,2.8,4.8,,,70.0,215.0,32.36058823529412,9.0,Nebraska,2013.0,2013.0,CIN,190.0,,0.125
2022,7,00-0030288,R.Burkhead,RB,HOU,LV,0,0,0.0,0,0.0,0.0,0.0,2,8.0,0,6,5,11.0,0,1.9,6.9,,,70.0,215.0,32.36058823529412,9.0,Nebraska,2013.0,2013.0,CIN,190.0,,0.15
2022,8,00-0030288,R.Burkhead,RB,HOU,TEN,0,1,0.0,0,0.0,0.0,-0.0,0,0.0,0,1,1,2.0,0,0.2,1.2,,,70.0,215.0,32.36058823529412,9.0,Nebraska,2013.0,2013.0,CIN,190.0,-7.0,0.033333335
2022,9,00-0030288,R.Burkhead,RB,HOU,PHI,0,0,0.0,0,0.0,0.0,0.0,1,9.0,0,2,1,6.0,0,1.5,2.5,,,70.0,215.0,32.36058823529412,9.0,Nebraska,2013.0,2013.0,CIN,190.0,-12.0,0.0952381
2022,10,00-0030288,R.Burkhead,RB,HOU,NYG,0,0,0.0,0,0.0,0.0,0.0,1,2.0,0,2,2,28.0,0,3.0,5.0,,,70.0,215.0,32.36058823529412,9.0,Nebraska,2013.0,2013.0,CIN,190.0,,0.054054055
2022,12,00-0030288,R.Burkhead,RB,HOU,MIA,0,0,0.0,0,0.0,0.0,0.0,0,0.0,0,2,1,5.0,0,0.5,1.5,,,70.0,215.0,32.36058823529412,9.0,Nebraska,2013.0,2013.0,CIN,190.0,,0.05263158
2022,14,00-0030288,R.Burkhead,RB,HOU,DAL,0,0,0.0,0,0.0,0.0,0.0,2,-3.0,0,1,1,5.0,0,0.2,1.2,,,70.0,215.0,32.36058823529412,9.0,Nebraska,2013.0,2013.0,CIN,190.0,,0.041666668
2022,15,00-0030288,R.Burkhead,RB,HOU,KC,0,0,0.0,0,0.0,0.0,0.0,0,0.0,0,4,2,17.0,0,1.7,3.7,,,70.0,215.0,32.36058823529412,9.0,Nebraska,2013.0,2013.0,CIN,190.0,-6.0,0.14814815
2022,16,00-0030288,R.Burkhead,RB,HOU,TEN,0,0,0.0,0,0.0,0.0,0.0,0,0.0,0,2,2,7.0,0,0.7,2.7,,,70.0,215.0,32.36058823529412,9.0,Nebraska,2013.0,2013.0,CIN,190.0,,0.06896552
2022,17,00-0030288,R.Burkhead,RB,HOU,JAX,0,0,0.0,0,0.0,0.0,0.0,0,0.0,0,5,3,10.0,0,1.0,4.0,,,70.0,215.0,32.36058823529412,9.0,Nebraska,2013.0,2013.0,CIN,190.0,-28.0,0.11904762
2022,18,00-0030288,R.Burkhead,RB,HOU,IND,0,0,0.0,0,0.0,0.0,0.0,0,0.0,0,2,1,1.0,0,0.1,1.1,,,70.0,215.0,32.36058823529412,9.0,Nebraska,2013.0,2013.0,CIN,190.0,,0.05263158
2022,1,00-0030431,R.Woods,WR,TEN,NYG,0,0,0.0,0,0.0,0.0,0.0,0,0.0,0,2,1,13.0,0,1.3,2.3,,,72.0,193.0,30.586,9.0,Southern California,2013.0,2013.0,BUF,41.0,-1.0,0.06451613
2022,2,00-0030431,R.Woods,WR,TEN,BUF,0,0,0.0,0,0.0,0.0,0.0,0,0.0,0,5,4,39.0,0,3.9,7.9,,,72.0,193.0,30.586,9.0,Southern California,2013.0,2013.0,BUF,41.0,,0.2173913
2022,3,00-0030431,R.Woods,WR,TEN,LV,0,0,0.0,0,0.0,0.0,0.0,0,0.0,0,9,4,85.0,0,8.5,12.5,,,72.0,193.0,30.586,9.0,Southern California,2013.0,2013.0,BUF,41.0,2.0,0.34615386
2022,4,00-0030431,R.Woods,WR,TEN,IND,0,0,0.0,0,0.0,0.0,0.0,0,0.0,0,4,4,30.0,1,9.0,13.0,,,72.0,193.0,30.586,9.0,Southern California,2013.0,2013.0,BUF,41.0,,0.1904762
2022,5,00-0030431,R.Woods,WR,TEN,WAS,0,0,0.0,0,0.0,0.0,0.0,0,0.0,0,8,4,37.0,0,3.7,7.7,,,72.0,193.0,30.586,9.0,Southern California,2013.0,2013.0,BUF,41.0,,0.3478261
2022,7,00-0030431,R.Woods,WR,TEN,IND,0,0,0.0,0,0.0,0.0,0.0,0,0.0,0,4,3,26.0,0,2.6,5.6,,,72.0,193.0,30.586,9.0,Southern California,2013.0,2013.0,BUF,41.0,9.0,0.2
2022,8,00-0030431,R.Woods,WR,TEN,HOU,0,0,0.0,0,0.0,0.0,0.0,0,0.0,0,2,2,26.0,0,2.6,4.6,,,72.0,193.0,30.586,9.0,Southern California,2013.0,2013.0,BUF,41.0,,0.25
2022,9,00-0030431,R.Woods,WR,TEN,KC,0,0,0.0,0,0.0,0.0,0.0,0,0.0,0,2,0,0.0,0,0.0,0.0,,,72.0,193.0,30.586,9.0,Southern California,2013.0,2013.0,BUF,41.0,,0.15384616
2022,10,00-0030431,R.Woods,WR,TEN,DEN,0,0,0.0,0,0.0,0.0,0.0,0,0.0,0,7,2,10.0,0,1.0,3.0,,,72.0,193.0,30.586,9.0,Southern California,2013.0,2013.0,BUF,41.0,7.0,0.19444445
2022,11,00-0030431,R.Woods,WR,TEN,GB,0,0,0.0,0,0.0,0.0,0.0,0,0.0,0,7,6,69.0,0,6.9,12.9,,,72.0,193.0,30.586,9.0,Southern California,2013.0,2013.0,BUF,41.0,,0.25925925
2022,12,00-0030431,R.Woods,WR,TEN,CIN,0,0,0.0,0,0.0,0.0,0.0,0,0.0,0,6,2,16.0,0,1.6,3.6,,,72.0,193.0,30.586,9.0,Southern California,2013.0,2013.0,BUF,41.0,-4.0,0.1764706
2022,13,00-0030431,R.Woods,WR,TEN,PHI,0,0,0.0,0,0.0,0.0,0.0,0,0.0,0,5,1,6.0,0,0.6,1.6,,,72.0,193.0,30.586,9.0,Southern California,2013.0,2013.0,BUF,41.0,,0.2
2022,14,00-0030431,R.Woods,WR,TEN,JAX,0,0,0.0,0,0.0,0.0,0.0,0,0.0,0,7,5,49.0,0,4.9,9.9,,,72.0,193.0,30.586,9.0,Southern California,2013.0,2013.0,BUF,41.0,-14.0,0.18421052
2022,15,00-0030431,R.Woods,WR,TEN,LAC,0,0,0.0,0,0.0,0.0,0.0,0,0.0,0,4,2,12.0,0,1.2,3.2,,,72.0,193.0,30.586,9.0,Southern California,2013.0,2013.0,BUF,41.0,,0.15384616
2022,16,00-0030431,R.Woods,WR,TEN,HOU,0,0,0.0,0,0.0,0.0,0.0,0,0.0,0,5,4,30.0,0,3.0,7.0,,,72.0,193.0,30.586,9.0,Southern California,2013.0,2013.0,BUF,41.0,-5.0,0.25
2022,17,00-0030431,R.Woods,WR,TEN,DAL,0,0,0.0,0,0.0,0.0,0.0,0,0.0,0,9,5,39.0,1,9.9,14.9,,,72.0,193.0,30.586,9.0,Southern California,2013.0,2013.0,BUF,41.0,-14.0,0.23684211
2022,18,00-0030431,R.Woods,WR,TEN,JAX,0,0,0.0,0,0.0,0.0,0.0,0,0.0,0,5,4,40.0,0,4.0,8.0,,,72.0,193.0,30.586,9.0,Southern California,2013.0,2013.0,BUF,41.0,,0.18518518
2022,15,00-0030456,G.Bernard,RB,TB,CIN,0,0,0.0,0,0.0,0.0,0.0,1,0.0,0,0,0,0.0,0,0.0,0.0,,,69.0,205.0,30.974833333333336,9.0,North Carolina,2013.0,2013.0,CIN,37.0,-11.0,
2022,18,00-0030456,G.Bernard,RB,TB,ATL,0,0,0.0,0,0.0,0.0,0.0,7,28.0,0,2,2,-1.0,0,2.7,4.7,,,69.0,205.0,30.974833333333336,9.0,North Carolina,2013.0,2013.0,CIN,37.0,,0.060606062
2022,1,00-0030506,T.Kelce,TE,KC,ARI,0,0,0.0,0,0.0,0.0,0.0,0,0.0,0,9,8,121.0,1,18.1,26.1,,,77.0,260.0,33.131299999999996,9.0,Cincinnati,2013.0,2013.0,KC,63.0,,0.23076923
2022,2,00-0030506,T.Kelce,TE,KC,LAC,0,0,0.0,0,0.0,0.0,0.0,0,0.0,0,7,5,51.0,0,5.1,10.1,,,77.0,260.0,33.131299999999996,9.0,Cincinnati,2013.0,2013.0,KC,63.0,3.0,0.20588236
2022,3,00-0030506,T.Kelce,TE,KC,IND,0,0,0.0,0,0.0,0.0,0.0,1,1.0,0,8,4,58.0,1,13.9,17.9,,,77.0,260.0,33.131299999999996,9.0,Cincinnati,2013.0,2013.0,KC,63.0,,0.24242425
2022,4,00-0030506,T.Kelce,TE,KC,TB,0,0,0.0,0,0.0,0.0,0.0,0,0.0,0,10,9,92.0,1,15.2,24.2,,,77.0,260.0,33.131299999999996,9.0,Cincinnati,2013.0,2013.0,KC,63.0,,0.29411766
2022,5,00-0030506,T.Kelce,TE,KC,LV,0,0,0.0,0,0.0,0.0,0.0,0,0.0,0,8,7,25.0,4,26.5,33.5,,,77.0,260.0,33.131299999999996,9.0,Cincinnati,2013.0,2013.0,KC,63.0,1.0,0.1904762
2022,6,00-0030506,T.Kelce,TE,KC,BUF,0,0,0.0,0,0.0,0.0,0.0,1,4.0,0,10,8,108.0,0,11.2,19.2,,,77.0,260.0,33.131299999999996,9.0,Cincinnati,2013.0,2013.0,KC,63.0,-4.0,0.2857143
2022,7,00-0030506,T.Kelce,TE,KC,SF,0,0,0.0,0,0.0,0.0,0.0,0,0.0,0,8,6,98.0,0,9.8,15.8,,,77.0,260.0,33.131299999999996,9.0,Cincinnati,2013.0,2013.0,KC,63.0,,0.23529412
2022,9,00-0030506,T.Kelce,TE,KC,TEN,0,0,0.0,0,0.0,0.0,0.0,0,0.0,0,17,10,106.0,0,10.6,20.6,,,77.0,260.0,33.131299999999996,9.0,Cincinnati,2013.0,2013.0,KC,63.0,3.0,0.27419356
2022,10,00-0030506,T.Kelce,TE,KC,JAX,0,0,0.0,0,0.0,0.0,0.0,0,0.0,0,7,6,81.0,1,14.1,20.1,,,77.0,260.0,33.131299999999996,9.0,Cincinnati,2013.0,2013.0,KC,63.0,10.0,0.2
2022,11,00-0030506,T.Kelce,TE,KC,LAC,0,0,0.0,0,0.0,0.0,0.0,0,0.0,0,10,6,115.0,3,29.5,35.5,,,77.0,260.0,33.131299999999996,9.0,Cincinnati,2013.0,2013.0,KC,63.0,,0.32258064
2022,12,00-0030506,T.Kelce,TE,KC,LA,0,0,0.0,0,0.0,0.0,0.0,0,0.0,0,8,4,57.0,1,11.7,15.7,,,77.0,260.0,33.131299999999996,9.0,Cincinnati,2013.0,2013.0,KC,63.0,16.0,0.21621622
2022,13,00-0030506,T.Kelce,TE,KC,CIN,0,0,0.0,0,0.0,0.0,0.0,0,0.0,0,6,4,56.0,0,3.6,7.6,,,77.0,260.0,33.131299999999996,9.0,Cincinnati,2013.0,2013.0,KC,63.0,,0.26086956
2022,14,00-0030506,T.Kelce,TE,KC,DEN,0,0,0.0,0,0.0,0.0,0.0,0,0.0,0,9,4,71.0,0,7.1,11.1,,,77.0,260.0,33.131299999999996,9.0,Cincinnati,2013.0,2013.0,KC,63.0,,0.21428572
2022,15,00-0030506,T.Kelce,TE,KC,HOU,0,0,0.0,0,0.0,0.0,0.0,0,0.0,0,10,10,105.0,0,10.5,20.5,,,77.0,260.0,33.131299999999996,9.0,Cincinnati,2013.0,2013.0,KC,63.0,,0.24390244
2022,16,00-0030506,T.Kelce,TE,KC,SEA,0,0,0.0,0,0.0,0.0,0.0,0,0.0,0,8,6,113.0,0,11.3,17.3,,,77.0,260.0,33.131299999999996,9.0,Cincinnati,2013.0,2013.0,KC,63.0,14.0,0.2962963
2022,17,00-0030506,T.Kelce,TE,KC,DEN,0,0,0.0,0,0.0,0.0,0.0,0,0.0,0,10,7,43.0,0,4.3,11.3,,,77.0,260.0,33.131299999999996,9.0,Cincinnati,2013.0,2013.0,KC,63.0,3.0,0.24390244
2022,18,00-0030506,T.Kelce,TE,KC,LV,0,0,0.0,0,0.0,0.0,0.0,0,0.0,0,7,6,38.0,0,3.8,9.8,,,77.0,260.0,33.131299999999996,9.0,Cincinnati,2013.0,2013.0,KC,63.0,,0.29166666
2022,20,00-0030506,T.Kelce,TE,KC,JAX,0,0,0.0,0,0.0,0.0,0.0,0,0.0,0,17,14,98.0,2,21.8,35.8,,,77.0,260.0,33.131299999999996,9.0,Cincinnati,2013.0,2013.0,KC,63.0,7.0,0.4857143
2022,21,00-0030506,T.Kelce,TE,KC,CIN,0,0,0.0,0,0.0,0.0,0.0,0,0.0,0,8,7,78.0,1,13.8,20.8,,,77.0,260.0,33.131299999999996,9.0,Cincinnati,2013.0,2013.0,KC,63.0,3.0,0.19512194
2022,22,00-0030506,T.Kelce,TE,KC,PHI,0,0,0.0,0,0.0,0.0,0.0,0,0.0,0,6,6,81.0,1,14.1,20.1,,,77.0,260.0,33.131299999999996,9.0,Cincinnati,2013.0,2013.0,KC,63.0,,0.24
2022,4,00-0030513,L.Murray,RB,NO,MIN,0,0,0.0,0,0.0,0.0,0.0,11,57.0,1,1,1,8.0,0,12.5,13.5,,,75.0,230.0,32.8195,9.0,Central Florida,2013.0,2013.0,OAK,181.0,-3.0,0.035714287
2022,6,00-0030513,L.Murray,RB,DEN,LAC,0,0,0.0,0,0.0,0.0,0.0,15,66.0,0,1,1,-2.0,0,6.4,7.4,,,75.0,230.0,32.8195,9.0,Central Florida,2013.0,2013.0,OAK,181.0,,0.04
2022,7,00-0030513,L.Murray,RB,DEN,NYJ,0,0,0.0,0,0.0,0.0,0.0,8,24.0,1,3,2,-1.0,0,8.3,10.3,,,75.0,230.0,32.8195,9.0,Central Florida,2013.0,2013.0,OAK,181.0,-7.0,0.06666667
2022,8,00-0030513,L.Murray,RB,DEN,JAX,0,0,0.0,0,0.0,0.0,0.0,14,46.0,1,2,1,13.0,0,11.9,12.9,,,75.0,230.0,32.8195,9.0,Central Florida,2013.0,2013.0,OAK,181.0,,0.07692308
2022,10,00-0030513,L.Murray,RB,DEN,TEN,0,0,0.0,0,0.0,0.0,0.0,9,24.0,0,3,3,23.0,0,4.7,7.7,,,75.0,230.0,32.8195,9.0,Central Florida,2013.0,2013.0,OAK,181.0,,0.07692308
2022,11,00-0030513,L.Murray,RB,DEN,LV,0,0,0.0,0,0.0,0.0,0.0,17,49.0,1,4,4,23.0,0,13.2,17.2,,,75.0,230.0,32.8195,9.0,Central Florida,2013.0,2013.0,OAK,181.0,-6.0,0.14285715
2022,12,00-0030513,L.Murray,RB,DEN,CAR,0,0,0.0,0,0.0,0.0,0.0,13,92.0,0,1,1,6.0,0,9.8,10.8,,,75.0,230.0,32.8195,9.0,Central Florida,2013.0,2013.0,OAK,181.0,,0.03125
2022,13,00-0030513,L.Murray,RB,DEN,BAL,0,0,0.0,0,0.0,0.0,0.0,17,47.0,0,4,4,14.0,0,6.1,10.1,,,75.0,230.0,32.8195,9.0,Central Florida,2013.0,2013.0,OAK,181.0,,0.1904762
2022,14,00-0030513,L.Murray,RB,DEN,KC,0,0,0.0,0,0.0,0.0,0.0,8,32.0,0,5,3,-1.0,0,3.1,6.1,,,75.0,230.0,32.8195,9.0,Central Florida,2013.0,2013.0,OAK,181.0,-6.0,0.11627907
2022,15,00-0030513,L.Murray,RB,DEN,ARI,0,0,0.0,0,0.0,0.0,0.0,24,130.0,1,1,1,12.0,0,20.2,21.2,,,75.0,230.0,32.8195,9.0,Central Florida,2013.0,2013.0,OAK,181.0,9.0,0.03846154
2022,16,00-0030513,L.Murray,RB,DEN,LA,0,0,0.0,0,0.0,0.0,0.0,8,34.0,0,3,1,6.0,0,6.0,7.0,,,75.0,230.0,32.8195,9.0,Central Florida,2013.0,2013.0,OAK,181.0,,0.0882353
2022,17,00-0030513,L.Murray,RB,DEN,KC,0,0,0.0,0,0.0,0.0,0.0,12,56.0,0,6,4,16.0,0,7.2,11.2,,,75.0,230.0,32.8195,9.0,Central Florida,2013.0,2013.0,OAK,181.0,,0.16666667
2022,18,00-0030513,L.Murray,RB,DEN,LAC,0,0,0.0,0,0.0,0.0,0.0,15,103.0,1,1,1,15.0,0,17.8,18.8,,,75.0,230.0,32.8195,9.0,Central Florida,2013.0,2013.0,OAK,181.0,3.0,0.045454547
2022,7,00-0030564,D.Hopkins,WR,ARI,NO,0,0,0.0,0,0.0,0.0,0.0,0,0.0,0,14,10,103.0,0,10.3,20.3,,,73.0,212.0,30.423117647058824,9.0,Clemson,2013.0,2013.0,HOU,27.0,8.0,0.4827586
2022,8,00-0030564,D.Hopkins,WR,ARI,MIN,0,0,0.0,0,0.0,0.0,0.0,0,0.0,0,13,12,159.0,1,21.9,33.9,,,73.0,212.0,30.423117647058824,9.0,Clemson,2013.0,2013.0,HOU,27.0,,0.30232558
2022,9,00-0030564,D.Hopkins,WR,ARI,SEA,0,0,0.0,0,0.0,0.0,0.0,0,0.0,0,5,4,36.0,1,9.6,13.6,,,73.0,212.0,30.423117647058824,9.0,Clemson,2013.0,2013.0,HOU,27.0,-10.0,0.15151516
2022,10,00-0030564,D.Hopkins,WR,ARI,LA,0,0,0.0,0,0.0,0.0,0.0,0,0.0,0,14,10,98.0,0,9.8,19.8,,,73.0,212.0,30.423117647058824,9.0,Clemson,2013.0,2013.0,HOU,27.0,,0.4
2022,11,00-0030564,D.Hopkins,WR,ARI,SF,0,0,0.0,0,0.0,0.0,0.0,0,0.0,0,12,9,91.0,0,9.1,18.1,,,73.0,212.0,30.423117647058824,9.0,Clemson,2013.0,2013.0,HOU,27.0,-28.0,0.2857143
2022,12,00-0030564,D.Hopkins,WR,ARI,LAC,0,0,0.0,0,0.0,0.0,0.0,0,0.0,0,6,4,87.0,1,14.7,18.7,,,73.0,212.0,30.423117647058824,9.0,Clemson,2013.0,2013.0,HOU,27.0,-1.0,0.22222222
2022,14,00-0030564,D.Hopkins,WR,ARI,NE,0,0,0.0,0,0.0,0.0,0.0,0,0.0,0,11,7,79.0,0,5.9,12.9,,,73.0,212.0,30.423117647058824,9.0,Clemson,2013.0,2013.0,HOU,27.0,-14.0,0.2682927
2022,15,00-0030564,D.Hopkins,WR,ARI,DEN,0,0,0.0,0,0.0,0.0,0.0,0,0.0,0,11,7,60.0,0,6.0,13.0,,,73.0,212.0,30.423117647058824,9.0,Clemson,2013.0,2013.0,HOU,27.0,,0.31428573
2022,16,00-0030564,D.Hopkins,WR,ARI,TB,0,0,0.0,0,0.0,0.0,0.0,0,0.0,0,10,1,4.0,0,0.4,1.4,,,73.0,212.0,30.423117647058824,9.0,Clemson,2013.0,2013.0,HOU,27.0,-3.0,0.23809524
2022,1,00-0030565,G.Smith,QB,SEA,DEN,23,28,195.0,2,0.0,2.0,18.0,6,14.0,0,0,0,0.0,0,17.2,17.2,,,75.0,221.0,32.091388888888886,9.0,West Virginia,2013.0,2013.0,NYJ,39.0,1.0,
2022,2,00-0030565,G.Smith,QB,SEA,SF,24,30,197.0,0,1.0,2.0,17.0,2,2.0,0,0,0,0.0,0,6.08,6.08,,,75.0,221.0,32.091388888888886,9.0,West Virginia,2013.0,2013.0,NYJ,39.0,,
2022,3,00-0030565,G.Smith,QB,SEA,ATL,32,44,325.0,2,1.0,2.0,17.0,2,-1.0,0,0,0,0.0,0,18.9,18.9,,,75.0,221.0,32.091388888888886,9.0,West Virginia,2013.0,2013.0,NYJ,39.0,-4.0,
2022,4,00-0030565,G.Smith,QB,SEA,DET,23,30,320.0,2,0.0,0.0,-0.0,7,49.0,1,0,0,0.0,0,31.7,31.7,,,75.0,221.0,32.091388888888886,9.0,West Virginia,2013.0,2013.0,NYJ,39.0,,
2022,5,00-0030565,G.Smith,QB,SEA,NO,16,25,268.0,3,0.0,3.0,23.0,3,13.0,0,0,0,0.0,0,24.02,24.02,,,75.0,221.0,32.091388888888886,9.0,West Virginia,2013.0,2013.0,NYJ,39.0,,
2022,6,00-0030565,G.Smith,QB,SEA,ARI,20,31,197.0,0,0.0,5.0,37.0,6,48.0,0,0,0,0.0,0,12.68,12.68,,,75.0,221.0,32.091388888888886,9.0,West Virginia,2013.0,2013.0,NYJ,39.0,10.0,
2022,7,00-0030565,G.Smith,QB,SEA,LAC,20,27,210.0,2,1.0,2.0,19.0,4,7.0,0,0,0,0.0,0,13.1,13.1,,,75.0,221.0,32.091388888888886,9.0,West Virginia,2013.0,2013.0,NYJ,39.0,,
2022,8,00-0030565,G.Smith,QB,SEA,NYG,23,34,212.0,2,0.0,3.0,22.0,5,26.0,0,0,0,0.0,0,19.08,19.08,,,75.0,221.0,32.091388888888886,9.0,West Virginia,2013.0,2013.0,NYJ,39.0,14.0,
2022,9,00-0030565,G.Smith,QB,SEA,ARI,26,34,275.0,2,1.0,2.0,12.0,6,38.0,0,0,0,0.0,0,20.8,20.8,,,75.0,221.0,32.091388888888886,9.0,West Virginia,2013.0,2013.0,NYJ,39.0,,
2022,10,00-0030565,G.Smith,QB,SEA,TB,23,33,275.0,2,0.0,3.0,31.0,4,22.0,0,0,0,0.0,0,19.2,19.2,,,75.0,221.0,32.091388888888886,9.0,West Virginia,2013.0,2013.0,NYJ,39.0,,
2022,12,00-0030565,G.Smith,QB,SEA,LV,27,37,328.0,2,1.0,3.0,21.0,5,22.0,0,0,0,0.0,0,19.32,19.32,,,75.0,221.0,32.091388888888886,9.0,West Virginia,2013.0,2013.0,NYJ,39.0,-6.0,
2022,13,00-0030565,G.Smith,QB,SEA,LA,28,39,367.0,3,1.0,4.0,19.0,2,3.0,0,0,0,0.0,0,22.98,22.98,,,75.0,221.0,32.091388888888886,9.0,West Virginia,2013.0,2013.0,NYJ,39.0,,
2022,14,00-0030565,G.Smith,QB,SEA,CAR,21,36,264.0,3,2.0,3.0,23.0,3,20.0,0,0,0,0.0,0,20.56,20.56,,,75.0,221.0,32.091388888888886,9.0,West Virginia,2013.0,2013.0,NYJ,39.0,-6.0,
2022,15,00-0030565,G.Smith,QB,SEA,SF,31,44,238.0,1,0.0,3.0,31.0,1,18.0,0,0,0,0.0,0,15.32,15.32,,,75.0,221.0,32.091388888888886,9.0,West Virginia,2013.0,2013.0,NYJ,39.0,-8.0,
2022,16,00-0030565,G.Smith,QB,SEA,KC,25,40,215.0,1,1.0,2.0,15.0,3,16.0,0,0,0,0.0,0,12.2,12.2,,,75.0,221.0,32.091388888888886,9.0,West Virginia,2013.0,2013.0,NYJ,39.0,,
2022,17,00-0030565,G.Smith,QB,SEA,NYJ,18,29,183.0,2,0.0,4.0,35.0,5,18.0,0,0,0,0.0,0,17.12,17.12,,,75.0,221.0,32.091388888888886,9.0,West Virginia,2013.0,2013.0,NYJ,39.0,17.0,
2022,18,00-0030565,G.Smith,QB,SEA,LA,19,31,213.0,1,2.0,3.0,8.0,4,51.0,0,0,0,0.0,0,13.62,13.62,,,75.0,221.0,32.091388888888886,9.0,West Virginia,2013.0,2013.0,NYJ,39.0,3.0,
2022,19,00-0030565,G.Smith,QB,SEA,SF,25,35,253.0,2,1.0,3.0,25.0,4,28.0,0,0,0,0.0,0,16.92,16.92,,,75.0,221.0,32.091388888888886,9.0,West Virginia,2013.0,2013.0,NYJ,39.0,,
2022,1,00-0030578,C.Patterson,RB,ATL,NO,0,0,0.0,0,0.0,0.0,0.0,22,120.0,1,5,3,16.0,0,19.6,22.6,,,74.0,238.0,31.64523529411765,9.0,Tennessee,2013.0,2013.0,MIN,29.0,-1.0,0.15625
2022,2,00-0030578,C.Patterson,RB,ATL,LA,0,0,0.0,0,0.0,0.0,0.0,10,41.0,0,1,0,0.0,0,4.1,4.1,,,74.0,238.0,31.64523529411765,9.0,Tennessee,2013.0,2013.0,MIN,29.0,,0.04
2022,3,00-0030578,C.Patterson,RB,ATL,SEA,0,0,0.0,0,0.0,0.0,0.0,17,141.0,1,1,1,12.0,0,21.3,22.3,,,74.0,238.0,31.64523529411765,9.0,Tennessee,2013.0,2013.0,MIN,29.0,,0.05263158
2022,4,00-0030578,C.Patterson,RB,ATL,CLE,0,0,0.0,0,0.0,0.0,0.0,9,38.0,1,0,0,0.0,0,9.8,9.8,,,74.0,238.0,31.64523529411765,9.0,Tennessee,2013.0,2013.0,MIN,29.0,3.0,
2022,9,00-0030578,C.Patterson,RB,ATL,LAC,0,0,0.0,0,0.0,0.0,0.0,13,44.0,2,1,1,9.0,0,17.3,18.3,,,74.0,238.0,31.64523529411765,9.0,Tennessee,2013.0,2013.0,MIN,29.0,-3.0,0.04347826
2022,10,00-0030578,C.Patterson,RB,ATL,CAR,0,0,0.0,0,0.0,0.0,0.0,5,18.0,0,1,1,2.0,0,2.0,3.0,,,74.0,238.0,31.64523529411765,9.0,Tennessee,2013.0,2013.0,MIN,29.0,,0.03448276
2022,11,00-0030578,C.Patterson,RB,ATL,CHI,0,0,0.0,0,0.0,0.0,0.0,10,52.0,0,2,2,7.0,0,9.9,11.9,,,74.0,238.0,31.64523529411765,9.0,Tennessee,2013.0,2013.0,MIN,29.0,3.0,0.11111111
2022,12,00-0030578,C.Patterson,RB,ATL,WAS,0,0,0.0,0,0.0,0.0,0.0,11,52.0,0,5,3,19.0,0,7.1,10.1,,,74.0,238.0,31.64523529411765,9.0,Tennessee,2013.0,2013.0,MIN,29.0,,0.20833333
2022,13,00-0030578,C.Patterson,RB,ATL,PIT,0,0,0.0,0,0.0,0.0,0.0,11,60.0,0,0,0,0.0,0,6.0,6.0,,,74.0,238.0,31.64523529411765,9.0,Tennessee,2013.0,2013.0,MIN,29.0,-3.0,
2022,15,00-0030578,C.Patterson,RB,ATL,NO,0,0,0.0,0,0.0,0.0,0.0,14,52.0,1,3,1,0.0,0,11.2,12.2,,,74.0,238.0,31.64523529411765,9.0,Tennessee,2013.0,2013.0,MIN,29.0,,0.115384616
2022,16,00-0030578,C.Patterson,RB,ATL,BAL,0,0,0.0,0,0.0,0.0,0.0,8,17.0,0,1,1,14.0,0,3.1,4.1,,,74.0,238.0,31.64523529411765,9.0,Tennessee,2013.0,2013.0,MIN,29.0,,0.032258064
2022,17,00-0030578,C.Patterson,RB,ATL,ARI,0,0,0.0,0,0.0,0.0,0.0,9,42.0,1,8,6,42.0,0,14.4,20.4,,,74.0,238.0,31.64523529411765,9.0,Tennessee,2013.0,2013.0,MIN,29.0,1.0,0.32
2022,18,00-0030578,C.Patterson,RB,ATL,TB,0,0,0.0,0,0.0,0.0,0.0,5,18.0,1,3,2,1.0,0,7.9,9.9,,,74.0,238.0,31.64523529411765,9.0,Tennessee,2013.0,2013.0,MIN,29.0,13.0,0.10714286
2022,1,00-0030874,D.Williams,RB,ATL,NO,0,0,0.0,0,0.0,0.0,0.0,2,2.0,0,0,0,0.0,0,0.2,0.2,,,71.0,224.0,30.564785714285712,8.0,Oklahoma,2014.0,2014.0,,,-1.0,
2022,4,00-0030968,K.Smith,FB,ATL,CLE,0,0,0.0,0,0.0,0.0,0.0,0,0.0,0,1,0,0.0,0,0.0,0.0,,,72.0,240.0,30.582941176470587,8.0,San Jose State,2014.0,2014.0,,,3.0,0.055555556
2022,6,00-0030968,K.Smith,FB,ATL,SF,0,0,0.0,0,0.0,0.0,0.0,1,2.0,0,1,1,8.0,0,1.0,2.0,,,72.0,240.0,30.582941176470587,8.0,San Jose State,2014.0,2014.0,,,14.0,0.071428575
2022,14,00-0031051,J.Brown,WR,BUF,NYJ,0,0,0.0,0,0.0,0.0,0.0,0,0.0,0,1,0,0.0,0,0.0,0.0,,,70.0,179.0,32.73471428571428,8.0,Pittsburg State,2014.0,2014.0,ARI,91.0,8.0,0.037037037
2022,18,00-0031051,J.Brown,WR,BUF,NE,0,0,0.0,0,0.0,0.0,0.0,0,0.0,0,1,1,42.0,1,10.2,11.2,,,70.0,179.0,32.73471428571428,8.0,Pittsburg State,2014.0,2014.0,ARI,91.0,12.0,0.032258064
2022,19,00-0031051,J.Brown,WR,BUF,MIA,0,0,0.0,0,0.0,0.0,0.0,0,0.0,0,1,0,0.0,0,0.0,0.0,,,70.0,179.0,32.73471428571428,8.0,Pittsburg State,2014.0,2014.0,ARI,91.0,3.0,0.027027028
2022,1,00-0031236,B.Cooks,WR,HOU,IND,0,0,0.0,0,0.0,0.0,0.0,0,0.0,0,12,7,82.0,0,8.2,15.2,,,70.0,183.0,29.127176470588235,8.0,Oregon State,2014.0,2014.0,NO,20.0,0.0,0.33333334
2022,2,00-0031236,B.Cooks,WR,HOU,DEN,0,0,0.0,0,0.0,0.0,0.0,0,0.0,0,10,4,54.0,0,5.4,9.4,,,70.0,183.0,29.127176470588235,8.0,Oregon State,2014.0,2014.0,NO,20.0,,0.27027026
2022,3,00-0031236,B.Cooks,WR,HOU,CHI,0,0,0.0,0,0.0,0.0,0.0,0,0.0,0,7,2,22.0,0,2.2,4.2,,,70.0,183.0,29.127176470588235,8.0,Oregon State,2014.0,2014.0,NO,20.0,,0.22580644
2022,4,00-0031236,B.Cooks,WR,HOU,LAC,0,0,0.0,0,0.0,0.0,0.0,0,0.0,0,7,7,57.0,1,11.7,18.7,,,70.0,183.0,29.127176470588235,8.0,Oregon State,2014.0,2014.0,NO,20.0,-10.0,0.2
2022,5,00-0031236,B.Cooks,WR,HOU,JAX,0,0,0.0,0,0.0,0.0,0.0,0,0.0,0,6,4,20.0,0,2.0,6.0,,,70.0,183.0,29.127176470588235,8.0,Oregon State,2014.0,2014.0,NO,20.0,,0.25
2022,7,00-0031236,B.Cooks,WR,HOU,LV,0,0,0.0,0,0.0,0.0,0.0,0,0.0,0,5,4,46.0,0,4.6,8.6,,,70.0,183.0,29.127176470588235,8.0,Oregon State,2014.0,2014.0,NO,20.0,,0.125
2022,8,00-0031236,B.Cooks,WR,HOU,TEN,0,0,0.0,0,0.0,0.0,0.0,0,0.0,0,6,4,73.0,0,7.3,11.3,,,70.0,183.0,29.127176470588235,8.0,Oregon State,2014.0,2014.0,NO,20.0,-7.0,0.2
2022,10,00-0031236,B.Cooks,WR,HOU,NYG,0,0,0.0,0,0.0,0.0,0.0,1,5.0,0,7,4,37.0,0,4.2,8.2,,,70.0,183.0,29.127176470588235,8.0,Oregon State,2014.0,2014.0,NO,20.0,,0.1891892
2022,11,00-0031236,B.Cooks,WR,HOU,WAS,0,0,0.0,0,0.0,0.0,0.0,0,0.0,0,6,3,70.0,0,7.0,10.0,,,70.0,183.0,29.127176470588235,8.0,Oregon State,2014.0,2014.0,NO,20.0,-13.0,0.1875
2022,12,00-0031236,B.Cooks,WR,HOU,MIA,0,0,0.0,0,0.0,0.0,0.0,1,2.0,0,5,5,59.0,0,6.1,11.1,,,70.0,183.0,29.127176470588235,8.0,Oregon State,2014.0,2014.0,NO,20.0,,0.13157895
2022,16,00-0031236,B.Cooks,WR,HOU,TEN,0,0,0.0,0,0.0,0.0,0.0,0,0.0,0,9,4,34.0,1,9.4,13.4,,,70.0,183.0,29.127176470588235,8.0,Oregon State,2014.0,2014.0,NO,20.0,,0.31034482
2022,17,00-0031236,B.Cooks,WR,HOU,JAX,0,0,0.0,0,0.0,0.0,0.0,0,0.0,0,7,4,39.0,0,3.9,7.9,,,70.0,183.0,29.127176470588235,8.0,Oregon State,2014.0,2014.0,NO,20.0,-28.0,0.16666667
2022,18,00-0031236,B.Cooks,WR,HOU,IND,0,0,0.0,0,0.0,0.0,0.0,0,0.0,0,6,5,106.0,1,16.6,21.6,,,70.0,183.0,29.127176470588235,8.0,Oregon State,2014.0,2014.0,NO,20.0,,0.15789473
2022,3,00-0031237,T.Bridgewater,QB,MIA,BUF,0,2,0.0,0,0.0,1.0,8.0,0,0.0,0,0,0,0.0,0,0.0,0.0,,,74.0,215.0,30.005222222222226,8.0,Louisville,2014.0,2014.0,MIN,32.0,2.0,
2022,4,00-0031237,T.Bridgewater,QB,MIA,CIN,14,23,193.0,1,1.0,0.0,-0.0,1,11.0,0,0,0,0.0,0,10.82,10.82,,,74.0,215.0,30.005222222222226,8.0,Louisville,2014.0,2014.0,MIN,32.0,,
2022,5,00-0031237,T.Bridgewater,QB,MIA,NYJ,0,1,0.0,0,0.0,0.0,-0.0,0,0.0,0,0,0,0.0,0,0.0,0.0,,,74.0,215.0,30.005222222222226,8.0,Louisville,2014.0,2014.0,MIN,32.0,,
2022,6,00-0031237,T.Bridgewater,QB,MIA,MIN,23,34,329.0,2,2.0,5.0,25.0,1,10.0,0,0,0,0.0,0,18.16,18.16,,,74.0,215.0,30.005222222222226,8.0,Louisville,2014.0,2014.0,MIN,32.0,-8.0,
2022,17,00-0031237,T.Bridgewater,QB,MIA,NE,12,19,161.0,1,1.0,1.0,12.0,1,6.0,0,0,0,0.0,0,9.04,9.04,,,74.0,215.0,30.005222222222226,8.0,Louisville,2014.0,2014.0,MIN,32.0,,
2022,1,00-0031260,L.Thomas,TE,WAS,JAX,0,0,0.0,0,0.0,0.0,0.0,0,0.0,0,6,3,45.0,0,4.5,7.5,,,78.0,250.0,31.355117647058826,8.0,Virginia Tech,2014.0,2014.0,ARI,120.0,6.0,0.14634146
2022,2,00-0031260,L.Thomas,TE,WAS,DET,0,0,0.0,0,0.0,0.0,0.0,0,0.0,0,5,3,37.0,1,9.7,12.7,,,78.0,250.0,31.355117647058826,8.0,Virginia Tech,2014.0,2014.0,ARI,120.0,,0.11363637
2022,3,00-0031260,L.Thomas,TE,WAS,PHI,0,0,0.0,0,0.0,0.0,0.0,0,0.0,0,3,2,5.0,0,0.5,2.5,,,78.0,250.0,31.355117647058826,8.0,Virginia Tech,2014.0,2014.0,ARI,120.0,-16.0,0.071428575
2022,4,00-0031260,L.Thomas,TE,WAS,DAL,0,0,0.0,0,0.0,0.0,0.0,0,0.0,0,6,5,19.0,0,1.9,6.9,,,78.0,250.0,31.355117647058826,8.0,Virginia Tech,2014.0,2014.0,ARI,120.0,,0.15
2022,9,00-0031260,L.Thomas,TE,WAS,MIN,0,0,0.0,0,0.0,0.0,0.0,0,0.0,0,3,0,0.0,0,0.0,0.0,,,78.0,250.0,31.355117647058826,8.0,Virginia Tech,2014.0,2014.0,ARI,120.0,-3.0,0.115384616
2022,10,00-0031260,L.Thomas,TE,WAS,PHI,0,0,0.0,0,0.0,0.0,0.0,0,0.0,0,4,2,12.0,0,1.2,3.2,,,78.0,250.0,31.355117647058826,8.0,Virginia Tech,2014.0,2014.0,ARI,120.0,,0.16
2022,11,00-0031260,L.Thomas,TE,WAS,HOU,0,0,0.0,0,0.0,0.0,0.0,0,0.0,0,6,5,65.0,0,6.5,11.5,,,78.0,250.0,31.355117647058826,8.0,Virginia Tech,2014.0,2014.0,ARI,120.0,,0.26086956
2022,12,00-0031260,L.Thomas,TE,WAS,ATL,0,0,0.0,0,0.0,0.0,0.0,0,0.0,0,3,1,7.0,0,0.7,1.7,,,78.0,250.0,31.355117647058826,8.0,Virginia Tech,2014.0,2014.0,ARI,120.0,6.0,0.13636364
2022,13,00-0031260,L.Thomas,TE,WAS,NYG,0,0,0.0,0,0.0,0.0,0.0,0,0.0,0,4,3,20.0,0,2.0,5.0,,,78.0,250.0,31.355117647058826,8.0,Virginia Tech,2014.0,2014.0,ARI,120.0,,0.1
2022,15,00-0031260,L.Thomas,TE,WAS,NYG,0,0,0.0,0,0.0,0.0,0.0,0,0.0,0,3,1,6.0,0,0.6,1.6,,,78.0,250.0,31.355117647058826,8.0,Virginia Tech,2014.0,2014.0,ARI,120.0,-8.0,0.11111111
2022,16,00-0031260,L.Thomas,TE,WAS,SF,0,0,0.0,0,0.0,0.0,0.0,0,0.0,0,8,6,35.0,0,3.5,9.5,,,78.0,250.0,31.355117647058826,8.0,Virginia Tech,2014.0,2014.0,ARI,120.0,,0.23529412
2022,17,00-0031260,L.Thomas,TE,WAS,CLE,0,0,0.0,0,0.0,0.0,0.0,0,0.0,0,7,6,56.0,0,5.6,11.6,,,78.0,250.0,31.355117647058826,8.0,Virginia Tech,2014.0,2014.0,ARI,120.0,-14.0,0.25
2022,18,00-0031260,L.Thomas,TE,WAS,DAL,0,0,0.0,0,0.0,0.0,0.0,0,0.0,0,3,2,16.0,0,1.6,3.6,,,78.0,250.0,31.355117647058826,8.0,Virginia Tech,2014.0,2014.0,ARI,120.0,20.0,0.16666667
2022,1,00-0031273,C.Brate,TE,TB,DAL,0,0,0.0,0,0.0,0.0,0.0,0,0.0,0,3,1,7.0,0,0.7,1.7,,,77.0,245.0,31.363555555555553,8.0,Harvard,2014.0,2014.0,,,,0.11111111
2022,2,00-0031273,C.Brate,TE,TB,NO,0,0,0.0,0,0.0,0.0,0.0,0,0.0,0,2,1,9.0,0,0.9,1.9,,,77.0,245.0,31.363555555555553,8.0,Harvard,2014.0,2014.0,,,,0.060606062
2022,3,00-0031273,C.Brate,TE,TB,GB,0,0,0.0,0,0.0,0.0,0.0,0,0.0,0,6,5,52.0,0,5.2,10.2,,,77.0,245.0,31.363555555555553,8.0,Harvard,2014.0,2014.0,,,-2.0,0.15
2022,4,00-0031273,C.Brate,TE,TB,KC,0,0,0.0,0,0.0,0.0,0.0,0,0.0,0,8,4,32.0,0,3.2,7.2,,,77.0,245.0,31.363555555555553,8.0,Harvard,2014.0,2014.0,,,-10.0,0.15384616
2022,6,00-0031273,C.Brate,TE,TB,PIT,0,0,0.0,0,0.0,0.0,0.0,0,0.0,0,3,2,14.0,0,1.4,3.4,,,77.0,245.0,31.363555555555553,8.0,Harvard,2014.0,2014.0,,,,0.08108108
2022,10,00-0031273,C.Brate,TE,TB,SEA,0,0,0.0,0,0.0,0.0,0.0,0,0.0,0,2,1,8.0,0,0.8,1.8,,,77.0,245.0,31.363555555555553,8.0,Harvard,2014.0,2014.0,,,5.0,0.06896552
2022,12,00-0031273,C.Brate,TE,TB,CLE,0,0,0.0,0,0.0,0.0,0.0,0,0.0,0,5,2,15.0,0,1.5,3.5,,,77.0,245.0,31.363555555555553,8.0,Harvard,2014.0,2014.0,,,,0.11904762
2022,14,00-0031273,C.Brate,TE,TB,SF,0,0,0.0,0,0.0,0.0,0.0,0,0.0,0,4,2,12.0,0,1.2,3.2,,,77.0,245.0,31.363555555555553,8.0,Harvard,2014.0,2014.0,,,,0.078431375
2022,15,00-0031273,C.Brate,TE,TB,CIN,0,0,0.0,0,0.0,0.0,0.0,0,0.0,0,5,2,25.0,0,2.5,4.5,,,77.0,245.0,31.363555555555553,8.0,Harvard,2014.0,2014.0,,,-11.0,0.11904762
2022,19,00-0031273,C.Brate,TE,TB,DAL,0,0,0.0,0,0.0,0.0,0.0,0,0.0,0,3,1,8.0,1,6.8,7.8,,,77.0,245.0,31.363555555555553,8.0,Harvard,2014.0,2014.0,,,-17.0,0.04918033
2022,1,00-0031280,D.Carr,QB,LV,LAC,22,37,295.0,2,3.0,5.0,29.0,0,0.0,0,0,0,0.0,0,13.8,13.8,,,75.0,210.0,31.624117647058824,8.0,Fresno State,2014.0,2014.0,OAK,36.0,,
2022,2,00-0031280,D.Carr,QB,LV,ARI,25,39,252.0,2,0.0,1.0,8.0,1,9.0,0,0,0,0.0,0,18.98,18.98,,,75.0,210.0,31.624117647058824,8.0,Fresno State,2014.0,2014.0,OAK,36.0,-6.0,
2022,3,00-0031280,D.Carr,QB,LV,TEN,26,44,303.0,2,1.0,1.0,7.0,2,17.0,0,0,0,0.0,0,19.82,19.82,,,75.0,210.0,31.624117647058824,8.0,Fresno State,2014.0,2014.0,OAK,36.0,,
2022,4,00-0031280,D.Carr,QB,LV,DEN,21,34,188.0,0,0.0,2.0,15.0,7,40.0,0,0,0,0.0,0,11.52,11.52,,,75.0,210.0,31.624117647058824,8.0,Fresno State,2014.0,2014.0,OAK,36.0,9.0,
2022,5,00-0031280,D.Carr,QB,LV,KC,19,30,241.0,2,0.0,2.0,18.0,1,3.0,0,0,0,0.0,0,17.94,17.94,,,75.0,210.0,31.624117647058824,8.0,Fresno State,2014.0,2014.0,OAK,36.0,,
2022,7,00-0031280,D.Carr,QB,LV,HOU,21,27,241.0,1,0.0,1.0,5.0,3,-1.0,0,0,0,0.0,0,13.54,13.54,,,75.0,210.0,31.624117647058824,8.0,Fresno State,2014.0,2014.0,OAK,36.0,18.0,
2022,8,00-0031280,D.Carr,QB,LV,NO,15,26,101.0,0,1.0,3.0,20.0,1,-1.0,0,0,0,0.0,0,1.94,1.94,,,75.0,210.0,31.624117647058824,8.0,Fresno State,2014.0,2014.0,OAK,36.0,,
2022,9,00-0031280,D.Carr,QB,LV,JAX,21,36,259.0,2,0.0,2.0,11.0,0,0.0,0,0,0,0.0,0,18.36,18.36,,,75.0,210.0,31.624117647058824,8.0,Fresno State,2014.0,2014.0,OAK,36.0,,
2022,10,00-0031280,D.Carr,QB,LV,IND,24,38,248.0,2,0.0,2.0,16.0,0,0.0,0,0,0,0.0,0,17.92,17.92,,,75.0,210.0,31.624117647058824,8.0,Fresno State,2014.0,2014.0,OAK,36.0,-5.0,
2022,11,00-0031280,D.Carr,QB,LV,DEN,23,37,307.0,2,0.0,1.0,9.0,0,0.0,0,0,0,0.0,0,20.28,20.28,,,75.0,210.0,31.624117647058824,8.0,Fresno State,2014.0,2014.0,OAK,36.0,,
2022,12,00-0031280,D.Carr,QB,LV,SEA,25,36,295.0,3,2.0,1.0,2.0,2,10.0,0,0,0,0.0,0,20.8,20.8,,,75.0,210.0,31.624117647058824,8.0,Fresno State,2014.0,2014.0,OAK,36.0,,
2022,13,00-0031280,D.Carr,QB,LV,LAC,16,30,250.0,2,1.0,0.0,-0.0,0,0.0,0,0,0,0.0,0,16.0,16.0,,,75.0,210.0,31.624117647058824,8.0,Fresno State,2014.0,2014.0,OAK,36.0,7.0,
2022,14,00-0031280,D.Carr,QB,LV,LA,11,20,137.0,0,2.0,0.0,-0.0,4,11.0,0,0,0,0.0,0,2.58,2.58,,,75.0,210.0,31.624117647058824,8.0,Fresno State,2014.0,2014.0,OAK,36.0,,
2022,15,00-0031280,D.Carr,QB,LV,NE,20,38,231.0,3,1.0,3.0,20.0,0,0.0,0,0,0,0.0,0,19.24,19.24,,,75.0,210.0,31.624117647058824,8.0,Fresno State,2014.0,2014.0,OAK,36.0,6.0,
2022,16,00-0031280,D.Carr,QB,LV,PIT,16,30,174.0,1,3.0,3.0,31.0,3,14.0,0,0,0,0.0,0,6.36,6.36,,,75.0,210.0,31.624117647058824,8.0,Fresno State,2014.0,2014.0,OAK,36.0,,
2022,1,00-0031325,S.Watkins,WR,GB,MIN,0,0,0.0,0,0.0,0.0,0.0,0,0.0,0,3,3,18.0,0,1.8,4.8,,,73.0,211.0,29.410722222222223,8.0,Clemson,2014.0,2014.0,BUF,4.0,,0.08571429
2022,2,00-0031325,S.Watkins,WR,GB,CHI,0,0,0.0,0,0.0,0.0,0.0,0,0.0,0,4,3,93.0,0,9.3,12.3,,,73.0,211.0,29.410722222222223,8.0,Clemson,2014.0,2014.0,BUF,4.0,17.0,0.16
2022,7,00-0031325,S.Watkins,WR,GB,WAS,0,0,0.0,0,0.0,0.0,0.0,0,0.0,0,4,2,36.0,0,3.6,5.6,,,73.0,211.0,29.410722222222223,8.0,Clemson,2014.0,2014.0,BUF,4.0,,0.121212125
2022,8,00-0031325,S.Watkins,WR,GB,BUF,0,0,0.0,0,0.0,0.0,0.0,0,0.0,0,1,1,3.0,0,0.3,1.3,,,73.0,211.0,29.410722222222223,8.0,Clemson,2014.0,2014.0,BUF,4.0,,0.03448276
2022,9,00-0031325,S.Watkins,WR,GB,DET,0,0,0.0,0,0.0,0.0,0.0,0,0.0,0,5,1,9.0,0,0.9,1.9,,,73.0,211.0,29.410722222222223,8.0,Clemson,2014.0,2014.0,BUF,4.0,,0.125
2022,10,00-0031325,S.Watkins,WR,GB,DAL,0,0,0.0,0,0.0,0.0,0.0,0,0.0,0,3,3,47.0,0,4.7,7.7,,,73.0,211.0,29.410722222222223,8.0,Clemson,2014.0,2014.0,BUF,4.0,3.0,0.15789473
2022,11,00-0031325,S.Watkins,WR,GB,TEN,0,0,0.0,0,0.0,0.0,0.0,0,0.0,0,2,0,0.0,0,0.0,0.0,,,73.0,211.0,29.410722222222223,8.0,Clemson,2014.0,2014.0,BUF,4.0,-10.0,0.054054055
2022,16,00-0031325,S.Watkins,WR,BAL,ATL,0,0,0.0,0,0.0,0.0,0.0,0,0.0,0,1,1,40.0,0,4.0,5.0,,,73.0,211.0,29.410722222222223,8.0,Clemson,2014.0,2014.0,BUF,4.0,8.0,0.0625
2022,18,00-0031325,S.Watkins,WR,BAL,CIN,0,0,0.0,0,0.0,0.0,0.0,0,0.0,0,4,2,79.0,0,5.9,7.9,,,73.0,211.0,29.410722222222223,8.0,Clemson,2014.0,2014.0,BUF,4.0,,0.0952381
2022,19,00-0031325,S.Watkins,WR,BAL,CIN,0,0,0.0,0,0.0,0.0,0.0,0,0.0,0,3,1,12.0,0,1.2,2.2,,,73.0,211.0,29.410722222222223,8.0,Clemson,2014.0,2014.0,BUF,4.0,,0.10714286
2022,2,00-0031345,J.Garoppolo,QB,SF,SEA,13,21,154.0,1,0.0,1.0,-0.0,4,5.0,1,0,0,0.0,0,16.66,16.66,,,74.0,225.0,31.0514,8.0,Eastern Illinois,2014.0,2014.0,NE,62.0,20.0,
2022,3,00-0031345,J.Garoppolo,QB,SF,DEN,18,29,211.0,1,1.0,4.0,32.0,1,0.0,0,0,0,0.0,0,8.44,8.44,,,74.0,225.0,31.0514,8.0,Eastern Illinois,2014.0,2014.0,NE,62.0,,
2022,4,00-0031345,J.Garoppolo,QB,SF,LA,16,27,239.0,1,0.0,0.0,-0.0,1,3.0,0,0,0,0.0,0,13.86,13.86,,,74.0,225.0,31.0514,8.0,Eastern Illinois,2014.0,2014.0,NE,62.0,15.0,
2022,5,00-0031345,J.Garoppolo,QB,SF,CAR,18,30,253.0,2,0.0,2.0,9.0,1,-1.0,0,0,0,0.0,0,18.02,18.02,,,74.0,225.0,31.0514,8.0,Eastern Illinois,2014.0,2014.0,NE,62.0,,
2022,6,00-0031345,J.Garoppolo,QB,SF,ATL,29,41,296.0,2,2.0,0.0,-0.0,3,11.0,0,0,0,0.0,0,16.94,16.94,,,74.0,225.0,31.0514,8.0,Eastern Illinois,2014.0,2014.0,NE,62.0,,
2022,7,00-0031345,J.Garoppolo,QB,SF,KC,25,37,303.0,2,1.0,5.0,26.0,2,2.0,0,0,0,0.0,0,16.32,16.32,,,74.0,225.0,31.0514,8.0,Eastern Illinois,2014.0,2014.0,NE,62.0,-21.0,
2022,8,00-0031345,J.Garoppolo,QB,SF,LA,21,25,235.0,2,0.0,3.0,12.0,1,3.0,0,0,0,0.0,0,17.7,17.7,,,74.0,225.0,31.0514,8.0,Eastern Illinois,2014.0,2014.0,NE,62.0,,
2022,10,00-0031345,J.Garoppolo,QB,SF,LAC,19,28,240.0,0,0.0,1.0,10.0,5,3.0,1,0,0,0.0,0,15.9,15.9,,,74.0,225.0,31.0514,8.0,Eastern Illinois,2014.0,2014.0,NE,62.0,6.0,
2022,11,00-0031345,J.Garoppolo,QB,SF,ARI,20,29,228.0,4,0.0,0.0,-0.0,1,3.0,0,0,0,0.0,0,25.42,25.42,,,74.0,225.0,31.0514,8.0,Eastern Illinois,2014.0,2014.0,NE,62.0,,
2022,12,00-0031345,J.Garoppolo,QB,SF,NO,26,37,222.0,1,0.0,1.0,1.0,4,4.0,0,0,0,0.0,0,13.28,13.28,,,74.0,225.0,31.0514,8.0,Eastern Illinois,2014.0,2014.0,NE,62.0,13.0,
2022,13,00-0031345,J.Garoppolo,QB,SF,MIA,2,4,56.0,0,0.0,1.0,10.0,0,0.0,0,0,0,0.0,0,2.24,2.24,,,74.0,225.0,31.0514,8.0,Eastern Illinois,2014.0,2014.0,NE,62.0,16.0,
2022,1,00-0031376,J.McKinnon,RB,KC,ARI,0,0,0.0,0,0.0,0.0,0.0,4,22.0,0,4,3,27.0,0,4.9,7.9,,,69.0,205.0,30.555,8.0,Georgia Southern,2014.0,2014.0,MIN,96.0,,0.102564104
2022,2,00-0031376,J.McKinnon,RB,KC,LAC,0,0,0.0,0,0.0,0.0,0.0,4,12.0,0,2,2,4.0,1,7.6,9.6,,,69.0,205.0,30.555,8.0,Georgia Southern,2014.0,2014.0,MIN,96.0,3.0,0.05882353
2022,3,00-0031376,J.McKinnon,RB,KC,IND,0,0,0.0,0,0.0,0.0,0.0,7,20.0,0,1,0,0.0,0,2.0,2.0,,,69.0,205.0,30.555,8.0,Georgia Southern,2014.0,2014.0,MIN,96.0,,0.030303031
2022,4,00-0031376,J.McKinnon,RB,KC,TB,0,0,0.0,0,0.0,0.0,0.0,2,-1.0,0,1,1,1.0,0,0.0,1.0,,,69.0,205.0,30.555,8.0,Georgia Southern,2014.0,2014.0,MIN,96.0,,0.029411765
2022,5,00-0031376,J.McKinnon,RB,KC,LV,0,0,0.0,0,0.0,0.0,0.0,8,53.0,0,3,2,19.0,0,7.2,9.2,,,69.0,205.0,30.555,8.0,Georgia Southern,2014.0,2014.0,MIN,96.0,1.0,0.071428575
2022,6,00-0031376,J.McKinnon,RB,KC,BUF,0,0,0.0,0,0.0,0.0,0.0,2,1.0,0,3,3,29.0,0,3.0,6.0,,,69.0,205.0,30.555,8.0,Georgia Southern,2014.0,2014.0,MIN,96.0,-4.0,0.08571429
2022,7,00-0031376,J.McKinnon,RB,KC,SF,0,0,0.0,0,0.0,0.0,0.0,2,12.0,0,3,2,36.0,0,4.8,6.8,,,69.0,205.0,30.555,8.0,Georgia Southern,2014.0,2014.0,MIN,96.0,,0.0882353
2022,9,00-0031376,J.McKinnon,RB,KC,TEN,0,0,0.0,0,0.0,0.0,0.0,3,4.0,0,8,6,40.0,0,4.4,10.4,,,69.0,205.0,30.555,8.0,Georgia Southern,2014.0,2014.0,MIN,96.0,3.0,0.12903225
2022,10,00-0031376,J.McKinnon,RB,KC,JAX,0,0,0.0,0,0.0,0.0,0.0,1,2.0,0,8,6,56.0,0,5.8,11.8,,,69.0,205.0,30.555,8.0,Georgia Southern,2014.0,2014.0,MIN,96.0,10.0,0.22857143
2022,11,00-0031376,J.McKinnon,RB,KC,LAC,0,0,0.0,0,0.0,0.0,0.0,6,24.0,0,1,1,0.0,0,0.4,1.4,,,69.0,205.0,30.555,8.0,Georgia Southern,2014.0,2014.0,MIN,96.0,,0.032258064
2022,12,00-0031376,J.McKinnon,RB,KC,LA,0,0,0.0,0,0.0,0.0,0.0,0,0.0,0,6,3,26.0,0,2.6,5.6,,,69.0,205.0,30.555,8.0,Georgia Southern,2014.0,2014.0,MIN,96.0,16.0,0.16216215
2022,13,00-0031376,J.McKinnon,RB,KC,CIN,0,0,0.0,0,0.0,0.0,0.0,8,51.0,0,2,2,9.0,1,12.0,14.0,,,69.0,205.0,30.555,8.0,Georgia Southern,2014.0,2014.0,MIN,96.0,,0.08695652
2022,14,00-0031376,J.McKinnon,RB,KC,DEN,0,0,0.0,0,0.0,0.0,0.0,6,22.0,0,9,7,112.0,2,25.4,32.4,,,69.0,205.0,30.555,8.0,Georgia Southern,2014.0,2014.0,MIN,96.0,,0.21428572
2022,15,00-0031376,J.McKinnon,RB,KC,HOU,0,0,0.0,0,0.0,0.0,0.0,10,52.0,1,8,8,70.0,1,26.2,34.2,,,69.0,205.0,30.555,8.0,Georgia Southern,2014.0,2014.0,MIN,96.0,,0.19512194
2022,16,00-0031376,J.McKinnon,RB,KC,SEA,0,0,0.0,0,0.0,0.0,0.0,5,7.0,0,3,3,31.0,1,9.8,12.8,,,69.0,205.0,30.555,8.0,Georgia Southern,2014.0,2014.0,MIN,96.0,14.0,0.11111111
2022,17,00-0031376,J.McKinnon,RB,KC,DEN,0,0,0.0,0,0.0,0.0,0.0,2,4.0,0,6,5,52.0,2,17.6,22.6,,,69.0,205.0,30.555,8.0,Georgia Southern,2014.0,2014.0,MIN,96.0,3.0,0.14634146
2022,18,00-0031376,J.McKinnon,RB,KC,LV,0,0,0.0,0,0.0,0.0,0.0,2,6.0,0,3,2,0.0,1,6.6,8.6,,,69.0,205.0,30.555,8.0,Georgia Southern,2014.0,2014.0,MIN,96.0,,0.125
2022,20,00-0031376,J.McKinnon,RB,KC,JAX,0,0,0.0,0,0.0,0.0,0.0,11,25.0,0,0,0,0.0,0,2.5,2.5,,,69.0,205.0,30.555,8.0,Georgia Southern,2014.0,2014.0,MIN,96.0,7.0,
2022,21,00-0031376,J.McKinnon,RB,KC,CIN,0,0,0.0,0,0.0,0.0,0.0,4,1.0,0,4,2,17.0,0,1.8,3.8,,,69.0,205.0,30.555,8.0,Georgia Southern,2014.0,2014.0,MIN,96.0,3.0,0.09756097
2022,22,00-0031376,J.McKinnon,RB,KC,PHI,0,0,0.0,0,0.0,0.0,0.0,4,34.0,0,3,3,15.0,0,4.9,7.9,,,69.0,205.0,30.555,8.0,Georgia Southern,2014.0,2014.0,MIN,96.0,,0.12
2022,1,00-0031381,D.Adams,WR,LV,LAC,0,0,0.0,0,0.0,1.0,10.0,0,0.0,0,17,10,141.0,1,20.1,30.1,,,73.0,215.0,29.880117647058825,8.0,Fresno State,2014.0,2014.0,GB,53.0,,0.4857143
2022,2,00-0031381,D.Adams,WR,LV,ARI,0,0,0.0,0,0.0,0.0,0.0,0,0.0,0,7,2,12.0,1,7.2,9.2,,,73.0,215.0,29.880117647058825,8.0,Fresno State,2014.0,2014.0,GB,53.0,-6.0,0.17948718
2022,3,00-0031381,D.Adams,WR,LV,TEN,0,0,0.0,0,0.0,0.0,0.0,1,-4.0,0,10,5,36.0,1,9.2,14.2,,,73.0,215.0,29.880117647058825,8.0,Fresno State,2014.0,2014.0,GB,53.0,,0.24390244
2022,4,00-0031381,D.Adams,WR,LV,DEN,0,0,0.0,0,0.0,0.0,0.0,1,4.0,0,13,9,101.0,0,10.5,19.5,,,73.0,215.0,29.880117647058825,8.0,Fresno State,2014.0,2014.0,GB,53.0,9.0,0.43333334
2022,5,00-0031381,D.Adams,WR,LV,KC,0,0,0.0,0,0.0,0.0,0.0,0,0.0,0,7,3,124.0,2,24.4,27.4,,,73.0,215.0,29.880117647058825,8.0,Fresno State,2014.0,2014.0,GB,53.0,,0.25925925
2022,7,00-0031381,D.Adams,WR,LV,HOU,0,0,0.0,0,0.0,0.0,0.0,0,0.0,0,9,8,95.0,0,9.5,17.5,,,73.0,215.0,29.880117647058825,8.0,Fresno State,2014.0,2014.0,GB,53.0,18.0,0.34615386
2022,8,00-0031381,D.Adams,WR,LV,NO,0,0,0.0,0,0.0,0.0,0.0,1,-1.0,0,5,1,3.0,0,0.2,1.2,,,73.0,215.0,29.880117647058825,8.0,Fresno State,2014.0,2014.0,GB,53.0,,0.12820514
2022,9,00-0031381,D.Adams,WR,LV,JAX,0,0,0.0,0,0.0,0.0,0.0,0,0.0,0,17,10,146.0,2,26.6,36.6,,,73.0,215.0,29.880117647058825,8.0,Fresno State,2014.0,2014.0,GB,53.0,,0.4722222
2022,10,00-0031381,D.Adams,WR,LV,IND,0,0,0.0,0,0.0,0.0,0.0,0,0.0,0,14,9,126.0,1,18.6,27.6,,,73.0,215.0,29.880117647058825,8.0,Fresno State,2014.0,2014.0,GB,53.0,-5.0,0.36842105
2022,11,00-0031381,D.Adams,WR,LV,DEN,0,0,0.0,0,0.0,0.0,0.0,0,0.0,0,13,7,141.0,2,26.1,33.1,,,73.0,215.0,29.880117647058825,8.0,Fresno State,2014.0,2014.0,GB,53.0,,0.35135135
2022,12,00-0031381,D.Adams,WR,LV,SEA,0,0,0.0,0,0.0,0.0,0.0,0,0.0,0,11,7,74.0,0,7.4,14.4,,,73.0,215.0,29.880117647058825,8.0,Fresno State,2014.0,2014.0,GB,53.0,,0.30555555
2022,13,00-0031381,D.Adams,WR,LV,LAC,0,0,0.0,0,0.0,0.0,0.0,0,0.0,0,12,8,177.0,2,29.7,37.7,,,73.0,215.0,29.880117647058825,8.0,Fresno State,2014.0,2014.0,GB,53.0,7.0,0.44444445
2022,14,00-0031381,D.Adams,WR,LV,LA,0,0,0.0,0,0.0,0.0,0.0,0,0.0,0,7,3,71.0,0,7.1,10.1,,,73.0,215.0,29.880117647058825,8.0,Fresno State,2014.0,2014.0,GB,53.0,,0.36842105
2022,15,00-0031381,D.Adams,WR,LV,NE,0,0,0.0,0,0.0,0.0,0.0,0,0.0,0,9,4,28.0,0,2.8,6.8,,,73.0,215.0,29.880117647058825,8.0,Fresno State,2014.0,2014.0,GB,53.0,6.0,0.28125
2022,16,00-0031381,D.Adams,WR,LV,PIT,0,0,0.0,0,0.0,0.0,0.0,0,0.0,0,9,2,15.0,0,1.5,3.5,,,73.0,215.0,29.880117647058825,8.0,Fresno State,2014.0,2014.0,GB,53.0,,0.3
2022,17,00-0031381,D.Adams,WR,LV,SF,0,0,0.0,0,0.0,0.0,0.0,0,0.0,0,11,7,153.0,2,27.3,34.3,,,73.0,215.0,29.880117647058825,8.0,Fresno State,2014.0,2014.0,GB,53.0,-3.0,0.34375
2022,18,00-0031381,D.Adams,WR,LV,KC,0,0,0.0,0,0.0,0.0,0.0,0,0.0,0,9,5,73.0,0,7.3,12.3,,,73.0,215.0,29.880117647058825,8.0,Fresno State,2014.0,2014.0,GB,53.0,-18.0,0.2647059
2022,1,00-0031382,J.Landry,WR,NO,ATL,0,0,0.0,0,0.0,0.0,0.0,0,0.0,0,9,7,114.0,0,11.4,18.4,,,71.0,196.0,29.94264705882353,8.0,Louisiana State,2014.0,2014.0,MIA,63.0,,0.28125
2022,2,00-0031382,J.Landry,WR,NO,TB,0,0,0.0,0,0.0,0.0,0.0,0,0.0,0,5,4,25.0,0,2.5,6.5,,,71.0,196.0,29.94264705882353,8.0,Louisiana State,2014.0,2014.0,MIA,63.0,-10.0,0.125
2022,3,00-0031382,J.Landry,WR,NO,CAR,0,0,0.0,0,0.0,0.0,0.0,0,0.0,0,5,2,22.0,0,2.2,4.2,,,71.0,196.0,29.94264705882353,8.0,Louisiana State,2014.0,2014.0,MIA,63.0,,0.12820514
2022,4,00-0031382,J.Landry,WR,NO,MIN,0,0,0.0,0,0.0,0.0,0.0,0,0.0,0,2,2,7.0,0,2.7,4.7,,,71.0,196.0,29.94264705882353,8.0,Louisiana State,2014.0,2014.0,MIA,63.0,-3.0,0.071428575
2022,10,00-0031382,J.Landry,WR,NO,PIT,0,0,0.0,0,0.0,0.0,0.0,0,0.0,0,6,3,37.0,0,3.7,6.7,,,71.0,196.0,29.94264705882353,8.0,Louisiana State,2014.0,2014.0,MIA,63.0,,0.21428572
2022,11,00-0031382,J.Landry,WR,NO,LA,0,0,0.0,0,0.0,0.0,0.0,0,0.0,0,4,3,33.0,1,9.3,12.3,,,71.0,196.0,29.94264705882353,8.0,Louisiana State,2014.0,2014.0,MIA,63.0,7.0,0.14814815
2022,12,00-0031382,J.Landry,WR,NO,SF,0,0,0.0,0,0.0,0.0,0.0,0,0.0,0,4,2,20.0,0,2.0,4.0,,,71.0,196.0,29.94264705882353,8.0,Louisiana State,2014.0,2014.0,MIA,63.0,,0.13333334
2022,13,00-0031382,J.Landry,WR,NO,TB,0,0,0.0,0,0.0,0.0,0.0,0,0.0,0,3,2,14.0,0,1.4,3.4,,,71.0,196.0,29.94264705882353,8.0,Louisiana State,2014.0,2014.0,MIA,63.0,,0.10714286
2022,15,00-0031382,J.Landry,WR,NO,ATL,0,0,0.0,0,0.0,0.0,0.0,0,0.0,0,1,0,0.0,0,0.0,0.0,,,71.0,196.0,29.94264705882353,8.0,Louisiana State,2014.0,2014.0,MIA,63.0,3.0,0.05263158
2022,1,00-0031384,R.Rodgers,TE,LAC,LV,0,0,0.0,0,0.0,0.0,0.0,0,0.0,0,1,0,0.0,0,0.0,0.0,,,76.0,257.0,30.810944444444445,8.0,California,2014.0,2014.0,GB,98.0,5.0,0.029411765
2022,9,00-0031384,R.Rodgers,TE,LAC,ATL,0,0,0.0,0,0.0,0.0,0.0,0,0.0,0,2,0,0.0,0,0.0,0.0,,,76.0,257.0,30.810944444444445,8.0,California,2014.0,2014.0,GB,98.0,,0.046511628
2022,10,00-0031384,R.Rodgers,TE,LAC,SF,0,0,0.0,0,0.0,0.0,0.0,0,0.0,0,1,1,4.0,0,0.4,1.4,,,76.0,257.0,30.810944444444445,8.0,California,2014.0,2014.0,GB,98.0,,0.028571429
2022,1,00-0031408,M.Evans,WR,TB,DAL,0,0,0.0,0,0.0,0.0,0.0,0,0.0,0,7,5,71.0,1,13.1,18.1,,,77.0,231.0,29.22811111111111,8.0,Texas A&amp;M,2014.0,2014.0,TB,7.0,,0.25925925
2022,2,00-0031408,M.Evans,WR,TB,NO,0,0,0.0,0,0.0,0.0,0.0,0,0.0,0,4,3,61.0,0,6.1,9.1,,,77.0,231.0,29.22811111111111,8.0,Texas A&amp;M,2014.0,2014.0,TB,7.0,,0.121212125
2022,4,00-0031408,M.Evans,WR,TB,KC,0,0,0.0,0,0.0,0.0,0.0,0,0.0,0,10,8,103.0,2,22.3,30.3,,,77.0,231.0,29.22811111111111,8.0,Texas A&amp;M,2014.0,2014.0,TB,7.0,-10.0,0.1923077
2022,5,00-0031408,M.Evans,WR,TB,ATL,0,0,0.0,0,0.0,0.0,0.0,0,0.0,0,8,4,81.0,0,8.1,12.1,,,77.0,231.0,29.22811111111111,8.0,Texas A&amp;M,2014.0,2014.0,TB,7.0,6.0,0.16
2022,6,00-0031408,M.Evans,WR,TB,PIT,0,0,0.0,0,0.0,0.0,0.0,0,0.0,0,4,4,42.0,0,4.2,8.2,,,77.0,231.0,29.22811111111111,8.0,Texas A&amp;M,2014.0,2014.0,TB,7.0,,0.10810811
2022,7,00-0031408,M.Evans,WR,TB,CAR,0,0,0.0,0,0.0,0.0,0.0,0,0.0,0,15,9,96.0,0,9.6,18.6,,,77.0,231.0,29.22811111111111,8.0,Texas A&amp;M,2014.0,2014.0,TB,7.0,,0.3125
2022,8,00-0031408,M.Evans,WR,TB,BAL,0,0,0.0,0,0.0,0.0,0.0,0,0.0,0,11,6,123.0,0,12.3,18.3,,,77.0,231.0,29.22811111111111,8.0,Texas A&amp;M,2014.0,2014.0,TB,7.0,-5.0,0.26190478
2022,9,00-0031408,M.Evans,WR,TB,LA,0,0,0.0,0,0.0,0.0,0.0,0,0.0,0,11,5,40.0,0,4.0,9.0,,,77.0,231.0,29.22811111111111,8.0,Texas A&amp;M,2014.0,2014.0,TB,7.0,3.0,0.2
2022,10,00-0031408,M.Evans,WR,TB,SEA,0,0,0.0,0,0.0,0.0,0.0,0,0.0,0,6,5,54.0,0,5.4,10.4,,,77.0,231.0,29.22811111111111,8.0,Texas A&amp;M,2014.0,2014.0,TB,7.0,5.0,0.20689656
2022,12,00-0031408,M.Evans,WR,TB,CLE,0,0,0.0,0,0.0,0.0,0.0,0,0.0,0,9,2,31.0,0,3.1,5.1,,,77.0,231.0,29.22811111111111,8.0,Texas A&amp;M,2014.0,2014.0,TB,7.0,,0.21428572
2022,13,00-0031408,M.Evans,WR,TB,NO,0,0,0.0,0,0.0,0.0,0.0,0,0.0,0,4,4,59.0,0,5.9,9.9,,,77.0,231.0,29.22811111111111,8.0,Texas A&amp;M,2014.0,2014.0,TB,7.0,1.0,0.0754717
2022,14,00-0031408,M.Evans,WR,TB,SF,0,0,0.0,0,0.0,0.0,0.0,0,0.0,0,9,4,44.0,0,4.4,8.4,,,77.0,231.0,29.22811111111111,8.0,Texas A&amp;M,2014.0,2014.0,TB,7.0,,0.1764706
2022,15,00-0031408,M.Evans,WR,TB,CIN,0,0,0.0,0,0.0,0.0,0.0,0,0.0,0,9,5,83.0,0,8.3,13.3,,,77.0,231.0,29.22811111111111,8.0,Texas A&amp;M,2014.0,2014.0,TB,7.0,-11.0,0.21428572
2022,16,00-0031408,M.Evans,WR,TB,ARI,0,0,0.0,0,0.0,0.0,0.0,0,0.0,0,8,3,29.0,0,2.9,5.9,,,77.0,231.0,29.22811111111111,8.0,Texas A&amp;M,2014.0,2014.0,TB,7.0,,0.16666667
2022,17,00-0031408,M.Evans,WR,TB,CAR,0,0,0.0,0,0.0,0.0,0.0,0,0.0,0,12,10,207.0,3,38.7,48.7,,,77.0,231.0,29.22811111111111,8.0,Texas A&amp;M,2014.0,2014.0,TB,7.0,6.0,0.2857143
2022,19,00-0031408,M.Evans,WR,TB,DAL,0,0,0.0,0,0.0,0.0,0.0,0,0.0,0,11,6,74.0,0,9.4,15.4,,,77.0,231.0,29.22811111111111,8.0,Texas A&amp;M,2014.0,2014.0,TB,7.0,-17.0,0.18032786
2022,1,00-0031428,A.Robinson,WR,LA,BUF,0,0,0.0,0,0.0,0.0,0.0,0,0.0,0,2,1,12.0,0,1.2,2.2,,,74.0,220.0,29.21364705882353,8.0,Penn State,2014.0,2014.0,JAX,61.0,-21.0,0.048780486
2022,2,00-0031428,A.Robinson,WR,LA,ATL,0,0,0.0,0,0.0,0.0,0.0,0,0.0,0,5,4,53.0,1,11.3,15.3,,,74.0,220.0,29.21364705882353,8.0,Penn State,2014.0,2014.0,JAX,61.0,4.0,0.14285715
2022,3,00-0031428,A.Robinson,WR,LA,ARI,0,0,0.0,0,0.0,0.0,0.0,0,0.0,0,5,2,23.0,0,2.3,4.3,,,74.0,220.0,29.21364705882353,8.0,Penn State,2014.0,2014.0,JAX,61.0,,0.2
2022,4,00-0031428,A.Robinson,WR,LA,SF,0,0,0.0,0,0.0,0.0,0.0,0,0.0,0,6,2,7.0,0,0.7,2.7,,,74.0,220.0,29.21364705882353,8.0,Penn State,2014.0,2014.0,JAX,61.0,,0.125
2022,5,00-0031428,A.Robinson,WR,LA,DAL,0,0,0.0,0,0.0,0.0,0.0,0,0.0,0,5,3,12.0,0,1.2,4.2,,,74.0,220.0,29.21364705882353,8.0,Penn State,2014.0,2014.0,JAX,61.0,-12.0,0.11904762
2022,6,00-0031428,A.Robinson,WR,LA,CAR,0,0,0.0,0,0.0,0.0,0.0,0,0.0,0,6,5,63.0,1,12.3,17.3,,,74.0,220.0,29.21364705882353,8.0,Penn State,2014.0,2014.0,JAX,61.0,14.0,0.19354838
2022,8,00-0031428,A.Robinson,WR,LA,SF,0,0,0.0,0,0.0,0.0,0.0,0,0.0,0,7,5,54.0,0,5.4,10.4,,,74.0,220.0,29.21364705882353,8.0,Penn State,2014.0,2014.0,JAX,61.0,-17.0,0.21875
2022,9,00-0031428,A.Robinson,WR,LA,TB,0,0,0.0,0,0.0,0.0,0.0,0,0.0,0,5,3,24.0,0,2.4,5.4,,,74.0,220.0,29.21364705882353,8.0,Penn State,2014.0,2014.0,JAX,61.0,,0.1923077
2022,10,00-0031428,A.Robinson,WR,LA,ARI,0,0,0.0,0,0.0,0.0,0.0,0,0.0,0,6,4,44.0,0,4.4,8.4,,,74.0,220.0,29.21364705882353,8.0,Penn State,2014.0,2014.0,JAX,61.0,-10.0,0.16216215
2022,11,00-0031428,A.Robinson,WR,LA,NO,0,0,0.0,0,0.0,0.0,0.0,0,0.0,0,5,4,47.0,1,10.7,14.7,,,74.0,220.0,29.21364705882353,8.0,Penn State,2014.0,2014.0,JAX,61.0,,0.18518518
2022,4,00-0031484,C.Manhertz,TE,JAX,PHI,0,0,0.0,0,0.0,0.0,0.0,0,0.0,0,1,1,0.0,0,0.0,1.0,,,78.0,255.0,30.600947368421053,7.0,Canisius,2015.0,2015.0,,,,0.04347826
2022,5,00-0031484,C.Manhertz,TE,JAX,HOU,0,0,0.0,0,0.0,0.0,0.0,0,0.0,0,2,2,15.0,0,1.5,3.5,,,78.0,255.0,30.600947368421053,7.0,Canisius,2015.0,2015.0,,,-7.0,0.045454547
2022,8,00-0031484,C.Manhertz,TE,JAX,DEN,0,0,0.0,0,0.0,0.0,0.0,0,0.0,0,1,1,-1.0,0,-0.1,0.9,,,78.0,255.0,30.600947368421053,7.0,Canisius,2015.0,2015.0,,,-4.0,0.035714287
2022,9,00-0031484,C.Manhertz,TE,JAX,LV,0,0,0.0,0,0.0,0.0,0.0,0,0.0,0,2,1,7.0,0,0.7,1.7,,,78.0,255.0,30.600947368421053,7.0,Canisius,2015.0,2015.0,,,7.0,0.06896552
2022,13,00-0031484,C.Manhertz,TE,JAX,DET,0,0,0.0,0,0.0,0.0,0.0,0,0.0,0,1,0,0.0,0,0.0,0.0,,,78.0,255.0,30.600947368421053,7.0,Canisius,2015.0,2015.0,,,,0.030303031
2022,14,00-0031484,C.Manhertz,TE,JAX,TEN,0,0,0.0,0,0.0,0.0,0.0,0,0.0,0,1,1,21.0,0,2.1,3.1,,,78.0,255.0,30.600947368421053,7.0,Canisius,2015.0,2015.0,,,,0.023809524
2022,1,00-0031503,J.Winston,QB,NO,ATL,23,34,269.0,2,0.0,4.0,35.0,2,9.0,0,0,0,0.0,0,21.66,21.66,,,76.0,231.0,28.836529411764705,7.0,Florida State,2015.0,2015.0,TB,1.0,,
2022,2,00-0031503,J.Winston,QB,NO,TB,25,40,236.0,1,3.0,6.0,28.0,1,2.0,0,0,0,0.0,0,7.64,7.64,,,76.0,231.0,28.836529411764705,7.0,Florida State,2015.0,2015.0,TB,1.0,-10.0,
2022,3,00-0031503,J.Winston,QB,NO,CAR,25,41,353.0,1,2.0,1.0,11.0,2,5.0,0,0,0,0.0,0,14.62,14.62,,,76.0,231.0,28.836529411764705,7.0,Florida State,2015.0,2015.0,TB,1.0,,
2022,1,00-0031544,A.Cooper,WR,CLE,CAR,0,0,0.0,0,0.0,0.0,0.0,0,0.0,0,6,3,17.0,0,1.7,4.7,,,73.0,211.0,28.398176470588236,7.0,Alabama,2015.0,2015.0,OAK,4.0,,0.2
2022,2,00-0031544,A.Cooper,WR,CLE,NYJ,0,0,0.0,0,0.0,0.0,0.0,0,0.0,0,10,9,101.0,1,16.1,25.1,,,73.0,211.0,28.398176470588236,7.0,Alabama,2015.0,2015.0,OAK,4.0,-1.0,0.37037036
2022,3,00-0031544,A.Cooper,WR,CLE,PIT,0,0,0.0,0,0.0,0.0,0.0,0,0.0,0,11,7,101.0,1,16.1,23.1,,,73.0,211.0,28.398176470588236,7.0,Alabama,2015.0,2015.0,OAK,4.0,12.0,0.3548387
2022,4,00-0031544,A.Cooper,WR,CLE,ATL,0,0,0.0,0,0.0,0.0,0.0,0,0.0,0,4,1,9.0,0,0.9,1.9,,,73.0,211.0,28.398176470588236,7.0,Alabama,2015.0,2015.0,OAK,4.0,,0.114285715
2022,5,00-0031544,A.Cooper,WR,CLE,LAC,0,0,0.0,0,0.0,0.0,0.0,0,0.0,0,12,7,76.0,1,13.6,20.6,,,73.0,211.0,28.398176470588236,7.0,Alabama,2015.0,2015.0,OAK,4.0,-2.0,0.375
2022,6,00-0031544,A.Cooper,WR,CLE,NE,0,0,0.0,0,0.0,0.0,0.0,0,0.0,0,12,4,44.0,1,10.4,14.4,,,73.0,211.0,28.398176470588236,7.0,Alabama,2015.0,2015.0,OAK,4.0,-23.0,0.2857143
2022,7,00-0031544,A.Cooper,WR,CLE,BAL,0,0,0.0,0,0.0,0.0,0.0,0,0.0,0,4,3,74.0,0,7.4,10.4,,,73.0,211.0,28.398176470588236,7.0,Alabama,2015.0,2015.0,OAK,4.0,,0.16
2022,8,00-0031544,A.Cooper,WR,CLE,CIN,0,1,0.0,0,1.0,0.0,-0.0,0,0.0,0,7,5,131.0,1,17.1,22.1,,,73.0,211.0,28.398176470588236,7.0,Alabama,2015.0,2015.0,OAK,4.0,19.0,0.35
2022,10,00-0031544,A.Cooper,WR,CLE,MIA,0,0,0.0,0,0.0,0.0,0.0,0,0.0,0,3,3,32.0,0,3.2,6.2,,,73.0,211.0,28.398176470588236,7.0,Alabama,2015.0,2015.0,OAK,4.0,,0.0882353
2022,11,00-0031544,A.Cooper,WR,CLE,BUF,0,0,0.0,0,0.0,0.0,0.0,0,0.0,0,12,8,113.0,2,23.3,31.3,,,73.0,211.0,28.398176470588236,7.0,Alabama,2015.0,2015.0,OAK,4.0,,0.30769232
2022,12,00-0031544,A.Cooper,WR,CLE,TB,0,0,0.0,0,0.0,0.0,0.0,0,0.0,0,12,7,94.0,0,9.4,16.4,,,73.0,211.0,28.398176470588236,7.0,Alabama,2015.0,2015.0,OAK,4.0,6.0,0.33333334
2022,13,00-0031544,A.Cooper,WR,CLE,HOU,0,0,0.0,0,0.0,0.0,0.0,0,0.0,0,9,4,40.0,0,4.0,8.0,,,73.0,211.0,28.398176470588236,7.0,Alabama,2015.0,2015.0,OAK,4.0,,0.42857143
2022,14,00-0031544,A.Cooper,WR,CLE,CIN,0,0,0.0,0,0.0,0.0,0.0,0,0.0,0,7,2,42.0,0,4.2,6.2,,,73.0,211.0,28.398176470588236,7.0,Alabama,2015.0,2015.0,OAK,4.0,,0.17948718
2022,15,00-0031544,A.Cooper,WR,CLE,BAL,0,0,0.0,0,0.0,0.0,0.0,0,0.0,0,6,4,58.0,0,5.8,9.8,,,73.0,211.0,28.398176470588236,7.0,Alabama,2015.0,2015.0,OAK,4.0,10.0,0.23076923
2022,16,00-0031544,A.Cooper,WR,CLE,NO,0,0,0.0,0,0.0,0.0,0.0,0,0.0,0,10,6,72.0,0,7.2,13.2,,,73.0,211.0,28.398176470588236,7.0,Alabama,2015.0,2015.0,OAK,4.0,-7.0,0.37037036
2022,17,00-0031544,A.Cooper,WR,CLE,WAS,0,0,0.0,0,0.0,0.0,0.0,0,0.0,0,4,3,105.0,2,22.5,25.5,,,73.0,211.0,28.398176470588236,7.0,Alabama,2015.0,2015.0,OAK,4.0,,0.25
2022,18,00-0031544,A.Cooper,WR,CLE,PIT,0,0,0.0,0,0.0,0.0,0.0,0,0.0,0,3,2,51.0,0,5.1,7.1,,,73.0,211.0,28.398176470588236,7.0,Alabama,2015.0,2015.0,OAK,4.0,,0.11111111
2022,6,00-0031545,K.White,WR,NO,CIN,0,0,0.0,0,0.0,0.0,0.0,0,0.0,0,1,0,0.0,0,0.0,0.0,,,75.0,216.0,30.395214285714285,7.0,West Virginia,2015.0,2015.0,CHI,7.0,-4.0,0.032258064
2022,7,00-0031545,K.White,WR,NO,ARI,0,0,0.0,0,0.0,0.0,0.0,0,0.0,0,1,1,64.0,0,6.4,7.4,,,75.0,216.0,30.395214285714285,7.0,West Virginia,2015.0,2015.0,CHI,7.0,,0.02173913
2022,9,00-0031545,K.White,WR,NO,BAL,0,0,0.0,0,0.0,0.0,0.0,0,0.0,0,1,1,10.0,0,1.0,2.0,,,75.0,216.0,30.395214285714285,7.0,West Virginia,2015.0,2015.0,CHI,7.0,-14.0,0.035714287
2022,10,00-0031545,K.White,WR,NO,PIT,0,0,0.0,0,0.0,0.0,0.0,0,0.0,0,2,0,0.0,0,0.0,0.0,,,75.0,216.0,30.395214285714285,7.0,West Virginia,2015.0,2015.0,CHI,7.0,,0.071428575
2022,1,00-0031547,D.Parker,WR,NE,MIA,0,0,0.0,0,0.0,0.0,0.0,0,0.0,0,2,1,9.0,0,0.9,1.9,,,75.0,216.0,29.80158823529412,7.0,Louisville,2015.0,2015.0,MIA,14.0,,0.06666667
2022,2,00-0031547,D.Parker,WR,NE,PIT,0,0,0.0,0,0.0,0.0,0.0,0,0.0,0,2,0,0.0,0,0.0,0.0,,,75.0,216.0,29.80158823529412,7.0,Louisville,2015.0,2015.0,MIA,14.0,,0.05882353
2022,3,00-0031547,D.Parker,WR,NE,BAL,0,0,0.0,0,0.0,0.0,0.0,0,0.0,0,10,5,156.0,0,15.6,20.6,,,75.0,216.0,29.80158823529412,7.0,Louisville,2015.0,2015.0,MIA,14.0,-11.0,0.3125
2022,4,00-0031547,D.Parker,WR,NE,GB,0,0,0.0,0,0.0,0.0,0.0,0,0.0,0,2,2,24.0,1,8.4,10.4,,,75.0,216.0,29.80158823529412,7.0,Louisville,2015.0,2015.0,MIA,14.0,,0.1
2022,6,00-0031547,D.Parker,WR,NE,CLE,0,0,0.0,0,0.0,0.0,0.0,0,0.0,0,6,4,64.0,0,6.4,10.4,,,75.0,216.0,29.80158823529412,7.0,Louisville,2015.0,2015.0,MIA,14.0,,0.19354838
2022,7,00-0031547,D.Parker,WR,NE,CHI,0,0,0.0,0,0.0,0.0,0.0,0,0.0,0,5,3,68.0,0,6.8,9.8,,,75.0,216.0,29.80158823529412,7.0,Louisville,2015.0,2015.0,MIA,14.0,-19.0,0.17857143
2022,8,00-0031547,D.Parker,WR,NE,NYJ,0,0,0.0,0,0.0,0.0,0.0,0,0.0,0,1,0,0.0,0,0.0,0.0,,,75.0,216.0,29.80158823529412,7.0,Louisville,2015.0,2015.0,MIA,14.0,,0.03125
2022,11,00-0031547,D.Parker,WR,NE,NYJ,0,0,0.0,0,0.0,0.0,0.0,0,0.0,0,2,2,19.0,0,1.9,3.9,,,75.0,216.0,29.80158823529412,7.0,Louisville,2015.0,2015.0,MIA,14.0,7.0,0.074074075
2022,12,00-0031547,D.Parker,WR,NE,MIN,0,0,0.0,0,0.0,0.0,0.0,0,0.0,0,4,4,80.0,0,8.0,12.0,,,75.0,216.0,29.80158823529412,7.0,Louisville,2015.0,2015.0,MIA,14.0,,0.114285715
2022,13,00-0031547,D.Parker,WR,NE,BUF,0,0,0.0,0,0.0,0.0,0.0,0,0.0,0,4,2,16.0,0,1.6,3.6,,,75.0,216.0,29.80158823529412,7.0,Louisville,2015.0,2015.0,MIA,14.0,-14.0,0.11764706
2022,14,00-0031547,D.Parker,WR,NE,ARI,0,0,0.0,0,0.0,0.0,0.0,0,0.0,0,2,2,24.0,0,2.4,4.4,,,75.0,216.0,29.80158823529412,7.0,Louisville,2015.0,2015.0,MIA,14.0,,0.060606062
2022,18,00-0031547,D.Parker,WR,NE,BUF,0,0,0.0,0,0.0,0.0,0.0,0,0.0,0,7,6,79.0,2,19.9,25.9,,,75.0,216.0,29.80158823529412,7.0,Louisville,2015.0,2015.0,MIA,14.0,,0.17948718
2022,1,00-0031549,N.Agholor,WR,NE,MIA,0,0,0.0,0,0.0,0.0,0.0,0,0.0,0,5,3,28.0,0,0.8,3.8,,,72.0,198.0,29.46194117647059,7.0,Southern California,2015.0,2015.0,PHI,20.0,,0.16666667
2022,2,00-0031549,N.Agholor,WR,NE,PIT,0,0,0.0,0,0.0,0.0,0.0,0,0.0,0,6,6,110.0,1,17.0,23.0,,,72.0,198.0,29.46194117647059,7.0,Southern California,2015.0,2015.0,PHI,20.0,,0.1764706
2022,3,00-0031549,N.Agholor,WR,NE,BAL,0,0,0.0,0,0.0,0.0,0.0,0,0.0,0,3,2,41.0,0,2.1,4.1,,,72.0,198.0,29.46194117647059,7.0,Southern California,2015.0,2015.0,PHI,20.0,-11.0,0.09375
2022,4,00-0031549,N.Agholor,WR,NE,GB,0,0,0.0,0,0.0,0.0,0.0,0,0.0,0,4,3,46.0,0,4.6,7.6,,,72.0,198.0,29.46194117647059,7.0,Southern California,2015.0,2015.0,PHI,20.0,,0.2
2022,5,00-0031549,N.Agholor,WR,NE,DET,0,0,0.0,0,0.0,0.0,0.0,0,0.0,0,1,0,0.0,0,0.0,0.0,,,72.0,198.0,29.46194117647059,7.0,Southern California,2015.0,2015.0,PHI,20.0,29.0,0.04761905
2022,7,00-0031549,N.Agholor,WR,NE,CHI,0,0,0.0,0,0.0,0.0,0.0,0,0.0,0,1,0,0.0,0,0.0,0.0,,,72.0,198.0,29.46194117647059,7.0,Southern California,2015.0,2015.0,PHI,20.0,-19.0,0.035714287
2022,8,00-0031549,N.Agholor,WR,NE,NYJ,0,0,0.0,0,0.0,0.0,0.0,0,0.0,0,1,1,2.0,0,0.2,1.2,,,72.0,198.0,29.46194117647059,7.0,Southern California,2015.0,2015.0,PHI,20.0,,0.03125
2022,11,00-0031549,N.Agholor,WR,NE,NYJ,0,0,0.0,0,0.0,0.0,0.0,0,0.0,0,3,2,18.0,0,1.8,3.8,,,72.0,198.0,29.46194117647059,7.0,Southern California,2015.0,2015.0,PHI,20.0,7.0,0.11111111
2022,12,00-0031549,N.Agholor,WR,NE,MIN,0,0,0.0,0,0.0,0.0,0.0,0,0.0,0,8,6,65.0,1,12.5,18.5,,,72.0,198.0,29.46194117647059,7.0,Southern California,2015.0,2015.0,PHI,20.0,,0.22857143
2022,13,00-0031549,N.Agholor,WR,NE,BUF,0,0,0.0,0,0.0,0.0,0.0,0,0.0,0,3,2,17.0,0,1.7,3.7,,,72.0,198.0,29.46194117647059,7.0,Southern California,2015.0,2015.0,PHI,20.0,-14.0,0.0882353
2022,14,00-0031549,N.Agholor,WR,NE,ARI,0,0,0.0,0,0.0,0.0,0.0,0,0.0,0,10,5,32.0,0,3.2,8.2,,,72.0,198.0,29.46194117647059,7.0,Southern California,2015.0,2015.0,PHI,20.0,,0.3030303
2022,15,00-0031549,N.Agholor,WR,NE,LV,0,0,0.0,0,0.0,0.0,0.0,0,0.0,0,6,1,3.0,0,0.3,1.3,,,72.0,198.0,29.46194117647059,7.0,Southern California,2015.0,2015.0,PHI,20.0,,0.2
2022,17,00-0031549,N.Agholor,WR,NE,MIA,0,0,0.0,0,0.0,0.0,0.0,0,0.0,0,1,0,0.0,0,0.0,0.0,,,72.0,198.0,29.46194117647059,7.0,Southern California,2015.0,2015.0,PHI,20.0,2.0,0.03125
2022,18,00-0031549,N.Agholor,WR,NE,BUF,0,0,0.0,0,0.0,0.0,0.0,0,0.0,0,1,0,0.0,0,0.0,0.0,,,72.0,198.0,29.46194117647059,7.0,Southern California,2015.0,2015.0,PHI,20.0,,0.025641026
2022,11,00-0031558,M.Williams,TE,ARI,SF,0,0,0.0,0,0.0,0.0,0.0,0,0.0,0,1,1,7.0,0,0.7,1.7,,,76.0,252.0,28.57494117647059,7.0,Minnesota,2015.0,2015.0,BAL,55.0,-28.0,0.023809524
2022,15,00-0031558,M.Williams,TE,ARI,DEN,0,0,0.0,0,0.0,0.0,0.0,0,0.0,0,2,2,11.0,0,1.1,3.1,,,76.0,252.0,28.57494117647059,7.0,Minnesota,2015.0,2015.0,BAL,55.0,,0.057142857
2022,6,00-0031585,M.Pruitt,TE,ATL,SF,0,0,0.0,0,0.0,0.0,0.0,0,0.0,0,1,1,2.0,1,6.2,7.2,,,74.0,243.0,30.623999999999995,7.0,Southern Illinois,2015.0,2015.0,MIN,143.0,14.0,0.071428575
2022,9,00-0031585,M.Pruitt,TE,ATL,LAC,0,0,0.0,0,0.0,0.0,0.0,0,0.0,0,1,1,6.0,0,0.6,1.6,,,74.0,243.0,30.623999999999995,7.0,Southern Illinois,2015.0,2015.0,MIN,143.0,-3.0,0.04347826
2022,10,00-0031585,M.Pruitt,TE,ATL,CAR,0,0,0.0,0,0.0,0.0,0.0,0,0.0,0,1,1,6.0,0,0.6,1.6,,,74.0,243.0,30.623999999999995,7.0,Southern Illinois,2015.0,2015.0,MIN,143.0,,0.03448276
2022,11,00-0031585,M.Pruitt,TE,ATL,CHI,0,0,0.0,0,0.0,0.0,0.0,0,0.0,0,1,1,17.0,0,1.7,2.7,,,74.0,243.0,30.623999999999995,7.0,Southern Illinois,2015.0,2015.0,MIN,143.0,3.0,0.055555556
2022,12,00-0031585,M.Pruitt,TE,ATL,WAS,0,0,0.0,0,0.0,0.0,0.0,0,0.0,0,3,2,9.0,1,6.9,8.9,,,74.0,243.0,30.623999999999995,7.0,Southern Illinois,2015.0,2015.0,MIN,143.0,,0.125
2022,13,00-0031585,M.Pruitt,TE,ATL,PIT,0,0,0.0,0,0.0,0.0,0.0,0,0.0,0,1,1,7.0,1,6.7,7.7,,,74.0,243.0,30.623999999999995,7.0,Southern Illinois,2015.0,2015.0,MIN,143.0,-3.0,0.041666668
2022,15,00-0031585,M.Pruitt,TE,ATL,NO,0,0,0.0,0,0.0,0.0,0.0,0,0.0,0,3,2,20.0,0,2.0,4.0,,,74.0,243.0,30.623999999999995,7.0,Southern Illinois,2015.0,2015.0,MIN,143.0,,0.115384616
2022,16,00-0031585,M.Pruitt,TE,ATL,BAL,0,0,0.0,0,0.0,0.0,0.0,0,0.0,0,1,0,0.0,0,0.0,0.0,,,74.0,243.0,30.623999999999995,7.0,Southern Illinois,2015.0,2015.0,MIN,143.0,,0.032258064
2022,17,00-0031585,M.Pruitt,TE,ATL,ARI,0,0,0.0,0,0.0,0.0,0.0,0,0.0,0,4,4,49.0,0,4.9,8.9,,,74.0,243.0,30.623999999999995,7.0,Southern Illinois,2015.0,2015.0,MIN,143.0,1.0,0.16
2022,18,00-0031585,M.Pruitt,TE,ATL,TB,0,0,0.0,0,0.0,0.0,0.0,0,0.0,0,5,3,34.0,1,9.4,12.4,,,74.0,243.0,30.623999999999995,7.0,Southern Illinois,2015.0,2015.0,MIN,143.0,13.0,0.17857143
2022,1,00-0031588,S.Diggs,WR,BUF,LA,0,0,0.0,0,0.0,0.0,0.0,0,0.0,0,9,8,122.0,1,18.2,26.2,,,72.0,191.0,28.9605,7.0,Maryland,2015.0,2015.0,MIN,146.0,,0.29032257
2022,2,00-0031588,S.Diggs,WR,BUF,TEN,0,0,0.0,0,0.0,0.0,0.0,0,0.0,0,15,12,148.0,3,32.8,44.8,,,72.0,191.0,28.9605,7.0,Maryland,2015.0,2015.0,MIN,146.0,34.0,0.3846154
2022,3,00-0031588,S.Diggs,WR,BUF,MIA,0,0,0.0,0,0.0,0.0,0.0,0,0.0,0,11,7,74.0,0,7.4,14.4,,,72.0,191.0,28.9605,7.0,Maryland,2015.0,2015.0,MIN,146.0,,0.19298245
2022,4,00-0031588,S.Diggs,WR,BUF,BAL,0,0,0.0,0,0.0,0.0,0.0,0,0.0,0,6,4,62.0,0,6.2,10.2,,,72.0,191.0,28.9605,7.0,Maryland,2015.0,2015.0,MIN,146.0,,0.1764706
2022,5,00-0031588,S.Diggs,WR,BUF,PIT,0,0,0.0,0,0.0,0.0,0.0,0,0.0,0,11,8,102.0,1,16.2,24.2,,,72.0,191.0,28.9605,7.0,Maryland,2015.0,2015.0,MIN,146.0,35.0,0.30555555
2022,6,00-0031588,S.Diggs,WR,BUF,KC,0,0,0.0,0,0.0,0.0,0.0,0,0.0,0,13,10,148.0,1,20.8,30.8,,,72.0,191.0,28.9605,7.0,Maryland,2015.0,2015.0,MIN,146.0,,0.34210527
2022,8,00-0031588,S.Diggs,WR,BUF,GB,0,0,0.0,0,0.0,0.0,0.0,0,0.0,0,8,6,108.0,1,16.8,22.8,,,72.0,191.0,28.9605,7.0,Maryland,2015.0,2015.0,MIN,146.0,10.0,0.32
2022,9,00-0031588,S.Diggs,WR,BUF,NYJ,0,0,0.0,0,0.0,0.0,0.0,0,0.0,0,10,5,93.0,0,9.3,14.3,,,72.0,191.0,28.9605,7.0,Maryland,2015.0,2015.0,MIN,146.0,,0.3030303
2022,10,00-0031588,S.Diggs,WR,BUF,MIN,0,0,0.0,0,0.0,0.0,0.0,0,0.0,0,16,12,128.0,0,12.8,24.8,,,72.0,191.0,28.9605,7.0,Maryland,2015.0,2015.0,MIN,146.0,-3.0,0.3902439
2022,11,00-0031588,S.Diggs,WR,BUF,CLE,0,0,0.0,0,0.0,0.0,0.0,0,0.0,0,5,4,48.0,1,10.8,14.8,,,72.0,191.0,28.9605,7.0,Maryland,2015.0,2015.0,MIN,146.0,8.0,0.20833333
2022,12,00-0031588,S.Diggs,WR,BUF,DET,0,0,0.0,0,0.0,0.0,0.0,0,0.0,0,15,8,77.0,1,13.7,21.7,,,72.0,191.0,28.9605,7.0,Maryland,2015.0,2015.0,MIN,146.0,,0.3846154
2022,13,00-0031588,S.Diggs,WR,BUF,NE,0,0,0.0,0,0.0,0.0,0.0,0,0.0,0,9,7,92.0,1,15.2,22.2,,,72.0,191.0,28.9605,7.0,Maryland,2015.0,2015.0,MIN,146.0,,0.27272728
2022,14,00-0031588,S.Diggs,WR,BUF,NYJ,0,0,0.0,0,0.0,0.0,0.0,0,0.0,0,5,3,37.0,0,3.7,6.7,,,72.0,191.0,28.9605,7.0,Maryland,2015.0,2015.0,MIN,146.0,8.0,0.18518518
2022,15,00-0031588,S.Diggs,WR,BUF,MIA,0,0,0.0,0,0.0,0.0,0.0,1,-3.0,0,9,5,60.0,0,5.7,10.7,,,72.0,191.0,28.9605,7.0,Maryland,2015.0,2015.0,MIN,146.0,3.0,0.23684211
2022,16,00-0031588,S.Diggs,WR,BUF,CHI,0,0,0.0,0,0.0,0.0,0.0,0,0.0,0,2,2,26.0,0,2.6,4.6,,,72.0,191.0,28.9605,7.0,Maryland,2015.0,2015.0,MIN,146.0,,0.08
2022,18,00-0031588,S.Diggs,WR,BUF,NE,0,0,0.0,0,0.0,0.0,0.0,0,0.0,0,10,7,104.0,1,16.4,23.4,,,72.0,191.0,28.9605,7.0,Maryland,2015.0,2015.0,MIN,146.0,12.0,0.32258064
2022,19,00-0031588,S.Diggs,WR,BUF,MIA,0,0,0.0,0,0.0,0.0,0.0,0,0.0,0,9,7,114.0,0,11.4,18.4,,,72.0,191.0,28.9605,7.0,Maryland,2015.0,2015.0,MIN,146.0,3.0,0.24324325
2022,20,00-0031588,S.Diggs,WR,BUF,CIN,0,0,0.0,0,0.0,0.0,0.0,0,0.0,0,10,4,35.0,0,3.5,7.5,,,72.0,191.0,28.9605,7.0,Maryland,2015.0,2015.0,MIN,146.0,-17.0,0.25
2022,2,00-0031595,M.Burton,FB,KC,LAC,0,0,0.0,0,0.0,0.0,0.0,1,6.0,0,1,1,2.0,0,0.8,1.8,,,71.0,240.0,30.806849999999997,7.0,Rutgers,2015.0,2015.0,DET,168.0,3.0,0.029411765
2022,3,00-0031595,M.Burton,FB,KC,IND,0,0,0.0,0,0.0,0.0,0.0,1,2.0,0,0,0,0.0,0,0.2,0.2,,,71.0,240.0,30.806849999999997,7.0,Rutgers,2015.0,2015.0,DET,168.0,,
2022,6,00-0031595,M.Burton,FB,KC,BUF,0,0,0.0,0,0.0,0.0,0.0,0,0.0,0,1,0,0.0,0,0.0,0.0,,,71.0,240.0,30.806849999999997,7.0,Rutgers,2015.0,2015.0,DET,168.0,-4.0,0.028571429
2022,9,00-0031595,M.Burton,FB,KC,TEN,0,0,0.0,0,0.0,0.0,0.0,1,0.0,0,1,1,9.0,0,0.9,1.9,,,71.0,240.0,30.806849999999997,7.0,Rutgers,2015.0,2015.0,DET,168.0,3.0,0.016129032
2022,10,00-0031595,M.Burton,FB,KC,JAX,0,0,0.0,0,0.0,0.0,0.0,1,-1.0,0,0,0,0.0,0,-0.1,-0.1,,,71.0,240.0,30.806849999999997,7.0,Rutgers,2015.0,2015.0,DET,168.0,10.0,
2022,14,00-0031595,M.Burton,FB,KC,DEN,0,0,0.0,0,0.0,0.0,0.0,1,0.0,0,0,0,0.0,0,0.0,0.0,,,71.0,240.0,30.806849999999997,7.0,Rutgers,2015.0,2015.0,DET,168.0,,
2022,1,00-0031610,D.Waller,TE,LV,LAC,0,0,0.0,0,0.0,0.0,0.0,0,0.0,0,6,4,79.0,0,7.9,11.9,,,78.0,255.0,30.159294117647057,7.0,Georgia Tech,2015.0,2015.0,BAL,204.0,,0.17142858
2022,2,00-0031610,D.Waller,TE,LV,ARI,0,0,0.0,0,0.0,0.0,0.0,0,0.0,0,8,6,50.0,1,11.0,17.0,,,78.0,255.0,30.159294117647057,7.0,Georgia Tech,2015.0,2015.0,BAL,204.0,-6.0,0.20512821
2022,3,00-0031610,D.Waller,TE,LV,TEN,0,0,0.0,0,0.0,0.0,0.0,0,0.0,0,5,3,22.0,0,2.2,5.2,,,78.0,255.0,30.159294117647057,7.0,Georgia Tech,2015.0,2015.0,BAL,204.0,,0.12195122
2022,4,00-0031610,D.Waller,TE,LV,DEN,0,0,0.0,0,0.0,0.0,0.0,0,0.0,0,5,3,24.0,0,2.4,5.4,,,78.0,255.0,30.159294117647057,7.0,Georgia Tech,2015.0,2015.0,BAL,204.0,9.0,0.16666667
2022,15,00-0031610,D.Waller,TE,LV,NE,0,0,0.0,0,0.0,0.0,0.0,0,0.0,0,3,3,48.0,1,10.8,13.8,,,78.0,255.0,30.159294117647057,7.0,Georgia Tech,2015.0,2015.0,BAL,204.0,6.0,0.09375
2022,16,00-0031610,D.Waller,TE,LV,PIT,0,0,0.0,0,0.0,0.0,0.0,0,0.0,0,5,4,58.0,0,5.8,9.8,,,78.0,255.0,30.159294117647057,7.0,Georgia Tech,2015.0,2015.0,BAL,204.0,,0.16666667
2022,17,00-0031610,D.Waller,TE,LV,SF,0,0,0.0,0,0.0,0.0,0.0,0,0.0,0,5,3,72.0,1,13.2,16.2,,,78.0,255.0,30.159294117647057,7.0,Georgia Tech,2015.0,2015.0,BAL,204.0,-3.0,0.15625
2022,18,00-0031610,D.Waller,TE,LV,KC,0,0,0.0,0,0.0,0.0,0.0,0,0.0,0,6,2,35.0,0,3.5,5.5,,,78.0,255.0,30.159294117647057,7.0,Georgia Tech,2015.0,2015.0,BAL,204.0,-18.0,0.1764706
2022,1,00-0031687,R.Mostert,RB,MIA,NE,0,0,0.0,0,0.0,0.0,0.0,5,16.0,0,1,1,16.0,0,3.2,4.2,,,70.0,197.0,30.593777777777778,7.0,Purdue,2015.0,2015.0,,,13.0,0.032258064
2022,2,00-0031687,R.Mostert,RB,MIA,BAL,0,0,0.0,0,0.0,0.0,0.0,11,51.0,0,3,3,28.0,0,7.9,10.9,,,70.0,197.0,30.593777777777778,7.0,Purdue,2015.0,2015.0,,,,0.06
2022,3,00-0031687,R.Mostert,RB,MIA,BUF,0,0,0.0,0,0.0,0.0,0.0,8,11.0,0,2,0,0.0,0,1.1,1.1,,,70.0,197.0,30.593777777777778,7.0,Purdue,2015.0,2015.0,,,2.0,0.1
2022,4,00-0031687,R.Mostert,RB,MIA,CIN,0,0,0.0,0,0.0,0.0,0.0,15,69.0,0,3,2,12.0,0,8.1,10.1,,,70.0,197.0,30.593777777777778,7.0,Purdue,2015.0,2015.0,,,,0.083333336
2022,5,00-0031687,R.Mostert,RB,MIA,NYJ,0,0,0.0,0,0.0,0.0,0.0,18,113.0,1,3,1,9.0,0,18.2,19.2,,,70.0,197.0,30.593777777777778,7.0,Purdue,2015.0,2015.0,,,,0.09375
2022,6,00-0031687,R.Mostert,RB,MIA,MIN,0,0,0.0,0,0.0,0.0,0.0,14,49.0,0,2,1,-1.0,0,4.8,5.8,,,70.0,197.0,30.593777777777778,7.0,Purdue,2015.0,2015.0,,,-8.0,0.044444446
2022,7,00-0031687,R.Mostert,RB,MIA,PIT,0,0,0.0,0,0.0,0.0,0.0,16,79.0,0,5,4,30.0,1,16.9,20.9,,,70.0,197.0,30.593777777777778,7.0,Purdue,2015.0,2015.0,,,6.0,0.14285715
2022,8,00-0031687,R.Mostert,RB,MIA,DET,0,0,0.0,0,0.0,0.0,0.0,14,64.0,0,1,1,3.0,0,6.7,7.7,,,70.0,197.0,30.593777777777778,7.0,Purdue,2015.0,2015.0,,,,0.029411765
2022,9,00-0031687,R.Mostert,RB,MIA,CHI,0,0,0.0,0,0.0,0.0,0.0,9,26.0,1,2,0,0.0,0,8.6,8.6,,,70.0,197.0,30.593777777777778,7.0,Purdue,2015.0,2015.0,,,,0.06896552
2022,10,00-0031687,R.Mostert,RB,MIA,CLE,0,0,0.0,0,0.0,0.0,0.0,8,65.0,1,4,4,22.0,0,14.7,18.7,,,70.0,197.0,30.593777777777778,7.0,Purdue,2015.0,2015.0,,,22.0,0.121212125
2022,13,00-0031687,R.Mostert,RB,MIA,SF,0,0,0.0,0,0.0,0.0,0.0,7,30.0,0,0,0,0.0,0,3.0,3.0,,,70.0,197.0,30.593777777777778,7.0,Purdue,2015.0,2015.0,,,,
2022,14,00-0031687,R.Mostert,RB,MIA,LAC,0,0,0.0,0,0.0,0.0,0.0,11,37.0,0,1,1,7.0,0,4.4,5.4,,,70.0,197.0,30.593777777777778,7.0,Purdue,2015.0,2015.0,,,,0.041666668
2022,15,00-0031687,R.Mostert,RB,MIA,BUF,0,0,0.0,0,0.0,0.0,0.0,17,136.0,0,2,1,20.0,0,15.6,16.6,,,70.0,197.0,30.593777777777778,7.0,Purdue,2015.0,2015.0,,,,0.06666667
2022,16,00-0031687,R.Mostert,RB,MIA,GB,0,0,0.0,0,0.0,0.0,0.0,8,45.0,0,3,2,4.0,0,2.9,4.9,,,70.0,197.0,30.593777777777778,7.0,Purdue,2015.0,2015.0,,,-6.0,0.125
2022,17,00-0031687,R.Mostert,RB,MIA,NE,0,0,0.0,0,0.0,0.0,0.0,9,29.0,0,8,8,62.0,1,15.1,23.1,,,70.0,197.0,30.593777777777778,7.0,Purdue,2015.0,2015.0,,,,0.2
2022,18,00-0031687,R.Mostert,RB,MIA,NYJ,0,0,0.0,0,0.0,0.0,0.0,11,71.0,0,2,2,-10.0,0,6.1,8.1,,,70.0,197.0,30.593777777777778,7.0,Purdue,2015.0,2015.0,,,5.0,0.074074075
2022,1,00-0031690,E.Tomlinson,TE,DEN,SEA,0,0,0.0,0,0.0,0.0,0.0,0,0.0,0,1,0,0.0,0,0.0,0.0,,,78.0,263.0,30.55076470588235,7.0,Texas-El Paso,2015.0,2015.0,,,,0.024390243
2022,5,00-0031690,E.Tomlinson,TE,DEN,IND,0,0,0.0,0,0.0,0.0,0.0,0,0.0,0,1,0,0.0,0,0.0,0.0,,,78.0,263.0,30.55076470588235,7.0,Texas-El Paso,2015.0,2015.0,,,-3.0,0.02631579
2022,6,00-0031690,E.Tomlinson,TE,DEN,LAC,0,0,0.0,0,0.0,0.0,0.0,0,0.0,0,1,1,16.0,0,1.6,2.6,,,78.0,263.0,30.55076470588235,7.0,Texas-El Paso,2015.0,2015.0,,,,0.04
2022,7,00-0031690,E.Tomlinson,TE,DEN,NYJ,0,0,0.0,0,0.0,0.0,0.0,0,0.0,0,2,2,21.0,0,2.1,4.1,,,78.0,263.0,30.55076470588235,7.0,Texas-El Paso,2015.0,2015.0,,,-7.0,0.044444446
2022,10,00-0031690,E.Tomlinson,TE,DEN,TEN,0,0,0.0,0,0.0,0.0,0.0,0,0.0,0,1,0,0.0,0,0.0,0.0,,,78.0,263.0,30.55076470588235,7.0,Texas-El Paso,2015.0,2015.0,,,,0.025641026
2022,14,00-0031690,E.Tomlinson,TE,DEN,KC,0,0,0.0,0,0.0,0.0,0.0,0,0.0,0,3,2,11.0,0,1.1,3.1,,,78.0,263.0,30.55076470588235,7.0,Texas-El Paso,2015.0,2015.0,,,-6.0,0.069767445
2022,15,00-0031690,E.Tomlinson,TE,DEN,ARI,0,0,0.0,0,0.0,0.0,0.0,0,0.0,0,3,3,28.0,1,8.8,11.8,,,78.0,263.0,30.55076470588235,7.0,Texas-El Paso,2015.0,2015.0,,,9.0,0.115384616
2022,18,00-0031690,E.Tomlinson,TE,DEN,LAC,0,0,0.0,0,0.0,0.0,0.0,0,0.0,0,1,1,3.0,1,6.3,7.3,,,78.0,263.0,30.55076470588235,7.0,Texas-El Paso,2015.0,2015.0,,,3.0,0.045454547
2022,1,00-0031763,D.Carter,WR,LAC,LV,0,0,0.0,0,0.0,0.0,0.0,0,0.0,0,4,3,64.0,1,12.4,15.4,,,68.0,190.0,29.59527777777778,7.0,Sacramento State,2015.0,2015.0,,,5.0,0.11764706
2022,2,00-0031763,D.Carter,WR,LAC,KC,0,0,0.0,0,0.0,0.0,0.0,0,0.0,0,3,3,55.0,0,5.5,8.5,,,68.0,190.0,29.59527777777778,7.0,Sacramento State,2015.0,2015.0,,,,0.06521739
2022,3,00-0031763,D.Carter,WR,LAC,JAX,0,0,0.0,0,0.0,0.0,0.0,1,-5.0,0,4,3,31.0,0,2.6,5.6,,,68.0,190.0,29.59527777777778,7.0,Sacramento State,2015.0,2015.0,,,-28.0,0.09756097
2022,4,00-0031763,D.Carter,WR,LAC,HOU,0,0,0.0,0,0.0,0.0,0.0,0,0.0,0,3,2,16.0,0,1.6,3.6,,,68.0,190.0,29.59527777777778,7.0,Sacramento State,2015.0,2015.0,,,,0.08108108
2022,5,00-0031763,D.Carter,WR,LAC,CLE,0,0,0.0,0,0.0,0.0,0.0,0,0.0,0,2,2,9.0,0,0.9,2.9,,,68.0,190.0,29.59527777777778,7.0,Sacramento State,2015.0,2015.0,,,,0.060606062
2022,6,00-0031763,D.Carter,WR,LAC,DEN,0,0,0.0,0,0.0,0.0,0.0,0,0.0,0,5,3,17.0,0,1.7,4.7,,,68.0,190.0,29.59527777777778,7.0,Sacramento State,2015.0,2015.0,,,3.0,0.09090909
2022,7,00-0031763,D.Carter,WR,LAC,SEA,0,0,0.0,0,0.0,0.0,0.0,0,0.0,0,7,3,37.0,0,3.7,6.7,,,68.0,190.0,29.59527777777778,7.0,Sacramento State,2015.0,2015.0,,,-14.0,0.13725491
2022,9,00-0031763,D.Carter,WR,LAC,ATL,0,0,0.0,0,0.0,0.0,0.0,0,0.0,0,6,5,53.0,0,5.3,10.3,,,68.0,190.0,29.59527777777778,7.0,Sacramento State,2015.0,2015.0,,,,0.13953489
2022,10,00-0031763,D.Carter,WR,LAC,SF,0,0,0.0,0,0.0,0.0,0.0,0,0.0,0,4,4,64.0,1,12.4,16.4,,,68.0,190.0,29.59527777777778,7.0,Sacramento State,2015.0,2015.0,,,,0.114285715
2022,11,00-0031763,D.Carter,WR,LAC,KC,0,0,0.0,0,0.0,0.0,0.0,0,0.0,0,3,3,33.0,0,3.3,6.3,,,68.0,190.0,29.59527777777778,7.0,Sacramento State,2015.0,2015.0,,,-3.0,0.10344828
2022,12,00-0031763,D.Carter,WR,LAC,ARI,0,0,0.0,0,0.0,0.0,0.0,0,0.0,0,10,7,73.0,1,13.3,20.3,,,68.0,190.0,29.59527777777778,7.0,Sacramento State,2015.0,2015.0,,,,0.21276596
2022,13,00-0031763,D.Carter,WR,LAC,LV,0,0,0.0,0,0.0,0.0,0.0,0,0.0,0,2,1,14.0,0,1.4,2.4,,,68.0,190.0,29.59527777777778,7.0,Sacramento State,2015.0,2015.0,,,,0.044444446
2022,14,00-0031763,D.Carter,WR,LAC,MIA,0,0,0.0,0,0.0,0.0,0.0,0,0.0,0,2,1,0.0,0,0.0,1.0,,,68.0,190.0,29.59527777777778,7.0,Sacramento State,2015.0,2015.0,,,6.0,0.041666668
2022,15,00-0031763,D.Carter,WR,LAC,TEN,0,0,0.0,0,0.0,0.0,0.0,1,-10.0,0,2,1,15.0,0,0.5,1.5,,,68.0,190.0,29.59527777777778,7.0,Sacramento State,2015.0,2015.0,,,3.0,0.05263158
2022,17,00-0031763,D.Carter,WR,LAC,LA,0,0,0.0,0,0.0,0.0,0.0,0,0.0,0,3,2,14.0,0,1.4,3.4,,,68.0,190.0,29.59527777777778,7.0,Sacramento State,2015.0,2015.0,,,21.0,0.09677419
2022,18,00-0031763,D.Carter,WR,LAC,DEN,0,0,0.0,0,0.0,0.0,0.0,0,0.0,0,5,3,43.0,0,2.3,5.3,,,68.0,190.0,29.59527777777778,7.0,Sacramento State,2015.0,2015.0,,,,0.11363637
2022,19,00-0031763,D.Carter,WR,LAC,JAX,0,0,0.0,0,0.0,0.0,0.0,0,0.0,0,3,2,17.0,0,1.7,3.7,,,68.0,190.0,29.59527777777778,7.0,Sacramento State,2015.0,2015.0,,,,0.071428575
2022,2,00-0031787,J.Kumerow,WR,BUF,TEN,0,0,0.0,0,0.0,0.0,0.0,0,0.0,0,3,2,50.0,0,5.0,7.0,,,76.0,209.0,30.74277777777778,7.0,Wisconsin-Whitewater,2015.0,2015.0,,,34.0,0.07692308
2022,3,00-0031787,J.Kumerow,WR,BUF,MIA,0,0,0.0,0,0.0,0.0,0.0,0,0.0,0,2,2,14.0,0,1.4,3.4,,,76.0,209.0,30.74277777777778,7.0,Wisconsin-Whitewater,2015.0,2015.0,,,,0.03508772
2022,8,00-0031787,J.Kumerow,WR,BUF,GB,0,0,0.0,0,0.0,0.0,0.0,0,0.0,0,1,0,0.0,0,0.0,0.0,,,76.0,209.0,30.74277777777778,7.0,Wisconsin-Whitewater,2015.0,2015.0,,,10.0,0.04
2022,9,00-0031787,J.Kumerow,WR,BUF,NYJ,0,0,0.0,0,0.0,0.0,0.0,0,0.0,0,1,0,0.0,0,0.0,0.0,,,76.0,209.0,30.74277777777778,7.0,Wisconsin-Whitewater,2015.0,2015.0,,,,0.030303031
2022,7,00-0031800,T.Heinicke,QB,WAS,GB,20,33,201.0,2,1.0,1.0,3.0,2,4.0,0,0,0,0.0,0,14.44,14.44,,,73.0,210.0,29.649411764705885,7.0,Old Dominion,2015.0,2015.0,,,2.0,
2022,8,00-0031800,T.Heinicke,QB,WAS,IND,23,31,279.0,1,1.0,2.0,13.0,6,29.0,1,0,0,0.0,0,22.06,22.06,,,73.0,210.0,29.649411764705885,7.0,Old Dominion,2015.0,2015.0,,,,
2022,9,00-0031800,T.Heinicke,QB,WAS,MIN,15,28,149.0,2,1.0,3.0,23.0,4,17.0,0,0,0,0.0,0,13.66,13.66,,,73.0,210.0,29.649411764705885,7.0,Old Dominion,2015.0,2015.0,,,-3.0,
2022,10,00-0031800,T.Heinicke,QB,WAS,PHI,17,29,211.0,0,1.0,3.0,33.0,5,10.0,0,0,0,0.0,0,5.44,5.44,,,73.0,210.0,29.649411764705885,7.0,Old Dominion,2015.0,2015.0,,,,
2022,11,00-0031800,T.Heinicke,QB,WAS,HOU,15,27,191.0,0,0.0,0.0,-0.0,3,2.0,0,0,0,0.0,0,7.84,7.84,,,73.0,210.0,29.649411764705885,7.0,Old Dominion,2015.0,2015.0,,,,
2022,12,00-0031800,T.Heinicke,QB,WAS,ATL,14,23,138.0,2,1.0,0.0,-0.0,1,-1.0,0,0,0,0.0,0,11.42,11.42,,,73.0,210.0,29.649411764705885,7.0,Old Dominion,2015.0,2015.0,,,6.0,
2022,13,00-0031800,T.Heinicke,QB,WAS,NYG,27,41,275.0,2,0.0,5.0,29.0,2,6.0,0,0,0,0.0,0,17.6,17.6,,,73.0,210.0,29.649411764705885,7.0,Old Dominion,2015.0,2015.0,,,,
2022,15,00-0031800,T.Heinicke,QB,WAS,NYG,17,29,249.0,1,0.0,3.0,21.0,3,33.0,0,0,0,0.0,0,13.26,13.26,,,73.0,210.0,29.649411764705885,7.0,Old Dominion,2015.0,2015.0,,,-8.0,
2022,16,00-0031800,T.Heinicke,QB,WAS,SF,13,18,166.0,2,1.0,2.0,19.0,2,-4.0,0,0,0,0.0,0,10.24,10.24,,,73.0,210.0,29.649411764705885,7.0,Old Dominion,2015.0,2015.0,,,,
2022,6,00-0031806,M.Brown,RB,LA,CAR,0,0,0.0,0,0.0,0.0,0.0,7,15.0,0,1,1,13.0,0,2.8,3.8,,,71.0,222.0,29.511466666666667,7.0,Texas,2015.0,2015.0,,,14.0,0.032258064
2022,8,00-0031806,M.Brown,RB,LA,SF,0,0,0.0,0,0.0,0.0,0.0,5,10.0,0,0,0,0.0,0,1.0,1.0,,,71.0,222.0,29.511466666666667,7.0,Texas,2015.0,2015.0,,,-17.0,
2022,9,00-0031806,M.Brown,RB,LA,TB,0,0,0.0,0,0.0,0.0,0.0,2,9.0,0,1,1,10.0,0,1.9,2.9,,,71.0,222.0,29.511466666666667,7.0,Texas,2015.0,2015.0,,,,0.03846154
2022,14,00-0031806,M.Brown,RB,LA,LV,0,0,0.0,0,0.0,0.0,0.0,1,5.0,0,2,2,12.0,0,1.7,3.7,,,71.0,222.0,29.511466666666667,7.0,Texas,2015.0,2015.0,,,1.0,0.05882353
2022,15,00-0031806,M.Brown,RB,LA,GB,0,0,0.0,0,0.0,0.0,0.0,0,0.0,0,1,0,0.0,0,0.0,0.0,,,71.0,222.0,29.511466666666667,7.0,Texas,2015.0,2015.0,,,,0.05
2022,16,00-0031806,M.Brown,RB,LA,DEN,0,0,0.0,0,0.0,0.0,0.0,2,19.0,0,1,1,2.0,0,2.1,3.1,,,71.0,222.0,29.511466666666667,7.0,Texas,2015.0,2015.0,,,37.0,0.035714287
2022,17,00-0031806,M.Brown,RB,LA,LAC,0,0,0.0,0,0.0,0.0,0.0,1,23.0,1,0,0,0.0,0,8.3,8.3,,,71.0,222.0,29.511466666666667,7.0,Texas,2015.0,2015.0,,,,
2022,4,00-0031868,D.Byrd,WR,ATL,CLE,0,0,0.0,0,0.0,0.0,0.0,0,0.0,0,1,0,0.0,0,0.0,0.0,,,69.0,180.0,29.778,7.0,South Carolina,2015.0,2015.0,,,3.0,0.055555556
2022,5,00-0031868,D.Byrd,WR,ATL,TB,0,0,0.0,0,0.0,0.0,0.0,0,0.0,0,1,0,0.0,0,0.0,0.0,,,69.0,180.0,29.778,7.0,South Carolina,2015.0,2015.0,,,,0.041666668
2022,7,00-0031868,D.Byrd,WR,ATL,CIN,0,0,0.0,0,0.0,0.0,0.0,0,0.0,0,1,1,75.0,1,13.5,14.5,,,69.0,180.0,29.778,7.0,South Carolina,2015.0,2015.0,,,,0.083333336
2022,8,00-0031868,D.Byrd,WR,ATL,CAR,0,0,0.0,0,0.0,0.0,0.0,0,0.0,0,6,3,67.0,1,12.7,15.7,,,69.0,180.0,29.778,7.0,South Carolina,2015.0,2015.0,,,3.0,0.21428572
2022,9,00-0031868,D.Byrd,WR,ATL,LAC,0,0,0.0,0,0.0,0.0,0.0,0,0.0,0,1,0,0.0,0,0.0,0.0,,,69.0,180.0,29.778,7.0,South Carolina,2015.0,2015.0,,,-3.0,0.04347826
2022,10,00-0031868,D.Byrd,WR,ATL,CAR,0,0,0.0,0,0.0,0.0,0.0,0,0.0,0,4,3,58.0,0,5.8,8.8,,,69.0,180.0,29.778,7.0,South Carolina,2015.0,2015.0,,,,0.13793103
2022,11,00-0031868,D.Byrd,WR,ATL,CHI,0,0,0.0,0,0.0,0.0,0.0,0,0.0,0,2,2,29.0,0,2.9,4.9,,,69.0,180.0,29.778,7.0,South Carolina,2015.0,2015.0,,,3.0,0.11111111
2022,13,00-0031868,D.Byrd,WR,ATL,PIT,0,0,0.0,0,0.0,0.0,0.0,0,0.0,0,1,1,12.0,0,1.2,2.2,,,69.0,180.0,29.778,7.0,South Carolina,2015.0,2015.0,,,-3.0,0.041666668
2022,15,00-0031868,D.Byrd,WR,ATL,NO,0,0,0.0,0,0.0,0.0,0.0,0,0.0,0,1,0,0.0,0,0.0,0.0,,,69.0,180.0,29.778,7.0,South Carolina,2015.0,2015.0,,,,0.03846154
2022,16,00-0031868,D.Byrd,WR,ATL,BAL,0,0,0.0,0,0.0,0.0,0.0,0,0.0,0,2,1,15.0,0,1.5,2.5,,,69.0,180.0,29.778,7.0,South Carolina,2015.0,2015.0,,,,0.06451613
2022,17,00-0031868,D.Byrd,WR,ATL,ARI,0,0,0.0,0,0.0,0.0,0.0,0,0.0,0,2,1,12.0,0,1.2,2.2,,,69.0,180.0,29.778,7.0,South Carolina,2015.0,2015.0,,,1.0,0.08
2022,18,00-0031868,D.Byrd,WR,ATL,TB,0,0,0.0,0,0.0,0.0,0.0,0,0.0,0,1,1,0.0,0,0.0,1.0,,,69.0,180.0,29.778,7.0,South Carolina,2015.0,2015.0,,,13.0,0.035714287
2022,1,00-0031941,J.Crowder,WR,BUF,LA,0,0,0.0,0,0.0,0.0,0.0,0,0.0,0,4,3,28.0,0,2.8,5.8,,,69.0,177.0,29.412166666666664,7.0,Duke,2015.0,2015.0,WAS,105.0,,0.12903225
2022,2,00-0031941,J.Crowder,WR,BUF,TEN,0,0,0.0,0,0.0,0.0,0.0,0,0.0,0,2,1,16.0,0,1.6,2.6,,,69.0,177.0,29.412166666666664,7.0,Duke,2015.0,2015.0,WAS,105.0,34.0,0.051282052
2022,3,00-0031941,J.Crowder,WR,BUF,MIA,0,0,0.0,0,0.0,0.0,0.0,0,0.0,0,3,1,9.0,0,0.9,1.9,,,69.0,177.0,29.412166666666664,7.0,Duke,2015.0,2015.0,WAS,105.0,,0.05263158
2022,4,00-0031941,J.Crowder,WR,BUF,BAL,0,0,0.0,0,0.0,0.0,0.0,0,0.0,0,4,1,7.0,0,0.7,1.7,,,69.0,177.0,29.412166666666664,7.0,Duke,2015.0,2015.0,WAS,105.0,,0.11764706
2022,1,00-0032054,B.Perriman,WR,TB,DAL,0,0,0.0,0,0.0,0.0,0.0,1,-7.0,0,3,0,0.0,0,-0.7,-0.7,,,74.0,215.0,29.173388888888887,7.0,Central Florida,2015.0,2015.0,BAL,26.0,,0.11111111
2022,2,00-0032054,B.Perriman,WR,TB,NO,0,0,0.0,0,0.0,0.0,0.0,0,0.0,0,5,3,45.0,1,10.5,13.5,,,74.0,215.0,29.173388888888887,7.0,Central Florida,2015.0,2015.0,BAL,26.0,,0.15151516
2022,3,00-0032054,B.Perriman,WR,TB,GB,0,0,0.0,0,0.0,0.0,0.0,1,0.0,0,4,3,44.0,0,2.4,5.4,,,74.0,215.0,29.173388888888887,7.0,Central Florida,2015.0,2015.0,BAL,26.0,-2.0,0.1
2022,6,00-0032054,B.Perriman,WR,TB,PIT,0,0,0.0,0,0.0,0.0,0.0,0,0.0,0,1,0,0.0,0,0.0,0.0,,,74.0,215.0,29.173388888888887,7.0,Central Florida,2015.0,2015.0,BAL,26.0,,0.027027028
2022,8,00-0032054,B.Perriman,WR,TB,BAL,0,0,0.0,0,0.0,0.0,0.0,0,0.0,0,1,1,11.0,0,1.1,2.1,,,74.0,215.0,29.173388888888887,7.0,Central Florida,2015.0,2015.0,BAL,26.0,-5.0,0.023809524
2022,9,00-0032054,B.Perriman,WR,TB,LA,0,0,0.0,0,0.0,0.0,0.0,0,0.0,0,2,1,1.0,0,0.1,1.1,,,74.0,215.0,29.173388888888887,7.0,Central Florida,2015.0,2015.0,BAL,26.0,3.0,0.036363635
2022,12,00-0032054,B.Perriman,WR,TB,CLE,0,0,0.0,0,0.0,0.0,0.0,0,0.0,0,1,0,0.0,0,0.0,0.0,,,74.0,215.0,29.173388888888887,7.0,Central Florida,2015.0,2015.0,BAL,26.0,,0.023809524
2022,18,00-0032054,B.Perriman,WR,TB,ATL,0,0,0.0,0,0.0,0.0,0.0,0,0.0,0,2,1,9.0,0,0.9,1.9,,,74.0,215.0,29.173388888888887,7.0,Central Florida,2015.0,2015.0,BAL,26.0,,0.060606062
2022,5,00-0032058,T.Coleman,RB,SF,CAR,0,0,0.0,0,0.0,0.0,0.0,8,23.0,1,3,3,44.0,1,18.7,21.7,,,73.0,210.0,29.606894736842104,7.0,Indiana,2015.0,2015.0,ATL,73.0,,0.1
2022,6,00-0032058,T.Coleman,RB,SF,ATL,0,0,0.0,0,0.0,0.0,0.0,4,3.0,0,0,0,0.0,0,0.3,0.3,,,73.0,210.0,29.606894736842104,7.0,Indiana,2015.0,2015.0,ATL,73.0,,
2022,17,00-0032062,B.Bell,TE,KC,DEN,0,0,0.0,0,0.0,0.0,0.0,0,0.0,0,1,1,17.0,1,7.7,8.7,,,78.0,252.0,31.294150000000002,7.0,Oklahoma,2015.0,2015.0,SF,117.0,3.0,0.024390243
2022,18,00-0032062,B.Bell,TE,KC,LV,0,0,0.0,0,0.0,0.0,0.0,0,0.0,0,1,1,3.0,0,0.3,1.3,,,78.0,252.0,31.294150000000002,7.0,Oklahoma,2015.0,2015.0,SF,117.0,,0.041666668
2022,20,00-0032062,B.Bell,TE,KC,JAX,0,0,0.0,0,0.0,0.0,0.0,0,0.0,0,2,1,4.0,0,0.4,1.4,,,78.0,252.0,31.294150000000002,7.0,Oklahoma,2015.0,2015.0,SF,117.0,7.0,0.057142857
2022,1,00-0032063,M.Davis,RB,BAL,NYJ,0,0,0.0,0,0.0,0.0,0.0,2,11.0,0,0,0,0.0,0,1.1,1.1,,,69.0,221.0,29.67830769230769,7.0,South Carolina,2015.0,2015.0,SF,126.0,,
2022,2,00-0032063,M.Davis,RB,BAL,MIA,0,0,0.0,0,0.0,0.0,0.0,5,4.0,0,0,0,0.0,0,0.4,0.4,,,69.0,221.0,29.67830769230769,7.0,South Carolina,2015.0,2015.0,SF,126.0,-4.0,
2022,5,00-0032063,M.Davis,RB,BAL,CIN,0,0,0.0,0,0.0,0.0,0.0,1,3.0,0,0,0,0.0,0,0.3,0.3,,,69.0,221.0,29.67830769230769,7.0,South Carolina,2015.0,2015.0,SF,126.0,2.0,
2022,9,00-0032063,M.Davis,RB,BAL,NO,0,0,0.0,0,0.0,0.0,0.0,0,0.0,0,1,1,7.0,0,0.7,1.7,,,69.0,221.0,29.67830769230769,7.0,South Carolina,2015.0,2015.0,SF,126.0,,0.045454547
2022,11,00-0032063,M.Davis,RB,BAL,CAR,0,0,0.0,0,0.0,0.0,0.0,0,0.0,0,1,1,-3.0,0,-0.3,0.7,,,69.0,221.0,29.67830769230769,7.0,South Carolina,2015.0,2015.0,SF,126.0,10.0,0.03125
2022,1,00-0032104,A.Abdullah,RB,LV,LAC,0,0,0.0,0,0.0,0.0,0.0,0,0.0,0,1,0,0.0,0,0.0,0.0,,,68.0,203.0,29.411941176470588,7.0,Nebraska,2015.0,2015.0,DET,54.0,,0.028571429
2022,2,00-0032104,A.Abdullah,RB,LV,ARI,0,0,0.0,0,0.0,0.0,0.0,0,0.0,0,1,1,23.0,0,2.3,3.3,,,68.0,203.0,29.411941176470588,7.0,Nebraska,2015.0,2015.0,DET,54.0,-6.0,0.025641026
2022,7,00-0032104,A.Abdullah,RB,LV,HOU,0,0,0.0,0,0.0,0.0,0.0,0,0.0,0,2,2,7.0,0,0.7,2.7,,,68.0,203.0,29.411941176470588,7.0,Nebraska,2015.0,2015.0,DET,54.0,18.0,0.07692308
2022,8,00-0032104,A.Abdullah,RB,LV,NO,0,0,0.0,0,0.0,0.0,0.0,0,0.0,0,5,4,28.0,0,2.8,6.8,,,68.0,203.0,29.411941176470588,7.0,Nebraska,2015.0,2015.0,DET,54.0,,0.12820514
2022,9,00-0032104,A.Abdullah,RB,LV,JAX,0,0,0.0,0,0.0,0.0,0.0,0,0.0,0,3,1,8.0,0,0.8,1.8,,,68.0,203.0,29.411941176470588,7.0,Nebraska,2015.0,2015.0,DET,54.0,,0.083333336
2022,10,00-0032104,A.Abdullah,RB,LV,IND,0,0,0.0,0,0.0,0.0,0.0,0,0.0,0,4,4,33.0,0,3.3,7.3,,,68.0,203.0,29.411941176470588,7.0,Nebraska,2015.0,2015.0,DET,54.0,-5.0,0.10526316
2022,11,00-0032104,A.Abdullah,RB,LV,DEN,0,0,0.0,0,0.0,0.0,0.0,0,0.0,0,4,3,5.0,0,0.5,3.5,,,68.0,203.0,29.411941176470588,7.0,Nebraska,2015.0,2015.0,DET,54.0,,0.10810811
2022,12,00-0032104,A.Abdullah,RB,LV,SEA,0,0,0.0,0,0.0,0.0,0.0,3,16.0,0,3,3,39.0,1,11.5,14.5,,,68.0,203.0,29.411941176470588,7.0,Nebraska,2015.0,2015.0,DET,54.0,,0.083333336
2022,13,00-0032104,A.Abdullah,RB,LV,LAC,0,0,0.0,0,0.0,0.0,0.0,1,4.0,0,1,0,0.0,0,0.4,0.4,,,68.0,203.0,29.411941176470588,7.0,Nebraska,2015.0,2015.0,DET,54.0,7.0,0.037037037
2022,14,00-0032104,A.Abdullah,RB,LV,LA,0,0,0.0,0,0.0,0.0,0.0,0,0.0,0,2,2,17.0,0,1.7,3.7,,,68.0,203.0,29.411941176470588,7.0,Nebraska,2015.0,2015.0,DET,54.0,,0.10526316
2022,15,00-0032104,A.Abdullah,RB,LV,NE,0,0,0.0,0,0.0,0.0,0.0,0,0.0,0,2,2,14.0,0,1.4,3.4,,,68.0,203.0,29.411941176470588,7.0,Nebraska,2015.0,2015.0,DET,54.0,6.0,0.0625
2022,16,00-0032104,A.Abdullah,RB,LV,PIT,0,0,0.0,0,0.0,0.0,0.0,0,0.0,0,2,2,27.0,0,2.7,4.7,,,68.0,203.0,29.411941176470588,7.0,Nebraska,2015.0,2015.0,DET,54.0,,0.06666667
2022,18,00-0032104,A.Abdullah,RB,LV,KC,0,0,0.0,0,0.0,0.0,0.0,0,0.0,0,2,1,10.0,0,1.0,2.0,,,68.0,203.0,29.411941176470588,7.0,Nebraska,2015.0,2015.0,DET,54.0,-18.0,0.05882353
2022,1,00-0032128,C.Conley,WR,HOU,IND,0,0,0.0,0,0.0,0.0,0.0,0,0.0,0,2,0,0.0,0,0.0,0.0,,,75.0,205.0,30.039944444444448,7.0,Georgia,2015.0,2015.0,KC,76.0,0.0,0.055555556
2022,9,00-0032128,C.Conley,WR,TEN,KC,0,0,0.0,0,0.0,0.0,0.0,0,0.0,0,1,0,0.0,0,0.0,0.0,,,75.0,205.0,30.039944444444448,7.0,Georgia,2015.0,2015.0,KC,76.0,,0.07692308
2022,14,00-0032128,C.Conley,WR,TEN,JAX,0,0,0.0,0,0.0,0.0,0.0,0,0.0,0,1,1,27.0,0,2.7,3.7,,,75.0,205.0,30.039944444444448,7.0,Georgia,2015.0,2015.0,KC,76.0,-14.0,0.02631579
2022,15,00-0032128,C.Conley,WR,TEN,LAC,0,0,0.0,0,0.0,0.0,0.0,0,0.0,0,3,3,19.0,0,1.9,4.9,,,75.0,205.0,30.039944444444448,7.0,Georgia,2015.0,2015.0,KC,76.0,,0.115384616
2022,3,00-0032134,C.Uzomah,TE,NYJ,CIN,0,0,0.0,0,0.0,0.0,0.0,0,0.0,0,1,1,5.0,0,0.5,1.5,,,77.0,260.0,29.81829411764706,7.0,Auburn,2015.0,2015.0,CIN,157.0,-15.0,0.020833334
2022,5,00-0032134,C.Uzomah,TE,NYJ,MIA,0,0,0.0,0,0.0,0.0,0.0,0,0.0,0,2,2,12.0,0,1.2,3.2,,,77.0,260.0,29.81829411764706,7.0,Auburn,2015.0,2015.0,CIN,157.0,23.0,0.0952381
2022,6,00-0032134,C.Uzomah,TE,NYJ,GB,0,0,0.0,0,0.0,0.0,0.0,0,0.0,0,2,2,17.0,0,1.7,3.7,,,77.0,260.0,29.81829411764706,7.0,Auburn,2015.0,2015.0,CIN,157.0,,0.11764706
2022,7,00-0032134,C.Uzomah,TE,NYJ,DEN,0,0,0.0,0,0.0,0.0,0.0,0,0.0,0,2,1,5.0,0,0.5,1.5,,,77.0,260.0,29.81829411764706,7.0,Auburn,2015.0,2015.0,CIN,157.0,,0.08695652
2022,8,00-0032134,C.Uzomah,TE,NYJ,NE,0,0,0.0,0,0.0,0.0,0.0,0,0.0,0,1,1,27.0,0,2.7,3.7,,,77.0,260.0,29.81829411764706,7.0,Auburn,2015.0,2015.0,CIN,157.0,-5.0,0.029411765
2022,9,00-0032134,C.Uzomah,TE,NYJ,BUF,0,0,0.0,0,0.0,0.0,0.0,0,0.0,0,3,3,16.0,0,1.6,4.6,,,77.0,260.0,29.81829411764706,7.0,Auburn,2015.0,2015.0,CIN,157.0,3.0,0.125
2022,12,00-0032134,C.Uzomah,TE,NYJ,CHI,0,0,0.0,0,0.0,0.0,0.0,0,0.0,0,3,3,17.0,0,1.7,4.7,,,77.0,260.0,29.81829411764706,7.0,Auburn,2015.0,2015.0,CIN,157.0,21.0,0.10714286
2022,13,00-0032134,C.Uzomah,TE,NYJ,MIN,0,0,0.0,0,0.0,0.0,0.0,0,0.0,0,1,1,31.0,0,3.1,4.1,,,77.0,260.0,29.81829411764706,7.0,Auburn,2015.0,2015.0,CIN,157.0,,0.018181818
2022,14,00-0032134,C.Uzomah,TE,NYJ,BUF,0,0,0.0,0,0.0,0.0,0.0,0,0.0,0,2,1,7.0,0,0.7,1.7,,,77.0,260.0,29.81829411764706,7.0,Auburn,2015.0,2015.0,CIN,157.0,,0.045454547
2022,15,00-0032134,C.Uzomah,TE,NYJ,DET,0,0,0.0,0,0.0,0.0,0.0,0,0.0,0,2,2,41.0,2,16.1,18.1,,,77.0,260.0,29.81829411764706,7.0,Auburn,2015.0,2015.0,CIN,157.0,-3.0,0.05882353
2022,16,00-0032134,C.Uzomah,TE,NYJ,JAX,0,0,0.0,0,0.0,0.0,0.0,0,0.0,0,1,1,30.0,0,3.0,4.0,,,77.0,260.0,29.81829411764706,7.0,Auburn,2015.0,2015.0,CIN,157.0,-16.0,0.033333335
2022,17,00-0032134,C.Uzomah,TE,NYJ,SEA,0,0,0.0,0,0.0,0.0,0.0,0,0.0,0,7,3,24.0,0,2.4,5.4,,,77.0,260.0,29.81829411764706,7.0,Auburn,2015.0,2015.0,CIN,157.0,,0.15555556
2022,1,00-0032141,G.Swaim,TE,TEN,NYG,0,0,0.0,0,0.0,0.0,0.0,0,0.0,0,4,3,19.0,0,1.9,4.9,,,76.0,260.0,29.151411764705884,7.0,Texas,2015.0,2015.0,DAL,246.0,-1.0,0.12903225
2022,3,00-0032141,G.Swaim,TE,TEN,LV,0,0,0.0,0,0.0,0.0,0.0,0,0.0,0,3,3,19.0,1,7.9,10.9,,,76.0,260.0,29.151411764705884,7.0,Texas,2015.0,2015.0,DAL,246.0,2.0,0.115384616
2022,5,00-0032141,G.Swaim,TE,TEN,WAS,0,0,0.0,0,0.0,0.0,0.0,0,0.0,0,1,1,5.0,0,0.5,1.5,,,76.0,260.0,29.151411764705884,7.0,Texas,2015.0,2015.0,DAL,246.0,,0.04347826
2022,7,00-0032141,G.Swaim,TE,TEN,IND,0,0,0.0,0,0.0,0.0,0.0,0,0.0,0,1,0,0.0,0,0.0,0.0,,,76.0,260.0,29.151411764705884,7.0,Texas,2015.0,2015.0,DAL,246.0,9.0,0.05
2022,10,00-0032141,G.Swaim,TE,TEN,DEN,0,0,0.0,0,0.0,0.0,0.0,0,0.0,0,1,0,0.0,0,0.0,0.0,,,76.0,260.0,29.151411764705884,7.0,Texas,2015.0,2015.0,DAL,246.0,7.0,0.027777778
2022,11,00-0032141,G.Swaim,TE,TEN,GB,0,0,0.0,0,0.0,0.0,0.0,0,0.0,0,1,1,3.0,0,0.3,1.3,,,76.0,260.0,29.151411764705884,7.0,Texas,2015.0,2015.0,DAL,246.0,,0.037037037
2022,12,00-0032141,G.Swaim,TE,TEN,CIN,0,0,0.0,0,0.0,0.0,0.0,0,0.0,0,1,0,0.0,0,0.0,0.0,,,76.0,260.0,29.151411764705884,7.0,Texas,2015.0,2015.0,DAL,246.0,-4.0,0.029411765
2022,13,00-0032141,G.Swaim,TE,TEN,PHI,0,0,0.0,0,0.0,0.0,0.0,0,0.0,0,1,1,4.0,0,0.4,1.4,,,76.0,260.0,29.151411764705884,7.0,Texas,2015.0,2015.0,DAL,246.0,,0.04
2022,16,00-0032141,G.Swaim,TE,TEN,HOU,0,0,0.0,0,0.0,0.0,0.0,0,0.0,0,1,1,-1.0,0,-0.1,0.9,,,76.0,260.0,29.151411764705884,7.0,Texas,2015.0,2015.0,DAL,246.0,-5.0,0.05
2022,17,00-0032141,G.Swaim,TE,TEN,DAL,0,0,0.0,0,0.0,0.0,0.0,0,0.0,0,1,1,4.0,0,0.4,1.4,,,76.0,260.0,29.151411764705884,7.0,Texas,2015.0,2015.0,DAL,246.0,-14.0,0.02631579
2022,18,00-0032141,G.Swaim,TE,TEN,JAX,0,0,0.0,0,0.0,0.0,0.0,0,0.0,0,1,1,5.0,0,0.5,1.5,,,76.0,260.0,29.151411764705884,7.0,Texas,2015.0,2015.0,DAL,246.0,,0.037037037
2022,1,00-0032144,M.Gordon,RB,DEN,SEA,0,0,0.0,0,0.0,0.0,0.0,12,58.0,0,2,2,14.0,0,5.2,7.2,,,73.0,215.0,29.609500000000004,7.0,Wisconsin,2015.0,2015.0,SD,15.0,,0.048780486
2022,2,00-0032144,M.Gordon,RB,DEN,HOU,0,0,0.0,0,0.0,0.0,0.0,10,47.0,0,1,1,6.0,0,5.3,6.3,,,73.0,215.0,29.609500000000004,7.0,Wisconsin,2015.0,2015.0,SD,15.0,7.0,0.035714287
2022,3,00-0032144,M.Gordon,RB,DEN,SF,0,0,0.0,0,0.0,0.0,0.0,12,26.0,1,6,5,29.0,0,11.5,16.5,,,73.0,215.0,29.609500000000004,7.0,Wisconsin,2015.0,2015.0,SD,15.0,1.0,0.1875
2022,4,00-0032144,M.Gordon,RB,DEN,LV,0,0,0.0,0,0.0,0.0,0.0,3,8.0,0,1,0,0.0,0,-1.2,-1.2,,,73.0,215.0,29.609500000000004,7.0,Wisconsin,2015.0,2015.0,SD,15.0,,0.04
2022,5,00-0032144,M.Gordon,RB,DEN,IND,0,0,0.0,0,0.0,0.0,0.0,15,54.0,0,3,3,49.0,0,10.3,13.3,,,73.0,215.0,29.609500000000004,7.0,Wisconsin,2015.0,2015.0,SD,15.0,-3.0,0.078947365
2022,6,00-0032144,M.Gordon,RB,DEN,LAC,0,0,0.0,0,0.0,0.0,0.0,3,8.0,0,0,0,0.0,0,0.8,0.8,,,73.0,215.0,29.609500000000004,7.0,Wisconsin,2015.0,2015.0,SD,15.0,,
2022,7,00-0032144,M.Gordon,RB,DEN,NYJ,0,0,0.0,0,0.0,0.0,0.0,11,33.0,0,4,2,17.0,0,5.0,7.0,,,73.0,215.0,29.609500000000004,7.0,Wisconsin,2015.0,2015.0,SD,15.0,-7.0,0.08888889
2022,8,00-0032144,M.Gordon,RB,DEN,JAX,0,0,0.0,0,0.0,0.0,0.0,9,29.0,1,4,3,23.0,0,11.2,14.2,,,73.0,215.0,29.609500000000004,7.0,Wisconsin,2015.0,2015.0,SD,15.0,,0.15384616
2022,10,00-0032144,M.Gordon,RB,DEN,TEN,0,0,0.0,0,0.0,0.0,0.0,7,24.0,0,6,4,46.0,0,7.0,11.0,,,73.0,215.0,29.609500000000004,7.0,Wisconsin,2015.0,2015.0,SD,15.0,,0.15384616
2022,11,00-0032144,M.Gordon,RB,DEN,LV,0,0,0.0,0,0.0,0.0,0.0,8,31.0,0,5,5,39.0,0,7.0,12.0,,,73.0,215.0,29.609500000000004,7.0,Wisconsin,2015.0,2015.0,SD,15.0,-6.0,0.17857143
2022,8,00-0032156,T.Siemian,QB,CHI,DAL,1,1,5.0,0,0.0,0.0,-0.0,0,0.0,0,0,0,0.0,0,0.2,0.2,,,75.0,220.0,30.86776470588235,7.0,Northwestern,2015.0,2015.0,DEN,250.0,,
2022,12,00-0032156,T.Siemian,QB,CHI,NYJ,14,25,179.0,1,1.0,2.0,14.0,4,8.0,0,0,0,0.0,0,9.96,9.96,,,75.0,220.0,30.86776470588235,7.0,Northwestern,2015.0,2015.0,DEN,250.0,,
2022,11,00-0032187,D.Johnson,RB,NO,LA,0,0,0.0,0,0.0,0.0,0.0,1,-4.0,0,1,1,11.0,0,0.7,1.7,,,73.0,224.0,30.998142857142856,7.0,Northern Iowa,2015.0,2015.0,ARI,86.0,7.0,0.037037037
2022,15,00-0032187,D.Johnson,RB,NO,ATL,0,0,0.0,0,0.0,0.0,0.0,4,12.0,0,0,0,0.0,0,-0.8,-0.8,,,73.0,224.0,30.998142857142856,7.0,Northern Iowa,2015.0,2015.0,ARI,86.0,3.0,
2022,16,00-0032187,D.Johnson,RB,NO,CLE,0,0,0.0,0,0.0,0.0,0.0,7,16.0,0,1,1,8.0,0,2.4,3.4,,,73.0,224.0,30.998142857142856,7.0,Northern Iowa,2015.0,2015.0,ARI,86.0,,0.071428575
2022,18,00-0032187,D.Johnson,RB,NO,CAR,0,0,0.0,0,0.0,0.0,0.0,0,0.0,0,2,2,28.0,0,2.8,4.8,,,73.0,224.0,30.998142857142856,7.0,Northern Iowa,2015.0,2015.0,ARI,86.0,-3.0,0.08
2022,1,00-0032200,T.Montgomery,WR,NE,MIA,0,0,0.0,0,0.0,0.0,0.0,2,-2.0,0,4,3,15.0,1,7.3,10.3,,,72.0,216.0,29.79594117647059,7.0,Stanford,2015.0,2015.0,GB,94.0,,0.13333334
2022,1,00-0032208,P.Dorsett,WR,HOU,IND,0,0,0.0,0,0.0,0.0,0.0,0,0.0,0,1,0,0.0,0,0.0,0.0,,,70.0,192.0,29.84729411764706,7.0,Miami,2015.0,2015.0,IND,29.0,0.0,0.027777778
2022,3,00-0032208,P.Dorsett,WR,HOU,CHI,0,0,0.0,0,0.0,0.0,0.0,0,0.0,0,1,1,15.0,0,1.5,2.5,,,70.0,192.0,29.84729411764706,7.0,Miami,2015.0,2015.0,IND,29.0,,0.032258064
2022,4,00-0032208,P.Dorsett,WR,HOU,LAC,0,0,0.0,0,0.0,0.0,0.0,0,0.0,0,2,0,0.0,0,0.0,0.0,,,70.0,192.0,29.84729411764706,7.0,Miami,2015.0,2015.0,IND,29.0,-10.0,0.057142857
2022,7,00-0032208,P.Dorsett,WR,HOU,LV,0,0,0.0,0,0.0,0.0,0.0,0,0.0,0,3,2,45.0,1,10.5,12.5,,,70.0,192.0,29.84729411764706,7.0,Miami,2015.0,2015.0,IND,29.0,,0.075
2022,8,00-0032208,P.Dorsett,WR,HOU,TEN,0,0,0.0,0,0.0,0.0,0.0,0,0.0,0,5,1,6.0,0,0.6,1.6,,,70.0,192.0,29.84729411764706,7.0,Miami,2015.0,2015.0,IND,29.0,-7.0,0.16666667
2022,9,00-0032208,P.Dorsett,WR,HOU,PHI,0,0,0.0,0,0.0,0.0,0.0,0,0.0,0,5,3,69.0,0,6.9,9.9,,,70.0,192.0,29.84729411764706,7.0,Miami,2015.0,2015.0,IND,29.0,-12.0,0.23809524
2022,10,00-0032208,P.Dorsett,WR,HOU,NYG,0,0,0.0,0,0.0,0.0,0.0,0,0.0,0,4,2,22.0,0,2.2,4.2,,,70.0,192.0,29.84729411764706,7.0,Miami,2015.0,2015.0,IND,29.0,,0.10810811
2022,11,00-0032208,P.Dorsett,WR,HOU,WAS,0,0,0.0,0,0.0,0.0,0.0,0,0.0,0,1,0,0.0,0,0.0,0.0,,,70.0,192.0,29.84729411764706,7.0,Miami,2015.0,2015.0,IND,29.0,-13.0,0.03125
2022,12,00-0032208,P.Dorsett,WR,HOU,MIA,0,0,0.0,0,0.0,0.0,0.0,0,0.0,0,2,1,5.0,0,0.5,1.5,,,70.0,192.0,29.84729411764706,7.0,Miami,2015.0,2015.0,IND,29.0,,0.05263158
2022,13,00-0032208,P.Dorsett,WR,HOU,CLE,0,0,0.0,0,0.0,0.0,0.0,0,0.0,0,3,2,18.0,0,1.8,3.8,,,70.0,192.0,29.84729411764706,7.0,Miami,2015.0,2015.0,IND,29.0,-13.0,0.08108108
2022,14,00-0032208,P.Dorsett,WR,HOU,DAL,0,0,0.0,0,0.0,0.0,0.0,0,0.0,0,3,2,18.0,0,1.8,3.8,,,70.0,192.0,29.84729411764706,7.0,Miami,2015.0,2015.0,IND,29.0,,0.125
2022,15,00-0032208,P.Dorsett,WR,HOU,KC,0,1,0.0,0,0.0,0.0,-0.0,0,0.0,0,1,0,0.0,0,0.0,0.0,,,70.0,192.0,29.84729411764706,7.0,Miami,2015.0,2015.0,IND,29.0,-6.0,0.037037037
2022,16,00-0032208,P.Dorsett,WR,HOU,TEN,0,0,0.0,0,0.0,0.0,0.0,0,0.0,0,3,3,45.0,0,4.5,7.5,,,70.0,192.0,29.84729411764706,7.0,Miami,2015.0,2015.0,IND,29.0,,0.10344828
2022,17,00-0032208,P.Dorsett,WR,HOU,JAX,0,0,0.0,0,0.0,0.0,0.0,0,0.0,0,6,3,14.0,0,1.4,4.4,,,70.0,192.0,29.84729411764706,7.0,Miami,2015.0,2015.0,IND,29.0,-28.0,0.14285715
2022,1,00-0032211,T.Lockett,WR,SEA,DEN,0,0,0.0,0,0.0,0.0,0.0,0,0.0,0,4,3,28.0,0,2.8,5.8,,,70.0,182.0,30.122888888888887,7.0,Kansas State,2015.0,2015.0,SEA,69.0,1.0,0.14814815
2022,2,00-0032211,T.Lockett,WR,SEA,SF,0,0,0.0,0,0.0,0.0,0.0,0,0.0,0,11,9,107.0,0,10.7,19.7,,,70.0,182.0,30.122888888888887,7.0,Kansas State,2015.0,2015.0,SEA,69.0,,0.36666667
2022,3,00-0032211,T.Lockett,WR,SEA,ATL,0,0,0.0,0,0.0,0.0,0.0,0,0.0,0,11,9,76.0,0,7.6,16.6,,,70.0,182.0,30.122888888888887,7.0,Kansas State,2015.0,2015.0,SEA,69.0,-4.0,0.25
2022,4,00-0032211,T.Lockett,WR,SEA,DET,0,0,0.0,0,0.0,0.0,0.0,0,0.0,0,8,6,91.0,0,9.1,15.1,,,70.0,182.0,30.122888888888887,7.0,Kansas State,2015.0,2015.0,SEA,69.0,,0.27586207
2022,5,00-0032211,T.Lockett,WR,SEA,NO,0,0,0.0,0,0.0,0.0,0.0,0,0.0,0,6,5,104.0,2,22.4,27.4,,,70.0,182.0,30.122888888888887,7.0,Kansas State,2015.0,2015.0,SEA,69.0,,0.25
2022,6,00-0032211,T.Lockett,WR,SEA,ARI,0,0,0.0,0,0.0,0.0,0.0,0,0.0,0,5,2,17.0,0,1.7,3.7,,,70.0,182.0,30.122888888888887,7.0,Kansas State,2015.0,2015.0,SEA,69.0,10.0,0.16666667
2022,7,00-0032211,T.Lockett,WR,SEA,LAC,0,0,0.0,0,0.0,0.0,0.0,0,0.0,0,8,7,45.0,0,4.5,11.5,,,70.0,182.0,30.122888888888887,7.0,Kansas State,2015.0,2015.0,SEA,69.0,,0.30769232
2022,8,00-0032211,T.Lockett,WR,SEA,NYG,0,0,0.0,0,0.0,0.0,0.0,0,0.0,0,8,5,63.0,1,10.3,15.3,,,70.0,182.0,30.122888888888887,7.0,Kansas State,2015.0,2015.0,SEA,69.0,14.0,0.24242425
2022,9,00-0032211,T.Lockett,WR,SEA,ARI,0,0,0.0,0,0.0,0.0,0.0,0,0.0,0,5,5,67.0,1,12.7,17.7,,,70.0,182.0,30.122888888888887,7.0,Kansas State,2015.0,2015.0,SEA,69.0,,0.15625
2022,10,00-0032211,T.Lockett,WR,SEA,TB,0,0,0.0,0,0.0,0.0,0.0,0,0.0,0,5,3,42.0,1,10.2,13.2,,,70.0,182.0,30.122888888888887,7.0,Kansas State,2015.0,2015.0,SEA,69.0,,0.15151516
2022,12,00-0032211,T.Lockett,WR,SEA,LV,0,0,0.0,0,0.0,0.0,0.0,0,0.0,0,7,3,68.0,1,12.8,15.8,,,70.0,182.0,30.122888888888887,7.0,Kansas State,2015.0,2015.0,SEA,69.0,-6.0,0.1891892
2022,13,00-0032211,T.Lockett,WR,SEA,LA,0,0,0.0,0,0.0,0.0,0.0,0,0.0,0,12,9,128.0,1,18.8,27.8,,,70.0,182.0,30.122888888888887,7.0,Kansas State,2015.0,2015.0,SEA,69.0,,0.3243243
2022,14,00-0032211,T.Lockett,WR,SEA,CAR,0,0,0.0,0,0.0,0.0,0.0,0,0.0,0,9,5,60.0,1,12.0,17.0,,,70.0,182.0,30.122888888888887,7.0,Kansas State,2015.0,2015.0,SEA,69.0,-6.0,0.25
2022,15,00-0032211,T.Lockett,WR,SEA,SF,0,0,0.0,0,0.0,0.0,0.0,0,0.0,0,9,7,68.0,0,6.8,13.8,,,70.0,182.0,30.122888888888887,7.0,Kansas State,2015.0,2015.0,SEA,69.0,-8.0,0.2195122
2022,17,00-0032211,T.Lockett,WR,SEA,NYJ,0,0,0.0,0,0.0,0.0,0.0,0,0.0,0,2,2,15.0,0,1.5,3.5,,,70.0,182.0,30.122888888888887,7.0,Kansas State,2015.0,2015.0,SEA,69.0,17.0,0.071428575
2022,18,00-0032211,T.Lockett,WR,SEA,LA,0,0,0.0,0,0.0,0.0,0.0,0,0.0,0,7,4,54.0,1,11.4,15.4,,,70.0,182.0,30.122888888888887,7.0,Kansas State,2015.0,2015.0,SEA,69.0,3.0,0.25
2022,19,00-0032211,T.Lockett,WR,SEA,SF,0,0,0.0,0,0.0,0.0,0.0,0,0.0,0,8,6,39.0,0,3.9,9.9,,,70.0,182.0,30.122888888888887,7.0,Kansas State,2015.0,2015.0,SEA,69.0,,0.23529412
2022,1,00-0032214,T.Kroft,TE,SF,CHI,0,0,0.0,0,0.0,0.0,0.0,0,0.0,0,2,1,9.0,0,0.9,1.9,,,78.0,250.0,30.0988,7.0,Rutgers,2015.0,2015.0,CIN,85.0,,0.07692308
2022,8,00-0032214,T.Kroft,TE,SF,LA,0,0,0.0,0,0.0,0.0,0.0,0,0.0,0,1,1,6.0,0,0.6,1.6,,,78.0,250.0,30.0988,7.0,Rutgers,2015.0,2015.0,CIN,85.0,,0.03846154
2022,13,00-0032214,T.Kroft,TE,SF,MIA,0,0,0.0,0,0.0,0.0,0.0,0,0.0,0,1,1,14.0,0,1.4,2.4,,,78.0,250.0,30.0988,7.0,Rutgers,2015.0,2015.0,CIN,85.0,16.0,0.025
2022,15,00-0032214,T.Kroft,TE,SF,SEA,0,0,0.0,0,0.0,0.0,0.0,0,0.0,0,1,1,28.0,0,2.8,3.8,,,78.0,250.0,30.0988,7.0,Rutgers,2015.0,2015.0,CIN,85.0,,0.03846154
2022,10,00-0032257,D.Johnson,RB,BUF,MIN,0,0,0.0,0,0.0,0.0,0.0,2,4.0,0,0,0,0.0,0,0.4,0.4,,,69.0,210.0,29.143777777777775,7.0,Miami,2015.0,2015.0,CLE,77.0,-3.0,
2022,1,00-0032268,M.Mariota,QB,ATL,NO,20,33,215.0,0,0.0,0.0,-0.0,12,72.0,1,0,0,0.0,0,19.8,19.8,,,76.0,222.0,29.022235294117646,7.0,Oregon,2015.0,2015.0,TEN,2.0,-1.0,
2022,2,00-0032268,M.Mariota,QB,ATL,LA,17,26,196.0,2,2.0,3.0,25.0,6,16.0,0,0,0,0.0,0,13.44,13.44,,,76.0,222.0,29.022235294117646,7.0,Oregon,2015.0,2015.0,TEN,2.0,,
2022,3,00-0032268,M.Mariota,QB,ATL,SEA,13,20,229.0,1,1.0,3.0,22.0,7,4.0,1,0,0,0.0,0,15.56,15.56,,,76.0,222.0,29.022235294117646,7.0,Oregon,2015.0,2015.0,TEN,2.0,,
2022,4,00-0032268,M.Mariota,QB,ATL,CLE,7,19,139.0,0,1.0,1.0,8.0,5,3.0,0,0,0,0.0,0,3.86,3.86,,,76.0,222.0,29.022235294117646,7.0,Oregon,2015.0,2015.0,TEN,2.0,3.0,
2022,5,00-0032268,M.Mariota,QB,ATL,TB,14,25,147.0,1,0.0,5.0,37.0,7,61.0,0,0,0,0.0,0,17.98,17.98,,,76.0,222.0,29.022235294117646,7.0,Oregon,2015.0,2015.0,TEN,2.0,,
2022,6,00-0032268,M.Mariota,QB,ATL,SF,13,14,129.0,2,0.0,2.0,8.0,6,50.0,1,0,0,0.0,0,24.16,24.16,,,76.0,222.0,29.022235294117646,7.0,Oregon,2015.0,2015.0,TEN,2.0,14.0,
2022,7,00-0032268,M.Mariota,QB,ATL,CIN,8,13,124.0,1,0.0,3.0,17.0,6,31.0,0,0,0,0.0,0,12.06,12.06,,,76.0,222.0,29.022235294117646,7.0,Oregon,2015.0,2015.0,TEN,2.0,,
2022,8,00-0032268,M.Mariota,QB,ATL,CAR,20,28,253.0,3,2.0,2.0,14.0,6,43.0,0,0,0,0.0,0,22.42,22.42,,,76.0,222.0,29.022235294117646,7.0,Oregon,2015.0,2015.0,TEN,2.0,3.0,
2022,9,00-0032268,M.Mariota,QB,ATL,LAC,12,23,129.0,0,0.0,2.0,15.0,5,24.0,0,0,0,0.0,0,7.56,7.56,,,76.0,222.0,29.022235294117646,7.0,Oregon,2015.0,2015.0,TEN,2.0,-3.0,
2022,10,00-0032268,M.Mariota,QB,ATL,CAR,19,30,186.0,2,1.0,5.0,33.0,3,43.0,0,0,0,0.0,0,17.74,17.74,,,76.0,222.0,29.022235294117646,7.0,Oregon,2015.0,2015.0,TEN,2.0,,
2022,11,00-0032268,M.Mariota,QB,ATL,CHI,13,20,131.0,1,0.0,0.0,-0.0,13,25.0,1,0,0,0.0,0,17.74,17.74,,,76.0,222.0,29.022235294117646,7.0,Oregon,2015.0,2015.0,TEN,2.0,3.0,
2022,12,00-0032268,M.Mariota,QB,ATL,WAS,15,25,174.0,1,1.0,1.0,9.0,6,49.0,0,0,0,0.0,0,13.86,13.86,,,76.0,222.0,29.022235294117646,7.0,Oregon,2015.0,2015.0,TEN,2.0,,
2022,13,00-0032268,M.Mariota,QB,ATL,PIT,13,24,167.0,1,1.0,1.0,7.0,3,17.0,0,0,0,0.0,0,10.38,10.38,,,76.0,222.0,29.022235294117646,7.0,Oregon,2015.0,2015.0,TEN,2.0,-3.0,
2022,1,00-0032385,S.Shepard,WR,NYG,TEN,0,0,0.0,0,0.0,0.0,0.0,0,0.0,0,4,2,71.0,1,13.1,15.1,,,70.0,201.0,29.76542105263158,6.0,Oklahoma,2016.0,2016.0,NYG,40.0,,0.1904762
2022,2,00-0032385,S.Shepard,WR,NYG,CAR,0,0,0.0,0,0.0,0.0,0.0,0,0.0,0,10,6,34.0,0,3.4,9.4,,,70.0,201.0,29.76542105263158,6.0,Oklahoma,2016.0,2016.0,NYG,40.0,3.0,0.3125
2022,3,00-0032385,S.Shepard,WR,NYG,DAL,0,0,0.0,0,0.0,0.0,0.0,0,0.0,0,10,5,49.0,0,4.9,9.9,,,70.0,201.0,29.76542105263158,6.0,Oklahoma,2016.0,2016.0,NYG,40.0,-7.0,0.3125
2022,1,00-0032392,A.Hooper,TE,TEN,NYG,0,0,0.0,0,0.0,0.0,0.0,0,0.0,0,2,1,6.0,0,0.6,1.6,,,76.0,254.0,28.034352941176472,6.0,Stanford,2016.0,2016.0,ATL,81.0,-1.0,0.06451613
2022,2,00-0032392,A.Hooper,TE,TEN,BUF,0,0,0.0,0,0.0,0.0,0.0,0,0.0,0,5,1,19.0,0,1.9,2.9,,,76.0,254.0,28.034352941176472,6.0,Stanford,2016.0,2016.0,ATL,81.0,,0.2173913
2022,3,00-0032392,A.Hooper,TE,TEN,LV,0,0,0.0,0,0.0,0.0,0.0,0,0.0,0,2,2,19.0,0,1.9,3.9,,,76.0,254.0,28.034352941176472,6.0,Stanford,2016.0,2016.0,ATL,81.0,2.0,0.07692308
2022,4,00-0032392,A.Hooper,TE,TEN,IND,0,0,0.0,0,0.0,0.0,0.0,0,0.0,0,1,1,4.0,0,0.4,1.4,,,76.0,254.0,28.034352941176472,6.0,Stanford,2016.0,2016.0,ATL,81.0,,0.04761905
2022,5,00-0032392,A.Hooper,TE,TEN,WAS,0,0,0.0,0,0.0,0.0,0.0,0,0.0,0,1,1,7.0,0,0.7,1.7,,,76.0,254.0,28.034352941176472,6.0,Stanford,2016.0,2016.0,ATL,81.0,,0.04347826
2022,7,00-0032392,A.Hooper,TE,TEN,IND,0,0,0.0,0,0.0,0.0,0.0,0,0.0,0,3,3,56.0,0,5.6,8.6,,,76.0,254.0,28.034352941176472,6.0,Stanford,2016.0,2016.0,ATL,81.0,9.0,0.15
2022,8,00-0032392,A.Hooper,TE,TEN,HOU,0,0,0.0,0,0.0,0.0,0.0,0,0.0,0,1,1,5.0,0,0.5,1.5,,,76.0,254.0,28.034352941176472,6.0,Stanford,2016.0,2016.0,ATL,81.0,,0.125
2022,9,00-0032392,A.Hooper,TE,TEN,KC,0,0,0.0,0,0.0,0.0,0.0,0,0.0,0,3,2,34.0,0,3.4,5.4,,,76.0,254.0,28.034352941176472,6.0,Stanford,2016.0,2016.0,ATL,81.0,,0.23076923
2022,10,00-0032392,A.Hooper,TE,TEN,DEN,0,0,0.0,0,0.0,0.0,0.0,0,0.0,0,7,5,41.0,0,4.1,9.1,,,76.0,254.0,28.034352941176472,6.0,Stanford,2016.0,2016.0,ATL,81.0,7.0,0.19444445
2022,11,00-0032392,A.Hooper,TE,TEN,GB,0,0,0.0,0,0.0,0.0,0.0,0,0.0,0,4,4,36.0,2,15.6,19.6,,,76.0,254.0,28.034352941176472,6.0,Stanford,2016.0,2016.0,ATL,81.0,,0.14814815
2022,12,00-0032392,A.Hooper,TE,TEN,CIN,0,0,0.0,0,0.0,0.0,0.0,0,0.0,0,4,3,30.0,0,3.0,6.0,,,76.0,254.0,28.034352941176472,6.0,Stanford,2016.0,2016.0,ATL,81.0,-4.0,0.11764706
2022,13,00-0032392,A.Hooper,TE,TEN,PHI,0,0,0.0,0,0.0,0.0,0.0,0,0.0,0,5,3,22.0,0,2.2,5.2,,,76.0,254.0,28.034352941176472,6.0,Stanford,2016.0,2016.0,ATL,81.0,,0.2
2022,14,00-0032392,A.Hooper,TE,TEN,JAX,0,0,0.0,0,0.0,0.0,0.0,0,0.0,0,5,5,68.0,0,6.8,11.8,,,76.0,254.0,28.034352941176472,6.0,Stanford,2016.0,2016.0,ATL,81.0,-14.0,0.13157895
2022,15,00-0032392,A.Hooper,TE,TEN,LAC,0,0,0.0,0,0.0,0.0,0.0,0,0.0,0,4,2,33.0,0,3.3,5.3,,,76.0,254.0,28.034352941176472,6.0,Stanford,2016.0,2016.0,ATL,81.0,,0.15384616
2022,16,00-0032392,A.Hooper,TE,TEN,HOU,0,0,0.0,0,0.0,0.0,0.0,0,0.0,0,3,2,20.0,0,2.0,4.0,,,76.0,254.0,28.034352941176472,6.0,Stanford,2016.0,2016.0,ATL,81.0,-5.0,0.15
2022,17,00-0032392,A.Hooper,TE,TEN,DAL,0,0,0.0,0,0.0,0.0,0.0,0,0.0,0,6,1,6.0,0,0.6,1.6,,,76.0,254.0,28.034352941176472,6.0,Stanford,2016.0,2016.0,ATL,81.0,-14.0,0.15789473
2022,18,00-0032392,A.Hooper,TE,TEN,JAX,0,0,0.0,0,0.0,0.0,0.0,0,0.0,0,4,4,38.0,0,3.8,7.8,,,76.0,254.0,28.034352941176472,6.0,Stanford,2016.0,2016.0,ATL,81.0,,0.14814815
2022,3,00-0032394,N.Vannett,TE,NO,CAR,0,0,0.0,0,0.0,0.0,0.0,0,0.0,0,1,1,5.0,0,0.5,1.5,,,78.0,261.0,29.697899999999997,6.0,Ohio State,2016.0,2016.0,SEA,94.0,,0.025641026
2022,8,00-0032394,N.Vannett,TE,NO,LV,0,0,0.0,0,0.0,0.0,0.0,0,0.0,0,1,1,8.0,0,0.8,1.8,,,78.0,261.0,29.697899999999997,6.0,Ohio State,2016.0,2016.0,SEA,94.0,24.0,0.033333335
2022,14,00-0032394,N.Vannett,TE,NYG,PHI,0,0,0.0,0,0.0,0.0,0.0,0,0.0,0,2,1,9.0,0,0.9,1.9,,,78.0,261.0,29.697899999999997,6.0,Ohio State,2016.0,2016.0,SEA,94.0,-26.0,0.0625
2022,15,00-0032394,N.Vannett,TE,NYG,WAS,0,0,0.0,0,0.0,0.0,0.0,0,0.0,0,1,1,15.0,0,1.5,2.5,,,78.0,261.0,29.697899999999997,6.0,Ohio State,2016.0,2016.0,SEA,94.0,,0.033333335
2022,18,00-0032394,N.Vannett,TE,NYG,PHI,0,0,0.0,0,0.0,0.0,0.0,0,0.0,0,4,2,18.0,0,1.8,3.8,,,78.0,261.0,29.697899999999997,6.0,Ohio State,2016.0,2016.0,SEA,94.0,,0.10526316
2022,1,00-0032398,C.Moore,WR,HOU,IND,0,0,0.0,0,0.0,0.0,0.0,0,0.0,0,3,3,31.0,0,3.1,6.1,,,73.0,200.0,29.40370588235294,6.0,Cincinnati,2016.0,2016.0,BAL,107.0,0.0,0.083333336
2022,2,00-0032398,C.Moore,WR,HOU,DEN,0,0,0.0,0,0.0,0.0,0.0,0,0.0,0,4,2,14.0,0,1.4,3.4,,,73.0,200.0,29.40370588235294,6.0,Cincinnati,2016.0,2016.0,BAL,107.0,,0.10810811
2022,3,00-0032398,C.Moore,WR,HOU,CHI,0,0,0.0,0,0.0,0.0,0.0,0,0.0,0,3,3,63.0,0,6.3,9.3,,,73.0,200.0,29.40370588235294,6.0,Cincinnati,2016.0,2016.0,BAL,107.0,,0.09677419
2022,4,00-0032398,C.Moore,WR,HOU,LAC,0,0,0.0,0,0.0,0.0,0.0,0,0.0,0,2,0,0.0,0,0.0,0.0,,,73.0,200.0,29.40370588235294,6.0,Cincinnati,2016.0,2016.0,BAL,107.0,-10.0,0.057142857
2022,7,00-0032398,C.Moore,WR,HOU,LV,0,0,0.0,0,0.0,0.0,0.0,0,0.0,0,4,2,20.0,1,8.0,10.0,,,73.0,200.0,29.40370588235294,6.0,Cincinnati,2016.0,2016.0,BAL,107.0,,0.1
2022,9,00-0032398,C.Moore,WR,HOU,PHI,0,0,0.0,0,0.0,0.0,0.0,1,2.0,0,5,4,43.0,1,10.5,14.5,,,73.0,200.0,29.40370588235294,6.0,Cincinnati,2016.0,2016.0,BAL,107.0,-12.0,0.23809524
2022,10,00-0032398,C.Moore,WR,HOU,NYG,0,0,0.0,0,0.0,0.0,0.0,0,0.0,0,6,3,70.0,0,7.0,10.0,,,73.0,200.0,29.40370588235294,6.0,Cincinnati,2016.0,2016.0,BAL,107.0,,0.16216215
2022,11,00-0032398,C.Moore,WR,HOU,WAS,0,0,0.0,0,0.0,0.0,0.0,1,3.0,0,7,5,20.0,0,2.3,7.3,,,73.0,200.0,29.40370588235294,6.0,Cincinnati,2016.0,2016.0,BAL,107.0,-13.0,0.21875
2022,12,00-0032398,C.Moore,WR,HOU,MIA,0,0,0.0,0,0.0,0.0,0.0,0,0.0,0,3,2,7.0,0,0.7,2.7,,,73.0,200.0,29.40370588235294,6.0,Cincinnati,2016.0,2016.0,BAL,107.0,,0.078947365
2022,13,00-0032398,C.Moore,WR,HOU,CLE,0,0,0.0,0,0.0,0.0,0.0,0,0.0,0,3,3,46.0,0,4.6,7.6,,,73.0,200.0,29.40370588235294,6.0,Cincinnati,2016.0,2016.0,BAL,107.0,-13.0,0.08108108
2022,14,00-0032398,C.Moore,WR,HOU,DAL,0,0,0.0,0,0.0,0.0,0.0,0,0.0,0,11,10,124.0,0,12.4,22.4,,,73.0,200.0,29.40370588235294,6.0,Cincinnati,2016.0,2016.0,BAL,107.0,,0.45833334
2022,15,00-0032398,C.Moore,WR,HOU,KC,0,0,0.0,0,0.0,0.0,0.0,0,0.0,0,8,4,42.0,0,4.2,8.2,,,73.0,200.0,29.40370588235294,6.0,Cincinnati,2016.0,2016.0,BAL,107.0,-6.0,0.2962963
2022,16,00-0032398,C.Moore,WR,HOU,TEN,0,0,0.0,0,0.0,0.0,0.0,0,0.0,0,4,2,25.0,0,2.5,4.5,,,73.0,200.0,29.40370588235294,6.0,Cincinnati,2016.0,2016.0,BAL,107.0,,0.13793103
2022,17,00-0032398,C.Moore,WR,HOU,JAX,0,0,0.0,0,0.0,0.0,0.0,0,0.0,0,5,3,21.0,0,2.1,5.1,,,73.0,200.0,29.40370588235294,6.0,Cincinnati,2016.0,2016.0,BAL,107.0,-28.0,0.11904762
2022,18,00-0032398,C.Moore,WR,HOU,IND,0,0,0.0,0,0.0,0.0,0.0,1,-2.0,0,6,2,22.0,0,2.0,4.0,,,73.0,200.0,29.40370588235294,6.0,Cincinnati,2016.0,2016.0,BAL,107.0,,0.15789473
2022,9,00-0032434,B.Allen,QB,CIN,CAR,3,3,22.0,0,0.0,1.0,-0.0,3,-1.0,0,0,0,0.0,0,0.78,0.78,,,74.0,209.0,30.20115789473684,6.0,Arkansas,2016.0,2016.0,JAX,201.0,21.0,
2022,1,00-0032436,J.Driskel,QB,HOU,IND,0,0,0.0,0,0.0,0.0,0.0,1,5.0,0,0,0,0.0,0,0.5,0.5,,,76.0,235.0,29.551529411764704,6.0,Louisiana Tech,2016.0,2016.0,SF,207.0,0.0,
2022,2,00-0032436,J.Driskel,QB,HOU,DEN,0,0,0.0,0,0.0,0.0,0.0,1,10.0,0,0,0,0.0,0,1.0,1.0,,,76.0,235.0,29.551529411764704,6.0,Louisiana Tech,2016.0,2016.0,SF,207.0,,
2022,14,00-0032436,J.Driskel,QB,HOU,DAL,4,6,38.0,1,0.0,0.0,-0.0,7,36.0,0,0,0,0.0,0,9.12,9.12,,,76.0,235.0,29.551529411764704,6.0,Louisiana Tech,2016.0,2016.0,SF,207.0,,
2022,15,00-0032436,J.Driskel,QB,HOU,KC,2,4,8.0,0,0.0,1.0,4.0,4,8.0,0,0,0,0.0,0,1.12,1.12,,,76.0,235.0,29.551529411764704,6.0,Louisiana Tech,2016.0,2016.0,SF,207.0,-6.0,
2022,16,00-0032436,J.Driskel,QB,HOU,TEN,3,4,40.0,0,0.0,0.0,-0.0,2,2.0,0,1,1,4.0,0,2.2,3.2,,,76.0,235.0,29.551529411764704,6.0,Louisiana Tech,2016.0,2016.0,SF,207.0,,0.03448276
2022,17,00-0032436,J.Driskel,QB,HOU,JAX,3,4,9.0,0,0.0,1.0,9.0,2,7.0,0,0,0,0.0,0,1.06,1.06,,,76.0,235.0,29.551529411764704,6.0,Louisiana Tech,2016.0,2016.0,SF,207.0,-28.0,
2022,18,00-0032436,J.Driskel,QB,HOU,IND,2,2,13.0,0,0.0,0.0,-0.0,3,7.0,0,0,0,0.0,0,1.22,1.22,,,76.0,235.0,29.551529411764704,6.0,Louisiana Tech,2016.0,2016.0,SF,207.0,,
2022,16,00-0032437,K.Grugier-Hill,ILB,ARI,TB,0,0,0.0,0,0.0,0.0,0.0,0,0.0,0,1,1,4.0,0,0.4,1.4,,,74.0,230.0,28.4863125,6.0,Eastern Illinois,2016.0,2016.0,NE,208.0,-3.0,0.023809524
2022,2,00-0032450,D.Washington,RB,NO,TB,0,0,0.0,0,0.0,0.0,0.0,4,18.0,0,0,0,0.0,0,1.8,1.8,,,73.0,223.0,28.540764705882353,6.0,Washington,2016.0,2016.0,DET,236.0,-10.0,
2022,8,00-0032450,D.Washington,RB,NO,LV,0,0,0.0,0,0.0,0.0,0.0,4,13.0,0,0,0,0.0,0,1.3,1.3,,,73.0,223.0,28.540764705882353,6.0,Washington,2016.0,2016.0,DET,236.0,24.0,
2022,9,00-0032450,D.Washington,RB,NO,BAL,0,0,0.0,0,0.0,0.0,0.0,3,7.0,0,1,1,7.0,0,1.4,2.4,,,73.0,223.0,28.540764705882353,6.0,Washington,2016.0,2016.0,DET,236.0,-14.0,0.035714287
2022,1,00-0032464,K.Raymond,WR,DET,PHI,0,0,0.0,0,0.0,0.0,0.0,0,0.0,0,2,0,0.0,0,0.0,0.0,,,68.0,182.0,28.25929411764706,6.0,Holy Cross,2016.0,2016.0,,,-3.0,0.054054055
2022,3,00-0032464,K.Raymond,WR,DET,MIN,0,0,0.0,0,0.0,0.0,0.0,0,0.0,0,1,1,4.0,0,0.4,1.4,,,68.0,182.0,28.25929411764706,6.0,Holy Cross,2016.0,2016.0,,,,0.027027028
2022,4,00-0032464,K.Raymond,WR,DET,SEA,0,0,0.0,0,0.0,0.0,0.0,1,3.0,0,5,3,38.0,0,2.1,5.1,,,68.0,182.0,28.25929411764706,6.0,Holy Cross,2016.0,2016.0,,,-3.0,0.12820514
2022,5,00-0032464,K.Raymond,WR,DET,NE,0,0,0.0,0,0.0,0.0,0.0,0,0.0,0,7,5,45.0,0,4.5,9.5,,,68.0,182.0,28.25929411764706,6.0,Holy Cross,2016.0,2016.0,,,,0.22580644
2022,7,00-0032464,K.Raymond,WR,DET,DAL,0,0,0.0,0,0.0,0.0,0.0,2,20.0,0,6,5,75.0,0,9.5,14.5,,,68.0,182.0,28.25929411764706,6.0,Holy Cross,2016.0,2016.0,,,,0.24
2022,8,00-0032464,K.Raymond,WR,DET,MIA,0,0,0.0,0,0.0,0.0,0.0,0,0.0,0,4,3,76.0,0,7.6,10.6,,,68.0,182.0,28.25929411764706,6.0,Holy Cross,2016.0,2016.0,,,-4.0,0.10810811
2022,9,00-0032464,K.Raymond,WR,DET,GB,0,0,0.0,0,0.0,0.0,0.0,0,0.0,0,3,3,17.0,0,1.7,4.7,,,68.0,182.0,28.25929411764706,6.0,Holy Cross,2016.0,2016.0,,,6.0,0.125
2022,10,00-0032464,K.Raymond,WR,DET,CHI,0,0,0.0,0,0.0,0.0,0.0,0,0.0,0,3,3,47.0,0,4.7,7.7,,,68.0,182.0,28.25929411764706,6.0,Holy Cross,2016.0,2016.0,,,,0.12
2022,11,00-0032464,K.Raymond,WR,DET,NYG,0,0,0.0,0,0.0,0.0,0.0,1,7.0,0,7,3,33.0,0,4.0,7.0,,,68.0,182.0,28.25929411764706,6.0,Holy Cross,2016.0,2016.0,,,,0.28
2022,12,00-0032464,K.Raymond,WR,DET,BUF,0,0,0.0,0,0.0,0.0,0.0,0,0.0,0,6,4,35.0,0,3.5,7.5,,,68.0,182.0,28.25929411764706,6.0,Holy Cross,2016.0,2016.0,,,-3.0,0.17142858
2022,13,00-0032464,K.Raymond,WR,DET,JAX,0,0,0.0,0,0.0,0.0,0.0,1,-6.0,0,2,2,12.0,0,0.6,2.6,,,68.0,182.0,28.25929411764706,6.0,Holy Cross,2016.0,2016.0,,,26.0,0.051282052
2022,14,00-0032464,K.Raymond,WR,DET,MIN,0,0,0.0,0,0.0,0.0,0.0,0,0.0,0,2,2,19.0,0,1.9,3.9,,,68.0,182.0,28.25929411764706,6.0,Holy Cross,2016.0,2016.0,,,11.0,0.055555556
2022,15,00-0032464,K.Raymond,WR,DET,NYJ,0,0,0.0,0,0.0,0.0,0.0,0,0.0,0,6,5,53.0,0,11.3,16.3,,,68.0,182.0,28.25929411764706,6.0,Holy Cross,2016.0,2016.0,,,,0.16666667
2022,16,00-0032464,K.Raymond,WR,DET,CAR,0,0,0.0,0,0.0,0.0,0.0,1,8.0,0,1,1,56.0,0,6.4,7.4,,,68.0,182.0,28.25929411764706,6.0,Holy Cross,2016.0,2016.0,,,,0.024390243
2022,17,00-0032464,K.Raymond,WR,DET,CHI,0,0,0.0,0,0.0,0.0,0.0,1,4.0,0,3,3,40.0,0,4.4,7.4,,,68.0,182.0,28.25929411764706,6.0,Holy Cross,2016.0,2016.0,,,31.0,0.10344828
2022,18,00-0032464,K.Raymond,WR,DET,GB,0,0,0.0,0,0.0,0.0,0.0,0,0.0,0,6,4,66.0,0,6.6,10.6,,,68.0,182.0,28.25929411764706,6.0,Holy Cross,2016.0,2016.0,,,,0.18181819
2022,8,00-0032496,M.Farley,FS,LV,NO,0,0,0.0,0,0.0,0.0,0.0,1,-3.0,0,0,0,0.0,0,-0.3,-0.3,,,71.0,209.0,30.323588235294118,6.0,Notre Dame,2016.0,2016.0,,,,
2022,1,00-0032602,J.McKissic,RB,WAS,JAX,0,0,0.0,0,0.0,0.0,0.0,3,8.0,0,3,3,20.0,0,4.8,7.8,,,70.0,195.0,29.230588235294118,6.0,Arkansas State,2016.0,2016.0,,,6.0,0.07317073
2022,2,00-0032602,J.McKissic,RB,WAS,DET,0,0,0.0,0,0.0,0.0,0.0,3,9.0,0,7,7,54.0,0,6.3,13.3,,,70.0,195.0,29.230588235294118,6.0,Arkansas State,2016.0,2016.0,,,,0.1590909
2022,3,00-0032602,J.McKissic,RB,WAS,PHI,0,0,0.0,0,0.0,0.0,0.0,3,8.0,0,9,6,32.0,0,4.0,10.0,,,70.0,195.0,29.230588235294118,6.0,Arkansas State,2016.0,2016.0,,,-16.0,0.21428572
2022,4,00-0032602,J.McKissic,RB,WAS,DAL,0,0,0.0,0,0.0,0.0,0.0,8,40.0,0,4,3,16.0,0,5.6,8.6,,,70.0,195.0,29.230588235294118,6.0,Arkansas State,2016.0,2016.0,,,,0.1
2022,5,00-0032602,J.McKissic,RB,WAS,TEN,0,0,0.0,0,0.0,0.0,0.0,0,0.0,0,7,5,37.0,0,3.7,8.7,,,70.0,195.0,29.230588235294118,6.0,Arkansas State,2016.0,2016.0,,,-4.0,0.1891892
2022,6,00-0032602,J.McKissic,RB,WAS,CHI,0,0,0.0,0,0.0,0.0,0.0,2,20.0,0,3,0,0.0,0,2.0,2.0,,,70.0,195.0,29.230588235294118,6.0,Arkansas State,2016.0,2016.0,,,,0.13636364
2022,7,00-0032602,J.McKissic,RB,WAS,GB,0,0,0.0,0,0.0,0.0,0.0,1,4.0,0,2,0,0.0,0,0.4,0.4,,,70.0,195.0,29.230588235294118,6.0,Arkansas State,2016.0,2016.0,,,2.0,0.0625
2022,8,00-0032602,J.McKissic,RB,WAS,IND,0,0,0.0,0,0.0,0.0,0.0,2,6.0,0,5,3,14.0,0,2.0,5.0,,,70.0,195.0,29.230588235294118,6.0,Arkansas State,2016.0,2016.0,,,,0.16666667
2022,1,00-0032688,R.Chosen,WR,CAR,CLE,0,0,0.0,0,0.0,0.0,0.0,0,0.0,0,8,5,102.0,1,16.2,21.2,,,75.0,190.0,29.50029411764706,6.0,Temple,2016.0,2016.0,,,-2.0,0.30769232
2022,2,00-0032688,R.Chosen,WR,CAR,NYG,0,0,0.0,0,0.0,0.0,0.0,0,0.0,0,5,3,32.0,0,1.2,4.2,,,75.0,190.0,29.50029411764706,6.0,Temple,2016.0,2016.0,,,,0.18518518
2022,3,00-0032688,R.Chosen,WR,CAR,NO,0,0,0.0,0,0.0,0.0,0.0,0,0.0,0,4,1,14.0,0,1.4,2.4,,,75.0,190.0,29.50029411764706,6.0,Temple,2016.0,2016.0,,,8.0,0.16666667
2022,4,00-0032688,R.Chosen,WR,CAR,ARI,0,0,0.0,0,0.0,0.0,0.0,0,0.0,0,5,3,26.0,0,2.6,5.6,,,75.0,190.0,29.50029411764706,6.0,Temple,2016.0,2016.0,,,-10.0,0.1388889
2022,5,00-0032688,R.Chosen,WR,CAR,SF,0,0,0.0,0,0.0,0.0,0.0,0,0.0,0,5,1,32.0,0,3.2,4.2,,,75.0,190.0,29.50029411764706,6.0,Temple,2016.0,2016.0,,,-22.0,0.125
2022,7,00-0032688,R.Chosen,WR,ARI,NO,0,0,0.0,0,0.0,0.0,0.0,0,0.0,0,1,0,0.0,0,0.0,0.0,,,75.0,190.0,29.50029411764706,6.0,Temple,2016.0,2016.0,,,8.0,0.03448276
2022,8,00-0032688,R.Chosen,WR,ARI,MIN,0,0,0.0,0,0.0,0.0,0.0,0,0.0,0,3,0,0.0,0,0.0,0.0,,,75.0,190.0,29.50029411764706,6.0,Temple,2016.0,2016.0,,,,0.069767445
2022,9,00-0032688,R.Chosen,WR,ARI,SEA,0,0,0.0,0,0.0,0.0,0.0,0,0.0,0,3,1,-4.0,0,-0.4,0.6,,,75.0,190.0,29.50029411764706,6.0,Temple,2016.0,2016.0,,,-10.0,0.09090909
2022,12,00-0032688,R.Chosen,WR,ARI,LAC,0,0,0.0,0,0.0,0.0,0.0,0,0.0,0,3,1,17.0,0,1.7,2.7,,,75.0,190.0,29.50029411764706,6.0,Temple,2016.0,2016.0,,,-1.0,0.11111111
2022,14,00-0032688,R.Chosen,WR,ARI,NE,0,0,0.0,0,0.0,0.0,0.0,0,0.0,0,4,4,50.0,0,5.0,9.0,,,75.0,190.0,29.50029411764706,6.0,Temple,2016.0,2016.0,,,-14.0,0.09756097
2022,15,00-0032688,R.Chosen,WR,ARI,DEN,0,0,0.0,0,0.0,0.0,0.0,0,0.0,0,2,0,0.0,0,0.0,0.0,,,75.0,190.0,29.50029411764706,6.0,Temple,2016.0,2016.0,,,,0.057142857
2022,17,00-0032688,R.Chosen,WR,ARI,ATL,0,0,0.0,0,0.0,0.0,0.0,0,0.0,0,1,1,13.0,0,1.3,2.3,,,75.0,190.0,29.50029411764706,6.0,Temple,2016.0,2016.0,,,,0.02631579
2022,2,00-0032725,S.Anderson,TE,ARI,LV,0,0,0.0,0,0.0,0.0,0.0,0,0.0,0,1,1,2.0,0,0.2,1.2,,,75.0,230.0,29.77129411764706,6.0,California,2016.0,2016.0,,,,0.021276595
2022,10,00-0032725,S.Anderson,TE,ARI,LA,0,0,0.0,0,0.0,0.0,0.0,0,0.0,0,1,0,0.0,0,0.0,0.0,,,75.0,230.0,29.77129411764706,6.0,California,2016.0,2016.0,,,,0.028571429
2022,11,00-0032725,S.Anderson,TE,ARI,SF,0,0,0.0,0,0.0,0.0,0.0,0,0.0,0,1,0,0.0,0,0.0,0.0,,,75.0,230.0,29.77129411764706,6.0,California,2016.0,2016.0,,,-28.0,0.023809524
2022,14,00-0032725,S.Anderson,TE,ARI,NE,0,0,0.0,0,0.0,0.0,0.0,0,0.0,0,2,2,7.0,0,0.7,2.7,,,75.0,230.0,29.77129411764706,6.0,California,2016.0,2016.0,,,-14.0,0.048780486
2022,16,00-0032725,S.Anderson,TE,ARI,TB,0,0,0.0,0,0.0,0.0,0.0,0,0.0,0,2,0,0.0,0,0.0,0.0,,,75.0,230.0,29.77129411764706,6.0,California,2016.0,2016.0,,,-3.0,0.04761905
2022,1,00-0032764,D.Henry,RB,TEN,NYG,0,0,0.0,0,0.0,0.0,0.0,21,82.0,0,1,0,0.0,0,8.2,8.2,,,75.0,247.0,28.850176470588234,6.0,Alabama,2016.0,2016.0,TEN,45.0,-1.0,0.032258064
2022,2,00-0032764,D.Henry,RB,TEN,BUF,0,0,0.0,0,0.0,0.0,0.0,13,25.0,1,0,0,0.0,0,8.5,8.5,,,75.0,247.0,28.850176470588234,6.0,Alabama,2016.0,2016.0,TEN,45.0,,
2022,3,00-0032764,D.Henry,RB,TEN,LV,0,0,0.0,0,0.0,0.0,0.0,20,85.0,1,6,5,58.0,0,20.3,25.3,,,75.0,247.0,28.850176470588234,6.0,Alabama,2016.0,2016.0,TEN,45.0,2.0,0.23076923
2022,4,00-0032764,D.Henry,RB,TEN,IND,0,0,0.0,0,0.0,0.0,0.0,22,114.0,1,5,3,33.0,0,20.7,23.7,,,75.0,247.0,28.850176470588234,6.0,Alabama,2016.0,2016.0,TEN,45.0,,0.23809524
2022,5,00-0032764,D.Henry,RB,TEN,WAS,0,0,0.0,0,0.0,0.0,0.0,28,102.0,2,2,2,30.0,0,25.2,27.2,,,75.0,247.0,28.850176470588234,6.0,Alabama,2016.0,2016.0,TEN,45.0,,0.08695652
2022,7,00-0032764,D.Henry,RB,TEN,IND,0,0,0.0,0,0.0,0.0,0.0,30,128.0,0,3,3,10.0,0,13.8,16.8,,,75.0,247.0,28.850176470588234,6.0,Alabama,2016.0,2016.0,TEN,45.0,9.0,0.15
2022,8,00-0032764,D.Henry,RB,TEN,HOU,0,0,0.0,0,0.0,0.0,0.0,32,219.0,2,1,1,9.0,0,34.8,35.8,,,75.0,247.0,28.850176470588234,6.0,Alabama,2016.0,2016.0,TEN,45.0,,0.125
2022,9,00-0032764,D.Henry,RB,TEN,KC,0,0,0.0,0,0.0,0.0,0.0,17,115.0,2,0,0,0.0,0,23.5,23.5,,,75.0,247.0,28.850176470588234,6.0,Alabama,2016.0,2016.0,TEN,45.0,,
2022,10,00-0032764,D.Henry,RB,TEN,DEN,0,0,0.0,0,0.0,0.0,0.0,19,53.0,0,3,2,14.0,0,6.7,8.7,,,75.0,247.0,28.850176470588234,6.0,Alabama,2016.0,2016.0,TEN,45.0,7.0,0.083333336
2022,11,00-0032764,D.Henry,RB,TEN,GB,2,2,4.0,1,0.0,0.0,-0.0,28,87.0,1,2,2,45.0,0,23.36,25.36,,,75.0,247.0,28.850176470588234,6.0,Alabama,2016.0,2016.0,TEN,45.0,,0.074074075
2022,12,00-0032764,D.Henry,RB,TEN,CIN,0,0,0.0,0,0.0,0.0,0.0,17,38.0,0,3,3,79.0,0,11.7,14.7,,,75.0,247.0,28.850176470588234,6.0,Alabama,2016.0,2016.0,TEN,45.0,-4.0,0.0882353
2022,13,00-0032764,D.Henry,RB,TEN,PHI,0,0,0.0,0,0.0,0.0,0.0,11,30.0,0,3,2,8.0,0,3.8,5.8,,,75.0,247.0,28.850176470588234,6.0,Alabama,2016.0,2016.0,TEN,45.0,,0.12
2022,14,00-0032764,D.Henry,RB,TEN,JAX,0,0,0.0,0,0.0,0.0,0.0,17,121.0,1,5,3,34.0,0,17.5,20.5,,,75.0,247.0,28.850176470588234,6.0,Alabama,2016.0,2016.0,TEN,45.0,-14.0,0.13157895
2022,15,00-0032764,D.Henry,RB,TEN,LAC,0,0,0.0,0,0.0,0.0,0.0,21,104.0,1,4,4,59.0,0,22.3,26.3,,,75.0,247.0,28.850176470588234,6.0,Alabama,2016.0,2016.0,TEN,45.0,,0.15384616
2022,16,00-0032764,D.Henry,RB,TEN,HOU,0,0,0.0,0,0.0,0.0,0.0,23,126.0,1,2,2,0.0,0,16.6,18.6,,,75.0,247.0,28.850176470588234,6.0,Alabama,2016.0,2016.0,TEN,45.0,-5.0,0.1
2022,18,00-0032764,D.Henry,RB,TEN,JAX,0,0,0.0,0,0.0,0.0,0.0,30,109.0,0,1,1,19.0,0,12.8,13.8,,,75.0,247.0,28.850176470588234,6.0,Alabama,2016.0,2016.0,TEN,45.0,,0.037037037
2022,1,00-0032765,M.Thomas,WR,NO,ATL,0,0,0.0,0,0.0,0.0,0.0,0,0.0,0,8,5,57.0,2,17.7,22.7,,,75.0,212.0,29.682529411764705,6.0,Ohio State,2016.0,2016.0,NO,47.0,,0.25
2022,2,00-0032765,M.Thomas,WR,NO,TB,0,0,0.0,0,0.0,0.0,0.0,0,0.0,0,9,6,65.0,1,12.5,18.5,,,75.0,212.0,29.682529411764705,6.0,Ohio State,2016.0,2016.0,NO,47.0,-10.0,0.225
2022,3,00-0032765,M.Thomas,WR,NO,CAR,0,0,0.0,0,0.0,0.0,0.0,0,0.0,0,5,5,49.0,0,4.9,9.9,,,75.0,212.0,29.682529411764705,6.0,Ohio State,2016.0,2016.0,NO,47.0,,0.12820514
2022,1,00-0032775,D.Robinson,WR,BAL,NYJ,0,0,0.0,0,0.0,0.0,0.0,0,0.0,0,4,2,19.0,0,1.9,3.9,,,73.0,203.0,28.1445,6.0,Florida,2016.0,2016.0,KC,126.0,,0.13793103
2022,2,00-0032775,D.Robinson,WR,BAL,MIA,0,0,0.0,0,0.0,0.0,0.0,0,0.0,0,2,1,12.0,1,7.2,8.2,,,73.0,203.0,28.1445,6.0,Florida,2016.0,2016.0,KC,126.0,-4.0,0.06896552
2022,3,00-0032775,D.Robinson,WR,BAL,NE,0,0,0.0,0,0.0,0.0,0.0,0,0.0,0,1,0,0.0,0,0.0,0.0,,,73.0,203.0,28.1445,6.0,Florida,2016.0,2016.0,KC,126.0,,0.037037037
2022,4,00-0032775,D.Robinson,WR,BAL,BUF,0,0,0.0,0,0.0,0.0,0.0,0,0.0,0,3,2,10.0,0,1.0,3.0,,,73.0,203.0,28.1445,6.0,Florida,2016.0,2016.0,KC,126.0,-3.0,0.10714286
2022,5,00-0032775,D.Robinson,WR,BAL,CIN,0,0,0.0,0,0.0,0.0,0.0,0,0.0,0,2,1,8.0,0,0.8,1.8,,,73.0,203.0,28.1445,6.0,Florida,2016.0,2016.0,KC,126.0,2.0,0.074074075
2022,6,00-0032775,D.Robinson,WR,BAL,NYG,0,0,0.0,0,0.0,0.0,0.0,0,0.0,0,5,3,27.0,0,2.7,5.7,,,73.0,203.0,28.1445,6.0,Florida,2016.0,2016.0,KC,126.0,,0.15625
2022,8,00-0032775,D.Robinson,WR,BAL,TB,0,0,0.0,0,0.0,0.0,0.0,0,0.0,0,8,6,64.0,0,6.4,12.4,,,73.0,203.0,28.1445,6.0,Florida,2016.0,2016.0,KC,126.0,,0.23529412
2022,9,00-0032775,D.Robinson,WR,BAL,NO,0,0,0.0,0,0.0,0.0,0.0,0,0.0,0,4,1,12.0,0,1.2,2.2,,,73.0,203.0,28.1445,6.0,Florida,2016.0,2016.0,KC,126.0,,0.18181819
2022,11,00-0032775,D.Robinson,WR,BAL,CAR,0,0,0.0,0,0.0,0.0,0.0,0,0.0,0,9,9,128.0,0,12.8,21.8,,,73.0,203.0,28.1445,6.0,Florida,2016.0,2016.0,KC,126.0,10.0,0.28125
2022,12,00-0032775,D.Robinson,WR,BAL,JAX,0,0,0.0,0,0.0,0.0,0.0,0,0.0,0,4,1,17.0,0,1.7,2.7,,,73.0,203.0,28.1445,6.0,Florida,2016.0,2016.0,KC,126.0,,0.13333334
2022,13,00-0032775,D.Robinson,WR,BAL,DEN,0,0,0.0,0,0.0,0.0,0.0,0,0.0,0,8,7,41.0,0,4.1,11.1,,,73.0,203.0,28.1445,6.0,Florida,2016.0,2016.0,KC,126.0,1.0,0.22222222
2022,14,00-0032775,D.Robinson,WR,BAL,PIT,0,0,0.0,0,0.0,0.0,0.0,0,0.0,0,6,5,52.0,0,5.2,10.2,,,73.0,203.0,28.1445,6.0,Florida,2016.0,2016.0,KC,126.0,,0.3529412
2022,15,00-0032775,D.Robinson,WR,BAL,CLE,0,0,0.0,0,0.0,0.0,0.0,0,0.0,0,6,6,29.0,0,0.9,6.9,,,73.0,203.0,28.1445,6.0,Florida,2016.0,2016.0,KC,126.0,,0.21428572
2022,16,00-0032775,D.Robinson,WR,BAL,ATL,0,0,0.0,0,0.0,0.0,0.0,0,0.0,0,1,1,6.0,1,6.6,7.6,,,73.0,203.0,28.1445,6.0,Florida,2016.0,2016.0,KC,126.0,8.0,0.0625
2022,17,00-0032775,D.Robinson,WR,BAL,PIT,0,0,0.0,0,0.0,0.0,0.0,0,0.0,0,3,1,9.0,0,0.9,1.9,,,73.0,203.0,28.1445,6.0,Florida,2016.0,2016.0,KC,126.0,-3.0,0.15
2022,18,00-0032775,D.Robinson,WR,BAL,CIN,0,0,0.0,0,0.0,0.0,0.0,0,0.0,0,9,2,24.0,0,2.4,4.4,,,73.0,203.0,28.1445,6.0,Florida,2016.0,2016.0,KC,126.0,,0.21428572
2022,19,00-0032775,D.Robinson,WR,BAL,CIN,0,0,0.0,0,0.0,0.0,0.0,0,0.0,0,3,2,49.0,1,10.9,12.9,,,73.0,203.0,28.1445,6.0,Florida,2016.0,2016.0,KC,126.0,,0.10714286
2022,10,00-0032780,J.Howard,RB,NO,PIT,0,0,0.0,0,0.0,0.0,0.0,1,1.0,0,0,0,0.0,0,0.1,0.1,,,72.0,224.0,28.000333333333334,6.0,Indiana,2016.0,2016.0,CHI,150.0,,
2022,13,00-0032792,N.Sudfeld,QB,DET,JAX,0,0,0.0,0,0.0,0.0,0.0,2,-1.0,0,0,0,0.0,0,-0.1,-0.1,,,78.0,227.0,29.09429411764706,6.0,Indiana,2016.0,2016.0,WAS,187.0,26.0,
2022,17,00-0032792,N.Sudfeld,QB,DET,CHI,0,0,0.0,0,0.0,1.0,7.0,3,-3.0,0,0,0,0.0,0,-0.3,-0.3,,,78.0,227.0,29.09429411764706,6.0,Indiana,2016.0,2016.0,WAS,187.0,31.0,
2022,6,00-0032807,C.Fejedelem,SS,MIA,MIN,0,0,0.0,0,0.0,0.0,0.0,1,0.0,0,0,0,0.0,0,0.0,0.0,,,73.0,205.0,29.44661111111111,6.0,Illinois,2016.0,2016.0,CIN,245.0,-8.0,
2022,2,00-0032897,D.Watt,FB,PIT,NE,0,0,0.0,0,0.0,0.0,0.0,1,2.0,0,0,0,0.0,0,0.2,0.2,,,74.0,234.0,30.005588235294116,6.0,Wisconsin,2016.0,2016.0,SD,198.0,-3.0,
2022,5,00-0032897,D.Watt,FB,PIT,BUF,0,0,0.0,0,0.0,0.0,0.0,0,0.0,0,1,1,1.0,0,0.1,1.1,,,74.0,234.0,30.005588235294116,6.0,Wisconsin,2016.0,2016.0,SD,198.0,,0.019607844
2022,8,00-0032897,D.Watt,FB,PIT,PHI,0,0,0.0,0,0.0,0.0,0.0,0,0.0,0,2,2,6.0,1,6.6,8.6,,,74.0,234.0,30.005588235294116,6.0,Wisconsin,2016.0,2016.0,SD,198.0,,0.05
2022,10,00-0032897,D.Watt,FB,PIT,NO,0,0,0.0,0,0.0,0.0,0.0,2,5.0,0,0,0,0.0,0,0.5,0.5,,,74.0,234.0,30.005588235294116,6.0,Wisconsin,2016.0,2016.0,SD,198.0,10.0,
2022,12,00-0032897,D.Watt,FB,PIT,IND,0,0,0.0,0,0.0,0.0,0.0,1,4.0,0,1,1,1.0,0,0.5,1.5,,,74.0,234.0,30.005588235294116,6.0,Wisconsin,2016.0,2016.0,SD,198.0,,0.035714287
2022,13,00-0032897,D.Watt,FB,PIT,ATL,0,0,0.0,0,0.0,0.0,0.0,1,4.0,0,1,1,3.0,0,0.7,1.7,,,74.0,234.0,30.005588235294116,6.0,Wisconsin,2016.0,2016.0,SD,198.0,,0.037037037
2022,15,00-0032897,D.Watt,FB,PIT,CAR,0,0,0.0,0,0.0,0.0,0.0,1,2.0,0,0,0,0.0,0,0.2,0.2,,,74.0,234.0,30.005588235294116,6.0,Wisconsin,2016.0,2016.0,SD,198.0,,
2022,16,00-0032897,D.Watt,FB,PIT,LV,0,0,0.0,0,0.0,0.0,0.0,1,0.0,0,0,0,0.0,0,0.0,0.0,,,74.0,234.0,30.005588235294116,6.0,Wisconsin,2016.0,2016.0,SD,198.0,3.0,
2022,17,00-0032897,D.Watt,FB,PIT,BAL,0,0,0.0,0,0.0,0.0,0.0,1,3.0,0,0,0,0.0,0,0.3,0.3,,,74.0,234.0,30.005588235294116,6.0,Wisconsin,2016.0,2016.0,SD,198.0,,
2022,18,00-0032897,D.Watt,FB,PIT,CLE,0,0,0.0,0,0.0,0.0,0.0,1,1.0,1,0,0,0.0,0,6.1,6.1,,,74.0,234.0,30.005588235294116,6.0,Wisconsin,2016.0,2016.0,SD,198.0,14.0,
2022,1,00-0032918,C.Ham,FB,MIN,GB,0,0,0.0,0,0.0,0.0,0.0,0,0.0,0,1,1,6.0,0,0.6,1.6,,,71.0,235.0,29.31411111111111,6.0,"Augustana, S.D.",2016.0,2016.0,,,16.0,0.032258064
2022,3,00-0032918,C.Ham,FB,MIN,DET,0,0,0.0,0,0.0,0.0,0.0,0,0.0,0,3,2,15.0,0,1.5,3.5,,,71.0,235.0,29.31411111111111,6.0,"Augustana, S.D.",2016.0,2016.0,,,4.0,0.08108108
2022,4,00-0032918,C.Ham,FB,MIN,NO,0,0,0.0,0,0.0,0.0,0.0,0,0.0,0,1,0,0.0,0,0.0,0.0,,,71.0,235.0,29.31411111111111,6.0,"Augustana, S.D.",2016.0,2016.0,,,,0.028571429
2022,6,00-0032918,C.Ham,FB,MIN,MIA,0,0,0.0,0,0.0,0.0,0.0,1,3.0,0,0,0,0.0,0,0.3,0.3,,,71.0,235.0,29.31411111111111,6.0,"Augustana, S.D.",2016.0,2016.0,,,,
2022,10,00-0032918,C.Ham,FB,MIN,BUF,0,0,0.0,0,0.0,0.0,0.0,1,3.0,1,0,0,0.0,0,6.3,6.3,,,71.0,235.0,29.31411111111111,6.0,"Augustana, S.D.",2016.0,2016.0,,,,
2022,14,00-0032918,C.Ham,FB,MIN,DET,0,0,0.0,0,0.0,0.0,0.0,0,0.0,0,1,1,9.0,0,0.9,1.9,,,71.0,235.0,29.31411111111111,6.0,"Augustana, S.D.",2016.0,2016.0,,,,0.025
2022,15,00-0032918,C.Ham,FB,MIN,IND,0,0,0.0,0,0.0,0.0,0.0,2,1.0,1,1,1,4.0,0,6.5,7.5,,,71.0,235.0,29.31411111111111,6.0,"Augustana, S.D.",2016.0,2016.0,,,3.0,0.018518519
2022,16,00-0032918,C.Ham,FB,MIN,NYG,0,0,0.0,0,0.0,0.0,0.0,0,0.0,0,1,1,5.0,0,0.5,1.5,,,71.0,235.0,29.31411111111111,6.0,"Augustana, S.D.",2016.0,2016.0,,,3.0,0.021276595
2022,18,00-0032918,C.Ham,FB,MIN,CHI,0,0,0.0,0,0.0,0.0,0.0,0,0.0,0,4,4,47.0,0,4.7,8.7,,,71.0,235.0,29.31411111111111,6.0,"Augustana, S.D.",2016.0,2016.0,,,,0.125
2022,5,00-0032943,R.Dixon,P,LA,DAL,1,1,12.0,0,0.0,0.0,-0.0,0,0.0,0,0,0,0.0,0,0.48,0.48,,,76.0,221.0,29.21364705882353,6.0,Syracuse,2016.0,2016.0,DEN,228.0,-12.0,
2022,12,00-0032943,R.Dixon,P,LA,KC,1,1,6.0,0,0.0,0.0,-0.0,0,0.0,0,0,0,0.0,0,0.24,0.24,,,76.0,221.0,29.21364705882353,6.0,Syracuse,2016.0,2016.0,DEN,228.0,,
2022,1,00-0032950,C.Wentz,QB,WAS,JAX,27,41,313.0,4,2.0,1.0,8.0,6,12.0,0,0,0,0.0,0,27.72,27.72,,,77.0,237.0,29.854764705882353,6.0,North Dakota State,2016.0,2016.0,PHI,2.0,6.0,
2022,2,00-0032950,C.Wentz,QB,WAS,DET,30,46,337.0,3,1.0,5.0,29.0,2,23.0,0,0,0,0.0,0,27.78,27.78,,,77.0,237.0,29.854764705882353,6.0,North Dakota State,2016.0,2016.0,PHI,2.0,,
2022,3,00-0032950,C.Wentz,QB,WAS,PHI,25,43,211.0,0,0.0,9.0,58.0,3,22.0,0,0,0,0.0,0,8.64,8.64,,,77.0,237.0,29.854764705882353,6.0,North Dakota State,2016.0,2016.0,PHI,2.0,-16.0,
2022,4,00-0032950,C.Wentz,QB,WAS,DAL,25,42,170.0,1,2.0,2.0,15.0,1,5.0,0,0,0,0.0,0,7.3,7.3,,,77.0,237.0,29.854764705882353,6.0,North Dakota State,2016.0,2016.0,PHI,2.0,,
2022,5,00-0032950,C.Wentz,QB,WAS,TEN,25,38,359.0,2,1.0,3.0,17.0,5,15.0,0,0,0,0.0,0,21.86,21.86,,,77.0,237.0,29.854764705882353,6.0,North Dakota State,2016.0,2016.0,PHI,2.0,-4.0,
2022,6,00-0032950,C.Wentz,QB,WAS,CHI,12,22,99.0,0,0.0,3.0,13.0,2,2.0,0,0,0,0.0,0,4.16,4.16,,,77.0,237.0,29.854764705882353,6.0,North Dakota State,2016.0,2016.0,PHI,2.0,,
2022,16,00-0032950,C.Wentz,QB,WAS,SF,12,16,123.0,1,0.0,0.0,-0.0,0,0.0,0,0,0,0.0,0,8.92,8.92,,,77.0,237.0,29.854764705882353,6.0,North Dakota State,2016.0,2016.0,PHI,2.0,,
2022,17,00-0032950,C.Wentz,QB,WAS,CLE,16,28,143.0,0,3.0,3.0,19.0,3,7.0,1,0,0,0.0,0,6.42,6.42,,,77.0,237.0,29.854764705882353,6.0,North Dakota State,2016.0,2016.0,PHI,2.0,-14.0,
2022,13,00-0032951,L.Treadwell,WR,SEA,LA,0,0,0.0,0,0.0,0.0,0.0,0,0.0,0,1,1,1.0,0,0.1,1.1,,,74.0,215.0,27.414555555555555,6.0,Mississippi,2016.0,2016.0,MIN,23.0,,0.027027028
2022,16,00-0032951,L.Treadwell,WR,SEA,KC,0,0,0.0,0,0.0,0.0,0.0,0,0.0,0,7,3,26.0,0,2.6,5.6,,,74.0,215.0,27.414555555555555,6.0,Mississippi,2016.0,2016.0,MIN,23.0,,0.18421052
2022,17,00-0032951,L.Treadwell,WR,SEA,NYJ,0,0,0.0,0,0.0,0.0,0.0,0,0.0,0,2,2,15.0,0,1.5,3.5,,,74.0,215.0,27.414555555555555,6.0,Mississippi,2016.0,2016.0,MIN,23.0,17.0,0.071428575
2022,6,00-0032958,W.Parks,FS,NYJ,NYJ,0,0,0.0,0,0.0,0.0,0.0,0,0.0,0,0,0,0.0,0,6.0,6.0,,,72.0,194.0,28.28229411764706,6.0,Arizona,2016.0,2016.0,DEN,219.0,,
2022,3,00-0032975,J.Williams,RB,WAS,PHI,0,0,0.0,0,0.0,0.0,0.0,1,6.0,0,0,0,0.0,0,0.6,0.6,,,72.0,217.0,28.762411764705885,6.0,Arkansas,2016.0,2016.0,BUF,156.0,-16.0,
2022,4,00-0032975,J.Williams,RB,WAS,DAL,0,0,0.0,0,0.0,0.0,0.0,5,48.0,0,0,0,0.0,0,4.8,4.8,,,72.0,217.0,28.762411764705885,6.0,Arkansas,2016.0,2016.0,BUF,156.0,,
2022,12,00-0032975,J.Williams,RB,WAS,ATL,0,0,0.0,0,0.0,0.0,0.0,4,22.0,0,0,0,0.0,0,2.2,2.2,,,72.0,217.0,28.762411764705885,6.0,Arkansas,2016.0,2016.0,BUF,156.0,6.0,
2022,13,00-0032975,J.Williams,RB,WAS,NYG,0,0,0.0,0,0.0,0.0,0.0,1,1.0,0,0,0,0.0,0,0.1,0.1,,,72.0,217.0,28.762411764705885,6.0,Arkansas,2016.0,2016.0,BUF,156.0,,
2022,16,00-0032975,J.Williams,RB,WAS,SF,0,0,0.0,0,0.0,0.0,0.0,3,13.0,0,3,2,28.0,0,4.1,6.1,,,72.0,217.0,28.762411764705885,6.0,Arkansas,2016.0,2016.0,BUF,156.0,,0.0882353
2022,17,00-0032975,J.Williams,RB,WAS,CLE,0,0,0.0,0,0.0,0.0,0.0,9,30.0,0,5,3,3.0,0,3.3,6.3,,,72.0,217.0,28.762411764705885,6.0,Arkansas,2016.0,2016.0,BUF,156.0,-14.0,0.17857143
2022,18,00-0032975,J.Williams,RB,WAS,DAL,0,0,0.0,0,0.0,0.0,0.0,14,32.0,0,2,2,9.0,0,4.1,6.1,,,72.0,217.0,28.762411764705885,6.0,Arkansas,2016.0,2016.0,BUF,156.0,20.0,0.11111111
2022,5,00-0032980,M.Johnson,WR,NYG,GB,0,0,0.0,0,0.0,0.0,0.0,0,0.0,0,3,3,35.0,0,3.5,6.5,,,73.0,207.0,28.28421052631579,6.0,Texas,2016.0,2016.0,,,,0.115384616
2022,6,00-0032980,M.Johnson,WR,NYG,BAL,0,0,0.0,0,0.0,0.0,0.0,0,0.0,0,4,2,25.0,0,2.5,4.5,,,73.0,207.0,28.28421052631579,6.0,Texas,2016.0,2016.0,,,4.0,0.16
2022,7,00-0032980,M.Johnson,WR,NYG,JAX,0,0,0.0,0,0.0,0.0,0.0,0,0.0,0,3,0,0.0,0,0.0,0.0,,,73.0,207.0,28.28421052631579,6.0,Texas,2016.0,2016.0,,,,0.10344828
2022,8,00-0032980,M.Johnson,WR,NYG,SEA,0,0,0.0,0,0.0,0.0,0.0,0,0.0,0,6,1,3.0,0,0.3,1.3,,,73.0,207.0,28.28421052631579,6.0,Texas,2016.0,2016.0,,,,0.19354838
2022,18,00-0032980,M.Johnson,WR,NYG,PHI,0,0,0.0,0,0.0,0.0,0.0,0,0.0,0,6,3,36.0,0,3.6,6.6,,,73.0,207.0,28.28421052631579,6.0,Texas,2016.0,2016.0,,,,0.15789473
2022,20,00-0032980,M.Johnson,WR,NYG,PHI,0,0,0.0,0,0.0,0.0,0.0,0,0.0,0,1,1,17.0,0,1.7,2.7,,,73.0,207.0,28.28421052631579,6.0,Texas,2016.0,2016.0,,,,0.03846154
2022,1,00-0033009,T.Boyd,WR,CIN,PIT,0,0,0.0,0,0.0,0.0,0.0,0,0.0,0,7,4,33.0,1,9.3,13.3,,,74.0,203.0,28.00815789473684,6.0,Pittsburgh,2016.0,2016.0,CIN,55.0,-3.0,0.13207547
2022,2,00-0033009,T.Boyd,WR,CIN,DAL,0,0,0.0,0,0.0,0.0,0.0,0,0.0,0,2,2,17.0,0,3.7,5.7,,,74.0,203.0,28.00815789473684,6.0,Pittsburgh,2016.0,2016.0,CIN,55.0,,0.057142857
2022,3,00-0033009,T.Boyd,WR,CIN,NYJ,0,0,0.0,0,0.0,0.0,0.0,0,0.0,0,5,4,105.0,1,16.5,20.5,,,74.0,203.0,28.00815789473684,6.0,Pittsburgh,2016.0,2016.0,CIN,55.0,,0.14285715
2022,4,00-0033009,T.Boyd,WR,CIN,MIA,1,1,23.0,0,0.0,0.0,-0.0,0,0.0,0,5,2,47.0,0,5.62,7.62,,,74.0,203.0,28.00815789473684,6.0,Pittsburgh,2016.0,2016.0,CIN,55.0,12.0,0.15625
2022,5,00-0033009,T.Boyd,WR,CIN,BAL,0,0,0.0,0,0.0,1.0,12.0,0,0.0,0,4,3,32.0,0,3.2,6.2,,,74.0,203.0,28.00815789473684,6.0,Pittsburgh,2016.0,2016.0,CIN,55.0,,0.11764706
2022,6,00-0033009,T.Boyd,WR,CIN,NO,0,0,0.0,0,0.0,0.0,0.0,0,0.0,0,6,6,66.0,0,6.6,12.6,,,74.0,203.0,28.00815789473684,6.0,Pittsburgh,2016.0,2016.0,CIN,55.0,,0.16666667
2022,7,00-0033009,T.Boyd,WR,CIN,ATL,0,0,0.0,0,0.0,0.0,0.0,0,0.0,0,9,8,155.0,1,21.5,29.5,,,74.0,203.0,28.00815789473684,6.0,Pittsburgh,2016.0,2016.0,CIN,55.0,18.0,0.21428572
2022,8,00-0033009,T.Boyd,WR,CIN,CLE,0,0,0.0,0,0.0,0.0,0.0,0,0.0,0,5,3,38.0,1,9.8,12.8,,,74.0,203.0,28.00815789473684,6.0,Pittsburgh,2016.0,2016.0,CIN,55.0,,0.14705883
2022,9,00-0033009,T.Boyd,WR,CIN,CAR,0,0,0.0,0,0.0,0.0,0.0,0,0.0,0,6,5,44.0,0,4.4,9.4,,,74.0,203.0,28.00815789473684,6.0,Pittsburgh,2016.0,2016.0,CIN,55.0,21.0,0.2
2022,11,00-0033009,T.Boyd,WR,CIN,PIT,0,0,0.0,0,0.0,0.0,0.0,0,0.0,0,7,2,42.0,0,4.2,6.2,,,74.0,203.0,28.00815789473684,6.0,Pittsburgh,2016.0,2016.0,CIN,55.0,,0.1891892
2022,12,00-0033009,T.Boyd,WR,CIN,TEN,0,0,0.0,0,0.0,0.0,0.0,0,0.0,0,4,2,16.0,0,1.6,3.6,,,74.0,203.0,28.00815789473684,6.0,Pittsburgh,2016.0,2016.0,CIN,55.0,,0.11111111
2022,13,00-0033009,T.Boyd,WR,CIN,KC,0,0,0.0,0,0.0,0.0,0.0,0,0.0,0,5,4,60.0,0,6.0,10.0,,,74.0,203.0,28.00815789473684,6.0,Pittsburgh,2016.0,2016.0,CIN,55.0,3.0,0.16129032
2022,14,00-0033009,T.Boyd,WR,CIN,CLE,0,0,0.0,0,0.0,0.0,0.0,0,0.0,0,1,0,0.0,0,0.0,0.0,,,74.0,203.0,28.00815789473684,6.0,Pittsburgh,2016.0,2016.0,CIN,55.0,13.0,0.03125
2022,15,00-0033009,T.Boyd,WR,CIN,TB,0,0,0.0,0,0.0,0.0,0.0,0,0.0,0,5,5,35.0,1,9.5,14.5,,,74.0,203.0,28.00815789473684,6.0,Pittsburgh,2016.0,2016.0,CIN,55.0,,0.13157895
2022,16,00-0033009,T.Boyd,WR,CIN,NE,0,0,0.0,0,0.0,0.0,0.0,0,0.0,0,4,3,21.0,0,2.1,5.1,,,74.0,203.0,28.00815789473684,6.0,Pittsburgh,2016.0,2016.0,CIN,55.0,,0.08163265
2022,18,00-0033009,T.Boyd,WR,CIN,BAL,0,0,0.0,0,0.0,0.0,0.0,0,0.0,0,7,5,51.0,0,5.1,10.1,,,74.0,203.0,28.00815789473684,6.0,Pittsburgh,2016.0,2016.0,CIN,55.0,11.0,0.175
2022,19,00-0033009,T.Boyd,WR,CIN,BAL,0,0,0.0,0,0.0,0.0,0.0,0,0.0,0,3,3,26.0,0,2.6,5.6,,,74.0,203.0,28.00815789473684,6.0,Pittsburgh,2016.0,2016.0,CIN,55.0,7.0,0.09375
2022,20,00-0033009,T.Boyd,WR,CIN,BUF,0,0,0.0,0,0.0,0.0,0.0,0,0.0,0,2,1,23.0,0,2.3,3.3,,,74.0,203.0,28.00815789473684,6.0,Pittsburgh,2016.0,2016.0,CIN,55.0,,0.0625
2022,21,00-0033009,T.Boyd,WR,CIN,KC,0,0,0.0,0,0.0,0.0,0.0,0,0.0,0,2,2,40.0,0,4.0,6.0,,,74.0,203.0,28.00815789473684,6.0,Pittsburgh,2016.0,2016.0,CIN,55.0,,0.054054055
2022,1,00-0033040,T.Hill,WR,MIA,NE,0,0,0.0,0,0.0,0.0,0.0,1,6.0,0,12,8,94.0,0,10.0,18.0,,,70.0,185.0,28.701888888888888,6.0,West Alabama,2016.0,2016.0,KC,165.0,13.0,0.38709676
2022,2,00-0033040,T.Hill,WR,MIA,BAL,0,0,0.0,0,0.0,0.0,0.0,0,0.0,0,13,11,190.0,2,31.0,42.0,,,70.0,185.0,28.701888888888888,6.0,West Alabama,2016.0,2016.0,KC,165.0,,0.26
2022,3,00-0033040,T.Hill,WR,MIA,BUF,0,0,0.0,0,0.0,0.0,0.0,0,0.0,0,4,2,33.0,0,3.3,5.3,,,70.0,185.0,28.701888888888888,6.0,West Alabama,2016.0,2016.0,KC,165.0,2.0,0.2
2022,4,00-0033040,T.Hill,WR,MIA,CIN,0,0,0.0,0,0.0,0.0,0.0,1,-1.0,0,14,10,160.0,0,15.9,25.9,,,70.0,185.0,28.701888888888888,6.0,West Alabama,2016.0,2016.0,KC,165.0,,0.3888889
2022,5,00-0033040,T.Hill,WR,MIA,NYJ,0,0,0.0,0,0.0,0.0,0.0,2,13.0,0,7,7,47.0,0,6.0,13.0,,,70.0,185.0,28.701888888888888,6.0,West Alabama,2016.0,2016.0,KC,165.0,,0.21875
2022,6,00-0033040,T.Hill,WR,MIA,MIN,0,0,0.0,0,0.0,0.0,0.0,0,0.0,0,15,12,177.0,0,17.7,29.7,,,70.0,185.0,28.701888888888888,6.0,West Alabama,2016.0,2016.0,KC,165.0,-8.0,0.33333334
2022,7,00-0033040,T.Hill,WR,MIA,PIT,0,0,0.0,0,0.0,0.0,0.0,0,0.0,0,13,7,72.0,0,7.2,14.2,,,70.0,185.0,28.701888888888888,6.0,West Alabama,2016.0,2016.0,KC,165.0,6.0,0.37142858
2022,8,00-0033040,T.Hill,WR,MIA,DET,0,0,0.0,0,0.0,0.0,0.0,1,7.0,0,14,12,188.0,0,19.5,31.5,,,70.0,185.0,28.701888888888888,6.0,West Alabama,2016.0,2016.0,KC,165.0,,0.4117647
2022,9,00-0033040,T.Hill,WR,MIA,CHI,0,0,0.0,0,0.0,0.0,0.0,0,0.0,0,8,7,143.0,1,20.3,27.3,,,70.0,185.0,28.701888888888888,6.0,West Alabama,2016.0,2016.0,KC,165.0,,0.27586207
2022,10,00-0033040,T.Hill,WR,MIA,CLE,0,0,0.0,0,0.0,0.0,0.0,0,0.0,0,6,5,44.0,1,10.4,15.4,,,70.0,185.0,28.701888888888888,6.0,West Alabama,2016.0,2016.0,KC,165.0,22.0,0.18181819
2022,12,00-0033040,T.Hill,WR,MIA,HOU,0,0,0.0,0,0.0,0.0,0.0,1,5.0,0,9,6,85.0,0,9.0,15.0,,,70.0,185.0,28.701888888888888,6.0,West Alabama,2016.0,2016.0,KC,165.0,15.0,0.23684211
2022,13,00-0033040,T.Hill,WR,MIA,SF,0,0,0.0,0,0.0,0.0,0.0,0,0.0,0,14,9,146.0,1,20.6,29.6,,,70.0,185.0,28.701888888888888,6.0,West Alabama,2016.0,2016.0,KC,165.0,,0.4117647
2022,14,00-0033040,T.Hill,WR,MIA,LAC,0,0,0.0,0,0.0,0.0,0.0,0,0.0,0,10,4,81.0,1,14.1,18.1,,,70.0,185.0,28.701888888888888,6.0,West Alabama,2016.0,2016.0,KC,165.0,,0.41666666
2022,15,00-0033040,T.Hill,WR,MIA,BUF,0,0,0.0,0,0.0,0.0,0.0,0,0.0,0,13,9,69.0,1,12.9,21.9,,,70.0,185.0,28.701888888888888,6.0,West Alabama,2016.0,2016.0,KC,165.0,,0.43333334
2022,16,00-0033040,T.Hill,WR,MIA,GB,0,0,0.0,0,0.0,0.0,0.0,0,0.0,0,6,4,103.0,0,10.3,14.3,,,70.0,185.0,28.701888888888888,6.0,West Alabama,2016.0,2016.0,KC,165.0,-6.0,0.25
2022,17,00-0033040,T.Hill,WR,MIA,NE,0,0,0.0,0,0.0,0.0,0.0,1,2.0,1,7,4,55.0,0,11.7,15.7,,,70.0,185.0,28.701888888888888,6.0,West Alabama,2016.0,2016.0,KC,165.0,,0.175
2022,18,00-0033040,T.Hill,WR,MIA,NYJ,0,0,0.0,0,0.0,0.0,0.0,0,0.0,0,5,2,23.0,0,2.3,4.3,,,70.0,185.0,28.701888888888888,6.0,West Alabama,2016.0,2016.0,KC,165.0,5.0,0.18518518
2022,19,00-0033040,T.Hill,WR,MIA,BUF,0,0,0.0,0,0.0,0.0,0.0,2,5.0,0,15,7,69.0,0,9.4,16.4,,,70.0,185.0,28.701888888888888,6.0,West Alabama,2016.0,2016.0,KC,165.0,,0.35714287
2022,1,00-0033045,E.Elliott,RB,DAL,TB,0,0,0.0,0,0.0,0.0,0.0,10,52.0,0,2,1,-3.0,0,4.9,5.9,,,72.0,228.0,27.32305263157895,6.0,Ohio State,2016.0,2016.0,DAL,4.0,-16.0,0.048780486
2022,2,00-0033045,E.Elliott,RB,DAL,CIN,0,0,0.0,0,0.0,0.0,0.0,15,53.0,0,2,1,-4.0,0,4.9,5.9,,,72.0,228.0,27.32305263157895,6.0,Ohio State,2016.0,2016.0,DAL,4.0,3.0,0.06666667
2022,3,00-0033045,E.Elliott,RB,DAL,NYG,0,0,0.0,0,0.0,0.0,0.0,15,73.0,1,1,1,2.0,0,13.5,14.5,,,72.0,228.0,27.32305263157895,6.0,Ohio State,2016.0,2016.0,DAL,4.0,,0.033333335
2022,4,00-0033045,E.Elliott,RB,DAL,WAS,0,0,0.0,0,0.0,0.0,0.0,19,49.0,0,2,2,32.0,0,8.1,10.1,,,72.0,228.0,27.32305263157895,6.0,Ohio State,2016.0,2016.0,DAL,4.0,15.0,0.07692308
2022,5,00-0033045,E.Elliott,RB,DAL,LA,0,0,0.0,0,0.0,0.0,0.0,22,78.0,0,0,0,0.0,0,7.8,7.8,,,72.0,228.0,27.32305263157895,6.0,Ohio State,2016.0,2016.0,DAL,4.0,,
2022,6,00-0033045,E.Elliott,RB,DAL,PHI,0,0,0.0,0,0.0,0.0,0.0,13,81.0,1,1,1,5.0,0,14.6,15.6,,,72.0,228.0,27.32305263157895,6.0,Ohio State,2016.0,2016.0,DAL,4.0,,0.027027028
2022,7,00-0033045,E.Elliott,RB,DAL,DET,0,0,0.0,0,0.0,0.0,0.0,15,57.0,2,0,0,0.0,0,17.7,17.7,,,72.0,228.0,27.32305263157895,6.0,Ohio State,2016.0,2016.0,DAL,4.0,18.0,
2022,11,00-0033045,E.Elliott,RB,DAL,MIN,0,0,0.0,0,0.0,0.0,0.0,15,42.0,2,1,1,5.0,0,16.7,17.7,,,72.0,228.0,27.32305263157895,6.0,Ohio State,2016.0,2016.0,DAL,4.0,,0.033333335
2022,12,00-0033045,E.Elliott,RB,DAL,NYG,0,0,0.0,0,0.0,0.0,0.0,16,92.0,1,1,1,3.0,0,15.5,16.5,,,72.0,228.0,27.32305263157895,6.0,Ohio State,2016.0,2016.0,DAL,4.0,8.0,0.03448276
2022,13,00-0033045,E.Elliott,RB,DAL,IND,0,0,0.0,0,0.0,0.0,0.0,17,77.0,1,3,3,14.0,0,15.1,18.1,,,72.0,228.0,27.32305263157895,6.0,Ohio State,2016.0,2016.0,DAL,4.0,35.0,0.1
2022,14,00-0033045,E.Elliott,RB,DAL,HOU,0,0,0.0,0,0.0,0.0,0.0,15,62.0,1,5,3,19.0,0,14.1,17.1,,,72.0,228.0,27.32305263157895,6.0,Ohio State,2016.0,2016.0,DAL,4.0,4.0,0.12820514
2022,15,00-0033045,E.Elliott,RB,DAL,JAX,0,0,0.0,0,0.0,0.0,0.0,16,58.0,1,2,2,13.0,0,13.1,15.1,,,72.0,228.0,27.32305263157895,6.0,Ohio State,2016.0,2016.0,DAL,4.0,,0.06666667
2022,16,00-0033045,E.Elliott,RB,DAL,PHI,0,0,0.0,0,0.0,0.0,0.0,16,55.0,1,1,1,6.0,0,12.1,13.1,,,72.0,228.0,27.32305263157895,6.0,Ohio State,2016.0,2016.0,DAL,4.0,6.0,0.028571429
2022,17,00-0033045,E.Elliott,RB,DAL,TEN,0,0,0.0,0,0.0,0.0,0.0,19,37.0,1,0,0,0.0,0,9.7,9.7,,,72.0,228.0,27.32305263157895,6.0,Ohio State,2016.0,2016.0,DAL,4.0,,
2022,18,00-0033045,E.Elliott,RB,DAL,WAS,0,0,0.0,0,0.0,0.0,0.0,8,10.0,0,2,0,0.0,0,1.0,1.0,,,72.0,228.0,27.32305263157895,6.0,Ohio State,2016.0,2016.0,DAL,4.0,,0.055555556
2022,19,00-0033045,E.Elliott,RB,DAL,TB,0,0,0.0,0,0.0,0.0,0.0,13,27.0,0,2,1,9.0,0,3.6,4.6,,,72.0,228.0,27.32305263157895,6.0,Ohio State,2016.0,2016.0,DAL,4.0,,0.0625
2022,20,00-0033045,E.Elliott,RB,DAL,SF,0,0,0.0,0,0.0,0.0,0.0,10,26.0,0,4,2,7.0,0,3.3,5.3,,,72.0,228.0,27.32305263157895,6.0,Ohio State,2016.0,2016.0,DAL,4.0,,0.10810811
2022,17,00-0033057,J.Conklin,T,CLE,WAS,0,0,0.0,0,0.0,0.0,0.0,0,0.0,0,1,0,0.0,0,0.0,0.0,,,78.0,308.0,28.231176470588235,6.0,Michigan State,2016.0,2016.0,TEN,8.0,,0.0625
2022,1,00-0033077,D.Prescott,QB,DAL,TB,14,29,134.0,0,1.0,2.0,13.0,2,11.0,0,0,0,0.0,0,4.46,4.46,,,74.0,238.0,29.30263157894737,6.0,Mississippi State,2016.0,2016.0,DAL,135.0,-16.0,
2022,7,00-0033077,D.Prescott,QB,DAL,DET,19,25,207.0,1,0.0,2.0,16.0,3,0.0,0,0,0,0.0,0,12.28,12.28,,,74.0,238.0,29.30263157894737,6.0,Mississippi State,2016.0,2016.0,DAL,135.0,18.0,
2022,8,00-0033077,D.Prescott,QB,DAL,CHI,21,27,250.0,2,1.0,1.0,8.0,5,34.0,1,0,0,0.0,0,25.4,25.4,,,74.0,238.0,29.30263157894737,6.0,Mississippi State,2016.0,2016.0,DAL,135.0,20.0,
2022,10,00-0033077,D.Prescott,QB,DAL,GB,27,46,265.0,3,2.0,2.0,3.0,4,6.0,0,0,0,0.0,0,19.2,19.2,,,74.0,238.0,29.30263157894737,6.0,Mississippi State,2016.0,2016.0,DAL,135.0,,
2022,11,00-0033077,D.Prescott,QB,DAL,MIN,22,25,276.0,2,0.0,0.0,-0.0,3,16.0,0,0,0,0.0,0,20.64,20.64,,,74.0,238.0,29.30263157894737,6.0,Mississippi State,2016.0,2016.0,DAL,135.0,,
2022,12,00-0033077,D.Prescott,QB,DAL,NYG,21,30,261.0,2,2.0,0.0,-0.0,2,4.0,0,0,0,0.0,0,14.84,14.84,,,74.0,238.0,29.30263157894737,6.0,Mississippi State,2016.0,2016.0,DAL,135.0,8.0,
2022,13,00-0033077,D.Prescott,QB,DAL,IND,20,30,170.0,3,1.0,1.0,5.0,0,0.0,0,0,0,0.0,0,16.8,16.8,,,74.0,238.0,29.30263157894737,6.0,Mississippi State,2016.0,2016.0,DAL,135.0,35.0,
2022,14,00-0033077,D.Prescott,QB,DAL,HOU,24,39,284.0,1,2.0,1.0,7.0,6,23.0,0,0,0,0.0,0,13.66,13.66,,,74.0,238.0,29.30263157894737,6.0,Mississippi State,2016.0,2016.0,DAL,135.0,4.0,
2022,15,00-0033077,D.Prescott,QB,DAL,JAX,23,30,256.0,3,2.0,3.0,13.0,5,20.0,0,0,0,0.0,0,20.24,20.24,,,74.0,238.0,29.30263157894737,6.0,Mississippi State,2016.0,2016.0,DAL,135.0,,
2022,16,00-0033077,D.Prescott,QB,DAL,PHI,27,35,347.0,3,1.0,6.0,43.0,6,41.0,0,0,0,0.0,0,27.98,27.98,,,74.0,238.0,29.30263157894737,6.0,Mississippi State,2016.0,2016.0,DAL,135.0,6.0,
2022,17,00-0033077,D.Prescott,QB,DAL,TEN,29,41,282.0,2,2.0,1.0,8.0,3,11.0,0,0,0,0.0,0,14.38,14.38,,,74.0,238.0,29.30263157894737,6.0,Mississippi State,2016.0,2016.0,DAL,135.0,,
2022,18,00-0033077,D.Prescott,QB,DAL,WAS,14,37,128.0,1,1.0,1.0,10.0,6,16.0,0,0,0,0.0,0,8.72,8.72,,,74.0,238.0,29.30263157894737,6.0,Mississippi State,2016.0,2016.0,DAL,135.0,,
2022,19,00-0033077,D.Prescott,QB,DAL,TB,25,33,305.0,4,0.0,1.0,8.0,7,24.0,1,0,0,0.0,0,36.6,36.6,,,74.0,238.0,29.30263157894737,6.0,Mississippi State,2016.0,2016.0,DAL,135.0,,
2022,20,00-0033077,D.Prescott,QB,DAL,SF,23,37,206.0,1,2.0,1.0,-0.0,4,22.0,0,0,0,0.0,0,10.44,10.44,,,74.0,238.0,29.30263157894737,6.0,Mississippi State,2016.0,2016.0,DAL,135.0,,
2022,1,00-0033090,H.Henry,TE,NE,MIA,0,0,0.0,0,0.0,0.0,0.0,0,0.0,0,3,2,20.0,0,2.0,4.0,,,77.0,250.0,27.92335294117647,6.0,Arkansas,2016.0,2016.0,SD,35.0,,0.1
2022,2,00-0033090,H.Henry,TE,NE,PIT,0,0,0.0,0,0.0,0.0,0.0,0,0.0,0,1,0,0.0,0,0.0,0.0,,,77.0,250.0,27.92335294117647,6.0,Arkansas,2016.0,2016.0,SD,35.0,,0.029411765
2022,3,00-0033090,H.Henry,TE,NE,BAL,0,0,0.0,0,0.0,0.0,0.0,0,0.0,0,1,1,8.0,0,0.8,1.8,,,77.0,250.0,27.92335294117647,6.0,Arkansas,2016.0,2016.0,SD,35.0,-11.0,0.03125
2022,4,00-0033090,H.Henry,TE,NE,GB,0,0,0.0,0,0.0,0.0,0.0,0,0.0,0,4,2,13.0,0,1.3,3.3,,,77.0,250.0,27.92335294117647,6.0,Arkansas,2016.0,2016.0,SD,35.0,,0.2
2022,5,00-0033090,H.Henry,TE,NE,DET,0,0,0.0,0,0.0,0.0,0.0,0,0.0,0,5,4,54.0,0,5.4,9.4,,,77.0,250.0,27.92335294117647,6.0,Arkansas,2016.0,2016.0,SD,35.0,29.0,0.23809524
2022,6,00-0033090,H.Henry,TE,NE,CLE,0,0,0.0,0,0.0,0.0,0.0,0,0.0,0,7,4,61.0,1,12.1,16.1,,,77.0,250.0,27.92335294117647,6.0,Arkansas,2016.0,2016.0,SD,35.0,,0.22580644
2022,7,00-0033090,H.Henry,TE,NE,CHI,0,0,0.0,0,0.0,0.0,0.0,0,0.0,0,2,1,12.0,0,1.2,2.2,,,77.0,250.0,27.92335294117647,6.0,Arkansas,2016.0,2016.0,SD,35.0,-19.0,0.071428575
2022,8,00-0033090,H.Henry,TE,NE,NYJ,0,0,0.0,0,0.0,0.0,0.0,0,0.0,0,1,1,22.0,0,2.2,3.2,,,77.0,250.0,27.92335294117647,6.0,Arkansas,2016.0,2016.0,SD,35.0,,0.03125
2022,9,00-0033090,H.Henry,TE,NE,IND,0,0,0.0,0,0.0,0.0,0.0,0,0.0,0,4,4,50.0,0,5.0,9.0,,,77.0,250.0,27.92335294117647,6.0,Arkansas,2016.0,2016.0,SD,35.0,23.0,0.13793103
2022,11,00-0033090,H.Henry,TE,NE,NYJ,0,0,0.0,0,0.0,0.0,0.0,0,0.0,0,1,1,20.0,0,2.0,3.0,,,77.0,250.0,27.92335294117647,6.0,Arkansas,2016.0,2016.0,SD,35.0,7.0,0.037037037
2022,12,00-0033090,H.Henry,TE,NE,MIN,0,0,0.0,0,0.0,0.0,0.0,0,0.0,0,5,3,63.0,1,12.3,15.3,,,77.0,250.0,27.92335294117647,6.0,Arkansas,2016.0,2016.0,SD,35.0,,0.14285715
2022,13,00-0033090,H.Henry,TE,NE,BUF,0,0,0.0,0,0.0,0.0,0.0,0,0.0,0,5,2,13.0,0,1.3,3.3,,,77.0,250.0,27.92335294117647,6.0,Arkansas,2016.0,2016.0,SD,35.0,-14.0,0.14705883
2022,14,00-0033090,H.Henry,TE,NE,ARI,0,0,0.0,0,0.0,0.0,0.0,0,0.0,0,3,3,70.0,0,7.0,10.0,,,77.0,250.0,27.92335294117647,6.0,Arkansas,2016.0,2016.0,SD,35.0,,0.09090909
2022,15,00-0033090,H.Henry,TE,NE,LV,0,0,0.0,0,0.0,0.0,0.0,0,0.0,0,4,2,9.0,0,0.9,2.9,,,77.0,250.0,27.92335294117647,6.0,Arkansas,2016.0,2016.0,SD,35.0,,0.13333334
2022,17,00-0033090,H.Henry,TE,NE,MIA,0,0,0.0,0,0.0,0.0,0.0,0,0.0,0,6,5,52.0,0,5.2,10.2,,,77.0,250.0,27.92335294117647,6.0,Arkansas,2016.0,2016.0,SD,35.0,2.0,0.1875
2022,18,00-0033090,H.Henry,TE,NE,BUF,0,0,0.0,0,0.0,0.0,0.0,0,0.0,0,7,6,42.0,0,4.2,10.2,,,77.0,250.0,27.92335294117647,6.0,Arkansas,2016.0,2016.0,SD,35.0,,0.17948718
2022,1,00-0033106,J.Goff,QB,DET,PHI,21,37,215.0,2,1.0,1.0,10.0,2,9.0,0,0,0,0.0,0,15.5,15.5,,,76.0,223.0,28.075823529411764,6.0,California,2016.0,2016.0,LA,1.0,-3.0,
2022,2,00-0033106,J.Goff,QB,DET,WAS,20,34,256.0,4,0.0,3.0,22.0,2,-2.0,0,0,0,0.0,0,26.04,26.04,,,76.0,223.0,28.075823529411764,6.0,California,2016.0,2016.0,LA,1.0,9.0,
2022,3,00-0033106,J.Goff,QB,DET,MIN,25,41,277.0,1,1.0,0.0,-0.0,2,8.0,0,0,0,0.0,0,13.88,13.88,,,76.0,223.0,28.075823529411764,6.0,California,2016.0,2016.0,LA,1.0,,
2022,4,00-0033106,J.Goff,QB,DET,SEA,26,39,378.0,4,1.0,1.0,9.0,1,1.0,0,0,0,0.0,0,33.22,33.22,,,76.0,223.0,28.075823529411764,6.0,California,2016.0,2016.0,LA,1.0,-3.0,
2022,5,00-0033106,J.Goff,QB,DET,NE,19,35,229.0,0,1.0,2.0,18.0,3,7.0,0,0,0,0.0,0,5.86,5.86,,,76.0,223.0,28.075823529411764,6.0,California,2016.0,2016.0,LA,1.0,,
2022,7,00-0033106,J.Goff,QB,DET,DAL,21,26,228.0,0,2.0,5.0,33.0,1,4.0,0,0,0,0.0,0,1.52,1.52,,,76.0,223.0,28.075823529411764,6.0,California,2016.0,2016.0,LA,1.0,,
2022,8,00-0033106,J.Goff,QB,DET,MIA,27,37,321.0,1,0.0,1.0,10.0,1,3.0,0,1,1,5.0,0,17.64,18.64,,,76.0,223.0,28.075823529411764,6.0,California,2016.0,2016.0,LA,1.0,-4.0,0.027027028
2022,9,00-0033106,J.Goff,QB,DET,GB,14,26,137.0,2,1.0,0.0,-0.0,1,-1.0,0,0,0,0.0,0,11.38,11.38,,,76.0,223.0,28.075823529411764,6.0,California,2016.0,2016.0,LA,1.0,6.0,
2022,10,00-0033106,J.Goff,QB,DET,CHI,19,26,236.0,1,0.0,2.0,8.0,4,14.0,0,0,0,0.0,0,14.84,14.84,,,76.0,223.0,28.075823529411764,6.0,California,2016.0,2016.0,LA,1.0,,
2022,11,00-0033106,J.Goff,QB,DET,NYG,17,26,165.0,0,0.0,0.0,-0.0,4,-1.0,0,0,0,0.0,0,6.5,6.5,,,76.0,223.0,28.075823529411764,6.0,California,2016.0,2016.0,LA,1.0,,
2022,12,00-0033106,J.Goff,QB,DET,BUF,23,37,240.0,2,0.0,2.0,10.0,0,0.0,0,0,0,0.0,0,17.6,17.6,,,76.0,223.0,28.075823529411764,6.0,California,2016.0,2016.0,LA,1.0,-3.0,
2022,13,00-0033106,J.Goff,QB,DET,JAX,31,41,340.0,2,0.0,2.0,3.0,0,0.0,0,0,0,0.0,0,21.6,21.6,,,76.0,223.0,28.075823529411764,6.0,California,2016.0,2016.0,LA,1.0,26.0,
2022,14,00-0033106,J.Goff,QB,DET,MIN,27,39,330.0,3,0.0,0.0,-0.0,2,9.0,0,0,0,0.0,0,26.1,26.1,,,76.0,223.0,28.075823529411764,6.0,California,2016.0,2016.0,LA,1.0,11.0,
2022,15,00-0033106,J.Goff,QB,DET,NYJ,23,38,252.0,1,0.0,0.0,-0.0,0,0.0,0,0,0,0.0,0,14.08,14.08,,,76.0,223.0,28.075823529411764,6.0,California,2016.0,2016.0,LA,1.0,,
2022,16,00-0033106,J.Goff,QB,DET,CAR,25,42,355.0,3,0.0,2.0,19.0,3,15.0,0,0,0,0.0,0,25.7,25.7,,,76.0,223.0,28.075823529411764,6.0,California,2016.0,2016.0,LA,1.0,,
2022,17,00-0033106,J.Goff,QB,DET,CHI,21,29,255.0,3,0.0,1.0,9.0,1,2.0,0,0,0,0.0,0,22.4,22.4,,,76.0,223.0,28.075823529411764,6.0,California,2016.0,2016.0,LA,1.0,31.0,
2022,18,00-0033106,J.Goff,QB,DET,GB,23,34,224.0,0,0.0,1.0,5.0,2,5.0,0,0,0,0.0,0,9.46,9.46,,,76.0,223.0,28.075823529411764,6.0,California,2016.0,2016.0,LA,1.0,,
2022,1,00-0033110,T.Higbee,TE,LA,BUF,0,0,0.0,0,0.0,0.0,0.0,0,0.0,0,11,5,39.0,0,3.9,8.9,,,78.0,257.0,29.85705882352941,6.0,Western Kentucky,2016.0,2016.0,LA,110.0,-21.0,0.2682927
2022,2,00-0033110,T.Higbee,TE,LA,ATL,0,0,0.0,0,0.0,0.0,0.0,0,0.0,0,9,7,71.0,0,7.1,14.1,,,78.0,257.0,29.85705882352941,6.0,Western Kentucky,2016.0,2016.0,LA,110.0,4.0,0.25714287
2022,3,00-0033110,T.Higbee,TE,LA,ARI,0,0,0.0,0,0.0,0.0,0.0,0,0.0,0,4,4,61.0,0,6.1,10.1,,,78.0,257.0,29.85705882352941,6.0,Western Kentucky,2016.0,2016.0,LA,110.0,,0.16
2022,4,00-0033110,T.Higbee,TE,LA,SF,0,0,0.0,0,0.0,0.0,0.0,0,0.0,0,14,10,73.0,0,7.3,17.3,,,78.0,257.0,29.85705882352941,6.0,Western Kentucky,2016.0,2016.0,LA,110.0,,0.29166666
2022,5,00-0033110,T.Higbee,TE,LA,DAL,0,0,0.0,0,0.0,0.0,0.0,0,0.0,0,10,7,46.0,0,4.6,11.6,,,78.0,257.0,29.85705882352941,6.0,Western Kentucky,2016.0,2016.0,LA,110.0,-12.0,0.23809524
2022,6,00-0033110,T.Higbee,TE,LA,CAR,0,0,0.0,0,0.0,0.0,0.0,0,0.0,0,2,1,7.0,0,0.7,1.7,,,78.0,257.0,29.85705882352941,6.0,Western Kentucky,2016.0,2016.0,LA,110.0,14.0,0.06451613
2022,8,00-0033110,T.Higbee,TE,LA,SF,0,0,0.0,0,0.0,0.0,0.0,0,0.0,0,6,2,15.0,0,1.5,3.5,,,78.0,257.0,29.85705882352941,6.0,Western Kentucky,2016.0,2016.0,LA,110.0,-17.0,0.1875
2022,9,00-0033110,T.Higbee,TE,LA,TB,0,0,0.0,0,0.0,0.0,0.0,0,0.0,0,1,0,0.0,0,0.0,0.0,,,78.0,257.0,29.85705882352941,6.0,Western Kentucky,2016.0,2016.0,LA,110.0,,0.03846154
2022,10,00-0033110,T.Higbee,TE,LA,ARI,0,0,0.0,0,0.0,0.0,0.0,0,0.0,0,8,8,73.0,0,7.3,15.3,,,78.0,257.0,29.85705882352941,6.0,Western Kentucky,2016.0,2016.0,LA,110.0,-10.0,0.21621622
2022,11,00-0033110,T.Higbee,TE,LA,NO,0,0,0.0,0,0.0,0.0,0.0,0,0.0,0,8,4,45.0,0,4.5,8.5,,,78.0,257.0,29.85705882352941,6.0,Western Kentucky,2016.0,2016.0,LA,110.0,,0.2962963
2022,13,00-0033110,T.Higbee,TE,LA,SEA,0,0,0.0,0,0.0,0.0,0.0,0,0.0,0,5,2,14.0,0,1.4,3.4,,,78.0,257.0,29.85705882352941,6.0,Western Kentucky,2016.0,2016.0,LA,110.0,-4.0,0.2
2022,14,00-0033110,T.Higbee,TE,LA,LV,0,0,0.0,0,0.0,0.0,0.0,0,0.0,0,3,2,11.0,0,1.1,3.1,,,78.0,257.0,29.85705882352941,6.0,Western Kentucky,2016.0,2016.0,LA,110.0,1.0,0.0882353
2022,15,00-0033110,T.Higbee,TE,LA,GB,0,0,0.0,0,0.0,0.0,0.0,0,0.0,0,5,4,27.0,1,8.7,12.7,,,78.0,257.0,29.85705882352941,6.0,Western Kentucky,2016.0,2016.0,LA,110.0,,0.25
2022,16,00-0033110,T.Higbee,TE,LA,DEN,0,0,0.0,0,0.0,0.0,0.0,0,0.0,0,11,9,94.0,2,21.4,30.4,,,78.0,257.0,29.85705882352941,6.0,Western Kentucky,2016.0,2016.0,LA,110.0,37.0,0.39285713
2022,17,00-0033110,T.Higbee,TE,LA,LAC,0,0,0.0,0,0.0,0.0,0.0,0,0.0,0,4,3,11.0,0,1.1,4.1,,,78.0,257.0,29.85705882352941,6.0,Western Kentucky,2016.0,2016.0,LA,110.0,,0.22222222
2022,18,00-0033110,T.Higbee,TE,LA,SEA,0,0,0.0,0,0.0,0.0,0.0,0,0.0,0,7,4,33.0,0,3.3,7.3,,,78.0,257.0,29.85705882352941,6.0,Western Kentucky,2016.0,2016.0,LA,110.0,,0.29166666
2022,17,00-0033111,P.Cooper,WR,ARI,ATL,0,0,0.0,0,0.0,0.0,0.0,2,8.0,0,0,0,0.0,0,0.8,0.8,,,71.0,207.0,27.790499999999998,6.0,South Carolina,2016.0,2016.0,LA,117.0,,
2022,18,00-0033111,P.Cooper,WR,ARI,SF,0,0,0.0,0,0.0,0.0,0.0,2,7.0,0,2,2,6.0,0,1.3,3.3,,,71.0,207.0,27.790499999999998,6.0,South Carolina,2016.0,2016.0,LA,117.0,,0.074074075
2022,1,00-0033114,M.Thomas,WR,CIN,PIT,0,0,0.0,0,0.0,0.0,0.0,0,0.0,0,5,1,5.0,0,2.5,3.5,,,73.0,189.0,28.227800000000002,6.0,Southern Mississippi,2016.0,2016.0,LA,206.0,-3.0,0.094339624
2022,5,00-0033114,M.Thomas,WR,CIN,BAL,0,0,0.0,0,0.0,0.0,0.0,0,0.0,0,3,1,33.0,0,3.3,4.3,,,73.0,189.0,28.227800000000002,6.0,Southern Mississippi,2016.0,2016.0,LA,206.0,,0.0882353
2022,8,00-0033114,M.Thomas,WR,CIN,CLE,0,0,0.0,0,0.0,0.0,0.0,0,0.0,0,1,0,0.0,0,0.0,0.0,,,73.0,189.0,28.227800000000002,6.0,Southern Mississippi,2016.0,2016.0,LA,206.0,,0.029411765
2022,11,00-0033114,M.Thomas,WR,CIN,PIT,0,0,0.0,0,0.0,0.0,0.0,0,0.0,0,1,0,0.0,0,0.0,0.0,,,73.0,189.0,28.227800000000002,6.0,Southern Mississippi,2016.0,2016.0,LA,206.0,,0.027027028
2022,1,00-0033118,K.Drake,RB,BAL,NYJ,0,0,0.0,0,0.0,0.0,0.0,11,31.0,0,1,1,15.0,0,4.6,5.6,,,73.0,211.0,28.796055555555554,6.0,Alabama,2016.0,2016.0,MIA,73.0,,0.03448276
2022,2,00-0033118,K.Drake,RB,BAL,MIA,0,0,0.0,0,0.0,0.0,0.0,6,8.0,0,0,0,0.0,0,0.8,0.8,,,73.0,211.0,28.796055555555554,6.0,Alabama,2016.0,2016.0,MIA,73.0,-4.0,
2022,5,00-0033118,K.Drake,RB,BAL,CIN,0,0,0.0,0,0.0,0.0,0.0,4,26.0,0,1,1,1.0,0,2.7,3.7,,,73.0,211.0,28.796055555555554,6.0,Alabama,2016.0,2016.0,MIA,73.0,2.0,0.037037037
2022,6,00-0033118,K.Drake,RB,BAL,NYG,0,0,0.0,0,0.0,0.0,0.0,10,119.0,1,2,1,8.0,0,18.7,19.7,,,73.0,211.0,28.796055555555554,6.0,Alabama,2016.0,2016.0,MIA,73.0,,0.0625
2022,7,00-0033118,K.Drake,RB,BAL,CLE,0,0,0.0,0,0.0,0.0,0.0,11,5.0,0,1,0,0.0,0,0.5,0.5,,,73.0,211.0,28.796055555555554,6.0,Alabama,2016.0,2016.0,MIA,73.0,3.0,0.0625
2022,8,00-0033118,K.Drake,RB,BAL,TB,0,0,0.0,0,0.0,0.0,0.0,7,62.0,0,4,4,5.0,1,12.7,16.7,,,73.0,211.0,28.796055555555554,6.0,Alabama,2016.0,2016.0,MIA,73.0,,0.11764706
2022,9,00-0033118,K.Drake,RB,BAL,NO,0,0,0.0,0,0.0,0.0,0.0,24,93.0,2,2,2,16.0,0,22.9,24.9,,,73.0,211.0,28.796055555555554,6.0,Alabama,2016.0,2016.0,MIA,73.0,,0.09090909
2022,11,00-0033118,K.Drake,RB,BAL,CAR,0,0,0.0,0,0.0,0.0,0.0,10,46.0,0,4,2,7.0,0,5.3,7.3,,,73.0,211.0,28.796055555555554,6.0,Alabama,2016.0,2016.0,MIA,73.0,10.0,0.125
2022,12,00-0033118,K.Drake,RB,BAL,JAX,0,0,0.0,0,0.0,0.0,0.0,2,2.0,0,1,0,0.0,0,0.2,0.2,,,73.0,211.0,28.796055555555554,6.0,Alabama,2016.0,2016.0,MIA,73.0,,0.033333335
2022,13,00-0033118,K.Drake,RB,BAL,DEN,0,0,0.0,0,0.0,0.0,0.0,7,29.0,0,3,2,17.0,0,4.6,6.6,,,73.0,211.0,28.796055555555554,6.0,Alabama,2016.0,2016.0,MIA,73.0,1.0,0.083333336
2022,14,00-0033118,K.Drake,RB,BAL,PIT,0,0,0.0,0,0.0,0.0,0.0,1,1.0,0,2,2,1.0,0,0.2,2.2,,,73.0,211.0,28.796055555555554,6.0,Alabama,2016.0,2016.0,MIA,73.0,,0.11764706
2022,18,00-0033118,K.Drake,RB,BAL,CIN,0,0,0.0,0,0.0,0.0,0.0,16,60.0,1,5,2,19.0,0,13.9,15.9,,,73.0,211.0,28.796055555555554,6.0,Alabama,2016.0,2016.0,MIA,73.0,,0.11904762
2022,1,00-0033119,J.Brissett,QB,CLE,CAR,18,34,147.0,1,0.0,1.0,9.0,4,10.0,0,0,0,0.0,0,10.88,10.88,,,76.0,235.0,29.912176470588236,6.0,North Carolina State,2016.0,2016.0,NE,91.0,,
2022,2,00-0033119,J.Brissett,QB,CLE,NYJ,22,27,229.0,1,1.0,1.0,8.0,6,43.0,0,0,0,0.0,0,15.46,15.46,,,76.0,235.0,29.912176470588236,6.0,North Carolina State,2016.0,2016.0,NE,91.0,-1.0,
2022,3,00-0033119,J.Brissett,QB,CLE,PIT,21,31,220.0,2,0.0,2.0,15.0,3,11.0,0,0,0,0.0,0,17.9,17.9,,,76.0,235.0,29.912176470588236,6.0,North Carolina State,2016.0,2016.0,NE,91.0,12.0,
2022,4,00-0033119,J.Brissett,QB,CLE,ATL,21,35,234.0,0,1.0,1.0,8.0,5,16.0,1,0,0,0.0,0,14.96,14.96,,,76.0,235.0,29.912176470588236,6.0,North Carolina State,2016.0,2016.0,NE,91.0,,
2022,5,00-0033119,J.Brissett,QB,CLE,LAC,21,34,230.0,1,1.0,0.0,-0.0,3,32.0,0,0,0,0.0,0,14.4,14.4,,,76.0,235.0,29.912176470588236,6.0,North Carolina State,2016.0,2016.0,NE,91.0,-2.0,
2022,6,00-0033119,J.Brissett,QB,CLE,NE,21,45,266.0,1,2.0,4.0,8.0,1,0.0,0,0,0,0.0,0,8.64,8.64,,,76.0,235.0,29.912176470588236,6.0,North Carolina State,2016.0,2016.0,NE,91.0,-23.0,
2022,7,00-0033119,J.Brissett,QB,CLE,BAL,22,27,258.0,0,0.0,5.0,35.0,3,18.0,0,0,0,0.0,0,10.12,10.12,,,76.0,235.0,29.912176470588236,6.0,North Carolina State,2016.0,2016.0,NE,91.0,,
2022,8,00-0033119,J.Brissett,QB,CLE,CIN,17,22,278.0,1,0.0,2.0,10.0,6,12.0,1,0,0,0.0,0,20.32,20.32,,,76.0,235.0,29.912176470588236,6.0,North Carolina State,2016.0,2016.0,NE,91.0,19.0,
2022,10,00-0033119,J.Brissett,QB,CLE,MIA,22,35,212.0,1,0.0,3.0,27.0,7,40.0,0,0,0,0.0,0,16.48,16.48,,,76.0,235.0,29.912176470588236,6.0,North Carolina State,2016.0,2016.0,NE,91.0,,
2022,11,00-0033119,J.Brissett,QB,CLE,BUF,28,41,324.0,3,0.0,1.0,8.0,7,29.0,0,0,0,0.0,0,25.86,25.86,,,76.0,235.0,29.912176470588236,6.0,North Carolina State,2016.0,2016.0,NE,91.0,,
2022,12,00-0033119,J.Brissett,QB,CLE,TB,23,37,210.0,1,1.0,4.0,32.0,2,27.0,0,0,0,0.0,0,13.1,13.1,,,76.0,235.0,29.912176470588236,6.0,North Carolina State,2016.0,2016.0,NE,91.0,6.0,
2022,14,00-0033119,J.Brissett,QB,CLE,CIN,0,1,0.0,0,0.0,0.0,-0.0,0,0.0,0,0,0,0.0,0,0.0,0.0,,,76.0,235.0,29.912176470588236,6.0,North Carolina State,2016.0,2016.0,NE,91.0,,
2022,15,00-0033119,J.Brissett,QB,CLE,BAL,0,0,0.0,0,0.0,0.0,0.0,1,3.0,0,0,0,0.0,0,0.3,0.3,,,76.0,235.0,29.912176470588236,6.0,North Carolina State,2016.0,2016.0,NE,91.0,10.0,
2022,17,00-0033119,J.Brissett,QB,CLE,WAS,0,0,0.0,0,0.0,0.0,0.0,1,2.0,0,0,0,0.0,0,0.2,0.2,,,76.0,235.0,29.912176470588236,6.0,North Carolina State,2016.0,2016.0,NE,91.0,,
2022,1,00-0033217,M.Alie-Cox,TE,IND,HOU,0,0,0.0,0,0.0,0.0,0.0,0,0.0,0,2,2,26.0,0,2.6,4.6,,,77.0,267.0,29.134941176470587,5.0,Virginia Commonwealth,2017.0,2017.0,,,,0.040816326
2022,2,00-0033217,M.Alie-Cox,TE,IND,JAX,0,0,0.0,0,0.0,0.0,0.0,0,0.0,0,3,1,9.0,0,0.9,1.9,,,77.0,267.0,29.134941176470587,5.0,Virginia Commonwealth,2017.0,2017.0,,,,0.10344828
2022,3,00-0033217,M.Alie-Cox,TE,IND,KC,0,0,0.0,0,0.0,0.0,0.0,0,0.0,0,3,1,9.0,0,0.9,1.9,,,77.0,267.0,29.134941176470587,5.0,Virginia Commonwealth,2017.0,2017.0,,,3.0,0.083333336
2022,4,00-0033217,M.Alie-Cox,TE,IND,TEN,0,0,0.0,0,0.0,0.0,0.0,0,0.0,0,6,6,85.0,2,20.5,26.5,,,77.0,267.0,29.134941176470587,5.0,Virginia Commonwealth,2017.0,2017.0,,,-7.0,0.16666667
2022,5,00-0033217,M.Alie-Cox,TE,IND,DEN,0,0,0.0,0,0.0,0.0,0.0,0,0.0,0,1,1,7.0,0,0.7,1.7,,,77.0,267.0,29.134941176470587,5.0,Virginia Commonwealth,2017.0,2017.0,,,,0.027777778
2022,8,00-0033217,M.Alie-Cox,TE,IND,WAS,0,0,0.0,0,0.0,0.0,0.0,0,0.0,0,1,0,0.0,0,0.0,0.0,,,77.0,267.0,29.134941176470587,5.0,Virginia Commonwealth,2017.0,2017.0,,,-1.0,0.04347826
2022,9,00-0033217,M.Alie-Cox,TE,IND,NE,0,0,0.0,0,0.0,0.0,0.0,0,0.0,0,2,2,13.0,0,1.3,3.3,,,77.0,267.0,29.134941176470587,5.0,Virginia Commonwealth,2017.0,2017.0,,,,0.071428575
2022,11,00-0033217,M.Alie-Cox,TE,IND,PHI,0,0,0.0,0,0.0,0.0,0.0,0,0.0,0,1,1,14.0,0,1.4,2.4,,,77.0,267.0,29.134941176470587,5.0,Virginia Commonwealth,2017.0,2017.0,,,-1.0,0.032258064
2022,12,00-0033217,M.Alie-Cox,TE,IND,PIT,0,0,0.0,0,0.0,0.0,0.0,0,0.0,0,3,2,14.0,0,1.4,3.4,,,77.0,267.0,29.134941176470587,5.0,Virginia Commonwealth,2017.0,2017.0,,,-7.0,0.09375
2022,13,00-0033217,M.Alie-Cox,TE,IND,DAL,0,0,0.0,0,0.0,0.0,0.0,0,0.0,0,1,1,6.0,0,-1.4,-0.4,,,77.0,267.0,29.134941176470587,5.0,Virginia Commonwealth,2017.0,2017.0,,,,0.028571429
2022,15,00-0033217,M.Alie-Cox,TE,IND,MIN,0,0,0.0,0,0.0,0.0,0.0,0,0.0,0,1,0,0.0,0,0.0,0.0,,,77.0,267.0,29.134941176470587,5.0,Virginia Commonwealth,2017.0,2017.0,,,,0.032258064
2022,16,00-0033217,M.Alie-Cox,TE,IND,LAC,0,0,0.0,0,0.0,0.0,0.0,0,0.0,0,2,1,2.0,0,0.2,1.2,,,77.0,267.0,29.134941176470587,5.0,Virginia Commonwealth,2017.0,2017.0,,,-17.0,0.071428575
2022,17,00-0033217,M.Alie-Cox,TE,IND,NYG,0,0,0.0,0,0.0,0.0,0.0,0,0.0,0,1,0,0.0,0,0.0,0.0,,,77.0,267.0,29.134941176470587,5.0,Virginia Commonwealth,2017.0,2017.0,,,,0.037037037
2022,18,00-0033217,M.Alie-Cox,TE,IND,HOU,0,0,0.0,0,0.0,0.0,0.0,0,0.0,0,1,1,4.0,1,6.4,7.4,,,77.0,267.0,29.134941176470587,5.0,Virginia Commonwealth,2017.0,2017.0,,,-1.0,0.029411765
2022,1,00-0033246,J.Mundt,TE,MIN,GB,0,0,0.0,0,0.0,0.0,0.0,0,0.0,0,3,3,17.0,0,1.7,4.7,,,76.0,232.0,27.97522222222222,5.0,Oregon,2017.0,2017.0,,,16.0,0.09677419
2022,2,00-0033246,J.Mundt,TE,MIN,PHI,0,0,0.0,0,0.0,0.0,0.0,0,0.0,0,3,2,28.0,0,2.8,4.8,,,76.0,232.0,27.97522222222222,5.0,Oregon,2017.0,2017.0,,,,0.06666667
2022,3,00-0033246,J.Mundt,TE,MIN,DET,0,0,0.0,0,0.0,0.0,0.0,0,0.0,0,2,2,23.0,0,2.3,4.3,,,76.0,232.0,27.97522222222222,5.0,Oregon,2017.0,2017.0,,,4.0,0.054054055
2022,4,00-0033246,J.Mundt,TE,MIN,NO,0,0,0.0,0,0.0,0.0,0.0,0,0.0,0,1,0,0.0,0,0.0,0.0,,,76.0,232.0,27.97522222222222,5.0,Oregon,2017.0,2017.0,,,,0.028571429
2022,5,00-0033246,J.Mundt,TE,MIN,CHI,0,0,0.0,0,0.0,0.0,0.0,0,0.0,0,2,2,6.0,0,0.6,2.6,,,76.0,232.0,27.97522222222222,5.0,Oregon,2017.0,2017.0,,,7.0,0.051282052
2022,6,00-0033246,J.Mundt,TE,MIN,MIA,0,0,0.0,0,0.0,0.0,0.0,0,0.0,0,2,2,1.0,0,0.1,2.1,,,76.0,232.0,27.97522222222222,5.0,Oregon,2017.0,2017.0,,,,0.071428575
2022,8,00-0033246,J.Mundt,TE,MIN,ARI,0,0,0.0,0,0.0,0.0,0.0,0,0.0,0,1,1,1.0,1,6.1,7.1,,,76.0,232.0,27.97522222222222,5.0,Oregon,2017.0,2017.0,,,8.0,0.032258064
2022,9,00-0033246,J.Mundt,TE,MIN,WAS,0,0,0.0,0,0.0,0.0,0.0,0,0.0,0,1,1,1.0,0,0.1,1.1,,,76.0,232.0,27.97522222222222,5.0,Oregon,2017.0,2017.0,,,,0.025641026
2022,11,00-0033246,J.Mundt,TE,MIN,DAL,0,0,0.0,0,0.0,0.0,0.0,0,0.0,0,1,1,8.0,0,0.8,1.8,,,76.0,232.0,27.97522222222222,5.0,Oregon,2017.0,2017.0,,,-37.0,0.035714287
2022,12,00-0033246,J.Mundt,TE,MIN,NE,0,0,0.0,0,0.0,0.0,0.0,0,0.0,0,2,2,20.0,0,2.0,4.0,,,76.0,232.0,27.97522222222222,5.0,Oregon,2017.0,2017.0,,,7.0,0.054054055
2022,13,00-0033246,J.Mundt,TE,MIN,NYJ,0,0,0.0,0,0.0,0.0,0.0,0,0.0,0,1,1,12.0,0,1.2,2.2,,,76.0,232.0,27.97522222222222,5.0,Oregon,2017.0,2017.0,,,5.0,0.030303031
2022,15,00-0033246,J.Mundt,TE,MIN,IND,0,0,0.0,0,0.0,0.0,0.0,0,0.0,0,1,1,7.0,0,0.7,1.7,,,76.0,232.0,27.97522222222222,5.0,Oregon,2017.0,2017.0,,,3.0,0.018518519
2022,16,00-0033246,J.Mundt,TE,MIN,NYG,0,0,0.0,0,0.0,0.0,0.0,0,0.0,0,1,1,16.0,0,1.6,2.6,,,76.0,232.0,27.97522222222222,5.0,Oregon,2017.0,2017.0,,,3.0,0.021276595
2022,19,00-0033246,J.Mundt,TE,MIN,NYG,0,0,0.0,0,0.0,0.0,0.0,0,0.0,0,1,1,12.0,0,1.2,2.2,,,76.0,232.0,27.97522222222222,5.0,Oregon,2017.0,2017.0,,,-7.0,0.025641026
2022,1,00-0033251,Z.Pascal,WR,PHI,DET,0,0,0.0,0,0.0,0.0,0.0,0,0.0,0,1,1,7.0,0,0.7,1.7,,,74.0,214.0,27.9306,5.0,Old Dominion,2017.0,2017.0,,,,0.03448276
2022,2,00-0033251,Z.Pascal,WR,PHI,MIN,0,0,0.0,0,0.0,0.0,0.0,0,0.0,0,2,2,14.0,0,1.4,3.4,,,74.0,214.0,27.9306,5.0,Old Dominion,2017.0,2017.0,,,17.0,0.06451613
2022,3,00-0033251,Z.Pascal,WR,PHI,WAS,0,0,0.0,0,0.0,0.0,0.0,1,0.0,0,3,3,18.0,0,1.8,4.8,,,74.0,214.0,27.9306,5.0,Old Dominion,2017.0,2017.0,,,,0.0882353
2022,4,00-0033251,Z.Pascal,WR,PHI,JAX,0,0,0.0,0,0.0,0.0,0.0,0,0.0,0,1,0,0.0,0,0.0,0.0,,,74.0,214.0,27.9306,5.0,Old Dominion,2017.0,2017.0,,,8.0,0.041666668
2022,8,00-0033251,Z.Pascal,WR,PHI,PIT,0,0,0.0,0,0.0,0.0,0.0,0,0.0,0,2,2,57.0,1,11.7,13.7,,,74.0,214.0,27.9306,5.0,Old Dominion,2017.0,2017.0,,,22.0,0.06666667
2022,9,00-0033251,Z.Pascal,WR,PHI,HOU,0,0,0.0,0,0.0,0.0,0.0,0,0.0,0,1,1,8.0,0,0.8,1.8,,,74.0,214.0,27.9306,5.0,Old Dominion,2017.0,2017.0,,,,0.04
2022,10,00-0033251,Z.Pascal,WR,PHI,WAS,0,0,0.0,0,0.0,0.0,0.0,0,0.0,0,2,1,10.0,0,1.0,2.0,,,74.0,214.0,27.9306,5.0,Old Dominion,2017.0,2017.0,,,-11.0,0.08
2022,11,00-0033251,Z.Pascal,WR,PHI,IND,0,0,0.0,0,0.0,0.0,0.0,0,0.0,0,1,1,9.0,0,0.9,1.9,,,74.0,214.0,27.9306,5.0,Old Dominion,2017.0,2017.0,,,,0.04347826
2022,13,00-0033251,Z.Pascal,WR,PHI,TEN,0,0,0.0,0,0.0,0.0,0.0,0,0.0,0,3,2,16.0,0,1.6,3.6,,,74.0,214.0,27.9306,5.0,Old Dominion,2017.0,2017.0,,,25.0,0.078947365
2022,14,00-0033251,Z.Pascal,WR,PHI,NYG,0,0,0.0,0,0.0,0.0,0.0,0,0.0,0,1,1,5.0,0,0.5,1.5,,,74.0,214.0,27.9306,5.0,Old Dominion,2017.0,2017.0,,,,0.032258064
2022,15,00-0033251,Z.Pascal,WR,PHI,CHI,0,0,0.0,0,0.0,0.0,0.0,0,0.0,0,1,0,0.0,0,0.0,0.0,,,74.0,214.0,27.9306,5.0,Old Dominion,2017.0,2017.0,,,,0.027027028
2022,16,00-0033251,Z.Pascal,WR,PHI,DAL,0,0,0.0,0,0.0,0.0,0.0,0,0.0,0,1,1,6.0,0,0.6,1.6,,,74.0,214.0,27.9306,5.0,Old Dominion,2017.0,2017.0,,,,0.029411765
2022,20,00-0033251,Z.Pascal,WR,PHI,NYG,0,0,0.0,0,0.0,0.0,0.0,0,0.0,0,1,1,4.0,0,0.4,1.4,,,74.0,214.0,27.9306,5.0,Old Dominion,2017.0,2017.0,,,31.0,0.041666668
2022,21,00-0033251,Z.Pascal,WR,PHI,SF,0,0,0.0,0,0.0,0.0,0.0,0,0.0,0,1,0,0.0,0,0.0,0.0,,,74.0,214.0,27.9306,5.0,Old Dominion,2017.0,2017.0,,,24.0,0.041666668
2022,22,00-0033251,Z.Pascal,WR,PHI,KC,0,0,0.0,0,0.0,0.0,0.0,0,0.0,0,2,2,11.0,0,1.1,3.1,,,74.0,214.0,27.9306,5.0,Old Dominion,2017.0,2017.0,,,-3.0,0.05882353
2022,5,00-0033275,P.Walker,QB,CAR,SF,5,6,60.0,0,0.0,2.0,15.0,0,0.0,0,0,0,0.0,0,2.4,2.4,,,71.0,212.0,27.69835294117647,5.0,Temple,2017.0,2017.0,,,-22.0,
2022,6,00-0033275,P.Walker,QB,CAR,LA,10,16,60.0,0,0.0,2.0,9.0,1,-1.0,0,0,0,0.0,0,2.3,2.3,,,71.0,212.0,27.69835294117647,5.0,Temple,2017.0,2017.0,,,,
2022,7,00-0033275,P.Walker,QB,CAR,TB,16,22,177.0,2,0.0,1.0,7.0,0,0.0,0,0,0,0.0,0,15.08,15.08,,,71.0,212.0,27.69835294117647,5.0,Temple,2017.0,2017.0,,,18.0,
2022,8,00-0033275,P.Walker,QB,CAR,ATL,19,36,317.0,1,1.0,1.0,8.0,1,20.0,0,0,0,0.0,0,16.68,16.68,,,71.0,212.0,27.69835294117647,5.0,Temple,2017.0,2017.0,,,,
2022,9,00-0033275,P.Walker,QB,CAR,CIN,3,10,9.0,0,2.0,0.0,-0.0,1,6.0,0,0,0,0.0,0,-3.04,-3.04,,,71.0,212.0,27.69835294117647,5.0,Temple,2017.0,2017.0,,,,
2022,10,00-0033275,P.Walker,QB,CAR,ATL,10,16,108.0,0,0.0,1.0,7.0,3,14.0,0,0,0,0.0,0,5.72,5.72,,,71.0,212.0,27.69835294117647,5.0,Temple,2017.0,2017.0,,,10.0,
2022,1,00-0033280,C.McCaffrey,RB,CAR,CLE,0,0,0.0,0,0.0,0.0,0.0,10,33.0,1,5,4,24.0,0,11.7,15.7,,,71.0,205.0,26.454500000000003,5.0,Stanford,2017.0,2017.0,CAR,8.0,-2.0,0.1923077
2022,2,00-0033280,C.McCaffrey,RB,CAR,NYG,0,0,0.0,0,0.0,0.0,0.0,15,102.0,0,5,4,26.0,0,12.8,16.8,,,71.0,205.0,26.454500000000003,5.0,Stanford,2017.0,2017.0,CAR,8.0,,0.18518518
2022,3,00-0033280,C.McCaffrey,RB,CAR,NO,0,0,0.0,0,0.0,0.0,0.0,25,108.0,0,4,2,7.0,0,11.5,13.5,,,71.0,205.0,26.454500000000003,5.0,Stanford,2017.0,2017.0,CAR,8.0,8.0,0.16666667
2022,4,00-0033280,C.McCaffrey,RB,CAR,ARI,0,0,0.0,0,0.0,0.0,0.0,8,27.0,0,9,9,81.0,1,16.8,25.8,,,71.0,205.0,26.454500000000003,5.0,Stanford,2017.0,2017.0,CAR,8.0,-10.0,0.25
2022,5,00-0033280,C.McCaffrey,RB,CAR,SF,0,0,0.0,0,0.0,0.0,0.0,14,54.0,1,12,7,50.0,0,16.4,23.4,,,71.0,205.0,26.454500000000003,5.0,Stanford,2017.0,2017.0,CAR,8.0,-22.0,0.3
2022,6,00-0033280,C.McCaffrey,RB,CAR,LA,0,0,0.0,0,0.0,0.0,0.0,13,69.0,0,8,7,89.0,0,15.8,22.8,,,71.0,205.0,26.454500000000003,5.0,Stanford,2017.0,2017.0,CAR,8.0,,0.3809524
2022,7,00-0033280,C.McCaffrey,RB,SF,KC,0,0,0.0,0,0.0,0.0,0.0,8,38.0,0,2,2,24.0,0,6.2,8.2,,,71.0,205.0,26.454500000000003,5.0,Stanford,2017.0,2017.0,CAR,8.0,-21.0,0.04347826
2022,8,00-0033280,C.McCaffrey,RB,SF,LA,1,1,34.0,1,0.0,0.0,-0.0,18,94.0,1,9,8,55.0,1,32.26,40.26,,,71.0,205.0,26.454500000000003,5.0,Stanford,2017.0,2017.0,CAR,8.0,,0.34615386
2022,10,00-0033280,C.McCaffrey,RB,SF,LAC,0,0,0.0,0,0.0,0.0,0.0,14,38.0,1,6,4,39.0,0,13.7,17.7,,,71.0,205.0,26.454500000000003,5.0,Stanford,2017.0,2017.0,CAR,8.0,6.0,0.21428572
2022,11,00-0033280,C.McCaffrey,RB,SF,ARI,0,0,0.0,0,0.0,0.0,0.0,7,39.0,0,7,7,67.0,0,10.6,17.6,,,71.0,205.0,26.454500000000003,5.0,Stanford,2017.0,2017.0,CAR,8.0,,0.2413793
2022,12,00-0033280,C.McCaffrey,RB,SF,NO,0,0,0.0,0,0.0,0.0,0.0,11,32.0,0,6,4,17.0,0,4.9,8.9,,,71.0,205.0,26.454500000000003,5.0,Stanford,2017.0,2017.0,CAR,8.0,13.0,0.16216215
2022,13,00-0033280,C.McCaffrey,RB,SF,MIA,0,0,0.0,0,0.0,0.0,0.0,17,66.0,0,10,8,80.0,1,20.6,28.6,,,71.0,205.0,26.454500000000003,5.0,Stanford,2017.0,2017.0,CAR,8.0,16.0,0.25
2022,14,00-0033280,C.McCaffrey,RB,SF,TB,0,0,0.0,0,0.0,0.0,0.0,14,119.0,1,3,2,34.0,1,27.3,29.3,,,71.0,205.0,26.454500000000003,5.0,Stanford,2017.0,2017.0,CAR,8.0,28.0,0.13636364
2022,15,00-0033280,C.McCaffrey,RB,SF,SEA,0,0,0.0,0,0.0,0.0,0.0,26,108.0,1,8,6,30.0,0,19.8,25.8,,,71.0,205.0,26.454500000000003,5.0,Stanford,2017.0,2017.0,CAR,8.0,,0.30769232
2022,16,00-0033280,C.McCaffrey,RB,SF,WAS,0,0,0.0,0,0.0,0.0,0.0,15,46.0,1,2,2,12.0,0,11.8,13.8,,,71.0,205.0,26.454500000000003,5.0,Stanford,2017.0,2017.0,CAR,8.0,17.0,0.0952381
2022,17,00-0033280,C.McCaffrey,RB,SF,LV,0,0,0.0,0,0.0,0.0,0.0,19,121.0,1,9,6,72.0,0,25.3,31.3,,,71.0,205.0,26.454500000000003,5.0,Stanford,2017.0,2017.0,CAR,8.0,,0.2647059
2022,18,00-0033280,C.McCaffrey,RB,SF,ARI,0,0,0.0,0,0.0,0.0,0.0,10,45.0,0,3,3,34.0,1,13.9,16.9,,,71.0,205.0,26.454500000000003,5.0,Stanford,2017.0,2017.0,CAR,8.0,25.0,0.15
2022,19,00-0033280,C.McCaffrey,RB,SF,SEA,0,0,0.0,0,0.0,0.0,0.0,15,119.0,0,2,2,17.0,1,19.6,21.6,,,71.0,205.0,26.454500000000003,5.0,Stanford,2017.0,2017.0,CAR,8.0,18.0,0.074074075
2022,20,00-0033280,C.McCaffrey,RB,SF,DAL,0,0,0.0,0,0.0,0.0,0.0,10,35.0,1,8,6,22.0,0,11.7,17.7,,,71.0,205.0,26.454500000000003,5.0,Stanford,2017.0,2017.0,CAR,8.0,7.0,0.30769232
2022,21,00-0033280,C.McCaffrey,RB,SF,PHI,0,1,0.0,0,0.0,0.0,-0.0,15,84.0,1,4,4,22.0,0,16.6,20.6,,,71.0,205.0,26.454500000000003,5.0,Stanford,2017.0,2017.0,CAR,8.0,,0.26666668
2022,1,00-0033282,C.Samuel,WR,WAS,JAX,0,0,0.0,0,0.0,0.0,0.0,4,17.0,0,11,8,55.0,1,11.2,19.2,,,71.0,195.0,26.240823529411763,5.0,Ohio State,2017.0,2017.0,CAR,40.0,6.0,0.2682927
2022,2,00-0033282,C.Samuel,WR,WAS,DET,0,0,0.0,0,0.0,0.0,0.0,1,21.0,0,9,7,78.0,1,15.9,22.9,,,71.0,195.0,26.240823529411763,5.0,Ohio State,2017.0,2017.0,CAR,40.0,,0.20454545
2022,3,00-0033282,C.Samuel,WR,WAS,PHI,0,0,0.0,0,0.0,0.0,0.0,3,13.0,0,10,7,48.0,0,6.1,13.1,,,71.0,195.0,26.240823529411763,5.0,Ohio State,2017.0,2017.0,CAR,40.0,-16.0,0.23809524
2022,4,00-0033282,C.Samuel,WR,WAS,DAL,0,0,0.0,0,0.0,0.0,0.0,0,0.0,0,7,4,38.0,0,3.8,7.8,,,71.0,195.0,26.240823529411763,5.0,Ohio State,2017.0,2017.0,CAR,40.0,,0.175
2022,5,00-0033282,C.Samuel,WR,WAS,TEN,0,0,0.0,0,0.0,0.0,0.0,0,0.0,0,8,6,62.0,0,6.2,12.2,,,71.0,195.0,26.240823529411763,5.0,Ohio State,2017.0,2017.0,CAR,40.0,-4.0,0.21621622
2022,6,00-0033282,C.Samuel,WR,WAS,CHI,0,0,0.0,0,0.0,0.0,0.0,0,0.0,0,5,2,6.0,0,0.6,2.6,,,71.0,195.0,26.240823529411763,5.0,Ohio State,2017.0,2017.0,CAR,40.0,,0.22727273
2022,7,00-0033282,C.Samuel,WR,WAS,GB,0,0,0.0,0,0.0,0.0,0.0,5,26.0,0,8,5,53.0,0,7.9,12.9,,,71.0,195.0,26.240823529411763,5.0,Ohio State,2017.0,2017.0,CAR,40.0,2.0,0.25
2022,8,00-0033282,C.Samuel,WR,WAS,IND,0,0,0.0,0,0.0,0.0,0.0,4,29.0,0,4,3,50.0,0,7.9,10.9,,,71.0,195.0,26.240823529411763,5.0,Ohio State,2017.0,2017.0,CAR,40.0,,0.13333334
2022,9,00-0033282,C.Samuel,WR,WAS,MIN,0,0,0.0,0,0.0,0.0,0.0,1,16.0,0,4,3,65.0,1,14.1,17.1,,,71.0,195.0,26.240823529411763,5.0,Ohio State,2017.0,2017.0,CAR,40.0,-3.0,0.15384616
2022,10,00-0033282,C.Samuel,WR,WAS,PHI,0,0,0.0,0,0.0,0.0,0.0,4,12.0,0,4,2,28.0,0,4.0,6.0,,,71.0,195.0,26.240823529411763,5.0,Ohio State,2017.0,2017.0,CAR,40.0,,0.16
2022,11,00-0033282,C.Samuel,WR,WAS,HOU,0,0,0.0,0,0.0,0.0,0.0,2,18.0,1,2,1,10.0,0,8.8,9.8,,,71.0,195.0,26.240823529411763,5.0,Ohio State,2017.0,2017.0,CAR,40.0,,0.08695652
2022,12,00-0033282,C.Samuel,WR,WAS,ATL,0,0,0.0,0,0.0,0.0,0.0,4,13.0,0,0,0,0.0,0,1.3,1.3,,,71.0,195.0,26.240823529411763,5.0,Ohio State,2017.0,2017.0,CAR,40.0,6.0,
2022,13,00-0033282,C.Samuel,WR,WAS,NYG,0,0,0.0,0,0.0,0.0,0.0,3,23.0,0,7,6,63.0,0,8.6,14.6,,,71.0,195.0,26.240823529411763,5.0,Ohio State,2017.0,2017.0,CAR,40.0,,0.175
2022,15,00-0033282,C.Samuel,WR,WAS,NYG,0,0,0.0,0,0.0,0.0,0.0,5,1.0,0,5,3,44.0,0,4.5,7.5,,,71.0,195.0,26.240823529411763,5.0,Ohio State,2017.0,2017.0,CAR,40.0,-8.0,0.18518518
2022,16,00-0033282,C.Samuel,WR,WAS,SF,0,0,0.0,0,0.0,0.0,0.0,1,2.0,0,5,5,52.0,1,11.4,16.4,,,71.0,195.0,26.240823529411763,5.0,Ohio State,2017.0,2017.0,CAR,40.0,,0.14705883
2022,17,00-0033282,C.Samuel,WR,WAS,CLE,0,0,0.0,0,0.0,0.0,0.0,0,0.0,0,2,1,6.0,0,0.6,1.6,,,71.0,195.0,26.240823529411763,5.0,Ohio State,2017.0,2017.0,CAR,40.0,-14.0,0.071428575
2022,18,00-0033282,C.Samuel,WR,WAS,DAL,0,0,0.0,0,0.0,0.0,0.0,1,-4.0,0,1,1,-2.0,0,-0.6,0.4,,,71.0,195.0,26.240823529411763,5.0,Ohio State,2017.0,2017.0,CAR,40.0,20.0,0.055555556
2022,3,00-0033288,G.Kittle,TE,SF,DEN,0,0,0.0,0,0.0,0.0,0.0,0,0.0,0,5,4,28.0,0,2.8,6.8,,,76.0,250.0,29.1158,5.0,Iowa,2017.0,2017.0,SF,146.0,,0.1724138
2022,4,00-0033288,G.Kittle,TE,SF,LA,0,0,0.0,0,0.0,0.0,0.0,0,0.0,0,4,2,24.0,0,2.4,4.4,,,76.0,250.0,29.1158,5.0,Iowa,2017.0,2017.0,SF,146.0,15.0,0.16
2022,5,00-0033288,G.Kittle,TE,SF,CAR,0,0,0.0,0,0.0,0.0,0.0,0,0.0,0,6,5,47.0,0,2.7,7.7,,,76.0,250.0,29.1158,5.0,Iowa,2017.0,2017.0,SF,146.0,,0.2
2022,6,00-0033288,G.Kittle,TE,SF,ATL,0,0,0.0,0,0.0,0.0,0.0,0,0.0,0,10,8,83.0,0,8.3,16.3,,,76.0,250.0,29.1158,5.0,Iowa,2017.0,2017.0,SF,146.0,,0.24390244
2022,7,00-0033288,G.Kittle,TE,SF,KC,0,0,0.0,0,0.0,0.0,0.0,0,0.0,0,9,6,98.0,1,15.8,21.8,,,76.0,250.0,29.1158,5.0,Iowa,2017.0,2017.0,SF,146.0,-21.0,0.19565217
2022,8,00-0033288,G.Kittle,TE,SF,LA,0,0,0.0,0,0.0,0.0,0.0,0,0.0,0,5,3,39.0,1,9.9,12.9,,,76.0,250.0,29.1158,5.0,Iowa,2017.0,2017.0,SF,146.0,,0.1923077
2022,10,00-0033288,G.Kittle,TE,SF,LAC,0,0,0.0,0,0.0,0.0,0.0,0,0.0,0,2,1,21.0,0,2.1,3.1,,,76.0,250.0,29.1158,5.0,Iowa,2017.0,2017.0,SF,146.0,6.0,0.071428575
2022,11,00-0033288,G.Kittle,TE,SF,ARI,0,0,0.0,0,0.0,0.0,0.0,0,0.0,0,6,4,84.0,2,20.4,24.4,,,76.0,250.0,29.1158,5.0,Iowa,2017.0,2017.0,SF,146.0,,0.20689656
2022,12,00-0033288,G.Kittle,TE,SF,NO,0,0,0.0,0,0.0,0.0,0.0,0,0.0,0,4,3,26.0,0,2.6,5.6,,,76.0,250.0,29.1158,5.0,Iowa,2017.0,2017.0,SF,146.0,13.0,0.10810811
2022,13,00-0033288,G.Kittle,TE,SF,MIA,0,0,0.0,0,0.0,0.0,0.0,0,0.0,0,3,2,22.0,0,2.2,4.2,,,76.0,250.0,29.1158,5.0,Iowa,2017.0,2017.0,SF,146.0,16.0,0.075
2022,14,00-0033288,G.Kittle,TE,SF,TB,0,0,0.0,0,0.0,0.0,0.0,0,0.0,0,5,4,28.0,0,2.8,6.8,,,76.0,250.0,29.1158,5.0,Iowa,2017.0,2017.0,SF,146.0,28.0,0.22727273
2022,15,00-0033288,G.Kittle,TE,SF,SEA,0,0,0.0,0,0.0,0.0,0.0,0,0.0,0,5,4,93.0,2,21.3,25.3,,,76.0,250.0,29.1158,5.0,Iowa,2017.0,2017.0,SF,146.0,,0.1923077
2022,16,00-0033288,G.Kittle,TE,SF,WAS,0,0,0.0,0,0.0,0.0,0.0,0,0.0,0,8,6,120.0,2,24.0,30.0,,,76.0,250.0,29.1158,5.0,Iowa,2017.0,2017.0,SF,146.0,17.0,0.3809524
2022,17,00-0033288,G.Kittle,TE,SF,LV,0,0,0.0,0,0.0,0.0,0.0,0,0.0,0,8,4,23.0,1,8.3,12.3,,,76.0,250.0,29.1158,5.0,Iowa,2017.0,2017.0,SF,146.0,,0.23529412
2022,18,00-0033288,G.Kittle,TE,SF,ARI,0,0,0.0,0,0.0,0.0,0.0,0,0.0,0,6,4,29.0,2,14.9,18.9,,,76.0,250.0,29.1158,5.0,Iowa,2017.0,2017.0,SF,146.0,25.0,0.3
2022,19,00-0033288,G.Kittle,TE,SF,SEA,0,0,0.0,0,0.0,0.0,0.0,0,0.0,0,2,2,37.0,0,5.7,7.7,,,76.0,250.0,29.1158,5.0,Iowa,2017.0,2017.0,SF,146.0,18.0,0.074074075
2022,20,00-0033288,G.Kittle,TE,SF,DAL,0,0,0.0,0,0.0,0.0,0.0,0,0.0,0,5,5,95.0,0,9.5,14.5,,,76.0,250.0,29.1158,5.0,Iowa,2017.0,2017.0,SF,146.0,7.0,0.1923077
2022,21,00-0033288,G.Kittle,TE,SF,PHI,0,0,0.0,0,0.0,0.0,0.0,1,4.0,0,4,3,32.0,0,3.6,6.6,,,76.0,250.0,29.1158,5.0,Iowa,2017.0,2017.0,SF,146.0,,0.26666668
2022,8,00-0033292,T.Taylor,WR,CIN,CLE,0,0,0.0,0,0.0,0.0,0.0,0,0.0,0,1,1,5.0,0,0.5,1.5,,,68.0,181.0,28.55315789473684,5.0,Louisiana Tech,2017.0,2017.0,SF,177.0,,0.029411765
2022,9,00-0033292,T.Taylor,WR,CIN,CAR,0,0,0.0,0,0.0,0.0,0.0,3,18.0,0,2,2,14.0,0,3.2,5.2,,,68.0,181.0,28.55315789473684,5.0,Louisiana Tech,2017.0,2017.0,SF,177.0,21.0,0.06666667
2022,11,00-0033292,T.Taylor,WR,CIN,PIT,0,0,0.0,0,0.0,0.0,0.0,0,0.0,0,1,1,1.0,0,0.1,1.1,,,68.0,181.0,28.55315789473684,5.0,Louisiana Tech,2017.0,2017.0,SF,177.0,,0.027027028
2022,12,00-0033292,T.Taylor,WR,CIN,TEN,0,0,0.0,0,0.0,0.0,0.0,0,0.0,0,2,1,8.0,0,0.8,1.8,,,68.0,181.0,28.55315789473684,5.0,Louisiana Tech,2017.0,2017.0,SF,177.0,,0.055555556
2022,13,00-0033292,T.Taylor,WR,CIN,KC,0,0,0.0,0,0.0,0.0,0.0,1,-3.0,0,0,0,0.0,0,-0.3,-0.3,,,68.0,181.0,28.55315789473684,5.0,Louisiana Tech,2017.0,2017.0,SF,177.0,3.0,
2022,14,00-0033292,T.Taylor,WR,CIN,CLE,0,0,0.0,0,0.0,0.0,0.0,0,0.0,0,4,1,34.0,0,3.4,4.4,,,68.0,181.0,28.55315789473684,5.0,Louisiana Tech,2017.0,2017.0,SF,177.0,13.0,0.125
2022,1,00-0033293,A.Jones,RB,GB,MIN,0,0,0.0,0,0.0,0.0,0.0,5,49.0,0,5,3,27.0,0,7.6,10.6,,,69.0,208.0,27.93294117647059,5.0,Texas-El Paso,2017.0,2017.0,GB,182.0,,0.14285715
2022,2,00-0033293,A.Jones,RB,GB,CHI,0,0,0.0,0,0.0,0.0,0.0,15,132.0,1,3,3,38.0,1,29.0,32.0,,,69.0,208.0,27.93294117647059,5.0,Texas-El Paso,2017.0,2017.0,GB,182.0,17.0,0.12
2022,3,00-0033293,A.Jones,RB,GB,TB,0,0,0.0,0,0.0,0.0,0.0,12,36.0,0,4,3,11.0,0,2.7,5.7,,,69.0,208.0,27.93294117647059,5.0,Texas-El Paso,2017.0,2017.0,GB,182.0,,0.11764706
2022,4,00-0033293,A.Jones,RB,GB,NE,0,0,0.0,0,0.0,0.0,0.0,16,110.0,0,4,3,5.0,0,11.5,14.5,,,69.0,208.0,27.93294117647059,5.0,Texas-El Paso,2017.0,2017.0,GB,182.0,3.0,0.125
2022,5,00-0033293,A.Jones,RB,GB,NYG,0,0,0.0,0,0.0,0.0,0.0,13,63.0,0,3,2,17.0,0,8.0,10.0,,,69.0,208.0,27.93294117647059,5.0,Texas-El Paso,2017.0,2017.0,GB,182.0,-5.0,0.07692308
2022,6,00-0033293,A.Jones,RB,GB,NYJ,0,0,0.0,0,0.0,0.0,0.0,9,19.0,0,4,3,25.0,0,4.4,7.4,,,69.0,208.0,27.93294117647059,5.0,Texas-El Paso,2017.0,2017.0,GB,182.0,-17.0,0.09090909
2022,7,00-0033293,A.Jones,RB,GB,WAS,0,0,0.0,0,0.0,0.0,0.0,8,23.0,0,10,9,53.0,2,19.6,28.6,,,69.0,208.0,27.93294117647059,5.0,Texas-El Paso,2017.0,2017.0,GB,182.0,,0.3030303
2022,8,00-0033293,A.Jones,RB,GB,BUF,0,0,0.0,0,0.0,0.0,0.0,20,143.0,0,5,4,14.0,0,15.7,19.7,,,69.0,208.0,27.93294117647059,5.0,Texas-El Paso,2017.0,2017.0,GB,182.0,,0.1724138
2022,9,00-0033293,A.Jones,RB,GB,DET,0,0,0.0,0,0.0,0.0,0.0,9,25.0,0,2,2,20.0,0,4.5,6.5,,,69.0,208.0,27.93294117647059,5.0,Texas-El Paso,2017.0,2017.0,GB,182.0,,0.05
2022,10,00-0033293,A.Jones,RB,GB,DAL,0,0,0.0,0,0.0,0.0,0.0,24,138.0,1,2,2,18.0,0,21.6,23.6,,,69.0,208.0,27.93294117647059,5.0,Texas-El Paso,2017.0,2017.0,GB,182.0,3.0,0.10526316
2022,11,00-0033293,A.Jones,RB,GB,TEN,0,0,0.0,0,0.0,0.0,0.0,12,40.0,0,7,6,20.0,0,8.0,14.0,,,69.0,208.0,27.93294117647059,5.0,Texas-El Paso,2017.0,2017.0,GB,182.0,-10.0,0.1891892
2022,12,00-0033293,A.Jones,RB,GB,PHI,0,0,0.0,0,0.0,0.0,0.0,12,43.0,0,4,3,56.0,1,15.9,18.9,,,69.0,208.0,27.93294117647059,5.0,Texas-El Paso,2017.0,2017.0,GB,182.0,,0.16
2022,13,00-0033293,A.Jones,RB,GB,CHI,0,0,0.0,0,0.0,0.0,0.0,9,26.0,0,5,5,24.0,0,5.0,10.0,,,69.0,208.0,27.93294117647059,5.0,Texas-El Paso,2017.0,2017.0,GB,182.0,,0.16666667
2022,15,00-0033293,A.Jones,RB,GB,LA,0,0,0.0,0,0.0,0.0,0.0,17,90.0,0,5,4,36.0,1,16.6,20.6,,,69.0,208.0,27.93294117647059,5.0,Texas-El Paso,2017.0,2017.0,GB,182.0,12.0,0.17857143
2022,16,00-0033293,A.Jones,RB,GB,MIA,0,0,0.0,0,0.0,0.0,0.0,6,25.0,0,2,2,9.0,0,3.4,5.4,,,69.0,208.0,27.93294117647059,5.0,Texas-El Paso,2017.0,2017.0,GB,182.0,,0.05263158
2022,17,00-0033293,A.Jones,RB,GB,MIN,0,0,0.0,0,0.0,0.0,0.0,14,111.0,0,3,2,2.0,0,11.3,13.3,,,69.0,208.0,27.93294117647059,5.0,Texas-El Paso,2017.0,2017.0,GB,182.0,24.0,0.115384616
2022,18,00-0033293,A.Jones,RB,GB,DET,0,0,0.0,0,0.0,0.0,0.0,12,48.0,0,4,3,20.0,0,4.8,7.8,,,69.0,208.0,27.93294117647059,5.0,Texas-El Paso,2017.0,2017.0,GB,182.0,-4.0,0.15384616
2022,1,00-0033307,K.Bourne,WR,NE,MIA,0,0,0.0,0,0.0,0.0,0.0,0,0.0,0,1,1,41.0,0,4.1,5.1,,,73.0,203.0,27.266176470588235,5.0,Eastern Washington,2017.0,2017.0,,,,0.033333335
2022,2,00-0033307,K.Bourne,WR,NE,PIT,0,0,0.0,0,0.0,0.0,0.0,0,0.0,0,3,2,16.0,0,1.6,3.6,,,73.0,203.0,27.266176470588235,5.0,Eastern Washington,2017.0,2017.0,,,,0.0882353
2022,3,00-0033307,K.Bourne,WR,NE,BAL,0,0,0.0,0,0.0,0.0,0.0,0,0.0,0,5,4,58.0,0,5.8,9.8,,,73.0,203.0,27.266176470588235,5.0,Eastern Washington,2017.0,2017.0,,,-11.0,0.15625
2022,4,00-0033307,K.Bourne,WR,NE,GB,0,0,0.0,0,0.0,0.0,0.0,1,15.0,0,3,2,23.0,0,3.8,5.8,,,73.0,203.0,27.266176470588235,5.0,Eastern Washington,2017.0,2017.0,,,,0.15
2022,5,00-0033307,K.Bourne,WR,NE,DET,0,0,0.0,0,0.0,0.0,0.0,1,-1.0,0,1,1,1.0,0,0.0,1.0,,,73.0,203.0,27.266176470588235,5.0,Eastern Washington,2017.0,2017.0,,,29.0,0.04761905
2022,6,00-0033307,K.Bourne,WR,NE,CLE,0,0,0.0,0,0.0,0.0,0.0,0,0.0,0,1,1,17.0,0,1.7,2.7,,,73.0,203.0,27.266176470588235,5.0,Eastern Washington,2017.0,2017.0,,,,0.032258064
2022,8,00-0033307,K.Bourne,WR,NE,NYJ,0,0,0.0,0,0.0,0.0,0.0,0,0.0,0,1,0,0.0,0,0.0,0.0,,,73.0,203.0,27.266176470588235,5.0,Eastern Washington,2017.0,2017.0,,,,0.03125
2022,9,00-0033307,K.Bourne,WR,NE,IND,0,0,0.0,0,0.0,0.0,0.0,1,1.0,0,4,3,11.0,0,1.2,4.2,,,73.0,203.0,27.266176470588235,5.0,Eastern Washington,2017.0,2017.0,,,23.0,0.13793103
2022,11,00-0033307,K.Bourne,WR,NE,NYJ,0,0,0.0,0,0.0,0.0,0.0,0,0.0,0,1,1,8.0,0,0.8,1.8,,,73.0,203.0,27.266176470588235,5.0,Eastern Washington,2017.0,2017.0,,,7.0,0.037037037
2022,12,00-0033307,K.Bourne,WR,NE,MIN,0,0,0.0,0,0.0,0.0,0.0,1,-7.0,0,4,3,36.0,0,2.9,5.9,,,73.0,203.0,27.266176470588235,5.0,Eastern Washington,2017.0,2017.0,,,,0.114285715
2022,13,00-0033307,K.Bourne,WR,NE,BUF,0,0,0.0,0,0.0,0.0,0.0,0,0.0,0,2,1,15.0,0,1.5,2.5,,,73.0,203.0,27.266176470588235,5.0,Eastern Washington,2017.0,2017.0,,,-14.0,0.05882353
2022,14,00-0033307,K.Bourne,WR,NE,ARI,0,0,0.0,0,0.0,0.0,0.0,0,0.0,0,5,5,47.0,0,4.7,9.7,,,73.0,203.0,27.266176470588235,5.0,Eastern Washington,2017.0,2017.0,,,,0.15151516
2022,15,00-0033307,K.Bourne,WR,NE,LV,0,0,0.0,0,0.0,0.0,0.0,0,0.0,0,1,0,0.0,0,0.0,0.0,,,73.0,203.0,27.266176470588235,5.0,Eastern Washington,2017.0,2017.0,,,,0.033333335
2022,16,00-0033307,K.Bourne,WR,NE,CIN,0,0,0.0,0,0.0,0.0,0.0,1,29.0,0,9,6,100.0,1,18.9,24.9,,,73.0,203.0,27.266176470588235,5.0,Eastern Washington,2017.0,2017.0,,,-4.0,0.29032257
2022,17,00-0033307,K.Bourne,WR,NE,MIA,0,0,0.0,0,0.0,0.0,0.0,1,2.0,0,2,1,16.0,0,1.8,2.8,,,73.0,203.0,27.266176470588235,5.0,Eastern Washington,2017.0,2017.0,,,2.0,0.0625
2022,18,00-0033307,K.Bourne,WR,NE,BUF,0,0,0.0,0,0.0,0.0,0.0,0,0.0,0,5,4,45.0,0,4.5,8.5,,,73.0,203.0,27.266176470588235,5.0,Eastern Washington,2017.0,2017.0,,,,0.12820514
2022,1,00-0033308,M.Breida,RB,NYG,TEN,0,0,0.0,0,0.0,0.0,0.0,5,24.0,0,0,0,0.0,0,2.4,2.4,,,70.0,190.0,27.71763157894737,5.0,Georgia Southern,2017.0,2017.0,,,,
2022,2,00-0033308,M.Breida,RB,NYG,CAR,0,0,0.0,0,0.0,0.0,0.0,1,-4.0,0,1,0,0.0,0,-0.4,-0.4,,,70.0,190.0,27.71763157894737,5.0,Georgia Southern,2017.0,2017.0,,,3.0,0.03125
2022,3,00-0033308,M.Breida,RB,NYG,DAL,0,0,0.0,0,0.0,0.0,0.0,1,3.0,0,0,0,0.0,0,0.3,0.3,,,70.0,190.0,27.71763157894737,5.0,Georgia Southern,2017.0,2017.0,,,-7.0,
2022,4,00-0033308,M.Breida,RB,NYG,CHI,0,0,0.0,0,0.0,0.0,0.0,3,18.0,0,0,0,0.0,0,1.8,1.8,,,70.0,190.0,27.71763157894737,5.0,Georgia Southern,2017.0,2017.0,,,8.0,
2022,5,00-0033308,M.Breida,RB,NYG,GB,0,0,0.0,0,0.0,0.0,0.0,4,14.0,0,2,2,13.0,0,2.7,4.7,,,70.0,190.0,27.71763157894737,5.0,Georgia Southern,2017.0,2017.0,,,,0.07692308
2022,6,00-0033308,M.Breida,RB,NYG,BAL,0,0,0.0,0,0.0,0.0,0.0,3,-6.0,0,2,2,17.0,0,1.1,3.1,,,70.0,190.0,27.71763157894737,5.0,Georgia Southern,2017.0,2017.0,,,4.0,0.08
2022,7,00-0033308,M.Breida,RB,NYG,JAX,0,0,0.0,0,0.0,0.0,0.0,4,19.0,0,1,1,14.0,0,3.3,4.3,,,70.0,190.0,27.71763157894737,5.0,Georgia Southern,2017.0,2017.0,,,,0.03448276
2022,8,00-0033308,M.Breida,RB,NYG,SEA,0,0,0.0,0,0.0,0.0,0.0,2,5.0,0,2,1,10.0,0,1.5,2.5,,,70.0,190.0,27.71763157894737,5.0,Georgia Southern,2017.0,2017.0,,,,0.06451613
2022,10,00-0033308,M.Breida,RB,NYG,HOU,0,0,0.0,0,0.0,0.0,0.0,6,20.0,0,0,0,0.0,0,2.0,2.0,,,70.0,190.0,27.71763157894737,5.0,Georgia Southern,2017.0,2017.0,,,8.0,
2022,11,00-0033308,M.Breida,RB,NYG,DET,0,0,0.0,0,0.0,0.0,0.0,3,13.0,1,1,1,16.0,0,8.9,9.9,,,70.0,190.0,27.71763157894737,5.0,Georgia Southern,2017.0,2017.0,,,-13.0,0.025
2022,12,00-0033308,M.Breida,RB,NYG,DAL,0,0,0.0,0,0.0,0.0,0.0,2,6.0,0,1,1,9.0,0,1.5,2.5,,,70.0,190.0,27.71763157894737,5.0,Georgia Southern,2017.0,2017.0,,,,0.03448276
2022,13,00-0033308,M.Breida,RB,NYG,WAS,0,0,0.0,0,0.0,0.0,0.0,0,0.0,0,1,1,4.0,0,0.4,1.4,,,70.0,190.0,27.71763157894737,5.0,Georgia Southern,2017.0,2017.0,,,0.0,0.035714287
2022,14,00-0033308,M.Breida,RB,NYG,PHI,0,0,0.0,0,0.0,0.0,0.0,3,6.0,0,4,2,9.0,0,1.5,3.5,,,70.0,190.0,27.71763157894737,5.0,Georgia Southern,2017.0,2017.0,,,-26.0,0.125
2022,15,00-0033308,M.Breida,RB,NYG,WAS,0,0,0.0,0,0.0,0.0,0.0,2,6.0,0,1,1,6.0,0,1.2,2.2,,,70.0,190.0,27.71763157894737,5.0,Georgia Southern,2017.0,2017.0,,,,0.033333335
2022,16,00-0033308,M.Breida,RB,NYG,MIN,0,0,0.0,0,0.0,0.0,0.0,2,9.0,0,0,0,0.0,0,0.9,0.9,,,70.0,190.0,27.71763157894737,5.0,Georgia Southern,2017.0,2017.0,,,,
2022,17,00-0033308,M.Breida,RB,NYG,IND,0,0,0.0,0,0.0,0.0,0.0,9,59.0,0,1,1,8.0,0,6.7,7.7,,,70.0,190.0,27.71763157894737,5.0,Georgia Southern,2017.0,2017.0,,,28.0,0.04347826
2022,18,00-0033308,M.Breida,RB,NYG,PHI,0,0,0.0,0,0.0,0.0,0.0,4,28.0,0,8,7,12.0,0,4.0,11.0,,,70.0,190.0,27.71763157894737,5.0,Georgia Southern,2017.0,2017.0,,,,0.21052632
2022,19,00-0033308,M.Breida,RB,NYG,MIN,0,0,0.0,0,0.0,0.0,0.0,3,8.0,0,0,0,0.0,0,0.8,0.8,,,70.0,190.0,27.71763157894737,5.0,Georgia Southern,2017.0,2017.0,,,,
2022,20,00-0033308,M.Breida,RB,NYG,PHI,0,0,0.0,0,0.0,0.0,0.0,4,23.0,1,1,1,19.0,0,10.2,11.2,,,70.0,190.0,27.71763157894737,5.0,Georgia Southern,2017.0,2017.0,,,,0.03846154
2022,9,00-0033319,N.Mullens,QB,MIN,WAS,1,1,-3.0,0,0.0,0.0,-0.0,0,0.0,0,0,0,0.0,0,-0.12,-0.12,,,73.0,210.0,27.65222222222222,5.0,Southern Mississippi,2017.0,2017.0,,,,
2022,11,00-0033319,N.Mullens,QB,MIN,DAL,5,7,54.0,0,0.0,0.0,-0.0,0,0.0,0,0,0,0.0,0,2.16,2.16,,,73.0,210.0,27.65222222222222,5.0,Southern Mississippi,2017.0,2017.0,,,-37.0,
2022,17,00-0033319,N.Mullens,QB,MIN,GB,4,4,57.0,1,0.0,0.0,-0.0,0,0.0,0,0,0,0.0,0,6.28,6.28,,,73.0,210.0,27.65222222222222,5.0,Southern Mississippi,2017.0,2017.0,,,,
2022,18,00-0033319,N.Mullens,QB,MIN,CHI,11,13,116.0,0,1.0,0.0,-0.0,4,8.0,0,0,0,0.0,0,3.44,3.44,,,73.0,210.0,27.65222222222222,5.0,Southern Mississippi,2017.0,2017.0,,,,
2022,1,00-0033357,T.Hill,QB,NO,ATL,0,0,0.0,0,0.0,0.0,0.0,4,81.0,1,1,1,2.0,0,14.3,15.3,,,74.0,221.0,32.20964705882353,5.0,Brigham Young,2017.0,2017.0,,,,0.03125
2022,2,00-0033357,T.Hill,QB,NO,TB,0,0,0.0,0,0.0,0.0,0.0,3,14.0,0,0,0,0.0,0,1.4,1.4,,,74.0,221.0,32.20964705882353,5.0,Brigham Young,2017.0,2017.0,,,-10.0,
2022,4,00-0033357,T.Hill,QB,NO,MIN,0,0,0.0,0,0.0,0.0,0.0,5,21.0,1,0,0,0.0,0,8.1,8.1,,,74.0,221.0,32.20964705882353,5.0,Brigham Young,2017.0,2017.0,,,-3.0,
2022,5,00-0033357,T.Hill,QB,NO,SEA,1,1,22.0,1,0.0,0.0,-0.0,9,112.0,3,0,0,0.0,0,34.08,34.08,,,74.0,221.0,32.20964705882353,5.0,Brigham Young,2017.0,2017.0,,,7.0,
2022,6,00-0033357,T.Hill,QB,NO,CIN,2,4,16.0,0,0.0,0.0,-0.0,5,39.0,0,0,0,0.0,0,4.54,4.54,,,74.0,221.0,32.20964705882353,5.0,Brigham Young,2017.0,2017.0,,,-4.0,
2022,7,00-0033357,T.Hill,QB,NO,ARI,2,2,48.0,0,0.0,0.0,-0.0,3,9.0,0,1,1,3.0,1,9.12,10.12,,,74.0,221.0,32.20964705882353,5.0,Brigham Young,2017.0,2017.0,,,,0.02173913
2022,8,00-0033357,T.Hill,QB,NO,LV,1,1,2.0,0,0.0,0.0,-0.0,10,61.0,0,2,1,11.0,0,7.28,8.28,,,74.0,221.0,32.20964705882353,5.0,Brigham Young,2017.0,2017.0,,,24.0,0.06666667
2022,9,00-0033357,T.Hill,QB,NO,BAL,1,1,13.0,0,0.0,0.0,-0.0,1,6.0,0,1,0,0.0,0,1.12,1.12,,,74.0,221.0,32.20964705882353,5.0,Brigham Young,2017.0,2017.0,,,-14.0,0.035714287
2022,10,00-0033357,T.Hill,QB,NO,PIT,0,1,0.0,0,0.0,0.0,-0.0,3,1.0,0,0,0,0.0,0,0.1,0.1,,,74.0,221.0,32.20964705882353,5.0,Brigham Young,2017.0,2017.0,,,,
2022,11,00-0033357,T.Hill,QB,NO,LA,1,3,14.0,0,0.0,1.0,7.0,9,52.0,0,1,1,8.0,0,6.56,7.56,,,74.0,221.0,32.20964705882353,5.0,Brigham Young,2017.0,2017.0,,,7.0,0.037037037
2022,12,00-0033357,T.Hill,QB,NO,SF,0,1,0.0,0,0.0,0.0,-0.0,6,13.0,0,2,1,7.0,0,2.0,3.0,,,74.0,221.0,32.20964705882353,5.0,Brigham Young,2017.0,2017.0,,,,0.06666667
2022,13,00-0033357,T.Hill,QB,NO,TB,1,1,21.0,0,0.0,0.0,-0.0,3,10.0,0,3,2,35.0,1,11.34,13.34,,,74.0,221.0,32.20964705882353,5.0,Brigham Young,2017.0,2017.0,,,,0.10714286
2022,15,00-0033357,T.Hill,QB,NO,ATL,2,2,80.0,1,0.0,0.0,-0.0,7,30.0,0,0,0,0.0,0,10.2,10.2,,,74.0,221.0,32.20964705882353,5.0,Brigham Young,2017.0,2017.0,,,3.0,
2022,16,00-0033357,T.Hill,QB,NO,CLE,0,0,0.0,0,0.0,0.0,0.0,9,56.0,1,0,0,0.0,0,11.6,11.6,,,74.0,221.0,32.20964705882353,5.0,Brigham Young,2017.0,2017.0,,,,
2022,17,00-0033357,T.Hill,QB,NO,PHI,2,2,24.0,0,0.0,1.0,7.0,14,46.0,1,1,1,10.0,0,12.56,13.56,,,74.0,221.0,32.20964705882353,5.0,Brigham Young,2017.0,2017.0,,,,0.04347826
2022,18,00-0033357,T.Hill,QB,NO,CAR,0,0,0.0,0,0.0,0.0,0.0,5,24.0,0,1,1,1.0,0,2.5,3.5,,,74.0,221.0,32.20964705882353,5.0,Brigham Young,2017.0,2017.0,,,-3.0,0.04
2022,13,00-0033367,C.Board,WR,TEN,PHI,0,0,0.0,0,0.0,0.0,0.0,0,0.0,0,1,1,6.0,0,0.6,1.6,,,73.0,180.0,28.922125,5.0,Chattanooga,2017.0,2017.0,,,,0.04
2022,1,00-0033376,P.Ricard,FB,BAL,NYJ,0,0,0.0,0,0.0,0.0,0.0,0,0.0,0,1,1,7.0,0,0.7,1.7,,,75.0,311.0,28.464944444444445,5.0,Maine,2017.0,2017.0,,,,0.03448276
2022,2,00-0033376,P.Ricard,FB,BAL,MIA,0,0,0.0,0,0.0,0.0,0.0,1,5.0,0,0,0,0.0,0,0.5,0.5,,,75.0,311.0,28.464944444444445,5.0,Maine,2017.0,2017.0,,,-4.0,
2022,3,00-0033376,P.Ricard,FB,BAL,NE,0,0,0.0,0,0.0,0.0,0.0,0,0.0,0,1,1,12.0,0,1.2,2.2,,,75.0,311.0,28.464944444444445,5.0,Maine,2017.0,2017.0,,,,0.037037037
2022,4,00-0033376,P.Ricard,FB,BAL,BUF,0,0,0.0,0,0.0,0.0,0.0,1,3.0,0,3,3,17.0,0,2.0,5.0,,,75.0,311.0,28.464944444444445,5.0,Maine,2017.0,2017.0,,,-3.0,0.10714286
2022,6,00-0033376,P.Ricard,FB,BAL,NYG,0,0,0.0,0,0.0,0.0,0.0,0,0.0,0,1,0,0.0,0,0.0,0.0,,,75.0,311.0,28.464944444444445,5.0,Maine,2017.0,2017.0,,,,0.03125
2022,7,00-0033376,P.Ricard,FB,BAL,CLE,0,0,0.0,0,0.0,0.0,0.0,1,0.0,0,2,2,20.0,0,2.0,4.0,,,75.0,311.0,28.464944444444445,5.0,Maine,2017.0,2017.0,,,3.0,0.125
2022,9,00-0033376,P.Ricard,FB,BAL,NO,0,0,0.0,0,0.0,0.0,0.0,1,2.0,0,1,1,4.0,0,0.6,1.6,,,75.0,311.0,28.464944444444445,5.0,Maine,2017.0,2017.0,,,,0.045454547
2022,11,00-0033376,P.Ricard,FB,BAL,CAR,0,0,0.0,0,0.0,0.0,0.0,1,4.0,0,0,0,0.0,0,0.4,0.4,,,75.0,311.0,28.464944444444445,5.0,Maine,2017.0,2017.0,,,10.0,
2022,12,00-0033376,P.Ricard,FB,BAL,JAX,0,0,0.0,0,0.0,0.0,0.0,0,0.0,0,3,2,14.0,0,1.4,3.4,,,75.0,311.0,28.464944444444445,5.0,Maine,2017.0,2017.0,,,,0.1
2022,13,00-0033376,P.Ricard,FB,BAL,DEN,0,0,0.0,0,0.0,0.0,0.0,0,0.0,0,1,1,0.0,0,0.0,1.0,,,75.0,311.0,28.464944444444445,5.0,Maine,2017.0,2017.0,,,1.0,0.027777778
2022,14,00-0033376,P.Ricard,FB,BAL,PIT,0,0,0.0,0,0.0,0.0,0.0,1,2.0,0,0,0,0.0,0,0.2,0.2,,,75.0,311.0,28.464944444444445,5.0,Maine,2017.0,2017.0,,,,
2022,15,00-0033376,P.Ricard,FB,BAL,CLE,0,0,0.0,0,0.0,0.0,0.0,1,0.0,0,0,0,0.0,0,0.0,0.0,,,75.0,311.0,28.464944444444445,5.0,Maine,2017.0,2017.0,,,,
2022,19,00-0033376,P.Ricard,FB,BAL,CIN,0,0,0.0,0,0.0,0.0,0.0,0,0.0,0,2,0,0.0,0,0.0,0.0,,,75.0,311.0,28.464944444444445,5.0,Maine,2017.0,2017.0,,,,0.071428575
2022,1,00-0033386,C.Hollister,WR,TEN,NYG,0,0,0.0,0,0.0,0.0,0.0,0,0.0,0,1,1,22.0,0,2.2,3.2,,,76.0,209.0,28.978823529411763,5.0,Arkansas,2017.0,2017.0,,,-1.0,0.032258064
2022,7,00-0033386,C.Hollister,WR,TEN,IND,0,0,0.0,0,0.0,0.0,0.0,0,0.0,0,2,2,32.0,0,3.2,5.2,,,76.0,209.0,28.978823529411763,5.0,Arkansas,2017.0,2017.0,,,9.0,0.1
2022,8,00-0033386,C.Hollister,WR,TEN,HOU,0,0,0.0,0,0.0,0.0,0.0,0,0.0,0,1,0,0.0,0,0.0,0.0,,,76.0,209.0,28.978823529411763,5.0,Arkansas,2017.0,2017.0,,,,0.125
2022,9,00-0033386,C.Hollister,WR,TEN,KC,0,0,0.0,0,0.0,0.0,0.0,0,0.0,0,1,0,0.0,0,0.0,0.0,,,76.0,209.0,28.978823529411763,5.0,Arkansas,2017.0,2017.0,,,,0.07692308
2022,1,00-0033439,P.Brown,TE,HOU,IND,0,0,0.0,0,0.0,0.0,0.0,0,0.0,0,1,1,17.0,0,1.7,2.7,,,78.0,258.0,28.519294117647057,5.0,Oregon,2017.0,2017.0,,,0.0,0.027777778
2022,2,00-0033439,P.Brown,TE,HOU,DEN,0,0,0.0,0,0.0,0.0,0.0,0,0.0,0,5,3,24.0,0,2.4,5.4,,,78.0,258.0,28.519294117647057,5.0,Oregon,2017.0,2017.0,,,,0.13513513
2022,3,00-0033439,P.Brown,TE,HOU,CHI,0,0,0.0,0,0.0,0.0,0.0,0,0.0,0,4,3,31.0,0,3.1,6.1,,,78.0,258.0,28.519294117647057,5.0,Oregon,2017.0,2017.0,,,,0.12903225
2022,6,00-0033439,P.Brown,TE,CLE,NE,0,0,0.0,0,0.0,0.0,0.0,0,0.0,0,3,2,21.0,0,2.1,4.1,,,78.0,258.0,28.519294117647057,5.0,Oregon,2017.0,2017.0,,,-23.0,0.071428575
2022,10,00-0033439,P.Brown,TE,CLE,MIA,0,0,0.0,0,0.0,0.0,0.0,0,0.0,0,5,2,13.0,0,1.3,3.3,,,78.0,258.0,28.519294117647057,5.0,Oregon,2017.0,2017.0,,,,0.14705883
2022,11,00-0033439,P.Brown,TE,CLE,BUF,0,0,0.0,0,0.0,0.0,0.0,0,0.0,0,1,0,0.0,0,0.0,0.0,,,78.0,258.0,28.519294117647057,5.0,Oregon,2017.0,2017.0,,,,0.025641026
2022,13,00-0033439,P.Brown,TE,CLE,HOU,0,0,0.0,0,0.0,0.0,0.0,0,0.0,0,1,1,11.0,0,1.1,2.1,,,78.0,258.0,28.519294117647057,5.0,Oregon,2017.0,2017.0,,,,0.04761905
2022,1,00-0033455,A.Firkser,TE,ATL,NO,0,0,0.0,0,0.0,0.0,0.0,0,0.0,0,2,1,6.0,0,0.6,1.6,,,74.0,246.0,27.716411764705885,5.0,Harvard,2017.0,2017.0,,,-1.0,0.0625
2022,3,00-0033455,A.Firkser,TE,ATL,SEA,0,0,0.0,0,0.0,0.0,0.0,0,0.0,0,1,1,22.0,0,2.2,3.2,,,74.0,246.0,27.716411764705885,5.0,Harvard,2017.0,2017.0,,,,0.05263158
2022,5,00-0033455,A.Firkser,TE,ATL,TB,0,0,0.0,0,0.0,0.0,0.0,0,0.0,0,1,1,11.0,0,1.1,2.1,,,74.0,246.0,27.716411764705885,5.0,Harvard,2017.0,2017.0,,,,0.041666668
2022,12,00-0033455,A.Firkser,TE,ATL,WAS,0,0,0.0,0,0.0,0.0,0.0,0,0.0,0,1,1,16.0,0,1.6,2.6,,,74.0,246.0,27.716411764705885,5.0,Harvard,2017.0,2017.0,,,,0.041666668
2022,13,00-0033455,A.Firkser,TE,ATL,PIT,0,0,0.0,0,0.0,0.0,0.0,0,0.0,0,2,2,24.0,0,2.4,4.4,,,74.0,246.0,27.716411764705885,5.0,Harvard,2017.0,2017.0,,,-3.0,0.083333336
2022,15,00-0033455,A.Firkser,TE,ATL,NO,0,0,0.0,0,0.0,0.0,0.0,0,0.0,0,2,0,0.0,0,0.0,0.0,,,74.0,246.0,27.716411764705885,5.0,Harvard,2017.0,2017.0,,,,0.07692308
2022,16,00-0033455,A.Firkser,TE,ATL,BAL,0,0,0.0,0,0.0,0.0,0.0,0,0.0,0,3,2,10.0,0,1.0,3.0,,,74.0,246.0,27.716411764705885,5.0,Harvard,2017.0,2017.0,,,,0.09677419
2022,18,00-0033455,A.Firkser,TE,ATL,TB,0,0,0.0,0,0.0,0.0,0.0,0,0.0,0,1,1,11.0,0,1.1,2.1,,,74.0,246.0,27.716411764705885,5.0,Harvard,2017.0,2017.0,,,13.0,0.035714287
2022,1,00-0033466,I.McKenzie,WR,BUF,LA,0,0,0.0,0,0.0,0.0,0.0,0,0.0,0,3,2,19.0,1,7.9,9.9,,,68.0,173.0,27.602500000000003,5.0,Georgia,2017.0,2017.0,DEN,172.0,,0.09677419
2022,2,00-0033466,I.McKenzie,WR,BUF,TEN,0,0,0.0,0,0.0,0.0,0.0,0,0.0,0,3,2,37.0,0,3.7,5.7,,,68.0,173.0,27.602500000000003,5.0,Georgia,2017.0,2017.0,DEN,172.0,34.0,0.07692308
2022,3,00-0033466,I.McKenzie,WR,BUF,MIA,0,0,0.0,0,0.0,0.0,0.0,1,6.0,0,9,7,76.0,1,14.2,21.2,,,68.0,173.0,27.602500000000003,5.0,Georgia,2017.0,2017.0,DEN,172.0,,0.15789473
2022,4,00-0033466,I.McKenzie,WR,BUF,BAL,0,0,0.0,0,0.0,0.0,0.0,0,0.0,0,6,4,21.0,1,8.1,12.1,,,68.0,173.0,27.602500000000003,5.0,Georgia,2017.0,2017.0,DEN,172.0,,0.1764706
2022,6,00-0033466,I.McKenzie,WR,BUF,KC,0,0,0.0,0,0.0,0.0,0.0,0,0.0,0,5,2,9.0,0,0.9,2.9,,,68.0,173.0,27.602500000000003,5.0,Georgia,2017.0,2017.0,DEN,172.0,,0.13157895
2022,8,00-0033466,I.McKenzie,WR,BUF,GB,0,0,0.0,0,0.0,0.0,0.0,2,2.0,1,1,1,8.0,0,7.0,8.0,,,68.0,173.0,27.602500000000003,5.0,Georgia,2017.0,2017.0,DEN,172.0,10.0,0.04
2022,9,00-0033466,I.McKenzie,WR,BUF,NYJ,0,0,0.0,0,0.0,0.0,0.0,1,9.0,0,3,2,12.0,0,2.1,4.1,,,68.0,173.0,27.602500000000003,5.0,Georgia,2017.0,2017.0,DEN,172.0,,0.09090909
2022,10,00-0033466,I.McKenzie,WR,BUF,MIN,0,0,0.0,0,0.0,0.0,0.0,1,18.0,0,4,4,37.0,0,5.5,9.5,,,68.0,173.0,27.602500000000003,5.0,Georgia,2017.0,2017.0,DEN,172.0,-3.0,0.09756097
2022,11,00-0033466,I.McKenzie,WR,BUF,CLE,0,0,0.0,0,0.0,0.0,0.0,0,0.0,0,1,0,0.0,0,0.0,0.0,,,68.0,173.0,27.602500000000003,5.0,Georgia,2017.0,2017.0,DEN,172.0,8.0,0.041666668
2022,12,00-0033466,I.McKenzie,WR,BUF,DET,0,0,0.0,0,0.0,0.0,0.0,2,7.0,0,10,6,96.0,1,16.3,22.3,,,68.0,173.0,27.602500000000003,5.0,Georgia,2017.0,2017.0,DEN,172.0,,0.25641027
2022,13,00-0033466,I.McKenzie,WR,BUF,NE,0,0,0.0,0,0.0,0.0,0.0,0,0.0,0,5,5,44.0,0,4.4,9.4,,,68.0,173.0,27.602500000000003,5.0,Georgia,2017.0,2017.0,DEN,172.0,,0.15151516
2022,14,00-0033466,I.McKenzie,WR,BUF,NYJ,0,0,0.0,0,0.0,0.0,0.0,1,7.0,0,5,3,21.0,0,2.8,5.8,,,68.0,173.0,27.602500000000003,5.0,Georgia,2017.0,2017.0,DEN,172.0,8.0,0.18518518
2022,15,00-0033466,I.McKenzie,WR,BUF,MIA,0,0,0.0,0,0.0,0.0,0.0,0,0.0,0,5,2,24.0,0,2.4,4.4,,,68.0,173.0,27.602500000000003,5.0,Georgia,2017.0,2017.0,DEN,172.0,3.0,0.13157895
2022,16,00-0033466,I.McKenzie,WR,BUF,CHI,0,0,0.0,0,0.0,0.0,0.0,1,6.0,0,2,0,0.0,0,0.6,0.6,,,68.0,173.0,27.602500000000003,5.0,Georgia,2017.0,2017.0,DEN,172.0,,0.08
2022,18,00-0033466,I.McKenzie,WR,BUF,NE,0,0,0.0,0,0.0,0.0,0.0,0,0.0,0,3,2,19.0,0,1.9,3.9,,,68.0,173.0,27.602500000000003,5.0,Georgia,2017.0,2017.0,DEN,172.0,12.0,0.09677419
2022,20,00-0033466,I.McKenzie,WR,BUF,CIN,0,0,0.0,0,0.0,0.0,0.0,0,0.0,0,2,2,10.0,0,1.0,3.0,,,68.0,173.0,27.602500000000003,5.0,Georgia,2017.0,2017.0,DEN,172.0,-17.0,0.05
2022,21,00-0033481,M.Kemp,WR,KC,CIN,0,0,0.0,0,0.0,0.0,0.0,0,0.0,0,1,1,13.0,0,1.3,2.3,,,76.0,210.0,27.303588235294118,5.0,Hawaii,2017.0,2017.0,,,3.0,0.024390243
2022,1,00-0033526,S.Perine,RB,CIN,PIT,0,0,0.0,0,0.0,0.0,0.0,1,4.0,0,5,3,33.0,0,3.7,6.7,,,71.0,240.0,27.17315789473684,5.0,Oklahoma,2017.0,2017.0,WAS,114.0,-3.0,0.094339624
2022,2,00-0033526,S.Perine,RB,CIN,DAL,0,0,0.0,0,0.0,0.0,0.0,1,2.0,0,1,1,8.0,0,1.0,2.0,,,71.0,240.0,27.17315789473684,5.0,Oklahoma,2017.0,2017.0,WAS,114.0,,0.028571429
2022,3,00-0033526,S.Perine,RB,CIN,NYJ,0,0,0.0,0,0.0,0.0,0.0,9,47.0,0,2,2,14.0,1,12.1,14.1,,,71.0,240.0,27.17315789473684,5.0,Oklahoma,2017.0,2017.0,WAS,114.0,,0.057142857
2022,4,00-0033526,S.Perine,RB,CIN,MIA,0,0,0.0,0,0.0,0.0,0.0,1,0.0,0,1,0,0.0,0,0.0,0.0,,,71.0,240.0,27.17315789473684,5.0,Oklahoma,2017.0,2017.0,WAS,114.0,12.0,0.03125
2022,5,00-0033526,S.Perine,RB,CIN,BAL,0,0,0.0,0,0.0,0.0,0.0,3,17.0,0,4,4,39.0,0,5.6,9.6,,,71.0,240.0,27.17315789473684,5.0,Oklahoma,2017.0,2017.0,WAS,114.0,,0.11764706
2022,6,00-0033526,S.Perine,RB,CIN,NO,0,0,0.0,0,0.0,0.0,0.0,2,5.0,0,2,2,11.0,0,1.6,3.6,,,71.0,240.0,27.17315789473684,5.0,Oklahoma,2017.0,2017.0,WAS,114.0,,0.055555556
2022,7,00-0033526,S.Perine,RB,CIN,ATL,0,0,0.0,0,0.0,0.0,0.0,1,0.0,0,2,2,8.0,0,0.8,2.8,,,71.0,240.0,27.17315789473684,5.0,Oklahoma,2017.0,2017.0,WAS,114.0,18.0,0.04761905
2022,8,00-0033526,S.Perine,RB,CIN,CLE,0,0,0.0,0,0.0,0.0,0.0,1,7.0,0,3,3,10.0,0,1.7,4.7,,,71.0,240.0,27.17315789473684,5.0,Oklahoma,2017.0,2017.0,WAS,114.0,,0.0882353
2022,9,00-0033526,S.Perine,RB,CIN,CAR,0,0,0.0,0,0.0,0.0,0.0,6,51.0,0,2,1,3.0,0,5.4,6.4,,,71.0,240.0,27.17315789473684,5.0,Oklahoma,2017.0,2017.0,WAS,114.0,21.0,0.06666667
2022,11,00-0033526,S.Perine,RB,CIN,PIT,0,0,0.0,0,0.0,0.0,0.0,11,30.0,0,4,4,52.0,3,26.2,30.2,,,71.0,240.0,27.17315789473684,5.0,Oklahoma,2017.0,2017.0,WAS,114.0,,0.10810811
2022,12,00-0033526,S.Perine,RB,CIN,TEN,0,0,0.0,0,0.0,0.0,0.0,17,58.0,1,7,4,35.0,0,15.3,19.3,,,71.0,240.0,27.17315789473684,5.0,Oklahoma,2017.0,2017.0,WAS,114.0,,0.19444445
2022,13,00-0033526,S.Perine,RB,CIN,KC,0,0,0.0,0,0.0,0.0,0.0,21,106.0,0,7,6,49.0,0,15.5,21.5,,,71.0,240.0,27.17315789473684,5.0,Oklahoma,2017.0,2017.0,WAS,114.0,3.0,0.22580644
2022,14,00-0033526,S.Perine,RB,CIN,CLE,0,0,0.0,0,0.0,0.0,0.0,4,22.0,1,5,1,2.0,0,8.4,9.4,,,71.0,240.0,27.17315789473684,5.0,Oklahoma,2017.0,2017.0,WAS,114.0,13.0,0.15625
2022,15,00-0033526,S.Perine,RB,CIN,TB,0,0,0.0,0,0.0,0.0,0.0,7,24.0,0,1,1,0.0,0,2.4,3.4,,,71.0,240.0,27.17315789473684,5.0,Oklahoma,2017.0,2017.0,WAS,114.0,,0.02631579
2022,16,00-0033526,S.Perine,RB,CIN,NE,0,0,0.0,0,0.0,0.0,0.0,4,3.0,0,4,3,19.0,0,2.2,5.2,,,71.0,240.0,27.17315789473684,5.0,Oklahoma,2017.0,2017.0,WAS,114.0,,0.08163265
2022,18,00-0033526,S.Perine,RB,CIN,BAL,0,0,0.0,0,0.0,0.0,0.0,6,18.0,0,1,1,4.0,0,2.2,3.2,,,71.0,240.0,27.17315789473684,5.0,Oklahoma,2017.0,2017.0,WAS,114.0,11.0,0.025
2022,19,00-0033526,S.Perine,RB,CIN,BAL,0,0,0.0,0,0.0,0.0,0.0,2,3.0,0,1,0,0.0,0,0.3,0.3,,,71.0,240.0,27.17315789473684,5.0,Oklahoma,2017.0,2017.0,WAS,114.0,7.0,0.03125
2022,20,00-0033526,S.Perine,RB,CIN,BUF,0,0,0.0,0,0.0,0.0,0.0,7,33.0,0,5,5,31.0,0,6.4,11.4,,,71.0,240.0,27.17315789473684,5.0,Oklahoma,2017.0,2017.0,WAS,114.0,,0.15625
2022,21,00-0033526,S.Perine,RB,CIN,KC,0,0,0.0,0,0.0,0.0,0.0,5,22.0,1,4,3,4.0,0,8.6,11.6,,,71.0,240.0,27.17315789473684,5.0,Oklahoma,2017.0,2017.0,WAS,114.0,,0.10810811
2022,1,00-0033536,M.Williams,WR,LAC,LV,0,0,0.0,0,0.0,0.0,0.0,0,0.0,0,4,2,10.0,0,1.0,3.0,,,76.0,218.0,28.11138888888889,5.0,Clemson,2017.0,2017.0,LAC,7.0,5.0,0.11764706
2022,2,00-0033536,M.Williams,WR,LAC,KC,0,0,0.0,0,0.0,0.0,0.0,0,0.0,0,10,8,113.0,1,17.3,25.3,,,76.0,218.0,28.11138888888889,5.0,Clemson,2017.0,2017.0,LAC,7.0,,0.2173913
2022,3,00-0033536,M.Williams,WR,LAC,JAX,0,0,0.0,0,0.0,0.0,0.0,0,0.0,0,6,1,15.0,1,7.5,8.5,,,76.0,218.0,28.11138888888889,5.0,Clemson,2017.0,2017.0,LAC,7.0,-28.0,0.14634146
2022,4,00-0033536,M.Williams,WR,LAC,HOU,0,0,0.0,0,0.0,0.0,0.0,0,0.0,0,11,7,120.0,0,12.0,19.0,,,76.0,218.0,28.11138888888889,5.0,Clemson,2017.0,2017.0,LAC,7.0,,0.2972973
2022,5,00-0033536,M.Williams,WR,LAC,CLE,0,0,0.0,0,0.0,0.0,0.0,0,0.0,0,13,10,134.0,0,13.4,23.4,,,76.0,218.0,28.11138888888889,5.0,Clemson,2017.0,2017.0,LAC,7.0,,0.3939394
2022,6,00-0033536,M.Williams,WR,LAC,DEN,0,0,0.0,0,0.0,0.0,0.0,0,0.0,0,6,2,17.0,0,1.7,3.7,,,76.0,218.0,28.11138888888889,5.0,Clemson,2017.0,2017.0,LAC,7.0,3.0,0.10909091
2022,7,00-0033536,M.Williams,WR,LAC,SEA,0,0,0.0,0,0.0,0.0,0.0,0,0.0,0,9,7,86.0,1,14.6,21.6,,,76.0,218.0,28.11138888888889,5.0,Clemson,2017.0,2017.0,LAC,7.0,-14.0,0.1764706
2022,11,00-0033536,M.Williams,WR,LAC,KC,0,0,0.0,0,0.0,0.0,0.0,0,0.0,0,1,1,15.0,0,1.5,2.5,,,76.0,218.0,28.11138888888889,5.0,Clemson,2017.0,2017.0,LAC,7.0,-3.0,0.03448276
2022,14,00-0033536,M.Williams,WR,LAC,MIA,0,0,0.0,0,0.0,0.0,0.0,0,0.0,0,6,6,116.0,1,17.6,23.6,,,76.0,218.0,28.11138888888889,5.0,Clemson,2017.0,2017.0,LAC,7.0,6.0,0.125
2022,15,00-0033536,M.Williams,WR,LAC,TEN,0,0,0.0,0,0.0,0.0,0.0,0,0.0,0,8,4,67.0,0,6.7,10.7,,,76.0,218.0,28.11138888888889,5.0,Clemson,2017.0,2017.0,LAC,7.0,3.0,0.21052632
2022,16,00-0033536,M.Williams,WR,LAC,IND,0,0,0.0,0,0.0,0.0,0.0,0,0.0,0,4,4,76.0,0,7.6,11.6,,,76.0,218.0,28.11138888888889,5.0,Clemson,2017.0,2017.0,LAC,7.0,,0.13333334
2022,17,00-0033536,M.Williams,WR,LAC,LA,0,0,0.0,0,0.0,0.0,0.0,0,0.0,0,10,7,94.0,0,9.4,16.4,,,76.0,218.0,28.11138888888889,5.0,Clemson,2017.0,2017.0,LAC,7.0,21.0,0.32258064
2022,18,00-0033536,M.Williams,WR,LAC,DEN,0,0,0.0,0,0.0,0.0,0.0,0,0.0,0,5,4,32.0,0,3.2,7.2,,,76.0,218.0,28.11138888888889,5.0,Clemson,2017.0,2017.0,LAC,7.0,,0.11363637
2022,13,00-0033537,D.Watson,QB,CLE,HOU,12,22,131.0,0,1.0,1.0,1.0,7,21.0,0,0,0,0.0,0,5.34,5.34,,,75.0,221.0,27.155176470588238,5.0,Clemson,2017.0,2017.0,HOU,12.0,,
2022,14,00-0033537,D.Watson,QB,CLE,CIN,26,42,276.0,1,1.0,2.0,3.0,6,33.0,0,0,0,0.0,0,16.34,16.34,,,75.0,221.0,27.155176470588238,5.0,Clemson,2017.0,2017.0,HOU,12.0,,
2022,15,00-0033537,D.Watson,QB,CLE,BAL,18,28,161.0,1,0.0,3.0,21.0,6,22.0,0,0,0,0.0,0,12.64,12.64,,,75.0,221.0,27.155176470588238,5.0,Clemson,2017.0,2017.0,HOU,12.0,10.0,
2022,16,00-0033537,D.Watson,QB,CLE,NO,15,31,135.0,0,1.0,2.0,10.0,3,24.0,1,0,0,0.0,0,11.8,11.8,,,75.0,221.0,27.155176470588238,5.0,Clemson,2017.0,2017.0,HOU,12.0,-7.0,
2022,17,00-0033537,D.Watson,QB,CLE,WAS,9,18,169.0,3,0.0,5.0,14.0,8,31.0,0,0,0,0.0,0,21.86,21.86,,,75.0,221.0,27.155176470588238,5.0,Clemson,2017.0,2017.0,HOU,12.0,,
2022,18,00-0033537,D.Watson,QB,CLE,PIT,19,29,230.0,2,2.0,7.0,57.0,6,44.0,0,0,0,0.0,0,17.6,17.6,,,75.0,221.0,27.155176470588238,5.0,Clemson,2017.0,2017.0,HOU,12.0,,
2022,18,00-0033550,D.Webb,QB,NYG,PHI,23,40,168.0,1,0.0,0.0,-0.0,6,41.0,1,0,0,0.0,0,20.82,20.82,,,77.0,225.0,27.818947368421057,5.0,California,2017.0,2017.0,NYG,87.0,,
2022,1,00-0033553,J.Conner,RB,ARI,KC,0,0,0.0,0,0.0,0.0,0.0,10,26.0,1,6,5,29.0,0,11.5,16.5,,,73.0,233.0,27.512705882352943,5.0,Pittsburgh,2017.0,2017.0,PIT,105.0,-23.0,0.16666667
2022,2,00-0033553,J.Conner,RB,ARI,LV,0,0,0.0,0,0.0,0.0,0.0,7,25.0,0,4,2,26.0,0,5.1,7.1,,,73.0,233.0,27.512705882352943,5.0,Pittsburgh,2017.0,2017.0,PIT,105.0,,0.08510638
2022,3,00-0033553,J.Conner,RB,ARI,LA,0,0,0.0,0,0.0,0.0,0.0,13,39.0,0,5,3,18.0,0,5.7,8.7,,,73.0,233.0,27.512705882352943,5.0,Pittsburgh,2017.0,2017.0,PIT,105.0,-8.0,0.09090909
2022,4,00-0033553,J.Conner,RB,ARI,CAR,0,0,0.0,0,0.0,0.0,0.0,15,55.0,0,3,3,22.0,0,7.7,10.7,,,73.0,233.0,27.512705882352943,5.0,Pittsburgh,2017.0,2017.0,PIT,105.0,,0.09677419
2022,5,00-0033553,J.Conner,RB,ARI,PHI,0,0,0.0,0,0.0,0.0,0.0,9,55.0,0,1,1,8.0,0,6.3,7.3,,,73.0,233.0,27.512705882352943,5.0,Pittsburgh,2017.0,2017.0,PIT,105.0,-3.0,0.02631579
2022,9,00-0033553,J.Conner,RB,ARI,SEA,0,0,0.0,0,0.0,0.0,0.0,7,45.0,0,5,5,19.0,0,6.4,11.4,,,73.0,233.0,27.512705882352943,5.0,Pittsburgh,2017.0,2017.0,PIT,105.0,-10.0,0.15151516
2022,10,00-0033553,J.Conner,RB,ARI,LA,0,0,0.0,0,0.0,0.0,0.0,21,69.0,2,3,3,17.0,0,20.6,23.6,,,73.0,233.0,27.512705882352943,5.0,Pittsburgh,2017.0,2017.0,PIT,105.0,,0.08571429
2022,11,00-0033553,J.Conner,RB,ARI,SF,0,0,0.0,0,0.0,0.0,0.0,14,42.0,1,5,2,12.0,0,11.4,13.4,,,73.0,233.0,27.512705882352943,5.0,Pittsburgh,2017.0,2017.0,PIT,105.0,-28.0,0.11904762
2022,12,00-0033553,J.Conner,RB,ARI,LAC,0,0,0.0,0,0.0,0.0,0.0,25,120.0,0,3,3,20.0,1,18.0,21.0,,,73.0,233.0,27.512705882352943,5.0,Pittsburgh,2017.0,2017.0,PIT,105.0,-1.0,0.11111111
2022,14,00-0033553,J.Conner,RB,ARI,NE,0,0,0.0,0,0.0,0.0,0.0,15,85.0,1,7,6,29.0,0,17.4,23.4,,,73.0,233.0,27.512705882352943,5.0,Pittsburgh,2017.0,2017.0,PIT,105.0,-14.0,0.17073171
2022,15,00-0033553,J.Conner,RB,ARI,DEN,0,0,0.0,0,0.0,0.0,0.0,16,63.0,1,5,3,28.0,0,15.1,18.1,,,73.0,233.0,27.512705882352943,5.0,Pittsburgh,2017.0,2017.0,PIT,105.0,,0.14285715
2022,16,00-0033553,J.Conner,RB,ARI,TB,0,0,0.0,0,0.0,0.0,0.0,15,79.0,1,8,7,41.0,0,18.0,25.0,,,73.0,233.0,27.512705882352943,5.0,Pittsburgh,2017.0,2017.0,PIT,105.0,-3.0,0.1904762
2022,17,00-0033553,J.Conner,RB,ARI,ATL,0,0,0.0,0,0.0,0.0,0.0,16,79.0,0,3,3,31.0,0,11.0,14.0,,,73.0,233.0,27.512705882352943,5.0,Pittsburgh,2017.0,2017.0,PIT,105.0,,0.078947365
2022,1,00-0033555,M.Hollins,WR,LV,LAC,0,0,0.0,0,0.0,0.0,0.0,0,0.0,0,1,1,16.0,0,1.6,2.6,,,76.0,221.0,29.151882352941175,5.0,North Carolina,2017.0,2017.0,PHI,118.0,,0.028571429
2022,2,00-0033555,M.Hollins,WR,LV,ARI,0,0,0.0,0,0.0,0.0,0.0,0,0.0,0,8,5,66.0,0,6.6,11.6,,,76.0,221.0,29.151882352941175,5.0,North Carolina,2017.0,2017.0,PHI,118.0,-6.0,0.20512821
2022,3,00-0033555,M.Hollins,WR,LV,TEN,1,1,4.0,0,0.0,0.0,-0.0,0,0.0,0,11,8,158.0,1,21.96,29.96,,,76.0,221.0,29.151882352941175,5.0,North Carolina,2017.0,2017.0,PHI,118.0,,0.2682927
2022,4,00-0033555,M.Hollins,WR,LV,DEN,0,0,0.0,0,0.0,0.0,0.0,0,0.0,0,5,3,33.0,0,3.3,6.3,,,76.0,221.0,29.151882352941175,5.0,North Carolina,2017.0,2017.0,PHI,118.0,9.0,0.16666667
2022,5,00-0033555,M.Hollins,WR,LV,KC,0,0,0.0,0,0.0,0.0,0.0,0,0.0,0,4,0,0.0,0,0.0,0.0,,,76.0,221.0,29.151882352941175,5.0,North Carolina,2017.0,2017.0,PHI,118.0,,0.14814815
2022,7,00-0033555,M.Hollins,WR,LV,HOU,0,0,0.0,0,0.0,0.0,0.0,0,0.0,0,3,2,44.0,1,10.4,12.4,,,76.0,221.0,29.151882352941175,5.0,North Carolina,2017.0,2017.0,PHI,118.0,18.0,0.115384616
2022,8,00-0033555,M.Hollins,WR,LV,NO,0,0,0.0,0,0.0,0.0,0.0,0,0.0,0,8,7,64.0,0,6.4,13.4,,,76.0,221.0,29.151882352941175,5.0,North Carolina,2017.0,2017.0,PHI,118.0,,0.20512821
2022,9,00-0033555,M.Hollins,WR,LV,JAX,0,0,0.0,0,0.0,0.0,0.0,0,0.0,0,4,2,17.0,0,1.7,3.7,,,76.0,221.0,29.151882352941175,5.0,North Carolina,2017.0,2017.0,PHI,118.0,,0.11111111
2022,10,00-0033555,M.Hollins,WR,LV,IND,0,0,0.0,0,0.0,0.0,0.0,1,0.0,0,6,2,18.0,0,1.8,3.8,,,76.0,221.0,29.151882352941175,5.0,North Carolina,2017.0,2017.0,PHI,118.0,-5.0,0.15789473
2022,11,00-0033555,M.Hollins,WR,LV,DEN,0,0,0.0,0,0.0,0.0,0.0,0,0.0,0,9,6,52.0,0,5.2,11.2,,,76.0,221.0,29.151882352941175,5.0,North Carolina,2017.0,2017.0,PHI,118.0,,0.24324325
2022,12,00-0033555,M.Hollins,WR,LV,SEA,0,0,0.0,0,0.0,0.0,0.0,0,0.0,0,5,4,63.0,1,12.3,16.3,,,76.0,221.0,29.151882352941175,5.0,North Carolina,2017.0,2017.0,PHI,118.0,,0.1388889
2022,13,00-0033555,M.Hollins,WR,LV,LAC,0,0,0.0,0,0.0,0.0,0.0,0,0.0,0,9,5,35.0,0,3.5,8.5,,,76.0,221.0,29.151882352941175,5.0,North Carolina,2017.0,2017.0,PHI,118.0,7.0,0.33333334
2022,14,00-0033555,M.Hollins,WR,LV,LA,0,0,0.0,0,0.0,0.0,0.0,3,40.0,0,4,2,22.0,0,6.2,8.2,,,76.0,221.0,29.151882352941175,5.0,North Carolina,2017.0,2017.0,PHI,118.0,,0.21052632
2022,15,00-0033555,M.Hollins,WR,LV,NE,0,0,0.0,0,0.0,0.0,0.0,0,0.0,0,8,4,40.0,1,10.0,14.0,,,76.0,221.0,29.151882352941175,5.0,North Carolina,2017.0,2017.0,PHI,118.0,6.0,0.25
2022,16,00-0033555,M.Hollins,WR,LV,PIT,0,0,0.0,0,0.0,0.0,0.0,0,0.0,0,2,1,7.0,0,0.7,1.7,,,76.0,221.0,29.151882352941175,5.0,North Carolina,2017.0,2017.0,PHI,118.0,,0.06666667
2022,17,00-0033555,M.Hollins,WR,LV,SF,0,0,0.0,0,0.0,0.0,0.0,0,0.0,0,4,3,40.0,0,4.0,7.0,,,76.0,221.0,29.151882352941175,5.0,North Carolina,2017.0,2017.0,PHI,118.0,-3.0,0.125
2022,18,00-0033555,M.Hollins,WR,LV,KC,0,0,0.0,0,0.0,0.0,0.0,0,0.0,0,3,2,15.0,0,1.5,3.5,,,76.0,221.0,29.151882352941175,5.0,North Carolina,2017.0,2017.0,PHI,118.0,-18.0,0.0882353
2022,1,00-0033572,J.Agnew,WR,JAX,WAS,0,0,0.0,0,0.0,0.0,0.0,1,6.0,0,1,1,6.0,0,1.2,2.2,,,70.0,190.0,27.62221052631579,5.0,San Diego,2017.0,2017.0,DET,165.0,,0.02631579
2022,2,00-0033572,J.Agnew,WR,JAX,IND,0,0,0.0,0,0.0,0.0,0.0,2,1.0,0,1,0,0.0,0,0.1,0.1,,,70.0,190.0,27.62221052631579,5.0,San Diego,2017.0,2017.0,DET,165.0,24.0,0.033333335
2022,3,00-0033572,J.Agnew,WR,JAX,LAC,0,0,0.0,0,0.0,0.0,0.0,0,0.0,0,1,1,17.0,0,1.7,2.7,,,70.0,190.0,27.62221052631579,5.0,San Diego,2017.0,2017.0,DET,165.0,,0.02631579
2022,4,00-0033572,J.Agnew,WR,JAX,PHI,0,0,0.0,0,0.0,0.0,0.0,0,0.0,0,6,4,50.0,2,17.0,21.0,,,70.0,190.0,27.62221052631579,5.0,San Diego,2017.0,2017.0,DET,165.0,,0.26086956
2022,5,00-0033572,J.Agnew,WR,JAX,HOU,0,0,0.0,0,0.0,0.0,0.0,1,3.0,0,1,0,0.0,0,0.3,0.3,,,70.0,190.0,27.62221052631579,5.0,San Diego,2017.0,2017.0,DET,165.0,-7.0,0.022727273
2022,6,00-0033572,J.Agnew,WR,JAX,IND,0,0,0.0,0,0.0,0.0,0.0,1,19.0,0,1,1,5.0,0,2.4,3.4,,,70.0,190.0,27.62221052631579,5.0,San Diego,2017.0,2017.0,DET,165.0,,0.045454547
2022,10,00-0033572,J.Agnew,WR,JAX,KC,0,0,0.0,0,0.0,0.0,0.0,0,0.0,0,4,3,4.0,0,0.4,3.4,,,70.0,190.0,27.62221052631579,5.0,San Diego,2017.0,2017.0,DET,165.0,,0.102564104
2022,12,00-0033572,J.Agnew,WR,JAX,BAL,0,0,0.0,0,0.0,0.0,0.0,0,0.0,0,5,5,37.0,1,9.7,14.7,,,70.0,190.0,27.62221052631579,5.0,San Diego,2017.0,2017.0,DET,165.0,1.0,0.13513513
2022,13,00-0033572,J.Agnew,WR,JAX,DET,0,0,0.0,0,0.0,0.0,0.0,1,3.0,0,1,0,0.0,0,2.3,2.3,,,70.0,190.0,27.62221052631579,5.0,San Diego,2017.0,2017.0,DET,165.0,,0.030303031
2022,14,00-0033572,J.Agnew,WR,JAX,TEN,0,0,0.0,0,0.0,0.0,0.0,1,8.0,0,3,3,36.0,0,4.4,7.4,,,70.0,190.0,27.62221052631579,5.0,San Diego,2017.0,2017.0,DET,165.0,,0.071428575
2022,15,00-0033572,J.Agnew,WR,JAX,DAL,0,0,0.0,0,0.0,0.0,0.0,3,52.0,0,3,2,12.0,0,6.4,8.4,,,70.0,190.0,27.62221052631579,5.0,San Diego,2017.0,2017.0,DET,165.0,6.0,0.07317073
2022,16,00-0033572,J.Agnew,WR,JAX,NYJ,0,0,0.0,0,0.0,0.0,0.0,0,0.0,0,1,1,8.0,0,0.8,1.8,,,70.0,190.0,27.62221052631579,5.0,San Diego,2017.0,2017.0,DET,165.0,,0.033333335
2022,17,00-0033572,J.Agnew,WR,JAX,HOU,0,0,0.0,0,0.0,0.0,0.0,2,-6.0,0,1,1,4.0,0,-0.2,0.8,,,70.0,190.0,27.62221052631579,5.0,San Diego,2017.0,2017.0,DET,165.0,,0.035714287
2022,18,00-0033572,J.Agnew,WR,JAX,TEN,0,0,0.0,0,0.0,0.0,0.0,0,0.0,0,1,1,8.0,0,0.8,1.8,,,70.0,190.0,27.62221052631579,5.0,San Diego,2017.0,2017.0,DET,165.0,4.0,0.03448276
2022,19,00-0033572,J.Agnew,WR,JAX,LAC,0,0,0.0,0,0.0,0.0,0.0,0,0.0,0,1,1,2.0,0,0.2,1.2,,,70.0,190.0,27.62221052631579,5.0,San Diego,2017.0,2017.0,DET,165.0,1.0,0.02173913
2022,20,00-0033572,J.Agnew,WR,JAX,KC,0,0,0.0,0,0.0,0.0,0.0,1,2.0,0,3,2,5.0,0,-1.3,0.7,,,70.0,190.0,27.62221052631579,5.0,San Diego,2017.0,2017.0,DET,165.0,,0.078947365
2022,1,00-0033576,E.Saubert,TE,DEN,SEA,0,0,0.0,0,0.0,0.0,0.0,0,0.0,0,1,0,0.0,0,0.0,0.0,,,77.0,253.0,28.50558823529412,5.0,Drake,2017.0,2017.0,ATL,174.0,,0.024390243
2022,2,00-0033576,E.Saubert,TE,DEN,HOU,0,0,0.0,0,0.0,0.0,0.0,0,0.0,0,2,1,22.0,1,8.2,9.2,,,77.0,253.0,28.50558823529412,5.0,Drake,2017.0,2017.0,ATL,174.0,7.0,0.071428575
2022,3,00-0033576,E.Saubert,TE,DEN,SF,0,0,0.0,0,0.0,0.0,0.0,0,0.0,0,1,0,0.0,0,0.0,0.0,,,77.0,253.0,28.50558823529412,5.0,Drake,2017.0,2017.0,ATL,174.0,1.0,0.03125
2022,4,00-0033576,E.Saubert,TE,DEN,LV,0,0,0.0,0,0.0,0.0,0.0,0,0.0,0,2,1,25.0,0,2.5,3.5,,,77.0,253.0,28.50558823529412,5.0,Drake,2017.0,2017.0,ATL,174.0,,0.08
2022,5,00-0033576,E.Saubert,TE,DEN,IND,0,0,0.0,0,0.0,0.0,0.0,0,0.0,0,7,5,36.0,0,3.6,8.6,,,77.0,253.0,28.50558823529412,5.0,Drake,2017.0,2017.0,ATL,174.0,-3.0,0.18421052
2022,7,00-0033576,E.Saubert,TE,DEN,NYJ,0,0,0.0,0,0.0,0.0,0.0,0,0.0,0,1,0,0.0,0,0.0,0.0,,,77.0,253.0,28.50558823529412,5.0,Drake,2017.0,2017.0,ATL,174.0,-7.0,0.022222223
2022,10,00-0033576,E.Saubert,TE,DEN,TEN,0,0,0.0,0,0.0,0.0,0.0,0,0.0,0,1,1,12.0,0,1.2,2.2,,,77.0,253.0,28.50558823529412,5.0,Drake,2017.0,2017.0,ATL,174.0,,0.025641026
2022,11,00-0033576,E.Saubert,TE,DEN,LV,0,0,0.0,0,0.0,0.0,0.0,0,0.0,0,2,2,16.0,0,1.6,3.6,,,77.0,253.0,28.50558823529412,5.0,Drake,2017.0,2017.0,ATL,174.0,-6.0,0.071428575
2022,14,00-0033576,E.Saubert,TE,DEN,KC,0,0,0.0,0,0.0,0.0,0.0,0,0.0,0,2,1,2.0,0,0.2,1.2,,,77.0,253.0,28.50558823529412,5.0,Drake,2017.0,2017.0,ATL,174.0,-6.0,0.046511628
2022,15,00-0033576,E.Saubert,TE,DEN,ARI,0,0,0.0,0,0.0,0.0,0.0,0,0.0,0,2,1,5.0,0,0.5,1.5,,,77.0,253.0,28.50558823529412,5.0,Drake,2017.0,2017.0,ATL,174.0,9.0,0.07692308
2022,17,00-0033576,E.Saubert,TE,DEN,KC,0,0,0.0,0,0.0,0.0,0.0,0,0.0,0,3,3,30.0,0,3.0,6.0,,,77.0,253.0,28.50558823529412,5.0,Drake,2017.0,2017.0,ATL,174.0,,0.083333336
2022,1,00-0033591,N.Brown,WR,DAL,TB,0,0,0.0,0,0.0,0.0,0.0,0,0.0,0,9,5,68.0,0,6.8,11.8,,,74.0,225.0,26.86321052631579,5.0,Ohio State,2017.0,2017.0,DAL,239.0,-16.0,0.2195122
2022,2,00-0033591,N.Brown,WR,DAL,CIN,0,0,0.0,0,0.0,0.0,0.0,0,0.0,0,5,5,91.0,1,15.1,20.1,,,74.0,225.0,26.86321052631579,5.0,Ohio State,2017.0,2017.0,DAL,239.0,3.0,0.16666667
2022,3,00-0033591,N.Brown,WR,DAL,NYG,0,0,0.0,0,0.0,0.0,0.0,0,0.0,0,7,5,54.0,0,5.4,10.4,,,74.0,225.0,26.86321052631579,5.0,Ohio State,2017.0,2017.0,DAL,239.0,,0.23333333
2022,4,00-0033591,N.Brown,WR,DAL,WAS,0,0,0.0,0,0.0,0.0,0.0,0,0.0,0,6,3,61.0,0,6.1,9.1,,,74.0,225.0,26.86321052631579,5.0,Ohio State,2017.0,2017.0,DAL,239.0,15.0,0.23076923
2022,5,00-0033591,N.Brown,WR,DAL,LA,0,0,0.0,0,0.0,0.0,0.0,0,0.0,0,2,1,5.0,0,0.5,1.5,,,74.0,225.0,26.86321052631579,5.0,Ohio State,2017.0,2017.0,DAL,239.0,,0.125
2022,6,00-0033591,N.Brown,WR,DAL,PHI,0,0,0.0,0,0.0,0.0,0.0,0,0.0,0,3,1,10.0,0,1.0,2.0,,,74.0,225.0,26.86321052631579,5.0,Ohio State,2017.0,2017.0,DAL,239.0,,0.08108108
2022,7,00-0033591,N.Brown,WR,DAL,DET,0,0,0.0,0,0.0,0.0,0.0,0,0.0,0,7,5,50.0,0,3.0,8.0,,,74.0,225.0,26.86321052631579,5.0,Ohio State,2017.0,2017.0,DAL,239.0,18.0,0.28
2022,10,00-0033591,N.Brown,WR,DAL,GB,0,0,0.0,0,0.0,0.0,0.0,0,0.0,0,4,1,3.0,0,0.3,1.3,,,74.0,225.0,26.86321052631579,5.0,Ohio State,2017.0,2017.0,DAL,239.0,,0.09090909
2022,11,00-0033591,N.Brown,WR,DAL,MIN,0,0,0.0,0,0.0,0.0,0.0,0,0.0,0,2,2,42.0,0,4.2,6.2,,,74.0,225.0,26.86321052631579,5.0,Ohio State,2017.0,2017.0,DAL,239.0,,0.06666667
2022,13,00-0033591,N.Brown,WR,DAL,IND,0,0,0.0,0,0.0,0.0,0.0,0,0.0,0,2,2,15.0,0,1.5,3.5,,,74.0,225.0,26.86321052631579,5.0,Ohio State,2017.0,2017.0,DAL,239.0,35.0,0.06666667
2022,14,00-0033591,N.Brown,WR,DAL,HOU,0,0,0.0,0,0.0,0.0,0.0,0,0.0,0,6,4,85.0,0,8.5,12.5,,,74.0,225.0,26.86321052631579,5.0,Ohio State,2017.0,2017.0,DAL,239.0,4.0,0.15384616
2022,15,00-0033591,N.Brown,WR,DAL,JAX,0,0,0.0,0,0.0,0.0,0.0,0,0.0,0,9,6,49.0,2,16.9,22.9,,,74.0,225.0,26.86321052631579,5.0,Ohio State,2017.0,2017.0,DAL,239.0,,0.3
2022,16,00-0033591,N.Brown,WR,DAL,PHI,0,0,0.0,0,0.0,0.0,0.0,0,0.0,0,2,1,5.0,0,0.5,1.5,,,74.0,225.0,26.86321052631579,5.0,Ohio State,2017.0,2017.0,DAL,239.0,6.0,0.057142857
2022,17,00-0033591,N.Brown,WR,DAL,TEN,0,0,0.0,0,0.0,0.0,0.0,0,0.0,0,4,1,7.0,0,0.7,1.7,,,74.0,225.0,26.86321052631579,5.0,Ohio State,2017.0,2017.0,DAL,239.0,,0.09756097
2022,18,00-0033591,N.Brown,WR,DAL,WAS,0,0,0.0,0,0.0,0.0,0.0,0,0.0,0,6,1,10.0,0,1.0,2.0,,,74.0,225.0,26.86321052631579,5.0,Ohio State,2017.0,2017.0,DAL,239.0,,0.16666667
2022,19,00-0033591,N.Brown,WR,DAL,TB,0,0,0.0,0,0.0,0.0,0.0,0,0.0,0,2,2,18.0,0,1.8,3.8,,,74.0,225.0,26.86321052631579,5.0,Ohio State,2017.0,2017.0,DAL,239.0,,0.0625
2022,20,00-0033591,N.Brown,WR,DAL,SF,0,0,0.0,0,0.0,0.0,0.0,0,0.0,0,2,2,21.0,0,2.1,4.1,,,74.0,225.0,26.86321052631579,5.0,Ohio State,2017.0,2017.0,DAL,239.0,,0.054054055
2022,5,00-0033633,T.Gentry,WR,BUF,PIT,0,0,0.0,0,0.0,0.0,0.0,0,0.0,0,1,0,0.0,0,0.0,0.0,,,74.0,193.0,27.908944444444444,5.0,Wyoming,2017.0,2017.0,,,35.0,0.027777778
2022,1,00-0033662,C.Rush,QB,DAL,TB,7,13,64.0,0,0.0,2.0,12.0,0,0.0,0,0,0,0.0,0,2.56,2.56,,,75.0,225.0,28.98784210526316,5.0,Central Michigan,2017.0,2017.0,,,-16.0,
2022,2,00-0033662,C.Rush,QB,DAL,CIN,19,31,235.0,1,0.0,1.0,5.0,1,2.0,0,0,0,0.0,0,13.6,13.6,,,75.0,225.0,28.98784210526316,5.0,Central Michigan,2017.0,2017.0,,,3.0,
2022,3,00-0033662,C.Rush,QB,DAL,NYG,21,31,215.0,1,0.0,0.0,-0.0,2,-2.0,0,0,0,0.0,0,12.4,12.4,,,75.0,225.0,28.98784210526316,5.0,Central Michigan,2017.0,2017.0,,,,
2022,4,00-0033662,C.Rush,QB,DAL,WAS,15,27,223.0,2,0.0,1.0,6.0,2,7.0,0,0,0,0.0,0,17.62,17.62,,,75.0,225.0,28.98784210526316,5.0,Central Michigan,2017.0,2017.0,,,15.0,
2022,5,00-0033662,C.Rush,QB,DAL,LA,10,16,102.0,0,0.0,3.0,26.0,4,-1.0,0,0,0,0.0,0,3.98,3.98,,,75.0,225.0,28.98784210526316,5.0,Central Michigan,2017.0,2017.0,,,,
2022,6,00-0033662,C.Rush,QB,DAL,PHI,18,38,181.0,1,3.0,0.0,-0.0,0,0.0,0,0,0,0.0,0,5.24,5.24,,,75.0,225.0,28.98784210526316,5.0,Central Michigan,2017.0,2017.0,,,,
2022,11,00-0033662,C.Rush,QB,DAL,MIN,4,5,31.0,0,0.0,0.0,-0.0,0,0.0,0,0,0,0.0,0,1.24,1.24,,,75.0,225.0,28.98784210526316,5.0,Central Michigan,2017.0,2017.0,,,,
2022,18,00-0033662,C.Rush,QB,DAL,WAS,0,1,0.0,0,0.0,0.0,-0.0,0,0.0,0,0,0,0.0,0,0.0,0.0,,,75.0,225.0,28.98784210526316,5.0,Central Michigan,2017.0,2017.0,,,,
2022,3,00-0033681,K.Cole,WR,LV,TEN,0,0,0.0,0,0.0,0.0,0.0,0,0.0,0,4,1,12.0,0,1.2,2.2,,,73.0,194.0,29.559823529411766,5.0,Kentucky Wesleyan,2017.0,2017.0,,,,0.09756097
2022,8,00-0033681,K.Cole,WR,LV,NO,0,0,0.0,0,0.0,0.0,0.0,0,0.0,0,5,2,30.0,0,3.0,5.0,,,73.0,194.0,29.559823529411766,5.0,Kentucky Wesleyan,2017.0,2017.0,,,,0.12820514
2022,10,00-0033681,K.Cole,WR,LV,IND,0,0,0.0,0,0.0,0.0,0.0,0,0.0,0,2,0,0.0,0,0.0,0.0,,,73.0,194.0,29.559823529411766,5.0,Kentucky Wesleyan,2017.0,2017.0,,,-5.0,0.05263158
2022,11,00-0033681,K.Cole,WR,LV,DEN,0,0,0.0,0,0.0,0.0,0.0,0,0.0,0,2,1,21.0,0,2.1,3.1,,,73.0,194.0,29.559823529411766,5.0,Kentucky Wesleyan,2017.0,2017.0,,,,0.054054055
2022,12,00-0033681,K.Cole,WR,LV,SEA,0,0,0.0,0,0.0,0.0,0.0,0,0.0,0,2,2,12.0,0,1.2,3.2,,,73.0,194.0,29.559823529411766,5.0,Kentucky Wesleyan,2017.0,2017.0,,,,0.055555556
2022,14,00-0033681,K.Cole,WR,LV,LA,0,0,0.0,0,0.0,0.0,0.0,0,0.0,0,1,1,11.0,0,1.1,2.1,,,73.0,194.0,29.559823529411766,5.0,Kentucky Wesleyan,2017.0,2017.0,,,,0.05263158
2022,15,00-0033681,K.Cole,WR,LV,NE,0,0,0.0,0,0.0,0.0,0.0,0,0.0,0,2,2,50.0,1,11.0,13.0,,,73.0,194.0,29.559823529411766,5.0,Kentucky Wesleyan,2017.0,2017.0,,,6.0,0.0625
2022,16,00-0033681,K.Cole,WR,LV,PIT,0,0,0.0,0,0.0,0.0,0.0,0,0.0,0,1,0,0.0,0,0.0,0.0,,,73.0,194.0,29.559823529411766,5.0,Kentucky Wesleyan,2017.0,2017.0,,,,0.033333335
2022,18,00-0033681,K.Cole,WR,LV,KC,0,0,0.0,0,0.0,0.0,0.0,0,0.0,0,2,1,5.0,0,0.5,1.5,,,73.0,194.0,29.559823529411766,5.0,Kentucky Wesleyan,2017.0,2017.0,,,-18.0,0.05882353
2022,1,00-0033699,A.Ekeler,RB,LAC,LV,0,0,0.0,0,0.0,0.0,0.0,14,36.0,0,4,4,36.0,0,7.2,11.2,,,70.0,200.0,27.495333333333335,5.0,"Western State, Colo.",2017.0,2017.0,,,5.0,0.11764706
2022,2,00-0033699,A.Ekeler,RB,LAC,KC,0,0,0.0,0,0.0,0.0,0.0,14,39.0,0,10,9,55.0,0,9.4,18.4,,,70.0,200.0,27.495333333333335,5.0,"Western State, Colo.",2017.0,2017.0,,,,0.2173913
2022,3,00-0033699,A.Ekeler,RB,LAC,JAX,0,0,0.0,0,0.0,0.0,0.0,4,5.0,0,8,8,48.0,0,5.3,13.3,,,70.0,200.0,27.495333333333335,5.0,"Western State, Colo.",2017.0,2017.0,,,-28.0,0.19512194
2022,4,00-0033699,A.Ekeler,RB,LAC,HOU,0,0,0.0,0,0.0,0.0,0.0,13,60.0,2,7,6,49.0,1,28.9,34.9,,,70.0,200.0,27.495333333333335,5.0,"Western State, Colo.",2017.0,2017.0,,,,0.1891892
2022,5,00-0033699,A.Ekeler,RB,LAC,CLE,0,0,0.0,0,0.0,0.0,0.0,16,173.0,1,4,4,26.0,1,31.9,35.9,,,70.0,200.0,27.495333333333335,5.0,"Western State, Colo.",2017.0,2017.0,,,,0.121212125
2022,6,00-0033699,A.Ekeler,RB,LAC,DEN,0,0,0.0,0,0.0,0.0,0.0,14,36.0,1,16,10,47.0,0,14.3,24.3,,,70.0,200.0,27.495333333333335,5.0,"Western State, Colo.",2017.0,2017.0,,,3.0,0.29090908
2022,7,00-0033699,A.Ekeler,RB,LAC,SEA,0,0,0.0,0,0.0,0.0,0.0,9,31.0,1,12,12,96.0,1,24.7,36.7,,,70.0,200.0,27.495333333333335,5.0,"Western State, Colo.",2017.0,2017.0,,,-14.0,0.23529412
2022,9,00-0033699,A.Ekeler,RB,LAC,ATL,0,0,0.0,0,0.0,0.0,0.0,14,47.0,1,8,7,24.0,1,17.1,24.1,,,70.0,200.0,27.495333333333335,5.0,"Western State, Colo.",2017.0,2017.0,,,,0.18604651
2022,10,00-0033699,A.Ekeler,RB,LAC,SF,0,0,0.0,0,0.0,0.0,0.0,6,24.0,0,12,7,39.0,0,6.3,13.3,,,70.0,200.0,27.495333333333335,5.0,"Western State, Colo.",2017.0,2017.0,,,,0.34285715
2022,11,00-0033699,A.Ekeler,RB,LAC,KC,0,0,0.0,0,0.0,0.0,0.0,19,83.0,1,2,2,17.0,0,16.0,18.0,,,70.0,200.0,27.495333333333335,5.0,"Western State, Colo.",2017.0,2017.0,,,-3.0,0.06896552
2022,12,00-0033699,A.Ekeler,RB,LAC,ARI,0,0,0.0,0,0.0,0.0,0.0,5,20.0,0,15,11,60.0,1,14.0,25.0,,,70.0,200.0,27.495333333333335,5.0,"Western State, Colo.",2017.0,2017.0,,,,0.31914893
2022,13,00-0033699,A.Ekeler,RB,LAC,LV,0,0,0.0,0,0.0,0.0,0.0,10,35.0,0,6,5,67.0,0,8.2,13.2,,,70.0,200.0,27.495333333333335,5.0,"Western State, Colo.",2017.0,2017.0,,,,0.13333334
2022,14,00-0033699,A.Ekeler,RB,LAC,MIA,0,0,0.0,0,0.0,0.0,0.0,15,45.0,1,8,8,59.0,0,16.4,24.4,,,70.0,200.0,27.495333333333335,5.0,"Western State, Colo.",2017.0,2017.0,,,6.0,0.16666667
2022,15,00-0033699,A.Ekeler,RB,LAC,TEN,0,0,0.0,0,0.0,0.0,0.0,12,58.0,1,3,2,12.0,0,13.0,15.0,,,70.0,200.0,27.495333333333335,5.0,"Western State, Colo.",2017.0,2017.0,,,3.0,0.078947365
2022,16,00-0033699,A.Ekeler,RB,LAC,IND,0,0,0.0,0,0.0,0.0,0.0,18,67.0,2,4,4,12.0,0,19.9,23.9,,,70.0,200.0,27.495333333333335,5.0,"Western State, Colo.",2017.0,2017.0,,,,0.13333334
2022,17,00-0033699,A.Ekeler,RB,LAC,LA,0,0,0.0,0,0.0,0.0,0.0,10,122.0,2,4,4,39.0,0,28.1,32.1,,,70.0,200.0,27.495333333333335,5.0,"Western State, Colo.",2017.0,2017.0,,,21.0,0.12903225
2022,18,00-0033699,A.Ekeler,RB,LAC,DEN,0,0,0.0,0,0.0,0.0,0.0,11,34.0,0,4,4,36.0,0,5.0,9.0,,,70.0,200.0,27.495333333333335,5.0,"Western State, Colo.",2017.0,2017.0,,,,0.09090909
2022,19,00-0033699,A.Ekeler,RB,LAC,JAX,0,0,0.0,0,0.0,0.0,0.0,13,35.0,2,4,2,8.0,0,16.3,18.3,,,70.0,200.0,27.495333333333335,5.0,"Western State, Colo.",2017.0,2017.0,,,,0.0952381
2022,12,00-0033725,C.Clement,RB,ARI,LAC,0,0,0.0,0,0.0,0.0,0.0,0,0.0,0,1,1,8.0,0,0.8,1.8,,,70.0,220.0,28.0665,5.0,Wisconsin,2017.0,2017.0,,,-1.0,0.037037037
2022,14,00-0033725,C.Clement,RB,ARI,NE,0,0,0.0,0,0.0,0.0,0.0,0,0.0,0,1,1,21.0,0,2.1,3.1,,,70.0,220.0,28.0665,5.0,Wisconsin,2017.0,2017.0,,,-14.0,0.024390243
2022,17,00-0033725,C.Clement,RB,ARI,ATL,0,0,0.0,0,0.0,0.0,0.0,7,32.0,0,1,0,0.0,0,3.2,3.2,,,70.0,220.0,28.0665,5.0,Wisconsin,2017.0,2017.0,,,,0.02631579
2022,18,00-0033725,C.Clement,RB,ARI,SF,0,0,0.0,0,0.0,0.0,0.0,8,23.0,1,4,3,25.0,0,10.8,13.8,,,70.0,220.0,28.0665,5.0,Wisconsin,2017.0,2017.0,,,,0.14814815
2022,1,00-0033757,R.Tonyan,TE,GB,MIN,0,0,0.0,0,0.0,0.0,0.0,0,0.0,0,5,3,36.0,0,3.6,6.6,,,77.0,237.0,28.524411764705885,5.0,Indiana State,2017.0,2017.0,,,,0.14285715
2022,2,00-0033757,R.Tonyan,TE,GB,CHI,0,0,0.0,0,0.0,0.0,0.0,0,0.0,0,2,2,11.0,0,1.1,3.1,,,77.0,237.0,28.524411764705885,5.0,Indiana State,2017.0,2017.0,,,17.0,0.08
2022,3,00-0033757,R.Tonyan,TE,GB,TB,0,0,0.0,0,0.0,0.0,0.0,0,0.0,0,7,6,37.0,0,3.7,9.7,,,77.0,237.0,28.524411764705885,5.0,Indiana State,2017.0,2017.0,,,,0.20588236
2022,4,00-0033757,R.Tonyan,TE,GB,NE,0,0,0.0,0,0.0,0.0,0.0,0,0.0,0,2,2,22.0,1,8.2,10.2,,,77.0,237.0,28.524411764705885,5.0,Indiana State,2017.0,2017.0,,,3.0,0.0625
2022,5,00-0033757,R.Tonyan,TE,GB,NYG,0,0,0.0,0,0.0,0.0,0.0,0,0.0,0,4,4,23.0,0,2.3,6.3,,,77.0,237.0,28.524411764705885,5.0,Indiana State,2017.0,2017.0,,,-5.0,0.102564104
2022,6,00-0033757,R.Tonyan,TE,GB,NYJ,0,0,0.0,0,0.0,0.0,0.0,0,0.0,0,12,10,90.0,0,9.0,19.0,,,77.0,237.0,28.524411764705885,5.0,Indiana State,2017.0,2017.0,,,-17.0,0.27272728
2022,7,00-0033757,R.Tonyan,TE,GB,WAS,0,0,0.0,0,0.0,0.0,0.0,0,0.0,0,4,3,32.0,0,3.2,6.2,,,77.0,237.0,28.524411764705885,5.0,Indiana State,2017.0,2017.0,,,,0.121212125
2022,8,00-0033757,R.Tonyan,TE,GB,BUF,0,0,0.0,0,0.0,0.0,0.0,0,0.0,0,6,5,35.0,0,3.5,8.5,,,77.0,237.0,28.524411764705885,5.0,Indiana State,2017.0,2017.0,,,,0.20689656
2022,9,00-0033757,R.Tonyan,TE,GB,DET,0,0,0.0,0,0.0,0.0,0.0,0,0.0,0,4,3,29.0,0,2.9,5.9,,,77.0,237.0,28.524411764705885,5.0,Indiana State,2017.0,2017.0,,,,0.1
2022,10,00-0033757,R.Tonyan,TE,GB,DAL,0,0,0.0,0,0.0,0.0,0.0,0,0.0,0,1,1,8.0,0,0.8,1.8,,,77.0,237.0,28.524411764705885,5.0,Indiana State,2017.0,2017.0,,,3.0,0.05263158
2022,11,00-0033757,R.Tonyan,TE,GB,TEN,0,0,0.0,0,0.0,0.0,0.0,0,0.0,0,4,2,19.0,0,1.9,3.9,,,77.0,237.0,28.524411764705885,5.0,Indiana State,2017.0,2017.0,,,-10.0,0.10810811
2022,12,00-0033757,R.Tonyan,TE,GB,PHI,0,0,0.0,0,0.0,0.0,0.0,0,0.0,0,3,3,20.0,0,2.0,5.0,,,77.0,237.0,28.524411764705885,5.0,Indiana State,2017.0,2017.0,,,,0.12
2022,13,00-0033757,R.Tonyan,TE,GB,CHI,0,0,0.0,0,0.0,0.0,0.0,0,0.0,0,2,1,10.0,0,1.0,2.0,,,77.0,237.0,28.524411764705885,5.0,Indiana State,2017.0,2017.0,,,,0.06666667
2022,15,00-0033757,R.Tonyan,TE,GB,LA,0,0,0.0,0,0.0,0.0,0.0,0,0.0,0,2,1,4.0,0,0.4,1.4,,,77.0,237.0,28.524411764705885,5.0,Indiana State,2017.0,2017.0,,,12.0,0.071428575
2022,16,00-0033757,R.Tonyan,TE,GB,MIA,0,0,0.0,0,0.0,0.0,0.0,0,0.0,0,2,1,13.0,0,1.3,2.3,,,77.0,237.0,28.524411764705885,5.0,Indiana State,2017.0,2017.0,,,,0.05263158
2022,17,00-0033757,R.Tonyan,TE,GB,MIN,0,0,0.0,0,0.0,0.0,0.0,0,0.0,0,4,3,52.0,1,11.2,14.2,,,77.0,237.0,28.524411764705885,5.0,Indiana State,2017.0,2017.0,,,24.0,0.15384616
2022,18,00-0033757,R.Tonyan,TE,GB,DET,0,0,0.0,0,0.0,0.0,0.0,0,0.0,0,3,3,29.0,0,2.9,5.9,,,77.0,237.0,28.524411764705885,5.0,Indiana State,2017.0,2017.0,,,-4.0,0.115384616
2022,4,00-0033798,M.Schreck,TE,HOU,LAC,0,0,0.0,0,0.0,0.0,0.0,0,0.0,0,1,1,0.0,0,0.0,1.0,,,77.0,252.0,29.01764705882353,5.0,Buffalo,2017.0,2017.0,CIN,251.0,-10.0,0.028571429
2022,5,00-0033798,M.Schreck,TE,HOU,JAX,0,0,0.0,0,0.0,0.0,0.0,0,0.0,0,1,1,6.0,0,0.6,1.6,,,77.0,252.0,29.01764705882353,5.0,Buffalo,2017.0,2017.0,CIN,251.0,,0.041666668
2022,7,00-0033854,D.Ogunbowale,RB,HOU,LV,0,0,0.0,0,0.0,0.0,0.0,1,8.0,0,7,5,54.0,0,6.2,11.2,,,71.0,205.0,28.522176470588235,5.0,Wisconsin,2017.0,2017.0,,,,0.175
2022,8,00-0033854,D.Ogunbowale,RB,HOU,TEN,0,0,0.0,0,0.0,0.0,0.0,0,0.0,0,1,1,0.0,0,0.0,1.0,,,71.0,205.0,28.522176470588235,5.0,Wisconsin,2017.0,2017.0,,,-7.0,0.033333335
2022,10,00-0033854,D.Ogunbowale,RB,HOU,NYG,0,0,0.0,0,0.0,0.0,0.0,0,0.0,0,1,1,13.0,0,1.3,2.3,,,71.0,205.0,28.522176470588235,5.0,Wisconsin,2017.0,2017.0,,,,0.027027028
2022,11,00-0033854,D.Ogunbowale,RB,HOU,WAS,0,0,0.0,0,0.0,0.0,0.0,0,0.0,0,1,1,5.0,0,0.5,1.5,,,71.0,205.0,28.522176470588235,5.0,Wisconsin,2017.0,2017.0,,,-13.0,0.03125
2022,12,00-0033854,D.Ogunbowale,RB,HOU,MIA,0,0,0.0,0,0.0,0.0,0.0,4,14.0,1,2,1,6.0,0,8.0,9.0,,,71.0,205.0,28.522176470588235,5.0,Wisconsin,2017.0,2017.0,,,,0.05263158
2022,13,00-0033854,D.Ogunbowale,RB,HOU,CLE,0,0,0.0,0,0.0,0.0,0.0,2,8.0,0,3,2,13.0,0,2.1,4.1,,,71.0,205.0,28.522176470588235,5.0,Wisconsin,2017.0,2017.0,,,-13.0,0.08108108
2022,14,00-0033854,D.Ogunbowale,RB,HOU,DAL,0,0,0.0,0,0.0,0.0,0.0,1,-3.0,0,2,2,4.0,0,0.1,2.1,,,71.0,205.0,28.522176470588235,5.0,Wisconsin,2017.0,2017.0,,,,0.083333336
2022,15,00-0033854,D.Ogunbowale,RB,HOU,KC,0,0,0.0,0,0.0,0.0,0.0,8,14.0,0,0,0,0.0,0,1.4,1.4,,,71.0,205.0,28.522176470588235,5.0,Wisconsin,2017.0,2017.0,,,-6.0,
2022,16,00-0033854,D.Ogunbowale,RB,HOU,TEN,0,0,0.0,0,0.0,0.0,0.0,8,28.0,0,0,0,0.0,0,2.8,2.8,,,71.0,205.0,28.522176470588235,5.0,Wisconsin,2017.0,2017.0,,,,
2022,17,00-0033854,D.Ogunbowale,RB,HOU,JAX,0,0,0.0,0,0.0,0.0,0.0,7,21.0,0,3,2,4.0,0,2.5,4.5,,,71.0,205.0,28.522176470588235,5.0,Wisconsin,2017.0,2017.0,,,-28.0,0.071428575
2022,18,00-0033854,D.Ogunbowale,RB,HOU,IND,0,0,0.0,0,0.0,0.0,0.0,11,33.0,0,6,5,5.0,0,3.8,8.8,,,71.0,205.0,28.522176470588235,5.0,Wisconsin,2017.0,2017.0,,,,0.15789473
2022,1,00-0033856,L.Fournette,RB,TB,DAL,0,0,0.0,0,0.0,0.0,0.0,21,127.0,0,2,2,10.0,0,13.7,15.7,,,72.0,228.0,27.81811111111111,5.0,Louisiana State,2017.0,2017.0,JAX,4.0,,0.074074075
2022,2,00-0033856,L.Fournette,RB,TB,NO,0,0,0.0,0,0.0,0.0,0.0,24,65.0,0,4,2,9.0,0,7.4,9.4,,,72.0,228.0,27.81811111111111,5.0,Louisiana State,2017.0,2017.0,JAX,4.0,,0.121212125
2022,3,00-0033856,L.Fournette,RB,TB,GB,0,0,0.0,0,0.0,0.0,0.0,12,35.0,0,6,5,35.0,0,7.0,12.0,,,72.0,228.0,27.81811111111111,5.0,Louisiana State,2017.0,2017.0,JAX,4.0,-2.0,0.15
2022,4,00-0033856,L.Fournette,RB,TB,KC,0,0,0.0,0,0.0,0.0,0.0,3,-3.0,0,7,7,57.0,1,11.4,18.4,,,72.0,228.0,27.81811111111111,5.0,Louisiana State,2017.0,2017.0,JAX,4.0,-10.0,0.13461539
2022,5,00-0033856,L.Fournette,RB,TB,ATL,0,0,0.0,0,0.0,0.0,0.0,14,56.0,1,11,10,83.0,1,25.9,35.9,,,72.0,228.0,27.81811111111111,5.0,Louisiana State,2017.0,2017.0,JAX,4.0,6.0,0.22
2022,6,00-0033856,L.Fournette,RB,TB,PIT,0,0,0.0,0,0.0,0.0,0.0,21,63.0,0,6,6,38.0,1,16.1,22.1,,,72.0,228.0,27.81811111111111,5.0,Louisiana State,2017.0,2017.0,JAX,4.0,,0.16216215
2022,7,00-0033856,L.Fournette,RB,TB,CAR,0,0,0.0,0,0.0,0.0,0.0,8,19.0,0,3,2,7.0,0,2.6,4.6,,,72.0,228.0,27.81811111111111,5.0,Louisiana State,2017.0,2017.0,JAX,4.0,,0.0625
2022,8,00-0033856,L.Fournette,RB,TB,BAL,0,0,0.0,0,0.0,0.0,0.0,9,24.0,1,3,3,34.0,0,11.8,14.8,,,72.0,228.0,27.81811111111111,5.0,Louisiana State,2017.0,2017.0,JAX,4.0,-5.0,0.071428575
2022,9,00-0033856,L.Fournette,RB,TB,LA,0,0,0.0,0,0.0,0.0,0.0,9,19.0,0,7,5,41.0,0,6.0,11.0,,,72.0,228.0,27.81811111111111,5.0,Louisiana State,2017.0,2017.0,JAX,4.0,3.0,0.12727273
2022,10,00-0033856,L.Fournette,RB,TB,SEA,0,1,0.0,0,1.0,0.0,-0.0,14,57.0,1,1,1,1.0,0,9.8,10.8,,,72.0,228.0,27.81811111111111,5.0,Louisiana State,2017.0,2017.0,JAX,4.0,5.0,0.03448276
2022,13,00-0033856,L.Fournette,RB,TB,NO,0,0,0.0,0,0.0,0.0,0.0,10,49.0,0,7,6,32.0,0,8.1,14.1,,,72.0,228.0,27.81811111111111,5.0,Louisiana State,2017.0,2017.0,JAX,4.0,1.0,0.13207547
2022,14,00-0033856,L.Fournette,RB,TB,SF,0,0,0.0,0,0.0,0.0,0.0,4,13.0,0,7,6,33.0,0,4.6,10.6,,,72.0,228.0,27.81811111111111,5.0,Louisiana State,2017.0,2017.0,JAX,4.0,,0.13725491
2022,15,00-0033856,L.Fournette,RB,TB,CIN,0,0,0.0,0,0.0,0.0,0.0,10,44.0,0,4,4,30.0,0,7.4,11.4,,,72.0,228.0,27.81811111111111,5.0,Louisiana State,2017.0,2017.0,JAX,4.0,-11.0,0.0952381
2022,16,00-0033856,L.Fournette,RB,TB,ARI,0,0,0.0,0,0.0,0.0,0.0,20,72.0,0,10,9,90.0,0,16.2,25.2,,,72.0,228.0,27.81811111111111,5.0,Louisiana State,2017.0,2017.0,JAX,4.0,,0.20833333
2022,17,00-0033856,L.Fournette,RB,TB,CAR,0,0,0.0,0,0.0,0.0,0.0,10,28.0,0,4,4,19.0,0,4.7,8.7,,,72.0,228.0,27.81811111111111,5.0,Louisiana State,2017.0,2017.0,JAX,4.0,6.0,0.0952381
2022,18,00-0033856,L.Fournette,RB,TB,ATL,0,0,0.0,0,0.0,0.0,0.0,0,0.0,0,1,1,4.0,0,0.4,1.4,,,72.0,228.0,27.81811111111111,5.0,Louisiana State,2017.0,2017.0,JAX,4.0,,0.030303031
2022,19,00-0033856,L.Fournette,RB,TB,DAL,0,0,0.0,0,0.0,0.0,0.0,5,11.0,0,1,1,6.0,0,1.7,2.7,,,72.0,228.0,27.81811111111111,5.0,Louisiana State,2017.0,2017.0,JAX,4.0,-17.0,0.016393442
2022,1,00-0033857,J.Smith-Schuster,WR,KC,ARI,0,0,0.0,0,0.0,0.0,0.0,0,0.0,0,8,6,79.0,0,5.9,11.9,,,73.0,215.0,25.999149999999997,5.0,Southern California,2017.0,2017.0,PIT,62.0,,0.20512821
2022,2,00-0033857,J.Smith-Schuster,WR,KC,LAC,0,0,0.0,0,0.0,0.0,0.0,0,0.0,0,3,3,10.0,0,1.0,4.0,,,73.0,215.0,25.999149999999997,5.0,Southern California,2017.0,2017.0,PIT,62.0,3.0,0.0882353
2022,3,00-0033857,J.Smith-Schuster,WR,KC,IND,0,0,0.0,0,0.0,0.0,0.0,0,0.0,0,8,5,89.0,0,8.9,13.9,,,73.0,215.0,25.999149999999997,5.0,Southern California,2017.0,2017.0,PIT,62.0,,0.24242425
2022,4,00-0033857,J.Smith-Schuster,WR,KC,TB,0,0,0.0,0,0.0,0.0,0.0,0,0.0,0,8,5,46.0,0,4.6,9.6,,,73.0,215.0,25.999149999999997,5.0,Southern California,2017.0,2017.0,PIT,62.0,,0.23529412
2022,5,00-0033857,J.Smith-Schuster,WR,KC,LV,0,0,0.0,0,0.0,0.0,0.0,0,0.0,0,8,3,33.0,0,3.3,6.3,,,73.0,215.0,25.999149999999997,5.0,Southern California,2017.0,2017.0,PIT,62.0,1.0,0.1904762
2022,6,00-0033857,J.Smith-Schuster,WR,KC,BUF,0,0,0.0,0,0.0,0.0,0.0,0,0.0,0,5,5,113.0,1,17.3,22.3,,,73.0,215.0,25.999149999999997,5.0,Southern California,2017.0,2017.0,PIT,62.0,-4.0,0.14285715
2022,7,00-0033857,J.Smith-Schuster,WR,KC,SF,0,0,0.0,0,0.0,0.0,0.0,0,0.0,0,8,7,124.0,1,18.4,25.4,,,73.0,215.0,25.999149999999997,5.0,Southern California,2017.0,2017.0,PIT,62.0,,0.23529412
2022,9,00-0033857,J.Smith-Schuster,WR,KC,TEN,0,0,0.0,0,0.0,0.0,0.0,0,0.0,0,12,10,88.0,0,8.8,18.8,,,73.0,215.0,25.999149999999997,5.0,Southern California,2017.0,2017.0,PIT,62.0,3.0,0.19354838
2022,10,00-0033857,J.Smith-Schuster,WR,KC,JAX,0,0,0.0,0,0.0,0.0,0.0,0,0.0,0,4,2,33.0,0,3.3,5.3,,,73.0,215.0,25.999149999999997,5.0,Southern California,2017.0,2017.0,PIT,62.0,10.0,0.114285715
2022,12,00-0033857,J.Smith-Schuster,WR,KC,LA,0,0,0.0,0,0.0,0.0,0.0,0,0.0,0,3,3,38.0,0,3.8,6.8,,,73.0,215.0,25.999149999999997,5.0,Southern California,2017.0,2017.0,PIT,62.0,16.0,0.08108108
2022,13,00-0033857,J.Smith-Schuster,WR,KC,CIN,0,0,0.0,0,0.0,0.0,0.0,0,0.0,0,4,3,35.0,0,3.5,6.5,,,73.0,215.0,25.999149999999997,5.0,Southern California,2017.0,2017.0,PIT,62.0,,0.17391305
2022,14,00-0033857,J.Smith-Schuster,WR,KC,DEN,0,0,0.0,0,0.0,0.0,0.0,0,0.0,0,11,9,74.0,1,13.4,22.4,,,73.0,215.0,25.999149999999997,5.0,Southern California,2017.0,2017.0,PIT,62.0,,0.26190478
2022,15,00-0033857,J.Smith-Schuster,WR,KC,HOU,0,0,0.0,0,0.0,0.0,0.0,0,0.0,0,10,10,88.0,0,6.8,16.8,,,73.0,215.0,25.999149999999997,5.0,Southern California,2017.0,2017.0,PIT,62.0,,0.24390244
2022,16,00-0033857,J.Smith-Schuster,WR,KC,SEA,0,0,0.0,0,0.0,0.0,0.0,0,0.0,0,4,3,27.0,0,2.7,5.7,,,73.0,215.0,25.999149999999997,5.0,Southern California,2017.0,2017.0,PIT,62.0,14.0,0.14814815
2022,17,00-0033857,J.Smith-Schuster,WR,KC,DEN,0,0,0.0,0,0.0,0.0,0.0,0,0.0,0,3,2,21.0,0,2.1,4.1,,,73.0,215.0,25.999149999999997,5.0,Southern California,2017.0,2017.0,PIT,62.0,3.0,0.07317073
2022,18,00-0033857,J.Smith-Schuster,WR,KC,LV,0,0,0.0,0,0.0,0.0,0.0,0,0.0,0,2,2,35.0,0,3.5,5.5,,,73.0,215.0,25.999149999999997,5.0,Southern California,2017.0,2017.0,PIT,62.0,,0.083333336
2022,20,00-0033857,J.Smith-Schuster,WR,KC,JAX,0,0,0.0,0,0.0,0.0,0.0,0,0.0,0,2,2,29.0,0,2.9,4.9,,,73.0,215.0,25.999149999999997,5.0,Southern California,2017.0,2017.0,PIT,62.0,7.0,0.057142857
2022,21,00-0033857,J.Smith-Schuster,WR,KC,CIN,0,0,0.0,0,0.0,0.0,0.0,0,0.0,0,1,1,7.0,0,0.7,1.7,,,73.0,215.0,25.999149999999997,5.0,Southern California,2017.0,2017.0,PIT,62.0,3.0,0.024390243
2022,22,00-0033857,J.Smith-Schuster,WR,KC,PHI,0,0,0.0,0,0.0,0.0,0.0,0,0.0,0,9,7,53.0,0,5.3,12.3,,,73.0,215.0,25.999149999999997,5.0,Southern California,2017.0,2017.0,PIT,62.0,,0.36
2022,1,00-0033858,J.Smith,TE,NE,MIA,0,0,0.0,0,0.0,0.0,0.0,0,0.0,0,4,3,33.0,0,3.3,6.3,,,75.0,248.0,27.216941176470588,5.0,Florida International,2017.0,2017.0,TEN,100.0,,0.13333334
2022,2,00-0033858,J.Smith,TE,NE,PIT,0,0,0.0,0,0.0,0.0,0.0,0,0.0,0,3,0,0.0,0,0.0,0.0,,,75.0,248.0,27.216941176470588,5.0,Florida International,2017.0,2017.0,TEN,100.0,,0.0882353
2022,3,00-0033858,J.Smith,TE,NE,BAL,0,0,0.0,0,0.0,0.0,0.0,0,0.0,0,4,4,25.0,0,2.5,6.5,,,75.0,248.0,27.216941176470588,5.0,Florida International,2017.0,2017.0,TEN,100.0,-11.0,0.125
2022,6,00-0033858,J.Smith,TE,NE,CLE,0,0,0.0,0,0.0,0.0,0.0,0,0.0,0,2,2,61.0,0,6.1,8.1,,,75.0,248.0,27.216941176470588,5.0,Florida International,2017.0,2017.0,TEN,100.0,,0.06451613
2022,7,00-0033858,J.Smith,TE,NE,CHI,0,0,0.0,0,0.0,0.0,0.0,0,0.0,0,3,1,4.0,0,0.4,1.4,,,75.0,248.0,27.216941176470588,5.0,Florida International,2017.0,2017.0,TEN,100.0,-19.0,0.10714286
2022,8,00-0033858,J.Smith,TE,NE,NYJ,0,0,0.0,0,0.0,0.0,0.0,0,0.0,0,4,3,10.0,0,1.0,4.0,,,75.0,248.0,27.216941176470588,5.0,Florida International,2017.0,2017.0,TEN,100.0,,0.125
2022,9,00-0033858,J.Smith,TE,NE,IND,0,0,0.0,0,0.0,0.0,0.0,0,0.0,0,3,3,21.0,0,2.1,5.1,,,75.0,248.0,27.216941176470588,5.0,Florida International,2017.0,2017.0,TEN,100.0,23.0,0.10344828
2022,11,00-0033858,J.Smith,TE,NE,NYJ,0,0,0.0,0,0.0,0.0,0.0,1,5.0,0,4,4,40.0,0,4.5,8.5,,,75.0,248.0,27.216941176470588,5.0,Florida International,2017.0,2017.0,TEN,100.0,7.0,0.14814815
2022,13,00-0033858,J.Smith,TE,NE,BUF,0,0,0.0,0,0.0,0.0,0.0,0,0.0,0,2,2,6.0,0,0.6,2.6,,,75.0,248.0,27.216941176470588,5.0,Florida International,2017.0,2017.0,TEN,100.0,-14.0,0.05882353
2022,14,00-0033858,J.Smith,TE,NE,ARI,0,0,0.0,0,0.0,0.0,0.0,0,0.0,0,2,0,0.0,0,0.0,0.0,,,75.0,248.0,27.216941176470588,5.0,Florida International,2017.0,2017.0,TEN,100.0,,0.060606062
2022,15,00-0033858,J.Smith,TE,NE,LV,0,0,0.0,0,0.0,0.0,0.0,0,0.0,0,3,2,24.0,0,2.4,4.4,,,75.0,248.0,27.216941176470588,5.0,Florida International,2017.0,2017.0,TEN,100.0,,0.1
2022,16,00-0033858,J.Smith,TE,NE,CIN,0,0,0.0,0,0.0,0.0,0.0,0,0.0,0,4,3,21.0,0,2.1,5.1,,,75.0,248.0,27.216941176470588,5.0,Florida International,2017.0,2017.0,TEN,100.0,-4.0,0.12903225
2022,1,00-0033869,M.Trubisky,QB,PIT,CIN,21,38,194.0,1,0.0,1.0,2.0,3,9.0,0,0,0,0.0,0,12.66,12.66,,,74.0,215.0,28.223176470588236,5.0,North Carolina,2017.0,2017.0,CHI,2.0,,
2022,2,00-0033869,M.Trubisky,QB,PIT,NE,21,33,168.0,1,1.0,3.0,16.0,1,7.0,0,0,0,0.0,0,11.42,11.42,,,74.0,215.0,28.223176470588236,5.0,North Carolina,2017.0,2017.0,CHI,2.0,-3.0,
2022,3,00-0033869,M.Trubisky,QB,PIT,CLE,20,32,207.0,0,0.0,1.0,3.0,2,7.0,1,0,0,0.0,0,14.98,14.98,,,74.0,215.0,28.223176470588236,5.0,North Carolina,2017.0,2017.0,CHI,2.0,,
2022,4,00-0033869,M.Trubisky,QB,PIT,NYJ,7,13,84.0,0,1.0,3.0,26.0,1,1.0,0,0,0,0.0,0,1.46,1.46,,,74.0,215.0,28.223176470588236,5.0,North Carolina,2017.0,2017.0,CHI,2.0,-4.0,
2022,6,00-0033869,M.Trubisky,QB,PIT,TB,9,12,144.0,1,0.0,1.0,6.0,6,5.0,0,0,0,0.0,0,10.26,10.26,,,74.0,215.0,28.223176470588236,5.0,North Carolina,2017.0,2017.0,CHI,2.0,2.0,
2022,14,00-0033869,M.Trubisky,QB,PIT,BAL,22,30,276.0,1,3.0,1.0,5.0,0,0.0,0,0,0,0.0,0,9.04,9.04,,,74.0,215.0,28.223176470588236,5.0,North Carolina,2017.0,2017.0,CHI,2.0,-2.0,
2022,15,00-0033869,M.Trubisky,QB,PIT,CAR,17,22,179.0,0,0.0,1.0,10.0,6,9.0,1,0,0,0.0,0,14.06,14.06,,,74.0,215.0,28.223176470588236,5.0,North Carolina,2017.0,2017.0,CHI,2.0,,
2022,1,00-0033871,C.Davis,WR,NYJ,BAL,0,0,0.0,0,0.0,0.0,0.0,0,0.0,0,10,6,77.0,0,7.7,13.7,,,75.0,209.0,27.827823529411763,5.0,Western Michigan,2017.0,2017.0,TEN,5.0,-15.0,0.1754386
2022,2,00-0033871,C.Davis,WR,NYJ,CLE,0,0,0.0,0,0.0,0.0,0.0,0,0.0,0,4,2,83.0,1,14.3,16.3,,,75.0,209.0,27.827823529411763,5.0,Western Michigan,2017.0,2017.0,TEN,5.0,,0.093023255
2022,3,00-0033871,C.Davis,WR,NYJ,CIN,0,0,0.0,0,0.0,0.0,0.0,0,0.0,0,5,2,27.0,0,2.7,4.7,,,75.0,209.0,27.827823529411763,5.0,Western Michigan,2017.0,2017.0,TEN,5.0,-15.0,0.104166664
2022,4,00-0033871,C.Davis,WR,NYJ,PIT,0,0,0.0,0,0.0,0.0,0.0,0,0.0,0,6,5,74.0,1,13.4,18.4,,,75.0,209.0,27.827823529411763,5.0,Western Michigan,2017.0,2017.0,TEN,5.0,,0.18181819
2022,5,00-0033871,C.Davis,WR,NYJ,MIA,0,0,0.0,0,0.0,0.0,0.0,0,0.0,0,4,2,38.0,0,3.8,5.8,,,75.0,209.0,27.827823529411763,5.0,Western Michigan,2017.0,2017.0,TEN,5.0,23.0,0.1904762
2022,6,00-0033871,C.Davis,WR,NYJ,GB,0,0,0.0,0,0.0,0.0,0.0,0,0.0,0,4,2,52.0,0,5.2,7.2,,,75.0,209.0,27.827823529411763,5.0,Western Michigan,2017.0,2017.0,TEN,5.0,,0.23529412
2022,7,00-0033871,C.Davis,WR,NYJ,DEN,0,0,0.0,0,0.0,0.0,0.0,0,0.0,0,1,0,0.0,0,0.0,0.0,,,75.0,209.0,27.827823529411763,5.0,Western Michigan,2017.0,2017.0,TEN,5.0,,0.04347826
2022,12,00-0033871,C.Davis,WR,NYJ,CHI,0,0,0.0,0,0.0,0.0,0.0,0,0.0,0,3,1,9.0,0,0.9,1.9,,,75.0,209.0,27.827823529411763,5.0,Western Michigan,2017.0,2017.0,TEN,5.0,21.0,0.10714286
2022,13,00-0033871,C.Davis,WR,NYJ,MIN,0,0,0.0,0,0.0,0.0,0.0,0,0.0,0,10,5,85.0,0,8.5,13.5,,,75.0,209.0,27.827823529411763,5.0,Western Michigan,2017.0,2017.0,TEN,5.0,,0.18181819
2022,14,00-0033871,C.Davis,WR,NYJ,BUF,0,0,0.0,0,0.0,0.0,0.0,0,0.0,0,1,1,15.0,0,1.5,2.5,,,75.0,209.0,27.827823529411763,5.0,Western Michigan,2017.0,2017.0,TEN,5.0,,0.022727273
2022,16,00-0033871,C.Davis,WR,NYJ,JAX,0,0,0.0,0,0.0,0.0,0.0,0,0.0,0,7,2,14.0,0,1.4,3.4,,,75.0,209.0,27.827823529411763,5.0,Western Michigan,2017.0,2017.0,TEN,5.0,-16.0,0.23333333
2022,17,00-0033871,C.Davis,WR,NYJ,SEA,0,0,0.0,0,0.0,0.0,0.0,0,0.0,0,6,3,45.0,0,4.5,7.5,,,75.0,209.0,27.827823529411763,5.0,Western Michigan,2017.0,2017.0,TEN,5.0,,0.13333334
2022,18,00-0033871,C.Davis,WR,NYJ,MIA,0,0,0.0,0,0.0,0.0,0.0,0,0.0,0,3,1,17.0,0,1.7,2.7,,,75.0,209.0,27.827823529411763,5.0,Western Michigan,2017.0,2017.0,TEN,5.0,,0.09375
2022,1,00-0033873,P.Mahomes,QB,KC,ARI,30,39,360.0,5,0.0,0.0,-0.0,3,5.0,0,0,0,0.0,0,34.9,34.9,,,74.0,230.0,27.182,5.0,Texas Tech,2017.0,2017.0,KC,10.0,,
2022,2,00-0033873,P.Mahomes,QB,KC,LAC,24,35,235.0,2,0.0,1.0,9.0,2,-1.0,0,0,0,0.0,0,17.3,17.3,,,74.0,230.0,27.182,5.0,Texas Tech,2017.0,2017.0,KC,10.0,3.0,
2022,3,00-0033873,P.Mahomes,QB,KC,IND,20,35,262.0,1,1.0,1.0,5.0,4,26.0,0,0,0,0.0,0,17.08,17.08,,,74.0,230.0,27.182,5.0,Texas Tech,2017.0,2017.0,KC,10.0,,
2022,4,00-0033873,P.Mahomes,QB,KC,TB,23,37,249.0,3,1.0,3.0,21.0,4,34.0,0,0,0,0.0,0,23.36,23.36,,,74.0,230.0,27.182,5.0,Texas Tech,2017.0,2017.0,KC,10.0,,
2022,5,00-0033873,P.Mahomes,QB,KC,LV,29,43,292.0,4,0.0,3.0,27.0,4,28.0,0,0,0,0.0,0,30.48,30.48,,,74.0,230.0,27.182,5.0,Texas Tech,2017.0,2017.0,KC,10.0,1.0,
2022,6,00-0033873,P.Mahomes,QB,KC,BUF,25,40,338.0,2,2.0,3.0,19.0,4,21.0,0,0,0,0.0,0,19.62,19.62,,,74.0,230.0,27.182,5.0,Texas Tech,2017.0,2017.0,KC,10.0,-4.0,
2022,7,00-0033873,P.Mahomes,QB,KC,SF,25,34,423.0,3,1.0,1.0,6.0,0,0.0,0,0,0,0.0,0,26.92,26.92,,,74.0,230.0,27.182,5.0,Texas Tech,2017.0,2017.0,KC,10.0,,
2022,9,00-0033873,P.Mahomes,QB,KC,TEN,43,68,446.0,1,1.0,4.0,24.0,6,63.0,1,0,0,0.0,0,34.14,34.14,,,74.0,230.0,27.182,5.0,Texas Tech,2017.0,2017.0,KC,10.0,3.0,
2022,10,00-0033873,P.Mahomes,QB,KC,JAX,26,35,331.0,4,1.0,0.0,-0.0,7,39.0,0,0,0,0.0,0,31.14,31.14,,,74.0,230.0,27.182,5.0,Texas Tech,2017.0,2017.0,KC,10.0,10.0,
2022,11,00-0033873,P.Mahomes,QB,KC,LAC,20,34,329.0,3,0.0,1.0,7.0,4,23.0,0,0,0,0.0,0,27.46,27.46,,,74.0,230.0,27.182,5.0,Texas Tech,2017.0,2017.0,KC,10.0,,
2022,12,00-0033873,P.Mahomes,QB,KC,LA,27,42,320.0,1,1.0,0.0,-0.0,4,36.0,0,0,0,0.0,0,18.4,18.4,,,74.0,230.0,27.182,5.0,Texas Tech,2017.0,2017.0,KC,10.0,16.0,
2022,13,00-0033873,P.Mahomes,QB,KC,CIN,16,27,223.0,1,0.0,2.0,12.0,2,9.0,1,0,0,0.0,0,19.82,19.82,,,74.0,230.0,27.182,5.0,Texas Tech,2017.0,2017.0,KC,10.0,,
2022,14,00-0033873,P.Mahomes,QB,KC,DEN,28,42,352.0,3,3.0,2.0,10.0,3,-3.0,0,0,0,0.0,0,19.78,19.78,,,74.0,230.0,27.182,5.0,Texas Tech,2017.0,2017.0,KC,10.0,,
2022,15,00-0033873,P.Mahomes,QB,KC,HOU,36,41,336.0,2,0.0,2.0,23.0,5,33.0,1,0,0,0.0,0,32.74,32.74,,,74.0,230.0,27.182,5.0,Texas Tech,2017.0,2017.0,KC,10.0,,
2022,16,00-0033873,P.Mahomes,QB,KC,SEA,16,28,224.0,2,0.0,1.0,4.0,2,8.0,1,0,0,0.0,0,23.76,23.76,,,74.0,230.0,27.182,5.0,Texas Tech,2017.0,2017.0,KC,10.0,14.0,
2022,17,00-0033873,P.Mahomes,QB,KC,DEN,29,42,328.0,3,1.0,0.0,-0.0,4,8.0,0,1,1,6.0,0,24.52,25.52,,,74.0,230.0,27.182,5.0,Texas Tech,2017.0,2017.0,KC,10.0,3.0,0.024390243
2022,18,00-0033873,P.Mahomes,QB,KC,LV,18,26,202.0,1,0.0,2.0,21.0,3,29.0,0,0,0,0.0,0,14.98,14.98,,,74.0,230.0,27.182,5.0,Texas Tech,2017.0,2017.0,KC,10.0,,
2022,20,00-0033873,P.Mahomes,QB,KC,JAX,22,30,195.0,2,0.0,0.0,-0.0,3,8.0,0,0,0,0.0,0,16.6,16.6,,,74.0,230.0,27.182,5.0,Texas Tech,2017.0,2017.0,KC,10.0,7.0,
2022,21,00-0033873,P.Mahomes,QB,KC,CIN,29,43,326.0,2,0.0,3.0,11.0,3,8.0,0,0,0,0.0,0,19.84,19.84,,,74.0,230.0,27.182,5.0,Texas Tech,2017.0,2017.0,KC,10.0,3.0,
2022,22,00-0033873,P.Mahomes,QB,KC,PHI,21,27,182.0,3,0.0,0.0,-0.0,6,44.0,0,0,0,0.0,0,23.68,23.68,,,74.0,230.0,27.182,5.0,Texas Tech,2017.0,2017.0,KC,10.0,,
2022,1,00-0033879,O.Howard,TE,HOU,IND,0,0,0.0,0,0.0,0.0,0.0,0,0.0,0,2,2,38.0,2,15.8,17.8,,,78.0,250.0,27.979999999999997,5.0,Alabama,2017.0,2017.0,TB,19.0,0.0,0.055555556
2022,2,00-0033879,O.Howard,TE,HOU,DEN,0,0,0.0,0,0.0,0.0,0.0,0,0.0,0,1,1,7.0,0,0.7,1.7,,,78.0,250.0,27.979999999999997,5.0,Alabama,2017.0,2017.0,TB,19.0,,0.027027028
2022,3,00-0033879,O.Howard,TE,HOU,CHI,0,0,0.0,0,0.0,0.0,0.0,0,0.0,0,1,0,0.0,0,0.0,0.0,,,78.0,250.0,27.979999999999997,5.0,Alabama,2017.0,2017.0,TB,19.0,,0.032258064
2022,4,00-0033879,O.Howard,TE,HOU,LAC,0,0,0.0,0,0.0,0.0,0.0,0,0.0,0,5,2,27.0,0,2.7,4.7,,,78.0,250.0,27.979999999999997,5.0,Alabama,2017.0,2017.0,TB,19.0,-10.0,0.14285715
2022,5,00-0033879,O.Howard,TE,HOU,JAX,0,0,0.0,0,0.0,0.0,0.0,0,0.0,0,1,0,0.0,0,0.0,0.0,,,78.0,250.0,27.979999999999997,5.0,Alabama,2017.0,2017.0,TB,19.0,,0.041666668
2022,8,00-0033879,O.Howard,TE,HOU,TEN,0,0,0.0,0,0.0,0.0,0.0,0,0.0,0,3,2,24.0,0,2.4,4.4,,,78.0,250.0,27.979999999999997,5.0,Alabama,2017.0,2017.0,TB,19.0,-7.0,0.1
2022,9,00-0033879,O.Howard,TE,HOU,PHI,0,0,0.0,0,0.0,0.0,0.0,0,0.0,0,2,1,14.0,0,1.4,2.4,,,78.0,250.0,27.979999999999997,5.0,Alabama,2017.0,2017.0,TB,19.0,-12.0,0.0952381
2022,10,00-0033879,O.Howard,TE,HOU,NYG,0,0,0.0,0,0.0,0.0,0.0,0,0.0,0,1,0,0.0,0,0.0,0.0,,,78.0,250.0,27.979999999999997,5.0,Alabama,2017.0,2017.0,TB,19.0,,0.027027028
2022,11,00-0033879,O.Howard,TE,HOU,WAS,0,0,0.0,0,0.0,0.0,0.0,0,0.0,0,3,1,9.0,0,0.9,1.9,,,78.0,250.0,27.979999999999997,5.0,Alabama,2017.0,2017.0,TB,19.0,-13.0,0.09375
2022,12,00-0033879,O.Howard,TE,HOU,MIA,0,0,0.0,0,0.0,0.0,0.0,0,0.0,0,2,0,0.0,0,0.0,0.0,,,78.0,250.0,27.979999999999997,5.0,Alabama,2017.0,2017.0,TB,19.0,,0.05263158
2022,17,00-0033879,O.Howard,TE,HOU,JAX,0,0,0.0,0,0.0,0.0,0.0,0,0.0,0,2,1,26.0,0,2.6,3.6,,,78.0,250.0,27.979999999999997,5.0,Alabama,2017.0,2017.0,TB,19.0,-28.0,0.04761905
2022,1,00-0033881,E.Engram,TE,JAX,WAS,0,0,0.0,0,0.0,0.0,0.0,0,0.0,0,4,4,28.0,0,2.8,6.8,,,75.0,240.0,28.205368421052633,5.0,Mississippi,2017.0,2017.0,NYG,23.0,,0.10526316
2022,2,00-0033881,E.Engram,TE,JAX,IND,0,0,0.0,0,0.0,0.0,0.0,0,0.0,0,8,7,46.0,0,4.6,11.6,,,75.0,240.0,28.205368421052633,5.0,Mississippi,2017.0,2017.0,NYG,23.0,24.0,0.26666668
2022,3,00-0033881,E.Engram,TE,JAX,LAC,0,0,0.0,0,0.0,0.0,0.0,1,0.0,0,3,1,9.0,0,2.9,3.9,,,75.0,240.0,28.205368421052633,5.0,Mississippi,2017.0,2017.0,NYG,23.0,,0.078947365
2022,4,00-0033881,E.Engram,TE,JAX,PHI,0,0,0.0,0,0.0,0.0,0.0,0,0.0,0,1,1,16.0,0,1.6,2.6,,,75.0,240.0,28.205368421052633,5.0,Mississippi,2017.0,2017.0,NYG,23.0,,0.04347826
2022,5,00-0033881,E.Engram,TE,JAX,HOU,0,0,0.0,0,0.0,0.0,0.0,0,0.0,0,10,6,69.0,0,6.9,12.9,,,75.0,240.0,28.205368421052633,5.0,Mississippi,2017.0,2017.0,NYG,23.0,-7.0,0.22727273
2022,6,00-0033881,E.Engram,TE,JAX,IND,0,0,0.0,0,0.0,0.0,0.0,0,0.0,0,6,5,40.0,0,4.0,9.0,,,75.0,240.0,28.205368421052633,5.0,Mississippi,2017.0,2017.0,NYG,23.0,,0.27272728
2022,7,00-0033881,E.Engram,TE,JAX,NYG,0,0,0.0,0,0.0,0.0,0.0,0,0.0,0,7,4,67.0,0,6.7,10.7,,,75.0,240.0,28.205368421052633,5.0,Mississippi,2017.0,2017.0,NYG,23.0,-6.0,0.1627907
2022,8,00-0033881,E.Engram,TE,JAX,DEN,0,0,0.0,0,0.0,0.0,0.0,0,0.0,0,6,4,55.0,1,11.5,15.5,,,75.0,240.0,28.205368421052633,5.0,Mississippi,2017.0,2017.0,NYG,23.0,-4.0,0.21428572
2022,9,00-0033881,E.Engram,TE,JAX,LV,0,0,0.0,0,0.0,0.0,0.0,0,0.0,0,2,1,8.0,0,0.8,1.8,,,75.0,240.0,28.205368421052633,5.0,Mississippi,2017.0,2017.0,NYG,23.0,7.0,0.06896552
2022,10,00-0033881,E.Engram,TE,JAX,KC,0,0,0.0,0,0.0,0.0,0.0,0,0.0,0,4,3,14.0,0,1.4,4.4,,,75.0,240.0,28.205368421052633,5.0,Mississippi,2017.0,2017.0,NYG,23.0,,0.102564104
2022,12,00-0033881,E.Engram,TE,JAX,BAL,0,0,0.0,0,0.0,0.0,0.0,0,0.0,0,1,1,4.0,0,0.4,1.4,,,75.0,240.0,28.205368421052633,5.0,Mississippi,2017.0,2017.0,NYG,23.0,1.0,0.027027028
2022,13,00-0033881,E.Engram,TE,JAX,DET,0,0,0.0,0,0.0,0.0,0.0,0,0.0,0,7,5,30.0,1,9.0,14.0,,,75.0,240.0,28.205368421052633,5.0,Mississippi,2017.0,2017.0,NYG,23.0,,0.21212122
2022,14,00-0033881,E.Engram,TE,JAX,TEN,0,0,0.0,0,0.0,0.0,0.0,0,0.0,0,15,11,162.0,2,28.2,39.2,,,75.0,240.0,28.205368421052633,5.0,Mississippi,2017.0,2017.0,NYG,23.0,,0.35714287
2022,15,00-0033881,E.Engram,TE,JAX,DAL,0,0,0.0,0,0.0,0.0,0.0,0,0.0,0,10,8,62.0,0,6.2,14.2,,,75.0,240.0,28.205368421052633,5.0,Mississippi,2017.0,2017.0,NYG,23.0,6.0,0.24390244
2022,16,00-0033881,E.Engram,TE,JAX,NYJ,0,0,0.0,0,0.0,0.0,0.0,0,0.0,0,8,7,113.0,0,11.3,18.3,,,75.0,240.0,28.205368421052633,5.0,Mississippi,2017.0,2017.0,NYG,23.0,,0.26666668
2022,17,00-0033881,E.Engram,TE,JAX,HOU,0,0,0.0,0,0.0,0.0,0.0,1,13.0,0,2,1,16.0,0,2.9,3.9,,,75.0,240.0,28.205368421052633,5.0,Mississippi,2017.0,2017.0,NYG,23.0,,0.071428575
2022,18,00-0033881,E.Engram,TE,JAX,TEN,0,0,0.0,0,0.0,0.0,0.0,0,0.0,0,4,4,27.0,0,2.7,6.7,,,75.0,240.0,28.205368421052633,5.0,Mississippi,2017.0,2017.0,NYG,23.0,4.0,0.13793103
2022,19,00-0033881,E.Engram,TE,JAX,LAC,0,0,0.0,0,0.0,0.0,0.0,0,0.0,0,11,7,93.0,1,15.3,22.3,,,75.0,240.0,28.205368421052633,5.0,Mississippi,2017.0,2017.0,NYG,23.0,1.0,0.23913044
2022,20,00-0033881,E.Engram,TE,JAX,KC,0,0,0.0,0,0.0,0.0,0.0,0,0.0,0,6,5,31.0,0,3.1,8.1,,,75.0,240.0,28.205368421052633,5.0,Mississippi,2017.0,2017.0,NYG,23.0,,0.15789473
2022,1,00-0033885,D.Njoku,TE,CLE,CAR,0,0,0.0,0,0.0,0.0,0.0,0,0.0,0,1,1,7.0,0,0.7,1.7,,,76.0,246.0,26.334,5.0,Miami,2017.0,2017.0,CLE,29.0,,0.033333335
2022,2,00-0033885,D.Njoku,TE,CLE,NYJ,0,0,0.0,0,0.0,0.0,0.0,0,0.0,0,5,3,32.0,0,3.2,6.2,,,76.0,246.0,26.334,5.0,Miami,2017.0,2017.0,CLE,29.0,-1.0,0.18518518
2022,3,00-0033885,D.Njoku,TE,CLE,PIT,0,0,0.0,0,0.0,0.0,0.0,0,0.0,0,10,9,89.0,1,14.9,23.9,,,76.0,246.0,26.334,5.0,Miami,2017.0,2017.0,CLE,29.0,12.0,0.32258064
2022,4,00-0033885,D.Njoku,TE,CLE,ATL,0,0,0.0,0,0.0,0.0,0.0,1,-6.0,0,7,5,73.0,0,4.7,9.7,,,76.0,246.0,26.334,5.0,Miami,2017.0,2017.0,CLE,29.0,,0.2
2022,5,00-0033885,D.Njoku,TE,CLE,LAC,0,0,0.0,0,0.0,0.0,0.0,0,0.0,0,6,6,88.0,0,8.8,14.8,,,76.0,246.0,26.334,5.0,Miami,2017.0,2017.0,CLE,29.0,-2.0,0.1875
2022,6,00-0033885,D.Njoku,TE,CLE,NE,0,0,0.0,0,0.0,0.0,0.0,0,0.0,0,6,3,58.0,0,5.8,8.8,,,76.0,246.0,26.334,5.0,Miami,2017.0,2017.0,CLE,29.0,-23.0,0.14285715
2022,7,00-0033885,D.Njoku,TE,CLE,BAL,0,0,0.0,0,0.0,0.0,0.0,0,0.0,0,7,7,71.0,0,7.1,14.1,,,76.0,246.0,26.334,5.0,Miami,2017.0,2017.0,CLE,29.0,,0.28
2022,11,00-0033885,D.Njoku,TE,CLE,BUF,0,0,0.0,0,0.0,0.0,0.0,0,0.0,0,3,2,17.0,0,1.7,3.7,,,76.0,246.0,26.334,5.0,Miami,2017.0,2017.0,CLE,29.0,,0.07692308
2022,12,00-0033885,D.Njoku,TE,CLE,TB,0,0,0.0,0,0.0,0.0,0.0,0,0.0,0,7,5,29.0,1,8.9,13.9,,,76.0,246.0,26.334,5.0,Miami,2017.0,2017.0,CLE,29.0,6.0,0.19444445
2022,14,00-0033885,D.Njoku,TE,CLE,CIN,0,0,0.0,0,0.0,0.0,0.0,1,-2.0,0,9,7,59.0,1,11.7,18.7,,,76.0,246.0,26.334,5.0,Miami,2017.0,2017.0,CLE,29.0,,0.23076923
2022,15,00-0033885,D.Njoku,TE,CLE,BAL,0,0,0.0,0,0.0,0.0,0.0,0,0.0,0,6,3,28.0,0,2.8,5.8,,,76.0,246.0,26.334,5.0,Miami,2017.0,2017.0,CLE,29.0,10.0,0.23076923
2022,16,00-0033885,D.Njoku,TE,CLE,NO,0,0,0.0,0,0.0,0.0,0.0,0,0.0,0,5,2,14.0,0,1.4,3.4,,,76.0,246.0,26.334,5.0,Miami,2017.0,2017.0,CLE,29.0,-7.0,0.18518518
2022,17,00-0033885,D.Njoku,TE,CLE,WAS,0,0,0.0,0,0.0,0.0,0.0,0,0.0,0,3,1,21.0,0,2.1,3.1,,,76.0,246.0,26.334,5.0,Miami,2017.0,2017.0,CLE,29.0,,0.1875
2022,18,00-0033885,D.Njoku,TE,CLE,PIT,0,0,0.0,0,0.0,0.0,0.0,0,0.0,0,5,4,42.0,1,10.2,14.2,,,76.0,246.0,26.334,5.0,Miami,2017.0,2017.0,CLE,29.0,,0.18518518
2022,1,00-0033891,Z.Jones,WR,JAX,WAS,0,0,0.0,0,0.0,0.0,0.0,0,0.0,0,9,6,65.0,0,6.5,12.5,,,74.0,200.0,27.63315789473684,5.0,East Carolina,2017.0,2017.0,BUF,37.0,,0.23684211
2022,2,00-0033891,Z.Jones,WR,JAX,IND,0,0,0.0,0,0.0,0.0,0.0,0,0.0,0,4,3,23.0,0,2.3,5.3,,,74.0,200.0,27.63315789473684,5.0,East Carolina,2017.0,2017.0,BUF,37.0,24.0,0.13333334
2022,3,00-0033891,Z.Jones,WR,JAX,LAC,0,0,0.0,0,0.0,0.0,0.0,1,0.0,0,11,10,85.0,1,14.5,24.5,,,74.0,200.0,27.63315789473684,5.0,East Carolina,2017.0,2017.0,BUF,37.0,,0.28947368
2022,5,00-0033891,Z.Jones,WR,JAX,HOU,0,0,0.0,0,0.0,0.0,0.0,0,0.0,0,8,3,12.0,0,1.2,4.2,,,74.0,200.0,27.63315789473684,5.0,East Carolina,2017.0,2017.0,BUF,37.0,-7.0,0.18181819
2022,6,00-0033891,Z.Jones,WR,JAX,IND,0,0,0.0,0,0.0,0.0,0.0,0,0.0,0,5,5,42.0,0,4.2,9.2,,,74.0,200.0,27.63315789473684,5.0,East Carolina,2017.0,2017.0,BUF,37.0,,0.22727273
2022,7,00-0033891,Z.Jones,WR,JAX,NYG,0,0,0.0,0,0.0,0.0,0.0,1,14.0,0,10,4,54.0,0,6.8,10.8,,,74.0,200.0,27.63315789473684,5.0,East Carolina,2017.0,2017.0,BUF,37.0,-6.0,0.23255815
2022,8,00-0033891,Z.Jones,WR,JAX,DEN,0,0,0.0,0,0.0,0.0,0.0,1,7.0,0,3,3,28.0,0,3.5,6.5,,,74.0,200.0,27.63315789473684,5.0,East Carolina,2017.0,2017.0,BUF,37.0,-4.0,0.10714286
2022,9,00-0033891,Z.Jones,WR,JAX,LV,0,0,0.0,0,0.0,0.0,0.0,0,0.0,0,5,5,40.0,0,4.0,9.0,,,74.0,200.0,27.63315789473684,5.0,East Carolina,2017.0,2017.0,BUF,37.0,7.0,0.1724138
2022,10,00-0033891,Z.Jones,WR,JAX,KC,0,0,0.0,0,0.0,0.0,0.0,0,0.0,0,10,8,68.0,0,6.8,14.8,,,74.0,200.0,27.63315789473684,5.0,East Carolina,2017.0,2017.0,BUF,37.0,,0.25641027
2022,12,00-0033891,Z.Jones,WR,JAX,BAL,0,0,0.0,0,0.0,0.0,0.0,0,0.0,0,14,11,145.0,0,16.5,27.5,,,74.0,200.0,27.63315789473684,5.0,East Carolina,2017.0,2017.0,BUF,37.0,1.0,0.3783784
2022,13,00-0033891,Z.Jones,WR,JAX,DET,0,0,0.0,0,0.0,0.0,0.0,0,0.0,0,7,2,16.0,0,1.6,3.6,,,74.0,200.0,27.63315789473684,5.0,East Carolina,2017.0,2017.0,BUF,37.0,,0.21212122
2022,14,00-0033891,Z.Jones,WR,JAX,TEN,0,0,0.0,0,0.0,0.0,0.0,0,0.0,0,12,8,77.0,1,13.7,21.7,,,74.0,200.0,27.63315789473684,5.0,East Carolina,2017.0,2017.0,BUF,37.0,,0.2857143
2022,15,00-0033891,Z.Jones,WR,JAX,DAL,0,0,0.0,0,0.0,0.0,0.0,0,0.0,0,8,6,109.0,3,28.9,34.9,,,74.0,200.0,27.63315789473684,5.0,East Carolina,2017.0,2017.0,BUF,37.0,6.0,0.19512194
2022,16,00-0033891,Z.Jones,WR,JAX,NYJ,0,0,0.0,0,0.0,0.0,0.0,1,-3.0,0,4,1,14.0,0,1.1,2.1,,,74.0,200.0,27.63315789473684,5.0,East Carolina,2017.0,2017.0,BUF,37.0,,0.13333334
2022,17,00-0033891,Z.Jones,WR,JAX,HOU,0,0,0.0,0,0.0,0.0,0.0,0,0.0,0,5,3,24.0,0,2.4,5.4,,,74.0,200.0,27.63315789473684,5.0,East Carolina,2017.0,2017.0,BUF,37.0,,0.17857143
2022,18,00-0033891,Z.Jones,WR,JAX,TEN,0,0,0.0,0,0.0,0.0,0.0,0,0.0,0,6,4,21.0,0,2.1,6.1,,,74.0,200.0,27.63315789473684,5.0,East Carolina,2017.0,2017.0,BUF,37.0,4.0,0.20689656
2022,19,00-0033891,Z.Jones,WR,JAX,LAC,0,0,0.0,0,0.0,0.0,0.0,0,0.0,0,13,8,74.0,1,13.4,21.4,,,74.0,200.0,27.63315789473684,5.0,East Carolina,2017.0,2017.0,BUF,37.0,1.0,0.2826087
2022,20,00-0033891,Z.Jones,WR,JAX,KC,0,0,0.0,0,0.0,0.0,0.0,0,0.0,0,7,5,83.0,0,8.3,13.3,,,74.0,200.0,27.63315789473684,5.0,East Carolina,2017.0,2017.0,BUF,37.0,,0.18421052
2022,1,00-0033893,D.Cook,RB,MIN,GB,0,0,0.0,0,0.0,0.0,0.0,20,90.0,0,5,3,18.0,0,10.8,13.8,,,70.0,210.0,27.263333333333335,5.0,Florida State,2017.0,2017.0,MIN,41.0,16.0,0.16129032
2022,2,00-0033893,D.Cook,RB,MIN,PHI,0,0,0.0,0,0.0,0.0,0.0,6,17.0,0,6,4,19.0,0,3.6,7.6,,,70.0,210.0,27.263333333333335,5.0,Florida State,2017.0,2017.0,MIN,41.0,,0.13333334
2022,3,00-0033893,D.Cook,RB,MIN,DET,0,0,0.0,0,0.0,0.0,0.0,17,96.0,1,0,0,0.0,0,13.6,13.6,,,70.0,210.0,27.263333333333335,5.0,Florida State,2017.0,2017.0,MIN,41.0,4.0,
2022,4,00-0033893,D.Cook,RB,MIN,NO,0,0,0.0,0,0.0,0.0,0.0,20,76.0,0,2,2,10.0,0,8.6,10.6,,,70.0,210.0,27.263333333333335,5.0,Florida State,2017.0,2017.0,MIN,41.0,,0.057142857
2022,5,00-0033893,D.Cook,RB,MIN,CHI,0,0,0.0,0,0.0,0.0,0.0,18,94.0,2,2,2,27.0,0,24.1,26.1,,,70.0,210.0,27.263333333333335,5.0,Florida State,2017.0,2017.0,MIN,41.0,7.0,0.051282052
2022,6,00-0033893,D.Cook,RB,MIN,MIA,0,0,0.0,0,0.0,0.0,0.0,13,77.0,1,1,1,6.0,0,14.3,15.3,,,70.0,210.0,27.263333333333335,5.0,Florida State,2017.0,2017.0,MIN,41.0,,0.035714287
2022,8,00-0033893,D.Cook,RB,MIN,ARI,0,0,0.0,0,0.0,0.0,0.0,20,111.0,1,6,5,30.0,0,20.1,25.1,,,70.0,210.0,27.263333333333335,5.0,Florida State,2017.0,2017.0,MIN,41.0,8.0,0.19354838
2022,9,00-0033893,D.Cook,RB,MIN,WAS,0,0,0.0,0,0.0,0.0,0.0,17,47.0,0,6,2,9.0,1,11.6,13.6,,,70.0,210.0,27.263333333333335,5.0,Florida State,2017.0,2017.0,MIN,41.0,,0.15384616
2022,10,00-0033893,D.Cook,RB,MIN,BUF,0,0,0.0,0,0.0,0.0,0.0,14,119.0,1,5,3,27.0,0,20.6,23.6,,,70.0,210.0,27.263333333333335,5.0,Florida State,2017.0,2017.0,MIN,41.0,,0.1
2022,11,00-0033893,D.Cook,RB,MIN,DAL,0,0,0.0,0,0.0,0.0,0.0,11,72.0,0,1,0,0.0,0,7.2,7.2,,,70.0,210.0,27.263333333333335,5.0,Florida State,2017.0,2017.0,MIN,41.0,-37.0,0.035714287
2022,12,00-0033893,D.Cook,RB,MIN,NE,0,0,0.0,0,0.0,0.0,0.0,22,42.0,0,5,4,14.0,0,5.6,9.6,,,70.0,210.0,27.263333333333335,5.0,Florida State,2017.0,2017.0,MIN,41.0,7.0,0.13513513
2022,13,00-0033893,D.Cook,RB,MIN,NYJ,0,0,0.0,0,0.0,0.0,0.0,20,86.0,1,3,2,-3.0,0,14.3,16.3,,,70.0,210.0,27.263333333333335,5.0,Florida State,2017.0,2017.0,MIN,41.0,5.0,0.09090909
2022,14,00-0033893,D.Cook,RB,MIN,DET,0,0,0.0,0,0.0,1.0,5.0,15,23.0,1,2,1,13.0,0,7.6,8.6,,,70.0,210.0,27.263333333333335,5.0,Florida State,2017.0,2017.0,MIN,41.0,,0.05
2022,15,00-0033893,D.Cook,RB,MIN,IND,0,0,0.0,0,0.0,0.0,0.0,17,95.0,0,4,4,95.0,1,23.0,27.0,,,70.0,210.0,27.263333333333335,5.0,Florida State,2017.0,2017.0,MIN,41.0,3.0,0.074074075
2022,16,00-0033893,D.Cook,RB,MIN,NYG,0,0,0.0,0,0.0,0.0,0.0,14,64.0,0,4,3,13.0,0,7.7,10.7,,,70.0,210.0,27.263333333333335,5.0,Florida State,2017.0,2017.0,MIN,41.0,3.0,0.08510638
2022,17,00-0033893,D.Cook,RB,MIN,GB,0,0,0.0,0,0.0,0.0,0.0,9,27.0,0,3,2,17.0,0,4.4,6.4,,,70.0,210.0,27.263333333333335,5.0,Florida State,2017.0,2017.0,MIN,41.0,,0.08571429
2022,18,00-0033893,D.Cook,RB,MIN,CHI,0,0,0.0,0,0.0,0.0,0.0,11,37.0,0,1,1,0.0,0,1.7,2.7,,,70.0,210.0,27.263333333333335,5.0,Florida State,2017.0,2017.0,MIN,41.0,,0.03125
2022,19,00-0033893,D.Cook,RB,MIN,NYG,0,0,0.0,0,0.0,0.0,0.0,15,60.0,0,7,6,10.0,0,7.0,13.0,,,70.0,210.0,27.263333333333335,5.0,Florida State,2017.0,2017.0,MIN,41.0,-7.0,0.17948718
2022,1,00-0033895,G.Everett,TE,LAC,LV,0,0,0.0,0,0.0,0.0,0.0,0,0.0,0,4,3,54.0,1,11.4,14.4,,,75.0,240.0,28.387944444444443,5.0,South Alabama,2017.0,2017.0,LA,44.0,5.0,0.11764706
2022,2,00-0033895,G.Everett,TE,LAC,KC,0,0,0.0,0,0.0,0.0,0.0,0,0.0,0,10,6,71.0,0,7.1,13.1,,,75.0,240.0,28.387944444444443,5.0,South Alabama,2017.0,2017.0,LA,44.0,,0.2173913
2022,3,00-0033895,G.Everett,TE,LAC,JAX,0,0,0.0,0,0.0,0.0,0.0,0,0.0,0,6,2,25.0,0,2.5,4.5,,,75.0,240.0,28.387944444444443,5.0,South Alabama,2017.0,2017.0,LA,44.0,-28.0,0.14634146
2022,4,00-0033895,G.Everett,TE,LAC,HOU,0,0,0.0,0,0.0,0.0,0.0,0,0.0,0,6,5,61.0,1,12.1,17.1,,,75.0,240.0,28.387944444444443,5.0,South Alabama,2017.0,2017.0,LA,44.0,,0.16216215
2022,5,00-0033895,G.Everett,TE,LAC,CLE,0,0,0.0,0,0.0,0.0,0.0,0,0.0,0,3,1,2.0,0,0.2,1.2,,,75.0,240.0,28.387944444444443,5.0,South Alabama,2017.0,2017.0,LA,44.0,,0.09090909
2022,6,00-0033895,G.Everett,TE,LAC,DEN,0,0,0.0,0,0.0,0.0,0.0,0,0.0,0,7,5,29.0,0,2.9,7.9,,,75.0,240.0,28.387944444444443,5.0,South Alabama,2017.0,2017.0,LA,44.0,3.0,0.12727273
2022,7,00-0033895,G.Everett,TE,LAC,SEA,0,0,0.0,0,0.0,0.0,0.0,0,0.0,0,9,5,63.0,0,6.3,11.3,,,75.0,240.0,28.387944444444443,5.0,South Alabama,2017.0,2017.0,LA,44.0,-14.0,0.1764706
2022,9,00-0033895,G.Everett,TE,LAC,ATL,0,0,0.0,0,0.0,0.0,0.0,1,0.0,0,8,5,36.0,0,3.6,8.6,,,75.0,240.0,28.387944444444443,5.0,South Alabama,2017.0,2017.0,LA,44.0,,0.18604651
2022,10,00-0033895,G.Everett,TE,LAC,SF,0,0,0.0,0,0.0,0.0,0.0,0,0.0,0,2,2,23.0,0,2.3,4.3,,,75.0,240.0,28.387944444444443,5.0,South Alabama,2017.0,2017.0,LA,44.0,,0.057142857
2022,12,00-0033895,G.Everett,TE,LAC,ARI,0,0,0.0,0,0.0,0.0,0.0,0,0.0,0,4,4,18.0,0,3.8,7.8,,,75.0,240.0,28.387944444444443,5.0,South Alabama,2017.0,2017.0,LA,44.0,,0.08510638
2022,13,00-0033895,G.Everett,TE,LAC,LV,0,0,0.0,0,0.0,0.0,0.0,0,0.0,0,6,5,80.0,0,8.0,13.0,,,75.0,240.0,28.387944444444443,5.0,South Alabama,2017.0,2017.0,LA,44.0,,0.13333334
2022,14,00-0033895,G.Everett,TE,LAC,MIA,0,0,0.0,0,0.0,0.0,0.0,0,0.0,0,8,5,28.0,0,2.8,7.8,,,75.0,240.0,28.387944444444443,5.0,South Alabama,2017.0,2017.0,LA,44.0,6.0,0.16666667
2022,15,00-0033895,G.Everett,TE,LAC,TEN,0,0,0.0,0,0.0,0.0,0.0,0,0.0,0,6,4,42.0,0,4.2,8.2,,,75.0,240.0,28.387944444444443,5.0,South Alabama,2017.0,2017.0,LA,44.0,3.0,0.15789473
2022,17,00-0033895,G.Everett,TE,LAC,LA,0,0,0.0,0,0.0,0.0,0.0,0,0.0,0,3,3,15.0,1,7.5,10.5,,,75.0,240.0,28.387944444444443,5.0,South Alabama,2017.0,2017.0,LA,44.0,21.0,0.09677419
2022,18,00-0033895,G.Everett,TE,LAC,DEN,0,0,0.0,0,0.0,0.0,0.0,0,0.0,0,5,3,8.0,1,6.8,9.8,,,75.0,240.0,28.387944444444443,5.0,South Alabama,2017.0,2017.0,LA,44.0,,0.11363637
2022,19,00-0033895,G.Everett,TE,LAC,JAX,0,0,0.0,0,0.0,0.0,0.0,0,0.0,0,8,6,109.0,1,16.9,22.9,,,75.0,240.0,28.387944444444443,5.0,South Alabama,2017.0,2017.0,LA,44.0,,0.1904762
2022,1,00-0033897,J.Mixon,RB,CIN,PIT,0,0,0.0,0,0.0,0.0,0.0,27,82.0,0,9,7,63.0,0,14.5,21.5,,,73.0,220.0,26.31905263157895,5.0,Oklahoma,2017.0,2017.0,CIN,48.0,-3.0,0.16981132
2022,2,00-0033897,J.Mixon,RB,CIN,DAL,0,0,0.0,0,0.0,0.0,0.0,19,57.0,0,4,3,26.0,0,8.3,11.3,,,73.0,220.0,26.31905263157895,5.0,Oklahoma,2017.0,2017.0,CIN,48.0,,0.114285715
2022,3,00-0033897,J.Mixon,RB,CIN,NYJ,0,0,0.0,0,0.0,0.0,0.0,12,24.0,0,7,3,14.0,0,3.8,6.8,,,73.0,220.0,26.31905263157895,5.0,Oklahoma,2017.0,2017.0,CIN,48.0,,0.2
2022,4,00-0033897,J.Mixon,RB,CIN,MIA,0,0,0.0,0,0.0,0.0,0.0,24,61.0,1,4,4,13.0,0,13.4,17.4,,,73.0,220.0,26.31905263157895,5.0,Oklahoma,2017.0,2017.0,CIN,48.0,12.0,0.125
2022,5,00-0033897,J.Mixon,RB,CIN,BAL,0,0,0.0,0,0.0,0.0,0.0,14,78.0,0,3,3,10.0,0,8.8,11.8,,,73.0,220.0,26.31905263157895,5.0,Oklahoma,2017.0,2017.0,CIN,48.0,,0.0882353
2022,6,00-0033897,J.Mixon,RB,CIN,NO,0,0,0.0,0,0.0,0.0,0.0,8,45.0,0,6,4,23.0,1,12.8,16.8,,,73.0,220.0,26.31905263157895,5.0,Oklahoma,2017.0,2017.0,CIN,48.0,,0.16666667
2022,7,00-0033897,J.Mixon,RB,CIN,ATL,0,0,0.0,0,0.0,0.0,0.0,17,58.0,1,3,3,33.0,0,15.1,18.1,,,73.0,220.0,26.31905263157895,5.0,Oklahoma,2017.0,2017.0,CIN,48.0,18.0,0.071428575
2022,8,00-0033897,J.Mixon,RB,CIN,CLE,0,0,0.0,0,0.0,0.0,0.0,8,27.0,0,9,7,32.0,0,5.9,12.9,,,73.0,220.0,26.31905263157895,5.0,Oklahoma,2017.0,2017.0,CIN,48.0,,0.2647059
2022,9,00-0033897,J.Mixon,RB,CIN,CAR,0,0,0.0,0,0.0,0.0,0.0,22,153.0,4,5,4,58.0,1,51.1,55.1,,,73.0,220.0,26.31905263157895,5.0,Oklahoma,2017.0,2017.0,CIN,48.0,21.0,0.16666667
2022,11,00-0033897,J.Mixon,RB,CIN,PIT,0,0,0.0,0,0.0,0.0,0.0,7,20.0,0,3,3,42.0,0,6.2,9.2,,,73.0,220.0,26.31905263157895,5.0,Oklahoma,2017.0,2017.0,CIN,48.0,,0.08108108
2022,14,00-0033897,J.Mixon,RB,CIN,CLE,0,0,0.0,0,0.0,0.0,0.0,14,96.0,0,2,2,10.0,0,10.6,12.6,,,73.0,220.0,26.31905263157895,5.0,Oklahoma,2017.0,2017.0,CIN,48.0,13.0,0.0625
2022,15,00-0033897,J.Mixon,RB,CIN,TB,0,0,0.0,0,0.0,0.0,0.0,11,21.0,0,6,5,33.0,0,5.4,10.4,,,73.0,220.0,26.31905263157895,5.0,Oklahoma,2017.0,2017.0,CIN,48.0,,0.15789473
2022,16,00-0033897,J.Mixon,RB,CIN,NE,0,0,0.0,0,0.0,0.0,0.0,16,65.0,0,9,7,43.0,0,10.8,17.8,,,73.0,220.0,26.31905263157895,5.0,Oklahoma,2017.0,2017.0,CIN,48.0,,0.18367347
2022,18,00-0033897,J.Mixon,RB,CIN,BAL,0,0,0.0,0,0.0,0.0,0.0,11,27.0,1,5,5,41.0,0,12.8,17.8,,,73.0,220.0,26.31905263157895,5.0,Oklahoma,2017.0,2017.0,CIN,48.0,11.0,0.125
2022,19,00-0033897,J.Mixon,RB,CIN,BAL,0,0,0.0,0,0.0,0.0,0.0,11,39.0,0,4,3,17.0,0,5.6,8.6,,,73.0,220.0,26.31905263157895,5.0,Oklahoma,2017.0,2017.0,CIN,48.0,7.0,0.125
2022,20,00-0033897,J.Mixon,RB,CIN,BUF,0,0,0.0,0,0.0,0.0,0.0,20,105.0,1,3,2,18.0,0,18.3,20.3,,,73.0,220.0,26.31905263157895,5.0,Oklahoma,2017.0,2017.0,CIN,48.0,,0.09375
2022,21,00-0033897,J.Mixon,RB,CIN,KC,0,0,0.0,0,0.0,0.0,0.0,8,19.0,0,3,3,15.0,0,3.4,6.4,,,73.0,220.0,26.31905263157895,5.0,Oklahoma,2017.0,2017.0,CIN,48.0,,0.08108108
2022,1,00-0033906,A.Kamara,RB,NO,ATL,0,0,0.0,0,0.0,0.0,0.0,9,39.0,0,4,3,7.0,0,4.6,7.6,,,70.0,215.0,27.28964705882353,5.0,Tennessee,2017.0,2017.0,NO,67.0,,0.125
2022,3,00-0033906,A.Kamara,RB,NO,CAR,0,0,0.0,0,0.0,0.0,0.0,15,61.0,0,7,2,12.0,0,5.3,7.3,,,70.0,215.0,27.28964705882353,5.0,Tennessee,2017.0,2017.0,NO,67.0,,0.17948718
2022,5,00-0033906,A.Kamara,RB,NO,SEA,0,0,0.0,0,0.0,0.0,0.0,23,103.0,0,6,6,91.0,0,17.4,23.4,,,70.0,215.0,27.28964705882353,5.0,Tennessee,2017.0,2017.0,NO,67.0,7.0,0.24
2022,6,00-0033906,A.Kamara,RB,NO,CIN,0,0,0.0,0,0.0,0.0,0.0,19,99.0,0,9,6,25.0,0,12.4,18.4,,,70.0,215.0,27.28964705882353,5.0,Tennessee,2017.0,2017.0,NO,67.0,-4.0,0.29032257
2022,7,00-0033906,A.Kamara,RB,NO,ARI,0,0,0.0,0,0.0,0.0,0.0,11,49.0,0,9,7,56.0,0,10.5,17.5,,,70.0,215.0,27.28964705882353,5.0,Tennessee,2017.0,2017.0,NO,67.0,,0.19565217
2022,8,00-0033906,A.Kamara,RB,NO,LV,0,0,0.0,0,0.0,0.0,0.0,18,62.0,1,10,9,96.0,2,33.8,42.8,,,70.0,215.0,27.28964705882353,5.0,Tennessee,2017.0,2017.0,NO,67.0,24.0,0.33333334
2022,9,00-0033906,A.Kamara,RB,NO,BAL,0,0,0.0,0,0.0,0.0,0.0,9,30.0,0,4,3,32.0,0,6.2,9.2,,,70.0,215.0,27.28964705882353,5.0,Tennessee,2017.0,2017.0,NO,67.0,-14.0,0.14285715
2022,10,00-0033906,A.Kamara,RB,NO,PIT,0,0,0.0,0,0.0,0.0,0.0,8,26.0,0,4,3,19.0,0,4.5,7.5,,,70.0,215.0,27.28964705882353,5.0,Tennessee,2017.0,2017.0,NO,67.0,,0.14285715
2022,11,00-0033906,A.Kamara,RB,NO,LA,0,0,0.0,0,0.0,0.0,0.0,12,42.0,0,5,4,47.0,0,8.9,12.9,,,70.0,215.0,27.28964705882353,5.0,Tennessee,2017.0,2017.0,NO,67.0,7.0,0.18518518
2022,12,00-0033906,A.Kamara,RB,NO,SF,0,0,0.0,0,0.0,0.0,0.0,7,13.0,0,7,6,37.0,0,1.0,7.0,,,70.0,215.0,27.28964705882353,5.0,Tennessee,2017.0,2017.0,NO,67.0,,0.23333333
2022,13,00-0033906,A.Kamara,RB,NO,TB,0,0,0.0,0,0.0,0.0,0.0,12,26.0,0,3,2,11.0,0,3.7,5.7,,,70.0,215.0,27.28964705882353,5.0,Tennessee,2017.0,2017.0,NO,67.0,,0.10714286
2022,15,00-0033906,A.Kamara,RB,NO,ATL,0,0,0.0,0,0.0,0.0,0.0,21,91.0,0,2,2,13.0,0,10.4,12.4,,,70.0,215.0,27.28964705882353,5.0,Tennessee,2017.0,2017.0,NO,67.0,3.0,0.10526316
2022,16,00-0033906,A.Kamara,RB,NO,CLE,0,0,0.0,0,0.0,0.0,0.0,20,76.0,1,4,2,34.0,0,17.0,19.0,,,70.0,215.0,27.28964705882353,5.0,Tennessee,2017.0,2017.0,NO,67.0,,0.2857143
2022,17,00-0033906,A.Kamara,RB,NO,PHI,0,0,0.0,0,0.0,0.0,0.0,16,73.0,0,1,1,7.0,0,8.0,9.0,,,70.0,215.0,27.28964705882353,5.0,Tennessee,2017.0,2017.0,NO,67.0,,0.04347826
2022,18,00-0033906,A.Kamara,RB,NO,CAR,0,0,0.0,0,0.0,0.0,0.0,23,107.0,0,2,1,3.0,0,11.0,12.0,,,70.0,215.0,27.28964705882353,5.0,Tennessee,2017.0,2017.0,NO,67.0,-3.0,0.08
2022,1,00-0033908,C.Kupp,WR,LA,BUF,0,0,0.0,0,0.0,0.0,0.0,0,0.0,0,15,13,128.0,1,18.8,31.8,,,74.0,208.0,29.40529411764706,5.0,Eastern Washington,2017.0,2017.0,LA,69.0,-21.0,0.36585367
2022,2,00-0033908,C.Kupp,WR,LA,ATL,0,0,0.0,0,0.0,0.0,0.0,0,0.0,0,14,11,108.0,2,20.8,31.8,,,74.0,208.0,29.40529411764706,5.0,Eastern Washington,2017.0,2017.0,LA,69.0,4.0,0.4
2022,3,00-0033908,C.Kupp,WR,LA,ARI,0,0,0.0,0,0.0,0.0,0.0,1,20.0,1,6,4,44.0,0,12.4,16.4,,,74.0,208.0,29.40529411764706,5.0,Eastern Washington,2017.0,2017.0,LA,69.0,,0.24
2022,4,00-0033908,C.Kupp,WR,LA,SF,0,0,0.0,0,0.0,0.0,0.0,0,0.0,0,19,14,122.0,0,12.2,26.2,,,74.0,208.0,29.40529411764706,5.0,Eastern Washington,2017.0,2017.0,LA,69.0,,0.39583334
2022,5,00-0033908,C.Kupp,WR,LA,DAL,0,1,0.0,0,0.0,0.0,-0.0,1,4.0,0,10,7,125.0,1,18.9,25.9,,,74.0,208.0,29.40529411764706,5.0,Eastern Washington,2017.0,2017.0,LA,69.0,-12.0,0.23809524
2022,6,00-0033908,C.Kupp,WR,LA,CAR,0,0,0.0,0,0.0,0.0,0.0,2,17.0,0,8,7,80.0,0,9.7,16.7,,,74.0,208.0,29.40529411764706,5.0,Eastern Washington,2017.0,2017.0,LA,69.0,14.0,0.2580645
2022,8,00-0033908,C.Kupp,WR,LA,SF,0,0,0.0,0,0.0,0.0,0.0,2,10.0,0,12,8,79.0,1,14.9,22.9,,,74.0,208.0,29.40529411764706,5.0,Eastern Washington,2017.0,2017.0,LA,69.0,-17.0,0.375
2022,9,00-0033908,C.Kupp,WR,LA,TB,0,0,0.0,0,0.0,0.0,0.0,3,1.0,0,9,8,127.0,1,18.8,26.8,,,74.0,208.0,29.40529411764706,5.0,Eastern Washington,2017.0,2017.0,LA,69.0,,0.34615386
2022,10,00-0033908,C.Kupp,WR,LA,ARI,0,0,0.0,0,0.0,0.0,0.0,0,0.0,0,5,3,-1.0,0,-0.1,2.9,,,74.0,208.0,29.40529411764706,5.0,Eastern Washington,2017.0,2017.0,LA,69.0,-10.0,0.13513513
2022,1,00-0033921,C.Godwin,WR,TB,DAL,0,0,0.0,0,0.0,0.0,0.0,0,0.0,0,3,3,35.0,0,3.5,6.5,,,73.0,209.0,26.709222222222223,5.0,Penn State,2017.0,2017.0,TB,84.0,,0.11111111
2022,4,00-0033921,C.Godwin,WR,TB,KC,0,0,0.0,0,0.0,0.0,0.0,0,0.0,0,10,7,59.0,0,5.9,12.9,,,73.0,209.0,26.709222222222223,5.0,Penn State,2017.0,2017.0,TB,84.0,-10.0,0.1923077
2022,5,00-0033921,C.Godwin,WR,TB,ATL,0,0,0.0,0,0.0,0.0,0.0,1,2.0,0,6,6,61.0,0,6.3,12.3,,,73.0,209.0,26.709222222222223,5.0,Penn State,2017.0,2017.0,TB,84.0,6.0,0.12
2022,6,00-0033921,C.Godwin,WR,TB,PIT,0,0,0.0,0,0.0,0.0,0.0,0,0.0,0,12,6,95.0,0,9.5,15.5,,,73.0,209.0,26.709222222222223,5.0,Penn State,2017.0,2017.0,TB,84.0,,0.3243243
2022,7,00-0033921,C.Godwin,WR,TB,CAR,0,0,0.0,0,0.0,0.0,0.0,1,2.0,0,13,7,43.0,0,4.5,11.5,,,73.0,209.0,26.709222222222223,5.0,Penn State,2017.0,2017.0,TB,84.0,,0.27083334
2022,8,00-0033921,C.Godwin,WR,TB,BAL,0,0,0.0,0,0.0,0.0,0.0,0,0.0,0,11,6,75.0,0,7.5,13.5,,,73.0,209.0,26.709222222222223,5.0,Penn State,2017.0,2017.0,TB,84.0,-5.0,0.26190478
2022,9,00-0033921,C.Godwin,WR,TB,LA,0,0,0.0,0,0.0,0.0,0.0,1,1.0,0,10,7,36.0,0,3.7,10.7,,,73.0,209.0,26.709222222222223,5.0,Penn State,2017.0,2017.0,TB,84.0,3.0,0.18181819
2022,10,00-0033921,C.Godwin,WR,TB,SEA,0,0,0.0,0,0.0,0.0,0.0,0,0.0,0,8,6,71.0,1,13.1,19.1,,,73.0,209.0,26.709222222222223,5.0,Penn State,2017.0,2017.0,TB,84.0,5.0,0.27586207
2022,12,00-0033921,C.Godwin,WR,TB,CLE,0,0,0.0,0,0.0,0.0,0.0,0,0.0,0,13,12,110.0,1,17.0,29.0,,,73.0,209.0,26.709222222222223,5.0,Penn State,2017.0,2017.0,TB,84.0,,0.30952382
2022,13,00-0033921,C.Godwin,WR,TB,NO,0,0,0.0,0,0.0,0.0,0.0,0,0.0,0,13,8,63.0,0,6.3,14.3,,,73.0,209.0,26.709222222222223,5.0,Penn State,2017.0,2017.0,TB,84.0,1.0,0.24528302
2022,14,00-0033921,C.Godwin,WR,TB,SF,0,0,0.0,0,0.0,0.0,0.0,0,0.0,0,9,5,54.0,0,5.4,10.4,,,73.0,209.0,26.709222222222223,5.0,Penn State,2017.0,2017.0,TB,84.0,,0.1764706
2022,15,00-0033921,C.Godwin,WR,TB,CIN,0,0,0.0,0,0.0,0.0,0.0,0,0.0,0,8,8,83.0,1,14.3,22.3,,,73.0,209.0,26.709222222222223,5.0,Penn State,2017.0,2017.0,TB,84.0,-11.0,0.1904762
2022,16,00-0033921,C.Godwin,WR,TB,ARI,0,0,0.0,0,0.0,0.0,0.0,0,0.0,0,10,8,63.0,0,6.3,14.3,,,73.0,209.0,26.709222222222223,5.0,Penn State,2017.0,2017.0,TB,84.0,,0.20833333
2022,17,00-0033921,C.Godwin,WR,TB,CAR,0,0,0.0,0,0.0,0.0,0.0,0,0.0,0,9,9,120.0,0,12.0,21.0,,,73.0,209.0,26.709222222222223,5.0,Penn State,2017.0,2017.0,TB,84.0,6.0,0.21428572
2022,18,00-0033921,C.Godwin,WR,TB,ATL,0,0,0.0,0,0.0,0.0,0.0,0,0.0,0,7,6,55.0,0,3.5,9.5,,,73.0,209.0,26.709222222222223,5.0,Penn State,2017.0,2017.0,TB,84.0,,0.21212122
2022,19,00-0033921,C.Godwin,WR,TB,DAL,0,0,0.0,0,0.0,0.0,0.0,0,0.0,0,13,10,85.0,0,8.5,18.5,,,73.0,209.0,26.709222222222223,5.0,Penn State,2017.0,2017.0,TB,84.0,-17.0,0.21311475
2022,1,00-0033923,K.Hunt,RB,CLE,CAR,0,0,0.0,0,0.0,0.0,0.0,11,46.0,1,4,4,24.0,1,19.0,23.0,,,71.0,216.0,27.262,5.0,Toledo,2017.0,2017.0,KC,86.0,,0.13333334
2022,2,00-0033923,K.Hunt,RB,CLE,NYJ,0,0,0.0,0,0.0,0.0,0.0,13,58.0,0,2,2,16.0,0,7.4,9.4,,,71.0,216.0,27.262,5.0,Toledo,2017.0,2017.0,KC,86.0,-1.0,0.074074075
2022,3,00-0033923,K.Hunt,RB,CLE,PIT,0,0,0.0,0,0.0,0.0,0.0,12,47.0,0,4,3,14.0,0,6.1,9.1,,,71.0,216.0,27.262,5.0,Toledo,2017.0,2017.0,KC,86.0,12.0,0.12903225
2022,4,00-0033923,K.Hunt,RB,CLE,ATL,0,0,0.0,0,0.0,0.0,0.0,10,49.0,0,3,2,19.0,0,6.8,8.8,,,71.0,216.0,27.262,5.0,Toledo,2017.0,2017.0,KC,86.0,,0.08571429
2022,5,00-0033923,K.Hunt,RB,CLE,LAC,0,0,0.0,0,0.0,0.0,0.0,11,47.0,1,3,3,10.0,0,11.7,14.7,,,71.0,216.0,27.262,5.0,Toledo,2017.0,2017.0,KC,86.0,-2.0,0.09375
2022,6,00-0033923,K.Hunt,RB,CLE,NE,0,0,0.0,0,0.0,0.0,0.0,4,12.0,0,1,0,0.0,0,1.2,1.2,,,71.0,216.0,27.262,5.0,Toledo,2017.0,2017.0,KC,86.0,-23.0,0.023809524
2022,7,00-0033923,K.Hunt,RB,CLE,BAL,0,0,0.0,0,0.0,0.0,0.0,5,4.0,1,2,1,4.0,0,6.8,7.8,,,71.0,216.0,27.262,5.0,Toledo,2017.0,2017.0,KC,86.0,,0.08
2022,8,00-0033923,K.Hunt,RB,CLE,CIN,0,0,0.0,0,0.0,0.0,0.0,11,42.0,0,4,4,30.0,0,7.2,11.2,,,71.0,216.0,27.262,5.0,Toledo,2017.0,2017.0,KC,86.0,19.0,0.2
2022,10,00-0033923,K.Hunt,RB,CLE,MIA,0,0,0.0,0,0.0,0.0,0.0,6,9.0,0,1,1,10.0,0,1.9,2.9,,,71.0,216.0,27.262,5.0,Toledo,2017.0,2017.0,KC,86.0,,0.029411765
2022,11,00-0033923,K.Hunt,RB,CLE,BUF,0,0,0.0,0,0.0,0.0,0.0,5,32.0,0,2,2,22.0,0,5.4,7.4,,,71.0,216.0,27.262,5.0,Toledo,2017.0,2017.0,KC,86.0,,0.051282052
2022,12,00-0033923,K.Hunt,RB,CLE,TB,0,0,0.0,0,0.0,0.0,0.0,5,15.0,0,2,1,6.0,0,2.1,3.1,,,71.0,216.0,27.262,5.0,Toledo,2017.0,2017.0,KC,86.0,6.0,0.055555556
2022,13,00-0033923,K.Hunt,RB,CLE,HOU,0,0,0.0,0,0.0,0.0,0.0,9,56.0,0,3,2,18.0,0,7.4,9.4,,,71.0,216.0,27.262,5.0,Toledo,2017.0,2017.0,KC,86.0,,0.14285715
2022,14,00-0033923,K.Hunt,RB,CLE,CIN,0,0,0.0,0,0.0,0.0,0.0,4,6.0,0,4,2,6.0,0,1.2,3.2,,,71.0,216.0,27.262,5.0,Toledo,2017.0,2017.0,KC,86.0,,0.102564104
2022,15,00-0033923,K.Hunt,RB,CLE,BAL,0,0,0.0,0,0.0,0.0,0.0,4,24.0,0,1,1,3.0,0,2.7,3.7,,,71.0,216.0,27.262,5.0,Toledo,2017.0,2017.0,KC,86.0,10.0,0.03846154
2022,16,00-0033923,K.Hunt,RB,CLE,NO,0,0,0.0,0,0.0,0.0,0.0,7,8.0,0,3,3,14.0,0,2.2,5.2,,,71.0,216.0,27.262,5.0,Toledo,2017.0,2017.0,KC,86.0,-7.0,0.11111111
2022,17,00-0033923,K.Hunt,RB,CLE,WAS,0,0,0.0,0,0.0,0.0,0.0,2,0.0,0,1,1,-1.0,0,-0.1,0.9,,,71.0,216.0,27.262,5.0,Toledo,2017.0,2017.0,KC,86.0,,0.0625
2022,18,00-0033923,K.Hunt,RB,CLE,PIT,0,0,0.0,0,0.0,0.0,0.0,4,13.0,0,4,3,15.0,0,2.8,5.8,,,71.0,216.0,27.262,5.0,Toledo,2017.0,2017.0,KC,86.0,,0.14814815
2022,1,00-0033925,D.Foreman,RB,CAR,CLE,0,0,0.0,0,0.0,0.0,0.0,2,5.0,0,0,0,0.0,0,0.5,0.5,,,73.0,233.0,26.540294117647058,5.0,Texas,2017.0,2017.0,HOU,89.0,-2.0,
2022,2,00-0033925,D.Foreman,RB,CAR,NYG,0,0,0.0,0,0.0,0.0,0.0,2,9.0,0,0,0,0.0,0,0.9,0.9,,,73.0,233.0,26.540294117647058,5.0,Texas,2017.0,2017.0,HOU,89.0,,
2022,4,00-0033925,D.Foreman,RB,CAR,ARI,0,0,0.0,0,0.0,0.0,0.0,1,2.0,0,0,0,0.0,0,0.2,0.2,,,73.0,233.0,26.540294117647058,5.0,Texas,2017.0,2017.0,HOU,89.0,-10.0,
2022,5,00-0033925,D.Foreman,RB,CAR,SF,0,0,0.0,0,0.0,0.0,0.0,2,2.0,0,0,0,0.0,0,0.2,0.2,,,73.0,233.0,26.540294117647058,5.0,Texas,2017.0,2017.0,HOU,89.0,-22.0,
2022,6,00-0033925,D.Foreman,RB,CAR,LA,0,0,0.0,0,0.0,0.0,0.0,5,19.0,0,0,0,0.0,0,1.9,1.9,,,73.0,233.0,26.540294117647058,5.0,Texas,2017.0,2017.0,HOU,89.0,,
2022,7,00-0033925,D.Foreman,RB,CAR,TB,0,0,0.0,0,0.0,0.0,0.0,15,118.0,0,2,2,27.0,0,14.5,16.5,,,73.0,233.0,26.540294117647058,5.0,Texas,2017.0,2017.0,HOU,89.0,18.0,0.0952381
2022,8,00-0033925,D.Foreman,RB,CAR,ATL,0,0,0.0,0,0.0,0.0,0.0,26,118.0,3,1,0,0.0,0,31.8,31.8,,,73.0,233.0,26.540294117647058,5.0,Texas,2017.0,2017.0,HOU,89.0,,0.027777778
2022,9,00-0033925,D.Foreman,RB,CAR,CIN,0,0,0.0,0,0.0,0.0,0.0,7,23.0,0,3,2,-2.0,0,2.1,4.1,,,73.0,233.0,26.540294117647058,5.0,Texas,2017.0,2017.0,HOU,89.0,,0.1
2022,10,00-0033925,D.Foreman,RB,CAR,ATL,0,0,0.0,0,0.0,0.0,0.0,31,130.0,1,1,0,0.0,0,19.0,19.0,,,73.0,233.0,26.540294117647058,5.0,Texas,2017.0,2017.0,HOU,89.0,10.0,0.0625
2022,11,00-0033925,D.Foreman,RB,CAR,BAL,0,0,0.0,0,0.0,0.0,0.0,11,24.0,0,1,0,0.0,0,2.4,2.4,,,73.0,233.0,26.540294117647058,5.0,Texas,2017.0,2017.0,HOU,89.0,,0.032258064
2022,12,00-0033925,D.Foreman,RB,CAR,DEN,0,0,0.0,0,0.0,0.0,0.0,24,113.0,0,0,0,0.0,0,11.3,11.3,,,73.0,233.0,26.540294117647058,5.0,Texas,2017.0,2017.0,HOU,89.0,13.0,
2022,14,00-0033925,D.Foreman,RB,CAR,SEA,0,0,0.0,0,0.0,0.0,0.0,21,74.0,0,1,1,1.0,0,7.5,8.5,,,73.0,233.0,26.540294117647058,5.0,Texas,2017.0,2017.0,HOU,89.0,,0.05
2022,15,00-0033925,D.Foreman,RB,CAR,PIT,0,0,0.0,0,0.0,0.0,0.0,10,9.0,0,0,0,0.0,0,0.9,0.9,,,73.0,233.0,26.540294117647058,5.0,Texas,2017.0,2017.0,HOU,89.0,-8.0,
2022,16,00-0033925,D.Foreman,RB,CAR,DET,0,0,0.0,0,0.0,0.0,0.0,21,165.0,1,0,0,0.0,0,22.5,22.5,,,73.0,233.0,26.540294117647058,5.0,Texas,2017.0,2017.0,HOU,89.0,14.0,
2022,17,00-0033925,D.Foreman,RB,CAR,TB,0,0,0.0,0,0.0,0.0,0.0,13,35.0,0,0,0,0.0,0,3.5,3.5,,,73.0,233.0,26.540294117647058,5.0,Texas,2017.0,2017.0,HOU,89.0,,
2022,18,00-0033925,D.Foreman,RB,CAR,NO,0,0,0.0,0,0.0,0.0,0.0,12,68.0,0,0,0,0.0,0,6.8,6.8,,,73.0,233.0,26.540294117647058,5.0,Texas,2017.0,2017.0,HOU,89.0,,
2022,1,00-0033932,K.Golladay,WR,NYG,TEN,0,0,0.0,0,0.0,0.0,0.0,0,0.0,0,2,2,22.0,0,2.2,4.2,,,76.0,213.0,29.03721052631579,5.0,Northern Illinois,2017.0,2017.0,DET,96.0,,0.0952381
2022,3,00-0033932,K.Golladay,WR,NYG,DAL,0,0,0.0,0,0.0,0.0,0.0,0,0.0,0,3,0,0.0,0,0.0,0.0,,,76.0,213.0,29.03721052631579,5.0,Northern Illinois,2017.0,2017.0,DET,96.0,-7.0,0.09375
2022,4,00-0033932,K.Golladay,WR,NYG,CHI,0,0,0.0,0,0.0,0.0,0.0,0,0.0,0,1,0,0.0,0,0.0,0.0,,,76.0,213.0,29.03721052631579,5.0,Northern Illinois,2017.0,2017.0,DET,96.0,8.0,0.06666667
2022,10,00-0033932,K.Golladay,WR,NYG,HOU,0,0,0.0,0,0.0,0.0,0.0,0,0.0,0,2,0,0.0,0,0.0,0.0,,,76.0,213.0,29.03721052631579,5.0,Northern Illinois,2017.0,2017.0,DET,96.0,8.0,0.11764706
2022,11,00-0033932,K.Golladay,WR,NYG,DET,0,0,0.0,0,0.0,0.0,0.0,0,0.0,0,2,2,29.0,0,2.9,4.9,,,76.0,213.0,29.03721052631579,5.0,Northern Illinois,2017.0,2017.0,DET,96.0,-13.0,0.05
2022,18,00-0033932,K.Golladay,WR,NYG,PHI,0,0,0.0,0,0.0,0.0,0.0,0,0.0,0,7,2,30.0,1,9.0,11.0,,,76.0,213.0,29.03721052631579,5.0,Northern Illinois,2017.0,2017.0,DET,96.0,,0.18421052
2022,3,00-0033936,C.Beathard,QB,JAX,LAC,0,0,0.0,0,0.0,0.0,0.0,1,-1.0,0,0,0,0.0,0,-0.1,-0.1,,,74.0,215.0,28.999368421052633,5.0,Iowa,2017.0,2017.0,SF,104.0,,
2022,13,00-0033936,C.Beathard,QB,JAX,DET,2,3,6.0,0,0.0,0.0,-0.0,0,0.0,0,0,0,0.0,0,0.24,0.24,,,74.0,215.0,28.999368421052633,5.0,Iowa,2017.0,2017.0,SF,104.0,,
2022,16,00-0033936,C.Beathard,QB,JAX,NYJ,0,0,0.0,0,0.0,0.0,0.0,3,-3.0,0,0,0,0.0,0,-0.3,-0.3,,,74.0,215.0,28.999368421052633,5.0,Iowa,2017.0,2017.0,SF,104.0,,
2022,17,00-0033936,C.Beathard,QB,JAX,HOU,5,8,29.0,0,1.0,1.0,5.0,0,0.0,0,0,0,0.0,0,-0.84,-0.84,,,74.0,215.0,28.999368421052633,5.0,Iowa,2017.0,2017.0,SF,104.0,,
2022,1,00-0033943,J.Reynolds,WR,DET,PHI,0,0,0.0,0,0.0,0.0,0.0,0,0.0,0,3,1,28.0,0,2.8,3.8,,,75.0,196.0,27.73364705882353,5.0,Texas A&amp;M,2017.0,2017.0,LA,117.0,-3.0,0.08108108
2022,2,00-0033943,J.Reynolds,WR,DET,WAS,0,0,0.0,0,0.0,0.0,0.0,0,0.0,0,3,3,38.0,1,9.8,12.8,,,75.0,196.0,27.73364705882353,5.0,Texas A&amp;M,2017.0,2017.0,LA,117.0,9.0,0.0882353
2022,3,00-0033943,J.Reynolds,WR,DET,MIN,0,0,0.0,0,0.0,0.0,0.0,0,0.0,0,10,6,96.0,0,9.6,15.6,,,75.0,196.0,27.73364705882353,5.0,Texas A&amp;M,2017.0,2017.0,LA,117.0,,0.27027026
2022,4,00-0033943,J.Reynolds,WR,DET,SEA,0,0,0.0,0,0.0,0.0,0.0,0,0.0,0,8,7,81.0,1,14.1,21.1,,,75.0,196.0,27.73364705882353,5.0,Texas A&amp;M,2017.0,2017.0,LA,117.0,-3.0,0.20512821
2022,5,00-0033943,J.Reynolds,WR,DET,NE,0,0,0.0,0,0.0,0.0,0.0,0,0.0,0,10,6,92.0,0,9.2,15.2,,,75.0,196.0,27.73364705882353,5.0,Texas A&amp;M,2017.0,2017.0,LA,117.0,,0.32258064
2022,7,00-0033943,J.Reynolds,WR,DET,DAL,0,0,0.0,0,0.0,0.0,0.0,0,0.0,0,2,1,8.0,0,0.8,1.8,,,75.0,196.0,27.73364705882353,5.0,Texas A&amp;M,2017.0,2017.0,LA,117.0,,0.08
2022,8,00-0033943,J.Reynolds,WR,DET,MIA,0,0,0.0,0,0.0,0.0,0.0,0,0.0,0,6,2,14.0,0,1.4,3.4,,,75.0,196.0,27.73364705882353,5.0,Texas A&amp;M,2017.0,2017.0,LA,117.0,-4.0,0.16216215
2022,13,00-0033943,J.Reynolds,WR,DET,JAX,0,0,0.0,0,0.0,0.0,0.0,0,0.0,0,4,3,19.0,0,1.9,4.9,,,75.0,196.0,27.73364705882353,5.0,Texas A&amp;M,2017.0,2017.0,LA,117.0,26.0,0.102564104
2022,14,00-0033943,J.Reynolds,WR,DET,MIN,0,0,0.0,0,0.0,0.0,0.0,0,0.0,0,6,5,51.0,1,11.1,16.1,,,75.0,196.0,27.73364705882353,5.0,Texas A&amp;M,2017.0,2017.0,LA,117.0,11.0,0.16666667
2022,16,00-0033943,J.Reynolds,WR,DET,CAR,0,0,0.0,0,0.0,0.0,0.0,0,0.0,0,4,2,31.0,0,3.1,5.1,,,75.0,196.0,27.73364705882353,5.0,Texas A&amp;M,2017.0,2017.0,LA,117.0,,0.09756097
2022,17,00-0033943,J.Reynolds,WR,DET,CHI,0,0,0.0,0,0.0,0.0,0.0,0,0.0,0,1,1,5.0,0,0.5,1.5,,,75.0,196.0,27.73364705882353,5.0,Texas A&amp;M,2017.0,2017.0,LA,117.0,31.0,0.03448276
2022,18,00-0033943,J.Reynolds,WR,DET,GB,0,0,0.0,0,0.0,0.0,0.0,0,0.0,0,2,1,16.0,0,1.6,2.6,,,75.0,196.0,27.73364705882353,5.0,Texas A&amp;M,2017.0,2017.0,LA,117.0,,0.060606062
2022,1,00-0033948,J.Williams,RB,DET,PHI,0,0,0.0,0,0.0,0.0,0.0,11,28.0,2,2,1,2.0,0,15.0,16.0,,,72.0,213.0,27.607647058823527,5.0,Brigham Young,2017.0,2017.0,GB,134.0,-3.0,0.054054055
2022,2,00-0033948,J.Williams,RB,DET,WAS,0,0,0.0,0,0.0,0.0,0.0,12,53.0,0,1,1,7.0,0,6.0,7.0,,,72.0,213.0,27.607647058823527,5.0,Brigham Young,2017.0,2017.0,GB,134.0,9.0,0.029411765
2022,3,00-0033948,J.Williams,RB,DET,MIN,0,0,0.0,0,0.0,0.0,0.0,20,87.0,2,2,2,20.0,0,22.7,24.7,,,72.0,213.0,27.607647058823527,5.0,Brigham Young,2017.0,2017.0,GB,134.0,,0.054054055
2022,4,00-0033948,J.Williams,RB,DET,SEA,0,0,0.0,0,0.0,0.0,0.0,19,108.0,2,3,1,1.0,0,22.9,23.9,,,72.0,213.0,27.607647058823527,5.0,Brigham Young,2017.0,2017.0,GB,134.0,-3.0,0.07692308
2022,5,00-0033948,J.Williams,RB,DET,NE,0,0,0.0,0,0.0,0.0,0.0,15,56.0,0,0,0,0.0,0,5.6,5.6,,,72.0,213.0,27.607647058823527,5.0,Brigham Young,2017.0,2017.0,GB,134.0,,
2022,7,00-0033948,J.Williams,RB,DET,DAL,0,0,0.0,0,0.0,0.0,0.0,15,79.0,0,1,1,4.0,0,6.3,7.3,,,72.0,213.0,27.607647058823527,5.0,Brigham Young,2017.0,2017.0,GB,134.0,,0.04
2022,8,00-0033948,J.Williams,RB,DET,MIA,0,0,0.0,0,0.0,0.0,0.0,10,53.0,2,3,3,23.0,0,19.6,22.6,,,72.0,213.0,27.607647058823527,5.0,Brigham Young,2017.0,2017.0,GB,134.0,-4.0,0.08108108
2022,9,00-0033948,J.Williams,RB,DET,GB,0,0,0.0,0,0.0,0.0,0.0,24,81.0,0,0,0,0.0,0,10.1,10.1,,,72.0,213.0,27.607647058823527,5.0,Brigham Young,2017.0,2017.0,GB,134.0,6.0,
2022,10,00-0033948,J.Williams,RB,DET,CHI,0,0,0.0,0,0.0,0.0,0.0,16,59.0,1,0,0,0.0,0,11.9,11.9,,,72.0,213.0,27.607647058823527,5.0,Brigham Young,2017.0,2017.0,GB,134.0,,
2022,11,00-0033948,J.Williams,RB,DET,NYG,0,0,0.0,0,0.0,0.0,0.0,17,64.0,3,0,0,0.0,0,24.4,24.4,,,72.0,213.0,27.607647058823527,5.0,Brigham Young,2017.0,2017.0,GB,134.0,,
2022,12,00-0033948,J.Williams,RB,DET,BUF,0,0,0.0,0,0.0,0.0,0.0,18,66.0,1,0,0,0.0,0,10.6,10.6,,,72.0,213.0,27.607647058823527,5.0,Brigham Young,2017.0,2017.0,GB,134.0,-3.0,
2022,13,00-0033948,J.Williams,RB,DET,JAX,0,0,0.0,0,0.0,0.0,0.0,11,35.0,1,0,0,0.0,0,9.5,9.5,,,72.0,213.0,27.607647058823527,5.0,Brigham Young,2017.0,2017.0,GB,134.0,26.0,
2022,14,00-0033948,J.Williams,RB,DET,MIN,0,0,0.0,0,0.0,0.0,0.0,16,37.0,0,1,0,0.0,0,3.7,3.7,,,72.0,213.0,27.607647058823527,5.0,Brigham Young,2017.0,2017.0,GB,134.0,11.0,0.027777778
2022,15,00-0033948,J.Williams,RB,DET,NYJ,0,0,0.0,0,0.0,0.0,0.0,13,33.0,0,0,0,0.0,0,3.3,3.3,,,72.0,213.0,27.607647058823527,5.0,Brigham Young,2017.0,2017.0,GB,134.0,,
2022,16,00-0033948,J.Williams,RB,DET,CAR,0,0,0.0,0,0.0,0.0,0.0,7,11.0,0,2,2,3.0,0,1.4,3.4,,,72.0,213.0,27.607647058823527,5.0,Brigham Young,2017.0,2017.0,GB,134.0,,0.048780486
2022,17,00-0033948,J.Williams,RB,DET,CHI,0,0,0.0,0,0.0,0.0,0.0,22,144.0,1,1,1,13.0,0,21.7,22.7,,,72.0,213.0,27.607647058823527,5.0,Brigham Young,2017.0,2017.0,GB,134.0,31.0,0.03448276
2022,18,00-0033948,J.Williams,RB,DET,GB,0,0,0.0,0,0.0,0.0,0.0,16,72.0,2,0,0,0.0,0,19.2,19.2,,,72.0,213.0,27.607647058823527,5.0,Brigham Young,2017.0,2017.0,GB,134.0,,
2022,17,00-0033949,J.Dobbs,QB,TEN,DAL,20,39,232.0,1,1.0,2.0,12.0,3,12.0,0,0,0,0.0,0,10.48,10.48,,,75.0,216.0,27.78729411764706,5.0,Tennessee,2017.0,2017.0,PIT,135.0,-14.0,
2022,18,00-0033949,J.Dobbs,QB,TEN,JAX,20,29,179.0,1,1.0,4.0,14.0,5,32.0,0,0,0,0.0,0,10.36,10.36,,,75.0,216.0,27.78729411764706,5.0,Tennessee,2017.0,2017.0,PIT,135.0,,
2022,12,00-0033951,M.Mack,RB,DEN,CAR,0,0,0.0,0,0.0,0.0,0.0,2,7.0,0,1,1,5.0,0,1.2,2.2,,,71.0,210.0,26.677,5.0,South Florida,2017.0,2017.0,IND,143.0,,0.03125
2022,13,00-0033951,M.Mack,RB,DEN,BAL,0,0,0.0,0,0.0,0.0,0.0,2,3.0,0,1,1,6.0,0,0.9,1.9,,,71.0,210.0,26.677,5.0,South Florida,2017.0,2017.0,IND,143.0,,0.04761905
2022,14,00-0033951,M.Mack,RB,DEN,KC,0,0,0.0,0,0.0,0.0,0.0,3,15.0,0,3,2,62.0,1,13.7,15.7,,,71.0,210.0,26.677,5.0,South Florida,2017.0,2017.0,IND,143.0,-6.0,0.069767445
2022,15,00-0033951,M.Mack,RB,DEN,ARI,0,0,0.0,0,0.0,0.0,0.0,5,37.0,1,4,4,26.0,0,12.3,16.3,,,71.0,210.0,26.677,5.0,South Florida,2017.0,2017.0,IND,143.0,9.0,0.15384616
2022,16,00-0033951,M.Mack,RB,DEN,LA,0,0,0.0,0,0.0,0.0,0.0,4,22.0,0,1,0,0.0,0,2.2,2.2,,,71.0,210.0,26.677,5.0,South Florida,2017.0,2017.0,IND,143.0,,0.029411765
2022,15,00-0033958,N.Peterman,QB,CHI,PHI,0,1,0.0,0,0.0,0.0,-0.0,0,0.0,0,0,0,0.0,0,0.0,0.0,,,74.0,225.0,28.513352941176468,5.0,Pittsburgh,2017.0,2017.0,BUF,171.0,-5.0,
2022,16,00-0033958,N.Peterman,QB,CHI,BUF,3,5,25.0,0,1.0,0.0,-0.0,0,0.0,0,0,0,0.0,0,-1.0,-1.0,,,74.0,225.0,28.513352941176468,5.0,Pittsburgh,2017.0,2017.0,BUF,171.0,-22.0,
2022,18,00-0033958,N.Peterman,QB,CHI,MIN,11,19,114.0,1,0.0,1.0,6.0,2,7.0,0,0,0,0.0,0,9.26,9.26,,,74.0,225.0,28.513352941176468,5.0,Pittsburgh,2017.0,2017.0,BUF,171.0,-16.0,
2022,2,00-0034011,D.Arnold,TE,JAX,IND,0,0,0.0,0,0.0,0.0,0.0,0,0.0,0,1,1,8.0,0,0.8,1.8,,,78.0,220.0,27.674210526315786,5.0,Wisconsin-Platteville,2017.0,2017.0,,,24.0,0.033333335
2022,4,00-0034011,D.Arnold,TE,JAX,PHI,0,0,0.0,0,0.0,0.0,0.0,0,0.0,0,1,1,26.0,0,2.6,3.6,,,78.0,220.0,27.674210526315786,5.0,Wisconsin-Platteville,2017.0,2017.0,,,,0.04347826
2022,5,00-0034011,D.Arnold,TE,JAX,HOU,0,0,0.0,0,0.0,0.0,0.0,0,0.0,0,2,1,20.0,0,2.0,3.0,,,78.0,220.0,27.674210526315786,5.0,Wisconsin-Platteville,2017.0,2017.0,,,-7.0,0.045454547
2022,7,00-0034011,D.Arnold,TE,JAX,NYG,0,0,0.0,0,0.0,0.0,0.0,0,0.0,0,1,1,24.0,0,2.4,3.4,,,78.0,220.0,27.674210526315786,5.0,Wisconsin-Platteville,2017.0,2017.0,,,-6.0,0.023255814
2022,8,00-0034011,D.Arnold,TE,JAX,DEN,0,0,0.0,0,0.0,0.0,0.0,0,0.0,0,1,1,8.0,0,0.8,1.8,,,78.0,220.0,27.674210526315786,5.0,Wisconsin-Platteville,2017.0,2017.0,,,-4.0,0.035714287
2022,9,00-0034011,D.Arnold,TE,JAX,LV,0,0,0.0,0,0.0,0.0,0.0,0,0.0,0,1,1,19.0,0,1.9,2.9,,,78.0,220.0,27.674210526315786,5.0,Wisconsin-Platteville,2017.0,2017.0,,,7.0,0.03448276
2022,10,00-0034011,D.Arnold,TE,JAX,KC,0,0,0.0,0,0.0,0.0,0.0,0,0.0,0,1,1,8.0,0,0.8,1.8,,,78.0,220.0,27.674210526315786,5.0,Wisconsin-Platteville,2017.0,2017.0,,,,0.025641026
2022,14,00-0034011,D.Arnold,TE,JAX,TEN,0,0,0.0,0,0.0,0.0,0.0,0,0.0,0,3,1,5.0,0,0.5,1.5,,,78.0,220.0,27.674210526315786,5.0,Wisconsin-Platteville,2017.0,2017.0,,,,0.071428575
2022,16,00-0034011,D.Arnold,TE,JAX,NYJ,0,0,0.0,0,0.0,0.0,0.0,0,0.0,0,1,1,17.0,0,1.7,2.7,,,78.0,220.0,27.674210526315786,5.0,Wisconsin-Platteville,2017.0,2017.0,,,,0.033333335
2022,17,00-0034011,D.Arnold,TE,JAX,HOU,0,0,0.0,0,0.0,0.0,0.0,0,0.0,0,1,0,0.0,0,0.0,0.0,,,78.0,220.0,27.674210526315786,5.0,Wisconsin-Platteville,2017.0,2017.0,,,,0.035714287
2022,2,00-0034054,R.Cracraft,WR,MIA,BAL,0,0,0.0,0,0.0,0.0,0.0,0,0.0,0,2,1,2.0,1,6.2,7.2,,,72.0,200.0,28.031222222222222,5.0,Washington State,2017.0,2017.0,,,,0.04
2022,3,00-0034054,R.Cracraft,WR,MIA,BUF,0,0,0.0,0,0.0,0.0,0.0,0,0.0,0,1,1,11.0,1,7.1,8.1,,,72.0,200.0,28.031222222222222,5.0,Washington State,2017.0,2017.0,,,2.0,0.05
2022,4,00-0034054,R.Cracraft,WR,MIA,CIN,0,0,0.0,0,0.0,0.0,0.0,0,0.0,0,1,0,0.0,0,0.0,0.0,,,72.0,200.0,28.031222222222222,5.0,Washington State,2017.0,2017.0,,,,0.027777778
2022,5,00-0034054,R.Cracraft,WR,MIA,NYJ,0,0,0.0,0,0.0,0.0,0.0,0,0.0,0,1,0,0.0,0,0.0,0.0,,,72.0,200.0,28.031222222222222,5.0,Washington State,2017.0,2017.0,,,,0.03125
2022,6,00-0034054,R.Cracraft,WR,MIA,MIN,0,0,0.0,0,0.0,0.0,0.0,0,0.0,0,1,0,0.0,0,0.0,0.0,,,72.0,200.0,28.031222222222222,5.0,Washington State,2017.0,2017.0,,,-8.0,0.022222223
2022,12,00-0034054,R.Cracraft,WR,MIA,HOU,0,0,0.0,0,0.0,0.0,0.0,0,0.0,0,4,4,55.0,0,5.5,9.5,,,72.0,200.0,28.031222222222222,5.0,Washington State,2017.0,2017.0,,,15.0,0.10526316
2022,13,00-0034054,R.Cracraft,WR,MIA,SF,0,0,0.0,0,0.0,0.0,0.0,0,0.0,0,3,2,29.0,0,2.9,4.9,,,72.0,200.0,28.031222222222222,5.0,Washington State,2017.0,2017.0,,,,0.0882353
2022,18,00-0034054,R.Cracraft,WR,MIA,NYJ,0,0,0.0,0,0.0,0.0,0.0,0,0.0,0,1,1,5.0,0,0.5,1.5,,,72.0,200.0,28.031222222222222,5.0,Washington State,2017.0,2017.0,,,5.0,0.037037037
2022,1,00-0034073,R.Dwelley,TE,SF,CHI,0,0,0.0,0,0.0,0.0,0.0,0,0.0,0,2,1,11.0,0,1.1,2.1,,,77.0,240.0,27.818099999999998,4.0,San Diego,2018.0,2018.0,,,,0.07692308
2022,2,00-0034073,R.Dwelley,TE,SF,SEA,0,0,0.0,0,0.0,0.0,0.0,0,0.0,0,1,1,38.0,1,9.8,10.8,,,77.0,240.0,27.818099999999998,4.0,San Diego,2018.0,2018.0,,,20.0,0.041666668
2022,4,00-0034073,R.Dwelley,TE,SF,LA,0,0,0.0,0,0.0,0.0,0.0,0,0.0,0,1,0,0.0,0,0.0,0.0,,,77.0,240.0,27.818099999999998,4.0,San Diego,2018.0,2018.0,,,15.0,0.04
2022,8,00-0034073,R.Dwelley,TE,SF,LA,0,0,0.0,0,0.0,0.0,0.0,0,0.0,0,1,1,56.0,0,5.6,6.6,,,77.0,240.0,27.818099999999998,4.0,San Diego,2018.0,2018.0,,,,0.03846154
2022,1,00-0034104,C.Sims,WR,WAS,JAX,0,0,0.0,0,0.0,0.0,0.0,0,0.0,0,1,0,0.0,0,0.0,0.0,,,77.0,214.0,26.837764705882353,4.0,Alabama,2018.0,2018.0,,,6.0,0.024390243
2022,2,00-0034104,C.Sims,WR,WAS,DET,0,0,0.0,0,0.0,0.0,0.0,0,0.0,0,2,0,0.0,0,0.0,0.0,,,77.0,214.0,26.837764705882353,4.0,Alabama,2018.0,2018.0,,,,0.045454547
2022,5,00-0034104,C.Sims,WR,WAS,TEN,0,0,0.0,0,0.0,0.0,0.0,0,0.0,0,2,1,7.0,0,0.7,1.7,,,77.0,214.0,26.837764705882353,4.0,Alabama,2018.0,2018.0,,,-4.0,0.054054055
2022,6,00-0034104,C.Sims,WR,WAS,CHI,0,0,0.0,0,0.0,0.0,0.0,0,0.0,0,2,1,6.0,0,0.6,1.6,,,77.0,214.0,26.837764705882353,4.0,Alabama,2018.0,2018.0,,,,0.09090909
2022,7,00-0034104,C.Sims,WR,WAS,GB,0,0,0.0,0,0.0,0.0,0.0,0,0.0,0,2,1,12.0,0,1.2,2.2,,,77.0,214.0,26.837764705882353,4.0,Alabama,2018.0,2018.0,,,2.0,0.0625
2022,8,00-0034104,C.Sims,WR,WAS,IND,0,0,0.0,0,0.0,0.0,0.0,0,0.0,0,2,1,21.0,0,2.1,3.1,,,77.0,214.0,26.837764705882353,4.0,Alabama,2018.0,2018.0,,,,0.06666667
2022,9,00-0034104,C.Sims,WR,WAS,MIN,0,0,0.0,0,0.0,0.0,0.0,0,0.0,0,1,1,12.0,0,1.2,2.2,,,77.0,214.0,26.837764705882353,4.0,Alabama,2018.0,2018.0,,,-3.0,0.03846154
2022,10,00-0034104,C.Sims,WR,WAS,PHI,0,0,0.0,0,0.0,0.0,0.0,0,0.0,0,1,0,0.0,0,0.0,0.0,,,77.0,214.0,26.837764705882353,4.0,Alabama,2018.0,2018.0,,,,0.04
2022,11,00-0034104,C.Sims,WR,WAS,HOU,0,0,0.0,0,0.0,0.0,0.0,0,0.0,0,1,1,17.0,0,1.7,2.7,,,77.0,214.0,26.837764705882353,4.0,Alabama,2018.0,2018.0,,,,0.04347826
2022,13,00-0034104,C.Sims,WR,WAS,NYG,0,0,0.0,0,0.0,0.0,0.0,0,0.0,0,2,1,-2.0,0,-0.2,0.8,,,77.0,214.0,26.837764705882353,4.0,Alabama,2018.0,2018.0,,,,0.05
2022,17,00-0034104,C.Sims,WR,WAS,CLE,0,0,0.0,0,0.0,0.0,0.0,0,0.0,0,1,1,16.0,0,1.6,2.6,,,77.0,214.0,26.837764705882353,4.0,Alabama,2018.0,2018.0,,,-14.0,0.035714287
2022,18,00-0034104,C.Sims,WR,WAS,DAL,0,0,0.0,0,0.0,0.0,0.0,0,0.0,0,1,0,0.0,0,0.0,0.0,,,77.0,214.0,26.837764705882353,4.0,Alabama,2018.0,2018.0,,,20.0,0.055555556
2022,5,00-0034109,P.Lindsay,RB,IND,DEN,0,0,0.0,0,0.0,0.0,0.0,11,40.0,0,4,3,14.0,0,5.4,8.4,,,68.0,190.0,28.2195,4.0,Colorado,2018.0,2018.0,,,,0.11111111
2022,6,00-0034109,P.Lindsay,RB,IND,JAX,0,0,0.0,0,0.0,0.0,0.0,3,7.0,0,3,3,5.0,0,3.2,6.2,,,68.0,190.0,28.2195,4.0,Colorado,2018.0,2018.0,,,7.0,0.05357143
2022,9,00-0034109,P.Lindsay,RB,IND,NE,0,0,0.0,0,0.0,0.0,0.0,1,2.0,0,1,0,0.0,0,0.2,0.2,,,68.0,190.0,28.2195,4.0,Colorado,2018.0,2018.0,,,,0.035714287
2022,1,00-0034115,J.Wilson,RB,SF,CHI,0,0,0.0,0,0.0,0.0,0.0,9,22.0,0,2,2,8.0,0,3.0,5.0,,,72.0,194.0,26.99138888888889,4.0,North Texas,2018.0,2018.0,,,,0.07692308
2022,2,00-0034115,J.Wilson,RB,SF,SEA,0,0,0.0,0,0.0,0.0,0.0,18,84.0,0,2,2,19.0,0,10.3,12.3,,,72.0,194.0,26.99138888888889,4.0,North Texas,2018.0,2018.0,,,20.0,0.083333336
2022,3,00-0034115,J.Wilson,RB,SF,DEN,0,0,0.0,0,0.0,0.0,0.0,12,75.0,0,3,3,31.0,0,8.6,11.6,,,72.0,194.0,26.99138888888889,4.0,North Texas,2018.0,2018.0,,,,0.10344828
2022,4,00-0034115,J.Wilson,RB,SF,LA,0,0,0.0,0,0.0,0.0,0.0,18,74.0,1,0,0,0.0,0,13.4,13.4,,,72.0,194.0,26.99138888888889,4.0,North Texas,2018.0,2018.0,,,15.0,
2022,5,00-0034115,J.Wilson,RB,SF,CAR,0,0,0.0,0,0.0,0.0,0.0,17,120.0,1,2,1,12.0,0,19.2,20.2,,,72.0,194.0,26.99138888888889,4.0,North Texas,2018.0,2018.0,,,,0.06666667
2022,6,00-0034115,J.Wilson,RB,SF,ATL,0,0,0.0,0,0.0,0.0,0.0,7,25.0,0,1,0,0.0,0,0.5,0.5,,,72.0,194.0,26.99138888888889,4.0,North Texas,2018.0,2018.0,,,,0.024390243
2022,7,00-0034115,J.Wilson,RB,SF,KC,0,0,0.0,0,0.0,0.0,0.0,7,54.0,0,1,0,0.0,0,5.4,5.4,,,72.0,194.0,26.99138888888889,4.0,North Texas,2018.0,2018.0,,,-21.0,0.02173913
2022,8,00-0034115,J.Wilson,RB,SF,LA,0,0,0.0,0,0.0,0.0,0.0,4,14.0,0,2,2,21.0,0,3.5,5.5,,,72.0,194.0,26.99138888888889,4.0,North Texas,2018.0,2018.0,,,,0.07692308
2022,9,00-0034115,J.Wilson,RB,MIA,CHI,0,0,0.0,0,0.0,0.0,0.0,9,51.0,0,3,3,21.0,1,13.2,16.2,,,72.0,194.0,26.99138888888889,4.0,North Texas,2018.0,2018.0,,,,0.10344828
2022,10,00-0034115,J.Wilson,RB,MIA,CLE,0,0,0.0,0,0.0,0.0,0.0,17,119.0,1,5,2,24.0,0,20.3,22.3,,,72.0,194.0,26.99138888888889,4.0,North Texas,2018.0,2018.0,,,22.0,0.15151516
2022,12,00-0034115,J.Wilson,RB,MIA,HOU,0,0,0.0,0,0.0,0.0,0.0,13,39.0,1,3,1,13.0,0,11.2,12.2,,,72.0,194.0,26.99138888888889,4.0,North Texas,2018.0,2018.0,,,15.0,0.078947365
2022,13,00-0034115,J.Wilson,RB,MIA,SF,0,0,0.0,0,0.0,0.0,0.0,1,3.0,0,2,0,0.0,0,0.3,0.3,,,72.0,194.0,26.99138888888889,4.0,North Texas,2018.0,2018.0,,,,0.05882353
2022,14,00-0034115,J.Wilson,RB,MIA,LAC,0,0,0.0,0,0.0,0.0,0.0,4,26.0,0,0,0,0.0,0,2.6,2.6,,,72.0,194.0,26.99138888888889,4.0,North Texas,2018.0,2018.0,,,,
2022,16,00-0034115,J.Wilson,RB,MIA,GB,0,0,0.0,0,0.0,0.0,0.0,9,37.0,1,2,1,3.0,0,10.0,11.0,,,72.0,194.0,26.99138888888889,4.0,North Texas,2018.0,2018.0,,,-6.0,0.083333336
2022,17,00-0034115,J.Wilson,RB,MIA,NE,0,0,0.0,0,0.0,0.0,0.0,15,45.0,0,7,3,31.0,0,7.6,10.6,,,72.0,194.0,26.99138888888889,4.0,North Texas,2018.0,2018.0,,,,0.175
2022,18,00-0034115,J.Wilson,RB,MIA,NYJ,0,0,0.0,0,0.0,0.0,0.0,16,72.0,0,2,2,2.0,0,7.4,9.4,,,72.0,194.0,26.99138888888889,4.0,North Texas,2018.0,2018.0,,,5.0,0.074074075
2022,19,00-0034115,J.Wilson,RB,MIA,BUF,0,0,0.0,0,0.0,0.0,0.0,10,23.0,1,4,1,13.0,0,9.6,10.6,,,72.0,194.0,26.99138888888889,4.0,North Texas,2018.0,2018.0,,,,0.0952381
2022,1,00-0034159,W.Dissly,TE,SEA,DEN,0,0,0.0,0,0.0,0.0,0.0,0,0.0,0,3,3,43.0,1,10.3,13.3,,,76.0,267.0,26.347388888888887,4.0,Washington,2018.0,2018.0,SEA,120.0,1.0,0.11111111
2022,2,00-0034159,W.Dissly,TE,SEA,SF,0,0,0.0,0,0.0,0.0,0.0,0,0.0,0,2,2,0.0,0,0.0,2.0,,,76.0,267.0,26.347388888888887,4.0,Washington,2018.0,2018.0,SEA,120.0,,0.06666667
2022,3,00-0034159,W.Dissly,TE,SEA,ATL,0,0,0.0,0,0.0,0.0,0.0,0,0.0,0,3,3,34.0,1,9.4,12.4,,,76.0,267.0,26.347388888888887,4.0,Washington,2018.0,2018.0,SEA,120.0,-4.0,0.06818182
2022,4,00-0034159,W.Dissly,TE,SEA,DET,0,0,0.0,0,0.0,0.0,0.0,0,0.0,0,4,4,39.0,1,9.9,13.9,,,76.0,267.0,26.347388888888887,4.0,Washington,2018.0,2018.0,SEA,120.0,,0.13793103
2022,5,00-0034159,W.Dissly,TE,SEA,NO,0,0,0.0,0,0.0,0.0,0.0,0,0.0,0,3,2,21.0,0,2.1,4.1,,,76.0,267.0,26.347388888888887,4.0,Washington,2018.0,2018.0,SEA,120.0,,0.125
2022,6,00-0034159,W.Dissly,TE,SEA,ARI,0,0,0.0,0,0.0,0.0,0.0,0,0.0,0,1,1,12.0,0,1.2,2.2,,,76.0,267.0,26.347388888888887,4.0,Washington,2018.0,2018.0,SEA,120.0,10.0,0.033333335
2022,7,00-0034159,W.Dissly,TE,SEA,LAC,0,0,0.0,0,0.0,0.0,0.0,0,0.0,0,4,4,45.0,0,4.5,8.5,,,76.0,267.0,26.347388888888887,4.0,Washington,2018.0,2018.0,SEA,120.0,,0.15384616
2022,8,00-0034159,W.Dissly,TE,SEA,NYG,0,0,0.0,0,0.0,0.0,0.0,0,0.0,0,2,2,12.0,0,1.2,3.2,,,76.0,267.0,26.347388888888887,4.0,Washington,2018.0,2018.0,SEA,120.0,14.0,0.060606062
2022,9,00-0034159,W.Dissly,TE,SEA,ARI,0,0,0.0,0,0.0,0.0,0.0,0,0.0,0,4,3,24.0,0,2.4,5.4,,,76.0,267.0,26.347388888888887,4.0,Washington,2018.0,2018.0,SEA,120.0,,0.125
2022,10,00-0034159,W.Dissly,TE,SEA,TB,0,0,0.0,0,0.0,0.0,0.0,0,0.0,0,2,2,28.0,0,2.8,4.8,,,76.0,267.0,26.347388888888887,4.0,Washington,2018.0,2018.0,SEA,120.0,,0.060606062
2022,12,00-0034159,W.Dissly,TE,SEA,LV,0,0,0.0,0,0.0,0.0,0.0,0,0.0,0,3,2,17.0,0,1.7,3.7,,,76.0,267.0,26.347388888888887,4.0,Washington,2018.0,2018.0,SEA,120.0,-6.0,0.08108108
2022,13,00-0034159,W.Dissly,TE,SEA,LA,0,0,0.0,0,0.0,0.0,0.0,0,0.0,0,2,2,22.0,0,2.2,4.2,,,76.0,267.0,26.347388888888887,4.0,Washington,2018.0,2018.0,SEA,120.0,,0.054054055
2022,14,00-0034159,W.Dissly,TE,SEA,CAR,0,0,0.0,0,0.0,0.0,0.0,0,0.0,0,3,2,20.0,0,2.0,4.0,,,76.0,267.0,26.347388888888887,4.0,Washington,2018.0,2018.0,SEA,120.0,-6.0,0.083333336
2022,15,00-0034159,W.Dissly,TE,SEA,SF,0,0,0.0,0,0.0,0.0,0.0,0,0.0,0,1,1,13.0,0,1.3,2.3,,,76.0,267.0,26.347388888888887,4.0,Washington,2018.0,2018.0,SEA,120.0,-8.0,0.024390243
2022,16,00-0034159,W.Dissly,TE,SEA,KC,0,0,0.0,0,0.0,0.0,0.0,0,0.0,0,1,1,19.0,0,1.9,2.9,,,76.0,267.0,26.347388888888887,4.0,Washington,2018.0,2018.0,SEA,120.0,,0.02631579
2022,5,00-0034160,M.Dickson,P,SEA,NO,0,0,0.0,0,0.0,0.0,0.0,1,-8.0,0,0,0,0.0,0,-0.8,-0.8,,,74.0,208.0,26.85666666666667,4.0,Texas,2018.0,2018.0,SEA,149.0,,
2022,6,00-0034160,M.Dickson,P,SEA,ARI,0,0,0.0,0,0.0,0.0,0.0,1,-10.0,0,0,0,0.0,0,-3.0,-3.0,,,74.0,208.0,26.85666666666667,4.0,Texas,2018.0,2018.0,SEA,149.0,10.0,
2022,11,00-0034171,J.Cabinda,FB,DET,NYG,0,0,0.0,0,0.0,0.0,0.0,0,0.0,0,2,0,0.0,0,0.0,0.0,,,73.0,235.0,26.652176470588234,4.0,Penn State,2018.0,2018.0,,,,0.08
2022,13,00-0034171,J.Cabinda,FB,DET,JAX,0,0,0.0,0,0.0,0.0,0.0,1,4.0,0,0,0,0.0,0,0.4,0.4,,,73.0,235.0,26.652176470588234,4.0,Penn State,2018.0,2018.0,,,26.0,
2022,15,00-0034171,J.Cabinda,FB,DET,NYJ,0,0,0.0,0,0.0,0.0,0.0,0,0.0,0,1,0,0.0,0,0.0,0.0,,,73.0,235.0,26.652176470588234,4.0,Penn State,2018.0,2018.0,,,,0.027777778
2022,17,00-0034171,J.Cabinda,FB,DET,CHI,0,0,0.0,0,0.0,0.0,0.0,0,0.0,0,1,1,5.0,0,0.5,1.5,,,73.0,235.0,26.652176470588234,4.0,Penn State,2018.0,2018.0,,,31.0,0.03448276
2022,18,00-0034177,T.Boyle,QB,CHI,MIN,2,8,33.0,0,2.0,0.0,-0.0,2,-2.0,0,0,0,0.0,0,-2.88,-2.88,,,76.0,233.0,28.10075,4.0,Eastern Kentucky,2018.0,2018.0,,,-16.0,
2022,7,00-0034184,G.Edwards,RB,BAL,CLE,0,0,0.0,0,0.0,0.0,0.0,16,66.0,2,1,0,0.0,0,18.6,18.6,,,73.0,238.0,27.586,4.0,Rutgers,2018.0,2018.0,,,3.0,0.0625
2022,8,00-0034184,G.Edwards,RB,BAL,TB,0,0,0.0,0,0.0,0.0,0.0,11,65.0,0,0,0,0.0,0,6.5,6.5,,,73.0,238.0,27.586,4.0,Rutgers,2018.0,2018.0,,,,
2022,12,00-0034184,G.Edwards,RB,BAL,JAX,0,0,0.0,0,0.0,0.0,0.0,16,52.0,1,1,0,0.0,0,9.2,9.2,,,73.0,238.0,27.586,4.0,Rutgers,2018.0,2018.0,,,,0.033333335
2022,13,00-0034184,G.Edwards,RB,BAL,DEN,0,0,0.0,0,0.0,0.0,0.0,6,12.0,0,0,0,0.0,0,1.2,1.2,,,73.0,238.0,27.586,4.0,Rutgers,2018.0,2018.0,,,1.0,
2022,14,00-0034184,G.Edwards,RB,BAL,PIT,0,0,0.0,0,0.0,0.0,0.0,13,66.0,0,0,0,0.0,0,6.6,6.6,,,73.0,238.0,27.586,4.0,Rutgers,2018.0,2018.0,,,,
2022,15,00-0034184,G.Edwards,RB,BAL,CLE,0,0,0.0,0,0.0,0.0,0.0,7,55.0,0,0,0,0.0,0,5.5,5.5,,,73.0,238.0,27.586,4.0,Rutgers,2018.0,2018.0,,,,
2022,16,00-0034184,G.Edwards,RB,BAL,ATL,0,0,0.0,0,0.0,0.0,0.0,11,99.0,0,0,0,0.0,0,9.9,9.9,,,73.0,238.0,27.586,4.0,Rutgers,2018.0,2018.0,,,8.0,
2022,17,00-0034184,G.Edwards,RB,BAL,PIT,0,0,0.0,0,0.0,0.0,0.0,3,2.0,0,0,0,0.0,0,0.2,0.2,,,73.0,238.0,27.586,4.0,Rutgers,2018.0,2018.0,,,-3.0,
2022,18,00-0034184,G.Edwards,RB,BAL,CIN,0,0,0.0,0,0.0,0.0,0.0,4,16.0,0,0,0,0.0,0,1.6,1.6,,,73.0,238.0,27.586,4.0,Rutgers,2018.0,2018.0,,,,
2022,19,00-0034184,G.Edwards,RB,BAL,CIN,0,0,0.0,0,0.0,0.0,0.0,12,39.0,0,1,1,13.0,0,5.2,6.2,,,73.0,238.0,27.586,4.0,Rutgers,2018.0,2018.0,,,,0.035714287
2022,1,00-0034208,M.Boone,RB,DEN,SEA,0,0,0.0,0,0.0,0.0,0.0,0,0.0,0,1,1,2.0,0,0.2,1.2,,,70.0,205.0,27.281764705882352,4.0,Cincinnati,2018.0,2018.0,,,,0.024390243
2022,3,00-0034208,M.Boone,RB,DEN,SF,0,0,0.0,0,0.0,0.0,0.0,0,0.0,0,1,0,0.0,0,0.0,0.0,,,70.0,205.0,27.281764705882352,4.0,Cincinnati,2018.0,2018.0,,,1.0,0.03125
2022,4,00-0034208,M.Boone,RB,DEN,LV,0,0,0.0,0,0.0,0.0,0.0,3,20.0,0,3,1,9.0,0,2.9,3.9,,,70.0,205.0,27.281764705882352,4.0,Cincinnati,2018.0,2018.0,,,,0.12
2022,5,00-0034208,M.Boone,RB,DEN,IND,0,0,0.0,0,0.0,0.0,0.0,7,38.0,0,3,3,47.0,0,8.5,11.5,,,70.0,205.0,27.281764705882352,4.0,Cincinnati,2018.0,2018.0,,,-3.0,0.078947365
2022,6,00-0034208,M.Boone,RB,DEN,LAC,0,0,0.0,0,0.0,0.0,0.0,1,1.0,0,4,1,3.0,0,0.4,1.4,,,70.0,205.0,27.281764705882352,4.0,Cincinnati,2018.0,2018.0,,,,0.16
2022,7,00-0034208,M.Boone,RB,DEN,NYJ,0,0,0.0,0,0.0,0.0,0.0,4,23.0,0,0,0,0.0,0,2.3,2.3,,,70.0,205.0,27.281764705882352,4.0,Cincinnati,2018.0,2018.0,,,-7.0,
2022,13,00-0034208,M.Boone,RB,DEN,BAL,0,0,0.0,0,0.0,0.0,0.0,6,18.0,0,1,1,8.0,0,2.6,3.6,,,70.0,205.0,27.281764705882352,4.0,Cincinnati,2018.0,2018.0,,,,0.04761905
2022,14,00-0034208,M.Boone,RB,DEN,KC,0,0,0.0,0,0.0,0.0,0.0,3,2.0,0,2,2,27.0,0,2.9,4.9,,,70.0,205.0,27.281764705882352,4.0,Cincinnati,2018.0,2018.0,,,-6.0,0.046511628
2022,1,00-0034253,D.Hilliard,RB,TEN,NYG,0,0,0.0,0,0.0,0.0,0.0,2,8.0,0,4,3,61.0,2,18.9,21.9,,,71.0,202.0,27.70570588235294,4.0,Tulane,2018.0,2018.0,,,-1.0,0.12903225
2022,3,00-0034253,D.Hilliard,RB,TEN,LV,0,0,0.0,0,0.0,0.0,0.0,2,14.0,0,1,1,30.0,0,4.4,5.4,,,71.0,202.0,27.70570588235294,4.0,Tulane,2018.0,2018.0,,,2.0,0.03846154
2022,4,00-0034253,D.Hilliard,RB,TEN,IND,0,0,0.0,0,0.0,0.0,0.0,0,0.0,0,4,4,18.0,0,1.8,5.8,,,71.0,202.0,27.70570588235294,4.0,Tulane,2018.0,2018.0,,,,0.1904762
2022,5,00-0034253,D.Hilliard,RB,TEN,WAS,0,0,0.0,0,0.0,0.0,0.0,1,0.0,0,5,4,23.0,1,8.3,12.3,,,71.0,202.0,27.70570588235294,4.0,Tulane,2018.0,2018.0,,,,0.2173913
2022,7,00-0034253,D.Hilliard,RB,TEN,IND,0,0,0.0,0,0.0,0.0,0.0,1,4.0,0,2,0,0.0,0,0.4,0.4,,,71.0,202.0,27.70570588235294,4.0,Tulane,2018.0,2018.0,,,9.0,0.1
2022,8,00-0034253,D.Hilliard,RB,TEN,HOU,0,0,0.0,0,0.0,0.0,0.0,8,83.0,0,1,1,12.0,0,9.5,10.5,,,71.0,202.0,27.70570588235294,4.0,Tulane,2018.0,2018.0,,,,0.125
2022,9,00-0034253,D.Hilliard,RB,TEN,KC,0,0,0.0,0,0.0,0.0,0.0,3,12.0,0,1,1,-4.0,0,0.8,1.8,,,71.0,202.0,27.70570588235294,4.0,Tulane,2018.0,2018.0,,,,0.07692308
2022,10,00-0034253,D.Hilliard,RB,TEN,DEN,0,0,0.0,0,0.0,0.0,0.0,1,2.0,0,2,1,6.0,0,0.8,1.8,,,71.0,202.0,27.70570588235294,4.0,Tulane,2018.0,2018.0,,,7.0,0.055555556
2022,11,00-0034253,D.Hilliard,RB,TEN,GB,0,0,0.0,0,0.0,0.0,0.0,1,4.0,0,1,1,14.0,1,7.8,8.8,,,71.0,202.0,27.70570588235294,4.0,Tulane,2018.0,2018.0,,,,0.037037037
2022,12,00-0034253,D.Hilliard,RB,TEN,CIN,0,0,0.0,0,0.0,0.0,0.0,2,16.0,0,3,3,3.0,0,1.9,4.9,,,71.0,202.0,27.70570588235294,4.0,Tulane,2018.0,2018.0,,,-4.0,0.0882353
2022,13,00-0034253,D.Hilliard,RB,TEN,PHI,0,0,0.0,0,0.0,0.0,0.0,1,2.0,0,2,2,14.0,0,1.6,3.6,,,71.0,202.0,27.70570588235294,4.0,Tulane,2018.0,2018.0,,,,0.08
2022,1,00-0034270,T.Conklin,TE,NYJ,BAL,0,0,0.0,0,0.0,0.0,0.0,0,0.0,0,7,4,16.0,1,7.6,11.6,,,75.0,254.0,27.28029411764706,4.0,Central Michigan,2018.0,2018.0,MIN,157.0,-15.0,0.12280702
2022,2,00-0034270,T.Conklin,TE,NYJ,CLE,0,0,0.0,0,0.0,0.0,0.0,0,0.0,0,9,6,40.0,0,4.0,10.0,,,75.0,254.0,27.28029411764706,4.0,Central Michigan,2018.0,2018.0,MIN,157.0,,0.20930232
2022,3,00-0034270,T.Conklin,TE,NYJ,CIN,0,0,0.0,0,0.0,0.0,0.0,0,0.0,0,8,8,84.0,0,8.4,16.4,,,75.0,254.0,27.28029411764706,4.0,Central Michigan,2018.0,2018.0,MIN,157.0,-15.0,0.16666667
2022,4,00-0034270,T.Conklin,TE,NYJ,PIT,0,0,0.0,0,0.0,0.0,0.0,0,0.0,0,5,3,52.0,0,5.2,8.2,,,75.0,254.0,27.28029411764706,4.0,Central Michigan,2018.0,2018.0,MIN,157.0,,0.15151516
2022,5,00-0034270,T.Conklin,TE,NYJ,MIA,0,0,0.0,0,0.0,0.0,0.0,0,0.0,0,1,0,0.0,0,0.0,0.0,,,75.0,254.0,27.28029411764706,4.0,Central Michigan,2018.0,2018.0,MIN,157.0,23.0,0.04761905
2022,6,00-0034270,T.Conklin,TE,NYJ,GB,0,0,0.0,0,0.0,0.0,0.0,1,1.0,0,2,1,16.0,0,1.7,2.7,,,75.0,254.0,27.28029411764706,4.0,Central Michigan,2018.0,2018.0,MIN,157.0,,0.11764706
2022,7,00-0034270,T.Conklin,TE,NYJ,DEN,0,0,0.0,0,0.0,0.0,0.0,0,0.0,0,6,4,22.0,0,2.2,6.2,,,75.0,254.0,27.28029411764706,4.0,Central Michigan,2018.0,2018.0,MIN,157.0,,0.26086956
2022,8,00-0034270,T.Conklin,TE,NYJ,NE,0,0,0.0,0,0.0,0.0,0.0,0,0.0,0,10,6,79.0,2,19.9,25.9,,,75.0,254.0,27.28029411764706,4.0,Central Michigan,2018.0,2018.0,MIN,157.0,-5.0,0.29411766
2022,9,00-0034270,T.Conklin,TE,NYJ,BUF,0,0,0.0,0,0.0,0.0,0.0,0,0.0,0,2,1,7.0,0,0.7,1.7,,,75.0,254.0,27.28029411764706,4.0,Central Michigan,2018.0,2018.0,MIN,157.0,3.0,0.083333336
2022,11,00-0034270,T.Conklin,TE,NYJ,NE,0,0,0.0,0,0.0,0.0,0.0,0,0.0,0,3,2,15.0,0,1.5,3.5,,,75.0,254.0,27.28029411764706,4.0,Central Michigan,2018.0,2018.0,MIN,157.0,,0.15
2022,12,00-0034270,T.Conklin,TE,NYJ,CHI,0,0,0.0,0,0.0,0.0,0.0,0,0.0,0,3,3,50.0,0,5.0,8.0,,,75.0,254.0,27.28029411764706,4.0,Central Michigan,2018.0,2018.0,MIN,157.0,21.0,0.10714286
2022,13,00-0034270,T.Conklin,TE,NYJ,MIN,0,0,0.0,0,0.0,0.0,0.0,0,0.0,0,7,2,9.0,0,0.9,2.9,,,75.0,254.0,27.28029411764706,4.0,Central Michigan,2018.0,2018.0,MIN,157.0,,0.12727273
2022,14,00-0034270,T.Conklin,TE,NYJ,BUF,0,0,0.0,0,0.0,0.0,0.0,0,0.0,0,8,5,28.0,0,2.8,7.8,,,75.0,254.0,27.28029411764706,4.0,Central Michigan,2018.0,2018.0,MIN,157.0,,0.18181819
2022,15,00-0034270,T.Conklin,TE,NYJ,DET,0,0,0.0,0,0.0,0.0,0.0,1,2.0,0,2,1,7.0,0,0.9,1.9,,,75.0,254.0,27.28029411764706,4.0,Central Michigan,2018.0,2018.0,MIN,157.0,-3.0,0.05882353
2022,16,00-0034270,T.Conklin,TE,NYJ,JAX,0,0,0.0,0,0.0,0.0,0.0,0,0.0,0,4,4,34.0,0,3.4,7.4,,,75.0,254.0,27.28029411764706,4.0,Central Michigan,2018.0,2018.0,MIN,157.0,-16.0,0.13333334
2022,17,00-0034270,T.Conklin,TE,NYJ,SEA,0,0,0.0,0,0.0,0.0,0.0,0,0.0,0,6,6,80.0,0,8.0,14.0,,,75.0,254.0,27.28029411764706,4.0,Central Michigan,2018.0,2018.0,MIN,157.0,,0.13333334
2022,18,00-0034270,T.Conklin,TE,NYJ,MIA,0,0,0.0,0,0.0,0.0,0.0,0,0.0,0,4,2,13.0,0,1.3,3.3,,,75.0,254.0,27.28029411764706,4.0,Central Michigan,2018.0,2018.0,MIN,157.0,,0.125
2022,1,00-0034272,M.Valdes-Scantling,WR,KC,ARI,0,0,0.0,0,0.0,0.0,0.0,1,-3.0,0,4,4,44.0,0,4.1,8.1,,,76.0,207.0,28.118299999999998,4.0,South Florida,2018.0,2018.0,GB,174.0,,0.102564104
2022,2,00-0034272,M.Valdes-Scantling,WR,KC,LAC,0,0,0.0,0,0.0,0.0,0.0,0,0.0,0,7,2,13.0,0,1.3,3.3,,,76.0,207.0,28.118299999999998,4.0,South Florida,2018.0,2018.0,GB,174.0,3.0,0.20588236
2022,3,00-0034272,M.Valdes-Scantling,WR,KC,IND,0,0,0.0,0,0.0,0.0,0.0,0,0.0,0,7,4,48.0,0,4.8,8.8,,,76.0,207.0,28.118299999999998,4.0,South Florida,2018.0,2018.0,GB,174.0,,0.21212122
2022,4,00-0034272,M.Valdes-Scantling,WR,KC,TB,0,0,0.0,0,0.0,0.0,0.0,0,0.0,0,5,3,63.0,0,6.3,9.3,,,76.0,207.0,28.118299999999998,4.0,South Florida,2018.0,2018.0,GB,174.0,,0.14705883
2022,5,00-0034272,M.Valdes-Scantling,WR,KC,LV,0,0,0.0,0,0.0,0.0,0.0,0,0.0,0,8,6,90.0,0,9.0,15.0,,,76.0,207.0,28.118299999999998,4.0,South Florida,2018.0,2018.0,GB,174.0,1.0,0.1904762
2022,6,00-0034272,M.Valdes-Scantling,WR,KC,BUF,0,0,0.0,0,0.0,0.0,0.0,0,0.0,0,3,0,0.0,0,0.0,0.0,,,76.0,207.0,28.118299999999998,4.0,South Florida,2018.0,2018.0,GB,174.0,-4.0,0.08571429
2022,7,00-0034272,M.Valdes-Scantling,WR,KC,SF,0,0,0.0,0,0.0,0.0,0.0,0,0.0,0,4,3,111.0,0,11.1,14.1,,,76.0,207.0,28.118299999999998,4.0,South Florida,2018.0,2018.0,GB,174.0,,0.11764706
2022,9,00-0034272,M.Valdes-Scantling,WR,KC,TEN,0,0,0.0,0,0.0,0.0,0.0,0,0.0,0,1,1,12.0,0,1.2,2.2,,,76.0,207.0,28.118299999999998,4.0,South Florida,2018.0,2018.0,GB,174.0,3.0,0.016129032
2022,10,00-0034272,M.Valdes-Scantling,WR,KC,JAX,0,0,0.0,0,0.0,0.0,0.0,0,0.0,0,4,3,60.0,1,12.0,15.0,,,76.0,207.0,28.118299999999998,4.0,South Florida,2018.0,2018.0,GB,174.0,10.0,0.114285715
2022,11,00-0034272,M.Valdes-Scantling,WR,KC,LAC,0,0,0.0,0,0.0,0.0,0.0,0,0.0,0,4,1,18.0,0,1.8,2.8,,,76.0,207.0,28.118299999999998,4.0,South Florida,2018.0,2018.0,GB,174.0,,0.12903225
2022,12,00-0034272,M.Valdes-Scantling,WR,KC,LA,0,0,0.0,0,0.0,0.0,0.0,0,0.0,0,5,4,56.0,0,5.6,9.6,,,76.0,207.0,28.118299999999998,4.0,South Florida,2018.0,2018.0,GB,174.0,16.0,0.13513513
2022,13,00-0034272,M.Valdes-Scantling,WR,KC,CIN,0,0,0.0,0,0.0,0.0,0.0,0,0.0,0,6,2,71.0,0,7.1,9.1,,,76.0,207.0,28.118299999999998,4.0,South Florida,2018.0,2018.0,GB,174.0,,0.26086956
2022,14,00-0034272,M.Valdes-Scantling,WR,KC,DEN,0,0,0.0,0,0.0,0.0,0.0,0,0.0,0,3,1,20.0,0,2.0,3.0,,,76.0,207.0,28.118299999999998,4.0,South Florida,2018.0,2018.0,GB,174.0,,0.071428575
2022,15,00-0034272,M.Valdes-Scantling,WR,KC,HOU,0,0,0.0,0,0.0,0.0,0.0,0,0.0,0,5,3,26.0,1,8.6,11.6,,,76.0,207.0,28.118299999999998,4.0,South Florida,2018.0,2018.0,GB,174.0,,0.12195122
2022,16,00-0034272,M.Valdes-Scantling,WR,KC,SEA,0,0,0.0,0,0.0,0.0,0.0,0,0.0,0,2,0,0.0,0,0.0,0.0,,,76.0,207.0,28.118299999999998,4.0,South Florida,2018.0,2018.0,GB,174.0,14.0,0.074074075
2022,17,00-0034272,M.Valdes-Scantling,WR,KC,DEN,0,0,0.0,0,0.0,0.0,0.0,0,0.0,0,7,2,28.0,0,2.8,4.8,,,76.0,207.0,28.118299999999998,4.0,South Florida,2018.0,2018.0,GB,174.0,3.0,0.17073171
2022,18,00-0034272,M.Valdes-Scantling,WR,KC,LV,0,0,0.0,0,0.0,0.0,0.0,0,0.0,0,6,3,27.0,0,2.7,5.7,,,76.0,207.0,28.118299999999998,4.0,South Florida,2018.0,2018.0,GB,174.0,,0.25
2022,20,00-0034272,M.Valdes-Scantling,WR,KC,JAX,0,0,0.0,0,0.0,0.0,0.0,0,0.0,0,2,1,6.0,1,6.6,7.6,,,76.0,207.0,28.118299999999998,4.0,South Florida,2018.0,2018.0,GB,174.0,7.0,0.057142857
2022,21,00-0034272,M.Valdes-Scantling,WR,KC,CIN,0,0,0.0,0,0.0,0.0,0.0,0,0.0,0,8,6,116.0,1,17.6,23.6,,,76.0,207.0,28.118299999999998,4.0,South Florida,2018.0,2018.0,GB,174.0,3.0,0.19512194
2022,22,00-0034272,M.Valdes-Scantling,WR,KC,PHI,0,0,0.0,0,0.0,0.0,0.0,0,0.0,0,1,0,0.0,0,0.0,0.0,,,76.0,207.0,28.118299999999998,4.0,South Florida,2018.0,2018.0,GB,174.0,,0.04
2022,1,00-0034279,E.St. Brown,WR,CHI,SF,0,0,0.0,0,0.0,0.0,0.0,0,0.0,0,3,1,18.0,1,7.8,8.8,,,77.0,214.0,26.103882352941177,4.0,Notre Dame,2018.0,2018.0,GB,207.0,9.0,0.1764706
2022,2,00-0034279,E.St. Brown,WR,CHI,GB,0,0,0.0,0,0.0,0.0,0.0,0,0.0,0,4,2,39.0,0,3.9,5.9,,,77.0,214.0,26.103882352941177,4.0,Notre Dame,2018.0,2018.0,GB,207.0,,0.36363637
2022,3,00-0034279,E.St. Brown,WR,CHI,HOU,0,0,0.0,0,0.0,0.0,0.0,2,43.0,0,2,1,20.0,0,6.3,7.3,,,77.0,214.0,26.103882352941177,4.0,Notre Dame,2018.0,2018.0,GB,207.0,3.0,0.125
2022,4,00-0034279,E.St. Brown,WR,CHI,NYG,0,0,0.0,0,0.0,0.0,0.0,0,0.0,0,2,0,9.0,0,-1.1,-1.1,,,77.0,214.0,26.103882352941177,4.0,Notre Dame,2018.0,2018.0,GB,207.0,,0.1
2022,5,00-0034279,E.St. Brown,WR,CHI,MIN,0,0,0.0,0,0.0,0.0,0.0,0,0.0,0,2,2,24.0,0,2.4,4.4,,,77.0,214.0,26.103882352941177,4.0,Notre Dame,2018.0,2018.0,GB,207.0,,0.0952381
2022,6,00-0034279,E.St. Brown,WR,CHI,WAS,0,0,0.0,0,0.0,0.0,0.0,1,1.0,0,0,0,0.0,0,0.1,0.1,,,77.0,214.0,26.103882352941177,4.0,Notre Dame,2018.0,2018.0,GB,207.0,-5.0,
2022,7,00-0034279,E.St. Brown,WR,CHI,NE,0,0,0.0,0,0.0,0.0,0.0,0,0.0,0,7,4,48.0,0,4.8,8.8,,,77.0,214.0,26.103882352941177,4.0,Notre Dame,2018.0,2018.0,GB,207.0,,0.33333334
2022,8,00-0034279,E.St. Brown,WR,CHI,DAL,0,0,0.0,0,0.0,0.0,0.0,0,0.0,0,3,1,6.0,0,0.6,1.6,,,77.0,214.0,26.103882352941177,4.0,Notre Dame,2018.0,2018.0,GB,207.0,,0.13043478
2022,9,00-0034279,E.St. Brown,WR,CHI,MIA,0,0,0.0,0,0.0,0.0,0.0,0,0.0,0,2,0,0.0,0,0.0,0.0,,,77.0,214.0,26.103882352941177,4.0,Notre Dame,2018.0,2018.0,GB,207.0,-3.0,0.074074075
2022,10,00-0034279,E.St. Brown,WR,CHI,DET,0,0,0.0,0,0.0,0.0,0.0,2,9.0,0,0,0,0.0,0,0.9,0.9,,,77.0,214.0,26.103882352941177,4.0,Notre Dame,2018.0,2018.0,GB,207.0,-1.0,
2022,11,00-0034279,E.St. Brown,WR,CHI,ATL,0,0,0.0,0,0.0,0.0,0.0,0,0.0,0,2,2,24.0,0,2.4,4.4,,,77.0,214.0,26.103882352941177,4.0,Notre Dame,2018.0,2018.0,GB,207.0,,0.10526316
2022,12,00-0034279,E.St. Brown,WR,CHI,NYJ,0,0,0.0,0,0.0,0.0,0.0,0,0.0,0,2,1,7.0,0,0.7,1.7,,,77.0,214.0,26.103882352941177,4.0,Notre Dame,2018.0,2018.0,GB,207.0,,0.083333336
2022,13,00-0034279,E.St. Brown,WR,CHI,GB,0,0,0.0,0,0.0,0.0,0.0,1,1.0,0,4,3,85.0,0,8.6,11.6,,,77.0,214.0,26.103882352941177,4.0,Notre Dame,2018.0,2018.0,GB,207.0,-9.0,0.16
2022,15,00-0034279,E.St. Brown,WR,CHI,PHI,0,0,0.0,0,0.0,0.0,0.0,0,0.0,0,1,1,20.0,0,2.0,3.0,,,77.0,214.0,26.103882352941177,4.0,Notre Dame,2018.0,2018.0,GB,207.0,-5.0,0.04761905
2022,17,00-0034279,E.St. Brown,WR,CHI,DET,0,0,0.0,0,0.0,0.0,0.0,0,0.0,0,3,2,20.0,0,2.0,4.0,,,77.0,214.0,26.103882352941177,4.0,Notre Dame,2018.0,2018.0,GB,207.0,,0.16666667
2022,18,00-0034279,E.St. Brown,WR,CHI,MIN,0,0,0.0,0,0.0,0.0,0.0,0,0.0,0,1,1,3.0,0,0.3,1.3,,,77.0,214.0,26.103882352941177,4.0,Notre Dame,2018.0,2018.0,GB,207.0,-16.0,0.037037037
2022,1,00-0034286,R.James,WR,NYG,TEN,0,0,0.0,0,0.0,0.0,0.0,1,2.0,0,6,5,59.0,0,6.1,11.1,,,69.0,185.0,27.200157894736844,4.0,Middle Tennessee,2018.0,2018.0,SF,240.0,,0.2857143
2022,2,00-0034286,R.James,WR,NYG,CAR,0,0,0.0,0,0.0,0.0,0.0,0,0.0,0,6,5,51.0,0,5.1,10.1,,,69.0,185.0,27.200157894736844,4.0,Middle Tennessee,2018.0,2018.0,SF,240.0,3.0,0.1875
2022,3,00-0034286,R.James,WR,NYG,DAL,0,0,0.0,0,0.0,0.0,0.0,1,4.0,0,5,4,36.0,0,4.0,8.0,,,69.0,185.0,27.200157894736844,4.0,Middle Tennessee,2018.0,2018.0,SF,240.0,-7.0,0.15625
2022,4,00-0034286,R.James,WR,NYG,CHI,0,0,0.0,0,0.0,0.0,0.0,0,0.0,0,3,1,9.0,0,0.9,1.9,,,69.0,185.0,27.200157894736844,4.0,Middle Tennessee,2018.0,2018.0,SF,240.0,8.0,0.2
2022,5,00-0034286,R.James,WR,NYG,GB,0,0,0.0,0,0.0,0.0,0.0,0,0.0,0,2,2,16.0,0,1.6,3.6,,,69.0,185.0,27.200157894736844,4.0,Middle Tennessee,2018.0,2018.0,SF,240.0,,0.07692308
2022,6,00-0034286,R.James,WR,NYG,BAL,0,0,0.0,0,0.0,0.0,0.0,0,0.0,0,2,2,18.0,0,1.8,3.8,,,69.0,185.0,27.200157894736844,4.0,Middle Tennessee,2018.0,2018.0,SF,240.0,4.0,0.08
2022,7,00-0034286,R.James,WR,NYG,JAX,0,0,0.0,0,0.0,0.0,0.0,0,0.0,0,2,1,2.0,0,0.2,1.2,,,69.0,185.0,27.200157894736844,4.0,Middle Tennessee,2018.0,2018.0,SF,240.0,,0.06896552
2022,11,00-0034286,R.James,WR,NYG,DET,0,0,0.0,0,0.0,0.0,0.0,0,0.0,0,3,3,48.0,1,10.8,13.8,,,69.0,185.0,27.200157894736844,4.0,Middle Tennessee,2018.0,2018.0,SF,240.0,-13.0,0.075
2022,12,00-0034286,R.James,WR,NYG,DAL,0,0,0.0,0,0.0,0.0,0.0,0,0.0,0,6,5,41.0,1,10.1,15.1,,,69.0,185.0,27.200157894736844,4.0,Middle Tennessee,2018.0,2018.0,SF,240.0,,0.20689656
2022,13,00-0034286,R.James,WR,NYG,WAS,0,0,0.0,0,0.0,0.0,0.0,0,0.0,0,3,3,20.0,0,2.0,5.0,,,69.0,185.0,27.200157894736844,4.0,Middle Tennessee,2018.0,2018.0,SF,240.0,0.0,0.10714286
2022,14,00-0034286,R.James,WR,NYG,PHI,0,0,0.0,0,0.0,0.0,0.0,0,0.0,0,9,7,61.0,1,12.1,19.1,,,69.0,185.0,27.200157894736844,4.0,Middle Tennessee,2018.0,2018.0,SF,240.0,-26.0,0.28125
2022,15,00-0034286,R.James,WR,NYG,WAS,0,0,0.0,0,0.0,0.0,0.0,0,0.0,0,5,4,42.0,0,4.2,8.2,,,69.0,185.0,27.200157894736844,4.0,Middle Tennessee,2018.0,2018.0,SF,240.0,,0.16666667
2022,16,00-0034286,R.James,WR,NYG,MIN,0,0,0.0,0,0.0,0.0,0.0,0,0.0,0,11,8,90.0,0,9.0,17.0,,,69.0,185.0,27.200157894736844,4.0,Middle Tennessee,2018.0,2018.0,SF,240.0,,0.2682927
2022,17,00-0034286,R.James,WR,NYG,IND,0,0,0.0,0,0.0,0.0,0.0,0,0.0,0,7,7,76.0,1,13.6,20.6,,,69.0,185.0,27.200157894736844,4.0,Middle Tennessee,2018.0,2018.0,SF,240.0,28.0,0.3043478
2022,19,00-0034286,R.James,WR,NYG,MIN,0,0,0.0,0,0.0,0.0,0.0,0,0.0,0,6,4,31.0,0,3.1,7.1,,,69.0,185.0,27.200157894736844,4.0,Middle Tennessee,2018.0,2018.0,SF,240.0,,0.18181819
2022,20,00-0034286,R.James,WR,NYG,PHI,0,0,0.0,0,0.0,0.0,0.0,0,0.0,0,10,7,51.0,0,5.1,12.1,,,69.0,185.0,27.200157894736844,4.0,Middle Tennessee,2018.0,2018.0,SF,240.0,,0.3846154
2022,1,00-0034297,B.Pringle,WR,CHI,SF,0,0,0.0,0,0.0,0.0,0.0,0,0.0,0,2,1,22.0,0,2.2,3.2,,,73.0,205.0,28.973294117647058,4.0,Kansas State,2018.0,2018.0,,,9.0,0.11764706
2022,3,00-0034297,B.Pringle,WR,CHI,HOU,0,0,0.0,0,0.0,0.0,0.0,0,0.0,0,1,1,11.0,0,1.1,2.1,,,73.0,205.0,28.973294117647058,4.0,Kansas State,2018.0,2018.0,,,3.0,0.0625
2022,10,00-0034297,B.Pringle,WR,CHI,DET,0,0,0.0,0,0.0,0.0,0.0,0,0.0,0,2,1,12.0,0,1.2,2.2,,,73.0,205.0,28.973294117647058,4.0,Kansas State,2018.0,2018.0,,,-1.0,0.11111111
2022,12,00-0034297,B.Pringle,WR,CHI,NYJ,0,0,0.0,0,0.0,0.0,0.0,0,0.0,0,2,2,12.0,1,7.2,9.2,,,73.0,205.0,28.973294117647058,4.0,Kansas State,2018.0,2018.0,,,,0.083333336
2022,15,00-0034297,B.Pringle,WR,CHI,PHI,0,0,0.0,0,0.0,0.0,0.0,0,0.0,0,2,2,39.0,1,9.9,11.9,,,73.0,205.0,28.973294117647058,4.0,Kansas State,2018.0,2018.0,,,-5.0,0.0952381
2022,16,00-0034297,B.Pringle,WR,CHI,BUF,0,0,0.0,0,0.0,0.0,0.0,0,0.0,0,2,2,34.0,0,3.4,5.4,,,73.0,205.0,28.973294117647058,4.0,Kansas State,2018.0,2018.0,,,-22.0,0.08
2022,17,00-0034297,B.Pringle,WR,CHI,DET,0,0,0.0,0,0.0,0.0,0.0,0,0.0,0,4,0,0.0,0,0.0,0.0,,,73.0,205.0,28.973294117647058,4.0,Kansas State,2018.0,2018.0,,,,0.22222222
2022,18,00-0034297,B.Pringle,WR,CHI,MIN,0,0,0.0,0,0.0,0.0,0.0,0,0.0,0,1,1,5.0,0,0.5,1.5,,,73.0,205.0,28.973294117647058,4.0,Kansas State,2018.0,2018.0,,,-16.0,0.037037037
2022,2,00-0034301,D.Williams,RB,ARI,LV,0,0,0.0,0,0.0,0.0,0.0,8,59.0,1,3,2,3.0,0,12.2,14.2,,,71.0,224.0,27.56735294117647,4.0,Louisiana State,2018.0,2018.0,,,,0.06382979
2022,3,00-0034301,D.Williams,RB,ARI,LA,0,0,0.0,0,0.0,0.0,0.0,1,7.0,0,1,0,0.0,0,0.7,0.7,,,71.0,224.0,27.56735294117647,4.0,Louisiana State,2018.0,2018.0,,,-8.0,0.018181818
2022,4,00-0034301,D.Williams,RB,ARI,CAR,0,0,0.0,0,0.0,0.0,0.0,4,19.0,0,1,0,0.0,0,1.9,1.9,,,71.0,224.0,27.56735294117647,4.0,Louisiana State,2018.0,2018.0,,,,0.032258064
2022,5,00-0034301,D.Williams,RB,ARI,PHI,0,0,0.0,0,0.0,0.0,0.0,3,9.0,0,0,0,0.0,0,0.9,0.9,,,71.0,224.0,27.56735294117647,4.0,Louisiana State,2018.0,2018.0,,,-3.0,
2022,8,00-0034301,D.Williams,RB,ARI,MIN,0,0,0.0,0,0.0,0.0,0.0,5,8.0,0,3,2,6.0,0,1.4,3.4,,,71.0,224.0,27.56735294117647,4.0,Louisiana State,2018.0,2018.0,,,,0.069767445
2022,5,00-0034317,K.Kirkwood,WR,NO,SEA,0,0,0.0,0,0.0,0.0,0.0,0,0.0,0,1,1,4.0,0,0.4,1.4,,,75.0,210.0,27.884533333333334,4.0,Temple,2018.0,2018.0,,,7.0,0.04
2022,6,00-0034317,K.Kirkwood,WR,NO,CIN,0,0,0.0,0,0.0,0.0,0.0,0,0.0,0,1,1,14.0,0,1.4,2.4,,,75.0,210.0,27.884533333333334,4.0,Temple,2018.0,2018.0,,,-4.0,0.032258064
2022,16,00-0034317,K.Kirkwood,WR,NO,CLE,0,0,0.0,0,0.0,0.0,0.0,0,0.0,0,2,0,0.0,0,0.0,0.0,,,75.0,210.0,27.884533333333334,4.0,Temple,2018.0,2018.0,,,,0.14285715
2022,8,00-0034335,M.Allen,ILB,PIT,PHI,0,0,0.0,0,0.0,0.0,0.0,1,4.0,0,0,0,0.0,0,0.4,0.4,,,74.0,215.0,26.257411764705886,4.0,Penn State,2018.0,2018.0,PIT,148.0,,
2022,1,00-0034348,C.Sutton,WR,DEN,SEA,0,0,0.0,0,0.0,0.0,0.0,0,0.0,0,7,4,72.0,0,7.2,11.2,,,76.0,216.0,27.084588235294117,4.0,Southern Methodist,2018.0,2018.0,DEN,40.0,,0.17073171
2022,2,00-0034348,C.Sutton,WR,DEN,HOU,0,0,0.0,0,0.0,0.0,0.0,1,5.0,0,11,7,122.0,0,12.7,19.7,,,76.0,216.0,27.084588235294117,4.0,Southern Methodist,2018.0,2018.0,DEN,40.0,7.0,0.39285713
2022,3,00-0034348,C.Sutton,WR,DEN,SF,0,0,0.0,0,0.0,0.0,0.0,0,0.0,0,10,8,97.0,0,9.7,17.7,,,76.0,216.0,27.084588235294117,4.0,Southern Methodist,2018.0,2018.0,DEN,40.0,1.0,0.3125
2022,4,00-0034348,C.Sutton,WR,DEN,LV,0,0,0.0,0,0.0,0.0,0.0,0,0.0,0,7,5,52.0,1,11.2,16.2,,,76.0,216.0,27.084588235294117,4.0,Southern Methodist,2018.0,2018.0,DEN,40.0,,0.28
2022,5,00-0034348,C.Sutton,WR,DEN,IND,0,0,0.0,0,0.0,0.0,0.0,0,0.0,0,11,5,74.0,0,7.4,12.4,,,76.0,216.0,27.084588235294117,4.0,Southern Methodist,2018.0,2018.0,DEN,40.0,-3.0,0.28947368
2022,6,00-0034348,C.Sutton,WR,DEN,LAC,0,0,0.0,0,0.0,0.0,0.0,0,0.0,0,3,2,14.0,0,1.4,3.4,,,76.0,216.0,27.084588235294117,4.0,Southern Methodist,2018.0,2018.0,DEN,40.0,,0.12
2022,7,00-0034348,C.Sutton,WR,DEN,NYJ,0,0,0.0,0,0.0,0.0,0.0,0,0.0,0,9,3,23.0,0,2.3,5.3,,,76.0,216.0,27.084588235294117,4.0,Southern Methodist,2018.0,2018.0,DEN,40.0,-7.0,0.2
2022,8,00-0034348,C.Sutton,WR,DEN,JAX,0,0,0.0,0,0.0,0.0,0.0,0,0.0,0,4,1,13.0,0,1.3,2.3,,,76.0,216.0,27.084588235294117,4.0,Southern Methodist,2018.0,2018.0,DEN,40.0,,0.15384616
2022,10,00-0034348,C.Sutton,WR,DEN,TEN,0,0,0.0,0,0.0,0.0,0.0,0,0.0,0,11,6,66.0,0,6.6,12.6,,,76.0,216.0,27.084588235294117,4.0,Southern Methodist,2018.0,2018.0,DEN,40.0,,0.2820513
2022,11,00-0034348,C.Sutton,WR,DEN,LV,0,0,0.0,0,0.0,0.0,0.0,0,0.0,0,7,5,80.0,0,8.0,13.0,,,76.0,216.0,27.084588235294117,4.0,Southern Methodist,2018.0,2018.0,DEN,40.0,-6.0,0.25
2022,12,00-0034348,C.Sutton,WR,DEN,CAR,0,0,0.0,0,0.0,0.0,0.0,0,0.0,0,8,6,75.0,0,7.5,13.5,,,76.0,216.0,27.084588235294117,4.0,Southern Methodist,2018.0,2018.0,DEN,40.0,,0.25
2022,13,00-0034348,C.Sutton,WR,DEN,BAL,0,0,0.0,0,0.0,0.0,0.0,0,0.0,0,1,0,0.0,0,0.0,0.0,,,76.0,216.0,27.084588235294117,4.0,Southern Methodist,2018.0,2018.0,DEN,40.0,,0.04761905
2022,16,00-0034348,C.Sutton,WR,DEN,LA,0,0,0.0,0,0.0,0.0,0.0,0,0.0,0,7,5,64.0,0,6.4,11.4,,,76.0,216.0,27.084588235294117,4.0,Southern Methodist,2018.0,2018.0,DEN,40.0,,0.20588236
2022,17,00-0034348,C.Sutton,WR,DEN,KC,0,0,0.0,0,0.0,0.0,0.0,0,0.0,0,6,4,44.0,0,4.4,8.4,,,76.0,216.0,27.084588235294117,4.0,Southern Methodist,2018.0,2018.0,DEN,40.0,,0.16666667
2022,18,00-0034348,C.Sutton,WR,DEN,LAC,0,0,0.0,0,0.0,0.0,0.0,0,0.0,0,7,3,33.0,1,9.3,12.3,,,76.0,216.0,27.084588235294117,4.0,Southern Methodist,2018.0,2018.0,DEN,40.0,3.0,0.3181818
2022,1,00-0034351,D.Goedert,TE,PHI,DET,0,0,0.0,0,0.0,0.0,0.0,0,0.0,0,4,3,60.0,0,6.0,9.0,,,77.0,256.0,27.886899999999997,4.0,South Dakota State,2018.0,2018.0,PHI,49.0,,0.13793103
2022,2,00-0034351,D.Goedert,TE,PHI,MIN,0,0,0.0,0,0.0,0.0,0.0,0,0.0,0,6,5,82.0,0,8.2,13.2,,,77.0,256.0,27.886899999999997,4.0,South Dakota State,2018.0,2018.0,PHI,49.0,17.0,0.19354838
2022,3,00-0034351,D.Goedert,TE,PHI,WAS,0,0,0.0,0,0.0,0.0,0.0,0,0.0,0,4,3,26.0,1,8.6,11.6,,,77.0,256.0,27.886899999999997,4.0,South Dakota State,2018.0,2018.0,PHI,49.0,,0.11764706
2022,4,00-0034351,D.Goedert,TE,PHI,JAX,0,0,0.0,0,0.0,0.0,0.0,0,0.0,0,6,5,72.0,0,7.2,12.2,,,77.0,256.0,27.886899999999997,4.0,South Dakota State,2018.0,2018.0,PHI,49.0,8.0,0.25
2022,5,00-0034351,D.Goedert,TE,PHI,ARI,0,0,0.0,0,0.0,0.0,0.0,0,0.0,0,9,8,95.0,0,9.5,17.5,,,77.0,256.0,27.886899999999997,4.0,South Dakota State,2018.0,2018.0,PHI,49.0,,0.2647059
2022,6,00-0034351,D.Goedert,TE,PHI,DAL,0,0,0.0,0,0.0,0.0,0.0,0,0.0,0,6,2,22.0,0,2.2,4.2,,,77.0,256.0,27.886899999999997,4.0,South Dakota State,2018.0,2018.0,PHI,49.0,9.0,0.27272728
2022,8,00-0034351,D.Goedert,TE,PHI,PIT,0,0,0.0,0,0.0,0.0,0.0,0,0.0,0,6,6,64.0,0,6.4,12.4,,,77.0,256.0,27.886899999999997,4.0,South Dakota State,2018.0,2018.0,PHI,49.0,22.0,0.2
2022,9,00-0034351,D.Goedert,TE,PHI,HOU,0,0,0.0,0,0.0,0.0,0.0,0,0.0,0,9,8,100.0,1,16.0,24.0,,,77.0,256.0,27.886899999999997,4.0,South Dakota State,2018.0,2018.0,PHI,49.0,,0.36
2022,10,00-0034351,D.Goedert,TE,PHI,WAS,0,0,0.0,0,0.0,0.0,0.0,0,0.0,0,3,3,23.0,1,6.3,9.3,,,77.0,256.0,27.886899999999997,4.0,South Dakota State,2018.0,2018.0,PHI,49.0,-11.0,0.12
2022,16,00-0034351,D.Goedert,TE,PHI,DAL,0,0,0.0,0,0.0,0.0,0.0,0,0.0,0,3,3,67.0,0,6.7,9.7,,,77.0,256.0,27.886899999999997,4.0,South Dakota State,2018.0,2018.0,PHI,49.0,,0.0882353
2022,17,00-0034351,D.Goedert,TE,PHI,NO,0,0,0.0,0,0.0,0.0,0.0,0,0.0,0,6,3,45.0,0,4.5,7.5,,,77.0,256.0,27.886899999999997,4.0,South Dakota State,2018.0,2018.0,PHI,49.0,-10.0,0.1875
2022,18,00-0034351,D.Goedert,TE,PHI,NYG,0,0,0.0,0,0.0,0.0,0.0,0,0.0,0,7,6,46.0,0,4.6,10.6,,,77.0,256.0,27.886899999999997,4.0,South Dakota State,2018.0,2018.0,PHI,49.0,6.0,0.22580644
2022,20,00-0034351,D.Goedert,TE,PHI,NYG,0,0,0.0,0,0.0,0.0,0.0,0,0.0,0,5,5,58.0,1,11.8,16.8,,,77.0,256.0,27.886899999999997,4.0,South Dakota State,2018.0,2018.0,PHI,49.0,31.0,0.20833333
2022,21,00-0034351,D.Goedert,TE,PHI,SF,0,0,0.0,0,0.0,0.0,0.0,0,0.0,0,6,5,23.0,0,2.3,7.3,,,77.0,256.0,27.886899999999997,4.0,South Dakota State,2018.0,2018.0,PHI,49.0,24.0,0.25
2022,22,00-0034351,D.Goedert,TE,PHI,KC,0,0,0.0,0,0.0,0.0,0.0,0,0.0,0,7,6,60.0,0,6.0,12.0,,,77.0,256.0,27.886899999999997,4.0,South Dakota State,2018.0,2018.0,PHI,49.0,-3.0,0.20588236
2022,3,00-0034355,M.Stewart,SS,HOU,CHI,0,0,0.0,0,0.0,0.0,0.0,1,3.0,0,0,0,0.0,0,0.3,0.3,,,71.0,205.0,27.153176470588235,4.0,North Carolina,2018.0,2018.0,TB,53.0,,
2022,2,00-0034360,L.Carter,OLB,ATL,ATL,0,0,0.0,0,0.0,0.0,0.0,0,0.0,0,0,0,0.0,0,6.0,6.0,,,77.0,250.0,26.911470588235293,4.0,Georgia,2018.0,2018.0,NYG,66.0,,
2022,3,00-0034364,J.Akins,TE,HOU,CHI,0,0,0.0,0,0.0,0.0,0.0,0,0.0,0,4,3,31.0,1,9.1,12.1,,,76.0,243.0,30.561823529411768,4.0,Central Florida,2018.0,2018.0,HOU,98.0,,0.12903225
2022,4,00-0034364,J.Akins,TE,HOU,LAC,0,0,0.0,0,0.0,0.0,0.0,0,0.0,0,2,2,33.0,0,3.3,5.3,,,76.0,243.0,30.561823529411768,4.0,Central Florida,2018.0,2018.0,HOU,98.0,-10.0,0.057142857
2022,5,00-0034364,J.Akins,TE,HOU,JAX,0,0,0.0,0,0.0,0.0,0.0,0,0.0,0,2,2,22.0,0,2.2,4.2,,,76.0,243.0,30.561823529411768,4.0,Central Florida,2018.0,2018.0,HOU,98.0,,0.083333336
2022,7,00-0034364,J.Akins,TE,HOU,LV,0,0,0.0,0,0.0,0.0,0.0,0,0.0,0,4,3,68.0,0,6.8,9.8,,,76.0,243.0,30.561823529411768,4.0,Central Florida,2018.0,2018.0,HOU,98.0,,0.1
2022,8,00-0034364,J.Akins,TE,HOU,TEN,0,0,0.0,0,0.0,0.0,0.0,0,0.0,0,2,1,5.0,0,0.5,1.5,,,76.0,243.0,30.561823529411768,4.0,Central Florida,2018.0,2018.0,HOU,98.0,-7.0,0.06666667
2022,9,00-0034364,J.Akins,TE,HOU,PHI,0,0,0.0,0,0.0,0.0,0.0,0,0.0,0,1,0,0.0,0,0.0,0.0,,,76.0,243.0,30.561823529411768,4.0,Central Florida,2018.0,2018.0,HOU,98.0,-12.0,0.04761905
2022,10,00-0034364,J.Akins,TE,HOU,NYG,0,0,0.0,0,0.0,0.0,0.0,0,0.0,0,3,3,72.0,0,7.2,10.2,,,76.0,243.0,30.561823529411768,4.0,Central Florida,2018.0,2018.0,HOU,98.0,,0.08108108
2022,11,00-0034364,J.Akins,TE,HOU,WAS,0,0,0.0,0,0.0,0.0,0.0,0,0.0,0,3,2,8.0,0,0.8,2.8,,,76.0,243.0,30.561823529411768,4.0,Central Florida,2018.0,2018.0,HOU,98.0,-13.0,0.09375
2022,12,00-0034364,J.Akins,TE,HOU,MIA,0,0,0.0,0,0.0,0.0,0.0,0,0.0,0,5,5,61.0,1,10.1,15.1,,,76.0,243.0,30.561823529411768,4.0,Central Florida,2018.0,2018.0,HOU,98.0,,0.13157895
2022,13,00-0034364,J.Akins,TE,HOU,CLE,0,0,0.0,0,0.0,0.0,0.0,0,0.0,0,6,3,21.0,0,2.1,5.1,,,76.0,243.0,30.561823529411768,4.0,Central Florida,2018.0,2018.0,HOU,98.0,-13.0,0.16216215
2022,14,00-0034364,J.Akins,TE,HOU,DAL,0,0,0.0,0,0.0,0.0,0.0,0,0.0,0,2,1,5.0,0,0.5,1.5,,,76.0,243.0,30.561823529411768,4.0,Central Florida,2018.0,2018.0,HOU,98.0,,0.083333336
2022,15,00-0034364,J.Akins,TE,HOU,KC,0,0,0.0,0,0.0,0.0,0.0,0,0.0,0,6,3,22.0,1,8.2,11.2,,,76.0,243.0,30.561823529411768,4.0,Central Florida,2018.0,2018.0,HOU,98.0,-6.0,0.22222222
2022,16,00-0034364,J.Akins,TE,HOU,TEN,0,0,0.0,0,0.0,0.0,0.0,0,0.0,0,3,3,39.0,0,3.9,6.9,,,76.0,243.0,30.561823529411768,4.0,Central Florida,2018.0,2018.0,HOU,98.0,,0.10344828
2022,17,00-0034364,J.Akins,TE,HOU,JAX,0,0,0.0,0,0.0,0.0,0.0,0,0.0,0,3,2,38.0,0,3.8,5.8,,,76.0,243.0,30.561823529411768,4.0,Central Florida,2018.0,2018.0,HOU,98.0,-28.0,0.071428575
2022,18,00-0034364,J.Akins,TE,HOU,IND,0,0,0.0,0,0.0,0.0,0.0,0,0.0,0,8,4,70.0,2,21.0,25.0,,,76.0,243.0,30.561823529411768,4.0,Central Florida,2018.0,2018.0,HOU,98.0,,0.21052632
2022,1,00-0034365,I.Thomas,TE,CAR,CLE,0,0,0.0,0,0.0,0.0,0.0,0,0.0,0,3,2,53.0,0,5.3,7.3,,,76.0,260.0,26.422529411764707,4.0,Indiana,2018.0,2018.0,CAR,101.0,-2.0,0.115384616
2022,2,00-0034365,I.Thomas,TE,CAR,NYG,0,0,0.0,0,0.0,0.0,0.0,0,0.0,0,3,1,13.0,0,1.3,2.3,,,76.0,260.0,26.422529411764707,4.0,Indiana,2018.0,2018.0,CAR,101.0,,0.11111111
2022,3,00-0034365,I.Thomas,TE,CAR,NO,0,0,0.0,0,0.0,0.0,0.0,0,0.0,0,3,2,13.0,0,1.3,3.3,,,76.0,260.0,26.422529411764707,4.0,Indiana,2018.0,2018.0,CAR,101.0,8.0,0.125
2022,4,00-0034365,I.Thomas,TE,CAR,ARI,0,0,0.0,0,0.0,0.0,0.0,0,0.0,0,3,1,6.0,0,0.6,1.6,,,76.0,260.0,26.422529411764707,4.0,Indiana,2018.0,2018.0,CAR,101.0,-10.0,0.083333336
2022,5,00-0034365,I.Thomas,TE,CAR,SF,0,0,0.0,0,0.0,0.0,0.0,0,0.0,0,2,2,8.0,0,0.8,2.8,,,76.0,260.0,26.422529411764707,4.0,Indiana,2018.0,2018.0,CAR,101.0,-22.0,0.05
2022,6,00-0034365,I.Thomas,TE,CAR,LA,0,0,0.0,0,0.0,0.0,0.0,0,0.0,0,2,2,22.0,0,2.2,4.2,,,76.0,260.0,26.422529411764707,4.0,Indiana,2018.0,2018.0,CAR,101.0,,0.0952381
2022,7,00-0034365,I.Thomas,TE,CAR,TB,0,0,0.0,0,0.0,0.0,0.0,0,0.0,0,1,1,3.0,0,0.3,1.3,,,76.0,260.0,26.422529411764707,4.0,Indiana,2018.0,2018.0,CAR,101.0,18.0,0.04761905
2022,8,00-0034365,I.Thomas,TE,CAR,ATL,0,0,0.0,0,0.0,0.0,0.0,0,0.0,0,1,1,2.0,0,0.2,1.2,,,76.0,260.0,26.422529411764707,4.0,Indiana,2018.0,2018.0,CAR,101.0,,0.027777778
2022,11,00-0034365,I.Thomas,TE,CAR,BAL,0,0,0.0,0,0.0,0.0,0.0,0,0.0,0,4,3,24.0,0,2.4,5.4,,,76.0,260.0,26.422529411764707,4.0,Indiana,2018.0,2018.0,CAR,101.0,,0.12903225
2022,12,00-0034365,I.Thomas,TE,CAR,DEN,0,0,0.0,0,0.0,0.0,0.0,0,0.0,0,2,2,21.0,0,2.1,4.1,,,76.0,260.0,26.422529411764707,4.0,Indiana,2018.0,2018.0,CAR,101.0,13.0,0.11764706
2022,14,00-0034365,I.Thomas,TE,CAR,SEA,0,0,0.0,0,0.0,0.0,0.0,0,0.0,0,2,2,11.0,0,1.1,3.1,,,76.0,260.0,26.422529411764707,4.0,Indiana,2018.0,2018.0,CAR,101.0,,0.1
2022,16,00-0034365,I.Thomas,TE,CAR,DET,0,0,0.0,0,0.0,0.0,0.0,0,0.0,0,3,1,12.0,0,1.2,2.2,,,76.0,260.0,26.422529411764707,4.0,Indiana,2018.0,2018.0,CAR,101.0,14.0,0.14285715
2022,17,00-0034365,I.Thomas,TE,CAR,TB,0,0,0.0,0,0.0,0.0,0.0,0,0.0,0,1,1,9.0,0,0.9,1.9,,,76.0,260.0,26.422529411764707,4.0,Indiana,2018.0,2018.0,CAR,101.0,,0.032258064
2022,10,00-0034366,K.Coutee,WR,IND,LV,0,0,0.0,0,0.0,0.0,0.0,0,0.0,0,1,1,20.0,0,0.0,1.0,,,71.0,180.0,25.805625,4.0,Texas Tech,2018.0,2018.0,HOU,103.0,,0.037037037
2022,1,00-0034367,N.Hines,RB,IND,HOU,0,0,0.0,0,0.0,0.0,0.0,3,4.0,0,6,6,50.0,0,5.4,11.4,,,69.0,198.0,26.00278947368421,4.0,North Carolina State,2018.0,2018.0,IND,104.0,,0.12244898
2022,2,00-0034367,N.Hines,RB,IND,JAX,0,0,0.0,0,0.0,0.0,0.0,1,0.0,0,5,4,37.0,0,3.7,7.7,,,69.0,198.0,26.00278947368421,4.0,North Carolina State,2018.0,2018.0,IND,104.0,,0.1724138
2022,3,00-0034367,N.Hines,RB,IND,KC,0,0,0.0,0,0.0,0.0,0.0,3,7.0,0,6,5,23.0,0,3.0,8.0,,,69.0,198.0,26.00278947368421,4.0,North Carolina State,2018.0,2018.0,IND,104.0,3.0,0.16666667
2022,4,00-0034367,N.Hines,RB,IND,TEN,0,0,0.0,0,0.0,0.0,0.0,1,0.0,0,2,2,3.0,0,0.3,2.3,,,69.0,198.0,26.00278947368421,4.0,North Carolina State,2018.0,2018.0,IND,104.0,-7.0,0.055555556
2022,5,00-0034367,N.Hines,RB,IND,DEN,0,0,0.0,0,0.0,0.0,0.0,1,3.0,0,2,1,5.0,0,0.8,1.8,,,69.0,198.0,26.00278947368421,4.0,North Carolina State,2018.0,2018.0,IND,104.0,,0.055555556
2022,7,00-0034367,N.Hines,RB,IND,TEN,0,0,0.0,0,0.0,0.0,0.0,4,2.0,0,5,5,41.0,0,4.3,9.3,,,69.0,198.0,26.00278947368421,4.0,North Carolina State,2018.0,2018.0,IND,104.0,,0.12195122
2022,8,00-0034367,N.Hines,RB,IND,WAS,0,0,0.0,0,0.0,0.0,0.0,5,20.0,1,2,2,29.0,0,10.9,12.9,,,69.0,198.0,26.00278947368421,4.0,North Carolina State,2018.0,2018.0,IND,104.0,-1.0,0.08695652
2022,9,00-0034367,N.Hines,RB,BUF,NYJ,0,0,0.0,0,0.0,0.0,0.0,0,0.0,0,1,0,0.0,0,0.0,0.0,,,69.0,198.0,26.00278947368421,4.0,North Carolina State,2018.0,2018.0,IND,104.0,,0.030303031
2022,10,00-0034367,N.Hines,RB,BUF,MIN,0,0,0.0,0,0.0,0.0,0.0,0,0.0,0,1,1,9.0,0,0.9,1.9,,,69.0,198.0,26.00278947368421,4.0,North Carolina State,2018.0,2018.0,IND,104.0,-3.0,0.024390243
2022,11,00-0034367,N.Hines,RB,BUF,CLE,0,0,0.0,0,0.0,0.0,0.0,1,-8.0,0,1,0,0.0,0,-0.8,-0.8,,,69.0,198.0,26.00278947368421,4.0,North Carolina State,2018.0,2018.0,IND,104.0,8.0,0.041666668
2022,12,00-0034367,N.Hines,RB,BUF,DET,0,0,0.0,0,0.0,0.0,0.0,1,3.0,0,0,0,0.0,0,0.3,0.3,,,69.0,198.0,26.00278947368421,4.0,North Carolina State,2018.0,2018.0,IND,104.0,,
2022,13,00-0034367,N.Hines,RB,BUF,NE,0,0,0.0,0,0.0,0.0,0.0,2,-3.0,0,2,1,21.0,0,1.8,2.8,,,69.0,198.0,26.00278947368421,4.0,North Carolina State,2018.0,2018.0,IND,104.0,,0.060606062
2022,14,00-0034367,N.Hines,RB,BUF,NYJ,0,0,0.0,0,0.0,0.0,0.0,1,3.0,0,1,1,4.0,0,0.7,1.7,,,69.0,198.0,26.00278947368421,4.0,North Carolina State,2018.0,2018.0,IND,104.0,8.0,0.037037037
2022,15,00-0034367,N.Hines,RB,BUF,MIA,0,0,0.0,0,0.0,0.0,0.0,0,0.0,0,1,1,10.0,1,7.0,8.0,,,69.0,198.0,26.00278947368421,4.0,North Carolina State,2018.0,2018.0,IND,104.0,3.0,0.02631579
2022,16,00-0034367,N.Hines,RB,BUF,CHI,0,0,0.0,0,0.0,0.0,0.0,1,2.0,0,2,1,9.0,0,1.1,2.1,,,69.0,198.0,26.00278947368421,4.0,North Carolina State,2018.0,2018.0,IND,104.0,,0.08
2022,18,00-0034367,N.Hines,RB,BUF,NE,0,0,0.0,0,0.0,0.0,0.0,0,0.0,0,0,0,0.0,0,12.0,12.0,,,69.0,198.0,26.00278947368421,4.0,North Carolina State,2018.0,2018.0,IND,104.0,12.0,
2022,19,00-0034367,N.Hines,RB,BUF,MIA,0,0,0.0,0,0.0,0.0,0.0,0,0.0,0,2,1,7.0,0,0.7,1.7,,,69.0,198.0,26.00278947368421,4.0,North Carolina State,2018.0,2018.0,IND,104.0,3.0,0.054054055
2022,20,00-0034367,N.Hines,RB,BUF,CIN,0,0,0.0,0,0.0,0.0,0.0,0,0.0,0,1,1,4.0,0,0.4,1.4,,,69.0,198.0,26.00278947368421,4.0,North Carolina State,2018.0,2018.0,IND,104.0,-17.0,0.025
2022,1,00-0034383,D.Schultz,TE,DAL,TB,0,0,0.0,0,0.0,0.0,0.0,0,0.0,0,9,7,62.0,0,6.2,13.2,,,77.0,242.0,26.351263157894735,4.0,Stanford,2018.0,2018.0,DAL,137.0,-16.0,0.2195122
2022,2,00-0034383,D.Schultz,TE,DAL,CIN,0,0,0.0,0,0.0,0.0,0.0,0,0.0,0,4,2,18.0,0,-0.2,1.8,,,77.0,242.0,26.351263157894735,4.0,Stanford,2018.0,2018.0,DAL,137.0,3.0,0.13333334
2022,4,00-0034383,D.Schultz,TE,DAL,WAS,0,0,0.0,0,0.0,0.0,0.0,0,0.0,0,3,0,0.0,0,0.0,0.0,,,77.0,242.0,26.351263157894735,4.0,Stanford,2018.0,2018.0,DAL,137.0,15.0,0.115384616
2022,5,00-0034383,D.Schultz,TE,DAL,LA,0,0,0.0,0,0.0,0.0,0.0,0,0.0,0,1,0,0.0,0,0.0,0.0,,,77.0,242.0,26.351263157894735,4.0,Stanford,2018.0,2018.0,DAL,137.0,,0.0625
2022,7,00-0034383,D.Schultz,TE,DAL,DET,0,0,0.0,0,0.0,0.0,0.0,0,0.0,0,5,5,49.0,0,4.9,9.9,,,77.0,242.0,26.351263157894735,4.0,Stanford,2018.0,2018.0,DAL,137.0,18.0,0.2
2022,8,00-0034383,D.Schultz,TE,DAL,CHI,0,0,0.0,0,0.0,0.0,0.0,0,0.0,0,7,6,74.0,0,7.4,13.4,,,77.0,242.0,26.351263157894735,4.0,Stanford,2018.0,2018.0,DAL,137.0,20.0,0.26923078
2022,10,00-0034383,D.Schultz,TE,DAL,GB,0,0,0.0,0,0.0,0.0,0.0,0,0.0,0,8,6,54.0,1,11.4,17.4,,,77.0,242.0,26.351263157894735,4.0,Stanford,2018.0,2018.0,DAL,137.0,,0.18181819
2022,11,00-0034383,D.Schultz,TE,DAL,MIN,0,0,0.0,0,0.0,0.0,0.0,0,0.0,0,5,3,22.0,0,2.2,5.2,,,77.0,242.0,26.351263157894735,4.0,Stanford,2018.0,2018.0,DAL,137.0,,0.16666667
2022,12,00-0034383,D.Schultz,TE,DAL,NYG,0,0,0.0,0,0.0,0.0,0.0,0,0.0,0,4,4,31.0,2,15.1,19.1,,,77.0,242.0,26.351263157894735,4.0,Stanford,2018.0,2018.0,DAL,137.0,8.0,0.13793103
2022,13,00-0034383,D.Schultz,TE,DAL,IND,0,0,0.0,0,0.0,0.0,0.0,0,0.0,0,6,2,33.0,0,3.3,5.3,,,77.0,242.0,26.351263157894735,4.0,Stanford,2018.0,2018.0,DAL,137.0,35.0,0.2
2022,14,00-0034383,D.Schultz,TE,DAL,HOU,0,0,0.0,0,0.0,0.0,0.0,0,0.0,0,10,6,87.0,0,8.7,14.7,,,77.0,242.0,26.351263157894735,4.0,Stanford,2018.0,2018.0,DAL,137.0,4.0,0.25641027
2022,15,00-0034383,D.Schultz,TE,DAL,JAX,0,0,0.0,0,0.0,0.0,0.0,0,0.0,0,4,2,15.0,0,1.5,3.5,,,77.0,242.0,26.351263157894735,4.0,Stanford,2018.0,2018.0,DAL,137.0,,0.13333334
2022,16,00-0034383,D.Schultz,TE,DAL,PHI,0,0,0.0,0,0.0,0.0,0.0,0,0.0,0,4,3,43.0,0,4.3,7.3,,,77.0,242.0,26.351263157894735,4.0,Stanford,2018.0,2018.0,DAL,137.0,6.0,0.114285715
2022,17,00-0034383,D.Schultz,TE,DAL,TEN,0,0,0.0,0,0.0,0.0,0.0,0,0.0,0,10,7,56.0,2,17.6,24.6,,,77.0,242.0,26.351263157894735,4.0,Stanford,2018.0,2018.0,DAL,137.0,,0.24390244
2022,18,00-0034383,D.Schultz,TE,DAL,WAS,0,0,0.0,0,0.0,0.0,0.0,0,0.0,0,9,4,33.0,0,3.3,7.3,,,77.0,242.0,26.351263157894735,4.0,Stanford,2018.0,2018.0,DAL,137.0,,0.25
2022,19,00-0034383,D.Schultz,TE,DAL,TB,0,0,0.0,0,0.0,0.0,0.0,0,0.0,0,8,7,95.0,2,21.5,28.5,,,77.0,242.0,26.351263157894735,4.0,Stanford,2018.0,2018.0,DAL,137.0,,0.25
2022,20,00-0034383,D.Schultz,TE,DAL,SF,0,0,0.0,0,0.0,0.0,0.0,0,0.0,0,10,5,27.0,1,8.7,13.7,,,77.0,242.0,26.351263157894735,4.0,Stanford,2018.0,2018.0,DAL,137.0,,0.27027026
2022,1,00-0034386,J.Watson,WR,KC,ARI,0,0,0.0,0,0.0,0.0,0.0,0,0.0,0,1,0,0.0,0,0.0,0.0,,,74.0,215.0,26.6344,4.0,Pennsylvania,2018.0,2018.0,TB,144.0,,0.025641026
2022,2,00-0034386,J.Watson,WR,KC,LAC,0,0,0.0,0,0.0,0.0,0.0,0,0.0,0,2,2,50.0,1,11.0,13.0,,,74.0,215.0,26.6344,4.0,Pennsylvania,2018.0,2018.0,TB,144.0,3.0,0.05882353
2022,3,00-0034386,J.Watson,WR,KC,IND,0,0,0.0,0,0.0,0.0,0.0,0,0.0,0,1,0,0.0,0,0.0,0.0,,,74.0,215.0,26.6344,4.0,Pennsylvania,2018.0,2018.0,TB,144.0,,0.030303031
2022,4,00-0034386,J.Watson,WR,KC,TB,0,0,0.0,0,0.0,0.0,0.0,0,0.0,0,1,0,0.0,0,0.0,0.0,,,74.0,215.0,26.6344,4.0,Pennsylvania,2018.0,2018.0,TB,144.0,,0.029411765
2022,5,00-0034386,J.Watson,WR,KC,LV,0,0,0.0,0,0.0,0.0,0.0,0,0.0,0,1,1,10.0,0,1.0,2.0,,,74.0,215.0,26.6344,4.0,Pennsylvania,2018.0,2018.0,TB,144.0,1.0,0.023809524
2022,6,00-0034386,J.Watson,WR,KC,BUF,0,0,0.0,0,0.0,0.0,0.0,0,0.0,0,1,0,0.0,0,0.0,0.0,,,74.0,215.0,26.6344,4.0,Pennsylvania,2018.0,2018.0,TB,144.0,-4.0,0.028571429
2022,7,00-0034386,J.Watson,WR,KC,SF,0,0,0.0,0,0.0,0.0,0.0,0,0.0,0,2,1,4.0,1,6.4,7.4,,,74.0,215.0,26.6344,4.0,Pennsylvania,2018.0,2018.0,TB,144.0,,0.05882353
2022,9,00-0034386,J.Watson,WR,KC,TEN,0,0,0.0,0,0.0,0.0,0.0,0,0.0,0,5,2,37.0,0,3.7,5.7,,,74.0,215.0,26.6344,4.0,Pennsylvania,2018.0,2018.0,TB,144.0,3.0,0.08064516
2022,10,00-0034386,J.Watson,WR,KC,JAX,0,0,0.0,0,0.0,0.0,0.0,0,0.0,0,1,1,12.0,0,1.2,2.2,,,74.0,215.0,26.6344,4.0,Pennsylvania,2018.0,2018.0,TB,144.0,10.0,0.028571429
2022,11,00-0034386,J.Watson,WR,KC,LAC,0,0,0.0,0,0.0,0.0,0.0,0,0.0,0,4,3,67.0,0,6.7,9.7,,,74.0,215.0,26.6344,4.0,Pennsylvania,2018.0,2018.0,TB,144.0,,0.12903225
2022,12,00-0034386,J.Watson,WR,KC,LA,0,0,0.0,0,0.0,0.0,0.0,0,0.0,0,2,2,26.0,0,2.6,4.6,,,74.0,215.0,26.6344,4.0,Pennsylvania,2018.0,2018.0,TB,144.0,16.0,0.054054055
2022,13,00-0034386,J.Watson,WR,KC,CIN,0,0,0.0,0,0.0,0.0,0.0,0,0.0,0,1,1,15.0,0,1.5,2.5,,,74.0,215.0,26.6344,4.0,Pennsylvania,2018.0,2018.0,TB,144.0,,0.04347826
2022,14,00-0034386,J.Watson,WR,KC,DEN,0,0,0.0,0,0.0,0.0,0.0,0,0.0,0,2,0,0.0,0,0.0,0.0,,,74.0,215.0,26.6344,4.0,Pennsylvania,2018.0,2018.0,TB,144.0,,0.04761905
2022,15,00-0034386,J.Watson,WR,KC,HOU,0,0,0.0,0,0.0,0.0,0.0,0,0.0,0,2,0,0.0,0,0.0,0.0,,,74.0,215.0,26.6344,4.0,Pennsylvania,2018.0,2018.0,TB,144.0,,0.048780486
2022,16,00-0034386,J.Watson,WR,KC,SEA,0,0,0.0,0,0.0,0.0,0.0,0,0.0,0,4,0,0.0,0,0.0,0.0,,,74.0,215.0,26.6344,4.0,Pennsylvania,2018.0,2018.0,TB,144.0,14.0,0.14814815
2022,17,00-0034386,J.Watson,WR,KC,DEN,0,0,0.0,0,0.0,0.0,0.0,0,0.0,0,2,1,27.0,0,2.7,3.7,,,74.0,215.0,26.6344,4.0,Pennsylvania,2018.0,2018.0,TB,144.0,3.0,0.048780486
2022,18,00-0034386,J.Watson,WR,KC,LV,0,0,0.0,0,0.0,0.0,0.0,0,0.0,0,2,1,67.0,0,6.7,7.7,,,74.0,215.0,26.6344,4.0,Pennsylvania,2018.0,2018.0,TB,144.0,,0.083333336
2022,20,00-0034386,J.Watson,WR,KC,JAX,0,0,0.0,0,0.0,0.0,0.0,0,0.0,0,1,1,12.0,0,1.2,2.2,,,74.0,215.0,26.6344,4.0,Pennsylvania,2018.0,2018.0,TB,144.0,7.0,0.028571429
2022,22,00-0034386,J.Watson,WR,KC,PHI,0,0,0.0,0,0.0,0.0,0.0,0,0.0,0,2,2,18.0,0,1.8,3.8,,,74.0,215.0,26.6344,4.0,Pennsylvania,2018.0,2018.0,TB,144.0,,0.08
2022,9,00-0034400,J.Wilkins,RB,IND,NE,0,0,0.0,0,0.0,0.0,0.0,3,13.0,0,5,4,15.0,0,2.8,6.8,,,73.0,217.0,28.365499999999997,4.0,Mississippi,2018.0,2018.0,IND,169.0,,0.17857143
2022,10,00-0034400,J.Wilkins,RB,IND,LV,0,0,0.0,0,0.0,0.0,0.0,3,18.0,0,0,0,0.0,0,1.8,1.8,,,73.0,217.0,28.365499999999997,4.0,Mississippi,2018.0,2018.0,IND,169.0,,
2022,16,00-0034400,J.Wilkins,RB,IND,LAC,0,0,0.0,0,0.0,0.0,0.0,1,4.0,0,1,0,0.0,0,0.4,0.4,,,73.0,217.0,28.365499999999997,4.0,Mississippi,2018.0,2018.0,IND,169.0,-17.0,0.035714287
2022,17,00-0034400,J.Wilkins,RB,IND,NYG,0,0,0.0,0,0.0,0.0,0.0,6,23.0,0,2,2,14.0,0,3.7,5.7,,,73.0,217.0,28.365499999999997,4.0,Mississippi,2018.0,2018.0,IND,169.0,,0.074074075
2022,12,00-0034401,M.White,QB,NYJ,CHI,22,28,315.0,3,0.0,1.0,7.0,3,2.0,0,0,0,0.0,0,24.8,24.8,,,77.0,225.0,27.627882352941178,4.0,Western Kentucky,2018.0,2018.0,DAL,171.0,21.0,
2022,13,00-0034401,M.White,QB,NYJ,MIN,31,57,369.0,0,2.0,1.0,3.0,3,7.0,1,0,0,0.0,0,17.46,17.46,,,77.0,225.0,27.627882352941178,4.0,Western Kentucky,2018.0,2018.0,DAL,171.0,,
2022,14,00-0034401,M.White,QB,NYJ,BUF,27,44,268.0,0,0.0,3.0,30.0,0,0.0,0,0,0,0.0,0,10.72,10.72,,,77.0,225.0,27.627882352941178,4.0,Western Kentucky,2018.0,2018.0,DAL,171.0,,
2022,17,00-0034401,M.White,QB,NYJ,SEA,23,46,240.0,0,2.0,4.0,36.0,0,0.0,0,0,0,0.0,0,3.6,3.6,,,77.0,225.0,27.627882352941178,4.0,Western Kentucky,2018.0,2018.0,DAL,171.0,,
2022,1,00-0034407,R.McCloud,WR,SF,CHI,0,0,0.0,0,0.0,0.0,0.0,0,0.0,0,2,1,20.0,0,2.0,3.0,,,69.0,190.0,26.0988,4.0,Clemson,2018.0,2018.0,BUF,187.0,,0.07692308
2022,2,00-0034407,R.McCloud,WR,SF,SEA,0,0,0.0,0,0.0,0.0,0.0,0,0.0,0,2,1,16.0,0,1.6,2.6,,,69.0,190.0,26.0988,4.0,Clemson,2018.0,2018.0,BUF,187.0,20.0,0.083333336
2022,3,00-0034407,R.McCloud,WR,SF,DEN,0,0,0.0,0,0.0,0.0,0.0,0,0.0,0,1,1,11.0,0,1.1,2.1,,,69.0,190.0,26.0988,4.0,Clemson,2018.0,2018.0,BUF,187.0,,0.03448276
2022,4,00-0034407,R.McCloud,WR,SF,LA,0,0,0.0,0,0.0,0.0,0.0,0,0.0,0,3,1,6.0,0,0.6,1.6,,,69.0,190.0,26.0988,4.0,Clemson,2018.0,2018.0,BUF,187.0,15.0,0.12
2022,6,00-0034407,R.McCloud,WR,SF,ATL,0,0,0.0,0,0.0,0.0,0.0,0,0.0,0,1,0,0.0,0,0.0,0.0,,,69.0,190.0,26.0988,4.0,Clemson,2018.0,2018.0,BUF,187.0,,0.024390243
2022,7,00-0034407,R.McCloud,WR,SF,KC,0,0,0.0,0,0.0,0.0,0.0,0,0.0,0,4,4,65.0,1,12.5,16.5,,,69.0,190.0,26.0988,4.0,Clemson,2018.0,2018.0,BUF,187.0,-21.0,0.08695652
2022,8,00-0034407,R.McCloud,WR,SF,LA,0,0,0.0,0,0.0,0.0,0.0,0,0.0,0,2,1,11.0,0,1.1,2.1,,,69.0,190.0,26.0988,4.0,Clemson,2018.0,2018.0,BUF,187.0,,0.07692308
2022,10,00-0034407,R.McCloud,WR,SF,LAC,0,0,0.0,0,0.0,0.0,0.0,0,0.0,0,1,1,33.0,0,3.3,4.3,,,69.0,190.0,26.0988,4.0,Clemson,2018.0,2018.0,BUF,187.0,6.0,0.035714287
2022,11,00-0034407,R.McCloud,WR,SF,ARI,0,0,0.0,0,0.0,0.0,0.0,0,0.0,0,1,0,0.0,0,0.0,0.0,,,69.0,190.0,26.0988,4.0,Clemson,2018.0,2018.0,BUF,187.0,,0.03448276
2022,12,00-0034407,R.McCloud,WR,SF,NO,0,0,0.0,0,0.0,0.0,0.0,0,0.0,0,1,1,12.0,0,1.2,2.2,,,69.0,190.0,26.0988,4.0,Clemson,2018.0,2018.0,BUF,187.0,13.0,0.027027028
2022,14,00-0034407,R.McCloud,WR,SF,TB,0,0,0.0,0,0.0,0.0,0.0,3,7.0,0,1,1,11.0,0,1.8,2.8,,,69.0,190.0,26.0988,4.0,Clemson,2018.0,2018.0,BUF,187.0,28.0,0.045454547
2022,15,00-0034407,R.McCloud,WR,SF,SEA,0,0,0.0,0,0.0,0.0,0.0,0,0.0,0,3,1,16.0,0,1.6,2.6,,,69.0,190.0,26.0988,4.0,Clemson,2018.0,2018.0,BUF,187.0,,0.115384616
2022,16,00-0034407,R.McCloud,WR,SF,WAS,0,0,0.0,0,0.0,0.0,0.0,1,71.0,1,1,0,0.0,0,13.1,13.1,,,69.0,190.0,26.0988,4.0,Clemson,2018.0,2018.0,BUF,187.0,17.0,0.04761905
2022,17,00-0034407,R.McCloud,WR,SF,LV,0,0,0.0,0,0.0,0.0,0.0,0,0.0,0,2,1,42.0,0,4.2,5.2,,,69.0,190.0,26.0988,4.0,Clemson,2018.0,2018.0,BUF,187.0,,0.05882353
2022,1,00-0034411,R.Gage,WR,TB,DAL,0,0,0.0,0,0.0,0.0,0.0,0,0.0,0,2,2,13.0,0,1.3,3.3,,,72.0,184.0,26.80777777777778,4.0,Louisiana State,2018.0,2018.0,ATL,194.0,,0.074074075
2022,2,00-0034411,R.Gage,WR,TB,NO,0,0,0.0,0,0.0,0.0,0.0,0,0.0,0,6,5,28.0,0,2.8,7.8,,,72.0,184.0,26.80777777777778,4.0,Louisiana State,2018.0,2018.0,ATL,194.0,,0.18181819
2022,3,00-0034411,R.Gage,WR,TB,GB,0,0,0.0,0,0.0,0.0,0.0,0,0.0,0,13,12,87.0,1,12.7,24.7,,,72.0,184.0,26.80777777777778,4.0,Louisiana State,2018.0,2018.0,ATL,194.0,-2.0,0.325
2022,4,00-0034411,R.Gage,WR,TB,KC,0,0,0.0,0,0.0,0.0,0.0,0,0.0,0,4,2,24.0,0,2.4,4.4,,,72.0,184.0,26.80777777777778,4.0,Louisiana State,2018.0,2018.0,ATL,194.0,-10.0,0.07692308
2022,5,00-0034411,R.Gage,WR,TB,ATL,0,0,0.0,0,0.0,0.0,0.0,0,0.0,0,6,2,20.0,0,4.0,6.0,,,72.0,184.0,26.80777777777778,4.0,Louisiana State,2018.0,2018.0,ATL,194.0,6.0,0.12
2022,6,00-0034411,R.Gage,WR,TB,PIT,0,0,0.0,0,0.0,0.0,0.0,0,0.0,0,4,2,20.0,0,2.0,4.0,,,72.0,184.0,26.80777777777778,4.0,Louisiana State,2018.0,2018.0,ATL,194.0,,0.10810811
2022,7,00-0034411,R.Gage,WR,TB,CAR,0,0,0.0,0,0.0,0.0,0.0,0,0.0,0,5,4,39.0,0,3.9,7.9,,,72.0,184.0,26.80777777777778,4.0,Louisiana State,2018.0,2018.0,ATL,194.0,,0.104166664
2022,13,00-0034411,R.Gage,WR,TB,NO,0,0,0.0,0,0.0,0.0,0.0,0,0.0,0,1,1,11.0,0,1.1,2.1,,,72.0,184.0,26.80777777777778,4.0,Louisiana State,2018.0,2018.0,ATL,194.0,1.0,0.018867925
2022,14,00-0034411,R.Gage,WR,TB,SF,0,0,0.0,0,0.0,0.0,0.0,0,0.0,0,2,2,12.0,1,7.2,9.2,,,72.0,184.0,26.80777777777778,4.0,Louisiana State,2018.0,2018.0,ATL,194.0,,0.039215688
2022,15,00-0034411,R.Gage,WR,TB,CIN,0,0,0.0,0,0.0,0.0,0.0,0,0.0,0,12,8,59.0,2,17.9,25.9,,,72.0,184.0,26.80777777777778,4.0,Louisiana State,2018.0,2018.0,ATL,194.0,-11.0,0.2857143
2022,16,00-0034411,R.Gage,WR,TB,ARI,0,0,0.0,0,0.0,0.0,0.0,0,0.0,0,6,5,65.0,0,6.5,11.5,,,72.0,184.0,26.80777777777778,4.0,Louisiana State,2018.0,2018.0,ATL,194.0,,0.125
2022,17,00-0034411,R.Gage,WR,TB,CAR,0,0,0.0,0,0.0,0.0,0.0,0,0.0,0,3,3,33.0,0,3.3,6.3,,,72.0,184.0,26.80777777777778,4.0,Louisiana State,2018.0,2018.0,ATL,194.0,6.0,0.071428575
2022,18,00-0034411,R.Gage,WR,TB,ATL,0,0,0.0,0,0.0,0.0,0.0,0,0.0,0,6,3,15.0,1,7.5,10.5,,,72.0,184.0,26.80777777777778,4.0,Louisiana State,2018.0,2018.0,ATL,194.0,,0.18181819
2022,19,00-0034411,R.Gage,WR,TB,DAL,0,0,0.0,0,0.0,0.0,0.0,0,0.0,0,8,2,10.0,0,1.0,3.0,,,72.0,184.0,26.80777777777778,4.0,Louisiana State,2018.0,2018.0,ATL,194.0,-17.0,0.13114753
2022,1,00-0034414,B.Scott,RB,PHI,DET,0,0,0.0,0,0.0,0.0,0.0,4,10.0,1,0,0,0.0,0,7.0,7.0,,,66.0,203.0,27.5747,4.0,Louisiana Tech,2018.0,2018.0,NO,201.0,,
2022,2,00-0034414,B.Scott,RB,PHI,MIN,0,0,0.0,0,0.0,0.0,0.0,4,19.0,0,1,1,2.0,0,2.1,3.1,,,66.0,203.0,27.5747,4.0,Louisiana Tech,2018.0,2018.0,NO,201.0,17.0,0.032258064
2022,3,00-0034414,B.Scott,RB,PHI,WAS,0,0,0.0,0,0.0,0.0,0.0,2,0.0,0,0,0,0.0,0,0.0,0.0,,,66.0,203.0,27.5747,4.0,Louisiana Tech,2018.0,2018.0,NO,201.0,,
2022,6,00-0034414,B.Scott,RB,PHI,DAL,0,0,0.0,0,0.0,0.0,0.0,6,16.0,0,0,0,0.0,0,1.6,1.6,,,66.0,203.0,27.5747,4.0,Louisiana Tech,2018.0,2018.0,NO,201.0,9.0,
2022,8,00-0034414,B.Scott,RB,PHI,PIT,0,0,0.0,0,0.0,0.0,0.0,7,21.0,0,0,0,0.0,0,2.1,2.1,,,66.0,203.0,27.5747,4.0,Louisiana Tech,2018.0,2018.0,NO,201.0,22.0,
2022,9,00-0034414,B.Scott,RB,PHI,HOU,0,0,0.0,0,0.0,0.0,0.0,1,5.0,0,0,0,0.0,0,0.5,0.5,,,66.0,203.0,27.5747,4.0,Louisiana Tech,2018.0,2018.0,NO,201.0,,
2022,10,00-0034414,B.Scott,RB,PHI,WAS,0,0,0.0,0,0.0,0.0,0.0,1,5.0,0,0,0,0.0,0,0.5,0.5,,,66.0,203.0,27.5747,4.0,Louisiana Tech,2018.0,2018.0,NO,201.0,-11.0,
2022,11,00-0034414,B.Scott,RB,PHI,IND,0,0,0.0,0,0.0,0.0,0.0,3,8.0,0,2,2,4.0,0,1.2,3.2,,,66.0,203.0,27.5747,4.0,Louisiana Tech,2018.0,2018.0,NO,201.0,,0.08695652
2022,12,00-0034414,B.Scott,RB,PHI,GB,0,0,0.0,0,0.0,0.0,0.0,3,24.0,0,0,0,0.0,0,2.4,2.4,,,66.0,203.0,27.5747,4.0,Louisiana Tech,2018.0,2018.0,NO,201.0,7.0,
2022,13,00-0034414,B.Scott,RB,PHI,TEN,0,0,0.0,0,0.0,0.0,0.0,6,16.0,0,1,1,5.0,0,2.1,3.1,,,66.0,203.0,27.5747,4.0,Louisiana Tech,2018.0,2018.0,NO,201.0,25.0,0.02631579
2022,14,00-0034414,B.Scott,RB,PHI,NYG,0,0,0.0,0,0.0,0.0,0.0,6,33.0,1,1,1,4.0,0,9.7,10.7,,,66.0,203.0,27.5747,4.0,Louisiana Tech,2018.0,2018.0,NO,201.0,,0.032258064
2022,17,00-0034414,B.Scott,RB,PHI,NO,0,0,0.0,0,0.0,0.0,0.0,2,6.0,0,1,0,0.0,0,0.6,0.6,,,66.0,203.0,27.5747,4.0,Louisiana Tech,2018.0,2018.0,NO,201.0,-10.0,0.03125
2022,18,00-0034414,B.Scott,RB,PHI,NYG,0,0,0.0,0,0.0,0.0,0.0,9,54.0,1,0,0,0.0,0,11.4,11.4,,,66.0,203.0,27.5747,4.0,Louisiana Tech,2018.0,2018.0,NO,201.0,6.0,
2022,20,00-0034414,B.Scott,RB,PHI,NYG,0,0,0.0,0,0.0,0.0,0.0,6,32.0,1,0,0,0.0,0,9.2,9.2,,,66.0,203.0,27.5747,4.0,Louisiana Tech,2018.0,2018.0,NO,201.0,31.0,
2022,21,00-0034414,B.Scott,RB,PHI,SF,0,0,0.0,0,0.0,0.0,0.0,6,21.0,1,0,0,0.0,0,8.1,8.1,,,66.0,203.0,27.5747,4.0,Louisiana Tech,2018.0,2018.0,NO,201.0,24.0,
2022,22,00-0034414,B.Scott,RB,PHI,KC,0,0,0.0,0,0.0,0.0,0.0,3,8.0,0,1,1,9.0,0,1.7,2.7,,,66.0,203.0,27.5747,4.0,Louisiana Tech,2018.0,2018.0,NO,201.0,-3.0,0.029411765
2022,1,00-0034418,C.Wilson,WR,MIA,NE,0,0,0.0,0,0.0,0.0,0.0,1,8.0,0,2,2,20.0,0,2.8,4.8,,,74.0,188.0,26.97988888888889,4.0,Boise State,2018.0,2018.0,DAL,208.0,13.0,0.06451613
2022,2,00-0034418,C.Wilson,WR,MIA,BAL,0,0,0.0,0,0.0,0.0,0.0,0,0.0,0,1,0,0.0,0,0.0,0.0,,,74.0,188.0,26.97988888888889,4.0,Boise State,2018.0,2018.0,DAL,208.0,,0.02
2022,5,00-0034418,C.Wilson,WR,MIA,NYJ,0,0,0.0,0,0.0,0.0,0.0,0,0.0,0,4,2,20.0,0,2.0,4.0,,,74.0,188.0,26.97988888888889,4.0,Boise State,2018.0,2018.0,DAL,208.0,,0.125
2022,8,00-0034418,C.Wilson,WR,MIA,DET,0,0,0.0,0,0.0,0.0,0.0,0,0.0,0,1,0,0.0,0,0.0,0.0,,,74.0,188.0,26.97988888888889,4.0,Boise State,2018.0,2018.0,DAL,208.0,,0.029411765
2022,9,00-0034418,C.Wilson,WR,MIA,CHI,0,0,0.0,0,0.0,0.0,0.0,0,0.0,0,2,2,23.0,0,2.3,4.3,,,74.0,188.0,26.97988888888889,4.0,Boise State,2018.0,2018.0,DAL,208.0,,0.06896552
2022,10,00-0034418,C.Wilson,WR,MIA,CLE,0,0,0.0,0,0.0,1.0,6.0,0,0.0,0,1,1,7.0,0,0.7,1.7,,,74.0,188.0,26.97988888888889,4.0,Boise State,2018.0,2018.0,DAL,208.0,22.0,0.030303031
2022,12,00-0034418,C.Wilson,WR,MIA,HOU,0,0,0.0,0,0.0,0.0,0.0,0,0.0,0,3,2,26.0,0,2.6,4.6,,,74.0,188.0,26.97988888888889,4.0,Boise State,2018.0,2018.0,DAL,208.0,15.0,0.078947365
2022,14,00-0034418,C.Wilson,WR,MIA,LAC,0,0,0.0,0,0.0,0.0,0.0,0,0.0,0,2,2,19.0,0,1.9,3.9,,,74.0,188.0,26.97988888888889,4.0,Boise State,2018.0,2018.0,DAL,208.0,,0.083333336
2022,15,00-0034418,C.Wilson,WR,MIA,BUF,0,0,0.0,0,0.0,0.0,0.0,0,0.0,0,2,1,21.0,0,2.1,3.1,,,74.0,188.0,26.97988888888889,4.0,Boise State,2018.0,2018.0,DAL,208.0,,0.06666667
2022,19,00-0034418,C.Wilson,WR,MIA,BUF,0,0,0.0,0,0.0,0.0,0.0,0,0.0,0,1,1,14.0,0,1.4,2.4,,,74.0,188.0,26.97988888888889,4.0,Boise State,2018.0,2018.0,DAL,208.0,,0.023809524
2022,1,00-0034419,B.Berrios,WR,NYJ,BAL,0,0,0.0,0,0.0,0.0,0.0,0,0.0,0,6,5,37.0,0,3.7,8.7,,,69.0,190.0,27.094058823529412,4.0,Miami,2018.0,2018.0,NE,210.0,-15.0,0.10526316
2022,2,00-0034419,B.Berrios,WR,NYJ,CLE,0,0,0.0,0,0.0,0.0,0.0,2,22.0,0,0,0,0.0,0,2.2,2.2,,,69.0,190.0,27.094058823529412,4.0,Miami,2018.0,2018.0,NE,210.0,,
2022,3,00-0034419,B.Berrios,WR,NYJ,CIN,0,0,0.0,0,0.0,0.0,0.0,1,-2.0,0,1,0,0.0,0,-0.2,-0.2,,,69.0,190.0,27.094058823529412,4.0,Miami,2018.0,2018.0,NE,210.0,-15.0,0.020833334
2022,4,00-0034419,B.Berrios,WR,NYJ,PIT,1,1,2.0,1,0.0,0.0,-0.0,0,0.0,0,1,1,6.0,0,4.68,5.68,,,69.0,190.0,27.094058823529412,4.0,Miami,2018.0,2018.0,NE,210.0,,0.030303031
2022,5,00-0034419,B.Berrios,WR,NYJ,MIA,0,0,0.0,0,0.0,0.0,0.0,1,15.0,1,1,1,-1.0,0,7.4,8.4,,,69.0,190.0,27.094058823529412,4.0,Miami,2018.0,2018.0,NE,210.0,23.0,0.04761905
2022,6,00-0034419,B.Berrios,WR,NYJ,GB,0,0,0.0,0,0.0,0.0,0.0,1,20.0,1,1,1,6.0,0,8.6,9.6,,,69.0,190.0,27.094058823529412,4.0,Miami,2018.0,2018.0,NE,210.0,,0.05882353
2022,7,00-0034419,B.Berrios,WR,NYJ,DEN,0,0,0.0,0,0.0,0.0,0.0,2,27.0,0,4,3,15.0,0,4.2,7.2,,,69.0,190.0,27.094058823529412,4.0,Miami,2018.0,2018.0,NE,210.0,,0.17391305
2022,8,00-0034419,B.Berrios,WR,NYJ,NE,0,0,0.0,0,0.0,0.0,0.0,0,0.0,0,1,0,0.0,0,0.0,0.0,,,69.0,190.0,27.094058823529412,4.0,Miami,2018.0,2018.0,NE,210.0,-5.0,0.029411765
2022,9,00-0034419,B.Berrios,WR,NYJ,BUF,0,0,0.0,0,0.0,0.0,0.0,0,0.0,0,2,1,6.0,0,0.6,1.6,,,69.0,190.0,27.094058823529412,4.0,Miami,2018.0,2018.0,NE,210.0,3.0,0.083333336
2022,11,00-0034419,B.Berrios,WR,NYJ,NE,0,0,0.0,0,0.0,0.0,0.0,0,0.0,0,1,0,0.0,0,0.0,0.0,,,69.0,190.0,27.094058823529412,4.0,Miami,2018.0,2018.0,NE,210.0,,0.05
2022,12,00-0034419,B.Berrios,WR,NYJ,CHI,0,0,0.0,0,0.0,0.0,0.0,2,9.0,0,1,1,4.0,0,1.3,2.3,,,69.0,190.0,27.094058823529412,4.0,Miami,2018.0,2018.0,NE,210.0,21.0,0.035714287
2022,13,00-0034419,B.Berrios,WR,NYJ,MIN,0,0,0.0,0,0.0,0.0,0.0,0,0.0,0,3,2,9.0,0,0.9,2.9,,,69.0,190.0,27.094058823529412,4.0,Miami,2018.0,2018.0,NE,210.0,,0.054545455
2022,14,00-0034419,B.Berrios,WR,NYJ,BUF,0,0,0.0,0,0.0,0.0,0.0,0,0.0,0,3,1,25.0,0,2.5,3.5,,,69.0,190.0,27.094058823529412,4.0,Miami,2018.0,2018.0,NE,210.0,,0.06818182
2022,15,00-0034419,B.Berrios,WR,NYJ,DET,0,0,0.0,0,0.0,0.0,0.0,0,0.0,0,6,1,14.0,0,1.4,2.4,,,69.0,190.0,27.094058823529412,4.0,Miami,2018.0,2018.0,NE,210.0,-3.0,0.1764706
2022,17,00-0034419,B.Berrios,WR,NYJ,SEA,0,0,0.0,0,0.0,0.0,0.0,0,0.0,0,1,1,24.0,0,2.4,3.4,,,69.0,190.0,27.094058823529412,4.0,Miami,2018.0,2018.0,NE,210.0,,0.022222223
2022,4,00-0034440,J.Jackson,RB,DET,SEA,0,0,0.0,0,0.0,0.0,0.0,2,3.0,0,2,2,4.0,1,6.7,8.7,,,72.0,200.0,26.55364705882353,4.0,Northwestern,2018.0,2018.0,LAC,251.0,-3.0,0.051282052
2022,5,00-0034440,J.Jackson,RB,DET,NE,0,0,0.0,0,0.0,0.0,0.0,3,14.0,0,1,0,0.0,0,1.4,1.4,,,72.0,200.0,26.55364705882353,4.0,Northwestern,2018.0,2018.0,LAC,251.0,,0.032258064
2022,7,00-0034440,J.Jackson,RB,DET,DAL,0,0,0.0,0,0.0,0.0,0.0,3,2.0,0,0,0,0.0,0,0.2,0.2,,,72.0,200.0,26.55364705882353,4.0,Northwestern,2018.0,2018.0,LAC,251.0,,
2022,9,00-0034440,J.Jackson,RB,DET,GB,0,0,0.0,0,0.0,0.0,0.0,4,27.0,0,0,0,0.0,0,2.7,2.7,,,72.0,200.0,26.55364705882353,4.0,Northwestern,2018.0,2018.0,LAC,251.0,6.0,
2022,10,00-0034440,J.Jackson,RB,DET,CHI,0,0,0.0,0,0.0,0.0,0.0,4,14.0,0,3,2,14.0,0,2.8,4.8,,,72.0,200.0,26.55364705882353,4.0,Northwestern,2018.0,2018.0,LAC,251.0,,0.12
2022,11,00-0034440,J.Jackson,RB,DET,NYG,0,0,0.0,0,0.0,0.0,0.0,9,66.0,0,1,1,11.0,0,7.7,8.7,,,72.0,200.0,26.55364705882353,4.0,Northwestern,2018.0,2018.0,LAC,251.0,,0.04
2022,12,00-0034440,J.Jackson,RB,DET,BUF,0,0,0.0,0,0.0,0.0,0.0,4,4.0,0,2,1,15.0,0,1.9,2.9,,,72.0,200.0,26.55364705882353,4.0,Northwestern,2018.0,2018.0,LAC,251.0,-3.0,0.057142857
2022,13,00-0034440,J.Jackson,RB,DET,JAX,0,0,0.0,0,0.0,0.0,0.0,1,4.0,0,5,3,19.0,0,2.3,5.3,,,72.0,200.0,26.55364705882353,4.0,Northwestern,2018.0,2018.0,LAC,251.0,26.0,0.12820514
2022,14,00-0034440,J.Jackson,RB,DET,MIN,0,0,0.0,0,0.0,0.0,0.0,4,19.0,1,1,1,12.0,0,9.1,10.1,,,72.0,200.0,26.55364705882353,4.0,Northwestern,2018.0,2018.0,LAC,251.0,11.0,0.027777778
2022,15,00-0034440,J.Jackson,RB,DET,NYJ,0,0,0.0,0,0.0,0.0,0.0,6,16.0,0,2,1,15.0,0,3.1,4.1,,,72.0,200.0,26.55364705882353,4.0,Northwestern,2018.0,2018.0,LAC,251.0,,0.055555556
2022,16,00-0034440,J.Jackson,RB,DET,CAR,0,0,0.0,0,0.0,0.0,0.0,1,-1.0,0,1,0,0.0,0,-0.1,-0.1,,,72.0,200.0,26.55364705882353,4.0,Northwestern,2018.0,2018.0,LAC,251.0,,0.024390243
2022,18,00-0034440,J.Jackson,RB,DET,GB,0,0,0.0,0,0.0,0.0,0.0,1,2.0,0,1,1,11.0,0,1.3,2.3,,,72.0,200.0,26.55364705882353,4.0,Northwestern,2018.0,2018.0,LAC,251.0,,0.030303031
2022,1,00-0034487,T.Sherfield,WR,MIA,NE,0,0,0.0,0,0.0,0.0,0.0,0,0.0,0,2,1,8.0,0,0.8,1.8,,,73.0,219.0,26.71161111111111,4.0,Vanderbilt,2018.0,2018.0,,,13.0,0.06451613
2022,2,00-0034487,T.Sherfield,WR,MIA,BAL,0,0,0.0,0,0.0,0.0,0.0,0,0.0,0,2,2,9.0,0,0.9,2.9,,,73.0,219.0,26.71161111111111,4.0,Vanderbilt,2018.0,2018.0,,,,0.04
2022,3,00-0034487,T.Sherfield,WR,MIA,BUF,0,0,0.0,0,0.0,0.0,0.0,0,0.0,0,1,1,5.0,0,0.5,1.5,,,73.0,219.0,26.71161111111111,4.0,Vanderbilt,2018.0,2018.0,,,2.0,0.05
2022,4,00-0034487,T.Sherfield,WR,MIA,CIN,0,0,0.0,0,0.0,0.0,0.0,0,0.0,0,6,4,55.0,0,5.5,9.5,,,73.0,219.0,26.71161111111111,4.0,Vanderbilt,2018.0,2018.0,,,,0.16666667
2022,5,00-0034487,T.Sherfield,WR,MIA,NYJ,0,0,0.0,0,0.0,0.0,0.0,0,0.0,0,2,1,5.0,0,0.5,1.5,,,73.0,219.0,26.71161111111111,4.0,Vanderbilt,2018.0,2018.0,,,,0.0625
2022,6,00-0034487,T.Sherfield,WR,MIA,MIN,0,0,0.0,0,0.0,0.0,0.0,0,0.0,0,4,1,6.0,0,0.6,1.6,,,73.0,219.0,26.71161111111111,4.0,Vanderbilt,2018.0,2018.0,,,-8.0,0.08888889
2022,7,00-0034487,T.Sherfield,WR,MIA,PIT,0,0,0.0,0,0.0,0.0,0.0,0,0.0,0,3,3,44.0,0,4.4,7.4,,,73.0,219.0,26.71161111111111,4.0,Vanderbilt,2018.0,2018.0,,,6.0,0.08571429
2022,8,00-0034487,T.Sherfield,WR,MIA,DET,0,0,0.0,0,0.0,0.0,0.0,0,0.0,0,2,2,25.0,0,2.5,4.5,,,73.0,219.0,26.71161111111111,4.0,Vanderbilt,2018.0,2018.0,,,,0.05882353
2022,9,00-0034487,T.Sherfield,WR,MIA,CHI,0,0,0.0,0,0.0,0.0,0.0,0,0.0,0,3,3,27.0,0,2.7,5.7,,,73.0,219.0,26.71161111111111,4.0,Vanderbilt,2018.0,2018.0,,,,0.10344828
2022,10,00-0034487,T.Sherfield,WR,MIA,CLE,0,0,0.0,0,0.0,0.0,0.0,0,0.0,0,5,4,63.0,1,12.3,16.3,,,73.0,219.0,26.71161111111111,4.0,Vanderbilt,2018.0,2018.0,,,22.0,0.15151516
2022,12,00-0034487,T.Sherfield,WR,MIA,HOU,0,0,0.0,0,0.0,0.0,0.0,0,0.0,0,5,2,33.0,0,3.3,5.3,,,73.0,219.0,26.71161111111111,4.0,Vanderbilt,2018.0,2018.0,,,15.0,0.13157895
2022,13,00-0034487,T.Sherfield,WR,MIA,SF,0,0,0.0,0,0.0,0.0,0.0,0,0.0,0,3,1,75.0,1,13.5,14.5,,,73.0,219.0,26.71161111111111,4.0,Vanderbilt,2018.0,2018.0,,,,0.0882353
2022,14,00-0034487,T.Sherfield,WR,MIA,LAC,0,0,0.0,0,0.0,0.0,0.0,0,0.0,0,4,1,7.0,0,0.7,1.7,,,73.0,219.0,26.71161111111111,4.0,Vanderbilt,2018.0,2018.0,,,,0.16666667
2022,15,00-0034487,T.Sherfield,WR,MIA,BUF,0,0,0.0,0,0.0,0.0,0.0,0,0.0,0,1,0,0.0,0,0.0,0.0,,,73.0,219.0,26.71161111111111,4.0,Vanderbilt,2018.0,2018.0,,,,0.033333335
2022,16,00-0034487,T.Sherfield,WR,MIA,GB,0,0,0.0,0,0.0,0.0,0.0,0,0.0,0,2,2,25.0,0,2.5,4.5,,,73.0,219.0,26.71161111111111,4.0,Vanderbilt,2018.0,2018.0,,,-6.0,0.083333336
2022,17,00-0034487,T.Sherfield,WR,MIA,NE,0,0,0.0,0,0.0,0.0,0.0,0,0.0,0,6,2,30.0,0,3.0,5.0,,,73.0,219.0,26.71161111111111,4.0,Vanderbilt,2018.0,2018.0,,,,0.15
2022,19,00-0034487,T.Sherfield,WR,MIA,BUF,0,0,0.0,0,0.0,0.0,0.0,0,0.0,0,2,0,0.0,0,0.0,0.0,,,73.0,219.0,26.71161111111111,4.0,Vanderbilt,2018.0,2018.0,,,,0.04761905
2022,12,00-0034496,S.Chandler,SS,CAR,DEN,0,0,0.0,0,0.0,0.0,0.0,1,2.0,0,0,0,0.0,0,0.2,0.2,,,70.0,205.0,26.53205882352941,4.0,Temple,2018.0,2018.0,,,13.0,
2022,2,00-0034521,A.Lazard,WR,GB,CHI,0,0,0.0,0,0.0,0.0,0.0,0,0.0,0,3,2,13.0,1,7.3,9.3,,,77.0,227.0,26.90911764705882,4.0,Iowa State,2018.0,2018.0,,,17.0,0.12
2022,3,00-0034521,A.Lazard,WR,GB,TB,0,0,0.0,0,0.0,0.0,0.0,0,0.0,0,6,4,45.0,1,10.5,14.5,,,77.0,227.0,26.90911764705882,4.0,Iowa State,2018.0,2018.0,,,,0.1764706
2022,4,00-0034521,A.Lazard,WR,GB,NE,0,0,0.0,0,0.0,0.0,0.0,0,0.0,0,8,6,116.0,0,11.6,17.6,,,77.0,227.0,26.90911764705882,4.0,Iowa State,2018.0,2018.0,,,3.0,0.25
2022,5,00-0034521,A.Lazard,WR,GB,NYG,0,0,0.0,0,0.0,0.0,0.0,0,0.0,0,8,4,35.0,1,9.5,13.5,,,77.0,227.0,26.90911764705882,4.0,Iowa State,2018.0,2018.0,,,-5.0,0.20512821
2022,6,00-0034521,A.Lazard,WR,GB,NYJ,0,0,0.0,0,0.0,0.0,0.0,0,0.0,0,9,4,76.0,1,13.6,17.6,,,77.0,227.0,26.90911764705882,4.0,Iowa State,2018.0,2018.0,,,-17.0,0.20454545
2022,7,00-0034521,A.Lazard,WR,GB,WAS,0,0,0.0,0,0.0,0.0,0.0,0,0.0,0,7,6,55.0,0,5.5,11.5,,,77.0,227.0,26.90911764705882,4.0,Iowa State,2018.0,2018.0,,,,0.21212122
2022,9,00-0034521,A.Lazard,WR,GB,DET,0,0,0.0,0,0.0,0.0,0.0,0,0.0,0,10,4,87.0,1,14.7,18.7,,,77.0,227.0,26.90911764705882,4.0,Iowa State,2018.0,2018.0,,,,0.25
2022,10,00-0034521,A.Lazard,WR,GB,DAL,0,0,0.0,0,0.0,0.0,0.0,0,0.0,0,4,3,45.0,0,4.5,7.5,,,77.0,227.0,26.90911764705882,4.0,Iowa State,2018.0,2018.0,,,3.0,0.21052632
2022,11,00-0034521,A.Lazard,WR,GB,TEN,0,0,0.0,0,0.0,0.0,0.0,0,0.0,0,11,5,57.0,0,5.7,10.7,,,77.0,227.0,26.90911764705882,4.0,Iowa State,2018.0,2018.0,,,-10.0,0.2972973
2022,12,00-0034521,A.Lazard,WR,GB,PHI,0,0,0.0,0,0.0,0.0,0.0,0,0.0,0,3,2,24.0,0,2.4,4.4,,,77.0,227.0,26.90911764705882,4.0,Iowa State,2018.0,2018.0,,,,0.12
2022,13,00-0034521,A.Lazard,WR,GB,CHI,0,0,0.0,0,0.0,0.0,0.0,0,0.0,0,6,5,67.0,0,6.7,11.7,,,77.0,227.0,26.90911764705882,4.0,Iowa State,2018.0,2018.0,,,,0.2
2022,15,00-0034521,A.Lazard,WR,GB,LA,0,0,0.0,0,0.0,0.0,0.0,0,0.0,0,2,1,7.0,0,0.7,1.7,,,77.0,227.0,26.90911764705882,4.0,Iowa State,2018.0,2018.0,,,12.0,0.071428575
2022,16,00-0034521,A.Lazard,WR,GB,MIA,0,0,0.0,0,0.0,0.0,0.0,0,0.0,0,11,5,61.0,0,6.1,11.1,,,77.0,227.0,26.90911764705882,4.0,Iowa State,2018.0,2018.0,,,,0.28947368
2022,17,00-0034521,A.Lazard,WR,GB,MIN,0,0,0.0,0,0.0,0.0,0.0,0,0.0,0,6,5,59.0,0,5.9,10.9,,,77.0,227.0,26.90911764705882,4.0,Iowa State,2018.0,2018.0,,,24.0,0.23076923
2022,18,00-0034521,A.Lazard,WR,GB,DET,0,0,0.0,0,0.0,0.0,0.0,2,0.0,0,6,4,41.0,1,10.1,14.1,,,77.0,227.0,26.90911764705882,4.0,Iowa State,2018.0,2018.0,,,-4.0,0.23076923
2022,12,00-0034577,K.Allen,QB,HOU,MIA,26,39,215.0,1,2.0,5.0,41.0,4,12.0,0,0,0,0.0,0,9.8,9.8,,,75.0,211.0,26.676823529411767,4.0,Houston,2018.0,2018.0,,,,
2022,13,00-0034577,K.Allen,QB,HOU,CLE,20,39,201.0,1,2.0,0.0,-0.0,2,1.0,0,0,0,0.0,0,6.14,6.14,,,75.0,211.0,26.676823529411767,4.0,Houston,2018.0,2018.0,,,-13.0,
2022,18,00-0034578,R.Bonnafon,RB,WAS,DAL,0,0,0.0,0,0.0,0.0,0.0,3,8.0,0,0,0,0.0,0,0.8,0.8,,,72.0,215.0,26.849,4.0,Louisville,2018.0,2018.0,,,20.0,
2022,2,00-0034613,T.Hudson,TE,NYG,CAR,0,0,0.0,0,0.0,0.0,0.0,0,0.0,0,3,2,22.0,0,2.2,4.2,,,77.0,239.0,28.017368421052634,4.0,Southern Arkansas,2018.0,2018.0,,,3.0,0.09375
2022,4,00-0034613,T.Hudson,TE,NYG,CHI,0,0,0.0,0,0.0,0.0,0.0,0,0.0,0,2,1,18.0,0,1.8,2.8,,,77.0,239.0,28.017368421052634,4.0,Southern Arkansas,2018.0,2018.0,,,8.0,0.13333334
2022,7,00-0034613,T.Hudson,TE,NYG,JAX,0,0,0.0,0,0.0,0.0,0.0,0,0.0,0,1,0,0.0,0,0.0,0.0,,,77.0,239.0,28.017368421052634,4.0,Southern Arkansas,2018.0,2018.0,,,,0.03448276
2022,8,00-0034613,T.Hudson,TE,NYG,SEA,0,0,0.0,0,0.0,0.0,0.0,0,0.0,0,5,3,58.0,0,5.8,8.8,,,77.0,239.0,28.017368421052634,4.0,Southern Arkansas,2018.0,2018.0,,,,0.16129032
2022,10,00-0034613,T.Hudson,TE,NYG,HOU,0,0,0.0,0,0.0,0.0,0.0,0,0.0,0,3,3,24.0,0,2.4,5.4,,,77.0,239.0,28.017368421052634,4.0,Southern Arkansas,2018.0,2018.0,,,8.0,0.1764706
2022,12,00-0034613,T.Hudson,TE,NYG,DAL,0,0,0.0,0,0.0,0.0,0.0,0,0.0,0,1,1,10.0,0,1.0,2.0,,,77.0,239.0,28.017368421052634,4.0,Southern Arkansas,2018.0,2018.0,,,,0.03448276
2022,17,00-0034614,G.Igwebuike,RB,SEA,NYJ,0,0,0.0,0,0.0,0.0,0.0,3,4.0,0,1,1,3.0,0,0.7,1.7,,,72.0,212.0,28.193533333333335,4.0,Northwestern,2018.0,2018.0,,,17.0,0.035714287
2022,1,00-0034646,B.Powell,WR,LA,BUF,0,0,0.0,0,0.0,0.0,0.0,1,3.0,0,1,1,10.0,0,1.3,2.3,,,68.0,189.0,27.16305882352941,4.0,Florida,2018.0,2018.0,,,-21.0,0.024390243
2022,2,00-0034646,B.Powell,WR,LA,ATL,0,0,0.0,0,0.0,0.0,0.0,1,-26.0,0,1,1,6.0,0,-2.0,-1.0,,,68.0,189.0,27.16305882352941,4.0,Florida,2018.0,2018.0,,,4.0,0.028571429
2022,3,00-0034646,B.Powell,WR,LA,ARI,0,0,0.0,0,0.0,0.0,0.0,0,0.0,0,3,3,27.0,0,2.7,5.7,,,68.0,189.0,27.16305882352941,4.0,Florida,2018.0,2018.0,,,,0.12
2022,4,00-0034646,B.Powell,WR,LA,SF,0,0,0.0,0,0.0,0.0,0.0,1,11.0,0,0,0,0.0,0,1.1,1.1,,,68.0,189.0,27.16305882352941,4.0,Florida,2018.0,2018.0,,,,
2022,5,00-0034646,B.Powell,WR,LA,DAL,0,0,0.0,0,0.0,0.0,0.0,1,1.0,0,0,0,0.0,0,0.1,0.1,,,68.0,189.0,27.16305882352941,4.0,Florida,2018.0,2018.0,,,-12.0,
2022,6,00-0034646,B.Powell,WR,LA,CAR,0,0,0.0,0,0.0,0.0,0.0,3,13.0,0,5,4,27.0,0,4.0,8.0,,,68.0,189.0,27.16305882352941,4.0,Florida,2018.0,2018.0,,,14.0,0.16129032
2022,9,00-0034646,B.Powell,WR,LA,TB,0,0,0.0,0,0.0,0.0,0.0,0,0.0,0,1,1,4.0,0,0.4,1.4,,,68.0,189.0,27.16305882352941,4.0,Florida,2018.0,2018.0,,,,0.03846154
2022,10,00-0034646,B.Powell,WR,LA,ARI,0,0,0.0,0,0.0,0.0,0.0,1,7.0,0,1,0,0.0,0,0.7,0.7,,,68.0,189.0,27.16305882352941,4.0,Florida,2018.0,2018.0,,,-10.0,0.027027028
2022,11,00-0034646,B.Powell,WR,LA,NO,0,0,0.0,0,0.0,0.0,0.0,1,-1.0,0,2,2,16.0,0,1.5,3.5,,,68.0,189.0,27.16305882352941,4.0,Florida,2018.0,2018.0,,,,0.074074075
2022,12,00-0034646,B.Powell,WR,LA,KC,0,0,0.0,0,0.0,0.0,0.0,0,0.0,0,2,2,6.0,0,0.6,2.6,,,68.0,189.0,27.16305882352941,4.0,Florida,2018.0,2018.0,,,,0.083333336
2022,13,00-0034646,B.Powell,WR,LA,SEA,0,0,0.0,0,0.0,0.0,0.0,3,45.0,0,4,4,39.0,0,8.4,12.4,,,68.0,189.0,27.16305882352941,4.0,Florida,2018.0,2018.0,,,-4.0,0.16
2022,14,00-0034646,B.Powell,WR,LA,LV,0,0,0.0,0,0.0,0.0,0.0,0,0.0,0,2,0,0.0,0,0.0,0.0,,,68.0,189.0,27.16305882352941,4.0,Florida,2018.0,2018.0,,,1.0,0.05882353
2022,15,00-0034646,B.Powell,WR,LA,GB,0,0,0.0,0,0.0,0.0,0.0,1,3.0,0,2,1,4.0,0,0.7,1.7,,,68.0,189.0,27.16305882352941,4.0,Florida,2018.0,2018.0,,,,0.1
2022,16,00-0034646,B.Powell,WR,LA,DEN,0,0,0.0,0,0.0,0.0,0.0,2,3.0,0,3,3,12.0,0,1.5,4.5,,,68.0,189.0,27.16305882352941,4.0,Florida,2018.0,2018.0,,,37.0,0.10714286
2022,17,00-0034646,B.Powell,WR,LA,LAC,0,0,0.0,0,0.0,0.0,0.0,1,6.0,0,2,1,3.0,0,0.9,1.9,,,68.0,189.0,27.16305882352941,4.0,Florida,2018.0,2018.0,,,,0.11111111
2022,18,00-0034646,B.Powell,WR,LA,SEA,0,0,0.0,0,0.0,0.0,0.0,1,15.0,0,3,1,2.0,0,1.7,2.7,,,68.0,189.0,27.16305882352941,4.0,Florida,2018.0,2018.0,,,,0.125
2022,14,00-0034676,J.Washington,WR,DAL,HOU,0,0,0.0,0,0.0,0.0,0.0,0,0.0,0,1,0,0.0,0,0.0,0.0,,,71.0,213.0,26.624736842105264,4.0,Oklahoma State,2018.0,2018.0,PIT,60.0,4.0,0.025641026
2022,1,00-0034681,C.Edmonds,RB,MIA,NE,0,0,0.0,0,0.0,0.0,0.0,12,25.0,0,4,4,40.0,0,6.5,10.5,,,69.0,210.0,26.5745,4.0,Fordham,2018.0,2018.0,ARI,134.0,13.0,0.12903225
2022,2,00-0034681,C.Edmonds,RB,MIA,BAL,0,0,0.0,0,0.0,0.0,0.0,5,33.0,0,3,1,8.0,0,4.1,5.1,,,69.0,210.0,26.5745,4.0,Fordham,2018.0,2018.0,ARI,134.0,,0.06
2022,3,00-0034681,C.Edmonds,RB,MIA,BUF,0,0,0.0,0,0.0,0.0,0.0,6,21.0,2,1,1,6.0,0,14.7,15.7,,,69.0,210.0,26.5745,4.0,Fordham,2018.0,2018.0,ARI,134.0,2.0,0.05
2022,4,00-0034681,C.Edmonds,RB,MIA,CIN,0,0,0.0,0,0.0,0.0,0.0,5,6.0,0,3,2,14.0,1,8.0,10.0,,,69.0,210.0,26.5745,4.0,Fordham,2018.0,2018.0,ARI,134.0,,0.083333336
2022,5,00-0034681,C.Edmonds,RB,MIA,NYJ,0,0,0.0,0,0.0,0.0,0.0,1,1.0,0,2,0,0.0,0,0.1,0.1,,,69.0,210.0,26.5745,4.0,Fordham,2018.0,2018.0,ARI,134.0,,0.0625
2022,6,00-0034681,C.Edmonds,RB,MIA,MIN,0,0,0.0,0,0.0,0.0,0.0,2,3.0,0,2,2,28.0,0,3.1,5.1,,,69.0,210.0,26.5745,4.0,Fordham,2018.0,2018.0,ARI,134.0,-8.0,0.044444446
2022,7,00-0034681,C.Edmonds,RB,MIA,PIT,0,0,0.0,0,0.0,0.0,0.0,7,17.0,0,2,0,0.0,0,1.7,1.7,,,69.0,210.0,26.5745,4.0,Fordham,2018.0,2018.0,ARI,134.0,6.0,0.057142857
2022,8,00-0034681,C.Edmonds,RB,MIA,DET,0,0,0.0,0,0.0,0.0,0.0,4,14.0,0,0,0,0.0,0,1.4,1.4,,,69.0,210.0,26.5745,4.0,Fordham,2018.0,2018.0,ARI,134.0,,
2022,10,00-0034681,C.Edmonds,RB,DEN,TEN,0,0,0.0,0,0.0,0.0,0.0,2,9.0,0,2,1,0.0,0,0.9,1.9,,,69.0,210.0,26.5745,4.0,Fordham,2018.0,2018.0,ARI,134.0,,0.051282052
2022,11,00-0034681,C.Edmonds,RB,DEN,LV,0,0,0.0,0,0.0,0.0,0.0,2,6.0,0,0,0,0.0,0,0.6,0.6,,,69.0,210.0,26.5745,4.0,Fordham,2018.0,2018.0,ARI,134.0,-6.0,
2022,16,00-0034681,C.Edmonds,RB,DEN,LA,0,0,0.0,0,0.0,0.0,0.0,6,31.0,0,2,2,22.0,0,5.3,7.3,,,69.0,210.0,26.5745,4.0,Fordham,2018.0,2018.0,ARI,134.0,,0.05882353
2022,17,00-0034681,C.Edmonds,RB,DEN,KC,0,0,0.0,0,0.0,0.0,0.0,7,34.0,0,3,3,39.0,0,7.3,10.3,,,69.0,210.0,26.5745,4.0,Fordham,2018.0,2018.0,ARI,134.0,,0.083333336
2022,18,00-0034681,C.Edmonds,RB,DEN,LAC,0,0,0.0,0,0.0,0.0,0.0,9,45.0,0,0,0,0.0,0,4.5,4.5,,,69.0,210.0,26.5745,4.0,Fordham,2018.0,2018.0,ARI,134.0,3.0,
2022,16,00-0034726,D.Leavitt,SS,GB,MIA,0,0,0.0,0,0.0,0.0,0.0,1,0.0,0,0,0,0.0,0,0.0,0.0,,,70.0,195.0,28.250647058823528,4.0,Utah State,2018.0,2018.0,,,,
2022,1,00-0034750,R.Penny,RB,SEA,DEN,0,0,0.0,0,0.0,0.0,0.0,12,60.0,0,3,2,7.0,0,6.7,8.7,,,71.0,220.0,26.777277777777776,4.0,San Diego State,2018.0,2018.0,SEA,27.0,1.0,0.11111111
2022,2,00-0034750,R.Penny,RB,SEA,SF,0,0,0.0,0,0.0,0.0,0.0,6,15.0,0,0,0,0.0,0,1.5,1.5,,,71.0,220.0,26.777277777777776,4.0,San Diego State,2018.0,2018.0,SEA,27.0,,
2022,3,00-0034750,R.Penny,RB,SEA,ATL,0,0,0.0,0,0.0,0.0,0.0,14,66.0,0,1,1,3.0,0,6.9,7.9,,,71.0,220.0,26.777277777777776,4.0,San Diego State,2018.0,2018.0,SEA,27.0,-4.0,0.022727273
2022,4,00-0034750,R.Penny,RB,SEA,DET,0,0,0.0,0,0.0,0.0,0.0,17,151.0,2,1,1,6.0,0,27.7,28.7,,,71.0,220.0,26.777277777777776,4.0,San Diego State,2018.0,2018.0,SEA,27.0,,0.03448276
2022,5,00-0034750,R.Penny,RB,SEA,NO,0,0,0.0,0,0.0,0.0,0.0,8,54.0,0,0,0,0.0,0,5.4,5.4,,,71.0,220.0,26.777277777777776,4.0,San Diego State,2018.0,2018.0,SEA,27.0,,
2022,1,00-0034753,M.Andrews,TE,BAL,NYJ,0,0,0.0,0,0.0,0.0,0.0,0,0.0,0,7,5,52.0,0,5.2,10.2,,,77.0,255.0,27.186166666666665,4.0,Oklahoma,2018.0,2018.0,BAL,86.0,,0.2413793
2022,2,00-0034753,M.Andrews,TE,BAL,MIA,0,0,0.0,0,0.0,0.0,0.0,1,3.0,0,11,9,104.0,1,16.7,25.7,,,77.0,255.0,27.186166666666665,4.0,Oklahoma,2018.0,2018.0,BAL,86.0,-4.0,0.37931034
2022,3,00-0034753,M.Andrews,TE,BAL,NE,0,0,0.0,0,0.0,0.0,0.0,0,0.0,0,13,8,89.0,2,20.9,28.9,,,77.0,255.0,27.186166666666665,4.0,Oklahoma,2018.0,2018.0,BAL,86.0,,0.4814815
2022,4,00-0034753,M.Andrews,TE,BAL,BUF,0,0,0.0,0,0.0,0.0,0.0,0,0.0,0,5,2,15.0,0,1.5,3.5,,,77.0,255.0,27.186166666666665,4.0,Oklahoma,2018.0,2018.0,BAL,86.0,-3.0,0.17857143
2022,5,00-0034753,M.Andrews,TE,BAL,CIN,0,0,0.0,0,0.0,0.0,0.0,0,0.0,0,10,8,89.0,1,14.9,22.9,,,77.0,255.0,27.186166666666665,4.0,Oklahoma,2018.0,2018.0,BAL,86.0,2.0,0.37037036
2022,6,00-0034753,M.Andrews,TE,BAL,NYG,0,0,0.0,0,0.0,0.0,0.0,0,0.0,0,11,7,106.0,1,16.6,23.6,,,77.0,255.0,27.186166666666665,4.0,Oklahoma,2018.0,2018.0,BAL,86.0,,0.34375
2022,7,00-0034753,M.Andrews,TE,BAL,CLE,0,0,0.0,0,0.0,0.0,0.0,1,4.0,0,2,0,0.0,0,0.4,0.4,,,77.0,255.0,27.186166666666665,4.0,Oklahoma,2018.0,2018.0,BAL,86.0,3.0,0.125
2022,8,00-0034753,M.Andrews,TE,BAL,TB,0,0,0.0,0,0.0,0.0,0.0,0,0.0,0,5,3,33.0,0,3.3,6.3,,,77.0,255.0,27.186166666666665,4.0,Oklahoma,2018.0,2018.0,BAL,86.0,,0.14705883
2022,11,00-0034753,M.Andrews,TE,BAL,CAR,0,0,0.0,0,0.0,0.0,0.0,0,0.0,0,8,6,63.0,0,6.3,12.3,,,77.0,255.0,27.186166666666665,4.0,Oklahoma,2018.0,2018.0,BAL,86.0,10.0,0.25
2022,12,00-0034753,M.Andrews,TE,BAL,JAX,0,0,0.0,0,0.0,0.0,0.0,0,0.0,0,7,4,50.0,0,7.0,11.0,,,77.0,255.0,27.186166666666665,4.0,Oklahoma,2018.0,2018.0,BAL,86.0,,0.23333333
2022,13,00-0034753,M.Andrews,TE,BAL,DEN,0,0,0.0,0,0.0,0.0,0.0,1,1.0,0,7,4,53.0,0,5.4,9.4,,,77.0,255.0,27.186166666666665,4.0,Oklahoma,2018.0,2018.0,BAL,86.0,1.0,0.19444445
2022,14,00-0034753,M.Andrews,TE,BAL,PIT,0,0,0.0,0,0.0,0.0,0.0,0,0.0,0,6,2,17.0,0,1.7,3.7,,,77.0,255.0,27.186166666666665,4.0,Oklahoma,2018.0,2018.0,BAL,86.0,,0.3529412
2022,15,00-0034753,M.Andrews,TE,BAL,CLE,0,0,0.0,0,0.0,0.0,0.0,0,0.0,0,7,3,31.0,0,3.1,6.1,,,77.0,255.0,27.186166666666665,4.0,Oklahoma,2018.0,2018.0,BAL,86.0,,0.25
2022,16,00-0034753,M.Andrews,TE,BAL,ATL,0,0,0.0,0,0.0,0.0,0.0,0,0.0,0,5,3,45.0,0,4.5,7.5,,,77.0,255.0,27.186166666666665,4.0,Oklahoma,2018.0,2018.0,BAL,86.0,8.0,0.3125
2022,17,00-0034753,M.Andrews,TE,BAL,PIT,0,0,0.0,0,0.0,0.0,0.0,0,0.0,0,9,9,100.0,0,10.0,19.0,,,77.0,255.0,27.186166666666665,4.0,Oklahoma,2018.0,2018.0,BAL,86.0,-3.0,0.45
2022,19,00-0034753,M.Andrews,TE,BAL,CIN,0,0,0.0,0,0.0,0.0,0.0,1,0.0,0,10,5,73.0,0,7.3,12.3,,,77.0,255.0,27.186166666666665,4.0,Oklahoma,2018.0,2018.0,BAL,86.0,,0.35714287
2022,4,00-0034764,M.Gallup,WR,DAL,WAS,0,0,0.0,0,0.0,0.0,0.0,0,0.0,0,3,2,24.0,1,8.4,10.4,,,73.0,200.0,26.704473684210527,4.0,Colorado State,2018.0,2018.0,DAL,81.0,15.0,0.115384616
2022,5,00-0034764,M.Gallup,WR,DAL,LA,0,0,0.0,0,0.0,0.0,0.0,0,0.0,0,5,4,44.0,0,4.4,8.4,,,73.0,200.0,26.704473684210527,4.0,Colorado State,2018.0,2018.0,DAL,81.0,,0.3125
2022,6,00-0034764,M.Gallup,WR,DAL,PHI,0,0,0.0,0,0.0,0.0,0.0,0,0.0,0,7,2,18.0,0,1.8,3.8,,,73.0,200.0,26.704473684210527,4.0,Colorado State,2018.0,2018.0,DAL,81.0,,0.1891892
2022,7,00-0034764,M.Gallup,WR,DAL,DET,0,0,0.0,0,0.0,0.0,0.0,0,0.0,0,2,0,0.0,0,0.0,0.0,,,73.0,200.0,26.704473684210527,4.0,Colorado State,2018.0,2018.0,DAL,81.0,18.0,0.08
2022,8,00-0034764,M.Gallup,WR,DAL,CHI,0,0,0.0,0,0.0,0.0,0.0,0,0.0,0,6,4,49.0,0,4.9,8.9,,,73.0,200.0,26.704473684210527,4.0,Colorado State,2018.0,2018.0,DAL,81.0,20.0,0.23076923
2022,10,00-0034764,M.Gallup,WR,DAL,GB,0,0,0.0,0,0.0,0.0,0.0,0,0.0,0,7,4,35.0,0,3.5,7.5,,,73.0,200.0,26.704473684210527,4.0,Colorado State,2018.0,2018.0,DAL,81.0,,0.1590909
2022,11,00-0034764,M.Gallup,WR,DAL,MIN,0,0,0.0,0,0.0,0.0,0.0,0,0.0,0,4,3,41.0,0,4.1,7.1,,,73.0,200.0,26.704473684210527,4.0,Colorado State,2018.0,2018.0,DAL,81.0,,0.13333334
2022,12,00-0034764,M.Gallup,WR,DAL,NYG,0,0,0.0,0,0.0,0.0,0.0,0,0.0,0,8,5,63.0,0,6.3,11.3,,,73.0,200.0,26.704473684210527,4.0,Colorado State,2018.0,2018.0,DAL,81.0,8.0,0.27586207
2022,13,00-0034764,M.Gallup,WR,DAL,IND,0,0,0.0,0,0.0,0.0,0.0,0,0.0,0,7,4,23.0,2,14.3,18.3,,,73.0,200.0,26.704473684210527,4.0,Colorado State,2018.0,2018.0,DAL,81.0,35.0,0.23333333
2022,14,00-0034764,M.Gallup,WR,DAL,HOU,0,0,0.0,0,0.0,0.0,0.0,0,0.0,0,6,2,40.0,0,4.0,6.0,,,73.0,200.0,26.704473684210527,4.0,Colorado State,2018.0,2018.0,DAL,81.0,4.0,0.15384616
2022,15,00-0034764,M.Gallup,WR,DAL,JAX,0,0,0.0,0,0.0,0.0,0.0,0,0.0,0,2,1,2.0,0,0.2,1.2,,,73.0,200.0,26.704473684210527,4.0,Colorado State,2018.0,2018.0,DAL,81.0,,0.06666667
2022,16,00-0034764,M.Gallup,WR,DAL,PHI,0,0,0.0,0,0.0,0.0,0.0,0,0.0,0,7,4,36.0,1,9.6,13.6,,,73.0,200.0,26.704473684210527,4.0,Colorado State,2018.0,2018.0,DAL,81.0,6.0,0.2
2022,17,00-0034764,M.Gallup,WR,DAL,TEN,0,0,0.0,0,0.0,0.0,0.0,0,0.0,0,4,3,39.0,0,3.9,6.9,,,73.0,200.0,26.704473684210527,4.0,Colorado State,2018.0,2018.0,DAL,81.0,,0.09756097
2022,18,00-0034764,M.Gallup,WR,DAL,WAS,0,0,0.0,0,0.0,0.0,0.0,0,0.0,0,6,1,10.0,0,1.0,2.0,,,73.0,200.0,26.704473684210527,4.0,Colorado State,2018.0,2018.0,DAL,81.0,,0.16666667
2022,19,00-0034764,M.Gallup,WR,DAL,TB,0,0,0.0,0,0.0,0.0,0.0,0,0.0,0,6,5,46.0,1,10.6,15.6,,,73.0,200.0,26.704473684210527,4.0,Colorado State,2018.0,2018.0,DAL,81.0,,0.1875
2022,20,00-0034764,M.Gallup,WR,DAL,SF,0,0,0.0,0,0.0,0.0,0.0,0,0.0,0,3,0,0.0,0,0.0,0.0,,,73.0,200.0,26.704473684210527,4.0,Colorado State,2018.0,2018.0,DAL,81.0,,0.08108108
2022,3,00-0034765,T.Smith,WR,NO,CAR,0,0,0.0,0,0.0,0.0,0.0,0,0.0,0,5,4,105.0,0,10.5,14.5,,,74.0,210.0,26.835,4.0,Central Florida,2018.0,2018.0,NO,91.0,,0.12820514
2022,4,00-0034765,T.Smith,WR,NO,MIN,0,0,0.0,0,0.0,0.0,0.0,0,0.0,0,2,1,18.0,0,1.8,2.8,,,74.0,210.0,26.835,4.0,Central Florida,2018.0,2018.0,NO,91.0,-3.0,0.071428575
2022,5,00-0034765,T.Smith,WR,NO,SEA,0,0,0.0,0,0.0,0.0,0.0,0,0.0,0,4,1,10.0,0,1.0,2.0,,,74.0,210.0,26.835,4.0,Central Florida,2018.0,2018.0,NO,91.0,7.0,0.16
2022,6,00-0034765,T.Smith,WR,NO,CIN,0,0,0.0,0,0.0,0.0,0.0,0,0.0,0,3,3,43.0,1,10.3,13.3,,,74.0,210.0,26.835,4.0,Central Florida,2018.0,2018.0,NO,91.0,-4.0,0.09677419
2022,7,00-0034765,T.Smith,WR,NO,ARI,0,0,0.0,0,0.0,0.0,0.0,0,0.0,0,6,5,59.0,0,5.9,10.9,,,74.0,210.0,26.835,4.0,Central Florida,2018.0,2018.0,NO,91.0,,0.13043478
2022,8,00-0034765,T.Smith,WR,NO,LV,0,0,0.0,0,0.0,0.0,0.0,0,0.0,0,1,0,0.0,0,0.0,0.0,,,74.0,210.0,26.835,4.0,Central Florida,2018.0,2018.0,NO,91.0,24.0,0.033333335
2022,9,00-0034765,T.Smith,WR,NO,BAL,0,0,0.0,0,0.0,0.0,0.0,0,0.0,0,4,3,29.0,0,2.9,5.9,,,74.0,210.0,26.835,4.0,Central Florida,2018.0,2018.0,NO,91.0,-14.0,0.14285715
2022,12,00-0034765,T.Smith,WR,NO,SF,0,0,0.0,0,0.0,0.0,0.0,0,0.0,0,1,1,8.0,0,0.8,1.8,,,74.0,210.0,26.835,4.0,Central Florida,2018.0,2018.0,NO,91.0,,0.033333335
2022,18,00-0034765,T.Smith,WR,NO,CAR,0,0,0.0,0,0.0,0.0,0.0,0,0.0,0,1,1,6.0,0,0.6,1.6,,,74.0,210.0,26.835,4.0,Central Florida,2018.0,2018.0,NO,91.0,-3.0,0.04
2022,1,00-0034775,C.Kirk,WR,JAX,WAS,0,0,0.0,0,0.0,0.0,0.0,0,0.0,0,12,6,117.0,0,11.7,17.7,,,71.0,200.0,25.99321052631579,4.0,Texas A&amp;M,2018.0,2018.0,ARI,47.0,,0.31578946
2022,2,00-0034775,C.Kirk,WR,JAX,IND,0,0,0.0,0,0.0,0.0,0.0,0,0.0,0,6,6,78.0,2,19.8,25.8,,,71.0,200.0,25.99321052631579,4.0,Texas A&amp;M,2018.0,2018.0,ARI,47.0,24.0,0.2
2022,3,00-0034775,C.Kirk,WR,JAX,LAC,0,0,0.0,0,0.0,0.0,0.0,0,0.0,0,9,6,72.0,1,13.2,19.2,,,71.0,200.0,25.99321052631579,4.0,Texas A&amp;M,2018.0,2018.0,ARI,47.0,,0.23684211
2022,4,00-0034775,C.Kirk,WR,JAX,PHI,0,0,0.0,0,0.0,0.0,0.0,1,3.0,0,9,2,60.0,0,6.3,8.3,,,71.0,200.0,25.99321052631579,4.0,Texas A&amp;M,2018.0,2018.0,ARI,47.0,,0.39130434
2022,5,00-0034775,C.Kirk,WR,JAX,HOU,0,0,0.0,0,0.0,0.0,0.0,0,0.0,0,3,1,11.0,0,1.1,2.1,,,71.0,200.0,25.99321052631579,4.0,Texas A&amp;M,2018.0,2018.0,ARI,47.0,-7.0,0.06818182
2022,6,00-0034775,C.Kirk,WR,JAX,IND,0,0,0.0,0,0.0,0.0,0.0,1,4.0,0,5,4,24.0,1,8.8,12.8,,,71.0,200.0,25.99321052631579,4.0,Texas A&amp;M,2018.0,2018.0,ARI,47.0,,0.22727273
2022,7,00-0034775,C.Kirk,WR,JAX,NYG,0,1,0.0,0,0.0,0.0,-0.0,1,5.0,0,10,7,96.0,0,10.1,17.1,,,71.0,200.0,25.99321052631579,4.0,Texas A&amp;M,2018.0,2018.0,ARI,47.0,-6.0,0.23255815
2022,8,00-0034775,C.Kirk,WR,JAX,DEN,0,0,0.0,0,0.0,0.0,0.0,0,0.0,0,7,3,40.0,0,4.0,7.0,,,71.0,200.0,25.99321052631579,4.0,Texas A&amp;M,2018.0,2018.0,ARI,47.0,-4.0,0.25
2022,9,00-0034775,C.Kirk,WR,JAX,LV,0,0,0.0,0,0.0,0.0,0.0,0,0.0,0,9,8,76.0,1,13.6,21.6,,,71.0,200.0,25.99321052631579,4.0,Texas A&amp;M,2018.0,2018.0,ARI,47.0,7.0,0.31034482
2022,10,00-0034775,C.Kirk,WR,JAX,KC,0,0,0.0,0,0.0,0.0,0.0,0,0.0,0,12,9,105.0,2,22.5,31.5,,,71.0,200.0,25.99321052631579,4.0,Texas A&amp;M,2018.0,2018.0,ARI,47.0,,0.30769232
2022,12,00-0034775,C.Kirk,WR,JAX,BAL,0,0,0.0,0,0.0,0.0,0.0,1,-5.0,0,9,4,46.0,0,4.1,8.1,,,71.0,200.0,25.99321052631579,4.0,Texas A&amp;M,2018.0,2018.0,ARI,47.0,1.0,0.24324325
2022,13,00-0034775,C.Kirk,WR,JAX,DET,0,0,0.0,0,0.0,0.0,0.0,0,0.0,0,8,6,104.0,0,10.4,16.4,,,71.0,200.0,25.99321052631579,4.0,Texas A&amp;M,2018.0,2018.0,ARI,47.0,,0.24242425
2022,14,00-0034775,C.Kirk,WR,JAX,TEN,0,0,0.0,0,0.0,0.0,0.0,0,0.0,0,7,5,45.0,0,4.5,9.5,,,71.0,200.0,25.99321052631579,4.0,Texas A&amp;M,2018.0,2018.0,ARI,47.0,,0.16666667
2022,15,00-0034775,C.Kirk,WR,JAX,DAL,0,0,0.0,0,0.0,0.0,0.0,0,0.0,0,10,6,92.0,0,9.2,15.2,,,71.0,200.0,25.99321052631579,4.0,Texas A&amp;M,2018.0,2018.0,ARI,47.0,6.0,0.24390244
2022,16,00-0034775,C.Kirk,WR,JAX,NYJ,0,0,0.0,0,0.0,0.0,0.0,1,4.0,0,6,3,22.0,0,2.6,5.6,,,71.0,200.0,25.99321052631579,4.0,Texas A&amp;M,2018.0,2018.0,ARI,47.0,,0.2
2022,17,00-0034775,C.Kirk,WR,JAX,HOU,0,0,0.0,0,0.0,0.0,0.0,0,0.0,0,3,2,21.0,0,2.1,4.1,,,71.0,200.0,25.99321052631579,4.0,Texas A&amp;M,2018.0,2018.0,ARI,47.0,,0.10714286
2022,18,00-0034775,C.Kirk,WR,JAX,TEN,0,0,0.0,0,0.0,0.0,0.0,0,0.0,0,8,6,99.0,1,15.9,21.9,,,71.0,200.0,25.99321052631579,4.0,Texas A&amp;M,2018.0,2018.0,ARI,47.0,4.0,0.27586207
2022,19,00-0034775,C.Kirk,WR,JAX,LAC,0,0,0.0,0,0.0,0.0,0.0,0,0.0,0,14,8,78.0,1,13.8,21.8,,,71.0,200.0,25.99321052631579,4.0,Texas A&amp;M,2018.0,2018.0,ARI,47.0,1.0,0.3043478
2022,20,00-0034775,C.Kirk,WR,JAX,KC,0,0,0.0,0,0.0,0.0,0.0,1,18.0,0,14,7,52.0,1,13.0,20.0,,,71.0,200.0,25.99321052631579,4.0,Texas A&amp;M,2018.0,2018.0,ARI,47.0,,0.36842105
2022,1,00-0034777,D.Chark,WR,DET,PHI,0,0,0.0,0,0.0,0.0,0.0,0,0.0,0,8,4,52.0,1,11.2,15.2,,,76.0,198.0,26.131941176470587,4.0,Louisiana State,2018.0,2018.0,JAX,61.0,-3.0,0.21621622
2022,2,00-0034777,D.Chark,WR,DET,WAS,0,0,0.0,0,0.0,0.0,0.0,0,0.0,0,4,0,0.0,0,0.0,0.0,,,76.0,198.0,26.131941176470587,4.0,Louisiana State,2018.0,2018.0,JAX,61.0,9.0,0.11764706
2022,3,00-0034777,D.Chark,WR,DET,MIN,0,0,0.0,0,0.0,0.0,0.0,0,0.0,0,6,3,46.0,0,4.6,7.6,,,76.0,198.0,26.131941176470587,4.0,Louisiana State,2018.0,2018.0,JAX,61.0,,0.16216215
2022,11,00-0034777,D.Chark,WR,DET,NYG,0,0,0.0,0,0.0,0.0,0.0,0,0.0,0,1,0,0.0,0,0.0,0.0,,,76.0,198.0,26.131941176470587,4.0,Louisiana State,2018.0,2018.0,JAX,61.0,,0.04
2022,12,00-0034777,D.Chark,WR,DET,BUF,0,0,0.0,0,0.0,0.0,0.0,0,0.0,0,5,2,16.0,1,7.6,9.6,,,76.0,198.0,26.131941176470587,4.0,Louisiana State,2018.0,2018.0,JAX,61.0,-3.0,0.14285715
2022,13,00-0034777,D.Chark,WR,DET,JAX,0,0,0.0,0,0.0,0.0,0.0,0,0.0,0,6,5,98.0,0,9.8,14.8,,,76.0,198.0,26.131941176470587,4.0,Louisiana State,2018.0,2018.0,JAX,61.0,26.0,0.15384616
2022,14,00-0034777,D.Chark,WR,DET,MIN,0,0,0.0,0,0.0,0.0,0.0,0,0.0,0,7,6,94.0,1,15.4,21.4,,,76.0,198.0,26.131941176470587,4.0,Louisiana State,2018.0,2018.0,JAX,61.0,11.0,0.19444445
2022,15,00-0034777,D.Chark,WR,DET,NYJ,0,0,0.0,0,0.0,0.0,0.0,0,0.0,0,2,1,18.0,0,1.8,2.8,,,76.0,198.0,26.131941176470587,4.0,Louisiana State,2018.0,2018.0,JAX,61.0,,0.055555556
2022,16,00-0034777,D.Chark,WR,DET,CAR,0,0,0.0,0,0.0,0.0,0.0,0,0.0,0,5,4,108.0,0,10.8,14.8,,,76.0,198.0,26.131941176470587,4.0,Louisiana State,2018.0,2018.0,JAX,61.0,,0.12195122
2022,17,00-0034777,D.Chark,WR,DET,CHI,0,0,0.0,0,0.0,0.0,0.0,0,0.0,0,4,2,56.0,0,5.6,7.6,,,76.0,198.0,26.131941176470587,4.0,Louisiana State,2018.0,2018.0,JAX,61.0,31.0,0.13793103
2022,18,00-0034777,D.Chark,WR,DET,GB,0,0,0.0,0,0.0,0.0,0.0,0,0.0,0,4,3,14.0,0,1.4,4.4,,,76.0,198.0,26.131941176470587,4.0,Louisiana State,2018.0,2018.0,JAX,61.0,,0.121212125
2022,1,00-0034791,N.Chubb,RB,CLE,CAR,0,0,0.0,0,0.0,0.0,0.0,22,141.0,0,1,1,2.0,0,14.3,15.3,,,71.0,225.0,26.870588235294118,4.0,Georgia,2018.0,2018.0,CLE,35.0,,0.033333335
2022,2,00-0034791,N.Chubb,RB,CLE,NYJ,0,0,0.0,0,0.0,0.0,0.0,17,87.0,3,3,3,26.0,0,29.3,32.3,,,71.0,225.0,26.870588235294118,4.0,Georgia,2018.0,2018.0,CLE,35.0,-1.0,0.11111111
2022,3,00-0034791,N.Chubb,RB,CLE,PIT,0,0,0.0,0,0.0,0.0,0.0,23,113.0,1,1,0,0.0,0,17.3,17.3,,,71.0,225.0,26.870588235294118,4.0,Georgia,2018.0,2018.0,CLE,35.0,12.0,0.032258064
2022,4,00-0034791,N.Chubb,RB,CLE,ATL,0,0,0.0,0,0.0,0.0,0.0,19,118.0,1,3,2,9.0,0,18.7,20.7,,,71.0,225.0,26.870588235294118,4.0,Georgia,2018.0,2018.0,CLE,35.0,,0.08571429
2022,5,00-0034791,N.Chubb,RB,CLE,LAC,0,0,0.0,0,0.0,0.0,0.0,17,134.0,2,1,0,0.0,0,25.4,25.4,,,71.0,225.0,26.870588235294118,4.0,Georgia,2018.0,2018.0,CLE,35.0,-2.0,0.03125
2022,6,00-0034791,N.Chubb,RB,CLE,NE,0,0,0.0,0,0.0,0.0,0.0,12,56.0,0,2,1,14.0,0,7.0,8.0,,,71.0,225.0,26.870588235294118,4.0,Georgia,2018.0,2018.0,CLE,35.0,-23.0,0.04761905
2022,7,00-0034791,N.Chubb,RB,CLE,BAL,0,0,0.0,0,0.0,0.0,0.0,16,91.0,1,3,2,16.0,0,16.7,18.7,,,71.0,225.0,26.870588235294118,4.0,Georgia,2018.0,2018.0,CLE,35.0,,0.12
2022,8,00-0034791,N.Chubb,RB,CLE,CIN,0,0,0.0,0,0.0,0.0,0.0,23,101.0,2,1,1,3.0,0,24.4,25.4,,,71.0,225.0,26.870588235294118,4.0,Georgia,2018.0,2018.0,CLE,35.0,19.0,0.05
2022,10,00-0034791,N.Chubb,RB,CLE,MIA,0,0,0.0,0,0.0,0.0,0.0,11,63.0,1,4,3,18.0,0,12.1,15.1,,,71.0,225.0,26.870588235294118,4.0,Georgia,2018.0,2018.0,CLE,35.0,,0.11764706
2022,11,00-0034791,N.Chubb,RB,CLE,BUF,0,0,0.0,0,0.0,0.0,0.0,14,19.0,0,3,3,48.0,0,6.7,9.7,,,71.0,225.0,26.870588235294118,4.0,Georgia,2018.0,2018.0,CLE,35.0,,0.07692308
2022,12,00-0034791,N.Chubb,RB,CLE,TB,0,0,0.0,0,0.0,0.0,0.0,26,116.0,1,1,1,16.0,0,19.2,20.2,,,71.0,225.0,26.870588235294118,4.0,Georgia,2018.0,2018.0,CLE,35.0,6.0,0.027777778
2022,13,00-0034791,N.Chubb,RB,CLE,HOU,0,0,0.0,0,0.0,0.0,0.0,17,80.0,0,1,0,0.0,0,8.0,8.0,,,71.0,225.0,26.870588235294118,4.0,Georgia,2018.0,2018.0,CLE,35.0,,0.04761905
2022,14,00-0034791,N.Chubb,RB,CLE,CIN,0,0,0.0,0,0.0,0.0,0.0,14,34.0,0,3,3,20.0,0,5.4,8.4,,,71.0,225.0,26.870588235294118,4.0,Georgia,2018.0,2018.0,CLE,35.0,,0.07692308
2022,15,00-0034791,N.Chubb,RB,CLE,BAL,0,0,0.0,0,0.0,0.0,0.0,21,99.0,0,2,0,0.0,0,9.9,9.9,,,71.0,225.0,26.870588235294118,4.0,Georgia,2018.0,2018.0,CLE,35.0,10.0,0.07692308
2022,16,00-0034791,N.Chubb,RB,CLE,NO,0,0,0.0,0,0.0,0.0,0.0,24,92.0,0,1,1,10.0,0,10.2,11.2,,,71.0,225.0,26.870588235294118,4.0,Georgia,2018.0,2018.0,CLE,35.0,-7.0,0.037037037
2022,17,00-0034791,N.Chubb,RB,CLE,WAS,0,0,0.0,0,0.0,0.0,0.0,14,104.0,0,1,1,12.0,0,11.6,12.6,,,71.0,225.0,26.870588235294118,4.0,Georgia,2018.0,2018.0,CLE,35.0,,0.0625
2022,18,00-0034791,N.Chubb,RB,CLE,PIT,0,0,0.0,0,0.0,0.0,0.0,12,77.0,0,6,5,45.0,1,18.2,23.2,,,71.0,225.0,26.870588235294118,4.0,Georgia,2018.0,2018.0,CLE,35.0,,0.22222222
2022,1,00-0034796,L.Jackson,QB,BAL,NYJ,17,30,213.0,3,1.0,2.0,2.0,6,17.0,0,0,0,0.0,0,20.22,20.22,,,74.0,212.0,25.8475,4.0,Louisville,2018.0,2018.0,BAL,32.0,,
2022,2,00-0034796,L.Jackson,QB,BAL,MIA,21,29,318.0,3,0.0,0.0,-0.0,9,119.0,1,0,0,0.0,0,42.62,42.62,,,74.0,212.0,25.8475,4.0,Louisville,2018.0,2018.0,BAL,32.0,-4.0,
2022,3,00-0034796,L.Jackson,QB,BAL,NE,18,29,218.0,4,1.0,4.0,12.0,11,107.0,1,0,0,0.0,0,39.42,39.42,,,74.0,212.0,25.8475,4.0,Louisville,2018.0,2018.0,BAL,32.0,,
2022,4,00-0034796,L.Jackson,QB,BAL,BUF,20,29,144.0,1,2.0,2.0,10.0,11,73.0,0,0,0,0.0,0,13.06,13.06,,,74.0,212.0,25.8475,4.0,Louisville,2018.0,2018.0,BAL,32.0,-3.0,
2022,5,00-0034796,L.Jackson,QB,BAL,CIN,19,32,174.0,1,1.0,1.0,4.0,12,58.0,0,0,0,0.0,0,14.76,14.76,,,74.0,212.0,25.8475,4.0,Louisville,2018.0,2018.0,BAL,32.0,2.0,
2022,6,00-0034796,L.Jackson,QB,BAL,NYG,17,32,210.0,1,1.0,2.0,15.0,7,77.0,0,0,0,0.0,0,16.1,16.1,,,74.0,212.0,25.8475,4.0,Louisville,2018.0,2018.0,BAL,32.0,,
2022,7,00-0034796,L.Jackson,QB,BAL,CLE,9,16,120.0,0,0.0,3.0,26.0,10,59.0,0,0,0,0.0,0,10.7,10.7,,,74.0,212.0,25.8475,4.0,Louisville,2018.0,2018.0,BAL,32.0,3.0,
2022,8,00-0034796,L.Jackson,QB,BAL,TB,27,38,238.0,2,0.0,3.0,16.0,9,43.0,0,0,0,0.0,0,21.82,21.82,,,74.0,212.0,25.8475,4.0,Louisville,2018.0,2018.0,BAL,32.0,,
2022,9,00-0034796,L.Jackson,QB,BAL,NO,12,22,133.0,1,0.0,3.0,2.0,11,82.0,0,0,0,0.0,0,17.52,17.52,,,74.0,212.0,25.8475,4.0,Louisville,2018.0,2018.0,BAL,32.0,,
2022,11,00-0034796,L.Jackson,QB,BAL,CAR,24,33,209.0,0,1.0,3.0,16.0,11,31.0,1,0,0,0.0,0,15.46,15.46,,,74.0,212.0,25.8475,4.0,Louisville,2018.0,2018.0,BAL,32.0,10.0,
2022,12,00-0034796,L.Jackson,QB,BAL,JAX,16,32,254.0,1,0.0,1.0,1.0,14,89.0,0,0,0,0.0,0,23.06,23.06,,,74.0,212.0,25.8475,4.0,Louisville,2018.0,2018.0,BAL,32.0,,
2022,13,00-0034796,L.Jackson,QB,BAL,DEN,3,4,11.0,0,0.0,2.0,10.0,1,9.0,0,0,0,0.0,0,1.34,1.34,,,74.0,212.0,25.8475,4.0,Louisville,2018.0,2018.0,BAL,32.0,1.0,
2022,1,00-0034798,D.Smythe,TE,MIA,NE,0,0,0.0,0,0.0,0.0,0.0,0,0.0,0,2,1,14.0,0,1.4,2.4,,,78.0,260.0,27.26188888888889,4.0,Notre Dame,2018.0,2018.0,MIA,123.0,13.0,0.06451613
2022,2,00-0034798,D.Smythe,TE,MIA,BAL,0,0,0.0,0,0.0,0.0,0.0,0,0.0,0,1,1,5.0,0,0.5,1.5,,,78.0,260.0,27.26188888888889,4.0,Notre Dame,2018.0,2018.0,MIA,123.0,,0.02
2022,3,00-0034798,D.Smythe,TE,MIA,BUF,0,0,0.0,0,0.0,0.0,0.0,0,0.0,0,3,3,23.0,0,2.3,5.3,,,78.0,260.0,27.26188888888889,4.0,Notre Dame,2018.0,2018.0,MIA,123.0,2.0,0.15
2022,5,00-0034798,D.Smythe,TE,MIA,NYJ,0,0,0.0,0,0.0,0.0,0.0,1,1.0,1,1,1,8.0,0,6.9,7.9,,,78.0,260.0,27.26188888888889,4.0,Notre Dame,2018.0,2018.0,MIA,123.0,,0.03125
2022,9,00-0034798,D.Smythe,TE,MIA,CHI,0,0,0.0,0,0.0,0.0,0.0,0,0.0,0,2,0,0.0,0,0.0,0.0,,,78.0,260.0,27.26188888888889,4.0,Notre Dame,2018.0,2018.0,MIA,123.0,,0.06896552
2022,10,00-0034798,D.Smythe,TE,MIA,CLE,0,0,0.0,0,0.0,0.0,0.0,1,0.0,0,0,0,0.0,0,0.0,0.0,,,78.0,260.0,27.26188888888889,4.0,Notre Dame,2018.0,2018.0,MIA,123.0,22.0,
2022,12,00-0034798,D.Smythe,TE,MIA,HOU,0,0,0.0,0,0.0,0.0,0.0,0,0.0,0,1,1,4.0,1,6.4,7.4,,,78.0,260.0,27.26188888888889,4.0,Notre Dame,2018.0,2018.0,MIA,123.0,15.0,0.02631579
2022,13,00-0034798,D.Smythe,TE,MIA,SF,0,0,0.0,0,0.0,0.0,0.0,0,0.0,0,2,2,21.0,0,2.1,4.1,,,78.0,260.0,27.26188888888889,4.0,Notre Dame,2018.0,2018.0,MIA,123.0,,0.05882353
2022,15,00-0034798,D.Smythe,TE,MIA,BUF,0,0,0.0,0,0.0,0.0,0.0,0,0.0,0,1,1,-2.0,0,-0.2,0.8,,,78.0,260.0,27.26188888888889,4.0,Notre Dame,2018.0,2018.0,MIA,123.0,,0.033333335
2022,16,00-0034798,D.Smythe,TE,MIA,GB,0,0,0.0,0,0.0,0.0,0.0,0,0.0,0,1,1,8.0,0,0.8,1.8,,,78.0,260.0,27.26188888888889,4.0,Notre Dame,2018.0,2018.0,MIA,123.0,-6.0,0.041666668
2022,17,00-0034798,D.Smythe,TE,MIA,NE,0,0,0.0,0,0.0,0.0,0.0,0,0.0,0,1,1,9.0,0,0.9,1.9,,,78.0,260.0,27.26188888888889,4.0,Notre Dame,2018.0,2018.0,MIA,123.0,,0.025
2022,18,00-0034798,D.Smythe,TE,MIA,NYJ,0,0,0.0,0,0.0,0.0,0.0,0,0.0,0,5,3,39.0,0,3.9,6.9,,,78.0,260.0,27.26188888888889,4.0,Notre Dame,2018.0,2018.0,MIA,123.0,5.0,0.18518518
2022,19,00-0034798,D.Smythe,TE,MIA,BUF,0,0,0.0,0,0.0,0.0,0.0,0,0.0,0,1,1,20.0,0,2.0,3.0,,,78.0,260.0,27.26188888888889,4.0,Notre Dame,2018.0,2018.0,MIA,123.0,,0.023809524
2022,12,00-0034816,R.Jones,RB,KC,LA,0,0,0.0,0,0.0,0.0,0.0,4,12.0,0,1,1,22.0,0,3.4,4.4,,,71.0,208.0,25.3037,4.0,Southern California,2018.0,2018.0,TB,38.0,16.0,0.027027028
2022,15,00-0034816,R.Jones,RB,KC,HOU,0,0,0.0,0,0.0,0.0,0.0,1,6.0,0,0,0,0.0,0,0.6,0.6,,,71.0,208.0,25.3037,4.0,Southern California,2018.0,2018.0,TB,38.0,,
2022,16,00-0034816,R.Jones,RB,KC,SEA,0,0,0.0,0,0.0,0.0,0.0,1,4.0,0,0,0,0.0,0,0.4,0.4,,,71.0,208.0,25.3037,4.0,Southern California,2018.0,2018.0,TB,38.0,14.0,
2022,17,00-0034816,R.Jones,RB,KC,DEN,0,0,0.0,0,0.0,0.0,0.0,1,3.0,0,0,0,0.0,0,0.3,0.3,,,71.0,208.0,25.3037,4.0,Southern California,2018.0,2018.0,TB,38.0,3.0,
2022,18,00-0034816,R.Jones,RB,KC,LV,0,0,0.0,0,0.0,0.0,0.0,10,45.0,1,0,0,0.0,0,10.5,10.5,,,71.0,208.0,25.3037,4.0,Southern California,2018.0,2018.0,TB,38.0,,
2022,21,00-0034816,R.Jones,RB,KC,CIN,0,0,0.0,0,0.0,0.0,0.0,1,0.0,0,0,0,0.0,0,0.0,0.0,,,71.0,208.0,25.3037,4.0,Southern California,2018.0,2018.0,TB,38.0,3.0,
2022,1,00-0034827,D.Moore,WR,CAR,CLE,0,0,0.0,0,0.0,0.0,0.0,1,7.0,0,6,3,43.0,0,5.0,8.0,,,72.0,215.0,25.56829411764706,4.0,Maryland,2018.0,2018.0,CAR,24.0,-2.0,0.23076923
2022,2,00-0034827,D.Moore,WR,CAR,NYG,0,0,0.0,0,0.0,0.0,0.0,0,0.0,0,6,3,43.0,1,10.3,13.3,,,72.0,215.0,25.56829411764706,4.0,Maryland,2018.0,2018.0,CAR,24.0,,0.22222222
2022,3,00-0034827,D.Moore,WR,CAR,NO,0,0,0.0,0,0.0,0.0,0.0,2,13.0,0,6,1,2.0,0,1.5,2.5,,,72.0,215.0,25.56829411764706,4.0,Maryland,2018.0,2018.0,CAR,24.0,8.0,0.25
2022,4,00-0034827,D.Moore,WR,CAR,ARI,0,0,0.0,0,0.0,0.0,0.0,1,11.0,0,11,6,50.0,0,6.1,12.1,,,72.0,215.0,25.56829411764706,4.0,Maryland,2018.0,2018.0,CAR,24.0,-10.0,0.30555555
2022,5,00-0034827,D.Moore,WR,CAR,SF,0,0,0.0,0,0.0,0.0,0.0,1,8.0,0,8,4,59.0,0,6.7,10.7,,,72.0,215.0,25.56829411764706,4.0,Maryland,2018.0,2018.0,CAR,24.0,-22.0,0.2
2022,6,00-0034827,D.Moore,WR,CAR,LA,0,0,0.0,0,0.0,0.0,0.0,0,0.0,0,7,3,7.0,0,0.7,3.7,,,72.0,215.0,25.56829411764706,4.0,Maryland,2018.0,2018.0,CAR,24.0,,0.33333334
2022,7,00-0034827,D.Moore,WR,CAR,TB,0,0,0.0,0,0.0,0.0,0.0,1,-3.0,0,10,7,69.0,1,12.6,19.6,,,72.0,215.0,25.56829411764706,4.0,Maryland,2018.0,2018.0,CAR,24.0,18.0,0.47619048
2022,8,00-0034827,D.Moore,WR,CAR,ATL,0,0,0.0,0,0.0,0.0,0.0,1,3.0,0,11,6,152.0,1,21.5,27.5,,,72.0,215.0,25.56829411764706,4.0,Maryland,2018.0,2018.0,CAR,24.0,,0.30555555
2022,9,00-0034827,D.Moore,WR,CAR,CIN,0,0,0.0,0,0.0,0.0,0.0,0,0.0,0,6,2,24.0,0,2.4,4.4,,,72.0,215.0,25.56829411764706,4.0,Maryland,2018.0,2018.0,CAR,24.0,,0.2
2022,10,00-0034827,D.Moore,WR,CAR,ATL,0,0,0.0,0,0.0,0.0,0.0,0,0.0,0,6,4,29.0,0,2.9,6.9,,,72.0,215.0,25.56829411764706,4.0,Maryland,2018.0,2018.0,CAR,24.0,10.0,0.375
2022,11,00-0034827,D.Moore,WR,CAR,BAL,0,0,0.0,0,0.0,0.0,0.0,0,0.0,0,5,3,24.0,0,2.4,5.4,,,72.0,215.0,25.56829411764706,4.0,Maryland,2018.0,2018.0,CAR,24.0,,0.16129032
2022,12,00-0034827,D.Moore,WR,CAR,DEN,0,0,0.0,0,0.0,0.0,0.0,0,0.0,0,6,4,103.0,1,16.3,20.3,,,72.0,215.0,25.56829411764706,4.0,Maryland,2018.0,2018.0,CAR,24.0,13.0,0.3529412
2022,14,00-0034827,D.Moore,WR,CAR,SEA,0,0,0.0,0,0.0,0.0,0.0,2,6.0,0,3,0,0.0,0,0.6,0.6,,,72.0,215.0,25.56829411764706,4.0,Maryland,2018.0,2018.0,CAR,24.0,,0.15
2022,15,00-0034827,D.Moore,WR,CAR,PIT,0,0,0.0,0,0.0,0.0,0.0,0,0.0,0,6,5,73.0,1,13.3,18.3,,,72.0,215.0,25.56829411764706,4.0,Maryland,2018.0,2018.0,CAR,24.0,-8.0,0.31578946
2022,16,00-0034827,D.Moore,WR,CAR,DET,0,0,0.0,0,0.0,0.0,0.0,1,8.0,0,7,5,83.0,1,15.1,20.1,,,72.0,215.0,25.56829411764706,4.0,Maryland,2018.0,2018.0,CAR,24.0,14.0,0.33333334
2022,17,00-0034827,D.Moore,WR,CAR,TB,0,0,0.0,0,0.0,0.0,0.0,0,0.0,0,10,6,117.0,1,17.7,23.7,,,72.0,215.0,25.56829411764706,4.0,Maryland,2018.0,2018.0,CAR,24.0,,0.32258064
2022,18,00-0034827,D.Moore,WR,CAR,NO,0,0,0.0,0,0.0,0.0,0.0,0,0.0,0,4,1,10.0,0,1.0,2.0,,,72.0,215.0,25.56829411764706,4.0,Maryland,2018.0,2018.0,CAR,24.0,,0.36363637
2022,1,00-0034829,M.Gesicki,TE,MIA,NE,0,0,0.0,0,0.0,0.0,0.0,0,0.0,0,1,1,1.0,0,0.1,1.1,,,78.0,252.0,27.111222222222224,4.0,Penn State,2018.0,2018.0,MIA,42.0,13.0,0.032258064
2022,2,00-0034829,M.Gesicki,TE,MIA,BAL,0,0,0.0,0,0.0,0.0,0.0,0,0.0,0,4,4,41.0,1,10.1,14.1,,,78.0,252.0,27.111222222222224,4.0,Penn State,2018.0,2018.0,MIA,42.0,,0.08
2022,3,00-0034829,M.Gesicki,TE,MIA,BUF,0,0,0.0,0,0.0,0.0,0.0,0,0.0,0,1,1,6.0,0,0.6,1.6,,,78.0,252.0,27.111222222222224,4.0,Penn State,2018.0,2018.0,MIA,42.0,2.0,0.05
2022,4,00-0034829,M.Gesicki,TE,MIA,CIN,0,0,0.0,0,0.0,0.0,0.0,0,0.0,0,4,2,23.0,0,2.3,4.3,,,78.0,252.0,27.111222222222224,4.0,Penn State,2018.0,2018.0,MIA,42.0,,0.11111111
2022,5,00-0034829,M.Gesicki,TE,MIA,NYJ,0,0,0.0,0,0.0,0.0,0.0,0,0.0,0,2,1,30.0,0,3.0,4.0,,,78.0,252.0,27.111222222222224,4.0,Penn State,2018.0,2018.0,MIA,42.0,,0.0625
2022,6,00-0034829,M.Gesicki,TE,MIA,MIN,0,0,0.0,0,0.0,0.0,0.0,0,0.0,0,7,6,69.0,2,18.9,24.9,,,78.0,252.0,27.111222222222224,4.0,Penn State,2018.0,2018.0,MIA,42.0,-8.0,0.15555556
2022,7,00-0034829,M.Gesicki,TE,MIA,PIT,0,0,0.0,0,0.0,0.0,0.0,0,0.0,0,7,3,27.0,0,2.7,5.7,,,78.0,252.0,27.111222222222224,4.0,Penn State,2018.0,2018.0,MIA,42.0,6.0,0.2
2022,8,00-0034829,M.Gesicki,TE,MIA,DET,0,0,0.0,0,0.0,0.0,0.0,0,0.0,0,4,3,38.0,1,9.8,12.8,,,78.0,252.0,27.111222222222224,4.0,Penn State,2018.0,2018.0,MIA,42.0,,0.11764706
2022,9,00-0034829,M.Gesicki,TE,MIA,CHI,0,0,0.0,0,0.0,0.0,0.0,0,0.0,0,2,1,3.0,0,0.3,1.3,,,78.0,252.0,27.111222222222224,4.0,Penn State,2018.0,2018.0,MIA,42.0,,0.06896552
2022,10,00-0034829,M.Gesicki,TE,MIA,CLE,0,0,0.0,0,0.0,0.0,0.0,0,0.0,0,3,2,31.0,0,3.1,5.1,,,78.0,252.0,27.111222222222224,4.0,Penn State,2018.0,2018.0,MIA,42.0,22.0,0.09090909
2022,12,00-0034829,M.Gesicki,TE,MIA,HOU,0,0,0.0,0,0.0,0.0,0.0,0,0.0,0,1,0,0.0,0,0.0,0.0,,,78.0,252.0,27.111222222222224,4.0,Penn State,2018.0,2018.0,MIA,42.0,15.0,0.02631579
2022,13,00-0034829,M.Gesicki,TE,MIA,SF,0,0,0.0,0,0.0,0.0,0.0,0,0.0,0,1,0,0.0,0,0.0,0.0,,,78.0,252.0,27.111222222222224,4.0,Penn State,2018.0,2018.0,MIA,42.0,,0.029411765
2022,14,00-0034829,M.Gesicki,TE,MIA,LAC,0,0,0.0,0,0.0,0.0,0.0,0,0.0,0,2,0,0.0,0,0.0,0.0,,,78.0,252.0,27.111222222222224,4.0,Penn State,2018.0,2018.0,MIA,42.0,,0.083333336
2022,15,00-0034829,M.Gesicki,TE,MIA,BUF,0,0,0.0,0,0.0,0.0,0.0,0,0.0,0,1,1,5.0,0,0.5,1.5,,,78.0,252.0,27.111222222222224,4.0,Penn State,2018.0,2018.0,MIA,42.0,,0.033333335
2022,16,00-0034829,M.Gesicki,TE,MIA,GB,0,0,0.0,0,0.0,0.0,0.0,0,0.0,0,2,1,24.0,0,2.4,3.4,,,78.0,252.0,27.111222222222224,4.0,Penn State,2018.0,2018.0,MIA,42.0,-6.0,0.083333336
2022,17,00-0034829,M.Gesicki,TE,MIA,NE,0,0,0.0,0,0.0,0.0,0.0,0,0.0,0,4,2,18.0,1,7.8,9.8,,,78.0,252.0,27.111222222222224,4.0,Penn State,2018.0,2018.0,MIA,42.0,,0.1
2022,18,00-0034829,M.Gesicki,TE,MIA,NYJ,0,0,0.0,0,0.0,0.0,0.0,0,0.0,0,6,4,46.0,0,4.6,8.6,,,78.0,252.0,27.111222222222224,4.0,Penn State,2018.0,2018.0,MIA,42.0,5.0,0.22222222
2022,19,00-0034829,M.Gesicki,TE,MIA,BUF,0,0,0.0,0,0.0,0.0,0.0,0,0.0,0,6,2,15.0,1,7.5,9.5,,,78.0,252.0,27.111222222222224,4.0,Penn State,2018.0,2018.0,MIA,42.0,,0.14285715
2022,1,00-0034830,H.Hurst,TE,CIN,PIT,0,0,0.0,0,0.0,0.0,0.0,0,0.0,0,8,5,46.0,0,4.6,9.6,,,76.0,245.0,29.234789473684213,4.0,South Carolina,2018.0,2018.0,BAL,25.0,-3.0,0.1509434
2022,2,00-0034830,H.Hurst,TE,CIN,DAL,0,0,0.0,0,0.0,0.0,0.0,0,0.0,0,7,5,24.0,0,2.4,7.4,,,76.0,245.0,29.234789473684213,4.0,South Carolina,2018.0,2018.0,BAL,25.0,,0.2
2022,3,00-0034830,H.Hurst,TE,CIN,NYJ,0,0,0.0,0,0.0,0.0,0.0,0,0.0,0,2,1,7.0,0,0.7,1.7,,,76.0,245.0,29.234789473684213,4.0,South Carolina,2018.0,2018.0,BAL,25.0,,0.057142857
2022,4,00-0034830,H.Hurst,TE,CIN,MIA,0,0,0.0,0,0.0,0.0,0.0,0,0.0,0,4,3,27.0,1,8.7,11.7,,,76.0,245.0,29.234789473684213,4.0,South Carolina,2018.0,2018.0,BAL,25.0,12.0,0.125
2022,5,00-0034830,H.Hurst,TE,CIN,BAL,0,0,0.0,0,0.0,0.0,0.0,0,0.0,0,7,6,53.0,1,11.3,17.3,,,76.0,245.0,29.234789473684213,4.0,South Carolina,2018.0,2018.0,BAL,25.0,,0.20588236
2022,6,00-0034830,H.Hurst,TE,CIN,NO,0,0,0.0,0,0.0,0.0,0.0,0,0.0,0,3,3,21.0,0,2.1,5.1,,,76.0,245.0,29.234789473684213,4.0,South Carolina,2018.0,2018.0,BAL,25.0,,0.083333336
2022,7,00-0034830,H.Hurst,TE,CIN,ATL,0,0,0.0,0,0.0,0.0,0.0,0,0.0,0,8,6,48.0,0,4.8,10.8,,,76.0,245.0,29.234789473684213,4.0,South Carolina,2018.0,2018.0,BAL,25.0,18.0,0.1904762
2022,8,00-0034830,H.Hurst,TE,CIN,CLE,0,0,0.0,0,0.0,0.0,0.0,0,0.0,0,4,4,42.0,0,4.2,8.2,,,76.0,245.0,29.234789473684213,4.0,South Carolina,2018.0,2018.0,BAL,25.0,,0.11764706
2022,9,00-0034830,H.Hurst,TE,CIN,CAR,0,0,0.0,0,0.0,0.0,0.0,0,0.0,0,5,5,35.0,0,3.5,8.5,,,76.0,245.0,29.234789473684213,4.0,South Carolina,2018.0,2018.0,BAL,25.0,21.0,0.16666667
2022,11,00-0034830,H.Hurst,TE,CIN,PIT,0,0,0.0,0,0.0,0.0,0.0,0,0.0,0,3,2,28.0,0,2.8,4.8,,,76.0,245.0,29.234789473684213,4.0,South Carolina,2018.0,2018.0,BAL,25.0,,0.08108108
2022,12,00-0034830,H.Hurst,TE,CIN,TEN,0,0,0.0,0,0.0,0.0,0.0,0,0.0,0,9,6,57.0,0,5.7,11.7,,,76.0,245.0,29.234789473684213,4.0,South Carolina,2018.0,2018.0,BAL,25.0,,0.25
2022,13,00-0034830,H.Hurst,TE,CIN,KC,0,0,0.0,0,0.0,0.0,0.0,0,0.0,0,3,2,12.0,0,1.2,3.2,,,76.0,245.0,29.234789473684213,4.0,South Carolina,2018.0,2018.0,BAL,25.0,3.0,0.09677419
2022,18,00-0034830,H.Hurst,TE,CIN,BAL,0,0,0.0,0,0.0,0.0,0.0,0,0.0,0,5,4,14.0,0,1.4,5.4,,,76.0,245.0,29.234789473684213,4.0,South Carolina,2018.0,2018.0,BAL,25.0,11.0,0.125
2022,19,00-0034830,H.Hurst,TE,CIN,BAL,0,0,0.0,0,0.0,0.0,0.0,0,0.0,0,6,4,45.0,0,2.5,6.5,,,76.0,245.0,29.234789473684213,4.0,South Carolina,2018.0,2018.0,BAL,25.0,7.0,0.1875
2022,20,00-0034830,H.Hurst,TE,CIN,BUF,0,0,0.0,0,0.0,0.0,0.0,0,0.0,0,6,5,59.0,1,11.9,16.9,,,76.0,245.0,29.234789473684213,4.0,South Carolina,2018.0,2018.0,BAL,25.0,,0.1875
2022,21,00-0034830,H.Hurst,TE,CIN,KC,0,0,0.0,0,0.0,0.0,0.0,0,0.0,0,5,4,37.0,0,3.7,7.7,,,76.0,245.0,29.234789473684213,4.0,South Carolina,2018.0,2018.0,BAL,25.0,,0.13513513
2022,15,00-0034838,R.Freeman,RB,HOU,KC,0,0,0.0,0,0.0,0.0,0.0,11,51.0,0,1,1,5.0,0,5.6,6.6,,,72.0,238.0,26.71241176470588,4.0,Oregon,2018.0,2018.0,DEN,71.0,-6.0,0.037037037
2022,16,00-0034838,R.Freeman,RB,HOU,TEN,0,0,0.0,0,0.0,0.0,0.0,16,32.0,0,1,1,6.0,0,3.8,4.8,,,72.0,238.0,26.71241176470588,4.0,Oregon,2018.0,2018.0,DEN,71.0,,0.03448276
2022,17,00-0034838,R.Freeman,RB,HOU,JAX,0,0,0.0,0,0.0,0.0,0.0,7,19.0,0,5,3,20.0,0,3.9,6.9,,,72.0,238.0,26.71241176470588,4.0,Oregon,2018.0,2018.0,DEN,71.0,-28.0,0.11904762
2022,18,00-0034838,R.Freeman,RB,HOU,IND,0,0,0.0,0,0.0,0.0,0.0,7,15.0,0,1,1,2.0,0,-0.3,0.7,,,72.0,238.0,26.71241176470588,4.0,Oregon,2018.0,2018.0,DEN,71.0,,0.02631579
2022,1,00-0034844,S.Barkley,RB,NYG,TEN,0,0,0.0,0,0.0,0.0,0.0,18,164.0,1,7,6,30.0,0,27.4,33.4,,,72.0,233.0,25.76821052631579,4.0,Penn State,2018.0,2018.0,NYG,2.0,,0.33333334
2022,2,00-0034844,S.Barkley,RB,NYG,CAR,0,0,0.0,0,0.0,0.0,0.0,21,72.0,0,4,3,16.0,0,8.8,11.8,,,72.0,233.0,25.76821052631579,4.0,Penn State,2018.0,2018.0,NYG,2.0,3.0,0.125
2022,3,00-0034844,S.Barkley,RB,NYG,DAL,0,0,0.0,0,0.0,0.0,0.0,14,81.0,1,4,4,45.0,0,18.6,22.6,,,72.0,233.0,25.76821052631579,4.0,Penn State,2018.0,2018.0,NYG,2.0,-7.0,0.125
2022,4,00-0034844,S.Barkley,RB,NYG,CHI,0,0,0.0,0,0.0,0.0,0.0,31,146.0,0,2,2,16.0,0,16.2,18.2,,,72.0,233.0,25.76821052631579,4.0,Penn State,2018.0,2018.0,NYG,2.0,8.0,0.13333334
2022,5,00-0034844,S.Barkley,RB,NYG,GB,0,0,0.0,0,0.0,0.0,0.0,13,70.0,1,6,3,36.0,0,16.6,19.6,,,72.0,233.0,25.76821052631579,4.0,Penn State,2018.0,2018.0,NYG,2.0,,0.23076923
2022,6,00-0034844,S.Barkley,RB,NYG,BAL,0,0,0.0,0,0.0,0.0,0.0,22,83.0,1,3,3,12.0,0,15.5,18.5,,,72.0,233.0,25.76821052631579,4.0,Penn State,2018.0,2018.0,NYG,2.0,4.0,0.12
2022,7,00-0034844,S.Barkley,RB,NYG,JAX,0,0,0.0,0,0.0,0.0,0.0,24,110.0,0,4,4,25.0,0,13.5,17.5,,,72.0,233.0,25.76821052631579,4.0,Penn State,2018.0,2018.0,NYG,2.0,,0.13793103
2022,8,00-0034844,S.Barkley,RB,NYG,SEA,0,0,0.0,0,0.0,0.0,0.0,20,53.0,1,5,3,9.0,0,12.2,15.2,,,72.0,233.0,25.76821052631579,4.0,Penn State,2018.0,2018.0,NYG,2.0,,0.16129032
2022,10,00-0034844,S.Barkley,RB,NYG,HOU,0,0,0.0,0,0.0,0.0,0.0,35,152.0,1,1,1,8.0,0,22.0,23.0,,,72.0,233.0,25.76821052631579,4.0,Penn State,2018.0,2018.0,NYG,2.0,8.0,0.05882353
2022,11,00-0034844,S.Barkley,RB,NYG,DET,0,0,0.0,0,0.0,0.0,0.0,15,22.0,0,5,2,13.0,0,3.5,5.5,,,72.0,233.0,25.76821052631579,4.0,Penn State,2018.0,2018.0,NYG,2.0,-13.0,0.125
2022,12,00-0034844,S.Barkley,RB,NYG,DAL,0,0,0.0,0,0.0,0.0,0.0,11,39.0,1,6,4,13.0,0,11.2,15.2,,,72.0,233.0,25.76821052631579,4.0,Penn State,2018.0,2018.0,NYG,2.0,,0.20689656
2022,13,00-0034844,S.Barkley,RB,NYG,WAS,0,0,0.0,0,0.0,0.0,0.0,18,63.0,1,5,5,18.0,0,14.1,19.1,,,72.0,233.0,25.76821052631579,4.0,Penn State,2018.0,2018.0,NYG,2.0,0.0,0.17857143
2022,14,00-0034844,S.Barkley,RB,NYG,PHI,0,0,0.0,0,0.0,0.0,0.0,9,28.0,0,2,2,20.0,0,4.8,6.8,,,72.0,233.0,25.76821052631579,4.0,Penn State,2018.0,2018.0,NYG,2.0,-26.0,0.0625
2022,15,00-0034844,S.Barkley,RB,NYG,WAS,0,0,0.0,0,0.0,0.0,0.0,18,87.0,1,8,5,33.0,0,18.0,23.0,,,72.0,233.0,25.76821052631579,4.0,Penn State,2018.0,2018.0,NYG,2.0,,0.26666668
2022,16,00-0034844,S.Barkley,RB,NYG,MIN,0,0,0.0,0,0.0,0.0,0.0,14,84.0,1,10,8,49.0,0,19.3,27.3,,,72.0,233.0,25.76821052631579,4.0,Penn State,2018.0,2018.0,NYG,2.0,,0.24390244
2022,17,00-0034844,S.Barkley,RB,NYG,IND,0,0,0.0,0,0.0,0.0,0.0,12,58.0,0,4,2,-5.0,0,5.3,7.3,,,72.0,233.0,25.76821052631579,4.0,Penn State,2018.0,2018.0,NYG,2.0,28.0,0.17391305
2022,19,00-0034844,S.Barkley,RB,NYG,MIN,0,0,0.0,0,0.0,0.0,0.0,9,53.0,2,6,5,56.0,0,22.9,27.9,,,72.0,233.0,25.76821052631579,4.0,Penn State,2018.0,2018.0,NYG,2.0,,0.18181819
2022,20,00-0034844,S.Barkley,RB,NYG,PHI,0,0,0.0,0,0.0,0.0,0.0,9,61.0,0,3,2,21.0,0,8.2,10.2,,,72.0,233.0,25.76821052631579,4.0,Penn State,2018.0,2018.0,NYG,2.0,,0.115384616
2022,1,00-0034845,S.Michel,RB,LAC,LV,0,0,0.0,0,0.0,0.0,0.0,7,12.0,0,0,0,0.0,0,1.2,1.2,,,71.0,215.0,27.719,4.0,Georgia,2018.0,2018.0,NE,31.0,5.0,
2022,2,00-0034845,S.Michel,RB,LAC,KC,0,0,0.0,0,0.0,0.0,0.0,4,13.0,0,1,1,6.0,0,1.9,2.9,,,71.0,215.0,27.719,4.0,Georgia,2018.0,2018.0,NE,31.0,,0.02173913
2022,3,00-0034845,S.Michel,RB,LAC,JAX,0,0,0.0,0,0.0,0.0,0.0,5,22.0,0,2,1,9.0,0,3.1,4.1,,,71.0,215.0,27.719,4.0,Georgia,2018.0,2018.0,NE,31.0,-28.0,0.048780486
2022,4,00-0034845,S.Michel,RB,LAC,HOU,0,0,0.0,0,0.0,0.0,0.0,6,11.0,0,3,3,16.0,0,2.7,5.7,,,71.0,215.0,27.719,4.0,Georgia,2018.0,2018.0,NE,31.0,,0.08108108
2022,5,00-0034845,S.Michel,RB,LAC,CLE,0,0,0.0,0,0.0,0.0,0.0,1,0.0,0,0,0,0.0,0,0.0,0.0,,,71.0,215.0,27.719,4.0,Georgia,2018.0,2018.0,NE,31.0,,
2022,6,00-0034845,S.Michel,RB,LAC,DEN,0,0,0.0,0,0.0,0.0,0.0,8,28.0,0,3,3,14.0,0,4.2,7.2,,,71.0,215.0,27.719,4.0,Georgia,2018.0,2018.0,NE,31.0,3.0,0.054545455
2022,7,00-0034845,S.Michel,RB,LAC,SEA,0,0,0.0,0,0.0,0.0,0.0,2,5.0,0,3,1,8.0,0,1.3,2.3,,,71.0,215.0,27.719,4.0,Georgia,2018.0,2018.0,NE,31.0,-14.0,0.05882353
2022,9,00-0034845,S.Michel,RB,LAC,ATL,0,0,0.0,0,0.0,0.0,0.0,1,12.0,0,1,0,0.0,0,1.2,1.2,,,71.0,215.0,27.719,4.0,Georgia,2018.0,2018.0,NE,31.0,,0.023255814
2022,10,00-0034845,S.Michel,RB,LAC,SF,0,0,0.0,0,0.0,0.0,0.0,1,2.0,0,0,0,0.0,0,0.2,0.2,,,71.0,215.0,27.719,4.0,Georgia,2018.0,2018.0,NE,31.0,,
2022,11,00-0034845,S.Michel,RB,LAC,KC,0,0,0.0,0,0.0,0.0,0.0,1,1.0,0,0,0,0.0,0,0.1,0.1,,,71.0,215.0,27.719,4.0,Georgia,2018.0,2018.0,NE,31.0,-3.0,
2022,1,00-0034854,K.Hodge,WR,ATL,NO,0,0,0.0,0,0.0,0.0,0.0,0,0.0,0,3,3,38.0,0,3.8,6.8,,,71.0,205.0,27.845176470588235,4.0,Prairie View,2018.0,2018.0,,,-1.0,0.09375
2022,2,00-0034854,K.Hodge,WR,ATL,LA,0,0,0.0,0,0.0,0.0,0.0,0,0.0,0,3,2,57.0,0,5.7,7.7,,,71.0,205.0,27.845176470588235,4.0,Prairie View,2018.0,2018.0,,,,0.12
2022,4,00-0034854,K.Hodge,WR,ATL,CLE,0,0,0.0,0,0.0,0.0,0.0,0,0.0,0,1,0,0.0,0,0.0,0.0,,,71.0,205.0,27.845176470588235,4.0,Prairie View,2018.0,2018.0,,,3.0,0.055555556
2022,5,00-0034854,K.Hodge,WR,ATL,TB,0,0,0.0,0,0.0,0.0,0.0,0,0.0,0,5,3,33.0,0,5.3,8.3,,,71.0,205.0,27.845176470588235,4.0,Prairie View,2018.0,2018.0,,,,0.20833333
2022,9,00-0034854,K.Hodge,WR,ATL,LAC,0,0,0.0,0,0.0,0.0,0.0,0,0.0,0,2,1,19.0,0,1.9,2.9,,,71.0,205.0,27.845176470588235,4.0,Prairie View,2018.0,2018.0,,,-3.0,0.08695652
2022,10,00-0034854,K.Hodge,WR,ATL,CAR,0,0,0.0,0,0.0,0.0,0.0,0,0.0,0,2,2,37.0,1,9.7,11.7,,,71.0,205.0,27.845176470588235,4.0,Prairie View,2018.0,2018.0,,,,0.06896552
2022,11,00-0034854,K.Hodge,WR,ATL,CHI,0,0,0.0,0,0.0,0.0,0.0,0,0.0,0,1,1,13.0,0,1.3,2.3,,,71.0,205.0,27.845176470588235,4.0,Prairie View,2018.0,2018.0,,,3.0,0.055555556
2022,13,00-0034854,K.Hodge,WR,ATL,PIT,0,0,0.0,0,0.0,0.0,0.0,0,0.0,0,2,0,0.0,0,0.0,0.0,,,71.0,205.0,27.845176470588235,4.0,Prairie View,2018.0,2018.0,,,-3.0,0.083333336
2022,17,00-0034854,K.Hodge,WR,ATL,ARI,0,0,0.0,0,0.0,0.0,0.0,0,0.0,0,1,1,5.0,0,0.5,1.5,,,71.0,205.0,27.845176470588235,4.0,Prairie View,2018.0,2018.0,,,1.0,0.04
2022,1,00-0034855,B.Mayfield,QB,CAR,CLE,16,27,235.0,1,1.0,4.0,28.0,5,6.0,1,0,0,0.0,0,18.0,18.0,,,73.0,215.0,27.569529411764705,4.0,Oklahoma,2018.0,2018.0,CLE,1.0,-2.0,
2022,2,00-0034855,B.Mayfield,QB,CAR,NYG,14,29,145.0,1,0.0,2.0,16.0,6,35.0,0,0,0,0.0,0,13.3,13.3,,,73.0,215.0,27.569529411764705,4.0,Oklahoma,2018.0,2018.0,CLE,1.0,,
2022,3,00-0034855,B.Mayfield,QB,CAR,NO,12,25,170.0,1,0.0,3.0,22.0,1,-1.0,0,0,0,0.0,0,10.7,10.7,,,73.0,215.0,27.569529411764705,4.0,Oklahoma,2018.0,2018.0,CLE,1.0,8.0,
2022,4,00-0034855,B.Mayfield,QB,CAR,ARI,22,36,197.0,1,2.0,2.0,17.0,2,0.0,0,0,0,0.0,0,5.88,5.88,,,73.0,215.0,27.569529411764705,4.0,Oklahoma,2018.0,2018.0,CLE,1.0,-10.0,
2022,5,00-0034855,B.Mayfield,QB,CAR,SF,20,36,215.0,0,1.0,4.0,16.0,0,0.0,0,0,0,0.0,0,6.6,6.6,,,73.0,215.0,27.569529411764705,4.0,Oklahoma,2018.0,2018.0,CLE,1.0,-22.0,
2022,9,00-0034855,B.Mayfield,QB,CAR,CIN,14,20,155.0,2,0.0,0.0,-0.0,0,0.0,0,0,0,0.0,0,14.2,14.2,,,73.0,215.0,27.569529411764705,4.0,Oklahoma,2018.0,2018.0,CLE,1.0,,
2022,11,00-0034855,B.Mayfield,QB,CAR,BAL,21,33,196.0,0,2.0,4.0,27.0,2,12.0,0,0,0,0.0,0,5.04,5.04,,,73.0,215.0,27.569529411764705,4.0,Oklahoma,2018.0,2018.0,CLE,1.0,,
2022,14,00-0034855,B.Mayfield,QB,LA,LV,22,35,230.0,1,0.0,4.0,19.0,4,10.0,0,0,0,0.0,0,14.2,14.2,,,73.0,215.0,27.569529411764705,4.0,Oklahoma,2018.0,2018.0,CLE,1.0,1.0,
2022,15,00-0034855,B.Mayfield,QB,LA,GB,12,21,111.0,1,1.0,5.0,27.0,1,1.0,0,0,0,0.0,0,6.54,6.54,,,73.0,215.0,27.569529411764705,4.0,Oklahoma,2018.0,2018.0,CLE,1.0,,
2022,16,00-0034855,B.Mayfield,QB,LA,DEN,24,28,230.0,2,0.0,0.0,-0.0,2,2.0,0,0,0,0.0,0,17.4,17.4,,,73.0,215.0,27.569529411764705,4.0,Oklahoma,2018.0,2018.0,CLE,1.0,37.0,
2022,17,00-0034855,B.Mayfield,QB,LA,LAC,11,19,132.0,0,0.0,3.0,21.0,3,8.0,0,0,0,0.0,0,4.08,4.08,,,73.0,215.0,27.569529411764705,4.0,Oklahoma,2018.0,2018.0,CLE,1.0,,
2022,18,00-0034855,B.Mayfield,QB,LA,SEA,13,26,147.0,0,1.0,5.0,24.0,5,16.0,0,0,0,0.0,0,5.48,5.48,,,73.0,215.0,27.569529411764705,4.0,Oklahoma,2018.0,2018.0,CLE,1.0,,
2022,1,00-0034857,J.Allen,QB,BUF,LA,26,31,297.0,3,2.0,2.0,5.0,10,56.0,1,0,0,0.0,0,31.48,31.48,,,77.0,237.0,26.485444444444443,4.0,Wyoming,2018.0,2018.0,BUF,7.0,,
2022,2,00-0034857,J.Allen,QB,BUF,TEN,26,38,317.0,4,0.0,1.0,4.0,1,10.0,0,0,0,0.0,0,29.68,29.68,,,77.0,237.0,26.485444444444443,4.0,Wyoming,2018.0,2018.0,BUF,7.0,34.0,
2022,3,00-0034857,J.Allen,QB,BUF,MIA,42,63,400.0,2,0.0,4.0,18.0,8,47.0,0,0,0,0.0,0,26.7,26.7,,,77.0,237.0,26.485444444444443,4.0,Wyoming,2018.0,2018.0,BUF,7.0,,
2022,4,00-0034857,J.Allen,QB,BUF,BAL,19,36,213.0,1,1.0,1.0,12.0,11,70.0,1,0,0,0.0,0,23.52,23.52,,,77.0,237.0,26.485444444444443,4.0,Wyoming,2018.0,2018.0,BUF,7.0,,
2022,5,00-0034857,J.Allen,QB,BUF,PIT,20,31,424.0,4,1.0,0.0,-0.0,5,42.0,0,0,0,0.0,0,35.16,35.16,,,77.0,237.0,26.485444444444443,4.0,Wyoming,2018.0,2018.0,BUF,7.0,35.0,
2022,6,00-0034857,J.Allen,QB,BUF,KC,27,40,329.0,3,0.0,1.0,11.0,12,32.0,0,0,0,0.0,0,26.36,26.36,,,77.0,237.0,26.485444444444443,4.0,Wyoming,2018.0,2018.0,BUF,7.0,,
2022,8,00-0034857,J.Allen,QB,BUF,GB,13,25,218.0,2,2.0,2.0,2.0,6,49.0,0,0,0,0.0,0,17.62,17.62,,,77.0,237.0,26.485444444444443,4.0,Wyoming,2018.0,2018.0,BUF,7.0,10.0,
2022,9,00-0034857,J.Allen,QB,BUF,NYJ,18,34,205.0,0,2.0,5.0,22.0,9,86.0,2,0,0,0.0,0,24.8,24.8,,,77.0,237.0,26.485444444444443,4.0,Wyoming,2018.0,2018.0,BUF,7.0,,
2022,10,00-0034857,J.Allen,QB,BUF,MIN,29,43,330.0,1,2.0,2.0,19.0,6,84.0,0,0,0,0.0,0,19.6,19.6,,,77.0,237.0,26.485444444444443,4.0,Wyoming,2018.0,2018.0,BUF,7.0,-3.0,
2022,11,00-0034857,J.Allen,QB,BUF,CLE,18,27,197.0,1,0.0,2.0,11.0,3,7.0,0,0,0,0.0,0,12.58,12.58,,,77.0,237.0,26.485444444444443,4.0,Wyoming,2018.0,2018.0,BUF,7.0,8.0,
2022,12,00-0034857,J.Allen,QB,BUF,DET,24,42,253.0,2,1.0,3.0,16.0,10,78.0,1,0,0,0.0,0,29.92,29.92,,,77.0,237.0,26.485444444444443,4.0,Wyoming,2018.0,2018.0,BUF,7.0,,
2022,13,00-0034857,J.Allen,QB,BUF,NE,22,33,223.0,2,0.0,2.0,-0.0,8,20.0,0,0,0,0.0,0,16.92,16.92,,,77.0,237.0,26.485444444444443,4.0,Wyoming,2018.0,2018.0,BUF,7.0,,
2022,14,00-0034857,J.Allen,QB,BUF,NYJ,16,27,147.0,1,0.0,3.0,17.0,10,47.0,1,0,0,0.0,0,20.58,20.58,,,77.0,237.0,26.485444444444443,4.0,Wyoming,2018.0,2018.0,BUF,7.0,8.0,
2022,15,00-0034857,J.Allen,QB,BUF,MIA,25,40,304.0,4,0.0,2.0,8.0,10,77.0,0,0,0,0.0,0,35.86,35.86,,,77.0,237.0,26.485444444444443,4.0,Wyoming,2018.0,2018.0,BUF,7.0,3.0,
2022,16,00-0034857,J.Allen,QB,BUF,CHI,15,26,172.0,2,2.0,1.0,-0.0,6,41.0,1,0,0,0.0,0,22.98,22.98,,,77.0,237.0,26.485444444444443,4.0,Wyoming,2018.0,2018.0,BUF,7.0,,
2022,18,00-0034857,J.Allen,QB,BUF,NE,19,31,254.0,3,1.0,2.0,17.0,9,16.0,0,0,0,0.0,0,21.76,21.76,,,77.0,237.0,26.485444444444443,4.0,Wyoming,2018.0,2018.0,BUF,7.0,12.0,
2022,19,00-0034857,J.Allen,QB,BUF,MIA,23,39,352.0,3,2.0,7.0,36.0,4,20.0,0,0,0,0.0,0,22.08,22.08,,,77.0,237.0,26.485444444444443,4.0,Wyoming,2018.0,2018.0,BUF,7.0,3.0,
2022,20,00-0034857,J.Allen,QB,BUF,CIN,25,42,264.0,0,1.0,1.0,3.0,8,26.0,1,0,0,0.0,0,17.16,17.16,,,77.0,237.0,26.485444444444443,4.0,Wyoming,2018.0,2018.0,BUF,7.0,-17.0,
2022,1,00-0034860,D.Pettis,WR,CHI,SF,0,0,0.0,0,0.0,0.0,0.0,0,0.0,0,1,1,51.0,1,11.1,12.1,,,73.0,195.0,27.04294117647059,4.0,Washington,2018.0,2018.0,SF,44.0,9.0,0.05882353
2022,4,00-0034860,D.Pettis,WR,CHI,NYG,0,0,0.0,0,0.0,0.0,0.0,0,0.0,0,3,0,0.0,0,0.0,0.0,,,73.0,195.0,27.04294117647059,4.0,Washington,2018.0,2018.0,SF,44.0,,0.15
2022,5,00-0034860,D.Pettis,WR,CHI,MIN,0,0,0.0,0,0.0,0.0,0.0,0,0.0,0,2,0,0.0,0,0.0,0.0,,,73.0,195.0,27.04294117647059,4.0,Washington,2018.0,2018.0,SF,44.0,,0.0952381
2022,6,00-0034860,D.Pettis,WR,CHI,WAS,0,0,0.0,0,0.0,0.0,0.0,0,0.0,0,7,4,84.0,1,14.4,18.4,,,73.0,195.0,27.04294117647059,4.0,Washington,2018.0,2018.0,SF,44.0,-5.0,0.26923078
2022,7,00-0034860,D.Pettis,WR,CHI,NE,0,0,0.0,0,0.0,0.0,0.0,1,29.0,0,1,1,2.0,0,3.1,4.1,,,73.0,195.0,27.04294117647059,4.0,Washington,2018.0,2018.0,SF,44.0,,0.04761905
2022,8,00-0034860,D.Pettis,WR,CHI,DAL,0,0,0.0,0,0.0,0.0,0.0,0,0.0,0,5,4,18.0,0,1.8,5.8,,,73.0,195.0,27.04294117647059,4.0,Washington,2018.0,2018.0,SF,44.0,,0.2173913
2022,9,00-0034860,D.Pettis,WR,CHI,MIA,0,0,0.0,0,0.0,0.0,0.0,0,0.0,0,1,1,12.0,0,1.2,2.2,,,73.0,195.0,27.04294117647059,4.0,Washington,2018.0,2018.0,SF,44.0,-3.0,0.037037037
2022,10,00-0034860,D.Pettis,WR,CHI,DET,0,0,0.0,0,0.0,0.0,0.0,1,8.0,0,1,1,9.0,0,1.7,2.7,,,73.0,195.0,27.04294117647059,4.0,Washington,2018.0,2018.0,SF,44.0,-1.0,0.055555556
2022,12,00-0034860,D.Pettis,WR,CHI,NYJ,0,0,0.0,0,0.0,0.0,0.0,0,0.0,0,2,1,12.0,0,1.2,2.2,,,73.0,195.0,27.04294117647059,4.0,Washington,2018.0,2018.0,SF,44.0,,0.083333336
2022,13,00-0034860,D.Pettis,WR,CHI,GB,0,0,0.0,0,0.0,0.0,0.0,0,0.0,0,2,1,14.0,0,1.4,2.4,,,73.0,195.0,27.04294117647059,4.0,Washington,2018.0,2018.0,SF,44.0,-9.0,0.08
2022,15,00-0034860,D.Pettis,WR,CHI,PHI,0,0,0.0,0,0.0,0.0,0.0,0,0.0,0,4,1,13.0,0,1.3,2.3,,,73.0,195.0,27.04294117647059,4.0,Washington,2018.0,2018.0,SF,44.0,-5.0,0.1904762
2022,16,00-0034860,D.Pettis,WR,CHI,BUF,0,0,0.0,0,0.0,0.0,0.0,0,0.0,0,5,2,11.0,1,7.1,9.1,,,73.0,195.0,27.04294117647059,4.0,Washington,2018.0,2018.0,SF,44.0,-22.0,0.2
2022,17,00-0034860,D.Pettis,WR,CHI,DET,0,0,0.0,0,0.0,0.0,0.0,0,0.0,0,1,0,0.0,0,0.0,0.0,,,73.0,195.0,27.04294117647059,4.0,Washington,2018.0,2018.0,SF,44.0,,0.055555556
2022,18,00-0034860,D.Pettis,WR,CHI,MIN,0,0,0.0,0,0.0,0.0,0.0,0,0.0,0,6,2,19.0,0,1.9,3.9,,,73.0,195.0,27.04294117647059,4.0,Washington,2018.0,2018.0,SF,44.0,-16.0,0.22222222
2022,12,00-0034869,S.Darnold,QB,CAR,DEN,11,19,164.0,1,0.0,0.0,-0.0,3,3.0,1,0,0,0.0,0,16.86,16.86,,,75.0,225.0,25.425882352941176,4.0,Southern California,2018.0,2018.0,NYJ,3.0,13.0,
2022,14,00-0034869,S.Darnold,QB,CAR,SEA,14,24,120.0,1,0.0,2.0,15.0,4,30.0,0,0,0,0.0,0,11.8,11.8,,,75.0,225.0,25.425882352941176,4.0,Southern California,2018.0,2018.0,NYJ,3.0,,
2022,15,00-0034869,S.Darnold,QB,CAR,PIT,14,23,225.0,1,0.0,4.0,37.0,2,2.0,0,0,0,0.0,0,13.2,13.2,,,75.0,225.0,25.425882352941176,4.0,Southern California,2018.0,2018.0,NYJ,3.0,-8.0,
2022,16,00-0034869,S.Darnold,QB,CAR,DET,15,22,250.0,1,0.0,0.0,-0.0,6,19.0,1,0,0,0.0,0,21.9,21.9,,,75.0,225.0,25.425882352941176,4.0,Southern California,2018.0,2018.0,NYJ,3.0,14.0,
2022,17,00-0034869,S.Darnold,QB,CAR,TB,23,37,341.0,3,1.0,2.0,15.0,5,20.0,0,0,0,0.0,0,21.64,21.64,,,75.0,225.0,25.425882352941176,4.0,Southern California,2018.0,2018.0,NYJ,3.0,,
2022,18,00-0034869,S.Darnold,QB,CAR,NO,5,15,43.0,0,2.0,2.0,11.0,6,32.0,0,0,0,0.0,0,0.92,0.92,,,75.0,225.0,25.425882352941176,4.0,Southern California,2018.0,2018.0,NYJ,3.0,,
2022,10,00-0034899,J.Wolford,QB,LA,ARI,24,36,212.0,1,1.0,3.0,19.0,3,3.0,0,0,0,0.0,0,8.78,8.78,,,73.0,200.0,27.07,4.0,Wake Forest,2018.0,2018.0,,,-10.0,
2022,13,00-0034899,J.Wolford,QB,LA,SEA,14,26,178.0,0,2.0,4.0,30.0,5,29.0,0,0,0,0.0,0,6.02,6.02,,,73.0,200.0,27.07,4.0,Wake Forest,2018.0,2018.0,,,-4.0,
2022,6,00-0034928,S.Sims,WR,PIT,TB,0,0,0.0,0,0.0,0.0,0.0,1,-5.0,0,0,0,0.0,0,-0.5,-0.5,,,70.0,176.0,25.611176470588234,3.0,Kansas,2019.0,2019.0,,,2.0,
2022,8,00-0034928,S.Sims,WR,PIT,PHI,0,0,0.0,0,0.0,0.0,0.0,2,21.0,0,3,2,-1.0,0,2.0,4.0,,,70.0,176.0,25.611176470588234,3.0,Kansas,2019.0,2019.0,,,,0.075
2022,10,00-0034928,S.Sims,WR,PIT,NO,0,0,0.0,0,0.0,0.0,0.0,2,2.0,0,2,1,15.0,0,1.7,2.7,,,70.0,176.0,25.611176470588234,3.0,Kansas,2019.0,2019.0,,,10.0,0.07692308
2022,11,00-0034928,S.Sims,WR,PIT,CIN,0,0,0.0,0,0.0,0.0,0.0,1,-3.0,0,2,0,0.0,0,-0.3,-0.3,,,70.0,176.0,25.611176470588234,3.0,Kansas,2019.0,2019.0,,,-7.0,0.05263158
2022,12,00-0034928,S.Sims,WR,PIT,IND,0,0,0.0,0,0.0,0.0,0.0,0,0.0,0,3,2,9.0,0,0.9,2.9,,,70.0,176.0,25.611176470588234,3.0,Kansas,2019.0,2019.0,,,,0.10714286
2022,13,00-0034928,S.Sims,WR,PIT,ATL,0,0,0.0,0,0.0,0.0,0.0,3,19.0,0,2,0,0.0,0,1.9,1.9,,,70.0,176.0,25.611176470588234,3.0,Kansas,2019.0,2019.0,,,,0.074074075
2022,14,00-0034928,S.Sims,WR,PIT,BAL,0,0,0.0,0,0.0,0.0,0.0,1,1.0,0,4,4,30.0,0,3.1,7.1,,,70.0,176.0,25.611176470588234,3.0,Kansas,2019.0,2019.0,,,-2.0,0.12903225
2022,15,00-0034928,S.Sims,WR,PIT,CAR,0,0,0.0,0,0.0,0.0,0.0,2,19.0,0,2,1,10.0,0,2.9,3.9,,,70.0,176.0,25.611176470588234,3.0,Kansas,2019.0,2019.0,,,,0.0952381
2022,16,00-0034928,S.Sims,WR,PIT,LV,0,0,0.0,0,0.0,0.0,0.0,0,0.0,0,1,1,7.0,0,0.7,1.7,,,70.0,176.0,25.611176470588234,3.0,Kansas,2019.0,2019.0,,,3.0,0.027777778
2022,17,00-0034928,S.Sims,WR,PIT,BAL,0,0,0.0,0,0.0,0.0,0.0,0,0.0,0,4,3,34.0,0,3.4,6.4,,,70.0,176.0,25.611176470588234,3.0,Kansas,2019.0,2019.0,,,,0.14814815
2022,18,00-0034928,S.Sims,WR,PIT,CLE,0,0,0.0,0,0.0,0.0,0.0,1,16.0,0,0,0,0.0,0,1.6,1.6,,,70.0,176.0,25.611176470588234,3.0,Kansas,2019.0,2019.0,,,14.0,
2022,7,00-0034955,B.Rypien,QB,DEN,NYJ,24,46,225.0,0,1.0,1.0,6.0,3,9.0,0,0,0,0.0,0,7.9,7.9,,,74.0,200.0,26.33711764705882,3.0,Boise State,2019.0,2019.0,,,-7.0,
2022,14,00-0034955,B.Rypien,QB,DEN,KC,4,8,16.0,1,1.0,0.0,-0.0,1,0.0,0,0,0,0.0,0,2.64,2.64,,,74.0,200.0,26.33711764705882,3.0,Boise State,2019.0,2019.0,,,-6.0,
2022,15,00-0034955,B.Rypien,QB,DEN,ARI,21,26,197.0,1,1.0,7.0,41.0,2,-2.0,0,0,0,0.0,0,7.68,7.68,,,74.0,200.0,26.33711764705882,3.0,Boise State,2019.0,2019.0,,,9.0,
2022,16,00-0034955,B.Rypien,QB,DEN,LA,4,8,45.0,0,1.0,0.0,-0.0,0,0.0,0,0,0,0.0,0,-0.2,-0.2,,,74.0,200.0,26.33711764705882,3.0,Boise State,2019.0,2019.0,,,,
2022,1,00-0034959,A.Beck,FB,DEN,SEA,0,0,0.0,0,0.0,0.0,0.0,0,0.0,0,3,2,52.0,0,5.2,7.2,,,75.0,255.0,26.487764705882352,3.0,Texas,2019.0,2019.0,,,,0.07317073
2022,2,00-0034959,A.Beck,FB,DEN,HOU,0,0,0.0,0,0.0,0.0,0.0,1,-1.0,0,0,0,0.0,0,-0.1,-0.1,,,75.0,255.0,26.487764705882352,3.0,Texas,2019.0,2019.0,,,7.0,
2022,5,00-0034959,A.Beck,FB,DEN,IND,0,0,0.0,0,0.0,0.0,0.0,0,0.0,0,1,0,0.0,0,0.0,0.0,,,75.0,255.0,26.487764705882352,3.0,Texas,2019.0,2019.0,,,-3.0,0.02631579
2022,6,00-0034959,A.Beck,FB,DEN,LAC,0,0,0.0,0,0.0,0.0,0.0,0,0.0,0,1,1,7.0,0,0.7,1.7,,,75.0,255.0,26.487764705882352,3.0,Texas,2019.0,2019.0,,,,0.04
2022,7,00-0034959,A.Beck,FB,DEN,NYJ,0,0,0.0,0,0.0,0.0,0.0,0,0.0,0,1,0,0.0,0,0.0,0.0,,,75.0,255.0,26.487764705882352,3.0,Texas,2019.0,2019.0,,,-7.0,0.022222223
2022,15,00-0034959,A.Beck,FB,DEN,ARI,0,0,0.0,0,0.0,0.0,0.0,1,1.0,0,1,0,0.0,0,0.1,0.1,,,75.0,255.0,26.487764705882352,3.0,Texas,2019.0,2019.0,,,9.0,0.03846154
2022,17,00-0034959,A.Beck,FB,DEN,KC,0,0,0.0,0,0.0,0.0,0.0,0,0.0,0,2,2,10.0,0,1.0,3.0,,,75.0,255.0,26.487764705882352,3.0,Texas,2019.0,2019.0,,,,0.055555556
2022,18,00-0034959,A.Beck,FB,DEN,LAC,0,0,0.0,0,0.0,0.0,0.0,0,0.0,0,2,0,0.0,0,0.0,0.0,,,75.0,255.0,26.487764705882352,3.0,Texas,2019.0,2019.0,,,3.0,0.09090909
2022,1,00-0034960,J.Meyers,WR,NE,MIA,0,0,0.0,0,0.0,0.0,0.0,1,7.0,0,6,4,55.0,0,6.2,10.2,,,74.0,200.0,25.99864705882353,3.0,North Carolina State,2019.0,2019.0,,,,0.2
2022,2,00-0034960,J.Meyers,WR,NE,PIT,0,0,0.0,0,0.0,0.0,0.0,0,0.0,0,13,9,95.0,0,9.5,18.5,,,74.0,200.0,25.99864705882353,3.0,North Carolina State,2019.0,2019.0,,,,0.38235295
2022,5,00-0034960,J.Meyers,WR,NE,DET,0,0,0.0,0,0.0,0.0,0.0,0,0.0,0,8,7,111.0,1,17.1,24.1,,,74.0,200.0,25.99864705882353,3.0,North Carolina State,2019.0,2019.0,,,29.0,0.3809524
2022,6,00-0034960,J.Meyers,WR,NE,CLE,0,0,0.0,0,0.0,0.0,0.0,0,0.0,0,4,4,60.0,0,6.0,10.0,,,74.0,200.0,25.99864705882353,3.0,North Carolina State,2019.0,2019.0,,,,0.12903225
2022,7,00-0034960,J.Meyers,WR,NE,CHI,0,0,0.0,0,0.0,0.0,0.0,0,0.0,0,2,2,34.0,1,9.4,11.4,,,74.0,200.0,25.99864705882353,3.0,North Carolina State,2019.0,2019.0,,,-19.0,0.071428575
2022,8,00-0034960,J.Meyers,WR,NE,NYJ,0,0,0.0,0,0.0,0.0,0.0,0,0.0,0,13,9,60.0,1,12.0,21.0,,,74.0,200.0,25.99864705882353,3.0,North Carolina State,2019.0,2019.0,,,,0.40625
2022,9,00-0034960,J.Meyers,WR,NE,IND,0,0,0.0,0,0.0,0.0,0.0,1,2.0,0,6,5,42.0,0,2.4,7.4,,,74.0,200.0,25.99864705882353,3.0,North Carolina State,2019.0,2019.0,,,23.0,0.20689656
2022,11,00-0034960,J.Meyers,WR,NE,NYJ,0,0,0.0,0,0.0,0.0,0.0,0,0.0,0,6,4,52.0,0,5.2,9.2,,,74.0,200.0,25.99864705882353,3.0,North Carolina State,2019.0,2019.0,,,7.0,0.22222222
2022,12,00-0034960,J.Meyers,WR,NE,MIN,0,0,0.0,0,0.0,0.0,0.0,0,0.0,0,4,3,62.0,0,6.2,9.2,,,74.0,200.0,25.99864705882353,3.0,North Carolina State,2019.0,2019.0,,,,0.114285715
2022,13,00-0034960,J.Meyers,WR,NE,BUF,0,0,0.0,0,0.0,0.0,0.0,0,0.0,0,5,3,22.0,0,2.2,5.2,,,74.0,200.0,25.99864705882353,3.0,North Carolina State,2019.0,2019.0,,,-14.0,0.14705883
2022,15,00-0034960,J.Meyers,WR,NE,LV,0,0,0.0,0,0.0,0.0,0.0,0,0.0,0,6,2,47.0,0,6.7,8.7,,,74.0,200.0,25.99864705882353,3.0,North Carolina State,2019.0,2019.0,,,,0.2
2022,16,00-0034960,J.Meyers,WR,NE,CIN,0,0,0.0,0,0.0,0.0,0.0,0,0.0,0,7,6,83.0,1,14.3,20.3,,,74.0,200.0,25.99864705882353,3.0,North Carolina State,2019.0,2019.0,,,-4.0,0.22580644
2022,17,00-0034960,J.Meyers,WR,NE,MIA,0,0,0.0,0,0.0,0.0,0.0,0,0.0,0,9,6,49.0,1,10.9,16.9,,,74.0,200.0,25.99864705882353,3.0,North Carolina State,2019.0,2019.0,,,2.0,0.28125
2022,18,00-0034960,J.Meyers,WR,NE,BUF,0,0,0.0,0,0.0,0.0,0.0,0,0.0,0,7,3,32.0,1,9.2,12.2,,,74.0,200.0,25.99864705882353,3.0,North Carolina State,2019.0,2019.0,,,,0.17948718
2022,1,00-0034970,I.Smith,TE,MIN,GB,0,0,0.0,0,0.0,0.0,0.0,0,0.0,0,2,0,0.0,0,0.0,0.0,,,74.0,240.0,24.26538888888889,3.0,Alabama,2019.0,2019.0,MIN,50.0,16.0,0.06451613
2022,2,00-0034970,I.Smith,TE,MIN,PHI,0,0,0.0,0,0.0,0.0,0.0,0,0.0,0,8,5,36.0,1,9.6,14.6,,,74.0,240.0,24.26538888888889,3.0,Alabama,2019.0,2019.0,MIN,50.0,,0.17777778
2022,3,00-0034970,I.Smith,TE,MIN,DET,0,0,0.0,0,0.0,0.0,0.0,0,0.0,0,6,2,32.0,0,3.2,5.2,,,74.0,240.0,24.26538888888889,3.0,Alabama,2019.0,2019.0,MIN,50.0,4.0,0.16216215
2022,4,00-0034970,I.Smith,TE,MIN,NO,0,0,0.0,0,0.0,0.0,0.0,0,0.0,0,4,3,23.0,0,2.3,5.3,,,74.0,240.0,24.26538888888889,3.0,Alabama,2019.0,2019.0,MIN,50.0,,0.114285715
2022,5,00-0034970,I.Smith,TE,MIN,CHI,0,0,0.0,0,0.0,0.0,0.0,0,0.0,0,5,4,42.0,0,4.2,8.2,,,74.0,240.0,24.26538888888889,3.0,Alabama,2019.0,2019.0,MIN,50.0,7.0,0.12820514
2022,6,00-0034970,I.Smith,TE,MIN,MIA,0,0,0.0,0,0.0,0.0,0.0,0,0.0,0,4,4,7.0,1,6.7,10.7,,,74.0,240.0,24.26538888888889,3.0,Alabama,2019.0,2019.0,MIN,50.0,,0.14285715
2022,8,00-0034970,I.Smith,TE,MIN,ARI,0,0,0.0,0,0.0,0.0,0.0,0,0.0,0,4,4,28.0,0,2.8,6.8,,,74.0,240.0,24.26538888888889,3.0,Alabama,2019.0,2019.0,MIN,50.0,8.0,0.12903225
2022,18,00-0034970,I.Smith,TE,MIN,CHI,0,0,0.0,0,0.0,0.0,0.0,0,0.0,0,3,3,14.0,0,1.4,4.4,,,74.0,240.0,24.26538888888889,3.0,Alabama,2019.0,2019.0,MIN,50.0,,0.09375
2022,19,00-0034970,I.Smith,TE,MIN,NYG,0,0,0.0,0,0.0,0.0,0.0,0,0.0,0,2,1,3.0,1,6.3,7.3,,,74.0,240.0,24.26538888888889,3.0,Alabama,2019.0,2019.0,MIN,50.0,-7.0,0.051282052
2022,1,00-0034972,A.Mattison,RB,MIN,GB,0,0,0.0,0,0.0,0.0,0.0,8,36.0,0,0,0,0.0,0,3.6,3.6,,,71.0,220.0,24.40511111111111,3.0,Boise State,2019.0,2019.0,MIN,102.0,16.0,
2022,2,00-0034972,A.Mattison,RB,MIN,PHI,0,0,0.0,0,0.0,0.0,0.0,2,8.0,0,5,3,6.0,0,1.4,4.4,,,71.0,220.0,24.40511111111111,3.0,Boise State,2019.0,2019.0,MIN,102.0,,0.11111111
2022,3,00-0034972,A.Mattison,RB,MIN,DET,0,0,0.0,0,0.0,0.0,0.0,7,28.0,1,1,1,16.0,0,10.4,11.4,,,71.0,220.0,24.40511111111111,3.0,Boise State,2019.0,2019.0,MIN,102.0,4.0,0.027027028
2022,4,00-0034972,A.Mattison,RB,MIN,NO,0,0,0.0,0,0.0,0.0,0.0,3,3.0,0,1,1,15.0,1,7.8,8.8,,,71.0,220.0,24.40511111111111,3.0,Boise State,2019.0,2019.0,MIN,102.0,,0.028571429
2022,5,00-0034972,A.Mattison,RB,MIN,CHI,0,0,0.0,0,0.0,0.0,0.0,9,19.0,0,4,3,21.0,0,4.0,7.0,,,71.0,220.0,24.40511111111111,3.0,Boise State,2019.0,2019.0,MIN,102.0,7.0,0.102564104
2022,6,00-0034972,A.Mattison,RB,MIN,MIA,0,0,0.0,0,0.0,0.0,0.0,1,3.0,0,0,0,0.0,0,0.3,0.3,,,71.0,220.0,24.40511111111111,3.0,Boise State,2019.0,2019.0,MIN,102.0,,
2022,8,00-0034972,A.Mattison,RB,MIN,ARI,0,0,0.0,0,0.0,0.0,0.0,5,40.0,1,0,0,0.0,0,10.0,10.0,,,71.0,220.0,24.40511111111111,3.0,Boise State,2019.0,2019.0,MIN,102.0,8.0,
2022,9,00-0034972,A.Mattison,RB,MIN,WAS,0,0,0.0,0,0.0,0.0,0.0,2,1.0,0,1,1,0.0,0,0.1,1.1,,,71.0,220.0,24.40511111111111,3.0,Boise State,2019.0,2019.0,MIN,102.0,,0.025641026
2022,10,00-0034972,A.Mattison,RB,MIN,BUF,0,0,0.0,0,0.0,0.0,0.0,3,11.0,0,1,1,8.0,0,1.9,2.9,,,71.0,220.0,24.40511111111111,3.0,Boise State,2019.0,2019.0,MIN,102.0,,0.02
2022,11,00-0034972,A.Mattison,RB,MIN,DAL,0,0,0.0,0,0.0,0.0,0.0,2,0.0,0,1,1,8.0,0,0.8,1.8,,,71.0,220.0,24.40511111111111,3.0,Boise State,2019.0,2019.0,MIN,102.0,-37.0,0.035714287
2022,12,00-0034972,A.Mattison,RB,MIN,NE,0,0,0.0,0,0.0,0.0,0.0,3,11.0,0,0,0,0.0,0,1.1,1.1,,,71.0,220.0,24.40511111111111,3.0,Boise State,2019.0,2019.0,MIN,102.0,7.0,
2022,13,00-0034972,A.Mattison,RB,MIN,NYJ,0,0,0.0,0,0.0,0.0,0.0,3,14.0,1,2,2,4.0,0,7.8,9.8,,,71.0,220.0,24.40511111111111,3.0,Boise State,2019.0,2019.0,MIN,102.0,5.0,0.060606062
2022,14,00-0034972,A.Mattison,RB,MIN,DET,0,0,0.0,0,0.0,0.0,0.0,2,-1.0,0,0,0,0.0,0,-0.1,-0.1,,,71.0,220.0,24.40511111111111,3.0,Boise State,2019.0,2019.0,MIN,102.0,,
2022,15,00-0034972,A.Mattison,RB,MIN,IND,0,0,0.0,0,0.0,0.0,0.0,2,1.0,0,0,0,0.0,0,0.1,0.1,,,71.0,220.0,24.40511111111111,3.0,Boise State,2019.0,2019.0,MIN,102.0,3.0,
2022,16,00-0034972,A.Mattison,RB,MIN,NYG,0,0,0.0,0,0.0,0.0,0.0,4,17.0,0,0,0,0.0,0,1.7,1.7,,,71.0,220.0,24.40511111111111,3.0,Boise State,2019.0,2019.0,MIN,102.0,3.0,
2022,17,00-0034972,A.Mattison,RB,MIN,GB,0,0,0.0,0,0.0,0.0,0.0,8,38.0,0,1,1,7.0,0,4.5,5.5,,,71.0,220.0,24.40511111111111,3.0,Boise State,2019.0,2019.0,MIN,102.0,,0.028571429
2022,18,00-0034972,A.Mattison,RB,MIN,CHI,0,0,0.0,0,0.0,0.0,0.0,10,54.0,2,1,1,6.0,0,18.0,19.0,,,71.0,220.0,24.40511111111111,3.0,Boise State,2019.0,2019.0,MIN,102.0,,0.03125
2022,19,00-0034972,A.Mattison,RB,MIN,NYG,0,0,0.0,0,0.0,0.0,0.0,0,0.0,0,1,1,2.0,0,0.2,1.2,,,71.0,220.0,24.40511111111111,3.0,Boise State,2019.0,2019.0,MIN,102.0,-7.0,0.025641026
2022,1,00-0034975,J.Hill,RB,BAL,NYJ,0,0,0.0,0,0.0,0.0,0.0,2,4.0,0,2,2,7.0,0,1.1,3.1,,,70.0,200.0,24.996,3.0,Oklahoma State,2019.0,2019.0,BAL,113.0,,0.06896552
2022,2,00-0034975,J.Hill,RB,BAL,MIA,0,0,0.0,0,0.0,0.0,0.0,3,16.0,0,0,0,0.0,0,1.6,1.6,,,70.0,200.0,24.996,3.0,Oklahoma State,2019.0,2019.0,BAL,113.0,-4.0,
2022,3,00-0034975,J.Hill,RB,BAL,NE,0,0,0.0,0,0.0,0.0,0.0,6,60.0,0,0,0,0.0,0,6.0,6.0,,,70.0,200.0,24.996,3.0,Oklahoma State,2019.0,2019.0,BAL,113.0,,
2022,4,00-0034975,J.Hill,RB,BAL,BUF,0,0,0.0,0,0.0,0.0,0.0,8,45.0,0,2,2,12.0,0,5.7,7.7,,,70.0,200.0,24.996,3.0,Oklahoma State,2019.0,2019.0,BAL,113.0,-3.0,0.071428575
2022,7,00-0034975,J.Hill,RB,BAL,CLE,0,0,0.0,0,0.0,0.0,0.0,5,26.0,0,0,0,0.0,0,0.6,0.6,,,70.0,200.0,24.996,3.0,Oklahoma State,2019.0,2019.0,BAL,113.0,3.0,
2022,8,00-0034975,J.Hill,RB,BAL,TB,0,0,0.0,0,0.0,0.0,0.0,4,28.0,0,0,0,0.0,0,2.8,2.8,,,70.0,200.0,24.996,3.0,Oklahoma State,2019.0,2019.0,BAL,113.0,,
2022,9,00-0034975,J.Hill,RB,BAL,NO,0,0,0.0,0,0.0,0.0,0.0,4,11.0,0,1,1,8.0,0,1.9,2.9,,,70.0,200.0,24.996,3.0,Oklahoma State,2019.0,2019.0,BAL,113.0,,0.045454547
2022,11,00-0034975,J.Hill,RB,BAL,CAR,0,0,0.0,0,0.0,0.0,0.0,7,30.0,0,3,3,8.0,0,3.8,6.8,,,70.0,200.0,24.996,3.0,Oklahoma State,2019.0,2019.0,BAL,113.0,10.0,0.09375
2022,12,00-0034975,J.Hill,RB,BAL,JAX,0,0,0.0,0,0.0,0.0,0.0,1,3.0,0,0,0,0.0,0,0.3,0.3,,,70.0,200.0,24.996,3.0,Oklahoma State,2019.0,2019.0,BAL,113.0,,
2022,13,00-0034975,J.Hill,RB,BAL,DEN,0,0,0.0,0,0.0,0.0,0.0,1,2.0,0,2,2,4.0,0,0.6,2.6,,,70.0,200.0,24.996,3.0,Oklahoma State,2019.0,2019.0,BAL,113.0,1.0,0.055555556
2022,15,00-0034975,J.Hill,RB,BAL,CLE,0,0,0.0,0,0.0,0.0,0.0,1,3.0,0,1,1,15.0,0,1.8,2.8,,,70.0,200.0,24.996,3.0,Oklahoma State,2019.0,2019.0,BAL,113.0,,0.035714287
2022,16,00-0034975,J.Hill,RB,BAL,ATL,0,0,0.0,0,0.0,0.0,0.0,0,0.0,0,1,1,4.0,0,0.4,1.4,,,70.0,200.0,24.996,3.0,Oklahoma State,2019.0,2019.0,BAL,113.0,8.0,0.0625
2022,18,00-0034975,J.Hill,RB,BAL,CIN,0,0,0.0,0,0.0,0.0,0.0,7,34.0,0,0,0,0.0,0,3.4,3.4,,,70.0,200.0,24.996,3.0,Oklahoma State,2019.0,2019.0,BAL,113.0,,
2022,19,00-0034975,J.Hill,RB,BAL,CIN,0,0,0.0,0,0.0,0.0,0.0,0,0.0,0,2,2,10.0,0,1.0,3.0,,,70.0,200.0,24.996,3.0,Oklahoma State,2019.0,2019.0,BAL,113.0,,0.071428575
2022,2,00-0034981,F.Moreau,TE,LV,ARI,0,0,0.0,0,0.0,0.0,0.0,0,0.0,0,4,3,30.0,0,3.0,6.0,,,76.0,250.0,25.51594117647059,3.0,Louisiana State,2019.0,2019.0,OAK,137.0,-6.0,0.102564104
2022,3,00-0034981,F.Moreau,TE,LV,TEN,0,0,0.0,0,0.0,0.0,0.0,0,0.0,0,4,3,44.0,0,4.4,7.4,,,76.0,250.0,25.51594117647059,3.0,Louisiana State,2019.0,2019.0,OAK,137.0,,0.09756097
2022,7,00-0034981,F.Moreau,TE,LV,HOU,0,0,0.0,0,0.0,0.0,0.0,0,0.0,0,5,3,28.0,0,2.8,5.8,,,76.0,250.0,25.51594117647059,3.0,Louisiana State,2019.0,2019.0,OAK,137.0,18.0,0.1923077
2022,8,00-0034981,F.Moreau,TE,LV,NO,0,0,0.0,0,0.0,0.0,0.0,0,0.0,0,9,6,31.0,0,3.1,9.1,,,76.0,250.0,25.51594117647059,3.0,Louisiana State,2019.0,2019.0,OAK,137.0,,0.23076923
2022,9,00-0034981,F.Moreau,TE,LV,JAX,0,0,0.0,0,0.0,0.0,0.0,0,0.0,0,5,2,42.0,0,4.2,6.2,,,76.0,250.0,25.51594117647059,3.0,Louisiana State,2019.0,2019.0,OAK,137.0,,0.1388889
2022,10,00-0034981,F.Moreau,TE,LV,IND,0,0,0.0,0,0.0,0.0,0.0,0,0.0,0,4,3,43.0,1,10.3,13.3,,,76.0,250.0,25.51594117647059,3.0,Louisiana State,2019.0,2019.0,OAK,137.0,-5.0,0.10526316
2022,11,00-0034981,F.Moreau,TE,LV,DEN,0,0,0.0,0,0.0,0.0,0.0,0,0.0,0,3,1,33.0,0,3.3,4.3,,,76.0,250.0,25.51594117647059,3.0,Louisiana State,2019.0,2019.0,OAK,137.0,,0.08108108
2022,12,00-0034981,F.Moreau,TE,LV,SEA,0,0,0.0,0,0.0,0.0,0.0,0,0.0,0,7,3,33.0,1,9.3,12.3,,,76.0,250.0,25.51594117647059,3.0,Louisiana State,2019.0,2019.0,OAK,137.0,,0.19444445
2022,13,00-0034981,F.Moreau,TE,LV,LAC,0,0,0.0,0,0.0,0.0,0.0,0,0.0,0,3,1,32.0,0,3.2,4.2,,,76.0,250.0,25.51594117647059,3.0,Louisiana State,2019.0,2019.0,OAK,137.0,7.0,0.11111111
2022,14,00-0034981,F.Moreau,TE,LV,LA,0,0,0.0,0,0.0,0.0,0.0,0,0.0,0,1,0,0.0,0,0.0,0.0,,,76.0,250.0,25.51594117647059,3.0,Louisiana State,2019.0,2019.0,OAK,137.0,,0.05263158
2022,15,00-0034981,F.Moreau,TE,LV,NE,0,0,0.0,0,0.0,0.0,0.0,0,0.0,0,2,2,20.0,0,2.0,4.0,,,76.0,250.0,25.51594117647059,3.0,Louisiana State,2019.0,2019.0,OAK,137.0,6.0,0.0625
2022,16,00-0034981,F.Moreau,TE,LV,PIT,0,0,0.0,0,0.0,0.0,0.0,0,0.0,0,3,2,19.0,0,1.9,3.9,,,76.0,250.0,25.51594117647059,3.0,Louisiana State,2019.0,2019.0,OAK,137.0,,0.1
2022,17,00-0034981,F.Moreau,TE,LV,SF,0,0,0.0,0,0.0,0.0,0.0,0,0.0,0,3,3,55.0,0,5.5,8.5,,,76.0,250.0,25.51594117647059,3.0,Louisiana State,2019.0,2019.0,OAK,137.0,-3.0,0.09375
2022,18,00-0034981,F.Moreau,TE,LV,KC,0,0,0.0,0,0.0,0.0,0.0,0,0.0,0,1,1,10.0,0,1.0,2.0,,,76.0,250.0,25.51594117647059,3.0,Louisiana State,2019.0,2019.0,OAK,137.0,-18.0,0.029411765
2022,1,00-0034983,H.Renfrow,WR,LV,LAC,0,0,0.0,0,0.0,0.0,0.0,0,0.0,0,6,3,21.0,0,2.1,5.1,,,70.0,185.0,26.89029411764706,3.0,Clemson,2019.0,2019.0,OAK,149.0,,0.17142858
2022,2,00-0034983,H.Renfrow,WR,LV,ARI,0,0,0.0,0,0.0,0.0,0.0,0,0.0,0,10,7,59.0,0,3.9,10.9,,,70.0,185.0,26.89029411764706,3.0,Clemson,2019.0,2019.0,OAK,149.0,-6.0,0.25641027
2022,5,00-0034983,H.Renfrow,WR,LV,KC,0,0,0.0,0,0.0,0.0,0.0,0,0.0,0,4,4,25.0,0,2.5,6.5,,,70.0,185.0,26.89029411764706,3.0,Clemson,2019.0,2019.0,OAK,149.0,,0.14814815
2022,7,00-0034983,H.Renfrow,WR,LV,HOU,0,0,0.0,0,0.0,0.0,0.0,0,0.0,0,3,3,55.0,0,5.5,8.5,,,70.0,185.0,26.89029411764706,3.0,Clemson,2019.0,2019.0,OAK,149.0,18.0,0.115384616
2022,8,00-0034983,H.Renfrow,WR,LV,NO,0,0,0.0,0,0.0,0.0,0.0,0,0.0,0,2,1,6.0,0,0.6,1.6,,,70.0,185.0,26.89029411764706,3.0,Clemson,2019.0,2019.0,OAK,149.0,,0.051282052
2022,9,00-0034983,H.Renfrow,WR,LV,JAX,0,0,0.0,0,0.0,0.0,0.0,0,0.0,0,4,3,26.0,0,2.6,5.6,,,70.0,185.0,26.89029411764706,3.0,Clemson,2019.0,2019.0,OAK,149.0,,0.11111111
2022,15,00-0034983,H.Renfrow,WR,LV,NE,0,0,0.0,0,0.0,0.0,0.0,0,0.0,0,3,1,14.0,0,1.4,2.4,,,70.0,185.0,26.89029411764706,3.0,Clemson,2019.0,2019.0,OAK,149.0,6.0,0.09375
2022,16,00-0034983,H.Renfrow,WR,LV,PIT,0,0,0.0,0,0.0,0.0,0.0,0,0.0,0,7,4,42.0,1,10.2,14.2,,,70.0,185.0,26.89029411764706,3.0,Clemson,2019.0,2019.0,OAK,149.0,,0.23333333
2022,17,00-0034983,H.Renfrow,WR,LV,SF,0,0,0.0,0,0.0,0.0,0.0,0,0.0,0,4,3,19.0,0,1.9,4.9,,,70.0,185.0,26.89029411764706,3.0,Clemson,2019.0,2019.0,OAK,149.0,-3.0,0.125
2022,18,00-0034983,H.Renfrow,WR,LV,KC,0,0,0.0,0,0.0,0.0,0.0,0,0.0,0,7,7,63.0,1,12.3,19.3,,,70.0,185.0,26.89029411764706,3.0,Clemson,2019.0,2019.0,OAK,149.0,-18.0,0.20588236
2022,1,00-0035021,A.Dulin,WR,IND,HOU,0,0,0.0,0,0.0,0.0,0.0,0,0.0,0,6,3,46.0,0,4.6,7.6,,,74.0,215.0,25.482647058823527,3.0,Malone,2019.0,2019.0,,,,0.12244898
2022,2,00-0035021,A.Dulin,WR,IND,JAX,0,0,0.0,0,0.0,0.0,0.0,1,3.0,0,7,5,79.0,0,8.2,13.2,,,74.0,215.0,25.482647058823527,3.0,Malone,2019.0,2019.0,,,,0.2413793
2022,3,00-0035021,A.Dulin,WR,IND,KC,0,0,0.0,0,0.0,0.0,0.0,0,0.0,0,1,1,7.0,0,0.7,1.7,,,74.0,215.0,25.482647058823527,3.0,Malone,2019.0,2019.0,,,3.0,0.027777778
2022,4,00-0035021,A.Dulin,WR,IND,TEN,0,0,0.0,0,0.0,0.0,0.0,0,0.0,0,3,2,18.0,0,1.8,3.8,,,74.0,215.0,25.482647058823527,3.0,Malone,2019.0,2019.0,,,-7.0,0.083333336
2022,5,00-0035021,A.Dulin,WR,IND,DEN,0,0,0.0,0,0.0,0.0,0.0,0,0.0,0,1,1,18.0,0,1.8,2.8,,,74.0,215.0,25.482647058823527,3.0,Malone,2019.0,2019.0,,,,0.027777778
2022,13,00-0035021,A.Dulin,WR,IND,DAL,0,0,0.0,0,0.0,0.0,0.0,0,0.0,0,2,1,14.0,1,7.4,8.4,,,74.0,215.0,25.482647058823527,3.0,Malone,2019.0,2019.0,,,,0.057142857
2022,15,00-0035021,A.Dulin,WR,IND,MIN,0,0,0.0,0,0.0,0.0,0.0,1,5.0,0,2,2,25.0,0,3.0,5.0,,,74.0,215.0,25.482647058823527,3.0,Malone,2019.0,2019.0,,,,0.06451613
2022,3,00-0035022,P.Hart,WR,SEA,ATL,0,0,0.0,0,0.0,0.0,0.0,0,0.0,0,1,1,15.0,0,1.5,2.5,,,68.0,180.0,26.355666666666664,3.0,Georgia State,2019.0,2019.0,,,-4.0,0.022727273
2022,15,00-0035022,P.Hart,WR,SEA,SF,0,0,0.0,0,0.0,0.0,0.0,0,0.0,0,1,1,3.0,0,0.3,1.3,,,68.0,180.0,26.355666666666664,3.0,Georgia State,2019.0,2019.0,,,-8.0,0.024390243
2022,16,00-0035022,P.Hart,WR,SEA,KC,0,0,0.0,0,0.0,0.0,0.0,0,0.0,0,2,1,2.0,0,0.2,1.2,,,68.0,180.0,26.355666666666664,3.0,Georgia State,2019.0,2019.0,,,,0.05263158
2022,17,00-0035040,D.Blough,QB,ARI,ATL,24,40,222.0,1,0.0,2.0,9.0,2,7.0,0,0,0,0.0,0,13.58,13.58,,,73.0,200.0,27.281,3.0,Purdue,2019.0,2019.0,,,,
2022,18,00-0035040,D.Blough,QB,ARI,SF,14,18,180.0,1,2.0,3.0,15.0,2,-2.0,0,0,0,0.0,0,5.0,5.0,,,73.0,200.0,27.281,3.0,Purdue,2019.0,2019.0,,,,
2022,5,00-0035042,J.Gillan,P,NYG,GB,0,0,0.0,0,0.0,0.0,0.0,1,-3.0,0,0,0,0.0,0,-0.3,-0.3,,,73.0,207.0,25.37121052631579,3.0,Arkansas-Pine Bluff,2019.0,2019.0,,,,
2022,14,00-0035042,J.Gillan,P,NYG,PHI,0,0,0.0,0,0.0,0.0,0.0,1,0.0,0,0,0,0.0,0,0.0,0.0,,,73.0,207.0,25.37121052631579,3.0,Arkansas-Pine Bluff,2019.0,2019.0,,,-26.0,
2022,18,00-0035042,J.Gillan,P,NYG,PHI,0,0,0.0,0,0.0,1.0,11.0,0,0.0,0,0,0,0.0,0,0.0,0.0,,,73.0,207.0,25.37121052631579,3.0,Arkansas-Pine Bluff,2019.0,2019.0,,,,
2022,12,00-0035099,K.Blasingame,FB,CHI,NYJ,0,0,0.0,0,0.0,0.0,0.0,0,0.0,0,1,0,0.0,0,0.0,0.0,,,72.0,233.0,26.352999999999998,3.0,Vanderbilt,2019.0,2019.0,,,,0.041666668
2022,1,00-0035125,A.Ingold,FB,MIA,NE,0,0,0.0,0,0.0,0.0,0.0,1,2.0,0,2,1,8.0,0,1.0,2.0,,,73.0,242.0,26.34466666666667,3.0,Wisconsin,2019.0,2019.0,,,13.0,0.06451613
2022,2,00-0035125,A.Ingold,FB,MIA,BAL,0,0,0.0,0,0.0,0.0,0.0,1,1.0,0,2,2,15.0,0,1.6,3.6,,,73.0,242.0,26.34466666666667,3.0,Wisconsin,2019.0,2019.0,,,,0.04
2022,3,00-0035125,A.Ingold,FB,MIA,BUF,0,0,0.0,0,0.0,0.0,0.0,1,0.0,0,1,0,0.0,0,0.0,0.0,,,73.0,242.0,26.34466666666667,3.0,Wisconsin,2019.0,2019.0,,,2.0,0.05
2022,6,00-0035125,A.Ingold,FB,MIA,MIN,0,0,0.0,0,0.0,0.0,0.0,1,2.0,0,2,2,10.0,0,1.2,3.2,,,73.0,242.0,26.34466666666667,3.0,Wisconsin,2019.0,2019.0,,,-8.0,0.044444446
2022,8,00-0035125,A.Ingold,FB,MIA,DET,0,0,0.0,0,0.0,0.0,0.0,1,1.0,1,1,1,5.0,0,6.6,7.6,,,73.0,242.0,26.34466666666667,3.0,Wisconsin,2019.0,2019.0,,,,0.029411765
2022,10,00-0035125,A.Ingold,FB,MIA,CLE,0,0,0.0,0,0.0,0.0,0.0,0,0.0,0,4,4,45.0,1,10.5,14.5,,,73.0,242.0,26.34466666666667,3.0,Wisconsin,2019.0,2019.0,,,22.0,0.121212125
2022,12,00-0035125,A.Ingold,FB,MIA,HOU,0,0,0.0,0,0.0,0.0,0.0,0,0.0,0,1,1,0.0,0,0.0,1.0,,,73.0,242.0,26.34466666666667,3.0,Wisconsin,2019.0,2019.0,,,15.0,0.02631579
2022,13,00-0035125,A.Ingold,FB,MIA,SF,0,0,0.0,0,0.0,0.0,0.0,0,0.0,0,4,3,15.0,0,1.5,4.5,,,73.0,242.0,26.34466666666667,3.0,Wisconsin,2019.0,2019.0,,,,0.11764706
2022,14,00-0035125,A.Ingold,FB,MIA,LAC,0,0,0.0,0,0.0,0.0,0.0,0,0.0,0,1,0,0.0,0,0.0,0.0,,,73.0,242.0,26.34466666666667,3.0,Wisconsin,2019.0,2019.0,,,,0.041666668
2022,15,00-0035125,A.Ingold,FB,MIA,BUF,0,0,0.0,0,0.0,0.0,0.0,1,2.0,0,2,1,7.0,0,0.9,1.9,,,73.0,242.0,26.34466666666667,3.0,Wisconsin,2019.0,2019.0,,,,0.06666667
2022,16,00-0035125,A.Ingold,FB,MIA,GB,0,0,0.0,0,0.0,0.0,0.0,0,0.0,0,2,0,0.0,0,0.0,0.0,,,73.0,242.0,26.34466666666667,3.0,Wisconsin,2019.0,2019.0,,,-6.0,0.083333336
2022,17,00-0035125,A.Ingold,FB,MIA,NE,0,0,0.0,0,0.0,0.0,0.0,0,0.0,0,1,0,0.0,0,0.0,0.0,,,73.0,242.0,26.34466666666667,3.0,Wisconsin,2019.0,2019.0,,,,0.025
2022,17,00-0035133,K.Nixon,CB,GB,MIN,0,0,0.0,0,0.0,0.0,0.0,0,0.0,0,0,0,0.0,0,6.0,6.0,,,70.0,200.0,25.378647058823532,3.0,South Carolina,2019.0,2019.0,,,24.0,
2022,1,00-0035140,M.Hardman,WR,KC,ARI,0,0,0.0,0,0.0,0.0,0.0,0,0.0,0,6,3,16.0,1,7.6,10.6,,,70.0,187.0,24.6987,3.0,Georgia,2019.0,2019.0,KC,56.0,,0.15384616
2022,2,00-0035140,M.Hardman,WR,KC,LAC,0,0,0.0,0,0.0,0.0,0.0,1,-4.0,0,4,3,49.0,0,4.5,7.5,,,70.0,187.0,24.6987,3.0,Georgia,2019.0,2019.0,KC,56.0,3.0,0.11764706
2022,3,00-0035140,M.Hardman,WR,KC,IND,0,0,0.0,0,0.0,0.0,0.0,0,0.0,0,1,1,2.0,0,0.2,1.2,,,70.0,187.0,24.6987,3.0,Georgia,2019.0,2019.0,KC,56.0,,0.030303031
2022,4,00-0035140,M.Hardman,WR,KC,TB,0,0,0.0,0,0.0,0.0,0.0,0,0.0,0,1,1,4.0,0,0.4,1.4,,,70.0,187.0,24.6987,3.0,Georgia,2019.0,2019.0,KC,56.0,,0.029411765
2022,5,00-0035140,M.Hardman,WR,KC,LV,0,0,0.0,0,0.0,0.0,0.0,1,7.0,0,5,4,73.0,0,8.0,12.0,,,70.0,187.0,24.6987,3.0,Georgia,2019.0,2019.0,KC,56.0,1.0,0.11904762
2022,6,00-0035140,M.Hardman,WR,KC,BUF,0,0,0.0,0,0.0,0.0,0.0,0,0.0,0,4,3,42.0,1,10.2,13.2,,,70.0,187.0,24.6987,3.0,Georgia,2019.0,2019.0,KC,56.0,-4.0,0.114285715
2022,7,00-0035140,M.Hardman,WR,KC,SF,0,0,0.0,0,0.0,0.0,0.0,2,28.0,2,4,4,32.0,1,24.0,28.0,,,70.0,187.0,24.6987,3.0,Georgia,2019.0,2019.0,KC,56.0,,0.11764706
2022,9,00-0035140,M.Hardman,WR,KC,TEN,0,0,0.0,0,0.0,0.0,0.0,0,0.0,0,9,6,79.0,1,13.9,19.9,,,70.0,187.0,24.6987,3.0,Georgia,2019.0,2019.0,KC,56.0,3.0,0.14516129
2022,21,00-0035140,M.Hardman,WR,KC,CIN,0,0,0.0,0,0.0,0.0,0.0,2,7.0,0,3,2,10.0,0,1.7,3.7,,,70.0,187.0,24.6987,3.0,Georgia,2019.0,2019.0,KC,56.0,3.0,0.07317073
2022,1,00-0035146,T.McSorley,QB,ARI,KC,2,4,12.0,0,0.0,1.0,8.0,3,20.0,0,0,0,0.0,0,2.48,2.48,,,72.0,202.0,27.211529411764705,3.0,Penn State,2019.0,2019.0,BAL,197.0,-23.0,
2022,11,00-0035146,T.McSorley,QB,ARI,SF,6,10,59.0,0,1.0,0.0,-0.0,1,6.0,0,0,0,0.0,0,0.96,0.96,,,72.0,202.0,27.211529411764705,3.0,Penn State,2019.0,2019.0,BAL,197.0,-28.0,
2022,15,00-0035146,T.McSorley,QB,ARI,DEN,7,15,95.0,0,2.0,1.0,2.0,1,8.0,0,0,0,0.0,0,0.6,0.6,,,72.0,202.0,27.211529411764705,3.0,Penn State,2019.0,2019.0,BAL,197.0,,
2022,16,00-0035146,T.McSorley,QB,ARI,TB,24,45,217.0,0,1.0,1.0,17.0,7,14.0,0,0,0,0.0,0,4.08,4.08,,,72.0,202.0,27.211529411764705,3.0,Penn State,2019.0,2019.0,BAL,197.0,-3.0,
2022,18,00-0035146,T.McSorley,QB,ARI,SF,6,9,29.0,0,1.0,0.0,-0.0,3,13.0,0,0,0,0.0,0,0.46,0.46,,,72.0,202.0,27.211529411764705,3.0,Penn State,2019.0,2019.0,BAL,197.0,,
2022,4,00-0035156,J.Fox,P,DET,SEA,1,1,6.0,0,0.0,0.0,-0.0,0,0.0,0,0,0,0.0,0,0.24,0.24,,,74.0,224.0,26.192235294117644,3.0,Rice,2019.0,2019.0,,,-3.0,
2022,5,00-0035184,D.Ozigbo,RB,DEN,IND,0,0,0.0,0,0.0,0.0,0.0,1,2.0,0,0,0,0.0,0,0.2,0.2,,,74.0,225.0,26.0943125,3.0,Nebraska,2019.0,2019.0,,,-3.0,
2022,12,00-0035184,D.Ozigbo,RB,DEN,CAR,0,0,0.0,0,0.0,0.0,0.0,0,0.0,0,1,1,3.0,0,0.3,1.3,,,74.0,225.0,26.0943125,3.0,Nebraska,2019.0,2019.0,,,,0.03125
2022,15,00-0035184,D.Ozigbo,RB,DEN,ARI,0,0,0.0,0,0.0,0.0,0.0,2,2.0,0,0,0,0.0,0,0.2,0.2,,,74.0,225.0,26.0943125,3.0,Nebraska,2019.0,2019.0,,,9.0,
2022,1,00-0035208,O.Zaccheaus,WR,ATL,NO,0,0,0.0,0,0.0,0.0,0.0,0,0.0,0,4,4,49.0,0,2.9,6.9,,,68.0,193.0,25.293411764705883,3.0,Virginia,2019.0,2019.0,,,-1.0,0.125
2022,2,00-0035208,O.Zaccheaus,WR,ATL,LA,0,0,0.0,0,0.0,0.0,0.0,0,0.0,0,2,2,21.0,1,8.1,10.1,,,68.0,193.0,25.293411764705883,3.0,Virginia,2019.0,2019.0,,,,0.08
2022,3,00-0035208,O.Zaccheaus,WR,ATL,SEA,0,0,0.0,0,0.0,0.0,0.0,0,0.0,0,2,2,49.0,0,4.9,6.9,,,68.0,193.0,25.293411764705883,3.0,Virginia,2019.0,2019.0,,,,0.10526316
2022,4,00-0035208,O.Zaccheaus,WR,ATL,CLE,0,0,0.0,0,0.0,0.0,0.0,0,0.0,0,2,2,55.0,0,5.5,7.5,,,68.0,193.0,25.293411764705883,3.0,Virginia,2019.0,2019.0,,,3.0,0.11111111
2022,5,00-0035208,O.Zaccheaus,WR,ATL,TB,0,0,0.0,0,0.0,0.0,0.0,0,0.0,0,4,2,39.0,1,9.9,11.9,,,68.0,193.0,25.293411764705883,3.0,Virginia,2019.0,2019.0,,,,0.16666667
2022,6,00-0035208,O.Zaccheaus,WR,ATL,SF,0,0,0.0,0,0.0,0.0,0.0,0,0.0,0,4,4,58.0,0,5.8,9.8,,,68.0,193.0,25.293411764705883,3.0,Virginia,2019.0,2019.0,,,14.0,0.2857143
2022,7,00-0035208,O.Zaccheaus,WR,ATL,CIN,0,0,0.0,0,0.0,0.0,0.0,0,0.0,0,4,3,31.0,0,3.1,6.1,,,68.0,193.0,25.293411764705883,3.0,Virginia,2019.0,2019.0,,,,0.33333334
2022,8,00-0035208,O.Zaccheaus,WR,ATL,CAR,0,0,0.0,0,0.0,0.0,0.0,1,-6.0,0,1,1,10.0,0,0.4,1.4,,,68.0,193.0,25.293411764705883,3.0,Virginia,2019.0,2019.0,,,3.0,0.035714287
2022,9,00-0035208,O.Zaccheaus,WR,ATL,LAC,0,0,0.0,0,0.0,0.0,0.0,0,0.0,0,2,2,19.0,0,1.9,3.9,,,68.0,193.0,25.293411764705883,3.0,Virginia,2019.0,2019.0,,,-3.0,0.08695652
2022,10,00-0035208,O.Zaccheaus,WR,ATL,CAR,0,0,0.0,0,0.0,0.0,0.0,0,0.0,0,4,2,34.0,0,3.4,5.4,,,68.0,193.0,25.293411764705883,3.0,Virginia,2019.0,2019.0,,,,0.13793103
2022,11,00-0035208,O.Zaccheaus,WR,ATL,CHI,0,0,0.0,0,0.0,0.0,0.0,1,13.0,0,2,1,9.0,0,2.2,3.2,,,68.0,193.0,25.293411764705883,3.0,Virginia,2019.0,2019.0,,,3.0,0.11111111
2022,12,00-0035208,O.Zaccheaus,WR,ATL,WAS,0,0,0.0,0,0.0,0.0,0.0,0,0.0,0,8,5,91.0,0,9.1,14.1,,,68.0,193.0,25.293411764705883,3.0,Virginia,2019.0,2019.0,,,,0.33333334
2022,13,00-0035208,O.Zaccheaus,WR,ATL,PIT,0,0,0.0,0,0.0,0.0,0.0,0,0.0,0,5,2,13.0,0,1.3,3.3,,,68.0,193.0,25.293411764705883,3.0,Virginia,2019.0,2019.0,,,-3.0,0.20833333
2022,15,00-0035208,O.Zaccheaus,WR,ATL,NO,0,0,0.0,0,0.0,0.0,0.0,0,0.0,0,3,0,0.0,0,0.0,0.0,,,68.0,193.0,25.293411764705883,3.0,Virginia,2019.0,2019.0,,,,0.115384616
2022,16,00-0035208,O.Zaccheaus,WR,ATL,BAL,0,0,0.0,0,0.0,0.0,0.0,0,0.0,0,7,4,18.0,0,1.8,5.8,,,68.0,193.0,25.293411764705883,3.0,Virginia,2019.0,2019.0,,,,0.22580644
2022,18,00-0035208,O.Zaccheaus,WR,ATL,TB,0,0,0.0,0,0.0,0.0,0.0,0,0.0,0,7,4,37.0,1,9.7,13.7,,,68.0,193.0,25.293411764705883,3.0,Virginia,2019.0,2019.0,,,13.0,0.25
2022,1,00-0035215,D.Harty,WR,NO,ATL,0,0,0.0,0,0.0,0.0,0.0,0,0.0,0,1,1,4.0,0,0.4,1.4,,,66.0,170.0,24.926823529411763,3.0,Assumption,2019.0,2019.0,,,,0.03125
2022,2,00-0035215,D.Harty,WR,NO,TB,0,0,0.0,0,0.0,0.0,0.0,0,0.0,0,1,1,9.0,0,0.9,1.9,,,66.0,170.0,24.926823529411763,3.0,Assumption,2019.0,2019.0,,,-10.0,0.025
2022,1,00-0035216,D.Johnson,WR,PIT,CIN,0,0,0.0,0,0.0,0.0,0.0,0,0.0,0,12,7,55.0,0,5.5,12.5,,,70.0,181.0,26.34776470588235,3.0,Toledo,2019.0,2019.0,PIT,66.0,,0.3243243
2022,2,00-0035216,D.Johnson,WR,PIT,NE,0,0,0.0,0,0.0,0.0,0.0,0,0.0,0,10,6,57.0,0,7.7,13.7,,,70.0,181.0,26.34776470588235,3.0,Toledo,2019.0,2019.0,PIT,66.0,-3.0,0.3125
2022,3,00-0035216,D.Johnson,WR,PIT,CLE,0,0,0.0,0,0.0,0.0,0.0,0,0.0,0,11,8,84.0,0,8.4,16.4,,,70.0,181.0,26.34776470588235,3.0,Toledo,2019.0,2019.0,PIT,66.0,,0.34375
2022,4,00-0035216,D.Johnson,WR,PIT,NYJ,0,0,0.0,0,0.0,0.0,0.0,2,11.0,0,4,2,11.0,0,2.2,4.2,,,70.0,181.0,26.34776470588235,3.0,Toledo,2019.0,2019.0,PIT,66.0,-4.0,0.16
2022,5,00-0035216,D.Johnson,WR,PIT,BUF,0,0,0.0,0,0.0,0.0,0.0,0,0.0,0,13,5,60.0,0,6.0,11.0,,,70.0,181.0,26.34776470588235,3.0,Toledo,2019.0,2019.0,PIT,66.0,,0.25490198
2022,6,00-0035216,D.Johnson,WR,PIT,TB,0,0,0.0,0,0.0,0.0,0.0,2,8.0,0,7,5,28.0,0,3.6,8.6,,,70.0,181.0,26.34776470588235,3.0,Toledo,2019.0,2019.0,PIT,66.0,2.0,0.25925925
2022,7,00-0035216,D.Johnson,WR,PIT,MIA,0,0,0.0,0,0.0,0.0,0.0,1,3.0,0,10,5,42.0,0,4.5,9.5,,,70.0,181.0,26.34776470588235,3.0,Toledo,2019.0,2019.0,PIT,66.0,,0.23809524
2022,8,00-0035216,D.Johnson,WR,PIT,PHI,0,0,0.0,0,0.0,0.0,0.0,0,0.0,0,9,5,35.0,0,3.5,8.5,,,70.0,181.0,26.34776470588235,3.0,Toledo,2019.0,2019.0,PIT,66.0,,0.225
2022,10,00-0035216,D.Johnson,WR,PIT,NO,0,0,0.0,0,0.0,0.0,0.0,0,0.0,0,5,4,63.0,0,6.3,10.3,,,70.0,181.0,26.34776470588235,3.0,Toledo,2019.0,2019.0,PIT,66.0,10.0,0.1923077
2022,11,00-0035216,D.Johnson,WR,PIT,CIN,0,0,0.0,0,0.0,0.0,0.0,1,1.0,0,5,4,21.0,0,2.2,6.2,,,70.0,181.0,26.34776470588235,3.0,Toledo,2019.0,2019.0,PIT,66.0,-7.0,0.13157895
2022,12,00-0035216,D.Johnson,WR,PIT,IND,0,0,0.0,0,0.0,0.0,0.0,0,0.0,0,8,5,49.0,0,4.9,9.9,,,70.0,181.0,26.34776470588235,3.0,Toledo,2019.0,2019.0,PIT,66.0,,0.2857143
2022,13,00-0035216,D.Johnson,WR,PIT,ATL,0,0,0.0,0,0.0,0.0,0.0,0,0.0,0,11,5,60.0,0,6.0,11.0,,,70.0,181.0,26.34776470588235,3.0,Toledo,2019.0,2019.0,PIT,66.0,,0.4074074
2022,14,00-0035216,D.Johnson,WR,PIT,BAL,0,0,0.0,0,0.0,0.0,0.0,0,0.0,0,8,6,82.0,0,8.2,14.2,,,70.0,181.0,26.34776470588235,3.0,Toledo,2019.0,2019.0,PIT,66.0,-2.0,0.2580645
2022,15,00-0035216,D.Johnson,WR,PIT,CAR,0,0,0.0,0,0.0,0.0,0.0,1,2.0,0,10,10,98.0,0,10.0,20.0,,,70.0,181.0,26.34776470588235,3.0,Toledo,2019.0,2019.0,PIT,66.0,,0.47619048
2022,16,00-0035216,D.Johnson,WR,PIT,LV,0,0,0.0,0,0.0,0.0,0.0,0,0.0,0,7,5,64.0,0,6.4,11.4,,,70.0,181.0,26.34776470588235,3.0,Toledo,2019.0,2019.0,PIT,66.0,3.0,0.19444445
2022,17,00-0035216,D.Johnson,WR,PIT,BAL,0,0,0.0,0,0.0,0.0,0.0,0,0.0,0,7,2,35.0,0,3.5,5.5,,,70.0,181.0,26.34776470588235,3.0,Toledo,2019.0,2019.0,PIT,66.0,,0.25925925
2022,18,00-0035216,D.Johnson,WR,PIT,CLE,0,0,0.0,0,0.0,0.0,0.0,0,0.0,0,10,2,38.0,0,5.8,7.8,,,70.0,181.0,26.34776470588235,3.0,Toledo,2019.0,2019.0,PIT,66.0,14.0,0.35714287
2022,12,00-0035217,B.Snell,RB,PIT,IND,0,0,0.0,0,0.0,0.0,0.0,12,62.0,1,1,1,6.0,0,12.8,13.8,,,70.0,223.0,24.69958823529412,3.0,Kentucky,2019.0,2019.0,PIT,122.0,,0.035714287
2022,13,00-0035217,B.Snell,RB,PIT,ATL,0,0,0.0,0,0.0,0.0,0.0,6,24.0,0,1,1,11.0,0,3.5,4.5,,,70.0,223.0,24.69958823529412,3.0,Kentucky,2019.0,2019.0,PIT,122.0,,0.037037037
2022,14,00-0035217,B.Snell,RB,PIT,BAL,0,0,0.0,0,0.0,0.0,0.0,2,4.0,0,0,0,0.0,0,0.4,0.4,,,70.0,223.0,24.69958823529412,3.0,Kentucky,2019.0,2019.0,PIT,122.0,-2.0,
2022,1,00-0035222,Z.Gentry,TE,PIT,CIN,0,0,0.0,0,0.0,0.0,0.0,0,0.0,0,2,2,40.0,0,4.0,6.0,,,80.0,265.0,26.16435294117647,3.0,Michigan,2019.0,2019.0,PIT,141.0,,0.054054055
2022,4,00-0035222,Z.Gentry,TE,PIT,NYJ,0,0,0.0,0,0.0,0.0,0.0,0,0.0,0,1,1,2.0,0,0.2,1.2,,,80.0,265.0,26.16435294117647,3.0,Michigan,2019.0,2019.0,PIT,141.0,-4.0,0.04
2022,5,00-0035222,Z.Gentry,TE,PIT,BUF,0,0,0.0,0,0.0,0.0,0.0,0,0.0,0,6,5,43.0,0,4.3,9.3,,,80.0,265.0,26.16435294117647,3.0,Michigan,2019.0,2019.0,PIT,141.0,,0.11764706
2022,6,00-0035222,Z.Gentry,TE,PIT,TB,0,0,0.0,0,0.0,0.0,0.0,0,0.0,0,1,1,4.0,0,0.4,1.4,,,80.0,265.0,26.16435294117647,3.0,Michigan,2019.0,2019.0,PIT,141.0,2.0,0.037037037
2022,7,00-0035222,Z.Gentry,TE,PIT,MIA,0,0,0.0,0,0.0,0.0,0.0,0,0.0,0,2,2,0.0,0,0.0,2.0,,,80.0,265.0,26.16435294117647,3.0,Michigan,2019.0,2019.0,PIT,141.0,,0.04761905
2022,8,00-0035222,Z.Gentry,TE,PIT,PHI,0,0,0.0,0,0.0,0.0,0.0,0,0.0,0,1,1,3.0,0,0.3,1.3,,,80.0,265.0,26.16435294117647,3.0,Michigan,2019.0,2019.0,PIT,141.0,,0.025
2022,10,00-0035222,Z.Gentry,TE,PIT,NO,0,0,0.0,0,0.0,0.0,0.0,0,0.0,0,1,0,0.0,0,0.0,0.0,,,80.0,265.0,26.16435294117647,3.0,Michigan,2019.0,2019.0,PIT,141.0,10.0,0.03846154
2022,11,00-0035222,Z.Gentry,TE,PIT,CIN,0,0,0.0,0,0.0,0.0,0.0,0,0.0,0,3,2,8.0,0,0.8,2.8,,,80.0,265.0,26.16435294117647,3.0,Michigan,2019.0,2019.0,PIT,141.0,-7.0,0.078947365
2022,12,00-0035222,Z.Gentry,TE,PIT,IND,0,0,0.0,0,0.0,0.0,0.0,0,0.0,0,1,1,-4.0,0,-0.4,0.6,,,80.0,265.0,26.16435294117647,3.0,Michigan,2019.0,2019.0,PIT,141.0,,0.035714287
2022,13,00-0035222,Z.Gentry,TE,PIT,ATL,0,0,0.0,0,0.0,0.0,0.0,0,0.0,0,1,1,8.0,0,0.8,1.8,,,80.0,265.0,26.16435294117647,3.0,Michigan,2019.0,2019.0,PIT,141.0,,0.037037037
2022,14,00-0035222,Z.Gentry,TE,PIT,BAL,0,0,0.0,0,0.0,0.0,0.0,0,0.0,0,1,0,0.0,0,0.0,0.0,,,80.0,265.0,26.16435294117647,3.0,Michigan,2019.0,2019.0,PIT,141.0,-2.0,0.032258064
2022,15,00-0035222,Z.Gentry,TE,PIT,CAR,0,0,0.0,0,0.0,0.0,0.0,0,0.0,0,1,1,4.0,0,0.4,1.4,,,80.0,265.0,26.16435294117647,3.0,Michigan,2019.0,2019.0,PIT,141.0,,0.04761905
2022,16,00-0035222,Z.Gentry,TE,PIT,LV,0,0,0.0,0,0.0,0.0,0.0,0,0.0,0,1,1,1.0,0,0.1,1.1,,,80.0,265.0,26.16435294117647,3.0,Michigan,2019.0,2019.0,PIT,141.0,3.0,0.027777778
2022,18,00-0035222,Z.Gentry,TE,PIT,CLE,0,0,0.0,0,0.0,0.0,0.0,0,0.0,0,1,1,23.0,0,2.3,3.3,,,80.0,265.0,26.16435294117647,3.0,Michigan,2019.0,2019.0,PIT,141.0,14.0,0.035714287
2022,1,00-0035228,K.Murray,QB,ARI,KC,22,34,193.0,2,0.0,2.0,18.0,5,29.0,0,0,0,0.0,0,20.62,20.62,,,70.0,207.0,25.25394117647059,3.0,Oklahoma,2019.0,2019.0,ARI,1.0,-23.0,
2022,2,00-0035228,K.Murray,QB,ARI,LV,31,49,277.0,1,1.0,1.0,7.0,5,28.0,1,0,0,0.0,0,25.88,25.88,,,70.0,207.0,25.25394117647059,3.0,Oklahoma,2019.0,2019.0,ARI,1.0,,
2022,3,00-0035228,K.Murray,QB,ARI,LA,37,58,314.0,0,0.0,2.0,19.0,2,8.0,0,0,0,0.0,0,13.36,13.36,,,70.0,207.0,25.25394117647059,3.0,Oklahoma,2019.0,2019.0,ARI,1.0,-8.0,
2022,4,00-0035228,K.Murray,QB,ARI,CAR,23,32,207.0,2,1.0,1.0,1.0,12,26.0,1,0,0,0.0,0,22.88,22.88,,,70.0,207.0,25.25394117647059,3.0,Oklahoma,2019.0,2019.0,ARI,1.0,,
2022,5,00-0035228,K.Murray,QB,ARI,PHI,28,42,250.0,1,1.0,1.0,11.0,4,42.0,0,0,0,0.0,0,16.2,16.2,,,70.0,207.0,25.25394117647059,3.0,Oklahoma,2019.0,2019.0,ARI,1.0,-3.0,
2022,6,00-0035228,K.Murray,QB,ARI,SEA,23,37,222.0,0,1.0,6.0,51.0,10,100.0,0,0,0,0.0,0,14.88,14.88,,,70.0,207.0,25.25394117647059,3.0,Oklahoma,2019.0,2019.0,ARI,1.0,,
2022,7,00-0035228,K.Murray,QB,ARI,NO,20,29,204.0,1,0.0,2.0,15.0,7,30.0,0,0,0,0.0,0,17.16,17.16,,,70.0,207.0,25.25394117647059,3.0,Oklahoma,2019.0,2019.0,ARI,1.0,8.0,
2022,8,00-0035228,K.Murray,QB,ARI,MIN,31,44,326.0,3,2.0,4.0,29.0,6,36.0,0,0,0,0.0,0,24.64,24.64,,,70.0,207.0,25.25394117647059,3.0,Oklahoma,2019.0,2019.0,ARI,1.0,,
2022,9,00-0035228,K.Murray,QB,ARI,SEA,25,35,175.0,2,0.0,5.0,35.0,8,60.0,0,0,0,0.0,0,19.0,19.0,,,70.0,207.0,25.25394117647059,3.0,Oklahoma,2019.0,2019.0,ARI,1.0,-10.0,
2022,12,00-0035228,K.Murray,QB,ARI,LAC,18,29,191.0,2,1.0,1.0,6.0,7,56.0,1,0,0,0.0,0,25.24,25.24,,,70.0,207.0,25.25394117647059,3.0,Oklahoma,2019.0,2019.0,ARI,1.0,-1.0,
2022,14,00-0035228,K.Murray,QB,ARI,NE,1,1,9.0,0,0.0,0.0,-0.0,1,3.0,0,0,0,0.0,0,0.66,0.66,,,70.0,207.0,25.25394117647059,3.0,Oklahoma,2019.0,2019.0,ARI,1.0,-14.0,
2022,1,00-0035229,T.Hockenson,TE,DET,PHI,0,0,0.0,0,0.0,0.0,0.0,0,0.0,0,7,4,38.0,0,3.8,7.8,,,77.0,248.0,25.367,3.0,Iowa,2019.0,2019.0,DET,8.0,-3.0,0.1891892
2022,2,00-0035229,T.Hockenson,TE,DET,WAS,0,0,0.0,0,0.0,0.0,0.0,0,0.0,0,7,3,26.0,0,2.6,5.6,,,77.0,248.0,25.367,3.0,Iowa,2019.0,2019.0,DET,8.0,9.0,0.20588236
2022,3,00-0035229,T.Hockenson,TE,DET,MIN,0,0,0.0,0,0.0,0.0,0.0,0,0.0,0,4,3,18.0,1,7.8,10.8,,,77.0,248.0,25.367,3.0,Iowa,2019.0,2019.0,DET,8.0,,0.10810811
2022,4,00-0035229,T.Hockenson,TE,DET,SEA,0,0,0.0,0,0.0,0.0,0.0,0,0.0,0,12,8,179.0,2,31.9,39.9,,,77.0,248.0,25.367,3.0,Iowa,2019.0,2019.0,DET,8.0,-3.0,0.30769232
2022,5,00-0035229,T.Hockenson,TE,DET,NE,0,0,0.0,0,0.0,0.0,0.0,0,0.0,0,4,1,6.0,0,0.6,1.6,,,77.0,248.0,25.367,3.0,Iowa,2019.0,2019.0,DET,8.0,,0.12903225
2022,7,00-0035229,T.Hockenson,TE,DET,DAL,0,0,0.0,0,0.0,0.0,0.0,0,0.0,0,5,4,48.0,0,4.8,8.8,,,77.0,248.0,25.367,3.0,Iowa,2019.0,2019.0,DET,8.0,,0.2
2022,8,00-0035229,T.Hockenson,TE,DET,MIA,0,0,0.0,0,0.0,0.0,0.0,0,0.0,0,4,3,80.0,0,8.0,11.0,,,77.0,248.0,25.367,3.0,Iowa,2019.0,2019.0,DET,8.0,-4.0,0.10810811
2022,9,00-0035229,T.Hockenson,TE,MIN,WAS,0,0,0.0,0,0.0,0.0,0.0,0,0.0,0,9,9,70.0,0,7.0,16.0,,,77.0,248.0,25.367,3.0,Iowa,2019.0,2019.0,DET,8.0,,0.23076923
2022,10,00-0035229,T.Hockenson,TE,MIN,BUF,0,0,0.0,0,0.0,0.0,0.0,0,0.0,0,10,7,45.0,0,4.5,11.5,,,77.0,248.0,25.367,3.0,Iowa,2019.0,2019.0,DET,8.0,,0.2
2022,11,00-0035229,T.Hockenson,TE,MIN,DAL,0,0,0.0,0,0.0,0.0,0.0,0,0.0,0,9,5,34.0,0,3.4,8.4,,,77.0,248.0,25.367,3.0,Iowa,2019.0,2019.0,DET,8.0,-37.0,0.32142857
2022,12,00-0035229,T.Hockenson,TE,MIN,NE,0,0,0.0,0,0.0,0.0,0.0,0,0.0,0,6,5,43.0,1,10.3,15.3,,,77.0,248.0,25.367,3.0,Iowa,2019.0,2019.0,DET,8.0,7.0,0.16216215
2022,13,00-0035229,T.Hockenson,TE,MIN,NYJ,0,0,0.0,0,0.0,0.0,0.0,0,0.0,0,6,4,33.0,0,3.3,7.3,,,77.0,248.0,25.367,3.0,Iowa,2019.0,2019.0,DET,8.0,5.0,0.18181819
2022,14,00-0035229,T.Hockenson,TE,MIN,DET,0,0,0.0,0,0.0,0.0,0.0,0,0.0,0,8,6,77.0,0,5.7,11.7,,,77.0,248.0,25.367,3.0,Iowa,2019.0,2019.0,DET,8.0,,0.2
2022,15,00-0035229,T.Hockenson,TE,MIN,IND,0,0,0.0,0,0.0,0.0,0.0,0,0.0,0,9,3,33.0,0,5.3,8.3,,,77.0,248.0,25.367,3.0,Iowa,2019.0,2019.0,DET,8.0,3.0,0.16666667
2022,16,00-0035229,T.Hockenson,TE,MIN,NYG,0,0,0.0,0,0.0,0.0,0.0,0,0.0,0,16,13,109.0,2,22.9,35.9,,,77.0,248.0,25.367,3.0,Iowa,2019.0,2019.0,DET,8.0,3.0,0.34042552
2022,17,00-0035229,T.Hockenson,TE,MIN,GB,0,0,0.0,0,0.0,0.0,0.0,0,0.0,0,12,7,59.0,0,5.9,12.9,,,77.0,248.0,25.367,3.0,Iowa,2019.0,2019.0,DET,8.0,,0.34285715
2022,18,00-0035229,T.Hockenson,TE,MIN,CHI,0,0,0.0,0,0.0,0.0,0.0,0,0.0,0,1,1,16.0,0,1.6,2.6,,,77.0,248.0,25.367,3.0,Iowa,2019.0,2019.0,DET,8.0,,0.03125
2022,19,00-0035229,T.Hockenson,TE,MIN,NYG,0,0,0.0,0,0.0,0.0,0.0,0,0.0,0,11,10,129.0,0,12.9,22.9,,,77.0,248.0,25.367,3.0,Iowa,2019.0,2019.0,DET,8.0,-7.0,0.2820513
2022,1,00-0035243,M.Sanders,RB,PHI,DET,0,0,0.0,0,0.0,0.0,0.0,13,96.0,1,2,2,9.0,0,16.5,18.5,,,71.0,211.0,25.562350000000002,3.0,Penn State,2019.0,2019.0,PHI,53.0,,0.06896552
2022,2,00-0035243,M.Sanders,RB,PHI,MIN,0,0,0.0,0,0.0,0.0,0.0,17,80.0,0,3,3,6.0,0,8.6,11.6,,,71.0,211.0,25.562350000000002,3.0,Penn State,2019.0,2019.0,PHI,53.0,17.0,0.09677419
2022,3,00-0035243,M.Sanders,RB,PHI,WAS,0,0,0.0,0,0.0,0.0,0.0,15,46.0,0,1,1,-2.0,0,4.4,5.4,,,71.0,211.0,25.562350000000002,3.0,Penn State,2019.0,2019.0,PHI,53.0,,0.029411765
2022,4,00-0035243,M.Sanders,RB,PHI,JAX,0,0,0.0,0,0.0,0.0,0.0,27,134.0,2,3,2,22.0,0,27.6,29.6,,,71.0,211.0,25.562350000000002,3.0,Penn State,2019.0,2019.0,PHI,53.0,8.0,0.125
2022,5,00-0035243,M.Sanders,RB,PHI,ARI,0,0,0.0,0,0.0,0.0,0.0,15,58.0,0,3,2,6.0,0,6.4,8.4,,,71.0,211.0,25.562350000000002,3.0,Penn State,2019.0,2019.0,PHI,53.0,,0.0882353
2022,6,00-0035243,M.Sanders,RB,PHI,DAL,0,0,0.0,0,0.0,0.0,0.0,18,71.0,1,1,1,1.0,0,13.2,14.2,,,71.0,211.0,25.562350000000002,3.0,Penn State,2019.0,2019.0,PHI,53.0,9.0,0.045454547
2022,8,00-0035243,M.Sanders,RB,PHI,PIT,0,0,0.0,0,0.0,0.0,0.0,9,78.0,1,0,0,0.0,0,13.8,13.8,,,71.0,211.0,25.562350000000002,3.0,Penn State,2019.0,2019.0,PHI,53.0,22.0,
2022,9,00-0035243,M.Sanders,RB,PHI,HOU,0,0,0.0,0,0.0,0.0,0.0,17,93.0,1,0,0,0.0,0,15.3,15.3,,,71.0,211.0,25.562350000000002,3.0,Penn State,2019.0,2019.0,PHI,53.0,,
2022,10,00-0035243,M.Sanders,RB,PHI,WAS,0,0,0.0,0,0.0,0.0,0.0,12,54.0,0,1,0,0.0,0,5.4,5.4,,,71.0,211.0,25.562350000000002,3.0,Penn State,2019.0,2019.0,PHI,53.0,-11.0,0.04
2022,11,00-0035243,M.Sanders,RB,PHI,IND,0,0,0.0,0,0.0,0.0,0.0,13,47.0,0,1,1,1.0,0,4.8,5.8,,,71.0,211.0,25.562350000000002,3.0,Penn State,2019.0,2019.0,PHI,53.0,,0.04347826
2022,12,00-0035243,M.Sanders,RB,PHI,GB,0,0,0.0,0,0.0,0.0,0.0,21,143.0,2,3,3,17.0,0,28.0,31.0,,,71.0,211.0,25.562350000000002,3.0,Penn State,2019.0,2019.0,PHI,53.0,7.0,0.12
2022,13,00-0035243,M.Sanders,RB,PHI,TEN,0,0,0.0,0,0.0,0.0,0.0,10,24.0,1,2,2,14.0,0,9.8,11.8,,,71.0,211.0,25.562350000000002,3.0,Penn State,2019.0,2019.0,PHI,53.0,25.0,0.05263158
2022,14,00-0035243,M.Sanders,RB,PHI,NYG,0,0,0.0,0,0.0,0.0,0.0,17,144.0,2,3,1,11.0,0,27.5,28.5,,,71.0,211.0,25.562350000000002,3.0,Penn State,2019.0,2019.0,PHI,53.0,,0.09677419
2022,15,00-0035243,M.Sanders,RB,PHI,CHI,0,0,0.0,0,0.0,0.0,0.0,11,42.0,0,1,1,-13.0,0,0.9,1.9,,,71.0,211.0,25.562350000000002,3.0,Penn State,2019.0,2019.0,PHI,53.0,,0.027027028
2022,16,00-0035243,M.Sanders,RB,PHI,DAL,0,0,0.0,0,0.0,0.0,0.0,21,65.0,0,1,1,6.0,0,5.1,6.1,,,71.0,211.0,25.562350000000002,3.0,Penn State,2019.0,2019.0,PHI,53.0,,0.029411765
2022,17,00-0035243,M.Sanders,RB,PHI,NO,0,0,0.0,0,0.0,0.0,0.0,12,61.0,0,0,0,0.0,0,6.1,6.1,,,71.0,211.0,25.562350000000002,3.0,Penn State,2019.0,2019.0,PHI,53.0,-10.0,
2022,18,00-0035243,M.Sanders,RB,PHI,NYG,0,0,0.0,0,0.0,0.0,0.0,11,33.0,0,1,0,0.0,0,3.3,3.3,,,71.0,211.0,25.562350000000002,3.0,Penn State,2019.0,2019.0,PHI,53.0,6.0,0.032258064
2022,20,00-0035243,M.Sanders,RB,PHI,NYG,0,0,0.0,0,0.0,0.0,0.0,17,90.0,0,0,0,0.0,0,9.0,9.0,,,71.0,211.0,25.562350000000002,3.0,Penn State,2019.0,2019.0,PHI,53.0,31.0,
2022,21,00-0035243,M.Sanders,RB,PHI,SF,0,0,0.0,0,0.0,0.0,0.0,11,42.0,2,1,1,3.0,0,16.5,17.5,,,71.0,211.0,25.562350000000002,3.0,Penn State,2019.0,2019.0,PHI,53.0,24.0,0.041666668
2022,22,00-0035243,M.Sanders,RB,PHI,KC,0,0,0.0,0,0.0,0.0,0.0,7,16.0,0,1,0,0.0,0,1.6,1.6,,,71.0,211.0,25.562350000000002,3.0,Penn State,2019.0,2019.0,PHI,53.0,-3.0,0.029411765
2022,3,00-0035249,J.Oliver,TE,BAL,NE,0,0,0.0,0,0.0,0.0,0.0,0,0.0,0,2,2,8.0,1,6.8,8.8,,,77.0,250.0,25.647666666666666,3.0,San Jose State,2019.0,2019.0,JAX,69.0,,0.074074075
2022,5,00-0035249,J.Oliver,TE,BAL,CIN,0,0,0.0,0,0.0,0.0,0.0,0,0.0,0,1,0,0.0,0,0.0,0.0,,,77.0,250.0,25.647666666666666,3.0,San Jose State,2019.0,2019.0,JAX,69.0,2.0,0.037037037
2022,6,00-0035249,J.Oliver,TE,BAL,NYG,0,0,0.0,0,0.0,0.0,0.0,0,0.0,0,3,2,21.0,0,2.1,4.1,,,77.0,250.0,25.647666666666666,3.0,San Jose State,2019.0,2019.0,JAX,69.0,,0.09375
2022,7,00-0035249,J.Oliver,TE,BAL,CLE,0,0,0.0,0,0.0,0.0,0.0,0,0.0,0,1,0,0.0,0,0.0,0.0,,,77.0,250.0,25.647666666666666,3.0,San Jose State,2019.0,2019.0,JAX,69.0,3.0,0.0625
2022,8,00-0035249,J.Oliver,TE,BAL,TB,0,0,0.0,0,0.0,0.0,0.0,0,0.0,0,1,1,4.0,0,0.4,1.4,,,77.0,250.0,25.647666666666666,3.0,San Jose State,2019.0,2019.0,JAX,69.0,,0.029411765
2022,9,00-0035249,J.Oliver,TE,BAL,NO,0,0,0.0,0,0.0,0.0,0.0,0,0.0,0,3,1,19.0,0,1.9,2.9,,,77.0,250.0,25.647666666666666,3.0,San Jose State,2019.0,2019.0,JAX,69.0,,0.13636364
2022,11,00-0035249,J.Oliver,TE,BAL,CAR,0,0,0.0,0,0.0,0.0,0.0,0,0.0,0,1,1,2.0,0,0.2,1.2,,,77.0,250.0,25.647666666666666,3.0,San Jose State,2019.0,2019.0,JAX,69.0,10.0,0.03125
2022,12,00-0035249,J.Oliver,TE,BAL,JAX,0,0,0.0,0,0.0,0.0,0.0,0,0.0,0,6,4,76.0,1,13.6,17.6,,,77.0,250.0,25.647666666666666,3.0,San Jose State,2019.0,2019.0,JAX,69.0,,0.2
2022,15,00-0035249,J.Oliver,TE,BAL,CLE,0,0,0.0,0,0.0,0.0,0.0,0,0.0,0,2,2,13.0,0,1.3,3.3,,,77.0,250.0,25.647666666666666,3.0,San Jose State,2019.0,2019.0,JAX,69.0,,0.071428575
2022,16,00-0035249,J.Oliver,TE,BAL,ATL,0,0,0.0,0,0.0,0.0,0.0,0,0.0,0,3,1,6.0,0,0.6,1.6,,,77.0,250.0,25.647666666666666,3.0,San Jose State,2019.0,2019.0,JAX,69.0,8.0,0.1875
2022,17,00-0035249,J.Oliver,TE,BAL,PIT,0,0,0.0,0,0.0,0.0,0.0,0,0.0,0,1,0,0.0,0,0.0,0.0,,,77.0,250.0,25.647666666666666,3.0,San Jose State,2019.0,2019.0,JAX,69.0,-3.0,0.05
2022,18,00-0035249,J.Oliver,TE,BAL,CIN,0,0,0.0,0,0.0,0.0,0.0,0,0.0,0,1,0,0.0,0,0.0,0.0,,,77.0,250.0,25.647666666666666,3.0,San Jose State,2019.0,2019.0,JAX,69.0,,0.023809524
2022,19,00-0035249,J.Oliver,TE,BAL,CIN,0,0,0.0,0,0.0,0.0,0.0,0,0.0,0,2,2,26.0,0,2.6,4.6,,,77.0,250.0,25.647666666666666,3.0,San Jose State,2019.0,2019.0,JAX,69.0,,0.071428575
2022,1,00-0035250,D.Singletary,RB,BUF,LA,0,0,0.0,0,0.0,0.0,0.0,8,48.0,0,2,2,14.0,0,6.2,8.2,,,67.0,203.0,25.19861111111111,3.0,Florida Atlantic,2019.0,2019.0,BUF,74.0,,0.06451613
2022,2,00-0035250,D.Singletary,RB,BUF,TEN,0,0,0.0,0,0.0,0.0,0.0,6,19.0,0,3,2,2.0,0,2.1,4.1,,,67.0,203.0,25.19861111111111,3.0,Florida Atlantic,2019.0,2019.0,BUF,74.0,34.0,0.07692308
2022,3,00-0035250,D.Singletary,RB,BUF,MIA,0,0,0.0,0,0.0,0.0,0.0,9,13.0,0,11,9,78.0,1,15.1,24.1,,,67.0,203.0,25.19861111111111,3.0,Florida Atlantic,2019.0,2019.0,BUF,74.0,,0.19298245
2022,4,00-0035250,D.Singletary,RB,BUF,BAL,0,0,0.0,0,0.0,0.0,0.0,11,49.0,0,5,4,47.0,0,7.6,11.6,,,67.0,203.0,25.19861111111111,3.0,Florida Atlantic,2019.0,2019.0,BUF,74.0,,0.14705883
2022,5,00-0035250,D.Singletary,RB,BUF,PIT,0,0,0.0,0,0.0,0.0,0.0,6,42.0,0,2,1,4.0,0,4.6,5.6,,,67.0,203.0,25.19861111111111,3.0,Florida Atlantic,2019.0,2019.0,BUF,74.0,35.0,0.055555556
2022,6,00-0035250,D.Singletary,RB,BUF,KC,0,0,0.0,0,0.0,0.0,0.0,17,85.0,0,5,4,22.0,0,10.7,14.7,,,67.0,203.0,25.19861111111111,3.0,Florida Atlantic,2019.0,2019.0,BUF,74.0,,0.13157895
2022,8,00-0035250,D.Singletary,RB,BUF,GB,0,0,0.0,0,0.0,0.0,0.0,14,67.0,0,2,1,16.0,0,8.3,9.3,,,67.0,203.0,25.19861111111111,3.0,Florida Atlantic,2019.0,2019.0,BUF,74.0,10.0,0.08
2022,9,00-0035250,D.Singletary,RB,BUF,NYJ,0,0,0.0,0,0.0,0.0,0.0,8,24.0,0,5,4,24.0,0,4.8,8.8,,,67.0,203.0,25.19861111111111,3.0,Florida Atlantic,2019.0,2019.0,BUF,74.0,,0.15151516
2022,10,00-0035250,D.Singletary,RB,BUF,MIN,0,0,0.0,0,0.0,0.0,0.0,13,47.0,2,2,1,0.0,0,14.7,15.7,,,67.0,203.0,25.19861111111111,3.0,Florida Atlantic,2019.0,2019.0,BUF,74.0,-3.0,0.048780486
2022,11,00-0035250,D.Singletary,RB,BUF,CLE,0,0,0.0,0,0.0,0.0,0.0,18,86.0,1,2,2,11.0,0,15.7,17.7,,,67.0,203.0,25.19861111111111,3.0,Florida Atlantic,2019.0,2019.0,BUF,74.0,8.0,0.083333336
2022,12,00-0035250,D.Singletary,RB,BUF,DET,0,0,0.0,0,0.0,0.0,0.0,14,72.0,0,1,1,8.0,0,8.0,9.0,,,67.0,203.0,25.19861111111111,3.0,Florida Atlantic,2019.0,2019.0,BUF,74.0,,0.025641026
2022,13,00-0035250,D.Singletary,RB,BUF,NE,0,0,0.0,0,0.0,0.0,0.0,13,51.0,1,2,0,0.0,0,11.1,11.1,,,67.0,203.0,25.19861111111111,3.0,Florida Atlantic,2019.0,2019.0,BUF,74.0,,0.060606062
2022,14,00-0035250,D.Singletary,RB,BUF,NYJ,0,0,0.0,0,0.0,0.0,0.0,8,39.0,0,2,1,4.0,0,4.3,5.3,,,67.0,203.0,25.19861111111111,3.0,Florida Atlantic,2019.0,2019.0,BUF,74.0,8.0,0.074074075
2022,15,00-0035250,D.Singletary,RB,BUF,MIA,0,0,0.0,0,0.0,0.0,0.0,13,42.0,0,4,3,28.0,0,7.0,10.0,,,67.0,203.0,25.19861111111111,3.0,Florida Atlantic,2019.0,2019.0,BUF,74.0,3.0,0.10526316
2022,16,00-0035250,D.Singletary,RB,BUF,CHI,0,0,0.0,0,0.0,0.0,0.0,12,106.0,1,3,2,19.0,0,18.5,20.5,,,67.0,203.0,25.19861111111111,3.0,Florida Atlantic,2019.0,2019.0,BUF,74.0,,0.12
2022,18,00-0035250,D.Singletary,RB,BUF,NE,0,0,0.0,0,0.0,0.0,0.0,7,29.0,0,1,1,3.0,0,1.2,2.2,,,67.0,203.0,25.19861111111111,3.0,Florida Atlantic,2019.0,2019.0,BUF,74.0,12.0,0.032258064
2022,19,00-0035250,D.Singletary,RB,BUF,MIA,0,0,0.0,0,0.0,0.0,0.0,10,48.0,0,0,0,0.0,0,4.8,4.8,,,67.0,203.0,25.19861111111111,3.0,Florida Atlantic,2019.0,2019.0,BUF,74.0,3.0,
2022,20,00-0035250,D.Singletary,RB,BUF,CIN,0,0,0.0,0,0.0,0.0,0.0,6,25.0,0,8,5,37.0,0,6.2,11.2,,,67.0,203.0,25.19861111111111,3.0,Florida Atlantic,2019.0,2019.0,BUF,74.0,-17.0,0.2
2022,4,00-0035259,T.Wesco,TE,CHI,NYG,0,0,0.0,0,0.0,0.0,0.0,0,0.0,0,2,1,23.0,0,2.3,3.3,,,75.0,267.0,27.15535294117647,3.0,West Virginia,2019.0,2019.0,NYJ,121.0,,0.1
2022,9,00-0035259,T.Wesco,TE,CHI,MIA,0,0,0.0,0,0.0,0.0,0.0,0,0.0,0,0,0,0.0,0,2.0,2.0,,,75.0,267.0,27.15535294117647,3.0,West Virginia,2019.0,2019.0,NYJ,121.0,-3.0,
2022,10,00-0035259,T.Wesco,TE,CHI,DET,0,0,0.0,0,0.0,0.0,0.0,0,0.0,0,1,0,0.0,0,0.0,0.0,,,75.0,267.0,27.15535294117647,3.0,West Virginia,2019.0,2019.0,NYJ,121.0,-1.0,0.055555556
2022,12,00-0035259,T.Wesco,TE,CHI,NYJ,0,0,0.0,0,0.0,0.0,0.0,0,0.0,0,1,1,3.0,0,0.3,1.3,,,75.0,267.0,27.15535294117647,3.0,West Virginia,2019.0,2019.0,NYJ,121.0,,0.041666668
2022,1,00-0035261,T.Pollard,RB,DAL,TB,0,0,0.0,0,0.0,0.0,0.0,6,8.0,0,2,2,14.0,0,2.2,4.2,,,72.0,209.0,25.549,3.0,Memphis,2019.0,2019.0,DAL,128.0,-16.0,0.048780486
2022,2,00-0035261,T.Pollard,RB,DAL,CIN,0,0,0.0,0,0.0,0.0,0.0,9,43.0,1,7,4,55.0,0,15.8,19.8,,,72.0,209.0,25.549,3.0,Memphis,2019.0,2019.0,DAL,128.0,3.0,0.23333333
2022,3,00-0035261,T.Pollard,RB,DAL,NYG,0,0,0.0,0,0.0,0.0,0.0,13,105.0,0,1,0,0.0,0,10.5,10.5,,,72.0,209.0,25.549,3.0,Memphis,2019.0,2019.0,DAL,128.0,,0.033333335
2022,4,00-0035261,T.Pollard,RB,DAL,WAS,0,0,0.0,0,0.0,0.0,0.0,8,6.0,0,3,1,2.0,0,0.8,1.8,,,72.0,209.0,25.549,3.0,Memphis,2019.0,2019.0,DAL,128.0,15.0,0.115384616
2022,5,00-0035261,T.Pollard,RB,DAL,LA,0,0,0.0,0,0.0,0.0,0.0,8,86.0,1,0,0,0.0,0,14.6,14.6,,,72.0,209.0,25.549,3.0,Memphis,2019.0,2019.0,DAL,128.0,,
2022,6,00-0035261,T.Pollard,RB,DAL,PHI,0,0,0.0,0,0.0,0.0,0.0,11,44.0,0,3,2,8.0,0,5.2,7.2,,,72.0,209.0,25.549,3.0,Memphis,2019.0,2019.0,DAL,128.0,,0.08108108
2022,7,00-0035261,T.Pollard,RB,DAL,DET,0,0,0.0,0,0.0,0.0,0.0,12,83.0,0,2,2,26.0,0,10.9,12.9,,,72.0,209.0,25.549,3.0,Memphis,2019.0,2019.0,DAL,128.0,18.0,0.08
2022,8,00-0035261,T.Pollard,RB,DAL,CHI,0,0,0.0,0,0.0,0.0,0.0,14,131.0,3,1,1,16.0,0,32.7,33.7,,,72.0,209.0,25.549,3.0,Memphis,2019.0,2019.0,DAL,128.0,20.0,0.03846154
2022,10,00-0035261,T.Pollard,RB,DAL,GB,0,0,0.0,0,0.0,0.0,0.0,22,115.0,1,6,3,13.0,0,18.8,21.8,,,72.0,209.0,25.549,3.0,Memphis,2019.0,2019.0,DAL,128.0,,0.13636364
2022,11,00-0035261,T.Pollard,RB,DAL,MIN,0,0,0.0,0,0.0,0.0,0.0,15,80.0,0,6,6,109.0,2,30.9,36.9,,,72.0,209.0,25.549,3.0,Memphis,2019.0,2019.0,DAL,128.0,,0.2
2022,12,00-0035261,T.Pollard,RB,DAL,NYG,0,0,0.0,0,0.0,0.0,0.0,18,60.0,0,2,2,1.0,0,6.1,8.1,,,72.0,209.0,25.549,3.0,Memphis,2019.0,2019.0,DAL,128.0,8.0,0.06896552
2022,13,00-0035261,T.Pollard,RB,DAL,IND,0,0,0.0,0,0.0,0.0,0.0,12,91.0,2,3,2,15.0,0,22.6,24.6,,,72.0,209.0,25.549,3.0,Memphis,2019.0,2019.0,DAL,128.0,35.0,0.1
2022,14,00-0035261,T.Pollard,RB,DAL,HOU,0,0,0.0,0,0.0,0.0,0.0,10,42.0,1,5,4,20.0,1,18.2,22.2,,,72.0,209.0,25.549,3.0,Memphis,2019.0,2019.0,DAL,128.0,4.0,0.12820514
2022,15,00-0035261,T.Pollard,RB,DAL,JAX,0,0,0.0,0,0.0,0.0,0.0,19,75.0,0,5,4,31.0,0,10.6,14.6,,,72.0,209.0,25.549,3.0,Memphis,2019.0,2019.0,DAL,128.0,,0.16666667
2022,16,00-0035261,T.Pollard,RB,DAL,PHI,0,0,0.0,0,0.0,0.0,0.0,9,19.0,0,8,6,61.0,0,8.0,14.0,,,72.0,209.0,25.549,3.0,Memphis,2019.0,2019.0,DAL,128.0,6.0,0.22857143
2022,18,00-0035261,T.Pollard,RB,DAL,WAS,0,0,0.0,0,0.0,0.0,0.0,7,19.0,0,1,0,0.0,0,1.9,1.9,,,72.0,209.0,25.549,3.0,Memphis,2019.0,2019.0,DAL,128.0,,0.027777778
2022,19,00-0035261,T.Pollard,RB,DAL,TB,0,0,0.0,0,0.0,0.0,0.0,15,77.0,0,3,3,12.0,0,8.9,11.9,,,72.0,209.0,25.549,3.0,Memphis,2019.0,2019.0,DAL,128.0,,0.09375
2022,20,00-0035261,T.Pollard,RB,DAL,SF,0,0,0.0,0,0.0,0.0,0.0,6,22.0,0,3,2,11.0,0,3.3,5.3,,,72.0,209.0,25.549,3.0,Memphis,2019.0,2019.0,DAL,128.0,,0.08108108
2022,8,00-0035264,J.Stidham,QB,LV,NO,8,13,72.0,0,0.0,1.0,8.0,0,0.0,0,0,0,0.0,0,2.88,2.88,,,75.0,214.0,26.257941176470588,3.0,Auburn,2019.0,2019.0,NE,133.0,,
2022,17,00-0035264,J.Stidham,QB,LV,SF,23,34,365.0,3,2.0,0.0,-0.0,7,34.0,0,0,0,0.0,0,26.0,26.0,,,75.0,214.0,26.257941176470588,3.0,Auburn,2019.0,2019.0,NE,133.0,-3.0,
2022,18,00-0035264,J.Stidham,QB,LV,KC,22,36,219.0,1,1.0,6.0,39.0,7,50.0,0,0,0,0.0,0,13.76,13.76,,,75.0,214.0,26.257941176470588,3.0,Auburn,2019.0,2019.0,NE,133.0,-18.0,
2022,9,00-0035272,A.Van Ginkel,OLB,MIA,MIA,0,0,0.0,0,0.0,0.0,0.0,0,0.0,0,0,0,0.0,0,6.0,6.0,,,76.0,242.0,27.36861111111111,3.0,Wisconsin,2019.0,2019.0,MIA,151.0,,
2022,2,00-0035277,M.Jackson,CB,SEA,SEA,0,0,0.0,0,0.0,0.0,0.0,0,0.0,0,0,0,0.0,0,6.0,6.0,,,73.0,210.0,25.838166666666666,3.0,Miami,2019.0,2019.0,DAL,158.0,,
2022,8,00-0035289,G.Minshew,QB,PHI,PIT,1,2,23.0,0,0.0,0.0,-0.0,1,-1.0,0,0,0,0.0,0,0.82,0.82,,,73.0,225.0,26.52065,3.0,Washington State,2019.0,2019.0,JAX,178.0,22.0,
2022,13,00-0035289,G.Minshew,QB,PHI,TEN,1,2,11.0,0,0.0,0.0,-0.0,0,0.0,0,0,0,0.0,0,0.44,0.44,,,73.0,225.0,26.52065,3.0,Washington State,2019.0,2019.0,JAX,178.0,25.0,
2022,14,00-0035289,G.Minshew,QB,PHI,NYG,0,0,0.0,0,0.0,0.0,0.0,1,-1.0,0,0,0,0.0,0,-0.1,-0.1,,,73.0,225.0,26.52065,3.0,Washington State,2019.0,2019.0,JAX,178.0,,
2022,16,00-0035289,G.Minshew,QB,PHI,DAL,24,40,355.0,2,2.0,0.0,-0.0,4,5.0,1,0,0,0.0,0,22.7,22.7,,,73.0,225.0,26.52065,3.0,Washington State,2019.0,2019.0,JAX,178.0,,
2022,17,00-0035289,G.Minshew,QB,PHI,NO,18,32,274.0,1,1.0,6.0,28.0,1,0.0,0,0,0,0.0,0,12.96,12.96,,,73.0,225.0,26.52065,3.0,Washington State,2019.0,2019.0,JAX,178.0,-10.0,
2022,21,00-0035289,G.Minshew,QB,PHI,SF,0,0,0.0,0,0.0,0.0,0.0,2,-2.0,0,0,0,0.0,0,-0.2,-0.2,,,73.0,225.0,26.52065,3.0,Washington State,2019.0,2019.0,JAX,178.0,24.0,
2022,11,00-0035291,T.Williams,RB,CIN,PIT,0,0,0.0,0,0.0,0.0,0.0,2,7.0,0,1,0,0.0,0,0.7,0.7,,,68.0,206.0,25.08415789473684,3.0,Texas A&amp;M,2019.0,2019.0,CIN,182.0,,0.027027028
2022,12,00-0035291,T.Williams,RB,CIN,TEN,0,0,0.0,0,0.0,0.0,0.0,2,18.0,0,1,1,24.0,0,4.2,5.2,,,68.0,206.0,25.08415789473684,3.0,Texas A&amp;M,2019.0,2019.0,CIN,182.0,,0.027777778
2022,13,00-0035291,T.Williams,RB,CIN,KC,0,0,0.0,0,0.0,0.0,0.0,1,3.0,0,0,0,0.0,0,0.3,0.3,,,68.0,206.0,25.08415789473684,3.0,Texas A&amp;M,2019.0,2019.0,CIN,182.0,3.0,
2022,14,00-0035291,T.Williams,RB,CIN,CLE,0,0,0.0,0,0.0,0.0,0.0,1,2.0,0,1,1,6.0,0,0.8,1.8,,,68.0,206.0,25.08415789473684,3.0,Texas A&amp;M,2019.0,2019.0,CIN,182.0,13.0,0.03125
2022,2,00-0035298,S.Miller,WR,TB,NO,0,0,0.0,0,0.0,0.0,0.0,1,8.0,0,8,3,34.0,0,4.2,7.2,,,69.0,174.0,25.285555555555554,3.0,Bowling Green,2019.0,2019.0,TB,208.0,,0.24242425
2022,3,00-0035298,S.Miller,WR,TB,GB,0,0,0.0,0,0.0,0.0,0.0,0,0.0,0,5,1,4.0,0,0.4,1.4,,,69.0,174.0,25.285555555555554,3.0,Bowling Green,2019.0,2019.0,TB,208.0,-2.0,0.125
2022,5,00-0035298,S.Miller,WR,TB,ATL,0,0,0.0,0,0.0,0.0,0.0,0,0.0,0,7,4,35.0,0,3.5,7.5,,,69.0,174.0,25.285555555555554,3.0,Bowling Green,2019.0,2019.0,TB,208.0,6.0,0.14
2022,7,00-0035298,S.Miller,WR,TB,CAR,0,0,0.0,0,0.0,0.0,0.0,0,0.0,0,2,2,6.0,0,0.6,2.6,,,69.0,174.0,25.285555555555554,3.0,Bowling Green,2019.0,2019.0,TB,208.0,,0.041666668
2022,8,00-0035298,S.Miller,WR,TB,BAL,0,0,0.0,0,0.0,0.0,0.0,0,0.0,0,2,2,13.0,0,1.3,3.3,,,69.0,174.0,25.285555555555554,3.0,Bowling Green,2019.0,2019.0,TB,208.0,-5.0,0.04761905
2022,9,00-0035298,S.Miller,WR,TB,LA,0,0,0.0,0,0.0,0.0,0.0,0,0.0,0,8,7,53.0,0,5.3,12.3,,,69.0,174.0,25.285555555555554,3.0,Bowling Green,2019.0,2019.0,TB,208.0,3.0,0.14545454
2022,10,00-0035298,S.Miller,WR,TB,SEA,0,0,0.0,0,0.0,0.0,0.0,0,0.0,0,2,2,25.0,0,2.5,4.5,,,69.0,174.0,25.285555555555554,3.0,Bowling Green,2019.0,2019.0,TB,208.0,5.0,0.06896552
2022,13,00-0035298,S.Miller,WR,TB,NO,0,0,0.0,0,0.0,0.0,0.0,0,0.0,0,2,1,7.0,0,0.7,1.7,,,69.0,174.0,25.285555555555554,3.0,Bowling Green,2019.0,2019.0,TB,208.0,1.0,0.03773585
2022,14,00-0035298,S.Miller,WR,TB,SF,0,0,0.0,0,0.0,0.0,0.0,0,0.0,0,1,0,0.0,0,0.0,0.0,,,69.0,174.0,25.285555555555554,3.0,Bowling Green,2019.0,2019.0,TB,208.0,,0.019607844
2022,16,00-0035298,S.Miller,WR,TB,ARI,0,0,0.0,0,0.0,0.0,0.0,0,0.0,0,1,0,0.0,0,0.0,0.0,,,69.0,174.0,25.285555555555554,3.0,Bowling Green,2019.0,2019.0,TB,208.0,,0.020833334
2022,18,00-0035298,S.Miller,WR,TB,ATL,0,0,0.0,0,0.0,0.0,0.0,0,0.0,0,2,1,8.0,0,0.8,1.8,,,69.0,174.0,25.285555555555554,3.0,Bowling Green,2019.0,2019.0,TB,208.0,,0.060606062
2022,6,00-0035308,T.Sweeney,TE,BUF,KC,0,0,0.0,0,0.0,0.0,0.0,0,0.0,0,1,1,7.0,0,0.7,1.7,,,77.0,251.0,27.375166666666665,3.0,Boston College,2019.0,2019.0,BUF,228.0,,0.02631579
2022,5,00-0035311,M.Gaskin,RB,MIA,NYJ,0,0,0.0,0,0.0,0.0,0.0,4,9.0,0,5,3,24.0,0,3.3,6.3,,,70.0,200.0,25.73961111111111,3.0,Washington,2019.0,2019.0,MIA,234.0,,0.15625
2022,12,00-0035311,M.Gaskin,RB,MIA,HOU,0,0,0.0,0,0.0,0.0,0.0,6,17.0,0,1,1,4.0,0,2.1,3.1,,,70.0,200.0,25.73961111111111,3.0,Washington,2019.0,2019.0,MIA,234.0,15.0,0.02631579
2022,8,00-0035327,C.Moore,FS,DET,MIA,0,0,0.0,0,0.0,0.0,0.0,1,13.0,0,0,0,0.0,0,1.3,1.3,,,71.0,195.0,26.94323076923077,3.0,Mississippi,2019.0,2019.0,,,-4.0,
2022,14,00-0035327,C.Moore,FS,DET,MIN,0,0,0.0,0,0.0,0.0,0.0,1,42.0,0,0,0,0.0,0,4.2,4.2,,,71.0,195.0,26.94323076923077,3.0,Mississippi,2019.0,2019.0,,,11.0,
2022,5,00-0035329,D.Parham,TE,LAC,CLE,0,0,0.0,0,0.0,0.0,0.0,0,0.0,0,1,0,0.0,0,0.0,0.0,,,80.0,237.0,25.244722222222222,3.0,Stetson University,2019.0,2019.0,,,,0.030303031
2022,6,00-0035329,D.Parham,TE,LAC,DEN,0,0,0.0,0,0.0,0.0,0.0,0,0.0,0,3,3,53.0,0,5.3,8.3,,,80.0,237.0,25.244722222222222,3.0,Stetson University,2019.0,2019.0,,,3.0,0.054545455
2022,15,00-0035329,D.Parham,TE,LAC,TEN,0,0,0.0,0,0.0,0.0,0.0,0,0.0,0,3,3,35.0,0,3.5,6.5,,,80.0,237.0,25.244722222222222,3.0,Stetson University,2019.0,2019.0,,,3.0,0.078947365
2022,16,00-0035329,D.Parham,TE,LAC,IND,0,0,0.0,0,0.0,0.0,0.0,0,0.0,0,2,1,8.0,0,0.8,1.8,,,80.0,237.0,25.244722222222222,3.0,Stetson University,2019.0,2019.0,,,,0.06666667
2022,17,00-0035329,D.Parham,TE,LAC,LA,0,0,0.0,0,0.0,0.0,0.0,0,0.0,0,1,1,3.0,1,6.3,7.3,,,80.0,237.0,25.244722222222222,3.0,Stetson University,2019.0,2019.0,,,21.0,0.032258064
2022,18,00-0035329,D.Parham,TE,LAC,DEN,0,0,0.0,0,0.0,0.0,0.0,0,0.0,0,2,2,31.0,0,3.1,5.1,,,80.0,237.0,25.244722222222222,3.0,Stetson University,2019.0,2019.0,,,,0.045454547
2022,19,00-0035329,D.Parham,TE,LAC,JAX,0,0,0.0,0,0.0,0.0,0.0,0,0.0,0,5,4,23.0,0,2.3,6.3,,,80.0,237.0,25.244722222222222,3.0,Stetson University,2019.0,2019.0,,,,0.11904762
2022,8,00-0035341,T.Irwin,WR,CIN,CLE,0,0,0.0,0,0.0,0.0,0.0,0,0.0,0,3,2,27.0,0,2.7,4.7,,,74.0,207.0,26.940421052631578,3.0,Stanford,2019.0,2019.0,,,,0.0882353
2022,9,00-0035341,T.Irwin,WR,CIN,CAR,0,0,0.0,0,0.0,0.0,0.0,1,11.0,0,1,1,14.0,0,2.5,3.5,,,74.0,207.0,26.940421052631578,3.0,Stanford,2019.0,2019.0,,,21.0,0.033333335
2022,11,00-0035341,T.Irwin,WR,CIN,PIT,0,0,0.0,0,0.0,0.0,0.0,0,0.0,0,4,3,42.0,1,10.2,13.2,,,74.0,207.0,26.940421052631578,3.0,Stanford,2019.0,2019.0,,,,0.10810811
2022,12,00-0035341,T.Irwin,WR,CIN,TEN,0,0,0.0,0,0.0,0.0,0.0,0,0.0,0,4,1,16.0,0,1.6,2.6,,,74.0,207.0,26.940421052631578,3.0,Stanford,2019.0,2019.0,,,,0.11111111
2022,13,00-0035341,T.Irwin,WR,CIN,KC,0,0,0.0,0,0.0,0.0,0.0,0,0.0,0,1,1,12.0,0,1.2,2.2,,,74.0,207.0,26.940421052631578,3.0,Stanford,2019.0,2019.0,,,3.0,0.032258064
2022,14,00-0035341,T.Irwin,WR,CIN,CLE,0,0,0.0,0,0.0,0.0,0.0,0,0.0,0,2,2,58.0,1,11.8,13.8,,,74.0,207.0,26.940421052631578,3.0,Stanford,2019.0,2019.0,,,13.0,0.0625
2022,15,00-0035341,T.Irwin,WR,CIN,TB,0,0,0.0,0,0.0,0.0,0.0,0,0.0,0,2,1,5.0,0,0.5,1.5,,,74.0,207.0,26.940421052631578,3.0,Stanford,2019.0,2019.0,,,,0.05263158
2022,16,00-0035341,T.Irwin,WR,CIN,NE,0,0,0.0,0,0.0,0.0,0.0,0,0.0,0,4,3,45.0,2,16.5,19.5,,,74.0,207.0,26.940421052631578,3.0,Stanford,2019.0,2019.0,,,,0.08163265
2022,18,00-0035341,T.Irwin,WR,CIN,BAL,0,0,0.0,0,0.0,0.0,0.0,0,0.0,0,2,1,12.0,0,1.2,2.2,,,74.0,207.0,26.940421052631578,3.0,Stanford,2019.0,2019.0,,,11.0,0.05
2022,20,00-0035341,T.Irwin,WR,CIN,BUF,0,0,0.0,0,0.0,0.0,0.0,0,0.0,0,2,1,13.0,0,1.3,2.3,,,74.0,207.0,26.940421052631578,3.0,Stanford,2019.0,2019.0,,,,0.0625
2022,21,00-0035341,T.Irwin,WR,CIN,KC,0,0,0.0,0,0.0,0.0,0.0,0,0.0,0,2,1,6.0,0,0.6,1.6,,,74.0,207.0,26.940421052631578,3.0,Stanford,2019.0,2019.0,,,,0.054054055
2022,1,00-0035345,C.Myarick,TE,NYG,TEN,0,0,0.0,0,0.0,0.0,0.0,0,0.0,0,1,1,1.0,1,6.1,7.1,,,77.0,255.0,27.11521052631579,3.0,Temple,2019.0,2019.0,,,,0.04761905
2022,3,00-0035345,C.Myarick,TE,NYG,DAL,0,0,0.0,0,0.0,0.0,0.0,0,0.0,0,1,1,6.0,0,0.6,1.6,,,77.0,255.0,27.11521052631579,3.0,Temple,2019.0,2019.0,,,-7.0,0.03125
2022,5,00-0035345,C.Myarick,TE,NYG,GB,0,0,0.0,0,0.0,0.0,0.0,0,0.0,0,1,1,4.0,0,0.4,1.4,,,77.0,255.0,27.11521052631579,3.0,Temple,2019.0,2019.0,,,,0.03846154
2022,7,00-0035345,C.Myarick,TE,NYG,JAX,0,0,0.0,0,0.0,0.0,0.0,0,0.0,0,2,2,21.0,0,2.1,4.1,,,77.0,255.0,27.11521052631579,3.0,Temple,2019.0,2019.0,,,,0.06896552
2022,8,00-0035345,C.Myarick,TE,NYG,SEA,0,0,0.0,0,0.0,0.0,0.0,0,0.0,0,1,1,10.0,0,1.0,2.0,,,77.0,255.0,27.11521052631579,3.0,Temple,2019.0,2019.0,,,,0.032258064
2022,10,00-0035345,C.Myarick,TE,NYG,HOU,0,0,0.0,0,0.0,0.0,0.0,0,0.0,0,1,0,0.0,0,0.0,0.0,,,77.0,255.0,27.11521052631579,3.0,Temple,2019.0,2019.0,,,8.0,0.05882353
2022,12,00-0035345,C.Myarick,TE,NYG,DAL,0,0,0.0,0,0.0,0.0,0.0,0,0.0,0,1,1,23.0,0,2.3,3.3,,,77.0,255.0,27.11521052631579,3.0,Temple,2019.0,2019.0,,,,0.03448276
2022,2,00-0035359,D.Sills,WR,NYG,CAR,0,0,0.0,0,0.0,0.0,0.0,0,0.0,0,4,3,37.0,0,3.7,6.7,,,75.0,210.0,26.469157894736842,3.0,West Virginia,2019.0,2019.0,,,3.0,0.125
2022,3,00-0035359,D.Sills,WR,NYG,DAL,0,0,0.0,0,0.0,0.0,0.0,0,0.0,0,4,2,20.0,0,2.0,4.0,,,75.0,210.0,26.469157894736842,3.0,West Virginia,2019.0,2019.0,,,-7.0,0.125
2022,4,00-0035359,D.Sills,WR,NYG,CHI,0,0,0.0,0,0.0,0.0,0.0,0,0.0,0,2,1,5.0,0,0.5,1.5,,,75.0,210.0,26.469157894736842,3.0,West Virginia,2019.0,2019.0,,,8.0,0.13333334
2022,5,00-0035359,D.Sills,WR,NYG,GB,0,0,0.0,0,0.0,0.0,0.0,0,0.0,0,2,2,12.0,0,1.2,3.2,,,75.0,210.0,26.469157894736842,3.0,West Virginia,2019.0,2019.0,,,,0.07692308
2022,6,00-0035359,D.Sills,WR,NYG,BAL,0,0,0.0,0,0.0,0.0,0.0,0,0.0,0,2,1,8.0,0,0.8,1.8,,,75.0,210.0,26.469157894736842,3.0,West Virginia,2019.0,2019.0,,,4.0,0.08
2022,7,00-0035359,D.Sills,WR,NYG,JAX,0,0,0.0,0,0.0,0.0,0.0,0,0.0,0,1,1,19.0,0,1.9,2.9,,,75.0,210.0,26.469157894736842,3.0,West Virginia,2019.0,2019.0,,,,0.03448276
2022,8,00-0035359,D.Sills,WR,NYG,SEA,0,0,0.0,0,0.0,0.0,0.0,0,0.0,0,2,1,5.0,0,0.5,1.5,,,75.0,210.0,26.469157894736842,3.0,West Virginia,2019.0,2019.0,,,,0.06451613
2022,5,00-0035399,S.Morgan,WR,CIN,BAL,0,0,0.0,0,0.0,0.0,0.0,0,0.0,0,1,0,0.0,0,0.0,0.0,,,72.0,205.0,26.19578947368421,3.0,Nebraska,2019.0,2019.0,,,,0.029411765
2022,2,00-0035406,L.Humphrey,WR,NE,PIT,0,0,0.0,0,0.0,0.0,0.0,0,0.0,0,2,1,11.0,0,1.1,2.1,,,76.0,225.0,24.4854,3.0,Texas,2019.0,2019.0,,,,0.05882353
2022,3,00-0035406,L.Humphrey,WR,NE,BAL,0,0,0.0,0,0.0,0.0,0.0,0,0.0,0,1,0,0.0,0,0.0,0.0,,,76.0,225.0,24.4854,3.0,Texas,2019.0,2019.0,,,-11.0,0.03125
2022,4,00-0035406,L.Humphrey,WR,NE,GB,0,0,0.0,0,0.0,0.0,0.0,0,0.0,0,1,1,9.0,0,0.9,1.9,,,76.0,225.0,24.4854,3.0,Texas,2019.0,2019.0,,,,0.05
2022,1,00-0035414,J.Guyton,WR,LAC,LV,0,0,0.0,0,0.0,0.0,0.0,0,0.0,0,1,0,0.0,0,0.0,0.0,,,73.0,212.0,25.43638888888889,3.0,North Texas,2019.0,2019.0,,,5.0,0.029411765
2022,3,00-0035414,J.Guyton,WR,LAC,JAX,0,0,0.0,0,0.0,0.0,0.0,0,0.0,0,3,2,64.0,0,6.4,8.4,,,73.0,212.0,25.43638888888889,3.0,North Texas,2019.0,2019.0,,,-28.0,0.07317073
2022,7,00-0035432,J.Moore,WR,LAC,SEA,0,0,0.0,0,0.0,0.0,0.0,0,0.0,0,2,1,5.0,0,0.5,1.5,,,75.0,215.0,27.394055555555557,3.0,Findlay,2019.0,2019.0,,,-14.0,0.039215688
2022,9,00-0035457,T.Johnson,WR,HOU,PHI,0,0,0.0,0,0.0,0.0,0.0,0,0.0,0,1,1,8.0,0,0.8,1.8,,,73.0,193.0,26.863944444444442,3.0,Oklahoma State,2019.0,2019.0,,,-12.0,0.04761905
2022,1,00-0035500,G.Dortch,WR,ARI,KC,0,0,0.0,0,0.0,0.0,0.0,0,0.0,0,9,7,63.0,0,6.3,13.3,,,67.0,173.0,24.44623529411765,3.0,Wake Forest,2019.0,2019.0,,,-23.0,0.25
2022,2,00-0035500,G.Dortch,WR,ARI,LV,0,0,0.0,0,0.0,0.0,0.0,0,0.0,0,4,4,55.0,1,11.5,15.5,,,67.0,173.0,24.44623529411765,3.0,Wake Forest,2019.0,2019.0,,,,0.08510638
2022,3,00-0035500,G.Dortch,WR,ARI,LA,0,0,0.0,0,0.0,0.0,0.0,0,0.0,0,10,9,80.0,0,8.0,17.0,,,67.0,173.0,24.44623529411765,3.0,Wake Forest,2019.0,2019.0,,,-8.0,0.18181819
2022,4,00-0035500,G.Dortch,WR,ARI,CAR,0,0,0.0,0,0.0,0.0,0.0,0,0.0,0,1,1,6.0,0,0.6,1.6,,,67.0,173.0,24.44623529411765,3.0,Wake Forest,2019.0,2019.0,,,,0.032258064
2022,7,00-0035500,G.Dortch,WR,ARI,NO,0,0,0.0,0,0.0,0.0,0.0,1,1.0,0,1,1,5.0,1,6.6,7.6,,,67.0,173.0,24.44623529411765,3.0,Wake Forest,2019.0,2019.0,,,8.0,0.03448276
2022,8,00-0035500,G.Dortch,WR,ARI,MIN,0,0,0.0,0,0.0,0.0,0.0,0,0.0,0,3,2,12.0,0,1.2,3.2,,,67.0,173.0,24.44623529411765,3.0,Wake Forest,2019.0,2019.0,,,,0.069767445
2022,9,00-0035500,G.Dortch,WR,ARI,SEA,0,0,0.0,0,0.0,0.0,0.0,1,3.0,0,1,1,0.0,0,0.3,1.3,,,67.0,173.0,24.44623529411765,3.0,Wake Forest,2019.0,2019.0,,,-10.0,0.030303031
2022,11,00-0035500,G.Dortch,WR,ARI,SF,0,0,0.0,0,0.0,0.0,0.0,0,0.0,0,10,9,103.0,0,10.3,19.3,,,67.0,173.0,24.44623529411765,3.0,Wake Forest,2019.0,2019.0,,,-28.0,0.23809524
2022,16,00-0035500,G.Dortch,WR,ARI,TB,0,0,0.0,0,0.0,0.0,0.0,3,25.0,0,11,10,98.0,0,12.3,22.3,,,67.0,173.0,24.44623529411765,3.0,Wake Forest,2019.0,2019.0,,,-3.0,0.26190478
2022,17,00-0035500,G.Dortch,WR,ARI,ATL,0,0,0.0,0,0.0,0.0,0.0,0,0.0,0,10,4,15.0,0,1.5,5.5,,,67.0,173.0,24.44623529411765,3.0,Wake Forest,2019.0,2019.0,,,,0.2631579
2022,18,00-0035500,G.Dortch,WR,ARI,SF,0,0,0.0,0,0.0,0.0,0.0,2,15.0,0,4,4,30.0,0,4.5,8.5,,,67.0,173.0,24.44623529411765,3.0,Wake Forest,2019.0,2019.0,,,,0.14814815
2022,2,00-0035510,J.Smith,WR,NYJ,CLE,0,0,0.0,0,0.0,0.0,0.0,0,0.0,0,1,1,17.0,0,1.7,2.7,,,73.0,195.0,25.552647058823528,3.0,Boston College,2019.0,2019.0,,,,0.023255814
2022,4,00-0035510,J.Smith,WR,NYJ,PIT,0,0,0.0,0,0.0,0.0,0.0,0,0.0,0,1,0,0.0,0,0.0,0.0,,,73.0,195.0,25.552647058823528,3.0,Boston College,2019.0,2019.0,,,,0.030303031
2022,5,00-0035510,J.Smith,WR,NYJ,MIA,0,0,0.0,0,0.0,0.0,0.0,0,0.0,0,1,1,11.0,0,1.1,2.1,,,73.0,195.0,25.552647058823528,3.0,Boston College,2019.0,2019.0,,,23.0,0.04761905
2022,7,00-0035510,J.Smith,WR,NYJ,DEN,0,0,0.0,0,0.0,0.0,0.0,0,0.0,0,1,0,0.0,0,0.0,0.0,,,73.0,195.0,25.552647058823528,3.0,Boston College,2019.0,2019.0,,,,0.04347826
2022,8,00-0035510,J.Smith,WR,NYJ,NE,0,0,0.0,0,0.0,0.0,0.0,0,0.0,0,1,1,23.0,0,2.3,3.3,,,73.0,195.0,25.552647058823528,3.0,Boston College,2019.0,2019.0,,,-5.0,0.029411765
2022,9,00-0035510,J.Smith,WR,NYJ,BUF,0,0,0.0,0,0.0,0.0,0.0,0,0.0,0,1,1,6.0,0,0.6,1.6,,,73.0,195.0,25.552647058823528,3.0,Boston College,2019.0,2019.0,,,3.0,0.041666668
2022,15,00-0035510,J.Smith,WR,NYJ,DET,0,0,0.0,0,0.0,0.0,0.0,0,0.0,0,5,4,77.0,0,7.7,11.7,,,73.0,195.0,25.552647058823528,3.0,Boston College,2019.0,2019.0,,,-3.0,0.14705883
2022,1,00-0035527,A.Isabella,WR,ARI,KC,0,0,0.0,0,0.0,0.0,0.0,0,0.0,0,3,1,10.0,0,1.0,2.0,,,69.0,190.0,25.984222222222222,3.0,Massachusetts,2019.0,2019.0,ARI,62.0,-23.0,0.083333336
2022,3,00-0035527,A.Isabella,WR,ARI,LA,0,0,0.0,0,0.0,0.0,0.0,0,0.0,0,2,1,11.0,0,1.1,2.1,,,69.0,190.0,25.984222222222222,3.0,Massachusetts,2019.0,2019.0,ARI,62.0,-8.0,0.036363635
2022,17,00-0035527,A.Isabella,WR,BAL,PIT,0,0,0.0,0,0.0,0.0,0.0,1,1.0,0,0,0,0.0,0,0.1,0.1,,,69.0,190.0,25.984222222222222,3.0,Massachusetts,2019.0,2019.0,ARI,62.0,-3.0,
2022,4,00-0035535,D.Slayton,WR,NYG,CHI,0,0,0.0,0,0.0,0.0,0.0,0,0.0,0,2,1,11.0,0,1.1,2.1,,,73.0,190.0,25.84494736842105,3.0,Auburn,2019.0,2019.0,NYG,171.0,8.0,0.13333334
2022,5,00-0035535,D.Slayton,WR,NYG,GB,0,0,0.0,0,0.0,0.0,0.0,0,0.0,0,7,6,79.0,0,7.9,13.9,,,73.0,190.0,25.84494736842105,3.0,Auburn,2019.0,2019.0,NYG,171.0,,0.26923078
2022,6,00-0035535,D.Slayton,WR,NYG,BAL,0,0,0.0,0,0.0,0.0,0.0,0,0.0,0,3,1,18.0,0,1.8,2.8,,,73.0,190.0,25.84494736842105,3.0,Auburn,2019.0,2019.0,NYG,171.0,4.0,0.12
2022,7,00-0035535,D.Slayton,WR,NYG,JAX,0,0,0.0,0,0.0,0.0,0.0,0,0.0,0,6,3,58.0,1,11.8,14.8,,,73.0,190.0,25.84494736842105,3.0,Auburn,2019.0,2019.0,NYG,171.0,,0.20689656
2022,8,00-0035535,D.Slayton,WR,NYG,SEA,0,0,0.0,0,0.0,0.0,0.0,0,0.0,0,6,5,66.0,0,6.6,11.6,,,73.0,190.0,25.84494736842105,3.0,Auburn,2019.0,2019.0,NYG,171.0,,0.19354838
2022,10,00-0035535,D.Slayton,WR,NYG,HOU,0,0,0.0,0,0.0,0.0,0.0,0,0.0,0,4,3,95.0,1,15.5,18.5,,,73.0,190.0,25.84494736842105,3.0,Auburn,2019.0,2019.0,NYG,171.0,8.0,0.23529412
2022,11,00-0035535,D.Slayton,WR,NYG,DET,0,0,0.0,0,0.0,0.0,0.0,0,0.0,0,10,5,86.0,0,8.6,13.6,,,73.0,190.0,25.84494736842105,3.0,Auburn,2019.0,2019.0,NYG,171.0,-13.0,0.25
2022,12,00-0035535,D.Slayton,WR,NYG,DAL,0,0,0.0,0,0.0,0.0,0.0,0,0.0,0,6,3,63.0,0,6.3,9.3,,,73.0,190.0,25.84494736842105,3.0,Auburn,2019.0,2019.0,NYG,171.0,,0.20689656
2022,13,00-0035535,D.Slayton,WR,NYG,WAS,0,0,0.0,0,0.0,0.0,0.0,0,0.0,0,8,6,90.0,0,9.0,15.0,,,73.0,190.0,25.84494736842105,3.0,Auburn,2019.0,2019.0,NYG,171.0,0.0,0.2857143
2022,14,00-0035535,D.Slayton,WR,NYG,PHI,0,0,0.0,0,0.0,0.0,0.0,0,0.0,0,3,2,42.0,0,4.2,6.2,,,73.0,190.0,25.84494736842105,3.0,Auburn,2019.0,2019.0,NYG,171.0,-26.0,0.09375
2022,15,00-0035535,D.Slayton,WR,NYG,WAS,0,0,0.0,0,0.0,0.0,0.0,0,0.0,0,7,5,23.0,0,2.3,7.3,,,73.0,190.0,25.84494736842105,3.0,Auburn,2019.0,2019.0,NYG,171.0,,0.23333333
2022,16,00-0035535,D.Slayton,WR,NYG,MIN,0,0,0.0,0,0.0,0.0,0.0,0,0.0,0,6,4,79.0,0,7.9,11.9,,,73.0,190.0,25.84494736842105,3.0,Auburn,2019.0,2019.0,NYG,171.0,,0.14634146
2022,17,00-0035535,D.Slayton,WR,NYG,IND,0,0,0.0,0,0.0,0.0,0.0,0,0.0,0,3,2,14.0,0,-0.6,1.4,,,73.0,190.0,25.84494736842105,3.0,Auburn,2019.0,2019.0,NYG,171.0,28.0,0.13043478
2022,19,00-0035535,D.Slayton,WR,NYG,MIN,0,0,0.0,0,0.0,0.0,0.0,1,3.0,0,8,4,88.0,0,9.1,13.1,,,73.0,190.0,25.84494736842105,3.0,Auburn,2019.0,2019.0,NYG,171.0,,0.24242425
2022,20,00-0035535,D.Slayton,WR,NYG,PHI,0,0,0.0,0,0.0,0.0,0.0,0,0.0,0,5,1,4.0,0,0.4,1.4,,,73.0,190.0,25.84494736842105,3.0,Auburn,2019.0,2019.0,NYG,171.0,,0.1923077
2022,2,00-0035537,T.Johnson,RB,NYJ,CLE,0,0,0.0,0,0.0,0.0,0.0,0,0.0,0,3,1,4.0,0,0.4,1.4,,,70.0,210.0,25.144823529411763,3.0,Maryland,2019.0,2019.0,DET,186.0,,0.069767445
2022,7,00-0035537,T.Johnson,RB,NYJ,DEN,0,0,0.0,0,0.0,0.0,0.0,1,3.0,0,1,1,6.0,0,0.9,1.9,,,70.0,210.0,25.144823529411763,3.0,Maryland,2019.0,2019.0,DET,186.0,,0.04347826
2022,8,00-0035537,T.Johnson,RB,NYJ,NE,0,0,0.0,0,0.0,0.0,0.0,2,6.0,0,2,0,0.0,0,0.6,0.6,,,70.0,210.0,25.144823529411763,3.0,Maryland,2019.0,2019.0,DET,186.0,-5.0,0.05882353
2022,9,00-0035537,T.Johnson,RB,NYJ,BUF,0,0,0.0,0,0.0,0.0,0.0,2,17.0,0,0,0,0.0,0,1.7,1.7,,,70.0,210.0,25.144823529411763,3.0,Maryland,2019.0,2019.0,DET,186.0,3.0,
2022,11,00-0035537,T.Johnson,RB,NYJ,NE,0,0,0.0,0,0.0,0.0,0.0,4,4.0,0,1,0,0.0,0,0.4,0.4,,,70.0,210.0,25.144823529411763,3.0,Maryland,2019.0,2019.0,DET,186.0,,0.05
2022,12,00-0035537,T.Johnson,RB,NYJ,CHI,0,0,0.0,0,0.0,0.0,0.0,5,62.0,1,2,1,16.0,0,13.8,14.8,,,70.0,210.0,25.144823529411763,3.0,Maryland,2019.0,2019.0,DET,186.0,21.0,0.071428575
2022,13,00-0035537,T.Johnson,RB,NYJ,MIN,0,0,0.0,0,0.0,0.0,0.0,1,3.0,0,7,6,38.0,0,4.1,10.1,,,70.0,210.0,25.144823529411763,3.0,Maryland,2019.0,2019.0,DET,186.0,,0.12727273
2022,16,00-0035537,T.Johnson,RB,NYJ,JAX,0,0,0.0,0,0.0,0.0,0.0,2,7.0,0,0,0,0.0,0,0.7,0.7,,,70.0,210.0,25.144823529411763,3.0,Maryland,2019.0,2019.0,DET,186.0,-16.0,
2022,17,00-0035537,T.Johnson,RB,NYJ,SEA,0,0,0.0,0,0.0,0.0,0.0,8,46.0,0,5,1,11.0,0,5.7,6.7,,,70.0,210.0,25.144823529411763,3.0,Maryland,2019.0,2019.0,DET,186.0,,0.11111111
2022,18,00-0035537,T.Johnson,RB,NYJ,MIA,0,0,0.0,0,0.0,0.0,0.0,5,12.0,0,3,2,13.0,0,2.5,4.5,,,70.0,210.0,25.144823529411763,3.0,Maryland,2019.0,2019.0,DET,186.0,,0.09375
2022,4,00-0035544,T.Kennedy,WR,DET,SEA,0,0,0.0,0,0.0,0.0,0.0,0,0.0,0,5,3,54.0,0,5.4,8.4,,,70.0,194.0,26.28529411764706,3.0,Bryant,2019.0,2019.0,,,-3.0,0.12820514
2022,7,00-0035544,T.Kennedy,WR,DET,DAL,0,0,0.0,0,0.0,0.0,0.0,0,0.0,0,3,2,14.0,0,1.4,3.4,,,70.0,194.0,26.28529411764706,3.0,Bryant,2019.0,2019.0,,,,0.12
2022,9,00-0035544,T.Kennedy,WR,DET,GB,0,0,0.0,0,0.0,0.0,0.0,0,0.0,0,4,1,16.0,0,1.6,2.6,,,70.0,194.0,26.28529411764706,3.0,Bryant,2019.0,2019.0,,,6.0,0.16666667
2022,10,00-0035544,T.Kennedy,WR,DET,CHI,0,0,0.0,0,0.0,0.0,0.0,0,0.0,0,2,1,44.0,0,4.4,5.4,,,70.0,194.0,26.28529411764706,3.0,Bryant,2019.0,2019.0,,,,0.08
2022,11,00-0035544,T.Kennedy,WR,DET,NYG,0,0,0.0,0,0.0,0.0,0.0,0,0.0,0,1,1,13.0,0,1.3,2.3,,,70.0,194.0,26.28529411764706,3.0,Bryant,2019.0,2019.0,,,,0.04
2022,1,00-0035547,J.Fortson,TE,KC,ARI,0,0,0.0,0,0.0,0.0,0.0,0,0.0,0,1,1,1.0,1,6.1,7.1,,,76.0,230.0,26.9601,3.0,Valdosta State,2019.0,2019.0,,,,0.025641026
2022,2,00-0035547,J.Fortson,TE,KC,LAC,0,0,0.0,0,0.0,0.0,0.0,0,0.0,0,1,0,0.0,0,0.0,0.0,,,76.0,230.0,26.9601,3.0,Valdosta State,2019.0,2019.0,,,3.0,0.029411765
2022,4,00-0035547,J.Fortson,TE,KC,TB,0,0,0.0,0,0.0,0.0,0.0,0,0.0,0,1,1,10.0,1,7.0,8.0,,,76.0,230.0,26.9601,3.0,Valdosta State,2019.0,2019.0,,,,0.029411765
2022,7,00-0035547,J.Fortson,TE,KC,SF,0,0,0.0,0,0.0,0.0,0.0,0,0.0,0,2,1,8.0,0,0.8,1.8,,,76.0,230.0,26.9601,3.0,Valdosta State,2019.0,2019.0,,,,0.05882353
2022,10,00-0035547,J.Fortson,TE,KC,JAX,0,0,0.0,0,0.0,0.0,0.0,0,0.0,0,1,1,6.0,0,0.6,1.6,,,76.0,230.0,26.9601,3.0,Valdosta State,2019.0,2019.0,,,10.0,0.028571429
2022,11,00-0035547,J.Fortson,TE,KC,LAC,0,0,0.0,0,0.0,0.0,0.0,0,0.0,0,2,2,51.0,0,5.1,7.1,,,76.0,230.0,26.9601,3.0,Valdosta State,2019.0,2019.0,,,,0.06451613
2022,12,00-0035547,J.Fortson,TE,KC,LA,0,0,0.0,0,0.0,0.0,0.0,0,0.0,0,3,2,26.0,0,2.6,4.6,,,76.0,230.0,26.9601,3.0,Valdosta State,2019.0,2019.0,,,16.0,0.08108108
2022,13,00-0035547,J.Fortson,TE,KC,CIN,0,0,0.0,0,0.0,0.0,0.0,0,0.0,0,1,1,6.0,0,0.6,1.6,,,76.0,230.0,26.9601,3.0,Valdosta State,2019.0,2019.0,,,,0.04347826
2022,15,00-0035547,J.Fortson,TE,KC,HOU,0,0,0.0,0,0.0,0.0,0.0,0,0.0,0,1,0,0.0,0,0.0,0.0,,,76.0,230.0,26.9601,3.0,Valdosta State,2019.0,2019.0,,,,0.024390243
2022,22,00-0035547,J.Fortson,TE,KC,PHI,0,0,0.0,0,0.0,0.0,0.0,0,0.0,0,1,0,0.0,0,0.0,0.0,,,76.0,230.0,26.9601,3.0,Valdosta State,2019.0,2019.0,,,,0.04
2022,5,00-0035562,J.Horsted,TE,LV,KC,0,0,0.0,0,0.0,0.0,0.0,0,0.0,0,3,3,19.0,0,1.9,4.9,,,75.0,237.0,25.702117647058824,3.0,Princeton,2019.0,2019.0,,,,0.11111111
2022,8,00-0035562,J.Horsted,TE,LV,NO,0,0,0.0,0,0.0,0.0,0.0,0,0.0,0,1,0,0.0,0,0.0,0.0,,,75.0,237.0,25.702117647058824,3.0,Princeton,2019.0,2019.0,,,,0.025641026
2022,2,00-0035567,C.Reynolds,RB,DET,WAS,0,0,0.0,0,0.0,0.0,0.0,3,16.0,0,1,1,13.0,0,2.9,3.9,,,71.0,215.0,26.405823529411766,3.0,Kutztown,2019.0,2019.0,,,9.0,0.029411765
2022,3,00-0035567,C.Reynolds,RB,DET,MIN,0,0,0.0,0,0.0,0.0,0.0,6,13.0,0,1,1,5.0,0,1.8,2.8,,,71.0,215.0,26.405823529411766,3.0,Kutztown,2019.0,2019.0,,,,0.027027028
2022,4,00-0035567,C.Reynolds,RB,DET,SEA,0,0,0.0,0,0.0,0.0,0.0,2,30.0,0,1,1,12.0,0,4.2,5.2,,,71.0,215.0,26.405823529411766,3.0,Kutztown,2019.0,2019.0,,,-3.0,0.025641026
2022,5,00-0035567,C.Reynolds,RB,DET,NE,0,0,0.0,0,0.0,0.0,0.0,6,24.0,0,3,3,68.0,0,9.2,12.2,,,71.0,215.0,26.405823529411766,3.0,Kutztown,2019.0,2019.0,,,,0.09677419
2022,7,00-0035567,C.Reynolds,RB,DET,DAL,0,0,0.0,0,0.0,0.0,0.0,4,12.0,0,3,3,18.0,0,3.0,6.0,,,71.0,215.0,26.405823529411766,3.0,Kutztown,2019.0,2019.0,,,,0.12
2022,8,00-0035567,C.Reynolds,RB,DET,MIA,0,0,0.0,0,0.0,0.0,0.0,2,7.0,0,1,0,0.0,0,0.7,0.7,,,71.0,215.0,26.405823529411766,3.0,Kutztown,2019.0,2019.0,,,-4.0,0.027027028
2022,1,00-0035572,P.Hesse,TE,ATL,NO,0,0,0.0,0,0.0,0.0,0.0,0,0.0,0,2,1,5.0,0,0.5,1.5,,,75.0,261.0,27.45358823529412,3.0,Iowa,2019.0,2019.0,,,-1.0,0.0625
2022,2,00-0035572,P.Hesse,TE,ATL,LA,0,0,0.0,0,0.0,0.0,0.0,0,0.0,0,1,1,5.0,0,0.5,1.5,,,75.0,261.0,27.45358823529412,3.0,Iowa,2019.0,2019.0,,,,0.04
2022,4,00-0035572,P.Hesse,TE,ATL,CLE,0,0,0.0,0,0.0,0.0,0.0,0,0.0,0,1,1,22.0,0,2.2,3.2,,,75.0,261.0,27.45358823529412,3.0,Iowa,2019.0,2019.0,,,3.0,0.055555556
2022,5,00-0035572,P.Hesse,TE,ATL,TB,0,0,0.0,0,0.0,0.0,0.0,0,0.0,0,1,1,9.0,0,0.9,1.9,,,75.0,261.0,27.45358823529412,3.0,Iowa,2019.0,2019.0,,,,0.041666668
2022,8,00-0035572,P.Hesse,TE,ATL,CAR,0,0,0.0,0,0.0,0.0,0.0,0,0.0,0,1,1,9.0,0,0.9,1.9,,,75.0,261.0,27.45358823529412,3.0,Iowa,2019.0,2019.0,,,3.0,0.035714287
2022,12,00-0035572,P.Hesse,TE,ATL,WAS,0,0,0.0,0,0.0,0.0,0.0,0,0.0,0,2,1,9.0,0,0.9,1.9,,,75.0,261.0,27.45358823529412,3.0,Iowa,2019.0,2019.0,,,,0.083333336
2022,13,00-0035572,P.Hesse,TE,ATL,PIT,0,0,0.0,0,0.0,0.0,0.0,0,0.0,0,1,1,16.0,0,1.6,2.6,,,75.0,261.0,27.45358823529412,3.0,Iowa,2019.0,2019.0,,,-3.0,0.041666668
2022,16,00-0035572,P.Hesse,TE,ATL,BAL,0,0,0.0,0,0.0,0.0,0.0,0,0.0,0,1,1,8.0,0,0.8,1.8,,,75.0,261.0,27.45358823529412,3.0,Iowa,2019.0,2019.0,,,,0.032258064
2022,18,00-0035572,P.Hesse,TE,ATL,TB,0,0,0.0,0,0.0,0.0,0.0,0,0.0,0,1,1,6.0,0,0.6,1.6,,,75.0,261.0,27.45358823529412,3.0,Iowa,2019.0,2019.0,,,13.0,0.035714287
2022,1,00-0035593,J.Winfree,WR,GB,MIN,0,0,0.0,0,0.0,0.0,0.0,0,0.0,0,1,1,17.0,0,1.7,2.7,,,73.0,215.0,26.17529411764706,3.0,Colorado,2019.0,2019.0,DEN,187.0,,0.028571429
2022,3,00-0035593,J.Winfree,WR,GB,TB,0,0,0.0,0,0.0,0.0,0.0,0,0.0,0,2,0,0.0,0,0.0,0.0,,,73.0,215.0,26.17529411764706,3.0,Colorado,2019.0,2019.0,DEN,187.0,,0.05882353
2022,6,00-0035593,J.Winfree,WR,GB,NYJ,0,0,0.0,0,0.0,0.0,0.0,0,0.0,0,1,0,0.0,0,0.0,0.0,,,73.0,215.0,26.17529411764706,3.0,Colorado,2019.0,2019.0,DEN,187.0,-17.0,0.022727273
2022,1,00-0035594,T.Homer,RB,SEA,DEN,0,0,0.0,0,0.0,0.0,0.0,1,2.0,0,0,0,0.0,0,0.2,0.2,,,70.0,202.0,24.266666666666666,3.0,Miami,2019.0,2019.0,SEA,204.0,1.0,
2022,2,00-0035594,T.Homer,RB,SEA,SF,0,0,0.0,0,0.0,0.0,0.0,2,9.0,0,4,4,33.0,0,4.2,8.2,,,70.0,202.0,24.266666666666666,3.0,Miami,2019.0,2019.0,SEA,204.0,,0.13333334
2022,3,00-0035594,T.Homer,RB,SEA,ATL,0,0,0.0,0,0.0,0.0,0.0,1,7.0,0,0,0,0.0,0,0.7,0.7,,,70.0,202.0,24.266666666666666,3.0,Miami,2019.0,2019.0,SEA,204.0,-4.0,
2022,8,00-0035594,T.Homer,RB,SEA,NYG,0,0,0.0,0,0.0,0.0,0.0,2,10.0,0,1,1,21.0,0,3.1,4.1,,,70.0,202.0,24.266666666666666,3.0,Miami,2019.0,2019.0,SEA,204.0,14.0,0.030303031
2022,9,00-0035594,T.Homer,RB,SEA,ARI,0,0,0.0,0,0.0,0.0,0.0,1,7.0,0,3,3,25.0,0,3.2,6.2,,,70.0,202.0,24.266666666666666,3.0,Miami,2019.0,2019.0,SEA,204.0,,0.09375
2022,12,00-0035594,T.Homer,RB,SEA,LV,0,0,0.0,0,0.0,0.0,0.0,2,8.0,0,3,2,45.0,1,11.3,13.3,,,70.0,202.0,24.266666666666666,3.0,Miami,2019.0,2019.0,SEA,204.0,-6.0,0.08108108
2022,14,00-0035594,T.Homer,RB,SEA,CAR,0,0,0.0,0,0.0,0.0,0.0,9,26.0,0,3,2,8.0,0,3.4,5.4,,,70.0,202.0,24.266666666666666,3.0,Miami,2019.0,2019.0,SEA,204.0,-6.0,0.083333336
2022,15,00-0035594,T.Homer,RB,SEA,SF,0,0,0.0,0,0.0,0.0,0.0,1,5.0,0,4,4,25.0,0,1.0,5.0,,,70.0,202.0,24.266666666666666,3.0,Miami,2019.0,2019.0,SEA,204.0,-8.0,0.09756097
2022,3,00-0035603,K.Blanton,TE,LA,ARI,0,0,0.0,0,0.0,0.0,0.0,0,0.0,0,1,1,28.0,0,2.8,3.8,,,78.0,260.0,27.035050000000002,3.0,Missouri,2019.0,2019.0,,,,0.04
2022,4,00-0035603,K.Blanton,TE,LA,SF,0,0,0.0,0,0.0,0.0,0.0,0,0.0,0,1,1,7.0,0,0.7,1.7,,,78.0,260.0,27.035050000000002,3.0,Missouri,2019.0,2019.0,,,,0.020833334
2022,5,00-0035609,J.Gervase,ILB,LA,DAL,0,0,0.0,0,0.0,0.0,0.0,0,0.0,0,1,1,12.0,0,1.2,2.2,,,73.0,212.0,27.146529411764703,3.0,Iowa,2019.0,2019.0,,,-12.0,0.023809524
2022,15,00-0035621,N.Webster,WR,CHI,PHI,0,0,0.0,0,0.0,0.0,0.0,0,0.0,0,3,2,14.0,0,1.4,3.4,,,70.0,180.0,26.78029411764706,3.0,Eastern Washington,2019.0,2019.0,,,-5.0,0.14285715
2022,7,00-0035624,N.Harry,WR,CHI,NE,0,0,0.0,0,0.0,0.0,0.0,0,0.0,0,1,1,14.0,0,1.4,2.4,,,76.0,225.0,24.891,3.0,Arizona State,2019.0,2019.0,NE,32.0,,0.04761905
2022,8,00-0035624,N.Harry,WR,CHI,DAL,0,0,0.0,0,0.0,0.0,0.0,0,0.0,0,2,2,24.0,1,8.4,10.4,,,76.0,225.0,24.891,3.0,Arizona State,2019.0,2019.0,NE,32.0,,0.08695652
2022,9,00-0035624,N.Harry,WR,CHI,MIA,0,0,0.0,0,0.0,0.0,0.0,0,0.0,0,2,1,6.0,0,0.6,1.6,,,76.0,225.0,24.891,3.0,Arizona State,2019.0,2019.0,NE,32.0,-3.0,0.074074075
2022,13,00-0035624,N.Harry,WR,CHI,GB,0,0,0.0,0,0.0,0.0,0.0,0,0.0,0,1,1,49.0,0,4.9,5.9,,,76.0,225.0,24.891,3.0,Arizona State,2019.0,2019.0,NE,32.0,-9.0,0.04
2022,17,00-0035624,N.Harry,WR,CHI,DET,0,0,0.0,0,0.0,0.0,0.0,0,0.0,0,1,1,16.0,0,1.6,2.6,,,76.0,225.0,24.891,3.0,Arizona State,2019.0,2019.0,NE,32.0,,0.055555556
2022,18,00-0035624,N.Harry,WR,CHI,MIN,0,0,0.0,0,0.0,0.0,0.0,0,0.0,0,2,1,7.0,0,0.7,1.7,,,76.0,225.0,24.891,3.0,Arizona State,2019.0,2019.0,NE,32.0,-16.0,0.074074075
2022,6,00-0035628,D.Johnson,RB,CLE,NE,0,0,0.0,0,0.0,0.0,0.0,0,0.0,0,2,2,9.0,0,0.9,2.9,,,70.0,208.0,26.70088235294118,3.0,South Florida,2019.0,2019.0,,,-23.0,0.04761905
2022,8,00-0035628,D.Johnson,RB,CLE,CIN,0,0,0.0,0,0.0,0.0,0.0,4,17.0,0,0,0,0.0,0,1.7,1.7,,,70.0,208.0,26.70088235294118,3.0,South Florida,2019.0,2019.0,,,19.0,
2022,10,00-0035628,D.Johnson,RB,CLE,MIA,0,0,0.0,0,0.0,0.0,0.0,0,0.0,0,1,1,-2.0,0,-0.2,0.8,,,70.0,208.0,26.70088235294118,3.0,South Florida,2019.0,2019.0,,,,0.029411765
2022,1,00-0035631,D.Sample,TE,CIN,PIT,0,0,0.0,0,0.0,0.0,0.0,0,0.0,0,1,1,2.0,0,0.2,1.2,,,77.0,259.0,26.59005263157895,3.0,Washington,2019.0,2019.0,CIN,52.0,-3.0,0.018867925
2022,2,00-0035631,D.Sample,TE,CIN,DAL,0,0,0.0,0,0.0,0.0,0.0,0,0.0,0,1,1,-4.0,0,-0.4,0.6,,,77.0,259.0,26.59005263157895,3.0,Washington,2019.0,2019.0,CIN,52.0,,0.028571429
2022,1,00-0035639,P.Campbell,WR,IND,HOU,0,0,0.0,0,0.0,0.0,0.0,0,0.0,0,4,3,37.0,0,3.7,6.7,,,72.0,205.0,25.312941176470588,3.0,Ohio State,2019.0,2019.0,IND,59.0,,0.08163265
2022,2,00-0035639,P.Campbell,WR,IND,JAX,0,0,0.0,0,0.0,0.0,0.0,0,0.0,0,2,0,0.0,0,0.0,0.0,,,72.0,205.0,25.312941176470588,3.0,Ohio State,2019.0,2019.0,IND,59.0,,0.06896552
2022,3,00-0035639,P.Campbell,WR,IND,KC,0,0,0.0,0,0.0,0.0,0.0,0,0.0,0,2,2,10.0,0,1.0,3.0,,,72.0,205.0,25.312941176470588,3.0,Ohio State,2019.0,2019.0,IND,59.0,3.0,0.055555556
2022,4,00-0035639,P.Campbell,WR,IND,TEN,0,0,0.0,0,0.0,0.0,0.0,0,0.0,0,4,4,43.0,0,4.3,8.3,,,72.0,205.0,25.312941176470588,3.0,Ohio State,2019.0,2019.0,IND,59.0,-7.0,0.11111111
2022,5,00-0035639,P.Campbell,WR,IND,DEN,0,0,0.0,0,0.0,0.0,0.0,0,0.0,0,3,2,22.0,0,2.2,4.2,,,72.0,205.0,25.312941176470588,3.0,Ohio State,2019.0,2019.0,IND,59.0,,0.083333336
2022,6,00-0035639,P.Campbell,WR,IND,JAX,0,0,0.0,0,0.0,0.0,0.0,0,0.0,0,11,7,57.0,1,11.7,18.7,,,72.0,205.0,25.312941176470588,3.0,Ohio State,2019.0,2019.0,IND,59.0,7.0,0.19642857
2022,7,00-0035639,P.Campbell,WR,IND,TEN,0,0,0.0,0,0.0,0.0,0.0,0,0.0,0,12,10,70.0,1,13.0,23.0,,,72.0,205.0,25.312941176470588,3.0,Ohio State,2019.0,2019.0,IND,59.0,,0.29268292
2022,8,00-0035639,P.Campbell,WR,IND,WAS,0,0,0.0,0,0.0,0.0,0.0,1,28.0,0,2,2,43.0,0,7.1,9.1,,,72.0,205.0,25.312941176470588,3.0,Ohio State,2019.0,2019.0,IND,59.0,-1.0,0.08695652
2022,9,00-0035639,P.Campbell,WR,IND,NE,0,0,0.0,0,0.0,0.0,0.0,1,1.0,0,5,2,15.0,0,1.6,3.6,,,72.0,205.0,25.312941176470588,3.0,Ohio State,2019.0,2019.0,IND,59.0,,0.17857143
2022,10,00-0035639,P.Campbell,WR,IND,LV,0,0,0.0,0,0.0,0.0,0.0,0,0.0,0,9,7,76.0,1,13.6,20.6,,,72.0,205.0,25.312941176470588,3.0,Ohio State,2019.0,2019.0,IND,59.0,,0.33333334
2022,11,00-0035639,P.Campbell,WR,IND,PHI,0,0,0.0,0,0.0,0.0,0.0,0,0.0,0,6,5,67.0,0,6.7,11.7,,,72.0,205.0,25.312941176470588,3.0,Ohio State,2019.0,2019.0,IND,59.0,-1.0,0.19354838
2022,12,00-0035639,P.Campbell,WR,IND,PIT,0,0,0.0,0,0.0,0.0,0.0,0,0.0,0,3,2,14.0,0,1.4,3.4,,,72.0,205.0,25.312941176470588,3.0,Ohio State,2019.0,2019.0,IND,59.0,-7.0,0.09375
2022,13,00-0035639,P.Campbell,WR,IND,DAL,0,0,0.0,0,0.0,0.0,0.0,1,2.0,0,5,4,43.0,0,4.5,8.5,,,72.0,205.0,25.312941176470588,3.0,Ohio State,2019.0,2019.0,IND,59.0,,0.14285715
2022,15,00-0035639,P.Campbell,WR,IND,MIN,0,0,0.0,0,0.0,0.0,0.0,0,0.0,0,3,2,13.0,0,1.3,3.3,,,72.0,205.0,25.312941176470588,3.0,Ohio State,2019.0,2019.0,IND,59.0,,0.09677419
2022,16,00-0035639,P.Campbell,WR,IND,LAC,0,0,0.0,0,0.0,0.0,0.0,0,0.0,0,5,2,19.0,0,1.9,3.9,,,72.0,205.0,25.312941176470588,3.0,Ohio State,2019.0,2019.0,IND,59.0,-17.0,0.17857143
2022,17,00-0035639,P.Campbell,WR,IND,NYG,0,0,0.0,0,0.0,0.0,0.0,1,1.0,0,6,3,52.0,0,5.3,8.3,,,72.0,205.0,25.312941176470588,3.0,Ohio State,2019.0,2019.0,IND,59.0,,0.22222222
2022,18,00-0035639,P.Campbell,WR,IND,HOU,0,0,0.0,0,0.0,0.0,0.0,1,26.0,0,9,6,42.0,0,6.8,12.8,,,72.0,205.0,25.312941176470588,3.0,Ohio State,2019.0,2019.0,IND,59.0,-1.0,0.2647059
2022,1,00-0035640,D.Metcalf,WR,SEA,DEN,0,0,0.0,0,0.0,0.0,0.0,0,0.0,0,7,7,36.0,0,1.6,8.6,,,76.0,230.0,24.912777777777777,3.0,Mississippi,2019.0,2019.0,SEA,64.0,1.0,0.25925925
2022,2,00-0035640,D.Metcalf,WR,SEA,SF,0,0,0.0,0,0.0,0.0,0.0,0,0.0,0,6,4,35.0,0,3.5,7.5,,,76.0,230.0,24.912777777777777,3.0,Mississippi,2019.0,2019.0,SEA,64.0,,0.2
2022,3,00-0035640,D.Metcalf,WR,SEA,ATL,0,0,0.0,0,0.0,0.0,0.0,0,0.0,0,12,5,64.0,1,12.4,17.4,,,76.0,230.0,24.912777777777777,3.0,Mississippi,2019.0,2019.0,SEA,64.0,-4.0,0.27272728
2022,4,00-0035640,D.Metcalf,WR,SEA,DET,0,0,0.0,0,0.0,0.0,0.0,0,0.0,0,10,7,149.0,0,14.9,21.9,,,76.0,230.0,24.912777777777777,3.0,Mississippi,2019.0,2019.0,SEA,64.0,,0.3448276
2022,5,00-0035640,D.Metcalf,WR,SEA,NO,0,0,0.0,0,0.0,0.0,0.0,0,0.0,0,8,5,88.0,1,12.8,17.8,,,76.0,230.0,24.912777777777777,3.0,Mississippi,2019.0,2019.0,SEA,64.0,,0.33333334
2022,6,00-0035640,D.Metcalf,WR,SEA,ARI,0,0,0.0,0,0.0,0.0,0.0,0,0.0,0,7,2,34.0,0,3.4,5.4,,,76.0,230.0,24.912777777777777,3.0,Mississippi,2019.0,2019.0,SEA,64.0,10.0,0.23333333
2022,7,00-0035640,D.Metcalf,WR,SEA,LAC,0,0,0.0,0,0.0,0.0,0.0,0,0.0,0,2,1,12.0,0,1.2,2.2,,,76.0,230.0,24.912777777777777,3.0,Mississippi,2019.0,2019.0,SEA,64.0,,0.07692308
2022,8,00-0035640,D.Metcalf,WR,SEA,NYG,0,0,0.0,0,0.0,0.0,0.0,0,0.0,0,10,6,55.0,1,11.5,17.5,,,76.0,230.0,24.912777777777777,3.0,Mississippi,2019.0,2019.0,SEA,64.0,14.0,0.3030303
2022,9,00-0035640,D.Metcalf,WR,SEA,ARI,0,0,0.0,0,0.0,0.0,0.0,0,0.0,0,6,5,37.0,1,9.7,14.7,,,76.0,230.0,24.912777777777777,3.0,Mississippi,2019.0,2019.0,SEA,64.0,,0.1875
2022,10,00-0035640,D.Metcalf,WR,SEA,TB,0,0,0.0,0,0.0,0.0,0.0,0,0.0,0,9,6,71.0,0,7.1,13.1,,,76.0,230.0,24.912777777777777,3.0,Mississippi,2019.0,2019.0,SEA,64.0,,0.27272728
2022,12,00-0035640,D.Metcalf,WR,SEA,LV,0,0,0.0,0,0.0,0.0,0.0,0,0.0,0,15,11,90.0,0,9.0,20.0,,,76.0,230.0,24.912777777777777,3.0,Mississippi,2019.0,2019.0,SEA,64.0,-6.0,0.4054054
2022,13,00-0035640,D.Metcalf,WR,SEA,LA,0,0,0.0,0,0.0,0.0,0.0,0,0.0,0,8,8,127.0,1,18.7,26.7,,,76.0,230.0,24.912777777777777,3.0,Mississippi,2019.0,2019.0,SEA,64.0,,0.21621622
2022,14,00-0035640,D.Metcalf,WR,SEA,CAR,0,0,0.0,0,0.0,0.0,0.0,0,0.0,0,10,5,71.0,1,13.1,18.1,,,76.0,230.0,24.912777777777777,3.0,Mississippi,2019.0,2019.0,SEA,64.0,-6.0,0.2777778
2022,15,00-0035640,D.Metcalf,WR,SEA,SF,0,0,0.0,0,0.0,0.0,0.0,0,0.0,0,9,7,55.0,0,5.5,12.5,,,76.0,230.0,24.912777777777777,3.0,Mississippi,2019.0,2019.0,SEA,64.0,-8.0,0.2195122
2022,16,00-0035640,D.Metcalf,WR,SEA,KC,0,0,0.0,0,0.0,0.0,0.0,0,0.0,0,9,7,81.0,0,8.1,15.1,,,76.0,230.0,24.912777777777777,3.0,Mississippi,2019.0,2019.0,SEA,64.0,,0.23684211
2022,17,00-0035640,D.Metcalf,WR,SEA,NYJ,0,0,0.0,0,0.0,0.0,0.0,0,0.0,0,5,1,3.0,0,0.3,1.3,,,76.0,230.0,24.912777777777777,3.0,Mississippi,2019.0,2019.0,SEA,64.0,17.0,0.17857143
2022,18,00-0035640,D.Metcalf,WR,SEA,LA,0,0,0.0,0,0.0,0.0,0.0,0,0.0,0,8,3,40.0,0,4.0,7.0,,,76.0,230.0,24.912777777777777,3.0,Mississippi,2019.0,2019.0,SEA,64.0,3.0,0.2857143
2022,19,00-0035640,D.Metcalf,WR,SEA,SF,0,0,0.0,0,0.0,0.0,0.0,0,0.0,0,13,10,136.0,2,25.6,35.6,,,76.0,230.0,24.912777777777777,3.0,Mississippi,2019.0,2019.0,SEA,64.0,,0.38235295
2022,1,00-0035644,N.Fant,TE,SEA,DEN,0,0,0.0,0,0.0,0.0,0.0,0,0.0,0,4,3,16.0,0,1.6,4.6,,,76.0,249.0,24.978388888888887,3.0,Iowa,2019.0,2019.0,DEN,20.0,1.0,0.14814815
2022,2,00-0035644,N.Fant,TE,SEA,SF,0,0,0.0,0,0.0,0.0,0.0,0,0.0,0,2,2,11.0,0,1.1,3.1,,,76.0,249.0,24.978388888888887,3.0,Iowa,2019.0,2019.0,DEN,20.0,,0.06666667
2022,3,00-0035644,N.Fant,TE,SEA,ATL,0,0,0.0,0,0.0,0.0,0.0,0,0.0,0,4,4,27.0,0,2.7,6.7,,,76.0,249.0,24.978388888888887,3.0,Iowa,2019.0,2019.0,DEN,20.0,-4.0,0.09090909
2022,4,00-0035644,N.Fant,TE,SEA,DET,0,0,0.0,0,0.0,0.0,0.0,0,0.0,0,1,1,2.0,1,6.2,7.2,,,76.0,249.0,24.978388888888887,3.0,Iowa,2019.0,2019.0,DEN,20.0,,0.03448276
2022,5,00-0035644,N.Fant,TE,SEA,NO,0,0,0.0,0,0.0,0.0,0.0,0,0.0,0,5,3,49.0,0,4.9,7.9,,,76.0,249.0,24.978388888888887,3.0,Iowa,2019.0,2019.0,DEN,20.0,,0.20833333
2022,6,00-0035644,N.Fant,TE,SEA,ARI,0,0,0.0,0,0.0,0.0,0.0,0,0.0,0,7,6,45.0,0,4.5,10.5,,,76.0,249.0,24.978388888888887,3.0,Iowa,2019.0,2019.0,DEN,20.0,10.0,0.23333333
2022,7,00-0035644,N.Fant,TE,SEA,LAC,0,0,0.0,0,0.0,0.0,0.0,0,0.0,0,3,1,7.0,0,0.7,1.7,,,76.0,249.0,24.978388888888887,3.0,Iowa,2019.0,2019.0,DEN,20.0,,0.115384616
2022,8,00-0035644,N.Fant,TE,SEA,NYG,0,0,0.0,0,0.0,0.0,0.0,0,0.0,0,2,2,19.0,0,1.9,3.9,,,76.0,249.0,24.978388888888887,3.0,Iowa,2019.0,2019.0,DEN,20.0,14.0,0.060606062
2022,9,00-0035644,N.Fant,TE,SEA,ARI,0,0,0.0,0,0.0,0.0,0.0,0,0.0,0,6,5,96.0,0,9.6,14.6,,,76.0,249.0,24.978388888888887,3.0,Iowa,2019.0,2019.0,DEN,20.0,,0.1875
2022,10,00-0035644,N.Fant,TE,SEA,TB,0,0,0.0,0,0.0,0.0,0.0,0,0.0,0,4,3,34.0,0,3.4,6.4,,,76.0,249.0,24.978388888888887,3.0,Iowa,2019.0,2019.0,DEN,20.0,,0.121212125
2022,12,00-0035644,N.Fant,TE,SEA,LV,0,0,0.0,0,0.0,0.0,0.0,0,0.0,0,3,3,34.0,0,3.4,6.4,,,76.0,249.0,24.978388888888887,3.0,Iowa,2019.0,2019.0,DEN,20.0,-6.0,0.08108108
2022,13,00-0035644,N.Fant,TE,SEA,LA,0,0,0.0,0,0.0,0.0,0.0,0,0.0,0,5,4,42.0,1,10.2,14.2,,,76.0,249.0,24.978388888888887,3.0,Iowa,2019.0,2019.0,DEN,20.0,,0.13513513
2022,14,00-0035644,N.Fant,TE,SEA,CAR,0,0,0.0,0,0.0,0.0,0.0,0,0.0,0,1,0,0.0,0,0.0,0.0,,,76.0,249.0,24.978388888888887,3.0,Iowa,2019.0,2019.0,DEN,20.0,-6.0,0.027777778
2022,15,00-0035644,N.Fant,TE,SEA,SF,0,0,0.0,0,0.0,0.0,0.0,0,0.0,0,6,5,32.0,1,9.2,14.2,,,76.0,249.0,24.978388888888887,3.0,Iowa,2019.0,2019.0,DEN,20.0,-8.0,0.14634146
2022,16,00-0035644,N.Fant,TE,SEA,KC,0,0,0.0,0,0.0,0.0,0.0,0,0.0,0,3,2,12.0,1,7.2,9.2,,,76.0,249.0,24.978388888888887,3.0,Iowa,2019.0,2019.0,DEN,20.0,,0.078947365
2022,17,00-0035644,N.Fant,TE,SEA,NYJ,0,0,0.0,0,0.0,0.0,0.0,0,0.0,0,3,2,40.0,0,4.0,6.0,,,76.0,249.0,24.978388888888887,3.0,Iowa,2019.0,2019.0,DEN,20.0,17.0,0.10714286
2022,18,00-0035644,N.Fant,TE,SEA,LA,0,0,0.0,0,0.0,0.0,0.0,0,0.0,0,4,4,20.0,0,2.0,6.0,,,76.0,249.0,24.978388888888887,3.0,Iowa,2019.0,2019.0,DEN,20.0,3.0,0.14285715
2022,19,00-0035644,N.Fant,TE,SEA,SF,0,0,0.0,0,0.0,0.0,0.0,0,0.0,0,2,1,11.0,0,1.1,2.1,,,76.0,249.0,24.978388888888887,3.0,Iowa,2019.0,2019.0,DEN,20.0,,0.05882353
2022,2,00-0035645,G.Olszewski,WR,PIT,NE,0,0,0.0,0,0.0,0.0,0.0,1,18.0,0,0,0,0.0,0,1.8,1.8,,,72.0,190.0,25.95358823529412,3.0,Bemidji State,2019.0,2019.0,,,-3.0,
2022,4,00-0035645,G.Olszewski,WR,PIT,NYJ,0,0,0.0,0,0.0,0.0,0.0,1,0.0,0,0,0,0.0,0,0.0,0.0,,,72.0,190.0,25.95358823529412,3.0,Bemidji State,2019.0,2019.0,,,-4.0,
2022,10,00-0035645,G.Olszewski,WR,PIT,NO,0,0,0.0,0,0.0,0.0,0.0,0,0.0,0,1,1,4.0,0,0.4,1.4,,,72.0,190.0,25.95358823529412,3.0,Bemidji State,2019.0,2019.0,,,10.0,0.03846154
2022,11,00-0035645,G.Olszewski,WR,PIT,CIN,0,0,0.0,0,0.0,0.0,0.0,0,0.0,0,3,2,39.0,0,3.9,5.9,,,72.0,190.0,25.95358823529412,3.0,Bemidji State,2019.0,2019.0,,,-7.0,0.078947365
2022,12,00-0035645,G.Olszewski,WR,PIT,IND,0,0,0.0,0,0.0,0.0,0.0,1,9.0,0,0,0,0.0,0,0.9,0.9,,,72.0,190.0,25.95358823529412,3.0,Bemidji State,2019.0,2019.0,,,,
2022,13,00-0035645,G.Olszewski,WR,PIT,ATL,0,0,0.0,0,0.0,0.0,0.0,2,2.0,0,0,0,0.0,0,0.2,0.2,,,72.0,190.0,25.95358823529412,3.0,Bemidji State,2019.0,2019.0,,,,
2022,14,00-0035645,G.Olszewski,WR,PIT,BAL,0,0,0.0,0,0.0,0.0,0.0,0,0.0,0,2,1,7.0,0,0.7,1.7,,,72.0,190.0,25.95358823529412,3.0,Bemidji State,2019.0,2019.0,,,-2.0,0.06451613
2022,15,00-0035645,G.Olszewski,WR,PIT,CAR,0,0,0.0,0,0.0,0.0,0.0,0,0.0,0,1,1,3.0,0,0.3,1.3,,,72.0,190.0,25.95358823529412,3.0,Bemidji State,2019.0,2019.0,,,,0.04761905
2022,17,00-0035645,G.Olszewski,WR,PIT,BAL,0,0,0.0,0,0.0,0.0,0.0,1,6.0,0,0,0,0.0,0,0.6,0.6,,,72.0,190.0,25.95358823529412,3.0,Bemidji State,2019.0,2019.0,,,,
2022,18,00-0035645,G.Olszewski,WR,PIT,CLE,0,0,0.0,0,0.0,0.0,0.0,2,4.0,0,0,0,0.0,0,0.4,0.4,,,72.0,190.0,25.95358823529412,3.0,Bemidji State,2019.0,2019.0,,,14.0,
2022,1,00-0035657,D.Harris,RB,NE,MIA,0,0,0.0,0,0.0,0.0,0.0,9,48.0,0,3,2,10.0,0,5.8,7.8,,,71.0,215.0,25.741235294117647,3.0,Alabama,2019.0,2019.0,NE,87.0,,0.1
2022,2,00-0035657,D.Harris,RB,NE,PIT,0,0,0.0,0,0.0,0.0,0.0,15,71.0,1,2,2,16.0,0,14.7,16.7,,,71.0,215.0,25.741235294117647,3.0,Alabama,2019.0,2019.0,NE,87.0,,0.05882353
2022,3,00-0035657,D.Harris,RB,NE,BAL,0,0,0.0,0,0.0,0.0,0.0,11,41.0,1,3,2,5.0,0,10.6,12.6,,,71.0,215.0,25.741235294117647,3.0,Alabama,2019.0,2019.0,NE,87.0,-11.0,0.09375
2022,4,00-0035657,D.Harris,RB,NE,GB,0,0,0.0,0,0.0,0.0,0.0,18,86.0,1,1,1,-2.0,0,14.4,15.4,,,71.0,215.0,25.741235294117647,3.0,Alabama,2019.0,2019.0,NE,87.0,,0.05
2022,5,00-0035657,D.Harris,RB,NE,DET,0,0,0.0,0,0.0,0.0,0.0,4,11.0,0,1,1,1.0,0,1.2,2.2,,,71.0,215.0,25.741235294117647,3.0,Alabama,2019.0,2019.0,NE,87.0,29.0,0.04761905
2022,7,00-0035657,D.Harris,RB,NE,CHI,0,0,0.0,0,0.0,0.0,0.0,3,8.0,0,2,1,2.0,0,1.0,2.0,,,71.0,215.0,25.741235294117647,3.0,Alabama,2019.0,2019.0,NE,87.0,-19.0,0.071428575
2022,8,00-0035657,D.Harris,RB,NE,NYJ,0,0,0.0,0,0.0,0.0,0.0,11,37.0,0,2,2,15.0,0,5.2,7.2,,,71.0,215.0,25.741235294117647,3.0,Alabama,2019.0,2019.0,NE,87.0,,0.0625
2022,11,00-0035657,D.Harris,RB,NE,NYJ,0,0,0.0,0,0.0,0.0,0.0,8,65.0,0,2,2,28.0,0,9.3,11.3,,,71.0,215.0,25.741235294117647,3.0,Alabama,2019.0,2019.0,NE,87.0,7.0,0.074074075
2022,12,00-0035657,D.Harris,RB,NE,MIN,0,0,0.0,0,0.0,0.0,0.0,5,16.0,0,0,0,0.0,0,1.6,1.6,,,71.0,215.0,25.741235294117647,3.0,Alabama,2019.0,2019.0,NE,87.0,,
2022,17,00-0035657,D.Harris,RB,NE,MIA,0,0,0.0,0,0.0,0.0,0.0,9,31.0,0,3,3,18.0,0,4.9,7.9,,,71.0,215.0,25.741235294117647,3.0,Alabama,2019.0,2019.0,NE,87.0,2.0,0.09375
2022,18,00-0035657,D.Harris,RB,NE,BUF,0,0,0.0,0,0.0,0.0,0.0,13,48.0,0,4,1,4.0,0,5.2,6.2,,,71.0,215.0,25.741235294117647,3.0,Alabama,2019.0,2019.0,NE,87.0,,0.102564104
2022,1,00-0035659,T.McLaurin,WR,WAS,JAX,0,0,0.0,0,0.0,0.0,0.0,0,0.0,0,4,2,58.0,1,11.8,13.8,,,72.0,210.0,27.147058823529413,3.0,Ohio State,2019.0,2019.0,WAS,76.0,6.0,0.09756097
2022,2,00-0035659,T.McLaurin,WR,WAS,DET,0,0,0.0,0,0.0,0.0,0.0,1,7.0,0,8,4,75.0,0,8.2,12.2,,,72.0,210.0,27.147058823529413,3.0,Ohio State,2019.0,2019.0,WAS,76.0,,0.18181819
2022,3,00-0035659,T.McLaurin,WR,WAS,PHI,0,0,0.0,0,0.0,0.0,0.0,0,0.0,0,9,6,102.0,0,10.2,16.2,,,72.0,210.0,27.147058823529413,3.0,Ohio State,2019.0,2019.0,WAS,76.0,-16.0,0.21428572
2022,4,00-0035659,T.McLaurin,WR,WAS,DAL,0,0,0.0,0,0.0,0.0,0.0,0,0.0,0,6,2,15.0,0,1.5,3.5,,,72.0,210.0,27.147058823529413,3.0,Ohio State,2019.0,2019.0,WAS,76.0,,0.15
2022,5,00-0035659,T.McLaurin,WR,WAS,TEN,0,0,0.0,0,0.0,0.0,0.0,0,0.0,0,6,5,76.0,0,7.6,12.6,,,72.0,210.0,27.147058823529413,3.0,Ohio State,2019.0,2019.0,WAS,76.0,-4.0,0.16216215
2022,6,00-0035659,T.McLaurin,WR,WAS,CHI,0,0,0.0,0,0.0,0.0,0.0,2,11.0,0,4,3,41.0,0,5.2,8.2,,,72.0,210.0,27.147058823529413,3.0,Ohio State,2019.0,2019.0,WAS,76.0,,0.18181819
2022,7,00-0035659,T.McLaurin,WR,WAS,GB,0,0,0.0,0,0.0,0.0,0.0,0,0.0,0,8,5,73.0,1,13.3,18.3,,,72.0,210.0,27.147058823529413,3.0,Ohio State,2019.0,2019.0,WAS,76.0,2.0,0.25
2022,8,00-0035659,T.McLaurin,WR,WAS,IND,0,0,0.0,0,0.0,0.0,0.0,1,-7.0,0,8,6,113.0,0,10.6,16.6,,,72.0,210.0,27.147058823529413,3.0,Ohio State,2019.0,2019.0,WAS,76.0,,0.26666668
2022,9,00-0035659,T.McLaurin,WR,WAS,MIN,0,0,0.0,0,0.0,0.0,0.0,0,0.0,0,9,5,56.0,0,5.6,10.6,,,72.0,210.0,27.147058823529413,3.0,Ohio State,2019.0,2019.0,WAS,76.0,-3.0,0.34615386
2022,10,00-0035659,T.McLaurin,WR,WAS,PHI,0,0,0.0,0,0.0,0.0,0.0,0,0.0,0,11,8,128.0,0,12.8,20.8,,,72.0,210.0,27.147058823529413,3.0,Ohio State,2019.0,2019.0,WAS,76.0,,0.44
2022,11,00-0035659,T.McLaurin,WR,WAS,HOU,0,0,0.0,0,0.0,0.0,0.0,1,1.0,0,7,4,55.0,0,5.6,9.6,,,72.0,210.0,27.147058823529413,3.0,Ohio State,2019.0,2019.0,WAS,76.0,,0.3043478
2022,12,00-0035659,T.McLaurin,WR,WAS,ATL,0,0,0.0,0,0.0,0.0,0.0,1,5.0,0,6,4,48.0,0,5.3,9.3,,,72.0,210.0,27.147058823529413,3.0,Ohio State,2019.0,2019.0,WAS,76.0,6.0,0.27272728
2022,13,00-0035659,T.McLaurin,WR,WAS,NYG,0,0,0.0,0,0.0,0.0,0.0,0,0.0,0,12,8,105.0,1,16.5,24.5,,,72.0,210.0,27.147058823529413,3.0,Ohio State,2019.0,2019.0,WAS,76.0,,0.3
2022,15,00-0035659,T.McLaurin,WR,WAS,NYG,0,0,0.0,0,0.0,0.0,0.0,0,0.0,0,6,6,70.0,0,7.0,13.0,,,72.0,210.0,27.147058823529413,3.0,Ohio State,2019.0,2019.0,WAS,76.0,-8.0,0.22222222
2022,16,00-0035659,T.McLaurin,WR,WAS,SF,0,0,0.0,0,0.0,0.0,0.0,0,0.0,0,5,4,77.0,1,13.7,17.7,,,72.0,210.0,27.147058823529413,3.0,Ohio State,2019.0,2019.0,WAS,76.0,,0.14705883
2022,17,00-0035659,T.McLaurin,WR,WAS,CLE,0,0,0.0,0,0.0,0.0,0.0,1,12.0,0,5,2,25.0,0,3.7,5.7,,,72.0,210.0,27.147058823529413,3.0,Ohio State,2019.0,2019.0,WAS,76.0,-14.0,0.17857143
2022,18,00-0035659,T.McLaurin,WR,WAS,DAL,0,0,0.0,0,0.0,0.0,0.0,0,0.0,0,6,3,74.0,1,13.4,16.4,,,72.0,210.0,27.147058823529413,3.0,Ohio State,2019.0,2019.0,WAS,76.0,20.0,0.33333334
2022,1,00-0035662,M.Brown,WR,ARI,KC,0,0,0.0,0,0.0,0.0,0.0,0,0.0,0,6,4,43.0,1,10.3,14.3,,,69.0,170.0,25.42923529411765,3.0,Oklahoma,2019.0,2019.0,BAL,25.0,-23.0,0.16666667
2022,2,00-0035662,M.Brown,WR,ARI,LV,0,0,0.0,0,0.0,0.0,0.0,0,0.0,0,11,6,68.0,0,6.8,12.8,,,69.0,170.0,25.42923529411765,3.0,Oklahoma,2019.0,2019.0,BAL,25.0,,0.23404256
2022,3,00-0035662,M.Brown,WR,ARI,LA,0,0,0.0,0,0.0,0.0,0.0,0,0.0,0,17,14,140.0,0,14.0,28.0,,,69.0,170.0,25.42923529411765,3.0,Oklahoma,2019.0,2019.0,BAL,25.0,-8.0,0.3090909
2022,4,00-0035662,M.Brown,WR,ARI,CAR,0,0,0.0,0,0.0,0.0,0.0,0,0.0,0,11,6,88.0,1,14.8,20.8,,,69.0,170.0,25.42923529411765,3.0,Oklahoma,2019.0,2019.0,BAL,25.0,,0.3548387
2022,5,00-0035662,M.Brown,WR,ARI,PHI,0,0,0.0,0,0.0,0.0,0.0,0,0.0,0,10,8,78.0,1,13.8,21.8,,,69.0,170.0,25.42923529411765,3.0,Oklahoma,2019.0,2019.0,BAL,25.0,-3.0,0.2631579
2022,6,00-0035662,M.Brown,WR,ARI,SEA,0,0,0.0,0,0.0,0.0,0.0,0,0.0,0,9,5,68.0,0,6.8,11.8,,,69.0,170.0,25.42923529411765,3.0,Oklahoma,2019.0,2019.0,BAL,25.0,,0.25
2022,12,00-0035662,M.Brown,WR,ARI,LAC,0,0,0.0,0,0.0,0.0,0.0,0,0.0,0,8,6,46.0,0,4.6,10.6,,,69.0,170.0,25.42923529411765,3.0,Oklahoma,2019.0,2019.0,BAL,25.0,-1.0,0.2962963
2022,14,00-0035662,M.Brown,WR,ARI,NE,0,0,0.0,0,0.0,0.0,0.0,0,0.0,0,8,4,34.0,0,3.4,7.4,,,69.0,170.0,25.42923529411765,3.0,Oklahoma,2019.0,2019.0,BAL,25.0,-14.0,0.19512194
2022,15,00-0035662,M.Brown,WR,ARI,DEN,0,0,0.0,0,0.0,0.0,0.0,0,0.0,0,8,4,19.0,0,1.9,5.9,,,69.0,170.0,25.42923529411765,3.0,Oklahoma,2019.0,2019.0,BAL,25.0,,0.22857143
2022,16,00-0035662,M.Brown,WR,ARI,TB,0,0,0.0,0,0.0,0.0,0.0,1,1.0,0,6,3,57.0,0,5.8,8.8,,,69.0,170.0,25.42923529411765,3.0,Oklahoma,2019.0,2019.0,BAL,25.0,-3.0,0.14285715
2022,17,00-0035662,M.Brown,WR,ARI,ATL,0,0,0.0,0,0.0,0.0,0.0,0,0.0,0,9,6,61.0,0,6.1,12.1,,,69.0,170.0,25.42923529411765,3.0,Oklahoma,2019.0,2019.0,BAL,25.0,,0.23684211
2022,18,00-0035662,M.Brown,WR,ARI,SF,0,0,0.0,0,0.0,0.0,0.0,0,0.0,0,4,1,7.0,0,0.7,1.7,,,69.0,170.0,25.42923529411765,3.0,Oklahoma,2019.0,2019.0,BAL,25.0,,0.14814815
2022,1,00-0035664,D.Henderson,RB,LA,BUF,0,0,0.0,0,0.0,0.0,0.0,13,47.0,0,5,5,26.0,0,7.3,12.3,,,68.0,200.0,25.187153846153844,3.0,Memphis,2019.0,2019.0,LA,70.0,-21.0,0.12195122
2022,2,00-0035664,D.Henderson,RB,LA,ATL,0,0,0.0,0,0.0,0.0,0.0,10,47.0,1,0,0,0.0,0,10.7,10.7,,,68.0,200.0,25.187153846153844,3.0,Memphis,2019.0,2019.0,LA,70.0,4.0,
2022,3,00-0035664,D.Henderson,RB,LA,ARI,0,0,0.0,0,0.0,0.0,0.0,4,17.0,0,1,0,0.0,0,1.7,1.7,,,68.0,200.0,25.187153846153844,3.0,Memphis,2019.0,2019.0,LA,70.0,,0.04
2022,4,00-0035664,D.Henderson,RB,LA,SF,0,0,0.0,0,0.0,0.0,0.0,7,27.0,0,4,3,12.0,0,3.9,6.9,,,68.0,200.0,25.187153846153844,3.0,Memphis,2019.0,2019.0,LA,70.0,,0.083333336
2022,5,00-0035664,D.Henderson,RB,LA,DAL,0,0,0.0,0,0.0,0.0,0.0,0,0.0,0,5,4,30.0,0,3.0,7.0,,,68.0,200.0,25.187153846153844,3.0,Memphis,2019.0,2019.0,LA,70.0,-12.0,0.11904762
2022,6,00-0035664,D.Henderson,RB,LA,CAR,0,0,0.0,0,0.0,0.0,0.0,12,43.0,1,3,2,9.0,0,11.2,13.2,,,68.0,200.0,25.187153846153844,3.0,Memphis,2019.0,2019.0,LA,70.0,14.0,0.09677419
2022,8,00-0035664,D.Henderson,RB,LA,SF,0,0,0.0,0,0.0,0.0,0.0,4,16.0,0,2,2,14.0,0,3.0,5.0,,,68.0,200.0,25.187153846153844,3.0,Memphis,2019.0,2019.0,LA,70.0,-17.0,0.0625
2022,9,00-0035664,D.Henderson,RB,LA,TB,0,0,0.0,0,0.0,0.0,0.0,12,56.0,0,1,0,0.0,0,5.6,5.6,,,68.0,200.0,25.187153846153844,3.0,Memphis,2019.0,2019.0,LA,70.0,,0.03846154
2022,10,00-0035664,D.Henderson,RB,LA,ARI,0,0,0.0,0,0.0,0.0,0.0,6,21.0,1,1,1,11.0,0,9.2,10.2,,,68.0,200.0,25.187153846153844,3.0,Memphis,2019.0,2019.0,LA,70.0,-10.0,0.027027028
2022,11,00-0035664,D.Henderson,RB,LA,NO,0,0,0.0,0,0.0,0.0,0.0,2,9.0,0,0,0,0.0,0,0.9,0.9,,,68.0,200.0,25.187153846153844,3.0,Memphis,2019.0,2019.0,LA,70.0,,
2022,1,00-0035676,A.Brown,WR,PHI,DET,0,0,0.0,0,0.0,0.0,0.0,0,0.0,0,13,10,155.0,0,15.5,25.5,,,73.0,226.0,25.39805,3.0,Mississippi,2019.0,2019.0,TEN,51.0,,0.44827586
2022,2,00-0035676,A.Brown,WR,PHI,MIN,0,0,0.0,0,0.0,0.0,0.0,0,0.0,0,8,5,69.0,0,6.9,11.9,,,73.0,226.0,25.39805,3.0,Mississippi,2019.0,2019.0,TEN,51.0,17.0,0.2580645
2022,3,00-0035676,A.Brown,WR,PHI,WAS,0,0,0.0,0,0.0,0.0,0.0,0,0.0,0,10,5,85.0,1,14.5,19.5,,,73.0,226.0,25.39805,3.0,Mississippi,2019.0,2019.0,TEN,51.0,,0.29411766
2022,4,00-0035676,A.Brown,WR,PHI,JAX,0,0,0.0,0,0.0,0.0,0.0,0,0.0,0,7,5,95.0,0,9.5,14.5,,,73.0,226.0,25.39805,3.0,Mississippi,2019.0,2019.0,TEN,51.0,8.0,0.29166666
2022,5,00-0035676,A.Brown,WR,PHI,ARI,0,0,0.0,0,0.0,0.0,0.0,0,0.0,0,7,3,32.0,0,3.2,6.2,,,73.0,226.0,25.39805,3.0,Mississippi,2019.0,2019.0,TEN,51.0,,0.20588236
2022,6,00-0035676,A.Brown,WR,PHI,DAL,0,0,0.0,0,0.0,0.0,0.0,0,0.0,0,8,5,67.0,1,12.7,17.7,,,73.0,226.0,25.39805,3.0,Mississippi,2019.0,2019.0,TEN,51.0,9.0,0.36363637
2022,8,00-0035676,A.Brown,WR,PHI,PIT,0,0,0.0,0,0.0,0.0,0.0,0,0.0,0,10,6,156.0,3,33.6,39.6,,,73.0,226.0,25.39805,3.0,Mississippi,2019.0,2019.0,TEN,51.0,22.0,0.33333334
2022,9,00-0035676,A.Brown,WR,PHI,HOU,0,0,0.0,0,0.0,0.0,0.0,0,0.0,0,6,4,59.0,1,11.9,15.9,,,73.0,226.0,25.39805,3.0,Mississippi,2019.0,2019.0,TEN,51.0,,0.24
2022,10,00-0035676,A.Brown,WR,PHI,WAS,0,0,0.0,0,0.0,0.0,0.0,0,0.0,0,4,1,7.0,0,0.7,1.7,,,73.0,226.0,25.39805,3.0,Mississippi,2019.0,2019.0,TEN,51.0,-11.0,0.16
2022,11,00-0035676,A.Brown,WR,PHI,IND,0,0,0.0,0,0.0,0.0,0.0,0,0.0,0,7,5,60.0,0,4.0,9.0,,,73.0,226.0,25.39805,3.0,Mississippi,2019.0,2019.0,TEN,51.0,,0.3043478
2022,12,00-0035676,A.Brown,WR,PHI,GB,0,0,0.0,0,0.0,0.0,0.0,0,0.0,0,6,4,46.0,1,8.6,12.6,,,73.0,226.0,25.39805,3.0,Mississippi,2019.0,2019.0,TEN,51.0,7.0,0.24
2022,13,00-0035676,A.Brown,WR,PHI,TEN,0,0,0.0,0,0.0,0.0,0.0,0,0.0,0,10,8,119.0,2,23.9,31.9,,,73.0,226.0,25.39805,3.0,Mississippi,2019.0,2019.0,TEN,51.0,25.0,0.2631579
2022,14,00-0035676,A.Brown,WR,PHI,NYG,0,0,0.0,0,0.0,0.0,0.0,0,0.0,0,6,4,70.0,1,13.0,17.0,,,73.0,226.0,25.39805,3.0,Mississippi,2019.0,2019.0,TEN,51.0,,0.19354838
2022,15,00-0035676,A.Brown,WR,PHI,CHI,0,0,0.0,0,0.0,0.0,0.0,0,0.0,0,16,9,181.0,0,18.1,27.1,,,73.0,226.0,25.39805,3.0,Mississippi,2019.0,2019.0,TEN,51.0,,0.43243244
2022,16,00-0035676,A.Brown,WR,PHI,DAL,0,0,0.0,0,0.0,0.0,0.0,0,0.0,0,8,6,103.0,0,10.3,16.3,,,73.0,226.0,25.39805,3.0,Mississippi,2019.0,2019.0,TEN,51.0,,0.23529412
2022,17,00-0035676,A.Brown,WR,PHI,NO,0,0,0.0,0,0.0,0.0,0.0,0,0.0,0,9,4,97.0,1,15.7,19.7,,,73.0,226.0,25.39805,3.0,Mississippi,2019.0,2019.0,TEN,51.0,-10.0,0.28125
2022,18,00-0035676,A.Brown,WR,PHI,NYG,0,0,0.0,0,0.0,0.0,0.0,0,0.0,0,10,4,95.0,0,9.5,13.5,,,73.0,226.0,25.39805,3.0,Mississippi,2019.0,2019.0,TEN,51.0,6.0,0.32258064
2022,20,00-0035676,A.Brown,WR,PHI,NYG,0,0,0.0,0,0.0,0.0,0.0,0,0.0,0,6,3,22.0,0,2.2,5.2,,,73.0,226.0,25.39805,3.0,Mississippi,2019.0,2019.0,TEN,51.0,31.0,0.25
2022,21,00-0035676,A.Brown,WR,PHI,SF,0,0,0.0,0,0.0,0.0,0.0,0,0.0,0,8,4,28.0,0,2.8,6.8,,,73.0,226.0,25.39805,3.0,Mississippi,2019.0,2019.0,TEN,51.0,24.0,0.33333334
2022,22,00-0035676,A.Brown,WR,PHI,KC,0,0,0.0,0,0.0,0.0,0.0,0,0.0,0,8,6,96.0,1,15.6,21.6,,,73.0,226.0,25.39805,3.0,Mississippi,2019.0,2019.0,TEN,51.0,-3.0,0.23529412
2022,1,00-0035685,D.Montgomery,RB,CHI,SF,0,0,0.0,0,0.0,0.0,0.0,17,26.0,0,4,3,24.0,0,5.0,8.0,,,71.0,222.0,25.419470588235292,3.0,Iowa State,2019.0,2019.0,CHI,73.0,9.0,0.23529412
2022,2,00-0035685,D.Montgomery,RB,CHI,GB,0,0,0.0,0,0.0,0.0,0.0,15,122.0,0,2,2,14.0,0,13.6,15.6,,,71.0,222.0,25.419470588235292,3.0,Iowa State,2019.0,2019.0,CHI,73.0,,0.18181819
2022,3,00-0035685,D.Montgomery,RB,CHI,HOU,0,0,0.0,0,0.0,0.0,0.0,3,11.0,0,0,0,0.0,0,1.1,1.1,,,71.0,222.0,25.419470588235292,3.0,Iowa State,2019.0,2019.0,CHI,73.0,3.0,
2022,5,00-0035685,D.Montgomery,RB,CHI,MIN,0,0,0.0,0,0.0,0.0,0.0,12,20.0,1,4,4,62.0,0,14.2,18.2,,,71.0,222.0,25.419470588235292,3.0,Iowa State,2019.0,2019.0,CHI,73.0,,0.1904762
2022,6,00-0035685,D.Montgomery,RB,CHI,WAS,0,0,0.0,0,0.0,0.0,0.0,15,67.0,0,1,1,13.0,0,8.0,9.0,,,71.0,222.0,25.419470588235292,3.0,Iowa State,2019.0,2019.0,CHI,73.0,-5.0,0.03846154
2022,7,00-0035685,D.Montgomery,RB,CHI,NE,0,0,0.0,0,0.0,0.0,0.0,15,62.0,1,0,0,0.0,0,12.2,12.2,,,71.0,222.0,25.419470588235292,3.0,Iowa State,2019.0,2019.0,CHI,73.0,,
2022,8,00-0035685,D.Montgomery,RB,CHI,DAL,0,0,0.0,0,0.0,0.0,0.0,15,53.0,0,3,3,22.0,0,5.5,8.5,,,71.0,222.0,25.419470588235292,3.0,Iowa State,2019.0,2019.0,CHI,73.0,,0.13043478
2022,9,00-0035685,D.Montgomery,RB,CHI,MIA,0,0,0.0,0,0.0,0.0,0.0,14,36.0,0,2,1,8.0,0,4.4,5.4,,,71.0,222.0,25.419470588235292,3.0,Iowa State,2019.0,2019.0,CHI,73.0,-3.0,0.074074075
2022,10,00-0035685,D.Montgomery,RB,CHI,DET,0,0,0.0,0,0.0,0.0,0.0,9,37.0,0,1,1,7.0,0,4.4,5.4,,,71.0,222.0,25.419470588235292,3.0,Iowa State,2019.0,2019.0,CHI,73.0,-1.0,0.055555556
2022,11,00-0035685,D.Montgomery,RB,CHI,ATL,0,0,0.0,0,0.0,0.0,0.0,17,67.0,1,4,3,54.0,0,18.1,21.1,,,71.0,222.0,25.419470588235292,3.0,Iowa State,2019.0,2019.0,CHI,73.0,,0.21052632
2022,12,00-0035685,D.Montgomery,RB,CHI,NYJ,0,0,0.0,0,0.0,0.0,0.0,14,79.0,0,4,3,34.0,0,11.3,14.3,,,71.0,222.0,25.419470588235292,3.0,Iowa State,2019.0,2019.0,CHI,73.0,,0.16666667
2022,13,00-0035685,D.Montgomery,RB,CHI,GB,0,0,0.0,0,0.0,0.0,0.0,14,61.0,1,5,4,6.0,0,12.7,16.7,,,71.0,222.0,25.419470588235292,3.0,Iowa State,2019.0,2019.0,CHI,73.0,-9.0,0.2
2022,15,00-0035685,D.Montgomery,RB,CHI,PHI,0,0,0.0,0,0.0,0.0,0.0,12,53.0,1,3,3,38.0,1,21.1,24.1,,,71.0,222.0,25.419470588235292,3.0,Iowa State,2019.0,2019.0,CHI,73.0,-5.0,0.14285715
2022,16,00-0035685,D.Montgomery,RB,CHI,BUF,0,0,0.0,0,0.0,0.0,0.0,16,62.0,0,4,4,22.0,0,6.4,10.4,,,71.0,222.0,25.419470588235292,3.0,Iowa State,2019.0,2019.0,CHI,73.0,-22.0,0.16
2022,17,00-0035685,D.Montgomery,RB,CHI,DET,0,0,0.0,0,0.0,0.0,0.0,6,24.0,0,3,2,12.0,0,3.6,5.6,,,71.0,222.0,25.419470588235292,3.0,Iowa State,2019.0,2019.0,CHI,73.0,,0.16666667
2022,18,00-0035685,D.Montgomery,RB,CHI,MIN,0,0,0.0,0,0.0,0.0,0.0,7,21.0,0,0,0,0.0,0,2.1,2.1,,,71.0,222.0,25.419470588235292,3.0,Iowa State,2019.0,2019.0,CHI,73.0,-16.0,
2022,1,00-0035689,D.Knox,TE,BUF,LA,0,0,0.0,0,0.0,0.0,0.0,0,0.0,0,2,1,5.0,0,0.5,1.5,,,76.0,254.0,26.000777777777778,3.0,Mississippi,2019.0,2019.0,BUF,96.0,,0.06451613
2022,2,00-0035689,D.Knox,TE,BUF,TEN,0,0,0.0,0,0.0,0.0,0.0,0,0.0,0,5,4,41.0,0,4.1,8.1,,,76.0,254.0,26.000777777777778,3.0,Mississippi,2019.0,2019.0,BUF,96.0,34.0,0.12820514
2022,3,00-0035689,D.Knox,TE,BUF,MIA,0,0,0.0,0,0.0,0.0,0.0,0,0.0,0,4,4,25.0,0,2.5,6.5,,,76.0,254.0,26.000777777777778,3.0,Mississippi,2019.0,2019.0,BUF,96.0,,0.07017544
2022,4,00-0035689,D.Knox,TE,BUF,BAL,0,0,0.0,0,0.0,0.0,0.0,0,0.0,0,6,3,40.0,0,4.0,7.0,,,76.0,254.0,26.000777777777778,3.0,Mississippi,2019.0,2019.0,BUF,96.0,,0.1764706
2022,6,00-0035689,D.Knox,TE,BUF,KC,0,0,0.0,0,0.0,0.0,0.0,0,0.0,0,3,3,37.0,1,9.7,12.7,,,76.0,254.0,26.000777777777778,3.0,Mississippi,2019.0,2019.0,BUF,96.0,,0.078947365
2022,8,00-0035689,D.Knox,TE,BUF,GB,0,0,0.0,0,0.0,0.0,0.0,0,0.0,0,3,2,10.0,1,7.0,9.0,,,76.0,254.0,26.000777777777778,3.0,Mississippi,2019.0,2019.0,BUF,96.0,10.0,0.12
2022,9,00-0035689,D.Knox,TE,BUF,NYJ,0,0,0.0,0,0.0,0.0,0.0,0,0.0,0,4,3,25.0,0,2.5,5.5,,,76.0,254.0,26.000777777777778,3.0,Mississippi,2019.0,2019.0,BUF,96.0,,0.121212125
2022,10,00-0035689,D.Knox,TE,BUF,MIN,0,0,0.0,0,0.0,0.0,0.0,0,0.0,0,6,4,57.0,0,5.7,9.7,,,76.0,254.0,26.000777777777778,3.0,Mississippi,2019.0,2019.0,BUF,96.0,-3.0,0.14634146
2022,11,00-0035689,D.Knox,TE,BUF,CLE,0,0,0.0,0,0.0,0.0,0.0,0,0.0,0,7,7,70.0,0,7.0,14.0,,,76.0,254.0,26.000777777777778,3.0,Mississippi,2019.0,2019.0,BUF,96.0,8.0,0.29166666
2022,12,00-0035689,D.Knox,TE,BUF,DET,0,0,0.0,0,0.0,0.0,0.0,0,0.0,0,2,2,17.0,0,1.7,3.7,,,76.0,254.0,26.000777777777778,3.0,Mississippi,2019.0,2019.0,BUF,96.0,,0.051282052
2022,13,00-0035689,D.Knox,TE,BUF,NE,0,0,0.0,0,0.0,0.0,0.0,0,0.0,0,1,0,0.0,0,0.0,0.0,,,76.0,254.0,26.000777777777778,3.0,Mississippi,2019.0,2019.0,BUF,96.0,,0.030303031
2022,14,00-0035689,D.Knox,TE,BUF,NYJ,0,0,0.0,0,0.0,0.0,0.0,0,0.0,0,7,4,41.0,1,10.1,14.1,,,76.0,254.0,26.000777777777778,3.0,Mississippi,2019.0,2019.0,BUF,96.0,8.0,0.25925925
2022,15,00-0035689,D.Knox,TE,BUF,MIA,0,0,0.0,0,0.0,0.0,0.0,0,0.0,0,8,6,98.0,1,15.8,21.8,,,76.0,254.0,26.000777777777778,3.0,Mississippi,2019.0,2019.0,BUF,96.0,3.0,0.21052632
2022,16,00-0035689,D.Knox,TE,BUF,CHI,0,0,0.0,0,0.0,0.0,0.0,0,0.0,0,5,3,38.0,1,9.8,12.8,,,76.0,254.0,26.000777777777778,3.0,Mississippi,2019.0,2019.0,BUF,96.0,,0.2
2022,18,00-0035689,D.Knox,TE,BUF,NE,0,0,0.0,0,0.0,0.0,0.0,0,0.0,0,2,2,13.0,1,7.3,9.3,,,76.0,254.0,26.000777777777778,3.0,Mississippi,2019.0,2019.0,BUF,96.0,12.0,0.06451613
2022,19,00-0035689,D.Knox,TE,BUF,MIA,0,0,0.0,0,0.0,0.0,0.0,0,0.0,0,5,3,20.0,1,8.0,11.0,,,76.0,254.0,26.000777777777778,3.0,Mississippi,2019.0,2019.0,BUF,96.0,3.0,0.13513513
2022,20,00-0035689,D.Knox,TE,BUF,CIN,0,0,0.0,0,0.0,0.0,0.0,0,0.0,0,7,5,65.0,0,6.5,11.5,,,76.0,254.0,26.000777777777778,3.0,Mississippi,2019.0,2019.0,BUF,96.0,-17.0,0.175
2022,1,00-0035700,J.Jacobs,RB,LV,LAC,0,0,0.0,0,0.0,0.0,0.0,10,57.0,0,1,1,16.0,0,7.3,8.3,,,70.0,220.0,24.74658823529412,3.0,Alabama,2019.0,2019.0,OAK,24.0,,0.028571429
2022,2,00-0035700,J.Jacobs,RB,LV,ARI,0,0,0.0,0,0.0,0.0,0.0,19,69.0,0,1,1,12.0,0,8.1,9.1,,,70.0,220.0,24.74658823529412,3.0,Alabama,2019.0,2019.0,OAK,24.0,-6.0,0.025641026
2022,3,00-0035700,J.Jacobs,RB,LV,TEN,0,0,0.0,0,0.0,0.0,0.0,13,66.0,0,5,5,31.0,0,9.7,14.7,,,70.0,220.0,24.74658823529412,3.0,Alabama,2019.0,2019.0,OAK,24.0,,0.12195122
2022,4,00-0035700,J.Jacobs,RB,LV,DEN,0,0,0.0,0,0.0,0.0,0.0,28,144.0,2,6,5,31.0,0,29.5,34.5,,,70.0,220.0,24.74658823529412,3.0,Alabama,2019.0,2019.0,OAK,24.0,9.0,0.2
2022,5,00-0035700,J.Jacobs,RB,LV,KC,0,0,0.0,0,0.0,0.0,0.0,21,154.0,1,5,5,39.0,0,25.3,30.3,,,70.0,220.0,24.74658823529412,3.0,Alabama,2019.0,2019.0,OAK,24.0,,0.18518518
2022,7,00-0035700,J.Jacobs,RB,LV,HOU,0,0,0.0,0,0.0,0.0,0.0,20,143.0,3,4,3,12.0,0,33.5,36.5,,,70.0,220.0,24.74658823529412,3.0,Alabama,2019.0,2019.0,OAK,24.0,18.0,0.15384616
2022,8,00-0035700,J.Jacobs,RB,LV,NO,0,0,0.0,0,0.0,0.0,0.0,10,43.0,0,4,2,11.0,0,5.4,7.4,,,70.0,220.0,24.74658823529412,3.0,Alabama,2019.0,2019.0,OAK,24.0,,0.102564104
2022,9,00-0035700,J.Jacobs,RB,LV,JAX,0,0,0.0,0,0.0,0.0,0.0,17,67.0,0,3,3,20.0,0,8.7,11.7,,,70.0,220.0,24.74658823529412,3.0,Alabama,2019.0,2019.0,OAK,24.0,,0.083333336
2022,10,00-0035700,J.Jacobs,RB,LV,IND,0,0,0.0,0,0.0,0.0,0.0,21,78.0,1,8,6,28.0,0,16.6,22.6,,,70.0,220.0,24.74658823529412,3.0,Alabama,2019.0,2019.0,OAK,24.0,-5.0,0.21052632
2022,11,00-0035700,J.Jacobs,RB,LV,DEN,0,0,0.0,0,0.0,0.0,0.0,24,109.0,0,4,3,51.0,0,16.0,19.0,,,70.0,220.0,24.74658823529412,3.0,Alabama,2019.0,2019.0,OAK,24.0,,0.10810811
2022,12,00-0035700,J.Jacobs,RB,LV,SEA,0,0,0.0,0,0.0,0.0,0.0,33,229.0,2,7,6,74.0,0,42.3,48.3,,,70.0,220.0,24.74658823529412,3.0,Alabama,2019.0,2019.0,OAK,24.0,,0.19444445
2022,13,00-0035700,J.Jacobs,RB,LV,LAC,0,0,0.0,0,0.0,0.0,0.0,26,144.0,1,2,2,6.0,0,19.0,21.0,,,70.0,220.0,24.74658823529412,3.0,Alabama,2019.0,2019.0,OAK,24.0,7.0,0.074074075
2022,14,00-0035700,J.Jacobs,RB,LV,LA,0,0,0.0,0,0.0,0.0,0.0,27,99.0,1,2,2,15.0,0,17.4,19.4,,,70.0,220.0,24.74658823529412,3.0,Alabama,2019.0,2019.0,OAK,24.0,,0.10526316
2022,15,00-0035700,J.Jacobs,RB,LV,NE,0,0,0.0,0,0.0,0.0,0.0,22,93.0,0,3,2,17.0,0,11.0,13.0,,,70.0,220.0,24.74658823529412,3.0,Alabama,2019.0,2019.0,OAK,24.0,6.0,0.09375
2022,16,00-0035700,J.Jacobs,RB,LV,PIT,0,0,0.0,0,0.0,0.0,0.0,15,44.0,0,1,1,6.0,0,5.0,6.0,,,70.0,220.0,24.74658823529412,3.0,Alabama,2019.0,2019.0,OAK,24.0,,0.033333335
2022,17,00-0035700,J.Jacobs,RB,LV,SF,0,0,0.0,0,0.0,0.0,0.0,17,69.0,1,5,4,26.0,0,15.5,19.5,,,70.0,220.0,24.74658823529412,3.0,Alabama,2019.0,2019.0,OAK,24.0,-3.0,0.15625
2022,18,00-0035700,J.Jacobs,RB,LV,KC,0,0,0.0,0,0.0,0.0,0.0,17,45.0,0,3,2,5.0,0,5.0,7.0,,,70.0,220.0,24.74658823529412,3.0,Alabama,2019.0,2019.0,OAK,24.0,-18.0,0.0882353
2022,1,00-0035703,M.Boykin,WR,PIT,CIN,0,0,0.0,0,0.0,0.0,0.0,0,0.0,0,1,0,0.0,0,0.0,0.0,,,76.0,220.0,26.07670588235294,3.0,Notre Dame,2019.0,2019.0,BAL,93.0,,0.027027028
2022,5,00-0035703,M.Boykin,WR,PIT,BUF,0,0,0.0,0,0.0,0.0,0.0,0,0.0,0,1,1,11.0,0,1.1,2.1,,,76.0,220.0,26.07670588235294,3.0,Notre Dame,2019.0,2019.0,BAL,93.0,,0.019607844
2022,15,00-0035703,M.Boykin,WR,PIT,CAR,0,0,0.0,0,0.0,0.0,0.0,0,0.0,0,1,1,0.0,0,0.0,1.0,,,76.0,220.0,26.07670588235294,3.0,Notre Dame,2019.0,2019.0,BAL,93.0,,0.04761905
2022,1,00-0035710,D.Jones,QB,NYG,TEN,17,21,188.0,2,1.0,5.0,32.0,6,25.0,0,0,0,0.0,0,16.02,16.02,,,77.0,220.0,25.475210526315788,3.0,Duke,2019.0,2019.0,NYG,6.0,,
2022,2,00-0035710,D.Jones,QB,NYG,CAR,22,34,176.0,1,0.0,3.0,14.0,10,21.0,0,0,0,0.0,0,13.14,13.14,,,77.0,220.0,25.475210526315788,3.0,Duke,2019.0,2019.0,NYG,6.0,3.0,
2022,3,00-0035710,D.Jones,QB,NYG,DAL,20,37,196.0,0,1.0,5.0,27.0,9,79.0,0,0,0,0.0,0,13.74,13.74,,,77.0,220.0,25.475210526315788,3.0,Duke,2019.0,2019.0,NYG,6.0,-7.0,
2022,4,00-0035710,D.Jones,QB,NYG,CHI,8,13,71.0,0,0.0,1.0,11.0,6,68.0,2,0,0,0.0,0,21.64,21.64,,,77.0,220.0,25.475210526315788,3.0,Duke,2019.0,2019.0,NYG,6.0,8.0,
2022,5,00-0035710,D.Jones,QB,NYG,GB,21,27,217.0,0,0.0,1.0,4.0,10,37.0,0,0,0,0.0,0,12.38,12.38,,,77.0,220.0,25.475210526315788,3.0,Duke,2019.0,2019.0,NYG,6.0,,
2022,6,00-0035710,D.Jones,QB,NYG,BAL,19,27,173.0,2,0.0,4.0,18.0,6,6.0,0,0,0,0.0,0,13.52,13.52,,,77.0,220.0,25.475210526315788,3.0,Duke,2019.0,2019.0,NYG,6.0,4.0,
2022,7,00-0035710,D.Jones,QB,NYG,JAX,19,30,202.0,1,0.0,1.0,2.0,11,107.0,1,0,0,0.0,0,28.78,28.78,,,77.0,220.0,25.475210526315788,3.0,Duke,2019.0,2019.0,NYG,6.0,,
2022,8,00-0035710,D.Jones,QB,NYG,SEA,17,31,176.0,0,0.0,5.0,29.0,6,20.0,0,0,0,0.0,0,9.04,9.04,,,77.0,220.0,25.475210526315788,3.0,Duke,2019.0,2019.0,NYG,6.0,,
2022,10,00-0035710,D.Jones,QB,NYG,HOU,13,17,197.0,2,0.0,3.0,21.0,5,24.0,0,0,0,0.0,0,18.28,18.28,,,77.0,220.0,25.475210526315788,3.0,Duke,2019.0,2019.0,NYG,6.0,8.0,
2022,11,00-0035710,D.Jones,QB,NYG,DET,27,44,341.0,1,2.0,2.0,17.0,7,50.0,1,0,0,0.0,0,24.64,24.64,,,77.0,220.0,25.475210526315788,3.0,Duke,2019.0,2019.0,NYG,6.0,-13.0,
2022,12,00-0035710,D.Jones,QB,NYG,DAL,21,35,228.0,1,0.0,3.0,18.0,3,14.0,0,0,0,0.0,0,14.52,14.52,,,77.0,220.0,25.475210526315788,3.0,Duke,2019.0,2019.0,NYG,6.0,,
2022,13,00-0035710,D.Jones,QB,NYG,WAS,25,31,200.0,1,0.0,4.0,18.0,12,71.0,0,0,0,0.0,0,17.1,17.1,,,77.0,220.0,25.475210526315788,3.0,Duke,2019.0,2019.0,NYG,6.0,0.0,
2022,14,00-0035710,D.Jones,QB,NYG,PHI,18,27,169.0,1,0.0,4.0,17.0,4,26.0,1,0,0,0.0,0,19.36,19.36,,,77.0,220.0,25.475210526315788,3.0,Duke,2019.0,2019.0,NYG,6.0,-26.0,
2022,15,00-0035710,D.Jones,QB,NYG,WAS,21,32,160.0,0,0.0,0.0,-0.0,10,35.0,0,0,0,0.0,0,9.9,9.9,,,77.0,220.0,25.475210526315788,3.0,Duke,2019.0,2019.0,NYG,6.0,,
2022,16,00-0035710,D.Jones,QB,NYG,MIN,30,42,334.0,1,1.0,3.0,15.0,4,34.0,0,0,0,0.0,0,20.76,20.76,,,77.0,220.0,25.475210526315788,3.0,Duke,2019.0,2019.0,NYG,6.0,,
2022,17,00-0035710,D.Jones,QB,NYG,IND,19,24,177.0,2,0.0,0.0,-0.0,11,91.0,2,0,0,0.0,0,36.18,36.18,,,77.0,220.0,25.475210526315788,3.0,Duke,2019.0,2019.0,NYG,6.0,28.0,
2022,19,00-0035710,D.Jones,QB,NYG,MIN,24,35,301.0,2,0.0,3.0,12.0,17,78.0,0,0,0,0.0,0,27.84,27.84,,,77.0,220.0,25.475210526315788,3.0,Duke,2019.0,2019.0,NYG,6.0,,
2022,20,00-0035710,D.Jones,QB,NYG,PHI,15,27,135.0,0,1.0,5.0,26.0,6,24.0,0,0,0,0.0,0,5.8,5.8,,,77.0,220.0,25.475210526315788,3.0,Duke,2019.0,2019.0,NYG,6.0,,
2022,1,00-0035719,D.Samuel,WR,SF,CHI,0,0,0.0,0,0.0,0.0,0.0,8,52.0,1,7,2,14.0,0,10.6,12.6,,,72.0,214.0,26.848950000000002,3.0,South Carolina,2019.0,2019.0,SF,36.0,,0.26923078
2022,2,00-0035719,D.Samuel,WR,SF,SEA,0,0,0.0,0,0.0,0.0,0.0,4,53.0,0,6,5,44.0,0,9.7,14.7,,,72.0,214.0,26.848950000000002,3.0,South Carolina,2019.0,2019.0,SF,36.0,20.0,0.25
2022,3,00-0035719,D.Samuel,WR,SF,DEN,0,0,0.0,0,0.0,0.0,0.0,5,6.0,0,8,5,73.0,0,7.9,12.9,,,72.0,214.0,26.848950000000002,3.0,South Carolina,2019.0,2019.0,SF,36.0,,0.27586207
2022,4,00-0035719,D.Samuel,WR,SF,LA,0,0,0.0,0,0.0,0.0,0.0,2,2.0,0,7,6,115.0,1,17.7,23.7,,,72.0,214.0,26.848950000000002,3.0,South Carolina,2019.0,2019.0,SF,36.0,15.0,0.28
2022,5,00-0035719,D.Samuel,WR,SF,CAR,0,0,0.0,0,0.0,0.0,0.0,2,12.0,0,9,2,20.0,1,9.2,11.2,,,72.0,214.0,26.848950000000002,3.0,South Carolina,2019.0,2019.0,SF,36.0,,0.3
2022,6,00-0035719,D.Samuel,WR,SF,ATL,0,0,0.0,0,0.0,0.0,0.0,2,11.0,0,10,7,79.0,0,9.0,16.0,,,72.0,214.0,26.848950000000002,3.0,South Carolina,2019.0,2019.0,SF,36.0,,0.24390244
2022,7,00-0035719,D.Samuel,WR,SF,KC,0,0,0.0,0,0.0,0.0,0.0,1,2.0,0,7,5,42.0,0,4.4,9.4,,,72.0,214.0,26.848950000000002,3.0,South Carolina,2019.0,2019.0,SF,36.0,-21.0,0.1521739
2022,10,00-0035719,D.Samuel,WR,SF,LAC,0,0,0.0,0,0.0,0.0,0.0,4,27.0,0,6,2,24.0,0,5.1,7.1,,,72.0,214.0,26.848950000000002,3.0,South Carolina,2019.0,2019.0,SF,36.0,6.0,0.21428572
2022,11,00-0035719,D.Samuel,WR,SF,ARI,0,0,0.0,0,0.0,0.0,0.0,3,37.0,1,9,7,57.0,0,15.4,22.4,,,72.0,214.0,26.848950000000002,3.0,South Carolina,2019.0,2019.0,SF,36.0,,0.31034482
2022,12,00-0035719,D.Samuel,WR,SF,NO,0,0,0.0,0,0.0,0.0,0.0,2,0.0,0,7,3,43.0,0,4.3,7.3,,,72.0,214.0,26.848950000000002,3.0,South Carolina,2019.0,2019.0,SF,36.0,13.0,0.1891892
2022,13,00-0035719,D.Samuel,WR,SF,MIA,0,0,0.0,0,0.0,0.0,0.0,4,5.0,0,10,6,58.0,0,6.3,12.3,,,72.0,214.0,26.848950000000002,3.0,South Carolina,2019.0,2019.0,SF,36.0,16.0,0.25
2022,14,00-0035719,D.Samuel,WR,SF,TB,0,0,0.0,0,0.0,0.0,0.0,4,21.0,1,5,4,43.0,0,10.4,14.4,,,72.0,214.0,26.848950000000002,3.0,South Carolina,2019.0,2019.0,SF,36.0,28.0,0.22727273
2022,18,00-0035719,D.Samuel,WR,SF,ARI,0,0,0.0,0,0.0,0.0,0.0,1,4.0,0,3,2,20.0,0,2.4,4.4,,,72.0,214.0,26.848950000000002,3.0,South Carolina,2019.0,2019.0,SF,36.0,25.0,0.15
2022,19,00-0035719,D.Samuel,WR,SF,SEA,0,0,0.0,0,0.0,0.0,0.0,3,32.0,0,9,6,133.0,1,22.5,28.5,,,72.0,214.0,26.848950000000002,3.0,South Carolina,2019.0,2019.0,SF,36.0,18.0,0.33333334
2022,20,00-0035719,D.Samuel,WR,SF,DAL,0,0,0.0,0,0.0,0.0,0.0,4,11.0,0,7,4,45.0,0,5.6,9.6,,,72.0,214.0,26.848950000000002,3.0,South Carolina,2019.0,2019.0,SF,36.0,7.0,0.26923078
2022,21,00-0035719,D.Samuel,WR,SF,PHI,0,0,0.0,0,0.0,0.0,0.0,6,-9.0,0,6,3,33.0,0,0.4,3.4,,,72.0,214.0,26.848950000000002,3.0,South Carolina,2019.0,2019.0,SF,36.0,,0.4
2022,1,00-0035726,J.Johnson,FB,LV,LAC,0,0,0.0,0,0.0,0.0,0.0,0,0.0,0,1,1,1.0,0,0.1,1.1,,,75.0,255.0,27.906117647058824,3.0,Tennessee,2019.0,2019.0,,,,0.028571429
2022,5,00-0035726,J.Johnson,FB,LV,KC,0,0,0.0,0,0.0,0.0,0.0,0,0.0,0,1,1,5.0,0,0.5,1.5,,,75.0,255.0,27.906117647058824,3.0,Tennessee,2019.0,2019.0,,,,0.037037037
2022,11,00-0035726,J.Johnson,FB,LV,DEN,0,0,0.0,0,0.0,0.0,0.0,0,0.0,0,1,1,0.0,0,0.0,1.0,,,75.0,255.0,27.906117647058824,3.0,Tennessee,2019.0,2019.0,,,,0.027027028
2022,12,00-0035726,J.Johnson,FB,LV,SEA,0,0,0.0,0,0.0,0.0,0.0,0,0.0,0,1,0,0.0,0,0.0,0.0,,,75.0,255.0,27.906117647058824,3.0,Tennessee,2019.0,2019.0,,,,0.027777778
2022,14,00-0035726,J.Johnson,FB,LV,LA,0,0,0.0,0,0.0,0.0,0.0,0,0.0,0,1,1,1.0,0,0.1,1.1,,,75.0,255.0,27.906117647058824,3.0,Tennessee,2019.0,2019.0,,,,0.05263158
2022,18,00-0035726,J.Johnson,FB,LV,KC,0,0,0.0,0,0.0,0.0,0.0,0,0.0,0,1,1,3.0,0,0.3,1.3,,,75.0,255.0,27.906117647058824,3.0,Tennessee,2019.0,2019.0,,,-18.0,0.029411765
2022,16,00-0035752,C.Streveler,QB,NYJ,JAX,10,15,90.0,0,0.0,0.0,-0.0,9,54.0,0,0,0,0.0,0,9.0,9.0,,,73.0,215.0,27.841470588235296,2.0,South Dakota,2020.0,2020.0,,,-16.0,
2022,2,00-0035771,M.Wilcox,TE,CIN,DAL,0,0,0.0,0,0.0,0.0,0.0,0,0.0,0,1,1,3.0,0,0.3,1.3,,,76.0,245.0,26.02878947368421,2.0,South Florida,2020.0,2020.0,,,,0.028571429
2022,3,00-0035771,M.Wilcox,TE,CIN,NYJ,0,0,0.0,0,0.0,0.0,0.0,0,0.0,0,1,1,9.0,0,0.9,1.9,,,76.0,245.0,26.02878947368421,2.0,South Florida,2020.0,2020.0,,,,0.028571429
2022,4,00-0035771,M.Wilcox,TE,CIN,MIA,0,0,0.0,0,0.0,0.0,0.0,0,0.0,0,1,1,18.0,0,1.8,2.8,,,76.0,245.0,26.02878947368421,2.0,South Florida,2020.0,2020.0,,,12.0,0.03125
2022,7,00-0035771,M.Wilcox,TE,CIN,ATL,0,0,0.0,0,0.0,0.0,0.0,0,0.0,0,2,2,14.0,0,1.4,3.4,,,76.0,245.0,26.02878947368421,2.0,South Florida,2020.0,2020.0,,,18.0,0.04761905
2022,8,00-0035771,M.Wilcox,TE,CIN,CLE,0,0,0.0,0,0.0,0.0,0.0,0,0.0,0,1,1,3.0,0,0.3,1.3,,,76.0,245.0,26.02878947368421,2.0,South Florida,2020.0,2020.0,,,,0.029411765
2022,13,00-0035771,M.Wilcox,TE,CIN,KC,0,0,0.0,0,0.0,0.0,0.0,0,0.0,0,1,1,13.0,0,1.3,2.3,,,76.0,245.0,26.02878947368421,2.0,South Florida,2020.0,2020.0,,,3.0,0.032258064
2022,14,00-0035771,M.Wilcox,TE,CIN,CLE,0,0,0.0,0,0.0,0.0,0.0,0,0.0,0,2,1,10.0,0,1.0,2.0,,,76.0,245.0,26.02878947368421,2.0,South Florida,2020.0,2020.0,,,13.0,0.0625
2022,15,00-0035771,M.Wilcox,TE,CIN,TB,0,0,0.0,0,0.0,0.0,0.0,0,0.0,0,3,3,34.0,1,9.4,12.4,,,76.0,245.0,26.02878947368421,2.0,South Florida,2020.0,2020.0,,,,0.078947365
2022,16,00-0035771,M.Wilcox,TE,CIN,NE,0,0,0.0,0,0.0,0.0,0.0,0,0.0,0,6,6,35.0,0,3.5,9.5,,,76.0,245.0,26.02878947368421,2.0,South Florida,2020.0,2020.0,,,,0.12244898
2022,20,00-0035771,M.Wilcox,TE,CIN,BUF,0,0,0.0,0,0.0,0.0,0.0,0,0.0,0,2,1,9.0,0,0.9,1.9,,,76.0,245.0,26.02878947368421,2.0,South Florida,2020.0,2020.0,,,,0.0625
2022,21,00-0035771,M.Wilcox,TE,CIN,KC,0,0,0.0,0,0.0,0.0,0.0,0,0.0,0,2,1,10.0,0,1.0,2.0,,,76.0,245.0,26.02878947368421,2.0,South Florida,2020.0,2020.0,,,,0.054054055
2022,3,00-0035806,J.Hasty,RB,JAX,LAC,0,0,0.0,0,0.0,0.0,0.0,0,0.0,0,1,0,0.0,0,0.0,0.0,,,68.0,205.0,26.176578947368423,2.0,Baylor,2020.0,2020.0,,,,0.02631579
2022,4,00-0035806,J.Hasty,RB,JAX,PHI,0,0,0.0,0,0.0,0.0,0.0,0,0.0,0,2,2,22.0,0,2.2,4.2,,,68.0,205.0,26.176578947368423,2.0,Baylor,2020.0,2020.0,,,,0.08695652
2022,5,00-0035806,J.Hasty,RB,JAX,HOU,0,0,0.0,0,0.0,0.0,0.0,1,6.0,0,0,0,0.0,0,0.6,0.6,,,68.0,205.0,26.176578947368423,2.0,Baylor,2020.0,2020.0,,,-7.0,
2022,6,00-0035806,J.Hasty,RB,JAX,IND,0,0,0.0,0,0.0,0.0,0.0,3,57.0,1,0,0,0.0,0,11.7,11.7,,,68.0,205.0,26.176578947368423,2.0,Baylor,2020.0,2020.0,,,,
2022,7,00-0035806,J.Hasty,RB,JAX,NYG,0,0,0.0,0,0.0,0.0,0.0,1,6.0,0,0,0,0.0,0,0.6,0.6,,,68.0,205.0,26.176578947368423,2.0,Baylor,2020.0,2020.0,,,-6.0,
2022,8,00-0035806,J.Hasty,RB,JAX,DEN,0,0,0.0,0,0.0,0.0,0.0,4,13.0,0,4,3,-3.0,0,1.0,4.0,,,68.0,205.0,26.176578947368423,2.0,Baylor,2020.0,2020.0,,,-4.0,0.14285715
2022,9,00-0035806,J.Hasty,RB,JAX,LV,0,0,0.0,0,0.0,0.0,0.0,3,6.0,0,1,1,5.0,0,1.1,2.1,,,68.0,205.0,26.176578947368423,2.0,Baylor,2020.0,2020.0,,,7.0,0.03448276
2022,10,00-0035806,J.Hasty,RB,JAX,KC,0,0,0.0,0,0.0,0.0,0.0,1,4.0,0,2,1,-1.0,0,0.3,1.3,,,68.0,205.0,26.176578947368423,2.0,Baylor,2020.0,2020.0,,,,0.051282052
2022,12,00-0035806,J.Hasty,RB,JAX,BAL,0,0,0.0,0,0.0,0.0,0.0,12,28.0,0,5,5,67.0,1,15.5,20.5,,,68.0,205.0,26.176578947368423,2.0,Baylor,2020.0,2020.0,,,1.0,0.13513513
2022,14,00-0035806,J.Hasty,RB,JAX,TEN,0,0,0.0,0,0.0,0.0,0.0,4,13.0,0,0,0,0.0,0,1.3,1.3,,,68.0,205.0,26.176578947368423,2.0,Baylor,2020.0,2020.0,,,,
2022,15,00-0035806,J.Hasty,RB,JAX,DAL,0,0,0.0,0,0.0,0.0,0.0,1,13.0,0,1,1,2.0,0,1.5,2.5,,,68.0,205.0,26.176578947368423,2.0,Baylor,2020.0,2020.0,,,6.0,0.024390243
2022,16,00-0035806,J.Hasty,RB,JAX,NYJ,0,0,0.0,0,0.0,0.0,0.0,3,10.0,0,3,1,11.0,0,2.1,3.1,,,68.0,205.0,26.176578947368423,2.0,Baylor,2020.0,2020.0,,,,0.1
2022,17,00-0035806,J.Hasty,RB,JAX,HOU,0,0,0.0,0,0.0,0.0,0.0,10,33.0,1,6,6,23.0,0,11.6,17.6,,,68.0,205.0,26.176578947368423,2.0,Baylor,2020.0,2020.0,,,,0.21428572
2022,18,00-0035806,J.Hasty,RB,JAX,TEN,0,0,0.0,0,0.0,0.0,0.0,3,5.0,0,1,0,0.0,0,0.5,0.5,,,68.0,205.0,26.176578947368423,2.0,Baylor,2020.0,2020.0,,,4.0,0.03448276
2022,20,00-0035806,J.Hasty,RB,JAX,KC,0,0,0.0,0,0.0,0.0,0.0,4,36.0,0,2,1,7.0,0,4.3,5.3,,,68.0,205.0,26.176578947368423,2.0,Baylor,2020.0,2020.0,,,,0.05263158
2022,1,00-0035823,B.Ellefson,TE,MIN,GB,0,0,0.0,0,0.0,0.0,0.0,0,0.0,0,1,1,2.0,0,0.2,1.2,,,75.0,250.0,26.201166666666666,2.0,North Dakota State,2020.0,2020.0,,,16.0,0.032258064
2022,3,00-0035823,B.Ellefson,TE,MIN,DET,0,0,0.0,0,0.0,0.0,0.0,0,0.0,0,2,2,24.0,0,2.4,4.4,,,75.0,250.0,26.201166666666666,2.0,North Dakota State,2020.0,2020.0,,,4.0,0.054054055
2022,1,00-0035831,J.Robinson,RB,JAX,WAS,0,0,0.0,0,0.0,0.0,0.0,11,66.0,1,2,1,3.0,1,18.9,19.9,,,69.0,220.0,24.252235294117646,2.0,Illinois State,2020.0,2020.0,,,,0.05263158
2022,2,00-0035831,J.Robinson,RB,JAX,IND,0,0,0.0,0,0.0,0.0,0.0,23,64.0,1,2,2,14.0,0,13.8,15.8,,,69.0,220.0,24.252235294117646,2.0,Illinois State,2020.0,2020.0,,,24.0,0.06666667
2022,3,00-0035831,J.Robinson,RB,JAX,LAC,0,0,0.0,0,0.0,0.0,0.0,17,100.0,1,3,3,16.0,0,17.6,20.6,,,69.0,220.0,24.252235294117646,2.0,Illinois State,2020.0,2020.0,,,,0.078947365
2022,4,00-0035831,J.Robinson,RB,JAX,PHI,0,0,0.0,0,0.0,0.0,0.0,8,29.0,0,0,0,0.0,0,2.9,2.9,,,69.0,220.0,24.252235294117646,2.0,Illinois State,2020.0,2020.0,,,,
2022,5,00-0035831,J.Robinson,RB,JAX,HOU,0,0,0.0,0,0.0,0.0,0.0,10,27.0,0,2,2,12.0,0,3.9,5.9,,,69.0,220.0,24.252235294117646,2.0,Illinois State,2020.0,2020.0,,,-7.0,0.045454547
2022,6,00-0035831,J.Robinson,RB,JAX,IND,0,0,0.0,0,0.0,0.0,0.0,12,54.0,0,1,1,1.0,0,5.5,6.5,,,69.0,220.0,24.252235294117646,2.0,Illinois State,2020.0,2020.0,,,,0.045454547
2022,7,00-0035831,J.Robinson,RB,JAX,NYG,0,0,0.0,0,0.0,0.0,0.0,0,0.0,0,1,0,0.0,0,0.0,0.0,,,69.0,220.0,24.252235294117646,2.0,Illinois State,2020.0,2020.0,,,-6.0,0.023255814
2022,8,00-0035831,J.Robinson,RB,NYJ,NE,0,0,0.0,0,0.0,0.0,0.0,5,17.0,0,1,0,0.0,0,1.7,1.7,,,69.0,220.0,24.252235294117646,2.0,Illinois State,2020.0,2020.0,,,-5.0,0.029411765
2022,9,00-0035831,J.Robinson,RB,NYJ,BUF,0,0,0.0,0,0.0,0.0,0.0,13,48.0,0,2,2,5.0,1,11.3,13.3,,,69.0,220.0,24.252235294117646,2.0,Illinois State,2020.0,2020.0,,,3.0,0.083333336
2022,11,00-0035831,J.Robinson,RB,NYJ,NE,0,0,0.0,0,0.0,0.0,0.0,7,10.0,0,0,0,0.0,0,1.0,1.0,,,69.0,220.0,24.252235294117646,2.0,Illinois State,2020.0,2020.0,,,,
2022,13,00-0035831,J.Robinson,RB,NYJ,MIN,0,0,0.0,0,0.0,0.0,0.0,4,10.0,0,0,0,0.0,0,1.0,1.0,,,69.0,220.0,24.252235294117646,2.0,Illinois State,2020.0,2020.0,,,,
2022,2,00-0035860,T.Jones,RB,NO,TB,0,0,0.0,0,0.0,0.0,0.0,2,8.0,0,2,2,12.0,0,2.0,4.0,,,71.0,225.0,24.967444444444443,2.0,Notre Dame,2020.0,2020.0,,,-10.0,0.05
2022,13,00-0035860,T.Jones,RB,SEA,LA,0,0,0.0,0,0.0,0.0,0.0,7,14.0,0,4,2,18.0,0,3.2,5.2,,,71.0,225.0,24.967444444444443,2.0,Notre Dame,2020.0,2020.0,,,,0.10810811
2022,14,00-0035860,T.Jones,RB,SEA,CAR,0,0,0.0,0,0.0,0.0,0.0,1,2.0,0,2,1,0.0,0,0.2,1.2,,,71.0,225.0,24.967444444444443,2.0,Notre Dame,2020.0,2020.0,,,-6.0,0.055555556
2022,2,00-0035864,K.Hinton,WR,DEN,HOU,0,0,0.0,0,0.0,0.0,0.0,0,0.0,0,1,1,20.0,0,2.0,3.0,,,72.0,195.0,25.72105882352941,2.0,Wake Forest,2020.0,2020.0,,,7.0,0.035714287
2022,3,00-0035864,K.Hinton,WR,DEN,SF,0,0,0.0,0,0.0,0.0,0.0,0,0.0,0,1,1,27.0,0,2.7,3.7,,,72.0,195.0,25.72105882352941,2.0,Wake Forest,2020.0,2020.0,,,1.0,0.03125
2022,4,00-0035864,K.Hinton,WR,DEN,LV,0,0,0.0,0,0.0,0.0,0.0,0,0.0,0,3,2,39.0,0,3.9,5.9,,,72.0,195.0,25.72105882352941,2.0,Wake Forest,2020.0,2020.0,,,,0.12
2022,6,00-0035864,K.Hinton,WR,DEN,LAC,0,0,0.0,0,0.0,0.0,0.0,0,0.0,0,1,1,8.0,0,0.8,1.8,,,72.0,195.0,25.72105882352941,2.0,Wake Forest,2020.0,2020.0,,,,0.04
2022,7,00-0035864,K.Hinton,WR,DEN,NYJ,0,0,0.0,0,0.0,0.0,0.0,0,0.0,0,1,1,14.0,0,1.4,2.4,,,72.0,195.0,25.72105882352941,2.0,Wake Forest,2020.0,2020.0,,,-7.0,0.022222223
2022,10,00-0035864,K.Hinton,WR,DEN,TEN,0,0,0.0,0,0.0,0.0,0.0,0,0.0,0,5,4,62.0,0,6.2,10.2,,,72.0,195.0,25.72105882352941,2.0,Wake Forest,2020.0,2020.0,,,,0.12820514
2022,11,00-0035864,K.Hinton,WR,DEN,LV,0,0,0.0,0,0.0,0.0,0.0,0,0.0,0,3,3,57.0,0,5.7,8.7,,,72.0,195.0,25.72105882352941,2.0,Wake Forest,2020.0,2020.0,,,-6.0,0.10714286
2022,12,00-0035864,K.Hinton,WR,DEN,CAR,0,0,0.0,0,0.0,0.0,0.0,1,13.0,0,9,5,35.0,0,4.8,9.8,,,72.0,195.0,25.72105882352941,2.0,Wake Forest,2020.0,2020.0,,,,0.28125
2022,13,00-0035864,K.Hinton,WR,DEN,BAL,0,0,0.0,0,0.0,0.0,0.0,0,0.0,0,1,1,11.0,0,1.1,2.1,,,72.0,195.0,25.72105882352941,2.0,Wake Forest,2020.0,2020.0,,,,0.04761905
2022,14,00-0035864,K.Hinton,WR,DEN,KC,0,0,0.0,0,0.0,0.0,0.0,0,0.0,0,6,5,38.0,0,3.8,8.8,,,72.0,195.0,25.72105882352941,2.0,Wake Forest,2020.0,2020.0,,,-6.0,0.13953489
2022,17,00-0035864,K.Hinton,WR,DEN,KC,0,0,0.0,0,0.0,0.0,0.0,1,0.0,0,2,0,0.0,0,0.0,0.0,,,72.0,195.0,25.72105882352941,2.0,Wake Forest,2020.0,2020.0,,,,0.055555556
2022,2,00-0035876,A.Baccellia,WR,ARI,LV,0,0,0.0,0,0.0,0.0,0.0,0,0.0,0,2,2,12.0,0,1.2,3.2,,,70.0,175.0,25.834294117647058,2.0,Washington,2020.0,2020.0,,,,0.04255319
2022,3,00-0035876,A.Baccellia,WR,ARI,LA,0,0,0.0,0,0.0,0.0,0.0,0,0.0,0,4,2,13.0,0,1.3,3.3,,,70.0,175.0,25.834294117647058,2.0,Washington,2020.0,2020.0,,,-8.0,0.07272727
2022,12,00-0035876,A.Baccellia,WR,ARI,LAC,0,0,0.0,0,0.0,0.0,0.0,0,0.0,0,1,1,7.0,0,0.7,1.7,,,70.0,175.0,25.834294117647058,2.0,Washington,2020.0,2020.0,,,-1.0,0.037037037
2022,17,00-0035876,A.Baccellia,WR,ARI,ATL,0,0,0.0,0,0.0,0.0,0.0,0,0.0,0,2,1,7.0,0,0.7,1.7,,,70.0,175.0,25.834294117647058,2.0,Washington,2020.0,2020.0,,,,0.05263158
2022,18,00-0035876,A.Baccellia,WR,ARI,SF,0,0,0.0,0,0.0,0.0,0.0,0,0.0,0,1,1,6.0,0,0.6,1.6,,,70.0,175.0,25.834294117647058,2.0,Washington,2020.0,2020.0,,,,0.037037037
2022,3,00-0035889,T.Townsend,P,KC,IND,0,1,0.0,0,0.0,0.0,-0.0,0,0.0,0,0,0,0.0,0,0.0,0.0,,,73.0,176.0,26.026600000000002,2.0,Florida,2020.0,2020.0,,,,
2022,12,00-0035891,C.White,WR,PIT,IND,0,0,0.0,0,0.0,0.0,0.0,0,0.0,0,1,1,2.0,0,0.2,1.2,,,75.0,210.0,23.949411764705882,2.0,Michigan State,2020.0,2020.0,,,,0.035714287
2022,17,00-0035924,J.Ward,RB,TEN,DAL,0,0,0.0,0,0.0,0.0,0.0,4,26.0,0,1,1,4.0,0,3.0,4.0,,,72.0,202.0,25.109111111111112,2.0,Central Michigan,2020.0,2020.0,,,-14.0,0.02631579
2022,18,00-0035924,J.Ward,RB,TEN,JAX,0,0,0.0,0,0.0,0.0,0.0,1,-1.0,0,2,1,3.0,0,0.2,1.2,,,72.0,202.0,25.109111111111112,2.0,Central Michigan,2020.0,2020.0,,,,0.074074075
2022,10,00-0035939,B.Perkins,QB,LA,ARI,1,1,-3.0,0,0.0,0.0,-0.0,3,4.0,0,0,0,0.0,0,0.28,0.28,,,75.0,215.0,25.88994117647059,2.0,Virginia,2020.0,2020.0,,,-10.0,
2022,11,00-0035939,B.Perkins,QB,LA,NO,5,10,64.0,0,0.0,3.0,26.0,5,39.0,0,0,0,0.0,0,6.46,6.46,,,75.0,215.0,25.88994117647059,2.0,Virginia,2020.0,2020.0,,,,
2022,12,00-0035939,B.Perkins,QB,LA,KC,13,23,100.0,1,2.0,3.0,24.0,9,44.0,0,0,0,0.0,0,8.4,8.4,,,75.0,215.0,25.88994117647059,2.0,Virginia,2020.0,2020.0,,,,
2022,13,00-0035939,B.Perkins,QB,LA,SEA,0,0,0.0,0,0.0,0.0,0.0,1,5.0,0,0,0,0.0,0,0.5,0.5,,,75.0,215.0,25.88994117647059,2.0,Virginia,2020.0,2020.0,,,-4.0,
2022,16,00-0035939,B.Perkins,QB,LA,DEN,0,0,0.0,0,0.0,0.0,0.0,1,-2.0,0,0,0,0.0,0,-0.2,-0.2,,,75.0,215.0,25.88994117647059,2.0,Virginia,2020.0,2020.0,,,37.0,
2022,2,00-0035956,G.Ricci,TE,CAR,NYG,0,0,0.0,0,0.0,0.0,0.0,0,0.0,0,1,1,16.0,0,1.6,2.6,,,75.0,240.0,26.061117647058822,2.0,Western Michigan,2020.0,2020.0,,,,0.037037037
2022,3,00-0035956,G.Ricci,TE,CAR,NO,0,0,0.0,0,0.0,0.0,0.0,0,0.0,0,2,1,15.0,0,1.5,2.5,,,75.0,240.0,26.061117647058822,2.0,Western Michigan,2020.0,2020.0,,,8.0,0.083333336
2022,5,00-0035956,G.Ricci,TE,CAR,SF,0,0,0.0,0,0.0,0.0,0.0,0,0.0,0,3,3,27.0,0,2.7,5.7,,,75.0,240.0,26.061117647058822,2.0,Western Michigan,2020.0,2020.0,,,-22.0,0.075
2022,9,00-0035956,G.Ricci,TE,CAR,CIN,0,0,0.0,0,0.0,0.0,0.0,0,0.0,0,1,1,8.0,0,0.8,1.8,,,75.0,240.0,26.061117647058822,2.0,Western Michigan,2020.0,2020.0,,,,0.033333335
2022,10,00-0035956,G.Ricci,TE,CAR,ATL,0,0,0.0,0,0.0,0.0,0.0,0,0.0,0,1,1,2.0,0,0.2,1.2,,,75.0,240.0,26.061117647058822,2.0,Western Michigan,2020.0,2020.0,,,10.0,0.0625
2022,17,00-0035956,G.Ricci,TE,CAR,TB,0,0,0.0,0,0.0,0.0,0.0,0,0.0,0,1,1,32.0,0,3.2,4.2,,,75.0,240.0,26.061117647058822,2.0,Western Michigan,2020.0,2020.0,,,,0.032258064
2022,13,00-0035973,P.Taylor,RB,GB,CHI,0,0,0.0,0,0.0,0.0,0.0,1,6.0,0,0,0,0.0,0,0.6,0.6,,,74.0,223.0,24.527117647058823,2.0,Memphis,2020.0,2020.0,,,,
2022,15,00-0035973,P.Taylor,RB,GB,LA,0,0,0.0,0,0.0,0.0,0.0,4,15.0,0,0,0,0.0,0,1.5,1.5,,,74.0,223.0,24.527117647058823,2.0,Memphis,2020.0,2020.0,,,12.0,
2022,16,00-0035973,P.Taylor,RB,GB,MIA,0,0,0.0,0,0.0,0.0,0.0,0,0.0,0,1,1,17.0,0,1.7,2.7,,,74.0,223.0,24.527117647058823,2.0,Memphis,2020.0,2020.0,,,,0.02631579
2022,17,00-0035973,P.Taylor,RB,GB,MIN,0,0,0.0,0,0.0,0.0,0.0,5,10.0,0,0,0,0.0,0,1.0,1.0,,,74.0,223.0,24.527117647058823,2.0,Memphis,2020.0,2020.0,,,24.0,
2022,13,00-0035993,T.Huntley,QB,BAL,DEN,27,32,187.0,0,1.0,2.0,6.0,10,41.0,1,0,0,0.0,0,15.58,15.58,,,73.0,205.0,24.774055555555556,2.0,Utah,2020.0,2020.0,,,1.0,
2022,14,00-0035993,T.Huntley,QB,BAL,PIT,8,12,88.0,0,0.0,1.0,6.0,9,31.0,0,0,0,0.0,0,6.62,6.62,,,73.0,205.0,24.774055555555556,2.0,Utah,2020.0,2020.0,,,,
2022,15,00-0035993,T.Huntley,QB,BAL,CLE,17,30,138.0,0,1.0,3.0,12.0,6,15.0,0,0,0,0.0,0,5.02,5.02,,,73.0,205.0,24.774055555555556,2.0,Utah,2020.0,2020.0,,,,
2022,16,00-0035993,T.Huntley,QB,BAL,ATL,9,17,115.0,1,0.0,0.0,-0.0,11,26.0,0,0,0,0.0,0,13.2,13.2,,,73.0,205.0,24.774055555555556,2.0,Utah,2020.0,2020.0,,,8.0,
2022,17,00-0035993,T.Huntley,QB,BAL,PIT,14,21,130.0,1,1.0,1.0,10.0,7,24.0,0,0,0,0.0,0,9.6,9.6,,,73.0,205.0,24.774055555555556,2.0,Utah,2020.0,2020.0,,,-3.0,
2022,19,00-0035993,T.Huntley,QB,BAL,CIN,17,29,226.0,2,1.0,2.0,17.0,9,54.0,0,0,0,0.0,0,18.44,18.44,,,73.0,205.0,24.774055555555556,2.0,Utah,2020.0,2020.0,,,,
2022,1,00-0036005,N.Togiai,TE,PHI,DET,0,0,0.0,0,0.0,0.0,0.0,0,0.0,0,1,0,0.0,0,0.0,0.0,,,76.0,246.0,25.38165,2.0,Oregon State,2020.0,2020.0,,,,0.03448276
2022,8,00-0036020,S.Ahmed,RB,MIA,DET,0,0,0.0,0,0.0,0.0,0.0,1,2.0,0,0,0,0.0,0,0.2,0.2,,,71.0,196.0,23.872444444444444,2.0,Washington,2020.0,2020.0,,,,
2022,10,00-0036020,S.Ahmed,RB,MIA,CLE,0,0,0.0,0,0.0,0.0,0.0,3,11.0,0,0,0,0.0,0,1.1,1.1,,,71.0,196.0,23.872444444444444,2.0,Washington,2020.0,2020.0,,,22.0,
2022,14,00-0036020,S.Ahmed,RB,MIA,LAC,0,0,0.0,0,0.0,0.0,0.0,1,1.0,0,0,0,0.0,0,0.1,0.1,,,71.0,196.0,23.872444444444444,2.0,Washington,2020.0,2020.0,,,,
2022,15,00-0036020,S.Ahmed,RB,MIA,BUF,0,0,0.0,0,0.0,0.0,0.0,6,43.0,1,0,0,0.0,0,10.3,10.3,,,71.0,196.0,23.872444444444444,2.0,Washington,2020.0,2020.0,,,,
2022,17,00-0036020,S.Ahmed,RB,MIA,NE,0,0,0.0,0,0.0,0.0,0.0,0,0.0,0,1,1,8.0,0,0.8,1.8,,,71.0,196.0,23.872444444444444,2.0,Washington,2020.0,2020.0,,,,0.025
2022,18,00-0036020,S.Ahmed,RB,MIA,NYJ,0,0,0.0,0,0.0,0.0,0.0,1,7.0,0,0,0,0.0,0,0.7,0.7,,,71.0,196.0,23.872444444444444,2.0,Washington,2020.0,2020.0,,,5.0,
2022,19,00-0036020,S.Ahmed,RB,MIA,BUF,0,0,0.0,0,0.0,0.0,0.0,5,3.0,0,5,3,45.0,0,4.8,7.8,,,71.0,196.0,23.872444444444444,2.0,Washington,2020.0,2020.0,,,,0.11904762
2022,6,00-0036032,S.McKeon,TE,DAL,PHI,0,0,0.0,0,0.0,0.0,0.0,0,0.0,0,1,1,10.0,0,1.0,2.0,,,77.0,246.0,24.88647368421053,2.0,Michigan,2020.0,2020.0,,,,0.027027028
2022,10,00-0036032,S.McKeon,TE,DAL,GB,0,0,0.0,0,0.0,0.0,0.0,0,0.0,0,2,1,1.0,0,0.1,1.1,,,77.0,246.0,24.88647368421053,2.0,Michigan,2020.0,2020.0,,,,0.045454547
2022,1,00-0036040,J.Johnson,TE,NO,ATL,0,0,0.0,0,0.0,0.0,0.0,0,0.0,0,5,2,43.0,0,4.3,6.3,,,76.0,231.0,26.150647058823527,2.0,Oregon,2020.0,2020.0,,,,0.15625
2022,2,00-0036040,J.Johnson,TE,NO,TB,0,0,0.0,0,0.0,0.0,0.0,0,0.0,0,7,4,40.0,0,4.0,8.0,,,76.0,231.0,26.150647058823527,2.0,Oregon,2020.0,2020.0,,,-10.0,0.175
2022,3,00-0036040,J.Johnson,TE,NO,CAR,0,0,0.0,0,0.0,0.0,0.0,0,0.0,0,1,0,0.0,0,0.0,0.0,,,76.0,231.0,26.150647058823527,2.0,Oregon,2020.0,2020.0,,,,0.025641026
2022,4,00-0036040,J.Johnson,TE,NO,MIN,0,0,0.0,0,0.0,0.0,0.0,0,0.0,0,4,3,33.0,0,3.3,6.3,,,76.0,231.0,26.150647058823527,2.0,Oregon,2020.0,2020.0,,,-3.0,0.14285715
2022,5,00-0036040,J.Johnson,TE,NO,SEA,0,0,0.0,0,0.0,0.0,0.0,0,0.0,0,2,1,13.0,0,1.3,2.3,,,76.0,231.0,26.150647058823527,2.0,Oregon,2020.0,2020.0,,,7.0,0.08
2022,6,00-0036040,J.Johnson,TE,NO,CIN,0,0,0.0,0,0.0,0.0,0.0,0,0.0,0,6,4,41.0,0,4.1,8.1,,,76.0,231.0,26.150647058823527,2.0,Oregon,2020.0,2020.0,,,-4.0,0.19354838
2022,7,00-0036040,J.Johnson,TE,NO,ARI,0,0,0.0,0,0.0,0.0,0.0,0,0.0,0,5,5,32.0,2,15.2,20.2,,,76.0,231.0,26.150647058823527,2.0,Oregon,2020.0,2020.0,,,,0.10869565
2022,8,00-0036040,J.Johnson,TE,NO,LV,0,0,0.0,0,0.0,0.0,0.0,0,0.0,0,4,2,14.0,0,1.4,3.4,,,76.0,231.0,26.150647058823527,2.0,Oregon,2020.0,2020.0,,,24.0,0.13333334
2022,9,00-0036040,J.Johnson,TE,NO,BAL,0,0,0.0,0,0.0,0.0,0.0,0,0.0,0,2,2,42.0,1,10.2,12.2,,,76.0,231.0,26.150647058823527,2.0,Oregon,2020.0,2020.0,,,-14.0,0.071428575
2022,10,00-0036040,J.Johnson,TE,NO,PIT,0,0,0.0,0,0.0,0.0,0.0,0,0.0,0,7,5,44.0,1,10.4,15.4,,,76.0,231.0,26.150647058823527,2.0,Oregon,2020.0,2020.0,,,,0.25
2022,11,00-0036040,J.Johnson,TE,NO,LA,0,0,0.0,0,0.0,0.0,0.0,0,0.0,0,4,3,47.0,1,10.7,13.7,,,76.0,231.0,26.150647058823527,2.0,Oregon,2020.0,2020.0,,,7.0,0.14814815
2022,12,00-0036040,J.Johnson,TE,NO,SF,0,0,0.0,0,0.0,0.0,0.0,0,0.0,0,2,0,0.0,0,0.0,0.0,,,76.0,231.0,26.150647058823527,2.0,Oregon,2020.0,2020.0,,,,0.06666667
2022,15,00-0036040,J.Johnson,TE,NO,ATL,0,0,0.0,0,0.0,0.0,0.0,0,0.0,0,6,4,67.0,2,18.7,22.7,,,76.0,231.0,26.150647058823527,2.0,Oregon,2020.0,2020.0,,,3.0,0.31578946
2022,16,00-0036040,J.Johnson,TE,NO,CLE,0,0,0.0,0,0.0,0.0,0.0,0,0.0,0,2,1,9.0,0,0.9,1.9,,,76.0,231.0,26.150647058823527,2.0,Oregon,2020.0,2020.0,,,,0.14285715
2022,17,00-0036040,J.Johnson,TE,NO,PHI,0,0,0.0,0,0.0,0.0,0.0,0,0.0,0,7,5,62.0,0,6.2,11.2,,,76.0,231.0,26.150647058823527,2.0,Oregon,2020.0,2020.0,,,,0.3043478
2022,18,00-0036040,J.Johnson,TE,NO,CAR,0,0,0.0,0,0.0,0.0,0.0,0,0.0,0,1,1,21.0,0,2.1,3.1,,,76.0,231.0,26.150647058823527,2.0,Oregon,2020.0,2020.0,,,-3.0,0.04
2022,17,00-0036059,T.Mabry,TE,SEA,NYJ,0,0,0.0,0,0.0,0.0,0.0,0,0.0,0,1,1,7.0,1,6.7,7.7,,,75.0,248.0,25.975,2.0,Maryland,2020.0,2020.0,,,17.0,0.035714287
2022,9,00-0036096,J.Taylor,RB,NE,IND,0,0,0.0,0,0.0,0.0,0.0,10,9.0,0,1,1,8.0,0,1.7,2.7,,,66.0,185.0,24.84594117647059,2.0,Arizona,2020.0,2020.0,,,23.0,0.03448276
2022,5,00-0036133,J.Proche,WR,BAL,CIN,0,0,0.0,0,0.0,0.0,0.0,0,0.0,0,2,1,7.0,0,0.7,1.7,,,71.0,193.0,26.145944444444446,2.0,Southern Methodist,2020.0,2020.0,BAL,201.0,2.0,0.074074075
2022,8,00-0036133,J.Proche,WR,BAL,TB,0,0,0.0,0,0.0,0.0,0.0,0,0.0,0,4,3,24.0,0,2.4,5.4,,,71.0,193.0,26.145944444444446,2.0,Southern Methodist,2020.0,2020.0,BAL,201.0,,0.11764706
2022,9,00-0036133,J.Proche,WR,BAL,NO,0,0,0.0,0,0.0,0.0,0.0,0,0.0,0,2,2,22.0,0,2.2,4.2,,,71.0,193.0,26.145944444444446,2.0,Southern Methodist,2020.0,2020.0,BAL,201.0,,0.09090909
2022,11,00-0036133,J.Proche,WR,BAL,CAR,0,0,0.0,0,0.0,0.0,0.0,0,0.0,0,2,0,0.0,0,0.0,0.0,,,71.0,193.0,26.145944444444446,2.0,Southern Methodist,2020.0,2020.0,BAL,201.0,10.0,0.0625
2022,13,00-0036133,J.Proche,WR,BAL,DEN,0,1,0.0,0,1.0,0.0,-0.0,0,0.0,0,2,2,9.0,0,-1.1,0.9,,,71.0,193.0,26.145944444444446,2.0,Southern Methodist,2020.0,2020.0,BAL,201.0,1.0,0.055555556
2022,15,00-0036133,J.Proche,WR,BAL,CLE,0,0,0.0,0,0.0,0.0,0.0,0,0.0,0,2,0,0.0,0,0.0,0.0,,,71.0,193.0,26.145944444444446,2.0,Southern Methodist,2020.0,2020.0,BAL,201.0,,0.071428575
2022,18,00-0036133,J.Proche,WR,BAL,CIN,0,0,0.0,0,0.0,0.0,0.0,0,0.0,0,3,0,0.0,0,0.0,0.0,,,71.0,193.0,26.145944444444446,2.0,Southern Methodist,2020.0,2020.0,BAL,201.0,,0.071428575
2022,1,00-0036145,L.Cager,TE,NYJ,BAL,0,0,0.0,0,0.0,0.0,0.0,0,0.0,0,1,0,0.0,0,0.0,0.0,,,77.0,220.0,25.242473684210527,2.0,Georgia,2020.0,2020.0,,,-15.0,0.01754386
2022,8,00-0036145,L.Cager,TE,NYG,SEA,0,0,0.0,0,0.0,0.0,0.0,0,0.0,0,1,0,0.0,0,0.0,0.0,,,77.0,220.0,25.242473684210527,2.0,Georgia,2020.0,2020.0,,,,0.032258064
2022,10,00-0036145,L.Cager,TE,NYG,HOU,0,0,0.0,0,0.0,0.0,0.0,0,0.0,0,2,2,9.0,1,6.9,8.9,,,77.0,220.0,25.242473684210527,2.0,Georgia,2020.0,2020.0,,,8.0,0.11764706
2022,11,00-0036145,L.Cager,TE,NYG,DET,0,0,0.0,0,0.0,0.0,0.0,0,0.0,0,3,2,20.0,0,2.0,4.0,,,77.0,220.0,25.242473684210527,2.0,Georgia,2020.0,2020.0,,,-13.0,0.075
2022,12,00-0036145,L.Cager,TE,NYG,DAL,0,0,0.0,0,0.0,0.0,0.0,0,0.0,0,2,1,20.0,0,2.0,3.0,,,77.0,220.0,25.242473684210527,2.0,Georgia,2020.0,2020.0,,,,0.06896552
2022,18,00-0036145,L.Cager,TE,NYG,PHI,0,0,0.0,0,0.0,1.0,2.0,0,0.0,0,10,8,69.0,0,6.9,14.9,,,77.0,220.0,25.242473684210527,2.0,Georgia,2020.0,2020.0,,,,0.2631579
2022,19,00-0036145,L.Cager,TE,NYG,MIN,0,0,0.0,0,0.0,0.0,0.0,0,0.0,0,2,1,4.0,0,0.4,1.4,,,77.0,220.0,25.242473684210527,2.0,Georgia,2020.0,2020.0,,,,0.060606062
2022,20,00-0036145,L.Cager,TE,NYG,PHI,0,0,0.0,0,0.0,0.0,0.0,0,0.0,0,1,1,16.0,0,1.6,2.6,,,77.0,220.0,25.242473684210527,2.0,Georgia,2020.0,2020.0,,,,0.03846154
2022,3,00-0036158,J.Dobbins,RB,BAL,NE,0,0,0.0,0,0.0,0.0,0.0,7,23.0,0,2,2,17.0,0,4.0,6.0,,,70.0,214.0,23.906166666666664,2.0,Ohio State,2020.0,2020.0,BAL,55.0,,0.074074075
2022,4,00-0036158,J.Dobbins,RB,BAL,BUF,0,0,0.0,0,0.0,0.0,0.0,13,41.0,1,4,4,22.0,1,18.3,22.3,,,70.0,214.0,23.906166666666664,2.0,Ohio State,2020.0,2020.0,BAL,55.0,-3.0,0.14285715
2022,5,00-0036158,J.Dobbins,RB,BAL,CIN,0,0,0.0,0,0.0,0.0,0.0,8,44.0,0,0,0,0.0,0,4.4,4.4,,,70.0,214.0,23.906166666666664,2.0,Ohio State,2020.0,2020.0,BAL,55.0,2.0,
2022,6,00-0036158,J.Dobbins,RB,BAL,NYG,0,0,0.0,0,0.0,0.0,0.0,7,15.0,0,0,0,0.0,0,1.5,1.5,,,70.0,214.0,23.906166666666664,2.0,Ohio State,2020.0,2020.0,BAL,55.0,,
2022,14,00-0036158,J.Dobbins,RB,BAL,PIT,0,0,0.0,0,0.0,0.0,0.0,15,120.0,1,0,0,0.0,0,18.0,18.0,,,70.0,214.0,23.906166666666664,2.0,Ohio State,2020.0,2020.0,BAL,55.0,,
2022,15,00-0036158,J.Dobbins,RB,BAL,CLE,0,0,0.0,0,0.0,0.0,0.0,13,125.0,0,1,1,3.0,0,12.8,13.8,,,70.0,214.0,23.906166666666664,2.0,Ohio State,2020.0,2020.0,BAL,55.0,,0.035714287
2022,16,00-0036158,J.Dobbins,RB,BAL,ATL,0,0,0.0,0,0.0,0.0,0.0,12,59.0,0,1,0,0.0,0,5.9,5.9,,,70.0,214.0,23.906166666666664,2.0,Ohio State,2020.0,2020.0,BAL,55.0,8.0,0.0625
2022,17,00-0036158,J.Dobbins,RB,BAL,PIT,0,0,0.0,0,0.0,0.0,0.0,17,93.0,0,0,0,0.0,0,9.3,9.3,,,70.0,214.0,23.906166666666664,2.0,Ohio State,2020.0,2020.0,BAL,55.0,-3.0,
2022,19,00-0036158,J.Dobbins,RB,BAL,CIN,0,0,0.0,0,0.0,0.0,0.0,13,62.0,0,5,4,43.0,1,16.5,20.5,,,70.0,214.0,23.906166666666664,2.0,Ohio State,2020.0,2020.0,BAL,55.0,,0.17857143
2022,5,00-0036165,I.Hodgins,WR,BUF,PIT,0,0,0.0,0,0.0,0.0,0.0,0,0.0,0,6,4,41.0,0,4.1,8.1,,,75.0,209.0,24.075,2.0,Oregon State,2020.0,2020.0,BUF,207.0,35.0,0.16666667
2022,10,00-0036165,I.Hodgins,WR,NYG,HOU,0,0,0.0,0,0.0,0.0,0.0,0,0.0,0,2,2,41.0,0,4.1,6.1,,,75.0,209.0,24.075,2.0,Oregon State,2020.0,2020.0,BUF,207.0,8.0,0.11764706
2022,11,00-0036165,I.Hodgins,WR,NYG,DET,0,0,0.0,0,0.0,0.0,0.0,0,0.0,0,3,3,29.0,0,0.9,3.9,,,75.0,209.0,24.075,2.0,Oregon State,2020.0,2020.0,BUF,207.0,-13.0,0.075
2022,12,00-0036165,I.Hodgins,WR,NYG,DAL,0,0,0.0,0,0.0,0.0,0.0,0,0.0,0,4,3,31.0,0,3.1,6.1,,,75.0,209.0,24.075,2.0,Oregon State,2020.0,2020.0,BUF,207.0,,0.13793103
2022,13,00-0036165,I.Hodgins,WR,NYG,WAS,0,0,0.0,0,0.0,0.0,0.0,0,0.0,0,6,5,44.0,1,10.4,15.4,,,75.0,209.0,24.075,2.0,Oregon State,2020.0,2020.0,BUF,207.0,0.0,0.21428572
2022,14,00-0036165,I.Hodgins,WR,NYG,PHI,0,0,0.0,0,0.0,0.0,0.0,0,0.0,0,6,4,38.0,1,11.8,15.8,,,75.0,209.0,24.075,2.0,Oregon State,2020.0,2020.0,BUF,207.0,-26.0,0.1875
2022,15,00-0036165,I.Hodgins,WR,NYG,WAS,0,0,0.0,0,0.0,0.0,0.0,0,0.0,0,4,4,37.0,0,3.7,7.7,,,75.0,209.0,24.075,2.0,Oregon State,2020.0,2020.0,BUF,207.0,,0.13333334
2022,16,00-0036165,I.Hodgins,WR,NYG,MIN,0,0,0.0,0,0.0,0.0,0.0,0,0.0,0,12,8,89.0,1,14.9,22.9,,,75.0,209.0,24.075,2.0,Oregon State,2020.0,2020.0,BUF,207.0,,0.29268292
2022,17,00-0036165,I.Hodgins,WR,NYG,IND,0,0,0.0,0,0.0,0.0,0.0,0,0.0,0,5,4,42.0,1,10.2,14.2,,,75.0,209.0,24.075,2.0,Oregon State,2020.0,2020.0,BUF,207.0,28.0,0.2173913
2022,19,00-0036165,I.Hodgins,WR,NYG,MIN,0,0,0.0,0,0.0,0.0,0.0,0,0.0,0,9,8,105.0,1,16.5,24.5,,,75.0,209.0,24.075,2.0,Oregon State,2020.0,2020.0,BUF,207.0,,0.27272728
2022,20,00-0036165,I.Hodgins,WR,NYG,PHI,0,0,0.0,0,0.0,0.0,0.0,0,0.0,0,2,1,3.0,0,0.3,1.3,,,75.0,209.0,24.075,2.0,Oregon State,2020.0,2020.0,BUF,207.0,,0.07692308
2022,7,00-0036176,M.Kinsey,WR,TEN,IND,0,0,0.0,0,0.0,0.0,0.0,0,0.0,0,1,1,3.0,0,0.3,1.3,,,70.0,195.0,24.20135294117647,2.0,Berry,2020.0,2020.0,,,9.0,0.05
2022,1,00-0036182,N.Westbrook-Ikhine,WR,TEN,NYG,0,0,0.0,0,0.0,0.0,0.0,0,0.0,0,2,1,13.0,0,1.3,2.3,,,74.0,215.0,25.641470588235297,2.0,Indiana,2020.0,2020.0,,,-1.0,0.06451613
2022,2,00-0036182,N.Westbrook-Ikhine,WR,TEN,BUF,0,0,0.0,0,0.0,0.0,0.0,0,0.0,0,4,1,13.0,0,1.3,2.3,,,74.0,215.0,25.641470588235297,2.0,Indiana,2020.0,2020.0,,,,0.17391305
2022,3,00-0036182,N.Westbrook-Ikhine,WR,TEN,LV,0,0,0.0,0,0.0,0.0,0.0,0,0.0,0,3,3,40.0,0,4.0,7.0,,,74.0,215.0,25.641470588235297,2.0,Indiana,2020.0,2020.0,,,2.0,0.115384616
2022,5,00-0036182,N.Westbrook-Ikhine,WR,TEN,WAS,0,0,0.0,0,0.0,0.0,0.0,0,0.0,0,3,2,72.0,0,7.2,9.2,,,74.0,215.0,25.641470588235297,2.0,Indiana,2020.0,2020.0,,,,0.13043478
2022,7,00-0036182,N.Westbrook-Ikhine,WR,TEN,IND,0,0,0.0,0,0.0,0.0,0.0,0,0.0,0,2,0,0.0,0,0.0,0.0,,,74.0,215.0,25.641470588235297,2.0,Indiana,2020.0,2020.0,,,9.0,0.1
2022,9,00-0036182,N.Westbrook-Ikhine,WR,TEN,KC,0,0,0.0,0,0.0,0.0,0.0,0,0.0,0,1,0,0.0,0,0.0,0.0,,,74.0,215.0,25.641470588235297,2.0,Indiana,2020.0,2020.0,,,,0.07692308
2022,10,00-0036182,N.Westbrook-Ikhine,WR,TEN,DEN,0,0,0.0,0,0.0,0.0,0.0,0,0.0,0,8,5,119.0,2,23.9,28.9,,,74.0,215.0,25.641470588235297,2.0,Indiana,2020.0,2020.0,,,7.0,0.22222222
2022,11,00-0036182,N.Westbrook-Ikhine,WR,TEN,GB,0,0,0.0,0,0.0,0.0,0.0,0,0.0,0,2,2,28.0,0,2.8,4.8,,,74.0,215.0,25.641470588235297,2.0,Indiana,2020.0,2020.0,,,,0.074074075
2022,12,00-0036182,N.Westbrook-Ikhine,WR,TEN,CIN,0,0,0.0,0,0.0,0.0,0.0,0,0.0,0,6,4,58.0,0,5.8,9.8,,,74.0,215.0,25.641470588235297,2.0,Indiana,2020.0,2020.0,,,-4.0,0.1764706
2022,13,00-0036182,N.Westbrook-Ikhine,WR,TEN,PHI,0,0,0.0,0,0.0,0.0,0.0,0,0.0,0,2,1,4.0,0,0.4,1.4,,,74.0,215.0,25.641470588235297,2.0,Indiana,2020.0,2020.0,,,,0.08
2022,14,00-0036182,N.Westbrook-Ikhine,WR,TEN,JAX,0,0,0.0,0,0.0,0.0,0.0,0,0.0,0,8,3,23.0,1,8.3,11.3,,,74.0,215.0,25.641470588235297,2.0,Indiana,2020.0,2020.0,,,-14.0,0.21052632
2022,15,00-0036182,N.Westbrook-Ikhine,WR,TEN,LAC,0,0,0.0,0,0.0,0.0,0.0,0,0.0,0,2,0,0.0,0,0.0,0.0,,,74.0,215.0,25.641470588235297,2.0,Indiana,2020.0,2020.0,,,,0.07692308
2022,16,00-0036182,N.Westbrook-Ikhine,WR,TEN,HOU,0,0,0.0,0,0.0,0.0,0.0,0,0.0,0,3,2,23.0,0,2.3,4.3,,,74.0,215.0,25.641470588235297,2.0,Indiana,2020.0,2020.0,,,-5.0,0.15
2022,17,00-0036182,N.Westbrook-Ikhine,WR,TEN,DAL,0,0,0.0,0,0.0,0.0,0.0,0,0.0,0,3,1,4.0,0,0.4,1.4,,,74.0,215.0,25.641470588235297,2.0,Indiana,2020.0,2020.0,,,-14.0,0.078947365
2022,18,00-0036182,N.Westbrook-Ikhine,WR,TEN,JAX,0,0,0.0,0,0.0,0.0,0.0,0,0.0,0,1,0,0.0,0,0.0,0.0,,,74.0,215.0,25.641470588235297,2.0,Indiana,2020.0,2020.0,,,,0.037037037
2022,2,00-0036187,R.Gilliam,FB,BUF,TEN,0,0,0.0,0,0.0,0.0,0.0,0,0.0,0,3,2,17.0,1,7.7,9.7,,,72.0,255.0,25.236833333333333,2.0,Toledo,2020.0,2020.0,,,34.0,0.07692308
2022,3,00-0036187,R.Gilliam,FB,BUF,MIA,0,0,0.0,0,0.0,0.0,0.0,0,0.0,0,3,2,22.0,0,2.2,4.2,,,72.0,255.0,25.236833333333333,2.0,Toledo,2020.0,2020.0,,,,0.05263158
2022,6,00-0036187,R.Gilliam,FB,BUF,KC,0,0,0.0,0,0.0,0.0,0.0,0,0.0,0,3,3,18.0,0,1.8,4.8,,,72.0,255.0,25.236833333333333,2.0,Toledo,2020.0,2020.0,,,,0.078947365
2022,16,00-0036187,R.Gilliam,FB,BUF,CHI,0,0,0.0,0,0.0,0.0,0.0,0,0.0,0,1,1,12.0,0,1.2,2.2,,,72.0,255.0,25.236833333333333,2.0,Toledo,2020.0,2020.0,,,,0.04
2022,4,00-0036194,D.Asiasi,TE,CIN,MIA,0,0,0.0,0,0.0,0.0,0.0,0,0.0,0,1,0,0.0,0,0.0,0.0,,,75.0,260.0,25.26215789473684,2.0,UCLA,2020.0,2020.0,NE,91.0,12.0,0.03125
2022,9,00-0036194,D.Asiasi,TE,CIN,CAR,0,0,0.0,0,0.0,0.0,0.0,0,0.0,0,1,0,0.0,0,0.0,0.0,,,75.0,260.0,25.26215789473684,2.0,UCLA,2020.0,2020.0,NE,91.0,21.0,0.033333335
2022,16,00-0036194,D.Asiasi,TE,CIN,NE,0,0,0.0,0,0.0,0.0,0.0,0,0.0,0,2,2,5.0,0,0.5,2.5,,,75.0,260.0,25.26215789473684,2.0,UCLA,2020.0,2020.0,NE,91.0,,0.040816326
2022,1,00-0036196,G.Davis,WR,BUF,LA,0,0,0.0,0,0.0,0.0,0.0,0,0.0,0,5,4,88.0,1,14.8,18.8,,,74.0,213.0,23.709166666666665,2.0,Central Florida,2020.0,2020.0,BUF,128.0,,0.16129032
2022,3,00-0036196,G.Davis,WR,BUF,MIA,0,0,0.0,0,0.0,0.0,0.0,0,0.0,0,6,3,37.0,0,3.7,6.7,,,74.0,213.0,23.709166666666665,2.0,Central Florida,2020.0,2020.0,BUF,128.0,,0.10526316
2022,4,00-0036196,G.Davis,WR,BUF,BAL,0,0,0.0,0,0.0,0.0,0.0,0,0.0,0,3,1,13.0,0,1.3,2.3,,,74.0,213.0,23.709166666666665,2.0,Central Florida,2020.0,2020.0,BUF,128.0,,0.0882353
2022,5,00-0036196,G.Davis,WR,BUF,PIT,0,0,0.0,0,0.0,0.0,0.0,0,0.0,0,6,3,171.0,2,29.1,32.1,,,74.0,213.0,23.709166666666665,2.0,Central Florida,2020.0,2020.0,BUF,128.0,35.0,0.16666667
2022,6,00-0036196,G.Davis,WR,BUF,KC,0,0,0.0,0,0.0,0.0,0.0,0,0.0,0,6,3,74.0,1,13.4,16.4,,,74.0,213.0,23.709166666666665,2.0,Central Florida,2020.0,2020.0,BUF,128.0,,0.15789473
2022,8,00-0036196,G.Davis,WR,BUF,GB,0,0,0.0,0,0.0,0.0,0.0,0,0.0,0,7,2,35.0,0,3.5,5.5,,,74.0,213.0,23.709166666666665,2.0,Central Florida,2020.0,2020.0,BUF,128.0,10.0,0.28
2022,9,00-0036196,G.Davis,WR,BUF,NYJ,0,0,0.0,0,0.0,0.0,0.0,0,0.0,0,5,2,33.0,0,3.3,5.3,,,74.0,213.0,23.709166666666665,2.0,Central Florida,2020.0,2020.0,BUF,128.0,,0.15151516
2022,10,00-0036196,G.Davis,WR,BUF,MIN,0,0,0.0,0,0.0,0.0,0.0,0,0.0,0,10,6,93.0,1,15.3,21.3,,,74.0,213.0,23.709166666666665,2.0,Central Florida,2020.0,2020.0,BUF,128.0,-3.0,0.24390244
2022,11,00-0036196,G.Davis,WR,BUF,CLE,0,0,0.0,0,0.0,0.0,0.0,0,0.0,0,7,5,68.0,0,6.8,11.8,,,74.0,213.0,23.709166666666665,2.0,Central Florida,2020.0,2020.0,BUF,128.0,8.0,0.29166666
2022,12,00-0036196,G.Davis,WR,BUF,DET,0,0,0.0,0,0.0,0.0,0.0,0,0.0,0,5,4,38.0,0,3.8,7.8,,,74.0,213.0,23.709166666666665,2.0,Central Florida,2020.0,2020.0,BUF,128.0,,0.12820514
2022,13,00-0036196,G.Davis,WR,BUF,NE,0,0,0.0,0,0.0,0.0,0.0,0,0.0,0,7,2,15.0,1,7.5,9.5,,,74.0,213.0,23.709166666666665,2.0,Central Florida,2020.0,2020.0,BUF,128.0,,0.21212122
2022,14,00-0036196,G.Davis,WR,BUF,NYJ,0,0,0.0,0,0.0,0.0,0.0,0,0.0,0,4,3,31.0,0,3.1,6.1,,,74.0,213.0,23.709166666666665,2.0,Central Florida,2020.0,2020.0,BUF,128.0,8.0,0.14814815
2022,15,00-0036196,G.Davis,WR,BUF,MIA,0,0,0.0,0,0.0,0.0,0.0,0,0.0,0,6,4,56.0,0,5.6,9.6,,,74.0,213.0,23.709166666666665,2.0,Central Florida,2020.0,2020.0,BUF,128.0,3.0,0.15789473
2022,16,00-0036196,G.Davis,WR,BUF,CHI,0,0,0.0,0,0.0,0.0,0.0,0,0.0,0,6,3,45.0,1,8.5,11.5,,,74.0,213.0,23.709166666666665,2.0,Central Florida,2020.0,2020.0,BUF,128.0,,0.24
2022,18,00-0036196,G.Davis,WR,BUF,NE,0,0,0.0,0,0.0,0.0,0.0,0,0.0,0,10,3,39.0,0,3.9,6.9,,,74.0,213.0,23.709166666666665,2.0,Central Florida,2020.0,2020.0,BUF,128.0,12.0,0.32258064
2022,19,00-0036196,G.Davis,WR,BUF,MIA,0,0,0.0,0,0.0,0.0,0.0,0,0.0,0,9,6,113.0,1,17.3,23.3,,,74.0,213.0,23.709166666666665,2.0,Central Florida,2020.0,2020.0,BUF,128.0,3.0,0.24324325
2022,20,00-0036196,G.Davis,WR,BUF,CIN,0,0,0.0,0,0.0,0.0,0.0,0,0.0,0,4,2,34.0,0,3.4,5.4,,,74.0,213.0,23.709166666666665,2.0,Central Florida,2020.0,2020.0,BUF,128.0,-17.0,0.1
2022,1,00-0036212,T.Tagovailoa,QB,MIA,NE,23,33,270.0,1,0.0,3.0,28.0,2,0.0,0,0,0,0.0,0,14.8,14.8,,,73.0,218.0,24.69922222222222,2.0,Alabama,2020.0,2020.0,MIA,5.0,13.0,
2022,2,00-0036212,T.Tagovailoa,QB,MIA,BAL,36,50,469.0,6,2.0,1.0,8.0,1,1.0,0,0,0,0.0,0,38.86,38.86,,,73.0,218.0,24.69922222222222,2.0,Alabama,2020.0,2020.0,MIA,5.0,,
2022,3,00-0036212,T.Tagovailoa,QB,MIA,BUF,13,18,186.0,1,0.0,1.0,7.0,1,0.0,0,0,0,0.0,0,11.44,11.44,,,73.0,218.0,24.69922222222222,2.0,Alabama,2020.0,2020.0,MIA,5.0,2.0,
2022,4,00-0036212,T.Tagovailoa,QB,MIA,CIN,8,14,110.0,0,1.0,1.0,10.0,0,0.0,0,0,0,0.0,0,2.4,2.4,,,73.0,218.0,24.69922222222222,2.0,Alabama,2020.0,2020.0,MIA,5.0,,
2022,7,00-0036212,T.Tagovailoa,QB,MIA,PIT,21,35,261.0,1,0.0,0.0,-0.0,4,15.0,0,0,0,0.0,0,15.94,15.94,,,73.0,218.0,24.69922222222222,2.0,Alabama,2020.0,2020.0,MIA,5.0,6.0,
2022,8,00-0036212,T.Tagovailoa,QB,MIA,DET,29,36,382.0,3,0.0,2.0,13.0,5,19.0,0,0,0,0.0,0,29.18,29.18,,,73.0,218.0,24.69922222222222,2.0,Alabama,2020.0,2020.0,MIA,5.0,,
2022,9,00-0036212,T.Tagovailoa,QB,MIA,CHI,21,30,302.0,3,0.0,0.0,-0.0,5,0.0,0,0,0,0.0,0,24.08,24.08,,,73.0,218.0,24.69922222222222,2.0,Alabama,2020.0,2020.0,MIA,5.0,,
2022,10,00-0036212,T.Tagovailoa,QB,MIA,CLE,25,32,285.0,3,0.0,0.0,-0.0,1,0.0,0,0,0,0.0,0,23.4,23.4,,,73.0,218.0,24.69922222222222,2.0,Alabama,2020.0,2020.0,MIA,5.0,22.0,
2022,12,00-0036212,T.Tagovailoa,QB,MIA,HOU,22,36,299.0,1,0.0,4.0,26.0,0,0.0,0,0,0,0.0,0,15.96,15.96,,,73.0,218.0,24.69922222222222,2.0,Alabama,2020.0,2020.0,MIA,5.0,15.0,
2022,13,00-0036212,T.Tagovailoa,QB,MIA,SF,18,33,295.0,2,2.0,3.0,20.0,0,0.0,0,0,0,0.0,0,13.8,13.8,,,73.0,218.0,24.69922222222222,2.0,Alabama,2020.0,2020.0,MIA,5.0,,
2022,14,00-0036212,T.Tagovailoa,QB,MIA,LAC,10,28,145.0,1,0.0,2.0,18.0,3,28.0,0,0,0,0.0,0,12.6,12.6,,,73.0,218.0,24.69922222222222,2.0,Alabama,2020.0,2020.0,MIA,5.0,,
2022,15,00-0036212,T.Tagovailoa,QB,MIA,BUF,17,30,234.0,2,0.0,2.0,17.0,1,7.0,0,0,0,0.0,0,18.06,18.06,,,73.0,218.0,24.69922222222222,2.0,Alabama,2020.0,2020.0,MIA,5.0,,
2022,16,00-0036212,T.Tagovailoa,QB,MIA,GB,16,25,310.0,1,3.0,2.0,16.0,1,0.0,0,0,0,0.0,0,10.4,10.4,,,73.0,218.0,24.69922222222222,2.0,Alabama,2020.0,2020.0,MIA,5.0,-6.0,
2022,3,00-0036219,M.Callaway,WR,NO,CAR,0,0,0.0,0,0.0,0.0,0.0,0,0.0,0,1,1,4.0,1,6.4,7.4,,,74.0,204.0,24.617529411764707,2.0,Tennessee,2020.0,2020.0,,,,0.025641026
2022,4,00-0036219,M.Callaway,WR,NO,MIN,0,0,0.0,0,0.0,0.0,0.0,0,0.0,0,6,3,53.0,0,5.3,8.3,,,74.0,204.0,24.617529411764707,2.0,Tennessee,2020.0,2020.0,,,-3.0,0.21428572
2022,5,00-0036219,M.Callaway,WR,NO,SEA,0,0,0.0,0,0.0,0.0,0.0,0,0.0,0,3,2,5.0,0,0.5,2.5,,,74.0,204.0,24.617529411764707,2.0,Tennessee,2020.0,2020.0,,,7.0,0.12
2022,6,00-0036219,M.Callaway,WR,NO,CIN,0,0,0.0,0,0.0,0.0,0.0,0,0.0,0,7,3,36.0,0,3.6,6.6,,,74.0,204.0,24.617529411764707,2.0,Tennessee,2020.0,2020.0,,,-4.0,0.22580644
2022,7,00-0036219,M.Callaway,WR,NO,ARI,0,0,0.0,0,0.0,0.0,0.0,0,0.0,0,6,2,20.0,0,2.0,4.0,,,74.0,204.0,24.617529411764707,2.0,Tennessee,2020.0,2020.0,,,,0.13043478
2022,8,00-0036219,M.Callaway,WR,NO,LV,0,0,0.0,0,0.0,0.0,0.0,0,0.0,0,1,1,10.0,0,1.0,2.0,,,74.0,204.0,24.617529411764707,2.0,Tennessee,2020.0,2020.0,,,24.0,0.033333335
2022,9,00-0036219,M.Callaway,WR,NO,BAL,0,0,0.0,0,0.0,0.0,0.0,0,0.0,0,5,3,24.0,0,2.4,5.4,,,74.0,204.0,24.617529411764707,2.0,Tennessee,2020.0,2020.0,,,-14.0,0.17857143
2022,11,00-0036219,M.Callaway,WR,NO,LA,0,0,0.0,0,0.0,0.0,0.0,0,0.0,0,1,1,6.0,0,0.6,1.6,,,74.0,204.0,24.617529411764707,2.0,Tennessee,2020.0,2020.0,,,7.0,0.037037037
2022,13,00-0036219,M.Callaway,WR,NO,TB,0,0,0.0,0,0.0,0.0,0.0,0,0.0,0,1,0,0.0,0,0.0,0.0,,,74.0,204.0,24.617529411764707,2.0,Tennessee,2020.0,2020.0,,,,0.035714287
2022,18,00-0036219,M.Callaway,WR,NO,CAR,0,0,0.0,0,0.0,0.0,0.0,0,0.0,0,1,0,0.0,0,0.0,0.0,,,74.0,204.0,24.617529411764707,2.0,Tennessee,2020.0,2020.0,,,-3.0,0.04
2022,1,00-0036223,J.Taylor,RB,IND,HOU,0,0,0.0,0,0.0,0.0,0.0,31,161.0,1,7,4,14.0,0,23.5,27.5,,,70.0,221.0,23.80164705882353,2.0,Wisconsin,2020.0,2020.0,IND,41.0,,0.14285715
2022,2,00-0036223,J.Taylor,RB,IND,JAX,0,0,0.0,0,0.0,0.0,0.0,9,54.0,0,1,1,9.0,0,6.3,7.3,,,70.0,221.0,23.80164705882353,2.0,Wisconsin,2020.0,2020.0,IND,41.0,,0.03448276
2022,3,00-0036223,J.Taylor,RB,IND,KC,0,0,0.0,0,0.0,0.0,0.0,21,71.0,0,5,3,20.0,0,9.1,12.1,,,70.0,221.0,23.80164705882353,2.0,Wisconsin,2020.0,2020.0,IND,41.0,3.0,0.1388889
2022,4,00-0036223,J.Taylor,RB,IND,TEN,0,0,0.0,0,0.0,0.0,0.0,20,42.0,0,3,1,1.0,0,2.3,3.3,,,70.0,221.0,23.80164705882353,2.0,Wisconsin,2020.0,2020.0,IND,41.0,-7.0,0.083333336
2022,7,00-0036223,J.Taylor,RB,IND,TEN,0,0,0.0,0,0.0,0.0,0.0,10,58.0,0,8,7,27.0,0,8.5,15.5,,,70.0,221.0,23.80164705882353,2.0,Wisconsin,2020.0,2020.0,IND,41.0,,0.19512194
2022,8,00-0036223,J.Taylor,RB,IND,WAS,0,0,0.0,0,0.0,0.0,0.0,16,76.0,0,1,0,0.0,0,5.6,5.6,,,70.0,221.0,23.80164705882353,2.0,Wisconsin,2020.0,2020.0,IND,41.0,-1.0,0.04347826
2022,10,00-0036223,J.Taylor,RB,IND,LV,0,0,0.0,0,0.0,0.0,0.0,22,147.0,1,2,2,16.0,0,22.3,24.3,,,70.0,221.0,23.80164705882353,2.0,Wisconsin,2020.0,2020.0,IND,41.0,,0.074074075
2022,11,00-0036223,J.Taylor,RB,IND,PHI,0,0,0.0,0,0.0,0.0,0.0,22,84.0,1,4,3,10.0,0,13.4,16.4,,,70.0,221.0,23.80164705882353,2.0,Wisconsin,2020.0,2020.0,IND,41.0,-1.0,0.12903225
2022,12,00-0036223,J.Taylor,RB,IND,PIT,0,0,0.0,0,0.0,0.0,0.0,20,86.0,1,4,3,12.0,0,15.8,18.8,,,70.0,221.0,23.80164705882353,2.0,Wisconsin,2020.0,2020.0,IND,41.0,-7.0,0.125
2022,13,00-0036223,J.Taylor,RB,IND,DAL,0,0,0.0,0,0.0,0.0,0.0,21,82.0,0,4,3,21.0,0,10.3,13.3,,,70.0,221.0,23.80164705882353,2.0,Wisconsin,2020.0,2020.0,IND,41.0,,0.114285715
2022,15,00-0036223,J.Taylor,RB,IND,MIN,0,0,0.0,0,0.0,0.0,0.0,0,0.0,0,1,1,13.0,0,1.3,2.3,,,70.0,221.0,23.80164705882353,2.0,Wisconsin,2020.0,2020.0,IND,41.0,,0.032258064
2022,6,00-0036226,J.Eason,QB,CAR,LA,3,5,59.0,0,1.0,0.0,-0.0,0,0.0,0,0,0,0.0,0,0.36,0.36,,,78.0,227.0,24.977823529411765,2.0,Washington,2020.0,2020.0,IND,122.0,,
2022,2,00-0036228,D.Patmon,WR,IND,JAX,0,0,0.0,0,0.0,0.0,0.0,0,0.0,0,6,2,24.0,0,2.4,4.4,,,76.0,220.0,24.267611111111112,2.0,Washington State,2020.0,2020.0,IND,212.0,,0.20689656
2022,1,00-0036232,H.Bryant,TE,CLE,CAR,0,0,0.0,0,0.0,0.0,0.0,0,0.0,0,4,2,18.0,0,1.8,3.8,,,77.0,240.0,24.549000000000003,2.0,Florida Atlantic,2020.0,2020.0,CLE,115.0,,0.13333334
2022,2,00-0036232,H.Bryant,TE,CLE,NYJ,0,0,0.0,0,0.0,0.0,0.0,0,0.0,0,4,3,45.0,0,4.5,7.5,,,77.0,240.0,24.549000000000003,2.0,Florida Atlantic,2020.0,2020.0,CLE,115.0,-1.0,0.14814815
2022,4,00-0036232,H.Bryant,TE,CLE,ATL,0,0,0.0,0,0.0,0.0,0.0,0,0.0,0,6,4,18.0,0,1.8,5.8,,,77.0,240.0,24.549000000000003,2.0,Florida Atlantic,2020.0,2020.0,CLE,115.0,,0.17142858
2022,5,00-0036232,H.Bryant,TE,CLE,LAC,0,0,0.0,0,0.0,0.0,0.0,0,0.0,0,1,0,0.0,0,0.0,0.0,,,77.0,240.0,24.549000000000003,2.0,Florida Atlantic,2020.0,2020.0,CLE,115.0,-2.0,0.03125
2022,6,00-0036232,H.Bryant,TE,CLE,NE,0,0,0.0,0,0.0,0.0,0.0,0,0.0,0,4,3,18.0,0,1.8,4.8,,,77.0,240.0,24.549000000000003,2.0,Florida Atlantic,2020.0,2020.0,CLE,115.0,-23.0,0.0952381
2022,7,00-0036232,H.Bryant,TE,CLE,BAL,0,0,0.0,0,0.0,0.0,0.0,0,0.0,0,2,2,15.0,0,1.5,3.5,,,77.0,240.0,24.549000000000003,2.0,Florida Atlantic,2020.0,2020.0,CLE,115.0,,0.08
2022,10,00-0036232,H.Bryant,TE,CLE,MIA,0,0,0.0,0,0.0,0.0,0.0,0,0.0,0,3,3,15.0,1,7.5,10.5,,,77.0,240.0,24.549000000000003,2.0,Florida Atlantic,2020.0,2020.0,CLE,115.0,,0.0882353
2022,11,00-0036232,H.Bryant,TE,CLE,BUF,0,0,0.0,0,0.0,0.0,0.0,0,0.0,0,7,4,41.0,0,4.1,8.1,,,77.0,240.0,24.549000000000003,2.0,Florida Atlantic,2020.0,2020.0,CLE,115.0,,0.17948718
2022,12,00-0036232,H.Bryant,TE,CLE,TB,0,0,0.0,0,0.0,0.0,0.0,0,0.0,0,2,2,9.0,0,0.9,2.9,,,77.0,240.0,24.549000000000003,2.0,Florida Atlantic,2020.0,2020.0,CLE,115.0,6.0,0.055555556
2022,13,00-0036232,H.Bryant,TE,CLE,HOU,0,0,0.0,0,0.0,0.0,0.0,1,8.0,0,1,1,6.0,0,1.4,2.4,,,77.0,240.0,24.549000000000003,2.0,Florida Atlantic,2020.0,2020.0,CLE,115.0,,0.04761905
2022,14,00-0036232,H.Bryant,TE,CLE,CIN,0,0,0.0,0,0.0,0.0,0.0,0,0.0,0,1,1,8.0,0,0.8,1.8,,,77.0,240.0,24.549000000000003,2.0,Florida Atlantic,2020.0,2020.0,CLE,115.0,,0.025641026
2022,15,00-0036232,H.Bryant,TE,CLE,BAL,0,0,0.0,0,0.0,0.0,0.0,0,0.0,0,2,2,7.0,0,0.7,2.7,,,77.0,240.0,24.549000000000003,2.0,Florida Atlantic,2020.0,2020.0,CLE,115.0,10.0,0.07692308
2022,17,00-0036232,H.Bryant,TE,CLE,WAS,0,0,0.0,0,0.0,0.0,0.0,0,0.0,0,3,2,19.0,0,1.9,3.9,,,77.0,240.0,24.549000000000003,2.0,Florida Atlantic,2020.0,2020.0,CLE,115.0,,0.1875
2022,18,00-0036232,H.Bryant,TE,CLE,PIT,0,0,0.0,0,0.0,0.0,0.0,0,0.0,0,2,2,20.0,0,2.0,4.0,,,77.0,240.0,24.549000000000003,2.0,Florida Atlantic,2020.0,2020.0,CLE,115.0,,0.074074075
2022,1,00-0036233,D.Peoples-Jones,WR,CLE,CAR,0,0,0.0,0,0.0,0.0,0.0,0,0.0,0,11,6,60.0,0,6.0,12.0,,,74.0,208.0,23.722,2.0,Michigan,2020.0,2020.0,CLE,187.0,,0.36666667
2022,2,00-0036233,D.Peoples-Jones,WR,CLE,NYJ,0,0,0.0,0,0.0,0.0,0.0,0,0.0,0,1,0,0.0,0,0.0,0.0,,,74.0,208.0,23.722,2.0,Michigan,2020.0,2020.0,CLE,187.0,-1.0,0.037037037
2022,3,00-0036233,D.Peoples-Jones,WR,CLE,PIT,0,0,0.0,0,0.0,0.0,0.0,0,0.0,0,3,1,10.0,0,1.0,2.0,,,74.0,208.0,23.722,2.0,Michigan,2020.0,2020.0,CLE,187.0,12.0,0.09677419
2022,4,00-0036233,D.Peoples-Jones,WR,CLE,ATL,0,0,0.0,0,0.0,0.0,0.0,0,0.0,0,9,5,71.0,0,7.1,12.1,,,74.0,208.0,23.722,2.0,Michigan,2020.0,2020.0,CLE,187.0,,0.25714287
2022,5,00-0036233,D.Peoples-Jones,WR,CLE,LAC,0,0,0.0,0,0.0,0.0,0.0,0,0.0,0,7,4,50.0,0,5.0,9.0,,,74.0,208.0,23.722,2.0,Michigan,2020.0,2020.0,CLE,187.0,-2.0,0.21875
2022,6,00-0036233,D.Peoples-Jones,WR,CLE,NE,0,0,0.0,0,0.0,0.0,0.0,1,2.0,0,5,4,74.0,0,7.6,11.6,,,74.0,208.0,23.722,2.0,Michigan,2020.0,2020.0,CLE,187.0,-23.0,0.11904762
2022,7,00-0036233,D.Peoples-Jones,WR,CLE,BAL,0,0,0.0,0,0.0,0.0,0.0,0,0.0,0,6,6,71.0,0,5.1,11.1,,,74.0,208.0,23.722,2.0,Michigan,2020.0,2020.0,CLE,187.0,,0.24
2022,8,00-0036233,D.Peoples-Jones,WR,CLE,CIN,0,0,0.0,0,0.0,0.0,0.0,0,0.0,0,4,4,81.0,0,8.1,12.1,,,74.0,208.0,23.722,2.0,Michigan,2020.0,2020.0,CLE,187.0,19.0,0.2
2022,10,00-0036233,D.Peoples-Jones,WR,CLE,MIA,0,0,0.0,0,0.0,0.0,0.0,0,0.0,0,9,5,99.0,0,9.9,14.9,,,74.0,208.0,23.722,2.0,Michigan,2020.0,2020.0,CLE,187.0,,0.2647059
2022,11,00-0036233,D.Peoples-Jones,WR,CLE,BUF,0,0,0.0,0,0.0,0.0,0.0,0,0.0,0,6,5,61.0,1,12.1,17.1,,,74.0,208.0,23.722,2.0,Michigan,2020.0,2020.0,CLE,187.0,,0.15384616
2022,12,00-0036233,D.Peoples-Jones,WR,CLE,TB,0,0,0.0,0,0.0,0.0,0.0,0,0.0,0,4,2,16.0,0,1.6,3.6,,,74.0,208.0,23.722,2.0,Michigan,2020.0,2020.0,CLE,187.0,6.0,0.11111111
2022,13,00-0036233,D.Peoples-Jones,WR,CLE,HOU,0,0,0.0,0,0.0,0.0,0.0,0,0.0,0,3,3,44.0,0,10.4,13.4,,,74.0,208.0,23.722,2.0,Michigan,2020.0,2020.0,CLE,187.0,,0.14285715
2022,14,00-0036233,D.Peoples-Jones,WR,CLE,CIN,0,0,0.0,0,0.0,0.0,0.0,0,0.0,0,12,8,114.0,0,11.4,19.4,,,74.0,208.0,23.722,2.0,Michigan,2020.0,2020.0,CLE,187.0,,0.30769232
2022,15,00-0036233,D.Peoples-Jones,WR,CLE,BAL,0,0,0.0,0,0.0,0.0,0.0,0,0.0,0,4,4,31.0,1,9.1,13.1,,,74.0,208.0,23.722,2.0,Michigan,2020.0,2020.0,CLE,187.0,10.0,0.15384616
2022,16,00-0036233,D.Peoples-Jones,WR,CLE,NO,0,0,0.0,0,0.0,0.0,0.0,0,0.0,0,5,1,2.0,0,0.2,1.2,,,74.0,208.0,23.722,2.0,Michigan,2020.0,2020.0,CLE,187.0,-7.0,0.18518518
2022,17,00-0036233,D.Peoples-Jones,WR,CLE,WAS,0,0,0.0,0,0.0,0.0,0.0,0,0.0,0,3,1,13.0,1,7.3,8.3,,,74.0,208.0,23.722,2.0,Michigan,2020.0,2020.0,CLE,187.0,,0.1875
2022,18,00-0036233,D.Peoples-Jones,WR,CLE,PIT,0,0,0.0,0,0.0,0.0,0.0,0,0.0,0,4,2,42.0,0,4.2,6.2,,,74.0,208.0,23.722,2.0,Michigan,2020.0,2020.0,CLE,187.0,,0.14814815
2022,1,00-0036244,C.Parkinson,TE,SEA,DEN,0,0,0.0,0,0.0,0.0,0.0,0,0.0,0,2,2,43.0,1,10.3,12.3,,,79.0,251.0,23.84777777777778,2.0,Stanford,2020.0,2020.0,SEA,133.0,1.0,0.074074075
2022,3,00-0036244,C.Parkinson,TE,SEA,ATL,0,0,0.0,0,0.0,0.0,0.0,0,0.0,0,2,2,44.0,0,4.4,6.4,,,79.0,251.0,23.84777777777778,2.0,Stanford,2020.0,2020.0,SEA,133.0,-4.0,0.045454547
2022,4,00-0036244,C.Parkinson,TE,SEA,DET,0,0,0.0,0,0.0,0.0,0.0,0,0.0,0,3,2,28.0,0,2.8,4.8,,,79.0,251.0,23.84777777777778,2.0,Stanford,2020.0,2020.0,SEA,133.0,,0.10344828
2022,6,00-0036244,C.Parkinson,TE,SEA,ARI,0,0,0.0,0,0.0,0.0,0.0,0,0.0,0,2,2,11.0,0,1.1,3.1,,,79.0,251.0,23.84777777777778,2.0,Stanford,2020.0,2020.0,SEA,133.0,10.0,0.06666667
2022,7,00-0036244,C.Parkinson,TE,SEA,LAC,0,0,0.0,0,0.0,0.0,0.0,0,0.0,0,1,1,28.0,0,2.8,3.8,,,79.0,251.0,23.84777777777778,2.0,Stanford,2020.0,2020.0,SEA,133.0,,0.03846154
2022,8,00-0036244,C.Parkinson,TE,SEA,NYG,0,0,0.0,0,0.0,0.0,0.0,0,0.0,0,1,1,5.0,0,0.5,1.5,,,79.0,251.0,23.84777777777778,2.0,Stanford,2020.0,2020.0,SEA,133.0,14.0,0.030303031
2022,9,00-0036244,C.Parkinson,TE,SEA,ARI,0,0,0.0,0,0.0,0.0,0.0,0,0.0,0,2,2,6.0,0,0.6,2.6,,,79.0,251.0,23.84777777777778,2.0,Stanford,2020.0,2020.0,SEA,133.0,,0.0625
2022,10,00-0036244,C.Parkinson,TE,SEA,TB,0,0,0.0,0,0.0,0.0,0.0,0,0.0,0,3,1,7.0,0,0.7,1.7,,,79.0,251.0,23.84777777777778,2.0,Stanford,2020.0,2020.0,SEA,133.0,,0.09090909
2022,13,00-0036244,C.Parkinson,TE,SEA,LA,0,0,0.0,0,0.0,0.0,0.0,0,0.0,0,1,1,12.0,0,1.2,2.2,,,79.0,251.0,23.84777777777778,2.0,Stanford,2020.0,2020.0,SEA,133.0,,0.027027028
2022,14,00-0036244,C.Parkinson,TE,SEA,CAR,0,0,0.0,0,0.0,0.0,0.0,0,0.0,0,2,1,10.0,0,1.0,2.0,,,79.0,251.0,23.84777777777778,2.0,Stanford,2020.0,2020.0,SEA,133.0,-6.0,0.055555556
2022,15,00-0036244,C.Parkinson,TE,SEA,SF,0,0,0.0,0,0.0,0.0,0.0,0,0.0,0,1,0,0.0,0,0.0,0.0,,,79.0,251.0,23.84777777777778,2.0,Stanford,2020.0,2020.0,SEA,133.0,-8.0,0.024390243
2022,16,00-0036244,C.Parkinson,TE,SEA,KC,0,0,0.0,0,0.0,0.0,0.0,0,0.0,0,4,3,45.0,0,4.5,7.5,,,79.0,251.0,23.84777777777778,2.0,Stanford,2020.0,2020.0,SEA,133.0,,0.10526316
2022,17,00-0036244,C.Parkinson,TE,SEA,NYJ,0,0,0.0,0,0.0,0.0,0.0,0,0.0,0,7,5,36.0,1,9.6,14.6,,,79.0,251.0,23.84777777777778,2.0,Stanford,2020.0,2020.0,SEA,133.0,17.0,0.25
2022,18,00-0036244,C.Parkinson,TE,SEA,LA,0,0,0.0,0,0.0,0.0,0.0,0,0.0,0,3,2,47.0,0,4.7,6.7,,,79.0,251.0,23.84777777777778,2.0,Stanford,2020.0,2020.0,SEA,133.0,3.0,0.10714286
2022,19,00-0036244,C.Parkinson,TE,SEA,SF,0,0,0.0,0,0.0,0.0,0.0,0,0.0,0,6,3,14.0,0,1.4,4.4,,,79.0,251.0,23.84777777777778,2.0,Stanford,2020.0,2020.0,SEA,133.0,,0.1764706
2022,15,00-0036247,F.Swain,WR,DEN,ARI,0,0,0.0,0,0.0,0.0,0.0,0,0.0,0,1,1,9.0,0,0.9,1.9,,,72.0,199.0,24.264764705882353,2.0,Florida,2020.0,2020.0,SEA,214.0,9.0,0.03846154
2022,16,00-0036247,F.Swain,WR,DEN,LA,0,0,0.0,0,0.0,0.0,0.0,0,0.0,0,2,1,11.0,0,1.1,2.1,,,72.0,199.0,24.264764705882353,2.0,Florida,2020.0,2020.0,SEA,214.0,,0.05882353
2022,18,00-0036247,F.Swain,WR,DEN,LAC,0,0,0.0,0,0.0,0.0,0.0,0,0.0,0,3,2,54.0,0,5.4,7.4,,,72.0,199.0,24.264764705882353,2.0,Florida,2020.0,2020.0,SEA,214.0,3.0,0.13636364
2022,1,00-0036250,T.Davis,TE,GB,MIN,0,0,0.0,0,0.0,0.0,0.0,0,0.0,0,1,1,3.0,0,0.3,1.3,,,76.0,250.0,25.60035294117647,2.0,Georgia Tech,2020.0,2020.0,JAX,206.0,,0.028571429
2022,2,00-0036250,T.Davis,TE,GB,CHI,0,0,0.0,0,0.0,0.0,0.0,0,0.0,0,1,0,0.0,0,0.0,0.0,,,76.0,250.0,25.60035294117647,2.0,Georgia Tech,2020.0,2020.0,JAX,206.0,17.0,0.04
2022,3,00-0036250,T.Davis,TE,GB,TB,0,0,0.0,0,0.0,0.0,0.0,0,0.0,0,2,2,26.0,0,2.6,4.6,,,76.0,250.0,25.60035294117647,2.0,Georgia Tech,2020.0,2020.0,JAX,206.0,,0.05882353
2022,5,00-0036250,T.Davis,TE,GB,NYG,0,0,0.0,0,0.0,0.0,0.0,0,0.0,0,2,1,-3.0,0,-0.3,0.7,,,76.0,250.0,25.60035294117647,2.0,Georgia Tech,2020.0,2020.0,JAX,206.0,-5.0,0.051282052
2022,12,00-0036250,T.Davis,TE,GB,PHI,0,0,0.0,0,0.0,0.0,0.0,0,0.0,0,1,0,0.0,0,0.0,0.0,,,76.0,250.0,25.60035294117647,2.0,Georgia Tech,2020.0,2020.0,JAX,206.0,,0.04
2022,1,00-0036251,Z.Moss,RB,BUF,LA,0,0,0.0,0,0.0,0.0,0.0,6,15.0,0,6,6,21.0,0,1.6,7.6,,,69.0,215.0,24.899625,2.0,Utah,2020.0,2020.0,BUF,86.0,,0.19354838
2022,2,00-0036251,Z.Moss,RB,BUF,TEN,0,0,0.0,0,0.0,0.0,0.0,3,17.0,0,1,0,0.0,0,1.7,1.7,,,69.0,215.0,24.899625,2.0,Utah,2020.0,2020.0,BUF,86.0,34.0,0.025641026
2022,3,00-0036251,Z.Moss,RB,BUF,MIA,0,0,0.0,0,0.0,0.0,0.0,4,46.0,0,1,1,6.0,0,5.2,6.2,,,69.0,215.0,24.899625,2.0,Utah,2020.0,2020.0,BUF,86.0,,0.01754386
2022,4,00-0036251,Z.Moss,RB,BUF,BAL,0,0,0.0,0,0.0,0.0,0.0,3,6.0,0,0,0,0.0,0,0.6,0.6,,,69.0,215.0,24.899625,2.0,Utah,2020.0,2020.0,BUF,86.0,,
2022,5,00-0036251,Z.Moss,RB,BUF,PIT,0,0,0.0,0,0.0,0.0,0.0,1,7.0,0,0,0,0.0,0,0.7,0.7,,,69.0,215.0,24.899625,2.0,Utah,2020.0,2020.0,BUF,86.0,35.0,
2022,10,00-0036251,Z.Moss,RB,IND,LV,0,0,0.0,0,0.0,0.0,0.0,1,4.0,0,0,0,0.0,0,0.4,0.4,,,69.0,215.0,24.899625,2.0,Utah,2020.0,2020.0,BUF,86.0,,
2022,11,00-0036251,Z.Moss,RB,IND,PHI,0,0,0.0,0,0.0,0.0,0.0,2,7.0,0,0,0,0.0,0,0.7,0.7,,,69.0,215.0,24.899625,2.0,Utah,2020.0,2020.0,BUF,86.0,-1.0,
2022,12,00-0036251,Z.Moss,RB,IND,PIT,0,0,0.0,0,0.0,0.0,0.0,1,2.0,0,0,0,0.0,0,0.2,0.2,,,69.0,215.0,24.899625,2.0,Utah,2020.0,2020.0,BUF,86.0,-7.0,
2022,13,00-0036251,Z.Moss,RB,IND,DAL,0,0,0.0,0,0.0,0.0,0.0,3,18.0,0,0,0,0.0,0,1.8,1.8,,,69.0,215.0,24.899625,2.0,Utah,2020.0,2020.0,BUF,86.0,,
2022,15,00-0036251,Z.Moss,RB,IND,MIN,0,0,0.0,0,0.0,0.0,0.0,24,81.0,0,1,0,0.0,0,8.1,8.1,,,69.0,215.0,24.899625,2.0,Utah,2020.0,2020.0,BUF,86.0,,0.032258064
2022,16,00-0036251,Z.Moss,RB,IND,LAC,0,0,0.0,0,0.0,0.0,0.0,12,65.0,0,1,1,5.0,0,7.0,8.0,,,69.0,215.0,24.899625,2.0,Utah,2020.0,2020.0,BUF,86.0,-17.0,0.035714287
2022,17,00-0036251,Z.Moss,RB,IND,NYG,0,0,0.0,0,0.0,0.0,0.0,15,74.0,0,0,0,0.0,0,7.4,7.4,,,69.0,215.0,24.899625,2.0,Utah,2020.0,2020.0,BUF,86.0,,
2022,18,00-0036251,Z.Moss,RB,IND,HOU,0,0,0.0,0,0.0,0.0,0.0,18,114.0,1,3,3,7.0,0,18.1,21.1,,,69.0,215.0,24.899625,2.0,Utah,2020.0,2020.0,BUF,86.0,-1.0,0.0882353
2022,1,00-0036252,M.Pittman,WR,IND,HOU,0,0,0.0,0,0.0,0.0,0.0,0,0.0,0,13,9,121.0,1,18.1,27.1,,,76.0,220.0,25.091117647058823,2.0,Southern California,2020.0,2020.0,IND,34.0,,0.26530612
2022,3,00-0036252,M.Pittman,WR,IND,KC,0,0,0.0,0,0.0,0.0,0.0,0,0.0,0,9,8,72.0,0,7.2,15.2,,,76.0,220.0,25.091117647058823,2.0,Southern California,2020.0,2020.0,IND,34.0,3.0,0.25
2022,4,00-0036252,M.Pittman,WR,IND,TEN,0,0,0.0,0,0.0,0.0,0.0,0,0.0,0,6,3,31.0,0,3.1,6.1,,,76.0,220.0,25.091117647058823,2.0,Southern California,2020.0,2020.0,IND,34.0,-7.0,0.16666667
2022,5,00-0036252,M.Pittman,WR,IND,DEN,0,0,0.0,0,0.0,0.0,0.0,0,0.0,0,8,5,59.0,0,5.9,10.9,,,76.0,220.0,25.091117647058823,2.0,Southern California,2020.0,2020.0,IND,34.0,,0.22222222
2022,6,00-0036252,M.Pittman,WR,IND,JAX,0,0,0.0,0,0.0,0.0,0.0,0,0.0,0,16,13,134.0,0,13.4,26.4,,,76.0,220.0,25.091117647058823,2.0,Southern California,2020.0,2020.0,IND,34.0,7.0,0.2857143
2022,7,00-0036252,M.Pittman,WR,IND,TEN,0,0,0.0,0,0.0,0.0,0.0,0,0.0,0,9,6,58.0,0,3.8,9.8,,,76.0,220.0,25.091117647058823,2.0,Southern California,2020.0,2020.0,IND,34.0,,0.2195122
2022,8,00-0036252,M.Pittman,WR,IND,WAS,0,0,0.0,0,0.0,0.0,0.0,0,0.0,0,9,7,53.0,0,5.3,12.3,,,76.0,220.0,25.091117647058823,2.0,Southern California,2020.0,2020.0,IND,34.0,-1.0,0.39130434
2022,9,00-0036252,M.Pittman,WR,IND,NE,0,0,0.0,0,0.0,0.0,0.0,0,0.0,0,6,3,22.0,0,2.2,5.2,,,76.0,220.0,25.091117647058823,2.0,Southern California,2020.0,2020.0,IND,34.0,,0.21428572
2022,10,00-0036252,M.Pittman,WR,IND,LV,0,0,0.0,0,0.0,0.0,0.0,0,0.0,0,9,7,53.0,0,5.3,12.3,,,76.0,220.0,25.091117647058823,2.0,Southern California,2020.0,2020.0,IND,34.0,,0.33333334
2022,11,00-0036252,M.Pittman,WR,IND,PHI,0,0,0.0,0,0.0,0.0,0.0,0,0.0,0,7,6,75.0,0,7.5,13.5,,,76.0,220.0,25.091117647058823,2.0,Southern California,2020.0,2020.0,IND,34.0,-1.0,0.22580644
2022,12,00-0036252,M.Pittman,WR,IND,PIT,0,0,0.0,0,0.0,0.0,0.0,0,0.0,0,11,7,61.0,1,12.1,19.1,,,76.0,220.0,25.091117647058823,2.0,Southern California,2020.0,2020.0,IND,34.0,-7.0,0.34375
2022,13,00-0036252,M.Pittman,WR,IND,DAL,0,0,0.0,0,0.0,0.0,0.0,0,0.0,0,4,2,16.0,0,1.6,3.6,,,76.0,220.0,25.091117647058823,2.0,Southern California,2020.0,2020.0,IND,34.0,,0.114285715
2022,15,00-0036252,M.Pittman,WR,IND,MIN,0,0,0.0,0,0.0,0.0,0.0,2,30.0,0,14,10,60.0,0,9.0,19.0,,,76.0,220.0,25.091117647058823,2.0,Southern California,2020.0,2020.0,IND,34.0,,0.4516129
2022,16,00-0036252,M.Pittman,WR,IND,LAC,0,0,0.0,0,0.0,0.0,0.0,0,0.0,0,7,4,39.0,0,3.9,7.9,,,76.0,220.0,25.091117647058823,2.0,Southern California,2020.0,2020.0,IND,34.0,-17.0,0.25
2022,17,00-0036252,M.Pittman,WR,IND,NYG,0,0,0.0,0,0.0,0.0,0.0,0,0.0,0,8,6,41.0,1,10.1,16.1,,,76.0,220.0,25.091117647058823,2.0,Southern California,2020.0,2020.0,IND,34.0,,0.2962963
2022,18,00-0036252,M.Pittman,WR,IND,HOU,0,0,0.0,0,0.0,0.0,0.0,1,0.0,0,5,3,30.0,1,9.0,12.0,,,76.0,220.0,25.091117647058823,2.0,Southern California,2020.0,2020.0,IND,34.0,-1.0,0.14705883
2022,7,00-0036255,D.Mims,WR,NYJ,DEN,0,0,0.0,0,0.0,0.0,0.0,0,0.0,0,2,1,4.0,0,0.4,1.4,,,75.0,208.0,25.081823529411764,2.0,Baylor,2020.0,2020.0,NYJ,59.0,,0.08695652
2022,8,00-0036255,D.Mims,WR,NYJ,NE,0,0,0.0,0,0.0,0.0,0.0,0,0.0,0,3,2,76.0,0,7.6,9.6,,,75.0,208.0,25.081823529411764,2.0,Baylor,2020.0,2020.0,NYJ,59.0,-5.0,0.0882353
2022,9,00-0036255,D.Mims,WR,NYJ,BUF,0,0,0.0,0,0.0,0.0,0.0,0,0.0,0,4,1,12.0,0,1.2,2.2,,,75.0,208.0,25.081823529411764,2.0,Baylor,2020.0,2020.0,NYJ,59.0,3.0,0.16666667
2022,11,00-0036255,D.Mims,WR,NYJ,NE,0,0,0.0,0,0.0,0.0,0.0,0,0.0,0,6,2,35.0,0,3.5,5.5,,,75.0,208.0,25.081823529411764,2.0,Baylor,2020.0,2020.0,NYJ,59.0,,0.3
2022,12,00-0036255,D.Mims,WR,NYJ,CHI,0,0,0.0,0,0.0,0.0,0.0,0,0.0,0,1,1,11.0,0,1.1,2.1,,,75.0,208.0,25.081823529411764,2.0,Baylor,2020.0,2020.0,NYJ,59.0,21.0,0.035714287
2022,13,00-0036255,D.Mims,WR,NYJ,MIN,0,0,0.0,0,0.0,0.0,0.0,0,0.0,0,1,0,0.0,0,0.0,0.0,,,75.0,208.0,25.081823529411764,2.0,Baylor,2020.0,2020.0,NYJ,59.0,,0.018181818
2022,14,00-0036255,D.Mims,WR,NYJ,BUF,0,0,0.0,0,0.0,0.0,0.0,0,0.0,0,5,3,35.0,0,3.5,6.5,,,75.0,208.0,25.081823529411764,2.0,Baylor,2020.0,2020.0,NYJ,59.0,,0.11363637
2022,15,00-0036255,D.Mims,WR,NYJ,DET,0,0,0.0,0,0.0,0.0,0.0,0,0.0,0,2,1,13.0,0,1.3,2.3,,,75.0,208.0,25.081823529411764,2.0,Baylor,2020.0,2020.0,NYJ,59.0,-3.0,0.05882353
2022,17,00-0036255,D.Mims,WR,NYJ,SEA,0,0,0.0,0,0.0,0.0,0.0,0,0.0,0,1,0,0.0,0,0.0,0.0,,,75.0,208.0,25.081823529411764,2.0,Baylor,2020.0,2020.0,NYJ,59.0,,0.022222223
2022,1,00-0036259,J.Jennings,WR,SF,CHI,0,0,0.0,0,0.0,0.0,0.0,0,0.0,0,6,4,62.0,0,6.2,10.2,,,75.0,214.0,25.365000000000002,2.0,Tennessee,2020.0,2020.0,SF,217.0,,0.23076923
2022,2,00-0036259,J.Jennings,WR,SF,SEA,0,0,0.0,0,0.0,0.0,0.0,0,0.0,0,2,1,4.0,0,0.4,1.4,,,75.0,214.0,25.365000000000002,2.0,Tennessee,2020.0,2020.0,SF,217.0,20.0,0.083333336
2022,3,00-0036259,J.Jennings,WR,SF,DEN,0,0,0.0,0,0.0,0.0,0.0,0,0.0,0,3,1,5.0,0,0.5,1.5,,,75.0,214.0,25.365000000000002,2.0,Tennessee,2020.0,2020.0,SF,217.0,,0.10344828
2022,4,00-0036259,J.Jennings,WR,SF,LA,0,0,0.0,0,0.0,0.0,0.0,0,0.0,0,4,2,22.0,0,2.2,4.2,,,75.0,214.0,25.365000000000002,2.0,Tennessee,2020.0,2020.0,SF,217.0,15.0,0.16
2022,5,00-0036259,J.Jennings,WR,SF,CAR,0,0,0.0,0,0.0,0.0,0.0,0,0.0,0,2,2,45.0,0,4.5,6.5,,,75.0,214.0,25.365000000000002,2.0,Tennessee,2020.0,2020.0,SF,217.0,,0.06666667
2022,6,00-0036259,J.Jennings,WR,SF,ATL,0,0,0.0,0,0.0,0.0,0.0,0,0.0,0,3,2,18.0,0,1.8,3.8,,,75.0,214.0,25.365000000000002,2.0,Tennessee,2020.0,2020.0,SF,217.0,,0.07317073
2022,7,00-0036259,J.Jennings,WR,SF,KC,0,0,0.0,0,0.0,0.0,0.0,0,0.0,0,4,2,24.0,0,2.4,4.4,,,75.0,214.0,25.365000000000002,2.0,Tennessee,2020.0,2020.0,SF,217.0,-21.0,0.08695652
2022,10,00-0036259,J.Jennings,WR,SF,LAC,0,0,0.0,0,0.0,0.0,0.0,0,0.0,0,4,4,40.0,0,4.0,8.0,,,75.0,214.0,25.365000000000002,2.0,Tennessee,2020.0,2020.0,SF,217.0,6.0,0.14285715
2022,11,00-0036259,J.Jennings,WR,SF,ARI,0,0,0.0,0,0.0,0.0,0.0,0,0.0,0,2,0,0.0,0,0.0,0.0,,,75.0,214.0,25.365000000000002,2.0,Tennessee,2020.0,2020.0,SF,217.0,,0.06896552
2022,12,00-0036259,J.Jennings,WR,SF,NO,0,0,0.0,0,0.0,0.0,0.0,0,0.0,0,7,6,49.0,1,10.9,16.9,,,75.0,214.0,25.365000000000002,2.0,Tennessee,2020.0,2020.0,SF,217.0,13.0,0.1891892
2022,13,00-0036259,J.Jennings,WR,SF,MIA,0,0,0.0,0,0.0,0.0,0.0,0,0.0,0,4,2,34.0,0,3.4,5.4,,,75.0,214.0,25.365000000000002,2.0,Tennessee,2020.0,2020.0,SF,217.0,16.0,0.1
2022,14,00-0036259,J.Jennings,WR,SF,TB,0,0,0.0,0,0.0,0.0,0.0,0,0.0,0,2,1,5.0,0,0.5,1.5,,,75.0,214.0,25.365000000000002,2.0,Tennessee,2020.0,2020.0,SF,217.0,28.0,0.09090909
2022,15,00-0036259,J.Jennings,WR,SF,SEA,0,0,0.0,0,0.0,0.0,0.0,0,0.0,0,5,3,31.0,0,3.1,6.1,,,75.0,214.0,25.365000000000002,2.0,Tennessee,2020.0,2020.0,SF,217.0,,0.1923077
2022,16,00-0036259,J.Jennings,WR,SF,WAS,0,0,0.0,0,0.0,0.0,0.0,0,0.0,0,3,2,21.0,0,2.1,4.1,,,75.0,214.0,25.365000000000002,2.0,Tennessee,2020.0,2020.0,SF,217.0,17.0,0.14285715
2022,17,00-0036259,J.Jennings,WR,SF,LV,0,0,0.0,0,0.0,0.0,0.0,0,0.0,0,3,2,46.0,0,4.6,6.6,,,75.0,214.0,25.365000000000002,2.0,Tennessee,2020.0,2020.0,SF,217.0,,0.0882353
2022,18,00-0036259,J.Jennings,WR,SF,ARI,0,0,0.0,0,0.0,0.0,0.0,0,0.0,0,2,1,10.0,0,1.0,2.0,,,75.0,214.0,25.365000000000002,2.0,Tennessee,2020.0,2020.0,SF,217.0,25.0,0.1
2022,19,00-0036259,J.Jennings,WR,SF,SEA,0,0,0.0,0,0.0,0.0,0.0,0,0.0,0,5,2,41.0,0,4.1,6.1,,,75.0,214.0,25.365000000000002,2.0,Tennessee,2020.0,2020.0,SF,217.0,18.0,0.18518518
2022,20,00-0036259,J.Jennings,WR,SF,DAL,0,0,0.0,0,0.0,0.0,0.0,0,0.0,0,2,2,26.0,0,2.6,4.6,,,75.0,214.0,25.365000000000002,2.0,Tennessee,2020.0,2020.0,SF,217.0,7.0,0.07692308
2022,1,00-0036261,B.Aiyuk,WR,SF,CHI,0,0,0.0,0,0.0,0.0,0.0,1,7.0,0,3,2,40.0,0,4.7,6.7,,,72.0,206.0,24.68045,2.0,Arizona State,2020.0,2020.0,SF,25.0,,0.115384616
2022,2,00-0036261,B.Aiyuk,WR,SF,SEA,0,0,0.0,0,0.0,0.0,0.0,0,0.0,0,8,5,63.0,0,6.3,11.3,,,72.0,206.0,24.68045,2.0,Arizona State,2020.0,2020.0,SF,25.0,20.0,0.33333334
2022,3,00-0036261,B.Aiyuk,WR,SF,DEN,0,0,0.0,0,0.0,0.0,0.0,0,0.0,0,8,3,39.0,1,9.9,12.9,,,72.0,206.0,24.68045,2.0,Arizona State,2020.0,2020.0,SF,25.0,,0.27586207
2022,4,00-0036261,B.Aiyuk,WR,SF,LA,0,0,0.0,0,0.0,0.0,0.0,0,0.0,0,4,4,37.0,0,3.7,7.7,,,72.0,206.0,24.68045,2.0,Arizona State,2020.0,2020.0,SF,25.0,15.0,0.16
2022,5,00-0036261,B.Aiyuk,WR,SF,CAR,0,0,0.0,0,0.0,0.0,0.0,0,0.0,0,4,3,58.0,0,5.8,8.8,,,72.0,206.0,24.68045,2.0,Arizona State,2020.0,2020.0,SF,25.0,,0.13333334
2022,6,00-0036261,B.Aiyuk,WR,SF,ATL,0,0,0.0,0,0.0,0.0,0.0,0,0.0,0,11,8,83.0,2,20.3,28.3,,,72.0,206.0,24.68045,2.0,Arizona State,2020.0,2020.0,SF,25.0,,0.2682927
2022,7,00-0036261,B.Aiyuk,WR,SF,KC,0,0,0.0,0,0.0,0.0,0.0,0,0.0,0,11,7,82.0,0,8.2,15.2,,,72.0,206.0,24.68045,2.0,Arizona State,2020.0,2020.0,SF,25.0,-21.0,0.23913044
2022,8,00-0036261,B.Aiyuk,WR,SF,LA,0,0,0.0,0,0.0,0.0,0.0,0,0.0,0,6,6,81.0,1,14.1,20.1,,,72.0,206.0,24.68045,2.0,Arizona State,2020.0,2020.0,SF,25.0,,0.23076923
2022,10,00-0036261,B.Aiyuk,WR,SF,LAC,0,0,0.0,0,0.0,0.0,0.0,0,0.0,0,7,6,84.0,0,6.4,12.4,,,72.0,206.0,24.68045,2.0,Arizona State,2020.0,2020.0,SF,25.0,6.0,0.25
2022,11,00-0036261,B.Aiyuk,WR,SF,ARI,0,0,0.0,0,0.0,0.0,0.0,0,0.0,0,4,2,20.0,2,14.0,16.0,,,72.0,206.0,24.68045,2.0,Arizona State,2020.0,2020.0,SF,25.0,,0.13793103
2022,12,00-0036261,B.Aiyuk,WR,SF,NO,0,0,0.0,0,0.0,0.0,0.0,0,0.0,0,8,5,65.0,0,6.5,11.5,,,72.0,206.0,24.68045,2.0,Arizona State,2020.0,2020.0,SF,25.0,13.0,0.21621622
2022,13,00-0036261,B.Aiyuk,WR,SF,MIA,0,0,0.0,0,0.0,0.0,0.0,0,0.0,0,9,5,46.0,0,4.6,9.6,,,72.0,206.0,24.68045,2.0,Arizona State,2020.0,2020.0,SF,25.0,16.0,0.225
2022,14,00-0036261,B.Aiyuk,WR,SF,TB,0,0,0.0,0,0.0,0.0,0.0,0,0.0,0,3,2,57.0,1,11.7,13.7,,,72.0,206.0,24.68045,2.0,Arizona State,2020.0,2020.0,SF,25.0,28.0,0.13636364
2022,15,00-0036261,B.Aiyuk,WR,SF,SEA,0,0,0.0,0,0.0,0.0,0.0,0,0.0,0,4,2,19.0,0,1.9,3.9,,,72.0,206.0,24.68045,2.0,Arizona State,2020.0,2020.0,SF,25.0,,0.15384616
2022,16,00-0036261,B.Aiyuk,WR,SF,WAS,0,0,0.0,0,0.0,0.0,0.0,0,0.0,0,7,5,81.0,0,8.1,13.1,,,72.0,206.0,24.68045,2.0,Arizona State,2020.0,2020.0,SF,25.0,17.0,0.33333334
2022,17,00-0036261,B.Aiyuk,WR,SF,LV,0,0,0.0,0,0.0,0.0,0.0,1,16.0,0,12,9,101.0,1,17.7,26.7,,,72.0,206.0,24.68045,2.0,Arizona State,2020.0,2020.0,SF,25.0,,0.3529412
2022,18,00-0036261,B.Aiyuk,WR,SF,ARI,0,0,0.0,0,0.0,0.0,0.0,0,0.0,0,5,4,59.0,0,5.9,9.9,,,72.0,206.0,24.68045,2.0,Arizona State,2020.0,2020.0,SF,25.0,25.0,0.25
2022,19,00-0036261,B.Aiyuk,WR,SF,SEA,0,0,0.0,0,0.0,0.0,0.0,0,0.0,0,5,3,73.0,0,7.3,10.3,,,72.0,206.0,24.68045,2.0,Arizona State,2020.0,2020.0,SF,25.0,18.0,0.18518518
2022,20,00-0036261,B.Aiyuk,WR,SF,DAL,0,0,0.0,0,0.0,0.0,0.0,0,0.0,0,4,2,26.0,0,2.6,4.6,,,72.0,206.0,24.68045,2.0,Arizona State,2020.0,2020.0,SF,25.0,7.0,0.15384616
2022,21,00-0036261,B.Aiyuk,WR,SF,PHI,0,0,0.0,0,0.0,0.0,0.0,0,0.0,0,1,1,10.0,0,1.0,2.0,,,72.0,206.0,24.68045,2.0,Arizona State,2020.0,2020.0,SF,25.0,,0.06666667
2022,1,00-0036264,J.Love,QB,GB,MIN,4,5,65.0,0,0.0,0.0,-0.0,0,0.0,0,0,0,0.0,0,2.6,2.6,,,76.0,220.0,24.015117647058823,2.0,Utah State,2020.0,2020.0,GB,26.0,,
2022,6,00-0036264,J.Love,QB,GB,NYJ,2,4,8.0,0,0.0,0.0,-0.0,0,0.0,0,0,0,0.0,0,0.32,0.32,,,76.0,220.0,24.015117647058823,2.0,Utah State,2020.0,2020.0,GB,26.0,-17.0,
2022,12,00-0036264,J.Love,QB,GB,PHI,6,9,113.0,1,0.0,0.0,-0.0,0,0.0,0,0,0,0.0,0,8.52,8.52,,,76.0,220.0,24.015117647058823,2.0,Utah State,2020.0,2020.0,GB,26.0,,
2022,17,00-0036264,J.Love,QB,GB,MIN,2,3,9.0,0,0.0,0.0,-0.0,1,-1.0,0,0,0,0.0,0,0.26,0.26,,,76.0,220.0,24.015117647058823,2.0,Utah State,2020.0,2020.0,GB,26.0,24.0,
2022,1,00-0036265,A.Dillon,RB,GB,MIN,0,0,0.0,0,0.0,0.0,0.0,10,45.0,1,6,5,46.0,0,15.1,20.1,,,72.0,250.0,24.518882352941176,2.0,Boston College,2020.0,2020.0,GB,62.0,,0.17142858
2022,2,00-0036265,A.Dillon,RB,GB,CHI,0,0,0.0,0,0.0,0.0,0.0,18,61.0,0,3,1,6.0,0,6.7,7.7,,,72.0,250.0,24.518882352941176,2.0,Boston College,2020.0,2020.0,GB,62.0,17.0,0.12
2022,3,00-0036265,A.Dillon,RB,GB,TB,0,0,0.0,0,0.0,0.0,0.0,12,32.0,0,3,2,6.0,0,3.8,5.8,,,72.0,250.0,24.518882352941176,2.0,Boston College,2020.0,2020.0,GB,62.0,,0.0882353
2022,4,00-0036265,A.Dillon,RB,GB,NE,0,0,0.0,0,0.0,0.0,0.0,17,73.0,0,2,1,11.0,0,8.4,9.4,,,72.0,250.0,24.518882352941176,2.0,Boston College,2020.0,2020.0,GB,62.0,3.0,0.0625
2022,5,00-0036265,A.Dillon,RB,GB,NYG,0,0,0.0,0,0.0,0.0,0.0,6,34.0,0,0,0,0.0,0,3.4,3.4,,,72.0,250.0,24.518882352941176,2.0,Boston College,2020.0,2020.0,GB,62.0,-5.0,
2022,6,00-0036265,A.Dillon,RB,GB,NYJ,0,0,0.0,0,0.0,0.0,0.0,10,41.0,0,6,4,11.0,0,5.2,9.2,,,72.0,250.0,24.518882352941176,2.0,Boston College,2020.0,2020.0,GB,62.0,-17.0,0.13636364
2022,7,00-0036265,A.Dillon,RB,GB,WAS,0,0,0.0,0,0.0,0.0,0.0,4,15.0,0,0,0,0.0,0,1.5,1.5,,,72.0,250.0,24.518882352941176,2.0,Boston College,2020.0,2020.0,GB,62.0,,
2022,8,00-0036265,A.Dillon,RB,GB,BUF,0,0,0.0,0,0.0,0.0,0.0,10,54.0,0,1,1,9.0,0,6.3,7.3,,,72.0,250.0,24.518882352941176,2.0,Boston College,2020.0,2020.0,GB,62.0,,0.03448276
2022,9,00-0036265,A.Dillon,RB,GB,DET,0,0,0.0,0,0.0,0.0,0.0,11,34.0,0,4,2,10.0,0,4.4,6.4,,,72.0,250.0,24.518882352941176,2.0,Boston College,2020.0,2020.0,GB,62.0,,0.1
2022,10,00-0036265,A.Dillon,RB,GB,DAL,0,0,0.0,0,0.0,0.0,0.0,13,65.0,0,0,0,0.0,0,6.5,6.5,,,72.0,250.0,24.518882352941176,2.0,Boston College,2020.0,2020.0,GB,62.0,3.0,
2022,11,00-0036265,A.Dillon,RB,GB,TEN,0,0,0.0,0,0.0,0.0,0.0,6,13.0,0,1,1,10.0,0,2.3,3.3,,,72.0,250.0,24.518882352941176,2.0,Boston College,2020.0,2020.0,GB,62.0,-10.0,0.027027028
2022,12,00-0036265,A.Dillon,RB,GB,PHI,0,0,0.0,0,0.0,0.0,0.0,8,64.0,1,4,3,24.0,0,14.8,17.8,,,72.0,250.0,24.518882352941176,2.0,Boston College,2020.0,2020.0,GB,62.0,,0.16
2022,13,00-0036265,A.Dillon,RB,GB,CHI,0,0,0.0,0,0.0,0.0,0.0,18,93.0,1,3,3,26.0,0,17.9,20.9,,,72.0,250.0,24.518882352941176,2.0,Boston College,2020.0,2020.0,GB,62.0,,0.1
2022,15,00-0036265,A.Dillon,RB,GB,LA,0,0,0.0,0,0.0,0.0,0.0,11,36.0,2,3,3,35.0,0,19.1,22.1,,,72.0,250.0,24.518882352941176,2.0,Boston College,2020.0,2020.0,GB,62.0,12.0,0.10714286
2022,16,00-0036265,A.Dillon,RB,GB,MIA,0,0,0.0,0,0.0,0.0,0.0,11,36.0,1,3,2,12.0,0,10.8,12.8,,,72.0,250.0,24.518882352941176,2.0,Boston College,2020.0,2020.0,GB,62.0,,0.078947365
2022,17,00-0036265,A.Dillon,RB,GB,MIN,0,0,0.0,0,0.0,0.0,0.0,12,41.0,1,1,0,0.0,0,10.1,10.1,,,72.0,250.0,24.518882352941176,2.0,Boston College,2020.0,2020.0,GB,62.0,24.0,0.03846154
2022,18,00-0036265,A.Dillon,RB,GB,DET,0,0,0.0,0,0.0,0.0,0.0,9,33.0,0,3,0,0.0,0,3.3,3.3,,,72.0,250.0,24.518882352941176,2.0,Boston College,2020.0,2020.0,GB,62.0,-4.0,0.115384616
2022,3,00-0036268,L.Shenault,WR,CAR,NO,0,0,0.0,0,0.0,0.0,0.0,0,0.0,0,2,2,90.0,1,15.0,17.0,,,73.0,220.0,24.09258823529412,2.0,Colorado,2020.0,2020.0,JAX,42.0,8.0,0.083333336
2022,4,00-0036268,L.Shenault,WR,CAR,ARI,0,0,0.0,0,0.0,0.0,0.0,1,0.0,0,0,0,0.0,0,0.0,0.0,,,73.0,220.0,24.09258823529412,2.0,Colorado,2020.0,2020.0,JAX,42.0,-10.0,
2022,7,00-0036268,L.Shenault,WR,CAR,TB,0,0,0.0,0,0.0,0.0,0.0,0,0.0,0,1,1,8.0,0,0.8,1.8,,,73.0,220.0,24.09258823529412,2.0,Colorado,2020.0,2020.0,JAX,42.0,18.0,0.04761905
2022,8,00-0036268,L.Shenault,WR,CAR,ATL,0,0,0.0,0,0.0,0.0,0.0,0,0.0,0,6,5,26.0,0,2.6,7.6,,,73.0,220.0,24.09258823529412,2.0,Colorado,2020.0,2020.0,JAX,42.0,,0.16666667
2022,9,00-0036268,L.Shenault,WR,CAR,CIN,0,0,0.0,0,0.0,0.0,0.0,2,6.0,0,1,0,0.0,0,0.6,0.6,,,73.0,220.0,24.09258823529412,2.0,Colorado,2020.0,2020.0,JAX,42.0,,0.033333335
2022,10,00-0036268,L.Shenault,WR,CAR,ATL,0,0,0.0,0,0.0,0.0,0.0,2,42.0,1,4,3,17.0,0,11.9,14.9,,,73.0,220.0,24.09258823529412,2.0,Colorado,2020.0,2020.0,JAX,42.0,10.0,0.25
2022,11,00-0036268,L.Shenault,WR,CAR,BAL,0,0,0.0,0,0.0,0.0,0.0,0,0.0,0,4,4,7.0,0,0.7,4.7,,,73.0,220.0,24.09258823529412,2.0,Colorado,2020.0,2020.0,JAX,42.0,,0.12903225
2022,12,00-0036268,L.Shenault,WR,CAR,DEN,0,0,0.0,0,0.0,0.0,0.0,1,2.0,0,2,2,19.0,0,2.1,4.1,,,73.0,220.0,24.09258823529412,2.0,Colorado,2020.0,2020.0,JAX,42.0,13.0,0.11764706
2022,14,00-0036268,L.Shenault,WR,CAR,SEA,0,0,0.0,0,0.0,0.0,0.0,1,7.0,0,4,4,31.0,0,3.8,7.8,,,73.0,220.0,24.09258823529412,2.0,Colorado,2020.0,2020.0,JAX,42.0,,0.2
2022,15,00-0036268,L.Shenault,WR,CAR,PIT,0,0,0.0,0,0.0,0.0,0.0,0,0.0,0,1,0,0.0,0,0.0,0.0,,,73.0,220.0,24.09258823529412,2.0,Colorado,2020.0,2020.0,JAX,42.0,-8.0,0.05263158
2022,16,00-0036268,L.Shenault,WR,CAR,DET,0,0,0.0,0,0.0,0.0,0.0,0,0.0,0,3,3,53.0,0,5.3,8.3,,,73.0,220.0,24.09258823529412,2.0,Colorado,2020.0,2020.0,JAX,42.0,14.0,0.14285715
2022,17,00-0036268,L.Shenault,WR,CAR,TB,0,0,0.0,0,0.0,0.0,0.0,1,7.0,0,3,2,13.0,0,2.0,4.0,,,73.0,220.0,24.09258823529412,2.0,Colorado,2020.0,2020.0,JAX,42.0,,0.09677419
2022,18,00-0036268,L.Shenault,WR,CAR,NO,0,0,0.0,0,0.0,0.0,0.0,1,1.0,0,1,1,8.0,0,0.9,1.9,,,73.0,220.0,24.09258823529412,2.0,Colorado,2020.0,2020.0,JAX,42.0,,0.09090909
2022,2,00-0036271,Q.Watkins,WR,PHI,MIN,0,0,0.0,0,0.0,0.0,0.0,0,0.0,0,2,2,69.0,1,12.9,14.9,,,72.0,190.0,24.4563,2.0,Southern Mississippi,2020.0,2020.0,PHI,200.0,17.0,0.06451613
2022,3,00-0036271,Q.Watkins,WR,PHI,WAS,0,0,0.0,0,0.0,0.0,0.0,0,0.0,0,1,0,0.0,0,0.0,0.0,,,72.0,190.0,24.4563,2.0,Southern Mississippi,2020.0,2020.0,PHI,200.0,,0.029411765
2022,4,00-0036271,Q.Watkins,WR,PHI,JAX,0,0,0.0,0,0.0,0.0,0.0,0,0.0,0,1,0,0.0,0,0.0,0.0,,,72.0,190.0,24.4563,2.0,Southern Mississippi,2020.0,2020.0,PHI,200.0,8.0,0.041666668
2022,5,00-0036271,Q.Watkins,WR,PHI,ARI,0,0,0.0,0,0.0,0.0,0.0,0,0.0,0,4,3,19.0,0,1.9,4.9,,,72.0,190.0,24.4563,2.0,Southern Mississippi,2020.0,2020.0,PHI,200.0,,0.11764706
2022,6,00-0036271,Q.Watkins,WR,PHI,DAL,0,0,0.0,0,0.0,0.0,0.0,1,-3.0,0,1,1,0.0,0,-0.3,0.7,,,72.0,190.0,24.4563,2.0,Southern Mississippi,2020.0,2020.0,PHI,200.0,9.0,0.045454547
2022,8,00-0036271,Q.Watkins,WR,PHI,PIT,0,0,0.0,0,0.0,0.0,0.0,0,0.0,0,2,0,0.0,0,0.0,0.0,,,72.0,190.0,24.4563,2.0,Southern Mississippi,2020.0,2020.0,PHI,200.0,22.0,0.06666667
2022,9,00-0036271,Q.Watkins,WR,PHI,HOU,0,0,0.0,0,0.0,0.0,0.0,0,0.0,0,2,2,25.0,0,2.5,4.5,,,72.0,190.0,24.4563,2.0,Southern Mississippi,2020.0,2020.0,PHI,200.0,,0.08
2022,10,00-0036271,Q.Watkins,WR,PHI,WAS,0,0,0.0,0,0.0,0.0,0.0,0,0.0,0,4,4,80.0,0,6.0,10.0,,,72.0,190.0,24.4563,2.0,Southern Mississippi,2020.0,2020.0,PHI,200.0,-11.0,0.16
2022,11,00-0036271,Q.Watkins,WR,PHI,IND,0,0,0.0,0,0.0,0.0,0.0,0,0.0,0,2,2,31.0,1,9.1,11.1,,,72.0,190.0,24.4563,2.0,Southern Mississippi,2020.0,2020.0,PHI,200.0,,0.08695652
2022,12,00-0036271,Q.Watkins,WR,PHI,GB,0,0,0.0,0,0.0,0.0,0.0,0,0.0,0,5,3,35.0,1,9.5,12.5,,,72.0,190.0,24.4563,2.0,Southern Mississippi,2020.0,2020.0,PHI,200.0,7.0,0.2
2022,13,00-0036271,Q.Watkins,WR,PHI,TEN,0,0,0.0,0,0.0,0.0,0.0,0,0.0,0,6,5,37.0,0,3.7,8.7,,,72.0,190.0,24.4563,2.0,Southern Mississippi,2020.0,2020.0,PHI,200.0,25.0,0.15789473
2022,14,00-0036271,Q.Watkins,WR,PHI,NYG,0,0,0.0,0,0.0,0.0,0.0,0,0.0,0,5,4,19.0,0,1.9,5.9,,,72.0,190.0,24.4563,2.0,Southern Mississippi,2020.0,2020.0,PHI,200.0,,0.16129032
2022,15,00-0036271,Q.Watkins,WR,PHI,CHI,0,0,0.0,0,0.0,0.0,0.0,2,4.0,0,6,4,6.0,0,1.0,5.0,,,72.0,190.0,24.4563,2.0,Southern Mississippi,2020.0,2020.0,PHI,200.0,,0.16216215
2022,16,00-0036271,Q.Watkins,WR,PHI,DAL,0,0,0.0,0,0.0,0.0,0.0,0,0.0,0,5,1,19.0,0,1.9,2.9,,,72.0,190.0,24.4563,2.0,Southern Mississippi,2020.0,2020.0,PHI,200.0,,0.14705883
2022,17,00-0036271,Q.Watkins,WR,PHI,NO,0,0,0.0,0,0.0,0.0,0.0,0,0.0,0,1,0,0.0,0,0.0,0.0,,,72.0,190.0,24.4563,2.0,Southern Mississippi,2020.0,2020.0,PHI,200.0,-10.0,0.03125
2022,18,00-0036271,Q.Watkins,WR,PHI,NYG,0,0,0.0,0,0.0,0.0,0.0,0,0.0,0,4,2,14.0,0,1.4,3.4,,,72.0,190.0,24.4563,2.0,Southern Mississippi,2020.0,2020.0,PHI,200.0,6.0,0.12903225
2022,21,00-0036271,Q.Watkins,WR,PHI,SF,0,0,0.0,0,0.0,0.0,0.0,0,0.0,0,1,0,0.0,0,0.0,0.0,,,72.0,190.0,24.4563,2.0,Southern Mississippi,2020.0,2020.0,PHI,200.0,24.0,0.041666668
2022,22,00-0036271,Q.Watkins,WR,PHI,KC,0,0,0.0,0,0.0,0.0,0.0,0,0.0,0,2,1,8.0,0,0.8,1.8,,,72.0,190.0,24.4563,2.0,Southern Mississippi,2020.0,2020.0,PHI,200.0,-3.0,0.05882353
2022,1,00-0036275,D.Swift,RB,DET,PHI,0,0,0.0,0,0.0,0.0,0.0,15,144.0,1,3,3,31.0,0,23.5,26.5,,,69.0,211.0,23.823941176470587,2.0,Georgia,2020.0,2020.0,DET,35.0,-3.0,0.08108108
2022,2,00-0036275,D.Swift,RB,DET,WAS,0,0,0.0,0,0.0,0.0,0.0,5,56.0,0,5,2,31.0,1,14.7,16.7,,,69.0,211.0,23.823941176470587,2.0,Georgia,2020.0,2020.0,DET,35.0,9.0,0.14705883
2022,3,00-0036275,D.Swift,RB,DET,MIN,0,0,0.0,0,0.0,0.0,0.0,7,31.0,0,4,3,15.0,0,4.6,7.6,,,69.0,211.0,23.823941176470587,2.0,Georgia,2020.0,2020.0,DET,35.0,,0.10810811
2022,8,00-0036275,D.Swift,RB,DET,MIA,0,0,0.0,0,0.0,0.0,0.0,5,6.0,0,5,5,27.0,1,9.3,14.3,,,69.0,211.0,23.823941176470587,2.0,Georgia,2020.0,2020.0,DET,35.0,-4.0,0.13513513
2022,9,00-0036275,D.Swift,RB,DET,GB,0,0,0.0,0,0.0,0.0,0.0,2,10.0,0,4,3,40.0,0,5.0,8.0,,,69.0,211.0,23.823941176470587,2.0,Georgia,2020.0,2020.0,DET,35.0,6.0,0.16666667
2022,10,00-0036275,D.Swift,RB,DET,CHI,0,0,0.0,0,0.0,0.0,0.0,6,6.0,1,3,1,6.0,0,7.2,8.2,,,69.0,211.0,23.823941176470587,2.0,Georgia,2020.0,2020.0,DET,35.0,,0.12
2022,11,00-0036275,D.Swift,RB,DET,NYG,0,0,0.0,0,0.0,0.0,0.0,5,20.0,1,3,3,12.0,0,9.2,12.2,,,69.0,211.0,23.823941176470587,2.0,Georgia,2020.0,2020.0,DET,35.0,,0.12
2022,12,00-0036275,D.Swift,RB,DET,BUF,0,0,0.0,0,0.0,0.0,0.0,5,19.0,0,8,4,24.0,0,6.3,10.3,,,69.0,211.0,23.823941176470587,2.0,Georgia,2020.0,2020.0,DET,35.0,-3.0,0.22857143
2022,13,00-0036275,D.Swift,RB,DET,JAX,0,0,0.0,0,0.0,0.0,0.0,14,62.0,1,6,4,49.0,0,17.1,21.1,,,69.0,211.0,23.823941176470587,2.0,Georgia,2020.0,2020.0,DET,35.0,26.0,0.15384616
2022,14,00-0036275,D.Swift,RB,DET,MIN,0,0,0.0,0,0.0,0.0,0.0,6,21.0,0,4,3,18.0,0,3.9,6.9,,,69.0,211.0,23.823941176470587,2.0,Georgia,2020.0,2020.0,DET,35.0,11.0,0.11111111
2022,15,00-0036275,D.Swift,RB,DET,NYJ,0,0,0.0,0,0.0,0.0,0.0,8,52.0,0,9,5,23.0,0,7.5,12.5,,,69.0,211.0,23.823941176470587,2.0,Georgia,2020.0,2020.0,DET,35.0,,0.25
2022,16,00-0036275,D.Swift,RB,DET,CAR,0,0,0.0,0,0.0,0.0,0.0,4,12.0,0,5,1,13.0,0,2.5,3.5,,,69.0,211.0,23.823941176470587,2.0,Georgia,2020.0,2020.0,DET,35.0,,0.12195122
2022,17,00-0036275,D.Swift,RB,DET,CHI,0,0,0.0,0,0.0,0.0,0.0,11,78.0,1,4,4,39.0,1,23.7,27.7,,,69.0,211.0,23.823941176470587,2.0,Georgia,2020.0,2020.0,DET,35.0,31.0,0.13793103
2022,18,00-0036275,D.Swift,RB,DET,GB,0,0,0.0,0,0.0,0.0,0.0,6,25.0,0,7,7,61.0,0,8.6,15.6,,,69.0,211.0,23.823941176470587,2.0,Georgia,2020.0,2020.0,DET,35.0,,0.21212122
2022,4,00-0036277,Q.Cephus,WR,DET,SEA,0,0,0.0,0,0.0,0.0,0.0,0,0.0,0,3,2,15.0,0,1.5,3.5,,,73.0,205.0,24.612470588235293,2.0,Wisconsin,2020.0,2020.0,DET,166.0,-3.0,0.07692308
2022,1,00-0036290,C.Kmet,TE,CHI,SF,0,0,0.0,0,0.0,0.0,0.0,0,0.0,0,1,0,0.0,0,0.0,0.0,,,78.0,258.0,23.66458823529412,2.0,Notre Dame,2020.0,2020.0,CHI,43.0,9.0,0.05882353
2022,2,00-0036290,C.Kmet,TE,CHI,GB,0,0,0.0,0,0.0,0.0,0.0,0,0.0,0,1,0,0.0,0,0.0,0.0,,,78.0,258.0,23.66458823529412,2.0,Notre Dame,2020.0,2020.0,CHI,43.0,,0.09090909
2022,3,00-0036290,C.Kmet,TE,CHI,HOU,0,0,0.0,0,0.0,0.0,0.0,0,0.0,0,3,2,40.0,0,4.0,6.0,,,78.0,258.0,23.66458823529412,2.0,Notre Dame,2020.0,2020.0,CHI,43.0,3.0,0.1875
2022,4,00-0036290,C.Kmet,TE,CHI,NYG,0,0,0.0,0,0.0,0.0,0.0,0,0.0,0,3,3,16.0,0,1.6,4.6,,,78.0,258.0,23.66458823529412,2.0,Notre Dame,2020.0,2020.0,CHI,43.0,,0.15
2022,5,00-0036290,C.Kmet,TE,CHI,MIN,0,0,0.0,0,0.0,0.0,0.0,0,0.0,0,4,4,45.0,0,4.5,8.5,,,78.0,258.0,23.66458823529412,2.0,Notre Dame,2020.0,2020.0,CHI,43.0,,0.1904762
2022,6,00-0036290,C.Kmet,TE,CHI,WAS,0,0,0.0,0,0.0,0.0,0.0,0,0.0,0,3,1,15.0,0,1.5,2.5,,,78.0,258.0,23.66458823529412,2.0,Notre Dame,2020.0,2020.0,CHI,43.0,-5.0,0.115384616
2022,7,00-0036290,C.Kmet,TE,CHI,NE,0,0,0.0,0,0.0,0.0,0.0,0,0.0,0,3,2,32.0,0,3.2,5.2,,,78.0,258.0,23.66458823529412,2.0,Notre Dame,2020.0,2020.0,CHI,43.0,,0.14285715
2022,8,00-0036290,C.Kmet,TE,CHI,DAL,0,0,0.0,0,0.0,0.0,0.0,0,0.0,0,2,2,11.0,1,7.1,9.1,,,78.0,258.0,23.66458823529412,2.0,Notre Dame,2020.0,2020.0,CHI,43.0,,0.08695652
2022,9,00-0036290,C.Kmet,TE,CHI,MIA,0,0,0.0,0,0.0,0.0,0.0,2,9.0,0,6,5,41.0,2,17.0,22.0,,,78.0,258.0,23.66458823529412,2.0,Notre Dame,2020.0,2020.0,CHI,43.0,-3.0,0.22222222
2022,10,00-0036290,C.Kmet,TE,CHI,DET,0,0,0.0,0,0.0,0.0,0.0,0,0.0,0,7,4,74.0,2,19.4,23.4,,,78.0,258.0,23.66458823529412,2.0,Notre Dame,2020.0,2020.0,CHI,43.0,-1.0,0.3888889
2022,11,00-0036290,C.Kmet,TE,CHI,ATL,0,0,0.0,0,0.0,0.0,0.0,0,0.0,0,4,3,35.0,0,3.5,6.5,,,78.0,258.0,23.66458823529412,2.0,Notre Dame,2020.0,2020.0,CHI,43.0,,0.21052632
2022,12,00-0036290,C.Kmet,TE,CHI,NYJ,0,0,0.0,0,0.0,0.0,0.0,0,0.0,0,6,3,27.0,0,2.7,5.7,,,78.0,258.0,23.66458823529412,2.0,Notre Dame,2020.0,2020.0,CHI,43.0,,0.25
2022,13,00-0036290,C.Kmet,TE,CHI,GB,0,0,0.0,0,0.0,0.0,0.0,0,0.0,0,7,6,72.0,0,7.2,13.2,,,78.0,258.0,23.66458823529412,2.0,Notre Dame,2020.0,2020.0,CHI,43.0,-9.0,0.28
2022,15,00-0036290,C.Kmet,TE,CHI,PHI,0,0,0.0,0,0.0,0.0,0.0,0,0.0,0,5,4,25.0,0,2.5,6.5,,,78.0,258.0,23.66458823529412,2.0,Notre Dame,2020.0,2020.0,CHI,43.0,-5.0,0.23809524
2022,16,00-0036290,C.Kmet,TE,CHI,BUF,0,0,0.0,0,0.0,0.0,0.0,0,0.0,0,6,5,27.0,0,2.7,7.7,,,78.0,258.0,23.66458823529412,2.0,Notre Dame,2020.0,2020.0,CHI,43.0,-22.0,0.24
2022,17,00-0036290,C.Kmet,TE,CHI,DET,0,0,0.0,0,0.0,0.0,0.0,0,0.0,0,3,2,27.0,1,8.7,10.7,,,78.0,258.0,23.66458823529412,2.0,Notre Dame,2020.0,2020.0,CHI,43.0,,0.16666667
2022,18,00-0036290,C.Kmet,TE,CHI,MIN,0,0,0.0,0,0.0,0.0,0.0,0,0.0,0,5,4,57.0,1,11.7,15.7,,,78.0,258.0,23.66458823529412,2.0,Notre Dame,2020.0,2020.0,CHI,43.0,-16.0,0.18518518
2022,12,00-0036297,D.Evans,RB,CHI,NYJ,0,0,0.0,0,0.0,0.0,0.0,9,34.0,0,1,1,33.0,0,6.7,7.7,,,70.0,200.0,24.33264705882353,2.0,Appalachian State,2020.0,2020.0,TEN,93.0,,0.041666668
2022,13,00-0036297,D.Evans,RB,CHI,GB,0,0,0.0,0,0.0,0.0,0.0,3,21.0,0,0,0,0.0,0,2.1,2.1,,,70.0,200.0,24.33264705882353,2.0,Appalachian State,2020.0,2020.0,TEN,93.0,-9.0,
2022,15,00-0036297,D.Evans,RB,CHI,PHI,0,0,0.0,0,0.0,0.0,0.0,2,9.0,0,0,0,0.0,0,0.9,0.9,,,70.0,200.0,24.33264705882353,2.0,Appalachian State,2020.0,2020.0,TEN,93.0,-5.0,
2022,1,00-0036309,D.Mooney,WR,CHI,SF,0,0,0.0,0,0.0,0.0,0.0,0,0.0,0,3,1,8.0,0,0.8,1.8,,,71.0,172.0,25.025352941176468,2.0,Tulane,2020.0,2020.0,CHI,173.0,9.0,0.1764706
2022,2,00-0036309,D.Mooney,WR,CHI,GB,0,0,0.0,0,0.0,0.0,0.0,0,0.0,0,2,1,-4.0,0,-0.4,0.6,,,71.0,172.0,25.025352941176468,2.0,Tulane,2020.0,2020.0,CHI,173.0,,0.18181819
2022,3,00-0036309,D.Mooney,WR,CHI,HOU,0,0,0.0,0,0.0,0.0,0.0,0,0.0,0,6,2,23.0,0,2.3,4.3,,,71.0,172.0,25.025352941176468,2.0,Tulane,2020.0,2020.0,CHI,173.0,3.0,0.375
2022,4,00-0036309,D.Mooney,WR,CHI,NYG,0,0,0.0,0,0.0,0.0,0.0,0,0.0,0,5,4,94.0,0,9.4,13.4,,,71.0,172.0,25.025352941176468,2.0,Tulane,2020.0,2020.0,CHI,173.0,,0.25
2022,5,00-0036309,D.Mooney,WR,CHI,MIN,0,0,0.0,0,0.0,0.0,0.0,0,0.0,0,5,2,52.0,0,5.2,7.2,,,71.0,172.0,25.025352941176468,2.0,Tulane,2020.0,2020.0,CHI,173.0,,0.23809524
2022,6,00-0036309,D.Mooney,WR,CHI,WAS,0,0,0.0,0,0.0,0.0,0.0,0,0.0,0,12,7,68.0,0,6.8,13.8,,,71.0,172.0,25.025352941176468,2.0,Tulane,2020.0,2020.0,CHI,173.0,-5.0,0.46153846
2022,7,00-0036309,D.Mooney,WR,CHI,NE,0,0,0.0,0,0.0,0.0,0.0,0,0.0,0,6,3,53.0,0,5.3,8.3,,,71.0,172.0,25.025352941176468,2.0,Tulane,2020.0,2020.0,CHI,173.0,,0.2857143
2022,8,00-0036309,D.Mooney,WR,CHI,DAL,0,0,0.0,0,0.0,0.0,0.0,0,0.0,0,5,5,70.0,0,7.0,12.0,,,71.0,172.0,25.025352941176468,2.0,Tulane,2020.0,2020.0,CHI,173.0,,0.2173913
2022,9,00-0036309,D.Mooney,WR,CHI,MIA,0,0,0.0,0,0.0,0.0,0.0,1,2.0,0,8,7,43.0,1,10.5,17.5,,,71.0,172.0,25.025352941176468,2.0,Tulane,2020.0,2020.0,CHI,173.0,-3.0,0.2962963
2022,10,00-0036309,D.Mooney,WR,CHI,DET,0,0,0.0,0,0.0,0.0,0.0,0,0.0,0,4,4,57.0,0,5.7,9.7,,,71.0,172.0,25.025352941176468,2.0,Tulane,2020.0,2020.0,CHI,173.0,-1.0,0.22222222
2022,11,00-0036309,D.Mooney,WR,CHI,ATL,0,0,0.0,0,0.0,0.0,0.0,0,0.0,0,5,4,29.0,1,8.9,12.9,,,71.0,172.0,25.025352941176468,2.0,Tulane,2020.0,2020.0,CHI,173.0,,0.2631579
2022,2,00-0036313,B.Mann,P,NYJ,CLE,1,1,17.0,0,0.0,0.0,-0.0,0,0.0,0,0,0,0.0,0,0.68,0.68,,,71.0,190.0,24.95864705882353,2.0,Texas A&amp;M,2020.0,2020.0,NYJ,191.0,,
2022,12,00-0036313,B.Mann,P,NYJ,CHI,0,1,0.0,0,0.0,0.0,-0.0,0,0.0,0,0,0,0.0,0,0.0,0.0,,,71.0,190.0,24.95864705882353,2.0,Texas A&amp;M,2020.0,2020.0,NYJ,191.0,21.0,
2022,1,00-0036322,J.Jefferson,WR,MIN,GB,0,0,0.0,0,0.0,0.0,0.0,0,0.0,0,11,9,184.0,2,30.4,39.4,,,73.0,192.0,23.414,2.0,Louisiana State,2020.0,2020.0,MIN,22.0,16.0,0.3548387
2022,2,00-0036322,J.Jefferson,WR,MIN,PHI,0,0,0.0,0,0.0,0.0,0.0,0,0.0,0,12,6,48.0,0,4.8,10.8,,,73.0,192.0,23.414,2.0,Louisiana State,2020.0,2020.0,MIN,22.0,,0.26666668
2022,3,00-0036322,J.Jefferson,WR,MIN,DET,0,0,0.0,0,0.0,0.0,0.0,0,0.0,0,6,3,14.0,0,1.4,4.4,,,73.0,192.0,23.414,2.0,Louisiana State,2020.0,2020.0,MIN,22.0,4.0,0.16216215
2022,4,00-0036322,J.Jefferson,WR,MIN,NO,0,0,0.0,0,0.0,0.0,0.0,1,3.0,1,13,10,147.0,0,21.0,31.0,,,73.0,192.0,23.414,2.0,Louisiana State,2020.0,2020.0,MIN,22.0,,0.37142858
2022,5,00-0036322,J.Jefferson,WR,MIN,CHI,1,1,23.0,0,0.0,0.0,-0.0,0,0.0,0,13,12,154.0,0,18.32,30.32,,,73.0,192.0,23.414,2.0,Louisiana State,2020.0,2020.0,MIN,22.0,7.0,0.33333334
2022,6,00-0036322,J.Jefferson,WR,MIN,MIA,0,0,0.0,0,0.0,0.0,0.0,0,0.0,0,8,6,107.0,0,10.7,16.7,,,73.0,192.0,23.414,2.0,Louisiana State,2020.0,2020.0,MIN,22.0,,0.2857143
2022,8,00-0036322,J.Jefferson,WR,MIN,ARI,0,0,0.0,0,0.0,0.0,0.0,0,0.0,0,8,6,98.0,0,9.8,15.8,,,73.0,192.0,23.414,2.0,Louisiana State,2020.0,2020.0,MIN,22.0,8.0,0.2580645
2022,9,00-0036322,J.Jefferson,WR,MIN,WAS,0,0,0.0,0,0.0,0.0,0.0,1,10.0,0,13,7,115.0,1,18.5,25.5,,,73.0,192.0,23.414,2.0,Louisiana State,2020.0,2020.0,MIN,22.0,,0.33333334
2022,10,00-0036322,J.Jefferson,WR,MIN,BUF,0,0,0.0,0,0.0,0.0,0.0,0,0.0,0,16,10,193.0,1,25.3,35.3,,,73.0,192.0,23.414,2.0,Louisiana State,2020.0,2020.0,MIN,22.0,,0.32
2022,11,00-0036322,J.Jefferson,WR,MIN,DAL,0,0,0.0,0,0.0,0.0,0.0,0,0.0,0,5,3,33.0,0,3.3,6.3,,,73.0,192.0,23.414,2.0,Louisiana State,2020.0,2020.0,MIN,22.0,-37.0,0.17857143
2022,12,00-0036322,J.Jefferson,WR,MIN,NE,1,1,11.0,0,0.0,0.0,-0.0,0,0.0,0,11,9,139.0,1,20.34,29.34,,,73.0,192.0,23.414,2.0,Louisiana State,2020.0,2020.0,MIN,22.0,7.0,0.2972973
2022,13,00-0036322,J.Jefferson,WR,MIN,NYJ,0,0,0.0,0,0.0,0.0,0.0,2,11.0,0,11,7,45.0,1,11.6,18.6,,,73.0,192.0,23.414,2.0,Louisiana State,2020.0,2020.0,MIN,22.0,5.0,0.33333334
2022,14,00-0036322,J.Jefferson,WR,MIN,DET,0,0,0.0,0,0.0,0.0,0.0,0,0.0,0,15,11,223.0,0,22.3,33.3,,,73.0,192.0,23.414,2.0,Louisiana State,2020.0,2020.0,MIN,22.0,,0.375
2022,15,00-0036322,J.Jefferson,WR,MIN,IND,0,0,0.0,0,0.0,0.0,0.0,0,0.0,0,16,12,123.0,1,18.3,30.3,,,73.0,192.0,23.414,2.0,Louisiana State,2020.0,2020.0,MIN,22.0,3.0,0.2962963
2022,16,00-0036322,J.Jefferson,WR,MIN,NYG,0,0,0.0,0,0.0,0.0,0.0,0,0.0,0,16,12,133.0,1,19.3,31.3,,,73.0,192.0,23.414,2.0,Louisiana State,2020.0,2020.0,MIN,22.0,3.0,0.34042552
2022,17,00-0036322,J.Jefferson,WR,MIN,GB,0,0,0.0,0,0.0,0.0,0.0,0,0.0,0,5,1,15.0,0,1.5,2.5,,,73.0,192.0,23.414,2.0,Louisiana State,2020.0,2020.0,MIN,22.0,,0.14285715
2022,18,00-0036322,J.Jefferson,WR,MIN,CHI,0,0,0.0,0,0.0,0.0,0.0,0,0.0,0,5,4,38.0,0,3.8,7.8,,,73.0,192.0,23.414,2.0,Louisiana State,2020.0,2020.0,MIN,22.0,,0.15625
2022,19,00-0036322,J.Jefferson,WR,MIN,NYG,1,1,-2.0,0,0.0,0.0,-0.0,0,0.0,0,9,7,47.0,0,4.62,11.62,,,73.0,192.0,23.414,2.0,Louisiana State,2020.0,2020.0,MIN,22.0,-7.0,0.23076923
2022,1,00-0036326,C.Claypool,WR,PIT,CIN,0,0,0.0,0,0.0,0.0,0.0,6,36.0,0,6,4,18.0,0,5.4,9.4,,,76.0,227.0,24.33794117647059,2.0,Notre Dame,2020.0,2020.0,PIT,49.0,,0.16216215
2022,2,00-0036326,C.Claypool,WR,PIT,NE,0,0,0.0,0,0.0,0.0,0.0,0,0.0,0,6,4,26.0,0,2.6,6.6,,,76.0,227.0,24.33794117647059,2.0,Notre Dame,2020.0,2020.0,PIT,49.0,-3.0,0.1875
2022,3,00-0036326,C.Claypool,WR,PIT,CLE,0,0,0.0,0,0.0,0.0,0.0,1,11.0,0,6,3,35.0,0,4.6,7.6,,,76.0,227.0,24.33794117647059,2.0,Notre Dame,2020.0,2020.0,PIT,49.0,,0.1875
2022,4,00-0036326,C.Claypool,WR,PIT,NYJ,0,0,0.0,0,0.0,0.0,0.0,0,0.0,0,2,0,0.0,0,0.0,0.0,,,76.0,227.0,24.33794117647059,2.0,Notre Dame,2020.0,2020.0,PIT,49.0,-4.0,0.08
2022,5,00-0036326,C.Claypool,WR,PIT,BUF,0,0,0.0,0,0.0,0.0,0.0,0,0.0,0,9,5,50.0,0,5.0,10.0,,,76.0,227.0,24.33794117647059,2.0,Notre Dame,2020.0,2020.0,PIT,49.0,,0.1764706
2022,6,00-0036326,C.Claypool,WR,PIT,TB,0,0,0.0,0,0.0,0.0,0.0,1,8.0,0,7,7,96.0,1,16.4,23.4,,,76.0,227.0,24.33794117647059,2.0,Notre Dame,2020.0,2020.0,PIT,49.0,2.0,0.25925925
2022,7,00-0036326,C.Claypool,WR,PIT,MIA,0,0,0.0,0,0.0,0.0,0.0,0,0.0,0,8,5,41.0,0,4.1,9.1,,,76.0,227.0,24.33794117647059,2.0,Notre Dame,2020.0,2020.0,PIT,49.0,,0.1904762
2022,8,00-0036326,C.Claypool,WR,PIT,PHI,1,1,1.0,1,0.0,0.0,-0.0,0,0.0,0,6,4,45.0,0,8.54,12.54,,,76.0,227.0,24.33794117647059,2.0,Notre Dame,2020.0,2020.0,PIT,49.0,,0.15
2022,9,00-0036326,C.Claypool,WR,CHI,MIA,0,0,0.0,0,0.0,0.0,0.0,1,4.0,0,6,2,13.0,0,1.7,3.7,,,76.0,227.0,24.33794117647059,2.0,Notre Dame,2020.0,2020.0,PIT,49.0,-3.0,0.22222222
2022,10,00-0036326,C.Claypool,WR,CHI,DET,0,0,0.0,0,0.0,0.0,0.0,0,0.0,0,2,1,8.0,0,0.8,1.8,,,76.0,227.0,24.33794117647059,2.0,Notre Dame,2020.0,2020.0,PIT,49.0,-1.0,0.11111111
2022,11,00-0036326,C.Claypool,WR,CHI,ATL,0,0,0.0,0,0.0,0.0,0.0,0,0.0,0,3,2,11.0,0,1.1,3.1,,,76.0,227.0,24.33794117647059,2.0,Notre Dame,2020.0,2020.0,PIT,49.0,,0.15789473
2022,12,00-0036326,C.Claypool,WR,CHI,NYJ,0,0,0.0,0,0.0,0.0,0.0,0,0.0,0,5,2,51.0,0,5.1,7.1,,,76.0,227.0,24.33794117647059,2.0,Notre Dame,2020.0,2020.0,PIT,49.0,,0.20833333
2022,13,00-0036326,C.Claypool,WR,CHI,GB,0,0,0.0,0,0.0,0.0,0.0,0,0.0,0,6,5,28.0,0,0.8,5.8,,,76.0,227.0,24.33794117647059,2.0,Notre Dame,2020.0,2020.0,PIT,49.0,-9.0,0.24
2022,17,00-0036326,C.Claypool,WR,CHI,DET,0,0,0.0,0,0.0,0.0,0.0,0,0.0,0,1,0,0.0,0,0.0,0.0,,,76.0,227.0,24.33794117647059,2.0,Notre Dame,2020.0,2020.0,PIT,49.0,,0.055555556
2022,18,00-0036326,C.Claypool,WR,CHI,MIN,0,0,0.0,0,0.0,0.0,0.0,0,0.0,0,6,2,29.0,0,2.9,4.9,,,76.0,227.0,24.33794117647059,2.0,Notre Dame,2020.0,2020.0,PIT,49.0,-16.0,0.22222222
2022,1,00-0036328,A.Gibson,RB,WAS,JAX,0,0,0.0,0,0.0,0.0,0.0,14,58.0,0,8,7,72.0,0,13.0,20.0,,,74.0,221.0,24.376411764705882,2.0,Memphis,2020.0,2020.0,WAS,66.0,6.0,0.19512194
2022,2,00-0036328,A.Gibson,RB,WAS,DET,0,0,0.0,0,0.0,0.0,0.0,14,28.0,1,4,2,13.0,0,10.1,12.1,,,74.0,221.0,24.376411764705882,2.0,Memphis,2020.0,2020.0,WAS,66.0,,0.09090909
2022,3,00-0036328,A.Gibson,RB,WAS,PHI,0,0,0.0,0,0.0,0.0,0.0,12,38.0,1,1,1,2.0,0,10.0,11.0,,,74.0,221.0,24.376411764705882,2.0,Memphis,2020.0,2020.0,WAS,66.0,-16.0,0.023809524
2022,4,00-0036328,A.Gibson,RB,WAS,DAL,0,0,0.0,0,0.0,0.0,0.0,13,49.0,0,3,3,14.0,0,6.3,9.3,,,74.0,221.0,24.376411764705882,2.0,Memphis,2020.0,2020.0,WAS,66.0,,0.075
2022,5,00-0036328,A.Gibson,RB,WAS,TEN,0,0,0.0,0,0.0,0.0,0.0,3,6.0,0,4,3,33.0,0,3.9,6.9,,,74.0,221.0,24.376411764705882,2.0,Memphis,2020.0,2020.0,WAS,66.0,-4.0,0.10810811
2022,6,00-0036328,A.Gibson,RB,WAS,CHI,0,0,0.0,0,0.0,0.0,0.0,5,35.0,0,4,3,18.0,0,5.3,8.3,,,74.0,221.0,24.376411764705882,2.0,Memphis,2020.0,2020.0,WAS,66.0,,0.18181819
2022,7,00-0036328,A.Gibson,RB,WAS,GB,0,0,0.0,0,0.0,0.0,0.0,10,59.0,0,4,3,18.0,1,13.7,16.7,,,74.0,221.0,24.376411764705882,2.0,Memphis,2020.0,2020.0,WAS,66.0,2.0,0.125
2022,8,00-0036328,A.Gibson,RB,WAS,IND,0,0,0.0,0,0.0,0.0,0.0,7,19.0,0,7,7,58.0,1,13.7,20.7,,,74.0,221.0,24.376411764705882,2.0,Memphis,2020.0,2020.0,WAS,66.0,,0.23333333
2022,9,00-0036328,A.Gibson,RB,WAS,MIN,0,0,0.0,0,0.0,0.0,0.0,11,36.0,0,3,2,11.0,0,4.7,6.7,,,74.0,221.0,24.376411764705882,2.0,Memphis,2020.0,2020.0,WAS,66.0,-3.0,0.115384616
2022,10,00-0036328,A.Gibson,RB,WAS,PHI,0,0,0.0,0,0.0,0.0,0.0,14,44.0,1,3,3,14.0,0,11.8,14.8,,,74.0,221.0,24.376411764705882,2.0,Memphis,2020.0,2020.0,WAS,66.0,,0.12
2022,11,00-0036328,A.Gibson,RB,WAS,HOU,0,0,0.0,0,0.0,0.0,0.0,18,72.0,0,3,3,31.0,0,10.3,13.3,,,74.0,221.0,24.376411764705882,2.0,Memphis,2020.0,2020.0,WAS,66.0,,0.13043478
2022,12,00-0036328,A.Gibson,RB,WAS,ATL,0,0,0.0,0,0.0,0.0,0.0,9,32.0,0,3,3,22.0,0,5.4,8.4,,,74.0,221.0,24.376411764705882,2.0,Memphis,2020.0,2020.0,WAS,66.0,6.0,0.13636364
2022,13,00-0036328,A.Gibson,RB,WAS,NYG,0,0,0.0,0,0.0,0.0,0.0,9,39.0,0,4,2,20.0,0,5.9,7.9,,,74.0,221.0,24.376411764705882,2.0,Memphis,2020.0,2020.0,WAS,66.0,,0.1
2022,15,00-0036328,A.Gibson,RB,WAS,NYG,0,0,0.0,0,0.0,0.0,0.0,5,21.0,0,4,2,6.0,0,2.7,4.7,,,74.0,221.0,24.376411764705882,2.0,Memphis,2020.0,2020.0,WAS,66.0,-8.0,0.14814815
2022,16,00-0036328,A.Gibson,RB,WAS,SF,0,0,0.0,0,0.0,0.0,0.0,5,10.0,0,3,2,21.0,0,3.1,5.1,,,74.0,221.0,24.376411764705882,2.0,Memphis,2020.0,2020.0,WAS,66.0,,0.0882353
2022,9,00-0036329,A.Davis,SS,NYJ,BUF,0,0,0.0,0,0.0,0.0,0.0,1,2.0,0,0,0,0.0,0,0.2,0.2,,,73.0,200.0,26.08105882352941,2.0,California,2020.0,2020.0,NYJ,68.0,3.0,
2022,1,00-0036331,D.Duvernay,WR,BAL,NYJ,0,0,0.0,0,0.0,0.0,0.0,0,0.0,0,4,4,54.0,2,17.4,21.4,,,71.0,210.0,25.1685,2.0,Texas,2020.0,2020.0,BAL,92.0,,0.13793103
2022,2,00-0036331,D.Duvernay,WR,BAL,MIA,0,0,0.0,0,0.0,0.0,0.0,0,0.0,0,2,2,42.0,0,10.2,12.2,,,71.0,210.0,25.1685,2.0,Texas,2020.0,2020.0,BAL,92.0,-4.0,0.06896552
2022,3,00-0036331,D.Duvernay,WR,BAL,NE,0,0,0.0,0,0.0,0.0,0.0,2,-2.0,0,2,2,25.0,1,8.3,10.3,,,71.0,210.0,25.1685,2.0,Texas,2020.0,2020.0,BAL,92.0,,0.074074075
2022,4,00-0036331,D.Duvernay,WR,BAL,BUF,0,0,0.0,0,0.0,0.0,0.0,0,0.0,0,5,4,51.0,0,5.1,9.1,,,71.0,210.0,25.1685,2.0,Texas,2020.0,2020.0,BAL,92.0,-3.0,0.17857143
2022,5,00-0036331,D.Duvernay,WR,BAL,CIN,0,0,0.0,0,0.0,0.0,0.0,3,24.0,0,7,5,54.0,0,7.8,12.8,,,71.0,210.0,25.1685,2.0,Texas,2020.0,2020.0,BAL,92.0,2.0,0.25925925
2022,6,00-0036331,D.Duvernay,WR,BAL,NYG,0,0,0.0,0,0.0,0.0,0.0,0,0.0,0,5,1,14.0,0,1.4,2.4,,,71.0,210.0,25.1685,2.0,Texas,2020.0,2020.0,BAL,92.0,,0.15625
2022,7,00-0036331,D.Duvernay,WR,BAL,CLE,0,0,0.0,0,0.0,0.0,0.0,0,0.0,0,3,2,42.0,0,4.2,6.2,,,71.0,210.0,25.1685,2.0,Texas,2020.0,2020.0,BAL,92.0,3.0,0.1875
2022,8,00-0036331,D.Duvernay,WR,BAL,TB,0,0,0.0,0,0.0,0.0,0.0,2,33.0,1,4,4,31.0,0,12.4,16.4,,,71.0,210.0,25.1685,2.0,Texas,2020.0,2020.0,BAL,92.0,,0.11764706
2022,9,00-0036331,D.Duvernay,WR,BAL,NO,0,0,0.0,0,0.0,0.0,0.0,0,0.0,0,1,1,5.0,0,0.5,1.5,,,71.0,210.0,25.1685,2.0,Texas,2020.0,2020.0,BAL,92.0,,0.045454547
2022,11,00-0036331,D.Duvernay,WR,BAL,CAR,0,0,0.0,0,0.0,0.0,0.0,1,4.0,0,1,1,3.0,0,0.7,1.7,,,71.0,210.0,25.1685,2.0,Texas,2020.0,2020.0,BAL,92.0,10.0,0.03125
2022,12,00-0036331,D.Duvernay,WR,BAL,JAX,0,0,0.0,0,0.0,0.0,0.0,2,16.0,0,5,3,23.0,0,3.9,6.9,,,71.0,210.0,25.1685,2.0,Texas,2020.0,2020.0,BAL,92.0,,0.16666667
2022,13,00-0036331,D.Duvernay,WR,BAL,DEN,0,0,0.0,0,0.0,0.0,0.0,2,9.0,0,6,6,34.0,0,4.3,10.3,,,71.0,210.0,25.1685,2.0,Texas,2020.0,2020.0,BAL,92.0,1.0,0.16666667
2022,14,00-0036331,D.Duvernay,WR,BAL,PIT,0,0,0.0,0,0.0,0.0,0.0,0,0.0,0,1,0,0.0,0,0.0,0.0,,,71.0,210.0,25.1685,2.0,Texas,2020.0,2020.0,BAL,92.0,,0.05882353
2022,15,00-0036331,D.Duvernay,WR,BAL,CLE,0,0,0.0,0,0.0,0.0,0.0,0,0.0,0,3,2,29.0,0,2.9,4.9,,,71.0,210.0,25.1685,2.0,Texas,2020.0,2020.0,BAL,92.0,,0.10714286
2022,1,00-0036332,J.Deguara,TE,GB,MIN,0,0,0.0,0,0.0,0.0,0.0,0,0.0,0,2,2,28.0,0,2.8,4.8,,,74.0,240.0,25.72911764705882,2.0,Cincinnati,2020.0,2020.0,GB,94.0,,0.057142857
2022,4,00-0036332,J.Deguara,TE,GB,NE,0,0,0.0,0,0.0,0.0,0.0,0,0.0,0,1,0,0.0,0,0.0,0.0,,,74.0,240.0,25.72911764705882,2.0,Cincinnati,2020.0,2020.0,GB,94.0,3.0,0.03125
2022,5,00-0036332,J.Deguara,TE,GB,NYG,0,0,0.0,0,0.0,0.0,0.0,0,0.0,0,2,2,19.0,0,1.9,3.9,,,74.0,240.0,25.72911764705882,2.0,Cincinnati,2020.0,2020.0,GB,94.0,-5.0,0.051282052
2022,6,00-0036332,J.Deguara,TE,GB,NYJ,0,0,0.0,0,0.0,0.0,0.0,0,0.0,0,1,1,9.0,0,0.9,1.9,,,74.0,240.0,25.72911764705882,2.0,Cincinnati,2020.0,2020.0,GB,94.0,-17.0,0.022727273
2022,8,00-0036332,J.Deguara,TE,GB,BUF,0,0,0.0,0,0.0,0.0,0.0,0,0.0,0,1,1,9.0,0,0.9,1.9,,,74.0,240.0,25.72911764705882,2.0,Cincinnati,2020.0,2020.0,GB,94.0,,0.03448276
2022,9,00-0036332,J.Deguara,TE,GB,DET,0,0,0.0,0,0.0,0.0,0.0,0,0.0,0,5,5,41.0,0,4.1,9.1,,,74.0,240.0,25.72911764705882,2.0,Cincinnati,2020.0,2020.0,GB,94.0,,0.125
2022,13,00-0036332,J.Deguara,TE,GB,CHI,0,0,0.0,0,0.0,0.0,0.0,0,0.0,0,1,0,0.0,0,0.0,0.0,,,74.0,240.0,25.72911764705882,2.0,Cincinnati,2020.0,2020.0,GB,94.0,,0.033333335
2022,16,00-0036332,J.Deguara,TE,GB,MIA,0,0,0.0,0,0.0,0.0,0.0,0,0.0,0,1,1,4.0,0,0.4,1.4,,,74.0,240.0,25.72911764705882,2.0,Cincinnati,2020.0,2020.0,GB,94.0,,0.02631579
2022,17,00-0036332,J.Deguara,TE,GB,MIN,0,0,0.0,0,0.0,0.0,0.0,0,0.0,0,1,1,4.0,0,0.4,1.4,,,74.0,240.0,25.72911764705882,2.0,Cincinnati,2020.0,2020.0,GB,94.0,24.0,0.03846154
2022,12,00-0036336,A.McFarland,RB,PIT,IND,0,0,0.0,0,0.0,0.0,0.0,6,30.0,0,2,2,11.0,0,4.1,6.1,,,68.0,198.0,23.68658823529412,2.0,Maryland,2020.0,2020.0,PIT,124.0,,0.071428575
2022,1,00-0036345,K.Osborn,WR,MIN,GB,0,0,0.0,0,0.0,0.0,0.0,0,0.0,0,4,3,14.0,0,1.4,4.4,,,71.0,200.0,25.429111111111112,2.0,Miami,2020.0,2020.0,MIN,176.0,16.0,0.12903225
2022,2,00-0036345,K.Osborn,WR,MIN,PHI,0,0,0.0,0,0.0,0.0,0.0,0,0.0,0,2,2,25.0,0,2.5,4.5,,,71.0,200.0,25.429111111111112,2.0,Miami,2020.0,2020.0,MIN,176.0,,0.044444446
2022,3,00-0036345,K.Osborn,WR,MIN,DET,0,0,0.0,0,0.0,0.0,0.0,0,0.0,0,8,5,73.0,1,13.3,18.3,,,71.0,200.0,25.429111111111112,2.0,Miami,2020.0,2020.0,MIN,176.0,4.0,0.21621622
2022,4,00-0036345,K.Osborn,WR,MIN,NO,0,0,0.0,0,0.0,0.0,0.0,1,-1.0,0,2,1,6.0,0,0.5,1.5,,,71.0,200.0,25.429111111111112,2.0,Miami,2020.0,2020.0,MIN,176.0,,0.057142857
2022,5,00-0036345,K.Osborn,WR,MIN,CHI,0,0,0.0,0,0.0,0.0,0.0,0,0.0,0,5,5,41.0,0,4.1,9.1,,,71.0,200.0,25.429111111111112,2.0,Miami,2020.0,2020.0,MIN,176.0,7.0,0.12820514
2022,6,00-0036345,K.Osborn,WR,MIN,MIA,0,0,0.0,0,0.0,0.0,0.0,0,0.0,0,5,3,18.0,0,1.8,4.8,,,71.0,200.0,25.429111111111112,2.0,Miami,2020.0,2020.0,MIN,176.0,,0.17857143
2022,8,00-0036345,K.Osborn,WR,MIN,ARI,0,0,0.0,0,0.0,0.0,0.0,0,0.0,0,5,2,8.0,1,6.8,8.8,,,71.0,200.0,25.429111111111112,2.0,Miami,2020.0,2020.0,MIN,176.0,8.0,0.16129032
2022,9,00-0036345,K.Osborn,WR,MIN,WAS,0,0,0.0,0,0.0,0.0,0.0,0,0.0,0,2,0,0.0,0,0.0,0.0,,,71.0,200.0,25.429111111111112,2.0,Miami,2020.0,2020.0,MIN,176.0,,0.051282052
2022,10,00-0036345,K.Osborn,WR,MIN,BUF,0,0,0.0,0,0.0,0.0,0.0,1,2.0,0,11,4,35.0,0,3.7,7.7,,,71.0,200.0,25.429111111111112,2.0,Miami,2020.0,2020.0,MIN,176.0,,0.22
2022,11,00-0036345,K.Osborn,WR,MIN,DAL,0,0,0.0,0,0.0,0.0,0.0,0,0.0,0,3,2,17.0,0,1.7,3.7,,,71.0,200.0,25.429111111111112,2.0,Miami,2020.0,2020.0,MIN,176.0,-37.0,0.10714286
2022,12,00-0036345,K.Osborn,WR,MIN,NE,0,0,0.0,0,0.0,0.0,0.0,1,5.0,0,2,1,8.0,0,1.3,2.3,,,71.0,200.0,25.429111111111112,2.0,Miami,2020.0,2020.0,MIN,176.0,7.0,0.054054055
2022,13,00-0036345,K.Osborn,WR,MIN,NYJ,0,0,0.0,0,0.0,0.0,0.0,0,0.0,0,3,2,17.0,0,1.7,3.7,,,71.0,200.0,25.429111111111112,2.0,Miami,2020.0,2020.0,MIN,176.0,5.0,0.09090909
2022,14,00-0036345,K.Osborn,WR,MIN,DET,0,0,0.0,0,0.0,0.0,0.0,0,0.0,0,5,5,38.0,1,9.8,14.8,,,71.0,200.0,25.429111111111112,2.0,Miami,2020.0,2020.0,MIN,176.0,,0.125
2022,15,00-0036345,K.Osborn,WR,MIN,IND,0,0,0.0,0,0.0,0.0,0.0,0,0.0,0,16,10,157.0,1,21.7,31.7,,,71.0,200.0,25.429111111111112,2.0,Miami,2020.0,2020.0,MIN,176.0,3.0,0.2962963
2022,16,00-0036345,K.Osborn,WR,MIN,NYG,0,0,0.0,0,0.0,0.0,0.0,0,0.0,0,4,3,17.0,0,1.7,4.7,,,71.0,200.0,25.429111111111112,2.0,Miami,2020.0,2020.0,MIN,176.0,3.0,0.08510638
2022,17,00-0036345,K.Osborn,WR,MIN,GB,0,0,0.0,0,0.0,0.0,0.0,0,0.0,0,7,7,59.0,1,11.9,18.9,,,71.0,200.0,25.429111111111112,2.0,Miami,2020.0,2020.0,MIN,176.0,,0.2
2022,18,00-0036345,K.Osborn,WR,MIN,CHI,0,0,0.0,0,0.0,0.0,0.0,0,0.0,0,6,5,117.0,0,11.7,16.7,,,71.0,200.0,25.429111111111112,2.0,Miami,2020.0,2020.0,MIN,176.0,,0.1875
2022,19,00-0036345,K.Osborn,WR,MIN,NYG,0,0,0.0,0,0.0,0.0,0.0,0,0.0,0,3,2,20.0,1,8.0,10.0,,,71.0,200.0,25.429111111111112,2.0,Miami,2020.0,2020.0,MIN,176.0,-7.0,0.07692308
2022,1,00-0036355,J.Herbert,QB,LAC,LV,26,34,279.0,3,0.0,0.0,-0.0,4,1.0,0,0,0,0.0,0,23.26,23.26,,,78.0,237.0,24.680777777777777,2.0,Oregon,2020.0,2020.0,LAC,6.0,5.0,
2022,2,00-0036355,J.Herbert,QB,LAC,KC,33,48,334.0,3,1.0,2.0,8.0,2,1.0,0,0,0,0.0,0,23.46,23.46,,,78.0,237.0,24.680777777777777,2.0,Oregon,2020.0,2020.0,LAC,6.0,,
2022,3,00-0036355,J.Herbert,QB,LAC,JAX,25,45,297.0,1,1.0,1.0,11.0,1,7.0,0,0,0,0.0,0,12.58,12.58,,,78.0,237.0,24.680777777777777,2.0,Oregon,2020.0,2020.0,LAC,6.0,-28.0,
2022,4,00-0036355,J.Herbert,QB,LAC,HOU,27,39,340.0,2,0.0,1.0,2.0,4,-5.0,0,0,0,0.0,0,21.1,21.1,,,78.0,237.0,24.680777777777777,2.0,Oregon,2020.0,2020.0,LAC,6.0,,
2022,5,00-0036355,J.Herbert,QB,LAC,CLE,22,34,228.0,1,0.0,1.0,1.0,5,13.0,0,0,0,0.0,0,14.42,14.42,,,78.0,237.0,24.680777777777777,2.0,Oregon,2020.0,2020.0,LAC,6.0,,
2022,6,00-0036355,J.Herbert,QB,LAC,DEN,37,57,238.0,0,1.0,2.0,14.0,2,9.0,0,0,0,0.0,0,8.42,8.42,,,78.0,237.0,24.680777777777777,2.0,Oregon,2020.0,2020.0,LAC,6.0,3.0,
2022,7,00-0036355,J.Herbert,QB,LAC,SEA,33,51,293.0,2,1.0,3.0,17.0,3,22.0,0,1,1,-8.0,0,17.12,18.12,,,78.0,237.0,24.680777777777777,2.0,Oregon,2020.0,2020.0,LAC,6.0,-14.0,0.019607844
2022,9,00-0036355,J.Herbert,QB,LAC,ATL,30,43,245.0,1,1.0,0.0,-0.0,1,3.0,0,0,0,0.0,0,12.1,12.1,,,78.0,237.0,24.680777777777777,2.0,Oregon,2020.0,2020.0,LAC,6.0,,
2022,10,00-0036355,J.Herbert,QB,LAC,SF,21,35,196.0,1,1.0,2.0,8.0,5,22.0,0,0,0,0.0,0,12.04,12.04,,,78.0,237.0,24.680777777777777,2.0,Oregon,2020.0,2020.0,LAC,6.0,,
2022,11,00-0036355,J.Herbert,QB,LAC,KC,23,30,280.0,2,1.0,5.0,30.0,5,17.0,0,1,1,-2.0,0,18.7,19.7,,,78.0,237.0,24.680777777777777,2.0,Oregon,2020.0,2020.0,LAC,6.0,-3.0,0.03448276
2022,12,00-0036355,J.Herbert,QB,LAC,ARI,35,47,274.0,3,0.0,4.0,28.0,4,38.0,0,0,0,0.0,0,28.76,28.76,,,78.0,237.0,24.680777777777777,2.0,Oregon,2020.0,2020.0,LAC,6.0,,
2022,13,00-0036355,J.Herbert,QB,LAC,LV,28,47,335.0,1,0.0,5.0,21.0,5,7.0,0,0,0,0.0,0,18.1,18.1,,,78.0,237.0,24.680777777777777,2.0,Oregon,2020.0,2020.0,LAC,6.0,,
2022,14,00-0036355,J.Herbert,QB,LAC,MIA,39,51,367.0,1,0.0,4.0,17.0,4,8.0,0,0,0,0.0,0,19.48,19.48,,,78.0,237.0,24.680777777777777,2.0,Oregon,2020.0,2020.0,LAC,6.0,6.0,
2022,15,00-0036355,J.Herbert,QB,LAC,TEN,28,42,313.0,0,2.0,3.0,22.0,1,2.0,0,0,0,0.0,0,8.72,8.72,,,78.0,237.0,24.680777777777777,2.0,Oregon,2020.0,2020.0,LAC,6.0,3.0,
2022,16,00-0036355,J.Herbert,QB,LAC,IND,24,31,235.0,0,1.0,4.0,22.0,5,1.0,0,0,0,0.0,0,5.5,5.5,,,78.0,237.0,24.680777777777777,2.0,Oregon,2020.0,2020.0,LAC,6.0,,
2022,17,00-0036355,J.Herbert,QB,LAC,LA,21,28,212.0,2,0.0,0.0,-0.0,1,2.0,0,0,0,0.0,0,16.68,16.68,,,78.0,237.0,24.680777777777777,2.0,Oregon,2020.0,2020.0,LAC,6.0,21.0,
2022,18,00-0036355,J.Herbert,QB,LAC,DEN,25,37,273.0,2,0.0,1.0,5.0,2,-1.0,0,0,0,0.0,0,18.82,18.82,,,78.0,237.0,24.680777777777777,2.0,Oregon,2020.0,2020.0,LAC,6.0,,
2022,19,00-0036355,J.Herbert,QB,LAC,JAX,25,43,273.0,1,0.0,3.0,20.0,3,12.0,0,0,0,0.0,0,16.12,16.12,,,78.0,237.0,24.680777777777777,2.0,Oregon,2020.0,2020.0,LAC,6.0,,
2022,1,00-0036358,C.Lamb,WR,DAL,TB,0,0,0.0,0,0.0,0.0,0.0,0,0.0,0,11,2,29.0,0,2.9,4.9,,,74.0,189.0,23.61063157894737,2.0,Oklahoma,2020.0,2020.0,DAL,17.0,-16.0,0.2682927
2022,2,00-0036358,C.Lamb,WR,DAL,CIN,0,0,0.0,0,0.0,0.0,0.0,1,6.0,0,11,7,75.0,0,8.1,15.1,,,74.0,189.0,23.61063157894737,2.0,Oklahoma,2020.0,2020.0,DAL,17.0,3.0,0.36666667
2022,3,00-0036358,C.Lamb,WR,DAL,NYG,0,0,0.0,0,0.0,0.0,0.0,0,0.0,0,12,8,87.0,1,14.7,22.7,,,74.0,189.0,23.61063157894737,2.0,Oklahoma,2020.0,2020.0,DAL,17.0,,0.4
2022,4,00-0036358,C.Lamb,WR,DAL,WAS,0,0,0.0,0,0.0,0.0,0.0,0,0.0,0,8,6,97.0,1,15.7,21.7,,,74.0,189.0,23.61063157894737,2.0,Oklahoma,2020.0,2020.0,DAL,17.0,15.0,0.30769232
2022,5,00-0036358,C.Lamb,WR,DAL,LA,0,0,0.0,0,0.0,0.0,0.0,0,0.0,0,8,5,53.0,0,5.3,10.3,,,74.0,189.0,23.61063157894737,2.0,Oklahoma,2020.0,2020.0,DAL,17.0,,0.5
2022,6,00-0036358,C.Lamb,WR,DAL,PHI,0,0,0.0,0,0.0,0.0,0.0,2,9.0,0,10,5,68.0,0,7.7,12.7,,,74.0,189.0,23.61063157894737,2.0,Oklahoma,2020.0,2020.0,DAL,17.0,,0.27027026
2022,7,00-0036358,C.Lamb,WR,DAL,DET,0,0,0.0,0,0.0,0.0,0.0,1,-4.0,0,6,4,70.0,0,6.6,10.6,,,74.0,189.0,23.61063157894737,2.0,Oklahoma,2020.0,2020.0,DAL,17.0,18.0,0.24
2022,8,00-0036358,C.Lamb,WR,DAL,CHI,0,0,0.0,0,0.0,0.0,0.0,1,1.0,0,7,5,77.0,1,13.8,18.8,,,74.0,189.0,23.61063157894737,2.0,Oklahoma,2020.0,2020.0,DAL,17.0,20.0,0.26923078
2022,10,00-0036358,C.Lamb,WR,DAL,GB,0,0,0.0,0,0.0,0.0,0.0,0,0.0,0,15,11,150.0,2,27.0,38.0,,,74.0,189.0,23.61063157894737,2.0,Oklahoma,2020.0,2020.0,DAL,17.0,,0.3409091
2022,11,00-0036358,C.Lamb,WR,DAL,MIN,0,0,0.0,0,0.0,0.0,0.0,0,0.0,0,5,5,45.0,0,4.5,9.5,,,74.0,189.0,23.61063157894737,2.0,Oklahoma,2020.0,2020.0,DAL,17.0,,0.16666667
2022,12,00-0036358,C.Lamb,WR,DAL,NYG,0,0,0.0,0,0.0,0.0,0.0,2,11.0,0,11,6,106.0,0,11.7,17.7,,,74.0,189.0,23.61063157894737,2.0,Oklahoma,2020.0,2020.0,DAL,17.0,8.0,0.37931034
2022,13,00-0036358,C.Lamb,WR,DAL,IND,0,0,0.0,0,0.0,0.0,0.0,2,23.0,0,7,5,71.0,1,15.4,20.4,,,74.0,189.0,23.61063157894737,2.0,Oklahoma,2020.0,2020.0,DAL,17.0,35.0,0.23333333
2022,14,00-0036358,C.Lamb,WR,DAL,HOU,0,0,0.0,0,0.0,0.0,0.0,0,0.0,0,6,5,33.0,0,3.3,8.3,,,74.0,189.0,23.61063157894737,2.0,Oklahoma,2020.0,2020.0,DAL,17.0,4.0,0.15384616
2022,15,00-0036358,C.Lamb,WR,DAL,JAX,0,0,0.0,0,0.0,0.0,0.0,1,1.0,0,7,7,126.0,0,12.7,19.7,,,74.0,189.0,23.61063157894737,2.0,Oklahoma,2020.0,2020.0,DAL,17.0,,0.23333333
2022,16,00-0036358,C.Lamb,WR,DAL,PHI,0,0,0.0,0,0.0,0.0,0.0,0,0.0,0,11,10,120.0,2,24.0,34.0,,,74.0,189.0,23.61063157894737,2.0,Oklahoma,2020.0,2020.0,DAL,17.0,6.0,0.31428573
2022,17,00-0036358,C.Lamb,WR,DAL,TEN,0,0,0.0,0,0.0,0.0,0.0,0,0.0,0,14,11,100.0,0,10.0,21.0,,,74.0,189.0,23.61063157894737,2.0,Oklahoma,2020.0,2020.0,DAL,17.0,,0.34146342
2022,18,00-0036358,C.Lamb,WR,DAL,WAS,0,0,0.0,0,0.0,0.0,0.0,0,0.0,0,7,5,52.0,1,11.2,16.2,,,74.0,189.0,23.61063157894737,2.0,Oklahoma,2020.0,2020.0,DAL,17.0,,0.19444445
2022,19,00-0036358,C.Lamb,WR,DAL,TB,0,0,0.0,0,0.0,0.0,0.0,0,0.0,0,6,4,68.0,1,12.8,16.8,,,74.0,189.0,23.61063157894737,2.0,Oklahoma,2020.0,2020.0,DAL,17.0,,0.1875
2022,20,00-0036358,C.Lamb,WR,DAL,SF,0,0,0.0,0,0.0,0.0,0.0,2,6.0,0,13,10,117.0,0,12.3,22.3,,,74.0,189.0,23.61063157894737,2.0,Oklahoma,2020.0,2020.0,DAL,17.0,,0.35135135
2022,1,00-0036360,C.Edwards-Helaire,RB,KC,ARI,0,0,0.0,0,0.0,0.0,0.0,7,42.0,0,3,3,32.0,2,19.4,22.4,,,67.0,209.0,23.6173,2.0,Louisiana State,2020.0,2020.0,KC,32.0,,0.07692308
2022,2,00-0036360,C.Edwards-Helaire,RB,KC,LAC,0,0,0.0,0,0.0,0.0,0.0,8,74.0,0,4,4,44.0,0,11.8,15.8,,,67.0,209.0,23.6173,2.0,Louisiana State,2020.0,2020.0,KC,32.0,3.0,0.11764706
2022,3,00-0036360,C.Edwards-Helaire,RB,KC,IND,0,0,0.0,0,0.0,0.0,0.0,7,0.0,1,5,5,39.0,0,9.9,14.9,,,67.0,209.0,23.6173,2.0,Louisiana State,2020.0,2020.0,KC,32.0,,0.15151516
2022,4,00-0036360,C.Edwards-Helaire,RB,KC,TB,0,0,0.0,0,0.0,0.0,0.0,19,92.0,1,2,1,2.0,1,21.4,22.4,,,67.0,209.0,23.6173,2.0,Louisiana State,2020.0,2020.0,KC,32.0,,0.05882353
2022,5,00-0036360,C.Edwards-Helaire,RB,KC,LV,0,0,0.0,0,0.0,0.0,0.0,9,15.0,0,4,3,20.0,0,3.5,6.5,,,67.0,209.0,23.6173,2.0,Louisiana State,2020.0,2020.0,KC,32.0,1.0,0.0952381
2022,6,00-0036360,C.Edwards-Helaire,RB,KC,BUF,0,0,0.0,0,0.0,0.0,0.0,9,33.0,0,0,0,0.0,0,3.3,3.3,,,67.0,209.0,23.6173,2.0,Louisiana State,2020.0,2020.0,KC,32.0,-4.0,
2022,7,00-0036360,C.Edwards-Helaire,RB,KC,SF,0,0,0.0,0,0.0,0.0,0.0,6,32.0,1,1,0,0.0,0,9.2,9.2,,,67.0,209.0,23.6173,2.0,Louisiana State,2020.0,2020.0,KC,32.0,,0.029411765
2022,9,00-0036360,C.Edwards-Helaire,RB,KC,TEN,0,0,0.0,0,0.0,0.0,0.0,4,5.0,0,2,1,14.0,0,1.9,2.9,,,67.0,209.0,23.6173,2.0,Louisiana State,2020.0,2020.0,KC,32.0,3.0,0.032258064
2022,10,00-0036360,C.Edwards-Helaire,RB,KC,JAX,0,0,0.0,0,0.0,0.0,0.0,0,0.0,0,2,0,0.0,0,0.0,0.0,,,67.0,209.0,23.6173,2.0,Louisiana State,2020.0,2020.0,KC,32.0,10.0,0.057142857
2022,11,00-0036360,C.Edwards-Helaire,RB,KC,LAC,0,0,0.0,0,0.0,0.0,0.0,2,9.0,0,0,0,0.0,0,0.9,0.9,,,67.0,209.0,23.6173,2.0,Louisiana State,2020.0,2020.0,KC,32.0,,
2022,1,00-0036365,B.Edwards,WR,ATL,NO,0,0,0.0,0,0.0,0.0,0.0,0,0.0,0,1,0,0.0,0,0.0,0.0,,,75.0,215.0,23.989722222222223,2.0,South Carolina,2020.0,2020.0,LV,81.0,-1.0,0.03125
2022,2,00-0036365,B.Edwards,WR,ATL,LA,0,0,0.0,0,0.0,0.0,0.0,0,0.0,0,2,1,2.0,0,0.2,1.2,,,75.0,215.0,23.989722222222223,2.0,South Carolina,2020.0,2020.0,LV,81.0,,0.08
2022,5,00-0036365,B.Edwards,WR,ATL,TB,0,0,0.0,0,0.0,0.0,0.0,0,0.0,0,1,1,10.0,0,1.0,2.0,,,75.0,215.0,23.989722222222223,2.0,South Carolina,2020.0,2020.0,LV,81.0,,0.041666668
2022,8,00-0036365,B.Edwards,WR,ATL,CAR,0,0,0.0,0,0.0,0.0,0.0,0,0.0,0,1,1,3.0,0,0.3,1.3,,,75.0,215.0,23.989722222222223,2.0,South Carolina,2020.0,2020.0,LV,81.0,3.0,0.035714287
2022,1,00-0036370,J.Kelley,RB,LAC,LV,0,0,0.0,0,0.0,0.0,0.0,4,21.0,0,2,2,14.0,0,3.5,5.5,,,71.0,219.0,24.981944444444444,2.0,UCLA,2020.0,2020.0,LAC,112.0,5.0,0.05882353
2022,2,00-0036370,J.Kelley,RB,LAC,KC,0,0,0.0,0,0.0,0.0,0.0,4,22.0,0,2,1,3.0,0,2.5,3.5,,,71.0,219.0,24.981944444444444,2.0,UCLA,2020.0,2020.0,LAC,112.0,,0.04347826
2022,3,00-0036370,J.Kelley,RB,LAC,JAX,0,0,0.0,0,0.0,0.0,0.0,1,-3.0,0,2,2,6.0,0,0.3,2.3,,,71.0,219.0,24.981944444444444,2.0,UCLA,2020.0,2020.0,LAC,112.0,-28.0,0.048780486
2022,4,00-0036370,J.Kelley,RB,LAC,HOU,0,0,0.0,0,0.0,0.0,0.0,4,15.0,0,2,0,0.0,0,1.5,1.5,,,71.0,219.0,24.981944444444444,2.0,UCLA,2020.0,2020.0,LAC,112.0,,0.054054055
2022,5,00-0036370,J.Kelley,RB,LAC,CLE,0,0,0.0,0,0.0,0.0,0.0,10,49.0,1,2,2,33.0,0,14.2,16.2,,,71.0,219.0,24.981944444444444,2.0,UCLA,2020.0,2020.0,LAC,112.0,,0.060606062
2022,12,00-0036370,J.Kelley,RB,LAC,ARI,0,0,0.0,0,0.0,0.0,0.0,2,4.0,0,3,2,16.0,0,2.0,4.0,,,71.0,219.0,24.981944444444444,2.0,UCLA,2020.0,2020.0,LAC,112.0,,0.06382979
2022,13,00-0036370,J.Kelley,RB,LAC,LV,0,0,0.0,0,0.0,0.0,0.0,7,30.0,0,1,0,0.0,0,3.0,3.0,,,71.0,219.0,24.981944444444444,2.0,UCLA,2020.0,2020.0,LAC,112.0,,0.022222223
2022,14,00-0036370,J.Kelley,RB,LAC,MIA,0,0,0.0,0,0.0,0.0,0.0,4,29.0,0,2,1,6.0,0,3.5,4.5,,,71.0,219.0,24.981944444444444,2.0,UCLA,2020.0,2020.0,LAC,112.0,6.0,0.041666668
2022,15,00-0036370,J.Kelley,RB,LAC,TEN,0,0,0.0,0,0.0,0.0,0.0,10,24.0,1,2,1,7.0,0,9.1,10.1,,,71.0,219.0,24.981944444444444,2.0,UCLA,2020.0,2020.0,LAC,112.0,3.0,0.05263158
2022,16,00-0036370,J.Kelley,RB,LAC,IND,0,0,0.0,0,0.0,0.0,0.0,9,33.0,0,1,1,9.0,0,4.2,5.2,,,71.0,219.0,24.981944444444444,2.0,UCLA,2020.0,2020.0,LAC,112.0,,0.033333335
2022,17,00-0036370,J.Kelley,RB,LAC,LA,0,0,0.0,0,0.0,0.0,0.0,9,45.0,0,2,1,1.0,0,4.6,5.6,,,71.0,219.0,24.981944444444444,2.0,UCLA,2020.0,2020.0,LAC,112.0,21.0,0.06451613
2022,18,00-0036370,J.Kelley,RB,LAC,DEN,0,0,0.0,0,0.0,0.0,0.0,5,18.0,0,4,1,6.0,0,2.4,3.4,,,71.0,219.0,24.981944444444444,2.0,UCLA,2020.0,2020.0,LAC,112.0,,0.09090909
2022,19,00-0036370,J.Kelley,RB,LAC,JAX,0,0,0.0,0,0.0,0.0,0.0,7,20.0,0,1,1,8.0,0,2.8,3.8,,,71.0,219.0,24.981944444444444,2.0,UCLA,2020.0,2020.0,LAC,112.0,,0.023809524
2022,1,00-0036383,E.Benjamin,RB,ARI,KC,0,0,0.0,0,0.0,0.0,0.0,4,28.0,0,4,3,33.0,0,6.1,9.1,,,69.0,210.0,23.57638888888889,2.0,Arizona State,2020.0,2020.0,ARI,222.0,-23.0,0.11111111
2022,2,00-0036383,E.Benjamin,RB,ARI,LV,0,0,0.0,0,0.0,0.0,0.0,8,31.0,0,4,3,20.0,0,5.1,8.1,,,69.0,210.0,23.57638888888889,2.0,Arizona State,2020.0,2020.0,ARI,222.0,,0.08510638
2022,3,00-0036383,E.Benjamin,RB,ARI,LA,0,0,0.0,0,0.0,0.0,0.0,5,16.0,0,4,2,7.0,0,2.3,4.3,,,69.0,210.0,23.57638888888889,2.0,Arizona State,2020.0,2020.0,ARI,222.0,-8.0,0.07272727
2022,4,00-0036383,E.Benjamin,RB,ARI,CAR,0,0,0.0,0,0.0,0.0,0.0,5,36.0,0,1,1,9.0,0,4.5,5.5,,,69.0,210.0,23.57638888888889,2.0,Arizona State,2020.0,2020.0,ARI,222.0,,0.032258064
2022,5,00-0036383,E.Benjamin,RB,ARI,PHI,0,0,0.0,0,0.0,0.0,0.0,8,25.0,1,4,3,28.0,0,11.3,14.3,,,69.0,210.0,23.57638888888889,2.0,Arizona State,2020.0,2020.0,ARI,222.0,-3.0,0.10526316
2022,6,00-0036383,E.Benjamin,RB,ARI,SEA,0,0,0.0,0,0.0,0.0,0.0,15,37.0,0,3,3,28.0,0,6.5,9.5,,,69.0,210.0,23.57638888888889,2.0,Arizona State,2020.0,2020.0,ARI,222.0,,0.083333336
2022,7,00-0036383,E.Benjamin,RB,ARI,NO,0,0,0.0,0,0.0,0.0,0.0,12,92.0,1,5,4,21.0,0,19.3,23.3,,,69.0,210.0,23.57638888888889,2.0,Arizona State,2020.0,2020.0,ARI,222.0,8.0,0.1724138
2022,8,00-0036383,E.Benjamin,RB,ARI,MIN,0,0,0.0,0,0.0,0.0,0.0,9,22.0,0,7,4,23.0,0,4.5,8.5,,,69.0,210.0,23.57638888888889,2.0,Arizona State,2020.0,2020.0,ARI,222.0,,0.1627907
2022,9,00-0036383,E.Benjamin,RB,ARI,SEA,0,0,0.0,0,0.0,0.0,0.0,4,12.0,0,1,1,15.0,0,2.7,3.7,,,69.0,210.0,23.57638888888889,2.0,Arizona State,2020.0,2020.0,ARI,222.0,-10.0,0.030303031
2022,14,00-0036383,E.Benjamin,RB,HOU,DAL,0,0,0.0,0,0.0,0.0,0.0,3,1.0,0,0,0,0.0,0,0.1,0.1,,,69.0,210.0,23.57638888888889,2.0,Arizona State,2020.0,2020.0,ARI,222.0,,
2022,17,00-0036383,E.Benjamin,RB,NO,PHI,0,0,0.0,0,0.0,0.0,0.0,2,10.0,0,1,1,9.0,0,1.9,2.9,,,69.0,210.0,23.57638888888889,2.0,Arizona State,2020.0,2020.0,ARI,222.0,,0.04347826
2022,18,00-0036383,E.Benjamin,RB,NO,CAR,0,0,0.0,0,0.0,0.0,0.0,2,3.0,0,0,0,0.0,0,0.3,0.3,,,69.0,210.0,23.57638888888889,2.0,Arizona State,2020.0,2020.0,ARI,222.0,-3.0,
2022,2,00-0036387,J.Reagor,WR,MIN,PHI,0,0,0.0,0,0.0,0.0,0.0,1,17.0,0,2,1,7.0,0,2.4,3.4,,,71.0,195.0,23.865666666666666,2.0,Texas Christian,2020.0,2020.0,PHI,21.0,,0.044444446
2022,3,00-0036387,J.Reagor,WR,MIN,DET,0,0,0.0,0,0.0,0.0,0.0,0,0.0,0,1,1,2.0,0,0.2,1.2,,,71.0,195.0,23.865666666666666,2.0,Texas Christian,2020.0,2020.0,PHI,21.0,4.0,0.027027028
2022,4,00-0036387,J.Reagor,WR,MIN,NO,0,0,0.0,0,0.0,0.0,0.0,0,0.0,0,1,0,0.0,0,0.0,0.0,,,71.0,195.0,23.865666666666666,2.0,Texas Christian,2020.0,2020.0,PHI,21.0,,0.028571429
2022,5,00-0036387,J.Reagor,WR,MIN,CHI,0,0,0.0,0,0.0,0.0,0.0,0,0.0,0,1,1,1.0,1,6.1,7.1,,,71.0,195.0,23.865666666666666,2.0,Texas Christian,2020.0,2020.0,PHI,21.0,7.0,0.025641026
2022,11,00-0036387,J.Reagor,WR,MIN,DAL,0,0,0.0,0,0.0,0.0,0.0,0,0.0,0,1,1,14.0,0,1.4,2.4,,,71.0,195.0,23.865666666666666,2.0,Texas Christian,2020.0,2020.0,PHI,21.0,-37.0,0.035714287
2022,12,00-0036387,J.Reagor,WR,MIN,NE,0,0,0.0,0,0.0,0.0,0.0,0,0.0,0,1,1,25.0,0,2.5,3.5,,,71.0,195.0,23.865666666666666,2.0,Texas Christian,2020.0,2020.0,PHI,21.0,7.0,0.027027028
2022,13,00-0036387,J.Reagor,WR,MIN,NYJ,0,0,0.0,0,0.0,0.0,0.0,1,8.0,0,1,1,38.0,0,4.6,5.6,,,71.0,195.0,23.865666666666666,2.0,Texas Christian,2020.0,2020.0,PHI,21.0,5.0,0.030303031
2022,14,00-0036387,J.Reagor,WR,MIN,DET,0,0,0.0,0,0.0,0.0,0.0,0,0.0,0,1,0,0.0,0,0.0,0.0,,,71.0,195.0,23.865666666666666,2.0,Texas Christian,2020.0,2020.0,PHI,21.0,,0.025
2022,15,00-0036387,J.Reagor,WR,MIN,IND,0,0,0.0,0,0.0,0.0,0.0,1,-5.0,0,2,0,0.0,0,-0.5,-0.5,,,71.0,195.0,23.865666666666666,2.0,Texas Christian,2020.0,2020.0,PHI,21.0,3.0,0.037037037
2022,18,00-0036387,J.Reagor,WR,MIN,CHI,0,0,0.0,0,0.0,0.0,0.0,1,5.0,0,2,2,17.0,0,2.2,4.2,,,71.0,195.0,23.865666666666666,2.0,Texas Christian,2020.0,2020.0,PHI,21.0,,0.0625
2022,1,00-0036389,J.Hurts,QB,PHI,DET,18,32,243.0,0,0.0,1.0,4.0,17,90.0,1,0,0,0.0,0,24.72,24.72,,,73.0,218.0,24.2947,2.0,Oklahoma,2020.0,2020.0,PHI,53.0,,
2022,2,00-0036389,J.Hurts,QB,PHI,MIN,26,31,333.0,1,1.0,3.0,10.0,11,57.0,2,0,0,0.0,0,33.02,33.02,,,73.0,218.0,24.2947,2.0,Oklahoma,2020.0,2020.0,PHI,53.0,17.0,
2022,3,00-0036389,J.Hurts,QB,PHI,WAS,22,35,340.0,3,0.0,3.0,12.0,9,20.0,0,0,0,0.0,0,27.6,27.6,,,73.0,218.0,24.2947,2.0,Oklahoma,2020.0,2020.0,PHI,53.0,,
2022,4,00-0036389,J.Hurts,QB,PHI,JAX,16,25,204.0,0,1.0,2.0,13.0,16,38.0,1,0,0,0.0,0,15.96,15.96,,,73.0,218.0,24.2947,2.0,Oklahoma,2020.0,2020.0,PHI,53.0,8.0,
2022,5,00-0036389,J.Hurts,QB,PHI,ARI,26,36,239.0,0,0.0,2.0,21.0,15,61.0,2,0,0,0.0,0,27.66,27.66,,,73.0,218.0,24.2947,2.0,Oklahoma,2020.0,2020.0,PHI,53.0,,
2022,6,00-0036389,J.Hurts,QB,PHI,DAL,15,25,155.0,2,0.0,4.0,23.0,9,27.0,0,0,0,0.0,0,16.9,16.9,,,73.0,218.0,24.2947,2.0,Oklahoma,2020.0,2020.0,PHI,53.0,9.0,
2022,8,00-0036389,J.Hurts,QB,PHI,PIT,19,28,285.0,4,0.0,3.0,18.0,2,10.0,0,0,0,0.0,0,28.4,28.4,,,73.0,218.0,24.2947,2.0,Oklahoma,2020.0,2020.0,PHI,53.0,22.0,
2022,9,00-0036389,J.Hurts,QB,PHI,HOU,21,27,243.0,2,0.0,4.0,26.0,9,23.0,0,0,0,0.0,0,20.02,20.02,,,73.0,218.0,24.2947,2.0,Oklahoma,2020.0,2020.0,PHI,53.0,,
2022,10,00-0036389,J.Hurts,QB,PHI,WAS,17,26,175.0,2,1.0,1.0,5.0,6,28.0,1,0,0,0.0,0,21.8,21.8,,,73.0,218.0,24.2947,2.0,Oklahoma,2020.0,2020.0,PHI,53.0,-11.0,
2022,11,00-0036389,J.Hurts,QB,PHI,IND,18,25,190.0,1,0.0,3.0,17.0,16,86.0,1,0,0,0.0,0,24.2,24.2,,,73.0,218.0,24.2947,2.0,Oklahoma,2020.0,2020.0,PHI,53.0,,
2022,12,00-0036389,J.Hurts,QB,PHI,GB,16,28,153.0,2,0.0,2.0,16.0,17,157.0,0,0,0,0.0,0,29.82,29.82,,,73.0,218.0,24.2947,2.0,Oklahoma,2020.0,2020.0,PHI,53.0,7.0,
2022,13,00-0036389,J.Hurts,QB,PHI,TEN,29,39,380.0,3,0.0,2.0,5.0,5,12.0,1,0,0,0.0,0,34.4,34.4,,,73.0,218.0,24.2947,2.0,Oklahoma,2020.0,2020.0,PHI,53.0,25.0,
2022,14,00-0036389,J.Hurts,QB,PHI,NYG,21,31,217.0,2,0.0,4.0,33.0,7,77.0,1,0,0,0.0,0,30.38,30.38,,,73.0,218.0,24.2947,2.0,Oklahoma,2020.0,2020.0,PHI,53.0,,
2022,15,00-0036389,J.Hurts,QB,PHI,CHI,22,37,315.0,0,2.0,1.0,6.0,17,61.0,3,0,0,0.0,0,34.7,34.7,,,73.0,218.0,24.2947,2.0,Oklahoma,2020.0,2020.0,PHI,53.0,,
2022,18,00-0036389,J.Hurts,QB,PHI,NYG,20,35,229.0,0,1.0,3.0,22.0,9,13.0,0,0,0,0.0,0,8.46,8.46,,,73.0,218.0,24.2947,2.0,Oklahoma,2020.0,2020.0,PHI,53.0,6.0,
2022,20,00-0036389,J.Hurts,QB,PHI,NYG,16,24,154.0,2,0.0,1.0,6.0,9,34.0,1,0,0,0.0,0,23.56,23.56,,,73.0,218.0,24.2947,2.0,Oklahoma,2020.0,2020.0,PHI,53.0,31.0,
2022,21,00-0036389,J.Hurts,QB,PHI,SF,15,25,121.0,0,0.0,1.0,-0.0,11,39.0,1,0,0,0.0,0,14.74,14.74,,,73.0,218.0,24.2947,2.0,Oklahoma,2020.0,2020.0,PHI,53.0,24.0,
2022,22,00-0036389,J.Hurts,QB,PHI,KC,27,38,304.0,1,0.0,2.0,2.0,15,70.0,3,0,0,0.0,0,41.16,41.16,,,73.0,218.0,24.2947,2.0,Oklahoma,2020.0,2020.0,PHI,53.0,-3.0,
2022,1,00-0036407,J.Jeudy,WR,DEN,SEA,0,0,0.0,0,0.0,0.0,0.0,0,0.0,0,7,4,102.0,1,16.2,20.2,,,73.0,192.0,23.547235294117648,2.0,Alabama,2020.0,2020.0,DEN,15.0,,0.17073171
2022,2,00-0036407,J.Jeudy,WR,DEN,HOU,0,0,0.0,0,0.0,0.0,0.0,1,1.0,0,3,1,11.0,0,1.2,2.2,,,73.0,192.0,23.547235294117648,2.0,Alabama,2020.0,2020.0,DEN,15.0,7.0,0.10714286
2022,3,00-0036407,J.Jeudy,WR,DEN,SF,0,0,0.0,0,0.0,0.0,0.0,0,0.0,0,6,2,17.0,0,1.7,3.7,,,73.0,192.0,23.547235294117648,2.0,Alabama,2020.0,2020.0,DEN,15.0,1.0,0.1875
2022,4,00-0036407,J.Jeudy,WR,DEN,LV,0,0,0.0,0,0.0,0.0,0.0,0,0.0,0,5,4,53.0,1,11.3,15.3,,,73.0,192.0,23.547235294117648,2.0,Alabama,2020.0,2020.0,DEN,15.0,,0.2
2022,5,00-0036407,J.Jeudy,WR,DEN,IND,0,0,0.0,0,0.0,0.0,0.0,0,0.0,0,8,3,53.0,0,5.3,8.3,,,73.0,192.0,23.547235294117648,2.0,Alabama,2020.0,2020.0,DEN,15.0,-3.0,0.21052632
2022,6,00-0036407,J.Jeudy,WR,DEN,LAC,0,0,0.0,0,0.0,0.0,0.0,0,0.0,0,7,3,54.0,0,5.4,8.4,,,73.0,192.0,23.547235294117648,2.0,Alabama,2020.0,2020.0,DEN,15.0,,0.28
2022,7,00-0036407,J.Jeudy,WR,DEN,NYJ,0,0,0.0,0,0.0,0.0,0.0,0,0.0,0,11,7,96.0,0,9.6,16.6,,,73.0,192.0,23.547235294117648,2.0,Alabama,2020.0,2020.0,DEN,15.0,-7.0,0.24444444
2022,8,00-0036407,J.Jeudy,WR,DEN,JAX,0,0,0.0,0,0.0,0.0,0.0,0,0.0,0,7,6,63.0,1,12.3,18.3,,,73.0,192.0,23.547235294117648,2.0,Alabama,2020.0,2020.0,DEN,15.0,,0.26923078
2022,10,00-0036407,J.Jeudy,WR,DEN,TEN,0,0,0.0,0,0.0,0.0,0.0,0,0.0,0,1,0,0.0,0,0.0,0.0,,,73.0,192.0,23.547235294117648,2.0,Alabama,2020.0,2020.0,DEN,15.0,,0.025641026
2022,13,00-0036407,J.Jeudy,WR,DEN,BAL,0,0,0.0,0,0.0,0.0,0.0,0,0.0,0,4,4,65.0,0,6.5,10.5,,,73.0,192.0,23.547235294117648,2.0,Alabama,2020.0,2020.0,DEN,15.0,,0.1904762
2022,14,00-0036407,J.Jeudy,WR,DEN,KC,0,0,0.0,0,0.0,0.0,0.0,0,0.0,0,9,8,73.0,3,25.3,33.3,,,73.0,192.0,23.547235294117648,2.0,Alabama,2020.0,2020.0,DEN,15.0,-6.0,0.20930232
2022,15,00-0036407,J.Jeudy,WR,DEN,ARI,0,0,0.0,0,0.0,0.0,0.0,0,0.0,0,8,7,76.0,0,7.6,14.6,,,73.0,192.0,23.547235294117648,2.0,Alabama,2020.0,2020.0,DEN,15.0,9.0,0.30769232
2022,16,00-0036407,J.Jeudy,WR,DEN,LA,0,0,0.0,0,0.0,0.0,0.0,0,0.0,0,10,6,117.0,0,11.7,17.7,,,73.0,192.0,23.547235294117648,2.0,Alabama,2020.0,2020.0,DEN,15.0,,0.29411766
2022,17,00-0036407,J.Jeudy,WR,DEN,KC,0,0,0.0,0,0.0,0.0,0.0,0,0.0,0,8,7,38.0,0,3.8,10.8,,,73.0,192.0,23.547235294117648,2.0,Alabama,2020.0,2020.0,DEN,15.0,,0.22222222
2022,18,00-0036407,J.Jeudy,WR,DEN,LAC,0,0,0.0,0,0.0,0.0,0.0,3,39.0,0,6,5,154.0,0,19.3,24.3,,,73.0,192.0,23.547235294117648,2.0,Alabama,2020.0,2020.0,DEN,15.0,3.0,0.27272728
2022,1,00-0036410,T.Higgins,WR,CIN,PIT,0,0,0.0,0,0.0,0.0,0.0,0,0.0,0,2,2,27.0,0,2.7,4.7,,,76.0,210.0,23.833052631578948,2.0,Clemson,2020.0,2020.0,CIN,33.0,-3.0,0.03773585
2022,2,00-0036410,T.Higgins,WR,CIN,DAL,0,0,0.0,0,0.0,0.0,0.0,0,0.0,0,10,6,71.0,1,13.1,19.1,,,76.0,210.0,23.833052631578948,2.0,Clemson,2020.0,2020.0,CIN,33.0,,0.2857143
2022,3,00-0036410,T.Higgins,WR,CIN,NYJ,0,0,0.0,0,0.0,0.0,0.0,0,0.0,0,7,5,93.0,0,9.3,14.3,,,76.0,210.0,23.833052631578948,2.0,Clemson,2020.0,2020.0,CIN,33.0,,0.2
2022,4,00-0036410,T.Higgins,WR,CIN,MIA,0,0,0.0,0,0.0,0.0,0.0,0,0.0,0,9,7,124.0,1,18.4,25.4,,,76.0,210.0,23.833052631578948,2.0,Clemson,2020.0,2020.0,CIN,33.0,12.0,0.28125
2022,6,00-0036410,T.Higgins,WR,CIN,NO,0,0,0.0,0,0.0,0.0,0.0,0,0.0,0,9,6,47.0,0,4.7,10.7,,,76.0,210.0,23.833052631578948,2.0,Clemson,2020.0,2020.0,CIN,33.0,,0.25
2022,7,00-0036410,T.Higgins,WR,CIN,ATL,0,0,0.0,0,0.0,0.0,0.0,0,0.0,0,7,5,93.0,0,9.3,14.3,,,76.0,210.0,23.833052631578948,2.0,Clemson,2020.0,2020.0,CIN,33.0,18.0,0.16666667
2022,8,00-0036410,T.Higgins,WR,CIN,CLE,0,0,0.0,0,0.0,0.0,0.0,0,0.0,0,6,3,49.0,1,10.9,13.9,,,76.0,210.0,23.833052631578948,2.0,Clemson,2020.0,2020.0,CIN,33.0,,0.1764706
2022,9,00-0036410,T.Higgins,WR,CIN,CAR,0,0,0.0,0,0.0,0.0,0.0,0,0.0,0,8,7,60.0,0,6.0,13.0,,,76.0,210.0,23.833052631578948,2.0,Clemson,2020.0,2020.0,CIN,33.0,21.0,0.26666668
2022,11,00-0036410,T.Higgins,WR,CIN,PIT,0,0,0.0,0,0.0,0.0,0.0,0,0.0,0,13,9,148.0,0,14.8,23.8,,,76.0,210.0,23.833052631578948,2.0,Clemson,2020.0,2020.0,CIN,33.0,,0.35135135
2022,12,00-0036410,T.Higgins,WR,CIN,TEN,0,0,0.0,0,0.0,0.0,0.0,0,0.0,0,9,7,114.0,1,17.4,24.4,,,76.0,210.0,23.833052631578948,2.0,Clemson,2020.0,2020.0,CIN,33.0,,0.25
2022,13,00-0036410,T.Higgins,WR,CIN,KC,0,0,0.0,0,0.0,0.0,0.0,0,0.0,0,5,3,35.0,1,9.5,12.5,,,76.0,210.0,23.833052631578948,2.0,Clemson,2020.0,2020.0,CIN,33.0,3.0,0.16129032
2022,15,00-0036410,T.Higgins,WR,CIN,TB,0,0,0.0,0,0.0,0.0,0.0,0,0.0,0,8,5,33.0,1,11.3,16.3,,,76.0,210.0,23.833052631578948,2.0,Clemson,2020.0,2020.0,CIN,33.0,,0.21052632
2022,16,00-0036410,T.Higgins,WR,CIN,NE,0,0,0.0,0,0.0,0.0,0.0,0,0.0,0,9,8,128.0,1,18.8,26.8,,,76.0,210.0,23.833052631578948,2.0,Clemson,2020.0,2020.0,CIN,33.0,,0.18367347
2022,18,00-0036410,T.Higgins,WR,CIN,BAL,0,0,0.0,0,0.0,0.0,0.0,0,0.0,0,7,1,7.0,0,0.7,1.7,,,76.0,210.0,23.833052631578948,2.0,Clemson,2020.0,2020.0,CIN,33.0,11.0,0.175
2022,19,00-0036410,T.Higgins,WR,CIN,BAL,0,0,0.0,0,0.0,0.0,0.0,0,0.0,0,6,4,37.0,0,5.7,9.7,,,76.0,210.0,23.833052631578948,2.0,Clemson,2020.0,2020.0,CIN,33.0,7.0,0.1875
2022,20,00-0036410,T.Higgins,WR,CIN,BUF,0,0,0.0,0,0.0,0.0,0.0,0,0.0,0,4,3,28.0,0,2.8,5.8,,,76.0,210.0,23.833052631578948,2.0,Clemson,2020.0,2020.0,CIN,33.0,,0.125
2022,21,00-0036410,T.Higgins,WR,CIN,KC,0,0,0.0,0,0.0,0.0,0.0,0,0.0,0,11,6,83.0,1,14.3,20.3,,,76.0,210.0,23.833052631578948,2.0,Clemson,2020.0,2020.0,CIN,33.0,,0.2972973
2022,1,00-0036412,K.Hamler,WR,DEN,SEA,0,0,0.0,0,0.0,0.0,0.0,0,0.0,0,1,0,0.0,0,0.0,0.0,,,69.0,176.0,23.341882352941177,2.0,Penn State,2020.0,2020.0,DEN,46.0,,0.024390243
2022,4,00-0036412,K.Hamler,WR,DEN,LV,0,0,0.0,0,0.0,0.0,0.0,0,0.0,0,1,1,55.0,0,5.5,6.5,,,69.0,176.0,23.341882352941177,2.0,Penn State,2020.0,2020.0,DEN,46.0,,0.04
2022,5,00-0036412,K.Hamler,WR,DEN,IND,0,0,0.0,0,0.0,0.0,0.0,0,0.0,0,2,1,10.0,0,1.0,2.0,,,69.0,176.0,23.341882352941177,2.0,Penn State,2020.0,2020.0,DEN,46.0,-3.0,0.05263158
2022,6,00-0036412,K.Hamler,WR,DEN,LAC,0,0,0.0,0,0.0,0.0,0.0,0,0.0,0,3,2,44.0,0,4.4,6.4,,,69.0,176.0,23.341882352941177,2.0,Penn State,2020.0,2020.0,DEN,46.0,,0.12
2022,7,00-0036412,K.Hamler,WR,DEN,NYJ,0,0,0.0,0,0.0,0.0,0.0,1,14.0,0,4,1,4.0,0,1.8,2.8,,,69.0,176.0,23.341882352941177,2.0,Penn State,2020.0,2020.0,DEN,46.0,-7.0,0.08888889
2022,8,00-0036412,K.Hamler,WR,DEN,JAX,0,0,0.0,0,0.0,0.0,0.0,1,9.0,0,3,2,52.0,0,6.1,8.1,,,69.0,176.0,23.341882352941177,2.0,Penn State,2020.0,2020.0,DEN,46.0,,0.115384616
2022,1,00-0036414,C.Akers,RB,LA,BUF,0,0,0.0,0,0.0,0.0,0.0,3,0.0,0,0,0,0.0,0,0.0,0.0,,,70.0,212.0,23.387470588235292,2.0,Florida State,2020.0,2020.0,LA,52.0,-21.0,
2022,2,00-0036414,C.Akers,RB,LA,ATL,0,0,0.0,0,0.0,0.0,0.0,15,44.0,0,3,2,18.0,0,6.2,8.2,,,70.0,212.0,23.387470588235292,2.0,Florida State,2020.0,2020.0,LA,52.0,4.0,0.08571429
2022,3,00-0036414,C.Akers,RB,LA,ARI,0,0,0.0,0,0.0,0.0,0.0,12,61.0,1,0,0,0.0,0,10.1,10.1,,,70.0,212.0,23.387470588235292,2.0,Florida State,2020.0,2020.0,LA,52.0,,
2022,4,00-0036414,C.Akers,RB,LA,SF,0,0,0.0,0,0.0,0.0,0.0,8,13.0,0,1,0,0.0,0,1.3,1.3,,,70.0,212.0,23.387470588235292,2.0,Florida State,2020.0,2020.0,LA,52.0,,0.020833334
2022,5,00-0036414,C.Akers,RB,LA,DAL,0,0,0.0,0,0.0,0.0,0.0,13,33.0,0,1,0,0.0,0,3.3,3.3,,,70.0,212.0,23.387470588235292,2.0,Florida State,2020.0,2020.0,LA,52.0,-12.0,0.023809524
2022,9,00-0036414,C.Akers,RB,LA,TB,0,0,0.0,0,0.0,0.0,0.0,5,3.0,0,0,0,0.0,0,0.3,0.3,,,70.0,212.0,23.387470588235292,2.0,Florida State,2020.0,2020.0,LA,52.0,,
2022,10,00-0036414,C.Akers,RB,LA,ARI,0,0,0.0,0,0.0,0.0,0.0,6,22.0,0,1,0,0.0,0,2.2,2.2,,,70.0,212.0,23.387470588235292,2.0,Florida State,2020.0,2020.0,LA,52.0,-10.0,0.027027028
2022,11,00-0036414,C.Akers,RB,LA,NO,0,0,0.0,0,0.0,0.0,0.0,14,61.0,0,0,0,0.0,0,6.1,6.1,,,70.0,212.0,23.387470588235292,2.0,Florida State,2020.0,2020.0,LA,52.0,,
2022,12,00-0036414,C.Akers,RB,LA,KC,0,0,0.0,0,0.0,0.0,0.0,8,37.0,0,0,0,0.0,0,3.7,3.7,,,70.0,212.0,23.387470588235292,2.0,Florida State,2020.0,2020.0,LA,52.0,,
2022,13,00-0036414,C.Akers,RB,LA,SEA,0,0,0.0,0,0.0,0.0,0.0,17,60.0,2,1,1,0.0,0,18.0,19.0,,,70.0,212.0,23.387470588235292,2.0,Florida State,2020.0,2020.0,LA,52.0,-4.0,0.04
2022,14,00-0036414,C.Akers,RB,LA,LV,0,0,0.0,0,0.0,0.0,0.0,12,42.0,1,1,1,1.0,0,8.3,9.3,,,70.0,212.0,23.387470588235292,2.0,Florida State,2020.0,2020.0,LA,52.0,1.0,0.029411765
2022,15,00-0036414,C.Akers,RB,LA,GB,0,0,0.0,0,0.0,0.0,0.0,12,65.0,0,3,3,35.0,0,10.0,13.0,,,70.0,212.0,23.387470588235292,2.0,Florida State,2020.0,2020.0,LA,52.0,,0.15
2022,16,00-0036414,C.Akers,RB,LA,DEN,0,0,0.0,0,0.0,0.0,0.0,23,118.0,3,2,2,29.0,0,32.7,34.7,,,70.0,212.0,23.387470588235292,2.0,Florida State,2020.0,2020.0,LA,52.0,37.0,0.071428575
2022,17,00-0036414,C.Akers,RB,LA,LAC,0,0,0.0,0,0.0,0.0,0.0,19,123.0,0,2,1,10.0,0,13.3,14.3,,,70.0,212.0,23.387470588235292,2.0,Florida State,2020.0,2020.0,LA,52.0,,0.11111111
2022,18,00-0036414,C.Akers,RB,LA,SEA,0,0,0.0,0,0.0,0.0,0.0,21,104.0,0,3,3,24.0,0,12.8,15.8,,,70.0,212.0,23.387470588235292,2.0,Florida State,2020.0,2020.0,LA,52.0,,0.125
2022,9,00-0036415,V.Jefferson,WR,LA,TB,0,0,0.0,0,0.0,0.0,0.0,0,0.0,0,5,0,0.0,0,0.0,0.0,,,73.0,197.0,26.292352941176468,2.0,Florida,2020.0,2020.0,LA,57.0,,0.1923077
2022,10,00-0036415,V.Jefferson,WR,LA,ARI,0,0,0.0,0,0.0,0.0,0.0,0,0.0,0,3,3,27.0,1,8.7,11.7,,,73.0,197.0,26.292352941176468,2.0,Florida,2020.0,2020.0,LA,57.0,-10.0,0.08108108
2022,11,00-0036415,V.Jefferson,WR,LA,NO,0,0,0.0,0,0.0,0.0,0.0,0,0.0,0,5,3,41.0,0,4.1,7.1,,,73.0,197.0,26.292352941176468,2.0,Florida,2020.0,2020.0,LA,57.0,,0.18518518
2022,12,00-0036415,V.Jefferson,WR,LA,KC,0,0,0.0,0,0.0,0.0,0.0,0,0.0,0,6,3,29.0,1,8.9,11.9,,,73.0,197.0,26.292352941176468,2.0,Florida,2020.0,2020.0,LA,57.0,,0.25
2022,13,00-0036415,V.Jefferson,WR,LA,SEA,0,0,0.0,0,0.0,0.0,0.0,0,0.0,0,4,2,39.0,0,3.9,5.9,,,73.0,197.0,26.292352941176468,2.0,Florida,2020.0,2020.0,LA,57.0,-4.0,0.16
2022,14,00-0036415,V.Jefferson,WR,LA,LV,0,0,0.0,0,0.0,0.0,0.0,0,0.0,0,4,2,44.0,1,10.4,12.4,,,73.0,197.0,26.292352941176468,2.0,Florida,2020.0,2020.0,LA,57.0,1.0,0.11764706
2022,15,00-0036415,V.Jefferson,WR,LA,GB,0,0,0.0,0,0.0,0.0,0.0,0,0.0,0,2,2,32.0,0,3.2,5.2,,,73.0,197.0,26.292352941176468,2.0,Florida,2020.0,2020.0,LA,57.0,,0.1
2022,16,00-0036415,V.Jefferson,WR,LA,DEN,0,0,0.0,0,0.0,0.0,0.0,0,0.0,0,5,3,19.0,0,1.9,4.9,,,73.0,197.0,26.292352941176468,2.0,Florida,2020.0,2020.0,LA,57.0,37.0,0.17857143
2022,17,00-0036415,V.Jefferson,WR,LA,LAC,0,0,0.0,0,0.0,0.0,0.0,0,0.0,0,3,3,77.0,0,7.7,10.7,,,73.0,197.0,26.292352941176468,2.0,Florida,2020.0,2020.0,LA,57.0,,0.16666667
2022,18,00-0036415,V.Jefferson,WR,LA,SEA,0,0,0.0,0,0.0,0.0,0.0,0,0.0,0,7,3,61.0,0,6.1,9.1,,,73.0,197.0,26.292352941176468,2.0,Florida,2020.0,2020.0,LA,57.0,,0.29166666
2022,3,00-0036422,A.Trautman,TE,NO,CAR,0,0,0.0,0,0.0,0.0,0.0,0,0.0,0,1,1,9.0,0,0.9,1.9,,,77.0,253.0,25.753647058823532,2.0,Dayton,2020.0,2020.0,NO,105.0,,0.025641026
2022,4,00-0036422,A.Trautman,TE,NO,MIN,0,0,0.0,0,0.0,0.0,0.0,0,0.0,0,3,3,37.0,0,3.7,6.7,,,77.0,253.0,25.753647058823532,2.0,Dayton,2020.0,2020.0,NO,105.0,-3.0,0.10714286
2022,5,00-0036422,A.Trautman,TE,NO,SEA,0,0,0.0,0,0.0,0.0,0.0,0,0.0,0,3,2,32.0,1,9.2,11.2,,,77.0,253.0,25.753647058823532,2.0,Dayton,2020.0,2020.0,NO,105.0,7.0,0.12
2022,6,00-0036422,A.Trautman,TE,NO,CIN,0,0,0.0,0,0.0,0.0,0.0,0,0.0,0,1,1,8.0,0,0.8,1.8,,,77.0,253.0,25.753647058823532,2.0,Dayton,2020.0,2020.0,NO,105.0,-4.0,0.032258064
2022,9,00-0036422,A.Trautman,TE,NO,BAL,0,0,0.0,0,0.0,0.0,0.0,0,0.0,0,1,1,8.0,0,0.8,1.8,,,77.0,253.0,25.753647058823532,2.0,Dayton,2020.0,2020.0,NO,105.0,-14.0,0.035714287
2022,10,00-0036422,A.Trautman,TE,NO,PIT,0,0,0.0,0,0.0,0.0,0.0,0,0.0,0,3,2,22.0,0,2.2,4.2,,,77.0,253.0,25.753647058823532,2.0,Dayton,2020.0,2020.0,NO,105.0,,0.10714286
2022,11,00-0036422,A.Trautman,TE,NO,LA,0,0,0.0,0,0.0,0.0,0.0,0,0.0,0,3,3,12.0,0,1.2,4.2,,,77.0,253.0,25.753647058823532,2.0,Dayton,2020.0,2020.0,NO,105.0,7.0,0.11111111
2022,12,00-0036422,A.Trautman,TE,NO,SF,0,0,0.0,0,0.0,0.0,0.0,0,0.0,0,1,1,17.0,0,1.7,2.7,,,77.0,253.0,25.753647058823532,2.0,Dayton,2020.0,2020.0,NO,105.0,,0.033333335
2022,13,00-0036422,A.Trautman,TE,NO,TB,0,0,0.0,0,0.0,0.0,0.0,0,0.0,0,3,2,28.0,0,2.8,4.8,,,77.0,253.0,25.753647058823532,2.0,Dayton,2020.0,2020.0,NO,105.0,,0.10714286
2022,15,00-0036422,A.Trautman,TE,NO,ATL,0,0,0.0,0,0.0,0.0,0.0,0,0.0,0,1,0,0.0,0,0.0,0.0,,,77.0,253.0,25.753647058823532,2.0,Dayton,2020.0,2020.0,NO,105.0,3.0,0.05263158
2022,17,00-0036422,A.Trautman,TE,NO,PHI,0,0,0.0,0,0.0,0.0,0.0,0,0.0,0,1,1,16.0,0,1.6,2.6,,,77.0,253.0,25.753647058823532,2.0,Dayton,2020.0,2020.0,NO,105.0,,0.04347826
2022,18,00-0036422,A.Trautman,TE,NO,CAR,0,0,0.0,0,0.0,0.0,0.0,0,0.0,0,1,1,18.0,0,1.8,2.8,,,77.0,253.0,25.753647058823532,2.0,Dayton,2020.0,2020.0,NO,105.0,-3.0,0.04
2022,1,00-0036423,A.Okwuegbunam,TE,DEN,SEA,0,0,0.0,0,0.0,0.0,0.0,0,0.0,0,6,5,33.0,0,3.3,8.3,,,77.0,255.0,24.543882352941175,2.0,Missouri,2020.0,2020.0,DEN,118.0,,0.14634146
2022,2,00-0036423,A.Okwuegbunam,TE,DEN,HOU,0,0,0.0,0,0.0,0.0,0.0,0,0.0,0,2,0,0.0,0,0.0,0.0,,,77.0,255.0,24.543882352941175,2.0,Missouri,2020.0,2020.0,DEN,118.0,7.0,0.071428575
2022,3,00-0036423,A.Okwuegbunam,TE,DEN,SF,0,0,0.0,0,0.0,0.0,0.0,0,0.0,0,2,1,12.0,0,1.2,2.2,,,77.0,255.0,24.543882352941175,2.0,Missouri,2020.0,2020.0,DEN,118.0,1.0,0.0625
2022,5,00-0036423,A.Okwuegbunam,TE,DEN,IND,0,0,0.0,0,0.0,0.0,0.0,0,0.0,0,1,1,5.0,0,0.5,1.5,,,77.0,255.0,24.543882352941175,2.0,Missouri,2020.0,2020.0,DEN,118.0,-3.0,0.02631579
2022,17,00-0036423,A.Okwuegbunam,TE,DEN,KC,0,0,0.0,0,0.0,0.0,0.0,0,0.0,0,6,3,45.0,1,10.5,13.5,,,77.0,255.0,24.543882352941175,2.0,Missouri,2020.0,2020.0,DEN,118.0,,0.16666667
2022,18,00-0036423,A.Okwuegbunam,TE,DEN,LAC,0,0,0.0,0,0.0,0.0,0.0,0,0.0,0,1,0,0.0,0,0.0,0.0,,,77.0,255.0,24.543882352941175,2.0,Missouri,2020.0,2020.0,DEN,118.0,3.0,0.045454547
2022,9,00-0036424,B.Hopkins,TE,LA,TB,0,0,0.0,0,0.0,0.0,0.0,0,0.0,0,1,0,0.0,0,0.0,0.0,,,76.0,245.0,25.624352941176472,2.0,Purdue,2020.0,2020.0,LA,136.0,,0.03846154
2022,10,00-0036424,B.Hopkins,TE,LA,ARI,0,0,0.0,0,0.0,0.0,0.0,0,0.0,0,2,1,11.0,0,1.1,2.1,,,76.0,245.0,25.624352941176472,2.0,Purdue,2020.0,2020.0,LA,136.0,-10.0,0.054054055
2022,12,00-0036424,B.Hopkins,TE,LA,KC,0,0,0.0,0,0.0,0.0,0.0,0,0.0,0,2,1,12.0,0,1.2,2.2,,,76.0,245.0,25.624352941176472,2.0,Purdue,2020.0,2020.0,LA,136.0,,0.083333336
2022,14,00-0036424,B.Hopkins,TE,LA,LV,0,0,0.0,0,0.0,0.0,0.0,0,0.0,0,1,1,8.0,0,0.8,1.8,,,76.0,245.0,25.624352941176472,2.0,Purdue,2020.0,2020.0,LA,136.0,1.0,0.029411765
2022,16,00-0036424,B.Hopkins,TE,LA,DEN,0,0,0.0,0,0.0,0.0,0.0,0,0.0,0,3,3,57.0,0,5.7,8.7,,,76.0,245.0,25.624352941176472,2.0,Purdue,2020.0,2020.0,LA,136.0,37.0,0.10714286
2022,17,00-0036424,B.Hopkins,TE,LA,LAC,0,0,0.0,0,0.0,0.0,0.0,0,0.0,0,1,1,21.0,0,2.1,3.1,,,76.0,245.0,25.624352941176472,2.0,Purdue,2020.0,2020.0,LA,136.0,,0.055555556
2022,18,00-0036424,B.Hopkins,TE,LA,SEA,0,0,0.0,0,0.0,0.0,0.0,0,0.0,0,1,0,0.0,0,0.0,0.0,,,76.0,245.0,25.624352941176472,2.0,Purdue,2020.0,2020.0,LA,136.0,,0.041666668
2022,2,00-0036425,D.Dallas,RB,SEA,SF,0,1,0.0,0,1.0,0.0,-0.0,0,0.0,0,0,0,0.0,0,-2.0,-2.0,,,70.0,214.0,24.157055555555555,2.0,Miami,2020.0,2020.0,SEA,144.0,,
2022,3,00-0036425,D.Dallas,RB,SEA,ATL,0,0,0.0,0,0.0,0.0,0.0,3,21.0,0,2,2,17.0,0,3.8,5.8,,,70.0,214.0,24.157055555555555,2.0,Miami,2020.0,2020.0,SEA,144.0,-4.0,0.045454547
2022,5,00-0036425,D.Dallas,RB,SEA,NO,0,0,0.0,0,0.0,0.0,0.0,1,4.0,0,1,1,6.0,0,1.0,2.0,,,70.0,214.0,24.157055555555555,2.0,Miami,2020.0,2020.0,SEA,144.0,,0.041666668
2022,6,00-0036425,D.Dallas,RB,SEA,ARI,0,0,0.0,0,0.0,0.0,0.0,2,1.0,0,0,0,0.0,0,0.1,0.1,,,70.0,214.0,24.157055555555555,2.0,Miami,2020.0,2020.0,SEA,144.0,10.0,
2022,7,00-0036425,D.Dallas,RB,SEA,LAC,0,0,0.0,0,0.0,0.0,0.0,6,35.0,0,2,2,6.0,0,4.1,6.1,,,70.0,214.0,24.157055555555555,2.0,Miami,2020.0,2020.0,SEA,144.0,,0.07692308
2022,9,00-0036425,D.Dallas,RB,SEA,ARI,0,0,0.0,0,0.0,0.0,0.0,1,4.0,0,0,0,0.0,0,0.4,0.4,,,70.0,214.0,24.157055555555555,2.0,Miami,2020.0,2020.0,SEA,144.0,,
2022,12,00-0036425,D.Dallas,RB,SEA,LV,0,0,0.0,0,0.0,0.0,0.0,1,2.0,0,2,2,13.0,0,1.5,3.5,,,70.0,214.0,24.157055555555555,2.0,Miami,2020.0,2020.0,SEA,144.0,-6.0,0.054054055
2022,13,00-0036425,D.Dallas,RB,SEA,LA,0,0,0.0,0,0.0,0.0,0.0,10,37.0,0,1,0,0.0,0,3.7,3.7,,,70.0,214.0,24.157055555555555,2.0,Miami,2020.0,2020.0,SEA,144.0,,0.027027028
2022,16,00-0036425,D.Dallas,RB,SEA,KC,0,0,0.0,0,0.0,0.0,0.0,2,10.0,0,6,6,32.0,0,4.2,10.2,,,70.0,214.0,24.157055555555555,2.0,Miami,2020.0,2020.0,SEA,144.0,,0.15789473
2022,17,00-0036425,D.Dallas,RB,SEA,NYJ,0,0,0.0,0,0.0,0.0,0.0,7,43.0,0,4,3,55.0,0,9.8,12.8,,,70.0,214.0,24.157055555555555,2.0,Miami,2020.0,2020.0,SEA,144.0,17.0,0.14285715
2022,18,00-0036425,D.Dallas,RB,SEA,LA,0,0,0.0,0,0.0,0.0,0.0,2,29.0,0,1,1,-3.0,0,2.6,3.6,,,70.0,214.0,24.157055555555555,2.0,Miami,2020.0,2020.0,SEA,144.0,3.0,0.035714287
2022,19,00-0036425,D.Dallas,RB,SEA,SF,0,0,0.0,0,0.0,0.0,0.0,6,13.0,0,0,0,0.0,0,1.3,1.3,,,70.0,214.0,24.157055555555555,2.0,Miami,2020.0,2020.0,SEA,144.0,,
2022,4,00-0036429,C.Woerner,TE,SF,LA,0,0,0.0,0,0.0,0.0,0.0,0,0.0,0,1,0,0.0,0,0.0,0.0,,,77.0,245.0,25.09665,2.0,Georgia,2020.0,2020.0,SF,190.0,15.0,0.04
2022,6,00-0036429,C.Woerner,TE,SF,ATL,0,0,0.0,0,0.0,0.0,0.0,0,0.0,0,1,0,0.0,0,0.0,0.0,,,77.0,245.0,25.09665,2.0,Georgia,2020.0,2020.0,SF,190.0,,0.024390243
2022,2,00-0036438,S.Sullivan,TE,CAR,NYG,0,0,0.0,0,0.0,0.0,0.0,0,0.0,0,1,1,13.0,0,1.3,2.3,,,77.0,242.0,25.94335294117647,2.0,Louisiana State,2020.0,2020.0,SEA,251.0,,0.037037037
2022,8,00-0036438,S.Sullivan,TE,CAR,ATL,0,0,0.0,0,0.0,0.0,0.0,0,0.0,0,2,1,33.0,0,3.3,4.3,,,77.0,242.0,25.94335294117647,2.0,Louisiana State,2020.0,2020.0,SEA,251.0,,0.055555556
2022,14,00-0036438,S.Sullivan,TE,CAR,SEA,0,0,0.0,0,0.0,0.0,0.0,0,0.0,0,1,0,0.0,0,0.0,0.0,,,77.0,242.0,25.94335294117647,2.0,Louisiana State,2020.0,2020.0,SEA,251.0,,0.05
2022,17,00-0036438,S.Sullivan,TE,CAR,TB,0,0,0.0,0,0.0,0.0,0.0,0,0.0,0,2,0,0.0,0,0.0,0.0,,,77.0,242.0,25.94335294117647,2.0,Louisiana State,2020.0,2020.0,SEA,251.0,,0.06451613
2022,2,00-0036439,T.Cleveland,WR,DEN,HOU,0,0,0.0,0,0.0,0.0,0.0,0,0.0,0,3,2,28.0,0,2.8,4.8,,,74.0,205.0,25.171699999999998,2.0,Florida,2020.0,2020.0,DEN,252.0,7.0,0.10714286
2022,5,00-0036439,T.Cleveland,WR,DEN,IND,0,0,0.0,0,0.0,0.0,0.0,0,0.0,0,1,0,0.0,0,0.0,0.0,,,74.0,205.0,25.171699999999998,2.0,Florida,2020.0,2020.0,DEN,252.0,-3.0,0.02631579
2022,10,00-0036439,T.Cleveland,WR,DEN,TEN,0,0,0.0,0,0.0,0.0,0.0,0,0.0,0,3,0,0.0,0,0.0,0.0,,,74.0,205.0,25.171699999999998,2.0,Florida,2020.0,2020.0,DEN,252.0,,0.07692308
2022,1,00-0036442,J.Burrow,QB,CIN,PIT,33,53,338.0,2,4.0,7.0,39.0,6,47.0,0,0,0,0.0,0,18.22,18.22,,,76.0,216.0,25.93842105263158,2.0,Louisiana State,2020.0,2020.0,CIN,1.0,-3.0,
2022,2,00-0036442,J.Burrow,QB,CIN,DAL,24,36,199.0,1,0.0,6.0,34.0,4,26.0,0,0,0,0.0,0,16.56,16.56,,,76.0,216.0,25.93842105263158,2.0,Louisiana State,2020.0,2020.0,CIN,1.0,,
2022,3,00-0036442,J.Burrow,QB,CIN,NYJ,23,36,275.0,3,0.0,2.0,14.0,5,0.0,0,0,0,0.0,0,23.0,23.0,,,76.0,216.0,25.93842105263158,2.0,Louisiana State,2020.0,2020.0,CIN,1.0,,
2022,4,00-0036442,J.Burrow,QB,CIN,MIA,20,31,287.0,2,0.0,1.0,6.0,5,6.0,0,0,0,0.0,0,20.08,20.08,,,76.0,216.0,25.93842105263158,2.0,Louisiana State,2020.0,2020.0,CIN,1.0,12.0,
2022,5,00-0036442,J.Burrow,QB,CIN,BAL,24,35,217.0,1,1.0,2.0,15.0,3,6.0,1,0,0,0.0,0,17.28,17.28,,,76.0,216.0,25.93842105263158,2.0,Louisiana State,2020.0,2020.0,CIN,1.0,,
2022,6,00-0036442,J.Burrow,QB,CIN,NO,28,37,300.0,3,0.0,3.0,27.0,4,25.0,1,0,0,0.0,0,32.5,32.5,,,76.0,216.0,25.93842105263158,2.0,Louisiana State,2020.0,2020.0,CIN,1.0,,
2022,7,00-0036442,J.Burrow,QB,CIN,ATL,34,42,481.0,3,0.0,3.0,22.0,3,20.0,1,0,0,0.0,0,39.24,39.24,,,76.0,216.0,25.93842105263158,2.0,Louisiana State,2020.0,2020.0,CIN,1.0,18.0,
2022,8,00-0036442,J.Burrow,QB,CIN,CLE,25,35,232.0,2,1.0,5.0,39.0,1,2.0,0,0,0,0.0,0,13.48,13.48,,,76.0,216.0,25.93842105263158,2.0,Louisiana State,2020.0,2020.0,CIN,1.0,,
2022,9,00-0036442,J.Burrow,QB,CIN,CAR,22,28,206.0,1,0.0,1.0,5.0,4,9.0,1,0,0,0.0,0,19.14,19.14,,,76.0,216.0,25.93842105263158,2.0,Louisiana State,2020.0,2020.0,CIN,1.0,21.0,
2022,11,00-0036442,J.Burrow,QB,CIN,PIT,24,39,355.0,4,2.0,2.0,9.0,4,5.0,0,0,0,0.0,0,26.7,26.7,,,76.0,216.0,25.93842105263158,2.0,Louisiana State,2020.0,2020.0,CIN,1.0,,
2022,12,00-0036442,J.Burrow,QB,CIN,TEN,22,37,270.0,1,0.0,1.0,4.0,9,32.0,0,0,0,0.0,0,18.0,18.0,,,76.0,216.0,25.93842105263158,2.0,Louisiana State,2020.0,2020.0,CIN,1.0,,
2022,13,00-0036442,J.Burrow,QB,CIN,KC,25,31,286.0,2,0.0,1.0,7.0,11,46.0,1,0,0,0.0,0,30.04,30.04,,,76.0,216.0,25.93842105263158,2.0,Louisiana State,2020.0,2020.0,CIN,1.0,3.0,
2022,14,00-0036442,J.Burrow,QB,CIN,CLE,18,33,239.0,2,1.0,1.0,3.0,6,10.0,0,0,0,0.0,0,16.56,16.56,,,76.0,216.0,25.93842105263158,2.0,Louisiana State,2020.0,2020.0,CIN,1.0,13.0,
2022,15,00-0036442,J.Burrow,QB,CIN,TB,27,39,200.0,4,1.0,2.0,16.0,3,8.0,0,0,0,0.0,0,24.8,24.8,,,76.0,216.0,25.93842105263158,2.0,Louisiana State,2020.0,2020.0,CIN,1.0,,
2022,16,00-0036442,J.Burrow,QB,CIN,NE,40,52,375.0,3,2.0,2.0,6.0,4,5.0,0,0,0,0.0,0,23.5,23.5,,,76.0,216.0,25.93842105263158,2.0,Louisiana State,2020.0,2020.0,CIN,1.0,,
2022,18,00-0036442,J.Burrow,QB,CIN,BAL,25,42,215.0,1,0.0,2.0,13.0,3,10.0,0,0,0,0.0,0,11.6,11.6,,,76.0,216.0,25.93842105263158,2.0,Louisiana State,2020.0,2020.0,CIN,1.0,11.0,
2022,19,00-0036442,J.Burrow,QB,CIN,BAL,23,32,209.0,1,0.0,4.0,26.0,5,9.0,1,0,0,0.0,0,21.26,21.26,,,76.0,216.0,25.93842105263158,2.0,Louisiana State,2020.0,2020.0,CIN,1.0,7.0,
2022,20,00-0036442,J.Burrow,QB,CIN,BUF,23,36,242.0,2,0.0,1.0,2.0,6,31.0,0,0,0,0.0,0,20.78,20.78,,,76.0,216.0,25.93842105263158,2.0,Louisiana State,2020.0,2020.0,CIN,1.0,,
2022,21,00-0036442,J.Burrow,QB,CIN,KC,26,41,270.0,1,2.0,5.0,32.0,4,30.0,0,0,0,0.0,0,13.8,13.8,,,76.0,216.0,25.93842105263158,2.0,Louisiana State,2020.0,2020.0,CIN,1.0,,
2022,9,00-0036450,K.Vaughn,RB,TB,LA,0,0,0.0,0,0.0,0.0,0.0,2,4.0,0,1,0,0.0,0,0.4,0.4,,,70.0,215.0,25.526555555555557,2.0,Vanderbilt,2020.0,2020.0,TB,76.0,3.0,0.018181818
2022,10,00-0036450,K.Vaughn,RB,TB,SEA,0,0,0.0,0,0.0,0.0,0.0,2,2.0,0,1,1,11.0,0,1.3,2.3,,,70.0,215.0,25.526555555555557,2.0,Vanderbilt,2020.0,2020.0,TB,76.0,5.0,0.03448276
2022,12,00-0036450,K.Vaughn,RB,TB,CLE,0,0,0.0,0,0.0,0.0,0.0,4,15.0,0,0,0,0.0,0,1.5,1.5,,,70.0,215.0,25.526555555555557,2.0,Vanderbilt,2020.0,2020.0,TB,76.0,,
2022,16,00-0036450,K.Vaughn,RB,TB,ARI,0,0,0.0,0,0.0,0.0,0.0,1,6.0,0,0,0,0.0,0,0.6,0.6,,,70.0,215.0,25.526555555555557,2.0,Vanderbilt,2020.0,2020.0,TB,76.0,,
2022,18,00-0036450,K.Vaughn,RB,TB,ATL,0,0,0.0,0,0.0,0.0,0.0,8,26.0,0,2,2,8.0,0,3.4,5.4,,,70.0,215.0,25.526555555555557,2.0,Vanderbilt,2020.0,2020.0,TB,76.0,,0.060606062
2022,18,00-0036457,T.Williams,RB,ARI,SF,0,0,0.0,0,0.0,0.0,0.0,0,0.0,0,1,1,5.0,0,0.5,1.5,,,72.0,220.0,26.21076923076923,2.0,Brigham Young,2020.0,2020.0,,,,0.037037037
2022,1,00-0036482,M.Strachan,WR,IND,HOU,0,0,0.0,0,0.0,0.0,0.0,0,0.0,0,2,2,36.0,0,3.6,5.6,,,77.0,205.0,25.236235294117648,1.0,"Charleston, W. Va.",2021.0,2021.0,IND,229.0,,0.040816326
2022,2,00-0036482,M.Strachan,WR,IND,JAX,0,0,0.0,0,0.0,0.0,0.0,0,0.0,0,3,1,23.0,0,2.3,3.3,,,77.0,205.0,25.236235294117648,1.0,"Charleston, W. Va.",2021.0,2021.0,IND,229.0,,0.10344828
2022,4,00-0036482,M.Strachan,WR,IND,TEN,0,0,0.0,0,0.0,0.0,0.0,0,0.0,0,1,0,0.0,0,0.0,0.0,,,77.0,205.0,25.236235294117648,1.0,"Charleston, W. Va.",2021.0,2021.0,IND,229.0,-7.0,0.027777778
2022,6,00-0036482,M.Strachan,WR,IND,JAX,0,0,0.0,0,0.0,0.0,0.0,0,0.0,0,2,0,0.0,0,0.0,0.0,,,77.0,205.0,25.236235294117648,1.0,"Charleston, W. Va.",2021.0,2021.0,IND,229.0,7.0,0.035714287
2022,17,00-0036482,M.Strachan,WR,IND,NYG,0,0,0.0,0,0.0,0.0,0.0,0,0.0,0,1,0,0.0,0,0.0,0.0,,,77.0,205.0,25.236235294117648,1.0,"Charleston, W. Va.",2021.0,2021.0,IND,229.0,,0.037037037
2022,2,00-0036493,D.Jackson,RB,IND,JAX,0,0,0.0,0,0.0,0.0,0.0,2,-3.0,0,0,0,0.0,0,-0.3,-0.3,,,72.0,220.0,23.71941176470588,1.0,Duke,2021.0,2021.0,,,,
2022,5,00-0036493,D.Jackson,RB,IND,DEN,0,0,0.0,0,0.0,0.0,0.0,13,62.0,0,4,4,29.0,0,9.1,13.1,,,72.0,220.0,23.71941176470588,1.0,Duke,2021.0,2021.0,,,,0.11111111
2022,6,00-0036493,D.Jackson,RB,IND,JAX,0,0,0.0,0,0.0,0.0,0.0,12,42.0,1,10,10,79.0,0,18.1,28.1,,,72.0,220.0,23.71941176470588,1.0,Duke,2021.0,2021.0,,,7.0,0.17857143
2022,7,00-0036493,D.Jackson,RB,IND,TEN,0,0,0.0,0,0.0,0.0,0.0,2,3.0,0,0,0,0.0,0,0.3,0.3,,,72.0,220.0,23.71941176470588,1.0,Duke,2021.0,2021.0,,,,
2022,8,00-0036493,D.Jackson,RB,IND,WAS,0,0,0.0,0,0.0,0.0,0.0,1,-4.0,0,0,0,0.0,0,-0.4,-0.4,,,72.0,220.0,23.71941176470588,1.0,Duke,2021.0,2021.0,,,-1.0,
2022,9,00-0036493,D.Jackson,RB,IND,NE,0,0,0.0,0,0.0,0.0,0.0,11,23.0,0,3,2,13.0,0,3.6,5.6,,,72.0,220.0,23.71941176470588,1.0,Duke,2021.0,2021.0,,,,0.10714286
2022,11,00-0036493,D.Jackson,RB,IND,PHI,0,0,0.0,0,0.0,0.0,0.0,1,7.0,0,4,4,3.0,0,1.0,5.0,,,72.0,220.0,23.71941176470588,1.0,Duke,2021.0,2021.0,,,-1.0,0.12903225
2022,13,00-0036493,D.Jackson,RB,IND,DAL,0,0,0.0,0,0.0,0.0,0.0,2,6.0,0,1,0,0.0,0,0.6,0.6,,,72.0,220.0,23.71941176470588,1.0,Duke,2021.0,2021.0,,,,0.028571429
2022,15,00-0036493,D.Jackson,RB,IND,MIN,0,0,0.0,0,0.0,0.0,0.0,13,55.0,0,1,1,1.0,1,9.6,10.6,,,72.0,220.0,23.71941176470588,1.0,Duke,2021.0,2021.0,,,,0.032258064
2022,16,00-0036493,D.Jackson,RB,IND,LAC,0,0,0.0,0,0.0,0.0,0.0,0,0.0,0,3,3,9.0,0,0.9,3.9,,,72.0,220.0,23.71941176470588,1.0,Duke,2021.0,2021.0,,,-17.0,0.10714286
2022,17,00-0036493,D.Jackson,RB,IND,NYG,0,0,0.0,0,0.0,0.0,0.0,3,10.0,0,0,0,0.0,0,1.0,1.0,,,72.0,220.0,23.71941176470588,1.0,Duke,2021.0,2021.0,,,,
2022,18,00-0036493,D.Jackson,RB,IND,HOU,0,0,0.0,0,0.0,0.0,0.0,8,35.0,0,8,6,75.0,0,11.0,17.0,,,72.0,220.0,23.71941176470588,1.0,Duke,2021.0,2021.0,,,-1.0,0.23529412
2022,4,00-0036497,T.Jones,WR,JAX,PHI,0,0,0.0,0,0.0,0.0,0.0,0,0.0,0,1,0,0.0,0,0.0,0.0,,,73.0,202.0,24.506473684210526,1.0,Southern Mississippi,2021.0,2021.0,,,,0.04347826
2022,6,00-0036497,T.Jones,WR,JAX,IND,0,0,0.0,0,0.0,0.0,0.0,0,0.0,0,1,1,20.0,0,2.0,3.0,,,73.0,202.0,24.506473684210526,1.0,Southern Mississippi,2021.0,2021.0,,,,0.045454547
2022,7,00-0036497,T.Jones,WR,JAX,NYG,0,0,0.0,0,0.0,0.0,0.0,0,0.0,0,1,1,7.0,0,0.7,1.7,,,73.0,202.0,24.506473684210526,1.0,Southern Mississippi,2021.0,2021.0,,,-6.0,0.023255814
2022,13,00-0036497,T.Jones,WR,JAX,DET,0,0,0.0,0,0.0,0.0,0.0,0,0.0,0,1,1,3.0,0,0.3,1.3,,,73.0,202.0,24.506473684210526,1.0,Southern Mississippi,2021.0,2021.0,,,,0.030303031
2022,7,00-0036527,D.Turner,WR,LV,HOU,0,0,0.0,0,0.0,0.0,0.0,3,20.0,0,0,0,0.0,0,2.0,2.0,,,69.0,205.0,25.811647058823528,1.0,Pittsburgh,2021.0,2021.0,,,18.0,
2022,14,00-0036527,D.Turner,WR,LV,LA,0,0,0.0,0,0.0,0.0,0.0,1,6.0,0,1,0,0.0,0,0.6,0.6,,,69.0,205.0,25.811647058823528,1.0,Pittsburgh,2021.0,2021.0,,,,0.05263158
2022,9,00-0036534,S.Zylstra,TE,DET,GB,0,0,0.0,0,0.0,0.0,0.0,0,0.0,0,1,1,1.0,1,6.1,7.1,,,76.0,215.0,25.984176470588235,1.0,Minn. State-Mankato,2021.0,2021.0,,,6.0,0.041666668
2022,10,00-0036534,S.Zylstra,TE,DET,CHI,0,0,0.0,0,0.0,0.0,0.0,0,0.0,0,1,0,0.0,0,0.0,0.0,,,76.0,215.0,25.984176470588235,1.0,Minn. State-Mankato,2021.0,2021.0,,,,0.04
2022,13,00-0036534,S.Zylstra,TE,DET,JAX,0,0,0.0,0,0.0,0.0,0.0,0,0.0,0,1,1,4.0,0,0.4,1.4,,,76.0,215.0,25.984176470588235,1.0,Minn. State-Mankato,2021.0,2021.0,,,26.0,0.025641026
2022,14,00-0036534,S.Zylstra,TE,DET,MIN,0,0,0.0,0,0.0,0.0,0.0,0,0.0,0,2,2,18.0,0,1.8,3.8,,,76.0,215.0,25.984176470588235,1.0,Minn. State-Mankato,2021.0,2021.0,,,11.0,0.055555556
2022,15,00-0036534,S.Zylstra,TE,DET,NYJ,0,0,0.0,0,0.0,0.0,0.0,0,0.0,0,1,1,4.0,0,0.4,1.4,,,76.0,215.0,25.984176470588235,1.0,Minn. State-Mankato,2021.0,2021.0,,,,0.027777778
2022,16,00-0036534,S.Zylstra,TE,DET,CAR,0,0,0.0,0,0.0,0.0,0.0,0,0.0,0,6,5,26.0,3,20.6,25.6,,,76.0,215.0,25.984176470588235,1.0,Minn. State-Mankato,2021.0,2021.0,,,,0.14634146
2022,17,00-0036534,S.Zylstra,TE,DET,CHI,0,0,0.0,0,0.0,0.0,0.0,0,0.0,0,2,1,7.0,0,0.7,1.7,,,76.0,215.0,25.984176470588235,1.0,Minn. State-Mankato,2021.0,2021.0,,,31.0,0.06896552
2022,18,00-0036534,S.Zylstra,TE,DET,GB,0,0,0.0,0,0.0,0.0,0.0,0,0.0,0,1,0,0.0,0,0.0,0.0,,,76.0,215.0,25.984176470588235,1.0,Minn. State-Mankato,2021.0,2021.0,,,,0.030303031
2022,8,00-0036543,S.Brown,RB,CAR,ATL,0,0,0.0,0,0.0,0.0,0.0,6,27.0,0,1,0,0.0,0,2.7,2.7,,,72.0,220.0,24.027916666666666,1.0,Alabama-Birmingham,2021.0,2021.0,,,,0.027777778
2022,9,00-0036543,S.Brown,RB,CAR,CIN,0,0,0.0,0,0.0,0.0,0.0,3,16.0,0,3,2,10.0,0,2.6,4.6,,,72.0,220.0,24.027916666666666,1.0,Alabama-Birmingham,2021.0,2021.0,,,,0.1
2022,1,00-0036550,R.Bateman,WR,BAL,NYJ,0,0,0.0,0,0.0,0.0,0.0,0,0.0,0,5,2,59.0,1,11.9,13.9,,,73.0,210.0,22.956166666666668,1.0,Minnesota,2021.0,2021.0,BAL,27.0,,0.1724138
2022,2,00-0036550,R.Bateman,WR,BAL,MIA,0,0,0.0,0,0.0,0.0,0.0,0,0.0,0,7,4,108.0,1,16.8,20.8,,,73.0,210.0,22.956166666666668,1.0,Minnesota,2021.0,2021.0,BAL,27.0,-4.0,0.2413793
2022,3,00-0036550,R.Bateman,WR,BAL,NE,0,0,0.0,0,0.0,0.0,0.0,0,0.0,0,4,2,59.0,0,3.9,5.9,,,73.0,210.0,22.956166666666668,1.0,Minnesota,2021.0,2021.0,BAL,27.0,,0.14814815
2022,4,00-0036550,R.Bateman,WR,BAL,BUF,0,0,0.0,0,0.0,0.0,0.0,0,0.0,0,6,3,17.0,0,1.7,4.7,,,73.0,210.0,22.956166666666668,1.0,Minnesota,2021.0,2021.0,BAL,27.0,-3.0,0.21428572
2022,7,00-0036550,R.Bateman,WR,BAL,CLE,0,0,0.0,0,0.0,0.0,0.0,0,0.0,0,5,4,42.0,0,4.2,8.2,,,73.0,210.0,22.956166666666668,1.0,Minnesota,2021.0,2021.0,BAL,27.0,3.0,0.3125
2022,8,00-0036550,R.Bateman,WR,BAL,TB,0,0,0.0,0,0.0,0.0,0.0,0,0.0,0,1,0,0.0,0,0.0,0.0,,,73.0,210.0,22.956166666666668,1.0,Minnesota,2021.0,2021.0,BAL,27.0,,0.029411765
2022,1,00-0036554,N.Collins,WR,HOU,IND,0,0,0.0,0,0.0,0.0,0.0,0,0.0,0,3,2,26.0,0,2.6,4.6,,,76.0,222.0,23.648823529411768,1.0,Michigan,2021.0,2021.0,HOU,89.0,0.0,0.083333336
2022,2,00-0036554,N.Collins,WR,HOU,DEN,0,0,0.0,0,0.0,0.0,0.0,0,0.0,0,9,4,58.0,0,5.8,9.8,,,76.0,222.0,23.648823529411768,1.0,Michigan,2021.0,2021.0,HOU,89.0,,0.24324325
2022,3,00-0036554,N.Collins,WR,HOU,CHI,0,0,0.0,0,0.0,0.0,0.0,0,0.0,0,4,2,41.0,0,4.1,6.1,,,76.0,222.0,23.648823529411768,1.0,Michigan,2021.0,2021.0,HOU,89.0,,0.12903225
2022,4,00-0036554,N.Collins,WR,HOU,LAC,0,0,0.0,0,0.0,0.0,0.0,0,0.0,0,5,3,82.0,0,8.2,11.2,,,76.0,222.0,23.648823529411768,1.0,Michigan,2021.0,2021.0,HOU,89.0,-10.0,0.14285715
2022,5,00-0036554,N.Collins,WR,HOU,JAX,0,0,0.0,0,0.0,0.0,0.0,0,0.0,0,6,4,65.0,0,6.5,10.5,,,76.0,222.0,23.648823529411768,1.0,Michigan,2021.0,2021.0,HOU,89.0,,0.25
2022,7,00-0036554,N.Collins,WR,HOU,LV,0,0,0.0,0,0.0,0.0,0.0,0,0.0,0,3,3,33.0,0,3.3,6.3,,,76.0,222.0,23.648823529411768,1.0,Michigan,2021.0,2021.0,HOU,89.0,,0.075
2022,10,00-0036554,N.Collins,WR,HOU,NYG,0,0,0.0,0,0.0,0.0,0.0,0,0.0,0,10,5,49.0,1,10.9,15.9,,,76.0,222.0,23.648823529411768,1.0,Michigan,2021.0,2021.0,HOU,89.0,,0.27027026
2022,11,00-0036554,N.Collins,WR,HOU,WAS,0,0,0.0,0,0.0,0.0,0.0,0,0.0,0,7,5,48.0,0,4.8,9.8,,,76.0,222.0,23.648823529411768,1.0,Michigan,2021.0,2021.0,HOU,89.0,-13.0,0.21875
2022,12,00-0036554,N.Collins,WR,HOU,MIA,0,0,0.0,0,0.0,0.0,0.0,0,0.0,0,9,6,44.0,0,4.4,10.4,,,76.0,222.0,23.648823529411768,1.0,Michigan,2021.0,2021.0,HOU,89.0,,0.23684211
2022,13,00-0036554,N.Collins,WR,HOU,CLE,0,0,0.0,0,0.0,0.0,0.0,0,0.0,0,10,3,35.0,1,9.5,12.5,,,76.0,222.0,23.648823529411768,1.0,Michigan,2021.0,2021.0,HOU,89.0,-13.0,0.27027026
2022,1,00-0036555,C.Hubbard,RB,CAR,CLE,0,0,0.0,0,0.0,0.0,0.0,1,3.0,0,0,0,0.0,0,0.3,0.3,,,73.0,207.0,23.410882352941176,1.0,Oklahoma State,2021.0,2021.0,CAR,126.0,-2.0,
2022,3,00-0036555,C.Hubbard,RB,CAR,NO,0,0,0.0,0,0.0,0.0,0.0,3,25.0,0,0,0,0.0,0,2.5,2.5,,,73.0,207.0,23.410882352941176,1.0,Oklahoma State,2021.0,2021.0,CAR,126.0,8.0,
2022,6,00-0036555,C.Hubbard,RB,CAR,LA,0,0,0.0,0,0.0,0.0,0.0,2,6.0,0,1,1,1.0,0,0.7,1.7,,,73.0,207.0,23.410882352941176,1.0,Oklahoma State,2021.0,2021.0,CAR,126.0,,0.04761905
2022,7,00-0036555,C.Hubbard,RB,CAR,TB,0,0,0.0,0,0.0,0.0,0.0,9,63.0,1,3,2,10.0,0,13.3,15.3,,,73.0,207.0,23.410882352941176,1.0,Oklahoma State,2021.0,2021.0,CAR,126.0,18.0,0.14285715
2022,10,00-0036555,C.Hubbard,RB,CAR,ATL,0,0,0.0,0,0.0,0.0,0.0,5,14.0,0,0,0,0.0,0,1.4,1.4,,,73.0,207.0,23.410882352941176,1.0,Oklahoma State,2021.0,2021.0,CAR,126.0,10.0,
2022,11,00-0036555,C.Hubbard,RB,CAR,BAL,0,0,0.0,0,0.0,0.0,0.0,4,0.0,0,3,2,25.0,0,2.5,4.5,,,73.0,207.0,23.410882352941176,1.0,Oklahoma State,2021.0,2021.0,CAR,126.0,,0.09677419
2022,12,00-0036555,C.Hubbard,RB,CAR,DEN,0,0,0.0,0,0.0,0.0,0.0,17,65.0,0,0,0,0.0,0,6.5,6.5,,,73.0,207.0,23.410882352941176,1.0,Oklahoma State,2021.0,2021.0,CAR,126.0,13.0,
2022,14,00-0036555,C.Hubbard,RB,CAR,SEA,0,0,0.0,0,0.0,0.0,0.0,14,74.0,1,3,3,25.0,0,15.9,18.9,,,73.0,207.0,23.410882352941176,1.0,Oklahoma State,2021.0,2021.0,CAR,126.0,,0.15
2022,15,00-0036555,C.Hubbard,RB,CAR,PIT,0,0,0.0,0,0.0,0.0,0.0,4,10.0,0,3,3,57.0,0,6.7,9.7,,,73.0,207.0,23.410882352941176,1.0,Oklahoma State,2021.0,2021.0,CAR,126.0,-8.0,0.15789473
2022,16,00-0036555,C.Hubbard,RB,CAR,DET,0,0,0.0,0,0.0,0.0,0.0,12,125.0,0,0,0,0.0,0,12.5,12.5,,,73.0,207.0,23.410882352941176,1.0,Oklahoma State,2021.0,2021.0,CAR,126.0,14.0,
2022,17,00-0036555,C.Hubbard,RB,CAR,TB,0,0,0.0,0,0.0,0.0,0.0,3,12.0,0,3,3,53.0,0,6.5,9.5,,,73.0,207.0,23.410882352941176,1.0,Oklahoma State,2021.0,2021.0,CAR,126.0,,0.09677419
2022,18,00-0036555,C.Hubbard,RB,CAR,NO,0,0,0.0,0,0.0,0.0,0.0,21,69.0,0,1,0,0.0,0,6.9,6.9,,,73.0,207.0,23.410882352941176,1.0,Oklahoma State,2021.0,2021.0,CAR,126.0,,0.09090909
2022,1,00-0036556,B.Jordan,TE,HOU,IND,0,0,0.0,0,0.0,0.0,0.0,0,0.0,0,2,1,5.0,0,0.5,1.5,,,75.0,245.0,22.320882352941176,1.0,Miami,2021.0,2021.0,HOU,147.0,0.0,0.055555556
2022,2,00-0036556,B.Jordan,TE,HOU,DEN,0,0,0.0,0,0.0,0.0,0.0,0,0.0,0,4,2,3.0,0,0.3,2.3,,,75.0,245.0,22.320882352941176,1.0,Miami,2021.0,2021.0,HOU,147.0,,0.10810811
2022,7,00-0036556,B.Jordan,TE,HOU,LV,0,0,0.0,0,0.0,0.0,0.0,0,0.0,0,4,0,0.0,0,0.0,0.0,,,75.0,245.0,22.320882352941176,1.0,Miami,2021.0,2021.0,HOU,147.0,,0.1
2022,8,00-0036556,B.Jordan,TE,HOU,TEN,0,0,0.0,0,0.0,0.0,0.0,0,0.0,0,5,2,19.0,0,1.9,3.9,,,75.0,245.0,22.320882352941176,1.0,Miami,2021.0,2021.0,HOU,147.0,-7.0,0.16666667
2022,9,00-0036556,B.Jordan,TE,HOU,PHI,0,0,0.0,0,0.0,0.0,0.0,0,0.0,0,2,1,5.0,0,0.5,1.5,,,75.0,245.0,22.320882352941176,1.0,Miami,2021.0,2021.0,HOU,147.0,-12.0,0.0952381
2022,13,00-0036556,B.Jordan,TE,HOU,CLE,0,0,0.0,0,0.0,0.0,0.0,0,0.0,0,5,4,46.0,0,4.6,8.6,,,75.0,245.0,22.320882352941176,1.0,Miami,2021.0,2021.0,HOU,147.0,-13.0,0.13513513
2022,15,00-0036556,B.Jordan,TE,HOU,KC,0,0,0.0,0,0.0,0.0,0.0,0,0.0,0,1,1,9.0,0,0.9,1.9,,,75.0,245.0,22.320882352941176,1.0,Miami,2021.0,2021.0,HOU,147.0,-6.0,0.037037037
2022,16,00-0036556,B.Jordan,TE,HOU,TEN,0,0,0.0,0,0.0,0.0,0.0,0,0.0,0,2,2,21.0,0,2.1,4.1,,,75.0,245.0,22.320882352941176,1.0,Miami,2021.0,2021.0,HOU,147.0,,0.06896552
2022,17,00-0036556,B.Jordan,TE,HOU,JAX,0,0,0.0,0,0.0,0.0,0.0,0,0.0,0,3,1,20.0,0,2.0,3.0,,,75.0,245.0,22.320882352941176,1.0,Miami,2021.0,2021.0,HOU,147.0,-28.0,0.071428575
2022,1,00-0036567,E.Mitchell,RB,SF,CHI,0,0,0.0,0,0.0,0.0,0.0,6,41.0,0,0,0,0.0,0,4.1,4.1,,,70.0,221.0,24.5546,1.0,Louisiana-Lafayette,2021.0,2021.0,SF,194.0,,
2022,10,00-0036567,E.Mitchell,RB,SF,LAC,0,0,0.0,0,0.0,0.0,0.0,18,89.0,0,2,1,-1.0,0,8.8,9.8,,,70.0,221.0,24.5546,1.0,Louisiana-Lafayette,2021.0,2021.0,SF,194.0,6.0,0.071428575
2022,11,00-0036567,E.Mitchell,RB,SF,ARI,0,0,0.0,0,0.0,0.0,0.0,9,59.0,0,0,0,0.0,0,5.9,5.9,,,70.0,221.0,24.5546,1.0,Louisiana-Lafayette,2021.0,2021.0,SF,194.0,,
2022,12,00-0036567,E.Mitchell,RB,SF,NO,0,0,0.0,0,0.0,0.0,0.0,7,35.0,0,2,2,8.0,0,4.3,6.3,,,70.0,221.0,24.5546,1.0,Louisiana-Lafayette,2021.0,2021.0,SF,194.0,13.0,0.054054055
2022,18,00-0036567,E.Mitchell,RB,SF,ARI,0,0,0.0,0,0.0,0.0,0.0,5,55.0,2,0,0,0.0,0,17.5,17.5,,,70.0,221.0,24.5546,1.0,Louisiana-Lafayette,2021.0,2021.0,SF,194.0,25.0,
2022,19,00-0036567,E.Mitchell,RB,SF,SEA,0,0,0.0,0,0.0,0.0,0.0,9,2.0,0,3,2,25.0,1,8.7,10.7,,,70.0,221.0,24.5546,1.0,Louisiana-Lafayette,2021.0,2021.0,SF,194.0,18.0,0.11111111
2022,20,00-0036567,E.Mitchell,RB,SF,DAL,0,0,0.0,0,0.0,0.0,0.0,14,51.0,0,0,0,0.0,0,5.1,5.1,,,70.0,221.0,24.5546,1.0,Louisiana-Lafayette,2021.0,2021.0,SF,194.0,7.0,
2022,2,00-0036569,G.Brightwell,RB,NYG,CAR,0,0,0.0,0,0.0,0.0,0.0,1,14.0,0,0,0,0.0,0,1.4,1.4,,,73.0,218.0,24.716947368421053,1.0,Arizona,2021.0,2021.0,NYG,196.0,3.0,
2022,4,00-0036569,G.Brightwell,RB,NYG,CHI,0,0,0.0,0,0.0,0.0,0.0,1,0.0,0,0,0,0.0,0,0.0,0.0,,,73.0,218.0,24.716947368421053,1.0,Arizona,2021.0,2021.0,NYG,196.0,8.0,
2022,5,00-0036569,G.Brightwell,RB,NYG,GB,0,0,0.0,0,0.0,0.0,0.0,2,5.0,1,0,0,0.0,0,6.5,6.5,,,73.0,218.0,24.716947368421053,1.0,Arizona,2021.0,2021.0,NYG,196.0,,
2022,12,00-0036569,G.Brightwell,RB,NYG,DAL,0,0,0.0,0,0.0,0.0,0.0,5,31.0,0,2,2,18.0,0,4.9,6.9,,,73.0,218.0,24.716947368421053,1.0,Arizona,2021.0,2021.0,NYG,196.0,,0.06896552
2022,14,00-0036569,G.Brightwell,RB,NYG,PHI,0,0,0.0,0,0.0,0.0,0.0,5,23.0,0,3,2,18.0,0,4.1,6.1,,,73.0,218.0,24.716947368421053,1.0,Arizona,2021.0,2021.0,NYG,196.0,-26.0,0.09375
2022,16,00-0036569,G.Brightwell,RB,NYG,MIN,0,0,0.0,0,0.0,0.0,0.0,1,-1.0,0,0,0,0.0,0,-0.1,-0.1,,,73.0,218.0,24.716947368421053,1.0,Arizona,2021.0,2021.0,NYG,196.0,,
2022,17,00-0036569,G.Brightwell,RB,NYG,IND,0,0,0.0,0,0.0,0.0,0.0,5,9.0,0,0,0,0.0,0,0.9,0.9,,,73.0,218.0,24.716947368421053,1.0,Arizona,2021.0,2021.0,NYG,196.0,28.0,
2022,18,00-0036569,G.Brightwell,RB,NYG,PHI,0,0,0.0,0,0.0,0.0,0.0,11,60.0,0,3,1,3.0,0,6.3,7.3,,,73.0,218.0,24.716947368421053,1.0,Arizona,2021.0,2021.0,NYG,196.0,,0.078947365
2022,20,00-0036569,G.Brightwell,RB,NYG,PHI,0,0,0.0,0,0.0,0.0,0.0,1,10.0,0,0,0,0.0,0,1.0,1.0,,,73.0,218.0,24.716947368421053,1.0,Arizona,2021.0,2021.0,NYG,196.0,,
2022,1,00-0036572,S.Smith,WR,CAR,CLE,0,0,0.0,0,0.0,0.0,0.0,0,0.0,0,3,1,12.0,0,1.2,2.2,,,70.0,190.0,24.035117647058822,1.0,South Carolina,2021.0,2021.0,CAR,204.0,-2.0,0.115384616
2022,2,00-0036572,S.Smith,WR,CAR,NYG,0,0,0.0,0,0.0,0.0,0.0,0,0.0,0,6,1,2.0,0,0.2,1.2,,,70.0,190.0,24.035117647058822,1.0,South Carolina,2021.0,2021.0,CAR,204.0,,0.22222222
2022,3,00-0036572,S.Smith,WR,CAR,NO,0,0,0.0,0,0.0,0.0,0.0,0,0.0,0,2,2,22.0,0,2.2,4.2,,,70.0,190.0,24.035117647058822,1.0,South Carolina,2021.0,2021.0,CAR,204.0,8.0,0.083333336
2022,4,00-0036572,S.Smith,WR,CAR,ARI,0,0,0.0,0,0.0,0.0,0.0,0,0.0,0,2,0,0.0,0,0.0,0.0,,,70.0,190.0,24.035117647058822,1.0,South Carolina,2021.0,2021.0,CAR,204.0,-10.0,0.055555556
2022,5,00-0036572,S.Smith,WR,CAR,SF,0,0,0.0,0,0.0,0.0,0.0,0,0.0,0,5,4,69.0,0,6.9,10.9,,,70.0,190.0,24.035117647058822,1.0,South Carolina,2021.0,2021.0,CAR,204.0,-22.0,0.125
2022,6,00-0036572,S.Smith,WR,CAR,LA,0,0,0.0,0,0.0,0.0,0.0,0,0.0,0,2,0,0.0,0,0.0,0.0,,,70.0,190.0,24.035117647058822,1.0,South Carolina,2021.0,2021.0,CAR,204.0,,0.0952381
2022,8,00-0036572,S.Smith,WR,CAR,ATL,0,0,0.0,0,0.0,0.0,0.0,0,0.0,0,1,0,0.0,0,0.0,0.0,,,70.0,190.0,24.035117647058822,1.0,South Carolina,2021.0,2021.0,CAR,204.0,,0.027777778
2022,9,00-0036572,S.Smith,WR,CAR,CIN,0,0,0.0,0,0.0,0.0,0.0,0,0.0,0,2,1,20.0,0,2.0,3.0,,,70.0,190.0,24.035117647058822,1.0,South Carolina,2021.0,2021.0,CAR,204.0,,0.06666667
2022,10,00-0036572,S.Smith,WR,CAR,ATL,0,0,0.0,0,0.0,0.0,0.0,0,0.0,0,1,1,17.0,0,1.7,2.7,,,70.0,190.0,24.035117647058822,1.0,South Carolina,2021.0,2021.0,CAR,204.0,10.0,0.0625
2022,11,00-0036572,S.Smith,WR,CAR,BAL,0,0,0.0,0,0.0,0.0,0.0,0,0.0,0,5,4,26.0,0,0.6,4.6,,,70.0,190.0,24.035117647058822,1.0,South Carolina,2021.0,2021.0,CAR,204.0,,0.16129032
2022,14,00-0036572,S.Smith,WR,CAR,SEA,0,0,0.0,0,0.0,0.0,0.0,0,0.0,0,2,2,17.0,1,7.7,9.7,,,70.0,190.0,24.035117647058822,1.0,South Carolina,2021.0,2021.0,CAR,204.0,,0.1
2022,15,00-0036572,S.Smith,WR,CAR,PIT,0,0,0.0,0,0.0,0.0,0.0,0,0.0,0,3,1,24.0,0,2.4,3.4,,,70.0,190.0,24.035117647058822,1.0,South Carolina,2021.0,2021.0,CAR,204.0,-8.0,0.15789473
2022,16,00-0036572,S.Smith,WR,CAR,DET,0,0,0.0,0,0.0,0.0,0.0,0,0.0,0,2,1,17.0,0,1.7,2.7,,,70.0,190.0,24.035117647058822,1.0,South Carolina,2021.0,2021.0,CAR,204.0,14.0,0.0952381
2022,17,00-0036572,S.Smith,WR,CAR,TB,0,0,0.0,0,0.0,0.0,0.0,0,0.0,0,4,4,70.0,1,13.0,17.0,,,70.0,190.0,24.035117647058822,1.0,South Carolina,2021.0,2021.0,CAR,204.0,,0.12903225
2022,18,00-0036572,S.Smith,WR,CAR,NO,0,0,0.0,0,0.0,0.0,0.0,0,0.0,0,1,0,0.0,0,0.0,0.0,,,70.0,190.0,24.035117647058822,1.0,South Carolina,2021.0,2021.0,CAR,204.0,,0.09090909
2022,2,00-0036590,Q.Morris,TE,BUF,TEN,0,0,0.0,0,0.0,0.0,0.0,0,0.0,0,1,1,6.0,0,0.6,1.6,,,74.0,251.0,23.81588888888889,1.0,Bowling Green,2021.0,2021.0,,,34.0,0.025641026
2022,3,00-0036590,Q.Morris,TE,BUF,MIA,0,0,0.0,0,0.0,0.0,0.0,0,0.0,0,2,2,22.0,0,2.2,4.2,,,74.0,251.0,23.81588888888889,1.0,Bowling Green,2021.0,2021.0,,,,0.03508772
2022,4,00-0036590,Q.Morris,TE,BUF,BAL,0,0,0.0,0,0.0,0.0,0.0,0,0.0,0,1,0,0.0,0,0.0,0.0,,,74.0,251.0,23.81588888888889,1.0,Bowling Green,2021.0,2021.0,,,,0.029411765
2022,5,00-0036590,Q.Morris,TE,BUF,PIT,0,0,0.0,0,0.0,0.0,0.0,0,0.0,0,5,3,39.0,0,1.9,4.9,,,74.0,251.0,23.81588888888889,1.0,Bowling Green,2021.0,2021.0,,,35.0,0.1388889
2022,12,00-0036590,Q.Morris,TE,BUF,DET,0,0,0.0,0,0.0,0.0,0.0,0,0.0,0,1,1,3.0,0,0.3,1.3,,,74.0,251.0,23.81588888888889,1.0,Bowling Green,2021.0,2021.0,,,,0.025641026
2022,15,00-0036590,Q.Morris,TE,BUF,MIA,0,0,0.0,0,0.0,0.0,0.0,0,0.0,0,1,1,14.0,1,7.4,8.4,,,74.0,251.0,23.81588888888889,1.0,Bowling Green,2021.0,2021.0,,,3.0,0.02631579
2022,19,00-0036590,Q.Morris,TE,BUF,MIA,0,0,0.0,0,0.0,0.0,0.0,0,0.0,0,1,1,12.0,0,1.2,2.2,,,74.0,251.0,23.81588888888889,1.0,Bowling Green,2021.0,2021.0,,,3.0,0.027027028
2022,20,00-0036590,Q.Morris,TE,BUF,CIN,0,0,0.0,0,0.0,0.0,0.0,0,0.0,0,2,1,6.0,0,0.6,1.6,,,74.0,251.0,23.81588888888889,1.0,Bowling Green,2021.0,2021.0,,,-17.0,0.05
2022,1,00-0036613,J.Waddle,WR,MIA,NE,0,0,0.0,0,0.0,0.0,0.0,1,8.0,0,5,4,69.0,1,13.7,17.7,,,70.0,182.0,23.965444444444444,1.0,Alabama,2021.0,2021.0,MIA,6.0,13.0,0.16129032
2022,2,00-0036613,J.Waddle,WR,MIA,BAL,0,0,0.0,0,0.0,0.0,0.0,0,0.0,0,19,11,171.0,2,29.1,40.1,,,70.0,182.0,23.965444444444444,1.0,Alabama,2021.0,2021.0,MIA,6.0,,0.38
2022,3,00-0036613,J.Waddle,WR,MIA,BUF,0,0,0.0,0,0.0,0.0,0.0,1,9.0,0,6,4,102.0,0,11.1,15.1,,,70.0,182.0,23.965444444444444,1.0,Alabama,2021.0,2021.0,MIA,6.0,2.0,0.3
2022,4,00-0036613,J.Waddle,WR,MIA,CIN,0,0,0.0,0,0.0,0.0,0.0,0,0.0,0,5,2,39.0,0,3.9,5.9,,,70.0,182.0,23.965444444444444,1.0,Alabama,2021.0,2021.0,MIA,6.0,,0.1388889
2022,5,00-0036613,J.Waddle,WR,MIA,NYJ,0,0,0.0,0,0.0,0.0,0.0,0,0.0,0,4,3,23.0,0,2.3,5.3,,,70.0,182.0,23.965444444444444,1.0,Alabama,2021.0,2021.0,MIA,6.0,,0.125
2022,6,00-0036613,J.Waddle,WR,MIA,MIN,0,0,0.0,0,0.0,0.0,0.0,0,0.0,0,10,6,129.0,0,10.9,16.9,,,70.0,182.0,23.965444444444444,1.0,Alabama,2021.0,2021.0,MIA,6.0,-8.0,0.22222222
2022,7,00-0036613,J.Waddle,WR,MIA,PIT,0,0,0.0,0,0.0,0.0,0.0,0,0.0,0,5,4,88.0,0,8.8,12.8,,,70.0,182.0,23.965444444444444,1.0,Alabama,2021.0,2021.0,MIA,6.0,6.0,0.14285715
2022,8,00-0036613,J.Waddle,WR,MIA,DET,0,0,0.0,0,0.0,0.0,0.0,0,0.0,0,9,8,106.0,2,22.6,30.6,,,70.0,182.0,23.965444444444444,1.0,Alabama,2021.0,2021.0,MIA,6.0,,0.2647059
2022,9,00-0036613,J.Waddle,WR,MIA,CHI,0,0,0.0,0,0.0,0.0,0.0,0,0.0,0,7,5,85.0,1,14.5,19.5,,,70.0,182.0,23.965444444444444,1.0,Alabama,2021.0,2021.0,MIA,6.0,,0.2413793
2022,10,00-0036613,J.Waddle,WR,MIA,CLE,0,0,0.0,0,0.0,0.0,0.0,0,0.0,0,5,4,66.0,0,6.6,10.6,,,70.0,182.0,23.965444444444444,1.0,Alabama,2021.0,2021.0,MIA,6.0,22.0,0.15151516
2022,12,00-0036613,J.Waddle,WR,MIA,HOU,0,0,0.0,0,0.0,0.0,0.0,0,0.0,0,10,5,85.0,0,8.5,13.5,,,70.0,182.0,23.965444444444444,1.0,Alabama,2021.0,2021.0,MIA,6.0,15.0,0.2631579
2022,13,00-0036613,J.Waddle,WR,MIA,SF,0,0,0.0,0,0.0,0.0,0.0,0,0.0,0,5,1,9.0,0,0.9,1.9,,,70.0,182.0,23.965444444444444,1.0,Alabama,2021.0,2021.0,MIA,6.0,,0.14705883
2022,14,00-0036613,J.Waddle,WR,MIA,LAC,0,0,0.0,0,0.0,0.0,0.0,0,0.0,0,4,2,31.0,0,3.1,5.1,,,70.0,182.0,23.965444444444444,1.0,Alabama,2021.0,2021.0,MIA,6.0,,0.16666667
2022,15,00-0036613,J.Waddle,WR,MIA,BUF,0,0,0.0,0,0.0,0.0,0.0,0,0.0,0,7,3,114.0,1,17.4,20.4,,,70.0,182.0,23.965444444444444,1.0,Alabama,2021.0,2021.0,MIA,6.0,,0.23333333
2022,16,00-0036613,J.Waddle,WR,MIA,GB,0,0,0.0,0,0.0,0.0,0.0,0,0.0,0,6,5,143.0,1,20.3,25.3,,,70.0,182.0,23.965444444444444,1.0,Alabama,2021.0,2021.0,MIA,6.0,-6.0,0.25
2022,17,00-0036613,J.Waddle,WR,MIA,NE,0,0,0.0,0,0.0,0.0,0.0,0,0.0,0,5,3,52.0,0,5.2,8.2,,,70.0,182.0,23.965444444444444,1.0,Alabama,2021.0,2021.0,MIA,6.0,,0.125
2022,18,00-0036613,J.Waddle,WR,MIA,NYJ,0,0,0.0,0,0.0,0.0,0.0,1,9.0,0,5,5,44.0,0,5.3,10.3,,,70.0,182.0,23.965444444444444,1.0,Alabama,2021.0,2021.0,MIA,6.0,5.0,0.18518518
2022,19,00-0036613,J.Waddle,WR,MIA,BUF,0,0,0.0,0,0.0,0.0,0.0,1,8.0,0,7,3,44.0,0,5.2,8.2,,,70.0,182.0,23.965444444444444,1.0,Alabama,2021.0,2021.0,MIA,6.0,,0.16666667
2022,1,00-0036620,D.Eskridge,WR,SEA,DEN,0,0,0.0,0,0.0,0.0,0.0,0,0.0,0,2,1,0.0,0,0.0,1.0,,,69.0,190.0,25.641000000000002,1.0,Western Michigan,2021.0,2021.0,SEA,56.0,1.0,0.074074075
2022,2,00-0036620,D.Eskridge,WR,SEA,SF,0,0,0.0,0,0.0,0.0,0.0,0,0.0,0,1,1,6.0,0,0.6,1.6,,,69.0,190.0,25.641000000000002,1.0,Western Michigan,2021.0,2021.0,SEA,56.0,,0.033333335
2022,4,00-0036620,D.Eskridge,WR,SEA,DET,0,0,0.0,0,0.0,0.0,0.0,1,6.0,0,1,1,10.0,0,1.6,2.6,,,69.0,190.0,25.641000000000002,1.0,Western Michigan,2021.0,2021.0,SEA,56.0,,0.03448276
2022,5,00-0036620,D.Eskridge,WR,SEA,NO,0,0,0.0,0,0.0,0.0,0.0,0,0.0,0,1,0,0.0,0,0.0,0.0,,,69.0,190.0,25.641000000000002,1.0,Western Michigan,2021.0,2021.0,SEA,56.0,,0.041666668
2022,6,00-0036620,D.Eskridge,WR,SEA,ARI,0,0,0.0,0,0.0,0.0,0.0,0,0.0,0,3,3,39.0,0,3.9,6.9,,,69.0,190.0,25.641000000000002,1.0,Western Michigan,2021.0,2021.0,SEA,56.0,10.0,0.1
2022,7,00-0036620,D.Eskridge,WR,SEA,LAC,0,0,0.0,0,0.0,0.0,0.0,1,4.0,0,1,0,0.0,0,0.4,0.4,,,69.0,190.0,25.641000000000002,1.0,Western Michigan,2021.0,2021.0,SEA,56.0,,0.03846154
2022,8,00-0036620,D.Eskridge,WR,SEA,NYG,0,0,0.0,0,0.0,0.0,0.0,0,0.0,0,2,1,3.0,0,0.3,1.3,,,69.0,190.0,25.641000000000002,1.0,Western Michigan,2021.0,2021.0,SEA,56.0,14.0,0.060606062
2022,9,00-0036620,D.Eskridge,WR,SEA,ARI,0,0,0.0,0,0.0,0.0,0.0,0,0.0,0,2,0,0.0,0,0.0,0.0,,,69.0,190.0,25.641000000000002,1.0,Western Michigan,2021.0,2021.0,SEA,56.0,,0.0625
2022,4,00-0036626,D.Brown,WR,WAS,DAL,0,0,0.0,0,0.0,0.0,0.0,0,0.0,0,4,1,6.0,0,0.6,1.6,,,72.0,185.0,23.01841176470588,1.0,North Carolina,2021.0,2021.0,WAS,82.0,,0.1
2022,5,00-0036626,D.Brown,WR,WAS,TEN,0,0,0.0,0,0.0,0.0,0.0,0,0.0,0,4,2,105.0,2,22.5,24.5,,,72.0,185.0,23.01841176470588,1.0,North Carolina,2021.0,2021.0,WAS,82.0,-4.0,0.10810811
2022,6,00-0036626,D.Brown,WR,WAS,CHI,0,0,0.0,0,0.0,0.0,0.0,0,0.0,0,1,0,0.0,0,0.0,0.0,,,72.0,185.0,23.01841176470588,1.0,North Carolina,2021.0,2021.0,WAS,82.0,,0.045454547
2022,9,00-0036626,D.Brown,WR,WAS,MIN,0,0,0.0,0,0.0,0.0,0.0,0,0.0,0,1,0,0.0,0,0.0,0.0,,,72.0,185.0,23.01841176470588,1.0,North Carolina,2021.0,2021.0,WAS,82.0,-3.0,0.03846154
2022,10,00-0036626,D.Brown,WR,WAS,PHI,0,0,0.0,0,0.0,0.0,0.0,0,0.0,0,1,1,15.0,0,1.5,2.5,,,72.0,185.0,23.01841176470588,1.0,North Carolina,2021.0,2021.0,WAS,82.0,,0.04
2022,12,00-0036626,D.Brown,WR,WAS,ATL,0,0,0.0,0,0.0,0.0,0.0,0,0.0,0,1,1,17.0,0,1.7,2.7,,,72.0,185.0,23.01841176470588,1.0,North Carolina,2021.0,2021.0,WAS,82.0,6.0,0.045454547
2022,15,00-0036626,D.Brown,WR,WAS,NYG,0,0,0.0,0,0.0,0.0,0.0,1,15.0,0,2,0,0.0,0,1.5,1.5,,,72.0,185.0,23.01841176470588,1.0,North Carolina,2021.0,2021.0,WAS,82.0,-8.0,0.074074075
2022,1,00-0036628,J.Bates,TE,WAS,JAX,0,0,0.0,0,0.0,0.0,0.0,0,0.0,0,1,0,0.0,0,0.0,0.0,,,78.0,256.0,25.003352941176473,1.0,Boise State,2021.0,2021.0,WAS,124.0,6.0,0.024390243
2022,2,00-0036628,J.Bates,TE,WAS,DET,0,0,0.0,0,0.0,0.0,0.0,0,0.0,0,3,2,15.0,0,1.5,3.5,,,78.0,256.0,25.003352941176473,1.0,Boise State,2021.0,2021.0,WAS,124.0,,0.06818182
2022,3,00-0036628,J.Bates,TE,WAS,PHI,0,0,0.0,0,0.0,0.0,0.0,0,0.0,0,1,0,0.0,0,0.0,0.0,,,78.0,256.0,25.003352941176473,1.0,Boise State,2021.0,2021.0,WAS,124.0,-16.0,0.023809524
2022,4,00-0036628,J.Bates,TE,WAS,DAL,0,0,0.0,0,0.0,0.0,0.0,0,0.0,0,6,4,19.0,0,1.9,5.9,,,78.0,256.0,25.003352941176473,1.0,Boise State,2021.0,2021.0,WAS,124.0,,0.15
2022,5,00-0036628,J.Bates,TE,WAS,TEN,0,0,0.0,0,0.0,0.0,0.0,0,0.0,0,3,3,39.0,0,3.9,6.9,,,78.0,256.0,25.003352941176473,1.0,Boise State,2021.0,2021.0,WAS,124.0,-4.0,0.08108108
2022,8,00-0036628,J.Bates,TE,WAS,IND,0,0,0.0,0,0.0,0.0,0.0,0,0.0,0,1,1,6.0,0,0.6,1.6,,,78.0,256.0,25.003352941176473,1.0,Boise State,2021.0,2021.0,WAS,124.0,,0.033333335
2022,9,00-0036628,J.Bates,TE,WAS,MIN,0,0,0.0,0,0.0,0.0,0.0,0,0.0,0,2,1,5.0,0,0.5,1.5,,,78.0,256.0,25.003352941176473,1.0,Boise State,2021.0,2021.0,WAS,124.0,-3.0,0.07692308
2022,11,00-0036628,J.Bates,TE,WAS,HOU,0,0,0.0,0,0.0,0.0,0.0,0,0.0,0,1,0,0.0,0,0.0,0.0,,,78.0,256.0,25.003352941176473,1.0,Boise State,2021.0,2021.0,WAS,124.0,,0.04347826
2022,12,00-0036628,J.Bates,TE,WAS,ATL,0,0,0.0,0,0.0,0.0,0.0,0,0.0,0,4,3,24.0,1,8.4,11.4,,,78.0,256.0,25.003352941176473,1.0,Boise State,2021.0,2021.0,WAS,124.0,6.0,0.18181819
2022,1,00-0036630,T.Wallace,WR,BAL,NYJ,0,0,0.0,0,0.0,0.0,0.0,0,0.0,0,1,0,0.0,0,0.0,0.0,,,71.0,190.0,23.503944444444446,1.0,Oklahoma State,2021.0,2021.0,BAL,131.0,,0.03448276
2022,2,00-0036630,T.Wallace,WR,BAL,MIA,0,0,0.0,0,0.0,0.0,0.0,0,0.0,0,2,1,9.0,0,0.9,1.9,,,71.0,190.0,23.503944444444446,1.0,Oklahoma State,2021.0,2021.0,BAL,131.0,-4.0,0.06896552
2022,5,00-0036630,T.Wallace,WR,BAL,CIN,0,0,0.0,0,0.0,0.0,0.0,0,0.0,0,2,1,8.0,0,0.8,1.8,,,71.0,190.0,23.503944444444446,1.0,Oklahoma State,2021.0,2021.0,BAL,131.0,2.0,0.074074075
2022,6,00-0036630,T.Wallace,WR,BAL,NYG,0,0,0.0,0,0.0,0.0,0.0,0,0.0,0,1,1,4.0,0,0.4,1.4,,,71.0,190.0,23.503944444444446,1.0,Oklahoma State,2021.0,2021.0,BAL,131.0,,0.03125
2022,18,00-0036630,T.Wallace,WR,BAL,CIN,0,0,0.0,0,0.0,0.0,0.0,0,0.0,0,1,1,12.0,0,1.2,2.2,,,71.0,190.0,23.503944444444446,1.0,Oklahoma State,2021.0,2021.0,BAL,131.0,,0.023809524
2022,4,00-0036635,I.Smith-Marsette,WR,CHI,NYG,0,0,0.0,0,0.0,0.0,0.0,0,0.0,0,1,0,0.0,0,0.0,0.0,,,73.0,179.0,23.23385,1.0,Iowa,2021.0,2021.0,MIN,157.0,,0.05
2022,5,00-0036635,I.Smith-Marsette,WR,CHI,MIN,0,0,0.0,0,0.0,0.0,0.0,0,0.0,0,2,1,15.0,0,-0.5,0.5,,,73.0,179.0,23.23385,1.0,Iowa,2021.0,2021.0,MIN,157.0,,0.0952381
2022,6,00-0036635,I.Smith-Marsette,WR,CHI,WAS,0,0,0.0,0,0.0,0.0,0.0,1,-1.0,0,1,0,0.0,0,-0.1,-0.1,,,73.0,179.0,23.23385,1.0,Iowa,2021.0,2021.0,MIN,157.0,-5.0,0.03846154
2022,1,00-0036637,N.Gray,TE,KC,ARI,0,0,0.0,0,0.0,0.0,0.0,0,0.0,0,2,1,10.0,0,1.0,2.0,,,75.0,240.0,23.5653,1.0,Duke,2021.0,2021.0,KC,162.0,,0.051282052
2022,2,00-0036637,N.Gray,TE,KC,LAC,0,0,0.0,0,0.0,0.0,0.0,0,0.0,0,3,2,12.0,0,1.2,3.2,,,75.0,240.0,23.5653,1.0,Duke,2021.0,2021.0,KC,162.0,3.0,0.0882353
2022,3,00-0036637,N.Gray,TE,KC,IND,0,0,0.0,0,0.0,0.0,0.0,0,0.0,0,2,1,26.0,0,2.6,3.6,,,75.0,240.0,23.5653,1.0,Duke,2021.0,2021.0,KC,162.0,,0.060606062
2022,4,00-0036637,N.Gray,TE,KC,TB,0,0,0.0,0,0.0,0.0,0.0,1,1.0,1,1,0,0.0,0,6.1,6.1,,,75.0,240.0,23.5653,1.0,Duke,2021.0,2021.0,KC,162.0,,0.029411765
2022,5,00-0036637,N.Gray,TE,KC,LV,0,0,0.0,0,0.0,0.0,0.0,0,0.0,0,2,1,7.0,0,0.7,1.7,,,75.0,240.0,23.5653,1.0,Duke,2021.0,2021.0,KC,162.0,1.0,0.04761905
2022,6,00-0036637,N.Gray,TE,KC,BUF,0,0,0.0,0,0.0,0.0,0.0,0,0.0,0,3,3,13.0,0,1.3,4.3,,,75.0,240.0,23.5653,1.0,Duke,2021.0,2021.0,KC,162.0,-4.0,0.08571429
2022,7,00-0036637,N.Gray,TE,KC,SF,0,0,0.0,0,0.0,0.0,0.0,0,0.0,0,1,1,10.0,0,1.0,2.0,,,75.0,240.0,23.5653,1.0,Duke,2021.0,2021.0,KC,162.0,,0.029411765
2022,9,00-0036637,N.Gray,TE,KC,TEN,0,0,0.0,0,0.0,0.0,0.0,0,0.0,0,3,3,45.0,0,4.5,7.5,,,75.0,240.0,23.5653,1.0,Duke,2021.0,2021.0,KC,162.0,3.0,0.048387095
2022,10,00-0036637,N.Gray,TE,KC,JAX,0,0,0.0,0,0.0,0.0,0.0,0,0.0,0,2,2,20.0,1,8.0,10.0,,,75.0,240.0,23.5653,1.0,Duke,2021.0,2021.0,KC,162.0,10.0,0.057142857
2022,11,00-0036637,N.Gray,TE,KC,LAC,0,0,0.0,0,0.0,0.0,0.0,0,0.0,0,3,2,15.0,0,1.5,3.5,,,75.0,240.0,23.5653,1.0,Duke,2021.0,2021.0,KC,162.0,,0.09677419
2022,12,00-0036637,N.Gray,TE,KC,LA,0,0,0.0,0,0.0,0.0,0.0,0,0.0,0,2,2,16.0,0,1.6,3.6,,,75.0,240.0,23.5653,1.0,Duke,2021.0,2021.0,KC,162.0,16.0,0.054054055
2022,13,00-0036637,N.Gray,TE,KC,CIN,0,0,0.0,0,0.0,0.0,0.0,0,0.0,0,1,1,15.0,0,1.5,2.5,,,75.0,240.0,23.5653,1.0,Duke,2021.0,2021.0,KC,162.0,,0.04347826
2022,14,00-0036637,N.Gray,TE,KC,DEN,0,0,0.0,0,0.0,0.0,0.0,0,0.0,0,3,3,45.0,0,4.5,7.5,,,75.0,240.0,23.5653,1.0,Duke,2021.0,2021.0,KC,162.0,,0.071428575
2022,15,00-0036637,N.Gray,TE,KC,HOU,0,0,0.0,0,0.0,0.0,0.0,0,0.0,0,3,3,31.0,0,3.1,6.1,,,75.0,240.0,23.5653,1.0,Duke,2021.0,2021.0,KC,162.0,,0.07317073
2022,16,00-0036637,N.Gray,TE,KC,SEA,0,0,0.0,0,0.0,0.0,0.0,0,0.0,0,1,1,8.0,0,0.8,1.8,,,75.0,240.0,23.5653,1.0,Duke,2021.0,2021.0,KC,162.0,14.0,0.037037037
2022,17,00-0036637,N.Gray,TE,KC,DEN,0,0,0.0,0,0.0,0.0,0.0,0,0.0,0,1,1,12.0,0,1.2,2.2,,,75.0,240.0,23.5653,1.0,Duke,2021.0,2021.0,KC,162.0,3.0,0.024390243
2022,18,00-0036637,N.Gray,TE,KC,LV,0,0,0.0,0,0.0,0.0,0.0,0,0.0,0,1,1,14.0,0,1.4,2.4,,,75.0,240.0,23.5653,1.0,Duke,2021.0,2021.0,KC,162.0,,0.041666668
2022,20,00-0036637,N.Gray,TE,KC,JAX,0,0,0.0,0,0.0,0.0,0.0,1,0.0,0,2,1,27.0,0,2.7,3.7,,,75.0,240.0,23.5653,1.0,Duke,2021.0,2021.0,KC,162.0,7.0,0.057142857
2022,21,00-0036637,N.Gray,TE,KC,CIN,0,0,0.0,0,0.0,0.0,0.0,0,0.0,0,1,1,4.0,0,0.4,1.4,,,75.0,240.0,23.5653,1.0,Duke,2021.0,2021.0,KC,162.0,3.0,0.024390243
2022,22,00-0036637,N.Gray,TE,KC,PHI,0,0,0.0,0,0.0,0.0,0.0,0,0.0,0,1,1,6.0,0,0.6,1.6,,,75.0,240.0,23.5653,1.0,Duke,2021.0,2021.0,KC,162.0,,0.04
2022,1,00-0036646,S.Fehoko,WR,DAL,TB,0,0,0.0,0,0.0,0.0,0.0,0,0.0,0,3,2,12.0,0,1.2,3.2,,,75.0,227.0,25.031578947368423,1.0,Stanford,2021.0,2021.0,DAL,179.0,-16.0,0.07317073
2022,3,00-0036646,S.Fehoko,WR,DAL,NYG,0,0,0.0,0,0.0,0.0,0.0,0,0.0,0,1,1,12.0,0,1.2,2.2,,,75.0,227.0,25.031578947368423,1.0,Stanford,2021.0,2021.0,DAL,179.0,,0.033333335
2022,17,00-0036650,L.Rountree,RB,LAC,LA,0,0,0.0,0,0.0,0.0,0.0,10,15.0,0,1,1,13.0,0,2.8,3.8,,,70.0,210.0,23.749944444444445,1.0,Missouri,2021.0,2021.0,LAC,198.0,21.0,0.032258064
2022,18,00-0036650,L.Rountree,RB,LAC,DEN,0,0,0.0,0,0.0,0.0,0.0,3,4.0,0,1,1,1.0,0,0.5,1.5,,,70.0,210.0,23.749944444444445,1.0,Missouri,2021.0,2021.0,LAC,198.0,,0.022727273
2022,14,00-0036652,R.McMath,WR,TEN,JAX,0,0,0.0,0,0.0,0.0,0.0,0,0.0,0,4,0,0.0,0,0.0,0.0,,,75.0,224.0,23.41005882352941,1.0,Louisiana State,2021.0,2021.0,TEN,205.0,-14.0,0.10526316
2022,15,00-0036652,R.McMath,WR,TEN,LAC,0,0,0.0,0,0.0,0.0,0.0,0,0.0,0,2,1,1.0,0,0.1,1.1,,,75.0,224.0,23.41005882352941,1.0,Louisiana State,2021.0,2021.0,TEN,205.0,,0.07692308
2022,17,00-0036652,R.McMath,WR,TEN,DAL,0,0,0.0,0,0.0,0.0,0.0,0,0.0,0,2,1,39.0,0,3.9,4.9,,,75.0,224.0,23.41005882352941,1.0,Louisiana State,2021.0,2021.0,TEN,205.0,-14.0,0.05263158
2022,18,00-0036652,R.McMath,WR,TEN,JAX,0,0,0.0,0,0.0,0.0,0.0,1,4.0,0,0,0,0.0,0,0.4,0.4,,,75.0,224.0,23.41005882352941,1.0,Louisiana State,2021.0,2021.0,TEN,205.0,,
2022,1,00-0036654,D.Felton,RB,CLE,CAR,0,0,0.0,0,0.0,0.0,0.0,0,0.0,0,1,0,0.0,0,0.0,0.0,,,69.0,185.0,24.319,1.0,UCLA,2021.0,2021.0,CLE,211.0,,0.033333335
2022,2,00-0036654,D.Felton,RB,CLE,NYJ,0,0,0.0,0,0.0,0.0,0.0,1,-4.0,0,1,1,3.0,0,-0.1,0.9,,,69.0,185.0,24.319,1.0,UCLA,2021.0,2021.0,CLE,211.0,-1.0,0.037037037
2022,13,00-0036654,D.Felton,RB,CLE,HOU,0,0,0.0,0,0.0,0.0,0.0,0,0.0,0,1,0,0.0,0,0.0,0.0,,,69.0,185.0,24.319,1.0,UCLA,2021.0,2021.0,CLE,211.0,,0.04761905
2022,15,00-0036654,D.Felton,RB,CLE,BAL,0,0,0.0,0,0.0,0.0,0.0,0,0.0,0,1,1,5.0,0,0.5,1.5,,,69.0,185.0,24.319,1.0,UCLA,2021.0,2021.0,CLE,211.0,10.0,0.03846154
2022,9,00-0036669,K.Hill,RB,GB,DET,0,0,0.0,0,0.0,0.0,0.0,1,7.0,0,0,0,0.0,0,0.7,0.7,,,70.0,215.0,24.160818181818183,1.0,Mississippi State,2021.0,2021.0,GB,256.0,,
2022,1,00-0036671,D.Milne,WR,WAS,JAX,0,0,0.0,0,0.0,0.0,0.0,0,0.0,0,1,0,0.0,0,0.0,0.0,,,73.0,190.0,23.377058823529413,1.0,Brigham Young,2021.0,2021.0,WAS,258.0,6.0,0.024390243
2022,2,00-0036671,D.Milne,WR,WAS,DET,0,0,0.0,0,0.0,0.0,0.0,0,0.0,0,1,1,6.0,0,0.6,1.6,,,73.0,190.0,23.377058823529413,1.0,Brigham Young,2021.0,2021.0,WAS,258.0,,0.022727273
2022,3,00-0036671,D.Milne,WR,WAS,PHI,0,0,0.0,0,0.0,0.0,0.0,0,0.0,0,1,1,12.0,0,1.2,2.2,,,73.0,190.0,23.377058823529413,1.0,Brigham Young,2021.0,2021.0,WAS,258.0,-16.0,0.023809524
2022,6,00-0036671,D.Milne,WR,WAS,CHI,0,0,0.0,0,0.0,0.0,0.0,0,0.0,0,1,1,5.0,0,0.5,1.5,,,73.0,190.0,23.377058823529413,1.0,Brigham Young,2021.0,2021.0,WAS,258.0,,0.045454547
2022,7,00-0036671,D.Milne,WR,WAS,GB,0,0,0.0,0,0.0,0.0,0.0,0,0.0,0,1,1,4.0,0,0.4,1.4,,,73.0,190.0,23.377058823529413,1.0,Brigham Young,2021.0,2021.0,WAS,258.0,2.0,0.03125
2022,8,00-0036671,D.Milne,WR,WAS,IND,0,0,0.0,0,0.0,0.0,0.0,0,0.0,0,1,1,4.0,0,0.4,1.4,,,73.0,190.0,23.377058823529413,1.0,Brigham Young,2021.0,2021.0,WAS,258.0,,0.033333335
2022,9,00-0036671,D.Milne,WR,WAS,MIN,0,0,0.0,0,0.0,0.0,0.0,0,0.0,0,1,1,6.0,1,6.6,7.6,,,73.0,190.0,23.377058823529413,1.0,Brigham Young,2021.0,2021.0,WAS,258.0,-3.0,0.03846154
2022,3,00-0036692,M.Forristall,TE,CLE,PIT,0,0,0.0,0,0.0,0.0,0.0,0,0.0,0,1,0,0.0,0,0.0,0.0,,,77.0,244.0,24.66664705882353,1.0,Alabama,2021.0,2021.0,,,12.0,0.032258064
2022,2,00-0036727,A.Prentice,FB,NO,TB,0,0,0.0,0,0.0,0.0,0.0,0,0.0,0,1,1,2.0,0,0.2,1.2,,,72.0,245.0,25.808529411764706,1.0,South Carolina,2021.0,2021.0,,,-10.0,0.025
2022,13,00-0036727,A.Prentice,FB,NO,TB,0,0,0.0,0,0.0,0.0,0.0,1,2.0,0,0,0,0.0,0,0.2,0.2,,,72.0,245.0,25.808529411764706,1.0,South Carolina,2021.0,2021.0,,,,
2022,15,00-0036727,A.Prentice,FB,NO,ATL,0,0,0.0,0,0.0,0.0,0.0,0,0.0,0,1,1,3.0,0,0.3,1.3,,,72.0,245.0,25.808529411764706,1.0,South Carolina,2021.0,2021.0,,,3.0,0.05263158
2022,16,00-0036727,A.Prentice,FB,NO,CLE,0,0,0.0,0,0.0,0.0,0.0,2,5.0,0,0,0,0.0,0,0.5,0.5,,,72.0,245.0,25.808529411764706,1.0,South Carolina,2021.0,2021.0,,,,
2022,17,00-0036727,A.Prentice,FB,NO,PHI,0,0,0.0,0,0.0,0.0,0.0,1,2.0,0,1,1,4.0,0,0.6,1.6,,,72.0,245.0,25.808529411764706,1.0,South Carolina,2021.0,2021.0,,,,0.04347826
2022,3,00-0036741,J.Stoll,TE,PHI,WAS,0,0,0.0,0,0.0,0.0,0.0,0,0.0,0,2,1,4.0,0,0.4,1.4,,,76.0,260.0,24.81765,1.0,Nebraska,2021.0,2021.0,,,,0.05882353
2022,6,00-0036741,J.Stoll,TE,PHI,DAL,0,0,0.0,0,0.0,0.0,0.0,0,0.0,0,1,1,21.0,0,2.1,3.1,,,76.0,260.0,24.81765,1.0,Nebraska,2021.0,2021.0,,,9.0,0.045454547
2022,8,00-0036741,J.Stoll,TE,PHI,PIT,0,0,0.0,0,0.0,0.0,0.0,0,0.0,0,1,0,0.0,0,0.0,0.0,,,76.0,260.0,24.81765,1.0,Nebraska,2021.0,2021.0,,,22.0,0.033333335
2022,9,00-0036741,J.Stoll,TE,PHI,HOU,0,0,0.0,0,0.0,0.0,0.0,0,0.0,0,2,1,13.0,0,1.3,2.3,,,76.0,260.0,24.81765,1.0,Nebraska,2021.0,2021.0,,,,0.08
2022,10,00-0036741,J.Stoll,TE,PHI,WAS,0,0,0.0,0,0.0,0.0,0.0,0,0.0,0,1,1,11.0,0,1.1,2.1,,,76.0,260.0,24.81765,1.0,Nebraska,2021.0,2021.0,,,-11.0,0.04
2022,11,00-0036741,J.Stoll,TE,PHI,IND,0,0,0.0,0,0.0,0.0,0.0,0,0.0,0,1,1,7.0,0,0.7,1.7,,,76.0,260.0,24.81765,1.0,Nebraska,2021.0,2021.0,,,,0.04347826
2022,13,00-0036741,J.Stoll,TE,PHI,TEN,0,0,0.0,0,0.0,0.0,0.0,0,0.0,0,3,3,41.0,0,4.1,7.1,,,76.0,260.0,24.81765,1.0,Nebraska,2021.0,2021.0,,,25.0,0.078947365
2022,14,00-0036741,J.Stoll,TE,PHI,NYG,0,0,0.0,0,0.0,0.0,0.0,0,0.0,0,2,2,20.0,0,2.0,4.0,,,76.0,260.0,24.81765,1.0,Nebraska,2021.0,2021.0,,,,0.06451613
2022,15,00-0036741,J.Stoll,TE,PHI,CHI,0,0,0.0,0,0.0,0.0,0.0,0,0.0,0,1,1,6.0,0,0.6,1.6,,,76.0,260.0,24.81765,1.0,Nebraska,2021.0,2021.0,,,,0.027027028
2022,21,00-0036741,J.Stoll,TE,PHI,SF,0,0,0.0,0,0.0,0.0,0.0,0,0.0,0,1,1,5.0,0,0.5,1.5,,,76.0,260.0,24.81765,1.0,Nebraska,2021.0,2021.0,,,24.0,0.041666668
2022,2,00-0036754,B.Wright,TE,DET,WAS,0,0,0.0,0,0.0,0.0,0.0,0,0.0,0,1,1,25.0,0,2.5,3.5,,,77.0,255.0,23.955411764705882,1.0,Notre Dame,2021.0,2021.0,,,9.0,0.029411765
2022,7,00-0036754,B.Wright,TE,DET,DAL,0,0,0.0,0,0.0,0.0,0.0,0,0.0,0,4,4,57.0,0,5.7,9.7,,,77.0,255.0,23.955411764705882,1.0,Notre Dame,2021.0,2021.0,,,,0.16
2022,8,00-0036754,B.Wright,TE,DET,MIA,0,0,0.0,0,0.0,0.0,0.0,0,0.0,0,1,1,6.0,0,0.6,1.6,,,77.0,255.0,23.955411764705882,1.0,Notre Dame,2021.0,2021.0,,,-4.0,0.027027028
2022,9,00-0036754,B.Wright,TE,DET,GB,0,0,0.0,0,0.0,0.0,0.0,0,0.0,0,1,0,0.0,0,0.0,0.0,,,77.0,255.0,23.955411764705882,1.0,Notre Dame,2021.0,2021.0,,,6.0,0.041666668
2022,10,00-0036754,B.Wright,TE,DET,CHI,0,0,0.0,0,0.0,0.0,0.0,0,0.0,0,1,1,2.0,1,6.2,7.2,,,77.0,255.0,23.955411764705882,1.0,Notre Dame,2021.0,2021.0,,,,0.04
2022,11,00-0036754,B.Wright,TE,DET,NYG,0,0,0.0,0,0.0,0.0,0.0,0,0.0,0,2,2,20.0,0,2.0,4.0,,,77.0,255.0,23.955411764705882,1.0,Notre Dame,2021.0,2021.0,,,,0.08
2022,12,00-0036754,B.Wright,TE,DET,BUF,0,0,0.0,0,0.0,0.0,0.0,0,0.0,0,3,2,6.0,0,0.6,2.6,,,77.0,255.0,23.955411764705882,1.0,Notre Dame,2021.0,2021.0,,,-3.0,0.08571429
2022,13,00-0036754,B.Wright,TE,DET,JAX,0,0,0.0,0,0.0,0.0,0.0,0,0.0,0,2,2,25.0,0,2.5,4.5,,,77.0,255.0,23.955411764705882,1.0,Notre Dame,2021.0,2021.0,,,26.0,0.051282052
2022,14,00-0036754,B.Wright,TE,DET,MIN,0,0,0.0,0,0.0,0.0,0.0,0,0.0,0,1,0,0.0,0,0.0,0.0,,,77.0,255.0,23.955411764705882,1.0,Notre Dame,2021.0,2021.0,,,11.0,0.027777778
2022,15,00-0036754,B.Wright,TE,DET,NYJ,0,0,0.0,0,0.0,0.0,0.0,0,0.0,0,2,1,51.0,1,11.1,12.1,,,77.0,255.0,23.955411764705882,1.0,Notre Dame,2021.0,2021.0,,,,0.055555556
2022,16,00-0036754,B.Wright,TE,DET,CAR,0,0,0.0,0,0.0,0.0,0.0,0,0.0,0,1,1,11.0,0,1.1,2.1,,,77.0,255.0,23.955411764705882,1.0,Notre Dame,2021.0,2021.0,,,,0.024390243
2022,17,00-0036754,B.Wright,TE,DET,CHI,0,0,0.0,0,0.0,0.0,0.0,0,0.0,0,4,3,13.0,2,13.3,16.3,,,77.0,255.0,23.955411764705882,1.0,Notre Dame,2021.0,2021.0,,,31.0,0.13793103
2022,18,00-0036754,B.Wright,TE,DET,GB,0,0,0.0,0,0.0,0.0,0.0,0,0.0,0,1,0,0.0,0,0.0,0.0,,,77.0,255.0,23.955411764705882,1.0,Notre Dame,2021.0,2021.0,,,,0.030303031
2022,18,00-0036755,J.Patterson,RB,WAS,DAL,0,0,0.0,0,0.0,0.0,0.0,17,78.0,0,1,0,0.0,0,7.8,7.8,,,69.0,195.0,22.876,1.0,Buffalo,2021.0,2021.0,,,20.0,0.055555556
2022,17,00-0036810,C.Johnson,WR,SEA,NYJ,0,0,0.0,0,0.0,0.0,0.0,0,0.0,0,2,0,0.0,0,0.0,0.0,,,70.0,180.0,24.59238888888889,1.0,South Dakota State,2021.0,2021.0,,,17.0,0.071428575
2022,18,00-0036810,C.Johnson,WR,SEA,LA,0,0,0.0,0,0.0,0.0,0.0,0,0.0,0,2,2,21.0,0,2.1,4.1,,,70.0,180.0,24.59238888888889,1.0,South Dakota State,2021.0,2021.0,,,3.0,0.071428575
2022,19,00-0036810,C.Johnson,WR,SEA,SF,0,0,0.0,0,0.0,0.0,0.0,0,0.0,0,3,3,39.0,0,3.9,6.9,,,70.0,180.0,24.59238888888889,1.0,South Dakota State,2021.0,2021.0,,,,0.0882353
2022,5,00-0036825,F.Franks,TE,ATL,TB,0,0,0.0,0,0.0,0.0,0.0,0,0.0,0,2,0,0.0,0,0.0,0.0,,,78.0,245.0,24.877235294117646,1.0,Arkansas,2021.0,2021.0,,,,0.083333336
2022,15,00-0036825,F.Franks,TE,ATL,NO,0,0,0.0,0,0.0,0.0,0.0,1,0.0,0,0,0,0.0,0,0.0,0.0,,,78.0,245.0,24.877235294117646,1.0,Arkansas,2021.0,2021.0,,,,
2022,2,00-0036829,C.Huntley,RB,ATL,LA,0,0,0.0,0,0.0,0.0,0.0,1,3.0,0,0,0,0.0,0,0.3,0.3,,,70.0,229.0,24.146235294117645,1.0,Ball State,2021.0,2021.0,,,,
2022,4,00-0036829,C.Huntley,RB,ATL,CLE,0,0,0.0,0,0.0,0.0,0.0,10,56.0,1,0,0,0.0,0,11.6,11.6,,,70.0,229.0,24.146235294117645,1.0,Ball State,2021.0,2021.0,,,3.0,
2022,5,00-0036829,C.Huntley,RB,ATL,TB,0,0,0.0,0,0.0,0.0,0.0,8,34.0,0,0,0,0.0,0,3.4,3.4,,,70.0,229.0,24.146235294117645,1.0,Ball State,2021.0,2021.0,,,,
2022,6,00-0036829,C.Huntley,RB,ATL,SF,0,0,0.0,0,0.0,0.0,0.0,16,59.0,0,0,0,0.0,0,5.9,5.9,,,70.0,229.0,24.146235294117645,1.0,Ball State,2021.0,2021.0,,,14.0,
2022,7,00-0036829,C.Huntley,RB,ATL,CIN,0,0,0.0,0,0.0,0.0,0.0,6,22.0,0,0,0,0.0,0,2.2,2.2,,,70.0,229.0,24.146235294117645,1.0,Ball State,2021.0,2021.0,,,,
2022,8,00-0036829,C.Huntley,RB,ATL,CAR,0,0,0.0,0,0.0,0.0,0.0,16,91.0,0,0,0,0.0,0,9.1,9.1,,,70.0,229.0,24.146235294117645,1.0,Ball State,2021.0,2021.0,,,3.0,
2022,9,00-0036829,C.Huntley,RB,ATL,LAC,0,0,0.0,0,0.0,0.0,0.0,7,34.0,0,0,0,0.0,0,3.4,3.4,,,70.0,229.0,24.146235294117645,1.0,Ball State,2021.0,2021.0,,,-3.0,
2022,10,00-0036829,C.Huntley,RB,ATL,CAR,0,0,0.0,0,0.0,0.0,0.0,5,32.0,0,0,0,0.0,0,3.2,3.2,,,70.0,229.0,24.146235294117645,1.0,Ball State,2021.0,2021.0,,,,
2022,11,00-0036829,C.Huntley,RB,ATL,CHI,0,0,0.0,0,0.0,0.0,0.0,1,4.0,0,1,1,2.0,0,0.6,1.6,,,70.0,229.0,24.146235294117645,1.0,Ball State,2021.0,2021.0,,,3.0,0.055555556
2022,12,00-0036829,C.Huntley,RB,ATL,WAS,0,0,0.0,0,0.0,0.0,0.0,1,12.0,0,1,1,1.0,0,1.3,2.3,,,70.0,229.0,24.146235294117645,1.0,Ball State,2021.0,2021.0,,,,0.041666668
2022,13,00-0036829,C.Huntley,RB,ATL,PIT,0,0,0.0,0,0.0,0.0,0.0,4,17.0,0,0,0,0.0,0,1.7,1.7,,,70.0,229.0,24.146235294117645,1.0,Ball State,2021.0,2021.0,,,-3.0,
2022,15,00-0036829,C.Huntley,RB,ATL,NO,0,0,0.0,0,0.0,0.0,0.0,1,2.0,0,0,0,0.0,0,0.2,0.2,,,70.0,229.0,24.146235294117645,1.0,Ball State,2021.0,2021.0,,,,
2022,13,00-0036841,A.Trammell,WR,LA,SEA,0,0,0.0,0,0.0,0.0,0.0,0,0.0,0,2,1,8.0,0,0.8,1.8,,,70.0,185.0,24.354058823529414,1.0,Rice,2021.0,2021.0,,,-4.0,0.08
2022,14,00-0036841,A.Trammell,WR,LA,LV,0,0,0.0,0,0.0,0.0,0.0,0,0.0,0,2,1,5.0,0,0.5,1.5,,,70.0,185.0,24.354058823529414,1.0,Rice,2021.0,2021.0,,,1.0,0.05882353
2022,11,00-0036842,K.Nwangwu,RB,MIN,DAL,0,0,0.0,0,0.0,0.0,0.0,4,1.0,0,1,1,5.0,0,0.6,1.6,,,73.0,205.0,24.761055555555558,1.0,Iowa State,2021.0,2021.0,MIN,119.0,-37.0,0.035714287
2022,12,00-0036842,K.Nwangwu,RB,MIN,NE,0,0,0.0,0,0.0,0.0,0.0,0,0.0,0,0,0,0.0,0,6.0,6.0,,,73.0,205.0,24.761055555555558,1.0,Iowa State,2021.0,2021.0,MIN,119.0,7.0,
2022,18,00-0036842,K.Nwangwu,RB,MIN,CHI,0,0,0.0,0,0.0,0.0,0.0,5,13.0,0,1,1,16.0,0,2.9,3.9,,,73.0,205.0,24.761055555555558,1.0,Iowa State,2021.0,2021.0,MIN,119.0,,0.03125
2022,1,00-0036849,T.Atwell,WR,LA,BUF,0,0,0.0,0,0.0,0.0,0.0,0,0.0,0,1,0,0.0,0,0.0,0.0,,,69.0,153.0,23.094529411764704,1.0,Louisville,2021.0,2021.0,LA,57.0,-21.0,0.024390243
2022,3,00-0036849,T.Atwell,WR,LA,ARI,0,0,0.0,0,0.0,0.0,0.0,0,0.0,0,1,0,0.0,0,0.0,0.0,,,69.0,153.0,23.094529411764704,1.0,Louisville,2021.0,2021.0,LA,57.0,,0.04
2022,5,00-0036849,T.Atwell,WR,LA,DAL,0,0,0.0,0,0.0,0.0,0.0,0,0.0,0,2,1,54.0,0,5.4,6.4,,,69.0,153.0,23.094529411764704,1.0,Louisville,2021.0,2021.0,LA,57.0,-12.0,0.04761905
2022,6,00-0036849,T.Atwell,WR,LA,CAR,0,0,0.0,0,0.0,0.0,0.0,1,9.0,0,0,0,0.0,0,0.9,0.9,,,69.0,153.0,23.094529411764704,1.0,Louisville,2021.0,2021.0,LA,57.0,14.0,
2022,11,00-0036849,T.Atwell,WR,LA,NO,0,0,0.0,0,0.0,0.0,0.0,0,0.0,0,1,1,62.0,1,12.2,13.2,,,69.0,153.0,23.094529411764704,1.0,Louisville,2021.0,2021.0,LA,57.0,,0.037037037
2022,12,00-0036849,T.Atwell,WR,LA,KC,0,0,0.0,0,0.0,0.0,0.0,0,0.0,0,2,2,23.0,0,2.3,4.3,,,69.0,153.0,23.094529411764704,1.0,Louisville,2021.0,2021.0,LA,57.0,,0.083333336
2022,13,00-0036849,T.Atwell,WR,LA,SEA,0,0,0.0,0,0.0,0.0,0.0,4,23.0,0,5,2,48.0,0,7.1,9.1,,,69.0,153.0,23.094529411764704,1.0,Louisville,2021.0,2021.0,LA,57.0,-4.0,0.2
2022,14,00-0036849,T.Atwell,WR,LA,LV,0,0,0.0,0,0.0,0.0,0.0,2,-5.0,0,9,5,50.0,0,4.5,9.5,,,69.0,153.0,23.094529411764704,1.0,Louisville,2021.0,2021.0,LA,57.0,1.0,0.2647059
2022,15,00-0036849,T.Atwell,WR,LA,GB,0,0,0.0,0,0.0,0.0,0.0,1,-4.0,0,4,1,10.0,0,0.6,1.6,,,69.0,153.0,23.094529411764704,1.0,Louisville,2021.0,2021.0,LA,57.0,,0.2
2022,16,00-0036849,T.Atwell,WR,LA,DEN,0,0,0.0,0,0.0,0.0,0.0,0,0.0,0,2,2,14.0,0,1.4,3.4,,,69.0,153.0,23.094529411764704,1.0,Louisville,2021.0,2021.0,LA,57.0,37.0,0.071428575
2022,17,00-0036849,T.Atwell,WR,LA,LAC,0,0,0.0,0,0.0,0.0,0.0,0,0.0,0,5,2,10.0,0,1.0,3.0,,,69.0,153.0,23.094529411764704,1.0,Louisville,2021.0,2021.0,LA,57.0,,0.2777778
2022,18,00-0036849,T.Atwell,WR,LA,SEA,0,0,0.0,0,0.0,0.0,0.0,1,11.0,1,3,2,27.0,0,9.8,11.8,,,69.0,153.0,23.094529411764704,1.0,Louisville,2021.0,2021.0,LA,57.0,,0.125
2022,3,00-0036857,C.Evans,RB,CIN,NYJ,0,0,0.0,0,0.0,0.0,0.0,0,0.0,0,1,1,4.0,0,0.4,1.4,,,71.0,216.0,25.11978947368421,1.0,Michigan,2021.0,2021.0,CIN,202.0,,0.028571429
2022,4,00-0036857,C.Evans,RB,CIN,MIA,0,0,0.0,0,0.0,0.0,0.0,0,0.0,0,1,0,0.0,0,0.0,0.0,,,71.0,216.0,25.11978947368421,1.0,Michigan,2021.0,2021.0,CIN,202.0,12.0,0.03125
2022,8,00-0036857,C.Evans,RB,CIN,CLE,0,0,0.0,0,0.0,0.0,0.0,0,0.0,0,1,1,26.0,0,2.6,3.6,,,71.0,216.0,25.11978947368421,1.0,Michigan,2021.0,2021.0,CIN,202.0,,0.029411765
2022,13,00-0036857,C.Evans,RB,CIN,KC,0,0,0.0,0,0.0,0.0,0.0,0,0.0,0,1,1,8.0,1,6.8,7.8,,,71.0,216.0,25.11978947368421,1.0,Michigan,2021.0,2021.0,CIN,202.0,3.0,0.032258064
2022,9,00-0036858,J.Camp,WR,HOU,PHI,0,0,0.0,0,0.0,0.0,0.0,0,0.0,0,1,1,7.0,0,0.7,1.7,,,74.0,220.0,24.33864705882353,1.0,Georgia Tech,2021.0,2021.0,JAX,209.0,-12.0,0.04761905
2022,1,00-0036862,B.Skowronek,WR,LA,BUF,0,0,0.0,0,0.0,0.0,0.0,0,0.0,0,6,4,25.0,0,2.5,6.5,,,75.0,220.0,25.372470588235295,1.0,Notre Dame,2021.0,2021.0,LA,249.0,-21.0,0.14634146
2022,2,00-0036862,B.Skowronek,WR,LA,ATL,0,0,0.0,0,0.0,0.0,0.0,0,0.0,0,3,2,16.0,0,1.6,3.6,,,75.0,220.0,25.372470588235295,1.0,Notre Dame,2021.0,2021.0,LA,249.0,4.0,0.08571429
2022,3,00-0036862,B.Skowronek,WR,LA,ARI,0,0,0.0,0,0.0,0.0,0.0,0,0.0,0,4,4,66.0,0,6.6,10.6,,,75.0,220.0,25.372470588235295,1.0,Notre Dame,2021.0,2021.0,LA,249.0,,0.16
2022,4,00-0036862,B.Skowronek,WR,LA,SF,0,0,0.0,0,0.0,0.0,0.0,0,0.0,0,3,2,33.0,0,3.3,5.3,,,75.0,220.0,25.372470588235295,1.0,Notre Dame,2021.0,2021.0,LA,249.0,,0.0625
2022,5,00-0036862,B.Skowronek,WR,LA,DAL,0,0,0.0,0,0.0,0.0,0.0,0,0.0,0,8,6,41.0,0,4.1,10.1,,,75.0,220.0,25.372470588235295,1.0,Notre Dame,2021.0,2021.0,LA,249.0,-12.0,0.1904762
2022,6,00-0036862,B.Skowronek,WR,LA,CAR,0,0,0.0,0,0.0,0.0,0.0,1,17.0,1,5,5,40.0,0,11.7,16.7,,,75.0,220.0,25.372470588235295,1.0,Notre Dame,2021.0,2021.0,LA,249.0,14.0,0.16129032
2022,8,00-0036862,B.Skowronek,WR,LA,SF,0,0,0.0,0,0.0,0.0,0.0,0,0.0,0,1,1,10.0,0,1.0,2.0,,,75.0,220.0,25.372470588235295,1.0,Notre Dame,2021.0,2021.0,LA,249.0,-17.0,0.03125
2022,9,00-0036862,B.Skowronek,WR,LA,TB,0,0,0.0,0,0.0,0.0,0.0,0,0.0,0,2,0,0.0,0,0.0,0.0,,,75.0,220.0,25.372470588235295,1.0,Notre Dame,2021.0,2021.0,LA,249.0,,0.07692308
2022,10,00-0036862,B.Skowronek,WR,LA,ARI,0,0,0.0,0,0.0,0.0,0.0,0,0.0,0,7,2,14.0,0,1.4,3.4,,,75.0,220.0,25.372470588235295,1.0,Notre Dame,2021.0,2021.0,LA,249.0,-10.0,0.1891892
2022,11,00-0036862,B.Skowronek,WR,LA,NO,0,0,0.0,0,0.0,0.0,0.0,0,0.0,0,4,1,4.0,0,0.4,1.4,,,75.0,220.0,25.372470588235295,1.0,Notre Dame,2021.0,2021.0,LA,249.0,,0.14814815
2022,12,00-0036862,B.Skowronek,WR,LA,KC,0,0,0.0,0,0.0,0.0,0.0,0,0.0,0,4,2,5.0,0,0.5,2.5,,,75.0,220.0,25.372470588235295,1.0,Notre Dame,2021.0,2021.0,LA,249.0,,0.16666667
2022,13,00-0036862,B.Skowronek,WR,LA,SEA,0,0,0.0,0,0.0,0.0,0.0,0,0.0,0,3,2,30.0,0,3.0,5.0,,,75.0,220.0,25.372470588235295,1.0,Notre Dame,2021.0,2021.0,LA,249.0,-4.0,0.12
2022,14,00-0036862,B.Skowronek,WR,LA,LV,0,0,0.0,0,0.0,0.0,0.0,0,0.0,0,8,7,89.0,0,8.9,15.9,,,75.0,220.0,25.372470588235295,1.0,Notre Dame,2021.0,2021.0,LA,249.0,1.0,0.23529412
2022,15,00-0036862,B.Skowronek,WR,LA,GB,0,0,0.0,0,0.0,0.0,0.0,0,0.0,0,3,1,3.0,0,0.3,1.3,,,75.0,220.0,25.372470588235295,1.0,Notre Dame,2021.0,2021.0,LA,249.0,,0.15
2022,1,00-0036875,R.Stevenson,RB,NE,MIA,0,0,0.0,0,0.0,0.0,0.0,8,25.0,0,2,2,2.0,0,2.7,4.7,,,72.0,246.0,24.709,1.0,Oklahoma,2021.0,2021.0,NE,120.0,,0.06666667
2022,2,00-0036875,R.Stevenson,RB,NE,PIT,0,0,0.0,0,0.0,0.0,0.0,9,47.0,0,2,1,4.0,0,5.1,6.1,,,72.0,246.0,24.709,1.0,Oklahoma,2021.0,2021.0,NE,120.0,,0.05882353
2022,3,00-0036875,R.Stevenson,RB,NE,BAL,0,0,0.0,0,0.0,0.0,0.0,12,73.0,1,5,4,28.0,0,16.1,20.1,,,72.0,246.0,24.709,1.0,Oklahoma,2021.0,2021.0,NE,120.0,-11.0,0.15625
2022,4,00-0036875,R.Stevenson,RB,NE,GB,0,0,0.0,0,0.0,0.0,0.0,14,66.0,0,5,4,23.0,0,8.9,12.9,,,72.0,246.0,24.709,1.0,Oklahoma,2021.0,2021.0,NE,120.0,,0.25
2022,5,00-0036875,R.Stevenson,RB,NE,DET,0,0,0.0,0,0.0,0.0,0.0,25,161.0,0,2,2,14.0,0,17.5,19.5,,,72.0,246.0,24.709,1.0,Oklahoma,2021.0,2021.0,NE,120.0,29.0,0.0952381
2022,6,00-0036875,R.Stevenson,RB,NE,CLE,0,0,0.0,0,0.0,0.0,0.0,19,76.0,2,5,4,15.0,0,21.1,25.1,,,72.0,246.0,24.709,1.0,Oklahoma,2021.0,2021.0,NE,120.0,,0.16129032
2022,7,00-0036875,R.Stevenson,RB,NE,CHI,0,0,0.0,0,0.0,0.0,0.0,11,39.0,1,8,8,59.0,0,15.8,23.8,,,72.0,246.0,24.709,1.0,Oklahoma,2021.0,2021.0,NE,120.0,-19.0,0.2857143
2022,8,00-0036875,R.Stevenson,RB,NE,NYJ,0,0,0.0,0,0.0,0.0,0.0,16,71.0,0,7,7,72.0,0,14.3,21.3,,,72.0,246.0,24.709,1.0,Oklahoma,2021.0,2021.0,NE,120.0,,0.21875
2022,9,00-0036875,R.Stevenson,RB,NE,IND,0,0,0.0,0,0.0,0.0,0.0,15,60.0,0,7,3,10.0,1,13.0,16.0,,,72.0,246.0,24.709,1.0,Oklahoma,2021.0,2021.0,NE,120.0,23.0,0.2413793
2022,11,00-0036875,R.Stevenson,RB,NE,NYJ,0,0,0.0,0,0.0,0.0,0.0,15,26.0,0,6,6,56.0,0,8.2,14.2,,,72.0,246.0,24.709,1.0,Oklahoma,2021.0,2021.0,NE,120.0,7.0,0.22222222
2022,12,00-0036875,R.Stevenson,RB,NE,MIN,0,0,0.0,0,0.0,0.0,0.0,7,36.0,0,10,9,76.0,0,11.2,20.2,,,72.0,246.0,24.709,1.0,Oklahoma,2021.0,2021.0,NE,120.0,,0.2857143
2022,13,00-0036875,R.Stevenson,RB,NE,BUF,0,0,0.0,0,0.0,0.0,0.0,10,54.0,0,8,6,24.0,0,7.8,13.8,,,72.0,246.0,24.709,1.0,Oklahoma,2021.0,2021.0,NE,120.0,-14.0,0.23529412
2022,14,00-0036875,R.Stevenson,RB,NE,ARI,0,0,0.0,0,0.0,0.0,0.0,3,8.0,0,3,2,2.0,0,1.0,3.0,,,72.0,246.0,24.709,1.0,Oklahoma,2021.0,2021.0,NE,120.0,,0.09090909
2022,15,00-0036875,R.Stevenson,RB,NE,LV,0,0,0.0,0,0.0,0.0,0.0,19,172.0,1,3,2,-4.0,0,22.8,24.8,,,72.0,246.0,24.709,1.0,Oklahoma,2021.0,2021.0,NE,120.0,,0.1
2022,16,00-0036875,R.Stevenson,RB,NE,CIN,0,0,0.0,0,0.0,0.0,0.0,13,30.0,0,5,2,3.0,0,1.3,3.3,,,72.0,246.0,24.709,1.0,Oklahoma,2021.0,2021.0,NE,120.0,-4.0,0.16129032
2022,17,00-0036875,R.Stevenson,RB,NE,MIA,0,0,0.0,0,0.0,0.0,0.0,8,42.0,0,4,2,9.0,0,5.1,7.1,,,72.0,246.0,24.709,1.0,Oklahoma,2021.0,2021.0,NE,120.0,2.0,0.125
2022,18,00-0036875,R.Stevenson,RB,NE,BUF,0,0,0.0,0,0.0,0.0,0.0,6,54.0,0,6,5,28.0,0,8.2,13.2,,,72.0,246.0,24.709,1.0,Oklahoma,2021.0,2021.0,NE,120.0,,0.15384616
2022,1,00-0036876,K.Granson,TE,IND,HOU,0,0,0.0,0,0.0,0.0,0.0,0,0.0,0,7,3,22.0,0,2.2,5.2,,,75.0,235.0,24.617470588235296,1.0,Southern Methodist,2021.0,2021.0,IND,127.0,,0.14285715
2022,2,00-0036876,K.Granson,TE,IND,JAX,0,0,0.0,0,0.0,0.0,0.0,0,0.0,0,2,2,14.0,0,1.4,3.4,,,75.0,235.0,24.617470588235296,1.0,Southern Methodist,2021.0,2021.0,IND,127.0,,0.06896552
2022,3,00-0036876,K.Granson,TE,IND,KC,0,0,0.0,0,0.0,0.0,0.0,0,0.0,0,2,2,7.0,0,0.7,2.7,,,75.0,235.0,24.617470588235296,1.0,Southern Methodist,2021.0,2021.0,IND,127.0,3.0,0.055555556
2022,4,00-0036876,K.Granson,TE,IND,TEN,0,0,0.0,0,0.0,0.0,0.0,0,0.0,0,4,4,62.0,0,6.2,10.2,,,75.0,235.0,24.617470588235296,1.0,Southern Methodist,2021.0,2021.0,IND,127.0,-7.0,0.11111111
2022,5,00-0036876,K.Granson,TE,IND,DEN,0,0,0.0,0,0.0,0.0,0.0,0,0.0,0,3,1,16.0,0,1.6,2.6,,,75.0,235.0,24.617470588235296,1.0,Southern Methodist,2021.0,2021.0,IND,127.0,,0.083333336
2022,6,00-0036876,K.Granson,TE,IND,JAX,0,0,0.0,0,0.0,0.0,0.0,0,0.0,0,4,4,38.0,0,3.8,7.8,,,75.0,235.0,24.617470588235296,1.0,Southern Methodist,2021.0,2021.0,IND,127.0,7.0,0.071428575
2022,7,00-0036876,K.Granson,TE,IND,TEN,0,0,0.0,0,0.0,0.0,0.0,0,0.0,0,1,1,6.0,0,0.6,1.6,,,75.0,235.0,24.617470588235296,1.0,Southern Methodist,2021.0,2021.0,IND,127.0,,0.024390243
2022,8,00-0036876,K.Granson,TE,IND,WAS,0,0,0.0,0,0.0,0.0,0.0,0,0.0,0,3,3,11.0,0,1.1,4.1,,,75.0,235.0,24.617470588235296,1.0,Southern Methodist,2021.0,2021.0,IND,127.0,-1.0,0.13043478
2022,9,00-0036876,K.Granson,TE,IND,NE,0,0,0.0,0,0.0,0.0,0.0,1,0.0,0,1,0,0.0,0,0.0,0.0,,,75.0,235.0,24.617470588235296,1.0,Southern Methodist,2021.0,2021.0,IND,127.0,,0.035714287
2022,10,00-0036876,K.Granson,TE,IND,LV,0,0,0.0,0,0.0,0.0,0.0,0,0.0,0,4,4,57.0,0,5.7,9.7,,,75.0,235.0,24.617470588235296,1.0,Southern Methodist,2021.0,2021.0,IND,127.0,,0.14814815
2022,11,00-0036876,K.Granson,TE,IND,PHI,0,0,0.0,0,0.0,0.0,0.0,0,0.0,0,1,1,16.0,0,1.6,2.6,,,75.0,235.0,24.617470588235296,1.0,Southern Methodist,2021.0,2021.0,IND,127.0,-1.0,0.032258064
2022,13,00-0036876,K.Granson,TE,IND,DAL,0,0,0.0,0,0.0,0.0,0.0,0,0.0,0,6,4,19.0,0,1.9,5.9,,,75.0,235.0,24.617470588235296,1.0,Southern Methodist,2021.0,2021.0,IND,127.0,,0.17142858
2022,15,00-0036876,K.Granson,TE,IND,MIN,0,0,0.0,0,0.0,0.0,0.0,0,0.0,0,2,2,34.0,0,3.4,5.4,,,75.0,235.0,24.617470588235296,1.0,Southern Methodist,2021.0,2021.0,IND,127.0,,0.06451613
2022,1,00-0036877,J.Darden,WR,TB,DAL,0,0,0.0,0,0.0,0.0,0.0,1,2.0,0,0,0,0.0,0,0.2,0.2,,,68.0,174.0,23.81835294117647,1.0,North Texas,2021.0,2021.0,TB,129.0,,
2022,3,00-0036877,J.Darden,WR,TB,GB,0,0,0.0,0,0.0,0.0,0.0,0,0.0,0,1,1,25.0,0,2.5,3.5,,,68.0,174.0,23.81835294117647,1.0,North Texas,2021.0,2021.0,TB,129.0,-2.0,0.025
2022,7,00-0036877,J.Darden,WR,TB,CAR,0,0,0.0,0,0.0,0.0,0.0,0,0.0,0,1,1,1.0,0,0.1,1.1,,,68.0,174.0,23.81835294117647,1.0,North Texas,2021.0,2021.0,TB,129.0,,0.020833334
2022,8,00-0036879,S.Ehlinger,QB,IND,WAS,17,23,201.0,0,0.0,2.0,12.0,6,15.0,0,0,0,0.0,0,7.54,7.54,,,73.0,235.0,24.105470588235296,1.0,Texas,2021.0,2021.0,IND,218.0,-1.0,
2022,9,00-0036879,S.Ehlinger,QB,IND,NE,15,29,103.0,0,1.0,9.0,60.0,5,39.0,0,0,0,0.0,0,6.02,6.02,,,73.0,235.0,24.105470588235296,1.0,Texas,2021.0,2021.0,IND,218.0,,
2022,17,00-0036879,S.Ehlinger,QB,IND,NYG,9,14,60.0,1,0.0,1.0,8.0,1,12.0,0,0,0,0.0,0,7.6,7.6,,,73.0,235.0,24.105470588235296,1.0,Texas,2021.0,2021.0,IND,218.0,,
2022,18,00-0036879,S.Ehlinger,QB,IND,HOU,23,35,209.0,2,2.0,2.0,7.0,5,21.0,0,0,0,0.0,0,14.46,14.46,,,73.0,235.0,24.105470588235296,1.0,Texas,2021.0,2021.0,IND,218.0,-1.0,
2022,14,00-0036880,P.Sewell,T,DET,MIN,0,0,0.0,0,0.0,0.0,0.0,0,0.0,0,1,1,9.0,0,0.9,1.9,,,77.0,325.0,22.088176470588238,1.0,Oregon,2021.0,2021.0,DET,7.0,11.0,0.027777778
2022,6,00-0036887,L.Farrell,TE,JAX,IND,0,0,0.0,0,0.0,0.0,0.0,0,0.0,0,1,1,11.0,0,1.1,2.1,,,77.0,258.0,25.08957894736842,1.0,Ohio State,2021.0,2021.0,JAX,145.0,,0.045454547
2022,9,00-0036887,L.Farrell,TE,JAX,LV,0,0,0.0,0,0.0,0.0,0.0,0,0.0,0,1,1,15.0,0,1.5,2.5,,,77.0,258.0,25.08957894736842,1.0,Ohio State,2021.0,2021.0,JAX,145.0,7.0,0.03448276
2022,13,00-0036887,L.Farrell,TE,JAX,DET,0,0,0.0,0,0.0,0.0,0.0,0,0.0,0,1,1,3.0,0,0.3,1.3,,,77.0,258.0,25.08957894736842,1.0,Ohio State,2021.0,2021.0,JAX,145.0,,0.030303031
2022,18,00-0036887,L.Farrell,TE,JAX,TEN,0,0,0.0,0,0.0,0.0,0.0,0,0.0,0,1,1,11.0,0,1.1,2.1,,,77.0,258.0,25.08957894736842,1.0,Ohio State,2021.0,2021.0,JAX,145.0,4.0,0.03448276
2022,1,00-0036893,N.Harris,RB,PIT,CIN,0,0,0.0,0,0.0,0.0,0.0,10,23.0,0,2,2,3.0,1,8.6,10.6,,,73.0,230.0,24.672176470588237,1.0,Alabama,2021.0,2021.0,PIT,24.0,,0.054054055
2022,2,00-0036893,N.Harris,RB,PIT,NE,0,0,0.0,0,0.0,0.0,0.0,15,49.0,0,6,5,40.0,0,8.9,13.9,,,73.0,230.0,24.672176470588237,1.0,Alabama,2021.0,2021.0,PIT,24.0,-3.0,0.1875
2022,3,00-0036893,N.Harris,RB,PIT,CLE,0,0,0.0,0,0.0,0.0,0.0,15,56.0,1,3,3,5.0,0,10.1,13.1,,,73.0,230.0,24.672176470588237,1.0,Alabama,2021.0,2021.0,PIT,24.0,,0.09375
2022,4,00-0036893,N.Harris,RB,PIT,NYJ,0,0,0.0,0,0.0,0.0,0.0,18,74.0,0,0,0,0.0,0,7.4,7.4,,,73.0,230.0,24.672176470588237,1.0,Alabama,2021.0,2021.0,PIT,24.0,-4.0,
2022,5,00-0036893,N.Harris,RB,PIT,BUF,0,0,0.0,0,0.0,0.0,0.0,11,20.0,0,4,3,16.0,0,3.6,6.6,,,73.0,230.0,24.672176470588237,1.0,Alabama,2021.0,2021.0,PIT,24.0,,0.078431375
2022,6,00-0036893,N.Harris,RB,PIT,TB,0,0,0.0,0,0.0,0.0,0.0,14,42.0,0,3,2,7.0,1,10.9,12.9,,,73.0,230.0,24.672176470588237,1.0,Alabama,2021.0,2021.0,PIT,24.0,2.0,0.11111111
2022,7,00-0036893,N.Harris,RB,PIT,MIA,0,0,0.0,0,0.0,0.0,0.0,17,65.0,0,4,3,15.0,0,8.0,11.0,,,73.0,230.0,24.672176470588237,1.0,Alabama,2021.0,2021.0,PIT,24.0,,0.0952381
2022,8,00-0036893,N.Harris,RB,PIT,PHI,1,1,4.0,0,0.0,0.0,-0.0,8,32.0,0,6,6,26.0,0,5.96,11.96,,,73.0,230.0,24.672176470588237,1.0,Alabama,2021.0,2021.0,PIT,24.0,,0.15
2022,10,00-0036893,N.Harris,RB,PIT,NO,0,0,0.0,0,0.0,0.0,0.0,20,99.0,0,1,0,0.0,0,9.9,9.9,,,73.0,230.0,24.672176470588237,1.0,Alabama,2021.0,2021.0,PIT,24.0,10.0,0.03846154
2022,11,00-0036893,N.Harris,RB,PIT,CIN,0,0,0.0,0,0.0,0.0,0.0,20,90.0,2,6,4,26.0,0,23.6,27.6,,,73.0,230.0,24.672176470588237,1.0,Alabama,2021.0,2021.0,PIT,24.0,-7.0,0.15789473
2022,12,00-0036893,N.Harris,RB,PIT,IND,0,0,0.0,0,0.0,0.0,0.0,10,35.0,1,1,1,4.0,0,9.9,10.9,,,73.0,230.0,24.672176470588237,1.0,Alabama,2021.0,2021.0,PIT,24.0,,0.035714287
2022,13,00-0036893,N.Harris,RB,PIT,ATL,0,0,0.0,0,0.0,0.0,0.0,17,86.0,0,1,1,6.0,0,9.2,10.2,,,73.0,230.0,24.672176470588237,1.0,Alabama,2021.0,2021.0,PIT,24.0,,0.037037037
2022,14,00-0036893,N.Harris,RB,PIT,BAL,0,0,0.0,0,0.0,0.0,0.0,12,33.0,1,3,2,17.0,0,11.0,13.0,,,73.0,230.0,24.672176470588237,1.0,Alabama,2021.0,2021.0,PIT,24.0,-2.0,0.09677419
2022,15,00-0036893,N.Harris,RB,PIT,CAR,0,0,0.0,0,0.0,0.0,0.0,24,86.0,1,0,0,0.0,0,14.6,14.6,,,73.0,230.0,24.672176470588237,1.0,Alabama,2021.0,2021.0,PIT,24.0,,
2022,16,00-0036893,N.Harris,RB,PIT,LV,0,0,0.0,0,0.0,0.0,0.0,16,53.0,0,9,6,42.0,0,9.5,15.5,,,73.0,230.0,24.672176470588237,1.0,Alabama,2021.0,2021.0,PIT,24.0,3.0,0.25
2022,17,00-0036893,N.Harris,RB,PIT,BAL,0,0,0.0,0,0.0,0.0,0.0,22,111.0,0,3,2,12.0,1,18.3,20.3,,,73.0,230.0,24.672176470588237,1.0,Alabama,2021.0,2021.0,PIT,24.0,,0.11111111
2022,18,00-0036893,N.Harris,RB,PIT,CLE,0,0,0.0,0,0.0,0.0,0.0,23,80.0,1,1,1,10.0,0,13.0,14.0,,,73.0,230.0,24.672176470588237,1.0,Alabama,2021.0,2021.0,PIT,24.0,14.0,0.035714287
2022,1,00-0036894,P.Freiermuth,TE,PIT,CIN,0,0,0.0,0,0.0,0.0,0.0,0,0.0,0,10,5,75.0,0,7.5,12.5,,,77.0,258.0,24.04258823529412,1.0,Penn State,2021.0,2021.0,PIT,55.0,,0.27027026
2022,2,00-0036894,P.Freiermuth,TE,PIT,NE,0,0,0.0,0,0.0,0.0,0.0,0,0.0,0,7,4,22.0,1,8.2,12.2,,,77.0,258.0,24.04258823529412,1.0,Penn State,2021.0,2021.0,PIT,55.0,-3.0,0.21875
2022,3,00-0036894,P.Freiermuth,TE,PIT,CLE,0,0,0.0,0,0.0,0.0,0.0,0,0.0,0,4,2,41.0,0,4.1,6.1,,,77.0,258.0,24.04258823529412,1.0,Penn State,2021.0,2021.0,PIT,55.0,,0.125
2022,4,00-0036894,P.Freiermuth,TE,PIT,NYJ,0,0,0.0,0,0.0,0.0,0.0,0,0.0,0,9,7,85.0,0,8.5,15.5,,,77.0,258.0,24.04258823529412,1.0,Penn State,2021.0,2021.0,PIT,55.0,-4.0,0.36
2022,5,00-0036894,P.Freiermuth,TE,PIT,BUF,0,0,0.0,0,0.0,0.0,0.0,0,0.0,0,2,2,12.0,0,1.2,3.2,,,77.0,258.0,24.04258823529412,1.0,Penn State,2021.0,2021.0,PIT,55.0,,0.039215688
2022,7,00-0036894,P.Freiermuth,TE,PIT,MIA,0,0,0.0,0,0.0,0.0,0.0,0,0.0,0,9,8,75.0,0,7.5,15.5,,,77.0,258.0,24.04258823529412,1.0,Penn State,2021.0,2021.0,PIT,55.0,,0.21428572
2022,8,00-0036894,P.Freiermuth,TE,PIT,PHI,0,0,0.0,0,0.0,0.0,0.0,0,0.0,0,7,4,57.0,0,5.7,9.7,,,77.0,258.0,24.04258823529412,1.0,Penn State,2021.0,2021.0,PIT,55.0,,0.175
2022,10,00-0036894,P.Freiermuth,TE,PIT,NO,0,0,0.0,0,0.0,0.0,0.0,0,0.0,0,7,4,36.0,0,3.6,7.6,,,77.0,258.0,24.04258823529412,1.0,Penn State,2021.0,2021.0,PIT,55.0,10.0,0.26923078
2022,11,00-0036894,P.Freiermuth,TE,PIT,CIN,0,0,0.0,0,0.0,0.0,0.0,0,0.0,0,12,8,79.0,0,7.9,15.9,,,77.0,258.0,24.04258823529412,1.0,Penn State,2021.0,2021.0,PIT,55.0,-7.0,0.31578946
2022,12,00-0036894,P.Freiermuth,TE,PIT,IND,0,0,0.0,0,0.0,0.0,0.0,0,0.0,0,4,3,39.0,0,3.9,6.9,,,77.0,258.0,24.04258823529412,1.0,Penn State,2021.0,2021.0,PIT,55.0,,0.14285715
2022,13,00-0036894,P.Freiermuth,TE,PIT,ATL,0,0,0.0,0,0.0,0.0,0.0,0,0.0,0,5,3,76.0,0,7.6,10.6,,,77.0,258.0,24.04258823529412,1.0,Penn State,2021.0,2021.0,PIT,55.0,,0.18518518
2022,14,00-0036894,P.Freiermuth,TE,PIT,BAL,0,0,0.0,0,0.0,0.0,0.0,0,0.0,0,6,3,33.0,1,9.3,12.3,,,77.0,258.0,24.04258823529412,1.0,Penn State,2021.0,2021.0,PIT,55.0,-2.0,0.19354838
2022,16,00-0036894,P.Freiermuth,TE,PIT,LV,0,0,0.0,0,0.0,0.0,0.0,0,0.0,0,8,7,66.0,0,6.6,13.6,,,77.0,258.0,24.04258823529412,1.0,Penn State,2021.0,2021.0,PIT,55.0,3.0,0.22222222
2022,17,00-0036894,P.Freiermuth,TE,PIT,BAL,0,0,0.0,0,0.0,0.0,0.0,0,0.0,0,6,3,36.0,0,3.6,6.6,,,77.0,258.0,24.04258823529412,1.0,Penn State,2021.0,2021.0,PIT,55.0,,0.22222222
2022,18,00-0036894,P.Freiermuth,TE,PIT,CLE,0,0,0.0,0,0.0,0.0,0.0,0,0.0,0,2,0,0.0,0,0.0,0.0,,,77.0,258.0,24.04258823529412,1.0,Penn State,2021.0,2021.0,PIT,55.0,14.0,0.071428575
2022,1,00-0036898,D.Mills,QB,HOU,IND,23,37,240.0,2,0.0,3.0,18.0,2,-1.0,0,0,0,0.0,0,15.5,15.5,,,76.0,225.0,24.05664705882353,1.0,Stanford,2021.0,2021.0,HOU,67.0,0.0,
2022,2,00-0036898,D.Mills,QB,HOU,DEN,19,38,177.0,0,0.0,3.0,23.0,2,1.0,0,0,0,0.0,0,7.18,7.18,,,76.0,225.0,24.05664705882353,1.0,Stanford,2021.0,2021.0,HOU,67.0,,
2022,3,00-0036898,D.Mills,QB,HOU,CHI,20,32,245.0,1,2.0,1.0,8.0,0,0.0,0,0,0,0.0,0,9.8,9.8,,,76.0,225.0,24.05664705882353,1.0,Stanford,2021.0,2021.0,HOU,67.0,,
2022,4,00-0036898,D.Mills,QB,HOU,LAC,26,35,246.0,2,2.0,4.0,31.0,0,0.0,0,0,0,0.0,0,13.84,13.84,,,76.0,225.0,24.05664705882353,1.0,Stanford,2021.0,2021.0,HOU,67.0,-10.0,
2022,5,00-0036898,D.Mills,QB,HOU,JAX,16,24,140.0,0,0.0,1.0,8.0,2,2.0,0,0,0,0.0,0,5.8,5.8,,,76.0,225.0,24.05664705882353,1.0,Stanford,2021.0,2021.0,HOU,67.0,,
2022,7,00-0036898,D.Mills,QB,HOU,LV,28,41,302.0,2,1.0,1.0,6.0,0,0.0,0,0,0,0.0,0,18.08,18.08,,,76.0,225.0,24.05664705882353,1.0,Stanford,2021.0,2021.0,HOU,67.0,,
2022,8,00-0036898,D.Mills,QB,HOU,TEN,17,29,152.0,1,1.0,3.0,34.0,3,8.0,0,0,0,0.0,0,8.88,8.88,,,76.0,225.0,24.05664705882353,1.0,Stanford,2021.0,2021.0,HOU,67.0,-7.0,
2022,9,00-0036898,D.Mills,QB,HOU,PHI,13,22,154.0,2,2.0,3.0,19.0,3,18.0,0,0,0,0.0,0,11.96,11.96,,,76.0,225.0,24.05664705882353,1.0,Stanford,2021.0,2021.0,HOU,67.0,-12.0,
2022,10,00-0036898,D.Mills,QB,HOU,NYG,22,37,319.0,1,1.0,4.0,33.0,0,0.0,0,0,0,0.0,0,14.76,14.76,,,76.0,225.0,24.05664705882353,1.0,Stanford,2021.0,2021.0,HOU,67.0,,
2022,11,00-0036898,D.Mills,QB,HOU,WAS,19,33,169.0,0,2.0,5.0,42.0,5,10.0,1,0,0,0.0,0,9.76,9.76,,,76.0,225.0,24.05664705882353,1.0,Stanford,2021.0,2021.0,HOU,67.0,-13.0,
2022,14,00-0036898,D.Mills,QB,HOU,DAL,16,21,175.0,0,1.0,0.0,-0.0,1,2.0,0,0,0,0.0,0,5.2,5.2,,,76.0,225.0,24.05664705882353,1.0,Stanford,2021.0,2021.0,HOU,67.0,,
2022,15,00-0036898,D.Mills,QB,HOU,KC,12,24,121.0,2,0.0,0.0,-0.0,5,21.0,1,0,0,0.0,0,18.94,18.94,,,76.0,225.0,24.05664705882353,1.0,Stanford,2021.0,2021.0,HOU,67.0,-6.0,
2022,16,00-0036898,D.Mills,QB,HOU,TEN,17,28,178.0,1,1.0,1.0,3.0,4,8.0,0,0,0,0.0,0,9.92,9.92,,,76.0,225.0,24.05664705882353,1.0,Stanford,2021.0,2021.0,HOU,67.0,,
2022,17,00-0036898,D.Mills,QB,HOU,JAX,22,40,202.0,0,0.0,1.0,9.0,4,33.0,0,0,0,0.0,0,9.38,9.38,,,76.0,225.0,24.05664705882353,1.0,Stanford,2021.0,2021.0,HOU,67.0,-28.0,
2022,18,00-0036898,D.Mills,QB,HOU,IND,22,38,298.0,3,2.0,1.0,10.0,1,6.0,0,0,0,0.0,0,22.52,22.52,,,76.0,225.0,24.05664705882353,1.0,Stanford,2021.0,2021.0,HOU,67.0,,
2022,1,00-0036900,J.Chase,WR,CIN,PIT,0,0,0.0,0,0.0,0.0,0.0,0,0.0,0,16,10,129.0,1,18.9,28.9,,,72.0,200.0,22.716052631578947,1.0,Louisiana State,2021.0,2021.0,CIN,5.0,-3.0,0.3018868
2022,2,00-0036900,J.Chase,WR,CIN,DAL,0,0,0.0,0,0.0,0.0,0.0,1,4.0,0,9,5,54.0,0,5.8,10.8,,,72.0,200.0,22.716052631578947,1.0,Louisiana State,2021.0,2021.0,CIN,5.0,,0.25714287
2022,3,00-0036900,J.Chase,WR,CIN,NYJ,0,0,0.0,0,0.0,0.0,0.0,2,-2.0,0,10,6,29.0,1,6.7,12.7,,,72.0,200.0,22.716052631578947,1.0,Louisiana State,2021.0,2021.0,CIN,5.0,,0.2857143
2022,4,00-0036900,J.Chase,WR,CIN,MIA,0,0,0.0,0,0.0,0.0,0.0,0,0.0,0,6,4,81.0,0,8.1,12.1,,,72.0,200.0,22.716052631578947,1.0,Louisiana State,2021.0,2021.0,CIN,5.0,12.0,0.1875
2022,5,00-0036900,J.Chase,WR,CIN,BAL,0,0,0.0,0,0.0,0.0,0.0,1,0.0,0,12,7,50.0,0,5.0,12.0,,,72.0,200.0,22.716052631578947,1.0,Louisiana State,2021.0,2021.0,CIN,5.0,,0.3529412
2022,6,00-0036900,J.Chase,WR,CIN,NO,0,0,0.0,0,0.0,0.0,0.0,0,0.0,0,10,7,132.0,2,25.2,32.2,,,72.0,200.0,22.716052631578947,1.0,Louisiana State,2021.0,2021.0,CIN,5.0,,0.2777778
2022,7,00-0036900,J.Chase,WR,CIN,ATL,0,0,0.0,0,0.0,0.0,0.0,0,0.0,0,11,8,130.0,2,25.0,33.0,,,72.0,200.0,22.716052631578947,1.0,Louisiana State,2021.0,2021.0,CIN,5.0,18.0,0.26190478
2022,13,00-0036900,J.Chase,WR,CIN,KC,0,0,0.0,0,0.0,0.0,0.0,0,0.0,0,8,7,97.0,0,9.7,16.7,,,72.0,200.0,22.716052631578947,1.0,Louisiana State,2021.0,2021.0,CIN,5.0,3.0,0.2580645
2022,14,00-0036900,J.Chase,WR,CIN,CLE,0,0,0.0,0,0.0,1.0,9.0,1,6.0,0,15,10,119.0,1,18.5,28.5,,,72.0,200.0,22.716052631578947,1.0,Louisiana State,2021.0,2021.0,CIN,5.0,13.0,0.46875
2022,15,00-0036900,J.Chase,WR,CIN,TB,0,0,0.0,0,0.0,0.0,0.0,0,0.0,0,13,7,60.0,1,12.0,19.0,,,72.0,200.0,22.716052631578947,1.0,Louisiana State,2021.0,2021.0,CIN,5.0,,0.34210527
2022,16,00-0036900,J.Chase,WR,CIN,NE,0,0,0.0,0,0.0,0.0,0.0,0,0.0,0,11,8,79.0,0,5.9,13.9,,,72.0,200.0,22.716052631578947,1.0,Louisiana State,2021.0,2021.0,CIN,5.0,,0.2244898
2022,18,00-0036900,J.Chase,WR,CIN,BAL,0,0,0.0,0,0.0,0.0,0.0,0,0.0,0,13,8,86.0,1,14.6,22.6,,,72.0,200.0,22.716052631578947,1.0,Louisiana State,2021.0,2021.0,CIN,5.0,11.0,0.325
2022,19,00-0036900,J.Chase,WR,CIN,BAL,0,0,0.0,0,0.0,0.0,0.0,0,0.0,0,12,9,84.0,1,14.4,23.4,,,72.0,200.0,22.716052631578947,1.0,Louisiana State,2021.0,2021.0,CIN,5.0,7.0,0.375
2022,20,00-0036900,J.Chase,WR,CIN,BUF,0,0,0.0,0,0.0,0.0,0.0,1,3.0,0,8,5,61.0,1,12.4,17.4,,,72.0,200.0,22.716052631578947,1.0,Louisiana State,2021.0,2021.0,CIN,5.0,,0.25
2022,21,00-0036900,J.Chase,WR,CIN,KC,0,0,0.0,0,0.0,0.0,0.0,0,0.0,0,8,6,75.0,0,7.5,13.5,,,72.0,200.0,22.716052631578947,1.0,Louisiana State,2021.0,2021.0,CIN,5.0,,0.21621622
2022,1,00-0036906,K.Herbert,RB,CHI,SF,0,0,0.0,0,0.0,0.0,0.0,9,45.0,1,1,1,-2.0,0,10.3,11.3,,,69.0,212.0,24.548823529411763,1.0,Virginia Tech,2021.0,2021.0,CHI,217.0,9.0,0.05882353
2022,2,00-0036906,K.Herbert,RB,CHI,GB,0,0,0.0,0,0.0,0.0,0.0,4,38.0,0,1,1,3.0,0,4.1,5.1,,,69.0,212.0,24.548823529411763,1.0,Virginia Tech,2021.0,2021.0,CHI,217.0,,0.09090909
2022,3,00-0036906,K.Herbert,RB,CHI,HOU,0,0,0.0,0,0.0,0.0,0.0,20,157.0,2,2,2,12.0,0,28.9,30.9,,,69.0,212.0,24.548823529411763,1.0,Virginia Tech,2021.0,2021.0,CHI,217.0,3.0,0.125
2022,4,00-0036906,K.Herbert,RB,CHI,NYG,0,0,0.0,0,0.0,0.0,0.0,19,77.0,0,1,1,24.0,0,10.1,11.1,,,69.0,212.0,24.548823529411763,1.0,Virginia Tech,2021.0,2021.0,CHI,217.0,,0.05
2022,5,00-0036906,K.Herbert,RB,CHI,MIN,0,0,0.0,0,0.0,0.0,0.0,4,11.0,0,0,0,0.0,0,1.1,1.1,,,69.0,212.0,24.548823529411763,1.0,Virginia Tech,2021.0,2021.0,CHI,217.0,,
2022,6,00-0036906,K.Herbert,RB,CHI,WAS,0,0,0.0,0,0.0,0.0,0.0,7,74.0,0,0,0,0.0,0,7.4,7.4,,,69.0,212.0,24.548823529411763,1.0,Virginia Tech,2021.0,2021.0,CHI,217.0,-5.0,
2022,7,00-0036906,K.Herbert,RB,CHI,NE,0,0,0.0,0,0.0,0.0,0.0,12,62.0,0,2,1,25.0,1,14.7,15.7,,,69.0,212.0,24.548823529411763,1.0,Virginia Tech,2021.0,2021.0,CHI,217.0,,0.0952381
2022,8,00-0036906,K.Herbert,RB,CHI,DAL,0,0,0.0,0,0.0,0.0,0.0,16,99.0,1,0,0,0.0,0,15.9,15.9,,,69.0,212.0,24.548823529411763,1.0,Virginia Tech,2021.0,2021.0,CHI,217.0,,
2022,9,00-0036906,K.Herbert,RB,CHI,MIA,0,0,0.0,0,0.0,0.0,0.0,7,23.0,0,0,0,0.0,0,2.3,2.3,,,69.0,212.0,24.548823529411763,1.0,Virginia Tech,2021.0,2021.0,CHI,217.0,-3.0,
2022,10,00-0036906,K.Herbert,RB,CHI,DET,0,0,0.0,0,0.0,0.0,0.0,10,57.0,0,0,0,0.0,0,5.7,5.7,,,69.0,212.0,24.548823529411763,1.0,Virginia Tech,2021.0,2021.0,CHI,217.0,-1.0,
2022,16,00-0036906,K.Herbert,RB,CHI,BUF,0,0,0.0,0,0.0,0.0,0.0,6,7.0,0,3,2,-4.0,0,0.3,2.3,,,69.0,212.0,24.548823529411763,1.0,Virginia Tech,2021.0,2021.0,CHI,217.0,-22.0,0.12
2022,17,00-0036906,K.Herbert,RB,CHI,DET,0,0,0.0,0,0.0,0.0,0.0,5,31.0,0,0,0,0.0,0,3.1,3.1,,,69.0,212.0,24.548823529411763,1.0,Virginia Tech,2021.0,2021.0,CHI,217.0,,
2022,18,00-0036906,K.Herbert,RB,CHI,MIN,0,0,0.0,0,0.0,0.0,0.0,10,50.0,0,2,1,-1.0,0,4.9,5.9,,,69.0,212.0,24.548823529411763,1.0,Virginia Tech,2021.0,2021.0,CHI,217.0,-16.0,0.074074075
2022,1,00-0036912,D.Smith,WR,PHI,DET,0,0,0.0,0,0.0,0.0,0.0,0,0.0,0,4,0,0.0,0,0.0,0.0,,,72.0,165.0,24.023699999999998,1.0,Alabama,2021.0,2021.0,PHI,10.0,,0.13793103
2022,2,00-0036912,D.Smith,WR,PHI,MIN,0,0,0.0,0,0.0,0.0,0.0,0,0.0,0,7,7,80.0,0,8.0,15.0,,,72.0,165.0,24.023699999999998,1.0,Alabama,2021.0,2021.0,PHI,10.0,17.0,0.22580644
2022,3,00-0036912,D.Smith,WR,PHI,WAS,0,0,0.0,0,0.0,0.0,0.0,0,0.0,0,12,8,169.0,1,22.9,30.9,,,72.0,165.0,24.023699999999998,1.0,Alabama,2021.0,2021.0,PHI,10.0,,0.3529412
2022,4,00-0036912,D.Smith,WR,PHI,JAX,0,0,0.0,0,0.0,0.0,0.0,0,0.0,0,4,3,17.0,0,1.7,4.7,,,72.0,165.0,24.023699999999998,1.0,Alabama,2021.0,2021.0,PHI,10.0,8.0,0.16666667
2022,5,00-0036912,D.Smith,WR,PHI,ARI,0,0,0.0,0,0.0,0.0,0.0,0,0.0,0,11,10,87.0,0,8.7,18.7,,,72.0,165.0,24.023699999999998,1.0,Alabama,2021.0,2021.0,PHI,10.0,,0.32352942
2022,6,00-0036912,D.Smith,WR,PHI,DAL,0,0,0.0,0,0.0,0.0,0.0,0,0.0,0,5,5,44.0,1,10.4,15.4,,,72.0,165.0,24.023699999999998,1.0,Alabama,2021.0,2021.0,PHI,10.0,9.0,0.22727273
2022,8,00-0036912,D.Smith,WR,PHI,PIT,0,0,0.0,0,0.0,0.0,0.0,0,0.0,0,8,5,23.0,0,2.3,7.3,,,72.0,165.0,24.023699999999998,1.0,Alabama,2021.0,2021.0,PHI,10.0,22.0,0.26666668
2022,9,00-0036912,D.Smith,WR,PHI,HOU,0,0,0.0,0,0.0,0.0,0.0,0,0.0,0,2,2,22.0,0,2.2,4.2,,,72.0,165.0,24.023699999999998,1.0,Alabama,2021.0,2021.0,PHI,10.0,,0.08
2022,10,00-0036912,D.Smith,WR,PHI,WAS,0,0,0.0,0,0.0,0.0,0.0,0,0.0,0,8,6,39.0,1,7.9,13.9,,,72.0,165.0,24.023699999999998,1.0,Alabama,2021.0,2021.0,PHI,10.0,-11.0,0.32
2022,11,00-0036912,D.Smith,WR,PHI,IND,0,0,0.0,0,0.0,0.0,0.0,0,0.0,0,9,6,78.0,0,7.8,13.8,,,72.0,165.0,24.023699999999998,1.0,Alabama,2021.0,2021.0,PHI,10.0,,0.39130434
2022,12,00-0036912,D.Smith,WR,PHI,GB,0,0,0.0,0,0.0,0.0,0.0,0,0.0,0,9,4,50.0,0,5.0,9.0,,,72.0,165.0,24.023699999999998,1.0,Alabama,2021.0,2021.0,PHI,10.0,7.0,0.36
2022,13,00-0036912,D.Smith,WR,PHI,TEN,0,0,0.0,0,0.0,0.0,0.0,0,0.0,0,8,5,102.0,1,16.2,21.2,,,72.0,165.0,24.023699999999998,1.0,Alabama,2021.0,2021.0,PHI,10.0,25.0,0.21052632
2022,14,00-0036912,D.Smith,WR,PHI,NYG,0,0,0.0,0,0.0,0.0,0.0,0,0.0,0,8,5,64.0,1,12.4,17.4,,,72.0,165.0,24.023699999999998,1.0,Alabama,2021.0,2021.0,PHI,10.0,,0.2580645
2022,15,00-0036912,D.Smith,WR,PHI,CHI,0,0,0.0,0,0.0,0.0,0.0,0,0.0,0,8,5,126.0,0,12.6,17.6,,,72.0,165.0,24.023699999999998,1.0,Alabama,2021.0,2021.0,PHI,10.0,,0.21621622
2022,16,00-0036912,D.Smith,WR,PHI,DAL,0,0,0.0,0,0.0,0.0,0.0,0,0.0,0,12,8,113.0,2,23.3,31.3,,,72.0,165.0,24.023699999999998,1.0,Alabama,2021.0,2021.0,PHI,10.0,,0.3529412
2022,17,00-0036912,D.Smith,WR,PHI,NO,0,0,0.0,0,0.0,0.0,0.0,0,0.0,0,13,9,115.0,0,11.5,20.5,,,72.0,165.0,24.023699999999998,1.0,Alabama,2021.0,2021.0,PHI,10.0,-10.0,0.40625
2022,18,00-0036912,D.Smith,WR,PHI,NYG,0,0,0.0,0,0.0,0.0,0.0,0,0.0,0,8,7,67.0,0,6.7,13.7,,,72.0,165.0,24.023699999999998,1.0,Alabama,2021.0,2021.0,PHI,10.0,6.0,0.2580645
2022,20,00-0036912,D.Smith,WR,PHI,NYG,0,0,0.0,0,0.0,0.0,0.0,0,0.0,0,10,6,61.0,1,12.1,18.1,,,72.0,165.0,24.023699999999998,1.0,Alabama,2021.0,2021.0,PHI,10.0,31.0,0.41666666
2022,21,00-0036912,D.Smith,WR,PHI,SF,0,0,0.0,0,0.0,0.0,0.0,0,0.0,0,3,2,36.0,0,3.6,5.6,,,72.0,165.0,24.023699999999998,1.0,Alabama,2021.0,2021.0,PHI,10.0,24.0,0.125
2022,22,00-0036912,D.Smith,WR,PHI,KC,0,0,0.0,0,0.0,0.0,0.0,0,0.0,0,9,7,100.0,0,10.0,17.0,,,72.0,165.0,24.023699999999998,1.0,Alabama,2021.0,2021.0,PHI,10.0,-3.0,0.2647059
2022,1,00-0036913,K.Toney,WR,NYG,TEN,0,0,0.0,0,0.0,0.0,0.0,2,23.0,0,0,0,0.0,0,2.3,2.3,,,72.0,193.0,23.817142857142855,1.0,Florida,2021.0,2021.0,NYG,20.0,,
2022,2,00-0036913,K.Toney,WR,NYG,CAR,0,0,0.0,0,0.0,0.0,0.0,0,0.0,0,3,2,0.0,0,0.0,2.0,,,72.0,193.0,23.817142857142855,1.0,Florida,2021.0,2021.0,NYG,20.0,3.0,0.09375
2022,9,00-0036913,K.Toney,WR,KC,TEN,0,0,0.0,0,0.0,0.0,0.0,0,0.0,0,2,2,12.0,0,1.2,3.2,,,72.0,193.0,23.817142857142855,1.0,Florida,2021.0,2021.0,NYG,20.0,3.0,0.032258064
2022,10,00-0036913,K.Toney,WR,KC,JAX,0,0,0.0,0,0.0,0.0,0.0,2,33.0,0,5,4,57.0,1,15.0,19.0,,,72.0,193.0,23.817142857142855,1.0,Florida,2021.0,2021.0,NYG,20.0,10.0,0.14285715
2022,11,00-0036913,K.Toney,WR,KC,LAC,0,0,0.0,0,0.0,0.0,0.0,0,0.0,0,1,0,0.0,0,0.0,0.0,,,72.0,193.0,23.817142857142855,1.0,Florida,2021.0,2021.0,NYG,20.0,,0.032258064
2022,15,00-0036913,K.Toney,WR,KC,HOU,0,0,0.0,0,0.0,0.0,0.0,0,0.0,0,1,1,5.0,0,0.5,1.5,,,72.0,193.0,23.817142857142855,1.0,Florida,2021.0,2021.0,NYG,20.0,,0.024390243
2022,16,00-0036913,K.Toney,WR,KC,SEA,0,0,0.0,0,0.0,0.0,0.0,0,0.0,0,2,1,8.0,1,6.8,7.8,,,72.0,193.0,23.817142857142855,1.0,Florida,2021.0,2021.0,NYG,20.0,14.0,0.074074075
2022,17,00-0036913,K.Toney,WR,KC,DEN,0,0,0.0,0,0.0,0.0,0.0,0,0.0,0,4,4,71.0,0,7.1,11.1,,,72.0,193.0,23.817142857142855,1.0,Florida,2021.0,2021.0,NYG,20.0,3.0,0.09756097
2022,18,00-0036913,K.Toney,WR,KC,LV,0,0,0.0,0,0.0,0.0,0.0,3,26.0,1,2,2,18.0,0,10.4,12.4,,,72.0,193.0,23.817142857142855,1.0,Florida,2021.0,2021.0,NYG,20.0,,0.083333336
2022,20,00-0036913,K.Toney,WR,KC,JAX,0,0,0.0,0,0.0,0.0,0.0,1,14.0,0,7,5,36.0,0,5.0,10.0,,,72.0,193.0,23.817142857142855,1.0,Florida,2021.0,2021.0,NYG,20.0,7.0,0.2
2022,21,00-0036913,K.Toney,WR,KC,CIN,0,0,0.0,0,0.0,0.0,0.0,0,0.0,0,2,1,9.0,0,0.9,1.9,,,72.0,193.0,23.817142857142855,1.0,Florida,2021.0,2021.0,NYG,20.0,3.0,0.048780486
2022,22,00-0036913,K.Toney,WR,KC,PHI,0,0,0.0,0,0.0,0.0,0.0,0,0.0,0,1,1,5.0,1,6.5,7.5,,,72.0,193.0,23.817142857142855,1.0,Florida,2021.0,2021.0,NYG,20.0,,0.04
2022,12,00-0036918,J.Harris,WR,LA,KC,0,0,0.0,0,0.0,0.0,0.0,0,0.0,0,1,1,6.0,0,0.6,1.6,,,77.0,211.0,25.569529411764705,1.0,Central Florida,2021.0,2021.0,LA,141.0,,0.041666668
2022,1,00-0036919,K.Gainwell,RB,PHI,DET,0,0,0.0,0,0.0,0.0,0.0,5,20.0,1,4,2,12.0,0,9.2,11.2,,,69.0,191.0,23.69515,1.0,Memphis,2021.0,2021.0,PHI,150.0,,0.13793103
2022,2,00-0036919,K.Gainwell,RB,PHI,MIN,0,0,0.0,0,0.0,0.0,0.0,2,7.0,0,2,1,11.0,0,1.8,2.8,,,69.0,191.0,23.69515,1.0,Memphis,2021.0,2021.0,PHI,150.0,17.0,0.06451613
2022,3,00-0036919,K.Gainwell,RB,PHI,WAS,0,0,0.0,0,0.0,0.0,0.0,3,6.0,0,0,0,0.0,0,0.6,0.6,,,69.0,191.0,23.69515,1.0,Memphis,2021.0,2021.0,PHI,150.0,,
2022,4,00-0036919,K.Gainwell,RB,PHI,JAX,0,0,0.0,0,0.0,0.0,0.0,5,19.0,1,2,1,-2.0,0,7.7,8.7,,,69.0,191.0,23.69515,1.0,Memphis,2021.0,2021.0,PHI,150.0,8.0,0.083333336
2022,5,00-0036919,K.Gainwell,RB,PHI,ARI,0,0,0.0,0,0.0,0.0,0.0,3,20.0,0,0,0,0.0,0,2.0,2.0,,,69.0,191.0,23.69515,1.0,Memphis,2021.0,2021.0,PHI,150.0,,
2022,6,00-0036919,K.Gainwell,RB,PHI,DAL,0,0,0.0,0,0.0,0.0,0.0,5,25.0,0,0,0,0.0,0,2.5,2.5,,,69.0,191.0,23.69515,1.0,Memphis,2021.0,2021.0,PHI,150.0,9.0,
2022,8,00-0036919,K.Gainwell,RB,PHI,PIT,0,0,0.0,0,0.0,0.0,0.0,1,3.0,0,1,1,8.0,0,1.1,2.1,,,69.0,191.0,23.69515,1.0,Memphis,2021.0,2021.0,PHI,150.0,22.0,0.033333335
2022,9,00-0036919,K.Gainwell,RB,PHI,HOU,0,0,0.0,0,0.0,0.0,0.0,4,22.0,1,3,3,16.0,0,9.8,12.8,,,69.0,191.0,23.69515,1.0,Memphis,2021.0,2021.0,PHI,150.0,,0.12
2022,10,00-0036919,K.Gainwell,RB,PHI,WAS,0,0,0.0,0,0.0,0.0,0.0,1,7.0,0,2,1,5.0,0,1.2,2.2,,,69.0,191.0,23.69515,1.0,Memphis,2021.0,2021.0,PHI,150.0,-11.0,0.08
2022,11,00-0036919,K.Gainwell,RB,PHI,IND,0,0,0.0,0,0.0,0.0,0.0,1,0.0,0,0,0,0.0,0,0.0,0.0,,,69.0,191.0,23.69515,1.0,Memphis,2021.0,2021.0,PHI,150.0,,
2022,12,00-0036919,K.Gainwell,RB,PHI,GB,0,0,0.0,0,0.0,0.0,0.0,8,39.0,1,1,1,7.0,0,10.6,11.6,,,69.0,191.0,23.69515,1.0,Memphis,2021.0,2021.0,PHI,150.0,7.0,0.04
2022,13,00-0036919,K.Gainwell,RB,PHI,TEN,0,0,0.0,0,0.0,0.0,0.0,3,15.0,0,4,3,38.0,0,5.3,8.3,,,69.0,191.0,23.69515,1.0,Memphis,2021.0,2021.0,PHI,150.0,25.0,0.10526316
2022,14,00-0036919,K.Gainwell,RB,PHI,NYG,0,0,0.0,0,0.0,0.0,0.0,0,0.0,0,1,1,0.0,0,0.0,1.0,,,69.0,191.0,23.69515,1.0,Memphis,2021.0,2021.0,PHI,150.0,,0.032258064
2022,15,00-0036919,K.Gainwell,RB,PHI,CHI,0,0,0.0,0,0.0,0.0,0.0,3,5.0,0,2,2,9.0,0,1.4,3.4,,,69.0,191.0,23.69515,1.0,Memphis,2021.0,2021.0,PHI,150.0,,0.054054055
2022,16,00-0036919,K.Gainwell,RB,PHI,DAL,0,0,0.0,0,0.0,0.0,0.0,4,17.0,0,4,4,41.0,0,5.8,9.8,,,69.0,191.0,23.69515,1.0,Memphis,2021.0,2021.0,PHI,150.0,,0.11764706
2022,17,00-0036919,K.Gainwell,RB,PHI,NO,0,0,0.0,0,0.0,0.0,0.0,0,0.0,0,2,2,17.0,0,1.7,3.7,,,69.0,191.0,23.69515,1.0,Memphis,2021.0,2021.0,PHI,150.0,-10.0,0.0625
2022,18,00-0036919,K.Gainwell,RB,PHI,NYG,0,0,0.0,0,0.0,0.0,0.0,5,35.0,0,1,1,7.0,0,4.2,5.2,,,69.0,191.0,23.69515,1.0,Memphis,2021.0,2021.0,PHI,150.0,6.0,0.032258064
2022,20,00-0036919,K.Gainwell,RB,PHI,NYG,0,0,0.0,0,0.0,0.0,0.0,12,112.0,1,2,1,9.0,0,18.1,19.1,,,69.0,191.0,23.69515,1.0,Memphis,2021.0,2021.0,PHI,150.0,31.0,0.083333336
2022,21,00-0036919,K.Gainwell,RB,PHI,SF,0,0,0.0,0,0.0,0.0,0.0,14,48.0,0,3,2,26.0,0,7.4,9.4,,,69.0,191.0,23.69515,1.0,Memphis,2021.0,2021.0,PHI,150.0,24.0,0.125
2022,22,00-0036919,K.Gainwell,RB,PHI,KC,0,0,0.0,0,0.0,0.0,0.0,7,21.0,0,4,4,20.0,0,4.1,8.1,,,69.0,191.0,23.69515,1.0,Memphis,2021.0,2021.0,PHI,150.0,-3.0,0.11764706
2022,1,00-0036924,M.Carter,RB,NYJ,BAL,0,0,0.0,0,0.0,0.0,0.0,10,60.0,0,9,7,40.0,0,10.0,17.0,,,68.0,200.0,23.51029411764706,1.0,North Carolina,2021.0,2021.0,NYJ,107.0,-15.0,0.15789473
2022,2,00-0036924,M.Carter,RB,NYJ,CLE,0,0,0.0,0,0.0,0.0,0.0,7,23.0,0,5,5,27.0,0,5.0,10.0,,,68.0,200.0,23.51029411764706,1.0,North Carolina,2021.0,2021.0,NYJ,107.0,,0.11627907
2022,3,00-0036924,M.Carter,RB,NYJ,CIN,0,0,0.0,0,0.0,0.0,0.0,11,39.0,0,2,1,7.0,0,4.6,5.6,,,68.0,200.0,23.51029411764706,1.0,North Carolina,2021.0,2021.0,NYJ,107.0,-15.0,0.041666668
2022,4,00-0036924,M.Carter,RB,NYJ,PIT,0,0,0.0,0,0.0,0.0,0.0,9,15.0,0,3,2,14.0,0,2.9,4.9,,,68.0,200.0,23.51029411764706,1.0,North Carolina,2021.0,2021.0,NYJ,107.0,,0.09090909
2022,5,00-0036924,M.Carter,RB,NYJ,MIA,0,0,0.0,0,0.0,0.0,0.0,10,21.0,2,2,2,12.0,0,15.3,17.3,,,68.0,200.0,23.51029411764706,1.0,North Carolina,2021.0,2021.0,NYJ,107.0,23.0,0.0952381
2022,6,00-0036924,M.Carter,RB,NYJ,GB,0,0,0.0,0,0.0,0.0,0.0,6,41.0,0,1,1,6.0,0,4.7,5.7,,,68.0,200.0,23.51029411764706,1.0,North Carolina,2021.0,2021.0,NYJ,107.0,,0.05882353
2022,7,00-0036924,M.Carter,RB,NYJ,DEN,0,0,0.0,0,0.0,0.0,0.0,13,29.0,0,2,2,45.0,0,7.4,9.4,,,68.0,200.0,23.51029411764706,1.0,North Carolina,2021.0,2021.0,NYJ,107.0,,0.08695652
2022,8,00-0036924,M.Carter,RB,NYJ,NE,0,0,0.0,0,0.0,0.0,0.0,7,26.0,0,7,4,35.0,0,6.1,10.1,,,68.0,200.0,23.51029411764706,1.0,North Carolina,2021.0,2021.0,NYJ,107.0,-5.0,0.20588236
2022,9,00-0036924,M.Carter,RB,NYJ,BUF,0,0,0.0,0,0.0,0.0,0.0,12,76.0,1,1,1,10.0,0,14.6,15.6,,,68.0,200.0,23.51029411764706,1.0,North Carolina,2021.0,2021.0,NYJ,107.0,3.0,0.041666668
2022,11,00-0036924,M.Carter,RB,NYJ,NE,0,0,0.0,0,0.0,0.0,0.0,8,19.0,0,2,1,-2.0,0,1.7,2.7,,,68.0,200.0,23.51029411764706,1.0,North Carolina,2021.0,2021.0,NYJ,107.0,,0.1
2022,12,00-0036924,M.Carter,RB,NYJ,CHI,0,0,0.0,0,0.0,0.0,0.0,6,21.0,0,2,2,15.0,0,3.6,5.6,,,68.0,200.0,23.51029411764706,1.0,North Carolina,2021.0,2021.0,NYJ,107.0,21.0,0.071428575
2022,14,00-0036924,M.Carter,RB,NYJ,BUF,0,0,0.0,0,0.0,0.0,0.0,5,5.0,0,6,3,15.0,0,0.0,3.0,,,68.0,200.0,23.51029411764706,1.0,North Carolina,2021.0,2021.0,NYJ,107.0,,0.13636364
2022,15,00-0036924,M.Carter,RB,NYJ,DET,0,0,0.0,0,0.0,0.0,0.0,4,15.0,0,1,1,16.0,0,3.1,4.1,,,68.0,200.0,23.51029411764706,1.0,North Carolina,2021.0,2021.0,NYJ,107.0,-3.0,0.029411765
2022,16,00-0036924,M.Carter,RB,NYJ,JAX,0,0,0.0,0,0.0,0.0,0.0,2,6.0,0,5,5,44.0,0,5.0,10.0,,,68.0,200.0,23.51029411764706,1.0,North Carolina,2021.0,2021.0,NYJ,107.0,-16.0,0.16666667
2022,17,00-0036924,M.Carter,RB,NYJ,SEA,0,0,0.0,0,0.0,0.0,0.0,1,2.0,0,3,2,3.0,0,0.5,2.5,,,68.0,200.0,23.51029411764706,1.0,North Carolina,2021.0,2021.0,NYJ,107.0,,0.06666667
2022,18,00-0036924,M.Carter,RB,NYJ,MIA,0,0,0.0,0,0.0,0.0,0.0,3,4.0,0,3,2,1.0,0,0.5,2.5,,,68.0,200.0,23.51029411764706,1.0,North Carolina,2021.0,2021.0,NYJ,107.0,,0.09375
2022,18,00-0036928,K.Trask,QB,TB,ATL,3,9,23.0,0,0.0,0.0,-0.0,0,0.0,0,0,0,0.0,0,0.92,0.92,,,77.0,240.0,24.688666666666666,1.0,Florida,2021.0,2021.0,TB,64.0,,
2022,4,00-0036936,R.Moore,WR,ARI,CAR,0,0,0.0,0,0.0,0.0,0.0,1,-4.0,0,5,3,11.0,0,0.7,3.7,,,67.0,180.0,22.41470588235294,1.0,Purdue,2021.0,2021.0,ARI,49.0,,0.16129032
2022,5,00-0036936,R.Moore,WR,ARI,PHI,0,0,0.0,0,0.0,0.0,0.0,2,-7.0,0,8,7,68.0,0,6.1,13.1,,,67.0,180.0,22.41470588235294,1.0,Purdue,2021.0,2021.0,ARI,49.0,-3.0,0.21052632
2022,6,00-0036936,R.Moore,WR,ARI,SEA,0,0,0.0,0,0.0,0.0,0.0,0,0.0,0,10,6,49.0,0,4.9,10.9,,,67.0,180.0,22.41470588235294,1.0,Purdue,2021.0,2021.0,ARI,49.0,,0.2777778
2022,7,00-0036936,R.Moore,WR,ARI,NO,0,0,0.0,0,0.0,0.0,0.0,0,0.0,0,2,1,31.0,0,3.1,4.1,,,67.0,180.0,22.41470588235294,1.0,Purdue,2021.0,2021.0,ARI,49.0,8.0,0.06896552
2022,8,00-0036936,R.Moore,WR,ARI,MIN,0,0,0.0,0,0.0,0.0,0.0,2,12.0,0,8,7,92.0,1,16.4,23.4,,,67.0,180.0,22.41470588235294,1.0,Purdue,2021.0,2021.0,ARI,49.0,,0.18604651
2022,9,00-0036936,R.Moore,WR,ARI,SEA,0,0,0.0,0,0.0,0.0,0.0,0,0.0,0,10,8,69.0,0,6.9,14.9,,,67.0,180.0,22.41470588235294,1.0,Purdue,2021.0,2021.0,ARI,49.0,-10.0,0.3030303
2022,10,00-0036936,R.Moore,WR,ARI,LA,0,0,0.0,0,0.0,0.0,0.0,0,0.0,0,13,9,94.0,0,9.4,18.4,,,67.0,180.0,22.41470588235294,1.0,Purdue,2021.0,2021.0,ARI,49.0,,0.37142858
2022,11,00-0036936,R.Moore,WR,ARI,SF,0,0,0.0,0,0.0,0.0,0.0,1,-6.0,0,0,0,0.0,0,-0.6,-0.6,,,67.0,180.0,22.41470588235294,1.0,Purdue,2021.0,2021.0,ARI,49.0,-28.0,
2022,1,00-0036945,J.Fields,QB,CHI,SF,8,17,121.0,2,1.0,2.0,16.0,11,28.0,0,0,0,0.0,0,13.64,13.64,,,75.0,223.0,23.67829411764706,1.0,Ohio State,2021.0,2021.0,CHI,11.0,9.0,
2022,2,00-0036945,J.Fields,QB,CHI,GB,7,11,70.0,0,1.0,3.0,22.0,8,20.0,1,0,0,0.0,0,8.8,8.8,,,75.0,223.0,23.67829411764706,1.0,Ohio State,2021.0,2021.0,CHI,11.0,,
2022,3,00-0036945,J.Fields,QB,CHI,HOU,8,17,106.0,0,2.0,5.0,24.0,8,47.0,0,0,0,0.0,0,4.94,4.94,,,75.0,223.0,23.67829411764706,1.0,Ohio State,2021.0,2021.0,CHI,11.0,3.0,
2022,4,00-0036945,J.Fields,QB,CHI,NYG,11,22,174.0,0,0.0,6.0,19.0,7,52.0,0,0,0,0.0,0,10.16,10.16,,,75.0,223.0,23.67829411764706,1.0,Ohio State,2021.0,2021.0,CHI,11.0,,
2022,5,00-0036945,J.Fields,QB,CHI,MIN,15,21,208.0,1,0.0,2.0,15.0,8,47.0,0,0,0,0.0,0,17.02,17.02,,,75.0,223.0,23.67829411764706,1.0,Ohio State,2021.0,2021.0,CHI,11.0,,
2022,6,00-0036945,J.Fields,QB,CHI,WAS,14,27,190.0,1,1.0,5.0,36.0,12,88.0,0,0,0,0.0,0,18.4,18.4,,,75.0,223.0,23.67829411764706,1.0,Ohio State,2021.0,2021.0,CHI,11.0,-5.0,
2022,7,00-0036945,J.Fields,QB,CHI,NE,13,21,179.0,1,1.0,4.0,32.0,14,82.0,1,0,0,0.0,0,23.36,23.36,,,75.0,223.0,23.67829411764706,1.0,Ohio State,2021.0,2021.0,CHI,11.0,,
2022,8,00-0036945,J.Fields,QB,CHI,DAL,17,23,151.0,2,0.0,4.0,25.0,8,60.0,1,0,0,0.0,0,26.04,26.04,,,75.0,223.0,23.67829411764706,1.0,Ohio State,2021.0,2021.0,CHI,11.0,,
2022,9,00-0036945,J.Fields,QB,CHI,MIA,17,28,123.0,3,0.0,2.0,7.0,15,178.0,1,0,0,0.0,0,42.72,42.72,,,75.0,223.0,23.67829411764706,1.0,Ohio State,2021.0,2021.0,CHI,11.0,-3.0,
2022,10,00-0036945,J.Fields,QB,CHI,DET,12,20,167.0,2,1.0,3.0,17.0,13,147.0,2,0,0,0.0,0,39.38,39.38,,,75.0,223.0,23.67829411764706,1.0,Ohio State,2021.0,2021.0,CHI,11.0,-1.0,
2022,11,00-0036945,J.Fields,QB,CHI,ATL,14,21,153.0,1,1.0,4.0,25.0,18,85.0,1,0,0,0.0,0,22.62,22.62,,,75.0,223.0,23.67829411764706,1.0,Ohio State,2021.0,2021.0,CHI,11.0,,
2022,13,00-0036945,J.Fields,QB,CHI,GB,20,25,254.0,0,2.0,0.0,-0.0,6,71.0,1,0,0,0.0,0,19.26,19.26,,,75.0,223.0,23.67829411764706,1.0,Ohio State,2021.0,2021.0,CHI,11.0,-9.0,
2022,15,00-0036945,J.Fields,QB,CHI,PHI,14,21,152.0,2,0.0,6.0,61.0,15,95.0,0,0,0,0.0,0,23.58,23.58,,,75.0,223.0,23.67829411764706,1.0,Ohio State,2021.0,2021.0,CHI,11.0,-5.0,
2022,16,00-0036945,J.Fields,QB,CHI,BUF,15,23,119.0,1,0.0,2.0,15.0,7,11.0,0,0,0,0.0,0,9.86,9.86,,,75.0,223.0,23.67829411764706,1.0,Ohio State,2021.0,2021.0,CHI,11.0,-22.0,
2022,17,00-0036945,J.Fields,QB,CHI,DET,7,21,75.0,1,1.0,7.0,45.0,10,132.0,0,0,0,0.0,0,16.2,16.2,,,75.0,223.0,23.67829411764706,1.0,Ohio State,2021.0,2021.0,CHI,11.0,,
2022,1,00-0036950,A.Williams,RB,ATL,NO,0,0,0.0,0,0.0,0.0,0.0,2,7.0,0,1,1,8.0,0,1.5,2.5,,,69.0,195.0,24.316000000000003,1.0,Boise State,2021.0,2021.0,ATL,183.0,-1.0,0.03125
2022,2,00-0036950,A.Williams,RB,ATL,LA,0,0,0.0,0,0.0,0.0,0.0,0,0.0,0,1,1,6.0,0,0.6,1.6,,,69.0,195.0,24.316000000000003,1.0,Boise State,2021.0,2021.0,ATL,183.0,,0.04
2022,3,00-0036950,A.Williams,RB,ATL,SEA,0,0,0.0,0,0.0,0.0,0.0,1,9.0,0,0,0,0.0,0,0.9,0.9,,,69.0,195.0,24.316000000000003,1.0,Boise State,2021.0,2021.0,ATL,183.0,,
2022,4,00-0036950,A.Williams,RB,ATL,CLE,0,0,0.0,0,0.0,0.0,0.0,1,21.0,0,0,0,0.0,0,2.1,2.1,,,69.0,195.0,24.316000000000003,1.0,Boise State,2021.0,2021.0,ATL,183.0,3.0,
2022,5,00-0036950,A.Williams,RB,ATL,TB,0,0,0.0,0,0.0,0.0,0.0,3,11.0,1,2,2,10.0,0,8.1,10.1,,,69.0,195.0,24.316000000000003,1.0,Boise State,2021.0,2021.0,ATL,183.0,,0.083333336
2022,6,00-0036950,A.Williams,RB,ATL,SF,0,0,0.0,0,0.0,0.0,0.0,2,6.0,0,1,1,2.0,0,0.8,1.8,,,69.0,195.0,24.316000000000003,1.0,Boise State,2021.0,2021.0,ATL,183.0,14.0,0.071428575
2022,7,00-0036950,A.Williams,RB,ATL,CIN,0,0,0.0,0,0.0,0.0,0.0,1,4.0,0,1,0,0.0,0,0.4,0.4,,,69.0,195.0,24.316000000000003,1.0,Boise State,2021.0,2021.0,ATL,183.0,,0.083333336
2022,8,00-0036950,A.Williams,RB,ATL,CAR,0,0,0.0,0,0.0,0.0,0.0,0,0.0,0,2,2,7.0,0,0.7,2.7,,,69.0,195.0,24.316000000000003,1.0,Boise State,2021.0,2021.0,ATL,183.0,3.0,0.071428575
2022,9,00-0036950,A.Williams,RB,ATL,LAC,0,0,0.0,0,0.0,0.0,0.0,0,0.0,0,1,1,2.0,0,0.2,1.2,,,69.0,195.0,24.316000000000003,1.0,Boise State,2021.0,2021.0,ATL,183.0,-3.0,0.04347826
2022,10,00-0036950,A.Williams,RB,ATL,CAR,0,0,0.0,0,0.0,0.0,0.0,4,25.0,0,0,0,0.0,0,2.5,2.5,,,69.0,195.0,24.316000000000003,1.0,Boise State,2021.0,2021.0,ATL,183.0,,
2022,15,00-0036950,A.Williams,RB,ATL,NO,0,0,0.0,0,0.0,0.0,0.0,0,0.0,0,2,2,10.0,0,1.0,3.0,,,69.0,195.0,24.316000000000003,1.0,Boise State,2021.0,2021.0,ATL,183.0,,0.07692308
2022,16,00-0036950,A.Williams,RB,ATL,BAL,0,0,0.0,0,0.0,0.0,0.0,3,16.0,0,2,2,14.0,0,3.0,5.0,,,69.0,195.0,24.316000000000003,1.0,Boise State,2021.0,2021.0,ATL,183.0,,0.06451613
2022,17,00-0036950,A.Williams,RB,ATL,ARI,0,0,0.0,0,0.0,0.0,0.0,1,-2.0,0,1,1,2.0,0,0.0,1.0,,,69.0,195.0,24.316000000000003,1.0,Boise State,2021.0,2021.0,ATL,183.0,1.0,0.04
2022,18,00-0036950,A.Williams,RB,ATL,TB,0,0,0.0,0,0.0,0.0,0.0,4,12.0,0,0,0,0.0,0,1.2,1.2,,,69.0,195.0,24.316000000000003,1.0,Boise State,2021.0,2021.0,ATL,183.0,13.0,
2022,18,00-0036951,F.Darby,WR,ATL,TB,0,0,0.0,0,0.0,0.0,0.0,0,0.0,0,1,1,15.0,0,1.5,2.5,,,73.0,200.0,25.16476470588235,1.0,Arizona State,2021.0,2021.0,ATL,187.0,13.0,0.035714287
2022,5,00-0036955,T.Marshall,WR,CAR,SF,0,0,0.0,0,0.0,0.0,0.0,0,0.0,0,4,4,30.0,0,3.0,7.0,,,74.0,200.0,22.41429411764706,1.0,Louisiana State,2021.0,2021.0,CAR,59.0,-22.0,0.1
2022,6,00-0036955,T.Marshall,WR,CAR,LA,0,0,0.0,0,0.0,0.0,0.0,0,0.0,0,1,0,0.0,0,0.0,0.0,,,74.0,200.0,22.41429411764706,1.0,Louisiana State,2021.0,2021.0,CAR,59.0,,0.04761905
2022,7,00-0036955,T.Marshall,WR,CAR,TB,0,0,0.0,0,0.0,0.0,0.0,0,0.0,0,3,2,31.0,0,3.1,5.1,,,74.0,200.0,22.41429411764706,1.0,Louisiana State,2021.0,2021.0,CAR,59.0,18.0,0.14285715
2022,8,00-0036955,T.Marshall,WR,CAR,ATL,0,0,0.0,0,0.0,0.0,0.0,0,0.0,0,9,4,87.0,0,8.7,12.7,,,74.0,200.0,22.41429411764706,1.0,Louisiana State,2021.0,2021.0,CAR,59.0,,0.25
2022,9,00-0036955,T.Marshall,WR,CAR,CIN,0,0,0.0,0,0.0,0.0,0.0,0,0.0,0,6,3,53.0,1,11.3,14.3,,,74.0,200.0,22.41429411764706,1.0,Louisiana State,2021.0,2021.0,CAR,59.0,,0.2
2022,10,00-0036955,T.Marshall,WR,CAR,ATL,0,0,0.0,0,0.0,0.0,0.0,0,0.0,0,2,1,43.0,0,4.3,5.3,,,74.0,200.0,22.41429411764706,1.0,Louisiana State,2021.0,2021.0,CAR,59.0,10.0,0.125
2022,11,00-0036955,T.Marshall,WR,CAR,BAL,0,0,0.0,0,0.0,0.0,0.0,0,0.0,0,6,3,76.0,0,7.6,10.6,,,74.0,200.0,22.41429411764706,1.0,Louisiana State,2021.0,2021.0,CAR,59.0,,0.19354838
2022,12,00-0036955,T.Marshall,WR,CAR,DEN,0,0,0.0,0,0.0,0.0,0.0,0,0.0,0,3,1,8.0,0,0.8,1.8,,,74.0,200.0,22.41429411764706,1.0,Louisiana State,2021.0,2021.0,CAR,59.0,13.0,0.1764706
2022,14,00-0036955,T.Marshall,WR,CAR,SEA,0,0,0.0,0,0.0,0.0,0.0,0,0.0,0,1,1,18.0,0,1.8,2.8,,,74.0,200.0,22.41429411764706,1.0,Louisiana State,2021.0,2021.0,CAR,59.0,,0.05
2022,15,00-0036955,T.Marshall,WR,CAR,PIT,0,0,0.0,0,0.0,0.0,0.0,0,0.0,0,3,3,51.0,0,5.1,8.1,,,74.0,200.0,22.41429411764706,1.0,Louisiana State,2021.0,2021.0,CAR,59.0,-8.0,0.15789473
2022,16,00-0036955,T.Marshall,WR,CAR,DET,0,0,0.0,0,0.0,0.0,0.0,0,0.0,0,3,2,55.0,0,5.5,7.5,,,74.0,200.0,22.41429411764706,1.0,Louisiana State,2021.0,2021.0,CAR,59.0,14.0,0.14285715
2022,17,00-0036955,T.Marshall,WR,CAR,TB,0,0,0.0,0,0.0,0.0,0.0,0,0.0,0,3,2,15.0,0,1.5,3.5,,,74.0,200.0,22.41429411764706,1.0,Louisiana State,2021.0,2021.0,CAR,59.0,,0.09677419
2022,18,00-0036955,T.Marshall,WR,CAR,NO,0,0,0.0,0,0.0,0.0,0.0,0,0.0,0,3,2,23.0,0,2.3,4.3,,,74.0,200.0,22.41429411764706,1.0,Louisiana State,2021.0,2021.0,CAR,59.0,,0.27272728
2022,4,00-0036959,M.Bandy,WR,LAC,HOU,0,0,0.0,0,0.0,0.0,0.0,0,0.0,0,2,2,49.0,0,4.9,6.9,,,70.0,190.0,24.940944444444444,1.0,San Diego,2021.0,2021.0,,,,0.054054055
2022,6,00-0036959,M.Bandy,WR,LAC,DEN,0,0,0.0,0,0.0,0.0,0.0,0,0.0,0,2,1,4.0,0,0.4,1.4,,,70.0,190.0,24.940944444444444,1.0,San Diego,2021.0,2021.0,,,3.0,0.036363635
2022,7,00-0036959,M.Bandy,WR,LAC,SEA,0,0,0.0,0,0.0,0.0,0.0,0,0.0,0,6,1,-5.0,0,-0.5,0.5,,,70.0,190.0,24.940944444444444,1.0,San Diego,2021.0,2021.0,,,-14.0,0.11764706
2022,9,00-0036959,M.Bandy,WR,LAC,ATL,0,0,0.0,0,0.0,0.0,0.0,0,0.0,0,8,5,26.0,0,2.6,7.6,,,70.0,190.0,24.940944444444444,1.0,San Diego,2021.0,2021.0,,,,0.18604651
2022,10,00-0036959,M.Bandy,WR,LAC,SF,0,0,0.0,0,0.0,0.0,0.0,0,0.0,0,1,0,0.0,0,0.0,0.0,,,70.0,190.0,24.940944444444444,1.0,San Diego,2021.0,2021.0,,,,0.028571429
2022,11,00-0036959,M.Bandy,WR,LAC,KC,0,0,0.0,0,0.0,0.0,0.0,0,0.0,0,1,0,0.0,0,0.0,0.0,,,70.0,190.0,24.940944444444444,1.0,San Diego,2021.0,2021.0,,,-3.0,0.03448276
2022,13,00-0036959,M.Bandy,WR,LAC,LV,0,0,0.0,0,0.0,0.0,0.0,0,0.0,0,1,1,15.0,0,1.5,2.5,,,70.0,190.0,24.940944444444444,1.0,San Diego,2021.0,2021.0,,,,0.022222223
2022,1,00-0036963,A.St. Brown,WR,DET,PHI,0,0,0.0,0,0.0,0.0,0.0,0,0.0,0,12,8,64.0,1,12.4,20.4,,,72.0,195.0,23.049176470588236,1.0,Southern California,2021.0,2021.0,DET,112.0,-3.0,0.3243243
2022,2,00-0036963,A.St. Brown,WR,DET,WAS,0,0,0.0,0,0.0,0.0,0.0,2,68.0,0,12,9,116.0,2,30.4,39.4,,,72.0,195.0,23.049176470588236,1.0,Southern California,2021.0,2021.0,DET,112.0,9.0,0.3529412
2022,3,00-0036963,A.St. Brown,WR,DET,MIN,0,0,0.0,0,0.0,0.0,0.0,0,0.0,0,9,6,73.0,0,7.3,13.3,,,72.0,195.0,23.049176470588236,1.0,Southern California,2021.0,2021.0,DET,112.0,,0.24324325
2022,5,00-0036963,A.St. Brown,WR,DET,NE,0,0,0.0,0,0.0,0.0,0.0,0,0.0,0,6,4,18.0,0,1.8,5.8,,,72.0,195.0,23.049176470588236,1.0,Southern California,2021.0,2021.0,DET,112.0,,0.19354838
2022,7,00-0036963,A.St. Brown,WR,DET,DAL,0,0,0.0,0,0.0,0.0,0.0,0,0.0,0,1,1,4.0,0,0.4,1.4,,,72.0,195.0,23.049176470588236,1.0,Southern California,2021.0,2021.0,DET,112.0,,0.04
2022,8,00-0036963,A.St. Brown,WR,DET,MIA,0,0,0.0,0,0.0,0.0,0.0,0,0.0,0,10,7,69.0,0,6.9,13.9,,,72.0,195.0,23.049176470588236,1.0,Southern California,2021.0,2021.0,DET,112.0,-4.0,0.27027026
2022,9,00-0036963,A.St. Brown,WR,DET,GB,0,0,0.0,0,0.0,0.0,0.0,0,0.0,0,9,4,55.0,0,5.5,9.5,,,72.0,195.0,23.049176470588236,1.0,Southern California,2021.0,2021.0,DET,112.0,6.0,0.375
2022,10,00-0036963,A.St. Brown,WR,DET,CHI,0,0,0.0,0,0.0,0.0,0.0,1,2.0,0,11,10,119.0,0,12.1,22.1,,,72.0,195.0,23.049176470588236,1.0,Southern California,2021.0,2021.0,DET,112.0,,0.44
2022,11,00-0036963,A.St. Brown,WR,DET,NYG,0,0,0.0,0,0.0,0.0,0.0,1,4.0,0,8,7,76.0,0,8.0,15.0,,,72.0,195.0,23.049176470588236,1.0,Southern California,2021.0,2021.0,DET,112.0,,0.32
2022,12,00-0036963,A.St. Brown,WR,DET,BUF,0,0,0.0,0,0.0,0.0,0.0,1,7.0,0,10,9,122.0,1,18.9,27.9,,,72.0,195.0,23.049176470588236,1.0,Southern California,2021.0,2021.0,DET,112.0,-3.0,0.2857143
2022,13,00-0036963,A.St. Brown,WR,DET,JAX,0,0,0.0,0,0.0,0.0,0.0,1,2.0,0,12,11,114.0,2,23.6,34.6,,,72.0,195.0,23.049176470588236,1.0,Southern California,2021.0,2021.0,DET,112.0,26.0,0.30769232
2022,14,00-0036963,A.St. Brown,WR,DET,MIN,0,0,0.0,0,0.0,0.0,0.0,1,6.0,0,9,6,68.0,0,7.4,13.4,,,72.0,195.0,23.049176470588236,1.0,Southern California,2021.0,2021.0,DET,112.0,11.0,0.25
2022,15,00-0036963,A.St. Brown,WR,DET,NYJ,0,0,0.0,0,0.0,0.0,0.0,1,6.0,0,10,7,76.0,0,8.2,15.2,,,72.0,195.0,23.049176470588236,1.0,Southern California,2021.0,2021.0,DET,112.0,,0.2777778
2022,16,00-0036963,A.St. Brown,WR,DET,CAR,0,0,0.0,0,0.0,0.0,0.0,1,0.0,0,13,7,76.0,0,7.6,14.6,,,72.0,195.0,23.049176470588236,1.0,Southern California,2021.0,2021.0,DET,112.0,,0.31707317
2022,17,00-0036963,A.St. Brown,WR,DET,CHI,0,0,0.0,0,0.0,0.0,0.0,0,0.0,0,5,4,62.0,0,6.2,10.2,,,72.0,195.0,23.049176470588236,1.0,Southern California,2021.0,2021.0,DET,112.0,31.0,0.1724138
2022,18,00-0036963,A.St. Brown,WR,DET,GB,0,0,0.0,0,0.0,0.0,0.0,0,0.0,0,9,6,49.0,0,4.9,10.9,,,72.0,195.0,23.049176470588236,1.0,Southern California,2021.0,2021.0,DET,112.0,,0.27272728
2022,1,00-0036970,K.Pitts,TE,ATL,NO,0,0,0.0,0,0.0,0.0,0.0,0,0.0,0,7,2,19.0,0,1.9,3.9,,,78.0,250.0,22.087352941176473,1.0,Florida,2021.0,2021.0,ATL,4.0,-1.0,0.21875
2022,2,00-0036970,K.Pitts,TE,ATL,LA,0,0,0.0,0,0.0,0.0,0.0,0,0.0,0,3,2,19.0,0,1.9,3.9,,,78.0,250.0,22.087352941176473,1.0,Florida,2021.0,2021.0,ATL,4.0,,0.12
2022,3,00-0036970,K.Pitts,TE,ATL,SEA,0,0,0.0,0,0.0,0.0,0.0,0,0.0,0,8,5,87.0,0,8.7,13.7,,,78.0,250.0,22.087352941176473,1.0,Florida,2021.0,2021.0,ATL,4.0,,0.42105263
2022,4,00-0036970,K.Pitts,TE,ATL,CLE,0,0,0.0,0,0.0,0.0,0.0,0,0.0,0,4,1,25.0,0,2.5,3.5,,,78.0,250.0,22.087352941176473,1.0,Florida,2021.0,2021.0,ATL,4.0,3.0,0.22222222
2022,6,00-0036970,K.Pitts,TE,ATL,SF,0,0,0.0,0,0.0,0.0,0.0,0,0.0,0,3,3,19.0,1,7.9,10.9,,,78.0,250.0,22.087352941176473,1.0,Florida,2021.0,2021.0,ATL,4.0,14.0,0.21428572
2022,7,00-0036970,K.Pitts,TE,ATL,CIN,0,0,0.0,0,0.0,0.0,0.0,0,0.0,0,5,3,9.0,0,0.9,3.9,,,78.0,250.0,22.087352941176473,1.0,Florida,2021.0,2021.0,ATL,4.0,,0.41666666
2022,8,00-0036970,K.Pitts,TE,ATL,CAR,0,0,0.0,0,0.0,0.0,0.0,0,0.0,0,9,5,80.0,1,14.0,19.0,,,78.0,250.0,22.087352941176473,1.0,Florida,2021.0,2021.0,ATL,4.0,3.0,0.32142857
2022,9,00-0036970,K.Pitts,TE,ATL,LAC,0,0,0.0,0,0.0,0.0,0.0,0,0.0,0,7,2,27.0,0,2.7,4.7,,,78.0,250.0,22.087352941176473,1.0,Florida,2021.0,2021.0,ATL,4.0,-3.0,0.3043478
2022,10,00-0036970,K.Pitts,TE,ATL,CAR,0,0,0.0,0,0.0,0.0,0.0,0,0.0,0,8,2,28.0,0,2.8,4.8,,,78.0,250.0,22.087352941176473,1.0,Florida,2021.0,2021.0,ATL,4.0,,0.27586207
2022,11,00-0036970,K.Pitts,TE,ATL,CHI,0,0,0.0,0,0.0,0.0,0.0,0,0.0,0,5,3,43.0,0,4.3,7.3,,,78.0,250.0,22.087352941176473,1.0,Florida,2021.0,2021.0,ATL,4.0,3.0,0.2777778
2022,1,00-0036971,T.Lawrence,QB,JAX,WAS,24,42,275.0,1,1.0,2.0,15.0,2,4.0,0,0,0,0.0,0,13.4,13.4,,,78.0,220.0,23.112894736842104,1.0,Clemson,2021.0,2021.0,JAX,1.0,,
2022,2,00-0036971,T.Lawrence,QB,JAX,IND,25,30,235.0,2,0.0,0.0,-0.0,3,11.0,0,0,0,0.0,0,18.5,18.5,,,78.0,220.0,23.112894736842104,1.0,Clemson,2021.0,2021.0,JAX,1.0,24.0,
2022,3,00-0036971,T.Lawrence,QB,JAX,LAC,28,39,262.0,3,0.0,0.0,-0.0,3,7.0,0,0,0,0.0,0,25.18,25.18,,,78.0,220.0,23.112894736842104,1.0,Clemson,2021.0,2021.0,JAX,1.0,,
2022,4,00-0036971,T.Lawrence,QB,JAX,PHI,11,23,174.0,2,1.0,4.0,26.0,2,7.0,0,0,0,0.0,0,5.66,5.66,,,78.0,220.0,23.112894736842104,1.0,Clemson,2021.0,2021.0,JAX,1.0,,
2022,5,00-0036971,T.Lawrence,QB,JAX,HOU,25,47,286.0,0,2.0,0.0,-0.0,4,29.0,0,0,0,0.0,0,10.34,10.34,,,78.0,220.0,23.112894736842104,1.0,Clemson,2021.0,2021.0,JAX,1.0,-7.0,
2022,6,00-0036971,T.Lawrence,QB,JAX,IND,20,22,165.0,1,0.0,4.0,29.0,6,23.0,2,0,0,0.0,0,24.9,24.9,,,78.0,220.0,23.112894736842104,1.0,Clemson,2021.0,2021.0,JAX,1.0,,
2022,7,00-0036971,T.Lawrence,QB,JAX,NYG,22,43,310.0,0,0.0,0.0,-0.0,4,3.0,1,0,0,0.0,0,18.7,18.7,,,78.0,220.0,23.112894736842104,1.0,Clemson,2021.0,2021.0,JAX,1.0,-6.0,
2022,8,00-0036971,T.Lawrence,QB,JAX,DEN,18,31,133.0,1,2.0,2.0,19.0,3,15.0,0,0,0,0.0,0,6.82,6.82,,,78.0,220.0,23.112894736842104,1.0,Clemson,2021.0,2021.0,JAX,1.0,-4.0,
2022,9,00-0036971,T.Lawrence,QB,JAX,LV,25,31,235.0,1,0.0,0.0,-0.0,6,53.0,0,0,0,0.0,0,16.7,16.7,,,78.0,220.0,23.112894736842104,1.0,Clemson,2021.0,2021.0,JAX,1.0,7.0,
2022,10,00-0036971,T.Lawrence,QB,JAX,KC,29,40,259.0,2,0.0,5.0,19.0,4,26.0,0,0,0,0.0,0,20.96,20.96,,,78.0,220.0,23.112894736842104,1.0,Clemson,2021.0,2021.0,JAX,1.0,,
2022,12,00-0036971,T.Lawrence,QB,JAX,BAL,29,37,321.0,3,0.0,4.0,27.0,2,1.0,0,0,0,0.0,0,24.94,24.94,,,78.0,220.0,23.112894736842104,1.0,Clemson,2021.0,2021.0,JAX,1.0,1.0,
2022,13,00-0036971,T.Lawrence,QB,JAX,DET,17,31,179.0,1,0.0,2.0,14.0,4,32.0,0,0,0,0.0,0,16.36,16.36,,,78.0,220.0,23.112894736842104,1.0,Clemson,2021.0,2021.0,JAX,1.0,,
2022,14,00-0036971,T.Lawrence,QB,JAX,TEN,30,42,368.0,3,0.0,0.0,-0.0,3,7.0,1,0,0,0.0,0,33.42,33.42,,,78.0,220.0,23.112894736842104,1.0,Clemson,2021.0,2021.0,JAX,1.0,,
2022,15,00-0036971,T.Lawrence,QB,JAX,DAL,27,42,318.0,4,1.0,1.0,7.0,3,21.0,0,0,0,0.0,0,26.82,26.82,,,78.0,220.0,23.112894736842104,1.0,Clemson,2021.0,2021.0,JAX,1.0,6.0,
2022,16,00-0036971,T.Lawrence,QB,JAX,NYJ,20,31,229.0,0,0.0,1.0,11.0,7,51.0,1,0,0,0.0,0,18.26,18.26,,,78.0,220.0,23.112894736842104,1.0,Clemson,2021.0,2021.0,JAX,1.0,,
2022,17,00-0036971,T.Lawrence,QB,JAX,HOU,17,21,152.0,0,1.0,1.0,8.0,2,4.0,0,0,0,0.0,0,4.48,4.48,,,78.0,220.0,23.112894736842104,1.0,Clemson,2021.0,2021.0,JAX,1.0,,
2022,18,00-0036971,T.Lawrence,QB,JAX,TEN,20,32,212.0,1,0.0,1.0,9.0,4,-3.0,0,0,0,0.0,0,10.18,10.18,,,78.0,220.0,23.112894736842104,1.0,Clemson,2021.0,2021.0,JAX,1.0,4.0,
2022,19,00-0036971,T.Lawrence,QB,JAX,LAC,28,47,288.0,4,4.0,2.0,15.0,1,8.0,0,0,0,0.0,0,22.32,22.32,,,78.0,220.0,23.112894736842104,1.0,Clemson,2021.0,2021.0,JAX,1.0,1.0,
2022,20,00-0036971,T.Lawrence,QB,JAX,KC,24,39,217.0,1,1.0,2.0,12.0,3,26.0,0,0,0,0.0,0,13.28,13.28,,,78.0,220.0,23.112894736842104,1.0,Clemson,2021.0,2021.0,JAX,1.0,,
2022,1,00-0036972,M.Jones,QB,NE,MIA,21,30,213.0,1,1.0,2.0,20.0,2,0.0,0,0,0,0.0,0,8.52,8.52,,,75.0,214.0,24.177941176470586,1.0,Alabama,2021.0,2021.0,NE,15.0,,
2022,2,00-0036972,M.Jones,QB,NE,PIT,21,35,252.0,1,1.0,0.0,-0.0,7,6.0,0,0,0,0.0,0,12.68,12.68,,,75.0,214.0,24.177941176470586,1.0,Alabama,2021.0,2021.0,NE,15.0,,
2022,3,00-0036972,M.Jones,QB,NE,BAL,22,32,321.0,0,3.0,3.0,19.0,5,31.0,1,0,0,0.0,0,15.94,15.94,,,75.0,214.0,24.177941176470586,1.0,Alabama,2021.0,2021.0,NE,15.0,-11.0,
2022,7,00-0036972,M.Jones,QB,NE,CHI,3,6,13.0,0,1.0,0.0,-0.0,3,24.0,0,0,0,0.0,0,0.92,0.92,,,75.0,214.0,24.177941176470586,1.0,Alabama,2021.0,2021.0,NE,15.0,-19.0,
2022,8,00-0036972,M.Jones,QB,NE,NYJ,24,35,194.0,1,1.0,6.0,33.0,7,19.0,0,0,0,0.0,0,11.66,11.66,,,75.0,214.0,24.177941176470586,1.0,Alabama,2021.0,2021.0,NE,15.0,,
2022,9,00-0036972,M.Jones,QB,NE,IND,20,30,147.0,1,0.0,4.0,14.0,1,-2.0,0,0,0,0.0,0,9.68,9.68,,,75.0,214.0,24.177941176470586,1.0,Alabama,2021.0,2021.0,NE,15.0,23.0,
2022,11,00-0036972,M.Jones,QB,NE,NYJ,23,27,246.0,0,0.0,6.0,48.0,2,3.0,0,0,0,0.0,0,10.14,10.14,,,75.0,214.0,24.177941176470586,1.0,Alabama,2021.0,2021.0,NE,15.0,7.0,
2022,12,00-0036972,M.Jones,QB,NE,MIN,28,39,382.0,2,0.0,3.0,18.0,0,0.0,0,0,0,0.0,0,23.28,23.28,,,75.0,214.0,24.177941176470586,1.0,Alabama,2021.0,2021.0,NE,15.0,,
2022,13,00-0036972,M.Jones,QB,NE,BUF,22,36,195.0,1,0.0,1.0,13.0,3,7.0,0,0,0,0.0,0,12.5,12.5,,,75.0,214.0,24.177941176470586,1.0,Alabama,2021.0,2021.0,NE,15.0,-14.0,
2022,14,00-0036972,M.Jones,QB,NE,ARI,24,35,235.0,0,1.0,1.0,10.0,5,-1.0,0,0,0,0.0,0,7.3,7.3,,,75.0,214.0,24.177941176470586,1.0,Alabama,2021.0,2021.0,NE,15.0,,
2022,15,00-0036972,M.Jones,QB,NE,LV,13,31,112.0,0,0.0,0.0,-0.0,4,10.0,0,0,0,0.0,0,7.48,7.48,,,75.0,214.0,24.177941176470586,1.0,Alabama,2021.0,2021.0,NE,15.0,,
2022,16,00-0036972,M.Jones,QB,NE,CIN,21,33,240.0,2,0.0,4.0,16.0,1,-1.0,0,0,0,0.0,0,17.5,17.5,,,75.0,214.0,24.177941176470586,1.0,Alabama,2021.0,2021.0,NE,15.0,-4.0,
2022,17,00-0036972,M.Jones,QB,NE,MIA,20,33,204.0,2,0.0,3.0,31.0,3,1.0,0,0,0,0.0,0,16.26,16.26,,,75.0,214.0,24.177941176470586,1.0,Alabama,2021.0,2021.0,NE,15.0,2.0,
2022,18,00-0036972,M.Jones,QB,NE,BUF,26,40,243.0,3,3.0,1.0,9.0,4,5.0,0,0,0,0.0,0,16.22,16.22,,,75.0,214.0,24.177941176470586,1.0,Alabama,2021.0,2021.0,NE,15.0,,
2022,1,00-0036973,T.Etienne,RB,JAX,WAS,0,0,0.0,0,0.0,0.0,0.0,4,47.0,0,4,2,18.0,0,6.5,8.5,,,70.0,200.0,23.80557894736842,1.0,Clemson,2021.0,2021.0,JAX,25.0,,0.10526316
2022,2,00-0036973,T.Etienne,RB,JAX,IND,0,0,0.0,0,0.0,0.0,0.0,9,20.0,0,3,3,33.0,0,5.3,8.3,,,70.0,200.0,23.80557894736842,1.0,Clemson,2021.0,2021.0,JAX,25.0,24.0,0.1
2022,3,00-0036973,T.Etienne,RB,JAX,LAC,0,0,0.0,0,0.0,0.0,0.0,13,45.0,0,3,3,30.0,0,7.5,10.5,,,70.0,200.0,23.80557894736842,1.0,Clemson,2021.0,2021.0,JAX,25.0,,0.078947365
2022,4,00-0036973,T.Etienne,RB,JAX,PHI,0,0,0.0,0,0.0,0.0,0.0,8,32.0,0,1,0,0.0,0,3.2,3.2,,,70.0,200.0,23.80557894736842,1.0,Clemson,2021.0,2021.0,JAX,25.0,,0.04347826
2022,5,00-0036973,T.Etienne,RB,JAX,HOU,0,0,0.0,0,0.0,0.0,0.0,10,71.0,0,5,3,43.0,0,11.4,14.4,,,70.0,200.0,23.80557894736842,1.0,Clemson,2021.0,2021.0,JAX,25.0,-7.0,0.11363637
2022,6,00-0036973,T.Etienne,RB,JAX,IND,0,0,0.0,0,0.0,0.0,0.0,10,86.0,0,2,2,22.0,0,8.8,10.8,,,70.0,200.0,23.80557894736842,1.0,Clemson,2021.0,2021.0,JAX,25.0,,0.09090909
2022,7,00-0036973,T.Etienne,RB,JAX,NYG,0,0,0.0,0,0.0,0.0,0.0,14,114.0,1,5,1,5.0,0,17.9,18.9,,,70.0,200.0,23.80557894736842,1.0,Clemson,2021.0,2021.0,JAX,25.0,-6.0,0.11627907
2022,8,00-0036973,T.Etienne,RB,JAX,DEN,0,0,0.0,0,0.0,0.0,0.0,24,156.0,1,3,3,6.0,0,22.2,25.2,,,70.0,200.0,23.80557894736842,1.0,Clemson,2021.0,2021.0,JAX,25.0,-4.0,0.10714286
2022,9,00-0036973,T.Etienne,RB,JAX,LV,0,0,0.0,0,0.0,0.0,0.0,28,109.0,2,2,2,17.0,0,24.6,26.6,,,70.0,200.0,23.80557894736842,1.0,Clemson,2021.0,2021.0,JAX,25.0,7.0,0.06896552
2022,10,00-0036973,T.Etienne,RB,JAX,KC,0,0,0.0,0,0.0,0.0,0.0,11,45.0,0,3,3,28.0,0,7.3,10.3,,,70.0,200.0,23.80557894736842,1.0,Clemson,2021.0,2021.0,JAX,25.0,,0.07692308
2022,12,00-0036973,T.Etienne,RB,JAX,BAL,0,0,0.0,0,0.0,0.0,0.0,2,3.0,0,0,0,0.0,0,0.3,0.3,,,70.0,200.0,23.80557894736842,1.0,Clemson,2021.0,2021.0,JAX,25.0,1.0,
2022,13,00-0036973,T.Etienne,RB,JAX,DET,0,0,0.0,0,0.0,0.0,0.0,13,54.0,0,3,3,12.0,0,4.6,7.6,,,70.0,200.0,23.80557894736842,1.0,Clemson,2021.0,2021.0,JAX,25.0,,0.09090909
2022,14,00-0036973,T.Etienne,RB,JAX,TEN,0,0,0.0,0,0.0,0.0,0.0,17,32.0,0,0,0,0.0,0,3.2,3.2,,,70.0,200.0,23.80557894736842,1.0,Clemson,2021.0,2021.0,JAX,25.0,,
2022,15,00-0036973,T.Etienne,RB,JAX,DAL,0,0,0.0,0,0.0,0.0,0.0,19,103.0,0,3,2,24.0,0,10.7,12.7,,,70.0,200.0,23.80557894736842,1.0,Clemson,2021.0,2021.0,JAX,25.0,6.0,0.07317073
2022,16,00-0036973,T.Etienne,RB,JAX,NYJ,0,0,0.0,0,0.0,0.0,0.0,22,83.0,0,3,3,29.0,0,11.2,14.2,,,70.0,200.0,23.80557894736842,1.0,Clemson,2021.0,2021.0,JAX,25.0,,0.1
2022,17,00-0036973,T.Etienne,RB,JAX,HOU,0,0,0.0,0,0.0,0.0,0.0,9,108.0,1,3,3,32.0,0,20.0,23.0,,,70.0,200.0,23.80557894736842,1.0,Clemson,2021.0,2021.0,JAX,25.0,,0.10714286
2022,18,00-0036973,T.Etienne,RB,JAX,TEN,0,0,0.0,0,0.0,0.0,0.0,7,17.0,0,2,2,17.0,0,3.4,5.4,,,70.0,200.0,23.80557894736842,1.0,Clemson,2021.0,2021.0,JAX,25.0,4.0,0.06896552
2022,19,00-0036973,T.Etienne,RB,JAX,LAC,0,0,0.0,0,0.0,0.0,0.0,20,109.0,0,1,1,12.0,0,12.1,13.1,,,70.0,200.0,23.80557894736842,1.0,Clemson,2021.0,2021.0,JAX,25.0,1.0,0.02173913
2022,20,00-0036973,T.Etienne,RB,JAX,KC,0,0,0.0,0,0.0,0.0,0.0,10,62.0,1,3,3,18.0,0,14.0,17.0,,,70.0,200.0,23.80557894736842,1.0,Clemson,2021.0,2021.0,JAX,25.0,,0.078947365
2022,1,00-0036980,E.Moore,WR,NYJ,BAL,0,0,0.0,0,0.0,0.0,0.0,0,0.0,0,7,5,49.0,0,4.9,9.9,,,70.0,184.0,22.620470588235293,1.0,Mississippi,2021.0,2021.0,NYJ,34.0,-15.0,0.12280702
2022,2,00-0036980,E.Moore,WR,NYJ,CLE,0,0,0.0,0,0.0,0.0,0.0,1,-6.0,0,5,3,41.0,0,3.5,6.5,,,70.0,184.0,22.620470588235293,1.0,Mississippi,2021.0,2021.0,NYJ,34.0,,0.11627907
2022,3,00-0036980,E.Moore,WR,NYJ,CIN,0,0,0.0,0,0.0,0.0,0.0,0,0.0,0,9,4,49.0,0,4.9,8.9,,,70.0,184.0,22.620470588235293,1.0,Mississippi,2021.0,2021.0,NYJ,34.0,-15.0,0.1875
2022,4,00-0036980,E.Moore,WR,NYJ,PIT,0,0,0.0,0,0.0,0.0,0.0,1,2.0,0,4,3,53.0,0,5.5,8.5,,,70.0,184.0,22.620470588235293,1.0,Mississippi,2021.0,2021.0,NYJ,34.0,,0.121212125
2022,5,00-0036980,E.Moore,WR,NYJ,MIA,0,0,0.0,0,0.0,0.0,0.0,0,0.0,0,4,1,11.0,0,1.1,2.1,,,70.0,184.0,22.620470588235293,1.0,Mississippi,2021.0,2021.0,NYJ,34.0,23.0,0.1904762
2022,8,00-0036980,E.Moore,WR,NYJ,NE,0,0,0.0,0,0.0,0.0,0.0,0,0.0,0,1,0,0.0,0,0.0,0.0,,,70.0,184.0,22.620470588235293,1.0,Mississippi,2021.0,2021.0,NYJ,34.0,-5.0,0.029411765
2022,11,00-0036980,E.Moore,WR,NYJ,NE,0,0,0.0,0,0.0,0.0,0.0,0,0.0,0,4,2,17.0,0,1.7,3.7,,,70.0,184.0,22.620470588235293,1.0,Mississippi,2021.0,2021.0,NYJ,34.0,,0.2
2022,12,00-0036980,E.Moore,WR,NYJ,CHI,0,0,0.0,0,0.0,0.0,0.0,1,-4.0,0,2,2,64.0,1,12.0,14.0,,,70.0,184.0,22.620470588235293,1.0,Mississippi,2021.0,2021.0,NYJ,34.0,21.0,0.071428575
2022,13,00-0036980,E.Moore,WR,NYJ,MIN,0,0,0.0,0,0.0,0.0,0.0,1,10.0,0,6,2,7.0,0,1.7,3.7,,,70.0,184.0,22.620470588235293,1.0,Mississippi,2021.0,2021.0,NYJ,34.0,,0.10909091
2022,14,00-0036980,E.Moore,WR,NYJ,BUF,0,0,0.0,0,0.0,0.0,0.0,0,0.0,0,10,6,60.0,0,6.0,12.0,,,70.0,184.0,22.620470588235293,1.0,Mississippi,2021.0,2021.0,NYJ,34.0,,0.22727273
2022,15,00-0036980,E.Moore,WR,NYJ,DET,0,0,0.0,0,0.0,0.0,0.0,1,3.0,0,7,4,51.0,0,5.4,9.4,,,70.0,184.0,22.620470588235293,1.0,Mississippi,2021.0,2021.0,NYJ,34.0,-3.0,0.20588236
2022,16,00-0036980,E.Moore,WR,NYJ,JAX,0,0,0.0,0,0.0,0.0,0.0,0,0.0,0,3,2,15.0,0,1.5,3.5,,,70.0,184.0,22.620470588235293,1.0,Mississippi,2021.0,2021.0,NYJ,34.0,-16.0,0.1
2022,17,00-0036980,E.Moore,WR,NYJ,SEA,0,0,0.0,0,0.0,0.0,0.0,0,0.0,0,2,2,18.0,0,1.8,3.8,,,70.0,184.0,22.620470588235293,1.0,Mississippi,2021.0,2021.0,NYJ,34.0,,0.044444446
2022,18,00-0036980,E.Moore,WR,NYJ,MIA,0,0,0.0,0,0.0,0.0,0.0,0,0.0,0,1,1,11.0,0,1.1,2.1,,,70.0,184.0,22.620470588235293,1.0,Mississippi,2021.0,2021.0,NYJ,34.0,,0.03125
2022,4,00-0036984,T.Sermon,RB,PHI,JAX,0,0,0.0,0,0.0,0.0,0.0,2,19.0,0,0,0,0.0,0,1.9,1.9,,,72.0,215.0,23.812900000000003,1.0,Ohio State,2021.0,2021.0,SF,88.0,8.0,
2022,1,00-0036988,J.Palmer,WR,LAC,LV,0,0,0.0,0,0.0,0.0,0.0,1,4.0,0,4,3,5.0,0,0.9,3.9,,,73.0,210.0,23.144944444444445,1.0,Tennessee,2021.0,2021.0,LAC,77.0,5.0,0.11764706
2022,2,00-0036988,J.Palmer,WR,LAC,KC,0,0,0.0,0,0.0,0.0,0.0,0,0.0,0,8,4,30.0,1,9.0,13.0,,,73.0,210.0,23.144944444444445,1.0,Tennessee,2021.0,2021.0,LAC,77.0,,0.17391305
2022,3,00-0036988,J.Palmer,WR,LAC,JAX,0,0,0.0,0,0.0,0.0,0.0,0,0.0,0,9,6,99.0,0,9.9,15.9,,,73.0,210.0,23.144944444444445,1.0,Tennessee,2021.0,2021.0,LAC,77.0,-28.0,0.2195122
2022,4,00-0036988,J.Palmer,WR,LAC,HOU,0,0,0.0,0,0.0,0.0,0.0,0,0.0,0,1,1,25.0,0,2.5,3.5,,,73.0,210.0,23.144944444444445,1.0,Tennessee,2021.0,2021.0,LAC,77.0,,0.027027028
2022,5,00-0036988,J.Palmer,WR,LAC,CLE,0,0,0.0,0,0.0,0.0,0.0,0,0.0,0,6,3,24.0,0,2.4,5.4,,,73.0,210.0,23.144944444444445,1.0,Tennessee,2021.0,2021.0,LAC,77.0,,0.18181819
2022,6,00-0036988,J.Palmer,WR,LAC,DEN,0,0,0.0,0,0.0,0.0,0.0,0,0.0,0,12,9,57.0,0,5.7,14.7,,,73.0,210.0,23.144944444444445,1.0,Tennessee,2021.0,2021.0,LAC,77.0,3.0,0.21818182
2022,9,00-0036988,J.Palmer,WR,LAC,ATL,0,0,0.0,0,0.0,0.0,0.0,0,0.0,0,10,8,106.0,0,10.6,18.6,,,73.0,210.0,23.144944444444445,1.0,Tennessee,2021.0,2021.0,LAC,77.0,,0.23255815
2022,10,00-0036988,J.Palmer,WR,LAC,SF,0,0,0.0,0,0.0,0.0,0.0,0,0.0,0,8,3,44.0,0,4.4,7.4,,,73.0,210.0,23.144944444444445,1.0,Tennessee,2021.0,2021.0,LAC,77.0,,0.22857143
2022,11,00-0036988,J.Palmer,WR,LAC,KC,0,0,0.0,0,0.0,0.0,0.0,0,0.0,0,10,8,106.0,2,22.6,30.6,,,73.0,210.0,23.144944444444445,1.0,Tennessee,2021.0,2021.0,LAC,77.0,-3.0,0.3448276
2022,12,00-0036988,J.Palmer,WR,LAC,ARI,0,0,0.0,0,0.0,0.0,0.0,0,0.0,0,7,5,56.0,0,5.6,10.6,,,73.0,210.0,23.144944444444445,1.0,Tennessee,2021.0,2021.0,LAC,77.0,,0.14893617
2022,13,00-0036988,J.Palmer,WR,LAC,LV,0,0,0.0,0,0.0,0.0,0.0,0,0.0,0,11,7,60.0,0,6.0,13.0,,,73.0,210.0,23.144944444444445,1.0,Tennessee,2021.0,2021.0,LAC,77.0,,0.24444444
2022,14,00-0036988,J.Palmer,WR,LAC,MIA,0,0,0.0,0,0.0,0.0,0.0,0,0.0,0,6,4,53.0,0,5.3,9.3,,,73.0,210.0,23.144944444444445,1.0,Tennessee,2021.0,2021.0,LAC,77.0,6.0,0.125
2022,15,00-0036988,J.Palmer,WR,LAC,TEN,0,0,0.0,0,0.0,0.0,0.0,0,0.0,0,5,5,49.0,0,4.9,9.9,,,73.0,210.0,23.144944444444445,1.0,Tennessee,2021.0,2021.0,LAC,77.0,3.0,0.13157895
2022,16,00-0036988,J.Palmer,WR,LAC,IND,0,0,0.0,0,0.0,0.0,0.0,0,0.0,0,3,2,16.0,0,1.6,3.6,,,73.0,210.0,23.144944444444445,1.0,Tennessee,2021.0,2021.0,LAC,77.0,,0.1
2022,17,00-0036988,J.Palmer,WR,LAC,LA,0,0,0.0,0,0.0,0.0,0.0,0,0.0,0,1,0,0.0,0,0.0,0.0,,,73.0,210.0,23.144944444444445,1.0,Tennessee,2021.0,2021.0,LAC,77.0,21.0,0.032258064
2022,18,00-0036988,J.Palmer,WR,LAC,DEN,0,0,0.0,0,0.0,0.0,0.0,0,0.0,0,6,4,39.0,0,5.9,9.9,,,73.0,210.0,23.144944444444445,1.0,Tennessee,2021.0,2021.0,LAC,77.0,,0.13636364
2022,19,00-0036988,J.Palmer,WR,LAC,JAX,0,0,0.0,0,0.0,0.0,0.0,0,0.0,0,6,2,31.0,0,3.1,5.1,,,73.0,210.0,23.144944444444445,1.0,Tennessee,2021.0,2021.0,LAC,77.0,,0.14285715
2022,6,00-0036991,A.Rodgers,WR,GB,NYJ,0,0,0.0,0,0.0,0.0,0.0,0,0.0,0,1,1,14.0,0,1.4,2.4,,,69.0,215.0,23.130555555555556,1.0,Clemson,2021.0,2021.0,GB,85.0,-17.0,0.022727273
2022,7,00-0036991,A.Rodgers,WR,GB,WAS,0,0,0.0,0,0.0,0.0,0.0,0,0.0,0,3,2,14.0,0,1.4,3.4,,,69.0,215.0,23.130555555555556,1.0,Clemson,2021.0,2021.0,GB,85.0,,0.09090909
2022,8,00-0036991,A.Rodgers,WR,GB,BUF,0,0,0.0,0,0.0,0.0,0.0,0,0.0,0,3,1,22.0,0,2.2,3.2,,,69.0,215.0,23.130555555555556,1.0,Clemson,2021.0,2021.0,GB,85.0,,0.10344828
2022,9,00-0036991,A.Rodgers,WR,GB,DET,0,0,0.0,0,0.0,0.0,0.0,0,0.0,0,1,0,0.0,0,0.0,0.0,,,69.0,215.0,23.130555555555556,1.0,Clemson,2021.0,2021.0,GB,85.0,,0.025
2022,14,00-0036991,A.Rodgers,WR,HOU,DAL,0,0,0.0,0,0.0,0.0,0.0,1,3.0,0,5,4,57.0,1,12.0,16.0,,,69.0,215.0,23.130555555555556,1.0,Clemson,2021.0,2021.0,GB,85.0,,0.20833333
2022,15,00-0036991,A.Rodgers,WR,HOU,KC,0,0,0.0,0,0.0,0.0,0.0,0,0.0,0,4,2,26.0,0,2.6,4.6,,,69.0,215.0,23.130555555555556,1.0,Clemson,2021.0,2021.0,GB,85.0,-6.0,0.14814815
2022,16,00-0036991,A.Rodgers,WR,HOU,TEN,0,0,0.0,0,0.0,0.0,0.0,0,0.0,0,2,1,37.0,0,3.7,4.7,,,69.0,215.0,23.130555555555556,1.0,Clemson,2021.0,2021.0,GB,85.0,,0.06896552
2022,17,00-0036991,A.Rodgers,WR,HOU,JAX,0,0,0.0,0,0.0,0.0,0.0,1,4.0,0,2,2,12.0,0,1.6,3.6,,,69.0,215.0,23.130555555555556,1.0,Clemson,2021.0,2021.0,GB,85.0,-28.0,0.04761905
2022,18,00-0036991,A.Rodgers,WR,HOU,IND,0,0,0.0,0,0.0,0.0,0.0,0,0.0,0,4,3,22.0,0,2.2,5.2,,,69.0,215.0,23.130555555555556,1.0,Clemson,2021.0,2021.0,GB,85.0,,0.10526316
2022,1,00-0036997,J.Williams,RB,DEN,SEA,0,0,0.0,0,0.0,0.0,0.0,7,43.0,0,12,11,65.0,0,8.8,19.8,,,70.0,220.0,22.54258823529412,1.0,North Carolina,2021.0,2021.0,DEN,35.0,,0.29268292
2022,2,00-0036997,J.Williams,RB,DEN,HOU,0,0,0.0,0,0.0,0.0,0.0,15,75.0,0,4,1,10.0,0,8.5,9.5,,,70.0,220.0,22.54258823529412,1.0,North Carolina,2021.0,2021.0,DEN,35.0,7.0,0.14285715
2022,3,00-0036997,J.Williams,RB,DEN,SF,0,0,0.0,0,0.0,0.0,0.0,15,58.0,0,5,3,2.0,0,6.0,9.0,,,70.0,220.0,22.54258823529412,1.0,North Carolina,2021.0,2021.0,DEN,35.0,1.0,0.15625
2022,4,00-0036997,J.Williams,RB,DEN,LV,0,0,0.0,0,0.0,0.0,0.0,10,28.0,0,1,1,-1.0,0,2.7,3.7,,,70.0,220.0,22.54258823529412,1.0,North Carolina,2021.0,2021.0,DEN,35.0,,0.04
2022,1,00-0036999,A.Schwartz,WR,CLE,CAR,0,0,0.0,0,0.0,0.0,0.0,2,20.0,0,2,1,19.0,0,3.9,4.9,,,72.0,179.0,22.178,1.0,Auburn,2021.0,2021.0,CLE,91.0,,0.06666667
2022,5,00-0036999,A.Schwartz,WR,CLE,LAC,0,0,0.0,0,0.0,0.0,0.0,0,0.0,0,1,0,0.0,0,0.0,0.0,,,72.0,179.0,22.178,1.0,Auburn,2021.0,2021.0,CLE,91.0,-2.0,0.03125
2022,6,00-0036999,A.Schwartz,WR,CLE,NE,0,0,0.0,0,0.0,0.0,0.0,0,0.0,0,3,0,0.0,0,0.0,0.0,,,72.0,179.0,22.178,1.0,Auburn,2021.0,2021.0,CLE,91.0,-23.0,0.071428575
2022,10,00-0036999,A.Schwartz,WR,CLE,MIA,0,0,0.0,0,0.0,0.0,0.0,0,0.0,0,1,1,3.0,0,0.3,1.3,,,72.0,179.0,22.178,1.0,Auburn,2021.0,2021.0,CLE,91.0,,0.029411765
2022,12,00-0036999,A.Schwartz,WR,CLE,TB,0,0,0.0,0,0.0,0.0,0.0,1,31.0,1,2,1,17.0,0,10.8,11.8,,,72.0,179.0,22.178,1.0,Auburn,2021.0,2021.0,CLE,91.0,6.0,0.055555556
2022,13,00-0036999,A.Schwartz,WR,CLE,HOU,0,0,0.0,0,0.0,0.0,0.0,1,6.0,0,1,1,12.0,0,-0.2,0.8,,,72.0,179.0,22.178,1.0,Auburn,2021.0,2021.0,CLE,91.0,,0.04761905
2022,19,00-0037004,H.Long,TE,MIA,BUF,0,0,0.0,0,0.0,0.0,0.0,0,0.0,0,1,0,0.0,0,0.0,0.0,,,77.0,253.0,24.233777777777778,1.0,Boston College,2021.0,2021.0,MIA,81.0,,0.023809524
2022,1,00-0037005,T.Tremble,TE,CAR,CLE,0,0,0.0,0,0.0,0.0,0.0,0,0.0,0,1,1,1.0,0,0.1,1.1,,,76.0,248.0,22.433352941176473,1.0,Notre Dame,2021.0,2021.0,CAR,83.0,-2.0,0.03846154
2022,3,00-0037005,T.Tremble,TE,CAR,NO,0,0,0.0,0,0.0,0.0,0.0,0,0.0,0,1,1,7.0,0,0.7,1.7,,,76.0,248.0,22.433352941176473,1.0,Notre Dame,2021.0,2021.0,CAR,83.0,8.0,0.041666668
2022,4,00-0037005,T.Tremble,TE,CAR,ARI,0,0,0.0,0,0.0,0.0,0.0,0,0.0,0,6,3,34.0,0,3.4,6.4,,,76.0,248.0,22.433352941176473,1.0,Notre Dame,2021.0,2021.0,CAR,83.0,-10.0,0.16666667
2022,5,00-0037005,T.Tremble,TE,CAR,SF,0,0,0.0,0,0.0,0.0,0.0,0,0.0,0,1,0,0.0,0,0.0,0.0,,,76.0,248.0,22.433352941176473,1.0,Notre Dame,2021.0,2021.0,CAR,83.0,-22.0,0.025
2022,7,00-0037005,T.Tremble,TE,CAR,TB,0,0,0.0,0,0.0,0.0,0.0,0,0.0,0,1,1,29.0,1,8.9,9.9,,,76.0,248.0,22.433352941176473,1.0,Notre Dame,2021.0,2021.0,CAR,83.0,18.0,0.04761905
2022,8,00-0037005,T.Tremble,TE,CAR,ATL,0,0,0.0,0,0.0,0.0,0.0,0,0.0,0,4,2,17.0,0,1.7,3.7,,,76.0,248.0,22.433352941176473,1.0,Notre Dame,2021.0,2021.0,CAR,83.0,,0.11111111
2022,9,00-0037005,T.Tremble,TE,CAR,CIN,0,0,0.0,0,0.0,0.0,0.0,0,0.0,0,4,2,11.0,1,7.1,9.1,,,76.0,248.0,22.433352941176473,1.0,Notre Dame,2021.0,2021.0,CAR,83.0,,0.13333334
2022,10,00-0037005,T.Tremble,TE,CAR,ATL,0,0,0.0,0,0.0,0.0,0.0,0,0.0,0,1,0,0.0,0,0.0,0.0,,,76.0,248.0,22.433352941176473,1.0,Notre Dame,2021.0,2021.0,CAR,83.0,10.0,0.0625
2022,12,00-0037005,T.Tremble,TE,CAR,DEN,0,0,0.0,0,0.0,0.0,0.0,0,0.0,0,2,1,2.0,0,0.2,1.2,,,76.0,248.0,22.433352941176473,1.0,Notre Dame,2021.0,2021.0,CAR,83.0,13.0,0.11764706
2022,14,00-0037005,T.Tremble,TE,CAR,SEA,0,0,0.0,0,0.0,0.0,0.0,0,0.0,0,2,0,0.0,0,0.0,0.0,,,76.0,248.0,22.433352941176473,1.0,Notre Dame,2021.0,2021.0,CAR,83.0,,0.1
2022,15,00-0037005,T.Tremble,TE,CAR,PIT,0,0,0.0,0,0.0,0.0,0.0,0,0.0,0,3,2,20.0,0,2.0,4.0,,,76.0,248.0,22.433352941176473,1.0,Notre Dame,2021.0,2021.0,CAR,83.0,-8.0,0.15789473
2022,16,00-0037005,T.Tremble,TE,CAR,DET,0,0,0.0,0,0.0,0.0,0.0,0,0.0,0,2,2,18.0,0,1.8,3.8,,,76.0,248.0,22.433352941176473,1.0,Notre Dame,2021.0,2021.0,CAR,83.0,14.0,0.0952381
2022,17,00-0037005,T.Tremble,TE,CAR,TB,0,0,0.0,0,0.0,0.0,0.0,0,0.0,0,3,3,33.0,1,9.3,12.3,,,76.0,248.0,22.433352941176473,1.0,Notre Dame,2021.0,2021.0,CAR,83.0,,0.09677419
2022,18,00-0037005,T.Tremble,TE,CAR,NO,0,0,0.0,0,0.0,0.0,0.0,0,0.0,0,1,1,2.0,0,0.2,1.2,,,76.0,248.0,22.433352941176473,1.0,Notre Dame,2021.0,2021.0,CAR,83.0,,0.09090909
2022,1,00-0037011,T.McKitty,TE,LAC,LV,0,0,0.0,0,0.0,0.0,0.0,0,0.0,0,4,3,24.0,0,2.4,5.4,,,76.0,245.0,23.837555555555557,1.0,Georgia,2021.0,2021.0,LAC,97.0,5.0,0.11764706
2022,4,00-0037011,T.McKitty,TE,LAC,HOU,0,0,0.0,0,0.0,0.0,0.0,0,0.0,0,1,1,4.0,0,0.4,1.4,,,76.0,245.0,23.837555555555557,1.0,Georgia,2021.0,2021.0,LAC,97.0,,0.027027028
2022,5,00-0037011,T.McKitty,TE,LAC,CLE,0,0,0.0,0,0.0,0.0,0.0,0,0.0,0,2,0,0.0,0,0.0,0.0,,,76.0,245.0,23.837555555555557,1.0,Georgia,2021.0,2021.0,LAC,97.0,,0.060606062
2022,10,00-0037011,T.McKitty,TE,LAC,SF,0,0,0.0,0,0.0,0.0,0.0,0,0.0,0,6,3,21.0,0,2.1,5.1,,,76.0,245.0,23.837555555555557,1.0,Georgia,2021.0,2021.0,LAC,97.0,,0.17142858
2022,13,00-0037011,T.McKitty,TE,LAC,LV,0,0,0.0,0,0.0,0.0,0.0,0,0.0,0,1,1,8.0,0,0.8,1.8,,,76.0,245.0,23.837555555555557,1.0,Georgia,2021.0,2021.0,LAC,97.0,,0.022222223
2022,14,00-0037011,T.McKitty,TE,LAC,MIA,0,0,0.0,0,0.0,0.0,0.0,0,0.0,0,1,1,5.0,0,0.5,1.5,,,76.0,245.0,23.837555555555557,1.0,Georgia,2021.0,2021.0,LAC,97.0,6.0,0.020833334
2022,16,00-0037011,T.McKitty,TE,LAC,IND,0,0,0.0,0,0.0,0.0,0.0,0,0.0,0,2,1,10.0,0,1.0,2.0,,,76.0,245.0,23.837555555555557,1.0,Georgia,2021.0,2021.0,LAC,97.0,,0.06666667
2022,18,00-0037011,T.McKitty,TE,LAC,DEN,0,0,0.0,0,0.0,0.0,0.0,0,0.0,0,1,0,0.0,0,0.0,0.0,,,76.0,245.0,23.837555555555557,1.0,Georgia,2021.0,2021.0,LAC,97.0,,0.022727273
2022,19,00-0037011,T.McKitty,TE,LAC,JAX,0,0,0.0,0,0.0,0.0,0.0,0,0.0,0,2,2,16.0,0,1.6,3.6,,,76.0,245.0,23.837555555555557,1.0,Georgia,2021.0,2021.0,LAC,97.0,,0.04761905
2022,1,00-0037012,T.Lance,QB,SF,CHI,13,28,164.0,0,1.0,2.0,9.0,13,54.0,0,0,0,0.0,0,9.96,9.96,,,76.0,226.0,22.534100000000002,1.0,North Dakota State,2021.0,2021.0,SF,3.0,,
2022,2,00-0037012,T.Lance,QB,SF,SEA,2,3,30.0,0,0.0,0.0,-0.0,3,13.0,0,0,0,0.0,0,2.5,2.5,,,76.0,226.0,22.534100000000002,1.0,North Dakota State,2021.0,2021.0,SF,3.0,20.0,
2022,4,00-0037013,Z.Wilson,QB,NYJ,PIT,18,36,252.0,1,2.0,1.0,4.0,2,15.0,0,1,1,2.0,1,17.78,18.78,,,74.0,208.0,23.269294117647057,1.0,Brigham Young,2021.0,2021.0,NYJ,2.0,,0.030303031
2022,5,00-0037013,Z.Wilson,QB,NYJ,MIA,14,21,210.0,0,0.0,2.0,23.0,4,2.0,1,0,0,0.0,0,14.6,14.6,,,74.0,208.0,23.269294117647057,1.0,Brigham Young,2021.0,2021.0,NYJ,2.0,23.0,
2022,6,00-0037013,Z.Wilson,QB,NYJ,GB,10,18,110.0,0,0.0,2.0,11.0,5,1.0,0,0,0,0.0,0,4.5,4.5,,,74.0,208.0,23.269294117647057,1.0,Brigham Young,2021.0,2021.0,NYJ,2.0,,
2022,7,00-0037013,Z.Wilson,QB,NYJ,DEN,16,26,121.0,0,0.0,3.0,16.0,4,24.0,0,0,0,0.0,0,7.24,7.24,,,74.0,208.0,23.269294117647057,1.0,Brigham Young,2021.0,2021.0,NYJ,2.0,,
2022,8,00-0037013,Z.Wilson,QB,NYJ,NE,20,41,355.0,2,3.0,2.0,19.0,1,2.0,0,0,0,0.0,0,16.4,16.4,,,74.0,208.0,23.269294117647057,1.0,Brigham Young,2021.0,2021.0,NYJ,2.0,-5.0,
2022,9,00-0037013,Z.Wilson,QB,NYJ,BUF,18,25,154.0,1,0.0,2.0,18.0,5,24.0,0,0,0,0.0,0,10.56,10.56,,,74.0,208.0,23.269294117647057,1.0,Brigham Young,2021.0,2021.0,NYJ,2.0,3.0,
2022,11,00-0037013,Z.Wilson,QB,NYJ,NE,9,22,77.0,0,0.0,4.0,33.0,3,26.0,0,0,0,0.0,0,5.68,5.68,,,74.0,208.0,23.269294117647057,1.0,Brigham Young,2021.0,2021.0,NYJ,2.0,,
2022,15,00-0037013,Z.Wilson,QB,NYJ,DET,18,35,317.0,2,1.0,4.0,30.0,3,7.0,0,0,0,0.0,0,19.38,19.38,,,74.0,208.0,23.269294117647057,1.0,Brigham Young,2021.0,2021.0,NYJ,2.0,-3.0,
2022,16,00-0037013,Z.Wilson,QB,NYJ,JAX,9,18,92.0,0,1.0,3.0,21.0,1,1.0,0,0,0,0.0,0,1.78,1.78,,,74.0,208.0,23.269294117647057,1.0,Brigham Young,2021.0,2021.0,NYJ,2.0,-16.0,
2022,12,00-0037055,L.McCutcheon,WR,LA,KC,0,0,0.0,0,0.0,0.0,0.0,0,0.0,0,4,0,0.0,0,0.0,0.0,,,75.0,200.0,23.699588235294115,0.0,Montana State,2022.0,2022.0,,,,0.16666667
2022,17,00-0037055,L.McCutcheon,WR,LA,LAC,0,0,0.0,0,0.0,0.0,0.0,0,0.0,0,1,0,0.0,0,0.0,0.0,,,75.0,200.0,23.699588235294115,0.0,Montana State,2022.0,2022.0,,,,0.055555556
2022,18,00-0037077,S.Howell,QB,WAS,DAL,11,19,169.0,1,1.0,3.0,11.0,5,35.0,1,0,0,0.0,0,18.26,18.26,,,73.0,225.0,21.97535294117647,0.0,North Carolina,2022.0,2022.0,WAS,144.0,20.0,
2022,5,00-0037078,C.Turner,TE,WAS,TEN,0,0,0.0,0,0.0,0.0,0.0,0,0.0,0,3,0,0.0,0,0.0,0.0,,,78.0,240.0,22.646058823529412,0.0,Nevada,2022.0,2022.0,WAS,149.0,-4.0,0.08108108
2022,6,00-0037078,C.Turner,TE,WAS,CHI,0,0,0.0,0,0.0,0.0,0.0,0,0.0,0,2,2,23.0,0,2.3,4.3,,,78.0,240.0,22.646058823529412,0.0,Nevada,2022.0,2022.0,WAS,149.0,,0.09090909
2022,7,00-0037078,C.Turner,TE,WAS,GB,0,0,0.0,0,0.0,0.0,0.0,0,0.0,0,2,0,0.0,0,0.0,0.0,,,78.0,240.0,22.646058823529412,0.0,Nevada,2022.0,2022.0,WAS,149.0,2.0,0.0625
2022,11,00-0037078,C.Turner,TE,WAS,HOU,0,0,0.0,0,0.0,0.0,0.0,0,0.0,0,1,0,0.0,0,0.0,0.0,,,78.0,240.0,22.646058823529412,0.0,Nevada,2022.0,2022.0,WAS,149.0,,0.04347826
2022,12,00-0037078,C.Turner,TE,WAS,ATL,0,0,0.0,0,0.0,0.0,0.0,0,0.0,0,1,0,0.0,0,0.0,0.0,,,78.0,240.0,22.646058823529412,0.0,Nevada,2022.0,2022.0,WAS,149.0,6.0,0.045454547
2022,18,00-0037085,T.Badie,RB,DEN,LAC,0,0,0.0,0,0.0,0.0,0.0,1,0.0,0,1,1,24.0,1,8.4,9.4,,,68.0,194.0,23.753823529411765,0.0,Missouri,2022.0,2022.0,BAL,196.0,3.0,0.045454547
2022,3,00-0037086,G.Calcaterra,TE,PHI,WAS,0,0,0.0,0,0.0,0.0,0.0,0,0.0,0,1,1,40.0,0,4.0,5.0,,,76.0,221.0,23.96895,0.0,Southern Methodist,2022.0,2022.0,PHI,198.0,,0.029411765
2022,12,00-0037086,G.Calcaterra,TE,PHI,GB,0,0,0.0,0,0.0,0.0,0.0,0,0.0,0,1,1,-2.0,0,-0.2,0.8,,,76.0,221.0,23.96895,0.0,Southern Methodist,2022.0,2022.0,PHI,198.0,7.0,0.04
2022,13,00-0037086,G.Calcaterra,TE,PHI,TEN,0,0,0.0,0,0.0,0.0,0.0,0,0.0,0,1,1,19.0,0,1.9,2.9,,,76.0,221.0,23.96895,0.0,Southern Methodist,2022.0,2022.0,PHI,198.0,25.0,0.02631579
2022,14,00-0037086,G.Calcaterra,TE,PHI,NYG,0,0,0.0,0,0.0,0.0,0.0,0,0.0,0,4,2,24.0,0,2.4,4.4,,,76.0,221.0,23.96895,0.0,Southern Methodist,2022.0,2022.0,PHI,198.0,,0.12903225
2022,15,00-0037086,G.Calcaterra,TE,PHI,CHI,0,0,0.0,0,0.0,0.0,0.0,0,0.0,0,2,0,0.0,0,0.0,0.0,,,76.0,221.0,23.96895,0.0,Southern Methodist,2022.0,2022.0,PHI,198.0,,0.054054055
2022,3,00-0037087,T.Ebner,RB,CHI,HOU,0,0,0.0,0,0.0,0.0,0.0,7,23.0,0,1,0,0.0,0,2.3,2.3,,,71.0,205.0,23.847882352941177,0.0,Baylor,2022.0,2022.0,CHI,203.0,3.0,0.0625
2022,4,00-0037087,T.Ebner,RB,CHI,NYG,0,0,0.0,0,0.0,0.0,0.0,6,20.0,0,3,2,8.0,0,2.8,4.8,,,71.0,205.0,23.847882352941177,0.0,Baylor,2022.0,2022.0,CHI,203.0,,0.15
2022,7,00-0037087,T.Ebner,RB,CHI,NE,0,0,0.0,0,0.0,0.0,0.0,3,8.0,0,0,0,0.0,0,0.8,0.8,,,71.0,205.0,23.847882352941177,0.0,Baylor,2022.0,2022.0,CHI,203.0,,
2022,8,00-0037087,T.Ebner,RB,CHI,DAL,0,0,0.0,0,0.0,0.0,0.0,2,-5.0,0,0,0,0.0,0,-0.5,-0.5,,,71.0,205.0,23.847882352941177,0.0,Baylor,2022.0,2022.0,CHI,203.0,,
2022,11,00-0037087,T.Ebner,RB,CHI,ATL,0,0,0.0,0,0.0,0.0,0.0,6,8.0,0,1,0,0.0,0,0.8,0.8,,,71.0,205.0,23.847882352941177,0.0,Baylor,2022.0,2022.0,CHI,203.0,,0.05263158
2022,15,00-0037087,T.Ebner,RB,CHI,PHI,0,0,0.0,0,0.0,0.0,0.0,0,0.0,0,1,0,0.0,0,0.0,0.0,,,71.0,205.0,23.847882352941177,0.0,Baylor,2022.0,2022.0,CHI,203.0,-5.0,0.04761905
2022,18,00-0037087,T.Ebner,RB,CHI,MIN,0,0,0.0,0,0.0,0.0,0.0,0,0.0,0,2,0,0.0,0,0.0,0.0,,,71.0,205.0,23.847882352941177,0.0,Baylor,2022.0,2022.0,CHI,203.0,-16.0,0.074074075
2022,18,00-0037093,D.Young,WR,SEA,LA,0,0,0.0,0,0.0,0.0,0.0,0,0.0,0,2,2,24.0,0,2.4,4.4,,,74.0,210.0,23.442555555555558,0.0,Lenoir-Rhyne,2022.0,2022.0,SEA,233.0,3.0,0.071428575
2022,19,00-0037093,D.Young,WR,SEA,SF,0,0,0.0,0,0.0,0.0,0.0,0,0.0,0,1,1,11.0,0,1.1,2.1,,,74.0,210.0,23.442555555555558,0.0,Lenoir-Rhyne,2022.0,2022.0,SEA,233.0,,0.029411765
2022,7,00-0037098,S.Toure,WR,GB,WAS,0,0,0.0,0,0.0,0.0,0.0,0,0.0,0,1,1,4.0,0,0.4,1.4,,,73.0,190.0,24.625705882352943,0.0,Nebraska,2022.0,2022.0,GB,258.0,,0.030303031
2022,8,00-0037098,S.Toure,WR,GB,BUF,0,0,0.0,0,0.0,0.0,0.0,0,0.0,0,4,1,37.0,1,9.7,10.7,,,73.0,190.0,24.625705882352943,0.0,Nebraska,2022.0,2022.0,GB,258.0,,0.13793103
2022,9,00-0037098,S.Toure,WR,GB,DET,0,0,0.0,0,0.0,0.0,0.0,0,0.0,0,4,2,34.0,0,3.4,5.4,,,73.0,190.0,24.625705882352943,0.0,Nebraska,2022.0,2022.0,GB,258.0,,0.1
2022,13,00-0037098,S.Toure,WR,GB,CHI,0,0,0.0,0,0.0,0.0,0.0,0,0.0,0,1,1,7.0,0,0.7,1.7,,,73.0,190.0,24.625705882352943,0.0,Nebraska,2022.0,2022.0,GB,258.0,,0.033333335
2022,3,00-0037112,J.Tonges,TE,CHI,HOU,0,0,0.0,0,0.0,0.0,0.0,0,0.0,0,1,0,0.0,0,0.0,0.0,,,76.0,240.0,23.335882352941177,0.0,California,2022.0,2022.0,,,3.0,0.0625
2022,12,00-0037157,Z.Knight,RB,NYJ,CHI,0,0,0.0,0,0.0,0.0,0.0,14,69.0,0,3,3,34.0,0,10.3,13.3,,,71.0,210.0,21.580058823529413,0.0,North Carolina State,2022.0,2022.0,,,21.0,0.10714286
2022,13,00-0037157,Z.Knight,RB,NYJ,MIN,0,0,0.0,0,0.0,0.0,0.0,15,90.0,0,5,5,28.0,0,11.8,16.8,,,71.0,210.0,21.580058823529413,0.0,North Carolina State,2022.0,2022.0,,,,0.09090909
2022,14,00-0037157,Z.Knight,RB,NYJ,BUF,0,0,0.0,0,0.0,0.0,0.0,17,71.0,1,2,2,6.0,0,13.7,15.7,,,71.0,210.0,21.580058823529413,0.0,North Carolina State,2022.0,2022.0,,,,0.045454547
2022,15,00-0037157,Z.Knight,RB,NYJ,DET,0,0,0.0,0,0.0,0.0,0.0,13,23.0,0,0,0,0.0,0,2.3,2.3,,,71.0,210.0,21.580058823529413,0.0,North Carolina State,2022.0,2022.0,,,-3.0,
2022,16,00-0037157,Z.Knight,RB,NYJ,JAX,0,0,0.0,0,0.0,0.0,0.0,6,-2.0,0,1,1,15.0,0,1.3,2.3,,,71.0,210.0,21.580058823529413,0.0,North Carolina State,2022.0,2022.0,,,-16.0,0.033333335
2022,17,00-0037157,Z.Knight,RB,NYJ,SEA,0,0,0.0,0,0.0,0.0,0.0,8,27.0,0,3,2,17.0,0,4.4,6.4,,,71.0,210.0,21.580058823529413,0.0,North Carolina State,2022.0,2022.0,,,,0.06666667
2022,18,00-0037157,Z.Knight,RB,NYJ,MIA,0,0,0.0,0,0.0,0.0,0.0,12,22.0,0,0,0,0.0,0,2.2,2.2,,,71.0,210.0,21.580058823529413,0.0,North Carolina State,2022.0,2022.0,,,,
2022,1,00-0037168,A.Rogers,TE,WAS,JAX,0,0,0.0,0,0.0,0.0,0.0,0,0.0,0,1,1,23.0,0,2.3,3.3,,,77.0,227.0,24.92670588235294,0.0,Ohio,2022.0,2022.0,,,6.0,0.024390243
2022,7,00-0037168,A.Rogers,TE,WAS,GB,0,0,0.0,0,0.0,0.0,0.0,0,0.0,0,3,3,28.0,0,2.8,5.8,,,77.0,227.0,24.92670588235294,0.0,Ohio,2022.0,2022.0,,,2.0,0.09375
2022,8,00-0037168,A.Rogers,TE,WAS,IND,0,0,0.0,0,0.0,0.0,0.0,0,0.0,0,2,1,13.0,0,1.3,2.3,,,77.0,227.0,24.92670588235294,0.0,Ohio,2022.0,2022.0,,,,0.06666667
2022,9,00-0037168,A.Rogers,TE,WAS,MIN,0,0,0.0,0,0.0,0.0,0.0,1,24.0,0,0,0,0.0,0,2.4,2.4,,,77.0,227.0,24.92670588235294,0.0,Ohio,2022.0,2022.0,,,-3.0,
2022,18,00-0037168,A.Rogers,TE,WAS,DAL,0,0,0.0,0,0.0,0.0,0.0,1,2.0,0,0,0,0.0,0,0.2,0.2,,,77.0,227.0,24.92670588235294,0.0,Ohio,2022.0,2022.0,,,20.0,
2022,14,00-0037175,A.Brown,QB,BAL,PIT,3,5,16.0,0,0.0,1.0,4.0,3,-5.0,0,0,0,0.0,0,0.14,0.14,,,73.0,226.0,24.297944444444443,0.0,Oregon,2022.0,2022.0,,,,
2022,18,00-0037175,A.Brown,QB,BAL,CIN,19,44,286.0,0,2.0,4.0,10.0,0,0.0,0,0,0,0.0,0,5.44,5.44,,,73.0,226.0,24.297944444444443,0.0,Oregon,2022.0,2022.0,,,,
2022,1,00-0037197,I.Pacheco,RB,KC,ARI,0,0,0.0,0,0.0,0.0,0.0,12,62.0,1,0,0,0.0,0,12.2,12.2,,,70.0,215.0,23.7267,0.0,Rutgers,2022.0,2022.0,KC,251.0,,
2022,2,00-0037197,I.Pacheco,RB,KC,LAC,0,0,0.0,0,0.0,0.0,0.0,2,6.0,0,0,0,0.0,0,0.6,0.6,,,70.0,215.0,23.7267,0.0,Rutgers,2022.0,2022.0,KC,251.0,3.0,
2022,3,00-0037197,I.Pacheco,RB,KC,IND,0,0,0.0,0,0.0,0.0,0.0,3,9.0,0,0,0,0.0,0,0.9,0.9,,,70.0,215.0,23.7267,0.0,Rutgers,2022.0,2022.0,KC,251.0,,
2022,4,00-0037197,I.Pacheco,RB,KC,TB,0,0,0.0,0,0.0,0.0,0.0,11,63.0,0,0,0,0.0,0,6.3,6.3,,,70.0,215.0,23.7267,0.0,Rutgers,2022.0,2022.0,KC,251.0,,
2022,5,00-0037197,I.Pacheco,RB,KC,LV,0,0,0.0,0,0.0,0.0,0.0,1,0.0,0,0,0,0.0,0,0.0,0.0,,,70.0,215.0,23.7267,0.0,Rutgers,2022.0,2022.0,KC,251.0,1.0,
2022,6,00-0037197,I.Pacheco,RB,KC,BUF,0,0,0.0,0,0.0,0.0,0.0,2,9.0,0,2,2,9.0,0,1.8,3.8,,,70.0,215.0,23.7267,0.0,Rutgers,2022.0,2022.0,KC,251.0,-4.0,0.057142857
2022,7,00-0037197,I.Pacheco,RB,KC,SF,0,0,0.0,0,0.0,0.0,0.0,8,43.0,0,0,0,0.0,0,4.3,4.3,,,70.0,215.0,23.7267,0.0,Rutgers,2022.0,2022.0,KC,251.0,,
2022,9,00-0037197,I.Pacheco,RB,KC,TEN,0,0,0.0,0,0.0,0.0,0.0,5,5.0,0,1,1,4.0,0,0.9,1.9,,,70.0,215.0,23.7267,0.0,Rutgers,2022.0,2022.0,KC,251.0,3.0,0.016129032
2022,10,00-0037197,I.Pacheco,RB,KC,JAX,0,0,0.0,0,0.0,0.0,0.0,16,82.0,0,0,0,0.0,0,6.2,6.2,,,70.0,215.0,23.7267,0.0,Rutgers,2022.0,2022.0,KC,251.0,10.0,
2022,11,00-0037197,I.Pacheco,RB,KC,LAC,0,0,0.0,0,0.0,0.0,0.0,15,107.0,0,0,0,0.0,0,10.7,10.7,,,70.0,215.0,23.7267,0.0,Rutgers,2022.0,2022.0,KC,251.0,,
2022,12,00-0037197,I.Pacheco,RB,KC,LA,0,0,0.0,0,0.0,0.0,0.0,22,69.0,1,1,1,17.0,0,14.6,15.6,,,70.0,215.0,23.7267,0.0,Rutgers,2022.0,2022.0,KC,251.0,16.0,0.027027028
2022,13,00-0037197,I.Pacheco,RB,KC,CIN,0,0,0.0,0,0.0,0.0,0.0,14,66.0,1,2,2,16.0,0,14.2,16.2,,,70.0,215.0,23.7267,0.0,Rutgers,2022.0,2022.0,KC,251.0,,0.08695652
2022,14,00-0037197,I.Pacheco,RB,KC,DEN,0,0,0.0,0,0.0,0.0,0.0,13,70.0,0,3,3,23.0,0,9.3,12.3,,,70.0,215.0,23.7267,0.0,Rutgers,2022.0,2022.0,KC,251.0,,0.071428575
2022,15,00-0037197,I.Pacheco,RB,KC,HOU,0,0,0.0,0,0.0,0.0,0.0,15,86.0,0,1,1,11.0,0,7.7,8.7,,,70.0,215.0,23.7267,0.0,Rutgers,2022.0,2022.0,KC,251.0,,0.024390243
2022,16,00-0037197,I.Pacheco,RB,KC,SEA,0,0,0.0,0,0.0,0.0,0.0,14,58.0,0,2,1,32.0,0,9.0,10.0,,,70.0,215.0,23.7267,0.0,Rutgers,2022.0,2022.0,KC,251.0,14.0,0.074074075
2022,17,00-0037197,I.Pacheco,RB,KC,DEN,0,0,0.0,0,0.0,0.0,0.0,9,31.0,1,2,2,18.0,0,10.9,12.9,,,70.0,215.0,23.7267,0.0,Rutgers,2022.0,2022.0,KC,251.0,3.0,0.048780486
2022,18,00-0037197,I.Pacheco,RB,KC,LV,0,0,0.0,0,0.0,0.0,0.0,8,64.0,1,0,0,0.0,0,12.4,12.4,,,70.0,215.0,23.7267,0.0,Rutgers,2022.0,2022.0,KC,251.0,,
2022,20,00-0037197,I.Pacheco,RB,KC,JAX,0,0,0.0,0,0.0,0.0,0.0,12,95.0,0,1,1,6.0,0,10.1,11.1,,,70.0,215.0,23.7267,0.0,Rutgers,2022.0,2022.0,KC,251.0,7.0,0.028571429
2022,21,00-0037197,I.Pacheco,RB,KC,CIN,0,0,0.0,0,0.0,0.0,0.0,10,26.0,0,6,5,59.0,0,8.5,13.5,,,70.0,215.0,23.7267,0.0,Rutgers,2022.0,2022.0,KC,251.0,3.0,0.14634146
2022,22,00-0037197,I.Pacheco,RB,KC,PHI,0,0,0.0,0,0.0,0.0,0.0,15,76.0,1,0,0,0.0,0,13.6,13.6,,,70.0,215.0,23.7267,0.0,Rutgers,2022.0,2022.0,KC,251.0,,
2022,1,00-0037228,J.Warren,RB,PIT,CIN,0,0,0.0,0,0.0,0.0,0.0,3,7.0,0,1,0,0.0,0,0.7,0.7,,,68.0,225.0,24.02335294117647,0.0,Oklahoma State,2022.0,2022.0,,,,0.027027028
2022,2,00-0037228,J.Warren,RB,PIT,NE,0,0,0.0,0,0.0,0.0,0.0,4,15.0,0,1,1,0.0,0,1.5,2.5,,,68.0,225.0,24.02335294117647,0.0,Oklahoma State,2022.0,2022.0,,,-3.0,0.03125
2022,3,00-0037228,J.Warren,RB,PIT,CLE,0,0,0.0,0,0.0,0.0,0.0,4,30.0,0,1,1,3.0,0,3.3,4.3,,,68.0,225.0,24.02335294117647,0.0,Oklahoma State,2022.0,2022.0,,,,0.03125
2022,4,00-0037228,J.Warren,RB,PIT,NYJ,0,0,0.0,0,0.0,0.0,0.0,3,18.0,0,1,1,4.0,0,2.2,3.2,,,68.0,225.0,24.02335294117647,0.0,Oklahoma State,2022.0,2022.0,,,-4.0,0.04
2022,5,00-0037228,J.Warren,RB,PIT,BUF,0,0,0.0,0,0.0,0.0,0.0,5,24.0,0,5,4,39.0,0,6.3,10.3,,,68.0,225.0,24.02335294117647,0.0,Oklahoma State,2022.0,2022.0,,,,0.09803922
2022,6,00-0037228,J.Warren,RB,PIT,TB,0,0,0.0,0,0.0,0.0,0.0,2,2.0,0,0,0,0.0,0,0.2,0.2,,,68.0,225.0,24.02335294117647,0.0,Oklahoma State,2022.0,2022.0,,,2.0,
2022,7,00-0037228,J.Warren,RB,PIT,MIA,0,0,0.0,0,0.0,0.0,0.0,2,7.0,0,2,2,17.0,0,2.4,4.4,,,68.0,225.0,24.02335294117647,0.0,Oklahoma State,2022.0,2022.0,,,,0.04761905
2022,8,00-0037228,J.Warren,RB,PIT,PHI,0,0,0.0,0,0.0,0.0,0.0,6,50.0,0,3,3,25.0,0,7.5,10.5,,,68.0,225.0,24.02335294117647,0.0,Oklahoma State,2022.0,2022.0,,,,0.075
2022,10,00-0037228,J.Warren,RB,PIT,NO,0,0,0.0,0,0.0,0.0,0.0,9,37.0,0,3,3,40.0,0,7.7,10.7,,,68.0,225.0,24.02335294117647,0.0,Oklahoma State,2022.0,2022.0,,,10.0,0.115384616
2022,11,00-0037228,J.Warren,RB,PIT,CIN,0,0,0.0,0,0.0,0.0,0.0,0,0.0,0,1,1,9.0,0,0.9,1.9,,,68.0,225.0,24.02335294117647,0.0,Oklahoma State,2022.0,2022.0,,,-7.0,0.02631579
2022,13,00-0037228,J.Warren,RB,PIT,ATL,0,0,0.0,0,0.0,0.0,0.0,1,5.0,0,2,2,14.0,0,1.9,3.9,,,68.0,225.0,24.02335294117647,0.0,Oklahoma State,2022.0,2022.0,,,,0.074074075
2022,14,00-0037228,J.Warren,RB,PIT,BAL,0,0,0.0,0,0.0,0.0,0.0,3,11.0,0,3,2,16.0,0,2.7,4.7,,,68.0,225.0,24.02335294117647,0.0,Oklahoma State,2022.0,2022.0,,,-2.0,0.09677419
2022,15,00-0037228,J.Warren,RB,PIT,CAR,0,0,0.0,0,0.0,0.0,0.0,11,38.0,1,1,1,11.0,0,10.9,11.9,,,68.0,225.0,24.02335294117647,0.0,Oklahoma State,2022.0,2022.0,,,,0.04761905
2022,16,00-0037228,J.Warren,RB,PIT,LV,0,0,0.0,0,0.0,0.0,0.0,6,23.0,0,2,1,7.0,0,3.0,4.0,,,68.0,225.0,24.02335294117647,0.0,Oklahoma State,2022.0,2022.0,,,3.0,0.055555556
2022,17,00-0037228,J.Warren,RB,PIT,BAL,0,0,0.0,0,0.0,0.0,0.0,12,76.0,0,3,3,22.0,0,9.8,12.8,,,68.0,225.0,24.02335294117647,0.0,Oklahoma State,2022.0,2022.0,,,,0.11111111
2022,18,00-0037228,J.Warren,RB,PIT,CLE,0,0,0.0,0,0.0,0.0,0.0,6,36.0,0,4,3,7.0,0,4.3,7.3,,,68.0,225.0,24.02335294117647,0.0,Oklahoma State,2022.0,2022.0,,,14.0,0.14285715
2022,1,00-0037238,D.London,WR,ATL,NO,0,0,0.0,0,0.0,0.0,0.0,0,0.0,0,7,5,74.0,0,7.4,12.4,,,76.0,210.0,21.290588235294116,0.0,Southern California,2022.0,2022.0,ATL,8.0,-1.0,0.21875
2022,2,00-0037238,D.London,WR,ATL,LA,0,0,0.0,0,0.0,0.0,0.0,0,0.0,0,12,8,86.0,1,16.6,24.6,,,76.0,210.0,21.290588235294116,0.0,Southern California,2022.0,2022.0,ATL,8.0,,0.48
2022,3,00-0037238,D.London,WR,ATL,SEA,0,0,0.0,0,0.0,0.0,0.0,0,0.0,0,6,3,54.0,1,11.4,14.4,,,76.0,210.0,21.290588235294116,0.0,Southern California,2022.0,2022.0,ATL,8.0,,0.31578946
2022,4,00-0037238,D.London,WR,ATL,CLE,0,0,0.0,0,0.0,0.0,0.0,0,0.0,0,7,2,17.0,0,1.7,3.7,,,76.0,210.0,21.290588235294116,0.0,Southern California,2022.0,2022.0,ATL,8.0,3.0,0.3888889
2022,5,00-0037238,D.London,WR,ATL,TB,0,0,0.0,0,0.0,0.0,0.0,0,0.0,0,7,4,35.0,0,3.5,7.5,,,76.0,210.0,21.290588235294116,0.0,Southern California,2022.0,2022.0,ATL,8.0,,0.29166666
2022,6,00-0037238,D.London,WR,ATL,SF,0,0,0.0,0,0.0,0.0,0.0,0,0.0,0,4,3,40.0,0,4.0,7.0,,,76.0,210.0,21.290588235294116,0.0,Southern California,2022.0,2022.0,ATL,8.0,14.0,0.2857143
2022,7,00-0037238,D.London,WR,ATL,CIN,0,0,0.0,0,0.0,0.0,0.0,0,0.0,0,1,1,9.0,0,0.9,1.9,,,76.0,210.0,21.290588235294116,0.0,Southern California,2022.0,2022.0,ATL,8.0,,0.083333336
2022,8,00-0037238,D.London,WR,ATL,CAR,0,0,0.0,0,0.0,0.0,0.0,0,0.0,0,5,4,31.0,0,3.1,7.1,,,76.0,210.0,21.290588235294116,0.0,Southern California,2022.0,2022.0,ATL,8.0,3.0,0.17857143
2022,9,00-0037238,D.London,WR,ATL,LAC,0,0,0.0,0,0.0,0.0,0.0,0,0.0,0,7,3,23.0,0,0.3,3.3,,,76.0,210.0,21.290588235294116,0.0,Southern California,2022.0,2022.0,ATL,8.0,-3.0,0.3043478
2022,10,00-0037238,D.London,WR,ATL,CAR,0,0,0.0,0,0.0,0.0,0.0,0,0.0,0,6,5,38.0,1,9.8,14.8,,,76.0,210.0,21.290588235294116,0.0,Southern California,2022.0,2022.0,ATL,8.0,,0.20689656
2022,11,00-0037238,D.London,WR,ATL,CHI,0,0,0.0,0,0.0,0.0,0.0,0,0.0,0,3,1,2.0,1,6.2,7.2,,,76.0,210.0,21.290588235294116,0.0,Southern California,2022.0,2022.0,ATL,8.0,3.0,0.16666667
2022,12,00-0037238,D.London,WR,ATL,WAS,0,0,0.0,0,0.0,0.0,0.0,0,0.0,0,4,2,29.0,0,2.9,4.9,,,76.0,210.0,21.290588235294116,0.0,Southern California,2022.0,2022.0,ATL,8.0,,0.16666667
2022,13,00-0037238,D.London,WR,ATL,PIT,0,0,0.0,0,0.0,0.0,0.0,0,0.0,0,12,6,95.0,0,9.5,15.5,,,76.0,210.0,21.290588235294116,0.0,Southern California,2022.0,2022.0,ATL,8.0,-3.0,0.5
2022,15,00-0037238,D.London,WR,ATL,NO,0,0,0.0,0,0.0,0.0,0.0,0,0.0,0,11,7,70.0,0,5.0,12.0,,,76.0,210.0,21.290588235294116,0.0,Southern California,2022.0,2022.0,ATL,8.0,,0.42307693
2022,16,00-0037238,D.London,WR,ATL,BAL,0,0,0.0,0,0.0,0.0,0.0,0,0.0,0,9,7,96.0,0,7.6,14.6,,,76.0,210.0,21.290588235294116,0.0,Southern California,2022.0,2022.0,ATL,8.0,,0.29032257
2022,17,00-0037238,D.London,WR,ATL,ARI,0,0,0.0,0,0.0,0.0,0.0,0,0.0,0,8,5,47.0,0,4.7,9.7,,,76.0,210.0,21.290588235294116,0.0,Southern California,2022.0,2022.0,ATL,8.0,1.0,0.32
2022,18,00-0037238,D.London,WR,ATL,TB,0,0,0.0,0,0.0,0.0,0.0,0,0.0,0,8,6,120.0,0,12.0,18.0,,,76.0,210.0,21.290588235294116,0.0,Southern California,2022.0,2022.0,ATL,8.0,13.0,0.2857143
2022,1,00-0037239,C.Olave,WR,NO,ATL,0,0,0.0,0,0.0,0.0,0.0,0,0.0,0,3,3,41.0,0,6.1,9.1,,,73.0,185.0,22.364176470588237,0.0,Ohio State,2022.0,2022.0,NO,11.0,,0.09375
2022,2,00-0037239,C.Olave,WR,NO,TB,0,0,0.0,0,0.0,0.0,0.0,0,0.0,0,13,5,80.0,0,6.0,11.0,,,73.0,185.0,22.364176470588237,0.0,Ohio State,2022.0,2022.0,NO,11.0,-10.0,0.325
2022,3,00-0037239,C.Olave,WR,NO,CAR,0,0,0.0,0,0.0,0.0,0.0,0,0.0,0,13,9,147.0,0,14.7,23.7,,,73.0,185.0,22.364176470588237,0.0,Ohio State,2022.0,2022.0,NO,11.0,,0.33333334
2022,4,00-0037239,C.Olave,WR,NO,MIN,0,0,0.0,0,0.0,0.0,0.0,0,0.0,0,7,4,67.0,1,12.7,16.7,,,73.0,185.0,22.364176470588237,0.0,Ohio State,2022.0,2022.0,NO,11.0,-3.0,0.25
2022,5,00-0037239,C.Olave,WR,NO,SEA,0,0,0.0,0,0.0,0.0,0.0,0,0.0,0,6,4,54.0,1,11.4,15.4,,,73.0,185.0,22.364176470588237,0.0,Ohio State,2022.0,2022.0,NO,11.0,7.0,0.24
2022,7,00-0037239,C.Olave,WR,NO,ARI,0,0,0.0,0,0.0,0.0,0.0,0,0.0,0,14,7,106.0,0,10.6,17.6,,,73.0,185.0,22.364176470588237,0.0,Ohio State,2022.0,2022.0,NO,11.0,,0.3043478
2022,8,00-0037239,C.Olave,WR,NO,LV,0,0,0.0,0,0.0,0.0,0.0,0,0.0,0,7,5,52.0,0,5.2,10.2,,,73.0,185.0,22.364176470588237,0.0,Ohio State,2022.0,2022.0,NO,11.0,24.0,0.23333333
2022,9,00-0037239,C.Olave,WR,NO,BAL,0,0,0.0,0,0.0,0.0,0.0,0,0.0,0,9,6,71.0,0,7.1,13.1,,,73.0,185.0,22.364176470588237,0.0,Ohio State,2022.0,2022.0,NO,11.0,-14.0,0.32142857
2022,10,00-0037239,C.Olave,WR,NO,PIT,0,0,0.0,0,0.0,0.0,0.0,0,0.0,0,5,3,40.0,0,4.0,7.0,,,73.0,185.0,22.364176470588237,0.0,Ohio State,2022.0,2022.0,NO,11.0,,0.17857143
2022,11,00-0037239,C.Olave,WR,NO,LA,0,0,0.0,0,0.0,0.0,0.0,0,0.0,0,6,5,102.0,1,16.2,21.2,,,73.0,185.0,22.364176470588237,0.0,Ohio State,2022.0,2022.0,NO,11.0,7.0,0.22222222
2022,12,00-0037239,C.Olave,WR,NO,SF,0,0,0.0,0,0.0,0.0,0.0,0,0.0,0,9,5,62.0,0,6.2,11.2,,,73.0,185.0,22.364176470588237,0.0,Ohio State,2022.0,2022.0,NO,11.0,,0.3
2022,13,00-0037239,C.Olave,WR,NO,TB,0,0,0.0,0,0.0,0.0,0.0,0,0.0,0,6,4,65.0,0,6.5,10.5,,,73.0,185.0,22.364176470588237,0.0,Ohio State,2022.0,2022.0,NO,11.0,,0.21428572
2022,15,00-0037239,C.Olave,WR,NO,ATL,0,0,0.0,0,0.0,0.0,0.0,0,0.0,0,4,3,53.0,0,5.3,8.3,,,73.0,185.0,22.364176470588237,0.0,Ohio State,2022.0,2022.0,NO,11.0,3.0,0.21052632
2022,17,00-0037239,C.Olave,WR,NO,PHI,0,0,0.0,0,0.0,0.0,0.0,0,0.0,0,5,4,42.0,0,4.2,8.2,,,73.0,185.0,22.364176470588237,0.0,Ohio State,2022.0,2022.0,NO,11.0,,0.2173913
2022,18,00-0037239,C.Olave,WR,NO,CAR,0,0,0.0,0,0.0,0.0,0.0,0,0.0,0,12,5,60.0,1,10.0,15.0,,,73.0,185.0,22.364176470588237,0.0,Ohio State,2022.0,2022.0,NO,11.0,-3.0,0.48
2022,13,00-0037240,J.Williams,WR,DET,JAX,0,0,0.0,0,0.0,0.0,0.0,0,0.0,0,1,0,0.0,0,0.0,0.0,,,73.0,189.0,21.628235294117648,0.0,Alabama,2022.0,2022.0,DET,12.0,26.0,0.025641026
2022,14,00-0037240,J.Williams,WR,DET,MIN,0,0,0.0,0,0.0,0.0,0.0,0,0.0,0,2,1,41.0,1,10.1,11.1,,,73.0,189.0,21.628235294117648,0.0,Alabama,2022.0,2022.0,DET,12.0,11.0,0.055555556
2022,15,00-0037240,J.Williams,WR,DET,NYJ,0,0,0.0,0,0.0,0.0,0.0,0,0.0,0,1,0,0.0,0,0.0,0.0,,,73.0,189.0,21.628235294117648,0.0,Alabama,2022.0,2022.0,DET,12.0,,0.027777778
2022,16,00-0037240,J.Williams,WR,DET,CAR,0,0,0.0,0,0.0,0.0,0.0,0,0.0,0,1,0,0.0,0,0.0,0.0,,,73.0,189.0,21.628235294117648,0.0,Alabama,2022.0,2022.0,DET,12.0,,0.024390243
2022,17,00-0037240,J.Williams,WR,DET,CHI,0,0,0.0,0,0.0,0.0,0.0,1,40.0,0,3,0,0.0,0,4.0,4.0,,,73.0,189.0,21.628235294117648,0.0,Alabama,2022.0,2022.0,DET,12.0,31.0,0.10344828
2022,18,00-0037240,J.Williams,WR,DET,GB,0,0,0.0,0,0.0,0.0,0.0,0,0.0,0,1,0,0.0,0,0.0,0.0,,,73.0,189.0,21.628235294117648,0.0,Alabama,2022.0,2022.0,DET,12.0,,0.030303031
2022,1,00-0037247,G.Pickens,WR,PIT,CIN,0,0,0.0,0,0.0,0.0,0.0,0,0.0,0,3,1,3.0,0,0.3,1.3,,,75.0,200.0,21.68517647058823,0.0,Georgia,2022.0,2022.0,PIT,52.0,,0.08108108
2022,2,00-0037247,G.Pickens,WR,PIT,NE,0,0,0.0,0,0.0,0.0,0.0,0,0.0,0,2,1,23.0,0,2.3,3.3,,,75.0,200.0,21.68517647058823,0.0,Georgia,2022.0,2022.0,PIT,52.0,-3.0,0.0625
2022,3,00-0037247,G.Pickens,WR,PIT,CLE,0,0,0.0,0,0.0,0.0,0.0,0,0.0,0,7,3,39.0,0,3.9,6.9,,,75.0,200.0,21.68517647058823,0.0,Georgia,2022.0,2022.0,PIT,52.0,,0.21875
2022,4,00-0037247,G.Pickens,WR,PIT,NYJ,0,0,0.0,0,0.0,0.0,0.0,0,0.0,0,8,6,102.0,0,10.2,16.2,,,75.0,200.0,21.68517647058823,0.0,Georgia,2022.0,2022.0,PIT,52.0,-4.0,0.32
2022,5,00-0037247,G.Pickens,WR,PIT,BUF,0,0,0.0,0,0.0,0.0,0.0,0,0.0,0,8,6,83.0,0,8.3,14.3,,,75.0,200.0,21.68517647058823,0.0,Georgia,2022.0,2022.0,PIT,52.0,,0.15686275
2022,6,00-0037247,G.Pickens,WR,PIT,TB,0,0,0.0,0,0.0,0.0,0.0,1,1.0,0,6,3,27.0,0,2.8,5.8,,,75.0,200.0,21.68517647058823,0.0,Georgia,2022.0,2022.0,PIT,52.0,2.0,0.22222222
2022,7,00-0037247,G.Pickens,WR,PIT,MIA,0,0,0.0,0,0.0,0.0,0.0,0,0.0,0,6,6,61.0,1,12.1,18.1,,,75.0,200.0,21.68517647058823,0.0,Georgia,2022.0,2022.0,PIT,52.0,,0.14285715
2022,8,00-0037247,G.Pickens,WR,PIT,PHI,0,0,0.0,0,0.0,0.0,0.0,0,0.0,0,3,0,0.0,0,0.0,0.0,,,75.0,200.0,21.68517647058823,0.0,Georgia,2022.0,2022.0,PIT,52.0,,0.075
2022,10,00-0037247,G.Pickens,WR,PIT,NO,0,0,0.0,0,0.0,0.0,0.0,2,23.0,1,4,3,32.0,0,11.5,14.5,,,75.0,200.0,21.68517647058823,0.0,Georgia,2022.0,2022.0,PIT,52.0,10.0,0.15384616
2022,11,00-0037247,G.Pickens,WR,PIT,CIN,0,0,0.0,0,0.0,0.0,0.0,0,0.0,0,6,4,83.0,1,14.3,18.3,,,75.0,200.0,21.68517647058823,0.0,Georgia,2022.0,2022.0,PIT,52.0,-7.0,0.15789473
2022,12,00-0037247,G.Pickens,WR,PIT,IND,0,0,0.0,0,0.0,0.0,0.0,0,0.0,0,6,3,57.0,0,7.7,10.7,,,75.0,200.0,21.68517647058823,0.0,Georgia,2022.0,2022.0,PIT,52.0,,0.21428572
2022,13,00-0037247,G.Pickens,WR,PIT,ATL,0,0,0.0,0,0.0,0.0,0.0,0,0.0,0,2,1,2.0,0,0.2,1.2,,,75.0,200.0,21.68517647058823,0.0,Georgia,2022.0,2022.0,PIT,52.0,,0.074074075
2022,14,00-0037247,G.Pickens,WR,PIT,BAL,0,0,0.0,0,0.0,0.0,0.0,0,0.0,0,3,3,78.0,0,7.8,10.8,,,75.0,200.0,21.68517647058823,0.0,Georgia,2022.0,2022.0,PIT,52.0,-2.0,0.09677419
2022,15,00-0037247,G.Pickens,WR,PIT,CAR,0,0,0.0,0,0.0,0.0,0.0,0,0.0,0,5,2,53.0,0,5.3,7.3,,,75.0,200.0,21.68517647058823,0.0,Georgia,2022.0,2022.0,PIT,52.0,,0.23809524
2022,16,00-0037247,G.Pickens,WR,PIT,LV,0,0,0.0,0,0.0,0.0,0.0,0,0.0,0,5,5,57.0,1,11.7,16.7,,,75.0,200.0,21.68517647058823,0.0,Georgia,2022.0,2022.0,PIT,52.0,3.0,0.1388889
2022,17,00-0037247,G.Pickens,WR,PIT,BAL,0,0,0.0,0,0.0,0.0,0.0,0,0.0,0,4,2,29.0,0,2.9,4.9,,,75.0,200.0,21.68517647058823,0.0,Georgia,2022.0,2022.0,PIT,52.0,,0.14814815
2022,18,00-0037247,G.Pickens,WR,PIT,CLE,0,0,0.0,0,0.0,0.0,0.0,0,0.0,0,6,3,72.0,1,13.2,16.2,,,75.0,200.0,21.68517647058823,0.0,Georgia,2022.0,2022.0,PIT,52.0,14.0,0.21428572
2022,1,00-0037248,J.Cook,RB,BUF,LA,0,0,0.0,0,0.0,0.0,0.0,1,2.0,0,0,0,0.0,0,-1.8,-1.8,,,71.0,190.0,23.139666666666667,0.0,Georgia,2022.0,2022.0,BUF,63.0,,
2022,2,00-0037248,J.Cook,RB,BUF,TEN,0,0,0.0,0,0.0,0.0,0.0,11,53.0,0,1,0,0.0,0,5.3,5.3,,,71.0,190.0,23.139666666666667,0.0,Georgia,2022.0,2022.0,BUF,63.0,34.0,0.025641026
2022,3,00-0037248,J.Cook,RB,BUF,MIA,0,0,0.0,0,0.0,0.0,0.0,1,3.0,0,5,4,37.0,0,4.0,8.0,,,71.0,190.0,23.139666666666667,0.0,Georgia,2022.0,2022.0,BUF,63.0,,0.0877193
2022,4,00-0037248,J.Cook,RB,BUF,BAL,0,0,0.0,0,0.0,0.0,0.0,0,0.0,0,1,0,0.0,0,0.0,0.0,,,71.0,190.0,23.139666666666667,0.0,Georgia,2022.0,2022.0,BUF,63.0,,0.029411765
2022,5,00-0037248,J.Cook,RB,BUF,PIT,0,0,0.0,0,0.0,0.0,0.0,4,31.0,1,0,0,0.0,0,9.1,9.1,,,71.0,190.0,23.139666666666667,0.0,Georgia,2022.0,2022.0,BUF,63.0,35.0,
2022,6,00-0037248,J.Cook,RB,BUF,KC,0,0,0.0,0,0.0,0.0,0.0,2,8.0,0,0,0,0.0,0,0.8,0.8,,,71.0,190.0,23.139666666666667,0.0,Georgia,2022.0,2022.0,BUF,63.0,,
2022,8,00-0037248,J.Cook,RB,BUF,GB,0,0,0.0,0,0.0,0.0,0.0,5,35.0,0,1,1,41.0,0,7.6,8.6,,,71.0,190.0,23.139666666666667,0.0,Georgia,2022.0,2022.0,BUF,63.0,10.0,0.04
2022,9,00-0037248,J.Cook,RB,BUF,NYJ,0,0,0.0,0,0.0,0.0,0.0,4,15.0,0,4,2,18.0,0,3.3,5.3,,,71.0,190.0,23.139666666666667,0.0,Georgia,2022.0,2022.0,BUF,63.0,,0.121212125
2022,10,00-0037248,J.Cook,RB,BUF,MIN,0,0,0.0,0,0.0,0.0,0.0,5,22.0,0,0,0,0.0,0,2.2,2.2,,,71.0,190.0,23.139666666666667,0.0,Georgia,2022.0,2022.0,BUF,63.0,-3.0,
2022,11,00-0037248,J.Cook,RB,BUF,CLE,0,0,0.0,0,0.0,0.0,0.0,11,86.0,0,1,0,0.0,0,8.6,8.6,,,71.0,190.0,23.139666666666667,0.0,Georgia,2022.0,2022.0,BUF,63.0,8.0,0.041666668
2022,12,00-0037248,J.Cook,RB,BUF,DET,0,0,0.0,0,0.0,0.0,0.0,2,4.0,0,5,2,14.0,0,1.8,3.8,,,71.0,190.0,23.139666666666667,0.0,Georgia,2022.0,2022.0,BUF,63.0,,0.12820514
2022,13,00-0037248,J.Cook,RB,BUF,NE,0,0,0.0,0,0.0,0.0,0.0,14,64.0,0,6,6,41.0,0,10.5,16.5,,,71.0,190.0,23.139666666666667,0.0,Georgia,2022.0,2022.0,BUF,63.0,,0.18181819
2022,14,00-0037248,J.Cook,RB,BUF,NYJ,0,0,0.0,0,0.0,0.0,0.0,4,6.0,0,1,1,9.0,0,1.5,2.5,,,71.0,190.0,23.139666666666667,0.0,Georgia,2022.0,2022.0,BUF,63.0,8.0,0.037037037
2022,15,00-0037248,J.Cook,RB,BUF,MIA,0,0,0.0,0,0.0,0.0,0.0,5,34.0,0,3,2,5.0,1,9.9,11.9,,,71.0,190.0,23.139666666666667,0.0,Georgia,2022.0,2022.0,BUF,63.0,3.0,0.078947365
2022,16,00-0037248,J.Cook,RB,BUF,CHI,0,0,0.0,0,0.0,0.0,0.0,11,99.0,1,2,1,9.0,0,16.8,17.8,,,71.0,190.0,23.139666666666667,0.0,Georgia,2022.0,2022.0,BUF,63.0,,0.08
2022,18,00-0037248,J.Cook,RB,BUF,NE,0,0,0.0,0,0.0,0.0,0.0,9,45.0,0,2,2,6.0,0,5.1,7.1,,,71.0,190.0,23.139666666666667,0.0,Georgia,2022.0,2022.0,BUF,63.0,12.0,0.06451613
2022,19,00-0037248,J.Cook,RB,BUF,MIA,0,0,0.0,0,0.0,0.0,0.0,12,39.0,1,0,0,0.0,0,9.9,9.9,,,71.0,190.0,23.139666666666667,0.0,Georgia,2022.0,2022.0,BUF,63.0,3.0,
2022,20,00-0037248,J.Cook,RB,BUF,CIN,0,0,0.0,0,0.0,0.0,0.0,5,13.0,0,0,0,0.0,0,1.3,1.3,,,71.0,190.0,23.139666666666667,0.0,Georgia,2022.0,2022.0,BUF,63.0,-17.0,
2022,6,00-0037252,G.Dulcich,TE,DEN,LAC,0,0,0.0,0,0.0,0.0,0.0,0,0.0,0,3,2,44.0,1,10.4,12.4,,,76.0,250.0,22.624588235294116,0.0,UCLA,2022.0,2022.0,DEN,80.0,,0.12
2022,7,00-0037252,G.Dulcich,TE,DEN,NYJ,0,0,0.0,0,0.0,0.0,0.0,0,0.0,0,9,6,51.0,0,5.1,11.1,,,76.0,250.0,22.624588235294116,0.0,UCLA,2022.0,2022.0,DEN,80.0,-7.0,0.2
2022,8,00-0037252,G.Dulcich,TE,DEN,JAX,0,0,0.0,0,0.0,0.0,0.0,0,0.0,0,5,4,87.0,0,8.7,12.7,,,76.0,250.0,22.624588235294116,0.0,UCLA,2022.0,2022.0,DEN,80.0,,0.1923077
2022,10,00-0037252,G.Dulcich,TE,DEN,TEN,0,0,0.0,0,0.0,0.0,0.0,0,0.0,0,4,1,11.0,0,1.1,2.1,,,76.0,250.0,22.624588235294116,0.0,UCLA,2022.0,2022.0,DEN,80.0,,0.102564104
2022,11,00-0037252,G.Dulcich,TE,DEN,LV,0,0,0.0,0,0.0,0.0,0.0,0,0.0,0,5,4,30.0,0,3.0,7.0,,,76.0,250.0,22.624588235294116,0.0,UCLA,2022.0,2022.0,DEN,80.0,-6.0,0.17857143
2022,12,00-0037252,G.Dulcich,TE,DEN,CAR,0,0,0.0,0,0.0,0.0,0.0,0,0.0,0,3,2,11.0,0,1.1,3.1,,,76.0,250.0,22.624588235294116,0.0,UCLA,2022.0,2022.0,DEN,80.0,,0.09375
2022,13,00-0037252,G.Dulcich,TE,DEN,BAL,0,0,0.0,0,0.0,0.0,0.0,0,0.0,0,8,6,85.0,0,8.5,14.5,,,76.0,250.0,22.624588235294116,0.0,UCLA,2022.0,2022.0,DEN,80.0,,0.3809524
2022,14,00-0037252,G.Dulcich,TE,DEN,KC,0,0,0.0,0,0.0,0.0,0.0,0,0.0,0,8,3,42.0,0,4.2,7.2,,,76.0,250.0,22.624588235294116,0.0,UCLA,2022.0,2022.0,DEN,80.0,-6.0,0.18604651
2022,15,00-0037252,G.Dulcich,TE,DEN,ARI,0,0,0.0,0,0.0,0.0,0.0,0,0.0,0,2,1,11.0,0,1.1,2.1,,,76.0,250.0,22.624588235294116,0.0,UCLA,2022.0,2022.0,DEN,80.0,9.0,0.07692308
2022,16,00-0037252,G.Dulcich,TE,DEN,LA,0,0,0.0,0,0.0,0.0,0.0,0,0.0,0,8,4,39.0,1,9.9,13.9,,,76.0,250.0,22.624588235294116,0.0,UCLA,2022.0,2022.0,DEN,80.0,,0.23529412
2022,11,00-0037253,M.Jones,CB,NE,NE,0,0,0.0,0,0.0,0.0,0.0,0,0.0,0,0,0,0.0,0,6.0,6.0,,,68.0,185.0,24.049235294117647,0.0,Houston,2022.0,2022.0,NE,85.0,7.0,
2022,13,00-0037253,M.Jones,CB,NE,BUF,0,0,0.0,0,0.0,0.0,0.0,0,0.0,0,2,2,51.0,1,11.1,13.1,,,68.0,185.0,24.049235294117647,0.0,Houston,2022.0,2022.0,NE,85.0,-14.0,0.05882353
2022,14,00-0037253,M.Jones,CB,NE,ARI,0,0,0.0,0,0.0,0.0,0.0,0,0.0,0,1,1,12.0,0,1.2,2.2,,,68.0,185.0,24.049235294117647,0.0,Houston,2022.0,2022.0,NE,85.0,,0.030303031
2022,16,00-0037253,M.Jones,CB,NE,CIN,0,0,0.0,0,0.0,0.0,0.0,0,0.0,0,1,1,15.0,0,1.5,2.5,,,68.0,185.0,24.049235294117647,0.0,Houston,2022.0,2022.0,NE,85.0,-4.0,0.032258064
2022,1,00-0037256,R.White,RB,TB,DAL,0,0,0.0,0,0.0,0.0,0.0,6,14.0,0,2,2,7.0,0,2.1,4.1,,,72.0,210.0,23.834555555555553,0.0,Arizona State,2022.0,2022.0,TB,91.0,,0.074074075
2022,2,00-0037256,R.White,RB,TB,NO,0,0,0.0,0,0.0,0.0,0.0,2,1.0,0,2,0,0.0,0,0.1,0.1,,,72.0,210.0,23.834555555555553,0.0,Arizona State,2022.0,2022.0,TB,91.0,,0.060606062
2022,4,00-0037256,R.White,RB,TB,KC,0,0,0.0,0,0.0,0.0,0.0,3,6.0,1,5,5,50.0,0,11.6,16.6,,,72.0,210.0,23.834555555555553,0.0,Arizona State,2022.0,2022.0,TB,91.0,-10.0,0.09615385
2022,5,00-0037256,R.White,RB,TB,ATL,0,0,0.0,0,0.0,0.0,0.0,5,14.0,0,4,3,28.0,0,4.2,7.2,,,72.0,210.0,23.834555555555553,0.0,Arizona State,2022.0,2022.0,TB,91.0,6.0,0.08
2022,6,00-0037256,R.White,RB,TB,PIT,0,0,0.0,0,0.0,0.0,0.0,4,12.0,0,4,3,11.0,0,2.3,5.3,,,72.0,210.0,23.834555555555553,0.0,Arizona State,2022.0,2022.0,TB,91.0,,0.10810811
2022,7,00-0037256,R.White,RB,TB,CAR,0,0,0.0,0,0.0,0.0,0.0,6,24.0,0,2,1,8.0,0,3.2,4.2,,,72.0,210.0,23.834555555555553,0.0,Arizona State,2022.0,2022.0,TB,91.0,,0.041666668
2022,8,00-0037256,R.White,RB,TB,BAL,0,0,0.0,0,0.0,0.0,0.0,4,19.0,0,3,3,24.0,0,4.3,7.3,,,72.0,210.0,23.834555555555553,0.0,Arizona State,2022.0,2022.0,TB,91.0,-5.0,0.071428575
2022,9,00-0037256,R.White,RB,TB,LA,0,0,0.0,0,0.0,0.0,0.0,8,27.0,0,3,3,7.0,0,3.4,6.4,,,72.0,210.0,23.834555555555553,0.0,Arizona State,2022.0,2022.0,TB,91.0,3.0,0.054545455
2022,10,00-0037256,R.White,RB,TB,SEA,0,0,0.0,0,0.0,0.0,0.0,22,105.0,0,0,0,0.0,0,10.5,10.5,,,72.0,210.0,23.834555555555553,0.0,Arizona State,2022.0,2022.0,TB,91.0,5.0,
2022,12,00-0037256,R.White,RB,TB,CLE,0,0,0.0,0,0.0,0.0,0.0,14,64.0,0,9,9,45.0,0,10.9,19.9,,,72.0,210.0,23.834555555555553,0.0,Arizona State,2022.0,2022.0,TB,91.0,,0.21428572
2022,13,00-0037256,R.White,RB,TB,NO,0,0,0.0,0,0.0,0.0,0.0,9,28.0,0,8,6,41.0,1,10.9,16.9,,,72.0,210.0,23.834555555555553,0.0,Arizona State,2022.0,2022.0,TB,91.0,1.0,0.1509434
2022,14,00-0037256,R.White,RB,TB,SF,0,0,0.0,0,0.0,0.0,0.0,13,56.0,0,5,5,21.0,0,5.7,10.7,,,72.0,210.0,23.834555555555553,0.0,Arizona State,2022.0,2022.0,TB,91.0,,0.09803922
2022,15,00-0037256,R.White,RB,TB,CIN,0,0,0.0,0,0.0,0.0,0.0,11,38.0,0,2,1,5.0,0,4.3,5.3,,,72.0,210.0,23.834555555555553,0.0,Arizona State,2022.0,2022.0,TB,91.0,-11.0,0.04761905
2022,16,00-0037256,R.White,RB,TB,ARI,0,0,0.0,0,0.0,0.0,0.0,7,36.0,0,4,4,17.0,1,11.3,15.3,,,72.0,210.0,23.834555555555553,0.0,Arizona State,2022.0,2022.0,TB,91.0,,0.083333336
2022,17,00-0037256,R.White,RB,TB,CAR,0,0,0.0,0,0.0,0.0,0.0,11,22.0,0,5,5,26.0,0,4.8,9.8,,,72.0,210.0,23.834555555555553,0.0,Arizona State,2022.0,2022.0,TB,91.0,6.0,0.11904762
2022,18,00-0037256,R.White,RB,TB,ATL,0,0,0.0,0,0.0,0.0,0.0,4,15.0,0,0,0,0.0,0,1.5,1.5,,,72.0,210.0,23.834555555555553,0.0,Arizona State,2022.0,2022.0,TB,91.0,,
2022,19,00-0037256,R.White,RB,TB,DAL,0,0,0.0,0,0.0,0.0,0.0,7,41.0,0,6,4,36.0,0,7.7,11.7,,,72.0,210.0,23.834555555555553,0.0,Arizona State,2022.0,2022.0,TB,91.0,-17.0,0.09836066
2022,2,00-0037257,D.Bell,WR,CLE,NYJ,0,0,0.0,0,0.0,0.0,0.0,0,0.0,0,1,1,6.0,0,0.6,1.6,,,73.0,205.0,21.904,0.0,Purdue,2022.0,2022.0,CLE,99.0,-1.0,0.037037037
2022,3,00-0037257,D.Bell,WR,CLE,PIT,0,0,0.0,0,0.0,0.0,0.0,0,0.0,0,1,1,6.0,0,0.6,1.6,,,73.0,205.0,21.904,0.0,Purdue,2022.0,2022.0,CLE,99.0,12.0,0.032258064
2022,4,00-0037257,D.Bell,WR,CLE,ATL,0,0,0.0,0,0.0,0.0,0.0,0,0.0,0,3,2,35.0,0,3.5,5.5,,,73.0,205.0,21.904,0.0,Purdue,2022.0,2022.0,CLE,99.0,,0.08571429
2022,5,00-0037257,D.Bell,WR,CLE,LAC,0,0,0.0,0,0.0,0.0,0.0,0,0.0,0,1,1,6.0,0,0.6,1.6,,,73.0,205.0,21.904,0.0,Purdue,2022.0,2022.0,CLE,99.0,-2.0,0.03125
2022,6,00-0037257,D.Bell,WR,CLE,NE,0,0,0.0,0,0.0,0.0,0.0,0,0.0,0,2,1,13.0,0,1.3,2.3,,,73.0,205.0,21.904,0.0,Purdue,2022.0,2022.0,CLE,99.0,-23.0,0.04761905
2022,7,00-0037257,D.Bell,WR,CLE,BAL,0,0,0.0,0,0.0,0.0,0.0,0,0.0,0,1,1,7.0,0,0.7,1.7,,,73.0,205.0,21.904,0.0,Purdue,2022.0,2022.0,CLE,99.0,,0.04
2022,8,00-0037257,D.Bell,WR,CLE,CIN,0,0,0.0,0,0.0,0.0,0.0,0,0.0,0,2,2,27.0,0,2.7,4.7,,,73.0,205.0,21.904,0.0,Purdue,2022.0,2022.0,CLE,99.0,19.0,0.1
2022,10,00-0037257,D.Bell,WR,CLE,MIA,0,0,0.0,0,0.0,0.0,0.0,0,0.0,0,5,3,24.0,0,2.4,5.4,,,73.0,205.0,21.904,0.0,Purdue,2022.0,2022.0,CLE,99.0,,0.14705883
2022,11,00-0037257,D.Bell,WR,CLE,BUF,0,0,0.0,0,0.0,0.0,0.0,0,0.0,0,5,4,22.0,0,2.2,6.2,,,73.0,205.0,21.904,0.0,Purdue,2022.0,2022.0,CLE,99.0,,0.12820514
2022,12,00-0037257,D.Bell,WR,CLE,TB,0,0,0.0,0,0.0,0.0,0.0,0,0.0,0,6,4,23.0,0,2.3,6.3,,,73.0,205.0,21.904,0.0,Purdue,2022.0,2022.0,CLE,99.0,6.0,0.16666667
2022,13,00-0037257,D.Bell,WR,CLE,HOU,0,0,0.0,0,0.0,0.0,0.0,0,0.0,0,1,0,0.0,0,0.0,0.0,,,73.0,205.0,21.904,0.0,Purdue,2022.0,2022.0,CLE,99.0,,0.04761905
2022,14,00-0037257,D.Bell,WR,CLE,CIN,0,0,0.0,0,0.0,0.0,0.0,0,0.0,0,3,3,27.0,0,2.7,5.7,,,73.0,205.0,21.904,0.0,Purdue,2022.0,2022.0,CLE,99.0,,0.07692308
2022,16,00-0037257,D.Bell,WR,CLE,NO,0,0,0.0,0,0.0,0.0,0.0,0,0.0,0,2,1,18.0,0,1.8,2.8,,,73.0,205.0,21.904,0.0,Purdue,2022.0,2022.0,CLE,99.0,-7.0,0.074074075
2022,18,00-0037257,D.Bell,WR,CLE,PIT,0,0,0.0,0,0.0,0.0,0.0,0,0.0,0,2,0,0.0,0,0.0,0.0,,,73.0,205.0,21.904,0.0,Purdue,2022.0,2022.0,CLE,99.0,,0.074074075
2022,1,00-0037258,D.Pierce,RB,HOU,IND,0,0,0.0,0,0.0,0.0,0.0,11,33.0,0,1,1,6.0,0,3.9,4.9,,,70.0,215.0,22.726176470588232,0.0,Florida,2022.0,2022.0,HOU,107.0,0.0,0.027777778
2022,2,00-0037258,D.Pierce,RB,HOU,DEN,0,0,0.0,0,0.0,0.0,0.0,15,69.0,0,1,1,8.0,0,7.7,8.7,,,70.0,215.0,22.726176470588232,0.0,Florida,2022.0,2022.0,HOU,107.0,,0.027027028
2022,3,00-0037258,D.Pierce,RB,HOU,CHI,0,0,0.0,0,0.0,0.0,0.0,20,80.0,1,2,2,21.0,0,16.1,18.1,,,70.0,215.0,22.726176470588232,0.0,Florida,2022.0,2022.0,HOU,107.0,,0.06451613
2022,4,00-0037258,D.Pierce,RB,HOU,LAC,0,0,0.0,0,0.0,0.0,0.0,14,131.0,1,6,6,8.0,0,19.9,25.9,,,70.0,215.0,22.726176470588232,0.0,Florida,2022.0,2022.0,HOU,107.0,-10.0,0.17142858
2022,5,00-0037258,D.Pierce,RB,HOU,JAX,0,0,0.0,0,0.0,0.0,0.0,26,99.0,1,5,3,14.0,0,17.3,20.3,,,70.0,215.0,22.726176470588232,0.0,Florida,2022.0,2022.0,HOU,107.0,,0.20833333
2022,7,00-0037258,D.Pierce,RB,HOU,LV,0,0,0.0,0,0.0,0.0,0.0,20,92.0,0,4,4,25.0,0,11.7,15.7,,,70.0,215.0,22.726176470588232,0.0,Florida,2022.0,2022.0,HOU,107.0,,0.1
2022,8,00-0037258,D.Pierce,RB,HOU,TEN,0,0,0.0,0,0.0,0.0,0.0,15,35.0,0,5,3,16.0,1,11.1,14.1,,,70.0,215.0,22.726176470588232,0.0,Florida,2022.0,2022.0,HOU,107.0,-7.0,0.16666667
2022,9,00-0037258,D.Pierce,RB,HOU,PHI,0,0,0.0,0,0.0,0.0,0.0,27,139.0,0,0,0,0.0,0,13.9,13.9,,,70.0,215.0,22.726176470588232,0.0,Florida,2022.0,2022.0,HOU,107.0,-12.0,
2022,10,00-0037258,D.Pierce,RB,HOU,NYG,0,0,0.0,0,0.0,0.0,0.0,17,94.0,0,3,2,28.0,0,10.2,12.2,,,70.0,215.0,22.726176470588232,0.0,Florida,2022.0,2022.0,HOU,107.0,,0.08108108
2022,11,00-0037258,D.Pierce,RB,HOU,WAS,0,0,0.0,0,0.0,0.0,0.0,10,8.0,0,3,2,9.0,0,1.7,3.7,,,70.0,215.0,22.726176470588232,0.0,Florida,2022.0,2022.0,HOU,107.0,-13.0,0.09375
2022,12,00-0037258,D.Pierce,RB,HOU,MIA,0,0,0.0,0,0.0,0.0,0.0,5,8.0,0,6,3,8.0,0,1.6,4.6,,,70.0,215.0,22.726176470588232,0.0,Florida,2022.0,2022.0,HOU,107.0,,0.15789473
2022,13,00-0037258,D.Pierce,RB,HOU,CLE,0,0,0.0,0,0.0,0.0,0.0,18,73.0,0,3,3,22.0,0,9.5,12.5,,,70.0,215.0,22.726176470588232,0.0,Florida,2022.0,2022.0,HOU,107.0,-13.0,0.08108108
2022,14,00-0037258,D.Pierce,RB,HOU,DAL,0,0,0.0,0,0.0,0.0,0.0,22,78.0,1,0,0,0.0,0,11.8,11.8,,,70.0,215.0,22.726176470588232,0.0,Florida,2022.0,2022.0,HOU,107.0,,
2022,2,00-0037261,K.Shakir,WR,BUF,TEN,0,0,0.0,0,0.0,0.0,0.0,0,0.0,0,2,0,0.0,0,0.0,0.0,,,72.0,190.0,22.781,0.0,Boise State,2022.0,2022.0,BUF,148.0,34.0,0.051282052
2022,4,00-0037261,K.Shakir,WR,BUF,BAL,0,0,0.0,0,0.0,0.0,0.0,0,0.0,0,2,2,23.0,0,2.3,4.3,,,72.0,190.0,22.781,0.0,Boise State,2022.0,2022.0,BUF,148.0,,0.05882353
2022,5,00-0037261,K.Shakir,WR,BUF,PIT,0,0,0.0,0,0.0,0.0,0.0,0,0.0,0,5,3,75.0,1,13.5,16.5,,,72.0,190.0,22.781,0.0,Boise State,2022.0,2022.0,BUF,148.0,35.0,0.1388889
2022,6,00-0037261,K.Shakir,WR,BUF,KC,0,0,0.0,0,0.0,0.0,0.0,0,0.0,0,2,1,14.0,0,1.4,2.4,,,72.0,190.0,22.781,0.0,Boise State,2022.0,2022.0,BUF,148.0,,0.05263158
2022,8,00-0037261,K.Shakir,WR,BUF,GB,0,0,0.0,0,0.0,0.0,0.0,0,0.0,0,2,0,0.0,0,0.0,0.0,,,72.0,190.0,22.781,0.0,Boise State,2022.0,2022.0,BUF,148.0,10.0,0.08
2022,10,00-0037261,K.Shakir,WR,BUF,MIN,0,0,0.0,0,0.0,0.0,0.0,0,0.0,0,2,1,6.0,0,0.6,1.6,,,72.0,190.0,22.781,0.0,Boise State,2022.0,2022.0,BUF,148.0,-3.0,0.048780486
2022,13,00-0037261,K.Shakir,WR,BUF,NE,0,0,0.0,0,0.0,0.0,0.0,0,0.0,0,1,1,10.0,0,1.0,2.0,,,72.0,190.0,22.781,0.0,Boise State,2022.0,2022.0,BUF,148.0,,0.030303031
2022,14,00-0037261,K.Shakir,WR,BUF,NYJ,0,0,0.0,0,0.0,0.0,0.0,0,0.0,0,1,0,0.0,0,0.0,0.0,,,72.0,190.0,22.781,0.0,Boise State,2022.0,2022.0,BUF,148.0,8.0,0.037037037
2022,16,00-0037261,K.Shakir,WR,BUF,CHI,0,0,0.0,0,0.0,0.0,0.0,0,0.0,0,1,1,5.0,0,2.5,3.5,,,72.0,190.0,22.781,0.0,Boise State,2022.0,2022.0,BUF,148.0,,0.04
2022,18,00-0037261,K.Shakir,WR,BUF,NE,0,0,0.0,0,0.0,0.0,0.0,0,0.0,0,2,1,28.0,0,2.8,3.8,,,72.0,190.0,22.781,0.0,Boise State,2022.0,2022.0,BUF,148.0,12.0,0.06451613
2022,19,00-0037261,K.Shakir,WR,BUF,MIA,0,0,0.0,0,0.0,0.0,0.0,0,0.0,0,5,3,51.0,0,5.1,8.1,,,72.0,190.0,22.781,0.0,Boise State,2022.0,2022.0,BUF,148.0,3.0,0.13513513
2022,20,00-0037261,K.Shakir,WR,BUF,CIN,0,0,0.0,0,0.0,0.0,0.0,0,0.0,0,2,2,40.0,0,4.0,6.0,,,72.0,190.0,22.781,0.0,Boise State,2022.0,2022.0,BUF,148.0,-17.0,0.05
2022,2,00-0037263,T.Allgeier,RB,ATL,LA,0,0,0.0,0,0.0,0.0,0.0,10,30.0,0,0,0,0.0,0,3.0,3.0,,,70.0,220.0,22.563764705882353,0.0,Brigham Young,2022.0,2022.0,ATL,151.0,,
2022,3,00-0037263,T.Allgeier,RB,ATL,SEA,0,0,0.0,0,0.0,0.0,0.0,6,25.0,0,1,1,5.0,0,3.0,4.0,,,70.0,220.0,22.563764705882353,0.0,Brigham Young,2022.0,2022.0,ATL,151.0,,0.05263158
2022,4,00-0037263,T.Allgeier,RB,ATL,CLE,0,0,0.0,0,0.0,0.0,0.0,10,84.0,0,1,1,20.0,0,10.4,11.4,,,70.0,220.0,22.563764705882353,0.0,Brigham Young,2022.0,2022.0,ATL,151.0,3.0,0.055555556
2022,5,00-0037263,T.Allgeier,RB,ATL,TB,0,0,0.0,0,0.0,0.0,0.0,13,45.0,0,0,0,0.0,0,4.5,4.5,,,70.0,220.0,22.563764705882353,0.0,Brigham Young,2022.0,2022.0,ATL,151.0,,
2022,6,00-0037263,T.Allgeier,RB,ATL,SF,0,0,0.0,0,0.0,0.0,0.0,15,51.0,0,0,0,0.0,0,5.1,5.1,,,70.0,220.0,22.563764705882353,0.0,Brigham Young,2022.0,2022.0,ATL,151.0,14.0,
2022,7,00-0037263,T.Allgeier,RB,ATL,CIN,0,0,0.0,0,0.0,0.0,0.0,16,50.0,1,0,0,0.0,0,11.0,11.0,,,70.0,220.0,22.563764705882353,0.0,Brigham Young,2022.0,2022.0,ATL,151.0,,
2022,8,00-0037263,T.Allgeier,RB,ATL,CAR,0,0,0.0,0,0.0,0.0,0.0,14,39.0,0,3,3,46.0,1,14.5,17.5,,,70.0,220.0,22.563764705882353,0.0,Brigham Young,2022.0,2022.0,ATL,151.0,3.0,0.10714286
2022,9,00-0037263,T.Allgeier,RB,ATL,LAC,0,0,0.0,0,0.0,0.0,0.0,10,99.0,0,1,1,24.0,0,12.3,13.3,,,70.0,220.0,22.563764705882353,0.0,Brigham Young,2022.0,2022.0,ATL,151.0,-3.0,0.04347826
2022,10,00-0037263,T.Allgeier,RB,ATL,CAR,0,0,0.0,0,0.0,0.0,0.0,8,20.0,0,3,3,-17.0,0,0.3,3.3,,,70.0,220.0,22.563764705882353,0.0,Brigham Young,2022.0,2022.0,ATL,151.0,,0.10344828
2022,11,00-0037263,T.Allgeier,RB,ATL,CHI,0,0,0.0,0,0.0,0.0,0.0,8,55.0,0,1,1,9.0,0,6.4,7.4,,,70.0,220.0,22.563764705882353,0.0,Brigham Young,2022.0,2022.0,ATL,151.0,3.0,0.055555556
2022,12,00-0037263,T.Allgeier,RB,ATL,WAS,0,0,0.0,0,0.0,0.0,0.0,11,54.0,0,0,0,0.0,0,5.4,5.4,,,70.0,220.0,22.563764705882353,0.0,Brigham Young,2022.0,2022.0,ATL,151.0,,
2022,13,00-0037263,T.Allgeier,RB,ATL,PIT,0,0,0.0,0,0.0,0.0,0.0,10,52.0,0,0,0,0.0,0,5.2,5.2,,,70.0,220.0,22.563764705882353,0.0,Brigham Young,2022.0,2022.0,ATL,151.0,-3.0,
2022,15,00-0037263,T.Allgeier,RB,ATL,NO,0,0,0.0,0,0.0,0.0,0.0,17,139.0,1,1,1,-3.0,0,21.6,22.6,,,70.0,220.0,22.563764705882353,0.0,Brigham Young,2022.0,2022.0,ATL,151.0,,0.03846154
2022,16,00-0037263,T.Allgeier,RB,ATL,BAL,0,0,0.0,0,0.0,0.0,0.0,18,74.0,0,5,4,43.0,0,11.7,15.7,,,70.0,220.0,22.563764705882353,0.0,Brigham Young,2022.0,2022.0,ATL,151.0,,0.16129032
2022,17,00-0037263,T.Allgeier,RB,ATL,ARI,0,0,0.0,0,0.0,0.0,0.0,20,83.0,1,1,1,12.0,0,15.5,16.5,,,70.0,220.0,22.563764705882353,0.0,Brigham Young,2022.0,2022.0,ATL,151.0,1.0,0.04
2022,18,00-0037263,T.Allgeier,RB,ATL,TB,0,0,0.0,0,0.0,0.0,0.0,24,135.0,0,0,0,0.0,0,13.5,13.5,,,70.0,220.0,22.563764705882353,0.0,Brigham Young,2022.0,2022.0,ATL,151.0,13.0,
2022,12,00-0037265,S.Conner,RB,JAX,BAL,0,0,0.0,0,0.0,0.0,0.0,3,11.0,0,0,0,0.0,0,1.1,1.1,,,70.0,220.0,22.29157894736842,0.0,Mississippi,2022.0,2022.0,JAX,154.0,1.0,
2022,13,00-0037265,S.Conner,RB,JAX,DET,0,0,0.0,0,0.0,0.0,0.0,1,6.0,0,0,0,0.0,0,0.6,0.6,,,70.0,220.0,22.29157894736842,0.0,Mississippi,2022.0,2022.0,JAX,154.0,,
2022,15,00-0037265,S.Conner,RB,JAX,DAL,0,0,0.0,0,0.0,0.0,0.0,1,3.0,0,0,0,0.0,0,0.3,0.3,,,70.0,220.0,22.29157894736842,0.0,Mississippi,2022.0,2022.0,JAX,154.0,6.0,
2022,16,00-0037265,S.Conner,RB,JAX,NYJ,0,0,0.0,0,0.0,0.0,0.0,2,5.0,0,0,0,0.0,0,0.5,0.5,,,70.0,220.0,22.29157894736842,0.0,Mississippi,2022.0,2022.0,JAX,154.0,,
2022,17,00-0037265,S.Conner,RB,JAX,HOU,0,0,0.0,0,0.0,0.0,0.0,5,17.0,1,0,0,0.0,0,7.7,7.7,,,70.0,220.0,22.29157894736842,0.0,Mississippi,2022.0,2022.0,JAX,154.0,,
2022,13,00-0037267,J.Ford,RB,CLE,HOU,0,0,0.0,0,0.0,0.0,0.0,3,3.0,0,0,0,0.0,0,0.3,0.3,,,70.0,220.0,23.160882352941176,0.0,Cincinnati,2022.0,2022.0,CLE,156.0,,
2022,17,00-0037267,J.Ford,RB,CLE,WAS,0,0,0.0,0,0.0,0.0,0.0,5,9.0,0,0,0,0.0,0,0.9,0.9,,,70.0,220.0,23.160882352941176,0.0,Cincinnati,2022.0,2022.0,CLE,156.0,,
2022,2,00-0037272,M.Washington,WR,DEN,HOU,0,0,0.0,0,0.0,0.0,0.0,1,19.0,0,1,0,0.0,0,1.9,1.9,,,70.0,170.0,23.65958823529412,0.0,Samford,2022.0,2022.0,DEN,162.0,7.0,0.035714287
2022,4,00-0037272,M.Washington,WR,DEN,LV,0,0,0.0,0,0.0,0.0,0.0,0,0.0,0,1,1,4.0,0,0.4,1.4,,,70.0,170.0,23.65958823529412,0.0,Samford,2022.0,2022.0,DEN,162.0,,0.04
2022,5,00-0037272,M.Washington,WR,DEN,IND,0,0,0.0,0,0.0,0.0,0.0,1,9.0,0,0,0,0.0,0,0.9,0.9,,,70.0,170.0,23.65958823529412,0.0,Samford,2022.0,2022.0,DEN,162.0,-3.0,
2022,6,00-0037272,M.Washington,WR,DEN,LAC,0,0,0.0,0,0.0,0.0,0.0,0,0.0,0,1,1,0.0,0,0.0,1.0,,,70.0,170.0,23.65958823529412,0.0,Samford,2022.0,2022.0,DEN,162.0,,0.04
2022,7,00-0037272,M.Washington,WR,DEN,NYJ,0,0,0.0,0,0.0,0.0,0.0,1,2.0,0,0,0,0.0,0,0.2,0.2,,,70.0,170.0,23.65958823529412,0.0,Samford,2022.0,2022.0,DEN,162.0,-7.0,
2022,8,00-0037272,M.Washington,WR,DEN,JAX,0,0,0.0,0,0.0,0.0,0.0,0,0.0,0,1,1,1.0,0,0.1,1.1,,,70.0,170.0,23.65958823529412,0.0,Samford,2022.0,2022.0,DEN,162.0,,0.03846154
2022,10,00-0037272,M.Washington,WR,DEN,TEN,0,0,0.0,0,0.0,0.0,0.0,0,0.0,0,1,0,0.0,0,0.0,0.0,,,70.0,170.0,23.65958823529412,0.0,Samford,2022.0,2022.0,DEN,162.0,,0.025641026
2022,12,00-0037272,M.Washington,WR,DEN,CAR,0,0,0.0,0,0.0,0.0,0.0,1,1.0,0,3,1,-3.0,0,-0.2,0.8,,,70.0,170.0,23.65958823529412,0.0,Samford,2022.0,2022.0,DEN,162.0,,0.09375
2022,13,00-0037272,M.Washington,WR,DEN,BAL,0,0,0.0,0,0.0,0.0,0.0,1,-1.0,0,1,0,0.0,0,-0.1,-0.1,,,70.0,170.0,23.65958823529412,0.0,Samford,2022.0,2022.0,DEN,162.0,,0.04761905
2022,1,00-0037273,K.Philips,WR,TEN,NYG,0,0,0.0,0,0.0,0.0,0.0,0,0.0,0,9,6,66.0,0,6.6,12.6,,,71.0,191.0,23.401823529411764,0.0,UCLA,2022.0,2022.0,TEN,163.0,-1.0,0.29032257
2022,2,00-0037273,K.Philips,WR,TEN,BUF,0,0,0.0,0,0.0,0.0,0.0,0,0.0,0,1,1,5.0,0,0.5,1.5,,,71.0,191.0,23.401823529411764,0.0,UCLA,2022.0,2022.0,TEN,163.0,,0.04347826
2022,4,00-0037273,K.Philips,WR,TEN,IND,0,0,0.0,0,0.0,0.0,0.0,0,0.0,0,1,0,0.0,0,0.0,0.0,,,71.0,191.0,23.401823529411764,0.0,UCLA,2022.0,2022.0,TEN,163.0,,0.04761905
2022,5,00-0037273,K.Philips,WR,TEN,WAS,0,0,0.0,0,0.0,0.0,0.0,0,0.0,0,2,1,7.0,0,0.7,1.7,,,71.0,191.0,23.401823529411764,0.0,UCLA,2022.0,2022.0,TEN,163.0,,0.08695652
2022,18,00-0037276,T.Chandler,RB,MIN,CHI,0,0,0.0,0,0.0,0.0,0.0,6,20.0,0,0,0,0.0,0,2.0,2.0,,,71.0,210.0,24.50922222222222,0.0,North Carolina,2022.0,2022.0,MIN,169.0,,
2022,9,00-0037277,T.Quitoriano,TE,HOU,PHI,0,0,0.0,0,0.0,0.0,0.0,0,0.0,0,1,1,2.0,1,6.2,7.2,,,78.0,259.0,22.657647058823528,0.0,Oregon State,2022.0,2022.0,HOU,170.0,-12.0,0.04761905
2022,11,00-0037277,T.Quitoriano,TE,HOU,WAS,0,0,0.0,0,0.0,0.0,0.0,0,0.0,0,1,0,0.0,0,0.0,0.0,,,78.0,259.0,22.657647058823528,0.0,Oregon State,2022.0,2022.0,HOU,170.0,-13.0,0.03125
2022,12,00-0037277,T.Quitoriano,TE,HOU,MIA,0,0,0.0,0,0.0,0.0,0.0,0,0.0,0,2,2,20.0,0,2.0,4.0,,,78.0,259.0,22.657647058823528,0.0,Oregon State,2022.0,2022.0,HOU,170.0,,0.05263158
2022,13,00-0037277,T.Quitoriano,TE,HOU,CLE,0,0,0.0,0,0.0,0.0,0.0,0,0.0,0,3,0,0.0,0,0.0,0.0,,,78.0,259.0,22.657647058823528,0.0,Oregon State,2022.0,2022.0,HOU,170.0,-13.0,0.08108108
2022,15,00-0037277,T.Quitoriano,TE,HOU,KC,0,0,0.0,0,0.0,0.0,0.0,0,0.0,0,2,1,8.0,1,6.8,7.8,,,78.0,259.0,22.657647058823528,0.0,Oregon State,2022.0,2022.0,HOU,170.0,-6.0,0.074074075
2022,16,00-0037277,T.Quitoriano,TE,HOU,TEN,0,0,0.0,0,0.0,0.0,0.0,0,0.0,0,1,0,0.0,0,0.0,0.0,,,78.0,259.0,22.657647058823528,0.0,Oregon State,2022.0,2022.0,HOU,170.0,,0.03448276
2022,18,00-0037277,T.Quitoriano,TE,HOU,IND,0,0,0.0,0,0.0,0.0,0.0,0,0.0,0,4,3,83.0,0,8.3,11.3,,,78.0,259.0,22.657647058823528,0.0,Oregon State,2022.0,2022.0,HOU,170.0,,0.10526316
2022,8,00-0037282,J.Mitchell,TE,DET,MIA,0,0,0.0,0,0.0,0.0,0.0,0,0.0,0,1,1,14.0,0,1.4,2.4,,,76.0,255.0,23.251823529411766,0.0,Virginia Tech,2022.0,2022.0,DET,177.0,-4.0,0.027027028
2022,9,00-0037282,J.Mitchell,TE,DET,GB,0,0,0.0,0,0.0,0.0,0.0,0,0.0,0,2,2,8.0,1,6.8,8.8,,,76.0,255.0,23.251823529411766,0.0,Virginia Tech,2022.0,2022.0,DET,177.0,6.0,0.083333336
2022,10,00-0037282,J.Mitchell,TE,DET,CHI,0,0,0.0,0,0.0,0.0,0.0,0,0.0,0,1,1,4.0,0,0.4,1.4,,,76.0,255.0,23.251823529411766,0.0,Virginia Tech,2022.0,2022.0,DET,177.0,,0.04
2022,12,00-0037282,J.Mitchell,TE,DET,BUF,0,0,0.0,0,0.0,0.0,0.0,0,0.0,0,1,1,22.0,0,2.2,3.2,,,76.0,255.0,23.251823529411766,0.0,Virginia Tech,2022.0,2022.0,DET,177.0,-3.0,0.028571429
2022,15,00-0037282,J.Mitchell,TE,DET,NYJ,0,0,0.0,0,0.0,0.0,0.0,0,0.0,0,2,2,12.0,0,1.2,3.2,,,76.0,255.0,23.251823529411766,0.0,Virginia Tech,2022.0,2022.0,DET,177.0,,0.055555556
2022,16,00-0037282,J.Mitchell,TE,DET,CAR,0,0,0.0,0,0.0,0.0,0.0,0,0.0,0,2,2,31.0,0,3.1,5.1,,,76.0,255.0,23.251823529411766,0.0,Virginia Tech,2022.0,2022.0,DET,177.0,,0.048780486
2022,17,00-0037282,J.Mitchell,TE,DET,CHI,0,0,0.0,0,0.0,0.0,0.0,0,0.0,0,1,1,15.0,0,1.5,2.5,,,76.0,255.0,23.251823529411766,0.0,Virginia Tech,2022.0,2022.0,DET,177.0,31.0,0.03448276
2022,18,00-0037282,J.Mitchell,TE,DET,GB,0,0,0.0,0,0.0,0.0,0.0,0,0.0,0,1,1,7.0,0,0.7,1.7,,,76.0,255.0,23.251823529411766,0.0,Virginia Tech,2022.0,2022.0,DET,177.0,,0.030303031
2022,6,00-0037286,K.Harris,RB,NE,CLE,0,0,0.0,0,0.0,0.0,0.0,3,5.0,0,0,0,0.0,0,0.5,0.5,,,70.0,220.0,21.976823529411764,0.0,South Carolina,2022.0,2022.0,NE,183.0,,
2022,13,00-0037286,K.Harris,RB,NE,BUF,0,0,0.0,0,0.0,0.0,0.0,1,-1.0,0,0,0,0.0,0,-0.1,-0.1,,,70.0,220.0,21.976823529411764,0.0,South Carolina,2022.0,2022.0,NE,183.0,-14.0,
2022,14,00-0037286,K.Harris,RB,NE,ARI,0,0,0.0,0,0.0,0.0,0.0,8,26.0,1,0,0,0.0,0,8.6,8.6,,,70.0,220.0,21.976823529411764,0.0,South Carolina,2022.0,2022.0,NE,183.0,,
2022,15,00-0037286,K.Harris,RB,NE,LV,0,0,0.0,0,0.0,0.0,0.0,5,19.0,0,0,0,0.0,0,1.9,1.9,,,70.0,220.0,21.976823529411764,0.0,South Carolina,2022.0,2022.0,NE,183.0,,
2022,16,00-0037286,K.Harris,RB,NE,CIN,0,0,0.0,0,0.0,0.0,0.0,1,3.0,0,0,0,0.0,0,0.3,0.3,,,70.0,220.0,21.976823529411764,0.0,South Carolina,2022.0,2022.0,NE,183.0,-4.0,
2022,4,00-0037291,J.Nailor,WR,MIN,NO,0,0,0.0,0,0.0,0.0,0.0,0,0.0,0,1,1,13.0,0,1.3,2.3,,,72.0,191.0,23.70422222222222,0.0,Michigan State,2022.0,2022.0,MIN,191.0,,0.028571429
2022,11,00-0037291,J.Nailor,WR,MIN,DAL,0,0,0.0,0,0.0,0.0,0.0,0,0.0,0,3,1,15.0,0,1.5,2.5,,,72.0,191.0,23.70422222222222,0.0,Michigan State,2022.0,2022.0,MIN,191.0,-37.0,0.10714286
2022,15,00-0037291,J.Nailor,WR,MIN,IND,0,0,0.0,0,0.0,0.0,0.0,0,0.0,0,1,0,0.0,0,0.0,0.0,,,72.0,191.0,23.70422222222222,0.0,Michigan State,2022.0,2022.0,MIN,191.0,3.0,0.018518519
2022,17,00-0037291,J.Nailor,WR,MIN,GB,0,0,0.0,0,0.0,0.0,0.0,0,0.0,0,3,3,89.0,1,14.9,17.9,,,72.0,191.0,23.70422222222222,0.0,Michigan State,2022.0,2022.0,MIN,191.0,,0.08571429
2022,18,00-0037291,J.Nailor,WR,MIN,CHI,0,0,0.0,0,0.0,0.0,0.0,0,0.0,0,5,4,62.0,0,6.2,10.2,,,72.0,191.0,23.70422222222222,0.0,Michigan State,2022.0,2022.0,MIN,191.0,,0.15625
2022,6,00-0037299,K.Ingram,RB,ARI,SEA,0,0,0.0,0,0.0,0.0,0.0,3,7.0,0,0,0,0.0,0,0.7,0.7,,,72.0,215.0,23.036235294117645,0.0,Southern California,2022.0,2022.0,ARI,201.0,,
2022,7,00-0037299,K.Ingram,RB,ARI,NO,0,0,0.0,0,0.0,0.0,0.0,9,14.0,1,2,2,23.0,0,9.7,11.7,,,72.0,215.0,23.036235294117645,0.0,Southern California,2022.0,2022.0,ARI,201.0,8.0,0.06896552
2022,9,00-0037299,K.Ingram,RB,ARI,SEA,0,0,0.0,0,0.0,0.0,0.0,1,2.0,0,0,0,0.0,0,0.2,0.2,,,72.0,215.0,23.036235294117645,0.0,Southern California,2022.0,2022.0,ARI,201.0,-10.0,
2022,10,00-0037299,K.Ingram,RB,ARI,LA,0,0,0.0,0,0.0,0.0,0.0,1,5.0,0,0,0,0.0,0,0.5,0.5,,,72.0,215.0,23.036235294117645,0.0,Southern California,2022.0,2022.0,ARI,201.0,,
2022,11,00-0037299,K.Ingram,RB,ARI,SF,0,0,0.0,0,0.0,0.0,0.0,5,19.0,0,0,0,0.0,0,1.9,1.9,,,72.0,215.0,23.036235294117645,0.0,Southern California,2022.0,2022.0,ARI,201.0,-28.0,
2022,12,00-0037299,K.Ingram,RB,ARI,LAC,0,0,0.0,0,0.0,0.0,0.0,2,5.0,0,0,0,0.0,0,0.5,0.5,,,72.0,215.0,23.036235294117645,0.0,Southern California,2022.0,2022.0,ARI,201.0,-1.0,
2022,14,00-0037299,K.Ingram,RB,ARI,NE,0,0,0.0,0,0.0,0.0,0.0,1,1.0,0,0,0,0.0,0,0.1,0.1,,,72.0,215.0,23.036235294117645,0.0,Southern California,2022.0,2022.0,ARI,201.0,-14.0,
2022,15,00-0037299,K.Ingram,RB,ARI,DEN,0,0,0.0,0,0.0,0.0,0.0,1,0.0,0,0,0,0.0,0,0.0,0.0,,,72.0,215.0,23.036235294117645,0.0,Southern California,2022.0,2022.0,ARI,201.0,,
2022,16,00-0037299,K.Ingram,RB,ARI,TB,0,0,0.0,0,0.0,0.0,0.0,1,2.0,0,0,0,0.0,0,0.2,0.2,,,72.0,215.0,23.036235294117645,0.0,Southern California,2022.0,2022.0,ARI,201.0,-3.0,
2022,18,00-0037299,K.Ingram,RB,ARI,SF,0,0,0.0,0,0.0,0.0,0.0,3,5.0,0,3,2,-2.0,0,0.3,2.3,,,72.0,215.0,23.036235294117645,0.0,Southern California,2022.0,2022.0,ARI,201.0,,0.11111111
2022,6,00-0037300,M.Woods,WR,CLE,NE,0,0,0.0,0,0.0,0.0,0.0,0,0.0,0,2,1,15.0,0,1.5,2.5,,,73.0,196.0,22.643176470588234,0.0,Oklahoma,2022.0,2022.0,CLE,202.0,-23.0,0.04761905
2022,8,00-0037300,M.Woods,WR,CLE,CIN,0,0,0.0,0,0.0,0.0,0.0,0,0.0,0,2,1,6.0,0,0.6,1.6,,,73.0,196.0,22.643176470588234,0.0,Oklahoma,2022.0,2022.0,CLE,202.0,19.0,0.1
2022,10,00-0037300,M.Woods,WR,CLE,MIA,0,0,0.0,0,0.0,0.0,0.0,0,0.0,0,2,0,0.0,0,0.0,0.0,,,73.0,196.0,22.643176470588234,0.0,Oklahoma,2022.0,2022.0,CLE,202.0,,0.05882353
2022,15,00-0037300,M.Woods,WR,CLE,BAL,0,0,0.0,0,0.0,0.0,0.0,1,-5.0,0,2,1,4.0,0,-0.1,0.9,,,73.0,196.0,22.643176470588234,0.0,Oklahoma,2022.0,2022.0,CLE,202.0,10.0,0.07692308
2022,16,00-0037300,M.Woods,WR,CLE,NO,0,0,0.0,0,0.0,0.0,0.0,0,0.0,0,1,1,5.0,0,0.5,1.5,,,73.0,196.0,22.643176470588234,0.0,Oklahoma,2022.0,2022.0,CLE,202.0,-7.0,0.037037037
2022,18,00-0037300,M.Woods,WR,CLE,PIT,0,0,0.0,0,0.0,0.0,0.0,0,0.0,0,1,1,15.0,0,1.5,2.5,,,73.0,196.0,22.643176470588234,0.0,Oklahoma,2022.0,2022.0,CLE,202.0,,0.037037037
2022,5,00-0037304,C.Heyward,TE,PIT,BUF,0,0,0.0,0,0.0,0.0,0.0,0,0.0,0,2,2,12.0,0,1.2,3.2,,,72.0,230.0,23.79894117647059,0.0,Michigan State,2022.0,2022.0,PIT,208.0,,0.039215688
2022,6,00-0037304,C.Heyward,TE,PIT,TB,0,0,0.0,0,0.0,0.0,0.0,0,0.0,0,3,2,49.0,0,4.9,6.9,,,72.0,230.0,23.79894117647059,0.0,Michigan State,2022.0,2022.0,PIT,208.0,2.0,0.11111111
2022,7,00-0037304,C.Heyward,TE,PIT,MIA,0,0,0.0,0,0.0,0.0,0.0,0,0.0,0,1,1,6.0,0,0.6,1.6,,,72.0,230.0,23.79894117647059,0.0,Michigan State,2022.0,2022.0,PIT,208.0,,0.023809524
2022,10,00-0037304,C.Heyward,TE,PIT,NO,0,0,0.0,0,0.0,0.0,0.0,0,0.0,0,2,2,9.0,0,0.9,2.9,,,72.0,230.0,23.79894117647059,0.0,Michigan State,2022.0,2022.0,PIT,208.0,10.0,0.07692308
2022,13,00-0037304,C.Heyward,TE,PIT,ATL,0,0,0.0,0,0.0,0.0,0.0,0,0.0,0,1,1,17.0,1,7.7,8.7,,,72.0,230.0,23.79894117647059,0.0,Michigan State,2022.0,2022.0,PIT,208.0,,0.037037037
2022,14,00-0037304,C.Heyward,TE,PIT,BAL,0,0,0.0,0,0.0,0.0,0.0,0,0.0,0,1,1,13.0,0,1.3,2.3,,,72.0,230.0,23.79894117647059,0.0,Michigan State,2022.0,2022.0,PIT,208.0,-2.0,0.032258064
2022,16,00-0037304,C.Heyward,TE,PIT,LV,0,0,0.0,0,0.0,0.0,0.0,1,21.0,0,3,0,0.0,0,2.1,2.1,,,72.0,230.0,23.79894117647059,0.0,Michigan State,2022.0,2022.0,PIT,208.0,3.0,0.083333336
2022,18,00-0037304,C.Heyward,TE,PIT,CLE,0,0,0.0,0,0.0,0.0,0.0,1,6.0,0,4,3,45.0,0,5.1,8.1,,,72.0,230.0,23.79894117647059,0.0,Michigan State,2022.0,2022.0,PIT,208.0,14.0,0.14285715
2022,4,00-0037311,K.Kieft,TE,TB,KC,0,0,0.0,0,0.0,0.0,0.0,0,0.0,0,1,1,19.0,0,1.9,2.9,,,77.0,265.0,24.811833333333333,0.0,Minnesota,2022.0,2022.0,TB,218.0,-10.0,0.01923077
2022,7,00-0037311,K.Kieft,TE,TB,CAR,0,0,0.0,0,0.0,0.0,0.0,0,0.0,0,1,1,18.0,0,1.8,2.8,,,77.0,265.0,24.811833333333333,0.0,Minnesota,2022.0,2022.0,TB,218.0,,0.020833334
2022,8,00-0037311,K.Kieft,TE,TB,BAL,0,0,0.0,0,0.0,0.0,0.0,0,0.0,0,1,1,9.0,0,0.9,1.9,,,77.0,265.0,24.811833333333333,0.0,Minnesota,2022.0,2022.0,TB,218.0,-5.0,0.023809524
2022,9,00-0037311,K.Kieft,TE,TB,LA,0,0,0.0,0,0.0,0.0,0.0,0,0.0,0,2,1,6.0,0,0.6,1.6,,,77.0,265.0,24.811833333333333,0.0,Minnesota,2022.0,2022.0,TB,218.0,3.0,0.036363635
2022,12,00-0037311,K.Kieft,TE,TB,CLE,0,0,0.0,0,0.0,0.0,0.0,0,0.0,0,1,1,5.0,1,6.5,7.5,,,77.0,265.0,24.811833333333333,0.0,Minnesota,2022.0,2022.0,TB,218.0,,0.023809524
2022,13,00-0037311,K.Kieft,TE,TB,NO,0,0,0.0,0,0.0,0.0,0.0,0,0.0,0,2,1,12.0,0,1.2,2.2,,,77.0,265.0,24.811833333333333,0.0,Minnesota,2022.0,2022.0,TB,218.0,1.0,0.03773585
2022,14,00-0037311,K.Kieft,TE,TB,SF,0,0,0.0,0,0.0,0.0,0.0,0,0.0,0,1,1,11.0,0,1.1,2.1,,,77.0,265.0,24.811833333333333,0.0,Minnesota,2022.0,2022.0,TB,218.0,,0.019607844
2022,17,00-0037311,K.Kieft,TE,TB,CAR,0,0,0.0,0,0.0,0.0,0.0,0,0.0,0,1,0,0.0,0,0.0,0.0,,,77.0,265.0,24.811833333333333,0.0,Minnesota,2022.0,2022.0,TB,218.0,6.0,0.023809524
2022,19,00-0037311,K.Kieft,TE,TB,DAL,0,0,0.0,0,0.0,0.0,0.0,0,0.0,0,1,0,0.0,0,0.0,0.0,,,77.0,265.0,24.811833333333333,0.0,Minnesota,2022.0,2022.0,TB,218.0,-17.0,0.016393442
2022,5,00-0037327,S.Thompson,QB,MIA,NYJ,19,33,166.0,0,1.0,2.0,8.0,0,0.0,0,0,0,0.0,0,2.64,2.64,,,74.0,221.0,25.441222222222223,0.0,Kansas State,2022.0,2022.0,MIA,247.0,,
2022,6,00-0037327,S.Thompson,QB,MIA,MIN,7,13,89.0,0,0.0,1.0,8.0,1,9.0,0,0,0,0.0,0,4.46,4.46,,,74.0,221.0,25.441222222222223,0.0,Kansas State,2022.0,2022.0,MIA,247.0,-8.0,
2022,10,00-0037327,S.Thompson,QB,MIA,CLE,1,1,17.0,0,0.0,0.0,-0.0,3,0.0,0,0,0,0.0,0,0.68,0.68,,,74.0,221.0,25.441222222222223,0.0,Kansas State,2022.0,2022.0,MIA,247.0,22.0,
2022,12,00-0037327,S.Thompson,QB,MIA,HOU,1,5,6.0,0,0.0,1.0,6.0,6,5.0,0,0,0,0.0,0,-1.26,-1.26,,,74.0,221.0,25.441222222222223,0.0,Kansas State,2022.0,2022.0,MIA,247.0,15.0,
2022,13,00-0037327,S.Thompson,QB,MIA,SF,0,1,0.0,0,1.0,0.0,-0.0,0,0.0,0,0,0,0.0,0,-2.0,-2.0,,,74.0,221.0,25.441222222222223,0.0,Kansas State,2022.0,2022.0,MIA,247.0,,
2022,17,00-0037327,S.Thompson,QB,MIA,NE,12,21,104.0,1,1.0,1.0,6.0,1,4.0,0,0,0,0.0,0,6.56,6.56,,,74.0,221.0,25.441222222222223,0.0,Kansas State,2022.0,2022.0,MIA,247.0,,
2022,18,00-0037327,S.Thompson,QB,MIA,NYJ,20,31,152.0,0,0.0,1.0,12.0,3,3.0,0,0,0,0.0,0,6.38,6.38,,,74.0,221.0,25.441222222222223,0.0,Kansas State,2022.0,2022.0,MIA,247.0,5.0,
2022,19,00-0037327,S.Thompson,QB,MIA,BUF,18,45,220.0,1,2.0,4.0,31.0,2,3.0,0,0,0,0.0,0,11.1,11.1,,,74.0,221.0,25.441222222222223,0.0,Kansas State,2022.0,2022.0,MIA,247.0,,
2022,1,00-0037331,Z.Horvath,RB,LAC,LV,0,0,0.0,0,0.0,0.0,0.0,1,2.0,0,2,2,6.0,1,6.8,8.8,,,75.0,230.0,23.927944444444442,0.0,Purdue,2022.0,2022.0,LAC,260.0,5.0,0.05882353
2022,2,00-0037331,Z.Horvath,RB,LAC,KC,0,0,0.0,0,0.0,0.0,0.0,0,0.0,0,2,1,1.0,1,6.1,7.1,,,75.0,230.0,23.927944444444442,0.0,Purdue,2022.0,2022.0,LAC,260.0,,0.04347826
2022,3,00-0037331,Z.Horvath,RB,LAC,JAX,0,0,0.0,0,0.0,0.0,0.0,0,0.0,0,1,0,0.0,0,0.0,0.0,,,75.0,230.0,23.927944444444442,0.0,Purdue,2022.0,2022.0,LAC,260.0,-28.0,0.024390243
2022,4,00-0037331,Z.Horvath,RB,LAC,HOU,0,0,0.0,0,0.0,0.0,0.0,0,0.0,0,1,0,0.0,0,0.0,0.0,,,75.0,230.0,23.927944444444442,0.0,Purdue,2022.0,2022.0,LAC,260.0,,0.027027028
2022,5,00-0037331,Z.Horvath,RB,LAC,CLE,0,0,0.0,0,0.0,0.0,0.0,2,3.0,0,0,0,0.0,0,0.3,0.3,,,75.0,230.0,23.927944444444442,0.0,Purdue,2022.0,2022.0,LAC,260.0,,
2022,6,00-0037331,Z.Horvath,RB,LAC,DEN,0,0,0.0,0,0.0,0.0,0.0,0,0.0,0,1,1,0.0,0,0.0,1.0,,,75.0,230.0,23.927944444444442,0.0,Purdue,2022.0,2022.0,LAC,260.0,3.0,0.018181818
2022,10,00-0037331,Z.Horvath,RB,LAC,SF,0,0,0.0,0,0.0,0.0,0.0,0,0.0,0,1,1,1.0,0,0.1,1.1,,,75.0,230.0,23.927944444444442,0.0,Purdue,2022.0,2022.0,LAC,260.0,,0.028571429
2022,11,00-0037331,Z.Horvath,RB,LAC,KC,0,0,0.0,0,0.0,0.0,0.0,1,3.0,0,0,0,0.0,0,0.3,0.3,,,75.0,230.0,23.927944444444442,0.0,Purdue,2022.0,2022.0,LAC,260.0,-3.0,
2022,5,00-0037348,T.Conner,WR,MIA,NYJ,0,0,0.0,0,0.0,0.0,0.0,0,0.0,0,1,0,0.0,0,0.0,0.0,,,75.0,223.0,24.64988888888889,0.0,Idaho State,2022.0,2022.0,,,,0.03125
2022,6,00-0037348,T.Conner,WR,MIA,MIN,0,0,0.0,0,0.0,0.0,0.0,0,0.0,0,2,0,0.0,0,0.0,0.0,,,75.0,223.0,24.64988888888889,0.0,Idaho State,2022.0,2022.0,,,-8.0,0.044444446
2022,8,00-0037355,B.Sanders,WR,MIA,DET,0,0,0.0,0,0.0,0.0,0.0,0,0.0,0,2,2,17.0,0,-0.3,1.7,,,73.0,185.0,23.809444444444445,0.0,Mississippi,2022.0,2022.0,,,,0.05882353
2022,15,00-0037355,B.Sanders,WR,MIA,BUF,0,0,0.0,0,0.0,0.0,0.0,0,0.0,0,1,0,0.0,0,0.0,0.0,,,73.0,185.0,23.809444444444445,0.0,Mississippi,2022.0,2022.0,,,,0.033333335
2022,11,00-0037382,B.Johnson,WR,DEN,LV,0,0,0.0,0,0.0,0.0,0.0,0,0.0,0,2,1,2.0,0,0.2,1.2,,,74.0,186.0,24.336416666666665,0.0,Central Florida,2022.0,2022.0,,,-6.0,0.071428575
2022,12,00-0037382,B.Johnson,WR,DEN,CAR,0,0,0.0,0,0.0,0.0,0.0,0,0.0,0,4,2,10.0,1,7.0,9.0,,,74.0,186.0,24.336416666666665,0.0,Central Florida,2022.0,2022.0,,,,0.125
2022,14,00-0037382,B.Johnson,WR,DEN,KC,0,0,0.0,0,0.0,0.0,0.0,0,0.0,0,4,0,0.0,0,0.0,0.0,,,74.0,186.0,24.336416666666665,0.0,Central Florida,2022.0,2022.0,,,-6.0,0.093023255
2022,15,00-0037382,B.Johnson,WR,DEN,ARI,0,0,0.0,0,0.0,0.0,0.0,0,0.0,0,4,3,30.0,0,3.0,6.0,,,74.0,186.0,24.336416666666665,0.0,Central Florida,2022.0,2022.0,,,9.0,0.15384616
2022,10,00-0037387,J.Virgil,WR,DEN,TEN,0,0,0.0,0,0.0,0.0,0.0,0,0.0,0,1,1,66.0,1,12.6,13.6,,,73.0,210.0,24.32758823529412,0.0,Appalachian State,2022.0,2022.0,,,,0.025641026
2022,12,00-0037387,J.Virgil,WR,DEN,CAR,0,0,0.0,0,0.0,0.0,0.0,0,0.0,0,2,0,0.0,0,0.0,0.0,,,73.0,210.0,24.32758823529412,0.0,Appalachian State,2022.0,2022.0,,,,0.0625
2022,14,00-0037387,J.Virgil,WR,DEN,KC,0,0,0.0,0,0.0,0.0,0.0,0,0.0,0,1,1,9.0,0,0.9,1.9,,,73.0,210.0,24.32758823529412,0.0,Appalachian State,2022.0,2022.0,,,-6.0,0.023255814
2022,16,00-0037387,J.Virgil,WR,DEN,LA,0,0,0.0,0,0.0,0.0,0.0,0,0.0,0,1,0,0.0,0,0.0,0.0,,,73.0,210.0,24.32758823529412,0.0,Appalachian State,2022.0,2022.0,,,,0.029411765
2022,15,00-0037393,J.Domann,OLB,IND,IND,0,0,0.0,0,0.0,0.0,0.0,0,0.0,0,0,0,0.0,0,6.0,6.0,,,73.0,230.0,25.280058823529412,0.0,Nebraska,2022.0,2022.0,,,,
2022,7,00-0037429,R.Blackshear,RB,CAR,TB,0,0,0.0,0,0.0,0.0,0.0,2,-5.0,0,0,0,0.0,0,-0.5,-0.5,,,69.0,194.0,24.42629411764706,0.0,Virginia Tech,2022.0,2022.0,,,18.0,
2022,8,00-0037429,R.Blackshear,RB,CAR,ATL,0,0,0.0,0,0.0,0.0,0.0,2,1.0,0,0,0,0.0,0,0.1,0.1,,,69.0,194.0,24.42629411764706,0.0,Virginia Tech,2022.0,2022.0,,,,
2022,9,00-0037429,R.Blackshear,RB,CAR,CIN,0,0,0.0,0,0.0,0.0,0.0,5,13.0,1,4,4,40.0,0,11.3,15.3,,,69.0,194.0,24.42629411764706,0.0,Virginia Tech,2022.0,2022.0,,,,0.13333334
2022,10,00-0037429,R.Blackshear,RB,CAR,ATL,0,0,0.0,0,0.0,0.0,0.0,6,32.0,0,0,0,0.0,0,3.2,3.2,,,69.0,194.0,24.42629411764706,0.0,Virginia Tech,2022.0,2022.0,,,10.0,
2022,11,00-0037429,R.Blackshear,RB,CAR,BAL,0,0,0.0,0,0.0,0.0,0.0,0,0.0,0,3,2,14.0,0,1.4,3.4,,,69.0,194.0,24.42629411764706,0.0,Virginia Tech,2022.0,2022.0,,,,0.09677419
2022,12,00-0037429,R.Blackshear,RB,CAR,DEN,0,0,0.0,0,0.0,0.0,0.0,0,0.0,0,2,1,11.0,0,1.1,2.1,,,69.0,194.0,24.42629411764706,0.0,Virginia Tech,2022.0,2022.0,,,13.0,0.11764706
2022,14,00-0037429,R.Blackshear,RB,CAR,SEA,0,0,0.0,0,0.0,0.0,0.0,4,32.0,1,1,1,17.0,0,10.9,11.9,,,69.0,194.0,24.42629411764706,0.0,Virginia Tech,2022.0,2022.0,,,,0.05
2022,16,00-0037429,R.Blackshear,RB,CAR,DET,0,0,0.0,0,0.0,0.0,0.0,3,3.0,1,1,1,12.0,0,7.5,8.5,,,69.0,194.0,24.42629411764706,0.0,Virginia Tech,2022.0,2022.0,,,14.0,0.04761905
2022,17,00-0037429,R.Blackshear,RB,CAR,TB,0,0,0.0,0,0.0,0.0,0.0,0,0.0,0,1,1,-1.0,0,-0.1,0.9,,,69.0,194.0,24.42629411764706,0.0,Virginia Tech,2022.0,2022.0,,,,0.032258064
2022,18,00-0037429,R.Blackshear,RB,CAR,NO,0,0,0.0,0,0.0,0.0,0.0,1,1.0,0,0,0,0.0,0,0.1,0.1,,,69.0,194.0,24.42629411764706,0.0,Virginia Tech,2022.0,2022.0,,,,
2022,1,00-0037456,T.Hairston,FB,HOU,IND,0,0,0.0,0,0.0,0.0,0.0,0,0.0,0,1,1,5.0,0,0.5,1.5,,,71.0,245.0,23.92529411764706,0.0,Central Michigan,2022.0,2022.0,,,0.0,0.027777778
2022,8,00-0037456,T.Hairston,FB,HOU,TEN,0,0,0.0,0,0.0,0.0,0.0,0,0.0,0,2,2,7.0,0,0.7,2.7,,,71.0,245.0,23.92529411764706,0.0,Central Michigan,2022.0,2022.0,,,-7.0,0.06666667
2022,9,00-0037456,T.Hairston,FB,HOU,PHI,0,0,0.0,0,0.0,0.0,0.0,0,0.0,0,1,0,0.0,0,0.0,0.0,,,71.0,245.0,23.92529411764706,0.0,Central Michigan,2022.0,2022.0,,,-12.0,0.04761905
2022,13,00-0037456,T.Hairston,FB,HOU,CLE,0,0,0.0,0,0.0,0.0,0.0,0,0.0,0,1,0,0.0,0,0.0,0.0,,,71.0,245.0,23.92529411764706,0.0,Central Michigan,2022.0,2022.0,,,-13.0,0.027027028
2022,16,00-0037456,T.Hairston,FB,HOU,TEN,0,0,0.0,0,0.0,0.0,0.0,0,0.0,0,1,1,0.0,0,0.0,1.0,,,71.0,245.0,23.92529411764706,0.0,Central Michigan,2022.0,2022.0,,,,0.03448276
2022,17,00-0037456,T.Hairston,FB,HOU,JAX,0,0,0.0,0,0.0,0.0,0.0,0,0.0,0,1,1,7.0,0,0.7,1.7,,,71.0,245.0,23.92529411764706,0.0,Central Michigan,2022.0,2022.0,,,-28.0,0.023809524
2022,18,00-0037456,T.Hairston,FB,HOU,IND,0,0,0.0,0,0.0,0.0,0.0,0,0.0,0,1,0,0.0,0,0.0,0.0,,,71.0,245.0,23.92529411764706,0.0,Central Michigan,2022.0,2022.0,,,,0.02631579
2022,11,00-0037475,S.Smartt,TE,LAC,KC,0,0,0.0,0,0.0,0.0,0.0,0,0.0,0,1,1,6.0,0,0.6,1.6,,,76.0,232.0,24.11138888888889,0.0,Old Dominion,2022.0,2022.0,,,-3.0,0.03448276
2022,13,00-0037475,S.Smartt,TE,LAC,LV,0,0,0.0,0,0.0,0.0,0.0,0,0.0,0,3,2,3.0,0,0.3,2.3,,,76.0,232.0,24.11138888888889,0.0,Old Dominion,2022.0,2022.0,,,,0.06666667
2022,14,00-0037475,S.Smartt,TE,LAC,MIA,0,0,0.0,0,0.0,0.0,0.0,0,0.0,0,1,1,8.0,0,0.8,1.8,,,76.0,232.0,24.11138888888889,0.0,Old Dominion,2022.0,2022.0,,,6.0,0.020833334
2022,15,00-0037487,D.Thompkins,WR,TB,CIN,0,0,0.0,0,0.0,0.0,0.0,1,9.0,0,1,1,7.0,0,1.6,2.6,,,68.0,155.0,22.889944444444446,0.0,Utah State,2022.0,2022.0,,,-11.0,0.023809524
2022,18,00-0037487,D.Thompkins,WR,TB,ATL,0,0,0.0,0,0.0,0.0,0.0,1,17.0,0,9,4,25.0,0,4.2,8.2,,,68.0,155.0,22.889944444444446,0.0,Utah State,2022.0,2022.0,,,,0.27272728
2022,4,00-0037500,R.Wright,P,MIN,NO,1,1,13.0,0,0.0,0.0,-0.0,0,0.0,0,0,0,0.0,0,0.52,0.52,,,75.0,245.0,22.453,0.0,Tulane,2022.0,2022.0,,,,
2022,15,00-0037500,R.Wright,P,MIN,IND,0,1,0.0,0,0.0,0.0,-0.0,0,0.0,0,0,0,0.0,0,0.0,0.0,,,75.0,245.0,22.453,0.0,Tulane,2022.0,2022.0,,,3.0,
2022,3,00-0037525,J.Mason,RB,SF,DEN,0,0,0.0,0,0.0,0.0,0.0,1,7.0,0,0,0,0.0,0,0.7,0.7,,,71.0,218.0,23.49505,0.0,Georgia Tech,2022.0,2022.0,,,,
2022,11,00-0037525,J.Mason,RB,SF,ARI,0,0,0.0,0,0.0,0.0,0.0,4,14.0,0,0,0,0.0,0,1.4,1.4,,,71.0,218.0,23.49505,0.0,Georgia Tech,2022.0,2022.0,,,,
2022,12,00-0037525,J.Mason,RB,SF,NO,0,0,0.0,0,0.0,0.0,0.0,5,25.0,0,0,0,0.0,0,2.5,2.5,,,71.0,218.0,23.49505,0.0,Georgia Tech,2022.0,2022.0,,,13.0,
2022,13,00-0037525,J.Mason,RB,SF,MIA,0,0,0.0,0,0.0,0.0,0.0,8,51.0,0,0,0,0.0,0,5.1,5.1,,,71.0,218.0,23.49505,0.0,Georgia Tech,2022.0,2022.0,,,16.0,
2022,14,00-0037525,J.Mason,RB,SF,TB,0,0,0.0,0,0.0,0.0,0.0,11,56.0,0,0,0,0.0,0,5.6,5.6,,,71.0,218.0,23.49505,0.0,Georgia Tech,2022.0,2022.0,,,28.0,
2022,15,00-0037525,J.Mason,RB,SF,SEA,0,0,0.0,0,0.0,0.0,0.0,4,64.0,0,0,0,0.0,0,6.4,6.4,,,71.0,218.0,23.49505,0.0,Georgia Tech,2022.0,2022.0,,,,
2022,17,00-0037525,J.Mason,RB,SF,LV,0,0,0.0,0,0.0,0.0,0.0,2,13.0,1,0,0,0.0,0,7.3,7.3,,,71.0,218.0,23.49505,0.0,Georgia Tech,2022.0,2022.0,,,,
2022,18,00-0037525,J.Mason,RB,SF,ARI,0,0,0.0,0,0.0,0.0,0.0,8,28.0,0,0,0,0.0,0,2.8,2.8,,,71.0,218.0,23.49505,0.0,Georgia Tech,2022.0,2022.0,,,25.0,
2022,19,00-0037525,J.Mason,RB,SF,SEA,0,0,0.0,0,0.0,0.0,0.0,2,12.0,0,0,0,0.0,0,1.2,1.2,,,71.0,218.0,23.49505,0.0,Georgia Tech,2022.0,2022.0,,,18.0,
2022,6,00-0037545,R.Shaheed,WR,NO,CIN,0,0,0.0,0,0.0,0.0,0.0,1,44.0,1,1,0,0.0,0,10.4,10.4,,,72.0,180.0,24.18764705882353,0.0,Weber State,2022.0,2022.0,,,-4.0,0.032258064
2022,7,00-0037545,R.Shaheed,WR,NO,ARI,0,0,0.0,0,0.0,0.0,0.0,0,0.0,0,1,1,53.0,1,11.3,12.3,,,72.0,180.0,24.18764705882353,0.0,Weber State,2022.0,2022.0,,,,0.02173913
2022,8,00-0037545,R.Shaheed,WR,NO,LV,0,0,0.0,0,0.0,0.0,0.0,0,0.0,0,3,3,38.0,0,3.8,6.8,,,72.0,180.0,24.18764705882353,0.0,Weber State,2022.0,2022.0,,,24.0,0.1
2022,10,00-0037545,R.Shaheed,WR,NO,PIT,0,0,0.0,0,0.0,0.0,0.0,0,0.0,0,1,1,12.0,0,1.2,2.2,,,72.0,180.0,24.18764705882353,0.0,Weber State,2022.0,2022.0,,,,0.035714287
2022,11,00-0037545,R.Shaheed,WR,NO,LA,0,0,0.0,0,0.0,0.0,0.0,0,0.0,0,2,1,8.0,0,0.8,1.8,,,72.0,180.0,24.18764705882353,0.0,Weber State,2022.0,2022.0,,,7.0,0.074074075
2022,12,00-0037545,R.Shaheed,WR,NO,SF,0,0,0.0,0,0.0,0.0,0.0,1,6.0,0,3,2,53.0,0,5.9,7.9,,,72.0,180.0,24.18764705882353,0.0,Weber State,2022.0,2022.0,,,,0.1
2022,13,00-0037545,R.Shaheed,WR,NO,TB,0,0,0.0,0,0.0,0.0,0.0,1,0.0,0,4,4,75.0,0,7.5,11.5,,,72.0,180.0,24.18764705882353,0.0,Weber State,2022.0,2022.0,,,,0.14285715
2022,15,00-0037545,R.Shaheed,WR,NO,ATL,0,0,0.0,0,0.0,0.0,0.0,0,0.0,0,4,3,95.0,1,15.5,18.5,,,72.0,180.0,24.18764705882353,0.0,Weber State,2022.0,2022.0,,,3.0,0.21052632
2022,16,00-0037545,R.Shaheed,WR,NO,CLE,0,0,0.0,0,0.0,0.0,0.0,0,0.0,0,5,4,41.0,0,4.1,8.1,,,72.0,180.0,24.18764705882353,0.0,Weber State,2022.0,2022.0,,,,0.35714287
2022,17,00-0037545,R.Shaheed,WR,NO,PHI,0,0,0.0,0,0.0,0.0,0.0,0,0.0,0,6,6,79.0,0,7.9,13.9,,,72.0,180.0,24.18764705882353,0.0,Weber State,2022.0,2022.0,,,,0.26086956
2022,18,00-0037545,R.Shaheed,WR,NO,CAR,0,0,0.0,0,0.0,0.0,0.0,1,7.0,0,4,3,34.0,0,4.1,7.1,,,72.0,180.0,24.18764705882353,0.0,Weber State,2022.0,2022.0,,,-3.0,0.16
2022,6,00-0037557,R.Rivers,RB,LA,CAR,0,0,0.0,0,0.0,0.0,0.0,1,0.0,0,1,1,14.0,0,1.4,2.4,,,69.0,190.0,23.77694117647059,0.0,Fresno State,2022.0,2022.0,,,14.0,0.032258064
2022,8,00-0037557,R.Rivers,RB,LA,SF,0,0,0.0,0,0.0,0.0,0.0,8,21.0,0,4,4,15.0,0,3.6,7.6,,,69.0,190.0,23.77694117647059,0.0,Fresno State,2022.0,2022.0,,,-17.0,0.125
2022,8,00-0037563,M.Davis,RB,DAL,CHI,0,0,0.0,0,0.0,0.0,0.0,8,23.0,0,2,2,18.0,0,4.1,6.1,,,70.0,207.0,23.974842105263157,0.0,Florida,2022.0,2022.0,,,20.0,0.07692308
2022,10,00-0037563,M.Davis,RB,DAL,GB,0,0,0.0,0,0.0,0.0,0.0,5,38.0,0,0,0,0.0,0,3.8,3.8,,,70.0,207.0,23.974842105263157,0.0,Florida,2022.0,2022.0,,,,
2022,11,00-0037563,M.Davis,RB,DAL,MIN,0,0,0.0,0,0.0,0.0,0.0,7,13.0,0,3,2,22.0,0,3.5,5.5,,,70.0,207.0,23.974842105263157,0.0,Florida,2022.0,2022.0,,,,0.1
2022,13,00-0037563,M.Davis,RB,DAL,IND,0,0,0.0,0,0.0,0.0,0.0,3,29.0,1,0,0,0.0,0,8.9,8.9,,,70.0,207.0,23.974842105263157,0.0,Florida,2022.0,2022.0,,,35.0,
2022,17,00-0037563,M.Davis,RB,DAL,TEN,0,0,0.0,0,0.0,0.0,0.0,10,39.0,0,2,2,23.0,0,6.2,8.2,,,70.0,207.0,23.974842105263157,0.0,Florida,2022.0,2022.0,,,,0.048780486
2022,18,00-0037563,M.Davis,RB,DAL,WAS,0,0,0.0,0,0.0,0.0,0.0,5,19.0,0,0,0,0.0,0,1.9,1.9,,,70.0,207.0,23.974842105263157,0.0,Florida,2022.0,2022.0,,,,
2022,3,00-0037569,P.Hendershot,TE,DAL,NYG,0,0,0.0,0,0.0,0.0,0.0,0,0.0,0,3,3,43.0,0,4.3,7.3,,,76.0,245.0,23.56957894736842,0.0,Indiana,2022.0,2022.0,,,,0.1
2022,6,00-0037569,P.Hendershot,TE,DAL,PHI,0,0,0.0,0,0.0,0.0,0.0,0,0.0,0,5,2,22.0,0,2.2,4.2,,,76.0,245.0,23.56957894736842,0.0,Indiana,2022.0,2022.0,,,,0.13513513
2022,7,00-0037569,P.Hendershot,TE,DAL,DET,0,0,0.0,0,0.0,0.0,0.0,0,0.0,0,2,2,5.0,1,6.5,8.5,,,76.0,245.0,23.56957894736842,0.0,Indiana,2022.0,2022.0,,,18.0,0.08
2022,8,00-0037569,P.Hendershot,TE,DAL,CHI,0,0,0.0,0,0.0,0.0,0.0,0,0.0,0,2,2,15.0,0,1.5,3.5,,,76.0,245.0,23.56957894736842,0.0,Indiana,2022.0,2022.0,,,20.0,0.07692308
2022,10,00-0037569,P.Hendershot,TE,DAL,GB,0,0,0.0,0,0.0,0.0,0.0,0,0.0,0,1,0,0.0,0,0.0,0.0,,,76.0,245.0,23.56957894736842,0.0,Indiana,2022.0,2022.0,,,,0.022727273
2022,11,00-0037569,P.Hendershot,TE,DAL,MIN,0,0,0.0,0,0.0,0.0,0.0,0,0.0,0,1,1,-2.0,0,-0.2,0.8,,,76.0,245.0,23.56957894736842,0.0,Indiana,2022.0,2022.0,,,,0.033333335
2022,12,00-0037569,P.Hendershot,TE,DAL,NYG,0,0,0.0,0,0.0,0.0,0.0,1,2.0,1,0,0,0.0,0,6.2,6.2,,,76.0,245.0,23.56957894736842,0.0,Indiana,2022.0,2022.0,,,8.0,
2022,15,00-0037569,P.Hendershot,TE,DAL,JAX,0,0,0.0,0,0.0,0.0,0.0,0,0.0,0,1,1,20.0,1,8.0,9.0,,,76.0,245.0,23.56957894736842,0.0,Indiana,2022.0,2022.0,,,,0.033333335
2022,17,00-0037569,P.Hendershot,TE,DAL,TEN,0,0,0.0,0,0.0,0.0,0.0,0,0.0,0,1,0,0.0,0,0.0,0.0,,,76.0,245.0,23.56957894736842,0.0,Indiana,2022.0,2022.0,,,,0.024390243
2022,1,00-0037570,D.Houston,WR,DAL,TB,0,0,0.0,0,0.0,0.0,0.0,0,0.0,0,5,2,16.0,0,1.6,3.6,,,73.0,205.0,23.566842105263156,0.0,Western Illinois,2022.0,2022.0,,,-16.0,0.12195122
2022,2,00-0037570,D.Houston,WR,DAL,CIN,0,0,0.0,0,0.0,0.0,0.0,0,0.0,0,1,0,0.0,0,0.0,0.0,,,73.0,205.0,23.566842105263156,0.0,Western Illinois,2022.0,2022.0,,,3.0,0.033333335
2022,13,00-0037594,J.Chestnut,RB,TEN,PHI,0,0,0.0,0,0.0,0.0,0.0,5,13.0,0,0,0,0.0,0,1.3,1.3,,,71.0,215.0,22.041117647058826,0.0,Sacred Heart,2022.0,2022.0,,,,
2022,14,00-0037594,J.Chestnut,RB,TEN,JAX,0,0,0.0,0,0.0,0.0,0.0,0,0.0,0,2,2,8.0,0,0.8,2.8,,,71.0,215.0,22.041117647058826,0.0,Sacred Heart,2022.0,2022.0,,,-14.0,0.05263158
2022,17,00-0037594,J.Chestnut,RB,TEN,DAL,0,0,0.0,0,0.0,0.0,0.0,4,-1.0,0,1,1,33.0,0,3.2,4.2,,,71.0,215.0,22.041117647058826,0.0,Sacred Heart,2022.0,2022.0,,,-14.0,0.02631579
2022,2,00-0037617,H.Haskins,RB,TEN,BUF,0,0,0.0,0,0.0,0.0,0.0,9,37.0,0,1,1,0.0,0,3.7,4.7,,,74.0,220.0,22.958411764705883,0.0,Michigan,2022.0,2022.0,TEN,131.0,,0.04347826
2022,7,00-0037617,H.Haskins,RB,TEN,IND,0,0,0.0,0,0.0,0.0,0.0,0,0.0,0,1,1,5.0,0,0.5,1.5,,,74.0,220.0,22.958411764705883,0.0,Michigan,2022.0,2022.0,TEN,131.0,9.0,0.05
2022,9,00-0037617,H.Haskins,RB,TEN,KC,0,0,0.0,0,0.0,0.0,0.0,1,5.0,0,1,1,2.0,0,0.7,1.7,,,74.0,220.0,22.958411764705883,0.0,Michigan,2022.0,2022.0,TEN,131.0,,0.07692308
2022,15,00-0037617,H.Haskins,RB,TEN,LAC,0,0,0.0,0,0.0,0.0,0.0,1,8.0,0,2,2,7.0,0,1.5,3.5,,,74.0,220.0,22.958411764705883,0.0,Michigan,2022.0,2022.0,TEN,131.0,,0.07692308
2022,16,00-0037617,H.Haskins,RB,TEN,HOU,0,0,0.0,0,0.0,0.0,0.0,0,0.0,0,2,2,17.0,0,1.7,3.7,,,74.0,220.0,22.958411764705883,0.0,Michigan,2022.0,2022.0,TEN,131.0,-5.0,0.1
2022,17,00-0037617,H.Haskins,RB,TEN,DAL,0,0,0.0,0,0.0,0.0,0.0,12,40.0,0,3,2,13.0,0,5.3,7.3,,,74.0,220.0,22.958411764705883,0.0,Michigan,2022.0,2022.0,TEN,131.0,-14.0,0.078947365
2022,18,00-0037617,H.Haskins,RB,TEN,JAX,0,0,0.0,0,0.0,0.0,0.0,2,3.0,0,2,2,13.0,0,1.6,3.6,,,74.0,220.0,22.958411764705883,0.0,Michigan,2022.0,2022.0,TEN,131.0,,0.074074075
2022,1,00-0037664,A.Pierce,WR,IND,HOU,0,0,0.0,0,0.0,0.0,0.0,0,0.0,0,2,0,0.0,0,0.0,0.0,,,75.0,213.0,22.517588235294117,0.0,Cincinnati,2022.0,2022.0,IND,53.0,,0.040816326
2022,3,00-0037664,A.Pierce,WR,IND,KC,0,0,0.0,0,0.0,0.0,0.0,0,0.0,0,5,3,61.0,0,6.1,9.1,,,75.0,213.0,22.517588235294117,0.0,Cincinnati,2022.0,2022.0,IND,53.0,3.0,0.1388889
2022,4,00-0037664,A.Pierce,WR,IND,TEN,0,0,0.0,0,0.0,0.0,0.0,0,0.0,0,6,4,80.0,0,8.0,12.0,,,75.0,213.0,22.517588235294117,0.0,Cincinnati,2022.0,2022.0,IND,53.0,-7.0,0.16666667
2022,5,00-0037664,A.Pierce,WR,IND,DEN,0,0,0.0,0,0.0,0.0,0.0,0,0.0,0,9,8,81.0,0,8.1,16.1,,,75.0,213.0,22.517588235294117,0.0,Cincinnati,2022.0,2022.0,IND,53.0,,0.25
2022,6,00-0037664,A.Pierce,WR,IND,JAX,0,0,0.0,0,0.0,0.0,0.0,0,0.0,0,7,3,49.0,1,10.9,13.9,,,75.0,213.0,22.517588235294117,0.0,Cincinnati,2022.0,2022.0,IND,53.0,7.0,0.125
2022,7,00-0037664,A.Pierce,WR,IND,TEN,0,0,0.0,0,0.0,0.0,0.0,0,0.0,0,4,3,37.0,0,3.7,6.7,,,75.0,213.0,22.517588235294117,0.0,Cincinnati,2022.0,2022.0,IND,53.0,,0.09756097
2022,8,00-0037664,A.Pierce,WR,IND,WAS,0,0,0.0,0,0.0,0.0,0.0,0,0.0,0,5,3,65.0,0,6.5,9.5,,,75.0,213.0,22.517588235294117,0.0,Cincinnati,2022.0,2022.0,IND,53.0,-1.0,0.2173913
2022,9,00-0037664,A.Pierce,WR,IND,NE,0,0,0.0,0,0.0,0.0,0.0,0,0.0,0,2,1,23.0,0,2.3,3.3,,,75.0,213.0,22.517588235294117,0.0,Cincinnati,2022.0,2022.0,IND,53.0,,0.071428575
2022,10,00-0037664,A.Pierce,WR,IND,LV,0,0,0.0,0,0.0,0.0,0.0,0,0.0,0,2,0,0.0,0,0.0,0.0,,,75.0,213.0,22.517588235294117,0.0,Cincinnati,2022.0,2022.0,IND,53.0,,0.074074075
2022,11,00-0037664,A.Pierce,WR,IND,PHI,0,0,0.0,0,0.0,0.0,0.0,0,0.0,0,8,3,28.0,0,2.8,5.8,,,75.0,213.0,22.517588235294117,0.0,Cincinnati,2022.0,2022.0,IND,53.0,-1.0,0.2580645
2022,12,00-0037664,A.Pierce,WR,IND,PIT,0,0,0.0,0,0.0,0.0,0.0,0,0.0,0,2,0,0.0,0,0.0,0.0,,,75.0,213.0,22.517588235294117,0.0,Cincinnati,2022.0,2022.0,IND,53.0,-7.0,0.0625
2022,13,00-0037664,A.Pierce,WR,IND,DAL,0,0,0.0,0,0.0,0.0,0.0,0,0.0,0,8,4,86.0,1,14.6,18.6,,,75.0,213.0,22.517588235294117,0.0,Cincinnati,2022.0,2022.0,IND,53.0,,0.22857143
2022,15,00-0037664,A.Pierce,WR,IND,MIN,0,0,0.0,0,0.0,0.0,0.0,0,0.0,0,5,0,0.0,0,0.0,0.0,,,75.0,213.0,22.517588235294117,0.0,Cincinnati,2022.0,2022.0,IND,53.0,,0.16129032
2022,16,00-0037664,A.Pierce,WR,IND,LAC,0,0,0.0,0,0.0,0.0,0.0,0,0.0,0,4,3,26.0,0,2.6,5.6,,,75.0,213.0,22.517588235294117,0.0,Cincinnati,2022.0,2022.0,IND,53.0,-17.0,0.14285715
2022,17,00-0037664,A.Pierce,WR,IND,NYG,0,0,0.0,0,0.0,0.0,0.0,0,0.0,0,5,3,15.0,0,1.5,4.5,,,75.0,213.0,22.517588235294117,0.0,Cincinnati,2022.0,2022.0,IND,53.0,,0.18518518
2022,18,00-0037664,A.Pierce,WR,IND,HOU,0,0,0.0,0,0.0,0.0,0.0,0,0.0,0,4,3,42.0,0,4.2,7.2,,,75.0,213.0,22.517588235294117,0.0,Cincinnati,2022.0,2022.0,IND,53.0,-1.0,0.11764706
2022,3,00-0037666,J.Tolbert,WR,DAL,NYG,0,0,0.0,0,0.0,0.0,0.0,0,0.0,0,2,1,4.0,0,0.4,1.4,,,73.0,195.0,23.720052631578948,0.0,South Alabama,2022.0,2022.0,DAL,88.0,,0.06666667
2022,11,00-0037666,J.Tolbert,WR,DAL,MIN,0,0,0.0,0,0.0,0.0,0.0,0,0.0,0,1,1,8.0,0,0.8,1.8,,,73.0,195.0,23.720052631578948,0.0,South Alabama,2022.0,2022.0,DAL,88.0,,0.033333335
2022,8,00-0037708,M.Alexander,WR,DET,MIA,0,0,0.0,0,0.0,0.0,0.0,0,0.0,0,1,1,7.0,0,0.7,1.7,,,71.0,180.0,25.833588235294116,2.0,Florida International,2020.0,2022.0,,,-4.0,0.027027028
2022,1,00-0037740,G.Wilson,WR,NYJ,BAL,0,0,0.0,0,0.0,0.0,0.0,0,0.0,0,8,4,52.0,0,5.2,9.2,,,72.0,192.0,22.300117647058823,0.0,Ohio State,2022.0,2022.0,NYJ,10.0,-15.0,0.14035088
2022,2,00-0037740,G.Wilson,WR,NYJ,CLE,0,0,0.0,0,0.0,0.0,0.0,1,-2.0,0,14,8,102.0,2,22.0,30.0,,,72.0,192.0,22.300117647058823,0.0,Ohio State,2022.0,2022.0,NYJ,10.0,,0.3255814
2022,3,00-0037740,G.Wilson,WR,NYJ,CIN,0,0,0.0,0,0.0,0.0,0.0,0,0.0,0,11,6,60.0,0,6.0,12.0,,,72.0,192.0,22.300117647058823,0.0,Ohio State,2022.0,2022.0,NYJ,10.0,-15.0,0.22916667
2022,4,00-0037740,G.Wilson,WR,NYJ,PIT,0,0,0.0,0,0.0,0.0,0.0,0,0.0,0,6,2,41.0,0,4.1,6.1,,,72.0,192.0,22.300117647058823,0.0,Ohio State,2022.0,2022.0,NYJ,10.0,,0.18181819
2022,5,00-0037740,G.Wilson,WR,NYJ,MIA,0,0,0.0,0,0.0,0.0,0.0,0,0.0,0,4,3,27.0,0,2.7,5.7,,,72.0,192.0,22.300117647058823,0.0,Ohio State,2022.0,2022.0,NYJ,10.0,23.0,0.1904762
2022,6,00-0037740,G.Wilson,WR,NYJ,GB,0,0,0.0,0,0.0,0.0,0.0,0,0.0,0,5,1,8.0,0,0.8,1.8,,,72.0,192.0,22.300117647058823,0.0,Ohio State,2022.0,2022.0,NYJ,10.0,,0.29411766
2022,7,00-0037740,G.Wilson,WR,NYJ,DEN,0,0,0.0,0,0.0,0.0,0.0,0,0.0,0,4,4,24.0,0,2.4,6.4,,,72.0,192.0,22.300117647058823,0.0,Ohio State,2022.0,2022.0,NYJ,10.0,,0.17391305
2022,8,00-0037740,G.Wilson,WR,NYJ,NE,0,0,0.0,0,0.0,0.0,0.0,0,0.0,0,7,6,115.0,0,11.5,17.5,,,72.0,192.0,22.300117647058823,0.0,Ohio State,2022.0,2022.0,NYJ,10.0,-5.0,0.20588236
2022,9,00-0037740,G.Wilson,WR,NYJ,BUF,0,0,0.0,0,0.0,0.0,0.0,1,7.0,0,9,8,92.0,0,9.9,17.9,,,72.0,192.0,22.300117647058823,0.0,Ohio State,2022.0,2022.0,NYJ,10.0,3.0,0.375
2022,11,00-0037740,G.Wilson,WR,NYJ,NE,0,0,0.0,0,0.0,0.0,0.0,1,0.0,0,3,2,12.0,0,1.2,3.2,,,72.0,192.0,22.300117647058823,0.0,Ohio State,2022.0,2022.0,NYJ,10.0,,0.15
2022,12,00-0037740,G.Wilson,WR,NYJ,CHI,0,0,0.0,0,0.0,0.0,0.0,1,-1.0,0,8,5,95.0,2,21.4,26.4,,,72.0,192.0,22.300117647058823,0.0,Ohio State,2022.0,2022.0,NYJ,10.0,21.0,0.2857143
2022,13,00-0037740,G.Wilson,WR,NYJ,MIN,0,1,0.0,0,0.0,0.0,-0.0,0,0.0,0,15,8,162.0,0,16.2,24.2,,,72.0,192.0,22.300117647058823,0.0,Ohio State,2022.0,2022.0,NYJ,10.0,,0.27272728
2022,14,00-0037740,G.Wilson,WR,NYJ,BUF,0,0,0.0,0,0.0,0.0,0.0,0,0.0,0,7,6,78.0,0,7.8,13.8,,,72.0,192.0,22.300117647058823,0.0,Ohio State,2022.0,2022.0,NYJ,10.0,,0.1590909
2022,15,00-0037740,G.Wilson,WR,NYJ,DET,0,0,0.0,0,0.0,0.0,0.0,0,0.0,0,9,4,98.0,0,9.8,13.8,,,72.0,192.0,22.300117647058823,0.0,Ohio State,2022.0,2022.0,NYJ,10.0,-3.0,0.2647059
2022,16,00-0037740,G.Wilson,WR,NYJ,JAX,0,0,0.0,0,0.0,0.0,0.0,0,0.0,0,9,4,30.0,0,1.0,5.0,,,72.0,192.0,22.300117647058823,0.0,Ohio State,2022.0,2022.0,NYJ,10.0,-16.0,0.3
2022,17,00-0037740,G.Wilson,WR,NYJ,SEA,0,0,0.0,0,0.0,0.0,0.0,0,0.0,0,11,3,18.0,0,1.8,4.8,,,72.0,192.0,22.300117647058823,0.0,Ohio State,2022.0,2022.0,NYJ,10.0,,0.24444444
2022,18,00-0037740,G.Wilson,WR,NYJ,MIA,0,0,0.0,0,0.0,0.0,0.0,0,0.0,0,17,9,89.0,0,8.9,17.9,,,72.0,192.0,22.300117647058823,0.0,Ohio State,2022.0,2022.0,NYJ,10.0,,0.53125
2022,1,00-0037741,J.Dotson,WR,WAS,JAX,0,0,0.0,0,0.0,0.0,0.0,1,-10.0,0,5,3,40.0,2,15.0,18.0,,,71.0,182.0,22.62964705882353,0.0,Penn State,2022.0,2022.0,WAS,16.0,6.0,0.12195122
2022,2,00-0037741,J.Dotson,WR,WAS,DET,0,0,0.0,0,0.0,0.0,0.0,0,0.0,0,5,4,59.0,1,13.9,17.9,,,71.0,182.0,22.62964705882353,0.0,Penn State,2022.0,2022.0,WAS,16.0,,0.11363637
2022,3,00-0037741,J.Dotson,WR,WAS,PHI,0,0,0.0,0,0.0,0.0,0.0,0,0.0,0,8,2,10.0,0,1.0,3.0,,,71.0,182.0,22.62964705882353,0.0,Penn State,2022.0,2022.0,WAS,16.0,-16.0,0.1904762
2022,4,00-0037741,J.Dotson,WR,WAS,DAL,0,0,0.0,0,0.0,0.0,0.0,0,0.0,0,4,3,43.0,1,10.3,13.3,,,71.0,182.0,22.62964705882353,0.0,Penn State,2022.0,2022.0,WAS,16.0,,0.1
2022,10,00-0037741,J.Dotson,WR,WAS,PHI,0,0,0.0,0,0.0,0.0,0.0,0,0.0,0,1,1,14.0,0,1.4,2.4,,,71.0,182.0,22.62964705882353,0.0,Penn State,2022.0,2022.0,WAS,16.0,,0.04
2022,11,00-0037741,J.Dotson,WR,WAS,HOU,0,0,0.0,0,0.0,0.0,0.0,1,3.0,0,2,1,13.0,0,1.6,2.6,,,71.0,182.0,22.62964705882353,0.0,Penn State,2022.0,2022.0,WAS,16.0,,0.08695652
2022,12,00-0037741,J.Dotson,WR,WAS,ATL,0,0,0.0,0,0.0,0.0,0.0,0,0.0,0,1,0,0.0,0,0.0,0.0,,,71.0,182.0,22.62964705882353,0.0,Penn State,2022.0,2022.0,WAS,16.0,6.0,0.045454547
2022,13,00-0037741,J.Dotson,WR,WAS,NYG,0,0,0.0,0,0.0,0.0,0.0,0,0.0,0,9,5,54.0,1,11.4,16.4,,,71.0,182.0,22.62964705882353,0.0,Penn State,2022.0,2022.0,WAS,16.0,,0.225
2022,15,00-0037741,J.Dotson,WR,WAS,NYG,0,0,0.0,0,0.0,0.0,0.0,0,0.0,0,6,4,105.0,1,16.5,20.5,,,71.0,182.0,22.62964705882353,0.0,Penn State,2022.0,2022.0,WAS,16.0,-8.0,0.22222222
2022,16,00-0037741,J.Dotson,WR,WAS,SF,0,0,0.0,0,0.0,0.0,0.0,0,0.0,0,9,6,76.0,1,13.6,19.6,,,71.0,182.0,22.62964705882353,0.0,Penn State,2022.0,2022.0,WAS,16.0,,0.2647059
2022,17,00-0037741,J.Dotson,WR,WAS,CLE,0,0,0.0,0,0.0,0.0,0.0,0,0.0,0,7,3,37.0,0,3.7,6.7,,,71.0,182.0,22.62964705882353,0.0,Penn State,2022.0,2022.0,WAS,16.0,-14.0,0.25
2022,18,00-0037741,J.Dotson,WR,WAS,DAL,0,0,0.0,0,0.0,0.0,0.0,0,0.0,0,4,3,72.0,0,7.2,10.2,,,71.0,182.0,22.62964705882353,0.0,Penn State,2022.0,2022.0,WAS,16.0,20.0,0.22222222
2022,1,00-0037742,T.Burks,WR,TEN,NYG,0,0,0.0,0,0.0,0.0,0.0,0,0.0,0,5,3,55.0,0,5.5,8.5,,,74.0,225.0,22.63535294117647,0.0,Arkansas,2022.0,2022.0,TEN,18.0,-1.0,0.16129032
2022,2,00-0037742,T.Burks,WR,TEN,BUF,0,0,0.0,0,0.0,0.0,0.0,0,0.0,0,6,4,47.0,0,4.7,8.7,,,74.0,225.0,22.63535294117647,0.0,Arkansas,2022.0,2022.0,TEN,18.0,,0.26086956
2022,3,00-0037742,T.Burks,WR,TEN,LV,0,0,0.0,0,0.0,0.0,0.0,1,8.0,0,2,1,13.0,0,2.1,3.1,,,74.0,225.0,22.63535294117647,0.0,Arkansas,2022.0,2022.0,TEN,18.0,2.0,0.07692308
2022,4,00-0037742,T.Burks,WR,TEN,IND,0,0,0.0,0,0.0,0.0,0.0,1,4.0,0,3,2,14.0,0,1.8,3.8,,,74.0,225.0,22.63535294117647,0.0,Arkansas,2022.0,2022.0,TEN,18.0,,0.14285715
2022,10,00-0037742,T.Burks,WR,TEN,DEN,0,0,0.0,0,0.0,0.0,0.0,0,0.0,0,6,3,24.0,0,2.4,5.4,,,74.0,225.0,22.63535294117647,0.0,Arkansas,2022.0,2022.0,TEN,18.0,7.0,0.16666667
2022,11,00-0037742,T.Burks,WR,TEN,GB,0,0,0.0,0,0.0,0.0,0.0,0,0.0,0,8,7,111.0,0,11.1,18.1,,,74.0,225.0,22.63535294117647,0.0,Arkansas,2022.0,2022.0,TEN,18.0,,0.2962963
2022,12,00-0037742,T.Burks,WR,TEN,CIN,0,0,0.0,0,0.0,0.0,0.0,0,0.0,0,6,4,70.0,0,7.0,11.0,,,74.0,225.0,22.63535294117647,0.0,Arkansas,2022.0,2022.0,TEN,18.0,-4.0,0.1764706
2022,13,00-0037742,T.Burks,WR,TEN,PHI,0,0,0.0,0,0.0,0.0,0.0,0,0.0,0,1,1,25.0,1,8.5,9.5,,,74.0,225.0,22.63535294117647,0.0,Arkansas,2022.0,2022.0,TEN,18.0,,0.04
2022,16,00-0037742,T.Burks,WR,TEN,HOU,0,0,0.0,0,0.0,0.0,0.0,1,15.0,0,2,0,0.0,0,1.5,1.5,,,74.0,225.0,22.63535294117647,0.0,Arkansas,2022.0,2022.0,TEN,18.0,-5.0,0.1
2022,17,00-0037742,T.Burks,WR,TEN,DAL,0,0,0.0,0,0.0,0.0,0.0,1,20.0,0,8,4,66.0,0,8.6,12.6,,,74.0,225.0,22.63535294117647,0.0,Arkansas,2022.0,2022.0,TEN,18.0,-14.0,0.21052632
2022,18,00-0037742,T.Burks,WR,TEN,JAX,0,0,0.0,0,0.0,0.0,0.0,0,0.0,0,7,4,19.0,0,1.9,5.9,,,74.0,225.0,22.63535294117647,0.0,Arkansas,2022.0,2022.0,TEN,18.0,,0.25925925
2022,4,00-0037744,T.McBride,TE,ARI,CAR,0,0,0.0,0,0.0,0.0,0.0,0,0.0,0,3,3,24.0,0,2.4,5.4,,,75.0,245.0,22.96229411764706,0.0,Colorado State,2022.0,2022.0,ARI,55.0,,0.09677419
2022,10,00-0037744,T.McBride,TE,ARI,LA,0,0,0.0,0,0.0,0.0,0.0,0,0.0,0,1,1,7.0,0,0.7,1.7,,,75.0,245.0,22.96229411764706,0.0,Colorado State,2022.0,2022.0,ARI,55.0,,0.028571429
2022,11,00-0037744,T.McBride,TE,ARI,SF,0,0,0.0,0,0.0,0.0,0.0,0,0.0,0,4,4,14.0,0,1.4,5.4,,,75.0,245.0,22.96229411764706,0.0,Colorado State,2022.0,2022.0,ARI,55.0,-28.0,0.0952381
2022,12,00-0037744,T.McBride,TE,ARI,LAC,0,0,0.0,0,0.0,0.0,0.0,0,0.0,0,3,1,1.0,0,0.1,1.1,,,75.0,245.0,22.96229411764706,0.0,Colorado State,2022.0,2022.0,ARI,55.0,-1.0,0.11111111
2022,14,00-0037744,T.McBride,TE,ARI,NE,0,0,0.0,0,0.0,0.0,0.0,0,0.0,0,6,3,28.0,0,2.8,5.8,,,75.0,245.0,22.96229411764706,0.0,Colorado State,2022.0,2022.0,ARI,55.0,-14.0,0.14634146
2022,15,00-0037744,T.McBride,TE,ARI,DEN,0,0,0.0,0,0.0,0.0,0.0,0,0.0,0,5,4,55.0,0,5.5,9.5,,,75.0,245.0,22.96229411764706,0.0,Colorado State,2022.0,2022.0,ARI,55.0,,0.14285715
2022,16,00-0037744,T.McBride,TE,ARI,TB,0,0,0.0,0,0.0,0.0,0.0,0,0.0,0,4,3,17.0,0,1.7,4.7,,,75.0,245.0,22.96229411764706,0.0,Colorado State,2022.0,2022.0,ARI,55.0,-3.0,0.0952381
2022,17,00-0037744,T.McBride,TE,ARI,ATL,0,0,0.0,0,0.0,0.0,0.0,0,0.0,0,10,7,78.0,1,13.8,20.8,,,75.0,245.0,22.96229411764706,0.0,Colorado State,2022.0,2022.0,ARI,55.0,,0.2631579
2022,18,00-0037744,T.McBride,TE,ARI,SF,0,0,0.0,0,0.0,0.0,0.0,0,0.0,0,3,3,41.0,0,4.1,7.1,,,75.0,245.0,22.96229411764706,0.0,Colorado State,2022.0,2022.0,ARI,55.0,,0.11111111
2022,5,00-0037745,V.Jones,WR,CHI,MIN,0,0,0.0,0,0.0,0.0,0.0,0,0.0,0,1,1,9.0,1,6.9,7.9,,,72.0,200.0,25.493470588235294,0.0,Tennessee,2022.0,2022.0,CHI,71.0,,0.04761905
2022,6,00-0037745,V.Jones,WR,CHI,WAS,0,0,0.0,0,0.0,0.0,0.0,1,8.0,0,1,1,10.0,0,1.8,2.8,,,72.0,200.0,25.493470588235294,0.0,Tennessee,2022.0,2022.0,CHI,71.0,-5.0,0.03846154
2022,8,00-0037745,V.Jones,WR,CHI,DAL,0,0,0.0,0,0.0,0.0,0.0,2,33.0,0,3,1,5.0,0,3.8,4.8,,,72.0,200.0,25.493470588235294,0.0,Tennessee,2022.0,2022.0,CHI,71.0,,0.13043478
2022,12,00-0037745,V.Jones,WR,CHI,NYJ,0,0,0.0,0,0.0,0.0,0.0,2,6.0,0,0,0,0.0,0,0.6,0.6,,,72.0,200.0,25.493470588235294,0.0,Tennessee,2022.0,2022.0,CHI,71.0,,
2022,13,00-0037745,V.Jones,WR,CHI,GB,0,0,0.0,0,0.0,0.0,0.0,1,1.0,0,0,0,0.0,0,0.1,0.1,,,72.0,200.0,25.493470588235294,0.0,Tennessee,2022.0,2022.0,CHI,71.0,-9.0,
2022,15,00-0037745,V.Jones,WR,CHI,PHI,0,0,0.0,0,0.0,0.0,0.0,1,0.0,0,2,1,3.0,0,-1.7,-0.7,,,72.0,200.0,25.493470588235294,0.0,Tennessee,2022.0,2022.0,CHI,71.0,-5.0,0.0952381
2022,16,00-0037745,V.Jones,WR,CHI,BUF,0,0,0.0,0,0.0,0.0,0.0,0,0.0,0,4,2,52.0,0,5.2,7.2,,,72.0,200.0,25.493470588235294,0.0,Tennessee,2022.0,2022.0,CHI,71.0,-22.0,0.16
2022,17,00-0037745,V.Jones,WR,CHI,DET,0,0,0.0,0,0.0,0.0,0.0,1,13.0,0,1,0,0.0,0,1.3,1.3,,,72.0,200.0,25.493470588235294,0.0,Tennessee,2022.0,2022.0,CHI,71.0,,0.055555556
2022,18,00-0037745,V.Jones,WR,CHI,MIN,0,0,0.0,0,0.0,0.0,0.0,1,42.0,1,2,1,28.0,0,13.0,14.0,,,72.0,200.0,25.493470588235294,0.0,Tennessee,2022.0,2022.0,CHI,71.0,-16.0,0.074074075
2022,5,00-0037746,B.Robinson,RB,WAS,TEN,0,0,0.0,0,0.0,0.0,0.0,9,22.0,0,0,0,0.0,0,2.2,2.2,,,73.0,228.0,23.63164705882353,0.0,Alabama,2022.0,2022.0,WAS,98.0,-4.0,
2022,6,00-0037746,B.Robinson,RB,WAS,CHI,0,0,0.0,0,0.0,0.0,0.0,17,60.0,1,0,0,0.0,0,12.0,12.0,,,73.0,228.0,23.63164705882353,0.0,Alabama,2022.0,2022.0,WAS,98.0,,
2022,7,00-0037746,B.Robinson,RB,WAS,GB,0,0,0.0,0,0.0,0.0,0.0,20,73.0,0,2,2,13.0,0,8.6,10.6,,,73.0,228.0,23.63164705882353,0.0,Alabama,2022.0,2022.0,WAS,98.0,2.0,0.0625
2022,8,00-0037746,B.Robinson,RB,WAS,IND,0,0,0.0,0,0.0,0.0,0.0,8,20.0,0,0,0,0.0,0,2.0,2.0,,,73.0,228.0,23.63164705882353,0.0,Alabama,2022.0,2022.0,WAS,98.0,,
2022,9,00-0037746,B.Robinson,RB,WAS,MIN,0,0,0.0,0,0.0,0.0,0.0,13,44.0,0,2,2,-6.0,0,3.8,5.8,,,73.0,228.0,23.63164705882353,0.0,Alabama,2022.0,2022.0,WAS,98.0,-3.0,0.07692308
2022,10,00-0037746,B.Robinson,RB,WAS,PHI,0,0,0.0,0,0.0,0.0,0.0,26,86.0,1,0,0,0.0,0,14.6,14.6,,,73.0,228.0,23.63164705882353,0.0,Alabama,2022.0,2022.0,WAS,98.0,,
2022,11,00-0037746,B.Robinson,RB,WAS,HOU,0,0,0.0,0,0.0,0.0,0.0,15,57.0,0,0,0,0.0,0,5.7,5.7,,,73.0,228.0,23.63164705882353,0.0,Alabama,2022.0,2022.0,WAS,98.0,,
2022,12,00-0037746,B.Robinson,RB,WAS,ATL,0,0,0.0,0,0.0,0.0,0.0,18,105.0,0,3,2,20.0,1,18.5,20.5,,,73.0,228.0,23.63164705882353,0.0,Alabama,2022.0,2022.0,WAS,98.0,6.0,0.13636364
2022,13,00-0037746,B.Robinson,RB,WAS,NYG,0,0,0.0,0,0.0,0.0,0.0,21,96.0,0,2,2,15.0,0,11.1,13.1,,,73.0,228.0,23.63164705882353,0.0,Alabama,2022.0,2022.0,WAS,98.0,,0.05
2022,15,00-0037746,B.Robinson,RB,WAS,NYG,0,0,0.0,0,0.0,0.0,0.0,12,89.0,0,1,1,18.0,0,10.7,11.7,,,73.0,228.0,23.63164705882353,0.0,Alabama,2022.0,2022.0,WAS,98.0,-8.0,0.037037037
2022,16,00-0037746,B.Robinson,RB,WAS,SF,0,0,0.0,0,0.0,0.0,0.0,22,58.0,0,1,0,0.0,0,5.8,5.8,,,73.0,228.0,23.63164705882353,0.0,Alabama,2022.0,2022.0,WAS,98.0,,0.029411765
2022,17,00-0037746,B.Robinson,RB,WAS,CLE,0,0,0.0,0,0.0,0.0,0.0,24,87.0,0,1,0,0.0,0,8.7,8.7,,,73.0,228.0,23.63164705882353,0.0,Alabama,2022.0,2022.0,WAS,98.0,-14.0,0.035714287
2022,3,00-0037755,J.Woods,TE,IND,KC,0,0,0.0,0,0.0,0.0,0.0,0,0.0,0,3,2,13.0,2,13.3,15.3,,,79.0,265.0,24.080882352941178,0.0,Virginia,2022.0,2022.0,IND,73.0,3.0,0.083333336
2022,4,00-0037755,J.Woods,TE,IND,TEN,0,0,0.0,0,0.0,0.0,0.0,0,0.0,0,1,1,33.0,0,3.3,4.3,,,79.0,265.0,24.080882352941178,0.0,Virginia,2022.0,2022.0,IND,73.0,-7.0,0.027777778
2022,5,00-0037755,J.Woods,TE,IND,DEN,0,0,0.0,0,0.0,0.0,0.0,0,0.0,0,1,0,0.0,0,0.0,0.0,,,79.0,265.0,24.080882352941178,0.0,Virginia,2022.0,2022.0,IND,73.0,,0.027777778
2022,6,00-0037755,J.Woods,TE,IND,JAX,0,0,0.0,0,0.0,0.0,0.0,0,0.0,0,3,2,27.0,1,8.7,10.7,,,79.0,265.0,24.080882352941178,0.0,Virginia,2022.0,2022.0,IND,73.0,7.0,0.05357143
2022,7,00-0037755,J.Woods,TE,IND,TEN,0,0,0.0,0,0.0,0.0,0.0,0,0.0,0,2,1,4.0,0,0.4,1.4,,,79.0,265.0,24.080882352941178,0.0,Virginia,2022.0,2022.0,IND,73.0,,0.048780486
2022,9,00-0037755,J.Woods,TE,IND,NE,0,0,0.0,0,0.0,0.0,0.0,0,0.0,0,3,1,2.0,0,0.2,1.2,,,79.0,265.0,24.080882352941178,0.0,Virginia,2022.0,2022.0,IND,73.0,,0.10714286
2022,12,00-0037755,J.Woods,TE,IND,PIT,0,0,0.0,0,0.0,0.0,0.0,0,0.0,0,9,8,98.0,0,9.8,17.8,,,79.0,265.0,24.080882352941178,0.0,Virginia,2022.0,2022.0,IND,73.0,-7.0,0.28125
2022,13,00-0037755,J.Woods,TE,IND,DAL,0,0,0.0,0,0.0,0.0,0.0,0,0.0,0,4,2,28.0,0,2.8,4.8,,,79.0,265.0,24.080882352941178,0.0,Virginia,2022.0,2022.0,IND,73.0,,0.114285715
2022,15,00-0037755,J.Woods,TE,IND,MIN,0,0,0.0,0,0.0,0.0,0.0,0,0.0,0,1,1,36.0,0,3.6,4.6,,,79.0,265.0,24.080882352941178,0.0,Virginia,2022.0,2022.0,IND,73.0,,0.032258064
2022,16,00-0037755,J.Woods,TE,IND,LAC,0,0,0.0,0,0.0,0.0,0.0,0,0.0,0,5,3,43.0,0,4.3,7.3,,,79.0,265.0,24.080882352941178,0.0,Virginia,2022.0,2022.0,IND,73.0,-17.0,0.17857143
2022,17,00-0037755,J.Woods,TE,IND,NYG,0,0,0.0,0,0.0,0.0,0.0,0,0.0,0,4,3,19.0,0,1.9,4.9,,,79.0,265.0,24.080882352941178,0.0,Virginia,2022.0,2022.0,IND,73.0,,0.14814815
2022,18,00-0037755,J.Woods,TE,IND,HOU,0,0,0.0,0,0.0,0.0,0.0,0,0.0,0,4,1,9.0,0,0.9,1.9,,,79.0,265.0,24.080882352941178,0.0,Virginia,2022.0,2022.0,IND,73.0,-1.0,0.11764706
2022,2,00-0037801,K.Turpin,WR,DAL,CIN,0,0,0.0,0,0.0,0.0,0.0,1,3.0,0,0,0,0.0,0,0.3,0.3,,,69.0,153.0,26.291,3.0,Texas Christian,2019.0,2022.0,,,3.0,
2022,6,00-0037801,K.Turpin,WR,DAL,PHI,0,0,0.0,0,0.0,0.0,0.0,0,0.0,0,1,0,0.0,0,0.0,0.0,,,69.0,153.0,26.291,3.0,Texas Christian,2019.0,2022.0,,,,0.027027028
2022,7,00-0037801,K.Turpin,WR,DAL,DET,0,0,0.0,0,0.0,0.0,0.0,1,3.0,0,0,0,0.0,0,0.3,0.3,,,69.0,153.0,26.291,3.0,Texas Christian,2019.0,2022.0,,,18.0,
2022,8,00-0037801,K.Turpin,WR,DAL,CHI,0,0,0.0,0,0.0,0.0,0.0,1,11.0,0,0,0,0.0,0,1.1,1.1,,,69.0,153.0,26.291,3.0,Texas Christian,2019.0,2022.0,,,20.0,
2022,10,00-0037801,K.Turpin,WR,DAL,GB,0,0,0.0,0,0.0,0.0,0.0,0,0.0,0,1,1,9.0,0,0.9,1.9,,,69.0,153.0,26.291,3.0,Texas Christian,2019.0,2022.0,,,,0.022727273
2022,20,00-0037801,K.Turpin,WR,DAL,SF,0,0,0.0,0,0.0,0.0,0.0,0,0.0,0,1,1,8.0,0,0.8,1.8,,,69.0,153.0,26.291,3.0,Texas Christian,2019.0,2022.0,,,,0.027027028
2022,2,00-0037805,J.Ruckert,TE,NYJ,CLE,0,0,0.0,0,0.0,0.0,0.0,0,0.0,0,1,0,0.0,0,0.0,0.0,,,77.0,250.0,22.24535294117647,0.0,Ohio State,2022.0,2022.0,NYJ,101.0,,0.023255814
2022,18,00-0037805,J.Ruckert,TE,NYJ,MIA,0,0,0.0,0,0.0,0.0,0.0,0,0.0,0,1,1,8.0,0,0.8,1.8,,,77.0,250.0,22.24535294117647,0.0,Ohio State,2022.0,2022.0,NYJ,101.0,,0.03125
2022,1,00-0037809,C.Okonkwo,TE,TEN,NYG,0,0,0.0,0,0.0,0.0,0.0,1,-4.0,0,1,1,11.0,0,0.7,1.7,,,75.0,250.0,23.17458823529412,0.0,Maryland,2022.0,2022.0,TEN,143.0,-1.0,0.032258064
2022,4,00-0037809,C.Okonkwo,TE,TEN,IND,0,0,0.0,0,0.0,0.0,0.0,0,0.0,0,3,3,38.0,1,9.8,12.8,,,75.0,250.0,23.17458823529412,0.0,Maryland,2022.0,2022.0,TEN,143.0,,0.14285715
2022,5,00-0037809,C.Okonkwo,TE,TEN,WAS,0,0,0.0,0,0.0,0.0,0.0,0,0.0,0,1,0,0.0,0,0.0,0.0,,,75.0,250.0,23.17458823529412,0.0,Maryland,2022.0,2022.0,TEN,143.0,,0.04347826
2022,7,00-0037809,C.Okonkwo,TE,TEN,IND,0,0,0.0,0,0.0,0.0,0.0,0,0.0,0,1,0,0.0,0,0.0,0.0,,,75.0,250.0,23.17458823529412,0.0,Maryland,2022.0,2022.0,TEN,143.0,9.0,0.05
2022,8,00-0037809,C.Okonkwo,TE,TEN,HOU,0,0,0.0,0,0.0,0.0,0.0,0,0.0,0,2,1,3.0,0,0.3,1.3,,,75.0,250.0,23.17458823529412,0.0,Maryland,2022.0,2022.0,TEN,143.0,,0.25
2022,9,00-0037809,C.Okonkwo,TE,TEN,KC,0,0,0.0,0,0.0,0.0,0.0,0,0.0,0,3,1,48.0,0,4.8,5.8,,,75.0,250.0,23.17458823529412,0.0,Maryland,2022.0,2022.0,TEN,143.0,,0.23076923
2022,10,00-0037809,C.Okonkwo,TE,TEN,DEN,0,0,0.0,0,0.0,0.0,0.0,0,0.0,0,2,1,41.0,0,4.1,5.1,,,75.0,250.0,23.17458823529412,0.0,Maryland,2022.0,2022.0,TEN,143.0,7.0,0.055555556
2022,11,00-0037809,C.Okonkwo,TE,TEN,GB,0,0,0.0,0,0.0,0.0,0.0,0,0.0,0,2,1,31.0,0,3.1,4.1,,,75.0,250.0,23.17458823529412,0.0,Maryland,2022.0,2022.0,TEN,143.0,,0.074074075
2022,12,00-0037809,C.Okonkwo,TE,TEN,CIN,0,0,0.0,0,0.0,0.0,0.0,0,0.0,0,5,3,35.0,0,3.5,6.5,,,75.0,250.0,23.17458823529412,0.0,Maryland,2022.0,2022.0,TEN,143.0,-4.0,0.14705883
2022,13,00-0037809,C.Okonkwo,TE,TEN,PHI,0,0,0.0,0,0.0,0.0,0.0,0,0.0,0,5,4,68.0,0,6.8,10.8,,,75.0,250.0,23.17458823529412,0.0,Maryland,2022.0,2022.0,TEN,143.0,,0.2
2022,14,00-0037809,C.Okonkwo,TE,TEN,JAX,0,0,0.0,0,0.0,0.0,0.0,1,0.0,0,6,6,45.0,1,12.5,18.5,,,75.0,250.0,23.17458823529412,0.0,Maryland,2022.0,2022.0,TEN,143.0,-14.0,0.15789473
2022,15,00-0037809,C.Okonkwo,TE,TEN,LAC,0,0,0.0,0,0.0,0.0,0.0,1,6.0,0,5,4,54.0,0,6.0,10.0,,,75.0,250.0,23.17458823529412,0.0,Maryland,2022.0,2022.0,TEN,143.0,,0.1923077
2022,16,00-0037809,C.Okonkwo,TE,TEN,HOU,0,0,0.0,0,0.0,0.0,0.0,0,0.0,0,2,1,10.0,0,1.0,2.0,,,75.0,250.0,23.17458823529412,0.0,Maryland,2022.0,2022.0,TEN,143.0,-5.0,0.1
2022,17,00-0037809,C.Okonkwo,TE,TEN,DAL,0,0,0.0,0,0.0,0.0,0.0,0,0.0,0,4,3,24.0,0,2.4,5.4,,,75.0,250.0,23.17458823529412,0.0,Maryland,2022.0,2022.0,TEN,143.0,-14.0,0.10526316
2022,18,00-0037809,C.Okonkwo,TE,TEN,JAX,0,0,0.0,0,0.0,0.0,0.0,0,0.0,0,4,3,42.0,1,10.2,13.2,,,75.0,250.0,23.17458823529412,0.0,Maryland,2022.0,2022.0,TEN,143.0,,0.14814815
2022,1,00-0037816,R.Doubs,WR,GB,MIN,0,0,0.0,0,0.0,0.0,0.0,1,11.0,0,5,4,37.0,0,4.8,8.8,,,74.0,200.0,22.569588235294116,0.0,Nevada,2022.0,2022.0,GB,132.0,,0.14285715
2022,2,00-0037816,R.Doubs,WR,GB,CHI,0,0,0.0,0,0.0,0.0,0.0,0,0.0,0,3,2,27.0,0,2.7,4.7,,,74.0,200.0,22.569588235294116,0.0,Nevada,2022.0,2022.0,GB,132.0,17.0,0.12
2022,3,00-0037816,R.Doubs,WR,GB,TB,0,0,0.0,0,0.0,0.0,0.0,0,0.0,0,8,8,73.0,1,13.3,21.3,,,74.0,200.0,22.569588235294116,0.0,Nevada,2022.0,2022.0,GB,132.0,,0.23529412
2022,4,00-0037816,R.Doubs,WR,GB,NE,0,0,0.0,0,0.0,0.0,0.0,0,0.0,0,8,5,47.0,1,8.7,13.7,,,74.0,200.0,22.569588235294116,0.0,Nevada,2022.0,2022.0,GB,132.0,3.0,0.25
2022,5,00-0037816,R.Doubs,WR,GB,NYG,0,0,0.0,0,0.0,0.0,0.0,0,0.0,0,5,3,29.0,0,2.9,5.9,,,74.0,200.0,22.569588235294116,0.0,Nevada,2022.0,2022.0,GB,132.0,-5.0,0.12820514
2022,6,00-0037816,R.Doubs,WR,GB,NYJ,0,0,0.0,0,0.0,0.0,0.0,0,0.0,0,9,4,21.0,0,2.1,6.1,,,74.0,200.0,22.569588235294116,0.0,Nevada,2022.0,2022.0,GB,132.0,-17.0,0.20454545
2022,7,00-0037816,R.Doubs,WR,GB,WAS,0,0,0.0,0,0.0,0.0,0.0,0,0.0,0,4,0,0.0,0,0.0,0.0,,,74.0,200.0,22.569588235294116,0.0,Nevada,2022.0,2022.0,GB,132.0,,0.121212125
2022,8,00-0037816,R.Doubs,WR,GB,BUF,0,0,0.0,0,0.0,0.0,0.0,0,0.0,0,7,4,62.0,1,12.2,16.2,,,74.0,200.0,22.569588235294116,0.0,Nevada,2022.0,2022.0,GB,132.0,,0.2413793
2022,9,00-0037816,R.Doubs,WR,GB,DET,0,0,0.0,0,0.0,0.0,0.0,0,0.0,0,1,1,18.0,0,1.8,2.8,,,74.0,200.0,22.569588235294116,0.0,Nevada,2022.0,2022.0,GB,132.0,,0.025
2022,15,00-0037816,R.Doubs,WR,GB,LA,0,0,0.0,0,0.0,0.0,0.0,0,0.0,0,5,5,55.0,0,5.5,10.5,,,74.0,200.0,22.569588235294116,0.0,Nevada,2022.0,2022.0,GB,132.0,12.0,0.17857143
2022,16,00-0037816,R.Doubs,WR,GB,MIA,0,0,0.0,0,0.0,0.0,0.0,0,0.0,0,6,3,36.0,0,3.6,6.6,,,74.0,200.0,22.569588235294116,0.0,Nevada,2022.0,2022.0,GB,132.0,,0.15789473
2022,17,00-0037816,R.Doubs,WR,GB,MIN,0,0,0.0,0,0.0,0.0,0.0,0,0.0,0,4,3,20.0,0,2.0,5.0,,,74.0,200.0,22.569588235294116,0.0,Nevada,2022.0,2022.0,GB,132.0,24.0,0.15384616
2022,18,00-0037816,R.Doubs,WR,GB,DET,0,0,0.0,0,0.0,0.0,0.0,0,0.0,0,2,0,0.0,0,0.0,0.0,,,74.0,200.0,22.569588235294116,0.0,Nevada,2022.0,2022.0,GB,132.0,-4.0,0.07692308
2022,2,00-0037827,T.Davis-Price,RB,SF,SEA,0,0,0.0,0,0.0,0.0,0.0,14,33.0,0,0,0,0.0,0,3.3,3.3,,,73.0,223.0,22.0768,0.0,Louisiana State,2022.0,2022.0,SF,93.0,20.0,
2022,7,00-0037827,T.Davis-Price,RB,SF,KC,0,0,0.0,0,0.0,0.0,0.0,2,4.0,0,2,0,0.0,0,0.4,0.4,,,73.0,223.0,22.0768,0.0,Louisiana State,2022.0,2022.0,SF,93.0,-21.0,0.04347826
2022,16,00-0037827,T.Davis-Price,RB,SF,WAS,0,0,0.0,0,0.0,0.0,0.0,9,30.0,0,0,0,0.0,0,3.0,3.0,,,73.0,223.0,22.0768,0.0,Louisiana State,2022.0,2022.0,SF,93.0,17.0,
2022,17,00-0037827,T.Davis-Price,RB,SF,LV,0,0,0.0,0,0.0,0.0,0.0,1,5.0,0,0,0,0.0,0,0.5,0.5,,,73.0,223.0,22.0768,0.0,Louisiana State,2022.0,2022.0,SF,93.0,,
2022,18,00-0037827,T.Davis-Price,RB,SF,ARI,0,0,0.0,0,0.0,0.0,0.0,8,27.0,0,0,0,0.0,0,2.7,2.7,,,73.0,223.0,22.0768,0.0,Louisiana State,2022.0,2022.0,SF,93.0,25.0,
2022,2,00-0037828,D.Gray,WR,SF,SEA,0,0,0.0,0,0.0,0.0,0.0,0,0.0,0,2,0,0.0,0,0.0,0.0,,,72.0,199.0,23.6401,0.0,Southern Methodist,2022.0,2022.0,SF,105.0,20.0,0.083333336
2022,5,00-0037828,D.Gray,WR,SF,CAR,0,0,0.0,0,0.0,0.0,0.0,0,0.0,0,2,0,0.0,0,0.0,0.0,,,72.0,199.0,23.6401,0.0,Southern Methodist,2022.0,2022.0,SF,105.0,,0.06666667
2022,7,00-0037828,D.Gray,WR,SF,KC,0,0,0.0,0,0.0,0.0,0.0,0,0.0,0,2,0,0.0,0,0.0,0.0,,,72.0,199.0,23.6401,0.0,Southern Methodist,2022.0,2022.0,SF,105.0,-21.0,0.04347826
2022,14,00-0037828,D.Gray,WR,SF,TB,0,0,0.0,0,0.0,0.0,0.0,0,0.0,0,1,1,10.0,0,1.0,2.0,,,72.0,199.0,23.6401,0.0,Southern Methodist,2022.0,2022.0,SF,105.0,28.0,0.045454547
2022,17,00-0037828,D.Gray,WR,SF,LV,0,0,0.0,0,0.0,0.0,0.0,1,9.0,0,0,0,0.0,0,0.9,0.9,,,72.0,199.0,23.6401,0.0,Southern Methodist,2022.0,2022.0,SF,105.0,,
2022,5,00-0037834,B.Purdy,QB,SF,CAR,0,0,0.0,0,0.0,0.0,0.0,1,-1.0,0,0,0,0.0,0,-0.1,-0.1,,,73.0,212.0,22.90095,0.0,Iowa State,2022.0,2022.0,SF,262.0,,
2022,7,00-0037834,B.Purdy,QB,SF,KC,4,9,66.0,0,1.0,0.0,-0.0,1,1.0,0,0,0,0.0,0,0.74,0.74,,,73.0,212.0,22.90095,0.0,Iowa State,2022.0,2022.0,SF,262.0,-21.0,
2022,11,00-0037834,B.Purdy,QB,SF,ARI,0,0,0.0,0,0.0,0.0,0.0,3,3.0,0,0,0,0.0,0,0.3,0.3,,,73.0,212.0,22.90095,0.0,Iowa State,2022.0,2022.0,SF,262.0,,
2022,13,00-0037834,B.Purdy,QB,SF,MIA,25,37,210.0,2,1.0,3.0,26.0,4,-1.0,0,0,0,0.0,0,14.3,14.3,,,73.0,212.0,22.90095,0.0,Iowa State,2022.0,2022.0,SF,262.0,16.0,
2022,14,00-0037834,B.Purdy,QB,SF,TB,16,21,185.0,2,0.0,0.0,-0.0,2,3.0,1,0,0,0.0,0,21.7,21.7,,,73.0,212.0,22.90095,0.0,Iowa State,2022.0,2022.0,SF,262.0,28.0,
2022,15,00-0037834,B.Purdy,QB,SF,SEA,17,26,217.0,2,0.0,1.0,6.0,4,-2.0,0,0,0,0.0,0,16.48,16.48,,,73.0,212.0,22.90095,0.0,Iowa State,2022.0,2022.0,SF,262.0,,
2022,16,00-0037834,B.Purdy,QB,SF,WAS,15,22,234.0,2,1.0,3.0,16.0,1,6.0,0,0,0,0.0,0,15.96,15.96,,,73.0,212.0,22.90095,0.0,Iowa State,2022.0,2022.0,SF,262.0,17.0,
2022,17,00-0037834,B.Purdy,QB,SF,LV,22,35,284.0,2,1.0,0.0,-0.0,2,-3.0,0,0,0,0.0,0,17.06,17.06,,,73.0,212.0,22.90095,0.0,Iowa State,2022.0,2022.0,SF,262.0,,
2022,18,00-0037834,B.Purdy,QB,SF,ARI,15,20,178.0,3,0.0,4.0,36.0,4,7.0,0,0,0,0.0,0,19.82,19.82,,,73.0,212.0,22.90095,0.0,Iowa State,2022.0,2022.0,SF,262.0,25.0,
2022,19,00-0037834,B.Purdy,QB,SF,SEA,18,30,332.0,3,0.0,1.0,8.0,4,16.0,1,0,0,0.0,0,34.88,34.88,,,73.0,212.0,22.90095,0.0,Iowa State,2022.0,2022.0,SF,262.0,18.0,
2022,20,00-0037834,B.Purdy,QB,SF,DAL,19,29,214.0,0,0.0,2.0,15.0,3,8.0,0,0,0,0.0,0,9.36,9.36,,,73.0,212.0,22.90095,0.0,Iowa State,2022.0,2022.0,SF,262.0,7.0,
2022,21,00-0037834,B.Purdy,QB,SF,PHI,4,4,23.0,0,0.0,1.0,-0.0,0,0.0,0,0,0,0.0,0,-1.08,-1.08,,,73.0,212.0,22.90095,0.0,Iowa State,2022.0,2022.0,SF,262.0,,
2022,1,00-0037838,I.Likely,TE,BAL,NYJ,0,0,0.0,0,0.0,0.0,0.0,0,0.0,0,4,0,0.0,0,0.0,0.0,,,76.0,240.0,22.570166666666665,0.0,Coastal Carolina,2022.0,2022.0,BAL,139.0,,0.13793103
2022,2,00-0037838,I.Likely,TE,BAL,MIA,0,0,0.0,0,0.0,0.0,0.0,0,0.0,0,5,4,43.0,0,4.3,8.3,,,76.0,240.0,22.570166666666665,0.0,Coastal Carolina,2022.0,2022.0,BAL,139.0,-4.0,0.1724138
2022,3,00-0037838,I.Likely,TE,BAL,NE,0,0,0.0,0,0.0,0.0,0.0,0,0.0,0,2,1,8.0,0,0.8,1.8,,,76.0,240.0,22.570166666666665,0.0,Coastal Carolina,2022.0,2022.0,BAL,139.0,,0.074074075
2022,5,00-0037838,I.Likely,TE,BAL,CIN,0,0,0.0,0,0.0,0.0,0.0,0,0.0,0,2,2,7.0,0,0.7,2.7,,,76.0,240.0,22.570166666666665,0.0,Coastal Carolina,2022.0,2022.0,BAL,139.0,2.0,0.074074075
2022,6,00-0037838,I.Likely,TE,BAL,NYG,0,0,0.0,0,0.0,0.0,0.0,0,0.0,0,4,2,30.0,0,3.0,5.0,,,76.0,240.0,22.570166666666665,0.0,Coastal Carolina,2022.0,2022.0,BAL,139.0,,0.125
2022,7,00-0037838,I.Likely,TE,BAL,CLE,0,0,0.0,0,0.0,0.0,0.0,0,0.0,0,1,1,16.0,0,1.6,2.6,,,76.0,240.0,22.570166666666665,0.0,Coastal Carolina,2022.0,2022.0,BAL,139.0,3.0,0.0625
2022,8,00-0037838,I.Likely,TE,BAL,TB,0,0,0.0,0,0.0,0.0,0.0,0,0.0,0,7,6,77.0,1,13.7,19.7,,,76.0,240.0,22.570166666666665,0.0,Coastal Carolina,2022.0,2022.0,BAL,139.0,,0.20588236
2022,9,00-0037838,I.Likely,TE,BAL,NO,0,0,0.0,0,0.0,0.0,0.0,0,0.0,0,5,1,24.0,1,8.4,9.4,,,76.0,240.0,22.570166666666665,0.0,Coastal Carolina,2022.0,2022.0,BAL,139.0,,0.22727273
2022,11,00-0037838,I.Likely,TE,BAL,CAR,0,0,0.0,0,0.0,0.0,0.0,0,0.0,0,3,1,1.0,0,0.1,1.1,,,76.0,240.0,22.570166666666665,0.0,Coastal Carolina,2022.0,2022.0,BAL,139.0,10.0,0.09375
2022,13,00-0037838,I.Likely,TE,BAL,DEN,0,0,0.0,0,0.0,0.0,0.0,0,0.0,0,4,4,30.0,0,3.0,7.0,,,76.0,240.0,22.570166666666665,0.0,Coastal Carolina,2022.0,2022.0,BAL,139.0,1.0,0.11111111
2022,15,00-0037838,I.Likely,TE,BAL,CLE,0,0,0.0,0,0.0,0.0,0.0,0,0.0,0,3,2,18.0,0,1.8,3.8,,,76.0,240.0,22.570166666666665,0.0,Coastal Carolina,2022.0,2022.0,BAL,139.0,,0.10714286
2022,16,00-0037838,I.Likely,TE,BAL,ATL,0,0,0.0,0,0.0,0.0,0.0,0,0.0,0,2,1,4.0,0,0.4,1.4,,,76.0,240.0,22.570166666666665,0.0,Coastal Carolina,2022.0,2022.0,BAL,139.0,8.0,0.125
2022,17,00-0037838,I.Likely,TE,BAL,PIT,0,0,0.0,0,0.0,0.0,0.0,0,0.0,0,5,3,12.0,1,7.2,10.2,,,76.0,240.0,22.570166666666665,0.0,Coastal Carolina,2022.0,2022.0,BAL,139.0,-3.0,0.25
2022,18,00-0037838,I.Likely,TE,BAL,CIN,0,0,0.0,0,0.0,0.0,0.0,0,0.0,0,13,8,103.0,0,10.3,18.3,,,76.0,240.0,22.570166666666665,0.0,Coastal Carolina,2022.0,2022.0,BAL,139.0,,0.30952382
2022,10,00-0037840,K.Williams,RB,LA,ARI,0,0,0.0,0,0.0,0.0,0.0,1,9.0,0,3,3,30.0,0,3.9,6.9,,,69.0,199.0,22.207470588235292,0.0,Notre Dame,2022.0,2022.0,LA,164.0,-10.0,0.08108108
2022,11,00-0037840,K.Williams,RB,LA,NO,0,0,0.0,0,0.0,0.0,0.0,7,36.0,0,2,1,8.0,0,4.4,5.4,,,69.0,199.0,22.207470588235292,0.0,Notre Dame,2022.0,2022.0,LA,164.0,,0.074074075
2022,12,00-0037840,K.Williams,RB,LA,KC,0,0,0.0,0,0.0,0.0,0.0,11,35.0,0,3,3,25.0,0,6.0,9.0,,,69.0,199.0,22.207470588235292,0.0,Notre Dame,2022.0,2022.0,LA,164.0,,0.125
2022,13,00-0037840,K.Williams,RB,LA,SEA,0,0,0.0,0,0.0,0.0,0.0,3,9.0,0,1,0,0.0,0,0.9,0.9,,,69.0,199.0,22.207470588235292,0.0,Notre Dame,2022.0,2022.0,LA,164.0,-4.0,0.04
2022,14,00-0037840,K.Williams,RB,LA,LV,0,0,0.0,0,0.0,0.0,0.0,3,19.0,0,2,1,10.0,0,2.9,3.9,,,69.0,199.0,22.207470588235292,0.0,Notre Dame,2022.0,2022.0,LA,164.0,1.0,0.05882353
2022,15,00-0037840,K.Williams,RB,LA,GB,0,0,0.0,0,0.0,0.0,0.0,2,7.0,0,0,0,0.0,0,0.7,0.7,,,69.0,199.0,22.207470588235292,0.0,Notre Dame,2022.0,2022.0,LA,164.0,,
2022,16,00-0037840,K.Williams,RB,LA,DEN,0,0,0.0,0,0.0,0.0,0.0,6,18.0,0,1,1,3.0,0,2.1,3.1,,,69.0,199.0,22.207470588235292,0.0,Notre Dame,2022.0,2022.0,LA,164.0,37.0,0.035714287
2022,17,00-0037840,K.Williams,RB,LA,LAC,0,0,0.0,0,0.0,0.0,0.0,2,6.0,0,0,0,0.0,0,0.6,0.6,,,69.0,199.0,22.207470588235292,0.0,Notre Dame,2022.0,2022.0,LA,164.0,,
2022,2,00-0038040,Z.White,RB,LV,ARI,0,0,0.0,0,0.0,0.0,0.0,1,2.0,0,0,0,0.0,0,0.2,0.2,,,72.0,215.0,23.147764705882352,0.0,Georgia,2022.0,2022.0,LV,122.0,-6.0,
2022,4,00-0038040,Z.White,RB,LV,DEN,0,0,0.0,0,0.0,0.0,0.0,2,24.0,0,0,0,0.0,0,2.4,2.4,,,72.0,215.0,23.147764705882352,0.0,Georgia,2022.0,2022.0,LV,122.0,9.0,
2022,5,00-0038040,Z.White,RB,LV,KC,0,0,0.0,0,0.0,0.0,0.0,1,-7.0,0,0,0,0.0,0,-0.7,-0.7,,,72.0,215.0,23.147764705882352,0.0,Georgia,2022.0,2022.0,LV,122.0,,
2022,7,00-0038040,Z.White,RB,LV,HOU,0,0,0.0,0,0.0,0.0,0.0,1,2.0,0,0,0,0.0,0,0.2,0.2,,,72.0,215.0,23.147764705882352,0.0,Georgia,2022.0,2022.0,LV,122.0,18.0,
2022,9,00-0038040,Z.White,RB,LV,JAX,0,0,0.0,0,0.0,0.0,0.0,1,-1.0,0,0,0,0.0,0,-0.1,-0.1,,,72.0,215.0,23.147764705882352,0.0,Georgia,2022.0,2022.0,LV,122.0,,
2022,10,00-0038040,Z.White,RB,LV,IND,0,0,0.0,0,0.0,0.0,0.0,2,-1.0,0,0,0,0.0,0,-0.1,-0.1,,,72.0,215.0,23.147764705882352,0.0,Georgia,2022.0,2022.0,LV,122.0,-5.0,
2022,12,00-0038040,Z.White,RB,LV,SEA,0,0,0.0,0,0.0,0.0,0.0,2,28.0,0,0,0,0.0,0,2.8,2.8,,,72.0,215.0,23.147764705882352,0.0,Georgia,2022.0,2022.0,LV,122.0,,
2022,13,00-0038040,Z.White,RB,LV,LAC,0,0,0.0,0,0.0,0.0,0.0,2,6.0,0,0,0,0.0,0,0.6,0.6,,,72.0,215.0,23.147764705882352,0.0,Georgia,2022.0,2022.0,LV,122.0,7.0,
2022,14,00-0038040,Z.White,RB,LV,LA,0,0,0.0,0,0.0,0.0,0.0,3,9.0,0,0,0,0.0,0,0.9,0.9,,,72.0,215.0,23.147764705882352,0.0,Georgia,2022.0,2022.0,LV,122.0,,
2022,15,00-0038040,Z.White,RB,LV,NE,0,0,0.0,0,0.0,0.0,0.0,1,4.0,0,0,0,0.0,0,0.4,0.4,,,72.0,215.0,23.147764705882352,0.0,Georgia,2022.0,2022.0,LV,122.0,6.0,
2022,18,00-0038040,Z.White,RB,LV,KC,0,0,0.0,0,0.0,0.0,0.0,1,4.0,0,0,0,0.0,0,0.4,0.4,,,72.0,215.0,23.147764705882352,0.0,Georgia,2022.0,2022.0,LV,122.0,-18.0,
2022,3,00-0038041,J.Ferguson,TE,DAL,NYG,0,0,0.0,0,0.0,0.0,0.0,0,0.0,0,3,2,13.0,0,1.3,3.3,,,77.0,250.0,23.829684210526317,0.0,Wisconsin,2022.0,2022.0,DAL,129.0,,0.1
2022,4,00-0038041,J.Ferguson,TE,DAL,WAS,0,0,0.0,0,0.0,0.0,0.0,0,0.0,0,1,1,7.0,0,0.7,1.7,,,77.0,250.0,23.829684210526317,0.0,Wisconsin,2022.0,2022.0,DAL,129.0,15.0,0.03846154
2022,6,00-0038041,J.Ferguson,TE,DAL,PHI,0,0,0.0,0,0.0,0.0,0.0,0,0.0,0,6,4,40.0,1,10.0,14.0,,,77.0,250.0,23.829684210526317,0.0,Wisconsin,2022.0,2022.0,DAL,129.0,,0.16216215
2022,7,00-0038041,J.Ferguson,TE,DAL,DET,0,0,0.0,0,0.0,0.0,0.0,0,0.0,0,1,1,7.0,0,0.7,1.7,,,77.0,250.0,23.829684210526317,0.0,Wisconsin,2022.0,2022.0,DAL,129.0,18.0,0.04
2022,8,00-0038041,J.Ferguson,TE,DAL,CHI,0,0,0.0,0,0.0,0.0,0.0,0,0.0,0,1,1,1.0,1,6.1,7.1,,,77.0,250.0,23.829684210526317,0.0,Wisconsin,2022.0,2022.0,DAL,129.0,20.0,0.03846154
2022,11,00-0038041,J.Ferguson,TE,DAL,MIN,0,0,0.0,0,0.0,0.0,0.0,0,0.0,0,2,2,15.0,0,1.5,3.5,,,77.0,250.0,23.829684210526317,0.0,Wisconsin,2022.0,2022.0,DAL,129.0,,0.06666667
2022,12,00-0038041,J.Ferguson,TE,DAL,NYG,0,0,0.0,0,0.0,0.0,0.0,0,0.0,0,3,3,57.0,0,5.7,8.7,,,77.0,250.0,23.829684210526317,0.0,Wisconsin,2022.0,2022.0,DAL,129.0,8.0,0.10344828
2022,13,00-0038041,J.Ferguson,TE,DAL,IND,0,0,0.0,0,0.0,0.0,0.0,0,0.0,0,2,2,-1.0,0,-0.1,1.9,,,77.0,250.0,23.829684210526317,0.0,Wisconsin,2022.0,2022.0,DAL,129.0,35.0,0.06666667
2022,16,00-0038041,J.Ferguson,TE,DAL,PHI,0,0,0.0,0,0.0,0.0,0.0,0,0.0,0,1,1,24.0,0,2.4,3.4,,,77.0,250.0,23.829684210526317,0.0,Wisconsin,2022.0,2022.0,DAL,129.0,6.0,0.028571429
2022,17,00-0038041,J.Ferguson,TE,DAL,TEN,0,0,0.0,0,0.0,0.0,0.0,0,0.0,0,1,1,7.0,0,0.7,1.7,,,77.0,250.0,23.829684210526317,0.0,Wisconsin,2022.0,2022.0,DAL,129.0,,0.024390243
2022,18,00-0038041,J.Ferguson,TE,DAL,WAS,0,0,0.0,0,0.0,0.0,0.0,0,0.0,0,1,1,4.0,0,0.4,1.4,,,77.0,250.0,23.829684210526317,0.0,Wisconsin,2022.0,2022.0,DAL,129.0,,0.027777778
2022,19,00-0038041,J.Ferguson,TE,DAL,TB,0,0,0.0,0,0.0,0.0,0.0,0,0.0,0,1,1,34.0,0,3.4,4.4,,,77.0,250.0,23.829684210526317,0.0,Wisconsin,2022.0,2022.0,DAL,129.0,,0.03125
2022,7,00-0038045,I.Spiller,RB,LAC,SEA,0,0,0.0,0,0.0,0.0,0.0,1,-5.0,0,0,0,0.0,0,-0.5,-0.5,,,73.0,215.0,21.263944444444444,0.0,Texas A&amp;M,2022.0,2022.0,LAC,123.0,-14.0,
2022,9,00-0038045,I.Spiller,RB,LAC,ATL,0,0,0.0,0,0.0,0.0,0.0,7,29.0,0,0,0,0.0,0,2.9,2.9,,,73.0,215.0,21.263944444444444,0.0,Texas A&amp;M,2022.0,2022.0,LAC,123.0,,
2022,10,00-0038045,I.Spiller,RB,LAC,SF,0,0,0.0,0,0.0,0.0,0.0,4,3.0,0,0,0,0.0,0,0.3,0.3,,,73.0,215.0,21.263944444444444,0.0,Texas A&amp;M,2022.0,2022.0,LAC,123.0,,
2022,11,00-0038045,I.Spiller,RB,LAC,KC,0,0,0.0,0,0.0,0.0,0.0,4,11.0,0,2,2,11.0,0,2.2,4.2,,,73.0,215.0,21.263944444444444,0.0,Texas A&amp;M,2022.0,2022.0,LAC,123.0,-3.0,0.06896552
2022,12,00-0038045,I.Spiller,RB,LAC,ARI,0,0,0.0,0,0.0,0.0,0.0,2,3.0,0,1,1,2.0,0,0.5,1.5,,,73.0,215.0,21.263944444444444,0.0,Texas A&amp;M,2022.0,2022.0,LAC,123.0,,0.021276595
2022,18,00-0038046,C.Kolar,TE,BAL,CIN,0,0,0.0,0,0.0,0.0,0.0,0,0.0,0,6,4,49.0,0,4.9,8.9,,,78.0,255.0,23.755777777777777,0.0,Iowa State,2022.0,2022.0,BAL,128.0,,0.14285715
2022,1,00-0038090,S.Moore,WR,KC,ARI,0,0,0.0,0,0.0,0.0,0.0,0,0.0,0,1,1,30.0,0,3.0,4.0,,,70.0,195.0,22.19905,0.0,Western Michigan,2022.0,2022.0,KC,54.0,,0.025641026
2022,4,00-0038090,S.Moore,WR,KC,TB,0,0,0.0,0,0.0,0.0,0.0,0,0.0,0,4,2,31.0,0,3.1,5.1,,,70.0,195.0,22.19905,0.0,Western Michigan,2022.0,2022.0,KC,54.0,,0.11764706
2022,5,00-0038090,S.Moore,WR,KC,LV,0,0,0.0,0,0.0,0.0,0.0,0,0.0,0,3,2,15.0,0,1.5,3.5,,,70.0,195.0,22.19905,0.0,Western Michigan,2022.0,2022.0,KC,54.0,1.0,0.071428575
2022,6,00-0038090,S.Moore,WR,KC,BUF,0,0,0.0,0,0.0,0.0,0.0,0,0.0,0,3,1,24.0,0,2.4,3.4,,,70.0,195.0,22.19905,0.0,Western Michigan,2022.0,2022.0,KC,54.0,-4.0,0.08571429
2022,7,00-0038090,S.Moore,WR,KC,SF,0,0,0.0,0,0.0,0.0,0.0,0,0.0,0,1,0,0.0,0,0.0,0.0,,,70.0,195.0,22.19905,0.0,Western Michigan,2022.0,2022.0,KC,54.0,,0.029411765
2022,9,00-0038090,S.Moore,WR,KC,TEN,0,0,0.0,0,0.0,0.0,0.0,0,0.0,0,1,0,0.0,0,0.0,0.0,,,70.0,195.0,22.19905,0.0,Western Michigan,2022.0,2022.0,KC,54.0,3.0,0.016129032
2022,10,00-0038090,S.Moore,WR,KC,JAX,0,0,0.0,0,0.0,0.0,0.0,0,0.0,0,1,1,6.0,0,0.6,1.6,,,70.0,195.0,22.19905,0.0,Western Michigan,2022.0,2022.0,KC,54.0,10.0,0.028571429
2022,11,00-0038090,S.Moore,WR,KC,LAC,0,0,0.0,0,0.0,0.0,0.0,0,0.0,0,6,5,63.0,0,6.3,11.3,,,70.0,195.0,22.19905,0.0,Western Michigan,2022.0,2022.0,KC,54.0,,0.19354838
2022,12,00-0038090,S.Moore,WR,KC,LA,0,0,0.0,0,0.0,0.0,0.0,0,0.0,0,6,5,36.0,0,3.6,8.6,,,70.0,195.0,22.19905,0.0,Western Michigan,2022.0,2022.0,KC,54.0,16.0,0.16216215
2022,13,00-0038090,S.Moore,WR,KC,CIN,0,0,0.0,0,0.0,0.0,0.0,1,12.0,0,0,0,0.0,0,1.2,1.2,,,70.0,195.0,22.19905,0.0,Western Michigan,2022.0,2022.0,KC,54.0,,
2022,14,00-0038090,S.Moore,WR,KC,DEN,0,0,0.0,0,0.0,0.0,0.0,0,0.0,0,2,1,7.0,0,0.7,1.7,,,70.0,195.0,22.19905,0.0,Western Michigan,2022.0,2022.0,KC,54.0,,0.04761905
2022,15,00-0038090,S.Moore,WR,KC,HOU,0,0,0.0,0,0.0,0.0,0.0,2,12.0,0,0,0,0.0,0,1.2,1.2,,,70.0,195.0,22.19905,0.0,Western Michigan,2022.0,2022.0,KC,54.0,,
2022,16,00-0038090,S.Moore,WR,KC,SEA,0,0,0.0,0,0.0,0.0,0.0,0,0.0,0,1,1,5.0,0,0.5,1.5,,,70.0,195.0,22.19905,0.0,Western Michigan,2022.0,2022.0,KC,54.0,14.0,0.037037037
2022,17,00-0038090,S.Moore,WR,KC,DEN,0,0,0.0,0,0.0,0.0,0.0,0,0.0,0,4,3,33.0,0,3.3,6.3,,,70.0,195.0,22.19905,0.0,Western Michigan,2022.0,2022.0,KC,54.0,3.0,0.09756097
2022,20,00-0038090,S.Moore,WR,KC,JAX,0,0,0.0,0,0.0,0.0,0.0,1,3.0,0,1,1,0.0,0,0.3,1.3,,,70.0,195.0,22.19905,0.0,Western Michigan,2022.0,2022.0,KC,54.0,7.0,0.028571429
2022,21,00-0038090,S.Moore,WR,KC,CIN,0,0,0.0,0,0.0,0.0,0.0,0,0.0,0,7,3,13.0,0,1.3,4.3,,,70.0,195.0,22.19905,0.0,Western Michigan,2022.0,2022.0,KC,54.0,3.0,0.17073171
2022,22,00-0038090,S.Moore,WR,KC,PHI,0,0,0.0,0,0.0,0.0,0.0,1,4.0,0,1,1,4.0,1,6.8,7.8,,,70.0,195.0,22.19905,0.0,Western Michigan,2022.0,2022.0,KC,54.0,,0.04
2022,18,00-0038092,E.Ezukanma,WR,MIA,NYJ,0,0,0.0,0,0.0,0.0,0.0,0,0.0,0,1,1,3.0,0,0.3,1.3,,,74.0,220.0,22.799111111111113,0.0,Texas Tech,2022.0,2022.0,MIA,125.0,5.0,0.037037037
2022,6,00-0038098,P.Strong,RB,NE,CLE,0,0,0.0,0,0.0,0.0,0.0,1,5.0,0,0,0,0.0,0,0.5,0.5,,,71.0,205.0,23.915,0.0,South Dakota State,2022.0,2022.0,NE,127.0,,
2022,14,00-0038098,P.Strong,RB,NE,ARI,0,0,0.0,0,0.0,0.0,0.0,5,70.0,1,2,2,20.0,0,15.0,17.0,,,71.0,205.0,23.915,0.0,South Dakota State,2022.0,2022.0,NE,127.0,,0.060606062
2022,15,00-0038098,P.Strong,RB,NE,LV,0,0,0.0,0,0.0,0.0,0.0,4,25.0,0,3,3,12.0,0,3.7,6.7,,,71.0,205.0,23.915,0.0,South Dakota State,2022.0,2022.0,NE,127.0,,0.1
2022,16,00-0038098,P.Strong,RB,NE,CIN,0,0,0.0,0,0.0,0.0,0.0,0,0.0,0,2,2,10.0,0,1.0,3.0,,,71.0,205.0,23.915,0.0,South Dakota State,2022.0,2022.0,NE,127.0,-4.0,0.06451613
2022,4,00-0038102,K.Pickett,QB,PIT,NYJ,10,13,120.0,0,3.0,0.0,-0.0,6,15.0,2,0,0,0.0,0,12.3,12.3,,,75.0,220.0,24.428588235294118,0.0,Pittsburgh,2022.0,2022.0,PIT,20.0,-4.0,
2022,5,00-0038102,K.Pickett,QB,PIT,BUF,34,52,327.0,0,1.0,3.0,17.0,1,10.0,0,0,0,0.0,0,12.08,12.08,,,75.0,220.0,24.428588235294118,0.0,Pittsburgh,2022.0,2022.0,PIT,20.0,,
2022,6,00-0038102,K.Pickett,QB,PIT,TB,11,18,67.0,1,0.0,1.0,12.0,2,16.0,0,0,0,0.0,0,8.28,8.28,,,75.0,220.0,24.428588235294118,0.0,Pittsburgh,2022.0,2022.0,PIT,20.0,2.0,
2022,7,00-0038102,K.Pickett,QB,PIT,MIA,32,44,257.0,1,3.0,2.0,11.0,3,20.0,0,0,0,0.0,0,10.28,10.28,,,75.0,220.0,24.428588235294118,0.0,Pittsburgh,2022.0,2022.0,PIT,20.0,,
2022,8,00-0038102,K.Pickett,QB,PIT,PHI,25,38,191.0,0,1.0,6.0,38.0,7,37.0,0,0,0,0.0,0,7.34,7.34,,,75.0,220.0,24.428588235294118,0.0,Pittsburgh,2022.0,2022.0,PIT,20.0,,
2022,10,00-0038102,K.Pickett,QB,PIT,NO,18,30,199.0,0,0.0,6.0,37.0,8,51.0,1,0,0,0.0,0,19.06,19.06,,,75.0,220.0,24.428588235294118,0.0,Pittsburgh,2022.0,2022.0,PIT,20.0,10.0,
2022,11,00-0038102,K.Pickett,QB,PIT,CIN,25,42,265.0,1,0.0,2.0,16.0,2,14.0,0,0,0,0.0,0,16.0,16.0,,,75.0,220.0,24.428588235294118,0.0,Pittsburgh,2022.0,2022.0,PIT,20.0,-7.0,
2022,12,00-0038102,K.Pickett,QB,PIT,IND,20,28,174.0,0,0.0,3.0,23.0,6,32.0,0,0,0,0.0,0,12.16,12.16,,,75.0,220.0,24.428588235294118,0.0,Pittsburgh,2022.0,2022.0,PIT,20.0,,
2022,13,00-0038102,K.Pickett,QB,PIT,ATL,16,28,197.0,1,0.0,0.0,-0.0,7,14.0,0,0,0,0.0,0,13.28,13.28,,,75.0,220.0,24.428588235294118,0.0,Pittsburgh,2022.0,2022.0,PIT,20.0,,
2022,14,00-0038102,K.Pickett,QB,PIT,BAL,0,1,0.0,0,0.0,1.0,7.0,2,16.0,0,0,0,0.0,0,1.6,1.6,,,75.0,220.0,24.428588235294118,0.0,Pittsburgh,2022.0,2022.0,PIT,20.0,-2.0,
2022,16,00-0038102,K.Pickett,QB,PIT,LV,26,39,244.0,1,1.0,0.0,-0.0,3,9.0,0,0,0,0.0,0,12.66,12.66,,,75.0,220.0,24.428588235294118,0.0,Pittsburgh,2022.0,2022.0,PIT,20.0,3.0,
2022,17,00-0038102,K.Pickett,QB,PIT,BAL,15,27,168.0,1,0.0,2.0,15.0,5,2.0,0,0,0,0.0,0,10.92,10.92,,,75.0,220.0,24.428588235294118,0.0,Pittsburgh,2022.0,2022.0,PIT,20.0,,
2022,18,00-0038102,K.Pickett,QB,PIT,CLE,13,29,195.0,1,0.0,1.0,6.0,3,1.0,0,0,0,0.0,0,13.9,13.9,,,75.0,220.0,24.428588235294118,0.0,Pittsburgh,2022.0,2022.0,PIT,20.0,14.0,
2022,5,00-0038104,T.Thornton,WR,NE,DET,0,0,0.0,0,0.0,0.0,0.0,0,0.0,0,3,2,7.0,0,0.7,2.7,,,74.0,180.0,22.25594117647059,0.0,Baylor,2022.0,2022.0,NE,50.0,29.0,0.14285715
2022,6,00-0038104,T.Thornton,WR,NE,CLE,0,0,0.0,0,0.0,0.0,0.0,3,16.0,1,5,4,37.0,1,17.3,21.3,,,74.0,180.0,22.25594117647059,0.0,Baylor,2022.0,2022.0,NE,50.0,,0.16129032
2022,7,00-0038104,T.Thornton,WR,NE,CHI,0,0,0.0,0,0.0,0.0,0.0,0,0.0,0,5,1,19.0,0,1.9,2.9,,,74.0,180.0,22.25594117647059,0.0,Baylor,2022.0,2022.0,NE,50.0,-19.0,0.17857143
2022,8,00-0038104,T.Thornton,WR,NE,NYJ,0,0,0.0,0,0.0,0.0,0.0,0,0.0,0,2,1,13.0,0,1.3,2.3,,,74.0,180.0,22.25594117647059,0.0,Baylor,2022.0,2022.0,NE,50.0,,0.0625
2022,9,00-0038104,T.Thornton,WR,NE,IND,0,0,0.0,0,0.0,0.0,0.0,0,0.0,0,4,1,5.0,0,0.5,1.5,,,74.0,180.0,22.25594117647059,0.0,Baylor,2022.0,2022.0,NE,50.0,23.0,0.13793103
2022,11,00-0038104,T.Thornton,WR,NE,NYJ,0,0,0.0,0,0.0,0.0,0.0,0,0.0,0,2,1,5.0,0,0.5,1.5,,,74.0,180.0,22.25594117647059,0.0,Baylor,2022.0,2022.0,NE,50.0,7.0,0.074074075
2022,13,00-0038104,T.Thornton,WR,NE,BUF,0,0,0.0,0,0.0,0.0,0.0,0,0.0,0,3,2,31.0,0,3.1,5.1,,,74.0,180.0,22.25594117647059,0.0,Baylor,2022.0,2022.0,NE,50.0,-14.0,0.0882353
2022,14,00-0038104,T.Thornton,WR,NE,ARI,0,0,0.0,0,0.0,0.0,0.0,0,0.0,0,5,4,28.0,0,2.8,6.8,,,74.0,180.0,22.25594117647059,0.0,Baylor,2022.0,2022.0,NE,50.0,,0.15151516
2022,15,00-0038104,T.Thornton,WR,NE,LV,0,0,0.0,0,0.0,0.0,0.0,0,0.0,0,4,1,21.0,0,2.1,3.1,,,74.0,180.0,22.25594117647059,0.0,Baylor,2022.0,2022.0,NE,50.0,,0.13333334
2022,16,00-0038104,T.Thornton,WR,NE,CIN,0,0,0.0,0,0.0,0.0,0.0,0,0.0,0,3,1,8.0,0,0.8,1.8,,,74.0,180.0,22.25594117647059,0.0,Baylor,2022.0,2022.0,NE,50.0,-4.0,0.09677419
2022,17,00-0038104,T.Thornton,WR,NE,MIA,0,0,0.0,0,0.0,0.0,0.0,0,0.0,0,7,3,60.0,1,12.0,15.0,,,74.0,180.0,22.25594117647059,0.0,Baylor,2022.0,2022.0,NE,50.0,2.0,0.21875
2022,18,00-0038104,T.Thornton,WR,NE,BUF,0,0,0.0,0,0.0,0.0,0.0,0,0.0,0,2,1,13.0,0,1.3,2.3,,,74.0,180.0,22.25594117647059,0.0,Baylor,2022.0,2022.0,NE,50.0,,0.051282052
2022,4,00-0038108,B.Zappe,QB,NE,GB,10,15,99.0,1,0.0,3.0,24.0,0,0.0,0,0,0,0.0,0,5.96,5.96,,,73.0,220.0,23.54,0.0,Western Kentucky,2022.0,2022.0,NE,137.0,,
2022,5,00-0038108,B.Zappe,QB,NE,DET,17,21,188.0,1,1.0,0.0,-0.0,5,5.0,0,0,0,0.0,0,10.02,10.02,,,73.0,220.0,23.54,0.0,Western Kentucky,2022.0,2022.0,NE,137.0,29.0,
2022,6,00-0038108,B.Zappe,QB,NE,CLE,24,34,309.0,2,0.0,2.0,8.0,3,-4.0,0,1,1,-6.0,0,17.36,18.36,,,73.0,220.0,23.54,0.0,Western Kentucky,2022.0,2022.0,NE,137.0,,0.032258064
2022,7,00-0038108,B.Zappe,QB,NE,CHI,14,22,185.0,1,2.0,1.0,8.0,2,-1.0,0,0,0,0.0,0,5.3,5.3,,,73.0,220.0,23.54,0.0,Western Kentucky,2022.0,2022.0,NE,137.0,-19.0,
2022,2,00-0038115,D.Bellinger,TE,NYG,CAR,0,0,0.0,0,0.0,0.0,0.0,0,0.0,0,1,1,16.0,1,7.6,8.6,,,77.0,255.0,22.151526315789475,0.0,San Diego State,2022.0,2022.0,NYG,112.0,3.0,0.03125
2022,3,00-0038115,D.Bellinger,TE,NYG,DAL,0,0,0.0,0,0.0,0.0,0.0,0,0.0,0,5,4,40.0,0,4.0,8.0,,,77.0,255.0,22.151526315789475,0.0,San Diego State,2022.0,2022.0,NYG,112.0,-7.0,0.15625
2022,4,00-0038115,D.Bellinger,TE,NYG,CHI,0,0,0.0,0,0.0,0.0,0.0,0,0.0,0,3,3,23.0,0,2.3,5.3,,,77.0,255.0,22.151526315789475,0.0,San Diego State,2022.0,2022.0,NYG,112.0,8.0,0.2
2022,5,00-0038115,D.Bellinger,TE,NYG,GB,0,0,0.0,0,0.0,0.0,0.0,1,2.0,1,3,2,22.0,0,8.4,10.4,,,77.0,255.0,22.151526315789475,0.0,San Diego State,2022.0,2022.0,NYG,112.0,,0.115384616
2022,6,00-0038115,D.Bellinger,TE,NYG,BAL,0,0,0.0,0,0.0,0.0,0.0,0,0.0,0,5,5,38.0,1,9.8,14.8,,,77.0,255.0,22.151526315789475,0.0,San Diego State,2022.0,2022.0,NYG,112.0,4.0,0.2
2022,7,00-0038115,D.Bellinger,TE,NYG,JAX,0,0,0.0,0,0.0,0.0,0.0,0,0.0,0,1,1,13.0,0,1.3,2.3,,,77.0,255.0,22.151526315789475,0.0,San Diego State,2022.0,2022.0,NYG,112.0,,0.03448276
2022,13,00-0038115,D.Bellinger,TE,NYG,WAS,0,0,0.0,0,0.0,0.0,0.0,0,0.0,0,5,5,24.0,0,2.4,7.4,,,77.0,255.0,22.151526315789475,0.0,San Diego State,2022.0,2022.0,NYG,112.0,0.0,0.17857143
2022,14,00-0038115,D.Bellinger,TE,NYG,PHI,0,0,0.0,0,0.0,0.0,0.0,0,0.0,0,3,3,19.0,0,1.9,4.9,,,77.0,255.0,22.151526315789475,0.0,San Diego State,2022.0,2022.0,NYG,112.0,-26.0,0.09375
2022,15,00-0038115,D.Bellinger,TE,NYG,WAS,0,0,0.0,0,0.0,0.0,0.0,0,0.0,0,4,1,4.0,0,0.4,1.4,,,77.0,255.0,22.151526315789475,0.0,San Diego State,2022.0,2022.0,NYG,112.0,,0.13333334
2022,16,00-0038115,D.Bellinger,TE,NYG,MIN,0,0,0.0,0,0.0,0.0,0.0,0,0.0,0,2,2,27.0,0,2.7,4.7,,,77.0,255.0,22.151526315789475,0.0,San Diego State,2022.0,2022.0,NYG,112.0,,0.048780486
2022,17,00-0038115,D.Bellinger,TE,NYG,IND,0,0,0.0,0,0.0,0.0,0.0,0,0.0,0,3,3,42.0,0,4.2,7.2,,,77.0,255.0,22.151526315789475,0.0,San Diego State,2022.0,2022.0,NYG,112.0,28.0,0.13043478
2022,19,00-0038115,D.Bellinger,TE,NYG,MIN,0,0,0.0,0,0.0,0.0,0.0,0,0.0,0,2,2,17.0,1,7.7,9.7,,,77.0,255.0,22.151526315789475,0.0,San Diego State,2022.0,2022.0,NYG,112.0,,0.060606062
2022,20,00-0038115,D.Bellinger,TE,NYG,PHI,0,0,0.0,0,0.0,0.0,0.0,0,0.0,0,3,1,4.0,0,0.4,1.4,,,77.0,255.0,22.151526315789475,0.0,San Diego State,2022.0,2022.0,NYG,112.0,,0.115384616
2022,1,00-0038117,W.Robinson,WR,NYG,TEN,0,0,0.0,0,0.0,0.0,0.0,0,0.0,0,1,1,5.0,0,0.5,1.5,,,68.0,185.0,21.864105263157896,0.0,Kentucky,2022.0,2022.0,NYG,43.0,,0.04761905
2022,6,00-0038117,W.Robinson,WR,NYG,BAL,0,0,0.0,0,0.0,0.0,0.0,0,0.0,0,4,3,37.0,1,9.7,12.7,,,68.0,185.0,21.864105263157896,0.0,Kentucky,2022.0,2022.0,NYG,43.0,4.0,0.16
2022,7,00-0038117,W.Robinson,WR,NYG,JAX,0,0,0.0,0,0.0,0.0,0.0,0,0.0,0,8,6,50.0,0,5.0,11.0,,,68.0,185.0,21.864105263157896,0.0,Kentucky,2022.0,2022.0,NYG,43.0,,0.27586207
2022,8,00-0038117,W.Robinson,WR,NYG,SEA,0,0,0.0,0,0.0,0.0,0.0,0,0.0,0,3,2,15.0,0,1.5,3.5,,,68.0,185.0,21.864105263157896,0.0,Kentucky,2022.0,2022.0,NYG,43.0,,0.09677419
2022,10,00-0038117,W.Robinson,WR,NYG,HOU,0,0,0.0,0,0.0,0.0,0.0,1,-5.0,0,2,2,20.0,0,1.5,3.5,,,68.0,185.0,21.864105263157896,0.0,Kentucky,2022.0,2022.0,NYG,43.0,8.0,0.11764706
2022,11,00-0038117,W.Robinson,WR,NYG,DET,0,0,0.0,0,0.0,0.0,0.0,1,4.0,0,13,9,100.0,0,10.4,19.4,,,68.0,185.0,21.864105263157896,0.0,Kentucky,2022.0,2022.0,NYG,43.0,-13.0,0.325
2022,1,00-0038120,B.Hall,RB,NYJ,BAL,0,0,0.0,0,0.0,0.0,0.0,6,23.0,0,9,6,38.0,0,4.1,10.1,,,73.0,220.0,21.443117647058823,0.0,Iowa State,2022.0,2022.0,NYJ,36.0,-15.0,0.15789473
2022,2,00-0038120,B.Hall,RB,NYJ,CLE,0,0,0.0,0,0.0,0.0,0.0,7,50.0,0,1,1,10.0,1,12.0,13.0,,,73.0,220.0,21.443117647058823,0.0,Iowa State,2022.0,2022.0,NYJ,36.0,,0.023255814
2022,3,00-0038120,B.Hall,RB,NYJ,CIN,0,0,0.0,0,0.0,0.0,0.0,8,39.0,0,11,6,53.0,0,9.2,15.2,,,73.0,220.0,21.443117647058823,0.0,Iowa State,2022.0,2022.0,NYJ,36.0,-15.0,0.22916667
2022,4,00-0038120,B.Hall,RB,NYJ,PIT,0,0,0.0,0,0.0,0.0,0.0,17,66.0,1,6,2,12.0,0,13.8,15.8,,,73.0,220.0,21.443117647058823,0.0,Iowa State,2022.0,2022.0,NYJ,36.0,,0.18181819
2022,5,00-0038120,B.Hall,RB,NYJ,MIA,0,0,0.0,0,0.0,0.0,0.0,18,97.0,1,2,2,100.0,0,25.7,27.7,,,73.0,220.0,21.443117647058823,0.0,Iowa State,2022.0,2022.0,NYJ,36.0,23.0,0.0952381
2022,6,00-0038120,B.Hall,RB,NYJ,GB,0,0,0.0,0,0.0,0.0,0.0,20,116.0,1,2,2,5.0,0,18.1,20.1,,,73.0,220.0,21.443117647058823,0.0,Iowa State,2022.0,2022.0,NYJ,36.0,,0.11764706
2022,7,00-0038120,B.Hall,RB,NYJ,DEN,0,0,0.0,0,0.0,0.0,0.0,4,72.0,1,0,0,0.0,0,13.2,13.2,,,73.0,220.0,21.443117647058823,0.0,Iowa State,2022.0,2022.0,NYJ,36.0,,
2022,15,00-0038122,D.Ridder,QB,ATL,NO,13,26,97.0,0,0.0,4.0,8.0,6,38.0,0,0,0,0.0,0,7.68,7.68,,,75.0,215.0,23.188000000000002,0.0,Cincinnati,2022.0,2022.0,ATL,74.0,,
2022,16,00-0038122,D.Ridder,QB,ATL,BAL,22,33,218.0,0,0.0,2.0,6.0,4,8.0,0,0,0,0.0,0,9.52,9.52,,,75.0,215.0,23.188000000000002,0.0,Cincinnati,2022.0,2022.0,ATL,74.0,,
2022,17,00-0038122,D.Ridder,QB,ATL,ARI,19,26,169.0,0,0.0,1.0,3.0,4,9.0,0,0,0,0.0,0,5.66,5.66,,,75.0,215.0,23.188000000000002,0.0,Cincinnati,2022.0,2022.0,ATL,74.0,1.0,
2022,18,00-0038122,D.Ridder,QB,ATL,TB,19,30,224.0,2,0.0,2.0,16.0,2,9.0,0,0,0,0.0,0,15.86,15.86,,,75.0,215.0,23.188000000000002,0.0,Cincinnati,2022.0,2022.0,ATL,74.0,13.0,
2022,1,00-0038124,C.Watson,WR,GB,MIN,0,0,0.0,0,0.0,0.0,0.0,1,7.0,0,4,2,34.0,0,4.1,6.1,,,77.0,208.0,23.49229411764706,0.0,North Dakota State,2022.0,2022.0,GB,34.0,,0.114285715
2022,2,00-0038124,C.Watson,WR,GB,CHI,0,0,0.0,0,0.0,0.0,0.0,0,0.0,0,3,3,9.0,0,0.9,3.9,,,77.0,208.0,23.49229411764706,0.0,North Dakota State,2022.0,2022.0,GB,34.0,17.0,0.12
2022,4,00-0038124,C.Watson,WR,GB,NE,0,0,0.0,0,0.0,0.0,0.0,1,15.0,1,3,1,8.0,0,8.3,9.3,,,77.0,208.0,23.49229411764706,0.0,North Dakota State,2022.0,2022.0,GB,34.0,3.0,0.09375
2022,5,00-0038124,C.Watson,WR,GB,NYG,0,0,0.0,0,0.0,0.0,0.0,1,-3.0,0,1,1,1.0,0,-0.2,0.8,,,77.0,208.0,23.49229411764706,0.0,North Dakota State,2022.0,2022.0,GB,34.0,-5.0,0.025641026
2022,8,00-0038124,C.Watson,WR,GB,BUF,0,0,0.0,0,0.0,0.0,0.0,0,0.0,0,1,1,12.0,0,1.2,2.2,,,77.0,208.0,23.49229411764706,0.0,North Dakota State,2022.0,2022.0,GB,34.0,,0.03448276
2022,9,00-0038124,C.Watson,WR,GB,DET,0,0,0.0,0,0.0,0.0,0.0,0,0.0,0,2,2,24.0,0,2.4,4.4,,,77.0,208.0,23.49229411764706,0.0,North Dakota State,2022.0,2022.0,GB,34.0,,0.05
2022,10,00-0038124,C.Watson,WR,GB,DAL,0,0,0.0,0,0.0,0.0,0.0,0,0.0,0,8,4,107.0,3,28.7,32.7,,,77.0,208.0,23.49229411764706,0.0,North Dakota State,2022.0,2022.0,GB,34.0,3.0,0.42105263
2022,11,00-0038124,C.Watson,WR,GB,TEN,0,0,0.0,0,0.0,0.0,0.0,1,3.0,0,6,4,48.0,2,17.1,21.1,,,77.0,208.0,23.49229411764706,0.0,North Dakota State,2022.0,2022.0,GB,34.0,-10.0,0.16216215
2022,12,00-0038124,C.Watson,WR,GB,PHI,0,0,0.0,0,0.0,0.0,0.0,0,0.0,0,6,4,110.0,1,17.0,21.0,,,77.0,208.0,23.49229411764706,0.0,North Dakota State,2022.0,2022.0,GB,34.0,,0.24
2022,13,00-0038124,C.Watson,WR,GB,CHI,0,0,0.0,0,0.0,0.0,0.0,1,46.0,1,7,3,48.0,1,21.4,24.4,,,77.0,208.0,23.49229411764706,0.0,North Dakota State,2022.0,2022.0,GB,34.0,,0.23333333
2022,15,00-0038124,C.Watson,WR,GB,LA,0,0,0.0,0,0.0,0.0,0.0,0,0.0,0,6,4,46.0,0,4.6,8.6,,,77.0,208.0,23.49229411764706,0.0,North Dakota State,2022.0,2022.0,GB,34.0,12.0,0.21428572
2022,16,00-0038124,C.Watson,WR,GB,MIA,0,0,0.0,0,0.0,0.0,0.0,0,0.0,0,8,6,49.0,0,4.9,10.9,,,77.0,208.0,23.49229411764706,0.0,North Dakota State,2022.0,2022.0,GB,34.0,,0.21052632
2022,17,00-0038124,C.Watson,WR,GB,MIN,0,0,0.0,0,0.0,0.0,0.0,0,0.0,0,5,1,11.0,0,1.1,2.1,,,77.0,208.0,23.49229411764706,0.0,North Dakota State,2022.0,2022.0,GB,34.0,24.0,0.1923077
2022,18,00-0038124,C.Watson,WR,GB,DET,0,0,0.0,0,0.0,0.0,0.0,2,12.0,0,6,5,104.0,0,11.6,16.6,,,77.0,208.0,23.49229411764706,0.0,North Dakota State,2022.0,2022.0,GB,34.0,-4.0,0.23076923
2022,2,00-0038128,M.Willis,QB,TEN,BUF,1,4,6.0,0,0.0,0.0,-0.0,4,16.0,0,0,0,0.0,0,-0.16,-0.16,,,73.0,215.0,23.464823529411763,0.0,Liberty,2022.0,2022.0,TEN,86.0,,
2022,8,00-0038128,M.Willis,QB,TEN,HOU,6,10,55.0,0,1.0,3.0,15.0,5,12.0,0,0,0,0.0,0,1.4,1.4,,,73.0,215.0,23.464823529411763,0.0,Liberty,2022.0,2022.0,TEN,86.0,,
2022,9,00-0038128,M.Willis,QB,TEN,KC,5,16,80.0,0,0.0,3.0,23.0,8,40.0,0,0,0,0.0,0,7.2,7.2,,,73.0,215.0,23.464823529411763,0.0,Liberty,2022.0,2022.0,TEN,86.0,,
2022,10,00-0038128,M.Willis,QB,TEN,DEN,0,0,0.0,0,0.0,0.0,0.0,1,-4.0,0,0,0,0.0,0,-2.4,-2.4,,,73.0,215.0,23.464823529411763,0.0,Liberty,2022.0,2022.0,TEN,86.0,7.0,
2022,13,00-0038128,M.Willis,QB,TEN,PHI,2,4,16.0,0,0.0,0.0,-0.0,1,8.0,0,0,0,0.0,0,1.44,1.44,,,73.0,215.0,23.464823529411763,0.0,Liberty,2022.0,2022.0,TEN,86.0,,
2022,15,00-0038128,M.Willis,QB,TEN,LAC,3,4,20.0,0,0.0,0.0,-0.0,1,8.0,0,0,0,0.0,0,1.6,1.6,,,73.0,215.0,23.464823529411763,0.0,Liberty,2022.0,2022.0,TEN,86.0,,
2022,16,00-0038128,M.Willis,QB,TEN,HOU,14,23,99.0,0,2.0,4.0,11.0,7,43.0,1,0,0,0.0,0,10.26,10.26,,,73.0,215.0,23.464823529411763,0.0,Liberty,2022.0,2022.0,TEN,86.0,-5.0,
2022,2,00-0038129,C.Otton,TE,TB,NO,0,0,0.0,0,0.0,0.0,0.0,0,0.0,0,2,1,4.0,0,0.4,1.4,,,77.0,250.0,23.579833333333333,0.0,Washington,2022.0,2022.0,TB,106.0,,0.060606062
2022,4,00-0038129,C.Otton,TE,TB,KC,0,0,0.0,0,0.0,0.0,0.0,0,0.0,0,4,3,29.0,0,2.9,5.9,,,77.0,250.0,23.579833333333333,0.0,Washington,2022.0,2022.0,TB,106.0,-10.0,0.07692308
2022,5,00-0038129,C.Otton,TE,TB,ATL,0,0,0.0,0,0.0,0.0,0.0,0,0.0,0,7,6,43.0,0,4.3,10.3,,,77.0,250.0,23.579833333333333,0.0,Washington,2022.0,2022.0,TB,106.0,6.0,0.14
2022,6,00-0038129,C.Otton,TE,TB,PIT,0,0,0.0,0,0.0,0.0,0.0,0,0.0,0,3,2,23.0,0,2.3,4.3,,,77.0,250.0,23.579833333333333,0.0,Washington,2022.0,2022.0,TB,106.0,,0.08108108
2022,7,00-0038129,C.Otton,TE,TB,CAR,0,0,0.0,0,0.0,0.0,0.0,0,0.0,0,5,4,64.0,0,6.4,10.4,,,77.0,250.0,23.579833333333333,0.0,Washington,2022.0,2022.0,TB,106.0,,0.104166664
2022,8,00-0038129,C.Otton,TE,TB,BAL,0,0,0.0,0,0.0,0.0,0.0,0,0.0,0,5,2,15.0,0,1.5,3.5,,,77.0,250.0,23.579833333333333,0.0,Washington,2022.0,2022.0,TB,106.0,-5.0,0.11904762
2022,9,00-0038129,C.Otton,TE,TB,LA,0,0,0.0,0,0.0,0.0,0.0,0,0.0,0,6,5,68.0,1,12.8,17.8,,,77.0,250.0,23.579833333333333,0.0,Washington,2022.0,2022.0,TB,106.0,3.0,0.10909091
2022,10,00-0038129,C.Otton,TE,TB,SEA,0,0,0.0,0,0.0,0.0,0.0,0,0.0,0,3,3,35.0,0,3.5,6.5,,,77.0,250.0,23.579833333333333,0.0,Washington,2022.0,2022.0,TB,106.0,5.0,0.10344828
2022,13,00-0038129,C.Otton,TE,TB,NO,0,0,0.0,0,0.0,0.0,0.0,0,0.0,0,10,6,28.0,1,8.8,14.8,,,77.0,250.0,23.579833333333333,0.0,Washington,2022.0,2022.0,TB,106.0,1.0,0.18867925
2022,14,00-0038129,C.Otton,TE,TB,SF,0,0,0.0,0,0.0,0.0,0.0,0,0.0,0,5,4,28.0,0,2.8,6.8,,,77.0,250.0,23.579833333333333,0.0,Washington,2022.0,2022.0,TB,106.0,,0.09803922
2022,15,00-0038129,C.Otton,TE,TB,CIN,0,0,0.0,0,0.0,0.0,0.0,0,0.0,0,1,1,20.0,0,2.0,3.0,,,77.0,250.0,23.579833333333333,0.0,Washington,2022.0,2022.0,TB,106.0,-11.0,0.023809524
2022,16,00-0038129,C.Otton,TE,TB,ARI,0,0,0.0,0,0.0,0.0,0.0,0,0.0,0,7,2,12.0,0,1.2,3.2,,,77.0,250.0,23.579833333333333,0.0,Washington,2022.0,2022.0,TB,106.0,,0.14583333
2022,17,00-0038129,C.Otton,TE,TB,CAR,0,0,0.0,0,0.0,0.0,0.0,0,0.0,0,6,2,17.0,0,1.7,3.7,,,77.0,250.0,23.579833333333333,0.0,Washington,2022.0,2022.0,TB,106.0,6.0,0.14285715
2022,18,00-0038129,C.Otton,TE,TB,ATL,0,0,0.0,0,0.0,0.0,0.0,0,0.0,0,1,1,5.0,0,0.5,1.5,,,77.0,250.0,23.579833333333333,0.0,Washington,2022.0,2022.0,TB,106.0,,0.030303031
2022,19,00-0038129,C.Otton,TE,TB,DAL,0,0,0.0,0,0.0,0.0,0.0,0,0.0,0,7,4,58.0,0,5.8,9.8,,,77.0,250.0,23.579833333333333,0.0,Washington,2022.0,2022.0,TB,106.0,-17.0,0.114754096
2022,2,00-0038134,K.Walker,RB,SEA,SF,0,0,0.0,0,0.0,0.0,0.0,4,10.0,0,3,2,5.0,0,1.5,3.5,,,69.0,210.0,22.062722222222224,0.0,Michigan State,2022.0,2022.0,SEA,41.0,,0.1
2022,3,00-0038134,K.Walker,RB,SEA,ATL,0,0,0.0,0,0.0,0.0,0.0,3,19.0,0,3,3,14.0,0,3.3,6.3,,,69.0,210.0,22.062722222222224,0.0,Michigan State,2022.0,2022.0,SEA,41.0,-4.0,0.06818182
2022,4,00-0038134,K.Walker,RB,SEA,DET,0,0,0.0,0,0.0,0.0,0.0,8,29.0,0,1,1,-5.0,0,2.4,3.4,,,69.0,210.0,22.062722222222224,0.0,Michigan State,2022.0,2022.0,SEA,41.0,,0.03448276
2022,5,00-0038134,K.Walker,RB,SEA,NO,0,0,0.0,0,0.0,0.0,0.0,8,88.0,1,0,0,0.0,0,14.8,14.8,,,69.0,210.0,22.062722222222224,0.0,Michigan State,2022.0,2022.0,SEA,41.0,,
2022,6,00-0038134,K.Walker,RB,SEA,ARI,0,0,0.0,0,0.0,0.0,0.0,21,97.0,1,3,2,13.0,0,17.0,19.0,,,69.0,210.0,22.062722222222224,0.0,Michigan State,2022.0,2022.0,SEA,41.0,10.0,0.1
2022,7,00-0038134,K.Walker,RB,SEA,LAC,0,0,0.0,0,0.0,0.0,0.0,23,167.0,2,0,0,0.0,0,28.7,28.7,,,69.0,210.0,22.062722222222224,0.0,Michigan State,2022.0,2022.0,SEA,41.0,,
2022,8,00-0038134,K.Walker,RB,SEA,NYG,0,0,0.0,0,0.0,0.0,0.0,18,51.0,1,2,1,1.0,0,11.2,12.2,,,69.0,210.0,22.062722222222224,0.0,Michigan State,2022.0,2022.0,SEA,41.0,14.0,0.060606062
2022,9,00-0038134,K.Walker,RB,SEA,ARI,0,0,0.0,0,0.0,0.0,0.0,26,109.0,2,4,3,20.0,0,24.9,27.9,,,69.0,210.0,22.062722222222224,0.0,Michigan State,2022.0,2022.0,SEA,41.0,,0.125
2022,10,00-0038134,K.Walker,RB,SEA,TB,0,0,0.0,0,0.0,0.0,0.0,10,17.0,0,8,6,55.0,0,7.2,13.2,,,69.0,210.0,22.062722222222224,0.0,Michigan State,2022.0,2022.0,SEA,41.0,,0.24242425
2022,12,00-0038134,K.Walker,RB,SEA,LV,0,0,0.0,0,0.0,0.0,0.0,14,26.0,2,1,1,13.0,0,15.9,16.9,,,69.0,210.0,22.062722222222224,0.0,Michigan State,2022.0,2022.0,SEA,41.0,-6.0,0.027027028
2022,13,00-0038134,K.Walker,RB,SEA,LA,0,0,0.0,0,0.0,0.0,0.0,3,36.0,0,1,0,0.0,0,3.6,3.6,,,69.0,210.0,22.062722222222224,0.0,Michigan State,2022.0,2022.0,SEA,41.0,,0.027027028
2022,15,00-0038134,K.Walker,RB,SEA,SF,0,0,0.0,0,0.0,0.0,0.0,12,47.0,0,5,4,32.0,0,7.9,11.9,,,69.0,210.0,22.062722222222224,0.0,Michigan State,2022.0,2022.0,SEA,41.0,-8.0,0.12195122
2022,16,00-0038134,K.Walker,RB,SEA,KC,0,0,0.0,0,0.0,0.0,0.0,26,107.0,0,2,2,-2.0,0,10.5,12.5,,,69.0,210.0,22.062722222222224,0.0,Michigan State,2022.0,2022.0,SEA,41.0,,0.05263158
2022,17,00-0038134,K.Walker,RB,SEA,NYJ,0,0,0.0,0,0.0,0.0,0.0,23,133.0,0,1,1,9.0,0,14.2,15.2,,,69.0,210.0,22.062722222222224,0.0,Michigan State,2022.0,2022.0,SEA,41.0,17.0,0.035714287
2022,18,00-0038134,K.Walker,RB,SEA,LA,0,0,0.0,0,0.0,0.0,0.0,29,114.0,0,1,1,10.0,0,12.4,13.4,,,69.0,210.0,22.062722222222224,0.0,Michigan State,2022.0,2022.0,SEA,41.0,3.0,0.035714287
2022,19,00-0038134,K.Walker,RB,SEA,SF,0,0,0.0,0,0.0,0.0,0.0,15,63.0,1,1,1,3.0,0,12.6,13.6,,,69.0,210.0,22.062722222222224,0.0,Michigan State,2022.0,2022.0,SEA,41.0,,0.029411765
2022,15,00-0038147,D.Baldwin,WR,CLE,BAL,0,0,0.0,0,0.0,0.0,0.0,0,0.0,0,2,2,25.0,0,2.5,4.5,,,74.0,219.0,22.961,0.0,Michigan,2022.0,2022.0,,,10.0,0.07692308
2022,18,00-0038149,J.Ali,WR,ATL,TB,0,0,0.0,0,0.0,0.0,0.0,0,0.0,0,1,0,0.0,0,0.0,0.0,,,72.0,193.0,23.8425,0.0,Kentucky,2022.0,2022.0,,,13.0,0.035714287
2023,1,00-0023459,A.Rodgers,QB,NYJ,BUF,0,1,0.0,0,0.0,1.0,10.0,0,0.0,0,0,0,0.0,0,0.0,0.0,,,74.0,225.0,39.93794117647059,18.0,California,2005.0,2005.0,GB,24.0,6.0,
2023,4,00-0024243,M.Lewis,TE,CHI,DEN,0,0,0.0,0,0.0,0.0,0.0,0,0.0,0,1,1,8.0,0,0.8,1.8,,,78.0,267.0,39.46823529411765,17.0,UCLA,2006.0,2006.0,JAX,28.0,-3.0,0.03125
2023,7,00-0024243,M.Lewis,TE,CHI,LV,0,0,0.0,0,0.0,0.0,0.0,0,0.0,0,1,1,16.0,0,1.6,2.6,,,78.0,267.0,39.46823529411765,17.0,UCLA,2006.0,2006.0,JAX,28.0,18.0,0.03448276
2023,11,00-0024243,M.Lewis,TE,CHI,DET,0,0,0.0,0,0.0,0.0,0.0,0,0.0,0,1,0,0.0,0,0.0,0.0,,,78.0,267.0,39.46823529411765,17.0,UCLA,2006.0,2006.0,JAX,28.0,,0.045454547
2023,14,00-0024243,M.Lewis,TE,CHI,DET,0,0,0.0,0,0.0,0.0,0.0,0,0.0,0,1,1,4.0,0,0.4,1.4,,,78.0,267.0,39.46823529411765,17.0,UCLA,2006.0,2006.0,JAX,28.0,15.0,0.033333335
2023,16,00-0024243,M.Lewis,TE,CHI,ARI,0,0,0.0,0,0.0,0.0,0.0,0,0.0,0,1,1,1.0,1,6.1,7.1,,,78.0,267.0,39.46823529411765,17.0,UCLA,2006.0,2006.0,JAX,28.0,11.0,0.04347826
2023,13,00-0026158,J.Flacco,QB,CLE,LA,23,44,254.0,2,1.0,2.0,14.0,0,0.0,0,0,0,0.0,0,16.16,16.16,,,78.0,245.0,38.924,15.0,Delaware,2008.0,2008.0,BAL,18.0,,
2023,14,00-0026158,J.Flacco,QB,CLE,JAX,26,45,311.0,3,1.0,1.0,4.0,4,-1.0,0,0,0,0.0,0,20.34,20.34,,,78.0,245.0,38.924,15.0,Delaware,2008.0,2008.0,BAL,18.0,4.0,
2023,15,00-0026158,J.Flacco,QB,CLE,CHI,28,44,374.0,2,3.0,4.0,31.0,1,-1.0,0,0,0,0.0,0,16.86,16.86,,,78.0,245.0,38.924,15.0,Delaware,2008.0,2008.0,BAL,18.0,3.0,
2023,16,00-0026158,J.Flacco,QB,CLE,HOU,27,42,368.0,3,2.0,0.0,-0.0,2,1.0,0,0,0,0.0,0,24.82,24.82,,,78.0,245.0,38.924,15.0,Delaware,2008.0,2008.0,BAL,18.0,,
2023,17,00-0026158,J.Flacco,QB,CLE,NYJ,19,29,309.0,3,1.0,1.0,8.0,2,3.0,0,0,0,0.0,0,22.66,22.66,,,78.0,245.0,38.924,15.0,Delaware,2008.0,2008.0,BAL,18.0,17.0,
2023,19,00-0026158,J.Flacco,QB,CLE,HOU,34,46,307.0,1,2.0,4.0,39.0,3,13.0,0,0,0,0.0,0,13.58,13.58,,,78.0,245.0,38.924,15.0,Delaware,2008.0,2008.0,BAL,18.0,,
2023,1,00-0026498,M.Stafford,QB,LA,SEA,24,38,334.0,0,0.0,0.0,-0.0,3,11.0,0,0,0,0.0,0,14.46,14.46,,,75.0,220.0,35.76138888888889,14.0,Georgia,2009.0,2009.0,DET,1.0,,
2023,2,00-0026498,M.Stafford,QB,LA,SF,34,55,307.0,1,2.0,1.0,10.0,4,17.0,0,0,0,0.0,0,13.98,13.98,,,75.0,220.0,35.76138888888889,14.0,Georgia,2009.0,2009.0,DET,1.0,-7.0,
2023,3,00-0026498,M.Stafford,QB,LA,CIN,18,33,269.0,1,2.0,6.0,48.0,1,7.0,0,0,0,0.0,0,11.46,11.46,,,75.0,220.0,35.76138888888889,14.0,Georgia,2009.0,2009.0,DET,1.0,,
2023,4,00-0026498,M.Stafford,QB,LA,IND,27,40,319.0,1,1.0,2.0,16.0,2,14.0,0,0,0,0.0,0,16.16,16.16,,,75.0,220.0,35.76138888888889,14.0,Georgia,2009.0,2009.0,DET,1.0,,
2023,5,00-0026498,M.Stafford,QB,LA,PHI,21,37,222.0,2,0.0,4.0,27.0,0,0.0,0,0,0,0.0,0,16.88,16.88,,,75.0,220.0,35.76138888888889,14.0,Georgia,2009.0,2009.0,DET,1.0,-9.0,
2023,6,00-0026498,M.Stafford,QB,LA,ARI,15,24,226.0,1,0.0,3.0,23.0,1,2.0,0,0,0,0.0,0,13.24,13.24,,,75.0,220.0,35.76138888888889,14.0,Georgia,2009.0,2009.0,DET,1.0,17.0,
2023,7,00-0026498,M.Stafford,QB,LA,PIT,14,29,231.0,1,1.0,2.0,12.0,1,8.0,0,0,0,0.0,0,14.04,14.04,,,75.0,220.0,35.76138888888889,14.0,Georgia,2009.0,2009.0,DET,1.0,-7.0,
2023,8,00-0026498,M.Stafford,QB,LA,DAL,13,22,162.0,1,1.0,1.0,9.0,1,9.0,0,0,0,0.0,0,11.38,11.38,,,75.0,220.0,35.76138888888889,14.0,Georgia,2009.0,2009.0,DET,1.0,,
2023,11,00-0026498,M.Stafford,QB,LA,SEA,17,31,190.0,1,1.0,1.0,5.0,2,1.0,0,0,0,0.0,0,9.7,9.7,,,75.0,220.0,35.76138888888889,14.0,Georgia,2009.0,2009.0,DET,1.0,1.0,
2023,12,00-0026498,M.Stafford,QB,LA,ARI,25,33,229.0,4,1.0,0.0,-0.0,1,2.0,0,0,0,0.0,0,23.36,23.36,,,75.0,220.0,35.76138888888889,14.0,Georgia,2009.0,2009.0,DET,1.0,,
2023,13,00-0026498,M.Stafford,QB,LA,CLE,22,37,279.0,3,0.0,0.0,-0.0,1,-2.0,0,0,0,0.0,0,22.96,22.96,,,75.0,220.0,35.76138888888889,14.0,Georgia,2009.0,2009.0,DET,1.0,17.0,
2023,14,00-0026498,M.Stafford,QB,LA,BAL,23,41,294.0,3,0.0,2.0,12.0,1,-1.0,0,0,0,0.0,0,23.66,23.66,,,75.0,220.0,35.76138888888889,14.0,Georgia,2009.0,2009.0,DET,1.0,,
2023,15,00-0026498,M.Stafford,QB,LA,WAS,25,33,258.0,2,0.0,3.0,9.0,1,2.0,0,0,0,0.0,0,18.52,18.52,,,75.0,220.0,35.76138888888889,14.0,Georgia,2009.0,2009.0,DET,1.0,8.0,
2023,16,00-0026498,M.Stafford,QB,LA,NO,24,34,328.0,2,0.0,1.0,3.0,1,-4.0,0,0,0,0.0,0,20.72,20.72,,,75.0,220.0,35.76138888888889,14.0,Georgia,2009.0,2009.0,DET,1.0,8.0,
2023,17,00-0026498,M.Stafford,QB,LA,NYG,24,34,317.0,1,2.0,4.0,31.0,1,-1.0,0,0,0,0.0,0,12.58,12.58,,,75.0,220.0,35.76138888888889,14.0,Georgia,2009.0,2009.0,DET,1.0,,
2023,19,00-0026498,M.Stafford,QB,LA,DET,25,36,367.0,2,0.0,2.0,10.0,0,0.0,0,0,0,0.0,0,22.68,22.68,,,75.0,220.0,35.76138888888889,14.0,Georgia,2009.0,2009.0,DET,1.0,,
2023,6,00-0026625,B.Hoyer,QB,LV,NE,6,10,102.0,0,0.0,0.0,-0.0,3,-3.0,0,0,0,0.0,0,3.78,3.78,,,74.0,215.0,38.06717647058824,14.0,Michigan State,2009.0,2009.0,,,4.0,
2023,7,00-0026625,B.Hoyer,QB,LV,CHI,17,32,129.0,0,2.0,1.0,8.0,0,0.0,0,0,0,0.0,0,1.16,1.16,,,74.0,215.0,38.06717647058824,14.0,Michigan State,2009.0,2009.0,,,,
2023,11,00-0027114,T.Morstead,P,NYJ,BUF,1,1,18.0,0,0.0,0.0,-0.0,0,0.0,0,0,0,0.0,0,0.72,0.72,,,76.0,235.0,37.67382352941177,14.0,Southern Methodist,2009.0,2009.0,NO,164.0,,
2023,3,00-0027696,J.Graham,TE,NO,GB,0,0,0.0,0,0.0,0.0,0.0,0,0.0,0,1,1,8.0,1,6.8,7.8,,,79.0,265.0,36.954352941176474,13.0,Miami,2010.0,2010.0,NO,95.0,,0.029411765
2023,5,00-0027696,J.Graham,TE,NO,NE,0,0,0.0,0,0.0,0.0,0.0,0,0.0,0,1,0,0.0,0,0.0,0.0,,,79.0,265.0,36.954352941176474,13.0,Miami,2010.0,2010.0,NO,95.0,,0.04
2023,13,00-0027696,J.Graham,TE,NO,DET,0,0,0.0,0,0.0,0.0,0.0,0,0.0,0,1,1,6.0,1,6.6,7.6,,,79.0,265.0,36.954352941176474,13.0,Miami,2010.0,2010.0,NO,95.0,-5.0,0.03448276
2023,14,00-0027696,J.Graham,TE,NO,CAR,0,0,0.0,0,0.0,0.0,0.0,0,0.0,0,2,2,16.0,1,7.6,9.6,,,79.0,265.0,36.954352941176474,13.0,Miami,2010.0,2010.0,NO,95.0,22.0,0.09090909
2023,15,00-0027696,J.Graham,TE,NO,NYG,0,0,0.0,0,0.0,0.0,0.0,0,0.0,0,2,2,9.0,1,6.9,8.9,,,79.0,265.0,36.954352941176474,13.0,Miami,2010.0,2010.0,NO,95.0,18.0,0.071428575
2023,7,00-0027944,J.Jones,WR,PHI,MIA,0,0,0.0,0,0.0,0.0,0.0,0,0.0,0,1,1,3.0,0,0.3,1.3,,,75.0,220.0,34.82033333333333,12.0,Alabama,2011.0,2011.0,ATL,6.0,14.0,0.033333335
2023,8,00-0027944,J.Jones,WR,PHI,WAS,0,0,0.0,0,0.0,0.0,0.0,0,0.0,0,2,1,8.0,1,6.8,7.8,,,75.0,220.0,34.82033333333333,12.0,Alabama,2011.0,2011.0,ATL,6.0,,0.057142857
2023,11,00-0027944,J.Jones,WR,PHI,KC,0,0,0.0,0,0.0,0.0,0.0,0,0.0,0,2,2,5.0,0,0.5,2.5,,,75.0,220.0,34.82033333333333,12.0,Alabama,2011.0,2011.0,ATL,6.0,,0.0952381
2023,12,00-0027944,J.Jones,WR,PHI,BUF,0,0,0.0,0,0.0,0.0,0.0,0,0.0,0,3,1,0.0,0,0.0,1.0,,,75.0,220.0,34.82033333333333,12.0,Alabama,2011.0,2011.0,ATL,6.0,3.0,0.10714286
2023,15,00-0027944,J.Jones,WR,PHI,SEA,0,0,0.0,0,0.0,0.0,0.0,0,0.0,0,1,1,6.0,0,0.6,1.6,,,75.0,220.0,34.82033333333333,12.0,Alabama,2011.0,2011.0,ATL,6.0,,0.033333335
2023,16,00-0027944,J.Jones,WR,PHI,NYG,0,0,0.0,0,0.0,0.0,0.0,0,0.0,0,4,1,5.0,0,0.5,1.5,,,75.0,220.0,34.82033333333333,12.0,Alabama,2011.0,2011.0,ATL,6.0,8.0,0.11111111
2023,17,00-0027944,J.Jones,WR,PHI,ARI,0,0,0.0,0,0.0,0.0,0.0,0,0.0,0,2,2,34.0,2,15.4,17.4,,,75.0,220.0,34.82033333333333,12.0,Alabama,2011.0,2011.0,ATL,6.0,-4.0,0.08695652
2023,18,00-0027944,J.Jones,WR,PHI,NYG,0,0,0.0,0,0.0,0.0,0.0,0,0.0,0,4,2,13.0,0,1.3,3.3,,,75.0,220.0,34.82033333333333,12.0,Alabama,2011.0,2011.0,ATL,6.0,,0.121212125
2023,19,00-0027944,J.Jones,WR,PHI,TB,0,0,0.0,0,0.0,0.0,0.0,0,0.0,0,3,3,22.0,0,2.2,5.2,,,75.0,220.0,34.82033333333333,12.0,Alabama,2011.0,2011.0,ATL,6.0,,0.09375
2023,3,00-0027948,B.Gabbert,QB,KC,CHI,3,5,31.0,0,2.0,0.0,-0.0,2,-1.0,0,0,0,0.0,0,-2.86,-2.86,,,77.0,235.0,34.105619047619044,12.0,Missouri,2011.0,2011.0,JAX,10.0,31.0,
2023,18,00-0027948,B.Gabbert,QB,KC,LAC,15,30,154.0,0,1.0,1.0,9.0,5,46.0,0,0,0,0.0,0,8.76,8.76,,,77.0,235.0,34.105619047619044,12.0,Missouri,2011.0,2011.0,JAX,10.0,,
2023,3,00-0027973,A.Dalton,QB,CAR,SEA,34,58,361.0,2,0.0,3.0,27.0,2,11.0,0,0,0,0.0,0,23.54,23.54,,,74.0,220.0,36.03123529411764,12.0,Texas Christian,2011.0,2011.0,CIN,35.0,,
2023,5,00-0027973,A.Dalton,QB,CAR,DET,0,0,0.0,0,0.0,0.0,0.0,1,1.0,0,0,0,0.0,0,0.1,0.1,,,74.0,220.0,36.03123529411764,12.0,Texas Christian,2011.0,2011.0,CIN,35.0,,
2023,1,00-0028002,R.Cobb,WR,NYJ,BUF,0,0,0.0,0,0.0,0.0,0.0,0,0.0,0,1,0,0.0,0,0.0,0.0,,,70.0,192.0,33.21652941176471,12.0,Kentucky,2011.0,2011.0,GB,64.0,6.0,0.055555556
2023,2,00-0028002,R.Cobb,WR,NYJ,DAL,0,0,0.0,0,0.0,0.0,0.0,0,0.0,0,1,0,0.0,0,0.0,0.0,,,70.0,192.0,33.21652941176471,12.0,Kentucky,2011.0,2011.0,GB,64.0,,0.04
2023,3,00-0028002,R.Cobb,WR,NYJ,NE,0,0,0.0,0,0.0,0.0,0.0,0,0.0,0,2,1,12.0,0,1.2,2.2,,,70.0,192.0,33.21652941176471,12.0,Kentucky,2011.0,2011.0,GB,64.0,-5.0,0.071428575
2023,4,00-0028002,R.Cobb,WR,NYJ,KC,0,0,0.0,0,0.0,0.0,0.0,0,0.0,0,4,2,8.0,0,0.8,2.8,,,70.0,192.0,33.21652941176471,12.0,Kentucky,2011.0,2011.0,GB,64.0,-3.0,0.102564104
2023,5,00-0028002,R.Cobb,WR,NYJ,DEN,0,0,0.0,0,0.0,0.0,0.0,0,0.0,0,1,0,0.0,0,0.0,0.0,,,70.0,192.0,33.21652941176471,12.0,Kentucky,2011.0,2011.0,GB,64.0,,0.03846154
2023,6,00-0028002,R.Cobb,WR,NYJ,PHI,0,0,0.0,0,0.0,0.0,0.0,0,0.0,0,3,0,0.0,0,2.0,2.0,,,70.0,192.0,33.21652941176471,12.0,Kentucky,2011.0,2011.0,GB,64.0,6.0,0.09090909
2023,14,00-0028002,R.Cobb,WR,NYJ,HOU,0,0,0.0,0,0.0,0.0,0.0,0,0.0,0,1,1,15.0,1,7.5,8.5,,,70.0,192.0,33.21652941176471,12.0,Kentucky,2011.0,2011.0,GB,64.0,24.0,0.028571429
2023,15,00-0028002,R.Cobb,WR,NYJ,MIA,0,0,0.0,0,0.0,0.0,0.0,0,0.0,0,3,0,0.0,0,0.0,0.0,,,70.0,192.0,33.21652941176471,12.0,Kentucky,2011.0,2011.0,GB,64.0,,0.09090909
2023,18,00-0028002,R.Cobb,WR,NYJ,NE,0,0,0.0,0,0.0,0.0,0.0,0,0.0,0,1,1,4.0,0,0.4,1.4,,,70.0,192.0,33.21652941176471,12.0,Kentucky,2011.0,2011.0,GB,64.0,,0.055555556
2023,1,00-0028118,T.Taylor,QB,NYG,DAL,2,2,6.0,0,0.0,0.0,-0.0,0,0.0,0,0,0,0.0,0,0.24,0.24,,,73.0,215.0,34.26158823529412,12.0,Virginia Tech,2011.0,2011.0,BAL,180.0,-40.0,
2023,3,00-0028118,T.Taylor,QB,NYG,SF,0,1,0.0,0,0.0,0.0,-0.0,1,2.0,0,0,0,0.0,0,0.2,0.2,,,73.0,215.0,34.26158823529412,12.0,Virginia Tech,2011.0,2011.0,BAL,180.0,,
2023,5,00-0028118,T.Taylor,QB,NYG,MIA,9,12,86.0,0,0.0,1.0,3.0,3,14.0,0,0,0,0.0,0,4.84,4.84,,,73.0,215.0,34.26158823529412,12.0,Virginia Tech,2011.0,2011.0,BAL,180.0,,
2023,6,00-0028118,T.Taylor,QB,NYG,BUF,24,36,200.0,0,0.0,3.0,15.0,5,24.0,0,0,0,0.0,0,10.4,10.4,,,73.0,215.0,34.26158823529412,12.0,Virginia Tech,2011.0,2011.0,BAL,180.0,,
2023,7,00-0028118,T.Taylor,QB,NYG,WAS,18,29,279.0,2,0.0,4.0,29.0,8,25.0,0,0,0,0.0,0,21.66,21.66,,,73.0,215.0,34.26158823529412,12.0,Virginia Tech,2011.0,2011.0,BAL,180.0,7.0,
2023,8,00-0028118,T.Taylor,QB,NYG,NYJ,4,7,8.0,0,0.0,2.0,7.0,5,33.0,0,0,0,0.0,0,3.62,3.62,,,73.0,215.0,34.26158823529412,12.0,Virginia Tech,2011.0,2011.0,BAL,180.0,-3.0,
2023,15,00-0028118,T.Taylor,QB,NYG,NO,2,4,13.0,0,0.0,0.0,-0.0,0,0.0,0,0,0,0.0,0,0.52,0.52,,,73.0,215.0,34.26158823529412,12.0,Virginia Tech,2011.0,2011.0,BAL,180.0,,
2023,16,00-0028118,T.Taylor,QB,NYG,PHI,7,16,133.0,1,1.0,0.0,-0.0,2,21.0,0,0,0,0.0,0,9.42,9.42,,,73.0,215.0,34.26158823529412,12.0,Virginia Tech,2011.0,2011.0,BAL,180.0,,
2023,17,00-0028118,T.Taylor,QB,NYG,LA,27,41,319.0,1,1.0,6.0,35.0,6,40.0,0,0,0,0.0,0,18.76,18.76,,,73.0,215.0,34.26158823529412,12.0,Virginia Tech,2011.0,2011.0,BAL,180.0,-1.0,
2023,18,00-0028118,T.Taylor,QB,NYG,PHI,23,32,297.0,1,1.0,1.0,5.0,8,38.0,0,0,0,0.0,0,17.68,17.68,,,73.0,215.0,34.26158823529412,12.0,Virginia Tech,2011.0,2011.0,BAL,180.0,17.0,
2023,6,00-0028872,J.Hekker,P,CAR,MIA,1,1,7.0,0,0.0,0.0,-0.0,0,0.0,0,0,0,0.0,0,0.28,0.28,,,77.0,241.0,33.750647058823525,11.0,Oregon State,2012.0,2012.0,,,,
2023,14,00-0028872,J.Hekker,P,CAR,NO,0,0,0.0,0,0.0,0.0,0.0,1,-11.0,0,0,0,0.0,0,-3.1,-3.1,,,77.0,241.0,33.750647058823525,11.0,Oregon State,2012.0,2012.0,,,,
2023,15,00-0028986,C.Keenum,QB,HOU,TEN,23,36,229.0,1,1.0,3.0,27.0,2,1.0,0,0,0,0.0,0,11.26,11.26,,,73.0,215.0,35.747052631578946,11.0,Houston,2012.0,2012.0,,,,
2023,16,00-0028986,C.Keenum,QB,HOU,CLE,11,17,62.0,0,2.0,3.0,33.0,0,0.0,0,0,0,0.0,0,-1.52,-1.52,,,73.0,215.0,35.747052631578946,11.0,Houston,2012.0,2012.0,,,-14.0,
2023,15,00-0029239,B.Bolden,RB,LV,LAC,0,0,0.0,0,0.0,0.0,0.0,2,25.0,1,0,0,0.0,0,8.5,8.5,,,71.0,220.0,33.77976470588235,11.0,Mississippi,2012.0,2012.0,,,42.0,
2023,16,00-0029239,B.Bolden,RB,LV,KC,0,0,0.0,0,0.0,0.0,0.0,0,0.0,0,0,0,0.0,0,2.0,2.0,,,71.0,220.0,33.77976470588235,11.0,Mississippi,2012.0,2012.0,,,,
2023,17,00-0029239,B.Bolden,RB,LV,IND,0,0,0.0,0,0.0,0.0,0.0,2,6.0,0,0,0,0.0,0,0.6,0.6,,,71.0,220.0,33.77976470588235,11.0,Mississippi,2012.0,2012.0,,,,
2023,1,00-0029263,R.Wilson,QB,DEN,LV,27,34,177.0,2,0.0,2.0,11.0,1,1.0,0,0,0,0.0,0,15.18,15.18,,,71.0,215.0,34.94194117647059,11.0,Wisconsin,2012.0,2012.0,SEA,75.0,-1.0,
2023,2,00-0029263,R.Wilson,QB,DEN,WAS,18,32,308.0,3,1.0,7.0,31.0,6,56.0,0,0,0,0.0,0,25.92,25.92,,,71.0,215.0,34.94194117647059,11.0,Wisconsin,2012.0,2012.0,SEA,75.0,-2.0,
2023,3,00-0029263,R.Wilson,QB,DEN,MIA,23,38,306.0,1,1.0,1.0,12.0,0,0.0,0,0,0,0.0,0,14.24,14.24,,,71.0,215.0,34.94194117647059,11.0,Wisconsin,2012.0,2012.0,SEA,75.0,,
2023,4,00-0029263,R.Wilson,QB,DEN,CHI,21,28,223.0,3,0.0,1.0,9.0,4,13.0,0,0,0,0.0,0,22.22,22.22,,,71.0,215.0,34.94194117647059,11.0,Wisconsin,2012.0,2012.0,SEA,75.0,,
2023,5,00-0029263,R.Wilson,QB,DEN,NYJ,20,31,196.0,2,0.0,4.0,27.0,7,49.0,0,0,0,0.0,0,18.74,18.74,,,71.0,215.0,34.94194117647059,11.0,Wisconsin,2012.0,2012.0,SEA,75.0,-10.0,
2023,6,00-0029263,R.Wilson,QB,DEN,KC,13,22,95.0,1,2.0,4.0,13.0,4,31.0,0,0,0,0.0,0,6.9,6.9,,,71.0,215.0,34.94194117647059,11.0,Wisconsin,2012.0,2012.0,SEA,75.0,,
2023,7,00-0029263,R.Wilson,QB,DEN,GB,20,29,194.0,1,0.0,1.0,-0.0,1,21.0,0,0,0,0.0,0,13.86,13.86,,,71.0,215.0,34.94194117647059,11.0,Wisconsin,2012.0,2012.0,SEA,75.0,2.0,
2023,8,00-0029263,R.Wilson,QB,DEN,KC,12,19,114.0,3,0.0,6.0,27.0,8,30.0,0,0,0,0.0,0,17.56,17.56,,,71.0,215.0,34.94194117647059,11.0,Wisconsin,2012.0,2012.0,SEA,75.0,15.0,
2023,10,00-0029263,R.Wilson,QB,DEN,BUF,24,29,193.0,2,0.0,4.0,15.0,9,30.0,0,0,0,0.0,0,18.72,18.72,,,71.0,215.0,34.94194117647059,11.0,Wisconsin,2012.0,2012.0,SEA,75.0,,
2023,11,00-0029263,R.Wilson,QB,DEN,MIN,27,35,259.0,1,0.0,2.0,10.0,2,1.0,0,0,0,0.0,0,14.46,14.46,,,71.0,215.0,34.94194117647059,11.0,Wisconsin,2012.0,2012.0,SEA,75.0,1.0,
2023,12,00-0029263,R.Wilson,QB,DEN,CLE,13,22,134.0,1,0.0,1.0,9.0,11,34.0,1,0,0,0.0,0,16.76,16.76,,,71.0,215.0,34.94194117647059,11.0,Wisconsin,2012.0,2012.0,SEA,75.0,17.0,
2023,13,00-0029263,R.Wilson,QB,DEN,HOU,15,26,186.0,1,3.0,3.0,22.0,10,44.0,1,0,0,0.0,0,15.84,15.84,,,71.0,215.0,34.94194117647059,11.0,Wisconsin,2012.0,2012.0,SEA,75.0,,
2023,14,00-0029263,R.Wilson,QB,DEN,LAC,21,33,224.0,2,1.0,2.0,8.0,6,5.0,0,0,0,0.0,0,15.46,15.46,,,71.0,215.0,34.94194117647059,11.0,Wisconsin,2012.0,2012.0,SEA,75.0,,
2023,15,00-0029263,R.Wilson,QB,DEN,DET,18,32,223.0,1,0.0,2.0,19.0,7,6.0,1,0,0,0.0,0,17.52,17.52,,,71.0,215.0,34.94194117647059,11.0,Wisconsin,2012.0,2012.0,SEA,75.0,,
2023,16,00-0029263,R.Wilson,QB,DEN,NE,25,37,238.0,2,0.0,5.0,45.0,4,20.0,0,0,0,0.0,0,23.52,23.52,,,71.0,215.0,34.94194117647059,11.0,Wisconsin,2012.0,2012.0,SEA,75.0,-3.0,
2023,1,00-0029293,M.Jones,WR,DET,KC,0,0,0.0,0,0.0,0.0,0.0,0,0.0,0,6,2,8.0,0,-1.2,0.8,,,74.0,198.0,33.562875,11.0,California,2012.0,2012.0,CIN,166.0,,0.1875
2023,4,00-0029293,M.Jones,WR,DET,GB,0,0,0.0,0,0.0,0.0,0.0,0,0.0,0,1,0,0.0,0,0.0,0.0,,,74.0,198.0,33.562875,11.0,California,2012.0,2012.0,CIN,166.0,,0.037037037
2023,5,00-0029293,M.Jones,WR,DET,CAR,0,0,0.0,0,0.0,0.0,0.0,0,0.0,0,2,2,22.0,0,2.2,4.2,,,74.0,198.0,33.562875,11.0,California,2012.0,2012.0,CIN,166.0,18.0,0.074074075
2023,6,00-0029293,M.Jones,WR,DET,TB,0,0,0.0,0,0.0,0.0,0.0,0,0.0,0,1,1,5.0,0,0.5,1.5,,,74.0,198.0,33.562875,11.0,California,2012.0,2012.0,CIN,166.0,,0.024390243
2023,1,00-0029604,K.Cousins,QB,MIN,TB,33,44,344.0,2,1.0,2.0,16.0,3,7.0,0,0,0,0.0,0,16.46,16.46,,,75.0,202.0,35.21688235294118,11.0,Michigan State,2012.0,2012.0,WAS,102.0,-3.0,
2023,2,00-0029604,K.Cousins,QB,MIN,PHI,31,44,364.0,4,0.0,2.0,18.0,0,0.0,0,0,0,0.0,0,28.56,28.56,,,75.0,202.0,35.21688235294118,11.0,Michigan State,2012.0,2012.0,WAS,102.0,,
2023,3,00-0029604,K.Cousins,QB,MIN,LAC,32,50,367.0,3,1.0,4.0,22.0,1,10.0,0,0,0,0.0,0,25.68,25.68,,,75.0,202.0,35.21688235294118,11.0,Michigan State,2012.0,2012.0,WAS,102.0,-4.0,
2023,4,00-0029604,K.Cousins,QB,MIN,CAR,12,19,139.0,2,2.0,2.0,9.0,1,0.0,0,0,0,0.0,0,9.56,9.56,,,75.0,202.0,35.21688235294118,11.0,Michigan State,2012.0,2012.0,WAS,102.0,,
2023,5,00-0029604,K.Cousins,QB,MIN,KC,29,47,284.0,2,0.0,3.0,25.0,3,5.0,0,0,0,0.0,0,19.86,19.86,,,75.0,202.0,35.21688235294118,11.0,Michigan State,2012.0,2012.0,WAS,102.0,-7.0,
2023,6,00-0029604,K.Cousins,QB,MIN,CHI,21,31,181.0,1,0.0,2.0,7.0,2,-5.0,0,0,0,0.0,0,8.74,8.74,,,75.0,202.0,35.21688235294118,11.0,Michigan State,2012.0,2012.0,WAS,102.0,,
2023,7,00-0029604,K.Cousins,QB,MIN,SF,35,45,378.0,2,1.0,0.0,-0.0,2,-1.0,0,0,0,0.0,0,21.02,21.02,,,75.0,202.0,35.21688235294118,11.0,Michigan State,2012.0,2012.0,WAS,102.0,5.0,
2023,8,00-0029604,K.Cousins,QB,MIN,GB,23,31,274.0,2,0.0,2.0,13.0,2,9.0,0,0,0,0.0,0,19.86,19.86,,,75.0,202.0,35.21688235294118,11.0,Michigan State,2012.0,2012.0,WAS,102.0,,
2023,4,00-0029692,B.Anger,P,DAL,NE,0,0,0.0,0,0.0,0.0,0.0,0,0.0,0,0,0,0.0,0,2.0,2.0,,,75.0,205.0,35.1015,11.0,California,2012.0,2012.0,JAX,70.0,35.0,
2023,1,00-0029701,R.Tannehill,QB,TEN,NO,16,34,198.0,0,3.0,3.0,17.0,3,5.0,0,0,0,0.0,0,2.42,2.42,,,76.0,207.0,35.286529411764704,11.0,Texas A&amp;M,2012.0,2012.0,MIA,8.0,,
2023,2,00-0029701,R.Tannehill,QB,TEN,LAC,20,24,246.0,1,0.0,5.0,46.0,1,12.0,1,0,0,0.0,0,21.04,21.04,,,76.0,207.0,35.286529411764704,11.0,Texas A&amp;M,2012.0,2012.0,MIA,8.0,3.0,
2023,3,00-0029701,R.Tannehill,QB,TEN,CLE,13,25,104.0,0,0.0,5.0,36.0,0,0.0,0,0,0,0.0,0,4.16,4.16,,,76.0,207.0,35.286529411764704,11.0,Texas A&amp;M,2012.0,2012.0,MIA,8.0,,
2023,4,00-0029701,R.Tannehill,QB,TEN,CIN,18,25,240.0,1,1.0,3.0,15.0,6,11.0,0,0,0,0.0,0,12.7,12.7,,,76.0,207.0,35.286529411764704,11.0,Texas A&amp;M,2012.0,2012.0,MIA,8.0,24.0,
2023,5,00-0029701,R.Tannehill,QB,TEN,IND,23,34,264.0,0,1.0,1.0,5.0,2,12.0,0,0,0,0.0,0,9.76,9.76,,,76.0,207.0,35.286529411764704,11.0,Texas A&amp;M,2012.0,2012.0,MIA,8.0,,
2023,6,00-0029701,R.Tannehill,QB,TEN,BAL,8,16,76.0,0,1.0,2.0,16.0,0,0.0,0,0,0,0.0,0,1.04,1.04,,,76.0,207.0,35.286529411764704,11.0,Texas A&amp;M,2012.0,2012.0,MIA,8.0,-8.0,
2023,16,00-0029701,R.Tannehill,QB,TEN,SEA,18,26,152.0,0,0.0,6.0,39.0,2,37.0,0,0,0,0.0,0,9.78,9.78,,,76.0,207.0,35.286529411764704,11.0,Texas A&amp;M,2012.0,2012.0,MIA,8.0,-3.0,
2023,17,00-0029701,R.Tannehill,QB,TEN,HOU,16,20,168.0,0,0.0,5.0,40.0,0,0.0,0,0,0,0.0,0,6.72,6.72,,,76.0,207.0,35.286529411764704,11.0,Texas A&amp;M,2012.0,2012.0,MIA,8.0,,
2023,18,00-0029701,R.Tannehill,QB,TEN,JAX,17,26,168.0,2,1.0,2.0,16.0,3,-3.0,0,1,0,0.0,0,12.42,12.42,,,76.0,207.0,35.286529411764704,11.0,Texas A&amp;M,2012.0,2012.0,MIA,8.0,8.0,0.03846154
2023,16,00-0029764,C.Davis,FS,NE,NE,0,0,0.0,0,0.0,0.0,0.0,0,0.0,0,0,0,0.0,0,6.0,6.0,,,74.0,203.0,34.422117647058826,10.0,Texas Tech,2013.0,2013.0,,,,
2023,3,00-0029892,K.Juszczyk,FB,SF,NYG,0,0,0.0,0,0.0,0.0,0.0,1,3.0,0,0,0,0.0,0,0.3,0.3,,,74.0,240.0,32.58,10.0,Harvard,2013.0,2013.0,BAL,130.0,18.0,
2023,4,00-0029892,K.Juszczyk,FB,SF,ARI,0,0,0.0,0,0.0,0.0,0.0,2,3.0,0,1,1,4.0,0,0.7,1.7,,,74.0,240.0,32.58,10.0,Harvard,2013.0,2013.0,BAL,130.0,19.0,0.04761905
2023,5,00-0029892,K.Juszczyk,FB,SF,DAL,0,0,0.0,0,0.0,0.0,0.0,0,0.0,0,4,4,26.0,1,8.6,12.6,,,74.0,240.0,32.58,10.0,Harvard,2013.0,2013.0,BAL,130.0,32.0,0.16
2023,6,00-0029892,K.Juszczyk,FB,SF,CLE,0,0,0.0,0,0.0,0.0,0.0,0,0.0,0,1,1,9.0,0,0.9,1.9,,,74.0,240.0,32.58,10.0,Harvard,2013.0,2013.0,BAL,130.0,,0.041666668
2023,8,00-0029892,K.Juszczyk,FB,SF,CIN,0,0,0.0,0,0.0,0.0,0.0,2,0.0,0,0,0,0.0,0,0.0,0.0,,,74.0,240.0,32.58,10.0,Harvard,2013.0,2013.0,BAL,130.0,-14.0,
2023,10,00-0029892,K.Juszczyk,FB,SF,JAX,0,0,0.0,0,0.0,0.0,0.0,0,0.0,0,3,2,26.0,1,8.6,10.6,,,74.0,240.0,32.58,10.0,Harvard,2013.0,2013.0,BAL,130.0,,0.11111111
2023,12,00-0029892,K.Juszczyk,FB,SF,SEA,0,0,0.0,0,0.0,0.0,0.0,0,0.0,0,1,0,0.0,0,0.0,0.0,,,74.0,240.0,32.58,10.0,Harvard,2013.0,2013.0,BAL,130.0,,0.033333335
2023,15,00-0029892,K.Juszczyk,FB,SF,ARI,0,0,0.0,0,0.0,0.0,0.0,0,0.0,0,2,2,26.0,0,2.6,4.6,,,74.0,240.0,32.58,10.0,Harvard,2013.0,2013.0,BAL,130.0,,0.07692308
2023,16,00-0029892,K.Juszczyk,FB,SF,BAL,0,0,0.0,0,0.0,0.0,0.0,0,0.0,0,2,1,5.0,0,0.5,1.5,,,74.0,240.0,32.58,10.0,Harvard,2013.0,2013.0,BAL,130.0,-14.0,0.045454547
2023,17,00-0029892,K.Juszczyk,FB,SF,WAS,0,0,0.0,0,0.0,0.0,0.0,0,0.0,0,3,3,23.0,0,2.3,5.3,,,74.0,240.0,32.58,10.0,Harvard,2013.0,2013.0,BAL,130.0,,0.11111111
2023,21,00-0029892,K.Juszczyk,FB,SF,DET,0,0,0.0,0,0.0,0.0,0.0,1,3.0,0,3,2,33.0,0,3.6,5.6,,,74.0,240.0,32.58,10.0,Harvard,2013.0,2013.0,BAL,130.0,3.0,0.1
2023,22,00-0029892,K.Juszczyk,FB,SF,KC,0,0,0.0,0,0.0,0.0,0.0,1,2.0,0,2,2,31.0,0,3.3,5.3,,,74.0,240.0,32.58,10.0,Harvard,2013.0,2013.0,BAL,130.0,,0.054054055
2023,1,00-0030035,A.Thielen,WR,CAR,ATL,0,0,0.0,0,0.0,0.0,0.0,0,0.0,0,2,2,12.0,0,1.2,3.2,,,74.0,200.0,33.21670588235294,10.0,Minn. State-Mankato,2013.0,2013.0,,,,0.06451613
2023,2,00-0030035,A.Thielen,WR,CAR,NO,0,0,0.0,0,0.0,0.0,0.0,0,0.0,0,9,7,54.0,1,13.4,20.4,,,74.0,200.0,33.21670588235294,10.0,Minn. State-Mankato,2013.0,2013.0,,,-3.0,0.29032257
2023,3,00-0030035,A.Thielen,WR,CAR,SEA,0,0,0.0,0,0.0,0.0,0.0,0,0.0,0,14,11,145.0,1,20.5,31.5,,,74.0,200.0,33.21670588235294,10.0,Minn. State-Mankato,2013.0,2013.0,,,,0.24561404
2023,4,00-0030035,A.Thielen,WR,CAR,MIN,0,0,0.0,0,0.0,0.0,0.0,1,6.0,0,8,7,76.0,0,8.2,15.2,,,74.0,200.0,33.21670588235294,10.0,Minn. State-Mankato,2013.0,2013.0,,,-8.0,0.2580645
2023,5,00-0030035,A.Thielen,WR,CAR,DET,0,0,0.0,0,0.0,0.0,0.0,0,0.0,0,13,11,107.0,1,16.7,27.7,,,74.0,200.0,33.21670588235294,10.0,Minn. State-Mankato,2013.0,2013.0,,,,0.37142858
2023,6,00-0030035,A.Thielen,WR,CAR,MIA,0,0,0.0,0,0.0,0.0,0.0,0,0.0,0,13,11,115.0,1,17.5,28.5,,,74.0,200.0,33.21670588235294,10.0,Minn. State-Mankato,2013.0,2013.0,,,,0.37142858
2023,8,00-0030035,A.Thielen,WR,CAR,HOU,0,0,0.0,0,0.0,0.0,0.0,0,0.0,0,11,8,72.0,0,7.2,15.2,,,74.0,200.0,33.21670588235294,10.0,Minn. State-Mankato,2013.0,2013.0,,,2.0,0.3548387
2023,9,00-0030035,A.Thielen,WR,CAR,IND,0,0,0.0,0,0.0,0.0,0.0,0,0.0,0,6,5,29.0,0,2.9,7.9,,,74.0,200.0,33.21670588235294,10.0,Minn. State-Mankato,2013.0,2013.0,,,-14.0,0.16216215
2023,10,00-0030035,A.Thielen,WR,CAR,CHI,0,0,0.0,0,0.0,0.0,0.0,0,0.0,0,10,6,42.0,0,4.2,10.2,,,74.0,200.0,33.21670588235294,10.0,Minn. State-Mankato,2013.0,2013.0,,,,0.29411766
2023,11,00-0030035,A.Thielen,WR,CAR,DAL,0,0,0.0,0,0.0,0.0,0.0,0,0.0,0,11,8,74.0,0,7.4,15.4,,,74.0,200.0,33.21670588235294,10.0,Minn. State-Mankato,2013.0,2013.0,,,-23.0,0.42307693
2023,12,00-0030035,A.Thielen,WR,CAR,TEN,0,0,0.0,0,0.0,0.0,0.0,0,0.0,0,3,1,2.0,0,0.2,1.2,,,74.0,200.0,33.21670588235294,10.0,Minn. State-Mankato,2013.0,2013.0,,,,0.125
2023,13,00-0030035,A.Thielen,WR,CAR,TB,0,0,0.0,0,0.0,0.0,0.0,0,0.0,0,6,3,25.0,0,2.5,5.5,,,74.0,200.0,33.21670588235294,10.0,Minn. State-Mankato,2013.0,2013.0,,,,0.23076923
2023,14,00-0030035,A.Thielen,WR,CAR,NO,0,0,0.0,0,0.0,0.0,0.0,0,0.0,0,7,5,74.0,0,7.4,12.4,,,74.0,200.0,33.21670588235294,10.0,Minn. State-Mankato,2013.0,2013.0,,,,0.21875
2023,15,00-0030035,A.Thielen,WR,CAR,ATL,0,0,0.0,0,0.0,0.0,0.0,0,0.0,0,7,4,43.0,0,4.3,8.3,,,74.0,200.0,33.21670588235294,10.0,Minn. State-Mankato,2013.0,2013.0,,,2.0,0.3043478
2023,16,00-0030035,A.Thielen,WR,CAR,GB,0,0,0.0,0,0.0,0.0,0.0,0,0.0,0,8,6,94.0,0,9.4,15.4,,,74.0,200.0,33.21670588235294,10.0,Minn. State-Mankato,2013.0,2013.0,,,-3.0,0.25
2023,17,00-0030035,A.Thielen,WR,CAR,JAX,0,0,0.0,0,0.0,0.0,0.0,0,0.0,0,6,6,38.0,0,3.8,9.8,,,74.0,200.0,33.21670588235294,10.0,Minn. State-Mankato,2013.0,2013.0,,,,0.19354838
2023,18,00-0030035,A.Thielen,WR,CAR,TB,0,0,0.0,0,0.0,0.0,0.0,0,0.0,0,3,2,12.0,0,1.2,3.2,,,74.0,200.0,33.21670588235294,10.0,Minn. State-Mankato,2013.0,2013.0,,,-9.0,0.16666667
2023,1,00-0030061,Z.Ertz,TE,ARI,WAS,0,0,0.0,0,0.0,0.0,0.0,0,0.0,0,10,6,21.0,0,2.1,8.1,,,77.0,250.0,32.96642857142857,10.0,Stanford,2013.0,2013.0,PHI,35.0,,0.33333334
2023,2,00-0030061,Z.Ertz,TE,ARI,NYG,0,0,0.0,0,0.0,0.0,0.0,0,0.0,0,8,6,56.0,0,5.6,11.6,,,77.0,250.0,32.96642857142857,10.0,Stanford,2013.0,2013.0,PHI,35.0,-3.0,0.27586207
2023,3,00-0030061,Z.Ertz,TE,ARI,DAL,0,0,0.0,0,0.0,0.0,0.0,0,0.0,0,2,2,6.0,0,0.6,2.6,,,77.0,250.0,32.96642857142857,10.0,Stanford,2013.0,2013.0,PHI,35.0,12.0,0.0952381
2023,4,00-0030061,Z.Ertz,TE,ARI,SF,0,0,0.0,0,0.0,0.0,0.0,0,0.0,0,10,6,53.0,0,5.3,11.3,,,77.0,250.0,32.96642857142857,10.0,Stanford,2013.0,2013.0,PHI,35.0,,0.24390244
2023,5,00-0030061,Z.Ertz,TE,ARI,CIN,0,0,0.0,0,0.0,0.0,0.0,0,0.0,0,4,2,10.0,1,7.0,9.0,,,77.0,250.0,32.96642857142857,10.0,Stanford,2013.0,2013.0,PHI,35.0,-14.0,0.13333334
2023,6,00-0030061,Z.Ertz,TE,ARI,LA,0,0,0.0,0,0.0,0.0,0.0,0,0.0,0,5,2,22.0,0,2.2,4.2,,,77.0,250.0,32.96642857142857,10.0,Stanford,2013.0,2013.0,PHI,35.0,,0.13157895
2023,7,00-0030061,Z.Ertz,TE,ARI,SEA,0,0,0.0,0,0.0,0.0,0.0,0,0.0,0,4,3,19.0,0,1.9,4.9,,,77.0,250.0,32.96642857142857,10.0,Stanford,2013.0,2013.0,PHI,35.0,,0.121212125
2023,1,00-0030068,M.Goodwin,WR,CLE,CIN,0,0,0.0,0,0.0,0.0,0.0,0,0.0,0,2,0,0.0,0,0.0,0.0,,,69.0,179.0,32.985,10.0,Texas,2013.0,2013.0,BUF,78.0,21.0,0.06896552
2023,2,00-0030068,M.Goodwin,WR,CLE,PIT,0,0,0.0,0,0.0,0.0,0.0,0,0.0,0,2,0,0.0,0,0.0,0.0,,,69.0,179.0,32.985,10.0,Texas,2013.0,2013.0,BUF,78.0,,0.05
2023,3,00-0030068,M.Goodwin,WR,CLE,TEN,0,0,0.0,0,0.0,0.0,0.0,1,1.0,0,0,0,0.0,0,0.1,0.1,,,69.0,179.0,32.985,10.0,Texas,2013.0,2013.0,BUF,78.0,24.0,
2023,4,00-0030068,M.Goodwin,WR,CLE,BAL,0,0,0.0,0,0.0,0.0,0.0,0,0.0,0,1,1,0.0,0,0.0,1.0,,,69.0,179.0,32.985,10.0,Texas,2013.0,2013.0,BUF,78.0,-25.0,0.029411765
2023,6,00-0030068,M.Goodwin,WR,CLE,SF,0,0,0.0,0,0.0,0.0,0.0,1,20.0,0,2,1,4.0,0,2.4,3.4,,,69.0,179.0,32.985,10.0,Texas,2013.0,2013.0,BUF,78.0,2.0,0.060606062
2023,7,00-0030068,M.Goodwin,WR,CLE,IND,0,0,0.0,0,0.0,0.0,0.0,1,17.0,0,2,1,6.0,0,2.3,3.3,,,69.0,179.0,32.985,10.0,Texas,2013.0,2013.0,BUF,78.0,,0.057142857
2023,8,00-0030068,M.Goodwin,WR,CLE,SEA,0,0,0.0,0,0.0,0.0,0.0,1,-5.0,0,0,0,0.0,0,-0.5,-0.5,,,69.0,179.0,32.985,10.0,Texas,2013.0,2013.0,BUF,78.0,,
2023,9,00-0030068,M.Goodwin,WR,CLE,ARI,0,0,0.0,0,0.0,0.0,0.0,0,0.0,0,2,0,0.0,0,0.0,0.0,,,69.0,179.0,32.985,10.0,Texas,2013.0,2013.0,BUF,78.0,27.0,0.071428575
2023,15,00-0030068,M.Goodwin,WR,CLE,CHI,0,0,0.0,0,0.0,0.0,0.0,0,0.0,0,1,1,57.0,0,5.7,6.7,,,69.0,179.0,32.985,10.0,Texas,2013.0,2013.0,BUF,78.0,3.0,0.022727273
2023,16,00-0030068,M.Goodwin,WR,CLE,HOU,0,0,0.0,0,0.0,0.0,0.0,0,0.0,0,1,0,0.0,0,0.0,0.0,,,69.0,179.0,32.985,10.0,Texas,2013.0,2013.0,BUF,78.0,,0.023255814
2023,19,00-0030068,M.Goodwin,WR,CLE,HOU,0,0,0.0,0,0.0,0.0,0.0,0,0.0,0,1,0,0.0,0,0.0,0.0,,,69.0,179.0,32.985,10.0,Texas,2013.0,2013.0,BUF,78.0,,0.023255814
2023,15,00-0030140,T.Way,P,WAS,LA,0,0,0.0,0,0.0,0.0,0.0,1,0.0,0,0,0,0.0,0,0.0,0.0,,,73.0,220.0,33.553176470588234,10.0,Oklahoma,2013.0,2013.0,,,,
2023,1,00-0030279,K.Allen,WR,LAC,MIA,0,0,0.0,0,0.0,0.0,0.0,2,6.0,0,9,6,76.0,0,8.2,14.2,,,74.0,211.0,31.537823529411767,10.0,California,2013.0,2013.0,SD,76.0,-2.0,0.29032257
2023,2,00-0030279,K.Allen,WR,LAC,TEN,0,0,0.0,0,0.0,0.0,0.0,0,0.0,0,10,8,111.0,2,23.1,31.1,,,74.0,211.0,31.537823529411767,10.0,California,2013.0,2013.0,SD,76.0,,0.25641027
2023,3,00-0030279,K.Allen,WR,LAC,MIN,1,1,49.0,1,0.0,0.0,-0.0,0,0.0,0,20,18,215.0,0,27.46,45.46,,,74.0,211.0,31.537823529411767,10.0,California,2013.0,2013.0,SD,76.0,,0.41666666
2023,4,00-0030279,K.Allen,WR,LAC,LV,0,0,0.0,0,0.0,0.0,0.0,0,0.0,0,5,3,32.0,1,9.2,12.2,,,74.0,211.0,31.537823529411767,10.0,California,2013.0,2013.0,SD,76.0,7.0,0.20833333
2023,6,00-0030279,K.Allen,WR,LAC,DAL,0,0,0.0,0,0.0,0.0,0.0,0,0.0,0,11,7,85.0,1,14.5,21.5,,,74.0,211.0,31.537823529411767,10.0,California,2013.0,2013.0,SD,76.0,-3.0,0.2972973
2023,7,00-0030279,K.Allen,WR,LAC,KC,0,0,0.0,0,0.0,0.0,0.0,0,0.0,0,9,4,55.0,0,5.5,9.5,,,74.0,211.0,31.537823529411767,10.0,California,2013.0,2013.0,SD,76.0,,0.3
2023,8,00-0030279,K.Allen,WR,LAC,CHI,0,0,0.0,0,0.0,0.0,0.0,0,0.0,0,10,8,69.0,0,6.9,14.9,,,74.0,211.0,31.537823529411767,10.0,California,2013.0,2013.0,SD,76.0,17.0,0.2631579
2023,9,00-0030279,K.Allen,WR,LAC,NYJ,0,0,0.0,0,0.0,0.0,0.0,0,0.0,0,9,8,77.0,0,7.7,15.7,,,74.0,211.0,31.537823529411767,10.0,California,2013.0,2013.0,SD,76.0,,0.32142857
2023,10,00-0030279,K.Allen,WR,LAC,DET,0,0,0.0,0,0.0,0.0,0.0,0,0.0,0,14,11,175.0,2,29.5,40.5,,,74.0,211.0,31.537823529411767,10.0,California,2013.0,2013.0,SD,76.0,-3.0,0.35
2023,11,00-0030279,K.Allen,WR,LAC,GB,0,0,0.0,0,0.0,0.0,0.0,0,0.0,0,16,10,116.0,1,17.6,27.6,,,74.0,211.0,31.537823529411767,10.0,California,2013.0,2013.0,SD,76.0,,0.44444445
2023,12,00-0030279,K.Allen,WR,LAC,BAL,0,0,0.0,0,0.0,0.0,0.0,0,0.0,0,16,14,106.0,0,8.6,22.6,,,74.0,211.0,31.537823529411767,10.0,California,2013.0,2013.0,SD,76.0,-10.0,0.3902439
2023,13,00-0030279,K.Allen,WR,LAC,NE,0,0,0.0,0,0.0,0.0,0.0,0,0.0,0,9,5,58.0,0,5.8,10.8,,,74.0,211.0,31.537823529411767,10.0,California,2013.0,2013.0,SD,76.0,,0.25
2023,14,00-0030279,K.Allen,WR,LAC,DEN,0,1,0.0,0,0.0,0.0,-0.0,0,0.0,0,12,6,68.0,0,6.8,12.8,,,74.0,211.0,31.537823529411767,10.0,California,2013.0,2013.0,SD,76.0,-17.0,0.29268292
2023,1,00-0030431,R.Woods,WR,HOU,BAL,0,0,0.0,0,0.0,0.0,0.0,0,0.0,0,10,6,57.0,0,5.7,11.7,,,72.0,193.0,31.60189473684211,10.0,Southern California,2013.0,2013.0,BUF,41.0,,0.23255815
2023,2,00-0030431,R.Woods,WR,HOU,IND,0,0,0.0,0,0.0,0.0,0.0,0,0.0,0,9,6,74.0,0,7.4,13.4,,,72.0,193.0,31.60189473684211,10.0,Southern California,2013.0,2013.0,BUF,41.0,-11.0,0.20930232
2023,3,00-0030431,R.Woods,WR,HOU,JAX,0,0,0.0,0,0.0,0.0,0.0,0,0.0,0,6,3,34.0,0,3.4,6.4,,,72.0,193.0,31.60189473684211,10.0,Southern California,2013.0,2013.0,BUF,41.0,,0.20689656
2023,4,00-0030431,R.Woods,WR,HOU,PIT,0,0,0.0,0,0.0,0.0,0.0,0,0.0,0,6,3,26.0,0,2.6,5.6,,,72.0,193.0,31.60189473684211,10.0,Southern California,2013.0,2013.0,BUF,41.0,24.0,0.22222222
2023,5,00-0030431,R.Woods,WR,HOU,ATL,0,0,0.0,0,0.0,0.0,0.0,0,0.0,0,9,3,30.0,0,3.0,6.0,,,72.0,193.0,31.60189473684211,10.0,Southern California,2013.0,2013.0,BUF,41.0,,0.28125
2023,6,00-0030431,R.Woods,WR,HOU,NO,0,0,0.0,0,0.0,0.0,0.0,0,0.0,0,3,1,6.0,1,6.6,7.6,,,72.0,193.0,31.60189473684211,10.0,Southern California,2013.0,2013.0,BUF,41.0,7.0,0.125
2023,10,00-0030431,R.Woods,WR,HOU,CIN,0,0,0.0,0,0.0,0.0,0.0,0,0.0,0,3,1,15.0,0,1.5,2.5,,,72.0,193.0,31.60189473684211,10.0,Southern California,2013.0,2013.0,BUF,41.0,,0.07692308
2023,11,00-0030431,R.Woods,WR,HOU,ARI,0,0,0.0,0,0.0,0.0,0.0,0,0.0,0,8,5,44.0,0,4.4,9.4,,,72.0,193.0,31.60189473684211,10.0,Southern California,2013.0,2013.0,BUF,41.0,5.0,0.21052632
2023,12,00-0030431,R.Woods,WR,HOU,JAX,0,0,0.0,0,0.0,0.0,0.0,0,0.0,0,3,2,40.0,0,4.0,6.0,,,72.0,193.0,31.60189473684211,10.0,Southern California,2013.0,2013.0,BUF,41.0,-3.0,0.083333336
2023,14,00-0030431,R.Woods,WR,HOU,NYJ,0,0,0.0,0,0.0,0.0,0.0,0,0.0,0,3,1,-2.0,0,-0.2,0.8,,,72.0,193.0,31.60189473684211,10.0,Southern California,2013.0,2013.0,BUF,41.0,,0.11111111
2023,15,00-0030431,R.Woods,WR,HOU,TEN,0,0,0.0,0,0.0,0.0,0.0,0,0.0,0,5,3,30.0,0,3.0,6.0,,,72.0,193.0,31.60189473684211,10.0,Southern California,2013.0,2013.0,BUF,41.0,,0.14705883
2023,16,00-0030431,R.Woods,WR,HOU,CLE,0,0,0.0,0,0.0,0.0,0.0,1,7.0,0,6,2,14.0,0,2.1,4.1,,,72.0,193.0,31.60189473684211,10.0,Southern California,2013.0,2013.0,BUF,41.0,-14.0,0.125
2023,17,00-0030431,R.Woods,WR,HOU,TEN,0,0,0.0,0,0.0,0.0,0.0,0,0.0,0,4,4,58.0,0,5.8,9.8,,,72.0,193.0,31.60189473684211,10.0,Southern California,2013.0,2013.0,BUF,41.0,23.0,0.12903225
2023,19,00-0030431,R.Woods,WR,HOU,CLE,0,0,0.0,0,0.0,0.0,0.0,0,0.0,0,2,1,11.0,0,1.1,2.1,,,72.0,193.0,31.60189473684211,10.0,Southern California,2013.0,2013.0,BUF,41.0,31.0,0.09090909
2023,20,00-0030431,R.Woods,WR,HOU,BAL,0,0,0.0,0,0.0,0.0,0.0,0,0.0,0,4,1,6.0,0,0.6,1.6,,,72.0,193.0,31.60189473684211,10.0,Southern California,2013.0,2013.0,BUF,41.0,,0.12903225
2023,2,00-0030506,T.Kelce,TE,KC,JAX,0,0,0.0,0,0.0,0.0,0.0,0,0.0,0,9,4,26.0,1,8.6,12.6,,,77.0,260.0,34.133,10.0,Cincinnati,2013.0,2013.0,KC,63.0,,0.225
2023,3,00-0030506,T.Kelce,TE,KC,CHI,0,0,0.0,0,0.0,0.0,0.0,0,0.0,0,8,7,69.0,1,12.9,19.9,,,77.0,260.0,34.133,10.0,Cincinnati,2013.0,2013.0,KC,63.0,31.0,0.21621622
2023,4,00-0030506,T.Kelce,TE,KC,NYJ,0,0,0.0,0,0.0,0.0,0.0,0,0.0,0,9,6,60.0,0,6.0,12.0,,,77.0,260.0,34.133,10.0,Cincinnati,2013.0,2013.0,KC,63.0,,0.31034482
2023,5,00-0030506,T.Kelce,TE,KC,MIN,0,0,0.0,0,0.0,0.0,0.0,0,0.0,0,11,10,67.0,1,12.7,22.7,,,77.0,260.0,34.133,10.0,Cincinnati,2013.0,2013.0,KC,63.0,,0.2820513
2023,6,00-0030506,T.Kelce,TE,KC,DEN,0,0,0.0,0,0.0,0.0,0.0,0,0.0,0,9,9,124.0,0,12.4,21.4,,,77.0,260.0,34.133,10.0,Cincinnati,2013.0,2013.0,KC,63.0,11.0,0.23076923
2023,7,00-0030506,T.Kelce,TE,KC,LAC,0,0,0.0,0,0.0,0.0,0.0,0,0.0,0,13,12,179.0,1,23.9,35.9,,,77.0,260.0,34.133,10.0,Cincinnati,2013.0,2013.0,KC,63.0,14.0,0.325
2023,8,00-0030506,T.Kelce,TE,KC,DEN,0,0,0.0,0,0.0,0.0,0.0,0,0.0,0,9,6,58.0,0,5.8,11.8,,,77.0,260.0,34.133,10.0,Cincinnati,2013.0,2013.0,KC,63.0,,0.24324325
2023,9,00-0030506,T.Kelce,TE,KC,MIA,0,0,0.0,0,0.0,0.0,0.0,0,0.0,0,4,3,14.0,0,1.4,4.4,,,77.0,260.0,34.133,10.0,Cincinnati,2013.0,2013.0,KC,63.0,7.0,0.14285715
2023,11,00-0030506,T.Kelce,TE,KC,PHI,0,0,0.0,0,0.0,0.0,0.0,0,0.0,0,9,7,44.0,1,8.4,15.4,,,77.0,260.0,34.133,10.0,Cincinnati,2013.0,2013.0,KC,63.0,-4.0,0.23076923
2023,12,00-0030506,T.Kelce,TE,KC,LV,0,0,0.0,0,0.0,0.0,0.0,0,0.0,0,7,6,91.0,0,9.1,15.1,,,77.0,260.0,34.133,10.0,Cincinnati,2013.0,2013.0,KC,63.0,,0.21875
2023,13,00-0030506,T.Kelce,TE,KC,GB,0,0,0.0,0,0.0,0.0,0.0,0,0.0,0,5,4,81.0,0,8.1,12.1,,,77.0,260.0,34.133,10.0,Cincinnati,2013.0,2013.0,KC,63.0,,0.16666667
2023,14,00-0030506,T.Kelce,TE,KC,BUF,0,0,0.0,0,0.0,0.0,0.0,0,0.0,0,10,6,83.0,0,8.3,14.3,,,77.0,260.0,34.133,10.0,Cincinnati,2013.0,2013.0,KC,63.0,-3.0,0.25641027
2023,15,00-0030506,T.Kelce,TE,KC,NE,0,0,0.0,0,0.0,0.0,0.0,0,0.0,0,7,5,28.0,0,2.8,7.8,,,77.0,260.0,34.133,10.0,Cincinnati,2013.0,2013.0,KC,63.0,,0.2
2023,16,00-0030506,T.Kelce,TE,KC,LV,0,0,0.0,0,0.0,0.0,0.0,0,0.0,0,7,5,44.0,0,4.4,9.4,,,77.0,260.0,34.133,10.0,Cincinnati,2013.0,2013.0,KC,63.0,-6.0,0.17073171
2023,17,00-0030506,T.Kelce,TE,KC,CIN,0,0,0.0,0,0.0,0.0,0.0,0,0.0,0,4,3,16.0,0,1.6,4.6,,,77.0,260.0,34.133,10.0,Cincinnati,2013.0,2013.0,KC,63.0,8.0,0.14285715
2023,19,00-0030506,T.Kelce,TE,KC,MIA,0,0,0.0,0,0.0,0.0,0.0,0,0.0,0,10,7,71.0,0,7.1,14.1,,,77.0,260.0,34.133,10.0,Cincinnati,2013.0,2013.0,KC,63.0,19.0,0.29411766
2023,20,00-0030506,T.Kelce,TE,KC,BUF,0,0,0.0,0,0.0,0.0,0.0,0,0.0,0,6,5,75.0,2,19.5,24.5,,,77.0,260.0,34.133,10.0,Cincinnati,2013.0,2013.0,KC,63.0,,0.2857143
2023,21,00-0030506,T.Kelce,TE,KC,BAL,0,0,0.0,0,0.0,0.0,0.0,1,5.0,0,11,11,116.0,1,18.1,29.1,,,77.0,260.0,34.133,10.0,Cincinnati,2013.0,2013.0,KC,63.0,,0.30555555
2023,22,00-0030506,T.Kelce,TE,KC,SF,0,0,0.0,0,0.0,0.0,0.0,0,0.0,0,10,9,93.0,0,9.3,18.3,,,77.0,260.0,34.133,10.0,Cincinnati,2013.0,2013.0,KC,63.0,3.0,0.23809524
2023,1,00-0030513,L.Murray,RB,BUF,NYJ,0,0,0.0,0,0.0,0.0,0.0,2,8.0,0,2,1,9.0,0,1.7,2.7,,,75.0,230.0,33.822105263157894,10.0,Central Florida,2013.0,2013.0,OAK,181.0,,0.051282052
2023,2,00-0030513,L.Murray,RB,BUF,LV,0,0,0.0,0,0.0,0.0,0.0,6,22.0,1,2,2,9.0,0,9.1,11.1,,,75.0,230.0,33.822105263157894,10.0,Central Florida,2013.0,2013.0,OAK,181.0,28.0,0.055555556
2023,3,00-0030513,L.Murray,RB,BUF,WAS,0,0,0.0,0,0.0,0.0,0.0,5,15.0,1,1,1,6.0,0,8.1,9.1,,,75.0,230.0,33.822105263157894,10.0,Central Florida,2013.0,2013.0,OAK,181.0,,0.03125
2023,4,00-0030513,L.Murray,RB,BUF,MIA,0,0,0.0,0,0.0,0.0,0.0,4,32.0,0,2,2,24.0,0,5.6,7.6,,,75.0,230.0,33.822105263157894,10.0,Central Florida,2013.0,2013.0,OAK,181.0,28.0,0.08
2023,5,00-0030513,L.Murray,RB,BUF,JAX,0,0,0.0,0,0.0,0.0,0.0,2,6.0,0,1,1,1.0,0,0.7,1.7,,,75.0,230.0,33.822105263157894,10.0,Central Florida,2013.0,2013.0,OAK,181.0,-5.0,0.027777778
2023,6,00-0030513,L.Murray,RB,BUF,NYG,0,0,0.0,0,0.0,0.0,0.0,12,45.0,0,0,0,0.0,0,4.5,4.5,,,75.0,230.0,33.822105263157894,10.0,Central Florida,2013.0,2013.0,OAK,181.0,5.0,
2023,7,00-0030513,L.Murray,RB,BUF,NE,0,0,0.0,0,0.0,0.0,0.0,4,8.0,0,2,2,20.0,0,2.8,4.8,,,75.0,230.0,33.822105263157894,10.0,Central Florida,2013.0,2013.0,OAK,181.0,,0.051282052
2023,8,00-0030513,L.Murray,RB,BUF,TB,0,0,0.0,0,0.0,0.0,0.0,5,7.0,0,1,1,4.0,0,1.1,2.1,,,75.0,230.0,33.822105263157894,10.0,Central Florida,2013.0,2013.0,OAK,181.0,6.0,0.025641026
2023,9,00-0030513,L.Murray,RB,BUF,CIN,0,0,0.0,0,0.0,0.0,0.0,2,4.0,0,1,1,6.0,0,1.0,2.0,,,75.0,230.0,33.822105263157894,10.0,Central Florida,2013.0,2013.0,OAK,181.0,,0.03125
2023,10,00-0030513,L.Murray,RB,BUF,DEN,0,0,0.0,0,0.0,0.0,0.0,9,68.0,1,3,2,1.0,0,12.9,14.9,,,75.0,230.0,33.822105263157894,10.0,Central Florida,2013.0,2013.0,OAK,181.0,-2.0,0.12
2023,11,00-0030513,L.Murray,RB,BUF,NYJ,0,0,0.0,0,0.0,0.0,0.0,10,35.0,0,0,0,0.0,0,3.5,3.5,,,75.0,230.0,33.822105263157894,10.0,Central Florida,2013.0,2013.0,OAK,181.0,26.0,
2023,12,00-0030513,L.Murray,RB,BUF,PHI,0,0,0.0,0,0.0,0.0,0.0,9,30.0,0,5,3,18.0,0,4.8,7.8,,,75.0,230.0,33.822105263157894,10.0,Central Florida,2013.0,2013.0,OAK,181.0,,0.10204082
2023,14,00-0030513,L.Murray,RB,BUF,KC,0,0,0.0,0,0.0,0.0,0.0,3,9.0,0,1,1,21.0,0,3.0,4.0,,,75.0,230.0,33.822105263157894,10.0,Central Florida,2013.0,2013.0,OAK,181.0,,0.027777778
2023,15,00-0030513,L.Murray,RB,BUF,DAL,0,0,0.0,0,0.0,0.0,0.0,5,11.0,1,0,0,0.0,0,7.1,7.1,,,75.0,230.0,33.822105263157894,10.0,Central Florida,2013.0,2013.0,OAK,181.0,21.0,
2023,17,00-0030513,L.Murray,RB,BUF,NE,0,0,0.0,0,0.0,0.0,0.0,1,0.0,0,1,0,0.0,0,0.0,0.0,,,75.0,230.0,33.822105263157894,10.0,Central Florida,2013.0,2013.0,OAK,181.0,6.0,0.035714287
2023,19,00-0030513,L.Murray,RB,BUF,PIT,0,0,0.0,0,0.0,0.0,0.0,0,0.0,0,2,2,13.0,0,1.3,3.3,,,75.0,230.0,33.822105263157894,10.0,Central Florida,2013.0,2013.0,OAK,181.0,14.0,0.06666667
2023,20,00-0030513,L.Murray,RB,BUF,KC,0,0,0.0,0,0.0,0.0,0.0,0,0.0,0,4,3,27.0,0,2.7,5.7,,,75.0,230.0,33.822105263157894,10.0,Central Florida,2013.0,2013.0,OAK,181.0,-3.0,0.10810811
2023,17,00-0030533,M.Barkley,QB,JAX,CAR,0,0,0.0,0,0.0,0.0,0.0,3,-3.0,0,0,0,0.0,0,-0.3,-0.3,,,74.0,234.0,33.2222,10.0,Southern California,2013.0,2013.0,PHI,98.0,26.0,
2023,1,00-0030564,D.Hopkins,WR,TEN,NO,0,0,0.0,0,0.0,0.0,0.0,0,0.0,0,13,7,65.0,0,6.5,13.5,,,73.0,212.0,31.426176470588235,10.0,Clemson,2013.0,2013.0,HOU,27.0,,0.3939394
2023,2,00-0030564,D.Hopkins,WR,TEN,LAC,0,0,0.0,0,0.0,0.0,0.0,0,0.0,0,5,4,40.0,0,4.0,8.0,,,73.0,212.0,31.426176470588235,10.0,Clemson,2013.0,2013.0,HOU,27.0,3.0,0.20833333
2023,3,00-0030564,D.Hopkins,WR,TEN,CLE,0,0,0.0,0,0.0,0.0,0.0,0,0.0,0,7,3,48.0,0,4.8,7.8,,,73.0,212.0,31.426176470588235,10.0,Clemson,2013.0,2013.0,HOU,27.0,,0.29166666
2023,4,00-0030564,D.Hopkins,WR,TEN,CIN,0,0,0.0,0,0.0,0.0,0.0,0,0.0,0,6,4,63.0,0,6.3,10.3,,,73.0,212.0,31.426176470588235,10.0,Clemson,2013.0,2013.0,HOU,27.0,24.0,0.23076923
2023,5,00-0030564,D.Hopkins,WR,TEN,IND,0,0,0.0,0,0.0,0.0,0.0,0,0.0,0,11,8,140.0,0,14.0,22.0,,,73.0,212.0,31.426176470588235,10.0,Clemson,2013.0,2013.0,HOU,27.0,,0.32352942
2023,6,00-0030564,D.Hopkins,WR,TEN,BAL,0,0,0.0,0,0.0,0.0,0.0,0,0.0,0,5,1,20.0,0,2.0,3.0,,,73.0,212.0,31.426176470588235,10.0,Clemson,2013.0,2013.0,HOU,27.0,-8.0,0.25
2023,8,00-0030564,D.Hopkins,WR,TEN,ATL,0,0,0.0,0,0.0,0.0,0.0,0,0.0,0,6,4,128.0,3,30.8,34.8,,,73.0,212.0,31.426176470588235,10.0,Clemson,2013.0,2013.0,HOU,27.0,5.0,0.23076923
2023,9,00-0030564,D.Hopkins,WR,TEN,PIT,0,0,0.0,0,0.0,0.0,0.0,1,5.0,0,11,4,60.0,0,6.5,10.5,,,73.0,212.0,31.426176470588235,10.0,Clemson,2013.0,2013.0,HOU,27.0,,0.2972973
2023,10,00-0030564,D.Hopkins,WR,TEN,TB,0,0,0.0,0,0.0,0.0,0.0,0,0.0,0,9,3,27.0,0,2.7,5.7,,,73.0,212.0,31.426176470588235,10.0,Clemson,2013.0,2013.0,HOU,27.0,,0.23076923
2023,11,00-0030564,D.Hopkins,WR,TEN,JAX,0,0,0.0,0,0.0,0.0,0.0,0,0.0,0,5,4,59.0,1,11.9,15.9,,,73.0,212.0,31.426176470588235,10.0,Clemson,2013.0,2013.0,HOU,27.0,,0.29411766
2023,12,00-0030564,D.Hopkins,WR,TEN,CAR,0,0,0.0,0,0.0,0.0,0.0,0,0.0,0,5,3,49.0,0,4.9,7.9,,,73.0,212.0,31.426176470588235,10.0,Clemson,2013.0,2013.0,HOU,27.0,7.0,0.18518518
2023,13,00-0030564,D.Hopkins,WR,TEN,IND,0,0,0.0,0,0.0,0.0,0.0,1,4.0,0,12,5,75.0,1,13.9,18.9,,,73.0,212.0,31.426176470588235,10.0,Clemson,2013.0,2013.0,HOU,27.0,-3.0,0.36363637
2023,14,00-0030564,D.Hopkins,WR,TEN,MIA,0,0,0.0,0,0.0,0.0,0.0,0,0.0,0,12,7,124.0,1,18.4,25.4,,,73.0,212.0,31.426176470588235,10.0,Clemson,2013.0,2013.0,HOU,27.0,,0.33333334
2023,15,00-0030564,D.Hopkins,WR,TEN,HOU,0,0,0.0,0,0.0,0.0,0.0,0,0.0,0,9,2,21.0,0,2.1,4.1,,,73.0,212.0,31.426176470588235,10.0,Clemson,2013.0,2013.0,HOU,27.0,-3.0,0.34615386
2023,16,00-0030564,D.Hopkins,WR,TEN,SEA,0,0,0.0,0,0.0,0.0,0.0,0,0.0,0,4,2,20.0,0,2.0,4.0,,,73.0,212.0,31.426176470588235,10.0,Clemson,2013.0,2013.0,HOU,27.0,-3.0,0.16
2023,17,00-0030564,D.Hopkins,WR,TEN,HOU,0,0,0.0,0,0.0,0.0,0.0,0,0.0,0,7,7,72.0,0,7.2,14.2,,,73.0,212.0,31.426176470588235,10.0,Clemson,2013.0,2013.0,HOU,27.0,,0.28
2023,18,00-0030564,D.Hopkins,WR,TEN,JAX,0,1,0.0,0,0.0,0.0,-0.0,0,0.0,0,10,7,46.0,1,10.6,17.6,,,73.0,212.0,31.426176470588235,10.0,Clemson,2013.0,2013.0,HOU,27.0,8.0,0.3846154
2023,1,00-0030565,G.Smith,QB,SEA,LA,16,26,112.0,1,0.0,2.0,17.0,1,6.0,0,0,0,0.0,0,9.08,9.08,,,75.0,221.0,33.0844705882353,10.0,West Virginia,2013.0,2013.0,NYJ,39.0,-17.0,
2023,2,00-0030565,G.Smith,QB,SEA,DET,32,41,328.0,2,0.0,1.0,17.0,3,20.0,0,0,0,0.0,0,23.12,23.12,,,75.0,221.0,33.0844705882353,10.0,West Virginia,2013.0,2013.0,NYJ,39.0,,
2023,3,00-0030565,G.Smith,QB,SEA,CAR,23,36,296.0,1,1.0,2.0,17.0,4,-4.0,0,0,0,0.0,0,15.44,15.44,,,75.0,221.0,33.0844705882353,10.0,West Virginia,2013.0,2013.0,NYJ,39.0,10.0,
2023,4,00-0030565,G.Smith,QB,SEA,NYG,13,20,110.0,1,0.0,2.0,13.0,0,0.0,0,1,1,-2.0,0,8.2,9.2,,,75.0,221.0,33.0844705882353,10.0,West Virginia,2013.0,2013.0,NYJ,39.0,,0.03846154
2023,6,00-0030565,G.Smith,QB,SEA,CIN,27,41,326.0,0,2.0,4.0,29.0,4,20.0,0,0,0,0.0,0,11.04,11.04,,,75.0,221.0,33.0844705882353,10.0,West Virginia,2013.0,2013.0,NYJ,39.0,,
2023,7,00-0030565,G.Smith,QB,SEA,ARI,18,24,219.0,2,1.0,2.0,16.0,6,10.0,0,0,0,0.0,0,13.76,13.76,,,75.0,221.0,33.0844705882353,10.0,West Virginia,2013.0,2013.0,NYJ,39.0,10.0,
2023,8,00-0030565,G.Smith,QB,SEA,CLE,23,37,254.0,2,2.0,1.0,6.0,2,-3.0,0,0,0,0.0,0,13.86,13.86,,,75.0,221.0,33.0844705882353,10.0,West Virginia,2013.0,2013.0,NYJ,39.0,4.0,
2023,9,00-0030565,G.Smith,QB,SEA,BAL,13,28,157.0,0,1.0,4.0,34.0,2,4.0,0,0,0,0.0,0,2.68,2.68,,,75.0,221.0,33.0844705882353,10.0,West Virginia,2013.0,2013.0,NYJ,39.0,,
2023,10,00-0030565,G.Smith,QB,SEA,WAS,31,47,369.0,2,0.0,1.0,-0.0,1,13.0,0,0,0,0.0,0,24.06,24.06,,,75.0,221.0,33.0844705882353,10.0,West Virginia,2013.0,2013.0,NYJ,39.0,3.0,
2023,11,00-0030565,G.Smith,QB,SEA,LA,22,34,233.0,1,0.0,2.0,13.0,1,-1.0,0,0,0,0.0,0,13.22,13.22,,,75.0,221.0,33.0844705882353,10.0,West Virginia,2013.0,2013.0,NYJ,39.0,,
2023,12,00-0030565,G.Smith,QB,SEA,SF,18,27,180.0,0,1.0,6.0,48.0,4,21.0,0,0,0,0.0,0,7.3,7.3,,,75.0,221.0,33.0844705882353,10.0,West Virginia,2013.0,2013.0,NYJ,39.0,-18.0,
2023,13,00-0030565,G.Smith,QB,SEA,DAL,23,41,334.0,3,1.0,0.0,-0.0,2,6.0,1,0,0,0.0,0,29.96,29.96,,,75.0,221.0,33.0844705882353,10.0,West Virginia,2013.0,2013.0,NYJ,39.0,,
2023,16,00-0030565,G.Smith,QB,SEA,TEN,25,36,227.0,2,0.0,3.0,12.0,1,2.0,0,0,0,0.0,0,17.28,17.28,,,75.0,221.0,33.0844705882353,10.0,West Virginia,2013.0,2013.0,NYJ,39.0,,
2023,17,00-0030565,G.Smith,QB,SEA,PIT,23,33,290.0,1,0.0,1.0,9.0,3,33.0,0,0,0,0.0,0,16.9,16.9,,,75.0,221.0,33.0844705882353,10.0,West Virginia,2013.0,2013.0,NYJ,39.0,-7.0,
2023,18,00-0030565,G.Smith,QB,SEA,ARI,16,28,189.0,2,0.0,0.0,-0.0,3,28.0,0,0,0,0.0,0,20.36,20.36,,,75.0,221.0,33.0844705882353,10.0,West Virginia,2013.0,2013.0,NYJ,39.0,,
2023,5,00-0030578,C.Patterson,RB,ATL,HOU,0,0,0.0,0,0.0,0.0,0.0,0,0.0,0,1,1,7.0,0,0.7,1.7,,,74.0,238.0,32.645823529411764,10.0,Tennessee,2013.0,2013.0,MIN,29.0,2.0,0.02631579
2023,6,00-0030578,C.Patterson,RB,ATL,WAS,0,0,0.0,0,0.0,0.0,0.0,1,0.0,0,1,1,6.0,0,0.6,1.6,,,74.0,238.0,32.645823529411764,10.0,Tennessee,2013.0,2013.0,MIN,29.0,-8.0,0.022727273
2023,7,00-0030578,C.Patterson,RB,ATL,TB,0,0,0.0,0,0.0,0.0,0.0,10,56.0,0,0,0,0.0,0,5.6,5.6,,,74.0,238.0,32.645823529411764,10.0,Tennessee,2013.0,2013.0,MIN,29.0,,
2023,8,00-0030578,C.Patterson,RB,ATL,TEN,0,0,0.0,0,0.0,0.0,0.0,2,7.0,0,0,0,0.0,0,0.7,0.7,,,74.0,238.0,32.645823529411764,10.0,Tennessee,2013.0,2013.0,MIN,29.0,,
2023,9,00-0030578,C.Patterson,RB,ATL,MIN,0,0,0.0,0,0.0,0.0,0.0,1,0.0,0,1,1,3.0,0,0.3,1.3,,,74.0,238.0,32.645823529411764,10.0,Tennessee,2013.0,2013.0,MIN,29.0,-3.0,0.029411765
2023,10,00-0030578,C.Patterson,RB,ATL,ARI,0,0,0.0,0,0.0,0.0,0.0,3,13.0,0,2,2,7.0,0,2.0,4.0,,,74.0,238.0,32.645823529411764,10.0,Tennessee,2013.0,2013.0,MIN,29.0,,0.10526316
2023,12,00-0030578,C.Patterson,RB,ATL,NO,0,0,0.0,0,0.0,0.0,0.0,8,43.0,0,0,0,0.0,0,4.3,4.3,,,74.0,238.0,32.645823529411764,10.0,Tennessee,2013.0,2013.0,MIN,29.0,9.0,
2023,13,00-0030578,C.Patterson,RB,ATL,NYJ,0,0,0.0,0,0.0,0.0,0.0,5,11.0,0,2,1,6.0,0,1.7,2.7,,,74.0,238.0,32.645823529411764,10.0,Tennessee,2013.0,2013.0,MIN,29.0,,0.08
2023,14,00-0030578,C.Patterson,RB,ATL,TB,0,0,0.0,0,0.0,0.0,0.0,3,7.0,0,0,0,0.0,0,0.7,0.7,,,74.0,238.0,32.645823529411764,10.0,Tennessee,2013.0,2013.0,MIN,29.0,-4.0,
2023,15,00-0030578,C.Patterson,RB,ATL,CAR,0,0,0.0,0,0.0,0.0,0.0,5,-2.0,0,3,1,2.0,1,6.0,7.0,,,74.0,238.0,32.645823529411764,10.0,Tennessee,2013.0,2013.0,MIN,29.0,,0.15789473
2023,16,00-0030578,C.Patterson,RB,ATL,IND,0,0,0.0,0,0.0,0.0,0.0,7,26.0,0,2,2,7.0,0,3.3,5.3,,,74.0,238.0,32.645823529411764,10.0,Tennessee,2013.0,2013.0,MIN,29.0,19.0,0.0625
2023,18,00-0030578,C.Patterson,RB,ATL,NO,0,0,0.0,0,0.0,0.0,0.0,5,20.0,0,0,0,0.0,0,2.0,2.0,,,74.0,238.0,32.645823529411764,10.0,Tennessee,2013.0,2013.0,MIN,29.0,,
2023,4,00-0030663,W.Snead,WR,SF,ARI,0,0,0.0,0,0.0,0.0,0.0,0,0.0,0,1,1,9.0,0,0.9,1.9,,,71.0,205.0,31.0933,9.0,Ball State,2014.0,2014.0,,,19.0,0.04761905
2023,16,00-0030663,W.Snead,WR,SF,BAL,0,0,0.0,0,0.0,0.0,0.0,0,0.0,0,2,1,5.0,0,0.5,1.5,,,71.0,205.0,31.0933,9.0,Ball State,2014.0,2014.0,,,-14.0,0.045454547
2023,6,00-0030874,D.Williams,RB,ARI,LA,0,0,0.0,0,0.0,0.0,0.0,8,36.0,0,1,1,8.0,0,4.4,5.4,,,71.0,224.0,31.542714285714286,9.0,Oklahoma,2014.0,2014.0,,,,0.02631579
2023,7,00-0030874,D.Williams,RB,ARI,SEA,0,0,0.0,0,0.0,0.0,0.0,1,2.0,0,0,0,0.0,0,0.2,0.2,,,71.0,224.0,31.542714285714286,9.0,Oklahoma,2014.0,2014.0,,,,
2023,8,00-0030874,D.Williams,RB,ARI,BAL,0,0,0.0,0,0.0,0.0,0.0,2,5.0,0,1,1,4.0,0,0.9,1.9,,,71.0,224.0,31.542714285714286,9.0,Oklahoma,2014.0,2014.0,,,-7.0,0.027777778
2023,5,00-0030968,K.Smith,FB,ATL,HOU,0,0,0.0,0,0.0,0.0,0.0,0,0.0,0,1,1,28.0,0,2.8,3.8,,,72.0,240.0,31.583470588235294,9.0,San Jose State,2014.0,2014.0,,,2.0,0.02631579
2023,7,00-0030968,K.Smith,FB,ATL,TB,0,0,0.0,0,0.0,0.0,0.0,0,0.0,0,1,1,-1.0,0,-0.1,0.9,,,72.0,240.0,31.583470588235294,9.0,San Jose State,2014.0,2014.0,,,,0.04347826
2023,12,00-0030968,K.Smith,FB,ATL,NO,0,0,0.0,0,0.0,0.0,0.0,0,0.0,0,1,1,6.0,0,0.6,1.6,,,72.0,240.0,31.583470588235294,9.0,San Jose State,2014.0,2014.0,,,9.0,0.05
2023,1,00-0031235,O.Beckham,WR,BAL,HOU,0,0,0.0,0,0.0,0.0,0.0,0,0.0,0,3,2,37.0,0,3.7,5.7,,,71.0,198.0,31.025631578947365,9.0,Louisiana State,2014.0,2014.0,NYG,12.0,16.0,0.14285715
2023,2,00-0031235,O.Beckham,WR,BAL,CIN,0,0,0.0,0,0.0,0.0,0.0,0,0.0,0,4,3,29.0,0,2.9,5.9,,,71.0,198.0,31.025631578947365,9.0,Louisiana State,2014.0,2014.0,NYG,12.0,,0.121212125
2023,5,00-0031235,O.Beckham,WR,BAL,PIT,0,0,0.0,0,0.0,0.0,0.0,0,0.0,0,4,2,13.0,0,1.3,3.3,,,71.0,198.0,31.025631578947365,9.0,Louisiana State,2014.0,2014.0,NYG,12.0,,0.10526316
2023,6,00-0031235,O.Beckham,WR,BAL,TEN,0,0,0.0,0,0.0,0.0,0.0,0,0.0,0,4,2,34.0,0,3.4,5.4,,,71.0,198.0,31.025631578947365,9.0,Louisiana State,2014.0,2014.0,NYG,12.0,,0.13793103
2023,7,00-0031235,O.Beckham,WR,BAL,DET,0,0,0.0,0,0.0,0.0,0.0,0,0.0,0,7,5,49.0,0,4.9,9.9,,,71.0,198.0,31.025631578947365,9.0,Louisiana State,2014.0,2014.0,NYG,12.0,32.0,0.25
2023,8,00-0031235,O.Beckham,WR,BAL,ARI,0,0,0.0,0,0.0,0.0,0.0,0,0.0,0,4,0,0.0,0,0.0,0.0,,,71.0,198.0,31.025631578947365,9.0,Louisiana State,2014.0,2014.0,NYG,12.0,,0.15384616
2023,9,00-0031235,O.Beckham,WR,BAL,SEA,0,0,0.0,0,0.0,0.0,0.0,0,0.0,0,7,5,56.0,1,9.6,14.6,,,71.0,198.0,31.025631578947365,9.0,Louisiana State,2014.0,2014.0,NYG,12.0,34.0,0.21875
2023,10,00-0031235,O.Beckham,WR,BAL,CLE,0,0,0.0,0,0.0,0.0,0.0,0,0.0,0,2,1,40.0,1,10.0,11.0,,,71.0,198.0,31.025631578947365,9.0,Louisiana State,2014.0,2014.0,NYG,12.0,-2.0,0.08695652
2023,11,00-0031235,O.Beckham,WR,BAL,CIN,0,0,0.0,0,0.0,0.0,0.0,0,0.0,0,7,4,116.0,0,11.6,15.6,,,71.0,198.0,31.025631578947365,9.0,Louisiana State,2014.0,2014.0,NYG,12.0,14.0,0.3043478
2023,12,00-0031235,O.Beckham,WR,BAL,LAC,0,0,0.0,0,0.0,0.0,0.0,0,0.0,0,5,3,34.0,0,3.4,6.4,,,71.0,198.0,31.025631578947365,9.0,Louisiana State,2014.0,2014.0,NYG,12.0,,0.16666667
2023,14,00-0031235,O.Beckham,WR,BAL,LA,0,0,0.0,0,0.0,0.0,0.0,0,0.0,0,10,4,97.0,1,15.7,19.7,,,71.0,198.0,31.025631578947365,9.0,Louisiana State,2014.0,2014.0,NYG,12.0,6.0,0.25
2023,15,00-0031235,O.Beckham,WR,BAL,JAX,0,0,0.0,0,0.0,0.0,0.0,0,0.0,0,3,1,14.0,0,1.4,2.4,,,71.0,198.0,31.025631578947365,9.0,Louisiana State,2014.0,2014.0,NYG,12.0,,0.13043478
2023,16,00-0031235,O.Beckham,WR,BAL,SF,0,0,0.0,0,0.0,0.0,0.0,0,0.0,0,3,2,13.0,0,1.3,3.3,,,71.0,198.0,31.025631578947365,9.0,Louisiana State,2014.0,2014.0,NYG,12.0,,0.0882353
2023,17,00-0031235,O.Beckham,WR,BAL,MIA,0,0,0.0,0,0.0,0.0,0.0,0,0.0,0,1,1,33.0,0,3.3,4.3,,,71.0,198.0,31.025631578947365,9.0,Louisiana State,2014.0,2014.0,NYG,12.0,37.0,0.045454547
2023,20,00-0031235,O.Beckham,WR,BAL,HOU,0,0,0.0,0,0.0,0.0,0.0,0,0.0,0,1,1,12.0,0,1.2,2.2,,,71.0,198.0,31.025631578947365,9.0,Louisiana State,2014.0,2014.0,NYG,12.0,24.0,0.04761905
2023,21,00-0031235,O.Beckham,WR,BAL,KC,0,0,0.0,0,0.0,0.0,0.0,0,0.0,0,6,3,22.0,0,2.2,5.2,,,71.0,198.0,31.025631578947365,9.0,Louisiana State,2014.0,2014.0,NYG,12.0,-7.0,0.1764706
2023,1,00-0031236,B.Cooks,WR,DAL,NYG,0,0,0.0,0,0.0,0.0,0.0,0,0.0,0,4,2,22.0,0,2.2,4.2,,,70.0,183.0,30.13233333333333,9.0,Oregon State,2014.0,2014.0,NO,20.0,,0.16
2023,3,00-0031236,B.Cooks,WR,DAL,ARI,0,0,0.0,0,0.0,0.0,0.0,0,0.0,0,7,2,17.0,0,1.7,3.7,,,70.0,183.0,30.13233333333333,9.0,Oregon State,2014.0,2014.0,NO,20.0,,0.1891892
2023,4,00-0031236,B.Cooks,WR,DAL,NE,0,0,0.0,0,0.0,0.0,0.0,0,0.0,0,4,4,27.0,0,2.7,6.7,,,70.0,183.0,30.13233333333333,9.0,Oregon State,2014.0,2014.0,NO,20.0,35.0,0.11111111
2023,5,00-0031236,B.Cooks,WR,DAL,SF,0,0,0.0,0,0.0,0.0,0.0,1,6.0,0,4,1,7.0,0,1.3,2.3,,,70.0,183.0,30.13233333333333,9.0,Oregon State,2014.0,2014.0,NO,20.0,,0.15384616
2023,6,00-0031236,B.Cooks,WR,DAL,LAC,0,0,0.0,0,0.0,0.0,0.0,1,14.0,0,4,4,36.0,1,11.0,15.0,,,70.0,183.0,30.13233333333333,9.0,Oregon State,2014.0,2014.0,NO,20.0,,0.13333334
2023,8,00-0031236,B.Cooks,WR,DAL,LA,0,0,0.0,0,0.0,0.0,0.0,1,3.0,0,4,3,49.0,1,11.2,14.2,,,70.0,183.0,30.13233333333333,9.0,Oregon State,2014.0,2014.0,NO,20.0,23.0,0.11764706
2023,9,00-0031236,B.Cooks,WR,DAL,PHI,0,0,0.0,0,0.0,0.0,0.0,0,0.0,0,2,1,7.0,0,0.7,1.7,,,70.0,183.0,30.13233333333333,9.0,Oregon State,2014.0,2014.0,NO,20.0,,0.045454547
2023,10,00-0031236,B.Cooks,WR,DAL,NYG,0,0,0.0,0,0.0,0.0,0.0,0,0.0,0,10,9,173.0,1,23.3,32.3,,,70.0,183.0,30.13233333333333,9.0,Oregon State,2014.0,2014.0,NO,20.0,32.0,0.22727273
2023,11,00-0031236,B.Cooks,WR,DAL,CAR,0,0,0.0,0,0.0,0.0,0.0,0,0.0,0,4,3,42.0,0,4.2,7.2,,,70.0,183.0,30.13233333333333,9.0,Oregon State,2014.0,2014.0,NO,20.0,,0.1
2023,12,00-0031236,B.Cooks,WR,DAL,WAS,0,0,0.0,0,0.0,0.0,0.0,0,0.0,0,5,4,72.0,1,13.2,17.2,,,70.0,183.0,30.13233333333333,9.0,Oregon State,2014.0,2014.0,NO,20.0,35.0,0.15625
2023,13,00-0031236,B.Cooks,WR,DAL,SEA,0,0,0.0,0,0.0,0.0,0.0,0,0.0,0,4,4,45.0,1,12.5,16.5,,,70.0,183.0,30.13233333333333,9.0,Oregon State,2014.0,2014.0,NO,20.0,6.0,0.1
2023,14,00-0031236,B.Cooks,WR,DAL,PHI,0,0,0.0,0,0.0,0.0,0.0,0,0.0,0,5,2,37.0,0,3.7,5.7,,,70.0,183.0,30.13233333333333,9.0,Oregon State,2014.0,2014.0,NO,20.0,20.0,0.12820514
2023,15,00-0031236,B.Cooks,WR,DAL,BUF,0,0,0.0,0,0.0,0.0,0.0,0,0.0,0,6,2,10.0,0,1.0,3.0,,,70.0,183.0,30.13233333333333,9.0,Oregon State,2014.0,2014.0,NO,20.0,,0.1875
2023,16,00-0031236,B.Cooks,WR,DAL,MIA,0,0,0.0,0,0.0,0.0,0.0,1,9.0,0,2,2,14.0,1,8.3,10.3,,,70.0,183.0,30.13233333333333,9.0,Oregon State,2014.0,2014.0,NO,20.0,,0.0625
2023,17,00-0031236,B.Cooks,WR,DAL,DET,0,0,0.0,0,0.0,0.0,0.0,0,0.0,0,8,5,60.0,1,12.0,17.0,,,70.0,183.0,30.13233333333333,9.0,Oregon State,2014.0,2014.0,NO,20.0,1.0,0.21621622
2023,18,00-0031236,B.Cooks,WR,DAL,WAS,0,0,0.0,0,0.0,0.0,0.0,1,3.0,0,8,6,39.0,1,10.2,16.2,,,70.0,183.0,30.13233333333333,9.0,Oregon State,2014.0,2014.0,NO,20.0,,0.2
2023,19,00-0031236,B.Cooks,WR,DAL,GB,0,0,0.0,0,0.0,0.0,0.0,1,6.0,0,8,6,47.0,0,5.3,11.3,,,70.0,183.0,30.13233333333333,9.0,Oregon State,2014.0,2014.0,NO,20.0,-16.0,0.13793103
2023,5,00-0031237,T.Bridgewater,QB,DET,CAR,0,0,0.0,0,0.0,0.0,0.0,2,-2.0,0,0,0,0.0,0,-0.2,-0.2,,,74.0,215.0,31.023199999999996,9.0,Louisville,2014.0,2014.0,MIN,32.0,18.0,
2023,1,00-0031260,L.Thomas,TE,WAS,ARI,0,0,0.0,0,0.0,0.0,0.0,0,0.0,0,8,4,43.0,0,4.3,8.3,,,78.0,250.0,32.35129411764706,9.0,Virginia Tech,2014.0,2014.0,ARI,120.0,4.0,0.27586207
2023,2,00-0031260,L.Thomas,TE,WAS,DEN,0,0,0.0,0,0.0,0.0,0.0,0,0.0,0,3,2,22.0,1,8.2,10.2,,,78.0,250.0,32.35129411764706,9.0,Virginia Tech,2014.0,2014.0,ARI,120.0,,0.0882353
2023,4,00-0031260,L.Thomas,TE,WAS,PHI,0,0,0.0,0,0.0,0.0,0.0,1,2.0,0,3,3,41.0,0,4.3,7.3,,,78.0,250.0,32.35129411764706,9.0,Virginia Tech,2014.0,2014.0,ARI,120.0,,0.07692308
2023,5,00-0031260,L.Thomas,TE,WAS,CHI,0,0,0.0,0,0.0,0.0,0.0,0,0.0,0,11,9,77.0,1,11.7,20.7,,,78.0,250.0,32.35129411764706,9.0,Virginia Tech,2014.0,2014.0,ARI,120.0,-20.0,0.22916667
2023,6,00-0031260,L.Thomas,TE,WAS,ATL,0,0,0.0,0,0.0,0.0,0.0,0,0.0,0,1,1,2.0,0,0.2,1.2,,,78.0,250.0,32.35129411764706,9.0,Virginia Tech,2014.0,2014.0,ARI,120.0,,0.04761905
2023,7,00-0031260,L.Thomas,TE,WAS,NYG,0,0,0.0,0,0.0,0.0,0.0,0,0.0,0,6,4,51.0,0,5.1,9.1,,,78.0,250.0,32.35129411764706,9.0,Virginia Tech,2014.0,2014.0,ARI,120.0,,0.16666667
2023,8,00-0031260,L.Thomas,TE,WAS,PHI,0,0,0.0,0,0.0,0.0,0.0,0,0.0,0,8,6,44.0,1,10.4,16.4,,,78.0,250.0,32.35129411764706,9.0,Virginia Tech,2014.0,2014.0,ARI,120.0,-7.0,0.15686275
2023,9,00-0031260,L.Thomas,TE,WAS,NE,0,0,0.0,0,0.0,0.0,0.0,0,0.0,0,5,4,31.0,0,3.1,7.1,,,78.0,250.0,32.35129411764706,9.0,Virginia Tech,2014.0,2014.0,ARI,120.0,,0.11363637
2023,10,00-0031260,L.Thomas,TE,WAS,SEA,0,0,0.0,0,0.0,0.0,0.0,0,0.0,0,5,5,40.0,0,4.0,9.0,,,78.0,250.0,32.35129411764706,9.0,Virginia Tech,2014.0,2014.0,ARI,120.0,,0.11904762
2023,11,00-0031260,L.Thomas,TE,WAS,NYG,0,0,0.0,0,0.0,0.0,0.0,0,0.0,0,8,5,58.0,0,3.8,8.8,,,78.0,250.0,32.35129411764706,9.0,Virginia Tech,2014.0,2014.0,ARI,120.0,-12.0,0.1904762
2023,12,00-0031260,L.Thomas,TE,WAS,DAL,0,0,0.0,0,0.0,0.0,0.0,0,0.0,0,4,2,15.0,0,1.5,3.5,,,78.0,250.0,32.35129411764706,9.0,Virginia Tech,2014.0,2014.0,ARI,120.0,,0.09090909
2023,13,00-0031260,L.Thomas,TE,WAS,MIA,0,0,0.0,0,0.0,0.0,0.0,0,0.0,0,1,0,0.0,0,2.0,2.0,,,78.0,250.0,32.35129411764706,9.0,Virginia Tech,2014.0,2014.0,ARI,120.0,-30.0,0.045454547
2023,15,00-0031260,L.Thomas,TE,WAS,LA,0,0,0.0,0,0.0,0.0,0.0,0,0.0,0,3,1,7.0,0,0.7,1.7,,,78.0,250.0,32.35129411764706,9.0,Virginia Tech,2014.0,2014.0,ARI,120.0,,0.0882353
2023,16,00-0031260,L.Thomas,TE,WAS,NYJ,0,0,0.0,0,0.0,0.0,0.0,0,0.0,0,6,5,36.0,1,9.6,14.6,,,78.0,250.0,32.35129411764706,9.0,Virginia Tech,2014.0,2014.0,ARI,120.0,,0.1875
2023,17,00-0031260,L.Thomas,TE,WAS,SF,0,0,0.0,0,0.0,0.0,0.0,0,0.0,0,4,3,20.0,0,2.0,5.0,,,78.0,250.0,32.35129411764706,9.0,Virginia Tech,2014.0,2014.0,ARI,120.0,-17.0,0.15384616
2023,18,00-0031260,L.Thomas,TE,WAS,DAL,0,0,0.0,0,0.0,0.0,0.0,0,0.0,0,2,1,9.0,0,0.9,1.9,,,78.0,250.0,32.35129411764706,9.0,Virginia Tech,2014.0,2014.0,ARI,120.0,-28.0,0.071428575
2023,1,00-0031280,D.Carr,QB,NO,TEN,23,33,305.0,1,1.0,4.0,23.0,3,4.0,0,0,0,0.0,0,14.6,14.6,,,75.0,210.0,32.614823529411765,9.0,Fresno State,2014.0,2014.0,OAK,36.0,1.0,
2023,2,00-0031280,D.Carr,QB,NO,CAR,21,36,228.0,0,1.0,4.0,29.0,3,-4.0,0,0,0,0.0,0,6.72,6.72,,,75.0,210.0,32.614823529411765,9.0,Fresno State,2014.0,2014.0,OAK,36.0,,
2023,3,00-0031280,D.Carr,QB,NO,GB,13,18,103.0,1,0.0,3.0,21.0,0,0.0,0,0,0,0.0,0,8.12,8.12,,,75.0,210.0,32.614823529411765,9.0,Fresno State,2014.0,2014.0,OAK,36.0,,
2023,4,00-0031280,D.Carr,QB,NO,TB,23,37,127.0,0,0.0,2.0,10.0,2,1.0,0,0,0,0.0,0,3.18,3.18,,,75.0,210.0,32.614823529411765,9.0,Fresno State,2014.0,2014.0,OAK,36.0,-17.0,
2023,5,00-0031280,D.Carr,QB,NO,NE,18,26,183.0,2,0.0,2.0,15.0,2,4.0,0,0,0,0.0,0,15.72,15.72,,,75.0,210.0,32.614823529411765,9.0,Fresno State,2014.0,2014.0,OAK,36.0,,
2023,6,00-0031280,D.Carr,QB,NO,HOU,32,50,353.0,1,1.0,2.0,16.0,1,2.0,0,0,0,0.0,0,16.32,16.32,,,75.0,210.0,32.614823529411765,9.0,Fresno State,2014.0,2014.0,OAK,36.0,,
2023,7,00-0031280,D.Carr,QB,NO,JAX,33,55,301.0,1,1.0,1.0,6.0,3,14.0,0,0,0,0.0,0,17.44,17.44,,,75.0,210.0,32.614823529411765,9.0,Fresno State,2014.0,2014.0,OAK,36.0,-7.0,
2023,8,00-0031280,D.Carr,QB,NO,IND,19,27,310.0,2,0.0,1.0,4.0,1,-1.0,0,0,0,0.0,0,18.3,18.3,,,75.0,210.0,32.614823529411765,9.0,Fresno State,2014.0,2014.0,OAK,36.0,,
2023,9,00-0031280,D.Carr,QB,NO,CHI,25,34,211.0,2,0.0,0.0,-0.0,3,3.0,0,0,0,0.0,0,16.74,16.74,,,75.0,210.0,32.614823529411765,9.0,Fresno State,2014.0,2014.0,OAK,36.0,7.0,
2023,10,00-0031280,D.Carr,QB,NO,MIN,13,18,110.0,0,0.0,2.0,12.0,1,10.0,0,0,0,0.0,0,5.4,5.4,,,75.0,210.0,32.614823529411765,9.0,Fresno State,2014.0,2014.0,OAK,36.0,,
2023,12,00-0031280,D.Carr,QB,NO,ATL,24,38,304.0,0,1.0,1.0,8.0,2,7.0,0,0,0,0.0,0,10.86,10.86,,,75.0,210.0,32.614823529411765,9.0,Fresno State,2014.0,2014.0,OAK,36.0,,
2023,13,00-0031280,D.Carr,QB,NO,DET,17,22,226.0,1,1.0,2.0,18.0,2,-1.0,0,0,0,0.0,0,8.94,8.94,,,75.0,210.0,32.614823529411765,9.0,Fresno State,2014.0,2014.0,OAK,36.0,-5.0,
2023,14,00-0031280,D.Carr,QB,NO,CAR,18,26,119.0,2,1.0,1.0,9.0,0,0.0,0,0,0,0.0,0,10.76,10.76,,,75.0,210.0,32.614823529411765,9.0,Fresno State,2014.0,2014.0,OAK,36.0,22.0,
2023,15,00-0031280,D.Carr,QB,NO,NYG,23,28,218.0,3,0.0,1.0,9.0,3,-4.0,0,0,0,0.0,0,20.32,20.32,,,75.0,210.0,32.614823529411765,9.0,Fresno State,2014.0,2014.0,OAK,36.0,18.0,
2023,16,00-0031280,D.Carr,QB,NO,LA,27,40,319.0,3,1.0,2.0,15.0,2,2.0,0,0,0,0.0,0,24.96,24.96,,,75.0,210.0,32.614823529411765,9.0,Fresno State,2014.0,2014.0,OAK,36.0,,
2023,17,00-0031280,D.Carr,QB,NO,TB,24,32,197.0,2,0.0,1.0,6.0,3,-3.0,0,0,0,0.0,0,15.58,15.58,,,75.0,210.0,32.614823529411765,9.0,Fresno State,2014.0,2014.0,OAK,36.0,,
2023,18,00-0031280,D.Carr,QB,NO,ATL,22,28,264.0,4,0.0,2.0,17.0,1,6.0,0,0,0,0.0,0,27.16,27.16,,,75.0,210.0,32.614823529411765,9.0,Fresno State,2014.0,2014.0,OAK,36.0,31.0,
2023,14,00-0031288,A.McCarron,QB,CIN,IND,1,1,-1.0,0,0.0,0.0,-0.0,0,0.0,0,0,0,0.0,0,-0.04,-0.04,,,75.0,220.0,33.1772,9.0,Alabama,2014.0,2014.0,CIN,164.0,20.0,
2023,18,00-0031288,A.McCarron,QB,CIN,CLE,3,4,20.0,0,0.0,1.0,9.0,0,0.0,0,0,0,0.0,0,0.8,0.8,,,75.0,220.0,33.1772,9.0,Alabama,2014.0,2014.0,CIN,164.0,17.0,
2023,1,00-0031345,J.Garoppolo,QB,LV,DEN,20,26,200.0,2,1.0,0.0,-0.0,9,11.0,0,0,0,0.0,0,15.1,15.1,,,74.0,225.0,32.013882352941174,9.0,Eastern Illinois,2014.0,2014.0,NE,62.0,,
2023,2,00-0031345,J.Garoppolo,QB,LV,BUF,16,24,185.0,1,2.0,0.0,-0.0,1,1.0,0,0,0,0.0,0,7.5,7.5,,,74.0,225.0,32.013882352941174,9.0,Eastern Illinois,2014.0,2014.0,NE,62.0,,
2023,3,00-0031345,J.Garoppolo,QB,LV,PIT,28,44,324.0,2,3.0,4.0,31.0,2,7.0,0,0,0,0.0,0,17.66,17.66,,,74.0,225.0,32.013882352941174,9.0,Eastern Illinois,2014.0,2014.0,NE,62.0,-5.0,
2023,5,00-0031345,J.Garoppolo,QB,LV,GB,22,31,208.0,1,1.0,3.0,21.0,4,4.0,0,0,0,0.0,0,10.72,10.72,,,74.0,225.0,32.013882352941174,9.0,Eastern Illinois,2014.0,2014.0,NE,62.0,4.0,
2023,6,00-0031345,J.Garoppolo,QB,LV,NE,14,22,162.0,1,1.0,0.0,-0.0,2,4.0,0,0,0,0.0,0,8.88,8.88,,,74.0,225.0,32.013882352941174,9.0,Eastern Illinois,2014.0,2014.0,NE,62.0,4.0,
2023,8,00-0031345,J.Garoppolo,QB,LV,DET,10,21,126.0,0,1.0,6.0,49.0,2,12.0,0,0,0,0.0,0,4.24,4.24,,,74.0,225.0,32.013882352941174,9.0,Eastern Illinois,2014.0,2014.0,NE,62.0,,
2023,18,00-0031345,J.Garoppolo,QB,LV,DEN,0,1,0.0,0,0.0,1.0,-0.0,0,0.0,0,0,0,0.0,0,0.0,0.0,,,74.0,225.0,32.013882352941174,9.0,Eastern Illinois,2014.0,2014.0,NE,62.0,13.0,
2023,1,00-0031376,J.McKinnon,RB,KC,DET,0,0,0.0,0,0.0,0.0,0.0,0,0.0,0,2,1,10.0,0,1.0,2.0,,,69.0,205.0,31.556714285714285,9.0,Georgia Southern,2014.0,2014.0,MIN,96.0,-1.0,0.054054055
2023,2,00-0031376,J.McKinnon,RB,KC,JAX,0,0,0.0,0,0.0,0.0,0.0,1,-2.0,0,3,3,24.0,0,2.2,5.2,,,69.0,205.0,31.556714285714285,9.0,Georgia Southern,2014.0,2014.0,MIN,96.0,,0.075
2023,3,00-0031376,J.McKinnon,RB,KC,CHI,0,0,0.0,0,0.0,0.0,0.0,2,9.0,0,3,3,19.0,2,14.8,17.8,,,69.0,205.0,31.556714285714285,9.0,Georgia Southern,2014.0,2014.0,MIN,96.0,31.0,0.08108108
2023,4,00-0031376,J.McKinnon,RB,KC,NYJ,0,0,0.0,0,0.0,0.0,0.0,3,7.0,0,1,0,0.0,0,0.7,0.7,,,69.0,205.0,31.556714285714285,9.0,Georgia Southern,2014.0,2014.0,MIN,96.0,,0.03448276
2023,5,00-0031376,J.McKinnon,RB,KC,MIN,0,0,0.0,0,0.0,0.0,0.0,1,7.0,0,3,2,18.0,0,2.5,4.5,,,69.0,205.0,31.556714285714285,9.0,Georgia Southern,2014.0,2014.0,MIN,96.0,,0.07692308
2023,6,00-0031376,J.McKinnon,RB,KC,DEN,0,0,0.0,0,0.0,0.0,0.0,0,0.0,0,5,3,20.0,0,2.0,5.0,,,69.0,205.0,31.556714285714285,9.0,Georgia Southern,2014.0,2014.0,MIN,96.0,11.0,0.12820514
2023,7,00-0031376,J.McKinnon,RB,KC,LAC,0,0,0.0,0,0.0,0.0,0.0,2,2.0,0,2,2,24.0,0,2.6,4.6,,,69.0,205.0,31.556714285714285,9.0,Georgia Southern,2014.0,2014.0,MIN,96.0,14.0,0.05
2023,8,00-0031376,J.McKinnon,RB,KC,DEN,0,0,0.0,0,0.0,0.0,0.0,2,-2.0,0,2,1,10.0,0,0.8,1.8,,,69.0,205.0,31.556714285714285,9.0,Georgia Southern,2014.0,2014.0,MIN,96.0,,0.054054055
2023,9,00-0031376,J.McKinnon,RB,KC,MIA,0,0,0.0,0,0.0,0.0,0.0,1,2.0,0,2,2,22.0,1,8.4,10.4,,,69.0,205.0,31.556714285714285,9.0,Georgia Southern,2014.0,2014.0,MIN,96.0,7.0,0.071428575
2023,11,00-0031376,J.McKinnon,RB,KC,PHI,0,0,0.0,0,0.0,0.0,0.0,1,7.0,0,3,2,8.0,0,1.5,3.5,,,69.0,205.0,31.556714285714285,9.0,Georgia Southern,2014.0,2014.0,MIN,96.0,-4.0,0.07692308
2023,14,00-0031376,J.McKinnon,RB,KC,BUF,0,0,0.0,0,0.0,0.0,0.0,4,19.0,1,3,3,18.0,0,9.7,12.7,,,69.0,205.0,31.556714285714285,9.0,Georgia Southern,2014.0,2014.0,MIN,96.0,-3.0,0.07692308
2023,15,00-0031376,J.McKinnon,RB,KC,NE,1,1,4.0,1,0.0,0.0,-0.0,4,11.0,0,3,3,19.0,1,13.16,16.16,,,69.0,205.0,31.556714285714285,9.0,Georgia Southern,2014.0,2014.0,MIN,96.0,,0.08571429
2023,22,00-0031376,J.McKinnon,RB,KC,SF,0,0,0.0,0,0.0,0.0,0.0,0,0.0,0,2,2,15.0,0,1.5,3.5,,,69.0,205.0,31.556714285714285,9.0,Georgia Southern,2014.0,2014.0,MIN,96.0,3.0,0.04761905
2023,1,00-0031381,D.Adams,WR,LV,DEN,0,0,0.0,0,0.0,0.0,0.0,0,0.0,0,9,6,66.0,0,6.6,12.6,,,73.0,215.0,30.86941176470588,9.0,Fresno State,2014.0,2014.0,GB,53.0,,0.34615386
2023,2,00-0031381,D.Adams,WR,LV,BUF,0,0,0.0,0,0.0,0.0,0.0,0,0.0,0,8,6,84.0,1,14.4,20.4,,,73.0,215.0,30.86941176470588,9.0,Fresno State,2014.0,2014.0,GB,53.0,,0.3478261
2023,3,00-0031381,D.Adams,WR,LV,PIT,0,0,0.0,0,0.0,0.0,0.0,0,0.0,0,20,13,172.0,2,29.2,42.2,,,73.0,215.0,30.86941176470588,9.0,Fresno State,2014.0,2014.0,GB,53.0,-5.0,0.45454547
2023,4,00-0031381,D.Adams,WR,LV,LAC,0,0,0.0,0,0.0,0.0,0.0,0,0.0,0,13,8,75.0,0,7.5,15.5,,,73.0,215.0,30.86941176470588,9.0,Fresno State,2014.0,2014.0,GB,53.0,,0.34210527
2023,5,00-0031381,D.Adams,WR,LV,GB,0,0,0.0,0,0.0,0.0,0.0,0,0.0,0,4,4,45.0,0,4.5,8.5,,,73.0,215.0,30.86941176470588,9.0,Fresno State,2014.0,2014.0,GB,53.0,4.0,0.13793103
2023,6,00-0031381,D.Adams,WR,LV,NE,0,0,0.0,0,0.0,0.0,0.0,0,0.0,0,5,2,29.0,0,2.9,4.9,,,73.0,215.0,30.86941176470588,9.0,Fresno State,2014.0,2014.0,GB,53.0,4.0,0.16129032
2023,7,00-0031381,D.Adams,WR,LV,CHI,0,0,0.0,0,0.0,0.0,0.0,0,0.0,0,12,7,57.0,0,5.7,12.7,,,73.0,215.0,30.86941176470588,9.0,Fresno State,2014.0,2014.0,GB,53.0,,0.26666668
2023,8,00-0031381,D.Adams,WR,LV,DET,0,0,0.0,0,0.0,0.0,0.0,0,0.0,0,7,1,11.0,0,1.1,2.1,,,73.0,215.0,30.86941176470588,9.0,Fresno State,2014.0,2014.0,GB,53.0,,0.33333334
2023,9,00-0031381,D.Adams,WR,LV,NYG,0,0,0.0,0,0.0,0.0,0.0,0,0.0,0,7,4,34.0,0,3.4,7.4,,,73.0,215.0,30.86941176470588,9.0,Fresno State,2014.0,2014.0,GB,53.0,24.0,0.29166666
2023,10,00-0031381,D.Adams,WR,LV,NYJ,0,0,0.0,0,0.0,0.0,0.0,0,0.0,0,13,6,86.0,0,8.6,14.6,,,73.0,215.0,30.86941176470588,9.0,Fresno State,2014.0,2014.0,GB,53.0,4.0,0.52
2023,11,00-0031381,D.Adams,WR,LV,MIA,0,0,0.0,0,0.0,0.0,0.0,0,0.0,0,13,7,82.0,1,14.2,21.2,,,73.0,215.0,30.86941176470588,9.0,Fresno State,2014.0,2014.0,GB,53.0,,0.34210527
2023,12,00-0031381,D.Adams,WR,LV,KC,0,0,0.0,0,0.0,0.0,0.0,0,0.0,0,7,5,73.0,0,7.3,12.3,,,73.0,215.0,30.86941176470588,9.0,Fresno State,2014.0,2014.0,GB,53.0,-14.0,0.21875
2023,14,00-0031381,D.Adams,WR,LV,MIN,0,0,0.0,0,0.0,0.0,0.0,0,0.0,0,10,7,53.0,0,5.3,12.3,,,73.0,215.0,30.86941176470588,9.0,Fresno State,2014.0,2014.0,GB,53.0,-3.0,0.3448276
2023,15,00-0031381,D.Adams,WR,LV,LAC,0,0,0.0,0,0.0,0.0,0.0,0,0.0,0,12,8,101.0,1,16.1,24.1,,,73.0,215.0,30.86941176470588,9.0,Fresno State,2014.0,2014.0,GB,53.0,42.0,0.3529412
2023,16,00-0031381,D.Adams,WR,LV,KC,0,0,0.0,0,0.0,0.0,0.0,0,0.0,0,6,1,4.0,0,0.4,1.4,,,73.0,215.0,30.86941176470588,9.0,Fresno State,2014.0,2014.0,GB,53.0,,0.31578946
2023,17,00-0031381,D.Adams,WR,LV,IND,0,0,0.0,0,0.0,0.0,0.0,0,0.0,0,21,13,126.0,2,24.6,37.6,,,73.0,215.0,30.86941176470588,9.0,Fresno State,2014.0,2014.0,GB,53.0,,0.45652175
2023,18,00-0031381,D.Adams,WR,LV,DEN,0,0,0.0,0,0.0,0.0,0.0,0,0.0,0,8,5,46.0,1,10.6,15.6,,,73.0,215.0,30.86941176470588,9.0,Fresno State,2014.0,2014.0,GB,53.0,13.0,0.2962963
2023,1,00-0031408,M.Evans,WR,TB,MIN,0,0,0.0,0,0.0,0.0,0.0,0,0.0,0,10,6,66.0,1,12.6,18.6,,,77.0,231.0,30.24084210526316,9.0,Texas A&amp;M,2014.0,2014.0,TB,7.0,,0.3125
2023,2,00-0031408,M.Evans,WR,TB,CHI,0,0,0.0,0,0.0,0.0,0.0,0,0.0,0,8,6,171.0,1,23.1,29.1,,,77.0,231.0,30.24084210526316,9.0,Texas A&amp;M,2014.0,2014.0,TB,7.0,10.0,0.25
2023,3,00-0031408,M.Evans,WR,TB,PHI,0,0,0.0,0,0.0,0.0,0.0,0,0.0,0,10,5,60.0,1,12.0,17.0,,,77.0,231.0,30.24084210526316,9.0,Texas A&amp;M,2014.0,2014.0,TB,7.0,-14.0,0.4
2023,4,00-0031408,M.Evans,WR,TB,NO,0,0,0.0,0,0.0,0.0,0.0,0,0.0,0,3,3,40.0,0,4.0,7.0,,,77.0,231.0,30.24084210526316,9.0,Texas A&amp;M,2014.0,2014.0,TB,7.0,,0.1
2023,6,00-0031408,M.Evans,WR,TB,DET,0,0,0.0,0,0.0,0.0,0.0,0,0.0,0,10,4,49.0,0,4.9,8.9,,,77.0,231.0,30.24084210526316,9.0,Texas A&amp;M,2014.0,2014.0,TB,7.0,-14.0,0.27027026
2023,7,00-0031408,M.Evans,WR,TB,ATL,0,0,0.0,0,0.0,0.0,0.0,0,0.0,0,8,6,82.0,1,14.2,20.2,,,77.0,231.0,30.24084210526316,9.0,Texas A&amp;M,2014.0,2014.0,TB,7.0,-3.0,0.19512194
2023,8,00-0031408,M.Evans,WR,TB,BUF,0,0,0.0,0,0.0,0.0,0.0,0,0.0,0,6,3,39.0,1,9.9,12.9,,,77.0,231.0,30.24084210526316,9.0,Texas A&amp;M,2014.0,2014.0,TB,7.0,,0.15384616
2023,9,00-0031408,M.Evans,WR,TB,HOU,0,0,0.0,0,0.0,0.0,0.0,0,0.0,0,5,4,87.0,0,8.7,12.7,,,77.0,231.0,30.24084210526316,9.0,Texas A&amp;M,2014.0,2014.0,TB,7.0,,0.16666667
2023,10,00-0031408,M.Evans,WR,TB,TEN,0,0,0.0,0,0.0,0.0,0.0,0,0.0,0,10,6,143.0,1,20.3,26.3,,,77.0,231.0,30.24084210526316,9.0,Texas A&amp;M,2014.0,2014.0,TB,7.0,14.0,0.3448276
2023,11,00-0031408,M.Evans,WR,TB,SF,0,0,0.0,0,0.0,0.0,0.0,0,0.0,0,12,5,43.0,1,10.3,15.3,,,77.0,231.0,30.24084210526316,9.0,Texas A&amp;M,2014.0,2014.0,TB,7.0,,0.27906978
2023,12,00-0031408,M.Evans,WR,TB,IND,0,0,0.0,0,0.0,0.0,0.0,0,0.0,0,9,6,70.0,2,19.0,25.0,,,77.0,231.0,30.24084210526316,9.0,Texas A&amp;M,2014.0,2014.0,TB,7.0,,0.3
2023,13,00-0031408,M.Evans,WR,TB,CAR,0,0,0.0,0,0.0,0.0,0.0,0,0.0,0,12,7,162.0,1,22.2,29.2,,,77.0,231.0,30.24084210526316,9.0,Texas A&amp;M,2014.0,2014.0,TB,7.0,3.0,0.44444445
2023,14,00-0031408,M.Evans,WR,TB,ATL,0,0,0.0,0,0.0,0.0,0.0,0,0.0,0,6,1,8.0,0,0.8,1.8,,,77.0,231.0,30.24084210526316,9.0,Texas A&amp;M,2014.0,2014.0,TB,7.0,,0.20689656
2023,15,00-0031408,M.Evans,WR,TB,GB,0,0,0.0,0,0.0,0.0,0.0,0,0.0,0,6,4,57.0,1,11.7,15.7,,,77.0,231.0,30.24084210526316,9.0,Texas A&amp;M,2014.0,2014.0,TB,7.0,,0.22222222
2023,16,00-0031408,M.Evans,WR,TB,JAX,0,0,0.0,0,0.0,0.0,0.0,0,0.0,0,9,7,86.0,2,20.6,27.6,,,77.0,231.0,30.24084210526316,9.0,Texas A&amp;M,2014.0,2014.0,TB,7.0,18.0,0.25714287
2023,17,00-0031408,M.Evans,WR,TB,NO,0,0,0.0,0,0.0,0.0,0.0,0,0.0,0,4,3,70.0,0,7.0,10.0,,,77.0,231.0,30.24084210526316,9.0,Texas A&amp;M,2014.0,2014.0,TB,7.0,-10.0,0.121212125
2023,18,00-0031408,M.Evans,WR,TB,CAR,0,0,0.0,0,0.0,0.0,0.0,0,0.0,0,8,3,22.0,0,2.2,5.2,,,77.0,231.0,30.24084210526316,9.0,Texas A&amp;M,2014.0,2014.0,TB,7.0,,0.2580645
2023,19,00-0031408,M.Evans,WR,TB,PHI,0,0,0.0,0,0.0,0.0,0.0,0,0.0,0,7,3,48.0,0,4.8,7.8,,,77.0,231.0,30.24084210526316,9.0,Texas A&amp;M,2014.0,2014.0,TB,7.0,23.0,0.2
2023,20,00-0031408,M.Evans,WR,TB,DET,0,0,0.0,0,0.0,0.0,0.0,0,0.0,0,12,8,147.0,1,20.7,28.7,,,77.0,231.0,30.24084210526316,9.0,Texas A&amp;M,2014.0,2014.0,TB,7.0,,0.30769232
2023,1,00-0031428,A.Robinson,WR,PIT,SF,0,0,0.0,0,0.0,0.0,0.0,0,0.0,0,8,5,64.0,0,6.4,11.4,,,74.0,220.0,30.22088888888889,9.0,Penn State,2014.0,2014.0,JAX,61.0,-23.0,0.17777778
2023,2,00-0031428,A.Robinson,WR,PIT,CLE,0,0,0.0,0,0.0,0.0,0.0,0,0.0,0,3,2,12.0,0,1.2,3.2,,,74.0,220.0,30.22088888888889,9.0,Penn State,2014.0,2014.0,JAX,61.0,4.0,0.10344828
2023,3,00-0031428,A.Robinson,WR,PIT,LV,0,0,0.0,0,0.0,0.0,0.0,0,0.0,0,4,4,24.0,0,2.4,6.4,,,74.0,220.0,30.22088888888889,9.0,Penn State,2014.0,2014.0,JAX,61.0,,0.14814815
2023,4,00-0031428,A.Robinson,WR,PIT,HOU,0,0,0.0,0,0.0,0.0,0.0,0,0.0,0,2,1,8.0,0,0.8,1.8,,,74.0,220.0,30.22088888888889,9.0,Penn State,2014.0,2014.0,JAX,61.0,,0.074074075
2023,5,00-0031428,A.Robinson,WR,PIT,BAL,0,0,0.0,0,0.0,0.0,0.0,0,0.0,0,9,5,29.0,0,2.9,7.9,,,74.0,220.0,30.22088888888889,9.0,Penn State,2014.0,2014.0,JAX,61.0,7.0,0.29032257
2023,7,00-0031428,A.Robinson,WR,PIT,LA,0,0,0.0,0,0.0,0.0,0.0,0,0.0,0,1,1,7.0,0,0.7,1.7,,,74.0,220.0,30.22088888888889,9.0,Penn State,2014.0,2014.0,JAX,61.0,,0.04347826
2023,8,00-0031428,A.Robinson,WR,PIT,JAX,0,0,0.0,0,0.0,0.0,0.0,0,0.0,0,1,0,0.0,0,0.0,0.0,,,74.0,220.0,30.22088888888889,9.0,Penn State,2014.0,2014.0,JAX,61.0,-10.0,0.025
2023,9,00-0031428,A.Robinson,WR,PIT,TEN,0,0,0.0,0,0.0,0.0,0.0,0,0.0,0,2,1,10.0,0,1.0,2.0,,,74.0,220.0,30.22088888888889,9.0,Penn State,2014.0,2014.0,JAX,61.0,4.0,0.06896552
2023,11,00-0031428,A.Robinson,WR,PIT,CLE,0,0,0.0,0,0.0,0.0,0.0,0,0.0,0,4,3,20.0,0,2.0,5.0,,,74.0,220.0,30.22088888888889,9.0,Penn State,2014.0,2014.0,JAX,61.0,,0.16
2023,12,00-0031428,A.Robinson,WR,PIT,CIN,0,0,0.0,0,0.0,0.0,0.0,0,0.0,0,1,1,11.0,0,1.1,2.1,,,74.0,220.0,30.22088888888889,9.0,Penn State,2014.0,2014.0,JAX,61.0,,0.03125
2023,13,00-0031428,A.Robinson,WR,PIT,ARI,0,0,0.0,0,0.0,0.0,0.0,0,0.0,0,3,3,19.0,0,1.9,4.9,,,74.0,220.0,30.22088888888889,9.0,Penn State,2014.0,2014.0,JAX,61.0,-14.0,0.11111111
2023,14,00-0031428,A.Robinson,WR,PIT,NE,0,0,0.0,0,0.0,0.0,0.0,0,0.0,0,3,1,21.0,0,2.1,3.1,,,74.0,220.0,30.22088888888889,9.0,Penn State,2014.0,2014.0,JAX,61.0,-3.0,0.08571429
2023,15,00-0031428,A.Robinson,WR,PIT,IND,0,0,0.0,0,0.0,0.0,0.0,0,0.0,0,3,3,19.0,0,1.9,4.9,,,74.0,220.0,30.22088888888889,9.0,Penn State,2014.0,2014.0,JAX,61.0,,0.115384616
2023,16,00-0031428,A.Robinson,WR,PIT,CIN,0,0,0.0,0,0.0,0.0,0.0,0,0.0,0,4,4,36.0,0,3.6,7.6,,,74.0,220.0,30.22088888888889,9.0,Penn State,2014.0,2014.0,JAX,61.0,23.0,0.16
2023,18,00-0031428,A.Robinson,WR,PIT,BAL,0,0,0.0,0,0.0,0.0,0.0,0,0.0,0,1,0,0.0,0,0.0,0.0,,,74.0,220.0,30.22088888888889,9.0,Penn State,2014.0,2014.0,JAX,61.0,,0.05
2023,19,00-0031428,A.Robinson,WR,PIT,BUF,0,0,0.0,0,0.0,0.0,0.0,0,0.0,0,3,2,12.0,0,1.2,3.2,,,74.0,220.0,30.22088888888889,9.0,Penn State,2014.0,2014.0,JAX,61.0,,0.078947365
2023,3,00-0031484,C.Manhertz,TE,DEN,MIA,0,0,0.0,0,0.0,0.0,0.0,0,0.0,0,1,0,0.0,0,0.0,0.0,,,78.0,255.0,31.579705882352943,8.0,Canisius,2015.0,2015.0,,,,0.027777778
2023,4,00-0031484,C.Manhertz,TE,DEN,CHI,0,0,0.0,0,0.0,0.0,0.0,0,0.0,0,1,1,10.0,0,1.0,2.0,,,78.0,255.0,31.579705882352943,8.0,Canisius,2015.0,2015.0,,,,0.03846154
2023,6,00-0031484,C.Manhertz,TE,DEN,KC,0,0,0.0,0,0.0,0.0,0.0,0,0.0,0,1,0,0.0,0,0.0,0.0,,,78.0,255.0,31.579705882352943,8.0,Canisius,2015.0,2015.0,,,,0.045454547
2023,10,00-0031484,C.Manhertz,TE,DEN,BUF,0,0,0.0,0,0.0,0.0,0.0,0,0.0,0,1,1,6.0,0,0.6,1.6,,,78.0,255.0,31.579705882352943,8.0,Canisius,2015.0,2015.0,,,,0.03448276
2023,3,00-0031503,J.Winston,QB,NO,GB,10,16,101.0,0,0.0,1.0,8.0,0,0.0,0,0,0,0.0,0,4.04,4.04,,,76.0,231.0,29.835941176470588,8.0,Florida State,2015.0,2015.0,TB,1.0,,
2023,4,00-0031503,J.Winston,QB,NO,TB,0,1,0.0,0,1.0,0.0,-0.0,0,0.0,0,0,0,0.0,0,-2.0,-2.0,,,76.0,231.0,29.835941176470588,8.0,Florida State,2015.0,2015.0,TB,1.0,-17.0,
2023,5,00-0031503,J.Winston,QB,NO,NE,0,0,0.0,0,0.0,0.0,0.0,3,-4.0,0,0,0,0.0,0,-0.4,-0.4,,,76.0,231.0,29.835941176470588,8.0,Florida State,2015.0,2015.0,TB,1.0,,
2023,10,00-0031503,J.Winston,QB,NO,MIN,13,25,122.0,2,2.0,1.0,5.0,0,0.0,0,0,0,0.0,0,8.88,8.88,,,76.0,231.0,29.835941176470588,8.0,Florida State,2015.0,2015.0,TB,1.0,,
2023,13,00-0031503,J.Winston,QB,NO,DET,2,5,41.0,0,0.0,0.0,-0.0,0,0.0,0,0,0,0.0,0,1.64,1.64,,,76.0,231.0,29.835941176470588,8.0,Florida State,2015.0,2015.0,TB,1.0,-5.0,
2023,14,00-0031503,J.Winston,QB,NO,CAR,0,0,0.0,0,0.0,0.0,0.0,2,-2.0,0,0,0,0.0,0,-0.2,-0.2,,,76.0,231.0,29.835941176470588,8.0,Florida State,2015.0,2015.0,TB,1.0,22.0,
2023,1,00-0031544,A.Cooper,WR,CLE,CIN,0,0,0.0,0,0.0,0.0,0.0,0,0.0,0,7,3,37.0,0,3.7,6.7,,,73.0,211.0,29.40938888888889,8.0,Alabama,2015.0,2015.0,OAK,4.0,21.0,0.2413793
2023,2,00-0031544,A.Cooper,WR,CLE,PIT,0,0,0.0,0,0.0,0.0,0.0,0,0.0,0,10,7,90.0,0,9.0,16.0,,,73.0,211.0,29.40938888888889,8.0,Alabama,2015.0,2015.0,OAK,4.0,,0.25
2023,3,00-0031544,A.Cooper,WR,CLE,TEN,0,0,0.0,0,0.0,0.0,0.0,0,0.0,0,8,7,116.0,1,17.6,24.6,,,73.0,211.0,29.40938888888889,8.0,Alabama,2015.0,2015.0,OAK,4.0,24.0,0.2580645
2023,4,00-0031544,A.Cooper,WR,CLE,BAL,0,0,0.0,0,0.0,0.0,0.0,0,0.0,0,6,1,16.0,0,1.6,2.6,,,73.0,211.0,29.40938888888889,8.0,Alabama,2015.0,2015.0,OAK,4.0,-25.0,0.1764706
2023,6,00-0031544,A.Cooper,WR,CLE,SF,0,0,0.0,0,0.0,0.0,0.0,0,0.0,0,8,4,108.0,0,10.8,14.8,,,73.0,211.0,29.40938888888889,8.0,Alabama,2015.0,2015.0,OAK,4.0,2.0,0.24242425
2023,7,00-0031544,A.Cooper,WR,CLE,IND,0,0,0.0,0,0.0,0.0,0.0,0,0.0,0,8,2,22.0,0,2.2,4.2,,,73.0,211.0,29.40938888888889,8.0,Alabama,2015.0,2015.0,OAK,4.0,,0.22857143
2023,8,00-0031544,A.Cooper,WR,CLE,SEA,0,0,0.0,0,0.0,0.0,0.0,0,0.0,0,11,6,89.0,0,8.9,14.9,,,73.0,211.0,29.40938888888889,8.0,Alabama,2015.0,2015.0,OAK,4.0,,0.36666667
2023,9,00-0031544,A.Cooper,WR,CLE,ARI,0,0,0.0,0,0.0,0.0,0.0,0,0.0,0,5,5,139.0,1,19.9,24.9,,,73.0,211.0,29.40938888888889,8.0,Alabama,2015.0,2015.0,OAK,4.0,27.0,0.17857143
2023,10,00-0031544,A.Cooper,WR,CLE,BAL,0,0,0.0,0,0.0,0.0,0.0,0,0.0,0,9,6,98.0,0,9.8,15.8,,,73.0,211.0,29.40938888888889,8.0,Alabama,2015.0,2015.0,OAK,4.0,,0.28125
2023,11,00-0031544,A.Cooper,WR,CLE,PIT,0,0,0.0,0,0.0,0.0,0.0,0,0.0,0,8,4,34.0,0,3.4,7.4,,,73.0,211.0,29.40938888888889,8.0,Alabama,2015.0,2015.0,OAK,4.0,3.0,0.19512194
2023,12,00-0031544,A.Cooper,WR,CLE,DEN,0,0,0.0,0,0.0,0.0,0.0,0,0.0,0,6,2,16.0,0,1.6,3.6,,,73.0,211.0,29.40938888888889,8.0,Alabama,2015.0,2015.0,OAK,4.0,,0.15384616
2023,13,00-0031544,A.Cooper,WR,CLE,LA,0,0,0.0,0,0.0,0.0,0.0,0,0.0,0,5,3,34.0,0,3.4,6.4,,,73.0,211.0,29.40938888888889,8.0,Alabama,2015.0,2015.0,OAK,4.0,,0.12195122
2023,14,00-0031544,A.Cooper,WR,CLE,JAX,0,0,0.0,0,0.0,0.0,0.0,0,0.0,0,14,7,77.0,0,5.7,12.7,,,73.0,211.0,29.40938888888889,8.0,Alabama,2015.0,2015.0,OAK,4.0,4.0,0.3255814
2023,15,00-0031544,A.Cooper,WR,CLE,CHI,0,0,0.0,0,0.0,0.0,0.0,0,0.0,0,8,4,109.0,1,16.9,20.9,,,73.0,211.0,29.40938888888889,8.0,Alabama,2015.0,2015.0,OAK,4.0,3.0,0.18181819
2023,16,00-0031544,A.Cooper,WR,CLE,HOU,0,0,0.0,0,0.0,0.0,0.0,0,0.0,0,15,11,265.0,2,40.5,51.5,,,73.0,211.0,29.40938888888889,8.0,Alabama,2015.0,2015.0,OAK,4.0,,0.3488372
2023,19,00-0031544,A.Cooper,WR,CLE,HOU,0,0,0.0,0,0.0,0.0,0.0,0,0.0,0,5,4,59.0,0,5.9,9.9,,,73.0,211.0,29.40938888888889,8.0,Alabama,2015.0,2015.0,OAK,4.0,,0.11627907
2023,2,00-0031547,D.Parker,WR,NE,MIA,0,0,0.0,0,0.0,0.0,0.0,0,0.0,0,8,6,57.0,0,5.7,11.7,,,75.0,216.0,30.797294117647056,8.0,Louisville,2015.0,2015.0,MIA,14.0,-7.0,0.1904762
2023,3,00-0031547,D.Parker,WR,NE,NYJ,0,0,0.0,0,0.0,0.0,0.0,0,0.0,0,3,2,19.0,0,1.9,3.9,,,75.0,216.0,30.797294117647056,8.0,Louisville,2015.0,2015.0,MIA,14.0,,0.11111111
2023,4,00-0031547,D.Parker,WR,NE,DAL,0,0,0.0,0,0.0,0.0,0.0,0,0.0,0,4,2,33.0,0,3.3,5.3,,,75.0,216.0,30.797294117647056,8.0,Louisville,2015.0,2015.0,MIA,14.0,,0.13793103
2023,5,00-0031547,D.Parker,WR,NE,NO,0,0,0.0,0,0.0,0.0,0.0,0,0.0,0,4,2,20.0,0,2.0,4.0,,,75.0,216.0,30.797294117647056,8.0,Louisville,2015.0,2015.0,MIA,14.0,-34.0,0.12903225
2023,6,00-0031547,D.Parker,WR,NE,LV,0,0,0.0,0,0.0,0.0,0.0,0,0.0,0,3,1,7.0,0,0.7,1.7,,,75.0,216.0,30.797294117647056,8.0,Louisville,2015.0,2015.0,MIA,14.0,,0.09677419
2023,7,00-0031547,D.Parker,WR,NE,BUF,0,0,0.0,0,0.0,0.0,0.0,0,0.0,0,1,1,8.0,0,0.8,1.8,,,75.0,216.0,30.797294117647056,8.0,Louisville,2015.0,2015.0,MIA,14.0,4.0,0.033333335
2023,8,00-0031547,D.Parker,WR,NE,MIA,0,0,0.0,0,0.0,0.0,0.0,0,0.0,0,2,1,14.0,0,1.4,2.4,,,75.0,216.0,30.797294117647056,8.0,Louisville,2015.0,2015.0,MIA,14.0,,0.071428575
2023,12,00-0031547,D.Parker,WR,NE,NYG,0,0,0.0,0,0.0,0.0,0.0,0,0.0,0,5,3,42.0,0,4.2,7.2,,,75.0,216.0,30.797294117647056,8.0,Louisville,2015.0,2015.0,MIA,14.0,,0.14285715
2023,13,00-0031547,D.Parker,WR,NE,LAC,0,0,0.0,0,0.0,0.0,0.0,0,0.0,0,9,4,64.0,0,6.4,10.4,,,75.0,216.0,30.797294117647056,8.0,Louisville,2015.0,2015.0,MIA,14.0,-6.0,0.375
2023,15,00-0031547,D.Parker,WR,NE,KC,0,0,0.0,0,0.0,0.0,0.0,0,0.0,0,5,5,44.0,0,4.4,9.4,,,75.0,216.0,30.797294117647056,8.0,Louisville,2015.0,2015.0,MIA,14.0,-10.0,0.16129032
2023,16,00-0031547,D.Parker,WR,NE,DEN,0,0,0.0,0,0.0,0.0,0.0,0,0.0,0,5,4,65.0,0,6.5,10.5,,,75.0,216.0,30.797294117647056,8.0,Louisville,2015.0,2015.0,MIA,14.0,,0.16129032
2023,17,00-0031547,D.Parker,WR,NE,BUF,0,0,0.0,0,0.0,0.0,0.0,0,0.0,0,2,1,15.0,0,1.5,2.5,,,75.0,216.0,30.797294117647056,8.0,Louisville,2015.0,2015.0,MIA,14.0,,0.083333336
2023,18,00-0031547,D.Parker,WR,NE,NYJ,0,0,0.0,0,0.0,0.0,0.0,0,0.0,0,4,1,6.0,0,0.6,1.6,,,75.0,216.0,30.797294117647056,8.0,Louisville,2015.0,2015.0,MIA,14.0,-14.0,0.13793103
2023,2,00-0031549,N.Agholor,WR,BAL,CIN,0,0,0.0,0,0.0,0.0,0.0,0,0.0,0,6,5,63.0,1,12.3,17.3,,,72.0,198.0,30.477947368421052,8.0,Southern California,2015.0,2015.0,PHI,20.0,,0.18181819
2023,3,00-0031549,N.Agholor,WR,BAL,IND,0,0,0.0,0,0.0,0.0,0.0,0,0.0,0,4,4,39.0,0,3.9,7.9,,,72.0,198.0,30.477947368421052,8.0,Southern California,2015.0,2015.0,PHI,20.0,-3.0,0.13333334
2023,4,00-0031549,N.Agholor,WR,BAL,CLE,0,0,0.0,0,0.0,0.0,0.0,0,0.0,0,2,1,4.0,0,0.4,1.4,,,72.0,198.0,30.477947368421052,8.0,Southern California,2015.0,2015.0,PHI,20.0,,0.11111111
2023,5,00-0031549,N.Agholor,WR,BAL,PIT,0,0,0.0,0,0.0,0.0,0.0,0,0.0,0,5,4,64.0,0,6.4,10.4,,,72.0,198.0,30.477947368421052,8.0,Southern California,2015.0,2015.0,PHI,20.0,,0.13157895
2023,6,00-0031549,N.Agholor,WR,BAL,TEN,0,0,0.0,0,0.0,0.0,0.0,0,0.0,0,3,2,40.0,0,4.0,6.0,,,72.0,198.0,30.477947368421052,8.0,Southern California,2015.0,2015.0,PHI,20.0,,0.10344828
2023,7,00-0031549,N.Agholor,WR,BAL,DET,0,0,0.0,0,0.0,0.0,0.0,0,0.0,0,1,1,12.0,1,7.2,8.2,,,72.0,198.0,30.477947368421052,8.0,Southern California,2015.0,2015.0,PHI,20.0,32.0,0.035714287
2023,8,00-0031549,N.Agholor,WR,BAL,ARI,0,0,0.0,0,0.0,0.0,0.0,0,0.0,0,1,0,0.0,0,0.0,0.0,,,72.0,198.0,30.477947368421052,8.0,Southern California,2015.0,2015.0,PHI,20.0,,0.03846154
2023,9,00-0031549,N.Agholor,WR,BAL,SEA,0,0,0.0,0,0.0,0.0,0.0,0,0.0,0,1,1,2.0,0,0.2,1.2,,,72.0,198.0,30.477947368421052,8.0,Southern California,2015.0,2015.0,PHI,20.0,34.0,0.03125
2023,10,00-0031549,N.Agholor,WR,BAL,CLE,0,0,0.0,0,0.0,0.0,0.0,0,0.0,0,2,0,0.0,0,0.0,0.0,,,72.0,198.0,30.477947368421052,8.0,Southern California,2015.0,2015.0,PHI,20.0,-2.0,0.08695652
2023,11,00-0031549,N.Agholor,WR,BAL,CIN,0,0,0.0,0,0.0,0.0,0.0,0,0.0,0,1,1,37.0,1,9.7,10.7,,,72.0,198.0,30.477947368421052,8.0,Southern California,2015.0,2015.0,PHI,20.0,14.0,0.04347826
2023,12,00-0031549,N.Agholor,WR,BAL,LAC,0,0,0.0,0,0.0,0.0,0.0,0,0.0,0,2,1,21.0,0,2.1,3.1,,,72.0,198.0,30.477947368421052,8.0,Southern California,2015.0,2015.0,PHI,20.0,,0.06666667
2023,14,00-0031549,N.Agholor,WR,BAL,LA,0,0,0.0,0,0.0,0.0,0.0,0,0.0,0,5,5,32.0,0,3.2,8.2,,,72.0,198.0,30.477947368421052,8.0,Southern California,2015.0,2015.0,PHI,20.0,6.0,0.125
2023,15,00-0031549,N.Agholor,WR,BAL,JAX,0,0,0.0,0,0.0,0.0,0.0,0,0.0,0,1,0,0.0,0,0.0,0.0,,,72.0,198.0,30.477947368421052,8.0,Southern California,2015.0,2015.0,PHI,20.0,,0.04347826
2023,16,00-0031549,N.Agholor,WR,BAL,SF,0,0,0.0,0,0.0,0.0,0.0,0,0.0,0,4,3,10.0,1,7.0,10.0,,,72.0,198.0,30.477947368421052,8.0,Southern California,2015.0,2015.0,PHI,20.0,,0.11764706
2023,17,00-0031549,N.Agholor,WR,BAL,MIA,0,0,0.0,0,0.0,0.0,0.0,0,0.0,0,2,2,18.0,0,1.8,3.8,,,72.0,198.0,30.477947368421052,8.0,Southern California,2015.0,2015.0,PHI,20.0,37.0,0.09090909
2023,18,00-0031549,N.Agholor,WR,BAL,PIT,0,0,0.0,0,0.0,0.0,0.0,0,0.0,0,5,5,39.0,0,3.9,8.9,,,72.0,198.0,30.477947368421052,8.0,Southern California,2015.0,2015.0,PHI,20.0,-7.0,0.1923077
2023,20,00-0031549,N.Agholor,WR,BAL,HOU,0,0,0.0,0,0.0,0.0,0.0,0,0.0,0,4,2,12.0,1,7.2,9.2,,,72.0,198.0,30.477947368421052,8.0,Southern California,2015.0,2015.0,PHI,20.0,24.0,0.1904762
2023,21,00-0031549,N.Agholor,WR,BAL,KC,0,0,0.0,0,0.0,0.0,0.0,0,0.0,0,3,1,39.0,0,3.9,4.9,,,72.0,198.0,30.477947368421052,8.0,Southern California,2015.0,2015.0,PHI,20.0,-7.0,0.0882353
2023,3,00-0031585,M.Pruitt,TE,ATL,DET,0,0,0.0,0,0.0,0.0,0.0,0,0.0,0,1,1,10.0,0,1.0,2.0,,,74.0,243.0,31.62464705882353,8.0,Southern Illinois,2015.0,2015.0,MIN,143.0,,0.02631579
2023,4,00-0031585,M.Pruitt,TE,ATL,JAX,0,0,0.0,0,0.0,0.0,0.0,0,0.0,0,1,0,0.0,0,0.0,0.0,,,74.0,243.0,31.62464705882353,8.0,Southern Illinois,2015.0,2015.0,MIN,143.0,,0.033333335
2023,5,00-0031585,M.Pruitt,TE,ATL,HOU,0,0,0.0,0,0.0,0.0,0.0,0,0.0,0,1,1,22.0,0,2.2,3.2,,,74.0,243.0,31.62464705882353,8.0,Southern Illinois,2015.0,2015.0,MIN,143.0,2.0,0.02631579
2023,6,00-0031585,M.Pruitt,TE,ATL,WAS,0,0,0.0,0,0.0,0.0,0.0,0,0.0,0,2,1,9.0,0,0.9,1.9,,,74.0,243.0,31.62464705882353,8.0,Southern Illinois,2015.0,2015.0,MIN,143.0,-8.0,0.045454547
2023,8,00-0031585,M.Pruitt,TE,ATL,TEN,0,0,0.0,0,0.0,0.0,0.0,0,0.0,0,2,1,3.0,0,0.3,1.3,,,74.0,243.0,31.62464705882353,8.0,Southern Illinois,2015.0,2015.0,MIN,143.0,,0.060606062
2023,13,00-0031585,M.Pruitt,TE,ATL,NYJ,0,0,0.0,0,0.0,0.0,0.0,0,0.0,0,1,1,20.0,1,8.0,9.0,,,74.0,243.0,31.62464705882353,8.0,Southern Illinois,2015.0,2015.0,MIN,143.0,,0.04
2023,14,00-0031585,M.Pruitt,TE,ATL,TB,0,0,0.0,0,0.0,0.0,0.0,0,0.0,0,2,2,15.0,0,1.5,3.5,,,74.0,243.0,31.62464705882353,8.0,Southern Illinois,2015.0,2015.0,MIN,143.0,-4.0,0.051282052
2023,17,00-0031585,M.Pruitt,TE,ATL,CHI,0,0,0.0,0,0.0,0.0,0.0,0,0.0,0,1,1,14.0,0,1.4,2.4,,,74.0,243.0,31.62464705882353,8.0,Southern Illinois,2015.0,2015.0,MIN,143.0,,0.03125
2023,18,00-0031585,M.Pruitt,TE,ATL,NO,0,0,0.0,0,0.0,0.0,0.0,0,0.0,0,1,1,17.0,0,1.7,2.7,,,74.0,243.0,31.62464705882353,8.0,Southern Illinois,2015.0,2015.0,MIN,143.0,,0.029411765
2023,1,00-0031588,S.Diggs,WR,BUF,NYJ,0,0,0.0,0,0.0,0.0,0.0,0,0.0,0,13,10,102.0,1,16.2,26.2,,,72.0,191.0,29.958947368421054,8.0,Maryland,2015.0,2015.0,MIN,146.0,,0.33333334
2023,2,00-0031588,S.Diggs,WR,BUF,LV,0,0,0.0,0,0.0,0.0,0.0,0,0.0,0,7,7,66.0,0,6.6,13.6,,,72.0,191.0,29.958947368421054,8.0,Maryland,2015.0,2015.0,MIN,146.0,28.0,0.19444445
2023,3,00-0031588,S.Diggs,WR,BUF,WAS,0,0,0.0,0,0.0,0.0,0.0,0,0.0,0,12,8,111.0,0,11.1,19.1,,,72.0,191.0,29.958947368421054,8.0,Maryland,2015.0,2015.0,MIN,146.0,,0.375
2023,4,00-0031588,S.Diggs,WR,BUF,MIA,0,0,0.0,0,0.0,0.0,0.0,0,0.0,0,7,6,120.0,3,30.0,36.0,,,72.0,191.0,29.958947368421054,8.0,Maryland,2015.0,2015.0,MIN,146.0,28.0,0.28
2023,5,00-0031588,S.Diggs,WR,BUF,JAX,0,0,0.0,0,0.0,0.0,0.0,0,0.0,0,11,8,121.0,1,16.1,24.1,,,72.0,191.0,29.958947368421054,8.0,Maryland,2015.0,2015.0,MIN,146.0,-5.0,0.30555555
2023,6,00-0031588,S.Diggs,WR,BUF,NYG,0,0,0.0,0,0.0,0.0,0.0,0,0.0,0,16,10,100.0,0,10.0,20.0,,,72.0,191.0,29.958947368421054,8.0,Maryland,2015.0,2015.0,MIN,146.0,5.0,0.55172414
2023,7,00-0031588,S.Diggs,WR,BUF,NE,0,0,0.0,0,0.0,0.0,0.0,0,0.0,0,12,6,58.0,1,11.8,17.8,,,72.0,191.0,29.958947368421054,8.0,Maryland,2015.0,2015.0,MIN,146.0,,0.30769232
2023,8,00-0031588,S.Diggs,WR,BUF,TB,0,0,0.0,0,0.0,0.0,0.0,0,0.0,0,12,9,70.0,0,7.0,16.0,,,72.0,191.0,29.958947368421054,8.0,Maryland,2015.0,2015.0,MIN,146.0,6.0,0.30769232
2023,9,00-0031588,S.Diggs,WR,BUF,CIN,0,0,0.0,0,0.0,0.0,0.0,0,0.0,0,7,6,86.0,1,16.6,22.6,,,72.0,191.0,29.958947368421054,8.0,Maryland,2015.0,2015.0,MIN,146.0,,0.21875
2023,10,00-0031588,S.Diggs,WR,BUF,DEN,0,0,0.0,0,0.0,0.0,0.0,0,0.0,0,5,3,34.0,0,3.4,6.4,,,72.0,191.0,29.958947368421054,8.0,Maryland,2015.0,2015.0,MIN,146.0,-2.0,0.2
2023,11,00-0031588,S.Diggs,WR,BUF,NYJ,0,0,0.0,0,0.0,0.0,0.0,0,0.0,0,8,4,27.0,0,2.7,6.7,,,72.0,191.0,29.958947368421054,8.0,Maryland,2015.0,2015.0,MIN,146.0,26.0,0.27586207
2023,12,00-0031588,S.Diggs,WR,BUF,PHI,0,0,0.0,0,0.0,0.0,0.0,0,0.0,0,11,6,74.0,1,13.4,19.4,,,72.0,191.0,29.958947368421054,8.0,Maryland,2015.0,2015.0,MIN,146.0,,0.2244898
2023,14,00-0031588,S.Diggs,WR,BUF,KC,0,0,0.0,0,0.0,0.0,0.0,0,0.0,0,11,4,24.0,0,2.4,6.4,,,72.0,191.0,29.958947368421054,8.0,Maryland,2015.0,2015.0,MIN,146.0,,0.30555555
2023,15,00-0031588,S.Diggs,WR,BUF,DAL,0,0,0.0,0,0.0,0.0,0.0,0,0.0,0,5,4,48.0,0,4.8,8.8,,,72.0,191.0,29.958947368421054,8.0,Maryland,2015.0,2015.0,MIN,146.0,21.0,0.3846154
2023,16,00-0031588,S.Diggs,WR,BUF,LAC,0,0,0.0,0,0.0,0.0,0.0,0,0.0,0,8,5,29.0,0,2.9,7.9,,,72.0,191.0,29.958947368421054,8.0,Maryland,2015.0,2015.0,MIN,146.0,,0.3809524
2023,17,00-0031588,S.Diggs,WR,BUF,NE,0,0,0.0,0,0.0,0.0,0.0,1,5.0,0,7,4,26.0,0,3.1,7.1,,,72.0,191.0,29.958947368421054,8.0,Maryland,2015.0,2015.0,MIN,146.0,6.0,0.25
2023,18,00-0031588,S.Diggs,WR,BUF,MIA,0,0,0.0,0,0.0,0.0,0.0,0,0.0,0,8,7,87.0,0,8.7,15.7,,,72.0,191.0,29.958947368421054,8.0,Maryland,2015.0,2015.0,MIN,146.0,,0.21621622
2023,19,00-0031588,S.Diggs,WR,BUF,PIT,0,0,0.0,0,0.0,0.0,0.0,0,0.0,0,9,7,52.0,0,5.2,12.2,,,72.0,191.0,29.958947368421054,8.0,Maryland,2015.0,2015.0,MIN,146.0,14.0,0.3
2023,20,00-0031588,S.Diggs,WR,BUF,KC,0,0,0.0,0,0.0,0.0,0.0,1,7.0,0,8,3,21.0,0,2.8,5.8,,,72.0,191.0,29.958947368421054,8.0,Maryland,2015.0,2015.0,MIN,146.0,-3.0,0.21621622
2023,1,00-0031595,M.Burton,FB,DEN,LV,0,0,0.0,0,0.0,0.0,0.0,0,0.0,0,1,1,3.0,0,0.3,1.3,,,72.0,240.0,31.76870588235294,8.0,Rutgers,2015.0,2015.0,DET,168.0,-1.0,0.03125
2023,2,00-0031595,M.Burton,FB,DEN,WAS,0,0,0.0,0,0.0,0.0,0.0,1,3.0,0,0,0,0.0,0,0.3,0.3,,,72.0,240.0,31.76870588235294,8.0,Rutgers,2015.0,2015.0,DET,168.0,-2.0,
2023,5,00-0031595,M.Burton,FB,DEN,NYJ,0,0,0.0,0,0.0,0.0,0.0,0,0.0,0,0,0,0.0,0,2.0,2.0,,,72.0,240.0,31.76870588235294,8.0,Rutgers,2015.0,2015.0,DET,168.0,-10.0,
2023,6,00-0031595,M.Burton,FB,DEN,KC,0,0,0.0,0,0.0,0.0,0.0,2,2.0,0,0,0,0.0,0,0.2,0.2,,,72.0,240.0,31.76870588235294,8.0,Rutgers,2015.0,2015.0,DET,168.0,,
2023,7,00-0031595,M.Burton,FB,DEN,GB,0,0,0.0,0,0.0,0.0,0.0,1,-2.0,0,0,0,0.0,0,-0.2,-0.2,,,72.0,240.0,31.76870588235294,8.0,Rutgers,2015.0,2015.0,DET,168.0,2.0,
2023,13,00-0031595,M.Burton,FB,DEN,HOU,0,0,0.0,0,0.0,0.0,0.0,1,4.0,0,0,0,0.0,0,0.4,0.4,,,72.0,240.0,31.76870588235294,8.0,Rutgers,2015.0,2015.0,DET,168.0,,
2023,14,00-0031595,M.Burton,FB,DEN,LAC,0,0,0.0,0,0.0,0.0,0.0,1,2.0,0,1,1,1.0,0,0.3,1.3,,,72.0,240.0,31.76870588235294,8.0,Rutgers,2015.0,2015.0,DET,168.0,,0.033333335
2023,16,00-0031595,M.Burton,FB,DEN,NE,0,0,0.0,0,0.0,0.0,0.0,1,0.0,0,1,1,4.0,0,0.4,1.4,,,72.0,240.0,31.76870588235294,8.0,Rutgers,2015.0,2015.0,DET,168.0,-3.0,0.028571429
2023,1,00-0031610,D.Waller,TE,NYG,DAL,0,0,0.0,0,0.0,0.0,0.0,0,0.0,0,5,3,36.0,0,3.6,6.6,,,78.0,255.0,31.148764705882353,8.0,Georgia Tech,2015.0,2015.0,BAL,204.0,-40.0,0.1724138
2023,2,00-0031610,D.Waller,TE,NYG,ARI,0,0,0.0,0,0.0,0.0,0.0,0,0.0,0,8,6,76.0,0,7.6,13.6,,,78.0,255.0,31.148764705882353,8.0,Georgia Tech,2015.0,2015.0,BAL,204.0,,0.22857143
2023,3,00-0031610,D.Waller,TE,NYG,SF,0,0,0.0,0,0.0,0.0,0.0,0,0.0,0,7,3,20.0,0,2.0,5.0,,,78.0,255.0,31.148764705882353,8.0,Georgia Tech,2015.0,2015.0,BAL,204.0,,0.21875
2023,4,00-0031610,D.Waller,TE,NYG,SEA,0,0,0.0,0,0.0,0.0,0.0,0,0.0,0,3,3,21.0,0,2.1,5.1,,,78.0,255.0,31.148764705882353,8.0,Georgia Tech,2015.0,2015.0,BAL,204.0,-21.0,0.09375
2023,5,00-0031610,D.Waller,TE,NYG,MIA,0,0,0.0,0,0.0,0.0,0.0,0,0.0,0,11,8,86.0,0,8.6,16.6,,,78.0,255.0,31.148764705882353,8.0,Georgia Tech,2015.0,2015.0,BAL,204.0,,0.36666667
2023,6,00-0031610,D.Waller,TE,NYG,BUF,0,0,0.0,0,0.0,0.0,0.0,0,0.0,0,7,5,43.0,0,4.3,9.3,,,78.0,255.0,31.148764705882353,8.0,Georgia Tech,2015.0,2015.0,BAL,204.0,,0.22580644
2023,7,00-0031610,D.Waller,TE,NYG,WAS,0,0,0.0,0,0.0,0.0,0.0,0,0.0,0,8,7,98.0,1,15.8,22.8,,,78.0,255.0,31.148764705882353,8.0,Georgia Tech,2015.0,2015.0,BAL,204.0,7.0,0.2962963
2023,8,00-0031610,D.Waller,TE,NYG,NYJ,0,0,0.0,0,0.0,0.0,0.0,0,0.0,0,2,1,4.0,0,0.4,1.4,,,78.0,255.0,31.148764705882353,8.0,Georgia Tech,2015.0,2015.0,BAL,204.0,-3.0,0.16666667
2023,15,00-0031610,D.Waller,TE,NYG,NO,0,0,0.0,0,0.0,0.0,0.0,0,0.0,0,6,4,40.0,0,4.0,8.0,,,78.0,255.0,31.148764705882353,8.0,Georgia Tech,2015.0,2015.0,BAL,204.0,,0.1764706
2023,16,00-0031610,D.Waller,TE,NYG,PHI,0,0,0.0,0,0.0,0.0,0.0,0,0.0,0,5,2,32.0,0,3.2,5.2,,,78.0,255.0,31.148764705882353,8.0,Georgia Tech,2015.0,2015.0,BAL,204.0,,0.18518518
2023,17,00-0031610,D.Waller,TE,NYG,LA,0,0,0.0,0,0.0,0.0,0.0,0,0.0,0,6,5,51.0,0,5.1,10.1,,,78.0,255.0,31.148764705882353,8.0,Georgia Tech,2015.0,2015.0,BAL,204.0,-1.0,0.15384616
2023,18,00-0031610,D.Waller,TE,NYG,PHI,0,0,0.0,0,0.0,0.0,0.0,0,0.0,0,6,5,45.0,0,4.5,9.5,,,78.0,255.0,31.148764705882353,8.0,Georgia Tech,2015.0,2015.0,BAL,204.0,17.0,0.1875
2023,1,00-0031687,R.Mostert,RB,MIA,LAC,0,0,0.0,0,0.0,0.0,0.0,10,37.0,1,2,2,13.0,0,11.0,13.0,,,70.0,197.0,31.59177777777778,8.0,Purdue,2015.0,2015.0,,,,0.045454547
2023,2,00-0031687,R.Mostert,RB,MIA,NE,0,0,0.0,0,0.0,0.0,0.0,18,121.0,2,1,1,6.0,0,24.7,25.7,,,70.0,197.0,31.59177777777778,8.0,Purdue,2015.0,2015.0,,,,0.03448276
2023,3,00-0031687,R.Mostert,RB,MIA,DEN,0,0,0.0,0,0.0,0.0,0.0,13,82.0,3,7,7,60.0,1,38.2,45.2,,,70.0,197.0,31.59177777777778,8.0,Purdue,2015.0,2015.0,,,50.0,0.25
2023,4,00-0031687,R.Mostert,RB,MIA,BUF,0,0,0.0,0,0.0,0.0,0.0,7,9.0,0,5,3,36.0,0,2.5,5.5,,,70.0,197.0,31.59177777777778,8.0,Purdue,2015.0,2015.0,,,,0.14705883
2023,5,00-0031687,R.Mostert,RB,MIA,NYG,0,0,0.0,0,0.0,0.0,0.0,10,65.0,1,2,2,13.0,0,13.8,15.8,,,70.0,197.0,31.59177777777778,8.0,Purdue,2015.0,2015.0,,,15.0,0.071428575
2023,6,00-0031687,R.Mostert,RB,MIA,CAR,0,0,0.0,0,0.0,0.0,0.0,17,115.0,2,3,3,17.0,1,31.2,34.2,,,70.0,197.0,31.59177777777778,8.0,Purdue,2015.0,2015.0,,,21.0,0.1
2023,7,00-0031687,R.Mostert,RB,MIA,PHI,0,0,0.0,0,0.0,0.0,0.0,9,45.0,0,3,1,6.0,0,5.1,6.1,,,70.0,197.0,31.59177777777778,8.0,Purdue,2015.0,2015.0,,,,0.09375
2023,8,00-0031687,R.Mostert,RB,MIA,NE,0,0,0.0,0,0.0,0.0,0.0,13,46.0,1,0,0,0.0,0,10.6,10.6,,,70.0,197.0,31.59177777777778,8.0,Purdue,2015.0,2015.0,,,14.0,
2023,9,00-0031687,R.Mostert,RB,MIA,KC,0,0,0.0,0,0.0,0.0,0.0,12,85.0,1,1,0,0.0,0,14.5,14.5,,,70.0,197.0,31.59177777777778,8.0,Purdue,2015.0,2015.0,,,,0.030303031
2023,11,00-0031687,R.Mostert,RB,MIA,LV,0,0,0.0,0,0.0,0.0,0.0,22,86.0,0,2,1,7.0,0,9.3,10.3,,,70.0,197.0,31.59177777777778,8.0,Purdue,2015.0,2015.0,,,7.0,0.055555556
2023,12,00-0031687,R.Mostert,RB,MIA,NYJ,0,0,0.0,0,0.0,0.0,0.0,20,94.0,2,1,0,0.0,0,21.4,21.4,,,70.0,197.0,31.59177777777778,8.0,Purdue,2015.0,2015.0,,,,0.035714287
2023,13,00-0031687,R.Mostert,RB,MIA,WAS,0,0,0.0,0,0.0,0.0,0.0,11,43.0,1,1,1,8.0,0,11.1,12.1,,,70.0,197.0,31.59177777777778,8.0,Purdue,2015.0,2015.0,,,,0.04
2023,14,00-0031687,R.Mostert,RB,MIA,TEN,0,0,0.0,0,0.0,0.0,0.0,21,96.0,2,1,1,4.0,0,22.0,23.0,,,70.0,197.0,31.59177777777778,8.0,Purdue,2015.0,2015.0,,,-1.0,0.030303031
2023,15,00-0031687,R.Mostert,RB,MIA,NYJ,0,0,0.0,0,0.0,0.0,0.0,15,42.0,2,2,2,1.0,0,16.3,18.3,,,70.0,197.0,31.59177777777778,8.0,Purdue,2015.0,2015.0,,,30.0,0.07692308
2023,16,00-0031687,R.Mostert,RB,MIA,DAL,0,0,0.0,0,0.0,0.0,0.0,11,46.0,0,1,1,4.0,1,11.0,12.0,,,70.0,197.0,31.59177777777778,8.0,Purdue,2015.0,2015.0,,,2.0,0.027777778
2023,19,00-0031687,R.Mostert,RB,MIA,KC,0,0,0.0,0,0.0,0.0,0.0,8,33.0,0,2,1,-3.0,0,3.0,4.0,,,70.0,197.0,31.59177777777778,8.0,Purdue,2015.0,2015.0,,,,0.05263158
2023,1,00-0031763,D.Carter,WR,LV,DEN,0,0,0.0,0,0.0,0.0,0.0,0,0.0,0,1,1,5.0,0,0.5,1.5,,,68.0,190.0,30.57652941176471,8.0,Sacramento State,2015.0,2015.0,,,,0.03846154
2023,2,00-0031763,D.Carter,WR,LV,BUF,0,0,0.0,0,0.0,0.0,0.0,0,0.0,0,1,0,0.0,0,0.0,0.0,,,68.0,190.0,30.57652941176471,8.0,Sacramento State,2015.0,2015.0,,,,0.04347826
2023,3,00-0031763,D.Carter,WR,LV,PIT,0,0,0.0,0,0.0,0.0,0.0,0,0.0,0,1,1,16.0,0,1.6,2.6,,,68.0,190.0,30.57652941176471,8.0,Sacramento State,2015.0,2015.0,,,-5.0,0.022727273
2023,5,00-0031763,D.Carter,WR,LV,GB,0,0,0.0,0,0.0,0.0,0.0,2,3.0,0,1,0,0.0,0,0.3,0.3,,,68.0,190.0,30.57652941176471,8.0,Sacramento State,2015.0,2015.0,,,4.0,0.03448276
2023,6,00-0031763,D.Carter,WR,LV,NE,0,0,0.0,0,0.0,0.0,0.0,0,0.0,0,1,0,0.0,0,0.0,0.0,,,68.0,190.0,30.57652941176471,8.0,Sacramento State,2015.0,2015.0,,,4.0,0.032258064
2023,9,00-0031763,D.Carter,WR,LV,NYG,0,0,0.0,0,0.0,0.0,0.0,0,0.0,0,1,1,15.0,0,1.5,2.5,,,68.0,190.0,30.57652941176471,8.0,Sacramento State,2015.0,2015.0,,,24.0,0.041666668
2023,10,00-0031763,D.Carter,WR,LV,NYJ,0,0,0.0,0,0.0,0.0,0.0,1,15.0,0,0,0,0.0,0,1.5,1.5,,,68.0,190.0,30.57652941176471,8.0,Sacramento State,2015.0,2015.0,,,4.0,
2023,18,00-0031763,D.Carter,WR,LV,DEN,0,0,0.0,0,0.0,0.0,0.0,0,0.0,0,1,1,3.0,0,0.3,1.3,,,68.0,190.0,30.57652941176471,8.0,Sacramento State,2015.0,2015.0,,,13.0,0.037037037
2023,8,00-0031800,T.Heinicke,QB,ATL,TEN,12,21,175.0,1,0.0,1.0,8.0,2,14.0,0,0,0,0.0,0,12.4,12.4,,,73.0,210.0,30.65,8.0,Old Dominion,2015.0,2015.0,,,,
2023,9,00-0031800,T.Heinicke,QB,ATL,MIN,21,38,268.0,1,1.0,1.0,8.0,3,20.0,0,0,0,0.0,0,14.72,14.72,,,73.0,210.0,30.65,8.0,Old Dominion,2015.0,2015.0,,,-3.0,
2023,10,00-0031800,T.Heinicke,QB,ATL,ARI,8,15,55.0,1,0.0,3.0,24.0,4,34.0,0,0,0,0.0,0,9.6,9.6,,,73.0,210.0,30.65,8.0,Old Dominion,2015.0,2015.0,,,,
2023,16,00-0031800,T.Heinicke,QB,ATL,IND,23,33,229.0,1,0.0,1.0,-0.0,2,10.0,0,0,0,0.0,0,14.16,14.16,,,73.0,210.0,30.65,8.0,Old Dominion,2015.0,2015.0,,,19.0,
2023,17,00-0031800,T.Heinicke,QB,ATL,CHI,10,29,163.0,1,3.0,2.0,7.0,4,46.0,1,0,0,0.0,0,15.12,15.12,,,73.0,210.0,30.65,8.0,Old Dominion,2015.0,2015.0,,,,
2023,9,00-0031868,D.Byrd,WR,ATL,MIN,0,0,0.0,0,0.0,0.0,0.0,0,0.0,0,2,0,0.0,0,0.0,0.0,,,69.0,180.0,30.808666666666667,8.0,South Carolina,2015.0,2015.0,,,-3.0,0.05882353
2023,5,00-0031941,J.Crowder,WR,WAS,CHI,0,0,0.0,0,0.0,0.0,0.0,0,0.0,0,2,2,21.0,0,2.1,4.1,,,69.0,177.0,30.38829411764706,8.0,Duke,2015.0,2015.0,WAS,105.0,-20.0,0.041666668
2023,8,00-0031941,J.Crowder,WR,WAS,PHI,0,0,0.0,0,0.0,0.0,0.0,0,0.0,0,7,7,95.0,1,15.5,22.5,,,69.0,177.0,30.38829411764706,8.0,Duke,2015.0,2015.0,WAS,105.0,-7.0,0.13725491
2023,9,00-0031941,J.Crowder,WR,WAS,NE,0,0,0.0,0,0.0,0.0,0.0,0,0.0,0,6,4,23.0,0,2.3,6.3,,,69.0,177.0,30.38829411764706,8.0,Duke,2015.0,2015.0,WAS,105.0,,0.13636364
2023,10,00-0031941,J.Crowder,WR,WAS,SEA,0,0,0.0,0,0.0,0.0,0.0,0,0.0,0,1,0,0.0,0,0.0,0.0,,,69.0,177.0,30.38829411764706,8.0,Duke,2015.0,2015.0,WAS,105.0,,0.023809524
2023,11,00-0031941,J.Crowder,WR,WAS,NYG,0,0,0.0,0,0.0,0.0,0.0,0,0.0,0,2,2,12.0,0,1.2,3.2,,,69.0,177.0,30.38829411764706,8.0,Duke,2015.0,2015.0,WAS,105.0,-12.0,0.04761905
2023,16,00-0031941,J.Crowder,WR,WAS,NYJ,0,0,0.0,0,0.0,0.0,0.0,0,0.0,0,1,0,0.0,0,0.0,0.0,,,69.0,177.0,30.38829411764706,8.0,Duke,2015.0,2015.0,WAS,105.0,,0.03125
2023,18,00-0031941,J.Crowder,WR,WAS,DAL,0,0,0.0,0,0.0,0.0,0.0,0,0.0,0,1,1,8.0,0,0.8,1.8,,,69.0,177.0,30.38829411764706,8.0,Duke,2015.0,2015.0,WAS,105.0,-28.0,0.035714287
2023,1,00-0032062,B.Bell,TE,KC,DET,0,0,0.0,0,0.0,0.0,0.0,0,0.0,0,3,2,12.0,1,7.2,9.2,,,78.0,252.0,32.295857142857145,8.0,Oklahoma,2015.0,2015.0,SF,117.0,-1.0,0.08108108
2023,7,00-0032062,B.Bell,TE,KC,LAC,0,0,0.0,0,0.0,0.0,0.0,0,0.0,0,1,1,7.0,0,-1.3,-0.3,,,78.0,252.0,32.295857142857145,8.0,Oklahoma,2015.0,2015.0,SF,117.0,14.0,0.025
2023,8,00-0032062,B.Bell,TE,KC,DEN,0,0,0.0,0,0.0,0.0,0.0,0,0.0,0,1,0,0.0,0,0.0,0.0,,,78.0,252.0,32.295857142857145,8.0,Oklahoma,2015.0,2015.0,SF,117.0,,0.027027028
2023,15,00-0032062,B.Bell,TE,KC,NE,0,0,0.0,0,0.0,0.0,0.0,0,0.0,0,1,0,0.0,0,0.0,0.0,,,78.0,252.0,32.295857142857145,8.0,Oklahoma,2015.0,2015.0,SF,117.0,,0.028571429
2023,16,00-0032062,B.Bell,TE,KC,LV,0,0,0.0,0,0.0,0.0,0.0,0,0.0,0,1,1,4.0,0,0.4,1.4,,,78.0,252.0,32.295857142857145,8.0,Oklahoma,2015.0,2015.0,SF,117.0,-6.0,0.024390243
2023,18,00-0032062,B.Bell,TE,KC,LAC,0,0,0.0,0,0.0,0.0,0.0,0,0.0,0,2,1,3.0,0,0.3,1.3,,,78.0,252.0,32.295857142857145,8.0,Oklahoma,2015.0,2015.0,SF,117.0,,0.06896552
2023,1,00-0032104,A.Abdullah,RB,LV,DEN,0,0,0.0,0,0.0,0.0,0.0,0,0.0,0,1,0,0.0,0,0.0,0.0,,,69.0,203.0,30.401235294117647,8.0,Nebraska,2015.0,2015.0,DET,54.0,,0.03846154
2023,2,00-0032104,A.Abdullah,RB,LV,BUF,0,0,0.0,0,0.0,0.0,0.0,0,0.0,0,3,1,5.0,0,0.5,1.5,,,69.0,203.0,30.401235294117647,8.0,Nebraska,2015.0,2015.0,DET,54.0,,0.13043478
2023,3,00-0032104,A.Abdullah,RB,LV,PIT,0,0,0.0,0,0.0,0.0,0.0,0,0.0,0,3,2,16.0,0,1.6,3.6,,,69.0,203.0,30.401235294117647,8.0,Nebraska,2015.0,2015.0,DET,54.0,-5.0,0.06818182
2023,4,00-0032104,A.Abdullah,RB,LV,LAC,0,0,0.0,0,0.0,0.0,0.0,0,0.0,0,2,2,14.0,0,1.4,3.4,,,69.0,203.0,30.401235294117647,8.0,Nebraska,2015.0,2015.0,DET,54.0,,0.05263158
2023,5,00-0032104,A.Abdullah,RB,LV,GB,0,0,0.0,0,0.0,0.0,0.0,1,4.0,0,1,1,11.0,0,1.5,2.5,,,69.0,203.0,30.401235294117647,8.0,Nebraska,2015.0,2015.0,DET,54.0,4.0,0.03448276
2023,6,00-0032104,A.Abdullah,RB,LV,NE,0,0,0.0,0,0.0,0.0,0.0,0,0.0,0,1,0,0.0,0,0.0,0.0,,,69.0,203.0,30.401235294117647,8.0,Nebraska,2015.0,2015.0,DET,54.0,4.0,0.032258064
2023,8,00-0032104,A.Abdullah,RB,LV,DET,0,0,0.0,0,0.0,0.0,0.0,1,7.0,0,1,1,12.0,0,1.9,2.9,,,69.0,203.0,30.401235294117647,8.0,Nebraska,2015.0,2015.0,DET,54.0,,0.04761905
2023,9,00-0032104,A.Abdullah,RB,LV,NYG,0,0,0.0,0,0.0,0.0,0.0,2,8.0,0,2,2,17.0,0,2.5,4.5,,,69.0,203.0,30.401235294117647,8.0,Nebraska,2015.0,2015.0,DET,54.0,24.0,0.083333336
2023,10,00-0032104,A.Abdullah,RB,LV,NYJ,0,0,0.0,0,0.0,0.0,0.0,0,0.0,0,1,1,4.0,0,0.4,1.4,,,69.0,203.0,30.401235294117647,8.0,Nebraska,2015.0,2015.0,DET,54.0,4.0,0.04
2023,11,00-0032104,A.Abdullah,RB,LV,MIA,0,0,0.0,0,0.0,0.0,0.0,0,0.0,0,1,1,4.0,0,0.4,1.4,,,69.0,203.0,30.401235294117647,8.0,Nebraska,2015.0,2015.0,DET,54.0,,0.02631579
2023,12,00-0032104,A.Abdullah,RB,LV,KC,0,0,0.0,0,0.0,0.0,0.0,1,11.0,0,1,1,2.0,0,1.3,2.3,,,69.0,203.0,30.401235294117647,8.0,Nebraska,2015.0,2015.0,DET,54.0,-14.0,0.03125
2023,14,00-0032104,A.Abdullah,RB,LV,MIN,0,0,0.0,0,0.0,0.0,0.0,1,12.0,0,2,2,7.0,0,1.9,3.9,,,69.0,203.0,30.401235294117647,8.0,Nebraska,2015.0,2015.0,DET,54.0,-3.0,0.06896552
2023,15,00-0032104,A.Abdullah,RB,LV,LAC,0,0,0.0,0,0.0,0.0,0.0,6,32.0,0,2,2,13.0,0,4.5,6.5,,,69.0,203.0,30.401235294117647,8.0,Nebraska,2015.0,2015.0,DET,54.0,42.0,0.05882353
2023,16,00-0032104,A.Abdullah,RB,LV,KC,0,0,0.0,0,0.0,0.0,0.0,2,11.0,0,1,1,1.0,0,1.2,2.2,,,69.0,203.0,30.401235294117647,8.0,Nebraska,2015.0,2015.0,DET,54.0,,0.05263158
2023,17,00-0032104,A.Abdullah,RB,LV,IND,0,0,0.0,0,0.0,0.0,0.0,1,4.0,0,1,1,18.0,0,2.2,3.2,,,69.0,203.0,30.401235294117647,8.0,Nebraska,2015.0,2015.0,DET,54.0,,0.02173913
2023,18,00-0032104,A.Abdullah,RB,LV,DEN,0,0,0.0,0,0.0,0.0,0.0,0,0.0,0,1,1,7.0,0,0.7,1.7,,,69.0,203.0,30.401235294117647,8.0,Nebraska,2015.0,2015.0,DET,54.0,13.0,0.037037037
2023,18,00-0032128,C.Conley,WR,SF,LA,0,0,0.0,0,0.0,0.0,0.0,0,0.0,0,6,3,69.0,0,6.9,9.9,,,75.0,205.0,31.0714,8.0,Georgia,2015.0,2015.0,KC,76.0,-1.0,0.24
2023,20,00-0032128,C.Conley,WR,SF,GB,0,0,0.0,0,0.0,0.0,0.0,0,0.0,0,1,1,17.0,0,1.7,2.7,,,75.0,205.0,31.0714,8.0,Georgia,2015.0,2015.0,KC,76.0,3.0,0.027777778
2023,22,00-0032128,C.Conley,WR,SF,KC,0,0,0.0,0,0.0,0.0,0.0,0,0.0,0,1,1,18.0,0,1.8,2.8,,,75.0,205.0,31.0714,8.0,Georgia,2015.0,2015.0,KC,76.0,,0.027027028
2023,3,00-0032134,C.Uzomah,TE,NYJ,NE,0,0,0.0,0,0.0,0.0,0.0,0,0.0,0,1,1,9.0,0,0.9,1.9,,,78.0,260.0,30.818117647058823,8.0,Auburn,2015.0,2015.0,CIN,157.0,-5.0,0.035714287
2023,4,00-0032134,C.Uzomah,TE,NYJ,KC,0,0,0.0,0,0.0,0.0,0.0,0,0.0,0,1,1,1.0,1,6.1,7.1,,,78.0,260.0,30.818117647058823,8.0,Auburn,2015.0,2015.0,CIN,157.0,-3.0,0.025641026
2023,5,00-0032134,C.Uzomah,TE,NYJ,DEN,0,0,0.0,0,0.0,0.0,0.0,0,0.0,0,2,2,12.0,0,1.2,3.2,,,78.0,260.0,30.818117647058823,8.0,Auburn,2015.0,2015.0,CIN,157.0,,0.07692308
2023,6,00-0032134,C.Uzomah,TE,NYJ,PHI,0,0,0.0,0,0.0,0.0,0.0,0,0.0,0,1,0,0.0,0,0.0,0.0,,,78.0,260.0,30.818117647058823,8.0,Auburn,2015.0,2015.0,CIN,157.0,6.0,0.030303031
2023,8,00-0032134,C.Uzomah,TE,NYJ,NYG,0,0,0.0,0,0.0,0.0,0.0,0,0.0,0,1,1,19.0,0,1.9,2.9,,,78.0,260.0,30.818117647058823,8.0,Auburn,2015.0,2015.0,CIN,157.0,,0.029411765
2023,9,00-0032134,C.Uzomah,TE,NYJ,LAC,0,0,0.0,0,0.0,0.0,0.0,0,0.0,0,5,2,11.0,0,1.1,3.1,,,78.0,260.0,30.818117647058823,8.0,Auburn,2015.0,2015.0,CIN,157.0,-21.0,0.104166664
2023,10,00-0032134,C.Uzomah,TE,NYJ,LV,0,0,0.0,0,0.0,0.0,0.0,0,0.0,0,1,1,6.0,0,0.6,1.6,,,78.0,260.0,30.818117647058823,8.0,Auburn,2015.0,2015.0,CIN,157.0,,0.027027028
2023,4,00-0032141,G.Swaim,TE,ARI,SF,0,0,0.0,0,0.0,0.0,0.0,0,0.0,0,1,0,0.0,0,0.0,0.0,,,76.0,260.0,30.140117647058826,8.0,Texas,2015.0,2015.0,DAL,246.0,,0.024390243
2023,5,00-0032141,G.Swaim,TE,ARI,CIN,0,0,0.0,0,0.0,0.0,0.0,0,0.0,0,2,2,22.0,0,2.2,4.2,,,76.0,260.0,30.140117647058826,8.0,Texas,2015.0,2015.0,DAL,246.0,-14.0,0.06666667
2023,7,00-0032141,G.Swaim,TE,ARI,SEA,0,0,0.0,0,0.0,0.0,0.0,0,0.0,0,1,1,8.0,0,0.8,1.8,,,76.0,260.0,30.140117647058826,8.0,Texas,2015.0,2015.0,DAL,246.0,,0.030303031
2023,10,00-0032141,G.Swaim,TE,ARI,ATL,0,0,0.0,0,0.0,0.0,0.0,0,0.0,0,2,2,13.0,0,1.3,3.3,,,76.0,260.0,30.140117647058826,8.0,Texas,2015.0,2015.0,DAL,246.0,2.0,0.06451613
2023,11,00-0032141,G.Swaim,TE,ARI,HOU,0,0,0.0,0,0.0,0.0,0.0,0,0.0,0,2,2,15.0,0,1.5,3.5,,,76.0,260.0,30.140117647058826,8.0,Texas,2015.0,2015.0,DAL,246.0,,0.06896552
2023,13,00-0032141,G.Swaim,TE,ARI,PIT,0,0,0.0,0,0.0,0.0,0.0,0,0.0,0,2,2,10.0,0,1.0,3.0,,,76.0,260.0,30.140117647058826,8.0,Texas,2015.0,2015.0,DAL,246.0,,0.08695652
2023,15,00-0032141,G.Swaim,TE,ARI,SF,0,0,0.0,0,0.0,0.0,0.0,0,0.0,0,1,1,26.0,0,2.6,3.6,,,76.0,260.0,30.140117647058826,8.0,Texas,2015.0,2015.0,DAL,246.0,-16.0,0.02631579
2023,3,00-0032144,M.Gordon,RB,BAL,IND,0,0,0.0,0,0.0,0.0,0.0,10,32.0,0,2,2,23.0,0,5.5,7.5,,,73.0,215.0,30.590315789473685,8.0,Wisconsin,2015.0,2015.0,SD,15.0,-3.0,0.06666667
2023,4,00-0032144,M.Gordon,RB,BAL,CLE,0,0,0.0,0,0.0,0.0,0.0,3,21.0,0,1,1,23.0,0,4.4,5.4,,,73.0,215.0,30.590315789473685,8.0,Wisconsin,2015.0,2015.0,SD,15.0,,0.055555556
2023,17,00-0032144,M.Gordon,RB,BAL,MIA,0,0,0.0,0,0.0,0.0,0.0,6,10.0,1,0,0,0.0,0,7.0,7.0,,,73.0,215.0,30.590315789473685,8.0,Wisconsin,2015.0,2015.0,SD,15.0,37.0,
2023,18,00-0032144,M.Gordon,RB,BAL,PIT,0,0,0.0,0,0.0,0.0,0.0,7,18.0,0,0,0,0.0,0,-0.2,-0.2,,,73.0,215.0,30.590315789473685,8.0,Wisconsin,2015.0,2015.0,SD,15.0,-7.0,
2023,13,00-0032156,T.Siemian,QB,NYJ,ATL,5,13,66.0,0,0.0,3.0,12.0,1,8.0,0,0,0,0.0,0,1.44,1.44,,,75.0,220.0,31.890333333333334,8.0,Northwestern,2015.0,2015.0,DEN,250.0,-5.0,
2023,15,00-0032156,T.Siemian,QB,NYJ,MIA,14,26,110.0,0,2.0,2.0,19.0,0,0.0,0,0,0,0.0,0,-1.6,-1.6,,,75.0,220.0,31.890333333333334,8.0,Northwestern,2015.0,2015.0,DEN,250.0,,
2023,16,00-0032156,T.Siemian,QB,NYJ,WAS,27,49,217.0,1,1.0,0.0,-0.0,4,18.0,0,0,0,0.0,0,10.48,10.48,,,75.0,220.0,31.890333333333334,8.0,Northwestern,2015.0,2015.0,DEN,250.0,2.0,
2023,17,00-0032156,T.Siemian,QB,NYJ,CLE,32,45,261.0,1,1.0,2.0,8.0,4,13.0,0,0,0,0.0,0,13.74,13.74,,,75.0,220.0,31.890333333333334,8.0,Northwestern,2015.0,2015.0,DEN,250.0,,
2023,18,00-0032156,T.Siemian,QB,NYJ,NE,8,20,70.0,0,0.0,1.0,1.0,2,1.0,0,0,0,0.0,0,2.9,2.9,,,75.0,220.0,31.890333333333334,8.0,Northwestern,2015.0,2015.0,DEN,250.0,,
2023,1,00-0032200,T.Montgomery,WR,NE,PHI,0,0,0.0,0,0.0,0.0,0.0,1,7.0,0,3,2,9.0,0,1.6,3.6,,,72.0,216.0,30.749846153846153,8.0,Stanford,2015.0,2015.0,GB,94.0,-5.0,0.055555556
2023,2,00-0032200,T.Montgomery,WR,NE,MIA,0,0,0.0,0,0.0,0.0,0.0,0,0.0,0,1,0,0.0,0,0.0,0.0,,,72.0,216.0,30.749846153846153,8.0,Stanford,2015.0,2015.0,GB,94.0,-7.0,0.023809524
2023,5,00-0032200,T.Montgomery,WR,NE,NO,0,0,0.0,0,0.0,0.0,0.0,1,0.0,0,4,1,5.0,0,0.5,1.5,,,72.0,216.0,30.749846153846153,8.0,Stanford,2015.0,2015.0,GB,94.0,-34.0,0.12903225
2023,6,00-0032200,T.Montgomery,WR,NE,LV,0,0,0.0,0,0.0,0.0,0.0,0,0.0,0,1,1,9.0,0,0.9,1.9,,,72.0,216.0,30.749846153846153,8.0,Stanford,2015.0,2015.0,GB,94.0,,0.032258064
2023,12,00-0032200,T.Montgomery,WR,NE,NYG,0,0,0.0,0,0.0,0.0,0.0,0,0.0,0,1,0,0.0,0,0.0,0.0,,,72.0,216.0,30.749846153846153,8.0,Stanford,2015.0,2015.0,GB,94.0,,0.028571429
2023,13,00-0032200,T.Montgomery,WR,NE,LAC,0,0,0.0,0,0.0,0.0,0.0,1,2.0,0,0,0,0.0,0,0.2,0.2,,,72.0,216.0,30.749846153846153,8.0,Stanford,2015.0,2015.0,GB,94.0,-6.0,
2023,14,00-0032200,T.Montgomery,WR,NE,PIT,0,0,0.0,0,0.0,0.0,0.0,0,0.0,0,2,1,17.0,0,1.7,2.7,,,72.0,216.0,30.749846153846153,8.0,Stanford,2015.0,2015.0,GB,94.0,,0.07692308
2023,1,00-0032208,P.Dorsett,WR,DEN,LV,0,0,0.0,0,0.0,0.0,0.0,0,0.0,0,1,0,0.0,0,0.0,0.0,,,70.0,192.0,30.840588235294117,8.0,Miami,2015.0,2015.0,IND,29.0,-1.0,0.03125
2023,17,00-0032208,P.Dorsett,WR,DEN,LAC,0,0,0.0,0,0.0,0.0,0.0,0,0.0,0,2,0,0.0,0,0.0,0.0,,,70.0,192.0,30.840588235294117,8.0,Miami,2015.0,2015.0,IND,29.0,7.0,0.06666667
2023,1,00-0032211,T.Lockett,WR,SEA,LA,0,0,0.0,0,0.0,0.0,0.0,0,0.0,0,4,2,10.0,0,1.0,3.0,,,70.0,182.0,31.11594117647059,8.0,Kansas State,2015.0,2015.0,SEA,69.0,-17.0,0.16666667
2023,2,00-0032211,T.Lockett,WR,SEA,DET,0,0,0.0,0,0.0,0.0,0.0,0,0.0,0,10,8,59.0,2,17.9,25.9,,,70.0,182.0,31.11594117647059,8.0,Kansas State,2015.0,2015.0,SEA,69.0,,0.27027026
2023,3,00-0032211,T.Lockett,WR,SEA,CAR,0,0,0.0,0,0.0,0.0,0.0,0,0.0,0,7,3,34.0,0,5.4,8.4,,,70.0,182.0,31.11594117647059,8.0,Kansas State,2015.0,2015.0,SEA,69.0,10.0,0.2
2023,4,00-0032211,T.Lockett,WR,SEA,NYG,0,0,0.0,0,0.0,0.0,0.0,0,0.0,0,6,4,54.0,0,5.4,9.4,,,70.0,182.0,31.11594117647059,8.0,Kansas State,2015.0,2015.0,SEA,69.0,,0.23076923
2023,6,00-0032211,T.Lockett,WR,SEA,CIN,0,0,0.0,0,0.0,0.0,0.0,0,0.0,0,8,6,94.0,0,9.4,15.4,,,70.0,182.0,31.11594117647059,8.0,Kansas State,2015.0,2015.0,SEA,69.0,,0.21621622
2023,7,00-0032211,T.Lockett,WR,SEA,ARI,0,0,0.0,0,0.0,0.0,0.0,0,0.0,0,5,4,38.0,0,3.8,7.8,,,70.0,182.0,31.11594117647059,8.0,Kansas State,2015.0,2015.0,SEA,69.0,10.0,0.20833333
2023,8,00-0032211,T.Lockett,WR,SEA,CLE,0,0,0.0,0,0.0,0.0,0.0,0,0.0,0,9,8,81.0,1,14.1,22.1,,,70.0,182.0,31.11594117647059,8.0,Kansas State,2015.0,2015.0,SEA,69.0,4.0,0.25
2023,9,00-0032211,T.Lockett,WR,SEA,BAL,0,0,0.0,0,0.0,0.0,0.0,0,0.0,0,8,3,32.0,0,3.2,6.2,,,70.0,182.0,31.11594117647059,8.0,Kansas State,2015.0,2015.0,SEA,69.0,,0.32
2023,10,00-0032211,T.Lockett,WR,SEA,WAS,0,0,0.0,0,0.0,0.0,0.0,0,0.0,0,10,8,92.0,1,15.2,23.2,,,70.0,182.0,31.11594117647059,8.0,Kansas State,2015.0,2015.0,SEA,69.0,3.0,0.23809524
2023,11,00-0032211,T.Lockett,WR,SEA,LA,0,0,0.0,0,0.0,0.0,0.0,0,0.0,0,7,5,51.0,0,5.1,10.1,,,70.0,182.0,31.11594117647059,8.0,Kansas State,2015.0,2015.0,SEA,69.0,,0.18421052
2023,12,00-0032211,T.Lockett,WR,SEA,SF,0,0,0.0,0,0.0,0.0,0.0,0,0.0,0,5,3,30.0,0,3.0,6.0,,,70.0,182.0,31.11594117647059,8.0,Kansas State,2015.0,2015.0,SEA,69.0,-18.0,0.18518518
2023,13,00-0032211,T.Lockett,WR,SEA,DAL,0,0,0.0,0,0.0,0.0,0.0,0,0.0,0,8,5,47.0,0,4.7,9.7,,,70.0,182.0,31.11594117647059,8.0,Kansas State,2015.0,2015.0,SEA,69.0,,0.21052632
2023,14,00-0032211,T.Lockett,WR,SEA,SF,0,0,0.0,0,0.0,0.0,0.0,0,0.0,0,6,6,89.0,0,8.9,14.9,,,70.0,182.0,31.11594117647059,8.0,Kansas State,2015.0,2015.0,SEA,69.0,,0.19354838
2023,15,00-0032211,T.Lockett,WR,SEA,PHI,0,0,0.0,0,0.0,0.0,0.0,0,0.0,0,9,3,21.0,0,2.1,5.1,,,70.0,182.0,31.11594117647059,8.0,Kansas State,2015.0,2015.0,SEA,69.0,3.0,0.28125
2023,16,00-0032211,T.Lockett,WR,SEA,TEN,0,0,0.0,0,0.0,0.0,0.0,0,0.0,0,11,8,81.0,0,8.1,16.1,,,70.0,182.0,31.11594117647059,8.0,Kansas State,2015.0,2015.0,SEA,69.0,,0.30555555
2023,17,00-0032211,T.Lockett,WR,SEA,PIT,0,0,0.0,0,0.0,0.0,0.0,0,0.0,0,5,1,10.0,0,1.0,2.0,,,70.0,182.0,31.11594117647059,8.0,Kansas State,2015.0,2015.0,SEA,69.0,-7.0,0.15151516
2023,18,00-0032211,T.Lockett,WR,SEA,ARI,0,0,0.0,0,0.0,0.0,0.0,0,0.0,0,4,2,71.0,1,15.1,17.1,,,70.0,182.0,31.11594117647059,8.0,Kansas State,2015.0,2015.0,SEA,69.0,,0.15384616
2023,2,00-0032217,D.Smith,T,KC,JAX,0,0,0.0,0,0.0,0.0,0.0,0,0.0,0,1,1,0.0,0,0.0,1.0,,,78.0,338.0,30.417809523809524,8.0,Penn State,2015.0,2015.0,TB,34.0,,0.025
2023,13,00-0032268,M.Mariota,QB,PHI,SF,2,3,16.0,0,0.0,0.0,-0.0,2,6.0,0,0,0,0.0,0,1.24,1.24,,,76.0,222.0,30.034611111111115,8.0,Oregon,2015.0,2015.0,TEN,2.0,-23.0,
2023,18,00-0032268,M.Mariota,QB,PHI,NYG,13,20,148.0,1,1.0,3.0,11.0,6,46.0,0,0,0,0.0,0,10.52,10.52,,,76.0,222.0,30.034611111111115,8.0,Oregon,2015.0,2015.0,TEN,2.0,,
2023,1,00-0032385,S.Shepard,WR,NYG,DAL,0,0,0.0,0,0.0,0.0,0.0,0,0.0,0,1,0,0.0,0,0.0,0.0,,,70.0,201.0,30.738000000000003,7.0,Oklahoma,2016.0,2016.0,NYG,40.0,-40.0,0.03448276
2023,2,00-0032385,S.Shepard,WR,NYG,ARI,0,0,0.0,0,0.0,0.0,0.0,0,0.0,0,1,1,4.0,0,0.4,1.4,,,70.0,201.0,30.738000000000003,7.0,Oklahoma,2016.0,2016.0,NYG,40.0,,0.028571429
2023,4,00-0032385,S.Shepard,WR,NYG,SEA,0,0,0.0,0,0.0,0.0,0.0,0,0.0,0,1,1,6.0,0,0.6,1.6,,,70.0,201.0,30.738000000000003,7.0,Oklahoma,2016.0,2016.0,NYG,40.0,-21.0,0.03125
2023,5,00-0032385,S.Shepard,WR,NYG,MIA,0,0,0.0,0,0.0,0.0,0.0,0,0.0,0,2,1,13.0,0,1.3,2.3,,,70.0,201.0,30.738000000000003,7.0,Oklahoma,2016.0,2016.0,NYG,40.0,,0.06666667
2023,7,00-0032385,S.Shepard,WR,NYG,WAS,0,0,0.0,0,0.0,0.0,0.0,0,0.0,0,1,1,3.0,0,0.3,1.3,,,70.0,201.0,30.738000000000003,7.0,Oklahoma,2016.0,2016.0,NYG,40.0,7.0,0.037037037
2023,10,00-0032385,S.Shepard,WR,NYG,DAL,0,0,0.0,0,0.0,0.0,0.0,0,0.0,0,4,1,2.0,1,6.2,7.2,,,70.0,201.0,30.738000000000003,7.0,Oklahoma,2016.0,2016.0,NYG,40.0,,0.15384616
2023,11,00-0032385,S.Shepard,WR,NYG,WAS,0,0,0.0,0,0.0,0.0,0.0,0,0.0,0,3,1,5.0,0,0.5,1.5,,,70.0,201.0,30.738000000000003,7.0,Oklahoma,2016.0,2016.0,NYG,40.0,,0.115384616
2023,12,00-0032385,S.Shepard,WR,NYG,NE,0,0,0.0,0,0.0,0.0,0.0,0,0.0,0,3,1,6.0,0,0.6,1.6,,,70.0,201.0,30.738000000000003,7.0,Oklahoma,2016.0,2016.0,NYG,40.0,3.0,0.125
2023,17,00-0032385,S.Shepard,WR,NYG,LA,0,0,0.0,0,0.0,0.0,0.0,0,0.0,0,1,0,0.0,0,0.0,0.0,,,70.0,201.0,30.738000000000003,7.0,Oklahoma,2016.0,2016.0,NYG,40.0,-1.0,0.025641026
2023,18,00-0032385,S.Shepard,WR,NYG,PHI,0,0,0.0,0,0.0,0.0,0.0,1,6.0,0,5,3,18.0,0,2.4,5.4,,,70.0,201.0,30.738000000000003,7.0,Oklahoma,2016.0,2016.0,NYG,40.0,17.0,0.15625
2023,1,00-0032392,A.Hooper,TE,LV,DEN,0,0,0.0,0,0.0,0.0,0.0,0,0.0,0,1,1,20.0,0,2.0,3.0,,,76.0,254.0,29.024058823529412,7.0,Stanford,2016.0,2016.0,ATL,81.0,,0.03846154
2023,2,00-0032392,A.Hooper,TE,LV,BUF,0,0,0.0,0,0.0,0.0,0.0,0,0.0,0,2,2,20.0,0,2.0,4.0,,,76.0,254.0,29.024058823529412,7.0,Stanford,2016.0,2016.0,ATL,81.0,,0.08695652
2023,4,00-0032392,A.Hooper,TE,LV,LAC,0,0,0.0,0,0.0,0.0,0.0,0,0.0,0,2,1,11.0,0,1.1,2.1,,,76.0,254.0,29.024058823529412,7.0,Stanford,2016.0,2016.0,ATL,81.0,,0.05263158
2023,5,00-0032392,A.Hooper,TE,LV,GB,0,0,0.0,0,0.0,0.0,0.0,0,0.0,0,2,2,11.0,0,1.1,3.1,,,76.0,254.0,29.024058823529412,7.0,Stanford,2016.0,2016.0,ATL,81.0,4.0,0.06896552
2023,6,00-0032392,A.Hooper,TE,LV,NE,0,0,0.0,0,0.0,0.0,0.0,0,0.0,0,2,2,19.0,0,1.9,3.9,,,76.0,254.0,29.024058823529412,7.0,Stanford,2016.0,2016.0,ATL,81.0,4.0,0.06451613
2023,7,00-0032392,A.Hooper,TE,LV,CHI,0,0,0.0,0,0.0,0.0,0.0,0,0.0,0,2,2,18.0,0,1.8,3.8,,,76.0,254.0,29.024058823529412,7.0,Stanford,2016.0,2016.0,ATL,81.0,,0.044444446
2023,8,00-0032392,A.Hooper,TE,LV,DET,0,0,0.0,0,0.0,0.0,0.0,0,0.0,0,2,2,19.0,0,1.9,3.9,,,76.0,254.0,29.024058823529412,7.0,Stanford,2016.0,2016.0,ATL,81.0,,0.0952381
2023,9,00-0032392,A.Hooper,TE,LV,NYG,0,0,0.0,0,0.0,0.0,0.0,0,0.0,0,1,1,10.0,0,1.0,2.0,,,76.0,254.0,29.024058823529412,7.0,Stanford,2016.0,2016.0,ATL,81.0,24.0,0.041666668
2023,10,00-0032392,A.Hooper,TE,LV,NYJ,0,0,0.0,0,0.0,0.0,0.0,0,0.0,0,1,1,7.0,0,0.7,1.7,,,76.0,254.0,29.024058823529412,7.0,Stanford,2016.0,2016.0,ATL,81.0,4.0,0.04
2023,11,00-0032392,A.Hooper,TE,LV,MIA,0,0,0.0,0,0.0,0.0,0.0,0,0.0,0,1,0,0.0,0,0.0,0.0,,,76.0,254.0,29.024058823529412,7.0,Stanford,2016.0,2016.0,ATL,81.0,,0.02631579
2023,12,00-0032392,A.Hooper,TE,LV,KC,0,0,0.0,0,0.0,0.0,0.0,0,0.0,0,2,1,14.0,0,1.4,2.4,,,76.0,254.0,29.024058823529412,7.0,Stanford,2016.0,2016.0,ATL,81.0,-14.0,0.0625
2023,14,00-0032392,A.Hooper,TE,LV,MIN,0,0,0.0,0,0.0,0.0,0.0,0,0.0,0,1,1,5.0,0,0.5,1.5,,,76.0,254.0,29.024058823529412,7.0,Stanford,2016.0,2016.0,ATL,81.0,-3.0,0.03448276
2023,15,00-0032392,A.Hooper,TE,LV,LAC,0,0,0.0,0,0.0,0.0,0.0,0,0.0,0,1,0,0.0,0,0.0,0.0,,,76.0,254.0,29.024058823529412,7.0,Stanford,2016.0,2016.0,ATL,81.0,42.0,0.029411765
2023,16,00-0032392,A.Hooper,TE,LV,KC,0,0,0.0,0,0.0,0.0,0.0,0,0.0,0,3,2,13.0,0,1.3,3.3,,,76.0,254.0,29.024058823529412,7.0,Stanford,2016.0,2016.0,ATL,81.0,,0.15789473
2023,17,00-0032392,A.Hooper,TE,LV,IND,0,0,0.0,0,0.0,0.0,0.0,0,0.0,0,3,3,28.0,0,2.8,5.8,,,76.0,254.0,29.024058823529412,7.0,Stanford,2016.0,2016.0,ATL,81.0,,0.06521739
2023,18,00-0032392,A.Hooper,TE,LV,DEN,0,0,0.0,0,0.0,0.0,0.0,0,0.0,0,5,4,39.0,0,3.9,7.9,,,76.0,254.0,29.024058823529412,7.0,Stanford,2016.0,2016.0,ATL,81.0,13.0,0.18518518
2023,18,00-0032394,N.Vannett,TE,LAC,KC,0,0,0.0,0,0.0,0.0,0.0,0,0.0,0,1,1,3.0,0,0.3,1.3,,,78.0,261.0,30.68094117647059,7.0,Ohio State,2016.0,2016.0,SEA,94.0,-1.0,0.022222223
2023,1,00-0032398,C.Moore,WR,TEN,NO,0,0,0.0,0,0.0,0.0,0.0,0,0.0,0,1,0,0.0,0,0.0,0.0,,,73.0,200.0,30.399529411764707,7.0,Cincinnati,2016.0,2016.0,BAL,107.0,,0.030303031
2023,2,00-0032398,C.Moore,WR,TEN,LAC,0,0,0.0,0,0.0,0.0,0.0,0,0.0,0,1,1,49.0,0,4.9,5.9,,,73.0,200.0,30.399529411764707,7.0,Cincinnati,2016.0,2016.0,BAL,107.0,3.0,0.041666668
2023,3,00-0032398,C.Moore,WR,TEN,CLE,0,0,0.0,0,0.0,0.0,0.0,0,0.0,0,3,2,41.0,0,4.1,6.1,,,73.0,200.0,30.399529411764707,7.0,Cincinnati,2016.0,2016.0,BAL,107.0,,0.125
2023,4,00-0032398,C.Moore,WR,TEN,CIN,0,0,0.0,0,0.0,0.0,0.0,0,0.0,0,3,1,44.0,0,4.4,5.4,,,73.0,200.0,30.399529411764707,7.0,Cincinnati,2016.0,2016.0,BAL,107.0,24.0,0.115384616
2023,6,00-0032398,C.Moore,WR,TEN,BAL,0,0,0.0,0,0.0,0.0,0.0,0,0.0,0,1,1,6.0,0,0.6,1.6,,,73.0,200.0,30.399529411764707,7.0,Cincinnati,2016.0,2016.0,BAL,107.0,-8.0,0.05
2023,9,00-0032398,C.Moore,WR,TEN,PIT,0,0,0.0,0,0.0,0.0,0.0,0,0.0,0,2,1,29.0,0,2.9,3.9,,,73.0,200.0,30.399529411764707,7.0,Cincinnati,2016.0,2016.0,BAL,107.0,,0.054054055
2023,10,00-0032398,C.Moore,WR,TEN,TB,0,0,0.0,0,0.0,0.0,0.0,0,0.0,0,4,2,21.0,0,2.1,4.1,,,73.0,200.0,30.399529411764707,7.0,Cincinnati,2016.0,2016.0,BAL,107.0,,0.102564104
2023,11,00-0032398,C.Moore,WR,TEN,JAX,0,0,0.0,0,0.0,0.0,0.0,1,38.0,0,1,1,49.0,0,8.7,9.7,,,73.0,200.0,30.399529411764707,7.0,Cincinnati,2016.0,2016.0,BAL,107.0,,0.05882353
2023,12,00-0032398,C.Moore,WR,TEN,CAR,0,0,0.0,0,0.0,0.0,0.0,1,1.0,0,4,3,41.0,0,4.2,7.2,,,73.0,200.0,30.399529411764707,7.0,Cincinnati,2016.0,2016.0,BAL,107.0,7.0,0.14814815
2023,13,00-0032398,C.Moore,WR,TEN,IND,0,0,0.0,0,0.0,0.0,0.0,0,0.0,0,1,1,12.0,0,1.2,2.2,,,73.0,200.0,30.399529411764707,7.0,Cincinnati,2016.0,2016.0,BAL,107.0,-3.0,0.030303031
2023,14,00-0032398,C.Moore,WR,TEN,MIA,0,0,0.0,0,0.0,0.0,0.0,0,0.0,0,1,1,22.0,0,2.2,3.2,,,73.0,200.0,30.399529411764707,7.0,Cincinnati,2016.0,2016.0,BAL,107.0,,0.027777778
2023,15,00-0032398,C.Moore,WR,TEN,HOU,0,0,0.0,0,0.0,0.0,0.0,0,0.0,0,4,3,39.0,0,3.9,6.9,,,73.0,200.0,30.399529411764707,7.0,Cincinnati,2016.0,2016.0,BAL,107.0,-3.0,0.15384616
2023,16,00-0032398,C.Moore,WR,TEN,SEA,0,0,0.0,0,0.0,0.0,0.0,0,0.0,0,2,1,9.0,0,0.9,1.9,,,73.0,200.0,30.399529411764707,7.0,Cincinnati,2016.0,2016.0,BAL,107.0,-3.0,0.08
2023,17,00-0032398,C.Moore,WR,TEN,HOU,0,0,0.0,0,0.0,0.0,0.0,0,0.0,0,3,1,32.0,0,3.2,4.2,,,73.0,200.0,30.399529411764707,7.0,Cincinnati,2016.0,2016.0,BAL,107.0,,0.12
2023,18,00-0032398,C.Moore,WR,TEN,JAX,0,0,0.0,0,0.0,0.0,0.0,0,0.0,0,4,3,30.0,0,3.0,6.0,,,73.0,200.0,30.399529411764707,7.0,Cincinnati,2016.0,2016.0,BAL,107.0,8.0,0.15384616
2023,18,00-0032436,J.Driskel,QB,CLE,CIN,13,26,166.0,2,2.0,3.0,26.0,7,33.0,0,0,0,0.0,0,13.94,13.94,,,76.0,235.0,30.552,7.0,Louisiana Tech,2016.0,2016.0,SF,207.0,,
2023,1,00-0032464,K.Raymond,WR,DET,KC,0,0,0.0,0,0.0,0.0,0.0,0,0.0,0,1,1,20.0,0,2.0,3.0,,,68.0,182.0,29.28185,7.0,Holy Cross,2016.0,2016.0,,,,0.03125
2023,2,00-0032464,K.Raymond,WR,DET,SEA,0,0,0.0,0,0.0,0.0,0.0,1,11.0,0,3,2,46.0,1,11.7,13.7,,,68.0,182.0,29.28185,7.0,Holy Cross,2016.0,2016.0,,,-6.0,0.0882353
2023,3,00-0032464,K.Raymond,WR,DET,ATL,0,0,0.0,0,0.0,0.0,0.0,0,0.0,0,6,4,55.0,0,5.5,9.5,,,68.0,182.0,29.28185,7.0,Holy Cross,2016.0,2016.0,,,14.0,0.19354838
2023,4,00-0032464,K.Raymond,WR,DET,GB,0,0,0.0,0,0.0,0.0,0.0,1,40.0,0,1,1,-2.0,0,3.8,4.8,,,68.0,182.0,29.28185,7.0,Holy Cross,2016.0,2016.0,,,,0.037037037
2023,5,00-0032464,K.Raymond,WR,DET,CAR,0,0,0.0,0,0.0,0.0,0.0,0,0.0,0,3,3,45.0,0,4.5,7.5,,,68.0,182.0,29.28185,7.0,Holy Cross,2016.0,2016.0,,,18.0,0.11111111
2023,6,00-0032464,K.Raymond,WR,DET,TB,0,0,0.0,0,0.0,0.0,0.0,1,3.0,0,3,3,23.0,0,2.6,5.6,,,68.0,182.0,29.28185,7.0,Holy Cross,2016.0,2016.0,,,,0.07317073
2023,7,00-0032464,K.Raymond,WR,DET,BAL,0,0,0.0,0,0.0,0.0,0.0,0,0.0,0,2,2,20.0,0,2.0,4.0,,,68.0,182.0,29.28185,7.0,Holy Cross,2016.0,2016.0,,,,0.040816326
2023,8,00-0032464,K.Raymond,WR,DET,LV,0,0,0.0,0,0.0,0.0,0.0,1,-2.0,0,4,2,24.0,0,2.2,4.2,,,68.0,182.0,29.28185,7.0,Holy Cross,2016.0,2016.0,,,12.0,0.11764706
2023,10,00-0032464,K.Raymond,WR,DET,LAC,0,0,0.0,0,0.0,0.0,0.0,0,0.0,0,4,2,46.0,0,4.6,6.6,,,68.0,182.0,29.28185,7.0,Holy Cross,2016.0,2016.0,,,,0.125
2023,11,00-0032464,K.Raymond,WR,DET,CHI,0,0,0.0,0,0.0,0.0,0.0,0,0.0,0,2,1,5.0,0,0.5,1.5,,,68.0,182.0,29.28185,7.0,Holy Cross,2016.0,2016.0,,,5.0,0.0625
2023,12,00-0032464,K.Raymond,WR,DET,GB,0,0,0.0,0,0.0,0.0,0.0,1,6.0,0,5,5,90.0,0,9.6,14.6,,,68.0,182.0,29.28185,7.0,Holy Cross,2016.0,2016.0,,,-7.0,0.11904762
2023,13,00-0032464,K.Raymond,WR,DET,NO,0,0,0.0,0,0.0,0.0,0.0,1,9.0,0,0,0,0.0,0,0.9,0.9,,,68.0,182.0,29.28185,7.0,Holy Cross,2016.0,2016.0,,,,
2023,14,00-0032464,K.Raymond,WR,DET,CHI,0,0,0.0,0,0.0,0.0,0.0,0,0.0,0,4,3,15.0,0,1.5,4.5,,,68.0,182.0,29.28185,7.0,Holy Cross,2016.0,2016.0,,,,0.11764706
2023,15,00-0032464,K.Raymond,WR,DET,DEN,0,0,0.0,0,0.0,0.0,0.0,0,0.0,0,1,1,12.0,0,1.2,2.2,,,68.0,182.0,29.28185,7.0,Holy Cross,2016.0,2016.0,,,25.0,0.03125
2023,16,00-0032464,K.Raymond,WR,DET,MIN,0,0,0.0,0,0.0,0.0,0.0,1,8.0,0,2,2,29.0,0,3.7,5.7,,,68.0,182.0,29.28185,7.0,Holy Cross,2016.0,2016.0,,,,0.051282052
2023,17,00-0032464,K.Raymond,WR,DET,DAL,0,0,0.0,0,0.0,0.0,0.0,0,0.0,0,1,1,11.0,0,1.1,2.1,,,68.0,182.0,29.28185,7.0,Holy Cross,2016.0,2016.0,,,,0.03125
2023,18,00-0032464,K.Raymond,WR,DET,MIN,0,0,0.0,0,0.0,0.0,0.0,0,0.0,0,2,2,50.0,0,5.0,7.0,,,68.0,182.0,29.28185,7.0,Holy Cross,2016.0,2016.0,,,10.0,0.06451613
2023,11,00-0032543,A.Erickson,WR,LAC,GB,0,0,0.0,0,0.0,0.0,0.0,0,0.0,0,1,1,12.0,0,1.2,2.2,,,72.0,195.0,31.009588235294117,7.0,Wisconsin,2016.0,2016.0,,,,0.027777778
2023,12,00-0032543,A.Erickson,WR,LAC,BAL,0,0,0.0,0,0.0,0.0,0.0,0,0.0,0,3,1,17.0,0,1.7,2.7,,,72.0,195.0,31.009588235294117,7.0,Wisconsin,2016.0,2016.0,,,-10.0,0.07317073
2023,13,00-0032543,A.Erickson,WR,LAC,NE,0,0,0.0,0,0.0,0.0,0.0,0,0.0,0,1,1,23.0,0,2.3,3.3,,,72.0,195.0,31.009588235294117,7.0,Wisconsin,2016.0,2016.0,,,,0.027777778
2023,14,00-0032543,A.Erickson,WR,LAC,DEN,0,0,0.0,0,0.0,0.0,0.0,0,0.0,0,7,1,9.0,0,0.9,1.9,,,72.0,195.0,31.009588235294117,7.0,Wisconsin,2016.0,2016.0,,,-17.0,0.17073171
2023,15,00-0032543,A.Erickson,WR,LAC,LV,0,0,0.0,0,0.0,0.0,0.0,0,0.0,0,2,1,13.0,1,7.3,8.3,,,72.0,195.0,31.009588235294117,7.0,Wisconsin,2016.0,2016.0,,,,0.06451613
2023,16,00-0032543,A.Erickson,WR,LAC,BUF,0,0,0.0,0,0.0,0.0,0.0,0,0.0,0,2,2,31.0,0,3.1,5.1,,,72.0,195.0,31.009588235294117,7.0,Wisconsin,2016.0,2016.0,,,-2.0,0.0625
2023,17,00-0032543,A.Erickson,WR,LAC,DEN,0,0,0.0,0,0.0,0.0,0.0,0,0.0,0,8,7,98.0,0,9.8,16.8,,,72.0,195.0,31.009588235294117,7.0,Wisconsin,2016.0,2016.0,,,,0.21621622
2023,18,00-0032543,A.Erickson,WR,LAC,KC,0,0,0.0,0,0.0,0.0,0.0,0,0.0,0,5,2,29.0,0,2.9,4.9,,,72.0,195.0,31.009588235294117,7.0,Wisconsin,2016.0,2016.0,,,-1.0,0.11111111
2023,3,00-0032688,R.Chosen,WR,MIA,DEN,0,0,0.0,0,0.0,0.0,0.0,0,0.0,0,1,1,68.0,1,12.8,13.8,,,75.0,190.0,30.51022222222222,7.0,Temple,2016.0,2016.0,,,50.0,0.035714287
2023,4,00-0032688,R.Chosen,WR,MIA,BUF,0,0,0.0,0,0.0,0.0,0.0,0,0.0,0,1,0,0.0,0,0.0,0.0,,,75.0,190.0,30.51022222222222,7.0,Temple,2016.0,2016.0,,,,0.029411765
2023,11,00-0032688,R.Chosen,WR,MIA,LV,0,0,0.0,0,0.0,0.0,0.0,0,0.0,0,2,2,39.0,0,3.9,5.9,,,75.0,190.0,30.51022222222222,7.0,Temple,2016.0,2016.0,,,7.0,0.055555556
2023,16,00-0032688,R.Chosen,WR,MIA,DAL,0,0,0.0,0,0.0,0.0,0.0,0,0.0,0,1,1,19.0,0,1.9,2.9,,,75.0,190.0,30.51022222222222,7.0,Temple,2016.0,2016.0,,,2.0,0.027777778
2023,17,00-0032688,R.Chosen,WR,MIA,BAL,0,0,0.0,0,0.0,0.0,0.0,0,0.0,0,1,0,0.0,0,0.0,0.0,,,75.0,190.0,30.51022222222222,7.0,Temple,2016.0,2016.0,,,,0.027777778
2023,1,00-0032764,D.Henry,RB,TEN,NO,0,0,0.0,0,0.0,0.0,0.0,15,63.0,0,3,2,56.0,0,11.9,13.9,,,75.0,247.0,29.846529411764706,7.0,Alabama,2016.0,2016.0,TEN,45.0,,0.09090909
2023,2,00-0032764,D.Henry,RB,TEN,LAC,0,0,0.0,0,0.0,0.0,0.0,25,80.0,1,4,3,15.0,0,15.5,18.5,,,75.0,247.0,29.846529411764706,7.0,Alabama,2016.0,2016.0,TEN,45.0,3.0,0.16666667
2023,3,00-0032764,D.Henry,RB,TEN,CLE,0,0,0.0,0,0.0,0.0,0.0,11,20.0,0,0,0,0.0,0,2.0,2.0,,,75.0,247.0,29.846529411764706,7.0,Alabama,2016.0,2016.0,TEN,45.0,,
2023,4,00-0032764,D.Henry,RB,TEN,CIN,1,1,2.0,1,0.0,0.0,-0.0,22,122.0,1,1,1,11.0,0,23.38,24.38,,,75.0,247.0,29.846529411764706,7.0,Alabama,2016.0,2016.0,TEN,45.0,24.0,0.03846154
2023,5,00-0032764,D.Henry,RB,TEN,IND,0,1,0.0,0,0.0,0.0,-0.0,13,43.0,0,3,3,19.0,0,6.2,9.2,,,75.0,247.0,29.846529411764706,7.0,Alabama,2016.0,2016.0,TEN,45.0,,0.0882353
2023,6,00-0032764,D.Henry,RB,TEN,BAL,0,0,0.0,0,0.0,0.0,0.0,12,97.0,1,2,2,16.0,0,17.3,19.3,,,75.0,247.0,29.846529411764706,7.0,Alabama,2016.0,2016.0,TEN,45.0,-8.0,0.1
2023,8,00-0032764,D.Henry,RB,TEN,ATL,0,0,0.0,0,0.0,0.0,0.0,22,101.0,0,4,4,21.0,0,12.2,16.2,,,75.0,247.0,29.846529411764706,7.0,Alabama,2016.0,2016.0,TEN,45.0,5.0,0.15384616
2023,9,00-0032764,D.Henry,RB,TEN,PIT,0,0,0.0,0,0.0,0.0,0.0,17,75.0,1,4,3,27.0,0,16.2,19.2,,,75.0,247.0,29.846529411764706,7.0,Alabama,2016.0,2016.0,TEN,45.0,,0.10810811
2023,10,00-0032764,D.Henry,RB,TEN,TB,0,0,0.0,0,0.0,0.0,0.0,11,24.0,0,1,1,-4.0,0,2.0,3.0,,,75.0,247.0,29.846529411764706,7.0,Alabama,2016.0,2016.0,TEN,45.0,,0.025641026
2023,11,00-0032764,D.Henry,RB,TEN,JAX,0,0,0.0,0,0.0,0.0,0.0,10,38.0,0,2,1,6.0,0,4.4,5.4,,,75.0,247.0,29.846529411764706,7.0,Alabama,2016.0,2016.0,TEN,45.0,,0.11764706
2023,12,00-0032764,D.Henry,RB,TEN,CAR,0,0,0.0,0,0.0,0.0,0.0,18,76.0,2,2,1,0.0,0,19.6,20.6,,,75.0,247.0,29.846529411764706,7.0,Alabama,2016.0,2016.0,TEN,45.0,7.0,0.074074075
2023,13,00-0032764,D.Henry,RB,TEN,IND,0,0,0.0,0,0.0,0.0,0.0,21,102.0,2,2,1,18.0,0,24.0,25.0,,,75.0,247.0,29.846529411764706,7.0,Alabama,2016.0,2016.0,TEN,45.0,-3.0,0.060606062
2023,14,00-0032764,D.Henry,RB,TEN,MIA,0,0,0.0,0,0.0,0.0,0.0,17,34.0,2,2,1,17.0,0,17.1,18.1,,,75.0,247.0,29.846529411764706,7.0,Alabama,2016.0,2016.0,TEN,45.0,,0.055555556
2023,15,00-0032764,D.Henry,RB,TEN,HOU,0,0,0.0,0,0.0,0.0,0.0,16,9.0,0,4,4,1.0,0,1.0,5.0,,,75.0,247.0,29.846529411764706,7.0,Alabama,2016.0,2016.0,TEN,45.0,-3.0,0.15384616
2023,16,00-0032764,D.Henry,RB,TEN,SEA,1,1,12.0,1,0.0,0.0,-0.0,19,88.0,1,1,1,11.0,0,20.38,21.38,,,75.0,247.0,29.846529411764706,7.0,Alabama,2016.0,2016.0,TEN,45.0,-3.0,0.04
2023,17,00-0032764,D.Henry,RB,TEN,HOU,0,0,0.0,0,0.0,0.0,0.0,12,42.0,0,1,0,0.0,0,4.2,4.2,,,75.0,247.0,29.846529411764706,7.0,Alabama,2016.0,2016.0,TEN,45.0,,0.04
2023,18,00-0032764,D.Henry,RB,TEN,JAX,0,0,0.0,0,0.0,0.0,0.0,19,153.0,1,0,0,0.0,0,21.3,21.3,,,75.0,247.0,29.846529411764706,7.0,Alabama,2016.0,2016.0,TEN,45.0,8.0,
2023,1,00-0032765,M.Thomas,WR,NO,TEN,0,0,0.0,0,0.0,0.0,0.0,0,0.0,0,8,5,61.0,0,6.1,11.1,,,75.0,212.0,30.681941176470588,7.0,Ohio State,2016.0,2016.0,NO,47.0,1.0,0.24242425
2023,2,00-0032765,M.Thomas,WR,NO,CAR,0,0,0.0,0,0.0,0.0,0.0,0,0.0,0,9,7,55.0,0,5.5,12.5,,,75.0,212.0,30.681941176470588,7.0,Ohio State,2016.0,2016.0,NO,47.0,,0.2647059
2023,3,00-0032765,M.Thomas,WR,NO,GB,0,0,0.0,0,0.0,0.0,0.0,0,0.0,0,9,6,50.0,0,5.0,11.0,,,75.0,212.0,30.681941176470588,7.0,Ohio State,2016.0,2016.0,NO,47.0,,0.2647059
2023,4,00-0032765,M.Thomas,WR,NO,TB,0,0,0.0,0,0.0,0.0,0.0,0,0.0,0,6,4,53.0,0,5.3,9.3,,,75.0,212.0,30.681941176470588,7.0,Ohio State,2016.0,2016.0,NO,47.0,-17.0,0.15789473
2023,5,00-0032765,M.Thomas,WR,NO,NE,0,0,0.0,0,0.0,0.0,0.0,0,0.0,0,7,4,65.0,0,6.5,10.5,,,75.0,212.0,30.681941176470588,7.0,Ohio State,2016.0,2016.0,NO,47.0,,0.28
2023,6,00-0032765,M.Thomas,WR,NO,HOU,0,0,0.0,0,0.0,0.0,0.0,0,0.0,0,8,5,45.0,0,4.5,9.5,,,75.0,212.0,30.681941176470588,7.0,Ohio State,2016.0,2016.0,NO,47.0,,0.17391305
2023,7,00-0032765,M.Thomas,WR,NO,JAX,0,0,0.0,0,0.0,0.0,0.0,0,0.0,0,7,3,42.0,1,10.2,13.2,,,75.0,212.0,30.681941176470588,7.0,Ohio State,2016.0,2016.0,NO,47.0,-7.0,0.13207547
2023,8,00-0032765,M.Thomas,WR,NO,IND,0,0,0.0,0,0.0,0.0,0.0,0,0.0,0,7,4,68.0,0,6.8,10.8,,,75.0,212.0,30.681941176470588,7.0,Ohio State,2016.0,2016.0,NO,47.0,,0.2413793
2023,9,00-0032765,M.Thomas,WR,NO,CHI,0,0,0.0,0,0.0,0.0,0.0,0,0.0,0,1,0,0.0,0,0.0,0.0,,,75.0,212.0,30.681941176470588,7.0,Ohio State,2016.0,2016.0,NO,47.0,7.0,0.03125
2023,10,00-0032765,M.Thomas,WR,NO,MIN,0,0,0.0,0,0.0,0.0,0.0,0,0.0,0,2,1,9.0,0,0.9,1.9,,,75.0,212.0,30.681941176470588,7.0,Ohio State,2016.0,2016.0,NO,47.0,,0.05
2023,9,00-0032775,D.Robinson,WR,LA,GB,0,0,0.0,0,0.0,0.0,0.0,0,0.0,0,1,1,15.0,0,1.5,2.5,,,73.0,203.0,29.141333333333332,7.0,Florida,2016.0,2016.0,KC,126.0,,0.037037037
2023,11,00-0032775,D.Robinson,WR,LA,SEA,0,0,0.0,0,0.0,0.0,0.0,0,0.0,0,2,2,24.0,0,2.4,4.4,,,73.0,203.0,29.141333333333332,7.0,Florida,2016.0,2016.0,KC,126.0,1.0,0.06896552
2023,12,00-0032775,D.Robinson,WR,LA,ARI,0,0,0.0,0,0.0,0.0,0.0,0,0.0,0,2,2,13.0,0,1.3,3.3,,,73.0,203.0,29.141333333333332,7.0,Florida,2016.0,2016.0,KC,126.0,,0.06451613
2023,13,00-0032775,D.Robinson,WR,LA,CLE,0,0,0.0,0,0.0,0.0,0.0,0,0.0,0,5,4,55.0,1,11.5,15.5,,,73.0,203.0,29.141333333333332,7.0,Florida,2016.0,2016.0,KC,126.0,17.0,0.14705883
2023,14,00-0032775,D.Robinson,WR,LA,BAL,0,0,0.0,0,0.0,0.0,0.0,0,0.0,0,10,3,46.0,1,10.6,13.6,,,73.0,203.0,29.141333333333332,7.0,Florida,2016.0,2016.0,KC,126.0,,0.25641027
2023,15,00-0032775,D.Robinson,WR,LA,WAS,0,0,0.0,0,0.0,0.0,0.0,1,23.0,0,3,2,44.0,1,12.7,14.7,,,73.0,203.0,29.141333333333332,7.0,Florida,2016.0,2016.0,KC,126.0,8.0,0.09375
2023,16,00-0032775,D.Robinson,WR,LA,NO,0,0,0.0,0,0.0,0.0,0.0,0,0.0,0,6,6,82.0,1,14.2,20.2,,,73.0,203.0,29.141333333333332,7.0,Florida,2016.0,2016.0,KC,126.0,8.0,0.1875
2023,17,00-0032775,D.Robinson,WR,LA,NYG,0,0,0.0,0,0.0,0.0,0.0,0,0.0,0,10,6,92.0,0,7.2,13.2,,,73.0,203.0,29.141333333333332,7.0,Florida,2016.0,2016.0,KC,126.0,,0.29411766
2023,19,00-0032775,D.Robinson,WR,LA,DET,0,0,0.0,0,0.0,0.0,0.0,0,0.0,0,6,3,44.0,0,4.4,7.4,,,73.0,203.0,29.141333333333332,7.0,Florida,2016.0,2016.0,KC,126.0,,0.1764706
2023,1,00-0032918,C.Ham,FB,MIN,TB,0,0,0.0,0,0.0,0.0,0.0,0,0.0,0,3,2,7.0,0,0.7,2.7,,,71.0,235.0,30.294117647058822,7.0,"Augustana, S.D.",2016.0,2016.0,,,-3.0,0.06818182
2023,3,00-0032918,C.Ham,FB,MIN,LAC,0,0,0.0,0,0.0,0.0,0.0,0,0.0,0,1,1,7.0,0,0.7,1.7,,,71.0,235.0,30.294117647058822,7.0,"Augustana, S.D.",2016.0,2016.0,,,-4.0,0.020833334
2023,8,00-0032918,C.Ham,FB,MIN,GB,0,0,0.0,0,0.0,0.0,0.0,0,0.0,0,1,1,2.0,0,0.2,1.2,,,71.0,235.0,30.294117647058822,7.0,"Augustana, S.D.",2016.0,2016.0,,,,0.029411765
2023,12,00-0032918,C.Ham,FB,MIN,CHI,0,0,0.0,0,0.0,0.0,0.0,0,0.0,0,3,2,3.0,0,0.3,2.3,,,71.0,235.0,30.294117647058822,7.0,"Augustana, S.D.",2016.0,2016.0,,,-2.0,0.1
2023,14,00-0032918,C.Ham,FB,MIN,LV,0,0,0.0,0,0.0,0.0,0.0,1,7.0,0,0,0,0.0,0,0.7,0.7,,,71.0,235.0,30.294117647058822,7.0,"Augustana, S.D.",2016.0,2016.0,,,,
2023,16,00-0032918,C.Ham,FB,MIN,DET,0,0,0.0,0,0.0,0.0,0.0,0,0.0,0,1,1,6.0,0,0.6,1.6,,,71.0,235.0,30.294117647058822,7.0,"Augustana, S.D.",2016.0,2016.0,,,-6.0,0.028571429
2023,18,00-0032950,C.Wentz,QB,LA,SF,17,24,163.0,2,1.0,2.0,14.0,17,56.0,1,0,0,0.0,0,26.12,26.12,,,77.0,237.0,30.961444444444446,7.0,North Dakota State,2016.0,2016.0,PHI,2.0,,
2023,18,00-0032951,L.Treadwell,WR,BAL,PIT,0,0,0.0,0,0.0,0.0,0.0,0,0.0,0,3,1,16.0,0,1.6,2.6,,,74.0,215.0,28.421842105263156,7.0,Mississippi,2016.0,2016.0,MIN,23.0,-7.0,0.115384616
2023,15,00-0032975,J.Williams,RB,WAS,LA,0,0,0.0,0,0.0,0.0,0.0,1,-2.0,0,1,0,0.0,0,-0.2,-0.2,,,72.0,217.0,29.822111111111113,7.0,Arkansas,2016.0,2016.0,BUF,156.0,,0.029411765
2023,1,00-0033009,T.Boyd,WR,CIN,CLE,0,0,0.0,0,0.0,0.0,0.0,0,0.0,0,3,2,10.0,0,1.0,3.0,,,74.0,203.0,28.98376470588235,7.0,Pittsburgh,2016.0,2016.0,CIN,55.0,,0.09677419
2023,2,00-0033009,T.Boyd,WR,CIN,BAL,0,0,0.0,0,0.0,0.0,0.0,0,0.0,0,8,6,52.0,0,5.2,11.2,,,74.0,203.0,28.98376470588235,7.0,Pittsburgh,2016.0,2016.0,CIN,55.0,-3.0,0.20512821
2023,3,00-0033009,T.Boyd,WR,CIN,LA,0,0,0.0,0,0.0,0.0,0.0,0,0.0,0,9,5,39.0,0,3.9,8.9,,,74.0,203.0,28.98376470588235,7.0,Pittsburgh,2016.0,2016.0,CIN,55.0,3.0,0.19565217
2023,4,00-0033009,T.Boyd,WR,CIN,TEN,0,0,0.0,0,0.0,0.0,0.0,0,0.0,0,7,4,26.0,0,2.6,6.6,,,74.0,203.0,28.98376470588235,7.0,Pittsburgh,2016.0,2016.0,CIN,55.0,,0.25925925
2023,5,00-0033009,T.Boyd,WR,CIN,ARI,0,0,0.0,0,0.0,0.0,0.0,0,0.0,0,7,6,39.0,0,3.9,9.9,,,74.0,203.0,28.98376470588235,7.0,Pittsburgh,2016.0,2016.0,CIN,55.0,,0.1590909
2023,6,00-0033009,T.Boyd,WR,CIN,SEA,0,0,0.0,0,0.0,0.0,0.0,0,0.0,0,7,7,38.0,1,9.8,16.8,,,74.0,203.0,28.98376470588235,7.0,Pittsburgh,2016.0,2016.0,CIN,55.0,4.0,0.2
2023,8,00-0033009,T.Boyd,WR,CIN,SF,0,0,0.0,0,0.0,0.0,0.0,1,6.0,0,3,3,40.0,1,10.6,13.6,,,74.0,203.0,28.98376470588235,7.0,Pittsburgh,2016.0,2016.0,CIN,55.0,,0.09375
2023,9,00-0033009,T.Boyd,WR,CIN,BUF,0,0,0.0,0,0.0,0.0,0.0,0,0.0,0,5,3,56.0,0,5.6,8.6,,,74.0,203.0,28.98376470588235,7.0,Pittsburgh,2016.0,2016.0,CIN,55.0,6.0,0.11904762
2023,10,00-0033009,T.Boyd,WR,CIN,HOU,0,0,0.0,0,0.0,0.0,0.0,0,0.0,0,12,8,117.0,0,11.7,19.7,,,74.0,203.0,28.98376470588235,7.0,Pittsburgh,2016.0,2016.0,CIN,55.0,-3.0,0.30769232
2023,11,00-0033009,T.Boyd,WR,CIN,BAL,0,0,0.0,0,0.0,0.0,0.0,0,0.0,0,6,3,22.0,0,2.2,5.2,,,74.0,203.0,28.98376470588235,7.0,Pittsburgh,2016.0,2016.0,CIN,55.0,,0.19354838
2023,12,00-0033009,T.Boyd,WR,CIN,PIT,0,0,0.0,0,0.0,0.0,0.0,0,0.0,0,5,3,23.0,0,2.3,5.3,,,74.0,203.0,28.98376470588235,7.0,Pittsburgh,2016.0,2016.0,CIN,55.0,-6.0,0.2
2023,13,00-0033009,T.Boyd,WR,CIN,JAX,0,1,0.0,0,1.0,0.0,-0.0,1,5.0,0,7,5,37.0,0,2.2,7.2,,,74.0,203.0,28.98376470588235,7.0,Pittsburgh,2016.0,2016.0,CIN,55.0,,0.1891892
2023,14,00-0033009,T.Boyd,WR,CIN,IND,0,0,0.0,0,0.0,0.0,0.0,0,0.0,0,3,2,23.0,0,2.3,4.3,,,74.0,203.0,28.98376470588235,7.0,Pittsburgh,2016.0,2016.0,CIN,55.0,20.0,0.12
2023,15,00-0033009,T.Boyd,WR,CIN,MIN,0,0,0.0,0,0.0,0.0,0.0,0,0.0,0,5,2,53.0,0,5.3,7.3,,,74.0,203.0,28.98376470588235,7.0,Pittsburgh,2016.0,2016.0,CIN,55.0,3.0,0.125
2023,16,00-0033009,T.Boyd,WR,CIN,PIT,0,0,0.0,0,0.0,0.0,0.0,0,0.0,0,7,5,59.0,0,5.9,10.9,,,74.0,203.0,28.98376470588235,7.0,Pittsburgh,2016.0,2016.0,CIN,55.0,,0.175
2023,17,00-0033009,T.Boyd,WR,CIN,KC,0,0,0.0,0,0.0,0.0,0.0,0,0.0,0,2,2,29.0,0,2.9,4.9,,,74.0,203.0,28.98376470588235,7.0,Pittsburgh,2016.0,2016.0,CIN,55.0,,0.06451613
2023,18,00-0033009,T.Boyd,WR,CIN,CLE,0,0,0.0,0,0.0,0.0,0.0,0,0.0,0,2,1,4.0,0,0.4,1.4,,,74.0,203.0,28.98376470588235,7.0,Pittsburgh,2016.0,2016.0,CIN,55.0,17.0,0.071428575
2023,1,00-0033040,T.Hill,WR,MIA,LAC,0,0,0.0,0,0.0,0.0,0.0,0,0.0,0,15,11,215.0,2,33.5,44.5,,,70.0,185.0,29.699944444444448,7.0,West Alabama,2016.0,2016.0,KC,165.0,,0.3409091
2023,2,00-0033040,T.Hill,WR,MIA,NE,0,0,0.0,0,0.0,0.0,0.0,0,0.0,0,9,5,40.0,1,10.0,15.0,,,70.0,185.0,29.699944444444448,7.0,West Alabama,2016.0,2016.0,KC,165.0,,0.31034482
2023,3,00-0033040,T.Hill,WR,MIA,DEN,0,0,0.0,0,0.0,0.0,0.0,0,0.0,0,11,9,157.0,1,21.7,30.7,,,70.0,185.0,29.699944444444448,7.0,West Alabama,2016.0,2016.0,KC,165.0,50.0,0.39285713
2023,4,00-0033040,T.Hill,WR,MIA,BUF,0,0,0.0,0,0.0,0.0,0.0,1,14.0,0,5,3,58.0,0,7.2,10.2,,,70.0,185.0,29.699944444444448,7.0,West Alabama,2016.0,2016.0,KC,165.0,,0.14705883
2023,5,00-0033040,T.Hill,WR,MIA,NYG,0,0,0.0,0,0.0,0.0,0.0,0,0.0,0,9,8,181.0,1,24.1,32.1,,,70.0,185.0,29.699944444444448,7.0,West Alabama,2016.0,2016.0,KC,165.0,15.0,0.32142857
2023,6,00-0033040,T.Hill,WR,MIA,CAR,0,0,0.0,0,0.0,0.0,0.0,0,0.0,0,10,6,163.0,1,22.3,28.3,,,70.0,185.0,29.699944444444448,7.0,West Alabama,2016.0,2016.0,KC,165.0,21.0,0.33333334
2023,7,00-0033040,T.Hill,WR,MIA,PHI,0,0,0.0,0,0.0,0.0,0.0,0,0.0,0,15,11,88.0,1,14.8,25.8,,,70.0,185.0,29.699944444444448,7.0,West Alabama,2016.0,2016.0,KC,165.0,,0.46875
2023,8,00-0033040,T.Hill,WR,MIA,NE,0,0,0.0,0,0.0,0.0,0.0,0,0.0,0,13,8,112.0,1,17.2,25.2,,,70.0,185.0,29.699944444444448,7.0,West Alabama,2016.0,2016.0,KC,165.0,14.0,0.29545453
2023,9,00-0033040,T.Hill,WR,MIA,KC,0,0,0.0,0,0.0,0.0,0.0,1,3.0,0,10,8,62.0,0,4.5,12.5,,,70.0,185.0,29.699944444444448,7.0,West Alabama,2016.0,2016.0,KC,165.0,,0.3030303
2023,11,00-0033040,T.Hill,WR,MIA,LV,0,0,0.0,0,0.0,0.0,0.0,0,0.0,0,11,10,146.0,1,20.6,30.6,,,70.0,185.0,29.699944444444448,7.0,West Alabama,2016.0,2016.0,KC,165.0,7.0,0.30555555
2023,12,00-0033040,T.Hill,WR,MIA,NYJ,0,0,0.0,0,0.0,0.0,0.0,1,2.0,0,12,9,102.0,1,16.4,25.4,,,70.0,185.0,29.699944444444448,7.0,West Alabama,2016.0,2016.0,KC,165.0,,0.42857143
2023,13,00-0033040,T.Hill,WR,MIA,WAS,0,0,0.0,0,0.0,0.0,0.0,2,-4.0,0,7,5,157.0,2,27.3,32.3,,,70.0,185.0,29.699944444444448,7.0,West Alabama,2016.0,2016.0,KC,165.0,,0.28
2023,14,00-0033040,T.Hill,WR,MIA,TEN,0,0,0.0,0,0.0,0.0,0.0,0,0.0,0,5,4,61.0,0,6.1,10.1,,,70.0,185.0,29.699944444444448,7.0,West Alabama,2016.0,2016.0,KC,165.0,-1.0,0.15151516
2023,16,00-0033040,T.Hill,WR,MIA,DAL,0,0,0.0,0,0.0,0.0,0.0,0,0.0,0,14,9,99.0,0,9.9,18.9,,,70.0,185.0,29.699944444444448,7.0,West Alabama,2016.0,2016.0,KC,165.0,2.0,0.3888889
2023,17,00-0033040,T.Hill,WR,MIA,BAL,0,0,0.0,0,0.0,0.0,0.0,1,0.0,0,12,6,76.0,0,7.6,13.6,,,70.0,185.0,29.699944444444448,7.0,West Alabama,2016.0,2016.0,KC,165.0,,0.33333334
2023,18,00-0033040,T.Hill,WR,MIA,BUF,0,0,0.0,0,0.0,0.0,0.0,0,0.0,0,13,7,82.0,1,14.2,21.2,,,70.0,185.0,29.699944444444448,7.0,West Alabama,2016.0,2016.0,KC,165.0,-7.0,0.4814815
2023,19,00-0033040,T.Hill,WR,MIA,KC,0,0,0.0,0,0.0,0.0,0.0,0,0.0,0,8,5,62.0,1,12.2,17.2,,,70.0,185.0,29.699944444444448,7.0,West Alabama,2016.0,2016.0,KC,165.0,,0.21052632
2023,1,00-0033045,E.Elliott,RB,NE,PHI,0,0,0.0,0,0.0,0.0,0.0,7,29.0,0,7,5,14.0,0,2.3,7.3,,,72.0,228.0,28.29764705882353,7.0,Ohio State,2016.0,2016.0,DAL,4.0,-5.0,0.12962963
2023,2,00-0033045,E.Elliott,RB,NE,MIA,0,0,0.0,0,0.0,0.0,0.0,5,13.0,0,0,0,0.0,0,1.3,1.3,,,72.0,228.0,28.29764705882353,7.0,Ohio State,2016.0,2016.0,DAL,4.0,-7.0,
2023,3,00-0033045,E.Elliott,RB,NE,NYJ,0,0,0.0,0,0.0,0.0,0.0,16,80.0,0,1,1,7.0,0,8.7,9.7,,,72.0,228.0,28.29764705882353,7.0,Ohio State,2016.0,2016.0,DAL,4.0,,0.037037037
2023,4,00-0033045,E.Elliott,RB,NE,DAL,0,0,0.0,0,0.0,0.0,0.0,6,16.0,0,3,2,6.0,0,2.2,4.2,,,72.0,228.0,28.29764705882353,7.0,Ohio State,2016.0,2016.0,DAL,4.0,,0.10344828
2023,5,00-0033045,E.Elliott,RB,NE,NO,0,0,0.0,0,0.0,0.0,0.0,8,21.0,0,4,4,17.0,0,3.8,7.8,,,72.0,228.0,28.29764705882353,7.0,Ohio State,2016.0,2016.0,DAL,4.0,-34.0,0.12903225
2023,6,00-0033045,E.Elliott,RB,NE,LV,0,0,0.0,0,0.0,0.0,0.0,7,34.0,1,1,1,15.0,0,10.9,11.9,,,72.0,228.0,28.29764705882353,7.0,Ohio State,2016.0,2016.0,DAL,4.0,,0.032258064
2023,7,00-0033045,E.Elliott,RB,NE,BUF,0,0,0.0,0,0.0,0.0,0.0,11,31.0,1,1,0,0.0,0,9.1,9.1,,,72.0,228.0,28.29764705882353,7.0,Ohio State,2016.0,2016.0,DAL,4.0,4.0,0.033333335
2023,8,00-0033045,E.Elliott,RB,NE,MIA,0,0,0.0,0,0.0,0.0,0.0,7,36.0,0,0,0,0.0,0,3.6,3.6,,,72.0,228.0,28.29764705882353,7.0,Ohio State,2016.0,2016.0,DAL,4.0,,
2023,9,00-0033045,E.Elliott,RB,NE,WAS,0,0,0.0,0,0.0,0.0,0.0,6,17.0,0,5,3,15.0,0,3.2,6.2,,,72.0,228.0,28.29764705882353,7.0,Ohio State,2016.0,2016.0,DAL,4.0,-3.0,0.11627907
2023,10,00-0033045,E.Elliott,RB,NE,IND,0,0,0.0,0,0.0,0.0,0.0,13,54.0,0,2,2,34.0,0,8.8,10.8,,,72.0,228.0,28.29764705882353,7.0,Ohio State,2016.0,2016.0,DAL,4.0,-4.0,0.07692308
2023,12,00-0033045,E.Elliott,RB,NE,NYG,0,0,0.0,0,0.0,0.0,0.0,9,46.0,0,2,2,6.0,0,5.2,7.2,,,72.0,228.0,28.29764705882353,7.0,Ohio State,2016.0,2016.0,DAL,4.0,,0.057142857
2023,13,00-0033045,E.Elliott,RB,NE,LAC,0,0,0.0,0,0.0,0.0,0.0,17,52.0,0,5,4,40.0,0,9.2,13.2,,,72.0,228.0,28.29764705882353,7.0,Ohio State,2016.0,2016.0,DAL,4.0,-6.0,0.20833333
2023,14,00-0033045,E.Elliott,RB,NE,PIT,0,0,0.0,0,0.0,0.0,0.0,22,68.0,0,8,7,72.0,1,20.0,27.0,,,72.0,228.0,28.29764705882353,7.0,Ohio State,2016.0,2016.0,DAL,4.0,,0.30769232
2023,15,00-0033045,E.Elliott,RB,NE,KC,0,0,0.0,0,0.0,0.0,0.0,11,25.0,0,6,5,21.0,0,4.6,9.6,,,72.0,228.0,28.29764705882353,7.0,Ohio State,2016.0,2016.0,DAL,4.0,-10.0,0.19354838
2023,16,00-0033045,E.Elliott,RB,NE,DEN,0,0,0.0,0,0.0,0.0,0.0,12,27.0,0,11,9,33.0,1,12.0,21.0,,,72.0,228.0,28.29764705882353,7.0,Ohio State,2016.0,2016.0,DAL,4.0,,0.3548387
2023,17,00-0033045,E.Elliott,RB,NE,BUF,0,0,0.0,0,0.0,0.0,0.0,14,39.0,1,2,1,6.0,0,10.5,11.5,,,72.0,228.0,28.29764705882353,7.0,Ohio State,2016.0,2016.0,DAL,4.0,,0.083333336
2023,18,00-0033045,E.Elliott,RB,NE,NYJ,0,0,0.0,0,0.0,0.0,0.0,13,54.0,0,7,5,27.0,0,8.1,13.1,,,72.0,228.0,28.29764705882353,7.0,Ohio State,2016.0,2016.0,DAL,4.0,-14.0,0.2413793
2023,1,00-0033077,D.Prescott,QB,DAL,NYG,13,24,143.0,0,0.0,0.0,-0.0,1,6.0,0,0,0,0.0,0,6.32,6.32,,,74.0,238.0,30.29122222222222,7.0,Mississippi State,2016.0,2016.0,DAL,135.0,,
2023,2,00-0033077,D.Prescott,QB,DAL,NYJ,31,38,255.0,2,0.0,1.0,7.0,6,14.0,0,0,0,0.0,0,19.6,19.6,,,74.0,238.0,30.29122222222222,7.0,Mississippi State,2016.0,2016.0,DAL,135.0,20.0,
2023,3,00-0033077,D.Prescott,QB,DAL,ARI,25,40,249.0,1,1.0,2.0,18.0,3,24.0,0,0,0,0.0,0,14.36,14.36,,,74.0,238.0,30.29122222222222,7.0,Mississippi State,2016.0,2016.0,DAL,135.0,,
2023,4,00-0033077,D.Prescott,QB,DAL,NE,28,34,261.0,1,0.0,3.0,28.0,1,-1.0,0,0,0,0.0,0,14.34,14.34,,,74.0,238.0,30.29122222222222,7.0,Mississippi State,2016.0,2016.0,DAL,135.0,35.0,
2023,5,00-0033077,D.Prescott,QB,DAL,SF,14,24,153.0,1,3.0,3.0,13.0,1,2.0,0,0,0,0.0,0,4.32,4.32,,,74.0,238.0,30.29122222222222,7.0,Mississippi State,2016.0,2016.0,DAL,135.0,,
2023,6,00-0033077,D.Prescott,QB,DAL,LAC,21,30,272.0,1,0.0,5.0,26.0,7,40.0,1,0,0,0.0,0,24.88,24.88,,,74.0,238.0,30.29122222222222,7.0,Mississippi State,2016.0,2016.0,DAL,135.0,,
2023,8,00-0033077,D.Prescott,QB,DAL,LA,25,31,304.0,4,1.0,3.0,22.0,4,19.0,0,0,0,0.0,0,28.06,28.06,,,74.0,238.0,30.29122222222222,7.0,Mississippi State,2016.0,2016.0,DAL,135.0,23.0,
2023,9,00-0033077,D.Prescott,QB,DAL,PHI,29,44,374.0,3,0.0,5.0,41.0,6,14.0,0,0,0,0.0,0,28.36,28.36,,,74.0,238.0,30.29122222222222,7.0,Mississippi State,2016.0,2016.0,DAL,135.0,,
2023,10,00-0033077,D.Prescott,QB,DAL,NYG,26,35,404.0,4,1.0,0.0,-0.0,2,17.0,1,0,0,0.0,0,37.86,37.86,,,74.0,238.0,30.29122222222222,7.0,Mississippi State,2016.0,2016.0,DAL,135.0,32.0,
2023,11,00-0033077,D.Prescott,QB,DAL,CAR,25,38,189.0,2,0.0,0.0,-0.0,2,6.0,0,0,0,0.0,0,16.16,16.16,,,74.0,238.0,30.29122222222222,7.0,Mississippi State,2016.0,2016.0,DAL,135.0,,
2023,12,00-0033077,D.Prescott,QB,DAL,WAS,22,32,331.0,4,0.0,0.0,-0.0,1,10.0,0,0,0,0.0,0,32.24,32.24,,,74.0,238.0,30.29122222222222,7.0,Mississippi State,2016.0,2016.0,DAL,135.0,35.0,
2023,13,00-0033077,D.Prescott,QB,DAL,SEA,29,41,299.0,3,0.0,4.0,24.0,7,23.0,0,0,0,0.0,0,28.26,28.26,,,74.0,238.0,30.29122222222222,7.0,Mississippi State,2016.0,2016.0,DAL,135.0,6.0,
2023,14,00-0033077,D.Prescott,QB,DAL,PHI,24,39,271.0,2,0.0,3.0,15.0,3,11.0,0,0,0,0.0,0,17.94,17.94,,,74.0,238.0,30.29122222222222,7.0,Mississippi State,2016.0,2016.0,DAL,135.0,20.0,
2023,15,00-0033077,D.Prescott,QB,DAL,BUF,21,34,134.0,0,1.0,3.0,28.0,4,27.0,0,0,0,0.0,0,6.06,6.06,,,74.0,238.0,30.29122222222222,7.0,Mississippi State,2016.0,2016.0,DAL,135.0,,
2023,16,00-0033077,D.Prescott,QB,DAL,MIA,20,32,253.0,2,0.0,4.0,11.0,5,25.0,0,0,0,0.0,0,18.62,18.62,,,74.0,238.0,30.29122222222222,7.0,Mississippi State,2016.0,2016.0,DAL,135.0,,
2023,17,00-0033077,D.Prescott,QB,DAL,DET,26,38,345.0,2,1.0,3.0,22.0,2,5.0,0,0,0,0.0,0,20.3,20.3,,,74.0,238.0,30.29122222222222,7.0,Mississippi State,2016.0,2016.0,DAL,135.0,1.0,
2023,18,00-0033077,D.Prescott,QB,DAL,WAS,31,36,279.0,4,1.0,0.0,-0.0,0,0.0,0,0,0,0.0,0,25.16,25.16,,,74.0,238.0,30.29122222222222,7.0,Mississippi State,2016.0,2016.0,DAL,135.0,,
2023,19,00-0033077,D.Prescott,QB,DAL,GB,41,60,403.0,3,2.0,4.0,16.0,6,45.0,0,0,0,0.0,0,30.62,30.62,,,74.0,238.0,30.29122222222222,7.0,Mississippi State,2016.0,2016.0,DAL,135.0,-16.0,
2023,1,00-0033090,H.Henry,TE,NE,PHI,0,0,0.0,0,0.0,0.0,0.0,0,0.0,0,6,5,56.0,1,11.6,16.6,,,77.0,250.0,28.919117647058822,7.0,Arkansas,2016.0,2016.0,SD,35.0,-5.0,0.11111111
2023,2,00-0033090,H.Henry,TE,NE,MIA,0,0,0.0,0,0.0,0.0,0.0,0,0.0,0,7,6,52.0,1,11.2,17.2,,,77.0,250.0,28.919117647058822,7.0,Arkansas,2016.0,2016.0,SD,35.0,-7.0,0.16666667
2023,3,00-0033090,H.Henry,TE,NE,NYJ,0,0,0.0,0,0.0,0.0,0.0,0,0.0,0,5,2,17.0,0,1.7,3.7,,,77.0,250.0,28.919117647058822,7.0,Arkansas,2016.0,2016.0,SD,35.0,,0.18518518
2023,4,00-0033090,H.Henry,TE,NE,DAL,0,0,0.0,0,0.0,0.0,0.0,0,0.0,0,5,4,51.0,0,5.1,9.1,,,77.0,250.0,28.919117647058822,7.0,Arkansas,2016.0,2016.0,SD,35.0,,0.1724138
2023,5,00-0033090,H.Henry,TE,NE,NO,0,0,0.0,0,0.0,0.0,0.0,0,0.0,0,2,0,0.0,0,0.0,0.0,,,77.0,250.0,28.919117647058822,7.0,Arkansas,2016.0,2016.0,SD,35.0,-34.0,0.06451613
2023,6,00-0033090,H.Henry,TE,NE,LV,0,0,0.0,0,0.0,0.0,0.0,0,0.0,0,3,1,7.0,0,0.7,1.7,,,77.0,250.0,28.919117647058822,7.0,Arkansas,2016.0,2016.0,SD,35.0,,0.09677419
2023,7,00-0033090,H.Henry,TE,NE,BUF,0,0,0.0,0,0.0,0.0,0.0,0,0.0,0,3,2,27.0,0,2.7,4.7,,,77.0,250.0,28.919117647058822,7.0,Arkansas,2016.0,2016.0,SD,35.0,4.0,0.1
2023,8,00-0033090,H.Henry,TE,NE,MIA,0,0,0.0,0,0.0,0.0,0.0,0,0.0,0,3,3,28.0,0,2.8,5.8,,,77.0,250.0,28.919117647058822,7.0,Arkansas,2016.0,2016.0,SD,35.0,,0.10714286
2023,9,00-0033090,H.Henry,TE,NE,WAS,0,0,0.0,0,0.0,0.0,0.0,0,0.0,0,6,4,39.0,1,9.9,13.9,,,77.0,250.0,28.919117647058822,7.0,Arkansas,2016.0,2016.0,SD,35.0,-3.0,0.13953489
2023,10,00-0033090,H.Henry,TE,NE,IND,0,0,0.0,0,0.0,0.0,0.0,0,0.0,0,5,3,21.0,0,2.1,5.1,,,77.0,250.0,28.919117647058822,7.0,Arkansas,2016.0,2016.0,SD,35.0,-4.0,0.1923077
2023,13,00-0033090,H.Henry,TE,NE,LAC,0,0,0.0,0,0.0,0.0,0.0,0,0.0,0,4,2,15.0,0,1.5,3.5,,,77.0,250.0,28.919117647058822,7.0,Arkansas,2016.0,2016.0,SD,35.0,-6.0,0.16666667
2023,14,00-0033090,H.Henry,TE,NE,PIT,0,0,0.0,0,0.0,0.0,0.0,0,0.0,0,3,3,40.0,2,16.0,19.0,,,77.0,250.0,28.919117647058822,7.0,Arkansas,2016.0,2016.0,SD,35.0,,0.115384616
2023,15,00-0033090,H.Henry,TE,NE,KC,0,0,0.0,0,0.0,0.0,0.0,0,0.0,0,9,7,66.0,1,12.6,19.6,,,77.0,250.0,28.919117647058822,7.0,Arkansas,2016.0,2016.0,SD,35.0,-10.0,0.29032257
2023,1,00-0033106,J.Goff,QB,DET,KC,22,35,253.0,1,0.0,1.0,3.0,5,-1.0,0,0,0,0.0,0,14.02,14.02,,,76.0,223.0,29.098450000000003,7.0,California,2016.0,2016.0,LA,1.0,,
2023,2,00-0033106,J.Goff,QB,DET,SEA,28,35,323.0,3,1.0,2.0,7.0,0,0.0,0,0,0,0.0,0,22.92,22.92,,,76.0,223.0,29.098450000000003,7.0,California,2016.0,2016.0,LA,1.0,-6.0,
2023,3,00-0033106,J.Goff,QB,DET,ATL,22,33,243.0,1,1.0,0.0,-0.0,5,3.0,1,0,0,0.0,0,18.02,18.02,,,76.0,223.0,29.098450000000003,7.0,California,2016.0,2016.0,LA,1.0,14.0,
2023,4,00-0033106,J.Goff,QB,DET,GB,19,28,210.0,1,1.0,2.0,20.0,2,10.0,0,0,0,0.0,0,11.4,11.4,,,76.0,223.0,29.098450000000003,7.0,California,2016.0,2016.0,LA,1.0,,
2023,5,00-0033106,J.Goff,QB,DET,CAR,20,28,236.0,3,0.0,2.0,18.0,2,0.0,1,0,0,0.0,0,27.44,27.44,,,76.0,223.0,29.098450000000003,7.0,California,2016.0,2016.0,LA,1.0,18.0,
2023,6,00-0033106,J.Goff,QB,DET,TB,30,44,353.0,2,0.0,3.0,13.0,2,3.0,0,0,0,0.0,0,22.42,22.42,,,76.0,223.0,29.098450000000003,7.0,California,2016.0,2016.0,LA,1.0,,
2023,7,00-0033106,J.Goff,QB,DET,BAL,33,53,284.0,0,1.0,5.0,31.0,0,0.0,0,0,0,0.0,0,9.36,9.36,,,76.0,223.0,29.098450000000003,7.0,California,2016.0,2016.0,LA,1.0,,
2023,8,00-0033106,J.Goff,QB,DET,LV,26,37,272.0,1,1.0,0.0,-0.0,2,-2.0,0,0,0,0.0,0,12.68,12.68,,,76.0,223.0,29.098450000000003,7.0,California,2016.0,2016.0,LA,1.0,12.0,
2023,10,00-0033106,J.Goff,QB,DET,LAC,23,33,333.0,2,0.0,0.0,-0.0,3,-2.0,0,0,0,0.0,0,21.12,21.12,,,76.0,223.0,29.098450000000003,7.0,California,2016.0,2016.0,LA,1.0,,
2023,11,00-0033106,J.Goff,QB,DET,CHI,23,35,236.0,2,3.0,2.0,13.0,2,3.0,0,0,0,0.0,0,13.74,13.74,,,76.0,223.0,29.098450000000003,7.0,California,2016.0,2016.0,LA,1.0,5.0,
2023,12,00-0033106,J.Goff,QB,DET,GB,29,44,332.0,2,0.0,3.0,8.0,3,9.0,0,0,0,0.0,0,18.18,18.18,,,76.0,223.0,29.098450000000003,7.0,California,2016.0,2016.0,LA,1.0,-7.0,
2023,13,00-0033106,J.Goff,QB,DET,NO,16,25,213.0,2,0.0,1.0,8.0,2,-2.0,0,0,0,0.0,0,16.32,16.32,,,76.0,223.0,29.098450000000003,7.0,California,2016.0,2016.0,LA,1.0,,
2023,14,00-0033106,J.Goff,QB,DET,CHI,20,35,161.0,1,2.0,4.0,34.0,1,0.0,0,0,0,0.0,0,4.44,4.44,,,76.0,223.0,29.098450000000003,7.0,California,2016.0,2016.0,LA,1.0,,
2023,15,00-0033106,J.Goff,QB,DET,DEN,24,34,278.0,5,0.0,2.0,15.0,0,0.0,0,0,0,0.0,0,31.12,31.12,,,76.0,223.0,29.098450000000003,7.0,California,2016.0,2016.0,LA,1.0,25.0,
2023,16,00-0033106,J.Goff,QB,DET,MIN,30,40,257.0,1,0.0,1.0,11.0,3,0.0,0,0,0,0.0,0,14.28,14.28,,,76.0,223.0,29.098450000000003,7.0,California,2016.0,2016.0,LA,1.0,,
2023,17,00-0033106,J.Goff,QB,DET,DAL,19,34,271.0,1,2.0,1.0,7.0,0,0.0,0,0,0,0.0,0,10.84,10.84,,,76.0,223.0,29.098450000000003,7.0,California,2016.0,2016.0,LA,1.0,,
2023,18,00-0033106,J.Goff,QB,DET,MIN,23,32,320.0,2,0.0,1.0,9.0,0,0.0,0,0,0,0.0,0,20.8,20.8,,,76.0,223.0,29.098450000000003,7.0,California,2016.0,2016.0,LA,1.0,10.0,
2023,19,00-0033106,J.Goff,QB,DET,LA,22,27,277.0,1,0.0,3.0,22.0,3,-3.0,0,0,0,0.0,0,14.78,14.78,,,76.0,223.0,29.098450000000003,7.0,California,2016.0,2016.0,LA,1.0,1.0,
2023,20,00-0033106,J.Goff,QB,DET,TB,30,43,287.0,2,0.0,2.0,10.0,6,6.0,0,0,0,0.0,0,20.08,20.08,,,76.0,223.0,29.098450000000003,7.0,California,2016.0,2016.0,LA,1.0,8.0,
2023,21,00-0033106,J.Goff,QB,DET,SF,25,41,273.0,1,0.0,2.0,13.0,0,0.0,0,0,0,0.0,0,14.92,14.92,,,76.0,223.0,29.098450000000003,7.0,California,2016.0,2016.0,LA,1.0,,
2023,1,00-0033110,T.Higbee,TE,LA,SEA,0,0,0.0,0,0.0,0.0,0.0,0,0.0,0,3,3,49.0,0,4.9,7.9,,,78.0,257.0,30.860833333333332,7.0,Western Kentucky,2016.0,2016.0,LA,110.0,,0.08108108
2023,2,00-0033110,T.Higbee,TE,LA,SF,0,0,0.0,0,0.0,0.0,0.0,0,0.0,0,7,3,12.0,0,1.2,4.2,,,78.0,257.0,30.860833333333332,7.0,Western Kentucky,2016.0,2016.0,LA,110.0,-7.0,0.13461539
2023,3,00-0033110,T.Higbee,TE,LA,CIN,0,0,0.0,0,0.0,0.0,0.0,0,0.0,0,5,5,71.0,0,7.1,12.1,,,78.0,257.0,30.860833333333332,7.0,Western Kentucky,2016.0,2016.0,LA,110.0,,0.15625
2023,4,00-0033110,T.Higbee,TE,LA,IND,0,0,0.0,0,0.0,0.0,0.0,0,0.0,0,11,5,64.0,0,6.4,11.4,,,78.0,257.0,30.860833333333332,7.0,Western Kentucky,2016.0,2016.0,LA,110.0,,0.2820513
2023,5,00-0033110,T.Higbee,TE,LA,PHI,0,0,0.0,0,0.0,0.0,0.0,0,0.0,0,3,2,20.0,0,2.0,4.0,,,78.0,257.0,30.860833333333332,7.0,Western Kentucky,2016.0,2016.0,LA,110.0,-9.0,0.0882353
2023,6,00-0033110,T.Higbee,TE,LA,ARI,0,0,0.0,0,0.0,0.0,0.0,0,0.0,0,3,2,18.0,0,1.8,3.8,,,78.0,257.0,30.860833333333332,7.0,Western Kentucky,2016.0,2016.0,LA,110.0,17.0,0.14285715
2023,7,00-0033110,T.Higbee,TE,LA,PIT,0,0,0.0,0,0.0,0.0,0.0,0,0.0,0,3,1,7.0,0,0.7,1.7,,,78.0,257.0,30.860833333333332,7.0,Western Kentucky,2016.0,2016.0,LA,110.0,-7.0,0.11111111
2023,8,00-0033110,T.Higbee,TE,LA,DAL,0,0,0.0,0,0.0,0.0,0.0,0,0.0,0,7,5,45.0,0,4.5,9.5,,,78.0,257.0,30.860833333333332,7.0,Western Kentucky,2016.0,2016.0,LA,110.0,,0.21875
2023,9,00-0033110,T.Higbee,TE,LA,GB,0,0,0.0,0,0.0,0.0,0.0,0,0.0,0,1,0,0.0,0,0.0,0.0,,,78.0,257.0,30.860833333333332,7.0,Western Kentucky,2016.0,2016.0,LA,110.0,,0.037037037
2023,11,00-0033110,T.Higbee,TE,LA,SEA,0,0,0.0,0,0.0,0.0,0.0,0,0.0,0,3,1,17.0,0,1.7,2.7,,,78.0,257.0,30.860833333333332,7.0,Western Kentucky,2016.0,2016.0,LA,110.0,1.0,0.10344828
2023,12,00-0033110,T.Higbee,TE,LA,ARI,0,0,0.0,0,0.0,0.0,0.0,0,0.0,0,5,5,29.0,2,14.9,19.9,,,78.0,257.0,30.860833333333332,7.0,Western Kentucky,2016.0,2016.0,LA,110.0,,0.16129032
2023,13,00-0033110,T.Higbee,TE,LA,CLE,0,0,0.0,0,0.0,0.0,0.0,0,0.0,0,4,2,35.0,0,3.5,5.5,,,78.0,257.0,30.860833333333332,7.0,Western Kentucky,2016.0,2016.0,LA,110.0,17.0,0.11764706
2023,15,00-0033110,T.Higbee,TE,LA,WAS,0,0,0.0,0,0.0,0.0,0.0,0,0.0,0,5,4,36.0,0,3.6,7.6,,,78.0,257.0,30.860833333333332,7.0,Western Kentucky,2016.0,2016.0,LA,110.0,8.0,0.15625
2023,16,00-0033110,T.Higbee,TE,LA,NO,0,0,0.0,0,0.0,0.0,0.0,0,0.0,0,3,3,30.0,0,3.0,6.0,,,78.0,257.0,30.860833333333332,7.0,Western Kentucky,2016.0,2016.0,LA,110.0,8.0,0.09375
2023,17,00-0033110,T.Higbee,TE,LA,NYG,0,0,0.0,0,0.0,0.0,0.0,0,0.0,0,7,6,62.0,0,6.2,12.2,,,78.0,257.0,30.860833333333332,7.0,Western Kentucky,2016.0,2016.0,LA,110.0,,0.20588236
2023,19,00-0033110,T.Higbee,TE,LA,DET,0,0,0.0,0,0.0,0.0,0.0,0,0.0,0,1,0,0.0,0,0.0,0.0,,,78.0,257.0,30.860833333333332,7.0,Western Kentucky,2016.0,2016.0,LA,110.0,,0.029411765
2023,3,00-0033118,K.Drake,RB,BAL,IND,0,0,0.0,0,0.0,0.0,0.0,1,0.0,0,3,2,31.0,0,1.1,3.1,,,73.0,211.0,29.8161875,7.0,Alabama,2016.0,2016.0,MIA,73.0,-3.0,0.1
2023,15,00-0033118,K.Drake,RB,GB,TB,0,0,0.0,0,0.0,0.0,0.0,1,0.0,0,0,0,0.0,0,0.0,0.0,,,73.0,211.0,29.8161875,7.0,Alabama,2016.0,2016.0,MIA,73.0,-14.0,
2023,15,00-0033119,J.Brissett,QB,WAS,LA,8,10,124.0,2,0.0,0.0,-0.0,2,9.0,0,0,0,0.0,0,13.86,13.86,,,76.0,235.0,30.903,7.0,North Carolina State,2016.0,2016.0,NE,91.0,,
2023,16,00-0033119,J.Brissett,QB,WAS,NYJ,10,13,100.0,1,0.0,0.0,-0.0,1,10.0,0,0,0,0.0,0,9.0,9.0,,,76.0,235.0,30.903,7.0,North Carolina State,2016.0,2016.0,NE,91.0,,
2023,1,00-0033217,M.Alie-Cox,TE,IND,JAX,0,0,0.0,0,0.0,0.0,0.0,0,0.0,0,2,0,0.0,0,0.0,0.0,,,77.0,267.0,30.134823529411765,6.0,Virginia Commonwealth,2017.0,2017.0,,,-10.0,0.051282052
2023,2,00-0033217,M.Alie-Cox,TE,IND,HOU,0,0,0.0,0,0.0,0.0,0.0,0,0.0,0,1,1,15.0,0,1.5,2.5,,,77.0,267.0,30.134823529411765,6.0,Virginia Commonwealth,2017.0,2017.0,,,,0.032258064
2023,4,00-0033217,M.Alie-Cox,TE,IND,LA,0,0,0.0,0,0.0,0.0,0.0,0,0.0,0,1,1,35.0,1,9.5,10.5,,,77.0,267.0,30.134823529411765,6.0,Virginia Commonwealth,2017.0,2017.0,,,-6.0,0.041666668
2023,5,00-0033217,M.Alie-Cox,TE,IND,TEN,0,0,0.0,0,0.0,0.0,0.0,0,0.0,0,1,1,17.0,0,1.7,2.7,,,77.0,267.0,30.134823529411765,6.0,Virginia Commonwealth,2017.0,2017.0,,,7.0,0.041666668
2023,7,00-0033217,M.Alie-Cox,TE,IND,CLE,0,0,0.0,0,0.0,0.0,0.0,0,0.0,0,1,1,-6.0,0,-0.6,0.4,,,77.0,267.0,30.134823529411765,6.0,Virginia Commonwealth,2017.0,2017.0,,,-1.0,0.045454547
2023,8,00-0033217,M.Alie-Cox,TE,IND,NO,0,0,0.0,0,0.0,0.0,0.0,0,0.0,0,2,1,11.0,0,1.1,2.1,,,77.0,267.0,30.134823529411765,6.0,Virginia Commonwealth,2017.0,2017.0,,,-11.0,0.05263158
2023,10,00-0033217,M.Alie-Cox,TE,IND,NE,0,0,0.0,0,0.0,0.0,0.0,0,0.0,0,1,0,0.0,0,0.0,0.0,,,77.0,267.0,30.134823529411765,6.0,Virginia Commonwealth,2017.0,2017.0,,,,0.03846154
2023,12,00-0033217,M.Alie-Cox,TE,IND,TB,0,0,0.0,0,0.0,0.0,0.0,0,0.0,0,1,1,30.0,0,3.0,4.0,,,77.0,267.0,30.134823529411765,6.0,Virginia Commonwealth,2017.0,2017.0,,,7.0,0.025
2023,14,00-0033217,M.Alie-Cox,TE,IND,CIN,0,0,0.0,0,0.0,0.0,0.0,0,0.0,0,1,1,2.0,1,6.2,7.2,,,77.0,267.0,30.134823529411765,6.0,Virginia Commonwealth,2017.0,2017.0,,,,0.02631579
2023,15,00-0033217,M.Alie-Cox,TE,IND,PIT,0,0,0.0,0,0.0,0.0,0.0,0,0.0,0,3,2,21.0,1,8.1,10.1,,,77.0,267.0,30.134823529411765,6.0,Virginia Commonwealth,2017.0,2017.0,,,17.0,0.11111111
2023,16,00-0033217,M.Alie-Cox,TE,IND,ATL,0,0,0.0,0,0.0,0.0,0.0,0,0.0,0,1,0,0.0,0,0.0,0.0,,,77.0,267.0,30.134823529411765,6.0,Virginia Commonwealth,2017.0,2017.0,,,,0.028571429
2023,17,00-0033217,M.Alie-Cox,TE,IND,LV,0,0,0.0,0,0.0,0.0,0.0,0,0.0,0,3,2,18.0,0,1.8,3.8,,,77.0,267.0,30.134823529411765,6.0,Virginia Commonwealth,2017.0,2017.0,,,3.0,0.15
2023,18,00-0033217,M.Alie-Cox,TE,IND,HOU,0,0,0.0,0,0.0,0.0,0.0,0,0.0,0,4,2,18.0,0,3.8,5.8,,,77.0,267.0,30.134823529411765,6.0,Virginia Commonwealth,2017.0,2017.0,,,-4.0,0.17391305
2023,5,00-0033246,J.Mundt,TE,MIN,KC,0,0,0.0,0,0.0,0.0,0.0,0,0.0,0,1,1,11.0,0,1.1,2.1,,,76.0,232.0,28.95529411764706,6.0,Oregon,2017.0,2017.0,,,-7.0,0.02173913
2023,8,00-0033246,J.Mundt,TE,MIN,GB,0,0,0.0,0,0.0,0.0,0.0,0,0.0,0,1,1,8.0,0,0.8,1.8,,,76.0,232.0,28.95529411764706,6.0,Oregon,2017.0,2017.0,,,,0.029411765
2023,9,00-0033246,J.Mundt,TE,MIN,ATL,0,0,0.0,0,0.0,0.0,0.0,0,0.0,0,1,1,18.0,0,1.8,2.8,,,76.0,232.0,28.95529411764706,6.0,Oregon,2017.0,2017.0,,,,0.028571429
2023,10,00-0033246,J.Mundt,TE,MIN,NO,0,0,0.0,0,0.0,0.0,0.0,0,0.0,0,2,2,8.0,0,0.8,2.8,,,76.0,232.0,28.95529411764706,6.0,Oregon,2017.0,2017.0,,,8.0,0.0625
2023,14,00-0033246,J.Mundt,TE,MIN,LV,0,0,0.0,0,0.0,0.0,0.0,0,0.0,0,1,1,4.0,0,0.4,1.4,,,76.0,232.0,28.95529411764706,6.0,Oregon,2017.0,2017.0,,,,0.030303031
2023,15,00-0033246,J.Mundt,TE,MIN,CIN,0,0,0.0,0,0.0,0.0,0.0,0,0.0,0,1,1,3.0,0,0.3,1.3,,,76.0,232.0,28.95529411764706,6.0,Oregon,2017.0,2017.0,,,,0.03125
2023,16,00-0033246,J.Mundt,TE,MIN,DET,0,0,0.0,0,0.0,0.0,0.0,0,0.0,0,3,1,23.0,0,2.3,3.3,,,76.0,232.0,28.95529411764706,6.0,Oregon,2017.0,2017.0,,,-6.0,0.08571429
2023,17,00-0033246,J.Mundt,TE,MIN,GB,0,0,0.0,0,0.0,0.0,0.0,0,0.0,0,7,4,39.0,1,9.9,13.9,,,76.0,232.0,28.95529411764706,6.0,Oregon,2017.0,2017.0,,,-23.0,0.22580644
2023,18,00-0033246,J.Mundt,TE,MIN,DET,0,0,0.0,0,0.0,0.0,0.0,0,0.0,0,6,5,58.0,0,5.8,10.8,,,76.0,232.0,28.95529411764706,6.0,Oregon,2017.0,2017.0,,,,0.13953489
2023,1,00-0033251,Z.Pascal,WR,ARI,WAS,0,0,0.0,0,0.0,0.0,0.0,0,0.0,0,1,0,0.0,0,0.0,0.0,,,74.0,214.0,28.886117647058825,6.0,Old Dominion,2017.0,2017.0,,,,0.033333335
2023,2,00-0033251,Z.Pascal,WR,ARI,NYG,0,0,0.0,0,0.0,0.0,0.0,0,0.0,0,1,1,9.0,0,0.9,1.9,,,74.0,214.0,28.886117647058825,6.0,Old Dominion,2017.0,2017.0,,,-3.0,0.03448276
2023,4,00-0033251,Z.Pascal,WR,ARI,SF,0,0,0.0,0,0.0,0.0,0.0,0,0.0,0,4,3,10.0,0,1.0,4.0,,,74.0,214.0,28.886117647058825,6.0,Old Dominion,2017.0,2017.0,,,,0.09756097
2023,5,00-0033251,Z.Pascal,WR,ARI,CIN,0,0,0.0,0,0.0,0.0,0.0,0,0.0,0,1,0,0.0,0,0.0,0.0,,,74.0,214.0,28.886117647058825,6.0,Old Dominion,2017.0,2017.0,,,-14.0,0.033333335
2023,6,00-0033251,Z.Pascal,WR,ARI,LA,0,0,0.0,0,0.0,0.0,0.0,0,0.0,0,1,0,0.0,0,0.0,0.0,,,74.0,214.0,28.886117647058825,6.0,Old Dominion,2017.0,2017.0,,,,0.02631579
2023,8,00-0033251,Z.Pascal,WR,ARI,BAL,0,0,0.0,0,0.0,0.0,0.0,0,0.0,0,1,0,0.0,0,0.0,0.0,,,74.0,214.0,28.886117647058825,6.0,Old Dominion,2017.0,2017.0,,,-7.0,0.027777778
2023,9,00-0033251,Z.Pascal,WR,ARI,CLE,0,0,0.0,0,0.0,0.0,0.0,0,0.0,0,1,0,0.0,0,0.0,0.0,,,74.0,214.0,28.886117647058825,6.0,Old Dominion,2017.0,2017.0,,,,0.05
2023,10,00-0033251,Z.Pascal,WR,ARI,ATL,0,0,0.0,0,0.0,0.0,0.0,0,0.0,0,1,0,0.0,0,0.0,0.0,,,74.0,214.0,28.886117647058825,6.0,Old Dominion,2017.0,2017.0,,,2.0,0.032258064
2023,15,00-0033251,Z.Pascal,WR,ARI,SF,0,0,0.0,0,0.0,0.0,0.0,0,0.0,0,4,0,0.0,0,0.0,0.0,,,74.0,214.0,28.886117647058825,6.0,Old Dominion,2017.0,2017.0,,,-16.0,0.10526316
2023,6,00-0033275,P.Walker,QB,CLE,SF,18,34,192.0,0,2.0,2.0,18.0,3,1.0,0,0,0,0.0,0,3.78,3.78,,,71.0,212.0,28.714,6.0,Temple,2017.0,2017.0,,,2.0,
2023,7,00-0033275,P.Walker,QB,CLE,IND,15,32,178.0,0,1.0,2.0,17.0,3,3.0,0,0,0,0.0,0,5.42,5.42,,,71.0,212.0,28.714,6.0,Temple,2017.0,2017.0,,,,
2023,8,00-0033275,P.Walker,QB,CLE,SEA,15,31,248.0,1,2.0,3.0,27.0,6,27.0,0,0,0,0.0,0,10.62,10.62,,,71.0,212.0,28.714,6.0,Temple,2017.0,2017.0,,,,
2023,10,00-0033275,P.Walker,QB,CLE,BAL,0,1,0.0,0,0.0,0.0,-0.0,0,0.0,0,0,0,0.0,0,0.0,0.0,,,71.0,212.0,28.714,6.0,Temple,2017.0,2017.0,,,,
2023,12,00-0033275,P.Walker,QB,CLE,DEN,6,13,56.0,0,0.0,4.0,28.0,1,-1.0,0,0,0,0.0,0,0.14,0.14,,,71.0,212.0,28.714,6.0,Temple,2017.0,2017.0,,,,
2023,1,00-0033280,C.McCaffrey,RB,SF,PIT,0,0,0.0,0,0.0,0.0,0.0,22,152.0,1,5,3,17.0,0,22.9,25.9,,,71.0,205.0,27.4548,6.0,Stanford,2017.0,2017.0,CAR,8.0,,0.17857143
2023,2,00-0033280,C.McCaffrey,RB,SF,LA,0,0,0.0,0,0.0,0.0,0.0,20,116.0,1,3,3,19.0,0,19.5,22.5,,,71.0,205.0,27.4548,6.0,Stanford,2017.0,2017.0,CAR,8.0,,0.125
2023,3,00-0033280,C.McCaffrey,RB,SF,NYG,0,0,0.0,0,0.0,0.0,0.0,18,85.0,1,5,5,34.0,0,17.9,22.9,,,71.0,205.0,27.4548,6.0,Stanford,2017.0,2017.0,CAR,8.0,18.0,0.14705883
2023,4,00-0033280,C.McCaffrey,RB,SF,ARI,0,0,0.0,0,0.0,0.0,0.0,20,106.0,3,8,7,71.0,1,41.7,48.7,,,71.0,205.0,27.4548,6.0,Stanford,2017.0,2017.0,CAR,8.0,19.0,0.3809524
2023,5,00-0033280,C.McCaffrey,RB,SF,DAL,0,0,0.0,0,0.0,0.0,0.0,19,51.0,1,3,2,27.0,0,11.8,13.8,,,71.0,205.0,27.4548,6.0,Stanford,2017.0,2017.0,CAR,8.0,32.0,0.12
2023,6,00-0033280,C.McCaffrey,RB,SF,CLE,0,0,0.0,0,0.0,0.0,0.0,11,43.0,0,3,3,9.0,1,11.2,14.2,,,71.0,205.0,27.4548,6.0,Stanford,2017.0,2017.0,CAR,8.0,,0.125
2023,7,00-0033280,C.McCaffrey,RB,SF,MIN,0,0,0.0,0,0.0,0.0,0.0,15,45.0,1,3,3,51.0,1,19.6,22.6,,,71.0,205.0,27.4548,6.0,Stanford,2017.0,2017.0,CAR,8.0,,0.10344828
2023,8,00-0033280,C.McCaffrey,RB,SF,CIN,0,0,0.0,0,0.0,0.0,0.0,12,54.0,1,7,6,64.0,1,23.8,29.8,,,71.0,205.0,27.4548,6.0,Stanford,2017.0,2017.0,CAR,8.0,-14.0,0.23333333
2023,10,00-0033280,C.McCaffrey,RB,SF,JAX,0,0,0.0,0,0.0,0.0,0.0,16,95.0,0,10,6,47.0,0,14.2,20.2,,,71.0,205.0,27.4548,6.0,Stanford,2017.0,2017.0,CAR,8.0,,0.37037036
2023,11,00-0033280,C.McCaffrey,RB,SF,TB,0,0,0.0,0,0.0,0.0,0.0,21,78.0,0,5,5,25.0,1,16.3,21.3,,,71.0,205.0,27.4548,6.0,Stanford,2017.0,2017.0,CAR,8.0,13.0,0.2
2023,12,00-0033280,C.McCaffrey,RB,SF,SEA,0,0,0.0,0,0.0,0.0,0.0,19,114.0,2,6,5,25.0,0,25.9,30.9,,,71.0,205.0,27.4548,6.0,Stanford,2017.0,2017.0,CAR,8.0,,0.2
2023,13,00-0033280,C.McCaffrey,RB,SF,PHI,0,0,0.0,0,0.0,0.0,0.0,17,93.0,1,4,3,40.0,0,19.3,22.3,,,71.0,205.0,27.4548,6.0,Stanford,2017.0,2017.0,CAR,8.0,,0.16
2023,14,00-0033280,C.McCaffrey,RB,SF,SEA,0,0,0.0,0,0.0,0.0,0.0,16,145.0,0,1,1,8.0,0,15.3,16.3,,,71.0,205.0,27.4548,6.0,Stanford,2017.0,2017.0,CAR,8.0,12.0,0.037037037
2023,15,00-0033280,C.McCaffrey,RB,SF,ARI,0,0,0.0,0,0.0,0.0,0.0,18,115.0,1,5,5,72.0,2,36.7,41.7,,,71.0,205.0,27.4548,6.0,Stanford,2017.0,2017.0,CAR,8.0,,0.1923077
2023,16,00-0033280,C.McCaffrey,RB,SF,BAL,0,0,0.0,0,0.0,0.0,0.0,14,103.0,1,10,6,28.0,0,19.1,25.1,,,71.0,205.0,27.4548,6.0,Stanford,2017.0,2017.0,CAR,8.0,-14.0,0.22727273
2023,17,00-0033280,C.McCaffrey,RB,SF,WAS,0,0,0.0,0,0.0,0.0,0.0,14,64.0,0,5,4,27.0,0,9.1,13.1,,,71.0,205.0,27.4548,6.0,Stanford,2017.0,2017.0,CAR,8.0,,0.18518518
2023,20,00-0033280,C.McCaffrey,RB,SF,GB,0,0,0.0,0,0.0,0.0,0.0,17,98.0,2,12,7,30.0,0,24.8,31.8,,,71.0,205.0,27.4548,6.0,Stanford,2017.0,2017.0,CAR,8.0,3.0,0.33333334
2023,21,00-0033280,C.McCaffrey,RB,SF,DET,0,0,0.0,0,0.0,0.0,0.0,20,90.0,2,5,4,42.0,0,25.2,29.2,,,71.0,205.0,27.4548,6.0,Stanford,2017.0,2017.0,CAR,8.0,3.0,0.16666667
2023,22,00-0033280,C.McCaffrey,RB,SF,KC,0,0,0.0,0,0.0,0.0,0.0,22,80.0,0,8,8,80.0,1,20.0,28.0,,,71.0,205.0,27.4548,6.0,Stanford,2017.0,2017.0,CAR,8.0,,0.21621622
2023,1,00-0033282,C.Samuel,WR,WAS,ARI,0,0,0.0,0,0.0,0.0,0.0,1,6.0,0,5,5,54.0,0,6.0,11.0,,,71.0,195.0,27.237,6.0,Ohio State,2017.0,2017.0,CAR,40.0,4.0,0.1724138
2023,2,00-0033282,C.Samuel,WR,WAS,DEN,0,0,0.0,0,0.0,0.0,0.0,1,13.0,0,3,3,19.0,0,3.2,6.2,,,71.0,195.0,27.237,6.0,Ohio State,2017.0,2017.0,CAR,40.0,,0.0882353
2023,3,00-0033282,C.Samuel,WR,WAS,BUF,0,0,0.0,0,0.0,0.0,0.0,0,0.0,0,4,2,54.0,0,5.4,7.4,,,71.0,195.0,27.237,6.0,Ohio State,2017.0,2017.0,CAR,40.0,-34.0,0.13793103
2023,4,00-0033282,C.Samuel,WR,WAS,PHI,0,0,0.0,0,0.0,0.0,0.0,1,1.0,1,8,7,51.0,0,11.2,18.2,,,71.0,195.0,27.237,6.0,Ohio State,2017.0,2017.0,CAR,40.0,,0.20512821
2023,5,00-0033282,C.Samuel,WR,WAS,CHI,0,0,0.0,0,0.0,0.0,0.0,0,0.0,0,7,6,65.0,1,12.5,18.5,,,71.0,195.0,27.237,6.0,Ohio State,2017.0,2017.0,CAR,40.0,-20.0,0.14583333
2023,6,00-0033282,C.Samuel,WR,WAS,ATL,0,0,0.0,0,0.0,0.0,0.0,1,0.0,0,4,4,42.0,1,10.2,14.2,,,71.0,195.0,27.237,6.0,Ohio State,2017.0,2017.0,CAR,40.0,,0.1904762
2023,7,00-0033282,C.Samuel,WR,WAS,NYG,0,0,0.0,0,0.0,0.0,0.0,0,0.0,0,8,4,25.0,0,2.5,6.5,,,71.0,195.0,27.237,6.0,Ohio State,2017.0,2017.0,CAR,40.0,,0.22222222
2023,8,00-0033282,C.Samuel,WR,WAS,PHI,0,0,0.0,0,0.0,0.0,0.0,0,0.0,0,4,4,22.0,0,2.2,6.2,,,71.0,195.0,27.237,6.0,Ohio State,2017.0,2017.0,CAR,40.0,-7.0,0.078431375
2023,10,00-0033282,C.Samuel,WR,WAS,SEA,0,0,0.0,0,0.0,0.0,0.0,0,0.0,0,6,2,6.0,0,0.6,2.6,,,71.0,195.0,27.237,6.0,Ohio State,2017.0,2017.0,CAR,40.0,,0.14285715
2023,11,00-0033282,C.Samuel,WR,WAS,NYG,0,0,0.0,0,0.0,0.0,0.0,0,0.0,0,2,1,5.0,0,0.5,1.5,,,71.0,195.0,27.237,6.0,Ohio State,2017.0,2017.0,CAR,40.0,-12.0,0.04761905
2023,12,00-0033282,C.Samuel,WR,WAS,DAL,0,0,0.0,0,0.0,0.0,0.0,0,0.0,0,12,9,100.0,0,10.0,19.0,,,71.0,195.0,27.237,6.0,Ohio State,2017.0,2017.0,CAR,40.0,,0.27272728
2023,13,00-0033282,C.Samuel,WR,WAS,MIA,0,0,0.0,0,0.0,0.0,0.0,0,0.0,0,5,4,65.0,0,6.5,10.5,,,71.0,195.0,27.237,6.0,Ohio State,2017.0,2017.0,CAR,40.0,-30.0,0.22727273
2023,15,00-0033282,C.Samuel,WR,WAS,LA,0,0,0.0,0,0.0,0.0,0.0,0,0.0,0,9,5,41.0,2,16.1,21.1,,,71.0,195.0,27.237,6.0,Ohio State,2017.0,2017.0,CAR,40.0,,0.2647059
2023,16,00-0033282,C.Samuel,WR,WAS,NYJ,0,0,0.0,0,0.0,0.0,0.0,2,4.0,0,6,1,16.0,0,2.0,3.0,,,71.0,195.0,27.237,6.0,Ohio State,2017.0,2017.0,CAR,40.0,,0.1875
2023,17,00-0033282,C.Samuel,WR,WAS,SF,0,0,0.0,0,0.0,0.0,0.0,0,0.0,0,4,3,33.0,0,3.3,6.3,,,71.0,195.0,27.237,6.0,Ohio State,2017.0,2017.0,CAR,40.0,-17.0,0.15384616
2023,18,00-0033282,C.Samuel,WR,WAS,DAL,0,0,0.0,0,0.0,0.0,0.0,1,15.0,0,4,2,15.0,0,3.0,5.0,,,71.0,195.0,27.237,6.0,Ohio State,2017.0,2017.0,CAR,40.0,-28.0,0.14285715
2023,1,00-0033288,G.Kittle,TE,SF,PIT,0,0,0.0,0,0.0,0.0,0.0,0,0.0,0,6,3,19.0,0,1.9,4.9,,,76.0,250.0,30.115949999999998,6.0,Iowa,2017.0,2017.0,SF,146.0,,0.21428572
2023,2,00-0033288,G.Kittle,TE,SF,LA,0,0,0.0,0,0.0,0.0,0.0,0,0.0,0,3,3,30.0,0,3.0,6.0,,,76.0,250.0,30.115949999999998,6.0,Iowa,2017.0,2017.0,SF,146.0,,0.125
2023,3,00-0033288,G.Kittle,TE,SF,NYG,0,0,0.0,0,0.0,0.0,0.0,0,0.0,0,9,7,90.0,0,9.0,16.0,,,76.0,250.0,30.115949999999998,6.0,Iowa,2017.0,2017.0,SF,146.0,18.0,0.2647059
2023,4,00-0033288,G.Kittle,TE,SF,ARI,0,0,0.0,0,0.0,0.0,0.0,0,0.0,0,1,1,9.0,0,0.9,1.9,,,76.0,250.0,30.115949999999998,6.0,Iowa,2017.0,2017.0,SF,146.0,19.0,0.04761905
2023,5,00-0033288,G.Kittle,TE,SF,DAL,0,0,0.0,0,0.0,0.0,0.0,0,0.0,0,4,3,67.0,3,24.7,27.7,,,76.0,250.0,30.115949999999998,6.0,Iowa,2017.0,2017.0,SF,146.0,32.0,0.16
2023,6,00-0033288,G.Kittle,TE,SF,CLE,0,0,0.0,0,0.0,0.0,0.0,0,0.0,0,2,1,1.0,0,0.1,1.1,,,76.0,250.0,30.115949999999998,6.0,Iowa,2017.0,2017.0,SF,146.0,,0.083333336
2023,7,00-0033288,G.Kittle,TE,SF,MIN,0,0,0.0,0,0.0,0.0,0.0,1,2.0,0,7,5,78.0,0,8.0,13.0,,,76.0,250.0,30.115949999999998,6.0,Iowa,2017.0,2017.0,SF,146.0,,0.2413793
2023,8,00-0033288,G.Kittle,TE,SF,CIN,0,0,0.0,0,0.0,0.0,0.0,0,0.0,0,11,9,149.0,0,14.9,23.9,,,76.0,250.0,30.115949999999998,6.0,Iowa,2017.0,2017.0,SF,146.0,-14.0,0.36666667
2023,10,00-0033288,G.Kittle,TE,SF,JAX,0,0,0.0,0,0.0,0.0,0.0,0,0.0,0,4,3,116.0,1,17.6,20.6,,,76.0,250.0,30.115949999999998,6.0,Iowa,2017.0,2017.0,SF,146.0,,0.14814815
2023,11,00-0033288,G.Kittle,TE,SF,TB,0,0,0.0,0,0.0,0.0,0.0,0,0.0,0,9,8,89.0,1,14.9,22.9,,,76.0,250.0,30.115949999999998,6.0,Iowa,2017.0,2017.0,SF,146.0,13.0,0.36
2023,12,00-0033288,G.Kittle,TE,SF,SEA,0,0,0.0,0,0.0,0.0,0.0,0,0.0,0,5,3,19.0,0,1.9,4.9,,,76.0,250.0,30.115949999999998,6.0,Iowa,2017.0,2017.0,SF,146.0,,0.16666667
2023,13,00-0033288,G.Kittle,TE,SF,PHI,0,0,0.0,0,0.0,0.0,0.0,0,0.0,0,6,4,68.0,0,6.8,10.8,,,76.0,250.0,30.115949999999998,6.0,Iowa,2017.0,2017.0,SF,146.0,,0.24
2023,14,00-0033288,G.Kittle,TE,SF,SEA,0,0,0.0,0,0.0,0.0,0.0,0,0.0,0,5,3,76.0,1,13.6,16.6,,,76.0,250.0,30.115949999999998,6.0,Iowa,2017.0,2017.0,SF,146.0,12.0,0.18518518
2023,15,00-0033288,G.Kittle,TE,SF,ARI,0,0,0.0,0,0.0,0.0,0.0,0,0.0,0,4,2,54.0,0,5.4,7.4,,,76.0,250.0,30.115949999999998,6.0,Iowa,2017.0,2017.0,SF,146.0,,0.15384616
2023,16,00-0033288,G.Kittle,TE,SF,BAL,0,0,0.0,0,0.0,0.0,0.0,0,0.0,0,10,7,126.0,0,12.6,19.6,,,76.0,250.0,30.115949999999998,6.0,Iowa,2017.0,2017.0,SF,146.0,-14.0,0.22727273
2023,17,00-0033288,G.Kittle,TE,SF,WAS,0,0,0.0,0,0.0,0.0,0.0,0,0.0,0,4,3,29.0,0,2.9,5.9,,,76.0,250.0,30.115949999999998,6.0,Iowa,2017.0,2017.0,SF,146.0,,0.14814815
2023,20,00-0033288,G.Kittle,TE,SF,GB,0,0,0.0,0,0.0,0.0,0.0,0,0.0,0,7,4,81.0,1,14.1,18.1,,,76.0,250.0,30.115949999999998,6.0,Iowa,2017.0,2017.0,SF,146.0,3.0,0.19444445
2023,21,00-0033288,G.Kittle,TE,SF,DET,0,0,0.0,0,0.0,0.0,0.0,0,0.0,0,3,2,27.0,0,2.7,4.7,,,76.0,250.0,30.115949999999998,6.0,Iowa,2017.0,2017.0,SF,146.0,3.0,0.1
2023,22,00-0033288,G.Kittle,TE,SF,KC,0,0,0.0,0,0.0,0.0,0.0,0,0.0,0,3,2,4.0,0,0.4,2.4,,,76.0,250.0,30.115949999999998,6.0,Iowa,2017.0,2017.0,SF,146.0,,0.08108108
2023,6,00-0033292,T.Taylor,WR,CHI,MIN,0,0,0.0,0,0.0,0.0,0.0,0,0.0,0,1,0,0.0,0,0.0,0.0,,,68.0,181.0,29.52164705882353,6.0,Louisiana Tech,2017.0,2017.0,SF,177.0,-6.0,0.041666668
2023,8,00-0033292,T.Taylor,WR,CHI,LAC,0,0,0.0,0,0.0,0.0,0.0,1,-2.0,0,0,0,0.0,0,-0.2,-0.2,,,68.0,181.0,29.52164705882353,6.0,Louisiana Tech,2017.0,2017.0,SF,177.0,,
2023,12,00-0033292,T.Taylor,WR,CHI,MIN,0,0,0.0,0,0.0,0.0,0.0,0,0.0,0,1,0,0.0,0,0.0,0.0,,,68.0,181.0,29.52164705882353,6.0,Louisiana Tech,2017.0,2017.0,SF,177.0,,0.03125
2023,1,00-0033293,A.Jones,RB,GB,CHI,0,0,0.0,0,0.0,0.0,0.0,9,41.0,1,4,2,86.0,1,24.7,26.7,,,69.0,208.0,28.957894736842107,6.0,Texas-El Paso,2017.0,2017.0,GB,182.0,,0.14814815
2023,4,00-0033293,A.Jones,RB,GB,DET,0,0,0.0,0,0.0,0.0,0.0,5,18.0,0,2,1,-4.0,0,1.4,2.4,,,69.0,208.0,28.957894736842107,6.0,Texas-El Paso,2017.0,2017.0,GB,182.0,-14.0,0.05882353
2023,7,00-0033293,A.Jones,RB,GB,DEN,0,0,0.0,0,0.0,0.0,0.0,8,35.0,0,5,3,22.0,0,5.7,8.7,,,69.0,208.0,28.957894736842107,6.0,Texas-El Paso,2017.0,2017.0,GB,182.0,,0.15625
2023,8,00-0033293,A.Jones,RB,GB,MIN,0,0,0.0,0,0.0,0.0,0.0,7,29.0,0,5,4,17.0,0,4.6,8.6,,,69.0,208.0,28.957894736842107,6.0,Texas-El Paso,2017.0,2017.0,GB,182.0,-14.0,0.125
2023,9,00-0033293,A.Jones,RB,GB,LA,0,0,0.0,0,0.0,0.0,0.0,20,73.0,1,6,4,26.0,0,13.9,17.9,,,69.0,208.0,28.957894736842107,6.0,Texas-El Paso,2017.0,2017.0,GB,182.0,17.0,0.24
2023,10,00-0033293,A.Jones,RB,GB,PIT,0,0,0.0,0,0.0,0.0,0.0,13,35.0,0,6,4,19.0,0,5.4,9.4,,,69.0,208.0,28.957894736842107,6.0,Texas-El Paso,2017.0,2017.0,GB,182.0,,0.16216215
2023,11,00-0033293,A.Jones,RB,GB,LAC,0,0,0.0,0,0.0,0.0,0.0,4,14.0,0,2,1,3.0,0,1.7,2.7,,,69.0,208.0,28.957894736842107,6.0,Texas-El Paso,2017.0,2017.0,GB,182.0,3.0,0.05263158
2023,15,00-0033293,A.Jones,RB,GB,TB,0,0,0.0,0,0.0,0.0,0.0,13,53.0,0,4,4,16.0,0,6.9,10.9,,,69.0,208.0,28.957894736842107,6.0,Texas-El Paso,2017.0,2017.0,GB,182.0,-14.0,0.11111111
2023,16,00-0033293,A.Jones,RB,GB,CAR,0,0,0.0,0,0.0,0.0,0.0,21,127.0,0,3,1,8.0,0,13.5,14.5,,,69.0,208.0,28.957894736842107,6.0,Texas-El Paso,2017.0,2017.0,GB,182.0,,0.115384616
2023,17,00-0033293,A.Jones,RB,GB,MIN,0,0,0.0,0,0.0,0.0,0.0,20,120.0,0,1,1,10.0,0,13.0,14.0,,,69.0,208.0,28.957894736842107,6.0,Texas-El Paso,2017.0,2017.0,GB,182.0,,0.029411765
2023,18,00-0033293,A.Jones,RB,GB,CHI,0,0,0.0,0,0.0,0.0,0.0,22,111.0,0,5,5,30.0,0,14.1,19.1,,,69.0,208.0,28.957894736842107,6.0,Texas-El Paso,2017.0,2017.0,GB,182.0,8.0,0.15625
2023,19,00-0033293,A.Jones,RB,GB,DAL,0,0,0.0,0,0.0,0.0,0.0,21,118.0,3,1,1,13.0,0,31.1,32.1,,,69.0,208.0,28.957894736842107,6.0,Texas-El Paso,2017.0,2017.0,GB,182.0,,0.04761905
2023,20,00-0033293,A.Jones,RB,GB,SF,0,0,0.0,0,0.0,0.0,0.0,18,108.0,0,6,3,8.0,0,13.6,16.6,,,69.0,208.0,28.957894736842107,6.0,Texas-El Paso,2017.0,2017.0,GB,182.0,,0.18181819
2023,8,00-0033296,A.Armah,RB,WAS,PHI,0,0,0.0,0,0.0,0.0,0.0,0,0.0,0,1,1,0.0,0,0.0,1.0,,,74.0,255.0,29.473764705882353,6.0,West Georgia,2017.0,2017.0,CAR,192.0,-7.0,0.019607844
2023,10,00-0033296,A.Armah,RB,WAS,SEA,0,0,0.0,0,0.0,0.0,0.0,0,0.0,0,1,1,3.0,0,0.3,1.3,,,74.0,255.0,29.473764705882353,6.0,West Georgia,2017.0,2017.0,CAR,192.0,,0.023809524
2023,18,00-0033296,A.Armah,RB,WAS,DAL,0,0,0.0,0,0.0,0.0,0.0,0,0.0,0,1,1,10.0,0,1.0,2.0,,,74.0,255.0,29.473764705882353,6.0,West Georgia,2017.0,2017.0,CAR,192.0,-28.0,0.035714287
2023,1,00-0033307,K.Bourne,WR,NE,PHI,0,0,0.0,0,0.0,0.0,0.0,0,0.0,0,11,6,64.0,2,18.4,24.4,,,73.0,203.0,28.262,6.0,Eastern Washington,2017.0,2017.0,,,-5.0,0.2037037
2023,2,00-0033307,K.Bourne,WR,NE,MIA,0,0,0.0,0,0.0,0.0,0.0,0,0.0,0,9,4,29.0,0,2.9,6.9,,,73.0,203.0,28.262,6.0,Eastern Washington,2017.0,2017.0,,,-7.0,0.21428572
2023,3,00-0033307,K.Bourne,WR,NE,NYJ,0,0,0.0,0,0.0,0.0,0.0,0,0.0,0,5,4,46.0,0,4.6,8.6,,,73.0,203.0,28.262,6.0,Eastern Washington,2017.0,2017.0,,,,0.18518518
2023,4,00-0033307,K.Bourne,WR,NE,DAL,0,0,0.0,0,0.0,0.0,0.0,0,0.0,0,3,2,36.0,0,3.6,5.6,,,73.0,203.0,28.262,6.0,Eastern Washington,2017.0,2017.0,,,,0.10344828
2023,5,00-0033307,K.Bourne,WR,NE,NO,0,0,0.0,0,0.0,0.0,0.0,0,0.0,0,5,2,43.0,0,4.3,6.3,,,73.0,203.0,28.262,6.0,Eastern Washington,2017.0,2017.0,,,-34.0,0.16129032
2023,6,00-0033307,K.Bourne,WR,NE,LV,0,0,0.0,0,0.0,0.0,0.0,1,4.0,0,11,10,89.0,0,9.3,19.3,,,73.0,203.0,28.262,6.0,Eastern Washington,2017.0,2017.0,,,,0.3548387
2023,7,00-0033307,K.Bourne,WR,NE,BUF,0,0,0.0,0,0.0,0.0,0.0,0,0.0,0,7,6,63.0,1,10.3,16.3,,,73.0,203.0,28.262,6.0,Eastern Washington,2017.0,2017.0,,,4.0,0.23333333
2023,8,00-0033307,K.Bourne,WR,NE,MIA,0,0,0.0,0,0.0,0.0,0.0,0,0.0,0,4,3,36.0,1,9.6,12.6,,,73.0,203.0,28.262,6.0,Eastern Washington,2017.0,2017.0,,,,0.14285715
2023,1,00-0033308,M.Breida,RB,NYG,DAL,0,0,0.0,0,0.0,0.0,0.0,2,9.0,0,1,1,-3.0,0,0.6,1.6,,,70.0,190.0,28.69,6.0,Georgia Southern,2017.0,2017.0,,,-40.0,0.03448276
2023,2,00-0033308,M.Breida,RB,NYG,ARI,0,0,0.0,0,0.0,0.0,0.0,1,5.0,0,0,0,0.0,0,0.5,0.5,,,70.0,190.0,28.69,6.0,Georgia Southern,2017.0,2017.0,,,,
2023,3,00-0033308,M.Breida,RB,NYG,SF,0,0,0.0,0,0.0,0.0,0.0,4,17.0,1,3,3,1.0,0,7.8,10.8,,,70.0,190.0,28.69,6.0,Georgia Southern,2017.0,2017.0,,,,0.09375
2023,4,00-0033308,M.Breida,RB,NYG,SEA,0,0,0.0,0,0.0,0.0,0.0,14,30.0,0,5,5,48.0,0,7.8,12.8,,,70.0,190.0,28.69,6.0,Georgia Southern,2017.0,2017.0,,,-21.0,0.15625
2023,5,00-0033308,M.Breida,RB,NYG,MIA,0,0,0.0,0,0.0,0.0,0.0,9,21.0,0,1,1,3.0,0,2.4,3.4,,,70.0,190.0,28.69,6.0,Georgia Southern,2017.0,2017.0,,,,0.033333335
2023,6,00-0033308,M.Breida,RB,NYG,BUF,0,0,0.0,0,0.0,0.0,0.0,4,13.0,0,1,0,0.0,0,1.3,1.3,,,70.0,190.0,28.69,6.0,Georgia Southern,2017.0,2017.0,,,,0.032258064
2023,7,00-0033308,M.Breida,RB,NYG,WAS,0,0,0.0,0,0.0,0.0,0.0,3,4.0,0,1,1,5.0,0,0.9,1.9,,,70.0,190.0,28.69,6.0,Georgia Southern,2017.0,2017.0,,,7.0,0.037037037
2023,8,00-0033308,M.Breida,RB,NYG,NYJ,0,0,0.0,0,0.0,0.0,0.0,5,13.0,0,1,1,4.0,0,1.7,2.7,,,70.0,190.0,28.69,6.0,Georgia Southern,2017.0,2017.0,,,-3.0,0.083333336
2023,9,00-0033308,M.Breida,RB,NYG,LV,0,0,0.0,0,0.0,0.0,0.0,2,5.0,0,2,1,6.0,0,1.1,2.1,,,70.0,190.0,28.69,6.0,Georgia Southern,2017.0,2017.0,,,,0.06896552
2023,10,00-0033308,M.Breida,RB,NYG,DAL,0,0,0.0,0,0.0,0.0,0.0,1,3.0,0,0,0,0.0,0,0.3,0.3,,,70.0,190.0,28.69,6.0,Georgia Southern,2017.0,2017.0,,,,
2023,11,00-0033308,M.Breida,RB,NYG,WAS,0,0,0.0,0,0.0,0.0,0.0,3,-1.0,0,1,0,0.0,0,-0.1,-0.1,,,70.0,190.0,28.69,6.0,Georgia Southern,2017.0,2017.0,,,,0.03846154
2023,12,00-0033308,M.Breida,RB,NYG,NE,0,0,0.0,0,0.0,0.0,0.0,2,6.0,0,1,1,10.0,0,1.6,2.6,,,70.0,190.0,28.69,6.0,Georgia Southern,2017.0,2017.0,,,3.0,0.041666668
2023,14,00-0033308,M.Breida,RB,NYG,GB,0,0,0.0,0,0.0,0.0,0.0,2,16.0,0,0,0,0.0,0,1.6,1.6,,,70.0,190.0,28.69,6.0,Georgia Southern,2017.0,2017.0,,,2.0,
2023,15,00-0033308,M.Breida,RB,NYG,NO,0,0,0.0,0,0.0,0.0,0.0,3,10.0,0,3,2,11.0,0,2.1,4.1,,,70.0,190.0,28.69,6.0,Georgia Southern,2017.0,2017.0,,,,0.0882353
2023,16,00-0033308,M.Breida,RB,NYG,PHI,0,0,0.0,0,0.0,0.0,0.0,0,0.0,0,1,1,3.0,0,0.3,1.3,,,70.0,190.0,28.69,6.0,Georgia Southern,2017.0,2017.0,,,,0.037037037
2023,14,00-0033319,N.Mullens,QB,MIN,LV,9,13,83.0,0,0.0,0.0,-0.0,0,0.0,0,0,0,0.0,0,3.32,3.32,,,73.0,210.0,28.632176470588234,6.0,Southern Mississippi,2017.0,2017.0,,,,
2023,15,00-0033319,N.Mullens,QB,MIN,CIN,26,33,303.0,2,2.0,3.0,22.0,6,10.0,0,0,0,0.0,0,17.12,17.12,,,73.0,210.0,28.632176470588234,6.0,Southern Mississippi,2017.0,2017.0,,,,
2023,16,00-0033319,N.Mullens,QB,MIN,DET,22,36,411.0,2,4.0,4.0,38.0,1,1.0,0,0,0,0.0,0,16.54,16.54,,,73.0,210.0,28.632176470588234,6.0,Southern Mississippi,2017.0,2017.0,,,-6.0,
2023,17,00-0033319,N.Mullens,QB,MIN,GB,13,22,113.0,1,0.0,1.0,8.0,1,6.0,0,0,0,0.0,0,9.12,9.12,,,73.0,210.0,28.632176470588234,6.0,Southern Mississippi,2017.0,2017.0,,,-23.0,
2023,18,00-0033319,N.Mullens,QB,MIN,DET,30,44,396.0,2,2.0,4.0,37.0,2,8.0,0,0,0,0.0,0,20.64,20.64,,,73.0,210.0,28.632176470588234,6.0,Southern Mississippi,2017.0,2017.0,,,,
2023,1,00-0033357,T.Hill,TE,NO,TEN,0,0,0.0,0,0.0,0.0,0.0,3,4.0,0,1,0,0.0,0,0.4,0.4,,,74.0,221.0,33.20894117647059,6.0,Brigham Young,2017.0,2017.0,,,1.0,0.030303031
2023,2,00-0033357,T.Hill,TE,NO,CAR,1,1,8.0,0,0.0,0.0,-0.0,9,75.0,0,2,1,-1.0,0,7.72,8.72,,,74.0,221.0,33.20894117647059,6.0,Brigham Young,2017.0,2017.0,,,,0.05882353
2023,3,00-0033357,T.Hill,TE,NO,GB,0,0,0.0,0,0.0,0.0,0.0,4,12.0,0,1,1,9.0,0,2.1,3.1,,,74.0,221.0,33.20894117647059,6.0,Brigham Young,2017.0,2017.0,,,,0.029411765
2023,4,00-0033357,T.Hill,TE,NO,TB,1,1,13.0,0,0.0,1.0,3.0,4,10.0,0,1,1,7.0,0,2.22,3.22,,,74.0,221.0,33.20894117647059,6.0,Brigham Young,2017.0,2017.0,,,-17.0,0.02631579
2023,5,00-0033357,T.Hill,TE,NO,NE,0,0,0.0,0,0.0,0.0,0.0,3,19.0,0,1,1,1.0,0,2.0,3.0,,,74.0,221.0,33.20894117647059,6.0,Brigham Young,2017.0,2017.0,,,,0.04
2023,6,00-0033357,T.Hill,TE,NO,HOU,1,1,4.0,0,0.0,0.0,-0.0,1,2.0,0,8,7,49.0,0,5.26,12.26,,,74.0,221.0,33.20894117647059,6.0,Brigham Young,2017.0,2017.0,,,,0.17391305
2023,7,00-0033357,T.Hill,TE,NO,JAX,0,0,0.0,0,0.0,0.0,0.0,5,18.0,1,5,4,50.0,0,12.8,16.8,,,74.0,221.0,33.20894117647059,6.0,Brigham Young,2017.0,2017.0,,,-7.0,0.094339624
2023,8,00-0033357,T.Hill,TE,NO,IND,1,2,44.0,0,0.0,0.0,-0.0,9,63.0,2,1,1,14.0,0,21.46,22.46,,,74.0,221.0,33.20894117647059,6.0,Brigham Young,2017.0,2017.0,,,,0.03448276
2023,9,00-0033357,T.Hill,TE,NO,CHI,1,1,3.0,1,0.0,0.0,-0.0,11,52.0,0,5,4,13.0,1,16.62,20.62,,,74.0,221.0,33.20894117647059,6.0,Brigham Young,2017.0,2017.0,,,7.0,0.15625
2023,10,00-0033357,T.Hill,TE,NO,MIN,0,0,0.0,0,0.0,0.0,0.0,1,6.0,0,4,2,17.0,0,2.3,4.3,,,74.0,221.0,33.20894117647059,6.0,Brigham Young,2017.0,2017.0,,,,0.1
2023,12,00-0033357,T.Hill,TE,NO,ATL,0,0,0.0,0,0.0,0.0,0.0,7,26.0,0,2,2,55.0,0,6.1,8.1,,,74.0,221.0,33.20894117647059,6.0,Brigham Young,2017.0,2017.0,,,,0.054054055
2023,13,00-0033357,T.Hill,TE,NO,DET,0,2,0.0,0,0.0,0.0,-0.0,13,59.0,1,2,2,15.0,0,13.4,15.4,,,74.0,221.0,33.20894117647059,6.0,Brigham Young,2017.0,2017.0,,,-5.0,0.06896552
2023,15,00-0033357,T.Hill,TE,NO,NYG,0,1,0.0,0,0.0,0.0,-0.0,1,1.0,0,1,1,4.0,0,0.5,1.5,,,74.0,221.0,33.20894117647059,6.0,Brigham Young,2017.0,2017.0,,,18.0,0.035714287
2023,16,00-0033357,T.Hill,TE,NO,LA,0,0,0.0,0,0.0,0.0,0.0,2,2.0,0,0,0,0.0,0,0.2,0.2,,,74.0,221.0,33.20894117647059,6.0,Brigham Young,2017.0,2017.0,,,,
2023,17,00-0033357,T.Hill,TE,NO,TB,1,2,11.0,0,0.0,0.0,-0.0,2,1.0,0,2,2,30.0,1,9.54,11.54,,,74.0,221.0,33.20894117647059,6.0,Brigham Young,2017.0,2017.0,,,,0.05882353
2023,18,00-0033357,T.Hill,TE,NO,ATL,0,0,0.0,0,0.0,1.0,1.0,6,51.0,0,4,4,28.0,0,7.9,11.9,,,74.0,221.0,33.20894117647059,6.0,Brigham Young,2017.0,2017.0,,,31.0,0.16
2023,4,00-0033376,P.Ricard,FB,BAL,CLE,0,0,0.0,0,0.0,0.0,0.0,0,0.0,0,1,1,14.0,0,1.4,2.4,,,75.0,311.0,29.47063157894737,6.0,Maine,2017.0,2017.0,,,,0.055555556
2023,6,00-0033376,P.Ricard,FB,BAL,TEN,0,0,0.0,0,0.0,0.0,0.0,0,0.0,0,1,1,3.0,0,0.3,1.3,,,75.0,311.0,29.47063157894737,6.0,Maine,2017.0,2017.0,,,,0.03448276
2023,7,00-0033376,P.Ricard,FB,BAL,DET,0,0,0.0,0,0.0,0.0,0.0,0,0.0,0,2,2,31.0,0,3.1,5.1,,,75.0,311.0,29.47063157894737,6.0,Maine,2017.0,2017.0,,,32.0,0.071428575
2023,10,00-0033376,P.Ricard,FB,BAL,CLE,0,0,0.0,0,0.0,0.0,0.0,0,0.0,0,1,0,0.0,0,0.0,0.0,,,75.0,311.0,29.47063157894737,6.0,Maine,2017.0,2017.0,,,-2.0,0.04347826
2023,16,00-0033376,P.Ricard,FB,BAL,SF,0,0,0.0,0,0.0,0.0,0.0,0,0.0,0,1,0,0.0,0,0.0,0.0,,,75.0,311.0,29.47063157894737,6.0,Maine,2017.0,2017.0,,,,0.029411765
2023,17,00-0033376,P.Ricard,FB,BAL,MIA,0,0,0.0,0,0.0,0.0,0.0,0,0.0,0,1,1,4.0,1,6.4,7.4,,,75.0,311.0,29.47063157894737,6.0,Maine,2017.0,2017.0,,,37.0,0.045454547
2023,3,00-0033439,P.Brown,TE,NE,NYJ,0,0,0.0,0,0.0,0.0,0.0,0,0.0,0,2,2,71.0,1,13.1,15.1,,,78.0,258.0,29.513117647058824,6.0,Oregon,2017.0,2017.0,,,,0.074074075
2023,6,00-0033439,P.Brown,TE,NE,LV,0,0,0.0,0,0.0,0.0,0.0,0,0.0,0,1,1,15.0,0,1.5,2.5,,,78.0,258.0,29.513117647058824,6.0,Oregon,2017.0,2017.0,,,,0.032258064
2023,7,00-0033439,P.Brown,TE,NE,BUF,0,0,0.0,0,0.0,0.0,0.0,0,0.0,0,2,2,51.0,0,5.1,7.1,,,78.0,258.0,29.513117647058824,6.0,Oregon,2017.0,2017.0,,,4.0,0.06666667
2023,8,00-0033439,P.Brown,TE,NE,MIA,0,0,0.0,0,0.0,0.0,0.0,0,0.0,0,2,2,33.0,0,3.3,5.3,,,78.0,258.0,29.513117647058824,6.0,Oregon,2017.0,2017.0,,,,0.071428575
2023,14,00-0033439,P.Brown,TE,NE,PIT,0,0,0.0,0,0.0,0.0,0.0,0,0.0,0,1,1,4.0,0,0.4,1.4,,,78.0,258.0,29.513117647058824,6.0,Oregon,2017.0,2017.0,,,,0.03846154
2023,15,00-0033439,P.Brown,TE,NE,KC,0,0,0.0,0,0.0,0.0,0.0,0,0.0,0,1,1,4.0,0,0.4,1.4,,,78.0,258.0,29.513117647058824,6.0,Oregon,2017.0,2017.0,,,-10.0,0.032258064
2023,16,00-0033439,P.Brown,TE,NE,DEN,0,0,0.0,0,0.0,0.0,0.0,0,0.0,0,2,2,25.0,0,2.5,4.5,,,78.0,258.0,29.513117647058824,6.0,Oregon,2017.0,2017.0,,,,0.06451613
2023,17,00-0033439,P.Brown,TE,NE,BUF,0,0,0.0,0,0.0,0.0,0.0,0,0.0,0,1,1,5.0,0,-1.5,-0.5,,,78.0,258.0,29.513117647058824,6.0,Oregon,2017.0,2017.0,,,,0.041666668
2023,18,00-0033439,P.Brown,TE,NE,NYJ,0,0,0.0,0,0.0,0.0,0.0,0,0.0,0,3,1,0.0,0,0.0,1.0,,,78.0,258.0,29.513117647058824,6.0,Oregon,2017.0,2017.0,,,-14.0,0.10344828
2023,21,00-0033455,A.Firkser,TE,DET,SF,0,0,0.0,0,0.0,0.0,0.0,0,0.0,0,1,1,8.0,0,0.8,1.8,,,74.0,246.0,28.785125,6.0,Harvard,2017.0,2017.0,,,,0.025
2023,2,00-0033466,I.McKenzie,WR,IND,HOU,0,0,0.0,0,0.0,0.0,0.0,0,0.0,0,1,1,7.0,0,0.7,1.7,,,68.0,173.0,28.582529411764707,6.0,Georgia,2017.0,2017.0,DEN,172.0,,0.032258064
2023,3,00-0033466,I.McKenzie,WR,IND,BAL,0,0,0.0,0,0.0,0.0,0.0,0,0.0,0,1,1,3.0,0,0.3,1.3,,,68.0,173.0,28.582529411764707,6.0,Georgia,2017.0,2017.0,DEN,172.0,,0.023809524
2023,4,00-0033466,I.McKenzie,WR,IND,LA,0,0,0.0,0,0.0,0.0,0.0,0,0.0,0,3,1,6.0,0,0.6,1.6,,,68.0,173.0,28.582529411764707,6.0,Georgia,2017.0,2017.0,DEN,172.0,-6.0,0.125
2023,5,00-0033466,I.McKenzie,WR,IND,TEN,0,0,0.0,0,0.0,0.0,0.0,1,4.0,0,0,0,0.0,0,0.4,0.4,,,68.0,173.0,28.582529411764707,6.0,Georgia,2017.0,2017.0,DEN,172.0,7.0,
2023,6,00-0033466,I.McKenzie,WR,IND,JAX,0,0,0.0,0,0.0,0.0,0.0,0,0.0,0,2,2,23.0,0,2.3,4.3,,,68.0,173.0,28.582529411764707,6.0,Georgia,2017.0,2017.0,DEN,172.0,,0.03846154
2023,7,00-0033466,I.McKenzie,WR,IND,CLE,0,0,0.0,0,0.0,0.0,0.0,1,7.0,0,0,0,0.0,0,0.7,0.7,,,68.0,173.0,28.582529411764707,6.0,Georgia,2017.0,2017.0,DEN,172.0,-1.0,
2023,9,00-0033466,I.McKenzie,WR,IND,CAR,0,0,0.0,0,0.0,0.0,0.0,0,0.0,0,3,2,12.0,0,1.2,3.2,,,68.0,173.0,28.582529411764707,6.0,Georgia,2017.0,2017.0,DEN,172.0,,0.125
2023,10,00-0033466,I.McKenzie,WR,IND,NE,0,0,0.0,0,0.0,0.0,0.0,0,0.0,0,4,4,31.0,0,3.1,7.1,,,68.0,173.0,28.582529411764707,6.0,Georgia,2017.0,2017.0,DEN,172.0,,0.15384616
2023,12,00-0033466,I.McKenzie,WR,IND,TB,0,0,0.0,0,0.0,0.0,0.0,1,3.0,0,0,0,0.0,0,0.3,0.3,,,68.0,173.0,28.582529411764707,6.0,Georgia,2017.0,2017.0,DEN,172.0,7.0,
2023,1,00-0033526,S.Perine,RB,DEN,LV,0,0,0.0,0,0.0,0.0,0.0,8,41.0,0,4,4,37.0,0,7.8,11.8,,,70.0,240.0,28.146588235294118,6.0,Oklahoma,2017.0,2017.0,WAS,114.0,-1.0,0.125
2023,2,00-0033526,S.Perine,RB,DEN,WAS,0,0,0.0,0,0.0,0.0,0.0,1,4.0,0,4,3,20.0,0,2.4,5.4,,,70.0,240.0,28.146588235294118,6.0,Oklahoma,2017.0,2017.0,WAS,114.0,-2.0,0.14814815
2023,3,00-0033526,S.Perine,RB,DEN,MIA,0,0,0.0,0,0.0,0.0,0.0,3,9.0,0,3,2,15.0,0,2.4,4.4,,,70.0,240.0,28.146588235294118,6.0,Oklahoma,2017.0,2017.0,WAS,114.0,,0.083333336
2023,4,00-0033526,S.Perine,RB,DEN,CHI,0,0,0.0,0,0.0,0.0,0.0,6,12.0,0,2,2,23.0,0,3.5,5.5,,,70.0,240.0,28.146588235294118,6.0,Oklahoma,2017.0,2017.0,WAS,114.0,,0.07692308
2023,5,00-0033526,S.Perine,RB,DEN,NYJ,0,0,0.0,0,0.0,0.0,0.0,6,22.0,0,5,4,73.0,0,7.5,11.5,,,70.0,240.0,28.146588235294118,6.0,Oklahoma,2017.0,2017.0,WAS,114.0,-10.0,0.18518518
2023,6,00-0033526,S.Perine,RB,DEN,KC,0,0,0.0,0,0.0,0.0,0.0,0,0.0,0,2,2,16.0,0,-0.4,1.6,,,70.0,240.0,28.146588235294118,6.0,Oklahoma,2017.0,2017.0,WAS,114.0,,0.09090909
2023,7,00-0033526,S.Perine,RB,DEN,GB,0,0,0.0,0,0.0,0.0,0.0,2,10.0,0,3,3,31.0,0,4.1,7.1,,,70.0,240.0,28.146588235294118,6.0,Oklahoma,2017.0,2017.0,WAS,114.0,2.0,0.125
2023,8,00-0033526,S.Perine,RB,DEN,KC,0,0,0.0,0,0.0,0.0,0.0,1,5.0,0,3,2,16.0,0,2.1,4.1,,,70.0,240.0,28.146588235294118,6.0,Oklahoma,2017.0,2017.0,WAS,114.0,15.0,0.16666667
2023,10,00-0033526,S.Perine,RB,DEN,BUF,0,0,0.0,0,0.0,0.0,0.0,1,8.0,0,3,3,35.0,0,4.3,7.3,,,70.0,240.0,28.146588235294118,6.0,Oklahoma,2017.0,2017.0,WAS,114.0,,0.10344828
2023,11,00-0033526,S.Perine,RB,DEN,MIN,0,0,0.0,0,0.0,0.0,0.0,1,7.0,0,7,7,60.0,0,6.7,13.7,,,70.0,240.0,28.146588235294118,6.0,Oklahoma,2017.0,2017.0,WAS,114.0,1.0,0.21875
2023,12,00-0033526,S.Perine,RB,DEN,CLE,0,0,0.0,0,0.0,0.0,0.0,7,55.0,1,1,1,11.0,0,12.6,13.6,,,70.0,240.0,28.146588235294118,6.0,Oklahoma,2017.0,2017.0,WAS,114.0,17.0,0.04761905
2023,13,00-0033526,S.Perine,RB,DEN,HOU,0,0,0.0,0,0.0,0.0,0.0,1,1.0,0,2,2,5.0,0,0.6,2.6,,,70.0,240.0,28.146588235294118,6.0,Oklahoma,2017.0,2017.0,WAS,114.0,,0.083333336
2023,14,00-0033526,S.Perine,RB,DEN,LAC,0,0,0.0,0,0.0,0.0,0.0,2,8.0,0,5,5,36.0,0,4.4,9.4,,,70.0,240.0,28.146588235294118,6.0,Oklahoma,2017.0,2017.0,WAS,114.0,,0.16666667
2023,15,00-0033526,S.Perine,RB,DEN,DET,0,0,0.0,0,0.0,0.0,0.0,6,37.0,0,1,1,11.0,0,4.8,5.8,,,70.0,240.0,28.146588235294118,6.0,Oklahoma,2017.0,2017.0,WAS,114.0,,0.03125
2023,16,00-0033526,S.Perine,RB,DEN,NE,0,0,0.0,0,0.0,0.0,0.0,1,2.0,0,5,4,27.0,0,2.9,6.9,,,70.0,240.0,28.146588235294118,6.0,Oklahoma,2017.0,2017.0,WAS,114.0,-3.0,0.14285715
2023,17,00-0033526,S.Perine,RB,DEN,LAC,0,0,0.0,0,0.0,0.0,0.0,4,10.0,0,2,2,16.0,0,2.6,4.6,,,70.0,240.0,28.146588235294118,6.0,Oklahoma,2017.0,2017.0,WAS,114.0,7.0,0.06666667
2023,18,00-0033526,S.Perine,RB,DEN,LV,0,0,0.0,0,0.0,0.0,0.0,3,7.0,0,4,3,23.0,0,3.0,6.0,,,70.0,240.0,28.146588235294118,6.0,Oklahoma,2017.0,2017.0,WAS,114.0,,0.125
2023,1,00-0033536,M.Williams,WR,LAC,MIA,0,0,0.0,0,0.0,0.0,0.0,0,0.0,0,5,4,45.0,0,4.5,8.5,,,76.0,218.0,29.101294117647058,6.0,Clemson,2017.0,2017.0,LAC,7.0,-2.0,0.16129032
2023,2,00-0033536,M.Williams,WR,LAC,TEN,0,0,0.0,0,0.0,0.0,0.0,1,3.0,0,13,8,83.0,0,8.6,16.6,,,76.0,218.0,29.101294117647058,6.0,Clemson,2017.0,2017.0,LAC,7.0,,0.33333334
2023,3,00-0033536,M.Williams,WR,LAC,MIN,0,0,0.0,0,0.0,0.0,0.0,0,0.0,0,8,7,121.0,1,18.1,25.1,,,76.0,218.0,29.101294117647058,6.0,Clemson,2017.0,2017.0,LAC,7.0,,0.16666667
2023,1,00-0033537,D.Watson,QB,CLE,CIN,16,29,154.0,1,1.0,3.0,10.0,5,45.0,1,0,0,0.0,0,20.66,20.66,,,75.0,221.0,28.16638888888889,6.0,Clemson,2017.0,2017.0,HOU,12.0,21.0,
2023,2,00-0033537,D.Watson,QB,CLE,PIT,22,40,235.0,1,1.0,6.0,25.0,6,22.0,0,0,0,0.0,0,11.6,11.6,,,75.0,221.0,28.16638888888889,6.0,Clemson,2017.0,2017.0,HOU,12.0,,
2023,3,00-0033537,D.Watson,QB,CLE,TEN,27,33,289.0,2,0.0,3.0,26.0,4,16.0,0,0,0,0.0,0,21.16,21.16,,,75.0,221.0,28.16638888888889,6.0,Clemson,2017.0,2017.0,HOU,12.0,24.0,
2023,7,00-0033537,D.Watson,QB,CLE,IND,1,5,5.0,0,1.0,0.0,-0.0,0,0.0,0,0,0,0.0,0,-1.8,-1.8,,,75.0,221.0,28.16638888888889,6.0,Clemson,2017.0,2017.0,HOU,12.0,,
2023,9,00-0033537,D.Watson,QB,CLE,ARI,19,30,219.0,2,0.0,1.0,6.0,3,22.0,0,0,0,0.0,0,18.96,18.96,,,75.0,221.0,28.16638888888889,6.0,Clemson,2017.0,2017.0,HOU,12.0,27.0,
2023,10,00-0033537,D.Watson,QB,CLE,BAL,20,34,213.0,1,1.0,4.0,18.0,8,37.0,0,0,0,0.0,0,16.22,16.22,,,75.0,221.0,28.16638888888889,6.0,Clemson,2017.0,2017.0,HOU,12.0,,
2023,1,00-0033553,J.Conner,RB,ARI,WAS,0,0,0.0,0,0.0,0.0,0.0,14,62.0,0,5,5,8.0,0,7.0,12.0,,,73.0,233.0,28.508235294117647,6.0,Pittsburgh,2017.0,2017.0,PIT,105.0,,0.16666667
2023,2,00-0033553,J.Conner,RB,ARI,NYG,0,0,0.0,0,0.0,0.0,0.0,23,106.0,1,1,0,0.0,0,16.6,16.6,,,73.0,233.0,28.508235294117647,6.0,Pittsburgh,2017.0,2017.0,PIT,105.0,-3.0,0.03448276
2023,3,00-0033553,J.Conner,RB,ARI,DAL,0,0,0.0,0,0.0,0.0,0.0,14,98.0,1,2,2,18.0,0,17.6,19.6,,,73.0,233.0,28.508235294117647,6.0,Pittsburgh,2017.0,2017.0,PIT,105.0,12.0,0.0952381
2023,4,00-0033553,J.Conner,RB,ARI,SF,0,0,0.0,0,0.0,0.0,0.0,11,52.0,0,2,1,4.0,0,5.6,6.6,,,73.0,233.0,28.508235294117647,6.0,Pittsburgh,2017.0,2017.0,PIT,105.0,,0.048780486
2023,5,00-0033553,J.Conner,RB,ARI,CIN,0,0,0.0,0,0.0,0.0,0.0,6,46.0,0,0,0,0.0,0,4.6,4.6,,,73.0,233.0,28.508235294117647,6.0,Pittsburgh,2017.0,2017.0,PIT,105.0,-14.0,
2023,10,00-0033553,J.Conner,RB,ARI,ATL,0,0,0.0,0,0.0,0.0,0.0,16,73.0,0,0,0,0.0,0,7.3,7.3,,,73.0,233.0,28.508235294117647,6.0,Pittsburgh,2017.0,2017.0,PIT,105.0,2.0,
2023,11,00-0033553,J.Conner,RB,ARI,HOU,0,0,0.0,0,0.0,0.0,0.0,14,62.0,0,3,2,1.0,0,6.3,8.3,,,73.0,233.0,28.508235294117647,6.0,Pittsburgh,2017.0,2017.0,PIT,105.0,,0.10344828
2023,12,00-0033553,J.Conner,RB,ARI,LA,0,0,0.0,0,0.0,0.0,0.0,6,27.0,0,5,4,5.0,0,3.2,7.2,,,73.0,233.0,28.508235294117647,6.0,Pittsburgh,2017.0,2017.0,PIT,105.0,-23.0,0.11363637
2023,13,00-0033553,J.Conner,RB,ARI,PIT,0,0,0.0,0,0.0,0.0,0.0,25,105.0,2,2,0,0.0,0,22.5,22.5,,,73.0,233.0,28.508235294117647,6.0,Pittsburgh,2017.0,2017.0,PIT,105.0,,0.08695652
2023,15,00-0033553,J.Conner,RB,ARI,SF,0,0,0.0,0,0.0,0.0,0.0,14,86.0,1,3,3,3.0,0,14.9,17.9,,,73.0,233.0,28.508235294117647,6.0,Pittsburgh,2017.0,2017.0,PIT,105.0,-16.0,0.078947365
2023,16,00-0033553,J.Conner,RB,ARI,CHI,0,0,0.0,0,0.0,0.0,0.0,12,45.0,0,5,5,67.0,1,17.2,22.2,,,73.0,233.0,28.508235294117647,6.0,Pittsburgh,2017.0,2017.0,PIT,105.0,,0.13513513
2023,17,00-0033553,J.Conner,RB,ARI,PHI,0,0,0.0,0,0.0,0.0,0.0,26,128.0,1,1,1,5.0,1,25.3,26.3,,,73.0,233.0,28.508235294117647,6.0,Pittsburgh,2017.0,2017.0,PIT,105.0,,0.032258064
2023,18,00-0033553,J.Conner,RB,ARI,SEA,0,0,0.0,0,0.0,0.0,0.0,27,150.0,1,4,4,54.0,0,26.4,30.4,,,73.0,233.0,28.508235294117647,6.0,Pittsburgh,2017.0,2017.0,PIT,105.0,-1.0,0.13793103
2023,1,00-0033555,M.Hollins,WR,ATL,CAR,0,0,0.0,0,0.0,0.0,0.0,0,0.0,0,4,3,31.0,0,3.1,6.1,,,76.0,221.0,30.143470588235292,6.0,North Carolina,2017.0,2017.0,PHI,118.0,14.0,0.22222222
2023,2,00-0033555,M.Hollins,WR,ATL,GB,0,0,0.0,0,0.0,0.0,0.0,0,0.0,0,6,3,60.0,0,6.0,9.0,,,76.0,221.0,30.143470588235292,6.0,North Carolina,2017.0,2017.0,PHI,118.0,1.0,0.2
2023,3,00-0033555,M.Hollins,WR,ATL,DET,0,0,0.0,0,0.0,0.0,0.0,0,0.0,0,4,1,23.0,0,2.3,3.3,,,76.0,221.0,30.143470588235292,6.0,North Carolina,2017.0,2017.0,PHI,118.0,,0.10526316
2023,4,00-0033555,M.Hollins,WR,ATL,JAX,0,0,0.0,0,0.0,0.0,0.0,0,0.0,0,3,0,0.0,0,0.0,0.0,,,76.0,221.0,30.143470588235292,6.0,North Carolina,2017.0,2017.0,PHI,118.0,,0.1
2023,5,00-0033555,M.Hollins,WR,ATL,HOU,0,0,0.0,0,0.0,0.0,0.0,0,0.0,0,2,2,29.0,0,2.9,4.9,,,76.0,221.0,30.143470588235292,6.0,North Carolina,2017.0,2017.0,PHI,118.0,2.0,0.05263158
2023,6,00-0033555,M.Hollins,WR,ATL,WAS,0,0,0.0,0,0.0,0.0,0.0,0,0.0,0,4,3,41.0,0,4.1,7.1,,,76.0,221.0,30.143470588235292,6.0,North Carolina,2017.0,2017.0,PHI,118.0,-8.0,0.09090909
2023,8,00-0033555,M.Hollins,WR,ATL,TEN,0,0,0.0,0,0.0,0.0,0.0,0,0.0,0,3,2,27.0,0,2.7,4.7,,,76.0,221.0,30.143470588235292,6.0,North Carolina,2017.0,2017.0,PHI,118.0,,0.09090909
2023,9,00-0033555,M.Hollins,WR,ATL,MIN,0,0,0.0,0,0.0,0.0,0.0,0,0.0,0,3,3,36.0,0,3.6,6.6,,,76.0,221.0,30.143470588235292,6.0,North Carolina,2017.0,2017.0,PHI,118.0,-3.0,0.0882353
2023,14,00-0033555,M.Hollins,WR,ATL,TB,0,0,0.0,0,0.0,0.0,0.0,0,0.0,0,1,1,4.0,0,0.4,1.4,,,76.0,221.0,30.143470588235292,6.0,North Carolina,2017.0,2017.0,PHI,118.0,-4.0,0.025641026
2023,1,00-0033557,J.Reeves-Maybin,OLB,DET,KC,0,0,0.0,0,0.0,0.0,0.0,1,3.0,0,0,0,0.0,0,0.3,0.3,,,73.0,233.0,28.8,6.0,Tennessee,2017.0,2017.0,DET,124.0,,
2023,12,00-0033557,J.Reeves-Maybin,OLB,DET,GB,0,0,0.0,0,0.0,0.0,0.0,1,0.0,0,0,0,0.0,0,0.0,0.0,,,73.0,233.0,28.8,6.0,Tennessee,2017.0,2017.0,DET,124.0,-7.0,
2023,17,00-0033557,J.Reeves-Maybin,OLB,DET,DAL,1,1,31.0,0,0.0,0.0,-0.0,0,0.0,0,0,0,0.0,0,1.24,1.24,,,73.0,233.0,28.8,6.0,Tennessee,2017.0,2017.0,DET,124.0,,
2023,1,00-0033572,J.Agnew,WR,JAX,IND,0,0,0.0,0,0.0,0.0,0.0,2,-2.0,0,0,0,0.0,0,-0.2,-0.2,,,70.0,190.0,28.601294117647058,6.0,San Diego,2017.0,2017.0,DET,165.0,,
2023,2,00-0033572,J.Agnew,WR,JAX,KC,0,0,0.0,0,0.0,0.0,0.0,0,0.0,0,1,1,5.0,0,0.5,1.5,,,70.0,190.0,28.601294117647058,6.0,San Diego,2017.0,2017.0,DET,165.0,-8.0,0.024390243
2023,3,00-0033572,J.Agnew,WR,JAX,HOU,0,0,0.0,0,0.0,0.0,0.0,0,0.0,0,5,4,49.0,0,2.9,6.9,,,70.0,190.0,28.601294117647058,6.0,San Diego,2017.0,2017.0,DET,165.0,-20.0,0.125
2023,5,00-0033572,J.Agnew,WR,JAX,BUF,0,0,0.0,0,0.0,0.0,0.0,1,1.0,0,0,0,0.0,0,0.1,0.1,,,70.0,190.0,28.601294117647058,6.0,San Diego,2017.0,2017.0,DET,165.0,,
2023,7,00-0033572,J.Agnew,WR,JAX,NO,0,0,0.0,0,0.0,0.0,0.0,1,-1.0,0,6,4,36.0,0,3.5,7.5,,,70.0,190.0,28.601294117647058,6.0,San Diego,2017.0,2017.0,DET,165.0,,0.2
2023,15,00-0033572,J.Agnew,WR,JAX,BAL,0,0,0.0,0,0.0,0.0,0.0,0,0.0,0,2,2,70.0,1,13.0,15.0,,,70.0,190.0,28.601294117647058,6.0,San Diego,2017.0,2017.0,DET,165.0,-16.0,0.04761905
2023,16,00-0033572,J.Agnew,WR,JAX,TB,0,0,0.0,0,0.0,0.0,0.0,0,0.0,0,5,1,12.0,0,1.2,2.2,,,70.0,190.0,28.601294117647058,6.0,San Diego,2017.0,2017.0,DET,165.0,,0.11363637
2023,17,00-0033572,J.Agnew,WR,JAX,CAR,0,0,0.0,0,0.0,0.0,0.0,0,0.0,0,2,2,53.0,0,5.3,7.3,,,70.0,190.0,28.601294117647058,6.0,San Diego,2017.0,2017.0,DET,165.0,26.0,0.08695652
2023,13,00-0033576,E.Saubert,TE,HOU,DEN,0,0,0.0,0,0.0,0.0,0.0,0,0.0,0,1,1,5.0,0,0.5,1.5,,,77.0,253.0,29.5695,6.0,Drake,2017.0,2017.0,ATL,174.0,5.0,0.037037037
2023,17,00-0033576,E.Saubert,TE,HOU,TEN,0,0,0.0,0,0.0,0.0,0.0,0,0.0,0,1,1,2.0,0,0.2,1.2,,,77.0,253.0,29.5695,6.0,Drake,2017.0,2017.0,ATL,174.0,23.0,0.032258064
2023,18,00-0033576,E.Saubert,TE,HOU,IND,0,0,0.0,0,0.0,0.0,0.0,0,0.0,0,1,1,5.0,0,0.5,1.5,,,77.0,253.0,29.5695,6.0,Drake,2017.0,2017.0,ATL,174.0,,0.03846154
2023,12,00-0033589,D.Moore,WR,TB,IND,0,0,0.0,0,0.0,0.0,0.0,0,0.0,0,1,0,0.0,0,0.0,0.0,,,72.0,215.0,28.839105263157894,6.0,East Central,2017.0,2017.0,SEA,226.0,,0.033333335
2023,14,00-0033589,D.Moore,WR,TB,ATL,0,0,0.0,0,0.0,0.0,0.0,0,0.0,0,1,1,11.0,0,1.1,2.1,,,72.0,215.0,28.839105263157894,6.0,East Central,2017.0,2017.0,SEA,226.0,,0.03448276
2023,15,00-0033589,D.Moore,WR,TB,GB,0,0,0.0,0,0.0,0.0,0.0,0,0.0,0,2,2,68.0,1,12.8,14.8,,,72.0,215.0,28.839105263157894,6.0,East Central,2017.0,2017.0,SEA,226.0,,0.074074075
2023,16,00-0033589,D.Moore,WR,TB,JAX,0,0,0.0,0,0.0,0.0,0.0,0,0.0,0,1,1,7.0,0,0.7,1.7,,,72.0,215.0,28.839105263157894,6.0,East Central,2017.0,2017.0,SEA,226.0,18.0,0.028571429
2023,17,00-0033589,D.Moore,WR,TB,NO,0,0,0.0,0,0.0,0.0,0.0,0,0.0,0,1,0,0.0,0,0.0,0.0,,,72.0,215.0,28.839105263157894,6.0,East Central,2017.0,2017.0,SEA,226.0,-10.0,0.030303031
2023,18,00-0033589,D.Moore,WR,TB,CAR,0,0,0.0,0,0.0,0.0,0.0,0,0.0,0,1,1,8.0,0,0.8,1.8,,,72.0,215.0,28.839105263157894,6.0,East Central,2017.0,2017.0,SEA,226.0,,0.032258064
2023,19,00-0033589,D.Moore,WR,TB,PHI,0,0,0.0,0,0.0,0.0,0.0,0,0.0,0,3,2,66.0,1,12.6,14.6,,,72.0,215.0,28.839105263157894,6.0,East Central,2017.0,2017.0,SEA,226.0,23.0,0.08571429
2023,20,00-0033589,D.Moore,WR,TB,DET,0,0,0.0,0,0.0,0.0,0.0,0,0.0,0,1,1,11.0,0,1.1,2.1,,,72.0,215.0,28.839105263157894,6.0,East Central,2017.0,2017.0,SEA,226.0,,0.025641026
2023,1,00-0033591,N.Brown,WR,HOU,BAL,0,0,0.0,0,0.0,0.0,0.0,1,-1.0,0,4,3,20.0,0,1.9,4.9,,,74.0,225.0,27.862052631578948,6.0,Ohio State,2017.0,2017.0,DAL,239.0,,0.093023255
2023,6,00-0033591,N.Brown,WR,HOU,NO,0,0,0.0,0,0.0,0.0,0.0,0,0.0,0,5,2,37.0,0,3.7,5.7,,,74.0,225.0,27.862052631578948,6.0,Ohio State,2017.0,2017.0,DAL,239.0,7.0,0.20833333
2023,8,00-0033591,N.Brown,WR,HOU,CAR,0,0,0.0,0,0.0,0.0,0.0,0,0.0,0,5,3,57.0,0,5.7,8.7,,,74.0,225.0,27.862052631578948,6.0,Ohio State,2017.0,2017.0,DAL,239.0,,0.20833333
2023,9,00-0033591,N.Brown,WR,HOU,TB,0,0,0.0,0,0.0,0.0,0.0,0,0.0,0,6,6,153.0,1,21.3,27.3,,,74.0,225.0,27.862052631578948,6.0,Ohio State,2017.0,2017.0,DAL,239.0,2.0,0.15789473
2023,10,00-0033591,N.Brown,WR,HOU,CIN,0,0,0.0,0,0.0,0.0,0.0,0,0.0,0,8,7,172.0,0,17.2,24.2,,,74.0,225.0,27.862052631578948,6.0,Ohio State,2017.0,2017.0,DAL,239.0,,0.20512821
2023,13,00-0033591,N.Brown,WR,HOU,DEN,0,0,0.0,0,0.0,0.0,0.0,0,0.0,0,2,0,0.0,0,0.0,0.0,,,74.0,225.0,27.862052631578948,6.0,Ohio State,2017.0,2017.0,DAL,239.0,5.0,0.074074075
2023,14,00-0033591,N.Brown,WR,HOU,NYJ,0,0,0.0,0,0.0,0.0,0.0,0,0.0,0,5,0,0.0,0,0.0,0.0,,,74.0,225.0,27.862052631578948,6.0,Ohio State,2017.0,2017.0,DAL,239.0,,0.18518518
2023,15,00-0033591,N.Brown,WR,HOU,TEN,0,0,0.0,0,0.0,0.0,0.0,0,0.0,0,11,8,82.0,1,14.2,22.2,,,74.0,225.0,27.862052631578948,6.0,Ohio State,2017.0,2017.0,DAL,239.0,,0.32352942
2023,16,00-0033591,N.Brown,WR,HOU,CLE,0,0,0.0,0,0.0,0.0,0.0,0,0.0,0,7,3,38.0,0,3.8,6.8,,,74.0,225.0,27.862052631578948,6.0,Ohio State,2017.0,2017.0,DAL,239.0,-14.0,0.14583333
2023,17,00-0033591,N.Brown,WR,HOU,TEN,0,0,0.0,0,0.0,0.0,0.0,0,0.0,0,2,1,8.0,0,0.8,1.8,,,74.0,225.0,27.862052631578948,6.0,Ohio State,2017.0,2017.0,DAL,239.0,23.0,0.06451613
2023,19,00-0033591,N.Brown,WR,HOU,CLE,0,0,0.0,0,0.0,0.0,0.0,0,0.0,0,1,0,0.0,0,0.0,0.0,,,74.0,225.0,27.862052631578948,6.0,Ohio State,2017.0,2017.0,DAL,239.0,31.0,0.045454547
2023,1,00-0033662,C.Rush,QB,DAL,NYG,0,1,0.0,0,0.0,0.0,-0.0,0,0.0,0,0,0,0.0,0,0.0,0.0,,,75.0,225.0,29.976277777777778,6.0,Central Michigan,2017.0,2017.0,,,,
2023,4,00-0033662,C.Rush,QB,DAL,NE,2,2,20.0,0,0.0,0.0,-0.0,3,-2.0,0,0,0,0.0,0,0.6,0.6,,,75.0,225.0,29.976277777777778,6.0,Central Michigan,2017.0,2017.0,,,35.0,
2023,5,00-0033662,C.Rush,QB,DAL,SF,2,2,8.0,0,0.0,1.0,8.0,1,-2.0,0,0,0,0.0,0,0.12,0.12,,,75.0,225.0,29.976277777777778,6.0,Central Michigan,2017.0,2017.0,,,,
2023,8,00-0033662,C.Rush,QB,DAL,LA,2,3,3.0,0,0.0,0.0,-0.0,3,-3.0,0,0,0,0.0,0,-0.18,-0.18,,,75.0,225.0,29.976277777777778,6.0,Central Michigan,2017.0,2017.0,,,23.0,
2023,10,00-0033662,C.Rush,QB,DAL,NYG,7,9,68.0,0,1.0,0.0,-0.0,2,5.0,0,0,0,0.0,0,1.22,1.22,,,75.0,225.0,29.976277777777778,6.0,Central Michigan,2017.0,2017.0,,,32.0,
2023,11,00-0033662,C.Rush,QB,DAL,CAR,2,3,15.0,0,0.0,0.0,-0.0,3,-3.0,0,0,0,0.0,0,0.3,0.3,,,75.0,225.0,29.976277777777778,6.0,Central Michigan,2017.0,2017.0,,,,
2023,18,00-0033662,C.Rush,QB,DAL,WAS,3,4,30.0,0,0.0,0.0,-0.0,0,0.0,0,0,0,0.0,0,1.2,1.2,,,75.0,225.0,29.976277777777778,6.0,Central Michigan,2017.0,2017.0,,,,
2023,1,00-0033699,A.Ekeler,RB,LAC,MIA,0,0,0.0,0,0.0,0.0,0.0,16,117.0,1,5,4,47.0,0,22.4,26.4,,,70.0,200.0,28.485294117647058,6.0,"Western State, Colo.",2017.0,2017.0,,,-2.0,0.16129032
2023,6,00-0033699,A.Ekeler,RB,LAC,DAL,0,0,0.0,0,0.0,0.0,0.0,14,27.0,0,6,4,35.0,0,6.2,10.2,,,70.0,200.0,28.485294117647058,6.0,"Western State, Colo.",2017.0,2017.0,,,-3.0,0.16216215
2023,7,00-0033699,A.Ekeler,RB,LAC,KC,0,0,0.0,0,0.0,0.0,0.0,14,45.0,0,2,1,1.0,0,4.6,5.6,,,70.0,200.0,28.485294117647058,6.0,"Western State, Colo.",2017.0,2017.0,,,,0.06666667
2023,8,00-0033699,A.Ekeler,RB,LAC,CHI,0,0,0.0,0,0.0,0.0,0.0,15,29.0,0,8,7,94.0,1,16.3,23.3,,,70.0,200.0,28.485294117647058,6.0,"Western State, Colo.",2017.0,2017.0,,,17.0,0.21052632
2023,9,00-0033699,A.Ekeler,RB,LAC,NYJ,0,0,0.0,0,0.0,0.0,0.0,14,47.0,2,7,2,23.0,0,19.0,21.0,,,70.0,200.0,28.485294117647058,6.0,"Western State, Colo.",2017.0,2017.0,,,,0.25
2023,10,00-0033699,A.Ekeler,RB,LAC,DET,0,0,0.0,0,0.0,0.0,0.0,19,67.0,1,7,4,48.0,0,17.5,21.5,,,70.0,200.0,28.485294117647058,6.0,"Western State, Colo.",2017.0,2017.0,,,-3.0,0.175
2023,11,00-0033699,A.Ekeler,RB,LAC,GB,0,0,0.0,0,0.0,0.0,0.0,10,64.0,0,3,2,6.0,0,5.0,7.0,,,70.0,200.0,28.485294117647058,6.0,"Western State, Colo.",2017.0,2017.0,,,,0.083333336
2023,12,00-0033699,A.Ekeler,RB,LAC,BAL,0,0,0.0,0,0.0,0.0,0.0,10,32.0,0,6,5,32.0,0,4.4,9.4,,,70.0,200.0,28.485294117647058,6.0,"Western State, Colo.",2017.0,2017.0,,,-10.0,0.14634146
2023,13,00-0033699,A.Ekeler,RB,LAC,NE,0,0,0.0,0,0.0,0.0,0.0,14,18.0,0,3,2,9.0,0,2.7,4.7,,,70.0,200.0,28.485294117647058,6.0,"Western State, Colo.",2017.0,2017.0,,,,0.083333336
2023,14,00-0033699,A.Ekeler,RB,LAC,DEN,0,0,0.0,0,0.0,0.0,0.0,10,51.0,1,7,5,49.0,0,16.0,21.0,,,70.0,200.0,28.485294117647058,6.0,"Western State, Colo.",2017.0,2017.0,,,-17.0,0.17073171
2023,15,00-0033699,A.Ekeler,RB,LAC,LV,0,0,0.0,0,0.0,0.0,0.0,5,9.0,0,6,4,29.0,0,3.8,7.8,,,70.0,200.0,28.485294117647058,6.0,"Western State, Colo.",2017.0,2017.0,,,,0.19354838
2023,16,00-0033699,A.Ekeler,RB,LAC,BUF,0,0,0.0,0,0.0,0.0,0.0,15,65.0,0,4,3,21.0,0,8.6,11.6,,,70.0,200.0,28.485294117647058,6.0,"Western State, Colo.",2017.0,2017.0,,,-2.0,0.125
2023,17,00-0033699,A.Ekeler,RB,LAC,DEN,0,0,0.0,0,0.0,0.0,0.0,13,46.0,0,2,1,4.0,0,3.0,4.0,,,70.0,200.0,28.485294117647058,6.0,"Western State, Colo.",2017.0,2017.0,,,,0.054054055
2023,18,00-0033699,A.Ekeler,RB,LAC,KC,0,0,0.0,0,0.0,0.0,0.0,10,11.0,0,8,7,38.0,0,4.9,11.9,,,70.0,200.0,28.485294117647058,6.0,"Western State, Colo.",2017.0,2017.0,,,-1.0,0.17777778
2023,18,00-0033729,C.Johnston,P,HOU,IND,0,0,0.0,0,0.0,0.0,0.0,1,-23.0,0,0,0,0.0,0,-2.3,-2.3,,,71.0,194.0,31.727894736842106,6.0,Ohio State,2017.0,2017.0,,,,
2023,2,00-0033757,R.Tonyan,TE,CHI,TB,0,0,0.0,0,0.0,0.0,0.0,0,0.0,0,2,0,0.0,0,0.0,0.0,,,77.0,237.0,29.52164705882353,6.0,Indiana State,2017.0,2017.0,,,,0.071428575
2023,4,00-0033757,R.Tonyan,TE,CHI,DEN,0,0,0.0,0,0.0,0.0,0.0,0,0.0,0,2,2,18.0,0,1.8,3.8,,,77.0,237.0,29.52164705882353,6.0,Indiana State,2017.0,2017.0,,,-3.0,0.0625
2023,5,00-0033757,R.Tonyan,TE,CHI,WAS,0,0,0.0,0,0.0,0.0,0.0,0,0.0,0,2,2,10.0,0,1.0,3.0,,,77.0,237.0,29.52164705882353,6.0,Indiana State,2017.0,2017.0,,,,0.08
2023,6,00-0033757,R.Tonyan,TE,CHI,MIN,0,0,0.0,0,0.0,0.0,0.0,0,0.0,0,1,1,11.0,0,1.1,2.1,,,77.0,237.0,29.52164705882353,6.0,Indiana State,2017.0,2017.0,,,-6.0,0.041666668
2023,8,00-0033757,R.Tonyan,TE,CHI,LAC,0,0,0.0,0,0.0,0.0,0.0,0,0.0,0,1,1,8.0,0,0.8,1.8,,,77.0,237.0,29.52164705882353,6.0,Indiana State,2017.0,2017.0,,,,0.027027028
2023,9,00-0033757,R.Tonyan,TE,CHI,NO,0,0,0.0,0,0.0,0.0,0.0,0,0.0,0,1,1,11.0,0,1.1,2.1,,,77.0,237.0,29.52164705882353,6.0,Indiana State,2017.0,2017.0,,,,0.03846154
2023,12,00-0033757,R.Tonyan,TE,CHI,MIN,0,0,0.0,0,0.0,0.0,0.0,0,0.0,0,1,0,0.0,0,0.0,0.0,,,77.0,237.0,29.52164705882353,6.0,Indiana State,2017.0,2017.0,,,,0.03125
2023,15,00-0033757,R.Tonyan,TE,CHI,CLE,0,0,0.0,0,0.0,0.0,0.0,0,0.0,0,1,0,0.0,0,0.0,0.0,,,77.0,237.0,29.52164705882353,6.0,Indiana State,2017.0,2017.0,,,,0.028571429
2023,16,00-0033757,R.Tonyan,TE,CHI,ARI,0,0,0.0,0,0.0,0.0,0.0,0,0.0,0,1,1,14.0,0,1.4,2.4,,,77.0,237.0,29.52164705882353,6.0,Indiana State,2017.0,2017.0,,,11.0,0.04347826
2023,17,00-0033757,R.Tonyan,TE,CHI,ATL,0,0,0.0,0,0.0,0.0,0.0,0,0.0,0,4,3,40.0,0,4.0,7.0,,,77.0,237.0,29.52164705882353,6.0,Indiana State,2017.0,2017.0,,,20.0,0.13333334
2023,18,00-0033757,R.Tonyan,TE,CHI,GB,0,0,0.0,0,0.0,0.0,0.0,0,0.0,0,1,0,0.0,0,0.0,0.0,,,77.0,237.0,29.52164705882353,6.0,Indiana State,2017.0,2017.0,,,,0.0625
2023,2,00-0033854,D.Ogunbowale,RB,HOU,IND,0,0,0.0,0,0.0,0.0,0.0,2,4.0,0,0,0,0.0,0,0.4,0.4,,,71.0,205.0,29.537684210526315,6.0,Wisconsin,2017.0,2017.0,,,-11.0,
2023,13,00-0033854,D.Ogunbowale,RB,HOU,DEN,0,0,0.0,0,0.0,0.0,0.0,1,1.0,0,1,1,14.0,0,1.5,2.5,,,71.0,205.0,29.537684210526315,6.0,Wisconsin,2017.0,2017.0,,,5.0,0.037037037
2023,14,00-0033854,D.Ogunbowale,RB,HOU,NYJ,0,0,0.0,0,0.0,0.0,0.0,2,7.0,0,2,1,4.0,0,1.1,2.1,,,71.0,205.0,29.537684210526315,6.0,Wisconsin,2017.0,2017.0,,,,0.074074075
2023,15,00-0033854,D.Ogunbowale,RB,HOU,TEN,0,0,0.0,0,0.0,0.0,0.0,1,17.0,0,1,0,0.0,0,1.7,1.7,,,71.0,205.0,29.537684210526315,6.0,Wisconsin,2017.0,2017.0,,,,0.029411765
2023,16,00-0033854,D.Ogunbowale,RB,HOU,CLE,0,0,0.0,0,0.0,0.0,0.0,1,6.0,0,3,0,0.0,0,0.6,0.6,,,71.0,205.0,29.537684210526315,6.0,Wisconsin,2017.0,2017.0,,,-14.0,0.0625
2023,17,00-0033854,D.Ogunbowale,RB,HOU,TEN,0,0,0.0,0,0.0,0.0,0.0,1,0.0,0,0,0,0.0,0,0.0,0.0,,,71.0,205.0,29.537684210526315,6.0,Wisconsin,2017.0,2017.0,,,23.0,
2023,20,00-0033854,D.Ogunbowale,RB,HOU,BAL,0,0,0.0,0,0.0,0.0,0.0,2,7.0,0,1,1,13.0,0,2.0,3.0,,,71.0,205.0,29.537684210526315,6.0,Wisconsin,2017.0,2017.0,,,,0.032258064
2023,16,00-0033856,L.Fournette,RB,BUF,LAC,0,0,0.0,0,0.0,0.0,0.0,5,20.0,0,0,0,0.0,0,2.0,2.0,,,72.0,228.0,28.894799999999996,6.0,Louisiana State,2017.0,2017.0,JAX,4.0,,
2023,18,00-0033856,L.Fournette,RB,BUF,MIA,0,0,0.0,0,0.0,0.0,0.0,7,20.0,0,0,0,0.0,0,2.0,2.0,,,72.0,228.0,28.894799999999996,6.0,Louisiana State,2017.0,2017.0,JAX,4.0,,
2023,1,00-0033857,J.Smith-Schuster,WR,NE,PHI,0,0,0.0,0,0.0,0.0,0.0,0,0.0,0,7,4,33.0,0,3.3,7.3,,,73.0,215.0,26.958823529411767,6.0,Southern California,2017.0,2017.0,PIT,62.0,-5.0,0.12962963
2023,2,00-0033857,J.Smith-Schuster,WR,NE,MIA,0,0,0.0,0,0.0,0.0,0.0,0,0.0,0,6,5,28.0,0,2.8,7.8,,,73.0,215.0,26.958823529411767,6.0,Southern California,2017.0,2017.0,PIT,62.0,-7.0,0.14285715
2023,3,00-0033857,J.Smith-Schuster,WR,NE,NYJ,0,0,0.0,0,0.0,0.0,0.0,0,0.0,0,3,1,5.0,0,0.5,1.5,,,73.0,215.0,26.958823529411767,6.0,Southern California,2017.0,2017.0,PIT,62.0,,0.11111111
2023,4,00-0033857,J.Smith-Schuster,WR,NE,DAL,0,0,0.0,0,0.0,0.0,0.0,0,0.0,0,5,1,14.0,0,1.4,2.4,,,73.0,215.0,26.958823529411767,6.0,Southern California,2017.0,2017.0,PIT,62.0,,0.1724138
2023,5,00-0033857,J.Smith-Schuster,WR,NE,NO,0,0,0.0,0,0.0,0.0,0.0,0,0.0,0,4,3,6.0,0,0.6,3.6,,,73.0,215.0,26.958823529411767,6.0,Southern California,2017.0,2017.0,PIT,62.0,-34.0,0.12903225
2023,8,00-0033857,J.Smith-Schuster,WR,NE,MIA,0,0,0.0,0,0.0,0.0,0.0,0,0.0,0,1,1,3.0,1,6.3,7.3,,,73.0,215.0,26.958823529411767,6.0,Southern California,2017.0,2017.0,PIT,62.0,,0.035714287
2023,9,00-0033857,J.Smith-Schuster,WR,NE,WAS,0,0,0.0,0,0.0,0.0,0.0,0,0.0,0,7,6,51.0,0,5.1,11.1,,,73.0,215.0,26.958823529411767,6.0,Southern California,2017.0,2017.0,PIT,62.0,-3.0,0.1627907
2023,10,00-0033857,J.Smith-Schuster,WR,NE,IND,0,0,0.0,0,0.0,0.0,0.0,0,0.0,0,1,1,9.0,0,0.9,1.9,,,73.0,215.0,26.958823529411767,6.0,Southern California,2017.0,2017.0,PIT,62.0,-4.0,0.03846154
2023,12,00-0033857,J.Smith-Schuster,WR,NE,NYG,0,0,0.0,0,0.0,0.0,0.0,0,0.0,0,4,2,10.0,0,1.0,3.0,,,73.0,215.0,26.958823529411767,6.0,Southern California,2017.0,2017.0,PIT,62.0,,0.114285715
2023,13,00-0033857,J.Smith-Schuster,WR,NE,LAC,0,0,0.0,0,0.0,0.0,0.0,0,0.0,0,3,1,11.0,0,1.1,2.1,,,73.0,215.0,26.958823529411767,6.0,Southern California,2017.0,2017.0,PIT,62.0,-6.0,0.125
2023,14,00-0033857,J.Smith-Schuster,WR,NE,PIT,0,0,0.0,0,0.0,0.0,0.0,0,0.0,0,6,4,90.0,0,9.0,13.0,,,73.0,215.0,26.958823529411767,6.0,Southern California,2017.0,2017.0,PIT,62.0,,0.23076923
2023,2,00-0033858,J.Smith,TE,ATL,GB,0,0,0.0,0,0.0,0.0,0.0,0,0.0,0,6,4,47.0,0,4.7,8.7,,,75.0,248.0,28.21323529411765,6.0,Florida International,2017.0,2017.0,TEN,100.0,1.0,0.2
2023,3,00-0033858,J.Smith,TE,ATL,DET,0,0,0.0,0,0.0,0.0,0.0,0,0.0,0,8,5,37.0,0,3.7,8.7,,,75.0,248.0,28.21323529411765,6.0,Florida International,2017.0,2017.0,TEN,100.0,,0.21052632
2023,4,00-0033858,J.Smith,TE,ATL,JAX,0,0,0.0,0,0.0,0.0,0.0,0,0.0,0,6,6,95.0,0,9.5,15.5,,,75.0,248.0,28.21323529411765,6.0,Florida International,2017.0,2017.0,TEN,100.0,,0.2
2023,5,00-0033858,J.Smith,TE,ATL,HOU,0,0,0.0,0,0.0,0.0,0.0,0,0.0,0,7,6,67.0,0,4.7,10.7,,,75.0,248.0,28.21323529411765,6.0,Florida International,2017.0,2017.0,TEN,100.0,2.0,0.18421052
2023,6,00-0033858,J.Smith,TE,ATL,WAS,0,0,0.0,0,0.0,0.0,0.0,0,0.0,0,5,4,36.0,1,9.6,13.6,,,75.0,248.0,28.21323529411765,6.0,Florida International,2017.0,2017.0,TEN,100.0,-8.0,0.11363637
2023,7,00-0033858,J.Smith,TE,ATL,TB,0,0,0.0,0,0.0,0.0,0.0,0,0.0,0,3,3,27.0,0,2.7,5.7,,,75.0,248.0,28.21323529411765,6.0,Florida International,2017.0,2017.0,TEN,100.0,,0.13043478
2023,8,00-0033858,J.Smith,TE,ATL,TEN,0,1,0.0,0,0.0,0.0,-0.0,0,0.0,0,1,1,13.0,0,1.3,2.3,,,75.0,248.0,28.21323529411765,6.0,Florida International,2017.0,2017.0,TEN,100.0,,0.030303031
2023,9,00-0033858,J.Smith,TE,ATL,MIN,0,0,0.0,0,0.0,0.0,0.0,1,0.0,0,6,5,100.0,1,16.0,21.0,,,75.0,248.0,28.21323529411765,6.0,Florida International,2017.0,2017.0,TEN,100.0,-3.0,0.1764706
2023,10,00-0033858,J.Smith,TE,ATL,ARI,0,0,0.0,0,0.0,0.0,0.0,0,0.0,0,3,1,1.0,0,0.1,1.1,,,75.0,248.0,28.21323529411765,6.0,Florida International,2017.0,2017.0,TEN,100.0,,0.15789473
2023,13,00-0033858,J.Smith,TE,ATL,NYJ,0,0,0.0,0,0.0,0.0,0.0,0,0.0,0,3,2,10.0,0,1.0,3.0,,,75.0,248.0,28.21323529411765,6.0,Florida International,2017.0,2017.0,TEN,100.0,,0.12
2023,14,00-0033858,J.Smith,TE,ATL,TB,0,0,0.0,0,0.0,0.0,0.0,0,0.0,0,7,4,27.0,0,2.7,6.7,,,75.0,248.0,28.21323529411765,6.0,Florida International,2017.0,2017.0,TEN,100.0,-4.0,0.17948718
2023,15,00-0033858,J.Smith,TE,ATL,CAR,0,0,0.0,0,0.0,0.0,0.0,0,0.0,0,2,2,61.0,0,6.1,8.1,,,75.0,248.0,28.21323529411765,6.0,Florida International,2017.0,2017.0,TEN,100.0,,0.10526316
2023,16,00-0033858,J.Smith,TE,ATL,IND,0,0,0.0,0,0.0,0.0,0.0,0,0.0,0,6,4,32.0,0,3.2,7.2,,,75.0,248.0,28.21323529411765,6.0,Florida International,2017.0,2017.0,TEN,100.0,19.0,0.1875
2023,17,00-0033858,J.Smith,TE,ATL,CHI,0,0,0.0,0,0.0,0.0,0.0,0,0.0,0,4,0,0.0,0,0.0,0.0,,,75.0,248.0,28.21323529411765,6.0,Florida International,2017.0,2017.0,TEN,100.0,,0.125
2023,18,00-0033858,J.Smith,TE,ATL,NO,0,0,0.0,0,0.0,0.0,0.0,0,0.0,0,3,3,29.0,1,8.9,11.9,,,75.0,248.0,28.21323529411765,6.0,Florida International,2017.0,2017.0,TEN,100.0,,0.0882353
2023,18,00-0033863,D.Skipper,T,DET,MIN,0,0,0.0,0,0.0,0.0,0.0,0,0.0,0,1,1,4.0,0,0.4,1.4,,,81.0,325.0,29.173736842105267,6.0,Arkansas,2017.0,2017.0,,,10.0,0.032258064
2023,4,00-0033869,M.Trubisky,QB,PIT,HOU,3,5,18.0,0,0.0,0.0,-0.0,0,0.0,0,0,0,0.0,0,0.72,0.72,,,74.0,215.0,29.232499999999998,6.0,North Carolina,2017.0,2017.0,CHI,2.0,,
2023,8,00-0033869,M.Trubisky,QB,PIT,JAX,15,27,138.0,1,2.0,2.0,15.0,3,18.0,0,0,0,0.0,0,7.32,7.32,,,74.0,215.0,29.232499999999998,6.0,North Carolina,2017.0,2017.0,CHI,2.0,-10.0,
2023,13,00-0033869,M.Trubisky,QB,PIT,ARI,11,17,117.0,1,0.0,0.0,-0.0,3,5.0,0,0,0,0.0,0,7.18,7.18,,,74.0,215.0,29.232499999999998,6.0,North Carolina,2017.0,2017.0,CHI,2.0,-14.0,
2023,14,00-0033869,M.Trubisky,QB,PIT,NE,22,35,190.0,1,1.0,2.0,8.0,8,30.0,1,0,0,0.0,0,20.6,20.6,,,74.0,215.0,29.232499999999998,6.0,North Carolina,2017.0,2017.0,CHI,2.0,-3.0,
2023,15,00-0033869,M.Trubisky,QB,PIT,IND,16,23,169.0,1,2.0,3.0,19.0,2,1.0,1,0,0,0.0,0,12.86,12.86,,,74.0,215.0,29.232499999999998,6.0,North Carolina,2017.0,2017.0,CHI,2.0,,
2023,1,00-0033873,P.Mahomes,QB,KC,DET,21,39,226.0,2,1.0,0.0,-0.0,6,45.0,0,0,0,0.0,0,19.54,19.54,,,74.0,230.0,28.183619047619047,6.0,Texas Tech,2017.0,2017.0,KC,10.0,-1.0,
2023,2,00-0033873,P.Mahomes,QB,KC,JAX,29,41,305.0,2,1.0,1.0,7.0,7,30.0,0,0,0,0.0,0,21.2,21.2,,,74.0,230.0,28.183619047619047,6.0,Texas Tech,2017.0,2017.0,KC,10.0,,
2023,3,00-0033873,P.Mahomes,QB,KC,CHI,24,33,272.0,3,0.0,0.0,-0.0,3,28.0,0,0,0,0.0,0,25.68,25.68,,,74.0,230.0,28.183619047619047,6.0,Texas Tech,2017.0,2017.0,KC,10.0,31.0,
2023,4,00-0033873,P.Mahomes,QB,KC,NYJ,18,30,203.0,1,2.0,1.0,6.0,7,51.0,0,0,0,0.0,0,13.22,13.22,,,74.0,230.0,28.183619047619047,6.0,Texas Tech,2017.0,2017.0,KC,10.0,,
2023,5,00-0033873,P.Mahomes,QB,KC,MIN,31,41,281.0,2,0.0,2.0,15.0,0,0.0,0,0,0,0.0,0,19.24,19.24,,,74.0,230.0,28.183619047619047,6.0,Texas Tech,2017.0,2017.0,KC,10.0,,
2023,6,00-0033873,P.Mahomes,QB,KC,DEN,30,40,306.0,1,1.0,2.0,13.0,6,31.0,0,0,0,0.0,0,17.34,17.34,,,74.0,230.0,28.183619047619047,6.0,Texas Tech,2017.0,2017.0,KC,10.0,11.0,
2023,7,00-0033873,P.Mahomes,QB,KC,LAC,32,42,424.0,4,1.0,1.0,9.0,4,29.0,0,0,0,0.0,0,33.86,33.86,,,74.0,230.0,28.183619047619047,6.0,Texas Tech,2017.0,2017.0,KC,10.0,14.0,
2023,8,00-0033873,P.Mahomes,QB,KC,DEN,24,38,240.0,0,2.0,3.0,28.0,3,20.0,0,0,0,0.0,0,5.6,5.6,,,74.0,230.0,28.183619047619047,6.0,Texas Tech,2017.0,2017.0,KC,10.0,,
2023,9,00-0033873,P.Mahomes,QB,KC,MIA,20,30,185.0,2,0.0,2.0,11.0,6,24.0,0,0,0,0.0,0,15.8,15.8,,,74.0,230.0,28.183619047619047,6.0,Texas Tech,2017.0,2017.0,KC,10.0,7.0,
2023,11,00-0033873,P.Mahomes,QB,KC,PHI,24,43,177.0,2,1.0,1.0,9.0,6,38.0,0,0,0,0.0,0,16.88,16.88,,,74.0,230.0,28.183619047619047,6.0,Texas Tech,2017.0,2017.0,KC,10.0,-4.0,
2023,12,00-0033873,P.Mahomes,QB,KC,LV,27,34,298.0,2,0.0,1.0,7.0,5,9.0,0,0,0,0.0,0,20.82,20.82,,,74.0,230.0,28.183619047619047,6.0,Texas Tech,2017.0,2017.0,KC,10.0,,
2023,13,00-0033873,P.Mahomes,QB,KC,GB,21,33,210.0,1,1.0,3.0,21.0,4,26.0,0,0,0,0.0,0,13.0,13.0,,,74.0,230.0,28.183619047619047,6.0,Texas Tech,2017.0,2017.0,KC,10.0,,
2023,14,00-0033873,P.Mahomes,QB,KC,BUF,25,43,271.0,1,1.0,1.0,7.0,1,8.0,0,0,0,0.0,0,13.64,13.64,,,74.0,230.0,28.183619047619047,6.0,Texas Tech,2017.0,2017.0,KC,10.0,-3.0,
2023,15,00-0033873,P.Mahomes,QB,KC,NE,27,37,305.0,2,2.0,3.0,26.0,3,-5.0,0,0,0,0.0,0,15.7,15.7,,,74.0,230.0,28.183619047619047,6.0,Texas Tech,2017.0,2017.0,KC,10.0,,
2023,16,00-0033873,P.Mahomes,QB,KC,LV,27,44,235.0,1,1.0,4.0,23.0,10,53.0,0,0,0,0.0,0,16.7,16.7,,,74.0,230.0,28.183619047619047,6.0,Texas Tech,2017.0,2017.0,KC,10.0,-6.0,
2023,17,00-0033873,P.Mahomes,QB,KC,CIN,21,29,245.0,1,0.0,2.0,4.0,4,2.0,0,0,0,0.0,0,12.0,12.0,,,74.0,230.0,28.183619047619047,6.0,Texas Tech,2017.0,2017.0,KC,10.0,8.0,
2023,19,00-0033873,P.Mahomes,QB,KC,MIA,23,41,262.0,1,0.0,0.0,-0.0,2,41.0,0,0,0,0.0,0,18.58,18.58,,,74.0,230.0,28.183619047619047,6.0,Texas Tech,2017.0,2017.0,KC,10.0,19.0,
2023,20,00-0033873,P.Mahomes,QB,KC,BUF,17,23,215.0,2,0.0,0.0,-0.0,6,19.0,0,0,0,0.0,0,18.5,18.5,,,74.0,230.0,28.183619047619047,6.0,Texas Tech,2017.0,2017.0,KC,10.0,,
2023,21,00-0033873,P.Mahomes,QB,KC,BAL,30,39,241.0,1,0.0,2.0,11.0,6,15.0,0,0,0,0.0,0,15.14,15.14,,,74.0,230.0,28.183619047619047,6.0,Texas Tech,2017.0,2017.0,KC,10.0,,
2023,22,00-0033873,P.Mahomes,QB,KC,SF,34,46,333.0,2,1.0,3.0,8.0,9,66.0,0,0,0,0.0,0,25.92,25.92,,,74.0,230.0,28.183619047619047,6.0,Texas Tech,2017.0,2017.0,KC,10.0,3.0,
2023,1,00-0033881,E.Engram,TE,JAX,IND,0,0,0.0,0,0.0,0.0,0.0,0,0.0,0,5,5,49.0,0,4.9,9.9,,,75.0,240.0,29.18441176470588,6.0,Mississippi,2017.0,2017.0,NYG,23.0,,0.15625
2023,2,00-0033881,E.Engram,TE,JAX,KC,0,0,0.0,0,0.0,0.0,0.0,0,0.0,0,8,6,57.0,0,5.7,11.7,,,75.0,240.0,29.18441176470588,6.0,Mississippi,2017.0,2017.0,NYG,23.0,-8.0,0.19512194
2023,3,00-0033881,E.Engram,TE,JAX,HOU,0,0,0.0,0,0.0,0.0,0.0,0,0.0,0,8,7,67.0,0,6.7,13.7,,,75.0,240.0,29.18441176470588,6.0,Mississippi,2017.0,2017.0,NYG,23.0,-20.0,0.2
2023,4,00-0033881,E.Engram,TE,JAX,ATL,0,0,0.0,0,0.0,0.0,0.0,0,0.0,0,8,7,59.0,0,5.9,12.9,,,75.0,240.0,29.18441176470588,6.0,Mississippi,2017.0,2017.0,NYG,23.0,16.0,0.26666668
2023,5,00-0033881,E.Engram,TE,JAX,BUF,0,0,0.0,0,0.0,0.0,0.0,0,0.0,0,8,4,28.0,0,2.8,6.8,,,75.0,240.0,29.18441176470588,6.0,Mississippi,2017.0,2017.0,NYG,23.0,,0.21621622
2023,6,00-0033881,E.Engram,TE,JAX,IND,0,0,0.0,0,0.0,0.0,0.0,0,0.0,0,7,7,41.0,0,4.1,11.1,,,75.0,240.0,29.18441176470588,6.0,Mississippi,2017.0,2017.0,NYG,23.0,17.0,0.25
2023,7,00-0033881,E.Engram,TE,JAX,NO,0,0,0.0,0,0.0,0.0,0.0,0,0.0,0,7,5,45.0,0,4.5,9.5,,,75.0,240.0,29.18441176470588,6.0,Mississippi,2017.0,2017.0,NYG,23.0,,0.23333333
2023,8,00-0033881,E.Engram,TE,JAX,PIT,0,0,0.0,0,0.0,0.0,0.0,0,0.0,0,10,10,88.0,0,6.8,16.8,,,75.0,240.0,29.18441176470588,6.0,Mississippi,2017.0,2017.0,NYG,23.0,,0.3125
2023,10,00-0033881,E.Engram,TE,JAX,SF,0,0,0.0,0,0.0,0.0,0.0,0,0.0,0,7,4,12.0,0,1.2,5.2,,,75.0,240.0,29.18441176470588,6.0,Mississippi,2017.0,2017.0,NYG,23.0,-31.0,0.22580644
2023,11,00-0033881,E.Engram,TE,JAX,TEN,0,0,0.0,0,0.0,0.0,0.0,0,0.0,0,6,4,29.0,0,2.9,6.9,,,75.0,240.0,29.18441176470588,6.0,Mississippi,2017.0,2017.0,NYG,23.0,20.0,0.19354838
2023,12,00-0033881,E.Engram,TE,JAX,HOU,0,0,0.0,0,0.0,0.0,0.0,0,0.0,0,8,5,49.0,0,4.9,9.9,,,75.0,240.0,29.18441176470588,6.0,Mississippi,2017.0,2017.0,NYG,23.0,,0.21621622
2023,13,00-0033881,E.Engram,TE,JAX,CIN,0,0,0.0,0,0.0,0.0,0.0,0,0.0,0,9,9,82.0,1,14.2,23.2,,,75.0,240.0,29.18441176470588,6.0,Mississippi,2017.0,2017.0,NYG,23.0,-3.0,0.23076923
2023,14,00-0033881,E.Engram,TE,JAX,CLE,0,0,0.0,0,0.0,0.0,0.0,0,0.0,0,12,11,95.0,2,21.5,32.5,,,75.0,240.0,29.18441176470588,6.0,Mississippi,2017.0,2017.0,NYG,23.0,,0.24489796
2023,15,00-0033881,E.Engram,TE,JAX,BAL,0,0,0.0,0,0.0,0.0,0.0,0,0.0,0,6,4,28.0,0,2.8,6.8,,,75.0,240.0,29.18441176470588,6.0,Mississippi,2017.0,2017.0,NYG,23.0,-16.0,0.14285715
2023,16,00-0033881,E.Engram,TE,JAX,TB,0,0,0.0,0,0.0,0.0,0.0,0,0.0,0,15,10,95.0,0,7.5,17.5,,,75.0,240.0,29.18441176470588,6.0,Mississippi,2017.0,2017.0,NYG,23.0,,0.3409091
2023,17,00-0033881,E.Engram,TE,JAX,CAR,0,0,0.0,0,0.0,0.0,0.0,0,0.0,0,6,6,60.0,0,6.0,12.0,,,75.0,240.0,29.18441176470588,6.0,Mississippi,2017.0,2017.0,NYG,23.0,26.0,0.26086956
2023,18,00-0033881,E.Engram,TE,JAX,TEN,0,0,0.0,0,0.0,0.0,0.0,0,0.0,0,13,10,79.0,1,13.9,23.9,,,75.0,240.0,29.18441176470588,6.0,Mississippi,2017.0,2017.0,NYG,23.0,,0.31707317
2023,1,00-0033885,D.Njoku,TE,CLE,CIN,0,0,0.0,0,0.0,0.0,0.0,0,0.0,0,3,2,24.0,0,2.4,4.4,,,76.0,246.0,27.34511111111111,6.0,Miami,2017.0,2017.0,CLE,29.0,21.0,0.10344828
2023,2,00-0033885,D.Njoku,TE,CLE,PIT,0,0,0.0,0,0.0,0.0,0.0,0,0.0,0,4,4,48.0,0,2.8,6.8,,,76.0,246.0,27.34511111111111,6.0,Miami,2017.0,2017.0,CLE,29.0,,0.1
2023,3,00-0033885,D.Njoku,TE,CLE,TEN,0,0,0.0,0,0.0,0.0,0.0,0,0.0,0,4,4,20.0,0,2.0,6.0,,,76.0,246.0,27.34511111111111,6.0,Miami,2017.0,2017.0,CLE,29.0,24.0,0.12903225
2023,4,00-0033885,D.Njoku,TE,CLE,BAL,0,0,0.0,0,0.0,0.0,0.0,0,0.0,0,7,6,46.0,0,4.6,10.6,,,76.0,246.0,27.34511111111111,6.0,Miami,2017.0,2017.0,CLE,29.0,-25.0,0.20588236
2023,6,00-0033885,D.Njoku,TE,CLE,SF,0,0,0.0,0,0.0,0.0,0.0,0,0.0,0,4,3,24.0,0,2.4,5.4,,,76.0,246.0,27.34511111111111,6.0,Miami,2017.0,2017.0,CLE,29.0,2.0,0.121212125
2023,7,00-0033885,D.Njoku,TE,CLE,IND,0,0,0.0,0,0.0,0.0,0.0,0,0.0,0,9,5,54.0,0,5.4,10.4,,,76.0,246.0,27.34511111111111,6.0,Miami,2017.0,2017.0,CLE,29.0,,0.25714287
2023,8,00-0033885,D.Njoku,TE,CLE,SEA,0,0,0.0,0,0.0,0.0,0.0,0,0.0,0,8,4,77.0,1,13.7,17.7,,,76.0,246.0,27.34511111111111,6.0,Miami,2017.0,2017.0,CLE,29.0,,0.26666668
2023,9,00-0033885,D.Njoku,TE,CLE,ARI,0,0,0.0,0,0.0,0.0,0.0,0,0.0,0,6,4,26.0,1,8.6,12.6,,,76.0,246.0,27.34511111111111,6.0,Miami,2017.0,2017.0,CLE,29.0,27.0,0.21428572
2023,10,00-0033885,D.Njoku,TE,CLE,BAL,0,0,0.0,0,0.0,0.0,0.0,0,0.0,0,9,6,58.0,0,5.8,11.8,,,76.0,246.0,27.34511111111111,6.0,Miami,2017.0,2017.0,CLE,29.0,,0.28125
2023,11,00-0033885,D.Njoku,TE,CLE,PIT,0,0,0.0,0,0.0,0.0,0.0,0,0.0,0,15,7,56.0,0,5.6,12.6,,,76.0,246.0,27.34511111111111,6.0,Miami,2017.0,2017.0,CLE,29.0,3.0,0.36585367
2023,12,00-0033885,D.Njoku,TE,CLE,DEN,0,0,0.0,0,0.0,0.0,0.0,0,0.0,0,9,6,59.0,0,5.9,11.9,,,76.0,246.0,27.34511111111111,6.0,Miami,2017.0,2017.0,CLE,29.0,,0.23076923
2023,13,00-0033885,D.Njoku,TE,CLE,LA,0,0,0.0,0,0.0,0.0,0.0,0,0.0,0,6,2,17.0,0,1.7,3.7,,,76.0,246.0,27.34511111111111,6.0,Miami,2017.0,2017.0,CLE,29.0,,0.14634146
2023,14,00-0033885,D.Njoku,TE,CLE,JAX,0,0,0.0,0,0.0,0.0,0.0,0,0.0,0,8,6,91.0,2,21.1,27.1,,,76.0,246.0,27.34511111111111,6.0,Miami,2017.0,2017.0,CLE,29.0,4.0,0.18604651
2023,15,00-0033885,D.Njoku,TE,CLE,CHI,0,0,0.0,0,0.0,0.0,0.0,0,0.0,0,14,10,104.0,1,16.4,26.4,,,76.0,246.0,27.34511111111111,6.0,Miami,2017.0,2017.0,CLE,29.0,3.0,0.3181818
2023,16,00-0033885,D.Njoku,TE,CLE,HOU,0,0,0.0,0,0.0,0.0,0.0,0,0.0,0,9,6,44.0,1,10.4,16.4,,,76.0,246.0,27.34511111111111,6.0,Miami,2017.0,2017.0,CLE,29.0,,0.20930232
2023,17,00-0033885,D.Njoku,TE,CLE,NYJ,0,0,0.0,0,0.0,0.0,0.0,0,0.0,0,8,6,134.0,0,11.4,17.4,,,76.0,246.0,27.34511111111111,6.0,Miami,2017.0,2017.0,CLE,29.0,17.0,0.27586207
2023,19,00-0033885,D.Njoku,TE,CLE,HOU,0,0,0.0,0,0.0,0.0,0.0,0,0.0,0,11,7,93.0,0,9.3,16.3,,,76.0,246.0,27.34511111111111,6.0,Miami,2017.0,2017.0,CLE,29.0,,0.25581396
2023,1,00-0033891,Z.Jones,WR,JAX,IND,0,0,0.0,0,0.0,0.0,0.0,0,0.0,0,7,5,55.0,1,11.5,16.5,,,74.0,200.0,28.612176470588235,6.0,East Carolina,2017.0,2017.0,BUF,37.0,,0.21875
2023,2,00-0033891,Z.Jones,WR,JAX,KC,0,0,0.0,0,0.0,0.0,0.0,0,0.0,0,6,0,0.0,0,0.0,0.0,,,74.0,200.0,28.612176470588235,6.0,East Carolina,2017.0,2017.0,BUF,37.0,-8.0,0.14634146
2023,5,00-0033891,Z.Jones,WR,JAX,BUF,0,0,0.0,0,0.0,0.0,0.0,0,0.0,0,5,3,23.0,1,8.3,11.3,,,74.0,200.0,28.612176470588235,6.0,East Carolina,2017.0,2017.0,BUF,37.0,,0.13513513
2023,11,00-0033891,Z.Jones,WR,JAX,TEN,0,0,0.0,0,0.0,0.0,0.0,0,0.0,0,4,4,20.0,0,2.0,6.0,,,74.0,200.0,28.612176470588235,6.0,East Carolina,2017.0,2017.0,BUF,37.0,20.0,0.12903225
2023,12,00-0033891,Z.Jones,WR,JAX,HOU,0,0,0.0,0,0.0,0.0,0.0,0,0.0,0,3,1,10.0,0,1.0,2.0,,,74.0,200.0,28.612176470588235,6.0,East Carolina,2017.0,2017.0,BUF,37.0,,0.08108108
2023,13,00-0033891,Z.Jones,WR,JAX,CIN,0,0,0.0,0,0.0,0.0,0.0,0,0.0,0,8,5,78.0,0,7.8,12.8,,,74.0,200.0,28.612176470588235,6.0,East Carolina,2017.0,2017.0,BUF,37.0,-3.0,0.20512821
2023,14,00-0033891,Z.Jones,WR,JAX,CLE,0,0,0.0,0,0.0,0.0,0.0,0,0.0,0,14,5,29.0,0,2.9,7.9,,,74.0,200.0,28.612176470588235,6.0,East Carolina,2017.0,2017.0,BUF,37.0,,0.2857143
2023,15,00-0033891,Z.Jones,WR,JAX,BAL,0,0,0.0,0,0.0,0.0,0.0,0,0.0,0,8,5,59.0,0,5.9,10.9,,,74.0,200.0,28.612176470588235,6.0,East Carolina,2017.0,2017.0,BUF,37.0,-16.0,0.1904762
2023,18,00-0033891,Z.Jones,WR,JAX,TEN,0,0,0.0,0,0.0,0.0,0.0,0,0.0,0,9,6,47.0,0,4.7,10.7,,,74.0,200.0,28.612176470588235,6.0,East Carolina,2017.0,2017.0,BUF,37.0,,0.2195122
2023,1,00-0033893,D.Cook,RB,NYJ,BUF,0,0,0.0,0,0.0,0.0,0.0,13,33.0,0,3,3,26.0,0,5.9,8.9,,,70.0,210.0,28.271736842105263,6.0,Florida State,2017.0,2017.0,MIN,41.0,6.0,0.16666667
2023,2,00-0033893,D.Cook,RB,NYJ,DAL,0,0,0.0,0,0.0,0.0,0.0,4,7.0,0,1,1,5.0,0,-0.8,0.2,,,70.0,210.0,28.271736842105263,6.0,Florida State,2017.0,2017.0,MIN,41.0,,0.04
2023,3,00-0033893,D.Cook,RB,NYJ,NE,0,0,0.0,0,0.0,0.0,0.0,8,18.0,0,3,3,11.0,0,2.9,5.9,,,70.0,210.0,28.271736842105263,6.0,Florida State,2017.0,2017.0,MIN,41.0,-5.0,0.10714286
2023,4,00-0033893,D.Cook,RB,NYJ,KC,0,0,0.0,0,0.0,0.0,0.0,5,16.0,0,1,1,2.0,0,1.8,2.8,,,70.0,210.0,28.271736842105263,6.0,Florida State,2017.0,2017.0,MIN,41.0,-3.0,0.025641026
2023,5,00-0033893,D.Cook,RB,NYJ,DEN,0,0,0.0,0,0.0,0.0,0.0,6,23.0,0,0,0,0.0,0,2.3,2.3,,,70.0,210.0,28.271736842105263,6.0,Florida State,2017.0,2017.0,MIN,41.0,,
2023,6,00-0033893,D.Cook,RB,NYJ,PHI,0,0,0.0,0,0.0,0.0,0.0,3,12.0,0,1,1,2.0,0,1.4,2.4,,,70.0,210.0,28.271736842105263,6.0,Florida State,2017.0,2017.0,MIN,41.0,6.0,0.030303031
2023,8,00-0033893,D.Cook,RB,NYJ,NYG,0,0,0.0,0,0.0,0.0,0.0,2,5.0,0,0,0,0.0,0,0.5,0.5,,,70.0,210.0,28.271736842105263,6.0,Florida State,2017.0,2017.0,MIN,41.0,,
2023,9,00-0033893,D.Cook,RB,NYJ,LAC,0,0,0.0,0,0.0,0.0,0.0,2,7.0,0,2,1,1.0,0,0.8,1.8,,,70.0,210.0,28.271736842105263,6.0,Florida State,2017.0,2017.0,MIN,41.0,-21.0,0.041666668
2023,10,00-0033893,D.Cook,RB,NYJ,LV,0,0,0.0,0,0.0,0.0,0.0,4,26.0,0,1,0,0.0,0,2.6,2.6,,,70.0,210.0,28.271736842105263,6.0,Florida State,2017.0,2017.0,MIN,41.0,,0.027027028
2023,11,00-0033893,D.Cook,RB,NYJ,BUF,0,0,0.0,0,0.0,0.0,0.0,2,13.0,0,1,0,0.0,0,1.3,1.3,,,70.0,210.0,28.271736842105263,6.0,Florida State,2017.0,2017.0,MIN,41.0,,0.035714287
2023,12,00-0033893,D.Cook,RB,NYJ,MIA,0,0,0.0,0,0.0,0.0,0.0,1,2.0,0,3,2,19.0,0,2.1,4.1,,,70.0,210.0,28.271736842105263,6.0,Florida State,2017.0,2017.0,MIN,41.0,-21.0,0.083333336
2023,13,00-0033893,D.Cook,RB,NYJ,ATL,0,0,0.0,0,0.0,0.0,0.0,9,35.0,0,2,1,11.0,0,2.6,3.6,,,70.0,210.0,28.271736842105263,6.0,Florida State,2017.0,2017.0,MIN,41.0,-5.0,0.055555556
2023,14,00-0033893,D.Cook,RB,NYJ,HOU,0,0,0.0,0,0.0,0.0,0.0,7,13.0,0,1,1,-5.0,0,0.8,1.8,,,70.0,210.0,28.271736842105263,6.0,Florida State,2017.0,2017.0,MIN,41.0,24.0,0.028571429
2023,15,00-0033893,D.Cook,RB,NYJ,MIA,0,0,0.0,0,0.0,0.0,0.0,1,4.0,0,1,1,6.0,0,1.0,2.0,,,70.0,210.0,28.271736842105263,6.0,Florida State,2017.0,2017.0,MIN,41.0,,0.030303031
2023,20,00-0033893,D.Cook,RB,BAL,HOU,0,0,0.0,0,0.0,0.0,0.0,8,23.0,0,0,0,0.0,0,2.3,2.3,,,70.0,210.0,28.271736842105263,6.0,Florida State,2017.0,2017.0,MIN,41.0,24.0,
2023,1,00-0033895,G.Everett,TE,LAC,MIA,0,0,0.0,0,0.0,0.0,0.0,1,2.0,0,3,2,21.0,0,2.3,4.3,,,75.0,240.0,29.377764705882356,6.0,South Alabama,2017.0,2017.0,LA,44.0,-2.0,0.09677419
2023,2,00-0033895,G.Everett,TE,LAC,TEN,0,0,0.0,0,0.0,0.0,0.0,0,0.0,0,3,3,47.0,0,4.7,7.7,,,75.0,240.0,29.377764705882356,6.0,South Alabama,2017.0,2017.0,LA,44.0,,0.07692308
2023,3,00-0033895,G.Everett,TE,LAC,MIN,0,0,0.0,0,0.0,0.0,0.0,0,0.0,0,6,6,30.0,0,3.0,9.0,,,75.0,240.0,29.377764705882356,6.0,South Alabama,2017.0,2017.0,LA,44.0,,0.125
2023,4,00-0033895,G.Everett,TE,LAC,LV,0,0,0.0,0,0.0,0.0,0.0,0,0.0,0,2,2,9.0,0,0.9,2.9,,,75.0,240.0,29.377764705882356,6.0,South Alabama,2017.0,2017.0,LA,44.0,7.0,0.083333336
2023,6,00-0033895,G.Everett,TE,LAC,DAL,0,0,0.0,0,0.0,0.0,0.0,1,2.0,0,5,3,16.0,1,7.8,10.8,,,75.0,240.0,29.377764705882356,6.0,South Alabama,2017.0,2017.0,LA,44.0,-3.0,0.13513513
2023,7,00-0033895,G.Everett,TE,LAC,KC,0,0,0.0,0,0.0,0.0,0.0,0,0.0,0,4,3,26.0,1,8.6,11.6,,,75.0,240.0,29.377764705882356,6.0,South Alabama,2017.0,2017.0,LA,44.0,,0.13333334
2023,9,00-0033895,G.Everett,TE,LAC,NYJ,0,0,0.0,0,0.0,0.0,0.0,0,0.0,0,2,2,18.0,0,1.8,3.8,,,75.0,240.0,29.377764705882356,6.0,South Alabama,2017.0,2017.0,LA,44.0,,0.071428575
2023,10,00-0033895,G.Everett,TE,LAC,DET,0,0,0.0,0,0.0,0.0,0.0,0,0.0,0,2,0,0.0,0,0.0,0.0,,,75.0,240.0,29.377764705882356,6.0,South Alabama,2017.0,2017.0,LA,44.0,-3.0,0.05
2023,12,00-0033895,G.Everett,TE,LAC,BAL,0,0,0.0,0,0.0,0.0,0.0,0,0.0,0,4,4,43.0,1,10.3,14.3,,,75.0,240.0,29.377764705882356,6.0,South Alabama,2017.0,2017.0,LA,44.0,-10.0,0.09756097
2023,13,00-0033895,G.Everett,TE,LAC,NE,0,0,0.0,0,0.0,0.0,0.0,0,0.0,0,5,4,44.0,0,4.4,8.4,,,75.0,240.0,29.377764705882356,6.0,South Alabama,2017.0,2017.0,LA,44.0,,0.1388889
2023,14,00-0033895,G.Everett,TE,LAC,DEN,0,0,0.0,0,0.0,0.0,0.0,0,0.0,0,8,5,39.0,0,3.9,8.9,,,75.0,240.0,29.377764705882356,6.0,South Alabama,2017.0,2017.0,LA,44.0,-17.0,0.19512194
2023,15,00-0033895,G.Everett,TE,LAC,LV,0,0,0.0,0,0.0,0.0,0.0,0,0.0,0,8,5,41.0,0,4.1,9.1,,,75.0,240.0,29.377764705882356,6.0,South Alabama,2017.0,2017.0,LA,44.0,,0.2580645
2023,16,00-0033895,G.Everett,TE,LAC,BUF,0,0,0.0,0,0.0,0.0,0.0,0,0.0,0,8,7,42.0,0,4.2,11.2,,,75.0,240.0,29.377764705882356,6.0,South Alabama,2017.0,2017.0,LA,44.0,-2.0,0.25
2023,17,00-0033895,G.Everett,TE,LAC,DEN,0,0,0.0,0,0.0,0.0,0.0,1,6.0,0,9,4,31.0,0,3.7,7.7,,,75.0,240.0,29.377764705882356,6.0,South Alabama,2017.0,2017.0,LA,44.0,,0.24324325
2023,18,00-0033895,G.Everett,TE,LAC,KC,0,0,0.0,0,0.0,0.0,0.0,0,0.0,0,1,1,4.0,0,0.4,1.4,,,75.0,240.0,29.377764705882356,6.0,South Alabama,2017.0,2017.0,LA,44.0,-1.0,0.022222223
2023,1,00-0033897,J.Mixon,RB,CIN,CLE,0,0,0.0,0,0.0,0.0,0.0,13,56.0,0,5,3,17.0,0,7.3,10.3,,,73.0,220.0,27.29464705882353,6.0,Oklahoma,2017.0,2017.0,CIN,48.0,,0.16129032
2023,2,00-0033897,J.Mixon,RB,CIN,BAL,0,0,0.0,0,0.0,0.0,0.0,13,59.0,0,5,4,36.0,0,9.5,13.5,,,73.0,220.0,27.29464705882353,6.0,Oklahoma,2017.0,2017.0,CIN,48.0,-3.0,0.12820514
2023,3,00-0033897,J.Mixon,RB,CIN,LA,0,0,0.0,0,0.0,0.0,0.0,19,65.0,1,2,1,5.0,0,13.0,14.0,,,73.0,220.0,27.29464705882353,6.0,Oklahoma,2017.0,2017.0,CIN,48.0,3.0,0.04347826
2023,4,00-0033897,J.Mixon,RB,CIN,TEN,0,0,0.0,0,0.0,0.0,0.0,14,67.0,0,1,1,9.0,0,7.6,8.6,,,73.0,220.0,27.29464705882353,6.0,Oklahoma,2017.0,2017.0,CIN,48.0,,0.037037037
2023,5,00-0033897,J.Mixon,RB,CIN,ARI,0,0,0.0,0,0.0,0.0,0.0,25,81.0,0,4,4,13.0,0,9.4,13.4,,,73.0,220.0,27.29464705882353,6.0,Oklahoma,2017.0,2017.0,CIN,48.0,,0.09090909
2023,6,00-0033897,J.Mixon,RB,CIN,SEA,0,0,0.0,0,0.0,0.0,0.0,12,38.0,0,4,3,24.0,0,6.2,9.2,,,73.0,220.0,27.29464705882353,6.0,Oklahoma,2017.0,2017.0,CIN,48.0,4.0,0.114285715
2023,8,00-0033897,J.Mixon,RB,CIN,SF,0,0,0.0,0,0.0,0.0,0.0,16,87.0,1,3,3,23.0,0,17.0,20.0,,,73.0,220.0,27.29464705882353,6.0,Oklahoma,2017.0,2017.0,CIN,48.0,,0.09375
2023,9,00-0033897,J.Mixon,RB,CIN,BUF,0,0,0.0,0,0.0,0.0,0.0,14,37.0,1,6,5,31.0,0,12.8,17.8,,,73.0,220.0,27.29464705882353,6.0,Oklahoma,2017.0,2017.0,CIN,48.0,6.0,0.14285715
2023,10,00-0033897,J.Mixon,RB,CIN,HOU,0,0,0.0,0,0.0,0.0,0.0,11,46.0,1,3,2,-1.0,0,10.5,12.5,,,73.0,220.0,27.29464705882353,6.0,Oklahoma,2017.0,2017.0,CIN,48.0,-3.0,0.07692308
2023,11,00-0033897,J.Mixon,RB,CIN,BAL,0,0,0.0,0,0.0,0.0,0.0,16,69.0,0,5,5,31.0,1,16.0,21.0,,,73.0,220.0,27.29464705882353,6.0,Oklahoma,2017.0,2017.0,CIN,48.0,,0.16129032
2023,12,00-0033897,J.Mixon,RB,CIN,PIT,0,0,0.0,0,0.0,0.0,0.0,8,16.0,0,2,2,44.0,0,6.0,8.0,,,73.0,220.0,27.29464705882353,6.0,Oklahoma,2017.0,2017.0,CIN,48.0,-6.0,0.08
2023,13,00-0033897,J.Mixon,RB,CIN,JAX,0,0,0.0,0,0.0,0.0,0.0,19,68.0,2,7,6,49.0,0,23.7,29.7,,,73.0,220.0,27.29464705882353,6.0,Oklahoma,2017.0,2017.0,CIN,48.0,,0.1891892
2023,14,00-0033897,J.Mixon,RB,CIN,IND,0,0,0.0,0,0.0,0.0,0.0,21,79.0,1,4,3,46.0,0,18.5,21.5,,,73.0,220.0,27.29464705882353,6.0,Oklahoma,2017.0,2017.0,CIN,48.0,20.0,0.16
2023,15,00-0033897,J.Mixon,RB,CIN,MIN,0,0,0.0,0,0.0,0.0,0.0,10,47.0,1,3,3,14.0,0,12.1,15.1,,,73.0,220.0,27.29464705882353,6.0,Oklahoma,2017.0,2017.0,CIN,48.0,3.0,0.075
2023,16,00-0033897,J.Mixon,RB,CIN,PIT,0,0,0.0,0,0.0,0.0,0.0,11,43.0,0,4,2,7.0,0,7.0,9.0,,,73.0,220.0,27.29464705882353,6.0,Oklahoma,2017.0,2017.0,CIN,48.0,,0.1
2023,17,00-0033897,J.Mixon,RB,CIN,KC,0,0,0.0,0,0.0,0.0,0.0,21,65.0,0,4,4,22.0,1,14.7,18.7,,,73.0,220.0,27.29464705882353,6.0,Oklahoma,2017.0,2017.0,CIN,48.0,,0.12903225
2023,18,00-0033897,J.Mixon,RB,CIN,CLE,0,0,0.0,0,0.0,0.0,0.0,14,111.0,1,2,1,6.0,1,23.7,24.7,,,73.0,220.0,27.29464705882353,6.0,Oklahoma,2017.0,2017.0,CIN,48.0,17.0,0.071428575
2023,4,00-0033906,A.Kamara,RB,NO,TB,0,0,0.0,0,0.0,0.0,0.0,11,51.0,0,14,13,33.0,0,8.4,21.4,,,70.0,215.0,28.289058823529412,6.0,Tennessee,2017.0,2017.0,NO,67.0,-17.0,0.36842105
2023,5,00-0033906,A.Kamara,RB,NO,NE,0,0,0.0,0,0.0,0.0,0.0,22,80.0,1,3,3,17.0,0,15.7,18.7,,,70.0,215.0,28.289058823529412,6.0,Tennessee,2017.0,2017.0,NO,67.0,,0.12
2023,6,00-0033906,A.Kamara,RB,NO,HOU,0,0,0.0,0,0.0,0.0,0.0,19,68.0,0,8,7,36.0,0,10.4,17.4,,,70.0,215.0,28.289058823529412,6.0,Tennessee,2017.0,2017.0,NO,67.0,,0.17391305
2023,7,00-0033906,A.Kamara,RB,NO,JAX,0,0,0.0,0,0.0,0.0,0.0,17,62.0,0,14,12,91.0,0,17.3,29.3,,,70.0,215.0,28.289058823529412,6.0,Tennessee,2017.0,2017.0,NO,67.0,-7.0,0.26415095
2023,8,00-0033906,A.Kamara,RB,NO,IND,0,0,0.0,0,0.0,0.0,0.0,17,59.0,1,5,4,51.0,1,23.0,27.0,,,70.0,215.0,28.289058823529412,6.0,Tennessee,2017.0,2017.0,NO,67.0,,0.1724138
2023,9,00-0033906,A.Kamara,RB,NO,CHI,0,0,0.0,0,0.0,0.0,0.0,9,26.0,0,5,4,44.0,0,7.0,11.0,,,70.0,215.0,28.289058823529412,6.0,Tennessee,2017.0,2017.0,NO,67.0,7.0,0.15625
2023,10,00-0033906,A.Kamara,RB,NO,MIN,0,0,0.0,0,0.0,0.0,0.0,9,42.0,0,7,7,33.0,0,11.5,18.5,,,70.0,215.0,28.289058823529412,6.0,Tennessee,2017.0,2017.0,NO,67.0,,0.175
2023,12,00-0033906,A.Kamara,RB,NO,ATL,0,0,0.0,0,0.0,0.0,0.0,15,69.0,0,5,4,50.0,0,11.9,15.9,,,70.0,215.0,28.289058823529412,6.0,Tennessee,2017.0,2017.0,NO,67.0,,0.13513513
2023,13,00-0033906,A.Kamara,RB,NO,DET,0,0,0.0,0,0.0,0.0,0.0,14,51.0,2,8,6,58.0,0,22.9,28.9,,,70.0,215.0,28.289058823529412,6.0,Tennessee,2017.0,2017.0,NO,67.0,-5.0,0.27586207
2023,14,00-0033906,A.Kamara,RB,NO,CAR,0,0,0.0,0,0.0,0.0,0.0,12,56.0,1,4,3,-11.0,0,10.5,13.5,,,70.0,215.0,28.289058823529412,6.0,Tennessee,2017.0,2017.0,NO,67.0,22.0,0.18181819
2023,15,00-0033906,A.Kamara,RB,NO,NYG,0,0,0.0,0,0.0,0.0,0.0,16,66.0,0,5,5,44.0,0,11.0,16.0,,,70.0,215.0,28.289058823529412,6.0,Tennessee,2017.0,2017.0,NO,67.0,18.0,0.17857143
2023,16,00-0033906,A.Kamara,RB,NO,LA,0,0,0.0,0,0.0,0.0,0.0,9,19.0,0,6,5,16.0,0,3.5,8.5,,,70.0,215.0,28.289058823529412,6.0,Tennessee,2017.0,2017.0,NO,67.0,,0.15
2023,17,00-0033906,A.Kamara,RB,NO,TB,0,0,0.0,0,0.0,0.0,0.0,10,45.0,0,2,2,4.0,0,4.9,6.9,,,70.0,215.0,28.289058823529412,6.0,Tennessee,2017.0,2017.0,NO,67.0,,0.05882353
2023,5,00-0033908,C.Kupp,WR,LA,PHI,0,0,0.0,0,0.0,0.0,0.0,0,0.0,0,12,8,118.0,0,11.8,19.8,,,74.0,208.0,30.409,6.0,Eastern Washington,2017.0,2017.0,LA,69.0,-9.0,0.3529412
2023,6,00-0033908,C.Kupp,WR,LA,ARI,0,0,0.0,0,0.0,0.0,0.0,0,0.0,0,9,7,148.0,1,20.8,27.8,,,74.0,208.0,30.409,6.0,Eastern Washington,2017.0,2017.0,LA,69.0,17.0,0.42857143
2023,7,00-0033908,C.Kupp,WR,LA,PIT,0,0,0.0,0,0.0,0.0,0.0,0,0.0,0,7,2,29.0,0,4.9,6.9,,,74.0,208.0,30.409,6.0,Eastern Washington,2017.0,2017.0,LA,69.0,-7.0,0.25925925
2023,8,00-0033908,C.Kupp,WR,LA,DAL,0,0,0.0,0,0.0,0.0,0.0,0,0.0,0,10,4,21.0,0,2.1,6.1,,,74.0,208.0,30.409,6.0,Eastern Washington,2017.0,2017.0,LA,69.0,,0.3125
2023,9,00-0033908,C.Kupp,WR,LA,GB,0,0,0.0,0,0.0,0.0,0.0,0,0.0,0,7,2,48.0,0,4.8,6.8,,,74.0,208.0,30.409,6.0,Eastern Washington,2017.0,2017.0,LA,69.0,,0.25925925
2023,11,00-0033908,C.Kupp,WR,LA,SEA,0,0,0.0,0,0.0,0.0,0.0,0,0.0,0,1,1,11.0,0,1.1,2.1,,,74.0,208.0,30.409,6.0,Eastern Washington,2017.0,2017.0,LA,69.0,1.0,0.03448276
2023,12,00-0033908,C.Kupp,WR,LA,ARI,0,0,0.0,0,0.0,0.0,0.0,0,0.0,0,5,3,18.0,0,1.8,4.8,,,74.0,208.0,30.409,6.0,Eastern Washington,2017.0,2017.0,LA,69.0,,0.16129032
2023,13,00-0033908,C.Kupp,WR,LA,CLE,0,0,0.0,0,0.0,0.0,0.0,0,0.0,0,8,6,39.0,1,9.9,15.9,,,74.0,208.0,30.409,6.0,Eastern Washington,2017.0,2017.0,LA,69.0,17.0,0.23529412
2023,14,00-0033908,C.Kupp,WR,LA,BAL,0,0,0.0,0,0.0,0.0,0.0,0,0.0,0,10,8,115.0,1,17.5,25.5,,,74.0,208.0,30.409,6.0,Eastern Washington,2017.0,2017.0,LA,69.0,,0.25641027
2023,15,00-0033908,C.Kupp,WR,LA,WAS,0,0,0.0,0,0.0,0.0,0.0,0,0.0,0,8,8,111.0,1,17.1,25.1,,,74.0,208.0,30.409,6.0,Eastern Washington,2017.0,2017.0,LA,69.0,8.0,0.25
2023,16,00-0033908,C.Kupp,WR,LA,NO,0,0,0.0,0,0.0,0.0,0.0,1,-3.0,0,12,6,52.0,0,4.9,10.9,,,74.0,208.0,30.409,6.0,Eastern Washington,2017.0,2017.0,LA,69.0,8.0,0.375
2023,17,00-0033908,C.Kupp,WR,LA,NYG,0,0,0.0,0,0.0,0.0,0.0,0,0.0,0,6,4,27.0,1,8.7,12.7,,,74.0,208.0,30.409,6.0,Eastern Washington,2017.0,2017.0,LA,69.0,,0.1764706
2023,19,00-0033908,C.Kupp,WR,LA,DET,0,0,0.0,0,0.0,0.0,0.0,0,0.0,0,9,5,27.0,0,2.7,7.7,,,74.0,208.0,30.409,6.0,Eastern Washington,2017.0,2017.0,LA,69.0,,0.2647059
2023,1,00-0033921,C.Godwin,WR,TB,MIN,0,0,0.0,0,0.0,0.0,0.0,0,0.0,0,6,5,51.0,0,5.1,10.1,,,73.0,209.0,27.722105263157896,6.0,Penn State,2017.0,2017.0,TB,84.0,,0.1875
2023,2,00-0033921,C.Godwin,WR,TB,CHI,0,0,0.0,0,0.0,0.0,0.0,0,0.0,0,8,5,58.0,0,5.8,10.8,,,73.0,209.0,27.722105263157896,6.0,Penn State,2017.0,2017.0,TB,84.0,10.0,0.25
2023,3,00-0033921,C.Godwin,WR,TB,PHI,0,0,0.0,0,0.0,0.0,0.0,0,0.0,0,5,3,32.0,0,5.2,8.2,,,73.0,209.0,27.722105263157896,6.0,Penn State,2017.0,2017.0,TB,84.0,-14.0,0.2
2023,4,00-0033921,C.Godwin,WR,TB,NO,0,1,0.0,0,0.0,0.0,-0.0,0,0.0,0,11,8,114.0,0,11.4,19.4,,,73.0,209.0,27.722105263157896,6.0,Penn State,2017.0,2017.0,TB,84.0,,0.36666667
2023,6,00-0033921,C.Godwin,WR,TB,DET,0,0,0.0,0,0.0,0.0,0.0,0,0.0,0,7,6,77.0,0,7.7,13.7,,,73.0,209.0,27.722105263157896,6.0,Penn State,2017.0,2017.0,TB,84.0,-14.0,0.1891892
2023,7,00-0033921,C.Godwin,WR,TB,ATL,0,0,0.0,0,0.0,0.0,0.0,0,0.0,0,12,6,66.0,0,6.6,12.6,,,73.0,209.0,27.722105263157896,6.0,Penn State,2017.0,2017.0,TB,84.0,-3.0,0.29268292
2023,8,00-0033921,C.Godwin,WR,TB,BUF,0,0,0.0,0,0.0,0.0,0.0,1,14.0,0,7,5,54.0,1,12.8,17.8,,,73.0,209.0,27.722105263157896,6.0,Penn State,2017.0,2017.0,TB,84.0,,0.17948718
2023,9,00-0033921,C.Godwin,WR,TB,HOU,0,0,0.0,0,0.0,0.0,0.0,0,0.0,0,6,2,16.0,0,1.6,3.6,,,73.0,209.0,27.722105263157896,6.0,Penn State,2017.0,2017.0,TB,84.0,,0.2
2023,10,00-0033921,C.Godwin,WR,TB,TEN,0,0,0.0,0,0.0,0.0,0.0,0,0.0,0,6,4,54.0,0,5.4,9.4,,,73.0,209.0,27.722105263157896,6.0,Penn State,2017.0,2017.0,TB,84.0,14.0,0.20689656
2023,11,00-0033921,C.Godwin,WR,TB,SF,0,0,0.0,0,0.0,0.0,0.0,0,0.0,0,7,6,39.0,0,3.9,9.9,,,73.0,209.0,27.722105263157896,6.0,Penn State,2017.0,2017.0,TB,84.0,,0.1627907
2023,12,00-0033921,C.Godwin,WR,TB,IND,0,0,0.0,0,0.0,0.0,0.0,0,0.0,0,7,3,45.0,0,4.5,7.5,,,73.0,209.0,27.722105263157896,6.0,Penn State,2017.0,2017.0,TB,84.0,,0.23333333
2023,13,00-0033921,C.Godwin,WR,TB,CAR,0,0,0.0,0,0.0,0.0,0.0,1,19.0,1,3,0,0.0,0,7.9,7.9,,,73.0,209.0,27.722105263157896,6.0,Penn State,2017.0,2017.0,TB,84.0,3.0,0.11111111
2023,14,00-0033921,C.Godwin,WR,TB,ATL,0,0,0.0,0,0.0,0.0,0.0,0,0.0,0,11,5,53.0,0,5.3,10.3,,,73.0,209.0,27.722105263157896,6.0,Penn State,2017.0,2017.0,TB,84.0,,0.37931034
2023,15,00-0033921,C.Godwin,WR,TB,GB,0,0,0.0,0,0.0,0.0,0.0,0,0.0,0,12,10,155.0,0,15.5,25.5,,,73.0,209.0,27.722105263157896,6.0,Penn State,2017.0,2017.0,TB,84.0,,0.44444445
2023,16,00-0033921,C.Godwin,WR,TB,JAX,0,0,0.0,0,0.0,0.0,0.0,1,1.0,0,10,6,78.0,0,7.9,13.9,,,73.0,209.0,27.722105263157896,6.0,Penn State,2017.0,2017.0,TB,84.0,18.0,0.2857143
2023,17,00-0033921,C.Godwin,WR,TB,NO,0,0,0.0,0,0.0,0.0,0.0,0,0.0,0,5,3,81.0,1,14.1,17.1,,,73.0,209.0,27.722105263157896,6.0,Penn State,2017.0,2017.0,TB,84.0,-10.0,0.15151516
2023,18,00-0033921,C.Godwin,WR,TB,CAR,0,0,0.0,0,0.0,0.0,0.0,1,4.0,0,7,6,51.0,0,5.5,11.5,,,73.0,209.0,27.722105263157896,6.0,Penn State,2017.0,2017.0,TB,84.0,,0.22580644
2023,19,00-0033921,C.Godwin,WR,TB,PHI,0,0,0.0,0,0.0,0.0,0.0,0,0.0,0,5,4,45.0,1,10.5,14.5,,,73.0,209.0,27.722105263157896,6.0,Penn State,2017.0,2017.0,TB,84.0,23.0,0.14285715
2023,20,00-0033921,C.Godwin,WR,TB,DET,0,0,0.0,0,0.0,0.0,0.0,0,0.0,0,8,4,40.0,0,4.0,8.0,,,73.0,209.0,27.722105263157896,6.0,Penn State,2017.0,2017.0,TB,84.0,,0.20512821
2023,3,00-0033923,K.Hunt,RB,CLE,TEN,0,0,0.0,0,0.0,0.0,0.0,5,13.0,0,3,2,22.0,0,3.5,5.5,,,71.0,216.0,28.2939375,6.0,Toledo,2017.0,2017.0,KC,86.0,24.0,0.09677419
2023,4,00-0033923,K.Hunt,RB,CLE,BAL,0,0,0.0,0,0.0,0.0,0.0,5,12.0,0,0,0,0.0,0,1.2,1.2,,,71.0,216.0,28.2939375,6.0,Toledo,2017.0,2017.0,KC,86.0,-25.0,
2023,6,00-0033923,K.Hunt,RB,CLE,SF,0,0,0.0,0,0.0,0.0,0.0,12,47.0,1,3,3,24.0,0,13.1,16.1,,,71.0,216.0,28.2939375,6.0,Toledo,2017.0,2017.0,KC,86.0,2.0,0.09090909
2023,7,00-0033923,K.Hunt,RB,CLE,IND,0,0,0.0,0,0.0,0.0,0.0,10,31.0,2,1,0,0.0,0,15.1,15.1,,,71.0,216.0,28.2939375,6.0,Toledo,2017.0,2017.0,KC,86.0,,0.028571429
2023,8,00-0033923,K.Hunt,RB,CLE,SEA,0,0,0.0,0,0.0,0.0,0.0,14,55.0,1,1,1,12.0,0,12.7,13.7,,,71.0,216.0,28.2939375,6.0,Toledo,2017.0,2017.0,KC,86.0,,0.033333335
2023,9,00-0033923,K.Hunt,RB,CLE,ARI,0,0,0.0,0,0.0,0.0,0.0,14,38.0,1,1,0,0.0,0,9.8,9.8,,,71.0,216.0,28.2939375,6.0,Toledo,2017.0,2017.0,KC,86.0,27.0,0.035714287
2023,10,00-0033923,K.Hunt,RB,CLE,BAL,0,0,0.0,0,0.0,0.0,0.0,10,32.0,1,0,0,0.0,0,9.2,9.2,,,71.0,216.0,28.2939375,6.0,Toledo,2017.0,2017.0,KC,86.0,,
2023,11,00-0033923,K.Hunt,RB,CLE,PIT,0,0,0.0,0,0.0,0.0,0.0,12,36.0,0,3,3,1.0,0,3.7,6.7,,,71.0,216.0,28.2939375,6.0,Toledo,2017.0,2017.0,KC,86.0,3.0,0.07317073
2023,12,00-0033923,K.Hunt,RB,CLE,DEN,0,0,0.0,0,0.0,0.0,0.0,7,22.0,0,0,0,0.0,0,2.2,2.2,,,71.0,216.0,28.2939375,6.0,Toledo,2017.0,2017.0,KC,86.0,,
2023,13,00-0033923,K.Hunt,RB,CLE,LA,0,0,0.0,0,0.0,0.0,0.0,12,48.0,0,1,1,0.0,0,4.8,5.8,,,71.0,216.0,28.2939375,6.0,Toledo,2017.0,2017.0,KC,86.0,,0.024390243
2023,14,00-0033923,K.Hunt,RB,CLE,JAX,0,0,0.0,0,0.0,0.0,0.0,10,27.0,1,1,1,3.0,0,9.0,10.0,,,71.0,216.0,28.2939375,6.0,Toledo,2017.0,2017.0,KC,86.0,4.0,0.023255814
2023,15,00-0033923,K.Hunt,RB,CLE,CHI,0,0,0.0,0,0.0,0.0,0.0,7,8.0,0,1,1,12.0,0,2.0,3.0,,,71.0,216.0,28.2939375,6.0,Toledo,2017.0,2017.0,KC,86.0,3.0,0.022727273
2023,16,00-0033923,K.Hunt,RB,CLE,HOU,0,0,0.0,0,0.0,0.0,0.0,7,11.0,1,4,2,5.0,0,7.6,9.6,,,71.0,216.0,28.2939375,6.0,Toledo,2017.0,2017.0,KC,86.0,,0.093023255
2023,17,00-0033923,K.Hunt,RB,CLE,NYJ,0,0,0.0,0,0.0,0.0,0.0,10,31.0,1,1,0,0.0,0,9.1,9.1,,,71.0,216.0,28.2939375,6.0,Toledo,2017.0,2017.0,KC,86.0,17.0,0.03448276
2023,18,00-0033923,K.Hunt,RB,CLE,CIN,0,0,0.0,0,0.0,0.0,0.0,0,0.0,0,1,1,5.0,0,0.5,1.5,,,71.0,216.0,28.2939375,6.0,Toledo,2017.0,2017.0,KC,86.0,,0.04
2023,19,00-0033923,K.Hunt,RB,CLE,HOU,0,0,0.0,0,0.0,0.0,0.0,8,26.0,1,6,5,9.0,1,15.5,20.5,,,71.0,216.0,28.2939375,6.0,Toledo,2017.0,2017.0,KC,86.0,,0.13953489
2023,1,00-0033925,D.Foreman,RB,CHI,GB,0,0,0.0,0,0.0,0.0,0.0,5,16.0,0,3,2,8.0,0,2.4,4.4,,,73.0,233.0,27.536705882352944,6.0,Texas,2017.0,2017.0,HOU,89.0,-18.0,0.083333336
2023,6,00-0033925,D.Foreman,RB,CHI,MIN,0,0,0.0,0,0.0,0.0,0.0,15,65.0,0,1,1,2.0,0,6.7,7.7,,,73.0,233.0,27.536705882352944,6.0,Texas,2017.0,2017.0,HOU,89.0,-6.0,0.041666668
2023,7,00-0033925,D.Foreman,RB,CHI,LV,0,0,0.0,0,0.0,0.0,0.0,16,89.0,2,5,3,31.0,1,30.0,33.0,,,73.0,233.0,27.536705882352944,6.0,Texas,2017.0,2017.0,HOU,89.0,18.0,0.1724138
2023,8,00-0033925,D.Foreman,RB,CHI,LAC,0,0,0.0,0,0.0,0.0,0.0,9,34.0,0,2,1,2.0,0,3.6,4.6,,,73.0,233.0,27.536705882352944,6.0,Texas,2017.0,2017.0,HOU,89.0,,0.054054055
2023,9,00-0033925,D.Foreman,RB,CHI,NO,0,0,0.0,0,0.0,0.0,0.0,20,83.0,0,0,0,0.0,0,8.3,8.3,,,73.0,233.0,27.536705882352944,6.0,Texas,2017.0,2017.0,HOU,89.0,,
2023,10,00-0033925,D.Foreman,RB,CHI,CAR,0,0,0.0,0,0.0,0.0,0.0,21,80.0,1,2,2,12.0,0,15.2,17.2,,,73.0,233.0,27.536705882352944,6.0,Texas,2017.0,2017.0,HOU,89.0,3.0,0.0625
2023,11,00-0033925,D.Foreman,RB,CHI,DET,0,0,0.0,0,0.0,0.0,0.0,6,14.0,1,0,0,0.0,0,7.4,7.4,,,73.0,233.0,27.536705882352944,6.0,Texas,2017.0,2017.0,HOU,89.0,,
2023,14,00-0033925,D.Foreman,RB,CHI,DET,0,0,0.0,0,0.0,0.0,0.0,11,50.0,0,3,2,22.0,0,7.2,9.2,,,73.0,233.0,27.536705882352944,6.0,Texas,2017.0,2017.0,HOU,89.0,15.0,0.1
2023,15,00-0033925,D.Foreman,RB,CHI,CLE,0,0,0.0,0,0.0,0.0,0.0,6,-6.0,0,0,0,0.0,0,-0.6,-0.6,,,73.0,233.0,27.536705882352944,6.0,Texas,2017.0,2017.0,HOU,89.0,,
2023,3,00-0033936,C.Beathard,QB,JAX,HOU,2,2,9.0,0,0.0,0.0,-0.0,0,0.0,0,0,0,0.0,0,0.36,0.36,,,74.0,215.0,29.978411764705882,6.0,Iowa,2017.0,2017.0,SF,104.0,-20.0,
2023,6,00-0033936,C.Beathard,QB,JAX,IND,0,0,0.0,0,0.0,0.0,0.0,3,-2.0,0,0,0,0.0,0,-0.2,-0.2,,,74.0,215.0,29.978411764705882,6.0,Iowa,2017.0,2017.0,SF,104.0,17.0,
2023,10,00-0033936,C.Beathard,QB,JAX,SF,1,2,5.0,0,0.0,0.0,-0.0,0,0.0,0,0,0,0.0,0,0.2,0.2,,,74.0,215.0,29.978411764705882,6.0,Iowa,2017.0,2017.0,SF,104.0,-31.0,
2023,13,00-0033936,C.Beathard,QB,JAX,CIN,9,10,63.0,0,0.0,2.0,2.0,1,7.0,0,0,0,0.0,0,3.22,3.22,,,74.0,215.0,29.978411764705882,6.0,Iowa,2017.0,2017.0,SF,104.0,-3.0,
2023,16,00-0033936,C.Beathard,QB,JAX,TB,11,15,94.0,1,0.0,1.0,9.0,1,6.0,0,0,0,0.0,0,8.36,8.36,,,74.0,215.0,29.978411764705882,6.0,Iowa,2017.0,2017.0,SF,104.0,,
2023,17,00-0033936,C.Beathard,QB,JAX,CAR,17,24,178.0,0,0.0,3.0,16.0,3,24.0,0,0,0,0.0,0,9.52,9.52,,,74.0,215.0,29.978411764705882,6.0,Iowa,2017.0,2017.0,SF,104.0,26.0,
2023,1,00-0033943,J.Reynolds,WR,DET,KC,0,0,0.0,0,0.0,0.0,0.0,0,0.0,0,7,4,80.0,0,8.0,12.0,,,75.0,196.0,28.7562,6.0,Texas A&amp;M,2017.0,2017.0,LA,117.0,,0.21875
2023,2,00-0033943,J.Reynolds,WR,DET,SEA,0,0,0.0,0,0.0,0.0,0.0,0,0.0,0,6,5,66.0,2,18.6,23.6,,,75.0,196.0,28.7562,6.0,Texas A&amp;M,2017.0,2017.0,LA,117.0,-6.0,0.1764706
2023,4,00-0033943,J.Reynolds,WR,DET,GB,0,0,0.0,0,0.0,0.0,0.0,0,0.0,0,6,3,69.0,0,6.9,9.9,,,75.0,196.0,28.7562,6.0,Texas A&amp;M,2017.0,2017.0,LA,117.0,,0.22222222
2023,5,00-0033943,J.Reynolds,WR,DET,CAR,0,0,0.0,0,0.0,0.0,0.0,0,0.0,0,5,4,76.0,1,13.6,17.6,,,75.0,196.0,28.7562,6.0,Texas A&amp;M,2017.0,2017.0,LA,117.0,18.0,0.18518518
2023,6,00-0033943,J.Reynolds,WR,DET,TB,0,0,0.0,0,0.0,0.0,0.0,0,0.0,0,3,3,50.0,0,5.0,8.0,,,75.0,196.0,28.7562,6.0,Texas A&amp;M,2017.0,2017.0,LA,117.0,,0.07317073
2023,7,00-0033943,J.Reynolds,WR,DET,BAL,0,0,0.0,0,0.0,0.0,0.0,0,0.0,0,3,2,43.0,0,4.3,6.3,,,75.0,196.0,28.7562,6.0,Texas A&amp;M,2017.0,2017.0,LA,117.0,,0.06122449
2023,8,00-0033943,J.Reynolds,WR,DET,LV,0,0,0.0,0,0.0,0.0,0.0,0,0.0,0,1,1,13.0,0,-0.7,0.3,,,75.0,196.0,28.7562,6.0,Texas A&amp;M,2017.0,2017.0,LA,117.0,12.0,0.029411765
2023,10,00-0033943,J.Reynolds,WR,DET,LAC,0,0,0.0,0,0.0,0.0,0.0,0,0.0,0,4,2,15.0,0,1.5,3.5,,,75.0,196.0,28.7562,6.0,Texas A&amp;M,2017.0,2017.0,LA,117.0,,0.125
2023,11,00-0033943,J.Reynolds,WR,DET,CHI,0,0,0.0,0,0.0,0.0,0.0,0,0.0,0,2,1,11.0,0,1.1,2.1,,,75.0,196.0,28.7562,6.0,Texas A&amp;M,2017.0,2017.0,LA,117.0,5.0,0.0625
2023,12,00-0033943,J.Reynolds,WR,DET,GB,0,0,0.0,0,0.0,0.0,0.0,0,0.0,0,4,2,15.0,1,7.5,9.5,,,75.0,196.0,28.7562,6.0,Texas A&amp;M,2017.0,2017.0,LA,117.0,-7.0,0.0952381
2023,13,00-0033943,J.Reynolds,WR,DET,NO,0,0,0.0,0,0.0,0.0,0.0,0,0.0,0,3,1,12.0,0,1.2,2.2,,,75.0,196.0,28.7562,6.0,Texas A&amp;M,2017.0,2017.0,LA,117.0,,0.12
2023,14,00-0033943,J.Reynolds,WR,DET,CHI,0,0,0.0,0,0.0,0.0,0.0,0,0.0,0,4,3,44.0,1,10.4,13.4,,,75.0,196.0,28.7562,6.0,Texas A&amp;M,2017.0,2017.0,LA,117.0,,0.11764706
2023,15,00-0033943,J.Reynolds,WR,DET,DEN,0,0,0.0,0,0.0,0.0,0.0,0,0.0,0,3,2,41.0,0,4.1,6.1,,,75.0,196.0,28.7562,6.0,Texas A&amp;M,2017.0,2017.0,LA,117.0,25.0,0.09375
2023,16,00-0033943,J.Reynolds,WR,DET,MIN,0,0,0.0,0,0.0,0.0,0.0,0,0.0,0,4,1,16.0,0,1.6,2.6,,,75.0,196.0,28.7562,6.0,Texas A&amp;M,2017.0,2017.0,LA,117.0,,0.102564104
2023,17,00-0033943,J.Reynolds,WR,DET,DAL,0,0,0.0,0,0.0,0.0,0.0,0,0.0,0,2,1,13.0,0,1.3,2.3,,,75.0,196.0,28.7562,6.0,Texas A&amp;M,2017.0,2017.0,LA,117.0,,0.0625
2023,18,00-0033943,J.Reynolds,WR,DET,MIN,0,0,0.0,0,0.0,0.0,0.0,0,0.0,0,7,5,44.0,0,4.4,9.4,,,75.0,196.0,28.7562,6.0,Texas A&amp;M,2017.0,2017.0,LA,117.0,10.0,0.22580644
2023,19,00-0033943,J.Reynolds,WR,DET,LA,0,0,0.0,0,0.0,0.0,0.0,0,0.0,0,7,5,80.0,0,8.0,13.0,,,75.0,196.0,28.7562,6.0,Texas A&amp;M,2017.0,2017.0,LA,117.0,1.0,0.26923078
2023,20,00-0033943,J.Reynolds,WR,DET,TB,0,0,0.0,0,0.0,0.0,0.0,0,0.0,0,3,2,27.0,1,8.7,10.7,,,75.0,196.0,28.7562,6.0,Texas A&amp;M,2017.0,2017.0,LA,117.0,8.0,0.071428575
2023,21,00-0033943,J.Reynolds,WR,DET,SF,0,0,0.0,0,0.0,0.0,0.0,0,0.0,0,4,1,25.0,0,2.5,3.5,,,75.0,196.0,28.7562,6.0,Texas A&amp;M,2017.0,2017.0,LA,117.0,,0.1
2023,1,00-0033948,J.Williams,RB,NO,TEN,0,0,0.0,0,0.0,0.0,0.0,18,45.0,0,2,2,7.0,0,5.2,7.2,,,72.0,213.0,28.598470588235294,6.0,Brigham Young,2017.0,2017.0,GB,134.0,1.0,0.060606062
2023,2,00-0033948,J.Williams,RB,NO,CAR,0,0,0.0,0,0.0,0.0,0.0,9,29.0,0,0,0,0.0,0,2.9,2.9,,,72.0,213.0,28.598470588235294,6.0,Brigham Young,2017.0,2017.0,GB,134.0,,
2023,7,00-0033948,J.Williams,RB,NO,JAX,0,0,0.0,0,0.0,0.0,0.0,5,14.0,0,0,0,0.0,0,1.4,1.4,,,72.0,213.0,28.598470588235294,6.0,Brigham Young,2017.0,2017.0,GB,134.0,-7.0,
2023,8,00-0033948,J.Williams,RB,NO,IND,0,0,0.0,0,0.0,0.0,0.0,6,30.0,0,1,1,8.0,0,3.8,4.8,,,72.0,213.0,28.598470588235294,6.0,Brigham Young,2017.0,2017.0,GB,134.0,,0.03448276
2023,9,00-0033948,J.Williams,RB,NO,CHI,0,0,0.0,0,0.0,0.0,0.0,3,6.0,0,3,2,6.0,0,1.2,3.2,,,72.0,213.0,28.598470588235294,6.0,Brigham Young,2017.0,2017.0,GB,134.0,7.0,0.09375
2023,10,00-0033948,J.Williams,RB,NO,MIN,0,0,0.0,0,0.0,0.0,0.0,4,7.0,0,1,1,3.0,0,1.0,2.0,,,72.0,213.0,28.598470588235294,6.0,Brigham Young,2017.0,2017.0,GB,134.0,,0.025
2023,12,00-0033948,J.Williams,RB,NO,ATL,0,0,0.0,0,0.0,0.0,0.0,2,6.0,0,2,2,4.0,0,1.0,3.0,,,72.0,213.0,28.598470588235294,6.0,Brigham Young,2017.0,2017.0,GB,134.0,,0.054054055
2023,13,00-0033948,J.Williams,RB,NO,DET,0,0,0.0,0,0.0,0.0,0.0,5,10.0,0,1,1,6.0,0,1.6,2.6,,,72.0,213.0,28.598470588235294,6.0,Brigham Young,2017.0,2017.0,GB,134.0,-5.0,0.03448276
2023,14,00-0033948,J.Williams,RB,NO,CAR,0,0,0.0,0,0.0,0.0,0.0,11,43.0,0,1,0,0.0,0,4.3,4.3,,,72.0,213.0,28.598470588235294,6.0,Brigham Young,2017.0,2017.0,GB,134.0,22.0,0.045454547
2023,15,00-0033948,J.Williams,RB,NO,NYG,0,0,0.0,0,0.0,0.0,0.0,8,24.0,0,1,1,2.0,0,2.6,3.6,,,72.0,213.0,28.598470588235294,6.0,Brigham Young,2017.0,2017.0,GB,134.0,18.0,0.035714287
2023,16,00-0033948,J.Williams,RB,NO,LA,0,0,0.0,0,0.0,0.0,0.0,2,8.0,0,1,1,5.0,0,1.3,2.3,,,72.0,213.0,28.598470588235294,6.0,Brigham Young,2017.0,2017.0,GB,134.0,,0.025
2023,17,00-0033948,J.Williams,RB,NO,TB,0,0,0.0,0,0.0,0.0,0.0,19,58.0,0,4,4,13.0,0,7.1,11.1,,,72.0,213.0,28.598470588235294,6.0,Brigham Young,2017.0,2017.0,GB,134.0,,0.11764706
2023,18,00-0033948,J.Williams,RB,NO,ATL,0,0,0.0,0,0.0,0.0,0.0,14,26.0,1,3,3,8.0,0,9.4,12.4,,,72.0,213.0,28.598470588235294,6.0,Brigham Young,2017.0,2017.0,GB,134.0,31.0,0.12
2023,1,00-0033949,J.Dobbs,QB,ARI,WAS,21,30,132.0,0,0.0,3.0,18.0,3,-3.0,0,0,0,0.0,0,2.98,2.98,,,75.0,216.0,28.78041176470588,6.0,Tennessee,2017.0,2017.0,PIT,135.0,,
2023,2,00-0033949,J.Dobbs,QB,ARI,NYG,21,31,228.0,1,0.0,0.0,-0.0,3,41.0,1,0,0,0.0,0,25.22,25.22,,,75.0,216.0,28.78041176470588,6.0,Tennessee,2017.0,2017.0,PIT,135.0,-3.0,
2023,3,00-0033949,J.Dobbs,QB,ARI,DAL,17,21,189.0,1,0.0,2.0,11.0,6,55.0,0,0,0,0.0,0,17.06,17.06,,,75.0,216.0,28.78041176470588,6.0,Tennessee,2017.0,2017.0,PIT,135.0,12.0,
2023,4,00-0033949,J.Dobbs,QB,ARI,SF,28,41,265.0,2,0.0,1.0,8.0,12,48.0,0,0,0,0.0,0,23.4,23.4,,,75.0,216.0,28.78041176470588,6.0,Tennessee,2017.0,2017.0,PIT,135.0,,
2023,5,00-0033949,J.Dobbs,QB,ARI,CIN,15,32,166.0,2,2.0,3.0,14.0,3,1.0,0,0,0,0.0,0,8.74,8.74,,,75.0,216.0,28.78041176470588,6.0,Tennessee,2017.0,2017.0,PIT,135.0,-14.0,
2023,6,00-0033949,J.Dobbs,QB,ARI,LA,21,41,235.0,0,1.0,2.0,20.0,7,47.0,0,0,0,0.0,0,10.1,10.1,,,75.0,216.0,28.78041176470588,6.0,Tennessee,2017.0,2017.0,PIT,135.0,,
2023,7,00-0033949,J.Dobbs,QB,ARI,SEA,19,33,146.0,0,0.0,4.0,28.0,7,43.0,1,0,0,0.0,0,16.14,16.14,,,75.0,216.0,28.78041176470588,6.0,Tennessee,2017.0,2017.0,PIT,135.0,,
2023,8,00-0033949,J.Dobbs,QB,ARI,BAL,25,37,208.0,2,2.0,2.0,27.0,6,26.0,1,0,0,0.0,0,22.92,22.92,,,75.0,216.0,28.78041176470588,6.0,Tennessee,2017.0,2017.0,PIT,135.0,-7.0,
2023,9,00-0033949,J.Dobbs,QB,MIN,ATL,20,30,158.0,2,0.0,3.0,12.0,7,66.0,1,0,0,0.0,0,24.92,24.92,,,75.0,216.0,28.78041176470588,6.0,Tennessee,2017.0,2017.0,PIT,135.0,,
2023,10,00-0033949,J.Dobbs,QB,MIN,NO,23,34,268.0,1,0.0,1.0,5.0,8,44.0,1,0,0,0.0,0,25.12,25.12,,,75.0,216.0,28.78041176470588,6.0,Tennessee,2017.0,2017.0,PIT,135.0,8.0,
2023,11,00-0033949,J.Dobbs,QB,MIN,DEN,20,32,221.0,1,1.0,2.0,11.0,8,21.0,1,0,0,0.0,0,16.94,16.94,,,75.0,216.0,28.78041176470588,6.0,Tennessee,2017.0,2017.0,PIT,135.0,,
2023,12,00-0033949,J.Dobbs,QB,MIN,CHI,22,32,185.0,1,4.0,2.0,16.0,2,11.0,0,0,0,0.0,0,4.5,4.5,,,75.0,216.0,28.78041176470588,6.0,Tennessee,2017.0,2017.0,PIT,135.0,-2.0,
2023,14,00-0033949,J.Dobbs,QB,MIN,LV,10,23,63.0,0,0.0,5.0,47.0,5,21.0,0,0,0,0.0,0,4.62,4.62,,,75.0,216.0,28.78041176470588,6.0,Tennessee,2017.0,2017.0,PIT,135.0,,
2023,7,00-0033958,N.Peterman,QB,CHI,LV,0,0,0.0,0,0.0,1.0,5.0,2,-4.0,0,0,0,0.0,0,-0.4,-0.4,,,74.0,225.0,29.51064705882353,6.0,Pittsburgh,2017.0,2017.0,BUF,171.0,18.0,
2023,1,00-0034054,R.Cracraft,WR,MIA,LAC,0,0,0.0,0,0.0,0.0,0.0,0,0.0,0,5,3,40.0,1,10.0,13.0,,,72.0,200.0,29.02911111111111,6.0,Washington State,2017.0,2017.0,,,,0.11363637
2023,2,00-0034054,R.Cracraft,WR,MIA,NE,0,0,0.0,0,0.0,0.0,0.0,0,0.0,0,2,2,34.0,0,3.4,5.4,,,72.0,200.0,29.02911111111111,6.0,Washington State,2017.0,2017.0,,,,0.06896552
2023,3,00-0034054,R.Cracraft,WR,MIA,DEN,0,0,0.0,0,0.0,0.0,0.0,0,0.0,0,1,1,13.0,0,1.3,2.3,,,72.0,200.0,29.02911111111111,6.0,Washington State,2017.0,2017.0,,,50.0,0.035714287
2023,13,00-0034054,R.Cracraft,WR,MIA,WAS,0,0,0.0,0,0.0,0.0,0.0,0,0.0,0,2,2,16.0,0,1.6,3.6,,,72.0,200.0,29.02911111111111,6.0,Washington State,2017.0,2017.0,,,,0.08
2023,17,00-0034054,R.Cracraft,WR,MIA,BAL,0,0,0.0,0,0.0,0.0,0.0,0,0.0,0,1,0,0.0,0,0.0,0.0,,,72.0,200.0,29.02911111111111,6.0,Washington State,2017.0,2017.0,,,,0.027777778
2023,18,00-0034054,R.Cracraft,WR,MIA,BUF,0,0,0.0,0,0.0,0.0,0.0,0,0.0,0,1,1,18.0,0,1.8,2.8,,,72.0,200.0,29.02911111111111,6.0,Washington State,2017.0,2017.0,,,-7.0,0.037037037
2023,19,00-0034054,R.Cracraft,WR,MIA,KC,0,0,0.0,0,0.0,0.0,0.0,0,0.0,0,3,2,33.0,0,3.3,5.3,,,72.0,200.0,29.02911111111111,6.0,Washington State,2017.0,2017.0,,,,0.078947365
2023,6,00-0034073,R.Dwelley,TE,SF,CLE,0,0,0.0,0,0.0,0.0,0.0,0,0.0,0,1,0,0.0,0,0.0,0.0,,,77.0,240.0,28.8182,5.0,San Diego,2018.0,2018.0,,,,0.041666668
2023,7,00-0034073,R.Dwelley,TE,SF,MIN,0,0,0.0,0,0.0,0.0,0.0,0,0.0,0,1,1,12.0,0,1.2,2.2,,,77.0,240.0,28.8182,5.0,San Diego,2018.0,2018.0,,,,0.03448276
2023,7,00-0034115,J.Wilson,RB,MIA,PHI,0,0,0.0,0,0.0,0.0,0.0,0,0.0,0,1,1,4.0,0,0.4,1.4,,,72.0,194.0,27.988777777777777,5.0,North Texas,2018.0,2018.0,,,,0.03125
2023,8,00-0034115,J.Wilson,RB,MIA,NE,0,0,0.0,0,0.0,0.0,0.0,5,23.0,0,2,2,14.0,0,3.7,5.7,,,72.0,194.0,27.988777777777777,5.0,North Texas,2018.0,2018.0,,,14.0,0.045454547
2023,9,00-0034115,J.Wilson,RB,MIA,KC,0,0,0.0,0,0.0,0.0,0.0,2,6.0,0,4,3,32.0,0,3.8,6.8,,,72.0,194.0,27.988777777777777,5.0,North Texas,2018.0,2018.0,,,,0.121212125
2023,12,00-0034115,J.Wilson,RB,MIA,NYJ,0,0,0.0,0,0.0,0.0,0.0,11,56.0,0,3,3,17.0,0,7.3,10.3,,,72.0,194.0,27.988777777777777,5.0,North Texas,2018.0,2018.0,,,,0.10714286
2023,13,00-0034115,J.Wilson,RB,MIA,WAS,0,0,0.0,0,0.0,0.0,0.0,4,11.0,0,0,0,0.0,0,1.1,1.1,,,72.0,194.0,27.988777777777777,5.0,North Texas,2018.0,2018.0,,,,
2023,15,00-0034115,J.Wilson,RB,MIA,NYJ,0,0,0.0,0,0.0,0.0,0.0,2,5.0,0,2,1,1.0,0,0.6,1.6,,,72.0,194.0,27.988777777777777,5.0,North Texas,2018.0,2018.0,,,30.0,0.07692308
2023,16,00-0034115,J.Wilson,RB,MIA,DAL,0,0,0.0,0,0.0,0.0,0.0,5,21.0,0,1,1,4.0,0,2.5,3.5,,,72.0,194.0,27.988777777777777,5.0,North Texas,2018.0,2018.0,,,2.0,0.027777778
2023,17,00-0034115,J.Wilson,RB,MIA,BAL,0,0,0.0,0,0.0,0.0,0.0,3,21.0,0,4,3,13.0,0,3.4,6.4,,,72.0,194.0,27.988777777777777,5.0,North Texas,2018.0,2018.0,,,,0.11111111
2023,18,00-0034115,J.Wilson,RB,MIA,BUF,0,0,0.0,0,0.0,0.0,0.0,9,45.0,0,0,0,0.0,0,4.5,4.5,,,72.0,194.0,27.988777777777777,5.0,North Texas,2018.0,2018.0,,,-7.0,
2023,19,00-0034115,J.Wilson,RB,MIA,KC,0,0,0.0,0,0.0,0.0,0.0,0,0.0,0,2,1,6.0,0,0.6,1.6,,,72.0,194.0,27.988777777777777,5.0,North Texas,2018.0,2018.0,,,,0.05263158
2023,1,00-0034159,W.Dissly,TE,SEA,LA,0,0,0.0,0,0.0,0.0,0.0,0,0.0,0,2,2,17.0,0,1.7,3.7,,,76.0,267.0,27.34041176470588,5.0,Washington,2018.0,2018.0,SEA,120.0,-17.0,0.083333336
2023,2,00-0034159,W.Dissly,TE,SEA,DET,0,0,0.0,0,0.0,0.0,0.0,0,0.0,0,3,3,35.0,0,3.5,6.5,,,76.0,267.0,27.34041176470588,5.0,Washington,2018.0,2018.0,SEA,120.0,,0.08108108
2023,6,00-0034159,W.Dissly,TE,SEA,CIN,0,0,0.0,0,0.0,0.0,0.0,0,0.0,0,1,1,4.0,0,0.4,1.4,,,76.0,267.0,27.34041176470588,5.0,Washington,2018.0,2018.0,SEA,120.0,,0.027027028
2023,9,00-0034159,W.Dissly,TE,SEA,BAL,0,0,0.0,0,0.0,0.0,0.0,0,0.0,0,1,0,0.0,0,0.0,0.0,,,76.0,267.0,27.34041176470588,5.0,Washington,2018.0,2018.0,SEA,120.0,,0.04
2023,10,00-0034159,W.Dissly,TE,SEA,WAS,0,0,0.0,0,0.0,0.0,0.0,0,0.0,0,2,2,22.0,0,2.2,4.2,,,76.0,267.0,27.34041176470588,5.0,Washington,2018.0,2018.0,SEA,120.0,3.0,0.04761905
2023,11,00-0034159,W.Dissly,TE,SEA,LA,0,0,0.0,0,0.0,0.0,0.0,0,0.0,0,3,1,9.0,0,0.9,1.9,,,76.0,267.0,27.34041176470588,5.0,Washington,2018.0,2018.0,SEA,120.0,,0.078947365
2023,12,00-0034159,W.Dissly,TE,SEA,SF,0,0,0.0,0,0.0,0.0,0.0,0,0.0,0,1,1,21.0,0,2.1,3.1,,,76.0,267.0,27.34041176470588,5.0,Washington,2018.0,2018.0,SEA,120.0,-18.0,0.037037037
2023,13,00-0034159,W.Dissly,TE,SEA,DAL,0,0,0.0,0,0.0,0.0,0.0,0,0.0,0,2,0,0.0,0,0.0,0.0,,,76.0,267.0,27.34041176470588,5.0,Washington,2018.0,2018.0,SEA,120.0,,0.05263158
2023,14,00-0034159,W.Dissly,TE,SEA,SF,0,0,0.0,0,0.0,0.0,0.0,0,0.0,0,1,1,3.0,0,0.3,1.3,,,76.0,267.0,27.34041176470588,5.0,Washington,2018.0,2018.0,SEA,120.0,,0.032258064
2023,15,00-0034159,W.Dissly,TE,SEA,PHI,0,0,0.0,0,0.0,0.0,0.0,0,0.0,0,2,2,9.0,0,0.9,2.9,,,76.0,267.0,27.34041176470588,5.0,Washington,2018.0,2018.0,SEA,120.0,3.0,0.0625
2023,16,00-0034159,W.Dissly,TE,SEA,TEN,0,0,0.0,0,0.0,0.0,0.0,0,0.0,0,1,1,6.0,0,0.6,1.6,,,76.0,267.0,27.34041176470588,5.0,Washington,2018.0,2018.0,SEA,120.0,,0.027777778
2023,18,00-0034159,W.Dissly,TE,SEA,ARI,0,0,0.0,0,0.0,0.0,0.0,0,0.0,0,3,3,46.0,1,10.6,13.6,,,76.0,267.0,27.34041176470588,5.0,Washington,2018.0,2018.0,SEA,120.0,,0.115384616
2023,3,00-0034171,J.Cabinda,FB,DET,ATL,0,0,0.0,0,0.0,0.0,0.0,1,0.0,0,0,0,0.0,0,0.0,0.0,,,73.0,235.0,27.67475,5.0,Penn State,2018.0,2018.0,,,14.0,
2023,20,00-0034171,J.Cabinda,FB,DET,TB,0,0,0.0,0,0.0,0.0,0.0,0,0.0,0,1,1,0.0,0,0.0,1.0,,,73.0,235.0,27.67475,5.0,Penn State,2018.0,2018.0,,,8.0,0.023809524
2023,11,00-0034177,T.Boyle,QB,NYJ,BUF,7,14,33.0,0,1.0,1.0,10.0,1,1.0,0,0,0,0.0,0,-0.58,-0.58,,,76.0,233.0,29.11688888888889,5.0,Eastern Kentucky,2018.0,2018.0,,,,
2023,12,00-0034177,T.Boyle,QB,NYJ,MIA,27,38,179.0,1,2.0,7.0,49.0,2,2.0,0,0,0,0.0,0,7.36,7.36,,,76.0,233.0,29.11688888888889,5.0,Eastern Kentucky,2018.0,2018.0,,,-21.0,
2023,13,00-0034177,T.Boyle,QB,NYJ,ATL,14,25,148.0,0,1.0,1.0,5.0,1,2.0,0,0,0,0.0,0,4.12,4.12,,,76.0,233.0,29.11688888888889,5.0,Eastern Kentucky,2018.0,2018.0,,,-5.0,
2023,1,00-0034184,G.Edwards,RB,BAL,HOU,0,0,0.0,0,0.0,0.0,0.0,8,32.0,0,0,0,0.0,0,5.2,5.2,,,73.0,238.0,28.591684210526314,5.0,Rutgers,2018.0,2018.0,,,16.0,
2023,2,00-0034184,G.Edwards,RB,BAL,CIN,0,0,0.0,0,0.0,0.0,0.0,10,62.0,1,0,0,0.0,0,12.2,12.2,,,73.0,238.0,28.591684210526314,5.0,Rutgers,2018.0,2018.0,,,,
2023,3,00-0034184,G.Edwards,RB,BAL,IND,0,0,0.0,0,0.0,0.0,0.0,11,51.0,0,0,0,0.0,0,5.1,5.1,,,73.0,238.0,28.591684210526314,5.0,Rutgers,2018.0,2018.0,,,-3.0,
2023,4,00-0034184,G.Edwards,RB,BAL,CLE,0,0,0.0,0,0.0,0.0,0.0,15,48.0,0,3,2,1.0,0,4.9,6.9,,,73.0,238.0,28.591684210526314,5.0,Rutgers,2018.0,2018.0,,,,0.16666667
2023,5,00-0034184,G.Edwards,RB,BAL,PIT,0,0,0.0,0,0.0,0.0,0.0,12,48.0,0,0,0,0.0,0,4.8,4.8,,,73.0,238.0,28.591684210526314,5.0,Rutgers,2018.0,2018.0,,,,
2023,6,00-0034184,G.Edwards,RB,BAL,TEN,0,0,0.0,0,0.0,0.0,0.0,16,41.0,0,1,1,12.0,0,5.3,6.3,,,73.0,238.0,28.591684210526314,5.0,Rutgers,2018.0,2018.0,,,,0.03448276
2023,7,00-0034184,G.Edwards,RB,BAL,DET,0,0,0.0,0,0.0,0.0,0.0,14,64.0,1,1,1,80.0,0,20.4,21.4,,,73.0,238.0,28.591684210526314,5.0,Rutgers,2018.0,2018.0,,,32.0,0.035714287
2023,8,00-0034184,G.Edwards,RB,BAL,ARI,0,0,0.0,0,0.0,0.0,0.0,19,80.0,3,2,2,14.0,0,27.4,29.4,,,73.0,238.0,28.591684210526314,5.0,Rutgers,2018.0,2018.0,,,,0.07692308
2023,9,00-0034184,G.Edwards,RB,BAL,SEA,0,0,0.0,0,0.0,0.0,0.0,5,52.0,2,0,0,0.0,0,17.2,17.2,,,73.0,238.0,28.591684210526314,5.0,Rutgers,2018.0,2018.0,,,34.0,
2023,10,00-0034184,G.Edwards,RB,BAL,CLE,0,0,0.0,0,0.0,0.0,0.0,11,24.0,1,1,1,4.0,0,8.8,9.8,,,73.0,238.0,28.591684210526314,5.0,Rutgers,2018.0,2018.0,,,-2.0,0.04347826
2023,11,00-0034184,G.Edwards,RB,BAL,CIN,0,0,0.0,0,0.0,0.0,0.0,12,62.0,2,2,2,8.0,0,19.0,21.0,,,73.0,238.0,28.591684210526314,5.0,Rutgers,2018.0,2018.0,,,14.0,0.08695652
2023,12,00-0034184,G.Edwards,RB,BAL,LAC,0,0,0.0,0,0.0,0.0,0.0,8,26.0,0,1,1,11.0,0,3.7,4.7,,,73.0,238.0,28.591684210526314,5.0,Rutgers,2018.0,2018.0,,,,0.033333335
2023,14,00-0034184,G.Edwards,RB,BAL,LA,0,0,0.0,0,0.0,0.0,0.0,6,15.0,0,0,0,0.0,0,1.5,1.5,,,73.0,238.0,28.591684210526314,5.0,Rutgers,2018.0,2018.0,,,6.0,
2023,15,00-0034184,G.Edwards,RB,BAL,JAX,0,0,0.0,0,0.0,0.0,0.0,16,58.0,1,1,1,11.0,0,12.9,13.9,,,73.0,238.0,28.591684210526314,5.0,Rutgers,2018.0,2018.0,,,,0.04347826
2023,16,00-0034184,G.Edwards,RB,BAL,SF,0,0,0.0,0,0.0,0.0,0.0,9,31.0,1,1,1,39.0,0,13.0,14.0,,,73.0,238.0,28.591684210526314,5.0,Rutgers,2018.0,2018.0,,,,0.029411765
2023,17,00-0034184,G.Edwards,RB,BAL,MIA,0,0,0.0,0,0.0,0.0,0.0,16,68.0,1,0,0,0.0,0,10.8,10.8,,,73.0,238.0,28.591684210526314,5.0,Rutgers,2018.0,2018.0,,,37.0,
2023,18,00-0034184,G.Edwards,RB,BAL,PIT,0,0,0.0,0,0.0,0.0,0.0,10,48.0,0,0,0,0.0,0,2.8,2.8,,,73.0,238.0,28.591684210526314,5.0,Rutgers,2018.0,2018.0,,,-7.0,
2023,20,00-0034184,G.Edwards,RB,BAL,HOU,0,0,0.0,0,0.0,0.0,0.0,10,40.0,0,2,1,-1.0,0,3.9,4.9,,,73.0,238.0,28.591684210526314,5.0,Rutgers,2018.0,2018.0,,,24.0,0.0952381
2023,21,00-0034184,G.Edwards,RB,BAL,KC,0,0,0.0,0,0.0,0.0,0.0,3,20.0,0,1,1,16.0,0,3.6,4.6,,,73.0,238.0,28.591684210526314,5.0,Rutgers,2018.0,2018.0,,,-7.0,0.029411765
2023,17,00-0034193,K.Rader,TE,TEN,HOU,0,0,0.0,0,0.0,0.0,0.0,0,0.0,0,1,1,6.0,0,0.6,1.6,,,76.0,250.0,28.54052941176471,5.0,Youngstown State,2018.0,2018.0,,,,0.04
2023,18,00-0034193,K.Rader,TE,TEN,JAX,0,0,0.0,0,0.0,0.0,0.0,0,0.0,0,2,0,0.0,0,0.0,0.0,,,76.0,250.0,28.54052941176471,5.0,Youngstown State,2018.0,2018.0,,,8.0,0.07692308
2023,1,00-0034208,M.Boone,RB,HOU,BAL,0,0,0.0,0,0.0,0.0,0.0,0,0.0,0,4,3,18.0,0,1.8,4.8,,,70.0,205.0,28.2718125,5.0,Cincinnati,2018.0,2018.0,,,,0.093023255
2023,4,00-0034208,M.Boone,RB,HOU,PIT,0,0,0.0,0,0.0,0.0,0.0,1,4.0,0,0,0,0.0,0,0.4,0.4,,,70.0,205.0,28.2718125,5.0,Cincinnati,2018.0,2018.0,,,24.0,
2023,6,00-0034208,M.Boone,RB,HOU,NO,0,0,0.0,0,0.0,0.0,0.0,1,11.0,0,0,0,0.0,0,1.1,1.1,,,70.0,205.0,28.2718125,5.0,Cincinnati,2018.0,2018.0,,,7.0,
2023,8,00-0034208,M.Boone,RB,HOU,CAR,0,0,0.0,0,0.0,0.0,0.0,1,5.0,0,1,1,11.0,0,1.6,2.6,,,70.0,205.0,28.2718125,5.0,Cincinnati,2018.0,2018.0,,,,0.041666668
2023,9,00-0034208,M.Boone,RB,HOU,TB,0,0,0.0,0,0.0,0.0,0.0,1,3.0,0,0,0,0.0,0,0.3,0.3,,,70.0,205.0,28.2718125,5.0,Cincinnati,2018.0,2018.0,,,2.0,
2023,10,00-0034208,M.Boone,RB,HOU,CIN,0,0,0.0,0,0.0,0.0,0.0,0,0.0,0,3,2,6.0,0,0.6,2.6,,,70.0,205.0,28.2718125,5.0,Cincinnati,2018.0,2018.0,,,,0.07692308
2023,11,00-0034208,M.Boone,RB,HOU,ARI,0,0,0.0,0,0.0,0.0,0.0,1,0.0,0,1,1,5.0,0,0.5,1.5,,,70.0,205.0,28.2718125,5.0,Cincinnati,2018.0,2018.0,,,5.0,0.02631579
2023,1,00-0034270,T.Conklin,TE,NYJ,BUF,0,0,0.0,0,0.0,0.0,0.0,0,0.0,0,1,1,2.0,0,0.2,1.2,,,75.0,254.0,28.280117647058823,5.0,Central Michigan,2018.0,2018.0,MIN,157.0,6.0,0.055555556
2023,2,00-0034270,T.Conklin,TE,NYJ,DAL,0,0,0.0,0,0.0,0.0,0.0,0,0.0,0,6,5,50.0,0,5.0,10.0,,,75.0,254.0,28.280117647058823,5.0,Central Michigan,2018.0,2018.0,MIN,157.0,,0.24
2023,3,00-0034270,T.Conklin,TE,NYJ,NE,0,0,0.0,0,0.0,0.0,0.0,0,0.0,0,5,3,26.0,0,2.6,5.6,,,75.0,254.0,28.280117647058823,5.0,Central Michigan,2018.0,2018.0,MIN,157.0,-5.0,0.17857143
2023,4,00-0034270,T.Conklin,TE,NYJ,KC,0,0,0.0,0,0.0,0.0,0.0,0,0.0,0,6,4,58.0,0,5.8,9.8,,,75.0,254.0,28.280117647058823,5.0,Central Michigan,2018.0,2018.0,MIN,157.0,-3.0,0.15384616
2023,5,00-0034270,T.Conklin,TE,NYJ,DEN,0,0,0.0,0,0.0,0.0,0.0,0,0.0,0,5,4,67.0,0,6.7,10.7,,,75.0,254.0,28.280117647058823,5.0,Central Michigan,2018.0,2018.0,MIN,157.0,,0.1923077
2023,6,00-0034270,T.Conklin,TE,NYJ,PHI,0,0,0.0,0,0.0,0.0,0.0,0,0.0,0,4,3,24.0,0,2.4,5.4,,,75.0,254.0,28.280117647058823,5.0,Central Michigan,2018.0,2018.0,MIN,157.0,6.0,0.121212125
2023,8,00-0034270,T.Conklin,TE,NYJ,NYG,0,0,0.0,0,0.0,0.0,0.0,0,0.0,0,2,0,0.0,0,0.0,0.0,,,75.0,254.0,28.280117647058823,5.0,Central Michigan,2018.0,2018.0,MIN,157.0,,0.05882353
2023,9,00-0034270,T.Conklin,TE,NYJ,LAC,0,0,0.0,0,0.0,0.0,0.0,0,0.0,0,6,6,66.0,0,6.6,12.6,,,75.0,254.0,28.280117647058823,5.0,Central Michigan,2018.0,2018.0,MIN,157.0,-21.0,0.125
2023,10,00-0034270,T.Conklin,TE,NYJ,LV,0,0,0.0,0,0.0,0.0,0.0,0,0.0,0,7,7,70.0,0,7.0,14.0,,,75.0,254.0,28.280117647058823,5.0,Central Michigan,2018.0,2018.0,MIN,157.0,,0.1891892
2023,11,00-0034270,T.Conklin,TE,NYJ,BUF,0,0,0.0,0,0.0,0.0,0.0,0,0.0,0,3,2,18.0,0,1.8,3.8,,,75.0,254.0,28.280117647058823,5.0,Central Michigan,2018.0,2018.0,MIN,157.0,,0.10714286
2023,12,00-0034270,T.Conklin,TE,NYJ,MIA,0,0,0.0,0,0.0,0.0,0.0,0,0.0,0,5,4,33.0,0,3.3,7.3,,,75.0,254.0,28.280117647058823,5.0,Central Michigan,2018.0,2018.0,MIN,157.0,-21.0,0.1388889
2023,13,00-0034270,T.Conklin,TE,NYJ,ATL,0,0,0.0,0,0.0,0.0,0.0,0,0.0,0,9,3,35.0,0,3.5,6.5,,,75.0,254.0,28.280117647058823,5.0,Central Michigan,2018.0,2018.0,MIN,157.0,-5.0,0.25
2023,14,00-0034270,T.Conklin,TE,NYJ,HOU,0,0,0.0,0,0.0,0.0,0.0,0,0.0,0,6,4,57.0,0,5.7,9.7,,,75.0,254.0,28.280117647058823,5.0,Central Michigan,2018.0,2018.0,MIN,157.0,24.0,0.17142858
2023,15,00-0034270,T.Conklin,TE,NYJ,MIA,0,0,0.0,0,0.0,0.0,0.0,0,0.0,0,7,4,18.0,0,1.8,5.8,,,75.0,254.0,28.280117647058823,5.0,Central Michigan,2018.0,2018.0,MIN,157.0,,0.21212122
2023,16,00-0034270,T.Conklin,TE,NYJ,WAS,0,0,0.0,0,0.0,0.0,0.0,1,0.0,0,7,4,36.0,0,3.6,7.6,,,75.0,254.0,28.280117647058823,5.0,Central Michigan,2018.0,2018.0,MIN,157.0,2.0,0.15555556
2023,17,00-0034270,T.Conklin,TE,NYJ,CLE,0,0,0.0,0,0.0,0.0,0.0,0,0.0,0,5,5,45.0,0,4.5,9.5,,,75.0,254.0,28.280117647058823,5.0,Central Michigan,2018.0,2018.0,MIN,157.0,,0.11363637
2023,18,00-0034270,T.Conklin,TE,NYJ,NE,0,0,0.0,0,0.0,0.0,0.0,0,0.0,0,3,2,16.0,0,1.6,3.6,,,75.0,254.0,28.280117647058823,5.0,Central Michigan,2018.0,2018.0,MIN,157.0,,0.16666667
2023,1,00-0034272,M.Valdes-Scantling,WR,KC,DET,0,0,0.0,0,0.0,0.0,0.0,0,0.0,0,2,2,48.0,0,4.8,6.8,,,76.0,207.0,29.11995238095238,5.0,South Florida,2018.0,2018.0,GB,174.0,-1.0,0.054054055
2023,2,00-0034272,M.Valdes-Scantling,WR,KC,JAX,0,0,0.0,0,0.0,0.0,0.0,0,0.0,0,3,2,13.0,0,1.3,3.3,,,76.0,207.0,29.11995238095238,5.0,South Florida,2018.0,2018.0,GB,174.0,,0.075
2023,3,00-0034272,M.Valdes-Scantling,WR,KC,CHI,0,0,0.0,0,0.0,0.0,0.0,0,0.0,0,2,1,37.0,0,3.7,4.7,,,76.0,207.0,29.11995238095238,5.0,South Florida,2018.0,2018.0,GB,174.0,31.0,0.054054055
2023,4,00-0034272,M.Valdes-Scantling,WR,KC,NYJ,0,0,0.0,0,0.0,0.0,0.0,0,0.0,0,2,1,6.0,0,0.6,1.6,,,76.0,207.0,29.11995238095238,5.0,South Florida,2018.0,2018.0,GB,174.0,,0.06896552
2023,5,00-0034272,M.Valdes-Scantling,WR,KC,MIN,0,0,0.0,0,0.0,0.0,0.0,0,0.0,0,2,1,12.0,0,1.2,2.2,,,76.0,207.0,29.11995238095238,5.0,South Florida,2018.0,2018.0,GB,174.0,,0.051282052
2023,6,00-0034272,M.Valdes-Scantling,WR,KC,DEN,0,0,0.0,0,0.0,0.0,0.0,0,0.0,0,1,0,0.0,0,0.0,0.0,,,76.0,207.0,29.11995238095238,5.0,South Florida,2018.0,2018.0,GB,174.0,11.0,0.025641026
2023,7,00-0034272,M.Valdes-Scantling,WR,KC,LAC,0,0,0.0,0,0.0,0.0,0.0,0,0.0,0,5,3,84.0,1,14.4,17.4,,,76.0,207.0,29.11995238095238,5.0,South Florida,2018.0,2018.0,GB,174.0,14.0,0.125
2023,8,00-0034272,M.Valdes-Scantling,WR,KC,DEN,0,0,0.0,0,0.0,0.0,0.0,0,0.0,0,4,2,27.0,0,0.7,2.7,,,76.0,207.0,29.11995238095238,5.0,South Florida,2018.0,2018.0,GB,174.0,,0.10810811
2023,9,00-0034272,M.Valdes-Scantling,WR,KC,MIA,0,0,0.0,0,0.0,0.0,0.0,0,0.0,0,3,2,22.0,0,2.2,4.2,,,76.0,207.0,29.11995238095238,5.0,South Florida,2018.0,2018.0,GB,174.0,7.0,0.10714286
2023,11,00-0034272,M.Valdes-Scantling,WR,KC,PHI,0,0,0.0,0,0.0,0.0,0.0,0,0.0,0,3,0,0.0,0,0.0,0.0,,,76.0,207.0,29.11995238095238,5.0,South Florida,2018.0,2018.0,GB,174.0,-4.0,0.07692308
2023,12,00-0034272,M.Valdes-Scantling,WR,KC,LV,0,0,0.0,0,0.0,0.0,0.0,0,0.0,0,1,1,-1.0,0,-0.1,0.9,,,76.0,207.0,29.11995238095238,5.0,South Florida,2018.0,2018.0,GB,174.0,,0.03125
2023,13,00-0034272,M.Valdes-Scantling,WR,KC,GB,0,0,0.0,0,0.0,0.0,0.0,0,0.0,0,5,2,25.0,0,2.5,4.5,,,76.0,207.0,29.11995238095238,5.0,South Florida,2018.0,2018.0,GB,174.0,,0.16666667
2023,14,00-0034272,M.Valdes-Scantling,WR,KC,BUF,0,0,0.0,0,0.0,0.0,0.0,0,0.0,0,4,2,22.0,0,2.2,4.2,,,76.0,207.0,29.11995238095238,5.0,South Florida,2018.0,2018.0,GB,174.0,-3.0,0.102564104
2023,15,00-0034272,M.Valdes-Scantling,WR,KC,NE,0,0,0.0,0,0.0,0.0,0.0,0,0.0,0,1,1,17.0,0,1.7,2.7,,,76.0,207.0,29.11995238095238,5.0,South Florida,2018.0,2018.0,GB,174.0,,0.028571429
2023,16,00-0034272,M.Valdes-Scantling,WR,KC,LV,0,0,0.0,0,0.0,0.0,0.0,0,0.0,0,1,0,0.0,0,0.0,0.0,,,76.0,207.0,29.11995238095238,5.0,South Florida,2018.0,2018.0,GB,174.0,-6.0,0.024390243
2023,17,00-0034272,M.Valdes-Scantling,WR,KC,CIN,0,0,0.0,0,0.0,0.0,0.0,0,0.0,0,3,1,3.0,0,0.3,1.3,,,76.0,207.0,29.11995238095238,5.0,South Florida,2018.0,2018.0,GB,174.0,8.0,0.10714286
2023,19,00-0034272,M.Valdes-Scantling,WR,KC,MIA,0,0,0.0,0,0.0,0.0,0.0,0,0.0,0,2,1,8.0,0,0.8,1.8,,,76.0,207.0,29.11995238095238,5.0,South Florida,2018.0,2018.0,GB,174.0,19.0,0.05882353
2023,20,00-0034272,M.Valdes-Scantling,WR,KC,BUF,0,0,0.0,0,0.0,0.0,0.0,0,0.0,0,4,2,62.0,0,6.2,8.2,,,76.0,207.0,29.11995238095238,5.0,South Florida,2018.0,2018.0,GB,174.0,,0.1904762
2023,21,00-0034272,M.Valdes-Scantling,WR,KC,BAL,0,0,0.0,0,0.0,0.0,0.0,0,0.0,0,2,2,38.0,0,3.8,5.8,,,76.0,207.0,29.11995238095238,5.0,South Florida,2018.0,2018.0,GB,174.0,,0.055555556
2023,22,00-0034272,M.Valdes-Scantling,WR,KC,SF,0,0,0.0,0,0.0,0.0,0.0,0,0.0,0,5,3,20.0,1,8.0,11.0,,,76.0,207.0,29.11995238095238,5.0,South Florida,2018.0,2018.0,GB,174.0,3.0,0.11904762
2023,4,00-0034279,E.St. Brown,WR,CHI,DEN,0,0,0.0,0,0.0,0.0,0.0,0,0.0,0,1,1,21.0,0,2.1,3.1,,,77.0,214.0,27.101352941176472,5.0,Notre Dame,2018.0,2018.0,GB,207.0,-3.0,0.03125
2023,5,00-0034279,E.St. Brown,WR,CHI,WAS,0,0,0.0,0,0.0,0.0,0.0,0,0.0,0,1,0,0.0,0,0.0,0.0,,,77.0,214.0,27.101352941176472,5.0,Notre Dame,2018.0,2018.0,GB,207.0,,0.04
2023,10,00-0034279,E.St. Brown,WR,CHI,CAR,0,0,0.0,0,0.0,0.0,0.0,0,0.0,0,1,1,4.0,0,0.4,1.4,,,77.0,214.0,27.101352941176472,5.0,Notre Dame,2018.0,2018.0,GB,207.0,3.0,0.03125
2023,11,00-0034279,E.St. Brown,WR,CHI,DET,0,0,0.0,0,0.0,0.0,0.0,0,0.0,0,2,2,19.0,0,1.9,3.9,,,77.0,214.0,27.101352941176472,5.0,Notre Dame,2018.0,2018.0,GB,207.0,,0.09090909
2023,18,00-0034279,E.St. Brown,WR,CHI,GB,0,0,0.0,0,0.0,0.0,0.0,0,0.0,0,1,1,18.0,0,1.8,2.8,,,77.0,214.0,27.101352941176472,5.0,Notre Dame,2018.0,2018.0,GB,207.0,,0.0625
2023,1,00-0034286,R.James,WR,KC,DET,0,0,0.0,0,0.0,0.0,0.0,0,0.0,0,2,1,6.0,0,0.6,1.6,,,69.0,185.0,28.21652380952381,5.0,Middle Tennessee,2018.0,2018.0,SF,240.0,-1.0,0.054054055
2023,2,00-0034286,R.James,WR,KC,JAX,0,0,0.0,0,0.0,0.0,0.0,0,0.0,0,1,0,0.0,0,0.0,0.0,,,69.0,185.0,28.21652380952381,5.0,Middle Tennessee,2018.0,2018.0,SF,240.0,,0.025
2023,13,00-0034286,R.James,WR,KC,GB,0,0,0.0,0,0.0,0.0,0.0,0,0.0,0,2,1,12.0,0,1.2,2.2,,,69.0,185.0,28.21652380952381,5.0,Middle Tennessee,2018.0,2018.0,SF,240.0,,0.06666667
2023,14,00-0034286,R.James,WR,KC,BUF,0,0,0.0,0,0.0,0.0,0.0,0,0.0,0,2,1,4.0,0,0.4,1.4,,,69.0,185.0,28.21652380952381,5.0,Middle Tennessee,2018.0,2018.0,SF,240.0,-3.0,0.051282052
2023,15,00-0034286,R.James,WR,KC,NE,0,0,0.0,0,0.0,0.0,0.0,0,0.0,0,1,1,17.0,0,1.7,2.7,,,69.0,185.0,28.21652380952381,5.0,Middle Tennessee,2018.0,2018.0,SF,240.0,,0.028571429
2023,16,00-0034286,R.James,WR,KC,LV,0,0,0.0,0,0.0,0.0,0.0,0,0.0,0,3,3,54.0,0,5.4,8.4,,,69.0,185.0,28.21652380952381,5.0,Middle Tennessee,2018.0,2018.0,SF,240.0,-6.0,0.07317073
2023,17,00-0034286,R.James,WR,KC,CIN,0,0,0.0,0,0.0,0.0,0.0,0,0.0,0,1,1,6.0,0,0.6,1.6,,,69.0,185.0,28.21652380952381,5.0,Middle Tennessee,2018.0,2018.0,SF,240.0,8.0,0.035714287
2023,18,00-0034286,R.James,WR,KC,LAC,0,0,0.0,0,0.0,0.0,0.0,0,0.0,0,2,2,15.0,0,1.5,3.5,,,69.0,185.0,28.21652380952381,5.0,Middle Tennessee,2018.0,2018.0,SF,240.0,,0.06896552
2023,19,00-0034286,R.James,WR,KC,MIA,0,0,0.0,0,0.0,0.0,0.0,0,0.0,0,2,1,6.0,0,0.6,1.6,,,69.0,185.0,28.21652380952381,5.0,Middle Tennessee,2018.0,2018.0,SF,240.0,19.0,0.05882353
2023,21,00-0034286,R.James,WR,KC,BAL,0,0,0.0,0,0.0,0.0,0.0,0,0.0,0,1,0,0.0,0,0.0,0.0,,,69.0,185.0,28.21652380952381,5.0,Middle Tennessee,2018.0,2018.0,SF,240.0,,0.027777778
2023,22,00-0034286,R.James,WR,KC,SF,0,0,0.0,0,0.0,0.0,0.0,0,0.0,0,1,0,0.0,0,0.0,0.0,,,69.0,185.0,28.21652380952381,5.0,Middle Tennessee,2018.0,2018.0,SF,240.0,3.0,0.023809524
2023,2,00-0034297,B.Pringle,WR,WAS,DEN,0,0,0.0,0,0.0,0.0,0.0,0,0.0,0,1,1,4.0,0,0.4,1.4,,,73.0,205.0,29.96929411764706,5.0,Kansas State,2018.0,2018.0,,,,0.029411765
2023,4,00-0034297,B.Pringle,WR,WAS,PHI,0,0,0.0,0,0.0,0.0,0.0,0,0.0,0,2,1,15.0,0,1.5,2.5,,,73.0,205.0,29.96929411764706,5.0,Kansas State,2018.0,2018.0,,,,0.051282052
2023,5,00-0034297,B.Pringle,WR,WAS,CHI,0,0,0.0,0,0.0,0.0,0.0,0,0.0,0,2,1,10.0,0,1.0,2.0,,,73.0,205.0,29.96929411764706,5.0,Kansas State,2018.0,2018.0,,,-20.0,0.041666668
2023,7,00-0034297,B.Pringle,WR,WAS,NYG,0,0,0.0,0,0.0,0.0,0.0,0,0.0,0,1,1,16.0,0,1.6,2.6,,,73.0,205.0,29.96929411764706,5.0,Kansas State,2018.0,2018.0,,,,0.027777778
2023,8,00-0034297,B.Pringle,WR,WAS,PHI,0,0,0.0,0,0.0,0.0,0.0,0,0.0,0,1,0,0.0,0,0.0,0.0,,,73.0,205.0,29.96929411764706,5.0,Kansas State,2018.0,2018.0,,,-7.0,0.019607844
2023,9,00-0034297,B.Pringle,WR,WAS,NE,0,0,0.0,0,0.0,0.0,0.0,0,0.0,0,4,3,55.0,0,5.5,8.5,,,73.0,205.0,29.96929411764706,5.0,Kansas State,2018.0,2018.0,,,,0.09090909
2023,10,00-0034297,B.Pringle,WR,WAS,SEA,0,0,0.0,0,0.0,0.0,0.0,0,0.0,0,2,1,7.0,0,0.7,1.7,,,73.0,205.0,29.96929411764706,5.0,Kansas State,2018.0,2018.0,,,,0.04761905
2023,11,00-0034297,B.Pringle,WR,WAS,NYG,0,0,0.0,0,0.0,0.0,0.0,0,0.0,0,3,3,22.0,0,2.2,5.2,,,73.0,205.0,29.96929411764706,5.0,Kansas State,2018.0,2018.0,,,-12.0,0.071428575
2023,12,00-0034297,B.Pringle,WR,WAS,DAL,0,0,0.0,0,0.0,0.0,0.0,0,0.0,0,2,2,27.0,0,2.7,4.7,,,73.0,205.0,29.96929411764706,5.0,Kansas State,2018.0,2018.0,,,,0.045454547
2023,15,00-0034297,B.Pringle,WR,WAS,LA,0,0,0.0,0,0.0,0.0,0.0,0,0.0,0,1,1,5.0,0,0.5,1.5,,,73.0,205.0,29.96929411764706,5.0,Kansas State,2018.0,2018.0,,,,0.029411765
2023,16,00-0034297,B.Pringle,WR,WAS,NYJ,0,0,0.0,0,0.0,0.0,0.0,0,0.0,0,2,0,0.0,0,0.0,0.0,,,73.0,205.0,29.96929411764706,5.0,Kansas State,2018.0,2018.0,,,,0.0625
2023,17,00-0034297,B.Pringle,WR,WAS,SF,0,0,0.0,0,0.0,0.0,0.0,0,0.0,0,1,0,0.0,0,0.0,0.0,,,73.0,205.0,29.96929411764706,5.0,Kansas State,2018.0,2018.0,,,-17.0,0.03846154
2023,1,00-0034317,K.Kirkwood,WR,NO,TEN,0,0,0.0,0,0.0,0.0,0.0,0,0.0,0,1,0,0.0,0,0.0,0.0,,,75.0,210.0,28.866823529411764,5.0,Temple,2018.0,2018.0,,,1.0,0.030303031
2023,2,00-0034317,K.Kirkwood,WR,NO,CAR,0,0,0.0,0,0.0,0.0,0.0,0,0.0,0,1,0,0.0,0,0.0,0.0,,,75.0,210.0,28.866823529411764,5.0,Temple,2018.0,2018.0,,,,0.029411765
2023,3,00-0034317,K.Kirkwood,WR,NO,GB,0,0,0.0,0,0.0,0.0,0.0,0,0.0,0,1,0,0.0,0,0.0,0.0,,,75.0,210.0,28.866823529411764,5.0,Temple,2018.0,2018.0,,,,0.029411765
2023,5,00-0034317,K.Kirkwood,WR,NO,NE,0,0,0.0,0,0.0,0.0,0.0,0,0.0,0,1,1,1.0,0,0.1,1.1,,,75.0,210.0,28.866823529411764,5.0,Temple,2018.0,2018.0,,,,0.04
2023,12,00-0034317,K.Kirkwood,WR,NO,ATL,0,0,0.0,0,0.0,0.0,0.0,0,0.0,0,3,2,20.0,0,2.0,4.0,,,75.0,210.0,28.866823529411764,5.0,Temple,2018.0,2018.0,,,,0.08108108
2023,15,00-0034317,K.Kirkwood,WR,NO,NYG,0,0,0.0,0,0.0,0.0,0.0,0,0.0,0,1,1,7.0,1,6.7,7.7,,,75.0,210.0,28.866823529411764,5.0,Temple,2018.0,2018.0,,,18.0,0.035714287
2023,16,00-0034317,K.Kirkwood,WR,NO,LA,0,0,0.0,0,0.0,0.0,0.0,0,0.0,0,1,1,9.0,0,0.9,1.9,,,75.0,210.0,28.866823529411764,5.0,Temple,2018.0,2018.0,,,,0.025
2023,1,00-0034348,C.Sutton,WR,DEN,LV,0,0,0.0,0,0.0,0.0,0.0,0,0.0,0,5,4,32.0,1,9.2,13.2,,,76.0,216.0,28.080882352941178,5.0,Southern Methodist,2018.0,2018.0,DEN,40.0,-1.0,0.15625
2023,2,00-0034348,C.Sutton,WR,DEN,WAS,0,0,0.0,0,0.0,0.0,0.0,0,0.0,0,7,5,66.0,0,6.6,11.6,,,76.0,216.0,28.080882352941178,5.0,Southern Methodist,2018.0,2018.0,DEN,40.0,-2.0,0.25925925
2023,3,00-0034348,C.Sutton,WR,DEN,MIA,0,0,0.0,0,0.0,0.0,0.0,0,0.0,0,11,8,91.0,1,11.1,19.1,,,76.0,216.0,28.080882352941178,5.0,Southern Methodist,2018.0,2018.0,DEN,40.0,,0.30555555
2023,4,00-0034348,C.Sutton,WR,DEN,CHI,0,0,0.0,0,0.0,0.0,0.0,0,0.0,0,5,3,27.0,1,8.7,11.7,,,76.0,216.0,28.080882352941178,5.0,Southern Methodist,2018.0,2018.0,DEN,40.0,,0.1923077
2023,5,00-0034348,C.Sutton,WR,DEN,NYJ,0,0,0.0,0,0.0,0.0,0.0,0,0.0,0,3,1,13.0,0,1.3,2.3,,,76.0,216.0,28.080882352941178,5.0,Southern Methodist,2018.0,2018.0,DEN,40.0,-10.0,0.11111111
2023,6,00-0034348,C.Sutton,WR,DEN,KC,0,0,0.0,0,0.0,0.0,0.0,0,0.0,0,6,4,46.0,1,10.6,14.6,,,76.0,216.0,28.080882352941178,5.0,Southern Methodist,2018.0,2018.0,DEN,40.0,,0.27272728
2023,7,00-0034348,C.Sutton,WR,DEN,GB,0,0,0.0,0,0.0,0.0,0.0,0,0.0,0,6,6,76.0,1,13.6,19.6,,,76.0,216.0,28.080882352941178,5.0,Southern Methodist,2018.0,2018.0,DEN,40.0,2.0,0.25
2023,8,00-0034348,C.Sutton,WR,DEN,KC,0,0,0.0,0,0.0,0.0,0.0,0,0.0,0,3,2,29.0,1,8.9,10.9,,,76.0,216.0,28.080882352941178,5.0,Southern Methodist,2018.0,2018.0,DEN,40.0,15.0,0.16666667
2023,10,00-0034348,C.Sutton,WR,DEN,BUF,0,0,0.0,0,0.0,0.0,0.0,0,0.0,0,11,8,53.0,1,9.3,17.3,,,76.0,216.0,28.080882352941178,5.0,Southern Methodist,2018.0,2018.0,DEN,40.0,,0.37931034
2023,11,00-0034348,C.Sutton,WR,DEN,MIN,0,0,0.0,0,0.0,0.0,0.0,0,0.0,0,5,4,66.0,1,12.6,16.6,,,76.0,216.0,28.080882352941178,5.0,Southern Methodist,2018.0,2018.0,DEN,40.0,1.0,0.15625
2023,12,00-0034348,C.Sutton,WR,DEN,CLE,0,0,0.0,0,0.0,0.0,0.0,0,0.0,0,6,3,61.0,0,6.1,9.1,,,76.0,216.0,28.080882352941178,5.0,Southern Methodist,2018.0,2018.0,DEN,40.0,17.0,0.2857143
2023,13,00-0034348,C.Sutton,WR,DEN,HOU,0,0,0.0,0,0.0,0.0,0.0,0,0.0,0,7,2,77.0,1,13.7,15.7,,,76.0,216.0,28.080882352941178,5.0,Southern Methodist,2018.0,2018.0,DEN,40.0,,0.29166666
2023,14,00-0034348,C.Sutton,WR,DEN,LAC,0,0,0.0,0,0.0,0.0,0.0,0,0.0,0,4,3,62.0,1,12.2,15.2,,,76.0,216.0,28.080882352941178,5.0,Southern Methodist,2018.0,2018.0,DEN,40.0,,0.13333334
2023,15,00-0034348,C.Sutton,WR,DEN,DET,0,0,0.0,0,0.0,0.0,0.0,0,0.0,0,6,5,71.0,0,7.1,12.1,,,76.0,216.0,28.080882352941178,5.0,Southern Methodist,2018.0,2018.0,DEN,40.0,,0.1875
2023,16,00-0034348,C.Sutton,WR,DEN,NE,0,0,0.0,0,0.0,0.0,0.0,0,0.0,0,1,0,0.0,0,0.0,0.0,,,76.0,216.0,28.080882352941178,5.0,Southern Methodist,2018.0,2018.0,DEN,40.0,-3.0,0.028571429
2023,18,00-0034348,C.Sutton,WR,DEN,LV,0,0,0.0,0,0.0,0.0,0.0,0,0.0,0,4,1,2.0,0,0.2,1.2,,,76.0,216.0,28.080882352941178,5.0,Southern Methodist,2018.0,2018.0,DEN,40.0,,0.125
2023,1,00-0034351,D.Goedert,TE,PHI,NE,0,0,0.0,0,0.0,0.0,0.0,0,0.0,0,1,0,0.0,0,0.0,0.0,,,77.0,256.0,28.857222222222227,5.0,South Dakota State,2018.0,2018.0,PHI,49.0,,0.033333335
2023,2,00-0034351,D.Goedert,TE,PHI,MIN,0,0,0.0,0,0.0,0.0,0.0,0,0.0,0,7,6,22.0,0,2.2,8.2,,,77.0,256.0,28.857222222222227,5.0,South Dakota State,2018.0,2018.0,PHI,49.0,6.0,0.3181818
2023,3,00-0034351,D.Goedert,TE,PHI,TB,0,0,0.0,0,0.0,0.0,0.0,0,0.0,0,7,5,41.0,0,4.1,9.1,,,77.0,256.0,28.857222222222227,5.0,South Dakota State,2018.0,2018.0,PHI,49.0,,0.2
2023,4,00-0034351,D.Goedert,TE,PHI,WAS,0,0,0.0,0,0.0,0.0,0.0,0,0.0,0,4,2,25.0,0,2.5,4.5,,,77.0,256.0,28.857222222222227,5.0,South Dakota State,2018.0,2018.0,PHI,49.0,3.0,0.11764706
2023,5,00-0034351,D.Goedert,TE,PHI,LA,0,0,0.0,0,0.0,0.0,0.0,0,0.0,0,9,8,117.0,1,17.7,25.7,,,77.0,256.0,28.857222222222227,5.0,South Dakota State,2018.0,2018.0,PHI,49.0,,0.2647059
2023,6,00-0034351,D.Goedert,TE,PHI,NYJ,0,0,0.0,0,0.0,0.0,0.0,0,0.0,0,8,5,42.0,0,4.2,9.2,,,77.0,256.0,28.857222222222227,5.0,South Dakota State,2018.0,2018.0,PHI,49.0,,0.18604651
2023,7,00-0034351,D.Goedert,TE,PHI,MIA,0,0,0.0,0,0.0,0.0,0.0,0,0.0,0,5,5,77.0,1,13.7,18.7,,,77.0,256.0,28.857222222222227,5.0,South Dakota State,2018.0,2018.0,PHI,49.0,14.0,0.16666667
2023,8,00-0034351,D.Goedert,TE,PHI,WAS,0,0,0.0,0,0.0,0.0,0.0,0,0.0,0,7,4,36.0,0,3.6,7.6,,,77.0,256.0,28.857222222222227,5.0,South Dakota State,2018.0,2018.0,PHI,49.0,,0.2
2023,9,00-0034351,D.Goedert,TE,PHI,DAL,0,0,0.0,0,0.0,0.0,0.0,0,0.0,0,4,3,50.0,0,5.0,8.0,,,77.0,256.0,28.857222222222227,5.0,South Dakota State,2018.0,2018.0,PHI,49.0,5.0,0.1904762
2023,14,00-0034351,D.Goedert,TE,PHI,DAL,0,0,0.0,0,0.0,0.0,0.0,0,0.0,0,4,4,30.0,0,3.0,7.0,,,77.0,256.0,28.857222222222227,5.0,South Dakota State,2018.0,2018.0,PHI,49.0,,0.14285715
2023,15,00-0034351,D.Goedert,TE,PHI,SEA,0,0,0.0,0,0.0,0.0,0.0,1,1.0,0,9,4,30.0,0,3.1,7.1,,,77.0,256.0,28.857222222222227,5.0,South Dakota State,2018.0,2018.0,PHI,49.0,,0.3
2023,16,00-0034351,D.Goedert,TE,PHI,NYG,0,0,0.0,0,0.0,0.0,0.0,0,0.0,0,9,7,71.0,0,7.1,14.1,,,77.0,256.0,28.857222222222227,5.0,South Dakota State,2018.0,2018.0,PHI,49.0,8.0,0.25
2023,17,00-0034351,D.Goedert,TE,PHI,ARI,0,0,0.0,0,0.0,0.0,0.0,0,0.0,0,6,5,47.0,1,10.7,15.7,,,77.0,256.0,28.857222222222227,5.0,South Dakota State,2018.0,2018.0,PHI,49.0,-4.0,0.26086956
2023,18,00-0034351,D.Goedert,TE,PHI,NYG,0,0,0.0,0,0.0,0.0,0.0,0,0.0,0,3,1,4.0,0,0.4,1.4,,,77.0,256.0,28.857222222222227,5.0,South Dakota State,2018.0,2018.0,PHI,49.0,,0.09090909
2023,19,00-0034351,D.Goedert,TE,PHI,TB,0,0,0.0,0,0.0,0.0,0.0,0,0.0,0,6,4,21.0,1,8.1,12.1,,,77.0,256.0,28.857222222222227,5.0,South Dakota State,2018.0,2018.0,PHI,49.0,,0.1875
2023,1,00-0034364,J.Akins,TE,CLE,CIN,0,0,0.0,0,0.0,0.0,0.0,0,0.0,0,1,1,12.0,0,1.2,2.2,,,76.0,243.0,31.569611111111115,5.0,Central Florida,2018.0,2018.0,HOU,98.0,21.0,0.03448276
2023,2,00-0034364,J.Akins,TE,CLE,PIT,0,0,0.0,0,0.0,0.0,0.0,0,0.0,0,1,1,2.0,0,0.2,1.2,,,76.0,243.0,31.569611111111115,5.0,Central Florida,2018.0,2018.0,HOU,98.0,,0.025
2023,4,00-0034364,J.Akins,TE,CLE,BAL,0,0,0.0,0,0.0,0.0,0.0,0,0.0,0,2,1,6.0,0,0.6,1.6,,,76.0,243.0,31.569611111111115,5.0,Central Florida,2018.0,2018.0,HOU,98.0,-25.0,0.05882353
2023,6,00-0034364,J.Akins,TE,CLE,SF,0,0,0.0,0,0.0,0.0,0.0,0,0.0,0,2,0,0.0,0,0.0,0.0,,,76.0,243.0,31.569611111111115,5.0,Central Florida,2018.0,2018.0,HOU,98.0,2.0,0.060606062
2023,8,00-0034364,J.Akins,TE,CLE,SEA,0,0,0.0,0,0.0,0.0,0.0,0,0.0,0,1,1,6.0,0,0.6,1.6,,,76.0,243.0,31.569611111111115,5.0,Central Florida,2018.0,2018.0,HOU,98.0,,0.033333335
2023,9,00-0034364,J.Akins,TE,CLE,ARI,0,0,0.0,0,0.0,0.0,0.0,0,0.0,0,3,1,11.0,0,1.1,2.1,,,76.0,243.0,31.569611111111115,5.0,Central Florida,2018.0,2018.0,HOU,98.0,27.0,0.10714286
2023,10,00-0034364,J.Akins,TE,CLE,BAL,0,0,0.0,0,0.0,0.0,0.0,0,0.0,0,1,1,8.0,0,0.8,1.8,,,76.0,243.0,31.569611111111115,5.0,Central Florida,2018.0,2018.0,HOU,98.0,,0.03125
2023,13,00-0034364,J.Akins,TE,CLE,LA,0,0,0.0,0,0.0,0.0,0.0,0,0.0,0,1,1,6.0,0,0.6,1.6,,,76.0,243.0,31.569611111111115,5.0,Central Florida,2018.0,2018.0,HOU,98.0,,0.024390243
2023,14,00-0034364,J.Akins,TE,CLE,JAX,0,0,0.0,0,0.0,0.0,0.0,0,0.0,0,1,1,3.0,0,0.3,1.3,,,76.0,243.0,31.569611111111115,5.0,Central Florida,2018.0,2018.0,HOU,98.0,4.0,0.023255814
2023,15,00-0034364,J.Akins,TE,CLE,CHI,0,0,0.0,0,0.0,0.0,0.0,0,0.0,0,1,1,8.0,0,0.8,1.8,,,76.0,243.0,31.569611111111115,5.0,Central Florida,2018.0,2018.0,HOU,98.0,3.0,0.022727273
2023,16,00-0034364,J.Akins,TE,CLE,HOU,0,0,0.0,0,0.0,0.0,0.0,0,0.0,0,2,2,18.0,0,1.8,3.8,,,76.0,243.0,31.569611111111115,5.0,Central Florida,2018.0,2018.0,HOU,98.0,,0.046511628
2023,17,00-0034364,J.Akins,TE,CLE,NYJ,0,0,0.0,0,0.0,0.0,0.0,0,0.0,0,1,1,28.0,0,2.8,3.8,,,76.0,243.0,31.569611111111115,5.0,Central Florida,2018.0,2018.0,HOU,98.0,17.0,0.03448276
2023,18,00-0034364,J.Akins,TE,CLE,CIN,0,0,0.0,0,0.0,0.0,0.0,0,0.0,0,6,3,24.0,0,2.4,5.4,,,76.0,243.0,31.569611111111115,5.0,Central Florida,2018.0,2018.0,HOU,98.0,,0.24
2023,3,00-0034365,I.Thomas,TE,CAR,SEA,0,0,0.0,0,0.0,0.0,0.0,0,0.0,0,1,1,8.0,0,0.8,1.8,,,76.0,260.0,27.426176470588235,5.0,Indiana,2018.0,2018.0,CAR,101.0,,0.01754386
2023,4,00-0034365,I.Thomas,TE,CAR,MIN,0,0,0.0,0,0.0,0.0,0.0,0,0.0,0,1,0,0.0,0,0.0,0.0,,,76.0,260.0,27.426176470588235,5.0,Indiana,2018.0,2018.0,CAR,101.0,-8.0,0.032258064
2023,5,00-0034365,I.Thomas,TE,CAR,DET,0,0,0.0,0,0.0,0.0,0.0,0,0.0,0,2,1,28.0,0,2.8,3.8,,,76.0,260.0,27.426176470588235,5.0,Indiana,2018.0,2018.0,CAR,101.0,,0.057142857
2023,12,00-0034365,I.Thomas,TE,CAR,TEN,0,0,0.0,0,0.0,0.0,0.0,0,0.0,0,1,1,9.0,0,0.9,1.9,,,76.0,260.0,27.426176470588235,5.0,Indiana,2018.0,2018.0,CAR,101.0,,0.041666668
2023,13,00-0034365,I.Thomas,TE,CAR,TB,0,0,0.0,0,0.0,0.0,0.0,0,0.0,0,1,1,6.0,0,0.6,1.6,,,76.0,260.0,27.426176470588235,5.0,Indiana,2018.0,2018.0,CAR,101.0,,0.03846154
2023,17,00-0034365,I.Thomas,TE,CAR,JAX,0,0,0.0,0,0.0,0.0,0.0,0,0.0,0,1,0,0.0,0,0.0,0.0,,,76.0,260.0,27.426176470588235,5.0,Indiana,2018.0,2018.0,CAR,101.0,,0.032258064
2023,18,00-0034365,I.Thomas,TE,CAR,TB,0,0,0.0,0,0.0,0.0,0.0,0,0.0,0,2,1,5.0,0,0.5,1.5,,,76.0,260.0,27.426176470588235,5.0,Indiana,2018.0,2018.0,CAR,101.0,-9.0,0.11111111
2023,1,00-0034383,D.Schultz,TE,HOU,BAL,0,0,0.0,0,0.0,0.0,0.0,0,0.0,0,4,2,4.0,0,0.4,2.4,,,77.0,242.0,27.350052631578944,5.0,Stanford,2018.0,2018.0,DAL,137.0,,0.093023255
2023,2,00-0034383,D.Schultz,TE,HOU,IND,0,0,0.0,0,0.0,0.0,0.0,0,0.0,0,7,4,34.0,0,3.4,7.4,,,77.0,242.0,27.350052631578944,5.0,Stanford,2018.0,2018.0,DAL,137.0,-11.0,0.1627907
2023,3,00-0034383,D.Schultz,TE,HOU,JAX,0,0,0.0,0,0.0,0.0,0.0,0,0.0,0,3,1,9.0,0,0.9,1.9,,,77.0,242.0,27.350052631578944,5.0,Stanford,2018.0,2018.0,DAL,137.0,,0.10344828
2023,4,00-0034383,D.Schultz,TE,HOU,PIT,0,0,0.0,0,0.0,0.0,0.0,0,0.0,0,3,3,42.0,1,10.2,13.2,,,77.0,242.0,27.350052631578944,5.0,Stanford,2018.0,2018.0,DAL,137.0,24.0,0.11111111
2023,5,00-0034383,D.Schultz,TE,HOU,ATL,0,0,0.0,0,0.0,0.0,0.0,0,0.0,0,10,7,65.0,1,12.5,19.5,,,77.0,242.0,27.350052631578944,5.0,Stanford,2018.0,2018.0,DAL,137.0,,0.3125
2023,6,00-0034383,D.Schultz,TE,HOU,NO,0,0,0.0,0,0.0,0.0,0.0,0,0.0,0,7,4,61.0,1,12.1,16.1,,,77.0,242.0,27.350052631578944,5.0,Stanford,2018.0,2018.0,DAL,137.0,7.0,0.29166666
2023,8,00-0034383,D.Schultz,TE,HOU,CAR,0,0,0.0,0,0.0,0.0,0.0,0,0.0,0,5,2,5.0,0,0.5,2.5,,,77.0,242.0,27.350052631578944,5.0,Stanford,2018.0,2018.0,DAL,137.0,,0.20833333
2023,9,00-0034383,D.Schultz,TE,HOU,TB,0,0,0.0,0,0.0,0.0,0.0,0,0.0,0,11,10,130.0,1,17.0,27.0,,,77.0,242.0,27.350052631578944,5.0,Stanford,2018.0,2018.0,DAL,137.0,2.0,0.28947368
2023,10,00-0034383,D.Schultz,TE,HOU,CIN,0,0,0.0,0,0.0,0.0,0.0,0,0.0,0,6,4,71.0,0,7.1,11.1,,,77.0,242.0,27.350052631578944,5.0,Stanford,2018.0,2018.0,DAL,137.0,,0.15384616
2023,11,00-0034383,D.Schultz,TE,HOU,ARI,0,0,0.0,0,0.0,0.0,0.0,0,0.0,0,3,2,32.0,1,9.2,11.2,,,77.0,242.0,27.350052631578944,5.0,Stanford,2018.0,2018.0,DAL,137.0,5.0,0.078947365
2023,12,00-0034383,D.Schultz,TE,HOU,JAX,0,0,0.0,0,0.0,0.0,0.0,0,0.0,0,2,1,2.0,0,0.2,1.2,,,77.0,242.0,27.350052631578944,5.0,Stanford,2018.0,2018.0,DAL,137.0,-3.0,0.055555556
2023,15,00-0034383,D.Schultz,TE,HOU,TEN,0,0,0.0,0,0.0,0.0,0.0,0,0.0,0,5,4,58.0,0,5.8,9.8,,,77.0,242.0,27.350052631578944,5.0,Stanford,2018.0,2018.0,DAL,137.0,,0.14705883
2023,16,00-0034383,D.Schultz,TE,HOU,CLE,0,0,0.0,0,0.0,0.0,0.0,0,0.0,0,11,8,61.0,0,6.1,14.1,,,77.0,242.0,27.350052631578944,5.0,Stanford,2018.0,2018.0,DAL,137.0,-14.0,0.22916667
2023,17,00-0034383,D.Schultz,TE,HOU,TEN,0,0,0.0,0,0.0,0.0,0.0,0,0.0,0,4,2,19.0,0,1.9,3.9,,,77.0,242.0,27.350052631578944,5.0,Stanford,2018.0,2018.0,DAL,137.0,23.0,0.12903225
2023,18,00-0034383,D.Schultz,TE,HOU,IND,0,0,0.0,0,0.0,0.0,0.0,0,0.0,0,7,5,42.0,0,4.2,9.2,,,77.0,242.0,27.350052631578944,5.0,Stanford,2018.0,2018.0,DAL,137.0,,0.26923078
2023,19,00-0034383,D.Schultz,TE,HOU,CLE,0,0,0.0,0,0.0,0.0,0.0,0,0.0,0,2,1,37.0,1,9.7,10.7,,,77.0,242.0,27.350052631578944,5.0,Stanford,2018.0,2018.0,DAL,137.0,31.0,0.09090909
2023,20,00-0034383,D.Schultz,TE,HOU,BAL,0,0,0.0,0,0.0,0.0,0.0,0,0.0,0,7,5,43.0,0,4.3,9.3,,,77.0,242.0,27.350052631578944,5.0,Stanford,2018.0,2018.0,DAL,137.0,,0.22580644
2023,1,00-0034386,J.Watson,WR,KC,DET,0,0,0.0,0,0.0,0.0,0.0,0,0.0,0,4,2,45.0,0,4.5,6.5,,,74.0,215.0,27.636095238095237,5.0,Pennsylvania,2018.0,2018.0,TB,144.0,-1.0,0.10810811
2023,2,00-0034386,J.Watson,WR,KC,JAX,0,0,0.0,0,0.0,0.0,0.0,0,0.0,0,5,3,62.0,0,4.2,7.2,,,74.0,215.0,27.636095238095237,5.0,Pennsylvania,2018.0,2018.0,TB,144.0,,0.125
2023,3,00-0034386,J.Watson,WR,KC,CHI,0,0,0.0,0,0.0,0.0,0.0,0,0.0,0,3,2,51.0,0,5.1,7.1,,,74.0,215.0,27.636095238095237,5.0,Pennsylvania,2018.0,2018.0,TB,144.0,31.0,0.08108108
2023,4,00-0034386,J.Watson,WR,KC,NYJ,0,0,0.0,0,0.0,0.0,0.0,0,0.0,0,1,1,5.0,0,0.5,1.5,,,74.0,215.0,27.636095238095237,5.0,Pennsylvania,2018.0,2018.0,TB,144.0,,0.03448276
2023,5,00-0034386,J.Watson,WR,KC,MIN,0,0,0.0,0,0.0,0.0,0.0,0,0.0,0,3,2,56.0,0,5.6,7.6,,,74.0,215.0,27.636095238095237,5.0,Pennsylvania,2018.0,2018.0,TB,144.0,,0.07692308
2023,6,00-0034386,J.Watson,WR,KC,DEN,0,0,0.0,0,0.0,0.0,0.0,0,0.0,0,1,0,0.0,0,0.0,0.0,,,74.0,215.0,27.636095238095237,5.0,Pennsylvania,2018.0,2018.0,TB,144.0,11.0,0.025641026
2023,8,00-0034386,J.Watson,WR,KC,DEN,0,0,0.0,0,0.0,0.0,0.0,0,0.0,0,3,2,42.0,0,4.2,6.2,,,74.0,215.0,27.636095238095237,5.0,Pennsylvania,2018.0,2018.0,TB,144.0,,0.08108108
2023,9,00-0034386,J.Watson,WR,KC,MIA,0,0,0.0,0,0.0,0.0,0.0,0,0.0,0,5,2,15.0,0,1.5,3.5,,,74.0,215.0,27.636095238095237,5.0,Pennsylvania,2018.0,2018.0,TB,144.0,7.0,0.17857143
2023,11,00-0034386,J.Watson,WR,KC,PHI,0,0,0.0,0,0.0,0.0,0.0,0,0.0,0,11,5,53.0,1,11.3,16.3,,,74.0,215.0,27.636095238095237,5.0,Pennsylvania,2018.0,2018.0,TB,144.0,-4.0,0.2820513
2023,12,00-0034386,J.Watson,WR,KC,LV,0,0,0.0,0,0.0,0.0,0.0,0,0.0,0,3,1,3.0,1,6.3,7.3,,,74.0,215.0,27.636095238095237,5.0,Pennsylvania,2018.0,2018.0,TB,144.0,,0.09375
2023,14,00-0034386,J.Watson,WR,KC,BUF,0,0,0.0,0,0.0,0.0,0.0,0,0.0,0,1,1,18.0,0,1.8,2.8,,,74.0,215.0,27.636095238095237,5.0,Pennsylvania,2018.0,2018.0,TB,144.0,-3.0,0.025641026
2023,15,00-0034386,J.Watson,WR,KC,NE,0,0,0.0,0,0.0,0.0,0.0,0,0.0,0,3,1,31.0,0,3.1,4.1,,,74.0,215.0,27.636095238095237,5.0,Pennsylvania,2018.0,2018.0,TB,144.0,,0.08571429
2023,16,00-0034386,J.Watson,WR,KC,LV,0,0,0.0,0,0.0,0.0,0.0,0,0.0,0,6,4,38.0,1,9.8,13.8,,,74.0,215.0,27.636095238095237,5.0,Pennsylvania,2018.0,2018.0,TB,144.0,-6.0,0.14634146
2023,17,00-0034386,J.Watson,WR,KC,CIN,0,0,0.0,0,0.0,0.0,0.0,0,0.0,0,3,1,41.0,0,4.1,5.1,,,74.0,215.0,27.636095238095237,5.0,Pennsylvania,2018.0,2018.0,TB,144.0,8.0,0.10714286
2023,18,00-0034386,J.Watson,WR,KC,LAC,0,0,0.0,0,0.0,0.0,0.0,0,0.0,0,1,0,0.0,0,0.0,0.0,,,74.0,215.0,27.636095238095237,5.0,Pennsylvania,2018.0,2018.0,TB,144.0,,0.03448276
2023,19,00-0034386,J.Watson,WR,KC,MIA,0,0,0.0,0,0.0,0.0,0.0,0,0.0,0,2,2,20.0,0,2.0,4.0,,,74.0,215.0,27.636095238095237,5.0,Pennsylvania,2018.0,2018.0,TB,144.0,19.0,0.05882353
2023,20,00-0034386,J.Watson,WR,KC,BUF,0,0,0.0,0,0.0,0.0,0.0,0,0.0,0,1,0,0.0,0,0.0,0.0,,,74.0,215.0,27.636095238095237,5.0,Pennsylvania,2018.0,2018.0,TB,144.0,,0.04761905
2023,21,00-0034386,J.Watson,WR,KC,BAL,0,0,0.0,0,0.0,0.0,0.0,0,0.0,0,2,1,16.0,0,1.6,2.6,,,74.0,215.0,27.636095238095237,5.0,Pennsylvania,2018.0,2018.0,TB,144.0,,0.055555556
2023,22,00-0034386,J.Watson,WR,KC,SF,0,0,0.0,0,0.0,0.0,0.0,0,0.0,0,5,3,54.0,0,5.4,8.4,,,74.0,215.0,27.636095238095237,5.0,Pennsylvania,2018.0,2018.0,TB,144.0,3.0,0.11904762
2023,3,00-0034401,M.White,QB,MIA,DEN,2,2,67.0,1,0.0,0.0,-0.0,1,-1.0,0,0,0,0.0,0,6.58,6.58,,,77.0,225.0,28.634944444444443,5.0,Western Kentucky,2018.0,2018.0,DAL,171.0,50.0,
2023,6,00-0034401,M.White,QB,MIA,CAR,0,1,0.0,0,1.0,0.0,-0.0,3,-4.0,0,0,0,0.0,0,-2.4,-2.4,,,77.0,225.0,28.634944444444443,5.0,Western Kentucky,2018.0,2018.0,DAL,171.0,21.0,
2023,12,00-0034401,M.White,QB,MIA,NYJ,0,0,0.0,0,0.0,0.0,0.0,1,-2.0,0,0,0,0.0,0,-0.2,-0.2,,,77.0,225.0,28.634944444444443,5.0,Western Kentucky,2018.0,2018.0,DAL,171.0,,
2023,13,00-0034401,M.White,QB,MIA,WAS,1,1,3.0,0,0.0,0.0,-0.0,0,0.0,0,0,0,0.0,0,0.12,0.12,,,77.0,225.0,28.634944444444443,5.0,Western Kentucky,2018.0,2018.0,DAL,171.0,,
2023,15,00-0034401,M.White,QB,MIA,NYJ,2,2,4.0,0,0.0,0.0,-0.0,2,-2.0,0,0,0,0.0,0,-0.04,-0.04,,,77.0,225.0,28.634944444444443,5.0,Western Kentucky,2018.0,2018.0,DAL,171.0,30.0,
2023,17,00-0034401,M.White,QB,MIA,BAL,0,0,0.0,0,0.0,0.0,0.0,1,0.0,0,0,0,0.0,0,-2.0,-2.0,,,77.0,225.0,28.634944444444443,5.0,Western Kentucky,2018.0,2018.0,DAL,171.0,,
2023,4,00-0034407,R.McCloud,WR,SF,ARI,0,0,0.0,0,0.0,0.0,0.0,0,0.0,0,2,2,22.0,0,2.2,4.2,,,69.0,190.0,27.09885,5.0,Clemson,2018.0,2018.0,BUF,187.0,19.0,0.0952381
2023,5,00-0034407,R.McCloud,WR,SF,DAL,0,0,0.0,0,0.0,0.0,0.0,0,0.0,0,1,1,1.0,0,0.1,1.1,,,69.0,190.0,27.09885,5.0,Clemson,2018.0,2018.0,BUF,187.0,32.0,0.04
2023,6,00-0034407,R.McCloud,WR,SF,CLE,0,0,0.0,0,0.0,0.0,0.0,2,23.0,0,2,1,4.0,0,2.7,3.7,,,69.0,190.0,27.09885,5.0,Clemson,2018.0,2018.0,BUF,187.0,,0.083333336
2023,7,00-0034407,R.McCloud,WR,SF,MIN,0,0,0.0,0,0.0,0.0,0.0,0,0.0,0,3,2,20.0,0,2.0,4.0,,,69.0,190.0,27.09885,5.0,Clemson,2018.0,2018.0,BUF,187.0,,0.10344828
2023,8,00-0034407,R.McCloud,WR,SF,CIN,0,0,0.0,0,0.0,0.0,0.0,0,0.0,0,2,2,43.0,0,4.3,6.3,,,69.0,190.0,27.09885,5.0,Clemson,2018.0,2018.0,BUF,187.0,-14.0,0.06666667
2023,12,00-0034407,R.McCloud,WR,SF,SEA,0,0,0.0,0,0.0,0.0,0.0,0,0.0,0,1,1,23.0,0,2.3,3.3,,,69.0,190.0,27.09885,5.0,Clemson,2018.0,2018.0,BUF,187.0,,0.033333335
2023,18,00-0034407,R.McCloud,WR,SF,LA,0,0,0.0,0,0.0,0.0,0.0,1,7.0,0,4,3,22.0,0,2.9,5.9,,,69.0,190.0,27.09885,5.0,Clemson,2018.0,2018.0,BUF,187.0,-1.0,0.16
2023,20,00-0034407,R.McCloud,WR,SF,GB,0,0,0.0,0,0.0,0.0,0.0,0,0.0,0,2,1,7.0,0,0.7,1.7,,,69.0,190.0,27.09885,5.0,Clemson,2018.0,2018.0,BUF,187.0,3.0,0.055555556
2023,22,00-0034407,R.McCloud,WR,SF,KC,0,0,0.0,0,0.0,0.0,0.0,0,0.0,0,1,1,19.0,0,1.9,2.9,,,69.0,190.0,27.09885,5.0,Clemson,2018.0,2018.0,BUF,187.0,,0.027027028
2023,1,00-0034414,B.Scott,RB,PHI,NE,0,0,0.0,0,0.0,0.0,0.0,1,3.0,0,1,1,7.0,0,1.0,2.0,,,66.0,203.0,28.545055555555557,5.0,Louisiana Tech,2018.0,2018.0,NO,201.0,,0.033333335
2023,2,00-0034414,B.Scott,RB,PHI,MIN,0,0,0.0,0,0.0,0.0,0.0,5,40.0,0,0,0,0.0,0,4.0,4.0,,,66.0,203.0,28.545055555555557,5.0,Louisiana Tech,2018.0,2018.0,NO,201.0,6.0,
2023,6,00-0034414,B.Scott,RB,PHI,NYJ,0,0,0.0,0,0.0,0.0,0.0,2,2.0,0,1,1,14.0,0,1.6,2.6,,,66.0,203.0,28.545055555555557,5.0,Louisiana Tech,2018.0,2018.0,NO,201.0,,0.023255814
2023,8,00-0034414,B.Scott,RB,PHI,WAS,0,0,0.0,0,0.0,0.0,0.0,0,0.0,0,1,1,4.0,0,0.4,1.4,,,66.0,203.0,28.545055555555557,5.0,Louisiana Tech,2018.0,2018.0,NO,201.0,,0.028571429
2023,11,00-0034414,B.Scott,RB,PHI,KC,0,0,0.0,0,0.0,0.0,0.0,2,8.0,0,0,0,0.0,0,0.8,0.8,,,66.0,203.0,28.545055555555557,5.0,Louisiana Tech,2018.0,2018.0,NO,201.0,,
2023,12,00-0034414,B.Scott,RB,PHI,BUF,0,0,0.0,0,0.0,0.0,0.0,2,14.0,0,1,0,0.0,0,1.4,1.4,,,66.0,203.0,28.545055555555557,5.0,Louisiana Tech,2018.0,2018.0,NO,201.0,3.0,0.035714287
2023,13,00-0034414,B.Scott,RB,PHI,SF,0,0,0.0,0,0.0,0.0,0.0,1,2.0,0,1,1,27.0,0,2.9,3.9,,,66.0,203.0,28.545055555555557,5.0,Louisiana Tech,2018.0,2018.0,NO,201.0,-23.0,0.023809524
2023,14,00-0034414,B.Scott,RB,PHI,DAL,0,0,0.0,0,0.0,0.0,0.0,3,9.0,0,0,0,0.0,0,0.9,0.9,,,66.0,203.0,28.545055555555557,5.0,Louisiana Tech,2018.0,2018.0,NO,201.0,,
2023,16,00-0034414,B.Scott,RB,PHI,NYG,0,0,0.0,0,0.0,0.0,0.0,1,3.0,0,0,0,0.0,0,0.3,0.3,,,66.0,203.0,28.545055555555557,5.0,Louisiana Tech,2018.0,2018.0,NO,201.0,8.0,
2023,18,00-0034414,B.Scott,RB,PHI,NYG,0,0,0.0,0,0.0,0.0,0.0,3,5.0,0,1,0,0.0,0,0.5,0.5,,,66.0,203.0,28.545055555555557,5.0,Louisiana Tech,2018.0,2018.0,NO,201.0,,0.030303031
2023,4,00-0034418,C.Wilson,WR,MIA,BUF,0,0,0.0,0,0.0,0.0,0.0,0,0.0,0,2,1,16.0,0,1.6,2.6,,,74.0,188.0,27.977777777777778,5.0,Boise State,2018.0,2018.0,DAL,208.0,,0.05882353
2023,5,00-0034418,C.Wilson,WR,MIA,NYG,0,0,0.0,0,0.0,0.0,0.0,0,0.0,0,4,4,52.0,0,5.2,9.2,,,74.0,188.0,27.977777777777778,5.0,Boise State,2018.0,2018.0,DAL,208.0,15.0,0.14285715
2023,7,00-0034418,C.Wilson,WR,MIA,PHI,0,0,0.0,0,0.0,1.0,7.0,0,0.0,0,3,2,48.0,0,4.8,6.8,,,74.0,188.0,27.977777777777778,5.0,Boise State,2018.0,2018.0,DAL,208.0,,0.09375
2023,8,00-0034418,C.Wilson,WR,MIA,NE,0,0,0.0,0,0.0,0.0,0.0,0,0.0,0,1,1,1.0,1,6.1,7.1,,,74.0,188.0,27.977777777777778,5.0,Boise State,2018.0,2018.0,DAL,208.0,14.0,0.022727273
2023,9,00-0034418,C.Wilson,WR,MIA,KC,0,0,0.0,0,0.0,0.0,0.0,0,0.0,0,5,1,31.0,1,9.1,10.1,,,74.0,188.0,27.977777777777778,5.0,Boise State,2018.0,2018.0,DAL,208.0,,0.15151516
2023,11,00-0034418,C.Wilson,WR,MIA,LV,0,0,0.0,0,0.0,0.0,0.0,0,0.0,0,4,3,23.0,0,2.3,5.3,,,74.0,188.0,27.977777777777778,5.0,Boise State,2018.0,2018.0,DAL,208.0,7.0,0.11111111
2023,14,00-0034418,C.Wilson,WR,MIA,TEN,0,0,0.0,0,0.0,0.0,0.0,0,0.0,0,4,2,30.0,0,3.0,5.0,,,74.0,188.0,27.977777777777778,5.0,Boise State,2018.0,2018.0,DAL,208.0,-1.0,0.121212125
2023,15,00-0034418,C.Wilson,WR,MIA,NYJ,0,0,0.0,0,0.0,0.0,0.0,0,0.0,0,3,2,2.0,0,0.2,2.2,,,74.0,188.0,27.977777777777778,5.0,Boise State,2018.0,2018.0,DAL,208.0,30.0,0.115384616
2023,16,00-0034418,C.Wilson,WR,MIA,DAL,0,0,0.0,0,0.0,0.0,0.0,0,0.0,0,5,3,42.0,0,4.2,7.2,,,74.0,188.0,27.977777777777778,5.0,Boise State,2018.0,2018.0,DAL,208.0,2.0,0.1388889
2023,17,00-0034418,C.Wilson,WR,MIA,BAL,0,0,0.0,0,0.0,0.0,0.0,0,0.0,0,4,2,27.0,1,8.7,10.7,,,74.0,188.0,27.977777777777778,5.0,Boise State,2018.0,2018.0,DAL,208.0,,0.11111111
2023,18,00-0034418,C.Wilson,WR,MIA,BUF,0,0,0.0,0,0.0,0.0,0.0,0,0.0,0,3,1,24.0,0,2.4,3.4,,,74.0,188.0,27.977777777777778,5.0,Boise State,2018.0,2018.0,DAL,208.0,-7.0,0.11111111
2023,19,00-0034418,C.Wilson,WR,MIA,KC,0,0,0.0,0,0.0,0.0,0.0,0,0.0,0,7,3,37.0,0,3.7,6.7,,,74.0,188.0,27.977777777777778,5.0,Boise State,2018.0,2018.0,DAL,208.0,,0.18421052
2023,1,00-0034419,B.Berrios,WR,MIA,LAC,0,0,0.0,0,0.0,0.0,0.0,0,0.0,0,5,3,42.0,0,4.2,7.2,,,69.0,190.0,28.100944444444444,5.0,Miami,2018.0,2018.0,NE,210.0,,0.11363637
2023,2,00-0034419,B.Berrios,WR,MIA,NE,0,0,0.0,0,0.0,0.0,0.0,0,0.0,0,3,2,28.0,0,2.8,4.8,,,69.0,190.0,28.100944444444444,5.0,Miami,2018.0,2018.0,NE,210.0,,0.10344828
2023,3,00-0034419,B.Berrios,WR,MIA,DEN,0,0,0.0,0,0.0,0.0,0.0,0,0.0,0,2,2,33.0,0,3.3,5.3,,,69.0,190.0,28.100944444444444,5.0,Miami,2018.0,2018.0,NE,210.0,50.0,0.071428575
2023,4,00-0034419,B.Berrios,WR,MIA,BUF,0,0,0.0,0,0.0,0.0,0.0,1,11.0,0,6,6,43.0,1,11.4,17.4,,,69.0,190.0,28.100944444444444,5.0,Miami,2018.0,2018.0,NE,210.0,,0.1764706
2023,5,00-0034419,B.Berrios,WR,MIA,NYG,0,0,0.0,0,0.0,0.0,0.0,0,0.0,0,2,2,13.0,0,1.3,3.3,,,69.0,190.0,28.100944444444444,5.0,Miami,2018.0,2018.0,NE,210.0,15.0,0.071428575
2023,6,00-0034419,B.Berrios,WR,MIA,CAR,0,0,0.0,0,0.0,0.0,0.0,0,0.0,0,2,2,20.0,0,2.0,4.0,,,69.0,190.0,28.100944444444444,5.0,Miami,2018.0,2018.0,NE,210.0,21.0,0.06666667
2023,7,00-0034419,B.Berrios,WR,MIA,PHI,0,0,0.0,0,0.0,0.0,0.0,0,0.0,0,2,1,7.0,0,0.7,1.7,,,69.0,190.0,28.100944444444444,5.0,Miami,2018.0,2018.0,NE,210.0,,0.0625
2023,8,00-0034419,B.Berrios,WR,MIA,NE,0,0,0.0,0,0.0,0.0,0.0,0,0.0,0,3,2,8.0,0,0.8,2.8,,,69.0,190.0,28.100944444444444,5.0,Miami,2018.0,2018.0,NE,210.0,14.0,0.06818182
2023,12,00-0034419,B.Berrios,WR,MIA,NYJ,0,0,0.0,0,0.0,0.0,0.0,0,0.0,0,1,0,0.0,0,0.0,0.0,,,69.0,190.0,28.100944444444444,5.0,Miami,2018.0,2018.0,NE,210.0,,0.035714287
2023,14,00-0034419,B.Berrios,WR,MIA,TEN,0,0,0.0,0,0.0,0.0,0.0,0,0.0,0,2,2,13.0,0,1.3,3.3,,,69.0,190.0,28.100944444444444,5.0,Miami,2018.0,2018.0,NE,210.0,-1.0,0.060606062
2023,15,00-0034419,B.Berrios,WR,MIA,NYJ,0,0,0.0,0,0.0,0.0,0.0,0,0.0,0,1,1,12.0,0,1.2,2.2,,,69.0,190.0,28.100944444444444,5.0,Miami,2018.0,2018.0,NE,210.0,30.0,0.03846154
2023,17,00-0034419,B.Berrios,WR,MIA,BAL,0,0,0.0,0,0.0,0.0,0.0,0,0.0,0,2,2,10.0,0,1.0,3.0,,,69.0,190.0,28.100944444444444,5.0,Miami,2018.0,2018.0,NE,210.0,,0.055555556
2023,18,00-0034419,B.Berrios,WR,MIA,BUF,0,0,0.0,0,0.0,0.0,0.0,0,0.0,0,2,2,9.0,0,0.9,2.9,,,69.0,190.0,28.100944444444444,5.0,Miami,2018.0,2018.0,NE,210.0,-7.0,0.074074075
2023,19,00-0034419,B.Berrios,WR,MIA,KC,0,0,0.0,0,0.0,0.0,0.0,0,0.0,0,1,0,0.0,0,0.0,0.0,,,69.0,190.0,28.100944444444444,5.0,Miami,2018.0,2018.0,NE,210.0,,0.02631579
2023,3,00-0034433,N.Bawden,FB,NYJ,NE,0,0,0.0,0,0.0,0.0,0.0,1,1.0,1,0,0,0.0,0,6.1,6.1,,,74.0,245.0,27.382117647058823,5.0,San Diego State,2018.0,2018.0,DET,237.0,-5.0,
2023,9,00-0034433,N.Bawden,FB,NYJ,LAC,0,0,0.0,0,0.0,0.0,0.0,0,0.0,0,1,1,7.0,0,0.7,1.7,,,74.0,245.0,27.382117647058823,5.0,San Diego State,2018.0,2018.0,DET,237.0,-21.0,0.020833334
2023,12,00-0034433,N.Bawden,FB,NYJ,MIA,0,0,0.0,0,0.0,0.0,0.0,0,0.0,0,1,1,6.0,0,0.6,1.6,,,74.0,245.0,27.382117647058823,5.0,San Diego State,2018.0,2018.0,DET,237.0,-21.0,0.027777778
2023,14,00-0034433,N.Bawden,FB,NYJ,HOU,0,0,0.0,0,0.0,0.0,0.0,1,3.0,0,0,0,0.0,0,0.3,0.3,,,74.0,245.0,27.382117647058823,5.0,San Diego State,2018.0,2018.0,DET,237.0,24.0,
2023,17,00-0034433,N.Bawden,FB,NYJ,CLE,0,0,0.0,0,0.0,0.0,0.0,0,0.0,0,1,1,8.0,0,0.8,1.8,,,74.0,245.0,27.382117647058823,5.0,San Diego State,2018.0,2018.0,DET,237.0,,0.022727273
2023,7,00-0034437,L.Cooke,P,JAX,NO,1,1,13.0,0,0.0,0.0,-0.0,0,0.0,0,0,0,0.0,0,0.52,0.52,,,77.0,200.0,28.28358823529412,5.0,Mississippi State,2018.0,2018.0,JAX,247.0,,
2023,18,00-0034438,L.Woodside,QB,ATL,NO,3,4,27.0,0,1.0,1.0,7.0,1,6.0,0,0,0,0.0,0,-0.32,-0.32,,,74.0,213.0,28.78,5.0,Toledo,2018.0,2018.0,CIN,249.0,,
2023,3,00-0034487,T.Sherfield,WR,BUF,WAS,0,0,0.0,0,0.0,0.0,0.0,0,0.0,0,3,2,18.0,0,1.8,3.8,,,73.0,219.0,27.716684210526314,5.0,Vanderbilt,2018.0,2018.0,,,,0.09375
2023,4,00-0034487,T.Sherfield,WR,BUF,MIA,0,0,0.0,0,0.0,0.0,0.0,0,0.0,0,3,2,18.0,0,1.8,3.8,,,73.0,219.0,27.716684210526314,5.0,Vanderbilt,2018.0,2018.0,,,28.0,0.12
2023,5,00-0034487,T.Sherfield,WR,BUF,JAX,0,0,0.0,0,0.0,0.0,0.0,0,0.0,0,1,1,3.0,0,0.3,1.3,,,73.0,219.0,27.716684210526314,5.0,Vanderbilt,2018.0,2018.0,,,-5.0,0.027777778
2023,7,00-0034487,T.Sherfield,WR,BUF,NE,0,0,0.0,0,0.0,0.0,0.0,0,0.0,0,1,1,5.0,0,0.5,1.5,,,73.0,219.0,27.716684210526314,5.0,Vanderbilt,2018.0,2018.0,,,,0.025641026
2023,9,00-0034487,T.Sherfield,WR,BUF,CIN,0,0,0.0,0,0.0,0.0,0.0,0,0.0,0,2,1,9.0,0,0.9,1.9,,,73.0,219.0,27.716684210526314,5.0,Vanderbilt,2018.0,2018.0,,,,0.0625
2023,12,00-0034487,T.Sherfield,WR,BUF,PHI,0,0,0.0,0,0.0,0.0,0.0,0,0.0,0,3,0,0.0,0,0.0,0.0,,,73.0,219.0,27.716684210526314,5.0,Vanderbilt,2018.0,2018.0,,,,0.06122449
2023,14,00-0034487,T.Sherfield,WR,BUF,KC,0,0,0.0,0,0.0,0.0,0.0,0,0.0,0,2,1,9.0,0,0.9,1.9,,,73.0,219.0,27.716684210526314,5.0,Vanderbilt,2018.0,2018.0,,,,0.055555556
2023,17,00-0034487,T.Sherfield,WR,BUF,NE,0,0,0.0,0,0.0,0.0,0.0,0,0.0,0,3,0,0.0,0,0.0,0.0,,,73.0,219.0,27.716684210526314,5.0,Vanderbilt,2018.0,2018.0,,,6.0,0.10714286
2023,18,00-0034487,T.Sherfield,WR,BUF,MIA,0,0,0.0,0,0.0,0.0,0.0,0,0.0,0,4,3,24.0,1,8.4,11.4,,,73.0,219.0,27.716684210526314,5.0,Vanderbilt,2018.0,2018.0,,,,0.10810811
2023,20,00-0034487,T.Sherfield,WR,BUF,KC,0,0,0.0,0,0.0,0.0,0.0,0,0.0,0,3,1,7.0,0,0.7,1.7,,,73.0,219.0,27.716684210526314,5.0,Vanderbilt,2018.0,2018.0,,,-3.0,0.08108108
2023,4,00-0034490,E.Turner,ILB,ARI,SF,0,0,0.0,0,0.0,0.0,0.0,1,2.0,0,0,0,0.0,0,0.2,0.2,,,74.0,214.0,27.41041176470588,5.0,Washington,2018.0,2018.0,,,,
2023,1,00-0034521,A.Lazard,WR,NYJ,BUF,0,0,0.0,0,0.0,0.0,0.0,0,0.0,0,4,2,46.0,0,4.6,6.6,,,77.0,227.0,27.91335294117647,5.0,Iowa State,2018.0,2018.0,,,6.0,0.22222222
2023,2,00-0034521,A.Lazard,WR,NYJ,DAL,0,0,0.0,0,0.0,0.0,0.0,0,0.0,0,4,2,23.0,0,2.3,4.3,,,77.0,227.0,27.91335294117647,5.0,Iowa State,2018.0,2018.0,,,,0.16
2023,3,00-0034521,A.Lazard,WR,NYJ,NE,0,0,0.0,0,0.0,0.0,0.0,0,0.0,0,5,3,39.0,0,3.9,6.9,,,77.0,227.0,27.91335294117647,5.0,Iowa State,2018.0,2018.0,,,-5.0,0.17857143
2023,4,00-0034521,A.Lazard,WR,NYJ,KC,0,0,0.0,0,0.0,0.0,0.0,0,0.0,0,3,3,61.0,1,12.1,15.1,,,77.0,227.0,27.91335294117647,5.0,Iowa State,2018.0,2018.0,,,-3.0,0.07692308
2023,5,00-0034521,A.Lazard,WR,NYJ,DEN,0,0,0.0,0,0.0,0.0,0.0,0,0.0,0,4,3,33.0,0,3.3,6.3,,,77.0,227.0,27.91335294117647,5.0,Iowa State,2018.0,2018.0,,,,0.15384616
2023,6,00-0034521,A.Lazard,WR,NYJ,PHI,0,0,0.0,0,0.0,0.0,0.0,0,0.0,0,3,1,8.0,0,0.8,1.8,,,77.0,227.0,27.91335294117647,5.0,Iowa State,2018.0,2018.0,,,6.0,0.09090909
2023,8,00-0034521,A.Lazard,WR,NYJ,NYG,0,0,0.0,0,0.0,0.0,0.0,0,0.0,0,6,3,45.0,0,4.5,7.5,,,77.0,227.0,27.91335294117647,5.0,Iowa State,2018.0,2018.0,,,,0.1764706
2023,9,00-0034521,A.Lazard,WR,NYJ,LAC,0,0,0.0,0,0.0,0.0,0.0,0,0.0,0,6,2,18.0,0,1.8,3.8,,,77.0,227.0,27.91335294117647,5.0,Iowa State,2018.0,2018.0,,,-21.0,0.125
2023,10,00-0034521,A.Lazard,WR,NYJ,LV,0,0,0.0,0,0.0,0.0,0.0,0,0.0,0,5,1,17.0,0,1.7,2.7,,,77.0,227.0,27.91335294117647,5.0,Iowa State,2018.0,2018.0,,,,0.13513513
2023,11,00-0034521,A.Lazard,WR,NYJ,BUF,0,0,0.0,0,0.0,0.0,0.0,0,0.0,0,1,0,0.0,0,0.0,0.0,,,77.0,227.0,27.91335294117647,5.0,Iowa State,2018.0,2018.0,,,,0.035714287
2023,13,00-0034521,A.Lazard,WR,NYJ,ATL,0,0,0.0,0,0.0,0.0,0.0,0,0.0,0,1,0,0.0,0,0.0,0.0,,,77.0,227.0,27.91335294117647,5.0,Iowa State,2018.0,2018.0,,,-5.0,0.027777778
2023,15,00-0034521,A.Lazard,WR,NYJ,MIA,0,0,0.0,0,0.0,0.0,0.0,0,0.0,0,6,3,21.0,0,2.1,5.1,,,77.0,227.0,27.91335294117647,5.0,Iowa State,2018.0,2018.0,,,,0.18181819
2023,16,00-0034521,A.Lazard,WR,NYJ,WAS,0,0,0.0,0,0.0,0.0,0.0,0,0.0,0,1,0,0.0,0,0.0,0.0,,,77.0,227.0,27.91335294117647,5.0,Iowa State,2018.0,2018.0,,,2.0,0.022222223
2023,2,00-0034575,D.Wells,TE,TB,CHI,0,0,0.0,0,0.0,0.0,0.0,0,0.0,0,2,2,-10.0,0,-1.0,1.0,,,78.0,255.0,28.546105263157894,5.0,San Diego State,2018.0,2018.0,,,10.0,0.0625
2023,2,00-0034577,K.Allen,QB,BUF,LV,0,0,0.0,0,0.0,0.0,0.0,2,-2.0,0,0,0,0.0,0,-0.2,-0.2,,,75.0,211.0,27.686578947368417,5.0,Houston,2018.0,2018.0,,,28.0,
2023,3,00-0034577,K.Allen,QB,BUF,WAS,0,0,0.0,0,0.0,0.0,0.0,2,-2.0,0,0,0,0.0,0,-0.2,-0.2,,,75.0,211.0,27.686578947368417,5.0,Houston,2018.0,2018.0,,,,
2023,4,00-0034577,K.Allen,QB,BUF,MIA,0,0,0.0,0,0.0,0.0,0.0,3,-3.0,0,0,0,0.0,0,-0.3,-0.3,,,75.0,211.0,27.686578947368417,5.0,Houston,2018.0,2018.0,,,28.0,
2023,11,00-0034577,K.Allen,QB,BUF,NYJ,0,0,0.0,0,0.0,0.0,0.0,2,-2.0,0,0,0,0.0,0,-0.2,-0.2,,,75.0,211.0,27.686578947368417,5.0,Houston,2018.0,2018.0,,,26.0,
2023,15,00-0034577,K.Allen,QB,BUF,DAL,0,0,0.0,0,0.0,0.0,0.0,2,-2.0,0,0,0,0.0,0,-0.2,-0.2,,,75.0,211.0,27.686578947368417,5.0,Houston,2018.0,2018.0,,,21.0,
2023,17,00-0034577,K.Allen,QB,BUF,NE,0,0,0.0,0,0.0,0.0,0.0,2,-2.0,0,0,0,0.0,0,-0.2,-0.2,,,75.0,211.0,27.686578947368417,5.0,Houston,2018.0,2018.0,,,6.0,
2023,3,00-0034613,T.Hudson,TE,CIN,LA,0,0,0.0,0,0.0,0.0,0.0,0,0.0,0,4,2,30.0,0,3.0,5.0,,,77.0,239.0,28.992058823529412,5.0,Southern Arkansas,2018.0,2018.0,,,3.0,0.08695652
2023,4,00-0034613,T.Hudson,TE,CIN,TEN,0,0,0.0,0,0.0,0.0,0.0,0,0.0,0,2,2,18.0,0,1.8,3.8,,,77.0,239.0,28.992058823529412,5.0,Southern Arkansas,2018.0,2018.0,,,,0.074074075
2023,9,00-0034613,T.Hudson,TE,CIN,BUF,0,0,0.0,0,0.0,0.0,0.0,0,0.0,0,5,4,45.0,0,4.5,8.5,,,77.0,239.0,28.992058823529412,5.0,Southern Arkansas,2018.0,2018.0,,,6.0,0.11904762
2023,10,00-0034613,T.Hudson,TE,CIN,HOU,0,0,0.0,0,0.0,0.0,0.0,0,0.0,0,7,6,33.0,0,3.3,9.3,,,77.0,239.0,28.992058823529412,5.0,Southern Arkansas,2018.0,2018.0,,,-3.0,0.17948718
2023,11,00-0034613,T.Hudson,TE,CIN,BAL,0,0,0.0,0,0.0,0.0,0.0,0,0.0,0,4,4,49.0,0,4.9,8.9,,,77.0,239.0,28.992058823529412,5.0,Southern Arkansas,2018.0,2018.0,,,,0.12903225
2023,12,00-0034613,T.Hudson,TE,CIN,PIT,0,0,0.0,0,0.0,0.0,0.0,0,0.0,0,5,4,18.0,0,1.8,5.8,,,77.0,239.0,28.992058823529412,5.0,Southern Arkansas,2018.0,2018.0,,,-6.0,0.2
2023,13,00-0034613,T.Hudson,TE,CIN,JAX,0,0,0.0,0,0.0,0.0,0.0,0,0.0,0,4,4,35.0,0,3.5,7.5,,,77.0,239.0,28.992058823529412,5.0,Southern Arkansas,2018.0,2018.0,,,,0.10810811
2023,14,00-0034613,T.Hudson,TE,CIN,IND,0,0,0.0,0,0.0,0.0,0.0,0,0.0,0,3,2,21.0,1,8.1,10.1,,,77.0,239.0,28.992058823529412,5.0,Southern Arkansas,2018.0,2018.0,,,20.0,0.12
2023,15,00-0034613,T.Hudson,TE,CIN,MIN,0,0,0.0,0,0.0,1.0,4.0,0,0.0,0,5,5,49.0,0,4.9,9.9,,,77.0,239.0,28.992058823529412,5.0,Southern Arkansas,2018.0,2018.0,,,3.0,0.125
2023,16,00-0034613,T.Hudson,TE,CIN,PIT,0,0,0.0,0,0.0,0.0,0.0,0,0.0,0,2,1,5.0,0,0.5,1.5,,,77.0,239.0,28.992058823529412,5.0,Southern Arkansas,2018.0,2018.0,,,,0.05
2023,17,00-0034613,T.Hudson,TE,CIN,KC,0,0,0.0,0,0.0,0.0,0.0,0,0.0,0,7,3,38.0,0,3.8,6.8,,,77.0,239.0,28.992058823529412,5.0,Southern Arkansas,2018.0,2018.0,,,,0.22580644
2023,18,00-0034613,T.Hudson,TE,CIN,CLE,0,0,0.0,0,0.0,0.0,0.0,0,0.0,0,2,2,11.0,0,1.1,3.1,,,77.0,239.0,28.992058823529412,5.0,Southern Arkansas,2018.0,2018.0,,,17.0,0.071428575
2023,3,00-0034646,B.Powell,WR,MIN,LAC,0,0,0.0,0,0.0,0.0,0.0,0,0.0,0,1,1,5.0,0,0.5,1.5,,,68.0,189.0,28.153117647058824,5.0,Florida,2018.0,2018.0,,,-4.0,0.020833334
2023,5,00-0034646,B.Powell,WR,MIN,KC,0,0,0.0,0,0.0,0.0,0.0,1,9.0,0,6,4,43.0,0,5.2,9.2,,,68.0,189.0,28.153117647058824,5.0,Florida,2018.0,2018.0,,,-7.0,0.13043478
2023,6,00-0034646,B.Powell,WR,MIN,CHI,0,0,0.0,0,0.0,0.0,0.0,1,-1.0,0,4,3,20.0,0,1.9,4.9,,,68.0,189.0,28.153117647058824,5.0,Florida,2018.0,2018.0,,,,0.13333334
2023,7,00-0034646,B.Powell,WR,MIN,SF,0,0,0.0,0,0.0,0.0,0.0,1,5.0,0,5,4,64.0,0,6.9,10.9,,,68.0,189.0,28.153117647058824,5.0,Florida,2018.0,2018.0,,,5.0,0.11627907
2023,8,00-0034646,B.Powell,WR,MIN,GB,0,0,0.0,0,0.0,0.0,0.0,1,2.0,0,3,1,10.0,0,1.2,2.2,,,68.0,189.0,28.153117647058824,5.0,Florida,2018.0,2018.0,,,,0.0882353
2023,9,00-0034646,B.Powell,WR,MIN,ATL,0,0,0.0,0,0.0,0.0,0.0,0,0.0,0,3,2,15.0,1,7.5,9.5,,,68.0,189.0,28.153117647058824,5.0,Florida,2018.0,2018.0,,,,0.08571429
2023,10,00-0034646,B.Powell,WR,MIN,NO,0,0,0.0,0,0.0,0.0,0.0,0,0.0,0,5,4,35.0,0,3.5,7.5,,,68.0,189.0,28.153117647058824,5.0,Florida,2018.0,2018.0,,,8.0,0.15625
2023,11,00-0034646,B.Powell,WR,MIN,DEN,0,0,0.0,0,0.0,0.0,0.0,0,0.0,0,4,3,32.0,0,3.2,6.2,,,68.0,189.0,28.153117647058824,5.0,Florida,2018.0,2018.0,,,,0.13793103
2023,12,00-0034646,B.Powell,WR,MIN,CHI,0,0,0.0,0,0.0,0.0,0.0,1,2.0,0,3,3,45.0,0,4.7,7.7,,,68.0,189.0,28.153117647058824,5.0,Florida,2018.0,2018.0,,,-2.0,0.1
2023,14,00-0034646,B.Powell,WR,MIN,LV,0,0,0.0,0,0.0,0.0,0.0,0,0.0,0,1,0,0.0,0,0.0,0.0,,,68.0,189.0,28.153117647058824,5.0,Florida,2018.0,2018.0,,,,0.030303031
2023,16,00-0034646,B.Powell,WR,MIN,DET,0,0,0.0,0,0.0,0.0,0.0,0,0.0,0,4,3,53.0,0,5.3,8.3,,,68.0,189.0,28.153117647058824,5.0,Florida,2018.0,2018.0,,,-6.0,0.114285715
2023,17,00-0034646,B.Powell,WR,MIN,GB,0,0,0.0,0,0.0,0.0,0.0,0,0.0,0,2,0,0.0,0,0.0,0.0,,,68.0,189.0,28.153117647058824,5.0,Florida,2018.0,2018.0,,,-23.0,0.06451613
2023,18,00-0034646,B.Powell,WR,MIN,DET,0,0,0.0,0,0.0,0.0,0.0,0,0.0,0,3,1,2.0,0,0.2,1.2,,,68.0,189.0,28.153117647058824,5.0,Florida,2018.0,2018.0,,,,0.069767445
2023,1,00-0034681,C.Edmonds,RB,TB,MIN,0,0,0.0,0,0.0,0.0,0.0,2,8.0,0,0,0,0.0,0,0.8,0.8,,,69.0,210.0,27.596105263157895,5.0,Fordham,2018.0,2018.0,ARI,134.0,,
2023,2,00-0034681,C.Edmonds,RB,TB,CHI,0,0,0.0,0,0.0,0.0,0.0,2,12.0,0,0,0,0.0,0,1.2,1.2,,,69.0,210.0,27.596105263157895,5.0,Fordham,2018.0,2018.0,ARI,134.0,10.0,
2023,8,00-0034681,C.Edmonds,RB,TB,BUF,0,0,0.0,0,0.0,0.0,0.0,3,5.0,0,3,2,16.0,0,2.1,4.1,,,69.0,210.0,27.596105263157895,5.0,Fordham,2018.0,2018.0,ARI,134.0,,0.07692308
2023,9,00-0034681,C.Edmonds,RB,TB,HOU,0,0,0.0,0,0.0,0.0,0.0,3,-5.0,0,1,1,-1.0,0,-0.6,0.4,,,69.0,210.0,27.596105263157895,5.0,Fordham,2018.0,2018.0,ARI,134.0,,0.033333335
2023,10,00-0034681,C.Edmonds,RB,TB,TEN,0,0,0.0,0,0.0,0.0,0.0,4,9.0,0,1,1,-2.0,0,0.7,1.7,,,69.0,210.0,27.596105263157895,5.0,Fordham,2018.0,2018.0,ARI,134.0,14.0,0.03448276
2023,11,00-0034681,C.Edmonds,RB,TB,SF,0,0,0.0,0,0.0,0.0,0.0,4,8.0,0,1,1,11.0,0,1.9,2.9,,,69.0,210.0,27.596105263157895,5.0,Fordham,2018.0,2018.0,ARI,134.0,,0.023255814
2023,12,00-0034681,C.Edmonds,RB,TB,IND,0,0,0.0,0,0.0,0.0,0.0,1,11.0,0,1,0,0.0,0,1.1,1.1,,,69.0,210.0,27.596105263157895,5.0,Fordham,2018.0,2018.0,ARI,134.0,,0.033333335
2023,13,00-0034681,C.Edmonds,RB,TB,CAR,0,0,0.0,0,0.0,0.0,0.0,2,7.0,0,1,1,2.0,0,0.9,1.9,,,69.0,210.0,27.596105263157895,5.0,Fordham,2018.0,2018.0,ARI,134.0,3.0,0.037037037
2023,14,00-0034681,C.Edmonds,RB,TB,ATL,0,0,0.0,0,0.0,0.0,0.0,8,40.0,0,2,2,18.0,0,5.8,7.8,,,69.0,210.0,27.596105263157895,5.0,Fordham,2018.0,2018.0,ARI,134.0,,0.06896552
2023,15,00-0034681,C.Edmonds,RB,TB,GB,0,0,0.0,0,0.0,0.0,0.0,3,13.0,0,0,0,0.0,0,1.3,1.3,,,69.0,210.0,27.596105263157895,5.0,Fordham,2018.0,2018.0,ARI,134.0,,
2023,16,00-0034681,C.Edmonds,RB,TB,JAX,0,0,0.0,0,0.0,0.0,0.0,10,25.0,0,0,0,0.0,0,2.5,2.5,,,69.0,210.0,27.596105263157895,5.0,Fordham,2018.0,2018.0,ARI,134.0,18.0,
2023,17,00-0034681,C.Edmonds,RB,TB,NO,0,0,0.0,0,0.0,0.0,0.0,3,16.0,0,6,5,40.0,0,5.6,10.6,,,69.0,210.0,27.596105263157895,5.0,Fordham,2018.0,2018.0,ARI,134.0,-10.0,0.18181819
2023,18,00-0034681,C.Edmonds,RB,TB,CAR,0,0,0.0,0,0.0,0.0,0.0,4,27.0,0,1,1,-3.0,0,2.4,3.4,,,69.0,210.0,27.596105263157895,5.0,Fordham,2018.0,2018.0,ARI,134.0,,0.032258064
2023,19,00-0034681,C.Edmonds,RB,TB,PHI,0,0,0.0,0,0.0,0.0,0.0,7,12.0,0,2,1,8.0,0,2.0,3.0,,,69.0,210.0,27.596105263157895,5.0,Fordham,2018.0,2018.0,ARI,134.0,23.0,0.057142857
2023,20,00-0034681,C.Edmonds,RB,TB,DET,0,0,0.0,0,0.0,0.0,0.0,4,19.0,0,2,2,18.0,0,3.7,5.7,,,69.0,210.0,27.596105263157895,5.0,Fordham,2018.0,2018.0,ARI,134.0,,0.051282052
2023,2,00-0034750,R.Penny,RB,PHI,MIN,0,0,0.0,0,0.0,0.0,0.0,3,9.0,0,1,1,5.0,0,1.4,2.4,,,71.0,220.0,27.77583333333333,5.0,San Diego State,2018.0,2018.0,SEA,27.0,6.0,0.045454547
2023,9,00-0034750,R.Penny,RB,PHI,DAL,0,0,0.0,0,0.0,0.0,0.0,2,8.0,0,0,0,0.0,0,0.8,0.8,,,71.0,220.0,27.77583333333333,5.0,San Diego State,2018.0,2018.0,SEA,27.0,5.0,
2023,18,00-0034750,R.Penny,RB,PHI,NYG,0,0,0.0,0,0.0,0.0,0.0,6,16.0,0,0,0,0.0,0,1.6,1.6,,,71.0,220.0,27.77583333333333,5.0,San Diego State,2018.0,2018.0,SEA,27.0,,
2023,2,00-0034753,M.Andrews,TE,BAL,CIN,0,0,0.0,0,0.0,0.0,0.0,0,0.0,0,8,5,45.0,1,10.5,15.5,,,77.0,255.0,28.191842105263156,5.0,Oklahoma,2018.0,2018.0,BAL,86.0,,0.24242425
2023,3,00-0034753,M.Andrews,TE,BAL,IND,0,0,0.0,0,0.0,0.0,0.0,0,0.0,0,5,4,35.0,0,3.5,7.5,,,77.0,255.0,28.191842105263156,5.0,Oklahoma,2018.0,2018.0,BAL,86.0,-3.0,0.16666667
2023,4,00-0034753,M.Andrews,TE,BAL,CLE,0,0,0.0,0,0.0,0.0,0.0,0,0.0,0,5,5,80.0,2,20.0,25.0,,,77.0,255.0,28.191842105263156,5.0,Oklahoma,2018.0,2018.0,BAL,86.0,,0.2777778
2023,5,00-0034753,M.Andrews,TE,BAL,PIT,0,0,0.0,0,0.0,0.0,0.0,0,0.0,0,10,6,65.0,0,6.5,12.5,,,77.0,255.0,28.191842105263156,5.0,Oklahoma,2018.0,2018.0,BAL,86.0,,0.2631579
2023,6,00-0034753,M.Andrews,TE,BAL,TEN,0,0,0.0,0,0.0,0.0,0.0,1,0.0,0,6,4,69.0,0,6.9,10.9,,,77.0,255.0,28.191842105263156,5.0,Oklahoma,2018.0,2018.0,BAL,86.0,,0.20689656
2023,7,00-0034753,M.Andrews,TE,BAL,DET,0,0,0.0,0,0.0,0.0,0.0,0,0.0,0,6,4,63.0,2,18.3,22.3,,,77.0,255.0,28.191842105263156,5.0,Oklahoma,2018.0,2018.0,BAL,86.0,32.0,0.21428572
2023,8,00-0034753,M.Andrews,TE,BAL,ARI,0,0,0.0,0,0.0,0.0,0.0,0,0.0,0,5,4,40.0,1,10.0,14.0,,,77.0,255.0,28.191842105263156,5.0,Oklahoma,2018.0,2018.0,BAL,86.0,,0.1923077
2023,9,00-0034753,M.Andrews,TE,BAL,SEA,0,0,0.0,0,0.0,0.0,0.0,0,0.0,0,10,9,80.0,0,8.0,17.0,,,77.0,255.0,28.191842105263156,5.0,Oklahoma,2018.0,2018.0,BAL,86.0,34.0,0.3125
2023,10,00-0034753,M.Andrews,TE,BAL,CLE,0,0,0.0,0,0.0,0.0,0.0,0,0.0,0,4,2,44.0,0,4.4,6.4,,,77.0,255.0,28.191842105263156,5.0,Oklahoma,2018.0,2018.0,BAL,86.0,-2.0,0.17391305
2023,11,00-0034753,M.Andrews,TE,BAL,CIN,0,0,0.0,0,0.0,0.0,0.0,0,0.0,0,2,2,23.0,0,2.3,4.3,,,77.0,255.0,28.191842105263156,5.0,Oklahoma,2018.0,2018.0,BAL,86.0,14.0,0.08695652
2023,21,00-0034753,M.Andrews,TE,BAL,KC,0,0,0.0,0,0.0,0.0,0.0,0,0.0,0,2,2,15.0,0,1.5,3.5,,,77.0,255.0,28.191842105263156,5.0,Oklahoma,2018.0,2018.0,BAL,86.0,-7.0,0.05882353
2023,1,00-0034764,M.Gallup,WR,DAL,NYG,0,0,0.0,0,0.0,0.0,0.0,0,0.0,0,2,1,10.0,0,1.0,2.0,,,73.0,200.0,27.692888888888888,5.0,Colorado State,2018.0,2018.0,DAL,81.0,,0.08
2023,2,00-0034764,M.Gallup,WR,DAL,NYJ,0,0,0.0,0,0.0,0.0,0.0,0,0.0,0,2,1,3.0,0,0.3,1.3,,,73.0,200.0,27.692888888888888,5.0,Colorado State,2018.0,2018.0,DAL,81.0,20.0,0.054054055
2023,3,00-0034764,M.Gallup,WR,DAL,ARI,0,0,0.0,0,0.0,0.0,0.0,0,0.0,0,7,6,92.0,0,9.2,15.2,,,73.0,200.0,27.692888888888888,5.0,Colorado State,2018.0,2018.0,DAL,81.0,,0.1891892
2023,4,00-0034764,M.Gallup,WR,DAL,NE,0,0,0.0,0,0.0,0.0,0.0,0,0.0,0,6,5,60.0,0,6.0,11.0,,,73.0,200.0,27.692888888888888,5.0,Colorado State,2018.0,2018.0,DAL,81.0,35.0,0.16666667
2023,5,00-0034764,M.Gallup,WR,DAL,SF,0,0,0.0,0,0.0,0.0,0.0,0,0.0,0,5,2,15.0,0,1.5,3.5,,,73.0,200.0,27.692888888888888,5.0,Colorado State,2018.0,2018.0,DAL,81.0,,0.1923077
2023,6,00-0034764,M.Gallup,WR,DAL,LAC,0,0,0.0,0,0.0,0.0,0.0,0,0.0,0,10,3,24.0,0,2.4,5.4,,,73.0,200.0,27.692888888888888,5.0,Colorado State,2018.0,2018.0,DAL,81.0,,0.33333334
2023,8,00-0034764,M.Gallup,WR,DAL,LA,0,0,0.0,0,0.0,0.0,0.0,0,0.0,0,3,2,20.0,0,2.0,4.0,,,73.0,200.0,27.692888888888888,5.0,Colorado State,2018.0,2018.0,DAL,81.0,23.0,0.0882353
2023,9,00-0034764,M.Gallup,WR,DAL,PHI,0,0,0.0,0,0.0,0.0,0.0,0,0.0,0,3,2,19.0,0,1.9,3.9,,,73.0,200.0,27.692888888888888,5.0,Colorado State,2018.0,2018.0,DAL,81.0,,0.06818182
2023,10,00-0034764,M.Gallup,WR,DAL,NYG,0,0,0.0,0,0.0,0.0,0.0,0,0.0,0,2,2,70.0,1,13.0,15.0,,,73.0,200.0,27.692888888888888,5.0,Colorado State,2018.0,2018.0,DAL,81.0,32.0,0.045454547
2023,11,00-0034764,M.Gallup,WR,DAL,CAR,0,0,0.0,0,0.0,0.0,0.0,0,0.0,0,5,3,31.0,0,3.1,6.1,,,73.0,200.0,27.692888888888888,5.0,Colorado State,2018.0,2018.0,DAL,81.0,,0.125
2023,12,00-0034764,M.Gallup,WR,DAL,WAS,0,0,0.0,0,0.0,0.0,0.0,0,0.0,0,1,1,13.0,0,1.3,2.3,,,73.0,200.0,27.692888888888888,5.0,Colorado State,2018.0,2018.0,DAL,81.0,35.0,0.03125
2023,13,00-0034764,M.Gallup,WR,DAL,SEA,0,0,0.0,0,0.0,0.0,0.0,0,0.0,0,1,0,0.0,0,0.0,0.0,,,73.0,200.0,27.692888888888888,5.0,Colorado State,2018.0,2018.0,DAL,81.0,6.0,0.025
2023,14,00-0034764,M.Gallup,WR,DAL,PHI,0,0,0.0,0,0.0,0.0,0.0,0,0.0,0,5,3,48.0,1,10.8,13.8,,,73.0,200.0,27.692888888888888,5.0,Colorado State,2018.0,2018.0,DAL,81.0,20.0,0.12820514
2023,15,00-0034764,M.Gallup,WR,DAL,BUF,0,0,0.0,0,0.0,0.0,0.0,0,0.0,0,1,1,9.0,0,0.9,1.9,,,73.0,200.0,27.692888888888888,5.0,Colorado State,2018.0,2018.0,DAL,81.0,,0.03125
2023,16,00-0034764,M.Gallup,WR,DAL,MIA,0,0,0.0,0,0.0,0.0,0.0,0,0.0,0,2,2,4.0,0,0.4,2.4,,,73.0,200.0,27.692888888888888,5.0,Colorado State,2018.0,2018.0,DAL,81.0,,0.0625
2023,18,00-0034764,M.Gallup,WR,DAL,WAS,0,0,0.0,0,0.0,0.0,0.0,0,0.0,0,2,0,0.0,0,0.0,0.0,,,73.0,200.0,27.692888888888888,5.0,Colorado State,2018.0,2018.0,DAL,81.0,,0.05
2023,19,00-0034764,M.Gallup,WR,DAL,GB,0,0,0.0,0,0.0,0.0,0.0,0,0.0,0,6,6,103.0,0,10.3,16.3,,,73.0,200.0,27.692888888888888,5.0,Colorado State,2018.0,2018.0,DAL,81.0,-16.0,0.10344828
2023,15,00-0034771,M.Rudolph,QB,PIT,IND,2,3,3.0,0,0.0,1.0,11.0,0,0.0,0,0,0,0.0,0,0.12,0.12,,,77.0,235.0,28.40838888888889,5.0,Oklahoma State,2018.0,2018.0,PIT,76.0,,
2023,16,00-0034771,M.Rudolph,QB,PIT,CIN,17,27,290.0,2,0.0,1.0,6.0,2,4.0,0,0,0,0.0,0,20.0,20.0,,,77.0,235.0,28.40838888888889,5.0,Oklahoma State,2018.0,2018.0,PIT,76.0,23.0,
2023,17,00-0034771,M.Rudolph,QB,PIT,SEA,18,24,274.0,0,0.0,1.0,8.0,6,5.0,0,0,0,0.0,0,11.46,11.46,,,77.0,235.0,28.40838888888889,5.0,Oklahoma State,2018.0,2018.0,PIT,76.0,,
2023,18,00-0034771,M.Rudolph,QB,PIT,BAL,18,20,152.0,1,0.0,3.0,18.0,2,-1.0,0,0,0,0.0,0,7.98,7.98,,,77.0,235.0,28.40838888888889,5.0,Oklahoma State,2018.0,2018.0,PIT,76.0,,
2023,19,00-0034771,M.Rudolph,QB,PIT,BUF,22,39,229.0,2,1.0,1.0,11.0,2,16.0,0,0,0,0.0,0,16.76,16.76,,,77.0,235.0,28.40838888888889,5.0,Oklahoma State,2018.0,2018.0,PIT,76.0,,
2023,1,00-0034775,C.Kirk,WR,JAX,IND,0,0,0.0,0,0.0,0.0,0.0,0,0.0,0,3,1,9.0,0,0.9,1.9,,,71.0,200.0,26.97229411764706,5.0,Texas A&amp;M,2018.0,2018.0,ARI,47.0,,0.09375
2023,2,00-0034775,C.Kirk,WR,JAX,KC,1,1,-1.0,0,0.0,0.0,-0.0,0,0.0,0,14,11,110.0,0,10.96,21.96,,,71.0,200.0,26.97229411764706,5.0,Texas A&amp;M,2018.0,2018.0,ARI,47.0,-8.0,0.34146342
2023,3,00-0034775,C.Kirk,WR,JAX,HOU,0,0,0.0,0,0.0,0.0,0.0,0,0.0,0,6,4,54.0,1,11.4,15.4,,,71.0,200.0,26.97229411764706,5.0,Texas A&amp;M,2018.0,2018.0,ARI,47.0,-20.0,0.15
2023,4,00-0034775,C.Kirk,WR,JAX,ATL,0,0,0.0,0,0.0,0.0,0.0,0,0.0,0,12,8,84.0,0,8.4,16.4,,,71.0,200.0,26.97229411764706,5.0,Texas A&amp;M,2018.0,2018.0,ARI,47.0,16.0,0.4
2023,5,00-0034775,C.Kirk,WR,JAX,BUF,0,0,0.0,0,0.0,0.0,0.0,1,6.0,0,8,6,78.0,0,8.4,14.4,,,71.0,200.0,26.97229411764706,5.0,Texas A&amp;M,2018.0,2018.0,ARI,47.0,,0.21621622
2023,6,00-0034775,C.Kirk,WR,JAX,IND,0,0,0.0,0,0.0,0.0,0.0,0,0.0,0,6,3,49.0,1,10.9,13.9,,,71.0,200.0,26.97229411764706,5.0,Texas A&amp;M,2018.0,2018.0,ARI,47.0,17.0,0.21428572
2023,7,00-0034775,C.Kirk,WR,JAX,NO,0,0,0.0,0,0.0,0.0,0.0,0,0.0,0,6,6,90.0,1,13.0,19.0,,,71.0,200.0,26.97229411764706,5.0,Texas A&amp;M,2018.0,2018.0,ARI,47.0,,0.2
2023,8,00-0034775,C.Kirk,WR,JAX,PIT,0,0,0.0,0,0.0,0.0,0.0,0,0.0,0,5,4,46.0,0,4.6,8.6,,,71.0,200.0,26.97229411764706,5.0,Texas A&amp;M,2018.0,2018.0,ARI,47.0,,0.15625
2023,10,00-0034775,C.Kirk,WR,JAX,SF,0,1,0.0,0,0.0,0.0,-0.0,0,0.0,0,11,6,104.0,0,8.4,14.4,,,71.0,200.0,26.97229411764706,5.0,Texas A&amp;M,2018.0,2018.0,ARI,47.0,-31.0,0.3548387
2023,11,00-0034775,C.Kirk,WR,JAX,TEN,0,0,0.0,0,0.0,0.0,0.0,0,0.0,0,6,3,48.0,0,4.8,7.8,,,71.0,200.0,26.97229411764706,5.0,Texas A&amp;M,2018.0,2018.0,ARI,47.0,20.0,0.19354838
2023,12,00-0034775,C.Kirk,WR,JAX,HOU,0,0,0.0,0,0.0,0.0,0.0,0,0.0,0,7,4,89.0,0,8.9,12.9,,,71.0,200.0,26.97229411764706,5.0,Texas A&amp;M,2018.0,2018.0,ARI,47.0,,0.1891892
2023,13,00-0034775,C.Kirk,WR,JAX,CIN,0,0,0.0,0,0.0,0.0,0.0,0,0.0,0,1,1,26.0,0,2.6,3.6,,,71.0,200.0,26.97229411764706,5.0,Texas A&amp;M,2018.0,2018.0,ARI,47.0,-3.0,0.025641026
2023,2,00-0034777,D.Chark,WR,CAR,NO,0,0,0.0,0,0.0,0.0,0.0,0,0.0,0,1,1,15.0,0,1.5,2.5,,,75.0,198.0,27.127764705882356,5.0,Louisiana State,2018.0,2018.0,JAX,61.0,-3.0,0.032258064
2023,3,00-0034777,D.Chark,WR,CAR,SEA,0,0,0.0,0,0.0,0.0,0.0,0,0.0,0,11,4,86.0,1,14.6,18.6,,,75.0,198.0,27.127764705882356,5.0,Louisiana State,2018.0,2018.0,JAX,61.0,,0.19298245
2023,4,00-0034777,D.Chark,WR,CAR,MIN,0,0,0.0,0,0.0,0.0,0.0,0,0.0,0,3,2,28.0,0,2.8,4.8,,,75.0,198.0,27.127764705882356,5.0,Louisiana State,2018.0,2018.0,JAX,61.0,-8.0,0.09677419
2023,5,00-0034777,D.Chark,WR,CAR,DET,0,0,0.0,0,0.0,0.0,0.0,0,0.0,0,6,3,42.0,1,10.2,13.2,,,75.0,198.0,27.127764705882356,5.0,Louisiana State,2018.0,2018.0,JAX,61.0,,0.17142858
2023,6,00-0034777,D.Chark,WR,CAR,MIA,0,0,0.0,0,0.0,0.0,0.0,0,0.0,0,6,3,26.0,0,2.6,5.6,,,75.0,198.0,27.127764705882356,5.0,Louisiana State,2018.0,2018.0,JAX,61.0,,0.17142858
2023,8,00-0034777,D.Chark,WR,CAR,HOU,0,0,0.0,0,0.0,0.0,0.0,0,0.0,0,4,2,23.0,0,2.3,4.3,,,75.0,198.0,27.127764705882356,5.0,Louisiana State,2018.0,2018.0,JAX,61.0,2.0,0.12903225
2023,9,00-0034777,D.Chark,WR,CAR,IND,0,0,0.0,0,0.0,0.0,0.0,0,0.0,0,3,2,9.0,1,6.9,8.9,,,75.0,198.0,27.127764705882356,5.0,Louisiana State,2018.0,2018.0,JAX,61.0,-14.0,0.08108108
2023,12,00-0034777,D.Chark,WR,CAR,TEN,0,0,0.0,0,0.0,0.0,0.0,0,0.0,0,4,3,34.0,0,3.4,6.4,,,75.0,198.0,27.127764705882356,5.0,Louisiana State,2018.0,2018.0,JAX,61.0,,0.16666667
2023,13,00-0034777,D.Chark,WR,CAR,TB,0,0,0.0,0,0.0,0.0,0.0,0,0.0,0,4,3,56.0,0,5.6,8.6,,,75.0,198.0,27.127764705882356,5.0,Louisiana State,2018.0,2018.0,JAX,61.0,,0.15384616
2023,14,00-0034777,D.Chark,WR,CAR,NO,0,0,0.0,0,0.0,0.0,0.0,0,0.0,0,4,2,26.0,0,2.6,4.6,,,75.0,198.0,27.127764705882356,5.0,Louisiana State,2018.0,2018.0,JAX,61.0,,0.125
2023,15,00-0034777,D.Chark,WR,CAR,ATL,0,0,0.0,0,0.0,0.0,0.0,0,0.0,0,2,1,18.0,0,1.8,2.8,,,75.0,198.0,27.127764705882356,5.0,Louisiana State,2018.0,2018.0,JAX,61.0,2.0,0.08695652
2023,16,00-0034777,D.Chark,WR,CAR,GB,0,0,0.0,0,0.0,0.0,0.0,0,0.0,0,8,6,98.0,2,21.8,27.8,,,75.0,198.0,27.127764705882356,5.0,Louisiana State,2018.0,2018.0,JAX,61.0,-3.0,0.25
2023,17,00-0034777,D.Chark,WR,CAR,JAX,0,0,0.0,0,0.0,0.0,0.0,0,0.0,0,6,1,18.0,0,1.8,2.8,,,75.0,198.0,27.127764705882356,5.0,Louisiana State,2018.0,2018.0,JAX,61.0,,0.19354838
2023,18,00-0034777,D.Chark,WR,CAR,TB,0,0,0.0,0,0.0,0.0,0.0,0,0.0,0,4,2,46.0,0,2.6,4.6,,,75.0,198.0,27.127764705882356,5.0,Louisiana State,2018.0,2018.0,JAX,61.0,-9.0,0.22222222
2023,1,00-0034791,N.Chubb,RB,CLE,CIN,0,0,0.0,0,0.0,0.0,0.0,18,106.0,0,4,4,21.0,0,12.7,16.7,,,71.0,225.0,27.881666666666668,5.0,Georgia,2018.0,2018.0,CLE,35.0,21.0,0.13793103
2023,2,00-0034791,N.Chubb,RB,CLE,PIT,0,0,0.0,0,0.0,0.0,0.0,10,64.0,0,0,0,0.0,0,6.4,6.4,,,71.0,225.0,27.881666666666668,5.0,Georgia,2018.0,2018.0,CLE,35.0,,
2023,1,00-0034796,L.Jackson,QB,BAL,HOU,17,22,169.0,0,1.0,4.0,14.0,6,38.0,0,0,0,0.0,0,6.56,6.56,,,74.0,212.0,26.853052631578947,5.0,Louisville,2018.0,2018.0,BAL,32.0,16.0,
2023,2,00-0034796,L.Jackson,QB,BAL,CIN,24,33,237.0,2,0.0,0.0,-0.0,12,54.0,0,0,0,0.0,0,22.88,22.88,,,74.0,212.0,26.853052631578947,5.0,Louisville,2018.0,2018.0,BAL,32.0,,
2023,3,00-0034796,L.Jackson,QB,BAL,IND,22,31,202.0,0,0.0,4.0,24.0,14,101.0,2,0,0,0.0,0,28.18,28.18,,,74.0,212.0,26.853052631578947,5.0,Louisville,2018.0,2018.0,BAL,32.0,-3.0,
2023,4,00-0034796,L.Jackson,QB,BAL,CLE,15,19,186.0,2,0.0,3.0,21.0,9,27.0,2,0,0,0.0,0,28.14,28.14,,,74.0,212.0,26.853052631578947,5.0,Louisville,2018.0,2018.0,BAL,32.0,,
2023,5,00-0034796,L.Jackson,QB,BAL,PIT,22,38,236.0,0,1.0,4.0,26.0,6,45.0,0,0,0,0.0,0,9.94,9.94,,,74.0,212.0,26.853052631578947,5.0,Louisville,2018.0,2018.0,BAL,32.0,,
2023,6,00-0034796,L.Jackson,QB,BAL,TEN,21,30,223.0,1,1.0,1.0,2.0,13,62.0,0,0,0,0.0,0,17.12,17.12,,,74.0,212.0,26.853052631578947,5.0,Louisville,2018.0,2018.0,BAL,32.0,,
2023,7,00-0034796,L.Jackson,QB,BAL,DET,21,27,357.0,3,0.0,0.0,-0.0,9,36.0,1,0,0,0.0,0,33.88,33.88,,,74.0,212.0,26.853052631578947,5.0,Louisville,2018.0,2018.0,BAL,32.0,32.0,
2023,8,00-0034796,L.Jackson,QB,BAL,ARI,18,27,157.0,1,0.0,4.0,19.0,5,17.0,0,0,0,0.0,0,11.98,11.98,,,74.0,212.0,26.853052631578947,5.0,Louisville,2018.0,2018.0,BAL,32.0,,
2023,9,00-0034796,L.Jackson,QB,BAL,SEA,21,26,187.0,0,0.0,1.0,8.0,10,60.0,0,0,0,0.0,0,11.48,11.48,,,74.0,212.0,26.853052631578947,5.0,Louisville,2018.0,2018.0,BAL,32.0,34.0,
2023,10,00-0034796,L.Jackson,QB,BAL,CLE,13,23,223.0,1,2.0,3.0,23.0,8,41.0,0,0,0,0.0,0,13.02,13.02,,,74.0,212.0,26.853052631578947,5.0,Louisville,2018.0,2018.0,BAL,32.0,-2.0,
2023,11,00-0034796,L.Jackson,QB,BAL,CIN,16,26,264.0,2,0.0,3.0,16.0,9,54.0,0,0,0,0.0,0,23.96,23.96,,,74.0,212.0,26.853052631578947,5.0,Louisville,2018.0,2018.0,BAL,32.0,14.0,
2023,12,00-0034796,L.Jackson,QB,BAL,LAC,18,32,177.0,1,0.0,2.0,13.0,11,39.0,0,0,0,0.0,0,14.98,14.98,,,74.0,212.0,26.853052631578947,5.0,Louisville,2018.0,2018.0,BAL,32.0,,
2023,14,00-0034796,L.Jackson,QB,BAL,LA,24,43,316.0,3,1.0,2.0,6.0,11,70.0,0,0,0,0.0,0,31.64,31.64,,,74.0,212.0,26.853052631578947,5.0,Louisville,2018.0,2018.0,BAL,32.0,6.0,
2023,15,00-0034796,L.Jackson,QB,BAL,JAX,14,24,171.0,1,1.0,3.0,26.0,12,97.0,0,0,0,0.0,0,18.54,18.54,,,74.0,212.0,26.853052631578947,5.0,Louisville,2018.0,2018.0,BAL,32.0,,
2023,16,00-0034796,L.Jackson,QB,BAL,SF,23,35,252.0,2,0.0,2.0,11.0,7,45.0,0,0,0,0.0,0,22.58,22.58,,,74.0,212.0,26.853052631578947,5.0,Louisville,2018.0,2018.0,BAL,32.0,,
2023,17,00-0034796,L.Jackson,QB,BAL,MIA,18,21,321.0,5,0.0,1.0,9.0,6,35.0,0,0,0,0.0,0,36.34,36.34,,,74.0,212.0,26.853052631578947,5.0,Louisville,2018.0,2018.0,BAL,32.0,37.0,
2023,20,00-0034796,L.Jackson,QB,BAL,HOU,16,22,152.0,2,0.0,3.0,29.0,11,100.0,2,0,0,0.0,0,36.08,36.08,,,74.0,212.0,26.853052631578947,5.0,Louisville,2018.0,2018.0,BAL,32.0,24.0,
2023,21,00-0034796,L.Jackson,QB,BAL,KC,20,37,272.0,1,1.0,4.0,17.0,8,54.0,0,1,1,13.0,0,17.58,18.58,,,74.0,212.0,26.853052631578947,5.0,Louisville,2018.0,2018.0,BAL,32.0,-7.0,0.029411765
2023,1,00-0034798,D.Smythe,TE,MIA,LAC,0,0,0.0,0,0.0,0.0,0.0,0,0.0,0,7,3,44.0,0,4.4,7.4,,,78.0,260.0,28.259777777777778,5.0,Notre Dame,2018.0,2018.0,MIA,123.0,,0.1590909
2023,2,00-0034798,D.Smythe,TE,MIA,NE,0,0,0.0,0,0.0,0.0,0.0,0,0.0,0,3,3,23.0,0,2.3,5.3,,,78.0,260.0,28.259777777777778,5.0,Notre Dame,2018.0,2018.0,MIA,123.0,,0.10344828
2023,3,00-0034798,D.Smythe,TE,MIA,DEN,0,0,0.0,0,0.0,0.0,0.0,0,0.0,0,1,1,15.0,0,1.5,2.5,,,78.0,260.0,28.259777777777778,5.0,Notre Dame,2018.0,2018.0,MIA,123.0,50.0,0.035714287
2023,4,00-0034798,D.Smythe,TE,MIA,BUF,0,0,0.0,0,0.0,0.0,0.0,0,0.0,0,4,4,41.0,0,4.1,8.1,,,78.0,260.0,28.259777777777778,5.0,Notre Dame,2018.0,2018.0,MIA,123.0,,0.11764706
2023,6,00-0034798,D.Smythe,TE,MIA,CAR,0,0,0.0,0,0.0,0.0,0.0,0,0.0,0,1,0,0.0,0,0.0,0.0,,,78.0,260.0,28.259777777777778,5.0,Notre Dame,2018.0,2018.0,MIA,123.0,21.0,0.033333335
2023,8,00-0034798,D.Smythe,TE,MIA,NE,0,0,0.0,0,0.0,0.0,0.0,0,0.0,0,3,3,28.0,0,2.8,5.8,,,78.0,260.0,28.259777777777778,5.0,Notre Dame,2018.0,2018.0,MIA,123.0,14.0,0.06818182
2023,9,00-0034798,D.Smythe,TE,MIA,KC,0,0,0.0,0,0.0,0.0,0.0,0,0.0,0,3,3,17.0,0,1.7,4.7,,,78.0,260.0,28.259777777777778,5.0,Notre Dame,2018.0,2018.0,MIA,123.0,,0.09090909
2023,12,00-0034798,D.Smythe,TE,MIA,NYJ,0,0,0.0,0,0.0,0.0,0.0,0,0.0,0,3,1,10.0,0,1.0,2.0,,,78.0,260.0,28.259777777777778,5.0,Notre Dame,2018.0,2018.0,MIA,123.0,,0.10714286
2023,14,00-0034798,D.Smythe,TE,MIA,TEN,0,0,0.0,0,0.0,0.0,0.0,0,0.0,0,3,2,16.0,0,1.6,3.6,,,78.0,260.0,28.259777777777778,5.0,Notre Dame,2018.0,2018.0,MIA,123.0,-1.0,0.09090909
2023,15,00-0034798,D.Smythe,TE,MIA,NYJ,0,0,0.0,0,0.0,0.0,0.0,0,0.0,0,4,4,32.0,0,3.2,7.2,,,78.0,260.0,28.259777777777778,5.0,Notre Dame,2018.0,2018.0,MIA,123.0,30.0,0.15384616
2023,16,00-0034798,D.Smythe,TE,MIA,DAL,0,0,0.0,0,0.0,0.0,0.0,0,0.0,0,5,5,56.0,0,5.6,10.6,,,78.0,260.0,28.259777777777778,5.0,Notre Dame,2018.0,2018.0,MIA,123.0,2.0,0.1388889
2023,17,00-0034798,D.Smythe,TE,MIA,BAL,0,0,0.0,0,0.0,0.0,0.0,0,0.0,0,3,3,54.0,0,5.4,8.4,,,78.0,260.0,28.259777777777778,5.0,Notre Dame,2018.0,2018.0,MIA,123.0,,0.083333336
2023,18,00-0034798,D.Smythe,TE,MIA,BUF,0,0,0.0,0,0.0,0.0,0.0,0,0.0,0,3,3,30.0,0,3.0,6.0,,,78.0,260.0,28.259777777777778,5.0,Notre Dame,2018.0,2018.0,MIA,123.0,-7.0,0.11111111
2023,19,00-0034798,D.Smythe,TE,MIA,KC,0,0,0.0,0,0.0,0.0,0.0,0,0.0,0,4,3,12.0,0,1.2,4.2,,,78.0,260.0,28.259777777777778,5.0,Notre Dame,2018.0,2018.0,MIA,123.0,,0.10526316
2023,1,00-0034827,D.Moore,WR,CHI,GB,0,0,0.0,0,0.0,0.0,0.0,0,0.0,0,2,2,25.0,0,2.5,4.5,,,71.0,215.0,26.564764705882354,5.0,Maryland,2018.0,2018.0,CAR,24.0,-18.0,0.055555556
2023,2,00-0034827,D.Moore,WR,CHI,TB,0,0,0.0,0,0.0,0.0,0.0,0,0.0,0,7,6,104.0,0,10.4,16.4,,,71.0,215.0,26.564764705882354,5.0,Maryland,2018.0,2018.0,CAR,24.0,,0.25
2023,3,00-0034827,D.Moore,WR,CHI,KC,0,0,0.0,0,0.0,0.0,0.0,0,0.0,0,6,3,41.0,1,10.1,13.1,,,71.0,215.0,26.564764705882354,5.0,Maryland,2018.0,2018.0,CAR,24.0,,0.3
2023,4,00-0034827,D.Moore,WR,CHI,DEN,0,0,0.0,0,0.0,0.0,0.0,0,0.0,0,9,8,131.0,1,19.1,27.1,,,71.0,215.0,26.564764705882354,5.0,Maryland,2018.0,2018.0,CAR,24.0,-3.0,0.28125
2023,5,00-0034827,D.Moore,WR,CHI,WAS,0,0,0.0,0,0.0,0.0,0.0,0,0.0,0,10,8,230.0,3,41.0,49.0,,,71.0,215.0,26.564764705882354,5.0,Maryland,2018.0,2018.0,CAR,24.0,,0.4
2023,6,00-0034827,D.Moore,WR,CHI,MIN,0,0,0.0,0,0.0,0.0,0.0,0,0.0,0,8,5,51.0,0,5.1,10.1,,,71.0,215.0,26.564764705882354,5.0,Maryland,2018.0,2018.0,CAR,24.0,-6.0,0.33333334
2023,7,00-0034827,D.Moore,WR,CHI,LV,0,0,0.0,0,0.0,0.0,0.0,0,0.0,0,9,8,54.0,0,5.4,13.4,,,71.0,215.0,26.564764705882354,5.0,Maryland,2018.0,2018.0,CAR,24.0,18.0,0.31034482
2023,8,00-0034827,D.Moore,WR,CHI,LAC,0,0,0.0,0,0.0,0.0,0.0,0,0.0,0,6,4,55.0,0,5.5,9.5,,,71.0,215.0,26.564764705882354,5.0,Maryland,2018.0,2018.0,CAR,24.0,,0.16216215
2023,9,00-0034827,D.Moore,WR,CHI,NO,0,0,0.0,0,0.0,0.0,0.0,0,0.0,0,5,3,44.0,0,2.4,5.4,,,71.0,215.0,26.564764705882354,5.0,Maryland,2018.0,2018.0,CAR,24.0,,0.1923077
2023,10,00-0034827,D.Moore,WR,CHI,CAR,0,0,0.0,0,0.0,0.0,0.0,1,1.0,0,9,5,58.0,0,5.9,10.9,,,71.0,215.0,26.564764705882354,5.0,Maryland,2018.0,2018.0,CAR,24.0,3.0,0.28125
2023,11,00-0034827,D.Moore,WR,CHI,DET,0,0,0.0,0,0.0,0.0,0.0,0,0.0,0,9,7,96.0,1,15.6,22.6,,,71.0,215.0,26.564764705882354,5.0,Maryland,2018.0,2018.0,CAR,24.0,,0.4090909
2023,12,00-0034827,D.Moore,WR,CHI,MIN,0,0,0.0,0,0.0,0.0,0.0,0,0.0,0,13,11,114.0,0,11.4,22.4,,,71.0,215.0,26.564764705882354,5.0,Maryland,2018.0,2018.0,CAR,24.0,,0.40625
2023,14,00-0034827,D.Moore,WR,CHI,DET,0,0,0.0,0,0.0,0.0,0.0,3,20.0,1,10,6,68.0,1,20.8,26.8,,,71.0,215.0,26.564764705882354,5.0,Maryland,2018.0,2018.0,CAR,24.0,15.0,0.33333334
2023,15,00-0034827,D.Moore,WR,CHI,CLE,0,0,0.0,0,0.0,0.0,0.0,0,0.0,0,8,4,52.0,0,5.2,9.2,,,71.0,215.0,26.564764705882354,5.0,Maryland,2018.0,2018.0,CAR,24.0,,0.22857143
2023,16,00-0034827,D.Moore,WR,CHI,ARI,0,0,0.0,0,0.0,0.0,0.0,0,0.0,0,6,3,18.0,0,1.8,4.8,,,71.0,215.0,26.564764705882354,5.0,Maryland,2018.0,2018.0,CAR,24.0,11.0,0.26086956
2023,17,00-0034827,D.Moore,WR,CHI,ATL,0,0,0.0,0,0.0,0.0,0.0,0,0.0,0,13,9,159.0,1,21.9,30.9,,,71.0,215.0,26.564764705882354,5.0,Maryland,2018.0,2018.0,CAR,24.0,20.0,0.43333334
2023,18,00-0034827,D.Moore,WR,CHI,GB,0,0,0.0,0,0.0,0.0,0.0,0,0.0,0,6,4,64.0,0,6.4,10.4,,,71.0,215.0,26.564764705882354,5.0,Maryland,2018.0,2018.0,CAR,24.0,,0.375
2023,1,00-0034829,M.Gesicki,TE,NE,PHI,0,0,0.0,0,0.0,0.0,0.0,0,0.0,0,3,3,36.0,0,3.6,6.6,,,78.0,252.0,28.097823529411766,5.0,Penn State,2018.0,2018.0,MIA,42.0,-5.0,0.055555556
2023,2,00-0034829,M.Gesicki,TE,NE,MIA,0,0,0.0,0,0.0,0.0,0.0,0,0.0,0,6,5,33.0,0,3.3,8.3,,,78.0,252.0,28.097823529411766,5.0,Penn State,2018.0,2018.0,MIA,42.0,-7.0,0.14285715
2023,3,00-0034829,M.Gesicki,TE,NE,NYJ,0,0,0.0,0,0.0,0.0,0.0,0,0.0,0,1,1,18.0,0,1.8,2.8,,,78.0,252.0,28.097823529411766,5.0,Penn State,2018.0,2018.0,MIA,42.0,,0.037037037
2023,4,00-0034829,M.Gesicki,TE,NE,DAL,0,0,0.0,0,0.0,0.0,0.0,0,0.0,0,3,1,12.0,0,1.2,2.2,,,78.0,252.0,28.097823529411766,5.0,Penn State,2018.0,2018.0,MIA,42.0,,0.10344828
2023,5,00-0034829,M.Gesicki,TE,NE,NO,0,0,0.0,0,0.0,0.0,0.0,0,0.0,0,4,2,17.0,0,1.7,3.7,,,78.0,252.0,28.097823529411766,5.0,Penn State,2018.0,2018.0,MIA,42.0,-34.0,0.12903225
2023,6,00-0034829,M.Gesicki,TE,NE,LV,0,0,0.0,0,0.0,0.0,0.0,0,0.0,0,3,3,28.0,0,2.8,5.8,,,78.0,252.0,28.097823529411766,5.0,Penn State,2018.0,2018.0,MIA,42.0,,0.09677419
2023,7,00-0034829,M.Gesicki,TE,NE,BUF,0,0,0.0,0,0.0,0.0,0.0,0,0.0,0,2,2,5.0,1,6.5,8.5,,,78.0,252.0,28.097823529411766,5.0,Penn State,2018.0,2018.0,MIA,42.0,4.0,0.06666667
2023,8,00-0034829,M.Gesicki,TE,NE,MIA,0,0,0.0,0,0.0,0.0,0.0,0,0.0,0,3,2,11.0,0,1.1,3.1,,,78.0,252.0,28.097823529411766,5.0,Penn State,2018.0,2018.0,MIA,42.0,,0.10714286
2023,9,00-0034829,M.Gesicki,TE,NE,WAS,0,0,0.0,0,0.0,0.0,0.0,0,0.0,0,2,0,0.0,0,0.0,0.0,,,78.0,252.0,28.097823529411766,5.0,Penn State,2018.0,2018.0,MIA,42.0,-3.0,0.046511628
2023,10,00-0034829,M.Gesicki,TE,NE,IND,0,0,0.0,0,0.0,0.0,0.0,0,0.0,0,3,2,22.0,0,2.2,4.2,,,78.0,252.0,28.097823529411766,5.0,Penn State,2018.0,2018.0,MIA,42.0,-4.0,0.115384616
2023,12,00-0034829,M.Gesicki,TE,NE,NYG,0,0,0.0,0,0.0,0.0,0.0,0,0.0,0,2,0,0.0,0,0.0,0.0,,,78.0,252.0,28.097823529411766,5.0,Penn State,2018.0,2018.0,MIA,42.0,,0.057142857
2023,15,00-0034829,M.Gesicki,TE,NE,KC,0,0,0.0,0,0.0,0.0,0.0,0,0.0,0,2,1,7.0,0,0.7,1.7,,,78.0,252.0,28.097823529411766,5.0,Penn State,2018.0,2018.0,MIA,42.0,-10.0,0.06451613
2023,16,00-0034829,M.Gesicki,TE,NE,DEN,0,0,0.0,0,0.0,0.0,0.0,0,0.0,0,2,2,15.0,1,7.5,9.5,,,78.0,252.0,28.097823529411766,5.0,Penn State,2018.0,2018.0,MIA,42.0,,0.06451613
2023,17,00-0034829,M.Gesicki,TE,NE,BUF,0,0,0.0,0,0.0,0.0,0.0,0,0.0,0,6,4,35.0,0,3.5,7.5,,,78.0,252.0,28.097823529411766,5.0,Penn State,2018.0,2018.0,MIA,42.0,,0.25
2023,18,00-0034829,M.Gesicki,TE,NE,NYJ,0,0,0.0,0,0.0,0.0,0.0,0,0.0,0,3,1,5.0,0,0.5,1.5,,,78.0,252.0,28.097823529411766,5.0,Penn State,2018.0,2018.0,MIA,42.0,-14.0,0.10344828
2023,1,00-0034830,H.Hurst,TE,CAR,ATL,0,0,0.0,0,0.0,0.0,0.0,0,0.0,0,7,5,41.0,1,10.1,15.1,,,76.0,245.0,30.210529411764703,5.0,South Carolina,2018.0,2018.0,BAL,25.0,,0.22580644
2023,2,00-0034830,H.Hurst,TE,CAR,NO,0,0,0.0,0,0.0,0.0,0.0,0,0.0,0,3,3,20.0,0,2.0,5.0,,,76.0,245.0,30.210529411764703,5.0,South Carolina,2018.0,2018.0,BAL,25.0,-3.0,0.09677419
2023,3,00-0034830,H.Hurst,TE,CAR,SEA,0,0,0.0,0,0.0,0.0,0.0,0,0.0,0,3,1,11.0,0,1.1,2.1,,,76.0,245.0,30.210529411764703,5.0,South Carolina,2018.0,2018.0,BAL,25.0,,0.05263158
2023,4,00-0034830,H.Hurst,TE,CAR,MIN,0,0,0.0,0,0.0,0.0,0.0,0,0.0,0,3,1,7.0,0,0.7,1.7,,,76.0,245.0,30.210529411764703,5.0,South Carolina,2018.0,2018.0,BAL,25.0,-8.0,0.09677419
2023,5,00-0034830,H.Hurst,TE,CAR,DET,0,0,0.0,0,0.0,0.0,0.0,0,0.0,0,3,3,21.0,0,2.1,5.1,,,76.0,245.0,30.210529411764703,5.0,South Carolina,2018.0,2018.0,BAL,25.0,,0.08571429
2023,6,00-0034830,H.Hurst,TE,CAR,MIA,0,0,0.0,0,0.0,0.0,0.0,0,0.0,0,3,1,16.0,0,1.6,2.6,,,76.0,245.0,30.210529411764703,5.0,South Carolina,2018.0,2018.0,BAL,25.0,,0.08571429
2023,8,00-0034830,H.Hurst,TE,CAR,HOU,0,0,0.0,0,0.0,0.0,0.0,0,0.0,0,2,0,0.0,0,0.0,0.0,,,76.0,245.0,30.210529411764703,5.0,South Carolina,2018.0,2018.0,BAL,25.0,2.0,0.06451613
2023,9,00-0034830,H.Hurst,TE,CAR,IND,0,0,0.0,0,0.0,0.0,0.0,0,0.0,0,4,2,54.0,0,5.4,7.4,,,76.0,245.0,30.210529411764703,5.0,South Carolina,2018.0,2018.0,BAL,25.0,-14.0,0.10810811
2023,10,00-0034830,H.Hurst,TE,CAR,CHI,0,0,0.0,0,0.0,0.0,0.0,0,0.0,0,4,2,14.0,0,1.4,3.4,,,76.0,245.0,30.210529411764703,5.0,South Carolina,2018.0,2018.0,BAL,25.0,,0.11764706
2023,1,00-0034837,C.Ridley,WR,JAX,IND,0,0,0.0,0,0.0,0.0,0.0,0,0.0,0,11,8,101.0,1,16.1,24.1,,,73.0,190.0,28.88594117647059,5.0,Alabama,2018.0,2018.0,ATL,26.0,,0.34375
2023,2,00-0034837,C.Ridley,WR,JAX,KC,0,0,0.0,0,0.0,0.0,0.0,0,0.0,0,8,2,32.0,0,3.2,5.2,,,73.0,190.0,28.88594117647059,5.0,Alabama,2018.0,2018.0,ATL,26.0,-8.0,0.19512194
2023,3,00-0034837,C.Ridley,WR,JAX,HOU,0,0,0.0,0,0.0,0.0,0.0,0,0.0,0,7,3,40.0,0,4.0,7.0,,,73.0,190.0,28.88594117647059,5.0,Alabama,2018.0,2018.0,ATL,26.0,-20.0,0.175
2023,4,00-0034837,C.Ridley,WR,JAX,ATL,0,0,0.0,0,0.0,0.0,0.0,0,0.0,0,2,2,38.0,1,9.8,11.8,,,73.0,190.0,28.88594117647059,5.0,Alabama,2018.0,2018.0,ATL,26.0,16.0,0.06666667
2023,5,00-0034837,C.Ridley,WR,JAX,BUF,0,0,0.0,0,0.0,0.0,0.0,2,14.0,0,8,7,122.0,0,13.6,20.6,,,73.0,190.0,28.88594117647059,5.0,Alabama,2018.0,2018.0,ATL,26.0,,0.21621622
2023,6,00-0034837,C.Ridley,WR,JAX,IND,0,0,0.0,0,0.0,0.0,0.0,1,-4.0,0,8,4,30.0,0,2.6,6.6,,,73.0,190.0,28.88594117647059,5.0,Alabama,2018.0,2018.0,ATL,26.0,17.0,0.2857143
2023,7,00-0034837,C.Ridley,WR,JAX,NO,0,0,0.0,0,0.0,0.0,0.0,1,0.0,0,4,1,5.0,0,0.5,1.5,,,73.0,190.0,28.88594117647059,5.0,Alabama,2018.0,2018.0,ATL,26.0,,0.13333334
2023,8,00-0034837,C.Ridley,WR,JAX,PIT,0,0,0.0,0,0.0,0.0,0.0,0,0.0,0,10,6,83.0,0,8.3,14.3,,,73.0,190.0,28.88594117647059,5.0,Alabama,2018.0,2018.0,ATL,26.0,,0.3125
2023,10,00-0034837,C.Ridley,WR,JAX,SF,0,0,0.0,0,0.0,0.0,0.0,0,0.0,0,3,2,20.0,0,2.0,4.0,,,73.0,190.0,28.88594117647059,5.0,Alabama,2018.0,2018.0,ATL,26.0,-31.0,0.09677419
2023,11,00-0034837,C.Ridley,WR,JAX,TEN,0,0,0.0,0,0.0,0.0,0.0,1,18.0,0,9,7,103.0,2,24.1,31.1,,,73.0,190.0,28.88594117647059,5.0,Alabama,2018.0,2018.0,ATL,26.0,20.0,0.29032257
2023,12,00-0034837,C.Ridley,WR,JAX,HOU,0,0,0.0,0,0.0,0.0,0.0,0,0.0,0,6,5,89.0,1,16.9,21.9,,,73.0,190.0,28.88594117647059,5.0,Alabama,2018.0,2018.0,ATL,26.0,,0.16216215
2023,13,00-0034837,C.Ridley,WR,JAX,CIN,0,0,0.0,0,0.0,0.0,0.0,3,7.0,0,8,4,26.0,0,3.3,7.3,,,73.0,190.0,28.88594117647059,5.0,Alabama,2018.0,2018.0,ATL,26.0,-3.0,0.20512821
2023,14,00-0034837,C.Ridley,WR,JAX,CLE,0,0,0.0,0,0.0,0.0,0.0,0,0.0,0,13,4,53.0,0,5.3,9.3,,,73.0,190.0,28.88594117647059,5.0,Alabama,2018.0,2018.0,ATL,26.0,,0.26530612
2023,15,00-0034837,C.Ridley,WR,JAX,BAL,0,0,0.0,0,0.0,0.0,0.0,0,0.0,0,12,5,39.0,0,3.9,8.9,,,73.0,190.0,28.88594117647059,5.0,Alabama,2018.0,2018.0,ATL,26.0,-16.0,0.2857143
2023,16,00-0034837,C.Ridley,WR,JAX,TB,0,0,0.0,0,0.0,0.0,0.0,1,-12.0,0,9,6,90.0,2,19.8,25.8,,,73.0,190.0,28.88594117647059,5.0,Alabama,2018.0,2018.0,ATL,26.0,,0.20454545
2023,17,00-0034837,C.Ridley,WR,JAX,CAR,0,0,0.0,0,0.0,0.0,0.0,0,0.0,0,8,4,39.0,0,3.9,7.9,,,73.0,190.0,28.88594117647059,5.0,Alabama,2018.0,2018.0,ATL,26.0,26.0,0.3478261
2023,18,00-0034837,C.Ridley,WR,JAX,TEN,0,0,0.0,0,0.0,0.0,0.0,0,0.0,0,10,6,106.0,1,16.6,22.6,,,73.0,190.0,28.88594117647059,5.0,Alabama,2018.0,2018.0,ATL,26.0,,0.24390244
2023,7,00-0034838,R.Freeman,RB,LA,PIT,0,0,0.0,0,0.0,0.0,0.0,12,66.0,0,0,0,0.0,0,6.6,6.6,,,72.0,238.0,27.715,5.0,Oregon,2018.0,2018.0,DEN,71.0,-7.0,
2023,8,00-0034838,R.Freeman,RB,LA,DAL,0,0,0.0,0,0.0,0.0,0.0,9,44.0,1,0,0,0.0,0,10.4,10.4,,,72.0,238.0,27.715,5.0,Oregon,2018.0,2018.0,DEN,71.0,,
2023,9,00-0034838,R.Freeman,RB,LA,GB,0,0,0.0,0,0.0,0.0,0.0,12,32.0,0,1,0,0.0,0,3.2,3.2,,,72.0,238.0,27.715,5.0,Oregon,2018.0,2018.0,DEN,71.0,,0.037037037
2023,11,00-0034838,R.Freeman,RB,LA,SEA,0,0,0.0,0,0.0,0.0,0.0,17,73.0,0,0,0,0.0,0,7.3,7.3,,,72.0,238.0,27.715,5.0,Oregon,2018.0,2018.0,DEN,71.0,1.0,
2023,12,00-0034838,R.Freeman,RB,LA,ARI,0,0,0.0,0,0.0,0.0,0.0,13,77.0,1,0,0,0.0,0,13.7,13.7,,,72.0,238.0,27.715,5.0,Oregon,2018.0,2018.0,DEN,71.0,,
2023,13,00-0034838,R.Freeman,RB,LA,CLE,0,0,0.0,0,0.0,0.0,0.0,1,0.0,0,0,0,0.0,0,0.0,0.0,,,72.0,238.0,27.715,5.0,Oregon,2018.0,2018.0,DEN,71.0,17.0,
2023,14,00-0034838,R.Freeman,RB,LA,BAL,0,0,0.0,0,0.0,0.0,0.0,3,9.0,0,0,0,0.0,0,0.9,0.9,,,72.0,238.0,27.715,5.0,Oregon,2018.0,2018.0,DEN,71.0,,
2023,15,00-0034838,R.Freeman,RB,LA,WAS,0,0,0.0,0,0.0,0.0,0.0,6,16.0,0,0,0,0.0,0,1.6,1.6,,,72.0,238.0,27.715,5.0,Oregon,2018.0,2018.0,DEN,71.0,8.0,
2023,18,00-0034838,R.Freeman,RB,LA,SF,0,0,0.0,0,0.0,0.0,0.0,4,2.0,0,1,1,13.0,0,1.5,2.5,,,72.0,238.0,27.715,5.0,Oregon,2018.0,2018.0,DEN,71.0,,0.04347826
2023,1,00-0034844,S.Barkley,RB,NYG,DAL,0,0,0.0,0,0.0,0.0,0.0,12,51.0,0,4,3,12.0,0,6.3,9.3,,,72.0,233.0,26.740764705882356,5.0,Penn State,2018.0,2018.0,NYG,2.0,-40.0,0.13793103
2023,2,00-0034844,S.Barkley,RB,NYG,ARI,0,0,0.0,0,0.0,0.0,0.0,17,63.0,1,7,6,29.0,1,21.2,27.2,,,72.0,233.0,26.740764705882356,5.0,Penn State,2018.0,2018.0,NYG,2.0,,0.2
2023,6,00-0034844,S.Barkley,RB,NYG,BUF,0,0,0.0,0,0.0,0.0,0.0,24,93.0,0,5,4,5.0,0,9.8,13.8,,,72.0,233.0,26.740764705882356,5.0,Penn State,2018.0,2018.0,NYG,2.0,,0.16129032
2023,7,00-0034844,S.Barkley,RB,NYG,WAS,0,0,0.0,0,0.0,0.0,0.0,21,77.0,0,4,3,41.0,1,15.8,18.8,,,72.0,233.0,26.740764705882356,5.0,Penn State,2018.0,2018.0,NYG,2.0,7.0,0.14814815
2023,8,00-0034844,S.Barkley,RB,NYG,NYJ,0,0,0.0,0,0.0,0.0,0.0,36,128.0,0,5,3,0.0,0,12.8,15.8,,,72.0,233.0,26.740764705882356,5.0,Penn State,2018.0,2018.0,NYG,2.0,-3.0,0.41666666
2023,9,00-0034844,S.Barkley,RB,NYG,LV,0,0,0.0,0,0.0,0.0,0.0,16,90.0,0,4,3,23.0,0,11.3,14.3,,,72.0,233.0,26.740764705882356,5.0,Penn State,2018.0,2018.0,NYG,2.0,,0.13793103
2023,10,00-0034844,S.Barkley,RB,NYG,DAL,0,0,0.0,0,0.0,0.0,0.0,13,66.0,0,3,1,-5.0,0,6.1,7.1,,,72.0,233.0,26.740764705882356,5.0,Penn State,2018.0,2018.0,NYG,2.0,,0.115384616
2023,11,00-0034844,S.Barkley,RB,NYG,WAS,0,0,0.0,0,0.0,0.0,0.0,14,83.0,0,5,4,57.0,2,26.0,30.0,,,72.0,233.0,26.740764705882356,5.0,Penn State,2018.0,2018.0,NYG,2.0,,0.1923077
2023,12,00-0034844,S.Barkley,RB,NYG,NE,0,0,0.0,0,0.0,0.0,0.0,12,46.0,0,3,1,6.0,0,5.2,6.2,,,72.0,233.0,26.740764705882356,5.0,Penn State,2018.0,2018.0,NYG,2.0,3.0,0.125
2023,14,00-0034844,S.Barkley,RB,NYG,GB,0,0,0.0,0,0.0,0.0,0.0,20,86.0,2,4,3,15.0,0,20.1,23.1,,,72.0,233.0,26.740764705882356,5.0,Penn State,2018.0,2018.0,NYG,2.0,2.0,0.2
2023,15,00-0034844,S.Barkley,RB,NYG,NO,0,0,0.0,0,0.0,0.0,0.0,9,14.0,0,2,2,23.0,0,3.7,5.7,,,72.0,233.0,26.740764705882356,5.0,Penn State,2018.0,2018.0,NYG,2.0,,0.05882353
2023,16,00-0034844,S.Barkley,RB,NYG,PHI,0,0,0.0,0,0.0,0.0,0.0,23,80.0,1,6,3,4.0,0,16.4,19.4,,,72.0,233.0,26.740764705882356,5.0,Penn State,2018.0,2018.0,NYG,2.0,,0.22222222
2023,17,00-0034844,S.Barkley,RB,NYG,LA,0,0,0.0,0,0.0,0.0,0.0,12,39.0,0,6,3,19.0,0,5.8,8.8,,,72.0,233.0,26.740764705882356,5.0,Penn State,2018.0,2018.0,NYG,2.0,-1.0,0.15384616
2023,18,00-0034844,S.Barkley,RB,NYG,PHI,0,0,0.0,0,0.0,0.0,0.0,18,46.0,2,2,2,51.0,0,21.7,23.7,,,72.0,233.0,26.740764705882356,5.0,Penn State,2018.0,2018.0,NYG,2.0,17.0,0.0625
2023,3,00-0034854,K.Hodge,WR,ATL,DET,0,0,0.0,0,0.0,0.0,0.0,0,0.0,0,1,1,15.0,0,1.5,2.5,,,71.0,205.0,28.845647058823527,5.0,Prairie View,2018.0,2018.0,,,,0.02631579
2023,4,00-0034854,K.Hodge,WR,ATL,JAX,0,0,0.0,0,0.0,0.0,0.0,0,0.0,0,2,2,19.0,0,1.9,3.9,,,71.0,205.0,28.845647058823527,5.0,Prairie View,2018.0,2018.0,,,,0.06666667
2023,5,00-0034854,K.Hodge,WR,ATL,HOU,0,0,0.0,0,0.0,0.0,0.0,1,0.0,0,1,1,11.0,0,1.1,2.1,,,71.0,205.0,28.845647058823527,5.0,Prairie View,2018.0,2018.0,,,2.0,0.02631579
2023,6,00-0034854,K.Hodge,WR,ATL,WAS,0,0,0.0,0,0.0,0.0,0.0,0,0.0,0,1,0,0.0,0,0.0,0.0,,,71.0,205.0,28.845647058823527,5.0,Prairie View,2018.0,2018.0,,,-8.0,0.022727273
2023,7,00-0034854,K.Hodge,WR,ATL,TB,0,0,0.0,0,0.0,0.0,0.0,0,0.0,0,1,1,19.0,0,1.9,2.9,,,71.0,205.0,28.845647058823527,5.0,Prairie View,2018.0,2018.0,,,,0.04347826
2023,8,00-0034854,K.Hodge,WR,ATL,TEN,0,0,0.0,0,0.0,0.0,0.0,0,0.0,0,3,3,75.0,0,7.5,10.5,,,71.0,205.0,28.845647058823527,5.0,Prairie View,2018.0,2018.0,,,,0.09090909
2023,9,00-0034854,K.Hodge,WR,ATL,MIN,0,0,0.0,0,0.0,0.0,0.0,0,0.0,0,6,3,60.0,0,6.0,9.0,,,71.0,205.0,28.845647058823527,5.0,Prairie View,2018.0,2018.0,,,-3.0,0.1764706
2023,13,00-0034854,K.Hodge,WR,ATL,NYJ,0,0,0.0,0,0.0,0.0,0.0,0,0.0,0,1,0,0.0,0,0.0,0.0,,,71.0,205.0,28.845647058823527,5.0,Prairie View,2018.0,2018.0,,,,0.04
2023,14,00-0034854,K.Hodge,WR,ATL,TB,0,0,0.0,0,0.0,0.0,0.0,0,0.0,0,2,1,18.0,0,1.8,2.8,,,71.0,205.0,28.845647058823527,5.0,Prairie View,2018.0,2018.0,,,-4.0,0.051282052
2023,15,00-0034854,K.Hodge,WR,ATL,CAR,0,0,0.0,0,0.0,0.0,0.0,0,0.0,0,1,1,10.0,0,1.0,2.0,,,71.0,205.0,28.845647058823527,5.0,Prairie View,2018.0,2018.0,,,,0.05263158
2023,16,00-0034854,K.Hodge,WR,ATL,IND,0,0,0.0,0,0.0,0.0,0.0,0,0.0,0,1,1,5.0,0,0.5,1.5,,,71.0,205.0,28.845647058823527,5.0,Prairie View,2018.0,2018.0,,,19.0,0.03125
2023,17,00-0034854,K.Hodge,WR,ATL,CHI,0,0,0.0,0,0.0,0.0,0.0,0,0.0,0,2,0,0.0,0,0.0,0.0,,,71.0,205.0,28.845647058823527,5.0,Prairie View,2018.0,2018.0,,,,0.0625
2023,18,00-0034854,K.Hodge,WR,ATL,NO,0,0,0.0,0,0.0,0.0,0.0,0,0.0,0,1,0,0.0,0,0.0,0.0,,,71.0,205.0,28.845647058823527,5.0,Prairie View,2018.0,2018.0,,,,0.029411765
2023,1,00-0034855,B.Mayfield,QB,TB,MIN,21,34,173.0,2,0.0,1.0,4.0,8,11.0,0,0,0,0.0,0,16.02,16.02,,,73.0,215.0,28.59542105263158,5.0,Oklahoma,2018.0,2018.0,CLE,1.0,,
2023,2,00-0034855,B.Mayfield,QB,TB,CHI,26,34,317.0,1,0.0,0.0,-0.0,6,17.0,0,0,0,0.0,0,18.38,18.38,,,73.0,215.0,28.59542105263158,5.0,Oklahoma,2018.0,2018.0,CLE,1.0,10.0,
2023,3,00-0034855,B.Mayfield,QB,TB,PHI,15,25,146.0,1,1.0,2.0,13.0,1,2.0,0,0,0,0.0,0,10.04,10.04,,,73.0,215.0,28.59542105263158,5.0,Oklahoma,2018.0,2018.0,CLE,1.0,-14.0,
2023,4,00-0034855,B.Mayfield,QB,TB,NO,25,32,246.0,3,1.0,1.0,7.0,8,31.0,0,0,0,0.0,0,22.94,22.94,,,73.0,215.0,28.59542105263158,5.0,Oklahoma,2018.0,2018.0,CLE,1.0,,
2023,6,00-0034855,B.Mayfield,QB,TB,DET,19,37,206.0,0,1.0,1.0,1.0,2,6.0,0,0,0,0.0,0,6.84,6.84,,,73.0,215.0,28.59542105263158,5.0,Oklahoma,2018.0,2018.0,CLE,1.0,-14.0,
2023,7,00-0034855,B.Mayfield,QB,TB,ATL,27,42,275.0,1,1.0,3.0,19.0,3,32.0,0,0,0,0.0,0,16.2,16.2,,,73.0,215.0,28.59542105263158,5.0,Oklahoma,2018.0,2018.0,CLE,1.0,-3.0,
2023,8,00-0034855,B.Mayfield,QB,TB,BUF,25,42,237.0,2,0.0,3.0,13.0,3,19.0,0,0,0,0.0,0,21.38,21.38,,,73.0,215.0,28.59542105263158,5.0,Oklahoma,2018.0,2018.0,CLE,1.0,,
2023,9,00-0034855,B.Mayfield,QB,TB,HOU,21,30,265.0,2,0.0,2.0,14.0,4,4.0,0,0,0,0.0,0,19.0,19.0,,,73.0,215.0,28.59542105263158,5.0,Oklahoma,2018.0,2018.0,CLE,1.0,,
2023,10,00-0034855,B.Mayfield,QB,TB,TEN,18,29,278.0,2,1.0,3.0,15.0,3,12.0,0,0,0,0.0,0,18.32,18.32,,,73.0,215.0,28.59542105263158,5.0,Oklahoma,2018.0,2018.0,CLE,1.0,14.0,
2023,11,00-0034855,B.Mayfield,QB,TB,SF,29,45,246.0,1,1.0,4.0,25.0,3,5.0,0,0,0,0.0,0,10.34,10.34,,,73.0,215.0,28.59542105263158,5.0,Oklahoma,2018.0,2018.0,CLE,1.0,,
2023,12,00-0034855,B.Mayfield,QB,TB,IND,20,30,199.0,2,1.0,6.0,26.0,3,14.0,0,0,0,0.0,0,13.36,13.36,,,73.0,215.0,28.59542105263158,5.0,Oklahoma,2018.0,2018.0,CLE,1.0,,
2023,13,00-0034855,B.Mayfield,QB,TB,CAR,14,29,202.0,1,1.0,1.0,8.0,2,-2.0,0,0,0,0.0,0,9.88,9.88,,,73.0,215.0,28.59542105263158,5.0,Oklahoma,2018.0,2018.0,CLE,1.0,3.0,
2023,14,00-0034855,B.Mayfield,QB,TB,ATL,14,29,144.0,2,0.0,1.0,2.0,3,3.0,1,0,0,0.0,0,20.06,20.06,,,73.0,215.0,28.59542105263158,5.0,Oklahoma,2018.0,2018.0,CLE,1.0,,
2023,15,00-0034855,B.Mayfield,QB,TB,GB,22,28,381.0,4,0.0,5.0,28.0,2,-2.0,0,0,0,0.0,0,29.04,29.04,,,73.0,215.0,28.59542105263158,5.0,Oklahoma,2018.0,2018.0,CLE,1.0,,
2023,16,00-0034855,B.Mayfield,QB,TB,JAX,26,35,283.0,2,0.0,2.0,18.0,5,5.0,0,0,0,0.0,0,19.82,19.82,,,73.0,215.0,28.59542105263158,5.0,Oklahoma,2018.0,2018.0,CLE,1.0,18.0,
2023,17,00-0034855,B.Mayfield,QB,TB,NO,22,33,309.0,2,2.0,2.0,17.0,1,-1.0,0,0,0,0.0,0,16.26,16.26,,,73.0,215.0,28.59542105263158,5.0,Oklahoma,2018.0,2018.0,CLE,1.0,-10.0,
2023,18,00-0034855,B.Mayfield,QB,TB,CAR,20,32,137.0,0,0.0,3.0,22.0,5,7.0,0,0,0,0.0,0,6.18,6.18,,,73.0,215.0,28.59542105263158,5.0,Oklahoma,2018.0,2018.0,CLE,1.0,,
2023,19,00-0034855,B.Mayfield,QB,TB,PHI,22,36,337.0,3,0.0,4.0,30.0,2,16.0,0,0,0,0.0,0,27.08,27.08,,,73.0,215.0,28.59542105263158,5.0,Oklahoma,2018.0,2018.0,CLE,1.0,23.0,
2023,20,00-0034855,B.Mayfield,QB,TB,DET,26,41,349.0,3,2.0,4.0,30.0,2,15.0,0,0,0,0.0,0,23.46,23.46,,,73.0,215.0,28.59542105263158,5.0,Oklahoma,2018.0,2018.0,CLE,1.0,,
2023,1,00-0034857,J.Allen,QB,BUF,NYJ,29,41,236.0,1,3.0,5.0,19.0,6,36.0,0,0,0,0.0,0,11.04,11.04,,,77.0,237.0,27.483947368421056,5.0,Wyoming,2018.0,2018.0,BUF,7.0,,
2023,2,00-0034857,J.Allen,QB,BUF,LV,31,37,274.0,3,0.0,2.0,7.0,3,7.0,0,0,0,0.0,0,23.66,23.66,,,77.0,237.0,27.483947368421056,5.0,Wyoming,2018.0,2018.0,BUF,7.0,28.0,
2023,3,00-0034857,J.Allen,QB,BUF,WAS,20,32,218.0,1,1.0,0.0,-0.0,3,46.0,1,0,0,0.0,0,21.32,21.32,,,77.0,237.0,27.483947368421056,5.0,Wyoming,2018.0,2018.0,BUF,7.0,,
2023,4,00-0034857,J.Allen,QB,BUF,MIA,21,25,320.0,4,0.0,2.0,10.0,4,17.0,1,0,0,0.0,0,36.5,36.5,,,77.0,237.0,27.483947368421056,5.0,Wyoming,2018.0,2018.0,BUF,7.0,28.0,
2023,5,00-0034857,J.Allen,QB,BUF,JAX,27,40,359.0,2,1.0,0.0,-0.0,4,14.0,1,0,0,0.0,0,27.76,27.76,,,77.0,237.0,27.483947368421056,5.0,Wyoming,2018.0,2018.0,BUF,7.0,-5.0,
2023,6,00-0034857,J.Allen,QB,BUF,NYG,19,30,169.0,2,1.0,0.0,-0.0,2,11.0,0,0,0,0.0,0,13.86,13.86,,,77.0,237.0,27.483947368421056,5.0,Wyoming,2018.0,2018.0,BUF,7.0,5.0,
2023,7,00-0034857,J.Allen,QB,BUF,NE,27,41,265.0,2,1.0,1.0,7.0,7,17.0,1,0,0,0.0,0,24.3,24.3,,,77.0,237.0,27.483947368421056,5.0,Wyoming,2018.0,2018.0,BUF,7.0,,
2023,8,00-0034857,J.Allen,QB,BUF,TB,31,40,324.0,2,1.0,2.0,12.0,7,41.0,1,0,0,0.0,0,29.06,29.06,,,77.0,237.0,27.483947368421056,5.0,Wyoming,2018.0,2018.0,BUF,7.0,6.0,
2023,9,00-0034857,J.Allen,QB,BUF,CIN,26,38,258.0,1,1.0,1.0,9.0,8,44.0,1,0,0,0.0,0,24.72,24.72,,,77.0,237.0,27.483947368421056,5.0,Wyoming,2018.0,2018.0,BUF,7.0,,
2023,10,00-0034857,J.Allen,QB,BUF,DEN,15,26,177.0,1,2.0,0.0,-0.0,4,13.0,1,0,0,0.0,0,14.38,14.38,,,77.0,237.0,27.483947368421056,5.0,Wyoming,2018.0,2018.0,BUF,7.0,-2.0,
2023,11,00-0034857,J.Allen,QB,BUF,NYJ,20,32,275.0,3,1.0,1.0,12.0,5,15.0,0,0,0,0.0,0,22.5,22.5,,,77.0,237.0,27.483947368421056,5.0,Wyoming,2018.0,2018.0,BUF,7.0,26.0,
2023,12,00-0034857,J.Allen,QB,BUF,PHI,29,51,339.0,2,1.0,1.0,7.0,9,81.0,2,0,0,0.0,0,39.66,39.66,,,77.0,237.0,27.483947368421056,5.0,Wyoming,2018.0,2018.0,BUF,7.0,,
2023,14,00-0034857,J.Allen,QB,BUF,KC,23,42,233.0,1,1.0,3.0,24.0,10,32.0,1,0,0,0.0,0,20.52,20.52,,,77.0,237.0,27.483947368421056,5.0,Wyoming,2018.0,2018.0,BUF,7.0,,
2023,15,00-0034857,J.Allen,QB,BUF,DAL,7,15,94.0,1,0.0,1.0,9.0,8,24.0,1,0,0,0.0,0,16.16,16.16,,,77.0,237.0,27.483947368421056,5.0,Wyoming,2018.0,2018.0,BUF,7.0,21.0,
2023,16,00-0034857,J.Allen,QB,BUF,LAC,15,21,237.0,1,1.0,1.0,7.0,5,15.0,2,0,0,0.0,0,24.98,24.98,,,77.0,237.0,27.483947368421056,5.0,Wyoming,2018.0,2018.0,BUF,7.0,,
2023,17,00-0034857,J.Allen,QB,BUF,NE,15,30,169.0,0,1.0,1.0,15.0,11,44.0,2,0,0,0.0,0,21.16,21.16,,,77.0,237.0,27.483947368421056,5.0,Wyoming,2018.0,2018.0,BUF,7.0,6.0,
2023,18,00-0034857,J.Allen,QB,BUF,MIA,30,38,359.0,2,2.0,3.0,14.0,15,67.0,0,0,0,0.0,0,23.06,23.06,,,77.0,237.0,27.483947368421056,5.0,Wyoming,2018.0,2018.0,BUF,7.0,,
2023,19,00-0034857,J.Allen,QB,BUF,PIT,21,30,203.0,3,0.0,2.0,14.0,8,74.0,1,0,0,0.0,0,33.52,33.52,,,77.0,237.0,27.483947368421056,5.0,Wyoming,2018.0,2018.0,BUF,7.0,14.0,
2023,20,00-0034857,J.Allen,QB,BUF,KC,26,39,186.0,1,0.0,0.0,-0.0,12,72.0,2,0,0,0.0,0,30.64,30.64,,,77.0,237.0,27.483947368421056,5.0,Wyoming,2018.0,2018.0,BUF,7.0,-3.0,
2023,1,00-0034869,S.Darnold,QB,SF,PIT,0,0,0.0,0,0.0,0.0,0.0,2,-2.0,0,0,0,0.0,0,-0.2,-0.2,,,75.0,225.0,26.460950000000004,5.0,Southern California,2018.0,2018.0,NYJ,3.0,,
2023,3,00-0034869,S.Darnold,QB,SF,NYG,0,0,0.0,0,0.0,0.0,0.0,1,-1.0,0,0,0,0.0,0,-0.1,-0.1,,,75.0,225.0,26.460950000000004,5.0,Southern California,2018.0,2018.0,NYJ,3.0,18.0,
2023,4,00-0034869,S.Darnold,QB,SF,ARI,0,0,0.0,0,0.0,0.0,0.0,1,-1.0,0,0,0,0.0,0,-0.1,-0.1,,,75.0,225.0,26.460950000000004,5.0,Southern California,2018.0,2018.0,NYJ,3.0,19.0,
2023,5,00-0034869,S.Darnold,QB,SF,DAL,1,1,1.0,0,0.0,0.0,-0.0,1,-1.0,0,0,0,0.0,0,-0.06,-0.06,,,75.0,225.0,26.460950000000004,5.0,Southern California,2018.0,2018.0,NYJ,3.0,32.0,
2023,10,00-0034869,S.Darnold,QB,SF,JAX,1,2,6.0,0,0.0,0.0,-0.0,3,-3.0,0,0,0,0.0,0,-0.06,-0.06,,,75.0,225.0,26.460950000000004,5.0,Southern California,2018.0,2018.0,NYJ,3.0,,
2023,13,00-0034869,S.Darnold,QB,SF,PHI,0,0,0.0,0,0.0,0.0,0.0,1,-1.0,0,0,0,0.0,0,-0.1,-0.1,,,75.0,225.0,26.460950000000004,5.0,Southern California,2018.0,2018.0,NYJ,3.0,,
2023,15,00-0034869,S.Darnold,QB,SF,ARI,2,3,20.0,0,0.0,0.0,-0.0,2,-2.0,0,0,0,0.0,0,0.6,0.6,,,75.0,225.0,26.460950000000004,5.0,Southern California,2018.0,2018.0,NYJ,3.0,,
2023,16,00-0034869,S.Darnold,QB,SF,BAL,8,14,81.0,1,1.0,2.0,20.0,1,9.0,0,0,0,0.0,0,6.14,6.14,,,75.0,225.0,26.460950000000004,5.0,Southern California,2018.0,2018.0,NYJ,3.0,-14.0,
2023,17,00-0034869,S.Darnold,QB,SF,WAS,0,0,0.0,0,0.0,1.0,6.0,2,-2.0,0,0,0,0.0,0,-0.2,-0.2,,,75.0,225.0,26.460950000000004,5.0,Southern California,2018.0,2018.0,NYJ,3.0,,
2023,18,00-0034869,S.Darnold,QB,SF,LA,16,26,189.0,1,0.0,3.0,14.0,7,19.0,1,0,0,0.0,0,17.46,17.46,,,75.0,225.0,26.460950000000004,5.0,Southern California,2018.0,2018.0,NYJ,3.0,-1.0,
2023,11,00-0034928,S.Sims,WR,HOU,ARI,0,0,0.0,0,0.0,0.0,0.0,0,0.0,0,2,2,25.0,0,2.5,4.5,,,70.0,176.0,26.63005263157895,4.0,Kansas,2019.0,2019.0,,,5.0,0.05263158
2023,15,00-0034928,S.Sims,WR,HOU,TEN,0,0,0.0,0,0.0,0.0,0.0,1,1.0,0,1,1,0.0,0,0.1,1.1,,,70.0,176.0,26.63005263157895,4.0,Kansas,2019.0,2019.0,,,,0.029411765
2023,20,00-0034928,S.Sims,WR,HOU,HOU,0,0,0.0,0,0.0,0.0,0.0,0,0.0,0,0,0,0.0,0,6.0,6.0,,,70.0,176.0,26.63005263157895,4.0,Kansas,2019.0,2019.0,,,,
2023,8,00-0034955,B.Rypien,QB,LA,DAL,5,10,42.0,0,0.0,1.0,7.0,0,0.0,0,0,0,0.0,0,1.68,1.68,,,74.0,200.0,27.33211111111111,4.0,Boise State,2019.0,2019.0,,,,
2023,9,00-0034955,B.Rypien,QB,LA,GB,13,28,130.0,0,1.0,1.0,11.0,3,19.0,0,0,0,0.0,0,5.1,5.1,,,74.0,200.0,27.33211111111111,4.0,Boise State,2019.0,2019.0,,,,
2023,2,00-0034959,A.Beck,FB,HOU,IND,0,0,0.0,0,0.0,0.0,0.0,2,2.0,0,0,0,0.0,0,0.2,0.2,,,75.0,255.0,27.506105263157895,4.0,Texas,2019.0,2019.0,,,-11.0,
2023,3,00-0034959,A.Beck,FB,HOU,JAX,0,0,0.0,0,0.0,0.0,0.0,0,0.0,0,0,0,0.0,0,6.0,6.0,,,75.0,255.0,27.506105263157895,4.0,Texas,2019.0,2019.0,,,,
2023,4,00-0034959,A.Beck,FB,HOU,PIT,0,0,0.0,0,0.0,0.0,0.0,0,0.0,0,1,0,0.0,0,0.0,0.0,,,75.0,255.0,27.506105263157895,4.0,Texas,2019.0,2019.0,,,24.0,0.037037037
2023,8,00-0034959,A.Beck,FB,HOU,CAR,0,0,0.0,0,0.0,0.0,0.0,2,1.0,1,1,1,8.0,0,4.9,5.9,,,75.0,255.0,27.506105263157895,4.0,Texas,2019.0,2019.0,,,,0.041666668
2023,9,00-0034959,A.Beck,FB,HOU,TB,0,0,0.0,0,0.0,0.0,0.0,0,0.0,0,2,2,5.0,0,0.5,2.5,,,75.0,255.0,27.506105263157895,4.0,Texas,2019.0,2019.0,,,2.0,0.05263158
2023,11,00-0034959,A.Beck,FB,HOU,ARI,0,0,0.0,0,0.0,0.0,0.0,1,0.0,0,0,0,0.0,0,0.0,0.0,,,75.0,255.0,27.506105263157895,4.0,Texas,2019.0,2019.0,,,5.0,
2023,12,00-0034959,A.Beck,FB,HOU,JAX,0,0,0.0,0,0.0,0.0,0.0,0,0.0,0,1,1,1.0,0,0.1,1.1,,,75.0,255.0,27.506105263157895,4.0,Texas,2019.0,2019.0,,,-3.0,0.027777778
2023,13,00-0034959,A.Beck,FB,HOU,DEN,0,0,0.0,0,0.0,0.0,0.0,0,0.0,0,2,1,5.0,0,0.5,1.5,,,75.0,255.0,27.506105263157895,4.0,Texas,2019.0,2019.0,,,5.0,0.074074075
2023,14,00-0034959,A.Beck,FB,HOU,NYJ,0,0,0.0,0,0.0,0.0,0.0,0,0.0,0,1,1,26.0,0,2.6,3.6,,,75.0,255.0,27.506105263157895,4.0,Texas,2019.0,2019.0,,,,0.037037037
2023,15,00-0034959,A.Beck,FB,HOU,TEN,0,0,0.0,0,0.0,0.0,0.0,0,0.0,0,1,1,-5.0,0,-0.5,0.5,,,75.0,255.0,27.506105263157895,4.0,Texas,2019.0,2019.0,,,,0.029411765
2023,16,00-0034959,A.Beck,FB,HOU,CLE,0,0,0.0,0,0.0,0.0,0.0,0,0.0,0,2,2,6.0,1,6.6,8.6,,,75.0,255.0,27.506105263157895,4.0,Texas,2019.0,2019.0,,,-14.0,0.041666668
2023,18,00-0034959,A.Beck,FB,HOU,IND,0,0,0.0,0,0.0,0.0,0.0,0,0.0,0,2,2,9.0,1,6.9,8.9,,,75.0,255.0,27.506105263157895,4.0,Texas,2019.0,2019.0,,,,0.07692308
2023,19,00-0034959,A.Beck,FB,HOU,CLE,0,0,0.0,0,0.0,0.0,0.0,0,0.0,0,1,0,0.0,0,0.0,0.0,,,75.0,255.0,27.506105263157895,4.0,Texas,2019.0,2019.0,,,31.0,0.045454547
2023,1,00-0034960,J.Meyers,WR,LV,DEN,0,0,0.0,0,0.0,0.0,0.0,0,0.0,0,10,9,81.0,2,20.1,29.1,,,74.0,200.0,26.99264705882353,4.0,North Carolina State,2019.0,2019.0,,,,0.3846154
2023,3,00-0034960,J.Meyers,WR,LV,PIT,0,0,0.0,0,0.0,0.0,0.0,0,0.0,0,12,7,85.0,0,8.5,15.5,,,74.0,200.0,26.99264705882353,4.0,North Carolina State,2019.0,2019.0,,,-5.0,0.27272728
2023,4,00-0034960,J.Meyers,WR,LV,LAC,0,0,0.0,0,0.0,0.0,0.0,0,0.0,0,4,2,33.0,0,3.3,5.3,,,74.0,200.0,26.99264705882353,4.0,North Carolina State,2019.0,2019.0,,,,0.10526316
2023,5,00-0034960,J.Meyers,WR,LV,GB,0,0,0.0,0,0.0,0.0,0.0,1,0.0,0,10,7,75.0,1,13.5,20.5,,,74.0,200.0,26.99264705882353,4.0,North Carolina State,2019.0,2019.0,,,4.0,0.3448276
2023,6,00-0034960,J.Meyers,WR,LV,NE,0,0,0.0,0,0.0,0.0,0.0,0,0.0,0,7,5,61.0,1,12.1,17.1,,,74.0,200.0,26.99264705882353,4.0,North Carolina State,2019.0,2019.0,,,4.0,0.22580644
2023,7,00-0034960,J.Meyers,WR,LV,CHI,0,0,0.0,0,0.0,0.0,0.0,0,0.0,0,13,7,50.0,1,11.0,18.0,,,74.0,200.0,26.99264705882353,4.0,North Carolina State,2019.0,2019.0,,,,0.2888889
2023,8,00-0034960,J.Meyers,WR,LV,DET,0,0,0.0,0,0.0,0.0,0.0,0,0.0,0,1,1,19.0,0,1.9,2.9,,,74.0,200.0,26.99264705882353,4.0,North Carolina State,2019.0,2019.0,,,,0.04761905
2023,9,00-0034960,J.Meyers,WR,LV,NYG,0,0,0.0,0,0.0,0.0,0.0,1,17.0,1,5,2,38.0,0,11.5,13.5,,,74.0,200.0,26.99264705882353,4.0,North Carolina State,2019.0,2019.0,,,24.0,0.20833333
2023,10,00-0034960,J.Meyers,WR,LV,NYJ,0,0,0.0,0,0.0,0.0,0.0,0,0.0,0,2,2,21.0,0,2.1,4.1,,,74.0,200.0,26.99264705882353,4.0,North Carolina State,2019.0,2019.0,,,4.0,0.08
2023,11,00-0034960,J.Meyers,WR,LV,MIA,0,0,0.0,0,0.0,0.0,0.0,0,0.0,0,5,4,49.0,0,4.9,8.9,,,74.0,200.0,26.99264705882353,4.0,North Carolina State,2019.0,2019.0,,,,0.13157895
2023,12,00-0034960,J.Meyers,WR,LV,KC,0,1,0.0,0,0.0,0.0,-0.0,1,2.0,0,7,6,79.0,1,14.1,20.1,,,74.0,200.0,26.99264705882353,4.0,North Carolina State,2019.0,2019.0,,,-14.0,0.21875
2023,14,00-0034960,J.Meyers,WR,LV,MIN,0,0,0.0,0,0.0,0.0,0.0,0,0.0,0,6,5,25.0,0,2.5,7.5,,,74.0,200.0,26.99264705882353,4.0,North Carolina State,2019.0,2019.0,,,-3.0,0.20689656
2023,15,00-0034960,J.Meyers,WR,LV,LAC,2,2,12.0,1,0.0,0.0,-0.0,0,0.0,0,4,2,32.0,1,13.68,15.68,,,74.0,200.0,26.99264705882353,4.0,North Carolina State,2019.0,2019.0,,,42.0,0.11764706
2023,16,00-0034960,J.Meyers,WR,LV,KC,0,0,0.0,0,0.0,0.0,0.0,0,0.0,0,5,3,42.0,0,4.2,7.2,,,74.0,200.0,26.99264705882353,4.0,North Carolina State,2019.0,2019.0,,,,0.2631579
2023,17,00-0034960,J.Meyers,WR,LV,IND,0,0,0.0,0,0.0,0.0,0.0,0,0.0,0,10,6,56.0,0,5.6,11.6,,,74.0,200.0,26.99264705882353,4.0,North Carolina State,2019.0,2019.0,,,,0.2173913
2023,18,00-0034960,J.Meyers,WR,LV,DEN,0,0,0.0,0,0.0,0.0,0.0,1,5.0,1,5,3,61.0,1,18.6,21.6,,,74.0,200.0,26.99264705882353,4.0,North Carolina State,2019.0,2019.0,,,13.0,0.18518518
2023,1,00-0034970,I.Smith,TE,CIN,CLE,0,0,0.0,0,0.0,0.0,0.0,0,0.0,0,5,3,17.0,0,1.7,4.7,,,74.0,240.0,25.252176470588235,4.0,Alabama,2019.0,2019.0,MIN,50.0,,0.16129032
2023,2,00-0034970,I.Smith,TE,CIN,BAL,0,0,0.0,0,0.0,0.0,0.0,0,0.0,0,4,2,10.0,0,1.0,3.0,,,74.0,240.0,25.252176470588235,4.0,Alabama,2019.0,2019.0,MIN,50.0,-3.0,0.102564104
2023,6,00-0034970,I.Smith,TE,CIN,SEA,0,0,0.0,0,0.0,0.0,0.0,0,0.0,0,2,1,5.0,0,0.5,1.5,,,74.0,240.0,25.252176470588235,4.0,Alabama,2019.0,2019.0,MIN,50.0,4.0,0.057142857
2023,8,00-0034970,I.Smith,TE,CIN,SF,0,0,0.0,0,0.0,0.0,0.0,0,0.0,0,4,4,25.0,0,0.5,4.5,,,74.0,240.0,25.252176470588235,4.0,Alabama,2019.0,2019.0,MIN,50.0,,0.125
2023,9,00-0034970,I.Smith,TE,CIN,BUF,0,0,0.0,0,0.0,0.0,0.0,0,0.0,0,4,3,26.0,1,8.6,11.6,,,74.0,240.0,25.252176470588235,4.0,Alabama,2019.0,2019.0,MIN,50.0,6.0,0.0952381
2023,10,00-0034970,I.Smith,TE,CIN,HOU,0,0,0.0,0,0.0,0.0,0.0,0,0.0,0,1,1,6.0,0,0.6,1.6,,,74.0,240.0,25.252176470588235,4.0,Alabama,2019.0,2019.0,MIN,50.0,-3.0,0.025641026
2023,11,00-0034970,I.Smith,TE,CIN,BAL,0,0,0.0,0,0.0,0.0,0.0,0,0.0,0,1,0,0.0,0,0.0,0.0,,,74.0,240.0,25.252176470588235,4.0,Alabama,2019.0,2019.0,MIN,50.0,,0.032258064
2023,12,00-0034970,I.Smith,TE,CIN,PIT,0,0,0.0,0,0.0,0.0,0.0,0,0.0,0,2,2,8.0,0,0.8,2.8,,,74.0,240.0,25.252176470588235,4.0,Alabama,2019.0,2019.0,MIN,50.0,-6.0,0.08
2023,15,00-0034970,I.Smith,TE,CIN,MIN,0,0,0.0,0,0.0,0.0,0.0,0,0.0,0,3,2,18.0,0,1.8,3.8,,,74.0,240.0,25.252176470588235,4.0,Alabama,2019.0,2019.0,MIN,50.0,3.0,0.075
2023,1,00-0034972,A.Mattison,RB,MIN,TB,0,0,0.0,0,0.0,0.0,0.0,11,34.0,0,4,3,10.0,1,10.4,13.4,,,71.0,220.0,25.385176470588235,4.0,Boise State,2019.0,2019.0,MIN,102.0,-3.0,0.09090909
2023,2,00-0034972,A.Mattison,RB,MIN,PHI,0,0,0.0,0,0.0,0.0,0.0,8,28.0,0,6,3,11.0,0,1.9,4.9,,,71.0,220.0,25.385176470588235,4.0,Boise State,2019.0,2019.0,MIN,102.0,,0.13953489
2023,3,00-0034972,A.Mattison,RB,MIN,LAC,0,0,0.0,0,0.0,0.0,0.0,20,93.0,0,7,5,32.0,0,12.5,17.5,,,71.0,220.0,25.385176470588235,4.0,Boise State,2019.0,2019.0,MIN,102.0,-4.0,0.14583333
2023,4,00-0034972,A.Mattison,RB,MIN,CAR,0,0,0.0,0,0.0,0.0,0.0,17,95.0,0,1,1,3.0,0,9.8,10.8,,,71.0,220.0,25.385176470588235,4.0,Boise State,2019.0,2019.0,MIN,102.0,,0.055555556
2023,5,00-0034972,A.Mattison,RB,MIN,KC,0,0,0.0,0,0.0,0.0,0.0,8,26.0,0,3,2,20.0,1,10.6,12.6,,,71.0,220.0,25.385176470588235,4.0,Boise State,2019.0,2019.0,MIN,102.0,-7.0,0.06521739
2023,6,00-0034972,A.Mattison,RB,MIN,CHI,0,0,0.0,0,0.0,0.0,0.0,18,44.0,0,7,4,28.0,0,7.2,11.2,,,71.0,220.0,25.385176470588235,4.0,Boise State,2019.0,2019.0,MIN,102.0,,0.23333333
2023,7,00-0034972,A.Mattison,RB,MIN,SF,0,0,0.0,0,0.0,0.0,0.0,8,39.0,0,3,2,3.0,0,4.2,6.2,,,71.0,220.0,25.385176470588235,4.0,Boise State,2019.0,2019.0,MIN,102.0,5.0,0.069767445
2023,8,00-0034972,A.Mattison,RB,MIN,GB,0,0,0.0,0,0.0,0.0,0.0,16,31.0,0,1,1,2.0,0,3.3,4.3,,,71.0,220.0,25.385176470588235,4.0,Boise State,2019.0,2019.0,MIN,102.0,,0.029411765
2023,9,00-0034972,A.Mattison,RB,MIN,ATL,0,0,0.0,0,0.0,0.0,0.0,16,44.0,0,2,2,49.0,1,15.3,17.3,,,71.0,220.0,25.385176470588235,4.0,Boise State,2019.0,2019.0,MIN,102.0,,0.057142857
2023,10,00-0034972,A.Mattison,RB,MIN,NO,0,0,0.0,0,0.0,0.0,0.0,8,27.0,0,2,1,6.0,0,3.3,4.3,,,71.0,220.0,25.385176470588235,4.0,Boise State,2019.0,2019.0,MIN,102.0,8.0,0.0625
2023,11,00-0034972,A.Mattison,RB,MIN,DEN,0,0,0.0,0,0.0,0.0,0.0,18,81.0,0,2,1,-1.0,0,6.0,7.0,,,71.0,220.0,25.385176470588235,4.0,Boise State,2019.0,2019.0,MIN,102.0,,0.06896552
2023,12,00-0034972,A.Mattison,RB,MIN,CHI,0,0,0.0,0,0.0,0.0,0.0,10,52.0,0,2,2,11.0,0,6.3,8.3,,,71.0,220.0,25.385176470588235,4.0,Boise State,2019.0,2019.0,MIN,102.0,-2.0,0.06666667
2023,14,00-0034972,A.Mattison,RB,MIN,LV,0,0,0.0,0,0.0,0.0,0.0,10,66.0,0,1,0,0.0,0,6.6,6.6,,,71.0,220.0,25.385176470588235,4.0,Boise State,2019.0,2019.0,MIN,102.0,,0.030303031
2023,16,00-0034972,A.Mattison,RB,MIN,DET,0,0,0.0,0,0.0,0.0,0.0,2,-1.0,0,0,0,0.0,0,-0.1,-0.1,,,71.0,220.0,25.385176470588235,4.0,Boise State,2019.0,2019.0,MIN,102.0,-6.0,
2023,17,00-0034972,A.Mattison,RB,MIN,GB,0,0,0.0,0,0.0,0.0,0.0,3,17.0,0,2,2,13.0,0,3.0,5.0,,,71.0,220.0,25.385176470588235,4.0,Boise State,2019.0,2019.0,MIN,102.0,-23.0,0.06451613
2023,18,00-0034972,A.Mattison,RB,MIN,DET,0,0,0.0,0,0.0,0.0,0.0,7,24.0,0,1,1,5.0,0,2.9,3.9,,,71.0,220.0,25.385176470588235,4.0,Boise State,2019.0,2019.0,MIN,102.0,,0.023255814
2023,1,00-0034975,J.Hill,RB,BAL,HOU,0,0,0.0,0,0.0,0.0,0.0,8,9.0,2,0,0,0.0,0,12.9,12.9,,,70.0,200.0,26.001631578947368,4.0,Oklahoma State,2019.0,2019.0,BAL,113.0,16.0,
2023,2,00-0034975,J.Hill,RB,BAL,CIN,0,0,0.0,0,0.0,0.0,0.0,11,41.0,0,3,3,12.0,0,5.3,8.3,,,70.0,200.0,26.001631578947368,4.0,Oklahoma State,2019.0,2019.0,BAL,113.0,,0.09090909
2023,4,00-0034975,J.Hill,RB,BAL,CLE,0,0,0.0,0,0.0,0.0,0.0,3,33.0,0,0,0,0.0,0,3.3,3.3,,,70.0,200.0,26.001631578947368,4.0,Oklahoma State,2019.0,2019.0,BAL,113.0,,
2023,5,00-0034975,J.Hill,RB,BAL,PIT,0,0,0.0,0,0.0,0.0,0.0,7,32.0,1,4,4,13.0,0,8.5,12.5,,,70.0,200.0,26.001631578947368,4.0,Oklahoma State,2019.0,2019.0,BAL,113.0,,0.10526316
2023,6,00-0034975,J.Hill,RB,BAL,TEN,0,0,0.0,0,0.0,0.0,0.0,8,35.0,0,3,3,0.0,0,3.5,6.5,,,70.0,200.0,26.001631578947368,4.0,Oklahoma State,2019.0,2019.0,BAL,113.0,,0.10344828
2023,7,00-0034975,J.Hill,RB,BAL,DET,0,0,0.0,0,0.0,0.0,0.0,4,46.0,0,1,1,2.0,0,4.8,5.8,,,70.0,200.0,26.001631578947368,4.0,Oklahoma State,2019.0,2019.0,BAL,113.0,32.0,0.035714287
2023,8,00-0034975,J.Hill,RB,BAL,ARI,0,0,0.0,0,0.0,0.0,0.0,4,15.0,0,4,4,40.0,0,5.5,9.5,,,70.0,200.0,26.001631578947368,4.0,Oklahoma State,2019.0,2019.0,BAL,113.0,,0.15384616
2023,9,00-0034975,J.Hill,RB,BAL,SEA,0,0,0.0,0,0.0,0.0,0.0,13,40.0,0,1,0,0.0,0,4.0,4.0,,,70.0,200.0,26.001631578947368,4.0,Oklahoma State,2019.0,2019.0,BAL,113.0,34.0,0.03125
2023,10,00-0034975,J.Hill,RB,BAL,CLE,0,0,0.0,0,0.0,0.0,0.0,2,7.0,0,0,0,0.0,0,0.7,0.7,,,70.0,200.0,26.001631578947368,4.0,Oklahoma State,2019.0,2019.0,BAL,113.0,-2.0,
2023,11,00-0034975,J.Hill,RB,BAL,CIN,0,0,0.0,0,0.0,0.0,0.0,1,1.0,0,1,1,6.0,0,0.7,1.7,,,70.0,200.0,26.001631578947368,4.0,Oklahoma State,2019.0,2019.0,BAL,113.0,14.0,0.04347826
2023,12,00-0034975,J.Hill,RB,BAL,LAC,0,0,0.0,0,0.0,0.0,0.0,5,31.0,0,1,0,0.0,0,3.1,3.1,,,70.0,200.0,26.001631578947368,4.0,Oklahoma State,2019.0,2019.0,BAL,113.0,,0.033333335
2023,14,00-0034975,J.Hill,RB,BAL,LA,0,0,0.0,0,0.0,0.0,0.0,0,0.0,0,2,1,12.0,0,1.2,2.2,,,70.0,200.0,26.001631578947368,4.0,Oklahoma State,2019.0,2019.0,BAL,113.0,6.0,0.05
2023,15,00-0034975,J.Hill,RB,BAL,JAX,0,0,0.0,0,0.0,0.0,0.0,5,23.0,0,1,0,0.0,0,2.3,2.3,,,70.0,200.0,26.001631578947368,4.0,Oklahoma State,2019.0,2019.0,BAL,113.0,,0.04347826
2023,16,00-0034975,J.Hill,RB,BAL,SF,0,0,0.0,0,0.0,0.0,0.0,10,26.0,0,3,3,31.0,0,5.7,8.7,,,70.0,200.0,26.001631578947368,4.0,Oklahoma State,2019.0,2019.0,BAL,113.0,,0.0882353
2023,17,00-0034975,J.Hill,RB,BAL,MIA,0,0,0.0,0,0.0,0.0,0.0,3,48.0,0,5,5,64.0,1,17.2,22.2,,,70.0,200.0,26.001631578947368,4.0,Oklahoma State,2019.0,2019.0,BAL,113.0,37.0,0.22727273
2023,18,00-0034975,J.Hill,RB,BAL,PIT,0,0,0.0,0,0.0,0.0,0.0,0,0.0,0,10,3,26.0,0,2.6,5.6,,,70.0,200.0,26.001631578947368,4.0,Oklahoma State,2019.0,2019.0,BAL,113.0,-7.0,0.3846154
2023,20,00-0034975,J.Hill,RB,BAL,HOU,0,0,0.0,0,0.0,0.0,0.0,13,66.0,0,2,2,11.0,0,7.7,9.7,,,70.0,200.0,26.001631578947368,4.0,Oklahoma State,2019.0,2019.0,BAL,113.0,24.0,0.0952381
2023,21,00-0034975,J.Hill,RB,BAL,KC,0,0,0.0,0,0.0,0.0,0.0,3,3.0,0,7,4,34.0,0,3.7,7.7,,,70.0,200.0,26.001631578947368,4.0,Oklahoma State,2019.0,2019.0,BAL,113.0,-7.0,0.20588236
2023,2,00-0034981,F.Moreau,TE,NO,CAR,0,0,0.0,0,0.0,0.0,0.0,0,0.0,0,2,2,20.0,0,2.0,4.0,,,76.0,250.0,26.50670588235294,4.0,Louisiana State,2019.0,2019.0,OAK,137.0,,0.05882353
2023,5,00-0034981,F.Moreau,TE,NO,NE,0,0,0.0,0,0.0,0.0,0.0,0,0.0,0,1,1,6.0,1,6.6,7.6,,,76.0,250.0,26.50670588235294,4.0,Louisiana State,2019.0,2019.0,OAK,137.0,,0.04
2023,6,00-0034981,F.Moreau,TE,NO,HOU,0,0,0.0,0,0.0,0.0,0.0,0,0.0,0,4,4,33.0,0,3.3,7.3,,,76.0,250.0,26.50670588235294,4.0,Louisiana State,2019.0,2019.0,OAK,137.0,,0.08695652
2023,7,00-0034981,F.Moreau,TE,NO,JAX,0,0,0.0,0,0.0,0.0,0.0,0,0.0,0,4,3,33.0,0,3.3,6.3,,,76.0,250.0,26.50670588235294,4.0,Louisiana State,2019.0,2019.0,OAK,137.0,-7.0,0.0754717
2023,9,00-0034981,F.Moreau,TE,NO,CHI,0,0,0.0,0,0.0,0.0,0.0,0,0.0,0,1,1,23.0,0,2.3,3.3,,,76.0,250.0,26.50670588235294,4.0,Louisiana State,2019.0,2019.0,OAK,137.0,7.0,0.03125
2023,13,00-0034981,F.Moreau,TE,NO,DET,0,0,0.0,0,0.0,0.0,0.0,0,0.0,0,2,2,28.0,0,2.8,4.8,,,76.0,250.0,26.50670588235294,4.0,Louisiana State,2019.0,2019.0,OAK,137.0,-5.0,0.06896552
2023,14,00-0034981,F.Moreau,TE,NO,CAR,0,0,0.0,0,0.0,0.0,0.0,0,0.0,0,2,2,8.0,0,0.8,2.8,,,76.0,250.0,26.50670588235294,4.0,Louisiana State,2019.0,2019.0,OAK,137.0,22.0,0.09090909
2023,15,00-0034981,F.Moreau,TE,NO,NYG,0,0,0.0,0,0.0,0.0,0.0,0,0.0,0,5,3,13.0,0,1.3,4.3,,,76.0,250.0,26.50670588235294,4.0,Louisiana State,2019.0,2019.0,OAK,137.0,18.0,0.17857143
2023,16,00-0034981,F.Moreau,TE,NO,LA,0,0,0.0,0,0.0,0.0,0.0,0,0.0,0,2,1,13.0,0,1.3,2.3,,,76.0,250.0,26.50670588235294,4.0,Louisiana State,2019.0,2019.0,OAK,137.0,,0.05
2023,17,00-0034981,F.Moreau,TE,NO,TB,0,0,0.0,0,0.0,0.0,0.0,0,0.0,0,1,1,13.0,0,1.3,2.3,,,76.0,250.0,26.50670588235294,4.0,Louisiana State,2019.0,2019.0,OAK,137.0,,0.029411765
2023,18,00-0034981,F.Moreau,TE,NO,ATL,0,0,0.0,0,0.0,0.0,0.0,0,0.0,0,1,1,3.0,0,0.3,1.3,,,76.0,250.0,26.50670588235294,4.0,Louisiana State,2019.0,2019.0,OAK,137.0,31.0,0.04
2023,2,00-0034983,H.Renfrow,WR,LV,BUF,0,0,0.0,0,0.0,0.0,0.0,0,0.0,0,1,1,23.0,0,2.3,3.3,,,70.0,185.0,27.879764705882355,4.0,Clemson,2019.0,2019.0,OAK,149.0,,0.04347826
2023,3,00-0034983,H.Renfrow,WR,LV,PIT,0,0,0.0,0,0.0,0.0,0.0,0,0.0,0,2,2,17.0,0,1.7,3.7,,,70.0,185.0,27.879764705882355,4.0,Clemson,2019.0,2019.0,OAK,149.0,-5.0,0.045454547
2023,4,00-0034983,H.Renfrow,WR,LV,LAC,0,0,0.0,0,0.0,0.0,0.0,0,0.0,0,4,2,12.0,0,1.2,3.2,,,70.0,185.0,27.879764705882355,4.0,Clemson,2019.0,2019.0,OAK,149.0,,0.10526316
2023,5,00-0034983,H.Renfrow,WR,LV,GB,0,0,0.0,0,0.0,0.0,0.0,0,0.0,0,2,1,7.0,0,0.7,1.7,,,70.0,185.0,27.879764705882355,4.0,Clemson,2019.0,2019.0,OAK,149.0,4.0,0.06896552
2023,7,00-0034983,H.Renfrow,WR,LV,CHI,0,0,0.0,0,0.0,0.0,0.0,0,0.0,0,3,2,14.0,0,1.4,3.4,,,70.0,185.0,27.879764705882355,4.0,Clemson,2019.0,2019.0,OAK,149.0,,0.06666667
2023,8,00-0034983,H.Renfrow,WR,LV,DET,0,0,0.0,0,0.0,0.0,0.0,0,0.0,0,4,2,19.0,0,1.9,3.9,,,70.0,185.0,27.879764705882355,4.0,Clemson,2019.0,2019.0,OAK,149.0,,0.1904762
2023,9,00-0034983,H.Renfrow,WR,LV,NYG,0,0,0.0,0,0.0,0.0,0.0,0,0.0,0,3,2,32.0,0,3.2,5.2,,,70.0,185.0,27.879764705882355,4.0,Clemson,2019.0,2019.0,OAK,149.0,24.0,0.125
2023,10,00-0034983,H.Renfrow,WR,LV,NYJ,0,0,0.0,0,0.0,0.0,0.0,0,0.0,0,1,1,5.0,0,0.5,1.5,,,70.0,185.0,27.879764705882355,4.0,Clemson,2019.0,2019.0,OAK,149.0,4.0,0.04
2023,11,00-0034983,H.Renfrow,WR,LV,MIA,0,0,0.0,0,0.0,0.0,0.0,0,0.0,0,5,5,42.0,0,4.2,9.2,,,70.0,185.0,27.879764705882355,4.0,Clemson,2019.0,2019.0,OAK,149.0,,0.13157895
2023,12,00-0034983,H.Renfrow,WR,LV,KC,0,0,0.0,0,0.0,0.0,0.0,0,0.0,0,4,4,38.0,0,3.8,7.8,,,70.0,185.0,27.879764705882355,4.0,Clemson,2019.0,2019.0,OAK,149.0,-14.0,0.125
2023,14,00-0034983,H.Renfrow,WR,LV,MIN,0,0,0.0,0,0.0,0.0,0.0,0,0.0,0,5,3,46.0,0,2.6,5.6,,,70.0,185.0,27.879764705882355,4.0,Clemson,2019.0,2019.0,OAK,149.0,-3.0,0.1724138
2023,15,00-0034983,H.Renfrow,WR,LV,LAC,0,0,0.0,0,0.0,0.0,0.0,0,0.0,0,2,0,0.0,0,0.0,0.0,,,70.0,185.0,27.879764705882355,4.0,Clemson,2019.0,2019.0,OAK,149.0,42.0,0.05882353
2023,16,00-0034983,H.Renfrow,WR,LV,KC,0,0,0.0,0,0.0,0.0,0.0,0,0.0,0,1,0,0.0,0,0.0,0.0,,,70.0,185.0,27.879764705882355,4.0,Clemson,2019.0,2019.0,OAK,149.0,,0.05263158
2023,15,00-0035045,D.Montgomery,WR,IND,PIT,0,0,0.0,0,0.0,0.0,0.0,0,0.0,0,4,2,48.0,1,10.8,12.8,,,73.0,201.0,26.97264705882353,4.0,Austin Peay,2019.0,2019.0,,,17.0,0.14814815
2023,16,00-0035045,D.Montgomery,WR,IND,ATL,0,0,0.0,0,0.0,0.0,0.0,0,0.0,0,4,1,8.0,0,0.8,1.8,,,73.0,201.0,26.97264705882353,4.0,Austin Peay,2019.0,2019.0,,,,0.114285715
2023,1,00-0035099,K.Blasingame,FB,CHI,GB,0,0,0.0,0,0.0,0.0,0.0,0,0.0,0,1,0,0.0,0,0.0,0.0,,,72.0,233.0,27.350470588235293,4.0,Vanderbilt,2019.0,2019.0,,,-18.0,0.027777778
2023,5,00-0035099,K.Blasingame,FB,CHI,WAS,0,0,0.0,0,0.0,0.0,0.0,8,26.0,0,0,0,0.0,0,2.6,2.6,,,72.0,233.0,27.350470588235293,4.0,Vanderbilt,2019.0,2019.0,,,,
2023,6,00-0035099,K.Blasingame,FB,CHI,MIN,0,0,0.0,0,0.0,0.0,0.0,0,0.0,0,1,1,1.0,0,0.1,1.1,,,72.0,233.0,27.350470588235293,4.0,Vanderbilt,2019.0,2019.0,,,-6.0,0.041666668
2023,7,00-0035099,K.Blasingame,FB,CHI,LV,0,0,0.0,0,0.0,0.0,0.0,0,0.0,0,1,1,4.0,0,0.4,1.4,,,72.0,233.0,27.350470588235293,4.0,Vanderbilt,2019.0,2019.0,,,18.0,0.03448276
2023,8,00-0035099,K.Blasingame,FB,CHI,LAC,0,0,0.0,0,0.0,0.0,0.0,0,0.0,0,1,0,0.0,0,0.0,0.0,,,72.0,233.0,27.350470588235293,4.0,Vanderbilt,2019.0,2019.0,,,,0.027027028
2023,14,00-0035099,K.Blasingame,FB,CHI,DET,0,0,0.0,0,0.0,0.0,0.0,0,0.0,0,1,1,-3.0,0,-0.3,0.7,,,72.0,233.0,27.350470588235293,4.0,Vanderbilt,2019.0,2019.0,,,15.0,0.033333335
2023,17,00-0035099,K.Blasingame,FB,CHI,ATL,0,0,0.0,0,0.0,0.0,0.0,0,0.0,0,1,0,0.0,0,0.0,0.0,,,72.0,233.0,27.350470588235293,4.0,Vanderbilt,2019.0,2019.0,,,20.0,0.033333335
2023,1,00-0035100,J.Browning,QB,CIN,CLE,0,1,0.0,0,0.0,0.0,-0.0,1,-1.0,0,0,0,0.0,0,-0.1,-0.1,,,74.0,209.0,27.579411764705885,4.0,Washington,2019.0,2019.0,,,,
2023,11,00-0035100,J.Browning,QB,CIN,BAL,8,14,68.0,1,0.0,3.0,19.0,4,40.0,0,0,0,0.0,0,10.72,10.72,,,74.0,209.0,27.579411764705885,4.0,Washington,2019.0,2019.0,,,,
2023,12,00-0035100,J.Browning,QB,CIN,PIT,19,26,227.0,1,1.0,4.0,30.0,3,9.0,0,0,0,0.0,0,11.98,11.98,,,74.0,209.0,27.579411764705885,4.0,Washington,2019.0,2019.0,,,-6.0,
2023,13,00-0035100,J.Browning,QB,CIN,JAX,32,37,354.0,1,0.0,2.0,12.0,2,22.0,1,1,1,-7.0,0,25.66,26.66,,,74.0,209.0,27.579411764705885,4.0,Washington,2019.0,2019.0,,,,0.027027028
2023,14,00-0035100,J.Browning,QB,CIN,IND,18,24,275.0,2,1.0,0.0,-0.0,3,7.0,1,0,0,0.0,0,23.7,23.7,,,74.0,209.0,27.579411764705885,4.0,Washington,2019.0,2019.0,,,20.0,
2023,15,00-0035100,J.Browning,QB,CIN,MIN,29,42,324.0,2,1.0,4.0,22.0,4,0.0,0,0,0,0.0,0,18.96,18.96,,,74.0,209.0,27.579411764705885,4.0,Washington,2019.0,2019.0,,,3.0,
2023,16,00-0035100,J.Browning,QB,CIN,PIT,28,42,335.0,1,3.0,3.0,26.0,1,0.0,0,0,0,0.0,0,13.4,13.4,,,74.0,209.0,27.579411764705885,4.0,Washington,2019.0,2019.0,,,,
2023,17,00-0035100,J.Browning,QB,CIN,KC,19,33,197.0,1,0.0,6.0,38.0,7,32.0,1,0,0,0.0,0,21.08,21.08,,,74.0,209.0,27.579411764705885,4.0,Washington,2019.0,2019.0,,,,
2023,18,00-0035100,J.Browning,QB,CIN,CLE,18,24,156.0,3,1.0,2.0,22.0,2,18.0,0,0,0,0.0,0,18.04,18.04,,,74.0,209.0,27.579411764705885,4.0,Washington,2019.0,2019.0,,,17.0,
2023,17,00-0035120,K.Doss,WR,LAC,DEN,0,0,0.0,0,0.0,0.0,0.0,0,0.0,0,8,5,25.0,0,2.5,7.5,,,75.0,215.0,27.639294117647058,4.0,California-Davis,2019.0,2019.0,,,,0.21621622
2023,18,00-0035120,K.Doss,WR,LAC,KC,0,0,0.0,0,0.0,0.0,0.0,0,0.0,0,5,1,8.0,0,0.8,1.8,,,75.0,215.0,27.639294117647058,4.0,California-Davis,2019.0,2019.0,,,-1.0,0.11111111
2023,1,00-0035125,A.Ingold,FB,MIA,LAC,0,0,0.0,0,0.0,0.0,0.0,0,0.0,0,2,2,34.0,0,3.4,5.4,,,73.0,242.0,27.34261111111111,4.0,Wisconsin,2019.0,2019.0,,,,0.045454547
2023,3,00-0035125,A.Ingold,FB,MIA,DEN,0,0,0.0,0,0.0,0.0,0.0,2,0.0,0,0,0,0.0,0,0.0,0.0,,,73.0,242.0,27.34261111111111,4.0,Wisconsin,2019.0,2019.0,,,50.0,
2023,4,00-0035125,A.Ingold,FB,MIA,BUF,0,0,0.0,0,0.0,0.0,0.0,0,0.0,0,1,1,23.0,0,2.3,3.3,,,73.0,242.0,27.34261111111111,4.0,Wisconsin,2019.0,2019.0,,,,0.029411765
2023,8,00-0035125,A.Ingold,FB,MIA,NE,0,0,0.0,0,0.0,0.0,0.0,0,0.0,0,2,1,5.0,0,0.5,1.5,,,73.0,242.0,27.34261111111111,4.0,Wisconsin,2019.0,2019.0,,,14.0,0.045454547
2023,9,00-0035125,A.Ingold,FB,MIA,KC,0,0,0.0,0,0.0,0.0,0.0,0,0.0,0,1,1,1.0,0,0.1,1.1,,,73.0,242.0,27.34261111111111,4.0,Wisconsin,2019.0,2019.0,,,,0.030303031
2023,11,00-0035125,A.Ingold,FB,MIA,LV,0,0,0.0,0,0.0,0.0,0.0,0,0.0,0,4,3,16.0,0,1.6,4.6,,,73.0,242.0,27.34261111111111,4.0,Wisconsin,2019.0,2019.0,,,7.0,0.11111111
2023,13,00-0035125,A.Ingold,FB,MIA,WAS,0,0,0.0,0,0.0,0.0,0.0,0,0.0,0,1,1,-3.0,0,-0.3,0.7,,,73.0,242.0,27.34261111111111,4.0,Wisconsin,2019.0,2019.0,,,,0.04
2023,14,00-0035125,A.Ingold,FB,MIA,TEN,0,0,0.0,0,0.0,0.0,0.0,0,0.0,0,1,1,13.0,0,1.3,2.3,,,73.0,242.0,27.34261111111111,4.0,Wisconsin,2019.0,2019.0,,,-1.0,0.030303031
2023,16,00-0035125,A.Ingold,FB,MIA,DAL,0,0,0.0,0,0.0,0.0,0.0,0,0.0,0,2,2,12.0,0,1.2,3.2,,,73.0,242.0,27.34261111111111,4.0,Wisconsin,2019.0,2019.0,,,2.0,0.055555556
2023,17,00-0035125,A.Ingold,FB,MIA,BAL,0,0,0.0,0,0.0,0.0,0.0,0,0.0,0,2,1,18.0,0,1.8,2.8,,,73.0,242.0,27.34261111111111,4.0,Wisconsin,2019.0,2019.0,,,,0.055555556
2023,3,00-0035133,K.Nixon,CB,GB,NO,0,0,0.0,0,0.0,0.0,0.0,1,11.0,0,0,0,0.0,0,1.1,1.1,,,70.0,200.0,26.40357894736842,4.0,South Carolina,2019.0,2019.0,,,1.0,
2023,2,00-0035140,M.Hardman,WR,NYJ,DAL,0,0,0.0,0,0.0,0.0,0.0,0,0.0,0,1,1,6.0,0,0.6,1.6,,,70.0,187.0,25.701380952380955,4.0,Georgia,2019.0,2019.0,KC,56.0,,0.04
2023,6,00-0035140,M.Hardman,WR,NYJ,PHI,0,0,0.0,0,0.0,0.0,0.0,0,0.0,0,2,0,0.0,0,0.0,0.0,,,70.0,187.0,25.701380952380955,4.0,Georgia,2019.0,2019.0,KC,56.0,6.0,0.060606062
2023,7,00-0035140,M.Hardman,WR,KC,LAC,0,0,0.0,0,0.0,0.0,0.0,0,0.0,0,3,1,6.0,0,0.6,1.6,,,70.0,187.0,25.701380952380955,4.0,Georgia,2019.0,2019.0,KC,56.0,14.0,0.075
2023,8,00-0035140,M.Hardman,WR,KC,DEN,0,0,0.0,0,0.0,0.0,0.0,1,3.0,0,2,2,13.0,0,1.6,3.6,,,70.0,187.0,25.701380952380955,4.0,Georgia,2019.0,2019.0,KC,56.0,,0.054054055
2023,9,00-0035140,M.Hardman,WR,KC,MIA,0,0,0.0,0,0.0,0.0,0.0,0,0.0,0,3,3,10.0,0,1.0,4.0,,,70.0,187.0,25.701380952380955,4.0,Georgia,2019.0,2019.0,KC,56.0,7.0,0.10714286
2023,11,00-0035140,M.Hardman,WR,KC,PHI,0,0,0.0,0,0.0,0.0,0.0,0,0.0,0,2,2,12.0,0,1.2,3.2,,,70.0,187.0,25.701380952380955,4.0,Georgia,2019.0,2019.0,KC,56.0,-4.0,0.051282052
2023,18,00-0035140,M.Hardman,WR,KC,LAC,0,0,0.0,0,0.0,0.0,0.0,0,0.0,0,11,6,77.0,0,7.7,13.7,,,70.0,187.0,25.701380952380955,4.0,Georgia,2019.0,2019.0,KC,56.0,,0.37931034
2023,19,00-0035140,M.Hardman,WR,KC,MIA,0,0,0.0,0,0.0,0.0,0.0,1,-4.0,0,3,1,3.0,0,-0.1,0.9,,,70.0,187.0,25.701380952380955,4.0,Georgia,2019.0,2019.0,KC,56.0,19.0,0.0882353
2023,20,00-0035140,M.Hardman,WR,KC,BUF,0,0,0.0,0,0.0,0.0,0.0,1,-1.0,0,1,1,2.0,0,0.1,1.1,,,70.0,187.0,25.701380952380955,4.0,Georgia,2019.0,2019.0,KC,56.0,,0.04761905
2023,22,00-0035140,M.Hardman,WR,KC,SF,0,0,0.0,0,0.0,0.0,0.0,0,0.0,0,3,3,57.0,1,11.7,14.7,,,70.0,187.0,25.701380952380955,4.0,Georgia,2019.0,2019.0,KC,56.0,3.0,0.071428575
2023,4,00-0035164,C.Thompson,WR,SEA,NYG,0,0,0.0,0,0.0,0.0,0.0,0,0.0,0,1,1,10.0,0,1.0,2.0,,,74.0,205.0,27.830529411764708,4.0,Toledo,2019.0,2019.0,,,,0.03846154
2023,6,00-0035184,D.Ozigbo,RB,DET,TB,0,0,0.0,0,0.0,0.0,0.0,3,5.0,0,1,1,8.0,0,1.3,2.3,,,74.0,225.0,27.04725,4.0,Nebraska,2019.0,2019.0,,,,0.024390243
2023,3,00-0035208,O.Zaccheaus,WR,PHI,TB,0,0,0.0,0,0.0,0.0,0.0,0,0.0,0,3,2,58.0,1,11.8,13.8,,,68.0,193.0,26.30561111111111,4.0,Virginia,2019.0,2019.0,,,,0.08571429
2023,4,00-0035208,O.Zaccheaus,WR,PHI,WAS,0,0,0.0,0,0.0,0.0,0.0,0,0.0,0,2,1,11.0,0,1.1,2.1,,,68.0,193.0,26.30561111111111,4.0,Virginia,2019.0,2019.0,,,3.0,0.05882353
2023,6,00-0035208,O.Zaccheaus,WR,PHI,NYJ,0,0,0.0,0,0.0,0.0,0.0,0,0.0,0,2,1,5.0,0,0.5,1.5,,,68.0,193.0,26.30561111111111,4.0,Virginia,2019.0,2019.0,,,,0.046511628
2023,7,00-0035208,O.Zaccheaus,WR,PHI,MIA,0,0,0.0,0,0.0,0.0,0.0,0,0.0,0,1,0,0.0,0,0.0,0.0,,,68.0,193.0,26.30561111111111,4.0,Virginia,2019.0,2019.0,,,14.0,0.033333335
2023,8,00-0035208,O.Zaccheaus,WR,PHI,WAS,0,0,0.0,0,0.0,0.0,0.0,0,0.0,0,2,1,5.0,0,0.5,1.5,,,68.0,193.0,26.30561111111111,4.0,Virginia,2019.0,2019.0,,,,0.057142857
2023,9,00-0035208,O.Zaccheaus,WR,PHI,DAL,0,0,0.0,0,0.0,0.0,0.0,0,0.0,0,2,1,8.0,0,0.8,1.8,,,68.0,193.0,26.30561111111111,4.0,Virginia,2019.0,2019.0,,,5.0,0.0952381
2023,11,00-0035208,O.Zaccheaus,WR,PHI,KC,0,0,0.0,0,0.0,0.0,0.0,0,0.0,0,1,0,0.0,0,0.0,0.0,,,68.0,193.0,26.30561111111111,4.0,Virginia,2019.0,2019.0,,,,0.04761905
2023,12,00-0035208,O.Zaccheaus,WR,PHI,BUF,0,0,0.0,0,0.0,0.0,0.0,0,0.0,0,1,1,29.0,1,8.9,9.9,,,68.0,193.0,26.30561111111111,4.0,Virginia,2019.0,2019.0,,,3.0,0.035714287
2023,14,00-0035208,O.Zaccheaus,WR,PHI,DAL,0,0,0.0,0,0.0,0.0,0.0,0,0.0,0,1,1,28.0,0,2.8,3.8,,,68.0,193.0,26.30561111111111,4.0,Virginia,2019.0,2019.0,,,,0.035714287
2023,16,00-0035208,O.Zaccheaus,WR,PHI,NYG,0,0,0.0,0,0.0,0.0,0.0,0,0.0,0,1,0,0.0,0,0.0,0.0,,,68.0,193.0,26.30561111111111,4.0,Virginia,2019.0,2019.0,,,8.0,0.027777778
2023,18,00-0035208,O.Zaccheaus,WR,PHI,NYG,0,0,0.0,0,0.0,0.0,0.0,0,0.0,0,4,2,20.0,0,2.0,4.0,,,68.0,193.0,26.30561111111111,4.0,Virginia,2019.0,2019.0,,,,0.121212125
2023,19,00-0035208,O.Zaccheaus,WR,PHI,TB,0,0,0.0,0,0.0,0.0,0.0,0,0.0,0,1,1,5.0,0,0.5,1.5,,,68.0,193.0,26.30561111111111,4.0,Virginia,2019.0,2019.0,,,,0.03125
2023,1,00-0035215,D.Harty,WR,BUF,NYJ,0,0,0.0,0,0.0,0.0,0.0,1,4.0,0,4,3,9.0,0,1.3,4.3,,,66.0,170.0,25.945421052631577,4.0,Assumption,2019.0,2019.0,,,,0.102564104
2023,2,00-0035215,D.Harty,WR,BUF,LV,0,0,0.0,0,0.0,0.0,0.0,0,0.0,0,3,2,4.0,0,0.4,2.4,,,66.0,170.0,25.945421052631577,4.0,Assumption,2019.0,2019.0,,,28.0,0.083333336
2023,3,00-0035215,D.Harty,WR,BUF,WAS,0,0,0.0,0,0.0,0.0,0.0,2,-2.0,0,3,2,15.0,0,1.3,3.3,,,66.0,170.0,25.945421052631577,4.0,Assumption,2019.0,2019.0,,,,0.09375
2023,4,00-0035215,D.Harty,WR,BUF,MIA,0,0,0.0,0,0.0,0.0,0.0,0,0.0,0,2,2,10.0,0,1.0,3.0,,,66.0,170.0,25.945421052631577,4.0,Assumption,2019.0,2019.0,,,28.0,0.08
2023,5,00-0035215,D.Harty,WR,BUF,JAX,0,0,0.0,0,0.0,0.0,0.0,0,0.0,0,2,2,62.0,0,6.2,8.2,,,66.0,170.0,25.945421052631577,4.0,Assumption,2019.0,2019.0,,,-5.0,0.055555556
2023,6,00-0035215,D.Harty,WR,BUF,NYG,0,0,0.0,0,0.0,0.0,0.0,0,0.0,0,1,1,3.0,1,6.3,7.3,,,66.0,170.0,25.945421052631577,4.0,Assumption,2019.0,2019.0,,,5.0,0.03448276
2023,7,00-0035215,D.Harty,WR,BUF,NE,0,0,0.0,0,0.0,0.0,0.0,0,0.0,0,1,1,10.0,0,1.0,2.0,,,66.0,170.0,25.945421052631577,4.0,Assumption,2019.0,2019.0,,,,0.025641026
2023,9,00-0035215,D.Harty,WR,BUF,CIN,0,0,0.0,0,0.0,0.0,0.0,0,0.0,0,1,0,0.0,0,0.0,0.0,,,66.0,170.0,25.945421052631577,4.0,Assumption,2019.0,2019.0,,,,0.03125
2023,10,00-0035215,D.Harty,WR,BUF,DEN,0,0,0.0,0,0.0,0.0,0.0,0,0.0,0,1,0,0.0,0,0.0,0.0,,,66.0,170.0,25.945421052631577,4.0,Assumption,2019.0,2019.0,,,-2.0,0.04
2023,11,00-0035215,D.Harty,WR,BUF,NYJ,0,0,0.0,0,0.0,0.0,0.0,1,-2.0,0,1,0,0.0,0,-0.2,-0.2,,,66.0,170.0,25.945421052631577,4.0,Assumption,2019.0,2019.0,,,26.0,0.03448276
2023,14,00-0035215,D.Harty,WR,BUF,KC,0,0,0.0,0,0.0,0.0,0.0,0,0.0,0,1,1,25.0,0,2.5,3.5,,,66.0,170.0,25.945421052631577,4.0,Assumption,2019.0,2019.0,,,,0.027777778
2023,18,00-0035215,D.Harty,WR,BUF,MIA,0,0,0.0,0,0.0,0.0,0.0,0,0.0,0,1,1,12.0,0,7.2,8.2,,,66.0,170.0,25.945421052631577,4.0,Assumption,2019.0,2019.0,,,,0.027027028
2023,19,00-0035215,D.Harty,WR,BUF,PIT,0,0,0.0,0,0.0,0.0,0.0,0,0.0,0,1,1,34.0,0,3.4,4.4,,,66.0,170.0,25.945421052631577,4.0,Assumption,2019.0,2019.0,,,14.0,0.033333335
2023,20,00-0035215,D.Harty,WR,BUF,KC,0,0,0.0,0,0.0,0.0,0.0,0,0.0,0,1,1,3.0,0,0.3,1.3,,,66.0,170.0,25.945421052631577,4.0,Assumption,2019.0,2019.0,,,-3.0,0.027027028
2023,1,00-0035216,D.Johnson,WR,PIT,SF,0,0,0.0,0,0.0,0.0,0.0,0,0.0,0,6,3,48.0,0,4.8,7.8,,,70.0,181.0,27.356944444444444,4.0,Toledo,2019.0,2019.0,PIT,66.0,-23.0,0.13333334
2023,7,00-0035216,D.Johnson,WR,PIT,LA,0,0,0.0,0,0.0,0.0,0.0,0,0.0,0,6,5,79.0,0,7.9,12.9,,,70.0,181.0,27.356944444444444,4.0,Toledo,2019.0,2019.0,PIT,66.0,,0.26086956
2023,8,00-0035216,D.Johnson,WR,PIT,JAX,0,0,0.0,0,0.0,0.0,0.0,0,0.0,0,14,8,85.0,0,8.5,16.5,,,70.0,181.0,27.356944444444444,4.0,Toledo,2019.0,2019.0,PIT,66.0,-10.0,0.35
2023,9,00-0035216,D.Johnson,WR,PIT,TEN,0,0,0.0,0,0.0,0.0,0.0,0,0.0,0,9,7,90.0,1,15.0,22.0,,,70.0,181.0,27.356944444444444,4.0,Toledo,2019.0,2019.0,PIT,66.0,4.0,0.31034482
2023,10,00-0035216,D.Johnson,WR,PIT,GB,0,0,0.0,0,0.0,0.0,0.0,0,0.0,0,4,1,17.0,0,1.7,2.7,,,70.0,181.0,27.356944444444444,4.0,Toledo,2019.0,2019.0,PIT,66.0,4.0,0.18181819
2023,11,00-0035216,D.Johnson,WR,PIT,CLE,0,0,0.0,0,0.0,0.0,0.0,0,0.0,0,8,2,16.0,0,1.6,3.6,,,70.0,181.0,27.356944444444444,4.0,Toledo,2019.0,2019.0,PIT,66.0,,0.32
2023,12,00-0035216,D.Johnson,WR,PIT,CIN,0,0,0.0,0,0.0,0.0,0.0,0,0.0,0,8,4,50.0,0,5.0,9.0,,,70.0,181.0,27.356944444444444,4.0,Toledo,2019.0,2019.0,PIT,66.0,,0.25
2023,13,00-0035216,D.Johnson,WR,PIT,ARI,0,0,0.0,0,0.0,0.0,0.0,0,0.0,0,5,4,33.0,1,9.3,13.3,,,70.0,181.0,27.356944444444444,4.0,Toledo,2019.0,2019.0,PIT,66.0,-14.0,0.18518518
2023,14,00-0035216,D.Johnson,WR,PIT,NE,0,0,0.0,0,0.0,0.0,0.0,0,0.0,0,7,3,57.0,1,11.7,14.7,,,70.0,181.0,27.356944444444444,4.0,Toledo,2019.0,2019.0,PIT,66.0,-3.0,0.2
2023,15,00-0035216,D.Johnson,WR,PIT,IND,0,0,0.0,0,0.0,0.0,0.0,0,0.0,0,6,4,62.0,1,12.2,16.2,,,70.0,181.0,27.356944444444444,4.0,Toledo,2019.0,2019.0,PIT,66.0,,0.23076923
2023,16,00-0035216,D.Johnson,WR,PIT,CIN,0,0,0.0,0,0.0,0.0,0.0,0,0.0,0,5,2,15.0,0,1.5,3.5,,,70.0,181.0,27.356944444444444,4.0,Toledo,2019.0,2019.0,PIT,66.0,23.0,0.2
2023,17,00-0035216,D.Johnson,WR,PIT,SEA,0,0,0.0,0,0.0,0.0,0.0,0,0.0,0,4,4,76.0,0,7.6,11.6,,,70.0,181.0,27.356944444444444,4.0,Toledo,2019.0,2019.0,PIT,66.0,,0.1904762
2023,18,00-0035216,D.Johnson,WR,PIT,BAL,0,0,0.0,0,0.0,0.0,0.0,0,0.0,0,5,4,89.0,1,14.9,18.9,,,70.0,181.0,27.356944444444444,4.0,Toledo,2019.0,2019.0,PIT,66.0,,0.25
2023,19,00-0035216,D.Johnson,WR,PIT,BUF,0,0,0.0,0,0.0,0.0,0.0,0,0.0,0,7,4,48.0,1,10.8,14.8,,,70.0,181.0,27.356944444444444,4.0,Toledo,2019.0,2019.0,PIT,66.0,,0.18421052
2023,10,00-0035228,K.Murray,QB,ARI,ATL,19,32,249.0,0,1.0,2.0,19.0,6,33.0,1,0,0,0.0,0,17.26,17.26,,,70.0,207.0,26.249588235294116,4.0,Oklahoma,2019.0,2019.0,ARI,1.0,2.0,
2023,11,00-0035228,K.Murray,QB,ARI,HOU,20,30,214.0,1,1.0,3.0,18.0,7,51.0,1,0,0,0.0,0,21.66,21.66,,,70.0,207.0,26.249588235294116,4.0,Oklahoma,2019.0,2019.0,ARI,1.0,,
2023,12,00-0035228,K.Murray,QB,ARI,LA,27,45,256.0,1,0.0,4.0,37.0,1,2.0,1,0,0,0.0,0,20.44,20.44,,,70.0,207.0,26.249588235294116,4.0,Oklahoma,2019.0,2019.0,ARI,1.0,-23.0,
2023,13,00-0035228,K.Murray,QB,ARI,PIT,13,23,145.0,1,0.0,2.0,13.0,9,20.0,0,0,0,0.0,0,11.8,11.8,,,70.0,207.0,26.249588235294116,4.0,Oklahoma,2019.0,2019.0,ARI,1.0,,
2023,15,00-0035228,K.Murray,QB,ARI,SF,26,39,211.0,1,2.0,3.0,9.0,6,49.0,0,0,0,0.0,0,13.34,13.34,,,70.0,207.0,26.249588235294116,4.0,Oklahoma,2019.0,2019.0,ARI,1.0,-16.0,
2023,16,00-0035228,K.Murray,QB,ARI,CHI,24,38,230.0,2,0.0,2.0,17.0,5,32.0,0,0,0,0.0,0,20.4,20.4,,,70.0,207.0,26.249588235294116,4.0,Oklahoma,2019.0,2019.0,ARI,1.0,,
2023,17,00-0035228,K.Murray,QB,ARI,PHI,25,31,232.0,3,1.0,1.0,4.0,5,24.0,0,0,0,0.0,0,23.68,23.68,,,70.0,207.0,26.249588235294116,4.0,Oklahoma,2019.0,2019.0,ARI,1.0,,
2023,18,00-0035228,K.Murray,QB,ARI,SEA,22,30,262.0,1,0.0,1.0,2.0,5,33.0,0,0,0,0.0,0,17.78,17.78,,,70.0,207.0,26.249588235294116,4.0,Oklahoma,2019.0,2019.0,ARI,1.0,-1.0,
2023,1,00-0035229,T.Hockenson,TE,MIN,TB,0,0,0.0,0,0.0,0.0,0.0,0,0.0,0,9,8,35.0,0,3.5,11.5,,,77.0,248.0,26.346117647058826,4.0,Iowa,2019.0,2019.0,DET,8.0,-3.0,0.20454545
2023,2,00-0035229,T.Hockenson,TE,MIN,PHI,0,0,0.0,0,0.0,0.0,0.0,0,0.0,0,8,7,66.0,2,18.6,25.6,,,77.0,248.0,26.346117647058826,4.0,Iowa,2019.0,2019.0,DET,8.0,,0.18604651
2023,3,00-0035229,T.Hockenson,TE,MIN,LAC,0,0,0.0,0,0.0,0.0,0.0,0,0.0,0,11,8,78.0,0,5.8,13.8,,,77.0,248.0,26.346117647058826,4.0,Iowa,2019.0,2019.0,DET,8.0,-4.0,0.22916667
2023,4,00-0035229,T.Hockenson,TE,MIN,CAR,0,0,0.0,0,0.0,0.0,0.0,0,0.0,0,3,2,24.0,0,2.4,4.4,,,77.0,248.0,26.346117647058826,4.0,Iowa,2019.0,2019.0,DET,8.0,,0.16666667
2023,5,00-0035229,T.Hockenson,TE,MIN,KC,0,0,0.0,0,0.0,0.0,0.0,0,0.0,0,8,5,51.0,0,5.1,10.1,,,77.0,248.0,26.346117647058826,4.0,Iowa,2019.0,2019.0,DET,8.0,-7.0,0.17391305
2023,6,00-0035229,T.Hockenson,TE,MIN,CHI,0,0,0.0,0,0.0,0.0,0.0,0,0.0,0,8,6,50.0,0,5.0,11.0,,,77.0,248.0,26.346117647058826,4.0,Iowa,2019.0,2019.0,DET,8.0,,0.26666668
2023,7,00-0035229,T.Hockenson,TE,MIN,SF,0,0,0.0,0,0.0,0.0,0.0,0,0.0,0,12,11,86.0,0,8.6,19.6,,,77.0,248.0,26.346117647058826,4.0,Iowa,2019.0,2019.0,DET,8.0,5.0,0.27906978
2023,8,00-0035229,T.Hockenson,TE,MIN,GB,0,0,0.0,0,0.0,0.0,0.0,0,0.0,0,9,6,88.0,1,14.8,20.8,,,77.0,248.0,26.346117647058826,4.0,Iowa,2019.0,2019.0,DET,8.0,,0.2647059
2023,9,00-0035229,T.Hockenson,TE,MIN,ATL,0,0,0.0,0,0.0,0.0,0.0,0,0.0,0,12,7,69.0,0,6.9,13.9,,,77.0,248.0,26.346117647058826,4.0,Iowa,2019.0,2019.0,DET,8.0,,0.34285715
2023,10,00-0035229,T.Hockenson,TE,MIN,NO,0,0,0.0,0,0.0,0.0,0.0,0,0.0,0,15,11,134.0,1,19.4,30.4,,,77.0,248.0,26.346117647058826,4.0,Iowa,2019.0,2019.0,DET,8.0,8.0,0.46875
2023,11,00-0035229,T.Hockenson,TE,MIN,DEN,0,0,0.0,0,0.0,0.0,0.0,0,0.0,0,7,4,55.0,0,5.5,9.5,,,77.0,248.0,26.346117647058826,4.0,Iowa,2019.0,2019.0,DET,8.0,,0.2413793
2023,12,00-0035229,T.Hockenson,TE,MIN,CHI,0,0,0.0,0,0.0,0.0,0.0,0,0.0,0,6,5,50.0,1,11.0,16.0,,,77.0,248.0,26.346117647058826,4.0,Iowa,2019.0,2019.0,DET,8.0,-2.0,0.2
2023,14,00-0035229,T.Hockenson,TE,MIN,LV,0,0,0.0,0,0.0,0.0,0.0,0,0.0,0,8,5,53.0,0,5.3,10.3,,,77.0,248.0,26.346117647058826,4.0,Iowa,2019.0,2019.0,DET,8.0,,0.24242425
2023,15,00-0035229,T.Hockenson,TE,MIN,CIN,0,0,0.0,0,0.0,0.0,0.0,0,0.0,0,7,6,63.0,0,6.3,12.3,,,77.0,248.0,26.346117647058826,4.0,Iowa,2019.0,2019.0,DET,8.0,,0.21875
2023,16,00-0035229,T.Hockenson,TE,MIN,DET,0,0,0.0,0,0.0,0.0,0.0,0,0.0,0,4,4,58.0,0,5.8,9.8,,,77.0,248.0,26.346117647058826,4.0,Iowa,2019.0,2019.0,DET,8.0,-6.0,0.114285715
2023,1,00-0035243,M.Sanders,RB,CAR,ATL,0,0,0.0,0,0.0,0.0,0.0,18,72.0,0,6,4,26.0,0,7.8,11.8,,,71.0,211.0,26.525470588235294,4.0,Penn State,2019.0,2019.0,PHI,53.0,,0.19354838
2023,2,00-0035243,M.Sanders,RB,CAR,NO,0,0,0.0,0,0.0,0.0,0.0,14,43.0,0,5,3,4.0,0,4.7,7.7,,,71.0,211.0,26.525470588235294,4.0,Penn State,2019.0,2019.0,PHI,53.0,-3.0,0.16129032
2023,3,00-0035243,M.Sanders,RB,CAR,SEA,0,0,0.0,0,0.0,0.0,0.0,9,24.0,1,9,5,38.0,0,12.2,17.2,,,71.0,211.0,26.525470588235294,4.0,Penn State,2019.0,2019.0,PHI,53.0,,0.15789473
2023,4,00-0035243,M.Sanders,RB,CAR,MIN,0,0,0.0,0,0.0,0.0,0.0,13,19.0,0,3,3,13.0,0,3.2,6.2,,,71.0,211.0,26.525470588235294,4.0,Penn State,2019.0,2019.0,PHI,53.0,-8.0,0.09677419
2023,5,00-0035243,M.Sanders,RB,CAR,DET,0,0,0.0,0,0.0,0.0,0.0,7,32.0,0,1,0,0.0,0,1.2,1.2,,,71.0,211.0,26.525470588235294,4.0,Penn State,2019.0,2019.0,PHI,53.0,,0.028571429
2023,8,00-0035243,M.Sanders,RB,CAR,HOU,0,0,0.0,0,0.0,0.0,0.0,2,0.0,0,0,0,0.0,0,0.0,0.0,,,71.0,211.0,26.525470588235294,4.0,Penn State,2019.0,2019.0,PHI,53.0,2.0,
2023,9,00-0035243,M.Sanders,RB,CAR,IND,0,0,0.0,0,0.0,0.0,0.0,6,39.0,0,5,3,22.0,0,6.1,9.1,,,71.0,211.0,26.525470588235294,4.0,Penn State,2019.0,2019.0,PHI,53.0,-14.0,0.13513513
2023,10,00-0035243,M.Sanders,RB,CAR,CHI,0,0,0.0,0,0.0,0.0,0.0,2,-5.0,0,2,2,15.0,0,1.0,3.0,,,71.0,211.0,26.525470588235294,4.0,Penn State,2019.0,2019.0,PHI,53.0,,0.05882353
2023,11,00-0035243,M.Sanders,RB,CAR,DAL,0,0,0.0,0,0.0,0.0,0.0,11,50.0,0,1,1,2.0,0,5.2,6.2,,,71.0,211.0,26.525470588235294,4.0,Penn State,2019.0,2019.0,PHI,53.0,-23.0,0.03846154
2023,12,00-0035243,M.Sanders,RB,CAR,TEN,0,0,0.0,0,0.0,0.0,0.0,15,28.0,0,1,0,0.0,0,2.8,2.8,,,71.0,211.0,26.525470588235294,4.0,Penn State,2019.0,2019.0,PHI,53.0,,0.041666668
2023,13,00-0035243,M.Sanders,RB,CAR,TB,0,0,0.0,0,0.0,0.0,0.0,8,23.0,0,2,1,6.0,0,2.9,3.9,,,71.0,211.0,26.525470588235294,4.0,Penn State,2019.0,2019.0,PHI,53.0,,0.07692308
2023,14,00-0035243,M.Sanders,RB,CAR,NO,0,0,0.0,0,0.0,0.0,0.0,10,74.0,0,0,0,0.0,0,7.4,7.4,,,71.0,211.0,26.525470588235294,4.0,Penn State,2019.0,2019.0,PHI,53.0,,
2023,15,00-0035243,M.Sanders,RB,CAR,ATL,0,0,0.0,0,0.0,0.0,0.0,6,2.0,0,2,2,11.0,0,1.3,3.3,,,71.0,211.0,26.525470588235294,4.0,Penn State,2019.0,2019.0,PHI,53.0,2.0,0.08695652
2023,16,00-0035243,M.Sanders,RB,CAR,GB,0,0,0.0,0,0.0,0.0,0.0,3,3.0,0,2,1,5.0,0,0.8,1.8,,,71.0,211.0,26.525470588235294,4.0,Penn State,2019.0,2019.0,PHI,53.0,-3.0,0.0625
2023,17,00-0035243,M.Sanders,RB,CAR,JAX,0,0,0.0,0,0.0,0.0,0.0,2,10.0,0,2,2,12.0,0,2.2,4.2,,,71.0,211.0,26.525470588235294,4.0,Penn State,2019.0,2019.0,PHI,53.0,,0.06451613
2023,18,00-0035243,M.Sanders,RB,CAR,TB,0,0,0.0,0,0.0,0.0,0.0,3,18.0,0,0,0,0.0,0,1.8,1.8,,,71.0,211.0,26.525470588235294,4.0,Penn State,2019.0,2019.0,PHI,53.0,-9.0,
2023,1,00-0035249,J.Oliver,TE,MIN,TB,0,0,0.0,0,0.0,0.0,0.0,0,0.0,0,3,3,32.0,0,3.2,6.2,,,77.0,250.0,26.63094117647059,4.0,San Jose State,2019.0,2019.0,JAX,69.0,-3.0,0.06818182
2023,2,00-0035249,J.Oliver,TE,MIN,PHI,0,0,0.0,0,0.0,0.0,0.0,0,0.0,0,3,2,13.0,0,1.3,3.3,,,77.0,250.0,26.63094117647059,4.0,San Jose State,2019.0,2019.0,JAX,69.0,,0.069767445
2023,3,00-0035249,J.Oliver,TE,MIN,LAC,0,0,0.0,0,0.0,0.0,0.0,0,0.0,0,2,2,4.0,1,6.4,8.4,,,77.0,250.0,26.63094117647059,4.0,San Jose State,2019.0,2019.0,JAX,69.0,-4.0,0.041666668
2023,5,00-0035249,J.Oliver,TE,MIN,KC,0,0,0.0,0,0.0,0.0,0.0,0,0.0,0,2,1,15.0,0,-0.5,0.5,,,77.0,250.0,26.63094117647059,4.0,San Jose State,2019.0,2019.0,JAX,69.0,-7.0,0.04347826
2023,7,00-0035249,J.Oliver,TE,MIN,SF,0,0,0.0,0,0.0,0.0,0.0,0,0.0,0,2,2,6.0,0,0.6,2.6,,,77.0,250.0,26.63094117647059,4.0,San Jose State,2019.0,2019.0,JAX,69.0,5.0,0.046511628
2023,9,00-0035249,J.Oliver,TE,MIN,ATL,0,0,0.0,0,0.0,0.0,0.0,0,0.0,0,2,2,1.0,0,0.1,2.1,,,77.0,250.0,26.63094117647059,4.0,San Jose State,2019.0,2019.0,JAX,69.0,,0.057142857
2023,11,00-0035249,J.Oliver,TE,MIN,DEN,0,0,0.0,0,0.0,0.0,0.0,0,0.0,0,4,4,47.0,1,10.7,14.7,,,77.0,250.0,26.63094117647059,4.0,San Jose State,2019.0,2019.0,JAX,69.0,,0.13793103
2023,14,00-0035249,J.Oliver,TE,MIN,LV,0,0,0.0,0,0.0,0.0,0.0,0,0.0,0,1,0,0.0,0,0.0,0.0,,,77.0,250.0,26.63094117647059,4.0,San Jose State,2019.0,2019.0,JAX,69.0,,0.030303031
2023,15,00-0035249,J.Oliver,TE,MIN,CIN,0,0,0.0,0,0.0,0.0,0.0,0,0.0,0,2,2,14.0,0,1.4,3.4,,,77.0,250.0,26.63094117647059,4.0,San Jose State,2019.0,2019.0,JAX,69.0,,0.0625
2023,16,00-0035249,J.Oliver,TE,MIN,DET,0,0,0.0,0,0.0,0.0,0.0,0,0.0,0,2,1,33.0,0,3.3,4.3,,,77.0,250.0,26.63094117647059,4.0,San Jose State,2019.0,2019.0,JAX,69.0,-6.0,0.057142857
2023,17,00-0035249,J.Oliver,TE,MIN,GB,0,0,0.0,0,0.0,0.0,0.0,0,0.0,0,2,1,17.0,0,1.7,2.7,,,77.0,250.0,26.63094117647059,4.0,San Jose State,2019.0,2019.0,JAX,69.0,-23.0,0.06451613
2023,18,00-0035249,J.Oliver,TE,MIN,DET,0,0,0.0,0,0.0,0.0,0.0,0,0.0,0,3,2,31.0,0,3.1,5.1,,,77.0,250.0,26.63094117647059,4.0,San Jose State,2019.0,2019.0,JAX,69.0,,0.069767445
2023,1,00-0035250,D.Singletary,RB,HOU,BAL,0,0,0.0,0,0.0,0.0,0.0,7,15.0,0,0,0,0.0,0,1.5,1.5,,,67.0,203.0,26.202894736842108,4.0,Florida Atlantic,2019.0,2019.0,BUF,74.0,,
2023,2,00-0035250,D.Singletary,RB,HOU,IND,0,0,0.0,0,0.0,0.0,0.0,4,14.0,0,1,1,10.0,0,2.4,3.4,,,67.0,203.0,26.202894736842108,4.0,Florida Atlantic,2019.0,2019.0,BUF,74.0,-11.0,0.023255814
2023,3,00-0035250,D.Singletary,RB,HOU,JAX,0,0,0.0,0,0.0,0.0,0.0,9,41.0,0,2,2,4.0,0,4.5,6.5,,,67.0,203.0,26.202894736842108,4.0,Florida Atlantic,2019.0,2019.0,BUF,74.0,,0.06896552
2023,4,00-0035250,D.Singletary,RB,HOU,PIT,1,1,6.0,1,0.0,0.0,-0.0,7,25.0,0,1,1,11.0,0,7.84,8.84,,,67.0,203.0,26.202894736842108,4.0,Florida Atlantic,2019.0,2019.0,BUF,74.0,24.0,0.037037037
2023,5,00-0035250,D.Singletary,RB,HOU,ATL,0,0,0.0,0,0.0,0.0,0.0,0,0.0,0,1,0,0.0,0,0.0,0.0,,,67.0,203.0,26.202894736842108,4.0,Florida Atlantic,2019.0,2019.0,BUF,74.0,,0.03125
2023,6,00-0035250,D.Singletary,RB,HOU,NO,0,0,0.0,0,0.0,0.0,0.0,12,58.0,0,2,1,4.0,0,6.2,7.2,,,67.0,203.0,26.202894736842108,4.0,Florida Atlantic,2019.0,2019.0,BUF,74.0,7.0,0.083333336
2023,8,00-0035250,D.Singletary,RB,HOU,CAR,0,0,0.0,0,0.0,0.0,0.0,10,30.0,0,2,2,13.0,0,4.3,6.3,,,67.0,203.0,26.202894736842108,4.0,Florida Atlantic,2019.0,2019.0,BUF,74.0,,0.083333336
2023,9,00-0035250,D.Singletary,RB,HOU,TB,0,0,0.0,0,0.0,0.0,0.0,13,26.0,0,2,2,0.0,0,2.6,4.6,,,67.0,203.0,26.202894736842108,4.0,Florida Atlantic,2019.0,2019.0,BUF,74.0,2.0,0.05263158
2023,10,00-0035250,D.Singletary,RB,HOU,CIN,0,0,0.0,0,0.0,0.0,0.0,30,150.0,1,2,1,11.0,0,22.1,23.1,,,67.0,203.0,26.202894736842108,4.0,Florida Atlantic,2019.0,2019.0,BUF,74.0,,0.051282052
2023,11,00-0035250,D.Singletary,RB,HOU,ARI,0,0,0.0,0,0.0,0.0,0.0,22,112.0,1,2,2,6.0,0,17.8,19.8,,,67.0,203.0,26.202894736842108,4.0,Florida Atlantic,2019.0,2019.0,BUF,74.0,5.0,0.05263158
2023,12,00-0035250,D.Singletary,RB,HOU,JAX,0,0,0.0,0,0.0,0.0,0.0,6,18.0,0,7,6,54.0,0,7.2,13.2,,,67.0,203.0,26.202894736842108,4.0,Florida Atlantic,2019.0,2019.0,BUF,74.0,-3.0,0.19444445
2023,13,00-0035250,D.Singletary,RB,HOU,DEN,0,0,0.0,0,0.0,0.0,0.0,8,36.0,0,1,1,4.0,0,4.0,5.0,,,67.0,203.0,26.202894736842108,4.0,Florida Atlantic,2019.0,2019.0,BUF,74.0,5.0,0.037037037
2023,14,00-0035250,D.Singletary,RB,HOU,NYJ,0,0,0.0,0,0.0,0.0,0.0,13,65.0,1,3,0,0.0,0,12.5,12.5,,,67.0,203.0,26.202894736842108,4.0,Florida Atlantic,2019.0,2019.0,BUF,74.0,,0.11111111
2023,15,00-0035250,D.Singletary,RB,HOU,TEN,0,0,0.0,0,0.0,0.0,0.0,26,121.0,0,5,4,49.0,0,17.0,21.0,,,67.0,203.0,26.202894736842108,4.0,Florida Atlantic,2019.0,2019.0,BUF,74.0,,0.14705883
2023,16,00-0035250,D.Singletary,RB,HOU,CLE,0,0,0.0,0,0.0,0.0,0.0,9,44.0,0,3,3,19.0,0,6.3,9.3,,,67.0,203.0,26.202894736842108,4.0,Florida Atlantic,2019.0,2019.0,BUF,74.0,-14.0,0.0625
2023,17,00-0035250,D.Singletary,RB,HOU,TEN,0,0,0.0,0,0.0,0.0,0.0,16,80.0,0,3,3,6.0,0,8.6,11.6,,,67.0,203.0,26.202894736842108,4.0,Florida Atlantic,2019.0,2019.0,BUF,74.0,23.0,0.09677419
2023,18,00-0035250,D.Singletary,RB,HOU,IND,0,0,0.0,0,0.0,0.0,0.0,24,63.0,1,1,1,2.0,0,12.5,13.5,,,67.0,203.0,26.202894736842108,4.0,Florida Atlantic,2019.0,2019.0,BUF,74.0,,0.03846154
2023,19,00-0035250,D.Singletary,RB,HOU,CLE,0,0,0.0,0,0.0,0.0,0.0,13,66.0,1,3,3,4.0,0,13.0,16.0,,,67.0,203.0,26.202894736842108,4.0,Florida Atlantic,2019.0,2019.0,BUF,74.0,31.0,0.13636364
2023,20,00-0035250,D.Singletary,RB,HOU,BAL,0,0,0.0,0,0.0,0.0,0.0,9,22.0,0,6,5,48.0,0,7.0,12.0,,,67.0,203.0,26.202894736842108,4.0,Florida Atlantic,2019.0,2019.0,BUF,74.0,,0.19354838
2023,2,00-0035259,T.Wesco,TE,TEN,LAC,0,0,0.0,0,0.0,0.0,0.0,0,0.0,0,1,0,0.0,0,0.0,0.0,,,75.0,267.0,28.15994117647059,4.0,West Virginia,2019.0,2019.0,NYJ,121.0,3.0,0.041666668
2023,5,00-0035259,T.Wesco,TE,TEN,IND,0,0,0.0,0,0.0,0.0,0.0,0,0.0,0,1,1,21.0,0,2.1,3.1,,,75.0,267.0,28.15994117647059,4.0,West Virginia,2019.0,2019.0,NYJ,121.0,,0.029411765
2023,13,00-0035259,T.Wesco,TE,TEN,IND,0,0,0.0,0,0.0,0.0,0.0,0,0.0,0,1,0,0.0,0,0.0,0.0,,,75.0,267.0,28.15994117647059,4.0,West Virginia,2019.0,2019.0,NYJ,121.0,-3.0,0.030303031
2023,1,00-0035261,T.Pollard,RB,DAL,NYG,0,0,0.0,0,0.0,0.0,0.0,14,70.0,2,3,2,12.0,0,20.2,22.2,,,72.0,209.0,26.5375,4.0,Memphis,2019.0,2019.0,DAL,128.0,,0.12
2023,2,00-0035261,T.Pollard,RB,DAL,NYJ,0,0,0.0,0,0.0,0.0,0.0,25,72.0,0,8,7,37.0,0,12.9,19.9,,,72.0,209.0,26.5375,4.0,Memphis,2019.0,2019.0,DAL,128.0,20.0,0.21621622
2023,3,00-0035261,T.Pollard,RB,DAL,ARI,0,0,0.0,0,0.0,0.0,0.0,23,122.0,0,3,3,-1.0,0,12.1,15.1,,,72.0,209.0,26.5375,4.0,Memphis,2019.0,2019.0,DAL,128.0,,0.08108108
2023,4,00-0035261,T.Pollard,RB,DAL,NE,0,0,0.0,0,0.0,0.0,0.0,11,47.0,0,3,3,13.0,0,6.0,9.0,,,72.0,209.0,26.5375,4.0,Memphis,2019.0,2019.0,DAL,128.0,35.0,0.083333336
2023,5,00-0035261,T.Pollard,RB,DAL,SF,0,0,0.0,0,0.0,0.0,0.0,8,29.0,0,5,4,35.0,0,4.4,8.4,,,72.0,209.0,26.5375,4.0,Memphis,2019.0,2019.0,DAL,128.0,,0.1923077
2023,6,00-0035261,T.Pollard,RB,DAL,LAC,0,0,0.0,0,0.0,0.0,0.0,15,30.0,0,7,6,80.0,0,11.0,17.0,,,72.0,209.0,26.5375,4.0,Memphis,2019.0,2019.0,DAL,128.0,,0.23333333
2023,8,00-0035261,T.Pollard,RB,DAL,LA,0,0,0.0,0,0.0,0.0,0.0,12,53.0,0,1,1,2.0,0,5.5,6.5,,,72.0,209.0,26.5375,4.0,Memphis,2019.0,2019.0,DAL,128.0,23.0,0.029411765
2023,9,00-0035261,T.Pollard,RB,DAL,PHI,0,0,0.0,0,0.0,0.0,0.0,12,51.0,0,5,3,12.0,0,6.3,9.3,,,72.0,209.0,26.5375,4.0,Memphis,2019.0,2019.0,DAL,128.0,,0.11363637
2023,10,00-0035261,T.Pollard,RB,DAL,NYG,0,0,0.0,0,0.0,0.0,0.0,15,55.0,0,0,0,0.0,0,5.5,5.5,,,72.0,209.0,26.5375,4.0,Memphis,2019.0,2019.0,DAL,128.0,32.0,
2023,11,00-0035261,T.Pollard,RB,DAL,CAR,0,0,0.0,0,0.0,0.0,0.0,12,61.0,1,5,4,19.0,0,14.0,18.0,,,72.0,209.0,26.5375,4.0,Memphis,2019.0,2019.0,DAL,128.0,,0.125
2023,12,00-0035261,T.Pollard,RB,DAL,WAS,0,0,0.0,0,0.0,0.0,0.0,13,79.0,1,6,6,24.0,0,16.3,22.3,,,72.0,209.0,26.5375,4.0,Memphis,2019.0,2019.0,DAL,128.0,35.0,0.1875
2023,13,00-0035261,T.Pollard,RB,DAL,SEA,0,0,0.0,0,0.0,0.0,0.0,20,68.0,1,4,3,15.0,0,14.3,17.3,,,72.0,209.0,26.5375,4.0,Memphis,2019.0,2019.0,DAL,128.0,6.0,0.1
2023,14,00-0035261,T.Pollard,RB,DAL,PHI,0,0,0.0,0,0.0,0.0,0.0,16,59.0,0,8,7,37.0,0,9.6,16.6,,,72.0,209.0,26.5375,4.0,Memphis,2019.0,2019.0,DAL,128.0,20.0,0.20512821
2023,15,00-0035261,T.Pollard,RB,DAL,BUF,0,0,0.0,0,0.0,0.0,0.0,11,52.0,0,3,2,5.0,0,5.7,7.7,,,72.0,209.0,26.5375,4.0,Memphis,2019.0,2019.0,DAL,128.0,,0.09375
2023,16,00-0035261,T.Pollard,RB,DAL,MIA,0,0,0.0,0,0.0,0.0,0.0,12,38.0,0,1,1,5.0,0,4.3,5.3,,,72.0,209.0,26.5375,4.0,Memphis,2019.0,2019.0,DAL,128.0,,0.03125
2023,17,00-0035261,T.Pollard,RB,DAL,DET,0,0,0.0,0,0.0,0.0,0.0,16,49.0,0,3,1,0.0,0,4.9,5.9,,,72.0,209.0,26.5375,4.0,Memphis,2019.0,2019.0,DAL,128.0,1.0,0.08108108
2023,18,00-0035261,T.Pollard,RB,DAL,WAS,0,0,0.0,0,0.0,0.0,0.0,17,70.0,1,2,2,16.0,0,14.6,16.6,,,72.0,209.0,26.5375,4.0,Memphis,2019.0,2019.0,DAL,128.0,,0.05
2023,19,00-0035261,T.Pollard,RB,DAL,GB,0,0,0.0,0,0.0,0.0,0.0,15,56.0,1,9,7,29.0,0,14.5,21.5,,,72.0,209.0,26.5375,4.0,Memphis,2019.0,2019.0,DAL,128.0,-16.0,0.15517241
2023,17,00-0035264,J.Stidham,QB,DEN,LAC,20,32,224.0,1,0.0,2.0,12.0,6,6.0,0,0,0,0.0,0,13.56,13.56,,,75.0,214.0,27.25123529411765,4.0,Auburn,2019.0,2019.0,NE,133.0,7.0,
2023,18,00-0035264,J.Stidham,QB,DEN,LV,20,34,272.0,1,1.0,5.0,34.0,3,2.0,0,0,0,0.0,0,13.08,13.08,,,75.0,214.0,27.25123529411765,4.0,Auburn,2019.0,2019.0,NE,133.0,,
2023,14,00-0035282,E.Stick,QB,LAC,DEN,13,24,179.0,0,0.0,2.0,31.0,0,0.0,0,0,0,0.0,0,5.16,5.16,,,73.0,224.0,28.153823529411767,4.0,North Dakota State,2019.0,2019.0,LAC,166.0,-17.0,
2023,15,00-0035282,E.Stick,QB,LAC,LV,23,32,257.0,3,1.0,3.0,23.0,2,11.0,0,0,0,0.0,0,17.38,17.38,,,73.0,224.0,28.153823529411767,4.0,North Dakota State,2019.0,2019.0,LAC,166.0,,
2023,16,00-0035282,E.Stick,QB,LAC,BUF,23,33,215.0,0,0.0,5.0,40.0,7,25.0,1,0,0,0.0,0,17.1,17.1,,,73.0,224.0,28.153823529411767,4.0,North Dakota State,2019.0,2019.0,LAC,166.0,-2.0,
2023,17,00-0035282,E.Stick,QB,LAC,DEN,24,38,220.0,0,0.0,1.0,5.0,5,31.0,0,0,0,0.0,0,11.9,11.9,,,73.0,224.0,28.153823529411767,4.0,North Dakota State,2019.0,2019.0,LAC,166.0,,
2023,18,00-0035282,E.Stick,QB,LAC,KC,28,47,258.0,0,0.0,3.0,23.0,13,77.0,0,0,0,0.0,0,16.02,16.02,,,73.0,224.0,28.153823529411767,4.0,North Dakota State,2019.0,2019.0,LAC,166.0,-1.0,
2023,1,00-0035289,G.Minshew,QB,IND,JAX,0,2,0.0,0,0.0,0.0,-0.0,0,0.0,0,0,0,0.0,0,0.0,0.0,,,73.0,225.0,27.47911764705882,4.0,Washington State,2019.0,2019.0,JAX,178.0,-10.0,
2023,2,00-0035289,G.Minshew,QB,IND,HOU,19,23,171.0,1,0.0,0.0,-0.0,2,3.0,0,0,0,0.0,0,11.14,11.14,,,73.0,225.0,27.47911764705882,4.0,Washington State,2019.0,2019.0,JAX,178.0,,
2023,3,00-0035289,G.Minshew,QB,IND,BAL,27,44,227.0,1,0.0,5.0,39.0,0,0.0,0,0,0,0.0,0,13.08,13.08,,,73.0,225.0,27.47911764705882,4.0,Washington State,2019.0,2019.0,JAX,178.0,,
2023,5,00-0035289,G.Minshew,QB,IND,TEN,11,14,155.0,0,0.0,0.0,-0.0,2,1.0,0,0,0,0.0,0,6.3,6.3,,,73.0,225.0,27.47911764705882,4.0,Washington State,2019.0,2019.0,JAX,178.0,7.0,
2023,6,00-0035289,G.Minshew,QB,IND,JAX,33,55,329.0,1,3.0,3.0,19.0,2,4.0,0,0,0,0.0,0,9.56,9.56,,,73.0,225.0,27.47911764705882,4.0,Washington State,2019.0,2019.0,JAX,178.0,,
2023,7,00-0035289,G.Minshew,QB,IND,CLE,15,23,305.0,2,1.0,4.0,17.0,3,29.0,2,0,0,0.0,0,27.1,27.1,,,73.0,225.0,27.47911764705882,4.0,Washington State,2019.0,2019.0,JAX,178.0,-1.0,
2023,8,00-0035289,G.Minshew,QB,IND,NO,23,41,213.0,2,1.0,2.0,6.0,1,3.0,0,0,0,0.0,0,14.82,14.82,,,73.0,225.0,27.47911764705882,4.0,Washington State,2019.0,2019.0,JAX,178.0,-11.0,
2023,9,00-0035289,G.Minshew,QB,IND,CAR,17,26,127.0,1,0.0,1.0,7.0,5,5.0,0,0,0,0.0,0,9.58,9.58,,,73.0,225.0,27.47911764705882,4.0,Washington State,2019.0,2019.0,JAX,178.0,,
2023,10,00-0035289,G.Minshew,QB,IND,NE,18,28,194.0,0,1.0,0.0,-0.0,2,-1.0,0,0,0,0.0,0,5.66,5.66,,,73.0,225.0,27.47911764705882,4.0,Washington State,2019.0,2019.0,JAX,178.0,,
2023,12,00-0035289,G.Minshew,QB,IND,TB,24,41,251.0,0,1.0,2.0,12.0,3,6.0,1,0,0,0.0,0,14.64,14.64,,,73.0,225.0,27.47911764705882,4.0,Washington State,2019.0,2019.0,JAX,178.0,7.0,
2023,13,00-0035289,G.Minshew,QB,IND,TEN,26,42,312.0,2,0.0,3.0,12.0,3,2.0,0,0,0,0.0,0,18.68,18.68,,,73.0,225.0,27.47911764705882,4.0,Washington State,2019.0,2019.0,JAX,178.0,,
2023,14,00-0035289,G.Minshew,QB,IND,CIN,26,39,240.0,1,1.0,3.0,14.0,2,5.0,0,0,0,0.0,0,14.1,14.1,,,73.0,225.0,27.47911764705882,4.0,Washington State,2019.0,2019.0,JAX,178.0,,
2023,15,00-0035289,G.Minshew,QB,IND,PIT,18,28,215.0,3,0.0,3.0,13.0,2,0.0,0,0,0,0.0,0,20.6,20.6,,,73.0,225.0,27.47911764705882,4.0,Washington State,2019.0,2019.0,JAX,178.0,17.0,
2023,16,00-0035289,G.Minshew,QB,IND,ATL,20,37,201.0,0,1.0,6.0,31.0,4,31.0,0,0,0,0.0,0,9.14,9.14,,,73.0,225.0,27.47911764705882,4.0,Washington State,2019.0,2019.0,JAX,178.0,,
2023,17,00-0035289,G.Minshew,QB,IND,LV,15,23,224.0,1,0.0,1.0,9.0,2,3.0,0,0,0,0.0,0,13.26,13.26,,,73.0,225.0,27.47911764705882,4.0,Washington State,2019.0,2019.0,JAX,178.0,3.0,
2023,18,00-0035289,G.Minshew,QB,IND,HOU,13,24,141.0,0,0.0,1.0,8.0,1,9.0,0,0,0,0.0,0,8.54,8.54,,,73.0,225.0,27.47911764705882,4.0,Washington State,2019.0,2019.0,JAX,178.0,-4.0,
2023,1,00-0035291,T.Williams,RB,CIN,CLE,0,0,0.0,0,0.0,0.0,0.0,2,7.0,0,0,0,0.0,0,0.7,0.7,,,68.0,206.0,26.059764705882355,4.0,Texas A&amp;M,2019.0,2019.0,CIN,182.0,,
2023,2,00-0035291,T.Williams,RB,CIN,BAL,0,0,0.0,0,0.0,0.0,0.0,0,0.0,0,2,2,4.0,0,0.4,2.4,,,68.0,206.0,26.059764705882355,4.0,Texas A&amp;M,2019.0,2019.0,CIN,182.0,-3.0,0.051282052
2023,3,00-0035291,T.Williams,RB,CIN,LA,0,0,0.0,0,0.0,0.0,0.0,1,4.0,0,2,0,0.0,0,0.4,0.4,,,68.0,206.0,26.059764705882355,4.0,Texas A&amp;M,2019.0,2019.0,CIN,182.0,3.0,0.04347826
2023,4,00-0035291,T.Williams,RB,CIN,TEN,0,0,0.0,0,0.0,0.0,0.0,1,4.0,0,0,0,0.0,0,0.4,0.4,,,68.0,206.0,26.059764705882355,4.0,Texas A&amp;M,2019.0,2019.0,CIN,182.0,,
2023,5,00-0035291,T.Williams,RB,CIN,ARI,0,0,0.0,0,0.0,0.0,0.0,1,5.0,0,0,0,0.0,0,0.5,0.5,,,68.0,206.0,26.059764705882355,4.0,Texas A&amp;M,2019.0,2019.0,CIN,182.0,,
2023,6,00-0035291,T.Williams,RB,CIN,SEA,0,0,0.0,0,0.0,0.0,0.0,0,0.0,0,2,2,3.0,0,0.3,2.3,,,68.0,206.0,26.059764705882355,4.0,Texas A&amp;M,2019.0,2019.0,CIN,182.0,4.0,0.057142857
2023,8,00-0035291,T.Williams,RB,CIN,SF,0,0,0.0,0,0.0,0.0,0.0,2,6.0,0,0,0,0.0,0,0.6,0.6,,,68.0,206.0,26.059764705882355,4.0,Texas A&amp;M,2019.0,2019.0,CIN,182.0,,
2023,9,00-0035291,T.Williams,RB,CIN,BUF,0,0,0.0,0,0.0,0.0,0.0,3,13.0,0,0,0,0.0,0,1.3,1.3,,,68.0,206.0,26.059764705882355,4.0,Texas A&amp;M,2019.0,2019.0,CIN,182.0,6.0,
2023,10,00-0035291,T.Williams,RB,CIN,HOU,0,0,0.0,0,0.0,0.0,0.0,0,0.0,0,1,1,2.0,0,0.2,1.2,,,68.0,206.0,26.059764705882355,4.0,Texas A&amp;M,2019.0,2019.0,CIN,182.0,-3.0,0.025641026
2023,11,00-0035291,T.Williams,RB,CIN,BAL,0,0,0.0,0,0.0,0.0,0.0,2,20.0,0,0,0,0.0,0,2.0,2.0,,,68.0,206.0,26.059764705882355,4.0,Texas A&amp;M,2019.0,2019.0,CIN,182.0,,
2023,14,00-0035291,T.Williams,RB,CIN,IND,0,0,0.0,0,0.0,0.0,0.0,0,0.0,0,1,1,-1.0,0,-0.1,0.9,,,68.0,206.0,26.059764705882355,4.0,Texas A&amp;M,2019.0,2019.0,CIN,182.0,20.0,0.04
2023,15,00-0035291,T.Williams,RB,CIN,MIN,0,0,0.0,0,0.0,0.0,0.0,1,10.0,0,1,1,2.0,0,1.2,2.2,,,68.0,206.0,26.059764705882355,4.0,Texas A&amp;M,2019.0,2019.0,CIN,182.0,3.0,0.025
2023,17,00-0035291,T.Williams,RB,CIN,KC,0,0,0.0,0,0.0,0.0,0.0,1,2.0,0,0,0,0.0,0,0.2,0.2,,,68.0,206.0,26.059764705882355,4.0,Texas A&amp;M,2019.0,2019.0,CIN,182.0,,
2023,18,00-0035291,T.Williams,RB,CIN,CLE,0,0,0.0,0,0.0,0.0,0.0,1,-2.0,0,0,0,0.0,0,-0.2,-0.2,,,68.0,206.0,26.059764705882355,4.0,Texas A&amp;M,2019.0,2019.0,CIN,182.0,17.0,
2023,5,00-0035298,S.Miller,WR,ATL,HOU,0,0,0.0,0,0.0,0.0,0.0,0,0.0,0,2,2,10.0,0,1.0,3.0,,,69.0,174.0,26.27211764705882,4.0,Bowling Green,2019.0,2019.0,TB,208.0,2.0,0.05263158
2023,6,00-0035298,S.Miller,WR,ATL,WAS,0,0,0.0,0,0.0,0.0,0.0,0,0.0,0,2,1,4.0,0,0.4,1.4,,,69.0,174.0,26.27211764705882,4.0,Bowling Green,2019.0,2019.0,TB,208.0,-8.0,0.045454547
2023,7,00-0035298,S.Miller,WR,ATL,TB,0,0,0.0,0,0.0,0.0,0.0,0,0.0,0,1,1,46.0,0,4.6,5.6,,,69.0,174.0,26.27211764705882,4.0,Bowling Green,2019.0,2019.0,TB,208.0,,0.04347826
2023,8,00-0035298,S.Miller,WR,ATL,TEN,0,0,0.0,0,0.0,0.0,0.0,0,0.0,0,2,2,14.0,1,7.4,9.4,,,69.0,174.0,26.27211764705882,4.0,Bowling Green,2019.0,2019.0,TB,208.0,,0.060606062
2023,10,00-0035298,S.Miller,WR,ATL,ARI,0,0,0.0,0,0.0,0.0,0.0,0,0.0,0,1,1,2.0,1,6.2,7.2,,,69.0,174.0,26.27211764705882,4.0,Bowling Green,2019.0,2019.0,TB,208.0,,0.05263158
2023,12,00-0035298,S.Miller,WR,ATL,NO,0,0,0.0,0,0.0,0.0,0.0,0,0.0,0,2,1,4.0,0,0.4,1.4,,,69.0,174.0,26.27211764705882,4.0,Bowling Green,2019.0,2019.0,TB,208.0,9.0,0.1
2023,14,00-0035298,S.Miller,WR,ATL,TB,0,0,0.0,0,0.0,0.0,0.0,0,0.0,0,3,0,0.0,0,0.0,0.0,,,69.0,174.0,26.27211764705882,4.0,Bowling Green,2019.0,2019.0,TB,208.0,-4.0,0.07692308
2023,16,00-0035298,S.Miller,WR,ATL,IND,0,0,0.0,0,0.0,0.0,0.0,0,0.0,0,1,1,15.0,0,1.5,2.5,,,69.0,174.0,26.27211764705882,4.0,Bowling Green,2019.0,2019.0,TB,208.0,19.0,0.03125
2023,18,00-0035298,S.Miller,WR,ATL,NO,0,0,0.0,0,0.0,0.0,0.0,0,0.0,0,2,2,66.0,0,6.6,8.6,,,69.0,174.0,26.27211764705882,4.0,Bowling Green,2019.0,2019.0,TB,208.0,,0.05882353
2023,1,00-0035329,D.Parham,TE,LAC,MIA,0,0,0.0,0,0.0,0.0,0.0,0,0.0,0,3,3,22.0,1,8.2,11.2,,,80.0,237.0,26.234764705882352,4.0,Stetson University,2019.0,2019.0,,,-2.0,0.09677419
2023,2,00-0035329,D.Parham,TE,LAC,TEN,0,0,0.0,0,0.0,0.0,0.0,0,0.0,0,2,1,7.0,0,0.7,1.7,,,80.0,237.0,26.234764705882352,4.0,Stetson University,2019.0,2019.0,,,,0.051282052
2023,3,00-0035329,D.Parham,TE,LAC,MIN,0,0,0.0,0,0.0,0.0,0.0,0,0.0,0,2,2,4.0,2,12.4,14.4,,,80.0,237.0,26.234764705882352,4.0,Stetson University,2019.0,2019.0,,,,0.041666668
2023,4,00-0035329,D.Parham,TE,LAC,LV,0,0,0.0,0,0.0,0.0,0.0,0,0.0,0,1,0,0.0,0,0.0,0.0,,,80.0,237.0,26.234764705882352,4.0,Stetson University,2019.0,2019.0,,,7.0,0.041666668
2023,6,00-0035329,D.Parham,TE,LAC,DAL,0,0,0.0,0,0.0,0.0,0.0,0,0.0,0,3,2,19.0,0,1.9,3.9,,,80.0,237.0,26.234764705882352,4.0,Stetson University,2019.0,2019.0,,,-3.0,0.08108108
2023,7,00-0035329,D.Parham,TE,LAC,KC,0,0,0.0,0,0.0,0.0,0.0,0,0.0,0,3,1,9.0,0,0.9,1.9,,,80.0,237.0,26.234764705882352,4.0,Stetson University,2019.0,2019.0,,,,0.1
2023,8,00-0035329,D.Parham,TE,LAC,CHI,0,0,0.0,0,0.0,0.0,0.0,0,0.0,0,5,4,43.0,1,10.3,14.3,,,80.0,237.0,26.234764705882352,4.0,Stetson University,2019.0,2019.0,,,17.0,0.13157895
2023,9,00-0035329,D.Parham,TE,LAC,NYJ,0,0,0.0,0,0.0,0.0,0.0,0,0.0,0,2,0,0.0,0,0.0,0.0,,,80.0,237.0,26.234764705882352,4.0,Stetson University,2019.0,2019.0,,,,0.071428575
2023,10,00-0035329,D.Parham,TE,LAC,DET,0,0,0.0,0,0.0,0.0,0.0,0,0.0,0,2,2,18.0,0,1.8,3.8,,,80.0,237.0,26.234764705882352,4.0,Stetson University,2019.0,2019.0,,,-3.0,0.05
2023,11,00-0035329,D.Parham,TE,LAC,GB,0,0,0.0,0,0.0,0.0,0.0,0,0.0,0,6,4,57.0,0,5.7,9.7,,,80.0,237.0,26.234764705882352,4.0,Stetson University,2019.0,2019.0,,,,0.16666667
2023,13,00-0035329,D.Parham,TE,LAC,NE,0,0,0.0,0,0.0,0.0,0.0,0,0.0,0,4,2,12.0,0,1.2,3.2,,,80.0,237.0,26.234764705882352,4.0,Stetson University,2019.0,2019.0,,,,0.11111111
2023,14,00-0035329,D.Parham,TE,LAC,DEN,0,0,0.0,0,0.0,0.0,0.0,0,0.0,0,2,1,11.0,0,1.1,2.1,,,80.0,237.0,26.234764705882352,4.0,Stetson University,2019.0,2019.0,,,-17.0,0.048780486
2023,18,00-0035329,D.Parham,TE,LAC,KC,0,0,0.0,0,0.0,0.0,0.0,0,0.0,0,6,5,83.0,0,8.3,13.3,,,80.0,237.0,26.234764705882352,4.0,Stetson University,2019.0,2019.0,,,-1.0,0.13333334
2023,4,00-0035341,T.Irwin,WR,CIN,TEN,0,0,0.0,0,0.0,0.0,0.0,0,0.0,0,1,1,17.0,0,1.7,2.7,,,74.0,207.0,27.916117647058826,4.0,Stanford,2019.0,2019.0,,,,0.037037037
2023,5,00-0035341,T.Irwin,WR,CIN,ARI,0,0,0.0,0,0.0,0.0,0.0,0,0.0,0,10,8,60.0,0,6.0,14.0,,,74.0,207.0,27.916117647058826,4.0,Stanford,2019.0,2019.0,,,,0.22727273
2023,8,00-0035341,T.Irwin,WR,CIN,SF,0,0,0.0,0,0.0,0.0,0.0,0,0.0,0,2,2,24.0,0,2.4,4.4,,,74.0,207.0,27.916117647058826,4.0,Stanford,2019.0,2019.0,,,,0.0625
2023,10,00-0035341,T.Irwin,WR,CIN,HOU,0,0,0.0,0,0.0,0.0,0.0,0,0.0,0,4,2,54.0,1,11.4,13.4,,,74.0,207.0,27.916117647058826,4.0,Stanford,2019.0,2019.0,,,-3.0,0.102564104
2023,11,00-0035341,T.Irwin,WR,CIN,BAL,0,0,0.0,0,0.0,0.0,0.0,0,0.0,0,5,3,36.0,0,3.6,6.6,,,74.0,207.0,27.916117647058826,4.0,Stanford,2019.0,2019.0,,,,0.16129032
2023,12,00-0035341,T.Irwin,WR,CIN,PIT,0,0,0.0,0,0.0,0.0,0.0,0,0.0,0,1,1,25.0,0,2.5,3.5,,,74.0,207.0,27.916117647058826,4.0,Stanford,2019.0,2019.0,,,-6.0,0.04
2023,13,00-0035341,T.Irwin,WR,CIN,JAX,0,0,0.0,0,0.0,0.0,0.0,0,0.0,0,1,1,25.0,0,2.5,3.5,,,74.0,207.0,27.916117647058826,4.0,Stanford,2019.0,2019.0,,,,0.027027028
2023,16,00-0035341,T.Irwin,WR,CIN,PIT,0,0,0.0,0,0.0,0.0,0.0,0,0.0,0,4,4,37.0,0,3.7,7.7,,,74.0,207.0,27.916117647058826,4.0,Stanford,2019.0,2019.0,,,,0.1
2023,17,00-0035341,T.Irwin,WR,CIN,KC,0,0,0.0,0,0.0,0.0,0.0,0,0.0,0,2,1,4.0,0,0.4,1.4,,,74.0,207.0,27.916117647058826,4.0,Stanford,2019.0,2019.0,,,,0.06451613
2023,18,00-0035341,T.Irwin,WR,CIN,CLE,0,0,0.0,0,0.0,0.0,0.0,0,0.0,0,2,2,34.0,0,3.4,5.4,,,74.0,207.0,27.916117647058826,4.0,Stanford,2019.0,2019.0,,,17.0,0.071428575
2023,1,00-0035406,L.Humphrey,WR,DEN,LV,0,0,0.0,0,0.0,0.0,0.0,0,0.0,0,2,2,11.0,1,7.1,9.1,,,76.0,225.0,25.556588235294118,4.0,Texas,2019.0,2019.0,,,-1.0,0.0625
2023,2,00-0035406,L.Humphrey,WR,DEN,WAS,0,0,0.0,0,0.0,0.0,0.0,0,0.0,0,2,1,4.0,0,0.4,1.4,,,76.0,225.0,25.556588235294118,4.0,Texas,2019.0,2019.0,,,-2.0,0.074074075
2023,4,00-0035406,L.Humphrey,WR,DEN,CHI,0,0,0.0,0,0.0,0.0,0.0,0,0.0,0,1,1,11.0,0,1.1,2.1,,,76.0,225.0,25.556588235294118,4.0,Texas,2019.0,2019.0,,,,0.03846154
2023,10,00-0035406,L.Humphrey,WR,DEN,BUF,0,0,0.0,0,0.0,0.0,0.0,0,0.0,0,1,1,14.0,0,1.4,2.4,,,76.0,225.0,25.556588235294118,4.0,Texas,2019.0,2019.0,,,,0.03448276
2023,11,00-0035406,L.Humphrey,WR,DEN,MIN,0,0,0.0,0,0.0,0.0,0.0,0,0.0,0,1,0,0.0,0,0.0,0.0,,,76.0,225.0,25.556588235294118,4.0,Texas,2019.0,2019.0,,,1.0,0.03125
2023,12,00-0035406,L.Humphrey,WR,DEN,CLE,0,0,0.0,0,0.0,0.0,0.0,0,0.0,0,1,1,13.0,0,1.3,2.3,,,76.0,225.0,25.556588235294118,4.0,Texas,2019.0,2019.0,,,17.0,0.04761905
2023,13,00-0035406,L.Humphrey,WR,DEN,HOU,0,0,0.0,0,0.0,0.0,0.0,0,0.0,0,1,1,12.0,0,1.2,2.2,,,76.0,225.0,25.556588235294118,4.0,Texas,2019.0,2019.0,,,,0.041666668
2023,14,00-0035406,L.Humphrey,WR,DEN,LAC,0,0,0.0,0,0.0,0.0,0.0,0,0.0,0,1,1,12.0,0,1.2,2.2,,,76.0,225.0,25.556588235294118,4.0,Texas,2019.0,2019.0,,,,0.033333335
2023,15,00-0035406,L.Humphrey,WR,DEN,DET,0,0,0.0,0,0.0,0.0,0.0,0,0.0,0,4,3,16.0,1,7.6,10.6,,,76.0,225.0,25.556588235294118,4.0,Texas,2019.0,2019.0,,,,0.125
2023,17,00-0035406,L.Humphrey,WR,DEN,LAC,0,0,0.0,0,0.0,0.0,0.0,0,0.0,0,4,2,69.0,1,12.9,14.9,,,76.0,225.0,25.556588235294118,4.0,Texas,2019.0,2019.0,,,7.0,0.13333334
2023,18,00-0035406,L.Humphrey,WR,DEN,LV,0,0,0.0,0,0.0,0.0,0.0,0,0.0,0,1,0,0.0,0,0.0,0.0,,,76.0,225.0,25.556588235294118,4.0,Texas,2019.0,2019.0,,,,0.03125
2023,9,00-0035414,J.Guyton,WR,LAC,NYJ,0,0,0.0,0,0.0,0.0,0.0,0,0.0,0,2,0,0.0,0,0.0,0.0,,,73.0,212.0,26.426411764705882,4.0,North Texas,2019.0,2019.0,,,,0.071428575
2023,10,00-0035414,J.Guyton,WR,LAC,DET,0,0,0.0,0,0.0,0.0,0.0,0,0.0,0,6,4,41.0,1,10.1,14.1,,,73.0,212.0,26.426411764705882,4.0,North Texas,2019.0,2019.0,,,-3.0,0.15
2023,12,00-0035414,J.Guyton,WR,LAC,BAL,0,0,0.0,0,0.0,0.0,0.0,0,0.0,0,5,1,4.0,0,0.4,1.4,,,73.0,212.0,26.426411764705882,4.0,North Texas,2019.0,2019.0,,,-10.0,0.12195122
2023,13,00-0035414,J.Guyton,WR,LAC,NE,0,0,0.0,0,0.0,0.0,0.0,0,0.0,0,3,1,5.0,0,0.5,1.5,,,73.0,212.0,26.426411764705882,4.0,North Texas,2019.0,2019.0,,,,0.083333336
2023,14,00-0035414,J.Guyton,WR,LAC,DEN,0,0,0.0,0,0.0,0.0,0.0,0,0.0,0,1,1,8.0,0,0.8,1.8,,,73.0,212.0,26.426411764705882,4.0,North Texas,2019.0,2019.0,,,-17.0,0.024390243
2023,15,00-0035414,J.Guyton,WR,LAC,LV,0,0,0.0,0,0.0,0.0,0.0,0,0.0,0,2,2,19.0,0,1.9,3.9,,,73.0,212.0,26.426411764705882,4.0,North Texas,2019.0,2019.0,,,,0.06451613
2023,16,00-0035414,J.Guyton,WR,LAC,BUF,0,0,0.0,0,0.0,0.0,0.0,0,0.0,0,2,1,12.0,0,1.2,2.2,,,73.0,212.0,26.426411764705882,4.0,North Texas,2019.0,2019.0,,,-2.0,0.0625
2023,9,00-0035480,M.Taylor,WR,NYJ,LAC,0,0,0.0,0,0.0,0.0,0.0,0,0.0,0,2,1,7.0,0,0.7,1.7,,,73.0,216.0,27.88594117647059,4.0,Ferris State,2019.0,2019.0,,,-21.0,0.041666668
2023,10,00-0035480,M.Taylor,WR,NYJ,LV,0,0,0.0,0,0.0,0.0,0.0,0,0.0,0,2,1,6.0,0,0.6,1.6,,,73.0,216.0,27.88594117647059,4.0,Ferris State,2019.0,2019.0,,,,0.054054055
2023,6,00-0035500,G.Dortch,WR,ARI,LA,0,0,0.0,0,0.0,0.0,0.0,0,0.0,0,1,0,0.0,0,0.0,0.0,,,67.0,173.0,25.441941176470586,4.0,Wake Forest,2019.0,2019.0,,,,0.02631579
2023,9,00-0035500,G.Dortch,WR,ARI,CLE,0,0,0.0,0,0.0,0.0,0.0,0,0.0,0,1,1,2.0,0,0.2,1.2,,,67.0,173.0,25.441941176470586,4.0,Wake Forest,2019.0,2019.0,,,,0.05
2023,11,00-0035500,G.Dortch,WR,ARI,HOU,0,0,0.0,0,0.0,0.0,0.0,0,0.0,0,8,6,76.0,0,7.6,13.6,,,67.0,173.0,25.441941176470586,4.0,Wake Forest,2019.0,2019.0,,,,0.27586207
2023,12,00-0035500,G.Dortch,WR,ARI,LA,0,0,0.0,0,0.0,0.0,0.0,0,0.0,0,9,3,27.0,1,8.7,11.7,,,67.0,173.0,25.441941176470586,4.0,Wake Forest,2019.0,2019.0,,,-23.0,0.20454545
2023,13,00-0035500,G.Dortch,WR,ARI,PIT,0,0,0.0,0,0.0,0.0,0.0,0,0.0,0,3,1,19.0,0,1.9,2.9,,,67.0,173.0,25.441941176470586,4.0,Wake Forest,2019.0,2019.0,,,,0.13043478
2023,15,00-0035500,G.Dortch,WR,ARI,SF,0,0,0.0,0,0.0,0.0,0.0,1,5.0,0,3,2,15.0,0,2.0,4.0,,,67.0,173.0,25.441941176470586,4.0,Wake Forest,2019.0,2019.0,,,-16.0,0.078947365
2023,16,00-0035500,G.Dortch,WR,ARI,CHI,0,0,0.0,0,0.0,0.0,0.0,0,0.0,0,5,2,45.0,1,10.5,12.5,,,67.0,173.0,25.441941176470586,4.0,Wake Forest,2019.0,2019.0,,,,0.13513513
2023,17,00-0035500,G.Dortch,WR,ARI,PHI,0,0,0.0,0,0.0,0.0,0.0,0,0.0,0,7,7,82.0,0,8.2,15.2,,,67.0,173.0,25.441941176470586,4.0,Wake Forest,2019.0,2019.0,,,,0.22580644
2023,18,00-0035500,G.Dortch,WR,ARI,SEA,0,0,0.0,0,0.0,0.0,0.0,0,0.0,0,4,2,14.0,0,1.4,3.4,,,67.0,173.0,25.441941176470586,4.0,Wake Forest,2019.0,2019.0,,,-1.0,0.13793103
2023,19,00-0035527,A.Isabella,WR,BUF,PIT,0,0,0.0,0,0.0,0.0,0.0,0,0.0,0,1,0,0.0,0,0.0,0.0,,,69.0,190.0,26.988473684210522,4.0,Massachusetts,2019.0,2019.0,ARI,62.0,14.0,0.033333335
2023,1,00-0035535,D.Slayton,WR,NYG,DAL,0,0,0.0,0,0.0,0.0,0.0,0,0.0,0,5,3,15.0,0,1.5,4.5,,,73.0,190.0,26.817411764705884,4.0,Auburn,2019.0,2019.0,NYG,171.0,-40.0,0.1724138
2023,2,00-0035535,D.Slayton,WR,NYG,ARI,0,0,0.0,0,0.0,0.0,0.0,0,0.0,0,6,3,62.0,0,6.2,9.2,,,73.0,190.0,26.817411764705884,4.0,Auburn,2019.0,2019.0,NYG,171.0,,0.17142858
2023,3,00-0035535,D.Slayton,WR,NYG,SF,0,0,0.0,0,0.0,0.0,0.0,0,0.0,0,6,3,32.0,0,3.2,6.2,,,73.0,190.0,26.817411764705884,4.0,Auburn,2019.0,2019.0,NYG,171.0,,0.1875
2023,4,00-0035535,D.Slayton,WR,NYG,SEA,0,0,0.0,0,0.0,0.0,0.0,0,0.0,0,3,2,23.0,0,2.3,4.3,,,73.0,190.0,26.817411764705884,4.0,Auburn,2019.0,2019.0,NYG,171.0,-21.0,0.09375
2023,5,00-0035535,D.Slayton,WR,NYG,MIA,0,0,0.0,0,0.0,0.0,0.0,0,0.0,0,4,2,35.0,0,3.5,5.5,,,73.0,190.0,26.817411764705884,4.0,Auburn,2019.0,2019.0,NYG,171.0,,0.13333334
2023,6,00-0035535,D.Slayton,WR,NYG,BUF,0,0,0.0,0,0.0,0.0,0.0,0,0.0,0,6,4,69.0,0,6.9,10.9,,,73.0,190.0,26.817411764705884,4.0,Auburn,2019.0,2019.0,NYG,171.0,,0.19354838
2023,7,00-0035535,D.Slayton,WR,NYG,WAS,0,0,0.0,0,0.0,0.0,0.0,0,0.0,0,2,1,22.0,0,2.2,3.2,,,73.0,190.0,26.817411764705884,4.0,Auburn,2019.0,2019.0,NYG,171.0,7.0,0.074074075
2023,8,00-0035535,D.Slayton,WR,NYG,NYJ,0,0,0.0,0,0.0,0.0,0.0,0,0.0,0,2,1,-1.0,0,-0.1,0.9,,,73.0,190.0,26.817411764705884,4.0,Auburn,2019.0,2019.0,NYG,171.0,-3.0,0.16666667
2023,9,00-0035535,D.Slayton,WR,NYG,LV,0,0,0.0,0,0.0,0.0,0.0,0,0.0,0,7,4,59.0,0,5.9,9.9,,,73.0,190.0,26.817411764705884,4.0,Auburn,2019.0,2019.0,NYG,171.0,,0.2413793
2023,10,00-0035535,D.Slayton,WR,NYG,DAL,0,0,0.0,0,0.0,0.0,0.0,0,0.0,0,4,3,21.0,0,2.1,5.1,,,73.0,190.0,26.817411764705884,4.0,Auburn,2019.0,2019.0,NYG,171.0,,0.15384616
2023,11,00-0035535,D.Slayton,WR,NYG,WAS,0,0,0.0,0,0.0,0.0,0.0,0,0.0,0,5,4,82.0,1,14.2,18.2,,,73.0,190.0,26.817411764705884,4.0,Auburn,2019.0,2019.0,NYG,171.0,,0.1923077
2023,12,00-0035535,D.Slayton,WR,NYG,NE,0,0,0.0,0,0.0,0.0,0.0,0,0.0,0,3,2,16.0,0,1.6,3.6,,,73.0,190.0,26.817411764705884,4.0,Auburn,2019.0,2019.0,NYG,171.0,3.0,0.125
2023,14,00-0035535,D.Slayton,WR,NYG,GB,0,0,0.0,0,0.0,0.0,0.0,0,0.0,0,2,2,14.0,0,1.4,3.4,,,73.0,190.0,26.817411764705884,4.0,Auburn,2019.0,2019.0,NYG,171.0,2.0,0.1
2023,15,00-0035535,D.Slayton,WR,NYG,NO,0,0,0.0,0,0.0,0.0,0.0,0,0.0,0,8,4,63.0,0,6.3,10.3,,,73.0,190.0,26.817411764705884,4.0,Auburn,2019.0,2019.0,NYG,171.0,,0.23529412
2023,16,00-0035535,D.Slayton,WR,NYG,PHI,0,0,0.0,0,0.0,0.0,0.0,0,0.0,0,3,3,90.0,1,15.0,18.0,,,73.0,190.0,26.817411764705884,4.0,Auburn,2019.0,2019.0,NYG,171.0,,0.11111111
2023,17,00-0035535,D.Slayton,WR,NYG,LA,0,0,0.0,0,0.0,0.0,0.0,0,0.0,0,6,4,106.0,1,16.6,20.6,,,73.0,190.0,26.817411764705884,4.0,Auburn,2019.0,2019.0,NYG,171.0,-1.0,0.15384616
2023,18,00-0035535,D.Slayton,WR,NYG,PHI,0,0,0.0,0,0.0,0.0,0.0,0,0.0,0,7,5,62.0,1,12.2,17.2,,,73.0,190.0,26.817411764705884,4.0,Auburn,2019.0,2019.0,NYG,171.0,17.0,0.21875
2023,10,00-0035537,T.Johnson,RB,BUF,DEN,0,0,0.0,0,0.0,0.0,0.0,1,2.0,0,0,0,0.0,0,0.2,0.2,,,70.0,210.0,26.158842105263158,4.0,Maryland,2019.0,2019.0,DET,186.0,-2.0,
2023,11,00-0035537,T.Johnson,RB,BUF,NYJ,0,0,0.0,0,0.0,0.0,0.0,3,11.0,0,3,3,47.0,1,11.8,14.8,,,70.0,210.0,26.158842105263158,4.0,Maryland,2019.0,2019.0,DET,186.0,26.0,0.10344828
2023,12,00-0035537,T.Johnson,RB,BUF,PHI,0,0,0.0,0,0.0,0.0,0.0,6,19.0,0,0,0,0.0,0,1.9,1.9,,,70.0,210.0,26.158842105263158,4.0,Maryland,2019.0,2019.0,DET,186.0,,
2023,14,00-0035537,T.Johnson,RB,BUF,KC,0,0,0.0,0,0.0,0.0,0.0,5,19.0,0,2,2,2.0,0,2.1,4.1,,,70.0,210.0,26.158842105263158,4.0,Maryland,2019.0,2019.0,DET,186.0,,0.055555556
2023,15,00-0035537,T.Johnson,RB,BUF,DAL,0,0,0.0,0,0.0,0.0,0.0,9,54.0,0,1,1,4.0,0,5.8,6.8,,,70.0,210.0,26.158842105263158,4.0,Maryland,2019.0,2019.0,DET,186.0,21.0,0.07692308
2023,17,00-0035537,T.Johnson,RB,BUF,NE,0,0,0.0,0,0.0,0.0,0.0,5,22.0,0,0,0,0.0,0,2.2,2.2,,,70.0,210.0,26.158842105263158,4.0,Maryland,2019.0,2019.0,DET,186.0,6.0,
2023,18,00-0035537,T.Johnson,RB,BUF,MIA,0,0,0.0,0,0.0,0.0,0.0,1,5.0,0,1,1,9.0,0,1.4,2.4,,,70.0,210.0,26.158842105263158,4.0,Maryland,2019.0,2019.0,DET,186.0,,0.027027028
2023,19,00-0035537,T.Johnson,RB,BUF,PIT,0,0,0.0,0,0.0,0.0,0.0,8,26.0,0,2,0,0.0,0,2.6,2.6,,,70.0,210.0,26.158842105263158,4.0,Maryland,2019.0,2019.0,DET,186.0,14.0,0.06666667
2023,20,00-0035537,T.Johnson,RB,BUF,KC,0,0,0.0,0,0.0,0.0,0.0,7,40.0,0,1,1,14.0,0,5.4,6.4,,,70.0,210.0,26.158842105263158,4.0,Maryland,2019.0,2019.0,DET,186.0,-3.0,0.027027028
2023,7,00-0035562,J.Horsted,TE,LV,CHI,0,0,0.0,0,0.0,0.0,0.0,0,0.0,0,1,1,4.0,0,0.4,1.4,,,75.0,237.0,26.691529411764705,4.0,Princeton,2019.0,2019.0,,,,0.022222223
2023,2,00-0035567,C.Reynolds,RB,DET,SEA,0,0,0.0,0,0.0,0.0,0.0,3,7.0,0,1,1,-2.0,0,0.5,1.5,,,71.0,215.0,27.4283,4.0,Kutztown,2019.0,2019.0,,,-6.0,0.029411765
2023,3,00-0035567,C.Reynolds,RB,DET,ATL,0,0,0.0,0,0.0,0.0,0.0,4,15.0,0,0,0,0.0,0,1.5,1.5,,,71.0,215.0,27.4283,4.0,Kutztown,2019.0,2019.0,,,14.0,
2023,5,00-0035567,C.Reynolds,RB,DET,CAR,0,0,0.0,0,0.0,0.0,0.0,7,52.0,1,0,0,0.0,0,11.2,11.2,,,71.0,215.0,27.4283,4.0,Kutztown,2019.0,2019.0,,,18.0,
2023,6,00-0035567,C.Reynolds,RB,DET,TB,0,0,0.0,0,0.0,0.0,0.0,10,15.0,0,2,2,28.0,0,4.3,6.3,,,71.0,215.0,27.4283,4.0,Kutztown,2019.0,2019.0,,,,0.048780486
2023,7,00-0035567,C.Reynolds,RB,DET,BAL,0,0,0.0,0,0.0,0.0,0.0,3,16.0,0,1,1,9.0,0,2.5,3.5,,,71.0,215.0,27.4283,4.0,Kutztown,2019.0,2019.0,,,,0.020408163
2023,8,00-0035567,C.Reynolds,RB,DET,LV,0,0,0.0,0,0.0,0.0,0.0,14,74.0,0,1,1,12.0,0,6.6,7.6,,,71.0,215.0,27.4283,4.0,Kutztown,2019.0,2019.0,,,12.0,0.029411765
2023,20,00-0035567,C.Reynolds,RB,DET,TB,0,0,0.0,0,0.0,0.0,0.0,1,1.0,1,0,0,0.0,0,6.1,6.1,,,71.0,215.0,27.4283,4.0,Kutztown,2019.0,2019.0,,,8.0,
2023,8,00-0035593,J.Winfree,WR,IND,NO,0,0,0.0,0,0.0,0.0,0.0,0,0.0,0,1,0,0.0,0,0.0,0.0,,,73.0,215.0,27.16875,4.0,Colorado,2019.0,2019.0,DEN,187.0,-11.0,0.02631579
2023,7,00-0035594,T.Homer,RB,CHI,LV,0,0,0.0,0,0.0,0.0,0.0,0,0.0,0,1,0,0.0,0,0.0,0.0,,,70.0,202.0,25.250647058823528,4.0,Miami,2019.0,2019.0,SEA,204.0,18.0,0.03448276
2023,1,00-0035628,D.Johnson,RB,JAX,IND,0,0,0.0,0,0.0,0.0,0.0,1,-4.0,0,0,0,0.0,0,-0.4,-0.4,,,70.0,208.0,27.69764705882353,4.0,South Florida,2019.0,2019.0,,,,
2023,2,00-0035628,D.Johnson,RB,JAX,KC,0,0,0.0,0,0.0,0.0,0.0,1,8.0,0,1,1,9.0,0,1.7,2.7,,,70.0,208.0,27.69764705882353,4.0,South Florida,2019.0,2019.0,,,-8.0,0.024390243
2023,3,00-0035628,D.Johnson,RB,JAX,HOU,0,0,0.0,0,0.0,0.0,0.0,3,6.0,0,2,2,6.0,0,1.2,3.2,,,70.0,208.0,27.69764705882353,4.0,South Florida,2019.0,2019.0,,,-20.0,0.05
2023,4,00-0035628,D.Johnson,RB,JAX,ATL,0,0,0.0,0,0.0,0.0,0.0,1,-2.0,0,0,0,0.0,0,-0.2,-0.2,,,70.0,208.0,27.69764705882353,4.0,South Florida,2019.0,2019.0,,,16.0,
2023,6,00-0035628,D.Johnson,RB,JAX,IND,0,0,0.0,0,0.0,0.0,0.0,1,19.0,0,0,0,0.0,0,1.9,1.9,,,70.0,208.0,27.69764705882353,4.0,South Florida,2019.0,2019.0,,,17.0,
2023,8,00-0035628,D.Johnson,RB,JAX,PIT,0,0,0.0,0,0.0,0.0,0.0,2,8.0,0,0,0,0.0,0,0.8,0.8,,,70.0,208.0,27.69764705882353,4.0,South Florida,2019.0,2019.0,,,,
2023,10,00-0035628,D.Johnson,RB,JAX,SF,0,0,0.0,0,0.0,0.0,0.0,3,12.0,0,2,2,28.0,0,4.0,6.0,,,70.0,208.0,27.69764705882353,4.0,South Florida,2019.0,2019.0,,,-31.0,0.06451613
2023,11,00-0035628,D.Johnson,RB,JAX,TEN,0,0,0.0,0,0.0,0.0,0.0,7,20.0,0,1,1,34.0,0,5.4,6.4,,,70.0,208.0,27.69764705882353,4.0,South Florida,2019.0,2019.0,,,20.0,0.032258064
2023,12,00-0035628,D.Johnson,RB,JAX,HOU,0,0,0.0,0,0.0,0.0,0.0,7,19.0,0,2,1,42.0,0,6.1,7.1,,,70.0,208.0,27.69764705882353,4.0,South Florida,2019.0,2019.0,,,,0.054054055
2023,13,00-0035628,D.Johnson,RB,JAX,CIN,0,0,0.0,0,0.0,0.0,0.0,5,4.0,0,1,1,5.0,0,0.9,1.9,,,70.0,208.0,27.69764705882353,4.0,South Florida,2019.0,2019.0,,,-3.0,0.025641026
2023,14,00-0035628,D.Johnson,RB,JAX,CLE,0,0,0.0,0,0.0,0.0,0.0,3,12.0,0,3,2,16.0,0,2.8,4.8,,,70.0,208.0,27.69764705882353,4.0,South Florida,2019.0,2019.0,,,,0.06122449
2023,15,00-0035628,D.Johnson,RB,JAX,BAL,0,0,0.0,0,0.0,0.0,0.0,2,5.0,0,0,0,0.0,0,0.5,0.5,,,70.0,208.0,27.69764705882353,4.0,South Florida,2019.0,2019.0,,,-16.0,
2023,16,00-0035628,D.Johnson,RB,JAX,TB,0,0,0.0,0,0.0,0.0,0.0,1,2.0,0,0,0,0.0,0,0.2,0.2,,,70.0,208.0,27.69764705882353,4.0,South Florida,2019.0,2019.0,,,,
2023,17,00-0035628,D.Johnson,RB,JAX,CAR,0,0,0.0,0,0.0,0.0,0.0,3,0.0,0,0,0,0.0,0,0.0,0.0,,,70.0,208.0,27.69764705882353,4.0,South Florida,2019.0,2019.0,,,26.0,
2023,18,00-0035628,D.Johnson,RB,JAX,TEN,0,0,0.0,0,0.0,0.0,0.0,1,-1.0,0,0,0,0.0,0,-0.1,-0.1,,,70.0,208.0,27.69764705882353,4.0,South Florida,2019.0,2019.0,,,,
2023,3,00-0035631,D.Sample,TE,CIN,LA,0,0,0.0,0,0.0,0.0,0.0,0,0.0,0,1,1,7.0,0,0.7,1.7,,,77.0,259.0,27.56564705882353,4.0,Washington,2019.0,2019.0,CIN,52.0,3.0,0.02173913
2023,4,00-0035631,D.Sample,TE,CIN,TEN,0,0,0.0,0,0.0,0.0,0.0,0,0.0,0,1,1,-1.0,0,-0.1,0.9,,,77.0,259.0,27.56564705882353,4.0,Washington,2019.0,2019.0,CIN,52.0,,0.037037037
2023,6,00-0035631,D.Sample,TE,CIN,SEA,0,0,0.0,0,0.0,0.0,0.0,0,0.0,0,1,1,4.0,0,0.4,1.4,,,77.0,259.0,27.56564705882353,4.0,Washington,2019.0,2019.0,CIN,52.0,4.0,0.028571429
2023,8,00-0035631,D.Sample,TE,CIN,SF,0,0,0.0,0,0.0,0.0,0.0,0,0.0,0,1,0,0.0,0,0.0,0.0,,,77.0,259.0,27.56564705882353,4.0,Washington,2019.0,2019.0,CIN,52.0,,0.03125
2023,9,00-0035631,D.Sample,TE,CIN,BUF,0,0,0.0,0,0.0,0.0,0.0,0,0.0,0,4,3,30.0,1,9.0,12.0,,,77.0,259.0,27.56564705882353,4.0,Washington,2019.0,2019.0,CIN,52.0,6.0,0.0952381
2023,10,00-0035631,D.Sample,TE,CIN,HOU,0,0,0.0,0,0.0,0.0,0.0,0,0.0,0,3,2,12.0,0,1.2,3.2,,,77.0,259.0,27.56564705882353,4.0,Washington,2019.0,2019.0,CIN,52.0,-3.0,0.07692308
2023,11,00-0035631,D.Sample,TE,CIN,BAL,0,0,0.0,0,0.0,0.0,0.0,0,0.0,0,2,2,19.0,0,1.9,3.9,,,77.0,259.0,27.56564705882353,4.0,Washington,2019.0,2019.0,CIN,52.0,,0.06451613
2023,12,00-0035631,D.Sample,TE,CIN,PIT,0,0,0.0,0,0.0,0.0,0.0,0,0.0,0,1,1,11.0,1,7.1,8.1,,,77.0,259.0,27.56564705882353,4.0,Washington,2019.0,2019.0,CIN,52.0,-6.0,0.04
2023,13,00-0035631,D.Sample,TE,CIN,JAX,0,0,0.0,0,0.0,0.0,0.0,0,0.0,0,1,1,11.0,0,1.1,2.1,,,77.0,259.0,27.56564705882353,4.0,Washington,2019.0,2019.0,CIN,52.0,,0.027027028
2023,14,00-0035631,D.Sample,TE,CIN,IND,0,0,0.0,0,0.0,0.0,0.0,0,0.0,0,2,2,4.0,0,0.4,2.4,,,77.0,259.0,27.56564705882353,4.0,Washington,2019.0,2019.0,CIN,52.0,20.0,0.08
2023,15,00-0035631,D.Sample,TE,CIN,MIN,0,0,0.0,0,0.0,0.0,0.0,0,0.0,0,1,0,0.0,0,0.0,0.0,,,77.0,259.0,27.56564705882353,4.0,Washington,2019.0,2019.0,CIN,52.0,3.0,0.025
2023,16,00-0035631,D.Sample,TE,CIN,PIT,0,0,0.0,0,0.0,0.0,0.0,0,0.0,0,3,3,38.0,0,3.8,6.8,,,77.0,259.0,27.56564705882353,4.0,Washington,2019.0,2019.0,CIN,52.0,,0.075
2023,17,00-0035631,D.Sample,TE,CIN,KC,0,0,0.0,0,0.0,0.0,0.0,0,0.0,0,4,3,21.0,0,2.1,5.1,,,77.0,259.0,27.56564705882353,4.0,Washington,2019.0,2019.0,CIN,52.0,,0.12903225
2023,18,00-0035631,D.Sample,TE,CIN,CLE,0,0,0.0,0,0.0,0.0,0.0,0,0.0,0,2,2,7.0,0,0.7,2.7,,,77.0,259.0,27.56564705882353,4.0,Washington,2019.0,2019.0,CIN,52.0,17.0,0.071428575
2023,8,00-0035632,A.Hooker,FS,TEN,ATL,0,0,0.0,0,0.0,0.0,0.0,1,2.0,0,0,0,0.0,0,0.2,0.2,,,71.0,210.0,25.40564705882353,4.0,Iowa,2019.0,2019.0,TEN,116.0,5.0,
2023,1,00-0035639,P.Campbell,WR,NYG,DAL,0,0,0.0,0,0.0,0.0,0.0,0,0.0,0,4,1,2.0,0,0.2,1.2,,,72.0,205.0,26.31094117647059,4.0,Ohio State,2019.0,2019.0,IND,59.0,-40.0,0.13793103
2023,2,00-0035639,P.Campbell,WR,NYG,ARI,0,0,0.0,0,0.0,0.0,0.0,0,0.0,0,6,4,21.0,0,2.1,6.1,,,72.0,205.0,26.31094117647059,4.0,Ohio State,2019.0,2019.0,IND,59.0,,0.17142858
2023,3,00-0035639,P.Campbell,WR,NYG,SF,0,0,0.0,0,0.0,0.0,0.0,0,0.0,0,6,6,24.0,0,2.4,8.4,,,72.0,205.0,26.31094117647059,4.0,Ohio State,2019.0,2019.0,IND,59.0,,0.1875
2023,4,00-0035639,P.Campbell,WR,NYG,SEA,0,0,0.0,0,0.0,1.0,8.0,0,0.0,0,5,3,15.0,0,1.5,4.5,,,72.0,205.0,26.31094117647059,4.0,Ohio State,2019.0,2019.0,IND,59.0,-21.0,0.15625
2023,5,00-0035639,P.Campbell,WR,NYG,MIA,0,0,0.0,0,0.0,0.0,0.0,0,0.0,0,2,2,23.0,0,2.3,4.3,,,72.0,205.0,26.31094117647059,4.0,Ohio State,2019.0,2019.0,IND,59.0,,0.06666667
2023,9,00-0035639,P.Campbell,WR,NYG,LV,0,0,0.0,0,0.0,0.0,0.0,0,0.0,0,2,2,15.0,0,1.5,3.5,,,72.0,205.0,26.31094117647059,4.0,Ohio State,2019.0,2019.0,IND,59.0,,0.06896552
2023,10,00-0035639,P.Campbell,WR,NYG,DAL,0,0,0.0,0,0.0,0.0,0.0,0,0.0,0,1,1,6.0,0,0.6,1.6,,,72.0,205.0,26.31094117647059,4.0,Ohio State,2019.0,2019.0,IND,59.0,,0.03846154
2023,12,00-0035639,P.Campbell,WR,NYG,NE,0,0,0.0,0,0.0,0.0,0.0,0,0.0,0,1,1,-2.0,0,-0.2,0.8,,,72.0,205.0,26.31094117647059,4.0,Ohio State,2019.0,2019.0,IND,59.0,3.0,0.041666668
2023,1,00-0035640,D.Metcalf,WR,SEA,LA,0,0,0.0,0,0.0,0.0,0.0,0,0.0,0,5,3,47.0,1,10.7,13.7,,,76.0,230.0,25.905941176470588,4.0,Mississippi,2019.0,2019.0,SEA,64.0,-17.0,0.20833333
2023,2,00-0035640,D.Metcalf,WR,SEA,DET,0,0,0.0,0,0.0,0.0,0.0,0,0.0,0,6,6,75.0,0,7.5,13.5,,,76.0,230.0,25.905941176470588,4.0,Mississippi,2019.0,2019.0,SEA,64.0,,0.16216215
2023,3,00-0035640,D.Metcalf,WR,SEA,CAR,0,0,0.0,0,0.0,0.0,0.0,0,0.0,0,8,6,112.0,0,11.2,17.2,,,76.0,230.0,25.905941176470588,4.0,Mississippi,2019.0,2019.0,SEA,64.0,10.0,0.22857143
2023,4,00-0035640,D.Metcalf,WR,SEA,NYG,0,0,0.0,0,0.0,0.0,0.0,0,0.0,0,4,3,34.0,1,9.4,12.4,,,76.0,230.0,25.905941176470588,4.0,Mississippi,2019.0,2019.0,SEA,64.0,,0.15384616
2023,6,00-0035640,D.Metcalf,WR,SEA,CIN,0,0,0.0,0,0.0,0.0,0.0,0,0.0,0,9,4,69.0,0,6.9,10.9,,,76.0,230.0,25.905941176470588,4.0,Mississippi,2019.0,2019.0,SEA,64.0,,0.24324325
2023,8,00-0035640,D.Metcalf,WR,SEA,CLE,0,0,0.0,0,0.0,0.0,0.0,0,0.0,0,14,5,67.0,0,6.7,11.7,,,76.0,230.0,25.905941176470588,4.0,Mississippi,2019.0,2019.0,SEA,64.0,4.0,0.3888889
2023,9,00-0035640,D.Metcalf,WR,SEA,BAL,0,0,0.0,0,0.0,0.0,0.0,0,0.0,0,4,1,50.0,0,5.0,6.0,,,76.0,230.0,25.905941176470588,4.0,Mississippi,2019.0,2019.0,SEA,64.0,,0.16
2023,10,00-0035640,D.Metcalf,WR,SEA,WAS,0,0,0.0,0,0.0,0.0,0.0,0,0.0,0,12,7,98.0,0,9.8,16.8,,,76.0,230.0,25.905941176470588,4.0,Mississippi,2019.0,2019.0,SEA,64.0,3.0,0.2857143
2023,11,00-0035640,D.Metcalf,WR,SEA,LA,0,0,0.0,0,0.0,0.0,0.0,0,0.0,0,9,5,94.0,1,15.4,20.4,,,76.0,230.0,25.905941176470588,4.0,Mississippi,2019.0,2019.0,SEA,64.0,,0.23684211
2023,12,00-0035640,D.Metcalf,WR,SEA,SF,0,0,0.0,0,0.0,0.0,0.0,0,0.0,0,9,3,32.0,0,3.2,6.2,,,76.0,230.0,25.905941176470588,4.0,Mississippi,2019.0,2019.0,SEA,64.0,-18.0,0.33333334
2023,13,00-0035640,D.Metcalf,WR,SEA,DAL,0,0,0.0,0,0.0,0.0,0.0,0,0.0,0,8,6,134.0,3,31.4,37.4,,,76.0,230.0,25.905941176470588,4.0,Mississippi,2019.0,2019.0,SEA,64.0,,0.21052632
2023,14,00-0035640,D.Metcalf,WR,SEA,SF,0,0,0.0,0,0.0,0.0,0.0,0,0.0,0,5,2,52.0,1,11.2,13.2,,,76.0,230.0,25.905941176470588,4.0,Mississippi,2019.0,2019.0,SEA,64.0,,0.16129032
2023,15,00-0035640,D.Metcalf,WR,SEA,PHI,0,0,0.0,0,0.0,0.0,0.0,0,0.0,0,6,5,78.0,0,7.8,12.8,,,76.0,230.0,25.905941176470588,4.0,Mississippi,2019.0,2019.0,SEA,64.0,3.0,0.1875
2023,16,00-0035640,D.Metcalf,WR,SEA,TEN,0,0,0.0,0,0.0,0.0,0.0,0,0.0,0,6,4,56.0,1,11.6,15.6,,,76.0,230.0,25.905941176470588,4.0,Mississippi,2019.0,2019.0,SEA,64.0,,0.16666667
2023,17,00-0035640,D.Metcalf,WR,SEA,PIT,0,0,0.0,0,0.0,0.0,0.0,0,0.0,0,8,5,106.0,0,10.6,15.6,,,76.0,230.0,25.905941176470588,4.0,Mississippi,2019.0,2019.0,SEA,64.0,-7.0,0.24242425
2023,18,00-0035640,D.Metcalf,WR,SEA,ARI,0,0,0.0,0,0.0,0.0,0.0,0,0.0,0,6,1,10.0,0,1.0,2.0,,,76.0,230.0,25.905941176470588,4.0,Mississippi,2019.0,2019.0,SEA,64.0,,0.23076923
2023,11,00-0035643,J.Simmons,DT,TEN,JAX,0,0,0.0,0,0.0,0.0,0.0,0,0.0,0,1,1,2.0,1,6.2,7.2,,,76.0,300.0,26.284529411764705,4.0,Mississippi State,2019.0,2019.0,TEN,19.0,,0.05882353
2023,2,00-0035644,N.Fant,TE,SEA,DET,0,0,0.0,0,0.0,0.0,0.0,0,0.0,0,4,4,56.0,0,5.6,9.6,,,76.0,249.0,25.971529411764706,4.0,Iowa,2019.0,2019.0,DEN,20.0,,0.10810811
2023,3,00-0035644,N.Fant,TE,SEA,CAR,0,0,0.0,0,0.0,0.0,0.0,0,0.0,0,5,4,41.0,0,4.1,8.1,,,76.0,249.0,25.971529411764706,4.0,Iowa,2019.0,2019.0,DEN,20.0,10.0,0.14285715
2023,4,00-0035644,N.Fant,TE,SEA,NYG,0,0,0.0,0,0.0,0.0,0.0,0,0.0,0,2,2,63.0,0,6.3,8.3,,,76.0,249.0,25.971529411764706,4.0,Iowa,2019.0,2019.0,DEN,20.0,,0.07692308
2023,6,00-0035644,N.Fant,TE,SEA,CIN,0,0,0.0,0,0.0,0.0,0.0,0,0.0,0,1,1,9.0,0,0.9,1.9,,,76.0,249.0,25.971529411764706,4.0,Iowa,2019.0,2019.0,DEN,20.0,,0.027027028
2023,7,00-0035644,N.Fant,TE,SEA,ARI,0,0,0.0,0,0.0,0.0,0.0,0,0.0,0,1,1,25.0,0,2.5,3.5,,,76.0,249.0,25.971529411764706,4.0,Iowa,2019.0,2019.0,DEN,20.0,10.0,0.041666668
2023,8,00-0035644,N.Fant,TE,SEA,CLE,0,0,0.0,0,0.0,0.0,0.0,0,0.0,0,3,2,32.0,0,3.2,5.2,,,76.0,249.0,25.971529411764706,4.0,Iowa,2019.0,2019.0,DEN,20.0,4.0,0.083333336
2023,9,00-0035644,N.Fant,TE,SEA,BAL,0,0,0.0,0,0.0,0.0,0.0,0,0.0,0,1,0,0.0,0,0.0,0.0,,,76.0,249.0,25.971529411764706,4.0,Iowa,2019.0,2019.0,DEN,20.0,,0.04
2023,10,00-0035644,N.Fant,TE,SEA,WAS,0,0,0.0,0,0.0,0.0,0.0,0,0.0,0,3,2,6.0,0,0.6,2.6,,,76.0,249.0,25.971529411764706,4.0,Iowa,2019.0,2019.0,DEN,20.0,3.0,0.071428575
2023,11,00-0035644,N.Fant,TE,SEA,LA,0,0,0.0,0,0.0,0.0,0.0,0,0.0,0,2,1,4.0,0,0.4,1.4,,,76.0,249.0,25.971529411764706,4.0,Iowa,2019.0,2019.0,DEN,20.0,,0.05263158
2023,12,00-0035644,N.Fant,TE,SEA,SF,0,0,0.0,0,0.0,0.0,0.0,0,0.0,0,2,2,25.0,0,2.5,4.5,,,76.0,249.0,25.971529411764706,4.0,Iowa,2019.0,2019.0,DEN,20.0,-18.0,0.074074075
2023,13,00-0035644,N.Fant,TE,SEA,DAL,0,0,0.0,0,0.0,0.0,0.0,0,0.0,0,4,3,43.0,0,4.3,7.3,,,76.0,249.0,25.971529411764706,4.0,Iowa,2019.0,2019.0,DEN,20.0,,0.10526316
2023,14,00-0035644,N.Fant,TE,SEA,SF,0,0,0.0,0,0.0,0.0,0.0,0,0.0,0,4,2,35.0,0,3.5,5.5,,,76.0,249.0,25.971529411764706,4.0,Iowa,2019.0,2019.0,DEN,20.0,,0.12903225
2023,15,00-0035644,N.Fant,TE,SEA,PHI,0,0,0.0,0,0.0,0.0,0.0,0,0.0,0,5,3,16.0,0,1.6,4.6,,,76.0,249.0,25.971529411764706,4.0,Iowa,2019.0,2019.0,DEN,20.0,3.0,0.15625
2023,17,00-0035644,N.Fant,TE,SEA,PIT,0,0,0.0,0,0.0,0.0,0.0,0,0.0,0,6,5,59.0,0,5.9,10.9,,,76.0,249.0,25.971529411764706,4.0,Iowa,2019.0,2019.0,DEN,20.0,-7.0,0.18181819
2023,2,00-0035645,G.Olszewski,WR,PIT,CLE,0,0,0.0,0,0.0,0.0,0.0,0,0.0,0,1,1,0.0,0,-2.0,-1.0,,,72.0,190.0,26.9505,4.0,Bemidji State,2019.0,2019.0,,,4.0,0.03448276
2023,17,00-0035645,G.Olszewski,WR,NYG,NYG,0,0,0.0,0,0.0,0.0,0.0,0,0.0,0,0,0,0.0,0,6.0,6.0,,,72.0,190.0,26.9505,4.0,Bemidji State,2019.0,2019.0,,,-1.0,
2023,1,00-0035657,D.Harris,RB,BUF,NYJ,0,0,0.0,0,0.0,0.0,0.0,1,3.0,0,2,2,16.0,0,1.9,3.9,,,71.0,215.0,26.755684210526315,4.0,Alabama,2019.0,2019.0,NE,87.0,,0.051282052
2023,2,00-0035657,D.Harris,RB,BUF,LV,0,0,0.0,0,0.0,0.0,0.0,7,33.0,1,0,0,0.0,0,9.3,9.3,,,71.0,215.0,26.755684210526315,4.0,Alabama,2019.0,2019.0,NE,87.0,28.0,
2023,3,00-0035657,D.Harris,RB,BUF,WAS,0,0,0.0,0,0.0,0.0,0.0,5,15.0,0,0,0,0.0,0,1.5,1.5,,,71.0,215.0,26.755684210526315,4.0,Alabama,2019.0,2019.0,NE,87.0,,
2023,4,00-0035657,D.Harris,RB,BUF,MIA,0,0,0.0,0,0.0,0.0,0.0,6,29.0,0,0,0,0.0,0,2.9,2.9,,,71.0,215.0,26.755684210526315,4.0,Alabama,2019.0,2019.0,NE,87.0,28.0,
2023,5,00-0035657,D.Harris,RB,BUF,JAX,0,0,0.0,0,0.0,0.0,0.0,3,13.0,0,0,0,0.0,0,1.3,1.3,,,71.0,215.0,26.755684210526315,4.0,Alabama,2019.0,2019.0,NE,87.0,-5.0,
2023,6,00-0035657,D.Harris,RB,BUF,NYG,0,0,0.0,0,0.0,0.0,0.0,1,1.0,0,0,0,0.0,0,0.1,0.1,,,71.0,215.0,26.755684210526315,4.0,Alabama,2019.0,2019.0,NE,87.0,5.0,
2023,1,00-0035659,T.McLaurin,WR,WAS,ARI,0,0,0.0,0,0.0,0.0,0.0,0,0.0,0,4,2,31.0,0,3.1,5.1,,,72.0,210.0,28.143176470588237,4.0,Ohio State,2019.0,2019.0,WAS,76.0,4.0,0.13793103
2023,2,00-0035659,T.McLaurin,WR,WAS,DEN,0,0,0.0,0,0.0,0.0,0.0,0,0.0,0,6,5,54.0,1,11.4,16.4,,,72.0,210.0,28.143176470588237,4.0,Ohio State,2019.0,2019.0,WAS,76.0,,0.1764706
2023,3,00-0035659,T.McLaurin,WR,WAS,BUF,0,0,0.0,0,0.0,0.0,0.0,0,0.0,0,6,6,41.0,0,4.1,10.1,,,72.0,210.0,28.143176470588237,4.0,Ohio State,2019.0,2019.0,WAS,76.0,-34.0,0.20689656
2023,4,00-0035659,T.McLaurin,WR,WAS,PHI,0,0,0.0,0,0.0,0.0,0.0,0,0.0,0,10,8,86.0,0,8.6,16.6,,,72.0,210.0,28.143176470588237,4.0,Ohio State,2019.0,2019.0,WAS,76.0,,0.25641027
2023,5,00-0035659,T.McLaurin,WR,WAS,CHI,0,0,0.0,0,0.0,0.0,0.0,0,0.0,0,5,4,49.0,0,4.9,8.9,,,72.0,210.0,28.143176470588237,4.0,Ohio State,2019.0,2019.0,WAS,76.0,-20.0,0.104166664
2023,6,00-0035659,T.McLaurin,WR,WAS,ATL,0,0,0.0,0,0.0,0.0,0.0,0,0.0,0,11,6,81.0,0,8.1,14.1,,,72.0,210.0,28.143176470588237,4.0,Ohio State,2019.0,2019.0,WAS,76.0,,0.52380955
2023,7,00-0035659,T.McLaurin,WR,WAS,NYG,0,0,0.0,0,0.0,0.0,0.0,0,0.0,0,9,6,90.0,0,9.0,15.0,,,72.0,210.0,28.143176470588237,4.0,Ohio State,2019.0,2019.0,WAS,76.0,,0.25
2023,8,00-0035659,T.McLaurin,WR,WAS,PHI,0,0,0.0,0,0.0,0.0,0.0,0,0.0,0,12,5,63.0,1,12.3,17.3,,,72.0,210.0,28.143176470588237,4.0,Ohio State,2019.0,2019.0,WAS,76.0,-7.0,0.23529412
2023,9,00-0035659,T.McLaurin,WR,WAS,NE,0,0,0.0,0,0.0,0.0,0.0,0,0.0,0,8,5,73.0,0,7.3,12.3,,,72.0,210.0,28.143176470588237,4.0,Ohio State,2019.0,2019.0,WAS,76.0,,0.18181819
2023,10,00-0035659,T.McLaurin,WR,WAS,SEA,0,0,0.0,0,0.0,0.0,0.0,0,0.0,0,8,4,33.0,0,3.3,7.3,,,72.0,210.0,28.143176470588237,4.0,Ohio State,2019.0,2019.0,WAS,76.0,,0.1904762
2023,11,00-0035659,T.McLaurin,WR,WAS,NYG,0,0,0.0,0,0.0,0.0,0.0,0,0.0,0,7,5,43.0,0,4.3,9.3,,,72.0,210.0,28.143176470588237,4.0,Ohio State,2019.0,2019.0,WAS,76.0,-12.0,0.16666667
2023,12,00-0035659,T.McLaurin,WR,WAS,DAL,0,0,0.0,0,0.0,0.0,0.0,0,0.0,0,11,4,50.0,0,5.0,9.0,,,72.0,210.0,28.143176470588237,4.0,Ohio State,2019.0,2019.0,WAS,76.0,,0.25
2023,13,00-0035659,T.McLaurin,WR,WAS,MIA,0,0,0.0,0,0.0,0.0,0.0,0,0.0,0,3,0,0.0,0,0.0,0.0,,,72.0,210.0,28.143176470588237,4.0,Ohio State,2019.0,2019.0,WAS,76.0,-30.0,0.13636364
2023,15,00-0035659,T.McLaurin,WR,WAS,LA,0,0,0.0,0,0.0,0.0,0.0,0,0.0,0,12,6,141.0,1,20.1,26.1,,,72.0,210.0,28.143176470588237,4.0,Ohio State,2019.0,2019.0,WAS,76.0,,0.3529412
2023,16,00-0035659,T.McLaurin,WR,WAS,NYJ,0,0,0.0,0,0.0,0.0,0.0,0,0.0,0,5,3,50.0,0,5.0,8.0,,,72.0,210.0,28.143176470588237,4.0,Ohio State,2019.0,2019.0,WAS,76.0,,0.15625
2023,17,00-0035659,T.McLaurin,WR,WAS,SF,0,0,0.0,0,0.0,0.0,0.0,0,0.0,0,7,4,61.0,1,12.1,16.1,,,72.0,210.0,28.143176470588237,4.0,Ohio State,2019.0,2019.0,WAS,76.0,-17.0,0.26923078
2023,18,00-0035659,T.McLaurin,WR,WAS,DAL,0,0,0.0,0,0.0,0.0,0.0,0,0.0,0,8,6,56.0,0,5.6,11.6,,,72.0,210.0,28.143176470588237,4.0,Ohio State,2019.0,2019.0,WAS,76.0,-28.0,0.2857143
2023,1,00-0035662,M.Brown,WR,ARI,WAS,0,0,0.0,0,0.0,0.0,0.0,1,29.0,0,5,3,28.0,0,5.7,8.7,,,69.0,170.0,26.424764705882353,4.0,Oklahoma,2019.0,2019.0,BAL,25.0,,0.16666667
2023,2,00-0035662,M.Brown,WR,ARI,NYG,0,0,0.0,0,0.0,0.0,0.0,0,0.0,0,10,6,54.0,1,11.4,17.4,,,69.0,170.0,26.424764705882353,4.0,Oklahoma,2019.0,2019.0,BAL,25.0,-3.0,0.3448276
2023,3,00-0035662,M.Brown,WR,ARI,DAL,0,0,0.0,0,0.0,0.0,0.0,0,0.0,0,7,5,61.0,1,12.1,17.1,,,69.0,170.0,26.424764705882353,4.0,Oklahoma,2019.0,2019.0,BAL,25.0,12.0,0.33333334
2023,4,00-0035662,M.Brown,WR,ARI,SF,0,0,0.0,0,0.0,0.0,0.0,0,0.0,0,10,7,96.0,0,9.6,16.6,,,69.0,170.0,26.424764705882353,4.0,Oklahoma,2019.0,2019.0,BAL,25.0,,0.24390244
2023,5,00-0035662,M.Brown,WR,ARI,CIN,0,0,0.0,0,0.0,0.0,0.0,0,0.0,0,10,4,61.0,1,12.1,16.1,,,69.0,170.0,26.424764705882353,4.0,Oklahoma,2019.0,2019.0,BAL,25.0,-14.0,0.33333334
2023,6,00-0035662,M.Brown,WR,ARI,LA,0,0,0.0,0,0.0,0.0,0.0,0,0.0,0,11,4,34.0,0,3.4,7.4,,,69.0,170.0,26.424764705882353,4.0,Oklahoma,2019.0,2019.0,BAL,25.0,,0.28947368
2023,7,00-0035662,M.Brown,WR,ARI,SEA,0,0,0.0,0,0.0,0.0,0.0,0,0.0,0,7,3,49.0,0,4.9,7.9,,,69.0,170.0,26.424764705882353,4.0,Oklahoma,2019.0,2019.0,BAL,25.0,,0.21212122
2023,8,00-0035662,M.Brown,WR,ARI,BAL,0,0,0.0,0,0.0,0.0,0.0,0,0.0,0,9,6,33.0,1,9.3,15.3,,,69.0,170.0,26.424764705882353,4.0,Oklahoma,2019.0,2019.0,BAL,25.0,-7.0,0.25
2023,9,00-0035662,M.Brown,WR,ARI,CLE,0,0,0.0,0,0.0,0.0,0.0,0,0.0,0,8,4,24.0,0,2.4,6.4,,,69.0,170.0,26.424764705882353,4.0,Oklahoma,2019.0,2019.0,BAL,25.0,,0.4
2023,10,00-0035662,M.Brown,WR,ARI,ATL,0,0,0.0,0,0.0,0.0,0.0,0,0.0,0,4,1,28.0,0,2.8,3.8,,,69.0,170.0,26.424764705882353,4.0,Oklahoma,2019.0,2019.0,BAL,25.0,2.0,0.12903225
2023,11,00-0035662,M.Brown,WR,ARI,HOU,0,0,0.0,0,0.0,0.0,0.0,1,-6.0,0,5,2,18.0,0,1.2,3.2,,,69.0,170.0,26.424764705882353,4.0,Oklahoma,2019.0,2019.0,BAL,25.0,,0.1724138
2023,12,00-0035662,M.Brown,WR,ARI,LA,0,0,0.0,0,0.0,0.0,0.0,0,0.0,0,12,6,88.0,0,8.8,14.8,,,69.0,170.0,26.424764705882353,4.0,Oklahoma,2019.0,2019.0,BAL,25.0,-23.0,0.27272728
2023,13,00-0035662,M.Brown,WR,ARI,PIT,0,0,0.0,0,0.0,0.0,0.0,0,0.0,0,3,0,0.0,0,0.0,0.0,,,69.0,170.0,26.424764705882353,4.0,Oklahoma,2019.0,2019.0,BAL,25.0,,0.13043478
2023,7,00-0035664,D.Henderson,RB,LA,PIT,0,0,0.0,0,0.0,0.0,0.0,18,61.0,1,2,1,5.0,0,12.6,13.6,,,68.0,200.0,26.2728,4.0,Memphis,2019.0,2019.0,LA,70.0,-7.0,0.074074075
2023,8,00-0035664,D.Henderson,RB,LA,DAL,0,0,0.0,0,0.0,0.0,0.0,12,31.0,0,3,3,54.0,0,8.5,11.5,,,68.0,200.0,26.2728,4.0,Memphis,2019.0,2019.0,LA,70.0,,0.09375
2023,9,00-0035664,D.Henderson,RB,LA,GB,0,0,0.0,0,0.0,0.0,0.0,10,19.0,0,2,2,16.0,0,3.5,5.5,,,68.0,200.0,26.2728,4.0,Memphis,2019.0,2019.0,LA,70.0,,0.074074075
2023,11,00-0035664,D.Henderson,RB,LA,SEA,0,0,0.0,0,0.0,0.0,0.0,6,1.0,1,7,4,28.0,0,8.9,12.9,,,68.0,200.0,26.2728,4.0,Memphis,2019.0,2019.0,LA,70.0,1.0,0.2413793
2023,1,00-0035676,A.Brown,WR,PHI,NE,0,0,0.0,0,0.0,0.0,0.0,0,0.0,0,10,7,79.0,0,7.9,14.9,,,73.0,226.0,26.36861111111111,4.0,Mississippi,2019.0,2019.0,TEN,51.0,,0.33333334
2023,2,00-0035676,A.Brown,WR,PHI,MIN,0,0,0.0,0,0.0,0.0,0.0,0,0.0,0,6,4,29.0,0,2.9,6.9,,,73.0,226.0,26.36861111111111,4.0,Mississippi,2019.0,2019.0,TEN,51.0,6.0,0.27272728
2023,3,00-0035676,A.Brown,WR,PHI,TB,0,0,0.0,0,0.0,0.0,0.0,0,0.0,0,14,9,131.0,0,13.1,22.1,,,73.0,226.0,26.36861111111111,4.0,Mississippi,2019.0,2019.0,TEN,51.0,,0.4
2023,4,00-0035676,A.Brown,WR,PHI,WAS,0,0,0.0,0,0.0,0.0,0.0,0,0.0,0,13,9,175.0,2,29.5,38.5,,,73.0,226.0,26.36861111111111,4.0,Mississippi,2019.0,2019.0,TEN,51.0,3.0,0.38235295
2023,5,00-0035676,A.Brown,WR,PHI,LA,0,0,0.0,0,0.0,0.0,0.0,0,0.0,0,8,6,127.0,0,12.7,18.7,,,73.0,226.0,26.36861111111111,4.0,Mississippi,2019.0,2019.0,TEN,51.0,,0.23529412
2023,6,00-0035676,A.Brown,WR,PHI,NYJ,0,0,0.0,0,0.0,0.0,0.0,0,0.0,0,9,7,131.0,0,13.1,20.1,,,73.0,226.0,26.36861111111111,4.0,Mississippi,2019.0,2019.0,TEN,51.0,,0.20930232
2023,7,00-0035676,A.Brown,WR,PHI,MIA,0,0,0.0,0,0.0,0.0,0.0,0,0.0,0,15,10,137.0,1,19.7,29.7,,,73.0,226.0,26.36861111111111,4.0,Mississippi,2019.0,2019.0,TEN,51.0,14.0,0.5
2023,8,00-0035676,A.Brown,WR,PHI,WAS,0,0,0.0,0,0.0,0.0,0.0,0,0.0,0,8,8,130.0,2,25.0,33.0,,,73.0,226.0,26.36861111111111,4.0,Mississippi,2019.0,2019.0,TEN,51.0,,0.22857143
2023,9,00-0035676,A.Brown,WR,PHI,DAL,0,0,0.0,0,0.0,0.0,0.0,0,0.0,0,9,7,66.0,1,12.6,19.6,,,73.0,226.0,26.36861111111111,4.0,Mississippi,2019.0,2019.0,TEN,51.0,5.0,0.42857143
2023,11,00-0035676,A.Brown,WR,PHI,KC,0,0,0.0,0,0.0,0.0,0.0,0,0.0,0,4,1,8.0,0,0.8,1.8,,,73.0,226.0,26.36861111111111,4.0,Mississippi,2019.0,2019.0,TEN,51.0,,0.1904762
2023,12,00-0035676,A.Brown,WR,PHI,BUF,0,0,0.0,0,0.0,0.0,0.0,0,0.0,0,9,5,37.0,1,9.7,14.7,,,73.0,226.0,26.36861111111111,4.0,Mississippi,2019.0,2019.0,TEN,51.0,3.0,0.32142857
2023,13,00-0035676,A.Brown,WR,PHI,SF,0,0,0.0,0,0.0,0.0,0.0,0,0.0,0,13,8,114.0,0,11.4,19.4,,,73.0,226.0,26.36861111111111,4.0,Mississippi,2019.0,2019.0,TEN,51.0,-23.0,0.30952382
2023,14,00-0035676,A.Brown,WR,PHI,DAL,0,0,0.0,0,0.0,0.0,0.0,0,0.0,0,13,9,94.0,0,7.4,16.4,,,73.0,226.0,26.36861111111111,4.0,Mississippi,2019.0,2019.0,TEN,51.0,,0.4642857
2023,15,00-0035676,A.Brown,WR,PHI,SEA,0,0,0.0,0,0.0,0.0,0.0,0,0.0,0,10,5,56.0,0,5.6,10.6,,,73.0,226.0,26.36861111111111,4.0,Mississippi,2019.0,2019.0,TEN,51.0,,0.33333334
2023,16,00-0035676,A.Brown,WR,PHI,NYG,0,0,0.0,0,0.0,0.0,0.0,0,0.0,0,11,6,80.0,0,8.0,14.0,,,73.0,226.0,26.36861111111111,4.0,Mississippi,2019.0,2019.0,TEN,51.0,8.0,0.30555555
2023,17,00-0035676,A.Brown,WR,PHI,ARI,0,0,0.0,0,0.0,0.0,0.0,0,0.0,0,5,4,53.0,0,5.3,9.3,,,73.0,226.0,26.36861111111111,4.0,Mississippi,2019.0,2019.0,TEN,51.0,-4.0,0.2173913
2023,18,00-0035676,A.Brown,WR,PHI,NYG,0,0,0.0,0,0.0,0.0,0.0,0,0.0,0,1,1,9.0,0,-1.1,-0.1,,,73.0,226.0,26.36861111111111,4.0,Mississippi,2019.0,2019.0,TEN,51.0,,0.030303031
2023,1,00-0035685,D.Montgomery,RB,DET,KC,0,0,0.0,0,0.0,0.0,0.0,21,74.0,1,0,0,0.0,0,13.4,13.4,,,71.0,222.0,26.451,4.0,Iowa State,2019.0,2019.0,CHI,73.0,,
2023,2,00-0035685,D.Montgomery,RB,DET,SEA,0,0,0.0,0,0.0,0.0,0.0,16,67.0,1,1,1,7.0,0,11.4,12.4,,,71.0,222.0,26.451,4.0,Iowa State,2019.0,2019.0,CHI,73.0,-6.0,0.029411765
2023,4,00-0035685,D.Montgomery,RB,DET,GB,0,0,0.0,0,0.0,0.0,0.0,32,121.0,3,2,2,20.0,0,32.1,34.1,,,71.0,222.0,26.451,4.0,Iowa State,2019.0,2019.0,CHI,73.0,,0.074074075
2023,5,00-0035685,D.Montgomery,RB,DET,CAR,0,0,0.0,0,0.0,0.0,0.0,19,109.0,1,6,2,20.0,0,18.9,20.9,,,71.0,222.0,26.451,4.0,Iowa State,2019.0,2019.0,CHI,73.0,18.0,0.22222222
2023,6,00-0035685,D.Montgomery,RB,DET,TB,0,0,0.0,0,0.0,0.0,0.0,6,14.0,0,1,1,19.0,0,3.3,4.3,,,71.0,222.0,26.451,4.0,Iowa State,2019.0,2019.0,CHI,73.0,,0.024390243
2023,10,00-0035685,D.Montgomery,RB,DET,LAC,0,0,0.0,0,0.0,0.0,0.0,12,116.0,1,0,0,0.0,0,17.6,17.6,,,71.0,222.0,26.451,4.0,Iowa State,2019.0,2019.0,CHI,73.0,,
2023,11,00-0035685,D.Montgomery,RB,DET,CHI,0,0,0.0,0,0.0,0.0,0.0,12,76.0,1,2,2,22.0,0,15.8,17.8,,,71.0,222.0,26.451,4.0,Iowa State,2019.0,2019.0,CHI,73.0,5.0,0.0625
2023,12,00-0035685,D.Montgomery,RB,DET,GB,0,0,0.0,0,0.0,0.0,0.0,15,71.0,1,1,0,0.0,0,15.1,15.1,,,71.0,222.0,26.451,4.0,Iowa State,2019.0,2019.0,CHI,73.0,-7.0,0.023809524
2023,13,00-0035685,D.Montgomery,RB,DET,NO,0,0,0.0,0,0.0,0.0,0.0,18,56.0,1,2,1,-1.0,0,11.5,12.5,,,71.0,222.0,26.451,4.0,Iowa State,2019.0,2019.0,CHI,73.0,,0.08
2023,14,00-0035685,D.Montgomery,RB,DET,CHI,0,0,0.0,0,0.0,0.0,0.0,10,66.0,0,3,3,19.0,0,8.5,11.5,,,71.0,222.0,26.451,4.0,Iowa State,2019.0,2019.0,CHI,73.0,,0.0882353
2023,15,00-0035685,D.Montgomery,RB,DET,DEN,0,0,0.0,0,0.0,0.0,0.0,17,85.0,0,3,2,-3.0,0,8.2,10.2,,,71.0,222.0,26.451,4.0,Iowa State,2019.0,2019.0,CHI,73.0,25.0,0.09375
2023,16,00-0035685,D.Montgomery,RB,DET,MIN,0,0,0.0,0,0.0,0.0,0.0,17,55.0,1,2,2,14.0,0,12.9,14.9,,,71.0,222.0,26.451,4.0,Iowa State,2019.0,2019.0,CHI,73.0,,0.051282052
2023,17,00-0035685,D.Montgomery,RB,DET,DAL,0,0,0.0,0,0.0,0.0,0.0,14,65.0,1,1,0,0.0,0,12.5,12.5,,,71.0,222.0,26.451,4.0,Iowa State,2019.0,2019.0,CHI,73.0,,0.03125
2023,18,00-0035685,D.Montgomery,RB,DET,MIN,0,0,0.0,0,0.0,0.0,0.0,10,40.0,1,0,0,0.0,0,10.0,10.0,,,71.0,222.0,26.451,4.0,Iowa State,2019.0,2019.0,CHI,73.0,10.0,
2023,19,00-0035685,D.Montgomery,RB,DET,LA,0,0,0.0,0,0.0,0.0,0.0,14,57.0,1,1,1,11.0,0,12.8,13.8,,,71.0,222.0,26.451,4.0,Iowa State,2019.0,2019.0,CHI,73.0,1.0,0.03846154
2023,20,00-0035685,D.Montgomery,RB,DET,TB,0,0,0.0,0,0.0,0.0,0.0,10,33.0,0,4,3,14.0,0,4.7,7.7,,,71.0,222.0,26.451,4.0,Iowa State,2019.0,2019.0,CHI,73.0,8.0,0.0952381
2023,21,00-0035685,D.Montgomery,RB,DET,SF,0,0,0.0,0,0.0,0.0,0.0,15,93.0,1,2,2,20.0,0,17.3,19.3,,,71.0,222.0,26.451,4.0,Iowa State,2019.0,2019.0,CHI,73.0,,0.05
2023,2,00-0035688,T.Pipkins,T,LAC,TEN,0,0,0.0,0,0.0,0.0,0.0,0,0.0,0,0,0,0.0,0,2.0,2.0,,,78.0,307.0,27.17929411764706,4.0,Sioux Falls,2019.0,2019.0,LAC,91.0,,
2023,1,00-0035689,D.Knox,TE,BUF,NYJ,0,0,0.0,0,0.0,0.0,0.0,0,0.0,0,4,3,25.0,0,2.5,5.5,,,76.0,254.0,26.99942105263158,4.0,Mississippi,2019.0,2019.0,BUF,96.0,,0.102564104
2023,2,00-0035689,D.Knox,TE,BUF,LV,0,0,0.0,0,0.0,0.0,0.0,0,0.0,0,5,3,10.0,1,7.0,10.0,,,76.0,254.0,26.99942105263158,4.0,Mississippi,2019.0,2019.0,BUF,96.0,28.0,0.1388889
2023,3,00-0035689,D.Knox,TE,BUF,WAS,0,0,0.0,0,0.0,0.0,0.0,0,0.0,0,3,1,11.0,0,1.1,2.1,,,76.0,254.0,26.99942105263158,4.0,Mississippi,2019.0,2019.0,BUF,96.0,,0.09375
2023,4,00-0035689,D.Knox,TE,BUF,MIA,0,0,0.0,0,0.0,0.0,0.0,0,0.0,0,1,1,12.0,0,1.2,2.2,,,76.0,254.0,26.99942105263158,4.0,Mississippi,2019.0,2019.0,BUF,96.0,28.0,0.04
2023,5,00-0035689,D.Knox,TE,BUF,JAX,0,0,0.0,0,0.0,0.0,0.0,0,0.0,0,6,3,17.0,0,1.7,4.7,,,76.0,254.0,26.99942105263158,4.0,Mississippi,2019.0,2019.0,BUF,96.0,-5.0,0.16666667
2023,6,00-0035689,D.Knox,TE,BUF,NYG,0,0,0.0,0,0.0,0.0,0.0,0,0.0,0,6,3,17.0,0,1.7,4.7,,,76.0,254.0,26.99942105263158,4.0,Mississippi,2019.0,2019.0,BUF,96.0,5.0,0.20689656
2023,7,00-0035689,D.Knox,TE,BUF,NE,0,0,0.0,0,0.0,0.0,0.0,0,0.0,0,3,1,10.0,0,3.0,4.0,,,76.0,254.0,26.99942105263158,4.0,Mississippi,2019.0,2019.0,BUF,96.0,,0.07692308
2023,14,00-0035689,D.Knox,TE,BUF,KC,0,0,0.0,0,0.0,0.0,0.0,0,0.0,0,3,3,36.0,0,3.6,6.6,,,76.0,254.0,26.99942105263158,4.0,Mississippi,2019.0,2019.0,BUF,96.0,,0.083333336
2023,16,00-0035689,D.Knox,TE,BUF,LAC,0,0,0.0,0,0.0,0.0,0.0,0,0.0,0,2,2,26.0,0,2.6,4.6,,,76.0,254.0,26.99942105263158,4.0,Mississippi,2019.0,2019.0,BUF,96.0,,0.0952381
2023,18,00-0035689,D.Knox,TE,BUF,MIA,0,0,0.0,0,0.0,0.0,0.0,0,0.0,0,3,2,22.0,1,8.2,10.2,,,76.0,254.0,26.99942105263158,4.0,Mississippi,2019.0,2019.0,BUF,96.0,,0.08108108
2023,19,00-0035689,D.Knox,TE,BUF,PIT,0,0,0.0,0,0.0,0.0,0.0,0,0.0,0,2,1,9.0,1,6.9,7.9,,,76.0,254.0,26.99942105263158,4.0,Mississippi,2019.0,2019.0,BUF,96.0,14.0,0.06666667
2023,20,00-0035689,D.Knox,TE,BUF,KC,0,0,0.0,0,0.0,0.0,0.0,0,0.0,0,1,1,4.0,0,0.4,1.4,,,76.0,254.0,26.99942105263158,4.0,Mississippi,2019.0,2019.0,BUF,96.0,-3.0,0.027027028
2023,1,00-0035700,J.Jacobs,RB,LV,DEN,0,0,0.0,0,0.0,0.0,0.0,19,48.0,0,3,2,23.0,0,7.1,9.1,,,70.0,220.0,25.735882352941175,4.0,Alabama,2019.0,2019.0,OAK,24.0,,0.115384616
2023,2,00-0035700,J.Jacobs,RB,LV,BUF,0,0,0.0,0,0.0,0.0,0.0,9,-2.0,0,6,5,51.0,0,4.9,9.9,,,70.0,220.0,25.735882352941175,4.0,Alabama,2019.0,2019.0,OAK,24.0,,0.26086956
2023,3,00-0035700,J.Jacobs,RB,LV,PIT,0,0,0.0,0,0.0,0.0,0.0,17,62.0,0,5,3,18.0,0,8.0,11.0,,,70.0,220.0,25.735882352941175,4.0,Alabama,2019.0,2019.0,OAK,24.0,-5.0,0.11363637
2023,4,00-0035700,J.Jacobs,RB,LV,LAC,0,0,0.0,0,0.0,0.0,0.0,17,58.0,1,11,8,81.0,0,19.9,27.9,,,70.0,220.0,25.735882352941175,4.0,Alabama,2019.0,2019.0,OAK,24.0,,0.28947368
2023,5,00-0035700,J.Jacobs,RB,LV,GB,0,0,0.0,0,0.0,1.0,4.0,20,69.0,1,5,5,20.0,0,14.9,19.9,,,70.0,220.0,25.735882352941175,4.0,Alabama,2019.0,2019.0,OAK,24.0,4.0,0.1724138
2023,6,00-0035700,J.Jacobs,RB,LV,NE,0,0,0.0,0,0.0,0.0,0.0,25,77.0,0,5,2,16.0,0,9.3,11.3,,,70.0,220.0,25.735882352941175,4.0,Alabama,2019.0,2019.0,OAK,24.0,4.0,0.16129032
2023,7,00-0035700,J.Jacobs,RB,LV,CHI,0,0,0.0,0,0.0,0.0,0.0,11,35.0,0,4,1,6.0,0,4.1,5.1,,,70.0,220.0,25.735882352941175,4.0,Alabama,2019.0,2019.0,OAK,24.0,,0.08888889
2023,8,00-0035700,J.Jacobs,RB,LV,DET,0,0,0.0,0,0.0,0.0,0.0,15,61.0,1,4,2,27.0,0,14.8,16.8,,,70.0,220.0,25.735882352941175,4.0,Alabama,2019.0,2019.0,OAK,24.0,,0.1904762
2023,9,00-0035700,J.Jacobs,RB,LV,NYG,0,0,0.0,0,0.0,0.0,0.0,26,98.0,2,0,0,0.0,0,21.8,21.8,,,70.0,220.0,25.735882352941175,4.0,Alabama,2019.0,2019.0,OAK,24.0,24.0,
2023,10,00-0035700,J.Jacobs,RB,LV,NYJ,0,0,0.0,0,0.0,0.0,0.0,27,116.0,0,2,2,11.0,0,10.7,12.7,,,70.0,220.0,25.735882352941175,4.0,Alabama,2019.0,2019.0,OAK,24.0,4.0,0.08
2023,11,00-0035700,J.Jacobs,RB,LV,MIA,0,0,0.0,0,0.0,0.0,0.0,14,39.0,0,1,1,12.0,0,5.1,6.1,,,70.0,220.0,25.735882352941175,4.0,Alabama,2019.0,2019.0,OAK,24.0,,0.02631579
2023,12,00-0035700,J.Jacobs,RB,LV,KC,0,0,0.0,0,0.0,0.0,0.0,20,110.0,1,6,4,15.0,0,18.5,22.5,,,70.0,220.0,25.735882352941175,4.0,Alabama,2019.0,2019.0,OAK,24.0,-14.0,0.1875
2023,14,00-0035700,J.Jacobs,RB,LV,MIN,0,0,0.0,0,0.0,0.0,0.0,13,34.0,0,2,2,16.0,0,5.0,7.0,,,70.0,220.0,25.735882352941175,4.0,Alabama,2019.0,2019.0,OAK,24.0,-3.0,0.06896552
2023,2,00-0035703,M.Boykin,WR,PIT,CLE,0,0,0.0,0,0.0,0.0,0.0,0,0.0,0,1,1,5.0,0,0.5,1.5,,,76.0,220.0,27.08588888888889,4.0,Notre Dame,2019.0,2019.0,BAL,93.0,4.0,0.03448276
2023,5,00-0035703,M.Boykin,WR,PIT,BAL,0,0,0.0,0,0.0,0.0,0.0,0,0.0,0,1,0,0.0,0,0.0,0.0,,,76.0,220.0,27.08588888888889,4.0,Notre Dame,2019.0,2019.0,BAL,93.0,7.0,0.032258064
2023,9,00-0035703,M.Boykin,WR,PIT,TEN,0,0,0.0,0,0.0,0.0,0.0,0,0.0,0,1,1,6.0,0,0.6,1.6,,,76.0,220.0,27.08588888888889,4.0,Notre Dame,2019.0,2019.0,BAL,93.0,4.0,0.03448276
2023,16,00-0035703,M.Boykin,WR,PIT,CIN,0,0,0.0,0,0.0,0.0,0.0,0,0.0,0,1,1,6.0,0,0.6,1.6,,,76.0,220.0,27.08588888888889,4.0,Notre Dame,2019.0,2019.0,BAL,93.0,23.0,0.04
2023,4,00-0035704,D.Lock,QB,SEA,NYG,2,6,63.0,0,0.0,0.0,-0.0,1,11.0,0,0,0,0.0,0,3.62,3.62,,,76.0,228.0,26.99829411764706,4.0,Missouri,2019.0,2019.0,DEN,42.0,,
2023,11,00-0035704,D.Lock,QB,SEA,LA,2,6,3.0,0,1.0,0.0,-0.0,0,0.0,0,0,0,0.0,0,-1.88,-1.88,,,76.0,228.0,26.99829411764706,4.0,Missouri,2019.0,2019.0,DEN,42.0,,
2023,14,00-0035704,D.Lock,QB,SEA,SF,22,31,269.0,2,2.0,4.0,15.0,3,5.0,0,0,0,0.0,0,15.26,15.26,,,76.0,228.0,26.99829411764706,4.0,Missouri,2019.0,2019.0,DEN,42.0,,
2023,15,00-0035704,D.Lock,QB,SEA,PHI,22,33,208.0,1,0.0,2.0,11.0,1,-2.0,0,0,0,0.0,0,12.12,12.12,,,76.0,228.0,26.99829411764706,4.0,Missouri,2019.0,2019.0,DEN,42.0,3.0,
2023,1,00-0035710,D.Jones,QB,NYG,DAL,15,28,104.0,0,2.0,7.0,47.0,13,43.0,0,0,0,0.0,0,4.46,4.46,,,77.0,220.0,26.447823529411764,4.0,Duke,2019.0,2019.0,NYG,6.0,-40.0,
2023,2,00-0035710,D.Jones,QB,NYG,ARI,26,37,321.0,2,1.0,3.0,9.0,9,59.0,1,0,0,0.0,0,30.74,30.74,,,77.0,220.0,26.447823529411764,4.0,Duke,2019.0,2019.0,NYG,6.0,,
2023,3,00-0035710,D.Jones,QB,NYG,SF,22,32,137.0,0,1.0,2.0,16.0,2,5.0,0,0,0,0.0,0,3.98,3.98,,,77.0,220.0,26.447823529411764,4.0,Duke,2019.0,2019.0,NYG,6.0,,
2023,4,00-0035710,D.Jones,QB,NYG,SEA,27,34,203.0,0,2.0,10.0,59.0,10,66.0,0,0,0,0.0,0,8.72,8.72,,,77.0,220.0,26.447823529411764,4.0,Duke,2019.0,2019.0,NYG,6.0,-21.0,
2023,5,00-0035710,D.Jones,QB,NYG,MIA,14,20,119.0,0,0.0,6.0,19.0,4,24.0,0,0,0,0.0,0,7.16,7.16,,,77.0,220.0,26.447823529411764,4.0,Duke,2019.0,2019.0,NYG,6.0,,
2023,9,00-0035710,D.Jones,QB,NYG,LV,4,9,25.0,0,0.0,2.0,17.0,2,9.0,0,0,0,0.0,0,1.9,1.9,,,77.0,220.0,26.447823529411764,4.0,Duke,2019.0,2019.0,NYG,6.0,,
2023,11,00-0035715,D.Gore,RB,WAS,NYG,0,0,0.0,0,0.0,0.0,0.0,2,23.0,0,0,0,0.0,0,2.3,2.3,,,69.0,212.0,28.898764705882353,4.0,Louisiana-Monroe,2019.0,2019.0,,,-12.0,
2023,18,00-0035715,D.Gore,RB,WAS,DAL,0,0,0.0,0,0.0,0.0,0.0,1,3.0,0,0,0,0.0,0,0.3,0.3,,,69.0,212.0,28.898764705882353,4.0,Louisiana-Monroe,2019.0,2019.0,,,-28.0,
2023,1,00-0035719,D.Samuel,WR,SF,PIT,0,0,0.0,0,0.0,0.0,0.0,2,8.0,0,7,5,55.0,0,6.3,11.3,,,72.0,214.0,27.849,4.0,South Carolina,2019.0,2019.0,SF,36.0,,0.25
2023,2,00-0035719,D.Samuel,WR,SF,LA,0,0,0.0,0,0.0,0.0,0.0,5,38.0,1,9,6,63.0,0,16.1,22.1,,,72.0,214.0,27.849,4.0,South Carolina,2019.0,2019.0,SF,36.0,,0.375
2023,3,00-0035719,D.Samuel,WR,SF,NYG,0,0,0.0,0,0.0,0.0,0.0,1,2.0,0,12,6,129.0,1,19.1,25.1,,,72.0,214.0,27.849,4.0,South Carolina,2019.0,2019.0,SF,36.0,18.0,0.3529412
2023,4,00-0035719,D.Samuel,WR,SF,ARI,0,0,0.0,0,0.0,0.0,0.0,3,6.0,0,0,0,0.0,0,0.6,0.6,,,72.0,214.0,27.849,4.0,South Carolina,2019.0,2019.0,SF,36.0,19.0,
2023,5,00-0035719,D.Samuel,WR,SF,DAL,0,0,0.0,0,0.0,0.0,0.0,5,30.0,0,3,3,55.0,0,8.5,11.5,,,72.0,214.0,27.849,4.0,South Carolina,2019.0,2019.0,SF,36.0,32.0,0.12
2023,6,00-0035719,D.Samuel,WR,SF,CLE,0,0,0.0,0,0.0,0.0,0.0,2,11.0,0,1,0,0.0,0,1.1,1.1,,,72.0,214.0,27.849,4.0,South Carolina,2019.0,2019.0,SF,36.0,,0.041666668
2023,10,00-0035719,D.Samuel,WR,SF,JAX,0,0,0.0,0,0.0,0.0,0.0,3,29.0,1,4,4,30.0,0,11.9,15.9,,,72.0,214.0,27.849,4.0,South Carolina,2019.0,2019.0,SF,36.0,,0.14814815
2023,11,00-0035719,D.Samuel,WR,SF,TB,0,0,0.0,0,0.0,0.0,0.0,1,-1.0,0,4,3,63.0,0,6.2,9.2,,,72.0,214.0,27.849,4.0,South Carolina,2019.0,2019.0,SF,36.0,13.0,0.16
2023,12,00-0035719,D.Samuel,WR,SF,SEA,0,1,0.0,0,0.0,0.0,-0.0,4,15.0,1,9,7,79.0,0,15.4,22.4,,,72.0,214.0,27.849,4.0,South Carolina,2019.0,2019.0,SF,36.0,,0.3
2023,13,00-0035719,D.Samuel,WR,SF,PHI,0,0,0.0,0,0.0,0.0,0.0,3,22.0,1,4,4,116.0,2,31.8,35.8,,,72.0,214.0,27.849,4.0,South Carolina,2019.0,2019.0,SF,36.0,,0.16
2023,14,00-0035719,D.Samuel,WR,SF,SEA,0,0,0.0,0,0.0,0.0,0.0,1,1.0,1,9,7,149.0,1,27.0,34.0,,,72.0,214.0,27.849,4.0,South Carolina,2019.0,2019.0,SF,36.0,12.0,0.33333334
2023,15,00-0035719,D.Samuel,WR,SF,ARI,0,0,0.0,0,0.0,0.0,0.0,1,11.0,0,7,4,48.0,2,17.9,21.9,,,72.0,214.0,27.849,4.0,South Carolina,2019.0,2019.0,SF,36.0,,0.26923078
2023,16,00-0035719,D.Samuel,WR,SF,BAL,0,0,0.0,0,0.0,0.0,0.0,2,7.0,0,12,4,47.0,0,5.4,9.4,,,72.0,214.0,27.849,4.0,South Carolina,2019.0,2019.0,SF,36.0,-14.0,0.27272728
2023,17,00-0035719,D.Samuel,WR,SF,WAS,0,0,0.0,0,0.0,0.0,0.0,3,35.0,0,6,5,37.0,1,13.2,18.2,,,72.0,214.0,27.849,4.0,South Carolina,2019.0,2019.0,SF,36.0,,0.22222222
2023,18,00-0035719,D.Samuel,WR,SF,LA,0,0,0.0,0,0.0,0.0,0.0,1,11.0,0,2,2,21.0,0,3.2,5.2,,,72.0,214.0,27.849,4.0,South Carolina,2019.0,2019.0,SF,36.0,-1.0,0.08
2023,20,00-0035719,D.Samuel,WR,SF,GB,0,0,0.0,0,0.0,0.0,0.0,0,0.0,0,2,2,24.0,0,2.4,4.4,,,72.0,214.0,27.849,4.0,South Carolina,2019.0,2019.0,SF,36.0,3.0,0.055555556
2023,21,00-0035719,D.Samuel,WR,SF,DET,0,0,0.0,0,0.0,0.0,0.0,3,7.0,0,9,8,89.0,0,9.6,17.6,,,72.0,214.0,27.849,4.0,South Carolina,2019.0,2019.0,SF,36.0,3.0,0.3
2023,22,00-0035719,D.Samuel,WR,SF,KC,0,0,0.0,0,0.0,0.0,0.0,3,8.0,0,11,3,33.0,0,4.1,7.1,,,72.0,214.0,27.849,4.0,South Carolina,2019.0,2019.0,SF,36.0,,0.2972973
2023,4,00-0035726,J.Johnson,FB,LV,LAC,0,0,0.0,0,0.0,0.0,0.0,0,0.0,0,2,1,12.0,0,1.2,2.2,,,75.0,255.0,28.89541176470588,4.0,Tennessee,2019.0,2019.0,,,,0.05263158
2023,3,00-0035771,M.Wilcox,TE,CIN,LA,0,0,0.0,0,0.0,0.0,0.0,0,0.0,0,3,2,10.0,0,1.0,3.0,,,76.0,245.0,27.004411764705882,3.0,South Florida,2020.0,2020.0,,,3.0,0.06521739
2023,4,00-0035771,M.Wilcox,TE,CIN,TEN,0,0,0.0,0,0.0,0.0,0.0,0,0.0,0,1,1,7.0,0,0.7,1.7,,,76.0,245.0,27.004411764705882,3.0,South Florida,2020.0,2020.0,,,,0.037037037
2023,10,00-0035771,M.Wilcox,TE,CIN,HOU,0,0,0.0,0,0.0,0.0,0.0,0,0.0,0,1,0,0.0,0,0.0,0.0,,,76.0,245.0,27.004411764705882,3.0,South Florida,2020.0,2020.0,,,-3.0,0.025641026
2023,12,00-0035771,M.Wilcox,TE,CIN,PIT,0,0,0.0,0,0.0,0.0,0.0,0,0.0,0,1,1,1.0,0,0.1,1.1,,,76.0,245.0,27.004411764705882,3.0,South Florida,2020.0,2020.0,,,-6.0,0.04
2023,13,00-0035771,M.Wilcox,TE,CIN,JAX,0,0,0.0,0,0.0,0.0,0.0,0,0.0,0,1,1,12.0,0,1.2,2.2,,,76.0,245.0,27.004411764705882,3.0,South Florida,2020.0,2020.0,,,,0.027027028
2023,14,00-0035771,M.Wilcox,TE,CIN,IND,0,0,0.0,0,0.0,0.0,0.0,0,0.0,0,1,1,0.0,0,0.0,1.0,,,76.0,245.0,27.004411764705882,3.0,South Florida,2020.0,2020.0,,,20.0,0.04
2023,15,00-0035771,M.Wilcox,TE,CIN,MIN,0,0,0.0,0,0.0,0.0,0.0,0,0.0,0,2,2,20.0,0,2.0,4.0,,,76.0,245.0,27.004411764705882,3.0,South Florida,2020.0,2020.0,,,3.0,0.05
2023,16,00-0035771,M.Wilcox,TE,CIN,PIT,0,0,0.0,0,0.0,0.0,0.0,0,0.0,0,1,1,6.0,0,0.6,1.6,,,76.0,245.0,27.004411764705882,3.0,South Florida,2020.0,2020.0,,,,0.025
2023,17,00-0035771,M.Wilcox,TE,CIN,KC,0,0,0.0,0,0.0,0.0,0.0,0,0.0,0,1,0,0.0,0,0.0,0.0,,,76.0,245.0,27.004411764705882,3.0,South Florida,2020.0,2020.0,,,,0.032258064
2023,4,00-0035806,J.Hasty,RB,JAX,ATL,0,0,0.0,0,0.0,0.0,0.0,0,0.0,0,2,0,0.0,0,0.0,0.0,,,68.0,205.0,27.1530625,3.0,Baylor,2020.0,2020.0,,,16.0,0.06666667
2023,13,00-0035831,J.Robinson,RB,GB,KC,0,0,0.0,0,0.0,0.0,0.0,1,2.0,0,1,1,-2.0,0,0.0,1.0,,,69.0,220.0,25.293090909090907,3.0,Illinois State,2020.0,2020.0,,,8.0,0.028571429
2023,12,00-0035859,B.Gillikin,P,ARI,LA,0,0,0.0,0,0.0,0.0,0.0,1,10.0,0,0,0,0.0,0,1.0,1.0,,,74.0,196.0,25.817785714285716,3.0,Penn State,2020.0,2020.0,,,-23.0,
2023,1,00-0035860,T.Jones,RB,NO,TEN,0,0,0.0,0,0.0,0.0,0.0,1,5.0,0,0,0,0.0,0,0.5,0.5,,,71.0,225.0,25.95129411764706,3.0,Notre Dame,2020.0,2020.0,,,1.0,
2023,2,00-0035860,T.Jones,RB,NO,CAR,0,0,0.0,0,0.0,0.0,0.0,12,34.0,2,2,0,0.0,0,15.4,15.4,,,71.0,225.0,25.95129411764706,3.0,Notre Dame,2020.0,2020.0,,,,0.05882353
2023,3,00-0035860,T.Jones,RB,NO,GB,0,0,0.0,0,0.0,0.0,0.0,8,31.0,0,4,4,21.0,0,5.2,9.2,,,71.0,225.0,25.95129411764706,3.0,Notre Dame,2020.0,2020.0,,,,0.11764706
2023,9,00-0035860,T.Jones,RB,ARI,CLE,0,0,0.0,0,0.0,0.0,0.0,3,2.0,0,3,2,5.0,0,0.7,2.7,,,71.0,225.0,25.95129411764706,3.0,Notre Dame,2020.0,2020.0,,,,0.15
2023,10,00-0035860,T.Jones,RB,ARI,ATL,0,0,0.0,0,0.0,0.0,0.0,1,13.0,0,0,0,0.0,0,1.3,1.3,,,71.0,225.0,25.95129411764706,3.0,Notre Dame,2020.0,2020.0,,,2.0,
2023,11,00-0035860,T.Jones,RB,ARI,HOU,0,0,0.0,0,0.0,0.0,0.0,1,10.0,0,1,1,11.0,0,2.1,3.1,,,71.0,225.0,25.95129411764706,3.0,Notre Dame,2020.0,2020.0,,,,0.03448276
2023,16,00-0035889,T.Townsend,P,KC,LV,1,1,11.0,0,0.0,0.0,-0.0,0,0.0,0,0,0,0.0,0,0.44,0.44,,,73.0,176.0,27.028380952380953,3.0,Florida,2020.0,2020.0,,,-6.0,
2023,17,00-0035924,J.Ward,RB,TEN,HOU,0,0,0.0,0,0.0,0.0,0.0,3,11.0,0,0,0,0.0,0,1.1,1.1,,,72.0,202.0,26.15433333333333,3.0,Central Michigan,2020.0,2020.0,,,,
2023,7,00-0035934,T.Jackson,WR,MIN,SF,0,0,0.0,0,0.0,0.0,0.0,0,0.0,0,1,1,7.0,0,0.7,1.7,,,73.0,191.0,25.66435294117647,3.0,Syracuse,2020.0,2020.0,,,5.0,0.023255814
2023,9,00-0035934,T.Jackson,WR,MIN,ATL,0,0,0.0,0,0.0,0.0,0.0,0,0.0,0,3,1,2.0,0,2.2,3.2,,,73.0,191.0,25.66435294117647,3.0,Syracuse,2020.0,2020.0,,,,0.08571429
2023,1,00-0035956,G.Ricci,TE,CAR,ATL,0,0,0.0,0,0.0,0.0,0.0,0,0.0,0,1,1,2.0,0,0.2,1.2,,,75.0,240.0,27.064823529411765,3.0,Western Michigan,2020.0,2020.0,,,,0.032258064
2023,1,00-0035973,P.Taylor,RB,GB,CHI,0,0,0.0,0,0.0,0.0,0.0,5,22.0,0,0,0,0.0,0,2.2,2.2,,,73.0,223.0,25.55177777777778,3.0,Memphis,2020.0,2020.0,,,,
2023,2,00-0035973,P.Taylor,RB,GB,ATL,0,0,0.0,0,0.0,0.0,0.0,1,1.0,0,1,0,0.0,0,0.1,0.1,,,73.0,223.0,25.55177777777778,3.0,Memphis,2020.0,2020.0,,,,0.04
2023,3,00-0035973,P.Taylor,RB,GB,NO,0,0,0.0,0,0.0,0.0,0.0,3,6.0,0,4,3,23.0,0,2.9,5.9,,,73.0,223.0,25.55177777777778,3.0,Memphis,2020.0,2020.0,,,1.0,0.093023255
2023,5,00-0035973,P.Taylor,RB,GB,LV,0,0,0.0,0,0.0,0.0,0.0,2,2.0,0,5,2,5.0,0,0.7,2.7,,,73.0,223.0,25.55177777777778,3.0,Memphis,2020.0,2020.0,,,,0.1724138
2023,12,00-0035973,P.Taylor,RB,GB,DET,0,0,0.0,0,0.0,0.0,0.0,3,11.0,0,1,1,4.0,0,1.5,2.5,,,73.0,223.0,25.55177777777778,3.0,Memphis,2020.0,2020.0,,,,0.033333335
2023,13,00-0035973,P.Taylor,RB,GB,KC,0,0,0.0,0,0.0,0.0,0.0,2,29.0,0,1,0,0.0,0,2.9,2.9,,,73.0,223.0,25.55177777777778,3.0,Memphis,2020.0,2020.0,,,8.0,0.028571429
2023,14,00-0035973,P.Taylor,RB,GB,NYG,0,0,0.0,0,0.0,0.0,0.0,4,30.0,0,2,2,22.0,0,5.2,7.2,,,73.0,223.0,25.55177777777778,3.0,Memphis,2020.0,2020.0,,,,0.05263158
2023,15,00-0035973,P.Taylor,RB,GB,TB,0,0,0.0,0,0.0,0.0,0.0,1,6.0,0,2,2,-4.0,0,0.2,2.2,,,73.0,223.0,25.55177777777778,3.0,Memphis,2020.0,2020.0,,,-14.0,0.055555556
2023,16,00-0035973,P.Taylor,RB,GB,CAR,0,0,0.0,0,0.0,0.0,0.0,3,4.0,0,1,1,-1.0,0,0.3,1.3,,,73.0,223.0,25.55177777777778,3.0,Memphis,2020.0,2020.0,,,,0.03846154
2023,17,00-0035973,P.Taylor,RB,GB,MIN,0,0,0.0,0,0.0,0.0,0.0,8,30.0,0,0,0,0.0,0,3.0,3.0,,,73.0,223.0,25.55177777777778,3.0,Memphis,2020.0,2020.0,,,,
2023,19,00-0035973,P.Taylor,RB,GB,DAL,0,0,0.0,0,0.0,0.0,0.0,3,6.0,0,0,0,0.0,0,0.6,0.6,,,73.0,223.0,25.55177777777778,3.0,Memphis,2020.0,2020.0,,,,
2023,4,00-0035993,T.Huntley,QB,BAL,CLE,0,0,0.0,0,0.0,0.0,0.0,2,8.0,0,0,0,0.0,0,0.8,0.8,,,73.0,205.0,25.779842105263157,3.0,Utah,2020.0,2020.0,,,,
2023,7,00-0035993,T.Huntley,QB,BAL,DET,0,1,0.0,0,0.0,0.0,-0.0,0,0.0,0,0,0,0.0,0,0.0,0.0,,,73.0,205.0,25.779842105263157,3.0,Utah,2020.0,2020.0,,,32.0,
2023,9,00-0035993,T.Huntley,QB,BAL,SEA,5,7,38.0,1,0.0,0.0,-0.0,4,8.0,0,0,0,0.0,0,6.32,6.32,,,73.0,205.0,25.779842105263157,3.0,Utah,2020.0,2020.0,,,34.0,
2023,17,00-0035993,T.Huntley,QB,BAL,MIA,1,1,19.0,1,0.0,0.0,-0.0,1,-1.0,0,0,0,0.0,0,4.66,4.66,,,73.0,205.0,25.779842105263157,3.0,Utah,2020.0,2020.0,,,37.0,
2023,18,00-0035993,T.Huntley,QB,BAL,PIT,15,28,146.0,1,0.0,4.0,28.0,8,40.0,0,0,0,0.0,0,13.84,13.84,,,73.0,205.0,25.779842105263157,3.0,Utah,2020.0,2020.0,,,-7.0,
2023,1,00-0036020,S.Ahmed,RB,MIA,LAC,0,0,0.0,0,0.0,0.0,0.0,3,11.0,0,3,0,0.0,0,1.1,1.1,,,71.0,196.0,24.87022222222222,3.0,Washington,2020.0,2020.0,,,,0.06818182
2023,2,00-0036020,S.Ahmed,RB,MIA,NE,0,0,0.0,0,0.0,0.0,0.0,3,13.0,0,3,3,28.0,0,4.1,7.1,,,71.0,196.0,24.87022222222222,3.0,Washington,2020.0,2020.0,,,,0.10344828
2023,6,00-0036020,S.Ahmed,RB,MIA,CAR,0,0,0.0,0,0.0,0.0,0.0,6,23.0,1,5,3,11.0,0,9.4,12.4,,,71.0,196.0,24.87022222222222,3.0,Washington,2020.0,2020.0,,,21.0,0.16666667
2023,7,00-0036020,S.Ahmed,RB,MIA,PHI,0,0,0.0,0,0.0,0.0,0.0,2,3.0,0,2,1,0.0,0,0.3,1.3,,,71.0,196.0,24.87022222222222,3.0,Washington,2020.0,2020.0,,,,0.0625
2023,8,00-0036020,S.Ahmed,RB,MIA,NE,0,0,0.0,0,0.0,0.0,0.0,2,1.0,0,4,4,16.0,0,1.7,5.7,,,71.0,196.0,24.87022222222222,3.0,Washington,2020.0,2020.0,,,14.0,0.09090909
2023,9,00-0036020,S.Ahmed,RB,MIA,KC,0,0,0.0,0,0.0,0.0,0.0,3,4.0,0,3,2,8.0,0,1.2,3.2,,,71.0,196.0,24.87022222222222,3.0,Washington,2020.0,2020.0,,,,0.09090909
2023,11,00-0036020,S.Ahmed,RB,MIA,LV,0,0,0.0,0,0.0,0.0,0.0,3,6.0,0,3,3,25.0,1,9.1,12.1,,,71.0,196.0,24.87022222222222,3.0,Washington,2020.0,2020.0,,,7.0,0.083333336
2023,6,00-0036032,S.McKeon,TE,DAL,LAC,0,0,0.0,0,0.0,0.0,0.0,0,0.0,0,1,0,0.0,0,0.0,0.0,,,77.0,246.0,25.875055555555555,3.0,Michigan,2020.0,2020.0,,,,0.033333335
2023,8,00-0036032,S.McKeon,TE,DAL,LA,0,0,0.0,0,0.0,0.0,0.0,0,0.0,0,1,0,0.0,0,0.0,0.0,,,77.0,246.0,25.875055555555555,3.0,Michigan,2020.0,2020.0,,,23.0,0.029411765
2023,1,00-0036040,J.Johnson,TE,NO,TEN,0,0,0.0,0,0.0,0.0,0.0,0,0.0,0,5,3,36.0,0,3.6,6.6,,,76.0,231.0,27.150235294117646,3.0,Oregon,2020.0,2020.0,,,1.0,0.15151516
2023,2,00-0036040,J.Johnson,TE,NO,CAR,0,0,0.0,0,0.0,0.0,0.0,0,0.0,0,3,2,13.0,0,1.3,3.3,,,76.0,231.0,27.150235294117646,3.0,Oregon,2020.0,2020.0,,,,0.0882353
2023,3,00-0036040,J.Johnson,TE,NO,GB,0,0,0.0,0,0.0,0.0,0.0,0,0.0,0,4,2,12.0,0,1.2,3.2,,,76.0,231.0,27.150235294117646,3.0,Oregon,2020.0,2020.0,,,,0.11764706
2023,8,00-0036040,J.Johnson,TE,NO,IND,0,0,0.0,0,0.0,0.0,0.0,0,0.0,0,2,1,5.0,0,0.5,1.5,,,76.0,231.0,27.150235294117646,3.0,Oregon,2020.0,2020.0,,,,0.06896552
2023,9,00-0036040,J.Johnson,TE,NO,CHI,0,0,0.0,0,0.0,0.0,0.0,0,0.0,0,5,5,29.0,1,8.9,13.9,,,76.0,231.0,27.150235294117646,3.0,Oregon,2020.0,2020.0,,,7.0,0.15625
2023,10,00-0036040,J.Johnson,TE,NO,MIN,0,0,0.0,0,0.0,0.0,0.0,0,0.0,0,3,1,2.0,0,0.2,1.2,,,76.0,231.0,27.150235294117646,3.0,Oregon,2020.0,2020.0,,,,0.075
2023,12,00-0036040,J.Johnson,TE,NO,ATL,0,0,0.0,0,0.0,0.0,0.0,0,0.0,0,7,4,45.0,0,4.5,8.5,,,76.0,231.0,27.150235294117646,3.0,Oregon,2020.0,2020.0,,,,0.1891892
2023,13,00-0036040,J.Johnson,TE,NO,DET,0,0,0.0,0,0.0,0.0,0.0,0,0.0,0,3,0,0.0,0,0.0,0.0,,,76.0,231.0,27.150235294117646,3.0,Oregon,2020.0,2020.0,,,-5.0,0.10344828
2023,14,00-0036040,J.Johnson,TE,NO,CAR,0,0,0.0,0,0.0,0.0,0.0,0,0.0,0,3,2,10.0,0,1.0,3.0,,,76.0,231.0,27.150235294117646,3.0,Oregon,2020.0,2020.0,,,22.0,0.13636364
2023,15,00-0036040,J.Johnson,TE,NO,NYG,0,0,0.0,0,0.0,0.0,0.0,0,0.0,0,2,2,38.0,1,9.8,11.8,,,76.0,231.0,27.150235294117646,3.0,Oregon,2020.0,2020.0,,,18.0,0.071428575
2023,16,00-0036040,J.Johnson,TE,NO,LA,0,0,0.0,0,0.0,0.0,0.0,0,0.0,0,7,4,48.0,1,10.8,14.8,,,76.0,231.0,27.150235294117646,3.0,Oregon,2020.0,2020.0,,,,0.175
2023,17,00-0036040,J.Johnson,TE,NO,TB,0,0,0.0,0,0.0,0.0,0.0,0,0.0,0,12,8,90.0,1,15.0,23.0,,,76.0,231.0,27.150235294117646,3.0,Oregon,2020.0,2020.0,,,,0.3529412
2023,18,00-0036040,J.Johnson,TE,NO,ATL,0,0,0.0,0,0.0,0.0,0.0,0,0.0,0,3,3,40.0,0,4.0,7.0,,,76.0,231.0,27.150235294117646,3.0,Oregon,2020.0,2020.0,,,31.0,0.12
2023,17,00-0036124,K.Dorsey,CB,DET,DAL,0,0,0.0,0,0.0,0.0,0.0,0,0.0,0,1,1,31.0,0,3.1,4.1,,,68.0,170.0,25.63775,3.0,Northern Arizona,2020.0,2020.0,,,,0.03125
2023,4,00-0036132,B.Bredeson,G,NYG,SEA,0,0,0.0,0,0.0,0.0,0.0,0,0.0,0,1,1,0.0,0,0.0,1.0,,,77.0,325.0,25.71135294117647,3.0,Michigan,2020.0,2020.0,BAL,143.0,-21.0,0.03125
2023,10,00-0036133,J.Proche,WR,CLE,BAL,0,0,0.0,0,0.0,0.0,0.0,0,0.0,0,1,0,0.0,0,0.0,0.0,,,71.0,193.0,27.198083333333333,3.0,Southern Methodist,2020.0,2020.0,BAL,201.0,,0.03125
2023,18,00-0036133,J.Proche,WR,CLE,CIN,0,0,0.0,0,0.0,0.0,0.0,0,0.0,0,4,0,0.0,0,0.0,0.0,,,71.0,193.0,27.198083333333333,3.0,Southern Methodist,2020.0,2020.0,BAL,201.0,,0.16
2023,1,00-0036139,R.Dowdle,RB,DAL,NYG,0,0,0.0,0,0.0,0.0,0.0,6,24.0,0,0,0,0.0,0,2.4,2.4,,,72.0,215.0,25.415055555555554,3.0,South Carolina,2020.0,2020.0,,,,
2023,2,00-0036139,R.Dowdle,RB,DAL,NYJ,0,0,0.0,0,0.0,0.0,0.0,7,26.0,0,1,1,17.0,0,4.3,5.3,,,72.0,215.0,25.415055555555554,3.0,South Carolina,2020.0,2020.0,,,20.0,0.027027028
2023,3,00-0036139,R.Dowdle,RB,DAL,ARI,0,0,0.0,0,0.0,0.0,0.0,4,21.0,0,3,3,25.0,1,10.6,13.6,,,72.0,215.0,25.415055555555554,3.0,South Carolina,2020.0,2020.0,,,,0.08108108
2023,4,00-0036139,R.Dowdle,RB,DAL,NE,0,0,0.0,0,0.0,0.0,0.0,3,9.0,0,1,1,8.0,0,1.7,2.7,,,72.0,215.0,25.415055555555554,3.0,South Carolina,2020.0,2020.0,,,35.0,0.027777778
2023,5,00-0036139,R.Dowdle,RB,DAL,SF,0,0,0.0,0,0.0,0.0,0.0,5,15.0,0,1,0,0.0,0,1.5,1.5,,,72.0,215.0,25.415055555555554,3.0,South Carolina,2020.0,2020.0,,,,0.03846154
2023,6,00-0036139,R.Dowdle,RB,DAL,LAC,0,0,0.0,0,0.0,0.0,0.0,3,12.0,0,0,0,0.0,0,1.2,1.2,,,72.0,215.0,25.415055555555554,3.0,South Carolina,2020.0,2020.0,,,,
2023,8,00-0036139,R.Dowdle,RB,DAL,LA,0,0,0.0,0,0.0,0.0,0.0,5,18.0,0,2,2,7.0,0,2.5,4.5,,,72.0,215.0,25.415055555555554,3.0,South Carolina,2020.0,2020.0,,,23.0,0.05882353
2023,9,00-0036139,R.Dowdle,RB,DAL,PHI,0,0,0.0,0,0.0,0.0,0.0,2,8.0,0,0,0,0.0,0,0.8,0.8,,,72.0,215.0,25.415055555555554,3.0,South Carolina,2020.0,2020.0,,,,
2023,10,00-0036139,R.Dowdle,RB,DAL,NYG,0,0,0.0,0,0.0,0.0,0.0,12,79.0,1,0,0,0.0,0,13.9,13.9,,,72.0,215.0,25.415055555555554,3.0,South Carolina,2020.0,2020.0,,,32.0,
2023,11,00-0036139,R.Dowdle,RB,DAL,CAR,0,0,0.0,0,0.0,0.0,0.0,8,23.0,0,2,2,-3.0,0,2.0,4.0,,,72.0,215.0,25.415055555555554,3.0,South Carolina,2020.0,2020.0,,,,0.05
2023,12,00-0036139,R.Dowdle,RB,DAL,WAS,0,0,0.0,0,0.0,0.0,0.0,3,11.0,0,1,1,15.0,1,8.6,9.6,,,72.0,215.0,25.415055555555554,3.0,South Carolina,2020.0,2020.0,,,35.0,0.03125
2023,13,00-0036139,R.Dowdle,RB,DAL,SEA,0,0,0.0,0,0.0,0.0,0.0,5,15.0,0,1,1,7.0,0,2.2,3.2,,,72.0,215.0,25.415055555555554,3.0,South Carolina,2020.0,2020.0,,,6.0,0.025
2023,14,00-0036139,R.Dowdle,RB,DAL,PHI,0,0,0.0,0,0.0,0.0,0.0,12,46.0,1,1,1,6.0,0,11.2,12.2,,,72.0,215.0,25.415055555555554,3.0,South Carolina,2020.0,2020.0,,,20.0,0.025641026
2023,15,00-0036139,R.Dowdle,RB,DAL,BUF,0,0,0.0,0,0.0,0.0,0.0,3,4.0,0,3,2,8.0,0,1.2,3.2,,,72.0,215.0,25.415055555555554,3.0,South Carolina,2020.0,2020.0,,,,0.09375
2023,16,00-0036139,R.Dowdle,RB,DAL,MIA,0,0,0.0,0,0.0,0.0,0.0,2,4.0,0,2,0,0.0,0,0.4,0.4,,,72.0,215.0,25.415055555555554,3.0,South Carolina,2020.0,2020.0,,,,0.0625
2023,18,00-0036139,R.Dowdle,RB,DAL,WAS,0,0,0.0,0,0.0,0.0,0.0,9,46.0,0,4,3,54.0,0,10.0,13.0,,,72.0,215.0,25.415055555555554,3.0,South Carolina,2020.0,2020.0,,,,0.1
2023,19,00-0036139,R.Dowdle,RB,DAL,GB,0,0,0.0,0,0.0,0.0,0.0,2,11.0,0,3,2,14.0,0,4.5,6.5,,,72.0,215.0,25.415055555555554,3.0,South Carolina,2020.0,2020.0,,,-16.0,0.05172414
2023,1,00-0036145,L.Cager,TE,NYG,DAL,0,0,0.0,0,0.0,0.0,0.0,0,0.0,0,2,2,17.0,0,1.7,3.7,,,77.0,220.0,26.215,3.0,Georgia,2020.0,2020.0,,,-40.0,0.06896552
2023,10,00-0036145,L.Cager,TE,NYG,DAL,0,0,0.0,0,0.0,0.0,0.0,0,0.0,0,2,1,10.0,1,7.0,8.0,,,77.0,220.0,26.215,3.0,Georgia,2020.0,2020.0,,,,0.07692308
2023,15,00-0036145,L.Cager,TE,NYG,NO,0,0,0.0,0,0.0,0.0,0.0,0,0.0,0,1,1,9.0,0,0.9,1.9,,,77.0,220.0,26.215,3.0,Georgia,2020.0,2020.0,,,,0.029411765
2023,1,00-0036158,J.Dobbins,RB,BAL,HOU,0,0,0.0,0,0.0,0.0,0.0,8,22.0,1,3,2,15.0,0,9.7,11.7,,,70.0,214.0,24.911894736842108,3.0,Ohio State,2020.0,2020.0,BAL,55.0,16.0,0.14285715
2023,1,00-0036165,I.Hodgins,WR,NYG,DAL,0,0,0.0,0,0.0,0.0,0.0,0,0.0,0,3,1,24.0,0,0.4,1.4,,,75.0,209.0,25.046,3.0,Oregon State,2020.0,2020.0,BUF,207.0,-40.0,0.10344828
2023,2,00-0036165,I.Hodgins,WR,NYG,ARI,0,0,0.0,0,0.0,0.0,0.0,0,0.0,0,5,4,40.0,1,10.0,14.0,,,75.0,209.0,25.046,3.0,Oregon State,2020.0,2020.0,BUF,207.0,,0.14285715
2023,3,00-0036165,I.Hodgins,WR,NYG,SF,0,0,0.0,0,0.0,0.0,0.0,0,0.0,0,1,0,0.0,0,0.0,0.0,,,75.0,209.0,25.046,3.0,Oregon State,2020.0,2020.0,BUF,207.0,,0.03125
2023,4,00-0036165,I.Hodgins,WR,NYG,SEA,0,0,0.0,0,0.0,0.0,0.0,0,0.0,0,3,3,24.0,0,2.4,5.4,,,75.0,209.0,25.046,3.0,Oregon State,2020.0,2020.0,BUF,207.0,-21.0,0.09375
2023,5,00-0036165,I.Hodgins,WR,NYG,MIA,0,0,0.0,0,0.0,0.0,0.0,0,0.0,0,2,2,19.0,0,1.9,3.9,,,75.0,209.0,25.046,3.0,Oregon State,2020.0,2020.0,BUF,207.0,,0.06666667
2023,7,00-0036165,I.Hodgins,WR,NYG,WAS,0,0,0.0,0,0.0,0.0,0.0,0,0.0,0,4,2,13.0,0,1.3,3.3,,,75.0,209.0,25.046,3.0,Oregon State,2020.0,2020.0,BUF,207.0,7.0,0.14814815
2023,9,00-0036165,I.Hodgins,WR,NYG,LV,0,0,0.0,0,0.0,0.0,0.0,0,0.0,0,1,0,0.0,0,0.0,0.0,,,75.0,209.0,25.046,3.0,Oregon State,2020.0,2020.0,BUF,207.0,,0.03448276
2023,10,00-0036165,I.Hodgins,WR,NYG,DAL,0,0,0.0,0,0.0,0.0,0.0,0,0.0,0,2,0,0.0,0,0.0,0.0,,,75.0,209.0,25.046,3.0,Oregon State,2020.0,2020.0,BUF,207.0,,0.07692308
2023,11,00-0036165,I.Hodgins,WR,NYG,WAS,0,0,0.0,0,0.0,0.0,0.0,0,0.0,0,3,2,22.0,0,2.2,4.2,,,75.0,209.0,25.046,3.0,Oregon State,2020.0,2020.0,BUF,207.0,,0.115384616
2023,12,00-0036165,I.Hodgins,WR,NYG,NE,0,0,0.0,0,0.0,0.0,0.0,0,0.0,0,1,1,12.0,1,7.2,8.2,,,75.0,209.0,25.046,3.0,Oregon State,2020.0,2020.0,BUF,207.0,3.0,0.041666668
2023,14,00-0036165,I.Hodgins,WR,NYG,GB,0,0,0.0,0,0.0,0.0,0.0,0,0.0,0,2,2,22.0,1,8.2,10.2,,,75.0,209.0,25.046,3.0,Oregon State,2020.0,2020.0,BUF,207.0,2.0,0.1
2023,15,00-0036165,I.Hodgins,WR,NYG,NO,0,0,0.0,0,0.0,0.0,0.0,0,0.0,0,1,0,0.0,0,0.0,0.0,,,75.0,209.0,25.046,3.0,Oregon State,2020.0,2020.0,BUF,207.0,,0.029411765
2023,17,00-0036165,I.Hodgins,WR,NYG,LA,0,0,0.0,0,0.0,0.0,0.0,0,0.0,0,2,1,18.0,0,1.8,2.8,,,75.0,209.0,25.046,3.0,Oregon State,2020.0,2020.0,BUF,207.0,-1.0,0.051282052
2023,18,00-0036165,I.Hodgins,WR,NYG,PHI,0,0,0.0,0,0.0,0.0,0.0,0,0.0,0,3,3,36.0,0,3.6,6.6,,,75.0,209.0,25.046,3.0,Oregon State,2020.0,2020.0,BUF,207.0,17.0,0.09375
2023,16,00-0036176,M.Kinsey,WR,TEN,SEA,0,0,0.0,0,0.0,0.0,0.0,0,0.0,0,1,1,6.0,0,0.6,1.6,,,71.0,195.0,25.197529411764705,3.0,Berry,2020.0,2020.0,,,-3.0,0.04
2023,1,00-0036182,N.Westbrook-Ikhine,WR,TEN,NO,0,0,0.0,0,0.0,0.0,0.0,0,0.0,0,7,4,58.0,0,5.8,9.8,,,74.0,215.0,26.637647058823532,3.0,Indiana,2020.0,2020.0,,,,0.21212122
2023,2,00-0036182,N.Westbrook-Ikhine,WR,TEN,LAC,0,0,0.0,0,0.0,0.0,0.0,0,0.0,0,3,3,25.0,1,8.5,11.5,,,74.0,215.0,26.637647058823532,3.0,Indiana,2020.0,2020.0,,,3.0,0.125
2023,4,00-0036182,N.Westbrook-Ikhine,WR,TEN,CIN,0,0,0.0,0,0.0,0.0,0.0,0,0.0,0,6,5,51.0,1,11.1,16.1,,,74.0,215.0,26.637647058823532,3.0,Indiana,2020.0,2020.0,,,24.0,0.23076923
2023,5,00-0036182,N.Westbrook-Ikhine,WR,TEN,IND,0,0,0.0,0,0.0,0.0,0.0,0,0.0,0,3,1,9.0,0,0.9,1.9,,,74.0,215.0,26.637647058823532,3.0,Indiana,2020.0,2020.0,,,,0.0882353
2023,6,00-0036182,N.Westbrook-Ikhine,WR,TEN,BAL,0,0,0.0,0,0.0,0.0,0.0,0,0.0,0,4,3,25.0,0,2.5,5.5,,,74.0,215.0,26.637647058823532,3.0,Indiana,2020.0,2020.0,,,-8.0,0.2
2023,8,00-0036182,N.Westbrook-Ikhine,WR,TEN,ATL,0,0,0.0,0,0.0,0.0,0.0,0,0.0,0,2,1,33.0,1,9.3,10.3,,,74.0,215.0,26.637647058823532,3.0,Indiana,2020.0,2020.0,,,5.0,0.07692308
2023,9,00-0036182,N.Westbrook-Ikhine,WR,TEN,PIT,0,0,0.0,0,0.0,0.0,0.0,0,0.0,0,1,1,23.0,0,2.3,3.3,,,74.0,215.0,26.637647058823532,3.0,Indiana,2020.0,2020.0,,,,0.027027028
2023,10,00-0036182,N.Westbrook-Ikhine,WR,TEN,TB,0,0,0.0,0,0.0,0.0,0.0,0,0.0,0,4,1,9.0,0,0.9,1.9,,,74.0,215.0,26.637647058823532,3.0,Indiana,2020.0,2020.0,,,,0.102564104
2023,11,00-0036182,N.Westbrook-Ikhine,WR,TEN,JAX,0,0,0.0,0,0.0,0.0,0.0,0,0.0,0,1,1,7.0,0,0.7,1.7,,,74.0,215.0,26.637647058823532,3.0,Indiana,2020.0,2020.0,,,,0.05882353
2023,12,00-0036182,N.Westbrook-Ikhine,WR,TEN,CAR,0,0,0.0,0,0.0,0.0,0.0,0,0.0,0,5,4,41.0,0,4.1,8.1,,,74.0,215.0,26.637647058823532,3.0,Indiana,2020.0,2020.0,,,7.0,0.18518518
2023,13,00-0036182,N.Westbrook-Ikhine,WR,TEN,IND,0,0,0.0,0,0.0,0.0,0.0,0,0.0,0,3,1,28.0,0,2.8,3.8,,,74.0,215.0,26.637647058823532,3.0,Indiana,2020.0,2020.0,,,-3.0,0.09090909
2023,14,00-0036182,N.Westbrook-Ikhine,WR,TEN,MIA,0,0,0.0,0,0.0,0.0,0.0,0,0.0,0,4,2,28.0,0,4.8,6.8,,,74.0,215.0,26.637647058823532,3.0,Indiana,2020.0,2020.0,,,,0.11111111
2023,15,00-0036182,N.Westbrook-Ikhine,WR,TEN,HOU,0,0,0.0,0,0.0,0.0,0.0,0,0.0,0,2,1,33.0,0,3.3,4.3,,,74.0,215.0,26.637647058823532,3.0,Indiana,2020.0,2020.0,,,-3.0,0.07692308
2023,2,00-0036187,R.Gilliam,FB,BUF,LV,0,0,0.0,0,0.0,0.0,0.0,0,0.0,0,1,1,3.0,0,0.3,1.3,,,72.0,255.0,26.235473684210525,3.0,Toledo,2020.0,2020.0,,,28.0,0.027777778
2023,1,00-0036196,G.Davis,WR,BUF,NYJ,0,0,0.0,0,0.0,0.0,0.0,0,0.0,0,4,2,32.0,0,3.2,5.2,,,74.0,213.0,24.707842105263158,3.0,Central Florida,2020.0,2020.0,BUF,128.0,,0.102564104
2023,2,00-0036196,G.Davis,WR,BUF,LV,0,0,0.0,0,0.0,0.0,0.0,0,0.0,0,7,6,92.0,1,15.2,21.2,,,74.0,213.0,24.707842105263158,3.0,Central Florida,2020.0,2020.0,BUF,128.0,28.0,0.19444445
2023,3,00-0036196,G.Davis,WR,BUF,WAS,0,0,0.0,0,0.0,0.0,0.0,1,-2.0,0,4,1,35.0,1,9.3,10.3,,,74.0,213.0,24.707842105263158,3.0,Central Florida,2020.0,2020.0,BUF,128.0,,0.125
2023,4,00-0036196,G.Davis,WR,BUF,MIA,0,0,0.0,0,0.0,0.0,0.0,0,0.0,0,3,3,61.0,1,12.1,15.1,,,74.0,213.0,24.707842105263158,3.0,Central Florida,2020.0,2020.0,BUF,128.0,28.0,0.12
2023,5,00-0036196,G.Davis,WR,BUF,JAX,0,0,0.0,0,0.0,0.0,0.0,0,0.0,0,8,6,100.0,1,16.0,22.0,,,74.0,213.0,24.707842105263158,3.0,Central Florida,2020.0,2020.0,BUF,128.0,-5.0,0.22222222
2023,6,00-0036196,G.Davis,WR,BUF,NYG,0,0,0.0,0,0.0,0.0,0.0,0,0.0,0,4,3,21.0,0,0.1,3.1,,,74.0,213.0,24.707842105263158,3.0,Central Florida,2020.0,2020.0,BUF,128.0,5.0,0.13793103
2023,7,00-0036196,G.Davis,WR,BUF,NE,0,0,0.0,0,0.0,0.0,0.0,0,0.0,0,5,1,6.0,0,0.6,1.6,,,74.0,213.0,24.707842105263158,3.0,Central Florida,2020.0,2020.0,BUF,128.0,,0.12820514
2023,8,00-0036196,G.Davis,WR,BUF,TB,0,0,0.0,0,0.0,0.0,0.0,0,0.0,0,12,9,87.0,1,14.7,23.7,,,74.0,213.0,24.707842105263158,3.0,Central Florida,2020.0,2020.0,BUF,128.0,6.0,0.30769232
2023,9,00-0036196,G.Davis,WR,BUF,CIN,0,0,0.0,0,0.0,0.0,0.0,0,0.0,0,2,0,0.0,0,0.0,0.0,,,74.0,213.0,24.707842105263158,3.0,Central Florida,2020.0,2020.0,BUF,128.0,,0.0625
2023,10,00-0036196,G.Davis,WR,BUF,DEN,0,0,0.0,0,0.0,0.0,0.0,0,0.0,0,6,2,56.0,0,7.6,9.6,,,74.0,213.0,24.707842105263158,3.0,Central Florida,2020.0,2020.0,BUF,128.0,-2.0,0.24
2023,12,00-0036196,G.Davis,WR,BUF,PHI,0,0,0.0,0,0.0,0.0,0.0,0,0.0,0,12,6,105.0,1,16.5,22.5,,,74.0,213.0,24.707842105263158,3.0,Central Florida,2020.0,2020.0,BUF,128.0,,0.24489796
2023,14,00-0036196,G.Davis,WR,BUF,KC,0,0,0.0,0,0.0,0.0,0.0,0,0.0,0,2,0,0.0,0,0.0,0.0,,,74.0,213.0,24.707842105263158,3.0,Central Florida,2020.0,2020.0,BUF,128.0,,0.055555556
2023,15,00-0036196,G.Davis,WR,BUF,DAL,0,0,0.0,0,0.0,0.0,0.0,0,0.0,0,1,0,0.0,0,0.0,0.0,,,74.0,213.0,24.707842105263158,3.0,Central Florida,2020.0,2020.0,BUF,128.0,21.0,0.07692308
2023,16,00-0036196,G.Davis,WR,BUF,LAC,0,0,0.0,0,0.0,0.0,0.0,0,0.0,0,6,4,130.0,1,19.0,23.0,,,74.0,213.0,24.707842105263158,3.0,Central Florida,2020.0,2020.0,BUF,128.0,,0.2857143
2023,17,00-0036196,G.Davis,WR,BUF,NE,0,0,0.0,0,0.0,0.0,0.0,0,0.0,0,3,2,21.0,0,2.1,4.1,,,74.0,213.0,24.707842105263158,3.0,Central Florida,2020.0,2020.0,BUF,128.0,6.0,0.10714286
2023,18,00-0036196,G.Davis,WR,BUF,MIA,0,0,0.0,0,0.0,0.0,0.0,0,0.0,0,2,0,0.0,0,0.0,0.0,,,74.0,213.0,24.707842105263158,3.0,Central Florida,2020.0,2020.0,BUF,128.0,,0.054054055
2023,1,00-0036212,T.Tagovailoa,QB,MIA,LAC,28,45,466.0,3,1.0,0.0,-0.0,5,5.0,0,0,0,0.0,0,27.14,27.14,,,73.0,218.0,25.697111111111113,3.0,Alabama,2020.0,2020.0,MIA,5.0,,
2023,2,00-0036212,T.Tagovailoa,QB,MIA,NE,21,30,249.0,1,1.0,1.0,5.0,4,3.0,0,0,0,0.0,0,12.26,12.26,,,73.0,218.0,25.697111111111113,3.0,Alabama,2020.0,2020.0,MIA,5.0,,
2023,3,00-0036212,T.Tagovailoa,QB,MIA,DEN,23,26,309.0,4,0.0,0.0,-0.0,0,0.0,0,0,0,0.0,0,28.36,28.36,,,73.0,218.0,25.697111111111113,3.0,Alabama,2020.0,2020.0,MIA,5.0,50.0,
2023,4,00-0036212,T.Tagovailoa,QB,MIA,BUF,25,35,282.0,1,1.0,4.0,31.0,2,7.0,0,0,0,0.0,0,13.98,13.98,,,73.0,218.0,25.697111111111113,3.0,Alabama,2020.0,2020.0,MIA,5.0,,
2023,5,00-0036212,T.Tagovailoa,QB,MIA,NYG,22,30,308.0,2,2.0,1.0,6.0,2,6.0,0,0,0,0.0,0,16.92,16.92,,,73.0,218.0,25.697111111111113,3.0,Alabama,2020.0,2020.0,MIA,5.0,15.0,
2023,6,00-0036212,T.Tagovailoa,QB,MIA,CAR,21,31,262.0,3,0.0,0.0,-0.0,1,0.0,0,0,0,0.0,0,22.48,22.48,,,73.0,218.0,25.697111111111113,3.0,Alabama,2020.0,2020.0,MIA,5.0,21.0,
2023,7,00-0036212,T.Tagovailoa,QB,MIA,PHI,23,32,216.0,1,1.0,3.0,10.0,1,-3.0,0,0,0,0.0,0,10.34,10.34,,,73.0,218.0,25.697111111111113,3.0,Alabama,2020.0,2020.0,MIA,5.0,,
2023,8,00-0036212,T.Tagovailoa,QB,MIA,NE,30,45,324.0,3,1.0,2.0,12.0,6,8.0,0,0,0,0.0,0,21.76,21.76,,,73.0,218.0,25.697111111111113,3.0,Alabama,2020.0,2020.0,MIA,5.0,14.0,
2023,9,00-0036212,T.Tagovailoa,QB,MIA,KC,21,34,193.0,1,0.0,3.0,18.0,2,7.0,0,0,0,0.0,0,12.42,12.42,,,73.0,218.0,25.697111111111113,3.0,Alabama,2020.0,2020.0,MIA,5.0,,
2023,11,00-0036212,T.Tagovailoa,QB,MIA,LV,28,39,325.0,2,1.0,1.0,2.0,2,6.0,0,0,0,0.0,0,17.6,17.6,,,73.0,218.0,25.697111111111113,3.0,Alabama,2020.0,2020.0,MIA,5.0,7.0,
2023,12,00-0036212,T.Tagovailoa,QB,MIA,NYJ,21,30,243.0,1,2.0,2.0,15.0,2,1.0,0,0,0,0.0,0,7.82,7.82,,,73.0,218.0,25.697111111111113,3.0,Alabama,2020.0,2020.0,MIA,5.0,,
2023,13,00-0036212,T.Tagovailoa,QB,MIA,WAS,18,24,280.0,2,0.0,0.0,-0.0,0,0.0,0,0,0,0.0,0,19.2,19.2,,,73.0,218.0,25.697111111111113,3.0,Alabama,2020.0,2020.0,MIA,5.0,,
2023,14,00-0036212,T.Tagovailoa,QB,MIA,TEN,23,33,240.0,0,0.0,5.0,32.0,3,15.0,0,0,0,0.0,0,11.1,11.1,,,73.0,218.0,25.697111111111113,3.0,Alabama,2020.0,2020.0,MIA,5.0,-1.0,
2023,15,00-0036212,T.Tagovailoa,QB,MIA,NYJ,21,24,224.0,1,0.0,3.0,15.0,0,0.0,0,0,0,0.0,0,12.96,12.96,,,73.0,218.0,25.697111111111113,3.0,Alabama,2020.0,2020.0,MIA,5.0,30.0,
2023,16,00-0036212,T.Tagovailoa,QB,MIA,DAL,24,37,293.0,1,0.0,1.0,9.0,2,-2.0,0,0,0,0.0,0,15.52,15.52,,,73.0,218.0,25.697111111111113,3.0,Alabama,2020.0,2020.0,MIA,5.0,2.0,
2023,17,00-0036212,T.Tagovailoa,QB,MIA,BAL,22,38,237.0,2,2.0,3.0,16.0,2,14.0,0,0,0,0.0,0,14.88,14.88,,,73.0,218.0,25.697111111111113,3.0,Alabama,2020.0,2020.0,MIA,5.0,,
2023,18,00-0036212,T.Tagovailoa,QB,MIA,BUF,17,27,173.0,1,2.0,0.0,-0.0,1,7.0,0,0,0,0.0,0,7.62,7.62,,,73.0,218.0,25.697111111111113,3.0,Alabama,2020.0,2020.0,MIA,5.0,-7.0,
2023,19,00-0036212,T.Tagovailoa,QB,MIA,KC,20,39,199.0,1,1.0,2.0,11.0,3,25.0,0,0,0,0.0,0,12.46,12.46,,,73.0,218.0,25.697111111111113,3.0,Alabama,2020.0,2020.0,MIA,5.0,,
2023,5,00-0036223,J.Taylor,RB,IND,TEN,0,0,0.0,0,0.0,0.0,0.0,6,18.0,0,1,1,16.0,0,3.4,4.4,,,70.0,221.0,24.801529411764704,3.0,Wisconsin,2020.0,2020.0,IND,41.0,7.0,0.041666668
2023,6,00-0036223,J.Taylor,RB,IND,JAX,0,0,0.0,0,0.0,0.0,0.0,8,19.0,0,6,5,46.0,0,6.5,11.5,,,70.0,221.0,24.801529411764704,3.0,Wisconsin,2020.0,2020.0,IND,41.0,,0.115384616
2023,7,00-0036223,J.Taylor,RB,IND,CLE,0,0,0.0,0,0.0,0.0,0.0,18,75.0,1,4,3,45.0,0,18.0,21.0,,,70.0,221.0,24.801529411764704,3.0,Wisconsin,2020.0,2020.0,IND,41.0,-1.0,0.18181819
2023,8,00-0036223,J.Taylor,RB,IND,NO,0,0,0.0,0,0.0,0.0,0.0,12,95.0,0,2,1,2.0,0,9.7,10.7,,,70.0,221.0,24.801529411764704,3.0,Wisconsin,2020.0,2020.0,IND,41.0,-11.0,0.05263158
2023,9,00-0036223,J.Taylor,RB,IND,CAR,0,0,0.0,0,0.0,0.0,0.0,18,47.0,0,5,5,22.0,1,12.9,17.9,,,70.0,221.0,24.801529411764704,3.0,Wisconsin,2020.0,2020.0,IND,41.0,,0.20833333
2023,10,00-0036223,J.Taylor,RB,IND,NE,0,0,0.0,0,0.0,0.0,0.0,23,69.0,1,1,1,6.0,0,13.5,14.5,,,70.0,221.0,24.801529411764704,3.0,Wisconsin,2020.0,2020.0,IND,41.0,,0.03846154
2023,12,00-0036223,J.Taylor,RB,IND,TB,0,0,0.0,0,0.0,0.0,0.0,15,91.0,2,0,0,0.0,0,21.1,21.1,,,70.0,221.0,24.801529411764704,3.0,Wisconsin,2020.0,2020.0,IND,41.0,7.0,
2023,16,00-0036223,J.Taylor,RB,IND,ATL,0,0,0.0,0,0.0,0.0,0.0,18,43.0,1,1,0,0.0,0,10.3,10.3,,,70.0,221.0,24.801529411764704,3.0,Wisconsin,2020.0,2020.0,IND,41.0,,0.028571429
2023,17,00-0036223,J.Taylor,RB,IND,LV,0,0,0.0,0,0.0,0.0,0.0,21,96.0,1,1,1,8.0,0,16.4,17.4,,,70.0,221.0,24.801529411764704,3.0,Wisconsin,2020.0,2020.0,IND,41.0,3.0,0.05
2023,18,00-0036223,J.Taylor,RB,IND,HOU,0,0,0.0,0,0.0,0.0,0.0,30,188.0,1,2,2,8.0,0,25.6,27.6,,,70.0,221.0,24.801529411764704,3.0,Wisconsin,2020.0,2020.0,IND,41.0,-4.0,0.08695652
2023,1,00-0036232,H.Bryant,TE,CLE,CIN,0,0,0.0,0,0.0,0.0,0.0,0,0.0,0,2,2,5.0,1,6.5,8.5,,,77.0,240.0,25.56,3.0,Florida Atlantic,2020.0,2020.0,CLE,115.0,21.0,0.06896552
2023,2,00-0036232,H.Bryant,TE,CLE,PIT,0,0,0.0,0,0.0,0.0,0.0,0,0.0,0,2,0,0.0,0,0.0,0.0,,,77.0,240.0,25.56,3.0,Florida Atlantic,2020.0,2020.0,CLE,115.0,,0.05
2023,3,00-0036232,H.Bryant,TE,CLE,TEN,0,0,0.0,0,0.0,0.0,0.0,2,4.0,0,0,0,0.0,0,0.4,0.4,,,77.0,240.0,25.56,3.0,Florida Atlantic,2020.0,2020.0,CLE,115.0,24.0,
2023,4,00-0036232,H.Bryant,TE,CLE,BAL,0,0,0.0,0,0.0,0.0,0.0,1,2.0,0,1,1,2.0,0,0.4,1.4,,,77.0,240.0,25.56,3.0,Florida Atlantic,2020.0,2020.0,CLE,115.0,-25.0,0.029411765
2023,6,00-0036232,H.Bryant,TE,CLE,SF,0,0,0.0,0,0.0,0.0,0.0,0,0.0,0,1,0,0.0,0,0.0,0.0,,,77.0,240.0,25.56,3.0,Florida Atlantic,2020.0,2020.0,CLE,115.0,2.0,0.030303031
2023,7,00-0036232,H.Bryant,TE,CLE,IND,0,0,0.0,0,0.0,0.0,0.0,0,0.0,0,1,0,0.0,0,0.0,0.0,,,77.0,240.0,25.56,3.0,Florida Atlantic,2020.0,2020.0,CLE,115.0,,0.028571429
2023,8,00-0036232,H.Bryant,TE,CLE,SEA,0,0,0.0,0,0.0,0.0,0.0,0,0.0,0,1,0,0.0,0,0.0,0.0,,,77.0,240.0,25.56,3.0,Florida Atlantic,2020.0,2020.0,CLE,115.0,,0.033333335
2023,10,00-0036232,H.Bryant,TE,CLE,BAL,0,0,0.0,0,0.0,0.0,0.0,1,2.0,0,1,1,3.0,0,0.5,1.5,,,77.0,240.0,25.56,3.0,Florida Atlantic,2020.0,2020.0,CLE,115.0,,0.03125
2023,12,00-0036232,H.Bryant,TE,CLE,DEN,0,0,0.0,0,0.0,0.0,0.0,1,0.0,0,1,1,2.0,1,4.2,5.2,,,77.0,240.0,25.56,3.0,Florida Atlantic,2020.0,2020.0,CLE,115.0,,0.025641026
2023,13,00-0036232,H.Bryant,TE,CLE,LA,0,0,0.0,0,0.0,0.0,0.0,0,0.0,0,5,5,49.0,1,10.9,15.9,,,77.0,240.0,25.56,3.0,Florida Atlantic,2020.0,2020.0,CLE,115.0,,0.12195122
2023,15,00-0036232,H.Bryant,TE,CLE,CHI,0,0,0.0,0,0.0,0.0,0.0,0,0.0,0,1,0,0.0,0,0.0,0.0,,,77.0,240.0,25.56,3.0,Florida Atlantic,2020.0,2020.0,CLE,115.0,3.0,0.022727273
2023,16,00-0036232,H.Bryant,TE,CLE,HOU,0,0,0.0,0,0.0,0.0,0.0,0,0.0,0,1,1,6.0,0,0.6,1.6,,,77.0,240.0,25.56,3.0,Florida Atlantic,2020.0,2020.0,CLE,115.0,,0.023255814
2023,17,00-0036232,H.Bryant,TE,CLE,NYJ,0,0,0.0,0,0.0,0.0,0.0,0,0.0,0,3,2,14.0,0,1.4,3.4,,,77.0,240.0,25.56,3.0,Florida Atlantic,2020.0,2020.0,CLE,115.0,17.0,0.10344828
2023,19,00-0036232,H.Bryant,TE,CLE,HOU,0,0,0.0,0,0.0,0.0,0.0,0,0.0,0,6,4,65.0,0,6.5,10.5,,,77.0,240.0,25.56,3.0,Florida Atlantic,2020.0,2020.0,CLE,115.0,,0.13953489
2023,1,00-0036233,D.Peoples-Jones,WR,CLE,CIN,0,0,0.0,0,0.0,0.0,0.0,0,0.0,0,2,1,12.0,0,1.2,2.2,,,74.0,208.0,24.75265,3.0,Michigan,2020.0,2020.0,CLE,187.0,21.0,0.06896552
2023,2,00-0036233,D.Peoples-Jones,WR,CLE,PIT,0,0,0.0,0,0.0,0.0,0.0,0,0.0,0,4,1,7.0,0,0.7,1.7,,,74.0,208.0,24.75265,3.0,Michigan,2020.0,2020.0,CLE,187.0,,0.1
2023,3,00-0036233,D.Peoples-Jones,WR,CLE,TEN,0,0,0.0,0,0.0,0.0,0.0,0,0.0,0,4,3,49.0,0,4.9,7.9,,,74.0,208.0,24.75265,3.0,Michigan,2020.0,2020.0,CLE,187.0,24.0,0.12903225
2023,4,00-0036233,D.Peoples-Jones,WR,CLE,BAL,0,0,0.0,0,0.0,0.0,0.0,0,0.0,0,4,1,7.0,0,0.7,1.7,,,74.0,208.0,24.75265,3.0,Michigan,2020.0,2020.0,CLE,187.0,-25.0,0.11764706
2023,6,00-0036233,D.Peoples-Jones,WR,CLE,SF,0,0,0.0,0,0.0,0.0,0.0,0,0.0,0,1,0,0.0,0,0.0,0.0,,,74.0,208.0,24.75265,3.0,Michigan,2020.0,2020.0,CLE,187.0,2.0,0.030303031
2023,7,00-0036233,D.Peoples-Jones,WR,CLE,IND,0,0,0.0,0,0.0,0.0,0.0,0,0.0,0,3,2,22.0,0,2.2,4.2,,,74.0,208.0,24.75265,3.0,Michigan,2020.0,2020.0,CLE,187.0,,0.08571429
2023,11,00-0036233,D.Peoples-Jones,WR,DET,CHI,0,0,0.0,0,0.0,0.0,0.0,0,0.0,0,1,0,0.0,0,0.0,0.0,,,74.0,208.0,24.75265,3.0,Michigan,2020.0,2020.0,CLE,187.0,5.0,0.03125
2023,13,00-0036233,D.Peoples-Jones,WR,DET,NO,0,0,0.0,0,0.0,0.0,0.0,0,0.0,0,1,0,0.0,0,0.0,0.0,,,74.0,208.0,24.75265,3.0,Michigan,2020.0,2020.0,CLE,187.0,,0.04
2023,14,00-0036233,D.Peoples-Jones,WR,DET,CHI,0,0,0.0,0,0.0,0.0,0.0,0,0.0,0,1,1,17.0,0,1.7,2.7,,,74.0,208.0,24.75265,3.0,Michigan,2020.0,2020.0,CLE,187.0,,0.029411765
2023,15,00-0036233,D.Peoples-Jones,WR,DET,DEN,0,0,0.0,0,0.0,0.0,0.0,0,0.0,0,1,1,5.0,0,0.5,1.5,,,74.0,208.0,24.75265,3.0,Michigan,2020.0,2020.0,CLE,187.0,25.0,0.03125
2023,16,00-0036233,D.Peoples-Jones,WR,DET,MIN,0,0,0.0,0,0.0,0.0,0.0,0,0.0,0,1,1,11.0,0,1.1,2.1,,,74.0,208.0,24.75265,3.0,Michigan,2020.0,2020.0,CLE,187.0,,0.025641026
2023,18,00-0036233,D.Peoples-Jones,WR,DET,MIN,0,0,0.0,0,0.0,0.0,0.0,0,0.0,0,2,2,25.0,0,2.5,4.5,,,74.0,208.0,24.75265,3.0,Michigan,2020.0,2020.0,CLE,187.0,10.0,0.06451613
2023,1,00-0036244,C.Parkinson,TE,SEA,LA,0,0,0.0,0,0.0,0.0,0.0,0,0.0,0,2,1,8.0,0,0.8,1.8,,,79.0,251.0,24.840941176470587,3.0,Stanford,2020.0,2020.0,SEA,133.0,-17.0,0.083333336
2023,2,00-0036244,C.Parkinson,TE,SEA,DET,0,0,0.0,0,0.0,0.0,0.0,0,0.0,0,3,2,41.0,0,4.1,6.1,,,79.0,251.0,24.840941176470587,3.0,Stanford,2020.0,2020.0,SEA,133.0,,0.08108108
2023,3,00-0036244,C.Parkinson,TE,SEA,CAR,0,0,0.0,0,0.0,0.0,0.0,0,0.0,0,4,3,38.0,0,3.8,6.8,,,79.0,251.0,24.840941176470587,3.0,Stanford,2020.0,2020.0,SEA,133.0,10.0,0.114285715
2023,4,00-0036244,C.Parkinson,TE,SEA,NYG,0,0,0.0,0,0.0,0.0,0.0,0,0.0,0,1,0,0.0,0,0.0,0.0,,,79.0,251.0,24.840941176470587,3.0,Stanford,2020.0,2020.0,SEA,133.0,,0.03846154
2023,6,00-0036244,C.Parkinson,TE,SEA,CIN,0,0,0.0,0,0.0,0.0,0.0,0,0.0,0,5,3,19.0,0,1.9,4.9,,,79.0,251.0,24.840941176470587,3.0,Stanford,2020.0,2020.0,SEA,133.0,,0.13513513
2023,7,00-0036244,C.Parkinson,TE,SEA,ARI,0,0,0.0,0,0.0,0.0,0.0,0,0.0,0,2,2,26.0,0,2.6,4.6,,,79.0,251.0,24.840941176470587,3.0,Stanford,2020.0,2020.0,SEA,133.0,10.0,0.083333336
2023,9,00-0036244,C.Parkinson,TE,SEA,BAL,0,0,0.0,0,0.0,0.0,0.0,0,0.0,0,1,1,6.0,0,0.6,1.6,,,79.0,251.0,24.840941176470587,3.0,Stanford,2020.0,2020.0,SEA,133.0,,0.04
2023,10,00-0036244,C.Parkinson,TE,SEA,WAS,0,0,0.0,0,0.0,0.0,0.0,0,0.0,0,1,1,3.0,0,0.3,1.3,,,79.0,251.0,24.840941176470587,3.0,Stanford,2020.0,2020.0,SEA,133.0,3.0,0.023809524
2023,12,00-0036244,C.Parkinson,TE,SEA,SF,0,0,0.0,0,0.0,0.0,0.0,0,0.0,0,1,1,9.0,0,0.9,1.9,,,79.0,251.0,24.840941176470587,3.0,Stanford,2020.0,2020.0,SEA,133.0,-18.0,0.037037037
2023,14,00-0036244,C.Parkinson,TE,SEA,SF,0,0,0.0,0,0.0,0.0,0.0,0,0.0,0,2,2,28.0,1,8.8,10.8,,,79.0,251.0,24.840941176470587,3.0,Stanford,2020.0,2020.0,SEA,133.0,,0.06451613
2023,15,00-0036244,C.Parkinson,TE,SEA,PHI,0,0,0.0,0,0.0,0.0,0.0,0,0.0,0,1,1,6.0,0,0.6,1.6,,,79.0,251.0,24.840941176470587,3.0,Stanford,2020.0,2020.0,SEA,133.0,3.0,0.03125
2023,16,00-0036244,C.Parkinson,TE,SEA,TEN,0,0,0.0,0,0.0,0.0,0.0,0,0.0,0,4,3,17.0,1,7.7,10.7,,,79.0,251.0,24.840941176470587,3.0,Stanford,2020.0,2020.0,SEA,133.0,,0.11111111
2023,17,00-0036244,C.Parkinson,TE,SEA,PIT,0,0,0.0,0,0.0,0.0,0.0,0,0.0,0,3,2,38.0,0,3.8,5.8,,,79.0,251.0,24.840941176470587,3.0,Stanford,2020.0,2020.0,SEA,133.0,-7.0,0.09090909
2023,18,00-0036244,C.Parkinson,TE,SEA,ARI,0,0,0.0,0,0.0,0.0,0.0,0,0.0,0,4,3,8.0,0,0.8,3.8,,,79.0,251.0,24.840941176470587,3.0,Stanford,2020.0,2020.0,SEA,133.0,,0.15384616
2023,2,00-0036251,Z.Moss,RB,IND,HOU,0,0,0.0,0,0.0,0.0,0.0,18,88.0,1,4,4,19.0,0,16.7,20.7,,,69.0,215.0,25.89664705882353,3.0,Utah,2020.0,2020.0,BUF,86.0,,0.12903225
2023,3,00-0036251,Z.Moss,RB,IND,BAL,0,0,0.0,0,0.0,0.0,0.0,30,122.0,0,3,2,23.0,1,20.5,22.5,,,69.0,215.0,25.89664705882353,3.0,Utah,2020.0,2020.0,BUF,86.0,,0.071428575
2023,4,00-0036251,Z.Moss,RB,IND,LA,0,0,0.0,0,0.0,0.0,0.0,18,70.0,0,1,0,0.0,0,9.0,9.0,,,69.0,215.0,25.89664705882353,3.0,Utah,2020.0,2020.0,BUF,86.0,-6.0,0.041666668
2023,5,00-0036251,Z.Moss,RB,IND,TEN,0,0,0.0,0,0.0,0.0,0.0,23,165.0,2,2,2,30.0,0,31.5,33.5,,,69.0,215.0,25.89664705882353,3.0,Utah,2020.0,2020.0,BUF,86.0,7.0,0.083333336
2023,6,00-0036251,Z.Moss,RB,IND,JAX,0,0,0.0,0,0.0,0.0,0.0,7,21.0,1,7,6,38.0,0,11.9,17.9,,,69.0,215.0,25.89664705882353,3.0,Utah,2020.0,2020.0,BUF,86.0,,0.13461539
2023,7,00-0036251,Z.Moss,RB,IND,CLE,0,0,0.0,0,0.0,0.0,0.0,18,57.0,0,2,1,5.0,0,6.2,7.2,,,69.0,215.0,25.89664705882353,3.0,Utah,2020.0,2020.0,BUF,86.0,-1.0,0.09090909
2023,8,00-0036251,Z.Moss,RB,IND,NO,0,0,0.0,0,0.0,0.0,0.0,11,66.0,1,1,1,8.0,0,13.4,14.4,,,69.0,215.0,25.89664705882353,3.0,Utah,2020.0,2020.0,BUF,86.0,-11.0,0.02631579
2023,9,00-0036251,Z.Moss,RB,IND,CAR,0,0,0.0,0,0.0,0.0,0.0,7,26.0,0,0,0,0.0,0,2.6,2.6,,,69.0,215.0,25.89664705882353,3.0,Utah,2020.0,2020.0,BUF,86.0,,
2023,10,00-0036251,Z.Moss,RB,IND,NE,0,0,0.0,0,0.0,0.0,0.0,1,2.0,0,0,0,0.0,0,0.2,0.2,,,69.0,215.0,25.89664705882353,3.0,Utah,2020.0,2020.0,BUF,86.0,,
2023,12,00-0036251,Z.Moss,RB,IND,TB,0,0,0.0,0,0.0,0.0,0.0,8,55.0,0,3,2,15.0,0,7.0,9.0,,,69.0,215.0,25.89664705882353,3.0,Utah,2020.0,2020.0,BUF,86.0,7.0,0.075
2023,13,00-0036251,Z.Moss,RB,IND,TEN,0,0,0.0,0,0.0,0.0,0.0,19,51.0,0,3,2,6.0,0,5.7,7.7,,,69.0,215.0,25.89664705882353,3.0,Utah,2020.0,2020.0,BUF,86.0,,0.07317073
2023,14,00-0036251,Z.Moss,RB,IND,CIN,0,0,0.0,0,0.0,0.0,0.0,13,28.0,0,8,4,28.0,0,5.6,9.6,,,69.0,215.0,25.89664705882353,3.0,Utah,2020.0,2020.0,BUF,86.0,,0.21052632
2023,15,00-0036251,Z.Moss,RB,IND,PIT,0,0,0.0,0,0.0,0.0,0.0,4,13.0,0,3,3,20.0,1,9.3,12.3,,,69.0,215.0,25.89664705882353,3.0,Utah,2020.0,2020.0,BUF,86.0,17.0,0.11111111
2023,18,00-0036251,Z.Moss,RB,IND,HOU,0,0,0.0,0,0.0,0.0,0.0,6,30.0,0,0,0,0.0,0,3.0,3.0,,,69.0,215.0,25.89664705882353,3.0,Utah,2020.0,2020.0,BUF,86.0,-4.0,
2023,1,00-0036252,M.Pittman,WR,IND,JAX,0,0,0.0,0,0.0,0.0,0.0,0,0.0,0,11,8,97.0,1,15.7,23.7,,,76.0,220.0,26.091117647058823,3.0,Southern California,2020.0,2020.0,IND,34.0,-10.0,0.2820513
2023,2,00-0036252,M.Pittman,WR,IND,HOU,0,0,0.0,0,0.0,0.0,0.0,0,0.0,0,12,8,56.0,0,5.6,13.6,,,76.0,220.0,26.091117647058823,3.0,Southern California,2020.0,2020.0,IND,34.0,,0.38709676
2023,3,00-0036252,M.Pittman,WR,IND,BAL,0,0,0.0,0,0.0,0.0,0.0,0,0.0,0,11,9,77.0,0,7.7,16.7,,,76.0,220.0,26.091117647058823,3.0,Southern California,2020.0,2020.0,IND,34.0,,0.26190478
2023,4,00-0036252,M.Pittman,WR,IND,LA,0,0,0.0,0,0.0,0.0,0.0,0,0.0,0,5,1,15.0,0,3.5,4.5,,,76.0,220.0,26.091117647058823,3.0,Southern California,2020.0,2020.0,IND,34.0,-6.0,0.20833333
2023,5,00-0036252,M.Pittman,WR,IND,TEN,0,0,0.0,0,0.0,0.0,0.0,0,0.0,0,7,5,52.0,0,5.2,10.2,,,76.0,220.0,26.091117647058823,3.0,Southern California,2020.0,2020.0,IND,34.0,7.0,0.29166666
2023,6,00-0036252,M.Pittman,WR,IND,JAX,0,0,0.0,0,0.0,0.0,0.0,0,0.0,0,14,9,109.0,0,10.9,19.9,,,76.0,220.0,26.091117647058823,3.0,Southern California,2020.0,2020.0,IND,34.0,,0.26923078
2023,7,00-0036252,M.Pittman,WR,IND,CLE,0,0,0.0,0,0.0,0.0,0.0,0,0.0,0,5,2,83.0,1,14.3,16.3,,,76.0,220.0,26.091117647058823,3.0,Southern California,2020.0,2020.0,IND,34.0,-1.0,0.22727273
2023,8,00-0036252,M.Pittman,WR,IND,NO,0,0,0.0,0,0.0,0.0,0.0,0,0.0,0,13,8,40.0,1,10.0,18.0,,,76.0,220.0,26.091117647058823,3.0,Southern California,2020.0,2020.0,IND,34.0,-11.0,0.34210527
2023,9,00-0036252,M.Pittman,WR,IND,CAR,0,0,0.0,0,0.0,0.0,0.0,0,0.0,0,8,8,64.0,0,6.4,14.4,,,76.0,220.0,26.091117647058823,3.0,Southern California,2020.0,2020.0,IND,34.0,,0.33333334
2023,10,00-0036252,M.Pittman,WR,IND,NE,0,0,0.0,0,0.0,0.0,0.0,0,0.0,0,12,8,84.0,0,8.4,16.4,,,76.0,220.0,26.091117647058823,3.0,Southern California,2020.0,2020.0,IND,34.0,,0.46153846
2023,12,00-0036252,M.Pittman,WR,IND,TB,0,0,0.0,0,0.0,0.0,0.0,0,0.0,0,13,10,107.0,0,10.7,20.7,,,76.0,220.0,26.091117647058823,3.0,Southern California,2020.0,2020.0,IND,34.0,7.0,0.325
2023,13,00-0036252,M.Pittman,WR,IND,TEN,0,0,0.0,0,0.0,0.0,0.0,0,0.0,0,16,11,105.0,1,16.5,27.5,,,76.0,220.0,26.091117647058823,3.0,Southern California,2020.0,2020.0,IND,34.0,,0.3902439
2023,14,00-0036252,M.Pittman,WR,IND,CIN,0,0,0.0,0,0.0,0.0,0.0,0,0.0,0,11,8,95.0,0,11.5,19.5,,,76.0,220.0,26.091117647058823,3.0,Southern California,2020.0,2020.0,IND,34.0,,0.28947368
2023,15,00-0036252,M.Pittman,WR,IND,PIT,0,0,0.0,0,0.0,0.0,0.0,0,0.0,0,5,4,78.0,0,7.8,11.8,,,76.0,220.0,26.091117647058823,3.0,Southern California,2020.0,2020.0,IND,34.0,17.0,0.18518518
2023,17,00-0036252,M.Pittman,WR,IND,LV,0,0,0.0,0,0.0,0.0,0.0,0,0.0,0,7,5,46.0,0,4.6,9.6,,,76.0,220.0,26.091117647058823,3.0,Southern California,2020.0,2020.0,IND,34.0,3.0,0.35
2023,18,00-0036252,M.Pittman,WR,IND,HOU,0,0,0.0,0,0.0,0.0,0.0,0,0.0,0,6,5,44.0,0,4.4,9.4,,,76.0,220.0,26.091117647058823,3.0,Southern California,2020.0,2020.0,IND,34.0,-4.0,0.26086956
2023,17,00-0036254,C.Johnson,WR,CHI,ATL,0,0,0.0,0,0.0,0.0,0.0,0,0.0,0,1,1,11.0,0,1.1,2.1,,,78.0,215.0,26.15576923076923,3.0,Texas,2020.0,2020.0,JAX,165.0,20.0,0.033333335
2023,1,00-0036259,J.Jennings,WR,SF,PIT,0,0,0.0,0,0.0,0.0,0.0,0,0.0,0,1,0,0.0,0,0.0,0.0,,,75.0,214.0,26.36515,3.0,Tennessee,2020.0,2020.0,SF,217.0,,0.035714287
2023,2,00-0036259,J.Jennings,WR,SF,LA,0,0,0.0,0,0.0,0.0,0.0,0,0.0,0,3,2,51.0,0,5.1,7.1,,,75.0,214.0,26.36515,3.0,Tennessee,2020.0,2020.0,SF,217.0,,0.125
2023,3,00-0036259,J.Jennings,WR,SF,NYG,0,0,0.0,0,0.0,0.0,0.0,0,0.0,0,3,2,31.0,0,3.1,5.1,,,75.0,214.0,26.36515,3.0,Tennessee,2020.0,2020.0,SF,217.0,18.0,0.0882353
2023,5,00-0036259,J.Jennings,WR,SF,DAL,0,0,0.0,0,0.0,0.0,0.0,0,0.0,0,1,1,19.0,0,1.9,2.9,,,75.0,214.0,26.36515,3.0,Tennessee,2020.0,2020.0,SF,217.0,32.0,0.04
2023,6,00-0036259,J.Jennings,WR,SF,CLE,0,0,0.0,0,0.0,0.0,0.0,0,0.0,0,4,2,26.0,0,2.6,4.6,,,75.0,214.0,26.36515,3.0,Tennessee,2020.0,2020.0,SF,217.0,,0.16666667
2023,7,00-0036259,J.Jennings,WR,SF,MIN,0,0,0.0,0,0.0,0.0,0.0,0,0.0,0,9,5,54.0,0,5.4,10.4,,,75.0,214.0,26.36515,3.0,Tennessee,2020.0,2020.0,SF,217.0,,0.31034482
2023,10,00-0036259,J.Jennings,WR,SF,JAX,0,0,0.0,0,0.0,0.0,0.0,0,0.0,0,2,1,8.0,0,0.8,1.8,,,75.0,214.0,26.36515,3.0,Tennessee,2020.0,2020.0,SF,217.0,,0.074074075
2023,11,00-0036259,J.Jennings,WR,SF,TB,0,0,0.0,0,0.0,0.0,0.0,0,0.0,0,1,0,0.0,0,0.0,0.0,,,75.0,214.0,26.36515,3.0,Tennessee,2020.0,2020.0,SF,217.0,13.0,0.04
2023,12,00-0036259,J.Jennings,WR,SF,SEA,0,0,0.0,0,0.0,0.0,0.0,0,0.0,0,2,1,7.0,0,0.7,1.7,,,75.0,214.0,26.36515,3.0,Tennessee,2020.0,2020.0,SF,217.0,,0.06666667
2023,13,00-0036259,J.Jennings,WR,SF,PHI,0,0,0.0,0,0.0,0.0,0.0,0,0.0,0,4,3,44.0,1,10.4,13.4,,,75.0,214.0,26.36515,3.0,Tennessee,2020.0,2020.0,SF,217.0,,0.16
2023,14,00-0036259,J.Jennings,WR,SF,SEA,0,0,0.0,0,0.0,0.0,0.0,0,0.0,0,1,0,0.0,0,0.0,0.0,,,75.0,214.0,26.36515,3.0,Tennessee,2020.0,2020.0,SF,217.0,12.0,0.037037037
2023,15,00-0036259,J.Jennings,WR,SF,ARI,0,0,0.0,0,0.0,0.0,0.0,0,0.0,0,2,2,25.0,0,2.5,4.5,,,75.0,214.0,26.36515,3.0,Tennessee,2020.0,2020.0,SF,217.0,,0.07692308
2023,20,00-0036259,J.Jennings,WR,SF,GB,0,0,0.0,0,0.0,0.0,0.0,1,-1.0,0,6,5,61.0,0,6.0,11.0,,,75.0,214.0,26.36515,3.0,Tennessee,2020.0,2020.0,SF,217.0,3.0,0.16666667
2023,21,00-0036259,J.Jennings,WR,SF,DET,0,0,0.0,0,0.0,0.0,0.0,0,0.0,0,2,1,8.0,0,0.8,1.8,,,75.0,214.0,26.36515,3.0,Tennessee,2020.0,2020.0,SF,217.0,3.0,0.06666667
2023,22,00-0036259,J.Jennings,WR,SF,KC,1,1,21.0,1,0.0,0.0,-0.0,0,0.0,0,5,4,42.0,1,15.04,19.04,,,75.0,214.0,26.36515,3.0,Tennessee,2020.0,2020.0,SF,217.0,,0.13513513
2023,1,00-0036261,B.Aiyuk,WR,SF,PIT,0,0,0.0,0,0.0,0.0,0.0,0,0.0,0,8,8,129.0,2,24.9,32.9,,,72.0,206.0,25.6807,3.0,Arizona State,2020.0,2020.0,SF,25.0,,0.2857143
2023,2,00-0036261,B.Aiyuk,WR,SF,LA,0,0,0.0,0,0.0,0.0,0.0,0,0.0,0,6,3,43.0,0,4.3,7.3,,,72.0,206.0,25.6807,3.0,Arizona State,2020.0,2020.0,SF,25.0,,0.25
2023,4,00-0036261,B.Aiyuk,WR,SF,ARI,0,0,0.0,0,0.0,0.0,0.0,0,0.0,0,6,6,148.0,0,14.8,20.8,,,72.0,206.0,25.6807,3.0,Arizona State,2020.0,2020.0,SF,25.0,19.0,0.2857143
2023,5,00-0036261,B.Aiyuk,WR,SF,DAL,0,0,0.0,0,0.0,0.0,0.0,0,0.0,0,7,4,58.0,0,5.8,9.8,,,72.0,206.0,25.6807,3.0,Arizona State,2020.0,2020.0,SF,25.0,32.0,0.28
2023,6,00-0036261,B.Aiyuk,WR,SF,CLE,0,0,0.0,0,0.0,0.0,0.0,0,0.0,0,10,4,76.0,0,7.6,11.6,,,72.0,206.0,25.6807,3.0,Arizona State,2020.0,2020.0,SF,25.0,,0.41666666
2023,7,00-0036261,B.Aiyuk,WR,SF,MIN,0,0,0.0,0,0.0,0.0,0.0,0,0.0,0,6,5,57.0,0,5.7,10.7,,,72.0,206.0,25.6807,3.0,Arizona State,2020.0,2020.0,SF,25.0,,0.20689656
2023,8,00-0036261,B.Aiyuk,WR,SF,CIN,0,0,0.0,0,0.0,0.0,0.0,0,0.0,0,9,5,109.0,0,10.9,15.9,,,72.0,206.0,25.6807,3.0,Arizona State,2020.0,2020.0,SF,25.0,-14.0,0.3
2023,10,00-0036261,B.Aiyuk,WR,SF,JAX,0,0,0.0,0,0.0,0.0,0.0,0,0.0,0,3,3,55.0,1,11.5,14.5,,,72.0,206.0,25.6807,3.0,Arizona State,2020.0,2020.0,SF,25.0,,0.11111111
2023,11,00-0036261,B.Aiyuk,WR,SF,TB,0,0,0.0,0,0.0,0.0,0.0,0,0.0,0,6,5,156.0,1,21.6,26.6,,,72.0,206.0,25.6807,3.0,Arizona State,2020.0,2020.0,SF,25.0,13.0,0.24
2023,12,00-0036261,B.Aiyuk,WR,SF,SEA,0,0,0.0,0,0.0,0.0,0.0,0,0.0,0,4,2,50.0,1,11.0,13.0,,,72.0,206.0,25.6807,3.0,Arizona State,2020.0,2020.0,SF,25.0,,0.13333334
2023,13,00-0036261,B.Aiyuk,WR,SF,PHI,0,0,0.0,0,0.0,0.0,0.0,0,0.0,0,7,5,46.0,1,10.6,15.6,,,72.0,206.0,25.6807,3.0,Arizona State,2020.0,2020.0,SF,25.0,,0.28
2023,14,00-0036261,B.Aiyuk,WR,SF,SEA,0,0,0.0,0,0.0,0.0,0.0,0,0.0,0,9,6,126.0,0,10.6,16.6,,,72.0,206.0,25.6807,3.0,Arizona State,2020.0,2020.0,SF,25.0,12.0,0.33333334
2023,15,00-0036261,B.Aiyuk,WR,SF,ARI,0,0,0.0,0,0.0,0.0,0.0,0,0.0,0,5,3,37.0,0,3.7,6.7,,,72.0,206.0,25.6807,3.0,Arizona State,2020.0,2020.0,SF,25.0,,0.1923077
2023,16,00-0036261,B.Aiyuk,WR,SF,BAL,0,0,0.0,0,0.0,0.0,0.0,0,0.0,0,7,6,113.0,0,11.3,17.3,,,72.0,206.0,25.6807,3.0,Arizona State,2020.0,2020.0,SF,25.0,-14.0,0.1590909
2023,17,00-0036261,B.Aiyuk,WR,SF,WAS,0,0,0.0,0,0.0,0.0,0.0,0,0.0,0,8,7,114.0,1,17.4,24.4,,,72.0,206.0,25.6807,3.0,Arizona State,2020.0,2020.0,SF,25.0,,0.2962963
2023,18,00-0036261,B.Aiyuk,WR,SF,LA,0,0,0.0,0,0.0,0.0,0.0,0,0.0,0,4,3,25.0,0,2.5,5.5,,,72.0,206.0,25.6807,3.0,Arizona State,2020.0,2020.0,SF,25.0,-1.0,0.16
2023,20,00-0036261,B.Aiyuk,WR,SF,GB,0,0,0.0,0,0.0,0.0,0.0,0,0.0,0,6,3,32.0,0,3.2,6.2,,,72.0,206.0,25.6807,3.0,Arizona State,2020.0,2020.0,SF,25.0,3.0,0.16666667
2023,21,00-0036261,B.Aiyuk,WR,SF,DET,0,0,0.0,0,0.0,0.0,0.0,0,0.0,0,8,3,68.0,1,12.8,15.8,,,72.0,206.0,25.6807,3.0,Arizona State,2020.0,2020.0,SF,25.0,3.0,0.26666668
2023,22,00-0036261,B.Aiyuk,WR,SF,KC,0,0,0.0,0,0.0,0.0,0.0,0,0.0,0,6,3,49.0,0,4.9,7.9,,,72.0,206.0,25.6807,3.0,Arizona State,2020.0,2020.0,SF,25.0,,0.16216215
2023,1,00-0036264,J.Love,QB,GB,CHI,15,27,245.0,3,0.0,1.0,8.0,3,12.0,0,0,0,0.0,0,23.0,23.0,,,76.0,220.0,25.040157894736844,3.0,Utah State,2020.0,2020.0,GB,26.0,,
2023,2,00-0036264,J.Love,QB,GB,ATL,14,25,151.0,3,0.0,1.0,11.0,2,23.0,0,0,0,0.0,0,20.34,20.34,,,76.0,220.0,25.040157894736844,3.0,Utah State,2020.0,2020.0,GB,26.0,,
2023,3,00-0036264,J.Love,QB,GB,NO,22,44,259.0,1,1.0,1.0,14.0,9,39.0,1,0,0,0.0,0,24.26,24.26,,,76.0,220.0,25.040157894736844,3.0,Utah State,2020.0,2020.0,GB,26.0,1.0,
2023,4,00-0036264,J.Love,QB,GB,DET,23,36,246.0,1,2.0,5.0,43.0,2,-2.0,1,0,0,0.0,0,17.64,17.64,,,76.0,220.0,25.040157894736844,3.0,Utah State,2020.0,2020.0,GB,26.0,-14.0,
2023,5,00-0036264,J.Love,QB,GB,LV,16,30,182.0,0,3.0,2.0,7.0,2,37.0,0,0,0,0.0,0,4.98,4.98,,,76.0,220.0,25.040157894736844,3.0,Utah State,2020.0,2020.0,GB,26.0,,
2023,7,00-0036264,J.Love,QB,GB,DEN,21,31,180.0,2,1.0,0.0,-0.0,3,21.0,0,0,0,0.0,0,15.3,15.3,,,76.0,220.0,25.040157894736844,3.0,Utah State,2020.0,2020.0,GB,26.0,,
2023,8,00-0036264,J.Love,QB,GB,MIN,24,41,229.0,1,1.0,4.0,33.0,4,34.0,0,0,0,0.0,0,14.56,14.56,,,76.0,220.0,25.040157894736844,3.0,Utah State,2020.0,2020.0,GB,26.0,-14.0,
2023,9,00-0036264,J.Love,QB,GB,LA,20,26,228.0,1,0.0,4.0,21.0,4,7.0,0,0,0,0.0,0,13.82,13.82,,,76.0,220.0,25.040157894736844,3.0,Utah State,2020.0,2020.0,GB,26.0,17.0,
2023,10,00-0036264,J.Love,QB,GB,PIT,21,40,289.0,2,2.0,1.0,6.0,2,11.0,0,0,0,0.0,0,16.66,16.66,,,76.0,220.0,25.040157894736844,3.0,Utah State,2020.0,2020.0,GB,26.0,,
2023,11,00-0036264,J.Love,QB,GB,LAC,27,40,322.0,2,0.0,3.0,27.0,3,0.0,0,0,0,0.0,0,20.88,20.88,,,76.0,220.0,25.040157894736844,3.0,Utah State,2020.0,2020.0,GB,26.0,3.0,
2023,12,00-0036264,J.Love,QB,GB,DET,22,32,268.0,3,0.0,0.0,-0.0,3,39.0,0,0,0,0.0,0,26.62,26.62,,,76.0,220.0,25.040157894736844,3.0,Utah State,2020.0,2020.0,GB,26.0,,
2023,13,00-0036264,J.Love,QB,GB,KC,25,36,267.0,3,0.0,2.0,14.0,2,10.0,0,0,0,0.0,0,23.68,23.68,,,76.0,220.0,25.040157894736844,3.0,Utah State,2020.0,2020.0,GB,26.0,8.0,
2023,14,00-0036264,J.Love,QB,GB,NYG,25,39,218.0,1,1.0,2.0,15.0,2,2.0,0,0,0,0.0,0,8.92,8.92,,,76.0,220.0,25.040157894736844,3.0,Utah State,2020.0,2020.0,GB,26.0,,
2023,15,00-0036264,J.Love,QB,GB,TB,29,39,284.0,2,0.0,2.0,23.0,2,1.0,0,0,0,0.0,0,17.46,17.46,,,76.0,220.0,25.040157894736844,3.0,Utah State,2020.0,2020.0,GB,26.0,-14.0,
2023,16,00-0036264,J.Love,QB,GB,CAR,17,28,219.0,2,0.0,1.0,12.0,2,12.0,1,0,0,0.0,0,23.96,23.96,,,76.0,220.0,25.040157894736844,3.0,Utah State,2020.0,2020.0,GB,26.0,,
2023,17,00-0036264,J.Love,QB,GB,MIN,24,33,256.0,3,0.0,0.0,-0.0,2,2.0,1,0,0,0.0,0,28.44,28.44,,,76.0,220.0,25.040157894736844,3.0,Utah State,2020.0,2020.0,GB,26.0,,
2023,18,00-0036264,J.Love,QB,GB,CHI,27,32,316.0,2,0.0,1.0,8.0,3,-1.0,0,0,0,0.0,0,18.54,18.54,,,76.0,220.0,25.040157894736844,3.0,Utah State,2020.0,2020.0,GB,26.0,8.0,
2023,19,00-0036264,J.Love,QB,GB,DAL,16,21,272.0,3,0.0,0.0,-0.0,1,-1.0,0,0,0,0.0,0,22.78,22.78,,,76.0,220.0,25.040157894736844,3.0,Utah State,2020.0,2020.0,GB,26.0,,
2023,20,00-0036264,J.Love,QB,GB,SF,21,34,194.0,2,2.0,0.0,-0.0,5,3.0,0,0,0,0.0,0,14.06,14.06,,,76.0,220.0,25.040157894736844,3.0,Utah State,2020.0,2020.0,GB,26.0,,
2023,1,00-0036265,A.Dillon,RB,GB,CHI,0,0,0.0,0,0.0,0.0,0.0,13,19.0,0,3,2,17.0,0,3.6,5.6,,,72.0,250.0,25.54378947368421,3.0,Boston College,2020.0,2020.0,GB,62.0,,0.11111111
2023,2,00-0036265,A.Dillon,RB,GB,ATL,0,0,0.0,0,0.0,0.0,0.0,15,55.0,0,1,1,8.0,0,6.3,7.3,,,72.0,250.0,25.54378947368421,3.0,Boston College,2020.0,2020.0,GB,62.0,,0.04
2023,3,00-0036265,A.Dillon,RB,GB,NO,0,0,0.0,0,0.0,0.0,0.0,11,33.0,0,0,0,0.0,0,3.3,3.3,,,72.0,250.0,25.54378947368421,3.0,Boston College,2020.0,2020.0,GB,62.0,1.0,
2023,4,00-0036265,A.Dillon,RB,GB,DET,0,0,0.0,0,0.0,0.0,0.0,5,11.0,0,1,0,0.0,0,1.1,1.1,,,72.0,250.0,25.54378947368421,3.0,Boston College,2020.0,2020.0,GB,62.0,-14.0,0.029411765
2023,5,00-0036265,A.Dillon,RB,GB,LV,0,0,0.0,0,0.0,0.0,0.0,20,76.0,1,1,0,0.0,0,13.6,13.6,,,72.0,250.0,25.54378947368421,3.0,Boston College,2020.0,2020.0,GB,62.0,,0.03448276
2023,7,00-0036265,A.Dillon,RB,GB,DEN,0,0,0.0,0,0.0,0.0,0.0,15,61.0,0,2,2,34.0,0,9.5,11.5,,,72.0,250.0,25.54378947368421,3.0,Boston College,2020.0,2020.0,GB,62.0,,0.0625
2023,8,00-0036265,A.Dillon,RB,GB,MIN,0,0,0.0,0,0.0,0.0,0.0,6,11.0,0,5,5,41.0,0,5.2,10.2,,,72.0,250.0,25.54378947368421,3.0,Boston College,2020.0,2020.0,GB,62.0,-14.0,0.125
2023,9,00-0036265,A.Dillon,RB,GB,LA,0,0,0.0,0,0.0,0.0,0.0,9,40.0,0,1,1,3.0,0,4.3,5.3,,,72.0,250.0,25.54378947368421,3.0,Boston College,2020.0,2020.0,GB,62.0,17.0,0.04
2023,10,00-0036265,A.Dillon,RB,GB,PIT,0,0,0.0,0,0.0,0.0,0.0,9,70.0,0,3,1,11.0,0,8.1,9.1,,,72.0,250.0,25.54378947368421,3.0,Boston College,2020.0,2020.0,GB,62.0,,0.08108108
2023,11,00-0036265,A.Dillon,RB,GB,LAC,0,0,0.0,0,0.0,0.0,0.0,14,29.0,0,4,4,32.0,0,6.1,10.1,,,72.0,250.0,25.54378947368421,3.0,Boston College,2020.0,2020.0,GB,62.0,3.0,0.10526316
2023,12,00-0036265,A.Dillon,RB,GB,DET,0,0,0.0,0,0.0,0.0,0.0,14,43.0,0,3,3,38.0,0,8.1,11.1,,,72.0,250.0,25.54378947368421,3.0,Boston College,2020.0,2020.0,GB,62.0,,0.1
2023,13,00-0036265,A.Dillon,RB,GB,KC,0,0,0.0,0,0.0,0.0,0.0,18,73.0,0,1,1,14.0,0,8.7,9.7,,,72.0,250.0,25.54378947368421,3.0,Boston College,2020.0,2020.0,GB,62.0,8.0,0.028571429
2023,14,00-0036265,A.Dillon,RB,GB,NYG,0,0,0.0,0,0.0,0.0,0.0,15,53.0,0,3,2,25.0,0,7.8,9.8,,,72.0,250.0,25.54378947368421,3.0,Boston College,2020.0,2020.0,GB,62.0,,0.078947365
2023,16,00-0036265,A.Dillon,RB,GB,CAR,0,0,0.0,0,0.0,0.0,0.0,7,12.0,1,0,0,0.0,0,7.2,7.2,,,72.0,250.0,25.54378947368421,3.0,Boston College,2020.0,2020.0,GB,62.0,,
2023,17,00-0036265,A.Dillon,RB,GB,MIN,0,0,0.0,0,0.0,0.0,0.0,7,27.0,0,0,0,0.0,0,2.7,2.7,,,72.0,250.0,25.54378947368421,3.0,Boston College,2020.0,2020.0,GB,62.0,,
2023,1,00-0036268,L.Shenault,WR,CAR,ATL,0,0,0.0,0,0.0,0.0,0.0,2,5.0,0,2,2,16.0,0,2.1,4.1,,,73.0,220.0,25.096352941176473,3.0,Colorado,2020.0,2020.0,JAX,42.0,,0.06451613
2023,2,00-0036268,L.Shenault,WR,CAR,NO,0,0,0.0,0,0.0,0.0,0.0,1,7.0,0,0,0,0.0,0,0.7,0.7,,,73.0,220.0,25.096352941176473,3.0,Colorado,2020.0,2020.0,JAX,42.0,-3.0,
2023,3,00-0036268,L.Shenault,WR,CAR,SEA,0,0,0.0,0,0.0,0.0,0.0,2,7.0,0,1,1,0.0,0,0.7,1.7,,,73.0,220.0,25.096352941176473,3.0,Colorado,2020.0,2020.0,JAX,42.0,,0.01754386
2023,4,00-0036268,L.Shenault,WR,CAR,MIN,0,0,0.0,0,0.0,0.0,0.0,1,7.0,0,1,1,12.0,0,1.9,2.9,,,73.0,220.0,25.096352941176473,3.0,Colorado,2020.0,2020.0,JAX,42.0,-8.0,0.032258064
2023,5,00-0036268,L.Shenault,WR,CAR,DET,0,0,0.0,0,0.0,0.0,0.0,5,27.0,0,0,0,0.0,0,2.7,2.7,,,73.0,220.0,25.096352941176473,3.0,Colorado,2020.0,2020.0,JAX,42.0,,
2023,6,00-0036268,L.Shenault,WR,CAR,MIA,0,0,0.0,0,0.0,0.0,0.0,1,2.0,0,3,3,15.0,0,1.7,4.7,,,73.0,220.0,25.096352941176473,3.0,Colorado,2020.0,2020.0,JAX,42.0,,0.08571429
2023,11,00-0036268,L.Shenault,WR,CAR,DAL,0,0,0.0,0,0.0,0.0,0.0,0,0.0,0,2,2,9.0,0,0.9,2.9,,,73.0,220.0,25.096352941176473,3.0,Colorado,2020.0,2020.0,JAX,42.0,-23.0,0.07692308
2023,12,00-0036268,L.Shenault,WR,CAR,TEN,0,0,0.0,0,0.0,0.0,0.0,0,0.0,0,1,1,8.0,0,0.8,1.8,,,73.0,220.0,25.096352941176473,3.0,Colorado,2020.0,2020.0,JAX,42.0,,0.041666668
2023,9,00-0036269,L.Perine,RB,KC,MIA,0,0,0.0,0,0.0,0.0,0.0,1,1.0,0,1,0,0.0,0,0.1,0.1,,,71.0,220.0,25.81266666666667,3.0,Florida,2020.0,2020.0,NYJ,120.0,7.0,0.035714287
2023,18,00-0036269,L.Perine,RB,KC,LAC,0,0,0.0,0,0.0,0.0,0.0,21,76.0,0,4,3,33.0,0,10.9,13.9,,,71.0,220.0,25.81266666666667,3.0,Florida,2020.0,2020.0,NYJ,120.0,,0.13793103
2023,1,00-0036271,Q.Watkins,WR,PHI,NE,0,0,0.0,0,0.0,0.0,0.0,0,0.0,0,2,2,17.0,0,1.7,3.7,,,72.0,190.0,25.42677777777778,3.0,Southern Mississippi,2020.0,2020.0,PHI,200.0,,0.06666667
2023,5,00-0036271,Q.Watkins,WR,PHI,LA,0,0,0.0,0,0.0,0.0,0.0,0,0.0,0,3,2,4.0,0,0.4,2.4,,,72.0,190.0,25.42677777777778,3.0,Southern Mississippi,2020.0,2020.0,PHI,200.0,,0.0882353
2023,13,00-0036271,Q.Watkins,WR,PHI,SF,0,0,0.0,0,0.0,0.0,0.0,0,0.0,0,4,3,28.0,0,2.8,5.8,,,72.0,190.0,25.42677777777778,3.0,Southern Mississippi,2020.0,2020.0,PHI,200.0,-23.0,0.0952381
2023,15,00-0036271,Q.Watkins,WR,PHI,SEA,0,0,0.0,0,0.0,0.0,0.0,0,0.0,0,1,0,0.0,0,0.0,0.0,,,72.0,190.0,25.42677777777778,3.0,Southern Mississippi,2020.0,2020.0,PHI,200.0,,0.033333335
2023,18,00-0036271,Q.Watkins,WR,PHI,NYG,0,0,0.0,0,0.0,0.0,0.0,0,0.0,0,11,8,93.0,1,15.3,23.3,,,72.0,190.0,25.42677777777778,3.0,Southern Mississippi,2020.0,2020.0,PHI,200.0,,0.33333334
2023,19,00-0036271,Q.Watkins,WR,PHI,TB,0,0,0.0,0,0.0,0.0,0.0,0,0.0,0,4,3,12.0,0,1.2,4.2,,,72.0,190.0,25.42677777777778,3.0,Southern Mississippi,2020.0,2020.0,PHI,200.0,,0.125
2023,1,00-0036275,D.Swift,RB,PHI,NE,0,0,0.0,0,0.0,0.0,0.0,1,3.0,0,2,1,0.0,0,0.3,1.3,,,69.0,211.0,24.827055555555557,3.0,Georgia,2020.0,2020.0,DET,35.0,,0.06666667
2023,2,00-0036275,D.Swift,RB,PHI,MIN,0,0,0.0,0,0.0,0.0,0.0,28,175.0,1,3,3,6.0,0,24.1,27.1,,,69.0,211.0,24.827055555555557,3.0,Georgia,2020.0,2020.0,DET,35.0,6.0,0.13636364
2023,3,00-0036275,D.Swift,RB,PHI,TB,0,0,0.0,0,0.0,0.0,0.0,16,130.0,0,2,1,8.0,0,13.8,14.8,,,69.0,211.0,24.827055555555557,3.0,Georgia,2020.0,2020.0,DET,35.0,,0.057142857
2023,4,00-0036275,D.Swift,RB,PHI,WAS,0,0,0.0,0,0.0,0.0,0.0,14,56.0,1,4,4,23.0,0,13.9,17.9,,,69.0,211.0,24.827055555555557,3.0,Georgia,2020.0,2020.0,DET,35.0,3.0,0.11764706
2023,5,00-0036275,D.Swift,RB,PHI,LA,0,0,0.0,0,0.0,0.0,0.0,17,70.0,0,6,6,38.0,0,10.8,16.8,,,69.0,211.0,24.827055555555557,3.0,Georgia,2020.0,2020.0,DET,35.0,,0.1764706
2023,6,00-0036275,D.Swift,RB,PHI,NYJ,0,0,0.0,0,0.0,0.0,0.0,10,18.0,0,10,8,40.0,1,9.8,17.8,,,69.0,211.0,24.827055555555557,3.0,Georgia,2020.0,2020.0,DET,35.0,,0.23255815
2023,7,00-0036275,D.Swift,RB,PHI,MIA,0,0,0.0,0,0.0,0.0,0.0,15,62.0,0,3,3,13.0,0,7.5,10.5,,,69.0,211.0,24.827055555555557,3.0,Georgia,2020.0,2020.0,DET,35.0,14.0,0.1
2023,8,00-0036275,D.Swift,RB,PHI,WAS,0,0,0.0,0,0.0,0.0,0.0,16,57.0,1,3,2,7.0,0,12.4,14.4,,,69.0,211.0,24.827055555555557,3.0,Georgia,2020.0,2020.0,DET,35.0,,0.08571429
2023,9,00-0036275,D.Swift,RB,PHI,DAL,0,0,0.0,0,0.0,0.0,0.0,18,43.0,0,2,2,31.0,0,7.4,9.4,,,69.0,211.0,24.827055555555557,3.0,Georgia,2020.0,2020.0,DET,35.0,5.0,0.0952381
2023,11,00-0036275,D.Swift,RB,PHI,KC,0,0,0.0,0,0.0,0.0,0.0,12,76.0,1,3,3,31.0,0,16.7,19.7,,,69.0,211.0,24.827055555555557,3.0,Georgia,2020.0,2020.0,DET,35.0,,0.14285715
2023,12,00-0036275,D.Swift,RB,PHI,BUF,0,0,0.0,0,0.0,0.0,0.0,14,80.0,0,1,1,4.0,0,8.4,9.4,,,69.0,211.0,24.827055555555557,3.0,Georgia,2020.0,2020.0,DET,35.0,3.0,0.035714287
2023,13,00-0036275,D.Swift,RB,PHI,SF,0,0,0.0,0,0.0,0.0,0.0,6,13.0,0,6,2,7.0,0,2.0,4.0,,,69.0,211.0,24.827055555555557,3.0,Georgia,2020.0,2020.0,DET,35.0,-23.0,0.14285715
2023,14,00-0036275,D.Swift,RB,PHI,DAL,0,0,0.0,0,0.0,0.0,0.0,11,39.0,0,0,0,0.0,0,3.9,3.9,,,69.0,211.0,24.827055555555557,3.0,Georgia,2020.0,2020.0,DET,35.0,,
2023,15,00-0036275,D.Swift,RB,PHI,SEA,0,0,0.0,0,0.0,0.0,0.0,18,74.0,0,3,2,1.0,0,7.5,9.5,,,69.0,211.0,24.827055555555557,3.0,Georgia,2020.0,2020.0,DET,35.0,,0.1
2023,16,00-0036275,D.Swift,RB,PHI,NYG,0,0,0.0,0,0.0,0.0,0.0,20,92.0,1,0,0,0.0,0,15.2,15.2,,,69.0,211.0,24.827055555555557,3.0,Georgia,2020.0,2020.0,DET,35.0,8.0,
2023,17,00-0036275,D.Swift,RB,PHI,ARI,0,0,0.0,0,0.0,0.0,0.0,13,61.0,0,1,1,5.0,0,6.6,7.6,,,69.0,211.0,24.827055555555557,3.0,Georgia,2020.0,2020.0,DET,35.0,-4.0,0.04347826
2023,19,00-0036275,D.Swift,RB,PHI,TB,0,0,0.0,0,0.0,0.0,0.0,10,34.0,0,4,4,32.0,0,6.6,10.6,,,69.0,211.0,24.827055555555557,3.0,Georgia,2020.0,2020.0,DET,35.0,,0.125
2023,1,00-0036287,N.Igbinoghene,CB,DAL,DAL,0,0,0.0,0,0.0,0.0,0.0,0,0.0,0,0,0,0.0,0,6.0,6.0,,,71.0,196.0,23.961222222222222,3.0,Auburn,2020.0,2020.0,MIA,30.0,,
2023,1,00-0036290,C.Kmet,TE,CHI,GB,0,0,0.0,0,0.0,0.0,0.0,1,0.0,0,7,5,44.0,0,4.4,9.4,,,78.0,258.0,24.661882352941177,3.0,Notre Dame,2020.0,2020.0,CHI,43.0,-18.0,0.19444445
2023,2,00-0036290,C.Kmet,TE,CHI,TB,0,0,0.0,0,0.0,0.0,0.0,0,0.0,0,6,4,38.0,0,3.8,7.8,,,78.0,258.0,24.661882352941177,3.0,Notre Dame,2020.0,2020.0,CHI,43.0,,0.21428572
2023,3,00-0036290,C.Kmet,TE,CHI,KC,0,0,0.0,0,0.0,0.0,0.0,0,0.0,0,2,2,22.0,0,2.2,4.2,,,78.0,258.0,24.661882352941177,3.0,Notre Dame,2020.0,2020.0,CHI,43.0,,0.1
2023,4,00-0036290,C.Kmet,TE,CHI,DEN,0,0,0.0,0,0.0,0.0,0.0,1,1.0,0,9,7,85.0,2,20.6,27.6,,,78.0,258.0,24.661882352941177,3.0,Notre Dame,2020.0,2020.0,CHI,43.0,-3.0,0.28125
2023,5,00-0036290,C.Kmet,TE,CHI,WAS,0,0,0.0,0,0.0,0.0,0.0,0,0.0,0,5,5,42.0,1,10.2,15.2,,,78.0,258.0,24.661882352941177,3.0,Notre Dame,2020.0,2020.0,CHI,43.0,,0.2
2023,6,00-0036290,C.Kmet,TE,CHI,MIN,0,0,0.0,0,0.0,0.0,0.0,0,0.0,0,3,2,9.0,0,0.9,2.9,,,78.0,258.0,24.661882352941177,3.0,Notre Dame,2020.0,2020.0,CHI,43.0,-6.0,0.125
2023,8,00-0036290,C.Kmet,TE,CHI,LAC,0,0,0.0,0,0.0,0.0,0.0,0,0.0,0,10,10,79.0,0,7.9,17.9,,,78.0,258.0,24.661882352941177,3.0,Notre Dame,2020.0,2020.0,CHI,43.0,,0.27027026
2023,9,00-0036290,C.Kmet,TE,CHI,NO,0,0,0.0,0,0.0,0.0,0.0,0,0.0,0,8,6,55.0,2,17.5,23.5,,,78.0,258.0,24.661882352941177,3.0,Notre Dame,2020.0,2020.0,CHI,43.0,,0.30769232
2023,10,00-0036290,C.Kmet,TE,CHI,CAR,0,0,0.0,0,0.0,0.0,0.0,1,1.0,0,7,5,45.0,0,4.6,9.6,,,78.0,258.0,24.661882352941177,3.0,Notre Dame,2020.0,2020.0,CHI,43.0,3.0,0.21875
2023,11,00-0036290,C.Kmet,TE,CHI,DET,0,0,0.0,0,0.0,0.0,0.0,0,0.0,0,4,3,20.0,0,2.0,5.0,,,78.0,258.0,24.661882352941177,3.0,Notre Dame,2020.0,2020.0,CHI,43.0,,0.18181819
2023,12,00-0036290,C.Kmet,TE,CHI,MIN,0,0,0.0,0,0.0,0.0,0.0,0,0.0,0,7,7,43.0,0,4.3,11.3,,,78.0,258.0,24.661882352941177,3.0,Notre Dame,2020.0,2020.0,CHI,43.0,,0.21875
2023,14,00-0036290,C.Kmet,TE,CHI,DET,0,0,0.0,0,0.0,0.0,0.0,0,0.0,0,6,5,66.0,0,6.6,11.6,,,78.0,258.0,24.661882352941177,3.0,Notre Dame,2020.0,2020.0,CHI,43.0,15.0,0.2
2023,15,00-0036290,C.Kmet,TE,CHI,CLE,0,0,0.0,0,0.0,0.0,0.0,0,0.0,0,7,5,23.0,1,8.3,13.3,,,78.0,258.0,24.661882352941177,3.0,Notre Dame,2020.0,2020.0,CHI,43.0,,0.2
2023,16,00-0036290,C.Kmet,TE,CHI,ARI,0,0,0.0,0,0.0,0.0,0.0,0,0.0,0,5,4,107.0,0,10.7,14.7,,,78.0,258.0,24.661882352941177,3.0,Notre Dame,2020.0,2020.0,CHI,43.0,11.0,0.2173913
2023,18,00-0036290,C.Kmet,TE,CHI,GB,0,0,0.0,0,0.0,0.0,0.0,0,0.0,0,4,3,41.0,0,4.1,7.1,,,78.0,258.0,24.661882352941177,3.0,Notre Dame,2020.0,2020.0,CHI,43.0,,0.25
2023,6,00-0036297,D.Evans,RB,CHI,MIN,0,0,0.0,0,0.0,0.0,0.0,9,32.0,0,1,1,2.0,0,3.4,4.4,,,70.0,200.0,25.34352631578947,3.0,Appalachian State,2020.0,2020.0,TEN,93.0,-6.0,0.041666668
2023,7,00-0036297,D.Evans,RB,CHI,LV,0,0,0.0,0,0.0,0.0,0.0,14,48.0,0,3,1,6.0,0,5.4,6.4,,,70.0,200.0,25.34352631578947,3.0,Appalachian State,2020.0,2020.0,TEN,93.0,18.0,0.10344828
2023,8,00-0036297,D.Evans,RB,CHI,LAC,0,0,0.0,0,0.0,0.0,0.0,4,18.0,1,4,3,22.0,0,10.0,13.0,,,70.0,200.0,25.34352631578947,3.0,Appalachian State,2020.0,2020.0,TEN,93.0,,0.10810811
2023,9,00-0036297,D.Evans,RB,CHI,NO,0,0,0.0,0,0.0,0.0,0.0,1,2.0,0,2,2,19.0,0,2.1,4.1,,,70.0,200.0,25.34352631578947,3.0,Appalachian State,2020.0,2020.0,TEN,93.0,,0.07692308
2023,10,00-0036297,D.Evans,RB,CHI,CAR,0,0,0.0,0,0.0,0.0,0.0,2,5.0,0,2,0,0.0,0,0.5,0.5,,,70.0,200.0,25.34352631578947,3.0,Appalachian State,2020.0,2020.0,TEN,93.0,3.0,0.0625
2023,12,00-0036297,D.Evans,RB,MIA,NYJ,0,0,0.0,0,0.0,0.0,0.0,2,16.0,0,0,0,0.0,0,1.6,1.6,,,70.0,200.0,25.34352631578947,3.0,Appalachian State,2020.0,2020.0,TEN,93.0,,
2023,1,00-0036309,D.Mooney,WR,CHI,GB,0,0,0.0,0,0.0,0.0,0.0,0,0.0,0,7,4,53.0,1,11.3,15.3,,,71.0,172.0,26.02264705882353,3.0,Tulane,2020.0,2020.0,CHI,173.0,-18.0,0.19444445
2023,3,00-0036309,D.Mooney,WR,CHI,KC,0,0,0.0,0,0.0,0.0,0.0,0,0.0,0,1,0,0.0,0,0.0,0.0,,,71.0,172.0,26.02264705882353,3.0,Tulane,2020.0,2020.0,CHI,173.0,,0.05
2023,4,00-0036309,D.Mooney,WR,CHI,DEN,0,0,0.0,0,0.0,0.0,0.0,0,0.0,0,4,4,51.0,0,5.1,9.1,,,71.0,172.0,26.02264705882353,3.0,Tulane,2020.0,2020.0,CHI,173.0,-3.0,0.125
2023,5,00-0036309,D.Mooney,WR,CHI,WAS,0,0,0.0,0,0.0,0.0,0.0,0,0.0,0,4,0,0.0,0,0.0,0.0,,,71.0,172.0,26.02264705882353,3.0,Tulane,2020.0,2020.0,CHI,173.0,,0.16
2023,6,00-0036309,D.Mooney,WR,CHI,MIN,0,0,0.0,0,0.0,0.0,0.0,0,0.0,0,3,2,48.0,0,4.8,6.8,,,71.0,172.0,26.02264705882353,3.0,Tulane,2020.0,2020.0,CHI,173.0,-6.0,0.125
2023,7,00-0036309,D.Mooney,WR,CHI,LV,0,0,0.0,0,0.0,0.0,0.0,1,2.0,0,5,4,32.0,0,3.4,7.4,,,71.0,172.0,26.02264705882353,3.0,Tulane,2020.0,2020.0,CHI,173.0,18.0,0.1724138
2023,8,00-0036309,D.Mooney,WR,CHI,LAC,0,0,0.0,0,0.0,0.0,0.0,1,3.0,0,4,1,41.0,0,4.4,5.4,,,71.0,172.0,26.02264705882353,3.0,Tulane,2020.0,2020.0,CHI,173.0,,0.10810811
2023,9,00-0036309,D.Mooney,WR,CHI,NO,0,0,0.0,0,0.0,0.0,0.0,0,0.0,0,6,5,82.0,0,8.2,13.2,,,71.0,172.0,26.02264705882353,3.0,Tulane,2020.0,2020.0,CHI,173.0,,0.23076923
2023,10,00-0036309,D.Mooney,WR,CHI,CAR,0,0,0.0,0,0.0,0.0,0.0,0,0.0,0,4,2,14.0,0,1.4,3.4,,,71.0,172.0,26.02264705882353,3.0,Tulane,2020.0,2020.0,CHI,173.0,3.0,0.125
2023,11,00-0036309,D.Mooney,WR,CHI,DET,0,0,0.0,0,0.0,0.0,0.0,0,0.0,0,1,1,24.0,0,2.4,3.4,,,71.0,172.0,26.02264705882353,3.0,Tulane,2020.0,2020.0,CHI,173.0,,0.045454547
2023,12,00-0036309,D.Mooney,WR,CHI,MIN,0,0,0.0,0,0.0,0.0,0.0,0,0.0,0,3,2,6.0,0,0.6,2.6,,,71.0,172.0,26.02264705882353,3.0,Tulane,2020.0,2020.0,CHI,173.0,,0.09375
2023,14,00-0036309,D.Mooney,WR,CHI,DET,0,0,0.0,0,0.0,0.0,0.0,0,0.0,0,7,2,44.0,0,4.4,6.4,,,71.0,172.0,26.02264705882353,3.0,Tulane,2020.0,2020.0,CHI,173.0,15.0,0.23333333
2023,15,00-0036309,D.Mooney,WR,CHI,CLE,0,0,0.0,0,0.0,0.0,0.0,0,0.0,0,8,2,14.0,0,1.4,3.4,,,71.0,172.0,26.02264705882353,3.0,Tulane,2020.0,2020.0,CHI,173.0,,0.22857143
2023,16,00-0036309,D.Mooney,WR,CHI,ARI,0,0,0.0,0,0.0,0.0,0.0,0,0.0,0,4,2,5.0,0,0.5,2.5,,,71.0,172.0,26.02264705882353,3.0,Tulane,2020.0,2020.0,CHI,173.0,11.0,0.17391305
2023,14,00-0036313,B.Mann,P,PHI,DAL,1,1,28.0,0,0.0,0.0,-0.0,0,0.0,0,0,0,0.0,0,1.12,1.12,,,71.0,190.0,25.975529411764708,3.0,Texas A&amp;M,2020.0,2020.0,NYJ,191.0,,
2023,1,00-0036322,J.Jefferson,WR,MIN,TB,0,0,0.0,0,0.0,0.0,0.0,0,0.0,0,12,9,150.0,0,15.0,24.0,,,73.0,192.0,24.394058823529413,3.0,Louisiana State,2020.0,2020.0,MIN,22.0,-3.0,0.27272728
2023,2,00-0036322,J.Jefferson,WR,MIN,PHI,0,0,0.0,0,0.0,0.0,0.0,0,0.0,0,13,11,159.0,0,15.9,26.9,,,73.0,192.0,24.394058823529413,3.0,Louisiana State,2020.0,2020.0,MIN,22.0,,0.30232558
2023,3,00-0036322,J.Jefferson,WR,MIN,LAC,0,0,0.0,0,0.0,0.0,0.0,0,0.0,0,13,7,149.0,1,20.9,27.9,,,73.0,192.0,24.394058823529413,3.0,Louisiana State,2020.0,2020.0,MIN,22.0,-4.0,0.27083334
2023,4,00-0036322,J.Jefferson,WR,MIN,CAR,0,0,0.0,0,0.0,0.0,0.0,0,0.0,0,9,6,85.0,2,20.5,26.5,,,73.0,192.0,24.394058823529413,3.0,Louisiana State,2020.0,2020.0,MIN,22.0,,0.5
2023,5,00-0036322,J.Jefferson,WR,MIN,KC,0,0,0.0,0,0.0,0.0,0.0,0,0.0,0,6,3,28.0,0,2.8,5.8,,,73.0,192.0,24.394058823529413,3.0,Louisiana State,2020.0,2020.0,MIN,22.0,-7.0,0.13043478
2023,14,00-0036322,J.Jefferson,WR,MIN,LV,0,0,0.0,0,0.0,0.0,0.0,0,0.0,0,3,2,27.0,0,2.7,4.7,,,73.0,192.0,24.394058823529413,3.0,Louisiana State,2020.0,2020.0,MIN,22.0,,0.09090909
2023,15,00-0036322,J.Jefferson,WR,MIN,CIN,0,1,0.0,0,0.0,0.0,-0.0,0,0.0,0,10,7,84.0,0,8.4,15.4,,,73.0,192.0,24.394058823529413,3.0,Louisiana State,2020.0,2020.0,MIN,22.0,,0.3125
2023,16,00-0036322,J.Jefferson,WR,MIN,DET,0,0,0.0,0,0.0,0.0,0.0,0,0.0,0,10,6,141.0,1,20.1,26.1,,,73.0,192.0,24.394058823529413,3.0,Louisiana State,2020.0,2020.0,MIN,22.0,-6.0,0.2857143
2023,17,00-0036322,J.Jefferson,WR,MIN,GB,0,0,0.0,0,0.0,0.0,0.0,0,0.0,0,10,5,59.0,0,5.9,10.9,,,73.0,192.0,24.394058823529413,3.0,Louisiana State,2020.0,2020.0,MIN,22.0,-23.0,0.32258064
2023,18,00-0036322,J.Jefferson,WR,MIN,DET,0,0,0.0,0,0.0,0.0,0.0,1,-12.0,0,14,12,192.0,1,24.0,36.0,,,73.0,192.0,24.394058823529413,3.0,Louisiana State,2020.0,2020.0,MIN,22.0,,0.3255814
2023,1,00-0036326,C.Claypool,WR,CHI,GB,0,0,0.0,0,0.0,0.0,0.0,0,0.0,0,2,0,0.0,0,0.0,0.0,,,76.0,227.0,25.349055555555555,3.0,Notre Dame,2020.0,2020.0,PIT,49.0,-18.0,0.055555556
2023,2,00-0036326,C.Claypool,WR,CHI,TB,0,0,0.0,0,0.0,0.0,0.0,0,0.0,0,8,3,36.0,1,9.6,12.6,,,76.0,227.0,25.349055555555555,3.0,Notre Dame,2020.0,2020.0,PIT,49.0,,0.2857143
2023,3,00-0036326,C.Claypool,WR,CHI,KC,0,0,0.0,0,0.0,0.0,0.0,0,0.0,0,4,1,15.0,0,1.5,2.5,,,76.0,227.0,25.349055555555555,3.0,Notre Dame,2020.0,2020.0,PIT,49.0,,0.2
2023,8,00-0036326,C.Claypool,WR,MIA,NE,0,0,0.0,0,0.0,0.0,0.0,0,0.0,0,2,1,15.0,0,1.5,2.5,,,76.0,227.0,25.349055555555555,3.0,Notre Dame,2020.0,2020.0,PIT,49.0,14.0,0.045454547
2023,15,00-0036326,C.Claypool,WR,MIA,NYJ,0,0,0.0,0,0.0,0.0,0.0,0,0.0,0,2,2,8.0,0,0.8,2.8,,,76.0,227.0,25.349055555555555,3.0,Notre Dame,2020.0,2020.0,PIT,49.0,30.0,0.07692308
2023,17,00-0036326,C.Claypool,WR,MIA,BAL,0,0,0.0,0,0.0,0.0,0.0,0,0.0,0,1,0,0.0,0,0.0,0.0,,,76.0,227.0,25.349055555555555,3.0,Notre Dame,2020.0,2020.0,PIT,49.0,,0.027777778
2023,18,00-0036326,C.Claypool,WR,MIA,BUF,0,0,0.0,0,0.0,0.0,0.0,0,0.0,0,2,1,3.0,0,0.3,1.3,,,76.0,227.0,25.349055555555555,3.0,Notre Dame,2020.0,2020.0,PIT,49.0,-7.0,0.074074075
2023,1,00-0036328,A.Gibson,RB,WAS,ARI,0,0,0.0,0,0.0,0.0,0.0,3,9.0,0,1,1,10.0,0,-0.1,0.9,,,74.0,221.0,25.372470588235295,3.0,Memphis,2020.0,2020.0,WAS,66.0,4.0,0.03448276
2023,2,00-0036328,A.Gibson,RB,WAS,DEN,0,0,0.0,0,0.0,0.0,0.0,2,9.0,0,3,3,44.0,0,5.3,8.3,,,74.0,221.0,25.372470588235295,3.0,Memphis,2020.0,2020.0,WAS,66.0,,0.0882353
2023,3,00-0036328,A.Gibson,RB,WAS,BUF,0,0,0.0,0,0.0,0.0,0.0,2,17.0,0,5,3,7.0,0,0.4,3.4,,,74.0,221.0,25.372470588235295,3.0,Memphis,2020.0,2020.0,WAS,66.0,-34.0,0.1724138
2023,4,00-0036328,A.Gibson,RB,WAS,PHI,0,0,0.0,0,0.0,0.0,0.0,6,19.0,0,1,1,7.0,0,2.6,3.6,,,74.0,221.0,25.372470588235295,3.0,Memphis,2020.0,2020.0,WAS,66.0,,0.025641026
2023,5,00-0036328,A.Gibson,RB,WAS,CHI,0,0,0.0,0,0.0,0.0,0.0,0,0.0,0,6,4,64.0,0,6.4,10.4,,,74.0,221.0,25.372470588235295,3.0,Memphis,2020.0,2020.0,WAS,66.0,-20.0,0.125
2023,6,00-0036328,A.Gibson,RB,WAS,ATL,0,0,0.0,0,0.0,0.0,0.0,3,15.0,0,1,1,1.0,1,7.6,8.6,,,74.0,221.0,25.372470588235295,3.0,Memphis,2020.0,2020.0,WAS,66.0,,0.04761905
2023,7,00-0036328,A.Gibson,RB,WAS,NYG,0,0,0.0,0,0.0,0.0,0.0,2,7.0,0,2,2,24.0,0,3.1,5.1,,,74.0,221.0,25.372470588235295,3.0,Memphis,2020.0,2020.0,WAS,66.0,,0.055555556
2023,8,00-0036328,A.Gibson,RB,WAS,PHI,0,0,0.0,0,0.0,0.0,0.0,2,14.0,0,5,5,28.0,0,4.2,9.2,,,74.0,221.0,25.372470588235295,3.0,Memphis,2020.0,2020.0,WAS,66.0,-7.0,0.09803922
2023,9,00-0036328,A.Gibson,RB,WAS,NE,0,0,0.0,0,0.0,0.0,0.0,6,34.0,0,5,5,42.0,0,7.6,12.6,,,74.0,221.0,25.372470588235295,3.0,Memphis,2020.0,2020.0,WAS,66.0,,0.11363637
2023,10,00-0036328,A.Gibson,RB,WAS,SEA,0,0,0.0,0,0.0,0.0,0.0,4,13.0,0,6,5,42.0,1,11.5,16.5,,,74.0,221.0,25.372470588235295,3.0,Memphis,2020.0,2020.0,WAS,66.0,,0.14285715
2023,12,00-0036328,A.Gibson,RB,WAS,DAL,0,0,0.0,0,0.0,0.0,0.0,6,21.0,0,4,3,16.0,0,3.7,6.7,,,74.0,221.0,25.372470588235295,3.0,Memphis,2020.0,2020.0,WAS,66.0,,0.09090909
2023,13,00-0036328,A.Gibson,RB,WAS,MIA,0,0,0.0,0,0.0,0.0,0.0,10,35.0,0,5,4,37.0,0,7.2,11.2,,,74.0,221.0,25.372470588235295,3.0,Memphis,2020.0,2020.0,WAS,66.0,-30.0,0.22727273
2023,15,00-0036328,A.Gibson,RB,WAS,LA,0,0,0.0,0,0.0,0.0,0.0,4,15.0,0,5,5,20.0,0,3.5,8.5,,,74.0,221.0,25.372470588235295,3.0,Memphis,2020.0,2020.0,WAS,66.0,,0.14705883
2023,16,00-0036328,A.Gibson,RB,WAS,NYJ,0,0,0.0,0,0.0,0.0,0.0,9,30.0,1,2,1,2.0,0,9.2,10.2,,,74.0,221.0,25.372470588235295,3.0,Memphis,2020.0,2020.0,WAS,66.0,,0.0625
2023,17,00-0036328,A.Gibson,RB,WAS,SF,0,0,0.0,0,0.0,0.0,0.0,4,19.0,0,4,2,17.0,0,3.6,5.6,,,74.0,221.0,25.372470588235295,3.0,Memphis,2020.0,2020.0,WAS,66.0,-17.0,0.15384616
2023,18,00-0036328,A.Gibson,RB,WAS,DAL,0,0,0.0,0,0.0,0.0,0.0,2,8.0,0,4,3,28.0,0,3.6,6.6,,,74.0,221.0,25.372470588235295,3.0,Memphis,2020.0,2020.0,WAS,66.0,-28.0,0.14285715
2023,2,00-0036329,A.Davis,SS,NYJ,DAL,0,0,0.0,0,0.0,0.0,0.0,1,4.0,0,0,0,0.0,0,0.4,0.4,,,73.0,200.0,27.081,3.0,California,2020.0,2020.0,NYJ,68.0,,
2023,15,00-0036329,A.Davis,SS,NYJ,MIA,0,0,0.0,0,0.0,0.0,0.0,1,-1.0,0,0,0,0.0,0,-0.1,-0.1,,,73.0,200.0,27.081,3.0,California,2020.0,2020.0,NYJ,68.0,,
2023,2,00-0036331,D.Duvernay,WR,BAL,CIN,0,0,0.0,0,0.0,0.0,0.0,3,15.0,0,3,0,0.0,0,1.5,1.5,,,71.0,210.0,26.17405263157895,3.0,Texas,2020.0,2020.0,BAL,92.0,,0.09090909
2023,3,00-0036331,D.Duvernay,WR,BAL,IND,0,0,0.0,0,0.0,0.0,0.0,0,0.0,0,1,0,0.0,0,0.0,0.0,,,71.0,210.0,26.17405263157895,3.0,Texas,2020.0,2020.0,BAL,92.0,-3.0,0.033333335
2023,4,00-0036331,D.Duvernay,WR,BAL,CLE,0,0,0.0,0,0.0,0.0,0.0,0,0.0,0,2,2,8.0,0,0.8,2.8,,,71.0,210.0,26.17405263157895,3.0,Texas,2020.0,2020.0,BAL,92.0,,0.11111111
2023,5,00-0036331,D.Duvernay,WR,BAL,PIT,0,0,0.0,0,0.0,0.0,0.0,0,0.0,0,1,0,0.0,0,0.0,0.0,,,71.0,210.0,26.17405263157895,3.0,Texas,2020.0,2020.0,BAL,92.0,,0.02631579
2023,9,00-0036331,D.Duvernay,WR,BAL,SEA,0,0,0.0,0,0.0,0.0,0.0,0,0.0,0,2,2,10.0,0,1.0,3.0,,,71.0,210.0,26.17405263157895,3.0,Texas,2020.0,2020.0,BAL,92.0,34.0,0.0625
2023,12,00-0036331,D.Duvernay,WR,BAL,LAC,0,0,0.0,0,0.0,0.0,0.0,1,0.0,0,0,0,0.0,0,0.0,0.0,,,71.0,210.0,26.17405263157895,3.0,Texas,2020.0,2020.0,BAL,92.0,,
2023,2,00-0036332,J.Deguara,TE,GB,ATL,0,0,0.0,0,0.0,0.0,0.0,0,0.0,0,2,2,5.0,0,0.5,2.5,,,74.0,240.0,26.754,3.0,Cincinnati,2020.0,2020.0,GB,94.0,,0.08
2023,4,00-0036332,J.Deguara,TE,GB,DET,0,0,0.0,0,0.0,0.0,0.0,0,0.0,0,4,4,34.0,0,3.4,7.4,,,74.0,240.0,26.754,3.0,Cincinnati,2020.0,2020.0,GB,94.0,-14.0,0.11764706
2023,5,00-0036332,J.Deguara,TE,GB,LV,0,0,0.0,0,0.0,0.0,0.0,0,0.0,0,1,1,19.0,0,1.9,2.9,,,74.0,240.0,26.754,3.0,Cincinnati,2020.0,2020.0,GB,94.0,,0.03448276
2023,9,00-0036332,J.Deguara,TE,GB,LA,0,0,0.0,0,0.0,0.0,0.0,0,0.0,0,1,1,7.0,0,0.7,1.7,,,74.0,240.0,26.754,3.0,Cincinnati,2020.0,2020.0,GB,94.0,17.0,0.04
2023,1,00-0036336,A.McFarland,RB,PIT,SF,0,0,0.0,0,0.0,0.0,0.0,0,0.0,0,2,2,11.0,0,1.1,3.1,,,68.0,198.0,24.695888888888888,3.0,Maryland,2020.0,2020.0,PIT,124.0,-23.0,0.044444446
2023,1,00-0036345,K.Osborn,WR,MIN,TB,0,0,0.0,0,0.0,0.0,0.0,0,0.0,0,6,3,31.0,0,3.1,6.1,,,71.0,200.0,26.40911764705882,3.0,Miami,2020.0,2020.0,MIN,176.0,-3.0,0.13636364
2023,2,00-0036345,K.Osborn,WR,MIN,PHI,0,0,0.0,0,0.0,0.0,0.0,0,0.0,0,6,3,34.0,1,9.4,12.4,,,71.0,200.0,26.40911764705882,3.0,Miami,2020.0,2020.0,MIN,176.0,,0.13953489
2023,3,00-0036345,K.Osborn,WR,MIN,LAC,0,0,0.0,0,0.0,0.0,0.0,0,0.0,0,3,1,36.0,1,9.6,10.6,,,71.0,200.0,26.40911764705882,3.0,Miami,2020.0,2020.0,MIN,176.0,-4.0,0.0625
2023,4,00-0036345,K.Osborn,WR,MIN,CAR,0,0,0.0,0,0.0,0.0,0.0,0,0.0,0,2,1,16.0,0,1.6,2.6,,,71.0,200.0,26.40911764705882,3.0,Miami,2020.0,2020.0,MIN,176.0,,0.11111111
2023,5,00-0036345,K.Osborn,WR,MIN,KC,0,0,0.0,0,0.0,0.0,0.0,0,0.0,0,9,5,49.0,0,4.9,9.9,,,71.0,200.0,26.40911764705882,3.0,Miami,2020.0,2020.0,MIN,176.0,-7.0,0.19565217
2023,6,00-0036345,K.Osborn,WR,MIN,CHI,0,0,0.0,0,0.0,0.0,0.0,0,0.0,0,5,4,48.0,0,4.8,8.8,,,71.0,200.0,26.40911764705882,3.0,Miami,2020.0,2020.0,MIN,176.0,,0.16666667
2023,7,00-0036345,K.Osborn,WR,MIN,SF,0,0,0.0,0,0.0,0.0,0.0,0,0.0,0,6,5,47.0,0,4.7,9.7,,,71.0,200.0,26.40911764705882,3.0,Miami,2020.0,2020.0,MIN,176.0,5.0,0.13953489
2023,8,00-0036345,K.Osborn,WR,MIN,GB,0,0,0.0,0,0.0,0.0,0.0,0,0.0,0,10,8,99.0,0,9.9,17.9,,,71.0,200.0,26.40911764705882,3.0,Miami,2020.0,2020.0,MIN,176.0,,0.29411766
2023,9,00-0036345,K.Osborn,WR,MIN,ATL,0,0,0.0,0,0.0,0.0,0.0,0,0.0,0,2,2,17.0,0,1.7,3.7,,,71.0,200.0,26.40911764705882,3.0,Miami,2020.0,2020.0,MIN,176.0,,0.057142857
2023,11,00-0036345,K.Osborn,WR,MIN,DEN,0,0,0.0,0,0.0,0.0,0.0,0,0.0,0,2,1,7.0,0,0.7,1.7,,,71.0,200.0,26.40911764705882,3.0,Miami,2020.0,2020.0,MIN,176.0,,0.06896552
2023,12,00-0036345,K.Osborn,WR,MIN,CHI,0,0,0.0,0,0.0,0.0,0.0,0,0.0,0,4,3,34.0,0,3.4,6.4,,,71.0,200.0,26.40911764705882,3.0,Miami,2020.0,2020.0,MIN,176.0,-2.0,0.13333334
2023,14,00-0036345,K.Osborn,WR,MIN,LV,0,0,0.0,0,0.0,0.0,0.0,0,0.0,0,7,4,15.0,0,1.5,5.5,,,71.0,200.0,26.40911764705882,3.0,Miami,2020.0,2020.0,MIN,176.0,,0.21212122
2023,15,00-0036345,K.Osborn,WR,MIN,CIN,0,0,0.0,0,0.0,0.0,0.0,0,0.0,0,2,1,3.0,0,0.3,1.3,,,71.0,200.0,26.40911764705882,3.0,Miami,2020.0,2020.0,MIN,176.0,,0.0625
2023,16,00-0036345,K.Osborn,WR,MIN,DET,0,0,0.0,0,0.0,0.0,0.0,0,0.0,0,7,5,95.0,1,15.5,20.5,,,71.0,200.0,26.40911764705882,3.0,Miami,2020.0,2020.0,MIN,176.0,-6.0,0.2
2023,18,00-0036345,K.Osborn,WR,MIN,DET,0,0,0.0,0,0.0,0.0,0.0,0,0.0,0,4,2,9.0,0,0.9,2.9,,,71.0,200.0,26.40911764705882,3.0,Miami,2020.0,2020.0,MIN,176.0,,0.093023255
2023,1,00-0036355,J.Herbert,QB,LAC,MIA,23,33,229.0,1,0.0,3.0,29.0,5,17.0,1,0,0,0.0,0,20.86,20.86,,,78.0,237.0,25.670764705882355,3.0,Oregon,2020.0,2020.0,LAC,6.0,-2.0,
2023,2,00-0036355,J.Herbert,QB,LAC,TEN,27,41,305.0,2,0.0,3.0,24.0,1,0.0,0,0,0,0.0,0,22.2,22.2,,,78.0,237.0,25.670764705882355,3.0,Oregon,2020.0,2020.0,LAC,6.0,,
2023,3,00-0036355,J.Herbert,QB,LAC,MIN,40,47,405.0,3,0.0,1.0,9.0,2,11.0,0,0,0,0.0,0,29.3,29.3,,,78.0,237.0,25.670764705882355,3.0,Oregon,2020.0,2020.0,LAC,6.0,,
2023,4,00-0036355,J.Herbert,QB,LAC,LV,13,24,167.0,1,1.0,2.0,17.0,12,27.0,2,0,0,0.0,0,23.38,23.38,,,78.0,237.0,25.670764705882355,3.0,Oregon,2020.0,2020.0,LAC,6.0,7.0,
2023,6,00-0036355,J.Herbert,QB,LAC,DAL,22,37,227.0,2,1.0,1.0,8.0,6,20.0,0,1,1,10.0,0,18.08,19.08,,,78.0,237.0,25.670764705882355,3.0,Oregon,2020.0,2020.0,LAC,6.0,-3.0,0.027027028
2023,7,00-0036355,J.Herbert,QB,LAC,KC,17,30,259.0,1,2.0,5.0,40.0,2,5.0,0,0,0,0.0,0,10.86,10.86,,,78.0,237.0,25.670764705882355,3.0,Oregon,2020.0,2020.0,LAC,6.0,,
2023,8,00-0036355,J.Herbert,QB,LAC,CHI,31,40,298.0,3,0.0,0.0,-0.0,1,1.0,0,0,0,0.0,0,24.02,24.02,,,78.0,237.0,25.670764705882355,3.0,Oregon,2020.0,2020.0,LAC,6.0,17.0,
2023,9,00-0036355,J.Herbert,QB,LAC,NYJ,16,30,136.0,0,0.0,5.0,29.0,3,17.0,0,0,0,0.0,0,7.14,7.14,,,78.0,237.0,25.670764705882355,3.0,Oregon,2020.0,2020.0,LAC,6.0,,
2023,10,00-0036355,J.Herbert,QB,LAC,DET,27,40,323.0,4,1.0,0.0,-0.0,4,15.0,0,0,0,0.0,0,28.42,28.42,,,78.0,237.0,25.670764705882355,3.0,Oregon,2020.0,2020.0,LAC,6.0,-3.0,
2023,11,00-0036355,J.Herbert,QB,LAC,GB,21,36,260.0,2,0.0,2.0,16.0,8,73.0,0,0,0,0.0,0,25.7,25.7,,,78.0,237.0,25.670764705882355,3.0,Oregon,2020.0,2020.0,LAC,6.0,,
2023,12,00-0036355,J.Herbert,QB,LAC,BAL,29,44,217.0,1,1.0,3.0,24.0,4,47.0,0,0,0,0.0,0,13.38,13.38,,,78.0,237.0,25.670764705882355,3.0,Oregon,2020.0,2020.0,LAC,6.0,-10.0,
2023,13,00-0036355,J.Herbert,QB,LAC,NE,22,37,212.0,0,0.0,0.0,-0.0,4,-5.0,0,0,0,0.0,0,7.98,7.98,,,78.0,237.0,25.670764705882355,3.0,Oregon,2020.0,2020.0,LAC,6.0,,
2023,14,00-0036355,J.Herbert,QB,LAC,DEN,9,17,96.0,0,1.0,4.0,37.0,0,0.0,0,0,0,0.0,0,1.84,1.84,,,78.0,237.0,25.670764705882355,3.0,Oregon,2020.0,2020.0,LAC,6.0,-17.0,
2023,1,00-0036358,C.Lamb,WR,DAL,NYG,0,0,0.0,0,0.0,0.0,0.0,0,0.0,0,4,4,77.0,0,7.7,11.7,,,74.0,189.0,24.599222222222224,3.0,Oklahoma,2020.0,2020.0,DAL,17.0,,0.16
2023,2,00-0036358,C.Lamb,WR,DAL,NYJ,0,0,0.0,0,0.0,0.0,0.0,0,0.0,0,13,11,143.0,0,14.3,25.3,,,74.0,189.0,24.599222222222224,3.0,Oklahoma,2020.0,2020.0,DAL,17.0,20.0,0.35135135
2023,3,00-0036358,C.Lamb,WR,DAL,ARI,0,0,0.0,0,0.0,0.0,0.0,2,9.0,0,7,4,53.0,0,6.2,10.2,,,74.0,189.0,24.599222222222224,3.0,Oklahoma,2020.0,2020.0,DAL,17.0,,0.1891892
2023,4,00-0036358,C.Lamb,WR,DAL,NE,0,0,0.0,0,0.0,0.0,0.0,1,12.0,0,6,4,36.0,1,10.8,14.8,,,74.0,189.0,24.599222222222224,3.0,Oklahoma,2020.0,2020.0,DAL,17.0,35.0,0.16666667
2023,5,00-0036358,C.Lamb,WR,DAL,SF,0,0,0.0,0,0.0,0.0,0.0,0,0.0,0,5,4,49.0,0,4.9,8.9,,,74.0,189.0,24.599222222222224,3.0,Oklahoma,2020.0,2020.0,DAL,17.0,,0.1923077
2023,6,00-0036358,C.Lamb,WR,DAL,LAC,0,0,0.0,0,0.0,0.0,0.0,0,0.0,0,7,7,117.0,0,11.7,18.7,,,74.0,189.0,24.599222222222224,3.0,Oklahoma,2020.0,2020.0,DAL,17.0,,0.23333333
2023,8,00-0036358,C.Lamb,WR,DAL,LA,0,0,0.0,0,0.0,0.0,0.0,1,12.0,0,14,12,158.0,2,29.0,41.0,,,74.0,189.0,24.599222222222224,3.0,Oklahoma,2020.0,2020.0,DAL,17.0,23.0,0.4117647
2023,9,00-0036358,C.Lamb,WR,DAL,PHI,0,0,0.0,0,0.0,0.0,0.0,0,0.0,0,16,11,191.0,0,17.1,28.1,,,74.0,189.0,24.599222222222224,3.0,Oklahoma,2020.0,2020.0,DAL,17.0,,0.36363637
2023,10,00-0036358,C.Lamb,WR,DAL,NYG,0,0,0.0,0,0.0,0.0,0.0,1,14.0,1,14,11,151.0,1,28.5,39.5,,,74.0,189.0,24.599222222222224,3.0,Oklahoma,2020.0,2020.0,DAL,17.0,32.0,0.3181818
2023,11,00-0036358,C.Lamb,WR,DAL,CAR,0,0,0.0,0,0.0,0.0,0.0,1,7.0,0,9,6,38.0,1,10.5,16.5,,,74.0,189.0,24.599222222222224,3.0,Oklahoma,2020.0,2020.0,DAL,17.0,,0.225
2023,12,00-0036358,C.Lamb,WR,DAL,WAS,0,0,0.0,0,0.0,0.0,0.0,1,0.0,0,9,4,53.0,1,13.3,17.3,,,74.0,189.0,24.599222222222224,3.0,Oklahoma,2020.0,2020.0,DAL,17.0,35.0,0.28125
2023,13,00-0036358,C.Lamb,WR,DAL,SEA,0,0,0.0,0,0.0,0.0,0.0,2,30.0,0,17,12,116.0,1,20.6,32.6,,,74.0,189.0,24.599222222222224,3.0,Oklahoma,2020.0,2020.0,DAL,17.0,6.0,0.425
2023,14,00-0036358,C.Lamb,WR,DAL,PHI,0,0,0.0,0,0.0,0.0,0.0,0,0.0,0,10,6,71.0,1,13.1,19.1,,,74.0,189.0,24.599222222222224,3.0,Oklahoma,2020.0,2020.0,DAL,17.0,20.0,0.25641027
2023,15,00-0036358,C.Lamb,WR,DAL,BUF,0,0,0.0,0,0.0,0.0,0.0,1,3.0,1,10,7,53.0,0,11.6,18.6,,,74.0,189.0,24.599222222222224,3.0,Oklahoma,2020.0,2020.0,DAL,17.0,,0.3125
2023,16,00-0036358,C.Lamb,WR,DAL,MIA,0,0,0.0,0,0.0,0.0,0.0,2,14.0,0,10,6,118.0,1,19.2,25.2,,,74.0,189.0,24.599222222222224,3.0,Oklahoma,2020.0,2020.0,DAL,17.0,,0.3125
2023,17,00-0036358,C.Lamb,WR,DAL,DET,0,0,0.0,0,0.0,0.0,0.0,1,5.0,0,17,13,227.0,1,29.2,42.2,,,74.0,189.0,24.599222222222224,3.0,Oklahoma,2020.0,2020.0,DAL,17.0,1.0,0.45945945
2023,18,00-0036358,C.Lamb,WR,DAL,WAS,0,0,0.0,0,0.0,0.0,0.0,1,7.0,0,13,13,98.0,2,22.5,35.5,,,74.0,189.0,24.599222222222224,3.0,Oklahoma,2020.0,2020.0,DAL,17.0,,0.325
2023,19,00-0036358,C.Lamb,WR,DAL,GB,0,0,0.0,0,0.0,0.0,0.0,1,5.0,0,17,9,110.0,0,11.5,20.5,,,74.0,189.0,24.599222222222224,3.0,Oklahoma,2020.0,2020.0,DAL,17.0,-16.0,0.29310346
2023,1,00-0036360,C.Edwards-Helaire,RB,KC,DET,0,0,0.0,0,0.0,0.0,0.0,6,22.0,0,1,1,7.0,0,2.9,3.9,,,67.0,209.0,24.61890476190476,3.0,Louisiana State,2020.0,2020.0,KC,32.0,-1.0,0.027027028
2023,2,00-0036360,C.Edwards-Helaire,RB,KC,JAX,0,0,0.0,0,0.0,0.0,0.0,1,0.0,0,2,2,17.0,0,1.7,3.7,,,67.0,209.0,24.61890476190476,3.0,Louisiana State,2020.0,2020.0,KC,32.0,,0.05
2023,3,00-0036360,C.Edwards-Helaire,RB,KC,CHI,0,0,0.0,0,0.0,0.0,0.0,15,55.0,1,1,1,2.0,0,11.7,12.7,,,67.0,209.0,24.61890476190476,3.0,Louisiana State,2020.0,2020.0,KC,32.0,31.0,0.027027028
2023,4,00-0036360,C.Edwards-Helaire,RB,KC,NYJ,0,0,0.0,0,0.0,0.0,0.0,3,12.0,0,1,1,1.0,0,1.3,2.3,,,67.0,209.0,24.61890476190476,3.0,Louisiana State,2020.0,2020.0,KC,32.0,,0.03448276
2023,5,00-0036360,C.Edwards-Helaire,RB,KC,MIN,0,0,0.0,0,0.0,0.0,0.0,3,4.0,0,0,0,0.0,0,0.4,0.4,,,67.0,209.0,24.61890476190476,3.0,Louisiana State,2020.0,2020.0,KC,32.0,,
2023,6,00-0036360,C.Edwards-Helaire,RB,KC,DEN,0,0,0.0,0,0.0,0.0,0.0,2,7.0,0,1,1,9.0,0,1.6,2.6,,,67.0,209.0,24.61890476190476,3.0,Louisiana State,2020.0,2020.0,KC,32.0,11.0,0.025641026
2023,7,00-0036360,C.Edwards-Helaire,RB,KC,LAC,0,0,0.0,0,0.0,0.0,0.0,2,5.0,0,1,0,0.0,0,0.5,0.5,,,67.0,209.0,24.61890476190476,3.0,Louisiana State,2020.0,2020.0,KC,32.0,14.0,0.025
2023,8,00-0036360,C.Edwards-Helaire,RB,KC,DEN,0,0,0.0,0,0.0,0.0,0.0,1,4.0,0,0,0,0.0,0,0.4,0.4,,,67.0,209.0,24.61890476190476,3.0,Louisiana State,2020.0,2020.0,KC,32.0,,
2023,11,00-0036360,C.Edwards-Helaire,RB,KC,PHI,0,0,0.0,0,0.0,0.0,0.0,2,20.0,0,0,0,0.0,0,2.0,2.0,,,67.0,209.0,24.61890476190476,3.0,Louisiana State,2020.0,2020.0,KC,32.0,-4.0,
2023,12,00-0036360,C.Edwards-Helaire,RB,KC,LV,0,0,0.0,0,0.0,0.0,0.0,3,5.0,0,0,0,0.0,0,0.5,0.5,,,67.0,209.0,24.61890476190476,3.0,Louisiana State,2020.0,2020.0,KC,32.0,,
2023,13,00-0036360,C.Edwards-Helaire,RB,KC,GB,0,0,0.0,0,0.0,0.0,0.0,2,6.0,0,2,1,8.0,0,1.4,2.4,,,67.0,209.0,24.61890476190476,3.0,Louisiana State,2020.0,2020.0,KC,32.0,,0.06666667
2023,14,00-0036360,C.Edwards-Helaire,RB,KC,BUF,0,0,0.0,0,0.0,0.0,0.0,11,39.0,0,4,2,29.0,0,6.8,8.8,,,67.0,209.0,24.61890476190476,3.0,Louisiana State,2020.0,2020.0,KC,32.0,-3.0,0.102564104
2023,15,00-0036360,C.Edwards-Helaire,RB,KC,NE,0,0,0.0,0,0.0,0.0,0.0,13,37.0,0,4,4,64.0,1,16.1,20.1,,,67.0,209.0,24.61890476190476,3.0,Louisiana State,2020.0,2020.0,KC,32.0,,0.114285715
2023,16,00-0036360,C.Edwards-Helaire,RB,KC,LV,0,0,0.0,0,0.0,0.0,0.0,4,6.0,0,3,3,42.0,0,4.8,7.8,,,67.0,209.0,24.61890476190476,3.0,Louisiana State,2020.0,2020.0,KC,32.0,-6.0,0.07317073
2023,18,00-0036360,C.Edwards-Helaire,RB,KC,LAC,0,0,0.0,0,0.0,0.0,0.0,2,1.0,0,2,1,9.0,0,1.0,2.0,,,67.0,209.0,24.61890476190476,3.0,Louisiana State,2020.0,2020.0,KC,32.0,,0.06896552
2023,19,00-0036360,C.Edwards-Helaire,RB,KC,MIA,0,0,0.0,0,0.0,0.0,0.0,7,21.0,0,1,1,5.0,0,0.6,1.6,,,67.0,209.0,24.61890476190476,3.0,Louisiana State,2020.0,2020.0,KC,32.0,19.0,0.029411765
2023,20,00-0036360,C.Edwards-Helaire,RB,KC,BUF,0,0,0.0,0,0.0,0.0,0.0,2,31.0,0,1,1,-1.0,0,3.0,4.0,,,67.0,209.0,24.61890476190476,3.0,Louisiana State,2020.0,2020.0,KC,32.0,,0.04761905
2023,21,00-0036360,C.Edwards-Helaire,RB,KC,BAL,0,0,0.0,0,0.0,0.0,0.0,1,1.0,0,2,2,3.0,0,0.4,2.4,,,67.0,209.0,24.61890476190476,3.0,Louisiana State,2020.0,2020.0,KC,32.0,,0.055555556
2023,22,00-0036360,C.Edwards-Helaire,RB,KC,SF,0,0,0.0,0,0.0,0.0,0.0,1,0.0,0,0,0,0.0,0,0.0,0.0,,,67.0,209.0,24.61890476190476,3.0,Louisiana State,2020.0,2020.0,KC,32.0,3.0,
2023,4,00-0036364,L.Bowden,WR,NO,TB,0,0,0.0,0,0.0,0.0,0.0,0,0.0,0,1,0,0.0,0,0.0,0.0,,,73.0,201.0,26.065941176470588,3.0,Kentucky,2020.0,2020.0,LV,80.0,-17.0,0.02631579
2023,10,00-0036364,L.Bowden,WR,NO,MIN,0,0,0.0,0,0.0,0.0,0.0,0,0.0,0,1,1,12.0,0,1.2,2.2,,,73.0,201.0,26.065941176470588,3.0,Kentucky,2020.0,2020.0,LV,80.0,,0.025
2023,12,00-0036364,L.Bowden,WR,NO,ATL,0,0,0.0,0,0.0,0.0,0.0,2,40.0,0,2,0,0.0,0,4.0,4.0,,,73.0,201.0,26.065941176470588,3.0,Kentucky,2020.0,2020.0,LV,80.0,,0.054054055
2023,13,00-0036364,L.Bowden,WR,NO,DET,0,0,0.0,0,0.0,0.0,0.0,2,-6.0,0,1,1,5.0,0,-0.1,0.9,,,73.0,201.0,26.065941176470588,3.0,Kentucky,2020.0,2020.0,LV,80.0,-5.0,0.03448276
2023,14,00-0036364,L.Bowden,WR,NO,CAR,0,0,0.0,0,0.0,0.0,0.0,0,0.0,0,4,4,24.0,0,2.4,6.4,,,73.0,201.0,26.065941176470588,3.0,Kentucky,2020.0,2020.0,LV,80.0,22.0,0.18181819
2023,15,00-0036364,L.Bowden,WR,NO,NYG,0,0,0.0,0,0.0,0.0,0.0,0,0.0,0,5,3,31.0,0,3.1,6.1,,,73.0,201.0,26.065941176470588,3.0,Kentucky,2020.0,2020.0,LV,80.0,18.0,0.17857143
2023,17,00-0036364,L.Bowden,WR,NO,TB,0,0,0.0,0,0.0,0.0,0.0,0,0.0,0,1,1,6.0,0,0.6,1.6,,,73.0,201.0,26.065941176470588,3.0,Kentucky,2020.0,2020.0,LV,80.0,,0.029411765
2023,18,00-0036364,L.Bowden,WR,NO,ATL,0,0,0.0,0,0.0,0.0,0.0,1,-2.0,0,1,1,5.0,0,0.3,1.3,,,73.0,201.0,26.065941176470588,3.0,Kentucky,2020.0,2020.0,LV,80.0,31.0,0.04
2023,1,00-0036370,J.Kelley,RB,LAC,MIA,0,0,0.0,0,0.0,0.0,0.0,16,91.0,1,1,0,0.0,0,15.1,15.1,,,71.0,219.0,25.971823529411765,3.0,UCLA,2020.0,2020.0,LAC,112.0,-2.0,0.032258064
2023,2,00-0036370,J.Kelley,RB,LAC,TEN,0,0,0.0,0,0.0,0.0,0.0,13,39.0,0,1,0,0.0,0,3.9,3.9,,,71.0,219.0,25.971823529411765,3.0,UCLA,2020.0,2020.0,LAC,112.0,,0.025641026
2023,3,00-0036370,J.Kelley,RB,LAC,MIN,0,0,0.0,0,0.0,0.0,0.0,11,12.0,0,1,1,5.0,0,1.7,2.7,,,71.0,219.0,25.971823529411765,3.0,UCLA,2020.0,2020.0,LAC,112.0,,0.020833334
2023,4,00-0036370,J.Kelley,RB,LAC,LV,0,0,0.0,0,0.0,0.0,0.0,17,65.0,0,0,0,0.0,0,6.5,6.5,,,71.0,219.0,25.971823529411765,3.0,UCLA,2020.0,2020.0,LAC,112.0,7.0,
2023,6,00-0036370,J.Kelley,RB,LAC,DAL,0,0,0.0,0,0.0,0.0,0.0,1,2.0,0,2,1,2.0,0,0.4,1.4,,,71.0,219.0,25.971823529411765,3.0,UCLA,2020.0,2020.0,LAC,112.0,-3.0,0.054054055
2023,7,00-0036370,J.Kelley,RB,LAC,KC,0,0,0.0,0,0.0,0.0,0.0,7,75.0,1,0,0,0.0,0,13.5,13.5,,,71.0,219.0,25.971823529411765,3.0,UCLA,2020.0,2020.0,LAC,112.0,,
2023,8,00-0036370,J.Kelley,RB,LAC,CHI,0,0,0.0,0,0.0,0.0,0.0,6,21.0,0,0,0,0.0,0,2.1,2.1,,,71.0,219.0,25.971823529411765,3.0,UCLA,2020.0,2020.0,LAC,112.0,17.0,
2023,9,00-0036370,J.Kelley,RB,LAC,NYJ,0,0,0.0,0,0.0,0.0,0.0,3,18.0,0,1,1,4.0,0,2.2,3.2,,,71.0,219.0,25.971823529411765,3.0,UCLA,2020.0,2020.0,LAC,112.0,,0.035714287
2023,10,00-0036370,J.Kelley,RB,LAC,DET,0,0,0.0,0,0.0,0.0,0.0,5,16.0,0,0,0,0.0,0,1.6,1.6,,,71.0,219.0,25.971823529411765,3.0,UCLA,2020.0,2020.0,LAC,112.0,-3.0,
2023,11,00-0036370,J.Kelley,RB,LAC,GB,0,0,0.0,0,0.0,0.0,0.0,6,13.0,0,0,0,0.0,0,1.3,1.3,,,71.0,219.0,25.971823529411765,3.0,UCLA,2020.0,2020.0,LAC,112.0,,
2023,12,00-0036370,J.Kelley,RB,LAC,BAL,0,0,0.0,0,0.0,0.0,0.0,3,8.0,0,2,2,6.0,0,1.4,3.4,,,71.0,219.0,25.971823529411765,3.0,UCLA,2020.0,2020.0,LAC,112.0,-10.0,0.048780486
2023,13,00-0036370,J.Kelley,RB,LAC,NE,0,0,0.0,0,0.0,0.0,0.0,6,16.0,0,3,2,9.0,0,2.5,4.5,,,71.0,219.0,25.971823529411765,3.0,UCLA,2020.0,2020.0,LAC,112.0,,0.083333336
2023,14,00-0036370,J.Kelley,RB,LAC,DEN,0,0,0.0,0,0.0,0.0,0.0,3,6.0,0,0,0,0.0,0,0.6,0.6,,,71.0,219.0,25.971823529411765,3.0,UCLA,2020.0,2020.0,LAC,112.0,-17.0,
2023,15,00-0036370,J.Kelley,RB,LAC,LV,0,0,0.0,0,0.0,0.0,0.0,5,22.0,0,1,1,6.0,0,0.8,1.8,,,71.0,219.0,25.971823529411765,3.0,UCLA,2020.0,2020.0,LAC,112.0,,0.032258064
2023,16,00-0036370,J.Kelley,RB,LAC,BUF,0,0,0.0,0,0.0,0.0,0.0,1,-2.0,0,0,0,0.0,0,-0.2,-0.2,,,71.0,219.0,25.971823529411765,3.0,UCLA,2020.0,2020.0,LAC,112.0,-2.0,
2023,17,00-0036370,J.Kelley,RB,LAC,DEN,0,0,0.0,0,0.0,0.0,0.0,2,2.0,0,0,0,0.0,0,0.2,0.2,,,71.0,219.0,25.971823529411765,3.0,UCLA,2020.0,2020.0,LAC,112.0,,
2023,18,00-0036370,J.Kelley,RB,LAC,KC,0,0,0.0,0,0.0,0.0,0.0,2,1.0,0,0,0,0.0,0,0.1,0.1,,,71.0,219.0,25.971823529411765,3.0,UCLA,2020.0,2020.0,LAC,112.0,-1.0,
2023,7,00-0036387,J.Reagor,WR,NE,BUF,0,0,0.0,0,0.0,0.0,0.0,0,0.0,0,1,1,11.0,0,1.1,2.1,,,71.0,195.0,24.848,3.0,Texas Christian,2020.0,2020.0,PHI,21.0,4.0,0.033333335
2023,8,00-0036387,J.Reagor,WR,NE,MIA,0,0,0.0,0,0.0,0.0,0.0,0,0.0,0,2,0,0.0,0,0.0,0.0,,,71.0,195.0,24.848,3.0,Texas Christian,2020.0,2020.0,PHI,21.0,,0.071428575
2023,9,00-0036387,J.Reagor,WR,NE,WAS,0,0,0.0,0,0.0,0.0,0.0,0,0.0,0,6,1,11.0,0,1.1,2.1,,,71.0,195.0,24.848,3.0,Texas Christian,2020.0,2020.0,PHI,21.0,-3.0,0.13953489
2023,13,00-0036387,J.Reagor,WR,NE,LAC,0,0,0.0,0,0.0,0.0,0.0,0,0.0,0,1,1,11.0,0,1.1,2.1,,,71.0,195.0,24.848,3.0,Texas Christian,2020.0,2020.0,PHI,21.0,-6.0,0.041666668
2023,14,00-0036387,J.Reagor,WR,NE,PIT,0,0,0.0,0,0.0,0.0,0.0,0,0.0,0,1,0,0.0,0,0.0,0.0,,,71.0,195.0,24.848,3.0,Texas Christian,2020.0,2020.0,PHI,21.0,,0.03846154
2023,15,00-0036387,J.Reagor,WR,NE,KC,0,0,0.0,0,0.0,0.0,0.0,0,0.0,0,2,0,0.0,0,0.0,0.0,,,71.0,195.0,24.848,3.0,Texas Christian,2020.0,2020.0,PHI,21.0,-10.0,0.06451613
2023,16,00-0036387,J.Reagor,WR,NE,DEN,0,0,0.0,0,0.0,0.0,0.0,0,0.0,0,2,2,33.0,0,3.3,5.3,,,71.0,195.0,24.848,3.0,Texas Christian,2020.0,2020.0,PHI,21.0,,0.06451613
2023,17,00-0036387,J.Reagor,WR,NE,BUF,0,0,0.0,0,0.0,0.0,0.0,0,0.0,0,3,1,39.0,0,9.9,10.9,,,71.0,195.0,24.848,3.0,Texas Christian,2020.0,2020.0,PHI,21.0,,0.125
2023,18,00-0036387,J.Reagor,WR,NE,NYJ,0,0,0.0,0,0.0,0.0,0.0,1,17.0,0,5,1,33.0,0,5.0,6.0,,,71.0,195.0,24.848,3.0,Texas Christian,2020.0,2020.0,PHI,21.0,-14.0,0.1724138
2023,1,00-0036389,J.Hurts,QB,PHI,NE,22,33,170.0,1,0.0,3.0,16.0,9,37.0,0,0,0,0.0,0,12.5,12.5,,,73.0,218.0,25.26511111111111,3.0,Oklahoma,2020.0,2020.0,PHI,53.0,,
2023,2,00-0036389,J.Hurts,QB,PHI,MIN,18,23,193.0,1,1.0,4.0,22.0,12,35.0,2,0,0,0.0,0,25.22,25.22,,,73.0,218.0,25.26511111111111,3.0,Oklahoma,2020.0,2020.0,PHI,53.0,6.0,
2023,3,00-0036389,J.Hurts,QB,PHI,TB,23,37,277.0,1,2.0,1.0,6.0,10,28.0,1,0,0,0.0,0,19.88,19.88,,,73.0,218.0,25.26511111111111,3.0,Oklahoma,2020.0,2020.0,PHI,53.0,,
2023,4,00-0036389,J.Hurts,QB,PHI,WAS,25,37,319.0,2,0.0,3.0,8.0,9,34.0,0,0,0,0.0,0,24.16,24.16,,,73.0,218.0,25.26511111111111,3.0,Oklahoma,2020.0,2020.0,PHI,53.0,3.0,
2023,5,00-0036389,J.Hurts,QB,PHI,LA,25,38,303.0,1,1.0,1.0,8.0,15,72.0,1,0,0,0.0,0,27.32,27.32,,,73.0,218.0,25.26511111111111,3.0,Oklahoma,2020.0,2020.0,PHI,53.0,,
2023,6,00-0036389,J.Hurts,QB,PHI,NYJ,28,45,280.0,1,3.0,2.0,12.0,8,47.0,1,0,0,0.0,0,19.9,19.9,,,73.0,218.0,25.26511111111111,3.0,Oklahoma,2020.0,2020.0,PHI,53.0,,
2023,7,00-0036389,J.Hurts,QB,PHI,MIA,23,31,279.0,2,1.0,3.0,23.0,11,21.0,1,0,0,0.0,0,23.26,23.26,,,73.0,218.0,25.26511111111111,3.0,Oklahoma,2020.0,2020.0,PHI,53.0,14.0,
2023,8,00-0036389,J.Hurts,QB,PHI,WAS,29,38,319.0,4,0.0,2.0,4.0,4,6.0,0,0,0,0.0,0,27.36,27.36,,,73.0,218.0,25.26511111111111,3.0,Oklahoma,2020.0,2020.0,PHI,53.0,,
2023,9,00-0036389,J.Hurts,QB,PHI,DAL,17,23,207.0,2,0.0,3.0,24.0,10,36.0,1,0,0,0.0,0,25.88,25.88,,,73.0,218.0,25.26511111111111,3.0,Oklahoma,2020.0,2020.0,PHI,53.0,5.0,
2023,11,00-0036389,J.Hurts,QB,PHI,KC,14,22,150.0,0,1.0,5.0,26.0,12,29.0,2,0,0,0.0,0,18.9,18.9,,,73.0,218.0,25.26511111111111,3.0,Oklahoma,2020.0,2020.0,PHI,53.0,,
2023,12,00-0036389,J.Hurts,QB,PHI,BUF,18,31,200.0,3,1.0,2.0,7.0,14,65.0,2,0,0,0.0,0,34.5,34.5,,,73.0,218.0,25.26511111111111,3.0,Oklahoma,2020.0,2020.0,PHI,53.0,3.0,
2023,13,00-0036389,J.Hurts,QB,PHI,SF,26,45,298.0,1,0.0,3.0,27.0,7,20.0,1,0,0,0.0,0,23.92,23.92,,,73.0,218.0,25.26511111111111,3.0,Oklahoma,2020.0,2020.0,PHI,53.0,-23.0,
2023,14,00-0036389,J.Hurts,QB,PHI,DAL,18,27,197.0,0,0.0,1.0,7.0,5,30.0,0,0,0,0.0,0,8.88,8.88,,,73.0,218.0,25.26511111111111,3.0,Oklahoma,2020.0,2020.0,PHI,53.0,,
2023,15,00-0036389,J.Hurts,QB,PHI,SEA,17,31,143.0,0,2.0,0.0,-0.0,13,82.0,2,0,0,0.0,0,21.92,21.92,,,73.0,218.0,25.26511111111111,3.0,Oklahoma,2020.0,2020.0,PHI,53.0,,
2023,16,00-0036389,J.Hurts,QB,PHI,NYG,24,38,301.0,1,1.0,1.0,6.0,8,34.0,1,0,0,0.0,0,23.44,23.44,,,73.0,218.0,25.26511111111111,3.0,Oklahoma,2020.0,2020.0,PHI,53.0,8.0,
2023,17,00-0036389,J.Hurts,QB,PHI,ARI,18,23,167.0,3,1.0,0.0,-0.0,8,25.0,0,0,0,0.0,0,19.18,19.18,,,73.0,218.0,25.26511111111111,3.0,Oklahoma,2020.0,2020.0,PHI,53.0,-4.0,
2023,18,00-0036389,J.Hurts,QB,PHI,NYG,7,16,55.0,0,1.0,2.0,26.0,2,4.0,0,0,0,0.0,0,0.6,0.6,,,73.0,218.0,25.26511111111111,3.0,Oklahoma,2020.0,2020.0,PHI,53.0,,
2023,19,00-0036389,J.Hurts,QB,PHI,TB,25,35,250.0,1,0.0,3.0,16.0,1,5.0,0,0,0,0.0,0,14.5,14.5,,,73.0,218.0,25.26511111111111,3.0,Oklahoma,2020.0,2020.0,PHI,53.0,,
2023,2,00-0036407,J.Jeudy,WR,DEN,WAS,0,0,0.0,0,0.0,0.0,0.0,0,0.0,0,5,3,25.0,0,2.5,5.5,,,73.0,192.0,24.543588235294116,3.0,Alabama,2020.0,2020.0,DEN,15.0,-2.0,0.18518518
2023,3,00-0036407,J.Jeudy,WR,DEN,MIA,0,0,0.0,0,0.0,0.0,0.0,0,0.0,0,7,5,81.0,0,8.1,13.1,,,73.0,192.0,24.543588235294116,3.0,Alabama,2020.0,2020.0,DEN,15.0,,0.19444445
2023,4,00-0036407,J.Jeudy,WR,DEN,CHI,0,0,0.0,0,0.0,0.0,0.0,0,0.0,0,5,3,52.0,0,5.2,8.2,,,73.0,192.0,24.543588235294116,3.0,Alabama,2020.0,2020.0,DEN,15.0,,0.1923077
2023,5,00-0036407,J.Jeudy,WR,DEN,NYJ,0,0,0.0,0,0.0,0.0,0.0,0,0.0,0,7,6,50.0,0,5.0,11.0,,,73.0,192.0,24.543588235294116,3.0,Alabama,2020.0,2020.0,DEN,15.0,-10.0,0.25925925
2023,6,00-0036407,J.Jeudy,WR,DEN,KC,0,0,0.0,0,0.0,0.0,0.0,0,0.0,0,5,3,14.0,0,1.4,4.4,,,73.0,192.0,24.543588235294116,3.0,Alabama,2020.0,2020.0,DEN,15.0,,0.22727273
2023,7,00-0036407,J.Jeudy,WR,DEN,GB,0,0,0.0,0,0.0,0.0,0.0,0,0.0,0,5,5,64.0,0,6.4,11.4,,,73.0,192.0,24.543588235294116,3.0,Alabama,2020.0,2020.0,DEN,15.0,2.0,0.20833333
2023,8,00-0036407,J.Jeudy,WR,DEN,KC,0,0,0.0,0,0.0,0.0,0.0,0,0.0,0,6,2,50.0,1,11.0,13.0,,,73.0,192.0,24.543588235294116,3.0,Alabama,2020.0,2020.0,DEN,15.0,15.0,0.33333334
2023,10,00-0036407,J.Jeudy,WR,DEN,BUF,0,0,0.0,0,0.0,0.0,0.0,0,0.0,0,3,3,35.0,0,3.5,6.5,,,73.0,192.0,24.543588235294116,3.0,Alabama,2020.0,2020.0,DEN,15.0,,0.10344828
2023,11,00-0036407,J.Jeudy,WR,DEN,MIN,0,0,0.0,0,0.0,0.0,0.0,0,0.0,0,7,5,58.0,0,5.8,10.8,,,73.0,192.0,24.543588235294116,3.0,Alabama,2020.0,2020.0,DEN,15.0,1.0,0.21875
2023,12,00-0036407,J.Jeudy,WR,DEN,CLE,0,0,0.0,0,0.0,0.0,0.0,0,0.0,0,3,2,11.0,0,1.1,3.1,,,73.0,192.0,24.543588235294116,3.0,Alabama,2020.0,2020.0,DEN,15.0,17.0,0.14285715
2023,13,00-0036407,J.Jeudy,WR,DEN,HOU,0,0,0.0,0,0.0,0.0,0.0,0,0.0,0,4,3,51.0,0,5.1,8.1,,,73.0,192.0,24.543588235294116,3.0,Alabama,2020.0,2020.0,DEN,15.0,,0.16666667
2023,14,00-0036407,J.Jeudy,WR,DEN,LAC,0,0,0.0,0,0.0,0.0,0.0,0,0.0,0,6,2,16.0,0,1.6,3.6,,,73.0,192.0,24.543588235294116,3.0,Alabama,2020.0,2020.0,DEN,15.0,,0.2
2023,15,00-0036407,J.Jeudy,WR,DEN,DET,0,0,0.0,0,0.0,0.0,0.0,0,0.0,0,7,3,74.0,0,7.4,10.4,,,73.0,192.0,24.543588235294116,3.0,Alabama,2020.0,2020.0,DEN,15.0,,0.21875
2023,16,00-0036407,J.Jeudy,WR,DEN,NE,0,0,0.0,0,0.0,0.0,0.0,0,0.0,0,5,3,44.0,0,4.4,7.4,,,73.0,192.0,24.543588235294116,3.0,Alabama,2020.0,2020.0,DEN,15.0,-3.0,0.14285715
2023,17,00-0036407,J.Jeudy,WR,DEN,LAC,0,0,0.0,0,0.0,0.0,0.0,0,0.0,0,6,3,54.0,0,5.4,8.4,,,73.0,192.0,24.543588235294116,3.0,Alabama,2020.0,2020.0,DEN,15.0,7.0,0.2
2023,18,00-0036407,J.Jeudy,WR,DEN,LV,0,0,0.0,0,0.0,0.0,0.0,0,0.0,0,6,3,79.0,1,13.9,16.9,,,73.0,192.0,24.543588235294116,3.0,Alabama,2020.0,2020.0,DEN,15.0,,0.1875
2023,1,00-0036410,T.Higgins,WR,CIN,CLE,0,0,0.0,0,0.0,0.0,0.0,0,0.0,0,8,0,0.0,0,0.0,0.0,,,76.0,210.0,24.80864705882353,3.0,Clemson,2020.0,2020.0,CIN,33.0,,0.2580645
2023,2,00-0036410,T.Higgins,WR,CIN,BAL,0,0,0.0,0,0.0,0.0,0.0,0,0.0,0,12,8,89.0,2,20.9,28.9,,,76.0,210.0,24.80864705882353,3.0,Clemson,2020.0,2020.0,CIN,33.0,-3.0,0.30769232
2023,3,00-0036410,T.Higgins,WR,CIN,LA,0,0,0.0,0,0.0,0.0,0.0,0,0.0,0,8,2,21.0,0,2.1,4.1,,,76.0,210.0,24.80864705882353,3.0,Clemson,2020.0,2020.0,CIN,33.0,3.0,0.17391305
2023,4,00-0036410,T.Higgins,WR,CIN,TEN,0,0,0.0,0,0.0,0.0,0.0,0,0.0,0,4,2,19.0,0,1.9,3.9,,,76.0,210.0,24.80864705882353,3.0,Clemson,2020.0,2020.0,CIN,33.0,,0.14814815
2023,6,00-0036410,T.Higgins,WR,CIN,SEA,0,0,0.0,0,0.0,0.0,0.0,0,0.0,0,4,2,20.0,0,2.0,4.0,,,76.0,210.0,24.80864705882353,3.0,Clemson,2020.0,2020.0,CIN,33.0,4.0,0.114285715
2023,8,00-0036410,T.Higgins,WR,CIN,SF,0,0,0.0,0,0.0,0.0,0.0,0,0.0,0,6,5,69.0,0,6.9,11.9,,,76.0,210.0,24.80864705882353,3.0,Clemson,2020.0,2020.0,CIN,33.0,,0.1875
2023,9,00-0036410,T.Higgins,WR,CIN,BUF,0,0,0.0,0,0.0,0.0,0.0,0,0.0,0,9,8,110.0,0,11.0,19.0,,,76.0,210.0,24.80864705882353,3.0,Clemson,2020.0,2020.0,CIN,33.0,6.0,0.21428572
2023,13,00-0036410,T.Higgins,WR,CIN,JAX,0,0,0.0,0,0.0,0.0,0.0,0,0.0,0,3,3,36.0,0,3.6,6.6,,,76.0,210.0,24.80864705882353,3.0,Clemson,2020.0,2020.0,CIN,33.0,,0.08108108
2023,14,00-0036410,T.Higgins,WR,CIN,IND,0,0,0.0,0,0.0,0.0,0.0,0,0.0,0,4,2,72.0,0,7.2,9.2,,,76.0,210.0,24.80864705882353,3.0,Clemson,2020.0,2020.0,CIN,33.0,20.0,0.16
2023,15,00-0036410,T.Higgins,WR,CIN,MIN,0,0,0.0,0,0.0,0.0,0.0,0,0.0,0,8,4,61.0,2,18.1,22.1,,,76.0,210.0,24.80864705882353,3.0,Clemson,2020.0,2020.0,CIN,33.0,3.0,0.2
2023,16,00-0036410,T.Higgins,WR,CIN,PIT,0,0,0.0,0,0.0,0.0,0.0,0,0.0,0,8,5,140.0,1,20.0,25.0,,,76.0,210.0,24.80864705882353,3.0,Clemson,2020.0,2020.0,CIN,33.0,,0.2
2023,17,00-0036410,T.Higgins,WR,CIN,KC,0,0,0.0,0,0.0,0.0,0.0,0,0.0,0,2,1,19.0,0,1.9,2.9,,,76.0,210.0,24.80864705882353,3.0,Clemson,2020.0,2020.0,CIN,33.0,,0.06451613
2023,1,00-0036414,C.Akers,RB,LA,SEA,0,0,0.0,0,0.0,0.0,0.0,22,29.0,1,0,0,0.0,0,8.9,8.9,,,70.0,212.0,24.37829411764706,3.0,Florida State,2020.0,2020.0,LA,52.0,,
2023,4,00-0036414,C.Akers,RB,MIN,CAR,0,0,0.0,0,0.0,0.0,0.0,5,40.0,0,2,2,11.0,0,5.1,7.1,,,70.0,212.0,24.37829411764706,3.0,Florida State,2020.0,2020.0,LA,52.0,,0.11111111
2023,5,00-0036414,C.Akers,RB,MIN,KC,0,0,0.0,0,0.0,0.0,0.0,5,15.0,0,2,2,3.0,0,1.8,3.8,,,70.0,212.0,24.37829411764706,3.0,Florida State,2020.0,2020.0,LA,52.0,-7.0,0.04347826
2023,6,00-0036414,C.Akers,RB,MIN,CHI,0,0,0.0,0,0.0,0.0,0.0,1,8.0,0,1,1,7.0,0,1.5,2.5,,,70.0,212.0,24.37829411764706,3.0,Florida State,2020.0,2020.0,LA,52.0,,0.033333335
2023,7,00-0036414,C.Akers,RB,MIN,SF,0,0,0.0,0,0.0,0.0,0.0,10,31.0,0,3,2,30.0,0,6.1,8.1,,,70.0,212.0,24.37829411764706,3.0,Florida State,2020.0,2020.0,LA,52.0,5.0,0.069767445
2023,8,00-0036414,C.Akers,RB,MIN,GB,0,0,0.0,0,0.0,0.0,0.0,9,19.0,1,1,1,6.0,0,8.5,9.5,,,70.0,212.0,24.37829411764706,3.0,Florida State,2020.0,2020.0,LA,52.0,,0.029411765
2023,9,00-0036414,C.Akers,RB,MIN,ATL,0,0,0.0,0,0.0,1.0,7.0,8,25.0,0,3,3,13.0,0,3.8,6.8,,,70.0,212.0,24.37829411764706,3.0,Florida State,2020.0,2020.0,LA,52.0,,0.08571429
2023,1,00-0036415,V.Jefferson,WR,LA,SEA,0,0,0.0,0,0.0,0.0,0.0,0,0.0,0,5,4,24.0,0,2.4,6.4,,,73.0,197.0,27.28529411764706,3.0,Florida,2020.0,2020.0,LA,57.0,,0.13513513
2023,2,00-0036415,V.Jefferson,WR,LA,SF,0,0,0.0,0,0.0,0.0,0.0,0,0.0,0,4,1,9.0,0,0.9,1.9,,,73.0,197.0,27.28529411764706,3.0,Florida,2020.0,2020.0,LA,57.0,-7.0,0.07692308
2023,3,00-0036415,V.Jefferson,WR,LA,CIN,0,0,0.0,0,0.0,0.0,0.0,1,4.0,0,3,1,46.0,0,5.0,6.0,,,73.0,197.0,27.28529411764706,3.0,Florida,2020.0,2020.0,LA,57.0,,0.09375
2023,4,00-0036415,V.Jefferson,WR,LA,IND,0,0,0.0,0,0.0,0.0,0.0,0,0.0,0,3,2,29.0,0,2.9,4.9,,,73.0,197.0,27.28529411764706,3.0,Florida,2020.0,2020.0,LA,57.0,,0.07692308
2023,6,00-0036415,V.Jefferson,WR,ATL,WAS,0,0,0.0,0,0.0,0.0,0.0,0,0.0,0,2,0,0.0,0,0.0,0.0,,,73.0,197.0,27.28529411764706,3.0,Florida,2020.0,2020.0,LA,57.0,-8.0,0.045454547
2023,7,00-0036415,V.Jefferson,WR,ATL,TB,0,0,0.0,0,0.0,0.0,0.0,0,0.0,0,2,1,5.0,0,0.5,1.5,,,73.0,197.0,27.28529411764706,3.0,Florida,2020.0,2020.0,LA,57.0,,0.08695652
2023,8,00-0036415,V.Jefferson,WR,ATL,TEN,0,0,0.0,0,0.0,0.0,0.0,0,0.0,0,5,3,24.0,0,2.4,5.4,,,73.0,197.0,27.28529411764706,3.0,Florida,2020.0,2020.0,LA,57.0,,0.15151516
2023,9,00-0036415,V.Jefferson,WR,ATL,MIN,0,0,0.0,0,0.0,0.0,0.0,0,0.0,0,4,1,14.0,0,1.4,2.4,,,73.0,197.0,27.28529411764706,3.0,Florida,2020.0,2020.0,LA,57.0,-3.0,0.11764706
2023,10,00-0036415,V.Jefferson,WR,ATL,ARI,0,0,0.0,0,0.0,0.0,0.0,0,0.0,0,1,0,0.0,0,0.0,0.0,,,73.0,197.0,27.28529411764706,3.0,Florida,2020.0,2020.0,LA,57.0,,0.05263158
2023,12,00-0036415,V.Jefferson,WR,ATL,NO,0,0,0.0,0,0.0,0.0,0.0,0,0.0,0,2,1,13.0,0,1.3,2.3,,,73.0,197.0,27.28529411764706,3.0,Florida,2020.0,2020.0,LA,57.0,9.0,0.1
2023,15,00-0036415,V.Jefferson,WR,ATL,CAR,0,0,0.0,0,0.0,0.0,0.0,0,0.0,0,1,0,0.0,0,0.0,0.0,,,73.0,197.0,27.28529411764706,3.0,Florida,2020.0,2020.0,LA,57.0,,0.05263158
2023,16,00-0036415,V.Jefferson,WR,ATL,IND,0,0,0.0,0,0.0,0.0,0.0,0,0.0,0,3,1,13.0,0,1.3,2.3,,,73.0,197.0,27.28529411764706,3.0,Florida,2020.0,2020.0,LA,57.0,19.0,0.09375
2023,17,00-0036415,V.Jefferson,WR,ATL,CHI,0,0,0.0,0,0.0,0.0,0.0,0,0.0,0,5,3,19.0,0,1.9,4.9,,,73.0,197.0,27.28529411764706,3.0,Florida,2020.0,2020.0,LA,57.0,,0.15625
2023,18,00-0036415,V.Jefferson,WR,ATL,NO,0,0,0.0,0,0.0,0.0,0.0,0,0.0,0,3,2,13.0,0,1.3,3.3,,,73.0,197.0,27.28529411764706,3.0,Florida,2020.0,2020.0,LA,57.0,,0.0882353
2023,1,00-0036422,A.Trautman,TE,DEN,LV,0,0,0.0,0,0.0,0.0,0.0,0,0.0,0,5,5,34.0,0,3.4,8.4,,,77.0,253.0,26.75570588235294,3.0,Dayton,2020.0,2020.0,NO,105.0,-1.0,0.15625
2023,2,00-0036422,A.Trautman,TE,DEN,WAS,0,0,0.0,0,0.0,0.0,0.0,0,0.0,0,1,0,0.0,0,0.0,0.0,,,77.0,253.0,26.75570588235294,3.0,Dayton,2020.0,2020.0,NO,105.0,-2.0,0.037037037
2023,3,00-0036422,A.Trautman,TE,DEN,MIA,0,0,0.0,0,0.0,0.0,0.0,0,0.0,0,2,0,0.0,0,0.0,0.0,,,77.0,253.0,26.75570588235294,3.0,Dayton,2020.0,2020.0,NO,105.0,,0.055555556
2023,4,00-0036422,A.Trautman,TE,DEN,CHI,0,0,0.0,0,0.0,0.0,0.0,0,0.0,0,1,0,0.0,0,0.0,0.0,,,77.0,253.0,26.75570588235294,3.0,Dayton,2020.0,2020.0,NO,105.0,,0.03846154
2023,5,00-0036422,A.Trautman,TE,DEN,NYJ,0,0,0.0,0,0.0,0.0,0.0,0,0.0,0,5,4,26.0,1,8.6,12.6,,,77.0,253.0,26.75570588235294,3.0,Dayton,2020.0,2020.0,NO,105.0,-10.0,0.18518518
2023,6,00-0036422,A.Trautman,TE,DEN,KC,0,0,0.0,0,0.0,0.0,0.0,0,0.0,0,2,1,4.0,0,0.4,1.4,,,77.0,253.0,26.75570588235294,3.0,Dayton,2020.0,2020.0,NO,105.0,,0.09090909
2023,7,00-0036422,A.Trautman,TE,DEN,GB,0,0,0.0,0,0.0,0.0,0.0,0,0.0,0,2,1,5.0,0,0.5,1.5,,,77.0,253.0,26.75570588235294,3.0,Dayton,2020.0,2020.0,NO,105.0,2.0,0.083333336
2023,10,00-0036422,A.Trautman,TE,DEN,BUF,0,0,0.0,0,0.0,0.0,0.0,0,0.0,0,2,2,15.0,0,1.5,3.5,,,77.0,253.0,26.75570588235294,3.0,Dayton,2020.0,2020.0,NO,105.0,,0.06896552
2023,11,00-0036422,A.Trautman,TE,DEN,MIN,0,0,0.0,0,0.0,0.0,0.0,0,0.0,0,2,2,33.0,0,3.3,5.3,,,77.0,253.0,26.75570588235294,3.0,Dayton,2020.0,2020.0,NO,105.0,1.0,0.0625
2023,12,00-0036422,A.Trautman,TE,DEN,CLE,0,0,0.0,0,0.0,0.0,0.0,0,0.0,0,1,1,8.0,1,6.8,7.8,,,77.0,253.0,26.75570588235294,3.0,Dayton,2020.0,2020.0,NO,105.0,17.0,0.04761905
2023,13,00-0036422,A.Trautman,TE,DEN,HOU,0,0,0.0,0,0.0,0.0,0.0,0,0.0,0,2,1,6.0,0,0.6,1.6,,,77.0,253.0,26.75570588235294,3.0,Dayton,2020.0,2020.0,NO,105.0,,0.083333336
2023,14,00-0036422,A.Trautman,TE,DEN,LAC,0,0,0.0,0,0.0,0.0,0.0,0,0.0,0,3,2,19.0,1,7.9,9.9,,,77.0,253.0,26.75570588235294,3.0,Dayton,2020.0,2020.0,NO,105.0,,0.1
2023,15,00-0036422,A.Trautman,TE,DEN,DET,0,0,0.0,0,0.0,0.0,0.0,0,0.0,0,3,1,24.0,0,2.4,3.4,,,77.0,253.0,26.75570588235294,3.0,Dayton,2020.0,2020.0,NO,105.0,,0.09375
2023,16,00-0036422,A.Trautman,TE,DEN,NE,0,0,0.0,0,0.0,0.0,0.0,0,0.0,0,1,0,0.0,0,0.0,0.0,,,77.0,253.0,26.75570588235294,3.0,Dayton,2020.0,2020.0,NO,105.0,-3.0,0.028571429
2023,17,00-0036422,A.Trautman,TE,DEN,LAC,0,0,0.0,0,0.0,0.0,0.0,0,0.0,0,2,1,9.0,0,0.9,1.9,,,77.0,253.0,26.75570588235294,3.0,Dayton,2020.0,2020.0,NO,105.0,7.0,0.06666667
2023,18,00-0036422,A.Trautman,TE,DEN,LV,0,0,0.0,0,0.0,0.0,0.0,0,0.0,0,1,1,21.0,0,2.1,3.1,,,77.0,253.0,26.75570588235294,3.0,Dayton,2020.0,2020.0,NO,105.0,,0.03125
2023,13,00-0036423,A.Okwuegbunam,TE,PHI,SF,0,0,0.0,0,0.0,0.0,0.0,0,0.0,0,1,0,0.0,0,0.0,0.0,,,77.0,255.0,25.54988888888889,3.0,Missouri,2020.0,2020.0,DEN,118.0,-23.0,0.023809524
2023,1,00-0036424,B.Hopkins,TE,LA,SEA,0,0,0.0,0,0.0,0.0,0.0,0,0.0,0,2,1,21.0,0,2.1,3.1,,,76.0,245.0,26.62811111111111,3.0,Purdue,2020.0,2020.0,LA,136.0,,0.054054055
2023,4,00-0036424,B.Hopkins,TE,LA,IND,0,0,0.0,0,0.0,0.0,0.0,0,0.0,0,1,1,5.0,0,0.5,1.5,,,76.0,245.0,26.62811111111111,3.0,Purdue,2020.0,2020.0,LA,136.0,,0.025641026
2023,7,00-0036424,B.Hopkins,TE,LA,PIT,0,0,0.0,0,0.0,0.0,0.0,0,0.0,0,1,1,5.0,0,0.5,1.5,,,76.0,245.0,26.62811111111111,3.0,Purdue,2020.0,2020.0,LA,136.0,-7.0,0.037037037
2023,18,00-0036424,B.Hopkins,TE,LA,SF,0,0,0.0,0,0.0,0.0,0.0,0,0.0,0,3,2,47.0,0,4.7,6.7,,,76.0,245.0,26.62811111111111,3.0,Purdue,2020.0,2020.0,LA,136.0,,0.13043478
2023,1,00-0036425,D.Dallas,RB,SEA,LA,0,0,0.0,0,0.0,0.0,0.0,2,4.0,0,1,1,14.0,0,1.8,2.8,,,70.0,214.0,25.150235294117646,3.0,Miami,2020.0,2020.0,SEA,144.0,-17.0,0.041666668
2023,2,00-0036425,D.Dallas,RB,SEA,DET,0,0,0.0,0,0.0,0.0,0.0,1,3.0,0,0,0,0.0,0,0.3,0.3,,,70.0,214.0,25.150235294117646,3.0,Miami,2020.0,2020.0,SEA,144.0,,
2023,3,00-0036425,D.Dallas,RB,SEA,CAR,0,0,0.0,0,0.0,0.0,0.0,2,7.0,0,1,1,-2.0,0,0.5,1.5,,,70.0,214.0,25.150235294117646,3.0,Miami,2020.0,2020.0,SEA,144.0,10.0,0.028571429
2023,4,00-0036425,D.Dallas,RB,SEA,NYG,0,0,0.0,0,0.0,0.0,0.0,0,0.0,0,1,0,0.0,0,0.0,0.0,,,70.0,214.0,25.150235294117646,3.0,Miami,2020.0,2020.0,SEA,144.0,,0.03846154
2023,6,00-0036425,D.Dallas,RB,SEA,CIN,0,0,0.0,0,0.0,0.0,0.0,0,0.0,0,1,1,-1.0,0,-0.1,0.9,,,70.0,214.0,25.150235294117646,3.0,Miami,2020.0,2020.0,SEA,144.0,,0.027027028
2023,7,00-0036425,D.Dallas,RB,SEA,ARI,0,0,0.0,0,0.0,0.0,0.0,0,0.0,0,1,1,0.0,0,0.0,1.0,,,70.0,214.0,25.150235294117646,3.0,Miami,2020.0,2020.0,SEA,144.0,10.0,0.041666668
2023,11,00-0036425,D.Dallas,RB,SEA,LA,0,0,0.0,0,0.0,0.0,0.0,1,4.0,0,1,1,10.0,0,1.4,2.4,,,70.0,214.0,25.150235294117646,3.0,Miami,2020.0,2020.0,SEA,144.0,,0.02631579
2023,12,00-0036425,D.Dallas,RB,SEA,SF,0,0,0.0,0,0.0,0.0,0.0,2,10.0,0,1,1,5.0,0,1.5,2.5,,,70.0,214.0,25.150235294117646,3.0,Miami,2020.0,2020.0,SEA,144.0,-18.0,0.037037037
2023,13,00-0036425,D.Dallas,RB,SEA,DAL,0,0,0.0,0,0.0,1.0,-0.0,1,6.0,0,2,0,0.0,0,0.6,0.6,,,70.0,214.0,25.150235294117646,3.0,Miami,2020.0,2020.0,SEA,144.0,,0.05263158
2023,16,00-0036425,D.Dallas,RB,SEA,TEN,0,0,0.0,0,0.0,0.0,0.0,1,2.0,0,0,0,0.0,0,0.2,0.2,,,70.0,214.0,25.150235294117646,3.0,Miami,2020.0,2020.0,SEA,144.0,,
2023,18,00-0036427,T.Johnson,WR,LA,SF,0,0,0.0,0,0.0,0.0,0.0,0,0.0,0,3,2,8.0,1,6.8,8.8,,,73.0,205.0,25.215222222222224,3.0,Minnesota,2020.0,2020.0,TB,161.0,,0.13043478
2023,12,00-0036429,C.Woerner,TE,SF,SEA,0,0,0.0,0,0.0,0.0,0.0,0,0.0,0,1,1,9.0,0,0.9,1.9,,,77.0,245.0,26.0968,3.0,Georgia,2020.0,2020.0,SF,190.0,,0.033333335
2023,14,00-0036429,C.Woerner,TE,SF,SEA,0,0,0.0,0,0.0,0.0,0.0,0,0.0,0,1,1,3.0,0,0.3,1.3,,,77.0,245.0,26.0968,3.0,Georgia,2020.0,2020.0,SF,190.0,12.0,0.037037037
2023,18,00-0036429,C.Woerner,TE,SF,LA,0,0,0.0,0,0.0,0.0,0.0,0,0.0,0,1,1,20.0,0,2.0,3.0,,,77.0,245.0,26.0968,3.0,Georgia,2020.0,2020.0,SF,190.0,-1.0,0.04
2023,8,00-0036438,S.Sullivan,TE,CAR,HOU,0,0,0.0,0,0.0,0.0,0.0,0,0.0,0,1,1,13.0,0,1.3,2.3,,,77.0,242.0,26.947,3.0,Louisiana State,2020.0,2020.0,SEA,251.0,2.0,0.032258064
2023,9,00-0036438,S.Sullivan,TE,CAR,IND,0,0,0.0,0,0.0,0.0,0.0,0,0.0,0,5,4,28.0,0,2.8,6.8,,,77.0,242.0,26.947,3.0,Louisiana State,2020.0,2020.0,SEA,251.0,-14.0,0.13513513
2023,11,00-0036438,S.Sullivan,TE,CAR,DAL,0,0,0.0,0,0.0,0.0,0.0,0,0.0,0,1,1,20.0,0,2.0,3.0,,,77.0,242.0,26.947,3.0,Louisiana State,2020.0,2020.0,SEA,251.0,-23.0,0.03846154
2023,12,00-0036438,S.Sullivan,TE,CAR,TEN,0,0,0.0,0,0.0,0.0,0.0,0,0.0,0,1,1,13.0,0,1.3,2.3,,,77.0,242.0,26.947,3.0,Louisiana State,2020.0,2020.0,SEA,251.0,,0.041666668
2023,13,00-0036438,S.Sullivan,TE,CAR,TB,0,0,0.0,0,0.0,0.0,0.0,0,0.0,0,2,1,16.0,0,1.6,2.6,,,77.0,242.0,26.947,3.0,Louisiana State,2020.0,2020.0,SEA,251.0,,0.07692308
2023,14,00-0036438,S.Sullivan,TE,CAR,NO,0,0,0.0,0,0.0,0.0,0.0,0,0.0,0,4,0,0.0,0,0.0,0.0,,,77.0,242.0,26.947,3.0,Louisiana State,2020.0,2020.0,SEA,251.0,,0.125
2023,15,00-0036438,S.Sullivan,TE,CAR,ATL,0,0,0.0,0,0.0,0.0,0.0,0,0.0,0,1,1,14.0,0,1.4,2.4,,,77.0,242.0,26.947,3.0,Louisiana State,2020.0,2020.0,SEA,251.0,2.0,0.04347826
2023,16,00-0036438,S.Sullivan,TE,CAR,GB,0,0,0.0,0,0.0,0.0,0.0,0,0.0,0,5,3,21.0,0,2.1,5.1,,,77.0,242.0,26.947,3.0,Louisiana State,2020.0,2020.0,SEA,251.0,-3.0,0.15625
2023,17,00-0036438,S.Sullivan,TE,CAR,JAX,0,0,0.0,0,0.0,0.0,0.0,0,0.0,0,2,0,0.0,0,0.0,0.0,,,77.0,242.0,26.947,3.0,Louisiana State,2020.0,2020.0,SEA,251.0,,0.06451613
2023,18,00-0036438,S.Sullivan,TE,CAR,TB,0,0,0.0,0,0.0,0.0,0.0,0,0.0,0,2,0,0.0,0,0.0,0.0,,,77.0,242.0,26.947,3.0,Louisiana State,2020.0,2020.0,SEA,251.0,-9.0,0.11111111
2023,1,00-0036442,J.Burrow,QB,CIN,CLE,14,31,82.0,0,0.0,2.0,15.0,1,-1.0,0,0,0,0.0,0,3.18,3.18,,,76.0,216.0,26.914058823529412,3.0,Louisiana State,2020.0,2020.0,CIN,1.0,,
2023,2,00-0036442,J.Burrow,QB,CIN,BAL,27,41,222.0,2,1.0,1.0,6.0,1,5.0,0,0,0,0.0,0,15.38,15.38,,,76.0,216.0,26.914058823529412,3.0,Louisiana State,2020.0,2020.0,CIN,1.0,-3.0,
2023,3,00-0036442,J.Burrow,QB,CIN,LA,26,49,259.0,0,1.0,2.0,17.0,3,-2.0,0,0,0,0.0,0,8.16,8.16,,,76.0,216.0,26.914058823529412,3.0,Louisiana State,2020.0,2020.0,CIN,1.0,3.0,
2023,4,00-0036442,J.Burrow,QB,CIN,TEN,20,30,165.0,0,0.0,3.0,26.0,3,1.0,0,0,0,0.0,0,4.7,4.7,,,76.0,216.0,26.914058823529412,3.0,Louisiana State,2020.0,2020.0,CIN,1.0,,
2023,5,00-0036442,J.Burrow,QB,CIN,ARI,36,46,317.0,3,1.0,3.0,30.0,4,7.0,0,0,0,0.0,0,23.38,23.38,,,76.0,216.0,26.914058823529412,3.0,Louisiana State,2020.0,2020.0,CIN,1.0,,
2023,6,00-0036442,J.Burrow,QB,CIN,SEA,24,35,185.0,2,1.0,3.0,17.0,2,4.0,0,0,0,0.0,0,13.8,13.8,,,76.0,216.0,26.914058823529412,3.0,Louisiana State,2020.0,2020.0,CIN,1.0,4.0,
2023,8,00-0036442,J.Burrow,QB,CIN,SF,28,32,283.0,3,0.0,3.0,17.0,6,43.0,0,0,0,0.0,0,27.62,27.62,,,76.0,216.0,26.914058823529412,3.0,Louisiana State,2020.0,2020.0,CIN,1.0,,
2023,9,00-0036442,J.Burrow,QB,CIN,BUF,31,44,348.0,2,0.0,1.0,5.0,5,4.0,0,0,0,0.0,0,22.32,22.32,,,76.0,216.0,26.914058823529412,3.0,Louisiana State,2020.0,2020.0,CIN,1.0,6.0,
2023,10,00-0036442,J.Burrow,QB,CIN,HOU,27,40,347.0,2,2.0,4.0,33.0,5,20.0,0,0,0,0.0,0,19.88,19.88,,,76.0,216.0,26.914058823529412,3.0,Louisiana State,2020.0,2020.0,CIN,1.0,-3.0,
2023,11,00-0036442,J.Burrow,QB,CIN,BAL,11,17,101.0,1,0.0,2.0,14.0,1,7.0,0,0,0,0.0,0,8.74,8.74,,,76.0,216.0,26.914058823529412,3.0,Louisiana State,2020.0,2020.0,CIN,1.0,,
2023,4,00-0036450,K.Vaughn,RB,TB,NO,0,0,0.0,0,0.0,0.0,0.0,9,16.0,0,1,1,3.0,0,1.9,2.9,,,70.0,215.0,26.519470588235293,3.0,Vanderbilt,2020.0,2020.0,TB,76.0,,0.033333335
2023,6,00-0036450,K.Vaughn,RB,TB,DET,0,0,0.0,0,0.0,0.0,0.0,6,9.0,0,2,0,0.0,0,0.9,0.9,,,70.0,215.0,26.519470588235293,3.0,Vanderbilt,2020.0,2020.0,TB,76.0,-14.0,0.054054055
2023,7,00-0036450,K.Vaughn,RB,TB,ATL,0,0,0.0,0,0.0,0.0,0.0,4,7.0,0,1,0,0.0,0,0.7,0.7,,,70.0,215.0,26.519470588235293,3.0,Vanderbilt,2020.0,2020.0,TB,76.0,-3.0,0.024390243
2023,8,00-0036450,K.Vaughn,RB,TB,BUF,0,0,0.0,0,0.0,0.0,0.0,1,1.0,0,0,0,0.0,0,0.1,0.1,,,70.0,215.0,26.519470588235293,3.0,Vanderbilt,2020.0,2020.0,TB,76.0,,
2023,9,00-0036450,K.Vaughn,RB,TB,HOU,0,0,0.0,0,0.0,0.0,0.0,4,9.0,0,1,1,-1.0,0,0.8,1.8,,,70.0,215.0,26.519470588235293,3.0,Vanderbilt,2020.0,2020.0,TB,76.0,,0.033333335
2023,10,00-0036482,M.Strachan,WR,CAR,CHI,0,0,0.0,0,0.0,0.0,0.0,0,0.0,0,2,1,45.0,0,4.5,5.5,,,77.0,205.0,26.24070588235294,2.0,"Charleston, W. Va.",2021.0,2021.0,IND,229.0,,0.05882353
2023,13,00-0036482,M.Strachan,WR,CAR,TB,0,0,0.0,0,0.0,0.0,0.0,0,0.0,0,1,0,0.0,0,0.0,0.0,,,77.0,205.0,26.24070588235294,2.0,"Charleston, W. Va.",2021.0,2021.0,IND,229.0,,0.03846154
2023,1,00-0036493,D.Jackson,RB,IND,JAX,0,0,0.0,0,0.0,0.0,0.0,13,14.0,0,6,5,14.0,0,-1.2,3.8,,,72.0,220.0,24.723,2.0,Duke,2021.0,2021.0,,,-10.0,0.15384616
2023,9,00-0036493,D.Jackson,RB,NYG,LV,0,0,0.0,0,0.0,0.0,0.0,1,2.0,0,0,0,0.0,0,0.2,0.2,,,72.0,220.0,24.723,2.0,Duke,2021.0,2021.0,,,,
2023,3,00-0036497,T.Jones,WR,JAX,HOU,0,0,0.0,0,0.0,0.0,0.0,0,0.0,0,3,2,11.0,0,1.1,3.1,,,73.0,202.0,25.485588235294117,2.0,Southern Mississippi,2021.0,2021.0,,,-20.0,0.075
2023,4,00-0036497,T.Jones,WR,JAX,ATL,0,0,0.0,0,0.0,0.0,0.0,0,0.0,0,1,1,-1.0,0,-0.1,0.9,,,73.0,202.0,25.485588235294117,2.0,Southern Mississippi,2021.0,2021.0,,,16.0,0.033333335
2023,5,00-0036497,T.Jones,WR,JAX,BUF,0,0,0.0,0,0.0,0.0,0.0,0,0.0,0,1,0,0.0,0,0.0,0.0,,,73.0,202.0,25.485588235294117,2.0,Southern Mississippi,2021.0,2021.0,,,,0.027027028
2023,7,00-0036497,T.Jones,WR,JAX,NO,0,0,0.0,0,0.0,0.0,0.0,0,0.0,0,2,2,17.0,0,1.7,3.7,,,73.0,202.0,25.485588235294117,2.0,Southern Mississippi,2021.0,2021.0,,,,0.06666667
2023,10,00-0036497,T.Jones,WR,JAX,SF,0,0,0.0,0,0.0,0.0,0.0,0,0.0,0,2,2,17.0,0,1.7,3.7,,,73.0,202.0,25.485588235294117,2.0,Southern Mississippi,2021.0,2021.0,,,-31.0,0.06451613
2023,13,00-0036497,T.Jones,WR,JAX,CIN,0,0,0.0,0,0.0,0.0,0.0,0,0.0,0,1,0,0.0,0,0.0,0.0,,,73.0,202.0,25.485588235294117,2.0,Southern Mississippi,2021.0,2021.0,,,-3.0,0.025641026
2023,16,00-0036497,T.Jones,WR,JAX,TB,0,0,0.0,0,0.0,0.0,0.0,0,0.0,0,5,3,32.0,0,3.2,6.2,,,73.0,202.0,25.485588235294117,2.0,Southern Mississippi,2021.0,2021.0,,,,0.11363637
2023,17,00-0036497,T.Jones,WR,JAX,CAR,0,0,0.0,0,0.0,0.0,0.0,0,0.0,0,1,0,0.0,0,0.0,0.0,,,73.0,202.0,25.485588235294117,2.0,Southern Mississippi,2021.0,2021.0,,,26.0,0.04347826
2023,18,00-0036497,T.Jones,WR,JAX,TEN,0,0,0.0,0,0.0,0.0,0.0,0,0.0,0,2,1,7.0,0,0.7,1.7,,,73.0,202.0,25.485588235294117,2.0,Southern Mississippi,2021.0,2021.0,,,,0.048780486
2023,11,00-0036504,B.Echols,CB,NYJ,BUF,0,0,0.0,0,0.0,0.0,0.0,0,0.0,0,1,1,18.0,0,1.8,2.8,,,70.0,178.0,26.06529411764706,2.0,Kentucky,2021.0,2021.0,NYJ,200.0,,0.035714287
2023,16,00-0036510,K.Yeboah,TE,NYJ,WAS,0,0,0.0,0,0.0,0.0,0.0,0,0.0,0,1,0,0.0,0,0.0,0.0,,,76.0,240.0,25.02770588235294,2.0,Mississippi,2021.0,2021.0,,,2.0,0.022222223
2023,17,00-0036510,K.Yeboah,TE,NYJ,CLE,0,0,0.0,0,0.0,0.0,0.0,0,0.0,0,3,2,28.0,0,2.8,4.8,,,76.0,240.0,25.02770588235294,2.0,Mississippi,2021.0,2021.0,,,,0.06818182
2023,1,00-0036550,R.Bateman,WR,BAL,HOU,0,0,0.0,0,0.0,0.0,0.0,0,0.0,0,3,3,35.0,0,3.5,6.5,,,73.0,210.0,23.961842105263155,2.0,Minnesota,2021.0,2021.0,BAL,27.0,16.0,0.14285715
2023,2,00-0036550,R.Bateman,WR,BAL,CIN,0,0,0.0,0,0.0,0.0,0.0,0,0.0,0,3,3,18.0,0,1.8,4.8,,,73.0,210.0,23.961842105263155,2.0,Minnesota,2021.0,2021.0,BAL,27.0,,0.09090909
2023,3,00-0036550,R.Bateman,WR,BAL,IND,0,0,0.0,0,0.0,0.0,0.0,0,0.0,0,3,1,6.0,0,0.6,1.6,,,73.0,210.0,23.961842105263155,2.0,Minnesota,2021.0,2021.0,BAL,27.0,-3.0,0.1
2023,5,00-0036550,R.Bateman,WR,BAL,PIT,0,0,0.0,0,0.0,0.0,0.0,0,0.0,0,3,1,8.0,0,0.8,1.8,,,73.0,210.0,23.961842105263155,2.0,Minnesota,2021.0,2021.0,BAL,27.0,,0.078947365
2023,6,00-0036550,R.Bateman,WR,BAL,TEN,0,0,0.0,0,0.0,0.0,0.0,0,0.0,0,3,2,15.0,0,1.5,3.5,,,73.0,210.0,23.961842105263155,2.0,Minnesota,2021.0,2021.0,BAL,27.0,,0.10344828
2023,7,00-0036550,R.Bateman,WR,BAL,DET,0,0,0.0,0,0.0,0.0,0.0,0,0.0,0,3,2,36.0,0,3.6,5.6,,,73.0,210.0,23.961842105263155,2.0,Minnesota,2021.0,2021.0,BAL,27.0,32.0,0.10714286
2023,8,00-0036550,R.Bateman,WR,BAL,ARI,0,0,0.0,0,0.0,0.0,0.0,1,18.0,0,2,2,34.0,0,5.2,7.2,,,73.0,210.0,23.961842105263155,2.0,Minnesota,2021.0,2021.0,BAL,27.0,,0.07692308
2023,9,00-0036550,R.Bateman,WR,BAL,SEA,0,0,0.0,0,0.0,0.0,0.0,0,0.0,0,5,3,28.0,0,2.8,5.8,,,73.0,210.0,23.961842105263155,2.0,Minnesota,2021.0,2021.0,BAL,27.0,34.0,0.15625
2023,10,00-0036550,R.Bateman,WR,BAL,CLE,0,0,0.0,0,0.0,0.0,0.0,0,0.0,0,4,2,25.0,0,2.5,4.5,,,73.0,210.0,23.961842105263155,2.0,Minnesota,2021.0,2021.0,BAL,27.0,-2.0,0.17391305
2023,11,00-0036550,R.Bateman,WR,BAL,CIN,0,0,0.0,0,0.0,0.0,0.0,0,0.0,0,2,1,10.0,1,7.0,8.0,,,73.0,210.0,23.961842105263155,2.0,Minnesota,2021.0,2021.0,BAL,27.0,14.0,0.08695652
2023,12,00-0036550,R.Bateman,WR,BAL,LAC,0,0,0.0,0,0.0,0.0,0.0,0,0.0,0,5,2,21.0,0,2.1,4.1,,,73.0,210.0,23.961842105263155,2.0,Minnesota,2021.0,2021.0,BAL,27.0,,0.16666667
2023,14,00-0036550,R.Bateman,WR,BAL,LA,0,0,0.0,0,0.0,0.0,0.0,0,0.0,0,4,2,24.0,0,2.4,4.4,,,73.0,210.0,23.961842105263155,2.0,Minnesota,2021.0,2021.0,BAL,27.0,6.0,0.1
2023,15,00-0036550,R.Bateman,WR,BAL,JAX,0,0,0.0,0,0.0,0.0,0.0,0,0.0,0,6,3,39.0,0,3.9,6.9,,,73.0,210.0,23.961842105263155,2.0,Minnesota,2021.0,2021.0,BAL,27.0,,0.26086956
2023,16,00-0036550,R.Bateman,WR,BAL,SF,0,0,0.0,0,0.0,0.0,0.0,0,0.0,0,4,1,14.0,0,1.4,2.4,,,73.0,210.0,23.961842105263155,2.0,Minnesota,2021.0,2021.0,BAL,27.0,,0.11764706
2023,17,00-0036550,R.Bateman,WR,BAL,MIA,0,0,0.0,0,0.0,0.0,0.0,0,0.0,0,6,4,54.0,0,5.4,9.4,,,73.0,210.0,23.961842105263155,2.0,Minnesota,2021.0,2021.0,BAL,27.0,37.0,0.27272728
2023,20,00-0036550,R.Bateman,WR,BAL,HOU,0,0,0.0,0,0.0,0.0,0.0,0,0.0,0,3,3,39.0,0,3.9,6.9,,,73.0,210.0,23.961842105263155,2.0,Minnesota,2021.0,2021.0,BAL,27.0,24.0,0.14285715
2023,21,00-0036550,R.Bateman,WR,BAL,KC,0,0,0.0,0,0.0,0.0,0.0,0,0.0,0,3,1,2.0,0,0.2,1.2,,,73.0,210.0,23.961842105263155,2.0,Minnesota,2021.0,2021.0,BAL,27.0,-7.0,0.0882353
2023,1,00-0036554,N.Collins,WR,HOU,BAL,0,0,0.0,0,0.0,0.0,0.0,0,0.0,0,11,6,80.0,0,8.0,14.0,,,76.0,222.0,24.664263157894737,2.0,Michigan,2021.0,2021.0,HOU,89.0,,0.25581396
2023,2,00-0036554,N.Collins,WR,HOU,IND,0,0,0.0,0,0.0,0.0,0.0,0,0.0,0,9,7,146.0,1,20.6,27.6,,,76.0,222.0,24.664263157894737,2.0,Michigan,2021.0,2021.0,HOU,89.0,-11.0,0.20930232
2023,3,00-0036554,N.Collins,WR,HOU,JAX,0,0,0.0,0,0.0,0.0,0.0,0,0.0,0,3,2,34.0,0,3.4,5.4,,,76.0,222.0,24.664263157894737,2.0,Michigan,2021.0,2021.0,HOU,89.0,,0.10344828
2023,4,00-0036554,N.Collins,WR,HOU,PIT,0,0,0.0,0,0.0,0.0,0.0,0,0.0,0,9,7,168.0,2,28.8,35.8,,,76.0,222.0,24.664263157894737,2.0,Michigan,2021.0,2021.0,HOU,89.0,24.0,0.33333334
2023,5,00-0036554,N.Collins,WR,HOU,ATL,0,0,0.0,0,0.0,0.0,0.0,0,0.0,0,4,3,39.0,0,3.9,6.9,,,76.0,222.0,24.664263157894737,2.0,Michigan,2021.0,2021.0,HOU,89.0,,0.125
2023,6,00-0036554,N.Collins,WR,HOU,NO,0,0,0.0,0,0.0,0.0,0.0,0,0.0,0,6,4,80.0,0,8.0,12.0,,,76.0,222.0,24.664263157894737,2.0,Michigan,2021.0,2021.0,HOU,89.0,7.0,0.25
2023,8,00-0036554,N.Collins,WR,HOU,CAR,0,0,0.0,0,0.0,0.0,0.0,0,0.0,0,6,4,30.0,0,3.0,7.0,,,76.0,222.0,24.664263157894737,2.0,Michigan,2021.0,2021.0,HOU,89.0,,0.25
2023,9,00-0036554,N.Collins,WR,HOU,TB,0,0,0.0,0,0.0,0.0,0.0,0,0.0,0,5,3,54.0,1,11.4,14.4,,,76.0,222.0,24.664263157894737,2.0,Michigan,2021.0,2021.0,HOU,89.0,2.0,0.13157895
2023,11,00-0036554,N.Collins,WR,HOU,ARI,0,0,0.0,0,0.0,0.0,0.0,0,0.0,0,11,7,65.0,0,6.5,13.5,,,76.0,222.0,24.664263157894737,2.0,Michigan,2021.0,2021.0,HOU,89.0,5.0,0.28947368
2023,12,00-0036554,N.Collins,WR,HOU,JAX,0,0,0.0,0,0.0,0.0,0.0,0,0.0,0,9,7,104.0,1,16.4,23.4,,,76.0,222.0,24.664263157894737,2.0,Michigan,2021.0,2021.0,HOU,89.0,-3.0,0.25
2023,13,00-0036554,N.Collins,WR,HOU,DEN,0,0,0.0,0,0.0,0.0,0.0,0,0.0,0,12,9,191.0,1,25.1,34.1,,,76.0,222.0,24.664263157894737,2.0,Michigan,2021.0,2021.0,HOU,89.0,5.0,0.44444445
2023,14,00-0036554,N.Collins,WR,HOU,NYJ,0,0,0.0,0,0.0,0.0,0.0,0,0.0,0,1,1,13.0,0,1.3,2.3,,,76.0,222.0,24.664263157894737,2.0,Michigan,2021.0,2021.0,HOU,89.0,,0.037037037
2023,16,00-0036554,N.Collins,WR,HOU,CLE,0,0,0.0,0,0.0,0.0,0.0,0,0.0,0,6,4,18.0,1,9.8,13.8,,,76.0,222.0,24.664263157894737,2.0,Michigan,2021.0,2021.0,HOU,89.0,-14.0,0.125
2023,17,00-0036554,N.Collins,WR,HOU,TEN,0,0,0.0,0,0.0,0.0,0.0,1,7.0,0,8,7,80.0,0,8.7,15.7,,,76.0,222.0,24.664263157894737,2.0,Michigan,2021.0,2021.0,HOU,89.0,23.0,0.2580645
2023,18,00-0036554,N.Collins,WR,HOU,IND,0,0,0.0,0,0.0,0.0,0.0,0,0.0,0,9,9,195.0,1,25.5,34.5,,,76.0,222.0,24.664263157894737,2.0,Michigan,2021.0,2021.0,HOU,89.0,,0.34615386
2023,19,00-0036554,N.Collins,WR,HOU,CLE,0,0,0.0,0,0.0,0.0,0.0,1,4.0,0,7,6,96.0,1,16.0,22.0,,,76.0,222.0,24.664263157894737,2.0,Michigan,2021.0,2021.0,HOU,89.0,31.0,0.3181818
2023,20,00-0036554,N.Collins,WR,HOU,BAL,0,0,0.0,0,0.0,0.0,0.0,0,0.0,0,10,5,68.0,0,6.8,11.8,,,76.0,222.0,24.664263157894737,2.0,Michigan,2021.0,2021.0,HOU,89.0,,0.32258064
2023,1,00-0036555,C.Hubbard,RB,CAR,ATL,0,0,0.0,0,0.0,0.0,0.0,9,60.0,0,2,2,9.0,0,6.9,8.9,,,73.0,207.0,24.414470588235293,2.0,Oklahoma State,2021.0,2021.0,CAR,126.0,,0.06451613
2023,2,00-0036555,C.Hubbard,RB,CAR,NO,0,0,0.0,0,0.0,0.0,0.0,2,16.0,0,5,5,34.0,0,5.0,10.0,,,73.0,207.0,24.414470588235293,2.0,Oklahoma State,2021.0,2021.0,CAR,126.0,-3.0,0.16129032
2023,3,00-0036555,C.Hubbard,RB,CAR,SEA,0,0,0.0,0,0.0,0.0,0.0,1,2.0,0,3,2,2.0,0,0.4,2.4,,,73.0,207.0,24.414470588235293,2.0,Oklahoma State,2021.0,2021.0,CAR,126.0,,0.05263158
2023,4,00-0036555,C.Hubbard,RB,CAR,MIN,0,0,0.0,0,0.0,0.0,0.0,14,41.0,0,2,2,12.0,0,5.3,7.3,,,73.0,207.0,24.414470588235293,2.0,Oklahoma State,2021.0,2021.0,CAR,126.0,-8.0,0.06451613
2023,5,00-0036555,C.Hubbard,RB,CAR,DET,0,0,0.0,0,0.0,0.0,0.0,9,35.0,0,2,1,0.0,0,3.5,4.5,,,73.0,207.0,24.414470588235293,2.0,Oklahoma State,2021.0,2021.0,CAR,126.0,,0.057142857
2023,6,00-0036555,C.Hubbard,RB,CAR,MIA,0,0,0.0,0,0.0,0.0,0.0,19,88.0,1,1,1,2.0,0,15.0,16.0,,,73.0,207.0,24.414470588235293,2.0,Oklahoma State,2021.0,2021.0,CAR,126.0,,0.028571429
2023,8,00-0036555,C.Hubbard,RB,CAR,HOU,0,0,0.0,0,0.0,0.0,0.0,15,28.0,0,2,2,26.0,0,5.4,7.4,,,73.0,207.0,24.414470588235293,2.0,Oklahoma State,2021.0,2021.0,CAR,126.0,2.0,0.06451613
2023,9,00-0036555,C.Hubbard,RB,CAR,IND,0,0,0.0,0,0.0,0.0,0.0,16,58.0,0,6,4,9.0,0,6.7,10.7,,,73.0,207.0,24.414470588235293,2.0,Oklahoma State,2021.0,2021.0,CAR,126.0,-14.0,0.16216215
2023,10,00-0036555,C.Hubbard,RB,CAR,CHI,0,0,0.0,0,0.0,0.0,0.0,9,23.0,0,2,2,16.0,0,3.9,5.9,,,73.0,207.0,24.414470588235293,2.0,Oklahoma State,2021.0,2021.0,CAR,126.0,,0.05882353
2023,11,00-0036555,C.Hubbard,RB,CAR,DAL,0,0,0.0,0,0.0,0.0,0.0,10,57.0,0,2,2,8.0,0,6.5,8.5,,,73.0,207.0,24.414470588235293,2.0,Oklahoma State,2021.0,2021.0,CAR,126.0,-23.0,0.07692308
2023,12,00-0036555,C.Hubbard,RB,CAR,TEN,0,0,0.0,0,0.0,0.0,0.0,14,45.0,1,5,5,47.0,0,15.2,20.2,,,73.0,207.0,24.414470588235293,2.0,Oklahoma State,2021.0,2021.0,CAR,126.0,,0.20833333
2023,13,00-0036555,C.Hubbard,RB,CAR,TB,0,0,0.0,0,0.0,0.0,0.0,25,104.0,2,0,0,0.0,0,22.4,22.4,,,73.0,207.0,24.414470588235293,2.0,Oklahoma State,2021.0,2021.0,CAR,126.0,,
2023,14,00-0036555,C.Hubbard,RB,CAR,NO,0,0,0.0,0,0.0,0.0,0.0,23,87.0,0,2,2,9.0,0,9.6,11.6,,,73.0,207.0,24.414470588235293,2.0,Oklahoma State,2021.0,2021.0,CAR,126.0,,0.0625
2023,15,00-0036555,C.Hubbard,RB,CAR,ATL,0,0,0.0,0,0.0,0.0,0.0,22,87.0,0,2,2,16.0,0,10.3,12.3,,,73.0,207.0,24.414470588235293,2.0,Oklahoma State,2021.0,2021.0,CAR,126.0,2.0,0.08695652
2023,16,00-0036555,C.Hubbard,RB,CAR,GB,0,0,0.0,0,0.0,0.0,0.0,16,43.0,1,1,1,8.0,0,11.1,12.1,,,73.0,207.0,24.414470588235293,2.0,Oklahoma State,2021.0,2021.0,CAR,126.0,-3.0,0.03125
2023,17,00-0036555,C.Hubbard,RB,CAR,JAX,0,0,0.0,0,0.0,0.0,0.0,11,45.0,0,5,4,26.0,0,7.1,11.1,,,73.0,207.0,24.414470588235293,2.0,Oklahoma State,2021.0,2021.0,CAR,126.0,,0.16129032
2023,18,00-0036555,C.Hubbard,RB,CAR,TB,0,0,0.0,0,0.0,0.0,0.0,23,83.0,0,2,2,9.0,0,9.2,11.2,,,73.0,207.0,24.414470588235293,2.0,Oklahoma State,2021.0,2021.0,CAR,126.0,-9.0,0.11111111
2023,2,00-0036556,B.Jordan,TE,HOU,IND,0,0,0.0,0,0.0,0.0,0.0,0,0.0,0,2,2,27.0,0,2.7,4.7,,,75.0,245.0,23.33642105263158,2.0,Miami,2021.0,2021.0,HOU,147.0,-11.0,0.046511628
2023,3,00-0036556,B.Jordan,TE,HOU,JAX,0,0,0.0,0,0.0,0.0,0.0,0,0.0,0,2,2,13.0,1,7.3,9.3,,,75.0,245.0,23.33642105263158,2.0,Miami,2021.0,2021.0,HOU,147.0,,0.06896552
2023,6,00-0036556,B.Jordan,TE,HOU,NO,0,0,0.0,0,0.0,0.0,0.0,0,0.0,0,1,1,11.0,0,1.1,2.1,,,75.0,245.0,23.33642105263158,2.0,Miami,2021.0,2021.0,HOU,147.0,7.0,0.041666668
2023,12,00-0036556,B.Jordan,TE,HOU,JAX,0,0,0.0,0,0.0,0.0,0.0,0,0.0,0,2,1,9.0,0,0.9,1.9,,,75.0,245.0,23.33642105263158,2.0,Miami,2021.0,2021.0,HOU,147.0,-3.0,0.055555556
2023,13,00-0036556,B.Jordan,TE,HOU,DEN,0,0,0.0,0,0.0,0.0,0.0,0,0.0,0,5,3,64.0,0,6.4,9.4,,,75.0,245.0,23.33642105263158,2.0,Miami,2021.0,2021.0,HOU,147.0,5.0,0.18518518
2023,14,00-0036556,B.Jordan,TE,HOU,NYJ,0,0,0.0,0,0.0,0.0,0.0,0,0.0,0,3,3,35.0,0,3.5,6.5,,,75.0,245.0,23.33642105263158,2.0,Miami,2021.0,2021.0,HOU,147.0,,0.11111111
2023,15,00-0036556,B.Jordan,TE,HOU,TEN,0,0,0.0,0,0.0,0.0,0.0,0,0.0,0,1,1,14.0,0,1.4,2.4,,,75.0,245.0,23.33642105263158,2.0,Miami,2021.0,2021.0,HOU,147.0,,0.029411765
2023,16,00-0036556,B.Jordan,TE,HOU,CLE,0,0,0.0,0,0.0,0.0,0.0,0,0.0,0,3,2,27.0,0,2.7,4.7,,,75.0,245.0,23.33642105263158,2.0,Miami,2021.0,2021.0,HOU,147.0,-14.0,0.0625
2023,17,00-0036556,B.Jordan,TE,HOU,TEN,0,0,0.0,0,0.0,0.0,0.0,0,0.0,0,2,2,19.0,1,7.9,9.9,,,75.0,245.0,23.33642105263158,2.0,Miami,2021.0,2021.0,HOU,147.0,23.0,0.06451613
2023,19,00-0036556,B.Jordan,TE,HOU,CLE,0,0,0.0,0,0.0,0.0,0.0,0,0.0,0,1,1,76.0,1,13.6,14.6,,,75.0,245.0,23.33642105263158,2.0,Miami,2021.0,2021.0,HOU,147.0,31.0,0.045454547
2023,20,00-0036556,B.Jordan,TE,HOU,BAL,0,0,0.0,0,0.0,0.0,0.0,0,0.0,0,1,0,0.0,0,0.0,0.0,,,75.0,245.0,23.33642105263158,2.0,Miami,2021.0,2021.0,HOU,147.0,,0.032258064
2023,1,00-0036567,E.Mitchell,RB,SF,PIT,0,0,0.0,0,0.0,0.0,0.0,5,10.0,0,1,0,0.0,0,1.0,1.0,,,70.0,221.0,25.5547,2.0,Louisiana-Lafayette,2021.0,2021.0,SF,194.0,,0.035714287
2023,3,00-0036567,E.Mitchell,RB,SF,NYG,0,0,0.0,0,0.0,0.0,0.0,11,42.0,0,3,3,2.0,0,4.4,7.4,,,70.0,221.0,25.5547,2.0,Louisiana-Lafayette,2021.0,2021.0,SF,194.0,18.0,0.0882353
2023,6,00-0036567,E.Mitchell,RB,SF,CLE,0,0,0.0,0,0.0,0.0,0.0,2,-3.0,0,0,0,0.0,0,-0.3,-0.3,,,70.0,221.0,25.5547,2.0,Louisiana-Lafayette,2021.0,2021.0,SF,194.0,,
2023,7,00-0036567,E.Mitchell,RB,SF,MIN,0,0,0.0,0,0.0,0.0,0.0,1,-1.0,0,0,0,0.0,0,-0.1,-0.1,,,70.0,221.0,25.5547,2.0,Louisiana-Lafayette,2021.0,2021.0,SF,194.0,,
2023,8,00-0036567,E.Mitchell,RB,SF,CIN,0,0,0.0,0,0.0,0.0,0.0,3,2.0,0,1,0,0.0,0,0.2,0.2,,,70.0,221.0,25.5547,2.0,Louisiana-Lafayette,2021.0,2021.0,SF,194.0,-14.0,0.033333335
2023,10,00-0036567,E.Mitchell,RB,SF,JAX,0,0,0.0,0,0.0,0.0,0.0,8,23.0,0,0,0,0.0,0,2.3,2.3,,,70.0,221.0,25.5547,2.0,Louisiana-Lafayette,2021.0,2021.0,SF,194.0,,
2023,11,00-0036567,E.Mitchell,RB,SF,TB,0,0,0.0,0,0.0,0.0,0.0,4,24.0,0,0,0,0.0,0,2.4,2.4,,,70.0,221.0,25.5547,2.0,Louisiana-Lafayette,2021.0,2021.0,SF,194.0,13.0,
2023,12,00-0036567,E.Mitchell,RB,SF,SEA,0,0,0.0,0,0.0,0.0,0.0,7,39.0,0,1,1,-3.0,0,3.6,4.6,,,70.0,221.0,25.5547,2.0,Louisiana-Lafayette,2021.0,2021.0,SF,194.0,,0.033333335
2023,13,00-0036567,E.Mitchell,RB,SF,PHI,0,0,0.0,0,0.0,0.0,0.0,3,13.0,0,0,0,0.0,0,1.3,1.3,,,70.0,221.0,25.5547,2.0,Louisiana-Lafayette,2021.0,2021.0,SF,194.0,,
2023,17,00-0036567,E.Mitchell,RB,SF,WAS,0,0,0.0,0,0.0,0.0,0.0,17,80.0,1,0,0,0.0,0,14.0,14.0,,,70.0,221.0,25.5547,2.0,Louisiana-Lafayette,2021.0,2021.0,SF,194.0,,
2023,18,00-0036567,E.Mitchell,RB,SF,LA,0,0,0.0,0,0.0,0.0,0.0,14,52.0,1,2,2,15.0,0,12.7,14.7,,,70.0,221.0,25.5547,2.0,Louisiana-Lafayette,2021.0,2021.0,SF,194.0,-1.0,0.08
2023,21,00-0036567,E.Mitchell,RB,SF,DET,0,0,0.0,0,0.0,0.0,0.0,4,7.0,1,0,0,0.0,0,6.7,6.7,,,70.0,221.0,25.5547,2.0,Louisiana-Lafayette,2021.0,2021.0,SF,194.0,3.0,
2023,22,00-0036567,E.Mitchell,RB,SF,KC,0,0,0.0,0,0.0,0.0,0.0,2,8.0,0,0,0,0.0,0,0.8,0.8,,,70.0,221.0,25.5547,2.0,Louisiana-Lafayette,2021.0,2021.0,SF,194.0,,
2023,1,00-0036569,G.Brightwell,RB,NYG,DAL,0,0,0.0,0,0.0,0.0,0.0,1,5.0,0,2,2,6.0,0,1.1,3.1,,,73.0,218.0,25.689411764705884,2.0,Arizona,2021.0,2021.0,NYG,196.0,-40.0,0.06896552
2023,3,00-0036569,G.Brightwell,RB,NYG,SF,0,0,0.0,0,0.0,0.0,0.0,4,5.0,0,3,2,31.0,0,3.6,5.6,,,73.0,218.0,25.689411764705884,2.0,Arizona,2021.0,2021.0,NYG,196.0,,0.09375
2023,4,00-0036569,G.Brightwell,RB,NYG,SEA,0,0,0.0,0,0.0,0.0,0.0,4,9.0,0,2,1,10.0,0,1.9,2.9,,,73.0,218.0,25.689411764705884,2.0,Arizona,2021.0,2021.0,NYG,196.0,-21.0,0.0625
2023,6,00-0036590,Q.Morris,TE,BUF,NYG,0,0,0.0,0,0.0,0.0,0.0,0,0.0,0,1,1,15.0,1,7.5,8.5,,,74.0,251.0,24.81457894736842,2.0,Bowling Green,2021.0,2021.0,,,5.0,0.03448276
2023,11,00-0036590,Q.Morris,TE,BUF,NYJ,0,0,0.0,0,0.0,0.0,0.0,0,0.0,0,2,1,11.0,0,1.1,2.1,,,74.0,251.0,24.81457894736842,2.0,Bowling Green,2021.0,2021.0,,,26.0,0.06896552
2023,1,00-0036613,J.Waddle,WR,MIA,LAC,0,0,0.0,0,0.0,0.0,0.0,0,0.0,0,5,4,78.0,0,7.8,11.8,,,70.0,182.0,24.963444444444445,2.0,Alabama,2021.0,2021.0,MIA,6.0,,0.11363637
2023,2,00-0036613,J.Waddle,WR,MIA,NE,0,0,0.0,0,0.0,0.0,0.0,1,-2.0,0,6,4,86.0,0,8.4,12.4,,,70.0,182.0,24.963444444444445,2.0,Alabama,2021.0,2021.0,MIA,6.0,,0.20689656
2023,4,00-0036613,J.Waddle,WR,MIA,BUF,0,0,0.0,0,0.0,0.0,0.0,0,0.0,0,5,4,46.0,0,4.6,8.6,,,70.0,182.0,24.963444444444445,2.0,Alabama,2021.0,2021.0,MIA,6.0,,0.14705883
2023,5,00-0036613,J.Waddle,WR,MIA,NYG,0,0,0.0,0,0.0,0.0,0.0,0,0.0,0,10,5,35.0,1,9.5,14.5,,,70.0,182.0,24.963444444444445,2.0,Alabama,2021.0,2021.0,MIA,6.0,15.0,0.35714287
2023,6,00-0036613,J.Waddle,WR,MIA,CAR,0,0,0.0,0,0.0,0.0,0.0,0,0.0,0,9,7,51.0,1,11.1,18.1,,,70.0,182.0,24.963444444444445,2.0,Alabama,2021.0,2021.0,MIA,6.0,21.0,0.3
2023,7,00-0036613,J.Waddle,WR,MIA,PHI,0,0,0.0,0,0.0,0.0,0.0,0,0.0,0,6,6,63.0,0,6.3,12.3,,,70.0,182.0,24.963444444444445,2.0,Alabama,2021.0,2021.0,MIA,6.0,,0.1875
2023,8,00-0036613,J.Waddle,WR,MIA,NE,0,0,0.0,0,0.0,0.0,0.0,0,0.0,0,12,7,121.0,1,18.1,25.1,,,70.0,182.0,24.963444444444445,2.0,Alabama,2021.0,2021.0,MIA,6.0,14.0,0.27272728
2023,9,00-0036613,J.Waddle,WR,MIA,KC,0,0,0.0,0,0.0,0.0,0.0,1,12.0,0,6,3,42.0,0,5.4,8.4,,,70.0,182.0,24.963444444444445,2.0,Alabama,2021.0,2021.0,MIA,6.0,,0.18181819
2023,11,00-0036613,J.Waddle,WR,MIA,LV,0,0,0.0,0,0.0,0.0,0.0,0,0.0,0,8,4,55.0,0,5.5,9.5,,,70.0,182.0,24.963444444444445,2.0,Alabama,2021.0,2021.0,MIA,6.0,7.0,0.22222222
2023,12,00-0036613,J.Waddle,WR,MIA,NYJ,0,0,0.0,0,0.0,0.0,0.0,0,0.0,0,8,8,114.0,0,11.4,19.4,,,70.0,182.0,24.963444444444445,2.0,Alabama,2021.0,2021.0,MIA,6.0,,0.2857143
2023,13,00-0036613,J.Waddle,WR,MIA,WAS,0,0,0.0,0,0.0,0.0,0.0,0,0.0,0,8,5,52.0,0,5.2,10.2,,,70.0,182.0,24.963444444444445,2.0,Alabama,2021.0,2021.0,MIA,6.0,,0.32
2023,14,00-0036613,J.Waddle,WR,MIA,TEN,0,0,0.0,0,0.0,0.0,0.0,0,0.0,0,8,6,79.0,0,7.9,13.9,,,70.0,182.0,24.963444444444445,2.0,Alabama,2021.0,2021.0,MIA,6.0,-1.0,0.24242425
2023,15,00-0036613,J.Waddle,WR,MIA,NYJ,0,0,0.0,0,0.0,0.0,0.0,0,0.0,0,9,8,142.0,1,20.2,28.2,,,70.0,182.0,24.963444444444445,2.0,Alabama,2021.0,2021.0,MIA,6.0,30.0,0.34615386
2023,16,00-0036613,J.Waddle,WR,MIA,DAL,0,0,0.0,0,0.0,0.0,0.0,1,2.0,0,4,1,50.0,0,5.2,6.2,,,70.0,182.0,24.963444444444445,2.0,Alabama,2021.0,2021.0,MIA,6.0,2.0,0.11111111
2023,19,00-0036613,J.Waddle,WR,MIA,KC,0,0,0.0,0,0.0,0.0,0.0,1,9.0,0,5,2,31.0,0,4.0,6.0,,,70.0,182.0,24.963444444444445,2.0,Alabama,2021.0,2021.0,MIA,6.0,,0.13157895
2023,8,00-0036620,D.Eskridge,WR,SEA,CLE,0,0,0.0,0,0.0,0.0,0.0,1,-5.0,0,0,0,0.0,0,-0.5,-0.5,,,69.0,190.0,26.634117647058822,2.0,Western Michigan,2021.0,2021.0,SEA,56.0,4.0,
2023,11,00-0036620,D.Eskridge,WR,SEA,LA,0,0,0.0,0,0.0,0.0,0.0,0,0.0,0,1,0,0.0,0,0.0,0.0,,,69.0,190.0,26.634117647058822,2.0,Western Michigan,2021.0,2021.0,SEA,56.0,,0.02631579
2023,12,00-0036620,D.Eskridge,WR,SEA,SF,0,0,0.0,0,0.0,0.0,0.0,1,10.0,0,0,0,0.0,0,1.0,1.0,,,69.0,190.0,26.634117647058822,2.0,Western Michigan,2021.0,2021.0,SEA,56.0,-18.0,
2023,2,00-0036626,D.Brown,WR,WAS,DEN,0,0,0.0,0,0.0,0.0,0.0,0,0.0,0,3,3,25.0,0,2.5,5.5,,,72.0,185.0,24.014470588235294,2.0,North Carolina,2021.0,2021.0,WAS,82.0,,0.0882353
2023,3,00-0036626,D.Brown,WR,WAS,BUF,0,0,0.0,0,0.0,0.0,0.0,0,0.0,0,1,0,0.0,0,0.0,0.0,,,72.0,185.0,24.014470588235294,2.0,North Carolina,2021.0,2021.0,WAS,82.0,-34.0,0.03448276
2023,4,00-0036626,D.Brown,WR,WAS,PHI,0,0,0.0,0,0.0,0.0,0.0,0,0.0,0,3,2,51.0,0,5.1,7.1,,,72.0,185.0,24.014470588235294,2.0,North Carolina,2021.0,2021.0,WAS,82.0,,0.07692308
2023,5,00-0036626,D.Brown,WR,WAS,CHI,0,0,0.0,0,0.0,0.0,0.0,0,0.0,0,3,1,11.0,0,1.1,2.1,,,72.0,185.0,24.014470588235294,2.0,North Carolina,2021.0,2021.0,WAS,82.0,-20.0,0.0625
2023,6,00-0036626,D.Brown,WR,WAS,ATL,0,0,0.0,0,0.0,0.0,0.0,0,0.0,0,1,0,0.0,0,0.0,0.0,,,72.0,185.0,24.014470588235294,2.0,North Carolina,2021.0,2021.0,WAS,82.0,,0.04761905
2023,8,00-0036626,D.Brown,WR,WAS,PHI,0,0,0.0,0,0.0,0.0,0.0,1,0.0,0,0,0,0.0,0,0.0,0.0,,,72.0,185.0,24.014470588235294,2.0,North Carolina,2021.0,2021.0,WAS,82.0,-7.0,
2023,9,00-0036626,D.Brown,WR,WAS,NE,0,0,0.0,0,0.0,0.0,0.0,0,0.0,0,4,2,33.0,0,3.3,5.3,,,72.0,185.0,24.014470588235294,2.0,North Carolina,2021.0,2021.0,WAS,82.0,,0.09090909
2023,10,00-0036626,D.Brown,WR,WAS,SEA,0,0,0.0,0,0.0,0.0,0.0,0,0.0,0,2,2,41.0,1,10.1,12.1,,,72.0,185.0,24.014470588235294,2.0,North Carolina,2021.0,2021.0,WAS,82.0,,0.04761905
2023,11,00-0036626,D.Brown,WR,WAS,NYG,0,0,0.0,0,0.0,0.0,0.0,0,0.0,0,3,1,7.0,0,0.7,1.7,,,72.0,185.0,24.014470588235294,2.0,North Carolina,2021.0,2021.0,WAS,82.0,-12.0,0.071428575
2023,12,00-0036626,D.Brown,WR,WAS,DAL,0,0,0.0,0,0.0,0.0,0.0,0,0.0,0,1,0,0.0,0,0.0,0.0,,,72.0,185.0,24.014470588235294,2.0,North Carolina,2021.0,2021.0,WAS,82.0,,0.022727273
2023,13,00-0036626,D.Brown,WR,WAS,MIA,0,0,0.0,0,0.0,0.0,0.0,0,0.0,0,1,1,0.0,0,0.0,1.0,,,72.0,185.0,24.014470588235294,2.0,North Carolina,2021.0,2021.0,WAS,82.0,-30.0,0.045454547
2023,15,00-0036626,D.Brown,WR,WAS,LA,0,0,0.0,0,0.0,0.0,0.0,0,0.0,0,1,0,0.0,0,0.0,0.0,,,72.0,185.0,24.014470588235294,2.0,North Carolina,2021.0,2021.0,WAS,82.0,,0.029411765
2023,18,00-0036626,D.Brown,WR,WAS,DAL,1,1,4.0,0,0.0,0.0,-0.0,0,0.0,0,0,0,0.0,0,0.16,0.16,,,72.0,185.0,24.014470588235294,2.0,North Carolina,2021.0,2021.0,WAS,82.0,-28.0,
2023,2,00-0036628,J.Bates,TE,WAS,DEN,0,0,0.0,0,0.0,0.0,0.0,0,0.0,0,5,3,46.0,0,4.6,7.6,,,78.0,256.0,25.999470588235294,2.0,Boise State,2021.0,2021.0,WAS,124.0,,0.14705883
2023,3,00-0036628,J.Bates,TE,WAS,BUF,0,0,0.0,0,0.0,0.0,0.0,0,0.0,0,2,2,12.0,0,1.2,3.2,,,78.0,256.0,25.999470588235294,2.0,Boise State,2021.0,2021.0,WAS,124.0,-34.0,0.06896552
2023,4,00-0036628,J.Bates,TE,WAS,PHI,0,0,0.0,0,0.0,0.0,0.0,0,0.0,0,1,1,6.0,0,0.6,1.6,,,78.0,256.0,25.999470588235294,2.0,Boise State,2021.0,2021.0,WAS,124.0,,0.025641026
2023,5,00-0036628,J.Bates,TE,WAS,CHI,0,0,0.0,0,0.0,0.0,0.0,0,0.0,0,2,2,19.0,0,1.9,3.9,,,78.0,256.0,25.999470588235294,2.0,Boise State,2021.0,2021.0,WAS,124.0,-20.0,0.041666668
2023,7,00-0036628,J.Bates,TE,WAS,NYG,0,0,0.0,0,0.0,0.0,0.0,0,0.0,0,1,0,0.0,0,0.0,0.0,,,78.0,256.0,25.999470588235294,2.0,Boise State,2021.0,2021.0,WAS,124.0,,0.027777778
2023,8,00-0036628,J.Bates,TE,WAS,PHI,0,0,0.0,0,0.0,0.0,0.0,0,0.0,0,1,1,17.0,0,1.7,2.7,,,78.0,256.0,25.999470588235294,2.0,Boise State,2021.0,2021.0,WAS,124.0,-7.0,0.019607844
2023,9,00-0036628,J.Bates,TE,WAS,NE,0,0,0.0,0,0.0,0.0,0.0,0,0.0,0,2,1,-5.0,0,-0.5,0.5,,,78.0,256.0,25.999470588235294,2.0,Boise State,2021.0,2021.0,WAS,124.0,,0.045454547
2023,10,00-0036628,J.Bates,TE,WAS,SEA,0,0,0.0,0,0.0,0.0,0.0,0,0.0,0,3,3,21.0,0,2.1,5.1,,,78.0,256.0,25.999470588235294,2.0,Boise State,2021.0,2021.0,WAS,124.0,,0.071428575
2023,11,00-0036628,J.Bates,TE,WAS,NYG,0,0,0.0,0,0.0,0.0,0.0,0,0.0,0,2,2,15.0,0,1.5,3.5,,,78.0,256.0,25.999470588235294,2.0,Boise State,2021.0,2021.0,WAS,124.0,-12.0,0.04761905
2023,13,00-0036628,J.Bates,TE,WAS,MIA,0,0,0.0,0,0.0,0.0,0.0,0,0.0,0,1,0,0.0,0,0.0,0.0,,,78.0,256.0,25.999470588235294,2.0,Boise State,2021.0,2021.0,WAS,124.0,-30.0,0.045454547
2023,15,00-0036628,J.Bates,TE,WAS,LA,0,0,0.0,0,0.0,0.0,0.0,0,0.0,0,1,0,0.0,0,0.0,0.0,,,78.0,256.0,25.999470588235294,2.0,Boise State,2021.0,2021.0,WAS,124.0,,0.029411765
2023,16,00-0036628,J.Bates,TE,WAS,NYJ,0,0,0.0,0,0.0,0.0,0.0,0,0.0,0,5,3,14.0,0,1.4,4.4,,,78.0,256.0,25.999470588235294,2.0,Boise State,2021.0,2021.0,WAS,124.0,,0.15625
2023,17,00-0036628,J.Bates,TE,WAS,SF,0,0,0.0,0,0.0,0.0,0.0,0,0.0,0,1,1,6.0,0,0.6,1.6,,,78.0,256.0,25.999470588235294,2.0,Boise State,2021.0,2021.0,WAS,124.0,-17.0,0.03846154
2023,18,00-0036628,J.Bates,TE,WAS,DAL,0,0,0.0,0,0.0,0.0,0.0,0,0.0,0,1,0,0.0,0,0.0,0.0,,,78.0,256.0,25.999470588235294,2.0,Boise State,2021.0,2021.0,WAS,124.0,-28.0,0.035714287
2023,14,00-0036630,T.Wallace,WR,BAL,BAL,0,0,0.0,0,0.0,0.0,0.0,0,0.0,0,0,0,0.0,0,6.0,6.0,,,71.0,190.0,24.509631578947367,2.0,Oklahoma State,2021.0,2021.0,BAL,131.0,6.0,
2023,18,00-0036630,T.Wallace,WR,BAL,PIT,0,0,0.0,0,0.0,0.0,0.0,0,0.0,0,2,1,11.0,0,1.1,2.1,,,71.0,190.0,24.509631578947367,2.0,Oklahoma State,2021.0,2021.0,BAL,131.0,-7.0,0.07692308
2023,10,00-0036635,I.Smith-Marsette,WR,CAR,CAR,0,0,0.0,0,0.0,0.0,0.0,0,0.0,0,0,0,0.0,0,6.0,6.0,,,73.0,179.0,24.19829411764706,2.0,Iowa,2021.0,2021.0,MIN,157.0,,
2023,12,00-0036635,I.Smith-Marsette,WR,CAR,TEN,0,0,0.0,0,0.0,0.0,0.0,0,0.0,0,1,1,14.0,0,1.4,2.4,,,73.0,179.0,24.19829411764706,2.0,Iowa,2021.0,2021.0,MIN,157.0,,0.041666668
2023,14,00-0036635,I.Smith-Marsette,WR,CAR,NO,0,0,0.0,0,0.0,0.0,0.0,1,10.0,0,1,0,0.0,0,1.0,1.0,,,73.0,179.0,24.19829411764706,2.0,Iowa,2021.0,2021.0,MIN,157.0,,0.03125
2023,15,00-0036635,I.Smith-Marsette,WR,CAR,ATL,0,0,0.0,0,0.0,0.0,0.0,4,31.0,0,2,2,1.0,0,3.2,5.2,,,73.0,179.0,24.19829411764706,2.0,Iowa,2021.0,2021.0,MIN,157.0,2.0,0.08695652
2023,16,00-0036635,I.Smith-Marsette,WR,CAR,GB,0,0,0.0,0,0.0,0.0,0.0,2,33.0,1,1,1,18.0,0,11.1,12.1,,,73.0,179.0,24.19829411764706,2.0,Iowa,2021.0,2021.0,MIN,157.0,-3.0,0.03125
2023,17,00-0036635,I.Smith-Marsette,WR,CAR,JAX,0,0,0.0,0,0.0,0.0,0.0,1,0.0,0,3,3,12.0,0,1.2,4.2,,,73.0,179.0,24.19829411764706,2.0,Iowa,2021.0,2021.0,MIN,157.0,,0.09677419
2023,18,00-0036635,I.Smith-Marsette,WR,CAR,TB,0,0,0.0,0,0.0,0.0,0.0,0,0.0,0,2,1,6.0,0,0.6,1.6,,,73.0,179.0,24.19829411764706,2.0,Iowa,2021.0,2021.0,MIN,157.0,-9.0,0.11111111
2023,1,00-0036637,N.Gray,TE,KC,DET,0,0,0.0,0,0.0,0.0,0.0,0,0.0,0,5,3,31.0,0,3.1,6.1,,,75.0,240.0,24.56690476190476,2.0,Duke,2021.0,2021.0,KC,162.0,-1.0,0.13513513
2023,2,00-0036637,N.Gray,TE,KC,JAX,0,0,0.0,0,0.0,0.0,0.0,0,0.0,0,3,3,38.0,0,3.8,6.8,,,75.0,240.0,24.56690476190476,2.0,Duke,2021.0,2021.0,KC,162.0,,0.075
2023,3,00-0036637,N.Gray,TE,KC,CHI,0,0,0.0,0,0.0,0.0,0.0,0,0.0,0,2,1,9.0,0,0.9,1.9,,,75.0,240.0,24.56690476190476,2.0,Duke,2021.0,2021.0,KC,162.0,31.0,0.054054055
2023,4,00-0036637,N.Gray,TE,KC,NYJ,0,0,0.0,0,0.0,0.0,0.0,0,0.0,0,3,1,34.0,1,9.4,10.4,,,75.0,240.0,24.56690476190476,2.0,Duke,2021.0,2021.0,KC,162.0,,0.10344828
2023,5,00-0036637,N.Gray,TE,KC,MIN,0,0,0.0,0,0.0,0.0,0.0,0,0.0,0,2,2,21.0,0,2.1,4.1,,,75.0,240.0,24.56690476190476,2.0,Duke,2021.0,2021.0,KC,162.0,,0.051282052
2023,6,00-0036637,N.Gray,TE,KC,DEN,0,0,0.0,0,0.0,0.0,0.0,1,1.0,0,2,2,14.0,0,1.5,3.5,,,75.0,240.0,24.56690476190476,2.0,Duke,2021.0,2021.0,KC,162.0,11.0,0.051282052
2023,7,00-0036637,N.Gray,TE,KC,LAC,0,0,0.0,0,0.0,0.0,0.0,0,0.0,0,1,1,8.0,0,0.8,1.8,,,75.0,240.0,24.56690476190476,2.0,Duke,2021.0,2021.0,KC,162.0,14.0,0.025
2023,8,00-0036637,N.Gray,TE,KC,DEN,0,0,0.0,0,0.0,0.0,0.0,0,0.0,0,3,2,25.0,0,2.5,4.5,,,75.0,240.0,24.56690476190476,2.0,Duke,2021.0,2021.0,KC,162.0,,0.08108108
2023,9,00-0036637,N.Gray,TE,KC,MIA,0,0,0.0,0,0.0,0.0,0.0,0,0.0,0,3,3,34.0,0,3.4,6.4,,,75.0,240.0,24.56690476190476,2.0,Duke,2021.0,2021.0,KC,162.0,7.0,0.10714286
2023,11,00-0036637,N.Gray,TE,KC,PHI,0,0,0.0,0,0.0,0.0,0.0,0,0.0,0,1,0,0.0,0,0.0,0.0,,,75.0,240.0,24.56690476190476,2.0,Duke,2021.0,2021.0,KC,162.0,-4.0,0.025641026
2023,12,00-0036637,N.Gray,TE,KC,LV,0,0,0.0,0,0.0,0.0,0.0,0,0.0,0,3,3,30.0,0,3.0,6.0,,,75.0,240.0,24.56690476190476,2.0,Duke,2021.0,2021.0,KC,162.0,,0.09375
2023,13,00-0036637,N.Gray,TE,KC,GB,0,0,0.0,0,0.0,0.0,0.0,0,0.0,0,1,1,2.0,1,6.2,7.2,,,75.0,240.0,24.56690476190476,2.0,Duke,2021.0,2021.0,KC,162.0,,0.033333335
2023,15,00-0036637,N.Gray,TE,KC,NE,0,0,0.0,0,0.0,0.0,0.0,0,0.0,0,2,2,37.0,0,3.7,5.7,,,75.0,240.0,24.56690476190476,2.0,Duke,2021.0,2021.0,KC,162.0,,0.057142857
2023,16,00-0036637,N.Gray,TE,KC,LV,0,0,0.0,0,0.0,0.0,0.0,0,0.0,0,3,1,5.0,0,0.5,1.5,,,75.0,240.0,24.56690476190476,2.0,Duke,2021.0,2021.0,KC,162.0,-6.0,0.07317073
2023,17,00-0036637,N.Gray,TE,KC,CIN,0,0,0.0,0,0.0,0.0,0.0,0,0.0,0,4,3,17.0,0,1.7,4.7,,,75.0,240.0,24.56690476190476,2.0,Duke,2021.0,2021.0,KC,162.0,8.0,0.14285715
2023,18,00-0036637,N.Gray,TE,KC,LAC,0,0,0.0,0,0.0,0.0,0.0,0,0.0,0,3,0,0.0,0,0.0,0.0,,,75.0,240.0,24.56690476190476,2.0,Duke,2021.0,2021.0,KC,162.0,,0.10344828
2023,19,00-0036637,N.Gray,TE,KC,MIA,0,0,0.0,0,0.0,0.0,0.0,0,0.0,0,1,1,20.0,0,2.0,3.0,,,75.0,240.0,24.56690476190476,2.0,Duke,2021.0,2021.0,KC,162.0,19.0,0.029411765
2023,20,00-0036637,N.Gray,TE,KC,BUF,0,0,0.0,0,0.0,0.0,0.0,0,0.0,0,3,3,16.0,0,1.6,4.6,,,75.0,240.0,24.56690476190476,2.0,Duke,2021.0,2021.0,KC,162.0,,0.14285715
2023,21,00-0036637,N.Gray,TE,KC,BAL,0,0,0.0,0,0.0,0.0,0.0,0,0.0,0,5,2,8.0,0,0.8,2.8,,,75.0,240.0,24.56690476190476,2.0,Duke,2021.0,2021.0,KC,162.0,,0.1388889
2023,22,00-0036637,N.Gray,TE,KC,SF,0,0,0.0,0,0.0,0.0,0.0,0,0.0,0,2,2,22.0,0,2.2,4.2,,,75.0,240.0,24.56690476190476,2.0,Duke,2021.0,2021.0,KC,162.0,3.0,0.04761905
2023,8,00-0036646,S.Fehoko,WR,LAC,CHI,0,0,0.0,0,0.0,0.0,0.0,0,0.0,0,2,1,9.0,1,6.9,7.9,,,76.0,227.0,26.013,2.0,Stanford,2021.0,2021.0,DAL,179.0,17.0,0.05263158
2023,17,00-0036648,N.Niemann,ILB,LAC,DEN,0,0,0.0,0,0.0,0.0,0.0,1,0.0,0,0,0,0.0,0,0.0,0.0,,,75.0,235.0,25.939,2.0,Iowa,2021.0,2021.0,LAC,185.0,,
2023,13,00-0036672,G.Stuard,MLB,IND,IND,0,0,0.0,0,0.0,0.0,0.0,0,0.0,0,0,0,0.0,0,6.0,6.0,,,71.0,225.0,25.06435294117647,2.0,Houston,2021.0,2021.0,TB,259.0,,
2023,4,00-0036727,A.Prentice,FB,NO,TB,0,0,0.0,0,0.0,0.0,0.0,1,5.0,0,2,1,5.0,0,-1.0,0.0,,,72.0,245.0,26.807882352941174,2.0,South Carolina,2021.0,2021.0,,,-17.0,0.05263158
2023,17,00-0036727,A.Prentice,FB,NO,TB,0,0,0.0,0,0.0,0.0,0.0,1,7.0,0,1,1,7.0,0,1.4,2.4,,,72.0,245.0,26.807882352941174,2.0,South Carolina,2021.0,2021.0,,,,0.029411765
2023,3,00-0036741,J.Stoll,TE,PHI,TB,0,0,0.0,0,0.0,0.0,0.0,0,0.0,0,2,1,6.0,0,0.6,1.6,,,76.0,260.0,25.787999999999997,2.0,Nebraska,2021.0,2021.0,,,,0.057142857
2023,5,00-0036741,J.Stoll,TE,PHI,LA,0,0,0.0,0,0.0,0.0,0.0,0,0.0,0,1,1,4.0,0,0.4,1.4,,,76.0,260.0,25.787999999999997,2.0,Nebraska,2021.0,2021.0,,,,0.029411765
2023,11,00-0036741,J.Stoll,TE,PHI,KC,0,0,0.0,0,0.0,0.0,0.0,0,0.0,0,2,1,3.0,0,0.3,1.3,,,76.0,260.0,25.787999999999997,2.0,Nebraska,2021.0,2021.0,,,,0.0952381
2023,12,00-0036741,J.Stoll,TE,PHI,BUF,0,0,0.0,0,0.0,0.0,0.0,0,0.0,0,2,1,14.0,0,1.4,2.4,,,76.0,260.0,25.787999999999997,2.0,Nebraska,2021.0,2021.0,,,3.0,0.071428575
2023,18,00-0036741,J.Stoll,TE,PHI,NYG,0,0,0.0,0,0.0,0.0,0.0,0,0.0,0,1,1,11.0,0,1.1,2.1,,,76.0,260.0,25.787999999999997,2.0,Nebraska,2021.0,2021.0,,,,0.030303031
2023,1,00-0036754,B.Wright,TE,DET,KC,0,0,0.0,0,0.0,0.0,0.0,0,0.0,0,2,2,17.0,0,1.7,3.7,,,77.0,255.0,24.978,2.0,Notre Dame,2021.0,2021.0,,,,0.0625
2023,5,00-0036754,B.Wright,TE,DET,CAR,0,0,0.0,0,0.0,0.0,0.0,0,0.0,0,3,3,16.0,0,1.6,4.6,,,77.0,255.0,24.978,2.0,Notre Dame,2021.0,2021.0,,,18.0,0.11111111
2023,6,00-0036754,B.Wright,TE,DET,TB,0,0,0.0,0,0.0,0.0,0.0,0,0.0,0,1,1,7.0,0,0.7,1.7,,,77.0,255.0,24.978,2.0,Notre Dame,2021.0,2021.0,,,,0.024390243
2023,8,00-0036754,B.Wright,TE,DET,LV,0,0,0.0,0,0.0,0.0,0.0,0,0.0,0,1,1,5.0,0,0.5,1.5,,,77.0,255.0,24.978,2.0,Notre Dame,2021.0,2021.0,,,12.0,0.029411765
2023,10,00-0036754,B.Wright,TE,DET,LAC,0,0,0.0,0,0.0,0.0,0.0,0,0.0,0,3,2,23.0,1,8.3,10.3,,,77.0,255.0,24.978,2.0,Notre Dame,2021.0,2021.0,,,,0.09375
2023,12,00-0036754,B.Wright,TE,DET,GB,0,0,0.0,0,0.0,0.0,0.0,0,0.0,0,1,1,9.0,0,0.9,1.9,,,77.0,255.0,24.978,2.0,Notre Dame,2021.0,2021.0,,,-7.0,0.023809524
2023,13,00-0036754,B.Wright,TE,DET,NO,0,0,0.0,0,0.0,0.0,0.0,0,0.0,0,1,1,8.0,0,0.8,1.8,,,77.0,255.0,24.978,2.0,Notre Dame,2021.0,2021.0,,,,0.04
2023,14,00-0036754,B.Wright,TE,DET,CHI,0,0,0.0,0,0.0,0.0,0.0,0,0.0,0,2,2,6.0,0,0.6,2.6,,,77.0,255.0,24.978,2.0,Notre Dame,2021.0,2021.0,,,,0.05882353
2023,20,00-0036754,B.Wright,TE,DET,TB,0,0,0.0,0,0.0,0.0,0.0,0,0.0,0,1,1,29.0,0,2.9,3.9,,,77.0,255.0,24.978,2.0,Notre Dame,2021.0,2021.0,,,8.0,0.023809524
2023,9,00-0036841,A.Trammell,WR,LA,GB,0,0,0.0,0,0.0,0.0,0.0,0,0.0,0,1,1,6.0,0,0.6,1.6,,,70.0,185.0,25.35761111111111,2.0,Rice,2021.0,2021.0,,,,0.037037037
2023,11,00-0036841,A.Trammell,WR,LA,SEA,0,0,0.0,0,0.0,0.0,0.0,0,0.0,0,6,3,23.0,0,2.3,5.3,,,70.0,185.0,25.35761111111111,2.0,Rice,2021.0,2021.0,,,1.0,0.20689656
2023,10,00-0036842,K.Nwangwu,RB,MIN,NO,0,0,0.0,0,0.0,0.0,0.0,2,9.0,0,0,0,0.0,0,0.9,0.9,,,73.0,205.0,25.741058823529414,2.0,Iowa State,2021.0,2021.0,MIN,119.0,8.0,
2023,14,00-0036842,K.Nwangwu,RB,MIN,LV,0,0,0.0,0,0.0,0.0,0.0,2,3.0,0,0,0,0.0,0,0.3,0.3,,,73.0,205.0,25.741058823529414,2.0,Iowa State,2021.0,2021.0,MIN,119.0,,
2023,15,00-0036842,K.Nwangwu,RB,MIN,CIN,0,0,0.0,0,0.0,0.0,0.0,1,1.0,0,0,0,0.0,0,0.1,0.1,,,73.0,205.0,25.741058823529414,2.0,Iowa State,2021.0,2021.0,MIN,119.0,,
2023,1,00-0036849,T.Atwell,WR,LA,SEA,0,0,0.0,0,0.0,0.0,0.0,0,0.0,0,8,6,119.0,0,11.9,17.9,,,69.0,153.0,24.09822222222222,2.0,Louisville,2021.0,2021.0,LA,57.0,,0.21621622
2023,2,00-0036849,T.Atwell,WR,LA,SF,0,0,0.0,0,0.0,0.0,0.0,1,5.0,0,9,7,77.0,0,8.2,15.2,,,69.0,153.0,24.09822222222222,2.0,Louisville,2021.0,2021.0,LA,57.0,-7.0,0.17307693
2023,3,00-0036849,T.Atwell,WR,LA,CIN,0,0,0.0,0,0.0,0.0,0.0,1,22.0,0,9,4,50.0,1,13.2,17.2,,,69.0,153.0,24.09822222222222,2.0,Louisville,2021.0,2021.0,LA,57.0,,0.28125
2023,4,00-0036849,T.Atwell,WR,LA,IND,0,0,0.0,0,0.0,0.0,0.0,0,0.0,0,9,5,24.0,0,2.4,7.4,,,69.0,153.0,24.09822222222222,2.0,Louisville,2021.0,2021.0,LA,57.0,,0.23076923
2023,5,00-0036849,T.Atwell,WR,LA,PHI,0,0,0.0,0,0.0,0.0,0.0,0,0.0,0,5,2,9.0,1,6.9,8.9,,,69.0,153.0,24.09822222222222,2.0,Louisville,2021.0,2021.0,LA,57.0,-9.0,0.14705883
2023,6,00-0036849,T.Atwell,WR,LA,ARI,0,0,0.0,0,0.0,0.0,0.0,0,0.0,0,1,1,30.0,0,3.0,4.0,,,69.0,153.0,24.09822222222222,2.0,Louisville,2021.0,2021.0,LA,57.0,17.0,0.04761905
2023,7,00-0036849,T.Atwell,WR,LA,PIT,0,0,0.0,0,0.0,0.0,0.0,0,0.0,0,2,1,31.0,1,9.1,10.1,,,69.0,153.0,24.09822222222222,2.0,Louisville,2021.0,2021.0,LA,57.0,-7.0,0.074074075
2023,8,00-0036849,T.Atwell,WR,LA,DAL,0,0,0.0,0,0.0,0.0,0.0,2,8.0,0,4,2,21.0,0,4.9,6.9,,,69.0,153.0,24.09822222222222,2.0,Louisville,2021.0,2021.0,LA,57.0,,0.125
2023,9,00-0036849,T.Atwell,WR,LA,GB,0,0,0.0,0,0.0,0.0,0.0,0,0.0,0,7,4,13.0,0,1.3,5.3,,,69.0,153.0,24.09822222222222,2.0,Louisville,2021.0,2021.0,LA,57.0,,0.25925925
2023,11,00-0036849,T.Atwell,WR,LA,SEA,0,0,0.0,0,0.0,0.0,0.0,0,0.0,0,3,1,17.0,0,1.7,2.7,,,69.0,153.0,24.09822222222222,2.0,Louisville,2021.0,2021.0,LA,57.0,1.0,0.10344828
2023,12,00-0036849,T.Atwell,WR,LA,ARI,0,0,0.0,0,0.0,0.0,0.0,0,0.0,0,3,3,76.0,0,7.6,10.6,,,69.0,153.0,24.09822222222222,2.0,Louisville,2021.0,2021.0,LA,57.0,,0.09677419
2023,13,00-0036849,T.Atwell,WR,LA,CLE,0,0,0.0,0,0.0,0.0,0.0,0,0.0,0,2,1,9.0,0,0.9,1.9,,,69.0,153.0,24.09822222222222,2.0,Louisville,2021.0,2021.0,LA,57.0,17.0,0.05882353
2023,14,00-0036849,T.Atwell,WR,LA,BAL,0,0,0.0,0,0.0,0.0,0.0,0,0.0,0,1,0,0.0,0,0.0,0.0,,,69.0,153.0,24.09822222222222,2.0,Louisville,2021.0,2021.0,LA,57.0,,0.025641026
2023,18,00-0036849,T.Atwell,WR,LA,SF,0,0,0.0,0,0.0,0.0,0.0,1,-4.0,0,4,2,7.0,0,2.3,4.3,,,69.0,153.0,24.09822222222222,2.0,Louisville,2021.0,2021.0,LA,57.0,,0.17391305
2023,19,00-0036849,T.Atwell,WR,LA,DET,0,0,0.0,0,0.0,0.0,0.0,0,0.0,0,1,1,38.0,1,9.8,10.8,,,69.0,153.0,24.09822222222222,2.0,Louisville,2021.0,2021.0,LA,57.0,,0.029411765
2023,1,00-0036857,C.Evans,RB,CIN,CLE,0,0,0.0,0,0.0,0.0,0.0,2,12.0,0,1,1,-1.0,0,1.1,2.1,,,71.0,216.0,26.095470588235294,2.0,Michigan,2021.0,2021.0,CIN,202.0,,0.032258064
2023,1,00-0036860,J.Funk,RB,IND,JAX,0,0,0.0,0,0.0,0.0,0.0,2,10.0,0,1,1,12.0,0,2.2,3.2,,,70.0,205.0,25.818,2.0,Maryland,2021.0,2021.0,LA,233.0,-10.0,0.025641026
2023,1,00-0036862,B.Skowronek,WR,LA,SEA,0,0,0.0,0,0.0,0.0,0.0,0,0.0,0,2,0,0.0,0,0.0,0.0,,,75.0,220.0,26.376166666666666,2.0,Notre Dame,2021.0,2021.0,LA,249.0,,0.054054055
2023,2,00-0036862,B.Skowronek,WR,LA,SF,0,0,0.0,0,0.0,0.0,0.0,1,11.0,0,1,1,10.0,0,2.1,3.1,,,75.0,220.0,26.376166666666666,2.0,Notre Dame,2021.0,2021.0,LA,249.0,-7.0,0.01923077
2023,3,00-0036862,B.Skowronek,WR,LA,CIN,0,0,0.0,0,0.0,0.0,0.0,0,0.0,0,1,1,3.0,0,0.3,1.3,,,75.0,220.0,26.376166666666666,2.0,Notre Dame,2021.0,2021.0,LA,249.0,,0.03125
2023,5,00-0036862,B.Skowronek,WR,LA,PHI,0,0,0.0,0,0.0,0.0,0.0,0,0.0,0,1,0,0.0,0,0.0,0.0,,,75.0,220.0,26.376166666666666,2.0,Notre Dame,2021.0,2021.0,LA,249.0,-9.0,0.029411765
2023,8,00-0036862,B.Skowronek,WR,LA,DAL,0,0,0.0,0,0.0,0.0,0.0,0,0.0,0,1,1,20.0,1,8.0,9.0,,,75.0,220.0,26.376166666666666,2.0,Notre Dame,2021.0,2021.0,LA,249.0,,0.03125
2023,9,00-0036862,B.Skowronek,WR,LA,GB,0,0,0.0,0,0.0,0.0,0.0,1,-2.0,0,0,0,0.0,0,-0.2,-0.2,,,75.0,220.0,26.376166666666666,2.0,Notre Dame,2021.0,2021.0,LA,249.0,,
2023,12,00-0036862,B.Skowronek,WR,LA,ARI,0,0,0.0,0,0.0,0.0,0.0,0,0.0,0,1,1,-1.0,0,-0.1,0.9,,,75.0,220.0,26.376166666666666,2.0,Notre Dame,2021.0,2021.0,LA,249.0,,0.032258064
2023,13,00-0036862,B.Skowronek,WR,LA,CLE,0,0,0.0,0,0.0,0.0,0.0,0,0.0,0,3,2,12.0,0,1.2,3.2,,,75.0,220.0,26.376166666666666,2.0,Notre Dame,2021.0,2021.0,LA,249.0,17.0,0.0882353
2023,18,00-0036862,B.Skowronek,WR,LA,SF,0,0,0.0,0,0.0,0.0,0.0,0,0.0,0,2,2,22.0,0,2.2,4.2,,,75.0,220.0,26.376166666666666,2.0,Notre Dame,2021.0,2021.0,LA,249.0,,0.08695652
2023,19,00-0036862,B.Skowronek,WR,LA,DET,0,0,0.0,0,0.0,0.0,0.0,0,0.0,0,1,1,5.0,0,0.5,1.5,,,75.0,220.0,26.376166666666666,2.0,Notre Dame,2021.0,2021.0,LA,249.0,,0.029411765
2023,1,00-0036875,R.Stevenson,RB,NE,PHI,0,0,0.0,0,0.0,0.0,0.0,12,25.0,0,6,6,64.0,0,8.9,14.9,,,72.0,246.0,25.70482352941176,2.0,Oklahoma,2021.0,2021.0,NE,120.0,-5.0,0.11111111
2023,2,00-0036875,R.Stevenson,RB,NE,MIA,0,0,0.0,0,0.0,0.0,0.0,15,50.0,1,3,3,10.0,0,12.0,15.0,,,72.0,246.0,25.70482352941176,2.0,Oklahoma,2021.0,2021.0,NE,120.0,-7.0,0.071428575
2023,3,00-0036875,R.Stevenson,RB,NE,NYJ,0,0,0.0,0,0.0,0.0,0.0,19,59.0,0,4,1,3.0,0,6.2,7.2,,,72.0,246.0,25.70482352941176,2.0,Oklahoma,2021.0,2021.0,NE,120.0,,0.14814815
2023,4,00-0036875,R.Stevenson,RB,NE,DAL,0,0,0.0,0,0.0,0.0,0.0,14,30.0,0,3,2,10.0,0,4.0,6.0,,,72.0,246.0,25.70482352941176,2.0,Oklahoma,2021.0,2021.0,NE,120.0,,0.10344828
2023,5,00-0036875,R.Stevenson,RB,NE,NO,0,0,0.0,0,0.0,0.0,0.0,8,24.0,0,2,0,0.0,0,2.4,2.4,,,72.0,246.0,25.70482352941176,2.0,Oklahoma,2021.0,2021.0,NE,120.0,-34.0,0.06451613
2023,6,00-0036875,R.Stevenson,RB,NE,LV,0,0,0.0,0,0.0,0.0,0.0,10,46.0,1,6,5,24.0,0,13.0,18.0,,,72.0,246.0,25.70482352941176,2.0,Oklahoma,2021.0,2021.0,NE,120.0,,0.19354838
2023,7,00-0036875,R.Stevenson,RB,NE,BUF,0,0,0.0,0,0.0,0.0,0.0,9,34.0,0,6,6,51.0,0,8.5,14.5,,,72.0,246.0,25.70482352941176,2.0,Oklahoma,2021.0,2021.0,NE,120.0,4.0,0.2
2023,8,00-0036875,R.Stevenson,RB,NE,MIA,0,0,0.0,0,0.0,0.0,0.0,10,39.0,0,4,2,11.0,0,5.0,7.0,,,72.0,246.0,25.70482352941176,2.0,Oklahoma,2021.0,2021.0,NE,120.0,,0.14285715
2023,9,00-0036875,R.Stevenson,RB,NE,WAS,0,0,0.0,0,0.0,0.0,0.0,9,87.0,1,6,4,42.0,0,18.9,22.9,,,72.0,246.0,25.70482352941176,2.0,Oklahoma,2021.0,2021.0,NE,120.0,-3.0,0.13953489
2023,10,00-0036875,R.Stevenson,RB,NE,IND,0,0,0.0,0,0.0,0.0,0.0,20,88.0,0,5,3,14.0,0,10.2,13.2,,,72.0,246.0,25.70482352941176,2.0,Oklahoma,2021.0,2021.0,NE,120.0,-4.0,0.1923077
2023,12,00-0036875,R.Stevenson,RB,NE,NYG,0,0,0.0,0,0.0,0.0,0.0,21,98.0,1,5,5,9.0,0,16.7,21.7,,,72.0,246.0,25.70482352941176,2.0,Oklahoma,2021.0,2021.0,NE,120.0,,0.14285715
2023,13,00-0036875,R.Stevenson,RB,NE,LAC,0,0,0.0,0,0.0,0.0,0.0,9,39.0,0,1,1,0.0,0,1.9,2.9,,,72.0,246.0,25.70482352941176,2.0,Oklahoma,2021.0,2021.0,NE,120.0,-6.0,0.041666668
2023,1,00-0036876,K.Granson,TE,IND,JAX,0,0,0.0,0,0.0,0.0,0.0,0,0.0,0,6,4,39.0,0,3.9,7.9,,,75.0,235.0,25.617529411764707,2.0,Southern Methodist,2021.0,2021.0,IND,127.0,-10.0,0.15384616
2023,2,00-0036876,K.Granson,TE,IND,HOU,0,0,0.0,0,0.0,0.0,0.0,0,0.0,0,4,3,16.0,1,7.6,10.6,,,75.0,235.0,25.617529411764707,2.0,Southern Methodist,2021.0,2021.0,IND,127.0,,0.12903225
2023,3,00-0036876,K.Granson,TE,IND,BAL,0,0,0.0,0,0.0,0.0,0.0,0,0.0,0,4,2,9.0,0,0.9,2.9,,,75.0,235.0,25.617529411764707,2.0,Southern Methodist,2021.0,2021.0,IND,127.0,,0.0952381
2023,4,00-0036876,K.Granson,TE,IND,LA,0,0,0.0,0,0.0,0.0,0.0,0,0.0,0,5,2,24.0,0,2.4,4.4,,,75.0,235.0,25.617529411764707,2.0,Southern Methodist,2021.0,2021.0,IND,127.0,-6.0,0.20833333
2023,5,00-0036876,K.Granson,TE,IND,TEN,0,0,0.0,0,0.0,0.0,0.0,0,0.0,0,3,2,15.0,0,1.5,3.5,,,75.0,235.0,25.617529411764707,2.0,Southern Methodist,2021.0,2021.0,IND,127.0,7.0,0.125
2023,6,00-0036876,K.Granson,TE,IND,JAX,0,0,0.0,0,0.0,0.0,0.0,0,0.0,0,4,3,67.0,0,6.7,9.7,,,75.0,235.0,25.617529411764707,2.0,Southern Methodist,2021.0,2021.0,IND,127.0,,0.07692308
2023,9,00-0036876,K.Granson,TE,IND,CAR,0,0,0.0,0,0.0,0.0,0.0,0,0.0,0,2,0,0.0,0,0.0,0.0,,,75.0,235.0,25.617529411764707,2.0,Southern Methodist,2021.0,2021.0,IND,127.0,,0.083333336
2023,10,00-0036876,K.Granson,TE,IND,NE,0,0,0.0,0,0.0,0.0,0.0,0,0.0,0,2,1,5.0,0,0.5,1.5,,,75.0,235.0,25.617529411764707,2.0,Southern Methodist,2021.0,2021.0,IND,127.0,,0.07692308
2023,12,00-0036876,K.Granson,TE,IND,TB,0,0,0.0,0,0.0,0.0,0.0,0,0.0,0,1,0,0.0,0,0.0,0.0,,,75.0,235.0,25.617529411764707,2.0,Southern Methodist,2021.0,2021.0,IND,127.0,7.0,0.025
2023,13,00-0036876,K.Granson,TE,IND,TEN,0,0,0.0,0,0.0,0.0,0.0,1,2.0,0,3,3,72.0,0,7.4,10.4,,,75.0,235.0,25.617529411764707,2.0,Southern Methodist,2021.0,2021.0,IND,127.0,,0.07317073
2023,14,00-0036876,K.Granson,TE,IND,CIN,0,0,0.0,0,0.0,0.0,0.0,0,0.0,0,4,2,17.0,0,1.7,3.7,,,75.0,235.0,25.617529411764707,2.0,Southern Methodist,2021.0,2021.0,IND,127.0,,0.10526316
2023,15,00-0036876,K.Granson,TE,IND,PIT,0,0,0.0,0,0.0,0.0,0.0,0,0.0,0,1,1,6.0,0,0.6,1.6,,,75.0,235.0,25.617529411764707,2.0,Southern Methodist,2021.0,2021.0,IND,127.0,17.0,0.037037037
2023,16,00-0036876,K.Granson,TE,IND,ATL,0,0,0.0,0,0.0,0.0,0.0,0,0.0,0,7,5,62.0,0,6.2,11.2,,,75.0,235.0,25.617529411764707,2.0,Southern Methodist,2021.0,2021.0,IND,127.0,,0.2
2023,17,00-0036876,K.Granson,TE,IND,LV,0,0,0.0,0,0.0,0.0,0.0,0,0.0,0,3,1,13.0,0,1.3,2.3,,,75.0,235.0,25.617529411764707,2.0,Southern Methodist,2021.0,2021.0,IND,127.0,3.0,0.15
2023,18,00-0036876,K.Granson,TE,IND,HOU,0,0,0.0,0,0.0,0.0,0.0,0,0.0,0,1,1,23.0,0,2.3,3.3,,,75.0,235.0,25.617529411764707,2.0,Southern Methodist,2021.0,2021.0,IND,127.0,-4.0,0.04347826
2023,3,00-0036887,L.Farrell,TE,JAX,HOU,0,0,0.0,0,0.0,0.0,0.0,0,0.0,0,1,1,4.0,0,0.4,1.4,,,77.0,258.0,26.06864705882353,2.0,Ohio State,2021.0,2021.0,JAX,145.0,-20.0,0.025
2023,4,00-0036887,L.Farrell,TE,JAX,ATL,0,0,0.0,0,0.0,0.0,0.0,0,0.0,0,2,2,10.0,0,1.0,3.0,,,77.0,258.0,26.06864705882353,2.0,Ohio State,2021.0,2021.0,JAX,145.0,16.0,0.06666667
2023,5,00-0036887,L.Farrell,TE,JAX,BUF,0,0,0.0,0,0.0,0.0,0.0,0,0.0,0,1,1,16.0,0,1.6,2.6,,,77.0,258.0,26.06864705882353,2.0,Ohio State,2021.0,2021.0,JAX,145.0,,0.027027028
2023,8,00-0036887,L.Farrell,TE,JAX,PIT,0,0,0.0,0,0.0,0.0,0.0,0,0.0,0,1,1,5.0,0,0.5,1.5,,,77.0,258.0,26.06864705882353,2.0,Ohio State,2021.0,2021.0,JAX,145.0,,0.03125
2023,11,00-0036887,L.Farrell,TE,JAX,TEN,0,0,0.0,0,0.0,0.0,0.0,0,0.0,0,2,2,21.0,0,2.1,4.1,,,77.0,258.0,26.06864705882353,2.0,Ohio State,2021.0,2021.0,JAX,145.0,20.0,0.06451613
2023,12,00-0036887,L.Farrell,TE,JAX,HOU,0,0,0.0,0,0.0,0.0,0.0,0,0.0,0,5,3,55.0,0,5.5,8.5,,,77.0,258.0,26.06864705882353,2.0,Ohio State,2021.0,2021.0,JAX,145.0,,0.13513513
2023,13,00-0036887,L.Farrell,TE,JAX,CIN,0,0,0.0,0,0.0,0.0,0.0,0,0.0,0,1,1,9.0,0,0.9,1.9,,,77.0,258.0,26.06864705882353,2.0,Ohio State,2021.0,2021.0,JAX,145.0,-3.0,0.025641026
2023,15,00-0036887,L.Farrell,TE,JAX,BAL,0,0,0.0,0,0.0,0.0,0.0,0,0.0,0,1,1,28.0,0,2.8,3.8,,,77.0,258.0,26.06864705882353,2.0,Ohio State,2021.0,2021.0,JAX,145.0,-16.0,0.023809524
2023,17,00-0036887,L.Farrell,TE,JAX,CAR,0,0,0.0,0,0.0,0.0,0.0,0,0.0,0,1,1,7.0,0,0.7,1.7,,,77.0,258.0,26.06864705882353,2.0,Ohio State,2021.0,2021.0,JAX,145.0,26.0,0.04347826
2023,20,00-0036888,D.Hamlin,SS,BUF,KC,0,0,0.0,0,0.0,0.0,0.0,1,2.0,0,0,0,0.0,0,0.2,0.2,,,72.0,195.0,25.644105263157893,2.0,Pittsburgh,2021.0,2021.0,BUF,212.0,-3.0,
2023,1,00-0036893,N.Harris,RB,PIT,SF,0,0,0.0,0,0.0,0.0,0.0,6,31.0,0,2,2,2.0,0,3.3,5.3,,,73.0,230.0,25.6815,2.0,Alabama,2021.0,2021.0,PIT,24.0,-23.0,0.044444446
2023,2,00-0036893,N.Harris,RB,PIT,CLE,0,0,0.0,0,0.0,0.0,0.0,10,43.0,0,3,1,0.0,0,4.3,5.3,,,73.0,230.0,25.6815,2.0,Alabama,2021.0,2021.0,PIT,24.0,4.0,0.10344828
2023,3,00-0036893,N.Harris,RB,PIT,LV,0,0,0.0,0,0.0,0.0,0.0,19,65.0,0,1,0,0.0,0,6.5,6.5,,,73.0,230.0,25.6815,2.0,Alabama,2021.0,2021.0,PIT,24.0,,0.037037037
2023,4,00-0036893,N.Harris,RB,PIT,HOU,0,0,0.0,0,0.0,0.0,0.0,14,71.0,0,2,1,32.0,0,10.3,11.3,,,73.0,230.0,25.6815,2.0,Alabama,2021.0,2021.0,PIT,24.0,,0.074074075
2023,5,00-0036893,N.Harris,RB,PIT,BAL,0,0,0.0,0,0.0,0.0,0.0,14,37.0,0,1,1,3.0,0,4.0,5.0,,,73.0,230.0,25.6815,2.0,Alabama,2021.0,2021.0,PIT,24.0,7.0,0.032258064
2023,7,00-0036893,N.Harris,RB,PIT,LA,0,0,0.0,0,0.0,0.0,0.0,14,53.0,1,3,3,15.0,0,12.8,15.8,,,73.0,230.0,25.6815,2.0,Alabama,2021.0,2021.0,PIT,24.0,,0.13043478
2023,8,00-0036893,N.Harris,RB,PIT,JAX,0,0,0.0,0,0.0,0.0,0.0,7,13.0,0,5,5,42.0,0,5.5,10.5,,,73.0,230.0,25.6815,2.0,Alabama,2021.0,2021.0,PIT,24.0,-10.0,0.125
2023,9,00-0036893,N.Harris,RB,PIT,TEN,0,0,0.0,0,0.0,0.0,0.0,16,69.0,1,4,2,7.0,0,13.6,15.6,,,73.0,230.0,25.6815,2.0,Alabama,2021.0,2021.0,PIT,24.0,4.0,0.13793103
2023,10,00-0036893,N.Harris,RB,PIT,GB,0,0,0.0,0,0.0,0.0,0.0,16,82.0,1,4,3,14.0,0,15.6,18.6,,,73.0,230.0,25.6815,2.0,Alabama,2021.0,2021.0,PIT,24.0,4.0,0.18181819
2023,11,00-0036893,N.Harris,RB,PIT,CLE,0,0,0.0,0,0.0,0.0,0.0,12,35.0,0,2,1,1.0,0,3.6,4.6,,,73.0,230.0,25.6815,2.0,Alabama,2021.0,2021.0,PIT,24.0,,0.08
2023,12,00-0036893,N.Harris,RB,PIT,CIN,0,0,0.0,0,0.0,0.0,0.0,15,99.0,1,0,0,0.0,0,15.9,15.9,,,73.0,230.0,25.6815,2.0,Alabama,2021.0,2021.0,PIT,24.0,,
2023,13,00-0036893,N.Harris,RB,PIT,ARI,0,0,0.0,0,0.0,0.0,0.0,16,63.0,0,3,2,14.0,0,7.7,9.7,,,73.0,230.0,25.6815,2.0,Alabama,2021.0,2021.0,PIT,24.0,-14.0,0.11111111
2023,14,00-0036893,N.Harris,RB,PIT,NE,0,0,0.0,0,0.0,0.0,0.0,12,29.0,0,3,3,19.0,0,4.8,7.8,,,73.0,230.0,25.6815,2.0,Alabama,2021.0,2021.0,PIT,24.0,-3.0,0.08571429
2023,15,00-0036893,N.Harris,RB,PIT,IND,0,0,0.0,0,0.0,0.0,0.0,12,33.0,0,0,0,0.0,0,1.3,1.3,,,73.0,230.0,25.6815,2.0,Alabama,2021.0,2021.0,PIT,24.0,,
2023,16,00-0036893,N.Harris,RB,PIT,CIN,0,0,0.0,0,0.0,0.0,0.0,19,78.0,1,0,0,0.0,0,13.8,13.8,,,73.0,230.0,25.6815,2.0,Alabama,2021.0,2021.0,PIT,24.0,23.0,
2023,17,00-0036893,N.Harris,RB,PIT,SEA,0,0,0.0,0,0.0,0.0,0.0,27,122.0,2,0,0,0.0,0,24.2,24.2,,,73.0,230.0,25.6815,2.0,Alabama,2021.0,2021.0,PIT,24.0,,
2023,18,00-0036893,N.Harris,RB,PIT,BAL,0,0,0.0,0,0.0,0.0,0.0,26,112.0,1,5,5,21.0,0,19.3,24.3,,,73.0,230.0,25.6815,2.0,Alabama,2021.0,2021.0,PIT,24.0,,0.25
2023,19,00-0036893,N.Harris,RB,PIT,BUF,0,0,0.0,0,0.0,0.0,0.0,12,37.0,0,3,2,15.0,0,5.2,7.2,,,73.0,230.0,25.6815,2.0,Alabama,2021.0,2021.0,PIT,24.0,,0.078947365
2023,1,00-0036894,P.Freiermuth,TE,PIT,SF,0,0,0.0,0,0.0,0.0,0.0,0,0.0,0,4,1,3.0,1,6.3,7.3,,,77.0,258.0,25.051833333333335,2.0,Penn State,2021.0,2021.0,PIT,55.0,-23.0,0.08888889
2023,2,00-0036894,P.Freiermuth,TE,PIT,CLE,0,0,0.0,0,0.0,0.0,0.0,0,0.0,0,1,1,2.0,0,0.2,1.2,,,77.0,258.0,25.051833333333335,2.0,Penn State,2021.0,2021.0,PIT,55.0,4.0,0.03448276
2023,3,00-0036894,P.Freiermuth,TE,PIT,LV,0,0,0.0,0,0.0,0.0,0.0,0,0.0,0,4,3,41.0,1,10.1,13.1,,,77.0,258.0,25.051833333333335,2.0,Penn State,2021.0,2021.0,PIT,55.0,,0.14814815
2023,4,00-0036894,P.Freiermuth,TE,PIT,HOU,0,0,0.0,0,0.0,0.0,0.0,0,0.0,0,4,3,7.0,0,0.7,3.7,,,77.0,258.0,25.051833333333335,2.0,Penn State,2021.0,2021.0,PIT,55.0,,0.14814815
2023,11,00-0036894,P.Freiermuth,TE,PIT,CLE,0,0,0.0,0,0.0,0.0,0.0,0,0.0,0,1,1,7.0,0,0.7,1.7,,,77.0,258.0,25.051833333333335,2.0,Penn State,2021.0,2021.0,PIT,55.0,,0.04
2023,12,00-0036894,P.Freiermuth,TE,PIT,CIN,0,0,0.0,0,0.0,0.0,0.0,0,0.0,0,11,9,120.0,0,12.0,21.0,,,77.0,258.0,25.051833333333335,2.0,Penn State,2021.0,2021.0,PIT,55.0,,0.34375
2023,13,00-0036894,P.Freiermuth,TE,PIT,ARI,0,0,0.0,0,0.0,0.0,0.0,0,0.0,0,5,3,29.0,0,2.9,5.9,,,77.0,258.0,25.051833333333335,2.0,Penn State,2021.0,2021.0,PIT,55.0,-14.0,0.18518518
2023,14,00-0036894,P.Freiermuth,TE,PIT,NE,0,0,0.0,0,0.0,0.0,0.0,0,0.0,0,7,3,18.0,0,3.8,6.8,,,77.0,258.0,25.051833333333335,2.0,Penn State,2021.0,2021.0,PIT,55.0,-3.0,0.2
2023,15,00-0036894,P.Freiermuth,TE,PIT,IND,0,0,0.0,0,0.0,0.0,0.0,0,0.0,0,4,3,16.0,0,1.6,4.6,,,77.0,258.0,25.051833333333335,2.0,Penn State,2021.0,2021.0,PIT,55.0,,0.15384616
2023,17,00-0036894,P.Freiermuth,TE,PIT,SEA,0,0,0.0,0,0.0,0.0,0.0,0,0.0,0,4,3,44.0,0,4.4,7.4,,,77.0,258.0,25.051833333333335,2.0,Penn State,2021.0,2021.0,PIT,55.0,,0.1904762
2023,18,00-0036894,P.Freiermuth,TE,PIT,BAL,0,0,0.0,0,0.0,0.0,0.0,0,0.0,0,2,2,21.0,0,2.1,4.1,,,77.0,258.0,25.051833333333335,2.0,Penn State,2021.0,2021.0,PIT,55.0,,0.1
2023,19,00-0036894,P.Freiermuth,TE,PIT,BUF,0,0,0.0,0,0.0,0.0,0.0,0,0.0,0,8,5,76.0,0,7.6,12.6,,,77.0,258.0,25.051833333333335,2.0,Penn State,2021.0,2021.0,PIT,55.0,,0.21052632
2023,11,00-0036898,D.Mills,QB,HOU,ARI,1,1,2.0,0,0.0,0.0,-0.0,0,0.0,0,0,0,0.0,0,0.08,0.08,,,76.0,225.0,25.07221052631579,2.0,Stanford,2021.0,2021.0,HOU,67.0,5.0,
2023,13,00-0036898,D.Mills,QB,HOU,DEN,1,1,18.0,0,0.0,0.0,-0.0,0,0.0,0,0,0,0.0,0,0.72,0.72,,,76.0,225.0,25.07221052631579,2.0,Stanford,2021.0,2021.0,HOU,67.0,5.0,
2023,14,00-0036898,D.Mills,QB,HOU,NYJ,1,5,4.0,0,0.0,1.0,3.0,0,0.0,0,0,0,0.0,0,0.16,0.16,,,76.0,225.0,25.07221052631579,2.0,Stanford,2021.0,2021.0,HOU,67.0,,
2023,15,00-0036898,D.Mills,QB,HOU,TEN,0,0,0.0,0,0.0,1.0,10.0,0,0.0,0,0,0,0.0,0,0.0,0.0,,,76.0,225.0,25.07221052631579,2.0,Stanford,2021.0,2021.0,HOU,67.0,,
2023,16,00-0036898,D.Mills,QB,HOU,CLE,15,32,149.0,2,0.0,0.0,-0.0,2,9.0,0,0,0,0.0,0,16.86,16.86,,,76.0,225.0,25.07221052631579,2.0,Stanford,2021.0,2021.0,HOU,67.0,-14.0,
2023,19,00-0036898,D.Mills,QB,HOU,CLE,1,1,6.0,0,0.0,0.0,-0.0,3,-4.0,0,0,0,0.0,0,-0.16,-0.16,,,76.0,225.0,25.07221052631579,2.0,Stanford,2021.0,2021.0,HOU,67.0,31.0,
2023,1,00-0036900,J.Chase,WR,CIN,CLE,0,0,0.0,0,0.0,0.0,0.0,1,2.0,0,9,5,39.0,0,4.1,9.1,,,72.0,200.0,23.69158823529412,2.0,Louisiana State,2021.0,2021.0,CIN,5.0,,0.29032257
2023,2,00-0036900,J.Chase,WR,CIN,BAL,0,0,0.0,0,0.0,0.0,0.0,0,0.0,0,8,5,31.0,0,3.1,8.1,,,72.0,200.0,23.69158823529412,2.0,Louisiana State,2021.0,2021.0,CIN,5.0,-3.0,0.20512821
2023,3,00-0036900,J.Chase,WR,CIN,LA,0,0,0.0,0,0.0,0.0,0.0,0,0.0,0,15,12,141.0,0,14.1,26.1,,,72.0,200.0,23.69158823529412,2.0,Louisiana State,2021.0,2021.0,CIN,5.0,3.0,0.32608697
2023,4,00-0036900,J.Chase,WR,CIN,TEN,0,0,0.0,0,0.0,0.0,0.0,0,0.0,0,9,7,73.0,0,7.3,14.3,,,72.0,200.0,23.69158823529412,2.0,Louisiana State,2021.0,2021.0,CIN,5.0,,0.33333334
2023,5,00-0036900,J.Chase,WR,CIN,ARI,0,0,0.0,0,0.0,0.0,0.0,0,0.0,0,19,15,192.0,3,37.2,52.2,,,72.0,200.0,23.69158823529412,2.0,Louisiana State,2021.0,2021.0,CIN,5.0,,0.4318182
2023,6,00-0036900,J.Chase,WR,CIN,SEA,0,0,0.0,0,0.0,0.0,0.0,0,0.0,0,13,6,80.0,0,8.0,14.0,,,72.0,200.0,23.69158823529412,2.0,Louisiana State,2021.0,2021.0,CIN,5.0,4.0,0.37142858
2023,8,00-0036900,J.Chase,WR,CIN,SF,0,0,0.0,0,0.0,0.0,0.0,2,-8.0,0,12,10,100.0,1,15.2,25.2,,,72.0,200.0,23.69158823529412,2.0,Louisiana State,2021.0,2021.0,CIN,5.0,,0.375
2023,9,00-0036900,J.Chase,WR,CIN,BUF,0,0,0.0,0,0.0,0.0,0.0,0,0.0,0,8,4,41.0,0,4.1,8.1,,,72.0,200.0,23.69158823529412,2.0,Louisiana State,2021.0,2021.0,CIN,5.0,6.0,0.1904762
2023,10,00-0036900,J.Chase,WR,CIN,HOU,0,0,0.0,0,0.0,0.0,0.0,0,0.0,0,6,5,124.0,1,18.4,23.4,,,72.0,200.0,23.69158823529412,2.0,Louisiana State,2021.0,2021.0,CIN,5.0,-3.0,0.15384616
2023,11,00-0036900,J.Chase,WR,CIN,BAL,0,0,0.0,0,0.0,0.0,0.0,0,0.0,0,7,2,12.0,1,7.2,9.2,,,72.0,200.0,23.69158823529412,2.0,Louisiana State,2021.0,2021.0,CIN,5.0,,0.22580644
2023,12,00-0036900,J.Chase,WR,CIN,PIT,0,0,0.0,0,0.0,0.0,0.0,0,0.0,0,6,4,81.0,0,8.1,12.1,,,72.0,200.0,23.69158823529412,2.0,Louisiana State,2021.0,2021.0,CIN,5.0,-6.0,0.24
2023,13,00-0036900,J.Chase,WR,CIN,JAX,1,1,-7.0,0,0.0,0.0,-0.0,0,0.0,0,12,11,149.0,1,20.62,31.62,,,72.0,200.0,23.69158823529412,2.0,Louisiana State,2021.0,2021.0,CIN,5.0,,0.3243243
2023,14,00-0036900,J.Chase,WR,CIN,IND,0,0,0.0,0,0.0,0.0,0.0,0,0.0,0,4,3,29.0,0,2.9,5.9,,,72.0,200.0,23.69158823529412,2.0,Louisiana State,2021.0,2021.0,CIN,5.0,20.0,0.16
2023,15,00-0036900,J.Chase,WR,CIN,MIN,0,0,0.0,0,0.0,0.0,0.0,0,0.0,0,4,4,64.0,0,6.4,10.4,,,72.0,200.0,23.69158823529412,2.0,Louisiana State,2021.0,2021.0,CIN,5.0,3.0,0.1
2023,17,00-0036900,J.Chase,WR,CIN,KC,0,0,0.0,0,0.0,0.0,0.0,0,0.0,0,7,3,41.0,0,4.1,7.1,,,72.0,200.0,23.69158823529412,2.0,Louisiana State,2021.0,2021.0,CIN,5.0,,0.22580644
2023,18,00-0036900,J.Chase,WR,CIN,CLE,0,0,0.0,0,0.0,0.0,0.0,0,0.0,0,6,4,19.0,0,1.9,5.9,,,72.0,200.0,23.69158823529412,2.0,Louisiana State,2021.0,2021.0,CIN,5.0,17.0,0.21428572
2023,1,00-0036906,K.Herbert,RB,CHI,GB,0,0,0.0,0,0.0,0.0,0.0,9,27.0,0,5,3,37.0,0,8.4,11.4,,,69.0,212.0,25.546235294117647,2.0,Virginia Tech,2021.0,2021.0,CHI,217.0,-18.0,0.1388889
2023,2,00-0036906,K.Herbert,RB,CHI,TB,0,0,0.0,0,0.0,0.0,0.0,7,35.0,0,3,1,23.0,0,5.8,6.8,,,69.0,212.0,25.546235294117647,2.0,Virginia Tech,2021.0,2021.0,CHI,217.0,,0.10714286
2023,3,00-0036906,K.Herbert,RB,CHI,KC,0,0,0.0,0,0.0,0.0,0.0,7,31.0,0,2,2,4.0,0,1.5,3.5,,,69.0,212.0,25.546235294117647,2.0,Virginia Tech,2021.0,2021.0,CHI,217.0,,0.1
2023,4,00-0036906,K.Herbert,RB,CHI,DEN,0,0,0.0,0,0.0,0.0,0.0,18,103.0,0,5,4,19.0,1,18.2,22.2,,,69.0,212.0,25.546235294117647,2.0,Virginia Tech,2021.0,2021.0,CHI,217.0,-3.0,0.15625
2023,5,00-0036906,K.Herbert,RB,CHI,WAS,0,0,0.0,0,0.0,0.0,0.0,10,76.0,0,3,0,0.0,0,7.6,7.6,,,69.0,212.0,25.546235294117647,2.0,Virginia Tech,2021.0,2021.0,CHI,217.0,,0.12
2023,11,00-0036906,K.Herbert,RB,CHI,DET,0,0,0.0,0,0.0,0.0,0.0,16,35.0,0,3,2,6.0,0,4.1,6.1,,,69.0,212.0,25.546235294117647,2.0,Virginia Tech,2021.0,2021.0,CHI,217.0,,0.13636364
2023,12,00-0036906,K.Herbert,RB,CHI,MIN,0,0,0.0,0,0.0,0.0,0.0,6,24.0,0,2,2,14.0,0,3.8,5.8,,,69.0,212.0,25.546235294117647,2.0,Virginia Tech,2021.0,2021.0,CHI,217.0,,0.0625
2023,14,00-0036906,K.Herbert,RB,CHI,DET,0,0,0.0,0,0.0,0.0,0.0,3,8.0,0,0,0,0.0,0,0.8,0.8,,,69.0,212.0,25.546235294117647,2.0,Virginia Tech,2021.0,2021.0,CHI,217.0,15.0,
2023,15,00-0036906,K.Herbert,RB,CHI,CLE,0,0,0.0,0,0.0,0.0,0.0,6,8.0,0,1,1,4.0,0,1.2,2.2,,,69.0,212.0,25.546235294117647,2.0,Virginia Tech,2021.0,2021.0,CHI,217.0,,0.028571429
2023,16,00-0036906,K.Herbert,RB,CHI,ARI,0,0,0.0,0,0.0,0.0,0.0,20,112.0,1,2,1,9.0,0,18.1,19.1,,,69.0,212.0,25.546235294117647,2.0,Virginia Tech,2021.0,2021.0,CHI,217.0,11.0,0.08695652
2023,17,00-0036906,K.Herbert,RB,CHI,ATL,0,0,0.0,0,0.0,0.0,0.0,18,124.0,1,3,2,5.0,0,18.9,20.9,,,69.0,212.0,25.546235294117647,2.0,Virginia Tech,2021.0,2021.0,CHI,217.0,20.0,0.1
2023,18,00-0036906,K.Herbert,RB,CHI,GB,0,0,0.0,0,0.0,0.0,0.0,12,28.0,0,2,2,13.0,0,4.1,6.1,,,69.0,212.0,25.546235294117647,2.0,Virginia Tech,2021.0,2021.0,CHI,217.0,,0.125
2023,1,00-0036912,D.Smith,WR,PHI,NE,0,0,0.0,0,0.0,0.0,0.0,0,0.0,0,10,7,47.0,1,10.7,17.7,,,72.0,165.0,24.994055555555555,2.0,Alabama,2021.0,2021.0,PHI,10.0,,0.33333334
2023,2,00-0036912,D.Smith,WR,PHI,MIN,0,0,0.0,0,0.0,0.0,0.0,0,0.0,0,5,4,131.0,1,19.1,23.1,,,72.0,165.0,24.994055555555555,2.0,Alabama,2021.0,2021.0,PHI,10.0,6.0,0.22727273
2023,3,00-0036912,D.Smith,WR,PHI,TB,0,0,0.0,0,0.0,0.0,0.0,0,0.0,0,5,4,28.0,0,2.8,6.8,,,72.0,165.0,24.994055555555555,2.0,Alabama,2021.0,2021.0,PHI,10.0,,0.14285715
2023,4,00-0036912,D.Smith,WR,PHI,WAS,0,0,0.0,0,0.0,0.0,0.0,0,0.0,0,9,7,78.0,0,7.8,14.8,,,72.0,165.0,24.994055555555555,2.0,Alabama,2021.0,2021.0,PHI,10.0,3.0,0.2647059
2023,5,00-0036912,D.Smith,WR,PHI,LA,0,0,0.0,0,0.0,0.0,0.0,0,0.0,0,5,1,6.0,0,0.6,1.6,,,72.0,165.0,24.994055555555555,2.0,Alabama,2021.0,2021.0,PHI,10.0,,0.14705883
2023,6,00-0036912,D.Smith,WR,PHI,NYJ,0,0,0.0,0,0.0,0.0,0.0,0,0.0,0,11,5,44.0,0,4.4,9.4,,,72.0,165.0,24.994055555555555,2.0,Alabama,2021.0,2021.0,PHI,10.0,,0.25581396
2023,7,00-0036912,D.Smith,WR,PHI,MIA,0,0,0.0,0,0.0,0.0,0.0,0,0.0,0,5,4,49.0,0,4.9,8.9,,,72.0,165.0,24.994055555555555,2.0,Alabama,2021.0,2021.0,PHI,10.0,14.0,0.16666667
2023,8,00-0036912,D.Smith,WR,PHI,WAS,0,0,0.0,0,0.0,0.0,0.0,0,0.0,0,7,7,99.0,1,15.9,22.9,,,72.0,165.0,24.994055555555555,2.0,Alabama,2021.0,2021.0,PHI,10.0,,0.2
2023,9,00-0036912,D.Smith,WR,PHI,DAL,0,0,0.0,0,0.0,0.0,0.0,0,0.0,0,3,3,51.0,1,11.1,14.1,,,72.0,165.0,24.994055555555555,2.0,Alabama,2021.0,2021.0,PHI,10.0,5.0,0.14285715
2023,11,00-0036912,D.Smith,WR,PHI,KC,0,0,0.0,0,0.0,0.0,0.0,0,0.0,0,8,6,99.0,0,9.9,15.9,,,72.0,165.0,24.994055555555555,2.0,Alabama,2021.0,2021.0,PHI,10.0,,0.3809524
2023,12,00-0036912,D.Smith,WR,PHI,BUF,0,0,0.0,0,0.0,0.0,0.0,0,0.0,0,8,7,106.0,1,16.6,23.6,,,72.0,165.0,24.994055555555555,2.0,Alabama,2021.0,2021.0,PHI,10.0,3.0,0.2857143
2023,13,00-0036912,D.Smith,WR,PHI,SF,0,0,0.0,0,0.0,0.0,0.0,0,0.0,0,11,9,96.0,1,15.6,24.6,,,72.0,165.0,24.994055555555555,2.0,Alabama,2021.0,2021.0,PHI,10.0,-23.0,0.26190478
2023,14,00-0036912,D.Smith,WR,PHI,DAL,0,0,0.0,0,0.0,0.0,0.0,0,0.0,0,10,5,73.0,0,5.3,10.3,,,72.0,165.0,24.994055555555555,2.0,Alabama,2021.0,2021.0,PHI,10.0,,0.35714287
2023,15,00-0036912,D.Smith,WR,PHI,SEA,0,0,0.0,0,0.0,0.0,0.0,0,0.0,0,5,5,50.0,0,5.0,10.0,,,72.0,165.0,24.994055555555555,2.0,Alabama,2021.0,2021.0,PHI,10.0,,0.16666667
2023,16,00-0036912,D.Smith,WR,PHI,NYG,0,0,0.0,0,0.0,0.0,0.0,0,0.0,0,5,4,79.0,1,13.9,17.9,,,72.0,165.0,24.994055555555555,2.0,Alabama,2021.0,2021.0,PHI,10.0,8.0,0.1388889
2023,17,00-0036912,D.Smith,WR,PHI,ARI,0,0,0.0,0,0.0,0.0,0.0,0,0.0,0,5,3,30.0,0,3.0,6.0,,,72.0,165.0,24.994055555555555,2.0,Alabama,2021.0,2021.0,PHI,10.0,-4.0,0.2173913
2023,19,00-0036912,D.Smith,WR,PHI,TB,0,0,0.0,0,0.0,0.0,0.0,0,0.0,0,12,8,148.0,0,14.8,22.8,,,72.0,165.0,24.994055555555555,2.0,Alabama,2021.0,2021.0,PHI,10.0,,0.375
2023,1,00-0036913,K.Toney,WR,KC,DET,0,0,0.0,0,0.0,0.0,0.0,1,-1.0,0,5,1,1.0,0,0.0,1.0,,,72.0,193.0,24.82161904761905,2.0,Florida,2021.0,2021.0,NYG,20.0,-1.0,0.13513513
2023,2,00-0036913,K.Toney,WR,KC,JAX,0,0,0.0,0,0.0,0.0,0.0,1,3.0,0,5,5,35.0,0,3.8,8.8,,,72.0,193.0,24.82161904761905,2.0,Florida,2021.0,2021.0,NYG,20.0,,0.125
2023,3,00-0036913,K.Toney,WR,KC,CHI,0,0,0.0,0,0.0,0.0,0.0,0,0.0,0,1,1,-1.0,0,-0.1,0.9,,,72.0,193.0,24.82161904761905,2.0,Florida,2021.0,2021.0,NYG,20.0,31.0,0.027027028
2023,4,00-0036913,K.Toney,WR,KC,NYJ,0,0,0.0,0,0.0,0.0,0.0,0,0.0,0,2,2,22.0,0,2.2,4.2,,,72.0,193.0,24.82161904761905,2.0,Florida,2021.0,2021.0,NYG,20.0,,0.06896552
2023,5,00-0036913,K.Toney,WR,KC,MIN,0,0,0.0,0,0.0,0.0,0.0,1,1.0,0,6,5,26.0,0,2.7,7.7,,,72.0,193.0,24.82161904761905,2.0,Florida,2021.0,2021.0,NYG,20.0,,0.15384616
2023,6,00-0036913,K.Toney,WR,KC,DEN,0,1,0.0,0,0.0,0.0,-0.0,2,-5.0,0,6,3,9.0,1,6.4,9.4,,,72.0,193.0,24.82161904761905,2.0,Florida,2021.0,2021.0,NYG,20.0,11.0,0.15384616
2023,7,00-0036913,K.Toney,WR,KC,LAC,0,0,0.0,0,0.0,0.0,0.0,0,0.0,0,1,1,13.0,0,1.3,2.3,,,72.0,193.0,24.82161904761905,2.0,Florida,2021.0,2021.0,NYG,20.0,14.0,0.025
2023,8,00-0036913,K.Toney,WR,KC,DEN,0,0,0.0,0,0.0,0.0,0.0,1,-3.0,0,1,1,4.0,0,0.1,1.1,,,72.0,193.0,24.82161904761905,2.0,Florida,2021.0,2021.0,NYG,20.0,,0.027027028
2023,9,00-0036913,K.Toney,WR,KC,MIA,0,0,0.0,0,0.0,0.0,0.0,0,0.0,0,1,1,18.0,0,1.8,2.8,,,72.0,193.0,24.82161904761905,2.0,Florida,2021.0,2021.0,NYG,20.0,7.0,0.035714287
2023,11,00-0036913,K.Toney,WR,KC,PHI,0,0,0.0,0,0.0,0.0,0.0,2,14.0,0,2,2,12.0,0,2.6,4.6,,,72.0,193.0,24.82161904761905,2.0,Florida,2021.0,2021.0,NYG,20.0,-4.0,0.051282052
2023,13,00-0036913,K.Toney,WR,KC,GB,0,0,0.0,0,0.0,0.0,0.0,1,6.0,0,0,0,0.0,0,0.6,0.6,,,72.0,193.0,24.82161904761905,2.0,Florida,2021.0,2021.0,NYG,20.0,,
2023,14,00-0036913,K.Toney,WR,KC,BUF,0,0,0.0,0,0.0,0.0,0.0,2,16.0,0,4,3,25.0,0,4.1,7.1,,,72.0,193.0,24.82161904761905,2.0,Florida,2021.0,2021.0,NYG,20.0,-3.0,0.102564104
2023,15,00-0036913,K.Toney,WR,KC,NE,0,0,0.0,0,0.0,0.0,0.0,0,0.0,0,4,2,5.0,0,0.5,2.5,,,72.0,193.0,24.82161904761905,2.0,Florida,2021.0,2021.0,NYG,20.0,,0.114285715
2023,1,00-0036919,K.Gainwell,RB,PHI,NE,0,0,0.0,0,0.0,0.0,0.0,14,54.0,0,4,4,20.0,0,7.4,11.4,,,69.0,191.0,24.665666666666667,2.0,Memphis,2021.0,2021.0,PHI,150.0,,0.13333334
2023,3,00-0036919,K.Gainwell,RB,PHI,TB,0,0,0.0,0,0.0,0.0,0.0,14,43.0,0,2,1,5.0,0,4.8,5.8,,,69.0,191.0,24.665666666666667,2.0,Memphis,2021.0,2021.0,PHI,150.0,,0.057142857
2023,4,00-0036919,K.Gainwell,RB,PHI,WAS,0,0,0.0,0,0.0,0.0,0.0,4,14.0,0,2,2,7.0,0,4.1,6.1,,,69.0,191.0,24.665666666666667,2.0,Memphis,2021.0,2021.0,PHI,150.0,3.0,0.05882353
2023,5,00-0036919,K.Gainwell,RB,PHI,LA,0,0,0.0,0,0.0,0.0,0.0,7,17.0,0,2,1,7.0,0,2.4,3.4,,,69.0,191.0,24.665666666666667,2.0,Memphis,2021.0,2021.0,PHI,150.0,,0.05882353
2023,6,00-0036919,K.Gainwell,RB,PHI,NYJ,0,0,0.0,0,0.0,0.0,0.0,2,13.0,0,2,1,4.0,0,1.7,2.7,,,69.0,191.0,24.665666666666667,2.0,Memphis,2021.0,2021.0,PHI,150.0,,0.046511628
2023,7,00-0036919,K.Gainwell,RB,PHI,MIA,0,0,0.0,0,0.0,0.0,0.0,8,16.0,1,0,0,0.0,0,7.6,7.6,,,69.0,191.0,24.665666666666667,2.0,Memphis,2021.0,2021.0,PHI,150.0,14.0,
2023,8,00-0036919,K.Gainwell,RB,PHI,WAS,0,0,0.0,0,0.0,0.0,0.0,2,-4.0,0,5,5,30.0,0,0.6,5.6,,,69.0,191.0,24.665666666666667,2.0,Memphis,2021.0,2021.0,PHI,150.0,,0.14285715
2023,9,00-0036919,K.Gainwell,RB,PHI,DAL,0,0,0.0,0,0.0,0.0,0.0,3,22.0,1,1,1,1.0,0,8.3,9.3,,,69.0,191.0,24.665666666666667,2.0,Memphis,2021.0,2021.0,PHI,150.0,5.0,0.04761905
2023,11,00-0036919,K.Gainwell,RB,PHI,KC,0,0,0.0,0,0.0,0.0,0.0,1,1.0,0,1,1,4.0,0,0.5,1.5,,,69.0,191.0,24.665666666666667,2.0,Memphis,2021.0,2021.0,PHI,150.0,,0.04761905
2023,12,00-0036919,K.Gainwell,RB,PHI,BUF,0,0,0.0,0,0.0,0.0,0.0,2,26.0,0,3,2,10.0,0,3.6,5.6,,,69.0,191.0,24.665666666666667,2.0,Memphis,2021.0,2021.0,PHI,150.0,3.0,0.10714286
2023,13,00-0036919,K.Gainwell,RB,PHI,SF,0,0,0.0,0,0.0,0.0,0.0,2,5.0,0,6,5,42.0,0,4.7,9.7,,,69.0,191.0,24.665666666666667,2.0,Memphis,2021.0,2021.0,PHI,150.0,-23.0,0.14285715
2023,14,00-0036919,K.Gainwell,RB,PHI,DAL,0,0,0.0,0,0.0,0.0,0.0,4,28.0,0,0,0,0.0,0,2.8,2.8,,,69.0,191.0,24.665666666666667,2.0,Memphis,2021.0,2021.0,PHI,150.0,,
2023,15,00-0036919,K.Gainwell,RB,PHI,SEA,0,0,0.0,0,0.0,0.0,0.0,6,21.0,0,1,0,0.0,0,2.1,2.1,,,69.0,191.0,24.665666666666667,2.0,Memphis,2021.0,2021.0,PHI,150.0,,0.033333335
2023,16,00-0036919,K.Gainwell,RB,PHI,NYG,0,0,0.0,0,0.0,0.0,0.0,6,41.0,0,3,3,38.0,0,7.9,10.9,,,69.0,191.0,24.665666666666667,2.0,Memphis,2021.0,2021.0,PHI,150.0,8.0,0.083333336
2023,17,00-0036919,K.Gainwell,RB,PHI,ARI,1,1,17.0,0,0.0,0.0,-0.0,2,5.0,0,4,4,15.0,0,2.68,6.68,,,69.0,191.0,24.665666666666667,2.0,Memphis,2021.0,2021.0,PHI,150.0,-4.0,0.17391305
2023,18,00-0036919,K.Gainwell,RB,PHI,NYG,0,0,0.0,0,0.0,0.0,0.0,7,62.0,0,1,0,0.0,0,6.2,6.2,,,69.0,191.0,24.665666666666667,2.0,Memphis,2021.0,2021.0,PHI,150.0,,0.030303031
2023,19,00-0036919,K.Gainwell,RB,PHI,TB,0,0,0.0,0,0.0,0.0,0.0,4,3.0,0,2,2,10.0,0,1.3,3.3,,,69.0,191.0,24.665666666666667,2.0,Memphis,2021.0,2021.0,PHI,150.0,,0.0625
2023,1,00-0036924,M.Carter,RB,NYJ,BUF,0,0,0.0,0,0.0,0.0,0.0,1,6.0,0,2,2,12.0,0,1.8,3.8,,,68.0,200.0,24.5058125,2.0,North Carolina,2021.0,2021.0,NYJ,107.0,6.0,0.11111111
2023,2,00-0036924,M.Carter,RB,NYJ,DAL,0,0,0.0,0,0.0,0.0,0.0,2,8.0,0,2,1,3.0,0,1.1,2.1,,,68.0,200.0,24.5058125,2.0,North Carolina,2021.0,2021.0,NYJ,107.0,,0.08
2023,3,00-0036924,M.Carter,RB,NYJ,NE,0,0,0.0,0,0.0,0.0,0.0,0,0.0,0,1,1,3.0,0,0.3,1.3,,,68.0,200.0,24.5058125,2.0,North Carolina,2021.0,2021.0,NYJ,107.0,-5.0,0.035714287
2023,4,00-0036924,M.Carter,RB,NYJ,KC,0,0,0.0,0,0.0,0.0,0.0,1,9.0,0,3,2,12.0,0,2.1,4.1,,,68.0,200.0,24.5058125,2.0,North Carolina,2021.0,2021.0,NYJ,107.0,-3.0,0.07692308
2023,5,00-0036924,M.Carter,RB,NYJ,DEN,0,0,0.0,0,0.0,0.0,0.0,1,8.0,0,3,3,14.0,0,2.2,5.2,,,68.0,200.0,24.5058125,2.0,North Carolina,2021.0,2021.0,NYJ,107.0,,0.115384616
2023,6,00-0036924,M.Carter,RB,NYJ,PHI,0,0,0.0,0,0.0,0.0,0.0,1,5.0,0,1,0,0.0,0,0.5,0.5,,,68.0,200.0,24.5058125,2.0,North Carolina,2021.0,2021.0,NYJ,107.0,6.0,0.030303031
2023,8,00-0036924,M.Carter,RB,NYJ,NYG,0,0,0.0,0,0.0,0.0,0.0,2,2.0,0,1,0,0.0,0,0.2,0.2,,,68.0,200.0,24.5058125,2.0,North Carolina,2021.0,2021.0,NYJ,107.0,,0.029411765
2023,9,00-0036924,M.Carter,RB,NYJ,LAC,0,0,0.0,0,0.0,0.0,0.0,0,0.0,0,6,6,24.0,0,2.4,8.4,,,68.0,200.0,24.5058125,2.0,North Carolina,2021.0,2021.0,NYJ,107.0,-21.0,0.125
2023,10,00-0036924,M.Carter,RB,NYJ,LV,0,0,0.0,0,0.0,0.0,0.0,0,0.0,0,1,0,0.0,0,0.0,0.0,,,68.0,200.0,24.5058125,2.0,North Carolina,2021.0,2021.0,NYJ,107.0,,0.027027028
2023,12,00-0036924,M.Carter,RB,ARI,LA,0,0,0.0,0,0.0,0.0,0.0,4,19.0,0,4,4,15.0,0,3.4,7.4,,,68.0,200.0,24.5058125,2.0,North Carolina,2021.0,2021.0,NYJ,107.0,-23.0,0.09090909
2023,13,00-0036924,M.Carter,RB,ARI,PIT,0,0,0.0,0,0.0,0.0,0.0,4,25.0,0,0,0,0.0,0,2.5,2.5,,,68.0,200.0,24.5058125,2.0,North Carolina,2021.0,2021.0,NYJ,107.0,,
2023,15,00-0036924,M.Carter,RB,ARI,SF,0,0,0.0,0,0.0,0.0,0.0,3,27.0,0,3,3,10.0,0,3.7,6.7,,,68.0,200.0,24.5058125,2.0,North Carolina,2021.0,2021.0,NYJ,107.0,-16.0,0.078947365
2023,16,00-0036924,M.Carter,RB,ARI,CHI,0,0,0.0,0,0.0,0.0,0.0,0,0.0,0,1,0,0.0,0,0.0,0.0,,,68.0,200.0,24.5058125,2.0,North Carolina,2021.0,2021.0,NYJ,107.0,,0.027027028
2023,17,00-0036924,M.Carter,RB,ARI,PHI,0,0,0.0,0,0.0,0.0,0.0,7,61.0,0,1,1,6.0,1,12.7,13.7,,,68.0,200.0,24.5058125,2.0,North Carolina,2021.0,2021.0,NYJ,107.0,,0.032258064
2023,18,00-0036924,M.Carter,RB,ARI,SEA,0,0,0.0,0,0.0,0.0,0.0,4,17.0,0,2,1,2.0,0,1.9,2.9,,,68.0,200.0,24.5058125,2.0,North Carolina,2021.0,2021.0,NYJ,107.0,-1.0,0.06896552
2023,10,00-0036928,K.Trask,QB,TB,TEN,0,0,0.0,0,0.0,0.0,0.0,1,-1.0,0,0,0,0.0,0,-0.1,-0.1,,,77.0,240.0,25.70157894736842,2.0,Florida,2021.0,2021.0,TB,64.0,14.0,
2023,12,00-0036928,K.Trask,QB,TB,IND,0,1,0.0,0,0.0,0.0,-0.0,0,0.0,0,0,0,0.0,0,0.0,0.0,,,77.0,240.0,25.70157894736842,2.0,Florida,2021.0,2021.0,TB,64.0,,
2023,1,00-0036936,R.Moore,WR,ARI,WAS,0,0,0.0,0,0.0,0.0,0.0,2,12.0,0,3,3,33.0,0,4.5,7.5,,,67.0,180.0,23.41041176470588,2.0,Purdue,2021.0,2021.0,ARI,49.0,,0.1
2023,2,00-0036936,R.Moore,WR,ARI,NYG,0,0,0.0,0,0.0,0.0,0.0,0,0.0,0,1,1,14.0,0,1.4,2.4,,,67.0,180.0,23.41041176470588,2.0,Purdue,2021.0,2021.0,ARI,49.0,-3.0,0.03448276
2023,3,00-0036936,R.Moore,WR,ARI,DAL,0,0,0.0,0,0.0,0.0,0.0,3,54.0,1,6,4,8.0,0,12.2,16.2,,,67.0,180.0,23.41041176470588,2.0,Purdue,2021.0,2021.0,ARI,49.0,12.0,0.2857143
2023,4,00-0036936,R.Moore,WR,ARI,SF,0,0,0.0,0,0.0,0.0,0.0,0,0.0,0,2,0,0.0,0,0.0,0.0,,,67.0,180.0,23.41041176470588,2.0,Purdue,2021.0,2021.0,ARI,49.0,,0.048780486
2023,5,00-0036936,R.Moore,WR,ARI,CIN,0,0,0.0,0,0.0,0.0,0.0,3,50.0,0,5,3,26.0,0,7.6,10.6,,,67.0,180.0,23.41041176470588,2.0,Purdue,2021.0,2021.0,ARI,49.0,-14.0,0.16666667
2023,6,00-0036936,R.Moore,WR,ARI,LA,0,0,0.0,0,0.0,0.0,0.0,3,-4.0,0,7,4,30.0,0,2.6,6.6,,,67.0,180.0,23.41041176470588,2.0,Purdue,2021.0,2021.0,ARI,49.0,,0.18421052
2023,7,00-0036936,R.Moore,WR,ARI,SEA,0,0,0.0,0,0.0,0.0,0.0,4,24.0,0,4,2,2.0,0,2.6,4.6,,,67.0,180.0,23.41041176470588,2.0,Purdue,2021.0,2021.0,ARI,49.0,,0.121212125
2023,8,00-0036936,R.Moore,WR,ARI,BAL,0,0,0.0,0,0.0,0.0,0.0,2,11.0,0,3,2,10.0,0,2.1,4.1,,,67.0,180.0,23.41041176470588,2.0,Purdue,2021.0,2021.0,ARI,49.0,-7.0,0.083333336
2023,9,00-0036936,R.Moore,WR,ARI,CLE,0,0,0.0,0,0.0,0.0,0.0,4,3.0,0,2,1,5.0,0,0.8,1.8,,,67.0,180.0,23.41041176470588,2.0,Purdue,2021.0,2021.0,ARI,49.0,,0.1
2023,10,00-0036936,R.Moore,WR,ARI,ATL,0,0,0.0,0,0.0,0.0,0.0,0,0.0,0,8,5,43.0,0,4.3,9.3,,,67.0,180.0,23.41041176470588,2.0,Purdue,2021.0,2021.0,ARI,49.0,2.0,0.2580645
2023,11,00-0036936,R.Moore,WR,ARI,HOU,0,0,0.0,0,0.0,0.0,0.0,2,6.0,0,1,1,48.0,1,11.4,12.4,,,67.0,180.0,23.41041176470588,2.0,Purdue,2021.0,2021.0,ARI,49.0,,0.03448276
2023,12,00-0036936,R.Moore,WR,ARI,LA,0,0,0.0,0,0.0,0.0,0.0,0,0.0,0,3,2,35.0,0,3.5,5.5,,,67.0,180.0,23.41041176470588,2.0,Purdue,2021.0,2021.0,ARI,49.0,-23.0,0.06818182
2023,13,00-0036936,R.Moore,WR,ARI,PIT,0,0,0.0,0,0.0,0.0,0.0,0,0.0,0,2,1,6.0,0,0.6,1.6,,,67.0,180.0,23.41041176470588,2.0,Purdue,2021.0,2021.0,ARI,49.0,,0.08695652
2023,15,00-0036936,R.Moore,WR,ARI,SF,0,0,0.0,0,0.0,0.0,0.0,1,3.0,0,3,2,5.0,0,0.8,2.8,,,67.0,180.0,23.41041176470588,2.0,Purdue,2021.0,2021.0,ARI,49.0,-16.0,0.078947365
2023,16,00-0036936,R.Moore,WR,ARI,CHI,0,0,0.0,0,0.0,0.0,0.0,1,6.0,0,3,2,30.0,0,3.6,5.6,,,67.0,180.0,23.41041176470588,2.0,Purdue,2021.0,2021.0,ARI,49.0,,0.08108108
2023,17,00-0036936,R.Moore,WR,ARI,PHI,0,0,0.0,0,0.0,0.0,0.0,2,8.0,0,4,3,26.0,0,3.4,6.4,,,67.0,180.0,23.41041176470588,2.0,Purdue,2021.0,2021.0,ARI,49.0,,0.12903225
2023,18,00-0036936,R.Moore,WR,ARI,SEA,0,0,0.0,0,0.0,0.0,0.0,1,5.0,0,5,4,31.0,0,3.6,7.6,,,67.0,180.0,23.41041176470588,2.0,Purdue,2021.0,2021.0,ARI,49.0,-1.0,0.1724138
2023,1,00-0036945,J.Fields,QB,CHI,GB,24,37,216.0,1,1.0,4.0,27.0,9,59.0,0,0,0,0.0,0,14.54,14.54,,,75.0,223.0,24.67564705882353,2.0,Ohio State,2021.0,2021.0,CHI,11.0,-18.0,
2023,2,00-0036945,J.Fields,QB,CHI,TB,16,29,211.0,1,2.0,6.0,42.0,4,3.0,1,0,0,0.0,0,14.74,14.74,,,75.0,223.0,24.67564705882353,2.0,Ohio State,2021.0,2021.0,CHI,11.0,,
2023,3,00-0036945,J.Fields,QB,CHI,KC,11,22,99.0,1,1.0,3.0,12.0,11,47.0,0,0,0,0.0,0,10.66,10.66,,,75.0,223.0,24.67564705882353,2.0,Ohio State,2021.0,2021.0,CHI,11.0,,
2023,4,00-0036945,J.Fields,QB,CHI,DEN,28,35,335.0,4,1.0,4.0,35.0,4,25.0,0,0,0,0.0,0,27.9,27.9,,,75.0,223.0,24.67564705882353,2.0,Ohio State,2021.0,2021.0,CHI,11.0,-3.0,
2023,5,00-0036945,J.Fields,QB,CHI,WAS,15,29,282.0,4,0.0,3.0,9.0,11,57.0,0,0,0,0.0,0,32.98,32.98,,,75.0,223.0,24.67564705882353,2.0,Ohio State,2021.0,2021.0,CHI,11.0,,
2023,6,00-0036945,J.Fields,QB,CHI,MIN,6,10,58.0,0,1.0,4.0,18.0,8,46.0,0,0,0,0.0,0,4.92,4.92,,,75.0,223.0,24.67564705882353,2.0,Ohio State,2021.0,2021.0,CHI,11.0,-6.0,
2023,11,00-0036945,J.Fields,QB,CHI,DET,16,23,169.0,1,0.0,2.0,18.0,18,104.0,0,0,0,0.0,0,21.16,21.16,,,75.0,223.0,24.67564705882353,2.0,Ohio State,2021.0,2021.0,CHI,11.0,,
2023,12,00-0036945,J.Fields,QB,CHI,MIN,27,37,217.0,0,0.0,3.0,18.0,12,59.0,0,0,0,0.0,0,10.58,10.58,,,75.0,223.0,24.67564705882353,2.0,Ohio State,2021.0,2021.0,CHI,11.0,,
2023,14,00-0036945,J.Fields,QB,CHI,DET,19,33,223.0,1,0.0,3.0,29.0,12,58.0,1,0,0,0.0,0,24.72,24.72,,,75.0,223.0,24.67564705882353,2.0,Ohio State,2021.0,2021.0,CHI,11.0,15.0,
2023,15,00-0036945,J.Fields,QB,CHI,CLE,19,40,166.0,1,2.0,3.0,18.0,7,30.0,0,0,0,0.0,0,9.64,9.64,,,75.0,223.0,24.67564705882353,2.0,Ohio State,2021.0,2021.0,CHI,11.0,,
2023,16,00-0036945,J.Fields,QB,CHI,ARI,15,27,170.0,1,1.0,1.0,-0.0,9,97.0,1,0,0,0.0,0,24.5,24.5,,,75.0,223.0,24.67564705882353,2.0,Ohio State,2021.0,2021.0,CHI,11.0,11.0,
2023,17,00-0036945,J.Fields,QB,CHI,ATL,20,32,268.0,1,0.0,3.0,28.0,11,45.0,1,0,0,0.0,0,25.22,25.22,,,75.0,223.0,24.67564705882353,2.0,Ohio State,2021.0,2021.0,CHI,11.0,20.0,
2023,18,00-0036945,J.Fields,QB,CHI,GB,11,16,148.0,0,0.0,5.0,31.0,8,27.0,0,0,0,0.0,0,8.62,8.62,,,75.0,223.0,24.67564705882353,2.0,Ohio State,2021.0,2021.0,CHI,11.0,,
2023,1,00-0036955,T.Marshall,WR,CAR,ATL,0,0,0.0,0,0.0,0.0,0.0,0,0.0,0,6,2,23.0,0,2.3,4.3,,,74.0,200.0,23.41794117647059,2.0,Louisiana State,2021.0,2021.0,CAR,59.0,,0.19354838
2023,3,00-0036955,T.Marshall,WR,CAR,SEA,0,0,0.0,0,0.0,0.0,0.0,0,0.0,0,8,5,35.0,0,3.5,8.5,,,74.0,200.0,23.41794117647059,2.0,Louisiana State,2021.0,2021.0,CAR,59.0,,0.14035088
2023,4,00-0036955,T.Marshall,WR,CAR,MIN,0,0,0.0,0,0.0,0.0,0.0,0,0.0,0,10,9,56.0,0,5.6,14.6,,,74.0,200.0,23.41794117647059,2.0,Louisiana State,2021.0,2021.0,CAR,59.0,-8.0,0.32258064
2023,6,00-0036955,T.Marshall,WR,CAR,MIA,0,0,0.0,0,0.0,0.0,0.0,0,0.0,0,3,0,0.0,0,0.0,0.0,,,74.0,200.0,23.41794117647059,2.0,Louisiana State,2021.0,2021.0,CAR,59.0,,0.08571429
2023,8,00-0036955,T.Marshall,WR,CAR,HOU,0,0,0.0,0,0.0,0.0,0.0,0,0.0,0,1,1,9.0,0,0.9,1.9,,,74.0,200.0,23.41794117647059,2.0,Louisiana State,2021.0,2021.0,CAR,59.0,2.0,0.032258064
2023,9,00-0036955,T.Marshall,WR,CAR,IND,0,0,0.0,0,0.0,0.0,0.0,0,0.0,0,1,0,0.0,0,0.0,0.0,,,74.0,200.0,23.41794117647059,2.0,Louisiana State,2021.0,2021.0,CAR,59.0,-14.0,0.027027028
2023,10,00-0036955,T.Marshall,WR,CAR,CHI,0,0,0.0,0,0.0,0.0,0.0,0,0.0,0,3,1,11.0,0,1.1,2.1,,,74.0,200.0,23.41794117647059,2.0,Louisiana State,2021.0,2021.0,CAR,59.0,,0.0882353
2023,18,00-0036955,T.Marshall,WR,CAR,TB,0,0,0.0,0,0.0,0.0,0.0,0,0.0,0,1,1,5.0,0,0.5,1.5,,,74.0,200.0,23.41794117647059,2.0,Louisiana State,2021.0,2021.0,CAR,59.0,-9.0,0.055555556
2023,1,00-0036963,A.St. Brown,WR,DET,KC,0,0,0.0,0,0.0,0.0,0.0,0,0.0,0,9,6,71.0,1,13.1,19.1,,,72.0,195.0,24.07175,2.0,Southern California,2021.0,2021.0,DET,112.0,,0.28125
2023,2,00-0036963,A.St. Brown,WR,DET,SEA,0,0,0.0,0,0.0,0.0,0.0,0,0.0,0,7,6,102.0,0,8.2,14.2,,,72.0,195.0,24.07175,2.0,Southern California,2021.0,2021.0,DET,112.0,-6.0,0.20588236
2023,3,00-0036963,A.St. Brown,WR,DET,ATL,0,0,0.0,0,0.0,0.0,0.0,1,4.0,0,12,9,102.0,0,10.6,19.6,,,72.0,195.0,24.07175,2.0,Southern California,2021.0,2021.0,DET,112.0,14.0,0.38709676
2023,4,00-0036963,A.St. Brown,WR,DET,GB,0,0,0.0,0,0.0,0.0,0.0,0,0.0,0,7,5,56.0,1,11.6,16.6,,,72.0,195.0,24.07175,2.0,Southern California,2021.0,2021.0,DET,112.0,,0.25925925
2023,6,00-0036963,A.St. Brown,WR,DET,TB,0,0,0.0,0,0.0,0.0,0.0,0,0.0,0,15,12,124.0,1,18.4,30.4,,,72.0,195.0,24.07175,2.0,Southern California,2021.0,2021.0,DET,112.0,,0.36585367
2023,7,00-0036963,A.St. Brown,WR,DET,BAL,0,0,0.0,0,0.0,0.0,0.0,0,0.0,0,19,13,102.0,0,10.2,23.2,,,72.0,195.0,24.07175,2.0,Southern California,2021.0,2021.0,DET,112.0,,0.3877551
2023,8,00-0036963,A.St. Brown,WR,DET,LV,0,0,0.0,0,0.0,1.0,8.0,0,0.0,0,9,6,108.0,0,10.8,16.8,,,72.0,195.0,24.07175,2.0,Southern California,2021.0,2021.0,DET,112.0,12.0,0.2647059
2023,10,00-0036963,A.St. Brown,WR,DET,LAC,0,0,0.0,0,0.0,0.0,0.0,2,9.0,0,9,8,156.0,1,22.5,30.5,,,72.0,195.0,24.07175,2.0,Southern California,2021.0,2021.0,DET,112.0,,0.28125
2023,11,00-0036963,A.St. Brown,WR,DET,CHI,0,0,0.0,0,0.0,0.0,0.0,0,0.0,0,11,8,77.0,1,13.7,21.7,,,72.0,195.0,24.07175,2.0,Southern California,2021.0,2021.0,DET,112.0,5.0,0.34375
2023,12,00-0036963,A.St. Brown,WR,DET,GB,0,0,0.0,0,0.0,0.0,0.0,0,0.0,0,11,9,95.0,0,9.5,18.5,,,72.0,195.0,24.07175,2.0,Southern California,2021.0,2021.0,DET,112.0,-7.0,0.26190478
2023,13,00-0036963,A.St. Brown,WR,DET,NO,0,0,0.0,0,0.0,0.0,0.0,0,0.0,0,6,2,49.0,1,10.9,12.9,,,72.0,195.0,24.07175,2.0,Southern California,2021.0,2021.0,DET,112.0,,0.24
2023,14,00-0036963,A.St. Brown,WR,DET,CHI,0,0,0.0,0,0.0,0.0,0.0,0,0.0,0,8,3,21.0,0,2.1,5.1,,,72.0,195.0,24.07175,2.0,Southern California,2021.0,2021.0,DET,112.0,,0.23529412
2023,15,00-0036963,A.St. Brown,WR,DET,DEN,0,0,0.0,0,0.0,0.0,0.0,0,0.0,0,9,7,112.0,1,17.2,24.2,,,72.0,195.0,24.07175,2.0,Southern California,2021.0,2021.0,DET,112.0,25.0,0.28125
2023,16,00-0036963,A.St. Brown,WR,DET,MIN,0,0,0.0,0,0.0,0.0,0.0,0,0.0,0,14,12,106.0,1,16.6,28.6,,,72.0,195.0,24.07175,2.0,Southern California,2021.0,2021.0,DET,112.0,,0.35897437
2023,17,00-0036963,A.St. Brown,WR,DET,DAL,0,0,0.0,0,0.0,0.0,0.0,1,11.0,0,8,6,90.0,1,16.1,22.1,,,72.0,195.0,24.07175,2.0,Southern California,2021.0,2021.0,DET,112.0,,0.25
2023,18,00-0036963,A.St. Brown,WR,DET,MIN,0,0,0.0,0,0.0,0.0,0.0,0,0.0,0,10,7,144.0,1,20.4,27.4,,,72.0,195.0,24.07175,2.0,Southern California,2021.0,2021.0,DET,112.0,10.0,0.32258064
2023,19,00-0036963,A.St. Brown,WR,DET,LA,0,0,0.0,0,0.0,0.0,0.0,0,0.0,0,9,7,110.0,0,11.0,18.0,,,72.0,195.0,24.07175,2.0,Southern California,2021.0,2021.0,DET,112.0,1.0,0.34615386
2023,20,00-0036963,A.St. Brown,WR,DET,TB,0,0,0.0,0,0.0,0.0,0.0,0,0.0,0,14,8,77.0,1,13.7,21.7,,,72.0,195.0,24.07175,2.0,Southern California,2021.0,2021.0,DET,112.0,8.0,0.33333334
2023,21,00-0036963,A.St. Brown,WR,DET,SF,0,0,0.0,0,0.0,0.0,0.0,1,2.0,0,11,7,87.0,0,8.9,15.9,,,72.0,195.0,24.07175,2.0,Southern California,2021.0,2021.0,DET,112.0,,0.275
2023,1,00-0036970,K.Pitts,TE,ATL,CAR,0,0,0.0,0,0.0,0.0,0.0,0,0.0,0,3,2,44.0,0,4.4,6.4,,,78.0,250.0,23.087999999999997,2.0,Florida,2021.0,2021.0,ATL,4.0,14.0,0.16666667
2023,2,00-0036970,K.Pitts,TE,ATL,GB,0,0,0.0,0,0.0,0.0,0.0,0,0.0,0,5,2,15.0,0,1.5,3.5,,,78.0,250.0,23.087999999999997,2.0,Florida,2021.0,2021.0,ATL,4.0,1.0,0.16666667
2023,3,00-0036970,K.Pitts,TE,ATL,DET,0,0,0.0,0,0.0,0.0,0.0,1,-4.0,0,9,5,41.0,0,3.7,8.7,,,78.0,250.0,23.087999999999997,2.0,Florida,2021.0,2021.0,ATL,4.0,,0.23684211
2023,4,00-0036970,K.Pitts,TE,ATL,JAX,0,0,0.0,0,0.0,0.0,0.0,0,0.0,0,4,2,21.0,0,2.1,4.1,,,78.0,250.0,23.087999999999997,2.0,Florida,2021.0,2021.0,ATL,4.0,,0.13333334
2023,5,00-0036970,K.Pitts,TE,ATL,HOU,0,0,0.0,0,0.0,0.0,0.0,0,0.0,0,11,7,87.0,0,8.7,15.7,,,78.0,250.0,23.087999999999997,2.0,Florida,2021.0,2021.0,ATL,4.0,2.0,0.28947368
2023,6,00-0036970,K.Pitts,TE,ATL,WAS,0,0,0.0,0,0.0,0.0,0.0,0,0.0,0,6,4,43.0,1,10.3,14.3,,,78.0,250.0,23.087999999999997,2.0,Florida,2021.0,2021.0,ATL,4.0,-8.0,0.13636364
2023,7,00-0036970,K.Pitts,TE,ATL,TB,0,0,0.0,0,0.0,0.0,0.0,0,0.0,0,5,3,47.0,0,4.7,7.7,,,78.0,250.0,23.087999999999997,2.0,Florida,2021.0,2021.0,ATL,4.0,,0.2173913
2023,8,00-0036970,K.Pitts,TE,ATL,TEN,0,0,0.0,0,0.0,0.0,0.0,0,0.0,0,5,3,35.0,0,3.5,6.5,,,78.0,250.0,23.087999999999997,2.0,Florida,2021.0,2021.0,ATL,4.0,,0.15151516
2023,9,00-0036970,K.Pitts,TE,ATL,MIN,0,0,0.0,0,0.0,0.0,0.0,0,0.0,0,5,4,56.0,0,5.6,9.6,,,78.0,250.0,23.087999999999997,2.0,Florida,2021.0,2021.0,ATL,4.0,-3.0,0.14705883
2023,10,00-0036970,K.Pitts,TE,ATL,ARI,0,0,0.0,0,0.0,0.0,0.0,0,0.0,0,5,3,30.0,0,3.0,6.0,,,78.0,250.0,23.087999999999997,2.0,Florida,2021.0,2021.0,ATL,4.0,,0.2631579
2023,12,00-0036970,K.Pitts,TE,ATL,NO,0,0,0.0,0,0.0,0.0,0.0,0,0.0,0,2,2,22.0,0,2.2,4.2,,,78.0,250.0,23.087999999999997,2.0,Florida,2021.0,2021.0,ATL,4.0,9.0,0.1
2023,13,00-0036970,K.Pitts,TE,ATL,NYJ,0,0,0.0,0,0.0,0.0,0.0,0,0.0,0,8,4,51.0,0,5.1,9.1,,,78.0,250.0,23.087999999999997,2.0,Florida,2021.0,2021.0,ATL,4.0,,0.32
2023,14,00-0036970,K.Pitts,TE,ATL,TB,0,0,0.0,0,0.0,0.0,0.0,0,0.0,0,6,3,57.0,1,11.7,14.7,,,78.0,250.0,23.087999999999997,2.0,Florida,2021.0,2021.0,ATL,4.0,-4.0,0.15384616
2023,15,00-0036970,K.Pitts,TE,ATL,CAR,0,0,0.0,0,0.0,0.0,0.0,0,0.0,0,4,3,37.0,0,3.7,6.7,,,78.0,250.0,23.087999999999997,2.0,Florida,2021.0,2021.0,ATL,4.0,,0.21052632
2023,16,00-0036970,K.Pitts,TE,ATL,IND,0,0,0.0,0,0.0,0.0,0.0,0,0.0,0,4,3,49.0,1,10.9,13.9,,,78.0,250.0,23.087999999999997,2.0,Florida,2021.0,2021.0,ATL,4.0,19.0,0.125
2023,17,00-0036970,K.Pitts,TE,ATL,CHI,0,0,0.0,0,0.0,0.0,0.0,0,0.0,0,5,1,5.0,0,0.5,1.5,,,78.0,250.0,23.087999999999997,2.0,Florida,2021.0,2021.0,ATL,4.0,,0.15625
2023,18,00-0036970,K.Pitts,TE,ATL,NO,0,0,0.0,0,0.0,0.0,0.0,0,0.0,0,3,2,27.0,0,2.7,4.7,,,78.0,250.0,23.087999999999997,2.0,Florida,2021.0,2021.0,ATL,4.0,,0.0882353
2023,1,00-0036971,T.Lawrence,QB,JAX,IND,24,32,241.0,2,1.0,2.0,4.0,7,21.0,0,0,0,0.0,0,17.74,17.74,,,78.0,220.0,24.091941176470588,2.0,Clemson,2021.0,2021.0,JAX,1.0,,
2023,2,00-0036971,T.Lawrence,QB,JAX,KC,22,41,216.0,0,0.0,4.0,18.0,5,26.0,0,0,0,0.0,0,9.24,9.24,,,78.0,220.0,24.091941176470588,2.0,Clemson,2021.0,2021.0,JAX,1.0,-8.0,
2023,3,00-0036971,T.Lawrence,QB,JAX,HOU,27,40,279.0,1,1.0,0.0,-0.0,3,12.0,0,0,0,0.0,0,14.36,14.36,,,78.0,220.0,24.091941176470588,2.0,Clemson,2021.0,2021.0,JAX,1.0,-20.0,
2023,4,00-0036971,T.Lawrence,QB,JAX,ATL,23,30,207.0,1,0.0,2.0,12.0,8,42.0,0,0,0,0.0,0,16.48,16.48,,,78.0,220.0,24.091941176470588,2.0,Clemson,2021.0,2021.0,JAX,1.0,16.0,
2023,5,00-0036971,T.Lawrence,QB,JAX,BUF,25,37,315.0,1,0.0,5.0,37.0,7,31.0,0,0,0,0.0,0,15.7,15.7,,,78.0,220.0,24.091941176470588,2.0,Clemson,2021.0,2021.0,JAX,1.0,,
2023,6,00-0036971,T.Lawrence,QB,JAX,IND,20,30,181.0,2,1.0,3.0,33.0,3,15.0,0,0,0,0.0,0,14.74,14.74,,,78.0,220.0,24.091941176470588,2.0,Clemson,2021.0,2021.0,JAX,1.0,17.0,
2023,7,00-0036971,T.Lawrence,QB,JAX,NO,20,29,204.0,1,0.0,0.0,-0.0,8,59.0,0,0,0,0.0,0,18.06,18.06,,,78.0,220.0,24.091941176470588,2.0,Clemson,2021.0,2021.0,JAX,1.0,,
2023,8,00-0036971,T.Lawrence,QB,JAX,PIT,24,32,292.0,1,1.0,3.0,21.0,1,10.0,0,0,0,0.0,0,14.68,14.68,,,78.0,220.0,24.091941176470588,2.0,Clemson,2021.0,2021.0,JAX,1.0,,
2023,10,00-0036971,T.Lawrence,QB,JAX,SF,17,29,185.0,0,2.0,5.0,28.0,2,7.0,0,0,0,0.0,0,2.1,2.1,,,78.0,220.0,24.091941176470588,2.0,Clemson,2021.0,2021.0,JAX,1.0,-31.0,
2023,11,00-0036971,T.Lawrence,QB,JAX,TEN,24,32,262.0,2,0.0,1.0,1.0,5,17.0,2,0,0,0.0,0,32.18,32.18,,,78.0,220.0,24.091941176470588,2.0,Clemson,2021.0,2021.0,JAX,1.0,20.0,
2023,12,00-0036971,T.Lawrence,QB,JAX,HOU,23,38,364.0,1,1.0,0.0,-0.0,2,0.0,1,0,0,0.0,0,24.56,24.56,,,78.0,220.0,24.091941176470588,2.0,Clemson,2021.0,2021.0,JAX,1.0,,
2023,13,00-0036971,T.Lawrence,QB,JAX,CIN,22,29,258.0,2,0.0,2.0,14.0,5,8.0,1,0,0,0.0,0,25.12,25.12,,,78.0,220.0,24.091941176470588,2.0,Clemson,2021.0,2021.0,JAX,1.0,-3.0,
2023,14,00-0036971,T.Lawrence,QB,JAX,CLE,28,50,257.0,3,3.0,4.0,22.0,3,11.0,0,0,0,0.0,0,17.38,17.38,,,78.0,220.0,24.091941176470588,2.0,Clemson,2021.0,2021.0,JAX,1.0,,
2023,15,00-0036971,T.Lawrence,QB,JAX,BAL,25,43,264.0,1,0.0,1.0,6.0,4,41.0,0,0,0,0.0,0,14.66,14.66,,,78.0,220.0,24.091941176470588,2.0,Clemson,2021.0,2021.0,JAX,1.0,-16.0,
2023,16,00-0036971,T.Lawrence,QB,JAX,TB,17,29,211.0,1,2.0,3.0,28.0,4,29.0,0,0,0,0.0,0,9.34,9.34,,,78.0,220.0,24.091941176470588,2.0,Clemson,2021.0,2021.0,JAX,1.0,,
2023,18,00-0036971,T.Lawrence,QB,JAX,TEN,29,43,280.0,2,2.0,0.0,-0.0,3,10.0,0,0,0,0.0,0,16.2,16.2,,,78.0,220.0,24.091941176470588,2.0,Clemson,2021.0,2021.0,JAX,1.0,,
2023,1,00-0036972,M.Jones,QB,NE,PHI,35,54,316.0,3,1.0,2.0,10.0,2,15.0,0,0,0,0.0,0,24.14,24.14,,,75.0,214.0,25.17364705882353,2.0,Alabama,2021.0,2021.0,NE,15.0,-5.0,
2023,2,00-0036972,M.Jones,QB,NE,MIA,31,42,231.0,1,1.0,4.0,31.0,5,25.0,0,0,0,0.0,0,13.74,13.74,,,75.0,214.0,25.17364705882353,2.0,Alabama,2021.0,2021.0,NE,15.0,-7.0,
2023,3,00-0036972,M.Jones,QB,NE,NYJ,15,29,201.0,1,0.0,0.0,-0.0,4,13.0,0,0,0,0.0,0,13.34,13.34,,,75.0,214.0,25.17364705882353,2.0,Alabama,2021.0,2021.0,NE,15.0,,
2023,4,00-0036972,M.Jones,QB,NE,DAL,12,21,150.0,0,2.0,1.0,-0.0,3,7.0,0,0,0,0.0,0,0.7,0.7,,,75.0,214.0,25.17364705882353,2.0,Alabama,2021.0,2021.0,NE,15.0,,
2023,5,00-0036972,M.Jones,QB,NE,NO,12,22,110.0,0,2.0,2.0,21.0,1,0.0,0,0,0,0.0,0,-1.6,-1.6,,,75.0,214.0,25.17364705882353,2.0,Alabama,2021.0,2021.0,NE,15.0,-34.0,
2023,6,00-0036972,M.Jones,QB,NE,LV,24,33,200.0,0,1.0,3.0,19.0,1,-1.0,0,0,0,0.0,0,5.9,5.9,,,75.0,214.0,25.17364705882353,2.0,Alabama,2021.0,2021.0,NE,15.0,,
2023,7,00-0036972,M.Jones,QB,NE,BUF,25,30,272.0,2,0.0,1.0,4.0,3,11.0,0,0,0,0.0,0,19.98,19.98,,,75.0,214.0,25.17364705882353,2.0,Alabama,2021.0,2021.0,NE,15.0,4.0,
2023,8,00-0036972,M.Jones,QB,NE,MIA,19,29,161.0,2,1.0,3.0,20.0,1,-2.0,0,0,0,0.0,0,12.24,12.24,,,75.0,214.0,25.17364705882353,2.0,Alabama,2021.0,2021.0,NE,15.0,,
2023,9,00-0036972,M.Jones,QB,NE,WAS,24,44,220.0,1,1.0,0.0,-0.0,3,3.0,0,0,0,0.0,0,11.1,11.1,,,75.0,214.0,25.17364705882353,2.0,Alabama,2021.0,2021.0,NE,15.0,-3.0,
2023,10,00-0036972,M.Jones,QB,NE,IND,15,20,170.0,0,1.0,5.0,22.0,3,25.0,0,0,0,0.0,0,7.3,7.3,,,75.0,214.0,25.17364705882353,2.0,Alabama,2021.0,2021.0,NE,15.0,-4.0,
2023,12,00-0036972,M.Jones,QB,NE,NYG,12,21,89.0,0,2.0,1.0,-0.0,0,0.0,0,0,0,0.0,0,-0.44,-0.44,,,75.0,214.0,25.17364705882353,2.0,Alabama,2021.0,2021.0,NE,15.0,,
2023,1,00-0036973,T.Etienne,RB,JAX,IND,0,0,0.0,0,0.0,0.0,0.0,18,77.0,1,5,5,27.0,0,16.4,21.4,,,70.0,200.0,24.784588235294116,2.0,Clemson,2021.0,2021.0,JAX,25.0,,0.15625
2023,2,00-0036973,T.Etienne,RB,JAX,KC,0,0,0.0,0,0.0,0.0,0.0,12,40.0,0,3,2,2.0,0,4.2,6.2,,,70.0,200.0,24.784588235294116,2.0,Clemson,2021.0,2021.0,JAX,25.0,-8.0,0.07317073
2023,3,00-0036973,T.Etienne,RB,JAX,HOU,0,0,0.0,0,0.0,0.0,0.0,19,88.0,0,5,4,50.0,0,13.8,17.8,,,70.0,200.0,24.784588235294116,2.0,Clemson,2021.0,2021.0,JAX,25.0,-20.0,0.125
2023,4,00-0036973,T.Etienne,RB,JAX,ATL,0,0,0.0,0,0.0,0.0,0.0,20,55.0,0,3,3,17.0,0,7.2,10.2,,,70.0,200.0,24.784588235294116,2.0,Clemson,2021.0,2021.0,JAX,25.0,16.0,0.1
2023,5,00-0036973,T.Etienne,RB,JAX,BUF,0,0,0.0,0,0.0,0.0,0.0,26,136.0,2,5,4,48.0,0,32.4,36.4,,,70.0,200.0,24.784588235294116,2.0,Clemson,2021.0,2021.0,JAX,25.0,,0.13513513
2023,6,00-0036973,T.Etienne,RB,JAX,IND,0,0,0.0,0,0.0,0.0,0.0,18,55.0,2,3,3,28.0,0,20.3,23.3,,,70.0,200.0,24.784588235294116,2.0,Clemson,2021.0,2021.0,JAX,25.0,17.0,0.10714286
2023,7,00-0036973,T.Etienne,RB,JAX,NO,0,0,0.0,0,0.0,0.0,0.0,14,53.0,2,5,3,24.0,0,19.7,22.7,,,70.0,200.0,24.784588235294116,2.0,Clemson,2021.0,2021.0,JAX,25.0,,0.16666667
2023,8,00-0036973,T.Etienne,RB,JAX,PIT,0,0,0.0,0,0.0,0.0,0.0,24,79.0,0,6,3,70.0,1,22.9,25.9,,,70.0,200.0,24.784588235294116,2.0,Clemson,2021.0,2021.0,JAX,25.0,,0.1875
2023,10,00-0036973,T.Etienne,RB,JAX,SF,0,0,0.0,0,0.0,0.0,0.0,9,35.0,0,4,2,9.0,0,4.4,6.4,,,70.0,200.0,24.784588235294116,2.0,Clemson,2021.0,2021.0,JAX,25.0,-31.0,0.12903225
2023,11,00-0036973,T.Etienne,RB,JAX,TEN,0,0,0.0,0,0.0,0.0,0.0,14,52.0,0,3,3,7.0,0,5.9,8.9,,,70.0,200.0,24.784588235294116,2.0,Clemson,2021.0,2021.0,JAX,25.0,20.0,0.09677419
2023,12,00-0036973,T.Etienne,RB,JAX,HOU,0,0,0.0,0,0.0,0.0,0.0,20,56.0,0,6,4,30.0,0,8.6,12.6,,,70.0,200.0,24.784588235294116,2.0,Clemson,2021.0,2021.0,JAX,25.0,,0.16216215
2023,13,00-0036973,T.Etienne,RB,JAX,CIN,0,0,0.0,0,0.0,0.0,0.0,11,45.0,1,4,4,34.0,0,13.9,17.9,,,70.0,200.0,24.784588235294116,2.0,Clemson,2021.0,2021.0,JAX,25.0,-3.0,0.102564104
2023,14,00-0036973,T.Etienne,RB,JAX,CLE,0,0,0.0,0,0.0,0.0,0.0,14,35.0,1,4,4,37.0,0,13.2,17.2,,,70.0,200.0,24.784588235294116,2.0,Clemson,2021.0,2021.0,JAX,25.0,,0.08163265
2023,15,00-0036973,T.Etienne,RB,JAX,BAL,0,0,0.0,0,0.0,0.0,0.0,10,31.0,0,6,4,28.0,0,5.9,9.9,,,70.0,200.0,24.784588235294116,2.0,Clemson,2021.0,2021.0,JAX,25.0,-16.0,0.14285715
2023,16,00-0036973,T.Etienne,RB,JAX,TB,0,0,0.0,0,0.0,0.0,0.0,6,12.0,0,3,3,19.0,0,3.1,6.1,,,70.0,200.0,24.784588235294116,2.0,Clemson,2021.0,2021.0,JAX,25.0,,0.06818182
2023,17,00-0036973,T.Etienne,RB,JAX,CAR,0,0,0.0,0,0.0,0.0,0.0,16,102.0,2,2,2,16.0,0,23.8,25.8,,,70.0,200.0,24.784588235294116,2.0,Clemson,2021.0,2021.0,JAX,25.0,26.0,0.08695652
2023,18,00-0036973,T.Etienne,RB,JAX,TEN,0,0,0.0,0,0.0,0.0,0.0,16,57.0,0,6,5,30.0,0,8.7,13.7,,,70.0,200.0,24.784588235294116,2.0,Clemson,2021.0,2021.0,JAX,25.0,,0.14634146
2023,1,00-0036980,E.Moore,WR,CLE,CIN,0,0,0.0,0,0.0,0.0,0.0,2,19.0,0,7,3,43.0,0,6.2,9.2,,,70.0,184.0,23.632444444444445,2.0,Mississippi,2021.0,2021.0,NYJ,34.0,21.0,0.2413793
2023,2,00-0036980,E.Moore,WR,CLE,PIT,0,0,0.0,0,0.0,0.0,0.0,1,5.0,0,9,3,36.0,0,4.1,7.1,,,70.0,184.0,23.632444444444445,2.0,Mississippi,2021.0,2021.0,NYJ,34.0,,0.225
2023,3,00-0036980,E.Moore,WR,CLE,TEN,0,0,0.0,0,0.0,0.0,0.0,3,-1.0,0,9,9,49.0,0,2.8,11.8,,,70.0,184.0,23.632444444444445,2.0,Mississippi,2021.0,2021.0,NYJ,34.0,24.0,0.29032257
2023,4,00-0036980,E.Moore,WR,CLE,BAL,0,0,0.0,0,0.0,0.0,0.0,1,-20.0,0,4,2,20.0,0,0.0,2.0,,,70.0,184.0,23.632444444444445,2.0,Mississippi,2021.0,2021.0,NYJ,34.0,-25.0,0.11764706
2023,6,00-0036980,E.Moore,WR,CLE,SF,0,0,0.0,0,0.0,0.0,0.0,1,8.0,0,7,4,19.0,0,2.7,6.7,,,70.0,184.0,23.632444444444445,2.0,Mississippi,2021.0,2021.0,NYJ,34.0,2.0,0.21212122
2023,7,00-0036980,E.Moore,WR,CLE,IND,0,0,0.0,0,0.0,0.0,0.0,0,0.0,0,7,4,59.0,0,5.9,9.9,,,70.0,184.0,23.632444444444445,2.0,Mississippi,2021.0,2021.0,NYJ,34.0,,0.2
2023,8,00-0036980,E.Moore,WR,CLE,SEA,0,0,0.0,0,0.0,0.0,0.0,0,0.0,0,5,2,30.0,0,3.0,5.0,,,70.0,184.0,23.632444444444445,2.0,Mississippi,2021.0,2021.0,NYJ,34.0,,0.16666667
2023,9,00-0036980,E.Moore,WR,CLE,ARI,0,0,0.0,0,0.0,0.0,0.0,0,0.0,0,2,2,14.0,0,1.4,3.4,,,70.0,184.0,23.632444444444445,2.0,Mississippi,2021.0,2021.0,NYJ,34.0,27.0,0.071428575
2023,10,00-0036980,E.Moore,WR,CLE,BAL,0,0,0.0,0,0.0,0.0,0.0,0,0.0,0,7,5,44.0,1,10.4,15.4,,,70.0,184.0,23.632444444444445,2.0,Mississippi,2021.0,2021.0,NYJ,34.0,,0.21875
2023,11,00-0036980,E.Moore,WR,CLE,PIT,0,0,0.0,0,0.0,0.0,0.0,0,0.0,0,7,6,60.0,0,6.0,12.0,,,70.0,184.0,23.632444444444445,2.0,Mississippi,2021.0,2021.0,NYJ,34.0,3.0,0.17073171
2023,12,00-0036980,E.Moore,WR,CLE,DEN,0,0,0.0,0,0.0,0.0,0.0,1,0.0,0,9,3,44.0,0,2.4,5.4,,,70.0,184.0,23.632444444444445,2.0,Mississippi,2021.0,2021.0,NYJ,34.0,,0.23076923
2023,13,00-0036980,E.Moore,WR,CLE,LA,0,0,0.0,0,0.0,0.0,0.0,0,0.0,0,12,4,83.0,0,8.3,12.3,,,70.0,184.0,23.632444444444445,2.0,Mississippi,2021.0,2021.0,NYJ,34.0,,0.29268292
2023,14,00-0036980,E.Moore,WR,CLE,JAX,0,0,0.0,0,0.0,0.0,0.0,0,0.0,0,6,3,42.0,0,4.2,7.2,,,70.0,184.0,23.632444444444445,2.0,Mississippi,2021.0,2021.0,NYJ,34.0,4.0,0.13953489
2023,15,00-0036980,E.Moore,WR,CLE,CHI,0,0,0.0,0,0.0,0.0,0.0,0,0.0,0,3,2,17.0,0,1.7,3.7,,,70.0,184.0,23.632444444444445,2.0,Mississippi,2021.0,2021.0,NYJ,34.0,3.0,0.06818182
2023,16,00-0036980,E.Moore,WR,CLE,HOU,0,0,0.0,0,0.0,0.0,0.0,0,0.0,0,4,2,19.0,0,1.9,3.9,,,70.0,184.0,23.632444444444445,2.0,Mississippi,2021.0,2021.0,NYJ,34.0,,0.093023255
2023,17,00-0036980,E.Moore,WR,CLE,NYJ,0,0,0.0,0,0.0,0.0,0.0,0,0.0,0,6,5,61.0,1,12.1,17.1,,,70.0,184.0,23.632444444444445,2.0,Mississippi,2021.0,2021.0,NYJ,34.0,17.0,0.20689656
2023,19,00-0036980,E.Moore,WR,CLE,HOU,0,0,0.0,0,0.0,0.0,0.0,0,0.0,0,2,2,12.0,0,1.2,3.2,,,70.0,184.0,23.632444444444445,2.0,Mississippi,2021.0,2021.0,NYJ,34.0,,0.046511628
2023,4,00-0036982,C.Golston,DE,DAL,NE,0,0,0.0,0,0.0,0.0,0.0,0,0.0,0,0,0,0.0,0,2.0,2.0,,,77.0,270.0,25.7545,2.0,Iowa,2021.0,2021.0,DAL,84.0,35.0,
2023,3,00-0036984,T.Sermon,RB,IND,BAL,0,0,0.0,0,0.0,0.0,0.0,5,17.0,0,2,1,4.0,0,2.1,3.1,,,72.0,215.0,24.771,2.0,Ohio State,2021.0,2021.0,SF,88.0,,0.04761905
2023,4,00-0036984,T.Sermon,RB,IND,LA,0,0,0.0,0,0.0,0.0,0.0,3,7.0,0,0,0,0.0,0,0.7,0.7,,,72.0,215.0,24.771,2.0,Ohio State,2021.0,2021.0,SF,88.0,-6.0,
2023,6,00-0036984,T.Sermon,RB,IND,JAX,0,0,0.0,0,0.0,0.0,0.0,0,0.0,0,1,0,0.0,0,0.0,0.0,,,72.0,215.0,24.771,2.0,Ohio State,2021.0,2021.0,SF,88.0,,0.01923077
2023,13,00-0036984,T.Sermon,RB,IND,TEN,0,0,0.0,0,0.0,0.0,0.0,0,0.0,0,1,0,0.0,0,0.0,0.0,,,72.0,215.0,24.771,2.0,Ohio State,2021.0,2021.0,SF,88.0,,0.024390243
2023,14,00-0036984,T.Sermon,RB,IND,CIN,0,0,0.0,0,0.0,0.0,0.0,3,13.0,0,0,0,0.0,0,1.3,1.3,,,72.0,215.0,24.771,2.0,Ohio State,2021.0,2021.0,SF,88.0,,
2023,15,00-0036984,T.Sermon,RB,IND,PIT,0,0,0.0,0,0.0,0.0,0.0,17,88.0,0,0,0,0.0,0,8.8,8.8,,,72.0,215.0,24.771,2.0,Ohio State,2021.0,2021.0,SF,88.0,17.0,
2023,16,00-0036984,T.Sermon,RB,IND,ATL,0,0,0.0,0,0.0,0.0,0.0,2,3.0,0,0,0,0.0,0,0.3,0.3,,,72.0,215.0,24.771,2.0,Ohio State,2021.0,2021.0,SF,88.0,,
2023,17,00-0036984,T.Sermon,RB,IND,LV,0,0,0.0,0,0.0,0.0,0.0,5,32.0,0,2,2,9.0,0,4.1,6.1,,,72.0,215.0,24.771,2.0,Ohio State,2021.0,2021.0,SF,88.0,3.0,0.1
2023,1,00-0036988,J.Palmer,WR,LAC,MIA,0,0,0.0,0,0.0,0.0,0.0,0,0.0,0,1,1,4.0,0,0.4,1.4,,,73.0,210.0,24.134764705882354,2.0,Tennessee,2021.0,2021.0,LAC,77.0,-2.0,0.032258064
2023,2,00-0036988,J.Palmer,WR,LAC,TEN,0,0,0.0,0,0.0,0.0,0.0,0,0.0,0,5,3,13.0,0,1.3,4.3,,,73.0,210.0,24.134764705882354,2.0,Tennessee,2021.0,2021.0,LAC,77.0,,0.12820514
2023,3,00-0036988,J.Palmer,WR,LAC,MIN,0,0,0.0,0,0.0,0.0,0.0,0,0.0,0,7,4,66.0,1,10.6,14.6,,,73.0,210.0,24.134764705882354,2.0,Tennessee,2021.0,2021.0,LAC,77.0,,0.14583333
2023,4,00-0036988,J.Palmer,WR,LAC,LV,0,0,0.0,0,0.0,0.0,0.0,0,0.0,0,8,3,77.0,0,7.7,10.7,,,73.0,210.0,24.134764705882354,2.0,Tennessee,2021.0,2021.0,LAC,77.0,7.0,0.33333334
2023,6,00-0036988,J.Palmer,WR,LAC,DAL,0,0,0.0,0,0.0,0.0,0.0,0,0.0,0,7,4,60.0,0,6.0,10.0,,,73.0,210.0,24.134764705882354,2.0,Tennessee,2021.0,2021.0,LAC,77.0,-3.0,0.1891892
2023,7,00-0036988,J.Palmer,WR,LAC,KC,0,0,0.0,0,0.0,0.0,0.0,0,0.0,0,7,5,133.0,0,13.3,18.3,,,73.0,210.0,24.134764705882354,2.0,Tennessee,2021.0,2021.0,LAC,77.0,,0.23333333
2023,8,00-0036988,J.Palmer,WR,LAC,CHI,0,0,0.0,0,0.0,0.0,0.0,0,0.0,0,4,3,24.0,0,2.4,5.4,,,73.0,210.0,24.134764705882354,2.0,Tennessee,2021.0,2021.0,LAC,77.0,17.0,0.10526316
2023,15,00-0036988,J.Palmer,WR,LAC,LV,0,0,0.0,0,0.0,0.0,0.0,0,0.0,0,4,4,113.0,1,17.3,21.3,,,73.0,210.0,24.134764705882354,2.0,Tennessee,2021.0,2021.0,LAC,77.0,,0.12903225
2023,16,00-0036988,J.Palmer,WR,LAC,BUF,0,0,0.0,0,0.0,0.0,0.0,0,0.0,0,8,5,47.0,0,4.7,9.7,,,73.0,210.0,24.134764705882354,2.0,Tennessee,2021.0,2021.0,LAC,77.0,-2.0,0.25
2023,18,00-0036988,J.Palmer,WR,LAC,KC,0,0,0.0,0,0.0,0.0,0.0,1,6.0,0,10,6,44.0,0,5.0,11.0,,,73.0,210.0,24.134764705882354,2.0,Tennessee,2021.0,2021.0,LAC,77.0,-1.0,0.22222222
2023,6,00-0036991,A.Rodgers,WR,IND,JAX,0,0,0.0,0,0.0,0.0,0.0,0,0.0,0,2,0,0.0,0,0.0,0.0,,,69.0,215.0,24.02185714285714,2.0,Clemson,2021.0,2021.0,GB,85.0,,0.03846154
2023,1,00-0036997,J.Williams,RB,DEN,LV,0,0,0.0,0,0.0,0.0,0.0,13,52.0,0,6,4,5.0,0,5.7,9.7,,,70.0,220.0,23.538705882352943,2.0,North Carolina,2021.0,2021.0,DEN,35.0,-1.0,0.1875
2023,2,00-0036997,J.Williams,RB,DEN,WAS,0,0,0.0,0,0.0,0.0,0.0,12,44.0,0,3,2,14.0,0,5.8,7.8,,,70.0,220.0,23.538705882352943,2.0,North Carolina,2021.0,2021.0,DEN,35.0,-2.0,0.11111111
2023,3,00-0036997,J.Williams,RB,DEN,MIA,0,0,0.0,0,0.0,0.0,0.0,11,42.0,0,3,2,23.0,0,6.5,8.5,,,70.0,220.0,23.538705882352943,2.0,North Carolina,2021.0,2021.0,DEN,35.0,,0.083333336
2023,4,00-0036997,J.Williams,RB,DEN,CHI,0,0,0.0,0,0.0,0.0,0.0,2,0.0,0,3,3,9.0,0,0.9,3.9,,,70.0,220.0,23.538705882352943,2.0,North Carolina,2021.0,2021.0,DEN,35.0,,0.115384616
2023,6,00-0036997,J.Williams,RB,DEN,KC,0,0,0.0,0,0.0,0.0,0.0,10,52.0,0,0,0,0.0,0,7.2,7.2,,,70.0,220.0,23.538705882352943,2.0,North Carolina,2021.0,2021.0,DEN,35.0,,
2023,7,00-0036997,J.Williams,RB,DEN,GB,0,0,0.0,0,0.0,0.0,0.0,15,82.0,0,4,3,14.0,0,9.6,12.6,,,70.0,220.0,23.538705882352943,2.0,North Carolina,2021.0,2021.0,DEN,35.0,2.0,0.16666667
2023,8,00-0036997,J.Williams,RB,DEN,KC,0,0,0.0,0,0.0,0.0,0.0,27,85.0,0,3,3,13.0,1,15.8,18.8,,,70.0,220.0,23.538705882352943,2.0,North Carolina,2021.0,2021.0,DEN,35.0,15.0,0.16666667
2023,10,00-0036997,J.Williams,RB,DEN,BUF,0,0,0.0,0,0.0,0.0,0.0,21,79.0,0,4,4,31.0,1,17.0,21.0,,,70.0,220.0,23.538705882352943,2.0,North Carolina,2021.0,2021.0,DEN,35.0,,0.13793103
2023,11,00-0036997,J.Williams,RB,DEN,MIN,0,0,0.0,0,0.0,0.0,0.0,11,37.0,0,2,2,16.0,0,5.3,7.3,,,70.0,220.0,23.538705882352943,2.0,North Carolina,2021.0,2021.0,DEN,35.0,1.0,0.0625
2023,12,00-0036997,J.Williams,RB,DEN,CLE,0,0,0.0,0,0.0,0.0,0.0,18,65.0,0,6,3,6.0,0,7.1,10.1,,,70.0,220.0,23.538705882352943,2.0,North Carolina,2021.0,2021.0,DEN,35.0,17.0,0.2857143
2023,13,00-0036997,J.Williams,RB,DEN,HOU,0,0,0.0,0,0.0,0.0,0.0,13,46.0,0,3,3,24.0,0,7.0,10.0,,,70.0,220.0,23.538705882352943,2.0,North Carolina,2021.0,2021.0,DEN,35.0,,0.125
2023,14,00-0036997,J.Williams,RB,DEN,LAC,0,0,0.0,0,0.0,0.0,0.0,17,66.0,1,4,3,25.0,0,15.1,18.1,,,70.0,220.0,23.538705882352943,2.0,North Carolina,2021.0,2021.0,DEN,35.0,,0.13333334
2023,15,00-0036997,J.Williams,RB,DEN,DET,0,0,0.0,0,0.0,0.0,0.0,12,27.0,0,2,2,-7.0,0,2.0,4.0,,,70.0,220.0,23.538705882352943,2.0,North Carolina,2021.0,2021.0,DEN,35.0,,0.0625
2023,16,00-0036997,J.Williams,RB,DEN,NE,0,0,0.0,0,0.0,0.0,0.0,11,24.0,1,3,3,-5.0,0,7.9,10.9,,,70.0,220.0,23.538705882352943,2.0,North Carolina,2021.0,2021.0,DEN,35.0,-3.0,0.08571429
2023,17,00-0036997,J.Williams,RB,DEN,LAC,0,0,0.0,0,0.0,0.0,0.0,15,41.0,0,3,3,17.0,0,5.8,8.8,,,70.0,220.0,23.538705882352943,2.0,North Carolina,2021.0,2021.0,DEN,35.0,7.0,0.1
2023,18,00-0036997,J.Williams,RB,DEN,LV,0,0,0.0,0,0.0,0.0,0.0,9,32.0,1,9,7,43.0,0,13.5,20.5,,,70.0,220.0,23.538705882352943,2.0,North Carolina,2021.0,2021.0,DEN,35.0,,0.28125
2023,3,00-0037005,T.Tremble,TE,CAR,SEA,0,0,0.0,0,0.0,0.0,0.0,0,0.0,0,1,1,15.0,0,1.5,2.5,,,76.0,248.0,23.437176470588238,2.0,Notre Dame,2021.0,2021.0,CAR,83.0,,0.01754386
2023,5,00-0037005,T.Tremble,TE,CAR,DET,0,0,0.0,0,0.0,0.0,0.0,0,0.0,0,1,1,1.0,1,6.1,7.1,,,76.0,248.0,23.437176470588238,2.0,Notre Dame,2021.0,2021.0,CAR,83.0,,0.028571429
2023,6,00-0037005,T.Tremble,TE,CAR,MIA,0,0,0.0,0,0.0,0.0,0.0,0,0.0,0,2,2,25.0,0,2.5,4.5,,,76.0,248.0,23.437176470588238,2.0,Notre Dame,2021.0,2021.0,CAR,83.0,,0.057142857
2023,8,00-0037005,T.Tremble,TE,CAR,HOU,0,0,0.0,0,0.0,0.0,0.0,0,0.0,0,3,2,4.0,1,6.4,8.4,,,76.0,248.0,23.437176470588238,2.0,Notre Dame,2021.0,2021.0,CAR,83.0,2.0,0.09677419
2023,9,00-0037005,T.Tremble,TE,CAR,IND,0,0,0.0,0,0.0,0.0,0.0,0,0.0,0,2,2,12.0,0,1.2,3.2,,,76.0,248.0,23.437176470588238,2.0,Notre Dame,2021.0,2021.0,CAR,83.0,-14.0,0.054054055
2023,10,00-0037005,T.Tremble,TE,CAR,CHI,0,0,0.0,0,0.0,0.0,0.0,0,0.0,0,3,3,16.0,0,1.6,4.6,,,76.0,248.0,23.437176470588238,2.0,Notre Dame,2021.0,2021.0,CAR,83.0,,0.0882353
2023,11,00-0037005,T.Tremble,TE,CAR,DAL,0,0,0.0,0,0.0,0.0,0.0,0,0.0,0,3,1,4.0,1,6.4,7.4,,,76.0,248.0,23.437176470588238,2.0,Notre Dame,2021.0,2021.0,CAR,83.0,-23.0,0.115384616
2023,12,00-0037005,T.Tremble,TE,CAR,TEN,0,0,0.0,0,0.0,0.0,0.0,0,0.0,0,1,1,7.0,0,0.7,1.7,,,76.0,248.0,23.437176470588238,2.0,Notre Dame,2021.0,2021.0,CAR,83.0,,0.041666668
2023,14,00-0037005,T.Tremble,TE,CAR,NO,0,0,0.0,0,0.0,0.0,0.0,0,0.0,0,3,1,2.0,0,0.2,1.2,,,76.0,248.0,23.437176470588238,2.0,Notre Dame,2021.0,2021.0,CAR,83.0,,0.09375
2023,15,00-0037005,T.Tremble,TE,CAR,ATL,0,0,0.0,0,0.0,0.0,0.0,0,0.0,0,2,2,32.0,0,3.2,5.2,,,76.0,248.0,23.437176470588238,2.0,Notre Dame,2021.0,2021.0,CAR,83.0,2.0,0.08695652
2023,16,00-0037005,T.Tremble,TE,CAR,GB,0,0,0.0,0,0.0,0.0,0.0,0,0.0,0,6,4,59.0,0,5.9,9.9,,,76.0,248.0,23.437176470588238,2.0,Notre Dame,2021.0,2021.0,CAR,83.0,-3.0,0.1875
2023,17,00-0037005,T.Tremble,TE,CAR,JAX,0,0,0.0,0,0.0,0.0,0.0,0,0.0,0,3,1,6.0,0,0.6,1.6,,,76.0,248.0,23.437176470588238,2.0,Notre Dame,2021.0,2021.0,CAR,83.0,,0.09677419
2023,18,00-0037005,T.Tremble,TE,CAR,TB,0,0,0.0,0,0.0,0.0,0.0,0,0.0,0,2,2,11.0,0,1.1,3.1,,,76.0,248.0,23.437176470588238,2.0,Notre Dame,2021.0,2021.0,CAR,83.0,-9.0,0.11111111
2023,1,00-0037013,Z.Wilson,QB,NYJ,BUF,14,21,140.0,1,1.0,2.0,13.0,4,6.0,0,0,0,0.0,0,8.2,8.2,,,74.0,208.0,24.269294117647057,2.0,Brigham Young,2021.0,2021.0,NYJ,2.0,6.0,
2023,2,00-0037013,Z.Wilson,QB,NYJ,DAL,12,27,170.0,1,3.0,3.0,19.0,5,36.0,0,0,0,0.0,0,8.4,8.4,,,74.0,208.0,24.269294117647057,2.0,Brigham Young,2021.0,2021.0,NYJ,2.0,,
2023,3,00-0037013,Z.Wilson,QB,NYJ,NE,18,36,157.0,0,0.0,3.0,24.0,1,1.0,0,0,0,0.0,0,6.38,6.38,,,74.0,208.0,24.269294117647057,2.0,Brigham Young,2021.0,2021.0,NYJ,2.0,-5.0,
2023,4,00-0037013,Z.Wilson,QB,NYJ,KC,28,39,245.0,2,0.0,2.0,17.0,2,14.0,0,0,0,0.0,0,19.2,19.2,,,74.0,208.0,24.269294117647057,2.0,Brigham Young,2021.0,2021.0,NYJ,2.0,-3.0,
2023,5,00-0037013,Z.Wilson,QB,NYJ,DEN,19,26,199.0,0,1.0,4.0,26.0,3,26.0,0,0,0,0.0,0,8.56,8.56,,,74.0,208.0,24.269294117647057,2.0,Brigham Young,2021.0,2021.0,NYJ,2.0,,
2023,6,00-0037013,Z.Wilson,QB,NYJ,PHI,19,33,186.0,0,0.0,5.0,31.0,4,15.0,0,0,0,0.0,0,10.94,10.94,,,74.0,208.0,24.269294117647057,2.0,Brigham Young,2021.0,2021.0,NYJ,2.0,6.0,
2023,8,00-0037013,Z.Wilson,QB,NYJ,NYG,17,36,240.0,1,0.0,4.0,47.0,4,25.0,0,0,0,0.0,0,12.1,12.1,,,74.0,208.0,24.269294117647057,2.0,Brigham Young,2021.0,2021.0,NYJ,2.0,,
2023,9,00-0037013,Z.Wilson,QB,NYJ,LAC,33,49,263.0,0,0.0,8.0,57.0,2,7.0,0,0,0,0.0,0,7.22,7.22,,,74.0,208.0,24.269294117647057,2.0,Brigham Young,2021.0,2021.0,NYJ,2.0,-21.0,
2023,10,00-0037013,Z.Wilson,QB,NYJ,LV,23,39,263.0,0,1.0,2.0,6.0,4,54.0,0,0,0,0.0,0,13.92,13.92,,,74.0,208.0,24.269294117647057,2.0,Brigham Young,2021.0,2021.0,NYJ,2.0,,
2023,11,00-0037013,Z.Wilson,QB,NYJ,BUF,7,15,81.0,1,1.0,5.0,30.0,4,15.0,0,0,0,0.0,0,6.74,6.74,,,74.0,208.0,24.269294117647057,2.0,Brigham Young,2021.0,2021.0,NYJ,2.0,,
2023,14,00-0037013,Z.Wilson,QB,NYJ,HOU,27,36,301.0,2,0.0,4.0,33.0,3,12.0,0,0,0,0.0,0,19.24,19.24,,,74.0,208.0,24.269294117647057,2.0,Brigham Young,2021.0,2021.0,NYJ,2.0,24.0,
2023,15,00-0037013,Z.Wilson,QB,NYJ,MIA,4,11,26.0,0,0.0,4.0,37.0,0,0.0,0,0,0,0.0,0,-0.96,-0.96,,,74.0,208.0,24.269294117647057,2.0,Brigham Young,2021.0,2021.0,NYJ,2.0,,
2023,1,00-0037077,S.Howell,QB,WAS,ARI,19,31,202.0,1,1.0,6.0,46.0,2,11.0,1,0,0,0.0,0,15.18,15.18,,,73.0,225.0,22.971411764705884,1.0,North Carolina,2022.0,2022.0,WAS,144.0,4.0,
2023,2,00-0037077,S.Howell,QB,WAS,DEN,27,39,299.0,2,0.0,4.0,33.0,2,13.0,0,0,0,0.0,0,21.26,21.26,,,73.0,225.0,22.971411764705884,1.0,North Carolina,2022.0,2022.0,WAS,144.0,,
2023,3,00-0037077,S.Howell,QB,WAS,BUF,19,29,170.0,0,4.0,9.0,45.0,1,18.0,0,0,0,0.0,0,0.6,0.6,,,73.0,225.0,22.971411764705884,1.0,North Carolina,2022.0,2022.0,WAS,144.0,-34.0,
2023,4,00-0037077,S.Howell,QB,WAS,PHI,29,41,290.0,1,0.0,5.0,32.0,6,40.0,0,0,0,0.0,0,19.6,19.6,,,73.0,225.0,22.971411764705884,1.0,North Carolina,2022.0,2022.0,WAS,144.0,,
2023,5,00-0037077,S.Howell,QB,WAS,CHI,37,51,388.0,2,1.0,5.0,29.0,4,19.0,0,0,0,0.0,0,25.42,25.42,,,73.0,225.0,22.971411764705884,1.0,North Carolina,2022.0,2022.0,WAS,144.0,-20.0,
2023,6,00-0037077,S.Howell,QB,WAS,ATL,14,23,151.0,3,0.0,5.0,30.0,4,3.0,0,0,0,0.0,0,18.34,18.34,,,73.0,225.0,22.971411764705884,1.0,North Carolina,2022.0,2022.0,WAS,144.0,,
2023,7,00-0037077,S.Howell,QB,WAS,NYG,22,42,249.0,0,1.0,6.0,52.0,2,15.0,0,0,0,0.0,0,9.46,9.46,,,73.0,225.0,22.971411764705884,1.0,North Carolina,2022.0,2022.0,WAS,144.0,,
2023,8,00-0037077,S.Howell,QB,WAS,PHI,39,52,397.0,4,1.0,1.0,9.0,3,11.0,0,0,0,0.0,0,30.98,30.98,,,73.0,225.0,22.971411764705884,1.0,North Carolina,2022.0,2022.0,WAS,144.0,-7.0,
2023,9,00-0037077,S.Howell,QB,WAS,NE,29,45,325.0,1,1.0,3.0,17.0,5,27.0,0,0,0,0.0,0,17.7,17.7,,,73.0,225.0,22.971411764705884,1.0,North Carolina,2022.0,2022.0,WAS,144.0,,
2023,10,00-0037077,S.Howell,QB,WAS,SEA,29,44,312.0,3,0.0,3.0,24.0,2,17.0,0,0,0,0.0,0,24.18,24.18,,,73.0,225.0,22.971411764705884,1.0,North Carolina,2022.0,2022.0,WAS,144.0,,
2023,11,00-0037077,S.Howell,QB,WAS,NYG,31,45,256.0,1,3.0,4.0,26.0,3,35.0,1,0,0,0.0,0,17.74,17.74,,,73.0,225.0,22.971411764705884,1.0,North Carolina,2022.0,2022.0,WAS,144.0,-12.0,
2023,12,00-0037077,S.Howell,QB,WAS,DAL,28,44,300.0,0,1.0,4.0,32.0,2,13.0,1,0,0,0.0,0,17.3,17.3,,,73.0,225.0,22.971411764705884,1.0,North Carolina,2022.0,2022.0,WAS,144.0,,
2023,13,00-0037077,S.Howell,QB,WAS,MIA,12,23,127.0,0,1.0,3.0,20.0,4,21.0,2,0,0,0.0,0,19.18,19.18,,,73.0,225.0,22.971411764705884,1.0,North Carolina,2022.0,2022.0,WAS,144.0,-30.0,
2023,15,00-0037077,S.Howell,QB,WAS,LA,11,26,102.0,1,1.0,1.0,8.0,3,22.0,0,0,0,0.0,0,8.28,8.28,,,73.0,225.0,22.971411764705884,1.0,North Carolina,2022.0,2022.0,WAS,144.0,,
2023,16,00-0037077,S.Howell,QB,WAS,NYJ,6,22,56.0,0,2.0,1.0,13.0,0,0.0,0,0,0,0.0,0,-1.76,-1.76,,,73.0,225.0,22.971411764705884,1.0,North Carolina,2022.0,2022.0,WAS,144.0,,
2023,17,00-0037077,S.Howell,QB,WAS,SF,17,28,169.0,1,2.0,1.0,6.0,1,-1.0,0,0,0,0.0,0,6.66,6.66,,,73.0,225.0,22.971411764705884,1.0,North Carolina,2022.0,2022.0,WAS,144.0,-17.0,
2023,18,00-0037077,S.Howell,QB,WAS,DAL,19,27,153.0,1,2.0,4.0,27.0,4,-1.0,0,1,1,4.0,0,6.42,7.42,,,73.0,225.0,22.971411764705884,1.0,North Carolina,2022.0,2022.0,WAS,144.0,-28.0,0.035714287
2023,1,00-0037078,C.Turner,TE,WAS,ARI,0,0,0.0,0,0.0,0.0,0.0,0,0.0,0,2,1,17.0,0,1.7,2.7,,,78.0,240.0,23.642176470588236,1.0,Nevada,2022.0,2022.0,WAS,149.0,4.0,0.06896552
2023,2,00-0037078,C.Turner,TE,WAS,DEN,0,0,0.0,0,0.0,0.0,0.0,0,0.0,0,2,2,21.0,0,2.1,4.1,,,78.0,240.0,23.642176470588236,1.0,Nevada,2022.0,2022.0,WAS,149.0,,0.05882353
2023,3,00-0037078,C.Turner,TE,WAS,BUF,0,0,0.0,0,0.0,0.0,0.0,0,0.0,0,7,4,35.0,0,3.5,7.5,,,78.0,240.0,23.642176470588236,1.0,Nevada,2022.0,2022.0,WAS,149.0,-34.0,0.2413793
2023,5,00-0037078,C.Turner,TE,WAS,CHI,0,0,0.0,0,0.0,0.0,0.0,0,0.0,0,1,1,9.0,0,0.9,1.9,,,78.0,240.0,23.642176470588236,1.0,Nevada,2022.0,2022.0,WAS,149.0,-20.0,0.020833334
2023,11,00-0037078,C.Turner,TE,WAS,NYG,0,0,0.0,0,0.0,0.0,0.0,0,0.0,0,1,1,7.0,0,0.7,1.7,,,78.0,240.0,23.642176470588236,1.0,Nevada,2022.0,2022.0,WAS,149.0,-12.0,0.023809524
2023,12,00-0037078,C.Turner,TE,WAS,DAL,0,0,0.0,0,0.0,0.0,0.0,0,0.0,0,1,1,29.0,0,2.9,3.9,,,78.0,240.0,23.642176470588236,1.0,Nevada,2022.0,2022.0,WAS,149.0,,0.022727273
2023,13,00-0037078,C.Turner,TE,WAS,MIA,0,0,0.0,0,0.0,0.0,0.0,0,0.0,0,1,1,2.0,0,0.2,1.2,,,78.0,240.0,23.642176470588236,1.0,Nevada,2022.0,2022.0,WAS,149.0,-30.0,0.045454547
2023,16,00-0037086,G.Calcaterra,TE,PHI,NYG,0,0,0.0,0,0.0,0.0,0.0,0,0.0,0,2,2,21.0,0,2.1,4.1,,,76.0,221.0,24.939444444444444,1.0,Southern Methodist,2022.0,2022.0,PHI,198.0,8.0,0.055555556
2023,18,00-0037086,G.Calcaterra,TE,PHI,NYG,0,0,0.0,0,0.0,0.0,0.0,0,0.0,0,2,2,18.0,0,1.8,3.8,,,76.0,221.0,24.939444444444444,1.0,Southern Methodist,2022.0,2022.0,PHI,198.0,,0.060606062
2023,15,00-0037091,B.Melton,WR,GB,TB,0,0,0.0,0,0.0,0.0,0.0,0,0.0,0,2,1,7.0,0,0.7,1.7,,,71.0,195.0,24.500684210526316,1.0,Rutgers,2022.0,2022.0,SEA,229.0,-14.0,0.055555556
2023,16,00-0037091,B.Melton,WR,GB,CAR,0,0,0.0,0,0.0,0.0,0.0,1,7.0,0,6,4,44.0,0,5.1,9.1,,,71.0,195.0,24.500684210526316,1.0,Rutgers,2022.0,2022.0,SEA,229.0,,0.23076923
2023,17,00-0037091,B.Melton,WR,GB,MIN,0,0,0.0,0,0.0,0.0,0.0,0,0.0,0,9,6,105.0,1,16.5,22.5,,,71.0,195.0,24.500684210526316,1.0,Rutgers,2022.0,2022.0,SEA,229.0,,0.2647059
2023,18,00-0037091,B.Melton,WR,GB,CHI,0,0,0.0,0,0.0,0.0,0.0,2,14.0,0,7,5,62.0,0,7.6,12.6,,,71.0,195.0,24.500684210526316,1.0,Rutgers,2022.0,2022.0,SEA,229.0,8.0,0.21875
2023,19,00-0037091,B.Melton,WR,GB,DAL,0,0,0.0,0,0.0,0.0,0.0,0,0.0,0,2,1,7.0,0,0.7,1.7,,,71.0,195.0,24.500684210526316,1.0,Rutgers,2022.0,2022.0,SEA,229.0,,0.0952381
2023,20,00-0037091,B.Melton,WR,GB,SF,0,0,0.0,0,0.0,0.0,0.0,0,0.0,0,1,1,19.0,1,7.9,8.9,,,71.0,195.0,24.500684210526316,1.0,Rutgers,2022.0,2022.0,SEA,229.0,,0.030303031
2023,1,00-0037098,S.Toure,WR,GB,CHI,0,0,0.0,0,0.0,0.0,0.0,0,0.0,0,3,2,18.0,0,1.8,3.8,,,73.0,190.0,25.65063157894737,1.0,Nebraska,2022.0,2022.0,GB,258.0,,0.11111111
2023,2,00-0037098,S.Toure,WR,GB,ATL,0,0,0.0,0,0.0,0.0,0.0,0,0.0,0,2,1,6.0,0,0.6,1.6,,,73.0,190.0,25.65063157894737,1.0,Nebraska,2022.0,2022.0,GB,258.0,,0.08
2023,3,00-0037098,S.Toure,WR,GB,NO,0,0,0.0,0,0.0,0.0,0.0,0,0.0,0,3,0,0.0,0,2.0,2.0,,,73.0,190.0,25.65063157894737,1.0,Nebraska,2022.0,2022.0,GB,258.0,1.0,0.069767445
2023,4,00-0037098,S.Toure,WR,GB,DET,0,0,0.0,0,0.0,0.0,0.0,0,0.0,0,1,1,35.0,0,3.5,4.5,,,73.0,190.0,25.65063157894737,1.0,Nebraska,2022.0,2022.0,GB,258.0,-14.0,0.029411765
2023,7,00-0037098,S.Toure,WR,GB,DEN,0,0,0.0,0,0.0,0.0,0.0,0,0.0,0,2,1,3.0,0,0.3,1.3,,,73.0,190.0,25.65063157894737,1.0,Nebraska,2022.0,2022.0,GB,258.0,,0.0625
2023,14,00-0037098,S.Toure,WR,GB,NYG,0,0,0.0,0,0.0,0.0,0.0,0,0.0,0,4,2,22.0,0,2.2,4.2,,,73.0,190.0,25.65063157894737,1.0,Nebraska,2022.0,2022.0,GB,258.0,,0.10526316
2023,16,00-0037098,S.Toure,WR,GB,CAR,0,0,0.0,0,0.0,0.0,0.0,0,0.0,0,2,0,0.0,0,0.0,0.0,,,73.0,190.0,25.65063157894737,1.0,Nebraska,2022.0,2022.0,GB,258.0,,0.07692308
2023,17,00-0037098,S.Toure,WR,GB,MIN,0,0,0.0,0,0.0,0.0,0.0,0,0.0,0,1,1,-6.0,0,-0.6,0.4,,,73.0,190.0,25.65063157894737,1.0,Nebraska,2022.0,2022.0,GB,258.0,,0.029411765
2023,13,00-0037120,T.Goodson,RB,IND,TEN,0,0,0.0,0,0.0,0.0,0.0,0,0.0,0,2,2,11.0,0,1.1,3.1,,,69.0,199.0,22.991823529411764,1.0,Iowa,2022.0,2022.0,,,,0.048780486
2023,14,00-0037120,T.Goodson,RB,IND,CIN,0,0,0.0,0,0.0,0.0,0.0,0,0.0,0,1,1,-2.0,0,-0.2,0.8,,,69.0,199.0,22.991823529411764,1.0,Iowa,2022.0,2022.0,,,,0.02631579
2023,15,00-0037120,T.Goodson,RB,IND,PIT,0,0,0.0,0,0.0,0.0,0.0,11,69.0,0,2,2,10.0,0,7.9,9.9,,,69.0,199.0,22.991823529411764,1.0,Iowa,2022.0,2022.0,,,17.0,0.074074075
2023,16,00-0037120,T.Goodson,RB,IND,ATL,0,0,0.0,0,0.0,0.0,0.0,1,15.0,0,2,1,15.0,0,3.0,4.0,,,69.0,199.0,22.991823529411764,1.0,Iowa,2022.0,2022.0,,,,0.057142857
2023,17,00-0037120,T.Goodson,RB,IND,LV,0,0,0.0,0,0.0,0.0,0.0,1,3.0,0,0,0,0.0,0,0.3,0.3,,,69.0,199.0,22.991823529411764,1.0,Iowa,2022.0,2022.0,,,3.0,
2023,18,00-0037120,T.Goodson,RB,IND,HOU,0,0,0.0,0,0.0,0.0,0.0,0,0.0,0,2,0,0.0,0,0.0,0.0,,,69.0,199.0,22.991823529411764,1.0,Iowa,2022.0,2022.0,,,-4.0,0.08695652
2023,16,00-0037132,B.Covey,WR,PHI,NYG,0,0,0.0,0,0.0,0.0,0.0,0,0.0,0,1,1,7.0,0,0.7,1.7,,,68.0,170.0,26.653222222222222,1.0,Utah,2022.0,2022.0,,,8.0,0.027777778
2023,18,00-0037132,B.Covey,WR,PHI,NYG,0,0,0.0,0,0.0,0.0,0.0,0,0.0,0,5,3,35.0,0,3.5,6.5,,,68.0,170.0,26.653222222222222,1.0,Utah,2022.0,2022.0,,,,0.15151516
2023,18,00-0037156,I.Charles,WR,NYJ,NE,0,0,0.0,0,0.0,0.0,0.0,0,0.0,0,1,0,0.0,0,0.0,0.0,,,76.0,219.0,26.574529411764704,1.0,"Indiana, Pa.",2022.0,2022.0,,,,0.055555556
2023,3,00-0037157,Z.Knight,RB,DET,ATL,0,0,0.0,0,0.0,0.0,0.0,3,13.0,0,0,0,0.0,0,1.3,1.3,,,70.0,210.0,22.607,1.0,North Carolina State,2022.0,2022.0,,,14.0,
2023,5,00-0037157,Z.Knight,RB,DET,CAR,0,0,0.0,0,0.0,0.0,0.0,0,0.0,0,1,1,8.0,0,0.8,1.8,,,70.0,210.0,22.607,1.0,North Carolina State,2022.0,2022.0,,,18.0,0.037037037
2023,1,00-0037197,I.Pacheco,RB,KC,DET,0,0,0.0,0,0.0,0.0,0.0,8,23.0,0,4,4,31.0,0,5.4,9.4,,,70.0,215.0,24.72847619047619,1.0,Rutgers,2022.0,2022.0,KC,251.0,-1.0,0.10810811
2023,2,00-0037197,I.Pacheco,RB,KC,JAX,0,0,0.0,0,0.0,0.0,0.0,12,70.0,0,2,1,0.0,0,7.0,8.0,,,70.0,215.0,24.72847619047619,1.0,Rutgers,2022.0,2022.0,KC,251.0,,0.05
2023,3,00-0037197,I.Pacheco,RB,KC,CHI,0,0,0.0,0,0.0,0.0,0.0,15,62.0,1,3,2,16.0,0,13.8,15.8,,,70.0,215.0,24.72847619047619,1.0,Rutgers,2022.0,2022.0,KC,251.0,31.0,0.08108108
2023,4,00-0037197,I.Pacheco,RB,KC,NYJ,0,0,0.0,0,0.0,0.0,0.0,20,115.0,1,3,3,43.0,0,21.8,24.8,,,70.0,215.0,24.72847619047619,1.0,Rutgers,2022.0,2022.0,KC,251.0,,0.10344828
2023,5,00-0037197,I.Pacheco,RB,KC,MIN,0,0,0.0,0,0.0,0.0,0.0,16,55.0,1,1,1,9.0,0,12.4,13.4,,,70.0,215.0,24.72847619047619,1.0,Rutgers,2022.0,2022.0,KC,251.0,,0.025641026
2023,6,00-0037197,I.Pacheco,RB,KC,DEN,0,0,0.0,0,0.0,0.0,0.0,16,62.0,0,6,6,36.0,0,9.8,15.8,,,70.0,215.0,24.72847619047619,1.0,Rutgers,2022.0,2022.0,KC,251.0,11.0,0.15384616
2023,7,00-0037197,I.Pacheco,RB,KC,LAC,0,0,0.0,0,0.0,0.0,0.0,13,32.0,0,4,4,28.0,1,12.0,16.0,,,70.0,215.0,24.72847619047619,1.0,Rutgers,2022.0,2022.0,KC,251.0,14.0,0.1
2023,8,00-0037197,I.Pacheco,RB,KC,DEN,0,0,0.0,0,0.0,0.0,0.0,8,40.0,0,4,3,-3.0,0,3.7,6.7,,,70.0,215.0,24.72847619047619,1.0,Rutgers,2022.0,2022.0,KC,251.0,,0.10810811
2023,9,00-0037197,I.Pacheco,RB,KC,MIA,0,0,0.0,0,0.0,0.0,0.0,16,66.0,0,1,0,0.0,0,6.6,6.6,,,70.0,215.0,24.72847619047619,1.0,Rutgers,2022.0,2022.0,KC,251.0,7.0,0.035714287
2023,11,00-0037197,I.Pacheco,RB,KC,PHI,0,0,0.0,0,0.0,0.0,0.0,19,89.0,0,1,1,2.0,0,9.1,10.1,,,70.0,215.0,24.72847619047619,1.0,Rutgers,2022.0,2022.0,KC,251.0,-4.0,0.025641026
2023,12,00-0037197,I.Pacheco,RB,KC,LV,0,0,0.0,0,0.0,0.0,0.0,15,55.0,2,5,5,34.0,0,20.9,25.9,,,70.0,215.0,24.72847619047619,1.0,Rutgers,2022.0,2022.0,KC,251.0,,0.15625
2023,13,00-0037197,I.Pacheco,RB,KC,GB,0,0,0.0,0,0.0,0.0,0.0,18,110.0,1,4,3,13.0,0,18.3,21.3,,,70.0,215.0,24.72847619047619,1.0,Rutgers,2022.0,2022.0,KC,251.0,,0.13333334
2023,16,00-0037197,I.Pacheco,RB,KC,LV,0,0,0.0,0,0.0,0.0,0.0,11,26.0,1,4,4,0.0,0,6.6,10.6,,,70.0,215.0,24.72847619047619,1.0,Rutgers,2022.0,2022.0,KC,251.0,-6.0,0.09756097
2023,17,00-0037197,I.Pacheco,RB,KC,CIN,0,0,0.0,0,0.0,0.0,0.0,18,130.0,0,7,7,35.0,1,22.5,29.5,,,70.0,215.0,24.72847619047619,1.0,Rutgers,2022.0,2022.0,KC,251.0,8.0,0.25
2023,19,00-0037197,I.Pacheco,RB,KC,MIA,0,0,0.0,0,0.0,0.0,0.0,24,89.0,1,1,1,-1.0,0,14.8,15.8,,,70.0,215.0,24.72847619047619,1.0,Rutgers,2022.0,2022.0,KC,251.0,19.0,0.029411765
2023,20,00-0037197,I.Pacheco,RB,KC,BUF,0,0,0.0,0,0.0,0.0,0.0,15,97.0,1,1,1,14.0,0,17.1,18.1,,,70.0,215.0,24.72847619047619,1.0,Rutgers,2022.0,2022.0,KC,251.0,,0.04761905
2023,21,00-0037197,I.Pacheco,RB,KC,BAL,0,0,0.0,0,0.0,0.0,0.0,24,68.0,1,4,4,14.0,0,14.2,18.2,,,70.0,215.0,24.72847619047619,1.0,Rutgers,2022.0,2022.0,KC,251.0,,0.11111111
2023,22,00-0037197,I.Pacheco,RB,KC,SF,0,0,0.0,0,0.0,0.0,0.0,18,59.0,0,6,6,33.0,0,7.2,13.2,,,70.0,215.0,24.72847619047619,1.0,Rutgers,2022.0,2022.0,KC,251.0,3.0,0.14285715
2023,1,00-0037216,J.Ross,WR,KC,DET,0,0,0.0,0,0.0,0.0,0.0,0,0.0,0,1,1,6.0,0,0.6,1.6,,,76.0,205.0,23.939904761904764,1.0,Clemson,2022.0,2022.0,,,-1.0,0.027027028
2023,3,00-0037216,J.Ross,WR,KC,CHI,0,0,0.0,0,0.0,0.0,0.0,0,0.0,0,1,0,0.0,0,0.0,0.0,,,76.0,205.0,23.939904761904764,1.0,Clemson,2022.0,2022.0,,,31.0,0.027027028
2023,5,00-0037216,J.Ross,WR,KC,MIN,0,0,0.0,0,0.0,0.0,0.0,0,0.0,0,4,2,28.0,0,2.8,4.8,,,76.0,205.0,23.939904761904764,1.0,Clemson,2022.0,2022.0,,,,0.102564104
2023,16,00-0037216,J.Ross,WR,KC,LV,0,0,0.0,0,0.0,0.0,0.0,0,0.0,0,1,1,2.0,0,0.2,1.2,,,76.0,205.0,23.939904761904764,1.0,Clemson,2022.0,2022.0,,,-6.0,0.024390243
2023,18,00-0037216,J.Ross,WR,KC,LAC,0,0,0.0,0,0.0,0.0,0.0,0,0.0,0,4,2,17.0,0,1.7,3.7,,,76.0,205.0,23.939904761904764,1.0,Clemson,2022.0,2022.0,,,,0.13793103
2023,1,00-0037228,J.Warren,RB,PIT,SF,0,0,0.0,0,0.0,0.0,0.0,3,6.0,0,6,5,12.0,0,1.8,6.8,,,68.0,225.0,25.032722222222223,1.0,Oklahoma State,2022.0,2022.0,,,-23.0,0.13333334
2023,2,00-0037228,J.Warren,RB,PIT,CLE,0,0,0.0,0,0.0,0.0,0.0,6,20.0,0,6,4,66.0,0,8.6,12.6,,,68.0,225.0,25.032722222222223,1.0,Oklahoma State,2022.0,2022.0,,,4.0,0.20689656
2023,3,00-0037228,J.Warren,RB,PIT,LV,0,0,0.0,0,0.0,0.0,0.0,8,29.0,0,4,3,23.0,0,5.2,8.2,,,68.0,225.0,25.032722222222223,1.0,Oklahoma State,2022.0,2022.0,,,,0.14814815
2023,4,00-0037228,J.Warren,RB,PIT,HOU,0,0,0.0,0,0.0,0.0,0.0,8,29.0,0,6,6,26.0,0,5.5,11.5,,,68.0,225.0,25.032722222222223,1.0,Oklahoma State,2022.0,2022.0,,,,0.22222222
2023,5,00-0037228,J.Warren,RB,PIT,BAL,0,0,0.0,0,0.0,0.0,0.0,9,40.0,0,3,3,39.0,0,7.9,10.9,,,68.0,225.0,25.032722222222223,1.0,Oklahoma State,2022.0,2022.0,,,7.0,0.09677419
2023,7,00-0037228,J.Warren,RB,PIT,LA,0,0,0.0,0,0.0,0.0,0.0,6,32.0,1,2,1,-1.0,0,9.1,10.1,,,68.0,225.0,25.032722222222223,1.0,Oklahoma State,2022.0,2022.0,,,,0.08695652
2023,8,00-0037228,J.Warren,RB,PIT,JAX,0,0,0.0,0,0.0,0.0,0.0,5,19.0,0,5,4,19.0,0,3.8,7.8,,,68.0,225.0,25.032722222222223,1.0,Oklahoma State,2022.0,2022.0,,,-10.0,0.125
2023,9,00-0037228,J.Warren,RB,PIT,TEN,0,0,0.0,0,0.0,0.0,0.0,11,88.0,0,3,3,25.0,0,11.3,14.3,,,68.0,225.0,25.032722222222223,1.0,Oklahoma State,2022.0,2022.0,,,4.0,0.10344828
2023,10,00-0037228,J.Warren,RB,PIT,GB,0,0,0.0,0,0.0,0.0,0.0,15,101.0,1,4,2,9.0,0,17.0,19.0,,,68.0,225.0,25.032722222222223,1.0,Oklahoma State,2022.0,2022.0,,,4.0,0.18181819
2023,11,00-0037228,J.Warren,RB,PIT,CLE,0,0,0.0,0,0.0,0.0,0.0,9,129.0,1,3,3,16.0,0,20.5,23.5,,,68.0,225.0,25.032722222222223,1.0,Oklahoma State,2022.0,2022.0,,,,0.12
2023,12,00-0037228,J.Warren,RB,PIT,CIN,0,0,0.0,0,0.0,0.0,0.0,13,49.0,0,3,3,13.0,0,4.2,7.2,,,68.0,225.0,25.032722222222223,1.0,Oklahoma State,2022.0,2022.0,,,,0.09375
2023,13,00-0037228,J.Warren,RB,PIT,ARI,0,0,0.0,0,0.0,0.0,0.0,9,59.0,0,3,1,-4.0,0,5.5,6.5,,,68.0,225.0,25.032722222222223,1.0,Oklahoma State,2022.0,2022.0,,,-14.0,0.11111111
2023,14,00-0037228,J.Warren,RB,PIT,NE,0,0,0.0,0,0.0,0.0,0.0,7,11.0,0,5,4,29.0,0,4.0,8.0,,,68.0,225.0,25.032722222222223,1.0,Oklahoma State,2022.0,2022.0,,,-3.0,0.14285715
2023,15,00-0037228,J.Warren,RB,PIT,IND,0,0,0.0,0,0.0,0.0,0.0,10,40.0,0,6,5,28.0,0,6.8,11.8,,,68.0,225.0,25.032722222222223,1.0,Oklahoma State,2022.0,2022.0,,,,0.23076923
2023,16,00-0037228,J.Warren,RB,PIT,CIN,0,0,0.0,0,0.0,0.0,0.0,8,24.0,0,6,5,30.0,0,5.4,10.4,,,68.0,225.0,25.032722222222223,1.0,Oklahoma State,2022.0,2022.0,,,23.0,0.24
2023,17,00-0037228,J.Warren,RB,PIT,SEA,0,0,0.0,0,0.0,0.0,0.0,13,75.0,1,4,4,23.0,0,15.8,19.8,,,68.0,225.0,25.032722222222223,1.0,Oklahoma State,2022.0,2022.0,,,,0.1904762
2023,18,00-0037228,J.Warren,RB,PIT,BAL,0,0,0.0,0,0.0,0.0,0.0,9,33.0,0,5,5,17.0,0,3.0,8.0,,,68.0,225.0,25.032722222222223,1.0,Oklahoma State,2022.0,2022.0,,,,0.25
2023,19,00-0037228,J.Warren,RB,PIT,BUF,0,0,0.0,0,0.0,0.0,0.0,8,38.0,0,2,2,16.0,0,5.4,7.4,,,68.0,225.0,25.032722222222223,1.0,Oklahoma State,2022.0,2022.0,,,,0.05263158
2023,1,00-0037238,D.London,WR,ATL,CAR,0,0,0.0,0,0.0,0.0,0.0,0,0.0,0,1,0,0.0,0,0.0,0.0,,,76.0,210.0,22.29129411764706,1.0,Southern California,2022.0,2022.0,ATL,8.0,14.0,0.055555556
2023,2,00-0037238,D.London,WR,ATL,GB,0,0,0.0,0,0.0,0.0,0.0,0,0.0,0,8,6,67.0,1,12.7,18.7,,,76.0,210.0,22.29129411764706,1.0,Southern California,2022.0,2022.0,ATL,8.0,1.0,0.26666668
2023,3,00-0037238,D.London,WR,ATL,DET,0,0,0.0,0,0.0,0.0,0.0,0,0.0,0,6,2,31.0,0,3.1,5.1,,,76.0,210.0,22.29129411764706,1.0,Southern California,2022.0,2022.0,ATL,8.0,,0.15789473
2023,4,00-0037238,D.London,WR,ATL,JAX,0,0,0.0,0,0.0,0.0,0.0,0,0.0,0,7,3,28.0,1,8.8,11.8,,,76.0,210.0,22.29129411764706,1.0,Southern California,2022.0,2022.0,ATL,8.0,,0.23333333
2023,5,00-0037238,D.London,WR,ATL,HOU,1,1,22.0,0,0.0,0.0,-0.0,0,0.0,0,9,6,78.0,0,8.68,14.68,,,76.0,210.0,22.29129411764706,1.0,Southern California,2022.0,2022.0,ATL,8.0,2.0,0.23684211
2023,6,00-0037238,D.London,WR,ATL,WAS,0,0,0.0,0,0.0,0.0,0.0,0,0.0,0,12,9,125.0,0,12.5,21.5,,,76.0,210.0,22.29129411764706,1.0,Southern California,2022.0,2022.0,ATL,8.0,-8.0,0.27272728
2023,7,00-0037238,D.London,WR,ATL,TB,0,0,0.0,0,0.0,0.0,0.0,0,0.0,0,7,6,54.0,0,5.4,11.4,,,76.0,210.0,22.29129411764706,1.0,Southern California,2022.0,2022.0,ATL,8.0,,0.3043478
2023,8,00-0037238,D.London,WR,ATL,TEN,0,0,0.0,0,0.0,0.0,0.0,0,0.0,0,7,5,55.0,0,5.5,10.5,,,76.0,210.0,22.29129411764706,1.0,Southern California,2022.0,2022.0,ATL,8.0,,0.21212122
2023,10,00-0037238,D.London,WR,ATL,ARI,0,0,0.0,0,0.0,0.0,0.0,0,0.0,0,4,3,36.0,0,3.6,6.6,,,76.0,210.0,22.29129411764706,1.0,Southern California,2022.0,2022.0,ATL,8.0,,0.21052632
2023,12,00-0037238,D.London,WR,ATL,NO,0,0,0.0,0,0.0,0.0,0.0,0,0.0,0,7,5,91.0,0,9.1,14.1,,,76.0,210.0,22.29129411764706,1.0,Southern California,2022.0,2022.0,ATL,8.0,9.0,0.35
2023,13,00-0037238,D.London,WR,ATL,NYJ,0,0,0.0,0,0.0,0.0,0.0,0,0.0,0,5,1,8.0,0,0.8,1.8,,,76.0,210.0,22.29129411764706,1.0,Southern California,2022.0,2022.0,ATL,8.0,,0.2
2023,14,00-0037238,D.London,WR,ATL,TB,0,0,0.0,0,0.0,0.0,0.0,0,0.0,0,11,10,172.0,0,19.2,29.2,,,76.0,210.0,22.29129411764706,1.0,Southern California,2022.0,2022.0,ATL,8.0,-4.0,0.2820513
2023,15,00-0037238,D.London,WR,ATL,CAR,0,0,0.0,0,0.0,0.0,0.0,0,0.0,0,3,2,24.0,0,2.4,4.4,,,76.0,210.0,22.29129411764706,1.0,Southern California,2022.0,2022.0,ATL,8.0,,0.15789473
2023,16,00-0037238,D.London,WR,ATL,IND,0,0,0.0,0,0.0,0.0,0.0,0,0.0,0,4,3,39.0,0,3.9,6.9,,,76.0,210.0,22.29129411764706,1.0,Southern California,2022.0,2022.0,ATL,8.0,19.0,0.125
2023,17,00-0037238,D.London,WR,ATL,CHI,0,0,0.0,0,0.0,0.0,0.0,0,0.0,0,10,4,56.0,0,5.6,9.6,,,76.0,210.0,22.29129411764706,1.0,Southern California,2022.0,2022.0,ATL,8.0,,0.3125
2023,18,00-0037238,D.London,WR,ATL,NO,0,0,0.0,0,0.0,0.0,0.0,0,0.0,0,9,4,41.0,0,4.1,8.1,,,76.0,210.0,22.29129411764706,1.0,Southern California,2022.0,2022.0,ATL,8.0,,0.2647059
2023,1,00-0037239,C.Olave,WR,NO,TEN,0,0,0.0,0,0.0,0.0,0.0,0,0.0,0,10,8,112.0,0,11.2,19.2,,,72.0,185.0,23.363705882352942,1.0,Ohio State,2022.0,2022.0,NO,11.0,1.0,0.3030303
2023,2,00-0037239,C.Olave,WR,NO,CAR,0,0,0.0,0,0.0,0.0,0.0,0,0.0,0,11,6,86.0,0,8.6,14.6,,,72.0,185.0,23.363705882352942,1.0,Ohio State,2022.0,2022.0,NO,11.0,,0.32352942
2023,3,00-0037239,C.Olave,WR,NO,GB,0,0,0.0,0,0.0,0.0,0.0,0,0.0,0,11,8,104.0,0,10.4,18.4,,,72.0,185.0,23.363705882352942,1.0,Ohio State,2022.0,2022.0,NO,11.0,,0.32352942
2023,4,00-0037239,C.Olave,WR,NO,TB,0,0,0.0,0,0.0,0.0,0.0,0,0.0,0,6,1,4.0,0,0.4,1.4,,,72.0,185.0,23.363705882352942,1.0,Ohio State,2022.0,2022.0,NO,11.0,-17.0,0.15789473
2023,5,00-0037239,C.Olave,WR,NO,NE,0,0,0.0,0,0.0,0.0,0.0,0,0.0,0,5,2,12.0,1,7.2,9.2,,,72.0,185.0,23.363705882352942,1.0,Ohio State,2022.0,2022.0,NO,11.0,,0.2
2023,6,00-0037239,C.Olave,WR,NO,HOU,0,0,0.0,0,0.0,0.0,0.0,0,0.0,0,10,7,96.0,0,9.6,16.6,,,72.0,185.0,23.363705882352942,1.0,Ohio State,2022.0,2022.0,NO,11.0,,0.2173913
2023,7,00-0037239,C.Olave,WR,NO,JAX,0,0,0.0,0,0.0,0.0,0.0,0,0.0,0,15,7,57.0,0,5.7,12.7,,,72.0,185.0,23.363705882352942,1.0,Ohio State,2022.0,2022.0,NO,11.0,-7.0,0.28301886
2023,8,00-0037239,C.Olave,WR,NO,IND,0,0,0.0,0,0.0,0.0,0.0,0,0.0,0,9,5,46.0,0,4.6,9.6,,,72.0,185.0,23.363705882352942,1.0,Ohio State,2022.0,2022.0,NO,11.0,,0.31034482
2023,9,00-0037239,C.Olave,WR,NO,CHI,0,0,0.0,0,0.0,0.0,0.0,0,0.0,0,8,6,46.0,1,10.6,16.6,,,72.0,185.0,23.363705882352942,1.0,Ohio State,2022.0,2022.0,NO,11.0,7.0,0.25
2023,10,00-0037239,C.Olave,WR,NO,MIN,0,0,0.0,0,0.0,0.0,0.0,0,0.0,0,9,6,94.0,1,15.4,21.4,,,72.0,185.0,23.363705882352942,1.0,Ohio State,2022.0,2022.0,NO,11.0,,0.225
2023,12,00-0037239,C.Olave,WR,NO,ATL,0,0,0.0,0,0.0,0.0,0.0,0,0.0,0,9,7,114.0,0,11.4,18.4,,,72.0,185.0,23.363705882352942,1.0,Ohio State,2022.0,2022.0,NO,11.0,,0.24324325
2023,13,00-0037239,C.Olave,WR,NO,DET,0,0,0.0,0,0.0,0.0,0.0,0,0.0,0,8,5,119.0,0,11.9,16.9,,,72.0,185.0,23.363705882352942,1.0,Ohio State,2022.0,2022.0,NO,11.0,-5.0,0.27586207
2023,14,00-0037239,C.Olave,WR,NO,CAR,0,0,0.0,0,0.0,0.0,0.0,0,0.0,0,5,4,28.0,1,8.8,12.8,,,72.0,185.0,23.363705882352942,1.0,Ohio State,2022.0,2022.0,NO,11.0,22.0,0.22727273
2023,16,00-0037239,C.Olave,WR,NO,LA,0,0,0.0,0,0.0,0.0,0.0,0,0.0,0,13,9,123.0,0,14.3,23.3,,,72.0,185.0,23.363705882352942,1.0,Ohio State,2022.0,2022.0,NO,11.0,,0.325
2023,17,00-0037239,C.Olave,WR,NO,TB,0,0,0.0,0,0.0,0.0,0.0,0,0.0,0,6,3,26.0,0,2.6,5.6,,,72.0,185.0,23.363705882352942,1.0,Ohio State,2022.0,2022.0,NO,11.0,,0.1764706
2023,18,00-0037239,C.Olave,WR,NO,ATL,0,0,0.0,0,0.0,0.0,0.0,0,0.0,0,3,3,56.0,1,11.6,14.6,,,72.0,185.0,23.363705882352942,1.0,Ohio State,2022.0,2022.0,NO,11.0,31.0,0.12
2023,5,00-0037240,J.Williams,WR,DET,CAR,0,0,0.0,0,0.0,0.0,0.0,0,0.0,0,3,2,2.0,0,0.2,2.2,,,73.0,189.0,22.65075,1.0,Alabama,2022.0,2022.0,DET,12.0,18.0,0.11111111
2023,6,00-0037240,J.Williams,WR,DET,TB,0,0,0.0,0,0.0,0.0,0.0,0,0.0,0,3,2,53.0,1,11.3,13.3,,,73.0,189.0,22.65075,1.0,Alabama,2022.0,2022.0,DET,12.0,,0.07317073
2023,7,00-0037240,J.Williams,WR,DET,BAL,0,0,0.0,0,0.0,0.0,0.0,0,0.0,0,6,0,0.0,0,0.0,0.0,,,73.0,189.0,22.65075,1.0,Alabama,2022.0,2022.0,DET,12.0,,0.12244898
2023,8,00-0037240,J.Williams,WR,DET,LV,0,0,0.0,0,0.0,0.0,0.0,0,0.0,0,3,2,16.0,0,1.6,3.6,,,73.0,189.0,22.65075,1.0,Alabama,2022.0,2022.0,DET,12.0,12.0,0.0882353
2023,10,00-0037240,J.Williams,WR,DET,LAC,0,0,0.0,0,0.0,0.0,0.0,0,0.0,0,2,2,18.0,0,1.8,3.8,,,73.0,189.0,22.65075,1.0,Alabama,2022.0,2022.0,DET,12.0,,0.0625
2023,11,00-0037240,J.Williams,WR,DET,CHI,0,0,0.0,0,0.0,0.0,0.0,0,0.0,0,3,2,44.0,1,10.4,12.4,,,73.0,189.0,22.65075,1.0,Alabama,2022.0,2022.0,DET,12.0,5.0,0.09375
2023,12,00-0037240,J.Williams,WR,DET,GB,0,0,0.0,0,0.0,0.0,0.0,0,0.0,0,3,2,51.0,0,5.1,7.1,,,73.0,189.0,22.65075,1.0,Alabama,2022.0,2022.0,DET,12.0,-7.0,0.071428575
2023,13,00-0037240,J.Williams,WR,DET,NO,0,0,0.0,0,0.0,0.0,0.0,1,19.0,1,1,1,11.0,0,9.0,10.0,,,73.0,189.0,22.65075,1.0,Alabama,2022.0,2022.0,DET,12.0,,0.04
2023,14,00-0037240,J.Williams,WR,DET,CHI,0,0,0.0,0,0.0,0.0,0.0,1,4.0,0,2,0,0.0,0,0.4,0.4,,,73.0,189.0,22.65075,1.0,Alabama,2022.0,2022.0,DET,12.0,,0.05882353
2023,15,00-0037240,J.Williams,WR,DET,DEN,0,0,0.0,0,0.0,0.0,0.0,0,0.0,0,7,4,47.0,0,4.7,8.7,,,73.0,189.0,22.65075,1.0,Alabama,2022.0,2022.0,DET,12.0,25.0,0.21875
2023,16,00-0037240,J.Williams,WR,DET,MIN,0,0,0.0,0,0.0,0.0,0.0,0,0.0,0,6,5,43.0,0,4.3,9.3,,,73.0,189.0,22.65075,1.0,Alabama,2022.0,2022.0,DET,12.0,,0.15384616
2023,17,00-0037240,J.Williams,WR,DET,DAL,0,0,0.0,0,0.0,0.0,0.0,1,6.0,0,3,2,69.0,0,7.5,9.5,,,73.0,189.0,22.65075,1.0,Alabama,2022.0,2022.0,DET,12.0,,0.09375
2023,19,00-0037240,J.Williams,WR,DET,LA,0,0,0.0,0,0.0,0.0,0.0,0,0.0,0,2,2,19.0,0,1.9,3.9,,,73.0,189.0,22.65075,1.0,Alabama,2022.0,2022.0,DET,12.0,1.0,0.07692308
2023,20,00-0037240,J.Williams,WR,DET,TB,0,0,0.0,0,0.0,0.0,0.0,0,0.0,0,4,2,35.0,0,3.5,5.5,,,73.0,189.0,22.65075,1.0,Alabama,2022.0,2022.0,DET,12.0,8.0,0.0952381
2023,21,00-0037240,J.Williams,WR,DET,SF,0,0,0.0,0,0.0,0.0,0.0,1,42.0,1,3,2,25.0,1,18.7,20.7,,,73.0,189.0,22.65075,1.0,Alabama,2022.0,2022.0,DET,12.0,,0.075
2023,1,00-0037247,G.Pickens,WR,PIT,SF,0,0,0.0,0,0.0,0.0,0.0,0,0.0,0,7,5,36.0,0,3.6,8.6,,,75.0,200.0,22.694499999999998,1.0,Georgia,2022.0,2022.0,PIT,52.0,-23.0,0.15555556
2023,2,00-0037247,G.Pickens,WR,PIT,CLE,0,0,0.0,0,0.0,0.0,0.0,0,0.0,0,10,4,127.0,1,18.7,22.7,,,75.0,200.0,22.694499999999998,1.0,Georgia,2022.0,2022.0,PIT,52.0,4.0,0.3448276
2023,3,00-0037247,G.Pickens,WR,PIT,LV,0,0,0.0,0,0.0,0.0,0.0,0,0.0,0,6,4,75.0,0,7.5,11.5,,,75.0,200.0,22.694499999999998,1.0,Georgia,2022.0,2022.0,PIT,52.0,,0.22222222
2023,4,00-0037247,G.Pickens,WR,PIT,HOU,0,0,0.0,0,0.0,0.0,0.0,0,0.0,0,7,3,25.0,0,2.5,5.5,,,75.0,200.0,22.694499999999998,1.0,Georgia,2022.0,2022.0,PIT,52.0,,0.25925925
2023,5,00-0037247,G.Pickens,WR,PIT,BAL,0,0,0.0,0,0.0,0.0,0.0,1,16.0,0,10,6,130.0,1,20.6,26.6,,,75.0,200.0,22.694499999999998,1.0,Georgia,2022.0,2022.0,PIT,52.0,7.0,0.32258064
2023,7,00-0037247,G.Pickens,WR,PIT,LA,0,0,0.0,0,0.0,0.0,0.0,0,0.0,0,8,5,107.0,0,10.7,15.7,,,75.0,200.0,22.694499999999998,1.0,Georgia,2022.0,2022.0,PIT,52.0,,0.3478261
2023,8,00-0037247,G.Pickens,WR,PIT,JAX,0,0,0.0,0,0.0,0.0,0.0,0,0.0,0,5,1,22.0,1,8.2,9.2,,,75.0,200.0,22.694499999999998,1.0,Georgia,2022.0,2022.0,PIT,52.0,-10.0,0.125
2023,9,00-0037247,G.Pickens,WR,PIT,TEN,0,0,0.0,0,0.0,0.0,0.0,0,0.0,0,5,2,-1.0,0,-0.1,1.9,,,75.0,200.0,22.694499999999998,1.0,Georgia,2022.0,2022.0,PIT,52.0,4.0,0.1724138
2023,10,00-0037247,G.Pickens,WR,PIT,GB,0,0,0.0,0,0.0,0.0,0.0,0,0.0,0,4,3,45.0,0,4.5,7.5,,,75.0,200.0,22.694499999999998,1.0,Georgia,2022.0,2022.0,PIT,52.0,4.0,0.18181819
2023,11,00-0037247,G.Pickens,WR,PIT,CLE,0,0,0.0,0,0.0,0.0,0.0,1,-1.0,0,6,4,38.0,0,3.7,7.7,,,75.0,200.0,22.694499999999998,1.0,Georgia,2022.0,2022.0,PIT,52.0,,0.24
2023,12,00-0037247,G.Pickens,WR,PIT,CIN,0,0,0.0,0,0.0,0.0,0.0,0,0.0,0,5,3,58.0,0,5.8,8.8,,,75.0,200.0,22.694499999999998,1.0,Georgia,2022.0,2022.0,PIT,52.0,,0.15625
2023,13,00-0037247,G.Pickens,WR,PIT,ARI,0,0,0.0,0,0.0,0.0,0.0,0,0.0,0,5,4,86.0,0,8.6,12.6,,,75.0,200.0,22.694499999999998,1.0,Georgia,2022.0,2022.0,PIT,52.0,-14.0,0.18518518
2023,14,00-0037247,G.Pickens,WR,PIT,NE,0,0,0.0,0,0.0,0.0,0.0,0,0.0,0,6,5,19.0,0,1.9,6.9,,,75.0,200.0,22.694499999999998,1.0,Georgia,2022.0,2022.0,PIT,52.0,-3.0,0.17142858
2023,15,00-0037247,G.Pickens,WR,PIT,IND,0,0,0.0,0,0.0,0.0,0.0,0,0.0,0,7,3,47.0,0,4.7,7.7,,,75.0,200.0,22.694499999999998,1.0,Georgia,2022.0,2022.0,PIT,52.0,,0.26923078
2023,16,00-0037247,G.Pickens,WR,PIT,CIN,0,0,0.0,0,0.0,0.0,0.0,0,0.0,0,6,4,195.0,2,31.5,35.5,,,75.0,200.0,22.694499999999998,1.0,Georgia,2022.0,2022.0,PIT,52.0,23.0,0.24
2023,17,00-0037247,G.Pickens,WR,PIT,SEA,0,0,0.0,0,0.0,0.0,0.0,0,0.0,0,9,7,131.0,0,13.1,20.1,,,75.0,200.0,22.694499999999998,1.0,Georgia,2022.0,2022.0,PIT,52.0,,0.42857143
2023,18,00-0037247,G.Pickens,WR,PIT,BAL,0,0,0.0,0,0.0,0.0,0.0,1,3.0,0,0,0,0.0,0,0.3,0.3,,,75.0,200.0,22.694499999999998,1.0,Georgia,2022.0,2022.0,PIT,52.0,,
2023,19,00-0037247,G.Pickens,WR,PIT,BUF,0,0,0.0,0,0.0,0.0,0.0,1,15.0,0,11,5,50.0,0,4.5,9.5,,,75.0,200.0,22.694499999999998,1.0,Georgia,2022.0,2022.0,PIT,52.0,,0.28947368
2023,1,00-0037248,J.Cook,RB,BUF,NYJ,0,0,0.0,0,0.0,0.0,0.0,12,46.0,0,6,4,17.0,0,6.3,10.3,,,71.0,190.0,24.13842105263158,1.0,Georgia,2022.0,2022.0,BUF,63.0,,0.15384616
2023,2,00-0037248,J.Cook,RB,BUF,LV,0,0,0.0,0,0.0,0.0,0.0,17,123.0,0,4,4,36.0,0,15.9,19.9,,,71.0,190.0,24.13842105263158,1.0,Georgia,2022.0,2022.0,BUF,63.0,28.0,0.11111111
2023,3,00-0037248,J.Cook,RB,BUF,WAS,0,0,0.0,0,0.0,0.0,0.0,15,98.0,0,3,2,14.0,0,11.2,13.2,,,71.0,190.0,24.13842105263158,1.0,Georgia,2022.0,2022.0,BUF,63.0,,0.09375
2023,4,00-0037248,J.Cook,RB,BUF,MIA,0,0,0.0,0,0.0,0.0,0.0,12,29.0,1,1,1,48.0,0,13.7,14.7,,,71.0,190.0,24.13842105263158,1.0,Georgia,2022.0,2022.0,BUF,63.0,28.0,0.04
2023,5,00-0037248,J.Cook,RB,BUF,JAX,0,0,0.0,0,0.0,0.0,0.0,5,-4.0,0,4,3,25.0,0,2.1,5.1,,,71.0,190.0,24.13842105263158,1.0,Georgia,2022.0,2022.0,BUF,63.0,-5.0,0.11111111
2023,6,00-0037248,J.Cook,RB,BUF,NYG,0,0,0.0,0,0.0,0.0,0.0,14,71.0,0,0,0,0.0,0,7.1,7.1,,,71.0,190.0,24.13842105263158,1.0,Georgia,2022.0,2022.0,BUF,63.0,5.0,
2023,7,00-0037248,J.Cook,RB,BUF,NE,0,0,0.0,0,0.0,0.0,0.0,13,56.0,0,3,3,46.0,1,16.2,19.2,,,71.0,190.0,24.13842105263158,1.0,Georgia,2022.0,2022.0,BUF,63.0,,0.07692308
2023,8,00-0037248,J.Cook,RB,BUF,TB,0,0,0.0,0,0.0,0.0,0.0,14,67.0,0,1,1,6.0,0,7.3,8.3,,,71.0,190.0,24.13842105263158,1.0,Georgia,2022.0,2022.0,BUF,63.0,6.0,0.025641026
2023,9,00-0037248,J.Cook,RB,BUF,CIN,0,0,0.0,0,0.0,0.0,0.0,6,20.0,0,4,4,19.0,0,3.9,7.9,,,71.0,190.0,24.13842105263158,1.0,Georgia,2022.0,2022.0,BUF,63.0,,0.125
2023,10,00-0037248,J.Cook,RB,BUF,DEN,0,0,0.0,0,0.0,0.0,0.0,12,109.0,0,2,2,11.0,0,10.0,12.0,,,71.0,190.0,24.13842105263158,1.0,Georgia,2022.0,2022.0,BUF,63.0,-2.0,0.08
2023,11,00-0037248,J.Cook,RB,BUF,NYJ,0,0,0.0,0,0.0,0.0,0.0,17,73.0,0,4,3,29.0,1,16.2,19.2,,,71.0,190.0,24.13842105263158,1.0,Georgia,2022.0,2022.0,BUF,63.0,26.0,0.13793103
2023,12,00-0037248,J.Cook,RB,BUF,PHI,0,0,0.0,0,0.0,0.0,0.0,16,43.0,0,7,6,57.0,0,10.0,16.0,,,71.0,190.0,24.13842105263158,1.0,Georgia,2022.0,2022.0,BUF,63.0,,0.14285715
2023,14,00-0037248,J.Cook,RB,BUF,KC,0,0,0.0,0,0.0,0.0,0.0,10,58.0,0,5,5,83.0,1,20.1,25.1,,,71.0,190.0,24.13842105263158,1.0,Georgia,2022.0,2022.0,BUF,63.0,,0.1388889
2023,15,00-0037248,J.Cook,RB,BUF,DAL,0,0,0.0,0,0.0,0.0,0.0,25,179.0,1,3,2,42.0,1,34.1,36.1,,,71.0,190.0,24.13842105263158,1.0,Georgia,2022.0,2022.0,BUF,63.0,21.0,0.23076923
2023,16,00-0037248,J.Cook,RB,BUF,LAC,0,0,0.0,0,0.0,0.0,0.0,20,70.0,0,0,0,0.0,0,5.0,5.0,,,71.0,190.0,24.13842105263158,1.0,Georgia,2022.0,2022.0,BUF,63.0,,
2023,17,00-0037248,J.Cook,RB,BUF,NE,0,0,0.0,0,0.0,0.0,0.0,16,48.0,0,3,1,-4.0,0,4.4,5.4,,,71.0,190.0,24.13842105263158,1.0,Georgia,2022.0,2022.0,BUF,63.0,6.0,0.10714286
2023,18,00-0037248,J.Cook,RB,BUF,MIA,0,0,0.0,0,0.0,0.0,0.0,13,36.0,0,4,3,16.0,0,5.2,8.2,,,71.0,190.0,24.13842105263158,1.0,Georgia,2022.0,2022.0,BUF,63.0,,0.10810811
2023,19,00-0037248,J.Cook,RB,BUF,PIT,0,0,0.0,0,0.0,0.0,0.0,18,79.0,0,4,4,5.0,0,8.4,12.4,,,71.0,190.0,24.13842105263158,1.0,Georgia,2022.0,2022.0,BUF,63.0,14.0,0.13333334
2023,20,00-0037248,J.Cook,RB,BUF,KC,0,0,0.0,0,0.0,0.0,0.0,18,61.0,0,5,4,21.0,0,8.2,12.2,,,71.0,190.0,24.13842105263158,1.0,Georgia,2022.0,2022.0,BUF,63.0,-3.0,0.13513513
2023,1,00-0037252,G.Dulcich,TE,DEN,LV,0,0,0.0,0,0.0,0.0,0.0,0,0.0,0,2,2,22.0,0,2.2,4.2,,,76.0,250.0,23.620941176470588,1.0,UCLA,2022.0,2022.0,DEN,80.0,-1.0,0.0625
2023,6,00-0037252,G.Dulcich,TE,DEN,KC,0,0,0.0,0,0.0,0.0,0.0,0,0.0,0,2,1,3.0,0,0.3,1.3,,,76.0,250.0,23.620941176470588,1.0,UCLA,2022.0,2022.0,DEN,80.0,,0.09090909
2023,1,00-0037256,R.White,RB,TB,MIN,0,0,0.0,0,0.0,0.0,0.0,17,39.0,0,2,2,10.0,0,4.9,6.9,,,72.0,210.0,24.847315789473683,1.0,Arizona State,2022.0,2022.0,TB,91.0,,0.0625
2023,2,00-0037256,R.White,RB,TB,CHI,0,0,0.0,0,0.0,0.0,0.0,17,73.0,1,5,5,30.0,0,16.3,21.3,,,72.0,210.0,24.847315789473683,1.0,Arizona State,2022.0,2022.0,TB,91.0,10.0,0.15625
2023,3,00-0037256,R.White,RB,TB,PHI,0,0,0.0,0,0.0,0.0,0.0,14,38.0,0,3,3,24.0,0,4.2,7.2,,,72.0,210.0,24.847315789473683,1.0,Arizona State,2022.0,2022.0,TB,91.0,-14.0,0.12
2023,4,00-0037256,R.White,RB,TB,NO,0,0,0.0,0,0.0,0.0,0.0,15,56.0,0,3,3,22.0,0,7.8,10.8,,,72.0,210.0,24.847315789473683,1.0,Arizona State,2022.0,2022.0,TB,91.0,,0.1
2023,6,00-0037256,R.White,RB,TB,DET,0,0,0.0,0,0.0,0.0,0.0,7,26.0,0,4,3,12.0,0,3.8,6.8,,,72.0,210.0,24.847315789473683,1.0,Arizona State,2022.0,2022.0,TB,91.0,-14.0,0.10810811
2023,7,00-0037256,R.White,RB,TB,ATL,0,0,0.0,0,0.0,0.0,0.0,13,34.0,0,6,6,65.0,0,9.9,15.9,,,72.0,210.0,24.847315789473683,1.0,Arizona State,2022.0,2022.0,TB,91.0,-3.0,0.14634146
2023,8,00-0037256,R.White,RB,TB,BUF,0,0,0.0,0,0.0,0.0,0.0,9,39.0,0,7,7,70.0,0,10.9,17.9,,,72.0,210.0,24.847315789473683,1.0,Arizona State,2022.0,2022.0,TB,91.0,,0.17948718
2023,9,00-0037256,R.White,RB,TB,HOU,0,0,0.0,0,0.0,0.0,0.0,20,73.0,2,4,4,46.0,0,23.9,27.9,,,72.0,210.0,24.847315789473683,1.0,Arizona State,2022.0,2022.0,TB,91.0,,0.13333334
2023,10,00-0037256,R.White,RB,TB,TEN,0,0,0.0,0,0.0,0.0,0.0,20,51.0,0,3,2,47.0,1,15.8,17.8,,,72.0,210.0,24.847315789473683,1.0,Arizona State,2022.0,2022.0,TB,91.0,14.0,0.10344828
2023,11,00-0037256,R.White,RB,TB,SF,0,0,0.0,0,0.0,0.0,0.0,9,30.0,1,7,6,28.0,0,11.8,17.8,,,72.0,210.0,24.847315789473683,1.0,Arizona State,2022.0,2022.0,TB,91.0,,0.1627907
2023,12,00-0037256,R.White,RB,TB,IND,0,0,0.0,0,0.0,0.0,0.0,15,100.0,0,2,2,10.0,0,11.0,13.0,,,72.0,210.0,24.847315789473683,1.0,Arizona State,2022.0,2022.0,TB,91.0,,0.06666667
2023,13,00-0037256,R.White,RB,TB,CAR,0,0,0.0,0,0.0,0.0,0.0,20,84.0,1,5,3,22.0,0,16.6,19.6,,,72.0,210.0,24.847315789473683,1.0,Arizona State,2022.0,2022.0,TB,91.0,3.0,0.18518518
2023,14,00-0037256,R.White,RB,TB,ATL,0,0,0.0,0,0.0,0.0,0.0,25,102.0,0,2,2,33.0,1,19.5,21.5,,,72.0,210.0,24.847315789473683,1.0,Arizona State,2022.0,2022.0,TB,91.0,,0.06896552
2023,15,00-0037256,R.White,RB,TB,GB,0,0,0.0,0,0.0,0.0,0.0,21,89.0,0,2,2,50.0,1,19.9,21.9,,,72.0,210.0,24.847315789473683,1.0,Arizona State,2022.0,2022.0,TB,91.0,,0.074074075
2023,16,00-0037256,R.White,RB,TB,JAX,0,0,0.0,0,0.0,0.0,0.0,20,39.0,1,7,6,38.0,0,13.7,19.7,,,72.0,210.0,24.847315789473683,1.0,Arizona State,2022.0,2022.0,TB,91.0,18.0,0.2
2023,17,00-0037256,R.White,RB,TB,NO,0,0,0.0,0,0.0,0.0,0.0,11,42.0,0,4,4,24.0,0,4.6,8.6,,,72.0,210.0,24.847315789473683,1.0,Arizona State,2022.0,2022.0,TB,91.0,-10.0,0.121212125
2023,18,00-0037256,R.White,RB,TB,CAR,0,0,0.0,0,0.0,0.0,0.0,19,75.0,0,4,4,18.0,0,9.3,13.3,,,72.0,210.0,24.847315789473683,1.0,Arizona State,2022.0,2022.0,TB,91.0,,0.12903225
2023,19,00-0037256,R.White,RB,TB,PHI,0,0,0.0,0,0.0,0.0,0.0,18,72.0,0,3,1,3.0,0,7.5,8.5,,,72.0,210.0,24.847315789473683,1.0,Arizona State,2022.0,2022.0,TB,91.0,23.0,0.08571429
2023,20,00-0037256,R.White,RB,TB,DET,0,0,0.0,0,0.0,0.0,0.0,9,55.0,0,5,4,36.0,1,15.1,19.1,,,72.0,210.0,24.847315789473683,1.0,Arizona State,2022.0,2022.0,TB,91.0,,0.12820514
2023,1,00-0037257,D.Bell,WR,CLE,CIN,0,0,0.0,0,0.0,0.0,0.0,0,0.0,0,1,0,0.0,0,0.0,0.0,,,73.0,205.0,22.915222222222223,1.0,Purdue,2022.0,2022.0,CLE,99.0,21.0,0.03448276
2023,2,00-0037257,D.Bell,WR,CLE,PIT,0,0,0.0,0,0.0,0.0,0.0,0,0.0,0,3,3,27.0,0,2.7,5.7,,,73.0,205.0,22.915222222222223,1.0,Purdue,2022.0,2022.0,CLE,99.0,,0.075
2023,6,00-0037257,D.Bell,WR,CLE,SF,0,0,0.0,0,0.0,0.0,0.0,0,0.0,0,3,1,6.0,0,0.6,1.6,,,73.0,205.0,22.915222222222223,1.0,Purdue,2022.0,2022.0,CLE,99.0,2.0,0.09090909
2023,12,00-0037257,D.Bell,WR,CLE,DEN,0,0,0.0,0,0.0,0.0,0.0,0,0.0,0,2,0,0.0,0,0.0,0.0,,,73.0,205.0,22.915222222222223,1.0,Purdue,2022.0,2022.0,CLE,99.0,,0.051282052
2023,13,00-0037257,D.Bell,WR,CLE,LA,0,0,0.0,0,0.0,0.0,0.0,0,0.0,0,2,2,12.0,0,1.2,3.2,,,73.0,205.0,22.915222222222223,1.0,Purdue,2022.0,2022.0,CLE,99.0,,0.048780486
2023,14,00-0037257,D.Bell,WR,CLE,JAX,0,0,0.0,0,0.0,0.0,0.0,0,0.0,0,3,1,41.0,1,10.1,11.1,,,73.0,205.0,22.915222222222223,1.0,Purdue,2022.0,2022.0,CLE,99.0,4.0,0.069767445
2023,16,00-0037257,D.Bell,WR,CLE,HOU,0,0,0.0,0,0.0,0.0,0.0,0,0.0,0,2,1,6.0,0,0.6,1.6,,,73.0,205.0,22.915222222222223,1.0,Purdue,2022.0,2022.0,CLE,99.0,,0.046511628
2023,17,00-0037257,D.Bell,WR,CLE,NYJ,0,0,0.0,0,0.0,0.0,0.0,0,0.0,0,3,2,7.0,0,0.7,2.7,,,73.0,205.0,22.915222222222223,1.0,Purdue,2022.0,2022.0,CLE,99.0,17.0,0.10344828
2023,18,00-0037257,D.Bell,WR,CLE,CIN,0,0,0.0,0,0.0,0.0,0.0,0,0.0,0,4,4,68.0,2,18.8,22.8,,,73.0,205.0,22.915222222222223,1.0,Purdue,2022.0,2022.0,CLE,99.0,,0.16
2023,19,00-0037257,D.Bell,WR,CLE,HOU,0,0,0.0,0,0.0,0.0,0.0,0,0.0,0,8,8,54.0,0,5.4,13.4,,,73.0,205.0,22.915222222222223,1.0,Purdue,2022.0,2022.0,CLE,99.0,,0.18604651
2023,1,00-0037258,D.Pierce,RB,HOU,BAL,0,0,0.0,0,0.0,0.0,0.0,11,38.0,0,3,2,9.0,0,4.7,6.7,,,70.0,215.0,23.741684210526316,1.0,Florida,2022.0,2022.0,HOU,107.0,,0.069767445
2023,2,00-0037258,D.Pierce,RB,HOU,IND,0,0,0.0,0,0.0,0.0,0.0,15,31.0,0,3,2,4.0,0,3.5,5.5,,,70.0,215.0,23.741684210526316,1.0,Florida,2022.0,2022.0,HOU,107.0,-11.0,0.069767445
2023,3,00-0037258,D.Pierce,RB,HOU,JAX,0,0,0.0,0,0.0,0.0,0.0,14,31.0,1,3,3,28.0,0,11.9,14.9,,,70.0,215.0,23.741684210526316,1.0,Florida,2022.0,2022.0,HOU,107.0,,0.10344828
2023,4,00-0037258,D.Pierce,RB,HOU,PIT,0,0,0.0,0,0.0,0.0,0.0,24,81.0,0,2,1,27.0,0,10.8,11.8,,,70.0,215.0,23.741684210526316,1.0,Florida,2022.0,2022.0,HOU,107.0,24.0,0.074074075
2023,5,00-0037258,D.Pierce,RB,HOU,ATL,0,0,0.0,0,0.0,0.0,0.0,20,66.0,0,1,1,16.0,0,8.2,9.2,,,70.0,215.0,23.741684210526316,1.0,Florida,2022.0,2022.0,HOU,107.0,,0.03125
2023,6,00-0037258,D.Pierce,RB,HOU,NO,0,0,0.0,0,0.0,0.0,0.0,13,34.0,0,0,0,0.0,0,3.4,3.4,,,70.0,215.0,23.741684210526316,1.0,Florida,2022.0,2022.0,HOU,107.0,7.0,
2023,8,00-0037258,D.Pierce,RB,HOU,CAR,0,0,0.0,0,0.0,0.0,0.0,12,46.0,0,0,0,0.0,0,4.6,4.6,,,70.0,215.0,23.741684210526316,1.0,Florida,2022.0,2022.0,HOU,107.0,,
2023,12,00-0037258,D.Pierce,RB,HOU,JAX,0,0,0.0,0,0.0,0.0,0.0,5,14.0,0,1,1,4.0,0,1.8,2.8,,,70.0,215.0,23.741684210526316,1.0,Florida,2022.0,2022.0,HOU,107.0,-3.0,0.027777778
2023,13,00-0037258,D.Pierce,RB,HOU,DEN,0,0,0.0,0,0.0,0.0,0.0,15,41.0,1,0,0,0.0,0,10.1,10.1,,,70.0,215.0,23.741684210526316,1.0,Florida,2022.0,2022.0,HOU,107.0,5.0,
2023,14,00-0037258,D.Pierce,RB,HOU,NYJ,0,0,0.0,0,0.0,0.0,0.0,4,9.0,0,1,1,-2.0,0,0.7,1.7,,,70.0,215.0,23.741684210526316,1.0,Florida,2022.0,2022.0,HOU,107.0,,0.037037037
2023,15,00-0037258,D.Pierce,RB,HOU,TEN,0,0,0.0,0,0.0,0.0,0.0,1,3.0,0,0,0,0.0,0,0.3,0.3,,,70.0,215.0,23.741684210526316,1.0,Florida,2022.0,2022.0,HOU,107.0,,
2023,16,00-0037258,D.Pierce,RB,HOU,CLE,0,0,0.0,0,0.0,0.0,0.0,3,6.0,0,2,1,10.0,0,7.6,8.6,,,70.0,215.0,23.741684210526316,1.0,Florida,2022.0,2022.0,HOU,107.0,-14.0,0.041666668
2023,17,00-0037258,D.Pierce,RB,HOU,TEN,0,0,0.0,0,0.0,0.0,0.0,8,16.0,0,1,1,5.0,0,2.1,3.1,,,70.0,215.0,23.741684210526316,1.0,Florida,2022.0,2022.0,HOU,107.0,23.0,0.032258064
2023,19,00-0037258,D.Pierce,RB,HOU,CLE,0,0,0.0,0,0.0,0.0,0.0,3,0.0,0,0,0,0.0,0,0.0,0.0,,,70.0,215.0,23.741684210526316,1.0,Florida,2022.0,2022.0,HOU,107.0,31.0,
2023,2,00-0037261,K.Shakir,WR,BUF,LV,0,0,0.0,0,0.0,0.0,0.0,0,0.0,0,1,1,11.0,1,7.1,8.1,,,72.0,190.0,23.779631578947367,1.0,Boise State,2022.0,2022.0,BUF,148.0,28.0,0.027777778
2023,3,00-0037261,K.Shakir,WR,BUF,WAS,0,0,0.0,0,0.0,0.0,0.0,0,0.0,0,1,1,5.0,0,0.5,1.5,,,72.0,190.0,23.779631578947367,1.0,Boise State,2022.0,2022.0,BUF,148.0,,0.03125
2023,4,00-0037261,K.Shakir,WR,BUF,MIA,0,0,0.0,0,0.0,0.0,0.0,0,0.0,0,1,0,0.0,0,0.0,0.0,,,72.0,190.0,23.779631578947367,1.0,Boise State,2022.0,2022.0,BUF,148.0,28.0,0.04
2023,5,00-0037261,K.Shakir,WR,BUF,JAX,0,0,0.0,0,0.0,0.0,0.0,0,0.0,0,1,1,11.0,0,1.1,2.1,,,72.0,190.0,23.779631578947367,1.0,Boise State,2022.0,2022.0,BUF,148.0,-5.0,0.027777778
2023,6,00-0037261,K.Shakir,WR,BUF,NYG,0,0,0.0,0,0.0,0.0,0.0,0,0.0,0,1,1,13.0,0,1.3,2.3,,,72.0,190.0,23.779631578947367,1.0,Boise State,2022.0,2022.0,BUF,148.0,5.0,0.03448276
2023,7,00-0037261,K.Shakir,WR,BUF,NE,0,0,0.0,0,0.0,0.0,0.0,0,0.0,0,4,4,35.0,0,3.5,7.5,,,72.0,190.0,23.779631578947367,1.0,Boise State,2022.0,2022.0,BUF,148.0,,0.102564104
2023,8,00-0037261,K.Shakir,WR,BUF,TB,0,0,0.0,0,0.0,0.0,0.0,0,0.0,0,6,6,92.0,0,9.2,15.2,,,72.0,190.0,23.779631578947367,1.0,Boise State,2022.0,2022.0,BUF,148.0,6.0,0.15384616
2023,9,00-0037261,K.Shakir,WR,BUF,CIN,0,0,0.0,0,0.0,0.0,0.0,0,0.0,0,4,4,57.0,0,5.7,9.7,,,72.0,190.0,23.779631578947367,1.0,Boise State,2022.0,2022.0,BUF,148.0,,0.125
2023,10,00-0037261,K.Shakir,WR,BUF,DEN,0,0,0.0,0,0.0,0.0,0.0,0,0.0,0,2,1,24.0,0,2.4,3.4,,,72.0,190.0,23.779631578947367,1.0,Boise State,2022.0,2022.0,BUF,148.0,-2.0,0.08
2023,11,00-0037261,K.Shakir,WR,BUF,NYJ,0,0,0.0,0,0.0,0.0,0.0,0,0.0,0,4,3,115.0,1,17.5,20.5,,,72.0,190.0,23.779631578947367,1.0,Boise State,2022.0,2022.0,BUF,148.0,26.0,0.13793103
2023,12,00-0037261,K.Shakir,WR,BUF,PHI,0,0,0.0,0,0.0,0.0,0.0,0,0.0,0,5,3,47.0,0,4.7,7.7,,,72.0,190.0,23.779631578947367,1.0,Boise State,2022.0,2022.0,BUF,148.0,,0.10204082
2023,14,00-0037261,K.Shakir,WR,BUF,KC,0,0,0.0,0,0.0,0.0,0.0,0,0.0,0,1,1,12.0,0,1.2,2.2,,,72.0,190.0,23.779631578947367,1.0,Boise State,2022.0,2022.0,BUF,148.0,,0.027777778
2023,15,00-0037261,K.Shakir,WR,BUF,DAL,0,0,0.0,0,0.0,0.0,0.0,0,0.0,0,1,0,0.0,0,0.0,0.0,,,72.0,190.0,23.779631578947367,1.0,Boise State,2022.0,2022.0,BUF,148.0,21.0,0.07692308
2023,16,00-0037261,K.Shakir,WR,BUF,LAC,0,0,0.0,0,0.0,0.0,0.0,0,0.0,0,3,3,45.0,0,4.5,7.5,,,72.0,190.0,23.779631578947367,1.0,Boise State,2022.0,2022.0,BUF,148.0,,0.14285715
2023,17,00-0037261,K.Shakir,WR,BUF,NE,0,0,0.0,0,0.0,0.0,0.0,1,10.0,0,4,4,39.0,0,4.9,8.9,,,72.0,190.0,23.779631578947367,1.0,Boise State,2022.0,2022.0,BUF,148.0,6.0,0.14285715
2023,18,00-0037261,K.Shakir,WR,BUF,MIA,0,0,0.0,0,0.0,0.0,0.0,0,0.0,0,6,6,105.0,0,10.5,16.5,,,72.0,190.0,23.779631578947367,1.0,Boise State,2022.0,2022.0,BUF,148.0,,0.16216215
2023,19,00-0037261,K.Shakir,WR,BUF,PIT,0,0,0.0,0,0.0,0.0,0.0,0,0.0,0,3,3,31.0,1,9.1,12.1,,,72.0,190.0,23.779631578947367,1.0,Boise State,2022.0,2022.0,BUF,148.0,14.0,0.1
2023,20,00-0037261,K.Shakir,WR,BUF,KC,0,0,0.0,0,0.0,0.0,0.0,0,0.0,0,9,7,44.0,1,10.4,17.4,,,72.0,190.0,23.779631578947367,1.0,Boise State,2022.0,2022.0,BUF,148.0,-3.0,0.24324325
2023,1,00-0037263,T.Allgeier,RB,ATL,CAR,0,0,0.0,0,0.0,0.0,0.0,15,75.0,2,3,3,19.0,0,21.4,24.4,,,71.0,220.0,23.56429411764706,1.0,Brigham Young,2022.0,2022.0,ATL,151.0,14.0,0.16666667
2023,2,00-0037263,T.Allgeier,RB,ATL,GB,0,0,0.0,0,0.0,0.0,0.0,16,48.0,0,0,0,0.0,0,4.8,4.8,,,71.0,220.0,23.56429411764706,1.0,Brigham Young,2022.0,2022.0,ATL,151.0,1.0,
2023,3,00-0037263,T.Allgeier,RB,ATL,DET,0,0,0.0,0,0.0,0.0,0.0,7,12.0,0,3,2,17.0,0,2.9,4.9,,,71.0,220.0,23.56429411764706,1.0,Brigham Young,2022.0,2022.0,ATL,151.0,,0.078947365
2023,4,00-0037263,T.Allgeier,RB,ATL,JAX,0,0,0.0,0,0.0,0.0,0.0,7,16.0,0,2,1,-4.0,0,1.2,2.2,,,71.0,220.0,23.56429411764706,1.0,Brigham Young,2022.0,2022.0,ATL,151.0,,0.06666667
2023,5,00-0037263,T.Allgeier,RB,ATL,HOU,0,0,0.0,0,0.0,0.0,0.0,17,40.0,0,1,0,0.0,0,6.0,6.0,,,71.0,220.0,23.56429411764706,1.0,Brigham Young,2022.0,2022.0,ATL,151.0,2.0,0.02631579
2023,6,00-0037263,T.Allgeier,RB,ATL,WAS,0,0,0.0,0,0.0,0.0,0.0,13,51.0,0,1,0,0.0,0,5.1,5.1,,,71.0,220.0,23.56429411764706,1.0,Brigham Young,2022.0,2022.0,ATL,151.0,-8.0,0.022727273
2023,7,00-0037263,T.Allgeier,RB,ATL,TB,0,0,0.0,0,0.0,0.0,0.0,21,59.0,0,3,3,53.0,0,11.2,14.2,,,71.0,220.0,23.56429411764706,1.0,Brigham Young,2022.0,2022.0,ATL,151.0,,0.13043478
2023,8,00-0037263,T.Allgeier,RB,ATL,TEN,0,0,0.0,0,0.0,0.0,0.0,8,31.0,0,0,0,0.0,0,3.1,3.1,,,71.0,220.0,23.56429411764706,1.0,Brigham Young,2022.0,2022.0,ATL,151.0,,
2023,9,00-0037263,T.Allgeier,RB,ATL,MIN,0,0,0.0,0,0.0,0.0,0.0,12,39.0,1,3,2,-9.0,0,9.0,11.0,,,71.0,220.0,23.56429411764706,1.0,Brigham Young,2022.0,2022.0,ATL,151.0,-3.0,0.0882353
2023,10,00-0037263,T.Allgeier,RB,ATL,ARI,0,0,0.0,0,0.0,0.0,0.0,9,31.0,0,1,1,7.0,0,3.8,4.8,,,71.0,220.0,23.56429411764706,1.0,Brigham Young,2022.0,2022.0,ATL,151.0,,0.05263158
2023,12,00-0037263,T.Allgeier,RB,ATL,NO,0,0,0.0,0,0.0,0.0,0.0,10,64.0,0,0,0,0.0,0,6.4,6.4,,,71.0,220.0,23.56429411764706,1.0,Brigham Young,2022.0,2022.0,ATL,151.0,9.0,
2023,13,00-0037263,T.Allgeier,RB,ATL,NYJ,0,0,0.0,0,0.0,0.0,0.0,8,26.0,0,0,0,0.0,0,2.6,2.6,,,71.0,220.0,23.56429411764706,1.0,Brigham Young,2022.0,2022.0,ATL,151.0,,
2023,14,00-0037263,T.Allgeier,RB,ATL,TB,0,0,0.0,0,0.0,0.0,0.0,9,40.0,0,0,0,0.0,0,4.0,4.0,,,71.0,220.0,23.56429411764706,1.0,Brigham Young,2022.0,2022.0,ATL,151.0,-4.0,
2023,15,00-0037263,T.Allgeier,RB,ATL,CAR,0,0,0.0,0,0.0,0.0,0.0,14,45.0,0,1,1,6.0,0,5.1,6.1,,,71.0,220.0,23.56429411764706,1.0,Brigham Young,2022.0,2022.0,ATL,151.0,,0.05263158
2023,16,00-0037263,T.Allgeier,RB,ATL,IND,0,0,0.0,0,0.0,0.0,0.0,9,69.0,1,1,1,19.0,0,14.8,15.8,,,71.0,220.0,23.56429411764706,1.0,Brigham Young,2022.0,2022.0,ATL,151.0,19.0,0.03125
2023,17,00-0037263,T.Allgeier,RB,ATL,CHI,0,0,0.0,0,0.0,0.0,0.0,5,13.0,0,1,1,75.0,1,14.8,15.8,,,71.0,220.0,23.56429411764706,1.0,Brigham Young,2022.0,2022.0,ATL,151.0,,0.03125
2023,18,00-0037263,T.Allgeier,RB,ATL,NO,0,0,0.0,0,0.0,0.0,0.0,6,24.0,0,3,3,10.0,0,3.4,6.4,,,71.0,220.0,23.56429411764706,1.0,Brigham Young,2022.0,2022.0,ATL,151.0,,0.0882353
2023,1,00-0037267,J.Ford,RB,CLE,CIN,0,0,0.0,0,0.0,0.0,0.0,15,36.0,0,0,0,0.0,0,3.6,3.6,,,70.0,220.0,24.171944444444446,1.0,Cincinnati,2022.0,2022.0,CLE,156.0,21.0,
2023,2,00-0037267,J.Ford,RB,CLE,PIT,0,0,0.0,0,0.0,0.0,0.0,16,106.0,0,4,3,25.0,1,21.1,24.1,,,70.0,220.0,24.171944444444446,1.0,Cincinnati,2022.0,2022.0,CLE,156.0,,0.1
2023,3,00-0037267,J.Ford,RB,CLE,TEN,0,0,0.0,0,0.0,0.0,0.0,10,18.0,1,3,2,33.0,1,17.1,19.1,,,70.0,220.0,24.171944444444446,1.0,Cincinnati,2022.0,2022.0,CLE,156.0,24.0,0.09677419
2023,4,00-0037267,J.Ford,RB,CLE,BAL,0,0,0.0,0,0.0,0.0,0.0,9,26.0,0,6,5,19.0,0,4.5,9.5,,,70.0,220.0,24.171944444444446,1.0,Cincinnati,2022.0,2022.0,CLE,156.0,-25.0,0.1764706
2023,6,00-0037267,J.Ford,RB,CLE,SF,0,0,0.0,0,0.0,0.0,0.0,17,84.0,0,2,2,7.0,0,9.1,11.1,,,70.0,220.0,24.171944444444446,1.0,Cincinnati,2022.0,2022.0,CLE,156.0,2.0,0.060606062
2023,7,00-0037267,J.Ford,RB,CLE,IND,0,0,0.0,0,0.0,0.0,0.0,11,74.0,1,4,2,20.0,0,15.4,17.4,,,70.0,220.0,24.171944444444446,1.0,Cincinnati,2022.0,2022.0,CLE,156.0,,0.114285715
2023,8,00-0037267,J.Ford,RB,CLE,SEA,0,0,0.0,0,0.0,0.0,0.0,9,37.0,0,2,1,2.0,0,3.9,4.9,,,70.0,220.0,24.171944444444446,1.0,Cincinnati,2022.0,2022.0,CLE,156.0,,0.06666667
2023,9,00-0037267,J.Ford,RB,CLE,ARI,0,0,0.0,0,0.0,0.0,0.0,20,44.0,0,7,5,33.0,0,7.7,12.7,,,70.0,220.0,24.171944444444446,1.0,Cincinnati,2022.0,2022.0,CLE,156.0,27.0,0.25
2023,10,00-0037267,J.Ford,RB,CLE,BAL,0,0,0.0,0,0.0,0.0,0.0,17,107.0,0,1,1,2.0,0,10.9,11.9,,,70.0,220.0,24.171944444444446,1.0,Cincinnati,2022.0,2022.0,CLE,156.0,,0.03125
2023,11,00-0037267,J.Ford,RB,CLE,PIT,0,0,0.0,0,0.0,0.0,0.0,12,31.0,1,5,2,8.0,0,9.9,11.9,,,70.0,220.0,24.171944444444446,1.0,Cincinnati,2022.0,2022.0,CLE,156.0,3.0,0.12195122
2023,12,00-0037267,J.Ford,RB,CLE,DEN,0,0,0.0,0,0.0,0.0,0.0,9,65.0,0,7,4,14.0,0,7.9,11.9,,,70.0,220.0,24.171944444444446,1.0,Cincinnati,2022.0,2022.0,CLE,156.0,,0.17948718
2023,13,00-0037267,J.Ford,RB,CLE,LA,0,0,0.0,0,0.0,0.0,0.0,9,19.0,0,3,3,33.0,1,11.2,14.2,,,70.0,220.0,24.171944444444446,1.0,Cincinnati,2022.0,2022.0,CLE,156.0,,0.07317073
2023,14,00-0037267,J.Ford,RB,CLE,JAX,0,0,0.0,0,0.0,0.0,0.0,12,51.0,0,6,5,31.0,0,8.2,13.2,,,70.0,220.0,24.171944444444446,1.0,Cincinnati,2022.0,2022.0,CLE,156.0,4.0,0.13953489
2023,15,00-0037267,J.Ford,RB,CLE,CHI,0,0,0.0,0,0.0,0.0,0.0,8,20.0,0,5,4,11.0,0,3.1,7.1,,,70.0,220.0,24.171944444444446,1.0,Cincinnati,2022.0,2022.0,CLE,156.0,3.0,0.11363637
2023,16,00-0037267,J.Ford,RB,CLE,HOU,0,0,0.0,0,0.0,0.0,0.0,15,25.0,1,2,1,-2.0,0,8.3,9.3,,,70.0,220.0,24.171944444444446,1.0,Cincinnati,2022.0,2022.0,CLE,156.0,,0.046511628
2023,17,00-0037267,J.Ford,RB,CLE,NYJ,0,0,0.0,0,0.0,0.0,0.0,12,64.0,0,3,2,57.0,2,24.1,26.1,,,70.0,220.0,24.171944444444446,1.0,Cincinnati,2022.0,2022.0,CLE,156.0,17.0,0.10344828
2023,18,00-0037267,J.Ford,RB,CLE,CIN,0,0,0.0,0,0.0,0.0,0.0,3,6.0,0,3,2,26.0,0,3.2,5.2,,,70.0,220.0,24.171944444444446,1.0,Cincinnati,2022.0,2022.0,CLE,156.0,,0.12
2023,19,00-0037267,J.Ford,RB,CLE,HOU,0,0,0.0,0,0.0,0.0,0.0,9,17.0,0,4,4,15.0,0,3.2,7.2,,,70.0,220.0,24.171944444444446,1.0,Cincinnati,2022.0,2022.0,CLE,156.0,,0.093023255
2023,5,00-0037273,K.Philips,WR,TEN,IND,0,0,0.0,0,0.0,0.0,0.0,0,0.0,0,1,0,0.0,0,0.0,0.0,,,71.0,191.0,24.398176470588236,1.0,UCLA,2022.0,2022.0,TEN,163.0,,0.029411765
2023,6,00-0037273,K.Philips,WR,TEN,BAL,0,0,0.0,0,0.0,0.0,0.0,0,0.0,0,2,1,6.0,0,0.6,1.6,,,71.0,191.0,24.398176470588236,1.0,UCLA,2022.0,2022.0,TEN,163.0,-8.0,0.1
2023,8,00-0037273,K.Philips,WR,TEN,ATL,0,0,0.0,0,0.0,0.0,0.0,0,0.0,0,3,3,24.0,0,2.4,5.4,,,71.0,191.0,24.398176470588236,1.0,UCLA,2022.0,2022.0,TEN,163.0,5.0,0.115384616
2023,9,00-0037273,K.Philips,WR,TEN,PIT,0,0,0.0,0,0.0,0.0,0.0,0,0.0,0,5,4,68.0,0,6.8,10.8,,,71.0,191.0,24.398176470588236,1.0,UCLA,2022.0,2022.0,TEN,163.0,,0.13513513
2023,10,00-0037273,K.Philips,WR,TEN,TB,0,0,0.0,0,0.0,0.0,0.0,0,0.0,0,5,3,61.0,0,6.1,9.1,,,71.0,191.0,24.398176470588236,1.0,UCLA,2022.0,2022.0,TEN,163.0,,0.12820514
2023,11,00-0037273,K.Philips,WR,TEN,JAX,0,0,0.0,0,0.0,0.0,0.0,0,0.0,0,1,1,10.0,0,1.0,2.0,,,71.0,191.0,24.398176470588236,1.0,UCLA,2022.0,2022.0,TEN,163.0,,0.05882353
2023,12,00-0037273,K.Philips,WR,TEN,CAR,0,0,0.0,0,0.0,0.0,0.0,0,0.0,0,2,1,-3.0,0,-0.3,0.7,,,71.0,191.0,24.398176470588236,1.0,UCLA,2022.0,2022.0,TEN,163.0,7.0,0.074074075
2023,18,00-0037273,K.Philips,WR,TEN,JAX,0,0,0.0,0,0.0,0.0,0.0,0,0.0,0,3,2,15.0,0,1.5,3.5,,,71.0,191.0,24.398176470588236,1.0,UCLA,2022.0,2022.0,TEN,163.0,8.0,0.115384616
2023,1,00-0037276,T.Chandler,RB,MIN,TB,0,0,0.0,0,0.0,0.0,0.0,3,0.0,0,1,1,18.0,0,1.8,2.8,,,71.0,210.0,25.489176470588234,1.0,North Carolina,2022.0,2022.0,MIN,169.0,-3.0,0.022727273
2023,2,00-0037276,T.Chandler,RB,MIN,PHI,0,0,0.0,0,0.0,0.0,0.0,1,0.0,0,2,2,9.0,0,0.9,2.9,,,71.0,210.0,25.489176470588234,1.0,North Carolina,2022.0,2022.0,MIN,169.0,,0.046511628
2023,3,00-0037276,T.Chandler,RB,MIN,LAC,0,0,0.0,0,0.0,0.0,0.0,3,27.0,0,2,1,4.0,0,3.1,4.1,,,71.0,210.0,25.489176470588234,1.0,North Carolina,2022.0,2022.0,MIN,169.0,-4.0,0.041666668
2023,5,00-0037276,T.Chandler,RB,MIN,KC,0,0,0.0,0,0.0,0.0,0.0,1,15.0,0,0,0,0.0,0,1.5,1.5,,,71.0,210.0,25.489176470588234,1.0,North Carolina,2022.0,2022.0,MIN,169.0,-7.0,
2023,7,00-0037276,T.Chandler,RB,MIN,SF,0,0,0.0,0,0.0,0.0,0.0,0,0.0,0,1,1,12.0,0,1.2,2.2,,,71.0,210.0,25.489176470588234,1.0,North Carolina,2022.0,2022.0,MIN,169.0,5.0,0.023255814
2023,10,00-0037276,T.Chandler,RB,MIN,NO,0,0,0.0,0,0.0,0.0,0.0,15,45.0,1,0,0,0.0,0,10.5,10.5,,,71.0,210.0,25.489176470588234,1.0,North Carolina,2022.0,2022.0,MIN,169.0,8.0,
2023,11,00-0037276,T.Chandler,RB,MIN,DEN,0,0,0.0,0,0.0,0.0,0.0,10,73.0,0,4,4,37.0,0,11.0,15.0,,,71.0,210.0,25.489176470588234,1.0,North Carolina,2022.0,2022.0,MIN,169.0,,0.13793103
2023,12,00-0037276,T.Chandler,RB,MIN,CHI,0,0,0.0,0,0.0,0.0,0.0,4,8.0,0,2,1,3.0,0,1.1,2.1,,,71.0,210.0,25.489176470588234,1.0,North Carolina,2022.0,2022.0,MIN,169.0,-2.0,0.06666667
2023,14,00-0037276,T.Chandler,RB,MIN,LV,0,0,0.0,0,0.0,0.0,0.0,12,35.0,0,3,3,7.0,0,4.2,7.2,,,71.0,210.0,25.489176470588234,1.0,North Carolina,2022.0,2022.0,MIN,169.0,,0.09090909
2023,15,00-0037276,T.Chandler,RB,MIN,CIN,0,0,0.0,0,0.0,0.0,0.0,23,132.0,1,4,3,25.0,0,21.7,24.7,,,71.0,210.0,25.489176470588234,1.0,North Carolina,2022.0,2022.0,MIN,169.0,,0.125
2023,16,00-0037276,T.Chandler,RB,MIN,DET,0,0,0.0,0,0.0,0.0,0.0,8,17.0,1,0,0,0.0,0,7.7,7.7,,,71.0,210.0,25.489176470588234,1.0,North Carolina,2022.0,2022.0,MIN,169.0,-6.0,
2023,17,00-0037276,T.Chandler,RB,MIN,GB,0,0,0.0,0,0.0,0.0,0.0,10,40.0,0,3,3,24.0,0,6.4,9.4,,,71.0,210.0,25.489176470588234,1.0,North Carolina,2022.0,2022.0,MIN,169.0,-23.0,0.09677419
2023,18,00-0037276,T.Chandler,RB,MIN,DET,0,0,0.0,0,0.0,0.0,0.0,12,69.0,0,3,2,20.0,0,8.9,10.9,,,71.0,210.0,25.489176470588234,1.0,North Carolina,2022.0,2022.0,MIN,169.0,,0.069767445
2023,1,00-0037277,T.Quitoriano,TE,HOU,BAL,0,0,0.0,0,0.0,0.0,0.0,0,0.0,0,1,1,11.0,0,1.1,2.1,,,78.0,259.0,23.673157894736843,1.0,Oregon State,2022.0,2022.0,HOU,170.0,,0.023255814
2023,3,00-0037277,T.Quitoriano,TE,HOU,JAX,0,0,0.0,0,0.0,0.0,0.0,0,0.0,0,1,0,0.0,0,0.0,0.0,,,78.0,259.0,23.673157894736843,1.0,Oregon State,2022.0,2022.0,HOU,170.0,,0.03448276
2023,5,00-0037277,T.Quitoriano,TE,HOU,ATL,0,0,0.0,0,0.0,0.0,0.0,0,0.0,0,1,1,22.0,0,2.2,3.2,,,78.0,259.0,23.673157894736843,1.0,Oregon State,2022.0,2022.0,HOU,170.0,,0.03125
2023,17,00-0037282,J.Mitchell,TE,DET,DAL,0,0,0.0,0,0.0,0.0,0.0,0,0.0,0,1,1,4.0,0,0.4,1.4,,,76.0,255.0,24.2743,1.0,Virginia Tech,2022.0,2022.0,DET,177.0,,0.03125
2023,18,00-0037282,J.Mitchell,TE,DET,MIN,0,0,0.0,0,0.0,0.0,0.0,0,0.0,0,1,1,24.0,0,2.4,3.4,,,76.0,255.0,24.2743,1.0,Virginia Tech,2022.0,2022.0,DET,177.0,10.0,0.032258064
2023,15,00-0037286,K.Harris,RB,NE,KC,0,0,0.0,0,0.0,0.0,0.0,4,25.0,1,0,0,0.0,0,8.5,8.5,,,70.0,220.0,22.972529411764707,1.0,South Carolina,2022.0,2022.0,NE,183.0,-10.0,
2023,16,00-0037286,K.Harris,RB,NE,DEN,0,0,0.0,0,0.0,0.0,0.0,7,21.0,0,0,0,0.0,0,2.1,2.1,,,70.0,220.0,22.972529411764707,1.0,South Carolina,2022.0,2022.0,NE,183.0,,
2023,17,00-0037286,K.Harris,RB,NE,BUF,0,0,0.0,0,0.0,0.0,0.0,2,15.0,0,2,2,54.0,0,6.9,8.9,,,70.0,220.0,22.972529411764707,1.0,South Carolina,2022.0,2022.0,NE,183.0,,0.083333336
2023,18,00-0037286,K.Harris,RB,NE,NYJ,0,0,0.0,0,0.0,0.0,0.0,3,4.0,0,1,1,4.0,0,0.8,1.8,,,70.0,220.0,22.972529411764707,1.0,South Carolina,2022.0,2022.0,NE,183.0,-14.0,0.03448276
2023,12,00-0037289,M.Rodriguez,ILB,DET,GB,0,0,0.0,0,0.0,0.0,0.0,0,0.0,0,1,1,6.0,0,0.6,1.6,,,71.0,225.0,24.644,1.0,Oklahoma State,2022.0,2022.0,DET,188.0,-7.0,0.023809524
2023,10,00-0037291,J.Nailor,WR,MIN,NO,0,0,0.0,0,0.0,0.0,0.0,0,0.0,0,1,1,16.0,0,1.6,2.6,,,72.0,191.0,24.684176470588234,1.0,Michigan State,2022.0,2022.0,MIN,191.0,8.0,0.03125
2023,14,00-0037291,J.Nailor,WR,MIN,LV,0,0,0.0,0,0.0,0.0,0.0,0,0.0,0,5,2,13.0,0,1.3,3.3,,,72.0,191.0,24.684176470588234,1.0,Michigan State,2022.0,2022.0,MIN,191.0,,0.15151516
2023,1,00-0037292,A.Ogletree,TE,IND,JAX,0,0,0.0,0,0.0,0.0,0.0,0,0.0,0,2,1,20.0,0,2.0,3.0,,,77.0,250.0,25.28064705882353,1.0,Youngstown State,2022.0,2022.0,IND,192.0,-10.0,0.051282052
2023,3,00-0037292,A.Ogletree,TE,IND,BAL,0,0,0.0,0,0.0,0.0,0.0,0,0.0,0,2,1,11.0,0,1.1,2.1,,,77.0,250.0,25.28064705882353,1.0,Youngstown State,2022.0,2022.0,IND,192.0,,0.04761905
2023,4,00-0037292,A.Ogletree,TE,IND,LA,0,0,0.0,0,0.0,0.0,0.0,0,0.0,0,4,3,48.0,1,10.8,13.8,,,77.0,250.0,25.28064705882353,1.0,Youngstown State,2022.0,2022.0,IND,192.0,-6.0,0.16666667
2023,5,00-0037292,A.Ogletree,TE,IND,TEN,0,0,0.0,0,0.0,0.0,0.0,0,0.0,0,2,2,16.0,0,1.6,3.6,,,77.0,250.0,25.28064705882353,1.0,Youngstown State,2022.0,2022.0,IND,192.0,7.0,0.083333336
2023,6,00-0037292,A.Ogletree,TE,IND,JAX,0,0,0.0,0,0.0,0.0,0.0,0,0.0,0,1,0,0.0,0,0.0,0.0,,,77.0,250.0,25.28064705882353,1.0,Youngstown State,2022.0,2022.0,IND,192.0,,0.01923077
2023,8,00-0037292,A.Ogletree,TE,IND,NO,0,0,0.0,0,0.0,0.0,0.0,0,0.0,0,3,1,33.0,1,9.3,10.3,,,77.0,250.0,25.28064705882353,1.0,Youngstown State,2022.0,2022.0,IND,192.0,-11.0,0.078947365
2023,9,00-0037292,A.Ogletree,TE,IND,CAR,0,0,0.0,0,0.0,0.0,0.0,0,0.0,0,3,1,19.0,0,1.9,2.9,,,77.0,250.0,25.28064705882353,1.0,Youngstown State,2022.0,2022.0,IND,192.0,,0.125
2023,13,00-0037292,A.Ogletree,TE,IND,TEN,0,0,0.0,0,0.0,0.0,0.0,0,0.0,0,1,0,0.0,0,0.0,0.0,,,77.0,250.0,25.28064705882353,1.0,Youngstown State,2022.0,2022.0,IND,192.0,,0.024390243
2023,14,00-0037292,A.Ogletree,TE,IND,CIN,0,0,0.0,0,0.0,0.0,0.0,0,0.0,0,2,0,0.0,0,0.0,0.0,,,77.0,250.0,25.28064705882353,1.0,Youngstown State,2022.0,2022.0,IND,192.0,,0.05263158
2023,15,00-0037292,A.Ogletree,TE,IND,PIT,0,0,0.0,0,0.0,0.0,0.0,0,0.0,0,1,0,0.0,0,0.0,0.0,,,77.0,250.0,25.28064705882353,1.0,Youngstown State,2022.0,2022.0,IND,192.0,17.0,0.037037037
2023,1,00-0037299,K.Ingram,RB,ARI,WAS,0,0,0.0,0,0.0,0.0,0.0,5,-4.0,0,0,0,0.0,0,-0.4,-0.4,,,72.0,215.0,24.076136363636362,1.0,Southern California,2022.0,2022.0,ARI,201.0,,
2023,2,00-0037299,K.Ingram,RB,ARI,NYG,0,0,0.0,0,0.0,0.0,0.0,2,6.0,0,0,0,0.0,0,0.6,0.6,,,72.0,215.0,24.076136363636362,1.0,Southern California,2022.0,2022.0,ARI,201.0,-3.0,
2023,3,00-0037299,K.Ingram,RB,ARI,DAL,0,0,0.0,0,0.0,0.0,0.0,5,13.0,0,1,1,8.0,0,2.1,3.1,,,72.0,215.0,24.076136363636362,1.0,Southern California,2022.0,2022.0,ARI,201.0,12.0,0.04761905
2023,6,00-0037299,K.Ingram,RB,ARI,LA,0,0,0.0,0,0.0,0.0,0.0,10,40.0,0,2,2,11.0,0,5.1,7.1,,,72.0,215.0,24.076136363636362,1.0,Southern California,2022.0,2022.0,ARI,201.0,,0.05263158
2023,8,00-0037299,K.Ingram,RB,ARI,BAL,0,0,0.0,0,0.0,0.0,0.0,2,9.0,0,1,1,7.0,0,1.6,2.6,,,72.0,215.0,24.076136363636362,1.0,Southern California,2022.0,2022.0,ARI,201.0,-7.0,0.027777778
2023,9,00-0037299,K.Ingram,RB,ARI,CLE,0,0,0.0,0,0.0,0.0,0.0,9,8.0,0,0,0,0.0,0,0.8,0.8,,,72.0,215.0,24.076136363636362,1.0,Southern California,2022.0,2022.0,ARI,201.0,,
2023,10,00-0037299,K.Ingram,RB,ARI,ATL,0,0,0.0,0,0.0,0.0,0.0,2,2.0,0,0,0,0.0,0,0.2,0.2,,,72.0,215.0,24.076136363636362,1.0,Southern California,2022.0,2022.0,ARI,201.0,2.0,
2023,1,00-0037304,C.Heyward,TE,PIT,SF,0,0,0.0,0,0.0,0.0,0.0,0,0.0,0,4,2,19.0,0,1.9,3.9,,,72.0,230.0,24.808055555555555,1.0,Michigan State,2022.0,2022.0,PIT,208.0,-23.0,0.08888889
2023,3,00-0037304,C.Heyward,TE,PIT,LV,0,0,0.0,0,0.0,0.0,0.0,1,0.0,0,2,0,0.0,0,0.0,0.0,,,72.0,230.0,24.808055555555555,1.0,Michigan State,2022.0,2022.0,PIT,208.0,,0.074074075
2023,5,00-0037304,C.Heyward,TE,PIT,BAL,0,0,0.0,0,0.0,0.0,0.0,0,0.0,0,4,3,23.0,0,2.3,5.3,,,72.0,230.0,24.808055555555555,1.0,Michigan State,2022.0,2022.0,PIT,208.0,7.0,0.12903225
2023,7,00-0037304,C.Heyward,TE,PIT,LA,0,0,0.0,0,0.0,0.0,0.0,0,0.0,0,3,2,23.0,0,2.3,4.3,,,72.0,230.0,24.808055555555555,1.0,Michigan State,2022.0,2022.0,PIT,208.0,,0.13043478
2023,8,00-0037304,C.Heyward,TE,PIT,JAX,0,0,0.0,0,0.0,0.0,0.0,0,0.0,0,6,5,24.0,0,2.4,7.4,,,72.0,230.0,24.808055555555555,1.0,Michigan State,2022.0,2022.0,PIT,208.0,-10.0,0.15
2023,9,00-0037304,C.Heyward,TE,PIT,TEN,0,0,0.0,0,0.0,0.0,0.0,0,0.0,0,3,2,16.0,0,1.6,3.6,,,72.0,230.0,24.808055555555555,1.0,Michigan State,2022.0,2022.0,PIT,208.0,4.0,0.10344828
2023,10,00-0037304,C.Heyward,TE,PIT,GB,0,0,0.0,0,0.0,0.0,0.0,0,0.0,0,4,3,32.0,0,3.2,6.2,,,72.0,230.0,24.808055555555555,1.0,Michigan State,2022.0,2022.0,PIT,208.0,4.0,0.18181819
2023,12,00-0037304,C.Heyward,TE,PIT,CIN,0,0,0.0,0,0.0,0.0,0.0,0,0.0,0,2,2,11.0,0,1.1,3.1,,,72.0,230.0,24.808055555555555,1.0,Michigan State,2022.0,2022.0,PIT,208.0,,0.0625
2023,13,00-0037304,C.Heyward,TE,PIT,ARI,0,0,0.0,0,0.0,0.0,0.0,0,0.0,0,2,0,0.0,0,0.0,0.0,,,72.0,230.0,24.808055555555555,1.0,Michigan State,2022.0,2022.0,PIT,208.0,-14.0,0.074074075
2023,14,00-0037304,C.Heyward,TE,PIT,NE,0,1,0.0,0,0.0,0.0,-0.0,0,0.0,0,2,2,15.0,0,1.5,3.5,,,72.0,230.0,24.808055555555555,1.0,Michigan State,2022.0,2022.0,PIT,208.0,-3.0,0.057142857
2023,18,00-0037304,C.Heyward,TE,PIT,BAL,0,0,0.0,0,0.0,0.0,0.0,0,0.0,0,2,2,4.0,0,0.4,2.4,,,72.0,230.0,24.808055555555555,1.0,Michigan State,2022.0,2022.0,PIT,208.0,,0.1
2023,19,00-0037304,C.Heyward,TE,PIT,BUF,0,0,0.0,0,0.0,0.0,0.0,0,0.0,0,1,1,5.0,0,0.5,1.5,,,72.0,230.0,24.808055555555555,1.0,Michigan State,2022.0,2022.0,PIT,208.0,,0.02631579
2023,18,00-0037306,J.FitzPatrick,TE,ATL,NO,0,0,0.0,0,0.0,0.0,0.0,0,0.0,0,1,1,12.0,0,1.2,2.2,,,79.0,250.0,23.66564705882353,1.0,Georgia,2022.0,2022.0,ATL,213.0,,0.029411765
2023,1,00-0037311,K.Kieft,TE,TB,MIN,0,0,0.0,0,0.0,0.0,0.0,0,0.0,0,3,0,0.0,0,0.0,0.0,,,77.0,265.0,25.824684210526314,1.0,Minnesota,2022.0,2022.0,TB,218.0,,0.09375
2023,14,00-0037311,K.Kieft,TE,TB,ATL,0,0,0.0,0,0.0,0.0,0.0,0,0.0,0,1,0,0.0,0,0.0,0.0,,,77.0,265.0,25.824684210526314,1.0,Minnesota,2022.0,2022.0,TB,218.0,,0.03448276
2023,15,00-0037311,K.Kieft,TE,TB,GB,0,0,0.0,0,0.0,0.0,0.0,0,0.0,0,1,1,2.0,1,6.2,7.2,,,77.0,265.0,25.824684210526314,1.0,Minnesota,2022.0,2022.0,TB,218.0,,0.037037037
2023,18,00-0037317,N.Muse,TE,MIN,DET,0,0,0.0,0,0.0,0.0,0.0,0,0.0,0,1,1,22.0,0,2.2,3.2,,,77.0,250.0,24.94994117647059,1.0,South Carolina,2022.0,2022.0,MIN,227.0,,0.023255814
2023,1,00-0037382,B.Johnson,WR,DEN,LV,0,0,0.0,0,0.0,0.0,0.0,0,0.0,0,3,2,31.0,0,3.1,5.1,,,74.0,186.0,25.288176470588237,1.0,Central Florida,2022.0,2022.0,,,-1.0,0.09375
2023,2,00-0037382,B.Johnson,WR,DEN,WAS,0,0,0.0,0,0.0,0.0,0.0,0,0.0,0,3,2,66.0,2,18.6,20.6,,,74.0,186.0,25.288176470588237,1.0,Central Florida,2022.0,2022.0,,,-2.0,0.11111111
2023,3,00-0037382,B.Johnson,WR,DEN,MIA,0,0,0.0,0,0.0,0.0,0.0,0,0.0,0,3,2,12.0,0,1.2,3.2,,,74.0,186.0,25.288176470588237,1.0,Central Florida,2022.0,2022.0,,,,0.083333336
2023,4,00-0037382,B.Johnson,WR,DEN,CHI,0,0,0.0,0,0.0,0.0,0.0,0,0.0,0,1,1,4.0,1,6.4,7.4,,,74.0,186.0,25.288176470588237,1.0,Central Florida,2022.0,2022.0,,,,0.03846154
2023,5,00-0037382,B.Johnson,WR,DEN,NYJ,0,0,0.0,0,0.0,0.0,0.0,0,0.0,0,1,1,9.0,0,0.9,1.9,,,74.0,186.0,25.288176470588237,1.0,Central Florida,2022.0,2022.0,,,-10.0,0.037037037
2023,6,00-0037382,B.Johnson,WR,DEN,KC,0,0,0.0,0,0.0,0.0,0.0,0,0.0,0,2,0,0.0,0,0.0,0.0,,,74.0,186.0,25.288176470588237,1.0,Central Florida,2022.0,2022.0,,,,0.09090909
2023,15,00-0037382,B.Johnson,WR,DEN,DET,0,0,0.0,0,0.0,0.0,0.0,0,0.0,0,1,0,0.0,0,0.0,0.0,,,74.0,186.0,25.288176470588237,1.0,Central Florida,2022.0,2022.0,,,,0.03125
2023,16,00-0037382,B.Johnson,WR,DEN,NE,0,0,0.0,0,0.0,0.0,0.0,0,0.0,0,5,3,47.0,1,12.7,15.7,,,74.0,186.0,25.288176470588237,1.0,Central Florida,2022.0,2022.0,,,-3.0,0.14285715
2023,17,00-0037382,B.Johnson,WR,DEN,LAC,0,0,0.0,0,0.0,0.0,0.0,0,0.0,0,6,4,27.0,0,2.7,6.7,,,74.0,186.0,25.288176470588237,1.0,Central Florida,2022.0,2022.0,,,7.0,0.2
2023,18,00-0037382,B.Johnson,WR,DEN,LV,0,0,0.0,0,0.0,0.0,0.0,0,0.0,0,5,4,88.0,0,8.8,12.8,,,74.0,186.0,25.288176470588237,1.0,Central Florida,2022.0,2022.0,,,,0.15625
2023,10,00-0037410,J.Corbin,RB,NYG,DAL,0,0,0.0,0,0.0,0.0,0.0,1,1.0,0,3,3,12.0,0,1.3,4.3,,,72.0,221.0,23.217625,1.0,Florida State,2022.0,2022.0,,,,0.115384616
2023,5,00-0037420,K.Lassiter,WR,CIN,ARI,0,0,0.0,0,0.0,0.0,0.0,0,0.0,0,1,1,2.0,0,0.2,1.2,,,71.0,175.0,25.79970588235294,1.0,Kansas,2022.0,2022.0,,,,0.022727273
2023,6,00-0037429,R.Blackshear,RB,CAR,MIA,0,0,0.0,0,0.0,0.0,0.0,5,18.0,0,1,1,4.0,0,2.2,3.2,,,69.0,194.0,25.43035294117647,1.0,Virginia Tech,2022.0,2022.0,,,,0.028571429
2023,8,00-0037429,R.Blackshear,RB,CAR,HOU,0,0,0.0,0,0.0,0.0,0.0,3,5.0,0,2,2,26.0,0,3.1,5.1,,,69.0,194.0,25.43035294117647,1.0,Virginia Tech,2022.0,2022.0,,,2.0,0.06451613
2023,9,00-0037429,R.Blackshear,RB,CAR,IND,0,0,0.0,0,0.0,0.0,0.0,1,0.0,0,1,1,5.0,0,0.5,1.5,,,69.0,194.0,25.43035294117647,1.0,Virginia Tech,2022.0,2022.0,,,-14.0,0.027027028
2023,10,00-0037429,R.Blackshear,RB,CAR,CHI,0,0,0.0,0,0.0,0.0,0.0,2,7.0,0,1,1,6.0,0,1.3,2.3,,,69.0,194.0,25.43035294117647,1.0,Virginia Tech,2022.0,2022.0,,,,0.029411765
2023,13,00-0037429,R.Blackshear,RB,CAR,TB,0,0,0.0,0,0.0,0.0,0.0,1,6.0,0,0,0,0.0,0,0.6,0.6,,,69.0,194.0,25.43035294117647,1.0,Virginia Tech,2022.0,2022.0,,,,
2023,14,00-0037429,R.Blackshear,RB,CAR,NO,0,0,0.0,0,0.0,0.0,0.0,1,4.0,0,2,1,4.0,0,0.8,1.8,,,69.0,194.0,25.43035294117647,1.0,Virginia Tech,2022.0,2022.0,,,,0.0625
2023,16,00-0037429,R.Blackshear,RB,CAR,GB,0,0,0.0,0,0.0,0.0,0.0,0,0.0,0,0,0,0.0,0,2.0,2.0,,,69.0,194.0,25.43035294117647,1.0,Virginia Tech,2022.0,2022.0,,,-3.0,
2023,18,00-0037429,R.Blackshear,RB,CAR,TB,0,0,0.0,0,0.0,0.0,0.0,1,6.0,0,0,0,0.0,0,0.6,0.6,,,69.0,194.0,25.43035294117647,1.0,Virginia Tech,2022.0,2022.0,,,-9.0,
2023,8,00-0037451,R.Williams,TE,PIT,JAX,0,0,0.0,0,0.0,0.0,0.0,0,0.0,0,2,0,0.0,0,0.0,0.0,,,76.0,235.0,23.5925,1.0,Tennessee-Martin,2022.0,2022.0,,,-10.0,0.05
2023,2,00-0037475,S.Smartt,TE,LAC,TEN,0,0,0.0,0,0.0,0.0,0.0,0,0.0,0,1,1,24.0,0,2.4,3.4,,,76.0,232.0,25.101294117647058,1.0,Old Dominion,2022.0,2022.0,,,,0.025641026
2023,4,00-0037475,S.Smartt,TE,LAC,LV,0,0,0.0,0,0.0,0.0,0.0,0,0.0,0,1,0,0.0,0,0.0,0.0,,,76.0,232.0,25.101294117647058,1.0,Old Dominion,2022.0,2022.0,,,7.0,0.041666668
2023,7,00-0037475,S.Smartt,TE,LAC,KC,0,0,0.0,0,0.0,0.0,0.0,0,0.0,0,1,1,5.0,0,0.5,1.5,,,76.0,232.0,25.101294117647058,1.0,Old Dominion,2022.0,2022.0,,,,0.033333335
2023,9,00-0037475,S.Smartt,TE,LAC,NYJ,0,0,0.0,0,0.0,0.0,0.0,0,0.0,0,1,0,0.0,0,0.0,0.0,,,76.0,232.0,25.101294117647058,1.0,Old Dominion,2022.0,2022.0,,,,0.035714287
2023,10,00-0037475,S.Smartt,TE,LAC,DET,0,0,0.0,0,0.0,0.0,0.0,0,0.0,0,3,0,0.0,0,0.0,0.0,,,76.0,232.0,25.101294117647058,1.0,Old Dominion,2022.0,2022.0,,,-3.0,0.075
2023,11,00-0037475,S.Smartt,TE,LAC,GB,0,0,0.0,0,0.0,0.0,0.0,0,0.0,0,3,1,51.0,1,11.1,12.1,,,76.0,232.0,25.101294117647058,1.0,Old Dominion,2022.0,2022.0,,,,0.083333336
2023,12,00-0037475,S.Smartt,TE,LAC,BAL,0,0,0.0,0,0.0,0.0,0.0,0,0.0,0,1,0,0.0,0,0.0,0.0,,,76.0,232.0,25.101294117647058,1.0,Old Dominion,2022.0,2022.0,,,-10.0,0.024390243
2023,13,00-0037475,S.Smartt,TE,LAC,NE,0,0,0.0,0,0.0,0.0,0.0,0,0.0,0,1,0,0.0,0,0.0,0.0,,,76.0,232.0,25.101294117647058,1.0,Old Dominion,2022.0,2022.0,,,,0.027777778
2023,15,00-0037475,S.Smartt,TE,LAC,LV,0,0,0.0,0,0.0,0.0,0.0,0,0.0,0,3,3,15.0,0,1.5,4.5,,,76.0,232.0,25.101294117647058,1.0,Old Dominion,2022.0,2022.0,,,,0.09677419
2023,16,00-0037475,S.Smartt,TE,LAC,BUF,0,0,0.0,0,0.0,0.0,0.0,0,0.0,0,1,1,23.0,0,2.3,3.3,,,76.0,232.0,25.101294117647058,1.0,Old Dominion,2022.0,2022.0,,,-2.0,0.03125
2023,17,00-0037475,S.Smartt,TE,LAC,DEN,0,0,0.0,0,0.0,0.0,0.0,0,0.0,0,2,2,23.0,0,2.3,4.3,,,76.0,232.0,25.101294117647058,1.0,Old Dominion,2022.0,2022.0,,,,0.054054055
2023,18,00-0037475,S.Smartt,TE,LAC,KC,0,0,0.0,0,0.0,0.0,0.0,0,0.0,0,3,2,14.0,0,1.4,3.4,,,76.0,232.0,25.101294117647058,1.0,Old Dominion,2022.0,2022.0,,,-1.0,0.06666667
2023,1,00-0037487,D.Thompkins,WR,TB,MIN,0,0,0.0,0,0.0,0.0,0.0,0,0.0,0,3,2,10.0,0,1.0,3.0,,,68.0,155.0,23.902684210526317,1.0,Utah State,2022.0,2022.0,,,,0.09375
2023,2,00-0037487,D.Thompkins,WR,TB,CHI,0,0,0.0,0,0.0,0.0,0.0,1,11.0,0,0,0,0.0,0,1.1,1.1,,,68.0,155.0,23.902684210526317,1.0,Utah State,2022.0,2022.0,,,10.0,
2023,3,00-0037487,D.Thompkins,WR,TB,PHI,0,0,0.0,0,0.0,0.0,0.0,0,0.0,0,4,2,6.0,0,0.6,2.6,,,68.0,155.0,23.902684210526317,1.0,Utah State,2022.0,2022.0,,,-14.0,0.16
2023,4,00-0037487,D.Thompkins,WR,TB,NO,0,0,0.0,0,0.0,0.0,0.0,1,11.0,0,4,4,45.0,1,11.6,15.6,,,68.0,155.0,23.902684210526317,1.0,Utah State,2022.0,2022.0,,,,0.13333334
2023,6,00-0037487,D.Thompkins,WR,TB,DET,0,0,0.0,0,0.0,0.0,0.0,1,5.0,0,4,2,-2.0,0,0.3,2.3,,,68.0,155.0,23.902684210526317,1.0,Utah State,2022.0,2022.0,,,-14.0,0.10810811
2023,7,00-0037487,D.Thompkins,WR,TB,ATL,0,0,0.0,0,0.0,0.0,0.0,0,0.0,0,3,3,14.0,0,-0.6,2.4,,,68.0,155.0,23.902684210526317,1.0,Utah State,2022.0,2022.0,,,-3.0,0.07317073
2023,10,00-0037487,D.Thompkins,WR,TB,TEN,0,0,0.0,0,0.0,0.0,0.0,1,6.0,0,2,1,5.0,0,1.1,2.1,,,68.0,155.0,23.902684210526317,1.0,Utah State,2022.0,2022.0,,,14.0,0.06896552
2023,11,00-0037487,D.Thompkins,WR,TB,SF,0,0,0.0,0,0.0,0.0,0.0,1,17.0,0,1,0,0.0,0,1.7,1.7,,,68.0,155.0,23.902684210526317,1.0,Utah State,2022.0,2022.0,,,,0.023255814
2023,13,00-0037487,D.Thompkins,WR,TB,CAR,0,0,0.0,0,0.0,0.0,0.0,2,7.0,0,1,1,4.0,0,1.1,2.1,,,68.0,155.0,23.902684210526317,1.0,Utah State,2022.0,2022.0,,,3.0,0.037037037
2023,15,00-0037487,D.Thompkins,WR,TB,GB,0,0,0.0,0,0.0,0.0,0.0,1,-1.0,0,0,0,0.0,0,-0.1,-0.1,,,68.0,155.0,23.902684210526317,1.0,Utah State,2022.0,2022.0,,,,
2023,17,00-0037487,D.Thompkins,WR,TB,NO,0,0,0.0,0,0.0,0.0,0.0,0,0.0,0,2,1,0.0,0,0.0,1.0,,,68.0,155.0,23.902684210526317,1.0,Utah State,2022.0,2022.0,,,-10.0,0.060606062
2023,18,00-0037487,D.Thompkins,WR,TB,CAR,0,0,0.0,0,0.0,0.0,0.0,0,0.0,0,1,1,1.0,0,0.1,1.1,,,68.0,155.0,23.902684210526317,1.0,Utah State,2022.0,2022.0,,,,0.032258064
2023,19,00-0037487,D.Thompkins,WR,TB,PHI,0,0,0.0,0,0.0,0.0,0.0,1,10.0,0,1,1,4.0,0,1.4,2.4,,,68.0,155.0,23.902684210526317,1.0,Utah State,2022.0,2022.0,,,23.0,0.028571429
2023,20,00-0037487,D.Thompkins,WR,TB,DET,0,0,0.0,0,0.0,0.0,0.0,0,0.0,0,1,0,0.0,0,0.0,0.0,,,68.0,155.0,23.902684210526317,1.0,Utah State,2022.0,2022.0,,,,0.025641026
2023,16,00-0037506,C.Fotheringham,TE,LV,KC,0,0,0.0,0,0.0,0.0,0.0,0,0.0,0,1,1,6.0,0,0.6,1.6,,,76.0,243.0,26.072764705882353,1.0,Utah,2022.0,2022.0,,,,0.05263158
2023,3,00-0037525,J.Mason,RB,SF,NYG,0,0,0.0,0,0.0,0.0,0.0,3,11.0,0,0,0,0.0,0,1.1,1.1,,,71.0,218.0,24.4952,1.0,Georgia Tech,2022.0,2022.0,,,18.0,
2023,4,00-0037525,J.Mason,RB,SF,ARI,0,0,0.0,0,0.0,0.0,0.0,3,10.0,0,1,1,13.0,0,2.3,3.3,,,71.0,218.0,24.4952,1.0,Georgia Tech,2022.0,2022.0,,,19.0,0.04761905
2023,5,00-0037525,J.Mason,RB,SF,DAL,0,0,0.0,0,0.0,0.0,0.0,10,69.0,1,1,0,0.0,0,12.9,12.9,,,71.0,218.0,24.4952,1.0,Georgia Tech,2022.0,2022.0,,,32.0,0.04
2023,6,00-0037525,J.Mason,RB,SF,CLE,0,0,0.0,0,0.0,0.0,0.0,5,27.0,1,0,0,0.0,0,8.7,8.7,,,71.0,218.0,24.4952,1.0,Georgia Tech,2022.0,2022.0,,,,
2023,13,00-0037525,J.Mason,RB,SF,PHI,0,0,0.0,0,0.0,0.0,0.0,2,10.0,0,0,0,0.0,0,1.0,1.0,,,71.0,218.0,24.4952,1.0,Georgia Tech,2022.0,2022.0,,,,
2023,14,00-0037525,J.Mason,RB,SF,SEA,0,0,0.0,0,0.0,0.0,0.0,4,20.0,1,1,1,6.0,0,8.6,9.6,,,71.0,218.0,24.4952,1.0,Georgia Tech,2022.0,2022.0,,,12.0,0.037037037
2023,15,00-0037525,J.Mason,RB,SF,ARI,0,0,0.0,0,0.0,0.0,0.0,5,20.0,0,0,0,0.0,0,2.0,2.0,,,71.0,218.0,24.4952,1.0,Georgia Tech,2022.0,2022.0,,,,
2023,17,00-0037525,J.Mason,RB,SF,WAS,0,0,0.0,0,0.0,0.0,0.0,2,3.0,0,0,0,0.0,0,0.3,0.3,,,71.0,218.0,24.4952,1.0,Georgia Tech,2022.0,2022.0,,,,
2023,18,00-0037525,J.Mason,RB,SF,LA,0,0,0.0,0,0.0,0.0,0.0,6,36.0,0,1,1,12.0,0,4.8,5.8,,,71.0,218.0,24.4952,1.0,Georgia Tech,2022.0,2022.0,,,-1.0,0.04
2023,10,00-0037539,L.Krull,TE,DEN,BUF,0,0,0.0,0,0.0,0.0,0.0,0,0.0,0,1,0,0.0,0,0.0,0.0,,,78.0,260.0,25.329235294117645,1.0,Pittsburgh,2022.0,2022.0,,,,0.03448276
2023,13,00-0037539,L.Krull,TE,DEN,HOU,0,0,0.0,0,0.0,0.0,0.0,0,0.0,0,1,0,0.0,0,0.0,0.0,,,78.0,260.0,25.329235294117645,1.0,Pittsburgh,2022.0,2022.0,,,,0.041666668
2023,14,00-0037539,L.Krull,TE,DEN,LAC,0,0,0.0,0,0.0,0.0,0.0,0,0.0,0,1,1,35.0,0,3.5,4.5,,,78.0,260.0,25.329235294117645,1.0,Pittsburgh,2022.0,2022.0,,,,0.033333335
2023,15,00-0037539,L.Krull,TE,DEN,DET,0,0,0.0,0,0.0,0.0,0.0,0,0.0,0,3,1,18.0,0,1.8,2.8,,,78.0,260.0,25.329235294117645,1.0,Pittsburgh,2022.0,2022.0,,,,0.09375
2023,16,00-0037539,L.Krull,TE,DEN,NE,0,0,0.0,0,0.0,0.0,0.0,0,0.0,0,5,4,28.0,1,8.8,12.8,,,78.0,260.0,25.329235294117645,1.0,Pittsburgh,2022.0,2022.0,,,-3.0,0.14285715
2023,17,00-0037539,L.Krull,TE,DEN,LAC,0,0,0.0,0,0.0,0.0,0.0,0,0.0,0,2,2,14.0,0,1.4,3.4,,,78.0,260.0,25.329235294117645,1.0,Pittsburgh,2022.0,2022.0,,,7.0,0.06666667
2023,18,00-0037539,L.Krull,TE,DEN,LV,0,0,0.0,0,0.0,0.0,0.0,0,0.0,0,1,0,0.0,0,0.0,0.0,,,78.0,260.0,25.329235294117645,1.0,Pittsburgh,2022.0,2022.0,,,,0.03125
2023,1,00-0037545,R.Shaheed,WR,NO,TEN,0,0,0.0,0,0.0,0.0,0.0,2,11.0,0,6,5,89.0,1,16.0,21.0,,,72.0,180.0,25.187117647058823,1.0,Weber State,2022.0,2022.0,,,1.0,0.18181819
2023,2,00-0037545,R.Shaheed,WR,NO,CAR,0,0,0.0,0,0.0,0.0,0.0,0,0.0,0,4,4,63.0,0,6.3,10.3,,,72.0,180.0,25.187117647058823,1.0,Weber State,2022.0,2022.0,,,,0.11764706
2023,3,00-0037545,R.Shaheed,WR,NO,GB,0,0,0.0,0,0.0,0.0,0.0,1,0.0,0,2,0,0.0,0,6.0,6.0,,,72.0,180.0,25.187117647058823,1.0,Weber State,2022.0,2022.0,,,,0.05882353
2023,4,00-0037545,R.Shaheed,WR,NO,TB,0,0,0.0,0,0.0,0.0,0.0,0,0.0,0,7,3,33.0,0,3.3,6.3,,,72.0,180.0,25.187117647058823,1.0,Weber State,2022.0,2022.0,,,-17.0,0.18421052
2023,5,00-0037545,R.Shaheed,WR,NO,NE,0,0,0.0,0,0.0,0.0,0.0,0,0.0,0,2,2,28.0,0,2.8,4.8,,,72.0,180.0,25.187117647058823,1.0,Weber State,2022.0,2022.0,,,,0.08
2023,6,00-0037545,R.Shaheed,WR,NO,HOU,0,0,0.0,0,0.0,0.0,0.0,2,18.0,0,6,2,85.0,1,16.3,18.3,,,72.0,180.0,25.187117647058823,1.0,Weber State,2022.0,2022.0,,,,0.13043478
2023,7,00-0037545,R.Shaheed,WR,NO,JAX,0,0,0.0,0,0.0,0.0,0.0,1,4.0,0,8,4,28.0,0,3.2,7.2,,,72.0,180.0,25.187117647058823,1.0,Weber State,2022.0,2022.0,,,-7.0,0.1509434
2023,8,00-0037545,R.Shaheed,WR,NO,IND,0,0,0.0,0,0.0,0.0,0.0,0,0.0,0,3,3,153.0,1,21.3,24.3,,,72.0,180.0,25.187117647058823,1.0,Weber State,2022.0,2022.0,,,,0.10344828
2023,9,00-0037545,R.Shaheed,WR,NO,CHI,0,0,0.0,0,0.0,0.0,0.0,0,0.0,0,3,3,22.0,0,2.2,5.2,,,72.0,180.0,25.187117647058823,1.0,Weber State,2022.0,2022.0,,,7.0,0.09375
2023,10,00-0037545,R.Shaheed,WR,NO,MIN,0,0,0.0,0,0.0,0.0,0.0,0,0.0,0,9,5,24.0,0,2.4,7.4,,,72.0,180.0,25.187117647058823,1.0,Weber State,2022.0,2022.0,,,,0.225
2023,12,00-0037545,R.Shaheed,WR,NO,ATL,0,0,0.0,0,0.0,0.0,0.0,0,0.0,0,5,2,9.0,0,0.9,2.9,,,72.0,180.0,25.187117647058823,1.0,Weber State,2022.0,2022.0,,,,0.13513513
2023,15,00-0037545,R.Shaheed,WR,NO,NYG,0,0,0.0,0,0.0,0.0,0.0,0,0.0,0,4,3,36.0,0,3.6,6.6,,,72.0,180.0,25.187117647058823,1.0,Weber State,2022.0,2022.0,,,18.0,0.14285715
2023,16,00-0037545,R.Shaheed,WR,NO,LA,0,0,0.0,0,0.0,0.0,0.0,1,4.0,0,9,5,70.0,1,13.4,18.4,,,72.0,180.0,25.187117647058823,1.0,Weber State,2022.0,2022.0,,,,0.225
2023,17,00-0037545,R.Shaheed,WR,NO,TB,0,0,0.0,0,0.0,0.0,0.0,0,0.0,0,3,2,14.0,0,1.4,3.4,,,72.0,180.0,25.187117647058823,1.0,Weber State,2022.0,2022.0,,,,0.0882353
2023,18,00-0037545,R.Shaheed,WR,NO,ATL,0,0,0.0,0,0.0,0.0,0.0,0,0.0,0,4,3,65.0,1,12.5,15.5,,,72.0,180.0,25.187117647058823,1.0,Weber State,2022.0,2022.0,,,31.0,0.16
2023,2,00-0037557,R.Rivers,RB,LA,SF,0,0,0.0,0,0.0,0.0,0.0,0,0.0,0,1,1,4.0,0,0.4,1.4,,,69.0,190.0,24.78,1.0,Fresno State,2022.0,2022.0,,,-7.0,0.01923077
2023,4,00-0037557,R.Rivers,RB,LA,IND,0,0,0.0,0,0.0,0.0,0.0,9,47.0,0,2,2,10.0,0,5.7,7.7,,,69.0,190.0,24.78,1.0,Fresno State,2022.0,2022.0,,,,0.051282052
2023,5,00-0037557,R.Rivers,RB,LA,PHI,0,0,0.0,0,0.0,0.0,0.0,1,1.0,0,0,0,0.0,0,0.1,0.1,,,69.0,190.0,24.78,1.0,Fresno State,2022.0,2022.0,,,-9.0,
2023,6,00-0037557,R.Rivers,RB,LA,ARI,0,0,0.0,0,0.0,0.0,0.0,3,9.0,0,1,1,4.0,0,1.3,2.3,,,69.0,190.0,24.78,1.0,Fresno State,2022.0,2022.0,,,17.0,0.04761905
2023,16,00-0037557,R.Rivers,RB,LA,NO,0,0,0.0,0,0.0,0.0,0.0,6,20.0,0,0,0,0.0,0,2.0,2.0,,,69.0,190.0,24.78,1.0,Fresno State,2022.0,2022.0,,,8.0,
2023,17,00-0037557,R.Rivers,RB,LA,NYG,0,0,0.0,0,0.0,0.0,0.0,0,0.0,0,1,1,4.0,0,0.4,1.4,,,69.0,190.0,24.78,1.0,Fresno State,2022.0,2022.0,,,,0.029411765
2023,18,00-0037557,R.Rivers,RB,LA,SF,0,0,0.0,0,0.0,0.0,0.0,13,52.0,0,0,0,0.0,0,5.2,5.2,,,69.0,190.0,24.78,1.0,Fresno State,2022.0,2022.0,,,,
2023,19,00-0037557,R.Rivers,RB,LA,DET,0,0,0.0,0,0.0,0.0,0.0,3,9.0,0,3,3,35.0,0,4.4,7.4,,,69.0,190.0,24.78,1.0,Fresno State,2022.0,2022.0,,,,0.0882353
2023,1,00-0037569,P.Hendershot,TE,DAL,NYG,0,0,0.0,0,0.0,0.0,0.0,0,0.0,0,1,0,0.0,0,0.0,0.0,,,76.0,245.0,24.558055555555555,1.0,Indiana,2022.0,2022.0,,,,0.04
2023,2,00-0037569,P.Hendershot,TE,DAL,NYJ,0,0,0.0,0,0.0,0.0,0.0,1,0.0,0,0,0,0.0,0,0.0,0.0,,,76.0,245.0,24.558055555555555,1.0,Indiana,2022.0,2022.0,,,20.0,
2023,3,00-0037569,P.Hendershot,TE,DAL,ARI,0,0,0.0,0,0.0,0.0,0.0,0,0.0,0,1,1,3.0,0,0.3,1.3,,,76.0,245.0,24.558055555555555,1.0,Indiana,2022.0,2022.0,,,,0.027027028
2023,15,00-0037569,P.Hendershot,TE,DAL,BUF,0,0,0.0,0,0.0,0.0,0.0,0,0.0,0,1,1,5.0,0,0.5,1.5,,,76.0,245.0,24.558055555555555,1.0,Indiana,2022.0,2022.0,,,,0.03125
2023,16,00-0037569,P.Hendershot,TE,DAL,MIA,0,0,0.0,0,0.0,0.0,0.0,0,0.0,0,2,0,0.0,0,0.0,0.0,,,76.0,245.0,24.558055555555555,1.0,Indiana,2022.0,2022.0,,,,0.0625
2023,17,00-0037569,P.Hendershot,TE,DAL,DET,0,0,0.0,0,0.0,0.0,0.0,0,0.0,0,1,1,6.0,0,0.6,1.6,,,76.0,245.0,24.558055555555555,1.0,Indiana,2022.0,2022.0,,,1.0,0.027027028
2023,18,00-0037569,P.Hendershot,TE,DAL,WAS,0,0,0.0,0,0.0,0.0,0.0,0,0.0,0,1,1,24.0,0,2.4,3.4,,,76.0,245.0,24.558055555555555,1.0,Indiana,2022.0,2022.0,,,,0.025
2023,13,00-0037607,R.Stonehouse,P,TEN,IND,0,0,0.0,0,0.0,0.0,0.0,1,-11.0,0,0,0,0.0,0,-3.1,-3.1,,,70.0,178.0,24.499470588235294,1.0,Colorado State,2022.0,2022.0,,,-3.0,
2023,2,00-0037614,J.Metchie,WR,HOU,IND,0,0,0.0,0,0.0,0.0,0.0,0,0.0,0,1,1,17.0,0,1.7,2.7,,,71.0,195.0,23.330894736842108,1.0,Alabama,2022.0,2022.0,HOU,44.0,-11.0,0.023255814
2023,3,00-0037614,J.Metchie,WR,HOU,JAX,0,0,0.0,0,0.0,0.0,0.0,0,0.0,0,2,2,13.0,0,1.3,3.3,,,71.0,195.0,23.330894736842108,1.0,Alabama,2022.0,2022.0,HOU,44.0,,0.06896552
2023,4,00-0037614,J.Metchie,WR,HOU,PIT,0,0,0.0,0,0.0,0.0,0.0,0,0.0,0,2,1,22.0,0,2.2,3.2,,,71.0,195.0,23.330894736842108,1.0,Alabama,2022.0,2022.0,HOU,44.0,24.0,0.074074075
2023,5,00-0037614,J.Metchie,WR,HOU,ATL,0,0,0.0,0,0.0,0.0,0.0,0,0.0,0,2,2,20.0,0,2.0,4.0,,,71.0,195.0,23.330894736842108,1.0,Alabama,2022.0,2022.0,HOU,44.0,,0.0625
2023,9,00-0037614,J.Metchie,WR,HOU,TB,0,0,0.0,0,0.0,0.0,0.0,0,0.0,0,1,1,14.0,0,1.4,2.4,,,71.0,195.0,23.330894736842108,1.0,Alabama,2022.0,2022.0,HOU,44.0,2.0,0.02631579
2023,10,00-0037614,J.Metchie,WR,HOU,CIN,0,0,0.0,0,0.0,0.0,0.0,0,0.0,0,2,2,25.0,0,2.5,4.5,,,71.0,195.0,23.330894736842108,1.0,Alabama,2022.0,2022.0,HOU,44.0,,0.051282052
2023,11,00-0037614,J.Metchie,WR,HOU,ARI,0,0,0.0,0,0.0,0.0,0.0,0,0.0,0,1,1,12.0,0,1.2,2.2,,,71.0,195.0,23.330894736842108,1.0,Alabama,2022.0,2022.0,HOU,44.0,5.0,0.02631579
2023,12,00-0037614,J.Metchie,WR,HOU,JAX,0,0,0.0,0,0.0,0.0,0.0,0,0.0,0,2,1,6.0,0,0.6,1.6,,,71.0,195.0,23.330894736842108,1.0,Alabama,2022.0,2022.0,HOU,44.0,-3.0,0.055555556
2023,13,00-0037614,J.Metchie,WR,HOU,DEN,0,0,0.0,0,0.0,0.0,0.0,0,0.0,0,3,1,9.0,0,0.9,1.9,,,71.0,195.0,23.330894736842108,1.0,Alabama,2022.0,2022.0,HOU,44.0,5.0,0.11111111
2023,14,00-0037614,J.Metchie,WR,HOU,NYJ,0,0,0.0,0,0.0,0.0,0.0,0,0.0,0,5,1,6.0,0,0.6,1.6,,,71.0,195.0,23.330894736842108,1.0,Alabama,2022.0,2022.0,HOU,44.0,,0.18518518
2023,15,00-0037614,J.Metchie,WR,HOU,TEN,0,0,0.0,0,0.0,0.0,0.0,0,0.0,0,1,1,1.0,0,0.1,1.1,,,71.0,195.0,23.330894736842108,1.0,Alabama,2022.0,2022.0,HOU,44.0,,0.029411765
2023,16,00-0037614,J.Metchie,WR,HOU,CLE,0,0,0.0,0,0.0,0.0,0.0,0,0.0,0,3,0,0.0,0,0.0,0.0,,,71.0,195.0,23.330894736842108,1.0,Alabama,2022.0,2022.0,HOU,44.0,-14.0,0.0625
2023,17,00-0037614,J.Metchie,WR,HOU,TEN,0,0,0.0,0,0.0,0.0,0.0,1,4.0,0,3,1,8.0,0,1.2,2.2,,,71.0,195.0,23.330894736842108,1.0,Alabama,2022.0,2022.0,HOU,44.0,23.0,0.09677419
2023,18,00-0037614,J.Metchie,WR,HOU,IND,0,0,0.0,0,0.0,0.0,0.0,0,0.0,0,2,1,5.0,0,0.5,1.5,,,71.0,195.0,23.330894736842108,1.0,Alabama,2022.0,2022.0,HOU,44.0,,0.07692308
2023,19,00-0037614,J.Metchie,WR,HOU,CLE,0,0,0.0,0,0.0,0.0,0.0,1,9.0,0,3,3,44.0,0,5.3,8.3,,,71.0,195.0,23.330894736842108,1.0,Alabama,2022.0,2022.0,HOU,44.0,31.0,0.13636364
2023,15,00-0037654,T.Fisk,TE,ATL,CAR,0,0,0.0,0,0.0,0.0,0.0,0,0.0,0,1,1,9.0,0,0.9,1.9,,,76.0,285.0,24.801823529411763,1.0,Stanford,2022.0,2022.0,,,,0.05263158
2023,1,00-0037664,A.Pierce,WR,IND,JAX,0,0,0.0,0,0.0,0.0,0.0,0,0.0,0,3,1,5.0,0,0.5,1.5,,,75.0,213.0,23.517529411764706,1.0,Cincinnati,2022.0,2022.0,IND,53.0,-10.0,0.07692308
2023,2,00-0037664,A.Pierce,WR,IND,HOU,0,0,0.0,0,0.0,0.0,0.0,0,0.0,0,2,2,28.0,0,2.8,4.8,,,75.0,213.0,23.517529411764706,1.0,Cincinnati,2022.0,2022.0,IND,53.0,,0.06451613
2023,3,00-0037664,A.Pierce,WR,IND,BAL,0,0,0.0,0,0.0,0.0,0.0,0,0.0,0,7,3,43.0,0,4.3,7.3,,,75.0,213.0,23.517529411764706,1.0,Cincinnati,2022.0,2022.0,IND,53.0,,0.16666667
2023,4,00-0037664,A.Pierce,WR,IND,LA,0,0,0.0,0,0.0,0.0,0.0,0,0.0,0,2,1,38.0,0,3.8,4.8,,,75.0,213.0,23.517529411764706,1.0,Cincinnati,2022.0,2022.0,IND,53.0,-6.0,0.083333336
2023,5,00-0037664,A.Pierce,WR,IND,TEN,0,0,0.0,0,0.0,0.0,0.0,0,0.0,0,2,1,10.0,0,1.0,2.0,,,75.0,213.0,23.517529411764706,1.0,Cincinnati,2022.0,2022.0,IND,53.0,7.0,0.083333336
2023,6,00-0037664,A.Pierce,WR,IND,JAX,0,0,0.0,0,0.0,0.0,0.0,0,0.0,0,6,3,25.0,0,2.5,5.5,,,75.0,213.0,23.517529411764706,1.0,Cincinnati,2022.0,2022.0,IND,53.0,,0.115384616
2023,7,00-0037664,A.Pierce,WR,IND,CLE,0,0,0.0,0,0.0,0.0,0.0,0,0.0,0,3,3,53.0,0,5.3,8.3,,,75.0,213.0,23.517529411764706,1.0,Cincinnati,2022.0,2022.0,IND,53.0,-1.0,0.13636364
2023,8,00-0037664,A.Pierce,WR,IND,NO,0,0,0.0,0,0.0,0.0,0.0,0,0.0,0,5,3,41.0,0,4.1,7.1,,,75.0,213.0,23.517529411764706,1.0,Cincinnati,2022.0,2022.0,IND,53.0,-11.0,0.13157895
2023,9,00-0037664,A.Pierce,WR,IND,CAR,0,0,0.0,0,0.0,0.0,0.0,0,0.0,0,2,0,0.0,0,0.0,0.0,,,75.0,213.0,23.517529411764706,1.0,Cincinnati,2022.0,2022.0,IND,53.0,,0.083333336
2023,10,00-0037664,A.Pierce,WR,IND,NE,0,0,0.0,0,0.0,0.0,0.0,0,0.0,0,1,1,21.0,0,2.1,3.1,,,75.0,213.0,23.517529411764706,1.0,Cincinnati,2022.0,2022.0,IND,53.0,,0.03846154
2023,12,00-0037664,A.Pierce,WR,IND,TB,0,0,0.0,0,0.0,0.0,0.0,0,0.0,0,6,4,27.0,0,2.7,6.7,,,75.0,213.0,23.517529411764706,1.0,Cincinnati,2022.0,2022.0,IND,53.0,7.0,0.15
2023,13,00-0037664,A.Pierce,WR,IND,TEN,0,0,0.0,0,0.0,0.0,0.0,0,0.0,0,6,3,100.0,1,16.0,19.0,,,75.0,213.0,23.517529411764706,1.0,Cincinnati,2022.0,2022.0,IND,53.0,,0.14634146
2023,14,00-0037664,A.Pierce,WR,IND,CIN,0,0,0.0,0,0.0,0.0,0.0,0,0.0,0,3,2,22.0,0,2.2,4.2,,,75.0,213.0,23.517529411764706,1.0,Cincinnati,2022.0,2022.0,IND,53.0,,0.078947365
2023,15,00-0037664,A.Pierce,WR,IND,PIT,0,0,0.0,0,0.0,0.0,0.0,0,0.0,0,5,1,13.0,0,1.3,2.3,,,75.0,213.0,23.517529411764706,1.0,Cincinnati,2022.0,2022.0,IND,53.0,17.0,0.18518518
2023,16,00-0037664,A.Pierce,WR,IND,ATL,0,0,0.0,0,0.0,0.0,0.0,0,0.0,0,7,3,30.0,0,3.0,6.0,,,75.0,213.0,23.517529411764706,1.0,Cincinnati,2022.0,2022.0,IND,53.0,,0.2
2023,17,00-0037664,A.Pierce,WR,IND,LV,0,0,0.0,0,0.0,0.0,0.0,0,0.0,0,1,1,58.0,1,11.8,12.8,,,75.0,213.0,23.517529411764706,1.0,Cincinnati,2022.0,2022.0,IND,53.0,3.0,0.05
2023,18,00-0037664,A.Pierce,WR,IND,HOU,0,0,0.0,0,0.0,0.0,0.0,0,0.0,0,4,0,0.0,0,0.0,0.0,,,75.0,213.0,23.517529411764706,1.0,Cincinnati,2022.0,2022.0,IND,53.0,-4.0,0.17391305
2023,1,00-0037666,J.Tolbert,WR,DAL,NYG,0,0,0.0,0,0.0,0.0,0.0,0,0.0,0,1,0,0.0,0,0.0,0.0,,,73.0,195.0,24.70861111111111,1.0,South Alabama,2022.0,2022.0,DAL,88.0,,0.04
2023,2,00-0037666,J.Tolbert,WR,DAL,NYJ,0,0,0.0,0,0.0,0.0,0.0,0,0.0,0,4,3,18.0,0,1.8,4.8,,,73.0,195.0,24.70861111111111,1.0,South Alabama,2022.0,2022.0,DAL,88.0,20.0,0.10810811
2023,4,00-0037666,J.Tolbert,WR,DAL,NE,0,0,0.0,0,0.0,0.0,0.0,0,0.0,0,4,4,53.0,0,5.3,9.3,,,73.0,195.0,24.70861111111111,1.0,South Alabama,2022.0,2022.0,DAL,88.0,35.0,0.11111111
2023,8,00-0037666,J.Tolbert,WR,DAL,LA,0,0,0.0,0,0.0,0.0,0.0,0,0.0,0,1,0,0.0,0,0.0,0.0,,,73.0,195.0,24.70861111111111,1.0,South Alabama,2022.0,2022.0,DAL,88.0,23.0,0.029411765
2023,9,00-0037666,J.Tolbert,WR,DAL,PHI,0,0,0.0,0,0.0,0.0,0.0,0,0.0,0,5,3,49.0,1,10.9,13.9,,,73.0,195.0,24.70861111111111,1.0,South Alabama,2022.0,2022.0,DAL,88.0,,0.11363637
2023,10,00-0037666,J.Tolbert,WR,DAL,NYG,0,0,0.0,0,0.0,0.0,0.0,0,0.0,0,5,2,2.0,0,0.2,2.2,,,73.0,195.0,24.70861111111111,1.0,South Alabama,2022.0,2022.0,DAL,88.0,32.0,0.11363637
2023,11,00-0037666,J.Tolbert,WR,DAL,CAR,0,0,0.0,0,0.0,0.0,0.0,0,0.0,0,5,2,12.0,0,1.2,3.2,,,73.0,195.0,24.70861111111111,1.0,South Alabama,2022.0,2022.0,DAL,88.0,,0.125
2023,12,00-0037666,J.Tolbert,WR,DAL,WAS,0,0,0.0,0,0.0,0.0,0.0,0,0.0,0,3,2,49.0,0,4.9,6.9,,,73.0,195.0,24.70861111111111,1.0,South Alabama,2022.0,2022.0,DAL,88.0,35.0,0.09375
2023,13,00-0037666,J.Tolbert,WR,DAL,SEA,0,0,0.0,0,0.0,0.0,0.0,0,0.0,0,1,1,17.0,0,1.7,2.7,,,73.0,195.0,24.70861111111111,1.0,South Alabama,2022.0,2022.0,DAL,88.0,6.0,0.025
2023,14,00-0037666,J.Tolbert,WR,DAL,PHI,0,0,0.0,0,0.0,0.0,0.0,0,0.0,0,1,0,0.0,0,0.0,0.0,,,73.0,195.0,24.70861111111111,1.0,South Alabama,2022.0,2022.0,DAL,88.0,20.0,0.025641026
2023,16,00-0037666,J.Tolbert,WR,DAL,MIA,0,0,0.0,0,0.0,0.0,0.0,0,0.0,0,2,2,51.0,0,5.1,7.1,,,73.0,195.0,24.70861111111111,1.0,South Alabama,2022.0,2022.0,DAL,88.0,,0.0625
2023,17,00-0037666,J.Tolbert,WR,DAL,DET,0,0,0.0,0,0.0,0.0,0.0,0,0.0,0,1,1,9.0,0,0.9,1.9,,,73.0,195.0,24.70861111111111,1.0,South Alabama,2022.0,2022.0,DAL,88.0,1.0,0.027027028
2023,18,00-0037666,J.Tolbert,WR,DAL,WAS,0,0,0.0,0,0.0,0.0,0.0,0,0.0,0,3,2,8.0,1,6.8,8.8,,,73.0,195.0,24.70861111111111,1.0,South Alabama,2022.0,2022.0,DAL,88.0,,0.075
2023,19,00-0037666,J.Tolbert,WR,DAL,GB,0,0,0.0,0,0.0,0.0,0.0,0,0.0,0,2,0,0.0,0,0.0,0.0,,,73.0,195.0,24.70861111111111,1.0,South Alabama,2022.0,2022.0,DAL,88.0,-16.0,0.03448276
2023,1,00-0037740,G.Wilson,WR,NYJ,BUF,0,0,0.0,0,0.0,0.0,0.0,0,0.0,0,5,5,34.0,1,9.4,14.4,,,72.0,192.0,23.3,1.0,Ohio State,2022.0,2022.0,NYJ,10.0,6.0,0.2777778
2023,2,00-0037740,G.Wilson,WR,NYJ,DAL,0,0,0.0,0,0.0,0.0,0.0,0,0.0,0,8,2,83.0,1,14.3,16.3,,,72.0,192.0,23.3,1.0,Ohio State,2022.0,2022.0,NYJ,10.0,,0.32
2023,3,00-0037740,G.Wilson,WR,NYJ,NE,0,0,0.0,0,0.0,0.0,0.0,0,0.0,0,9,5,48.0,0,4.8,9.8,,,72.0,192.0,23.3,1.0,Ohio State,2022.0,2022.0,NYJ,10.0,-5.0,0.32142857
2023,4,00-0037740,G.Wilson,WR,NYJ,KC,0,0,0.0,0,0.0,0.0,0.0,0,0.0,0,14,9,60.0,0,6.0,15.0,,,72.0,192.0,23.3,1.0,Ohio State,2022.0,2022.0,NYJ,10.0,-3.0,0.35897437
2023,5,00-0037740,G.Wilson,WR,NYJ,DEN,0,0,0.0,0,0.0,0.0,0.0,0,0.0,0,7,3,54.0,0,5.4,8.4,,,72.0,192.0,23.3,1.0,Ohio State,2022.0,2022.0,NYJ,10.0,,0.26923078
2023,6,00-0037740,G.Wilson,WR,NYJ,PHI,0,0,0.0,0,0.0,0.0,0.0,0,0.0,0,12,8,90.0,0,9.0,17.0,,,72.0,192.0,23.3,1.0,Ohio State,2022.0,2022.0,NYJ,10.0,6.0,0.36363637
2023,8,00-0037740,G.Wilson,WR,NYJ,NYG,0,0,0.0,0,0.0,0.0,0.0,1,6.0,0,13,7,100.0,0,10.6,17.6,,,72.0,192.0,23.3,1.0,Ohio State,2022.0,2022.0,NYJ,10.0,,0.38235295
2023,9,00-0037740,G.Wilson,WR,NYJ,LAC,0,0,0.0,0,0.0,0.0,0.0,0,0.0,0,13,7,80.0,0,6.0,13.0,,,72.0,192.0,23.3,1.0,Ohio State,2022.0,2022.0,NYJ,10.0,-21.0,0.27083334
2023,10,00-0037740,G.Wilson,WR,NYJ,LV,0,1,0.0,0,0.0,0.0,-0.0,0,0.0,0,14,9,93.0,0,9.3,18.3,,,72.0,192.0,23.3,1.0,Ohio State,2022.0,2022.0,NYJ,10.0,,0.3783784
2023,11,00-0037740,G.Wilson,WR,NYJ,BUF,0,0,0.0,0,0.0,0.0,0.0,0,0.0,0,8,2,9.0,0,-1.1,0.9,,,72.0,192.0,23.3,1.0,Ohio State,2022.0,2022.0,NYJ,10.0,,0.2857143
2023,12,00-0037740,G.Wilson,WR,NYJ,MIA,0,0,0.0,0,0.0,0.0,0.0,0,0.0,0,10,7,44.0,1,10.4,17.4,,,72.0,192.0,23.3,1.0,Ohio State,2022.0,2022.0,NYJ,10.0,-21.0,0.2777778
2023,13,00-0037740,G.Wilson,WR,NYJ,ATL,0,0,0.0,0,0.0,0.0,0.0,0,0.0,0,7,3,50.0,0,5.0,8.0,,,72.0,192.0,23.3,1.0,Ohio State,2022.0,2022.0,NYJ,10.0,-5.0,0.19444445
2023,14,00-0037740,G.Wilson,WR,NYJ,HOU,0,0,0.0,0,0.0,0.0,0.0,1,3.0,0,14,9,108.0,0,11.1,20.1,,,72.0,192.0,23.3,1.0,Ohio State,2022.0,2022.0,NYJ,10.0,24.0,0.4
2023,15,00-0037740,G.Wilson,WR,NYJ,MIA,0,0,0.0,0,0.0,0.0,0.0,0,0.0,0,4,3,29.0,0,2.9,5.9,,,72.0,192.0,23.3,1.0,Ohio State,2022.0,2022.0,NYJ,10.0,,0.121212125
2023,16,00-0037740,G.Wilson,WR,NYJ,WAS,0,0,0.0,0,0.0,0.0,0.0,1,-8.0,0,15,9,76.0,0,6.8,15.8,,,72.0,192.0,23.3,1.0,Ohio State,2022.0,2022.0,NYJ,10.0,2.0,0.33333334
2023,17,00-0037740,G.Wilson,WR,NYJ,CLE,0,0,0.0,0,0.0,0.0,0.0,1,-1.0,0,10,5,50.0,0,4.9,9.9,,,72.0,192.0,23.3,1.0,Ohio State,2022.0,2022.0,NYJ,10.0,,0.22727273
2023,18,00-0037740,G.Wilson,WR,NYJ,NE,0,0,0.0,0,0.0,0.0,0.0,0,0.0,0,5,2,34.0,0,3.4,5.4,,,72.0,192.0,23.3,1.0,Ohio State,2022.0,2022.0,NYJ,10.0,,0.2777778
2023,1,00-0037741,J.Dotson,WR,WAS,ARI,0,0,0.0,0,0.0,0.0,0.0,0,0.0,0,7,5,40.0,0,4.0,9.0,,,71.0,182.0,23.62564705882353,1.0,Penn State,2022.0,2022.0,WAS,16.0,4.0,0.2413793
2023,2,00-0037741,J.Dotson,WR,WAS,DEN,0,0,0.0,0,0.0,0.0,0.0,0,0.0,0,5,3,22.0,0,2.2,5.2,,,71.0,182.0,23.62564705882353,1.0,Penn State,2022.0,2022.0,WAS,16.0,,0.14705883
2023,3,00-0037741,J.Dotson,WR,WAS,BUF,0,0,0.0,0,0.0,0.0,0.0,0,0.0,0,4,2,21.0,0,2.1,4.1,,,71.0,182.0,23.62564705882353,1.0,Penn State,2022.0,2022.0,WAS,16.0,-34.0,0.13793103
2023,4,00-0037741,J.Dotson,WR,WAS,PHI,0,0,0.0,0,0.0,0.0,0.0,0,0.0,0,9,4,27.0,1,8.7,12.7,,,71.0,182.0,23.62564705882353,1.0,Penn State,2022.0,2022.0,WAS,16.0,,0.23076923
2023,5,00-0037741,J.Dotson,WR,WAS,CHI,0,0,0.0,0,0.0,0.0,0.0,0,0.0,0,5,3,30.0,0,3.0,6.0,,,71.0,182.0,23.62564705882353,1.0,Penn State,2022.0,2022.0,WAS,16.0,-20.0,0.104166664
2023,6,00-0037741,J.Dotson,WR,WAS,ATL,0,0,0.0,0,0.0,0.0,0.0,0,0.0,0,1,0,0.0,0,0.0,0.0,,,71.0,182.0,23.62564705882353,1.0,Penn State,2022.0,2022.0,WAS,16.0,,0.04761905
2023,7,00-0037741,J.Dotson,WR,WAS,NYG,0,0,0.0,0,0.0,0.0,0.0,0,0.0,0,8,5,43.0,0,4.3,9.3,,,71.0,182.0,23.62564705882353,1.0,Penn State,2022.0,2022.0,WAS,16.0,,0.22222222
2023,8,00-0037741,J.Dotson,WR,WAS,PHI,0,0,0.0,0,0.0,0.0,0.0,0,0.0,0,10,8,108.0,1,16.8,24.8,,,71.0,182.0,23.62564705882353,1.0,Penn State,2022.0,2022.0,WAS,16.0,-7.0,0.19607843
2023,9,00-0037741,J.Dotson,WR,WAS,NE,0,0,0.0,0,0.0,0.0,0.0,0,0.0,0,8,4,69.0,1,12.9,16.9,,,71.0,182.0,23.62564705882353,1.0,Penn State,2022.0,2022.0,WAS,16.0,,0.18181819
2023,10,00-0037741,J.Dotson,WR,WAS,SEA,0,0,0.0,0,0.0,0.0,0.0,0,0.0,0,2,0,0.0,0,0.0,0.0,,,71.0,182.0,23.62564705882353,1.0,Penn State,2022.0,2022.0,WAS,16.0,,0.04761905
2023,11,00-0037741,J.Dotson,WR,WAS,NYG,0,0,0.0,0,0.0,0.0,0.0,0,0.0,0,4,3,23.0,1,8.3,11.3,,,71.0,182.0,23.62564705882353,1.0,Penn State,2022.0,2022.0,WAS,16.0,-12.0,0.0952381
2023,12,00-0037741,J.Dotson,WR,WAS,DAL,0,0,0.0,0,0.0,0.0,0.0,0,0.0,0,6,5,52.0,0,5.2,10.2,,,71.0,182.0,23.62564705882353,1.0,Penn State,2022.0,2022.0,WAS,16.0,,0.13636364
2023,13,00-0037741,J.Dotson,WR,WAS,MIA,0,0,0.0,0,0.0,0.0,0.0,0,0.0,0,5,2,23.0,0,2.3,4.3,,,71.0,182.0,23.62564705882353,1.0,Penn State,2022.0,2022.0,WAS,16.0,-30.0,0.22727273
2023,15,00-0037741,J.Dotson,WR,WAS,LA,0,0,0.0,0,0.0,0.0,0.0,0,0.0,0,1,1,12.0,0,1.2,2.2,,,71.0,182.0,23.62564705882353,1.0,Penn State,2022.0,2022.0,WAS,16.0,,0.029411765
2023,16,00-0037741,J.Dotson,WR,WAS,NYJ,0,0,0.0,0,0.0,0.0,0.0,0,0.0,0,4,2,31.0,0,3.1,5.1,,,71.0,182.0,23.62564705882353,1.0,Penn State,2022.0,2022.0,WAS,16.0,,0.125
2023,17,00-0037741,J.Dotson,WR,WAS,SF,0,0,0.0,0,0.0,0.0,0.0,0,0.0,0,1,0,0.0,0,0.0,0.0,,,71.0,182.0,23.62564705882353,1.0,Penn State,2022.0,2022.0,WAS,16.0,-17.0,0.03846154
2023,18,00-0037741,J.Dotson,WR,WAS,DAL,0,0,0.0,0,0.0,0.0,0.0,0,0.0,0,3,2,17.0,0,1.7,3.7,,,71.0,182.0,23.62564705882353,1.0,Penn State,2022.0,2022.0,WAS,16.0,-28.0,0.10714286
2023,1,00-0037742,T.Burks,WR,TEN,NO,0,0,0.0,0,0.0,0.0,0.0,1,9.0,0,3,2,18.0,0,2.7,4.7,,,74.0,225.0,23.631529411764706,1.0,Arkansas,2022.0,2022.0,TEN,18.0,,0.09090909
2023,2,00-0037742,T.Burks,WR,TEN,LAC,0,0,0.0,0,0.0,0.0,0.0,0,0.0,0,4,3,76.0,0,7.6,10.6,,,74.0,225.0,23.631529411764706,1.0,Arkansas,2022.0,2022.0,TEN,18.0,3.0,0.16666667
2023,3,00-0037742,T.Burks,WR,TEN,CLE,0,0,0.0,0,0.0,0.0,0.0,0,0.0,0,6,1,5.0,0,0.5,1.5,,,74.0,225.0,23.631529411764706,1.0,Arkansas,2022.0,2022.0,TEN,18.0,,0.25
2023,8,00-0037742,T.Burks,WR,TEN,ATL,0,0,0.0,0,0.0,0.0,0.0,0,0.0,0,2,0,0.0,0,0.0,0.0,,,74.0,225.0,23.631529411764706,1.0,Arkansas,2022.0,2022.0,TEN,18.0,5.0,0.07692308
2023,9,00-0037742,T.Burks,WR,TEN,PIT,0,0,0.0,0,0.0,0.0,0.0,1,5.0,0,3,2,23.0,0,2.8,4.8,,,74.0,225.0,23.631529411764706,1.0,Arkansas,2022.0,2022.0,TEN,18.0,,0.08108108
2023,14,00-0037742,T.Burks,WR,TEN,MIA,0,0,0.0,0,0.0,0.0,0.0,1,5.0,0,3,1,1.0,0,0.6,1.6,,,74.0,225.0,23.631529411764706,1.0,Arkansas,2022.0,2022.0,TEN,18.0,,0.083333336
2023,15,00-0037742,T.Burks,WR,TEN,HOU,0,0,0.0,0,0.0,0.0,0.0,1,2.0,0,3,3,62.0,0,6.4,9.4,,,74.0,225.0,23.631529411764706,1.0,Arkansas,2022.0,2022.0,TEN,18.0,-3.0,0.115384616
2023,16,00-0037742,T.Burks,WR,TEN,SEA,0,0,0.0,0,0.0,0.0,0.0,1,-3.0,0,3,2,25.0,0,2.2,4.2,,,74.0,225.0,23.631529411764706,1.0,Arkansas,2022.0,2022.0,TEN,18.0,-3.0,0.12
2023,17,00-0037742,T.Burks,WR,TEN,HOU,0,0,0.0,0,0.0,0.0,0.0,0,0.0,0,3,2,11.0,0,1.1,3.1,,,74.0,225.0,23.631529411764706,1.0,Arkansas,2022.0,2022.0,TEN,18.0,,0.12
2023,1,00-0037744,T.McBride,TE,ARI,WAS,0,0,0.0,0,0.0,0.0,0.0,0,0.0,0,2,2,23.0,0,2.3,4.3,,,76.0,245.0,23.95794117647059,1.0,Colorado State,2022.0,2022.0,ARI,55.0,,0.06666667
2023,2,00-0037744,T.McBride,TE,ARI,NYG,0,0,0.0,0,0.0,0.0,0.0,0,0.0,0,3,2,32.0,0,3.2,5.2,,,76.0,245.0,23.95794117647059,1.0,Colorado State,2022.0,2022.0,ARI,55.0,-3.0,0.10344828
2023,3,00-0037744,T.McBride,TE,ARI,DAL,0,0,0.0,0,0.0,0.0,0.0,0,0.0,0,1,1,2.0,0,0.2,1.2,,,76.0,245.0,23.95794117647059,1.0,Colorado State,2022.0,2022.0,ARI,55.0,12.0,0.04761905
2023,4,00-0037744,T.McBride,TE,ARI,SF,0,0,0.0,0,0.0,0.0,0.0,0,0.0,0,1,1,5.0,0,0.5,1.5,,,76.0,245.0,23.95794117647059,1.0,Colorado State,2022.0,2022.0,ARI,55.0,,0.024390243
2023,5,00-0037744,T.McBride,TE,ARI,CIN,0,0,0.0,0,0.0,0.0,0.0,0,0.0,0,3,2,17.0,0,1.7,3.7,,,76.0,245.0,23.95794117647059,1.0,Colorado State,2022.0,2022.0,ARI,55.0,-14.0,0.1
2023,6,00-0037744,T.McBride,TE,ARI,LA,0,0,0.0,0,0.0,0.0,0.0,0,0.0,0,5,4,62.0,0,6.2,10.2,,,76.0,245.0,23.95794117647059,1.0,Colorado State,2022.0,2022.0,ARI,55.0,,0.13157895
2023,7,00-0037744,T.McBride,TE,ARI,SEA,0,0,0.0,0,0.0,0.0,0.0,0,0.0,0,6,3,29.0,0,2.9,5.9,,,76.0,245.0,23.95794117647059,1.0,Colorado State,2022.0,2022.0,ARI,55.0,,0.18181819
2023,8,00-0037744,T.McBride,TE,ARI,BAL,0,0,0.0,0,0.0,0.0,0.0,0,0.0,0,14,10,95.0,1,15.5,25.5,,,76.0,245.0,23.95794117647059,1.0,Colorado State,2022.0,2022.0,ARI,55.0,-7.0,0.3888889
2023,9,00-0037744,T.McBride,TE,ARI,CLE,0,0,0.0,0,0.0,0.0,0.0,0,0.0,0,5,3,22.0,0,2.2,5.2,,,76.0,245.0,23.95794117647059,1.0,Colorado State,2022.0,2022.0,ARI,55.0,,0.25
2023,10,00-0037744,T.McBride,TE,ARI,ATL,0,0,0.0,0,0.0,0.0,0.0,0,0.0,0,9,8,131.0,0,13.1,21.1,,,76.0,245.0,23.95794117647059,1.0,Colorado State,2022.0,2022.0,ARI,55.0,2.0,0.29032257
2023,11,00-0037744,T.McBride,TE,ARI,HOU,0,0,0.0,0,0.0,0.0,0.0,0,0.0,0,7,5,43.0,0,4.3,9.3,,,76.0,245.0,23.95794117647059,1.0,Colorado State,2022.0,2022.0,ARI,55.0,,0.2413793
2023,12,00-0037744,T.McBride,TE,ARI,LA,0,0,0.0,0,0.0,0.0,0.0,0,0.0,0,9,7,60.0,0,6.0,13.0,,,76.0,245.0,23.95794117647059,1.0,Colorado State,2022.0,2022.0,ARI,55.0,-23.0,0.20454545
2023,13,00-0037744,T.McBride,TE,ARI,PIT,0,0,0.0,0,0.0,0.0,0.0,0,0.0,0,9,8,89.0,1,14.9,22.9,,,76.0,245.0,23.95794117647059,1.0,Colorado State,2022.0,2022.0,ARI,55.0,,0.39130434
2023,15,00-0037744,T.McBride,TE,ARI,SF,0,0,0.0,0,0.0,0.0,0.0,0,0.0,0,11,10,102.0,0,10.2,20.2,,,76.0,245.0,23.95794117647059,1.0,Colorado State,2022.0,2022.0,ARI,55.0,-16.0,0.28947368
2023,16,00-0037744,T.McBride,TE,ARI,CHI,0,0,0.0,0,0.0,0.0,0.0,0,0.0,0,8,6,31.0,0,3.1,9.1,,,76.0,245.0,23.95794117647059,1.0,Colorado State,2022.0,2022.0,ARI,55.0,,0.21621622
2023,17,00-0037744,T.McBride,TE,ARI,PHI,0,0,0.0,0,0.0,0.0,0.0,0,0.0,0,7,6,48.0,0,4.8,10.8,,,76.0,245.0,23.95794117647059,1.0,Colorado State,2022.0,2022.0,ARI,55.0,,0.22580644
2023,18,00-0037744,T.McBride,TE,ARI,SEA,0,0,0.0,0,0.0,0.0,0.0,0,0.0,0,6,3,34.0,1,9.4,12.4,,,76.0,245.0,23.95794117647059,1.0,Colorado State,2022.0,2022.0,ARI,55.0,-1.0,0.20689656
2023,2,00-0037745,V.Jones,RB,CHI,TB,0,0,0.0,0,0.0,0.0,0.0,1,-3.0,0,0,0,0.0,0,-0.3,-0.3,,,72.0,200.0,26.490764705882356,1.0,Tennessee,2022.0,2022.0,CHI,71.0,,
2023,4,00-0037745,V.Jones,RB,CHI,DEN,0,0,0.0,0,0.0,0.0,0.0,1,10.0,0,0,0,0.0,0,1.0,1.0,,,72.0,200.0,26.490764705882356,1.0,Tennessee,2022.0,2022.0,CHI,71.0,-3.0,
2023,6,00-0037745,V.Jones,RB,CHI,MIN,0,0,0.0,0,0.0,0.0,0.0,2,15.0,0,1,1,5.0,0,2.0,3.0,,,72.0,200.0,26.490764705882356,1.0,Tennessee,2022.0,2022.0,CHI,71.0,-6.0,0.041666668
2023,7,00-0037745,V.Jones,RB,CHI,LV,0,0,0.0,0,0.0,0.0,0.0,0,0.0,0,1,1,0.0,0,0.0,1.0,,,72.0,200.0,26.490764705882356,1.0,Tennessee,2022.0,2022.0,CHI,71.0,18.0,0.03448276
2023,8,00-0037745,V.Jones,RB,CHI,LAC,0,0,0.0,0,0.0,0.0,0.0,0,0.0,0,2,1,4.0,0,0.4,1.4,,,72.0,200.0,26.490764705882356,1.0,Tennessee,2022.0,2022.0,CHI,71.0,,0.054054055
2023,9,00-0037745,V.Jones,RB,CHI,NO,0,0,0.0,0,0.0,0.0,0.0,0,0.0,0,1,0,0.0,0,0.0,0.0,,,72.0,200.0,26.490764705882356,1.0,Tennessee,2022.0,2022.0,CHI,71.0,,0.03846154
2023,14,00-0037745,V.Jones,RB,CHI,DET,0,0,0.0,0,0.0,0.0,0.0,0,0.0,0,1,1,11.0,0,1.1,2.1,,,72.0,200.0,26.490764705882356,1.0,Tennessee,2022.0,2022.0,CHI,71.0,15.0,0.033333335
2023,15,00-0037745,V.Jones,RB,CHI,CLE,0,0,0.0,0,0.0,0.0,0.0,2,23.0,0,0,0,0.0,0,2.3,2.3,,,72.0,200.0,26.490764705882356,1.0,Tennessee,2022.0,2022.0,CHI,71.0,,
2023,16,00-0037745,V.Jones,RB,CHI,ARI,0,0,0.0,0,0.0,0.0,0.0,1,4.0,0,1,0,0.0,0,0.4,0.4,,,72.0,200.0,26.490764705882356,1.0,Tennessee,2022.0,2022.0,CHI,71.0,11.0,0.04347826
2023,17,00-0037745,V.Jones,RB,CHI,ATL,0,0,0.0,0,0.0,0.0,0.0,1,2.0,0,0,0,0.0,0,0.2,0.2,,,72.0,200.0,26.490764705882356,1.0,Tennessee,2022.0,2022.0,CHI,71.0,20.0,
2023,1,00-0037746,B.Robinson,RB,WAS,ARI,0,0,0.0,0,0.0,0.0,0.0,19,59.0,0,2,1,7.0,1,12.6,13.6,,,73.0,228.0,24.627764705882356,1.0,Alabama,2022.0,2022.0,WAS,98.0,4.0,0.06896552
2023,2,00-0037746,B.Robinson,RB,WAS,DEN,0,0,0.0,0,0.0,0.0,0.0,18,87.0,2,3,2,42.0,0,26.9,28.9,,,73.0,228.0,24.627764705882356,1.0,Alabama,2022.0,2022.0,WAS,98.0,,0.0882353
2023,3,00-0037746,B.Robinson,RB,WAS,BUF,0,0,0.0,0,0.0,0.0,0.0,10,70.0,0,0,0,0.0,0,7.0,7.0,,,73.0,228.0,24.627764705882356,1.0,Alabama,2022.0,2022.0,WAS,98.0,-34.0,
2023,4,00-0037746,B.Robinson,RB,WAS,PHI,0,0,0.0,0,0.0,0.0,0.0,14,45.0,1,2,2,6.0,0,11.1,13.1,,,73.0,228.0,24.627764705882356,1.0,Alabama,2022.0,2022.0,WAS,98.0,,0.051282052
2023,5,00-0037746,B.Robinson,RB,WAS,CHI,0,0,0.0,0,0.0,0.0,0.0,6,10.0,0,4,4,33.0,0,4.3,8.3,,,73.0,228.0,24.627764705882356,1.0,Alabama,2022.0,2022.0,WAS,98.0,-20.0,0.083333336
2023,6,00-0037746,B.Robinson,RB,WAS,ATL,0,0,0.0,0,0.0,0.0,0.0,10,31.0,0,2,2,25.0,1,11.6,13.6,,,73.0,228.0,24.627764705882356,1.0,Alabama,2022.0,2022.0,WAS,98.0,,0.0952381
2023,7,00-0037746,B.Robinson,RB,WAS,NYG,0,0,0.0,0,0.0,0.0,0.0,8,23.0,1,1,0,0.0,0,8.3,8.3,,,73.0,228.0,24.627764705882356,1.0,Alabama,2022.0,2022.0,WAS,98.0,,0.027777778
2023,8,00-0037746,B.Robinson,RB,WAS,PHI,0,0,0.0,0,0.0,0.0,0.0,10,59.0,0,2,2,20.0,0,7.9,9.9,,,73.0,228.0,24.627764705882356,1.0,Alabama,2022.0,2022.0,WAS,98.0,-7.0,0.039215688
2023,9,00-0037746,B.Robinson,RB,WAS,NE,0,0,0.0,0,0.0,0.0,0.0,18,63.0,1,2,1,4.0,0,10.7,11.7,,,73.0,228.0,24.627764705882356,1.0,Alabama,2022.0,2022.0,WAS,98.0,,0.045454547
2023,10,00-0037746,B.Robinson,RB,WAS,SEA,0,0,0.0,0,0.0,0.0,0.0,8,38.0,0,6,6,119.0,1,21.7,27.7,,,73.0,228.0,24.627764705882356,1.0,Alabama,2022.0,2022.0,WAS,98.0,,0.14285715
2023,11,00-0037746,B.Robinson,RB,WAS,NYG,0,0,0.0,0,0.0,0.0,0.0,17,73.0,0,9,7,59.0,0,13.2,20.2,,,73.0,228.0,24.627764705882356,1.0,Alabama,2022.0,2022.0,WAS,98.0,-12.0,0.21428572
2023,12,00-0037746,B.Robinson,RB,WAS,DAL,0,0,0.0,0,0.0,0.0,0.0,15,53.0,0,3,2,11.0,0,6.4,8.4,,,73.0,228.0,24.627764705882356,1.0,Alabama,2022.0,2022.0,WAS,98.0,,0.06818182
2023,13,00-0037746,B.Robinson,RB,WAS,MIA,0,0,0.0,0,0.0,0.0,0.0,7,53.0,0,0,0,0.0,0,5.3,5.3,,,73.0,228.0,24.627764705882356,1.0,Alabama,2022.0,2022.0,WAS,98.0,-30.0,
2023,17,00-0037746,B.Robinson,RB,WAS,SF,0,0,0.0,0,0.0,0.0,0.0,9,44.0,0,4,4,32.0,0,7.6,11.6,,,73.0,228.0,24.627764705882356,1.0,Alabama,2022.0,2022.0,WAS,98.0,-17.0,0.15384616
2023,18,00-0037746,B.Robinson,RB,WAS,DAL,0,0,0.0,0,0.0,0.0,0.0,9,25.0,0,3,3,10.0,1,7.5,10.5,,,73.0,228.0,24.627764705882356,1.0,Alabama,2022.0,2022.0,WAS,98.0,-28.0,0.10714286
2023,1,00-0037801,K.Turpin,WR,DAL,NYG,0,0,0.0,0,0.0,0.0,0.0,3,14.0,1,3,2,11.0,0,8.5,10.5,,,69.0,153.0,27.279444444444444,4.0,Texas Christian,2019.0,2022.0,,,,0.12
2023,2,00-0037801,K.Turpin,WR,DAL,NYJ,0,0,0.0,0,0.0,0.0,0.0,2,6.0,0,1,1,9.0,0,1.5,2.5,,,69.0,153.0,27.279444444444444,4.0,Texas Christian,2019.0,2022.0,,,20.0,0.027027028
2023,4,00-0037801,K.Turpin,WR,DAL,NE,0,0,0.0,0,0.0,0.0,0.0,1,46.0,0,1,1,5.0,0,5.1,6.1,,,69.0,153.0,27.279444444444444,4.0,Texas Christian,2019.0,2022.0,,,35.0,0.027777778
2023,5,00-0037801,K.Turpin,WR,DAL,SF,0,0,0.0,0,0.0,0.0,0.0,0,0.0,0,1,1,26.0,1,8.6,9.6,,,69.0,153.0,27.279444444444444,4.0,Texas Christian,2019.0,2022.0,,,,0.03846154
2023,8,00-0037801,K.Turpin,WR,DAL,LA,0,0,0.0,0,0.0,0.0,0.0,0,0.0,0,2,1,13.0,0,1.3,2.3,,,69.0,153.0,27.279444444444444,4.0,Texas Christian,2019.0,2022.0,,,23.0,0.05882353
2023,9,00-0037801,K.Turpin,WR,DAL,PHI,0,0,0.0,0,0.0,0.0,0.0,1,0.0,0,1,1,5.0,1,6.5,7.5,,,69.0,153.0,27.279444444444444,4.0,Texas Christian,2019.0,2022.0,,,,0.022727273
2023,11,00-0037801,K.Turpin,WR,DAL,CAR,0,0,0.0,0,0.0,0.0,0.0,1,13.0,0,3,2,10.0,0,2.3,4.3,,,69.0,153.0,27.279444444444444,4.0,Texas Christian,2019.0,2022.0,,,,0.075
2023,12,00-0037801,K.Turpin,WR,DAL,WAS,0,0,0.0,0,0.0,0.0,0.0,0,0.0,0,1,1,34.0,1,9.4,10.4,,,69.0,153.0,27.279444444444444,4.0,Texas Christian,2019.0,2022.0,,,35.0,0.03125
2023,13,00-0037801,K.Turpin,WR,DAL,SEA,0,0,0.0,0,0.0,0.0,0.0,0,0.0,0,3,1,10.0,0,1.0,2.0,,,69.0,153.0,27.279444444444444,4.0,Texas Christian,2019.0,2022.0,,,6.0,0.075
2023,14,00-0037801,K.Turpin,WR,DAL,PHI,0,0,0.0,0,0.0,0.0,0.0,1,22.0,0,1,0,0.0,0,2.2,2.2,,,69.0,153.0,27.279444444444444,4.0,Texas Christian,2019.0,2022.0,,,20.0,0.025641026
2023,16,00-0037801,K.Turpin,WR,DAL,MIA,0,0,0.0,0,0.0,0.0,0.0,1,4.0,0,1,1,4.0,0,0.8,1.8,,,69.0,153.0,27.279444444444444,4.0,Texas Christian,2019.0,2022.0,,,,0.03125
2023,18,00-0037801,K.Turpin,WR,DAL,WAS,0,0,0.0,0,0.0,0.0,0.0,1,5.0,0,0,0,0.0,0,0.5,0.5,,,69.0,153.0,27.279444444444444,4.0,Texas Christian,2019.0,2022.0,,,,
2023,4,00-0037805,J.Ruckert,TE,NYJ,KC,0,0,0.0,0,0.0,0.0,0.0,0,0.0,0,2,2,26.0,0,2.6,4.6,,,77.0,250.0,23.24535294117647,1.0,Ohio State,2022.0,2022.0,NYJ,101.0,-3.0,0.051282052
2023,5,00-0037805,J.Ruckert,TE,NYJ,DEN,0,0,0.0,0,0.0,0.0,0.0,0,0.0,0,1,1,2.0,0,0.2,1.2,,,77.0,250.0,23.24535294117647,1.0,Ohio State,2022.0,2022.0,NYJ,101.0,,0.03846154
2023,6,00-0037805,J.Ruckert,TE,NYJ,PHI,0,0,0.0,0,0.0,0.0,0.0,0,0.0,0,1,1,8.0,0,0.8,1.8,,,77.0,250.0,23.24535294117647,1.0,Ohio State,2022.0,2022.0,NYJ,101.0,6.0,0.030303031
2023,8,00-0037805,J.Ruckert,TE,NYJ,NYG,0,0,0.0,0,0.0,0.0,0.0,0,0.0,0,1,0,0.0,0,0.0,0.0,,,77.0,250.0,23.24535294117647,1.0,Ohio State,2022.0,2022.0,NYJ,101.0,,0.029411765
2023,9,00-0037805,J.Ruckert,TE,NYJ,LAC,0,0,0.0,0,0.0,0.0,0.0,0,0.0,0,1,1,7.0,0,0.7,1.7,,,77.0,250.0,23.24535294117647,1.0,Ohio State,2022.0,2022.0,NYJ,101.0,-21.0,0.020833334
2023,11,00-0037805,J.Ruckert,TE,NYJ,BUF,0,0,0.0,0,0.0,0.0,0.0,0,0.0,0,4,3,25.0,0,2.5,5.5,,,77.0,250.0,23.24535294117647,1.0,Ohio State,2022.0,2022.0,NYJ,101.0,,0.14285715
2023,12,00-0037805,J.Ruckert,TE,NYJ,MIA,0,0,0.0,0,0.0,0.0,0.0,0,0.0,0,4,2,18.0,0,1.8,3.8,,,77.0,250.0,23.24535294117647,1.0,Ohio State,2022.0,2022.0,NYJ,101.0,-21.0,0.11111111
2023,13,00-0037805,J.Ruckert,TE,NYJ,ATL,0,0,0.0,0,0.0,0.0,0.0,0,0.0,0,3,1,12.0,0,1.2,2.2,,,77.0,250.0,23.24535294117647,1.0,Ohio State,2022.0,2022.0,NYJ,101.0,-5.0,0.083333336
2023,14,00-0037805,J.Ruckert,TE,NYJ,HOU,0,0,0.0,0,0.0,0.0,0.0,0,0.0,0,3,3,37.0,0,3.7,6.7,,,77.0,250.0,23.24535294117647,1.0,Ohio State,2022.0,2022.0,NYJ,101.0,24.0,0.08571429
2023,15,00-0037805,J.Ruckert,TE,NYJ,MIA,0,0,0.0,0,0.0,0.0,0.0,0,0.0,0,2,2,16.0,0,1.6,3.6,,,77.0,250.0,23.24535294117647,1.0,Ohio State,2022.0,2022.0,NYJ,101.0,,0.060606062
2023,1,00-0037809,C.Okonkwo,TE,TEN,NO,0,0,0.0,0,0.0,0.0,0.0,0,0.0,0,2,0,0.0,0,0.0,0.0,,,75.0,250.0,24.170823529411763,1.0,Maryland,2022.0,2022.0,TEN,143.0,,0.060606062
2023,2,00-0037809,C.Okonkwo,TE,TEN,LAC,0,0,0.0,0,0.0,0.0,0.0,0,0.0,0,4,4,35.0,0,3.5,7.5,,,75.0,250.0,24.170823529411763,1.0,Maryland,2022.0,2022.0,TEN,143.0,3.0,0.16666667
2023,3,00-0037809,C.Okonkwo,TE,TEN,CLE,0,0,0.0,0,0.0,0.0,0.0,0,0.0,0,4,3,7.0,0,0.7,3.7,,,75.0,250.0,24.170823529411763,1.0,Maryland,2022.0,2022.0,TEN,143.0,,0.16666667
2023,4,00-0037809,C.Okonkwo,TE,TEN,CIN,0,0,0.0,0,0.0,0.0,0.0,0,0.0,0,3,3,29.0,0,2.9,5.9,,,75.0,250.0,24.170823529411763,1.0,Maryland,2022.0,2022.0,TEN,143.0,24.0,0.115384616
2023,5,00-0037809,C.Okonkwo,TE,TEN,IND,0,0,0.0,0,0.0,0.0,0.0,0,0.0,0,9,5,33.0,0,3.3,8.3,,,75.0,250.0,24.170823529411763,1.0,Maryland,2022.0,2022.0,TEN,143.0,,0.2647059
2023,6,00-0037809,C.Okonkwo,TE,TEN,BAL,0,0,0.0,0,0.0,0.0,0.0,0,0.0,0,4,2,18.0,0,1.8,3.8,,,75.0,250.0,24.170823529411763,1.0,Maryland,2022.0,2022.0,TEN,143.0,-8.0,0.2
2023,8,00-0037809,C.Okonkwo,TE,TEN,ATL,0,0,0.0,0,0.0,0.0,0.0,1,4.0,0,5,4,23.0,0,2.7,6.7,,,75.0,250.0,24.170823529411763,1.0,Maryland,2022.0,2022.0,TEN,143.0,5.0,0.1923077
2023,9,00-0037809,C.Okonkwo,TE,TEN,PIT,0,0,0.0,0,0.0,0.0,0.0,0,0.0,0,4,3,28.0,0,2.8,5.8,,,75.0,250.0,24.170823529411763,1.0,Maryland,2022.0,2022.0,TEN,143.0,,0.10810811
2023,10,00-0037809,C.Okonkwo,TE,TEN,TB,0,0,0.0,0,0.0,0.0,0.0,0,0.0,0,6,3,27.0,0,2.7,5.7,,,75.0,250.0,24.170823529411763,1.0,Maryland,2022.0,2022.0,TEN,143.0,,0.15384616
2023,11,00-0037809,C.Okonkwo,TE,TEN,JAX,0,0,0.0,0,0.0,0.0,0.0,0,0.0,0,2,1,6.0,0,0.6,1.6,,,75.0,250.0,24.170823529411763,1.0,Maryland,2022.0,2022.0,TEN,143.0,,0.11764706
2023,12,00-0037809,C.Okonkwo,TE,TEN,CAR,0,0,0.0,0,0.0,0.0,0.0,0,0.0,0,5,4,45.0,0,4.5,8.5,,,75.0,250.0,24.170823529411763,1.0,Maryland,2022.0,2022.0,TEN,143.0,7.0,0.18518518
2023,13,00-0037809,C.Okonkwo,TE,TEN,IND,0,0,0.0,0,0.0,0.0,0.0,1,2.0,0,6,3,62.0,0,6.4,9.4,,,75.0,250.0,24.170823529411763,1.0,Maryland,2022.0,2022.0,TEN,143.0,-3.0,0.18181819
2023,14,00-0037809,C.Okonkwo,TE,TEN,MIA,0,0,0.0,0,0.0,0.0,0.0,0,0.0,0,6,5,46.0,0,4.6,9.6,,,75.0,250.0,24.170823529411763,1.0,Maryland,2022.0,2022.0,TEN,143.0,,0.16666667
2023,15,00-0037809,C.Okonkwo,TE,TEN,HOU,0,0,0.0,0,0.0,0.0,0.0,0,0.0,0,3,3,36.0,0,3.6,6.6,,,75.0,250.0,24.170823529411763,1.0,Maryland,2022.0,2022.0,TEN,143.0,-3.0,0.115384616
2023,16,00-0037809,C.Okonkwo,TE,TEN,SEA,0,0,0.0,0,0.0,0.0,0.0,0,0.0,0,7,6,63.0,1,12.3,18.3,,,75.0,250.0,24.170823529411763,1.0,Maryland,2022.0,2022.0,TEN,143.0,-3.0,0.28
2023,17,00-0037809,C.Okonkwo,TE,TEN,HOU,0,0,0.0,0,0.0,0.0,0.0,0,0.0,0,4,3,34.0,0,3.4,6.4,,,75.0,250.0,24.170823529411763,1.0,Maryland,2022.0,2022.0,TEN,143.0,,0.16
2023,18,00-0037809,C.Okonkwo,TE,TEN,JAX,0,0,0.0,0,0.0,0.0,0.0,0,0.0,0,3,2,36.0,0,3.6,5.6,,,75.0,250.0,24.170823529411763,1.0,Maryland,2022.0,2022.0,TEN,143.0,8.0,0.115384616
2023,1,00-0037816,R.Doubs,WR,GB,CHI,0,0,0.0,0,0.0,0.0,0.0,0,0.0,0,5,4,26.0,2,14.6,18.6,,,74.0,200.0,23.594578947368422,1.0,Nevada,2022.0,2022.0,GB,132.0,,0.18518518
2023,2,00-0037816,R.Doubs,WR,GB,ATL,0,0,0.0,0,0.0,0.0,0.0,0,0.0,0,3,2,30.0,0,3.0,5.0,,,74.0,200.0,23.594578947368422,1.0,Nevada,2022.0,2022.0,GB,132.0,,0.12
2023,3,00-0037816,R.Doubs,WR,GB,NO,0,0,0.0,0,0.0,0.0,0.0,0,0.0,0,12,5,73.0,1,13.3,18.3,,,74.0,200.0,23.594578947368422,1.0,Nevada,2022.0,2022.0,GB,132.0,1.0,0.27906978
2023,4,00-0037816,R.Doubs,WR,GB,DET,0,0,0.0,0,0.0,0.0,0.0,0,0.0,0,13,9,95.0,0,9.5,18.5,,,74.0,200.0,23.594578947368422,1.0,Nevada,2022.0,2022.0,GB,132.0,-14.0,0.38235295
2023,5,00-0037816,R.Doubs,WR,GB,LV,0,0,0.0,0,0.0,0.0,0.0,0,0.0,0,4,1,4.0,0,0.4,1.4,,,74.0,200.0,23.594578947368422,1.0,Nevada,2022.0,2022.0,GB,132.0,,0.13793103
2023,7,00-0037816,R.Doubs,WR,GB,DEN,0,0,0.0,0,0.0,0.0,0.0,0,0.0,0,5,2,30.0,1,9.0,11.0,,,74.0,200.0,23.594578947368422,1.0,Nevada,2022.0,2022.0,GB,132.0,,0.15625
2023,8,00-0037816,R.Doubs,WR,GB,MIN,0,0,0.0,0,0.0,0.0,0.0,0,0.0,0,9,4,18.0,1,7.8,11.8,,,74.0,200.0,23.594578947368422,1.0,Nevada,2022.0,2022.0,GB,132.0,-14.0,0.225
2023,9,00-0037816,R.Doubs,WR,GB,LA,0,0,0.0,0,0.0,0.0,0.0,0,0.0,0,3,3,36.0,0,3.6,6.6,,,74.0,200.0,23.594578947368422,1.0,Nevada,2022.0,2022.0,GB,132.0,17.0,0.12
2023,10,00-0037816,R.Doubs,WR,GB,PIT,0,0,0.0,0,0.0,0.0,0.0,0,0.0,0,5,3,31.0,1,9.1,12.1,,,74.0,200.0,23.594578947368422,1.0,Nevada,2022.0,2022.0,GB,132.0,,0.13513513
2023,11,00-0037816,R.Doubs,WR,GB,LAC,0,0,0.0,0,0.0,0.0,0.0,0,0.0,0,6,5,53.0,1,11.3,16.3,,,74.0,200.0,23.594578947368422,1.0,Nevada,2022.0,2022.0,GB,132.0,3.0,0.15789473
2023,12,00-0037816,R.Doubs,WR,GB,DET,0,0,0.0,0,0.0,0.0,0.0,0,0.0,0,4,3,37.0,0,3.7,6.7,,,74.0,200.0,23.594578947368422,1.0,Nevada,2022.0,2022.0,GB,132.0,,0.13333334
2023,13,00-0037816,R.Doubs,WR,GB,KC,0,0,0.0,0,0.0,0.0,0.0,0,0.0,0,5,4,72.0,0,7.2,11.2,,,74.0,200.0,23.594578947368422,1.0,Nevada,2022.0,2022.0,GB,132.0,8.0,0.14285715
2023,14,00-0037816,R.Doubs,WR,GB,NYG,0,0,0.0,0,0.0,0.0,0.0,0,0.0,0,7,4,32.0,0,3.2,7.2,,,74.0,200.0,23.594578947368422,1.0,Nevada,2022.0,2022.0,GB,132.0,,0.18421052
2023,15,00-0037816,R.Doubs,WR,GB,TB,0,0,0.0,0,0.0,0.0,0.0,0,0.0,0,3,3,30.0,0,3.0,6.0,,,74.0,200.0,23.594578947368422,1.0,Nevada,2022.0,2022.0,GB,132.0,-14.0,0.083333336
2023,16,00-0037816,R.Doubs,WR,GB,CAR,0,0,0.0,0,0.0,0.0,0.0,0,0.0,0,5,4,79.0,1,13.9,17.9,,,74.0,200.0,23.594578947368422,1.0,Nevada,2022.0,2022.0,GB,132.0,,0.1923077
2023,17,00-0037816,R.Doubs,WR,GB,MIN,0,0,0.0,0,0.0,0.0,0.0,0,0.0,0,6,3,28.0,0,2.8,5.8,,,74.0,200.0,23.594578947368422,1.0,Nevada,2022.0,2022.0,GB,132.0,,0.1764706
2023,18,00-0037816,R.Doubs,WR,GB,CHI,0,0,0.0,0,0.0,0.0,0.0,0,0.0,0,1,0,0.0,0,0.0,0.0,,,74.0,200.0,23.594578947368422,1.0,Nevada,2022.0,2022.0,GB,132.0,8.0,0.03125
2023,19,00-0037816,R.Doubs,WR,GB,DAL,0,0,0.0,0,0.0,0.0,0.0,0,0.0,0,6,6,151.0,1,21.1,27.1,,,74.0,200.0,23.594578947368422,1.0,Nevada,2022.0,2022.0,GB,132.0,,0.2857143
2023,20,00-0037816,R.Doubs,WR,GB,SF,0,0,0.0,0,0.0,0.0,0.0,0,0.0,0,6,4,83.0,0,8.3,12.3,,,74.0,200.0,23.594578947368422,1.0,Nevada,2022.0,2022.0,GB,132.0,,0.18181819
2023,5,00-0037827,T.Davis-Price,RB,SF,DAL,0,0,0.0,0,0.0,0.0,0.0,6,21.0,0,0,0,0.0,0,2.1,2.1,,,73.0,223.0,23.07695,1.0,Louisiana State,2022.0,2022.0,SF,93.0,32.0,
2023,1,00-0037834,B.Purdy,QB,SF,PIT,19,29,220.0,2,0.0,3.0,17.0,3,20.0,0,0,0,0.0,0,16.8,16.8,,,73.0,212.0,23.901,1.0,Iowa State,2022.0,2022.0,SF,262.0,,
2023,2,00-0037834,B.Purdy,QB,SF,LA,17,25,206.0,0,0.0,1.0,-0.0,3,5.0,1,0,0,0.0,0,14.74,14.74,,,73.0,212.0,23.901,1.0,Iowa State,2022.0,2022.0,SF,262.0,,
2023,3,00-0037834,B.Purdy,QB,SF,NYG,25,37,310.0,2,0.0,2.0,10.0,4,-1.0,0,0,0,0.0,0,20.3,20.3,,,73.0,212.0,23.901,1.0,Iowa State,2022.0,2022.0,SF,262.0,18.0,
2023,4,00-0037834,B.Purdy,QB,SF,ARI,20,21,283.0,1,0.0,1.0,12.0,2,0.0,1,0,0,0.0,0,21.32,21.32,,,73.0,212.0,23.901,1.0,Iowa State,2022.0,2022.0,SF,262.0,19.0,
2023,5,00-0037834,B.Purdy,QB,SF,DAL,17,24,252.0,4,0.0,1.0,2.0,0,0.0,0,0,0,0.0,0,26.08,26.08,,,73.0,212.0,23.901,1.0,Iowa State,2022.0,2022.0,SF,262.0,32.0,
2023,6,00-0037834,B.Purdy,QB,SF,CLE,12,27,125.0,1,1.0,3.0,18.0,3,7.0,0,0,0,0.0,0,7.7,7.7,,,73.0,212.0,23.901,1.0,Iowa State,2022.0,2022.0,SF,262.0,,
2023,7,00-0037834,B.Purdy,QB,SF,MIN,21,30,272.0,1,2.0,1.0,12.0,5,19.0,0,0,0,0.0,0,12.78,12.78,,,73.0,212.0,23.901,1.0,Iowa State,2022.0,2022.0,SF,262.0,,
2023,8,00-0037834,B.Purdy,QB,SF,CIN,22,31,365.0,1,2.0,2.0,18.0,6,57.0,0,0,0,0.0,0,18.3,18.3,,,73.0,212.0,23.901,1.0,Iowa State,2022.0,2022.0,SF,262.0,-14.0,
2023,10,00-0037834,B.Purdy,QB,SF,JAX,19,26,296.0,3,0.0,2.0,9.0,0,0.0,0,0,0,0.0,0,23.84,23.84,,,73.0,212.0,23.901,1.0,Iowa State,2022.0,2022.0,SF,262.0,,
2023,11,00-0037834,B.Purdy,QB,SF,TB,21,25,333.0,3,0.0,4.0,28.0,4,14.0,0,0,0,0.0,0,26.72,26.72,,,73.0,212.0,23.901,1.0,Iowa State,2022.0,2022.0,SF,262.0,13.0,
2023,12,00-0037834,B.Purdy,QB,SF,SEA,21,30,209.0,1,1.0,1.0,1.0,3,1.0,0,0,0,0.0,0,10.46,10.46,,,73.0,212.0,23.901,1.0,Iowa State,2022.0,2022.0,SF,262.0,,
2023,13,00-0037834,B.Purdy,QB,SF,PHI,19,27,314.0,4,0.0,2.0,4.0,2,9.0,0,0,0,0.0,0,29.46,29.46,,,73.0,212.0,23.901,1.0,Iowa State,2022.0,2022.0,SF,262.0,,
2023,14,00-0037834,B.Purdy,QB,SF,SEA,19,27,368.0,2,1.0,3.0,14.0,2,7.0,0,0,0,0.0,0,21.42,21.42,,,73.0,212.0,23.901,1.0,Iowa State,2022.0,2022.0,SF,262.0,12.0,
2023,15,00-0037834,B.Purdy,QB,SF,ARI,16,25,242.0,4,0.0,0.0,-0.0,0,0.0,0,0,0,0.0,0,25.68,25.68,,,73.0,212.0,23.901,1.0,Iowa State,2022.0,2022.0,SF,262.0,,
2023,16,00-0037834,B.Purdy,QB,SF,BAL,18,32,255.0,0,4.0,2.0,8.0,1,2.0,0,0,0,0.0,0,2.4,2.4,,,73.0,212.0,23.901,1.0,Iowa State,2022.0,2022.0,SF,262.0,-14.0,
2023,17,00-0037834,B.Purdy,QB,SF,WAS,22,28,230.0,2,0.0,0.0,-0.0,1,4.0,0,0,0,0.0,0,17.6,17.6,,,73.0,212.0,23.901,1.0,Iowa State,2022.0,2022.0,SF,262.0,,
2023,20,00-0037834,B.Purdy,QB,SF,GB,23,39,252.0,1,0.0,1.0,7.0,6,14.0,0,0,0,0.0,0,15.48,15.48,,,73.0,212.0,23.901,1.0,Iowa State,2022.0,2022.0,SF,262.0,3.0,
2023,21,00-0037834,B.Purdy,QB,SF,DET,20,31,267.0,1,1.0,2.0,9.0,5,48.0,0,0,0,0.0,0,17.48,17.48,,,73.0,212.0,23.901,1.0,Iowa State,2022.0,2022.0,SF,262.0,3.0,
2023,22,00-0037834,B.Purdy,QB,SF,KC,23,38,255.0,1,0.0,1.0,4.0,3,12.0,0,0,0,0.0,0,15.4,15.4,,,73.0,212.0,23.901,1.0,Iowa State,2022.0,2022.0,SF,262.0,,
2023,1,00-0037837,C.Austin,WR,PIT,SF,0,0,0.0,0,0.0,0.0,0.0,0,0.0,0,6,6,37.0,0,3.7,9.7,,,69.0,162.0,24.641055555555553,1.0,Memphis,2022.0,2022.0,PIT,138.0,-23.0,0.13333334
2023,2,00-0037837,C.Austin,WR,PIT,CLE,0,0,0.0,0,0.0,0.0,0.0,1,-2.0,0,4,1,10.0,0,0.8,1.8,,,69.0,162.0,24.641055555555553,1.0,Memphis,2022.0,2022.0,PIT,138.0,4.0,0.13793103
2023,3,00-0037837,C.Austin,WR,PIT,LV,0,0,0.0,0,0.0,0.0,0.0,0,0.0,0,6,2,72.0,1,13.2,15.2,,,69.0,162.0,24.641055555555553,1.0,Memphis,2022.0,2022.0,PIT,138.0,,0.22222222
2023,4,00-0037837,C.Austin,WR,PIT,HOU,0,0,0.0,0,0.0,0.0,0.0,1,5.0,0,5,3,24.0,0,2.9,5.9,,,69.0,162.0,24.641055555555553,1.0,Memphis,2022.0,2022.0,PIT,138.0,,0.18518518
2023,5,00-0037837,C.Austin,WR,PIT,BAL,0,0,0.0,0,0.0,0.0,0.0,0,0.0,0,1,0,0.0,0,0.0,0.0,,,69.0,162.0,24.641055555555553,1.0,Memphis,2022.0,2022.0,PIT,138.0,7.0,0.032258064
2023,7,00-0037837,C.Austin,WR,PIT,LA,0,0,0.0,0,0.0,0.0,0.0,1,1.0,0,0,0,0.0,0,0.1,0.1,,,69.0,162.0,24.641055555555553,1.0,Memphis,2022.0,2022.0,PIT,138.0,,
2023,8,00-0037837,C.Austin,WR,PIT,JAX,0,0,0.0,0,0.0,0.0,0.0,2,10.0,0,2,2,19.0,0,2.9,4.9,,,69.0,162.0,24.641055555555553,1.0,Memphis,2022.0,2022.0,PIT,138.0,-10.0,0.05
2023,9,00-0037837,C.Austin,WR,PIT,TEN,0,0,0.0,0,0.0,0.0,0.0,2,10.0,0,1,0,0.0,0,1.0,1.0,,,69.0,162.0,24.641055555555553,1.0,Memphis,2022.0,2022.0,PIT,138.0,4.0,0.03448276
2023,10,00-0037837,C.Austin,WR,PIT,GB,0,0,0.0,0,0.0,0.0,0.0,1,6.0,0,1,1,3.0,0,0.9,1.9,,,69.0,162.0,24.641055555555553,1.0,Memphis,2022.0,2022.0,PIT,138.0,4.0,0.045454547
2023,12,00-0037837,C.Austin,WR,PIT,CIN,0,0,0.0,0,0.0,0.0,0.0,0,0.0,0,1,1,5.0,0,0.5,1.5,,,69.0,162.0,24.641055555555553,1.0,Memphis,2022.0,2022.0,PIT,138.0,,0.03125
2023,13,00-0037837,C.Austin,WR,PIT,ARI,0,0,0.0,0,0.0,0.0,0.0,0,0.0,0,1,1,10.0,0,1.0,2.0,,,69.0,162.0,24.641055555555553,1.0,Memphis,2022.0,2022.0,PIT,138.0,-14.0,0.037037037
2023,14,00-0037837,C.Austin,WR,PIT,NE,0,0,0.0,0,0.0,0.0,0.0,1,12.0,0,0,0,0.0,0,1.2,1.2,,,69.0,162.0,24.641055555555553,1.0,Memphis,2022.0,2022.0,PIT,138.0,-3.0,
2023,16,00-0037837,C.Austin,WR,PIT,CIN,0,0,0.0,0,0.0,0.0,0.0,1,7.0,1,2,0,0.0,0,6.7,6.7,,,69.0,162.0,24.641055555555553,1.0,Memphis,2022.0,2022.0,PIT,138.0,23.0,0.08
2023,18,00-0037837,C.Austin,WR,PIT,BAL,0,0,0.0,0,0.0,0.0,0.0,1,8.0,0,0,0,0.0,0,0.8,0.8,,,69.0,162.0,24.641055555555553,1.0,Memphis,2022.0,2022.0,PIT,138.0,,
2023,19,00-0037837,C.Austin,WR,PIT,BUF,0,0,0.0,0,0.0,0.0,0.0,0,0.0,0,2,1,7.0,1,6.7,7.7,,,69.0,162.0,24.641055555555553,1.0,Memphis,2022.0,2022.0,PIT,138.0,,0.05263158
2023,1,00-0037838,I.Likely,TE,BAL,HOU,0,0,0.0,0,0.0,0.0,0.0,0,0.0,0,1,1,4.0,0,0.4,1.4,,,76.0,240.0,23.57584210526316,1.0,Coastal Carolina,2022.0,2022.0,BAL,139.0,16.0,0.04761905
2023,2,00-0037838,I.Likely,TE,BAL,CIN,0,0,0.0,0,0.0,0.0,0.0,0,0.0,0,1,1,8.0,0,0.8,1.8,,,76.0,240.0,23.57584210526316,1.0,Coastal Carolina,2022.0,2022.0,BAL,139.0,,0.030303031
2023,3,00-0037838,I.Likely,TE,BAL,IND,0,0,0.0,0,0.0,0.0,0.0,0,0.0,0,2,1,20.0,0,2.0,3.0,,,76.0,240.0,23.57584210526316,1.0,Coastal Carolina,2022.0,2022.0,BAL,139.0,-3.0,0.06666667
2023,8,00-0037838,I.Likely,TE,BAL,ARI,0,0,0.0,0,0.0,0.0,0.0,0,0.0,0,1,1,10.0,0,1.0,2.0,,,76.0,240.0,23.57584210526316,1.0,Coastal Carolina,2022.0,2022.0,BAL,139.0,,0.03846154
2023,9,00-0037838,I.Likely,TE,BAL,SEA,0,0,0.0,0,0.0,0.0,0.0,0,0.0,0,4,4,42.0,0,4.2,8.2,,,76.0,240.0,23.57584210526316,1.0,Coastal Carolina,2022.0,2022.0,BAL,139.0,34.0,0.125
2023,10,00-0037838,I.Likely,TE,BAL,CLE,0,0,0.0,0,0.0,0.0,0.0,0,0.0,0,1,1,5.0,0,0.5,1.5,,,76.0,240.0,23.57584210526316,1.0,Coastal Carolina,2022.0,2022.0,BAL,139.0,-2.0,0.04347826
2023,11,00-0037838,I.Likely,TE,BAL,CIN,0,0,0.0,0,0.0,0.0,0.0,0,0.0,0,2,0,0.0,0,0.0,0.0,,,76.0,240.0,23.57584210526316,1.0,Coastal Carolina,2022.0,2022.0,BAL,139.0,14.0,0.08695652
2023,12,00-0037838,I.Likely,TE,BAL,LAC,0,0,0.0,0,0.0,0.0,0.0,0,0.0,0,6,4,40.0,0,4.0,8.0,,,76.0,240.0,23.57584210526316,1.0,Coastal Carolina,2022.0,2022.0,BAL,139.0,,0.2
2023,14,00-0037838,I.Likely,TE,BAL,LA,0,0,0.0,0,0.0,0.0,0.0,0,0.0,0,7,5,83.0,1,14.3,19.3,,,76.0,240.0,23.57584210526316,1.0,Coastal Carolina,2022.0,2022.0,BAL,139.0,6.0,0.175
2023,15,00-0037838,I.Likely,TE,BAL,JAX,0,0,0.0,0,0.0,0.0,0.0,0,0.0,0,6,5,70.0,1,13.0,18.0,,,76.0,240.0,23.57584210526316,1.0,Coastal Carolina,2022.0,2022.0,BAL,139.0,,0.26086956
2023,16,00-0037838,I.Likely,TE,BAL,SF,0,0,0.0,0,0.0,0.0,0.0,0,0.0,0,4,3,56.0,0,5.6,8.6,,,76.0,240.0,23.57584210526316,1.0,Coastal Carolina,2022.0,2022.0,BAL,139.0,,0.11764706
2023,17,00-0037838,I.Likely,TE,BAL,MIA,0,0,0.0,0,0.0,0.0,0.0,0,0.0,0,3,2,42.0,2,16.2,18.2,,,76.0,240.0,23.57584210526316,1.0,Coastal Carolina,2022.0,2022.0,BAL,139.0,37.0,0.13636364
2023,18,00-0037838,I.Likely,TE,BAL,PIT,0,0,0.0,0,0.0,0.0,0.0,0,0.0,0,2,2,31.0,1,9.1,11.1,,,76.0,240.0,23.57584210526316,1.0,Coastal Carolina,2022.0,2022.0,BAL,139.0,-7.0,0.07692308
2023,20,00-0037838,I.Likely,TE,BAL,HOU,0,0,0.0,0,0.0,0.0,0.0,0,0.0,0,3,2,34.0,1,9.4,11.4,,,76.0,240.0,23.57584210526316,1.0,Coastal Carolina,2022.0,2022.0,BAL,139.0,24.0,0.14285715
2023,21,00-0037838,I.Likely,TE,BAL,KC,0,0,0.0,0,0.0,0.0,0.0,0,0.0,0,3,2,16.0,0,1.6,3.6,,,76.0,240.0,23.57584210526316,1.0,Coastal Carolina,2022.0,2022.0,BAL,139.0,-7.0,0.0882353
2023,1,00-0037840,K.Williams,RB,LA,SEA,0,0,0.0,0,0.0,0.0,0.0,15,52.0,2,2,0,2.0,0,17.4,17.4,,,69.0,199.0,23.211222222222222,1.0,Notre Dame,2022.0,2022.0,LA,164.0,,0.054054055
2023,2,00-0037840,K.Williams,RB,LA,SF,0,0,0.0,0,0.0,0.0,0.0,14,52.0,1,10,6,48.0,1,22.0,28.0,,,69.0,199.0,23.211222222222222,1.0,Notre Dame,2022.0,2022.0,LA,164.0,-7.0,0.1923077
2023,3,00-0037840,K.Williams,RB,LA,CIN,0,0,0.0,0,0.0,0.0,0.0,10,38.0,0,7,2,27.0,0,6.5,8.5,,,69.0,199.0,23.211222222222222,1.0,Notre Dame,2022.0,2022.0,LA,164.0,,0.21875
2023,4,00-0037840,K.Williams,RB,LA,IND,0,0,0.0,0,0.0,0.0,0.0,25,103.0,2,3,3,24.0,0,24.7,27.7,,,69.0,199.0,23.211222222222222,1.0,Notre Dame,2022.0,2022.0,LA,164.0,,0.07692308
2023,5,00-0037840,K.Williams,RB,LA,PHI,0,0,0.0,0,0.0,0.0,0.0,13,53.0,0,2,2,4.0,0,5.7,7.7,,,69.0,199.0,23.211222222222222,1.0,Notre Dame,2022.0,2022.0,LA,164.0,-9.0,0.05882353
2023,6,00-0037840,K.Williams,RB,LA,ARI,0,0,0.0,0,0.0,0.0,0.0,20,158.0,1,0,0,0.0,0,21.8,21.8,,,69.0,199.0,23.211222222222222,1.0,Notre Dame,2022.0,2022.0,LA,164.0,17.0,
2023,12,00-0037840,K.Williams,RB,LA,ARI,0,0,0.0,0,0.0,0.0,0.0,16,143.0,0,6,6,61.0,2,32.4,38.4,,,69.0,199.0,23.211222222222222,1.0,Notre Dame,2022.0,2022.0,LA,164.0,,0.19354838
2023,13,00-0037840,K.Williams,RB,LA,CLE,0,0,0.0,0,0.0,0.0,0.0,21,88.0,1,5,3,24.0,0,17.2,20.2,,,69.0,199.0,23.211222222222222,1.0,Notre Dame,2022.0,2022.0,LA,164.0,17.0,0.14705883
2023,14,00-0037840,K.Williams,RB,LA,BAL,0,0,0.0,0,0.0,0.0,0.0,25,114.0,0,4,3,-1.0,0,11.3,14.3,,,69.0,199.0,23.211222222222222,1.0,Notre Dame,2022.0,2022.0,LA,164.0,,0.102564104
2023,15,00-0037840,K.Williams,RB,LA,WAS,0,0,0.0,0,0.0,0.0,0.0,27,152.0,1,7,5,3.0,0,19.5,24.5,,,69.0,199.0,23.211222222222222,1.0,Notre Dame,2022.0,2022.0,LA,164.0,8.0,0.21875
2023,16,00-0037840,K.Williams,RB,LA,NO,0,0,0.0,0,0.0,0.0,0.0,22,104.0,1,0,0,0.0,0,16.4,16.4,,,69.0,199.0,23.211222222222222,1.0,Notre Dame,2022.0,2022.0,LA,164.0,8.0,
2023,17,00-0037840,K.Williams,RB,LA,NYG,0,0,0.0,0,0.0,0.0,0.0,20,87.0,3,2,2,14.0,0,28.1,30.1,,,69.0,199.0,23.211222222222222,1.0,Notre Dame,2022.0,2022.0,LA,164.0,,0.05882353
2023,19,00-0037840,K.Williams,RB,LA,DET,0,0,0.0,0,0.0,0.0,0.0,13,61.0,0,1,1,9.0,0,7.0,8.0,,,69.0,199.0,23.211222222222222,1.0,Notre Dame,2022.0,2022.0,LA,164.0,,0.029411765
2023,1,00-0038040,Z.White,RB,LV,DEN,0,0,0.0,0,0.0,0.0,0.0,1,2.0,0,1,1,5.0,0,0.7,1.7,,,72.0,215.0,24.137,1.0,Georgia,2022.0,2022.0,LV,122.0,,0.03846154
2023,2,00-0038040,Z.White,RB,LV,BUF,0,0,0.0,0,0.0,0.0,0.0,4,22.0,0,0,0,0.0,0,0.2,0.2,,,72.0,215.0,24.137,1.0,Georgia,2022.0,2022.0,LV,122.0,,
2023,4,00-0038040,Z.White,RB,LV,LAC,0,0,0.0,0,0.0,0.0,0.0,3,15.0,0,0,0,0.0,0,1.5,1.5,,,72.0,215.0,24.137,1.0,Georgia,2022.0,2022.0,LV,122.0,,
2023,6,00-0038040,Z.White,RB,LV,NE,0,0,0.0,0,0.0,0.0,0.0,2,2.0,0,2,2,7.0,0,0.9,2.9,,,72.0,215.0,24.137,1.0,Georgia,2022.0,2022.0,LV,122.0,4.0,0.06451613
2023,7,00-0038040,Z.White,RB,LV,CHI,0,0,0.0,0,0.0,0.0,0.0,2,2.0,0,3,3,26.0,0,2.8,5.8,,,72.0,215.0,24.137,1.0,Georgia,2022.0,2022.0,LV,122.0,,0.06666667
2023,9,00-0038040,Z.White,RB,LV,NYG,0,0,0.0,0,0.0,0.0,0.0,4,-2.0,0,0,0,0.0,0,-0.2,-0.2,,,72.0,215.0,24.137,1.0,Georgia,2022.0,2022.0,LV,122.0,24.0,
2023,10,00-0038040,Z.White,RB,LV,NYJ,0,0,0.0,0,0.0,0.0,0.0,1,5.0,0,0,0,0.0,0,0.5,0.5,,,72.0,215.0,24.137,1.0,Georgia,2022.0,2022.0,LV,122.0,4.0,
2023,12,00-0038040,Z.White,RB,LV,KC,0,0,0.0,0,0.0,0.0,0.0,1,0.0,0,0,0,0.0,0,0.0,0.0,,,72.0,215.0,24.137,1.0,Georgia,2022.0,2022.0,LV,122.0,-14.0,
2023,14,00-0038040,Z.White,RB,LV,MIN,0,0,0.0,0,0.0,0.0,0.0,2,8.0,0,0,0,0.0,0,0.8,0.8,,,72.0,215.0,24.137,1.0,Georgia,2022.0,2022.0,LV,122.0,-3.0,
2023,15,00-0038040,Z.White,RB,LV,LAC,0,0,0.0,0,0.0,0.0,0.0,17,69.0,1,4,3,16.0,0,14.5,17.5,,,72.0,215.0,24.137,1.0,Georgia,2022.0,2022.0,LV,122.0,42.0,0.11764706
2023,16,00-0038040,Z.White,RB,LV,KC,0,0,0.0,0,0.0,0.0,0.0,22,145.0,0,1,0,0.0,0,14.5,14.5,,,72.0,215.0,24.137,1.0,Georgia,2022.0,2022.0,LV,122.0,,0.05263158
2023,17,00-0038040,Z.White,RB,LV,IND,0,0,0.0,0,0.0,0.0,0.0,20,71.0,0,6,5,35.0,0,10.6,15.6,,,72.0,215.0,24.137,1.0,Georgia,2022.0,2022.0,LV,122.0,,0.13043478
2023,18,00-0038040,Z.White,RB,LV,DEN,0,0,0.0,0,0.0,0.0,0.0,25,112.0,0,2,1,9.0,0,12.1,13.1,,,72.0,215.0,24.137,1.0,Georgia,2022.0,2022.0,LV,122.0,13.0,0.074074075
2023,1,00-0038041,J.Ferguson,TE,DAL,NYG,0,0,0.0,0,0.0,0.0,0.0,0,0.0,0,7,2,11.0,0,1.1,3.1,,,77.0,250.0,24.81822222222222,1.0,Wisconsin,2022.0,2022.0,DAL,129.0,,0.28
2023,2,00-0038041,J.Ferguson,TE,DAL,NYJ,0,0,0.0,0,0.0,0.0,0.0,0,0.0,0,4,3,11.0,1,7.1,10.1,,,77.0,250.0,24.81822222222222,1.0,Wisconsin,2022.0,2022.0,DAL,129.0,20.0,0.10810811
2023,3,00-0038041,J.Ferguson,TE,DAL,ARI,0,0,0.0,0,0.0,0.0,0.0,0,0.0,0,7,5,48.0,0,4.8,9.8,,,77.0,250.0,24.81822222222222,1.0,Wisconsin,2022.0,2022.0,DAL,129.0,,0.1891892
2023,4,00-0038041,J.Ferguson,TE,DAL,NE,0,0,0.0,0,0.0,0.0,0.0,0,0.0,0,7,7,77.0,0,7.7,14.7,,,77.0,250.0,24.81822222222222,1.0,Wisconsin,2022.0,2022.0,DAL,129.0,35.0,0.19444445
2023,5,00-0038041,J.Ferguson,TE,DAL,SF,0,0,0.0,0,0.0,0.0,0.0,0,0.0,0,3,3,28.0,0,2.8,5.8,,,77.0,250.0,24.81822222222222,1.0,Wisconsin,2022.0,2022.0,DAL,129.0,,0.115384616
2023,6,00-0038041,J.Ferguson,TE,DAL,LAC,0,0,0.0,0,0.0,0.0,0.0,0,0.0,0,1,1,15.0,0,1.5,2.5,,,77.0,250.0,24.81822222222222,1.0,Wisconsin,2022.0,2022.0,DAL,129.0,,0.033333335
2023,8,00-0038041,J.Ferguson,TE,DAL,LA,0,0,0.0,0,0.0,0.0,0.0,0,0.0,0,4,4,47.0,1,10.7,14.7,,,77.0,250.0,24.81822222222222,1.0,Wisconsin,2022.0,2022.0,DAL,129.0,23.0,0.11764706
2023,9,00-0038041,J.Ferguson,TE,DAL,PHI,0,0,0.0,0,0.0,0.0,0.0,0,0.0,0,10,7,91.0,1,15.1,22.1,,,77.0,250.0,24.81822222222222,1.0,Wisconsin,2022.0,2022.0,DAL,129.0,,0.22727273
2023,10,00-0038041,J.Ferguson,TE,DAL,NYG,0,0,0.0,0,0.0,0.0,0.0,0,0.0,0,7,4,26.0,1,8.6,12.6,,,77.0,250.0,24.81822222222222,1.0,Wisconsin,2022.0,2022.0,DAL,129.0,32.0,0.1590909
2023,11,00-0038041,J.Ferguson,TE,DAL,CAR,0,0,0.0,0,0.0,0.0,0.0,0,0.0,0,5,3,32.0,0,3.2,6.2,,,77.0,250.0,24.81822222222222,1.0,Wisconsin,2022.0,2022.0,DAL,129.0,,0.125
2023,12,00-0038041,J.Ferguson,TE,DAL,WAS,0,0,0.0,0,0.0,0.0,0.0,0,0.0,0,3,1,35.0,0,3.5,4.5,,,77.0,250.0,24.81822222222222,1.0,Wisconsin,2022.0,2022.0,DAL,129.0,35.0,0.09375
2023,13,00-0038041,J.Ferguson,TE,DAL,SEA,0,0,0.0,0,0.0,0.0,0.0,0,0.0,0,8,6,77.0,1,13.7,19.7,,,77.0,250.0,24.81822222222222,1.0,Wisconsin,2022.0,2022.0,DAL,129.0,6.0,0.2
2023,14,00-0038041,J.Ferguson,TE,DAL,PHI,0,0,0.0,0,0.0,0.0,0.0,0,0.0,0,8,5,72.0,0,7.2,12.2,,,77.0,250.0,24.81822222222222,1.0,Wisconsin,2022.0,2022.0,DAL,129.0,20.0,0.20512821
2023,15,00-0038041,J.Ferguson,TE,DAL,BUF,0,0,0.0,0,0.0,0.0,0.0,0,0.0,0,8,6,44.0,0,4.4,10.4,,,77.0,250.0,24.81822222222222,1.0,Wisconsin,2022.0,2022.0,DAL,129.0,,0.25
2023,16,00-0038041,J.Ferguson,TE,DAL,MIA,0,0,0.0,0,0.0,0.0,0.0,0,0.0,0,8,4,45.0,0,4.5,8.5,,,77.0,250.0,24.81822222222222,1.0,Wisconsin,2022.0,2022.0,DAL,129.0,,0.25
2023,17,00-0038041,J.Ferguson,TE,DAL,DET,0,0,0.0,0,0.0,0.0,0.0,0,0.0,0,6,4,33.0,0,3.3,7.3,,,77.0,250.0,24.81822222222222,1.0,Wisconsin,2022.0,2022.0,DAL,129.0,1.0,0.16216215
2023,18,00-0038041,J.Ferguson,TE,DAL,WAS,0,0,0.0,0,0.0,0.0,0.0,0,0.0,0,6,6,69.0,0,6.9,12.9,,,77.0,250.0,24.81822222222222,1.0,Wisconsin,2022.0,2022.0,DAL,129.0,,0.15
2023,19,00-0038041,J.Ferguson,TE,DAL,GB,0,0,0.0,0,0.0,0.0,0.0,0,0.0,0,12,10,93.0,3,27.3,37.3,,,77.0,250.0,24.81822222222222,1.0,Wisconsin,2022.0,2022.0,DAL,129.0,-16.0,0.20689656
2023,2,00-0038045,I.Spiller,RB,LAC,TEN,0,0,0.0,0,0.0,0.0,0.0,1,3.0,0,0,0,0.0,0,0.3,0.3,,,73.0,215.0,22.253823529411765,1.0,Texas A&amp;M,2022.0,2022.0,LAC,123.0,,
2023,3,00-0038045,I.Spiller,RB,LAC,MIN,0,0,0.0,0,0.0,0.0,0.0,2,7.0,0,0,0,0.0,0,0.7,0.7,,,73.0,215.0,22.253823529411765,1.0,Texas A&amp;M,2022.0,2022.0,LAC,123.0,,
2023,4,00-0038045,I.Spiller,RB,LAC,LV,0,0,0.0,0,0.0,0.0,0.0,5,12.0,0,2,2,15.0,0,2.7,4.7,,,73.0,215.0,22.253823529411765,1.0,Texas A&amp;M,2022.0,2022.0,LAC,123.0,7.0,0.083333336
2023,6,00-0038045,I.Spiller,RB,LAC,DAL,0,0,0.0,0,0.0,0.0,0.0,1,2.0,0,0,0,0.0,0,0.2,0.2,,,73.0,215.0,22.253823529411765,1.0,Texas A&amp;M,2022.0,2022.0,LAC,123.0,-3.0,
2023,8,00-0038045,I.Spiller,RB,LAC,CHI,0,0,0.0,0,0.0,0.0,0.0,3,3.0,0,1,1,5.0,0,0.8,1.8,,,73.0,215.0,22.253823529411765,1.0,Texas A&amp;M,2022.0,2022.0,LAC,123.0,17.0,0.02631579
2023,14,00-0038045,I.Spiller,RB,LAC,DEN,0,0,0.0,0,0.0,0.0,0.0,6,19.0,0,0,0,0.0,0,1.9,1.9,,,73.0,215.0,22.253823529411765,1.0,Texas A&amp;M,2022.0,2022.0,LAC,123.0,-17.0,
2023,15,00-0038045,I.Spiller,RB,LAC,LV,0,0,0.0,0,0.0,0.0,0.0,16,50.0,0,0,0,0.0,0,5.0,5.0,,,73.0,215.0,22.253823529411765,1.0,Texas A&amp;M,2022.0,2022.0,LAC,123.0,,
2023,16,00-0038045,I.Spiller,RB,LAC,BUF,0,0,0.0,0,0.0,0.0,0.0,2,1.0,0,1,1,4.0,0,0.5,1.5,,,73.0,215.0,22.253823529411765,1.0,Texas A&amp;M,2022.0,2022.0,LAC,123.0,-2.0,0.03125
2023,17,00-0038045,I.Spiller,RB,LAC,DEN,0,0,0.0,0,0.0,0.0,0.0,1,-1.0,0,2,2,10.0,0,0.9,2.9,,,73.0,215.0,22.253823529411765,1.0,Texas A&amp;M,2022.0,2022.0,LAC,123.0,,0.054054055
2023,1,00-0038046,C.Kolar,TE,BAL,HOU,0,0,0.0,0,0.0,0.0,0.0,0,0.0,0,1,0,0.0,0,0.0,0.0,,,78.0,255.0,24.76147368421053,1.0,Iowa State,2022.0,2022.0,BAL,128.0,16.0,0.04761905
2023,11,00-0038046,C.Kolar,TE,BAL,CIN,0,0,0.0,0,0.0,0.0,0.0,0,0.0,0,1,1,13.0,0,1.3,2.3,,,78.0,255.0,24.76147368421053,1.0,Iowa State,2022.0,2022.0,BAL,128.0,14.0,0.04347826
2023,15,00-0038046,C.Kolar,TE,BAL,JAX,0,0,0.0,0,0.0,0.0,0.0,0,0.0,0,1,1,15.0,0,1.5,2.5,,,78.0,255.0,24.76147368421053,1.0,Iowa State,2022.0,2022.0,BAL,128.0,,0.04347826
2023,16,00-0038046,C.Kolar,TE,BAL,SF,0,0,0.0,0,0.0,0.0,0.0,0,0.0,0,1,1,17.0,0,1.7,2.7,,,78.0,255.0,24.76147368421053,1.0,Iowa State,2022.0,2022.0,BAL,128.0,,0.029411765
2023,17,00-0038046,C.Kolar,TE,BAL,MIA,0,0,0.0,0,0.0,0.0,0.0,0,0.0,0,1,1,19.0,1,7.9,8.9,,,78.0,255.0,24.76147368421053,1.0,Iowa State,2022.0,2022.0,BAL,128.0,37.0,0.045454547
2023,18,00-0038046,C.Kolar,TE,BAL,PIT,0,0,0.0,0,0.0,0.0,0.0,0,0.0,0,4,3,23.0,0,2.3,5.3,,,78.0,255.0,24.76147368421053,1.0,Iowa State,2022.0,2022.0,BAL,128.0,-7.0,0.15384616
2023,20,00-0038046,C.Kolar,TE,BAL,HOU,0,0,0.0,0,0.0,0.0,0.0,0,0.0,0,1,1,4.0,0,0.4,1.4,,,78.0,255.0,24.76147368421053,1.0,Iowa State,2022.0,2022.0,BAL,128.0,24.0,0.04761905
2023,1,00-0038090,S.Moore,WR,KC,DET,0,0,0.0,0,0.0,0.0,0.0,1,4.0,0,3,0,0.0,0,0.4,0.4,,,70.0,195.0,23.20080952380952,1.0,Western Michigan,2022.0,2022.0,KC,54.0,-1.0,0.08108108
2023,2,00-0038090,S.Moore,WR,KC,JAX,0,0,0.0,0,0.0,0.0,0.0,0,0.0,0,4,3,70.0,1,13.0,16.0,,,70.0,195.0,23.20080952380952,1.0,Western Michigan,2022.0,2022.0,KC,54.0,,0.1
2023,3,00-0038090,S.Moore,WR,KC,CHI,0,0,0.0,0,0.0,0.0,0.0,0,0.0,0,6,4,42.0,0,4.2,8.2,,,70.0,195.0,23.20080952380952,1.0,Western Michigan,2022.0,2022.0,KC,54.0,31.0,0.16216215
2023,4,00-0038090,S.Moore,WR,KC,NYJ,0,0,0.0,0,0.0,0.0,0.0,2,19.0,0,2,0,0.0,0,1.9,1.9,,,70.0,195.0,23.20080952380952,1.0,Western Michigan,2022.0,2022.0,KC,54.0,,0.06896552
2023,5,00-0038090,S.Moore,WR,KC,MIN,0,0,0.0,0,0.0,0.0,0.0,0,0.0,0,2,2,11.0,0,1.1,3.1,,,70.0,195.0,23.20080952380952,1.0,Western Michigan,2022.0,2022.0,KC,54.0,,0.051282052
2023,6,00-0038090,S.Moore,WR,KC,DEN,0,0,0.0,0,0.0,0.0,0.0,0,0.0,0,4,2,22.0,0,2.2,4.2,,,70.0,195.0,23.20080952380952,1.0,Western Michigan,2022.0,2022.0,KC,54.0,11.0,0.102564104
2023,7,00-0038090,S.Moore,WR,KC,LAC,0,0,0.0,0,0.0,0.0,0.0,0,0.0,0,3,2,15.0,0,1.5,3.5,,,70.0,195.0,23.20080952380952,1.0,Western Michigan,2022.0,2022.0,KC,54.0,14.0,0.075
2023,8,00-0038090,S.Moore,WR,KC,DEN,0,0,0.0,0,0.0,0.0,0.0,0,0.0,0,3,1,8.0,0,0.8,1.8,,,70.0,195.0,23.20080952380952,1.0,Western Michigan,2022.0,2022.0,KC,54.0,,0.08108108
2023,9,00-0038090,S.Moore,WR,KC,MIA,0,0,0.0,0,0.0,0.0,0.0,0,0.0,0,3,2,33.0,0,3.3,5.3,,,70.0,195.0,23.20080952380952,1.0,Western Michigan,2022.0,2022.0,KC,54.0,7.0,0.10714286
2023,11,00-0038090,S.Moore,WR,KC,PHI,0,0,0.0,0,0.0,0.0,0.0,0,0.0,0,2,1,4.0,0,0.4,1.4,,,70.0,195.0,23.20080952380952,1.0,Western Michigan,2022.0,2022.0,KC,54.0,-4.0,0.051282052
2023,12,00-0038090,S.Moore,WR,KC,LV,0,0,0.0,0,0.0,0.0,0.0,0,0.0,0,3,3,34.0,0,3.4,6.4,,,70.0,195.0,23.20080952380952,1.0,Western Michigan,2022.0,2022.0,KC,54.0,,0.09375
2023,13,00-0038090,S.Moore,WR,KC,GB,0,0,0.0,0,0.0,0.0,0.0,0,0.0,0,2,1,5.0,0,0.5,1.5,,,70.0,195.0,23.20080952380952,1.0,Western Michigan,2022.0,2022.0,KC,54.0,,0.06666667
2023,14,00-0038090,S.Moore,WR,KC,BUF,0,0,0.0,0,0.0,0.0,0.0,0,0.0,0,1,0,0.0,0,0.0,0.0,,,70.0,195.0,23.20080952380952,1.0,Western Michigan,2022.0,2022.0,KC,54.0,-3.0,0.025641026
2023,1,00-0038092,E.Ezukanma,WR,MIA,LAC,0,0,0.0,0,0.0,0.0,0.0,2,17.0,0,0,0,0.0,0,1.7,1.7,,,74.0,220.0,23.79711111111111,1.0,Texas Tech,2022.0,2022.0,MIA,125.0,,
2023,2,00-0038092,E.Ezukanma,WR,MIA,NE,0,0,0.0,0,0.0,0.0,0.0,3,5.0,0,1,0,0.0,0,0.5,0.5,,,74.0,220.0,23.79711111111111,1.0,Texas Tech,2022.0,2022.0,MIA,125.0,,0.03448276
2023,2,00-0038098,P.Strong,RB,CLE,PIT,0,0,0.0,0,0.0,0.0,0.0,2,1.0,1,1,0,0.0,0,6.1,6.1,,,71.0,205.0,24.9275,1.0,South Dakota State,2022.0,2022.0,NE,127.0,,0.025
2023,3,00-0038098,P.Strong,RB,CLE,TEN,0,0,0.0,0,0.0,0.0,0.0,6,27.0,0,0,0,0.0,0,2.7,2.7,,,71.0,205.0,24.9275,1.0,South Dakota State,2022.0,2022.0,NE,127.0,24.0,
2023,4,00-0038098,P.Strong,RB,CLE,BAL,0,0,0.0,0,0.0,0.0,0.0,5,49.0,0,0,0,0.0,0,4.9,4.9,,,71.0,205.0,24.9275,1.0,South Dakota State,2022.0,2022.0,NE,127.0,-25.0,
2023,7,00-0038098,P.Strong,RB,CLE,IND,0,0,0.0,0,0.0,0.0,0.0,8,25.0,0,0,0,0.0,0,2.5,2.5,,,71.0,205.0,24.9275,1.0,South Dakota State,2022.0,2022.0,NE,127.0,,
2023,8,00-0038098,P.Strong,RB,CLE,SEA,0,0,0.0,0,0.0,0.0,0.0,10,41.0,0,1,1,41.0,0,8.2,9.2,,,71.0,205.0,24.9275,1.0,South Dakota State,2022.0,2022.0,NE,127.0,,0.033333335
2023,9,00-0038098,P.Strong,RB,CLE,ARI,0,0,0.0,0,0.0,0.0,0.0,3,9.0,0,1,1,-7.0,0,0.2,1.2,,,71.0,205.0,24.9275,1.0,South Dakota State,2022.0,2022.0,NE,127.0,27.0,0.035714287
2023,11,00-0038098,P.Strong,RB,CLE,PIT,0,0,0.0,0,0.0,0.0,0.0,1,1.0,0,1,1,4.0,0,0.5,1.5,,,71.0,205.0,24.9275,1.0,South Dakota State,2022.0,2022.0,NE,127.0,3.0,0.024390243
2023,13,00-0038098,P.Strong,RB,CLE,LA,0,0,0.0,0,0.0,0.0,0.0,2,20.0,0,0,0,0.0,0,2.0,2.0,,,71.0,205.0,24.9275,1.0,South Dakota State,2022.0,2022.0,NE,127.0,,
2023,14,00-0038098,P.Strong,RB,CLE,JAX,0,0,0.0,0,0.0,0.0,0.0,1,0.0,0,0,0,0.0,0,0.0,0.0,,,71.0,205.0,24.9275,1.0,South Dakota State,2022.0,2022.0,NE,127.0,4.0,
2023,15,00-0038098,P.Strong,RB,CLE,CHI,0,0,0.0,0,0.0,0.0,0.0,2,2.0,0,2,2,9.0,0,1.1,3.1,,,71.0,205.0,24.9275,1.0,South Dakota State,2022.0,2022.0,NE,127.0,3.0,0.045454547
2023,16,00-0038098,P.Strong,RB,CLE,HOU,0,0,0.0,0,0.0,0.0,0.0,5,22.0,0,1,0,0.0,0,2.2,2.2,,,71.0,205.0,24.9275,1.0,South Dakota State,2022.0,2022.0,NE,127.0,,0.023255814
2023,17,00-0038098,P.Strong,RB,CLE,NYJ,0,0,0.0,0,0.0,0.0,0.0,4,29.0,0,0,0,0.0,0,0.9,0.9,,,71.0,205.0,24.9275,1.0,South Dakota State,2022.0,2022.0,NE,127.0,17.0,
2023,18,00-0038098,P.Strong,RB,CLE,CIN,0,0,0.0,0,0.0,0.0,0.0,14,65.0,0,1,0,0.0,0,6.5,6.5,,,71.0,205.0,24.9275,1.0,South Dakota State,2022.0,2022.0,NE,127.0,,0.04
2023,1,00-0038102,K.Pickett,QB,PIT,SF,31,46,232.0,1,2.0,5.0,34.0,1,4.0,0,0,0,0.0,0,9.68,9.68,,,75.0,220.0,25.43783333333333,1.0,Pittsburgh,2022.0,2022.0,PIT,20.0,-23.0,
2023,2,00-0038102,K.Pickett,QB,PIT,CLE,15,30,222.0,1,1.0,2.0,22.0,4,-6.0,0,0,0,0.0,0,10.28,10.28,,,75.0,220.0,25.43783333333333,1.0,Pittsburgh,2022.0,2022.0,PIT,20.0,4.0,
2023,3,00-0038102,K.Pickett,QB,PIT,LV,16,28,235.0,2,0.0,1.0,7.0,3,11.0,0,0,0,0.0,0,18.5,18.5,,,75.0,220.0,25.43783333333333,1.0,Pittsburgh,2022.0,2022.0,PIT,20.0,,
2023,4,00-0038102,K.Pickett,QB,PIT,HOU,15,23,114.0,0,1.0,3.0,21.0,2,9.0,0,0,0,0.0,0,3.46,3.46,,,75.0,220.0,25.43783333333333,1.0,Pittsburgh,2022.0,2022.0,PIT,20.0,,
2023,5,00-0038102,K.Pickett,QB,PIT,BAL,18,32,224.0,1,0.0,3.0,22.0,6,-6.0,0,0,0,0.0,0,12.36,12.36,,,75.0,220.0,25.43783333333333,1.0,Pittsburgh,2022.0,2022.0,PIT,20.0,7.0,
2023,7,00-0038102,K.Pickett,QB,PIT,LA,17,25,230.0,0,0.0,2.0,16.0,8,0.0,1,0,0,0.0,0,15.2,15.2,,,75.0,220.0,25.43783333333333,1.0,Pittsburgh,2022.0,2022.0,PIT,20.0,,
2023,8,00-0038102,K.Pickett,QB,PIT,JAX,10,16,73.0,0,0.0,1.0,5.0,1,10.0,0,0,0,0.0,0,3.92,3.92,,,75.0,220.0,25.43783333333333,1.0,Pittsburgh,2022.0,2022.0,PIT,20.0,-10.0,
2023,9,00-0038102,K.Pickett,QB,PIT,TEN,19,30,160.0,1,0.0,0.0,-0.0,1,-1.0,0,0,0,0.0,0,10.3,10.3,,,75.0,220.0,25.43783333333333,1.0,Pittsburgh,2022.0,2022.0,PIT,20.0,4.0,
2023,10,00-0038102,K.Pickett,QB,PIT,GB,14,23,126.0,0,0.0,1.0,7.0,4,16.0,0,0,0,0.0,0,6.64,6.64,,,75.0,220.0,25.43783333333333,1.0,Pittsburgh,2022.0,2022.0,PIT,20.0,4.0,
2023,11,00-0038102,K.Pickett,QB,PIT,CLE,15,28,106.0,0,0.0,3.0,29.0,4,9.0,0,0,0,0.0,0,5.14,5.14,,,75.0,220.0,25.43783333333333,1.0,Pittsburgh,2022.0,2022.0,PIT,20.0,,
2023,12,00-0038102,K.Pickett,QB,PIT,CIN,24,33,278.0,0,0.0,2.0,10.0,5,5.0,0,0,0,0.0,0,11.62,11.62,,,75.0,220.0,25.43783333333333,1.0,Pittsburgh,2022.0,2022.0,PIT,20.0,,
2023,13,00-0038102,K.Pickett,QB,PIT,ARI,7,10,70.0,0,0.0,0.0,-0.0,3,3.0,0,0,0,0.0,0,3.1,3.1,,,75.0,220.0,25.43783333333333,1.0,Pittsburgh,2022.0,2022.0,PIT,20.0,-14.0,
2023,6,00-0038104,T.Thornton,WR,NE,LV,0,0,0.0,0,0.0,0.0,0.0,0,0.0,0,2,1,6.0,0,0.6,1.6,,,74.0,180.0,23.251823529411766,1.0,Baylor,2022.0,2022.0,NE,50.0,,0.06451613
2023,7,00-0038104,T.Thornton,WR,NE,BUF,0,0,0.0,0,0.0,0.0,0.0,0,0.0,0,1,1,2.0,0,0.2,1.2,,,74.0,180.0,23.251823529411766,1.0,Baylor,2022.0,2022.0,NE,50.0,4.0,0.033333335
2023,9,00-0038104,T.Thornton,WR,NE,WAS,0,0,0.0,0,0.0,0.0,0.0,0,0.0,0,4,1,7.0,0,0.7,1.7,,,74.0,180.0,23.251823529411766,1.0,Baylor,2022.0,2022.0,NE,50.0,-3.0,0.093023255
2023,12,00-0038104,T.Thornton,WR,NE,NYG,0,0,0.0,0,0.0,0.0,0.0,1,3.0,0,5,2,19.0,0,2.2,4.2,,,74.0,180.0,23.251823529411766,1.0,Baylor,2022.0,2022.0,NE,50.0,,0.14285715
2023,13,00-0038104,T.Thornton,WR,NE,LAC,0,0,0.0,0,0.0,0.0,0.0,1,39.0,0,1,0,0.0,0,3.9,3.9,,,74.0,180.0,23.251823529411766,1.0,Baylor,2022.0,2022.0,NE,50.0,-6.0,0.041666668
2023,14,00-0038104,T.Thornton,WR,NE,PIT,0,0,0.0,0,0.0,0.0,0.0,0,0.0,0,5,3,17.0,0,1.7,4.7,,,74.0,180.0,23.251823529411766,1.0,Baylor,2022.0,2022.0,NE,50.0,,0.1923077
2023,15,00-0038104,T.Thornton,WR,NE,KC,0,0,0.0,0,0.0,0.0,0.0,0,0.0,0,1,1,5.0,0,0.5,1.5,,,74.0,180.0,23.251823529411766,1.0,Baylor,2022.0,2022.0,NE,50.0,-10.0,0.032258064
2023,16,00-0038104,T.Thornton,WR,NE,DEN,0,0,0.0,0,0.0,0.0,0.0,1,9.0,0,1,1,11.0,0,2.0,3.0,,,74.0,180.0,23.251823529411766,1.0,Baylor,2022.0,2022.0,NE,50.0,,0.032258064
2023,17,00-0038104,T.Thornton,WR,NE,BUF,0,0,0.0,0,0.0,0.0,0.0,0,0.0,0,3,3,24.0,0,2.4,5.4,,,74.0,180.0,23.251823529411766,1.0,Baylor,2022.0,2022.0,NE,50.0,,0.125
2023,4,00-0038108,B.Zappe,QB,NE,DAL,4,9,57.0,0,0.0,1.0,7.0,0,0.0,0,0,0,0.0,0,2.28,2.28,,,73.0,220.0,24.535823529411765,1.0,Western Kentucky,2022.0,2022.0,NE,137.0,,
2023,5,00-0038108,B.Zappe,QB,NE,NO,3,9,22.0,0,0.0,0.0,-0.0,0,0.0,0,0,0,0.0,0,0.88,0.88,,,73.0,220.0,24.535823529411765,1.0,Western Kentucky,2022.0,2022.0,NE,137.0,-34.0,
2023,10,00-0038108,B.Zappe,QB,NE,IND,3,7,25.0,0,1.0,0.0,-0.0,0,0.0,0,0,0,0.0,0,-1.0,-1.0,,,73.0,220.0,24.535823529411765,1.0,Western Kentucky,2022.0,2022.0,NE,137.0,-4.0,
2023,12,00-0038108,B.Zappe,QB,NE,NYG,9,14,54.0,0,1.0,1.0,7.0,0,0.0,0,0,0,0.0,0,0.16,0.16,,,73.0,220.0,24.535823529411765,1.0,Western Kentucky,2022.0,2022.0,NE,137.0,,
2023,13,00-0038108,B.Zappe,QB,NE,LAC,13,25,141.0,0,0.0,5.0,32.0,4,16.0,0,0,0,0.0,0,7.24,7.24,,,73.0,220.0,24.535823529411765,1.0,Western Kentucky,2022.0,2022.0,NE,137.0,-6.0,
2023,14,00-0038108,B.Zappe,QB,NE,PIT,19,28,240.0,3,1.0,2.0,18.0,3,13.0,0,0,0,0.0,0,20.9,20.9,,,73.0,220.0,24.535823529411765,1.0,Western Kentucky,2022.0,2022.0,NE,137.0,,
2023,15,00-0038108,B.Zappe,QB,NE,KC,23,31,180.0,1,1.0,4.0,26.0,1,2.0,0,0,0,0.0,0,9.4,9.4,,,73.0,220.0,24.535823529411765,1.0,Western Kentucky,2022.0,2022.0,NE,137.0,-10.0,
2023,16,00-0038108,B.Zappe,QB,NE,DEN,25,33,256.0,2,0.0,2.0,26.0,1,2.0,0,0,0,0.0,0,16.44,16.44,,,73.0,220.0,24.535823529411765,1.0,Western Kentucky,2022.0,2022.0,NE,137.0,,
2023,17,00-0038108,B.Zappe,QB,NE,BUF,16,26,209.0,0,3.0,3.0,18.0,5,37.0,1,0,0,0.0,0,12.06,12.06,,,73.0,220.0,24.535823529411765,1.0,Western Kentucky,2022.0,2022.0,NE,137.0,,
2023,18,00-0038108,B.Zappe,QB,NE,NYJ,12,30,88.0,0,2.0,7.0,57.0,3,13.0,0,0,0,0.0,0,0.82,0.82,,,73.0,220.0,24.535823529411765,1.0,Western Kentucky,2022.0,2022.0,NE,137.0,-14.0,
2023,1,00-0038115,D.Bellinger,TE,NYG,DAL,0,0,0.0,0,0.0,0.0,0.0,0,0.0,0,1,1,1.0,0,0.1,1.1,,,77.0,255.0,23.124,1.0,San Diego State,2022.0,2022.0,NYG,112.0,-40.0,0.03448276
2023,3,00-0038115,D.Bellinger,TE,NYG,SF,0,0,0.0,0,0.0,0.0,0.0,0,0.0,0,1,1,8.0,0,0.8,1.8,,,77.0,255.0,23.124,1.0,San Diego State,2022.0,2022.0,NYG,112.0,,0.03125
2023,4,00-0038115,D.Bellinger,TE,NYG,SEA,0,0,0.0,0,0.0,0.0,0.0,0,0.0,0,1,1,6.0,0,0.6,1.6,,,77.0,255.0,23.124,1.0,San Diego State,2022.0,2022.0,NYG,112.0,-21.0,0.03125
2023,5,00-0038115,D.Bellinger,TE,NYG,MIA,0,0,0.0,0,0.0,0.0,0.0,0,0.0,0,1,1,7.0,0,0.7,1.7,,,77.0,255.0,23.124,1.0,San Diego State,2022.0,2022.0,NYG,112.0,,0.033333335
2023,8,00-0038115,D.Bellinger,TE,NYG,NYJ,0,0,0.0,0,0.0,0.0,0.0,0,0.0,0,1,0,0.0,0,0.0,0.0,,,77.0,255.0,23.124,1.0,San Diego State,2022.0,2022.0,NYG,112.0,-3.0,0.083333336
2023,9,00-0038115,D.Bellinger,TE,NYG,LV,0,0,0.0,0,0.0,0.0,0.0,0,0.0,0,3,3,43.0,0,4.3,7.3,,,77.0,255.0,23.124,1.0,San Diego State,2022.0,2022.0,NYG,112.0,,0.10344828
2023,10,00-0038115,D.Bellinger,TE,NYG,DAL,0,0,0.0,0,0.0,0.0,0.0,0,0.0,0,3,2,34.0,0,3.4,5.4,,,77.0,255.0,23.124,1.0,San Diego State,2022.0,2022.0,NYG,112.0,,0.115384616
2023,11,00-0038115,D.Bellinger,TE,NYG,WAS,0,0,0.0,0,0.0,0.0,0.0,0,0.0,0,3,3,38.0,0,3.8,6.8,,,77.0,255.0,23.124,1.0,San Diego State,2022.0,2022.0,NYG,112.0,,0.115384616
2023,12,00-0038115,D.Bellinger,TE,NYG,NE,0,0,0.0,0,0.0,0.0,0.0,0,0.0,0,1,1,8.0,0,0.8,1.8,,,77.0,255.0,23.124,1.0,San Diego State,2022.0,2022.0,NYG,112.0,3.0,0.041666668
2023,14,00-0038115,D.Bellinger,TE,NYG,GB,0,0,0.0,0,0.0,0.0,0.0,0,0.0,0,2,2,15.0,0,1.5,3.5,,,77.0,255.0,23.124,1.0,San Diego State,2022.0,2022.0,NYG,112.0,2.0,0.1
2023,15,00-0038115,D.Bellinger,TE,NYG,NO,0,0,0.0,0,0.0,0.0,0.0,0,0.0,0,2,2,13.0,0,1.3,3.3,,,77.0,255.0,23.124,1.0,San Diego State,2022.0,2022.0,NYG,112.0,,0.05882353
2023,16,00-0038115,D.Bellinger,TE,NYG,PHI,0,0,0.0,0,0.0,0.0,0.0,0,0.0,0,5,4,43.0,0,4.3,8.3,,,77.0,255.0,23.124,1.0,San Diego State,2022.0,2022.0,NYG,112.0,,0.18518518
2023,17,00-0038115,D.Bellinger,TE,NYG,LA,0,0,0.0,0,0.0,0.0,0.0,0,0.0,0,4,4,39.0,0,3.9,7.9,,,77.0,255.0,23.124,1.0,San Diego State,2022.0,2022.0,NYG,112.0,-1.0,0.102564104
2023,3,00-0038117,W.Robinson,WR,NYG,SF,0,0,0.0,0,0.0,0.0,0.0,0,0.0,0,5,4,21.0,0,2.1,6.1,,,68.0,185.0,22.836588235294116,1.0,Kentucky,2022.0,2022.0,NYG,43.0,,0.15625
2023,4,00-0038117,W.Robinson,WR,NYG,SEA,0,0,0.0,0,0.0,0.0,0.0,1,7.0,0,6,5,40.0,0,4.7,9.7,,,68.0,185.0,22.836588235294116,1.0,Kentucky,2022.0,2022.0,NYG,43.0,-21.0,0.1875
2023,5,00-0038117,W.Robinson,WR,NYG,MIA,0,0,0.0,0,0.0,0.0,0.0,1,1.0,0,6,5,18.0,0,1.9,6.9,,,68.0,185.0,22.836588235294116,1.0,Kentucky,2022.0,2022.0,NYG,43.0,,0.2
2023,6,00-0038117,W.Robinson,WR,NYG,BUF,0,0,0.0,0,0.0,0.0,0.0,0,0.0,0,8,8,62.0,0,6.2,14.2,,,68.0,185.0,22.836588235294116,1.0,Kentucky,2022.0,2022.0,NYG,43.0,,0.2580645
2023,7,00-0038117,W.Robinson,WR,NYG,WAS,0,0,0.0,0,0.0,0.0,0.0,0,0.0,0,2,1,22.0,0,2.2,3.2,,,68.0,185.0,22.836588235294116,1.0,Kentucky,2022.0,2022.0,NYG,43.0,7.0,0.074074075
2023,8,00-0038117,W.Robinson,WR,NYG,NYJ,0,0,0.0,0,0.0,0.0,0.0,2,17.0,0,1,0,0.0,0,1.7,1.7,,,68.0,185.0,22.836588235294116,1.0,Kentucky,2022.0,2022.0,NYG,43.0,-3.0,0.083333336
2023,9,00-0038117,W.Robinson,WR,NYG,LV,0,0,0.0,0,0.0,0.0,0.0,0,0.0,0,5,4,35.0,1,9.5,13.5,,,68.0,185.0,22.836588235294116,1.0,Kentucky,2022.0,2022.0,NYG,43.0,,0.1724138
2023,10,00-0038117,W.Robinson,WR,NYG,DAL,0,0,0.0,0,0.0,0.0,0.0,1,0.0,0,3,2,6.0,0,0.6,2.6,,,68.0,185.0,22.836588235294116,1.0,Kentucky,2022.0,2022.0,NYG,43.0,,0.115384616
2023,11,00-0038117,W.Robinson,WR,NYG,WAS,0,0,0.0,0,0.0,0.0,0.0,1,2.0,0,4,3,35.0,0,3.7,6.7,,,68.0,185.0,22.836588235294116,1.0,Kentucky,2022.0,2022.0,NYG,43.0,,0.15384616
2023,12,00-0038117,W.Robinson,WR,NYG,NE,0,0,0.0,0,0.0,0.0,0.0,0,0.0,0,5,4,26.0,0,2.6,6.6,,,68.0,185.0,22.836588235294116,1.0,Kentucky,2022.0,2022.0,NYG,43.0,3.0,0.20833333
2023,14,00-0038117,W.Robinson,WR,NYG,GB,0,0,0.0,0,0.0,0.0,0.0,2,36.0,0,7,6,79.0,0,11.5,17.5,,,68.0,185.0,22.836588235294116,1.0,Kentucky,2022.0,2022.0,NYG,43.0,2.0,0.35
2023,15,00-0038117,W.Robinson,WR,NYG,NO,0,0,0.0,0,0.0,0.0,0.0,0,0.0,0,4,4,25.0,0,2.5,6.5,,,68.0,185.0,22.836588235294116,1.0,Kentucky,2022.0,2022.0,NYG,43.0,,0.11764706
2023,16,00-0038117,W.Robinson,WR,NYG,PHI,0,0,0.0,0,0.0,0.0,0.0,0,0.0,0,7,3,16.0,0,1.6,4.6,,,68.0,185.0,22.836588235294116,1.0,Kentucky,2022.0,2022.0,NYG,43.0,,0.25925925
2023,17,00-0038117,W.Robinson,WR,NYG,LA,0,0,0.0,0,0.0,0.0,0.0,1,24.0,1,9,6,55.0,0,13.9,19.9,,,68.0,185.0,22.836588235294116,1.0,Kentucky,2022.0,2022.0,NYG,43.0,-1.0,0.23076923
2023,18,00-0038117,W.Robinson,WR,NYG,PHI,0,0,0.0,0,0.0,0.0,0.0,0,0.0,0,6,5,85.0,0,8.5,13.5,,,68.0,185.0,22.836588235294116,1.0,Kentucky,2022.0,2022.0,NYG,43.0,17.0,0.1875
2023,1,00-0038120,B.Hall,RB,NYJ,BUF,0,0,0.0,0,0.0,0.0,0.0,10,127.0,0,2,1,20.0,0,14.7,15.7,,,73.0,220.0,22.443117647058823,1.0,Iowa State,2022.0,2022.0,NYJ,36.0,6.0,0.11111111
2023,2,00-0038120,B.Hall,RB,NYJ,DAL,0,0,0.0,0,0.0,0.0,0.0,4,9.0,0,2,0,0.0,0,0.9,0.9,,,73.0,220.0,22.443117647058823,1.0,Iowa State,2022.0,2022.0,NYJ,36.0,,0.08
2023,3,00-0038120,B.Hall,RB,NYJ,NE,0,0,0.0,0,0.0,0.0,0.0,12,18.0,0,2,1,9.0,0,2.7,3.7,,,73.0,220.0,22.443117647058823,1.0,Iowa State,2022.0,2022.0,NYJ,36.0,-5.0,0.071428575
2023,4,00-0038120,B.Hall,RB,NYJ,KC,0,0,0.0,0,0.0,0.0,0.0,6,56.0,0,4,3,13.0,0,6.9,9.9,,,73.0,220.0,22.443117647058823,1.0,Iowa State,2022.0,2022.0,NYJ,36.0,-3.0,0.102564104
2023,5,00-0038120,B.Hall,RB,NYJ,DEN,0,0,0.0,0,0.0,0.0,0.0,22,177.0,1,3,3,17.0,0,25.4,28.4,,,73.0,220.0,22.443117647058823,1.0,Iowa State,2022.0,2022.0,NYJ,36.0,,0.115384616
2023,6,00-0038120,B.Hall,RB,NYJ,PHI,0,0,0.0,0,0.0,0.0,0.0,12,39.0,1,5,5,54.0,0,15.3,20.3,,,73.0,220.0,22.443117647058823,1.0,Iowa State,2022.0,2022.0,NYJ,36.0,6.0,0.15151516
2023,8,00-0038120,B.Hall,RB,NYJ,NYG,0,0,0.0,0,0.0,0.0,0.0,12,17.0,0,9,6,76.0,1,15.3,21.3,,,73.0,220.0,22.443117647058823,1.0,Iowa State,2022.0,2022.0,NYJ,36.0,,0.2647059
2023,9,00-0038120,B.Hall,RB,NYJ,LAC,0,0,0.0,0,0.0,0.0,0.0,16,50.0,0,4,4,10.0,0,6.0,10.0,,,73.0,220.0,22.443117647058823,1.0,Iowa State,2022.0,2022.0,NYJ,36.0,-21.0,0.083333336
2023,10,00-0038120,B.Hall,RB,NYJ,LV,0,0,0.0,0,0.0,0.0,0.0,13,28.0,0,3,3,47.0,0,7.5,10.5,,,73.0,220.0,22.443117647058823,1.0,Iowa State,2022.0,2022.0,NYJ,36.0,,0.08108108
2023,11,00-0038120,B.Hall,RB,NYJ,BUF,0,0,0.0,0,0.0,0.0,0.0,10,23.0,0,6,5,50.0,1,13.3,18.3,,,73.0,220.0,22.443117647058823,1.0,Iowa State,2022.0,2022.0,NYJ,36.0,,0.21428572
2023,12,00-0038120,B.Hall,RB,NYJ,MIA,0,0,0.0,0,0.0,0.0,0.0,7,25.0,0,9,7,24.0,0,4.9,11.9,,,73.0,220.0,22.443117647058823,1.0,Iowa State,2022.0,2022.0,NYJ,36.0,-21.0,0.25
2023,13,00-0038120,B.Hall,RB,NYJ,ATL,0,0,0.0,0,0.0,0.0,0.0,13,16.0,0,8,6,29.0,0,4.5,10.5,,,73.0,220.0,22.443117647058823,1.0,Iowa State,2022.0,2022.0,NYJ,36.0,-5.0,0.22222222
2023,14,00-0038120,B.Hall,RB,NYJ,HOU,0,0,0.0,0,0.0,0.0,0.0,10,40.0,0,9,8,86.0,1,18.6,26.6,,,73.0,220.0,22.443117647058823,1.0,Iowa State,2022.0,2022.0,NYJ,36.0,24.0,0.25714287
2023,15,00-0038120,B.Hall,RB,NYJ,MIA,0,0,0.0,0,0.0,0.0,0.0,6,12.0,0,2,1,6.0,0,1.8,2.8,,,73.0,220.0,22.443117647058823,1.0,Iowa State,2022.0,2022.0,NYJ,36.0,,0.060606062
2023,16,00-0038120,B.Hall,RB,NYJ,WAS,0,0,0.0,0,0.0,0.0,0.0,20,95.0,2,16,12,96.0,0,31.1,43.1,,,73.0,220.0,22.443117647058823,1.0,Iowa State,2022.0,2022.0,NYJ,36.0,2.0,0.35555556
2023,17,00-0038120,B.Hall,RB,NYJ,CLE,0,0,0.0,0,0.0,0.0,0.0,13,84.0,0,9,9,42.0,1,18.6,27.6,,,73.0,220.0,22.443117647058823,1.0,Iowa State,2022.0,2022.0,NYJ,36.0,,0.20454545
2023,18,00-0038120,B.Hall,RB,NYJ,NE,0,0,0.0,0,0.0,0.0,0.0,37,178.0,1,2,2,12.0,0,27.0,29.0,,,73.0,220.0,22.443117647058823,1.0,Iowa State,2022.0,2022.0,NYJ,36.0,,0.11111111
2023,1,00-0038122,D.Ridder,QB,ATL,CAR,15,18,115.0,1,0.0,4.0,24.0,1,-1.0,0,1,1,-6.0,0,7.9,8.9,,,75.0,215.0,24.18864705882353,1.0,Cincinnati,2022.0,2022.0,ATL,74.0,14.0,0.055555556
2023,2,00-0038122,D.Ridder,QB,ATL,GB,19,32,237.0,1,1.0,1.0,2.0,10,39.0,1,0,0,0.0,0,21.38,21.38,,,75.0,215.0,24.18864705882353,1.0,Cincinnati,2022.0,2022.0,ATL,74.0,1.0,
2023,3,00-0038122,D.Ridder,QB,ATL,DET,21,38,201.0,0,0.0,7.0,62.0,2,3.0,0,0,0,0.0,0,6.34,6.34,,,75.0,215.0,24.18864705882353,1.0,Cincinnati,2022.0,2022.0,ATL,74.0,,
2023,4,00-0038122,D.Ridder,QB,ATL,JAX,19,31,191.0,1,2.0,4.0,31.0,1,6.0,0,0,0,0.0,0,6.24,6.24,,,75.0,215.0,24.18864705882353,1.0,Cincinnati,2022.0,2022.0,ATL,74.0,,
2023,5,00-0038122,D.Ridder,QB,ATL,HOU,28,37,329.0,1,0.0,0.0,-0.0,4,10.0,1,0,0,0.0,0,26.16,26.16,,,75.0,215.0,24.18864705882353,1.0,Cincinnati,2022.0,2022.0,ATL,74.0,2.0,
2023,6,00-0038122,D.Ridder,QB,ATL,WAS,28,47,307.0,2,3.0,3.0,11.0,2,18.0,0,0,0,0.0,0,16.08,16.08,,,75.0,215.0,24.18864705882353,1.0,Cincinnati,2022.0,2022.0,ATL,74.0,-8.0,
2023,7,00-0038122,D.Ridder,QB,ATL,TB,19,25,250.0,0,0.0,1.0,5.0,6,38.0,1,0,0,0.0,0,17.8,17.8,,,75.0,215.0,24.18864705882353,1.0,Cincinnati,2022.0,2022.0,ATL,74.0,,
2023,8,00-0038122,D.Ridder,QB,ATL,TEN,8,12,71.0,0,0.0,5.0,36.0,3,26.0,0,0,0,0.0,0,3.44,3.44,,,75.0,215.0,24.18864705882353,1.0,Cincinnati,2022.0,2022.0,ATL,74.0,,
2023,10,00-0038122,D.Ridder,QB,ATL,ARI,4,6,39.0,0,0.0,0.0,-0.0,3,11.0,1,0,0,0.0,0,8.66,8.66,,,75.0,215.0,24.18864705882353,1.0,Cincinnati,2022.0,2022.0,ATL,74.0,,
2023,12,00-0038122,D.Ridder,QB,ATL,NO,13,21,168.0,1,2.0,0.0,-0.0,7,30.0,0,0,0,0.0,0,9.72,9.72,,,75.0,215.0,24.18864705882353,1.0,Cincinnati,2022.0,2022.0,ATL,74.0,9.0,
2023,13,00-0038122,D.Ridder,QB,ATL,NYJ,12,27,121.0,1,0.0,3.0,17.0,3,0.0,0,0,0,0.0,0,8.84,8.84,,,75.0,215.0,24.18864705882353,1.0,Cincinnati,2022.0,2022.0,ATL,74.0,,
2023,14,00-0038122,D.Ridder,QB,ATL,TB,26,40,347.0,1,1.0,3.0,9.0,4,15.0,1,0,0,0.0,0,25.38,25.38,,,75.0,215.0,24.18864705882353,1.0,Cincinnati,2022.0,2022.0,ATL,74.0,-4.0,
2023,15,00-0038122,D.Ridder,QB,ATL,CAR,12,20,152.0,1,1.0,0.0,-0.0,5,-2.0,0,0,0,0.0,0,7.88,7.88,,,75.0,215.0,24.18864705882353,1.0,Cincinnati,2022.0,2022.0,ATL,74.0,,
2023,17,00-0038122,D.Ridder,QB,ATL,CHI,3,4,17.0,0,1.0,0.0,-0.0,0,0.0,0,0,0,0.0,0,-1.32,-1.32,,,75.0,215.0,24.18864705882353,1.0,Cincinnati,2022.0,2022.0,ATL,74.0,,
2023,18,00-0038122,D.Ridder,QB,ATL,NO,22,30,291.0,2,1.0,0.0,-0.0,2,0.0,0,0,0,0.0,0,15.64,15.64,,,75.0,215.0,24.18864705882353,1.0,Cincinnati,2022.0,2022.0,ATL,74.0,,
2023,4,00-0038124,C.Watson,WR,GB,DET,0,0,0.0,0,0.0,0.0,0.0,0,0.0,0,4,2,25.0,1,8.5,10.5,,,76.0,208.0,24.51721052631579,1.0,North Dakota State,2022.0,2022.0,GB,34.0,-14.0,0.11764706
2023,5,00-0038124,C.Watson,WR,GB,LV,0,0,0.0,0,0.0,0.0,0.0,1,-5.0,0,7,3,91.0,0,8.6,11.6,,,76.0,208.0,24.51721052631579,1.0,North Dakota State,2022.0,2022.0,GB,34.0,,0.2413793
2023,7,00-0038124,C.Watson,WR,GB,DEN,0,0,0.0,0,0.0,0.0,0.0,0,0.0,0,5,3,27.0,0,2.7,5.7,,,76.0,208.0,24.51721052631579,1.0,North Dakota State,2022.0,2022.0,GB,34.0,,0.15625
2023,8,00-0038124,C.Watson,WR,GB,MIN,0,0,0.0,0,0.0,0.0,0.0,0,0.0,0,8,3,33.0,0,3.3,6.3,,,76.0,208.0,24.51721052631579,1.0,North Dakota State,2022.0,2022.0,GB,34.0,-14.0,0.2
2023,9,00-0038124,C.Watson,WR,GB,LA,0,0,0.0,0,0.0,0.0,0.0,0,0.0,0,2,1,37.0,0,3.7,4.7,,,76.0,208.0,24.51721052631579,1.0,North Dakota State,2022.0,2022.0,GB,34.0,17.0,0.08
2023,10,00-0038124,C.Watson,WR,GB,PIT,0,0,0.0,0,0.0,0.0,0.0,0,0.0,0,7,2,23.0,0,2.3,4.3,,,76.0,208.0,24.51721052631579,1.0,North Dakota State,2022.0,2022.0,GB,34.0,,0.1891892
2023,11,00-0038124,C.Watson,WR,GB,LAC,0,0,0.0,0,0.0,0.0,0.0,1,1.0,0,4,2,21.0,1,8.2,10.2,,,76.0,208.0,24.51721052631579,1.0,North Dakota State,2022.0,2022.0,GB,34.0,3.0,0.10526316
2023,12,00-0038124,C.Watson,WR,GB,DET,0,0,0.0,0,0.0,0.0,0.0,0,0.0,0,7,5,94.0,1,15.4,20.4,,,76.0,208.0,24.51721052631579,1.0,North Dakota State,2022.0,2022.0,GB,34.0,,0.23333333
2023,13,00-0038124,C.Watson,WR,GB,KC,0,0,0.0,0,0.0,0.0,0.0,2,15.0,0,9,7,71.0,2,20.6,27.6,,,76.0,208.0,24.51721052631579,1.0,North Dakota State,2022.0,2022.0,GB,34.0,8.0,0.25714287
2023,19,00-0038124,C.Watson,WR,GB,DAL,0,0,0.0,0,0.0,0.0,0.0,0,0.0,0,1,1,9.0,0,0.9,1.9,,,76.0,208.0,24.51721052631579,1.0,North Dakota State,2022.0,2022.0,GB,34.0,,0.04761905
2023,20,00-0038124,C.Watson,WR,GB,SF,0,0,0.0,0,0.0,0.0,0.0,0,0.0,0,2,1,11.0,0,1.1,2.1,,,76.0,208.0,24.51721052631579,1.0,North Dakota State,2022.0,2022.0,GB,34.0,,0.060606062
2023,6,00-0038128,M.Willis,QB,TEN,BAL,4,5,74.0,0,0.0,4.0,30.0,3,17.0,0,0,0,0.0,0,4.66,4.66,,,73.0,215.0,24.461117647058824,1.0,Liberty,2022.0,2022.0,TEN,86.0,-8.0,
2023,8,00-0038128,M.Willis,QB,TEN,ATL,0,0,0.0,0,0.0,0.0,0.0,2,4.0,0,0,0,0.0,0,-1.6,-1.6,,,73.0,215.0,24.461117647058824,1.0,Liberty,2022.0,2022.0,TEN,86.0,5.0,
2023,1,00-0038129,C.Otton,TE,TB,MIN,0,0,0.0,0,0.0,0.0,0.0,0,0.0,0,3,2,19.0,0,1.9,3.9,,,77.0,250.0,24.59268421052632,1.0,Washington,2022.0,2022.0,TB,106.0,,0.09375
2023,2,00-0038129,C.Otton,TE,TB,CHI,0,0,0.0,0,0.0,0.0,0.0,0,0.0,0,6,6,41.0,0,4.1,10.1,,,77.0,250.0,24.59268421052632,1.0,Washington,2022.0,2022.0,TB,106.0,10.0,0.1875
2023,3,00-0038129,C.Otton,TE,TB,PHI,0,0,0.0,0,0.0,0.0,0.0,0,0.0,0,2,1,16.0,0,1.6,2.6,,,77.0,250.0,24.59268421052632,1.0,Washington,2022.0,2022.0,TB,106.0,-14.0,0.08
2023,4,00-0038129,C.Otton,TE,TB,NO,0,0,0.0,0,0.0,0.0,0.0,0,0.0,0,4,3,13.0,1,7.3,10.3,,,77.0,250.0,24.59268421052632,1.0,Washington,2022.0,2022.0,TB,106.0,,0.13333334
2023,6,00-0038129,C.Otton,TE,TB,DET,0,0,0.0,0,0.0,0.0,0.0,0,0.0,0,2,1,15.0,0,1.5,2.5,,,77.0,250.0,24.59268421052632,1.0,Washington,2022.0,2022.0,TB,106.0,-14.0,0.054054055
2023,7,00-0038129,C.Otton,TE,TB,ATL,0,0,0.0,0,0.0,0.0,0.0,0,0.0,0,6,5,43.0,0,4.3,9.3,,,77.0,250.0,24.59268421052632,1.0,Washington,2022.0,2022.0,TB,106.0,-3.0,0.14634146
2023,8,00-0038129,C.Otton,TE,TB,BUF,0,0,0.0,0,0.0,0.0,0.0,0,0.0,0,6,4,27.0,0,4.7,8.7,,,77.0,250.0,24.59268421052632,1.0,Washington,2022.0,2022.0,TB,106.0,,0.15384616
2023,9,00-0038129,C.Otton,TE,TB,HOU,0,0,0.0,0,0.0,0.0,0.0,0,0.0,0,9,6,70.0,2,17.0,23.0,,,77.0,250.0,24.59268421052632,1.0,Washington,2022.0,2022.0,TB,106.0,,0.3
2023,10,00-0038129,C.Otton,TE,TB,TEN,0,0,0.0,0,0.0,0.0,0.0,0,0.0,0,3,2,10.0,0,1.0,3.0,,,77.0,250.0,24.59268421052632,1.0,Washington,2022.0,2022.0,TB,106.0,14.0,0.10344828
2023,11,00-0038129,C.Otton,TE,TB,SF,0,0,0.0,0,0.0,0.0,0.0,0,0.0,0,5,4,49.0,0,4.9,8.9,,,77.0,250.0,24.59268421052632,1.0,Washington,2022.0,2022.0,TB,106.0,,0.11627907
2023,12,00-0038129,C.Otton,TE,TB,IND,0,0,0.0,0,0.0,0.0,0.0,0,0.0,0,4,4,45.0,0,4.5,8.5,,,77.0,250.0,24.59268421052632,1.0,Washington,2022.0,2022.0,TB,106.0,,0.13333334
2023,14,00-0038129,C.Otton,TE,TB,ATL,0,0,0.0,0,0.0,0.0,0.0,0,0.0,0,5,2,16.0,1,7.6,9.6,,,77.0,250.0,24.59268421052632,1.0,Washington,2022.0,2022.0,TB,106.0,,0.1724138
2023,15,00-0038129,C.Otton,TE,TB,GB,0,0,0.0,0,0.0,0.0,0.0,0,0.0,0,2,2,44.0,0,4.4,6.4,,,77.0,250.0,24.59268421052632,1.0,Washington,2022.0,2022.0,TB,106.0,,0.074074075
2023,16,00-0038129,C.Otton,TE,TB,JAX,0,0,0.0,0,0.0,0.0,0.0,0,0.0,0,1,1,7.0,0,0.7,1.7,,,77.0,250.0,24.59268421052632,1.0,Washington,2022.0,2022.0,TB,106.0,18.0,0.028571429
2023,17,00-0038129,C.Otton,TE,TB,NO,0,0,0.0,0,0.0,0.0,0.0,0,0.0,0,6,2,10.0,0,1.0,3.0,,,77.0,250.0,24.59268421052632,1.0,Washington,2022.0,2022.0,TB,106.0,-10.0,0.18181819
2023,18,00-0038129,C.Otton,TE,TB,CAR,0,0,0.0,0,0.0,0.0,0.0,0,0.0,0,3,2,30.0,0,3.0,5.0,,,77.0,250.0,24.59268421052632,1.0,Washington,2022.0,2022.0,TB,106.0,,0.09677419
2023,19,00-0038129,C.Otton,TE,TB,PHI,0,0,0.0,0,0.0,0.0,0.0,0,0.0,0,11,8,89.0,0,8.9,16.9,,,77.0,250.0,24.59268421052632,1.0,Washington,2022.0,2022.0,TB,106.0,23.0,0.31428573
2023,20,00-0038129,C.Otton,TE,TB,DET,0,0,0.0,0,0.0,0.0,0.0,0,0.0,0,8,5,65.0,1,12.5,17.5,,,77.0,250.0,24.59268421052632,1.0,Washington,2022.0,2022.0,TB,106.0,,0.20512821
2023,1,00-0038134,K.Walker,RB,SEA,LA,0,0,0.0,0,0.0,0.0,0.0,12,64.0,0,5,4,3.0,0,6.7,10.7,,,69.0,210.0,23.055764705882353,1.0,Michigan State,2022.0,2022.0,SEA,41.0,-17.0,0.20833333
2023,2,00-0038134,K.Walker,RB,SEA,DET,0,0,0.0,0,0.0,0.0,0.0,17,43.0,2,2,1,11.0,0,17.4,18.4,,,69.0,210.0,23.055764705882353,1.0,Michigan State,2022.0,2022.0,SEA,41.0,,0.054054055
2023,3,00-0038134,K.Walker,RB,SEA,CAR,0,0,0.0,0,0.0,0.0,0.0,18,97.0,2,3,3,59.0,0,27.6,30.6,,,69.0,210.0,23.055764705882353,1.0,Michigan State,2022.0,2022.0,SEA,41.0,10.0,0.08571429
2023,4,00-0038134,K.Walker,RB,SEA,NYG,0,0,0.0,0,0.0,0.0,0.0,17,79.0,1,0,0,0.0,0,13.9,13.9,,,69.0,210.0,23.055764705882353,1.0,Michigan State,2022.0,2022.0,SEA,41.0,,
2023,6,00-0038134,K.Walker,RB,SEA,CIN,0,0,0.0,0,0.0,0.0,0.0,19,62.0,1,3,3,27.0,0,14.9,17.9,,,69.0,210.0,23.055764705882353,1.0,Michigan State,2022.0,2022.0,SEA,41.0,,0.08108108
2023,7,00-0038134,K.Walker,RB,SEA,ARI,0,0,0.0,0,0.0,0.0,0.0,26,105.0,0,3,2,6.0,0,11.1,13.1,,,69.0,210.0,23.055764705882353,1.0,Michigan State,2022.0,2022.0,SEA,41.0,10.0,0.125
2023,8,00-0038134,K.Walker,RB,SEA,CLE,0,0,0.0,0,0.0,0.0,0.0,8,66.0,0,2,1,4.0,0,7.0,8.0,,,69.0,210.0,23.055764705882353,1.0,Michigan State,2022.0,2022.0,SEA,41.0,4.0,0.055555556
2023,9,00-0038134,K.Walker,RB,SEA,BAL,0,0,0.0,0,0.0,0.0,0.0,9,16.0,0,2,1,1.0,0,1.7,2.7,,,69.0,210.0,23.055764705882353,1.0,Michigan State,2022.0,2022.0,SEA,41.0,,0.08
2023,10,00-0038134,K.Walker,RB,SEA,WAS,0,0,0.0,0,0.0,0.0,0.0,19,63.0,0,2,1,64.0,1,18.7,19.7,,,69.0,210.0,23.055764705882353,1.0,Michigan State,2022.0,2022.0,SEA,41.0,3.0,0.04761905
2023,11,00-0038134,K.Walker,RB,SEA,LA,0,0,0.0,0,0.0,0.0,0.0,4,18.0,0,1,1,-2.0,0,1.6,2.6,,,69.0,210.0,23.055764705882353,1.0,Michigan State,2022.0,2022.0,SEA,41.0,,0.02631579
2023,14,00-0038134,K.Walker,RB,SEA,SF,0,0,0.0,0,0.0,0.0,0.0,8,21.0,0,5,4,33.0,0,5.4,9.4,,,69.0,210.0,23.055764705882353,1.0,Michigan State,2022.0,2022.0,SEA,41.0,,0.16129032
2023,15,00-0038134,K.Walker,RB,SEA,PHI,0,0,0.0,0,0.0,0.0,0.0,19,86.0,1,3,3,26.0,0,17.2,20.2,,,69.0,210.0,23.055764705882353,1.0,Michigan State,2022.0,2022.0,SEA,41.0,3.0,0.09375
2023,16,00-0038134,K.Walker,RB,SEA,TEN,0,0,0.0,0,0.0,0.0,0.0,16,54.0,0,2,1,2.0,0,5.6,6.6,,,69.0,210.0,23.055764705882353,1.0,Michigan State,2022.0,2022.0,SEA,41.0,,0.055555556
2023,17,00-0038134,K.Walker,RB,SEA,PIT,0,0,0.0,0,0.0,0.0,0.0,10,53.0,1,3,3,22.0,0,13.5,16.5,,,69.0,210.0,23.055764705882353,1.0,Michigan State,2022.0,2022.0,SEA,41.0,-7.0,0.09090909
2023,18,00-0038134,K.Walker,RB,SEA,ARI,0,0,0.0,0,0.0,0.0,0.0,17,78.0,0,1,1,3.0,0,8.1,9.1,,,69.0,210.0,23.055764705882353,1.0,Michigan State,2022.0,2022.0,SEA,41.0,,0.03846154
2023,11,00-0038389,I.Abanikanda,RB,NYJ,BUF,0,0,0.0,0,0.0,0.0,0.0,1,11.0,0,2,1,5.0,0,1.6,2.6,,,71.0,215.0,21.096117647058826,0.0,Pittsburgh,2023.0,2023.0,NYJ,143.0,,0.071428575
2023,14,00-0038389,I.Abanikanda,RB,NYJ,HOU,0,0,0.0,0,0.0,0.0,0.0,3,-1.0,0,0,0,0.0,0,-0.1,-0.1,,,71.0,215.0,21.096117647058826,0.0,Pittsburgh,2023.0,2023.0,NYJ,143.0,24.0,
2023,15,00-0038389,I.Abanikanda,RB,NYJ,MIA,0,0,0.0,0,0.0,0.0,0.0,4,8.0,0,2,2,11.0,0,1.9,3.9,,,71.0,215.0,21.096117647058826,0.0,Pittsburgh,2023.0,2023.0,NYJ,143.0,,0.060606062
2023,16,00-0038389,I.Abanikanda,RB,NYJ,WAS,0,0,0.0,0,0.0,0.0,0.0,9,43.0,0,0,0,0.0,0,4.3,4.3,,,71.0,215.0,21.096117647058826,0.0,Pittsburgh,2023.0,2023.0,NYJ,143.0,2.0,
2023,17,00-0038389,I.Abanikanda,RB,NYJ,CLE,0,0,0.0,0,0.0,0.0,0.0,2,3.0,0,7,4,27.0,0,3.0,7.0,,,71.0,215.0,21.096117647058826,0.0,Pittsburgh,2023.0,2023.0,NYJ,143.0,,0.1590909
2023,18,00-0038389,I.Abanikanda,RB,NYJ,NE,0,0,0.0,0,0.0,0.0,0.0,3,6.0,0,0,0,0.0,0,0.6,0.6,,,71.0,215.0,21.096117647058826,0.0,Pittsburgh,2023.0,2023.0,NYJ,143.0,,
2023,1,00-0038391,S.Clifford,QB,GB,CHI,0,0,0.0,0,0.0,0.0,0.0,1,0.0,0,0,0,0.0,0,0.0,0.0,,,74.0,212.0,25.344,0.0,Penn State,2023.0,2023.0,GB,149.0,,
2023,17,00-0038391,S.Clifford,QB,GB,MIN,1,1,37.0,0,0.0,0.0,-0.0,2,-2.0,0,0,0,0.0,0,1.28,1.28,,,74.0,212.0,25.344,0.0,Penn State,2023.0,2023.0,GB,149.0,,
2023,1,00-0038393,D.Wicks,WR,GB,CHI,0,0,0.0,0,0.0,0.0,0.0,0,0.0,0,2,0,0.0,0,0.0,0.0,,,73.0,208.0,22.419894736842107,0.0,Virginia,2023.0,2023.0,GB,159.0,,0.074074075
2023,2,00-0038393,D.Wicks,WR,GB,ATL,0,0,0.0,0,0.0,0.0,0.0,0,0.0,0,4,2,40.0,1,10.0,12.0,,,73.0,208.0,22.419894736842107,0.0,Virginia,2023.0,2023.0,GB,159.0,,0.16
2023,3,00-0038393,D.Wicks,WR,GB,NO,0,0,0.0,0,0.0,0.0,0.0,0,0.0,0,6,4,45.0,0,4.5,8.5,,,73.0,208.0,22.419894736842107,0.0,Virginia,2023.0,2023.0,GB,159.0,1.0,0.13953489
2023,4,00-0038393,D.Wicks,WR,GB,DET,0,0,0.0,0,0.0,0.0,0.0,0,0.0,0,1,0,0.0,0,0.0,0.0,,,73.0,208.0,22.419894736842107,0.0,Virginia,2023.0,2023.0,GB,159.0,-14.0,0.029411765
2023,5,00-0038393,D.Wicks,WR,GB,LV,0,0,0.0,0,0.0,0.0,0.0,0,0.0,0,1,1,10.0,0,1.0,2.0,,,73.0,208.0,22.419894736842107,0.0,Virginia,2023.0,2023.0,GB,159.0,,0.03448276
2023,7,00-0038393,D.Wicks,WR,GB,DEN,1,1,14.0,0,0.0,0.0,-0.0,1,1.0,0,1,1,17.0,0,2.36,3.36,,,73.0,208.0,22.419894736842107,0.0,Virginia,2023.0,2023.0,GB,159.0,,0.03125
2023,8,00-0038393,D.Wicks,WR,GB,MIN,0,0,0.0,0,0.0,0.0,0.0,0,0.0,0,4,2,28.0,0,2.8,4.8,,,73.0,208.0,22.419894736842107,0.0,Virginia,2023.0,2023.0,GB,159.0,-14.0,0.1
2023,9,00-0038393,D.Wicks,WR,GB,LA,0,0,0.0,0,0.0,0.0,0.0,0,0.0,0,4,4,49.0,0,2.9,6.9,,,73.0,208.0,22.419894736842107,0.0,Virginia,2023.0,2023.0,GB,159.0,17.0,0.16
2023,10,00-0038393,D.Wicks,WR,GB,PIT,0,0,0.0,0,0.0,0.0,0.0,0,0.0,0,4,3,51.0,0,5.1,8.1,,,73.0,208.0,22.419894736842107,0.0,Virginia,2023.0,2023.0,GB,159.0,,0.10810811
2023,11,00-0038393,D.Wicks,WR,GB,LAC,0,0,0.0,0,0.0,0.0,0.0,0,0.0,0,5,3,91.0,0,9.1,12.1,,,73.0,208.0,22.419894736842107,0.0,Virginia,2023.0,2023.0,GB,159.0,3.0,0.13157895
2023,13,00-0038393,D.Wicks,WR,GB,KC,0,0,0.0,0,0.0,0.0,0.0,0,0.0,0,4,3,43.0,0,4.3,7.3,,,73.0,208.0,22.419894736842107,0.0,Virginia,2023.0,2023.0,GB,159.0,8.0,0.114285715
2023,14,00-0038393,D.Wicks,WR,GB,NYG,0,0,0.0,0,0.0,0.0,0.0,0,0.0,0,6,2,20.0,0,2.0,4.0,,,73.0,208.0,22.419894736842107,0.0,Virginia,2023.0,2023.0,GB,159.0,,0.15789473
2023,15,00-0038393,D.Wicks,WR,GB,TB,0,0,0.0,0,0.0,0.0,0.0,0,0.0,0,7,6,97.0,0,9.7,15.7,,,73.0,208.0,22.419894736842107,0.0,Virginia,2023.0,2023.0,GB,159.0,-14.0,0.19444445
2023,16,00-0038393,D.Wicks,WR,GB,CAR,0,0,0.0,0,0.0,0.0,0.0,0,0.0,0,2,2,29.0,1,8.9,10.9,,,73.0,208.0,22.419894736842107,0.0,Virginia,2023.0,2023.0,GB,159.0,,0.07692308
2023,18,00-0038393,D.Wicks,WR,GB,CHI,0,0,0.0,0,0.0,0.0,0.0,0,0.0,0,7,6,61.0,2,18.1,24.1,,,73.0,208.0,22.419894736842107,0.0,Virginia,2023.0,2023.0,GB,159.0,8.0,0.21875
2023,19,00-0038393,D.Wicks,WR,GB,DAL,0,0,0.0,0,0.0,0.0,0.0,0,0.0,0,2,2,25.0,1,8.5,10.5,,,73.0,208.0,22.419894736842107,0.0,Virginia,2023.0,2023.0,GB,159.0,,0.0952381
2023,20,00-0038393,D.Wicks,WR,GB,SF,0,0,0.0,0,0.0,0.0,0.0,0,0.0,0,2,0,0.0,0,0.0,0.0,,,73.0,208.0,22.419894736842107,0.0,Virginia,2023.0,2023.0,GB,159.0,,0.060606062
2023,2,00-0038394,W.Mallory,TE,IND,HOU,0,0,0.0,0,0.0,0.0,0.0,0,0.0,0,2,2,49.0,0,4.9,6.9,,,76.0,245.0,24.380000000000003,0.0,Miami,2023.0,2023.0,IND,162.0,,0.06451613
2023,6,00-0038394,W.Mallory,TE,IND,JAX,0,0,0.0,0,0.0,0.0,0.0,0,0.0,0,1,0,0.0,0,0.0,0.0,,,76.0,245.0,24.380000000000003,0.0,Miami,2023.0,2023.0,IND,162.0,,0.01923077
2023,7,00-0038394,W.Mallory,TE,IND,CLE,0,0,0.0,0,0.0,0.0,0.0,0,0.0,0,1,0,0.0,0,0.0,0.0,,,76.0,245.0,24.380000000000003,0.0,Miami,2023.0,2023.0,IND,162.0,-1.0,0.045454547
2023,8,00-0038394,W.Mallory,TE,IND,NO,0,0,0.0,0,0.0,0.0,0.0,0,0.0,0,2,1,6.0,0,0.6,1.6,,,76.0,245.0,24.380000000000003,0.0,Miami,2023.0,2023.0,IND,162.0,-11.0,0.05263158
2023,10,00-0038394,W.Mallory,TE,IND,NE,0,0,0.0,0,0.0,0.0,0.0,0,0.0,0,2,1,7.0,0,0.7,1.7,,,76.0,245.0,24.380000000000003,0.0,Miami,2023.0,2023.0,IND,162.0,,0.07692308
2023,12,00-0038394,W.Mallory,TE,IND,TB,0,0,0.0,0,0.0,0.0,0.0,0,0.0,0,3,2,29.0,0,2.9,4.9,,,76.0,245.0,24.380000000000003,0.0,Miami,2023.0,2023.0,IND,162.0,7.0,0.075
2023,13,00-0038394,W.Mallory,TE,IND,TEN,0,0,0.0,0,0.0,0.0,0.0,0,0.0,0,4,2,4.0,0,0.4,2.4,,,76.0,245.0,24.380000000000003,0.0,Miami,2023.0,2023.0,IND,162.0,,0.09756097
2023,14,00-0038394,W.Mallory,TE,IND,CIN,0,0,0.0,0,0.0,0.0,0.0,0,0.0,0,5,5,46.0,0,4.6,9.6,,,76.0,245.0,24.380000000000003,0.0,Miami,2023.0,2023.0,IND,162.0,,0.13157895
2023,16,00-0038394,W.Mallory,TE,IND,ATL,0,0,0.0,0,0.0,0.0,0.0,0,0.0,0,4,4,47.0,0,4.7,8.7,,,76.0,245.0,24.380000000000003,0.0,Miami,2023.0,2023.0,IND,162.0,,0.114285715
2023,17,00-0038394,W.Mallory,TE,IND,LV,0,0,0.0,0,0.0,0.0,0.0,0,0.0,0,1,1,19.0,0,1.9,2.9,,,76.0,245.0,24.380000000000003,0.0,Miami,2023.0,2023.0,IND,162.0,3.0,0.05
2023,18,00-0038394,W.Mallory,TE,IND,HOU,0,0,0.0,0,0.0,0.0,0.0,0,0.0,0,1,0,0.0,0,0.0,0.0,,,76.0,245.0,24.380000000000003,0.0,Miami,2023.0,2023.0,IND,162.0,-4.0,0.04347826
2023,5,00-0038396,E.Gray,RB,NYG,MIA,0,0,0.0,0,0.0,0.0,0.0,12,25.0,0,1,1,1.0,0,2.6,3.6,,,70.0,210.0,24.00841176470588,0.0,Oklahoma,2023.0,2023.0,NYG,172.0,,0.033333335
2023,6,00-0038396,E.Gray,RB,NYG,BUF,0,0,0.0,0,0.0,0.0,0.0,1,2.0,0,0,0,0.0,0,0.2,0.2,,,70.0,210.0,24.00841176470588,0.0,Oklahoma,2023.0,2023.0,NYG,172.0,,
2023,15,00-0038396,E.Gray,RB,NYG,NO,0,0,0.0,0,0.0,0.0,0.0,0,0.0,0,4,3,6.0,0,0.6,3.6,,,70.0,210.0,24.00841176470588,0.0,Oklahoma,2023.0,2023.0,NYG,172.0,,0.11764706
2023,17,00-0038396,E.Gray,RB,NYG,LA,0,0,0.0,0,0.0,0.0,0.0,1,2.0,0,1,1,6.0,0,0.8,1.8,,,70.0,210.0,24.00841176470588,0.0,Oklahoma,2023.0,2023.0,NYG,172.0,-1.0,0.025641026
2023,18,00-0038396,E.Gray,RB,NYG,PHI,0,0,0.0,0,0.0,0.0,0.0,3,19.0,0,1,1,9.0,0,2.8,3.8,,,70.0,210.0,24.00841176470588,0.0,Oklahoma,2023.0,2023.0,NYG,172.0,17.0,0.03125
2023,1,00-0038397,E.Hull,RB,IND,JAX,0,0,0.0,0,0.0,0.0,0.0,1,1.0,0,1,1,6.0,0,0.7,1.7,,,70.0,210.0,23.032882352941176,0.0,Northwestern,2023.0,2023.0,IND,176.0,-10.0,0.025641026
2023,6,00-0038416,T.Bagent,QB,CHI,MIN,10,14,83.0,0,1.0,1.0,10.0,2,4.0,1,0,0,0.0,0,5.72,5.72,,,75.0,210.0,23.413470588235295,0.0,Shepherd,2023.0,2023.0,,,-6.0,
2023,7,00-0038416,T.Bagent,QB,CHI,LV,21,29,162.0,1,0.0,1.0,7.0,3,24.0,0,0,0,0.0,0,12.88,12.88,,,75.0,210.0,23.413470588235295,0.0,Shepherd,2023.0,2023.0,,,18.0,
2023,8,00-0038416,T.Bagent,QB,CHI,LAC,25,37,232.0,0,2.0,1.0,10.0,4,-1.0,1,0,0,0.0,0,11.18,11.18,,,75.0,210.0,23.413470588235295,0.0,Shepherd,2023.0,2023.0,,,,
2023,9,00-0038416,T.Bagent,QB,CHI,NO,18,30,220.0,2,3.0,2.0,8.0,8,70.0,0,0,0,0.0,0,15.8,15.8,,,75.0,210.0,23.413470588235295,0.0,Shepherd,2023.0,2023.0,,,,
2023,10,00-0038416,T.Bagent,QB,CHI,CAR,20,33,162.0,0,0.0,0.0,-0.0,6,12.0,0,0,0,0.0,0,7.68,7.68,,,75.0,210.0,23.413470588235295,0.0,Shepherd,2023.0,2023.0,,,3.0,
2023,7,00-0038454,K.Mitchell,RB,BAL,DET,0,0,0.0,0,0.0,0.0,0.0,0,0.0,0,1,1,9.0,0,0.9,1.9,,,68.0,184.0,21.826526315789476,0.0,East Carolina,2023.0,2023.0,,,32.0,0.035714287
2023,9,00-0038454,K.Mitchell,RB,BAL,SEA,0,0,0.0,0,0.0,0.0,0.0,9,138.0,1,1,1,-4.0,0,19.4,20.4,,,68.0,184.0,21.826526315789476,0.0,East Carolina,2023.0,2023.0,,,34.0,0.03125
2023,10,00-0038454,K.Mitchell,RB,BAL,CLE,0,0,0.0,0,0.0,0.0,0.0,3,34.0,1,2,1,32.0,0,12.6,13.6,,,68.0,184.0,21.826526315789476,0.0,East Carolina,2023.0,2023.0,,,-2.0,0.08695652
2023,11,00-0038454,K.Mitchell,RB,BAL,CIN,0,0,0.0,0,0.0,0.0,0.0,8,33.0,0,1,1,8.0,0,4.1,5.1,,,68.0,184.0,21.826526315789476,0.0,East Carolina,2023.0,2023.0,,,14.0,0.04347826
2023,12,00-0038454,K.Mitchell,RB,BAL,LAC,0,0,0.0,0,0.0,0.0,0.0,9,64.0,0,2,2,25.0,0,8.9,10.9,,,68.0,184.0,21.826526315789476,0.0,East Carolina,2023.0,2023.0,,,,0.06666667
2023,14,00-0038454,K.Mitchell,RB,BAL,LA,0,0,0.0,0,0.0,0.0,0.0,9,54.0,0,2,1,8.0,0,6.2,7.2,,,68.0,184.0,21.826526315789476,0.0,East Carolina,2023.0,2023.0,,,6.0,0.05
2023,15,00-0038454,K.Mitchell,RB,BAL,JAX,0,0,0.0,0,0.0,0.0,0.0,9,73.0,0,2,2,15.0,0,8.8,10.8,,,68.0,184.0,21.826526315789476,0.0,East Carolina,2023.0,2023.0,,,,0.08695652
2023,1,00-0038465,M.Heath,WR,GB,CHI,0,0,0.0,0,0.0,0.0,0.0,0,0.0,0,1,0,0.0,0,0.0,0.0,,,74.0,215.0,23.630157894736843,0.0,Mississippi,2023.0,2023.0,,,,0.037037037
2023,2,00-0038465,M.Heath,WR,GB,ATL,0,0,0.0,0,0.0,0.0,0.0,0,0.0,0,1,0,0.0,0,0.0,0.0,,,74.0,215.0,23.630157894736843,0.0,Mississippi,2023.0,2023.0,,,,0.04
2023,3,00-0038465,M.Heath,WR,GB,NO,0,0,0.0,0,0.0,0.0,0.0,0,0.0,0,2,0,0.0,0,0.0,0.0,,,74.0,215.0,23.630157894736843,0.0,Mississippi,2023.0,2023.0,,,1.0,0.046511628
2023,9,00-0038465,M.Heath,WR,GB,LA,0,0,0.0,0,0.0,0.0,0.0,0,0.0,0,1,0,0.0,0,0.0,0.0,,,74.0,215.0,23.630157894736843,0.0,Mississippi,2023.0,2023.0,,,17.0,0.04
2023,11,00-0038465,M.Heath,WR,GB,LAC,0,0,0.0,0,0.0,0.0,0.0,0,0.0,0,1,1,7.0,0,0.7,1.7,,,74.0,215.0,23.630157894736843,0.0,Mississippi,2023.0,2023.0,,,3.0,0.02631579
2023,12,00-0038465,M.Heath,WR,GB,DET,0,0,0.0,0,0.0,0.0,0.0,0,0.0,0,4,4,46.0,0,4.6,8.6,,,74.0,215.0,23.630157894736843,0.0,Mississippi,2023.0,2023.0,,,,0.13333334
2023,13,00-0038465,M.Heath,WR,GB,KC,0,0,0.0,0,0.0,0.0,0.0,0,0.0,0,2,1,15.0,0,1.5,2.5,,,74.0,215.0,23.630157894736843,0.0,Mississippi,2023.0,2023.0,,,8.0,0.057142857
2023,14,00-0038465,M.Heath,WR,GB,NYG,0,0,0.0,0,0.0,0.0,0.0,0,0.0,0,2,1,6.0,1,6.6,7.6,,,74.0,215.0,23.630157894736843,0.0,Mississippi,2023.0,2023.0,,,,0.05263158
2023,15,00-0038465,M.Heath,WR,GB,TB,0,0,0.0,0,0.0,0.0,0.0,0,0.0,0,3,3,29.0,0,2.9,5.9,,,74.0,215.0,23.630157894736843,0.0,Mississippi,2023.0,2023.0,,,-14.0,0.083333336
2023,16,00-0038465,M.Heath,WR,GB,CAR,0,0,0.0,0,0.0,0.0,0.0,0,0.0,0,1,1,0.0,0,0.0,1.0,,,74.0,215.0,23.630157894736843,0.0,Mississippi,2023.0,2023.0,,,,0.03846154
2023,17,00-0038465,M.Heath,WR,GB,MIN,0,0,0.0,0,0.0,0.0,0.0,0,0.0,0,2,1,13.0,0,1.3,2.3,,,74.0,215.0,23.630157894736843,0.0,Mississippi,2023.0,2023.0,,,,0.05882353
2023,18,00-0038465,M.Heath,WR,GB,CHI,0,0,0.0,0,0.0,0.0,0.0,0,0.0,0,4,3,9.0,0,0.9,3.9,,,74.0,215.0,23.630157894736843,0.0,Mississippi,2023.0,2023.0,,,8.0,0.125
2023,8,00-0038476,T.DeVito,QB,NYG,NYJ,2,7,-1.0,0,0.0,2.0,9.0,4,12.0,1,0,0,0.0,0,7.16,7.16,,,74.0,210.0,25.251411764705882,0.0,Illinois,2023.0,2023.0,,,-3.0,
2023,9,00-0038476,T.DeVito,QB,NYG,LV,15,20,175.0,1,2.0,6.0,29.0,4,17.0,0,0,0,0.0,0,8.7,8.7,,,74.0,210.0,25.251411764705882,0.0,Illinois,2023.0,2023.0,,,,
2023,10,00-0038476,T.DeVito,QB,NYG,DAL,14,27,86.0,2,1.0,5.0,25.0,7,41.0,0,0,0,0.0,0,13.54,13.54,,,74.0,210.0,25.251411764705882,0.0,Illinois,2023.0,2023.0,,,,
2023,11,00-0038476,T.DeVito,QB,NYG,WAS,18,26,246.0,3,0.0,9.0,45.0,1,7.0,0,0,0,0.0,0,22.54,22.54,,,74.0,210.0,25.251411764705882,0.0,Illinois,2023.0,2023.0,,,,
2023,12,00-0038476,T.DeVito,QB,NYG,NE,17,25,191.0,1,0.0,6.0,29.0,5,6.0,0,0,0,0.0,0,10.24,10.24,,,74.0,210.0,25.251411764705882,0.0,Illinois,2023.0,2023.0,,,3.0,
2023,14,00-0038476,T.DeVito,QB,NYG,GB,17,21,158.0,1,0.0,0.0,-0.0,10,71.0,0,0,0,0.0,0,17.42,17.42,,,74.0,210.0,25.251411764705882,0.0,Illinois,2023.0,2023.0,,,2.0,
2023,15,00-0038476,T.DeVito,QB,NYG,NO,20,34,177.0,0,0.0,7.0,57.0,4,36.0,0,0,0,0.0,0,10.68,10.68,,,74.0,210.0,25.251411764705882,0.0,Illinois,2023.0,2023.0,,,,
2023,16,00-0038476,T.DeVito,QB,NYG,PHI,9,16,55.0,0,0.0,1.0,2.0,1,5.0,0,0,0,0.0,0,2.7,2.7,,,74.0,210.0,25.251411764705882,0.0,Illinois,2023.0,2023.0,,,,
2023,18,00-0038476,T.DeVito,QB,NYG,PHI,2,2,14.0,0,0.0,1.0,-0.0,0,0.0,0,0,0,0.0,0,0.56,0.56,,,74.0,210.0,25.251411764705882,0.0,Illinois,2023.0,2023.0,,,17.0,
2023,18,00-0038490,T.Zentner,P,TEN,JAX,0,0,0.0,0,0.0,0.0,0.0,1,0.0,0,0,0,0.0,0,0.0,0.0,,,74.0,200.0,25.4226,0.0,Kansas State,2023.0,2023.0,,,8.0,
2023,12,00-0038492,J.Brownlee,WR,NYJ,MIA,0,0,0.0,0,0.0,0.0,0.0,0,0.0,0,2,2,20.0,0,2.0,4.0,,,74.0,202.0,24.775823529411767,0.0,Southern Mississippi,2023.0,2023.0,,,-21.0,0.055555556
2023,16,00-0038492,J.Brownlee,WR,NYJ,WAS,0,0,0.0,0,0.0,0.0,0.0,0,0.0,0,3,1,8.0,1,6.8,7.8,,,74.0,202.0,24.775823529411767,0.0,Southern Mississippi,2023.0,2023.0,,,2.0,0.06666667
2023,17,00-0038492,J.Brownlee,WR,NYJ,CLE,0,0,0.0,0,0.0,0.0,0.0,0,0.0,0,2,2,28.0,0,2.8,4.8,,,74.0,202.0,24.775823529411767,0.0,Southern Mississippi,2023.0,2023.0,,,,0.045454547
2023,18,00-0038492,J.Brownlee,WR,NYJ,NE,0,0,0.0,0,0.0,0.0,0.0,0,0.0,0,1,0,0.0,0,0.0,0.0,,,74.0,202.0,24.775823529411767,0.0,Southern Mississippi,2023.0,2023.0,,,,0.055555556
2023,1,00-0038496,X.Gipson,WR,NYJ,NYJ,0,0,0.0,0,0.0,0.0,0.0,0,0.0,0,0,0,0.0,0,6.0,6.0,,,69.0,180.0,22.673117647058824,0.0,Stephen F. Austin,2023.0,2023.0,,,6.0,
2023,4,00-0038496,X.Gipson,WR,NYJ,KC,0,0,0.0,0,0.0,0.0,0.0,2,13.0,0,1,1,4.0,0,1.7,2.7,,,69.0,180.0,22.673117647058824,0.0,Stephen F. Austin,2023.0,2023.0,,,-3.0,0.025641026
2023,6,00-0038496,X.Gipson,WR,NYJ,PHI,0,0,0.0,0,0.0,0.0,0.0,1,18.0,0,0,0,0.0,0,1.8,1.8,,,69.0,180.0,22.673117647058824,0.0,Stephen F. Austin,2023.0,2023.0,,,6.0,
2023,8,00-0038496,X.Gipson,WR,NYJ,NYG,0,0,0.0,0,0.0,0.0,0.0,1,3.0,0,1,0,0.0,0,0.3,0.3,,,69.0,180.0,22.673117647058824,0.0,Stephen F. Austin,2023.0,2023.0,,,,0.029411765
2023,9,00-0038496,X.Gipson,WR,NYJ,LAC,0,0,0.0,0,0.0,0.0,0.0,0,0.0,0,2,2,32.0,0,3.2,5.2,,,69.0,180.0,22.673117647058824,0.0,Stephen F. Austin,2023.0,2023.0,,,-21.0,0.041666668
2023,10,00-0038496,X.Gipson,WR,NYJ,LV,0,0,0.0,0,0.0,0.0,0.0,0,0.0,0,3,1,24.0,0,2.4,3.4,,,69.0,180.0,22.673117647058824,0.0,Stephen F. Austin,2023.0,2023.0,,,,0.08108108
2023,11,00-0038496,X.Gipson,WR,NYJ,BUF,0,0,0.0,0,0.0,0.0,0.0,0,0.0,0,2,1,7.0,0,0.7,1.7,,,69.0,180.0,22.673117647058824,0.0,Stephen F. Austin,2023.0,2023.0,,,,0.071428575
2023,12,00-0038496,X.Gipson,WR,NYJ,MIA,0,0,0.0,0,0.0,0.0,0.0,0,0.0,0,2,2,15.0,0,1.5,3.5,,,69.0,180.0,22.673117647058824,0.0,Stephen F. Austin,2023.0,2023.0,,,-21.0,0.055555556
2023,13,00-0038496,X.Gipson,WR,NYJ,ATL,0,0,0.0,0,0.0,0.0,0.0,1,1.0,0,6,5,77.0,0,7.8,12.8,,,69.0,180.0,22.673117647058824,0.0,Stephen F. Austin,2023.0,2023.0,,,-5.0,0.16666667
2023,14,00-0038496,X.Gipson,WR,NYJ,HOU,0,0,0.0,0,0.0,0.0,0.0,1,9.0,1,1,1,3.0,0,7.2,8.2,,,69.0,180.0,22.673117647058824,0.0,Stephen F. Austin,2023.0,2023.0,,,24.0,0.028571429
2023,15,00-0038496,X.Gipson,WR,NYJ,MIA,0,0,0.0,0,0.0,0.0,0.0,0,0.0,0,6,2,29.0,0,2.9,4.9,,,69.0,180.0,22.673117647058824,0.0,Stephen F. Austin,2023.0,2023.0,,,,0.18181819
2023,16,00-0038496,X.Gipson,WR,NYJ,WAS,0,0,0.0,0,0.0,0.0,0.0,1,16.0,0,2,1,1.0,0,1.7,2.7,,,69.0,180.0,22.673117647058824,0.0,Stephen F. Austin,2023.0,2023.0,,,2.0,0.044444446
2023,17,00-0038496,X.Gipson,WR,NYJ,CLE,0,0,0.0,0,0.0,0.0,0.0,1,8.0,0,7,4,33.0,0,4.1,8.1,,,69.0,180.0,22.673117647058824,0.0,Stephen F. Austin,2023.0,2023.0,,,,0.1590909
2023,18,00-0038496,X.Gipson,WR,NYJ,NE,0,0,0.0,0,0.0,0.0,0.0,0,0.0,0,5,1,4.0,0,0.4,1.4,,,69.0,180.0,22.673117647058824,0.0,Stephen F. Austin,2023.0,2023.0,,,,0.2777778
2023,1,00-0038542,B.Robinson,RB,ATL,CAR,0,0,0.0,0,0.0,0.0,0.0,10,56.0,0,6,6,27.0,1,14.3,20.3,,,71.0,214.0,21.771058823529412,0.0,Texas,2023.0,2023.0,ATL,8.0,14.0,0.33333334
2023,2,00-0038542,B.Robinson,RB,ATL,GB,0,0,0.0,0,0.0,0.0,0.0,19,124.0,0,5,4,48.0,0,17.2,21.2,,,71.0,214.0,21.771058823529412,0.0,Texas,2023.0,2023.0,ATL,8.0,1.0,0.16666667
2023,3,00-0038542,B.Robinson,RB,ATL,DET,0,0,0.0,0,0.0,0.0,0.0,10,33.0,0,6,4,27.0,0,6.0,10.0,,,71.0,214.0,21.771058823529412,0.0,Texas,2023.0,2023.0,ATL,8.0,,0.15789473
2023,4,00-0038542,B.Robinson,RB,ATL,JAX,0,0,0.0,0,0.0,0.0,0.0,14,105.0,0,5,5,32.0,0,13.7,18.7,,,71.0,214.0,21.771058823529412,0.0,Texas,2023.0,2023.0,ATL,8.0,,0.16666667
2023,5,00-0038542,B.Robinson,RB,ATL,HOU,0,0,0.0,0,0.0,0.0,0.0,14,46.0,0,2,2,12.0,1,9.8,11.8,,,71.0,214.0,21.771058823529412,0.0,Texas,2023.0,2023.0,ATL,8.0,2.0,0.05263158
2023,6,00-0038542,B.Robinson,RB,ATL,WAS,0,0,0.0,0,0.0,0.0,0.0,13,37.0,0,8,5,43.0,0,8.0,13.0,,,71.0,214.0,21.771058823529412,0.0,Texas,2023.0,2023.0,ATL,8.0,-8.0,0.18181819
2023,7,00-0038542,B.Robinson,RB,ATL,TB,0,0,0.0,0,0.0,0.0,0.0,1,3.0,0,0,0,0.0,0,0.3,0.3,,,71.0,214.0,21.771058823529412,0.0,Texas,2023.0,2023.0,ATL,8.0,,
2023,8,00-0038542,B.Robinson,RB,ATL,TEN,0,0,0.0,0,0.0,0.0,0.0,11,62.0,1,5,0,0.0,0,12.2,12.2,,,71.0,214.0,21.771058823529412,0.0,Texas,2023.0,2023.0,ATL,8.0,,0.15151516
2023,9,00-0038542,B.Robinson,RB,ATL,MIN,0,0,0.0,0,0.0,0.0,0.0,11,51.0,0,4,2,8.0,0,3.9,5.9,,,71.0,214.0,21.771058823529412,0.0,Texas,2023.0,2023.0,ATL,8.0,-3.0,0.11764706
2023,10,00-0038542,B.Robinson,RB,ATL,ARI,0,0,0.0,0,0.0,0.0,0.0,22,95.0,1,2,1,11.0,0,16.6,17.6,,,71.0,214.0,21.771058823529412,0.0,Texas,2023.0,2023.0,ATL,8.0,,0.10526316
2023,12,00-0038542,B.Robinson,RB,ATL,NO,0,0,0.0,0,0.0,0.0,0.0,16,91.0,1,6,3,32.0,1,24.3,27.3,,,71.0,214.0,21.771058823529412,0.0,Texas,2023.0,2023.0,ATL,8.0,9.0,0.3
2023,13,00-0038542,B.Robinson,RB,ATL,NYJ,0,0,0.0,0,0.0,0.0,0.0,18,53.0,0,5,3,26.0,0,7.9,10.9,,,71.0,214.0,21.771058823529412,0.0,Texas,2023.0,2023.0,ATL,8.0,,0.2
2023,14,00-0038542,B.Robinson,RB,ATL,TB,0,0,0.0,0,0.0,0.0,0.0,10,34.0,1,7,5,54.0,0,14.8,19.8,,,71.0,214.0,21.771058823529412,0.0,Texas,2023.0,2023.0,ATL,8.0,-4.0,0.17948718
2023,15,00-0038542,B.Robinson,RB,ATL,CAR,0,0,0.0,0,0.0,0.0,0.0,7,11.0,0,3,1,3.0,0,-0.6,0.4,,,71.0,214.0,21.771058823529412,0.0,Texas,2023.0,2023.0,ATL,8.0,,0.15789473
2023,16,00-0038542,B.Robinson,RB,ATL,IND,0,0,0.0,0,0.0,0.0,0.0,12,72.0,0,10,7,50.0,0,12.2,19.2,,,71.0,214.0,21.771058823529412,0.0,Texas,2023.0,2023.0,ATL,8.0,19.0,0.3125
2023,17,00-0038542,B.Robinson,RB,ATL,CHI,0,0,0.0,0,0.0,0.0,0.0,15,75.0,0,4,3,11.0,0,8.6,11.6,,,71.0,214.0,21.771058823529412,0.0,Texas,2023.0,2023.0,ATL,8.0,,0.125
2023,18,00-0038542,B.Robinson,RB,ATL,NO,0,0,0.0,0,0.0,0.0,0.0,11,28.0,0,8,7,103.0,1,19.1,26.1,,,71.0,214.0,21.771058823529412,0.0,Texas,2023.0,2023.0,ATL,8.0,,0.23529412
2023,1,00-0038543,J.Smith-Njigba,WR,SEA,LA,0,0,0.0,0,0.0,0.0,0.0,0,0.0,0,5,3,13.0,0,1.3,4.3,,,72.0,198.0,21.736117647058823,0.0,Ohio State,2023.0,2023.0,SEA,20.0,-17.0,0.20833333
2023,2,00-0038543,J.Smith-Njigba,WR,SEA,DET,0,0,0.0,0,0.0,0.0,0.0,0,0.0,0,6,5,34.0,0,3.4,8.4,,,72.0,198.0,21.736117647058823,0.0,Ohio State,2023.0,2023.0,SEA,20.0,,0.16216215
2023,3,00-0038543,J.Smith-Njigba,WR,SEA,CAR,0,0,0.0,0,0.0,0.0,0.0,0,0.0,0,3,1,10.0,0,1.0,2.0,,,72.0,198.0,21.736117647058823,0.0,Ohio State,2023.0,2023.0,SEA,20.0,10.0,0.08571429
2023,4,00-0038543,J.Smith-Njigba,WR,SEA,NYG,0,0,0.0,0,0.0,0.0,0.0,0,0.0,0,6,3,5.0,0,0.5,3.5,,,72.0,198.0,21.736117647058823,0.0,Ohio State,2023.0,2023.0,SEA,20.0,,0.23076923
2023,6,00-0038543,J.Smith-Njigba,WR,SEA,CIN,0,0,0.0,0,0.0,0.0,0.0,0,0.0,0,5,4,48.0,0,4.8,8.8,,,72.0,198.0,21.736117647058823,0.0,Ohio State,2023.0,2023.0,SEA,20.0,,0.13513513
2023,7,00-0038543,J.Smith-Njigba,WR,SEA,ARI,0,0,0.0,0,0.0,0.0,0.0,0,0.0,0,7,4,63.0,1,12.3,16.3,,,72.0,198.0,21.736117647058823,0.0,Ohio State,2023.0,2023.0,SEA,20.0,10.0,0.29166666
2023,8,00-0038543,J.Smith-Njigba,WR,SEA,CLE,0,0,0.0,0,0.0,0.0,0.0,0,0.0,0,4,3,36.0,1,9.6,12.6,,,72.0,198.0,21.736117647058823,0.0,Ohio State,2023.0,2023.0,SEA,20.0,4.0,0.11111111
2023,9,00-0038543,J.Smith-Njigba,WR,SEA,BAL,0,0,0.0,0,0.0,0.0,0.0,0,0.0,0,7,6,63.0,0,6.3,12.3,,,72.0,198.0,21.736117647058823,0.0,Ohio State,2023.0,2023.0,SEA,20.0,,0.28
2023,10,00-0038543,J.Smith-Njigba,WR,SEA,WAS,0,0,0.0,0,0.0,0.0,0.0,0,0.0,0,5,4,53.0,0,5.3,9.3,,,72.0,198.0,21.736117647058823,0.0,Ohio State,2023.0,2023.0,SEA,20.0,3.0,0.11904762
2023,11,00-0038543,J.Smith-Njigba,WR,SEA,LA,0,0,0.0,0,0.0,0.0,0.0,0,0.0,0,6,3,40.0,0,4.0,7.0,,,72.0,198.0,21.736117647058823,0.0,Ohio State,2023.0,2023.0,SEA,20.0,,0.15789473
2023,12,00-0038543,J.Smith-Njigba,WR,SEA,SF,0,0,0.0,0,0.0,0.0,0.0,0,0.0,0,3,2,41.0,0,4.1,6.1,,,72.0,198.0,21.736117647058823,0.0,Ohio State,2023.0,2023.0,SEA,20.0,-18.0,0.11111111
2023,13,00-0038543,J.Smith-Njigba,WR,SEA,DAL,0,0,0.0,0,0.0,0.0,0.0,0,0.0,0,11,7,62.0,0,6.2,13.2,,,72.0,198.0,21.736117647058823,0.0,Ohio State,2023.0,2023.0,SEA,20.0,,0.28947368
2023,14,00-0038543,J.Smith-Njigba,WR,SEA,SF,0,0,0.0,0,0.0,0.0,0.0,0,0.0,0,7,4,25.0,0,2.5,6.5,,,72.0,198.0,21.736117647058823,0.0,Ohio State,2023.0,2023.0,SEA,20.0,,0.22580644
2023,15,00-0038543,J.Smith-Njigba,WR,SEA,PHI,0,0,0.0,0,0.0,0.0,0.0,0,0.0,0,4,4,48.0,1,10.8,14.8,,,72.0,198.0,21.736117647058823,0.0,Ohio State,2023.0,2023.0,SEA,20.0,3.0,0.125
2023,16,00-0038543,J.Smith-Njigba,WR,SEA,TEN,0,0,0.0,0,0.0,0.0,0.0,0,0.0,0,7,6,61.0,0,6.1,12.1,,,72.0,198.0,21.736117647058823,0.0,Ohio State,2023.0,2023.0,SEA,20.0,,0.19444445
2023,17,00-0038543,J.Smith-Njigba,WR,SEA,PIT,0,0,0.0,0,0.0,0.0,0.0,0,0.0,0,2,1,12.0,1,7.2,8.2,,,72.0,198.0,21.736117647058823,0.0,Ohio State,2023.0,2023.0,SEA,20.0,-7.0,0.060606062
2023,18,00-0038543,J.Smith-Njigba,WR,SEA,ARI,0,0,0.0,0,0.0,0.0,0.0,0,0.0,0,5,3,14.0,0,1.4,4.4,,,72.0,198.0,21.736117647058823,0.0,Ohio State,2023.0,2023.0,SEA,20.0,,0.1923077
2023,1,00-0038544,Q.Johnston,WR,LAC,MIA,0,0,0.0,0,0.0,0.0,0.0,0,0.0,0,3,2,9.0,0,0.9,2.9,,,76.0,201.0,22.177294117647058,0.0,Texas Christian,2023.0,2023.0,LAC,21.0,-2.0,0.09677419
2023,2,00-0038544,Q.Johnston,WR,LAC,TEN,0,0,0.0,0,0.0,0.0,0.0,0,0.0,0,2,1,7.0,0,0.7,1.7,,,76.0,201.0,22.177294117647058,0.0,Texas Christian,2023.0,2023.0,LAC,21.0,,0.051282052
2023,3,00-0038544,Q.Johnston,WR,LAC,MIN,0,0,0.0,0,0.0,0.0,0.0,0,0.0,0,3,2,10.0,0,1.0,3.0,,,76.0,201.0,22.177294117647058,0.0,Texas Christian,2023.0,2023.0,LAC,21.0,,0.0625
2023,4,00-0038544,Q.Johnston,WR,LAC,LV,0,0,0.0,0,0.0,0.0,0.0,0,0.0,0,3,1,18.0,0,1.8,2.8,,,76.0,201.0,22.177294117647058,0.0,Texas Christian,2023.0,2023.0,LAC,21.0,7.0,0.125
2023,6,00-0038544,Q.Johnston,WR,LAC,DAL,0,0,0.0,0,0.0,0.0,0.0,0,0.0,0,2,0,0.0,0,0.0,0.0,,,76.0,201.0,22.177294117647058,0.0,Texas Christian,2023.0,2023.0,LAC,21.0,-3.0,0.054054055
2023,7,00-0038544,Q.Johnston,WR,LAC,KC,0,0,0.0,0,0.0,0.0,0.0,0,0.0,0,2,1,20.0,0,2.0,3.0,,,76.0,201.0,22.177294117647058,0.0,Texas Christian,2023.0,2023.0,LAC,21.0,,0.06666667
2023,8,00-0038544,Q.Johnston,WR,LAC,CHI,0,0,0.0,0,0.0,0.0,0.0,0,0.0,0,6,5,50.0,0,5.0,10.0,,,76.0,201.0,22.177294117647058,0.0,Texas Christian,2023.0,2023.0,LAC,21.0,17.0,0.15789473
2023,9,00-0038544,Q.Johnston,WR,LAC,NYJ,0,0,0.0,0,0.0,0.0,0.0,1,2.0,0,3,2,14.0,0,1.6,3.6,,,76.0,201.0,22.177294117647058,0.0,Texas Christian,2023.0,2023.0,LAC,21.0,,0.10714286
2023,10,00-0038544,Q.Johnston,WR,LAC,DET,0,0,0.0,0,0.0,0.0,0.0,0,0.0,0,4,4,34.0,1,9.4,13.4,,,76.0,201.0,22.177294117647058,0.0,Texas Christian,2023.0,2023.0,LAC,21.0,-3.0,0.1
2023,11,00-0038544,Q.Johnston,WR,LAC,GB,0,0,0.0,0,0.0,0.0,0.0,0,0.0,0,6,2,21.0,0,2.1,4.1,,,76.0,201.0,22.177294117647058,0.0,Texas Christian,2023.0,2023.0,LAC,21.0,,0.16666667
2023,12,00-0038544,Q.Johnston,WR,LAC,BAL,0,0,0.0,0,0.0,0.0,0.0,0,0.0,0,3,1,7.0,0,0.7,1.7,,,76.0,201.0,22.177294117647058,0.0,Texas Christian,2023.0,2023.0,LAC,21.0,-10.0,0.07317073
2023,13,00-0038544,Q.Johnston,WR,LAC,NE,0,0,0.0,0,0.0,0.0,0.0,0,0.0,0,7,5,52.0,0,5.2,10.2,,,76.0,201.0,22.177294117647058,0.0,Texas Christian,2023.0,2023.0,LAC,21.0,,0.19444445
2023,14,00-0038544,Q.Johnston,WR,LAC,DEN,0,0,0.0,0,0.0,0.0,0.0,0,0.0,0,4,3,91.0,0,9.1,12.1,,,76.0,201.0,22.177294117647058,0.0,Texas Christian,2023.0,2023.0,LAC,21.0,-17.0,0.09756097
2023,15,00-0038544,Q.Johnston,WR,LAC,LV,0,0,0.0,0,0.0,0.0,0.0,0,0.0,0,3,2,23.0,1,8.3,10.3,,,76.0,201.0,22.177294117647058,0.0,Texas Christian,2023.0,2023.0,LAC,21.0,,0.09677419
2023,16,00-0038544,Q.Johnston,WR,LAC,BUF,0,0,0.0,0,0.0,0.0,0.0,1,1.0,0,5,2,29.0,0,3.0,5.0,,,76.0,201.0,22.177294117647058,0.0,Texas Christian,2023.0,2023.0,LAC,21.0,-2.0,0.15625
2023,17,00-0038544,Q.Johnston,WR,LAC,DEN,0,0,0.0,0,0.0,0.0,0.0,0,0.0,0,6,3,29.0,0,2.9,5.9,,,76.0,201.0,22.177294117647058,0.0,Texas Christian,2023.0,2023.0,LAC,21.0,,0.16216215
2023,18,00-0038544,Q.Johnston,WR,LAC,KC,0,0,0.0,0,0.0,0.0,0.0,1,6.0,0,5,2,17.0,0,2.3,4.3,,,76.0,201.0,22.177294117647058,0.0,Texas Christian,2023.0,2023.0,LAC,21.0,-1.0,0.11111111
2023,2,00-0038547,L.Schoonmaker,TE,DAL,NYJ,0,0,0.0,0,0.0,0.0,0.0,0,0.0,0,1,1,1.0,1,6.1,7.1,,,77.0,250.0,25.12488888888889,0.0,Michigan,2023.0,2023.0,DAL,58.0,20.0,0.027027028
2023,3,00-0038547,L.Schoonmaker,TE,DAL,ARI,0,0,0.0,0,0.0,0.0,0.0,0,0.0,0,1,0,0.0,0,0.0,0.0,,,77.0,250.0,25.12488888888889,0.0,Michigan,2023.0,2023.0,DAL,58.0,,0.027027028
2023,4,00-0038547,L.Schoonmaker,TE,DAL,NE,0,0,0.0,0,0.0,0.0,0.0,0,0.0,0,3,0,0.0,0,0.0,0.0,,,77.0,250.0,25.12488888888889,0.0,Michigan,2023.0,2023.0,DAL,58.0,35.0,0.083333336
2023,5,00-0038547,L.Schoonmaker,TE,DAL,SF,0,0,0.0,0,0.0,0.0,0.0,0,0.0,0,1,0,0.0,0,0.0,0.0,,,77.0,250.0,25.12488888888889,0.0,Michigan,2023.0,2023.0,DAL,58.0,,0.03846154
2023,8,00-0038547,L.Schoonmaker,TE,DAL,LA,0,0,0.0,0,0.0,0.0,0.0,0,0.0,0,1,1,13.0,0,1.3,2.3,,,77.0,250.0,25.12488888888889,0.0,Michigan,2023.0,2023.0,DAL,58.0,23.0,0.029411765
2023,9,00-0038547,L.Schoonmaker,TE,DAL,PHI,0,0,0.0,0,0.0,0.0,0.0,0,0.0,0,1,1,0.0,0,0.0,1.0,,,77.0,250.0,25.12488888888889,0.0,Michigan,2023.0,2023.0,DAL,58.0,,0.022727273
2023,10,00-0038547,L.Schoonmaker,TE,DAL,NYG,0,0,0.0,0,0.0,0.0,0.0,0,0.0,0,1,0,0.0,0,0.0,0.0,,,77.0,250.0,25.12488888888889,0.0,Michigan,2023.0,2023.0,DAL,58.0,32.0,0.022727273
2023,11,00-0038547,L.Schoonmaker,TE,DAL,CAR,0,0,0.0,0,0.0,0.0,0.0,0,0.0,0,2,2,23.0,1,8.3,10.3,,,77.0,250.0,25.12488888888889,0.0,Michigan,2023.0,2023.0,DAL,58.0,,0.05
2023,12,00-0038547,L.Schoonmaker,TE,DAL,WAS,0,0,0.0,0,0.0,0.0,0.0,0,0.0,0,2,1,12.0,0,1.2,2.2,,,77.0,250.0,25.12488888888889,0.0,Michigan,2023.0,2023.0,DAL,58.0,35.0,0.0625
2023,13,00-0038547,L.Schoonmaker,TE,DAL,SEA,0,0,0.0,0,0.0,0.0,0.0,0,0.0,0,1,1,12.0,0,1.2,2.2,,,77.0,250.0,25.12488888888889,0.0,Michigan,2023.0,2023.0,DAL,58.0,6.0,0.025
2023,16,00-0038547,L.Schoonmaker,TE,DAL,MIA,0,0,0.0,0,0.0,0.0,0.0,0,0.0,0,1,1,4.0,0,0.4,1.4,,,77.0,250.0,25.12488888888889,0.0,Michigan,2023.0,2023.0,DAL,58.0,,0.03125
2023,19,00-0038547,L.Schoonmaker,TE,DAL,GB,0,0,0.0,0,0.0,0.0,0.0,0,0.0,0,1,1,7.0,0,0.7,1.7,,,77.0,250.0,25.12488888888889,0.0,Michigan,2023.0,2023.0,DAL,58.0,-16.0,0.01724138
2023,3,00-0038551,K.Miller,RB,NO,GB,0,0,0.0,0,0.0,0.0,0.0,9,34.0,0,1,1,0.0,0,3.4,4.4,,,72.0,220.0,21.408823529411762,0.0,Texas Christian,2023.0,2023.0,NO,71.0,,0.029411765
2023,4,00-0038551,K.Miller,RB,NO,TB,0,0,0.0,0,0.0,0.0,0.0,1,3.0,0,1,1,5.0,0,0.8,1.8,,,72.0,220.0,21.408823529411762,0.0,Texas Christian,2023.0,2023.0,NO,71.0,-17.0,0.02631579
2023,5,00-0038551,K.Miller,RB,NO,NE,0,0,0.0,0,0.0,0.0,0.0,12,37.0,0,4,4,53.0,0,9.0,13.0,,,72.0,220.0,21.408823529411762,0.0,Texas Christian,2023.0,2023.0,NO,71.0,,0.16
2023,6,00-0038551,K.Miller,RB,NO,HOU,0,0,0.0,0,0.0,0.0,0.0,2,-1.0,0,2,1,13.0,0,1.2,2.2,,,72.0,220.0,21.408823529411762,0.0,Texas Christian,2023.0,2023.0,NO,71.0,,0.04347826
2023,8,00-0038551,K.Miller,RB,NO,IND,0,0,0.0,0,0.0,0.0,0.0,3,10.0,0,1,1,9.0,0,1.9,2.9,,,72.0,220.0,21.408823529411762,0.0,Texas Christian,2023.0,2023.0,NO,71.0,,0.03448276
2023,9,00-0038551,K.Miller,RB,NO,CHI,0,0,0.0,0,0.0,0.0,0.0,1,0.0,0,1,1,31.0,0,3.1,4.1,,,72.0,220.0,21.408823529411762,0.0,Texas Christian,2023.0,2023.0,NO,71.0,7.0,0.03125
2023,18,00-0038551,K.Miller,RB,NO,ATL,0,0,0.0,0,0.0,0.0,0.0,13,73.0,1,1,1,6.0,0,13.9,14.9,,,72.0,220.0,21.408823529411762,0.0,Texas Christian,2023.0,2023.0,NO,71.0,31.0,0.04
2023,1,00-0038555,T.Bigsby,RB,JAX,IND,0,0,0.0,0,0.0,0.0,0.0,7,13.0,1,1,0,0.0,0,7.3,7.3,,,72.0,213.0,22.191882352941178,0.0,Auburn,2023.0,2023.0,JAX,88.0,,0.03125
2023,3,00-0038555,T.Bigsby,RB,JAX,HOU,0,0,0.0,0,0.0,0.0,0.0,2,10.0,1,1,0,0.0,0,7.0,7.0,,,72.0,213.0,22.191882352941178,0.0,Auburn,2023.0,2023.0,JAX,88.0,-20.0,0.025
2023,4,00-0038555,T.Bigsby,RB,JAX,ATL,0,0,0.0,0,0.0,0.0,0.0,3,10.0,0,0,0,0.0,0,1.0,1.0,,,72.0,213.0,22.191882352941178,0.0,Auburn,2023.0,2023.0,JAX,88.0,16.0,
2023,5,00-0038555,T.Bigsby,RB,JAX,BUF,0,0,0.0,0,0.0,0.0,0.0,3,8.0,0,0,0,0.0,0,0.8,0.8,,,72.0,213.0,22.191882352941178,0.0,Auburn,2023.0,2023.0,JAX,88.0,,
2023,6,00-0038555,T.Bigsby,RB,JAX,IND,0,0,0.0,0,0.0,0.0,0.0,3,2.0,0,1,1,6.0,0,0.8,1.8,,,72.0,213.0,22.191882352941178,0.0,Auburn,2023.0,2023.0,JAX,88.0,17.0,0.035714287
2023,7,00-0038555,T.Bigsby,RB,JAX,NO,0,0,0.0,0,0.0,0.0,0.0,2,2.0,0,0,0,0.0,0,0.2,0.2,,,72.0,213.0,22.191882352941178,0.0,Auburn,2023.0,2023.0,JAX,88.0,,
2023,8,00-0038555,T.Bigsby,RB,JAX,PIT,0,0,0.0,0,0.0,0.0,0.0,3,9.0,0,0,0,0.0,0,-1.1,-1.1,,,72.0,213.0,22.191882352941178,0.0,Auburn,2023.0,2023.0,JAX,88.0,,
2023,10,00-0038555,T.Bigsby,RB,JAX,SF,0,0,0.0,0,0.0,0.0,0.0,3,5.0,0,1,0,0.0,0,0.5,0.5,,,72.0,213.0,22.191882352941178,0.0,Auburn,2023.0,2023.0,JAX,88.0,-31.0,0.032258064
2023,11,00-0038555,T.Bigsby,RB,JAX,TEN,0,0,0.0,0,0.0,0.0,0.0,9,21.0,0,0,0,0.0,0,2.1,2.1,,,72.0,213.0,22.191882352941178,0.0,Auburn,2023.0,2023.0,JAX,88.0,20.0,
2023,12,00-0038555,T.Bigsby,RB,JAX,HOU,0,0,0.0,0,0.0,0.0,0.0,1,6.0,0,0,0,0.0,0,0.6,0.6,,,72.0,213.0,22.191882352941178,0.0,Auburn,2023.0,2023.0,JAX,88.0,,
2023,15,00-0038555,T.Bigsby,RB,JAX,BAL,0,0,0.0,0,0.0,0.0,0.0,1,-2.0,0,0,0,0.0,0,-0.2,-0.2,,,72.0,213.0,22.191882352941178,0.0,Auburn,2023.0,2023.0,JAX,88.0,-16.0,
2023,17,00-0038555,T.Bigsby,RB,JAX,CAR,0,0,0.0,0,0.0,0.0,0.0,10,32.0,0,0,0,0.0,0,3.2,3.2,,,72.0,213.0,22.191882352941178,0.0,Auburn,2023.0,2023.0,JAX,88.0,26.0,
2023,18,00-0038555,T.Bigsby,RB,JAX,TEN,0,0,0.0,0,0.0,0.0,0.0,3,16.0,0,0,0,0.0,0,1.6,1.6,,,72.0,213.0,22.191882352941178,0.0,Auburn,2023.0,2023.0,JAX,88.0,,
2023,4,00-0038558,D.Washington,TE,PIT,HOU,0,0,0.0,0,0.0,0.0,0.0,0,0.0,0,1,1,10.0,0,1.0,2.0,,,79.0,265.0,22.23988888888889,0.0,Georgia,2023.0,2023.0,PIT,93.0,,0.037037037
2023,5,00-0038558,D.Washington,TE,PIT,BAL,0,0,0.0,0,0.0,0.0,0.0,0,0.0,0,2,0,0.0,0,0.0,0.0,,,79.0,265.0,22.23988888888889,0.0,Georgia,2023.0,2023.0,PIT,93.0,7.0,0.06451613
2023,9,00-0038558,D.Washington,TE,PIT,TEN,0,0,0.0,0,0.0,0.0,0.0,0,0.0,0,1,1,7.0,0,0.7,1.7,,,79.0,265.0,22.23988888888889,0.0,Georgia,2023.0,2023.0,PIT,93.0,4.0,0.03448276
2023,10,00-0038558,D.Washington,TE,PIT,GB,0,0,0.0,0,0.0,0.0,0.0,0,0.0,0,1,1,6.0,0,0.6,1.6,,,79.0,265.0,22.23988888888889,0.0,Georgia,2023.0,2023.0,PIT,93.0,4.0,0.045454547
2023,11,00-0038558,D.Washington,TE,PIT,CLE,0,0,0.0,0,0.0,0.0,0.0,0,0.0,0,1,1,8.0,0,0.8,1.8,,,79.0,265.0,22.23988888888889,0.0,Georgia,2023.0,2023.0,PIT,93.0,,0.04
2023,12,00-0038558,D.Washington,TE,PIT,CIN,0,0,0.0,0,0.0,0.0,0.0,0,0.0,0,1,1,10.0,0,1.0,2.0,,,79.0,265.0,22.23988888888889,0.0,Georgia,2023.0,2023.0,PIT,93.0,,0.03125
2023,14,00-0038558,D.Washington,TE,PIT,NE,0,0,0.0,0,0.0,0.0,0.0,0,0.0,0,2,1,12.0,0,1.2,2.2,,,79.0,265.0,22.23988888888889,0.0,Georgia,2023.0,2023.0,PIT,93.0,-3.0,0.057142857
2023,16,00-0038558,D.Washington,TE,PIT,CIN,0,0,0.0,0,0.0,0.0,0.0,0,0.0,0,1,1,8.0,0,0.8,1.8,,,79.0,265.0,22.23988888888889,0.0,Georgia,2023.0,2023.0,PIT,93.0,23.0,0.04
2023,19,00-0038558,D.Washington,TE,PIT,BUF,0,0,0.0,0,0.0,0.0,0.0,0,0.0,0,1,0,0.0,0,0.0,0.0,,,79.0,265.0,22.23988888888889,0.0,Georgia,2023.0,2023.0,PIT,93.0,,0.02631579
2023,1,00-0038559,M.Wilson,WR,ARI,WAS,0,0,0.0,0,0.0,0.0,0.0,0,0.0,0,4,2,19.0,0,1.9,3.9,,,74.0,209.0,23.70335294117647,0.0,Stanford,2023.0,2023.0,ARI,94.0,,0.13333334
2023,2,00-0038559,M.Wilson,WR,ARI,NYG,0,0,0.0,0,0.0,0.0,0.0,0,0.0,0,3,3,56.0,0,5.6,8.6,,,74.0,209.0,23.70335294117647,0.0,Stanford,2023.0,2023.0,ARI,94.0,-3.0,0.10344828
2023,3,00-0038559,M.Wilson,WR,ARI,DAL,0,0,0.0,0,0.0,0.0,0.0,0,0.0,0,2,2,86.0,0,8.6,10.6,,,74.0,209.0,23.70335294117647,0.0,Stanford,2023.0,2023.0,ARI,94.0,12.0,0.0952381
2023,4,00-0038559,M.Wilson,WR,ARI,SF,0,0,0.0,0,0.0,0.0,0.0,0,0.0,0,7,7,76.0,2,19.6,26.6,,,74.0,209.0,23.70335294117647,0.0,Stanford,2023.0,2023.0,ARI,94.0,,0.17073171
2023,5,00-0038559,M.Wilson,WR,ARI,CIN,0,0,0.0,0,0.0,0.0,0.0,0,0.0,0,2,1,18.0,0,1.8,2.8,,,74.0,209.0,23.70335294117647,0.0,Stanford,2023.0,2023.0,ARI,94.0,-14.0,0.06666667
2023,6,00-0038559,M.Wilson,WR,ARI,LA,0,0,0.0,0,0.0,0.0,0.0,0,0.0,0,4,3,62.0,0,6.2,9.2,,,74.0,209.0,23.70335294117647,0.0,Stanford,2023.0,2023.0,ARI,94.0,,0.10526316
2023,7,00-0038559,M.Wilson,WR,ARI,SEA,0,0,0.0,0,0.0,0.0,0.0,0,0.0,0,5,3,26.0,0,2.6,5.6,,,74.0,209.0,23.70335294117647,0.0,Stanford,2023.0,2023.0,ARI,94.0,,0.15151516
2023,8,00-0038559,M.Wilson,WR,ARI,BAL,0,0,0.0,0,0.0,0.0,0.0,0,0.0,0,6,4,58.0,0,5.8,9.8,,,74.0,209.0,23.70335294117647,0.0,Stanford,2023.0,2023.0,ARI,94.0,-7.0,0.16666667
2023,10,00-0038559,M.Wilson,WR,ARI,ATL,0,0,0.0,0,0.0,0.0,0.0,0,0.0,0,6,3,34.0,0,3.4,6.4,,,74.0,209.0,23.70335294117647,0.0,Stanford,2023.0,2023.0,ARI,94.0,2.0,0.19354838
2023,15,00-0038559,M.Wilson,WR,ARI,SF,0,0,0.0,0,0.0,0.0,0.0,0,0.0,0,3,0,0.0,0,0.0,0.0,,,74.0,209.0,23.70335294117647,0.0,Stanford,2023.0,2023.0,ARI,94.0,-16.0,0.078947365
2023,16,00-0038559,M.Wilson,WR,ARI,CHI,0,0,0.0,0,0.0,0.0,0.0,0,0.0,0,4,0,0.0,0,0.0,0.0,,,74.0,209.0,23.70335294117647,0.0,Stanford,2023.0,2023.0,ARI,94.0,,0.10810811
2023,17,00-0038559,M.Wilson,WR,ARI,PHI,0,0,0.0,0,0.0,0.0,0.0,0,0.0,0,6,4,35.0,1,11.5,15.5,,,74.0,209.0,23.70335294117647,0.0,Stanford,2023.0,2023.0,ARI,94.0,,0.19354838
2023,18,00-0038559,M.Wilson,WR,ARI,SEA,0,0,0.0,0,0.0,0.0,0.0,0,0.0,0,6,6,95.0,0,9.5,15.5,,,74.0,209.0,23.70335294117647,0.0,Stanford,2023.0,2023.0,ARI,94.0,-1.0,0.20689656
2023,2,00-0038563,T.Tucker,WR,LV,BUF,0,0,0.0,0,0.0,0.0,0.0,1,34.0,0,1,0,0.0,0,3.4,3.4,,,69.0,185.0,22.666882352941176,0.0,Cincinnati,2023.0,2023.0,LV,100.0,,0.04347826
2023,5,00-0038563,T.Tucker,WR,LV,GB,0,0,0.0,0,0.0,0.0,0.0,1,16.0,0,1,0,0.0,0,1.6,1.6,,,69.0,185.0,22.666882352941176,0.0,Cincinnati,2023.0,2023.0,LV,100.0,4.0,0.03448276
2023,6,00-0038563,T.Tucker,WR,LV,NE,0,0,0.0,0,0.0,0.0,0.0,1,4.0,0,2,2,57.0,0,6.1,8.1,,,69.0,185.0,22.666882352941176,0.0,Cincinnati,2023.0,2023.0,LV,100.0,4.0,0.06451613
2023,7,00-0038563,T.Tucker,WR,LV,CHI,0,0,0.0,0,0.0,0.0,0.0,1,2.0,0,3,2,16.0,0,1.8,3.8,,,69.0,185.0,22.666882352941176,0.0,Cincinnati,2023.0,2023.0,LV,100.0,,0.06666667
2023,9,00-0038563,T.Tucker,WR,LV,NYG,0,0,0.0,0,0.0,0.0,0.0,1,4.0,0,3,2,52.0,0,5.6,7.6,,,69.0,185.0,22.666882352941176,0.0,Cincinnati,2023.0,2023.0,LV,100.0,24.0,0.125
2023,10,00-0038563,T.Tucker,WR,LV,NYJ,0,0,0.0,0,0.0,0.0,0.0,1,9.0,0,0,0,0.0,0,0.9,0.9,,,69.0,185.0,22.666882352941176,0.0,Cincinnati,2023.0,2023.0,LV,100.0,4.0,
2023,11,00-0038563,T.Tucker,WR,LV,MIA,0,0,0.0,0,0.0,0.0,0.0,1,-6.0,0,7,2,36.0,0,3.0,5.0,,,69.0,185.0,22.666882352941176,0.0,Cincinnati,2023.0,2023.0,LV,100.0,,0.18421052
2023,12,00-0038563,T.Tucker,WR,LV,KC,0,0,0.0,0,0.0,0.0,0.0,0,0.0,0,1,0,0.0,0,0.0,0.0,,,69.0,185.0,22.666882352941176,0.0,Cincinnati,2023.0,2023.0,LV,100.0,-14.0,0.03125
2023,14,00-0038563,T.Tucker,WR,LV,MIN,0,0,0.0,0,0.0,0.0,0.0,0,0.0,0,1,0,0.0,0,0.0,0.0,,,69.0,185.0,22.666882352941176,0.0,Cincinnati,2023.0,2023.0,LV,100.0,-3.0,0.03448276
2023,15,00-0038563,T.Tucker,WR,LV,LAC,0,0,0.0,0,0.0,0.0,0.0,1,-2.0,0,4,3,59.0,2,17.7,20.7,,,69.0,185.0,22.666882352941176,0.0,Cincinnati,2023.0,2023.0,LV,100.0,42.0,0.11764706
2023,16,00-0038563,T.Tucker,WR,LV,KC,0,0,0.0,0,0.0,0.0,0.0,1,5.0,0,1,1,-4.0,0,0.1,1.1,,,69.0,185.0,22.666882352941176,0.0,Cincinnati,2023.0,2023.0,LV,100.0,,0.05263158
2023,17,00-0038563,T.Tucker,WR,LV,IND,0,0,0.0,0,0.0,0.0,0.0,0,0.0,0,5,2,36.0,0,3.6,5.6,,,69.0,185.0,22.666882352941176,0.0,Cincinnati,2023.0,2023.0,LV,100.0,,0.10869565
2023,18,00-0038563,T.Tucker,WR,LV,DEN,0,0,0.0,0,0.0,0.0,0.0,1,11.0,0,5,5,79.0,0,9.0,14.0,,,69.0,185.0,22.666882352941176,0.0,Cincinnati,2023.0,2023.0,LV,100.0,13.0,0.18518518
2023,1,00-0038573,D.Davis,WR,LAC,MIA,0,0,0.0,0,0.0,0.0,0.0,0,0.0,0,1,1,5.0,0,0.5,1.5,,,68.0,175.0,23.162823529411767,0.0,Texas Christian,2023.0,2023.0,LAC,125.0,-2.0,0.032258064
2023,2,00-0038573,D.Davis,WR,LAC,TEN,0,0,0.0,0,0.0,0.0,0.0,1,10.0,0,0,0,0.0,0,1.0,1.0,,,68.0,175.0,23.162823529411767,0.0,Texas Christian,2023.0,2023.0,LAC,125.0,,
2023,3,00-0038573,D.Davis,WR,LAC,MIN,0,0,0.0,0,0.0,0.0,0.0,0,0.0,0,1,1,3.0,0,0.3,1.3,,,68.0,175.0,23.162823529411767,0.0,Texas Christian,2023.0,2023.0,LAC,125.0,,0.020833334
2023,4,00-0038573,D.Davis,WR,LAC,LV,0,0,0.0,0,0.0,0.0,0.0,3,51.0,0,2,2,16.0,0,6.7,8.7,,,68.0,175.0,23.162823529411767,0.0,Texas Christian,2023.0,2023.0,LAC,125.0,7.0,0.083333336
2023,7,00-0038573,D.Davis,WR,LAC,KC,0,0,0.0,0,0.0,0.0,0.0,3,14.0,0,2,1,10.0,0,2.4,3.4,,,68.0,175.0,23.162823529411767,0.0,Texas Christian,2023.0,2023.0,LAC,125.0,,0.06666667
2023,8,00-0038573,D.Davis,WR,LAC,CHI,0,0,0.0,0,0.0,0.0,0.0,0,0.0,0,2,2,4.0,0,0.4,2.4,,,68.0,175.0,23.162823529411767,0.0,Texas Christian,2023.0,2023.0,LAC,125.0,17.0,0.05263158
2023,9,00-0038573,D.Davis,WR,LAC,NYJ,0,0,0.0,0,0.0,0.0,0.0,0,0.0,0,1,1,0.0,0,6.0,7.0,,,68.0,175.0,23.162823529411767,0.0,Texas Christian,2023.0,2023.0,LAC,125.0,,0.035714287
2023,10,00-0038573,D.Davis,WR,LAC,DET,0,0,0.0,0,0.0,0.0,0.0,0,0.0,0,2,2,7.0,0,0.7,2.7,,,68.0,175.0,23.162823529411767,0.0,Texas Christian,2023.0,2023.0,LAC,125.0,-3.0,0.05
2023,11,00-0038573,D.Davis,WR,LAC,GB,0,0,0.0,0,0.0,0.0,0.0,0,0.0,0,1,1,-3.0,0,-0.3,0.7,,,68.0,175.0,23.162823529411767,0.0,Texas Christian,2023.0,2023.0,LAC,125.0,,0.027777778
2023,12,00-0038573,D.Davis,WR,LAC,BAL,0,0,0.0,0,0.0,0.0,0.0,2,-1.0,0,1,1,2.0,0,0.1,1.1,,,68.0,175.0,23.162823529411767,0.0,Texas Christian,2023.0,2023.0,LAC,125.0,-10.0,0.024390243
2023,15,00-0038573,D.Davis,WR,LAC,LV,0,0,0.0,0,0.0,0.0,0.0,0,0.0,0,2,1,-2.0,0,-0.2,0.8,,,68.0,175.0,23.162823529411767,0.0,Texas Christian,2023.0,2023.0,LAC,125.0,,0.06451613
2023,16,00-0038573,D.Davis,WR,LAC,BUF,0,0,0.0,0,0.0,0.0,0.0,1,8.0,0,1,1,6.0,0,1.4,2.4,,,68.0,175.0,23.162823529411767,0.0,Texas Christian,2023.0,2023.0,LAC,125.0,-2.0,0.03125
2023,17,00-0038573,D.Davis,WR,LAC,DEN,0,0,0.0,0,0.0,0.0,0.0,1,2.0,0,0,0,0.0,0,0.2,0.2,,,68.0,175.0,23.162823529411767,0.0,Texas Christian,2023.0,2023.0,LAC,125.0,,
2023,18,00-0038573,D.Davis,WR,LAC,KC,0,0,0.0,0,0.0,0.0,0.0,3,17.0,0,1,1,18.0,0,3.5,4.5,,,68.0,175.0,23.162823529411767,0.0,Texas Christian,2023.0,2023.0,LAC,125.0,-1.0,0.022222223
2023,2,00-0038576,C.Jones,WR,CIN,CIN,0,0,0.0,0,0.0,0.0,0.0,0,0.0,0,0,0,0.0,0,6.0,6.0,,,72.0,188.0,25.03041176470588,0.0,Purdue,2023.0,2023.0,CIN,131.0,-3.0,
2023,3,00-0038576,C.Jones,WR,CIN,LA,0,0,0.0,0,0.0,0.0,0.0,0,0.0,0,2,1,6.0,0,0.6,1.6,,,72.0,188.0,25.03041176470588,0.0,Purdue,2023.0,2023.0,CIN,131.0,3.0,0.04347826
2023,15,00-0038576,C.Jones,WR,CIN,MIN,0,0,0.0,0,0.0,0.0,0.0,0,0.0,0,3,2,10.0,0,1.0,3.0,,,72.0,188.0,25.03041176470588,0.0,Purdue,2023.0,2023.0,CIN,131.0,3.0,0.075
2023,16,00-0038576,C.Jones,WR,CIN,PIT,0,0,0.0,0,0.0,0.0,0.0,0,0.0,0,1,1,-1.0,0,-0.1,0.9,,,72.0,188.0,25.03041176470588,0.0,Purdue,2023.0,2023.0,CIN,131.0,,0.025
2023,18,00-0038576,C.Jones,WR,CIN,CLE,0,0,0.0,0,0.0,0.0,0.0,2,13.0,0,3,3,49.0,0,6.2,9.2,,,72.0,188.0,25.03041176470588,0.0,Purdue,2023.0,2023.0,CIN,131.0,17.0,0.10714286
2023,4,00-0038579,A.O'Connell,QB,LV,LAC,24,39,238.0,0,1.0,7.0,50.0,3,3.0,1,0,0,0.0,0,9.82,9.82,,,75.0,210.0,25.182882352941174,0.0,Purdue,2023.0,2023.0,LV,135.0,,
2023,7,00-0038579,A.O'Connell,QB,LV,CHI,10,13,75.0,1,1.0,0.0,-0.0,0,0.0,0,0,0,0.0,0,5.0,5.0,,,75.0,210.0,25.182882352941174,0.0,Purdue,2023.0,2023.0,LV,135.0,,
2023,9,00-0038579,A.O'Connell,QB,LV,NYG,16,25,209.0,0,0.0,0.0,-0.0,0,0.0,0,0,0,0.0,0,8.36,8.36,,,75.0,210.0,25.182882352941174,0.0,Purdue,2023.0,2023.0,LV,135.0,24.0,
2023,10,00-0038579,A.O'Connell,QB,LV,NYJ,16,27,153.0,1,1.0,3.0,27.0,2,3.0,0,0,0,0.0,0,8.42,8.42,,,75.0,210.0,25.182882352941174,0.0,Purdue,2023.0,2023.0,LV,135.0,4.0,
2023,11,00-0038579,A.O'Connell,QB,LV,MIA,24,41,271.0,1,3.0,2.0,11.0,1,3.0,0,0,0,0.0,0,9.14,9.14,,,75.0,210.0,25.182882352941174,0.0,Purdue,2023.0,2023.0,LV,135.0,,
2023,12,00-0038579,A.O'Connell,QB,LV,KC,23,33,248.0,1,0.0,1.0,13.0,0,0.0,0,0,0,0.0,0,13.92,13.92,,,75.0,210.0,25.182882352941174,0.0,Purdue,2023.0,2023.0,LV,135.0,-14.0,
2023,14,00-0038579,A.O'Connell,QB,LV,MIN,21,32,171.0,0,1.0,4.0,25.0,1,2.0,0,0,0,0.0,0,5.04,5.04,,,75.0,210.0,25.182882352941174,0.0,Purdue,2023.0,2023.0,LV,135.0,-3.0,
2023,15,00-0038579,A.O'Connell,QB,LV,LAC,20,34,248.0,4,0.0,1.0,6.0,0,0.0,0,0,0,0.0,0,25.92,25.92,,,75.0,210.0,25.182882352941174,0.0,Purdue,2023.0,2023.0,LV,135.0,42.0,
2023,16,00-0038579,A.O'Connell,QB,LV,KC,9,21,62.0,0,0.0,2.0,14.0,4,-4.0,0,0,0,0.0,0,2.08,2.08,,,75.0,210.0,25.182882352941174,0.0,Purdue,2023.0,2023.0,LV,135.0,,
2023,17,00-0038579,A.O'Connell,QB,LV,IND,30,47,299.0,2,0.0,2.0,13.0,2,3.0,0,0,0,0.0,0,20.26,20.26,,,75.0,210.0,25.182882352941174,0.0,Purdue,2023.0,2023.0,LV,135.0,,
2023,18,00-0038579,A.O'Connell,QB,LV,DEN,20,31,244.0,2,0.0,2.0,14.0,4,1.0,0,0,0,0.0,0,17.86,17.86,,,75.0,210.0,25.182882352941174,0.0,Purdue,2023.0,2023.0,LV,135.0,13.0,
2023,7,00-0038582,C.Tune,QB,ARI,SEA,1,1,4.0,0,0.0,0.0,-0.0,0,0.0,0,0,0,0.0,0,0.16,0.16,,,75.0,220.0,24.626,0.0,Houston,2023.0,2023.0,ARI,139.0,,
2023,9,00-0038582,C.Tune,QB,ARI,CLE,11,20,58.0,0,2.0,7.0,41.0,5,28.0,0,0,0,0.0,0,-0.88,-0.88,,,75.0,220.0,24.626,0.0,Houston,2023.0,2023.0,ARI,139.0,,
2023,10,00-0038582,C.Tune,QB,ARI,ATL,0,0,0.0,0,0.0,0.0,0.0,1,1.0,1,0,0,0.0,0,6.1,6.1,,,75.0,220.0,24.626,0.0,Houston,2023.0,2023.0,ARI,139.0,2.0,
2023,12,00-0038582,C.Tune,QB,ARI,LA,0,0,0.0,0,0.0,0.0,0.0,0,0.0,0,0,0,0.0,0,2.0,2.0,,,75.0,220.0,24.626,0.0,Houston,2023.0,2023.0,ARI,139.0,-23.0,
2023,15,00-0038582,C.Tune,QB,ARI,SF,0,0,0.0,0,0.0,0.0,0.0,1,0.0,0,0,0,0.0,0,0.0,0.0,,,75.0,220.0,24.626,0.0,Houston,2023.0,2023.0,ARI,139.0,-16.0,
2023,18,00-0038582,C.Tune,QB,ARI,SEA,0,0,0.0,0,0.0,0.0,0.0,1,1.0,0,0,0,0.0,0,0.1,0.1,,,75.0,220.0,24.626,0.0,Houston,2023.0,2023.0,ARI,139.0,-1.0,
2023,4,00-0038583,D.Thompson-Robinson,QB,CLE,BAL,19,36,121.0,0,3.0,4.0,48.0,4,24.0,0,0,0,0.0,0,1.24,1.24,,,74.0,205.0,23.99938888888889,0.0,UCLA,2023.0,2023.0,CLE,140.0,-25.0,
2023,8,00-0038583,D.Thompson-Robinson,QB,CLE,SEA,1,1,9.0,0,0.0,0.0,-0.0,0,0.0,0,0,0,0.0,0,0.36,0.36,,,74.0,205.0,23.99938888888889,0.0,UCLA,2023.0,2023.0,CLE,140.0,,
2023,11,00-0038583,D.Thompson-Robinson,QB,CLE,PIT,24,43,165.0,0,1.0,1.0,2.0,3,20.0,0,0,0,0.0,0,6.6,6.6,,,74.0,205.0,23.99938888888889,0.0,UCLA,2023.0,2023.0,CLE,140.0,3.0,
2023,12,00-0038583,D.Thompson-Robinson,QB,CLE,DEN,14,29,134.0,1,0.0,0.0,-0.0,5,21.0,0,0,0,0.0,0,11.46,11.46,,,74.0,205.0,23.99938888888889,0.0,UCLA,2023.0,2023.0,CLE,140.0,,
2023,14,00-0038583,D.Thompson-Robinson,QB,CLE,JAX,0,0,0.0,0,0.0,0.0,0.0,1,5.0,0,0,0,0.0,0,0.5,0.5,,,74.0,205.0,23.99938888888889,0.0,UCLA,2023.0,2023.0,CLE,140.0,4.0,
2023,15,00-0038583,D.Thompson-Robinson,QB,CLE,CHI,1,1,5.0,0,0.0,0.0,-0.0,0,0.0,0,0,0,0.0,0,0.2,0.2,,,74.0,205.0,23.99938888888889,0.0,UCLA,2023.0,2023.0,CLE,140.0,3.0,
2023,16,00-0038583,D.Thompson-Robinson,QB,CLE,HOU,1,2,6.0,0,0.0,1.0,10.0,1,-5.0,0,0,0,0.0,0,1.74,1.74,,,74.0,205.0,23.99938888888889,0.0,UCLA,2023.0,2023.0,CLE,140.0,,
2023,4,00-0038589,J.Whyle,TE,TEN,CIN,0,0,0.0,0,0.0,0.0,0.0,0,0.0,0,2,2,26.0,1,8.6,10.6,,,79.0,250.0,24.170823529411763,0.0,Cincinnati,2023.0,2023.0,TEN,147.0,24.0,0.07692308
2023,5,00-0038589,J.Whyle,TE,TEN,IND,0,0,0.0,0,0.0,0.0,0.0,0,0.0,0,1,1,7.0,0,0.7,1.7,,,79.0,250.0,24.170823529411763,0.0,Cincinnati,2023.0,2023.0,TEN,147.0,,0.029411765
2023,6,00-0038589,J.Whyle,TE,TEN,BAL,0,0,0.0,0,0.0,0.0,0.0,0,0.0,0,1,1,11.0,0,1.1,2.1,,,79.0,250.0,24.170823529411763,0.0,Cincinnati,2023.0,2023.0,TEN,147.0,-8.0,0.05
2023,9,00-0038589,J.Whyle,TE,TEN,PIT,0,0,0.0,0,0.0,0.0,0.0,0,0.0,0,1,0,0.0,0,0.0,0.0,,,79.0,250.0,24.170823529411763,0.0,Cincinnati,2023.0,2023.0,TEN,147.0,,0.027027028
2023,10,00-0038589,J.Whyle,TE,TEN,TB,0,0,0.0,0,0.0,0.0,0.0,0,0.0,0,5,2,16.0,0,1.6,3.6,,,79.0,250.0,24.170823529411763,0.0,Cincinnati,2023.0,2023.0,TEN,147.0,,0.12820514
2023,11,00-0038589,J.Whyle,TE,TEN,JAX,0,0,0.0,0,0.0,0.0,0.0,0,0.0,0,2,1,7.0,0,0.7,1.7,,,79.0,250.0,24.170823529411763,0.0,Cincinnati,2023.0,2023.0,TEN,147.0,,0.11764706
2023,12,00-0038589,J.Whyle,TE,TEN,CAR,0,0,0.0,0,0.0,0.0,0.0,0,0.0,0,1,1,11.0,0,1.1,2.1,,,79.0,250.0,24.170823529411763,0.0,Cincinnati,2023.0,2023.0,TEN,147.0,7.0,0.037037037
2023,13,00-0038589,J.Whyle,TE,TEN,IND,0,0,0.0,0,0.0,0.0,0.0,0,0.0,0,2,1,16.0,0,1.6,2.6,,,79.0,250.0,24.170823529411763,0.0,Cincinnati,2023.0,2023.0,TEN,147.0,-3.0,0.060606062
2023,2,00-0038597,C.Brown,RB,CIN,BAL,0,0,0.0,0,0.0,0.0,0.0,1,2.0,0,0,0,0.0,0,0.2,0.2,,,69.0,205.0,23.636764705882353,0.0,Illinois,2023.0,2023.0,CIN,163.0,-3.0,
2023,4,00-0038597,C.Brown,RB,CIN,TEN,0,0,0.0,0,0.0,0.0,0.0,0,0.0,0,1,1,-3.0,0,-0.3,0.7,,,69.0,205.0,23.636764705882353,0.0,Illinois,2023.0,2023.0,CIN,163.0,,0.037037037
2023,5,00-0038597,C.Brown,RB,CIN,ARI,0,0,0.0,0,0.0,0.0,0.0,0,0.0,0,1,1,2.0,0,0.2,1.2,,,69.0,205.0,23.636764705882353,0.0,Illinois,2023.0,2023.0,CIN,163.0,,0.022727273
2023,6,00-0038597,C.Brown,RB,CIN,SEA,0,0,0.0,0,0.0,0.0,0.0,1,4.0,0,1,1,8.0,0,1.2,2.2,,,69.0,205.0,23.636764705882353,0.0,Illinois,2023.0,2023.0,CIN,163.0,4.0,0.028571429
2023,13,00-0038597,C.Brown,RB,CIN,JAX,0,0,0.0,0,0.0,0.0,0.0,9,61.0,0,0,0,0.0,0,6.1,6.1,,,69.0,205.0,23.636764705882353,0.0,Illinois,2023.0,2023.0,CIN,163.0,,
2023,14,00-0038597,C.Brown,RB,CIN,IND,0,0,0.0,0,0.0,0.0,0.0,8,25.0,0,3,3,80.0,1,16.5,19.5,,,69.0,205.0,23.636764705882353,0.0,Illinois,2023.0,2023.0,CIN,163.0,20.0,0.12
2023,15,00-0038597,C.Brown,RB,CIN,MIN,0,0,0.0,0,0.0,0.0,0.0,7,23.0,0,3,3,28.0,0,5.1,8.1,,,69.0,205.0,23.636764705882353,0.0,Illinois,2023.0,2023.0,CIN,163.0,3.0,0.075
2023,16,00-0038597,C.Brown,RB,CIN,PIT,0,0,0.0,0,0.0,0.0,0.0,4,16.0,0,2,2,8.0,0,2.4,4.4,,,69.0,205.0,23.636764705882353,0.0,Illinois,2023.0,2023.0,CIN,163.0,,0.05
2023,17,00-0038597,C.Brown,RB,CIN,KC,0,0,0.0,0,0.0,0.0,0.0,3,5.0,0,2,2,23.0,0,2.8,4.8,,,69.0,205.0,23.636764705882353,0.0,Illinois,2023.0,2023.0,CIN,163.0,,0.06451613
2023,18,00-0038597,C.Brown,RB,CIN,CLE,0,0,0.0,0,0.0,0.0,0.0,11,43.0,0,2,1,10.0,0,5.3,6.3,,,69.0,205.0,23.636764705882353,0.0,Illinois,2023.0,2023.0,CIN,163.0,17.0,0.071428575
2023,8,00-0038598,J.Hall,QB,MIN,GB,3,4,23.0,0,0.0,1.0,-0.0,2,-1.0,0,0,0,0.0,0,-1.18,-1.18,,,72.0,205.0,25.62329411764706,0.0,Brigham Young,2023.0,2023.0,MIN,164.0,,
2023,9,00-0038598,J.Hall,QB,MIN,ATL,5,6,78.0,0,0.0,0.0,-0.0,2,11.0,0,0,0,0.0,0,4.22,4.22,,,72.0,205.0,25.62329411764706,0.0,Brigham Young,2023.0,2023.0,MIN,164.0,,
2023,17,00-0038598,J.Hall,QB,MIN,GB,5,10,67.0,0,1.0,3.0,28.0,2,4.0,0,0,0,0.0,0,-0.92,-0.92,,,72.0,205.0,25.62329411764706,0.0,Brigham Young,2023.0,2023.0,MIN,164.0,-23.0,
2023,13,00-0038606,P.Washington,WR,JAX,CIN,0,0,0.0,0,0.0,0.0,0.0,0,0.0,0,6,6,61.0,1,12.1,18.1,,,70.0,212.0,21.636117647058825,0.0,Penn State,2023.0,2023.0,JAX,185.0,-3.0,0.15384616
2023,14,00-0038606,P.Washington,WR,JAX,CLE,0,0,0.0,0,0.0,0.0,0.0,0,0.0,0,3,2,27.0,1,6.7,8.7,,,70.0,212.0,21.636117647058825,0.0,Penn State,2023.0,2023.0,JAX,185.0,,0.06122449
2023,15,00-0038606,P.Washington,WR,JAX,BAL,0,0,0.0,0,0.0,0.0,0.0,0,0.0,0,6,4,12.0,0,1.2,5.2,,,70.0,212.0,21.636117647058825,0.0,Penn State,2023.0,2023.0,JAX,185.0,-16.0,0.14285715
2023,16,00-0038606,P.Washington,WR,JAX,TB,0,0,0.0,0,0.0,0.0,0.0,0,0.0,0,4,2,19.0,0,1.9,3.9,,,70.0,212.0,21.636117647058825,0.0,Penn State,2023.0,2023.0,JAX,185.0,,0.09090909
2023,17,00-0038606,P.Washington,WR,JAX,CAR,0,0,0.0,0,0.0,0.0,0.0,0,0.0,0,1,1,2.0,0,0.2,1.2,,,70.0,212.0,21.636117647058825,0.0,Penn State,2023.0,2023.0,JAX,185.0,26.0,0.04347826
2023,18,00-0038606,P.Washington,WR,JAX,TEN,0,0,0.0,0,0.0,0.0,0.0,0,0.0,0,1,1,11.0,0,1.1,2.1,,,70.0,212.0,21.636117647058825,0.0,Penn State,2023.0,2023.0,JAX,185.0,,0.024390243
2023,1,00-0038608,K.Boutte,WR,NE,PHI,0,0,0.0,0,0.0,0.0,0.0,0,0.0,0,4,0,0.0,0,0.0,0.0,,,72.0,205.0,21.505000000000003,0.0,Louisiana State,2023.0,2023.0,NE,187.0,-5.0,0.074074075
2023,10,00-0038608,K.Boutte,WR,NE,IND,0,0,0.0,0,0.0,0.0,0.0,0,0.0,0,1,1,11.0,0,1.1,2.1,,,72.0,205.0,21.505000000000003,0.0,Louisiana State,2023.0,2023.0,NE,187.0,-4.0,0.03846154
2023,12,00-0038608,K.Boutte,WR,NE,NYG,0,0,0.0,0,0.0,0.0,0.0,0,0.0,0,2,1,8.0,0,0.8,1.8,,,72.0,205.0,21.505000000000003,0.0,Louisiana State,2023.0,2023.0,NE,187.0,,0.057142857
2023,1,00-0038611,C.Rodriguez,RB,WAS,ARI,0,0,0.0,0,0.0,0.0,0.0,3,7.0,0,0,0,0.0,0,0.7,0.7,,,71.0,224.0,24.113176470588233,0.0,Kentucky,2023.0,2023.0,WAS,193.0,4.0,
2023,6,00-0038611,C.Rodriguez,RB,WAS,ATL,0,0,0.0,0,0.0,0.0,0.0,4,23.0,0,0,0,0.0,0,2.3,2.3,,,71.0,224.0,24.113176470588233,0.0,Kentucky,2023.0,2023.0,WAS,193.0,,
2023,7,00-0038611,C.Rodriguez,RB,WAS,NYG,0,0,0.0,0,0.0,0.0,0.0,7,31.0,0,0,0,0.0,0,3.1,3.1,,,71.0,224.0,24.113176470588233,0.0,Kentucky,2023.0,2023.0,WAS,193.0,,
2023,11,00-0038611,C.Rodriguez,RB,WAS,NYG,0,0,0.0,0,0.0,0.0,0.0,6,43.0,0,1,1,5.0,0,2.8,3.8,,,71.0,224.0,24.113176470588233,0.0,Kentucky,2023.0,2023.0,WAS,193.0,-12.0,0.023809524
2023,12,00-0038611,C.Rodriguez,RB,WAS,DAL,0,0,0.0,0,0.0,0.0,0.0,4,21.0,0,0,0,0.0,0,2.1,2.1,,,71.0,224.0,24.113176470588233,0.0,Kentucky,2023.0,2023.0,WAS,193.0,,
2023,13,00-0038611,C.Rodriguez,RB,WAS,MIA,0,0,0.0,0,0.0,0.0,0.0,7,29.0,0,0,0,0.0,0,2.9,2.9,,,71.0,224.0,24.113176470588233,0.0,Kentucky,2023.0,2023.0,WAS,193.0,-30.0,
2023,15,00-0038611,C.Rodriguez,RB,WAS,LA,0,0,0.0,0,0.0,0.0,0.0,10,35.0,0,0,0,0.0,0,3.5,3.5,,,71.0,224.0,24.113176470588233,0.0,Kentucky,2023.0,2023.0,WAS,193.0,,
2023,16,00-0038611,C.Rodriguez,RB,WAS,NYJ,0,0,0.0,0,0.0,0.0,0.0,10,58.0,2,1,1,7.0,0,18.5,19.5,,,71.0,224.0,24.113176470588233,0.0,Kentucky,2023.0,2023.0,WAS,193.0,,0.03125
2023,10,00-0038612,A.Perry,WR,NO,MIN,0,0,0.0,0,0.0,0.0,0.0,0,0.0,0,4,2,38.0,1,9.8,11.8,,,77.0,205.0,24.034470588235294,0.0,Wake Forest,2023.0,2023.0,NO,195.0,,0.1
2023,12,00-0038612,A.Perry,WR,NO,ATL,0,0,0.0,0,0.0,0.0,0.0,0,0.0,0,2,1,7.0,0,0.7,1.7,,,77.0,205.0,24.034470588235294,0.0,Wake Forest,2023.0,2023.0,NO,195.0,,0.054054055
2023,13,00-0038612,A.Perry,WR,NO,DET,0,0,0.0,0,0.0,0.0,0.0,0,0.0,0,3,1,30.0,0,3.0,4.0,,,77.0,205.0,24.034470588235294,0.0,Wake Forest,2023.0,2023.0,NO,195.0,-5.0,0.10344828
2023,14,00-0038612,A.Perry,WR,NO,CAR,0,0,0.0,0,0.0,0.0,0.0,0,0.0,0,1,1,44.0,0,4.4,5.4,,,77.0,205.0,24.034470588235294,0.0,Wake Forest,2023.0,2023.0,NO,195.0,22.0,0.045454547
2023,15,00-0038612,A.Perry,WR,NO,NYG,0,0,0.0,0,0.0,0.0,0.0,0,0.0,0,2,2,34.0,0,3.4,5.4,,,77.0,205.0,24.034470588235294,0.0,Wake Forest,2023.0,2023.0,NO,195.0,18.0,0.071428575
2023,16,00-0038612,A.Perry,WR,NO,LA,0,0,0.0,0,0.0,0.0,0.0,0,0.0,0,1,1,35.0,1,9.5,10.5,,,77.0,205.0,24.034470588235294,0.0,Wake Forest,2023.0,2023.0,NO,195.0,,0.025
2023,17,00-0038612,A.Perry,WR,NO,TB,0,0,0.0,0,0.0,0.0,0.0,0,0.0,0,2,1,5.0,0,0.5,1.5,,,77.0,205.0,24.034470588235294,0.0,Wake Forest,2023.0,2023.0,NO,195.0,,0.05882353
2023,18,00-0038612,A.Perry,WR,NO,ATL,0,0,0.0,0,0.0,0.0,0.0,0,0.0,0,3,3,53.0,2,17.3,20.3,,,77.0,205.0,24.034470588235294,0.0,Wake Forest,2023.0,2023.0,NO,195.0,31.0,0.12
2023,1,00-0038618,X.Hutchinson,WR,HOU,BAL,0,0,0.0,0,0.0,0.0,0.0,0,0.0,0,1,1,9.0,0,0.9,1.9,,,75.0,210.0,23.459684210526316,0.0,Iowa State,2023.0,2023.0,HOU,205.0,,0.023255814
2023,2,00-0038618,X.Hutchinson,WR,HOU,IND,0,0,0.0,0,0.0,0.0,0.0,0,0.0,0,1,0,0.0,0,0.0,0.0,,,75.0,210.0,23.459684210526316,0.0,Iowa State,2023.0,2023.0,HOU,205.0,-11.0,0.023255814
2023,6,00-0038618,X.Hutchinson,WR,HOU,NO,0,0,0.0,0,0.0,0.0,0.0,2,15.0,0,0,0,0.0,0,1.5,1.5,,,75.0,210.0,23.459684210526316,0.0,Iowa State,2023.0,2023.0,HOU,205.0,7.0,
2023,9,00-0038618,X.Hutchinson,WR,HOU,TB,0,0,0.0,0,0.0,0.0,0.0,1,12.0,0,0,0,0.0,0,1.2,1.2,,,75.0,210.0,23.459684210526316,0.0,Iowa State,2023.0,2023.0,HOU,205.0,2.0,
2023,10,00-0038618,X.Hutchinson,WR,HOU,CIN,0,0,0.0,0,0.0,0.0,0.0,1,17.0,0,1,0,0.0,0,1.7,1.7,,,75.0,210.0,23.459684210526316,0.0,Iowa State,2023.0,2023.0,HOU,205.0,,0.025641026
2023,12,00-0038618,X.Hutchinson,WR,HOU,JAX,0,0,0.0,0,0.0,0.0,0.0,0,0.0,0,1,1,34.0,0,3.4,4.4,,,75.0,210.0,23.459684210526316,0.0,Iowa State,2023.0,2023.0,HOU,205.0,-3.0,0.027777778
2023,14,00-0038618,X.Hutchinson,WR,HOU,NYJ,0,0,0.0,0,0.0,0.0,0.0,0,0.0,0,3,2,15.0,0,1.5,3.5,,,75.0,210.0,23.459684210526316,0.0,Iowa State,2023.0,2023.0,HOU,205.0,,0.11111111
2023,15,00-0038618,X.Hutchinson,WR,HOU,TEN,0,0,0.0,0,0.0,0.0,0.0,1,5.0,0,3,0,0.0,0,0.5,0.5,,,75.0,210.0,23.459684210526316,0.0,Iowa State,2023.0,2023.0,HOU,205.0,,0.0882353
2023,16,00-0038618,X.Hutchinson,WR,HOU,CLE,0,0,0.0,0,0.0,0.0,0.0,0,0.0,0,2,1,18.0,0,1.8,2.8,,,75.0,210.0,23.459684210526316,0.0,Iowa State,2023.0,2023.0,HOU,205.0,-14.0,0.041666668
2023,17,00-0038618,X.Hutchinson,WR,HOU,TEN,0,0,0.0,0,0.0,0.0,0.0,0,0.0,0,3,2,8.0,0,0.8,2.8,,,75.0,210.0,23.459684210526316,0.0,Iowa State,2023.0,2023.0,HOU,205.0,23.0,0.09677419
2023,18,00-0038618,X.Hutchinson,WR,HOU,IND,0,0,0.0,0,0.0,0.0,0.0,0,0.0,0,4,1,6.0,0,0.6,1.6,,,75.0,210.0,23.459684210526316,0.0,Iowa State,2023.0,2023.0,HOU,205.0,,0.15384616
2023,19,00-0038618,X.Hutchinson,WR,HOU,CLE,0,0,0.0,0,0.0,0.0,0.0,0,0.0,0,2,2,12.0,0,1.2,3.2,,,75.0,210.0,23.459684210526316,0.0,Iowa State,2023.0,2023.0,HOU,205.0,31.0,0.09090909
2023,20,00-0038618,X.Hutchinson,WR,HOU,BAL,0,0,0.0,0,0.0,0.0,0.0,0,0.0,0,2,2,-3.0,0,-0.3,1.7,,,75.0,210.0,23.459684210526316,0.0,Iowa State,2023.0,2023.0,HOU,205.0,,0.06451613
2023,5,00-0038619,A.Iosivas,WR,CIN,ARI,0,0,0.0,0,0.0,0.0,0.0,0,0.0,0,2,1,9.0,0,0.9,1.9,,,75.0,200.0,24.069411764705883,0.0,Princeton,2023.0,2023.0,CIN,206.0,,0.045454547
2023,6,00-0038619,A.Iosivas,WR,CIN,SEA,0,0,0.0,0,0.0,0.0,0.0,0,0.0,0,1,1,3.0,1,6.3,7.3,,,75.0,200.0,24.069411764705883,0.0,Princeton,2023.0,2023.0,CIN,206.0,4.0,0.028571429
2023,8,00-0038619,A.Iosivas,WR,CIN,SF,0,0,0.0,0,0.0,0.0,0.0,0,0.0,0,1,1,2.0,1,6.2,7.2,,,75.0,200.0,24.069411764705883,0.0,Princeton,2023.0,2023.0,CIN,206.0,,0.03125
2023,9,00-0038619,A.Iosivas,WR,CIN,BUF,0,0,0.0,0,0.0,0.0,0.0,0,0.0,0,1,1,9.0,0,0.9,1.9,,,75.0,200.0,24.069411764705883,0.0,Princeton,2023.0,2023.0,CIN,206.0,6.0,0.023809524
2023,10,00-0038619,A.Iosivas,WR,CIN,HOU,0,0,0.0,0,0.0,0.0,0.0,0,0.0,0,1,0,0.0,0,0.0,0.0,,,75.0,200.0,24.069411764705883,0.0,Princeton,2023.0,2023.0,CIN,206.0,-3.0,0.025641026
2023,12,00-0038619,A.Iosivas,WR,CIN,PIT,0,0,0.0,0,0.0,0.0,0.0,0,0.0,0,2,1,16.0,0,1.6,2.6,,,75.0,200.0,24.069411764705883,0.0,Princeton,2023.0,2023.0,CIN,206.0,-6.0,0.08
2023,15,00-0038619,A.Iosivas,WR,CIN,MIN,0,0,0.0,0,0.0,0.0,0.0,0,0.0,0,2,1,5.0,0,0.5,1.5,,,75.0,200.0,24.069411764705883,0.0,Princeton,2023.0,2023.0,CIN,206.0,3.0,0.05
2023,16,00-0038619,A.Iosivas,WR,CIN,PIT,0,0,0.0,0,0.0,0.0,0.0,0,0.0,0,8,4,36.0,0,3.6,7.6,,,75.0,200.0,24.069411764705883,0.0,Princeton,2023.0,2023.0,CIN,206.0,,0.2
2023,18,00-0038619,A.Iosivas,WR,CIN,CLE,0,0,0.0,0,0.0,0.0,0.0,0,0.0,0,7,5,36.0,2,15.6,20.6,,,75.0,200.0,24.069411764705883,0.0,Princeton,2023.0,2023.0,CIN,206.0,17.0,0.25
2023,1,00-0038621,D.Douglas,WR,NE,PHI,0,0,0.0,0,0.0,0.0,0.0,0,0.0,0,7,4,40.0,0,4.0,8.0,,,68.0,170.0,22.915,0.0,Liberty,2023.0,2023.0,NE,210.0,-5.0,0.12962963
2023,2,00-0038621,D.Douglas,WR,NE,MIA,0,0,0.0,0,0.0,0.0,0.0,0,0.0,0,2,2,19.0,0,-0.1,1.9,,,68.0,170.0,22.915,0.0,Liberty,2023.0,2023.0,NE,210.0,-7.0,0.04761905
2023,3,00-0038621,D.Douglas,WR,NE,NYJ,0,0,0.0,0,0.0,0.0,0.0,1,5.0,0,3,1,15.0,0,2.0,3.0,,,68.0,170.0,22.915,0.0,Liberty,2023.0,2023.0,NE,210.0,,0.11111111
2023,4,00-0038621,D.Douglas,WR,NE,DAL,0,0,0.0,0,0.0,0.0,0.0,0,0.0,0,3,2,45.0,0,4.5,6.5,,,68.0,170.0,22.915,0.0,Liberty,2023.0,2023.0,NE,210.0,,0.10344828
2023,5,00-0038621,D.Douglas,WR,NE,NO,0,0,0.0,0,0.0,0.0,0.0,0,0.0,0,2,1,24.0,0,2.4,3.4,,,68.0,170.0,22.915,0.0,Liberty,2023.0,2023.0,NE,210.0,-34.0,0.06451613
2023,7,00-0038621,D.Douglas,WR,NE,BUF,0,0,0.0,0,0.0,0.0,0.0,1,20.0,0,6,4,54.0,0,7.4,11.4,,,68.0,170.0,22.915,0.0,Liberty,2023.0,2023.0,NE,210.0,4.0,0.2
2023,8,00-0038621,D.Douglas,WR,NE,MIA,0,0,0.0,0,0.0,0.0,0.0,1,4.0,0,7,5,25.0,0,2.9,7.9,,,68.0,170.0,22.915,0.0,Liberty,2023.0,2023.0,NE,210.0,,0.25
2023,9,00-0038621,D.Douglas,WR,NE,WAS,0,0,0.0,0,0.0,0.0,0.0,1,0.0,0,7,5,55.0,0,5.5,10.5,,,68.0,170.0,22.915,0.0,Liberty,2023.0,2023.0,NE,210.0,-3.0,0.1627907
2023,10,00-0038621,D.Douglas,WR,NE,IND,0,0,0.0,0,0.0,0.0,0.0,0,0.0,0,9,6,84.0,0,8.4,14.4,,,68.0,170.0,22.915,0.0,Liberty,2023.0,2023.0,NE,210.0,-4.0,0.34615386
2023,12,00-0038621,D.Douglas,WR,NE,NYG,0,0,0.0,0,0.0,0.0,0.0,0,0.0,0,9,6,49.0,0,4.9,10.9,,,68.0,170.0,22.915,0.0,Liberty,2023.0,2023.0,NE,210.0,,0.25714287
2023,15,00-0038621,D.Douglas,WR,NE,KC,0,0,0.0,0,0.0,0.0,0.0,0,0.0,0,5,3,33.0,0,3.3,6.3,,,68.0,170.0,22.915,0.0,Liberty,2023.0,2023.0,NE,210.0,-10.0,0.16129032
2023,16,00-0038621,D.Douglas,WR,NE,DEN,0,0,0.0,0,0.0,0.0,0.0,0,0.0,0,8,5,74.0,0,7.4,12.4,,,68.0,170.0,22.915,0.0,Liberty,2023.0,2023.0,NE,210.0,,0.2580645
2023,17,00-0038621,D.Douglas,WR,NE,BUF,0,0,0.0,0,0.0,0.0,0.0,3,12.0,0,5,3,31.0,0,4.3,7.3,,,68.0,170.0,22.915,0.0,Liberty,2023.0,2023.0,NE,210.0,,0.20833333
2023,18,00-0038621,D.Douglas,WR,NE,NYJ,0,0,0.0,0,0.0,0.0,0.0,1,0.0,0,6,2,13.0,0,1.3,3.3,,,68.0,170.0,22.915,0.0,Liberty,2023.0,2023.0,NE,210.0,-14.0,0.20689656
2023,1,00-0038622,D.Vaughn,RB,DAL,NYG,0,0,0.0,0,0.0,0.0,0.0,6,8.0,0,0,0,0.0,0,0.8,0.8,,,66.0,176.0,22.028277777777777,0.0,Kansas State,2023.0,2023.0,DAL,212.0,,
2023,2,00-0038622,D.Vaughn,RB,DAL,NYJ,0,0,0.0,0,0.0,0.0,0.0,3,16.0,0,3,3,16.0,0,3.2,6.2,,,66.0,176.0,22.028277777777777,0.0,Kansas State,2023.0,2023.0,DAL,212.0,20.0,0.08108108
2023,4,00-0038622,D.Vaughn,RB,DAL,NE,0,0,0.0,0,0.0,0.0,0.0,8,9.0,0,1,1,2.0,0,1.1,2.1,,,66.0,176.0,22.028277777777777,0.0,Kansas State,2023.0,2023.0,DAL,212.0,35.0,0.027777778
2023,5,00-0038622,D.Vaughn,RB,DAL,SF,0,0,0.0,0,0.0,0.0,0.0,3,7.0,0,1,1,1.0,0,0.8,1.8,,,66.0,176.0,22.028277777777777,0.0,Kansas State,2023.0,2023.0,DAL,212.0,,0.03846154
2023,10,00-0038622,D.Vaughn,RB,DAL,NYG,0,0,0.0,0,0.0,0.0,0.0,1,-2.0,0,1,1,11.0,0,0.9,1.9,,,66.0,176.0,22.028277777777777,0.0,Kansas State,2023.0,2023.0,DAL,212.0,32.0,0.022727273
2023,17,00-0038622,D.Vaughn,RB,DAL,DET,0,0,0.0,0,0.0,0.0,0.0,2,2.0,0,1,1,10.0,0,1.2,2.2,,,66.0,176.0,22.028277777777777,0.0,Kansas State,2023.0,2023.0,DAL,212.0,1.0,0.027027028
2023,2,00-0038627,A.Green,WR,DET,SEA,0,0,0.0,0,0.0,0.0,0.0,0,0.0,0,1,1,2.0,0,0.2,1.2,,,74.0,200.0,24.01145,0.0,North Carolina,2023.0,2023.0,DET,219.0,-6.0,0.029411765
2023,7,00-0038627,A.Green,WR,DET,BAL,0,0,0.0,0,0.0,0.0,0.0,0,0.0,0,1,0,0.0,0,0.0,0.0,,,74.0,200.0,24.01145,0.0,North Carolina,2023.0,2023.0,DET,219.0,,0.020408163
2023,4,00-0038632,C.Dowell,WR,TEN,CIN,0,0,0.0,0,0.0,0.0,0.0,0,0.0,0,1,0,0.0,0,0.0,0.0,,,75.0,215.0,24.55964705882353,0.0,Tennessee-Martin,2023.0,2023.0,TEN,228.0,24.0,0.03846154
2023,16,00-0038632,C.Dowell,WR,TEN,SEA,0,0,0.0,0,0.0,0.0,0.0,0,0.0,0,1,1,3.0,0,0.3,1.3,,,75.0,215.0,24.55964705882353,0.0,Tennessee-Martin,2023.0,2023.0,TEN,228.0,-3.0,0.04
2023,10,00-0038640,J.Brooks,WR,DAL,NYG,0,0,0.0,0,0.0,0.0,0.0,0,0.0,0,4,4,39.0,0,3.9,7.9,,,74.0,205.0,23.517666666666667,0.0,South Carolina,2023.0,2023.0,DAL,244.0,32.0,0.09090909
2023,12,00-0038640,J.Brooks,WR,DAL,WAS,0,0,0.0,0,0.0,0.0,0.0,0,0.0,0,1,1,24.0,0,2.4,3.4,,,74.0,205.0,23.517666666666667,0.0,South Carolina,2023.0,2023.0,DAL,244.0,35.0,0.03125
2023,18,00-0038640,J.Brooks,WR,DAL,WAS,0,0,0.0,0,0.0,0.0,0.0,0,0.0,0,1,1,1.0,0,0.1,1.1,,,74.0,205.0,23.517666666666667,0.0,South Carolina,2023.0,2023.0,DAL,244.0,,0.025
2023,3,00-0038647,R.Bell,WR,SF,NYG,0,0,0.0,0,0.0,0.0,0.0,0,0.0,0,2,2,24.0,1,8.4,10.4,,,72.0,190.0,23.8134,0.0,Michigan,2023.0,2023.0,SF,253.0,18.0,0.05882353
2023,4,00-0038647,R.Bell,WR,SF,ARI,0,0,0.0,0,0.0,0.0,0.0,0,0.0,0,1,1,7.0,0,0.7,1.7,,,72.0,190.0,23.8134,0.0,Michigan,2023.0,2023.0,SF,253.0,19.0,0.04761905
2023,5,00-0038647,R.Bell,WR,SF,DAL,0,0,0.0,0,0.0,0.0,0.0,0,0.0,0,1,0,0.0,0,0.0,0.0,,,72.0,190.0,23.8134,0.0,Michigan,2023.0,2023.0,SF,253.0,32.0,0.04
2023,10,00-0038647,R.Bell,WR,SF,JAX,0,0,0.0,0,0.0,0.0,0.0,0,0.0,0,1,1,20.0,0,2.0,3.0,,,72.0,190.0,23.8134,0.0,Michigan,2023.0,2023.0,SF,253.0,,0.037037037
2023,15,00-0038647,R.Bell,WR,SF,ARI,0,0,0.0,0,0.0,0.0,0.0,0,0.0,0,1,0,0.0,0,0.0,0.0,,,72.0,190.0,23.8134,0.0,Michigan,2023.0,2023.0,SF,253.0,,0.03846154
2023,16,00-0038647,R.Bell,WR,SF,BAL,0,0,0.0,0,0.0,0.0,0.0,0,0.0,0,1,1,12.0,1,7.2,8.2,,,72.0,190.0,23.8134,0.0,Michigan,2023.0,2023.0,SF,253.0,-14.0,0.022727273
2023,17,00-0038647,R.Bell,WR,SF,WAS,0,0,0.0,0,0.0,0.0,0.0,0,0.0,0,1,0,0.0,0,0.0,0.0,,,72.0,190.0,23.8134,0.0,Michigan,2023.0,2023.0,SF,253.0,,0.037037037
2023,18,00-0038647,R.Bell,WR,SF,LA,0,0,0.0,0,0.0,0.0,0.0,0,0.0,0,5,1,5.0,1,6.5,7.5,,,72.0,190.0,23.8134,0.0,Michigan,2023.0,2023.0,SF,253.0,-1.0,0.2
2023,15,00-0038667,E.Cooks,WR,JAX,BAL,0,0,0.0,0,0.0,0.0,0.0,0,0.0,0,1,0,0.0,0,0.0,0.0,,,76.0,210.0,25.072117647058825,0.0,San Jose State,2023.0,2023.0,,,-16.0,0.023809524
2023,16,00-0038667,E.Cooks,WR,JAX,TB,0,0,0.0,0,0.0,0.0,0.0,0,0.0,0,3,3,38.0,0,3.8,6.8,,,76.0,210.0,25.072117647058825,0.0,San Jose State,2023.0,2023.0,,,,0.06818182
2023,18,00-0038678,J.Mims,RB,NO,ATL,0,0,0.0,0,0.0,0.0,0.0,0,0.0,0,2,0,0.0,0,0.0,0.0,,,72.0,205.0,24.395823529411764,0.0,Fresno State,2023.0,2023.0,,,31.0,0.08
2023,3,00-0038685,C.Brooks,RB,MIA,DEN,0,0,0.0,0,0.0,0.0,0.0,9,66.0,0,0,0,0.0,0,6.6,6.6,,,73.0,230.0,23.835444444444445,0.0,Brigham Young,2023.0,2023.0,,,50.0,
2023,6,00-0038685,C.Brooks,RB,MIA,CAR,0,0,0.0,0,0.0,0.0,0.0,6,28.0,0,0,0,0.0,0,2.8,2.8,,,73.0,230.0,23.835444444444445,0.0,Brigham Young,2023.0,2023.0,,,21.0,
2023,17,00-0038685,C.Brooks,RB,MIA,BAL,0,0,0.0,0,0.0,0.0,0.0,4,12.0,0,0,0,0.0,0,1.2,1.2,,,73.0,230.0,23.835444444444445,0.0,Brigham Young,2023.0,2023.0,,,,
2023,2,00-0038705,E.Demercado,RB,ARI,NYG,0,0,0.0,0,0.0,0.0,0.0,1,-2.0,0,2,2,7.0,0,0.5,2.5,,,69.0,210.0,24.795764705882355,0.0,Texas Christian,2023.0,2023.0,,,-3.0,0.06896552
2023,3,00-0038705,E.Demercado,RB,ARI,DAL,0,0,0.0,0,0.0,0.0,0.0,2,2.0,0,0,0,0.0,0,0.2,0.2,,,69.0,210.0,24.795764705882355,0.0,Texas Christian,2023.0,2023.0,,,12.0,
2023,4,00-0038705,E.Demercado,RB,ARI,SF,0,0,0.0,0,0.0,0.0,0.0,1,3.0,0,4,3,21.0,0,2.4,5.4,,,69.0,210.0,24.795764705882355,0.0,Texas Christian,2023.0,2023.0,,,,0.09756097
2023,5,00-0038705,E.Demercado,RB,ARI,CIN,0,0,0.0,0,0.0,0.0,0.0,10,45.0,1,3,1,12.0,0,11.7,12.7,,,69.0,210.0,24.795764705882355,0.0,Texas Christian,2023.0,2023.0,,,-14.0,0.1
2023,6,00-0038705,E.Demercado,RB,ARI,LA,0,0,0.0,0,0.0,0.0,0.0,2,11.0,0,1,1,6.0,0,1.7,2.7,,,69.0,210.0,24.795764705882355,0.0,Texas Christian,2023.0,2023.0,,,,0.02631579
2023,7,00-0038705,E.Demercado,RB,ARI,SEA,0,0,0.0,0,0.0,0.0,0.0,13,58.0,0,5,4,17.0,0,7.5,11.5,,,69.0,210.0,24.795764705882355,0.0,Texas Christian,2023.0,2023.0,,,,0.15151516
2023,8,00-0038705,E.Demercado,RB,ARI,BAL,0,0,0.0,0,0.0,0.0,0.0,20,78.0,0,1,1,1.0,0,7.9,8.9,,,69.0,210.0,24.795764705882355,0.0,Texas Christian,2023.0,2023.0,,,-7.0,0.027777778
2023,12,00-0038705,E.Demercado,RB,ARI,LA,0,0,0.0,0,0.0,0.0,0.0,3,15.0,0,0,0,0.0,0,1.5,1.5,,,69.0,210.0,24.795764705882355,0.0,Texas Christian,2023.0,2023.0,,,-23.0,
2023,15,00-0038705,E.Demercado,RB,ARI,SF,0,0,0.0,0,0.0,0.0,0.0,4,64.0,1,3,1,6.0,0,13.0,14.0,,,69.0,210.0,24.795764705882355,0.0,Texas Christian,2023.0,2023.0,,,-16.0,0.078947365
2023,16,00-0038705,E.Demercado,RB,ARI,CHI,0,0,0.0,0,0.0,0.0,0.0,2,10.0,0,8,7,40.0,0,5.0,12.0,,,69.0,210.0,24.795764705882355,0.0,Texas Christian,2023.0,2023.0,,,,0.21621622
2023,17,00-0038705,E.Demercado,RB,ARI,PHI,0,0,0.0,0,0.0,0.0,0.0,0,0.0,0,3,1,9.0,0,0.9,1.9,,,69.0,210.0,24.795764705882355,0.0,Texas Christian,2023.0,2023.0,,,,0.09677419
2023,3,00-0038720,J.Hill,TE,MIA,DEN,0,0,0.0,0,0.0,0.0,0.0,0,0.0,0,1,0,0.0,0,0.0,0.0,,,76.0,250.0,23.34261111111111,0.0,Campbell,2023.0,2023.0,,,50.0,0.035714287
2023,8,00-0038720,J.Hill,TE,MIA,NE,0,0,0.0,0,0.0,0.0,0.0,0,0.0,0,2,1,4.0,0,0.4,1.4,,,76.0,250.0,23.34261111111111,0.0,Campbell,2023.0,2023.0,,,14.0,0.045454547
2023,11,00-0038720,J.Hill,TE,MIA,LV,0,0,0.0,0,0.0,0.0,0.0,0,0.0,0,1,1,10.0,0,-1.0,0.0,,,76.0,250.0,23.34261111111111,0.0,Campbell,2023.0,2023.0,,,7.0,0.027777778
2023,13,00-0038720,J.Hill,TE,MIA,WAS,0,0,0.0,0,0.0,0.0,0.0,0,0.0,0,2,2,23.0,0,2.3,4.3,,,76.0,250.0,23.34261111111111,0.0,Campbell,2023.0,2023.0,,,,0.08
2023,17,00-0038720,J.Hill,TE,MIA,BAL,0,0,0.0,0,0.0,0.0,0.0,0,0.0,0,1,1,9.0,0,0.9,1.9,,,76.0,250.0,23.34261111111111,0.0,Campbell,2023.0,2023.0,,,,0.027777778
2023,18,00-0038720,J.Hill,TE,MIA,BUF,0,0,0.0,0,0.0,0.0,0.0,0,0.0,0,2,1,2.0,0,0.2,1.2,,,76.0,250.0,23.34261111111111,0.0,Campbell,2023.0,2023.0,,,-7.0,0.074074075
2023,3,00-0038738,H.Luepke,FB,DAL,ARI,0,0,0.0,0,0.0,0.0,0.0,1,9.0,0,1,1,12.0,0,2.1,3.1,,,73.0,236.0,23.7065,0.0,North Dakota State,2023.0,2023.0,,,,0.027027028
2023,4,00-0038738,H.Luepke,FB,DAL,NE,0,0,0.0,0,0.0,0.0,0.0,2,4.0,1,0,0,0.0,0,6.4,6.4,,,73.0,236.0,23.7065,0.0,North Dakota State,2023.0,2023.0,,,35.0,
2023,8,00-0038738,H.Luepke,FB,DAL,LA,0,0,0.0,0,0.0,0.0,0.0,0,0.0,0,1,1,-2.0,0,-0.2,0.8,,,73.0,236.0,23.7065,0.0,North Dakota State,2023.0,2023.0,,,23.0,0.029411765
2023,9,00-0038738,H.Luepke,FB,DAL,PHI,0,0,0.0,0,0.0,0.0,0.0,0,0.0,0,1,0,0.0,0,0.0,0.0,,,73.0,236.0,23.7065,0.0,North Dakota State,2023.0,2023.0,,,,0.022727273
2023,15,00-0038738,H.Luepke,FB,DAL,BUF,0,0,0.0,0,0.0,0.0,0.0,1,3.0,0,0,0,0.0,0,0.3,0.3,,,73.0,236.0,23.7065,0.0,North Dakota State,2023.0,2023.0,,,,
2023,16,00-0038738,H.Luepke,FB,DAL,MIA,0,0,0.0,0,0.0,0.0,0.0,2,3.0,0,1,1,8.0,0,1.1,2.1,,,73.0,236.0,23.7065,0.0,North Dakota State,2023.0,2023.0,,,,0.03125
2023,2,00-0038752,J.Bobo,WR,SEA,DET,0,0,0.0,0,0.0,0.0,0.0,0,0.0,0,1,1,3.0,0,0.3,1.3,,,76.0,215.0,25.26794117647059,0.0,UCLA,2023.0,2023.0,,,,0.027027028
2023,3,00-0038752,J.Bobo,WR,SEA,CAR,0,0,0.0,0,0.0,0.0,0.0,0,0.0,0,2,1,5.0,1,6.5,7.5,,,76.0,215.0,25.26794117647059,0.0,UCLA,2023.0,2023.0,,,10.0,0.057142857
2023,4,00-0038752,J.Bobo,WR,SEA,NYG,0,0,0.0,0,0.0,0.0,0.0,0,0.0,0,1,0,0.0,0,0.0,0.0,,,76.0,215.0,25.26794117647059,0.0,UCLA,2023.0,2023.0,,,,0.03846154
2023,6,00-0038752,J.Bobo,WR,SEA,CIN,0,0,0.0,0,0.0,0.0,0.0,0,0.0,0,2,2,43.0,0,4.3,6.3,,,76.0,215.0,25.26794117647059,0.0,UCLA,2023.0,2023.0,,,,0.054054055
2023,7,00-0038752,J.Bobo,WR,SEA,ARI,0,0,0.0,0,0.0,0.0,0.0,0,0.0,0,5,4,61.0,1,12.1,16.1,,,76.0,215.0,25.26794117647059,0.0,UCLA,2023.0,2023.0,,,10.0,0.20833333
2023,8,00-0038752,J.Bobo,WR,SEA,CLE,0,0,0.0,0,0.0,0.0,0.0,1,3.0,1,2,2,23.0,0,8.6,10.6,,,76.0,215.0,25.26794117647059,0.0,UCLA,2023.0,2023.0,,,4.0,0.055555556
2023,10,00-0038752,J.Bobo,WR,SEA,WAS,0,0,0.0,0,0.0,0.0,0.0,0,0.0,0,2,2,13.0,0,1.3,3.3,,,76.0,215.0,25.26794117647059,0.0,UCLA,2023.0,2023.0,,,3.0,0.04761905
2023,11,00-0038752,J.Bobo,WR,SEA,LA,0,0,0.0,0,0.0,0.0,0.0,0,0.0,0,2,1,8.0,0,0.8,1.8,,,76.0,215.0,25.26794117647059,0.0,UCLA,2023.0,2023.0,,,,0.05263158
2023,12,00-0038752,J.Bobo,WR,SEA,SF,0,0,0.0,0,0.0,0.0,0.0,0,0.0,0,1,1,6.0,0,0.6,1.6,,,76.0,215.0,25.26794117647059,0.0,UCLA,2023.0,2023.0,,,-18.0,0.037037037
2023,13,00-0038752,J.Bobo,WR,SEA,DAL,0,0,0.0,0,0.0,0.0,0.0,0,0.0,0,1,1,9.0,0,0.9,1.9,,,76.0,215.0,25.26794117647059,0.0,UCLA,2023.0,2023.0,,,,0.02631579
2023,15,00-0038752,J.Bobo,WR,SEA,PHI,0,0,0.0,0,0.0,0.0,0.0,0,0.0,0,1,1,4.0,0,0.4,1.4,,,76.0,215.0,25.26794117647059,0.0,UCLA,2023.0,2023.0,,,3.0,0.03125
2023,16,00-0038752,J.Bobo,WR,SEA,TEN,0,0,0.0,0,0.0,0.0,0.0,0,0.0,0,3,1,8.0,0,0.8,1.8,,,76.0,215.0,25.26794117647059,0.0,UCLA,2023.0,2023.0,,,,0.083333336
2023,17,00-0038752,J.Bobo,WR,SEA,PIT,0,0,0.0,0,0.0,0.0,0.0,0,0.0,0,1,1,4.0,0,0.4,1.4,,,76.0,215.0,25.26794117647059,0.0,UCLA,2023.0,2023.0,,,-7.0,0.030303031
2023,18,00-0038752,J.Bobo,WR,SEA,ARI,0,0,0.0,0,0.0,0.0,0.0,0,0.0,0,1,1,9.0,0,0.9,1.9,,,76.0,215.0,25.26794117647059,0.0,UCLA,2023.0,2023.0,,,,0.03846154
2023,3,00-0038783,N.Adkins,TE,DEN,MIA,0,0,0.0,0,0.0,0.0,0.0,0,0.0,0,1,1,11.0,0,1.1,2.1,,,75.0,252.0,24.33541176470588,0.0,South Carolina,2023.0,2023.0,,,,0.027777778
2023,4,00-0038783,N.Adkins,TE,DEN,CHI,0,0,0.0,0,0.0,0.0,0.0,0,0.0,0,2,2,8.0,0,0.8,2.8,,,75.0,252.0,24.33541176470588,0.0,South Carolina,2023.0,2023.0,,,,0.07692308
2023,5,00-0038783,N.Adkins,TE,DEN,NYJ,0,0,0.0,0,0.0,0.0,0.0,0,0.0,0,1,0,0.0,0,0.0,0.0,,,75.0,252.0,24.33541176470588,0.0,South Carolina,2023.0,2023.0,,,-10.0,0.037037037
2023,7,00-0038783,N.Adkins,TE,DEN,GB,0,0,0.0,0,0.0,0.0,0.0,0,0.0,0,1,1,3.0,0,0.3,1.3,,,75.0,252.0,24.33541176470588,0.0,South Carolina,2023.0,2023.0,,,2.0,0.041666668
2023,1,00-0038794,J.McLaughlin,RB,DEN,LV,0,0,0.0,0,0.0,0.0,0.0,0,0.0,0,1,1,-7.0,0,-0.7,0.3,,,67.0,183.0,23.15270588235294,0.0,Youngstown State,2023.0,2023.0,,,-1.0,0.03125
2023,2,00-0038794,J.McLaughlin,RB,DEN,WAS,0,0,0.0,0,0.0,0.0,0.0,1,5.0,1,0,0,0.0,0,6.5,6.5,,,67.0,183.0,23.15270588235294,0.0,Youngstown State,2023.0,2023.0,,,-2.0,
2023,3,00-0038794,J.McLaughlin,RB,DEN,MIA,0,0,0.0,0,0.0,0.0,0.0,5,15.0,0,0,0,0.0,0,1.5,1.5,,,67.0,183.0,23.15270588235294,0.0,Youngstown State,2023.0,2023.0,,,,
2023,4,00-0038794,J.McLaughlin,RB,DEN,CHI,0,0,0.0,0,0.0,0.0,0.0,7,72.0,0,3,3,32.0,1,16.4,19.4,,,67.0,183.0,23.15270588235294,0.0,Youngstown State,2023.0,2023.0,,,,0.115384616
2023,5,00-0038794,J.McLaughlin,RB,DEN,NYJ,0,0,0.0,0,0.0,0.0,0.0,9,68.0,0,4,3,21.0,1,14.9,17.9,,,67.0,183.0,23.15270588235294,0.0,Youngstown State,2023.0,2023.0,,,-10.0,0.14814815
2023,6,00-0038794,J.McLaughlin,RB,DEN,KC,0,0,0.0,0,0.0,0.0,0.0,7,30.0,0,2,2,12.0,0,4.2,6.2,,,67.0,183.0,23.15270588235294,0.0,Youngstown State,2023.0,2023.0,,,,0.09090909
2023,7,00-0038794,J.McLaughlin,RB,DEN,GB,0,0,0.0,0,0.0,0.0,0.0,5,45.0,0,2,1,1.0,0,4.6,5.6,,,67.0,183.0,23.15270588235294,0.0,Youngstown State,2023.0,2023.0,,,2.0,0.083333336
2023,8,00-0038794,J.McLaughlin,RB,DEN,KC,0,0,0.0,0,0.0,0.0,0.0,4,33.0,0,2,2,6.0,0,3.9,5.9,,,67.0,183.0,23.15270588235294,0.0,Youngstown State,2023.0,2023.0,,,15.0,0.11111111
2023,10,00-0038794,J.McLaughlin,RB,DEN,BUF,0,0,0.0,0,0.0,0.0,0.0,6,8.0,0,2,2,4.0,0,1.2,3.2,,,67.0,183.0,23.15270588235294,0.0,Youngstown State,2023.0,2023.0,,,,0.06896552
2023,11,00-0038794,J.McLaughlin,RB,DEN,MIN,0,0,0.0,0,0.0,0.0,0.0,1,1.0,0,5,5,14.0,0,1.5,6.5,,,67.0,183.0,23.15270588235294,0.0,Youngstown State,2023.0,2023.0,,,1.0,0.15625
2023,12,00-0038794,J.McLaughlin,RB,DEN,CLE,0,0,0.0,0,0.0,0.0,0.0,2,4.0,0,0,0,0.0,0,0.4,0.4,,,67.0,183.0,23.15270588235294,0.0,Youngstown State,2023.0,2023.0,,,17.0,
2023,13,00-0038794,J.McLaughlin,RB,DEN,HOU,0,0,0.0,0,0.0,0.0,0.0,4,15.0,0,2,2,6.0,0,2.1,4.1,,,67.0,183.0,23.15270588235294,0.0,Youngstown State,2023.0,2023.0,,,,0.083333336
2023,14,00-0038794,J.McLaughlin,RB,DEN,LAC,0,0,0.0,0,0.0,0.0,0.0,5,25.0,0,2,1,7.0,0,3.2,4.2,,,67.0,183.0,23.15270588235294,0.0,Youngstown State,2023.0,2023.0,,,,0.06666667
2023,15,00-0038794,J.McLaughlin,RB,DEN,DET,0,0,0.0,0,0.0,0.0,0.0,2,2.0,0,3,2,16.0,0,1.8,3.8,,,67.0,183.0,23.15270588235294,0.0,Youngstown State,2023.0,2023.0,,,,0.09375
2023,16,00-0038794,J.McLaughlin,RB,DEN,NE,0,0,0.0,0,0.0,0.0,0.0,6,37.0,0,5,4,30.0,0,6.7,10.7,,,67.0,183.0,23.15270588235294,0.0,Youngstown State,2023.0,2023.0,,,-3.0,0.14285715
2023,17,00-0038794,J.McLaughlin,RB,DEN,LAC,0,0,0.0,0,0.0,0.0,0.0,8,44.0,0,3,3,18.0,0,6.2,9.2,,,67.0,183.0,23.15270588235294,0.0,Youngstown State,2023.0,2023.0,,,7.0,0.1
2023,18,00-0038794,J.McLaughlin,RB,DEN,LV,0,0,0.0,0,0.0,0.0,0.0,4,6.0,0,0,0,0.0,0,0.6,0.6,,,67.0,183.0,23.15270588235294,0.0,Youngstown State,2023.0,2023.0,,,,
2023,2,00-0038797,E.Wilson,RB,GB,ATL,0,0,0.0,0,0.0,0.0,0.0,3,5.0,0,0,0,0.0,0,0.5,0.5,,,71.0,220.0,24.52821052631579,0.0,Fort Valley State,2023.0,2023.0,,,,
2023,3,00-0038797,E.Wilson,RB,GB,NO,0,0,0.0,0,0.0,0.0,0.0,2,6.0,0,1,1,6.0,0,1.2,2.2,,,71.0,220.0,24.52821052631579,0.0,Fort Valley State,2023.0,2023.0,,,1.0,0.023255814
2023,7,00-0038797,E.Wilson,RB,GB,DEN,0,0,0.0,0,0.0,0.0,0.0,2,19.0,0,2,2,8.0,0,2.7,4.7,,,71.0,220.0,24.52821052631579,0.0,Fort Valley State,2023.0,2023.0,,,,0.0625
2023,9,00-0038797,E.Wilson,RB,GB,LA,0,0,0.0,0,0.0,0.0,0.0,4,43.0,0,0,0,0.0,0,4.3,4.3,,,71.0,220.0,24.52821052631579,0.0,Fort Valley State,2023.0,2023.0,,,17.0,
2023,11,00-0038797,E.Wilson,RB,GB,LAC,0,0,0.0,0,0.0,0.0,0.0,3,12.0,0,2,1,9.0,0,2.1,3.1,,,71.0,220.0,24.52821052631579,0.0,Fort Valley State,2023.0,2023.0,,,3.0,0.05263158
2023,19,00-0038797,E.Wilson,RB,GB,DAL,0,0,0.0,0,0.0,0.0,0.0,8,20.0,0,0,0,0.0,0,2.0,2.0,,,71.0,220.0,24.52821052631579,0.0,Fort Valley State,2023.0,2023.0,,,,
2023,20,00-0038797,E.Wilson,RB,GB,SF,0,0,0.0,0,0.0,0.0,0.0,4,16.0,0,1,1,11.0,0,2.7,3.7,,,71.0,220.0,24.52821052631579,0.0,Fort Valley State,2023.0,2023.0,,,,0.030303031
2023,5,00-0038809,B.Sims,TE,GB,LV,0,0,0.0,0,0.0,0.0,0.0,0,0.0,0,1,1,12.0,0,1.2,2.2,,,77.0,258.0,23.504210526315788,0.0,Baylor,2023.0,2023.0,,,,0.03448276
2023,7,00-0038809,B.Sims,TE,GB,DEN,0,0,0.0,0,0.0,0.0,0.0,0,0.0,0,1,1,2.0,0,0.2,1.2,,,77.0,258.0,23.504210526315788,0.0,Baylor,2023.0,2023.0,,,,0.03125
2023,12,00-0038809,B.Sims,TE,GB,DET,0,0,0.0,0,0.0,0.0,0.0,0,0.0,0,1,0,0.0,0,0.0,0.0,,,77.0,258.0,23.504210526315788,0.0,Baylor,2023.0,2023.0,,,,0.033333335
2023,13,00-0038809,B.Sims,TE,GB,KC,0,0,0.0,0,0.0,0.0,0.0,0,0.0,0,1,1,1.0,1,6.1,7.1,,,77.0,258.0,23.504210526315788,0.0,Baylor,2023.0,2023.0,,,8.0,0.028571429
2023,15,00-0038809,B.Sims,TE,GB,TB,0,0,0.0,0,0.0,0.0,0.0,0,0.0,0,1,0,0.0,0,0.0,0.0,,,77.0,258.0,23.504210526315788,0.0,Baylor,2023.0,2023.0,,,-14.0,0.027777778
2023,17,00-0038809,B.Sims,TE,GB,MIN,0,0,0.0,0,0.0,0.0,0.0,0,0.0,0,1,1,6.0,0,0.6,1.6,,,77.0,258.0,23.504210526315788,0.0,Baylor,2023.0,2023.0,,,,0.029411765
2023,20,00-0038809,B.Sims,TE,GB,SF,0,0,0.0,0,0.0,0.0,0.0,0,0.0,0,1,1,4.0,0,0.4,1.4,,,77.0,258.0,23.504210526315788,0.0,Baylor,2023.0,2023.0,,,,0.030303031
2023,1,00-0038821,R.Jarrett,WR,TB,MIN,0,0,0.0,0,0.0,0.0,0.0,1,0.0,0,0,0,0.0,0,0.0,0.0,,,72.0,190.0,22.813105263157894,0.0,Maryland,2023.0,2023.0,,,,
2023,2,00-0038821,R.Jarrett,WR,TB,CHI,0,0,0.0,0,0.0,0.0,0.0,0,0.0,0,1,1,7.0,0,0.7,1.7,,,72.0,190.0,22.813105263157894,0.0,Maryland,2023.0,2023.0,,,10.0,0.03125
2023,4,00-0038821,R.Jarrett,WR,TB,NO,0,0,0.0,0,0.0,0.0,0.0,0,0.0,0,1,1,3.0,0,0.3,1.3,,,72.0,190.0,22.813105263157894,0.0,Maryland,2023.0,2023.0,,,,0.033333335
2023,7,00-0038821,R.Jarrett,WR,TB,ATL,0,0,0.0,0,0.0,0.0,0.0,0,0.0,0,2,0,0.0,0,0.0,0.0,,,72.0,190.0,22.813105263157894,0.0,Maryland,2023.0,2023.0,,,-3.0,0.048780486
2023,8,00-0038821,R.Jarrett,WR,TB,BUF,0,0,0.0,0,0.0,0.0,0.0,0,0.0,0,3,1,9.0,0,0.9,1.9,,,72.0,190.0,22.813105263157894,0.0,Maryland,2023.0,2023.0,,,,0.07692308
2023,11,00-0038821,R.Jarrett,WR,TB,SF,0,0,0.0,0,0.0,0.0,0.0,0,0.0,0,2,1,41.0,0,4.1,5.1,,,72.0,190.0,22.813105263157894,0.0,Maryland,2023.0,2023.0,,,,0.046511628
2023,2,00-0038862,E.Dotson,RB,LAC,TEN,0,0,0.0,0,0.0,0.0,0.0,4,6.0,0,2,2,13.0,0,1.9,3.9,,,69.0,200.0,24.80829411764706,0.0,Northern Colorado,2023.0,2023.0,,,,0.051282052
2023,11,00-0038891,S.Jackson,WR,CIN,BAL,0,0,0.0,0,0.0,0.0,0.0,0,0.0,0,1,0,0.0,0,0.0,0.0,,,73.0,202.0,24.055705882352942,0.0,Auburn,2023.0,2023.0,,,,0.032258064
2023,6,00-0038911,M.Cunningham,WR,NE,LV,0,0,0.0,0,0.0,1.0,5.0,0,0.0,0,0,0,0.0,0,0.0,0.0,,,73.0,190.0,25.111052631578946,0.0,Louisville,2023.0,2023.0,,,,
2023,1,00-0038933,D.Kincaid,TE,BUF,NYJ,0,0,0.0,0,0.0,0.0,0.0,0,0.0,0,4,4,26.0,0,2.6,6.6,,,76.0,240.0,24.07542105263158,0.0,Utah,2023.0,2023.0,BUF,25.0,,0.102564104
2023,2,00-0038933,D.Kincaid,TE,BUF,LV,0,0,0.0,0,0.0,0.0,0.0,0,0.0,0,6,5,43.0,0,4.3,9.3,,,76.0,240.0,24.07542105263158,0.0,Utah,2023.0,2023.0,BUF,25.0,28.0,0.16666667
2023,3,00-0038933,D.Kincaid,TE,BUF,WAS,0,0,0.0,0,0.0,0.0,0.0,0,0.0,0,2,2,3.0,0,0.3,2.3,,,76.0,240.0,24.07542105263158,0.0,Utah,2023.0,2023.0,BUF,25.0,,0.0625
2023,4,00-0038933,D.Kincaid,TE,BUF,MIA,0,0,0.0,0,0.0,0.0,0.0,0,0.0,0,5,4,27.0,0,2.7,6.7,,,76.0,240.0,24.07542105263158,0.0,Utah,2023.0,2023.0,BUF,25.0,28.0,0.2
2023,5,00-0038933,D.Kincaid,TE,BUF,JAX,0,0,0.0,0,0.0,0.0,0.0,0,0.0,0,2,2,19.0,0,1.9,3.9,,,76.0,240.0,24.07542105263158,0.0,Utah,2023.0,2023.0,BUF,25.0,-5.0,0.055555556
2023,7,00-0038933,D.Kincaid,TE,BUF,NE,0,0,0.0,0,0.0,0.0,0.0,0,0.0,0,8,8,75.0,0,7.5,15.5,,,76.0,240.0,24.07542105263158,0.0,Utah,2023.0,2023.0,BUF,25.0,,0.20512821
2023,8,00-0038933,D.Kincaid,TE,BUF,TB,0,0,0.0,0,0.0,0.0,0.0,0,0.0,0,7,5,65.0,1,12.5,17.5,,,76.0,240.0,24.07542105263158,0.0,Utah,2023.0,2023.0,BUF,25.0,6.0,0.17948718
2023,9,00-0038933,D.Kincaid,TE,BUF,CIN,0,0,0.0,0,0.0,0.0,0.0,0,0.0,0,11,10,81.0,0,6.1,16.1,,,76.0,240.0,24.07542105263158,0.0,Utah,2023.0,2023.0,BUF,25.0,,0.34375
2023,10,00-0038933,D.Kincaid,TE,BUF,DEN,0,0,0.0,0,0.0,0.0,0.0,0,0.0,0,6,5,51.0,1,11.1,16.1,,,76.0,240.0,24.07542105263158,0.0,Utah,2023.0,2023.0,BUF,25.0,-2.0,0.24
2023,11,00-0038933,D.Kincaid,TE,BUF,NYJ,0,0,0.0,0,0.0,0.0,0.0,0,0.0,0,7,6,46.0,0,4.6,10.6,,,76.0,240.0,24.07542105263158,0.0,Utah,2023.0,2023.0,BUF,25.0,26.0,0.2413793
2023,12,00-0038933,D.Kincaid,TE,BUF,PHI,0,0,0.0,0,0.0,0.0,0.0,0,0.0,0,6,5,38.0,0,3.8,8.8,,,76.0,240.0,24.07542105263158,0.0,Utah,2023.0,2023.0,BUF,25.0,,0.12244898
2023,14,00-0038933,D.Kincaid,TE,BUF,KC,0,0,0.0,0,0.0,0.0,0.0,0,0.0,0,8,5,21.0,0,2.1,7.1,,,76.0,240.0,24.07542105263158,0.0,Utah,2023.0,2023.0,BUF,25.0,,0.22222222
2023,15,00-0038933,D.Kincaid,TE,BUF,DAL,0,0,0.0,0,0.0,0.0,0.0,0,0.0,0,2,0,0.0,0,0.0,0.0,,,76.0,240.0,24.07542105263158,0.0,Utah,2023.0,2023.0,BUF,25.0,21.0,0.15384616
2023,16,00-0038933,D.Kincaid,TE,BUF,LAC,0,0,0.0,0,0.0,0.0,0.0,0,0.0,0,2,1,7.0,0,0.7,1.7,,,76.0,240.0,24.07542105263158,0.0,Utah,2023.0,2023.0,BUF,25.0,,0.0952381
2023,17,00-0038933,D.Kincaid,TE,BUF,NE,0,0,0.0,0,0.0,0.0,0.0,0,0.0,0,7,4,87.0,0,8.7,12.7,,,76.0,240.0,24.07542105263158,0.0,Utah,2023.0,2023.0,BUF,25.0,6.0,0.25
2023,18,00-0038933,D.Kincaid,TE,BUF,MIA,0,0,0.0,0,0.0,0.0,0.0,0,0.0,0,8,7,84.0,0,8.4,15.4,,,76.0,240.0,24.07542105263158,0.0,Utah,2023.0,2023.0,BUF,25.0,,0.21621622
2023,19,00-0038933,D.Kincaid,TE,BUF,PIT,0,0,0.0,0,0.0,0.0,0.0,0,0.0,0,6,3,59.0,1,11.9,14.9,,,76.0,240.0,24.07542105263158,0.0,Utah,2023.0,2023.0,BUF,25.0,14.0,0.2
2023,20,00-0038933,D.Kincaid,TE,BUF,KC,0,0,0.0,0,0.0,0.0,0.0,0,0.0,0,5,5,45.0,0,4.5,9.5,,,76.0,240.0,24.07542105263158,0.0,Utah,2023.0,2023.0,BUF,25.0,-3.0,0.13513513
2023,3,00-0038935,B.Strange,TE,JAX,HOU,0,0,0.0,0,0.0,0.0,0.0,0,0.0,0,2,2,7.0,0,0.7,2.7,,,75.0,247.0,22.865411764705883,0.0,Penn State,2023.0,2023.0,JAX,61.0,-20.0,0.05
2023,5,00-0038935,B.Strange,TE,JAX,BUF,0,0,0.0,0,0.0,0.0,0.0,0,0.0,0,1,0,0.0,0,0.0,0.0,,,75.0,247.0,22.865411764705883,0.0,Penn State,2023.0,2023.0,JAX,61.0,,0.027027028
2023,6,00-0038935,B.Strange,TE,JAX,IND,0,0,0.0,0,0.0,0.0,0.0,0,0.0,0,3,2,27.0,1,8.7,10.7,,,75.0,247.0,22.865411764705883,0.0,Penn State,2023.0,2023.0,JAX,61.0,17.0,0.10714286
2023,10,00-0038935,B.Strange,TE,JAX,SF,0,0,0.0,0,0.0,0.0,0.0,0,0.0,0,1,0,0.0,0,0.0,0.0,,,75.0,247.0,22.865411764705883,0.0,Penn State,2023.0,2023.0,JAX,61.0,-31.0,0.032258064
2023,17,00-0038935,B.Strange,TE,JAX,CAR,0,0,0.0,0,0.0,0.0,0.0,0,0.0,0,2,1,1.0,0,0.1,1.1,,,75.0,247.0,22.865411764705883,0.0,Penn State,2023.0,2023.0,JAX,61.0,26.0,0.08695652
2023,1,00-0038938,J.Hyatt,WR,NYG,DAL,0,0,0.0,0,0.0,0.0,0.0,0,0.0,0,1,0,0.0,0,0.0,0.0,,,72.0,185.0,22.116529411764706,0.0,Tennessee,2023.0,2023.0,NYG,73.0,-40.0,0.03448276
2023,2,00-0038938,J.Hyatt,WR,NYG,ARI,0,0,0.0,0,0.0,0.0,0.0,0,0.0,0,2,2,89.0,0,8.9,10.9,,,72.0,185.0,22.116529411764706,0.0,Tennessee,2023.0,2023.0,NYG,73.0,,0.057142857
2023,4,00-0038938,J.Hyatt,WR,NYG,SEA,0,0,0.0,0,0.0,0.0,0.0,0,0.0,0,2,2,10.0,0,1.0,3.0,,,72.0,185.0,22.116529411764706,0.0,Tennessee,2023.0,2023.0,NYG,73.0,-21.0,0.0625
2023,6,00-0038938,J.Hyatt,WR,NYG,BUF,0,0,0.0,0,0.0,0.0,0.0,0,0.0,0,4,3,21.0,0,2.1,5.1,,,72.0,185.0,22.116529411764706,0.0,Tennessee,2023.0,2023.0,NYG,73.0,,0.12903225
2023,7,00-0038938,J.Hyatt,WR,NYG,WAS,0,0,0.0,0,0.0,0.0,0.0,0,0.0,0,5,2,75.0,0,7.5,9.5,,,72.0,185.0,22.116529411764706,0.0,Tennessee,2023.0,2023.0,NYG,73.0,7.0,0.18518518
2023,9,00-0038938,J.Hyatt,WR,NYG,LV,0,0,0.0,0,0.0,0.0,0.0,0,0.0,0,5,2,19.0,0,1.9,3.9,,,72.0,185.0,22.116529411764706,0.0,Tennessee,2023.0,2023.0,NYG,73.0,,0.1724138
2023,10,00-0038938,J.Hyatt,WR,NYG,DAL,0,0,0.0,0,0.0,0.0,0.0,0,0.0,0,1,0,0.0,0,0.0,0.0,,,72.0,185.0,22.116529411764706,0.0,Tennessee,2023.0,2023.0,NYG,73.0,,0.03846154
2023,11,00-0038938,J.Hyatt,WR,NYG,WAS,0,0,0.0,0,0.0,0.0,0.0,0,0.0,0,2,1,7.0,0,0.7,1.7,,,72.0,185.0,22.116529411764706,0.0,Tennessee,2023.0,2023.0,NYG,73.0,,0.07692308
2023,12,00-0038938,J.Hyatt,WR,NYG,NE,0,0,0.0,0,0.0,0.0,0.0,0,0.0,0,6,5,109.0,0,10.9,15.9,,,72.0,185.0,22.116529411764706,0.0,Tennessee,2023.0,2023.0,NYG,73.0,3.0,0.25
2023,14,00-0038938,J.Hyatt,WR,NYG,GB,0,0,0.0,0,0.0,0.0,0.0,0,0.0,0,3,2,13.0,0,1.3,3.3,,,72.0,185.0,22.116529411764706,0.0,Tennessee,2023.0,2023.0,NYG,73.0,2.0,0.15
2023,15,00-0038938,J.Hyatt,WR,NYG,NO,0,0,0.0,0,0.0,0.0,0.0,0,0.0,0,3,0,0.0,0,0.0,0.0,,,72.0,185.0,22.116529411764706,0.0,Tennessee,2023.0,2023.0,NYG,73.0,,0.0882353
2023,17,00-0038938,J.Hyatt,WR,NYG,LA,0,0,0.0,0,0.0,0.0,0.0,0,0.0,0,4,3,25.0,0,2.5,5.5,,,72.0,185.0,22.116529411764706,0.0,Tennessee,2023.0,2023.0,NYG,73.0,-1.0,0.102564104
2023,18,00-0038938,J.Hyatt,WR,NYG,PHI,0,0,0.0,0,0.0,0.0,0.0,0,0.0,0,2,1,5.0,0,0.5,1.5,,,72.0,185.0,22.116529411764706,0.0,Tennessee,2023.0,2023.0,NYG,73.0,17.0,0.0625
2023,1,00-0038941,T.Scott,WR,CHI,GB,0,0,0.0,0,0.0,0.0,0.0,0,0.0,0,2,2,14.0,0,1.4,3.4,,,71.0,185.0,22.069117647058825,0.0,Cincinnati,2023.0,2023.0,CHI,133.0,-18.0,0.055555556
2023,3,00-0038941,T.Scott,WR,CHI,KC,0,0,0.0,0,0.0,0.0,0.0,0,0.0,0,3,1,6.0,0,0.6,1.6,,,71.0,185.0,22.069117647058825,0.0,Cincinnati,2023.0,2023.0,CHI,133.0,,0.15
2023,4,00-0038941,T.Scott,WR,CHI,DEN,0,0,0.0,0,0.0,0.0,0.0,2,19.0,0,0,0,0.0,0,1.9,1.9,,,71.0,185.0,22.069117647058825,0.0,Cincinnati,2023.0,2023.0,CHI,133.0,-3.0,
2023,6,00-0038941,T.Scott,WR,CHI,MIN,0,0,0.0,0,0.0,0.0,0.0,0,0.0,0,4,2,12.0,0,1.2,3.2,,,71.0,185.0,22.069117647058825,0.0,Cincinnati,2023.0,2023.0,CHI,133.0,-6.0,0.16666667
2023,7,00-0038941,T.Scott,WR,CHI,LV,0,0,0.0,0,0.0,0.0,0.0,2,14.0,0,3,2,19.0,0,3.3,5.3,,,71.0,185.0,22.069117647058825,0.0,Cincinnati,2023.0,2023.0,CHI,133.0,18.0,0.10344828
2023,8,00-0038941,T.Scott,WR,CHI,LAC,0,0,0.0,0,0.0,0.0,0.0,0,0.0,0,3,1,11.0,0,1.1,2.1,,,71.0,185.0,22.069117647058825,0.0,Cincinnati,2023.0,2023.0,CHI,133.0,,0.08108108
2023,9,00-0038941,T.Scott,WR,CHI,NO,0,0,0.0,0,0.0,0.0,0.0,1,-5.0,0,2,0,0.0,0,-0.5,-0.5,,,71.0,185.0,22.069117647058825,0.0,Cincinnati,2023.0,2023.0,CHI,133.0,,0.07692308
2023,10,00-0038941,T.Scott,WR,CHI,CAR,0,0,0.0,0,0.0,0.0,0.0,1,16.0,0,1,1,15.0,0,3.1,4.1,,,71.0,185.0,22.069117647058825,0.0,Cincinnati,2023.0,2023.0,CHI,133.0,3.0,0.03125
2023,11,00-0038941,T.Scott,WR,CHI,DET,0,0,0.0,0,0.0,0.0,0.0,0,0.0,0,2,1,4.0,0,-1.6,-0.6,,,71.0,185.0,22.069117647058825,0.0,Cincinnati,2023.0,2023.0,CHI,133.0,,0.09090909
2023,14,00-0038941,T.Scott,WR,CHI,DET,0,0,0.0,0,0.0,0.0,0.0,0,0.0,0,1,1,11.0,0,1.1,2.1,,,71.0,185.0,22.069117647058825,0.0,Cincinnati,2023.0,2023.0,CHI,133.0,15.0,0.033333335
2023,15,00-0038941,T.Scott,WR,CHI,CLE,0,0,0.0,0,0.0,0.0,0.0,1,-3.0,0,4,3,49.0,0,4.6,7.6,,,71.0,185.0,22.069117647058825,0.0,Cincinnati,2023.0,2023.0,CHI,133.0,,0.114285715
2023,17,00-0038941,T.Scott,WR,CHI,ATL,0,0,0.0,0,0.0,0.0,0.0,0,0.0,0,5,2,15.0,0,1.5,3.5,,,71.0,185.0,22.069117647058825,0.0,Cincinnati,2023.0,2023.0,CHI,133.0,20.0,0.16666667
2023,18,00-0038941,T.Scott,WR,CHI,GB,0,0,0.0,0,0.0,0.0,0.0,0,0.0,0,2,1,12.0,0,1.2,2.2,,,71.0,185.0,22.069117647058825,0.0,Cincinnati,2023.0,2023.0,CHI,133.0,,0.125
2023,1,00-0038951,S.Tucker,RB,TB,MIN,0,0,0.0,0,0.0,0.0,0.0,5,15.0,0,2,2,9.0,0,2.4,4.4,,,70.0,210.0,22.062842105263158,0.0,Syracuse,2023.0,2023.0,,,,0.0625
2023,2,00-0038951,S.Tucker,RB,TB,CHI,0,0,0.0,0,0.0,0.0,0.0,8,7.0,0,0,0,0.0,0,0.7,0.7,,,70.0,210.0,22.062842105263158,0.0,Syracuse,2023.0,2023.0,,,10.0,
2023,3,00-0038951,S.Tucker,RB,TB,PHI,0,0,0.0,0,0.0,0.0,0.0,2,1.0,0,0,0,0.0,0,0.1,0.1,,,70.0,210.0,22.062842105263158,0.0,Syracuse,2023.0,2023.0,,,-14.0,
2023,1,00-0038976,M.Mims,WR,DEN,LV,0,0,0.0,0,0.0,0.0,0.0,0,0.0,0,2,2,9.0,0,0.9,2.9,,,71.0,182.0,21.641411764705882,0.0,Oklahoma,2023.0,2023.0,DEN,63.0,-1.0,0.0625
2023,2,00-0038976,M.Mims,WR,DEN,WAS,0,0,0.0,0,0.0,0.0,0.0,2,10.0,0,2,2,113.0,1,18.3,20.3,,,71.0,182.0,21.641411764705882,0.0,Oklahoma,2023.0,2023.0,DEN,63.0,-2.0,0.074074075
2023,3,00-0038976,M.Mims,WR,DEN,MIA,0,0,0.0,0,0.0,0.0,0.0,1,3.0,0,5,3,73.0,0,13.6,16.6,,,71.0,182.0,21.641411764705882,0.0,Oklahoma,2023.0,2023.0,DEN,63.0,,0.1388889
2023,4,00-0038976,M.Mims,WR,DEN,CHI,0,0,0.0,0,0.0,0.0,0.0,0,0.0,0,2,2,47.0,0,4.7,6.7,,,71.0,182.0,21.641411764705882,0.0,Oklahoma,2023.0,2023.0,DEN,63.0,,0.07692308
2023,5,00-0038976,M.Mims,WR,DEN,NYJ,0,0,0.0,0,0.0,0.0,0.0,0,0.0,0,1,1,4.0,0,0.4,1.4,,,71.0,182.0,21.641411764705882,0.0,Oklahoma,2023.0,2023.0,DEN,63.0,-10.0,0.037037037
2023,7,00-0038976,M.Mims,WR,DEN,GB,0,0,0.0,0,0.0,0.0,0.0,1,-11.0,0,1,0,0.0,0,-1.1,-1.1,,,71.0,182.0,21.641411764705882,0.0,Oklahoma,2023.0,2023.0,DEN,63.0,2.0,0.041666668
2023,8,00-0038976,M.Mims,WR,DEN,KC,0,0,0.0,0,0.0,0.0,0.0,0,0.0,0,1,1,0.0,0,0.0,1.0,,,71.0,182.0,21.641411764705882,0.0,Oklahoma,2023.0,2023.0,DEN,63.0,15.0,0.055555556
2023,10,00-0038976,M.Mims,WR,DEN,BUF,0,0,0.0,0,0.0,0.0,0.0,1,-3.0,0,1,0,0.0,0,-0.3,-0.3,,,71.0,182.0,21.641411764705882,0.0,Oklahoma,2023.0,2023.0,DEN,63.0,,0.03448276
2023,11,00-0038976,M.Mims,WR,DEN,MIN,0,0,0.0,0,0.0,0.0,0.0,0,0.0,0,3,2,12.0,0,1.2,3.2,,,71.0,182.0,21.641411764705882,0.0,Oklahoma,2023.0,2023.0,DEN,63.0,1.0,0.09375
2023,12,00-0038976,M.Mims,WR,DEN,CLE,0,0,0.0,0,0.0,0.0,0.0,1,11.0,0,3,2,24.0,0,3.5,5.5,,,71.0,182.0,21.641411764705882,0.0,Oklahoma,2023.0,2023.0,DEN,63.0,17.0,0.14285715
2023,13,00-0038976,M.Mims,WR,DEN,HOU,0,0,0.0,0,0.0,0.0,0.0,1,8.0,0,2,1,5.0,0,1.3,2.3,,,71.0,182.0,21.641411764705882,0.0,Oklahoma,2023.0,2023.0,DEN,63.0,,0.083333336
2023,14,00-0038976,M.Mims,WR,DEN,LAC,0,0,0.0,0,0.0,0.0,0.0,0,0.0,0,3,2,11.0,0,1.1,3.1,,,71.0,182.0,21.641411764705882,0.0,Oklahoma,2023.0,2023.0,DEN,63.0,,0.1
2023,15,00-0038976,M.Mims,WR,DEN,DET,0,0,0.0,0,0.0,0.0,0.0,1,11.0,0,2,0,0.0,0,1.1,1.1,,,71.0,182.0,21.641411764705882,0.0,Oklahoma,2023.0,2023.0,DEN,63.0,,0.0625
2023,16,00-0038976,M.Mims,WR,DEN,NE,0,0,0.0,0,0.0,0.0,0.0,0,0.0,0,4,3,63.0,0,6.3,9.3,,,71.0,182.0,21.641411764705882,0.0,Oklahoma,2023.0,2023.0,DEN,63.0,-3.0,0.114285715
2023,18,00-0038976,M.Mims,WR,DEN,LV,0,0,0.0,0,0.0,0.0,0.0,1,1.0,0,1,1,16.0,0,1.7,2.7,,,71.0,182.0,21.641411764705882,0.0,Oklahoma,2023.0,2023.0,DEN,63.0,,0.03125
2023,1,00-0038977,T.Dell,WR,HOU,BAL,0,0,0.0,0,0.0,0.0,0.0,0,0.0,0,4,3,34.0,0,3.4,6.4,,,70.0,165.0,24.050947368421053,0.0,Houston,2023.0,2023.0,HOU,69.0,,0.093023255
2023,2,00-0038977,T.Dell,WR,HOU,IND,0,0,0.0,0,0.0,0.0,0.0,0,0.0,0,10,7,72.0,1,13.2,20.2,,,70.0,165.0,24.050947368421053,0.0,Houston,2023.0,2023.0,HOU,69.0,-11.0,0.23255815
2023,3,00-0038977,T.Dell,WR,HOU,JAX,0,0,0.0,0,0.0,0.0,0.0,0,0.0,0,7,5,145.0,1,20.5,25.5,,,70.0,165.0,24.050947368421053,0.0,Houston,2023.0,2023.0,HOU,69.0,,0.2413793
2023,4,00-0038977,T.Dell,WR,HOU,PIT,0,0,0.0,0,0.0,0.0,0.0,2,13.0,0,3,1,16.0,0,2.9,3.9,,,70.0,165.0,24.050947368421053,0.0,Houston,2023.0,2023.0,HOU,69.0,24.0,0.11111111
2023,5,00-0038977,T.Dell,WR,HOU,ATL,0,0,0.0,0,0.0,0.0,0.0,2,-4.0,0,4,3,57.0,0,5.3,8.3,,,70.0,165.0,24.050947368421053,0.0,Houston,2023.0,2023.0,HOU,69.0,,0.125
2023,8,00-0038977,T.Dell,WR,HOU,CAR,0,0,0.0,0,0.0,0.0,0.0,3,15.0,0,4,3,16.0,0,3.1,6.1,,,70.0,165.0,24.050947368421053,0.0,Houston,2023.0,2023.0,HOU,69.0,,0.16666667
2023,9,00-0038977,T.Dell,WR,HOU,TB,0,0,0.0,0,0.0,0.0,0.0,2,2.0,0,11,6,114.0,2,23.6,29.6,,,70.0,165.0,24.050947368421053,0.0,Houston,2023.0,2023.0,HOU,69.0,2.0,0.28947368
2023,10,00-0038977,T.Dell,WR,HOU,CIN,0,0,0.0,0,0.0,0.0,0.0,1,13.0,0,14,6,56.0,1,12.9,18.9,,,70.0,165.0,24.050947368421053,0.0,Houston,2023.0,2023.0,HOU,69.0,,0.35897437
2023,11,00-0038977,T.Dell,WR,HOU,ARI,0,0,0.0,0,0.0,1.0,1.0,0,0.0,0,10,8,149.0,1,20.9,28.9,,,70.0,165.0,24.050947368421053,0.0,Houston,2023.0,2023.0,HOU,69.0,5.0,0.2631579
2023,12,00-0038977,T.Dell,WR,HOU,JAX,0,0,0.0,0,0.0,0.0,0.0,1,12.0,0,8,5,50.0,1,12.2,17.2,,,70.0,165.0,24.050947368421053,0.0,Houston,2023.0,2023.0,HOU,69.0,-3.0,0.22222222
2023,4,00-0038979,C.Tillman,WR,CLE,BAL,0,0,0.0,0,0.0,0.0,0.0,0,0.0,0,3,1,5.0,0,0.5,1.5,,,75.0,215.0,23.56961111111111,0.0,Tennessee,2023.0,2023.0,CLE,74.0,-25.0,0.0882353
2023,9,00-0038979,C.Tillman,WR,CLE,ARI,0,0,0.0,0,0.0,0.0,0.0,0,0.0,0,1,1,3.0,0,0.3,1.3,,,75.0,215.0,23.56961111111111,0.0,Tennessee,2023.0,2023.0,CLE,74.0,27.0,0.035714287
2023,10,00-0038979,C.Tillman,WR,CLE,BAL,0,0,0.0,0,0.0,0.0,0.0,0,0.0,0,3,0,0.0,0,0.0,0.0,,,75.0,215.0,23.56961111111111,0.0,Tennessee,2023.0,2023.0,CLE,74.0,,0.09375
2023,11,00-0038979,C.Tillman,WR,CLE,PIT,0,0,0.0,0,0.0,0.0,0.0,1,8.0,0,2,1,2.0,0,1.0,2.0,,,75.0,215.0,23.56961111111111,0.0,Tennessee,2023.0,2023.0,CLE,74.0,3.0,0.048780486
2023,12,00-0038979,C.Tillman,WR,CLE,DEN,0,0,0.0,0,0.0,0.0,0.0,0,0.0,0,5,4,55.0,0,5.5,9.5,,,75.0,215.0,23.56961111111111,0.0,Tennessee,2023.0,2023.0,CLE,74.0,,0.12820514
2023,13,00-0038979,C.Tillman,WR,CLE,LA,0,0,0.0,0,0.0,0.0,0.0,0,0.0,0,6,2,20.0,0,2.0,4.0,,,75.0,215.0,23.56961111111111,0.0,Tennessee,2023.0,2023.0,CLE,74.0,,0.14634146
2023,14,00-0038979,C.Tillman,WR,CLE,JAX,0,0,0.0,0,0.0,0.0,0.0,0,0.0,0,4,2,23.0,0,2.3,4.3,,,75.0,215.0,23.56961111111111,0.0,Tennessee,2023.0,2023.0,CLE,74.0,4.0,0.093023255
2023,15,00-0038979,C.Tillman,WR,CLE,CHI,0,0,0.0,0,0.0,0.0,0.0,0,0.0,0,8,4,52.0,0,5.2,9.2,,,75.0,215.0,23.56961111111111,0.0,Tennessee,2023.0,2023.0,CLE,74.0,3.0,0.18181819
2023,16,00-0038979,C.Tillman,WR,CLE,HOU,0,0,0.0,0,0.0,0.0,0.0,0,0.0,0,2,2,13.0,0,1.3,3.3,,,75.0,215.0,23.56961111111111,0.0,Tennessee,2023.0,2023.0,CLE,74.0,,0.046511628
2023,17,00-0038979,C.Tillman,WR,CLE,NYJ,0,0,0.0,0,0.0,0.0,0.0,0,0.0,0,4,1,8.0,0,0.8,1.8,,,75.0,215.0,23.56961111111111,0.0,Tennessee,2023.0,2023.0,CLE,74.0,17.0,0.13793103
2023,18,00-0038979,C.Tillman,WR,CLE,CIN,0,0,0.0,0,0.0,0.0,0.0,0,0.0,0,6,3,43.0,0,4.3,7.3,,,75.0,215.0,23.56961111111111,0.0,Tennessee,2023.0,2023.0,CLE,74.0,,0.24
2023,1,00-0038994,J.Addison,WR,MIN,TB,0,0,0.0,0,0.0,0.0,0.0,0,0.0,0,6,4,61.0,1,12.1,16.1,,,71.0,175.0,21.776823529411764,0.0,Southern California,2023.0,2023.0,MIN,23.0,-3.0,0.13636364
2023,2,00-0038994,J.Addison,WR,MIN,PHI,0,0,0.0,0,0.0,0.0,0.0,0,0.0,0,5,3,72.0,1,13.2,16.2,,,71.0,175.0,21.776823529411764,0.0,Southern California,2023.0,2023.0,MIN,23.0,,0.11627907
2023,3,00-0038994,J.Addison,WR,MIN,LAC,0,0,0.0,0,0.0,0.0,0.0,0,0.0,0,8,6,52.0,0,5.2,11.2,,,71.0,175.0,21.776823529411764,0.0,Southern California,2023.0,2023.0,MIN,23.0,-4.0,0.16666667
2023,4,00-0038994,J.Addison,WR,MIN,CAR,0,0,0.0,0,0.0,0.0,0.0,0,0.0,0,1,0,0.0,0,0.0,0.0,,,71.0,175.0,21.776823529411764,0.0,Southern California,2023.0,2023.0,MIN,23.0,,0.055555556
2023,5,00-0038994,J.Addison,WR,MIN,KC,0,0,0.0,0,0.0,0.0,0.0,0,0.0,0,9,6,64.0,1,12.4,18.4,,,71.0,175.0,21.776823529411764,0.0,Southern California,2023.0,2023.0,MIN,23.0,-7.0,0.19565217
2023,6,00-0038994,J.Addison,WR,MIN,CHI,0,0,0.0,0,0.0,0.0,0.0,0,0.0,0,5,3,28.0,1,8.8,11.8,,,71.0,175.0,21.776823529411764,0.0,Southern California,2023.0,2023.0,MIN,23.0,,0.16666667
2023,7,00-0038994,J.Addison,WR,MIN,SF,0,0,0.0,0,0.0,0.0,0.0,0,0.0,0,10,7,123.0,2,24.3,31.3,,,71.0,175.0,21.776823529411764,0.0,Southern California,2023.0,2023.0,MIN,23.0,5.0,0.23255815
2023,8,00-0038994,J.Addison,WR,MIN,GB,0,0,0.0,0,0.0,0.0,0.0,1,2.0,0,8,7,82.0,1,14.4,21.4,,,71.0,175.0,21.776823529411764,0.0,Southern California,2023.0,2023.0,MIN,23.0,,0.23529412
2023,9,00-0038994,J.Addison,WR,MIN,ATL,0,0,0.0,0,0.0,0.0,0.0,0,0.0,0,7,5,52.0,0,5.2,10.2,,,71.0,175.0,21.776823529411764,0.0,Southern California,2023.0,2023.0,MIN,23.0,,0.2
2023,10,00-0038994,J.Addison,WR,MIN,NO,0,0,0.0,0,0.0,0.0,0.0,0,0.0,0,7,4,69.0,0,6.9,10.9,,,71.0,175.0,21.776823529411764,0.0,Southern California,2023.0,2023.0,MIN,23.0,8.0,0.21875
2023,11,00-0038994,J.Addison,WR,MIN,DEN,0,0,0.0,0,0.0,0.0,0.0,0,0.0,0,6,3,44.0,0,4.4,7.4,,,71.0,175.0,21.776823529411764,0.0,Southern California,2023.0,2023.0,MIN,23.0,,0.20689656
2023,12,00-0038994,J.Addison,WR,MIN,CHI,0,0,0.0,0,0.0,0.0,0.0,0,0.0,0,10,6,39.0,0,3.9,9.9,,,71.0,175.0,21.776823529411764,0.0,Southern California,2023.0,2023.0,MIN,23.0,-2.0,0.33333334
2023,14,00-0038994,J.Addison,WR,MIN,LV,0,0,0.0,0,0.0,0.0,0.0,0,0.0,0,3,2,27.0,0,2.7,4.7,,,71.0,175.0,21.776823529411764,0.0,Southern California,2023.0,2023.0,MIN,23.0,,0.09090909
2023,15,00-0038994,J.Addison,WR,MIN,CIN,0,0,0.0,0,0.0,0.0,0.0,0,0.0,0,6,6,111.0,2,23.1,29.1,,,71.0,175.0,21.776823529411764,0.0,Southern California,2023.0,2023.0,MIN,23.0,,0.1875
2023,16,00-0038994,J.Addison,WR,MIN,DET,0,0,0.0,0,0.0,0.0,0.0,0,0.0,0,4,1,2.0,0,0.2,1.2,,,71.0,175.0,21.776823529411764,0.0,Southern California,2023.0,2023.0,MIN,23.0,-6.0,0.114285715
2023,17,00-0038994,J.Addison,WR,MIN,GB,0,0,0.0,0,0.0,0.0,0.0,0,0.0,0,5,3,28.0,0,2.8,5.8,,,71.0,175.0,21.776823529411764,0.0,Southern California,2023.0,2023.0,MIN,23.0,-23.0,0.16129032
2023,18,00-0038994,J.Addison,WR,MIN,DET,0,0,0.0,0,0.0,0.0,0.0,0,0.0,0,8,4,57.0,1,11.7,15.7,,,71.0,175.0,21.776823529411764,0.0,Southern California,2023.0,2023.0,MIN,23.0,,0.18604651
2023,4,00-0038996,T.Kraft,TE,GB,DET,0,0,0.0,0,0.0,0.0,0.0,0,0.0,0,2,2,5.0,0,0.5,2.5,,,77.0,255.0,23.035947368421052,0.0,South Dakota State,2023.0,2023.0,GB,78.0,-14.0,0.05882353
2023,10,00-0038996,T.Kraft,TE,GB,PIT,0,0,0.0,0,0.0,0.0,0.0,0,0.0,0,3,1,6.0,0,0.6,1.6,,,77.0,255.0,23.035947368421052,0.0,South Dakota State,2023.0,2023.0,GB,78.0,,0.08108108
2023,11,00-0038996,T.Kraft,TE,GB,LAC,0,0,0.0,0,0.0,0.0,0.0,0,0.0,0,2,2,32.0,0,3.2,5.2,,,77.0,255.0,23.035947368421052,0.0,South Dakota State,2023.0,2023.0,GB,78.0,3.0,0.05263158
2023,12,00-0038996,T.Kraft,TE,GB,DET,0,0,0.0,0,0.0,0.0,0.0,0,0.0,0,2,2,15.0,1,7.5,9.5,,,77.0,255.0,23.035947368421052,0.0,South Dakota State,2023.0,2023.0,GB,78.0,,0.06666667
2023,13,00-0038996,T.Kraft,TE,GB,KC,0,0,0.0,0,0.0,0.0,0.0,0,0.0,0,6,3,37.0,0,3.7,6.7,,,77.0,255.0,23.035947368421052,0.0,South Dakota State,2023.0,2023.0,GB,78.0,8.0,0.17142858
2023,14,00-0038996,T.Kraft,TE,GB,NYG,0,0,0.0,0,0.0,0.0,0.0,0,0.0,0,4,4,64.0,0,6.4,10.4,,,77.0,255.0,23.035947368421052,0.0,South Dakota State,2023.0,2023.0,GB,78.0,,0.10526316
2023,15,00-0038996,T.Kraft,TE,GB,TB,0,0,0.0,0,0.0,0.0,0.0,0,0.0,0,6,4,57.0,1,11.7,15.7,,,77.0,255.0,23.035947368421052,0.0,South Dakota State,2023.0,2023.0,GB,78.0,-14.0,0.16666667
2023,16,00-0038996,T.Kraft,TE,GB,CAR,0,0,0.0,0,0.0,0.0,0.0,0,0.0,0,6,4,60.0,0,6.0,10.0,,,77.0,255.0,23.035947368421052,0.0,South Dakota State,2023.0,2023.0,GB,78.0,,0.23076923
2023,17,00-0038996,T.Kraft,TE,GB,MIN,0,0,0.0,0,0.0,0.0,0.0,0,0.0,0,6,6,48.0,0,4.8,10.8,,,77.0,255.0,23.035947368421052,0.0,South Dakota State,2023.0,2023.0,GB,78.0,,0.1764706
2023,18,00-0038996,T.Kraft,TE,GB,CHI,0,0,0.0,0,0.0,0.0,0.0,0,0.0,0,3,3,31.0,0,3.1,6.1,,,77.0,255.0,23.035947368421052,0.0,South Dakota State,2023.0,2023.0,GB,78.0,8.0,0.09375
2023,19,00-0038996,T.Kraft,TE,GB,DAL,0,0,0.0,0,0.0,0.0,0.0,0,0.0,0,3,2,15.0,0,1.5,3.5,,,77.0,255.0,23.035947368421052,0.0,South Dakota State,2023.0,2023.0,GB,78.0,,0.14285715
2023,20,00-0038996,T.Kraft,TE,GB,SF,0,0,0.0,0,0.0,0.0,0.0,0,0.0,0,6,3,9.0,1,6.9,9.9,,,77.0,255.0,23.035947368421052,0.0,South Dakota State,2023.0,2023.0,GB,78.0,,0.18181819
2023,1,00-0038997,J.Downs,WR,IND,JAX,0,0,0.0,0,0.0,0.0,0.0,0,0.0,0,7,3,30.0,0,3.0,6.0,,,69.0,175.0,22.239,0.0,North Carolina,2023.0,2023.0,IND,79.0,-10.0,0.17948718
2023,2,00-0038997,J.Downs,WR,IND,HOU,0,0,0.0,0,0.0,0.0,0.0,0,0.0,0,5,4,37.0,0,3.7,7.7,,,69.0,175.0,22.239,0.0,North Carolina,2023.0,2023.0,IND,79.0,,0.16129032
2023,3,00-0038997,J.Downs,WR,IND,BAL,0,0,0.0,0,0.0,0.0,0.0,0,0.0,0,12,8,57.0,0,5.7,13.7,,,69.0,175.0,22.239,0.0,North Carolina,2023.0,2023.0,IND,79.0,,0.2857143
2023,4,00-0038997,J.Downs,WR,IND,LA,0,0,0.0,0,0.0,0.0,0.0,0,0.0,0,3,2,34.0,0,3.4,5.4,,,69.0,175.0,22.239,0.0,North Carolina,2023.0,2023.0,IND,79.0,-6.0,0.125
2023,5,00-0038997,J.Downs,WR,IND,TEN,0,0,0.0,0,0.0,0.0,0.0,0,0.0,0,6,6,97.0,0,9.7,15.7,,,69.0,175.0,22.239,0.0,North Carolina,2023.0,2023.0,IND,79.0,7.0,0.25
2023,6,00-0038997,J.Downs,WR,IND,JAX,0,0,0.0,0,0.0,0.0,0.0,0,0.0,0,8,5,21.0,1,8.1,13.1,,,69.0,175.0,22.239,0.0,North Carolina,2023.0,2023.0,IND,79.0,,0.15384616
2023,7,00-0038997,J.Downs,WR,IND,CLE,0,0,0.0,0,0.0,0.0,0.0,0,0.0,0,6,5,125.0,1,18.5,23.5,,,69.0,175.0,22.239,0.0,North Carolina,2023.0,2023.0,IND,79.0,-1.0,0.27272728
2023,8,00-0038997,J.Downs,WR,IND,NO,0,0,0.0,0,0.0,0.0,0.0,0,0.0,0,9,7,72.0,0,7.2,14.2,,,69.0,175.0,22.239,0.0,North Carolina,2023.0,2023.0,IND,79.0,-11.0,0.23684211
2023,9,00-0038997,J.Downs,WR,IND,CAR,0,0,0.0,0,0.0,0.0,0.0,0,0.0,0,1,1,10.0,0,1.0,2.0,,,69.0,175.0,22.239,0.0,North Carolina,2023.0,2023.0,IND,79.0,,0.041666668
2023,10,00-0038997,J.Downs,WR,IND,NE,0,0,0.0,0,0.0,0.0,0.0,0,0.0,0,3,2,40.0,0,4.0,6.0,,,69.0,175.0,22.239,0.0,North Carolina,2023.0,2023.0,IND,79.0,,0.115384616
2023,12,00-0038997,J.Downs,WR,IND,TB,0,0,0.0,0,0.0,0.0,0.0,0,0.0,0,13,5,43.0,0,4.3,9.3,,,69.0,175.0,22.239,0.0,North Carolina,2023.0,2023.0,IND,79.0,7.0,0.325
2023,13,00-0038997,J.Downs,WR,IND,TEN,0,0,0.0,0,0.0,0.0,0.0,0,0.0,0,5,3,14.0,0,1.4,4.4,,,69.0,175.0,22.239,0.0,North Carolina,2023.0,2023.0,IND,79.0,,0.12195122
2023,14,00-0038997,J.Downs,WR,IND,CIN,0,0,0.0,0,0.0,0.0,0.0,0,0.0,0,3,3,32.0,0,3.2,6.2,,,69.0,175.0,22.239,0.0,North Carolina,2023.0,2023.0,IND,79.0,,0.078947365
2023,15,00-0038997,J.Downs,WR,IND,PIT,0,0,0.0,0,0.0,0.0,0.0,0,0.0,0,3,3,19.0,0,1.9,4.9,,,69.0,175.0,22.239,0.0,North Carolina,2023.0,2023.0,IND,79.0,17.0,0.11111111
2023,16,00-0038997,J.Downs,WR,IND,ATL,0,0,0.0,0,0.0,0.0,0.0,0,0.0,0,9,6,39.0,0,3.9,9.9,,,69.0,175.0,22.239,0.0,North Carolina,2023.0,2023.0,IND,79.0,,0.25714287
2023,17,00-0038997,J.Downs,WR,IND,LV,0,0,0.0,0,0.0,0.0,0.0,0,0.0,0,2,2,53.0,0,5.3,7.3,,,69.0,175.0,22.239,0.0,North Carolina,2023.0,2023.0,IND,79.0,3.0,0.1
2023,18,00-0038997,J.Downs,WR,IND,HOU,0,0,0.0,0,0.0,0.0,0.0,0,0.0,0,3,3,48.0,0,4.8,7.8,,,69.0,175.0,22.239,0.0,North Carolina,2023.0,2023.0,IND,79.0,-4.0,0.13043478
2023,1,00-0039021,R.Johnson,RB,CHI,GB,0,0,0.0,0,0.0,0.0,0.0,5,20.0,1,7,6,35.0,0,11.5,17.5,,,72.0,222.0,22.76464705882353,0.0,Texas,2023.0,2023.0,CHI,115.0,-18.0,0.19444445
2023,2,00-0039021,R.Johnson,RB,CHI,TB,0,0,0.0,0,0.0,0.0,0.0,4,32.0,0,2,2,10.0,0,4.2,6.2,,,72.0,222.0,22.76464705882353,0.0,Texas,2023.0,2023.0,CHI,115.0,,0.071428575
2023,3,00-0039021,R.Johnson,RB,CHI,KC,0,0,0.0,0,0.0,0.0,0.0,8,38.0,0,2,2,11.0,0,4.9,6.9,,,72.0,222.0,22.76464705882353,0.0,Texas,2023.0,2023.0,CHI,115.0,,0.1
2023,4,00-0039021,R.Johnson,RB,CHI,DEN,0,0,0.0,0,0.0,0.0,0.0,5,13.0,0,1,1,2.0,0,1.5,2.5,,,72.0,222.0,22.76464705882353,0.0,Texas,2023.0,2023.0,CHI,115.0,-3.0,0.03125
2023,5,00-0039021,R.Johnson,RB,CHI,WAS,0,0,0.0,0,0.0,0.0,0.0,3,19.0,0,0,0,0.0,0,1.9,1.9,,,72.0,222.0,22.76464705882353,0.0,Texas,2023.0,2023.0,CHI,115.0,,
2023,8,00-0039021,R.Johnson,RB,CHI,LAC,0,0,0.0,0,0.0,0.0,0.0,6,21.0,0,4,3,10.0,0,3.1,6.1,,,72.0,222.0,22.76464705882353,0.0,Texas,2023.0,2023.0,CHI,115.0,,0.10810811
2023,9,00-0039021,R.Johnson,RB,CHI,NO,0,0,0.0,0,0.0,0.0,0.0,2,6.0,0,1,1,9.0,0,1.5,2.5,,,72.0,222.0,22.76464705882353,0.0,Texas,2023.0,2023.0,CHI,115.0,,0.03846154
2023,10,00-0039021,R.Johnson,RB,CHI,CAR,0,0,0.0,0,0.0,0.0,0.0,5,18.0,0,6,4,14.0,0,3.2,7.2,,,72.0,222.0,22.76464705882353,0.0,Texas,2023.0,2023.0,CHI,115.0,3.0,0.1875
2023,11,00-0039021,R.Johnson,RB,CHI,DET,0,0,0.0,0,0.0,0.0,0.0,6,30.0,0,0,0,0.0,0,3.0,3.0,,,72.0,222.0,22.76464705882353,0.0,Texas,2023.0,2023.0,CHI,115.0,,
2023,12,00-0039021,R.Johnson,RB,CHI,MIN,0,0,0.0,0,0.0,0.0,0.0,10,35.0,0,5,5,40.0,0,7.5,12.5,,,72.0,222.0,22.76464705882353,0.0,Texas,2023.0,2023.0,CHI,115.0,,0.15625
2023,14,00-0039021,R.Johnson,RB,CHI,DET,0,0,0.0,0,0.0,0.0,0.0,1,6.0,0,0,0,0.0,0,0.6,0.6,,,72.0,222.0,22.76464705882353,0.0,Texas,2023.0,2023.0,CHI,115.0,15.0,
2023,15,00-0039021,R.Johnson,RB,CHI,CLE,0,0,0.0,0,0.0,0.0,0.0,5,36.0,0,6,4,24.0,0,6.0,10.0,,,72.0,222.0,22.76464705882353,0.0,Texas,2023.0,2023.0,CHI,115.0,,0.17142858
2023,16,00-0039021,R.Johnson,RB,CHI,ARI,0,0,0.0,0,0.0,0.0,0.0,9,37.0,0,3,3,16.0,0,5.3,8.3,,,72.0,222.0,22.76464705882353,0.0,Texas,2023.0,2023.0,CHI,115.0,11.0,0.13043478
2023,17,00-0039021,R.Johnson,RB,CHI,ATL,0,0,0.0,0,0.0,0.0,0.0,7,21.0,1,3,3,38.0,0,11.9,14.9,,,72.0,222.0,22.76464705882353,0.0,Texas,2023.0,2023.0,CHI,115.0,20.0,0.1
2023,18,00-0039021,R.Johnson,RB,CHI,GB,0,0,0.0,0,0.0,0.0,0.0,5,20.0,0,0,0,0.0,0,2.0,2.0,,,72.0,222.0,22.76464705882353,0.0,Texas,2023.0,2023.0,CHI,115.0,,
2023,1,00-0039032,T.Spears,RB,TEN,NO,0,0,0.0,0,0.0,0.0,0.0,3,27.0,0,4,1,1.0,0,2.8,3.8,,,70.0,195.0,22.402176470588234,0.0,Tulane,2023.0,2023.0,TEN,81.0,,0.121212125
2023,2,00-0039032,T.Spears,RB,TEN,LAC,0,0,0.0,0,0.0,0.0,0.0,8,49.0,0,2,2,6.0,0,5.5,7.5,,,70.0,195.0,22.402176470588234,0.0,Tulane,2023.0,2023.0,TEN,81.0,3.0,0.083333336
2023,3,00-0039032,T.Spears,RB,TEN,CLE,0,0,0.0,0,0.0,0.0,0.0,4,6.0,0,4,4,3.0,0,0.9,4.9,,,70.0,195.0,22.402176470588234,0.0,Tulane,2023.0,2023.0,TEN,81.0,,0.16666667
2023,4,00-0039032,T.Spears,RB,TEN,CIN,0,0,0.0,0,0.0,0.0,0.0,5,40.0,0,4,3,18.0,0,5.8,8.8,,,70.0,195.0,22.402176470588234,0.0,Tulane,2023.0,2023.0,TEN,81.0,24.0,0.15384616
2023,5,00-0039032,T.Spears,RB,TEN,IND,0,0,0.0,0,0.0,0.0,0.0,7,34.0,1,5,4,35.0,0,12.9,16.9,,,70.0,195.0,22.402176470588234,0.0,Tulane,2023.0,2023.0,TEN,81.0,,0.14705883
2023,6,00-0039032,T.Spears,RB,TEN,BAL,0,0,0.0,0,0.0,0.0,0.0,4,15.0,0,1,1,48.0,0,6.3,7.3,,,70.0,195.0,22.402176470588234,0.0,Tulane,2023.0,2023.0,TEN,81.0,-8.0,0.05
2023,8,00-0039032,T.Spears,RB,TEN,ATL,0,0,0.0,0,0.0,0.0,0.0,3,27.0,0,4,3,9.0,0,3.6,6.6,,,70.0,195.0,22.402176470588234,0.0,Tulane,2023.0,2023.0,TEN,81.0,5.0,0.15384616
2023,9,00-0039032,T.Spears,RB,TEN,PIT,0,0,0.0,0,0.0,0.0,0.0,5,18.0,0,6,4,4.0,0,2.2,6.2,,,70.0,195.0,22.402176470588234,0.0,Tulane,2023.0,2023.0,TEN,81.0,,0.16216215
2023,10,00-0039032,T.Spears,RB,TEN,TB,0,0,0.0,0,0.0,0.0,0.0,5,18.0,0,5,4,42.0,0,6.0,10.0,,,70.0,195.0,22.402176470588234,0.0,Tulane,2023.0,2023.0,TEN,81.0,,0.12820514
2023,11,00-0039032,T.Spears,RB,TEN,JAX,0,0,0.0,0,0.0,0.0,0.0,4,14.0,0,2,2,12.0,0,2.6,4.6,,,70.0,195.0,22.402176470588234,0.0,Tulane,2023.0,2023.0,TEN,81.0,,0.11764706
2023,12,00-0039032,T.Spears,RB,TEN,CAR,0,0,0.0,0,0.0,0.0,0.0,2,6.0,0,3,1,1.0,0,0.7,1.7,,,70.0,195.0,22.402176470588234,0.0,Tulane,2023.0,2023.0,TEN,81.0,7.0,0.11111111
2023,13,00-0039032,T.Spears,RB,TEN,IND,0,0,0.0,0,0.0,0.0,0.0,16,75.0,0,6,4,13.0,0,8.8,12.8,,,70.0,195.0,22.402176470588234,0.0,Tulane,2023.0,2023.0,TEN,81.0,-3.0,0.18181819
2023,14,00-0039032,T.Spears,RB,TEN,MIA,0,0,0.0,0,0.0,0.0,0.0,7,29.0,0,8,6,89.0,0,11.8,17.8,,,70.0,195.0,22.402176470588234,0.0,Tulane,2023.0,2023.0,TEN,81.0,,0.22222222
2023,15,00-0039032,T.Spears,RB,TEN,HOU,0,0,0.0,0,0.0,0.0,0.0,9,30.0,0,1,1,7.0,0,3.7,4.7,,,70.0,195.0,22.402176470588234,0.0,Tulane,2023.0,2023.0,TEN,81.0,-3.0,0.03846154
2023,16,00-0039032,T.Spears,RB,TEN,SEA,0,0,0.0,0,0.0,0.0,0.0,9,40.0,0,6,5,27.0,0,6.7,11.7,,,70.0,195.0,22.402176470588234,0.0,Tulane,2023.0,2023.0,TEN,81.0,-3.0,0.24
2023,17,00-0039032,T.Spears,RB,TEN,HOU,0,0,0.0,0,0.0,0.0,0.0,6,0.0,0,6,4,29.0,0,2.9,6.9,,,70.0,195.0,22.402176470588234,0.0,Tulane,2023.0,2023.0,TEN,81.0,,0.24
2023,18,00-0039032,T.Spears,RB,TEN,JAX,0,0,0.0,0,0.0,0.0,0.0,3,25.0,1,3,3,41.0,1,18.6,21.6,,,70.0,195.0,22.402176470588234,0.0,Tulane,2023.0,2023.0,TEN,81.0,8.0,0.115384616
2023,2,00-0039040,D.Achane,RB,MIA,NE,0,0,0.0,0,0.0,0.0,0.0,1,5.0,0,1,1,4.0,0,0.9,1.9,,,69.0,185.0,22.0805,0.0,Texas A&amp;M,2023.0,2023.0,MIA,84.0,,0.03448276
2023,3,00-0039040,D.Achane,RB,MIA,DEN,0,0,0.0,0,0.0,0.0,0.0,18,203.0,2,4,4,30.0,2,47.3,51.3,,,69.0,185.0,22.0805,0.0,Texas A&amp;M,2023.0,2023.0,MIA,84.0,50.0,0.14285715
2023,4,00-0039040,D.Achane,RB,MIA,BUF,0,0,0.0,0,0.0,0.0,0.0,8,101.0,2,5,3,19.0,0,24.0,27.0,,,69.0,185.0,22.0805,0.0,Texas A&amp;M,2023.0,2023.0,MIA,84.0,,0.14705883
2023,5,00-0039040,D.Achane,RB,MIA,NYG,0,0,0.0,0,0.0,0.0,0.0,11,151.0,1,1,1,14.0,0,20.5,21.5,,,69.0,185.0,22.0805,0.0,Texas A&amp;M,2023.0,2023.0,MIA,84.0,15.0,0.035714287
2023,11,00-0039040,D.Achane,RB,MIA,LV,0,0,0.0,0,0.0,0.0,0.0,1,1.0,0,1,1,4.0,0,0.5,1.5,,,69.0,185.0,22.0805,0.0,Texas A&amp;M,2023.0,2023.0,MIA,84.0,7.0,0.027777778
2023,13,00-0039040,D.Achane,RB,MIA,WAS,0,0,0.0,0,0.0,0.0,0.0,17,73.0,2,4,3,30.0,0,22.3,25.3,,,69.0,185.0,22.0805,0.0,Texas A&amp;M,2023.0,2023.0,MIA,84.0,,0.16
2023,14,00-0039040,D.Achane,RB,MIA,TEN,0,0,0.0,0,0.0,0.0,0.0,7,47.0,0,9,5,24.0,0,7.1,12.1,,,69.0,185.0,22.0805,0.0,Texas A&amp;M,2023.0,2023.0,MIA,84.0,-1.0,0.27272728
2023,15,00-0039040,D.Achane,RB,MIA,NYJ,0,0,0.0,0,0.0,0.0,0.0,9,32.0,0,3,3,30.0,0,6.2,9.2,,,69.0,185.0,22.0805,0.0,Texas A&amp;M,2023.0,2023.0,MIA,84.0,30.0,0.115384616
2023,16,00-0039040,D.Achane,RB,MIA,DAL,0,0,0.0,0,0.0,0.0,0.0,7,24.0,0,3,1,7.0,0,3.1,4.1,,,69.0,185.0,22.0805,0.0,Texas A&amp;M,2023.0,2023.0,MIA,84.0,2.0,0.083333336
2023,17,00-0039040,D.Achane,RB,MIA,BAL,0,0,0.0,0,0.0,0.0,0.0,14,107.0,0,5,4,30.0,1,19.7,23.7,,,69.0,185.0,22.0805,0.0,Texas A&amp;M,2023.0,2023.0,MIA,84.0,,0.1388889
2023,18,00-0039040,D.Achane,RB,MIA,BUF,0,0,0.0,0,0.0,1.0,6.0,10,56.0,1,1,1,5.0,0,12.1,13.1,,,69.0,185.0,22.0805,0.0,Texas A&amp;M,2023.0,2023.0,MIA,84.0,-7.0,0.037037037
2023,19,00-0039040,D.Achane,RB,MIA,KC,0,0,0.0,0,0.0,0.0,0.0,6,9.0,0,6,3,21.0,0,3.0,6.0,,,69.0,185.0,22.0805,0.0,Texas A&amp;M,2023.0,2023.0,MIA,84.0,,0.15789473
2023,7,00-0039041,E.Higgins,TE,ARI,SEA,0,0,0.0,0,0.0,0.0,0.0,0,0.0,0,1,1,0.0,0,0.0,1.0,,,75.0,234.0,23.027117647058823,0.0,Stanford,2023.0,2023.0,MIA,197.0,,0.030303031
2023,10,00-0039041,E.Higgins,TE,ARI,ATL,0,0,0.0,0,0.0,0.0,0.0,0,0.0,0,1,0,0.0,0,0.0,0.0,,,75.0,234.0,23.027117647058823,0.0,Stanford,2023.0,2023.0,MIA,197.0,2.0,0.032258064
2023,11,00-0039041,E.Higgins,TE,ARI,HOU,0,0,0.0,0,0.0,0.0,0.0,0,0.0,0,2,1,2.0,0,0.2,1.2,,,75.0,234.0,23.027117647058823,0.0,Stanford,2023.0,2023.0,MIA,197.0,,0.06896552
2023,12,00-0039041,E.Higgins,TE,ARI,LA,0,0,0.0,0,0.0,0.0,0.0,0,0.0,0,2,1,26.0,0,2.6,3.6,,,75.0,234.0,23.027117647058823,0.0,Stanford,2023.0,2023.0,MIA,197.0,-23.0,0.045454547
2023,13,00-0039041,E.Higgins,TE,ARI,PIT,0,0,0.0,0,0.0,0.0,0.0,0,0.0,0,2,1,21.0,0,2.1,3.1,,,75.0,234.0,23.027117647058823,0.0,Stanford,2023.0,2023.0,MIA,197.0,,0.08695652
2023,15,00-0039041,E.Higgins,TE,ARI,SF,0,0,0.0,0,0.0,0.0,0.0,0,0.0,0,4,4,44.0,1,10.4,14.4,,,75.0,234.0,23.027117647058823,0.0,Stanford,2023.0,2023.0,MIA,197.0,-16.0,0.10526316
2023,16,00-0039041,E.Higgins,TE,ARI,CHI,0,0,0.0,0,0.0,0.0,0.0,0,0.0,0,3,2,17.0,0,1.7,3.7,,,75.0,234.0,23.027117647058823,0.0,Stanford,2023.0,2023.0,MIA,197.0,,0.08108108
2023,17,00-0039041,E.Higgins,TE,ARI,PHI,0,0,0.0,0,0.0,0.0,0.0,0,0.0,0,2,2,21.0,0,2.1,4.1,,,75.0,234.0,23.027117647058823,0.0,Stanford,2023.0,2023.0,MIA,197.0,,0.06451613
2023,18,00-0039041,E.Higgins,TE,ARI,SEA,0,0,0.0,0,0.0,0.0,0.0,0,0.0,0,2,2,32.0,0,3.2,5.2,,,75.0,234.0,23.027117647058823,0.0,Stanford,2023.0,2023.0,MIA,197.0,-1.0,0.06896552
2023,6,00-0039050,P.Durham,TE,TB,DET,0,0,0.0,0,0.0,0.0,0.0,0,0.0,0,1,1,8.0,0,0.8,1.8,,,78.0,255.0,23.423578947368423,0.0,Purdue,2023.0,2023.0,TB,171.0,-14.0,0.027027028
2023,7,00-0039050,P.Durham,TE,TB,ATL,0,0,0.0,0,0.0,0.0,0.0,0,0.0,0,1,0,0.0,0,0.0,0.0,,,78.0,255.0,23.423578947368423,0.0,Purdue,2023.0,2023.0,TB,171.0,-3.0,0.024390243
2023,8,00-0039050,P.Durham,TE,TB,BUF,0,0,0.0,0,0.0,0.0,0.0,0,0.0,0,1,0,0.0,0,0.0,0.0,,,78.0,255.0,23.423578947368423,0.0,Purdue,2023.0,2023.0,TB,171.0,,0.025641026
2023,11,00-0039050,P.Durham,TE,TB,SF,0,0,0.0,0,0.0,0.0,0.0,0,0.0,0,2,2,13.0,0,1.3,3.3,,,78.0,255.0,23.423578947368423,0.0,Purdue,2023.0,2023.0,TB,171.0,,0.046511628
2023,12,00-0039050,P.Durham,TE,TB,IND,0,0,0.0,0,0.0,0.0,0.0,0,0.0,0,1,1,12.0,0,1.2,2.2,,,78.0,255.0,23.423578947368423,0.0,Purdue,2023.0,2023.0,TB,171.0,,0.033333335
2023,16,00-0039050,P.Durham,TE,TB,JAX,0,0,0.0,0,0.0,0.0,0.0,0,0.0,0,1,1,25.0,0,2.5,3.5,,,78.0,255.0,23.423578947368423,0.0,Purdue,2023.0,2023.0,TB,171.0,18.0,0.028571429
2023,19,00-0039050,P.Durham,TE,TB,PHI,0,0,0.0,0,0.0,0.0,0.0,0,0.0,0,1,1,18.0,0,1.8,2.8,,,78.0,255.0,23.423578947368423,0.0,Purdue,2023.0,2023.0,TB,171.0,23.0,0.028571429
2023,1,00-0039052,T.Palmer,WR,TB,MIN,0,0,0.0,0,0.0,0.0,0.0,0,0.0,0,3,2,8.0,1,6.8,8.8,,,72.0,190.0,22.626842105263155,0.0,Nebraska,2023.0,2023.0,TB,191.0,,0.09375
2023,2,00-0039052,T.Palmer,WR,TB,CHI,0,0,0.0,0,0.0,0.0,0.0,0,0.0,0,2,1,20.0,0,2.0,3.0,,,72.0,190.0,22.626842105263155,0.0,Nebraska,2023.0,2023.0,TB,191.0,10.0,0.0625
2023,3,00-0039052,T.Palmer,WR,TB,PHI,0,0,0.0,0,0.0,0.0,0.0,0,0.0,0,1,1,8.0,0,0.8,1.8,,,72.0,190.0,22.626842105263155,0.0,Nebraska,2023.0,2023.0,TB,191.0,-14.0,0.04
2023,4,00-0039052,T.Palmer,WR,TB,NO,0,0,0.0,0,0.0,0.0,0.0,0,0.0,0,3,2,6.0,1,6.6,8.6,,,72.0,190.0,22.626842105263155,0.0,Nebraska,2023.0,2023.0,TB,191.0,,0.1
2023,6,00-0039052,T.Palmer,WR,TB,DET,0,0,0.0,0,0.0,0.0,0.0,0,0.0,0,7,2,47.0,0,4.7,6.7,,,72.0,190.0,22.626842105263155,0.0,Nebraska,2023.0,2023.0,TB,191.0,-14.0,0.1891892
2023,7,00-0039052,T.Palmer,WR,TB,ATL,0,0,0.0,0,0.0,0.0,0.0,0,0.0,0,2,1,5.0,0,0.5,1.5,,,72.0,190.0,22.626842105263155,0.0,Nebraska,2023.0,2023.0,TB,191.0,-3.0,0.048780486
2023,8,00-0039052,T.Palmer,WR,TB,BUF,0,0,0.0,0,0.0,0.0,0.0,0,0.0,0,6,3,22.0,0,2.2,5.2,,,72.0,190.0,22.626842105263155,0.0,Nebraska,2023.0,2023.0,TB,191.0,,0.15384616
2023,9,00-0039052,T.Palmer,WR,TB,HOU,0,0,0.0,0,0.0,0.0,0.0,0,0.0,0,4,3,51.0,0,5.1,8.1,,,72.0,190.0,22.626842105263155,0.0,Nebraska,2023.0,2023.0,TB,191.0,,0.13333334
2023,10,00-0039052,T.Palmer,WR,TB,TEN,0,0,0.0,0,0.0,0.0,0.0,0,0.0,0,4,2,21.0,0,2.1,4.1,,,72.0,190.0,22.626842105263155,0.0,Nebraska,2023.0,2023.0,TB,191.0,14.0,0.13793103
2023,11,00-0039052,T.Palmer,WR,TB,SF,0,0,0.0,0,0.0,0.0,0.0,1,6.0,0,6,4,22.0,0,2.8,6.8,,,72.0,190.0,22.626842105263155,0.0,Nebraska,2023.0,2023.0,TB,191.0,,0.13953489
2023,12,00-0039052,T.Palmer,WR,TB,IND,0,0,0.0,0,0.0,0.0,0.0,0,0.0,0,5,4,17.0,0,1.7,5.7,,,72.0,190.0,22.626842105263155,0.0,Nebraska,2023.0,2023.0,TB,191.0,,0.16666667
2023,13,00-0039052,T.Palmer,WR,TB,CAR,0,0,0.0,0,0.0,0.0,0.0,1,13.0,0,5,2,12.0,0,2.5,4.5,,,72.0,190.0,22.626842105263155,0.0,Nebraska,2023.0,2023.0,TB,191.0,3.0,0.18518518
2023,14,00-0039052,T.Palmer,WR,TB,ATL,0,0,0.0,0,0.0,0.0,0.0,1,3.0,0,1,1,5.0,0,0.8,1.8,,,72.0,190.0,22.626842105263155,0.0,Nebraska,2023.0,2023.0,TB,191.0,,0.03448276
2023,15,00-0039052,T.Palmer,WR,TB,GB,0,0,0.0,0,0.0,0.0,0.0,0,0.0,0,2,1,5.0,0,0.5,1.5,,,72.0,190.0,22.626842105263155,0.0,Nebraska,2023.0,2023.0,TB,191.0,,0.074074075
2023,16,00-0039052,T.Palmer,WR,TB,JAX,0,0,0.0,0,0.0,0.0,0.0,0,0.0,0,6,4,42.0,0,4.2,8.2,,,72.0,190.0,22.626842105263155,0.0,Nebraska,2023.0,2023.0,TB,191.0,18.0,0.17142858
2023,17,00-0039052,T.Palmer,WR,TB,NO,0,0,0.0,0,0.0,0.0,0.0,0,0.0,0,5,4,84.0,1,12.4,16.4,,,72.0,190.0,22.626842105263155,0.0,Nebraska,2023.0,2023.0,TB,191.0,-10.0,0.15151516
2023,18,00-0039052,T.Palmer,WR,TB,CAR,0,0,0.0,0,0.0,0.0,0.0,0,0.0,0,6,2,10.0,0,1.0,3.0,,,72.0,190.0,22.626842105263155,0.0,Nebraska,2023.0,2023.0,TB,191.0,,0.19354838
2023,19,00-0039052,T.Palmer,WR,TB,PHI,0,0,0.0,0,0.0,0.0,0.0,1,9.0,0,2,1,56.0,1,12.5,13.5,,,72.0,190.0,22.626842105263155,0.0,Nebraska,2023.0,2023.0,TB,191.0,23.0,0.057142857
2023,20,00-0039052,T.Palmer,WR,TB,DET,0,0,0.0,0,0.0,0.0,0.0,0,0.0,0,2,2,32.0,0,3.2,5.2,,,72.0,190.0,22.626842105263155,0.0,Nebraska,2023.0,2023.0,TB,191.0,,0.051282052
2023,1,00-0039062,J.Mingo,WR,CAR,ATL,0,0,0.0,0,0.0,0.0,0.0,0,0.0,0,5,2,17.0,0,1.7,3.7,,,74.0,225.0,22.555470588235295,0.0,Mississippi,2023.0,2023.0,CAR,39.0,,0.16129032
2023,2,00-0039062,J.Mingo,WR,CAR,NO,0,0,0.0,0,0.0,0.0,0.0,0,0.0,0,8,3,26.0,0,2.6,5.6,,,74.0,225.0,22.555470588235295,0.0,Mississippi,2023.0,2023.0,CAR,39.0,-3.0,0.2580645
2023,3,00-0039062,J.Mingo,WR,CAR,SEA,0,0,0.0,0,0.0,0.0,0.0,0,0.0,0,6,3,21.0,0,2.1,5.1,,,74.0,225.0,22.555470588235295,0.0,Mississippi,2023.0,2023.0,CAR,39.0,,0.10526316
2023,5,00-0039062,J.Mingo,WR,CAR,DET,0,0,0.0,0,0.0,0.0,0.0,0,0.0,0,7,5,48.0,0,4.8,9.8,,,74.0,225.0,22.555470588235295,0.0,Mississippi,2023.0,2023.0,CAR,39.0,,0.2
2023,6,00-0039062,J.Mingo,WR,CAR,MIA,0,0,0.0,0,0.0,0.0,0.0,0,0.0,0,3,2,21.0,0,2.1,4.1,,,74.0,225.0,22.555470588235295,0.0,Mississippi,2023.0,2023.0,CAR,39.0,,0.08571429
2023,8,00-0039062,J.Mingo,WR,CAR,HOU,0,0,0.0,0,0.0,0.0,0.0,0,0.0,0,5,4,62.0,0,6.2,10.2,,,74.0,225.0,22.555470588235295,0.0,Mississippi,2023.0,2023.0,CAR,39.0,2.0,0.16129032
2023,9,00-0039062,J.Mingo,WR,CAR,IND,0,0,0.0,0,0.0,0.0,0.0,0,0.0,0,4,1,5.0,0,0.5,1.5,,,74.0,225.0,22.555470588235295,0.0,Mississippi,2023.0,2023.0,CAR,39.0,-14.0,0.10810811
2023,10,00-0039062,J.Mingo,WR,CAR,CHI,0,0,0.0,0,0.0,0.0,0.0,0,0.0,0,7,3,20.0,0,2.0,5.0,,,74.0,225.0,22.555470588235295,0.0,Mississippi,2023.0,2023.0,CAR,39.0,,0.20588236
2023,11,00-0039062,J.Mingo,WR,CAR,DAL,0,0,0.0,0,0.0,0.0,0.0,0,0.0,0,6,1,6.0,0,0.6,1.6,,,74.0,225.0,22.555470588235295,0.0,Mississippi,2023.0,2023.0,CAR,39.0,-23.0,0.23076923
2023,12,00-0039062,J.Mingo,WR,CAR,TEN,0,0,0.0,0,0.0,0.0,0.0,0,0.0,0,6,4,60.0,0,6.0,10.0,,,74.0,225.0,22.555470588235295,0.0,Mississippi,2023.0,2023.0,CAR,39.0,,0.25
2023,13,00-0039062,J.Mingo,WR,CAR,TB,0,0,0.0,0,0.0,0.0,0.0,0,0.0,0,10,6,69.0,0,6.9,12.9,,,74.0,225.0,22.555470588235295,0.0,Mississippi,2023.0,2023.0,CAR,39.0,,0.3846154
2023,14,00-0039062,J.Mingo,WR,CAR,NO,0,0,0.0,0,0.0,0.0,0.0,0,0.0,0,9,2,22.0,0,2.2,4.2,,,74.0,225.0,22.555470588235295,0.0,Mississippi,2023.0,2023.0,CAR,39.0,,0.28125
2023,15,00-0039062,J.Mingo,WR,CAR,ATL,0,0,0.0,0,0.0,0.0,0.0,0,0.0,0,5,4,32.0,0,3.2,7.2,,,74.0,225.0,22.555470588235295,0.0,Mississippi,2023.0,2023.0,CAR,39.0,2.0,0.2173913
2023,16,00-0039062,J.Mingo,WR,CAR,GB,0,0,0.0,0,0.0,0.0,0.0,0,0.0,0,1,1,9.0,0,0.9,1.9,,,74.0,225.0,22.555470588235295,0.0,Mississippi,2023.0,2023.0,CAR,39.0,-3.0,0.03125
2023,17,00-0039062,J.Mingo,WR,CAR,JAX,0,0,0.0,0,0.0,0.0,0.0,0,0.0,0,3,2,0.0,0,0.0,2.0,,,74.0,225.0,22.555470588235295,0.0,Mississippi,2023.0,2023.0,CAR,39.0,,0.09677419
2023,1,00-0039064,Z.Flowers,WR,BAL,HOU,0,0,0.0,0,0.0,0.0,0.0,2,9.0,0,10,9,78.0,0,8.7,17.7,,,69.0,172.0,23.176263157894738,0.0,Boston College,2023.0,2023.0,BAL,22.0,16.0,0.47619048
2023,2,00-0039064,Z.Flowers,WR,BAL,CIN,0,0,0.0,0,0.0,0.0,0.0,1,6.0,0,5,4,62.0,0,6.8,10.8,,,69.0,172.0,23.176263157894738,0.0,Boston College,2023.0,2023.0,BAL,22.0,,0.15151516
2023,3,00-0039064,Z.Flowers,WR,BAL,IND,0,0,0.0,0,0.0,0.0,0.0,1,2.0,0,10,8,48.0,0,5.0,13.0,,,69.0,172.0,23.176263157894738,0.0,Boston College,2023.0,2023.0,BAL,22.0,-3.0,0.33333334
2023,4,00-0039064,Z.Flowers,WR,BAL,CLE,0,0,0.0,0,0.0,0.0,0.0,1,-6.0,0,4,3,56.0,0,5.0,8.0,,,69.0,172.0,23.176263157894738,0.0,Boston College,2023.0,2023.0,BAL,22.0,,0.22222222
2023,5,00-0039064,Z.Flowers,WR,BAL,PIT,0,0,0.0,0,0.0,0.0,0.0,0,0.0,0,11,5,73.0,0,7.3,12.3,,,69.0,172.0,23.176263157894738,0.0,Boston College,2023.0,2023.0,BAL,22.0,,0.28947368
2023,6,00-0039064,Z.Flowers,WR,BAL,TEN,0,0,0.0,0,0.0,0.0,0.0,1,1.0,0,8,6,50.0,1,11.1,17.1,,,69.0,172.0,23.176263157894738,0.0,Boston College,2023.0,2023.0,BAL,22.0,,0.27586207
2023,7,00-0039064,Z.Flowers,WR,BAL,DET,0,0,0.0,0,0.0,0.0,0.0,0,0.0,0,6,4,75.0,0,7.5,11.5,,,69.0,172.0,23.176263157894738,0.0,Boston College,2023.0,2023.0,BAL,22.0,32.0,0.21428572
2023,8,00-0039064,Z.Flowers,WR,BAL,ARI,0,0,0.0,0,0.0,0.0,0.0,0,0.0,0,7,5,19.0,0,1.9,6.9,,,69.0,172.0,23.176263157894738,0.0,Boston College,2023.0,2023.0,BAL,22.0,,0.26923078
2023,9,00-0039064,Z.Flowers,WR,BAL,SEA,0,0,0.0,0,0.0,0.0,0.0,0,0.0,0,1,1,11.0,0,1.1,2.1,,,69.0,172.0,23.176263157894738,0.0,Boston College,2023.0,2023.0,BAL,22.0,34.0,0.03125
2023,10,00-0039064,Z.Flowers,WR,BAL,CLE,0,0,0.0,0,0.0,0.0,0.0,0,0.0,0,6,5,73.0,0,7.3,12.3,,,69.0,172.0,23.176263157894738,0.0,Boston College,2023.0,2023.0,BAL,22.0,-2.0,0.26086956
2023,11,00-0039064,Z.Flowers,WR,BAL,CIN,0,0,0.0,0,0.0,0.0,0.0,1,7.0,0,4,3,43.0,0,5.0,8.0,,,69.0,172.0,23.176263157894738,0.0,Boston College,2023.0,2023.0,BAL,22.0,14.0,0.17391305
2023,12,00-0039064,Z.Flowers,WR,BAL,LAC,0,0,0.0,0,0.0,0.0,0.0,1,37.0,1,8,5,25.0,1,18.2,23.2,,,69.0,172.0,23.176263157894738,0.0,Boston College,2023.0,2023.0,BAL,22.0,,0.26666668
2023,14,00-0039064,Z.Flowers,WR,BAL,LA,0,0,0.0,0,0.0,0.0,0.0,0,0.0,0,10,6,60.0,1,14.0,20.0,,,69.0,172.0,23.176263157894738,0.0,Boston College,2023.0,2023.0,BAL,22.0,6.0,0.25
2023,15,00-0039064,Z.Flowers,WR,BAL,JAX,0,0,0.0,0,0.0,0.0,0.0,0,0.0,0,2,1,7.0,0,0.7,1.7,,,69.0,172.0,23.176263157894738,0.0,Boston College,2023.0,2023.0,BAL,22.0,,0.08695652
2023,16,00-0039064,Z.Flowers,WR,BAL,SF,0,0,0.0,0,0.0,0.0,0.0,0,0.0,0,13,9,72.0,1,13.2,22.2,,,69.0,172.0,23.176263157894738,0.0,Boston College,2023.0,2023.0,BAL,22.0,,0.38235295
2023,17,00-0039064,Z.Flowers,WR,BAL,MIA,0,0,0.0,0,0.0,0.0,0.0,0,0.0,0,3,3,106.0,1,16.6,19.6,,,69.0,172.0,23.176263157894738,0.0,Boston College,2023.0,2023.0,BAL,22.0,37.0,0.13636364
2023,20,00-0039064,Z.Flowers,WR,BAL,HOU,0,0,0.0,0,0.0,0.0,0.0,0,0.0,0,5,4,41.0,0,4.1,8.1,,,69.0,172.0,23.176263157894738,0.0,Boston College,2023.0,2023.0,BAL,22.0,24.0,0.23809524
2023,21,00-0039064,Z.Flowers,WR,BAL,KC,0,0,0.0,0,0.0,0.0,0.0,2,4.0,0,8,5,115.0,1,15.9,20.9,,,69.0,172.0,23.176263157894738,0.0,Boston College,2023.0,2023.0,BAL,22.0,-7.0,0.23529412
2023,1,00-0039065,S.LaPorta,TE,DET,KC,0,0,0.0,0,0.0,0.0,0.0,0,0.0,0,5,5,39.0,0,3.9,8.9,,,75.0,249.0,22.8506,0.0,Iowa,2023.0,2023.0,DET,34.0,,0.15625
2023,2,00-0039065,S.LaPorta,TE,DET,SEA,0,0,0.0,0,0.0,0.0,0.0,0,0.0,0,6,5,63.0,0,6.3,11.3,,,75.0,249.0,22.8506,0.0,Iowa,2023.0,2023.0,DET,34.0,-6.0,0.1764706
2023,3,00-0039065,S.LaPorta,TE,DET,ATL,0,0,0.0,0,0.0,0.0,0.0,0,0.0,0,11,8,84.0,1,14.4,22.4,,,75.0,249.0,22.8506,0.0,Iowa,2023.0,2023.0,DET,34.0,14.0,0.3548387
2023,4,00-0039065,S.LaPorta,TE,DET,GB,0,0,0.0,0,0.0,0.0,0.0,0,0.0,0,5,4,56.0,0,5.6,9.6,,,75.0,249.0,22.8506,0.0,Iowa,2023.0,2023.0,DET,34.0,,0.18518518
2023,5,00-0039065,S.LaPorta,TE,DET,CAR,0,0,0.0,0,0.0,0.0,0.0,0,0.0,0,4,3,47.0,2,16.7,19.7,,,75.0,249.0,22.8506,0.0,Iowa,2023.0,2023.0,DET,34.0,18.0,0.14814815
2023,6,00-0039065,S.LaPorta,TE,DET,TB,0,0,0.0,0,0.0,0.0,0.0,0,0.0,0,11,4,36.0,0,3.6,7.6,,,75.0,249.0,22.8506,0.0,Iowa,2023.0,2023.0,DET,34.0,,0.2682927
2023,7,00-0039065,S.LaPorta,TE,DET,BAL,0,0,0.0,0,0.0,0.0,0.0,0,0.0,0,7,6,52.0,0,5.2,11.2,,,75.0,249.0,22.8506,0.0,Iowa,2023.0,2023.0,DET,34.0,,0.14285715
2023,8,00-0039065,S.LaPorta,TE,DET,LV,0,0,0.0,0,0.0,0.0,0.0,0,0.0,0,10,8,57.0,1,11.7,19.7,,,75.0,249.0,22.8506,0.0,Iowa,2023.0,2023.0,DET,34.0,12.0,0.29411766
2023,10,00-0039065,S.LaPorta,TE,DET,LAC,0,0,0.0,0,0.0,0.0,0.0,0,0.0,0,5,4,40.0,0,4.0,8.0,,,75.0,249.0,22.8506,0.0,Iowa,2023.0,2023.0,DET,34.0,,0.15625
2023,11,00-0039065,S.LaPorta,TE,DET,CHI,0,0,0.0,0,0.0,0.0,0.0,0,0.0,0,5,3,18.0,0,3.8,6.8,,,75.0,249.0,22.8506,0.0,Iowa,2023.0,2023.0,DET,34.0,5.0,0.15625
2023,12,00-0039065,S.LaPorta,TE,DET,GB,0,0,0.0,0,0.0,0.0,0.0,0,0.0,0,8,5,47.0,1,12.7,17.7,,,75.0,249.0,22.8506,0.0,Iowa,2023.0,2023.0,DET,34.0,-7.0,0.1904762
2023,13,00-0039065,S.LaPorta,TE,DET,NO,0,0,0.0,0,0.0,0.0,0.0,0,0.0,0,9,9,140.0,1,20.0,29.0,,,75.0,249.0,22.8506,0.0,Iowa,2023.0,2023.0,DET,34.0,,0.36
2023,14,00-0039065,S.LaPorta,TE,DET,CHI,0,0,0.0,0,0.0,0.0,0.0,1,4.0,0,6,2,23.0,0,2.7,4.7,,,75.0,249.0,22.8506,0.0,Iowa,2023.0,2023.0,DET,34.0,,0.1764706
2023,15,00-0039065,S.LaPorta,TE,DET,DEN,0,0,0.0,0,0.0,0.0,0.0,0,0.0,0,6,5,56.0,3,23.6,28.6,,,75.0,249.0,22.8506,0.0,Iowa,2023.0,2023.0,DET,34.0,25.0,0.1875
2023,16,00-0039065,S.LaPorta,TE,DET,MIN,0,0,0.0,0,0.0,0.0,0.0,0,0.0,0,3,3,18.0,0,1.8,4.8,,,75.0,249.0,22.8506,0.0,Iowa,2023.0,2023.0,DET,34.0,,0.07692308
2023,17,00-0039065,S.LaPorta,TE,DET,DAL,0,0,0.0,0,0.0,0.0,0.0,0,0.0,0,12,7,84.0,0,8.4,15.4,,,75.0,249.0,22.8506,0.0,Iowa,2023.0,2023.0,DET,34.0,,0.375
2023,18,00-0039065,S.LaPorta,TE,DET,MIN,0,0,0.0,0,0.0,0.0,0.0,0,0.0,0,7,5,29.0,1,8.9,13.9,,,75.0,249.0,22.8506,0.0,Iowa,2023.0,2023.0,DET,34.0,10.0,0.22580644
2023,19,00-0039065,S.LaPorta,TE,DET,LA,0,0,0.0,0,0.0,0.0,0.0,0,0.0,0,3,3,14.0,1,7.4,10.4,,,75.0,249.0,22.8506,0.0,Iowa,2023.0,2023.0,DET,34.0,1.0,0.115384616
2023,20,00-0039065,S.LaPorta,TE,DET,TB,0,0,0.0,0,0.0,0.0,0.0,0,0.0,0,11,9,65.0,0,6.5,15.5,,,75.0,249.0,22.8506,0.0,Iowa,2023.0,2023.0,DET,34.0,8.0,0.26190478
2023,21,00-0039065,S.LaPorta,TE,DET,SF,0,0,0.0,0,0.0,0.0,0.0,0,0.0,0,13,9,97.0,0,9.7,18.7,,,75.0,249.0,22.8506,0.0,Iowa,2023.0,2023.0,DET,34.0,,0.325
2023,2,00-0039066,M.Mayer,TE,LV,BUF,0,0,0.0,0,0.0,0.0,0.0,0,0.0,0,1,1,2.0,0,0.2,1.2,,,76.0,265.0,22.33823529411765,0.0,Notre Dame,2023.0,2023.0,LV,35.0,,0.04347826
2023,3,00-0039066,M.Mayer,TE,LV,PIT,0,0,0.0,0,0.0,0.0,0.0,0,0.0,0,1,0,0.0,0,2.0,2.0,,,76.0,265.0,22.33823529411765,0.0,Notre Dame,2023.0,2023.0,LV,35.0,-5.0,0.022727273
2023,5,00-0039066,M.Mayer,TE,LV,GB,0,0,0.0,0,0.0,0.0,0.0,0,0.0,0,3,2,39.0,0,3.9,5.9,,,76.0,265.0,22.33823529411765,0.0,Notre Dame,2023.0,2023.0,LV,35.0,4.0,0.10344828
2023,6,00-0039066,M.Mayer,TE,LV,NE,0,0,0.0,0,0.0,0.0,0.0,0,0.0,0,6,5,75.0,0,7.5,12.5,,,76.0,265.0,22.33823529411765,0.0,Notre Dame,2023.0,2023.0,LV,35.0,4.0,0.19354838
2023,7,00-0039066,M.Mayer,TE,LV,CHI,0,0,0.0,0,0.0,0.0,0.0,0,0.0,0,4,2,13.0,0,1.3,3.3,,,76.0,265.0,22.33823529411765,0.0,Notre Dame,2023.0,2023.0,LV,35.0,,0.08888889
2023,8,00-0039066,M.Mayer,TE,LV,DET,0,0,0.0,0,0.0,0.0,0.0,0,0.0,0,2,1,19.0,0,1.9,2.9,,,76.0,265.0,22.33823529411765,0.0,Notre Dame,2023.0,2023.0,LV,35.0,,0.0952381
2023,9,00-0039066,M.Mayer,TE,LV,NYG,0,0,0.0,0,0.0,0.0,0.0,0,0.0,0,2,2,11.0,0,1.1,3.1,,,76.0,265.0,22.33823529411765,0.0,Notre Dame,2023.0,2023.0,LV,35.0,24.0,0.083333336
2023,10,00-0039066,M.Mayer,TE,LV,NYJ,0,0,0.0,0,0.0,0.0,0.0,0,0.0,0,5,3,19.0,1,7.9,10.9,,,76.0,265.0,22.33823529411765,0.0,Notre Dame,2023.0,2023.0,LV,35.0,4.0,0.2
2023,11,00-0039066,M.Mayer,TE,LV,MIA,0,0,0.0,0,0.0,0.0,0.0,0,0.0,0,5,4,46.0,0,4.6,8.6,,,76.0,265.0,22.33823529411765,0.0,Notre Dame,2023.0,2023.0,LV,35.0,,0.13157895
2023,12,00-0039066,M.Mayer,TE,LV,KC,0,0,0.0,0,0.0,0.0,0.0,0,0.0,0,4,2,27.0,0,2.7,4.7,,,76.0,265.0,22.33823529411765,0.0,Notre Dame,2023.0,2023.0,LV,35.0,-14.0,0.125
2023,14,00-0039066,M.Mayer,TE,LV,MIN,0,0,0.0,0,0.0,0.0,0.0,0,0.0,0,2,1,14.0,0,1.4,2.4,,,76.0,265.0,22.33823529411765,0.0,Notre Dame,2023.0,2023.0,LV,35.0,-3.0,0.06896552
2023,15,00-0039066,M.Mayer,TE,LV,LAC,0,0,0.0,0,0.0,0.0,0.0,0,0.0,0,5,4,39.0,1,9.9,13.9,,,76.0,265.0,22.33823529411765,0.0,Notre Dame,2023.0,2023.0,LV,35.0,42.0,0.14705883
2023,1,00-0039067,R.Rice,WR,KC,DET,0,0,0.0,0,0.0,0.0,0.0,1,-3.0,0,5,3,29.0,1,8.6,11.6,,,73.0,203.0,23.586809523809524,0.0,Southern Methodist,2023.0,2023.0,KC,55.0,-1.0,0.13513513
2023,2,00-0039067,R.Rice,WR,KC,JAX,0,0,0.0,0,0.0,0.0,0.0,0,0.0,0,2,2,20.0,0,2.0,4.0,,,73.0,203.0,23.586809523809524,0.0,Southern Methodist,2023.0,2023.0,KC,55.0,,0.05
2023,3,00-0039067,R.Rice,WR,KC,CHI,0,0,0.0,0,0.0,0.0,0.0,0,0.0,0,7,5,59.0,0,5.9,10.9,,,73.0,203.0,23.586809523809524,0.0,Southern Methodist,2023.0,2023.0,KC,55.0,31.0,0.1891892
2023,4,00-0039067,R.Rice,WR,KC,NYJ,0,0,0.0,0,0.0,0.0,0.0,0,0.0,0,5,3,32.0,0,3.2,6.2,,,73.0,203.0,23.586809523809524,0.0,Southern Methodist,2023.0,2023.0,KC,55.0,,0.1724138
2023,5,00-0039067,R.Rice,WR,KC,MIN,0,0,0.0,0,0.0,0.0,0.0,0,0.0,0,5,4,33.0,1,9.3,13.3,,,73.0,203.0,23.586809523809524,0.0,Southern Methodist,2023.0,2023.0,KC,55.0,,0.12820514
2023,6,00-0039067,R.Rice,WR,KC,DEN,0,0,0.0,0,0.0,0.0,0.0,0,0.0,0,4,4,72.0,0,7.2,11.2,,,73.0,203.0,23.586809523809524,0.0,Southern Methodist,2023.0,2023.0,KC,55.0,11.0,0.102564104
2023,7,00-0039067,R.Rice,WR,KC,LAC,0,0,0.0,0,0.0,0.0,0.0,0,0.0,0,6,5,60.0,1,12.0,17.0,,,73.0,203.0,23.586809523809524,0.0,Southern Methodist,2023.0,2023.0,KC,55.0,14.0,0.15
2023,8,00-0039067,R.Rice,WR,KC,DEN,0,0,0.0,0,0.0,0.0,0.0,0,0.0,0,5,4,56.0,0,5.6,9.6,,,73.0,203.0,23.586809523809524,0.0,Southern Methodist,2023.0,2023.0,KC,55.0,,0.13513513
2023,9,00-0039067,R.Rice,WR,KC,MIA,0,0,0.0,0,0.0,0.0,0.0,0,0.0,0,2,2,17.0,1,7.7,9.7,,,73.0,203.0,23.586809523809524,0.0,Southern Methodist,2023.0,2023.0,KC,55.0,7.0,0.071428575
2023,11,00-0039067,R.Rice,WR,KC,PHI,0,0,0.0,0,0.0,0.0,0.0,0,0.0,0,5,4,42.0,0,4.2,8.2,,,73.0,203.0,23.586809523809524,0.0,Southern Methodist,2023.0,2023.0,KC,55.0,-4.0,0.12820514
2023,12,00-0039067,R.Rice,WR,KC,LV,0,0,0.0,0,0.0,0.0,0.0,0,0.0,0,10,8,107.0,1,16.7,24.7,,,73.0,203.0,23.586809523809524,0.0,Southern Methodist,2023.0,2023.0,KC,55.0,,0.3125
2023,13,00-0039067,R.Rice,WR,KC,GB,0,0,0.0,0,0.0,0.0,0.0,0,0.0,0,9,8,64.0,0,6.4,14.4,,,73.0,203.0,23.586809523809524,0.0,Southern Methodist,2023.0,2023.0,KC,55.0,,0.3
2023,14,00-0039067,R.Rice,WR,KC,BUF,0,0,0.0,0,0.0,0.0,0.0,0,0.0,0,10,7,72.0,1,11.2,18.2,,,73.0,203.0,23.586809523809524,0.0,Southern Methodist,2023.0,2023.0,KC,55.0,-3.0,0.25641027
2023,15,00-0039067,R.Rice,WR,KC,NE,0,0,0.0,0,0.0,0.0,0.0,0,0.0,0,9,9,91.0,1,15.1,24.1,,,73.0,203.0,23.586809523809524,0.0,Southern Methodist,2023.0,2023.0,KC,55.0,,0.25714287
2023,16,00-0039067,R.Rice,WR,KC,LV,0,0,0.0,0,0.0,0.0,0.0,0,0.0,0,12,6,57.0,0,5.7,11.7,,,73.0,203.0,23.586809523809524,0.0,Southern Methodist,2023.0,2023.0,KC,55.0,-6.0,0.29268292
2023,17,00-0039067,R.Rice,WR,KC,CIN,0,0,0.0,0,0.0,0.0,0.0,0,0.0,0,6,5,127.0,0,12.7,17.7,,,73.0,203.0,23.586809523809524,0.0,Southern Methodist,2023.0,2023.0,KC,55.0,8.0,0.21428572
2023,19,00-0039067,R.Rice,WR,KC,MIA,0,0,0.0,0,0.0,0.0,0.0,0,0.0,0,12,8,130.0,1,19.0,27.0,,,73.0,203.0,23.586809523809524,0.0,Southern Methodist,2023.0,2023.0,KC,55.0,19.0,0.3529412
2023,20,00-0039067,R.Rice,WR,KC,BUF,0,0,0.0,0,0.0,0.0,0.0,0,0.0,0,4,4,47.0,0,4.7,8.7,,,73.0,203.0,23.586809523809524,0.0,Southern Methodist,2023.0,2023.0,KC,55.0,,0.1904762
2023,21,00-0039067,R.Rice,WR,KC,BAL,0,0,0.0,0,0.0,0.0,0.0,0,0.0,0,9,8,46.0,0,4.6,12.6,,,73.0,203.0,23.586809523809524,0.0,Southern Methodist,2023.0,2023.0,KC,55.0,,0.25
2023,22,00-0039067,R.Rice,WR,KC,SF,0,0,0.0,0,0.0,0.0,0.0,2,5.0,0,8,6,39.0,0,4.4,10.4,,,73.0,203.0,23.586809523809524,0.0,Southern Methodist,2023.0,2023.0,KC,55.0,3.0,0.1904762
2023,12,00-0039074,D.Allen,TE,LA,ARI,0,0,0.0,0,0.0,0.0,0.0,0,0.0,0,1,1,6.0,0,0.6,1.6,,,78.0,250.0,22.770333333333333,0.0,Clemson,2023.0,2023.0,LA,175.0,,0.032258064
2023,14,00-0039074,D.Allen,TE,LA,BAL,0,0,0.0,0,0.0,0.0,0.0,0,0.0,0,5,4,50.0,1,11.0,15.0,,,78.0,250.0,22.770333333333333,0.0,Clemson,2023.0,2023.0,LA,175.0,,0.12820514
2023,15,00-0039074,D.Allen,TE,LA,WAS,0,0,0.0,0,0.0,0.0,0.0,0,0.0,0,1,1,14.0,0,1.4,2.4,,,78.0,250.0,22.770333333333333,0.0,Clemson,2023.0,2023.0,LA,175.0,8.0,0.03125
2023,18,00-0039074,D.Allen,TE,LA,SF,0,0,0.0,0,0.0,0.0,0.0,0,0.0,0,4,4,25.0,0,2.5,6.5,,,78.0,250.0,22.770333333333333,0.0,Clemson,2023.0,2023.0,LA,175.0,,0.17391305
2023,19,00-0039074,D.Allen,TE,LA,DET,0,0,0.0,0,0.0,0.0,0.0,0,0.0,0,2,2,28.0,0,2.8,4.8,,,78.0,250.0,22.770333333333333,0.0,Clemson,2023.0,2023.0,LA,175.0,,0.05882353
2023,1,00-0039075,P.Nacua,WR,LA,SEA,0,0,0.0,0,0.0,0.0,0.0,0,0.0,0,15,10,119.0,0,11.9,21.9,,,74.0,205.0,22.455555555555556,0.0,Brigham Young,2023.0,2023.0,LA,177.0,,0.4054054
2023,2,00-0039075,P.Nacua,WR,LA,SF,0,0,0.0,0,0.0,0.0,0.0,2,4.0,0,20,15,147.0,0,15.1,30.1,,,74.0,205.0,22.455555555555556,0.0,Brigham Young,2023.0,2023.0,LA,177.0,-7.0,0.3846154
2023,3,00-0039075,P.Nacua,WR,LA,CIN,0,0,0.0,0,0.0,0.0,0.0,0,0.0,0,7,5,72.0,0,7.2,12.2,,,74.0,205.0,22.455555555555556,0.0,Brigham Young,2023.0,2023.0,LA,177.0,,0.21875
2023,4,00-0039075,P.Nacua,WR,LA,IND,0,0,0.0,0,0.0,0.0,0.0,0,0.0,0,10,9,163.0,1,22.3,31.3,,,74.0,205.0,22.455555555555556,0.0,Brigham Young,2023.0,2023.0,LA,177.0,,0.25641027
2023,5,00-0039075,P.Nacua,WR,LA,PHI,0,0,0.0,0,0.0,0.0,0.0,0,0.0,0,11,7,71.0,1,13.1,20.1,,,74.0,205.0,22.455555555555556,0.0,Brigham Young,2023.0,2023.0,LA,177.0,-9.0,0.32352942
2023,6,00-0039075,P.Nacua,WR,LA,ARI,0,0,0.0,0,0.0,0.0,0.0,0,0.0,0,7,4,26.0,0,2.6,6.6,,,74.0,205.0,22.455555555555556,0.0,Brigham Young,2023.0,2023.0,LA,177.0,17.0,0.33333334
2023,7,00-0039075,P.Nacua,WR,LA,PIT,0,0,0.0,0,0.0,0.0,0.0,0,0.0,0,12,8,154.0,0,15.4,23.4,,,74.0,205.0,22.455555555555556,0.0,Brigham Young,2023.0,2023.0,LA,177.0,-7.0,0.44444445
2023,8,00-0039075,P.Nacua,WR,LA,DAL,0,0,0.0,0,0.0,0.0,0.0,0,0.0,0,7,3,43.0,0,4.3,7.3,,,74.0,205.0,22.455555555555556,0.0,Brigham Young,2023.0,2023.0,LA,177.0,,0.21875
2023,9,00-0039075,P.Nacua,WR,LA,GB,0,0,0.0,0,0.0,0.0,0.0,0,0.0,0,7,3,32.0,0,3.2,6.2,,,74.0,205.0,22.455555555555556,0.0,Brigham Young,2023.0,2023.0,LA,177.0,,0.25925925
2023,11,00-0039075,P.Nacua,WR,LA,SEA,0,0,0.0,0,0.0,0.0,0.0,1,7.0,0,7,5,70.0,1,13.7,18.7,,,74.0,205.0,22.455555555555556,0.0,Brigham Young,2023.0,2023.0,LA,177.0,1.0,0.2413793
2023,12,00-0039075,P.Nacua,WR,LA,ARI,0,0,0.0,0,0.0,0.0,0.0,0,0.0,0,8,4,27.0,0,2.7,6.7,,,74.0,205.0,22.455555555555556,0.0,Brigham Young,2023.0,2023.0,LA,177.0,,0.2580645
2023,13,00-0039075,P.Nacua,WR,LA,CLE,0,0,0.0,0,0.0,0.0,0.0,2,34.0,0,7,4,105.0,1,19.9,23.9,,,74.0,205.0,22.455555555555556,0.0,Brigham Young,2023.0,2023.0,LA,177.0,17.0,0.20588236
2023,14,00-0039075,P.Nacua,WR,LA,BAL,0,0,0.0,0,0.0,0.0,0.0,1,6.0,0,9,5,84.0,0,9.0,14.0,,,74.0,205.0,22.455555555555556,0.0,Brigham Young,2023.0,2023.0,LA,177.0,,0.23076923
2023,15,00-0039075,P.Nacua,WR,LA,WAS,0,0,0.0,0,0.0,0.0,0.0,2,3.0,0,8,5,50.0,0,5.3,10.3,,,74.0,205.0,22.455555555555556,0.0,Brigham Young,2023.0,2023.0,LA,177.0,8.0,0.25
2023,16,00-0039075,P.Nacua,WR,LA,NO,0,0,0.0,0,0.0,0.0,0.0,2,16.0,0,11,9,164.0,1,24.0,33.0,,,74.0,205.0,22.455555555555556,0.0,Brigham Young,2023.0,2023.0,LA,177.0,8.0,0.34375
2023,17,00-0039075,P.Nacua,WR,LA,NYG,0,0,0.0,0,0.0,0.0,0.0,2,19.0,0,8,5,118.0,0,13.7,18.7,,,74.0,205.0,22.455555555555556,0.0,Brigham Young,2023.0,2023.0,LA,177.0,,0.23529412
2023,18,00-0039075,P.Nacua,WR,LA,SF,0,0,0.0,0,0.0,0.0,0.0,0,0.0,0,6,4,41.0,1,10.1,14.1,,,74.0,205.0,22.455555555555556,0.0,Brigham Young,2023.0,2023.0,LA,177.0,,0.26086956
2023,19,00-0039075,P.Nacua,WR,LA,DET,0,0,0.0,0,0.0,0.0,0.0,1,-2.0,0,10,9,181.0,1,23.9,32.9,,,74.0,205.0,22.455555555555556,0.0,Brigham Young,2023.0,2023.0,LA,177.0,,0.29411766
2023,6,00-0039136,Z.Evans,RB,LA,ARI,0,0,0.0,0,0.0,0.0,0.0,4,10.0,0,0,0,0.0,0,1.0,1.0,,,71.0,215.0,22.452833333333334,0.0,Mississippi,2023.0,2023.0,LA,215.0,17.0,
2023,11,00-0039136,Z.Evans,RB,LA,SEA,0,0,0.0,0,0.0,0.0,0.0,1,0.0,0,0,0,0.0,0,0.0,0.0,,,71.0,215.0,22.452833333333334,0.0,Mississippi,2023.0,2023.0,LA,215.0,1.0,
2023,12,00-0039136,Z.Evans,RB,LA,ARI,0,0,0.0,0,0.0,0.0,0.0,3,6.0,0,0,0,0.0,0,0.6,0.6,,,71.0,215.0,22.452833333333334,0.0,Mississippi,2023.0,2023.0,LA,215.0,,
2023,18,00-0039136,Z.Evans,RB,LA,SF,0,0,0.0,0,0.0,0.0,0.0,1,3.0,0,0,0,0.0,0,0.3,0.3,,,71.0,215.0,22.452833333333334,0.0,Mississippi,2023.0,2023.0,LA,215.0,,
2023,1,00-0039139,J.Gibbs,RB,DET,KC,0,0,0.0,0,0.0,0.0,0.0,7,42.0,0,2,2,18.0,0,6.0,8.0,,,69.0,200.0,21.667949999999998,0.0,Alabama,2023.0,2023.0,DET,12.0,,0.0625
2023,2,00-0039139,J.Gibbs,RB,DET,SEA,0,0,0.0,0,0.0,0.0,0.0,7,17.0,0,9,7,39.0,0,5.6,12.6,,,69.0,200.0,21.667949999999998,0.0,Alabama,2023.0,2023.0,DET,12.0,-6.0,0.2647059
2023,3,00-0039139,J.Gibbs,RB,DET,ATL,0,0,0.0,0,0.0,0.0,0.0,17,80.0,0,2,1,2.0,0,8.2,9.2,,,69.0,200.0,21.667949999999998,0.0,Alabama,2023.0,2023.0,DET,12.0,14.0,0.06451613
2023,4,00-0039139,J.Gibbs,RB,DET,GB,0,0,0.0,0,0.0,0.0,0.0,8,40.0,0,5,4,11.0,0,5.1,9.1,,,69.0,200.0,21.667949999999998,0.0,Alabama,2023.0,2023.0,DET,12.0,,0.18518518
2023,7,00-0039139,J.Gibbs,RB,DET,BAL,0,0,0.0,0,0.0,0.0,0.0,11,68.0,1,10,9,58.0,0,18.6,27.6,,,69.0,200.0,21.667949999999998,0.0,Alabama,2023.0,2023.0,DET,12.0,,0.20408164
2023,8,00-0039139,J.Gibbs,RB,DET,LV,0,0,0.0,0,0.0,0.0,0.0,26,152.0,1,5,5,37.0,0,24.9,29.9,,,69.0,200.0,21.667949999999998,0.0,Alabama,2023.0,2023.0,DET,12.0,12.0,0.14705883
2023,10,00-0039139,J.Gibbs,RB,DET,LAC,0,0,0.0,0,0.0,0.0,0.0,14,77.0,2,5,3,35.0,0,23.2,26.2,,,69.0,200.0,21.667949999999998,0.0,Alabama,2023.0,2023.0,DET,12.0,,0.15625
2023,11,00-0039139,J.Gibbs,RB,DET,CHI,0,0,0.0,0,0.0,0.0,0.0,8,36.0,1,6,6,59.0,0,15.5,21.5,,,69.0,200.0,21.667949999999998,0.0,Alabama,2023.0,2023.0,DET,12.0,5.0,0.1875
2023,12,00-0039139,J.Gibbs,RB,DET,GB,0,0,0.0,0,0.0,0.0,0.0,11,54.0,0,8,4,19.0,0,7.3,11.3,,,69.0,200.0,21.667949999999998,0.0,Alabama,2023.0,2023.0,DET,12.0,-7.0,0.1904762
2023,13,00-0039139,J.Gibbs,RB,DET,NO,0,0,0.0,0,0.0,0.0,0.0,8,60.0,0,2,1,-6.0,0,5.4,6.4,,,69.0,200.0,21.667949999999998,0.0,Alabama,2023.0,2023.0,DET,12.0,,0.08
2023,14,00-0039139,J.Gibbs,RB,DET,CHI,0,0,0.0,0,0.0,0.0,0.0,11,66.0,1,4,3,16.0,0,14.2,17.2,,,69.0,200.0,21.667949999999998,0.0,Alabama,2023.0,2023.0,DET,12.0,,0.11764706
2023,15,00-0039139,J.Gibbs,RB,DET,DEN,0,0,0.0,0,0.0,0.0,0.0,11,100.0,1,2,2,8.0,1,22.8,24.8,,,69.0,200.0,21.667949999999998,0.0,Alabama,2023.0,2023.0,DET,12.0,25.0,0.0625
2023,16,00-0039139,J.Gibbs,RB,DET,MIN,0,0,0.0,0,0.0,0.0,0.0,15,80.0,2,7,4,20.0,0,20.0,24.0,,,69.0,200.0,21.667949999999998,0.0,Alabama,2023.0,2023.0,DET,12.0,,0.17948718
2023,17,00-0039139,J.Gibbs,RB,DET,DAL,0,0,0.0,0,0.0,0.0,0.0,15,43.0,0,3,1,0.0,0,4.3,5.3,,,69.0,200.0,21.667949999999998,0.0,Alabama,2023.0,2023.0,DET,12.0,,0.09375
2023,18,00-0039139,J.Gibbs,RB,DET,MIN,0,0,0.0,0,0.0,0.0,0.0,13,30.0,1,1,0,0.0,0,9.0,9.0,,,69.0,200.0,21.667949999999998,0.0,Alabama,2023.0,2023.0,DET,12.0,10.0,0.032258064
2023,19,00-0039139,J.Gibbs,RB,DET,LA,0,0,0.0,0,0.0,0.0,0.0,8,25.0,1,4,4,43.0,0,12.8,16.8,,,69.0,200.0,21.667949999999998,0.0,Alabama,2023.0,2023.0,DET,12.0,1.0,0.15384616
2023,20,00-0039139,J.Gibbs,RB,DET,TB,0,0,0.0,0,0.0,0.0,0.0,9,74.0,1,4,4,40.0,0,17.4,21.4,,,69.0,200.0,21.667949999999998,0.0,Alabama,2023.0,2023.0,DET,12.0,8.0,0.0952381
2023,21,00-0039139,J.Gibbs,RB,DET,SF,0,0,0.0,0,0.0,0.0,0.0,12,45.0,1,6,3,11.0,0,9.6,12.6,,,69.0,200.0,21.667949999999998,0.0,Alabama,2023.0,2023.0,DET,12.0,,0.15
2023,1,00-0039144,L.Musgrave,TE,GB,CHI,0,0,0.0,0,0.0,0.0,0.0,0,0.0,0,4,3,50.0,0,5.0,8.0,,,78.0,252.0,23.20563157894737,0.0,Oregon State,2023.0,2023.0,GB,42.0,,0.14814815
2023,2,00-0039144,L.Musgrave,TE,GB,ATL,0,0,0.0,0,0.0,0.0,0.0,0,0.0,0,3,2,25.0,0,2.5,4.5,,,78.0,252.0,23.20563157894737,0.0,Oregon State,2023.0,2023.0,GB,42.0,,0.12
2023,3,00-0039144,L.Musgrave,TE,GB,NO,0,0,0.0,0,0.0,0.0,0.0,0,0.0,0,8,6,49.0,0,4.9,10.9,,,78.0,252.0,23.20563157894737,0.0,Oregon State,2023.0,2023.0,GB,42.0,1.0,0.18604651
2023,4,00-0039144,L.Musgrave,TE,GB,DET,0,0,0.0,0,0.0,0.0,0.0,0,0.0,0,1,1,1.0,0,0.1,1.1,,,78.0,252.0,23.20563157894737,0.0,Oregon State,2023.0,2023.0,GB,42.0,-14.0,0.029411765
2023,5,00-0039144,L.Musgrave,TE,GB,LV,0,0,0.0,0,0.0,0.0,0.0,0,0.0,0,7,6,34.0,0,3.4,9.4,,,78.0,252.0,23.20563157894737,0.0,Oregon State,2023.0,2023.0,GB,42.0,,0.2413793
2023,7,00-0039144,L.Musgrave,TE,GB,DEN,0,0,0.0,0,0.0,0.0,0.0,0,0.0,0,5,4,30.0,0,3.0,7.0,,,78.0,252.0,23.20563157894737,0.0,Oregon State,2023.0,2023.0,GB,42.0,,0.15625
2023,8,00-0039144,L.Musgrave,TE,GB,MIN,0,0,0.0,0,0.0,0.0,0.0,0,0.0,0,3,2,9.0,0,0.9,2.9,,,78.0,252.0,23.20563157894737,0.0,Oregon State,2023.0,2023.0,GB,42.0,-14.0,0.075
2023,9,00-0039144,L.Musgrave,TE,GB,LA,0,0,0.0,0,0.0,0.0,0.0,0,0.0,0,4,3,51.0,1,11.1,14.1,,,78.0,252.0,23.20563157894737,0.0,Oregon State,2023.0,2023.0,GB,42.0,17.0,0.16
2023,10,00-0039144,L.Musgrave,TE,GB,PIT,0,0,0.0,0,0.0,0.0,0.0,0,0.0,0,4,2,64.0,0,6.4,8.4,,,78.0,252.0,23.20563157894737,0.0,Oregon State,2023.0,2023.0,GB,42.0,,0.10810811
2023,11,00-0039144,L.Musgrave,TE,GB,LAC,0,0,0.0,0,0.0,0.0,0.0,0,0.0,0,6,4,28.0,0,2.8,6.8,,,78.0,252.0,23.20563157894737,0.0,Oregon State,2023.0,2023.0,GB,42.0,3.0,0.15789473
2023,18,00-0039144,L.Musgrave,TE,GB,CHI,0,0,0.0,0,0.0,0.0,0.0,0,0.0,0,1,1,11.0,0,1.1,2.1,,,78.0,252.0,23.20563157894737,0.0,Oregon State,2023.0,2023.0,GB,42.0,8.0,0.03125
2023,19,00-0039144,L.Musgrave,TE,GB,DAL,0,0,0.0,0,0.0,0.0,0.0,0,0.0,0,3,3,52.0,1,11.2,14.2,,,78.0,252.0,23.20563157894737,0.0,Oregon State,2023.0,2023.0,GB,42.0,,0.14285715
2023,20,00-0039144,L.Musgrave,TE,GB,SF,0,0,0.0,0,0.0,0.0,0.0,0,0.0,0,4,3,14.0,0,1.4,4.4,,,78.0,252.0,23.20563157894737,0.0,Oregon State,2023.0,2023.0,GB,42.0,,0.121212125
2023,1,00-0039146,J.Reed,WR,GB,CHI,0,0,0.0,0,0.0,0.0,0.0,1,-2.0,0,5,2,48.0,0,4.6,6.6,,,71.0,190.0,23.553526315789473,0.0,Michigan State,2023.0,2023.0,GB,50.0,,0.18518518
2023,2,00-0039146,J.Reed,WR,GB,ATL,0,0,0.0,0,0.0,0.0,0.0,0,0.0,0,8,4,37.0,2,15.7,19.7,,,71.0,190.0,23.553526315789473,0.0,Michigan State,2023.0,2023.0,GB,50.0,,0.32
2023,3,00-0039146,J.Reed,WR,GB,NO,0,0,0.0,0,0.0,0.0,0.0,0,0.0,0,7,3,63.0,0,6.3,9.3,,,71.0,190.0,23.553526315789473,0.0,Michigan State,2023.0,2023.0,GB,50.0,1.0,0.1627907
2023,4,00-0039146,J.Reed,WR,GB,DET,0,0,0.0,0,0.0,0.0,0.0,0,0.0,0,5,3,55.0,0,7.5,10.5,,,71.0,190.0,23.553526315789473,0.0,Michigan State,2023.0,2023.0,GB,50.0,-14.0,0.14705883
2023,5,00-0039146,J.Reed,WR,GB,LV,0,0,0.0,0,0.0,0.0,0.0,0,0.0,0,2,1,7.0,0,0.7,1.7,,,71.0,190.0,23.553526315789473,0.0,Michigan State,2023.0,2023.0,GB,50.0,,0.06896552
2023,7,00-0039146,J.Reed,WR,GB,DEN,0,0,0.0,0,0.0,0.0,0.0,0,0.0,0,4,3,21.0,1,8.1,11.1,,,71.0,190.0,23.553526315789473,0.0,Michigan State,2023.0,2023.0,GB,50.0,,0.125
2023,8,00-0039146,J.Reed,WR,GB,MIN,0,0,0.0,0,0.0,0.0,0.0,0,0.0,0,6,4,83.0,0,8.3,12.3,,,71.0,190.0,23.553526315789473,0.0,Michigan State,2023.0,2023.0,GB,50.0,-14.0,0.15
2023,9,00-0039146,J.Reed,WR,GB,LA,0,0,0.0,0,0.0,0.0,0.0,1,21.0,0,3,3,19.0,0,4.0,7.0,,,71.0,190.0,23.553526315789473,0.0,Michigan State,2023.0,2023.0,GB,50.0,17.0,0.12
2023,10,00-0039146,J.Reed,WR,GB,PIT,0,0,0.0,0,0.0,0.0,0.0,0,0.0,0,5,5,84.0,1,14.4,19.4,,,71.0,190.0,23.553526315789473,0.0,Michigan State,2023.0,2023.0,GB,50.0,,0.13513513
2023,11,00-0039146,J.Reed,WR,GB,LAC,0,0,0.0,0,0.0,0.0,0.0,3,46.0,1,6,4,46.0,0,15.2,19.2,,,71.0,190.0,23.553526315789473,0.0,Michigan State,2023.0,2023.0,GB,50.0,3.0,0.15789473
2023,12,00-0039146,J.Reed,WR,GB,DET,0,0,0.0,0,0.0,0.0,0.0,2,16.0,0,8,4,34.0,1,11.0,15.0,,,71.0,190.0,23.553526315789473,0.0,Michigan State,2023.0,2023.0,GB,50.0,,0.26666668
2023,13,00-0039146,J.Reed,WR,GB,KC,0,0,0.0,0,0.0,0.0,0.0,0,0.0,0,5,4,16.0,0,1.6,5.6,,,71.0,190.0,23.553526315789473,0.0,Michigan State,2023.0,2023.0,GB,50.0,8.0,0.14285715
2023,14,00-0039146,J.Reed,WR,GB,NYG,0,0,0.0,0,0.0,0.0,0.0,4,38.0,1,10,8,27.0,0,12.5,20.5,,,71.0,190.0,23.553526315789473,0.0,Michigan State,2023.0,2023.0,GB,50.0,,0.2631579
2023,15,00-0039146,J.Reed,WR,GB,TB,0,0,0.0,0,0.0,0.0,0.0,0,0.0,0,8,6,52.0,1,11.2,17.2,,,71.0,190.0,23.553526315789473,0.0,Michigan State,2023.0,2023.0,GB,50.0,-14.0,0.22222222
2023,17,00-0039146,J.Reed,WR,GB,MIN,0,0,0.0,0,0.0,0.0,0.0,0,0.0,0,8,6,89.0,2,20.9,26.9,,,71.0,190.0,23.553526315789473,0.0,Michigan State,2023.0,2023.0,GB,50.0,,0.23529412
2023,18,00-0039146,J.Reed,WR,GB,CHI,0,0,0.0,0,0.0,0.0,0.0,0,0.0,0,4,4,112.0,0,11.2,15.2,,,71.0,190.0,23.553526315789473,0.0,Michigan State,2023.0,2023.0,GB,50.0,8.0,0.125
2023,19,00-0039146,J.Reed,WR,GB,DAL,0,0,0.0,0,0.0,0.0,0.0,0,0.0,0,3,0,0.0,0,0.0,0.0,,,71.0,190.0,23.553526315789473,0.0,Michigan State,2023.0,2023.0,GB,50.0,,0.14285715
2023,20,00-0039146,J.Reed,WR,GB,SF,0,0,0.0,0,0.0,0.0,0.0,1,9.0,0,4,4,35.0,0,4.4,8.4,,,71.0,190.0,23.553526315789473,0.0,Michigan State,2023.0,2023.0,GB,50.0,,0.121212125
2023,1,00-0039150,B.Young,QB,CAR,ATL,20,38,146.0,1,2.0,2.0,19.0,3,17.0,0,0,0,0.0,0,7.54,7.54,,,70.0,194.0,22.29270588235294,0.0,Alabama,2023.0,2023.0,CAR,1.0,,
2023,2,00-0039150,B.Young,QB,CAR,NO,22,33,153.0,1,0.0,4.0,14.0,2,34.0,0,0,0,0.0,0,13.52,13.52,,,70.0,194.0,22.29270588235294,0.0,Alabama,2023.0,2023.0,CAR,1.0,-3.0,
2023,4,00-0039150,B.Young,QB,CAR,MIN,25,32,204.0,0,0.0,5.0,55.0,2,10.0,0,0,0,0.0,0,7.16,7.16,,,70.0,194.0,22.29270588235294,0.0,Alabama,2023.0,2023.0,CAR,1.0,-8.0,
2023,5,00-0039150,B.Young,QB,CAR,DET,25,41,247.0,3,2.0,1.0,4.0,1,4.0,0,0,0,0.0,0,18.28,18.28,,,70.0,194.0,22.29270588235294,0.0,Alabama,2023.0,2023.0,CAR,1.0,,
2023,6,00-0039150,B.Young,QB,CAR,MIA,23,38,217.0,1,0.0,4.0,36.0,0,0.0,0,0,0,0.0,0,12.68,12.68,,,70.0,194.0,22.29270588235294,0.0,Alabama,2023.0,2023.0,CAR,1.0,,
2023,8,00-0039150,B.Young,QB,CAR,HOU,22,31,235.0,1,0.0,6.0,55.0,4,11.0,0,0,0,0.0,0,14.5,14.5,,,70.0,194.0,22.29270588235294,0.0,Alabama,2023.0,2023.0,CAR,1.0,2.0,
2023,9,00-0039150,B.Young,QB,CAR,IND,24,39,173.0,1,3.0,4.0,36.0,5,41.0,0,0,0,0.0,0,9.02,9.02,,,70.0,194.0,22.29270588235294,0.0,Alabama,2023.0,2023.0,CAR,1.0,-14.0,
2023,10,00-0039150,B.Young,QB,CAR,CHI,21,38,185.0,0,0.0,3.0,15.0,3,18.0,0,0,0,0.0,0,9.2,9.2,,,70.0,194.0,22.29270588235294,0.0,Alabama,2023.0,2023.0,CAR,1.0,,
2023,11,00-0039150,B.Young,QB,CAR,DAL,16,29,123.0,1,1.0,7.0,46.0,2,3.0,0,0,0,0.0,0,5.22,5.22,,,70.0,194.0,22.29270588235294,0.0,Alabama,2023.0,2023.0,CAR,1.0,-23.0,
2023,12,00-0039150,B.Young,QB,CAR,TEN,18,31,194.0,0,0.0,4.0,32.0,3,23.0,0,0,0,0.0,0,8.06,8.06,,,70.0,194.0,22.29270588235294,0.0,Alabama,2023.0,2023.0,CAR,1.0,,
2023,13,00-0039150,B.Young,QB,CAR,TB,15,31,178.0,0,1.0,4.0,29.0,0,0.0,0,0,0,0.0,0,7.12,7.12,,,70.0,194.0,22.29270588235294,0.0,Alabama,2023.0,2023.0,CAR,1.0,,
2023,14,00-0039150,B.Young,QB,CAR,NO,13,36,137.0,0,0.0,4.0,38.0,3,40.0,0,0,0,0.0,0,7.48,7.48,,,70.0,194.0,22.29270588235294,0.0,Alabama,2023.0,2023.0,CAR,1.0,,
2023,15,00-0039150,B.Young,QB,CAR,ATL,18,24,167.0,0,0.0,3.0,13.0,4,9.0,0,0,0,0.0,0,7.58,7.58,,,70.0,194.0,22.29270588235294,0.0,Alabama,2023.0,2023.0,CAR,1.0,2.0,
2023,16,00-0039150,B.Young,QB,CAR,GB,23,36,312.0,2,0.0,2.0,14.0,4,17.0,0,0,0,0.0,0,22.18,22.18,,,70.0,194.0,22.29270588235294,0.0,Alabama,2023.0,2023.0,CAR,1.0,-3.0,
2023,17,00-0039150,B.Young,QB,CAR,JAX,19,32,112.0,0,1.0,6.0,45.0,1,2.0,0,0,0,0.0,0,2.68,2.68,,,70.0,194.0,22.29270588235294,0.0,Alabama,2023.0,2023.0,CAR,1.0,,
2023,18,00-0039150,B.Young,QB,CAR,TB,11,18,94.0,0,0.0,3.0,26.0,2,24.0,0,0,0,0.0,0,4.16,4.16,,,70.0,194.0,22.29270588235294,0.0,Alabama,2023.0,2023.0,CAR,1.0,-9.0,
2023,8,00-0039152,W.Levis,QB,TEN,ATL,19,29,238.0,4,0.0,2.0,12.0,7,11.0,0,0,0,0.0,0,26.62,26.62,,,76.0,232.0,24.370705882352944,0.0,Kentucky,2023.0,2023.0,TEN,33.0,5.0,
2023,9,00-0039152,W.Levis,QB,TEN,PIT,22,39,262.0,0,1.0,4.0,27.0,1,2.0,0,0,0,0.0,0,8.68,8.68,,,76.0,232.0,24.370705882352944,0.0,Kentucky,2023.0,2023.0,TEN,33.0,,
2023,10,00-0039152,W.Levis,QB,TEN,TB,19,39,199.0,0,1.0,4.0,32.0,0,0.0,0,0,0,0.0,0,5.96,5.96,,,76.0,232.0,24.370705882352944,0.0,Kentucky,2023.0,2023.0,TEN,33.0,,
2023,11,00-0039152,W.Levis,QB,TEN,JAX,13,17,158.0,2,0.0,2.0,15.0,4,2.0,0,0,0,0.0,0,12.52,12.52,,,76.0,232.0,24.370705882352944,0.0,Kentucky,2023.0,2023.0,TEN,33.0,,
2023,12,00-0039152,W.Levis,QB,TEN,CAR,18,28,185.0,0,0.0,1.0,1.0,3,-3.0,0,0,0,0.0,0,7.1,7.1,,,76.0,232.0,24.370705882352944,0.0,Kentucky,2023.0,2023.0,TEN,33.0,7.0,
2023,13,00-0039152,W.Levis,QB,TEN,IND,16,33,224.0,1,0.0,6.0,20.0,2,5.0,0,0,0,0.0,0,11.46,11.46,,,76.0,232.0,24.370705882352944,0.0,Kentucky,2023.0,2023.0,TEN,33.0,-3.0,
2023,14,00-0039152,W.Levis,QB,TEN,MIA,23,38,327.0,1,1.0,1.0,7.0,4,15.0,0,0,0,0.0,0,16.58,16.58,,,76.0,232.0,24.370705882352944,0.0,Kentucky,2023.0,2023.0,TEN,33.0,,
2023,15,00-0039152,W.Levis,QB,TEN,HOU,17,26,199.0,0,1.0,7.0,61.0,4,25.0,1,0,0,0.0,0,14.46,14.46,,,76.0,232.0,24.370705882352944,0.0,Kentucky,2023.0,2023.0,TEN,33.0,-3.0,
2023,17,00-0039152,W.Levis,QB,TEN,HOU,2,6,16.0,0,0.0,1.0,10.0,0,0.0,0,0,0,0.0,0,-1.36,-1.36,,,76.0,232.0,24.370705882352944,0.0,Kentucky,2023.0,2023.0,TEN,33.0,,
2023,1,00-0039163,C.Stroud,QB,HOU,BAL,28,44,242.0,0,0.0,5.0,46.0,4,20.0,0,1,1,0.0,0,9.68,10.68,,,75.0,218.0,22.120789473684212,0.0,Ohio State,2023.0,2023.0,HOU,2.0,,0.023255814
2023,2,00-0039163,C.Stroud,QB,HOU,IND,30,47,384.0,2,0.0,6.0,47.0,3,1.0,0,0,0,0.0,0,21.46,21.46,,,75.0,218.0,22.120789473684212,0.0,Ohio State,2023.0,2023.0,HOU,2.0,-11.0,
2023,3,00-0039163,C.Stroud,QB,HOU,JAX,20,30,280.0,2,0.0,0.0,-0.0,3,14.0,0,0,0,0.0,0,20.6,20.6,,,75.0,218.0,22.120789473684212,0.0,Ohio State,2023.0,2023.0,HOU,2.0,,
2023,4,00-0039163,C.Stroud,QB,HOU,PIT,16,30,306.0,2,0.0,0.0,-0.0,4,16.0,0,0,0,0.0,0,21.84,21.84,,,75.0,218.0,22.120789473684212,0.0,Ohio State,2023.0,2023.0,HOU,2.0,24.0,
2023,5,00-0039163,C.Stroud,QB,HOU,ATL,20,35,249.0,1,0.0,0.0,-0.0,1,2.0,0,0,0,0.0,0,14.16,14.16,,,75.0,218.0,22.120789473684212,0.0,Ohio State,2023.0,2023.0,HOU,2.0,,
2023,6,00-0039163,C.Stroud,QB,HOU,NO,13,27,199.0,2,1.0,2.0,22.0,3,2.0,0,0,0,0.0,0,14.16,14.16,,,75.0,218.0,22.120789473684212,0.0,Ohio State,2023.0,2023.0,HOU,2.0,7.0,
2023,8,00-0039163,C.Stroud,QB,HOU,CAR,16,24,140.0,0,0.0,2.0,21.0,2,13.0,1,0,0,0.0,0,12.9,12.9,,,75.0,218.0,22.120789473684212,0.0,Ohio State,2023.0,2023.0,HOU,2.0,,
2023,9,00-0039163,C.Stroud,QB,HOU,TB,30,42,470.0,5,0.0,3.0,27.0,0,0.0,0,0,0,0.0,0,40.8,40.8,,,75.0,218.0,22.120789473684212,0.0,Ohio State,2023.0,2023.0,HOU,2.0,2.0,
2023,10,00-0039163,C.Stroud,QB,HOU,CIN,23,39,356.0,1,1.0,1.0,-0.0,2,8.0,1,0,0,0.0,0,19.04,19.04,,,75.0,218.0,22.120789473684212,0.0,Ohio State,2023.0,2023.0,HOU,2.0,,
2023,11,00-0039163,C.Stroud,QB,HOU,ARI,27,37,336.0,2,3.0,3.0,29.0,1,-1.0,0,0,0,0.0,0,15.34,15.34,,,75.0,218.0,22.120789473684212,0.0,Ohio State,2023.0,2023.0,HOU,2.0,5.0,
2023,12,00-0039163,C.Stroud,QB,HOU,JAX,26,36,304.0,2,0.0,4.0,43.0,6,47.0,1,0,0,0.0,0,30.86,30.86,,,75.0,218.0,22.120789473684212,0.0,Ohio State,2023.0,2023.0,HOU,2.0,-3.0,
2023,13,00-0039163,C.Stroud,QB,HOU,DEN,16,27,274.0,1,0.0,5.0,28.0,6,11.0,0,0,0,0.0,0,16.06,16.06,,,75.0,218.0,22.120789473684212,0.0,Ohio State,2023.0,2023.0,HOU,2.0,5.0,
2023,14,00-0039163,C.Stroud,QB,HOU,NYJ,10,23,91.0,0,0.0,4.0,38.0,0,0.0,0,0,0,0.0,0,3.64,3.64,,,75.0,218.0,22.120789473684212,0.0,Ohio State,2023.0,2023.0,HOU,2.0,,
2023,17,00-0039163,C.Stroud,QB,HOU,TEN,24,32,213.0,1,0.0,1.0,12.0,1,4.0,0,0,0,0.0,0,12.92,12.92,,,75.0,218.0,22.120789473684212,0.0,Ohio State,2023.0,2023.0,HOU,2.0,23.0,
2023,18,00-0039163,C.Stroud,QB,HOU,IND,20,26,264.0,2,0.0,2.0,18.0,3,20.0,0,0,0,0.0,0,20.56,20.56,,,75.0,218.0,22.120789473684212,0.0,Ohio State,2023.0,2023.0,HOU,2.0,,
2023,19,00-0039163,C.Stroud,QB,HOU,CLE,16,21,274.0,3,0.0,0.0,-0.0,1,1.0,0,0,0,0.0,0,23.06,23.06,,,75.0,218.0,22.120789473684212,0.0,Ohio State,2023.0,2023.0,HOU,2.0,31.0,
2023,20,00-0039163,C.Stroud,QB,HOU,BAL,19,33,175.0,0,0.0,0.0,-0.0,3,9.0,0,0,0,0.0,0,7.9,7.9,,,75.0,218.0,22.120789473684212,0.0,Ohio State,2023.0,2023.0,HOU,2.0,,
2023,1,00-0039164,A.Richardson,QB,IND,JAX,24,37,223.0,1,1.0,4.0,8.0,10,40.0,1,0,0,0.0,0,20.92,20.92,,,76.0,232.0,21.464117647058824,0.0,Florida,2023.0,2023.0,IND,4.0,-10.0,
2023,2,00-0039164,A.Richardson,QB,IND,HOU,6,10,56.0,0,0.0,0.0,-0.0,3,35.0,2,0,0,0.0,0,17.74,17.74,,,76.0,232.0,21.464117647058824,0.0,Florida,2023.0,2023.0,IND,4.0,,
2023,4,00-0039164,A.Richardson,QB,IND,LA,11,25,200.0,2,0.0,2.0,4.0,10,56.0,1,0,0,0.0,0,29.6,29.6,,,76.0,232.0,21.464117647058824,0.0,Florida,2023.0,2023.0,IND,4.0,-6.0,
2023,5,00-0039164,A.Richardson,QB,IND,TEN,9,12,98.0,0,0.0,1.0,17.0,2,5.0,0,0,0,0.0,0,4.42,4.42,,,76.0,232.0,21.464117647058824,0.0,Florida,2023.0,2023.0,IND,4.0,7.0,
2023,1,00-0039165,Z.Charbonnet,RB,SEA,LA,0,0,0.0,0,0.0,0.0,0.0,3,11.0,0,0,0,0.0,0,1.1,1.1,,,73.0,220.0,22.836764705882356,0.0,UCLA,2023.0,2023.0,SEA,52.0,-17.0,
2023,2,00-0039165,Z.Charbonnet,RB,SEA,DET,0,0,0.0,0,0.0,0.0,0.0,4,16.0,0,2,2,14.0,0,3.0,5.0,,,73.0,220.0,22.836764705882356,0.0,UCLA,2023.0,2023.0,SEA,52.0,,0.054054055
2023,3,00-0039165,Z.Charbonnet,RB,SEA,CAR,0,0,0.0,0,0.0,0.0,0.0,9,46.0,0,2,1,-1.0,0,4.5,5.5,,,73.0,220.0,22.836764705882356,0.0,UCLA,2023.0,2023.0,SEA,52.0,10.0,0.057142857
2023,4,00-0039165,Z.Charbonnet,RB,SEA,NYG,0,0,0.0,0,0.0,0.0,0.0,5,31.0,0,3,1,9.0,0,4.0,5.0,,,73.0,220.0,22.836764705882356,0.0,UCLA,2023.0,2023.0,SEA,52.0,,0.115384616
2023,6,00-0039165,Z.Charbonnet,RB,SEA,CIN,0,0,0.0,0,0.0,0.0,0.0,2,5.0,0,2,2,14.0,0,1.9,3.9,,,73.0,220.0,22.836764705882356,0.0,UCLA,2023.0,2023.0,SEA,52.0,,0.054054055
2023,8,00-0039165,Z.Charbonnet,RB,SEA,CLE,0,0,0.0,0,0.0,0.0,0.0,5,53.0,0,2,2,11.0,0,6.4,8.4,,,73.0,220.0,22.836764705882356,0.0,UCLA,2023.0,2023.0,SEA,52.0,4.0,0.055555556
2023,9,00-0039165,Z.Charbonnet,RB,SEA,BAL,0,0,0.0,0,0.0,0.0,0.0,4,8.0,0,1,1,5.0,0,1.3,2.3,,,73.0,220.0,22.836764705882356,0.0,UCLA,2023.0,2023.0,SEA,52.0,,0.04
2023,10,00-0039165,Z.Charbonnet,RB,SEA,WAS,0,0,0.0,0,0.0,0.0,0.0,6,44.0,0,5,4,18.0,0,6.2,10.2,,,73.0,220.0,22.836764705882356,0.0,UCLA,2023.0,2023.0,SEA,52.0,3.0,0.11904762
2023,11,00-0039165,Z.Charbonnet,RB,SEA,LA,0,0,0.0,0,0.0,0.0,0.0,15,47.0,0,6,6,22.0,0,6.9,12.9,,,73.0,220.0,22.836764705882356,0.0,UCLA,2023.0,2023.0,SEA,52.0,,0.15789473
2023,12,00-0039165,Z.Charbonnet,RB,SEA,SF,0,0,0.0,0,0.0,0.0,0.0,14,47.0,0,4,4,11.0,0,5.8,9.8,,,73.0,220.0,22.836764705882356,0.0,UCLA,2023.0,2023.0,SEA,52.0,-18.0,0.14814815
2023,13,00-0039165,Z.Charbonnet,RB,SEA,DAL,0,0,0.0,0,0.0,0.0,0.0,19,60.0,1,2,1,39.0,0,15.9,16.9,,,73.0,220.0,22.836764705882356,0.0,UCLA,2023.0,2023.0,SEA,52.0,,0.05263158
2023,14,00-0039165,Z.Charbonnet,RB,SEA,SF,0,0,0.0,0,0.0,0.0,0.0,9,44.0,0,1,1,4.0,0,4.8,5.8,,,73.0,220.0,22.836764705882356,0.0,UCLA,2023.0,2023.0,SEA,52.0,,0.032258064
2023,15,00-0039165,Z.Charbonnet,RB,SEA,PHI,0,0,0.0,0,0.0,0.0,0.0,4,16.0,0,1,0,0.0,0,1.6,1.6,,,73.0,220.0,22.836764705882356,0.0,UCLA,2023.0,2023.0,SEA,52.0,3.0,0.03125
2023,16,00-0039165,Z.Charbonnet,RB,SEA,TEN,0,0,0.0,0,0.0,0.0,0.0,2,0.0,0,2,1,-4.0,0,-0.4,0.6,,,73.0,220.0,22.836764705882356,0.0,UCLA,2023.0,2023.0,SEA,52.0,,0.055555556
2023,17,00-0039165,Z.Charbonnet,RB,SEA,PIT,0,0,0.0,0,0.0,0.0,0.0,2,2.0,0,5,5,39.0,0,4.1,9.1,,,73.0,220.0,22.836764705882356,0.0,UCLA,2023.0,2023.0,SEA,52.0,-7.0,0.15151516
2023,18,00-0039165,Z.Charbonnet,RB,SEA,ARI,0,0,0.0,0,0.0,0.0,0.0,5,32.0,0,2,2,28.0,0,6.0,8.0,,,73.0,220.0,22.836764705882356,0.0,UCLA,2023.0,2023.0,SEA,52.0,,0.07692308
2024,1,00-0023459,A.Rodgers,QB,NYJ,SF,13,21,167.0,1,1.0,1.0,5.0,1,-1.0,0,0,0,0.0,0,8.58,8.58,,,74.0,225.0,40.92870588235294,19.0,California,2005.0,2005.0,GB,24.0,,
2024,2,00-0023459,A.Rodgers,QB,NYJ,TEN,18,30,176.0,2,0.0,2.0,12.0,2,1.0,0,0,0,0.0,0,15.14,15.14,,,74.0,225.0,40.92870588235294,19.0,California,2005.0,2005.0,GB,24.0,,
2024,3,00-0023459,A.Rodgers,QB,NYJ,NE,27,35,281.0,2,0.0,2.0,14.0,3,18.0,0,0,0,0.0,0,21.04,21.04,,,74.0,225.0,40.92870588235294,19.0,California,2005.0,2005.0,GB,24.0,21.0,
2024,4,00-0023459,A.Rodgers,QB,NYJ,DEN,24,42,225.0,0,0.0,5.0,41.0,5,26.0,0,0,0,0.0,0,11.6,11.6,,,74.0,225.0,40.92870588235294,19.0,California,2005.0,2005.0,GB,24.0,-1.0,
2024,5,00-0023459,A.Rodgers,QB,NYJ,MIN,29,54,244.0,2,3.0,3.0,26.0,0,0.0,0,0,0,0.0,0,11.76,11.76,,,74.0,225.0,40.92870588235294,19.0,California,2005.0,2005.0,GB,24.0,,
2024,6,00-0023459,A.Rodgers,QB,NYJ,BUF,23,35,294.0,2,1.0,3.0,22.0,0,0.0,0,0,0,0.0,0,17.76,17.76,,,74.0,225.0,40.92870588235294,19.0,California,2005.0,2005.0,GB,24.0,-3.0,
2024,7,00-0023459,A.Rodgers,QB,NYJ,PIT,24,39,276.0,1,2.0,1.0,7.0,0,0.0,0,0,0,0.0,0,13.04,13.04,,,74.0,225.0,40.92870588235294,19.0,California,2005.0,2005.0,GB,24.0,,
2024,8,00-0023459,A.Rodgers,QB,NYJ,NE,17,28,233.0,2,0.0,1.0,9.0,0,0.0,0,0,0,0.0,0,17.32,17.32,,,74.0,225.0,40.92870588235294,19.0,California,2005.0,2005.0,GB,24.0,,
2024,9,00-0023459,A.Rodgers,QB,NYJ,HOU,22,32,211.0,3,0.0,2.0,18.0,1,-1.0,0,0,0,0.0,0,20.34,20.34,,,74.0,225.0,40.92870588235294,19.0,California,2005.0,2005.0,GB,24.0,8.0,
2024,10,00-0023459,A.Rodgers,QB,NYJ,ARI,22,35,151.0,0,0.0,3.0,23.0,0,0.0,0,0,0,0.0,0,4.04,4.04,,,74.0,225.0,40.92870588235294,19.0,California,2005.0,2005.0,GB,24.0,,
2024,11,00-0023459,A.Rodgers,QB,NYJ,IND,22,29,184.0,2,0.0,3.0,22.0,1,7.0,0,0,0,0.0,0,16.06,16.06,,,74.0,225.0,40.92870588235294,19.0,California,2005.0,2005.0,GB,24.0,-1.0,
2024,13,00-0023459,A.Rodgers,QB,NYJ,SEA,21,39,185.0,2,1.0,2.0,16.0,2,6.0,0,0,0,0.0,0,14.0,14.0,,,74.0,225.0,40.92870588235294,19.0,California,2005.0,2005.0,GB,24.0,-5.0,
2024,14,00-0023459,A.Rodgers,QB,NYJ,MIA,27,39,339.0,1,0.0,3.0,20.0,0,0.0,0,0,0,0.0,0,17.56,17.56,,,74.0,225.0,40.92870588235294,19.0,California,2005.0,2005.0,GB,24.0,,
2024,15,00-0023459,A.Rodgers,QB,NYJ,JAX,16,30,289.0,3,0.0,1.0,14.0,6,45.0,0,0,0,0.0,0,30.06,30.06,,,74.0,225.0,40.92870588235294,19.0,California,2005.0,2005.0,GB,24.0,,
2024,16,00-0023459,A.Rodgers,QB,NYJ,LA,28,42,256.0,1,0.0,1.0,10.0,1,6.0,0,0,0,0.0,0,12.84,12.84,,,74.0,225.0,40.92870588235294,19.0,California,2005.0,2005.0,GB,24.0,-10.0,
2024,17,00-0023459,A.Rodgers,QB,NYJ,BUF,12,18,112.0,0,2.0,4.0,26.0,0,0.0,0,0,0,0.0,0,0.48,0.48,,,74.0,225.0,40.92870588235294,19.0,California,2005.0,2005.0,GB,24.0,,
2024,18,00-0023459,A.Rodgers,QB,NYJ,MIA,23,36,274.0,4,1.0,3.0,17.0,0,0.0,0,0,0,0.0,0,24.96,24.96,,,74.0,225.0,40.92870588235294,19.0,California,2005.0,2005.0,GB,24.0,12.0,
2024,6,00-0024243,M.Lewis,TE,CHI,JAX,0,0,0.0,0,0.0,0.0,0.0,0,0.0,0,1,1,2.0,0,0.2,1.2,,,78.0,267.0,40.47147058823529,18.0,UCLA,2006.0,2006.0,JAX,28.0,19.0,0.03846154
2024,4,00-0026158,J.Flacco,QB,IND,PIT,16,26,168.0,2,0.0,2.0,14.0,2,3.0,0,0,0,0.0,0,15.02,15.02,,,78.0,245.0,39.80194117647059,16.0,Delaware,2008.0,2008.0,BAL,18.0,3.0,
2024,5,00-0026158,J.Flacco,QB,IND,JAX,33,44,359.0,3,0.0,4.0,35.0,3,22.0,0,0,0,0.0,0,26.56,26.56,,,78.0,245.0,39.80194117647059,16.0,Delaware,2008.0,2008.0,BAL,18.0,,
2024,6,00-0026158,J.Flacco,QB,IND,TEN,22,38,189.0,2,1.0,0.0,-0.0,1,1.0,0,0,0,0.0,0,13.66,13.66,,,78.0,245.0,39.80194117647059,16.0,Delaware,2008.0,2008.0,BAL,18.0,,
2024,9,00-0026158,J.Flacco,QB,IND,MIN,16,27,179.0,0,1.0,3.0,20.0,2,-1.0,0,0,0,0.0,0,3.06,3.06,,,78.0,245.0,39.80194117647059,16.0,Delaware,2008.0,2008.0,BAL,18.0,,
2024,10,00-0026158,J.Flacco,QB,IND,BUF,26,35,272.0,2,3.0,4.0,32.0,0,0.0,0,0,0,0.0,0,10.88,10.88,,,78.0,245.0,39.80194117647059,16.0,Delaware,2008.0,2008.0,BAL,18.0,-10.0,
2024,17,00-0026158,J.Flacco,QB,IND,NYG,26,38,330.0,2,2.0,2.0,10.0,1,1.0,0,0,0,0.0,0,15.3,15.3,,,78.0,245.0,39.80194117647059,16.0,Delaware,2008.0,2008.0,BAL,18.0,,
2024,18,00-0026158,J.Flacco,QB,IND,JAX,23,40,264.0,1,0.0,3.0,12.0,0,0.0,0,0,0,0.0,0,14.56,14.56,,,78.0,245.0,39.80194117647059,16.0,Delaware,2008.0,2008.0,BAL,18.0,3.0,
2024,4,00-0026300,J.Johnson,QB,BAL,BUF,1,1,1.0,0,0.0,0.0,-0.0,0,0.0,0,0,0,0.0,0,0.04,0.04,,,75.0,219.0,38.49594736842105,16.0,San Diego,2008.0,2008.0,TB,160.0,25.0,
2024,9,00-0026300,J.Johnson,QB,BAL,DEN,0,0,0.0,0,0.0,0.0,0.0,3,2.0,0,0,0,0.0,0,0.2,0.2,,,75.0,219.0,38.49594736842105,16.0,San Diego,2008.0,2008.0,TB,160.0,31.0,
2024,15,00-0026300,J.Johnson,QB,BAL,NYG,0,0,0.0,0,0.0,1.0,5.0,1,-1.0,0,0,0,0.0,0,-0.1,-0.1,,,75.0,219.0,38.49594736842105,16.0,San Diego,2008.0,2008.0,TB,160.0,,
2024,17,00-0026300,J.Johnson,QB,BAL,HOU,1,2,16.0,0,0.0,0.0,-0.0,0,0.0,0,0,0,0.0,0,0.64,0.64,,,75.0,219.0,38.49594736842105,16.0,San Diego,2008.0,2008.0,TB,160.0,,
2024,1,00-0026498,M.Stafford,QB,LA,DET,34,49,317.0,1,1.0,2.0,13.0,0,0.0,0,0,0,0.0,0,14.68,14.68,,,75.0,220.0,36.771842105263154,15.0,Georgia,2009.0,2009.0,DET,1.0,,
2024,2,00-0026498,M.Stafford,QB,LA,ARI,19,27,216.0,0,0.0,5.0,24.0,0,0.0,0,0,0,0.0,0,6.64,6.64,,,75.0,220.0,36.771842105263154,15.0,Georgia,2009.0,2009.0,DET,1.0,,
2024,3,00-0026498,M.Stafford,QB,LA,SF,16,25,221.0,1,0.0,3.0,23.0,0,0.0,0,0,0,0.0,0,12.84,12.84,,,75.0,220.0,36.771842105263154,15.0,Georgia,2009.0,2009.0,DET,1.0,3.0,
2024,4,00-0026498,M.Stafford,QB,LA,CHI,20,29,224.0,0,1.0,3.0,21.0,1,-1.0,0,0,0,0.0,0,4.86,4.86,,,75.0,220.0,36.771842105263154,15.0,Georgia,2009.0,2009.0,DET,1.0,,
2024,5,00-0026498,M.Stafford,QB,LA,GB,29,45,260.0,1,1.0,3.0,24.0,0,0.0,0,0,0,0.0,0,12.4,12.4,,,75.0,220.0,36.771842105263154,15.0,Georgia,2009.0,2009.0,DET,1.0,-5.0,
2024,7,00-0026498,M.Stafford,QB,LA,LV,14,23,154.0,0,1.0,1.0,10.0,2,-2.0,0,0,0,0.0,0,3.96,3.96,,,75.0,220.0,36.771842105263154,15.0,Georgia,2009.0,2009.0,DET,1.0,5.0,
2024,8,00-0026498,M.Stafford,QB,LA,MIN,25,34,279.0,4,1.0,0.0,-0.0,3,-4.0,0,0,0,0.0,0,24.76,24.76,,,75.0,220.0,36.771842105263154,15.0,Georgia,2009.0,2009.0,DET,1.0,10.0,
2024,9,00-0026498,M.Stafford,QB,LA,SEA,25,44,298.0,2,1.0,0.0,-0.0,1,0.0,0,0,0,0.0,0,17.92,17.92,,,75.0,220.0,36.771842105263154,15.0,Georgia,2009.0,2009.0,DET,1.0,,
2024,10,00-0026498,M.Stafford,QB,LA,MIA,32,46,293.0,0,1.0,4.0,36.0,1,0.0,0,0,0,0.0,0,9.72,9.72,,,75.0,220.0,36.771842105263154,15.0,Georgia,2009.0,2009.0,DET,1.0,-8.0,
2024,11,00-0026498,M.Stafford,QB,LA,NE,18,27,295.0,4,0.0,0.0,-0.0,4,0.0,0,0,0,0.0,0,27.8,27.8,,,75.0,220.0,36.771842105263154,15.0,Georgia,2009.0,2009.0,DET,1.0,,
2024,12,00-0026498,M.Stafford,QB,LA,PHI,24,36,243.0,2,0.0,5.0,45.0,1,15.0,0,0,0,0.0,0,19.22,19.22,,,75.0,220.0,36.771842105263154,15.0,Georgia,2009.0,2009.0,DET,1.0,-17.0,
2024,13,00-0026498,M.Stafford,QB,LA,NO,14,24,183.0,2,0.0,2.0,17.0,4,3.0,0,0,0,0.0,0,15.62,15.62,,,75.0,220.0,36.771842105263154,15.0,Georgia,2009.0,2009.0,DET,1.0,,
2024,14,00-0026498,M.Stafford,QB,LA,BUF,23,30,320.0,2,0.0,0.0,-0.0,0,0.0,0,0,0,0.0,0,20.8,20.8,,,75.0,220.0,36.771842105263154,15.0,Georgia,2009.0,2009.0,DET,1.0,2.0,
2024,15,00-0026498,M.Stafford,QB,LA,SF,16,27,160.0,0,0.0,0.0,-0.0,4,18.0,0,0,0,0.0,0,8.2,8.2,,,75.0,220.0,36.771842105263154,15.0,Georgia,2009.0,2009.0,DET,1.0,,
2024,16,00-0026498,M.Stafford,QB,LA,NYJ,14,19,110.0,1,1.0,0.0,-0.0,3,-4.0,0,0,0,0.0,0,6.0,6.0,,,75.0,220.0,36.771842105263154,15.0,Georgia,2009.0,2009.0,DET,1.0,,
2024,17,00-0026498,M.Stafford,QB,LA,ARI,17,32,189.0,0,0.0,0.0,-0.0,6,16.0,0,0,0,0.0,0,9.16,9.16,,,75.0,220.0,36.771842105263154,15.0,Georgia,2009.0,2009.0,DET,1.0,4.0,
2024,19,00-0026498,M.Stafford,QB,LA,MIN,19,27,209.0,2,0.0,2.0,7.0,2,-1.0,0,0,0,0.0,0,16.26,16.26,,,75.0,220.0,36.771842105263154,15.0,Georgia,2009.0,2009.0,DET,1.0,18.0,
2024,20,00-0026498,M.Stafford,QB,LA,PHI,26,44,324.0,2,0.0,5.0,33.0,2,5.0,0,0,0,0.0,0,19.46,19.46,,,75.0,220.0,36.771842105263154,15.0,Georgia,2009.0,2009.0,DET,1.0,,
2024,1,00-0027973,A.Dalton,QB,CAR,NO,0,1,0.0,0,0.0,0.0,-0.0,0,0.0,0,0,0,0.0,0,0.0,0.0,,,74.0,220.0,37.023647058823535,13.0,Texas Christian,2011.0,2011.0,CIN,35.0,,
2024,3,00-0027973,A.Dalton,QB,CAR,LV,26,37,319.0,3,0.0,2.0,13.0,2,-2.0,0,0,0,0.0,0,24.56,24.56,,,74.0,220.0,37.023647058823535,13.0,Texas Christian,2011.0,2011.0,CIN,35.0,,
2024,4,00-0027973,A.Dalton,QB,CAR,CIN,25,40,220.0,2,1.0,0.0,-0.0,3,9.0,0,0,0,0.0,0,15.7,15.7,,,74.0,220.0,37.023647058823535,13.0,Texas Christian,2011.0,2011.0,CIN,35.0,-10.0,
2024,5,00-0027973,A.Dalton,QB,CAR,CHI,18,28,136.0,0,1.0,3.0,20.0,1,3.0,0,0,0,0.0,0,3.74,3.74,,,74.0,220.0,37.023647058823535,13.0,Texas Christian,2011.0,2011.0,CIN,35.0,,
2024,6,00-0027973,A.Dalton,QB,CAR,ATL,26,38,221.0,2,2.0,0.0,-0.0,3,21.0,0,0,0,0.0,0,14.94,14.94,,,74.0,220.0,37.023647058823535,13.0,Texas Christian,2011.0,2011.0,CIN,35.0,-18.0,
2024,7,00-0027973,A.Dalton,QB,CAR,WAS,11,16,93.0,0,2.0,2.0,4.0,2,3.0,0,0,0,0.0,0,0.02,0.02,,,74.0,220.0,37.023647058823535,13.0,Texas Christian,2011.0,2011.0,CIN,35.0,,
2024,1,00-0028118,T.Taylor,QB,NYJ,SF,6,8,36.0,1,0.0,0.0,-0.0,1,7.0,0,0,0,0.0,0,6.14,6.14,,,73.0,215.0,35.25864705882353,13.0,Virginia Tech,2011.0,2011.0,BAL,180.0,,
2024,17,00-0028118,T.Taylor,QB,NYJ,BUF,11,14,83.0,2,0.0,0.0,-0.0,2,6.0,0,0,0,0.0,0,13.92,13.92,,,73.0,215.0,35.25864705882353,13.0,Virginia Tech,2011.0,2011.0,BAL,180.0,,
2024,4,00-0028872,J.Hekker,P,CAR,CIN,0,1,0.0,0,0.0,0.0,-0.0,0,0.0,0,0,0,0.0,0,0.0,0.0,,,77.0,241.0,34.742999999999995,12.0,Oregon State,2012.0,2012.0,,,-10.0,
2024,8,00-0028872,J.Hekker,P,CAR,DEN,0,1,0.0,0,0.0,0.0,-0.0,0,0.0,0,0,0,0.0,0,0.0,0.0,,,77.0,241.0,34.742999999999995,12.0,Oregon State,2012.0,2012.0,,,,
2024,6,00-0028899,R.McLeod,FS,CLE,CLE,0,0,0.0,0,0.0,0.0,0.0,0,0.0,0,0,0,0.0,0,6.0,6.0,,,70.0,195.0,34.37405882352942,12.0,Virginia,2012.0,2012.0,,,,
2024,7,00-0029263,R.Wilson,QB,PIT,NYJ,16,29,264.0,2,0.0,1.0,4.0,3,3.0,1,0,0,0.0,0,24.86,24.86,,,71.0,215.0,35.947611111111115,12.0,Wisconsin,2012.0,2012.0,SEA,75.0,22.0,
2024,8,00-0029263,R.Wilson,QB,PIT,NYG,20,28,278.0,1,0.0,4.0,19.0,3,7.0,0,0,0,0.0,0,13.82,13.82,,,71.0,215.0,35.947611111111115,12.0,Wisconsin,2012.0,2012.0,SEA,75.0,8.0,
2024,10,00-0029263,R.Wilson,QB,PIT,WAS,14,28,195.0,3,1.0,3.0,23.0,4,3.0,0,0,0,0.0,0,18.1,18.1,,,71.0,215.0,35.947611111111115,12.0,Wisconsin,2012.0,2012.0,SEA,75.0,,
2024,11,00-0029263,R.Wilson,QB,PIT,BAL,23,36,205.0,0,1.0,4.0,24.0,4,1.0,0,0,0,0.0,0,6.3,6.3,,,71.0,215.0,35.947611111111115,12.0,Wisconsin,2012.0,2012.0,SEA,75.0,2.0,
2024,12,00-0029263,R.Wilson,QB,PIT,CLE,21,28,270.0,1,0.0,4.0,22.0,3,10.0,0,0,0,0.0,0,13.8,13.8,,,71.0,215.0,35.947611111111115,12.0,Wisconsin,2012.0,2012.0,SEA,75.0,,
2024,13,00-0029263,R.Wilson,QB,PIT,CIN,29,38,414.0,3,1.0,2.0,4.0,3,3.0,0,0,0,0.0,0,26.86,26.86,,,71.0,215.0,35.947611111111115,12.0,Wisconsin,2012.0,2012.0,SEA,75.0,,
2024,14,00-0029263,R.Wilson,QB,PIT,CLE,15,26,158.0,2,0.0,1.0,11.0,6,17.0,0,0,0,0.0,0,16.02,16.02,,,71.0,215.0,35.947611111111115,12.0,Wisconsin,2012.0,2012.0,SEA,75.0,13.0,
2024,15,00-0029263,R.Wilson,QB,PIT,PHI,14,22,128.0,1,0.0,2.0,21.0,4,13.0,0,0,0,0.0,0,8.42,8.42,,,71.0,215.0,35.947611111111115,12.0,Wisconsin,2012.0,2012.0,SEA,75.0,,
2024,16,00-0029263,R.Wilson,QB,PIT,BAL,22,33,217.0,2,1.0,3.0,19.0,3,27.0,0,0,0,0.0,0,15.38,15.38,,,71.0,215.0,35.947611111111115,12.0,Wisconsin,2012.0,2012.0,SEA,75.0,,
2024,17,00-0029263,R.Wilson,QB,PIT,KC,23,37,205.0,0,1.0,5.0,43.0,6,55.0,1,0,0,0.0,0,17.7,17.7,,,71.0,215.0,35.947611111111115,12.0,Wisconsin,2012.0,2012.0,SEA,75.0,-19.0,
2024,18,00-0029263,R.Wilson,QB,PIT,CIN,17,31,148.0,1,0.0,4.0,29.0,4,16.0,0,0,0,0.0,0,11.52,11.52,,,71.0,215.0,35.947611111111115,12.0,Wisconsin,2012.0,2012.0,SEA,75.0,-2.0,
2024,19,00-0029263,R.Wilson,QB,PIT,BAL,20,29,270.0,2,0.0,4.0,19.0,3,6.0,0,0,0,0.0,0,19.4,19.4,,,71.0,215.0,35.947611111111115,12.0,Wisconsin,2012.0,2012.0,SEA,75.0,,
2024,1,00-0029604,K.Cousins,QB,ATL,PIT,16,26,155.0,1,2.0,2.0,18.0,1,0.0,0,0,0,0.0,0,6.2,6.2,,,75.0,202.0,36.21470588235294,12.0,Michigan State,2012.0,2012.0,WAS,102.0,-8.0,
2024,2,00-0029604,K.Cousins,QB,ATL,PHI,20,29,241.0,2,0.0,1.0,8.0,4,-1.0,0,0,0,0.0,0,17.54,17.54,,,75.0,202.0,36.21470588235294,12.0,Michigan State,2012.0,2012.0,WAS,102.0,,
2024,3,00-0029604,K.Cousins,QB,ATL,KC,20,29,230.0,1,1.0,2.0,1.0,1,-1.0,0,0,0,0.0,0,11.1,11.1,,,75.0,202.0,36.21470588235294,12.0,Michigan State,2012.0,2012.0,WAS,102.0,-5.0,
2024,4,00-0029604,K.Cousins,QB,ATL,NO,21,35,238.0,0,1.0,1.0,11.0,0,0.0,0,0,0,0.0,0,7.52,7.52,,,75.0,202.0,36.21470588235294,12.0,Michigan State,2012.0,2012.0,WAS,102.0,2.0,
2024,5,00-0029604,K.Cousins,QB,ATL,TB,42,58,509.0,4,1.0,4.0,32.0,0,0.0,0,0,0,0.0,0,34.36,34.36,,,75.0,202.0,36.21470588235294,12.0,Michigan State,2012.0,2012.0,WAS,102.0,6.0,
2024,6,00-0029604,K.Cousins,QB,ATL,CAR,19,30,225.0,1,0.0,0.0,-0.0,4,-5.0,0,0,0,0.0,0,12.5,12.5,,,75.0,202.0,36.21470588235294,12.0,Michigan State,2012.0,2012.0,WAS,102.0,,
2024,7,00-0029604,K.Cousins,QB,ATL,SEA,24,35,232.0,1,2.0,3.0,32.0,1,-1.0,0,0,0,0.0,0,7.18,7.18,,,75.0,202.0,36.21470588235294,12.0,Michigan State,2012.0,2012.0,WAS,102.0,-20.0,
2024,8,00-0029604,K.Cousins,QB,ATL,TB,23,29,276.0,4,0.0,2.0,11.0,3,16.0,0,0,0,0.0,0,28.64,28.64,,,75.0,202.0,36.21470588235294,12.0,Michigan State,2012.0,2012.0,WAS,102.0,,
2024,9,00-0029604,K.Cousins,QB,ATL,DAL,19,24,222.0,3,0.0,2.0,12.0,4,-11.0,0,0,0,0.0,0,17.78,17.78,,,75.0,202.0,36.21470588235294,12.0,Michigan State,2012.0,2012.0,WAS,102.0,6.0,
2024,10,00-0029604,K.Cousins,QB,ATL,NO,23,38,306.0,0,1.0,3.0,19.0,0,0.0,0,0,0,0.0,0,10.24,10.24,,,75.0,202.0,36.21470588235294,12.0,Michigan State,2012.0,2012.0,WAS,102.0,,
2024,11,00-0029604,K.Cousins,QB,ATL,DEN,18,27,173.0,0,1.0,3.0,21.0,1,0.0,0,0,0,0.0,0,4.92,4.92,,,75.0,202.0,36.21470588235294,12.0,Michigan State,2012.0,2012.0,WAS,102.0,,
2024,13,00-0029604,K.Cousins,QB,ATL,LAC,24,39,245.0,0,4.0,1.0,11.0,1,3.0,0,0,0,0.0,0,2.1,2.1,,,75.0,202.0,36.21470588235294,12.0,Michigan State,2012.0,2012.0,WAS,102.0,-4.0,
2024,14,00-0029604,K.Cousins,QB,ATL,MIN,23,37,344.0,0,2.0,1.0,6.0,0,0.0,0,0,0,0.0,0,9.76,9.76,,,75.0,202.0,36.21470588235294,12.0,Michigan State,2012.0,2012.0,WAS,102.0,,
2024,15,00-0029604,K.Cousins,QB,ATL,LV,11,17,112.0,1,1.0,3.0,19.0,3,0.0,0,0,0,0.0,0,6.48,6.48,,,75.0,202.0,36.21470588235294,12.0,Michigan State,2012.0,2012.0,WAS,102.0,,
2024,9,00-0029692,B.Anger,P,DAL,ATL,0,1,0.0,0,0.0,0.0,-0.0,0,0.0,0,0,0,0.0,0,0.0,0.0,,,75.0,205.0,36.088470588235296,12.0,California,2012.0,2012.0,JAX,70.0,,
2024,11,00-0029692,B.Anger,P,DAL,HOU,1,1,4.0,0,0.0,0.0,-0.0,0,0.0,0,0,0,0.0,0,0.16,0.16,,,75.0,205.0,36.088470588235296,12.0,California,2012.0,2012.0,JAX,70.0,-24.0,
2024,1,00-0029892,K.Juszczyk,FB,SF,NYJ,0,0,0.0,0,0.0,0.0,0.0,0,0.0,0,3,2,40.0,0,4.0,6.0,,,74.0,240.0,33.54270588235294,11.0,Harvard,2013.0,2013.0,BAL,130.0,13.0,0.10344828
2024,2,00-0029892,K.Juszczyk,FB,SF,MIN,0,0,0.0,0,0.0,0.0,0.0,0,0.0,0,5,3,19.0,0,1.9,4.9,,,74.0,240.0,33.54270588235294,11.0,Harvard,2013.0,2013.0,BAL,130.0,,0.1388889
2024,3,00-0029892,K.Juszczyk,FB,SF,LA,0,0,0.0,0,0.0,0.0,0.0,0,0.0,0,1,1,6.0,0,0.6,1.6,,,74.0,240.0,33.54270588235294,11.0,Harvard,2013.0,2013.0,BAL,130.0,,0.033333335
2024,4,00-0029892,K.Juszczyk,FB,SF,NE,0,0,0.0,0,0.0,0.0,0.0,0,0.0,0,1,1,12.0,0,1.2,2.2,,,74.0,240.0,33.54270588235294,11.0,Harvard,2013.0,2013.0,BAL,130.0,17.0,0.03846154
2024,6,00-0029892,K.Juszczyk,FB,SF,SEA,0,0,0.0,0,0.0,0.0,0.0,1,6.0,1,4,3,10.0,0,7.6,10.6,,,74.0,240.0,33.54270588235294,11.0,Harvard,2013.0,2013.0,BAL,130.0,,0.14814815
2024,7,00-0029892,K.Juszczyk,FB,SF,KC,0,0,0.0,0,0.0,0.0,0.0,1,14.0,0,3,0,0.0,0,1.4,1.4,,,74.0,240.0,33.54270588235294,11.0,Harvard,2013.0,2013.0,BAL,130.0,-10.0,0.09677419
2024,8,00-0029892,K.Juszczyk,FB,SF,DAL,0,0,0.0,0,0.0,0.0,0.0,1,1.0,0,1,1,6.0,0,0.7,1.7,,,74.0,240.0,33.54270588235294,11.0,Harvard,2013.0,2013.0,BAL,130.0,6.0,0.04
2024,11,00-0029892,K.Juszczyk,FB,SF,SEA,0,0,0.0,0,0.0,0.0,0.0,0,0.0,0,2,2,12.0,0,1.2,3.2,,,74.0,240.0,33.54270588235294,11.0,Harvard,2013.0,2013.0,BAL,130.0,-3.0,0.071428575
2024,12,00-0029892,K.Juszczyk,FB,SF,GB,0,0,0.0,0,0.0,0.0,0.0,0,0.0,0,1,1,14.0,0,1.4,2.4,,,74.0,240.0,33.54270588235294,11.0,Harvard,2013.0,2013.0,BAL,130.0,,0.03846154
2024,13,00-0029892,K.Juszczyk,FB,SF,BUF,0,0,0.0,0,0.0,0.0,0.0,1,-1.0,0,0,0,0.0,0,-2.1,-2.1,,,74.0,240.0,33.54270588235294,11.0,Harvard,2013.0,2013.0,BAL,130.0,,
2024,14,00-0029892,K.Juszczyk,FB,SF,CHI,0,0,0.0,0,0.0,0.0,0.0,0,0.0,0,2,1,3.0,0,0.3,1.3,,,74.0,240.0,33.54270588235294,11.0,Harvard,2013.0,2013.0,BAL,130.0,25.0,0.07692308
2024,16,00-0029892,K.Juszczyk,FB,SF,MIA,0,0,0.0,0,0.0,0.0,0.0,1,6.0,0,3,1,20.0,0,2.6,3.6,,,74.0,240.0,33.54270588235294,11.0,Harvard,2013.0,2013.0,BAL,130.0,,0.08108108
2024,17,00-0029892,K.Juszczyk,FB,SF,DET,0,0,0.0,0,0.0,0.0,0.0,0,0.0,0,2,1,9.0,1,6.9,7.9,,,74.0,240.0,33.54270588235294,11.0,Harvard,2013.0,2013.0,BAL,130.0,-6.0,0.055555556
2024,18,00-0029892,K.Juszczyk,FB,SF,ARI,0,0,0.0,0,0.0,0.0,0.0,0,0.0,0,3,2,49.0,1,10.9,12.9,,,74.0,240.0,33.54270588235294,11.0,Harvard,2013.0,2013.0,BAL,130.0,,0.071428575
2024,1,00-0030035,A.Thielen,WR,CAR,NO,0,0,0.0,0,0.0,0.0,0.0,0,0.0,0,4,3,49.0,0,4.9,7.9,,,74.0,200.0,34.20911764705882,11.0,Minn. State-Mankato,2013.0,2013.0,,,,0.13793103
2024,2,00-0030035,A.Thielen,WR,CAR,LAC,0,0,0.0,0,0.0,0.0,0.0,0,0.0,0,3,2,20.0,0,2.0,4.0,,,74.0,200.0,34.20911764705882,11.0,Minn. State-Mankato,2013.0,2013.0,,,-23.0,0.115384616
2024,3,00-0030035,A.Thielen,WR,CAR,LV,0,0,0.0,0,0.0,0.0,0.0,0,0.0,0,5,3,40.0,1,10.0,13.0,,,74.0,200.0,34.20911764705882,11.0,Minn. State-Mankato,2013.0,2013.0,,,,0.13513513
2024,12,00-0030035,A.Thielen,WR,CAR,KC,0,0,0.0,0,0.0,0.0,0.0,0,0.0,0,4,3,57.0,0,5.7,8.7,,,74.0,200.0,34.20911764705882,11.0,Minn. State-Mankato,2013.0,2013.0,,,-3.0,0.121212125
2024,13,00-0030035,A.Thielen,WR,CAR,TB,0,0,0.0,0,0.0,0.0,0.0,0,0.0,0,10,8,99.0,1,15.9,23.9,,,74.0,200.0,34.20911764705882,11.0,Minn. State-Mankato,2013.0,2013.0,,,-3.0,0.24390244
2024,14,00-0030035,A.Thielen,WR,CAR,PHI,0,0,0.0,0,0.0,0.0,0.0,0,0.0,0,11,9,102.0,0,10.2,19.2,,,74.0,200.0,34.20911764705882,11.0,Minn. State-Mankato,2013.0,2013.0,,,,0.33333334
2024,15,00-0030035,A.Thielen,WR,CAR,DAL,0,0,0.0,0,0.0,0.0,0.0,0,0.0,0,7,5,51.0,0,5.1,10.1,,,74.0,200.0,34.20911764705882,11.0,Minn. State-Mankato,2013.0,2013.0,,,-16.0,0.25925925
2024,16,00-0030035,A.Thielen,WR,CAR,ARI,0,0,0.0,0,0.0,0.0,0.0,0,0.0,0,6,5,43.0,1,10.3,15.3,,,74.0,200.0,34.20911764705882,11.0,Minn. State-Mankato,2013.0,2013.0,,,6.0,0.25
2024,17,00-0030035,A.Thielen,WR,CAR,TB,0,0,0.0,0,0.0,0.0,0.0,0,0.0,0,6,5,110.0,2,23.0,28.0,,,74.0,200.0,34.20911764705882,11.0,Minn. State-Mankato,2013.0,2013.0,,,,0.27272728
2024,18,00-0030035,A.Thielen,WR,CAR,ATL,0,0,0.0,0,0.0,0.0,0.0,0,0.0,0,6,5,44.0,0,4.4,9.4,,,74.0,200.0,34.20911764705882,11.0,Minn. State-Mankato,2013.0,2013.0,,,,0.17142858
2024,1,00-0030061,Z.Ertz,TE,WAS,TB,0,0,0.0,0,0.0,0.0,0.0,0,0.0,0,4,3,28.0,0,2.8,5.8,,,77.0,250.0,34.017250000000004,11.0,Stanford,2013.0,2013.0,PHI,35.0,,0.16666667
2024,2,00-0030061,Z.Ertz,TE,WAS,NYG,0,0,0.0,0,0.0,0.0,0.0,0,0.0,0,4,4,62.0,0,6.2,10.2,,,77.0,250.0,34.017250000000004,11.0,Stanford,2013.0,2013.0,PHI,35.0,3.0,0.13793103
2024,3,00-0030061,Z.Ertz,TE,WAS,CIN,0,0,0.0,0,0.0,0.0,0.0,0,0.0,0,5,5,38.0,0,3.8,8.8,,,77.0,250.0,34.017250000000004,11.0,Stanford,2013.0,2013.0,PHI,35.0,,0.2173913
2024,4,00-0030061,Z.Ertz,TE,WAS,ARI,0,0,0.0,0,0.0,0.0,0.0,0,0.0,0,3,3,22.0,0,4.2,7.2,,,77.0,250.0,34.017250000000004,11.0,Stanford,2013.0,2013.0,PHI,35.0,,0.1
2024,5,00-0030061,Z.Ertz,TE,WAS,CLE,0,0,0.0,0,0.0,0.0,0.0,0,0.0,0,8,2,10.0,0,1.0,3.0,,,77.0,250.0,34.017250000000004,11.0,Stanford,2013.0,2013.0,PHI,35.0,21.0,0.2962963
2024,6,00-0030061,Z.Ertz,TE,WAS,BAL,0,0,0.0,0,0.0,0.0,0.0,0,0.0,0,5,4,68.0,0,6.8,10.8,,,77.0,250.0,34.017250000000004,11.0,Stanford,2013.0,2013.0,PHI,35.0,,0.15151516
2024,7,00-0030061,Z.Ertz,TE,WAS,CAR,0,0,0.0,0,0.0,0.0,0.0,0,0.0,0,5,4,40.0,1,10.0,14.0,,,77.0,250.0,34.017250000000004,11.0,Stanford,2013.0,2013.0,PHI,35.0,33.0,0.2
2024,8,00-0030061,Z.Ertz,TE,WAS,CHI,0,0,0.0,0,0.0,0.0,0.0,0,0.0,0,11,7,77.0,0,7.7,14.7,,,77.0,250.0,34.017250000000004,11.0,Stanford,2013.0,2013.0,PHI,35.0,3.0,0.32352942
2024,9,00-0030061,Z.Ertz,TE,WAS,NYG,0,0,0.0,0,0.0,0.0,0.0,0,0.0,0,1,1,5.0,0,0.5,1.5,,,77.0,250.0,34.017250000000004,11.0,Stanford,2013.0,2013.0,PHI,35.0,,0.05263158
2024,10,00-0030061,Z.Ertz,TE,WAS,PIT,0,0,0.0,0,0.0,0.0,0.0,0,0.0,0,8,4,31.0,0,3.1,7.1,,,77.0,250.0,34.017250000000004,11.0,Stanford,2013.0,2013.0,PHI,35.0,-1.0,0.25
2024,11,00-0030061,Z.Ertz,TE,WAS,PHI,0,0,0.0,0,0.0,0.0,0.0,0,0.0,0,7,6,47.0,1,12.7,18.7,,,77.0,250.0,34.017250000000004,11.0,Stanford,2013.0,2013.0,PHI,35.0,,0.21875
2024,12,00-0030061,Z.Ertz,TE,WAS,DAL,0,0,0.0,0,0.0,0.0,0.0,0,0.0,0,8,6,38.0,1,9.8,15.8,,,77.0,250.0,34.017250000000004,11.0,Stanford,2013.0,2013.0,PHI,35.0,-8.0,0.23529412
2024,13,00-0030061,Z.Ertz,TE,WAS,TEN,0,0,0.0,0,0.0,0.0,0.0,0,0.0,0,6,3,35.0,1,9.5,12.5,,,77.0,250.0,34.017250000000004,11.0,Stanford,2013.0,2013.0,PHI,35.0,23.0,0.2
2024,15,00-0030061,Z.Ertz,TE,WAS,NO,0,0,0.0,0,0.0,0.0,0.0,0,0.0,0,2,2,25.0,0,2.5,4.5,,,77.0,250.0,34.017250000000004,11.0,Stanford,2013.0,2013.0,PHI,35.0,,0.06451613
2024,16,00-0030061,Z.Ertz,TE,WAS,PHI,0,0,0.0,0,0.0,0.0,0.0,0,0.0,0,2,1,12.0,0,1.2,2.2,,,77.0,250.0,34.017250000000004,11.0,Stanford,2013.0,2013.0,PHI,35.0,3.0,0.055555556
2024,17,00-0030061,Z.Ertz,TE,WAS,ATL,0,0,0.0,0,0.0,0.0,0.0,0,0.0,0,7,6,72.0,2,19.2,25.2,,,77.0,250.0,34.017250000000004,11.0,Stanford,2013.0,2013.0,PHI,35.0,6.0,0.2
2024,18,00-0030061,Z.Ertz,TE,WAS,DAL,0,0,0.0,0,0.0,0.0,0.0,0,0.0,0,5,5,44.0,1,10.4,15.4,,,77.0,250.0,34.017250000000004,11.0,Stanford,2013.0,2013.0,PHI,35.0,,0.16666667
2024,19,00-0030061,Z.Ertz,TE,WAS,TB,0,0,0.0,0,0.0,0.0,0.0,0,0.0,0,4,2,23.0,0,2.3,4.3,,,77.0,250.0,34.017250000000004,11.0,Stanford,2013.0,2013.0,PHI,35.0,,0.125
2024,20,00-0030061,Z.Ertz,TE,WAS,DET,0,0,0.0,0,0.0,0.0,0.0,0,0.0,0,5,5,28.0,1,8.8,13.8,,,77.0,250.0,34.017250000000004,11.0,Stanford,2013.0,2013.0,PHI,35.0,,0.1724138
2024,21,00-0030061,Z.Ertz,TE,WAS,PHI,0,0,0.0,0,0.0,0.0,0.0,0,0.0,0,16,11,104.0,0,10.4,21.4,,,77.0,250.0,34.017250000000004,11.0,Stanford,2013.0,2013.0,PHI,35.0,,0.34042552
2024,21,00-0030140,T.Way,P,WAS,PHI,1,1,23.0,0,0.0,0.0,-0.0,0,0.0,0,0,0,0.0,0,0.92,0.92,,,73.0,220.0,34.58125,11.0,Oklahoma,2013.0,2013.0,,,,
2024,1,00-0030279,K.Allen,WR,CHI,TEN,0,0,0.0,0,0.0,0.0,0.0,0,0.0,0,11,4,29.0,0,2.9,6.9,,,74.0,211.0,32.53182352941177,11.0,California,2013.0,2013.0,SD,76.0,7.0,0.37931034
2024,4,00-0030279,K.Allen,WR,CHI,LA,0,0,0.0,0,0.0,0.0,0.0,0,0.0,0,3,3,19.0,0,1.9,4.9,,,74.0,211.0,32.53182352941177,11.0,California,2013.0,2013.0,SD,76.0,6.0,0.13636364
2024,5,00-0030279,K.Allen,WR,CHI,CAR,0,0,0.0,0,0.0,0.0,0.0,0,0.0,0,6,3,33.0,0,3.3,6.3,,,74.0,211.0,32.53182352941177,11.0,California,2013.0,2013.0,SD,76.0,26.0,0.21428572
2024,6,00-0030279,K.Allen,WR,CHI,JAX,0,0,0.0,0,0.0,0.0,0.0,0,0.0,0,5,5,41.0,2,16.1,21.1,,,74.0,211.0,32.53182352941177,11.0,California,2013.0,2013.0,SD,76.0,19.0,0.1923077
2024,8,00-0030279,K.Allen,WR,CHI,WAS,0,0,0.0,0,0.0,0.0,0.0,0,0.0,0,7,2,39.0,0,3.9,5.9,,,74.0,211.0,32.53182352941177,11.0,California,2013.0,2013.0,SD,76.0,,0.33333334
2024,9,00-0030279,K.Allen,WR,CHI,ARI,0,0,0.0,0,0.0,0.0,0.0,0,0.0,0,10,4,36.0,0,3.6,7.6,,,74.0,211.0,32.53182352941177,11.0,California,2013.0,2013.0,SD,76.0,,0.2777778
2024,10,00-0030279,K.Allen,WR,CHI,NE,0,0,0.0,0,0.0,0.0,0.0,0,0.0,0,6,5,44.0,0,4.4,9.4,,,74.0,211.0,32.53182352941177,11.0,California,2013.0,2013.0,SD,76.0,-16.0,0.23076923
2024,11,00-0030279,K.Allen,WR,CHI,GB,0,0,0.0,0,0.0,0.0,0.0,0,0.0,0,8,4,41.0,0,4.1,8.1,,,74.0,211.0,32.53182352941177,11.0,California,2013.0,2013.0,SD,76.0,-1.0,0.2580645
2024,12,00-0030279,K.Allen,WR,CHI,MIN,0,0,0.0,0,0.0,0.0,0.0,0,0.0,0,15,9,86.0,1,14.6,23.6,,,74.0,211.0,32.53182352941177,11.0,California,2013.0,2013.0,SD,76.0,-3.0,0.31914893
2024,13,00-0030279,K.Allen,WR,CHI,DET,0,0,0.0,0,0.0,0.0,0.0,0,0.0,0,8,5,73.0,2,19.3,24.3,,,74.0,211.0,32.53182352941177,11.0,California,2013.0,2013.0,SD,76.0,,0.22222222
2024,14,00-0030279,K.Allen,WR,CHI,SF,0,0,0.0,0,0.0,0.0,0.0,0,0.0,0,5,3,30.0,0,3.0,6.0,,,74.0,211.0,32.53182352941177,11.0,California,2013.0,2013.0,SD,76.0,,0.20833333
2024,15,00-0030279,K.Allen,WR,CHI,MIN,0,0,0.0,0,0.0,0.0,0.0,0,0.0,0,13,6,82.0,1,14.2,20.2,,,74.0,211.0,32.53182352941177,11.0,California,2013.0,2013.0,SD,76.0,,0.41935483
2024,16,00-0030279,K.Allen,WR,CHI,DET,0,0,0.0,0,0.0,0.0,0.0,0,0.0,0,13,9,141.0,1,20.1,29.1,,,74.0,211.0,32.53182352941177,11.0,California,2013.0,2013.0,SD,76.0,-17.0,0.35135135
2024,17,00-0030279,K.Allen,WR,CHI,SEA,0,0,0.0,0,0.0,0.0,0.0,0,0.0,0,8,5,25.0,0,2.5,7.5,,,74.0,211.0,32.53182352941177,11.0,California,2013.0,2013.0,SD,76.0,-3.0,0.30769232
2024,18,00-0030279,K.Allen,WR,CHI,GB,0,1,0.0,0,1.0,0.0,-0.0,0,0.0,0,3,3,25.0,0,0.5,3.5,,,74.0,211.0,32.53182352941177,11.0,California,2013.0,2013.0,SD,76.0,,0.125
2024,3,00-0030431,R.Woods,WR,HOU,MIN,0,0,0.0,0,0.0,0.0,0.0,0,0.0,0,2,2,18.0,0,1.8,3.8,,,72.0,193.0,32.59068421052631,11.0,Southern California,2013.0,2013.0,BUF,41.0,,0.046511628
2024,4,00-0030431,R.Woods,WR,HOU,JAX,0,0,0.0,0,0.0,0.0,0.0,0,0.0,0,3,1,10.0,0,1.0,2.0,,,72.0,193.0,32.59068421052631,11.0,Southern California,2013.0,2013.0,BUF,41.0,4.0,0.07692308
2024,8,00-0030431,R.Woods,WR,HOU,IND,0,0,0.0,0,0.0,0.0,0.0,0,0.0,0,2,2,18.0,0,1.8,3.8,,,72.0,193.0,32.59068421052631,11.0,Southern California,2013.0,2013.0,BUF,41.0,3.0,0.055555556
2024,9,00-0030431,R.Woods,WR,HOU,NYJ,0,0,0.0,0,0.0,0.0,0.0,0,0.0,0,3,2,44.0,0,4.4,6.4,,,72.0,193.0,32.59068421052631,11.0,Southern California,2013.0,2013.0,BUF,41.0,,0.10344828
2024,10,00-0030431,R.Woods,WR,HOU,DET,0,0,0.0,0,0.0,0.0,0.0,0,0.0,0,3,1,1.0,0,0.1,1.1,,,72.0,193.0,32.59068421052631,11.0,Southern California,2013.0,2013.0,BUF,41.0,-3.0,0.09375
2024,11,00-0030431,R.Woods,WR,HOU,DAL,0,0,0.0,0,0.0,0.0,0.0,0,0.0,0,2,2,13.0,0,1.3,3.3,,,72.0,193.0,32.59068421052631,11.0,Southern California,2013.0,2013.0,BUF,41.0,,0.060606062
2024,12,00-0030431,R.Woods,WR,HOU,TEN,0,0,0.0,0,0.0,0.0,0.0,0,0.0,0,1,1,8.0,0,0.8,1.8,,,72.0,193.0,32.59068421052631,11.0,Southern California,2013.0,2013.0,BUF,41.0,-5.0,0.032258064
2024,13,00-0030431,R.Woods,WR,HOU,JAX,0,0,0.0,0,0.0,0.0,0.0,0,0.0,0,1,0,0.0,0,0.0,0.0,,,72.0,193.0,32.59068421052631,11.0,Southern California,2013.0,2013.0,BUF,41.0,,0.030303031
2024,15,00-0030431,R.Woods,WR,HOU,MIA,0,0,0.0,0,0.0,0.0,0.0,0,0.0,0,2,2,12.0,0,1.2,3.2,,,72.0,193.0,32.59068421052631,11.0,Southern California,2013.0,2013.0,BUF,41.0,8.0,0.08
2024,16,00-0030431,R.Woods,WR,HOU,KC,0,0,0.0,0,0.0,0.0,0.0,0,0.0,0,6,3,19.0,0,1.9,4.9,,,72.0,193.0,32.59068421052631,11.0,Southern California,2013.0,2013.0,BUF,41.0,,0.16216215
2024,17,00-0030431,R.Woods,WR,HOU,BAL,0,0,0.0,0,0.0,0.0,0.0,0,0.0,0,2,2,21.0,0,2.1,4.1,,,72.0,193.0,32.59068421052631,11.0,Southern California,2013.0,2013.0,BUF,41.0,-29.0,0.06451613
2024,18,00-0030431,R.Woods,WR,HOU,TEN,0,0,0.0,0,0.0,0.0,0.0,0,0.0,0,3,2,39.0,0,1.9,3.9,,,72.0,193.0,32.59068421052631,11.0,Southern California,2013.0,2013.0,BUF,41.0,,0.10714286
2024,19,00-0030431,R.Woods,WR,HOU,LAC,0,0,0.0,0,0.0,0.0,0.0,0,0.0,0,4,2,22.0,0,2.2,4.2,,,72.0,193.0,32.59068421052631,11.0,Southern California,2013.0,2013.0,BUF,41.0,20.0,0.125
2024,1,00-0030506,T.Kelce,TE,KC,BAL,0,0,0.0,0,0.0,0.0,0.0,0,0.0,0,4,3,34.0,0,3.4,6.4,,,77.0,260.0,35.12575,11.0,Cincinnati,2013.0,2013.0,KC,63.0,7.0,0.14814815
2024,2,00-0030506,T.Kelce,TE,KC,CIN,0,0,0.0,0,0.0,0.0,0.0,1,1.0,0,3,1,5.0,0,0.6,1.6,,,77.0,260.0,35.12575,11.0,Cincinnati,2013.0,2013.0,KC,63.0,1.0,0.13043478
2024,3,00-0030506,T.Kelce,TE,KC,ATL,0,0,0.0,0,0.0,0.0,0.0,0,0.0,0,5,4,30.0,0,3.0,7.0,,,77.0,260.0,35.12575,11.0,Cincinnati,2013.0,2013.0,KC,63.0,,0.1388889
2024,4,00-0030506,T.Kelce,TE,KC,LAC,0,0,0.0,0,0.0,0.0,0.0,0,0.0,0,9,7,89.0,0,8.9,15.9,,,77.0,260.0,35.12575,11.0,Cincinnati,2013.0,2013.0,KC,63.0,,0.32142857
2024,5,00-0030506,T.Kelce,TE,KC,NO,0,0,0.0,0,0.0,0.0,0.0,0,0.0,0,10,9,70.0,0,7.0,16.0,,,77.0,260.0,35.12575,11.0,Cincinnati,2013.0,2013.0,KC,63.0,13.0,0.29411766
2024,7,00-0030506,T.Kelce,TE,KC,SF,0,0,0.0,0,0.0,0.0,0.0,0,0.0,0,5,4,17.0,0,1.7,5.7,,,77.0,260.0,35.12575,11.0,Cincinnati,2013.0,2013.0,KC,63.0,,0.2
2024,8,00-0030506,T.Kelce,TE,KC,LV,0,0,0.0,0,0.0,0.0,0.0,0,0.0,0,12,10,90.0,1,15.0,25.0,,,77.0,260.0,35.12575,11.0,Cincinnati,2013.0,2013.0,KC,63.0,,0.34285715
2024,9,00-0030506,T.Kelce,TE,KC,TB,0,0,0.0,0,0.0,0.0,0.0,0,0.0,0,16,14,100.0,0,8.0,22.0,,,77.0,260.0,35.12575,11.0,Cincinnati,2013.0,2013.0,KC,63.0,6.0,0.3809524
2024,10,00-0030506,T.Kelce,TE,KC,DEN,0,0,0.0,0,0.0,0.0,0.0,0,0.0,0,12,8,64.0,1,12.4,20.4,,,77.0,260.0,35.12575,11.0,Cincinnati,2013.0,2013.0,KC,63.0,2.0,0.3
2024,11,00-0030506,T.Kelce,TE,KC,BUF,0,0,0.0,0,0.0,0.0,0.0,0,0.0,0,4,2,8.0,0,0.8,2.8,,,77.0,260.0,35.12575,11.0,Cincinnati,2013.0,2013.0,KC,63.0,,0.12903225
2024,12,00-0030506,T.Kelce,TE,KC,CAR,0,0,0.0,0,0.0,0.0,0.0,0,0.0,0,8,6,62.0,0,6.2,12.2,,,77.0,260.0,35.12575,11.0,Cincinnati,2013.0,2013.0,KC,63.0,,0.22222222
2024,13,00-0030506,T.Kelce,TE,KC,LV,0,0,0.0,0,0.0,0.0,0.0,0,0.0,0,13,7,68.0,0,6.8,13.8,,,77.0,260.0,35.12575,11.0,Cincinnati,2013.0,2013.0,KC,63.0,2.0,0.2888889
2024,14,00-0030506,T.Kelce,TE,KC,LAC,0,0,0.0,0,0.0,0.0,0.0,0,0.0,0,6,5,45.0,0,4.5,9.5,,,77.0,260.0,35.12575,11.0,Cincinnati,2013.0,2013.0,KC,63.0,2.0,0.16666667
2024,15,00-0030506,T.Kelce,TE,KC,CLE,0,0,0.0,0,0.0,0.0,0.0,0,0.0,0,8,4,27.0,0,2.7,6.7,,,77.0,260.0,35.12575,11.0,Cincinnati,2013.0,2013.0,KC,63.0,,0.21052632
2024,16,00-0030506,T.Kelce,TE,KC,HOU,0,0,0.0,0,0.0,0.0,0.0,0,0.0,0,7,5,30.0,0,3.0,8.0,,,77.0,260.0,35.12575,11.0,Cincinnati,2013.0,2013.0,KC,63.0,8.0,0.17073171
2024,17,00-0030506,T.Kelce,TE,KC,PIT,0,0,0.0,0,0.0,0.0,0.0,0,0.0,0,11,8,84.0,1,14.4,22.4,,,77.0,260.0,35.12575,11.0,Cincinnati,2013.0,2013.0,KC,63.0,,0.28947368
2024,20,00-0030506,T.Kelce,TE,KC,HOU,0,0,0.0,0,0.0,0.0,0.0,0,0.0,0,8,7,117.0,1,17.7,24.7,,,77.0,260.0,35.12575,11.0,Cincinnati,2013.0,2013.0,KC,63.0,9.0,0.33333334
2024,21,00-0030506,T.Kelce,TE,KC,BUF,0,0,0.0,0,0.0,0.0,0.0,0,0.0,0,4,2,19.0,0,1.9,3.9,,,77.0,260.0,35.12575,11.0,Cincinnati,2013.0,2013.0,KC,63.0,3.0,0.16
2024,22,00-0030506,T.Kelce,TE,KC,PHI,0,0,0.0,0,0.0,0.0,0.0,0,0.0,0,6,4,39.0,0,3.9,7.9,,,77.0,260.0,35.12575,11.0,Cincinnati,2013.0,2013.0,KC,63.0,,0.1875
2024,1,00-0030564,D.Hopkins,WR,TEN,CHI,0,0,0.0,0,0.0,0.0,0.0,0,0.0,0,1,1,8.0,0,0.8,1.8,,,73.0,212.0,32.45785,11.0,Clemson,2013.0,2013.0,HOU,27.0,,0.037037037
2024,2,00-0030564,D.Hopkins,WR,TEN,NYJ,0,0,0.0,0,0.0,0.0,0.0,0,0.0,0,2,1,9.0,0,0.9,1.9,,,73.0,212.0,32.45785,11.0,Clemson,2013.0,2013.0,HOU,27.0,-7.0,0.074074075
2024,3,00-0030564,D.Hopkins,WR,TEN,GB,0,0,0.0,0,0.0,0.0,0.0,0,0.0,0,7,6,73.0,1,13.3,19.3,,,73.0,212.0,32.45785,11.0,Clemson,2013.0,2013.0,HOU,27.0,-16.0,0.20588236
2024,4,00-0030564,D.Hopkins,WR,TEN,MIA,0,0,0.0,0,0.0,0.0,0.0,0,0.0,0,4,2,31.0,0,3.1,5.1,,,73.0,212.0,32.45785,11.0,Clemson,2013.0,2013.0,HOU,27.0,,0.22222222
2024,6,00-0030564,D.Hopkins,WR,TEN,IND,0,0,0.0,0,0.0,0.0,0.0,0,0.0,0,6,4,54.0,0,5.4,9.4,,,73.0,212.0,32.45785,11.0,Clemson,2013.0,2013.0,HOU,27.0,-3.0,0.22222222
2024,7,00-0030564,D.Hopkins,WR,TEN,BUF,0,0,0.0,0,0.0,0.0,0.0,0,0.0,0,1,1,-2.0,0,-0.2,0.8,,,73.0,212.0,32.45785,11.0,Clemson,2013.0,2013.0,HOU,27.0,,0.02631579
2024,8,00-0030564,D.Hopkins,WR,KC,LV,0,0,0.0,0,0.0,0.0,0.0,0,0.0,0,3,2,29.0,0,2.9,4.9,,,73.0,212.0,32.45785,11.0,Clemson,2013.0,2013.0,HOU,27.0,,0.08571429
2024,9,00-0030564,D.Hopkins,WR,KC,TB,0,0,0.0,0,0.0,0.0,0.0,0,0.0,0,9,8,86.0,2,20.6,28.6,,,73.0,212.0,32.45785,11.0,Clemson,2013.0,2013.0,HOU,27.0,6.0,0.21428572
2024,10,00-0030564,D.Hopkins,WR,KC,DEN,0,0,0.0,0,0.0,0.0,0.0,0,0.0,0,5,4,56.0,0,5.6,9.6,,,73.0,212.0,32.45785,11.0,Clemson,2013.0,2013.0,HOU,27.0,2.0,0.125
2024,11,00-0030564,D.Hopkins,WR,KC,BUF,0,0,0.0,0,0.0,0.0,0.0,0,0.0,0,4,3,29.0,0,2.9,5.9,,,73.0,212.0,32.45785,11.0,Clemson,2013.0,2013.0,HOU,27.0,,0.12903225
2024,12,00-0030564,D.Hopkins,WR,KC,CAR,0,0,0.0,0,0.0,0.0,0.0,0,0.0,0,6,5,35.0,1,9.5,14.5,,,73.0,212.0,32.45785,11.0,Clemson,2013.0,2013.0,HOU,27.0,,0.16666667
2024,13,00-0030564,D.Hopkins,WR,KC,LV,0,0,0.0,0,0.0,0.0,0.0,0,0.0,0,9,4,90.0,0,9.0,13.0,,,73.0,212.0,32.45785,11.0,Clemson,2013.0,2013.0,HOU,27.0,2.0,0.2
2024,14,00-0030564,D.Hopkins,WR,KC,LAC,0,0,0.0,0,0.0,0.0,0.0,0,0.0,0,9,4,32.0,1,9.2,13.2,,,73.0,212.0,32.45785,11.0,Clemson,2013.0,2013.0,HOU,27.0,2.0,0.25
2024,15,00-0030564,D.Hopkins,WR,KC,CLE,0,0,0.0,0,0.0,0.0,0.0,0,0.0,0,6,5,36.0,0,3.6,8.6,,,73.0,212.0,32.45785,11.0,Clemson,2013.0,2013.0,HOU,27.0,,0.15789473
2024,16,00-0030564,D.Hopkins,WR,KC,HOU,0,0,0.0,0,0.0,0.0,0.0,0,0.0,0,4,4,37.0,0,3.7,7.7,,,73.0,212.0,32.45785,11.0,Clemson,2013.0,2013.0,HOU,27.0,8.0,0.09756097
2024,17,00-0030564,D.Hopkins,WR,KC,PIT,0,0,0.0,0,0.0,0.0,0.0,0,0.0,0,4,2,7.0,0,0.7,2.7,,,73.0,212.0,32.45785,11.0,Clemson,2013.0,2013.0,HOU,27.0,,0.10526316
2024,20,00-0030564,D.Hopkins,WR,KC,HOU,0,0,0.0,0,0.0,0.0,0.0,0,0.0,0,1,0,0.0,0,0.0,0.0,,,73.0,212.0,32.45785,11.0,Clemson,2013.0,2013.0,HOU,27.0,9.0,0.041666668
2024,21,00-0030564,D.Hopkins,WR,KC,BUF,0,0,0.0,0,0.0,0.0,0.0,0,0.0,0,2,1,11.0,0,1.1,2.1,,,73.0,212.0,32.45785,11.0,Clemson,2013.0,2013.0,HOU,27.0,3.0,0.08
2024,22,00-0030564,D.Hopkins,WR,KC,PHI,0,0,0.0,0,0.0,0.0,0.0,0,0.0,0,5,2,18.0,1,9.8,11.8,,,73.0,212.0,32.45785,11.0,Clemson,2013.0,2013.0,HOU,27.0,,0.15625
2024,1,00-0030565,G.Smith,QB,SEA,DEN,18,25,171.0,1,1.0,2.0,13.0,4,30.0,1,0,0,0.0,0,17.84,17.84,,,75.0,221.0,34.075294117647054,11.0,West Virginia,2013.0,2013.0,NYJ,39.0,6.0,
2024,2,00-0030565,G.Smith,QB,SEA,NE,33,44,327.0,1,0.0,3.0,15.0,5,8.0,0,0,0,0.0,0,17.88,17.88,,,75.0,221.0,34.075294117647054,11.0,West Virginia,2013.0,2013.0,NYJ,39.0,,
2024,3,00-0030565,G.Smith,QB,SEA,MIA,26,34,289.0,1,2.0,3.0,19.0,2,-2.0,0,0,0,0.0,0,11.36,11.36,,,75.0,221.0,34.075294117647054,11.0,West Virginia,2013.0,2013.0,NYJ,39.0,21.0,
2024,4,00-0030565,G.Smith,QB,SEA,DET,38,56,395.0,1,1.0,3.0,12.0,5,38.0,0,0,0,0.0,0,21.6,21.6,,,75.0,221.0,34.075294117647054,11.0,West Virginia,2013.0,2013.0,NYJ,39.0,,
2024,5,00-0030565,G.Smith,QB,SEA,NYG,28,40,284.0,1,0.0,7.0,53.0,4,72.0,0,0,0,0.0,0,22.56,22.56,,,75.0,221.0,34.075294117647054,11.0,West Virginia,2013.0,2013.0,NYJ,39.0,-9.0,
2024,6,00-0030565,G.Smith,QB,SEA,SF,30,52,312.0,1,2.0,1.0,6.0,1,0.0,0,0,0,0.0,0,12.48,12.48,,,75.0,221.0,34.075294117647054,11.0,West Virginia,2013.0,2013.0,NYJ,39.0,-12.0,
2024,7,00-0030565,G.Smith,QB,SEA,ATL,18,28,207.0,2,0.0,1.0,6.0,4,15.0,0,0,0,0.0,0,17.78,17.78,,,75.0,221.0,34.075294117647054,11.0,West Virginia,2013.0,2013.0,NYJ,39.0,,
2024,8,00-0030565,G.Smith,QB,SEA,BUF,21,29,212.0,0,1.0,1.0,11.0,5,16.0,0,0,0,0.0,0,8.08,8.08,,,75.0,221.0,34.075294117647054,11.0,West Virginia,2013.0,2013.0,NYJ,39.0,-21.0,
2024,9,00-0030565,G.Smith,QB,SEA,LA,21,34,363.0,3,3.0,7.0,46.0,6,16.0,0,0,0,0.0,0,22.12,22.12,,,75.0,221.0,34.075294117647054,11.0,West Virginia,2013.0,2013.0,NYJ,39.0,-6.0,
2024,11,00-0030565,G.Smith,QB,SEA,SF,25,32,221.0,0,1.0,4.0,26.0,4,29.0,1,0,0,0.0,0,15.74,15.74,,,75.0,221.0,34.075294117647054,11.0,West Virginia,2013.0,2013.0,NYJ,39.0,,
2024,12,00-0030565,G.Smith,QB,SEA,ARI,22,31,254.0,1,1.0,5.0,34.0,3,2.0,0,0,0,0.0,0,12.36,12.36,,,75.0,221.0,34.075294117647054,11.0,West Virginia,2013.0,2013.0,NYJ,39.0,10.0,
2024,13,00-0030565,G.Smith,QB,SEA,NYJ,20,31,206.0,1,0.0,3.0,31.0,2,2.0,0,0,0,0.0,0,12.44,12.44,,,75.0,221.0,34.075294117647054,11.0,West Virginia,2013.0,2013.0,NYJ,39.0,,
2024,14,00-0030565,G.Smith,QB,SEA,ARI,24,30,233.0,1,0.0,0.0,-0.0,1,0.0,0,0,0,0.0,0,13.32,13.32,,,75.0,221.0,34.075294117647054,11.0,West Virginia,2013.0,2013.0,NYJ,39.0,,
2024,15,00-0030565,G.Smith,QB,SEA,GB,15,19,149.0,0,1.0,3.0,24.0,1,5.0,0,0,0,0.0,0,4.46,4.46,,,75.0,221.0,34.075294117647054,11.0,West Virginia,2013.0,2013.0,NYJ,39.0,-17.0,
2024,16,00-0030565,G.Smith,QB,SEA,MIN,31,43,314.0,3,2.0,2.0,12.0,1,8.0,0,0,0,0.0,0,21.36,21.36,,,75.0,221.0,34.075294117647054,11.0,West Virginia,2013.0,2013.0,NYJ,39.0,-3.0,
2024,17,00-0030565,G.Smith,QB,SEA,CHI,17,23,160.0,0,0.0,3.0,17.0,3,19.0,0,0,0,0.0,0,8.3,8.3,,,75.0,221.0,34.075294117647054,11.0,West Virginia,2013.0,2013.0,NYJ,39.0,,
2024,18,00-0030565,G.Smith,QB,SEA,LA,20,27,223.0,4,0.0,2.0,13.0,2,14.0,0,0,0,0.0,0,26.32,26.32,,,75.0,221.0,34.075294117647054,11.0,West Virginia,2013.0,2013.0,NYJ,39.0,,
2024,1,00-0030578,C.Patterson,RB,PIT,ATL,0,0,0.0,0,0.0,0.0,0.0,4,13.0,0,0,0,0.0,0,1.3,1.3,,,74.0,238.0,33.653333333333336,11.0,Tennessee,2013.0,2013.0,MIN,29.0,,
2024,2,00-0030578,C.Patterson,RB,PIT,DEN,0,0,0.0,0,0.0,0.0,0.0,2,3.0,0,0,0,0.0,0,0.3,0.3,,,74.0,238.0,33.653333333333336,11.0,Tennessee,2013.0,2013.0,MIN,29.0,,
2024,3,00-0030578,C.Patterson,RB,PIT,LAC,0,0,0.0,0,0.0,0.0,0.0,4,33.0,0,5,3,15.0,0,4.8,7.8,,,74.0,238.0,33.653333333333336,11.0,Tennessee,2013.0,2013.0,MIN,29.0,10.0,0.16129032
2024,4,00-0030578,C.Patterson,RB,PIT,IND,0,0,0.0,0,0.0,0.0,0.0,6,43.0,0,2,2,19.0,0,6.2,8.2,,,74.0,238.0,33.653333333333336,11.0,Tennessee,2013.0,2013.0,MIN,29.0,,0.0625
2024,10,00-0030578,C.Patterson,RB,PIT,WAS,0,0,0.0,0,0.0,0.0,0.0,3,14.0,0,0,0,0.0,0,1.4,1.4,,,74.0,238.0,33.653333333333336,11.0,Tennessee,2013.0,2013.0,MIN,29.0,,
2024,11,00-0030578,C.Patterson,RB,PIT,BAL,0,0,0.0,0,0.0,0.0,0.0,1,0.0,0,1,1,0.0,0,0.0,1.0,,,74.0,238.0,33.653333333333336,11.0,Tennessee,2013.0,2013.0,MIN,29.0,2.0,0.03125
2024,12,00-0030578,C.Patterson,RB,PIT,CLE,0,0,0.0,0,0.0,0.0,0.0,1,-2.0,0,0,0,0.0,0,-0.2,-0.2,,,74.0,238.0,33.653333333333336,11.0,Tennessee,2013.0,2013.0,MIN,29.0,,
2024,13,00-0030578,C.Patterson,RB,PIT,CIN,0,0,0.0,0,0.0,0.0,0.0,3,16.0,0,3,3,37.0,0,5.3,8.3,,,74.0,238.0,33.653333333333336,11.0,Tennessee,2013.0,2013.0,MIN,29.0,,0.083333336
2024,14,00-0030578,C.Patterson,RB,PIT,CLE,0,0,0.0,0,0.0,0.0,0.0,4,3.0,0,1,1,-2.0,0,-1.9,-0.9,,,74.0,238.0,33.653333333333336,11.0,Tennessee,2013.0,2013.0,MIN,29.0,13.0,0.041666668
2024,15,00-0030578,C.Patterson,RB,PIT,PHI,0,0,0.0,0,0.0,0.0,0.0,2,9.0,0,1,1,-1.0,0,0.8,1.8,,,74.0,238.0,33.653333333333336,11.0,Tennessee,2013.0,2013.0,MIN,29.0,,0.04761905
2024,16,00-0030578,C.Patterson,RB,PIT,BAL,0,0,0.0,0,0.0,0.0,0.0,0,0.0,0,1,1,12.0,1,7.2,8.2,,,74.0,238.0,33.653333333333336,11.0,Tennessee,2013.0,2013.0,MIN,29.0,,0.03846154
2024,17,00-0030578,C.Patterson,RB,PIT,KC,0,0,0.0,0,0.0,0.0,0.0,1,2.0,0,0,0,0.0,0,0.2,0.2,,,74.0,238.0,33.653333333333336,11.0,Tennessee,2013.0,2013.0,MIN,29.0,-19.0,
2024,18,00-0030578,C.Patterson,RB,PIT,CIN,0,0,0.0,0,0.0,0.0,0.0,1,1.0,0,0,0,0.0,0,0.1,0.1,,,74.0,238.0,33.653333333333336,11.0,Tennessee,2013.0,2013.0,MIN,29.0,-2.0,
2024,5,00-0031235,O.Beckham,WR,MIA,NE,0,0,0.0,0,0.0,0.0,0.0,0,0.0,0,2,0,0.0,0,0.0,0.0,,,71.0,198.0,31.977285714285717,10.0,Louisiana State,2014.0,2014.0,NYG,12.0,,0.06451613
2024,7,00-0031235,O.Beckham,WR,MIA,IND,0,0,0.0,0,0.0,0.0,0.0,0,0.0,0,2,0,0.0,0,0.0,0.0,,,71.0,198.0,31.977285714285717,10.0,Louisiana State,2014.0,2014.0,NYG,12.0,,0.09090909
2024,9,00-0031235,O.Beckham,WR,MIA,BUF,0,0,0.0,0,0.0,0.0,0.0,0,0.0,0,3,3,15.0,0,1.5,4.5,,,71.0,198.0,31.977285714285717,10.0,Louisiana State,2014.0,2014.0,NYG,12.0,,0.11111111
2024,10,00-0031235,O.Beckham,WR,MIA,LA,0,0,0.0,0,0.0,0.0,0.0,0,0.0,0,2,2,17.0,0,1.7,3.7,,,71.0,198.0,31.977285714285717,10.0,Louisiana State,2014.0,2014.0,NYG,12.0,,0.071428575
2024,11,00-0031235,O.Beckham,WR,MIA,LV,0,0,0.0,0,0.0,0.0,0.0,0,0.0,0,4,2,13.0,0,1.3,3.3,,,71.0,198.0,31.977285714285717,10.0,Louisiana State,2014.0,2014.0,NYG,12.0,15.0,0.114285715
2024,12,00-0031235,O.Beckham,WR,MIA,NE,0,0,0.0,0,0.0,0.0,0.0,0,0.0,0,3,0,0.0,0,0.0,0.0,,,71.0,198.0,31.977285714285717,10.0,Louisiana State,2014.0,2014.0,NYG,12.0,19.0,0.075
2024,13,00-0031235,O.Beckham,WR,MIA,GB,0,0,0.0,0,0.0,0.0,0.0,0,0.0,0,2,1,9.0,0,0.9,1.9,,,71.0,198.0,31.977285714285717,10.0,Louisiana State,2014.0,2014.0,NYG,12.0,,0.04347826
2024,14,00-0031235,O.Beckham,WR,MIA,NYJ,0,0,0.0,0,0.0,0.0,0.0,0,0.0,0,1,1,1.0,0,0.1,1.1,,,71.0,198.0,31.977285714285717,10.0,Louisiana State,2014.0,2014.0,NYG,12.0,6.0,0.022222223
2024,1,00-0031236,B.Cooks,WR,DAL,CLE,0,0,0.0,0,0.0,0.0,0.0,1,5.0,0,7,4,40.0,1,10.5,14.5,,,70.0,183.0,31.119176470588233,10.0,Oregon State,2014.0,2014.0,NO,20.0,,0.22580644
2024,2,00-0031236,B.Cooks,WR,DAL,NO,0,0,0.0,0,0.0,0.0,0.0,1,-3.0,0,2,2,19.0,0,1.6,3.6,,,70.0,183.0,31.119176470588233,10.0,Oregon State,2014.0,2014.0,NO,20.0,-25.0,0.048780486
2024,3,00-0031236,B.Cooks,WR,DAL,BAL,0,0,0.0,0,0.0,0.0,0.0,0,0.0,0,6,2,16.0,0,1.6,3.6,,,70.0,183.0,31.119176470588233,10.0,Oregon State,2014.0,2014.0,NO,20.0,-3.0,0.12
2024,4,00-0031236,B.Cooks,WR,DAL,NYG,0,0,0.0,0,0.0,0.0,0.0,0,0.0,0,4,1,16.0,0,1.6,2.6,,,70.0,183.0,31.119176470588233,10.0,Oregon State,2014.0,2014.0,NO,20.0,,0.15384616
2024,13,00-0031236,B.Cooks,WR,DAL,NYG,0,0,0.0,0,0.0,0.0,0.0,0,0.0,0,7,3,16.0,1,7.6,10.6,,,70.0,183.0,31.119176470588233,10.0,Oregon State,2014.0,2014.0,NO,20.0,7.0,0.19444445
2024,14,00-0031236,B.Cooks,WR,DAL,CIN,0,0,0.0,0,0.0,0.0,0.0,0,0.0,0,3,1,3.0,1,6.3,7.3,,,70.0,183.0,31.119176470588233,10.0,Oregon State,2014.0,2014.0,NO,20.0,-7.0,0.09677419
2024,15,00-0031236,B.Cooks,WR,DAL,CAR,0,0,0.0,0,0.0,0.0,0.0,0,0.0,0,5,3,34.0,0,3.4,6.4,,,70.0,183.0,31.119176470588233,10.0,Oregon State,2014.0,2014.0,NO,20.0,,0.17857143
2024,16,00-0031236,B.Cooks,WR,DAL,TB,0,0,0.0,0,0.0,0.0,0.0,0,0.0,0,3,3,48.0,0,4.8,7.8,,,70.0,183.0,31.119176470588233,10.0,Oregon State,2014.0,2014.0,NO,20.0,2.0,0.09090909
2024,17,00-0031236,B.Cooks,WR,DAL,PHI,0,0,0.0,0,0.0,0.0,0.0,0,0.0,0,8,4,52.0,0,5.2,9.2,,,70.0,183.0,31.119176470588233,10.0,Oregon State,2014.0,2014.0,NO,20.0,,0.27586207
2024,18,00-0031236,B.Cooks,WR,DAL,WAS,0,0,0.0,0,0.0,0.0,0.0,1,-5.0,0,9,3,15.0,0,1.0,4.0,,,70.0,183.0,31.119176470588233,10.0,Oregon State,2014.0,2014.0,NO,20.0,-4.0,0.27272728
2024,20,00-0031237,T.Bridgewater,QB,DET,WAS,1,1,3.0,0,0.0,0.0,-0.0,0,0.0,0,0,0,0.0,0,0.12,0.12,,,74.0,215.0,32.159666666666666,10.0,Louisville,2014.0,2014.0,MIN,32.0,-14.0,
2024,1,00-0031280,D.Carr,QB,NO,CAR,19,23,200.0,3,0.0,1.0,1.0,2,13.0,0,0,0,0.0,0,21.3,21.3,,,75.0,210.0,33.61094117647059,10.0,Fresno State,2014.0,2014.0,OAK,36.0,37.0,
2024,2,00-0031280,D.Carr,QB,NO,DAL,11,16,243.0,2,1.0,1.0,1.0,1,1.0,1,0,0,0.0,0,21.82,21.82,,,75.0,210.0,33.61094117647059,10.0,Fresno State,2014.0,2014.0,OAK,36.0,,
2024,3,00-0031280,D.Carr,QB,NO,PHI,14,25,142.0,1,1.0,1.0,12.0,2,3.0,0,0,0,0.0,0,7.98,7.98,,,75.0,210.0,33.61094117647059,10.0,Fresno State,2014.0,2014.0,OAK,36.0,-3.0,
2024,4,00-0031280,D.Carr,QB,NO,ATL,28,36,239.0,0,1.0,1.0,4.0,3,5.0,0,0,0,0.0,0,8.06,8.06,,,75.0,210.0,33.61094117647059,10.0,Fresno State,2014.0,2014.0,OAK,36.0,,
2024,5,00-0031280,D.Carr,QB,NO,KC,18,28,165.0,2,1.0,1.0,8.0,0,0.0,0,0,0,0.0,0,12.6,12.6,,,75.0,210.0,33.61094117647059,10.0,Fresno State,2014.0,2014.0,OAK,36.0,,
2024,9,00-0031280,D.Carr,QB,NO,CAR,18,31,236.0,1,0.0,1.0,6.0,0,0.0,0,0,0,0.0,0,13.44,13.44,,,75.0,210.0,33.61094117647059,10.0,Fresno State,2014.0,2014.0,OAK,36.0,,
2024,10,00-0031280,D.Carr,QB,NO,ATL,16,25,269.0,2,0.0,0.0,-0.0,4,17.0,0,0,0,0.0,0,20.46,20.46,,,75.0,210.0,33.61094117647059,10.0,Fresno State,2014.0,2014.0,OAK,36.0,3.0,
2024,11,00-0031280,D.Carr,QB,NO,CLE,21,27,248.0,2,0.0,1.0,7.0,1,8.0,0,0,0,0.0,0,18.72,18.72,,,75.0,210.0,33.61094117647059,10.0,Fresno State,2014.0,2014.0,OAK,36.0,21.0,
2024,13,00-0031280,D.Carr,QB,NO,LA,24,37,184.0,1,0.0,0.0,-0.0,2,12.0,0,0,0,0.0,0,14.56,14.56,,,75.0,210.0,33.61094117647059,10.0,Fresno State,2014.0,2014.0,OAK,36.0,-7.0,
2024,14,00-0031280,D.Carr,QB,NO,NYG,20,31,219.0,1,1.0,1.0,9.0,2,12.0,0,0,0,0.0,0,11.96,11.96,,,75.0,210.0,33.61094117647059,10.0,Fresno State,2014.0,2014.0,OAK,36.0,,
2024,1,00-0031299,J.Matthews,TE,CAR,NO,0,0,0.0,0,0.0,0.0,0.0,0,0.0,0,1,0,0.0,0,0.0,0.0,,,75.0,215.0,32.30905882352941,10.0,Vanderbilt,2014.0,2014.0,PHI,42.0,,0.03448276
2024,18,00-0031345,J.Garoppolo,QB,LA,SEA,27,41,334.0,2,1.0,3.0,15.0,2,5.0,0,0,0,0.0,0,19.86,19.86,,,74.0,225.0,33.03731578947369,10.0,Eastern Illinois,2014.0,2014.0,NE,62.0,-5.0,
2024,9,00-0031357,C.Goodwin,CB,DAL,ATL,0,0,0.0,0,0.0,0.0,0.0,0,0.0,0,1,0,0.0,0,0.0,0.0,,,75.0,190.0,34.75788235294118,10.0,"California, Pa.",2014.0,2014.0,,,,0.020833334
2024,1,00-0031381,D.Adams,WR,LV,LAC,0,0,0.0,0,0.0,0.0,0.0,0,0.0,0,6,5,59.0,0,5.9,10.9,,,73.0,215.0,31.866705882352942,10.0,Fresno State,2014.0,2014.0,GB,53.0,,0.1875
2024,2,00-0031381,D.Adams,WR,LV,BAL,0,0,0.0,0,0.0,0.0,0.0,0,0.0,0,12,9,110.0,1,17.0,26.0,,,73.0,215.0,31.866705882352942,10.0,Fresno State,2014.0,2014.0,GB,53.0,,0.33333334
2024,3,00-0031381,D.Adams,WR,LV,CAR,0,0,0.0,0,0.0,0.0,0.0,0,0.0,0,9,4,40.0,0,4.0,8.0,,,73.0,215.0,31.866705882352942,10.0,Fresno State,2014.0,2014.0,GB,53.0,-14.0,0.23076923
2024,7,00-0031381,D.Adams,WR,NYJ,PIT,0,0,0.0,0,0.0,0.0,0.0,0,0.0,0,9,3,30.0,0,3.0,6.0,,,73.0,215.0,31.866705882352942,10.0,Fresno State,2014.0,2014.0,GB,53.0,,0.23076923
2024,8,00-0031381,D.Adams,WR,NYJ,NE,0,0,0.0,0,0.0,0.0,0.0,0,0.0,0,6,4,54.0,0,5.4,9.4,,,73.0,215.0,31.866705882352942,10.0,Fresno State,2014.0,2014.0,GB,53.0,,0.24
2024,9,00-0031381,D.Adams,WR,NYJ,HOU,0,0,0.0,0,0.0,0.0,0.0,0,0.0,0,11,7,91.0,1,15.1,22.1,,,73.0,215.0,31.866705882352942,10.0,Fresno State,2014.0,2014.0,GB,53.0,8.0,0.34375
2024,10,00-0031381,D.Adams,WR,NYJ,ARI,0,0,0.0,0,0.0,0.0,0.0,0,0.0,0,13,6,31.0,0,3.1,9.1,,,73.0,215.0,31.866705882352942,10.0,Fresno State,2014.0,2014.0,GB,53.0,,0.3939394
2024,11,00-0031381,D.Adams,WR,NYJ,IND,0,0,0.0,0,0.0,0.0,0.0,0,0.0,0,7,6,72.0,0,7.2,13.2,,,73.0,215.0,31.866705882352942,10.0,Fresno State,2014.0,2014.0,GB,53.0,-1.0,0.2413793
2024,13,00-0031381,D.Adams,WR,NYJ,SEA,0,0,0.0,0,0.0,0.0,0.0,0,0.0,0,12,5,66.0,1,12.6,17.6,,,73.0,215.0,31.866705882352942,10.0,Fresno State,2014.0,2014.0,GB,53.0,-5.0,0.31578946
2024,14,00-0031381,D.Adams,WR,NYJ,MIA,0,0,0.0,0,0.0,0.0,0.0,0,0.0,0,11,9,109.0,1,16.9,25.9,,,73.0,215.0,31.866705882352942,10.0,Fresno State,2014.0,2014.0,GB,53.0,,0.2820513
2024,15,00-0031381,D.Adams,WR,NYJ,JAX,0,0,0.0,0,0.0,0.0,0.0,0,0.0,0,12,9,198.0,2,33.8,42.8,,,73.0,215.0,31.866705882352942,10.0,Fresno State,2014.0,2014.0,GB,53.0,,0.42857143
2024,16,00-0031381,D.Adams,WR,NYJ,LA,0,0,0.0,0,0.0,0.0,0.0,0,0.0,0,13,7,68.0,1,12.8,19.8,,,73.0,215.0,31.866705882352942,10.0,Fresno State,2014.0,2014.0,GB,53.0,-10.0,0.30952382
2024,17,00-0031381,D.Adams,WR,NYJ,BUF,0,0,0.0,0,0.0,0.0,0.0,0,0.0,0,8,5,47.0,0,4.7,9.7,,,73.0,215.0,31.866705882352942,10.0,Fresno State,2014.0,2014.0,GB,53.0,,0.2580645
2024,18,00-0031381,D.Adams,WR,NYJ,MIA,0,0,0.0,0,0.0,0.0,0.0,0,0.0,0,12,6,88.0,1,14.8,20.8,,,73.0,215.0,31.866705882352942,10.0,Fresno State,2014.0,2014.0,GB,53.0,12.0,0.34285715
2024,1,00-0031408,M.Evans,WR,TB,WAS,0,0,0.0,0,0.0,0.0,0.0,0,0.0,0,6,5,61.0,2,18.1,23.1,,,77.0,231.0,31.221166666666665,10.0,Texas A&amp;M,2014.0,2014.0,TB,7.0,17.0,0.2
2024,2,00-0031408,M.Evans,WR,TB,DET,0,0,0.0,0,0.0,0.0,0.0,0,0.0,0,6,3,42.0,0,4.2,7.2,,,77.0,231.0,31.221166666666665,10.0,Texas A&amp;M,2014.0,2014.0,TB,7.0,,0.31578946
2024,3,00-0031408,M.Evans,WR,TB,DEN,0,0,0.0,0,0.0,0.0,0.0,0,0.0,0,3,2,17.0,0,1.7,3.7,,,77.0,231.0,31.221166666666665,10.0,Texas A&amp;M,2014.0,2014.0,TB,7.0,-19.0,0.09375
2024,4,00-0031408,M.Evans,WR,TB,PHI,0,0,0.0,0,0.0,0.0,0.0,0,0.0,0,14,8,94.0,1,15.4,23.4,,,77.0,231.0,31.221166666666665,10.0,Texas A&amp;M,2014.0,2014.0,TB,7.0,17.0,0.29787233
2024,5,00-0031408,M.Evans,WR,TB,ATL,0,0,0.0,0,0.0,0.0,0.0,0,0.0,0,7,5,62.0,2,18.2,23.2,,,77.0,231.0,31.221166666666665,10.0,Texas A&amp;M,2014.0,2014.0,TB,7.0,,0.29166666
2024,6,00-0031408,M.Evans,WR,TB,NO,0,0,0.0,0,0.0,0.0,0.0,0,0.0,0,6,2,34.0,0,3.4,5.4,,,77.0,231.0,31.221166666666665,10.0,Texas A&amp;M,2014.0,2014.0,TB,7.0,,0.16666667
2024,7,00-0031408,M.Evans,WR,TB,BAL,0,0,0.0,0,0.0,0.0,0.0,0,0.0,0,3,1,25.0,1,8.5,9.5,,,77.0,231.0,31.221166666666665,10.0,Texas A&amp;M,2014.0,2014.0,TB,7.0,-10.0,0.06666667
2024,12,00-0031408,M.Evans,WR,TB,NYG,0,0,0.0,0,0.0,0.0,0.0,0,0.0,0,6,5,68.0,0,6.8,11.8,,,77.0,231.0,31.221166666666665,10.0,Texas A&amp;M,2014.0,2014.0,TB,7.0,,0.2
2024,13,00-0031408,M.Evans,WR,TB,CAR,0,0,0.0,0,0.0,0.0,0.0,0,0.0,0,12,8,118.0,1,17.8,25.8,,,77.0,231.0,31.221166666666665,10.0,Texas A&amp;M,2014.0,2014.0,TB,7.0,,0.3529412
2024,14,00-0031408,M.Evans,WR,TB,LV,0,0,0.0,0,0.0,0.0,0.0,0,0.0,0,5,4,69.0,0,6.9,10.9,,,77.0,231.0,31.221166666666665,10.0,Texas A&amp;M,2014.0,2014.0,TB,7.0,15.0,0.17857143
2024,15,00-0031408,M.Evans,WR,TB,LAC,0,0,0.0,0,0.0,0.0,0.0,0,0.0,0,11,9,159.0,2,27.9,36.9,,,77.0,231.0,31.221166666666665,10.0,Texas A&amp;M,2014.0,2014.0,TB,7.0,,0.42307693
2024,16,00-0031408,M.Evans,WR,TB,DAL,0,0,0.0,0,0.0,0.0,0.0,0,0.0,0,8,5,69.0,0,6.9,11.9,,,77.0,231.0,31.221166666666665,10.0,Texas A&amp;M,2014.0,2014.0,TB,7.0,,0.18604651
2024,17,00-0031408,M.Evans,WR,TB,CAR,0,0,0.0,0,0.0,0.0,0.0,0,0.0,0,9,8,97.0,2,21.7,29.7,,,77.0,231.0,31.221166666666665,10.0,Texas A&amp;M,2014.0,2014.0,TB,7.0,34.0,0.28125
2024,18,00-0031408,M.Evans,WR,TB,NO,0,0,0.0,0,0.0,0.0,0.0,0,0.0,0,14,9,89.0,0,8.9,17.9,,,77.0,231.0,31.221166666666665,10.0,Texas A&amp;M,2014.0,2014.0,TB,7.0,8.0,0.4516129
2024,19,00-0031408,M.Evans,WR,TB,WAS,0,0,0.0,0,0.0,0.0,0.0,0,0.0,0,7,7,92.0,1,15.2,22.2,,,77.0,231.0,31.221166666666665,10.0,Texas A&amp;M,2014.0,2014.0,TB,7.0,-3.0,0.4117647
2024,6,00-0031428,A.Robinson,WR,DET,DAL,0,0,0.0,0,0.0,0.0,0.0,0,0.0,0,1,0,0.0,0,0.0,0.0,,,74.0,220.0,31.21994444444444,10.0,Penn State,2014.0,2014.0,JAX,61.0,,0.037037037
2024,8,00-0031428,A.Robinson,WR,DET,TEN,0,0,0.0,0,0.0,0.0,0.0,0,0.0,0,1,0,0.0,0,0.0,0.0,,,74.0,220.0,31.21994444444444,10.0,Penn State,2014.0,2014.0,JAX,61.0,38.0,0.055555556
2024,9,00-0031428,A.Robinson,WR,DET,GB,0,0,0.0,0,0.0,0.0,0.0,0,0.0,0,1,1,2.0,0,0.2,1.2,,,74.0,220.0,31.21994444444444,10.0,Penn State,2014.0,2014.0,JAX,61.0,,0.05
2024,11,00-0031428,A.Robinson,WR,DET,JAX,0,0,0.0,0,0.0,0.0,0.0,0,0.0,0,2,1,7.0,0,0.7,1.7,,,74.0,220.0,31.21994444444444,10.0,Penn State,2014.0,2014.0,JAX,61.0,46.0,0.06451613
2024,15,00-0031428,A.Robinson,WR,DET,BUF,0,0,0.0,0,0.0,0.0,0.0,0,0.0,0,1,0,0.0,0,0.0,0.0,,,74.0,220.0,31.21994444444444,10.0,Penn State,2014.0,2014.0,JAX,61.0,-6.0,0.018518519
2024,17,00-0031428,A.Robinson,WR,DET,SF,0,0,0.0,0,0.0,0.0,0.0,0,0.0,0,1,1,21.0,0,2.1,3.1,,,74.0,220.0,31.21994444444444,10.0,Penn State,2014.0,2014.0,JAX,61.0,,0.030303031
2024,8,00-0031484,C.Manhertz,TE,NYG,PIT,0,0,0.0,0,0.0,0.0,0.0,0,0.0,0,1,0,0.0,0,0.0,0.0,,,78.0,255.0,32.57382352941176,9.0,Canisius,2015.0,2015.0,,,,0.027027028
2024,9,00-0031484,C.Manhertz,TE,NYG,WAS,0,0,0.0,0,0.0,0.0,0.0,0,0.0,0,1,1,2.0,1,6.2,7.2,,,78.0,255.0,32.57382352941176,9.0,Canisius,2015.0,2015.0,,,-5.0,0.03846154
2024,17,00-0031484,C.Manhertz,TE,NYG,IND,0,0,0.0,0,0.0,0.0,0.0,0,0.0,0,1,1,12.0,0,1.2,2.2,,,78.0,255.0,32.57382352941176,9.0,Canisius,2015.0,2015.0,,,12.0,0.045454547
2024,18,00-0031484,C.Manhertz,TE,NYG,PHI,0,0,0.0,0,0.0,0.0,0.0,0,0.0,0,1,1,16.0,0,1.6,2.6,,,78.0,255.0,32.57382352941176,9.0,Canisius,2015.0,2015.0,,,,0.035714287
2024,2,00-0031503,J.Winston,QB,CLE,JAX,0,0,0.0,0,0.0,0.0,0.0,2,4.0,0,0,0,0.0,0,0.4,0.4,,,76.0,231.0,30.83394117647059,9.0,Florida State,2015.0,2015.0,TB,1.0,,
2024,3,00-0031503,J.Winston,QB,CLE,NYG,0,0,0.0,0,0.0,0.0,0.0,2,1.0,0,0,0,0.0,0,0.1,0.1,,,76.0,231.0,30.83394117647059,9.0,Florida State,2015.0,2015.0,TB,1.0,-6.0,
2024,5,00-0031503,J.Winston,QB,CLE,WAS,1,1,16.0,0,0.0,0.0,-0.0,1,-3.0,0,0,0,0.0,0,0.34,0.34,,,76.0,231.0,30.83394117647059,9.0,Florida State,2015.0,2015.0,TB,1.0,,
2024,7,00-0031503,J.Winston,QB,CLE,CIN,5,11,67.0,1,0.0,1.0,2.0,0,0.0,0,0,0,0.0,0,8.68,8.68,,,76.0,231.0,30.83394117647059,9.0,Florida State,2015.0,2015.0,TB,1.0,-7.0,
2024,8,00-0031503,J.Winston,QB,CLE,BAL,27,41,334.0,3,0.0,2.0,13.0,2,2.0,0,0,0,0.0,0,23.56,23.56,,,76.0,231.0,30.83394117647059,9.0,Florida State,2015.0,2015.0,TB,1.0,5.0,
2024,9,00-0031503,J.Winston,QB,CLE,LAC,26,46,235.0,1,3.0,6.0,22.0,5,27.0,0,0,0,0.0,0,10.1,10.1,,,76.0,231.0,30.83394117647059,9.0,Florida State,2015.0,2015.0,TB,1.0,-17.0,
2024,11,00-0031503,J.Winston,QB,CLE,NO,30,46,395.0,2,0.0,3.0,18.0,1,8.0,0,0,0,0.0,0,26.6,26.6,,,76.0,231.0,30.83394117647059,9.0,Florida State,2015.0,2015.0,TB,1.0,,
2024,12,00-0031503,J.Winston,QB,CLE,PIT,18,27,219.0,0,1.0,1.0,-0.0,3,7.0,1,0,0,0.0,0,13.46,13.46,,,76.0,231.0,30.83394117647059,9.0,Florida State,2015.0,2015.0,TB,1.0,5.0,
2024,13,00-0031503,J.Winston,QB,CLE,DEN,34,58,497.0,4,3.0,3.0,22.0,3,11.0,0,0,0,0.0,0,32.98,32.98,,,76.0,231.0,30.83394117647059,9.0,Florida State,2015.0,2015.0,TB,1.0,,
2024,14,00-0031503,J.Winston,QB,CLE,PIT,24,41,212.0,2,2.0,3.0,16.0,4,28.0,0,0,0,0.0,0,15.28,15.28,,,76.0,231.0,30.83394117647059,9.0,Florida State,2015.0,2015.0,TB,1.0,,
2024,15,00-0031503,J.Winston,QB,CLE,KC,16,25,146.0,0,3.0,5.0,37.0,2,-2.0,0,0,0,0.0,0,-0.36,-0.36,,,76.0,231.0,30.83394117647059,9.0,Florida State,2015.0,2015.0,TB,1.0,-14.0,
2024,1,00-0031544,A.Cooper,WR,CLE,DAL,0,0,0.0,0,0.0,0.0,0.0,0,0.0,0,9,2,16.0,0,1.6,3.6,,,73.0,211.0,30.41935,9.0,Alabama,2015.0,2015.0,OAK,4.0,-16.0,0.20930232
2024,2,00-0031544,A.Cooper,WR,CLE,JAX,0,0,0.0,0,0.0,0.0,0.0,0,0.0,0,8,3,11.0,0,1.1,4.1,,,73.0,211.0,30.41935,9.0,Alabama,2015.0,2015.0,OAK,4.0,,0.24242425
2024,3,00-0031544,A.Cooper,WR,CLE,NYG,0,0,0.0,0,0.0,0.0,0.0,0,0.0,0,12,7,86.0,2,20.6,27.6,,,73.0,211.0,30.41935,9.0,Alabama,2015.0,2015.0,OAK,4.0,-6.0,0.34285715
2024,4,00-0031544,A.Cooper,WR,CLE,LV,0,0,0.0,0,0.0,0.0,0.0,0,0.0,0,8,4,35.0,0,3.5,7.5,,,73.0,211.0,30.41935,9.0,Alabama,2015.0,2015.0,OAK,4.0,,0.25
2024,5,00-0031544,A.Cooper,WR,CLE,WAS,0,0,0.0,0,0.0,0.0,0.0,0,0.0,0,10,4,60.0,0,6.0,10.0,,,73.0,211.0,30.41935,9.0,Alabama,2015.0,2015.0,OAK,4.0,,0.35714287
2024,6,00-0031544,A.Cooper,WR,CLE,PHI,0,0,0.0,0,0.0,0.0,0.0,0,0.0,0,6,4,42.0,0,4.2,8.2,,,73.0,211.0,30.41935,9.0,Alabama,2015.0,2015.0,OAK,4.0,,0.26086956
2024,7,00-0031544,A.Cooper,WR,BUF,TEN,0,0,0.0,0,0.0,0.0,0.0,0,0.0,0,5,4,66.0,1,12.6,16.6,,,73.0,211.0,30.41935,9.0,Alabama,2015.0,2015.0,OAK,4.0,24.0,0.15625
2024,8,00-0031544,A.Cooper,WR,BUF,SEA,0,0,0.0,0,0.0,0.0,0.0,0,0.0,0,2,1,3.0,0,0.3,1.3,,,73.0,211.0,30.41935,9.0,Alabama,2015.0,2015.0,OAK,4.0,,0.0625
2024,11,00-0031544,A.Cooper,WR,BUF,KC,0,0,0.0,0,0.0,0.0,0.0,0,0.0,0,3,2,55.0,0,5.5,7.5,,,73.0,211.0,30.41935,9.0,Alabama,2015.0,2015.0,OAK,4.0,9.0,0.078947365
2024,13,00-0031544,A.Cooper,WR,BUF,SF,0,0,0.0,0,0.0,0.0,0.0,0,0.0,0,3,3,12.0,0,1.2,4.2,,,73.0,211.0,30.41935,9.0,Alabama,2015.0,2015.0,OAK,4.0,25.0,0.16666667
2024,14,00-0031544,A.Cooper,WR,BUF,LA,0,0,0.0,0,0.0,0.0,0.0,0,0.0,0,14,6,95.0,0,9.5,15.5,,,73.0,211.0,30.41935,9.0,Alabama,2015.0,2015.0,OAK,4.0,,0.3783784
2024,16,00-0031544,A.Cooper,WR,BUF,NE,0,0,0.0,0,0.0,0.0,0.0,0,0.0,0,2,1,10.0,0,1.0,2.0,,,73.0,211.0,30.41935,9.0,Alabama,2015.0,2015.0,OAK,4.0,3.0,0.074074075
2024,17,00-0031544,A.Cooper,WR,BUF,NYJ,0,0,0.0,0,0.0,0.0,0.0,0,0.0,0,3,3,56.0,1,11.6,14.6,,,73.0,211.0,30.41935,9.0,Alabama,2015.0,2015.0,OAK,4.0,26.0,0.11111111
2024,19,00-0031544,A.Cooper,WR,BUF,DEN,0,0,0.0,0,0.0,0.0,0.0,0,0.0,0,3,2,8.0,0,0.8,2.8,,,73.0,211.0,30.41935,9.0,Alabama,2015.0,2015.0,OAK,4.0,24.0,0.12
2024,20,00-0031544,A.Cooper,WR,BUF,BAL,0,0,0.0,0,0.0,0.0,0.0,0,0.0,0,1,0,0.0,0,0.0,0.0,,,73.0,211.0,30.41935,9.0,Alabama,2015.0,2015.0,OAK,4.0,2.0,0.04761905
2024,21,00-0031544,A.Cooper,WR,BUF,KC,0,0,0.0,0,0.0,0.0,0.0,0,0.0,0,4,4,33.0,0,3.3,7.3,,,73.0,211.0,30.41935,9.0,Alabama,2015.0,2015.0,OAK,4.0,,0.12903225
2024,1,00-0031549,N.Agholor,WR,BAL,KC,0,0,0.0,0,0.0,0.0,0.0,0,0.0,0,1,1,6.0,0,0.6,1.6,,,72.0,198.0,31.470526315789478,9.0,Southern California,2015.0,2015.0,PHI,20.0,,0.025
2024,2,00-0031549,N.Agholor,WR,BAL,LV,0,0,0.0,0,0.0,0.0,0.0,0,0.0,0,3,1,13.0,0,1.3,2.3,,,72.0,198.0,31.470526315789478,9.0,Southern California,2015.0,2015.0,PHI,20.0,-3.0,0.09677419
2024,3,00-0031549,N.Agholor,WR,BAL,DAL,0,0,0.0,0,0.0,0.0,0.0,0,0.0,0,1,1,56.0,0,5.6,6.6,,,72.0,198.0,31.470526315789478,9.0,Southern California,2015.0,2015.0,PHI,20.0,,0.06666667
2024,4,00-0031549,N.Agholor,WR,BAL,BUF,0,0,0.0,0,0.0,0.0,0.0,0,0.0,0,3,2,10.0,0,1.0,3.0,,,72.0,198.0,31.470526315789478,9.0,Southern California,2015.0,2015.0,PHI,20.0,25.0,0.16666667
2024,5,00-0031549,N.Agholor,WR,BAL,CIN,0,0,0.0,0,0.0,0.0,0.0,0,0.0,0,4,1,4.0,0,0.4,1.4,,,72.0,198.0,31.470526315789478,9.0,Southern California,2015.0,2015.0,PHI,20.0,,0.09756097
2024,6,00-0031549,N.Agholor,WR,BAL,WAS,0,0,0.0,0,0.0,0.0,0.0,0,0.0,0,3,1,25.0,0,2.5,3.5,,,72.0,198.0,31.470526315789478,9.0,Southern California,2015.0,2015.0,PHI,20.0,7.0,0.12
2024,7,00-0031549,N.Agholor,WR,BAL,TB,0,0,0.0,0,0.0,0.0,0.0,0,0.0,0,2,1,20.0,0,2.0,3.0,,,72.0,198.0,31.470526315789478,9.0,Southern California,2015.0,2015.0,PHI,20.0,,0.0952381
2024,8,00-0031549,N.Agholor,WR,BAL,CLE,0,0,0.0,0,0.0,0.0,0.0,0,0.0,0,5,3,36.0,1,9.6,12.6,,,72.0,198.0,31.470526315789478,9.0,Southern California,2015.0,2015.0,PHI,20.0,,0.14285715
2024,9,00-0031549,N.Agholor,WR,BAL,DEN,0,0,0.0,0,0.0,0.0,0.0,0,0.0,0,1,1,29.0,0,2.9,3.9,,,72.0,198.0,31.470526315789478,9.0,Southern California,2015.0,2015.0,PHI,20.0,31.0,0.05263158
2024,10,00-0031549,N.Agholor,WR,BAL,CIN,0,0,0.0,0,0.0,0.0,0.0,0,0.0,0,2,1,6.0,1,6.6,7.6,,,72.0,198.0,31.470526315789478,9.0,Southern California,2015.0,2015.0,PHI,20.0,1.0,0.0625
2024,11,00-0031549,N.Agholor,WR,BAL,PIT,0,0,0.0,0,0.0,0.0,0.0,0,0.0,0,1,0,0.0,0,0.0,0.0,,,72.0,198.0,31.470526315789478,9.0,Southern California,2015.0,2015.0,PHI,20.0,,0.032258064
2024,13,00-0031549,N.Agholor,WR,BAL,PHI,0,0,0.0,0,0.0,0.0,0.0,0,0.0,0,2,0,0.0,0,0.0,0.0,,,72.0,198.0,31.470526315789478,9.0,Southern California,2015.0,2015.0,PHI,20.0,-5.0,0.057142857
2024,15,00-0031549,N.Agholor,WR,BAL,NYG,0,0,0.0,0,0.0,0.0,0.0,0,0.0,0,1,1,26.0,0,2.6,3.6,,,72.0,198.0,31.470526315789478,9.0,Southern California,2015.0,2015.0,PHI,20.0,,0.041666668
2024,19,00-0031549,N.Agholor,WR,BAL,PIT,0,0,0.0,0,0.0,0.0,0.0,0,0.0,0,1,1,25.0,0,2.5,3.5,,,72.0,198.0,31.470526315789478,9.0,Southern California,2015.0,2015.0,PHI,20.0,14.0,0.05263158
2024,20,00-0031549,N.Agholor,WR,BAL,BUF,0,0,0.0,0,0.0,0.0,0.0,0,0.0,0,1,0,0.0,0,0.0,0.0,,,72.0,198.0,31.470526315789478,9.0,Southern California,2015.0,2015.0,PHI,20.0,,0.04
2024,1,00-0031585,M.Pruitt,TE,PIT,ATL,0,0,0.0,0,0.0,0.0,0.0,0,0.0,0,2,1,9.0,0,0.9,1.9,,,74.0,243.0,32.63216666666667,9.0,Southern Illinois,2015.0,2015.0,MIN,143.0,,0.09090909
2024,8,00-0031585,M.Pruitt,TE,PIT,NYG,0,0,0.0,0,0.0,0.0,0.0,0,0.0,0,1,1,10.0,0,1.0,2.0,,,74.0,243.0,32.63216666666667,9.0,Southern Illinois,2015.0,2015.0,MIN,143.0,8.0,0.037037037
2024,10,00-0031585,M.Pruitt,TE,PIT,WAS,0,0,0.0,0,0.0,0.0,0.0,0,0.0,0,1,0,0.0,0,0.0,0.0,,,74.0,243.0,32.63216666666667,9.0,Southern Illinois,2015.0,2015.0,MIN,143.0,,0.03846154
2024,13,00-0031585,M.Pruitt,TE,PIT,CIN,0,0,0.0,0,0.0,0.0,0.0,0,0.0,0,3,2,21.0,0,2.1,4.1,,,74.0,243.0,32.63216666666667,9.0,Southern Illinois,2015.0,2015.0,MIN,143.0,,0.083333336
2024,14,00-0031585,M.Pruitt,TE,PIT,CLE,0,0,0.0,0,0.0,0.0,0.0,0,0.0,0,1,1,-1.0,0,-0.1,0.9,,,74.0,243.0,32.63216666666667,9.0,Southern Illinois,2015.0,2015.0,MIN,143.0,13.0,0.041666668
2024,16,00-0031585,M.Pruitt,TE,PIT,BAL,0,0,0.0,0,0.0,0.0,0.0,0,0.0,0,2,1,1.0,1,6.1,7.1,,,74.0,243.0,32.63216666666667,9.0,Southern Illinois,2015.0,2015.0,MIN,143.0,,0.07692308
2024,1,00-0031588,S.Diggs,WR,HOU,IND,0,0,0.0,0,0.0,0.0,0.0,1,6.0,0,6,6,33.0,2,15.9,21.9,,,72.0,191.0,30.95342105263158,9.0,Maryland,2015.0,2015.0,MIN,146.0,,0.19354838
2024,2,00-0031588,S.Diggs,WR,HOU,CHI,0,0,0.0,0,0.0,0.0,0.0,0,0.0,0,6,4,37.0,0,3.7,7.7,,,72.0,191.0,30.95342105263158,9.0,Maryland,2015.0,2015.0,MIN,146.0,6.0,0.1764706
2024,3,00-0031588,S.Diggs,WR,HOU,MIN,1,1,13.0,0,0.0,0.0,-0.0,0,0.0,0,12,10,94.0,0,9.92,19.92,,,72.0,191.0,30.95342105263158,9.0,Maryland,2015.0,2015.0,MIN,146.0,,0.27906978
2024,4,00-0031588,S.Diggs,WR,HOU,JAX,0,0,0.0,0,0.0,0.0,0.0,1,6.0,1,9,5,69.0,0,13.5,18.5,,,72.0,191.0,30.95342105263158,9.0,Maryland,2015.0,2015.0,MIN,146.0,4.0,0.23076923
2024,5,00-0031588,S.Diggs,WR,HOU,BUF,0,0,0.0,0,0.0,0.0,0.0,0,0.0,0,8,6,82.0,0,8.2,14.2,,,72.0,191.0,30.95342105263158,9.0,Maryland,2015.0,2015.0,MIN,146.0,3.0,0.22857143
2024,6,00-0031588,S.Diggs,WR,HOU,NE,0,0,0.0,0,0.0,0.0,0.0,0,0.0,0,7,6,77.0,1,13.7,19.7,,,72.0,191.0,30.95342105263158,9.0,Maryland,2015.0,2015.0,MIN,146.0,,0.22580644
2024,7,00-0031588,S.Diggs,WR,HOU,GB,0,0,0.0,0,0.0,0.0,0.0,0,0.0,0,7,5,23.0,0,2.3,7.3,,,72.0,191.0,30.95342105263158,9.0,Maryland,2015.0,2015.0,MIN,146.0,,0.36842105
2024,8,00-0031588,S.Diggs,WR,HOU,IND,0,0,0.0,0,0.0,0.0,0.0,1,-4.0,0,9,5,81.0,0,7.7,12.7,,,72.0,191.0,30.95342105263158,9.0,Maryland,2015.0,2015.0,MIN,146.0,3.0,0.25
2024,1,00-0031595,M.Burton,FB,DEN,SEA,0,0,0.0,0,0.0,0.0,0.0,0,0.0,0,1,1,3.0,0,0.3,1.3,,,71.0,240.0,32.76961111111111,9.0,Rutgers,2015.0,2015.0,DET,168.0,,0.023809524
2024,2,00-0031595,M.Burton,FB,DEN,PIT,0,0,0.0,0,0.0,0.0,0.0,0,0.0,0,1,1,1.0,0,0.1,1.1,,,71.0,240.0,32.76961111111111,9.0,Rutgers,2015.0,2015.0,DET,168.0,-7.0,0.030303031
2024,4,00-0031595,M.Burton,FB,DEN,NYJ,0,0,0.0,0,0.0,0.0,0.0,0,0.0,0,1,1,3.0,0,0.3,1.3,,,71.0,240.0,32.76961111111111,9.0,Rutgers,2015.0,2015.0,DET,168.0,,0.04
2024,5,00-0031595,M.Burton,FB,DEN,LV,0,0,0.0,0,0.0,0.0,0.0,0,0.0,0,1,1,5.0,0,0.5,1.5,,,71.0,240.0,32.76961111111111,9.0,Rutgers,2015.0,2015.0,DET,168.0,16.0,0.03846154
2024,8,00-0031595,M.Burton,FB,DEN,CAR,0,0,0.0,0,0.0,0.0,0.0,0,0.0,0,1,1,28.0,0,2.8,3.8,,,71.0,240.0,32.76961111111111,9.0,Rutgers,2015.0,2015.0,DET,168.0,14.0,0.02631579
2024,9,00-0031595,M.Burton,FB,DEN,BAL,0,0,0.0,0,0.0,0.0,0.0,2,-1.0,0,0,0,0.0,0,-0.1,-0.1,,,71.0,240.0,32.76961111111111,9.0,Rutgers,2015.0,2015.0,DET,168.0,,
2024,11,00-0031595,M.Burton,FB,DEN,ATL,0,0,0.0,0,0.0,0.0,0.0,2,2.0,0,1,1,-2.0,0,0.0,1.0,,,71.0,240.0,32.76961111111111,9.0,Rutgers,2015.0,2015.0,DET,168.0,32.0,0.03125
2024,12,00-0031595,M.Burton,FB,DEN,LV,0,0,0.0,0,0.0,0.0,0.0,1,3.0,0,1,1,8.0,0,1.1,2.1,,,71.0,240.0,32.76961111111111,9.0,Rutgers,2015.0,2015.0,DET,168.0,,0.025641026
2024,13,00-0031595,M.Burton,FB,DEN,CLE,0,0,0.0,0,0.0,0.0,0.0,1,1.0,1,0,0,0.0,0,6.1,6.1,,,71.0,240.0,32.76961111111111,9.0,Rutgers,2015.0,2015.0,DET,168.0,9.0,
2024,16,00-0031595,M.Burton,FB,DEN,LAC,0,0,0.0,0,0.0,0.0,0.0,0,0.0,0,3,3,19.0,1,7.9,10.9,,,71.0,240.0,32.76961111111111,9.0,Rutgers,2015.0,2015.0,DET,168.0,,0.07692308
2024,18,00-0031595,M.Burton,FB,DEN,KC,0,0,0.0,0,0.0,0.0,0.0,1,3.0,0,0,0,0.0,0,0.3,0.3,,,71.0,240.0,32.76961111111111,9.0,Rutgers,2015.0,2015.0,DET,168.0,38.0,
2024,1,00-0031687,R.Mostert,RB,MIA,JAX,0,0,0.0,0,0.0,0.0,0.0,6,9.0,0,3,2,10.0,0,1.9,3.9,,,70.0,197.0,32.58223529411765,9.0,Purdue,2015.0,2015.0,,,3.0,0.083333336
2024,5,00-0031687,R.Mostert,RB,MIA,NE,0,0,0.0,0,0.0,0.0,0.0,19,80.0,0,2,2,18.0,0,9.8,11.8,,,70.0,197.0,32.58223529411765,9.0,Purdue,2015.0,2015.0,,,,0.06451613
2024,7,00-0031687,R.Mostert,RB,MIA,IND,0,0,0.0,0,0.0,0.0,0.0,11,50.0,0,0,0,0.0,0,3.0,3.0,,,70.0,197.0,32.58223529411765,9.0,Purdue,2015.0,2015.0,,,,
2024,8,00-0031687,R.Mostert,RB,MIA,ARI,0,0,0.0,0,0.0,0.0,0.0,9,19.0,2,2,1,11.0,0,15.0,16.0,,,70.0,197.0,32.58223529411765,9.0,Purdue,2015.0,2015.0,,,-1.0,0.05263158
2024,9,00-0031687,R.Mostert,RB,MIA,BUF,0,0,0.0,0,0.0,0.0,0.0,10,56.0,0,2,2,32.0,0,6.8,8.8,,,70.0,197.0,32.58223529411765,9.0,Purdue,2015.0,2015.0,,,,0.074074075
2024,10,00-0031687,R.Mostert,RB,MIA,LA,0,0,0.0,0,0.0,0.0,0.0,0,0.0,0,3,2,34.0,0,3.4,5.4,,,70.0,197.0,32.58223529411765,9.0,Purdue,2015.0,2015.0,,,,0.10714286
2024,11,00-0031687,R.Mostert,RB,MIA,LV,0,0,0.0,0,0.0,0.0,0.0,3,-2.0,0,0,0,0.0,0,-0.2,-0.2,,,70.0,197.0,32.58223529411765,9.0,Purdue,2015.0,2015.0,,,15.0,
2024,12,00-0031687,R.Mostert,RB,MIA,NE,0,0,0.0,0,0.0,0.0,0.0,2,5.0,0,1,1,-3.0,0,0.2,1.2,,,70.0,197.0,32.58223529411765,9.0,Purdue,2015.0,2015.0,,,19.0,0.025
2024,13,00-0031687,R.Mostert,RB,MIA,GB,0,0,0.0,0,0.0,0.0,0.0,5,19.0,0,3,2,15.0,0,3.4,5.4,,,70.0,197.0,32.58223529411765,9.0,Purdue,2015.0,2015.0,,,,0.06521739
2024,15,00-0031687,R.Mostert,RB,MIA,HOU,0,0,0.0,0,0.0,0.0,0.0,6,8.0,0,3,3,13.0,0,2.1,5.1,,,70.0,197.0,32.58223529411765,9.0,Purdue,2015.0,2015.0,,,,0.07692308
2024,16,00-0031687,R.Mostert,RB,MIA,SF,0,0,0.0,0,0.0,0.0,0.0,8,31.0,0,2,2,15.0,0,4.6,6.6,,,70.0,197.0,32.58223529411765,9.0,Purdue,2015.0,2015.0,,,12.0,0.06451613
2024,17,00-0031687,R.Mostert,RB,MIA,CLE,0,0,0.0,0,0.0,0.0,0.0,6,3.0,0,2,2,16.0,0,1.9,3.9,,,70.0,197.0,32.58223529411765,9.0,Purdue,2015.0,2015.0,,,,0.083333336
2024,2,00-0031690,E.Tomlinson,TE,LAC,CAR,0,0,0.0,0,0.0,0.0,0.0,0,0.0,0,1,0,0.0,0,0.0,0.0,,,78.0,263.0,32.557944444444445,9.0,Texas-El Paso,2015.0,2015.0,,,,0.05263158
2024,7,00-0031690,E.Tomlinson,TE,LAC,ARI,0,0,0.0,0,0.0,0.0,0.0,0,0.0,0,1,1,7.0,0,0.7,1.7,,,78.0,263.0,32.557944444444445,9.0,Texas-El Paso,2015.0,2015.0,,,,0.027027028
2024,8,00-0031690,E.Tomlinson,TE,LAC,NO,0,0,0.0,0,0.0,0.0,0.0,0,0.0,0,1,0,0.0,0,0.0,0.0,,,78.0,263.0,32.557944444444445,9.0,Texas-El Paso,2015.0,2015.0,,,18.0,0.033333335
2024,9,00-0031690,E.Tomlinson,TE,LAC,CLE,0,0,0.0,0,0.0,0.0,0.0,0,0.0,0,1,1,2.0,0,0.2,1.2,,,78.0,263.0,32.557944444444445,9.0,Texas-El Paso,2015.0,2015.0,,,,0.03846154
2024,1,00-0031763,D.Carter,WR,CHI,TEN,0,0,0.0,0,0.0,0.0,0.0,0,0.0,0,2,1,6.0,0,0.6,1.6,,,68.0,190.0,31.579058823529415,9.0,Sacramento State,2015.0,2015.0,,,7.0,0.06896552
2024,2,00-0031763,D.Carter,WR,CHI,HOU,0,0,0.0,0,0.0,0.0,0.0,0,0.0,0,4,3,32.0,0,3.2,6.2,,,68.0,190.0,31.579058823529415,9.0,Sacramento State,2015.0,2015.0,,,,0.11764706
2024,3,00-0031763,D.Carter,WR,CHI,IND,0,0,0.0,0,0.0,0.0,0.0,0,0.0,0,6,3,22.0,0,2.2,5.2,,,68.0,190.0,31.579058823529415,9.0,Sacramento State,2015.0,2015.0,,,,0.125
2024,8,00-0031763,D.Carter,WR,CHI,WAS,0,0,0.0,0,0.0,0.0,0.0,0,0.0,0,1,1,7.0,0,0.7,1.7,,,68.0,190.0,31.579058823529415,9.0,Sacramento State,2015.0,2015.0,,,,0.04761905
2024,10,00-0031763,D.Carter,WR,CHI,NE,0,0,0.0,0,0.0,0.0,0.0,0,0.0,0,1,1,5.0,0,0.5,1.5,,,68.0,190.0,31.579058823529415,9.0,Sacramento State,2015.0,2015.0,,,-16.0,0.03846154
2024,3,00-0031800,T.Heinicke,QB,LAC,PIT,2,2,24.0,0,0.0,3.0,28.0,0,0.0,0,0,0,0.0,0,0.96,0.96,,,73.0,210.0,31.662666666666667,9.0,Old Dominion,2015.0,2015.0,,,,
2024,14,00-0031800,T.Heinicke,QB,LAC,KC,0,0,0.0,0,0.0,0.0,0.0,1,12.0,0,0,0,0.0,0,1.2,1.2,,,73.0,210.0,31.662666666666667,9.0,Old Dominion,2015.0,2015.0,,,,
2024,15,00-0031800,T.Heinicke,QB,LAC,TB,1,1,4.0,0,0.0,0.0,-0.0,0,0.0,0,0,0,0.0,0,0.16,0.16,,,73.0,210.0,31.662666666666667,9.0,Old Dominion,2015.0,2015.0,,,-23.0,
2024,17,00-0031800,T.Heinicke,QB,LAC,NE,0,2,0.0,0,0.0,0.0,-0.0,1,8.0,0,0,0,0.0,0,0.8,0.8,,,73.0,210.0,31.662666666666667,9.0,Old Dominion,2015.0,2015.0,,,,
2024,1,00-0031941,J.Crowder,WR,WAS,TB,0,0,0.0,0,0.0,0.0,0.0,0,0.0,0,1,1,5.0,0,0.5,1.5,,,69.0,177.0,31.41625,9.0,Duke,2015.0,2015.0,WAS,105.0,,0.041666668
2024,15,00-0031941,J.Crowder,WR,WAS,NO,0,0,0.0,0,0.0,0.0,0.0,0,0.0,0,3,3,27.0,0,2.7,5.7,,,69.0,177.0,31.41625,9.0,Duke,2015.0,2015.0,WAS,105.0,,0.09677419
2024,16,00-0031941,J.Crowder,WR,WAS,PHI,0,0,0.0,0,0.0,0.0,0.0,0,0.0,0,4,2,15.0,2,13.5,15.5,,,69.0,177.0,31.41625,9.0,Duke,2015.0,2015.0,WAS,105.0,3.0,0.11111111
2024,17,00-0031941,J.Crowder,WR,WAS,ATL,0,0,0.0,0,0.0,0.0,0.0,0,0.0,0,5,3,25.0,0,2.5,5.5,,,69.0,177.0,31.41625,9.0,Duke,2015.0,2015.0,WAS,105.0,6.0,0.14285715
2024,20,00-0031941,J.Crowder,WR,WAS,DET,0,0,0.0,0,0.0,0.0,0.0,0,0.0,0,2,2,25.0,0,2.5,4.5,,,69.0,177.0,31.41625,9.0,Duke,2015.0,2015.0,WAS,105.0,,0.06896552
2024,21,00-0031941,J.Crowder,WR,WAS,PHI,0,0,0.0,0,0.0,0.0,0.0,0,0.0,0,3,1,4.0,0,0.4,1.4,,,69.0,177.0,31.41625,9.0,Duke,2015.0,2015.0,WAS,105.0,,0.06382979
2024,2,00-0032104,A.Abdullah,RB,LV,BAL,0,0,0.0,0,0.0,0.0,0.0,2,1.0,0,2,2,1.0,0,0.2,2.2,,,69.0,203.0,31.401117647058822,9.0,Nebraska,2015.0,2015.0,DET,54.0,,0.055555556
2024,3,00-0032104,A.Abdullah,RB,LV,CAR,0,0,0.0,0,0.0,0.0,0.0,0,0.0,0,2,2,13.0,0,1.3,3.3,,,69.0,203.0,31.401117647058822,9.0,Nebraska,2015.0,2015.0,DET,54.0,-14.0,0.051282052
2024,5,00-0032104,A.Abdullah,RB,LV,DEN,0,0,0.0,0,0.0,0.0,0.0,5,42.0,1,3,3,9.0,0,11.1,14.1,,,69.0,203.0,31.401117647058822,9.0,Nebraska,2015.0,2015.0,DET,54.0,,0.083333336
2024,6,00-0032104,A.Abdullah,RB,LV,PIT,0,0,0.0,0,0.0,0.0,0.0,4,24.0,0,5,3,14.0,0,1.8,4.8,,,69.0,203.0,31.401117647058822,9.0,Nebraska,2015.0,2015.0,DET,54.0,-19.0,0.13513513
2024,8,00-0032104,A.Abdullah,RB,LV,KC,0,0,0.0,0,0.0,0.0,0.0,1,2.0,0,2,1,9.0,0,1.1,2.1,,,69.0,203.0,31.401117647058822,9.0,Nebraska,2015.0,2015.0,DET,54.0,-7.0,0.074074075
2024,9,00-0032104,A.Abdullah,RB,LV,CIN,0,0,0.0,0,0.0,0.0,0.0,4,12.0,0,3,3,14.0,0,2.6,5.6,,,69.0,203.0,31.401117647058822,9.0,Nebraska,2015.0,2015.0,DET,54.0,,0.09375
2024,11,00-0032104,A.Abdullah,RB,LV,MIA,0,0,0.0,0,0.0,0.0,0.0,1,1.0,0,3,3,16.0,1,7.7,10.7,,,69.0,203.0,31.401117647058822,9.0,Nebraska,2015.0,2015.0,DET,54.0,,0.07692308
2024,12,00-0032104,A.Abdullah,RB,LV,DEN,0,0,0.0,0,0.0,0.0,0.0,8,28.0,0,6,5,37.0,1,12.5,17.5,,,69.0,203.0,31.401117647058822,9.0,Nebraska,2015.0,2015.0,DET,54.0,-10.0,0.13043478
2024,13,00-0032104,A.Abdullah,RB,LV,KC,0,0,0.0,0,0.0,0.0,0.0,10,39.0,0,2,2,14.0,0,5.3,7.3,,,69.0,203.0,31.401117647058822,9.0,Nebraska,2015.0,2015.0,DET,54.0,,0.05882353
2024,14,00-0032104,A.Abdullah,RB,LV,TB,0,0,0.0,0,0.0,0.0,0.0,1,1.0,0,2,1,-3.0,0,-0.2,0.8,,,69.0,203.0,31.401117647058822,9.0,Nebraska,2015.0,2015.0,DET,54.0,,0.057142857
2024,15,00-0032104,A.Abdullah,RB,LV,ATL,0,0,0.0,0,0.0,0.0,0.0,3,8.0,0,7,7,58.0,1,12.6,19.6,,,69.0,203.0,31.401117647058822,9.0,Nebraska,2015.0,2015.0,DET,54.0,-6.0,0.20588236
2024,16,00-0032104,A.Abdullah,RB,LV,JAX,0,0,0.0,0,0.0,0.0,0.0,7,38.0,1,6,5,47.0,0,14.5,19.5,,,69.0,203.0,31.401117647058822,9.0,Nebraska,2015.0,2015.0,DET,54.0,5.0,0.16216215
2024,17,00-0032104,A.Abdullah,RB,LV,NO,0,0,0.0,0,0.0,0.0,0.0,20,115.0,0,4,3,32.0,0,14.7,17.7,,,69.0,203.0,31.401117647058822,9.0,Nebraska,2015.0,2015.0,DET,54.0,,0.114285715
2024,2,00-0032128,C.Conley,WR,SF,MIN,0,0,0.0,0,0.0,0.0,0.0,0,0.0,0,1,1,4.0,0,0.4,1.4,,,75.0,205.0,32.034058823529406,9.0,Georgia,2015.0,2015.0,KC,76.0,,0.027777778
2024,4,00-0032128,C.Conley,WR,SF,NE,0,0,0.0,0,0.0,0.0,0.0,0,0.0,0,2,0,0.0,0,0.0,0.0,,,75.0,205.0,32.034058823529406,9.0,Georgia,2015.0,2015.0,KC,76.0,17.0,0.07692308
2024,7,00-0032128,C.Conley,WR,SF,KC,0,0,0.0,0,0.0,0.0,0.0,0,0.0,0,2,0,0.0,0,0.0,0.0,,,75.0,205.0,32.034058823529406,9.0,Georgia,2015.0,2015.0,KC,76.0,-10.0,0.06451613
2024,8,00-0032128,C.Conley,WR,SF,DAL,0,0,0.0,0,0.0,0.0,0.0,0,0.0,0,1,0,0.0,0,0.0,0.0,,,75.0,205.0,32.034058823529406,9.0,Georgia,2015.0,2015.0,KC,76.0,6.0,0.04
2024,12,00-0032128,C.Conley,WR,SF,GB,0,0,0.0,0,0.0,0.0,0.0,0,0.0,0,1,0,0.0,0,0.0,0.0,,,75.0,205.0,32.034058823529406,9.0,Georgia,2015.0,2015.0,KC,76.0,,0.03846154
2024,17,00-0032128,C.Conley,WR,SF,DET,0,0,0.0,0,0.0,0.0,0.0,0,0.0,0,1,1,13.0,0,1.3,2.3,,,75.0,205.0,32.034058823529406,9.0,Georgia,2015.0,2015.0,KC,76.0,-6.0,0.027777778
2024,18,00-0032128,C.Conley,WR,SF,ARI,0,0,0.0,0,0.0,0.0,0.0,0,0.0,0,4,4,59.0,0,5.9,9.9,,,75.0,205.0,32.034058823529406,9.0,Georgia,2015.0,2015.0,KC,76.0,,0.0952381
2024,8,00-0032141,G.Swaim,TE,CLE,BAL,0,0,0.0,0,0.0,0.0,0.0,0,0.0,0,1,1,7.0,0,0.7,1.7,,,76.0,260.0,31.150625,9.0,Texas,2015.0,2015.0,DAL,246.0,5.0,0.024390243
2024,1,00-0032211,T.Lockett,WR,SEA,DEN,0,0,0.0,0,0.0,0.0,0.0,0,0.0,0,7,6,77.0,0,7.7,13.7,,,70.0,182.0,32.106764705882355,9.0,Kansas State,2015.0,2015.0,SEA,69.0,6.0,0.28
2024,2,00-0032211,T.Lockett,WR,SEA,NE,0,0,0.0,0,0.0,0.0,0.0,0,0.0,0,2,2,15.0,0,1.5,3.5,,,70.0,182.0,32.106764705882355,9.0,Kansas State,2015.0,2015.0,SEA,69.0,,0.046511628
2024,3,00-0032211,T.Lockett,WR,SEA,MIA,0,0,0.0,0,0.0,0.0,0.0,0,0.0,0,8,5,46.0,0,4.6,9.6,,,70.0,182.0,32.106764705882355,9.0,Kansas State,2015.0,2015.0,SEA,69.0,21.0,0.24242425
2024,4,00-0032211,T.Lockett,WR,SEA,DET,0,0,0.0,0,0.0,0.0,0.0,0,0.0,0,9,5,61.0,0,6.1,11.1,,,70.0,182.0,32.106764705882355,9.0,Kansas State,2015.0,2015.0,SEA,69.0,,0.16981132
2024,5,00-0032211,T.Lockett,WR,SEA,NYG,0,0,0.0,0,0.0,0.0,0.0,0,0.0,0,6,4,75.0,0,7.5,11.5,,,70.0,182.0,32.106764705882355,9.0,Kansas State,2015.0,2015.0,SEA,69.0,-9.0,0.15384616
2024,6,00-0032211,T.Lockett,WR,SEA,SF,0,0,0.0,0,0.0,0.0,0.0,0,0.0,0,8,4,65.0,1,12.5,16.5,,,70.0,182.0,32.106764705882355,9.0,Kansas State,2015.0,2015.0,SEA,69.0,-12.0,0.16666667
2024,7,00-0032211,T.Lockett,WR,SEA,ATL,0,0,0.0,0,0.0,0.0,0.0,0,0.0,0,6,4,45.0,0,4.5,8.5,,,70.0,182.0,32.106764705882355,9.0,Kansas State,2015.0,2015.0,SEA,69.0,,0.21428572
2024,8,00-0032211,T.Lockett,WR,SEA,BUF,0,0,0.0,0,0.0,0.0,0.0,0,0.0,0,3,1,9.0,0,0.9,1.9,,,70.0,182.0,32.106764705882355,9.0,Kansas State,2015.0,2015.0,SEA,69.0,-21.0,0.11111111
2024,9,00-0032211,T.Lockett,WR,SEA,LA,0,0,0.0,0,0.0,0.0,0.0,0,0.0,0,4,3,63.0,1,12.3,15.3,,,70.0,182.0,32.106764705882355,9.0,Kansas State,2015.0,2015.0,SEA,69.0,-6.0,0.11764706
2024,11,00-0032211,T.Lockett,WR,SEA,SF,0,0,0.0,0,0.0,0.0,0.0,0,0.0,0,3,2,19.0,0,1.9,3.9,,,70.0,182.0,32.106764705882355,9.0,Kansas State,2015.0,2015.0,SEA,69.0,,0.09677419
2024,12,00-0032211,T.Lockett,WR,SEA,ARI,0,0,0.0,0,0.0,0.0,0.0,0,0.0,0,3,2,20.0,0,2.0,4.0,,,70.0,182.0,32.106764705882355,9.0,Kansas State,2015.0,2015.0,SEA,69.0,10.0,0.10714286
2024,13,00-0032211,T.Lockett,WR,SEA,NYJ,0,0,0.0,0,0.0,0.0,0.0,0,0.0,0,3,3,16.0,0,1.6,4.6,,,70.0,182.0,32.106764705882355,9.0,Kansas State,2015.0,2015.0,SEA,69.0,,0.10344828
2024,14,00-0032211,T.Lockett,WR,SEA,ARI,0,0,0.0,0,0.0,0.0,0.0,0,0.0,0,1,0,0.0,0,0.0,0.0,,,70.0,182.0,32.106764705882355,9.0,Kansas State,2015.0,2015.0,SEA,69.0,,0.03448276
2024,15,00-0032211,T.Lockett,WR,SEA,GB,0,0,0.0,0,0.0,0.0,0.0,0,0.0,0,1,1,22.0,0,2.2,3.2,,,70.0,182.0,32.106764705882355,9.0,Kansas State,2015.0,2015.0,SEA,69.0,-17.0,0.032258064
2024,16,00-0032211,T.Lockett,WR,SEA,MIN,0,0,0.0,0,0.0,0.0,0.0,0,0.0,0,2,2,19.0,0,1.9,3.9,,,70.0,182.0,32.106764705882355,9.0,Kansas State,2015.0,2015.0,SEA,69.0,-3.0,0.04761905
2024,17,00-0032211,T.Lockett,WR,SEA,CHI,0,0,0.0,0,0.0,0.0,0.0,0,0.0,0,4,3,20.0,0,2.0,5.0,,,70.0,182.0,32.106764705882355,9.0,Kansas State,2015.0,2015.0,SEA,69.0,,0.18181819
2024,18,00-0032211,T.Lockett,WR,SEA,LA,0,0,0.0,0,0.0,0.0,0.0,0,0.0,0,4,2,28.0,0,2.8,4.8,,,70.0,182.0,32.106764705882355,9.0,Kansas State,2015.0,2015.0,SEA,69.0,,0.14814815
2024,5,00-0032268,M.Mariota,QB,WAS,CLE,1,3,-2.0,0,0.0,0.0,-0.0,2,2.0,0,0,0,0.0,0,0.12,0.12,,,76.0,222.0,31.04665,9.0,Oregon,2015.0,2015.0,TEN,2.0,21.0,
2024,7,00-0032268,M.Mariota,QB,WAS,CAR,18,23,205.0,2,0.0,1.0,4.0,11,34.0,0,0,0,0.0,0,19.6,19.6,,,76.0,222.0,31.04665,9.0,Oregon,2015.0,2015.0,TEN,2.0,33.0,
2024,18,00-0032268,M.Mariota,QB,WAS,DAL,15,18,161.0,2,0.0,2.0,25.0,5,56.0,1,0,0,0.0,0,26.04,26.04,,,76.0,222.0,31.04665,9.0,Oregon,2015.0,2015.0,TEN,2.0,,
2024,19,00-0032268,M.Mariota,QB,WAS,TB,0,0,0.0,0,0.0,0.0,0.0,1,2.0,0,0,0,0.0,0,0.2,0.2,,,76.0,222.0,31.04665,9.0,Oregon,2015.0,2015.0,TEN,2.0,,
2024,20,00-0032268,M.Mariota,QB,WAS,DET,0,0,0.0,0,0.0,0.0,0.0,1,-1.0,0,0,0,0.0,0,-0.1,-0.1,,,76.0,222.0,31.04665,9.0,Oregon,2015.0,2015.0,TEN,2.0,,
2024,6,00-0032381,T.Decker,T,DET,DAL,0,0,0.0,0,0.0,0.0,0.0,0,0.0,0,1,0,0.0,0,0.0,0.0,,,79.0,318.0,31.222555555555555,8.0,Ohio State,2016.0,2016.0,DET,16.0,,0.037037037
2024,4,00-0032385,S.Shepard,WR,TB,PHI,0,0,0.0,0,0.0,0.0,0.0,0,0.0,0,5,3,51.0,0,5.1,8.1,,,70.0,201.0,31.746888888888886,8.0,Oklahoma,2016.0,2016.0,NYG,40.0,17.0,0.10638298
2024,5,00-0032385,S.Shepard,WR,TB,ATL,0,0,0.0,0,0.0,0.0,0.0,0,0.0,0,2,1,4.0,1,6.4,7.4,,,70.0,201.0,31.746888888888886,8.0,Oklahoma,2016.0,2016.0,NYG,40.0,,0.083333336
2024,6,00-0032385,S.Shepard,WR,TB,NO,0,0,0.0,0,0.0,0.0,0.0,4,31.0,0,4,3,23.0,0,5.4,8.4,,,70.0,201.0,31.746888888888886,8.0,Oklahoma,2016.0,2016.0,NYG,40.0,,0.11111111
2024,7,00-0032385,S.Shepard,WR,TB,BAL,0,0,0.0,0,0.0,0.0,0.0,0,0.0,0,1,1,15.0,0,3.5,4.5,,,70.0,201.0,31.746888888888886,8.0,Oklahoma,2016.0,2016.0,NYG,40.0,-10.0,0.022222223
2024,8,00-0032385,S.Shepard,WR,TB,ATL,0,0,0.0,0,0.0,0.0,0.0,0,0.0,0,5,3,18.0,0,1.8,4.8,,,70.0,201.0,31.746888888888886,8.0,Oklahoma,2016.0,2016.0,NYG,40.0,-5.0,0.10869565
2024,9,00-0032385,S.Shepard,WR,TB,KC,0,0,0.0,0,0.0,0.0,0.0,2,21.0,0,5,4,48.0,0,6.9,10.9,,,70.0,201.0,31.746888888888886,8.0,Oklahoma,2016.0,2016.0,NYG,40.0,,0.16129032
2024,10,00-0032385,S.Shepard,WR,TB,SF,0,0,0.0,0,0.0,0.0,0.0,1,3.0,0,3,1,7.0,0,1.0,2.0,,,70.0,201.0,31.746888888888886,8.0,Oklahoma,2016.0,2016.0,NYG,40.0,-3.0,0.10344828
2024,12,00-0032385,S.Shepard,WR,TB,NYG,0,0,0.0,0,0.0,0.0,0.0,0,0.0,0,7,5,16.0,0,1.6,6.6,,,70.0,201.0,31.746888888888886,8.0,Oklahoma,2016.0,2016.0,NYG,40.0,,0.23333333
2024,13,00-0032385,S.Shepard,WR,TB,CAR,0,0,0.0,0,0.0,0.0,0.0,0,0.0,0,7,4,42.0,0,4.2,8.2,,,70.0,201.0,31.746888888888886,8.0,Oklahoma,2016.0,2016.0,NYG,40.0,,0.20588236
2024,14,00-0032385,S.Shepard,WR,TB,LV,0,0,0.0,0,0.0,0.0,0.0,0,0.0,0,6,4,63.0,0,6.3,10.3,,,70.0,201.0,31.746888888888886,8.0,Oklahoma,2016.0,2016.0,NYG,40.0,15.0,0.21428572
2024,15,00-0032385,S.Shepard,WR,TB,LAC,0,0,0.0,0,0.0,0.0,0.0,0,0.0,0,1,1,16.0,0,1.6,2.6,,,70.0,201.0,31.746888888888886,8.0,Oklahoma,2016.0,2016.0,NYG,40.0,,0.03846154
2024,16,00-0032385,S.Shepard,WR,TB,DAL,0,0,0.0,0,0.0,0.0,0.0,1,14.0,0,3,1,20.0,0,3.4,4.4,,,70.0,201.0,31.746888888888886,8.0,Oklahoma,2016.0,2016.0,NYG,40.0,,0.069767445
2024,18,00-0032385,S.Shepard,WR,TB,NO,0,0,0.0,0,0.0,0.0,0.0,0,0.0,0,2,1,11.0,0,1.1,2.1,,,70.0,201.0,31.746888888888886,8.0,Oklahoma,2016.0,2016.0,NYG,40.0,8.0,0.06451613
2024,1,00-0032392,A.Hooper,TE,NE,CIN,0,0,0.0,0,0.0,0.0,0.0,0,0.0,0,4,2,31.0,0,3.1,5.1,,,76.0,254.0,30.019,8.0,Stanford,2016.0,2016.0,ATL,81.0,,0.17391305
2024,2,00-0032392,A.Hooper,TE,NE,SEA,0,0,0.0,0,0.0,0.0,0.0,0,0.0,0,1,1,5.0,0,0.5,1.5,,,76.0,254.0,30.019,8.0,Stanford,2016.0,2016.0,ATL,81.0,-3.0,0.041666668
2024,3,00-0032392,A.Hooper,TE,NE,NYJ,0,0,0.0,0,0.0,0.0,0.0,0,0.0,0,4,1,19.0,0,1.9,2.9,,,76.0,254.0,30.019,8.0,Stanford,2016.0,2016.0,ATL,81.0,,0.16666667
2024,4,00-0032392,A.Hooper,TE,NE,SF,0,0,0.0,0,0.0,0.0,0.0,0,0.0,0,2,2,13.0,1,7.3,9.3,,,76.0,254.0,30.019,8.0,Stanford,2016.0,2016.0,ATL,81.0,,0.0625
2024,5,00-0032392,A.Hooper,TE,NE,MIA,0,0,0.0,0,0.0,0.0,0.0,0,0.0,0,3,1,9.0,0,0.9,1.9,,,76.0,254.0,30.019,8.0,Stanford,2016.0,2016.0,ATL,81.0,-5.0,0.1
2024,6,00-0032392,A.Hooper,TE,NE,HOU,0,0,0.0,0,0.0,0.0,0.0,0,0.0,0,2,1,5.0,0,-1.5,-0.5,,,76.0,254.0,30.019,8.0,Stanford,2016.0,2016.0,ATL,81.0,-20.0,0.06451613
2024,7,00-0032392,A.Hooper,TE,NE,JAX,0,0,0.0,0,0.0,0.0,0.0,0,0.0,0,5,4,32.0,0,3.2,7.2,,,76.0,254.0,30.019,8.0,Stanford,2016.0,2016.0,ATL,81.0,,0.1388889
2024,8,00-0032392,A.Hooper,TE,NE,NYJ,0,0,0.0,0,0.0,0.0,0.0,0,0.0,0,4,3,15.0,0,1.5,4.5,,,76.0,254.0,30.019,8.0,Stanford,2016.0,2016.0,ATL,81.0,3.0,0.13793103
2024,9,00-0032392,A.Hooper,TE,NE,TEN,0,0,0.0,0,0.0,0.0,0.0,0,0.0,0,1,1,8.0,0,0.8,1.8,,,76.0,254.0,30.019,8.0,Stanford,2016.0,2016.0,ATL,81.0,,0.025641026
2024,10,00-0032392,A.Hooper,TE,NE,CHI,0,0,0.0,0,0.0,0.0,0.0,0,0.0,0,4,3,64.0,0,6.4,9.4,,,76.0,254.0,30.019,8.0,Stanford,2016.0,2016.0,ATL,81.0,,0.17391305
2024,11,00-0032392,A.Hooper,TE,NE,LA,0,0,0.0,0,0.0,0.0,0.0,0,0.0,0,4,4,35.0,0,3.5,7.5,,,76.0,254.0,30.019,8.0,Stanford,2016.0,2016.0,ATL,81.0,-6.0,0.10810811
2024,12,00-0032392,A.Hooper,TE,NE,MIA,0,0,0.0,0,0.0,0.0,0.0,0,0.0,0,4,4,59.0,1,11.9,15.9,,,76.0,254.0,30.019,8.0,Stanford,2016.0,2016.0,ATL,81.0,,0.10810811
2024,13,00-0032392,A.Hooper,TE,NE,IND,0,0,0.0,0,0.0,0.0,0.0,0,0.0,0,4,4,42.0,1,10.2,14.2,,,76.0,254.0,30.019,8.0,Stanford,2016.0,2016.0,ATL,81.0,-1.0,0.13333334
2024,15,00-0032392,A.Hooper,TE,NE,ARI,0,0,0.0,0,0.0,0.0,0.0,0,0.0,0,3,3,38.0,0,3.8,6.8,,,76.0,254.0,30.019,8.0,Stanford,2016.0,2016.0,ATL,81.0,,0.13043478
2024,16,00-0032392,A.Hooper,TE,NE,BUF,0,0,0.0,0,0.0,0.0,0.0,0,0.0,0,5,4,55.0,0,5.5,9.5,,,76.0,254.0,30.019,8.0,Stanford,2016.0,2016.0,ATL,81.0,,0.16129032
2024,17,00-0032392,A.Hooper,TE,NE,LAC,0,0,0.0,0,0.0,0.0,0.0,0,0.0,0,3,3,19.0,0,1.9,4.9,,,76.0,254.0,30.019,8.0,Stanford,2016.0,2016.0,ATL,81.0,-33.0,0.13043478
2024,18,00-0032392,A.Hooper,TE,NE,BUF,0,0,0.0,0,0.0,0.0,0.0,0,0.0,0,6,4,27.0,0,2.7,6.7,,,76.0,254.0,30.019,8.0,Stanford,2016.0,2016.0,ATL,81.0,7.0,0.21428572
2024,1,00-0032394,N.Vannett,TE,TEN,CHI,0,0,0.0,0,0.0,0.0,0.0,0,0.0,0,2,2,11.0,0,1.1,3.1,,,78.0,261.0,31.678058823529415,8.0,Ohio State,2016.0,2016.0,SEA,94.0,,0.074074075
2024,3,00-0032394,N.Vannett,TE,TEN,GB,0,0,0.0,0,0.0,0.0,0.0,0,0.0,0,2,2,9.0,1,6.9,8.9,,,78.0,261.0,31.678058823529415,8.0,Ohio State,2016.0,2016.0,SEA,94.0,-16.0,0.05882353
2024,7,00-0032394,N.Vannett,TE,TEN,BUF,0,0,0.0,0,0.0,0.0,0.0,0,0.0,0,4,4,25.0,0,2.5,6.5,,,78.0,261.0,31.678058823529415,8.0,Ohio State,2016.0,2016.0,SEA,94.0,,0.10526316
2024,8,00-0032394,N.Vannett,TE,TEN,DET,0,0,0.0,0,0.0,0.0,0.0,0,0.0,0,1,0,0.0,0,0.0,0.0,,,78.0,261.0,31.678058823529415,8.0,Ohio State,2016.0,2016.0,SEA,94.0,,0.02631579
2024,9,00-0032394,N.Vannett,TE,TEN,NE,0,0,0.0,0,0.0,0.0,0.0,0,0.0,0,2,2,33.0,1,9.3,11.3,,,78.0,261.0,31.678058823529415,8.0,Ohio State,2016.0,2016.0,SEA,94.0,3.0,0.074074075
2024,11,00-0032394,N.Vannett,TE,TEN,MIN,0,0,0.0,0,0.0,0.0,0.0,0,0.0,0,1,1,6.0,0,0.6,1.6,,,78.0,261.0,31.678058823529415,8.0,Ohio State,2016.0,2016.0,SEA,94.0,-10.0,0.03448276
2024,12,00-0032394,N.Vannett,TE,TEN,HOU,0,0,0.0,0,0.0,0.0,0.0,0,0.0,0,1,0,0.0,0,0.0,0.0,,,78.0,261.0,31.678058823529415,8.0,Ohio State,2016.0,2016.0,SEA,94.0,,0.04
2024,13,00-0032394,N.Vannett,TE,TEN,WAS,0,0,0.0,0,0.0,0.0,0.0,0,0.0,0,1,1,6.0,0,0.6,1.6,,,78.0,261.0,31.678058823529415,8.0,Ohio State,2016.0,2016.0,SEA,94.0,,0.027777778
2024,14,00-0032394,N.Vannett,TE,TEN,JAX,0,0,0.0,0,0.0,0.0,0.0,0,0.0,0,2,1,4.0,0,0.4,1.4,,,78.0,261.0,31.678058823529415,8.0,Ohio State,2016.0,2016.0,SEA,94.0,-4.0,0.0625
2024,15,00-0032394,N.Vannett,TE,TEN,CIN,0,0,0.0,0,0.0,0.0,0.0,0,0.0,0,1,1,7.0,0,0.7,1.7,,,78.0,261.0,31.678058823529415,8.0,Ohio State,2016.0,2016.0,SEA,94.0,-10.0,0.027027028
2024,17,00-0032394,N.Vannett,TE,TEN,JAX,0,0,0.0,0,0.0,0.0,0.0,0,0.0,0,1,1,8.0,1,6.8,7.8,,,78.0,261.0,31.678058823529415,8.0,Ohio State,2016.0,2016.0,SEA,94.0,,0.033333335
2024,18,00-0032394,N.Vannett,TE,TEN,HOU,0,0,0.0,0,0.0,0.0,0.0,0,0.0,0,2,2,26.0,0,2.6,4.6,,,78.0,261.0,31.678058823529415,8.0,Ohio State,2016.0,2016.0,SEA,94.0,-9.0,0.07692308
2024,10,00-0032399,M.Killebrew,SS,PIT,WAS,0,1,0.0,0,0.0,0.0,-0.0,0,0.0,0,0,0,0.0,0,0.0,0.0,,,74.0,222.0,31.50416666666667,8.0,Southern Utah,2016.0,2016.0,DET,111.0,,
2024,1,00-0032434,B.Allen,QB,SF,NYJ,0,0,0.0,0,0.0,0.0,0.0,1,-1.0,0,0,0,0.0,0,-0.1,-0.1,,,74.0,209.0,32.171058823529414,8.0,Arkansas,2016.0,2016.0,JAX,201.0,13.0,
2024,12,00-0032434,B.Allen,QB,SF,GB,17,29,199.0,1,1.0,2.0,2.0,2,5.0,0,0,0,0.0,0,8.46,8.46,,,74.0,209.0,32.171058823529414,8.0,Arkansas,2016.0,2016.0,JAX,201.0,,
2024,14,00-0032434,B.Allen,QB,SF,CHI,0,1,0.0,0,1.0,0.0,-0.0,0,0.0,0,0,0,0.0,0,-2.0,-2.0,,,74.0,209.0,32.171058823529414,8.0,Arkansas,2016.0,2016.0,JAX,201.0,25.0,
2024,1,00-0032464,K.Raymond,WR,DET,LA,0,0,0.0,0,0.0,0.0,0.0,1,12.0,0,0,0,0.0,0,1.2,1.2,,,68.0,182.0,30.264388888888888,8.0,Holy Cross,2016.0,2016.0,,,6.0,
2024,2,00-0032464,K.Raymond,WR,DET,TB,0,0,0.0,0,0.0,0.0,0.0,0,0.0,0,4,3,27.0,0,2.7,5.7,,,68.0,182.0,30.264388888888888,8.0,Holy Cross,2016.0,2016.0,,,-4.0,0.0754717
2024,4,00-0032464,K.Raymond,WR,DET,SEA,0,0,0.0,0,0.0,0.0,0.0,0,0.0,0,1,1,9.0,0,0.9,1.9,,,68.0,182.0,30.264388888888888,8.0,Holy Cross,2016.0,2016.0,,,13.0,0.05263158
2024,6,00-0032464,K.Raymond,WR,DET,DAL,0,0,0.0,0,0.0,0.0,0.0,0,0.0,0,6,4,73.0,0,7.3,11.3,,,68.0,182.0,30.264388888888888,8.0,Holy Cross,2016.0,2016.0,,,,0.22222222
2024,7,00-0032464,K.Raymond,WR,DET,MIN,0,0,0.0,0,0.0,0.0,0.0,0,0.0,0,4,3,39.0,1,9.9,12.9,,,68.0,182.0,30.264388888888888,8.0,Holy Cross,2016.0,2016.0,,,,0.16
2024,8,00-0032464,K.Raymond,WR,DET,TEN,0,0,0.0,0,0.0,0.0,0.0,0,0.0,0,2,2,14.0,1,13.4,15.4,,,68.0,182.0,30.264388888888888,8.0,Holy Cross,2016.0,2016.0,,,38.0,0.11111111
2024,9,00-0032464,K.Raymond,WR,DET,GB,0,0,0.0,0,0.0,0.0,0.0,1,-12.0,0,1,1,12.0,0,0.0,1.0,,,68.0,182.0,30.264388888888888,8.0,Holy Cross,2016.0,2016.0,,,,0.05
2024,11,00-0032464,K.Raymond,WR,DET,JAX,0,0,0.0,0,0.0,0.0,0.0,0,0.0,0,2,2,30.0,0,3.0,5.0,,,68.0,182.0,30.264388888888888,8.0,Holy Cross,2016.0,2016.0,,,46.0,0.06451613
2024,12,00-0032464,K.Raymond,WR,DET,IND,0,0,0.0,0,0.0,0.0,0.0,0,0.0,0,1,0,0.0,0,0.0,0.0,,,68.0,182.0,30.264388888888888,8.0,Holy Cross,2016.0,2016.0,,,,0.030303031
2024,18,00-0032464,K.Raymond,WR,DET,MIN,0,0,0.0,0,0.0,0.0,0.0,0,0.0,0,1,1,11.0,0,1.1,2.1,,,68.0,182.0,30.264388888888888,8.0,Holy Cross,2016.0,2016.0,,,22.0,0.03125
2024,20,00-0032464,K.Raymond,WR,DET,WAS,0,0,0.0,0,0.0,0.0,0.0,0,0.0,0,3,3,37.0,0,3.7,6.7,,,68.0,182.0,30.264388888888888,8.0,Holy Cross,2016.0,2016.0,,,-14.0,0.07692308
2024,2,00-0032688,R.Chosen,WR,MIA,BUF,0,0,0.0,0,0.0,0.0,0.0,0,0.0,0,4,1,5.0,0,0.5,1.5,,,75.0,190.0,31.351333333333333,8.0,Temple,2016.0,2016.0,,,-21.0,0.10810811
2024,1,00-0032764,D.Henry,RB,BAL,KC,0,0,0.0,0,0.0,0.0,0.0,13,46.0,1,2,0,0.0,0,10.6,10.6,,,75.0,247.0,30.854526315789474,8.0,Alabama,2016.0,2016.0,TEN,45.0,,0.05
2024,2,00-0032764,D.Henry,RB,BAL,LV,0,0,0.0,0,0.0,0.0,0.0,18,84.0,1,1,1,12.0,0,15.6,16.6,,,75.0,247.0,30.854526315789474,8.0,Alabama,2016.0,2016.0,TEN,45.0,-3.0,0.032258064
2024,3,00-0032764,D.Henry,RB,BAL,DAL,0,0,0.0,0,0.0,0.0,0.0,25,151.0,2,1,1,23.0,0,29.4,30.4,,,75.0,247.0,30.854526315789474,8.0,Alabama,2016.0,2016.0,TEN,45.0,,0.06666667
2024,4,00-0032764,D.Henry,RB,BAL,BUF,0,0,0.0,0,0.0,0.0,0.0,24,199.0,1,3,3,10.0,1,32.9,35.9,,,75.0,247.0,30.854526315789474,8.0,Alabama,2016.0,2016.0,TEN,45.0,25.0,0.16666667
2024,5,00-0032764,D.Henry,RB,BAL,CIN,0,0,0.0,0,0.0,0.0,0.0,15,92.0,1,1,1,4.0,0,15.6,16.6,,,75.0,247.0,30.854526315789474,8.0,Alabama,2016.0,2016.0,TEN,45.0,,0.024390243
2024,6,00-0032764,D.Henry,RB,BAL,WAS,0,0,0.0,0,0.0,0.0,0.0,24,132.0,2,0,0,0.0,0,25.2,25.2,,,75.0,247.0,30.854526315789474,8.0,Alabama,2016.0,2016.0,TEN,45.0,7.0,
2024,7,00-0032764,D.Henry,RB,BAL,TB,0,0,0.0,0,0.0,0.0,0.0,15,169.0,0,1,1,13.0,1,24.2,25.2,,,75.0,247.0,30.854526315789474,8.0,Alabama,2016.0,2016.0,TEN,45.0,,0.04761905
2024,8,00-0032764,D.Henry,RB,BAL,CLE,0,0,0.0,0,0.0,0.0,0.0,11,73.0,1,1,1,4.0,0,13.7,14.7,,,75.0,247.0,30.854526315789474,8.0,Alabama,2016.0,2016.0,TEN,45.0,,0.028571429
2024,9,00-0032764,D.Henry,RB,BAL,DEN,0,0,0.0,0,0.0,0.0,0.0,23,106.0,2,1,1,27.0,0,25.3,26.3,,,75.0,247.0,30.854526315789474,8.0,Alabama,2016.0,2016.0,TEN,45.0,31.0,0.05263158
2024,10,00-0032764,D.Henry,RB,BAL,CIN,0,0,0.0,0,0.0,0.0,0.0,16,68.0,1,1,1,3.0,0,13.1,14.1,,,75.0,247.0,30.854526315789474,8.0,Alabama,2016.0,2016.0,TEN,45.0,1.0,0.03125
2024,11,00-0032764,D.Henry,RB,BAL,PIT,0,0,0.0,0,0.0,0.0,0.0,13,65.0,1,0,0,0.0,0,10.5,10.5,,,75.0,247.0,30.854526315789474,8.0,Alabama,2016.0,2016.0,TEN,45.0,,
2024,12,00-0032764,D.Henry,RB,BAL,LAC,0,0,0.0,0,0.0,0.0,0.0,24,140.0,0,0,0,0.0,0,14.0,14.0,,,75.0,247.0,30.854526315789474,8.0,Alabama,2016.0,2016.0,TEN,45.0,,
2024,13,00-0032764,D.Henry,RB,BAL,PHI,0,0,0.0,0,0.0,0.0,0.0,19,82.0,0,3,3,29.0,0,11.1,14.1,,,75.0,247.0,30.854526315789474,8.0,Alabama,2016.0,2016.0,TEN,45.0,-5.0,0.08571429
2024,15,00-0032764,D.Henry,RB,BAL,NYG,0,0,0.0,0,0.0,0.0,0.0,14,67.0,0,0,0,0.0,0,6.7,6.7,,,75.0,247.0,30.854526315789474,8.0,Alabama,2016.0,2016.0,TEN,45.0,,
2024,16,00-0032764,D.Henry,RB,BAL,PIT,0,0,0.0,0,0.0,0.0,0.0,24,162.0,0,2,2,27.0,0,18.9,20.9,,,75.0,247.0,30.854526315789474,8.0,Alabama,2016.0,2016.0,TEN,45.0,17.0,0.08695652
2024,17,00-0032764,D.Henry,RB,BAL,HOU,0,0,0.0,0,0.0,0.0,0.0,27,147.0,1,2,2,18.0,0,22.5,24.5,,,75.0,247.0,30.854526315789474,8.0,Alabama,2016.0,2016.0,TEN,45.0,,0.125
2024,18,00-0032764,D.Henry,RB,BAL,CLE,0,0,0.0,0,0.0,0.0,0.0,20,138.0,2,3,2,23.0,0,28.1,30.1,,,75.0,247.0,30.854526315789474,8.0,Alabama,2016.0,2016.0,TEN,45.0,25.0,0.1
2024,19,00-0032764,D.Henry,RB,BAL,PIT,0,0,0.0,0,0.0,0.0,0.0,26,186.0,2,0,0,0.0,0,30.6,30.6,,,75.0,247.0,30.854526315789474,8.0,Alabama,2016.0,2016.0,TEN,45.0,14.0,
2024,20,00-0032764,D.Henry,RB,BAL,BUF,0,0,0.0,0,0.0,0.0,0.0,16,84.0,1,2,0,0.0,0,14.4,14.4,,,75.0,247.0,30.854526315789474,8.0,Alabama,2016.0,2016.0,TEN,45.0,,0.08
2024,1,00-0032775,D.Robinson,WR,LA,DET,0,0,0.0,0,0.0,0.0,0.0,0,0.0,0,7,4,42.0,0,4.2,8.2,,,73.0,203.0,30.151684210526312,8.0,Florida,2016.0,2016.0,KC,126.0,,0.14583333
2024,2,00-0032775,D.Robinson,WR,LA,ARI,0,0,0.0,0,0.0,0.0,0.0,0,0.0,0,4,2,50.0,0,5.0,7.0,,,73.0,203.0,30.151684210526312,8.0,Florida,2016.0,2016.0,KC,126.0,,0.14814815
2024,3,00-0032775,D.Robinson,WR,LA,SF,0,0,0.0,0,0.0,0.0,0.0,0,0.0,0,4,1,32.0,0,3.2,4.2,,,73.0,203.0,30.151684210526312,8.0,Florida,2016.0,2016.0,KC,126.0,3.0,0.17391305
2024,4,00-0032775,D.Robinson,WR,LA,CHI,0,0,0.0,0,0.0,0.0,0.0,0,0.0,0,3,2,37.0,0,3.7,5.7,,,73.0,203.0,30.151684210526312,8.0,Florida,2016.0,2016.0,KC,126.0,,0.10344828
2024,5,00-0032775,D.Robinson,WR,LA,GB,0,0,0.0,0,0.0,0.0,0.0,0,0.0,0,5,3,28.0,1,8.8,11.8,,,73.0,203.0,30.151684210526312,8.0,Florida,2016.0,2016.0,KC,126.0,-5.0,0.11111111
2024,7,00-0032775,D.Robinson,WR,LA,LV,0,0,0.0,0,0.0,0.0,0.0,0,0.0,0,3,1,9.0,0,0.9,1.9,,,73.0,203.0,30.151684210526312,8.0,Florida,2016.0,2016.0,KC,126.0,5.0,0.13636364
2024,8,00-0032775,D.Robinson,WR,LA,MIN,0,0,0.0,0,0.0,0.0,0.0,0,0.0,0,3,2,35.0,2,15.5,17.5,,,73.0,203.0,30.151684210526312,8.0,Florida,2016.0,2016.0,KC,126.0,10.0,0.0882353
2024,9,00-0032775,D.Robinson,WR,LA,SEA,0,0,0.0,0,0.0,0.0,0.0,0,0.0,0,9,6,94.0,2,21.4,27.4,,,73.0,203.0,30.151684210526312,8.0,Florida,2016.0,2016.0,KC,126.0,,0.21428572
2024,10,00-0032775,D.Robinson,WR,LA,MIA,0,0,0.0,0,0.0,0.0,0.0,0,0.0,0,5,1,23.0,0,2.3,3.3,,,73.0,203.0,30.151684210526312,8.0,Florida,2016.0,2016.0,KC,126.0,-8.0,0.11363637
2024,11,00-0032775,D.Robinson,WR,LA,NE,0,0,0.0,0,0.0,0.0,0.0,0,0.0,0,4,2,19.0,0,1.9,3.9,,,73.0,203.0,30.151684210526312,8.0,Florida,2016.0,2016.0,KC,126.0,,0.14814815
2024,12,00-0032775,D.Robinson,WR,LA,PHI,0,0,0.0,0,0.0,0.0,0.0,0,0.0,0,3,2,15.0,1,7.5,9.5,,,73.0,203.0,30.151684210526312,8.0,Florida,2016.0,2016.0,KC,126.0,-17.0,0.0882353
2024,13,00-0032775,D.Robinson,WR,LA,NO,0,0,0.0,0,0.0,0.0,0.0,0,0.0,0,3,2,49.0,1,10.9,12.9,,,73.0,203.0,30.151684210526312,8.0,Florida,2016.0,2016.0,KC,126.0,,0.13043478
2024,14,00-0032775,D.Robinson,WR,LA,BUF,0,0,0.0,0,0.0,0.0,0.0,0,0.0,0,1,0,0.0,0,0.0,0.0,,,73.0,203.0,30.151684210526312,8.0,Florida,2016.0,2016.0,KC,126.0,2.0,0.033333335
2024,15,00-0032775,D.Robinson,WR,LA,SF,0,0,0.0,0,0.0,0.0,0.0,0,0.0,0,1,0,0.0,0,0.0,0.0,,,73.0,203.0,30.151684210526312,8.0,Florida,2016.0,2016.0,KC,126.0,,0.03846154
2024,16,00-0032775,D.Robinson,WR,LA,NYJ,0,0,0.0,0,0.0,0.0,0.0,0,0.0,0,1,0,0.0,0,0.0,0.0,,,73.0,203.0,30.151684210526312,8.0,Florida,2016.0,2016.0,KC,126.0,,0.05263158
2024,17,00-0032775,D.Robinson,WR,LA,ARI,0,0,0.0,0,0.0,0.0,0.0,0,0.0,0,2,0,0.0,0,0.0,0.0,,,73.0,203.0,30.151684210526312,8.0,Florida,2016.0,2016.0,KC,126.0,4.0,0.071428575
2024,18,00-0032775,D.Robinson,WR,LA,SEA,0,0,0.0,0,0.0,0.0,0.0,0,0.0,0,6,3,72.0,0,7.2,10.2,,,73.0,203.0,30.151684210526312,8.0,Florida,2016.0,2016.0,KC,126.0,-5.0,0.15
2024,19,00-0032775,D.Robinson,WR,LA,MIN,0,0,0.0,0,0.0,0.0,0.0,0,0.0,0,2,1,23.0,0,2.3,3.3,,,73.0,203.0,30.151684210526312,8.0,Florida,2016.0,2016.0,KC,126.0,18.0,0.07692308
2024,20,00-0032775,D.Robinson,WR,LA,PHI,0,0,0.0,0,0.0,0.0,0.0,0,0.0,0,7,3,74.0,0,7.4,10.4,,,73.0,203.0,30.151684210526312,8.0,Florida,2016.0,2016.0,KC,126.0,,0.1590909
2024,1,00-0032918,C.Ham,FB,MIN,NYG,0,0,0.0,0,0.0,0.0,0.0,0,0.0,0,2,2,11.0,0,-0.9,1.1,,,71.0,235.0,31.308722222222222,8.0,"Augustana, S.D.",2016.0,2016.0,,,,0.08695652
2024,5,00-0032918,C.Ham,FB,MIN,NYJ,0,0,0.0,0,0.0,0.0,0.0,2,10.0,1,0,0,0.0,0,7.0,7.0,,,71.0,235.0,31.308722222222222,8.0,"Augustana, S.D.",2016.0,2016.0,,,6.0,
2024,12,00-0032918,C.Ham,FB,MIN,CHI,0,0,0.0,0,0.0,0.0,0.0,0,0.0,0,1,0,0.0,0,0.0,0.0,,,71.0,235.0,31.308722222222222,8.0,"Augustana, S.D.",2016.0,2016.0,,,,0.03125
2024,16,00-0032918,C.Ham,FB,MIN,SEA,0,0,0.0,0,0.0,0.0,0.0,0,0.0,0,1,1,9.0,0,0.9,1.9,,,71.0,235.0,31.308722222222222,8.0,"Augustana, S.D.",2016.0,2016.0,,,,0.028571429
2024,17,00-0032918,C.Ham,FB,MIN,GB,0,0,0.0,0,0.0,0.0,0.0,0,0.0,0,2,2,15.0,0,1.5,3.5,,,71.0,235.0,31.308722222222222,8.0,"Augustana, S.D.",2016.0,2016.0,,,2.0,0.048780486
2024,19,00-0032918,C.Ham,FB,MIN,LA,0,0,0.0,0,0.0,0.0,0.0,0,0.0,0,1,1,8.0,0,0.8,1.8,,,71.0,235.0,31.308722222222222,8.0,"Augustana, S.D.",2016.0,2016.0,,,,0.025
2024,8,00-0032943,R.Dixon,P,DEN,CAR,1,1,3.0,0,0.0,0.0,-0.0,0,0.0,0,0,0,0.0,0,0.12,0.12,,,76.0,221.0,31.209111111111113,8.0,Syracuse,2016.0,2016.0,DEN,228.0,14.0,
2024,19,00-0032943,R.Dixon,P,DEN,BUF,1,1,15.0,0,0.0,0.0,-0.0,0,0.0,0,0,0,0.0,0,0.6,0.6,,,76.0,221.0,31.209111111111113,8.0,Syracuse,2016.0,2016.0,DEN,228.0,,
2024,15,00-0032950,C.Wentz,QB,KC,CLE,2,2,20.0,0,0.0,0.0,-0.0,3,0.0,0,0,0,0.0,0,0.8,0.8,,,77.0,237.0,31.8896,8.0,North Dakota State,2016.0,2016.0,PHI,2.0,,
2024,18,00-0032950,C.Wentz,QB,KC,DEN,10,17,98.0,0,0.0,4.0,22.0,0,0.0,0,0,0,0.0,0,3.92,3.92,,,77.0,237.0,31.8896,8.0,North Dakota State,2016.0,2016.0,PHI,2.0,,
2024,1,00-0033009,T.Boyd,WR,TEN,CHI,0,0,0.0,0,0.0,0.0,0.0,0,0.0,0,5,3,18.0,0,1.8,4.8,,,74.0,203.0,29.98335294117647,8.0,Pittsburgh,2016.0,2016.0,CIN,55.0,,0.18518518
2024,2,00-0033009,T.Boyd,WR,TEN,NYJ,0,0,0.0,0,0.0,0.0,0.0,0,0.0,0,5,2,26.0,0,2.6,4.6,,,74.0,203.0,29.98335294117647,8.0,Pittsburgh,2016.0,2016.0,CIN,55.0,-7.0,0.18518518
2024,3,00-0033009,T.Boyd,WR,TEN,GB,0,0,0.0,0,0.0,0.0,0.0,0,0.0,0,4,3,33.0,0,3.3,6.3,,,74.0,203.0,29.98335294117647,8.0,Pittsburgh,2016.0,2016.0,CIN,55.0,-16.0,0.11764706
2024,4,00-0033009,T.Boyd,WR,TEN,MIA,0,0,0.0,0,0.0,0.0,0.0,0,0.0,0,2,2,31.0,0,3.1,5.1,,,74.0,203.0,29.98335294117647,8.0,Pittsburgh,2016.0,2016.0,CIN,55.0,,0.11111111
2024,6,00-0033009,T.Boyd,WR,TEN,IND,0,0,0.0,0,0.0,0.0,0.0,0,0.0,0,3,3,19.0,0,1.9,4.9,,,74.0,203.0,29.98335294117647,8.0,Pittsburgh,2016.0,2016.0,CIN,55.0,-3.0,0.11111111
2024,7,00-0033009,T.Boyd,WR,TEN,BUF,0,0,0.0,0,0.0,0.0,0.0,0,0.0,0,5,5,43.0,0,4.3,9.3,,,74.0,203.0,29.98335294117647,8.0,Pittsburgh,2016.0,2016.0,CIN,55.0,,0.13157895
2024,8,00-0033009,T.Boyd,WR,TEN,DET,0,0,0.0,0,0.0,0.0,0.0,0,0.0,0,6,3,14.0,0,1.4,4.4,,,74.0,203.0,29.98335294117647,8.0,Pittsburgh,2016.0,2016.0,CIN,55.0,,0.15789473
2024,9,00-0033009,T.Boyd,WR,TEN,NE,0,0,0.0,0,0.0,0.0,0.0,1,3.0,0,0,0,0.0,0,0.3,0.3,,,74.0,203.0,29.98335294117647,8.0,Pittsburgh,2016.0,2016.0,CIN,55.0,3.0,
2024,11,00-0033009,T.Boyd,WR,TEN,MIN,0,0,0.0,0,0.0,0.0,0.0,0,0.0,0,3,2,34.0,0,3.4,5.4,,,74.0,203.0,29.98335294117647,8.0,Pittsburgh,2016.0,2016.0,CIN,55.0,-10.0,0.10344828
2024,12,00-0033009,T.Boyd,WR,TEN,HOU,0,1,0.0,0,0.0,0.0,-0.0,0,0.0,0,6,6,55.0,0,5.5,11.5,,,74.0,203.0,29.98335294117647,8.0,Pittsburgh,2016.0,2016.0,CIN,55.0,,0.24
2024,13,00-0033009,T.Boyd,WR,TEN,WAS,0,0,0.0,0,0.0,0.0,0.0,0,0.0,0,4,3,37.0,0,3.7,6.7,,,74.0,203.0,29.98335294117647,8.0,Pittsburgh,2016.0,2016.0,CIN,55.0,,0.11111111
2024,14,00-0033009,T.Boyd,WR,TEN,JAX,0,0,0.0,0,0.0,0.0,0.0,0,0.0,0,4,1,7.0,0,0.7,1.7,,,74.0,203.0,29.98335294117647,8.0,Pittsburgh,2016.0,2016.0,CIN,55.0,-4.0,0.125
2024,15,00-0033009,T.Boyd,WR,TEN,CIN,0,0,0.0,0,0.0,0.0,0.0,0,0.0,0,3,2,39.0,0,3.9,5.9,,,74.0,203.0,29.98335294117647,8.0,Pittsburgh,2016.0,2016.0,CIN,55.0,-10.0,0.08108108
2024,16,00-0033009,T.Boyd,WR,TEN,IND,0,0,0.0,0,0.0,0.0,0.0,0,0.0,0,3,2,20.0,0,2.0,4.0,,,74.0,203.0,29.98335294117647,8.0,Pittsburgh,2016.0,2016.0,CIN,55.0,,0.09090909
2024,17,00-0033009,T.Boyd,WR,TEN,JAX,0,0,0.0,0,0.0,0.0,0.0,0,0.0,0,4,2,14.0,0,1.4,3.4,,,74.0,203.0,29.98335294117647,8.0,Pittsburgh,2016.0,2016.0,CIN,55.0,,0.13333334
2024,1,00-0033040,T.Hill,WR,MIA,JAX,0,0,0.0,0,0.0,0.0,0.0,0,0.0,0,12,7,130.0,1,19.0,26.0,,,70.0,185.0,30.690529411764707,8.0,West Alabama,2016.0,2016.0,KC,165.0,3.0,0.33333334
2024,2,00-0033040,T.Hill,WR,MIA,BUF,0,0,0.0,0,0.0,0.0,0.0,1,12.0,0,6,3,24.0,0,3.6,6.6,,,70.0,185.0,30.690529411764707,8.0,West Alabama,2016.0,2016.0,KC,165.0,-21.0,0.16216215
2024,3,00-0033040,T.Hill,WR,MIA,SEA,0,0,0.0,0,0.0,0.0,0.0,0,0.0,0,5,3,40.0,0,4.0,7.0,,,70.0,185.0,30.690529411764707,8.0,West Alabama,2016.0,2016.0,KC,165.0,,0.16129032
2024,4,00-0033040,T.Hill,WR,MIA,TEN,0,0,0.0,0,0.0,0.0,0.0,3,19.0,0,7,4,23.0,0,4.2,8.2,,,70.0,185.0,30.690529411764707,8.0,West Alabama,2016.0,2016.0,KC,165.0,-19.0,0.33333334
2024,5,00-0033040,T.Hill,WR,MIA,NE,0,0,0.0,0,0.0,0.0,0.0,0,0.0,0,9,6,69.0,0,6.9,12.9,,,70.0,185.0,30.690529411764707,8.0,West Alabama,2016.0,2016.0,KC,165.0,,0.29032257
2024,7,00-0033040,T.Hill,WR,MIA,IND,0,0,0.0,0,0.0,0.0,0.0,1,5.0,0,2,1,8.0,0,1.3,2.3,,,70.0,185.0,30.690529411764707,8.0,West Alabama,2016.0,2016.0,KC,165.0,,0.09090909
2024,8,00-0033040,T.Hill,WR,MIA,ARI,0,0,0.0,0,0.0,0.0,0.0,0,0.0,0,9,6,72.0,0,7.2,13.2,,,70.0,185.0,30.690529411764707,8.0,West Alabama,2016.0,2016.0,KC,165.0,-1.0,0.23684211
2024,9,00-0033040,T.Hill,WR,MIA,BUF,0,0,0.0,0,0.0,0.0,0.0,0,0.0,0,5,4,80.0,0,8.0,12.0,,,70.0,185.0,30.690529411764707,8.0,West Alabama,2016.0,2016.0,KC,165.0,,0.18518518
2024,10,00-0033040,T.Hill,WR,MIA,LA,0,0,0.0,0,0.0,0.0,0.0,2,11.0,0,4,3,16.0,1,8.7,11.7,,,70.0,185.0,30.690529411764707,8.0,West Alabama,2016.0,2016.0,KC,165.0,,0.14285715
2024,11,00-0033040,T.Hill,WR,MIA,LV,0,0,0.0,0,0.0,0.0,0.0,0,0.0,0,8,7,61.0,1,12.1,19.1,,,70.0,185.0,30.690529411764707,8.0,West Alabama,2016.0,2016.0,KC,165.0,15.0,0.22857143
2024,12,00-0033040,T.Hill,WR,MIA,NE,0,0,0.0,0,0.0,0.0,0.0,0,0.0,0,6,5,48.0,0,4.8,9.8,,,70.0,185.0,30.690529411764707,8.0,West Alabama,2016.0,2016.0,KC,165.0,19.0,0.15
2024,13,00-0033040,T.Hill,WR,MIA,GB,0,0,0.0,0,0.0,0.0,0.0,0,0.0,0,9,6,83.0,1,14.3,20.3,,,70.0,185.0,30.690529411764707,8.0,West Alabama,2016.0,2016.0,KC,165.0,,0.19565217
2024,14,00-0033040,T.Hill,WR,MIA,NYJ,0,0,0.0,0,0.0,0.0,0.0,1,6.0,0,14,10,115.0,1,18.1,28.1,,,70.0,185.0,30.690529411764707,8.0,West Alabama,2016.0,2016.0,KC,165.0,6.0,0.31111112
2024,15,00-0033040,T.Hill,WR,MIA,HOU,0,0,0.0,0,0.0,0.0,0.0,0,0.0,0,7,2,36.0,0,3.6,5.6,,,70.0,185.0,30.690529411764707,8.0,West Alabama,2016.0,2016.0,KC,165.0,,0.17948718
2024,16,00-0033040,T.Hill,WR,MIA,SF,0,0,0.0,0,0.0,0.0,0.0,0,0.0,0,7,3,29.0,1,8.9,11.9,,,70.0,185.0,30.690529411764707,8.0,West Alabama,2016.0,2016.0,KC,165.0,12.0,0.22580644
2024,17,00-0033040,T.Hill,WR,MIA,CLE,0,0,0.0,0,0.0,0.0,0.0,0,0.0,0,9,9,105.0,0,10.5,19.5,,,70.0,185.0,30.690529411764707,8.0,West Alabama,2016.0,2016.0,KC,165.0,,0.375
2024,18,00-0033040,T.Hill,WR,MIA,NYJ,0,0,0.0,0,0.0,0.0,0.0,0,0.0,0,3,2,20.0,0,2.0,4.0,,,70.0,185.0,30.690529411764707,8.0,West Alabama,2016.0,2016.0,KC,165.0,,0.08108108
2024,1,00-0033045,E.Elliott,RB,DAL,CLE,0,0,0.0,0,0.0,0.0,0.0,10,40.0,1,2,2,9.0,0,10.9,12.9,,,72.0,228.0,29.308388888888892,8.0,Ohio State,2016.0,2016.0,DAL,4.0,,0.06451613
2024,2,00-0033045,E.Elliott,RB,DAL,NO,0,0,0.0,0,0.0,0.0,0.0,6,16.0,0,3,2,16.0,0,3.2,5.2,,,72.0,228.0,29.308388888888892,8.0,Ohio State,2016.0,2016.0,DAL,4.0,-25.0,0.07317073
2024,3,00-0033045,E.Elliott,RB,DAL,BAL,0,0,0.0,0,0.0,0.0,0.0,3,6.0,0,2,1,6.0,0,1.2,2.2,,,72.0,228.0,29.308388888888892,8.0,Ohio State,2016.0,2016.0,DAL,4.0,-3.0,0.04
2024,4,00-0033045,E.Elliott,RB,DAL,NYG,0,0,0.0,0,0.0,0.0,0.0,5,19.0,0,1,1,5.0,0,2.4,3.4,,,72.0,228.0,29.308388888888892,8.0,Ohio State,2016.0,2016.0,DAL,4.0,,0.03846154
2024,5,00-0033045,E.Elliott,RB,DAL,PIT,0,0,0.0,0,0.0,0.0,0.0,6,17.0,0,1,0,0.0,0,1.7,1.7,,,72.0,228.0,29.308388888888892,8.0,Ohio State,2016.0,2016.0,DAL,4.0,,0.024390243
2024,6,00-0033045,E.Elliott,RB,DAL,DET,0,0,0.0,0,0.0,0.0,0.0,8,17.0,0,0,0,0.0,0,1.7,1.7,,,72.0,228.0,29.308388888888892,8.0,Ohio State,2016.0,2016.0,DAL,4.0,-38.0,
2024,8,00-0033045,E.Elliott,RB,DAL,SF,0,0,0.0,0,0.0,0.0,0.0,10,34.0,1,1,1,4.0,0,9.8,10.8,,,72.0,228.0,29.308388888888892,8.0,Ohio State,2016.0,2016.0,DAL,4.0,,0.027027028
2024,10,00-0033045,E.Elliott,RB,DAL,PHI,0,0,0.0,0,0.0,0.0,0.0,6,22.0,0,0,0,0.0,0,0.2,0.2,,,72.0,228.0,29.308388888888892,8.0,Ohio State,2016.0,2016.0,DAL,4.0,-28.0,
2024,11,00-0033045,E.Elliott,RB,DAL,HOU,0,0,0.0,0,0.0,0.0,0.0,1,8.0,0,3,3,16.0,0,2.4,5.4,,,72.0,228.0,29.308388888888892,8.0,Ohio State,2016.0,2016.0,DAL,4.0,-24.0,0.055555556
2024,12,00-0033045,E.Elliott,RB,DAL,WAS,0,0,0.0,0,0.0,0.0,0.0,3,6.0,0,0,0,0.0,0,0.6,0.6,,,72.0,228.0,29.308388888888892,8.0,Ohio State,2016.0,2016.0,DAL,4.0,,
2024,13,00-0033045,E.Elliott,RB,DAL,NYG,0,0,0.0,0,0.0,0.0,0.0,1,4.0,0,0,0,0.0,0,0.4,0.4,,,72.0,228.0,29.308388888888892,8.0,Ohio State,2016.0,2016.0,DAL,4.0,7.0,
2024,14,00-0033045,E.Elliott,RB,DAL,CIN,0,0,0.0,0,0.0,0.0,0.0,2,4.0,0,1,1,2.0,0,0.6,1.6,,,72.0,228.0,29.308388888888892,8.0,Ohio State,2016.0,2016.0,DAL,4.0,-7.0,0.032258064
2024,15,00-0033045,E.Elliott,RB,DAL,CAR,0,0,0.0,0,0.0,0.0,0.0,9,30.0,0,1,1,11.0,0,4.1,5.1,,,72.0,228.0,29.308388888888892,8.0,Ohio State,2016.0,2016.0,DAL,4.0,,0.035714287
2024,16,00-0033045,E.Elliott,RB,DAL,TB,0,0,0.0,0,0.0,0.0,0.0,1,1.0,1,0,0,0.0,0,6.1,6.1,,,72.0,228.0,29.308388888888892,8.0,Ohio State,2016.0,2016.0,DAL,4.0,2.0,
2024,17,00-0033045,E.Elliott,RB,DAL,PHI,0,0,0.0,0,0.0,0.0,0.0,3,2.0,0,0,0,0.0,0,0.2,0.2,,,72.0,228.0,29.308388888888892,8.0,Ohio State,2016.0,2016.0,DAL,4.0,,
2024,1,00-0033077,D.Prescott,QB,DAL,CLE,19,32,179.0,1,0.0,3.0,16.0,1,3.0,0,0,0,0.0,0,11.46,11.46,,,74.0,238.0,31.278,8.0,Mississippi State,2016.0,2016.0,DAL,135.0,,
2024,2,00-0033077,D.Prescott,QB,DAL,NO,27,39,293.0,1,2.0,3.0,14.0,2,12.0,0,0,0,0.0,0,12.92,12.92,,,74.0,238.0,31.278,8.0,Mississippi State,2016.0,2016.0,DAL,135.0,-25.0,
2024,3,00-0033077,D.Prescott,QB,DAL,BAL,28,51,379.0,2,0.0,3.0,18.0,2,7.0,1,0,0,0.0,0,29.86,29.86,,,74.0,238.0,31.278,8.0,Mississippi State,2016.0,2016.0,DAL,135.0,-3.0,
2024,4,00-0033077,D.Prescott,QB,DAL,NYG,22,27,221.0,2,0.0,1.0,8.0,2,-1.0,0,0,0,0.0,0,16.74,16.74,,,74.0,238.0,31.278,8.0,Mississippi State,2016.0,2016.0,DAL,135.0,,
2024,5,00-0033077,D.Prescott,QB,DAL,PIT,29,42,352.0,2,2.0,2.0,16.0,1,3.0,0,0,0,0.0,0,16.38,16.38,,,74.0,238.0,31.278,8.0,Mississippi State,2016.0,2016.0,DAL,135.0,,
2024,6,00-0033077,D.Prescott,QB,DAL,DET,17,33,178.0,0,2.0,4.0,26.0,1,1.0,0,0,0,0.0,0,3.22,3.22,,,74.0,238.0,31.278,8.0,Mississippi State,2016.0,2016.0,DAL,135.0,-38.0,
2024,8,00-0033077,D.Prescott,QB,DAL,SF,25,38,243.0,2,2.0,2.0,7.0,1,-1.0,0,0,0,0.0,0,13.62,13.62,,,74.0,238.0,31.278,8.0,Mississippi State,2016.0,2016.0,DAL,135.0,,
2024,9,00-0033077,D.Prescott,QB,DAL,ATL,18,24,133.0,1,0.0,3.0,7.0,3,30.0,0,0,0,0.0,0,12.32,12.32,,,74.0,238.0,31.278,8.0,Mississippi State,2016.0,2016.0,DAL,135.0,,
2024,1,00-0033090,H.Henry,TE,NE,CIN,0,0,0.0,0,0.0,0.0,0.0,0,0.0,0,3,2,18.0,0,1.8,3.8,,,77.0,250.0,29.912117647058825,8.0,Arkansas,2016.0,2016.0,SD,35.0,,0.13043478
2024,2,00-0033090,H.Henry,TE,NE,SEA,0,0,0.0,0,0.0,0.0,0.0,0,0.0,0,12,8,109.0,0,10.9,18.9,,,77.0,250.0,29.912117647058825,8.0,Arkansas,2016.0,2016.0,SD,35.0,-3.0,0.5
2024,3,00-0033090,H.Henry,TE,NE,NYJ,0,0,0.0,0,0.0,0.0,0.0,0,0.0,0,3,2,9.0,0,0.9,2.9,,,77.0,250.0,29.912117647058825,8.0,Arkansas,2016.0,2016.0,SD,35.0,,0.125
2024,4,00-0033090,H.Henry,TE,NE,SF,0,0,0.0,0,0.0,0.0,0.0,0,0.0,0,3,2,12.0,0,1.2,3.2,,,77.0,250.0,29.912117647058825,8.0,Arkansas,2016.0,2016.0,SD,35.0,,0.09375
2024,5,00-0033090,H.Henry,TE,NE,MIA,0,0,0.0,0,0.0,0.0,0.0,0,0.0,0,4,2,32.0,0,3.2,5.2,,,77.0,250.0,29.912117647058825,8.0,Arkansas,2016.0,2016.0,SD,35.0,-5.0,0.13333334
2024,6,00-0033090,H.Henry,TE,NE,HOU,0,0,0.0,0,0.0,0.0,0.0,0,0.0,0,5,3,41.0,1,10.1,13.1,,,77.0,250.0,29.912117647058825,8.0,Arkansas,2016.0,2016.0,SD,35.0,-20.0,0.16129032
2024,7,00-0033090,H.Henry,TE,NE,JAX,0,0,0.0,0,0.0,0.0,0.0,0,0.0,0,9,8,92.0,0,9.2,17.2,,,77.0,250.0,29.912117647058825,8.0,Arkansas,2016.0,2016.0,SD,35.0,,0.25
2024,8,00-0033090,H.Henry,TE,NE,NYJ,0,0,0.0,0,0.0,0.0,0.0,0,0.0,0,6,5,45.0,0,4.5,9.5,,,77.0,250.0,29.912117647058825,8.0,Arkansas,2016.0,2016.0,SD,35.0,3.0,0.20689656
2024,9,00-0033090,H.Henry,TE,NE,TEN,0,0,0.0,0,0.0,0.0,0.0,0,0.0,0,8,7,56.0,0,5.6,12.6,,,77.0,250.0,29.912117647058825,8.0,Arkansas,2016.0,2016.0,SD,35.0,,0.20512821
2024,10,00-0033090,H.Henry,TE,NE,CHI,0,0,0.0,0,0.0,0.0,0.0,0,0.0,0,4,1,14.0,0,1.4,2.4,,,77.0,250.0,29.912117647058825,8.0,Arkansas,2016.0,2016.0,SD,35.0,,0.17391305
2024,11,00-0033090,H.Henry,TE,NE,LA,0,0,0.0,0,0.0,0.0,0.0,0,0.0,0,9,6,63.0,0,6.3,12.3,,,77.0,250.0,29.912117647058825,8.0,Arkansas,2016.0,2016.0,SD,35.0,-6.0,0.24324325
2024,12,00-0033090,H.Henry,TE,NE,MIA,0,0,0.0,0,0.0,0.0,0.0,0,0.0,0,8,5,44.0,0,4.4,9.4,,,77.0,250.0,29.912117647058825,8.0,Arkansas,2016.0,2016.0,SD,35.0,,0.21621622
2024,13,00-0033090,H.Henry,TE,NE,IND,0,0,0.0,0,0.0,0.0,0.0,0,0.0,0,9,7,75.0,0,7.5,14.5,,,77.0,250.0,29.912117647058825,8.0,Arkansas,2016.0,2016.0,SD,35.0,-1.0,0.3
2024,15,00-0033090,H.Henry,TE,NE,ARI,0,0,0.0,0,0.0,0.0,0.0,0,0.0,0,4,4,25.0,0,2.5,6.5,,,77.0,250.0,29.912117647058825,8.0,Arkansas,2016.0,2016.0,SD,35.0,,0.17391305
2024,16,00-0033090,H.Henry,TE,NE,BUF,0,0,0.0,0,0.0,0.0,0.0,0,0.0,0,8,4,39.0,1,9.9,13.9,,,77.0,250.0,29.912117647058825,8.0,Arkansas,2016.0,2016.0,SD,35.0,,0.2580645
2024,17,00-0033090,H.Henry,TE,NE,LAC,0,0,0.0,0,0.0,0.0,0.0,0,0.0,0,2,0,0.0,0,0.0,0.0,,,77.0,250.0,29.912117647058825,8.0,Arkansas,2016.0,2016.0,SD,35.0,-33.0,0.08695652
2024,1,00-0033106,J.Goff,QB,DET,LA,18,28,217.0,1,1.0,2.0,17.0,1,7.0,0,0,0,0.0,0,11.38,11.38,,,76.0,223.0,30.080944444444444,8.0,California,2016.0,2016.0,LA,1.0,6.0,
2024,2,00-0033106,J.Goff,QB,DET,TB,34,55,307.0,0,2.0,0.0,-0.0,2,5.0,0,0,0,0.0,0,8.78,8.78,,,76.0,223.0,30.080944444444444,8.0,California,2016.0,2016.0,LA,1.0,-4.0,
2024,3,00-0033106,J.Goff,QB,DET,ARI,18,23,199.0,2,1.0,2.0,13.0,3,6.0,0,0,0,0.0,0,14.56,14.56,,,76.0,223.0,30.080944444444444,8.0,California,2016.0,2016.0,LA,1.0,,
2024,4,00-0033106,J.Goff,QB,DET,SEA,18,18,292.0,2,0.0,3.0,26.0,2,-2.0,0,1,1,7.0,1,26.18,27.18,,,76.0,223.0,30.080944444444444,8.0,California,2016.0,2016.0,LA,1.0,13.0,0.05263158
2024,6,00-0033106,J.Goff,QB,DET,DAL,18,25,315.0,3,0.0,2.0,17.0,3,5.0,0,0,0,0.0,0,25.1,25.1,,,76.0,223.0,30.080944444444444,8.0,California,2016.0,2016.0,LA,1.0,,
2024,7,00-0033106,J.Goff,QB,DET,MIN,22,25,280.0,2,0.0,4.0,33.0,2,-4.0,0,0,0,0.0,0,18.8,18.8,,,76.0,223.0,30.080944444444444,8.0,California,2016.0,2016.0,LA,1.0,,
2024,8,00-0033106,J.Goff,QB,DET,TEN,12,15,85.0,3,0.0,4.0,33.0,1,1.0,0,0,0,0.0,0,15.5,15.5,,,76.0,223.0,30.080944444444444,8.0,California,2016.0,2016.0,LA,1.0,38.0,
2024,9,00-0033106,J.Goff,QB,DET,GB,18,22,145.0,1,0.0,1.0,8.0,3,-2.0,0,0,0,0.0,0,9.6,9.6,,,76.0,223.0,30.080944444444444,8.0,California,2016.0,2016.0,LA,1.0,,
2024,10,00-0033106,J.Goff,QB,DET,HOU,15,30,240.0,2,5.0,0.0,-0.0,1,2.0,0,0,0,0.0,0,7.8,7.8,,,76.0,223.0,30.080944444444444,8.0,California,2016.0,2016.0,LA,1.0,,
2024,11,00-0033106,J.Goff,QB,DET,JAX,24,29,412.0,4,0.0,0.0,-0.0,4,21.0,0,0,0,0.0,0,34.58,34.58,,,76.0,223.0,30.080944444444444,8.0,California,2016.0,2016.0,LA,1.0,46.0,
2024,12,00-0033106,J.Goff,QB,DET,IND,26,36,269.0,0,0.0,3.0,16.0,2,0.0,0,0,0,0.0,0,10.76,10.76,,,76.0,223.0,30.080944444444444,8.0,California,2016.0,2016.0,LA,1.0,,
2024,13,00-0033106,J.Goff,QB,DET,CHI,21,34,221.0,2,0.0,1.0,9.0,1,1.0,0,0,0,0.0,0,16.94,16.94,,,76.0,223.0,30.080944444444444,8.0,California,2016.0,2016.0,LA,1.0,3.0,
2024,14,00-0033106,J.Goff,QB,DET,GB,32,41,283.0,3,1.0,1.0,3.0,4,7.0,0,0,0,0.0,0,22.02,22.02,,,76.0,223.0,30.080944444444444,8.0,California,2016.0,2016.0,LA,1.0,3.0,
2024,15,00-0033106,J.Goff,QB,DET,BUF,38,59,494.0,5,0.0,3.0,21.0,2,13.0,0,0,0,0.0,0,41.06,41.06,,,76.0,223.0,30.080944444444444,8.0,California,2016.0,2016.0,LA,1.0,-6.0,
2024,16,00-0033106,J.Goff,QB,DET,CHI,23,32,336.0,3,0.0,1.0,7.0,1,-1.0,0,0,0,0.0,0,25.34,25.34,,,76.0,223.0,30.080944444444444,8.0,California,2016.0,2016.0,LA,1.0,,
2024,17,00-0033106,J.Goff,QB,DET,SF,26,34,303.0,3,0.0,2.0,16.0,3,-3.0,0,0,0,0.0,0,25.82,25.82,,,76.0,223.0,30.080944444444444,8.0,California,2016.0,2016.0,LA,1.0,,
2024,18,00-0033106,J.Goff,QB,DET,MIN,27,33,231.0,1,2.0,2.0,15.0,0,0.0,0,0,0,0.0,0,9.24,9.24,,,76.0,223.0,30.080944444444444,8.0,California,2016.0,2016.0,LA,1.0,22.0,
2024,20,00-0033106,J.Goff,QB,DET,WAS,23,40,313.0,1,3.0,2.0,16.0,1,7.0,0,0,0,0.0,0,9.22,9.22,,,76.0,223.0,30.080944444444444,8.0,California,2016.0,2016.0,LA,1.0,-14.0,
2024,16,00-0033110,T.Higbee,TE,LA,NYJ,0,0,0.0,0,0.0,0.0,0.0,0,0.0,0,2,1,11.0,1,7.1,8.1,,,78.0,257.0,31.870947368421053,8.0,Western Kentucky,2016.0,2016.0,LA,110.0,,0.10526316
2024,17,00-0033110,T.Higbee,TE,LA,ARI,0,0,0.0,0,0.0,0.0,0.0,0,0.0,0,3,2,9.0,0,0.9,2.9,,,78.0,257.0,31.870947368421053,8.0,Western Kentucky,2016.0,2016.0,LA,110.0,4.0,0.10714286
2024,18,00-0033110,T.Higbee,TE,LA,SEA,0,0,0.0,0,0.0,0.0,0.0,0,0.0,0,7,5,46.0,1,10.6,15.6,,,78.0,257.0,31.870947368421053,8.0,Western Kentucky,2016.0,2016.0,LA,110.0,-5.0,0.175
2024,19,00-0033110,T.Higbee,TE,LA,MIN,0,0,0.0,0,0.0,0.0,0.0,0,0.0,0,5,5,58.0,0,5.8,10.8,,,78.0,257.0,31.870947368421053,8.0,Western Kentucky,2016.0,2016.0,LA,110.0,18.0,0.1923077
2024,20,00-0033110,T.Higbee,TE,LA,PHI,0,0,0.0,0,0.0,0.0,0.0,0,0.0,0,10,7,54.0,1,11.4,18.4,,,78.0,257.0,31.870947368421053,8.0,Western Kentucky,2016.0,2016.0,LA,110.0,,0.22727273
2024,1,00-0033119,J.Brissett,QB,NE,CIN,15,24,121.0,0,0.0,1.0,1.0,7,32.0,0,0,0,0.0,0,8.04,8.04,,,76.0,235.0,31.899823529411766,8.0,North Carolina State,2016.0,2016.0,NE,91.0,,
2024,2,00-0033119,J.Brissett,QB,NE,SEA,15,27,149.0,1,0.0,3.0,24.0,2,6.0,0,0,0,0.0,0,10.56,10.56,,,76.0,235.0,31.899823529411766,8.0,North Carolina State,2016.0,2016.0,NE,91.0,-3.0,
2024,3,00-0033119,J.Brissett,QB,NE,NYJ,12,18,98.0,0,0.0,5.0,46.0,0,0.0,0,0,0,0.0,0,3.92,3.92,,,76.0,235.0,31.899823529411766,8.0,North Carolina State,2016.0,2016.0,NE,91.0,,
2024,4,00-0033119,J.Brissett,QB,NE,SF,19,32,168.0,1,1.0,6.0,25.0,2,3.0,0,0,0,0.0,0,7.02,7.02,,,76.0,235.0,31.899823529411766,8.0,North Carolina State,2016.0,2016.0,NE,91.0,,
2024,5,00-0033119,J.Brissett,QB,NE,MIA,18,34,160.0,0,0.0,2.0,12.0,1,10.0,0,0,0,0.0,0,7.4,7.4,,,76.0,235.0,31.899823529411766,8.0,North Carolina State,2016.0,2016.0,NE,91.0,-5.0,
2024,8,00-0033119,J.Brissett,QB,NE,NYJ,15,24,132.0,0,0.0,1.0,11.0,3,11.0,0,0,0,0.0,0,8.38,8.38,,,76.0,235.0,31.899823529411766,8.0,North Carolina State,2016.0,2016.0,NE,91.0,3.0,
2024,17,00-0033119,J.Brissett,QB,NE,LAC,1,2,-2.0,0,0.0,0.0,-0.0,0,0.0,0,0,0,0.0,0,-0.08,-0.08,,,76.0,235.0,31.899823529411766,8.0,North Carolina State,2016.0,2016.0,NE,91.0,-33.0,
2024,1,00-0033217,M.Alie-Cox,TE,IND,HOU,0,0,0.0,0,0.0,0.0,0.0,0,0.0,0,1,0,0.0,0,0.0,0.0,,,77.0,267.0,31.12841176470588,7.0,Virginia Commonwealth,2017.0,2017.0,,,-2.0,0.05263158
2024,2,00-0033217,M.Alie-Cox,TE,IND,GB,0,0,0.0,0,0.0,0.0,0.0,0,0.0,0,1,1,22.0,0,2.2,3.2,,,77.0,267.0,31.12841176470588,7.0,Virginia Commonwealth,2017.0,2017.0,,,,0.032258064
2024,3,00-0033217,M.Alie-Cox,TE,IND,CHI,0,0,0.0,0,0.0,0.0,0.0,0,0.0,0,1,0,0.0,0,0.0,0.0,,,77.0,267.0,31.12841176470588,7.0,Virginia Commonwealth,2017.0,2017.0,,,5.0,0.055555556
2024,5,00-0033217,M.Alie-Cox,TE,IND,JAX,0,0,0.0,0,0.0,0.0,0.0,0,0.0,0,4,2,37.0,1,9.7,11.7,,,77.0,267.0,31.12841176470588,7.0,Virginia Commonwealth,2017.0,2017.0,,,,0.08888889
2024,6,00-0033217,M.Alie-Cox,TE,IND,TEN,0,0,0.0,0,0.0,0.0,0.0,0,0.0,0,4,4,41.0,0,4.1,8.1,,,77.0,267.0,31.12841176470588,7.0,Virginia Commonwealth,2017.0,2017.0,,,,0.11111111
2024,7,00-0033217,M.Alie-Cox,TE,IND,MIA,0,0,0.0,0,0.0,0.0,0.0,0,0.0,0,1,0,0.0,0,0.0,0.0,,,77.0,267.0,31.12841176470588,7.0,Virginia Commonwealth,2017.0,2017.0,,,6.0,0.045454547
2024,8,00-0033217,M.Alie-Cox,TE,IND,HOU,0,0,0.0,0,0.0,0.0,0.0,0,0.0,0,1,0,0.0,0,0.0,0.0,,,77.0,267.0,31.12841176470588,7.0,Virginia Commonwealth,2017.0,2017.0,,,,0.032258064
2024,11,00-0033217,M.Alie-Cox,TE,IND,NYJ,0,0,0.0,0,0.0,0.0,0.0,0,0.0,0,3,2,17.0,0,1.7,3.7,,,77.0,267.0,31.12841176470588,7.0,Virginia Commonwealth,2017.0,2017.0,,,,0.10714286
2024,13,00-0033217,M.Alie-Cox,TE,IND,NE,0,0,0.0,0,0.0,0.0,0.0,0,0.0,0,2,2,15.0,0,1.5,3.5,,,77.0,267.0,31.12841176470588,7.0,Virginia Commonwealth,2017.0,2017.0,,,,0.083333336
2024,16,00-0033217,M.Alie-Cox,TE,IND,TEN,0,0,0.0,0,0.0,0.0,0.0,0,0.0,0,2,1,15.0,0,1.5,2.5,,,77.0,267.0,31.12841176470588,7.0,Virginia Commonwealth,2017.0,2017.0,,,8.0,0.18181819
2024,17,00-0033217,M.Alie-Cox,TE,IND,NYG,0,0,0.0,0,0.0,0.0,0.0,0,0.0,0,1,0,0.0,0,0.0,0.0,,,77.0,267.0,31.12841176470588,7.0,Virginia Commonwealth,2017.0,2017.0,,,,0.027027028
2024,18,00-0033217,M.Alie-Cox,TE,IND,JAX,0,0,0.0,0,0.0,0.0,0.0,0,0.0,0,1,0,0.0,0,0.0,0.0,,,77.0,267.0,31.12841176470588,7.0,Virginia Commonwealth,2017.0,2017.0,,,3.0,0.025641026
2024,1,00-0033246,J.Mundt,TE,MIN,NYG,0,0,0.0,0,0.0,0.0,0.0,0,0.0,0,3,2,15.0,0,1.5,3.5,,,76.0,232.0,29.969833333333334,7.0,Oregon,2017.0,2017.0,,,,0.13043478
2024,2,00-0033246,J.Mundt,TE,MIN,SF,0,0,0.0,0,0.0,0.0,0.0,0,0.0,0,3,2,12.0,0,1.2,3.2,,,76.0,232.0,29.969833333333334,7.0,Oregon,2017.0,2017.0,,,6.0,0.125
2024,3,00-0033246,J.Mundt,TE,MIN,HOU,0,0,0.0,0,0.0,0.0,0.0,0,0.0,0,3,1,2.0,1,6.2,7.2,,,76.0,232.0,29.969833333333334,7.0,Oregon,2017.0,2017.0,,,27.0,0.12
2024,4,00-0033246,J.Mundt,TE,MIN,GB,0,0,0.0,0,0.0,0.0,0.0,0,0.0,0,2,2,15.0,0,1.5,3.5,,,76.0,232.0,29.969833333333334,7.0,Oregon,2017.0,2017.0,,,,0.074074075
2024,5,00-0033246,J.Mundt,TE,MIN,NYJ,0,0,0.0,0,0.0,0.0,0.0,0,0.0,0,2,2,31.0,0,3.1,5.1,,,76.0,232.0,29.969833333333334,7.0,Oregon,2017.0,2017.0,,,6.0,0.071428575
2024,7,00-0033246,J.Mundt,TE,MIN,DET,0,0,0.0,0,0.0,0.0,0.0,0,0.0,0,5,4,8.0,0,0.8,4.8,,,76.0,232.0,29.969833333333334,7.0,Oregon,2017.0,2017.0,,,-2.0,0.1923077
2024,8,00-0033246,J.Mundt,TE,MIN,LA,0,0,0.0,0,0.0,0.0,0.0,0,0.0,0,2,1,10.0,0,1.0,2.0,,,76.0,232.0,29.969833333333334,7.0,Oregon,2017.0,2017.0,,,,0.08695652
2024,9,00-0033246,J.Mundt,TE,MIN,IND,0,0,0.0,0,0.0,0.0,0.0,0,0.0,0,1,0,0.0,0,0.0,0.0,,,76.0,232.0,29.969833333333334,7.0,Oregon,2017.0,2017.0,,,8.0,0.030303031
2024,11,00-0033246,J.Mundt,TE,MIN,TEN,0,0,0.0,0,0.0,0.0,0.0,0,0.0,0,1,1,13.0,0,1.3,2.3,,,76.0,232.0,29.969833333333334,7.0,Oregon,2017.0,2017.0,,,,0.033333335
2024,12,00-0033246,J.Mundt,TE,MIN,CHI,0,0,0.0,0,0.0,0.0,0.0,0,0.0,0,1,1,7.0,0,0.7,1.7,,,76.0,232.0,29.969833333333334,7.0,Oregon,2017.0,2017.0,,,,0.03125
2024,13,00-0033246,J.Mundt,TE,MIN,ARI,0,0,0.0,0,0.0,0.0,0.0,0,0.0,0,2,2,22.0,1,8.2,10.2,,,76.0,232.0,29.969833333333334,7.0,Oregon,2017.0,2017.0,,,1.0,0.06666667
2024,15,00-0033246,J.Mundt,TE,MIN,CHI,0,0,0.0,0,0.0,0.0,0.0,0,0.0,0,1,0,0.0,0,0.0,0.0,,,76.0,232.0,29.969833333333334,7.0,Oregon,2017.0,2017.0,,,18.0,0.027027028
2024,17,00-0033246,J.Mundt,TE,MIN,GB,0,0,0.0,0,0.0,0.0,0.0,0,0.0,0,1,1,7.0,0,0.7,1.7,,,76.0,232.0,29.969833333333334,7.0,Oregon,2017.0,2017.0,,,2.0,0.024390243
2024,19,00-0033246,J.Mundt,TE,MIN,LA,0,0,0.0,0,0.0,0.0,0.0,0,0.0,0,3,2,28.0,0,2.8,4.8,,,76.0,232.0,29.969833333333334,7.0,Oregon,2017.0,2017.0,,,,0.075
2024,10,00-0033280,C.McCaffrey,RB,SF,TB,0,0,0.0,0,0.0,0.0,0.0,13,39.0,0,7,6,68.0,0,10.7,16.7,,,71.0,205.0,28.417411764705882,7.0,Stanford,2017.0,2017.0,CAR,8.0,,0.20588236
2024,11,00-0033280,C.McCaffrey,RB,SF,SEA,0,0,0.0,0,0.0,0.0,0.0,19,79.0,0,5,4,27.0,0,10.6,14.6,,,71.0,205.0,28.417411764705882,7.0,Stanford,2017.0,2017.0,CAR,8.0,-3.0,0.17857143
2024,12,00-0033280,C.McCaffrey,RB,SF,GB,0,0,0.0,0,0.0,0.0,0.0,11,31.0,0,4,3,37.0,0,4.8,7.8,,,71.0,205.0,28.417411764705882,7.0,Stanford,2017.0,2017.0,CAR,8.0,,0.15384616
2024,13,00-0033280,C.McCaffrey,RB,SF,BUF,0,0,0.0,0,0.0,0.0,0.0,7,53.0,0,3,2,14.0,0,6.7,8.7,,,71.0,205.0,28.417411764705882,7.0,Stanford,2017.0,2017.0,CAR,8.0,,0.1764706
2024,1,00-0033282,C.Samuel,WR,BUF,ARI,0,0,0.0,0,0.0,0.0,0.0,0,0.0,0,2,2,15.0,0,1.5,3.5,,,71.0,195.0,28.26725,7.0,Ohio State,2017.0,2017.0,CAR,40.0,6.0,0.08695652
2024,2,00-0033282,C.Samuel,WR,BUF,MIA,0,0,0.0,0,0.0,0.0,0.0,0,0.0,0,2,1,3.0,0,0.3,1.3,,,71.0,195.0,28.26725,7.0,Ohio State,2017.0,2017.0,CAR,40.0,,0.11111111
2024,3,00-0033282,C.Samuel,WR,BUF,JAX,0,0,0.0,0,0.0,0.0,0.0,1,0.0,0,3,3,22.0,0,2.2,5.2,,,71.0,195.0,28.26725,7.0,Ohio State,2017.0,2017.0,CAR,40.0,37.0,0.1
2024,4,00-0033282,C.Samuel,WR,BUF,BAL,0,0,0.0,0,0.0,0.0,0.0,1,7.0,0,2,2,8.0,0,1.5,3.5,,,71.0,195.0,28.26725,7.0,Ohio State,2017.0,2017.0,CAR,40.0,,0.074074075
2024,5,00-0033282,C.Samuel,WR,BUF,HOU,0,0,0.0,0,0.0,0.0,0.0,1,-1.0,0,4,1,0.0,0,-0.1,0.9,,,71.0,195.0,28.26725,7.0,Ohio State,2017.0,2017.0,CAR,40.0,,0.13793103
2024,6,00-0033282,C.Samuel,WR,BUF,NYJ,0,0,0.0,0,0.0,0.0,0.0,0,0.0,0,4,3,44.0,0,4.4,7.4,,,71.0,195.0,28.26725,7.0,Ohio State,2017.0,2017.0,CAR,40.0,,0.17391305
2024,7,00-0033282,C.Samuel,WR,BUF,TEN,0,0,0.0,0,0.0,0.0,0.0,0,0.0,0,1,0,0.0,0,0.0,0.0,,,71.0,195.0,28.26725,7.0,Ohio State,2017.0,2017.0,CAR,40.0,24.0,0.03125
2024,9,00-0033282,C.Samuel,WR,BUF,MIA,0,0,0.0,0,0.0,0.0,0.0,0,0.0,0,1,0,0.0,0,0.0,0.0,,,71.0,195.0,28.26725,7.0,Ohio State,2017.0,2017.0,CAR,40.0,3.0,0.027777778
2024,10,00-0033282,C.Samuel,WR,BUF,IND,0,0,0.0,0,0.0,0.0,0.0,0,0.0,0,8,4,35.0,0,3.5,7.5,,,71.0,195.0,28.26725,7.0,Ohio State,2017.0,2017.0,CAR,40.0,,0.22857143
2024,11,00-0033282,C.Samuel,WR,BUF,KC,0,0,0.0,0,0.0,0.0,0.0,0,0.0,0,6,5,58.0,1,11.8,16.8,,,71.0,195.0,28.26725,7.0,Ohio State,2017.0,2017.0,CAR,40.0,9.0,0.15789473
2024,13,00-0033282,C.Samuel,WR,BUF,SF,0,0,0.0,0,0.0,0.0,0.0,1,7.0,0,0,0,0.0,0,0.7,0.7,,,71.0,195.0,28.26725,7.0,Ohio State,2017.0,2017.0,CAR,40.0,25.0,
2024,14,00-0033282,C.Samuel,WR,BUF,LA,0,0,0.0,0,0.0,0.0,0.0,1,1.0,0,3,2,15.0,0,1.6,3.6,,,71.0,195.0,28.26725,7.0,Ohio State,2017.0,2017.0,CAR,40.0,,0.08108108
2024,15,00-0033282,C.Samuel,WR,BUF,DET,0,0,0.0,0,0.0,0.0,0.0,0,0.0,0,2,1,1.0,0,0.1,1.1,,,71.0,195.0,28.26725,7.0,Ohio State,2017.0,2017.0,CAR,40.0,,0.0625
2024,18,00-0033282,C.Samuel,WR,BUF,NE,0,0,0.0,0,0.0,0.0,0.0,0,0.0,0,8,7,52.0,0,5.2,12.2,,,71.0,195.0,28.26725,7.0,Ohio State,2017.0,2017.0,CAR,40.0,,0.2580645
2024,19,00-0033282,C.Samuel,WR,BUF,DEN,0,0,0.0,0,0.0,0.0,0.0,0,0.0,0,3,3,68.0,1,12.8,15.8,,,71.0,195.0,28.26725,7.0,Ohio State,2017.0,2017.0,CAR,40.0,24.0,0.12
2024,20,00-0033282,C.Samuel,WR,BUF,BAL,0,0,0.0,0,0.0,0.0,0.0,0,0.0,0,2,2,9.0,0,0.9,2.9,,,71.0,195.0,28.26725,7.0,Ohio State,2017.0,2017.0,CAR,40.0,2.0,0.0952381
2024,21,00-0033282,C.Samuel,WR,BUF,KC,0,0,0.0,0,0.0,0.0,0.0,0,0.0,0,3,1,4.0,1,6.4,7.4,,,71.0,195.0,28.26725,7.0,Ohio State,2017.0,2017.0,CAR,40.0,,0.09677419
2024,1,00-0033288,G.Kittle,TE,SF,NYJ,0,0,0.0,0,0.0,0.0,0.0,0,0.0,0,5,4,40.0,0,4.0,8.0,,,76.0,250.0,31.07858823529412,7.0,Iowa,2017.0,2017.0,SF,146.0,13.0,0.1724138
2024,2,00-0033288,G.Kittle,TE,SF,MIN,0,0,0.0,0,0.0,0.0,0.0,0,0.0,0,8,7,76.0,1,13.6,20.6,,,76.0,250.0,31.07858823529412,7.0,Iowa,2017.0,2017.0,SF,146.0,,0.22222222
2024,4,00-0033288,G.Kittle,TE,SF,NE,0,0,0.0,0,0.0,0.0,0.0,0,0.0,0,4,4,45.0,1,10.5,14.5,,,76.0,250.0,31.07858823529412,7.0,Iowa,2017.0,2017.0,SF,146.0,17.0,0.15384616
2024,5,00-0033288,G.Kittle,TE,SF,ARI,0,0,0.0,0,0.0,0.0,0.0,0,0.0,0,12,8,64.0,1,12.4,20.4,,,76.0,250.0,31.07858823529412,7.0,Iowa,2017.0,2017.0,SF,146.0,-1.0,0.375
2024,6,00-0033288,G.Kittle,TE,SF,SEA,0,0,0.0,0,0.0,0.0,0.0,0,0.0,0,6,5,58.0,2,17.8,22.8,,,76.0,250.0,31.07858823529412,7.0,Iowa,2017.0,2017.0,SF,146.0,,0.22222222
2024,7,00-0033288,G.Kittle,TE,SF,KC,0,0,0.0,0,0.0,0.0,0.0,0,0.0,0,7,6,92.0,0,9.2,15.2,,,76.0,250.0,31.07858823529412,7.0,Iowa,2017.0,2017.0,SF,146.0,-10.0,0.22580644
2024,8,00-0033288,G.Kittle,TE,SF,DAL,0,0,0.0,0,0.0,0.0,0.0,0,0.0,0,7,6,128.0,1,18.8,24.8,,,76.0,250.0,31.07858823529412,7.0,Iowa,2017.0,2017.0,SF,146.0,6.0,0.28
2024,10,00-0033288,G.Kittle,TE,SF,TB,0,0,0.0,0,0.0,0.0,0.0,0,0.0,0,4,3,57.0,1,11.7,14.7,,,76.0,250.0,31.07858823529412,7.0,Iowa,2017.0,2017.0,SF,146.0,,0.11764706
2024,12,00-0033288,G.Kittle,TE,SF,GB,0,0,0.0,0,0.0,0.0,0.0,0,0.0,0,6,6,82.0,1,14.2,20.2,,,76.0,250.0,31.07858823529412,7.0,Iowa,2017.0,2017.0,SF,146.0,,0.23076923
2024,13,00-0033288,G.Kittle,TE,SF,BUF,0,0,0.0,0,0.0,0.0,0.0,0,0.0,0,2,1,7.0,0,0.7,1.7,,,76.0,250.0,31.07858823529412,7.0,Iowa,2017.0,2017.0,SF,146.0,,0.11764706
2024,14,00-0033288,G.Kittle,TE,SF,CHI,0,0,0.0,0,0.0,0.0,0.0,0,0.0,0,6,6,151.0,0,15.1,21.1,,,76.0,250.0,31.07858823529412,7.0,Iowa,2017.0,2017.0,SF,146.0,25.0,0.23076923
2024,15,00-0033288,G.Kittle,TE,SF,LA,0,0,0.0,0,0.0,0.0,0.0,0,0.0,0,7,4,61.0,0,6.1,10.1,,,76.0,250.0,31.07858823529412,7.0,Iowa,2017.0,2017.0,SF,146.0,-6.0,0.22580644
2024,16,00-0033288,G.Kittle,TE,SF,MIA,0,0,0.0,0,0.0,0.0,0.0,0,0.0,0,9,8,106.0,0,10.6,18.6,,,76.0,250.0,31.07858823529412,7.0,Iowa,2017.0,2017.0,SF,146.0,,0.24324325
2024,17,00-0033288,G.Kittle,TE,SF,DET,0,0,0.0,0,0.0,0.0,0.0,0,0.0,0,8,8,112.0,0,11.2,19.2,,,76.0,250.0,31.07858823529412,7.0,Iowa,2017.0,2017.0,SF,146.0,-6.0,0.22222222
2024,18,00-0033288,G.Kittle,TE,SF,ARI,0,0,0.0,0,0.0,0.0,0.0,0,0.0,0,3,2,27.0,0,2.7,4.7,,,76.0,250.0,31.07858823529412,7.0,Iowa,2017.0,2017.0,SF,146.0,,0.071428575
2024,18,00-0033292,T.Taylor,WR,SF,ARI,0,0,0.0,0,0.0,0.0,0.0,0,0.0,0,1,1,11.0,0,1.1,2.1,,,68.0,181.0,30.52294117647059,7.0,Louisiana Tech,2017.0,2017.0,SF,177.0,,0.023809524
2024,1,00-0033293,A.Jones,RB,MIN,NYG,0,0,0.0,0,0.0,0.0,0.0,14,94.0,1,2,2,15.0,0,16.9,18.9,,,69.0,208.0,29.945222222222224,7.0,Texas-El Paso,2017.0,2017.0,GB,182.0,,0.08695652
2024,2,00-0033293,A.Jones,RB,MIN,SF,0,0,0.0,0,0.0,0.0,0.0,9,32.0,0,6,5,36.0,0,4.8,9.8,,,69.0,208.0,29.945222222222224,7.0,Texas-El Paso,2017.0,2017.0,GB,182.0,6.0,0.25
2024,3,00-0033293,A.Jones,RB,MIN,HOU,0,0,0.0,0,0.0,0.0,0.0,19,102.0,0,6,5,46.0,1,20.8,25.8,,,69.0,208.0,29.945222222222224,7.0,Texas-El Paso,2017.0,2017.0,GB,182.0,27.0,0.24
2024,4,00-0033293,A.Jones,RB,MIN,GB,0,0,0.0,0,0.0,0.0,0.0,22,93.0,0,5,4,46.0,0,13.9,17.9,,,69.0,208.0,29.945222222222224,7.0,Texas-El Paso,2017.0,2017.0,GB,182.0,,0.18518518
2024,5,00-0033293,A.Jones,RB,MIN,NYJ,0,0,0.0,0,0.0,0.0,0.0,7,29.0,0,1,1,24.0,0,5.3,6.3,,,69.0,208.0,29.945222222222224,7.0,Texas-El Paso,2017.0,2017.0,GB,182.0,6.0,0.035714287
2024,7,00-0033293,A.Jones,RB,MIN,DET,0,0,0.0,0,0.0,0.0,0.0,14,93.0,1,3,3,23.0,0,17.6,20.6,,,69.0,208.0,29.945222222222224,7.0,Texas-El Paso,2017.0,2017.0,GB,182.0,-2.0,0.115384616
2024,8,00-0033293,A.Jones,RB,MIN,LA,0,0,0.0,0,0.0,0.0,0.0,19,58.0,0,2,2,37.0,0,9.5,11.5,,,69.0,208.0,29.945222222222224,7.0,Texas-El Paso,2017.0,2017.0,GB,182.0,,0.08695652
2024,9,00-0033293,A.Jones,RB,MIN,IND,0,0,0.0,0,0.0,0.0,0.0,21,64.0,0,4,4,18.0,0,8.2,12.2,,,69.0,208.0,29.945222222222224,7.0,Texas-El Paso,2017.0,2017.0,GB,182.0,8.0,0.121212125
2024,10,00-0033293,A.Jones,RB,MIN,JAX,0,0,0.0,0,0.0,0.0,0.0,17,88.0,0,3,2,13.0,0,10.1,12.1,,,69.0,208.0,29.945222222222224,7.0,Texas-El Paso,2017.0,2017.0,GB,182.0,,0.08108108
2024,11,00-0033293,A.Jones,RB,MIN,TEN,0,0,0.0,0,0.0,0.0,0.0,15,39.0,0,1,1,4.0,0,4.3,5.3,,,69.0,208.0,29.945222222222224,7.0,Texas-El Paso,2017.0,2017.0,GB,182.0,,0.033333335
2024,12,00-0033293,A.Jones,RB,MIN,CHI,0,0,0.0,0,0.0,0.0,0.0,22,106.0,1,4,3,23.0,0,16.9,19.9,,,69.0,208.0,29.945222222222224,7.0,Texas-El Paso,2017.0,2017.0,GB,182.0,,0.125
2024,13,00-0033293,A.Jones,RB,MIN,ARI,0,0,0.0,0,0.0,0.0,0.0,5,22.0,0,4,3,6.0,1,6.8,9.8,,,69.0,208.0,29.945222222222224,7.0,Texas-El Paso,2017.0,2017.0,GB,182.0,1.0,0.13333334
2024,14,00-0033293,A.Jones,RB,MIN,ATL,0,0,0.0,0,0.0,0.0,0.0,13,73.0,1,2,2,11.0,0,14.4,16.4,,,69.0,208.0,29.945222222222224,7.0,Texas-El Paso,2017.0,2017.0,GB,182.0,21.0,0.071428575
2024,15,00-0033293,A.Jones,RB,MIN,CHI,0,0,0.0,0,0.0,0.0,0.0,18,86.0,1,3,2,20.0,0,16.6,18.6,,,69.0,208.0,29.945222222222224,7.0,Texas-El Paso,2017.0,2017.0,GB,182.0,18.0,0.08108108
2024,16,00-0033293,A.Jones,RB,MIN,SEA,0,0,0.0,0,0.0,0.0,0.0,18,67.0,0,5,3,26.0,0,9.3,12.3,,,69.0,208.0,29.945222222222224,7.0,Texas-El Paso,2017.0,2017.0,GB,182.0,,0.14285715
2024,17,00-0033293,A.Jones,RB,MIN,GB,0,0,0.0,0,0.0,0.0,0.0,12,47.0,0,5,4,30.0,0,7.7,11.7,,,69.0,208.0,29.945222222222224,7.0,Texas-El Paso,2017.0,2017.0,GB,182.0,2.0,0.12195122
2024,18,00-0033293,A.Jones,RB,MIN,DET,0,0,0.0,0,0.0,0.0,0.0,10,45.0,0,6,5,30.0,0,7.5,12.5,,,69.0,208.0,29.945222222222224,7.0,Texas-El Paso,2017.0,2017.0,GB,182.0,,0.15789473
2024,19,00-0033293,A.Jones,RB,MIN,LA,0,0,0.0,0,0.0,0.0,0.0,13,48.0,0,6,3,12.0,0,6.0,9.0,,,69.0,208.0,29.945222222222224,7.0,Texas-El Paso,2017.0,2017.0,GB,182.0,,0.15
2024,5,00-0033307,K.Bourne,WR,NE,MIA,0,0,0.0,0,0.0,0.0,0.0,0,0.0,0,1,1,6.0,0,0.6,1.6,,,73.0,203.0,29.255117647058825,7.0,Eastern Washington,2017.0,2017.0,,,-5.0,0.033333335
2024,6,00-0033307,K.Bourne,WR,NE,HOU,0,0,0.0,0,0.0,0.0,0.0,0,0.0,0,2,2,9.0,0,0.9,2.9,,,73.0,203.0,29.255117647058825,7.0,Eastern Washington,2017.0,2017.0,,,-20.0,0.06451613
2024,7,00-0033307,K.Bourne,WR,NE,JAX,0,0,0.0,0,0.0,0.0,0.0,0,0.0,0,2,1,14.0,0,1.4,2.4,,,73.0,203.0,29.255117647058825,7.0,Eastern Washington,2017.0,2017.0,,,,0.055555556
2024,8,00-0033307,K.Bourne,WR,NE,NYJ,0,0,0.0,0,0.0,0.0,0.0,0,0.0,0,3,0,0.0,0,0.0,0.0,,,73.0,203.0,29.255117647058825,7.0,Eastern Washington,2017.0,2017.0,,,3.0,0.10344828
2024,9,00-0033307,K.Bourne,WR,NE,TEN,0,0,0.0,0,0.0,0.0,0.0,0,0.0,0,6,4,41.0,0,4.1,8.1,,,73.0,203.0,29.255117647058825,7.0,Eastern Washington,2017.0,2017.0,,,,0.15384616
2024,11,00-0033307,K.Bourne,WR,NE,LA,0,0,0.0,0,0.0,0.0,0.0,0,0.0,0,5,5,70.0,1,13.0,18.0,,,73.0,203.0,29.255117647058825,7.0,Eastern Washington,2017.0,2017.0,,,-6.0,0.13513513
2024,12,00-0033307,K.Bourne,WR,NE,MIA,0,1,0.0,0,0.0,0.0,-0.0,0,0.0,0,5,3,30.0,0,3.0,6.0,,,73.0,203.0,29.255117647058825,7.0,Eastern Washington,2017.0,2017.0,,,,0.13513513
2024,13,00-0033307,K.Bourne,WR,NE,IND,0,0,0.0,0,0.0,0.0,0.0,1,6.0,0,3,3,39.0,0,4.5,7.5,,,73.0,203.0,29.255117647058825,7.0,Eastern Washington,2017.0,2017.0,,,-1.0,0.1
2024,15,00-0033307,K.Bourne,WR,NE,ARI,0,0,0.0,0,0.0,0.0,0.0,0,0.0,0,3,3,44.0,0,4.4,7.4,,,73.0,203.0,29.255117647058825,7.0,Eastern Washington,2017.0,2017.0,,,,0.13043478
2024,16,00-0033307,K.Bourne,WR,NE,BUF,0,0,0.0,0,0.0,0.0,0.0,0,0.0,0,2,2,18.0,0,1.8,3.8,,,73.0,203.0,29.255117647058825,7.0,Eastern Washington,2017.0,2017.0,,,,0.06451613
2024,17,00-0033307,K.Bourne,WR,NE,LAC,0,0,0.0,0,0.0,0.0,0.0,0,0.0,0,4,2,22.0,0,2.2,4.2,,,73.0,203.0,29.255117647058825,7.0,Eastern Washington,2017.0,2017.0,,,-33.0,0.17391305
2024,18,00-0033307,K.Bourne,WR,NE,BUF,0,0,0.0,0,0.0,0.0,0.0,0,0.0,0,2,2,12.0,0,1.2,3.2,,,73.0,203.0,29.255117647058825,7.0,Eastern Washington,2017.0,2017.0,,,7.0,0.071428575
2024,3,00-0033319,N.Mullens,QB,MIN,HOU,0,0,0.0,0,0.0,0.0,0.0,1,0.0,0,0,0,0.0,0,0.0,0.0,,,73.0,210.0,29.646833333333333,7.0,Southern Mississippi,2017.0,2017.0,,,27.0,
2024,5,00-0033319,N.Mullens,QB,MIN,NYJ,1,1,24.0,0,0.0,0.0,-0.0,0,0.0,0,0,0,0.0,0,0.96,0.96,,,73.0,210.0,29.646833333333333,7.0,Southern Mississippi,2017.0,2017.0,,,6.0,
2024,12,00-0033319,N.Mullens,QB,MIN,CHI,1,1,14.0,0,0.0,0.0,-0.0,0,0.0,0,0,0,0.0,0,0.56,0.56,,,73.0,210.0,29.646833333333333,7.0,Southern Mississippi,2017.0,2017.0,,,,
2024,14,00-0033319,N.Mullens,QB,MIN,ATL,0,0,0.0,0,0.0,0.0,0.0,2,-2.0,0,0,0,0.0,0,-0.2,-0.2,,,73.0,210.0,29.646833333333333,7.0,Southern Mississippi,2017.0,2017.0,,,21.0,
2024,1,00-0033357,T.Hill,TE,NO,CAR,0,0,0.0,0,0.0,0.0,0.0,5,35.0,0,2,1,1.0,0,3.6,4.6,,,74.0,221.0,34.20505882352941,7.0,Brigham Young,2017.0,2017.0,,,37.0,0.083333336
2024,2,00-0033357,T.Hill,TE,NO,DAL,0,0,0.0,0,0.0,0.0,0.0,3,18.0,0,1,1,1.0,0,1.9,2.9,,,74.0,221.0,34.20505882352941,7.0,Brigham Young,2017.0,2017.0,,,,0.06666667
2024,4,00-0033357,T.Hill,TE,NO,ATL,0,0,0.0,0,0.0,0.0,0.0,6,24.0,2,0,0,0.0,0,14.4,14.4,,,74.0,221.0,34.20505882352941,7.0,Brigham Young,2017.0,2017.0,,,,
2024,8,00-0033357,T.Hill,TE,NO,LAC,1,1,3.0,0,0.0,0.0,-0.0,4,20.0,0,4,2,21.0,0,4.22,6.22,,,74.0,221.0,34.20505882352941,7.0,Brigham Young,2017.0,2017.0,,,,0.10526316
2024,9,00-0033357,T.Hill,TE,NO,CAR,0,1,0.0,0,0.0,0.0,-0.0,5,19.0,1,5,4,41.0,0,12.0,16.0,,,74.0,221.0,34.20505882352941,7.0,Brigham Young,2017.0,2017.0,,,,0.17857143
2024,10,00-0033357,T.Hill,TE,NO,ATL,0,0,0.0,0,0.0,0.0,0.0,4,14.0,0,2,2,36.0,0,5.0,7.0,,,74.0,221.0,34.20505882352941,7.0,Brigham Young,2017.0,2017.0,,,3.0,0.0952381
2024,11,00-0033357,T.Hill,TE,NO,CLE,1,2,18.0,0,1.0,0.0,-0.0,7,138.0,3,10,8,50.0,0,33.52,41.52,,,74.0,221.0,34.20505882352941,7.0,Brigham Young,2017.0,2017.0,,,21.0,0.35714287
2024,13,00-0033357,T.Hill,TE,NO,LA,0,0,0.0,0,0.0,0.0,0.0,5,10.0,0,7,5,37.0,0,4.7,9.7,,,74.0,221.0,34.20505882352941,7.0,Brigham Young,2017.0,2017.0,,,-7.0,0.20588236
2024,2,00-0033375,T.Patrick,WR,DET,TB,0,0,0.0,0,0.0,0.0,0.0,0,0.0,0,4,2,12.0,0,1.2,3.2,,,76.0,212.0,30.97072222222222,7.0,Utah,2017.0,2017.0,,,-4.0,0.0754717
2024,3,00-0033375,T.Patrick,WR,DET,ARI,0,0,0.0,0,0.0,0.0,0.0,0,0.0,0,1,1,8.0,0,0.8,1.8,,,76.0,212.0,30.97072222222222,7.0,Utah,2017.0,2017.0,,,,0.045454547
2024,4,00-0033375,T.Patrick,WR,DET,SEA,0,0,0.0,0,0.0,0.0,0.0,0,0.0,0,2,2,52.0,0,5.2,7.2,,,76.0,212.0,30.97072222222222,7.0,Utah,2017.0,2017.0,,,13.0,0.10526316
2024,6,00-0033375,T.Patrick,WR,DET,DAL,0,0,0.0,0,0.0,0.0,0.0,0,0.0,0,3,3,68.0,0,6.8,9.8,,,76.0,212.0,30.97072222222222,7.0,Utah,2017.0,2017.0,,,,0.11111111
2024,7,00-0033375,T.Patrick,WR,DET,MIN,0,0,0.0,0,0.0,0.0,0.0,0,0.0,0,2,2,25.0,0,2.5,4.5,,,76.0,212.0,30.97072222222222,7.0,Utah,2017.0,2017.0,,,,0.08
2024,8,00-0033375,T.Patrick,WR,DET,TEN,0,0,0.0,0,0.0,0.0,0.0,0,0.0,0,1,0,0.0,0,0.0,0.0,,,76.0,212.0,30.97072222222222,7.0,Utah,2017.0,2017.0,,,38.0,0.055555556
2024,9,00-0033375,T.Patrick,WR,DET,GB,0,0,0.0,0,0.0,0.0,0.0,0,0.0,0,2,2,12.0,0,1.2,3.2,,,76.0,212.0,30.97072222222222,7.0,Utah,2017.0,2017.0,,,,0.1
2024,11,00-0033375,T.Patrick,WR,DET,JAX,0,0,0.0,0,0.0,0.0,0.0,0,0.0,0,4,3,26.0,0,2.6,5.6,,,76.0,212.0,30.97072222222222,7.0,Utah,2017.0,2017.0,,,46.0,0.12903225
2024,12,00-0033375,T.Patrick,WR,DET,IND,0,0,0.0,0,0.0,0.0,0.0,0,0.0,0,4,4,55.0,0,5.5,9.5,,,76.0,212.0,30.97072222222222,7.0,Utah,2017.0,2017.0,,,,0.121212125
2024,13,00-0033375,T.Patrick,WR,DET,CHI,0,0,0.0,0,0.0,0.0,0.0,0,0.0,0,3,2,48.0,0,4.8,6.8,,,76.0,212.0,30.97072222222222,7.0,Utah,2017.0,2017.0,,,3.0,0.09677419
2024,14,00-0033375,T.Patrick,WR,DET,GB,0,0,0.0,0,0.0,0.0,0.0,0,0.0,0,7,6,43.0,2,16.3,22.3,,,76.0,212.0,30.97072222222222,7.0,Utah,2017.0,2017.0,,,3.0,0.175
2024,15,00-0033375,T.Patrick,WR,DET,BUF,0,0,0.0,0,0.0,0.0,0.0,0,0.0,0,8,4,30.0,1,9.0,13.0,,,76.0,212.0,30.97072222222222,7.0,Utah,2017.0,2017.0,,,-6.0,0.14814815
2024,16,00-0033375,T.Patrick,WR,DET,CHI,0,0,0.0,0,0.0,0.0,0.0,0,0.0,0,1,0,0.0,0,0.0,0.0,,,76.0,212.0,30.97072222222222,7.0,Utah,2017.0,2017.0,,,,0.03125
2024,17,00-0033375,T.Patrick,WR,DET,SF,0,0,0.0,0,0.0,0.0,0.0,0,0.0,0,0,0,0.0,0,2.0,2.0,,,76.0,212.0,30.97072222222222,7.0,Utah,2017.0,2017.0,,,,
2024,18,00-0033375,T.Patrick,WR,DET,MIN,0,0,0.0,0,0.0,0.0,0.0,0,0.0,0,2,2,15.0,0,1.5,3.5,,,76.0,212.0,30.97072222222222,7.0,Utah,2017.0,2017.0,,,22.0,0.0625
2024,20,00-0033375,T.Patrick,WR,DET,WAS,0,0,0.0,0,0.0,0.0,0.0,0,0.0,0,4,1,22.0,0,2.2,3.2,,,76.0,212.0,30.97072222222222,7.0,Utah,2017.0,2017.0,,,-14.0,0.102564104
2024,2,00-0033376,P.Ricard,FB,BAL,LV,0,0,0.0,0,0.0,0.0,0.0,0,0.0,0,1,0,0.0,0,0.0,0.0,,,75.0,311.0,30.463,7.0,Maine,2017.0,2017.0,,,-3.0,0.032258064
2024,7,00-0033376,P.Ricard,FB,BAL,TB,0,0,0.0,0,0.0,0.0,0.0,0,0.0,0,1,0,0.0,0,0.0,0.0,,,75.0,311.0,30.463,7.0,Maine,2017.0,2017.0,,,,0.04761905
2024,9,00-0033376,P.Ricard,FB,BAL,DEN,0,0,0.0,0,0.0,0.0,0.0,0,0.0,0,1,1,3.0,1,6.3,7.3,,,75.0,311.0,30.463,7.0,Maine,2017.0,2017.0,,,31.0,0.05263158
2024,11,00-0033376,P.Ricard,FB,BAL,PIT,0,0,0.0,0,0.0,0.0,0.0,0,0.0,0,1,1,5.0,0,0.5,1.5,,,75.0,311.0,30.463,7.0,Maine,2017.0,2017.0,,,,0.032258064
2024,18,00-0033376,P.Ricard,FB,BAL,CLE,0,0,0.0,0,0.0,0.0,0.0,0,0.0,0,1,1,14.0,0,1.4,2.4,,,75.0,311.0,30.463,7.0,Maine,2017.0,2017.0,,,25.0,0.033333335
2024,3,00-0033439,P.Brown,TE,SEA,MIA,0,0,0.0,0,0.0,0.0,0.0,0,0.0,0,2,1,9.0,0,0.9,1.9,,,77.0,258.0,30.510588235294115,7.0,Oregon,2017.0,2017.0,,,21.0,0.060606062
2024,4,00-0033439,P.Brown,TE,SEA,DET,0,0,0.0,0,0.0,0.0,0.0,0,0.0,0,2,1,3.0,0,0.3,1.3,,,77.0,258.0,30.510588235294115,7.0,Oregon,2017.0,2017.0,,,,0.03773585
2024,5,00-0033439,P.Brown,TE,SEA,NYG,0,0,0.0,0,0.0,0.0,0.0,0,0.0,0,1,1,7.0,0,0.7,1.7,,,77.0,258.0,30.510588235294115,7.0,Oregon,2017.0,2017.0,,,-9.0,0.025641026
2024,12,00-0033439,P.Brown,TE,SEA,ARI,0,0,0.0,0,0.0,0.0,0.0,0,0.0,0,2,2,19.0,0,1.9,3.9,,,77.0,258.0,30.510588235294115,7.0,Oregon,2017.0,2017.0,,,10.0,0.071428575
2024,13,00-0033439,P.Brown,TE,SEA,NYJ,0,0,0.0,0,0.0,0.0,0.0,0,0.0,0,1,0,0.0,0,0.0,0.0,,,77.0,258.0,30.510588235294115,7.0,Oregon,2017.0,2017.0,,,,0.03448276
2024,14,00-0033439,P.Brown,TE,SEA,ARI,0,0,0.0,0,0.0,0.0,0.0,0,0.0,0,2,1,6.0,0,0.6,1.6,,,77.0,258.0,30.510588235294115,7.0,Oregon,2017.0,2017.0,,,,0.06896552
2024,16,00-0033439,P.Brown,TE,SEA,MIN,0,0,0.0,0,0.0,0.0,0.0,0,0.0,0,1,1,17.0,0,1.7,2.7,,,77.0,258.0,30.510588235294115,7.0,Oregon,2017.0,2017.0,,,-3.0,0.023809524
2024,17,00-0033439,P.Brown,TE,SEA,CHI,0,0,0.0,0,0.0,0.0,0.0,0,0.0,0,1,1,4.0,0,-1.6,-0.6,,,77.0,258.0,30.510588235294115,7.0,Oregon,2017.0,2017.0,,,,0.045454547
2024,4,00-0033460,J.Ross,WR,PHI,TB,0,0,0.0,0,0.0,0.0,0.0,0,0.0,0,2,1,6.0,0,0.6,1.6,,,71.0,194.0,28.928181818181816,7.0,Washington,2017.0,2017.0,CIN,9.0,,0.06896552
2024,1,00-0033526,S.Perine,RB,KC,BAL,0,0,0.0,0,0.0,0.0,0.0,0,0.0,0,2,1,10.0,0,1.0,2.0,,,70.0,240.0,29.179199999999998,7.0,Oklahoma,2017.0,2017.0,WAS,114.0,7.0,0.074074075
2024,2,00-0033526,S.Perine,RB,KC,CIN,0,0,0.0,0,0.0,0.0,0.0,0,0.0,0,1,1,3.0,0,0.3,1.3,,,70.0,240.0,29.179199999999998,7.0,Oklahoma,2017.0,2017.0,WAS,114.0,1.0,0.04347826
2024,3,00-0033526,S.Perine,RB,KC,ATL,0,0,0.0,0,0.0,0.0,0.0,6,25.0,0,4,3,15.0,0,4.0,7.0,,,70.0,240.0,29.179199999999998,7.0,Oklahoma,2017.0,2017.0,WAS,114.0,,0.11111111
2024,4,00-0033526,S.Perine,RB,KC,LAC,0,0,0.0,0,0.0,0.0,0.0,5,14.0,1,0,0,0.0,0,7.4,7.4,,,70.0,240.0,29.179199999999998,7.0,Oklahoma,2017.0,2017.0,WAS,114.0,,
2024,5,00-0033526,S.Perine,RB,KC,NO,0,0,0.0,0,0.0,0.0,0.0,0,0.0,0,2,1,24.0,0,2.4,3.4,,,70.0,240.0,29.179199999999998,7.0,Oklahoma,2017.0,2017.0,WAS,114.0,13.0,0.05882353
2024,7,00-0033526,S.Perine,RB,KC,SF,0,0,0.0,0,0.0,0.0,0.0,2,6.0,0,1,1,22.0,0,2.8,3.8,,,70.0,240.0,29.179199999999998,7.0,Oklahoma,2017.0,2017.0,WAS,114.0,,0.04
2024,8,00-0033526,S.Perine,RB,KC,LV,0,0,0.0,0,0.0,0.0,0.0,0,0.0,0,2,2,30.0,0,3.0,5.0,,,70.0,240.0,29.179199999999998,7.0,Oklahoma,2017.0,2017.0,WAS,114.0,,0.057142857
2024,9,00-0033526,S.Perine,RB,KC,TB,0,0,0.0,0,0.0,0.0,0.0,1,10.0,0,5,4,25.0,1,9.5,13.5,,,70.0,240.0,29.179199999999998,7.0,Oklahoma,2017.0,2017.0,WAS,114.0,6.0,0.11904762
2024,10,00-0033526,S.Perine,RB,KC,DEN,0,0,0.0,0,0.0,0.0,0.0,0,0.0,0,2,2,37.0,0,3.7,5.7,,,70.0,240.0,29.179199999999998,7.0,Oklahoma,2017.0,2017.0,WAS,114.0,2.0,0.05
2024,11,00-0033526,S.Perine,RB,KC,BUF,0,0,0.0,0,0.0,0.0,0.0,0,0.0,0,4,2,8.0,0,0.8,2.8,,,70.0,240.0,29.179199999999998,7.0,Oklahoma,2017.0,2017.0,WAS,114.0,,0.12903225
2024,12,00-0033526,S.Perine,RB,KC,CAR,0,0,0.0,0,0.0,0.0,0.0,1,13.0,0,2,2,11.0,0,2.4,4.4,,,70.0,240.0,29.179199999999998,7.0,Oklahoma,2017.0,2017.0,WAS,114.0,,0.055555556
2024,13,00-0033526,S.Perine,RB,KC,LV,0,0,0.0,0,0.0,0.0,0.0,0,0.0,0,1,1,15.0,0,1.5,2.5,,,70.0,240.0,29.179199999999998,7.0,Oklahoma,2017.0,2017.0,WAS,114.0,2.0,0.022222223
2024,14,00-0033526,S.Perine,RB,KC,LAC,0,0,0.0,0,0.0,0.0,0.0,1,3.0,0,2,1,16.0,0,1.9,2.9,,,70.0,240.0,29.179199999999998,7.0,Oklahoma,2017.0,2017.0,WAS,114.0,2.0,0.055555556
2024,15,00-0033526,S.Perine,RB,KC,CLE,0,0,0.0,0,0.0,0.0,0.0,1,11.0,0,1,1,23.0,0,3.4,4.4,,,70.0,240.0,29.179199999999998,7.0,Oklahoma,2017.0,2017.0,WAS,114.0,,0.02631579
2024,16,00-0033526,S.Perine,RB,KC,HOU,0,0,0.0,0,0.0,0.0,0.0,0,0.0,0,3,3,50.0,0,5.0,8.0,,,70.0,240.0,29.179199999999998,7.0,Oklahoma,2017.0,2017.0,WAS,114.0,8.0,0.07317073
2024,17,00-0033526,S.Perine,RB,KC,PIT,0,0,0.0,0,0.0,0.0,0.0,2,9.0,0,2,2,20.0,0,2.9,4.9,,,70.0,240.0,29.179199999999998,7.0,Oklahoma,2017.0,2017.0,WAS,114.0,,0.05263158
2024,18,00-0033526,S.Perine,RB,KC,DEN,0,0,0.0,0,0.0,0.0,0.0,1,1.0,0,1,1,13.0,0,1.4,2.4,,,70.0,240.0,29.179199999999998,7.0,Oklahoma,2017.0,2017.0,WAS,114.0,,0.05882353
2024,20,00-0033526,S.Perine,RB,KC,HOU,0,0,0.0,0,0.0,0.0,0.0,0,0.0,0,1,0,0.0,0,0.0,0.0,,,70.0,240.0,29.179199999999998,7.0,Oklahoma,2017.0,2017.0,WAS,114.0,9.0,0.041666668
2024,21,00-0033526,S.Perine,RB,KC,BUF,0,0,0.0,0,0.0,0.0,0.0,0,0.0,0,1,1,17.0,0,1.7,2.7,,,70.0,240.0,29.179199999999998,7.0,Oklahoma,2017.0,2017.0,WAS,114.0,3.0,0.04
2024,22,00-0033526,S.Perine,RB,KC,PHI,0,0,0.0,0,0.0,0.0,0.0,1,8.0,0,1,0,0.0,0,0.8,0.8,,,70.0,240.0,29.179199999999998,7.0,Oklahoma,2017.0,2017.0,WAS,114.0,,0.03125
2024,2,00-0033536,M.Williams,WR,NYJ,TEN,0,0,0.0,0,0.0,0.0,0.0,0,0.0,0,1,1,19.0,0,1.9,2.9,,,76.0,218.0,30.100578947368422,7.0,Clemson,2017.0,2017.0,LAC,7.0,,0.03448276
2024,3,00-0033536,M.Williams,WR,NYJ,NE,0,0,0.0,0,0.0,0.0,0.0,0,0.0,0,4,3,34.0,0,3.4,6.4,,,76.0,218.0,30.100578947368422,7.0,Clemson,2017.0,2017.0,LAC,7.0,21.0,0.11764706
2024,4,00-0033536,M.Williams,WR,NYJ,DEN,0,0,0.0,0,0.0,0.0,0.0,0,0.0,0,5,4,67.0,0,6.7,10.7,,,76.0,218.0,30.100578947368422,7.0,Clemson,2017.0,2017.0,LAC,7.0,-1.0,0.12195122
2024,5,00-0033536,M.Williams,WR,NYJ,MIN,0,0,0.0,0,0.0,0.0,0.0,0,0.0,0,4,2,25.0,0,2.5,4.5,,,76.0,218.0,30.100578947368422,7.0,Clemson,2017.0,2017.0,LAC,7.0,,0.078431375
2024,6,00-0033536,M.Williams,WR,NYJ,BUF,0,0,0.0,0,0.0,0.0,0.0,0,0.0,0,3,0,0.0,0,0.0,0.0,,,76.0,218.0,30.100578947368422,7.0,Clemson,2017.0,2017.0,LAC,7.0,-3.0,0.0882353
2024,7,00-0033536,M.Williams,WR,NYJ,PIT,0,0,0.0,0,0.0,0.0,0.0,0,0.0,0,2,1,15.0,0,1.5,2.5,,,76.0,218.0,30.100578947368422,7.0,Clemson,2017.0,2017.0,LAC,7.0,,0.051282052
2024,9,00-0033536,M.Williams,WR,NYJ,HOU,0,0,0.0,0,0.0,0.0,0.0,0,0.0,0,2,1,6.0,0,0.6,1.6,,,76.0,218.0,30.100578947368422,7.0,Clemson,2017.0,2017.0,LAC,7.0,8.0,0.0625
2024,10,00-0033536,M.Williams,WR,PIT,WAS,0,0,0.0,0,0.0,0.0,0.0,0,0.0,0,1,1,32.0,1,9.2,10.2,,,76.0,218.0,30.100578947368422,7.0,Clemson,2017.0,2017.0,LAC,7.0,,0.03846154
2024,14,00-0033536,M.Williams,WR,PIT,CLE,0,0,0.0,0,0.0,0.0,0.0,0,0.0,0,4,3,36.0,0,3.6,6.6,,,76.0,218.0,30.100578947368422,7.0,Clemson,2017.0,2017.0,LAC,7.0,13.0,0.16666667
2024,15,00-0033536,M.Williams,WR,PIT,PHI,0,0,0.0,0,0.0,0.0,0.0,0,0.0,0,2,1,15.0,0,1.5,2.5,,,76.0,218.0,30.100578947368422,7.0,Clemson,2017.0,2017.0,LAC,7.0,,0.0952381
2024,16,00-0033536,M.Williams,WR,PIT,BAL,0,0,0.0,0,0.0,0.0,0.0,0,0.0,0,3,3,24.0,0,2.4,5.4,,,76.0,218.0,30.100578947368422,7.0,Clemson,2017.0,2017.0,LAC,7.0,,0.115384616
2024,17,00-0033536,M.Williams,WR,PIT,KC,0,0,0.0,0,0.0,0.0,0.0,0,0.0,0,2,0,0.0,0,0.0,0.0,,,76.0,218.0,30.100578947368422,7.0,Clemson,2017.0,2017.0,LAC,7.0,-19.0,0.057142857
2024,18,00-0033536,M.Williams,WR,PIT,CIN,0,0,0.0,0,0.0,0.0,0.0,0,0.0,0,1,1,25.0,0,2.5,3.5,,,76.0,218.0,30.100578947368422,7.0,Clemson,2017.0,2017.0,LAC,7.0,-2.0,0.03448276
2024,19,00-0033536,M.Williams,WR,PIT,BAL,0,0,0.0,0,0.0,0.0,0.0,0,0.0,0,2,1,37.0,0,3.7,4.7,,,76.0,218.0,30.100578947368422,7.0,Clemson,2017.0,2017.0,LAC,7.0,,0.07692308
2024,1,00-0033537,D.Watson,QB,CLE,DAL,24,45,169.0,1,2.0,6.0,32.0,5,39.0,0,0,0,0.0,0,10.66,10.66,,,75.0,221.0,29.147470588235294,7.0,Clemson,2017.0,2017.0,HOU,12.0,-16.0,
2024,2,00-0033537,D.Watson,QB,CLE,JAX,22,34,186.0,0,0.0,2.0,14.0,5,20.0,1,0,0,0.0,0,15.44,15.44,,,75.0,221.0,29.147470588235294,7.0,Clemson,2017.0,2017.0,HOU,12.0,,
2024,3,00-0033537,D.Watson,QB,CLE,NYG,21,37,196.0,2,0.0,8.0,48.0,4,26.0,0,0,0,0.0,0,16.44,16.44,,,75.0,221.0,29.147470588235294,7.0,Clemson,2017.0,2017.0,HOU,12.0,-6.0,
2024,4,00-0033537,D.Watson,QB,CLE,LV,24,32,176.0,1,1.0,3.0,27.0,8,32.0,0,0,0,0.0,0,12.24,12.24,,,75.0,221.0,29.147470588235294,7.0,Clemson,2017.0,2017.0,HOU,12.0,,
2024,5,00-0033537,D.Watson,QB,CLE,WAS,15,28,125.0,1,0.0,7.0,33.0,3,14.0,0,0,0,0.0,0,8.4,8.4,,,75.0,221.0,29.147470588235294,7.0,Clemson,2017.0,2017.0,HOU,12.0,,
2024,6,00-0033537,D.Watson,QB,CLE,PHI,16,23,168.0,0,0.0,5.0,24.0,4,17.0,0,0,0,0.0,0,8.42,8.42,,,75.0,221.0,29.147470588235294,7.0,Clemson,2017.0,2017.0,HOU,12.0,,
2024,7,00-0033537,D.Watson,QB,CLE,CIN,15,17,128.0,0,0.0,2.0,13.0,2,0.0,0,0,0,0.0,0,5.12,5.12,,,75.0,221.0,29.147470588235294,7.0,Clemson,2017.0,2017.0,HOU,12.0,-7.0,
2024,1,00-0033553,J.Conner,RB,ARI,BUF,0,0,0.0,0,0.0,0.0,0.0,16,50.0,1,4,3,33.0,0,16.3,19.3,,,73.0,233.0,29.508235294117647,7.0,Pittsburgh,2017.0,2017.0,PIT,105.0,,0.12903225
2024,2,00-0033553,J.Conner,RB,ARI,LA,0,0,0.0,0,0.0,0.0,0.0,21,122.0,1,1,1,2.0,0,18.4,19.4,,,73.0,233.0,29.508235294117647,7.0,Pittsburgh,2017.0,2017.0,PIT,105.0,31.0,0.04761905
2024,3,00-0033553,J.Conner,RB,ARI,DET,0,0,0.0,0,0.0,0.0,0.0,9,17.0,0,1,1,8.0,0,2.5,3.5,,,73.0,233.0,29.508235294117647,7.0,Pittsburgh,2017.0,2017.0,PIT,105.0,-7.0,0.029411765
2024,4,00-0033553,J.Conner,RB,ARI,WAS,0,0,0.0,0,0.0,0.0,0.0,18,104.0,1,1,1,9.0,0,17.3,18.3,,,73.0,233.0,29.508235294117647,7.0,Pittsburgh,2017.0,2017.0,PIT,105.0,-28.0,0.045454547
2024,5,00-0033553,J.Conner,RB,ARI,SF,0,0,0.0,0,0.0,0.0,0.0,19,86.0,0,3,2,14.0,0,12.0,14.0,,,73.0,233.0,29.508235294117647,7.0,Pittsburgh,2017.0,2017.0,PIT,105.0,,0.1
2024,6,00-0033553,J.Conner,RB,ARI,GB,0,0,0.0,0,0.0,0.0,0.0,7,24.0,0,5,4,22.0,0,2.6,6.6,,,73.0,233.0,29.508235294117647,7.0,Pittsburgh,2017.0,2017.0,PIT,105.0,,0.15625
2024,7,00-0033553,J.Conner,RB,ARI,LAC,0,0,0.0,0,0.0,0.0,0.0,19,101.0,0,4,2,51.0,0,15.2,17.2,,,73.0,233.0,29.508235294117647,7.0,Pittsburgh,2017.0,2017.0,PIT,105.0,2.0,0.16
2024,8,00-0033553,J.Conner,RB,ARI,MIA,0,0,0.0,0,0.0,0.0,0.0,20,53.0,1,3,2,16.0,0,12.9,14.9,,,73.0,233.0,29.508235294117647,7.0,Pittsburgh,2017.0,2017.0,PIT,105.0,,0.09090909
2024,9,00-0033553,J.Conner,RB,ARI,CHI,0,0,0.0,0,0.0,0.0,0.0,18,107.0,0,3,3,12.0,0,11.9,14.9,,,73.0,233.0,29.508235294117647,7.0,Pittsburgh,2017.0,2017.0,PIT,105.0,20.0,0.15789473
2024,10,00-0033553,J.Conner,RB,ARI,NYJ,0,0,0.0,0,0.0,0.0,0.0,12,33.0,1,5,5,80.0,0,17.3,22.3,,,73.0,233.0,29.508235294117647,7.0,Pittsburgh,2017.0,2017.0,PIT,105.0,25.0,0.20833333
2024,12,00-0033553,J.Conner,RB,ARI,SEA,0,0,0.0,0,0.0,0.0,0.0,7,8.0,0,5,5,41.0,0,4.9,9.9,,,73.0,233.0,29.508235294117647,7.0,Pittsburgh,2017.0,2017.0,PIT,105.0,,0.14705883
2024,13,00-0033553,J.Conner,RB,ARI,MIN,0,0,0.0,0,0.0,0.0,0.0,17,68.0,0,4,3,13.0,0,8.1,11.1,,,73.0,233.0,29.508235294117647,7.0,Pittsburgh,2017.0,2017.0,PIT,105.0,,0.093023255
2024,14,00-0033553,J.Conner,RB,ARI,SEA,0,0,0.0,0,0.0,0.0,0.0,18,90.0,0,4,4,32.0,1,18.2,22.2,,,73.0,233.0,29.508235294117647,7.0,Pittsburgh,2017.0,2017.0,PIT,105.0,-12.0,0.10526316
2024,15,00-0033553,J.Conner,RB,ARI,NE,0,0,0.0,0,0.0,0.0,0.0,16,110.0,2,5,5,28.0,0,25.8,30.8,,,73.0,233.0,29.508235294117647,7.0,Pittsburgh,2017.0,2017.0,PIT,105.0,13.0,0.16129032
2024,16,00-0033553,J.Conner,RB,ARI,CAR,0,0,0.0,0,0.0,0.0,0.0,15,117.0,1,4,4,49.0,0,22.6,26.6,,,73.0,233.0,29.508235294117647,7.0,Pittsburgh,2017.0,2017.0,PIT,105.0,,0.13793103
2024,17,00-0033553,J.Conner,RB,ARI,LA,0,0,0.0,0,0.0,0.0,0.0,4,4.0,0,3,2,4.0,0,0.8,2.8,,,73.0,233.0,29.508235294117647,7.0,Pittsburgh,2017.0,2017.0,PIT,105.0,,0.06666667
2024,1,00-0033555,M.Hollins,WR,BUF,ARI,0,0,0.0,0,0.0,0.0,0.0,0,0.0,0,2,2,25.0,1,8.5,10.5,,,76.0,221.0,31.1693,7.0,North Carolina,2017.0,2017.0,PHI,118.0,6.0,0.08695652
2024,2,00-0033555,M.Hollins,WR,BUF,MIA,0,0,0.0,0,0.0,0.0,0.0,0,0.0,0,1,0,0.0,0,0.0,0.0,,,76.0,221.0,31.1693,7.0,North Carolina,2017.0,2017.0,PHI,118.0,,0.055555556
2024,3,00-0033555,M.Hollins,WR,BUF,JAX,0,0,0.0,0,0.0,0.0,0.0,0,0.0,0,2,1,16.0,0,1.6,2.6,,,76.0,221.0,31.1693,7.0,North Carolina,2017.0,2017.0,PHI,118.0,37.0,0.06666667
2024,4,00-0033555,M.Hollins,WR,BUF,BAL,0,0,0.0,0,0.0,0.0,0.0,0,0.0,0,6,1,5.0,0,0.5,1.5,,,76.0,221.0,31.1693,7.0,North Carolina,2017.0,2017.0,PHI,118.0,,0.22222222
2024,5,00-0033555,M.Hollins,WR,BUF,HOU,0,0,0.0,0,0.0,0.0,0.0,0,0.0,0,6,2,27.0,0,2.7,4.7,,,76.0,221.0,31.1693,7.0,North Carolina,2017.0,2017.0,PHI,118.0,,0.20689656
2024,6,00-0033555,M.Hollins,WR,BUF,NYJ,0,0,0.0,0,0.0,0.0,0.0,0,0.0,0,2,1,8.0,1,6.8,7.8,,,76.0,221.0,31.1693,7.0,North Carolina,2017.0,2017.0,PHI,118.0,,0.08695652
2024,7,00-0033555,M.Hollins,WR,BUF,TEN,0,0,0.0,0,0.0,0.0,0.0,0,0.0,0,1,0,0.0,0,0.0,0.0,,,76.0,221.0,31.1693,7.0,North Carolina,2017.0,2017.0,PHI,118.0,24.0,0.03125
2024,9,00-0033555,M.Hollins,WR,BUF,MIA,0,0,0.0,0,0.0,0.0,0.0,0,0.0,0,5,5,30.0,1,9.0,14.0,,,76.0,221.0,31.1693,7.0,North Carolina,2017.0,2017.0,PHI,118.0,3.0,0.1388889
2024,10,00-0033555,M.Hollins,WR,BUF,IND,0,0,0.0,0,0.0,0.0,0.0,0,0.0,0,4,4,86.0,0,8.6,12.6,,,76.0,221.0,31.1693,7.0,North Carolina,2017.0,2017.0,PHI,118.0,,0.114285715
2024,11,00-0033555,M.Hollins,WR,BUF,KC,0,0,0.0,0,0.0,0.0,0.0,0,0.0,0,2,2,27.0,0,2.7,4.7,,,76.0,221.0,31.1693,7.0,North Carolina,2017.0,2017.0,PHI,118.0,9.0,0.05263158
2024,13,00-0033555,M.Hollins,WR,BUF,SF,0,0,0.0,0,0.0,0.0,0.0,0,0.0,0,1,1,7.0,1,6.7,7.7,,,76.0,221.0,31.1693,7.0,North Carolina,2017.0,2017.0,PHI,118.0,25.0,0.055555556
2024,14,00-0033555,M.Hollins,WR,BUF,LA,0,0,0.0,0,0.0,0.0,0.0,0,0.0,0,6,4,57.0,1,11.7,15.7,,,76.0,221.0,31.1693,7.0,North Carolina,2017.0,2017.0,PHI,118.0,,0.16216215
2024,15,00-0033555,M.Hollins,WR,BUF,DET,0,0,0.0,0,0.0,0.0,0.0,0,0.0,0,3,1,7.0,0,0.7,1.7,,,76.0,221.0,31.1693,7.0,North Carolina,2017.0,2017.0,PHI,118.0,,0.09375
2024,16,00-0033555,M.Hollins,WR,BUF,NE,0,0,0.0,0,0.0,0.0,0.0,0,0.0,0,3,2,25.0,0,2.5,4.5,,,76.0,221.0,31.1693,7.0,North Carolina,2017.0,2017.0,PHI,118.0,3.0,0.11111111
2024,17,00-0033555,M.Hollins,WR,BUF,NYJ,0,0,0.0,0,0.0,0.0,0.0,0,0.0,0,2,2,33.0,0,3.3,5.3,,,76.0,221.0,31.1693,7.0,North Carolina,2017.0,2017.0,PHI,118.0,26.0,0.074074075
2024,18,00-0033555,M.Hollins,WR,BUF,NE,0,0,0.0,0,0.0,0.0,0.0,0,0.0,0,4,3,25.0,0,2.5,5.5,,,76.0,221.0,31.1693,7.0,North Carolina,2017.0,2017.0,PHI,118.0,,0.12903225
2024,19,00-0033555,M.Hollins,WR,BUF,DEN,0,0,0.0,0,0.0,0.0,0.0,0,0.0,0,2,1,19.0,0,1.9,2.9,,,76.0,221.0,31.1693,7.0,North Carolina,2017.0,2017.0,PHI,118.0,24.0,0.08
2024,20,00-0033555,M.Hollins,WR,BUF,BAL,0,0,0.0,0,0.0,0.0,0.0,0,0.0,0,2,1,12.0,0,1.2,2.2,,,76.0,221.0,31.1693,7.0,North Carolina,2017.0,2017.0,PHI,118.0,2.0,0.0952381
2024,21,00-0033555,M.Hollins,WR,BUF,KC,0,0,0.0,0,0.0,0.0,0.0,0,0.0,0,4,3,73.0,1,13.3,16.3,,,76.0,221.0,31.1693,7.0,North Carolina,2017.0,2017.0,PHI,118.0,,0.12903225
2024,7,00-0033557,J.Reeves-Maybin,OLB,DET,MIN,0,0,0.0,0,0.0,0.0,0.0,1,1.0,0,0,0,0.0,0,0.1,0.1,,,73.0,233.0,29.782555555555557,7.0,Tennessee,2017.0,2017.0,DET,124.0,,
2024,1,00-0033576,E.Saubert,TE,SF,NYJ,0,0,0.0,0,0.0,0.0,0.0,0,0.0,0,1,0,0.0,0,0.0,0.0,,,77.0,253.0,30.49823529411765,7.0,Drake,2017.0,2017.0,ATL,174.0,13.0,0.03448276
2024,2,00-0033576,E.Saubert,TE,SF,MIN,0,0,0.0,0,0.0,0.0,0.0,0,0.0,0,2,2,26.0,0,2.6,4.6,,,77.0,253.0,30.49823529411765,7.0,Drake,2017.0,2017.0,ATL,174.0,,0.055555556
2024,3,00-0033576,E.Saubert,TE,SF,LA,0,0,0.0,0,0.0,0.0,0.0,0,0.0,0,2,2,41.0,0,4.1,6.1,,,77.0,253.0,30.49823529411765,7.0,Drake,2017.0,2017.0,ATL,174.0,,0.06666667
2024,11,00-0033576,E.Saubert,TE,SF,SEA,0,0,0.0,0,0.0,0.0,0.0,0,0.0,0,1,1,7.0,0,0.7,1.7,,,77.0,253.0,30.49823529411765,7.0,Drake,2017.0,2017.0,ATL,174.0,-3.0,0.035714287
2024,12,00-0033576,E.Saubert,TE,SF,GB,0,0,0.0,0,0.0,0.0,0.0,0,0.0,0,1,0,0.0,0,0.0,0.0,,,77.0,253.0,30.49823529411765,7.0,Drake,2017.0,2017.0,ATL,174.0,,0.03846154
2024,14,00-0033576,E.Saubert,TE,SF,CHI,0,0,0.0,0,0.0,0.0,0.0,0,0.0,0,1,1,4.0,0,0.4,1.4,,,77.0,253.0,30.49823529411765,7.0,Drake,2017.0,2017.0,ATL,174.0,25.0,0.03846154
2024,16,00-0033576,E.Saubert,TE,SF,MIA,0,0,0.0,0,0.0,0.0,0.0,0,0.0,0,1,1,2.0,1,6.2,7.2,,,77.0,253.0,30.49823529411765,7.0,Drake,2017.0,2017.0,ATL,174.0,,0.027027028
2024,18,00-0033576,E.Saubert,TE,SF,ARI,0,0,0.0,0,0.0,0.0,0.0,0,0.0,0,5,4,17.0,0,1.7,5.7,,,77.0,253.0,30.49823529411765,7.0,Drake,2017.0,2017.0,ATL,174.0,,0.11904762
2024,1,00-0033589,D.Moore,WR,CAR,NO,0,0,0.0,0,0.0,0.0,0.0,0,0.0,0,3,1,14.0,0,1.4,2.4,,,72.0,215.0,29.80941176470588,7.0,East Central,2017.0,2017.0,SEA,226.0,,0.10344828
2024,2,00-0033589,D.Moore,WR,CAR,LAC,0,0,0.0,0,0.0,0.0,0.0,0,0.0,0,1,0,0.0,0,0.0,0.0,,,72.0,215.0,29.80941176470588,7.0,East Central,2017.0,2017.0,SEA,226.0,-23.0,0.03846154
2024,5,00-0033589,D.Moore,WR,CAR,CHI,0,0,0.0,0,0.0,0.0,0.0,0,0.0,0,3,2,13.0,0,1.3,3.3,,,72.0,215.0,29.80941176470588,7.0,East Central,2017.0,2017.0,SEA,226.0,,0.09090909
2024,6,00-0033589,D.Moore,WR,CAR,ATL,0,0,0.0,0,0.0,0.0,0.0,0,0.0,0,2,2,17.0,0,1.7,3.7,,,72.0,215.0,29.80941176470588,7.0,East Central,2017.0,2017.0,SEA,226.0,-18.0,0.054054055
2024,8,00-0033589,D.Moore,WR,CAR,DEN,0,0,0.0,0,0.0,0.0,0.0,0,0.0,0,5,4,39.0,0,3.9,7.9,,,72.0,215.0,29.80941176470588,7.0,East Central,2017.0,2017.0,SEA,226.0,,0.14285715
2024,9,00-0033589,D.Moore,WR,CAR,NO,0,0,0.0,0,0.0,0.0,0.0,0,0.0,0,4,2,20.0,0,2.0,4.0,,,72.0,215.0,29.80941176470588,7.0,East Central,2017.0,2017.0,SEA,226.0,1.0,0.16666667
2024,10,00-0033589,D.Moore,WR,CAR,NYG,0,0,0.0,0,0.0,0.0,0.0,0,0.0,0,4,2,18.0,0,1.8,3.8,,,72.0,215.0,29.80941176470588,7.0,East Central,2017.0,2017.0,SEA,226.0,3.0,0.16
2024,12,00-0033589,D.Moore,WR,CAR,KC,0,0,0.0,0,0.0,0.0,0.0,0,0.0,0,10,6,81.0,1,14.1,20.1,,,72.0,215.0,29.80941176470588,7.0,East Central,2017.0,2017.0,SEA,226.0,-3.0,0.3030303
2024,13,00-0033589,D.Moore,WR,CAR,TB,0,0,0.0,0,0.0,0.0,0.0,0,0.0,0,9,5,40.0,0,4.0,9.0,,,72.0,215.0,29.80941176470588,7.0,East Central,2017.0,2017.0,SEA,226.0,-3.0,0.2195122
2024,14,00-0033589,D.Moore,WR,CAR,PHI,0,0,0.0,0,0.0,0.0,0.0,0,0.0,0,5,2,25.0,0,2.5,4.5,,,72.0,215.0,29.80941176470588,7.0,East Central,2017.0,2017.0,SEA,226.0,,0.15151516
2024,15,00-0033589,D.Moore,WR,CAR,DAL,0,0,0.0,0,0.0,0.0,0.0,0,0.0,0,4,2,19.0,0,1.9,3.9,,,72.0,215.0,29.80941176470588,7.0,East Central,2017.0,2017.0,SEA,226.0,-16.0,0.14814815
2024,16,00-0033589,D.Moore,WR,CAR,ARI,0,0,0.0,0,0.0,0.0,0.0,1,0.0,0,3,2,39.0,1,9.9,11.9,,,72.0,215.0,29.80941176470588,7.0,East Central,2017.0,2017.0,SEA,226.0,6.0,0.125
2024,17,00-0033589,D.Moore,WR,CAR,TB,0,0,0.0,0,0.0,0.0,0.0,0,0.0,0,1,1,17.0,0,1.7,2.7,,,72.0,215.0,29.80941176470588,7.0,East Central,2017.0,2017.0,SEA,226.0,,0.045454547
2024,18,00-0033589,D.Moore,WR,CAR,ATL,0,0,0.0,0,0.0,0.0,0.0,0,0.0,0,3,1,9.0,1,6.9,7.9,,,72.0,215.0,29.80941176470588,7.0,East Central,2017.0,2017.0,SEA,226.0,,0.08571429
2024,2,00-0033591,N.Brown,WR,WAS,NYG,0,0,0.0,0,0.0,0.0,0.0,0,0.0,0,3,3,56.0,0,5.6,8.6,,,74.0,225.0,28.861900000000002,7.0,Ohio State,2017.0,2017.0,DAL,239.0,3.0,0.10344828
2024,3,00-0033591,N.Brown,WR,WAS,CIN,0,0,0.0,0,0.0,0.0,0.0,0,0.0,0,3,3,29.0,0,2.9,5.9,,,74.0,225.0,28.861900000000002,7.0,Ohio State,2017.0,2017.0,DAL,239.0,,0.13043478
2024,4,00-0033591,N.Brown,WR,WAS,ARI,0,0,0.0,0,0.0,0.0,0.0,0,0.0,0,4,3,26.0,0,2.6,5.6,,,74.0,225.0,28.861900000000002,7.0,Ohio State,2017.0,2017.0,DAL,239.0,,0.13333334
2024,6,00-0033591,N.Brown,WR,WAS,BAL,0,0,0.0,0,0.0,0.0,0.0,0,0.0,0,8,4,58.0,0,5.8,9.8,,,74.0,225.0,28.861900000000002,7.0,Ohio State,2017.0,2017.0,DAL,239.0,,0.24242425
2024,7,00-0033591,N.Brown,WR,WAS,CAR,0,0,0.0,0,0.0,0.0,0.0,0,0.0,0,1,1,16.0,0,1.6,2.6,,,74.0,225.0,28.861900000000002,7.0,Ohio State,2017.0,2017.0,DAL,239.0,33.0,0.04
2024,8,00-0033591,N.Brown,WR,WAS,CHI,0,0,0.0,0,0.0,0.0,0.0,0,0.0,0,6,3,73.0,1,13.3,16.3,,,74.0,225.0,28.861900000000002,7.0,Ohio State,2017.0,2017.0,DAL,239.0,3.0,0.1764706
2024,9,00-0033591,N.Brown,WR,WAS,NYG,0,0,0.0,0,0.0,0.0,0.0,0,0.0,0,6,5,60.0,0,6.0,11.0,,,74.0,225.0,28.861900000000002,7.0,Ohio State,2017.0,2017.0,DAL,239.0,,0.31578946
2024,10,00-0033591,N.Brown,WR,WAS,PIT,0,0,0.0,0,0.0,0.0,0.0,0,0.0,0,7,3,33.0,0,3.3,6.3,,,74.0,225.0,28.861900000000002,7.0,Ohio State,2017.0,2017.0,DAL,239.0,-1.0,0.21875
2024,11,00-0033591,N.Brown,WR,WAS,PHI,0,0,0.0,0,0.0,0.0,0.0,0,0.0,0,4,1,4.0,0,0.4,1.4,,,74.0,225.0,28.861900000000002,7.0,Ohio State,2017.0,2017.0,DAL,239.0,,0.125
2024,12,00-0033591,N.Brown,WR,WAS,DAL,0,0,0.0,0,0.0,0.0,0.0,0,0.0,0,10,6,71.0,0,7.1,13.1,,,74.0,225.0,28.861900000000002,7.0,Ohio State,2017.0,2017.0,DAL,239.0,-8.0,0.29411766
2024,13,00-0033591,N.Brown,WR,WAS,TEN,0,0,0.0,0,0.0,0.0,0.0,0,0.0,0,4,3,27.0,0,2.7,5.7,,,74.0,225.0,28.861900000000002,7.0,Ohio State,2017.0,2017.0,DAL,239.0,23.0,0.13333334
2024,1,00-0033662,C.Rush,QB,DAL,CLE,0,0,0.0,0,0.0,0.0,0.0,1,-1.0,0,0,0,0.0,0,-0.1,-0.1,,,75.0,225.0,30.963117647058827,7.0,Central Michigan,2017.0,2017.0,,,,
2024,2,00-0033662,C.Rush,QB,DAL,NO,1,3,6.0,0,0.0,0.0,-0.0,0,0.0,0,0,0,0.0,0,0.24,0.24,,,75.0,225.0,30.963117647058827,7.0,Central Michigan,2017.0,2017.0,,,-25.0,
2024,6,00-0033662,C.Rush,QB,DAL,DET,8,11,46.0,0,1.0,0.0,-0.0,1,2.0,0,0,0,0.0,0,0.04,0.04,,,75.0,225.0,30.963117647058827,7.0,Central Michigan,2017.0,2017.0,,,-38.0,
2024,9,00-0033662,C.Rush,QB,DAL,ATL,13,25,115.0,1,0.0,0.0,-0.0,1,4.0,0,0,0,0.0,0,11.0,11.0,,,75.0,225.0,30.963117647058827,7.0,Central Michigan,2017.0,2017.0,,,,
2024,10,00-0033662,C.Rush,QB,DAL,PHI,13,23,45.0,0,0.0,1.0,10.0,2,2.0,0,0,0,0.0,0,-2.0,-2.0,,,75.0,225.0,30.963117647058827,7.0,Central Michigan,2017.0,2017.0,,,-28.0,
2024,11,00-0033662,C.Rush,QB,DAL,HOU,32,55,354.0,1,1.0,5.0,34.0,2,2.0,0,0,0,0.0,0,16.36,16.36,,,75.0,225.0,30.963117647058827,7.0,Central Michigan,2017.0,2017.0,,,-24.0,
2024,12,00-0033662,C.Rush,QB,DAL,WAS,24,32,247.0,2,0.0,1.0,6.0,4,1.0,0,0,0,0.0,0,17.98,17.98,,,75.0,225.0,30.963117647058827,7.0,Central Michigan,2017.0,2017.0,,,,
2024,13,00-0033662,C.Rush,QB,DAL,NYG,21,36,195.0,1,0.0,0.0,-0.0,5,0.0,0,0,0,0.0,0,11.8,11.8,,,75.0,225.0,30.963117647058827,7.0,Central Michigan,2017.0,2017.0,,,7.0,
2024,14,00-0033662,C.Rush,QB,DAL,CIN,16,31,183.0,2,1.0,3.0,17.0,2,5.0,0,0,0,0.0,0,13.82,13.82,,,75.0,225.0,30.963117647058827,7.0,Central Michigan,2017.0,2017.0,,,-7.0,
2024,15,00-0033662,C.Rush,QB,DAL,CAR,18,29,214.0,3,0.0,1.0,15.0,4,5.0,0,0,0,0.0,0,19.06,19.06,,,75.0,225.0,30.963117647058827,7.0,Central Michigan,2017.0,2017.0,,,,
2024,16,00-0033662,C.Rush,QB,DAL,TB,26,35,292.0,1,0.0,1.0,6.0,3,-4.0,0,0,0,0.0,0,15.28,15.28,,,75.0,225.0,30.963117647058827,7.0,Central Michigan,2017.0,2017.0,,,2.0,
2024,17,00-0033662,C.Rush,QB,DAL,PHI,15,28,147.0,1,2.0,1.0,7.0,1,2.0,0,0,0,0.0,0,6.08,6.08,,,75.0,225.0,30.963117647058827,7.0,Central Michigan,2017.0,2017.0,,,,
2024,1,00-0033699,A.Ekeler,RB,WAS,TB,0,0,0.0,0,0.0,0.0,0.0,2,10.0,0,4,4,52.0,0,6.2,10.2,,,70.0,200.0,29.502499999999998,7.0,"Western State, Colo.",2017.0,2017.0,,,,0.16666667
2024,2,00-0033699,A.Ekeler,RB,WAS,NYG,0,0,0.0,0,0.0,0.0,0.0,8,38.0,0,3,3,47.0,0,8.5,11.5,,,70.0,200.0,29.502499999999998,7.0,"Western State, Colo.",2017.0,2017.0,,,3.0,0.10344828
2024,3,00-0033699,A.Ekeler,RB,WAS,CIN,0,0,0.0,0,0.0,0.0,0.0,3,35.0,1,2,2,22.0,0,11.7,13.7,,,70.0,200.0,29.502499999999998,7.0,"Western State, Colo.",2017.0,2017.0,,,,0.08695652
2024,5,00-0033699,A.Ekeler,RB,WAS,CLE,0,0,0.0,0,0.0,0.0,0.0,6,67.0,0,2,2,30.0,0,9.7,11.7,,,70.0,200.0,29.502499999999998,7.0,"Western State, Colo.",2017.0,2017.0,,,21.0,0.074074075
2024,6,00-0033699,A.Ekeler,RB,WAS,BAL,0,0,0.0,0,0.0,0.0,0.0,9,21.0,0,5,4,47.0,0,6.8,10.8,,,70.0,200.0,29.502499999999998,7.0,"Western State, Colo.",2017.0,2017.0,,,,0.15151516
2024,7,00-0033699,A.Ekeler,RB,WAS,CAR,0,0,0.0,0,0.0,0.0,0.0,4,17.0,0,2,2,3.0,0,2.0,4.0,,,70.0,200.0,29.502499999999998,7.0,"Western State, Colo.",2017.0,2017.0,,,33.0,0.08
2024,8,00-0033699,A.Ekeler,RB,WAS,CHI,0,0,0.0,0,0.0,0.0,0.0,7,52.0,0,3,2,6.0,0,5.8,7.8,,,70.0,200.0,29.502499999999998,7.0,"Western State, Colo.",2017.0,2017.0,,,3.0,0.0882353
2024,9,00-0033699,A.Ekeler,RB,WAS,NYG,0,0,0.0,0,0.0,0.0,0.0,11,42.0,1,4,3,41.0,0,14.3,17.3,,,70.0,200.0,29.502499999999998,7.0,"Western State, Colo.",2017.0,2017.0,,,,0.21052632
2024,10,00-0033699,A.Ekeler,RB,WAS,PIT,0,0,0.0,0,0.0,0.0,0.0,13,44.0,2,2,1,7.0,0,17.1,18.1,,,70.0,200.0,29.502499999999998,7.0,"Western State, Colo.",2017.0,2017.0,,,-1.0,0.0625
2024,11,00-0033699,A.Ekeler,RB,WAS,PHI,0,0,0.0,0,0.0,0.0,0.0,2,7.0,0,9,8,89.0,0,9.6,17.6,,,70.0,200.0,29.502499999999998,7.0,"Western State, Colo.",2017.0,2017.0,,,,0.28125
2024,12,00-0033699,A.Ekeler,RB,WAS,DAL,0,0,0.0,0,0.0,0.0,0.0,9,22.0,0,3,2,2.0,0,2.4,4.4,,,70.0,200.0,29.502499999999998,7.0,"Western State, Colo.",2017.0,2017.0,,,-8.0,0.0882353
2024,18,00-0033699,A.Ekeler,RB,WAS,DAL,0,0,0.0,0,0.0,0.0,0.0,3,12.0,0,2,2,20.0,0,3.2,5.2,,,70.0,200.0,29.502499999999998,7.0,"Western State, Colo.",2017.0,2017.0,,,,0.06666667
2024,19,00-0033699,A.Ekeler,RB,WAS,TB,0,0,0.0,0,0.0,0.0,0.0,8,27.0,0,4,3,26.0,0,5.3,8.3,,,70.0,200.0,29.502499999999998,7.0,"Western State, Colo.",2017.0,2017.0,,,,0.125
2024,20,00-0033699,A.Ekeler,RB,WAS,DET,0,0,0.0,0,0.0,0.0,0.0,6,47.0,0,4,4,41.0,0,8.8,12.8,,,70.0,200.0,29.502499999999998,7.0,"Western State, Colo.",2017.0,2017.0,,,,0.13793103
2024,21,00-0033699,A.Ekeler,RB,WAS,PHI,0,0,0.0,0,0.0,0.0,0.0,8,15.0,0,7,5,17.0,0,1.2,6.2,,,70.0,200.0,29.502499999999998,7.0,"Western State, Colo.",2017.0,2017.0,,,,0.14893617
2024,1,00-0033854,D.Ogunbowale,RB,HOU,IND,0,0,0.0,0,0.0,0.0,0.0,0,0.0,0,1,1,3.0,0,0.3,1.3,,,71.0,205.0,30.52626315789474,7.0,Wisconsin,2017.0,2017.0,,,,0.032258064
2024,2,00-0033854,D.Ogunbowale,RB,HOU,CHI,0,0,0.0,0,0.0,0.0,0.0,2,3.0,0,2,2,20.0,0,2.3,4.3,,,71.0,205.0,30.52626315789474,7.0,Wisconsin,2017.0,2017.0,,,6.0,0.05882353
2024,3,00-0033854,D.Ogunbowale,RB,HOU,MIN,0,0,0.0,0,0.0,0.0,0.0,0,0.0,0,2,2,28.0,0,2.8,4.8,,,71.0,205.0,30.52626315789474,7.0,Wisconsin,2017.0,2017.0,,,,0.046511628
2024,4,00-0033854,D.Ogunbowale,RB,HOU,JAX,0,0,0.0,0,0.0,0.0,0.0,2,7.0,0,4,4,47.0,1,11.4,15.4,,,71.0,205.0,30.52626315789474,7.0,Wisconsin,2017.0,2017.0,,,4.0,0.102564104
2024,5,00-0033854,D.Ogunbowale,RB,HOU,BUF,0,0,0.0,0,0.0,0.0,0.0,15,30.0,0,7,6,57.0,0,8.7,14.7,,,71.0,205.0,30.52626315789474,7.0,Wisconsin,2017.0,2017.0,,,3.0,0.2
2024,6,00-0033854,D.Ogunbowale,RB,HOU,NE,0,0,0.0,0,0.0,0.0,0.0,2,8.0,0,0,0,0.0,0,0.8,0.8,,,71.0,205.0,30.52626315789474,7.0,Wisconsin,2017.0,2017.0,,,,
2024,7,00-0033854,D.Ogunbowale,RB,HOU,GB,0,0,0.0,0,0.0,0.0,0.0,1,6.0,0,1,0,0.0,0,0.6,0.6,,,71.0,205.0,30.52626315789474,7.0,Wisconsin,2017.0,2017.0,,,,0.05263158
2024,8,00-0033854,D.Ogunbowale,RB,HOU,IND,0,0,0.0,0,0.0,0.0,0.0,1,4.0,0,1,0,0.0,0,0.4,0.4,,,71.0,205.0,30.52626315789474,7.0,Wisconsin,2017.0,2017.0,,,3.0,0.027777778
2024,9,00-0033854,D.Ogunbowale,RB,HOU,NYJ,0,0,0.0,0,0.0,0.0,0.0,1,-1.0,0,3,0,0.0,0,-0.1,-0.1,,,71.0,205.0,30.52626315789474,7.0,Wisconsin,2017.0,2017.0,,,,0.10344828
2024,10,00-0033854,D.Ogunbowale,RB,HOU,DET,0,0,0.0,0,0.0,0.0,0.0,1,11.0,0,0,0,0.0,0,1.1,1.1,,,71.0,205.0,30.52626315789474,7.0,Wisconsin,2017.0,2017.0,,,-3.0,
2024,11,00-0033854,D.Ogunbowale,RB,HOU,DAL,0,0,0.0,0,0.0,0.0,0.0,0,0.0,0,1,1,11.0,0,1.1,2.1,,,71.0,205.0,30.52626315789474,7.0,Wisconsin,2017.0,2017.0,,,,0.030303031
2024,15,00-0033854,D.Ogunbowale,RB,HOU,MIA,0,0,0.0,0,0.0,0.0,0.0,1,35.0,0,0,0,0.0,0,3.5,3.5,,,71.0,205.0,30.52626315789474,7.0,Wisconsin,2017.0,2017.0,,,8.0,
2024,16,00-0033854,D.Ogunbowale,RB,HOU,KC,0,0,0.0,0,0.0,0.0,0.0,0,0.0,0,2,0,0.0,0,0.0,0.0,,,71.0,205.0,30.52626315789474,7.0,Wisconsin,2017.0,2017.0,,,,0.054054055
2024,17,00-0033854,D.Ogunbowale,RB,HOU,BAL,0,0,0.0,0,0.0,0.0,0.0,2,12.0,0,1,1,6.0,0,1.8,2.8,,,71.0,205.0,30.52626315789474,7.0,Wisconsin,2017.0,2017.0,,,-29.0,0.032258064
2024,18,00-0033854,D.Ogunbowale,RB,HOU,TEN,0,0,0.0,0,0.0,0.0,0.0,2,-3.0,0,3,2,26.0,0,2.3,4.3,,,71.0,205.0,30.52626315789474,7.0,Wisconsin,2017.0,2017.0,,,,0.10714286
2024,19,00-0033854,D.Ogunbowale,RB,HOU,LAC,0,0,0.0,0,0.0,0.0,0.0,1,5.0,0,0,0,0.0,0,0.5,0.5,,,71.0,205.0,30.52626315789474,7.0,Wisconsin,2017.0,2017.0,,,20.0,
2024,20,00-0033854,D.Ogunbowale,RB,HOU,KC,0,0,0.0,0,0.0,0.0,0.0,1,9.0,0,1,1,0.0,0,0.9,1.9,,,71.0,205.0,30.52626315789474,7.0,Wisconsin,2017.0,2017.0,,,,0.035714287
2024,1,00-0033857,J.Smith-Schuster,WR,KC,BAL,0,0,0.0,0,0.0,0.0,0.0,0,0.0,0,1,0,0.0,0,0.0,0.0,,,73.0,215.0,27.993599999999997,7.0,Southern California,2017.0,2017.0,PIT,62.0,7.0,0.037037037
2024,3,00-0033857,J.Smith-Schuster,WR,KC,ATL,0,0,0.0,0,0.0,0.0,0.0,0,0.0,0,3,2,17.0,1,7.7,9.7,,,73.0,215.0,27.993599999999997,7.0,Southern California,2017.0,2017.0,PIT,62.0,,0.083333336
2024,5,00-0033857,J.Smith-Schuster,WR,KC,NO,0,0,0.0,0,0.0,0.0,0.0,0,0.0,0,8,7,130.0,0,13.0,20.0,,,73.0,215.0,27.993599999999997,7.0,Southern California,2017.0,2017.0,PIT,62.0,13.0,0.23529412
2024,11,00-0033857,J.Smith-Schuster,WR,KC,BUF,0,0,0.0,0,0.0,0.0,0.0,0,0.0,0,1,1,8.0,0,0.8,1.8,,,73.0,215.0,27.993599999999997,7.0,Southern California,2017.0,2017.0,PIT,62.0,,0.032258064
2024,12,00-0033857,J.Smith-Schuster,WR,KC,CAR,0,0,0.0,0,0.0,0.0,0.0,0,0.0,0,2,1,6.0,0,0.6,1.6,,,73.0,215.0,27.993599999999997,7.0,Southern California,2017.0,2017.0,PIT,62.0,,0.055555556
2024,13,00-0033857,J.Smith-Schuster,WR,KC,LV,0,0,0.0,0,0.0,0.0,0.0,0,0.0,0,1,1,10.0,0,1.0,2.0,,,73.0,215.0,27.993599999999997,7.0,Southern California,2017.0,2017.0,PIT,62.0,2.0,0.022222223
2024,14,00-0033857,J.Smith-Schuster,WR,KC,LAC,0,0,0.0,0,0.0,0.0,0.0,0,0.0,0,2,2,31.0,0,3.1,5.1,,,73.0,215.0,27.993599999999997,7.0,Southern California,2017.0,2017.0,PIT,62.0,2.0,0.055555556
2024,15,00-0033857,J.Smith-Schuster,WR,KC,CLE,0,0,0.0,0,0.0,0.0,0.0,0,0.0,0,3,1,7.0,1,6.7,7.7,,,73.0,215.0,27.993599999999997,7.0,Southern California,2017.0,2017.0,PIT,62.0,,0.078947365
2024,16,00-0033857,J.Smith-Schuster,WR,KC,HOU,0,0,0.0,0,0.0,0.0,0.0,0,0.0,0,1,0,0.0,0,0.0,0.0,,,73.0,215.0,27.993599999999997,7.0,Southern California,2017.0,2017.0,PIT,62.0,8.0,0.024390243
2024,17,00-0033857,J.Smith-Schuster,WR,KC,PIT,0,0,0.0,0,0.0,0.0,0.0,0,0.0,0,2,2,18.0,0,1.8,3.8,,,73.0,215.0,27.993599999999997,7.0,Southern California,2017.0,2017.0,PIT,62.0,,0.05263158
2024,18,00-0033857,J.Smith-Schuster,WR,KC,DEN,0,0,0.0,0,0.0,0.0,0.0,0,0.0,0,2,1,4.0,0,0.4,1.4,,,73.0,215.0,27.993599999999997,7.0,Southern California,2017.0,2017.0,PIT,62.0,,0.11764706
2024,20,00-0033857,J.Smith-Schuster,WR,KC,HOU,0,0,0.0,0,0.0,0.0,0.0,0,0.0,0,1,0,0.0,0,0.0,0.0,,,73.0,215.0,27.993599999999997,7.0,Southern California,2017.0,2017.0,PIT,62.0,9.0,0.041666668
2024,21,00-0033857,J.Smith-Schuster,WR,KC,BUF,0,0,0.0,0,0.0,0.0,0.0,0,0.0,0,3,2,60.0,0,6.0,8.0,,,73.0,215.0,27.993599999999997,7.0,Southern California,2017.0,2017.0,PIT,62.0,3.0,0.12
2024,22,00-0033857,J.Smith-Schuster,WR,KC,PHI,0,0,0.0,0,0.0,0.0,0.0,0,0.0,0,2,2,16.0,0,1.6,3.6,,,73.0,215.0,27.993599999999997,7.0,Southern California,2017.0,2017.0,PIT,62.0,,0.0625
2024,1,00-0033858,J.Smith,TE,MIA,JAX,0,0,0.0,0,0.0,0.0,0.0,0,0.0,0,2,1,7.0,0,0.7,1.7,,,75.0,248.0,29.214823529411763,7.0,Florida International,2017.0,2017.0,TEN,100.0,3.0,0.055555556
2024,2,00-0033858,J.Smith,TE,MIA,BUF,0,0,0.0,0,0.0,0.0,0.0,0,0.0,0,7,6,53.0,0,5.3,11.3,,,75.0,248.0,29.214823529411763,7.0,Florida International,2017.0,2017.0,TEN,100.0,-21.0,0.1891892
2024,3,00-0033858,J.Smith,TE,MIA,SEA,0,0,0.0,0,0.0,0.0,0.0,0,0.0,0,3,2,18.0,0,1.8,3.8,,,75.0,248.0,29.214823529411763,7.0,Florida International,2017.0,2017.0,TEN,100.0,,0.09677419
2024,4,00-0033858,J.Smith,TE,MIA,TEN,0,0,0.0,0,0.0,0.0,0.0,0,0.0,0,1,0,0.0,0,0.0,0.0,,,75.0,248.0,29.214823529411763,7.0,Florida International,2017.0,2017.0,TEN,100.0,-19.0,0.04761905
2024,5,00-0033858,J.Smith,TE,MIA,NE,0,0,0.0,0,0.0,0.0,0.0,1,-1.0,0,8,5,62.0,0,6.1,11.1,,,75.0,248.0,29.214823529411763,7.0,Florida International,2017.0,2017.0,TEN,100.0,,0.2580645
2024,7,00-0033858,J.Smith,TE,MIA,IND,0,0,0.0,0,0.0,0.0,0.0,0,0.0,0,7,7,96.0,1,15.6,22.6,,,75.0,248.0,29.214823529411763,7.0,Florida International,2017.0,2017.0,TEN,100.0,,0.3181818
2024,8,00-0033858,J.Smith,TE,MIA,ARI,0,0,0.0,0,0.0,0.0,0.0,0,0.0,0,6,4,20.0,0,2.0,6.0,,,75.0,248.0,29.214823529411763,7.0,Florida International,2017.0,2017.0,TEN,100.0,-1.0,0.15789473
2024,9,00-0033858,J.Smith,TE,MIA,BUF,0,0,0.0,0,0.0,0.0,0.0,0,0.0,0,6,5,46.0,0,4.6,9.6,,,75.0,248.0,29.214823529411763,7.0,Florida International,2017.0,2017.0,TEN,100.0,,0.22222222
2024,10,00-0033858,J.Smith,TE,MIA,LA,0,0,0.0,0,0.0,0.0,0.0,0,0.0,0,4,3,45.0,0,4.5,7.5,,,75.0,248.0,29.214823529411763,7.0,Florida International,2017.0,2017.0,TEN,100.0,,0.14285715
2024,11,00-0033858,J.Smith,TE,MIA,LV,0,0,0.0,0,0.0,0.0,0.0,0,0.0,0,8,6,101.0,2,22.1,28.1,,,75.0,248.0,29.214823529411763,7.0,Florida International,2017.0,2017.0,TEN,100.0,15.0,0.22857143
2024,12,00-0033858,J.Smith,TE,MIA,NE,0,0,0.0,0,0.0,0.0,0.0,1,0.0,0,11,9,87.0,1,14.7,23.7,,,75.0,248.0,29.214823529411763,7.0,Florida International,2017.0,2017.0,TEN,100.0,19.0,0.275
2024,13,00-0033858,J.Smith,TE,MIA,GB,0,0,0.0,0,0.0,0.0,0.0,0,0.0,0,11,10,113.0,0,11.3,21.3,,,75.0,248.0,29.214823529411763,7.0,Florida International,2017.0,2017.0,TEN,100.0,,0.23913044
2024,14,00-0033858,J.Smith,TE,MIA,NYJ,0,0,0.0,0,0.0,0.0,0.0,0,0.0,0,4,3,44.0,1,10.4,13.4,,,75.0,248.0,29.214823529411763,7.0,Florida International,2017.0,2017.0,TEN,100.0,6.0,0.08888889
2024,15,00-0033858,J.Smith,TE,MIA,HOU,0,0,0.0,0,0.0,0.0,0.0,0,0.0,0,11,9,48.0,1,10.8,19.8,,,75.0,248.0,29.214823529411763,7.0,Florida International,2017.0,2017.0,TEN,100.0,,0.2820513
2024,16,00-0033858,J.Smith,TE,MIA,SF,0,0,0.0,0,0.0,0.0,0.0,0,0.0,0,6,6,62.0,0,6.2,12.2,,,75.0,248.0,29.214823529411763,7.0,Florida International,2017.0,2017.0,TEN,100.0,12.0,0.19354838
2024,17,00-0033858,J.Smith,TE,MIA,CLE,0,0,0.0,0,0.0,0.0,0.0,0,0.0,0,4,3,26.0,1,8.6,11.6,,,75.0,248.0,29.214823529411763,7.0,Florida International,2017.0,2017.0,TEN,100.0,,0.16666667
2024,18,00-0033858,J.Smith,TE,MIA,NYJ,0,0,0.0,0,0.0,0.0,0.0,0,0.0,0,12,9,56.0,1,9.6,18.6,,,75.0,248.0,29.214823529411763,7.0,Florida International,2017.0,2017.0,TEN,100.0,,0.3243243
2024,15,00-0033863,D.Skipper,T,DET,BUF,0,0,0.0,0,0.0,0.0,0.0,0,0.0,0,1,1,9.0,1,6.9,7.9,,,81.0,325.0,30.146666666666665,7.0,Arkansas,2017.0,2017.0,,,-6.0,0.018518519
2024,2,00-0033869,M.Trubisky,QB,BUF,MIA,0,0,0.0,0,0.0,0.0,0.0,2,-2.0,0,0,0,0.0,0,-0.2,-0.2,,,75.0,215.0,30.24395,7.0,North Carolina,2017.0,2017.0,CHI,2.0,,
2024,3,00-0033869,M.Trubisky,QB,BUF,JAX,1,1,3.0,0,0.0,0.0,-0.0,1,-1.0,0,0,0,0.0,0,0.02,0.02,,,75.0,215.0,30.24395,7.0,North Carolina,2017.0,2017.0,CHI,2.0,37.0,
2024,4,00-0033869,M.Trubisky,QB,BUF,BAL,1,2,2.0,0,0.0,0.0,-0.0,0,0.0,0,0,0,0.0,0,0.08,0.08,,,75.0,215.0,30.24395,7.0,North Carolina,2017.0,2017.0,CHI,2.0,,
2024,8,00-0033869,M.Trubisky,QB,BUF,SEA,0,0,0.0,0,0.0,0.0,0.0,3,-3.0,0,0,0,0.0,0,-0.3,-0.3,,,75.0,215.0,30.24395,7.0,North Carolina,2017.0,2017.0,CHI,2.0,,
2024,10,00-0033869,M.Trubisky,QB,BUF,IND,0,0,0.0,0,0.0,0.0,0.0,1,-1.0,0,0,0,0.0,0,-0.1,-0.1,,,75.0,215.0,30.24395,7.0,North Carolina,2017.0,2017.0,CHI,2.0,,
2024,13,00-0033869,M.Trubisky,QB,BUF,SF,1,1,4.0,0,0.0,0.0,-0.0,4,-3.0,0,0,0,0.0,0,-0.14,-0.14,,,75.0,215.0,30.24395,7.0,North Carolina,2017.0,2017.0,CHI,2.0,25.0,
2024,17,00-0033869,M.Trubisky,QB,BUF,NYJ,1,1,69.0,1,0.0,0.0,-0.0,2,-1.0,0,0,0,0.0,0,6.66,6.66,,,75.0,215.0,30.24395,7.0,North Carolina,2017.0,2017.0,CHI,2.0,26.0,
2024,18,00-0033869,M.Trubisky,QB,BUF,NE,15,21,101.0,1,0.0,0.0,-0.0,4,12.0,0,0,0,0.0,0,9.24,9.24,,,75.0,215.0,30.24395,7.0,North Carolina,2017.0,2017.0,CHI,2.0,,
2024,19,00-0033869,M.Trubisky,QB,BUF,DEN,0,0,0.0,0,0.0,0.0,0.0,3,-3.0,0,0,0,0.0,0,-0.3,-0.3,,,75.0,215.0,30.24395,7.0,North Carolina,2017.0,2017.0,CHI,2.0,24.0,
2024,1,00-0033873,P.Mahomes,QB,KC,BAL,20,28,291.0,1,1.0,2.0,10.0,2,3.0,0,1,1,2.0,0,14.14,15.14,,,74.0,230.0,29.176499999999997,7.0,Texas Tech,2017.0,2017.0,KC,10.0,7.0,0.037037037
2024,2,00-0033873,P.Mahomes,QB,KC,CIN,18,25,151.0,2,2.0,2.0,14.0,4,29.0,0,0,0,0.0,0,12.94,12.94,,,74.0,230.0,29.176499999999997,7.0,Texas Tech,2017.0,2017.0,KC,10.0,1.0,
2024,3,00-0033873,P.Mahomes,QB,KC,ATL,26,39,217.0,2,1.0,0.0,-0.0,6,17.0,0,0,0,0.0,0,16.38,16.38,,,74.0,230.0,29.176499999999997,7.0,Texas Tech,2017.0,2017.0,KC,10.0,,
2024,4,00-0033873,P.Mahomes,QB,KC,LAC,19,29,245.0,1,1.0,3.0,17.0,5,12.0,0,0,0,0.0,0,13.0,13.0,,,74.0,230.0,29.176499999999997,7.0,Texas Tech,2017.0,2017.0,KC,10.0,,
2024,5,00-0033873,P.Mahomes,QB,KC,NO,28,39,331.0,0,1.0,2.0,10.0,6,22.0,0,0,0,0.0,0,13.44,13.44,,,74.0,230.0,29.176499999999997,7.0,Texas Tech,2017.0,2017.0,KC,10.0,13.0,
2024,7,00-0033873,P.Mahomes,QB,KC,SF,16,27,154.0,0,2.0,2.0,9.0,5,39.0,1,0,0,0.0,0,12.06,12.06,,,74.0,230.0,29.176499999999997,7.0,Texas Tech,2017.0,2017.0,KC,10.0,,
2024,8,00-0033873,P.Mahomes,QB,KC,LV,27,38,262.0,2,1.0,1.0,10.0,6,17.0,0,0,0,0.0,0,18.18,18.18,,,74.0,230.0,29.176499999999997,7.0,Texas Tech,2017.0,2017.0,KC,10.0,,
2024,9,00-0033873,P.Mahomes,QB,KC,TB,34,44,291.0,3,0.0,4.0,31.0,2,9.0,0,0,0,0.0,0,24.54,24.54,,,74.0,230.0,29.176499999999997,7.0,Texas Tech,2017.0,2017.0,KC,10.0,6.0,
2024,10,00-0033873,P.Mahomes,QB,KC,DEN,28,42,266.0,1,0.0,4.0,23.0,3,19.0,0,0,0,0.0,0,16.54,16.54,,,74.0,230.0,29.176499999999997,7.0,Texas Tech,2017.0,2017.0,KC,10.0,2.0,
2024,11,00-0033873,P.Mahomes,QB,KC,BUF,23,33,196.0,3,2.0,2.0,15.0,0,0.0,0,0,0,0.0,0,15.84,15.84,,,74.0,230.0,29.176499999999997,7.0,Texas Tech,2017.0,2017.0,KC,10.0,,
2024,12,00-0033873,P.Mahomes,QB,KC,CAR,27,37,269.0,3,0.0,5.0,43.0,5,60.0,0,0,0,0.0,0,28.76,28.76,,,74.0,230.0,29.176499999999997,7.0,Texas Tech,2017.0,2017.0,KC,10.0,,
2024,13,00-0033873,P.Mahomes,QB,KC,LV,26,46,306.0,1,0.0,5.0,40.0,2,4.0,0,0,0,0.0,0,16.64,16.64,,,74.0,230.0,29.176499999999997,7.0,Texas Tech,2017.0,2017.0,KC,10.0,2.0,
2024,14,00-0033873,P.Mahomes,QB,KC,LAC,24,37,210.0,1,0.0,3.0,8.0,4,17.0,0,0,0,0.0,0,14.1,14.1,,,74.0,230.0,29.176499999999997,7.0,Texas Tech,2017.0,2017.0,KC,10.0,2.0,
2024,15,00-0033873,P.Mahomes,QB,KC,CLE,19,38,159.0,2,0.0,0.0,-0.0,2,14.0,0,0,0,0.0,0,15.76,15.76,,,74.0,230.0,29.176499999999997,7.0,Texas Tech,2017.0,2017.0,KC,10.0,,
2024,16,00-0033873,P.Mahomes,QB,KC,HOU,28,41,260.0,1,0.0,1.0,9.0,5,33.0,1,0,0,0.0,0,23.7,23.7,,,74.0,230.0,29.176499999999997,7.0,Texas Tech,2017.0,2017.0,KC,10.0,8.0,
2024,17,00-0033873,P.Mahomes,QB,KC,PIT,29,38,320.0,3,0.0,0.0,-0.0,1,12.0,0,0,0,0.0,0,26.0,26.0,,,74.0,230.0,29.176499999999997,7.0,Texas Tech,2017.0,2017.0,KC,10.0,,
2024,20,00-0033873,P.Mahomes,QB,KC,HOU,16,25,177.0,1,0.0,3.0,15.0,7,14.0,0,0,0,0.0,0,12.48,12.48,,,74.0,230.0,29.176499999999997,7.0,Texas Tech,2017.0,2017.0,KC,10.0,9.0,
2024,21,00-0033873,P.Mahomes,QB,KC,BUF,18,26,245.0,1,0.0,2.0,12.0,11,43.0,2,0,0,0.0,0,30.1,30.1,,,74.0,230.0,29.176499999999997,7.0,Texas Tech,2017.0,2017.0,KC,10.0,3.0,
2024,22,00-0033873,P.Mahomes,QB,KC,PHI,21,32,257.0,3,2.0,6.0,31.0,4,25.0,0,0,0,0.0,0,22.78,22.78,,,74.0,230.0,29.176499999999997,7.0,Texas Tech,2017.0,2017.0,KC,10.0,,
2024,1,00-0033881,E.Engram,TE,JAX,MIA,0,0,0.0,0,0.0,0.0,0.0,0,0.0,0,4,1,5.0,0,0.5,1.5,,,75.0,240.0,30.177999999999997,7.0,Mississippi,2017.0,2017.0,NYG,23.0,,0.21052632
2024,6,00-0033881,E.Engram,TE,JAX,CHI,0,0,0.0,0,0.0,0.0,0.0,0,0.0,0,10,10,102.0,0,8.2,18.2,,,75.0,240.0,30.177999999999997,7.0,Mississippi,2017.0,2017.0,NYG,23.0,,0.2857143
2024,7,00-0033881,E.Engram,TE,JAX,NE,0,0,0.0,0,0.0,0.0,0.0,0,0.0,0,5,5,35.0,0,3.5,8.5,,,75.0,240.0,30.177999999999997,7.0,Mississippi,2017.0,2017.0,NYG,23.0,16.0,0.25
2024,8,00-0033881,E.Engram,TE,JAX,GB,0,0,0.0,0,0.0,0.0,0.0,0,0.0,0,5,4,36.0,1,9.6,13.6,,,75.0,240.0,30.177999999999997,7.0,Mississippi,2017.0,2017.0,NYG,23.0,-3.0,0.16666667
2024,9,00-0033881,E.Engram,TE,JAX,PHI,0,0,0.0,0,0.0,0.0,0.0,0,0.0,0,10,5,45.0,0,6.5,11.5,,,75.0,240.0,30.177999999999997,7.0,Mississippi,2017.0,2017.0,NYG,23.0,,0.33333334
2024,10,00-0033881,E.Engram,TE,JAX,MIN,0,0,0.0,0,0.0,0.0,0.0,0,0.0,0,8,6,40.0,0,4.0,10.0,,,75.0,240.0,30.177999999999997,7.0,Mississippi,2017.0,2017.0,NYG,23.0,-5.0,0.3809524
2024,11,00-0033881,E.Engram,TE,JAX,DET,0,0,0.0,0,0.0,0.0,0.0,0,0.0,0,7,5,28.0,0,2.8,7.8,,,75.0,240.0,30.177999999999997,7.0,Mississippi,2017.0,2017.0,NYG,23.0,,0.25
2024,13,00-0033881,E.Engram,TE,JAX,HOU,0,0,0.0,0,0.0,0.0,0.0,0,0.0,0,9,7,41.0,0,4.1,11.1,,,75.0,240.0,30.177999999999997,7.0,Mississippi,2017.0,2017.0,NYG,23.0,-3.0,0.21428572
2024,14,00-0033881,E.Engram,TE,JAX,TEN,0,0,0.0,0,0.0,0.0,0.0,0,0.0,0,6,4,33.0,0,3.3,7.3,,,75.0,240.0,30.177999999999997,7.0,Mississippi,2017.0,2017.0,NYG,23.0,,0.2
2024,1,00-0033885,D.Njoku,TE,CLE,DAL,0,0,0.0,0,0.0,0.0,0.0,0,0.0,0,5,4,44.0,0,4.4,8.4,,,76.0,246.0,28.326117647058823,7.0,Miami,2017.0,2017.0,CLE,29.0,-16.0,0.11627907
2024,5,00-0033885,D.Njoku,TE,CLE,WAS,0,0,0.0,0,0.0,0.0,0.0,0,0.0,0,3,1,14.0,0,1.4,2.4,,,76.0,246.0,28.326117647058823,7.0,Miami,2017.0,2017.0,CLE,29.0,,0.10714286
2024,6,00-0033885,D.Njoku,TE,CLE,PHI,0,0,0.0,0,0.0,0.0,0.0,0,0.0,0,7,5,31.0,0,3.1,8.1,,,76.0,246.0,28.326117647058823,7.0,Miami,2017.0,2017.0,CLE,29.0,,0.3043478
2024,7,00-0033885,D.Njoku,TE,CLE,CIN,0,0,0.0,0,0.0,0.0,0.0,0,0.0,0,14,10,76.0,1,13.6,23.6,,,76.0,246.0,28.326117647058823,7.0,Miami,2017.0,2017.0,CLE,29.0,-7.0,0.29166666
2024,8,00-0033885,D.Njoku,TE,CLE,BAL,0,0,0.0,0,0.0,0.0,0.0,0,0.0,0,7,5,61.0,1,12.1,17.1,,,76.0,246.0,28.326117647058823,7.0,Miami,2017.0,2017.0,CLE,29.0,5.0,0.17073171
2024,9,00-0033885,D.Njoku,TE,CLE,LAC,0,0,0.0,0,0.0,0.0,0.0,0,0.0,0,7,5,29.0,0,2.9,7.9,,,76.0,246.0,28.326117647058823,7.0,Miami,2017.0,2017.0,CLE,29.0,-17.0,0.1521739
2024,11,00-0033885,D.Njoku,TE,CLE,NO,0,0,0.0,0,0.0,0.0,0.0,0,0.0,0,9,9,81.0,0,10.1,19.1,,,76.0,246.0,28.326117647058823,7.0,Miami,2017.0,2017.0,CLE,29.0,,0.2
2024,12,00-0033885,D.Njoku,TE,CLE,PIT,0,0,0.0,0,0.0,0.0,0.0,0,0.0,0,5,1,9.0,0,2.9,3.9,,,76.0,246.0,28.326117647058823,7.0,Miami,2017.0,2017.0,CLE,29.0,5.0,0.18518518
2024,13,00-0033885,D.Njoku,TE,CLE,DEN,0,0,0.0,0,0.0,0.0,0.0,0,0.0,0,17,9,52.0,2,17.2,26.2,,,76.0,246.0,28.326117647058823,7.0,Miami,2017.0,2017.0,CLE,29.0,,0.2982456
2024,14,00-0033885,D.Njoku,TE,CLE,PIT,0,0,0.0,0,0.0,0.0,0.0,0,0.0,0,13,7,42.0,1,10.2,17.2,,,76.0,246.0,28.326117647058823,7.0,Miami,2017.0,2017.0,CLE,29.0,,0.35135135
2024,16,00-0033885,D.Njoku,TE,CLE,CIN,0,0,0.0,0,0.0,0.0,0.0,0,0.0,0,10,8,66.0,0,6.6,14.6,,,76.0,246.0,28.326117647058823,7.0,Miami,2017.0,2017.0,CLE,29.0,,0.32258064
2024,7,00-0033891,Z.Jones,WR,ARI,LAC,0,0,0.0,0,0.0,0.0,0.0,0,0.0,0,1,0,0.0,0,0.0,0.0,,,74.0,200.0,29.60676470588235,7.0,East Carolina,2017.0,2017.0,BUF,37.0,2.0,0.04
2024,8,00-0033891,Z.Jones,WR,ARI,MIA,0,0,0.0,0,0.0,0.0,0.0,0,0.0,0,1,1,3.0,0,0.3,1.3,,,74.0,200.0,29.60676470588235,7.0,East Carolina,2017.0,2017.0,BUF,37.0,,0.030303031
2024,14,00-0033891,Z.Jones,WR,ARI,SEA,0,0,0.0,0,0.0,0.0,0.0,0,0.0,0,2,1,13.0,0,1.3,2.3,,,74.0,200.0,29.60676470588235,7.0,East Carolina,2017.0,2017.0,BUF,37.0,-12.0,0.05263158
2024,15,00-0033891,Z.Jones,WR,ARI,NE,0,0,0.0,0,0.0,0.0,0.0,0,0.0,0,1,1,3.0,0,0.3,1.3,,,74.0,200.0,29.60676470588235,7.0,East Carolina,2017.0,2017.0,BUF,37.0,13.0,0.032258064
2024,17,00-0033891,Z.Jones,WR,ARI,LA,0,0,0.0,0,0.0,0.0,0.0,0,0.0,0,1,1,19.0,0,1.9,2.9,,,74.0,200.0,29.60676470588235,7.0,East Carolina,2017.0,2017.0,BUF,37.0,,0.022222223
2024,18,00-0033891,Z.Jones,WR,ARI,SF,0,0,0.0,0,0.0,0.0,0.0,0,0.0,0,5,4,46.0,0,4.6,8.6,,,74.0,200.0,29.60676470588235,7.0,East Carolina,2017.0,2017.0,BUF,37.0,23.0,0.15625
2024,8,00-0033893,D.Cook,RB,DAL,SF,0,0,0.0,0,0.0,0.0,0.0,6,12.0,0,1,1,10.0,0,2.2,3.2,,,70.0,210.0,29.24652941176471,7.0,Florida State,2017.0,2017.0,MIN,41.0,,0.027027028
2024,9,00-0033893,D.Cook,RB,DAL,ATL,0,0,0.0,0,0.0,0.0,0.0,2,8.0,0,0,0,0.0,0,0.8,0.8,,,70.0,210.0,29.24652941176471,7.0,Florida State,2017.0,2017.0,MIN,41.0,,
2024,1,00-0033895,G.Everett,TE,CHI,TEN,0,0,0.0,0,0.0,0.0,0.0,0,0.0,0,1,1,-1.0,0,-0.1,0.9,,,75.0,240.0,30.371647058823527,7.0,South Alabama,2017.0,2017.0,LA,44.0,7.0,0.03448276
2024,2,00-0033895,G.Everett,TE,CHI,HOU,0,0,0.0,0,0.0,0.0,0.0,0,0.0,0,3,2,1.0,0,0.1,2.1,,,75.0,240.0,30.371647058823527,7.0,South Alabama,2017.0,2017.0,LA,44.0,,0.0882353
2024,3,00-0033895,G.Everett,TE,CHI,IND,0,0,0.0,0,0.0,0.0,0.0,0,0.0,0,1,0,0.0,0,0.0,0.0,,,75.0,240.0,30.371647058823527,7.0,South Alabama,2017.0,2017.0,LA,44.0,,0.020833334
2024,5,00-0033895,G.Everett,TE,CHI,CAR,0,0,0.0,0,0.0,0.0,0.0,0,0.0,0,2,2,22.0,0,2.2,4.2,,,75.0,240.0,30.371647058823527,7.0,South Alabama,2017.0,2017.0,LA,44.0,26.0,0.071428575
2024,6,00-0033895,G.Everett,TE,CHI,JAX,0,0,0.0,0,0.0,0.0,0.0,0,0.0,0,1,0,0.0,0,0.0,0.0,,,75.0,240.0,30.371647058823527,7.0,South Alabama,2017.0,2017.0,LA,44.0,19.0,0.03846154
2024,8,00-0033895,G.Everett,TE,CHI,WAS,0,0,0.0,0,0.0,0.0,0.0,0,0.0,0,2,1,3.0,0,0.3,1.3,,,75.0,240.0,30.371647058823527,7.0,South Alabama,2017.0,2017.0,LA,44.0,,0.0952381
2024,9,00-0033895,G.Everett,TE,CHI,ARI,0,0,0.0,0,0.0,0.0,0.0,0,0.0,0,1,1,5.0,0,0.5,1.5,,,75.0,240.0,30.371647058823527,7.0,South Alabama,2017.0,2017.0,LA,44.0,,0.027777778
2024,16,00-0033895,G.Everett,TE,CHI,DET,0,0,0.0,0,0.0,0.0,0.0,0,0.0,0,1,1,6.0,0,0.6,1.6,,,75.0,240.0,30.371647058823527,7.0,South Alabama,2017.0,2017.0,LA,44.0,-17.0,0.027027028
2024,17,00-0033895,G.Everett,TE,CHI,SEA,0,0,0.0,0,0.0,0.0,0.0,0,0.0,0,1,0,0.0,0,0.0,0.0,,,75.0,240.0,30.371647058823527,7.0,South Alabama,2017.0,2017.0,LA,44.0,-3.0,0.03846154
2024,1,00-0033897,J.Mixon,RB,HOU,IND,0,0,0.0,0,0.0,0.0,0.0,30,159.0,1,3,3,19.0,0,23.8,26.8,,,73.0,220.0,28.30315789473684,7.0,Oklahoma,2017.0,2017.0,CIN,48.0,,0.09677419
2024,2,00-0033897,J.Mixon,RB,HOU,CHI,0,0,0.0,0,0.0,0.0,0.0,9,25.0,0,5,3,25.0,0,5.0,8.0,,,73.0,220.0,28.30315789473684,7.0,Oklahoma,2017.0,2017.0,CIN,48.0,6.0,0.14705883
2024,6,00-0033897,J.Mixon,RB,HOU,NE,0,0,0.0,0,0.0,0.0,0.0,13,102.0,1,3,2,30.0,1,25.2,27.2,,,73.0,220.0,28.30315789473684,7.0,Oklahoma,2017.0,2017.0,CIN,48.0,,0.09677419
2024,7,00-0033897,J.Mixon,RB,HOU,GB,0,0,0.0,0,0.0,0.0,0.0,25,115.0,2,3,2,9.0,0,24.4,26.4,,,73.0,220.0,28.30315789473684,7.0,Oklahoma,2017.0,2017.0,CIN,48.0,,0.15789473
2024,8,00-0033897,J.Mixon,RB,HOU,IND,0,0,0.0,0,0.0,0.0,0.0,25,102.0,1,6,4,32.0,0,19.4,23.4,,,73.0,220.0,28.30315789473684,7.0,Oklahoma,2017.0,2017.0,CIN,48.0,3.0,0.16666667
2024,9,00-0033897,J.Mixon,RB,HOU,NYJ,0,1,0.0,0,0.0,0.0,-0.0,24,106.0,1,0,0,0.0,0,16.6,16.6,,,73.0,220.0,28.30315789473684,7.0,Oklahoma,2017.0,2017.0,CIN,48.0,,
2024,10,00-0033897,J.Mixon,RB,HOU,DET,0,0,0.0,0,0.0,0.0,0.0,25,46.0,1,4,2,44.0,0,15.0,17.0,,,73.0,220.0,28.30315789473684,7.0,Oklahoma,2017.0,2017.0,CIN,48.0,-3.0,0.125
2024,11,00-0033897,J.Mixon,RB,HOU,DAL,0,0,0.0,0,0.0,0.0,0.0,20,109.0,3,4,2,44.0,0,33.3,35.3,,,73.0,220.0,28.30315789473684,7.0,Oklahoma,2017.0,2017.0,CIN,48.0,,0.121212125
2024,12,00-0033897,J.Mixon,RB,HOU,TEN,0,0,0.0,0,0.0,0.0,0.0,14,22.0,0,6,5,23.0,0,4.5,9.5,,,73.0,220.0,28.30315789473684,7.0,Oklahoma,2017.0,2017.0,CIN,48.0,-5.0,0.19354838
2024,13,00-0033897,J.Mixon,RB,HOU,JAX,0,0,0.0,0,0.0,0.0,0.0,20,101.0,1,6,4,18.0,0,17.9,21.9,,,73.0,220.0,28.30315789473684,7.0,Oklahoma,2017.0,2017.0,CIN,48.0,,0.18181819
2024,15,00-0033897,J.Mixon,RB,HOU,MIA,0,0,0.0,0,0.0,0.0,0.0,12,23.0,0,6,5,33.0,0,5.6,10.6,,,73.0,220.0,28.30315789473684,7.0,Oklahoma,2017.0,2017.0,CIN,48.0,8.0,0.24
2024,16,00-0033897,J.Mixon,RB,HOU,KC,0,0,0.0,0,0.0,0.0,0.0,14,57.0,0,2,1,14.0,0,7.1,8.1,,,73.0,220.0,28.30315789473684,7.0,Oklahoma,2017.0,2017.0,CIN,48.0,,0.054054055
2024,17,00-0033897,J.Mixon,RB,HOU,BAL,0,0,0.0,0,0.0,0.0,0.0,9,26.0,0,3,2,13.0,0,3.9,5.9,,,73.0,220.0,28.30315789473684,7.0,Oklahoma,2017.0,2017.0,CIN,48.0,-29.0,0.09677419
2024,18,00-0033897,J.Mixon,RB,HOU,TEN,0,0,0.0,0,0.0,0.0,0.0,5,23.0,0,1,1,5.0,0,2.8,3.8,,,73.0,220.0,28.30315789473684,7.0,Oklahoma,2017.0,2017.0,CIN,48.0,,0.035714287
2024,19,00-0033897,J.Mixon,RB,HOU,LAC,0,0,0.0,0,0.0,0.0,0.0,25,106.0,1,2,1,13.0,0,15.9,16.9,,,73.0,220.0,28.30315789473684,7.0,Oklahoma,2017.0,2017.0,CIN,48.0,20.0,0.0625
2024,20,00-0033897,J.Mixon,RB,HOU,KC,0,0,0.0,0,0.0,0.0,0.0,18,88.0,1,3,2,12.0,0,16.0,18.0,,,73.0,220.0,28.30315789473684,7.0,Oklahoma,2017.0,2017.0,CIN,48.0,,0.10714286
2024,1,00-0033906,A.Kamara,RB,NO,CAR,0,0,0.0,0,0.0,0.0,0.0,15,83.0,1,5,5,27.0,0,17.0,22.0,,,70.0,215.0,29.285176470588237,7.0,Tennessee,2017.0,2017.0,NO,67.0,37.0,0.20833333
2024,2,00-0033906,A.Kamara,RB,NO,DAL,0,0,0.0,0,0.0,0.0,0.0,20,115.0,3,3,2,65.0,1,42.0,44.0,,,70.0,215.0,29.285176470588237,7.0,Tennessee,2017.0,2017.0,NO,67.0,,0.2
2024,3,00-0033906,A.Kamara,RB,NO,PHI,0,0,0.0,0,0.0,0.0,0.0,26,87.0,0,3,3,40.0,0,12.7,15.7,,,70.0,215.0,29.285176470588237,7.0,Tennessee,2017.0,2017.0,NO,67.0,-3.0,0.13043478
2024,4,00-0033906,A.Kamara,RB,NO,ATL,0,0,0.0,0,0.0,0.0,0.0,19,77.0,1,9,7,42.0,0,17.9,24.9,,,70.0,215.0,29.285176470588237,7.0,Tennessee,2017.0,2017.0,NO,67.0,,0.25
2024,5,00-0033906,A.Kamara,RB,NO,KC,0,0,0.0,0,0.0,0.0,0.0,11,26.0,0,8,6,40.0,0,6.6,12.6,,,70.0,215.0,29.285176470588237,7.0,Tennessee,2017.0,2017.0,NO,67.0,,0.25
2024,6,00-0033906,A.Kamara,RB,NO,TB,0,0,0.0,0,0.0,0.0,0.0,13,40.0,1,8,5,24.0,0,12.4,17.4,,,70.0,215.0,29.285176470588237,7.0,Tennessee,2017.0,2017.0,NO,67.0,-24.0,0.21052632
2024,7,00-0033906,A.Kamara,RB,NO,DEN,0,0,0.0,0,0.0,0.0,0.0,7,10.0,0,7,6,14.0,0,2.4,8.4,,,70.0,215.0,29.285176470588237,7.0,Tennessee,2017.0,2017.0,NO,67.0,-23.0,0.17948718
2024,8,00-0033906,A.Kamara,RB,NO,LAC,0,0,0.0,0,0.0,0.0,0.0,10,67.0,0,11,6,55.0,0,12.2,18.2,,,70.0,215.0,29.285176470588237,7.0,Tennessee,2017.0,2017.0,NO,67.0,,0.28947368
2024,9,00-0033906,A.Kamara,RB,NO,CAR,0,0,0.0,0,0.0,0.0,0.0,29,155.0,0,9,6,60.0,0,21.5,27.5,,,70.0,215.0,29.285176470588237,7.0,Tennessee,2017.0,2017.0,NO,67.0,,0.32142857
2024,10,00-0033906,A.Kamara,RB,NO,ATL,0,0,0.0,0,0.0,0.0,0.0,17,55.0,0,6,5,54.0,0,10.9,15.9,,,70.0,215.0,29.285176470588237,7.0,Tennessee,2017.0,2017.0,NO,67.0,3.0,0.2857143
2024,11,00-0033906,A.Kamara,RB,NO,CLE,0,0,0.0,0,0.0,0.0,0.0,16,67.0,0,4,4,22.0,0,8.9,12.9,,,70.0,215.0,29.285176470588237,7.0,Tennessee,2017.0,2017.0,NO,67.0,21.0,0.14285715
2024,13,00-0033906,A.Kamara,RB,NO,LA,0,0,0.0,0,0.0,0.0,0.0,23,112.0,0,6,4,7.0,0,11.9,15.9,,,70.0,215.0,29.285176470588237,7.0,Tennessee,2017.0,2017.0,NO,67.0,-7.0,0.1764706
2024,14,00-0033906,A.Kamara,RB,NO,NYG,0,0,0.0,0,0.0,0.0,0.0,17,44.0,0,5,5,35.0,0,7.9,12.9,,,70.0,215.0,29.285176470588237,7.0,Tennessee,2017.0,2017.0,NO,67.0,,0.16129032
2024,15,00-0033906,A.Kamara,RB,NO,WAS,0,0,0.0,0,0.0,0.0,0.0,5,12.0,0,5,4,58.0,1,13.0,17.0,,,70.0,215.0,29.285176470588237,7.0,Tennessee,2017.0,2017.0,NO,67.0,-1.0,0.1724138
2024,1,00-0033908,C.Kupp,WR,LA,DET,0,0,0.0,0,0.0,0.0,0.0,2,10.0,0,21,14,110.0,1,18.0,32.0,,,74.0,208.0,31.419263157894736,7.0,Eastern Washington,2017.0,2017.0,LA,69.0,,0.4375
2024,2,00-0033908,C.Kupp,WR,LA,ARI,0,0,0.0,0,0.0,0.0,0.0,0,0.0,0,6,4,37.0,0,3.7,7.7,,,74.0,208.0,31.419263157894736,7.0,Eastern Washington,2017.0,2017.0,LA,69.0,,0.22222222
2024,8,00-0033908,C.Kupp,WR,LA,MIN,0,0,0.0,0,0.0,0.0,0.0,0,0.0,0,8,5,51.0,1,11.1,16.1,,,74.0,208.0,31.419263157894736,7.0,Eastern Washington,2017.0,2017.0,LA,69.0,10.0,0.23529412
2024,9,00-0033908,C.Kupp,WR,LA,SEA,0,0,0.0,0,0.0,0.0,0.0,0,0.0,0,14,11,104.0,0,10.4,21.4,,,74.0,208.0,31.419263157894736,7.0,Eastern Washington,2017.0,2017.0,LA,69.0,,0.33333334
2024,10,00-0033908,C.Kupp,WR,LA,MIA,0,0,0.0,0,0.0,0.0,0.0,0,0.0,0,7,7,80.0,0,8.0,15.0,,,74.0,208.0,31.419263157894736,7.0,Eastern Washington,2017.0,2017.0,LA,69.0,-8.0,0.1590909
2024,11,00-0033908,C.Kupp,WR,LA,NE,0,0,0.0,0,0.0,0.0,0.0,0,0.0,0,10,6,106.0,2,22.6,28.6,,,74.0,208.0,31.419263157894736,7.0,Eastern Washington,2017.0,2017.0,LA,69.0,,0.37037036
2024,12,00-0033908,C.Kupp,WR,LA,PHI,0,0,0.0,0,0.0,0.0,0.0,0,0.0,0,11,8,60.0,1,12.0,20.0,,,74.0,208.0,31.419263157894736,7.0,Eastern Washington,2017.0,2017.0,LA,69.0,-17.0,0.32352942
2024,13,00-0033908,C.Kupp,WR,LA,NO,0,0,0.0,0,0.0,0.0,0.0,0,0.0,0,6,3,17.0,0,1.7,4.7,,,74.0,208.0,31.419263157894736,7.0,Eastern Washington,2017.0,2017.0,LA,69.0,,0.26086956
2024,14,00-0033908,C.Kupp,WR,LA,BUF,0,0,0.0,0,0.0,0.0,0.0,0,0.0,0,8,5,92.0,1,15.2,20.2,,,74.0,208.0,31.419263157894736,7.0,Eastern Washington,2017.0,2017.0,LA,69.0,2.0,0.26666668
2024,15,00-0033908,C.Kupp,WR,LA,SF,0,0,0.0,0,0.0,0.0,0.0,0,0.0,0,3,0,0.0,0,0.0,0.0,,,74.0,208.0,31.419263157894736,7.0,Eastern Washington,2017.0,2017.0,LA,69.0,,0.115384616
2024,16,00-0033908,C.Kupp,WR,LA,NYJ,0,0,0.0,0,0.0,0.0,0.0,0,0.0,0,3,3,24.0,0,2.4,5.4,,,74.0,208.0,31.419263157894736,7.0,Eastern Washington,2017.0,2017.0,LA,69.0,,0.15789473
2024,17,00-0033908,C.Kupp,WR,LA,ARI,0,0,0.0,0,0.0,0.0,0.0,0,0.0,0,3,1,29.0,0,2.9,3.9,,,74.0,208.0,31.419263157894736,7.0,Eastern Washington,2017.0,2017.0,LA,69.0,4.0,0.10714286
2024,19,00-0033908,C.Kupp,WR,LA,MIN,0,0,0.0,0,0.0,0.0,0.0,0,0.0,0,1,1,29.0,0,2.9,3.9,,,74.0,208.0,31.419263157894736,7.0,Eastern Washington,2017.0,2017.0,LA,69.0,18.0,0.03846154
2024,20,00-0033908,C.Kupp,WR,LA,PHI,0,0,0.0,0,0.0,0.0,0.0,0,0.0,0,7,5,61.0,0,6.1,11.1,,,74.0,208.0,31.419263157894736,7.0,Eastern Washington,2017.0,2017.0,LA,69.0,,0.1590909
2024,1,00-0033921,C.Godwin,WR,TB,WAS,0,0,0.0,0,0.0,0.0,0.0,0,0.0,0,8,8,83.0,1,14.3,22.3,,,73.0,209.0,28.70238888888889,7.0,Penn State,2017.0,2017.0,TB,84.0,17.0,0.26666668
2024,2,00-0033921,C.Godwin,WR,TB,DET,0,0,0.0,0,0.0,0.0,0.0,0,0.0,0,8,7,117.0,1,17.7,24.7,,,73.0,209.0,28.70238888888889,7.0,Penn State,2017.0,2017.0,TB,84.0,,0.42105263
2024,3,00-0033921,C.Godwin,WR,TB,DEN,0,0,0.0,0,0.0,0.0,0.0,0,0.0,0,9,6,53.0,1,11.3,17.3,,,73.0,209.0,28.70238888888889,7.0,Penn State,2017.0,2017.0,TB,84.0,-19.0,0.28125
2024,4,00-0033921,C.Godwin,WR,TB,PHI,0,0,0.0,0,0.0,0.0,0.0,0,0.0,0,9,6,69.0,0,6.9,12.9,,,73.0,209.0,28.70238888888889,7.0,Penn State,2017.0,2017.0,TB,84.0,17.0,0.19148937
2024,5,00-0033921,C.Godwin,WR,TB,ATL,0,0,0.0,0,0.0,0.0,0.0,1,2.0,0,6,5,64.0,0,6.6,11.6,,,73.0,209.0,28.70238888888889,7.0,Penn State,2017.0,2017.0,TB,84.0,,0.25
2024,6,00-0033921,C.Godwin,WR,TB,NO,0,0,0.0,0,0.0,0.0,0.0,0,0.0,0,13,11,125.0,2,24.5,35.5,,,73.0,209.0,28.70238888888889,7.0,Penn State,2017.0,2017.0,TB,84.0,,0.3611111
2024,7,00-0033921,C.Godwin,WR,TB,BAL,0,0,0.0,0,0.0,0.0,0.0,0,0.0,0,9,7,65.0,0,6.5,13.5,,,73.0,209.0,28.70238888888889,7.0,Penn State,2017.0,2017.0,TB,84.0,-10.0,0.2
2024,4,00-0033923,K.Hunt,RB,KC,LAC,0,0,0.0,0,0.0,0.0,0.0,14,69.0,0,3,2,16.0,0,8.5,10.5,,,71.0,216.0,29.313000000000002,7.0,Toledo,2017.0,2017.0,KC,86.0,,0.10714286
2024,5,00-0033923,K.Hunt,RB,KC,NO,0,0,0.0,0,0.0,0.0,0.0,27,102.0,1,1,1,15.0,0,17.7,18.7,,,71.0,216.0,29.313000000000002,7.0,Toledo,2017.0,2017.0,KC,86.0,13.0,0.029411765
2024,7,00-0033923,K.Hunt,RB,KC,SF,0,0,0.0,0,0.0,0.0,0.0,22,78.0,2,2,2,5.0,0,20.3,22.3,,,71.0,216.0,29.313000000000002,7.0,Toledo,2017.0,2017.0,KC,86.0,,0.08
2024,8,00-0033923,K.Hunt,RB,KC,LV,0,0,0.0,0,0.0,0.0,0.0,21,59.0,1,1,1,4.0,0,12.3,13.3,,,71.0,216.0,29.313000000000002,7.0,Toledo,2017.0,2017.0,KC,86.0,,0.028571429
2024,9,00-0033923,K.Hunt,RB,KC,TB,0,0,0.0,0,0.0,0.0,0.0,27,106.0,1,1,1,11.0,0,17.7,18.7,,,71.0,216.0,29.313000000000002,7.0,Toledo,2017.0,2017.0,KC,86.0,6.0,0.023809524
2024,10,00-0033923,K.Hunt,RB,KC,DEN,0,0,0.0,0,0.0,0.0,0.0,14,35.0,0,10,7,65.0,0,10.0,17.0,,,71.0,216.0,29.313000000000002,7.0,Toledo,2017.0,2017.0,KC,86.0,2.0,0.25
2024,11,00-0033923,K.Hunt,RB,KC,BUF,0,0,0.0,0,0.0,0.0,0.0,14,60.0,0,0,0,0.0,0,6.0,6.0,,,71.0,216.0,29.313000000000002,7.0,Toledo,2017.0,2017.0,KC,86.0,,
2024,12,00-0033923,K.Hunt,RB,KC,CAR,0,0,0.0,0,0.0,0.0,0.0,16,68.0,0,4,3,19.0,0,8.7,11.7,,,71.0,216.0,29.313000000000002,7.0,Toledo,2017.0,2017.0,KC,86.0,,0.11111111
2024,13,00-0033923,K.Hunt,RB,KC,LV,0,0,0.0,0,0.0,0.0,0.0,7,15.0,0,4,2,0.0,0,1.5,3.5,,,71.0,216.0,29.313000000000002,7.0,Toledo,2017.0,2017.0,KC,86.0,2.0,0.08888889
2024,14,00-0033923,K.Hunt,RB,KC,LAC,0,0,0.0,0,0.0,0.0,0.0,5,16.0,0,1,1,13.0,0,2.9,3.9,,,71.0,216.0,29.313000000000002,7.0,Toledo,2017.0,2017.0,KC,86.0,2.0,0.027777778
2024,15,00-0033923,K.Hunt,RB,KC,CLE,0,0,0.0,0,0.0,0.0,0.0,13,45.0,0,2,1,4.0,0,4.9,5.9,,,71.0,216.0,29.313000000000002,7.0,Toledo,2017.0,2017.0,KC,86.0,,0.05263158
2024,16,00-0033923,K.Hunt,RB,KC,HOU,0,0,0.0,0,0.0,0.0,0.0,11,55.0,1,3,2,24.0,0,13.9,15.9,,,71.0,216.0,29.313000000000002,7.0,Toledo,2017.0,2017.0,KC,86.0,8.0,0.07317073
2024,17,00-0033923,K.Hunt,RB,KC,PIT,0,0,0.0,0,0.0,0.0,0.0,9,20.0,1,0,0,0.0,0,8.0,8.0,,,71.0,216.0,29.313000000000002,7.0,Toledo,2017.0,2017.0,KC,86.0,,
2024,20,00-0033923,K.Hunt,RB,KC,HOU,0,0,0.0,0,0.0,0.0,0.0,8,44.0,1,1,1,2.0,0,10.6,11.6,,,71.0,216.0,29.313000000000002,7.0,Toledo,2017.0,2017.0,KC,86.0,9.0,0.041666668
2024,21,00-0033923,K.Hunt,RB,KC,BUF,0,0,0.0,0,0.0,0.0,0.0,17,64.0,1,1,1,6.0,0,13.0,14.0,,,71.0,216.0,29.313000000000002,7.0,Toledo,2017.0,2017.0,KC,86.0,3.0,0.04
2024,22,00-0033923,K.Hunt,RB,KC,PHI,0,0,0.0,0,0.0,0.0,0.0,3,9.0,0,1,1,5.0,0,1.4,2.4,,,71.0,216.0,29.313000000000002,7.0,Toledo,2017.0,2017.0,KC,86.0,,0.03125
2024,2,00-0033925,D.Foreman,RB,CLE,JAX,0,0,0.0,0,0.0,0.0,0.0,14,42.0,0,1,1,9.0,0,5.1,6.1,,,73.0,233.0,28.536941176470588,7.0,Texas,2017.0,2017.0,HOU,89.0,,0.030303031
2024,3,00-0033925,D.Foreman,RB,CLE,NYG,0,0,0.0,0,0.0,0.0,0.0,2,5.0,0,0,0,0.0,0,0.5,0.5,,,73.0,233.0,28.536941176470588,7.0,Texas,2017.0,2017.0,HOU,89.0,-6.0,
2024,4,00-0033925,D.Foreman,RB,CLE,LV,0,0,0.0,0,0.0,0.0,0.0,4,2.0,0,1,1,5.0,0,0.7,1.7,,,73.0,233.0,28.536941176470588,7.0,Texas,2017.0,2017.0,HOU,89.0,,0.03125
2024,5,00-0033925,D.Foreman,RB,CLE,WAS,0,0,0.0,0,0.0,0.0,0.0,9,44.0,0,1,1,16.0,0,6.0,7.0,,,73.0,233.0,28.536941176470588,7.0,Texas,2017.0,2017.0,HOU,89.0,,0.035714287
2024,6,00-0033925,D.Foreman,RB,CLE,PHI,0,0,0.0,0,0.0,0.0,0.0,10,31.0,0,2,2,16.0,0,4.7,6.7,,,73.0,233.0,28.536941176470588,7.0,Texas,2017.0,2017.0,HOU,89.0,,0.08695652
2024,7,00-0033925,D.Foreman,RB,CLE,CIN,0,0,0.0,0,0.0,0.0,0.0,2,5.0,0,0,0,0.0,0,0.5,0.5,,,73.0,233.0,28.536941176470588,7.0,Texas,2017.0,2017.0,HOU,89.0,-7.0,
2024,8,00-0033925,D.Foreman,RB,CLE,BAL,0,0,0.0,0,0.0,0.0,0.0,5,26.0,0,0,0,0.0,0,2.6,2.6,,,73.0,233.0,28.536941176470588,7.0,Texas,2017.0,2017.0,HOU,89.0,5.0,
2024,16,00-0033925,D.Foreman,RB,CLE,CIN,0,0,0.0,0,0.0,0.0,0.0,2,1.0,0,0,0,0.0,0,-1.9,-1.9,,,73.0,233.0,28.536941176470588,7.0,Texas,2017.0,2017.0,HOU,89.0,,
2024,17,00-0033925,D.Foreman,RB,CLE,MIA,0,0,0.0,0,0.0,0.0,0.0,13,49.0,0,2,0,0.0,0,4.9,4.9,,,73.0,233.0,28.536941176470588,7.0,Texas,2017.0,2017.0,HOU,89.0,-17.0,0.046511628
2024,18,00-0033925,D.Foreman,RB,CLE,BAL,0,0,0.0,0,0.0,0.0,0.0,10,27.0,0,1,1,8.0,0,3.5,4.5,,,73.0,233.0,28.536941176470588,7.0,Texas,2017.0,2017.0,HOU,89.0,,0.030303031
2024,1,00-0033943,J.Reynolds,WR,DEN,SEA,0,0,0.0,0,0.0,0.0,0.0,0,0.0,0,8,5,45.0,0,4.5,9.5,,,75.0,196.0,29.72311111111111,7.0,Texas A&amp;M,2017.0,2017.0,LA,117.0,,0.1904762
2024,2,00-0033943,J.Reynolds,WR,DEN,PIT,0,0,0.0,0,0.0,0.0,0.0,0,0.0,0,5,4,93.0,0,9.3,13.3,,,75.0,196.0,29.72311111111111,7.0,Texas A&amp;M,2017.0,2017.0,LA,117.0,-7.0,0.15151516
2024,3,00-0033943,J.Reynolds,WR,DEN,TB,0,0,0.0,0,0.0,0.0,0.0,0,0.0,0,2,2,36.0,0,3.6,5.6,,,75.0,196.0,29.72311111111111,7.0,Texas A&amp;M,2017.0,2017.0,LA,117.0,,0.05882353
2024,4,00-0033943,J.Reynolds,WR,DEN,NYJ,0,0,0.0,0,0.0,0.0,0.0,0,0.0,0,2,0,0.0,0,0.0,0.0,,,75.0,196.0,29.72311111111111,7.0,Texas A&amp;M,2017.0,2017.0,LA,117.0,,0.08
2024,5,00-0033943,J.Reynolds,WR,DEN,LV,0,0,0.0,0,0.0,0.0,0.0,0,0.0,0,2,1,9.0,1,6.9,7.9,,,75.0,196.0,29.72311111111111,7.0,Texas A&amp;M,2017.0,2017.0,LA,117.0,16.0,0.07692308
2024,15,00-0033943,J.Reynolds,WR,JAX,NYJ,0,0,0.0,0,0.0,0.0,0.0,0,0.0,0,1,0,0.0,0,0.0,0.0,,,75.0,196.0,29.72311111111111,7.0,Texas A&amp;M,2017.0,2017.0,LA,117.0,-7.0,0.023255814
2024,16,00-0033943,J.Reynolds,WR,JAX,LV,0,0,0.0,0,0.0,0.0,0.0,0,0.0,0,1,0,0.0,0,0.0,0.0,,,75.0,196.0,29.72311111111111,7.0,Texas A&amp;M,2017.0,2017.0,LA,117.0,,0.028571429
2024,18,00-0033943,J.Reynolds,WR,JAX,IND,0,0,0.0,0,0.0,0.0,0.0,0,0.0,0,3,1,11.0,0,1.1,2.1,,,75.0,196.0,29.72311111111111,7.0,Texas A&amp;M,2017.0,2017.0,LA,117.0,,0.09677419
2024,1,00-0033948,J.Williams,RB,NO,CAR,0,0,0.0,0,0.0,0.0,0.0,11,38.0,1,1,1,13.0,0,11.1,12.1,,,72.0,213.0,29.594529411764707,7.0,Brigham Young,2017.0,2017.0,GB,134.0,37.0,0.041666668
2024,2,00-0033948,J.Williams,RB,NO,DAL,0,0,0.0,0,0.0,0.0,0.0,8,39.0,0,0,0,0.0,0,3.9,3.9,,,72.0,213.0,29.594529411764707,7.0,Brigham Young,2017.0,2017.0,GB,134.0,,
2024,3,00-0033948,J.Williams,RB,NO,PHI,0,0,0.0,0,0.0,0.0,0.0,1,-1.0,0,3,1,0.0,0,-0.1,0.9,,,72.0,213.0,29.594529411764707,7.0,Brigham Young,2017.0,2017.0,GB,134.0,-3.0,0.13043478
2024,4,00-0033948,J.Williams,RB,NO,ATL,0,0,0.0,0,0.0,0.0,0.0,3,11.0,0,2,2,8.0,0,1.9,3.9,,,72.0,213.0,29.594529411764707,7.0,Brigham Young,2017.0,2017.0,GB,134.0,,0.055555556
2024,5,00-0033948,J.Williams,RB,NO,KC,0,0,0.0,0,0.0,0.0,0.0,2,9.0,0,0,0,0.0,0,0.9,0.9,,,72.0,213.0,29.594529411764707,7.0,Brigham Young,2017.0,2017.0,GB,134.0,,
2024,6,00-0033948,J.Williams,RB,NO,TB,0,0,0.0,0,0.0,0.0,0.0,2,7.0,0,0,0,0.0,0,0.7,0.7,,,72.0,213.0,29.594529411764707,7.0,Brigham Young,2017.0,2017.0,GB,134.0,-24.0,
2024,7,00-0033948,J.Williams,RB,NO,DEN,0,0,0.0,0,0.0,0.0,0.0,3,17.0,0,0,0,0.0,0,1.7,1.7,,,72.0,213.0,29.594529411764707,7.0,Brigham Young,2017.0,2017.0,GB,134.0,-23.0,
2024,8,00-0033948,J.Williams,RB,NO,LAC,0,0,0.0,0,0.0,0.0,0.0,2,4.0,0,0,0,0.0,0,0.4,0.4,,,72.0,213.0,29.594529411764707,7.0,Brigham Young,2017.0,2017.0,GB,134.0,,
2024,13,00-0033948,J.Williams,RB,NO,LA,0,0,0.0,0,0.0,0.0,0.0,0,0.0,0,1,1,7.0,0,0.7,1.7,,,72.0,213.0,29.594529411764707,7.0,Brigham Young,2017.0,2017.0,GB,134.0,-7.0,0.029411765
2024,14,00-0033948,J.Williams,RB,NO,NYG,0,0,0.0,0,0.0,0.0,0.0,3,5.0,0,2,2,10.0,0,1.5,3.5,,,72.0,213.0,29.594529411764707,7.0,Brigham Young,2017.0,2017.0,GB,134.0,,0.06451613
2024,16,00-0033948,J.Williams,RB,NO,GB,0,0,0.0,0,0.0,0.0,0.0,3,8.0,0,0,0,0.0,0,0.8,0.8,,,72.0,213.0,29.594529411764707,7.0,Brigham Young,2017.0,2017.0,GB,134.0,,
2024,17,00-0033948,J.Williams,RB,NO,LV,0,0,0.0,0,0.0,0.0,0.0,2,12.0,0,1,1,12.0,0,2.4,3.4,,,72.0,213.0,29.594529411764707,7.0,Brigham Young,2017.0,2017.0,GB,134.0,-15.0,0.029411765
2024,18,00-0033948,J.Williams,RB,NO,TB,0,0,0.0,0,0.0,0.0,0.0,8,15.0,0,1,1,7.0,0,2.2,3.2,,,72.0,213.0,29.594529411764707,7.0,Brigham Young,2017.0,2017.0,GB,134.0,,0.025641026
2024,17,00-0033949,J.Dobbs,QB,SF,DET,3,4,35.0,0,0.0,0.0,-0.0,1,7.0,1,0,0,0.0,0,8.1,8.1,,,75.0,216.0,29.780941176470588,7.0,Tennessee,2017.0,2017.0,PIT,135.0,-6.0,
2024,18,00-0033949,J.Dobbs,QB,SF,ARI,29,43,326.0,2,2.0,2.0,28.0,8,17.0,1,0,0,0.0,0,22.74,22.74,,,75.0,216.0,29.780941176470588,7.0,Tennessee,2017.0,2017.0,PIT,135.0,,
2024,3,00-0033955,J.McNichols,RB,WAS,CIN,0,0,0.0,0,0.0,0.0,0.0,1,1.0,0,0,0,0.0,0,0.1,0.1,,,69.0,205.0,28.892000000000003,7.0,Boise State,2017.0,2017.0,TB,162.0,,
2024,4,00-0033955,J.McNichols,RB,WAS,ARI,0,0,0.0,0,0.0,0.0,0.0,8,68.0,2,1,1,6.0,0,19.4,20.4,,,69.0,205.0,28.892000000000003,7.0,Boise State,2017.0,2017.0,TB,162.0,,0.033333335
2024,5,00-0033955,J.McNichols,RB,WAS,CLE,0,0,0.0,0,0.0,0.0,0.0,7,44.0,1,0,0,0.0,0,10.4,10.4,,,69.0,205.0,28.892000000000003,7.0,Boise State,2017.0,2017.0,TB,162.0,21.0,
2024,6,00-0033955,J.McNichols,RB,WAS,BAL,0,0,0.0,0,0.0,0.0,0.0,2,9.0,0,0,0,0.0,0,0.9,0.9,,,69.0,205.0,28.892000000000003,7.0,Boise State,2017.0,2017.0,TB,162.0,,
2024,7,00-0033955,J.McNichols,RB,WAS,CAR,0,0,0.0,0,0.0,0.0,0.0,7,42.0,0,0,0,0.0,0,4.2,4.2,,,69.0,205.0,28.892000000000003,7.0,Boise State,2017.0,2017.0,TB,162.0,33.0,
2024,8,00-0033955,J.McNichols,RB,WAS,CHI,0,0,0.0,0,0.0,0.0,0.0,1,-1.0,0,0,0,0.0,0,-0.1,-0.1,,,69.0,205.0,28.892000000000003,7.0,Boise State,2017.0,2017.0,TB,162.0,3.0,
2024,9,00-0033955,J.McNichols,RB,WAS,NYG,0,0,0.0,0,0.0,0.0,0.0,8,20.0,0,1,0,0.0,0,2.0,2.0,,,69.0,205.0,28.892000000000003,7.0,Boise State,2017.0,2017.0,TB,162.0,,0.05263158
2024,10,00-0033955,J.McNichols,RB,WAS,PIT,0,0,0.0,0,0.0,0.0,0.0,4,7.0,1,0,0,0.0,0,6.7,6.7,,,69.0,205.0,28.892000000000003,7.0,Boise State,2017.0,2017.0,TB,162.0,-1.0,
2024,11,00-0033955,J.McNichols,RB,WAS,PHI,0,0,0.0,0,0.0,0.0,0.0,3,5.0,0,1,1,1.0,0,0.6,1.6,,,69.0,205.0,28.892000000000003,7.0,Boise State,2017.0,2017.0,TB,162.0,,0.03125
2024,12,00-0033955,J.McNichols,RB,WAS,DAL,0,0,0.0,0,0.0,0.0,0.0,3,22.0,0,0,0,0.0,0,2.2,2.2,,,69.0,205.0,28.892000000000003,7.0,Boise State,2017.0,2017.0,TB,162.0,-8.0,
2024,13,00-0033955,J.McNichols,RB,WAS,TEN,0,0,0.0,0,0.0,0.0,0.0,6,32.0,0,0,0,0.0,0,3.2,3.2,,,69.0,205.0,28.892000000000003,7.0,Boise State,2017.0,2017.0,TB,162.0,23.0,
2024,15,00-0033955,J.McNichols,RB,WAS,NO,0,0,0.0,0,0.0,0.0,0.0,2,4.0,0,2,1,0.0,0,0.4,1.4,,,69.0,205.0,28.892000000000003,7.0,Boise State,2017.0,2017.0,TB,162.0,,0.06451613
2024,16,00-0033955,J.McNichols,RB,WAS,PHI,0,0,0.0,0,0.0,0.0,0.0,2,3.0,0,4,4,15.0,0,3.8,7.8,,,69.0,205.0,28.892000000000003,7.0,Boise State,2017.0,2017.0,TB,162.0,3.0,0.11111111
2024,17,00-0033955,J.McNichols,RB,WAS,ATL,0,0,0.0,0,0.0,0.0,0.0,1,5.0,0,3,2,5.0,0,1.0,3.0,,,69.0,205.0,28.892000000000003,7.0,Boise State,2017.0,2017.0,TB,162.0,6.0,0.08571429
2024,19,00-0033955,J.McNichols,RB,WAS,TB,0,0,0.0,0,0.0,0.0,0.0,1,1.0,0,0,0,0.0,0,0.1,0.1,,,69.0,205.0,28.892000000000003,7.0,Boise State,2017.0,2017.0,TB,162.0,,
2024,20,00-0033955,J.McNichols,RB,WAS,DET,0,0,0.0,0,0.0,0.0,0.0,4,8.0,1,0,0,0.0,0,6.8,6.8,,,69.0,205.0,28.892000000000003,7.0,Boise State,2017.0,2017.0,TB,162.0,,
2024,15,00-0034054,R.Cracraft,WR,MIA,HOU,0,0,0.0,0,0.0,0.0,0.0,0,0.0,0,1,1,6.0,0,0.6,1.6,,,72.0,200.0,30.019764705882352,7.0,Washington State,2017.0,2017.0,,,,0.025641026
2024,16,00-0034054,R.Cracraft,WR,MIA,SF,0,0,0.0,0,0.0,0.0,0.0,0,0.0,0,3,1,6.0,0,0.6,1.6,,,72.0,200.0,30.019764705882352,7.0,Washington State,2017.0,2017.0,,,12.0,0.09677419
2024,17,00-0034054,R.Cracraft,WR,MIA,CLE,0,0,0.0,0,0.0,0.0,0.0,0,0.0,0,1,1,16.0,0,1.6,2.6,,,72.0,200.0,30.019764705882352,7.0,Washington State,2017.0,2017.0,,,,0.041666668
2024,18,00-0034054,R.Cracraft,WR,MIA,NYJ,0,0,0.0,0,0.0,0.0,0.0,0,0.0,0,4,4,38.0,0,3.8,7.8,,,72.0,200.0,30.019764705882352,7.0,Washington State,2017.0,2017.0,,,,0.10810811
2024,11,00-0034073,R.Dwelley,TE,ATL,DEN,0,0,0.0,0,0.0,0.0,0.0,0,0.0,0,1,1,5.0,0,0.5,1.5,,,77.0,240.0,29.77805882352941,6.0,San Diego,2018.0,2018.0,,,,0.03448276
2024,1,00-0034115,J.Wilson,RB,MIA,JAX,0,0,0.0,0,0.0,0.0,0.0,5,26.0,0,0,0,0.0,0,2.6,2.6,,,72.0,194.0,28.979235294117647,6.0,North Texas,2018.0,2018.0,,,3.0,
2024,2,00-0034115,J.Wilson,RB,MIA,BUF,0,0,0.0,0,0.0,0.0,0.0,0,0.0,0,2,2,12.0,0,1.2,3.2,,,72.0,194.0,28.979235294117647,6.0,North Texas,2018.0,2018.0,,,-21.0,0.054054055
2024,3,00-0034115,J.Wilson,RB,MIA,SEA,0,0,0.0,0,0.0,0.0,0.0,3,14.0,0,0,0,0.0,0,1.4,1.4,,,72.0,194.0,28.979235294117647,6.0,North Texas,2018.0,2018.0,,,,
2024,14,00-0034115,J.Wilson,RB,MIA,NYJ,0,0,0.0,0,0.0,0.0,0.0,1,4.0,0,1,1,7.0,0,1.1,2.1,,,72.0,194.0,28.979235294117647,6.0,North Texas,2018.0,2018.0,,,6.0,0.022222223
2024,16,00-0034115,J.Wilson,RB,MIA,SF,0,0,0.0,0,0.0,0.0,0.0,2,12.0,0,0,0,0.0,0,1.2,1.2,,,72.0,194.0,28.979235294117647,6.0,North Texas,2018.0,2018.0,,,12.0,
2024,17,00-0034115,J.Wilson,RB,MIA,CLE,0,0,0.0,0,0.0,0.0,0.0,3,5.0,0,0,0,0.0,0,0.5,0.5,,,72.0,194.0,28.979235294117647,6.0,North Texas,2018.0,2018.0,,,,
2024,18,00-0034115,J.Wilson,RB,MIA,NYJ,0,0,0.0,0,0.0,0.0,0.0,2,-4.0,0,0,0,0.0,0,-0.4,-0.4,,,72.0,194.0,28.979235294117647,6.0,North Texas,2018.0,2018.0,,,,
2024,1,00-0034159,W.Dissly,TE,LAC,LV,0,0,0.0,0,0.0,0.0,0.0,0,0.0,0,1,1,13.0,0,1.3,2.3,,,76.0,267.0,28.34711111111111,6.0,Washington,2018.0,2018.0,SEA,120.0,12.0,0.04
2024,2,00-0034159,W.Dissly,TE,LAC,CAR,0,0,0.0,0,0.0,0.0,0.0,0,0.0,0,3,3,29.0,0,2.9,5.9,,,76.0,267.0,28.34711111111111,6.0,Washington,2018.0,2018.0,SEA,120.0,,0.15789473
2024,3,00-0034159,W.Dissly,TE,LAC,PIT,0,0,0.0,0,0.0,0.0,0.0,0,0.0,0,3,3,19.0,0,1.9,4.9,,,76.0,267.0,28.34711111111111,6.0,Washington,2018.0,2018.0,SEA,120.0,,0.15789473
2024,4,00-0034159,W.Dissly,TE,LAC,KC,0,0,0.0,0,0.0,0.0,0.0,0,0.0,0,3,2,24.0,0,2.4,4.4,,,76.0,267.0,28.34711111111111,6.0,Washington,2018.0,2018.0,SEA,120.0,-7.0,0.11111111
2024,6,00-0034159,W.Dissly,TE,LAC,DEN,0,0,0.0,0,0.0,0.0,0.0,0,0.0,0,5,4,26.0,0,2.6,6.6,,,76.0,267.0,28.34711111111111,6.0,Washington,2018.0,2018.0,SEA,120.0,,0.16129032
2024,7,00-0034159,W.Dissly,TE,LAC,ARI,0,0,0.0,0,0.0,0.0,0.0,0,0.0,0,11,8,81.0,0,8.1,16.1,,,76.0,267.0,28.34711111111111,6.0,Washington,2018.0,2018.0,SEA,120.0,,0.2972973
2024,8,00-0034159,W.Dissly,TE,LAC,NO,0,0,0.0,0,0.0,0.0,0.0,0,0.0,0,7,5,41.0,0,4.1,9.1,,,76.0,267.0,28.34711111111111,6.0,Washington,2018.0,2018.0,SEA,120.0,18.0,0.23333333
2024,9,00-0034159,W.Dissly,TE,LAC,CLE,0,0,0.0,0,0.0,0.0,0.0,0,0.0,0,3,2,9.0,0,0.9,2.9,,,76.0,267.0,28.34711111111111,6.0,Washington,2018.0,2018.0,SEA,120.0,,0.115384616
2024,10,00-0034159,W.Dissly,TE,LAC,TEN,0,0,0.0,0,0.0,0.0,0.0,0,0.0,0,6,5,30.0,0,3.0,8.0,,,76.0,267.0,28.34711111111111,6.0,Washington,2018.0,2018.0,SEA,120.0,10.0,0.33333334
2024,11,00-0034159,W.Dissly,TE,LAC,CIN,0,0,0.0,0,0.0,0.0,0.0,0,0.0,0,6,4,80.0,1,14.0,18.0,,,76.0,267.0,28.34711111111111,6.0,Washington,2018.0,2018.0,SEA,120.0,7.0,0.18181819
2024,12,00-0034159,W.Dissly,TE,LAC,BAL,0,0,0.0,0,0.0,0.0,0.0,0,0.0,0,4,4,47.0,0,4.7,8.7,,,76.0,267.0,28.34711111111111,6.0,Washington,2018.0,2018.0,SEA,120.0,-7.0,0.11111111
2024,13,00-0034159,W.Dissly,TE,LAC,ATL,0,0,0.0,0,0.0,0.0,0.0,0,0.0,0,1,0,0.0,0,0.0,0.0,,,76.0,267.0,28.34711111111111,6.0,Washington,2018.0,2018.0,SEA,120.0,,0.041666668
2024,14,00-0034159,W.Dissly,TE,LAC,KC,0,0,0.0,0,0.0,0.0,0.0,0,0.0,0,2,2,19.0,0,1.9,3.9,,,76.0,267.0,28.34711111111111,6.0,Washington,2018.0,2018.0,SEA,120.0,,0.06896552
2024,17,00-0034159,W.Dissly,TE,LAC,NE,0,0,0.0,0,0.0,0.0,0.0,0,0.0,0,3,2,21.0,0,2.1,4.1,,,76.0,267.0,28.34711111111111,6.0,Washington,2018.0,2018.0,SEA,120.0,,0.075
2024,18,00-0034159,W.Dissly,TE,LAC,LV,0,0,0.0,0,0.0,0.0,0.0,0,0.0,0,6,5,42.0,1,10.2,15.2,,,76.0,267.0,28.34711111111111,6.0,Washington,2018.0,2018.0,SEA,120.0,,0.17142858
2024,19,00-0034159,W.Dissly,TE,LAC,HOU,0,0,0.0,0,0.0,0.0,0.0,0,0.0,0,5,2,16.0,0,1.6,3.6,,,76.0,267.0,28.34711111111111,6.0,Washington,2018.0,2018.0,SEA,120.0,,0.15625
2024,8,00-0034162,J.Scott,P,LAC,NO,0,0,0.0,0,0.0,0.0,0.0,1,0.0,0,0,0,0.0,0,0.0,0.0,,,77.0,208.0,29.037055555555558,6.0,Alabama,2018.0,2018.0,GB,172.0,18.0,
2024,13,00-0034162,J.Scott,P,LAC,ATL,1,1,3.0,0,0.0,0.0,-0.0,0,0.0,0,0,0,0.0,0,0.12,0.12,,,77.0,208.0,29.037055555555558,6.0,Alabama,2018.0,2018.0,GB,172.0,,
2024,3,00-0034177,T.Boyle,QB,MIA,SEA,7,13,79.0,0,0.0,1.0,9.0,1,6.0,0,0,0,0.0,0,3.76,3.76,,,76.0,233.0,30.09764285714286,6.0,Eastern Kentucky,2018.0,2018.0,,,,
2024,7,00-0034177,T.Boyle,QB,MIA,IND,8,13,74.0,0,0.0,0.0,-0.0,1,4.0,0,0,0,0.0,0,3.36,3.36,,,76.0,233.0,30.09764285714286,6.0,Eastern Kentucky,2018.0,2018.0,,,,
2024,15,00-0034177,T.Boyle,QB,NYG,BAL,12,24,123.0,1,1.0,1.0,2.0,1,-1.0,0,0,0,0.0,0,6.82,6.82,,,76.0,233.0,30.09764285714286,6.0,Eastern Kentucky,2018.0,2018.0,,,-21.0,
2024,1,00-0034184,G.Edwards,RB,LAC,LV,0,0,0.0,0,0.0,0.0,0.0,11,26.0,0,1,1,2.0,0,2.8,3.8,,,73.0,238.0,29.584611111111112,6.0,Rutgers,2018.0,2018.0,,,12.0,0.04
2024,2,00-0034184,G.Edwards,RB,LAC,CAR,0,0,0.0,0,0.0,0.0,0.0,18,59.0,0,0,0,0.0,0,5.9,5.9,,,73.0,238.0,29.584611111111112,6.0,Rutgers,2018.0,2018.0,,,,
2024,3,00-0034184,G.Edwards,RB,LAC,PIT,0,0,0.0,0,0.0,0.0,0.0,3,9.0,0,0,0,0.0,0,0.9,0.9,,,73.0,238.0,29.584611111111112,6.0,Rutgers,2018.0,2018.0,,,,
2024,4,00-0034184,G.Edwards,RB,LAC,KC,0,0,0.0,0,0.0,0.0,0.0,6,19.0,0,0,0,0.0,0,1.9,1.9,,,73.0,238.0,29.584611111111112,6.0,Rutgers,2018.0,2018.0,,,-7.0,
2024,10,00-0034184,G.Edwards,RB,LAC,TEN,0,0,0.0,0,0.0,0.0,0.0,10,55.0,0,0,0,0.0,0,5.5,5.5,,,73.0,238.0,29.584611111111112,6.0,Rutgers,2018.0,2018.0,,,10.0,
2024,11,00-0034184,G.Edwards,RB,LAC,CIN,0,0,0.0,0,0.0,0.0,0.0,6,27.0,0,0,0,0.0,0,2.7,2.7,,,73.0,238.0,29.584611111111112,6.0,Rutgers,2018.0,2018.0,,,7.0,
2024,12,00-0034184,G.Edwards,RB,LAC,BAL,0,0,0.0,0,0.0,0.0,0.0,9,11.0,1,1,0,0.0,0,7.1,7.1,,,73.0,238.0,29.584611111111112,6.0,Rutgers,2018.0,2018.0,,,-7.0,0.027777778
2024,13,00-0034184,G.Edwards,RB,LAC,ATL,0,0,0.0,0,0.0,0.0,0.0,6,32.0,0,1,1,1.0,0,3.3,4.3,,,73.0,238.0,29.584611111111112,6.0,Rutgers,2018.0,2018.0,,,,0.041666668
2024,14,00-0034184,G.Edwards,RB,LAC,KC,0,0,0.0,0,0.0,0.0,0.0,10,36.0,1,0,0,0.0,0,9.6,9.6,,,73.0,238.0,29.584611111111112,6.0,Rutgers,2018.0,2018.0,,,,
2024,15,00-0034184,G.Edwards,RB,LAC,TB,0,0,0.0,0,0.0,0.0,0.0,8,23.0,0,0,0,0.0,0,2.3,2.3,,,73.0,238.0,29.584611111111112,6.0,Rutgers,2018.0,2018.0,,,-23.0,
2024,16,00-0034184,G.Edwards,RB,LAC,DEN,0,0,0.0,0,0.0,0.0,0.0,14,68.0,2,2,1,3.0,0,19.1,20.1,,,73.0,238.0,29.584611111111112,6.0,Rutgers,2018.0,2018.0,,,7.0,0.06666667
2024,19,00-0034184,G.Edwards,RB,LAC,HOU,0,0,0.0,0,0.0,0.0,0.0,7,22.0,0,0,0,0.0,0,2.2,2.2,,,73.0,238.0,29.584611111111112,6.0,Rutgers,2018.0,2018.0,,,,
2024,1,00-0034208,M.Boone,RB,CAR,NO,0,0,0.0,0,0.0,0.0,0.0,4,7.0,0,0,0,0.0,0,0.7,0.7,,,70.0,205.0,29.272823529411763,6.0,Cincinnati,2018.0,2018.0,,,,
2024,15,00-0034208,M.Boone,RB,CAR,DAL,0,0,0.0,0,0.0,0.0,0.0,2,14.0,0,0,0,0.0,0,1.4,1.4,,,70.0,205.0,29.272823529411763,6.0,Cincinnati,2018.0,2018.0,,,-16.0,
2024,16,00-0034208,M.Boone,RB,CAR,ARI,0,0,0.0,0,0.0,0.0,0.0,1,1.0,0,0,0,0.0,0,0.1,0.1,,,70.0,205.0,29.272823529411763,6.0,Cincinnati,2018.0,2018.0,,,6.0,
2024,17,00-0034208,M.Boone,RB,CAR,TB,0,0,0.0,0,0.0,0.0,0.0,2,11.0,0,2,0,0.0,0,1.1,1.1,,,70.0,205.0,29.272823529411763,6.0,Cincinnati,2018.0,2018.0,,,,0.09090909
2024,18,00-0034208,M.Boone,RB,CAR,ATL,0,0,0.0,0,0.0,0.0,0.0,4,18.0,0,1,1,-2.0,0,1.6,2.6,,,70.0,205.0,29.272823529411763,6.0,Cincinnati,2018.0,2018.0,,,,0.028571429
2024,1,00-0034270,T.Conklin,TE,NYJ,SF,0,0,0.0,0,0.0,0.0,0.0,0,0.0,0,2,1,6.0,0,0.6,1.6,,,75.0,254.0,29.271058823529412,6.0,Central Michigan,2018.0,2018.0,MIN,157.0,,0.06896552
2024,2,00-0034270,T.Conklin,TE,NYJ,TEN,0,0,0.0,0,0.0,0.0,0.0,0,0.0,0,2,1,10.0,0,1.0,2.0,,,75.0,254.0,29.271058823529412,6.0,Central Michigan,2018.0,2018.0,MIN,157.0,,0.06896552
2024,3,00-0034270,T.Conklin,TE,NYJ,NE,0,0,0.0,0,0.0,0.0,0.0,0,0.0,0,6,5,93.0,0,9.3,14.3,,,75.0,254.0,29.271058823529412,6.0,Central Michigan,2018.0,2018.0,MIN,157.0,21.0,0.1764706
2024,4,00-0034270,T.Conklin,TE,NYJ,DEN,0,0,0.0,0,0.0,0.0,0.0,0,0.0,0,8,4,17.0,0,1.7,5.7,,,75.0,254.0,29.271058823529412,6.0,Central Michigan,2018.0,2018.0,MIN,157.0,-1.0,0.19512194
2024,5,00-0034270,T.Conklin,TE,NYJ,MIN,0,0,0.0,0,0.0,0.0,0.0,0,0.0,0,9,6,55.0,0,5.5,11.5,,,75.0,254.0,29.271058823529412,6.0,Central Michigan,2018.0,2018.0,MIN,157.0,,0.1764706
2024,6,00-0034270,T.Conklin,TE,NYJ,BUF,0,0,0.0,0,0.0,0.0,0.0,0,0.0,0,3,2,10.0,0,1.0,3.0,,,75.0,254.0,29.271058823529412,6.0,Central Michigan,2018.0,2018.0,MIN,157.0,-3.0,0.0882353
2024,7,00-0034270,T.Conklin,TE,NYJ,PIT,0,0,0.0,0,0.0,0.0,0.0,0,0.0,0,4,4,7.0,1,6.7,10.7,,,75.0,254.0,29.271058823529412,6.0,Central Michigan,2018.0,2018.0,MIN,157.0,,0.102564104
2024,8,00-0034270,T.Conklin,TE,NYJ,NE,0,0,0.0,0,0.0,0.0,0.0,0,0.0,0,4,3,42.0,1,10.2,13.2,,,75.0,254.0,29.271058823529412,6.0,Central Michigan,2018.0,2018.0,MIN,157.0,,0.16
2024,9,00-0034270,T.Conklin,TE,NYJ,HOU,0,0,0.0,0,0.0,0.0,0.0,0,0.0,0,2,1,-3.0,0,-0.3,0.7,,,75.0,254.0,29.271058823529412,6.0,Central Michigan,2018.0,2018.0,MIN,157.0,8.0,0.0625
2024,10,00-0034270,T.Conklin,TE,NYJ,ARI,0,0,0.0,0,0.0,0.0,0.0,0,0.0,0,2,1,8.0,0,0.8,1.8,,,75.0,254.0,29.271058823529412,6.0,Central Michigan,2018.0,2018.0,MIN,157.0,,0.060606062
2024,11,00-0034270,T.Conklin,TE,NYJ,IND,0,0,0.0,0,0.0,0.0,0.0,1,0.0,0,2,1,7.0,0,0.7,1.7,,,75.0,254.0,29.271058823529412,6.0,Central Michigan,2018.0,2018.0,MIN,157.0,-1.0,0.06896552
2024,13,00-0034270,T.Conklin,TE,NYJ,SEA,0,0,0.0,0,0.0,0.0,0.0,0,0.0,0,5,4,32.0,0,3.2,7.2,,,75.0,254.0,29.271058823529412,6.0,Central Michigan,2018.0,2018.0,MIN,157.0,-5.0,0.13157895
2024,14,00-0034270,T.Conklin,TE,NYJ,MIA,0,0,0.0,0,0.0,0.0,0.0,0,0.0,0,5,3,33.0,0,3.3,6.3,,,75.0,254.0,29.271058823529412,6.0,Central Michigan,2018.0,2018.0,MIN,157.0,,0.12820514
2024,16,00-0034270,T.Conklin,TE,NYJ,LA,0,0,0.0,0,0.0,0.0,0.0,0,0.0,0,7,5,59.0,0,5.9,10.9,,,75.0,254.0,29.271058823529412,6.0,Central Michigan,2018.0,2018.0,MIN,157.0,-10.0,0.16666667
2024,17,00-0034270,T.Conklin,TE,NYJ,BUF,0,0,0.0,0,0.0,0.0,0.0,0,0.0,0,8,8,57.0,1,13.7,21.7,,,75.0,254.0,29.271058823529412,6.0,Central Michigan,2018.0,2018.0,MIN,157.0,,0.2580645
2024,18,00-0034270,T.Conklin,TE,NYJ,MIA,0,0,0.0,0,0.0,0.0,0.0,0,0.0,0,3,2,16.0,1,7.6,9.6,,,75.0,254.0,29.271058823529412,6.0,Central Michigan,2018.0,2018.0,MIN,157.0,12.0,0.08571429
2024,1,00-0034272,M.Valdes-Scantling,WR,BUF,ARI,0,0,0.0,0,0.0,0.0,0.0,0,0.0,0,2,1,19.0,0,1.9,2.9,,,76.0,207.0,30.073823529411765,6.0,South Florida,2018.0,2018.0,GB,174.0,6.0,0.08695652
2024,2,00-0034272,M.Valdes-Scantling,WR,BUF,MIA,0,0,0.0,0,0.0,0.0,0.0,0,0.0,0,1,0,0.0,0,0.0,0.0,,,76.0,207.0,30.073823529411765,6.0,South Florida,2018.0,2018.0,GB,174.0,,0.055555556
2024,3,00-0034272,M.Valdes-Scantling,WR,BUF,JAX,0,0,0.0,0,0.0,0.0,0.0,0,0.0,0,2,1,7.0,0,0.7,1.7,,,76.0,207.0,30.073823529411765,6.0,South Florida,2018.0,2018.0,GB,174.0,37.0,0.06666667
2024,4,00-0034272,M.Valdes-Scantling,WR,BUF,BAL,0,0,0.0,0,0.0,0.0,0.0,0,0.0,0,1,0,0.0,0,0.0,0.0,,,76.0,207.0,30.073823529411765,6.0,South Florida,2018.0,2018.0,GB,174.0,,0.037037037
2024,5,00-0034272,M.Valdes-Scantling,WR,BUF,HOU,0,0,0.0,0,0.0,0.0,0.0,0,0.0,0,3,0,0.0,0,0.0,0.0,,,76.0,207.0,30.073823529411765,6.0,South Florida,2018.0,2018.0,GB,174.0,,0.10344828
2024,9,00-0034272,M.Valdes-Scantling,WR,NO,CAR,0,0,0.0,0,0.0,0.0,0.0,0,0.0,0,1,1,5.0,0,0.5,1.5,,,76.0,207.0,30.073823529411765,6.0,South Florida,2018.0,2018.0,GB,174.0,,0.035714287
2024,10,00-0034272,M.Valdes-Scantling,WR,NO,ATL,0,0,0.0,0,0.0,0.0,0.0,0,0.0,0,3,3,109.0,2,22.9,25.9,,,76.0,207.0,30.073823529411765,6.0,South Florida,2018.0,2018.0,GB,174.0,3.0,0.14285715
2024,11,00-0034272,M.Valdes-Scantling,WR,NO,CLE,0,0,0.0,0,0.0,0.0,0.0,0,0.0,0,4,2,87.0,1,14.7,16.7,,,76.0,207.0,30.073823529411765,6.0,South Florida,2018.0,2018.0,GB,174.0,21.0,0.14285715
2024,13,00-0034272,M.Valdes-Scantling,WR,NO,LA,0,0,0.0,0,0.0,0.0,0.0,0,0.0,0,3,2,36.0,1,9.6,11.6,,,76.0,207.0,30.073823529411765,6.0,South Florida,2018.0,2018.0,GB,174.0,-7.0,0.0882353
2024,14,00-0034272,M.Valdes-Scantling,WR,NO,NYG,0,0,0.0,0,0.0,0.0,0.0,0,0.0,0,7,4,51.0,0,5.1,9.1,,,76.0,207.0,30.073823529411765,6.0,South Florida,2018.0,2018.0,GB,174.0,,0.22580644
2024,15,00-0034272,M.Valdes-Scantling,WR,NO,WAS,0,0,0.0,0,0.0,0.0,0.0,1,4.0,0,7,2,64.0,0,6.8,8.8,,,76.0,207.0,30.073823529411765,6.0,South Florida,2018.0,2018.0,GB,174.0,-1.0,0.2413793
2024,17,00-0034272,M.Valdes-Scantling,WR,NO,LV,0,0,0.0,0,0.0,0.0,0.0,0,0.0,0,2,0,0.0,0,0.0,0.0,,,76.0,207.0,30.073823529411765,6.0,South Florida,2018.0,2018.0,GB,174.0,-15.0,0.05882353
2024,18,00-0034272,M.Valdes-Scantling,WR,NO,TB,0,0,0.0,0,0.0,0.0,0.0,0,0.0,0,8,3,33.0,0,3.3,6.3,,,76.0,207.0,30.073823529411765,6.0,South Florida,2018.0,2018.0,GB,174.0,,0.20512821
2024,1,00-0034348,C.Sutton,WR,DEN,SEA,0,0,0.0,0,0.0,0.0,0.0,0,0.0,0,12,4,38.0,0,3.8,7.8,,,76.0,216.0,29.081722222222222,6.0,Southern Methodist,2018.0,2018.0,DEN,40.0,,0.2857143
2024,2,00-0034348,C.Sutton,WR,DEN,PIT,0,0,0.0,0,0.0,0.0,0.0,0,0.0,0,4,1,26.0,0,2.6,3.6,,,76.0,216.0,29.081722222222222,6.0,Southern Methodist,2018.0,2018.0,DEN,40.0,-7.0,0.121212125
2024,3,00-0034348,C.Sutton,WR,DEN,TB,0,0,0.0,0,0.0,0.0,0.0,0,0.0,0,11,7,68.0,0,6.8,13.8,,,76.0,216.0,29.081722222222222,6.0,Southern Methodist,2018.0,2018.0,DEN,40.0,,0.32352942
2024,4,00-0034348,C.Sutton,WR,DEN,NYJ,0,0,0.0,0,0.0,0.0,0.0,0,0.0,0,9,3,60.0,1,12.0,15.0,,,76.0,216.0,29.081722222222222,6.0,Southern Methodist,2018.0,2018.0,DEN,40.0,,0.36
2024,5,00-0034348,C.Sutton,WR,DEN,LV,0,0,0.0,0,0.0,0.0,0.0,0,0.0,0,5,2,32.0,0,3.2,5.2,,,76.0,216.0,29.081722222222222,6.0,Southern Methodist,2018.0,2018.0,DEN,40.0,16.0,0.1923077
2024,6,00-0034348,C.Sutton,WR,DEN,LAC,0,0,0.0,0,0.0,0.0,0.0,0,0.0,0,6,4,53.0,1,11.3,15.3,,,76.0,216.0,29.081722222222222,6.0,Southern Methodist,2018.0,2018.0,DEN,40.0,-7.0,0.1875
2024,8,00-0034348,C.Sutton,WR,DEN,CAR,1,1,28.0,0,0.0,0.0,-0.0,0,0.0,0,11,8,100.0,0,9.12,17.12,,,76.0,216.0,29.081722222222222,6.0,Southern Methodist,2018.0,2018.0,DEN,40.0,14.0,0.28947368
2024,9,00-0034348,C.Sutton,WR,DEN,BAL,1,1,2.0,1,0.0,0.0,-0.0,0,0.0,0,10,7,122.0,0,16.28,23.28,,,76.0,216.0,29.081722222222222,6.0,Southern Methodist,2018.0,2018.0,DEN,40.0,,0.3030303
2024,10,00-0034348,C.Sutton,WR,DEN,KC,0,0,0.0,0,0.0,0.0,0.0,0,0.0,0,9,6,70.0,1,13.0,19.0,,,76.0,216.0,29.081722222222222,6.0,Southern Methodist,2018.0,2018.0,DEN,40.0,,0.32142857
2024,11,00-0034348,C.Sutton,WR,DEN,ATL,0,0,0.0,0,0.0,0.0,0.0,0,0.0,0,8,7,78.0,0,7.8,14.8,,,76.0,216.0,29.081722222222222,6.0,Southern Methodist,2018.0,2018.0,DEN,40.0,32.0,0.25
2024,12,00-0034348,C.Sutton,WR,DEN,LV,0,0,0.0,0,0.0,0.0,0.0,0,0.0,0,10,8,97.0,2,21.7,29.7,,,76.0,216.0,29.081722222222222,6.0,Southern Methodist,2018.0,2018.0,DEN,40.0,,0.25641027
2024,13,00-0034348,C.Sutton,WR,DEN,CLE,0,0,0.0,0,0.0,0.0,0.0,0,0.0,0,9,6,102.0,0,10.2,16.2,,,76.0,216.0,29.081722222222222,6.0,Southern Methodist,2018.0,2018.0,DEN,40.0,9.0,0.29032257
2024,15,00-0034348,C.Sutton,WR,DEN,IND,0,0,0.0,0,0.0,0.0,0.0,0,0.0,0,9,3,32.0,1,9.2,12.2,,,76.0,216.0,29.081722222222222,6.0,Southern Methodist,2018.0,2018.0,DEN,40.0,18.0,0.28125
2024,16,00-0034348,C.Sutton,WR,DEN,LAC,0,0,0.0,0,0.0,0.0,0.0,0,0.0,0,6,5,50.0,0,5.0,10.0,,,76.0,216.0,29.081722222222222,6.0,Southern Methodist,2018.0,2018.0,DEN,40.0,,0.15384616
2024,17,00-0034348,C.Sutton,WR,DEN,CIN,0,0,0.0,0,0.0,0.0,0.0,0,0.0,0,9,5,55.0,1,11.5,16.5,,,76.0,216.0,29.081722222222222,6.0,Southern Methodist,2018.0,2018.0,DEN,40.0,,0.29032257
2024,18,00-0034348,C.Sutton,WR,DEN,KC,0,0,0.0,0,0.0,0.0,0.0,0,0.0,0,7,5,98.0,1,15.8,20.8,,,76.0,216.0,29.081722222222222,6.0,Southern Methodist,2018.0,2018.0,DEN,40.0,38.0,0.2413793
2024,19,00-0034348,C.Sutton,WR,DEN,BUF,0,0,0.0,0,0.0,0.0,0.0,0,0.0,0,9,5,75.0,0,7.5,12.5,,,76.0,216.0,29.081722222222222,6.0,Southern Methodist,2018.0,2018.0,DEN,40.0,,0.39130434
2024,1,00-0034351,D.Goedert,TE,PHI,GB,0,0,0.0,0,0.0,0.0,0.0,0,0.0,0,5,4,31.0,0,3.1,7.1,,,77.0,256.0,29.888619047619052,6.0,South Dakota State,2018.0,2018.0,PHI,49.0,5.0,0.1724138
2024,2,00-0034351,D.Goedert,TE,PHI,ATL,0,0,0.0,0,0.0,0.0,0.0,0,0.0,0,4,3,38.0,0,3.8,6.8,,,77.0,256.0,29.888619047619052,6.0,South Dakota State,2018.0,2018.0,PHI,49.0,-1.0,0.13793103
2024,3,00-0034351,D.Goedert,TE,PHI,NO,0,0,0.0,0,0.0,0.0,0.0,0,0.0,0,11,10,170.0,0,17.0,27.0,,,77.0,256.0,29.888619047619052,6.0,South Dakota State,2018.0,2018.0,PHI,49.0,,0.30555555
2024,4,00-0034351,D.Goedert,TE,PHI,TB,0,0,0.0,0,0.0,0.0,0.0,0,0.0,0,8,7,62.0,0,6.2,13.2,,,77.0,256.0,29.888619047619052,6.0,South Dakota State,2018.0,2018.0,PHI,49.0,,0.27586207
2024,6,00-0034351,D.Goedert,TE,PHI,CLE,0,0,0.0,0,0.0,0.0,0.0,0,0.0,0,1,0,0.0,0,0.0,0.0,,,77.0,256.0,29.888619047619052,6.0,South Dakota State,2018.0,2018.0,PHI,49.0,4.0,0.041666668
2024,10,00-0034351,D.Goedert,TE,PHI,DAL,0,0,0.0,0,0.0,0.0,0.0,0,0.0,0,3,2,25.0,1,8.5,10.5,,,77.0,256.0,29.888619047619052,6.0,South Dakota State,2018.0,2018.0,PHI,49.0,,0.15
2024,11,00-0034351,D.Goedert,TE,PHI,WAS,0,0,0.0,0,0.0,0.0,0.0,0,0.0,0,5,5,61.0,0,6.1,11.1,,,77.0,256.0,29.888619047619052,6.0,South Dakota State,2018.0,2018.0,PHI,49.0,8.0,0.2
2024,12,00-0034351,D.Goedert,TE,PHI,LA,0,0,0.0,0,0.0,0.0,0.0,0,0.0,0,5,4,19.0,0,1.9,5.9,,,77.0,256.0,29.888619047619052,6.0,South Dakota State,2018.0,2018.0,PHI,49.0,,0.2631579
2024,13,00-0034351,D.Goedert,TE,PHI,BAL,0,0,0.0,0,0.0,0.0,0.0,0,0.0,0,4,3,35.0,1,9.5,12.5,,,77.0,256.0,29.888619047619052,6.0,South Dakota State,2018.0,2018.0,PHI,49.0,,0.23529412
2024,18,00-0034351,D.Goedert,TE,PHI,NYG,0,0,0.0,0,0.0,0.0,0.0,0,0.0,0,6,4,55.0,0,5.5,9.5,,,77.0,256.0,29.888619047619052,6.0,South Dakota State,2018.0,2018.0,PHI,49.0,7.0,0.14634146
2024,19,00-0034351,D.Goedert,TE,PHI,GB,0,0,0.0,0,0.0,0.0,0.0,0,0.0,0,6,4,47.0,1,10.7,14.7,,,77.0,256.0,29.888619047619052,6.0,South Dakota State,2018.0,2018.0,PHI,49.0,12.0,0.33333334
2024,20,00-0034351,D.Goedert,TE,PHI,LA,0,0,0.0,0,0.0,0.0,0.0,0,0.0,0,4,4,56.0,0,5.6,9.6,,,77.0,256.0,29.888619047619052,6.0,South Dakota State,2018.0,2018.0,PHI,49.0,6.0,0.2
2024,21,00-0034351,D.Goedert,TE,PHI,WAS,0,0,0.0,0,0.0,0.0,0.0,2,13.0,0,8,7,85.0,0,9.8,16.8,,,77.0,256.0,29.888619047619052,6.0,South Dakota State,2018.0,2018.0,PHI,49.0,32.0,0.33333334
2024,22,00-0034351,D.Goedert,TE,PHI,KC,0,0,0.0,0,0.0,0.0,0.0,0,0.0,0,2,2,27.0,0,2.7,4.7,,,77.0,256.0,29.888619047619052,6.0,South Dakota State,2018.0,2018.0,PHI,49.0,18.0,0.08695652
2024,17,00-0034353,A.Miller,WR,BAL,HOU,0,0,0.0,0,0.0,0.0,0.0,0,0.0,0,1,1,16.0,0,1.6,2.6,,,71.0,199.0,30.093473684210522,6.0,Memphis,2018.0,2018.0,CHI,51.0,,0.0625
2024,19,00-0034353,A.Miller,WR,BAL,PIT,0,0,0.0,0,0.0,0.0,0.0,0,0.0,0,3,3,12.0,0,1.2,4.2,,,71.0,199.0,30.093473684210522,6.0,Memphis,2018.0,2018.0,CHI,51.0,14.0,0.15789473
2024,20,00-0034353,A.Miller,WR,BAL,BUF,0,0,0.0,0,0.0,0.0,0.0,0,0.0,0,1,1,16.0,0,1.6,2.6,,,71.0,199.0,30.093473684210522,6.0,Memphis,2018.0,2018.0,CHI,51.0,,0.04
2024,1,00-0034364,J.Akins,TE,CLE,DAL,0,0,0.0,0,0.0,0.0,0.0,0,0.0,0,4,3,27.0,0,2.7,5.7,,,76.0,243.0,32.55052941176471,6.0,Central Florida,2018.0,2018.0,HOU,98.0,-16.0,0.093023255
2024,2,00-0034364,J.Akins,TE,CLE,JAX,0,0,0.0,0,0.0,0.0,0.0,0,0.0,0,1,1,10.0,0,1.0,2.0,,,76.0,243.0,32.55052941176471,6.0,Central Florida,2018.0,2018.0,HOU,98.0,,0.030303031
2024,3,00-0034364,J.Akins,TE,CLE,NYG,0,0,0.0,0,0.0,0.0,0.0,0,0.0,0,7,4,29.0,0,2.9,6.9,,,76.0,243.0,32.55052941176471,6.0,Central Florida,2018.0,2018.0,HOU,98.0,-6.0,0.2
2024,4,00-0034364,J.Akins,TE,CLE,LV,0,0,0.0,0,0.0,0.0,0.0,0,0.0,0,2,1,10.0,0,1.0,2.0,,,76.0,243.0,32.55052941176471,6.0,Central Florida,2018.0,2018.0,HOU,98.0,,0.0625
2024,5,00-0034364,J.Akins,TE,CLE,WAS,0,0,0.0,0,0.0,0.0,0.0,0,0.0,0,3,3,22.0,1,8.2,11.2,,,76.0,243.0,32.55052941176471,6.0,Central Florida,2018.0,2018.0,HOU,98.0,,0.10714286
2024,7,00-0034364,J.Akins,TE,CLE,CIN,0,0,0.0,0,0.0,0.0,0.0,0,0.0,0,4,4,42.0,0,4.2,8.2,,,76.0,243.0,32.55052941176471,6.0,Central Florida,2018.0,2018.0,HOU,98.0,-7.0,0.083333336
2024,8,00-0034364,J.Akins,TE,CLE,BAL,0,0,0.0,0,0.0,0.0,0.0,0,0.0,0,1,0,0.0,0,0.0,0.0,,,76.0,243.0,32.55052941176471,6.0,Central Florida,2018.0,2018.0,HOU,98.0,5.0,0.024390243
2024,9,00-0034364,J.Akins,TE,CLE,LAC,0,0,0.0,0,0.0,0.0,0.0,0,0.0,0,4,3,32.0,0,3.2,6.2,,,76.0,243.0,32.55052941176471,6.0,Central Florida,2018.0,2018.0,HOU,98.0,-17.0,0.08695652
2024,11,00-0034364,J.Akins,TE,CLE,NO,0,0,0.0,0,0.0,0.0,0.0,0,0.0,0,4,1,19.0,0,1.9,2.9,,,76.0,243.0,32.55052941176471,6.0,Central Florida,2018.0,2018.0,HOU,98.0,,0.08888889
2024,12,00-0034364,J.Akins,TE,CLE,PIT,0,0,0.0,0,0.0,0.0,0.0,0,0.0,0,4,3,38.0,0,3.8,6.8,,,76.0,243.0,32.55052941176471,6.0,Central Florida,2018.0,2018.0,HOU,98.0,5.0,0.14814815
2024,13,00-0034364,J.Akins,TE,CLE,DEN,0,0,0.0,0,0.0,0.0,0.0,0,0.0,0,1,0,0.0,0,0.0,0.0,,,76.0,243.0,32.55052941176471,6.0,Central Florida,2018.0,2018.0,HOU,98.0,,0.01754386
2024,14,00-0034364,J.Akins,TE,CLE,PIT,0,0,0.0,0,0.0,0.0,0.0,0,0.0,0,1,1,14.0,0,1.4,2.4,,,76.0,243.0,32.55052941176471,6.0,Central Florida,2018.0,2018.0,HOU,98.0,,0.027027028
2024,15,00-0034364,J.Akins,TE,CLE,KC,0,0,0.0,0,0.0,0.0,0.0,0,0.0,0,4,3,30.0,0,3.0,6.0,,,76.0,243.0,32.55052941176471,6.0,Central Florida,2018.0,2018.0,HOU,98.0,-14.0,0.125
2024,16,00-0034364,J.Akins,TE,CLE,CIN,0,0,0.0,0,0.0,0.0,0.0,0,0.0,0,2,1,8.0,0,0.8,1.8,,,76.0,243.0,32.55052941176471,6.0,Central Florida,2018.0,2018.0,HOU,98.0,,0.06451613
2024,17,00-0034364,J.Akins,TE,CLE,MIA,0,0,0.0,0,0.0,0.0,0.0,0,0.0,0,8,6,49.0,0,4.9,10.9,,,76.0,243.0,32.55052941176471,6.0,Central Florida,2018.0,2018.0,HOU,98.0,-17.0,0.18604651
2024,18,00-0034364,J.Akins,TE,CLE,BAL,0,0,0.0,0,0.0,0.0,0.0,0,0.0,0,8,6,60.0,1,12.0,18.0,,,76.0,243.0,32.55052941176471,6.0,Central Florida,2018.0,2018.0,HOU,98.0,,0.24242425
2024,6,00-0034365,I.Thomas,TE,CAR,ATL,0,0,0.0,0,0.0,0.0,0.0,0,0.0,0,3,0,0.0,0,0.0,0.0,,,76.0,260.0,28.41864705882353,6.0,Indiana,2018.0,2018.0,CAR,101.0,-18.0,0.08108108
2024,7,00-0034365,I.Thomas,TE,CAR,WAS,0,0,0.0,0,0.0,0.0,0.0,0,0.0,0,2,2,4.0,0,0.4,2.4,,,76.0,260.0,28.41864705882353,6.0,Indiana,2018.0,2018.0,CAR,101.0,,0.11764706
2024,10,00-0034365,I.Thomas,TE,CAR,NYG,0,0,0.0,0,0.0,0.0,0.0,0,0.0,0,1,1,3.0,0,0.3,1.3,,,76.0,260.0,28.41864705882353,6.0,Indiana,2018.0,2018.0,CAR,101.0,3.0,0.04
2024,1,00-0034383,D.Schultz,TE,HOU,IND,0,0,0.0,0,0.0,0.0,0.0,0,0.0,0,3,3,16.0,0,1.6,4.6,,,77.0,242.0,28.338842105263158,6.0,Stanford,2018.0,2018.0,DAL,137.0,,0.09677419
2024,2,00-0034383,D.Schultz,TE,HOU,CHI,0,0,0.0,0,0.0,0.0,0.0,0,0.0,0,3,2,21.0,0,2.1,4.1,,,77.0,242.0,28.338842105263158,6.0,Stanford,2018.0,2018.0,DAL,137.0,6.0,0.0882353
2024,3,00-0034383,D.Schultz,TE,HOU,MIN,0,0,0.0,0,0.0,0.0,0.0,0,0.0,0,5,2,11.0,0,1.1,3.1,,,77.0,242.0,28.338842105263158,6.0,Stanford,2018.0,2018.0,DAL,137.0,,0.11627907
2024,4,00-0034383,D.Schultz,TE,HOU,JAX,0,0,0.0,0,0.0,0.0,0.0,0,0.0,0,5,3,34.0,0,3.4,6.4,,,77.0,242.0,28.338842105263158,6.0,Stanford,2018.0,2018.0,DAL,137.0,4.0,0.12820514
2024,5,00-0034383,D.Schultz,TE,HOU,BUF,0,0,0.0,0,0.0,0.0,0.0,0,0.0,0,6,4,34.0,0,3.4,7.4,,,77.0,242.0,28.338842105263158,6.0,Stanford,2018.0,2018.0,DAL,137.0,3.0,0.17142858
2024,6,00-0034383,D.Schultz,TE,HOU,NE,0,0,0.0,0,0.0,0.0,0.0,0,0.0,0,8,4,27.0,0,2.7,6.7,,,77.0,242.0,28.338842105263158,6.0,Stanford,2018.0,2018.0,DAL,137.0,,0.2580645
2024,7,00-0034383,D.Schultz,TE,HOU,GB,0,0,0.0,0,0.0,0.0,0.0,0,0.0,0,2,1,28.0,0,2.8,3.8,,,77.0,242.0,28.338842105263158,6.0,Stanford,2018.0,2018.0,DAL,137.0,,0.10526316
2024,8,00-0034383,D.Schultz,TE,HOU,IND,0,0,0.0,0,0.0,0.0,0.0,0,0.0,0,6,4,52.0,0,5.2,9.2,,,77.0,242.0,28.338842105263158,6.0,Stanford,2018.0,2018.0,DAL,137.0,3.0,0.16666667
2024,9,00-0034383,D.Schultz,TE,HOU,NYJ,0,0,0.0,0,0.0,0.0,0.0,0,0.0,0,6,3,21.0,0,2.1,5.1,,,77.0,242.0,28.338842105263158,6.0,Stanford,2018.0,2018.0,DAL,137.0,,0.20689656
2024,10,00-0034383,D.Schultz,TE,HOU,DET,0,0,0.0,0,0.0,0.0,0.0,0,0.0,0,4,3,66.0,0,6.6,9.6,,,77.0,242.0,28.338842105263158,6.0,Stanford,2018.0,2018.0,DAL,137.0,-3.0,0.125
2024,11,00-0034383,D.Schultz,TE,HOU,DAL,0,0,0.0,0,0.0,0.0,0.0,0,0.0,0,7,5,33.0,0,3.3,8.3,,,77.0,242.0,28.338842105263158,6.0,Stanford,2018.0,2018.0,DAL,137.0,,0.21212122
2024,12,00-0034383,D.Schultz,TE,HOU,TEN,0,0,0.0,0,0.0,0.0,0.0,0,0.0,0,2,2,20.0,0,2.0,4.0,,,77.0,242.0,28.338842105263158,6.0,Stanford,2018.0,2018.0,DAL,137.0,-5.0,0.06451613
2024,13,00-0034383,D.Schultz,TE,HOU,JAX,0,0,0.0,0,0.0,0.0,0.0,0,0.0,0,7,5,61.0,1,12.1,17.1,,,77.0,242.0,28.338842105263158,6.0,Stanford,2018.0,2018.0,DAL,137.0,,0.21212122
2024,15,00-0034383,D.Schultz,TE,HOU,MIA,0,0,0.0,0,0.0,0.0,0.0,0,0.0,0,4,2,13.0,0,1.3,3.3,,,77.0,242.0,28.338842105263158,6.0,Stanford,2018.0,2018.0,DAL,137.0,8.0,0.16
2024,16,00-0034383,D.Schultz,TE,HOU,KC,0,0,0.0,0,0.0,0.0,0.0,0,0.0,0,8,5,45.0,1,10.5,15.5,,,77.0,242.0,28.338842105263158,6.0,Stanford,2018.0,2018.0,DAL,137.0,,0.21621622
2024,17,00-0034383,D.Schultz,TE,HOU,BAL,0,0,0.0,0,0.0,0.0,0.0,0,0.0,0,6,2,21.0,0,2.1,4.1,,,77.0,242.0,28.338842105263158,6.0,Stanford,2018.0,2018.0,DAL,137.0,-29.0,0.19354838
2024,18,00-0034383,D.Schultz,TE,HOU,TEN,0,0,0.0,0,0.0,0.0,0.0,0,0.0,0,3,3,29.0,0,2.9,5.9,,,77.0,242.0,28.338842105263158,6.0,Stanford,2018.0,2018.0,DAL,137.0,,0.10714286
2024,19,00-0034383,D.Schultz,TE,HOU,LAC,0,0,0.0,0,0.0,0.0,0.0,0,0.0,0,4,2,23.0,0,2.3,4.3,,,77.0,242.0,28.338842105263158,6.0,Stanford,2018.0,2018.0,DAL,137.0,20.0,0.125
2024,20,00-0034383,D.Schultz,TE,HOU,KC,0,0,0.0,0,0.0,0.0,0.0,0,0.0,0,4,4,63.0,0,6.3,10.3,,,77.0,242.0,28.338842105263158,6.0,Stanford,2018.0,2018.0,DAL,137.0,,0.14285715
2024,1,00-0034386,J.Watson,WR,KC,BAL,0,0,0.0,0,0.0,0.0,0.0,0,0.0,0,1,1,25.0,0,2.5,3.5,,,74.0,215.0,28.62885,6.0,Pennsylvania,2018.0,2018.0,TB,144.0,7.0,0.037037037
2024,2,00-0034386,J.Watson,WR,KC,CIN,0,0,0.0,0,0.0,0.0,0.0,0,0.0,0,2,2,22.0,0,2.2,4.2,,,74.0,215.0,28.62885,6.0,Pennsylvania,2018.0,2018.0,TB,144.0,1.0,0.08695652
2024,3,00-0034386,J.Watson,WR,KC,ATL,0,0,0.0,0,0.0,0.0,0.0,0,0.0,0,2,1,13.0,0,1.3,2.3,,,74.0,215.0,28.62885,6.0,Pennsylvania,2018.0,2018.0,TB,144.0,,0.055555556
2024,4,00-0034386,J.Watson,WR,KC,LAC,0,0,0.0,0,0.0,0.0,0.0,0,0.0,0,3,2,27.0,0,2.7,4.7,,,74.0,215.0,28.62885,6.0,Pennsylvania,2018.0,2018.0,TB,144.0,,0.10714286
2024,7,00-0034386,J.Watson,WR,KC,SF,0,0,0.0,0,0.0,0.0,0.0,0,0.0,0,1,1,8.0,0,0.8,1.8,,,74.0,215.0,28.62885,6.0,Pennsylvania,2018.0,2018.0,TB,144.0,,0.04
2024,8,00-0034386,J.Watson,WR,KC,LV,0,0,0.0,0,0.0,0.0,0.0,0,0.0,0,3,3,33.0,0,3.3,6.3,,,74.0,215.0,28.62885,6.0,Pennsylvania,2018.0,2018.0,TB,144.0,,0.08571429
2024,9,00-0034386,J.Watson,WR,KC,TB,0,0,0.0,0,0.0,0.0,0.0,0,0.0,0,4,3,43.0,0,4.3,7.3,,,74.0,215.0,28.62885,6.0,Pennsylvania,2018.0,2018.0,TB,144.0,6.0,0.0952381
2024,10,00-0034386,J.Watson,WR,KC,DEN,0,0,0.0,0,0.0,0.0,0.0,0,0.0,0,2,2,6.0,0,0.6,2.6,,,74.0,215.0,28.62885,6.0,Pennsylvania,2018.0,2018.0,TB,144.0,2.0,0.05
2024,11,00-0034386,J.Watson,WR,KC,BUF,0,0,0.0,0,0.0,0.0,0.0,0,0.0,0,2,2,26.0,0,2.6,4.6,,,74.0,215.0,28.62885,6.0,Pennsylvania,2018.0,2018.0,TB,144.0,,0.06451613
2024,12,00-0034386,J.Watson,WR,KC,CAR,0,0,0.0,0,0.0,0.0,0.0,0,0.0,0,2,1,15.0,0,1.5,2.5,,,74.0,215.0,28.62885,6.0,Pennsylvania,2018.0,2018.0,TB,144.0,,0.055555556
2024,13,00-0034386,J.Watson,WR,KC,LV,0,0,0.0,0,0.0,0.0,0.0,0,0.0,0,3,1,6.0,1,6.6,7.6,,,74.0,215.0,28.62885,6.0,Pennsylvania,2018.0,2018.0,TB,144.0,2.0,0.06666667
2024,15,00-0034386,J.Watson,WR,KC,CLE,0,0,0.0,0,0.0,0.0,0.0,0,0.0,0,1,0,0.0,0,0.0,0.0,,,74.0,215.0,28.62885,6.0,Pennsylvania,2018.0,2018.0,TB,144.0,,0.02631579
2024,16,00-0034386,J.Watson,WR,KC,HOU,0,0,0.0,0,0.0,0.0,0.0,0,0.0,0,1,0,0.0,0,0.0,0.0,,,74.0,215.0,28.62885,6.0,Pennsylvania,2018.0,2018.0,TB,144.0,8.0,0.024390243
2024,17,00-0034386,J.Watson,WR,KC,PIT,0,0,0.0,0,0.0,0.0,0.0,0,0.0,0,2,2,60.0,1,12.0,14.0,,,74.0,215.0,28.62885,6.0,Pennsylvania,2018.0,2018.0,TB,144.0,,0.05263158
2024,18,00-0034386,J.Watson,WR,KC,DEN,0,0,0.0,0,0.0,0.0,0.0,0,0.0,0,3,1,5.0,0,0.5,1.5,,,74.0,215.0,28.62885,6.0,Pennsylvania,2018.0,2018.0,TB,144.0,,0.1764706
2024,21,00-0034386,J.Watson,WR,KC,BUF,0,0,0.0,0,0.0,0.0,0.0,0,0.0,0,0,0,0.0,0,2.0,2.0,,,74.0,215.0,28.62885,6.0,Pennsylvania,2018.0,2018.0,TB,144.0,3.0,
2024,22,00-0034386,J.Watson,WR,KC,PHI,0,0,0.0,0,0.0,0.0,0.0,0,0.0,0,0,0,0.0,0,2.0,2.0,,,74.0,215.0,28.62885,6.0,Pennsylvania,2018.0,2018.0,TB,144.0,,
2024,18,00-0034401,M.White,QB,BUF,NE,3,11,28.0,0,0.0,0.0,-0.0,0,0.0,0,0,0,0.0,0,1.12,1.12,,,77.0,225.0,29.6498,6.0,Western Kentucky,2018.0,2018.0,DAL,171.0,,
2024,1,00-0034407,R.McCloud,WR,ATL,PIT,0,0,0.0,0,0.0,0.0,0.0,0,0.0,0,7,4,52.0,0,5.2,9.2,,,69.0,190.0,28.05870588235294,6.0,Clemson,2018.0,2018.0,BUF,187.0,-8.0,0.3043478
2024,2,00-0034407,R.McCloud,WR,ATL,PHI,0,0,0.0,0,0.0,0.0,0.0,1,3.0,0,5,3,42.0,0,4.5,7.5,,,69.0,190.0,28.05870588235294,6.0,Clemson,2018.0,2018.0,BUF,187.0,,0.1724138
2024,3,00-0034407,R.McCloud,WR,ATL,KC,0,0,0.0,0,0.0,0.0,0.0,1,20.0,0,3,2,17.0,0,3.7,5.7,,,69.0,190.0,28.05870588235294,6.0,Clemson,2018.0,2018.0,BUF,187.0,-5.0,0.11111111
2024,4,00-0034407,R.McCloud,WR,ATL,NO,0,0,0.0,0,0.0,0.0,0.0,0,0.0,0,7,6,52.0,0,5.2,11.2,,,69.0,190.0,28.05870588235294,6.0,Clemson,2018.0,2018.0,BUF,187.0,2.0,0.20588236
2024,5,00-0034407,R.McCloud,WR,ATL,TB,0,0,0.0,0,0.0,0.0,0.0,0,0.0,0,9,6,66.0,0,6.6,12.6,,,69.0,190.0,28.05870588235294,6.0,Clemson,2018.0,2018.0,BUF,187.0,6.0,0.16666667
2024,6,00-0034407,R.McCloud,WR,ATL,CAR,0,0,0.0,0,0.0,0.0,0.0,1,3.0,0,4,3,30.0,0,1.3,4.3,,,69.0,190.0,28.05870588235294,6.0,Clemson,2018.0,2018.0,BUF,187.0,,0.13793103
2024,7,00-0034407,R.McCloud,WR,ATL,SEA,0,0,0.0,0,0.0,0.0,0.0,0,0.0,0,4,2,9.0,0,0.9,2.9,,,69.0,190.0,28.05870588235294,6.0,Clemson,2018.0,2018.0,BUF,187.0,-20.0,0.11111111
2024,8,00-0034407,R.McCloud,WR,ATL,TB,0,0,0.0,0,0.0,0.0,0.0,1,17.0,0,3,3,9.0,0,2.6,5.6,,,69.0,190.0,28.05870588235294,6.0,Clemson,2018.0,2018.0,BUF,187.0,,0.10714286
2024,9,00-0034407,R.McCloud,WR,ATL,DAL,0,0,0.0,0,0.0,0.0,0.0,1,7.0,0,3,3,28.0,1,9.5,12.5,,,69.0,190.0,28.05870588235294,6.0,Clemson,2018.0,2018.0,BUF,187.0,6.0,0.125
2024,10,00-0034407,R.McCloud,WR,ATL,NO,0,0,0.0,0,0.0,0.0,0.0,1,6.0,0,4,3,30.0,0,3.6,6.6,,,69.0,190.0,28.05870588235294,6.0,Clemson,2018.0,2018.0,BUF,187.0,,0.10810811
2024,11,00-0034407,R.McCloud,WR,ATL,DEN,0,0,0.0,0,0.0,0.0,0.0,0,0.0,0,6,6,46.0,0,4.6,10.6,,,69.0,190.0,28.05870588235294,6.0,Clemson,2018.0,2018.0,BUF,187.0,,0.20689656
2024,13,00-0034407,R.McCloud,WR,ATL,LAC,0,0,0.0,0,0.0,0.0,0.0,1,-2.0,0,6,4,95.0,0,9.3,13.3,,,69.0,190.0,28.05870588235294,6.0,Clemson,2018.0,2018.0,BUF,187.0,-4.0,0.15789473
2024,14,00-0034407,R.McCloud,WR,ATL,MIN,0,0,0.0,0,0.0,0.0,0.0,1,3.0,0,11,8,98.0,0,10.1,18.1,,,69.0,190.0,28.05870588235294,6.0,Clemson,2018.0,2018.0,BUF,187.0,,0.2972973
2024,15,00-0034407,R.McCloud,WR,ATL,LV,0,0,0.0,0,0.0,0.0,0.0,0,0.0,0,3,1,14.0,0,1.4,2.4,,,69.0,190.0,28.05870588235294,6.0,Clemson,2018.0,2018.0,BUF,187.0,,0.1875
2024,16,00-0034407,R.McCloud,WR,ATL,NYG,0,0,0.0,0,0.0,0.0,0.0,1,8.0,0,4,3,19.0,0,2.7,5.7,,,69.0,190.0,28.05870588235294,6.0,Clemson,2018.0,2018.0,BUF,187.0,27.0,0.15384616
2024,17,00-0034407,R.McCloud,WR,ATL,WAS,0,0,0.0,0,0.0,0.0,0.0,1,14.0,0,1,1,13.0,0,2.7,3.7,,,69.0,190.0,28.05870588235294,6.0,Clemson,2018.0,2018.0,BUF,187.0,,0.028571429
2024,18,00-0034407,R.McCloud,WR,ATL,CAR,0,0,0.0,0,0.0,0.0,0.0,0,0.0,0,7,4,66.0,0,6.6,10.6,,,69.0,190.0,28.05870588235294,6.0,Clemson,2018.0,2018.0,BUF,187.0,-6.0,0.1891892
2024,3,00-0034418,C.Wilson,WR,NO,PHI,0,0,0.0,0,0.0,0.0,0.0,0,0.0,0,1,1,3.0,0,0.3,1.3,,,74.0,188.0,28.96211764705882,6.0,Boise State,2018.0,2018.0,DAL,208.0,-3.0,0.04347826
2024,6,00-0034418,C.Wilson,WR,NO,TB,0,0,0.0,0,0.0,0.0,0.0,0,0.0,0,3,2,28.0,0,2.8,4.8,,,74.0,188.0,28.96211764705882,6.0,Boise State,2018.0,2018.0,DAL,208.0,-24.0,0.078947365
2024,7,00-0034418,C.Wilson,WR,NO,DEN,0,0,0.0,0,0.0,0.0,0.0,0,0.0,0,7,6,57.0,1,11.7,17.7,,,74.0,188.0,28.96211764705882,6.0,Boise State,2018.0,2018.0,DAL,208.0,-23.0,0.17948718
2024,9,00-0034418,C.Wilson,WR,NO,CAR,0,0,0.0,0,0.0,0.0,0.0,0,0.0,0,3,2,34.0,0,3.4,5.4,,,74.0,188.0,28.96211764705882,6.0,Boise State,2018.0,2018.0,DAL,208.0,,0.10714286
2024,13,00-0034418,C.Wilson,WR,NO,LA,0,0,0.0,0,0.0,0.0,0.0,0,0.0,0,1,1,19.0,0,1.9,2.9,,,74.0,188.0,28.96211764705882,6.0,Boise State,2018.0,2018.0,DAL,208.0,-7.0,0.029411765
2024,14,00-0034418,C.Wilson,WR,NO,NYG,0,0,0.0,0,0.0,0.0,0.0,0,0.0,0,1,1,18.0,0,1.8,2.8,,,74.0,188.0,28.96211764705882,6.0,Boise State,2018.0,2018.0,DAL,208.0,,0.032258064
2024,15,00-0034418,C.Wilson,WR,NO,WAS,1,1,21.0,1,0.0,0.0,-0.0,0,0.0,0,1,0,0.0,0,4.84,4.84,,,74.0,188.0,28.96211764705882,6.0,Boise State,2018.0,2018.0,DAL,208.0,-1.0,0.03448276
2024,16,00-0034418,C.Wilson,WR,NO,GB,0,0,0.0,0,0.0,0.0,0.0,0,0.0,0,1,1,13.0,0,1.3,2.3,,,74.0,188.0,28.96211764705882,6.0,Boise State,2018.0,2018.0,DAL,208.0,,0.035714287
2024,17,00-0034418,C.Wilson,WR,NO,LV,0,0,0.0,0,0.0,1.0,3.0,0,0.0,0,4,3,17.0,0,1.7,4.7,,,74.0,188.0,28.96211764705882,6.0,Boise State,2018.0,2018.0,DAL,208.0,-15.0,0.11764706
2024,18,00-0034418,C.Wilson,WR,NO,TB,0,0,0.0,0,0.0,0.0,0.0,0,0.0,0,5,3,22.0,0,2.2,5.2,,,74.0,188.0,28.96211764705882,6.0,Boise State,2018.0,2018.0,DAL,208.0,,0.12820514
2024,1,00-0034419,B.Berrios,WR,MIA,JAX,0,0,0.0,0,0.0,0.0,0.0,0,0.0,0,2,0,0.0,0,0.0,0.0,,,69.0,190.0,29.09164705882353,6.0,Miami,2018.0,2018.0,NE,210.0,3.0,0.055555556
2024,2,00-0034419,B.Berrios,WR,MIA,BUF,0,0,0.0,0,0.0,0.0,0.0,0,0.0,0,1,0,0.0,0,0.0,0.0,,,69.0,190.0,29.09164705882353,6.0,Miami,2018.0,2018.0,NE,210.0,-21.0,0.027027028
2024,3,00-0034419,B.Berrios,WR,MIA,SEA,0,0,0.0,0,0.0,0.0,0.0,0,0.0,0,1,0,0.0,0,0.0,0.0,,,69.0,190.0,29.09164705882353,6.0,Miami,2018.0,2018.0,NE,210.0,,0.032258064
2024,1,00-0034485,J.Owens,SS,CHI,CHI,0,0,0.0,0,0.0,0.0,0.0,0,0.0,0,0,0,0.0,0,6.0,6.0,,,71.0,210.0,29.298411764705882,6.0,Missouri Western,2018.0,2018.0,,,7.0,
2024,2,00-0034487,T.Sherfield,WR,MIN,SF,0,0,0.0,0,0.0,0.0,0.0,0,0.0,0,2,1,17.0,0,1.7,2.7,,,73.0,219.0,28.710555555555555,6.0,Vanderbilt,2018.0,2018.0,,,6.0,0.083333336
2024,3,00-0034487,T.Sherfield,WR,MIN,HOU,0,0,0.0,0,0.0,0.0,0.0,0,0.0,0,1,1,8.0,0,0.8,1.8,,,73.0,219.0,28.710555555555555,6.0,Vanderbilt,2018.0,2018.0,,,27.0,0.04
2024,4,00-0034487,T.Sherfield,WR,MIN,GB,0,0,0.0,0,0.0,0.0,0.0,0,0.0,0,1,1,8.0,0,0.8,1.8,,,73.0,219.0,28.710555555555555,6.0,Vanderbilt,2018.0,2018.0,,,,0.037037037
2024,8,00-0034487,T.Sherfield,WR,MIN,LA,0,0,0.0,0,0.0,0.0,0.0,0,0.0,0,1,1,10.0,1,7.0,8.0,,,73.0,219.0,28.710555555555555,6.0,Vanderbilt,2018.0,2018.0,,,,0.04347826
2024,9,00-0034487,T.Sherfield,WR,MIN,IND,0,0,0.0,0,0.0,0.0,0.0,0,0.0,0,1,1,7.0,0,0.7,1.7,,,73.0,219.0,28.710555555555555,6.0,Vanderbilt,2018.0,2018.0,,,8.0,0.030303031
2024,10,00-0034487,T.Sherfield,WR,MIN,JAX,0,0,0.0,0,0.0,0.0,0.0,0,0.0,0,1,1,11.0,0,1.1,2.1,,,73.0,219.0,28.710555555555555,6.0,Vanderbilt,2018.0,2018.0,,,,0.027027028
2024,11,00-0034487,T.Sherfield,WR,MIN,TEN,0,0,0.0,0,0.0,0.0,0.0,0,0.0,0,1,1,16.0,0,1.6,2.6,,,73.0,219.0,28.710555555555555,6.0,Vanderbilt,2018.0,2018.0,,,,0.033333335
2024,15,00-0034487,T.Sherfield,WR,MIN,CHI,0,0,0.0,0,0.0,0.0,0.0,0,0.0,0,1,1,6.0,0,0.6,1.6,,,73.0,219.0,28.710555555555555,6.0,Vanderbilt,2018.0,2018.0,,,18.0,0.027027028
2024,19,00-0034487,T.Sherfield,WR,MIN,LA,0,0,0.0,0,0.0,0.0,0.0,0,0.0,0,3,2,8.0,0,0.8,2.8,,,73.0,219.0,28.710555555555555,6.0,Vanderbilt,2018.0,2018.0,,,,0.075
2024,8,00-0034488,T.Thomas,CB,TB,ATL,0,0,0.0,0,0.0,0.0,0.0,1,-2.0,0,0,0,0.0,0,-0.2,-0.2,,,70.0,205.0,28.66688888888889,6.0,Ferris State,2018.0,2018.0,,,-5.0,
2024,1,00-0034521,A.Lazard,WR,NYJ,SF,0,0,0.0,0,0.0,0.0,0.0,0,0.0,0,9,6,89.0,2,20.9,26.9,,,77.0,227.0,28.904058823529414,6.0,Iowa State,2018.0,2018.0,,,,0.31034482
2024,2,00-0034521,A.Lazard,WR,NYJ,TEN,0,0,0.0,0,0.0,0.0,0.0,0,0.0,0,4,2,11.0,0,1.1,3.1,,,77.0,227.0,28.904058823529414,6.0,Iowa State,2018.0,2018.0,,,,0.13793103
2024,3,00-0034521,A.Lazard,WR,NYJ,NE,0,0,0.0,0,0.0,0.0,0.0,0,0.0,0,3,3,48.0,1,10.8,13.8,,,77.0,227.0,28.904058823529414,6.0,Iowa State,2018.0,2018.0,,,21.0,0.0882353
2024,4,00-0034521,A.Lazard,WR,NYJ,DEN,0,0,0.0,0,0.0,0.0,0.0,0,0.0,0,8,5,58.0,0,5.8,10.8,,,77.0,227.0,28.904058823529414,6.0,Iowa State,2018.0,2018.0,,,-1.0,0.19512194
2024,5,00-0034521,A.Lazard,WR,NYJ,MIN,0,0,0.0,0,0.0,0.0,0.0,0,0.0,0,10,4,34.0,1,9.4,13.4,,,77.0,227.0,28.904058823529414,6.0,Iowa State,2018.0,2018.0,,,,0.19607843
2024,6,00-0034521,A.Lazard,WR,NYJ,BUF,0,0,0.0,0,0.0,0.0,0.0,0,0.0,0,7,6,114.0,1,17.4,23.4,,,77.0,227.0,28.904058823529414,6.0,Iowa State,2018.0,2018.0,,,-3.0,0.20588236
2024,7,00-0034521,A.Lazard,WR,NYJ,PIT,0,0,0.0,0,0.0,0.0,0.0,0,0.0,0,4,4,58.0,0,5.8,9.8,,,77.0,227.0,28.904058823529414,6.0,Iowa State,2018.0,2018.0,,,,0.102564104
2024,14,00-0034521,A.Lazard,WR,NYJ,MIA,0,0,0.0,0,0.0,0.0,0.0,0,0.0,0,1,1,18.0,0,1.8,2.8,,,77.0,227.0,28.904058823529414,6.0,Iowa State,2018.0,2018.0,,,,0.025641026
2024,15,00-0034521,A.Lazard,WR,NYJ,JAX,0,0,0.0,0,0.0,0.0,0.0,0,0.0,0,4,0,0.0,0,0.0,0.0,,,77.0,227.0,28.904058823529414,6.0,Iowa State,2018.0,2018.0,,,,0.14285715
2024,16,00-0034521,A.Lazard,WR,NYJ,LA,0,0,0.0,0,0.0,0.0,0.0,0,0.0,0,5,2,20.0,0,2.0,4.0,,,77.0,227.0,28.904058823529414,6.0,Iowa State,2018.0,2018.0,,,-10.0,0.11904762
2024,17,00-0034521,A.Lazard,WR,NYJ,BUF,0,0,0.0,0,0.0,0.0,0.0,0,0.0,0,3,1,9.0,0,0.9,1.9,,,77.0,227.0,28.904058823529414,6.0,Iowa State,2018.0,2018.0,,,,0.09677419
2024,18,00-0034521,A.Lazard,WR,NYJ,MIA,0,1,0.0,0,0.0,0.0,-0.0,0,0.0,0,3,3,71.0,1,13.1,16.1,,,77.0,227.0,28.904058823529414,6.0,Iowa State,2018.0,2018.0,,,12.0,0.08571429
2024,3,00-0034571,T.Scott,T,WAS,CIN,0,0,0.0,0,0.0,0.0,0.0,0,0.0,0,1,1,1.0,1,6.1,7.1,,,77.0,320.0,30.8085,6.0,Grambling,2018.0,2018.0,,,,0.04347826
2024,5,00-0034577,K.Allen,QB,PIT,DAL,1,1,19.0,0,0.0,0.0,-0.0,0,0.0,0,0,0,0.0,0,0.76,0.76,,,75.0,211.0,28.675944444444447,6.0,Houston,2018.0,2018.0,,,-3.0,
2024,1,00-0034613,T.Hudson,TE,CIN,NE,0,0,0.0,0,0.0,0.0,0.0,0,0.0,0,3,2,18.0,0,-0.2,1.8,,,77.0,239.0,29.982941176470586,6.0,Southern Arkansas,2018.0,2018.0,,,-6.0,0.10344828
2024,7,00-0034613,T.Hudson,TE,CIN,CLE,0,0,0.0,0,0.0,0.0,0.0,0,0.0,0,1,0,0.0,0,0.0,0.0,,,77.0,239.0,29.982941176470586,6.0,Southern Arkansas,2018.0,2018.0,,,,0.041666668
2024,9,00-0034613,T.Hudson,TE,CIN,LV,0,0,0.0,0,0.0,0.0,0.0,0,0.0,0,3,2,14.0,0,1.4,3.4,,,77.0,239.0,29.982941176470586,6.0,Southern Arkansas,2018.0,2018.0,,,17.0,0.08108108
2024,10,00-0034613,T.Hudson,TE,CIN,BAL,0,0,0.0,0,0.0,0.0,0.0,1,1.0,0,7,6,42.0,1,10.3,16.3,,,77.0,239.0,29.982941176470586,6.0,Southern Arkansas,2018.0,2018.0,,,,0.12962963
2024,11,00-0034613,T.Hudson,TE,CIN,LAC,0,0,0.0,0,0.0,0.0,0.0,0,0.0,0,2,2,13.0,0,1.3,3.3,,,77.0,239.0,29.982941176470586,6.0,Southern Arkansas,2018.0,2018.0,,,,0.04347826
2024,13,00-0034613,T.Hudson,TE,CIN,PIT,0,0,0.0,0,0.0,0.0,0.0,0,0.0,0,4,4,28.0,0,2.8,6.8,,,77.0,239.0,29.982941176470586,6.0,Southern Arkansas,2018.0,2018.0,,,-6.0,0.10810811
2024,14,00-0034613,T.Hudson,TE,CIN,DAL,0,0,0.0,0,0.0,0.0,0.0,0,0.0,0,1,1,19.0,0,1.9,2.9,,,77.0,239.0,29.982941176470586,6.0,Southern Arkansas,2018.0,2018.0,,,,0.023255814
2024,15,00-0034613,T.Hudson,TE,CIN,TEN,0,0,0.0,0,0.0,0.0,0.0,0,0.0,0,1,1,9.0,0,0.9,1.9,,,77.0,239.0,29.982941176470586,6.0,Southern Arkansas,2018.0,2018.0,,,,0.028571429
2024,18,00-0034613,T.Hudson,TE,CIN,PIT,0,0,0.0,0,0.0,0.0,0.0,0,0.0,0,1,1,11.0,0,1.1,2.1,,,77.0,239.0,29.982941176470586,6.0,Southern Arkansas,2018.0,2018.0,,,,0.02173913
2024,2,00-0034646,B.Powell,WR,MIN,SF,0,0,0.0,0,0.0,0.0,0.0,0,0.0,0,2,2,16.0,0,1.6,3.6,,,68.0,189.0,29.167722222222224,6.0,Florida,2018.0,2018.0,,,6.0,0.083333336
2024,3,00-0034646,B.Powell,WR,MIN,HOU,0,0,0.0,0,0.0,0.0,0.0,0,0.0,0,2,1,13.0,0,1.3,2.3,,,68.0,189.0,29.167722222222224,6.0,Florida,2018.0,2018.0,,,27.0,0.08
2024,4,00-0034646,B.Powell,WR,MIN,GB,0,0,0.0,0,0.0,0.0,0.0,0,0.0,0,2,0,0.0,0,0.0,0.0,,,68.0,189.0,29.167722222222224,6.0,Florida,2018.0,2018.0,,,,0.074074075
2024,9,00-0034646,B.Powell,WR,MIN,IND,0,0,0.0,0,0.0,0.0,0.0,0,0.0,0,1,1,9.0,0,0.9,1.9,,,68.0,189.0,29.167722222222224,6.0,Florida,2018.0,2018.0,,,8.0,0.030303031
2024,11,00-0034646,B.Powell,WR,MIN,TEN,0,0,0.0,0,0.0,0.0,0.0,0,0.0,0,1,1,13.0,0,1.3,2.3,,,68.0,189.0,29.167722222222224,6.0,Florida,2018.0,2018.0,,,,0.033333335
2024,13,00-0034646,B.Powell,WR,MIN,ARI,0,0,0.0,0,0.0,0.0,0.0,0,0.0,0,1,1,8.0,0,0.8,1.8,,,68.0,189.0,29.167722222222224,6.0,Florida,2018.0,2018.0,,,1.0,0.033333335
2024,15,00-0034646,B.Powell,WR,MIN,CHI,0,0,0.0,0,0.0,0.0,0.0,0,0.0,0,1,1,12.0,0,1.2,2.2,,,68.0,189.0,29.167722222222224,6.0,Florida,2018.0,2018.0,,,18.0,0.027027028
2024,1,00-0034753,M.Andrews,TE,BAL,KC,0,0,0.0,0,0.0,0.0,0.0,0,0.0,0,2,2,14.0,0,1.4,3.4,,,77.0,255.0,29.184526315789473,6.0,Oklahoma,2018.0,2018.0,BAL,86.0,,0.05
2024,2,00-0034753,M.Andrews,TE,BAL,LV,0,0,0.0,0,0.0,0.0,0.0,0,0.0,0,5,4,51.0,0,5.1,9.1,,,77.0,255.0,29.184526315789473,6.0,Oklahoma,2018.0,2018.0,BAL,86.0,-3.0,0.16129032
2024,3,00-0034753,M.Andrews,TE,BAL,DAL,0,0,0.0,0,0.0,0.0,0.0,0,0.0,0,1,0,0.0,0,0.0,0.0,,,77.0,255.0,29.184526315789473,6.0,Oklahoma,2018.0,2018.0,BAL,86.0,,0.06666667
2024,4,00-0034753,M.Andrews,TE,BAL,BUF,0,0,0.0,0,0.0,0.0,0.0,0,0.0,0,1,0,0.0,0,0.0,0.0,,,77.0,255.0,29.184526315789473,6.0,Oklahoma,2018.0,2018.0,BAL,86.0,25.0,0.055555556
2024,5,00-0034753,M.Andrews,TE,BAL,CIN,0,0,0.0,0,0.0,0.0,0.0,0,0.0,0,5,4,55.0,0,5.5,9.5,,,77.0,255.0,29.184526315789473,6.0,Oklahoma,2018.0,2018.0,BAL,86.0,,0.12195122
2024,6,00-0034753,M.Andrews,TE,BAL,WAS,0,0,0.0,0,0.0,0.0,0.0,0,0.0,0,4,3,66.0,1,12.6,15.6,,,77.0,255.0,29.184526315789473,6.0,Oklahoma,2018.0,2018.0,BAL,86.0,7.0,0.16
2024,7,00-0034753,M.Andrews,TE,BAL,TB,0,0,0.0,0,0.0,0.0,0.0,0,0.0,0,4,4,41.0,2,16.1,20.1,,,77.0,255.0,29.184526315789473,6.0,Oklahoma,2018.0,2018.0,BAL,86.0,,0.1904762
2024,8,00-0034753,M.Andrews,TE,BAL,CLE,0,0,0.0,0,0.0,0.0,0.0,0,0.0,0,5,5,36.0,1,9.6,14.6,,,77.0,255.0,29.184526315789473,6.0,Oklahoma,2018.0,2018.0,BAL,86.0,,0.14285715
2024,9,00-0034753,M.Andrews,TE,BAL,DEN,0,0,0.0,0,0.0,0.0,0.0,0,0.0,0,2,2,26.0,0,2.6,4.6,,,77.0,255.0,29.184526315789473,6.0,Oklahoma,2018.0,2018.0,BAL,86.0,31.0,0.10526316
2024,10,00-0034753,M.Andrews,TE,BAL,CIN,0,0,0.0,0,0.0,0.0,0.0,0,0.0,0,7,6,68.0,1,12.8,18.8,,,77.0,255.0,29.184526315789473,6.0,Oklahoma,2018.0,2018.0,BAL,86.0,1.0,0.21875
2024,11,00-0034753,M.Andrews,TE,BAL,PIT,0,0,0.0,0,0.0,0.0,0.0,0,0.0,0,3,2,22.0,0,2.2,4.2,,,77.0,255.0,29.184526315789473,6.0,Oklahoma,2018.0,2018.0,BAL,86.0,,0.09677419
2024,12,00-0034753,M.Andrews,TE,BAL,LAC,0,0,0.0,0,0.0,0.0,0.0,1,2.0,0,5,5,44.0,1,10.6,15.6,,,77.0,255.0,29.184526315789473,6.0,Oklahoma,2018.0,2018.0,BAL,86.0,,0.23809524
2024,13,00-0034753,M.Andrews,TE,BAL,PHI,0,0,0.0,0,0.0,0.0,0.0,1,2.0,0,7,6,67.0,1,12.9,18.9,,,77.0,255.0,29.184526315789473,6.0,Oklahoma,2018.0,2018.0,BAL,86.0,-5.0,0.2
2024,15,00-0034753,M.Andrews,TE,BAL,NYG,0,0,0.0,0,0.0,0.0,0.0,0,0.0,0,2,2,24.0,1,8.4,10.4,,,77.0,255.0,29.184526315789473,6.0,Oklahoma,2018.0,2018.0,BAL,86.0,,0.083333336
2024,16,00-0034753,M.Andrews,TE,BAL,PIT,0,0,0.0,0,0.0,0.0,0.0,1,1.0,0,6,4,37.0,1,9.8,13.8,,,77.0,255.0,29.184526315789473,6.0,Oklahoma,2018.0,2018.0,BAL,86.0,17.0,0.26086956
2024,17,00-0034753,M.Andrews,TE,BAL,HOU,0,0,0.0,0,0.0,0.0,0.0,0,0.0,0,2,2,68.0,1,12.8,14.8,,,77.0,255.0,29.184526315789473,6.0,Oklahoma,2018.0,2018.0,BAL,86.0,,0.125
2024,18,00-0034753,M.Andrews,TE,BAL,CLE,0,0,0.0,0,0.0,0.0,0.0,1,0.0,0,8,4,54.0,1,11.4,15.4,,,77.0,255.0,29.184526315789473,6.0,Oklahoma,2018.0,2018.0,BAL,86.0,25.0,0.26666668
2024,19,00-0034753,M.Andrews,TE,BAL,PIT,0,0,0.0,0,0.0,0.0,0.0,2,5.0,0,3,2,27.0,0,3.2,5.2,,,77.0,255.0,29.184526315789473,6.0,Oklahoma,2018.0,2018.0,BAL,86.0,14.0,0.15789473
2024,20,00-0034753,M.Andrews,TE,BAL,BUF,0,0,0.0,0,0.0,0.0,0.0,2,3.0,0,7,5,61.0,0,4.4,9.4,,,77.0,255.0,29.184526315789473,6.0,Oklahoma,2018.0,2018.0,BAL,86.0,,0.28
2024,4,00-0034771,M.Rudolph,QB,TEN,MIA,9,17,85.0,0,0.0,1.0,8.0,0,0.0,0,0,0,0.0,0,3.4,3.4,,,77.0,235.0,29.315176470588234,6.0,Oklahoma State,2018.0,2018.0,PIT,76.0,,
2024,7,00-0034771,M.Rudolph,QB,TEN,BUF,25,40,215.0,1,1.0,3.0,15.0,5,13.0,0,0,0,0.0,0,9.9,9.9,,,77.0,235.0,29.315176470588234,6.0,Oklahoma State,2018.0,2018.0,PIT,76.0,,
2024,8,00-0034771,M.Rudolph,QB,TEN,DET,22,38,266.0,1,2.0,1.0,8.0,4,29.0,1,0,0,0.0,0,19.54,19.54,,,77.0,235.0,29.315176470588234,6.0,Oklahoma State,2018.0,2018.0,PIT,76.0,,
2024,9,00-0034771,M.Rudolph,QB,TEN,NE,20,33,240.0,2,1.0,1.0,7.0,4,19.0,0,0,0,0.0,0,17.5,17.5,,,77.0,235.0,29.315176470588234,6.0,Oklahoma State,2018.0,2018.0,PIT,76.0,3.0,
2024,15,00-0034771,M.Rudolph,QB,TEN,CIN,21,26,209.0,2,1.0,0.0,-0.0,2,14.0,0,0,0,0.0,0,15.76,15.76,,,77.0,235.0,29.315176470588234,6.0,Oklahoma State,2018.0,2018.0,PIT,76.0,-10.0,
2024,16,00-0034771,M.Rudolph,QB,TEN,IND,23,34,252.0,2,3.0,1.0,10.0,4,3.0,0,0,0,0.0,0,14.38,14.38,,,77.0,235.0,29.315176470588234,6.0,Oklahoma State,2018.0,2018.0,PIT,76.0,,
2024,17,00-0034771,M.Rudolph,QB,TEN,JAX,19,31,193.0,1,1.0,3.0,15.0,5,23.0,0,0,0,0.0,0,12.02,12.02,,,77.0,235.0,29.315176470588234,6.0,Oklahoma State,2018.0,2018.0,PIT,76.0,,
2024,18,00-0034771,M.Rudolph,QB,TEN,HOU,7,9,70.0,0,0.0,1.0,8.0,1,5.0,0,0,0,0.0,0,3.3,3.3,,,77.0,235.0,29.315176470588234,6.0,Oklahoma State,2018.0,2018.0,PIT,76.0,-9.0,
2024,1,00-0034775,C.Kirk,WR,JAX,MIA,0,0,0.0,0,0.0,0.0,0.0,0,0.0,0,4,1,30.0,0,3.0,4.0,,,71.0,200.0,27.96588235294118,6.0,Texas A&amp;M,2018.0,2018.0,ARI,47.0,,0.21052632
2024,2,00-0034775,C.Kirk,WR,JAX,CLE,0,0,0.0,0,0.0,0.0,0.0,0,0.0,0,3,1,-1.0,0,-0.1,0.9,,,71.0,200.0,27.96588235294118,6.0,Texas A&amp;M,2018.0,2018.0,ARI,47.0,-5.0,0.11111111
2024,3,00-0034775,C.Kirk,WR,JAX,BUF,0,0,0.0,0,0.0,0.0,0.0,0,0.0,0,10,8,79.0,0,7.9,15.9,,,71.0,200.0,27.96588235294118,6.0,Texas A&amp;M,2018.0,2018.0,ARI,47.0,,0.22727273
2024,4,00-0034775,C.Kirk,WR,JAX,HOU,0,0,0.0,0,0.0,0.0,0.0,0,0.0,0,12,7,61.0,1,12.1,19.1,,,71.0,200.0,27.96588235294118,6.0,Texas A&amp;M,2018.0,2018.0,ARI,47.0,,0.375
2024,5,00-0034775,C.Kirk,WR,JAX,IND,0,0,0.0,0,0.0,0.0,0.0,0,0.0,0,4,4,88.0,0,8.8,12.8,,,71.0,200.0,27.96588235294118,6.0,Texas A&amp;M,2018.0,2018.0,ARI,47.0,3.0,0.11764706
2024,6,00-0034775,C.Kirk,WR,JAX,CHI,0,0,0.0,0,0.0,0.0,0.0,0,0.0,0,6,3,39.0,0,3.9,6.9,,,71.0,200.0,27.96588235294118,6.0,Texas A&amp;M,2018.0,2018.0,ARI,47.0,,0.17142858
2024,7,00-0034775,C.Kirk,WR,JAX,NE,0,0,0.0,0,0.0,0.0,0.0,0,0.0,0,3,1,24.0,0,2.4,3.4,,,71.0,200.0,27.96588235294118,6.0,Texas A&amp;M,2018.0,2018.0,ARI,47.0,16.0,0.15
2024,8,00-0034775,C.Kirk,WR,JAX,GB,0,0,0.0,0,0.0,0.0,0.0,0,0.0,0,5,2,59.0,0,5.9,7.9,,,71.0,200.0,27.96588235294118,6.0,Texas A&amp;M,2018.0,2018.0,ARI,47.0,-3.0,0.16666667
2024,14,00-0034777,D.Chark,WR,LAC,KC,0,0,0.0,0,0.0,0.0,0.0,0,0.0,0,1,1,9.0,0,0.9,1.9,,,75.0,198.0,28.136222222222223,6.0,Louisiana State,2018.0,2018.0,JAX,61.0,,0.03448276
2024,15,00-0034777,D.Chark,WR,LAC,TB,0,0,0.0,0,0.0,0.0,0.0,0,0.0,0,2,2,16.0,0,1.6,3.6,,,75.0,198.0,28.136222222222223,6.0,Louisiana State,2018.0,2018.0,JAX,61.0,-23.0,0.0625
2024,17,00-0034777,D.Chark,WR,LAC,NE,0,0,0.0,0,0.0,0.0,0.0,0,0.0,0,4,0,0.0,0,0.0,0.0,,,75.0,198.0,28.136222222222223,6.0,Louisiana State,2018.0,2018.0,JAX,61.0,,0.1
2024,18,00-0034777,D.Chark,WR,LAC,LV,0,0,0.0,0,0.0,0.0,0.0,0,0.0,0,3,1,6.0,1,6.6,7.6,,,75.0,198.0,28.136222222222223,6.0,Louisiana State,2018.0,2018.0,JAX,61.0,,0.08571429
2024,19,00-0034777,D.Chark,WR,LAC,HOU,0,0,0.0,0,0.0,0.0,0.0,0,0.0,0,4,1,10.0,0,1.0,2.0,,,75.0,198.0,28.136222222222223,6.0,Louisiana State,2018.0,2018.0,JAX,61.0,,0.125
2024,7,00-0034791,N.Chubb,RB,CLE,CIN,0,0,0.0,0,0.0,0.0,0.0,11,22.0,1,3,1,10.0,0,9.2,10.2,,,71.0,225.0,28.862764705882352,6.0,Georgia,2018.0,2018.0,CLE,35.0,-7.0,0.0625
2024,8,00-0034791,N.Chubb,RB,CLE,BAL,0,0,0.0,0,0.0,0.0,0.0,16,52.0,0,2,0,0.0,0,5.2,5.2,,,71.0,225.0,28.862764705882352,6.0,Georgia,2018.0,2018.0,CLE,35.0,5.0,0.048780486
2024,9,00-0034791,N.Chubb,RB,CLE,LAC,0,0,0.0,0,0.0,0.0,0.0,15,39.0,0,1,1,-4.0,0,3.5,4.5,,,71.0,225.0,28.862764705882352,6.0,Georgia,2018.0,2018.0,CLE,35.0,-17.0,0.02173913
2024,11,00-0034791,N.Chubb,RB,CLE,NO,0,0,0.0,0,0.0,0.0,0.0,11,50.0,0,0,0,0.0,0,5.0,5.0,,,71.0,225.0,28.862764705882352,6.0,Georgia,2018.0,2018.0,CLE,35.0,,
2024,12,00-0034791,N.Chubb,RB,CLE,PIT,0,0,0.0,0,0.0,0.0,0.0,20,59.0,2,1,1,1.0,0,18.0,19.0,,,71.0,225.0,28.862764705882352,6.0,Georgia,2018.0,2018.0,CLE,35.0,5.0,0.037037037
2024,13,00-0034791,N.Chubb,RB,CLE,DEN,0,0,0.0,0,0.0,0.0,0.0,9,21.0,0,2,2,24.0,1,10.5,12.5,,,71.0,225.0,28.862764705882352,6.0,Georgia,2018.0,2018.0,CLE,35.0,,0.03508772
2024,14,00-0034791,N.Chubb,RB,CLE,PIT,0,0,0.0,0,0.0,0.0,0.0,11,48.0,0,1,0,0.0,0,4.8,4.8,,,71.0,225.0,28.862764705882352,6.0,Georgia,2018.0,2018.0,CLE,35.0,,0.027027028
2024,15,00-0034791,N.Chubb,RB,CLE,KC,0,0,0.0,0,0.0,0.0,0.0,9,41.0,0,1,0,0.0,0,2.1,2.1,,,71.0,225.0,28.862764705882352,6.0,Georgia,2018.0,2018.0,CLE,35.0,-14.0,0.03125
2024,1,00-0034796,L.Jackson,QB,BAL,KC,26,41,273.0,1,0.0,1.0,6.0,16,122.0,0,0,0,0.0,0,25.12,25.12,,,74.0,212.0,27.84563157894737,6.0,Louisville,2018.0,2018.0,BAL,32.0,,
2024,2,00-0034796,L.Jackson,QB,BAL,LV,21,34,247.0,1,1.0,2.0,15.0,5,45.0,0,0,0,0.0,0,16.38,16.38,,,74.0,212.0,27.84563157894737,6.0,Louisville,2018.0,2018.0,BAL,32.0,-3.0,
2024,3,00-0034796,L.Jackson,QB,BAL,DAL,12,15,182.0,1,0.0,0.0,-0.0,14,87.0,1,0,0,0.0,0,25.98,25.98,,,74.0,212.0,27.84563157894737,6.0,Louisville,2018.0,2018.0,BAL,32.0,,
2024,4,00-0034796,L.Jackson,QB,BAL,BUF,13,18,156.0,2,0.0,1.0,1.0,6,54.0,1,0,0,0.0,0,23.64,23.64,,,74.0,212.0,27.84563157894737,6.0,Louisville,2018.0,2018.0,BAL,32.0,25.0,
2024,5,00-0034796,L.Jackson,QB,BAL,CIN,26,42,348.0,4,0.0,1.0,3.0,12,55.0,0,0,0,0.0,0,33.42,33.42,,,74.0,212.0,27.84563157894737,6.0,Louisville,2018.0,2018.0,BAL,32.0,,
2024,6,00-0034796,L.Jackson,QB,BAL,WAS,20,26,323.0,1,1.0,2.0,15.0,11,40.0,0,0,0,0.0,0,18.92,18.92,,,74.0,212.0,27.84563157894737,6.0,Louisville,2018.0,2018.0,BAL,32.0,7.0,
2024,7,00-0034796,L.Jackson,QB,BAL,TB,17,22,281.0,5,0.0,2.0,17.0,9,52.0,0,0,0,0.0,0,34.44,34.44,,,74.0,212.0,27.84563157894737,6.0,Louisville,2018.0,2018.0,BAL,32.0,,
2024,8,00-0034796,L.Jackson,QB,BAL,CLE,23,38,289.0,2,0.0,3.0,26.0,8,46.0,0,0,0,0.0,0,24.16,24.16,,,74.0,212.0,27.84563157894737,6.0,Louisville,2018.0,2018.0,BAL,32.0,,
2024,9,00-0034796,L.Jackson,QB,BAL,DEN,16,19,280.0,3,0.0,1.0,11.0,3,4.0,0,0,0,0.0,0,23.6,23.6,,,74.0,212.0,27.84563157894737,6.0,Louisville,2018.0,2018.0,BAL,32.0,31.0,
2024,10,00-0034796,L.Jackson,QB,BAL,CIN,25,33,290.0,4,0.0,0.0,-0.0,7,33.0,0,0,0,0.0,0,32.9,32.9,,,74.0,212.0,27.84563157894737,6.0,Louisville,2018.0,2018.0,BAL,32.0,1.0,
2024,11,00-0034796,L.Jackson,QB,BAL,PIT,16,33,207.0,1,1.0,2.0,2.0,4,46.0,0,0,0,0.0,0,14.88,14.88,,,74.0,212.0,27.84563157894737,6.0,Louisville,2018.0,2018.0,BAL,32.0,,
2024,12,00-0034796,L.Jackson,QB,BAL,LAC,16,22,177.0,2,0.0,1.0,-0.0,8,15.0,1,0,0,0.0,0,22.58,22.58,,,74.0,212.0,27.84563157894737,6.0,Louisville,2018.0,2018.0,BAL,32.0,,
2024,13,00-0034796,L.Jackson,QB,BAL,PHI,23,36,237.0,2,0.0,3.0,31.0,8,79.0,0,0,0,0.0,0,25.38,25.38,,,74.0,212.0,27.84563157894737,6.0,Louisville,2018.0,2018.0,BAL,32.0,-5.0,
2024,15,00-0034796,L.Jackson,QB,BAL,NYG,21,25,290.0,5,0.0,2.0,10.0,6,65.0,0,0,0,0.0,0,36.1,36.1,,,74.0,212.0,27.84563157894737,6.0,Louisville,2018.0,2018.0,BAL,32.0,,
2024,16,00-0034796,L.Jackson,QB,BAL,PIT,15,23,207.0,3,1.0,1.0,9.0,9,22.0,0,0,0,0.0,0,20.48,20.48,,,74.0,212.0,27.84563157894737,6.0,Louisville,2018.0,2018.0,BAL,32.0,17.0,
2024,17,00-0034796,L.Jackson,QB,BAL,HOU,10,15,168.0,2,0.0,1.0,3.0,4,87.0,1,0,0,0.0,0,29.42,29.42,,,74.0,212.0,27.84563157894737,6.0,Louisville,2018.0,2018.0,BAL,32.0,,
2024,18,00-0034796,L.Jackson,QB,BAL,CLE,16,32,217.0,2,0.0,0.0,-0.0,9,63.0,0,0,0,0.0,0,22.98,22.98,,,74.0,212.0,27.84563157894737,6.0,Louisville,2018.0,2018.0,BAL,32.0,25.0,
2024,19,00-0034796,L.Jackson,QB,BAL,PIT,16,21,175.0,2,0.0,1.0,10.0,15,81.0,0,0,0,0.0,0,23.1,23.1,,,74.0,212.0,27.84563157894737,6.0,Louisville,2018.0,2018.0,BAL,32.0,14.0,
2024,20,00-0034796,L.Jackson,QB,BAL,BUF,18,25,254.0,2,1.0,2.0,14.0,6,39.0,0,0,0,0.0,0,18.06,18.06,,,74.0,212.0,27.84563157894737,6.0,Louisville,2018.0,2018.0,BAL,32.0,,
2024,1,00-0034798,D.Smythe,TE,MIA,JAX,0,0,0.0,0,0.0,0.0,0.0,0,0.0,0,3,0,0.0,0,0.0,0.0,,,78.0,260.0,29.25035294117647,6.0,Notre Dame,2018.0,2018.0,MIA,123.0,3.0,0.083333336
2024,2,00-0034798,D.Smythe,TE,MIA,BUF,0,0,0.0,0,0.0,0.0,0.0,0,0.0,0,1,1,8.0,0,0.8,1.8,,,78.0,260.0,29.25035294117647,6.0,Notre Dame,2018.0,2018.0,MIA,123.0,-21.0,0.027027028
2024,3,00-0034798,D.Smythe,TE,MIA,SEA,0,0,0.0,0,0.0,0.0,0.0,0,0.0,0,2,1,3.0,0,0.3,1.3,,,78.0,260.0,29.25035294117647,6.0,Notre Dame,2018.0,2018.0,MIA,123.0,,0.06451613
2024,5,00-0034798,D.Smythe,TE,MIA,NE,0,0,0.0,0,0.0,0.0,0.0,0,0.0,0,1,0,0.0,0,0.0,0.0,,,78.0,260.0,29.25035294117647,6.0,Notre Dame,2018.0,2018.0,MIA,123.0,,0.032258064
2024,9,00-0034798,D.Smythe,TE,MIA,BUF,0,0,0.0,0,0.0,0.0,0.0,0,0.0,0,1,1,4.0,0,0.4,1.4,,,78.0,260.0,29.25035294117647,6.0,Notre Dame,2018.0,2018.0,MIA,123.0,,0.037037037
2024,10,00-0034798,D.Smythe,TE,MIA,LA,0,0,0.0,0,0.0,0.0,0.0,0,0.0,0,1,1,6.0,0,0.6,1.6,,,78.0,260.0,29.25035294117647,6.0,Notre Dame,2018.0,2018.0,MIA,123.0,,0.035714287
2024,11,00-0034798,D.Smythe,TE,MIA,LV,0,0,0.0,0,0.0,0.0,0.0,0,0.0,0,1,1,3.0,0,0.3,1.3,,,78.0,260.0,29.25035294117647,6.0,Notre Dame,2018.0,2018.0,MIA,123.0,15.0,0.028571429
2024,12,00-0034798,D.Smythe,TE,MIA,NE,0,0,0.0,0,0.0,0.0,0.0,0,0.0,0,1,1,8.0,0,0.8,1.8,,,78.0,260.0,29.25035294117647,6.0,Notre Dame,2018.0,2018.0,MIA,123.0,19.0,0.025
2024,13,00-0034798,D.Smythe,TE,MIA,GB,0,0,0.0,0,0.0,0.0,0.0,0,0.0,0,1,1,8.0,0,0.8,1.8,,,78.0,260.0,29.25035294117647,6.0,Notre Dame,2018.0,2018.0,MIA,123.0,,0.02173913
2024,14,00-0034798,D.Smythe,TE,MIA,NYJ,0,0,0.0,0,0.0,0.0,0.0,0,0.0,0,1,0,0.0,0,0.0,0.0,,,78.0,260.0,29.25035294117647,6.0,Notre Dame,2018.0,2018.0,MIA,123.0,6.0,0.022222223
2024,15,00-0034798,D.Smythe,TE,MIA,HOU,0,0,0.0,0,0.0,0.0,0.0,0,0.0,0,1,1,8.0,0,0.8,1.8,,,78.0,260.0,29.25035294117647,6.0,Notre Dame,2018.0,2018.0,MIA,123.0,,0.025641026
2024,16,00-0034798,D.Smythe,TE,MIA,SF,0,0,0.0,0,0.0,0.0,0.0,0,0.0,0,2,1,5.0,0,0.5,1.5,,,78.0,260.0,29.25035294117647,6.0,Notre Dame,2018.0,2018.0,MIA,123.0,12.0,0.06451613
2024,18,00-0034798,D.Smythe,TE,MIA,NYJ,0,0,0.0,0,0.0,0.0,0.0,0,0.0,0,1,0,0.0,0,0.0,0.0,,,78.0,260.0,29.25035294117647,6.0,Notre Dame,2018.0,2018.0,MIA,123.0,,0.027027028
2024,1,00-0034827,D.Moore,WR,CHI,TEN,0,0,0.0,0,0.0,0.0,0.0,1,14.0,0,8,5,36.0,0,5.0,10.0,,,72.0,215.0,27.568058823529412,6.0,Maryland,2018.0,2018.0,CAR,24.0,7.0,0.27586207
2024,2,00-0034827,D.Moore,WR,CHI,HOU,0,0,0.0,0,0.0,0.0,0.0,0,0.0,0,10,6,53.0,0,5.3,11.3,,,72.0,215.0,27.568058823529412,6.0,Maryland,2018.0,2018.0,CAR,24.0,,0.29411766
2024,3,00-0034827,D.Moore,WR,CHI,IND,0,0,0.0,0,0.0,0.0,0.0,1,-6.0,0,10,8,78.0,0,7.2,15.2,,,72.0,215.0,27.568058823529412,6.0,Maryland,2018.0,2018.0,CAR,24.0,,0.20833333
2024,4,00-0034827,D.Moore,WR,CHI,LA,0,0,0.0,0,0.0,0.0,0.0,0,0.0,0,6,3,22.0,1,8.2,11.2,,,72.0,215.0,27.568058823529412,6.0,Maryland,2018.0,2018.0,CAR,24.0,6.0,0.27272728
2024,5,00-0034827,D.Moore,WR,CHI,CAR,0,0,0.0,0,0.0,0.0,0.0,0,0.0,0,8,5,105.0,2,22.5,27.5,,,72.0,215.0,27.568058823529412,6.0,Maryland,2018.0,2018.0,CAR,24.0,26.0,0.2857143
2024,6,00-0034827,D.Moore,WR,CHI,JAX,0,0,0.0,0,0.0,0.0,0.0,0,0.0,0,5,4,20.0,0,2.0,6.0,,,72.0,215.0,27.568058823529412,6.0,Maryland,2018.0,2018.0,CAR,24.0,19.0,0.1923077
2024,8,00-0034827,D.Moore,WR,CHI,WAS,0,0,0.0,0,0.0,0.0,0.0,2,7.0,0,4,2,27.0,0,3.4,5.4,,,72.0,215.0,27.568058823529412,6.0,Maryland,2018.0,2018.0,CAR,24.0,,0.1904762
2024,9,00-0034827,D.Moore,WR,CHI,ARI,0,0,0.0,0,0.0,0.0,0.0,0,0.0,0,9,4,33.0,0,3.3,7.3,,,72.0,215.0,27.568058823529412,6.0,Maryland,2018.0,2018.0,CAR,24.0,,0.25
2024,10,00-0034827,D.Moore,WR,CHI,NE,0,0,0.0,0,0.0,0.0,0.0,1,3.0,0,6,3,24.0,0,2.7,5.7,,,72.0,215.0,27.568058823529412,6.0,Maryland,2018.0,2018.0,CAR,24.0,-16.0,0.23076923
2024,11,00-0034827,D.Moore,WR,CHI,GB,0,0,0.0,0,0.0,0.0,0.0,1,5.0,0,7,7,62.0,0,6.7,13.7,,,72.0,215.0,27.568058823529412,6.0,Maryland,2018.0,2018.0,CAR,24.0,-1.0,0.22580644
2024,12,00-0034827,D.Moore,WR,CHI,MIN,0,1,0.0,0,0.0,0.0,-0.0,1,13.0,0,7,7,106.0,1,19.9,26.9,,,72.0,215.0,27.568058823529412,6.0,Maryland,2018.0,2018.0,CAR,24.0,-3.0,0.14893617
2024,13,00-0034827,D.Moore,WR,CHI,DET,0,0,0.0,0,0.0,0.0,0.0,0,0.0,0,16,8,97.0,1,15.7,23.7,,,72.0,215.0,27.568058823529412,6.0,Maryland,2018.0,2018.0,CAR,24.0,,0.44444445
2024,14,00-0034827,D.Moore,WR,CHI,SF,0,0,0.0,0,0.0,0.0,0.0,0,0.0,0,8,6,49.0,0,4.9,10.9,,,72.0,215.0,27.568058823529412,6.0,Maryland,2018.0,2018.0,CAR,24.0,,0.33333334
2024,15,00-0034827,D.Moore,WR,CHI,MIN,0,0,0.0,0,0.0,0.0,0.0,3,24.0,0,8,8,46.0,0,7.0,15.0,,,72.0,215.0,27.568058823529412,6.0,Maryland,2018.0,2018.0,CAR,24.0,,0.2580645
2024,16,00-0034827,D.Moore,WR,CHI,DET,0,0,0.0,0,0.0,0.0,0.0,1,2.0,0,10,7,68.0,0,7.0,14.0,,,72.0,215.0,27.568058823529412,6.0,Maryland,2018.0,2018.0,CAR,24.0,-17.0,0.27027026
2024,17,00-0034827,D.Moore,WR,CHI,SEA,0,0,0.0,0,0.0,0.0,0.0,2,8.0,0,8,6,54.0,0,6.2,12.2,,,72.0,215.0,27.568058823529412,6.0,Maryland,2018.0,2018.0,CAR,24.0,-3.0,0.30769232
2024,18,00-0034827,D.Moore,WR,CHI,GB,0,0,0.0,0,0.0,0.0,0.0,1,5.0,0,10,9,86.0,1,13.1,22.1,,,72.0,215.0,27.568058823529412,6.0,Maryland,2018.0,2018.0,CAR,24.0,,0.41666666
2024,1,00-0034829,M.Gesicki,TE,CIN,NE,0,0,0.0,0,0.0,0.0,0.0,0,0.0,0,4,3,18.0,0,1.8,4.8,,,78.0,252.0,29.09329411764706,6.0,Penn State,2018.0,2018.0,MIA,42.0,-6.0,0.13793103
2024,2,00-0034829,M.Gesicki,TE,CIN,KC,0,0,0.0,0,0.0,0.0,0.0,0,0.0,0,9,7,91.0,0,9.1,16.1,,,78.0,252.0,29.09329411764706,6.0,Penn State,2018.0,2018.0,MIA,42.0,,0.2647059
2024,3,00-0034829,M.Gesicki,TE,CIN,WAS,0,0,0.0,0,0.0,0.0,0.0,0,0.0,0,5,4,47.0,0,4.7,8.7,,,78.0,252.0,29.09329411764706,6.0,Penn State,2018.0,2018.0,MIA,42.0,-5.0,0.13157895
2024,4,00-0034829,M.Gesicki,TE,CIN,CAR,0,0,0.0,0,0.0,0.0,0.0,0,0.0,0,1,1,-9.0,0,-0.9,0.1,,,78.0,252.0,29.09329411764706,6.0,Penn State,2018.0,2018.0,MIA,42.0,,0.033333335
2024,5,00-0034829,M.Gesicki,TE,CIN,BAL,0,0,0.0,0,0.0,0.0,0.0,0,0.0,0,2,2,31.0,0,3.1,5.1,,,78.0,252.0,29.09329411764706,6.0,Penn State,2018.0,2018.0,MIA,42.0,-3.0,0.051282052
2024,7,00-0034829,M.Gesicki,TE,CIN,CLE,0,0,0.0,0,0.0,0.0,0.0,0,0.0,0,1,1,2.0,0,0.2,1.2,,,78.0,252.0,29.09329411764706,6.0,Penn State,2018.0,2018.0,MIA,42.0,,0.041666668
2024,8,00-0034829,M.Gesicki,TE,CIN,PHI,0,0,0.0,0,0.0,0.0,0.0,0,0.0,0,8,7,73.0,0,5.3,12.3,,,78.0,252.0,29.09329411764706,6.0,Penn State,2018.0,2018.0,MIA,42.0,-20.0,0.22222222
2024,9,00-0034829,M.Gesicki,TE,CIN,LV,0,0,0.0,0,0.0,0.0,0.0,0,0.0,0,6,5,100.0,2,22.0,27.0,,,78.0,252.0,29.09329411764706,6.0,Penn State,2018.0,2018.0,MIA,42.0,17.0,0.16216215
2024,10,00-0034829,M.Gesicki,TE,CIN,BAL,0,0,0.0,0,0.0,0.0,0.0,0,0.0,0,9,4,30.0,0,3.0,7.0,,,78.0,252.0,29.09329411764706,6.0,Penn State,2018.0,2018.0,MIA,42.0,,0.16666667
2024,11,00-0034829,M.Gesicki,TE,CIN,LAC,0,0,0.0,0,0.0,0.0,0.0,0,0.0,0,2,0,0.0,0,0.0,0.0,,,78.0,252.0,29.09329411764706,6.0,Penn State,2018.0,2018.0,MIA,42.0,,0.04347826
2024,13,00-0034829,M.Gesicki,TE,CIN,PIT,0,0,0.0,0,0.0,0.0,0.0,0,0.0,0,5,5,53.0,0,5.3,10.3,,,78.0,252.0,29.09329411764706,6.0,Penn State,2018.0,2018.0,MIA,42.0,-6.0,0.13513513
2024,14,00-0034829,M.Gesicki,TE,CIN,DAL,0,0,0.0,0,0.0,0.0,0.0,0,0.0,0,3,3,24.0,0,2.4,5.4,,,78.0,252.0,29.09329411764706,6.0,Penn State,2018.0,2018.0,MIA,42.0,,0.069767445
2024,15,00-0034829,M.Gesicki,TE,CIN,TEN,0,0,0.0,0,0.0,0.0,0.0,0,0.0,0,4,3,37.0,0,3.7,6.7,,,78.0,252.0,29.09329411764706,6.0,Penn State,2018.0,2018.0,MIA,42.0,,0.114285715
2024,16,00-0034829,M.Gesicki,TE,CIN,CLE,0,0,0.0,0,0.0,0.0,0.0,0,0.0,0,2,2,14.0,0,1.4,3.4,,,78.0,252.0,29.09329411764706,6.0,Penn State,2018.0,2018.0,MIA,42.0,18.0,0.071428575
2024,17,00-0034829,M.Gesicki,TE,CIN,DEN,0,0,0.0,0,0.0,0.0,0.0,0,0.0,0,12,10,86.0,0,8.6,18.6,,,78.0,252.0,29.09329411764706,6.0,Penn State,2018.0,2018.0,MIA,42.0,6.0,0.24489796
2024,18,00-0034829,M.Gesicki,TE,CIN,PIT,0,0,0.0,0,0.0,0.0,0.0,0,0.0,0,10,8,68.0,0,6.8,14.8,,,78.0,252.0,29.09329411764706,6.0,Penn State,2018.0,2018.0,MIA,42.0,,0.2173913
2024,1,00-0034830,H.Hurst,TE,LAC,LV,0,0,0.0,0,0.0,0.0,0.0,0,0.0,0,3,2,33.0,0,3.3,5.3,,,76.0,245.0,31.219111111111108,6.0,South Carolina,2018.0,2018.0,BAL,25.0,12.0,0.12
2024,2,00-0034830,H.Hurst,TE,LAC,CAR,0,0,0.0,0,0.0,0.0,0.0,0,0.0,0,2,1,5.0,0,0.5,1.5,,,76.0,245.0,31.219111111111108,6.0,South Carolina,2018.0,2018.0,BAL,25.0,,0.10526316
2024,3,00-0034830,H.Hurst,TE,LAC,PIT,0,0,0.0,0,0.0,0.0,0.0,0,0.0,0,2,2,15.0,0,1.5,3.5,,,76.0,245.0,31.219111111111108,6.0,South Carolina,2018.0,2018.0,BAL,25.0,,0.10526316
2024,4,00-0034830,H.Hurst,TE,LAC,KC,0,0,0.0,0,0.0,0.0,0.0,0,0.0,0,3,1,6.0,0,0.6,1.6,,,76.0,245.0,31.219111111111108,6.0,South Carolina,2018.0,2018.0,BAL,25.0,-7.0,0.11111111
2024,9,00-0034830,H.Hurst,TE,LAC,CLE,0,0,0.0,0,0.0,0.0,0.0,0,0.0,0,1,1,6.0,0,0.6,1.6,,,76.0,245.0,31.219111111111108,6.0,South Carolina,2018.0,2018.0,BAL,25.0,,0.03846154
2024,10,00-0034830,H.Hurst,TE,LAC,TEN,0,0,0.0,0,0.0,0.0,0.0,0,0.0,0,1,0,0.0,0,0.0,0.0,,,76.0,245.0,31.219111111111108,6.0,South Carolina,2018.0,2018.0,BAL,25.0,10.0,0.055555556
2024,16,00-0034830,H.Hurst,TE,LAC,DEN,0,0,0.0,0,0.0,0.0,0.0,0,0.0,0,1,1,8.0,0,0.8,1.8,,,76.0,245.0,31.219111111111108,6.0,South Carolina,2018.0,2018.0,BAL,25.0,7.0,0.033333335
2024,15,00-0034834,S.Hubbard,DE,CIN,TEN,0,0,0.0,0,0.0,0.0,0.0,0,0.0,0,1,1,2.0,1,6.2,7.2,,,77.0,265.0,29.356058823529413,6.0,Ohio State,2018.0,2018.0,CIN,77.0,,0.028571429
2024,1,00-0034837,C.Ridley,WR,TEN,CHI,0,0,0.0,0,0.0,0.0,0.0,0,0.0,0,7,3,50.0,0,5.0,8.0,,,73.0,190.0,29.887588235294118,6.0,Alabama,2018.0,2018.0,ATL,26.0,,0.25925925
2024,2,00-0034837,C.Ridley,WR,TEN,NYJ,0,0,0.0,0,0.0,0.0,0.0,1,10.0,1,6,4,77.0,1,20.7,24.7,,,73.0,190.0,29.887588235294118,6.0,Alabama,2018.0,2018.0,ATL,26.0,-7.0,0.22222222
2024,3,00-0034837,C.Ridley,WR,TEN,GB,0,0,0.0,0,0.0,0.0,0.0,0,0.0,0,3,1,9.0,0,0.9,1.9,,,73.0,190.0,29.887588235294118,6.0,Alabama,2018.0,2018.0,ATL,26.0,-16.0,0.0882353
2024,4,00-0034837,C.Ridley,WR,TEN,MIA,0,0,0.0,0,0.0,0.0,0.0,1,10.0,0,3,1,5.0,0,1.5,2.5,,,73.0,190.0,29.887588235294118,6.0,Alabama,2018.0,2018.0,ATL,26.0,,0.16666667
2024,6,00-0034837,C.Ridley,WR,TEN,IND,0,0,0.0,0,0.0,0.0,0.0,1,9.0,0,8,0,0.0,0,0.9,0.9,,,73.0,190.0,29.887588235294118,6.0,Alabama,2018.0,2018.0,ATL,26.0,-3.0,0.2962963
2024,7,00-0034837,C.Ridley,WR,TEN,BUF,0,0,0.0,0,0.0,0.0,0.0,0,0.0,0,9,3,42.0,0,4.2,7.2,,,73.0,190.0,29.887588235294118,6.0,Alabama,2018.0,2018.0,ATL,26.0,,0.23684211
2024,8,00-0034837,C.Ridley,WR,TEN,DET,0,0,0.0,0,0.0,0.0,0.0,1,3.0,0,15,10,143.0,0,12.6,22.6,,,73.0,190.0,29.887588235294118,6.0,Alabama,2018.0,2018.0,ATL,26.0,,0.39473686
2024,9,00-0034837,C.Ridley,WR,TEN,NE,0,0,0.0,0,0.0,0.0,0.0,0,0.0,0,8,5,73.0,0,7.3,12.3,,,73.0,190.0,29.887588235294118,6.0,Alabama,2018.0,2018.0,ATL,26.0,3.0,0.2962963
2024,10,00-0034837,C.Ridley,WR,TEN,LAC,0,0,0.0,0,0.0,0.0,0.0,0,0.0,0,9,5,84.0,2,20.4,25.4,,,73.0,190.0,29.887588235294118,6.0,Alabama,2018.0,2018.0,ATL,26.0,,0.39130434
2024,11,00-0034837,C.Ridley,WR,TEN,MIN,0,0,0.0,0,0.0,0.0,0.0,0,0.0,0,6,4,58.0,0,5.8,9.8,,,73.0,190.0,29.887588235294118,6.0,Alabama,2018.0,2018.0,ATL,26.0,-10.0,0.20689656
2024,12,00-0034837,C.Ridley,WR,TEN,HOU,0,0,0.0,0,0.0,0.0,0.0,0,0.0,0,6,5,93.0,0,9.3,14.3,,,73.0,190.0,29.887588235294118,6.0,Alabama,2018.0,2018.0,ATL,26.0,,0.24
2024,13,00-0034837,C.Ridley,WR,TEN,WAS,0,0,0.0,0,0.0,0.0,0.0,0,0.0,0,7,2,45.0,0,4.5,6.5,,,73.0,190.0,29.887588235294118,6.0,Alabama,2018.0,2018.0,ATL,26.0,,0.19444445
2024,14,00-0034837,C.Ridley,WR,TEN,JAX,0,0,0.0,0,0.0,0.0,0.0,0,0.0,0,12,7,59.0,0,5.9,12.9,,,73.0,190.0,29.887588235294118,6.0,Alabama,2018.0,2018.0,ATL,26.0,-4.0,0.375
2024,15,00-0034837,C.Ridley,WR,TEN,CIN,0,0,0.0,0,0.0,0.0,0.0,1,19.0,0,5,3,41.0,0,6.0,9.0,,,73.0,190.0,29.887588235294118,6.0,Alabama,2018.0,2018.0,ATL,26.0,-10.0,0.13513513
2024,16,00-0034837,C.Ridley,WR,TEN,IND,0,0,0.0,0,0.0,0.0,0.0,0,0.0,0,5,3,78.0,1,13.8,16.8,,,73.0,190.0,29.887588235294118,6.0,Alabama,2018.0,2018.0,ATL,26.0,,0.15151516
2024,17,00-0034837,C.Ridley,WR,TEN,JAX,0,0,0.0,0,0.0,0.0,0.0,1,7.0,0,6,5,84.0,0,9.1,14.1,,,73.0,190.0,29.887588235294118,6.0,Alabama,2018.0,2018.0,ATL,26.0,,0.2
2024,18,00-0034837,C.Ridley,WR,TEN,HOU,0,0,0.0,0,0.0,0.0,0.0,2,-3.0,0,5,3,76.0,0,7.3,10.3,,,73.0,190.0,29.887588235294118,6.0,Alabama,2018.0,2018.0,ATL,26.0,-9.0,0.1923077
2024,1,00-0034844,S.Barkley,RB,PHI,GB,0,0,0.0,0,0.0,0.0,0.0,24,109.0,2,2,2,23.0,1,31.2,33.2,,,72.0,233.0,27.785999999999998,6.0,Penn State,2018.0,2018.0,NYG,2.0,5.0,0.06896552
2024,2,00-0034844,S.Barkley,RB,PHI,ATL,0,0,0.0,0,0.0,0.0,0.0,22,95.0,0,5,4,21.0,0,13.6,17.6,,,72.0,233.0,27.785999999999998,6.0,Penn State,2018.0,2018.0,NYG,2.0,-1.0,0.1724138
2024,3,00-0034844,S.Barkley,RB,PHI,NO,0,0,0.0,0,0.0,0.0,0.0,17,147.0,2,4,4,9.0,0,29.6,33.6,,,72.0,233.0,27.785999999999998,6.0,Penn State,2018.0,2018.0,NYG,2.0,,0.11111111
2024,4,00-0034844,S.Barkley,RB,PHI,TB,0,0,0.0,0,0.0,0.0,0.0,10,84.0,0,4,2,32.0,0,11.6,13.6,,,72.0,233.0,27.785999999999998,6.0,Penn State,2018.0,2018.0,NYG,2.0,,0.13793103
2024,6,00-0034844,S.Barkley,RB,PHI,CLE,0,0,0.0,0,0.0,0.0,0.0,18,47.0,0,2,2,7.0,0,5.4,7.4,,,72.0,233.0,27.785999999999998,6.0,Penn State,2018.0,2018.0,NYG,2.0,4.0,0.083333336
2024,7,00-0034844,S.Barkley,RB,PHI,NYG,0,0,0.0,0,0.0,0.0,0.0,17,176.0,1,3,2,11.0,0,24.7,26.7,,,72.0,233.0,27.785999999999998,6.0,Penn State,2018.0,2018.0,NYG,2.0,,0.21428572
2024,8,00-0034844,S.Barkley,RB,PHI,CIN,0,0,0.0,0,0.0,0.0,0.0,22,108.0,0,1,1,3.0,0,11.1,12.1,,,72.0,233.0,27.785999999999998,6.0,Penn State,2018.0,2018.0,NYG,2.0,,0.05263158
2024,9,00-0034844,S.Barkley,RB,PHI,JAX,0,0,0.0,0,0.0,0.0,0.0,27,159.0,1,4,3,40.0,1,29.9,32.9,,,72.0,233.0,27.785999999999998,6.0,Penn State,2018.0,2018.0,NYG,2.0,5.0,0.17391305
2024,10,00-0034844,S.Barkley,RB,PHI,DAL,0,0,0.0,0,0.0,0.0,0.0,14,66.0,0,1,1,12.0,0,7.8,8.8,,,72.0,233.0,27.785999999999998,6.0,Penn State,2018.0,2018.0,NYG,2.0,,0.05
2024,11,00-0034844,S.Barkley,RB,PHI,WAS,0,0,0.0,0,0.0,0.0,0.0,26,146.0,2,3,2,52.0,0,31.8,33.8,,,72.0,233.0,27.785999999999998,6.0,Penn State,2018.0,2018.0,NYG,2.0,8.0,0.12
2024,12,00-0034844,S.Barkley,RB,PHI,LA,0,0,0.0,0,0.0,0.0,0.0,26,255.0,2,4,4,47.0,0,42.2,46.2,,,72.0,233.0,27.785999999999998,6.0,Penn State,2018.0,2018.0,NYG,2.0,,0.21052632
2024,13,00-0034844,S.Barkley,RB,PHI,BAL,0,0,0.0,0,0.0,0.0,0.0,23,107.0,1,4,2,10.0,0,17.7,19.7,,,72.0,233.0,27.785999999999998,6.0,Penn State,2018.0,2018.0,NYG,2.0,,0.23529412
2024,14,00-0034844,S.Barkley,RB,PHI,CAR,0,0,0.0,0,0.0,0.0,0.0,20,124.0,0,1,0,0.0,0,14.4,14.4,,,72.0,233.0,27.785999999999998,6.0,Penn State,2018.0,2018.0,NYG,2.0,6.0,0.05263158
2024,15,00-0034844,S.Barkley,RB,PHI,PIT,0,0,0.0,0,0.0,0.0,0.0,19,65.0,0,2,2,9.0,0,7.4,9.4,,,72.0,233.0,27.785999999999998,6.0,Penn State,2018.0,2018.0,NYG,2.0,14.0,0.06451613
2024,16,00-0034844,S.Barkley,RB,PHI,WAS,0,0,0.0,0,0.0,1.0,2.0,29,150.0,2,1,0,0.0,0,27.0,27.0,,,72.0,233.0,27.785999999999998,6.0,Penn State,2018.0,2018.0,NYG,2.0,,0.04
2024,17,00-0034844,S.Barkley,RB,PHI,DAL,0,0,0.0,0,0.0,0.0,0.0,31,167.0,0,2,2,2.0,0,16.9,18.9,,,72.0,233.0,27.785999999999998,6.0,Penn State,2018.0,2018.0,NYG,2.0,34.0,0.11111111
2024,19,00-0034844,S.Barkley,RB,PHI,GB,0,0,0.0,0,0.0,0.0,0.0,25,119.0,0,2,2,4.0,0,12.3,14.3,,,72.0,233.0,27.785999999999998,6.0,Penn State,2018.0,2018.0,NYG,2.0,12.0,0.11111111
2024,20,00-0034844,S.Barkley,RB,PHI,LA,0,0,0.0,0,0.0,0.0,0.0,26,205.0,2,4,4,27.0,0,35.2,39.2,,,72.0,233.0,27.785999999999998,6.0,Penn State,2018.0,2018.0,NYG,2.0,6.0,0.2
2024,21,00-0034844,S.Barkley,RB,PHI,WAS,0,0,0.0,0,0.0,0.0,0.0,15,118.0,3,2,1,4.0,0,30.2,31.2,,,72.0,233.0,27.785999999999998,6.0,Penn State,2018.0,2018.0,NYG,2.0,32.0,0.083333336
2024,22,00-0034844,S.Barkley,RB,PHI,KC,0,0,0.0,0,0.0,0.0,0.0,25,57.0,0,7,6,40.0,0,9.7,15.7,,,72.0,233.0,27.785999999999998,6.0,Penn State,2018.0,2018.0,NYG,2.0,18.0,0.3043478
2024,4,00-0034854,K.Hodge,WR,ATL,NO,0,0,0.0,0,0.0,0.0,0.0,0,0.0,0,0,0,0.0,0,6.0,6.0,,,74.0,205.0,29.841,6.0,Prairie View,2018.0,2018.0,,,2.0,
2024,5,00-0034854,K.Hodge,WR,ATL,TB,0,0,0.0,0,0.0,0.0,0.0,0,0.0,0,2,2,67.0,1,12.7,14.7,,,74.0,205.0,29.841,6.0,Prairie View,2018.0,2018.0,,,6.0,0.037037037
2024,9,00-0034854,K.Hodge,WR,ATL,DAL,0,0,0.0,0,0.0,0.0,0.0,0,0.0,0,2,1,9.0,0,0.9,1.9,,,74.0,205.0,29.841,6.0,Prairie View,2018.0,2018.0,,,6.0,0.083333336
2024,11,00-0034854,K.Hodge,WR,ATL,DEN,0,0,0.0,0,0.0,0.0,0.0,0,0.0,0,2,2,22.0,0,2.2,4.2,,,74.0,205.0,29.841,6.0,Prairie View,2018.0,2018.0,,,,0.06896552
2024,17,00-0034854,K.Hodge,WR,ATL,WAS,0,0,0.0,0,0.0,0.0,0.0,0,0.0,0,4,1,9.0,0,0.9,1.9,,,74.0,205.0,29.841,6.0,Prairie View,2018.0,2018.0,,,,0.114285715
2024,18,00-0034854,K.Hodge,WR,ATL,CAR,0,0,0.0,0,0.0,0.0,0.0,0,0.0,0,2,1,24.0,0,2.4,3.4,,,74.0,205.0,29.841,6.0,Prairie View,2018.0,2018.0,,,-6.0,0.054054055
2024,1,00-0034855,B.Mayfield,QB,TB,WAS,24,30,289.0,4,0.0,1.0,9.0,3,21.0,0,0,0,0.0,0,29.66,29.66,,,73.0,215.0,29.57577777777778,6.0,Oklahoma,2018.0,2018.0,CLE,1.0,17.0,
2024,2,00-0034855,B.Mayfield,QB,TB,DET,12,19,185.0,1,1.0,5.0,39.0,5,34.0,1,0,0,0.0,0,18.8,18.8,,,73.0,215.0,29.57577777777778,6.0,Oklahoma,2018.0,2018.0,CLE,1.0,,
2024,3,00-0034855,B.Mayfield,QB,TB,DEN,25,33,163.0,1,1.0,7.0,31.0,0,0.0,0,0,0,0.0,0,8.52,8.52,,,73.0,215.0,29.57577777777778,6.0,Oklahoma,2018.0,2018.0,CLE,1.0,-19.0,
2024,4,00-0034855,B.Mayfield,QB,TB,PHI,30,47,347.0,2,0.0,2.0,13.0,4,10.0,1,0,0,0.0,0,28.88,28.88,,,73.0,215.0,29.57577777777778,6.0,Oklahoma,2018.0,2018.0,CLE,1.0,17.0,
2024,5,00-0034855,B.Mayfield,QB,TB,ATL,19,24,180.0,3,0.0,1.0,7.0,6,42.0,0,0,0,0.0,0,23.4,23.4,,,73.0,215.0,29.57577777777778,6.0,Oklahoma,2018.0,2018.0,CLE,1.0,,
2024,6,00-0034855,B.Mayfield,QB,TB,NO,24,36,325.0,4,3.0,1.0,8.0,3,29.0,0,0,0,0.0,0,25.9,25.9,,,73.0,215.0,29.57577777777778,6.0,Oklahoma,2018.0,2018.0,CLE,1.0,,
2024,7,00-0034855,B.Mayfield,QB,TB,BAL,31,45,370.0,3,2.0,3.0,14.0,5,22.0,0,0,0,0.0,0,27.0,27.0,,,73.0,215.0,29.57577777777778,6.0,Oklahoma,2018.0,2018.0,CLE,1.0,-10.0,
2024,8,00-0034855,B.Mayfield,QB,TB,ATL,37,50,330.0,3,2.0,0.0,-0.0,3,11.0,0,0,0,0.0,0,22.3,22.3,,,73.0,215.0,29.57577777777778,6.0,Oklahoma,2018.0,2018.0,CLE,1.0,-5.0,
2024,9,00-0034855,B.Mayfield,QB,TB,KC,23,31,200.0,2,0.0,2.0,11.0,4,20.0,0,0,0,0.0,0,18.0,18.0,,,73.0,215.0,29.57577777777778,6.0,Oklahoma,2018.0,2018.0,CLE,1.0,,
2024,10,00-0034855,B.Mayfield,QB,TB,SF,18,29,116.0,1,0.0,2.0,11.0,3,3.0,0,0,0,0.0,0,8.94,8.94,,,73.0,215.0,29.57577777777778,6.0,Oklahoma,2018.0,2018.0,CLE,1.0,-3.0,
2024,12,00-0034855,B.Mayfield,QB,TB,NYG,24,30,294.0,0,0.0,0.0,-0.0,4,29.0,1,0,0,0.0,0,18.66,18.66,,,73.0,215.0,29.57577777777778,6.0,Oklahoma,2018.0,2018.0,CLE,1.0,,
2024,13,00-0034855,B.Mayfield,QB,TB,CAR,21,33,235.0,1,2.0,4.0,31.0,3,8.0,0,0,0,0.0,0,10.2,10.2,,,73.0,215.0,29.57577777777778,6.0,Oklahoma,2018.0,2018.0,CLE,1.0,,
2024,14,00-0034855,B.Mayfield,QB,TB,LV,18,29,295.0,3,2.0,4.0,27.0,2,12.0,0,0,0,0.0,0,19.0,19.0,,,73.0,215.0,29.57577777777778,6.0,Oklahoma,2018.0,2018.0,CLE,1.0,15.0,
2024,15,00-0034855,B.Mayfield,QB,TB,LAC,22,27,288.0,4,1.0,1.0,5.0,2,25.0,0,0,0,0.0,0,28.02,28.02,,,73.0,215.0,29.57577777777778,6.0,Oklahoma,2018.0,2018.0,CLE,1.0,,
2024,16,00-0034855,B.Mayfield,QB,TB,DAL,31,43,303.0,2,1.0,4.0,27.0,3,42.0,0,0,0,0.0,0,22.32,22.32,,,73.0,215.0,29.57577777777778,6.0,Oklahoma,2018.0,2018.0,CLE,1.0,,
2024,17,00-0034855,B.Mayfield,QB,TB,CAR,27,32,359.0,5,0.0,2.0,10.0,1,2.0,0,0,0,0.0,0,34.56,34.56,,,73.0,215.0,29.57577777777778,6.0,Oklahoma,2018.0,2018.0,CLE,1.0,34.0,
2024,18,00-0034855,B.Mayfield,QB,TB,NO,21,32,221.0,2,1.0,1.0,5.0,9,68.0,0,0,0,0.0,0,21.64,21.64,,,73.0,215.0,29.57577777777778,6.0,Oklahoma,2018.0,2018.0,CLE,1.0,8.0,
2024,19,00-0034855,B.Mayfield,QB,TB,WAS,15,18,185.0,2,0.0,1.0,2.0,7,23.0,0,0,0,0.0,0,15.7,15.7,,,73.0,215.0,29.57577777777778,6.0,Oklahoma,2018.0,2018.0,CLE,1.0,-3.0,
2024,1,00-0034857,J.Allen,QB,BUF,ARI,18,23,232.0,2,0.0,2.0,10.0,9,39.0,2,0,0,0.0,0,31.18,31.18,,,77.0,237.0,28.49165,6.0,Wyoming,2018.0,2018.0,BUF,7.0,6.0,
2024,2,00-0034857,J.Allen,QB,BUF,MIA,13,19,139.0,1,0.0,0.0,-0.0,2,2.0,0,0,0,0.0,0,9.76,9.76,,,77.0,237.0,28.49165,6.0,Wyoming,2018.0,2018.0,BUF,7.0,,
2024,3,00-0034857,J.Allen,QB,BUF,JAX,23,30,263.0,4,0.0,0.0,-0.0,6,44.0,0,0,0,0.0,0,30.92,30.92,,,77.0,237.0,28.49165,6.0,Wyoming,2018.0,2018.0,BUF,7.0,37.0,
2024,4,00-0034857,J.Allen,QB,BUF,BAL,16,29,180.0,0,0.0,3.0,27.0,5,21.0,0,0,0,0.0,0,7.3,7.3,,,77.0,237.0,28.49165,6.0,Wyoming,2018.0,2018.0,BUF,7.0,,
2024,5,00-0034857,J.Allen,QB,BUF,HOU,9,30,131.0,1,0.0,1.0,5.0,4,54.0,0,0,0,0.0,0,14.64,14.64,,,77.0,237.0,28.49165,6.0,Wyoming,2018.0,2018.0,BUF,7.0,,
2024,6,00-0034857,J.Allen,QB,BUF,NYJ,19,25,215.0,2,0.0,2.0,5.0,9,18.0,1,0,0,0.0,0,24.4,24.4,,,77.0,237.0,28.49165,6.0,Wyoming,2018.0,2018.0,BUF,7.0,,
2024,7,00-0034857,J.Allen,QB,BUF,TEN,21,33,323.0,2,0.0,1.0,8.0,3,1.0,0,0,0,0.0,0,21.02,21.02,,,77.0,237.0,28.49165,6.0,Wyoming,2018.0,2018.0,BUF,7.0,24.0,
2024,8,00-0034857,J.Allen,QB,BUF,SEA,24,34,283.0,2,1.0,1.0,2.0,7,25.0,0,0,0,0.0,0,19.82,19.82,,,77.0,237.0,28.49165,6.0,Wyoming,2018.0,2018.0,BUF,7.0,,
2024,9,00-0034857,J.Allen,QB,BUF,MIA,25,39,235.0,3,1.0,1.0,4.0,2,7.0,0,0,0,0.0,0,22.1,22.1,,,77.0,237.0,28.49165,6.0,Wyoming,2018.0,2018.0,BUF,7.0,3.0,
2024,10,00-0034857,J.Allen,QB,BUF,IND,22,37,280.0,0,2.0,2.0,-0.0,8,50.0,1,0,0,0.0,0,18.2,18.2,,,77.0,237.0,28.49165,6.0,Wyoming,2018.0,2018.0,BUF,7.0,,
2024,11,00-0034857,J.Allen,QB,BUF,KC,27,40,262.0,1,1.0,0.0,-0.0,12,55.0,1,0,0,0.0,0,23.98,23.98,,,77.0,237.0,28.49165,6.0,Wyoming,2018.0,2018.0,BUF,7.0,9.0,
2024,13,00-0034857,J.Allen,QB,BUF,SF,13,17,148.0,2,0.0,0.0,-0.0,3,18.0,1,0,0,0.0,0,21.72,21.72,,,77.0,237.0,28.49165,6.0,Wyoming,2018.0,2018.0,BUF,7.0,25.0,
2024,14,00-0034857,J.Allen,QB,BUF,LA,22,37,342.0,3,0.0,0.0,-0.0,10,82.0,3,0,0,0.0,0,51.88,51.88,,,77.0,237.0,28.49165,6.0,Wyoming,2018.0,2018.0,BUF,7.0,,
2024,15,00-0034857,J.Allen,QB,BUF,DET,23,34,362.0,2,0.0,0.0,-0.0,11,68.0,2,0,0,0.0,0,41.28,41.28,,,77.0,237.0,28.49165,6.0,Wyoming,2018.0,2018.0,BUF,7.0,,
2024,16,00-0034857,J.Allen,QB,BUF,NE,16,29,154.0,1,1.0,1.0,2.0,6,30.0,0,0,0,0.0,0,11.16,11.16,,,77.0,237.0,28.49165,6.0,Wyoming,2018.0,2018.0,BUF,7.0,3.0,
2024,17,00-0034857,J.Allen,QB,BUF,NYJ,16,27,182.0,2,0.0,0.0,-0.0,5,17.0,1,0,0,0.0,0,22.98,22.98,,,77.0,237.0,28.49165,6.0,Wyoming,2018.0,2018.0,BUF,7.0,26.0,
2024,19,00-0034857,J.Allen,QB,BUF,DEN,20,26,272.0,2,0.0,2.0,11.0,8,46.0,0,0,0,0.0,0,25.48,25.48,,,77.0,237.0,28.49165,6.0,Wyoming,2018.0,2018.0,BUF,7.0,24.0,
2024,20,00-0034857,J.Allen,QB,BUF,BAL,16,22,127.0,0,0.0,1.0,1.0,10,20.0,2,0,0,0.0,0,19.08,19.08,,,77.0,237.0,28.49165,6.0,Wyoming,2018.0,2018.0,BUF,7.0,2.0,
2024,21,00-0034857,J.Allen,QB,BUF,KC,22,34,237.0,2,0.0,2.0,10.0,11,39.0,0,0,0,0.0,0,21.38,21.38,,,77.0,237.0,28.49165,6.0,Wyoming,2018.0,2018.0,BUF,7.0,,
2024,10,00-0034860,D.Pettis,WR,NO,ATL,0,0,0.0,0,0.0,0.0,0.0,0,0.0,0,1,1,8.0,0,0.8,1.8,,,73.0,195.0,29.081166666666665,6.0,Washington,2018.0,2018.0,SF,44.0,3.0,0.04761905
2024,11,00-0034860,D.Pettis,WR,NO,CLE,0,0,0.0,0,0.0,0.0,0.0,0,0.0,0,1,1,9.0,0,0.9,1.9,,,73.0,195.0,29.081166666666665,6.0,Washington,2018.0,2018.0,SF,44.0,21.0,0.035714287
2024,13,00-0034860,D.Pettis,WR,NO,LA,0,0,0.0,0,0.0,0.0,0.0,0,0.0,0,2,1,5.0,0,2.5,3.5,,,73.0,195.0,29.081166666666665,6.0,Washington,2018.0,2018.0,SF,44.0,-7.0,0.05882353
2024,14,00-0034860,D.Pettis,WR,NO,NYG,0,0,0.0,0,0.0,0.0,0.0,0,0.0,0,2,0,0.0,0,0.0,0.0,,,73.0,195.0,29.081166666666665,6.0,Washington,2018.0,2018.0,SF,44.0,,0.06451613
2024,15,00-0034860,D.Pettis,WR,NO,WAS,0,0,0.0,0,0.0,0.0,0.0,0,0.0,0,5,2,24.0,0,2.4,4.4,,,73.0,195.0,29.081166666666665,6.0,Washington,2018.0,2018.0,SF,44.0,-1.0,0.1724138
2024,16,00-0034860,D.Pettis,WR,NO,GB,0,0,0.0,0,0.0,0.0,0.0,0,0.0,0,7,2,31.0,0,3.1,5.1,,,73.0,195.0,29.081166666666665,6.0,Washington,2018.0,2018.0,SF,44.0,,0.25
2024,17,00-0034860,D.Pettis,WR,NO,LV,0,0,0.0,0,0.0,0.0,0.0,0,0.0,0,4,3,27.0,0,2.7,5.7,,,73.0,195.0,29.081166666666665,6.0,Washington,2018.0,2018.0,SF,44.0,-15.0,0.11764706
2024,18,00-0034860,D.Pettis,WR,NO,TB,0,0,0.0,0,0.0,0.0,0.0,0,0.0,0,6,2,16.0,1,7.6,9.6,,,73.0,195.0,29.081166666666665,6.0,Washington,2018.0,2018.0,SF,44.0,,0.15384616
2024,1,00-0034869,S.Darnold,QB,MIN,NYG,19,24,208.0,2,1.0,1.0,7.0,3,3.0,0,0,0,0.0,0,14.62,14.62,,,75.0,225.0,27.437333333333335,6.0,Southern California,2018.0,2018.0,NYJ,3.0,,
2024,2,00-0034869,S.Darnold,QB,MIN,SF,17,26,268.0,2,1.0,3.0,10.0,5,32.0,0,0,0,0.0,0,19.92,19.92,,,75.0,225.0,27.437333333333335,6.0,Southern California,2018.0,2018.0,NYJ,3.0,6.0,
2024,3,00-0034869,S.Darnold,QB,MIN,HOU,17,28,181.0,4,0.0,4.0,25.0,0,0.0,0,0,0,0.0,0,23.24,23.24,,,75.0,225.0,27.437333333333335,6.0,Southern California,2018.0,2018.0,NYJ,3.0,27.0,
2024,4,00-0034869,S.Darnold,QB,MIN,GB,20,28,275.0,3,1.0,2.0,21.0,7,15.0,0,0,0,0.0,0,20.5,20.5,,,75.0,225.0,27.437333333333335,6.0,Southern California,2018.0,2018.0,NYJ,3.0,,
2024,5,00-0034869,S.Darnold,QB,MIN,NYJ,14,31,179.0,0,1.0,4.0,32.0,5,11.0,0,0,0,0.0,0,4.26,4.26,,,75.0,225.0,27.437333333333335,6.0,Southern California,2018.0,2018.0,NYJ,3.0,6.0,
2024,7,00-0034869,S.Darnold,QB,MIN,DET,22,27,259.0,1,1.0,4.0,15.0,4,39.0,0,0,0,0.0,0,16.26,16.26,,,75.0,225.0,27.437333333333335,6.0,Southern California,2018.0,2018.0,NYJ,3.0,-2.0,
2024,8,00-0034869,S.Darnold,QB,MIN,LA,18,25,240.0,2,0.0,3.0,28.0,3,6.0,0,0,0,0.0,0,18.2,18.2,,,75.0,225.0,27.437333333333335,6.0,Southern California,2018.0,2018.0,NYJ,3.0,,
2024,9,00-0034869,S.Darnold,QB,MIN,IND,28,34,290.0,3,2.0,4.0,30.0,4,14.0,0,0,0,0.0,0,19.0,19.0,,,75.0,225.0,27.437333333333335,6.0,Southern California,2018.0,2018.0,NYJ,3.0,8.0,
2024,10,00-0034869,S.Darnold,QB,MIN,JAX,24,38,241.0,0,3.0,1.0,8.0,7,28.0,0,0,0,0.0,0,6.44,6.44,,,75.0,225.0,27.437333333333335,6.0,Southern California,2018.0,2018.0,NYJ,3.0,,
2024,11,00-0034869,S.Darnold,QB,MIN,TEN,20,32,246.0,2,0.0,2.0,10.0,8,18.0,1,0,0,0.0,0,23.64,23.64,,,75.0,225.0,27.437333333333335,6.0,Southern California,2018.0,2018.0,NYJ,3.0,,
2024,12,00-0034869,S.Darnold,QB,MIN,CHI,22,34,330.0,2,0.0,3.0,16.0,2,-1.0,0,0,0,0.0,0,21.1,21.1,,,75.0,225.0,27.437333333333335,6.0,Southern California,2018.0,2018.0,NYJ,3.0,,
2024,13,00-0034869,S.Darnold,QB,MIN,ARI,21,31,235.0,2,0.0,5.0,30.0,4,22.0,0,0,0,0.0,0,19.6,19.6,,,75.0,225.0,27.437333333333335,6.0,Southern California,2018.0,2018.0,NYJ,3.0,1.0,
2024,14,00-0034869,S.Darnold,QB,MIN,ATL,22,28,347.0,5,0.0,4.0,29.0,4,7.0,0,0,0,0.0,0,34.58,34.58,,,75.0,225.0,27.437333333333335,6.0,Southern California,2018.0,2018.0,NYJ,3.0,21.0,
2024,15,00-0034869,S.Darnold,QB,MIN,CHI,24,40,231.0,1,1.0,2.0,16.0,0,0.0,0,0,0,0.0,0,11.24,11.24,,,75.0,225.0,27.437333333333335,6.0,Southern California,2018.0,2018.0,NYJ,3.0,18.0,
2024,16,00-0034869,S.Darnold,QB,MIN,SEA,22,35,246.0,3,0.0,3.0,29.0,5,11.0,0,0,0,0.0,0,22.94,22.94,,,75.0,225.0,27.437333333333335,6.0,Southern California,2018.0,2018.0,NYJ,3.0,,
2024,17,00-0034869,S.Darnold,QB,MIN,GB,33,43,377.0,3,1.0,1.0,5.0,3,-3.0,0,0,0,0.0,0,24.78,24.78,,,75.0,225.0,27.437333333333335,6.0,Southern California,2018.0,2018.0,NYJ,3.0,2.0,
2024,18,00-0034869,S.Darnold,QB,MIN,DET,18,41,166.0,0,0.0,2.0,24.0,3,10.0,0,0,0,0.0,0,7.64,7.64,,,75.0,225.0,27.437333333333335,6.0,Southern California,2018.0,2018.0,NYJ,3.0,,
2024,19,00-0034869,S.Darnold,QB,MIN,LA,25,40,245.0,1,1.0,9.0,82.0,4,19.0,0,0,0,0.0,0,11.7,11.7,,,75.0,225.0,27.437333333333335,6.0,Southern California,2018.0,2018.0,NYJ,3.0,,
2024,4,00-0034928,S.Sims,WR,HOU,JAX,0,0,0.0,0,0.0,0.0,0.0,1,0.0,0,0,0,0.0,0,0.0,0.0,,,70.0,176.0,27.61873684210526,5.0,Kansas,2019.0,2019.0,,,4.0,
2024,19,00-0034928,S.Sims,WR,BAL,PIT,0,0,0.0,0,0.0,0.0,0.0,1,15.0,0,0,0,0.0,0,1.5,1.5,,,70.0,176.0,27.61873684210526,5.0,Kansas,2019.0,2019.0,,,14.0,
2024,20,00-0034928,S.Sims,WR,BAL,BUF,0,0,0.0,0,0.0,0.0,0.0,0,0.0,0,1,1,4.0,0,0.4,1.4,,,70.0,176.0,27.61873684210526,5.0,Kansas,2019.0,2019.0,,,,0.04
2024,6,00-0034959,A.Beck,FB,GB,ARI,0,0,0.0,0,0.0,0.0,0.0,0,0.0,0,1,0,0.0,0,0.0,0.0,,,75.0,255.0,28.493533333333335,5.0,Texas,2019.0,2019.0,,,21.0,0.032258064
2024,16,00-0034959,A.Beck,FB,HOU,KC,0,0,0.0,0,0.0,0.0,0.0,0,0.0,0,1,0,0.0,0,0.0,0.0,,,75.0,255.0,28.493533333333335,5.0,Texas,2019.0,2019.0,,,,0.027027028
2024,1,00-0034960,J.Meyers,WR,LV,LAC,0,0,0.0,0,0.0,0.0,0.0,1,3.0,0,3,3,61.0,0,6.4,9.4,,,74.0,200.0,27.99241176470588,5.0,North Carolina State,2019.0,2019.0,,,,0.09375
2024,2,00-0034960,J.Meyers,WR,LV,BAL,0,0,0.0,0,0.0,0.0,0.0,0,0.0,0,5,4,29.0,0,2.9,6.9,,,74.0,200.0,27.99241176470588,5.0,North Carolina State,2019.0,2019.0,,,,0.1388889
2024,3,00-0034960,J.Meyers,WR,LV,CAR,0,0,0.0,0,0.0,0.0,0.0,0,0.0,0,9,7,62.0,1,14.2,21.2,,,74.0,200.0,27.99241176470588,5.0,North Carolina State,2019.0,2019.0,,,-14.0,0.23076923
2024,4,00-0034960,J.Meyers,WR,LV,CLE,0,0,0.0,0,0.0,0.0,0.0,0,0.0,0,10,5,49.0,0,4.9,9.9,,,74.0,200.0,27.99241176470588,5.0,North Carolina State,2019.0,2019.0,,,4.0,0.41666666
2024,5,00-0034960,J.Meyers,WR,LV,DEN,0,0,0.0,0,0.0,0.0,0.0,0,0.0,0,9,6,72.0,0,7.2,13.2,,,74.0,200.0,27.99241176470588,5.0,North Carolina State,2019.0,2019.0,,,,0.25
2024,8,00-0034960,J.Meyers,WR,LV,KC,0,0,0.0,0,0.0,0.0,0.0,0,0.0,0,7,6,52.0,1,11.2,17.2,,,74.0,200.0,27.99241176470588,5.0,North Carolina State,2019.0,2019.0,,,-7.0,0.25925925
2024,9,00-0034960,J.Meyers,WR,LV,CIN,0,0,0.0,0,0.0,0.0,0.0,0,0.0,0,11,8,105.0,0,10.5,18.5,,,74.0,200.0,27.99241176470588,5.0,North Carolina State,2019.0,2019.0,,,,0.34375
2024,11,00-0034960,J.Meyers,WR,LV,MIA,0,0,0.0,0,0.0,0.0,0.0,1,20.0,0,6,4,28.0,0,4.8,8.8,,,74.0,200.0,27.99241176470588,5.0,North Carolina State,2019.0,2019.0,,,,0.15384616
2024,12,00-0034960,J.Meyers,WR,LV,DEN,0,0,0.0,0,0.0,0.0,0.0,0,0.0,0,15,10,121.0,0,12.1,22.1,,,74.0,200.0,27.99241176470588,5.0,North Carolina State,2019.0,2019.0,,,-10.0,0.32608697
2024,13,00-0034960,J.Meyers,WR,LV,KC,0,0,0.0,0,0.0,0.0,0.0,0,0.0,0,11,6,97.0,0,9.7,15.7,,,74.0,200.0,27.99241176470588,5.0,North Carolina State,2019.0,2019.0,,,,0.32352942
2024,14,00-0034960,J.Meyers,WR,LV,TB,0,0,0.0,0,0.0,0.0,0.0,0,0.0,0,10,7,67.0,0,6.7,13.7,,,74.0,200.0,27.99241176470588,5.0,North Carolina State,2019.0,2019.0,,,,0.2857143
2024,15,00-0034960,J.Meyers,WR,LV,ATL,0,0,0.0,0,0.0,1.0,10.0,0,0.0,0,9,5,59.0,0,5.9,10.9,,,74.0,200.0,27.99241176470588,5.0,North Carolina State,2019.0,2019.0,,,-6.0,0.2647059
2024,16,00-0034960,J.Meyers,WR,LV,JAX,0,0,0.0,0,0.0,0.0,0.0,0,0.0,0,5,2,41.0,0,4.1,6.1,,,74.0,200.0,27.99241176470588,5.0,North Carolina State,2019.0,2019.0,,,5.0,0.13513513
2024,17,00-0034960,J.Meyers,WR,LV,NO,0,0,0.0,0,0.0,0.0,0.0,0,0.0,0,9,5,61.0,1,12.1,17.1,,,74.0,200.0,27.99241176470588,5.0,North Carolina State,2019.0,2019.0,,,,0.25714287
2024,18,00-0034960,J.Meyers,WR,LV,LAC,0,0,0.0,0,0.0,0.0,0.0,0,0.0,0,10,9,123.0,1,18.3,27.3,,,74.0,200.0,27.99241176470588,5.0,North Carolina State,2019.0,2019.0,,,-14.0,0.29411766
2024,20,00-0034970,I.Smith,TE,HOU,KC,0,0,0.0,0,0.0,0.0,0.0,0,0.0,0,1,1,2.0,0,0.2,1.2,,,74.0,240.0,26.269,5.0,Alabama,2019.0,2019.0,MIN,50.0,,0.035714287
2024,1,00-0034972,A.Mattison,RB,LV,LAC,0,0,0.0,0,0.0,0.0,0.0,5,19.0,0,6,4,43.0,1,12.2,16.2,,,71.0,220.0,26.38529411764706,5.0,Boise State,2019.0,2019.0,MIN,102.0,,0.1875
2024,2,00-0034972,A.Mattison,RB,LV,BAL,0,0,0.0,0,0.0,0.0,0.0,4,1.0,1,0,0,0.0,0,6.1,6.1,,,71.0,220.0,26.38529411764706,5.0,Boise State,2019.0,2019.0,MIN,102.0,,
2024,3,00-0034972,A.Mattison,RB,LV,CAR,0,0,0.0,0,0.0,0.0,0.0,3,7.0,1,3,3,37.0,0,10.4,13.4,,,71.0,220.0,26.38529411764706,5.0,Boise State,2019.0,2019.0,MIN,102.0,-14.0,0.07692308
2024,4,00-0034972,A.Mattison,RB,LV,CLE,0,0,0.0,0,0.0,0.0,0.0,5,60.0,0,1,0,0.0,0,6.0,6.0,,,71.0,220.0,26.38529411764706,5.0,Boise State,2019.0,2019.0,MIN,102.0,4.0,0.041666668
2024,5,00-0034972,A.Mattison,RB,LV,DEN,0,0,0.0,0,0.0,0.0,0.0,15,38.0,0,3,2,23.0,0,8.1,10.1,,,71.0,220.0,26.38529411764706,5.0,Boise State,2019.0,2019.0,MIN,102.0,,0.083333336
2024,6,00-0034972,A.Mattison,RB,LV,PIT,0,0,0.0,0,0.0,0.0,0.0,14,33.0,1,5,5,32.0,0,12.5,17.5,,,71.0,220.0,26.38529411764706,5.0,Boise State,2019.0,2019.0,MIN,102.0,-19.0,0.13513513
2024,7,00-0034972,A.Mattison,RB,LV,LA,0,0,0.0,0,0.0,0.0,0.0,23,92.0,0,3,3,31.0,0,12.3,15.3,,,71.0,220.0,26.38529411764706,5.0,Boise State,2019.0,2019.0,MIN,102.0,,0.08571429
2024,8,00-0034972,A.Mattison,RB,LV,KC,0,0,0.0,0,0.0,0.0,0.0,14,15.0,0,5,5,29.0,0,4.4,9.4,,,71.0,220.0,26.38529411764706,5.0,Boise State,2019.0,2019.0,MIN,102.0,-7.0,0.18518518
2024,9,00-0034972,A.Mattison,RB,LV,CIN,0,0,0.0,0,0.0,0.0,0.0,9,36.0,0,0,0,0.0,0,3.6,3.6,,,71.0,220.0,26.38529411764706,5.0,Boise State,2019.0,2019.0,MIN,102.0,,
2024,11,00-0034972,A.Mattison,RB,LV,MIA,0,0,0.0,0,0.0,0.0,0.0,5,19.0,0,3,3,50.0,0,6.9,9.9,,,71.0,220.0,26.38529411764706,5.0,Boise State,2019.0,2019.0,MIN,102.0,,0.07692308
2024,15,00-0034972,A.Mattison,RB,LV,ATL,0,0,0.0,0,0.0,0.0,0.0,7,21.0,0,4,2,3.0,0,0.4,2.4,,,71.0,220.0,26.38529411764706,5.0,Boise State,2019.0,2019.0,MIN,102.0,-6.0,0.11764706
2024,16,00-0034972,A.Mattison,RB,LV,JAX,0,0,0.0,0,0.0,0.0,0.0,12,27.0,1,7,4,29.0,0,11.6,15.6,,,71.0,220.0,26.38529411764706,5.0,Boise State,2019.0,2019.0,MIN,102.0,5.0,0.1891892
2024,17,00-0034972,A.Mattison,RB,LV,NO,0,0,0.0,0,0.0,0.0,0.0,10,32.0,0,3,1,6.0,0,3.8,4.8,,,71.0,220.0,26.38529411764706,5.0,Boise State,2019.0,2019.0,MIN,102.0,,0.08571429
2024,18,00-0034972,A.Mattison,RB,LV,LAC,0,0,0.0,0,0.0,0.0,0.0,6,20.0,0,5,4,11.0,0,3.1,7.1,,,71.0,220.0,26.38529411764706,5.0,Boise State,2019.0,2019.0,MIN,102.0,-14.0,0.14705883
2024,16,00-0034974,J.Love,SS,SEA,MIN,0,0,0.0,0,0.0,0.0,0.0,1,2.0,0,0,0,0.0,0,0.2,0.2,,,71.0,193.0,26.636470588235294,5.0,Notre Dame,2019.0,2019.0,NYG,108.0,-3.0,
2024,1,00-0034975,J.Hill,RB,BAL,KC,0,0,0.0,0,0.0,0.0,0.0,1,3.0,0,8,6,52.0,0,5.5,11.5,,,70.0,200.0,26.99421052631579,5.0,Oklahoma State,2019.0,2019.0,BAL,113.0,,0.2
2024,2,00-0034975,J.Hill,RB,BAL,LV,0,0,0.0,0,0.0,0.0,0.0,4,22.0,0,2,2,10.0,0,3.2,5.2,,,70.0,200.0,26.99421052631579,5.0,Oklahoma State,2019.0,2019.0,BAL,113.0,-3.0,0.06451613
2024,3,00-0034975,J.Hill,RB,BAL,DAL,0,0,0.0,0,0.0,0.0,0.0,5,33.0,0,2,2,21.0,0,5.4,7.4,,,70.0,200.0,26.99421052631579,5.0,Oklahoma State,2019.0,2019.0,BAL,113.0,,0.13333334
2024,4,00-0034975,J.Hill,RB,BAL,BUF,0,0,0.0,0,0.0,0.0,0.0,4,18.0,0,6,6,78.0,1,15.6,21.6,,,70.0,200.0,26.99421052631579,5.0,Oklahoma State,2019.0,2019.0,BAL,113.0,25.0,0.33333334
2024,5,00-0034975,J.Hill,RB,BAL,CIN,0,0,0.0,0,0.0,0.0,0.0,5,17.0,0,2,1,8.0,0,2.5,3.5,,,70.0,200.0,26.99421052631579,5.0,Oklahoma State,2019.0,2019.0,BAL,113.0,,0.048780486
2024,6,00-0034975,J.Hill,RB,BAL,WAS,0,0,0.0,0,0.0,0.0,0.0,1,2.0,0,1,1,2.0,0,0.4,1.4,,,70.0,200.0,26.99421052631579,5.0,Oklahoma State,2019.0,2019.0,BAL,113.0,7.0,0.04
2024,7,00-0034975,J.Hill,RB,BAL,TB,0,0,0.0,0,0.0,0.0,0.0,5,4.0,0,3,3,44.0,1,10.8,13.8,,,70.0,200.0,26.99421052631579,5.0,Oklahoma State,2019.0,2019.0,BAL,113.0,,0.14285715
2024,8,00-0034975,J.Hill,RB,BAL,CLE,0,0,0.0,0,0.0,0.0,0.0,2,5.0,0,1,1,14.0,0,1.9,2.9,,,70.0,200.0,26.99421052631579,5.0,Oklahoma State,2019.0,2019.0,BAL,113.0,,0.028571429
2024,9,00-0034975,J.Hill,RB,BAL,DEN,0,0,0.0,0,0.0,0.0,0.0,5,15.0,0,3,3,43.0,0,5.8,8.8,,,70.0,200.0,26.99421052631579,5.0,Oklahoma State,2019.0,2019.0,BAL,113.0,31.0,0.15789473
2024,10,00-0034975,J.Hill,RB,BAL,CIN,0,0,0.0,0,0.0,0.0,0.0,2,-2.0,0,2,2,0.0,0,-0.2,1.8,,,70.0,200.0,26.99421052631579,5.0,Oklahoma State,2019.0,2019.0,BAL,113.0,1.0,0.0625
2024,11,00-0034975,J.Hill,RB,BAL,PIT,0,0,0.0,0,0.0,0.0,0.0,2,13.0,0,7,4,28.0,0,4.1,8.1,,,70.0,200.0,26.99421052631579,5.0,Oklahoma State,2019.0,2019.0,BAL,113.0,,0.22580644
2024,12,00-0034975,J.Hill,RB,BAL,LAC,0,0,0.0,0,0.0,0.0,0.0,4,55.0,1,2,2,7.0,0,12.2,14.2,,,70.0,200.0,26.99421052631579,5.0,Oklahoma State,2019.0,2019.0,BAL,113.0,,0.0952381
2024,13,00-0034975,J.Hill,RB,BAL,PHI,0,0,0.0,0,0.0,0.0,0.0,3,6.0,0,6,4,15.0,0,2.1,6.1,,,70.0,200.0,26.99421052631579,5.0,Oklahoma State,2019.0,2019.0,BAL,113.0,-5.0,0.17142858
2024,15,00-0034975,J.Hill,RB,BAL,NYG,0,0,0.0,0,0.0,0.0,0.0,2,7.0,0,5,5,61.0,1,12.8,17.8,,,70.0,200.0,26.99421052631579,5.0,Oklahoma State,2019.0,2019.0,BAL,113.0,,0.20833333
2024,16,00-0034975,J.Hill,RB,BAL,PIT,0,0,0.0,0,0.0,0.0,0.0,2,30.0,0,1,0,0.0,0,3.0,3.0,,,70.0,200.0,26.99421052631579,5.0,Oklahoma State,2019.0,2019.0,BAL,113.0,17.0,0.04347826
2024,19,00-0034975,J.Hill,RB,BAL,PIT,0,0,0.0,0,0.0,0.0,0.0,6,12.0,0,4,4,13.0,1,8.5,12.5,,,70.0,200.0,26.99421052631579,5.0,Oklahoma State,2019.0,2019.0,BAL,113.0,14.0,0.21052632
2024,20,00-0034975,J.Hill,RB,BAL,BUF,0,0,0.0,0,0.0,0.0,0.0,6,50.0,0,2,2,7.0,0,5.7,7.7,,,70.0,200.0,26.99421052631579,5.0,Oklahoma State,2019.0,2019.0,BAL,113.0,,0.08
2024,1,00-0034981,F.Moreau,TE,NO,CAR,0,0,0.0,0,0.0,0.0,0.0,0,0.0,0,4,4,43.0,1,10.3,14.3,,,76.0,250.0,27.502823529411764,5.0,Louisiana State,2019.0,2019.0,OAK,137.0,37.0,0.16666667
2024,3,00-0034981,F.Moreau,TE,NO,PHI,0,0,0.0,0,0.0,0.0,0.0,0,0.0,0,2,1,2.0,0,0.2,1.2,,,76.0,250.0,27.502823529411764,5.0,Louisiana State,2019.0,2019.0,OAK,137.0,-3.0,0.08695652
2024,5,00-0034981,F.Moreau,TE,NO,KC,0,0,0.0,0,0.0,0.0,0.0,0,0.0,0,2,2,13.0,1,7.3,9.3,,,76.0,250.0,27.502823529411764,5.0,Louisiana State,2019.0,2019.0,OAK,137.0,,0.0625
2024,6,00-0034981,F.Moreau,TE,NO,TB,0,0,0.0,0,0.0,0.0,0.0,0,0.0,0,2,2,54.0,0,5.4,7.4,,,76.0,250.0,27.502823529411764,5.0,Louisiana State,2019.0,2019.0,OAK,137.0,-24.0,0.05263158
2024,7,00-0034981,F.Moreau,TE,NO,DEN,0,0,0.0,0,0.0,0.0,0.0,0,0.0,0,2,2,38.0,0,3.8,5.8,,,76.0,250.0,27.502823529411764,5.0,Louisiana State,2019.0,2019.0,OAK,137.0,-23.0,0.051282052
2024,8,00-0034981,F.Moreau,TE,NO,LAC,0,0,0.0,0,0.0,0.0,0.0,0,0.0,0,1,0,0.0,0,0.0,0.0,,,76.0,250.0,27.502823529411764,5.0,Louisiana State,2019.0,2019.0,OAK,137.0,,0.02631579
2024,9,00-0034981,F.Moreau,TE,NO,CAR,0,0,0.0,0,0.0,0.0,0.0,0,0.0,0,2,1,17.0,1,7.7,8.7,,,76.0,250.0,27.502823529411764,5.0,Louisiana State,2019.0,2019.0,OAK,137.0,,0.071428575
2024,10,00-0034981,F.Moreau,TE,NO,ATL,0,0,0.0,0,0.0,0.0,0.0,0,0.0,0,2,0,0.0,0,0.0,0.0,,,76.0,250.0,27.502823529411764,5.0,Louisiana State,2019.0,2019.0,OAK,137.0,3.0,0.0952381
2024,11,00-0034981,F.Moreau,TE,NO,CLE,0,0,0.0,0,0.0,0.0,0.0,0,0.0,0,4,3,50.0,0,5.0,8.0,,,76.0,250.0,27.502823529411764,5.0,Louisiana State,2019.0,2019.0,OAK,137.0,21.0,0.14285715
2024,13,00-0034981,F.Moreau,TE,NO,LA,0,0,0.0,0,0.0,0.0,0.0,0,0.0,0,4,2,6.0,0,0.6,2.6,,,76.0,250.0,27.502823529411764,5.0,Louisiana State,2019.0,2019.0,OAK,137.0,-7.0,0.11764706
2024,14,00-0034981,F.Moreau,TE,NO,NYG,0,0,0.0,0,0.0,0.0,0.0,0,0.0,0,2,2,40.0,0,4.0,6.0,,,76.0,250.0,27.502823529411764,5.0,Louisiana State,2019.0,2019.0,OAK,137.0,,0.06451613
2024,15,00-0034981,F.Moreau,TE,NO,WAS,0,0,0.0,0,0.0,0.0,0.0,0,0.0,0,4,4,39.0,1,9.9,13.9,,,76.0,250.0,27.502823529411764,5.0,Louisiana State,2019.0,2019.0,OAK,137.0,-1.0,0.13793103
2024,16,00-0034981,F.Moreau,TE,NO,GB,0,0,0.0,0,0.0,0.0,0.0,0,0.0,0,3,2,33.0,0,3.3,5.3,,,76.0,250.0,27.502823529411764,5.0,Louisiana State,2019.0,2019.0,OAK,137.0,,0.10714286
2024,17,00-0034981,F.Moreau,TE,NO,LV,0,0,0.0,0,0.0,0.0,0.0,0,0.0,0,5,3,47.0,1,10.7,13.7,,,76.0,250.0,27.502823529411764,5.0,Louisiana State,2019.0,2019.0,OAK,137.0,-15.0,0.14705883
2024,18,00-0034981,F.Moreau,TE,NO,TB,0,0,0.0,0,0.0,0.0,0.0,0,0.0,0,4,4,31.0,0,3.1,7.1,,,76.0,250.0,27.502823529411764,5.0,Louisiana State,2019.0,2019.0,OAK,137.0,,0.102564104
2024,1,00-0035021,A.Dulin,WR,IND,HOU,0,0,0.0,0,0.0,0.0,0.0,0,0.0,0,1,1,54.0,1,11.4,12.4,,,74.0,215.0,27.476117647058825,5.0,Malone,2019.0,2019.0,,,-2.0,0.05263158
2024,2,00-0035021,A.Dulin,WR,IND,GB,0,0,0.0,0,0.0,0.0,0.0,0,0.0,0,2,1,13.0,0,1.3,2.3,,,74.0,215.0,27.476117647058825,5.0,Malone,2019.0,2019.0,,,,0.06451613
2024,3,00-0035021,A.Dulin,WR,IND,CHI,0,0,0.0,0,0.0,0.0,0.0,0,0.0,0,1,0,0.0,0,0.0,0.0,,,74.0,215.0,27.476117647058825,5.0,Malone,2019.0,2019.0,,,5.0,0.055555556
2024,5,00-0035021,A.Dulin,WR,IND,JAX,0,0,0.0,0,0.0,0.0,0.0,1,9.0,0,0,0,0.0,0,0.9,0.9,,,74.0,215.0,27.476117647058825,5.0,Malone,2019.0,2019.0,,,,
2024,6,00-0035021,A.Dulin,WR,IND,TEN,0,0,0.0,0,0.0,0.0,0.0,0,0.0,0,1,0,0.0,0,0.0,0.0,,,74.0,215.0,27.476117647058825,5.0,Malone,2019.0,2019.0,,,,0.027777778
2024,7,00-0035021,A.Dulin,WR,IND,MIA,0,0,0.0,0,0.0,0.0,0.0,1,12.0,0,0,0,0.0,0,1.2,1.2,,,74.0,215.0,27.476117647058825,5.0,Malone,2019.0,2019.0,,,6.0,
2024,9,00-0035021,A.Dulin,WR,IND,MIN,0,0,0.0,0,0.0,0.0,0.0,2,17.0,0,2,0,0.0,0,1.7,1.7,,,74.0,215.0,27.476117647058825,5.0,Malone,2019.0,2019.0,,,,0.074074075
2024,10,00-0035021,A.Dulin,WR,IND,BUF,0,0,0.0,0,0.0,0.0,0.0,1,7.0,0,0,0,0.0,0,0.7,0.7,,,74.0,215.0,27.476117647058825,5.0,Malone,2019.0,2019.0,,,-10.0,
2024,12,00-0035021,A.Dulin,WR,IND,DET,0,0,0.0,0,0.0,0.0,0.0,0,0.0,0,1,0,0.0,0,0.0,0.0,,,74.0,215.0,27.476117647058825,5.0,Malone,2019.0,2019.0,,,-18.0,0.04
2024,9,00-0035100,J.Browning,QB,CIN,LV,0,0,0.0,0,0.0,0.0,0.0,1,-1.0,0,0,0,0.0,0,-0.1,-0.1,,,74.0,209.0,28.57041176470588,5.0,Washington,2019.0,2019.0,,,17.0,
2024,16,00-0035100,J.Browning,QB,CIN,CLE,0,0,0.0,0,0.0,0.0,0.0,1,-1.0,0,0,0,0.0,0,-0.1,-0.1,,,74.0,209.0,28.57041176470588,5.0,Washington,2019.0,2019.0,,,18.0,
2024,1,00-0035125,A.Ingold,FB,MIA,JAX,0,0,0.0,0,0.0,0.0,0.0,2,8.0,0,1,0,0.0,0,0.8,0.8,,,73.0,242.0,28.333176470588235,5.0,Wisconsin,2019.0,2019.0,,,3.0,0.027777778
2024,2,00-0035125,A.Ingold,FB,MIA,BUF,0,0,0.0,0,0.0,0.0,0.0,2,2.0,0,0,0,0.0,0,0.2,0.2,,,73.0,242.0,28.333176470588235,5.0,Wisconsin,2019.0,2019.0,,,-21.0,
2024,3,00-0035125,A.Ingold,FB,MIA,SEA,0,0,0.0,0,0.0,0.0,0.0,1,-2.0,0,3,3,16.0,0,1.4,4.4,,,73.0,242.0,28.333176470588235,5.0,Wisconsin,2019.0,2019.0,,,,0.09677419
2024,5,00-0035125,A.Ingold,FB,MIA,NE,0,0,0.0,0,0.0,0.0,0.0,1,3.0,1,0,0,0.0,0,6.3,6.3,,,73.0,242.0,28.333176470588235,5.0,Wisconsin,2019.0,2019.0,,,,
2024,7,00-0035125,A.Ingold,FB,MIA,IND,0,0,0.0,0,0.0,0.0,0.0,2,-1.0,0,1,1,25.0,0,0.4,1.4,,,73.0,242.0,28.333176470588235,5.0,Wisconsin,2019.0,2019.0,,,,0.045454547
2024,8,00-0035125,A.Ingold,FB,MIA,ARI,0,0,0.0,0,0.0,0.0,0.0,1,3.0,0,3,3,19.0,0,2.2,5.2,,,73.0,242.0,28.333176470588235,5.0,Wisconsin,2019.0,2019.0,,,-1.0,0.078947365
2024,13,00-0035125,A.Ingold,FB,MIA,GB,0,0,0.0,0,0.0,0.0,0.0,0,0.0,0,2,2,15.0,0,1.5,3.5,,,73.0,242.0,28.333176470588235,5.0,Wisconsin,2019.0,2019.0,,,,0.04347826
2024,16,00-0035125,A.Ingold,FB,MIA,SF,0,0,0.0,0,0.0,0.0,0.0,1,4.0,0,0,0,0.0,0,0.4,0.4,,,73.0,242.0,28.333176470588235,5.0,Wisconsin,2019.0,2019.0,,,12.0,
2024,18,00-0035125,A.Ingold,FB,MIA,NYJ,0,0,0.0,0,0.0,0.0,0.0,0,0.0,0,2,2,21.0,0,2.1,4.1,,,73.0,242.0,28.333176470588235,5.0,Wisconsin,2019.0,2019.0,,,,0.054054055
2024,5,00-0035140,M.Hardman,WR,KC,NO,0,0,0.0,0,0.0,0.0,0.0,0,0.0,0,4,4,33.0,0,3.3,7.3,,,70.0,187.0,26.69325,5.0,Georgia,2019.0,2019.0,KC,56.0,13.0,0.11764706
2024,7,00-0035140,M.Hardman,WR,KC,SF,0,0,0.0,0,0.0,0.0,0.0,2,38.0,1,2,1,17.0,0,11.5,12.5,,,70.0,187.0,26.69325,5.0,Georgia,2019.0,2019.0,KC,56.0,,0.08
2024,8,00-0035140,M.Hardman,WR,KC,LV,0,0,0.0,0,0.0,0.0,0.0,0,0.0,0,1,1,8.0,0,0.8,1.8,,,70.0,187.0,26.69325,5.0,Georgia,2019.0,2019.0,KC,56.0,,0.028571429
2024,9,00-0035140,M.Hardman,WR,KC,TB,0,0,0.0,0,0.0,0.0,0.0,0,0.0,0,3,3,17.0,0,1.7,4.7,,,70.0,187.0,26.69325,5.0,Georgia,2019.0,2019.0,KC,56.0,6.0,0.071428575
2024,10,00-0035140,M.Hardman,WR,KC,DEN,0,0,0.0,0,0.0,0.0,0.0,0,0.0,0,1,1,3.0,0,0.3,1.3,,,70.0,187.0,26.69325,5.0,Georgia,2019.0,2019.0,KC,56.0,2.0,0.025
2024,11,00-0035140,M.Hardman,WR,KC,BUF,0,0,0.0,0,0.0,0.0,0.0,1,9.0,0,3,2,12.0,0,2.1,4.1,,,70.0,187.0,26.69325,5.0,Georgia,2019.0,2019.0,KC,56.0,,0.09677419
2024,12,00-0035140,M.Hardman,WR,KC,CAR,0,0,0.0,0,0.0,0.0,0.0,2,15.0,0,0,0,0.0,0,1.5,1.5,,,70.0,187.0,26.69325,5.0,Georgia,2019.0,2019.0,KC,56.0,,
2024,2,00-0035156,J.Fox,P,DET,TB,1,1,17.0,0,0.0,0.0,-0.0,0,0.0,0,0,0,0.0,0,0.68,0.68,,,74.0,224.0,28.197222222222223,5.0,Rice,2019.0,2019.0,,,-4.0,
2024,12,00-0035190,A.Cole,P,LV,DEN,1,1,34.0,0,0.0,0.0,-0.0,0,0.0,0,0,0,0.0,0,1.36,1.36,,,76.0,220.0,28.945235294117648,5.0,North Carolina State,2019.0,2019.0,,,-10.0,
2024,1,00-0035208,O.Zaccheaus,WR,WAS,TB,0,0,0.0,0,0.0,0.0,0.0,0,0.0,0,3,1,15.0,0,1.5,2.5,,,68.0,193.0,27.31775,5.0,Virginia,2019.0,2019.0,,,,0.125
2024,2,00-0035208,O.Zaccheaus,WR,WAS,NYG,0,0,0.0,0,0.0,0.0,0.0,0,0.0,0,3,3,14.0,0,1.4,4.4,,,68.0,193.0,27.31775,5.0,Virginia,2019.0,2019.0,,,3.0,0.10344828
2024,4,00-0035208,O.Zaccheaus,WR,WAS,ARI,0,0,0.0,0,0.0,0.0,0.0,0,0.0,0,6,6,85.0,0,8.5,14.5,,,68.0,193.0,27.31775,5.0,Virginia,2019.0,2019.0,,,,0.2
2024,5,00-0035208,O.Zaccheaus,WR,WAS,CLE,0,0,0.0,0,0.0,0.0,0.0,0,0.0,0,3,1,10.0,0,1.0,2.0,,,68.0,193.0,27.31775,5.0,Virginia,2019.0,2019.0,,,21.0,0.11111111
2024,6,00-0035208,O.Zaccheaus,WR,WAS,BAL,0,0,0.0,0,0.0,0.0,0.0,0,0.0,0,6,4,27.0,0,2.7,6.7,,,68.0,193.0,27.31775,5.0,Virginia,2019.0,2019.0,,,,0.18181819
2024,7,00-0035208,O.Zaccheaus,WR,WAS,CAR,0,0,0.0,0,0.0,0.0,0.0,0,0.0,0,6,4,25.0,0,2.5,6.5,,,68.0,193.0,27.31775,5.0,Virginia,2019.0,2019.0,,,33.0,0.24
2024,9,00-0035208,O.Zaccheaus,WR,WAS,NYG,0,0,0.0,0,0.0,0.0,0.0,0,0.0,0,2,2,48.0,0,4.8,6.8,,,68.0,193.0,27.31775,5.0,Virginia,2019.0,2019.0,,,,0.10526316
2024,10,00-0035208,O.Zaccheaus,WR,WAS,PIT,0,0,0.0,0,0.0,0.0,0.0,0,0.0,0,3,1,8.0,0,0.8,1.8,,,68.0,193.0,27.31775,5.0,Virginia,2019.0,2019.0,,,-1.0,0.09375
2024,11,00-0035208,O.Zaccheaus,WR,WAS,PHI,0,0,0.0,0,0.0,0.0,0.0,0,0.0,0,2,1,10.0,0,1.0,2.0,,,68.0,193.0,27.31775,5.0,Virginia,2019.0,2019.0,,,,0.0625
2024,12,00-0035208,O.Zaccheaus,WR,WAS,DAL,0,0,0.0,0,0.0,0.0,0.0,0,0.0,0,1,1,8.0,0,0.8,1.8,,,68.0,193.0,27.31775,5.0,Virginia,2019.0,2019.0,,,-8.0,0.029411765
2024,13,00-0035208,O.Zaccheaus,WR,WAS,TEN,0,0,0.0,0,0.0,0.0,0.0,0,0.0,0,3,3,14.0,0,1.4,4.4,,,68.0,193.0,27.31775,5.0,Virginia,2019.0,2019.0,,,23.0,0.1
2024,15,00-0035208,O.Zaccheaus,WR,WAS,NO,0,0,0.0,0,0.0,0.0,0.0,0,0.0,0,4,3,36.0,0,3.6,6.6,,,68.0,193.0,27.31775,5.0,Virginia,2019.0,2019.0,,,,0.12903225
2024,16,00-0035208,O.Zaccheaus,WR,WAS,PHI,0,0,0.0,0,0.0,0.0,0.0,0,0.0,0,8,5,70.0,2,19.0,24.0,,,68.0,193.0,27.31775,5.0,Virginia,2019.0,2019.0,,,3.0,0.22222222
2024,17,00-0035208,O.Zaccheaus,WR,WAS,ATL,0,0,0.0,0,0.0,0.0,0.0,1,8.0,0,9,8,85.0,1,15.3,23.3,,,68.0,193.0,27.31775,5.0,Virginia,2019.0,2019.0,,,6.0,0.25714287
2024,18,00-0035208,O.Zaccheaus,WR,WAS,DAL,0,0,0.0,0,0.0,0.0,0.0,0,0.0,0,5,2,51.0,0,5.1,7.1,,,68.0,193.0,27.31775,5.0,Virginia,2019.0,2019.0,,,,0.16666667
2024,19,00-0035208,O.Zaccheaus,WR,WAS,TB,0,0,0.0,0,0.0,0.0,0.0,0,0.0,0,3,3,19.0,0,1.9,4.9,,,68.0,193.0,27.31775,5.0,Virginia,2019.0,2019.0,,,,0.09375
2024,20,00-0035208,O.Zaccheaus,WR,WAS,DET,0,0,0.0,0,0.0,0.0,0.0,0,0.0,0,2,0,0.0,0,0.0,0.0,,,68.0,193.0,27.31775,5.0,Virginia,2019.0,2019.0,,,,0.06896552
2024,21,00-0035208,O.Zaccheaus,WR,WAS,PHI,0,0,0.0,0,0.0,0.0,0.0,0,0.0,0,5,4,26.0,0,4.6,8.6,,,68.0,193.0,27.31775,5.0,Virginia,2019.0,2019.0,,,,0.10638298
2024,1,00-0035216,D.Johnson,WR,CAR,NO,0,0,0.0,0,0.0,0.0,0.0,0,0.0,0,6,2,19.0,0,1.9,3.9,,,70.0,181.0,28.35521052631579,5.0,Toledo,2019.0,2019.0,PIT,66.0,,0.20689656
2024,2,00-0035216,D.Johnson,WR,CAR,LAC,0,0,0.0,0,0.0,0.0,0.0,0,0.0,0,6,3,15.0,0,1.5,4.5,,,70.0,181.0,28.35521052631579,5.0,Toledo,2019.0,2019.0,PIT,66.0,-23.0,0.23076923
2024,3,00-0035216,D.Johnson,WR,CAR,LV,0,0,0.0,0,0.0,0.0,0.0,0,0.0,0,14,8,122.0,1,18.2,26.2,,,70.0,181.0,28.35521052631579,5.0,Toledo,2019.0,2019.0,PIT,66.0,,0.3783784
2024,4,00-0035216,D.Johnson,WR,CAR,CIN,0,0,0.0,0,0.0,0.0,0.0,0,0.0,0,13,7,83.0,1,14.3,21.3,,,70.0,181.0,28.35521052631579,5.0,Toledo,2019.0,2019.0,PIT,66.0,-10.0,0.325
2024,5,00-0035216,D.Johnson,WR,CAR,CHI,0,0,0.0,0,0.0,0.0,0.0,2,6.0,0,6,3,23.0,0,2.9,5.9,,,70.0,181.0,28.35521052631579,5.0,Toledo,2019.0,2019.0,PIT,66.0,,0.18181819
2024,6,00-0035216,D.Johnson,WR,CAR,ATL,0,0,0.0,0,0.0,0.0,0.0,0,0.0,0,10,6,78.0,1,13.8,19.8,,,70.0,181.0,28.35521052631579,5.0,Toledo,2019.0,2019.0,PIT,66.0,-18.0,0.27027026
2024,7,00-0035216,D.Johnson,WR,CAR,WAS,0,0,0.0,0,0.0,0.0,0.0,0,0.0,0,3,1,17.0,0,1.7,2.7,,,70.0,181.0,28.35521052631579,5.0,Toledo,2019.0,2019.0,PIT,66.0,,0.1764706
2024,10,00-0035216,D.Johnson,WR,BAL,CIN,0,0,0.0,0,0.0,0.0,0.0,0,0.0,0,2,1,6.0,0,0.6,1.6,,,70.0,181.0,28.35521052631579,5.0,Toledo,2019.0,2019.0,PIT,66.0,1.0,0.0625
2024,11,00-0035216,D.Johnson,WR,BAL,PIT,0,0,0.0,0,0.0,0.0,0.0,0,0.0,0,2,0,0.0,0,0.0,0.0,,,70.0,181.0,28.35521052631579,5.0,Toledo,2019.0,2019.0,PIT,66.0,,0.06451613
2024,12,00-0035216,D.Johnson,WR,BAL,LAC,0,0,0.0,0,0.0,0.0,0.0,0,0.0,0,1,0,0.0,0,0.0,0.0,,,70.0,181.0,28.35521052631579,5.0,Toledo,2019.0,2019.0,PIT,66.0,,0.04761905
2024,18,00-0035216,D.Johnson,WR,HOU,TEN,0,0,0.0,0,0.0,0.0,0.0,0,0.0,0,4,2,12.0,0,1.2,3.2,,,70.0,181.0,28.35521052631579,5.0,Toledo,2019.0,2019.0,PIT,66.0,,0.14285715
2024,19,00-0035216,D.Johnson,WR,HOU,LAC,0,0,0.0,0,0.0,0.0,0.0,0,0.0,0,1,1,12.0,0,1.2,2.2,,,70.0,181.0,28.35521052631579,5.0,Toledo,2019.0,2019.0,PIT,66.0,20.0,0.03125
2024,1,00-0035228,K.Murray,QB,ARI,BUF,21,31,162.0,1,0.0,4.0,16.0,5,57.0,0,0,0,0.0,0,14.18,14.18,,,70.0,207.0,27.249470588235294,5.0,Oklahoma,2019.0,2019.0,ARI,1.0,,
2024,2,00-0035228,K.Murray,QB,ARI,LA,17,21,266.0,3,0.0,1.0,8.0,5,59.0,0,0,0,0.0,0,28.54,28.54,,,70.0,207.0,27.249470588235294,5.0,Oklahoma,2019.0,2019.0,ARI,1.0,31.0,
2024,3,00-0035228,K.Murray,QB,ARI,DET,21,34,207.0,1,1.0,1.0,7.0,5,45.0,0,0,0,0.0,0,14.78,14.78,,,70.0,207.0,27.249470588235294,5.0,Oklahoma,2019.0,2019.0,ARI,1.0,-7.0,
2024,4,00-0035228,K.Murray,QB,ARI,WAS,16,22,142.0,1,0.0,4.0,27.0,1,3.0,0,0,0,0.0,0,9.98,9.98,,,70.0,207.0,27.249470588235294,5.0,Oklahoma,2019.0,2019.0,ARI,1.0,-28.0,
2024,5,00-0035228,K.Murray,QB,ARI,SF,19,30,195.0,1,1.0,1.0,6.0,7,83.0,1,0,0,0.0,0,24.1,24.1,,,70.0,207.0,27.249470588235294,5.0,Oklahoma,2019.0,2019.0,ARI,1.0,,
2024,6,00-0035228,K.Murray,QB,ARI,GB,22,32,214.0,1,0.0,0.0,-0.0,7,14.0,0,0,0,0.0,0,11.96,11.96,,,70.0,207.0,27.249470588235294,5.0,Oklahoma,2019.0,2019.0,ARI,1.0,,
2024,7,00-0035228,K.Murray,QB,ARI,LAC,14,26,145.0,1,1.0,0.0,-0.0,6,64.0,1,0,0,0.0,0,20.2,20.2,,,70.0,207.0,27.249470588235294,5.0,Oklahoma,2019.0,2019.0,ARI,1.0,2.0,
2024,8,00-0035228,K.Murray,QB,ARI,MIA,26,36,307.0,2,0.0,0.0,-0.0,5,19.0,0,0,0,0.0,0,22.18,22.18,,,70.0,207.0,27.249470588235294,5.0,Oklahoma,2019.0,2019.0,ARI,1.0,,
2024,9,00-0035228,K.Murray,QB,ARI,CHI,13,20,154.0,0,0.0,3.0,17.0,2,6.0,0,0,0,0.0,0,4.76,4.76,,,70.0,207.0,27.249470588235294,5.0,Oklahoma,2019.0,2019.0,ARI,1.0,20.0,
2024,10,00-0035228,K.Murray,QB,ARI,NYJ,22,24,266.0,1,0.0,1.0,7.0,3,21.0,2,0,0,0.0,0,28.74,28.74,,,70.0,207.0,27.249470588235294,5.0,Oklahoma,2019.0,2019.0,ARI,1.0,25.0,
2024,12,00-0035228,K.Murray,QB,ARI,SEA,24,37,285.0,0,1.0,5.0,36.0,2,9.0,0,0,0,0.0,0,10.3,10.3,,,70.0,207.0,27.249470588235294,5.0,Oklahoma,2019.0,2019.0,ARI,1.0,,
2024,13,00-0035228,K.Murray,QB,ARI,MIN,31,45,260.0,1,2.0,1.0,8.0,7,48.0,0,0,0,0.0,0,15.2,15.2,,,70.0,207.0,27.249470588235294,5.0,Oklahoma,2019.0,2019.0,ARI,1.0,,
2024,14,00-0035228,K.Murray,QB,ARI,SEA,25,38,259.0,2,2.0,2.0,24.0,3,16.0,0,0,0,0.0,0,17.96,17.96,,,70.0,207.0,27.249470588235294,5.0,Oklahoma,2019.0,2019.0,ARI,1.0,-12.0,
2024,15,00-0035228,K.Murray,QB,ARI,NE,23,30,224.0,0,0.0,0.0,-0.0,5,11.0,0,0,0,0.0,0,10.06,10.06,,,70.0,207.0,27.249470588235294,5.0,Oklahoma,2019.0,2019.0,ARI,1.0,13.0,
2024,16,00-0035228,K.Murray,QB,ARI,CAR,20,32,202.0,1,1.0,3.0,26.0,8,63.0,1,0,0,0.0,0,20.38,20.38,,,70.0,207.0,27.249470588235294,5.0,Oklahoma,2019.0,2019.0,ARI,1.0,,
2024,17,00-0035228,K.Murray,QB,ARI,LA,33,48,321.0,1,2.0,4.0,38.0,4,32.0,0,0,0,0.0,0,16.04,16.04,,,70.0,207.0,27.249470588235294,5.0,Oklahoma,2019.0,2019.0,ARI,1.0,,
2024,18,00-0035228,K.Murray,QB,ARI,SF,25,35,242.0,4,0.0,0.0,-0.0,3,22.0,0,0,0,0.0,0,27.88,27.88,,,70.0,207.0,27.249470588235294,5.0,Oklahoma,2019.0,2019.0,ARI,1.0,23.0,
2024,9,00-0035229,T.Hockenson,TE,MIN,IND,0,0,0.0,0,0.0,0.0,0.0,0,0.0,0,4,3,27.0,0,2.7,5.7,,,77.0,248.0,27.360722222222222,5.0,Iowa,2019.0,2019.0,DET,8.0,8.0,0.121212125
2024,10,00-0035229,T.Hockenson,TE,MIN,JAX,0,0,0.0,0,0.0,0.0,0.0,0,0.0,0,9,8,72.0,0,7.2,15.2,,,77.0,248.0,27.360722222222222,5.0,Iowa,2019.0,2019.0,DET,8.0,,0.24324325
2024,11,00-0035229,T.Hockenson,TE,MIN,TEN,0,0,0.0,0,0.0,0.0,0.0,0,0.0,0,3,2,13.0,0,1.3,3.3,,,77.0,248.0,27.360722222222222,5.0,Iowa,2019.0,2019.0,DET,8.0,,0.1
2024,12,00-0035229,T.Hockenson,TE,MIN,CHI,0,0,0.0,0,0.0,0.0,0.0,0,0.0,0,9,7,114.0,0,11.4,18.4,,,77.0,248.0,27.360722222222222,5.0,Iowa,2019.0,2019.0,DET,8.0,,0.28125
2024,13,00-0035229,T.Hockenson,TE,MIN,ARI,0,0,0.0,0,0.0,0.0,0.0,0,0.0,0,6,3,28.0,0,2.8,5.8,,,77.0,248.0,27.360722222222222,5.0,Iowa,2019.0,2019.0,DET,8.0,1.0,0.2
2024,14,00-0035229,T.Hockenson,TE,MIN,ATL,0,0,0.0,0,0.0,0.0,0.0,0,0.0,0,5,4,45.0,0,4.5,8.5,,,77.0,248.0,27.360722222222222,5.0,Iowa,2019.0,2019.0,DET,8.0,21.0,0.17857143
2024,15,00-0035229,T.Hockenson,TE,MIN,CHI,0,0,0.0,0,0.0,0.0,0.0,0,0.0,0,7,5,52.0,0,5.2,10.2,,,77.0,248.0,27.360722222222222,5.0,Iowa,2019.0,2019.0,DET,8.0,18.0,0.1891892
2024,16,00-0035229,T.Hockenson,TE,MIN,SEA,0,0,0.0,0,0.0,0.0,0.0,0,0.0,0,5,2,27.0,0,2.7,4.7,,,77.0,248.0,27.360722222222222,5.0,Iowa,2019.0,2019.0,DET,8.0,,0.14285715
2024,17,00-0035229,T.Hockenson,TE,MIN,GB,0,0,0.0,0,0.0,0.0,0.0,0,0.0,0,6,5,68.0,0,6.8,11.8,,,77.0,248.0,27.360722222222222,5.0,Iowa,2019.0,2019.0,DET,8.0,2.0,0.14634146
2024,18,00-0035229,T.Hockenson,TE,MIN,DET,0,0,0.0,0,0.0,0.0,0.0,0,0.0,0,8,2,9.0,0,0.9,2.9,,,77.0,248.0,27.360722222222222,5.0,Iowa,2019.0,2019.0,DET,8.0,,0.21052632
2024,19,00-0035229,T.Hockenson,TE,MIN,LA,0,0,0.0,0,0.0,0.0,0.0,0,0.0,0,5,5,64.0,1,12.4,17.4,,,77.0,248.0,27.360722222222222,5.0,Iowa,2019.0,2019.0,DET,8.0,,0.125
2024,1,00-0035243,M.Sanders,RB,CAR,NO,0,0,0.0,0,0.0,0.0,0.0,5,22.0,0,2,0,0.0,0,2.2,2.2,,,71.0,211.0,27.517823529411764,5.0,Penn State,2019.0,2019.0,PHI,53.0,,0.06896552
2024,2,00-0035243,M.Sanders,RB,CAR,LAC,0,0,0.0,0,0.0,0.0,0.0,7,20.0,0,3,3,5.0,0,2.5,5.5,,,71.0,211.0,27.517823529411764,5.0,Penn State,2019.0,2019.0,PHI,53.0,-23.0,0.115384616
2024,3,00-0035243,M.Sanders,RB,CAR,LV,0,0,0.0,0,0.0,0.0,0.0,7,17.0,1,2,2,13.0,0,9.0,11.0,,,71.0,211.0,27.517823529411764,5.0,Penn State,2019.0,2019.0,PHI,53.0,,0.054054055
2024,4,00-0035243,M.Sanders,RB,CAR,CIN,0,0,0.0,0,0.0,0.0,0.0,6,32.0,0,4,3,14.0,0,4.6,7.6,,,71.0,211.0,27.517823529411764,5.0,Penn State,2019.0,2019.0,PHI,53.0,-10.0,0.1
2024,5,00-0035243,M.Sanders,RB,CAR,CHI,0,0,0.0,0,0.0,0.0,0.0,2,6.0,0,3,2,27.0,0,3.3,5.3,,,71.0,211.0,27.517823529411764,5.0,Penn State,2019.0,2019.0,PHI,53.0,,0.09090909
2024,6,00-0035243,M.Sanders,RB,CAR,ATL,0,0,0.0,0,0.0,0.0,0.0,3,1.0,0,1,1,12.0,0,1.3,2.3,,,71.0,211.0,27.517823529411764,5.0,Penn State,2019.0,2019.0,PHI,53.0,-18.0,0.027027028
2024,7,00-0035243,M.Sanders,RB,CAR,WAS,0,0,0.0,0,0.0,0.0,0.0,3,34.0,0,2,1,-6.0,0,2.8,3.8,,,71.0,211.0,27.517823529411764,5.0,Penn State,2019.0,2019.0,PHI,53.0,,0.11764706
2024,8,00-0035243,M.Sanders,RB,CAR,DEN,0,0,0.0,0,0.0,0.0,0.0,1,7.0,0,7,7,38.0,0,4.5,11.5,,,71.0,211.0,27.517823529411764,5.0,Penn State,2019.0,2019.0,PHI,53.0,,0.2
2024,9,00-0035243,M.Sanders,RB,CAR,NO,0,0,0.0,0,0.0,0.0,0.0,2,-5.0,0,2,2,-5.0,0,-1.0,1.0,,,71.0,211.0,27.517823529411764,5.0,Penn State,2019.0,2019.0,PHI,53.0,1.0,0.083333336
2024,10,00-0035243,M.Sanders,RB,CAR,NYG,0,0,0.0,0,0.0,0.0,0.0,2,5.0,0,0,0,0.0,0,0.5,0.5,,,71.0,211.0,27.517823529411764,5.0,Penn State,2019.0,2019.0,PHI,53.0,3.0,
2024,18,00-0035243,M.Sanders,RB,CAR,ATL,0,0,0.0,0,0.0,0.0,0.0,17,66.0,1,4,3,50.0,1,23.6,26.6,,,71.0,211.0,27.517823529411764,5.0,Penn State,2019.0,2019.0,PHI,53.0,,0.114285715
2024,1,00-0035249,J.Oliver,TE,MIN,NYG,0,0,0.0,0,0.0,0.0,0.0,0,0.0,0,2,2,27.0,0,2.7,4.7,,,77.0,250.0,27.645500000000002,5.0,San Jose State,2019.0,2019.0,JAX,69.0,,0.08695652
2024,3,00-0035249,J.Oliver,TE,MIN,HOU,0,0,0.0,0,0.0,0.0,0.0,0,0.0,0,1,0,0.0,0,0.0,0.0,,,77.0,250.0,27.645500000000002,5.0,San Jose State,2019.0,2019.0,JAX,69.0,27.0,0.04
2024,4,00-0035249,J.Oliver,TE,MIN,GB,0,0,0.0,0,0.0,0.0,0.0,0,0.0,0,2,2,10.0,1,7.0,9.0,,,77.0,250.0,27.645500000000002,5.0,San Jose State,2019.0,2019.0,JAX,69.0,,0.074074075
2024,7,00-0035249,J.Oliver,TE,MIN,DET,0,0,0.0,0,0.0,0.0,0.0,0,0.0,0,1,1,5.0,0,0.5,1.5,,,77.0,250.0,27.645500000000002,5.0,San Jose State,2019.0,2019.0,JAX,69.0,-2.0,0.03846154
2024,8,00-0035249,J.Oliver,TE,MIN,LA,0,0,0.0,0,0.0,0.0,0.0,0,0.0,0,2,2,30.0,1,9.0,11.0,,,77.0,250.0,27.645500000000002,5.0,San Jose State,2019.0,2019.0,JAX,69.0,,0.08695652
2024,9,00-0035249,J.Oliver,TE,MIN,IND,0,0,0.0,0,0.0,0.0,0.0,0,0.0,0,5,5,58.0,1,11.8,16.8,,,77.0,250.0,27.645500000000002,5.0,San Jose State,2019.0,2019.0,JAX,69.0,8.0,0.15151516
2024,10,00-0035249,J.Oliver,TE,MIN,JAX,0,0,0.0,0,0.0,0.0,0.0,0,0.0,0,6,4,52.0,0,5.2,9.2,,,77.0,250.0,27.645500000000002,5.0,San Jose State,2019.0,2019.0,JAX,69.0,,0.16216215
2024,11,00-0035249,J.Oliver,TE,MIN,TEN,0,0,0.0,0,0.0,0.0,0.0,0,0.0,0,3,3,34.0,0,3.4,6.4,,,77.0,250.0,27.645500000000002,5.0,San Jose State,2019.0,2019.0,JAX,69.0,,0.1
2024,14,00-0035249,J.Oliver,TE,MIN,ATL,0,0,0.0,0,0.0,0.0,0.0,0,0.0,0,2,1,26.0,0,2.6,3.6,,,77.0,250.0,27.645500000000002,5.0,San Jose State,2019.0,2019.0,JAX,69.0,21.0,0.071428575
2024,16,00-0035249,J.Oliver,TE,MIN,SEA,0,0,0.0,0,0.0,0.0,0.0,0,0.0,0,1,0,0.0,0,0.0,0.0,,,77.0,250.0,27.645500000000002,5.0,San Jose State,2019.0,2019.0,JAX,69.0,,0.028571429
2024,18,00-0035249,J.Oliver,TE,MIN,DET,0,0,0.0,0,0.0,0.0,0.0,0,0.0,0,3,2,16.0,0,1.6,3.6,,,77.0,250.0,27.645500000000002,5.0,San Jose State,2019.0,2019.0,JAX,69.0,,0.078947365
2024,19,00-0035249,J.Oliver,TE,MIN,LA,0,0,0.0,0,0.0,0.0,0.0,0,0.0,0,1,1,5.0,0,0.5,1.5,,,77.0,250.0,27.645500000000002,5.0,San Jose State,2019.0,2019.0,JAX,69.0,,0.025
2024,1,00-0035250,D.Singletary,RB,NYG,MIN,0,0,0.0,0,0.0,0.0,0.0,10,37.0,0,5,4,15.0,0,5.2,9.2,,,67.0,203.0,27.174823529411764,5.0,Florida Atlantic,2019.0,2019.0,BUF,74.0,-22.0,0.13157895
2024,2,00-0035250,D.Singletary,RB,NYG,WAS,0,0,0.0,0,0.0,0.0,0.0,16,95.0,1,1,1,0.0,0,13.5,14.5,,,67.0,203.0,27.174823529411764,5.0,Florida Atlantic,2019.0,2019.0,BUF,74.0,,0.037037037
2024,3,00-0035250,D.Singletary,RB,NYG,CLE,0,0,0.0,0,0.0,0.0,0.0,16,65.0,1,4,4,43.0,0,14.8,18.8,,,67.0,203.0,27.174823529411764,5.0,Florida Atlantic,2019.0,2019.0,BUF,74.0,,0.121212125
2024,4,00-0035250,D.Singletary,RB,NYG,DAL,0,0,0.0,0,0.0,0.0,0.0,14,24.0,0,1,1,14.0,0,3.8,4.8,,,67.0,203.0,27.174823529411764,5.0,Florida Atlantic,2019.0,2019.0,BUF,74.0,-5.0,0.02631579
2024,7,00-0035250,D.Singletary,RB,NYG,PHI,0,0,0.0,0,0.0,0.0,0.0,5,18.0,0,1,1,3.0,0,2.1,3.1,,,67.0,203.0,27.174823529411764,5.0,Florida Atlantic,2019.0,2019.0,BUF,74.0,-25.0,0.037037037
2024,8,00-0035250,D.Singletary,RB,NYG,PIT,0,0,0.0,0,0.0,0.0,0.0,2,11.0,0,3,2,12.0,0,2.3,4.3,,,67.0,203.0,27.174823529411764,5.0,Florida Atlantic,2019.0,2019.0,BUF,74.0,,0.08108108
2024,9,00-0035250,D.Singletary,RB,NYG,WAS,0,0,0.0,0,0.0,0.0,0.0,7,33.0,0,0,0,0.0,0,3.3,3.3,,,67.0,203.0,27.174823529411764,5.0,Florida Atlantic,2019.0,2019.0,BUF,74.0,-5.0,
2024,10,00-0035250,D.Singletary,RB,NYG,CAR,0,0,0.0,0,0.0,0.0,0.0,8,40.0,0,1,1,5.0,0,4.5,5.5,,,67.0,203.0,27.174823529411764,5.0,Florida Atlantic,2019.0,2019.0,BUF,74.0,,0.03125
2024,12,00-0035250,D.Singletary,RB,NYG,TB,0,0,0.0,0,0.0,0.0,0.0,2,3.0,1,2,2,7.0,0,7.0,9.0,,,67.0,203.0,27.174823529411764,5.0,Florida Atlantic,2019.0,2019.0,BUF,74.0,-23.0,0.06666667
2024,13,00-0035250,D.Singletary,RB,NYG,DAL,0,0,0.0,0,0.0,0.0,0.0,7,23.0,0,1,0,0.0,0,2.3,2.3,,,67.0,203.0,27.174823529411764,5.0,Florida Atlantic,2019.0,2019.0,BUF,74.0,,0.03125
2024,14,00-0035250,D.Singletary,RB,NYG,NO,0,0,0.0,0,0.0,0.0,0.0,2,8.0,0,0,0,0.0,0,0.8,0.8,,,67.0,203.0,27.174823529411764,5.0,Florida Atlantic,2019.0,2019.0,BUF,74.0,-3.0,
2024,15,00-0035250,D.Singletary,RB,NYG,BAL,0,0,0.0,0,0.0,0.0,0.0,8,25.0,1,3,3,16.0,0,10.1,13.1,,,67.0,203.0,27.174823529411764,5.0,Florida Atlantic,2019.0,2019.0,BUF,74.0,-21.0,0.0882353
2024,16,00-0035250,D.Singletary,RB,NYG,ATL,0,0,0.0,0,0.0,0.0,0.0,4,12.0,0,0,0,0.0,0,1.2,1.2,,,67.0,203.0,27.174823529411764,5.0,Florida Atlantic,2019.0,2019.0,BUF,74.0,,
2024,17,00-0035250,D.Singletary,RB,NYG,IND,0,0,0.0,0,0.0,0.0,0.0,5,21.0,0,1,1,9.0,0,3.0,4.0,,,67.0,203.0,27.174823529411764,5.0,Florida Atlantic,2019.0,2019.0,BUF,74.0,12.0,0.045454547
2024,18,00-0035250,D.Singletary,RB,NYG,PHI,0,0,0.0,0,0.0,0.0,0.0,7,22.0,0,1,1,-5.0,0,1.7,2.7,,,67.0,203.0,27.174823529411764,5.0,Florida Atlantic,2019.0,2019.0,BUF,74.0,,0.035714287
2024,1,00-0035261,T.Pollard,RB,TEN,CHI,0,0,0.0,0,0.0,0.0,0.0,16,82.0,1,4,3,12.0,0,15.4,18.4,,,72.0,209.0,27.527470588235293,5.0,Memphis,2019.0,2019.0,DAL,128.0,,0.14814815
2024,2,00-0035261,T.Pollard,RB,TEN,NYJ,0,0,0.0,0,0.0,0.0,0.0,17,62.0,0,6,5,40.0,0,10.2,15.2,,,72.0,209.0,27.527470588235293,5.0,Memphis,2019.0,2019.0,DAL,128.0,-7.0,0.22222222
2024,3,00-0035261,T.Pollard,RB,TEN,GB,0,0,0.0,0,0.0,0.0,0.0,6,14.0,0,4,3,15.0,0,2.9,5.9,,,72.0,209.0,27.527470588235293,5.0,Memphis,2019.0,2019.0,DAL,128.0,-16.0,0.11764706
2024,4,00-0035261,T.Pollard,RB,TEN,MIA,0,0,0.0,0,0.0,0.0,0.0,22,88.0,1,2,2,20.0,0,16.8,18.8,,,72.0,209.0,27.527470588235293,5.0,Memphis,2019.0,2019.0,DAL,128.0,,0.11111111
2024,6,00-0035261,T.Pollard,RB,TEN,IND,0,0,0.0,0,0.0,0.0,0.0,17,93.0,1,3,3,-5.0,0,14.8,17.8,,,72.0,209.0,27.527470588235293,5.0,Memphis,2019.0,2019.0,DAL,128.0,-3.0,0.11111111
2024,7,00-0035261,T.Pollard,RB,TEN,BUF,0,0,0.0,0,0.0,0.0,0.0,16,61.0,0,6,2,4.0,0,6.5,8.5,,,72.0,209.0,27.527470588235293,5.0,Memphis,2019.0,2019.0,DAL,128.0,,0.15789473
2024,8,00-0035261,T.Pollard,RB,TEN,DET,0,0,0.0,0,0.0,0.0,0.0,20,94.0,0,4,3,23.0,0,11.7,14.7,,,72.0,209.0,27.527470588235293,5.0,Memphis,2019.0,2019.0,DAL,128.0,,0.10526316
2024,9,00-0035261,T.Pollard,RB,TEN,NE,0,0,0.0,0,0.0,0.0,0.0,28,128.0,0,3,3,26.0,0,15.4,18.4,,,72.0,209.0,27.527470588235293,5.0,Memphis,2019.0,2019.0,DAL,128.0,3.0,0.11111111
2024,10,00-0035261,T.Pollard,RB,TEN,LAC,0,0,0.0,0,0.0,0.0,0.0,9,44.0,0,4,4,19.0,0,6.3,10.3,,,72.0,209.0,27.527470588235293,5.0,Memphis,2019.0,2019.0,DAL,128.0,,0.17391305
2024,11,00-0035261,T.Pollard,RB,TEN,MIN,0,0,0.0,0,0.0,0.0,0.0,9,15.0,0,4,2,14.0,0,2.9,4.9,,,72.0,209.0,27.527470588235293,5.0,Memphis,2019.0,2019.0,DAL,128.0,-10.0,0.13793103
2024,12,00-0035261,T.Pollard,RB,TEN,HOU,0,0,0.0,0,0.0,0.0,0.0,24,119.0,1,5,3,10.0,0,18.9,21.9,,,72.0,209.0,27.527470588235293,5.0,Memphis,2019.0,2019.0,DAL,128.0,,0.2
2024,13,00-0035261,T.Pollard,RB,TEN,WAS,0,0,0.0,0,0.0,0.0,0.0,8,35.0,0,6,4,33.0,0,4.8,8.8,,,72.0,209.0,27.527470588235293,5.0,Memphis,2019.0,2019.0,DAL,128.0,,0.16666667
2024,14,00-0035261,T.Pollard,RB,TEN,JAX,0,0,0.0,0,0.0,0.0,0.0,21,102.0,0,2,2,22.0,0,12.4,14.4,,,72.0,209.0,27.527470588235293,5.0,Memphis,2019.0,2019.0,DAL,128.0,-4.0,0.0625
2024,15,00-0035261,T.Pollard,RB,TEN,CIN,0,0,0.0,0,0.0,0.0,0.0,17,45.0,1,0,0,0.0,0,8.5,8.5,,,72.0,209.0,27.527470588235293,5.0,Memphis,2019.0,2019.0,DAL,128.0,-10.0,
2024,16,00-0035261,T.Pollard,RB,TEN,IND,0,0,0.0,0,0.0,0.0,0.0,8,35.0,0,4,2,5.0,0,6.0,8.0,,,72.0,209.0,27.527470588235293,5.0,Memphis,2019.0,2019.0,DAL,128.0,,0.121212125
2024,18,00-0035261,T.Pollard,RB,TEN,HOU,0,0,0.0,0,0.0,0.0,0.0,22,62.0,0,0,0,0.0,0,6.2,6.2,,,72.0,209.0,27.527470588235293,5.0,Memphis,2019.0,2019.0,DAL,128.0,-9.0,
2024,7,00-0035264,J.Stidham,QB,DEN,NO,0,0,0.0,0,0.0,0.0,0.0,2,-2.0,0,0,0,0.0,0,-0.2,-0.2,,,75.0,214.0,28.252277777777778,5.0,Auburn,2019.0,2019.0,NE,133.0,,
2024,18,00-0035264,J.Stidham,QB,DEN,KC,0,0,0.0,0,0.0,0.0,0.0,2,7.0,0,0,0,0.0,0,0.7,0.7,,,75.0,214.0,28.252277777777778,5.0,Auburn,2019.0,2019.0,NE,133.0,38.0,
2024,5,00-0035280,J.Bailey,P,MIA,NE,0,0,0.0,0,0.0,0.0,0.0,1,0.0,0,0,0,0.0,0,0.0,0.0,,,74.0,205.0,27.39135294117647,5.0,Stanford,2019.0,2019.0,NE,163.0,,
2024,1,00-0035289,G.Minshew,QB,LV,LAC,25,33,257.0,1,1.0,4.0,32.0,3,5.0,0,0,0,0.0,0,10.78,10.78,,,73.0,225.0,28.47705882352941,5.0,Washington State,2019.0,2019.0,JAX,178.0,,
2024,2,00-0035289,G.Minshew,QB,LV,BAL,30,38,276.0,1,1.0,5.0,43.0,1,-1.0,0,0,0,0.0,0,12.94,12.94,,,73.0,225.0,28.47705882352941,5.0,Washington State,2019.0,2019.0,JAX,178.0,,
2024,3,00-0035289,G.Minshew,QB,LV,CAR,18,28,214.0,1,1.0,2.0,8.0,3,14.0,0,0,0,0.0,0,13.96,13.96,,,73.0,225.0,28.47705882352941,5.0,Washington State,2019.0,2019.0,JAX,178.0,-14.0,
2024,4,00-0035289,G.Minshew,QB,LV,CLE,14,24,130.0,0,0.0,2.0,14.0,2,-2.0,0,0,0,0.0,0,5.0,5.0,,,73.0,225.0,28.47705882352941,5.0,Washington State,2019.0,2019.0,JAX,178.0,4.0,
2024,5,00-0035289,G.Minshew,QB,LV,DEN,12,17,137.0,1,2.0,2.0,9.0,2,22.0,0,0,0,0.0,0,7.68,7.68,,,73.0,225.0,28.47705882352941,5.0,Washington State,2019.0,2019.0,JAX,178.0,,
2024,7,00-0035289,G.Minshew,QB,LV,LA,15,34,154.0,0,3.0,2.0,11.0,1,2.0,0,0,0,0.0,0,-1.64,-1.64,,,73.0,225.0,28.47705882352941,5.0,Washington State,2019.0,2019.0,JAX,178.0,,
2024,8,00-0035289,G.Minshew,QB,LV,KC,24,30,209.0,2,0.0,5.0,14.0,2,6.0,0,0,0,0.0,0,14.96,14.96,,,73.0,225.0,28.47705882352941,5.0,Washington State,2019.0,2019.0,JAX,178.0,-7.0,
2024,9,00-0035289,G.Minshew,QB,LV,CIN,10,17,124.0,0,0.0,1.0,7.0,1,0.0,0,0,0,0.0,0,2.96,2.96,,,73.0,225.0,28.47705882352941,5.0,Washington State,2019.0,2019.0,JAX,178.0,,
2024,11,00-0035289,G.Minshew,QB,LV,MIA,30,43,282.0,2,1.0,3.0,14.0,2,7.0,0,0,0,0.0,0,17.98,17.98,,,73.0,225.0,28.47705882352941,5.0,Washington State,2019.0,2019.0,JAX,178.0,,
2024,12,00-0035289,G.Minshew,QB,LV,DEN,25,42,230.0,1,1.0,3.0,12.0,2,5.0,0,0,0,0.0,0,11.7,11.7,,,73.0,225.0,28.47705882352941,5.0,Washington State,2019.0,2019.0,JAX,178.0,-10.0,
2024,3,00-0035298,S.Miller,WR,PIT,LAC,0,0,0.0,0,0.0,0.0,0.0,0,0.0,0,2,2,31.0,0,3.1,5.1,,,69.0,174.0,27.279611111111112,5.0,Bowling Green,2019.0,2019.0,TB,208.0,10.0,0.06451613
2024,8,00-0035298,S.Miller,WR,PIT,NYG,0,0,0.0,0,0.0,0.0,0.0,0,0.0,0,2,0,0.0,0,0.0,0.0,,,69.0,174.0,27.279611111111112,5.0,Bowling Green,2019.0,2019.0,TB,208.0,8.0,0.074074075
2024,14,00-0035298,S.Miller,WR,PIT,CLE,0,0,0.0,0,0.0,0.0,0.0,0,0.0,0,4,3,38.0,0,3.8,6.8,,,69.0,174.0,27.279611111111112,5.0,Bowling Green,2019.0,2019.0,TB,208.0,13.0,0.16666667
2024,15,00-0035298,S.Miller,WR,PIT,PHI,0,0,0.0,0,0.0,0.0,0.0,0,0.0,0,1,0,0.0,0,0.0,0.0,,,69.0,174.0,27.279611111111112,5.0,Bowling Green,2019.0,2019.0,TB,208.0,,0.04761905
2024,1,00-0035311,M.Gaskin,RB,MIN,NYG,0,0,0.0,0,0.0,0.0,0.0,1,-3.0,0,0,0,0.0,0,-0.3,-0.3,,,70.0,200.0,27.72829411764706,5.0,Washington,2019.0,2019.0,MIA,234.0,,
2024,5,00-0035311,M.Gaskin,RB,MIN,NYJ,0,0,0.0,0,0.0,0.0,0.0,2,2.0,0,1,1,11.0,0,1.3,2.3,,,70.0,200.0,27.72829411764706,5.0,Washington,2019.0,2019.0,MIA,234.0,6.0,0.035714287
2024,1,00-0035341,T.Irwin,WR,CIN,NE,0,0,0.0,0,0.0,0.0,0.0,0,0.0,0,2,1,6.0,0,0.6,1.6,,,74.0,207.0,28.90735294117647,5.0,Stanford,2019.0,2019.0,,,-6.0,0.06896552
2024,2,00-0035341,T.Irwin,WR,CIN,KC,0,0,0.0,0,0.0,0.0,0.0,0,0.0,0,6,1,5.0,0,0.5,1.5,,,74.0,207.0,28.90735294117647,5.0,Stanford,2019.0,2019.0,,,,0.1764706
2024,8,00-0035341,T.Irwin,WR,CIN,PHI,0,0,0.0,0,0.0,0.0,0.0,0,0.0,0,1,1,4.0,0,0.4,1.4,,,74.0,207.0,28.90735294117647,5.0,Stanford,2019.0,2019.0,,,-20.0,0.027777778
2024,9,00-0035341,T.Irwin,WR,CIN,LV,0,0,0.0,0,0.0,0.0,0.0,0,0.0,0,1,0,0.0,0,0.0,0.0,,,74.0,207.0,28.90735294117647,5.0,Stanford,2019.0,2019.0,,,17.0,0.027027028
2024,1,00-0035406,L.Humphrey,WR,DEN,SEA,0,0,0.0,0,0.0,0.0,0.0,0,0.0,0,1,0,0.0,0,0.0,0.0,,,76.0,225.0,26.55738888888889,5.0,Texas,2019.0,2019.0,,,,0.023809524
2024,2,00-0035406,L.Humphrey,WR,DEN,PIT,0,0,0.0,0,0.0,0.0,0.0,0,0.0,0,5,4,50.0,0,5.0,9.0,,,76.0,225.0,26.55738888888889,5.0,Texas,2019.0,2019.0,,,-7.0,0.15151516
2024,3,00-0035406,L.Humphrey,WR,DEN,TB,0,0,0.0,0,0.0,0.0,0.0,0,0.0,0,8,6,37.0,0,3.7,9.7,,,76.0,225.0,26.55738888888889,5.0,Texas,2019.0,2019.0,,,,0.23529412
2024,4,00-0035406,L.Humphrey,WR,DEN,NYJ,0,0,0.0,0,0.0,0.0,0.0,0,0.0,0,1,0,0.0,0,0.0,0.0,,,76.0,225.0,26.55738888888889,5.0,Texas,2019.0,2019.0,,,,0.04
2024,5,00-0035406,L.Humphrey,WR,DEN,LV,0,0,0.0,0,0.0,0.0,0.0,0,0.0,0,2,2,48.0,0,4.8,6.8,,,76.0,225.0,26.55738888888889,5.0,Texas,2019.0,2019.0,,,16.0,0.07692308
2024,6,00-0035406,L.Humphrey,WR,DEN,LAC,0,0,0.0,0,0.0,0.0,0.0,0,0.0,0,1,1,8.0,0,0.8,1.8,,,76.0,225.0,26.55738888888889,5.0,Texas,2019.0,2019.0,,,-7.0,0.03125
2024,7,00-0035406,L.Humphrey,WR,DEN,NO,0,0,0.0,0,0.0,0.0,0.0,0,0.0,0,3,2,12.0,0,1.2,3.2,,,76.0,225.0,26.55738888888889,5.0,Texas,2019.0,2019.0,,,,0.12
2024,8,00-0035406,L.Humphrey,WR,DEN,CAR,0,0,0.0,0,0.0,0.0,0.0,0,0.0,0,6,4,22.0,0,0.2,4.2,,,76.0,225.0,26.55738888888889,5.0,Texas,2019.0,2019.0,,,14.0,0.15789473
2024,9,00-0035406,L.Humphrey,WR,DEN,BAL,0,0,0.0,0,0.0,0.0,0.0,0,0.0,0,5,2,11.0,0,1.1,3.1,,,76.0,225.0,26.55738888888889,5.0,Texas,2019.0,2019.0,,,,0.15151516
2024,10,00-0035406,L.Humphrey,WR,DEN,KC,0,0,0.0,0,0.0,0.0,0.0,0,0.0,0,3,2,23.0,0,2.3,4.3,,,76.0,225.0,26.55738888888889,5.0,Texas,2019.0,2019.0,,,,0.10714286
2024,11,00-0035406,L.Humphrey,WR,DEN,ATL,0,0,0.0,0,0.0,0.0,0.0,0,0.0,0,4,4,52.0,1,11.2,15.2,,,76.0,225.0,26.55738888888889,5.0,Texas,2019.0,2019.0,,,32.0,0.125
2024,12,00-0035406,L.Humphrey,WR,DEN,LV,0,0,0.0,0,0.0,0.0,0.0,0,0.0,0,3,2,4.0,0,0.4,2.4,,,76.0,225.0,26.55738888888889,5.0,Texas,2019.0,2019.0,,,,0.07692308
2024,15,00-0035406,L.Humphrey,WR,DEN,IND,0,0,0.0,0,0.0,0.0,0.0,0,0.0,0,1,0,0.0,0,0.0,0.0,,,76.0,225.0,26.55738888888889,5.0,Texas,2019.0,2019.0,,,18.0,0.03125
2024,18,00-0035406,L.Humphrey,WR,DEN,KC,0,0,0.0,0,0.0,0.0,0.0,0,0.0,0,2,2,26.0,0,2.6,4.6,,,76.0,225.0,26.55738888888889,5.0,Texas,2019.0,2019.0,,,38.0,0.06896552
2024,1,00-0035500,G.Dortch,WR,ARI,BUF,0,0,0.0,0,0.0,0.0,0.0,1,4.0,0,8,6,47.0,0,5.1,11.1,,,67.0,173.0,26.441823529411767,5.0,Wake Forest,2019.0,2019.0,,,,0.2580645
2024,2,00-0035500,G.Dortch,WR,ARI,LA,0,0,0.0,0,0.0,0.0,0.0,0,0.0,0,2,2,11.0,0,1.1,3.1,,,67.0,173.0,26.441823529411767,5.0,Wake Forest,2019.0,2019.0,,,31.0,0.0952381
2024,3,00-0035500,G.Dortch,WR,ARI,DET,0,0,0.0,0,0.0,0.0,0.0,0,0.0,0,6,3,35.0,0,3.5,6.5,,,67.0,173.0,26.441823529411767,5.0,Wake Forest,2019.0,2019.0,,,-7.0,0.1764706
2024,4,00-0035500,G.Dortch,WR,ARI,WAS,0,0,0.0,0,0.0,0.0,0.0,0,0.0,0,4,4,38.0,0,3.8,7.8,,,67.0,173.0,26.441823529411767,5.0,Wake Forest,2019.0,2019.0,,,-28.0,0.18181819
2024,5,00-0035500,G.Dortch,WR,ARI,SF,0,0,0.0,0,0.0,0.0,0.0,0,0.0,0,2,1,7.0,0,0.7,1.7,,,67.0,173.0,26.441823529411767,5.0,Wake Forest,2019.0,2019.0,,,,0.06666667
2024,6,00-0035500,G.Dortch,WR,ARI,GB,0,0,0.0,0,0.0,0.0,0.0,0,0.0,0,5,3,36.0,0,1.6,4.6,,,67.0,173.0,26.441823529411767,5.0,Wake Forest,2019.0,2019.0,,,,0.15625
2024,7,00-0035500,G.Dortch,WR,ARI,LAC,0,0,0.0,0,0.0,0.0,0.0,0,0.0,0,2,1,5.0,1,6.5,7.5,,,67.0,173.0,26.441823529411767,5.0,Wake Forest,2019.0,2019.0,,,2.0,0.08
2024,8,00-0035500,G.Dortch,WR,ARI,MIA,0,0,0.0,0,0.0,0.0,0.0,0,0.0,0,2,1,9.0,0,0.9,1.9,,,67.0,173.0,26.441823529411767,5.0,Wake Forest,2019.0,2019.0,,,,0.060606062
2024,9,00-0035500,G.Dortch,WR,ARI,CHI,0,0,0.0,0,0.0,0.0,0.0,0,0.0,0,1,0,0.0,0,0.0,0.0,,,67.0,173.0,26.441823529411767,5.0,Wake Forest,2019.0,2019.0,,,20.0,0.05263158
2024,10,00-0035500,G.Dortch,WR,ARI,NYJ,0,0,0.0,0,0.0,0.0,0.0,0,0.0,0,1,1,-1.0,0,-0.1,0.9,,,67.0,173.0,26.441823529411767,5.0,Wake Forest,2019.0,2019.0,,,25.0,0.041666668
2024,12,00-0035500,G.Dortch,WR,ARI,SEA,0,0,0.0,0,0.0,0.0,0.0,0,0.0,0,2,1,5.0,0,0.5,1.5,,,67.0,173.0,26.441823529411767,5.0,Wake Forest,2019.0,2019.0,,,,0.05882353
2024,13,00-0035500,G.Dortch,WR,ARI,MIN,0,0,0.0,0,0.0,0.0,0.0,1,6.0,0,3,2,1.0,0,0.7,2.7,,,67.0,173.0,26.441823529411767,5.0,Wake Forest,2019.0,2019.0,,,,0.069767445
2024,14,00-0035500,G.Dortch,WR,ARI,SEA,0,0,0.0,0,0.0,0.0,0.0,0,0.0,0,1,1,5.0,0,0.5,1.5,,,67.0,173.0,26.441823529411767,5.0,Wake Forest,2019.0,2019.0,,,-12.0,0.02631579
2024,15,00-0035500,G.Dortch,WR,ARI,NE,0,0,0.0,0,0.0,0.0,0.0,1,6.0,0,3,3,60.0,0,6.6,9.6,,,67.0,173.0,26.441823529411767,5.0,Wake Forest,2019.0,2019.0,,,13.0,0.09677419
2024,16,00-0035500,G.Dortch,WR,ARI,CAR,0,0,0.0,0,0.0,0.0,0.0,1,8.0,0,1,1,19.0,0,2.7,3.7,,,67.0,173.0,26.441823529411767,5.0,Wake Forest,2019.0,2019.0,,,,0.03448276
2024,17,00-0035500,G.Dortch,WR,ARI,LA,0,0,0.0,0,0.0,0.0,0.0,0,0.0,0,3,3,18.0,0,1.8,4.8,,,67.0,173.0,26.441823529411767,5.0,Wake Forest,2019.0,2019.0,,,,0.06666667
2024,18,00-0035500,G.Dortch,WR,ARI,SF,0,0,0.0,0,0.0,0.0,0.0,1,7.0,0,4,4,47.0,2,17.4,21.4,,,67.0,173.0,26.441823529411767,5.0,Wake Forest,2019.0,2019.0,,,23.0,0.125
2024,1,00-0035535,D.Slayton,WR,NYG,MIN,0,0,0.0,0,0.0,0.0,0.0,0,0.0,0,4,3,26.0,0,2.6,5.6,,,73.0,190.0,27.815470588235293,5.0,Auburn,2019.0,2019.0,NYG,171.0,-22.0,0.10526316
2024,2,00-0035535,D.Slayton,WR,NYG,WAS,0,0,0.0,0,0.0,0.0,0.0,0,0.0,0,4,3,33.0,0,3.3,6.3,,,73.0,190.0,27.815470588235293,5.0,Auburn,2019.0,2019.0,NYG,171.0,,0.14814815
2024,3,00-0035535,D.Slayton,WR,NYG,CLE,0,0,0.0,0,0.0,0.0,0.0,0,0.0,0,2,1,7.0,0,0.7,1.7,,,73.0,190.0,27.815470588235293,5.0,Auburn,2019.0,2019.0,NYG,171.0,,0.060606062
2024,4,00-0035535,D.Slayton,WR,NYG,DAL,0,0,0.0,0,0.0,0.0,0.0,0,0.0,0,5,3,56.0,0,5.6,8.6,,,73.0,190.0,27.815470588235293,5.0,Auburn,2019.0,2019.0,NYG,171.0,-5.0,0.13157895
2024,5,00-0035535,D.Slayton,WR,NYG,SEA,0,0,0.0,0,0.0,0.0,0.0,0,0.0,0,11,8,122.0,1,18.2,26.2,,,73.0,190.0,27.815470588235293,5.0,Auburn,2019.0,2019.0,NYG,171.0,,0.3548387
2024,6,00-0035535,D.Slayton,WR,NYG,CIN,0,0,0.0,0,0.0,0.0,0.0,0,0.0,0,11,6,57.0,0,5.7,11.7,,,73.0,190.0,27.815470588235293,5.0,Auburn,2019.0,2019.0,NYG,171.0,-10.0,0.30555555
2024,7,00-0035535,D.Slayton,WR,NYG,PHI,0,0,0.0,0,0.0,0.0,0.0,0,0.0,0,3,1,11.0,0,1.1,2.1,,,73.0,190.0,27.815470588235293,5.0,Auburn,2019.0,2019.0,NYG,171.0,-25.0,0.11111111
2024,8,00-0035535,D.Slayton,WR,NYG,PIT,0,0,0.0,0,0.0,0.0,0.0,0,0.0,0,7,4,108.0,0,10.8,14.8,,,73.0,190.0,27.815470588235293,5.0,Auburn,2019.0,2019.0,NYG,171.0,,0.1891892
2024,9,00-0035535,D.Slayton,WR,NYG,WAS,0,0,0.0,0,0.0,0.0,0.0,1,11.0,0,3,3,49.0,0,6.0,9.0,,,73.0,190.0,27.815470588235293,5.0,Auburn,2019.0,2019.0,NYG,171.0,-5.0,0.115384616
2024,12,00-0035535,D.Slayton,WR,NYG,TB,0,0,0.0,0,0.0,0.0,0.0,0,0.0,0,2,0,0.0,0,0.0,0.0,,,73.0,190.0,27.815470588235293,5.0,Auburn,2019.0,2019.0,NYG,171.0,-23.0,0.06666667
2024,13,00-0035535,D.Slayton,WR,NYG,DAL,0,0,0.0,0,0.0,0.0,0.0,0,0.0,0,6,2,8.0,0,0.8,2.8,,,73.0,190.0,27.815470588235293,5.0,Auburn,2019.0,2019.0,NYG,171.0,,0.1875
2024,14,00-0035535,D.Slayton,WR,NYG,NO,0,0,0.0,0,0.0,0.0,0.0,0,0.0,0,6,2,27.0,0,2.7,4.7,,,73.0,190.0,27.815470588235293,5.0,Auburn,2019.0,2019.0,NYG,171.0,-3.0,0.13043478
2024,15,00-0035535,D.Slayton,WR,NYG,BAL,0,0,0.0,0,0.0,0.0,0.0,0,0.0,0,1,1,16.0,0,1.6,2.6,,,73.0,190.0,27.815470588235293,5.0,Auburn,2019.0,2019.0,NYG,171.0,-21.0,0.029411765
2024,16,00-0035535,D.Slayton,WR,NYG,ATL,0,0,0.0,0,0.0,0.0,0.0,1,6.0,0,2,1,21.0,0,2.7,3.7,,,73.0,190.0,27.815470588235293,5.0,Auburn,2019.0,2019.0,NYG,171.0,,0.054054055
2024,17,00-0035535,D.Slayton,WR,NYG,IND,0,0,0.0,0,0.0,0.0,0.0,0,0.0,0,3,1,32.0,1,9.2,10.2,,,73.0,190.0,27.815470588235293,5.0,Auburn,2019.0,2019.0,NYG,171.0,12.0,0.13636364
2024,18,00-0035535,D.Slayton,WR,NYG,PHI,0,0,0.0,0,0.0,0.0,0.0,0,0.0,0,1,0,0.0,0,0.0,0.0,,,73.0,190.0,27.815470588235293,5.0,Auburn,2019.0,2019.0,NYG,171.0,,0.035714287
2024,1,00-0035537,T.Johnson,RB,BUF,ARI,0,0,0.0,0,0.0,0.0,0.0,2,7.0,0,1,0,0.0,0,0.7,0.7,,,70.0,210.0,27.166649999999997,5.0,Maryland,2019.0,2019.0,DET,186.0,6.0,0.04347826
2024,2,00-0035537,T.Johnson,RB,BUF,MIA,0,0,0.0,0,0.0,0.0,0.0,1,-1.0,0,2,1,33.0,0,3.2,4.2,,,70.0,210.0,27.166649999999997,5.0,Maryland,2019.0,2019.0,DET,186.0,,0.11111111
2024,3,00-0035537,T.Johnson,RB,BUF,JAX,0,0,0.0,0,0.0,0.0,0.0,3,18.0,0,3,3,28.0,1,10.6,13.6,,,70.0,210.0,27.166649999999997,5.0,Maryland,2019.0,2019.0,DET,186.0,37.0,0.1
2024,4,00-0035537,T.Johnson,RB,BUF,BAL,0,0,0.0,0,0.0,0.0,0.0,1,3.0,1,0,0,0.0,0,6.3,6.3,,,70.0,210.0,27.166649999999997,5.0,Maryland,2019.0,2019.0,DET,186.0,,
2024,5,00-0035537,T.Johnson,RB,BUF,HOU,0,0,0.0,0,0.0,0.0,0.0,3,15.0,0,0,0,0.0,0,1.5,1.5,,,70.0,210.0,27.166649999999997,5.0,Maryland,2019.0,2019.0,DET,186.0,,
2024,6,00-0035537,T.Johnson,RB,BUF,NYJ,0,0,0.0,0,0.0,0.0,0.0,4,34.0,0,0,0,0.0,0,3.4,3.4,,,70.0,210.0,27.166649999999997,5.0,Maryland,2019.0,2019.0,DET,186.0,,
2024,7,00-0035537,T.Johnson,RB,BUF,TEN,0,0,0.0,0,0.0,0.0,0.0,0,0.0,0,1,1,4.0,1,6.4,7.4,,,70.0,210.0,27.166649999999997,5.0,Maryland,2019.0,2019.0,DET,186.0,24.0,0.03125
2024,8,00-0035537,T.Johnson,RB,BUF,SEA,0,0,0.0,0,0.0,0.0,0.0,0,0.0,0,1,0,0.0,0,0.0,0.0,,,70.0,210.0,27.166649999999997,5.0,Maryland,2019.0,2019.0,DET,186.0,,0.03125
2024,9,00-0035537,T.Johnson,RB,BUF,MIA,0,0,0.0,0,0.0,0.0,0.0,3,23.0,0,0,0,0.0,0,2.3,2.3,,,70.0,210.0,27.166649999999997,5.0,Maryland,2019.0,2019.0,DET,186.0,3.0,
2024,10,00-0035537,T.Johnson,RB,BUF,IND,0,0,0.0,0,0.0,0.0,0.0,0,0.0,0,3,3,32.0,0,3.2,6.2,,,70.0,210.0,27.166649999999997,5.0,Maryland,2019.0,2019.0,DET,186.0,,0.08571429
2024,11,00-0035537,T.Johnson,RB,BUF,KC,0,0,0.0,0,0.0,0.0,0.0,5,18.0,0,1,0,0.0,0,1.8,1.8,,,70.0,210.0,27.166649999999997,5.0,Maryland,2019.0,2019.0,DET,186.0,9.0,0.02631579
2024,13,00-0035537,T.Johnson,RB,BUF,SF,0,0,0.0,0,0.0,0.0,0.0,5,28.0,0,1,1,9.0,0,3.7,4.7,,,70.0,210.0,27.166649999999997,5.0,Maryland,2019.0,2019.0,DET,186.0,25.0,0.055555556
2024,14,00-0035537,T.Johnson,RB,BUF,LA,0,0,0.0,0,0.0,0.0,0.0,0,0.0,0,3,2,55.0,1,11.5,13.5,,,70.0,210.0,27.166649999999997,5.0,Maryland,2019.0,2019.0,DET,186.0,,0.08108108
2024,15,00-0035537,T.Johnson,RB,BUF,DET,0,0,0.0,0,0.0,0.0,0.0,2,9.0,0,5,5,114.0,0,12.3,17.3,,,70.0,210.0,27.166649999999997,5.0,Maryland,2019.0,2019.0,DET,186.0,,0.15625
2024,16,00-0035537,T.Johnson,RB,BUF,NE,0,0,0.0,0,0.0,0.0,0.0,6,30.0,0,1,0,0.0,0,3.0,3.0,,,70.0,210.0,27.166649999999997,5.0,Maryland,2019.0,2019.0,DET,186.0,3.0,0.037037037
2024,17,00-0035537,T.Johnson,RB,BUF,NYJ,0,0,0.0,0,0.0,0.0,0.0,4,16.0,0,1,1,9.0,0,2.5,3.5,,,70.0,210.0,27.166649999999997,5.0,Maryland,2019.0,2019.0,DET,186.0,26.0,0.037037037
2024,18,00-0035537,T.Johnson,RB,BUF,NE,0,0,0.0,0,0.0,0.0,0.0,2,13.0,0,2,1,0.0,0,1.3,2.3,,,70.0,210.0,27.166649999999997,5.0,Maryland,2019.0,2019.0,DET,186.0,,0.06451613
2024,19,00-0035537,T.Johnson,RB,BUF,DEN,0,0,0.0,0,0.0,0.0,0.0,9,44.0,0,2,2,26.0,1,13.0,15.0,,,70.0,210.0,27.166649999999997,5.0,Maryland,2019.0,2019.0,DET,186.0,24.0,0.08
2024,20,00-0035537,T.Johnson,RB,BUF,BAL,0,0,0.0,0,0.0,0.0,0.0,5,31.0,0,1,1,8.0,0,3.9,4.9,,,70.0,210.0,27.166649999999997,5.0,Maryland,2019.0,2019.0,DET,186.0,2.0,0.04761905
2024,21,00-0035537,T.Johnson,RB,BUF,KC,0,0,0.0,0,0.0,0.0,0.0,6,19.0,0,1,1,0.0,0,1.9,2.9,,,70.0,210.0,27.166649999999997,5.0,Maryland,2019.0,2019.0,DET,186.0,,0.032258064
2024,2,00-0035544,T.Kennedy,WR,DET,TB,0,0,0.0,0,0.0,0.0,0.0,0,0.0,0,1,0,0.0,0,0.0,0.0,,,70.0,194.0,28.290388888888888,5.0,Bryant,2019.0,2019.0,,,-4.0,0.018867925
2024,5,00-0035547,J.Fortson,TE,KC,NO,0,0,0.0,0,0.0,0.0,0.0,0,0.0,0,1,1,5.0,0,0.5,1.5,,,76.0,230.0,28.974000000000004,5.0,Valdosta State,2019.0,2019.0,,,13.0,0.029411765
2024,7,00-0035547,J.Fortson,TE,KC,SF,0,0,0.0,0,0.0,0.0,0.0,0,0.0,0,1,0,0.0,0,0.0,0.0,,,76.0,230.0,28.974000000000004,5.0,Valdosta State,2019.0,2019.0,,,,0.04
2024,8,00-0035547,J.Fortson,TE,KC,LV,0,0,0.0,0,0.0,0.0,0.0,0,0.0,0,1,0,0.0,0,0.0,0.0,,,76.0,230.0,28.974000000000004,5.0,Valdosta State,2019.0,2019.0,,,,0.028571429
2024,6,00-0035567,C.Reynolds,RB,DET,DAL,0,0,0.0,0,0.0,0.0,0.0,6,21.0,0,0,0,0.0,0,2.1,2.1,,,71.0,215.0,28.41088888888889,5.0,Kutztown,2019.0,2019.0,,,,
2024,8,00-0035567,C.Reynolds,RB,DET,TEN,0,0,0.0,0,0.0,0.0,0.0,3,3.0,0,0,0,0.0,0,0.3,0.3,,,71.0,215.0,28.41088888888889,5.0,Kutztown,2019.0,2019.0,,,38.0,
2024,11,00-0035567,C.Reynolds,RB,DET,JAX,0,0,0.0,0,0.0,0.0,0.0,2,21.0,0,0,0,0.0,0,2.1,2.1,,,71.0,215.0,28.41088888888889,5.0,Kutztown,2019.0,2019.0,,,46.0,
2024,12,00-0035567,C.Reynolds,RB,DET,IND,0,0,0.0,0,0.0,0.0,0.0,1,6.0,0,0,0,0.0,0,0.6,0.6,,,71.0,215.0,28.41088888888889,5.0,Kutztown,2019.0,2019.0,,,,
2024,16,00-0035567,C.Reynolds,RB,DET,CHI,0,0,0.0,0,0.0,0.0,0.0,4,18.0,0,1,1,5.0,0,2.3,3.3,,,71.0,215.0,28.41088888888889,5.0,Kutztown,2019.0,2019.0,,,,0.03125
2024,17,00-0035567,C.Reynolds,RB,DET,SF,0,0,0.0,0,0.0,0.0,0.0,7,31.0,0,2,2,35.0,0,6.6,8.6,,,71.0,215.0,28.41088888888889,5.0,Kutztown,2019.0,2019.0,,,,0.060606062
2024,18,00-0035567,C.Reynolds,RB,DET,MIN,0,0,0.0,0,0.0,0.0,0.0,8,39.0,0,2,0,0.0,0,3.9,3.9,,,71.0,215.0,28.41088888888889,5.0,Kutztown,2019.0,2019.0,,,22.0,0.0625
2024,1,00-0035594,T.Homer,RB,CHI,TEN,0,0,0.0,0,0.0,0.0,0.0,2,10.0,0,0,0,0.0,0,1.0,1.0,,,70.0,202.0,26.253823529411765,5.0,Miami,2019.0,2019.0,SEA,204.0,7.0,
2024,2,00-0035594,T.Homer,RB,CHI,HOU,0,0,0.0,0,0.0,0.0,0.0,1,6.0,0,0,0,0.0,0,0.6,0.6,,,70.0,202.0,26.253823529411765,5.0,Miami,2019.0,2019.0,SEA,204.0,,
2024,14,00-0035594,T.Homer,RB,CHI,SF,0,0,0.0,0,0.0,0.0,0.0,0,0.0,0,3,3,11.0,0,1.1,4.1,,,70.0,202.0,26.253823529411765,5.0,Miami,2019.0,2019.0,SEA,204.0,,0.125
2024,15,00-0035594,T.Homer,RB,CHI,MIN,0,0,0.0,0,0.0,0.0,0.0,3,7.0,0,0,0,0.0,0,0.7,0.7,,,70.0,202.0,26.253823529411765,5.0,Miami,2019.0,2019.0,SEA,204.0,,
2024,6,00-0035602,A.Bachman,WR,LV,PIT,0,0,0.0,0,0.0,0.0,0.0,0,0.0,0,3,3,31.0,0,3.1,6.1,,,72.0,190.0,28.441411764705883,5.0,Wake Forest,2019.0,2019.0,,,-19.0,0.08108108
2024,2,00-0035628,D.Johnson,RB,JAX,CLE,0,0,0.0,0,0.0,0.0,0.0,5,26.0,0,0,0,0.0,0,2.6,2.6,,,70.0,208.0,28.69135294117647,5.0,South Florida,2019.0,2019.0,,,-5.0,
2024,3,00-0035628,D.Johnson,RB,JAX,BUF,0,0,0.0,0,0.0,0.0,0.0,2,12.0,0,1,0,0.0,0,1.2,1.2,,,70.0,208.0,28.69135294117647,5.0,South Florida,2019.0,2019.0,,,,0.022727273
2024,4,00-0035628,D.Johnson,RB,JAX,HOU,0,0,0.0,0,0.0,0.0,0.0,2,0.0,0,0,0,0.0,0,0.0,0.0,,,70.0,208.0,28.69135294117647,5.0,South Florida,2019.0,2019.0,,,,
2024,5,00-0035628,D.Johnson,RB,JAX,IND,0,0,0.0,0,0.0,0.0,0.0,1,1.0,0,3,2,9.0,0,1.0,3.0,,,70.0,208.0,28.69135294117647,5.0,South Florida,2019.0,2019.0,,,3.0,0.0882353
2024,6,00-0035628,D.Johnson,RB,JAX,CHI,0,0,0.0,0,0.0,0.0,0.0,6,28.0,0,2,2,16.0,0,4.4,6.4,,,70.0,208.0,28.69135294117647,5.0,South Florida,2019.0,2019.0,,,,0.057142857
2024,7,00-0035628,D.Johnson,RB,JAX,NE,0,0,0.0,0,0.0,0.0,0.0,9,38.0,0,4,3,32.0,0,7.0,10.0,,,70.0,208.0,28.69135294117647,5.0,South Florida,2019.0,2019.0,,,16.0,0.2
2024,8,00-0035628,D.Johnson,RB,JAX,GB,0,0,0.0,0,0.0,0.0,0.0,1,3.0,0,2,1,20.0,0,2.3,3.3,,,70.0,208.0,28.69135294117647,5.0,South Florida,2019.0,2019.0,,,-3.0,0.06666667
2024,9,00-0035628,D.Johnson,RB,JAX,PHI,0,0,0.0,0,0.0,0.0,0.0,2,6.0,0,1,0,0.0,0,0.6,0.6,,,70.0,208.0,28.69135294117647,5.0,South Florida,2019.0,2019.0,,,,0.033333335
2024,11,00-0035628,D.Johnson,RB,JAX,DET,0,0,0.0,0,0.0,0.0,0.0,2,3.0,0,0,0,0.0,0,0.3,0.3,,,70.0,208.0,28.69135294117647,5.0,South Florida,2019.0,2019.0,,,,
2024,16,00-0035628,D.Johnson,RB,JAX,LV,0,0,0.0,0,0.0,0.0,0.0,0,0.0,0,2,1,8.0,0,0.8,1.8,,,70.0,208.0,28.69135294117647,5.0,South Florida,2019.0,2019.0,,,,0.057142857
2024,17,00-0035628,D.Johnson,RB,JAX,TEN,0,0,0.0,0,0.0,0.0,0.0,0,0.0,0,2,2,11.0,0,1.1,3.1,,,70.0,208.0,28.69135294117647,5.0,South Florida,2019.0,2019.0,,,7.0,0.0952381
2024,18,00-0035628,D.Johnson,RB,JAX,IND,0,0,0.0,0,0.0,0.0,0.0,2,26.0,0,2,1,0.0,0,2.6,3.6,,,70.0,208.0,28.69135294117647,5.0,South Florida,2019.0,2019.0,,,,0.06451613
2024,2,00-0035631,D.Sample,TE,CIN,KC,0,0,0.0,0,0.0,0.0,0.0,0,0.0,0,3,3,28.0,0,2.8,5.8,,,77.0,259.0,28.556529411764707,5.0,Washington,2019.0,2019.0,CIN,52.0,,0.0882353
2024,4,00-0035631,D.Sample,TE,CIN,CAR,0,0,0.0,0,0.0,0.0,0.0,0,0.0,0,1,1,0.0,0,0.0,1.0,,,77.0,259.0,28.556529411764707,5.0,Washington,2019.0,2019.0,CIN,52.0,,0.033333335
2024,7,00-0035631,D.Sample,TE,CIN,CLE,0,0,0.0,0,0.0,0.0,0.0,0,0.0,0,1,0,0.0,0,0.0,0.0,,,77.0,259.0,28.556529411764707,5.0,Washington,2019.0,2019.0,CIN,52.0,,0.041666668
2024,9,00-0035631,D.Sample,TE,CIN,LV,0,0,0.0,0,0.0,0.0,0.0,0,0.0,0,4,4,14.0,1,7.4,11.4,,,77.0,259.0,28.556529411764707,5.0,Washington,2019.0,2019.0,CIN,52.0,17.0,0.10810811
2024,11,00-0035631,D.Sample,TE,CIN,LAC,0,0,0.0,0,0.0,0.0,0.0,1,-4.0,0,2,1,9.0,0,0.5,1.5,,,77.0,259.0,28.556529411764707,5.0,Washington,2019.0,2019.0,CIN,52.0,,0.04347826
2024,13,00-0035631,D.Sample,TE,CIN,PIT,0,0,0.0,0,0.0,0.0,0.0,0,0.0,0,2,2,8.0,0,0.8,2.8,,,77.0,259.0,28.556529411764707,5.0,Washington,2019.0,2019.0,CIN,52.0,-6.0,0.054054055
2024,14,00-0035631,D.Sample,TE,CIN,DAL,0,0,0.0,0,0.0,0.0,0.0,0,0.0,0,2,2,13.0,0,1.3,3.3,,,77.0,259.0,28.556529411764707,5.0,Washington,2019.0,2019.0,CIN,52.0,,0.046511628
2024,15,00-0035631,D.Sample,TE,CIN,TEN,0,0,0.0,0,0.0,0.0,0.0,0,0.0,0,1,1,8.0,0,0.8,1.8,,,77.0,259.0,28.556529411764707,5.0,Washington,2019.0,2019.0,CIN,52.0,,0.028571429
2024,16,00-0035631,D.Sample,TE,CIN,CLE,0,0,0.0,0,0.0,0.0,0.0,0,0.0,0,1,1,12.0,0,1.2,2.2,,,77.0,259.0,28.556529411764707,5.0,Washington,2019.0,2019.0,CIN,52.0,18.0,0.035714287
2024,17,00-0035631,D.Sample,TE,CIN,DEN,0,0,0.0,0,0.0,0.0,0.0,0,0.0,0,1,1,3.0,0,0.3,1.3,,,77.0,259.0,28.556529411764707,5.0,Washington,2019.0,2019.0,CIN,52.0,6.0,0.020408163
2024,18,00-0035631,D.Sample,TE,CIN,PIT,0,0,0.0,0,0.0,0.0,0.0,0,0.0,0,4,4,14.0,0,1.4,5.4,,,77.0,259.0,28.556529411764707,5.0,Washington,2019.0,2019.0,CIN,52.0,,0.08695652
2024,3,00-0035639,P.Campbell,WR,PHI,NO,0,0,0.0,0,0.0,0.0,0.0,0,0.0,0,2,2,13.0,0,1.3,3.3,,,73.0,205.0,27.356095238095243,5.0,Ohio State,2019.0,2019.0,IND,59.0,,0.055555556
2024,4,00-0035639,P.Campbell,WR,PHI,TB,0,0,0.0,0,0.0,0.0,0.0,0,0.0,0,4,4,17.0,1,7.7,11.7,,,73.0,205.0,27.356095238095243,5.0,Ohio State,2019.0,2019.0,IND,59.0,,0.13793103
2024,7,00-0035639,P.Campbell,WR,PHI,NYG,0,0,0.0,0,0.0,0.0,0.0,0,0.0,0,1,0,0.0,0,0.0,0.0,,,73.0,205.0,27.356095238095243,5.0,Ohio State,2019.0,2019.0,IND,59.0,,0.071428575
2024,13,00-0035639,P.Campbell,WR,PHI,BAL,0,0,0.0,0,0.0,0.0,0.0,0,0.0,0,1,0,0.0,0,0.0,0.0,,,73.0,205.0,27.356095238095243,5.0,Ohio State,2019.0,2019.0,IND,59.0,,0.05882353
2024,1,00-0035640,D.Metcalf,WR,SEA,DEN,0,0,0.0,0,0.0,0.0,0.0,0,0.0,0,4,3,29.0,0,2.9,5.9,,,76.0,230.0,26.896588235294118,5.0,Mississippi,2019.0,2019.0,SEA,64.0,6.0,0.16
2024,2,00-0035640,D.Metcalf,WR,SEA,NE,0,0,0.0,0,0.0,0.0,0.0,0,0.0,0,14,10,129.0,1,18.9,28.9,,,76.0,230.0,26.896588235294118,5.0,Mississippi,2019.0,2019.0,SEA,64.0,,0.3255814
2024,3,00-0035640,D.Metcalf,WR,SEA,MIA,0,0,0.0,0,0.0,0.0,0.0,0,0.0,0,6,4,104.0,1,16.4,20.4,,,76.0,230.0,26.896588235294118,5.0,Mississippi,2019.0,2019.0,SEA,64.0,21.0,0.18181819
2024,4,00-0035640,D.Metcalf,WR,SEA,DET,0,0,0.0,0,0.0,0.0,0.0,0,0.0,0,12,7,104.0,0,8.4,15.4,,,76.0,230.0,26.896588235294118,5.0,Mississippi,2019.0,2019.0,SEA,64.0,,0.2264151
2024,5,00-0035640,D.Metcalf,WR,SEA,NYG,0,0,0.0,0,0.0,0.0,0.0,0,0.0,0,7,4,55.0,0,3.5,7.5,,,76.0,230.0,26.896588235294118,5.0,Mississippi,2019.0,2019.0,SEA,64.0,-9.0,0.17948718
2024,6,00-0035640,D.Metcalf,WR,SEA,SF,0,0,0.0,0,0.0,0.0,0.0,0,0.0,0,11,3,48.0,0,4.8,7.8,,,76.0,230.0,26.896588235294118,5.0,Mississippi,2019.0,2019.0,SEA,64.0,-12.0,0.22916667
2024,7,00-0035640,D.Metcalf,WR,SEA,ATL,0,0,0.0,0,0.0,0.0,0.0,0,0.0,0,7,4,99.0,1,15.9,19.9,,,76.0,230.0,26.896588235294118,5.0,Mississippi,2019.0,2019.0,SEA,64.0,,0.25
2024,11,00-0035640,D.Metcalf,WR,SEA,SF,0,0,0.0,0,0.0,0.0,0.0,0,0.0,0,9,7,70.0,0,7.0,14.0,,,76.0,230.0,26.896588235294118,5.0,Mississippi,2019.0,2019.0,SEA,64.0,,0.29032257
2024,12,00-0035640,D.Metcalf,WR,SEA,ARI,0,0,0.0,0,0.0,0.0,0.0,0,0.0,0,5,4,59.0,0,5.9,9.9,,,76.0,230.0,26.896588235294118,5.0,Mississippi,2019.0,2019.0,SEA,64.0,10.0,0.17857143
2024,13,00-0035640,D.Metcalf,WR,SEA,NYJ,0,0,0.0,0,0.0,0.0,0.0,0,0.0,0,9,4,66.0,0,6.6,10.6,,,76.0,230.0,26.896588235294118,5.0,Mississippi,2019.0,2019.0,SEA,64.0,,0.31034482
2024,14,00-0035640,D.Metcalf,WR,SEA,ARI,0,0,0.0,0,0.0,0.0,0.0,0,0.0,0,6,4,49.0,0,4.9,8.9,,,76.0,230.0,26.896588235294118,5.0,Mississippi,2019.0,2019.0,SEA,64.0,,0.20689656
2024,15,00-0035640,D.Metcalf,WR,SEA,GB,0,0,0.0,0,0.0,0.0,0.0,0,0.0,0,3,3,28.0,0,2.8,5.8,,,76.0,230.0,26.896588235294118,5.0,Mississippi,2019.0,2019.0,SEA,64.0,-17.0,0.09677419
2024,16,00-0035640,D.Metcalf,WR,SEA,MIN,0,0,0.0,0,0.0,0.0,0.0,0,0.0,0,7,3,57.0,1,11.7,14.7,,,76.0,230.0,26.896588235294118,5.0,Mississippi,2019.0,2019.0,SEA,64.0,-3.0,0.16666667
2024,17,00-0035640,D.Metcalf,WR,SEA,CHI,0,0,0.0,0,0.0,0.0,0.0,0,0.0,0,3,3,42.0,0,4.2,7.2,,,76.0,230.0,26.896588235294118,5.0,Mississippi,2019.0,2019.0,SEA,64.0,,0.13636364
2024,18,00-0035640,D.Metcalf,WR,SEA,LA,0,0,0.0,0,0.0,0.0,0.0,0,0.0,0,5,3,53.0,1,11.3,14.3,,,76.0,230.0,26.896588235294118,5.0,Mississippi,2019.0,2019.0,SEA,64.0,,0.18518518
2024,1,00-0035644,N.Fant,TE,SEA,DEN,0,0,0.0,0,0.0,0.0,0.0,0,0.0,0,4,2,11.0,0,1.1,3.1,,,76.0,249.0,26.96229411764706,5.0,Iowa,2019.0,2019.0,DEN,20.0,6.0,0.16
2024,2,00-0035644,N.Fant,TE,SEA,NE,0,0,0.0,0,0.0,0.0,0.0,0,0.0,0,3,1,14.0,0,1.4,2.4,,,76.0,249.0,26.96229411764706,5.0,Iowa,2019.0,2019.0,DEN,20.0,,0.069767445
2024,3,00-0035644,N.Fant,TE,SEA,MIA,0,0,0.0,0,0.0,0.0,0.0,0,0.0,0,6,6,60.0,0,6.0,12.0,,,76.0,249.0,26.96229411764706,5.0,Iowa,2019.0,2019.0,DEN,20.0,21.0,0.18181819
2024,4,00-0035644,N.Fant,TE,SEA,DET,0,0,0.0,0,0.0,0.0,0.0,0,0.0,0,2,2,26.0,0,2.6,4.6,,,76.0,249.0,26.96229411764706,5.0,Iowa,2019.0,2019.0,DEN,20.0,,0.03773585
2024,5,00-0035644,N.Fant,TE,SEA,NYG,0,0,0.0,0,0.0,0.0,0.0,0,0.0,0,3,3,24.0,0,2.4,5.4,,,76.0,249.0,26.96229411764706,5.0,Iowa,2019.0,2019.0,DEN,20.0,-9.0,0.07692308
2024,6,00-0035644,N.Fant,TE,SEA,SF,0,0,0.0,0,0.0,0.0,0.0,0,0.0,0,6,6,63.0,0,6.3,12.3,,,76.0,249.0,26.96229411764706,5.0,Iowa,2019.0,2019.0,DEN,20.0,-12.0,0.125
2024,7,00-0035644,N.Fant,TE,SEA,ATL,0,0,0.0,0,0.0,0.0,0.0,0,0.0,0,4,4,65.0,0,6.5,10.5,,,76.0,249.0,26.96229411764706,5.0,Iowa,2019.0,2019.0,DEN,20.0,,0.14285715
2024,8,00-0035644,N.Fant,TE,SEA,BUF,0,0,0.0,0,0.0,0.0,0.0,0,0.0,0,4,3,22.0,0,2.2,5.2,,,76.0,249.0,26.96229411764706,5.0,Iowa,2019.0,2019.0,DEN,20.0,-21.0,0.14814815
2024,13,00-0035644,N.Fant,TE,SEA,NYJ,0,0,0.0,0,0.0,0.0,0.0,0,0.0,0,4,3,26.0,0,2.6,5.6,,,76.0,249.0,26.96229411764706,5.0,Iowa,2019.0,2019.0,DEN,20.0,,0.13793103
2024,14,00-0035644,N.Fant,TE,SEA,ARI,0,0,0.0,0,0.0,0.0,0.0,0,0.0,0,4,3,18.0,0,1.8,4.8,,,76.0,249.0,26.96229411764706,5.0,Iowa,2019.0,2019.0,DEN,20.0,,0.13793103
2024,15,00-0035644,N.Fant,TE,SEA,GB,0,0,0.0,0,0.0,0.0,0.0,0,0.0,0,7,3,15.0,0,1.5,4.5,,,76.0,249.0,26.96229411764706,5.0,Iowa,2019.0,2019.0,DEN,20.0,-17.0,0.22580644
2024,16,00-0035644,N.Fant,TE,SEA,MIN,0,0,0.0,0,0.0,0.0,0.0,0,0.0,0,6,3,50.0,0,5.0,8.0,,,76.0,249.0,26.96229411764706,5.0,Iowa,2019.0,2019.0,DEN,20.0,-3.0,0.14285715
2024,17,00-0035644,N.Fant,TE,SEA,CHI,0,0,0.0,0,0.0,0.0,0.0,0,0.0,0,5,4,43.0,0,4.3,8.3,,,76.0,249.0,26.96229411764706,5.0,Iowa,2019.0,2019.0,DEN,20.0,,0.22727273
2024,18,00-0035644,N.Fant,TE,SEA,LA,0,0,0.0,0,0.0,0.0,0.0,0,0.0,0,6,5,63.0,1,12.3,17.3,,,76.0,249.0,26.96229411764706,5.0,Iowa,2019.0,2019.0,DEN,20.0,,0.22222222
2024,1,00-0035659,T.McLaurin,WR,WAS,TB,0,0,0.0,0,0.0,0.0,0.0,0,0.0,0,4,2,17.0,0,1.7,3.7,,,72.0,210.0,29.171249999999997,5.0,Ohio State,2019.0,2019.0,WAS,76.0,,0.16666667
2024,2,00-0035659,T.McLaurin,WR,WAS,NYG,0,0,0.0,0,0.0,0.0,0.0,0,0.0,0,8,6,22.0,0,2.2,8.2,,,72.0,210.0,29.171249999999997,5.0,Ohio State,2019.0,2019.0,WAS,76.0,3.0,0.27586207
2024,3,00-0035659,T.McLaurin,WR,WAS,CIN,0,0,0.0,0,0.0,0.0,0.0,0,0.0,0,6,4,100.0,1,16.0,20.0,,,72.0,210.0,29.171249999999997,5.0,Ohio State,2019.0,2019.0,WAS,76.0,,0.26086956
2024,4,00-0035659,T.McLaurin,WR,WAS,ARI,0,0,0.0,0,0.0,0.0,0.0,0,0.0,0,10,7,52.0,1,11.2,18.2,,,72.0,210.0,29.171249999999997,5.0,Ohio State,2019.0,2019.0,WAS,76.0,,0.33333334
2024,5,00-0035659,T.McLaurin,WR,WAS,CLE,0,0,0.0,0,0.0,0.0,0.0,1,2.0,0,8,4,112.0,0,9.4,13.4,,,72.0,210.0,29.171249999999997,5.0,Ohio State,2019.0,2019.0,WAS,76.0,21.0,0.2962963
2024,6,00-0035659,T.McLaurin,WR,WAS,BAL,0,0,0.0,0,0.0,0.0,0.0,1,0.0,0,7,6,53.0,2,17.3,23.3,,,72.0,210.0,29.171249999999997,5.0,Ohio State,2019.0,2019.0,WAS,76.0,,0.21212122
2024,7,00-0035659,T.McLaurin,WR,WAS,CAR,0,0,0.0,0,0.0,0.0,0.0,0,0.0,0,6,6,98.0,0,9.8,15.8,,,72.0,210.0,29.171249999999997,5.0,Ohio State,2019.0,2019.0,WAS,76.0,33.0,0.24
2024,8,00-0035659,T.McLaurin,WR,WAS,CHI,0,0,0.0,0,0.0,0.0,0.0,0,0.0,0,8,5,125.0,0,12.5,17.5,,,72.0,210.0,29.171249999999997,5.0,Ohio State,2019.0,2019.0,WAS,76.0,3.0,0.23529412
2024,9,00-0035659,T.McLaurin,WR,WAS,NYG,0,0,0.0,0,0.0,0.0,0.0,0,0.0,0,3,2,19.0,2,13.9,15.9,,,72.0,210.0,29.171249999999997,5.0,Ohio State,2019.0,2019.0,WAS,76.0,,0.15789473
2024,10,00-0035659,T.McLaurin,WR,WAS,PIT,0,0,0.0,0,0.0,0.0,0.0,0,0.0,0,6,5,113.0,0,11.3,16.3,,,72.0,210.0,29.171249999999997,5.0,Ohio State,2019.0,2019.0,WAS,76.0,-1.0,0.1875
2024,11,00-0035659,T.McLaurin,WR,WAS,PHI,0,0,0.0,0,0.0,0.0,0.0,0,0.0,0,2,1,10.0,0,1.0,2.0,,,72.0,210.0,29.171249999999997,5.0,Ohio State,2019.0,2019.0,WAS,76.0,,0.0625
2024,12,00-0035659,T.McLaurin,WR,WAS,DAL,0,0,0.0,0,0.0,0.0,0.0,0,0.0,0,6,5,102.0,1,16.2,21.2,,,72.0,210.0,29.171249999999997,5.0,Ohio State,2019.0,2019.0,WAS,76.0,-8.0,0.1764706
2024,13,00-0035659,T.McLaurin,WR,WAS,TEN,0,0,0.0,0,0.0,0.0,0.0,0,0.0,0,8,8,73.0,2,19.3,27.3,,,72.0,210.0,29.171249999999997,5.0,Ohio State,2019.0,2019.0,WAS,76.0,23.0,0.26666668
2024,15,00-0035659,T.McLaurin,WR,WAS,NO,0,0,0.0,0,0.0,0.0,0.0,0,0.0,0,10,7,73.0,2,19.3,26.3,,,72.0,210.0,29.171249999999997,5.0,Ohio State,2019.0,2019.0,WAS,76.0,,0.32258064
2024,16,00-0035659,T.McLaurin,WR,WAS,PHI,0,0,0.0,0,0.0,0.0,0.0,0,0.0,0,6,5,60.0,1,12.0,17.0,,,72.0,210.0,29.171249999999997,5.0,Ohio State,2019.0,2019.0,WAS,76.0,3.0,0.16666667
2024,17,00-0035659,T.McLaurin,WR,WAS,ATL,0,0,0.0,0,0.0,0.0,0.0,0,0.0,0,7,1,5.0,0,0.5,1.5,,,72.0,210.0,29.171249999999997,5.0,Ohio State,2019.0,2019.0,WAS,76.0,6.0,0.2
2024,18,00-0035659,T.McLaurin,WR,WAS,DAL,0,0,0.0,0,0.0,0.0,0.0,0,0.0,0,12,8,62.0,1,12.2,20.2,,,72.0,210.0,29.171249999999997,5.0,Ohio State,2019.0,2019.0,WAS,76.0,,0.4
2024,19,00-0035659,T.McLaurin,WR,WAS,TB,0,0,0.0,0,0.0,0.0,0.0,0,0.0,0,10,7,89.0,1,14.9,21.9,,,72.0,210.0,29.171249999999997,5.0,Ohio State,2019.0,2019.0,WAS,76.0,,0.3125
2024,20,00-0035659,T.McLaurin,WR,WAS,DET,0,0,0.0,0,0.0,0.0,0.0,0,0.0,0,6,4,87.0,1,14.7,18.7,,,72.0,210.0,29.171249999999997,5.0,Ohio State,2019.0,2019.0,WAS,76.0,,0.20689656
2024,21,00-0035659,T.McLaurin,WR,WAS,PHI,0,0,0.0,0,0.0,0.0,0.0,0,0.0,0,7,3,51.0,1,11.1,14.1,,,72.0,210.0,29.171249999999997,5.0,Ohio State,2019.0,2019.0,WAS,76.0,,0.14893617
2024,16,00-0035662,M.Brown,WR,KC,HOU,0,0,0.0,0,0.0,0.0,0.0,0,0.0,0,8,5,45.0,0,4.5,9.5,,,69.0,170.0,27.4626,5.0,Oklahoma,2019.0,2019.0,BAL,25.0,8.0,0.19512194
2024,17,00-0035662,M.Brown,WR,KC,PIT,0,0,0.0,0,0.0,0.0,0.0,0,0.0,0,7,4,46.0,0,4.6,8.6,,,69.0,170.0,27.4626,5.0,Oklahoma,2019.0,2019.0,BAL,25.0,,0.18421052
2024,20,00-0035662,M.Brown,WR,KC,HOU,0,0,0.0,0,0.0,0.0,0.0,0,0.0,0,2,0,0.0,0,0.0,0.0,,,69.0,170.0,27.4626,5.0,Oklahoma,2019.0,2019.0,BAL,25.0,9.0,0.083333336
2024,21,00-0035662,M.Brown,WR,KC,BUF,0,0,0.0,0,0.0,0.0,0.0,0,0.0,0,5,3,35.0,0,3.5,6.5,,,69.0,170.0,27.4626,5.0,Oklahoma,2019.0,2019.0,BAL,25.0,3.0,0.2
2024,22,00-0035662,M.Brown,WR,KC,PHI,0,0,0.0,0,0.0,0.0,0.0,0,0.0,0,6,2,15.0,0,1.5,3.5,,,69.0,170.0,27.4626,5.0,Oklahoma,2019.0,2019.0,BAL,25.0,,0.1875
2024,1,00-0035676,A.Brown,WR,PHI,GB,0,0,0.0,0,0.0,0.0,0.0,0,0.0,0,10,5,119.0,1,17.9,22.9,,,73.0,226.0,27.399857142857144,5.0,Mississippi,2019.0,2019.0,TEN,51.0,5.0,0.3448276
2024,6,00-0035676,A.Brown,WR,PHI,CLE,0,0,0.0,0,0.0,0.0,0.0,0,0.0,0,9,6,116.0,1,17.6,23.6,,,73.0,226.0,27.399857142857144,5.0,Mississippi,2019.0,2019.0,TEN,51.0,4.0,0.375
2024,7,00-0035676,A.Brown,WR,PHI,NYG,0,0,0.0,0,0.0,0.0,0.0,0,0.0,0,5,5,89.0,1,14.9,19.9,,,73.0,226.0,27.399857142857144,5.0,Mississippi,2019.0,2019.0,TEN,51.0,,0.35714287
2024,8,00-0035676,A.Brown,WR,PHI,CIN,0,0,0.0,0,0.0,0.0,0.0,0,0.0,0,6,5,84.0,0,8.4,13.4,,,73.0,226.0,27.399857142857144,5.0,Mississippi,2019.0,2019.0,TEN,51.0,,0.31578946
2024,9,00-0035676,A.Brown,WR,PHI,JAX,0,0,0.0,0,0.0,0.0,0.0,0,0.0,0,4,2,36.0,0,3.6,5.6,,,73.0,226.0,27.399857142857144,5.0,Mississippi,2019.0,2019.0,TEN,51.0,5.0,0.17391305
2024,10,00-0035676,A.Brown,WR,PHI,DAL,0,0,0.0,0,0.0,0.0,0.0,0,0.0,0,7,5,109.0,0,10.9,15.9,,,73.0,226.0,27.399857142857144,5.0,Mississippi,2019.0,2019.0,TEN,51.0,,0.35
2024,11,00-0035676,A.Brown,WR,PHI,WAS,0,0,0.0,0,0.0,0.0,0.0,0,0.0,0,8,5,65.0,0,6.5,11.5,,,73.0,226.0,27.399857142857144,5.0,Mississippi,2019.0,2019.0,TEN,51.0,8.0,0.32
2024,12,00-0035676,A.Brown,WR,PHI,LA,0,0,0.0,0,0.0,0.0,0.0,0,0.0,0,7,6,109.0,1,16.9,22.9,,,73.0,226.0,27.399857142857144,5.0,Mississippi,2019.0,2019.0,TEN,51.0,,0.36842105
2024,13,00-0035676,A.Brown,WR,PHI,BAL,0,0,0.0,0,0.0,0.0,0.0,0,0.0,0,6,5,66.0,0,6.6,11.6,,,73.0,226.0,27.399857142857144,5.0,Mississippi,2019.0,2019.0,TEN,51.0,,0.3529412
2024,14,00-0035676,A.Brown,WR,PHI,CAR,0,0,0.0,0,0.0,0.0,0.0,0,0.0,0,4,4,43.0,0,4.3,8.3,,,73.0,226.0,27.399857142857144,5.0,Mississippi,2019.0,2019.0,TEN,51.0,6.0,0.21052632
2024,15,00-0035676,A.Brown,WR,PHI,PIT,0,0,0.0,0,0.0,0.0,0.0,0,0.0,0,11,8,110.0,1,17.0,25.0,,,73.0,226.0,27.399857142857144,5.0,Mississippi,2019.0,2019.0,TEN,51.0,14.0,0.3548387
2024,16,00-0035676,A.Brown,WR,PHI,WAS,0,0,0.0,0,0.0,0.0,0.0,0,0.0,0,15,8,97.0,1,15.7,23.7,,,73.0,226.0,27.399857142857144,5.0,Mississippi,2019.0,2019.0,TEN,51.0,,0.6
2024,17,00-0035676,A.Brown,WR,PHI,DAL,0,0,0.0,0,0.0,0.0,0.0,0,0.0,0,5,3,36.0,1,9.6,12.6,,,73.0,226.0,27.399857142857144,5.0,Mississippi,2019.0,2019.0,TEN,51.0,34.0,0.2777778
2024,19,00-0035676,A.Brown,WR,PHI,GB,0,0,0.0,0,0.0,0.0,0.0,0,0.0,0,3,1,10.0,0,1.0,2.0,,,73.0,226.0,27.399857142857144,5.0,Mississippi,2019.0,2019.0,TEN,51.0,12.0,0.16666667
2024,20,00-0035676,A.Brown,WR,PHI,LA,0,0,0.0,0,0.0,0.0,0.0,0,0.0,0,7,2,14.0,0,1.4,3.4,,,73.0,226.0,27.399857142857144,5.0,Mississippi,2019.0,2019.0,TEN,51.0,6.0,0.35
2024,21,00-0035676,A.Brown,WR,PHI,WAS,0,0,0.0,0,0.0,0.0,0.0,0,0.0,0,8,6,96.0,1,15.6,21.6,,,73.0,226.0,27.399857142857144,5.0,Mississippi,2019.0,2019.0,TEN,51.0,32.0,0.33333334
2024,22,00-0035676,A.Brown,WR,PHI,KC,0,0,0.0,0,0.0,0.0,0.0,0,0.0,0,5,3,43.0,1,10.3,13.3,,,73.0,226.0,27.399857142857144,5.0,Mississippi,2019.0,2019.0,TEN,51.0,18.0,0.2173913
2024,1,00-0035685,D.Montgomery,RB,DET,LA,0,0,0.0,0,0.0,0.0,0.0,17,91.0,1,1,1,2.0,0,15.3,16.3,,,71.0,222.0,27.433444444444447,5.0,Iowa State,2019.0,2019.0,CHI,73.0,6.0,0.035714287
2024,2,00-0035685,D.Montgomery,RB,DET,TB,0,0,0.0,0,0.0,0.0,0.0,11,35.0,1,4,4,35.0,0,13.0,17.0,,,71.0,222.0,27.433444444444447,5.0,Iowa State,2019.0,2019.0,CHI,73.0,-4.0,0.0754717
2024,3,00-0035685,D.Montgomery,RB,DET,ARI,0,0,0.0,0,0.0,0.0,0.0,23,105.0,1,3,3,17.0,0,18.2,21.2,,,71.0,222.0,27.433444444444447,5.0,Iowa State,2019.0,2019.0,CHI,73.0,,0.13636364
2024,4,00-0035685,D.Montgomery,RB,DET,SEA,0,0,0.0,0,0.0,0.0,0.0,12,40.0,1,1,1,40.0,0,14.0,15.0,,,71.0,222.0,27.433444444444447,5.0,Iowa State,2019.0,2019.0,CHI,73.0,13.0,0.05263158
2024,6,00-0035685,D.Montgomery,RB,DET,DAL,0,0,0.0,0,0.0,0.0,0.0,12,80.0,2,1,1,0.0,0,20.0,21.0,,,71.0,222.0,27.433444444444447,5.0,Iowa State,2019.0,2019.0,CHI,73.0,,0.037037037
2024,7,00-0035685,D.Montgomery,RB,DET,MIN,0,0,0.0,0,0.0,0.0,0.0,9,31.0,0,4,3,39.0,0,5.0,8.0,,,71.0,222.0,27.433444444444447,5.0,Iowa State,2019.0,2019.0,CHI,73.0,,0.16
2024,8,00-0035685,D.Montgomery,RB,DET,TEN,1,1,3.0,1,0.0,0.0,-0.0,9,33.0,1,1,1,5.0,0,13.92,14.92,,,71.0,222.0,27.433444444444447,5.0,Iowa State,2019.0,2019.0,CHI,73.0,38.0,0.055555556
2024,9,00-0035685,D.Montgomery,RB,DET,GB,0,0,0.0,0,0.0,0.0,0.0,17,73.0,0,3,3,23.0,0,9.6,12.6,,,71.0,222.0,27.433444444444447,5.0,Iowa State,2019.0,2019.0,CHI,73.0,,0.15
2024,10,00-0035685,D.Montgomery,RB,DET,HOU,0,0,0.0,0,0.0,0.0,0.0,12,32.0,1,2,1,24.0,0,11.6,12.6,,,71.0,222.0,27.433444444444447,5.0,Iowa State,2019.0,2019.0,CHI,73.0,,0.083333336
2024,11,00-0035685,D.Montgomery,RB,DET,JAX,0,0,0.0,0,0.0,0.0,0.0,15,75.0,2,3,3,20.0,0,21.5,24.5,,,71.0,222.0,27.433444444444447,5.0,Iowa State,2019.0,2019.0,CHI,73.0,46.0,0.09677419
2024,12,00-0035685,D.Montgomery,RB,DET,IND,0,0,0.0,0,0.0,0.0,0.0,8,37.0,1,3,3,36.0,0,13.3,16.3,,,71.0,222.0,27.433444444444447,5.0,Iowa State,2019.0,2019.0,CHI,73.0,,0.09090909
2024,13,00-0035685,D.Montgomery,RB,DET,CHI,0,0,0.0,0,0.0,0.0,0.0,21,88.0,0,3,3,36.0,0,12.4,15.4,,,71.0,222.0,27.433444444444447,5.0,Iowa State,2019.0,2019.0,CHI,73.0,3.0,0.09677419
2024,14,00-0035685,D.Montgomery,RB,DET,GB,0,0,0.0,0,0.0,0.0,0.0,14,51.0,1,5,5,33.0,0,14.4,19.4,,,71.0,222.0,27.433444444444447,5.0,Iowa State,2019.0,2019.0,CHI,73.0,3.0,0.125
2024,15,00-0035685,D.Montgomery,RB,DET,BUF,0,0,0.0,0,0.0,0.0,0.0,5,4.0,0,4,4,31.0,0,3.5,7.5,,,71.0,222.0,27.433444444444447,5.0,Iowa State,2019.0,2019.0,CHI,73.0,-6.0,0.074074075
2024,20,00-0035685,D.Montgomery,RB,DET,WAS,1,1,20.0,0,0.0,0.0,-0.0,7,28.0,0,0,0,0.0,0,3.6,3.6,,,71.0,222.0,27.433444444444447,5.0,Iowa State,2019.0,2019.0,CHI,73.0,-14.0,
2024,1,00-0035689,D.Knox,TE,BUF,ARI,0,0,0.0,0,0.0,0.0,0.0,0,0.0,0,2,1,23.0,0,2.3,3.3,,,76.0,254.0,28.00725,5.0,Mississippi,2019.0,2019.0,BUF,96.0,6.0,0.08695652
2024,3,00-0035689,D.Knox,TE,BUF,JAX,0,0,0.0,0,0.0,0.0,0.0,0,0.0,0,2,1,7.0,0,0.7,1.7,,,76.0,254.0,28.00725,5.0,Mississippi,2019.0,2019.0,BUF,96.0,37.0,0.06666667
2024,4,00-0035689,D.Knox,TE,BUF,BAL,0,0,0.0,0,0.0,0.0,0.0,0,0.0,0,1,1,0.0,0,0.0,1.0,,,76.0,254.0,28.00725,5.0,Mississippi,2019.0,2019.0,BUF,96.0,,0.037037037
2024,6,00-0035689,D.Knox,TE,BUF,NYJ,0,0,0.0,0,0.0,0.0,0.0,0,0.0,0,1,1,12.0,1,7.2,8.2,,,76.0,254.0,28.00725,5.0,Mississippi,2019.0,2019.0,BUF,96.0,,0.04347826
2024,7,00-0035689,D.Knox,TE,BUF,TEN,0,0,0.0,0,0.0,0.0,0.0,0,0.0,0,3,1,5.0,0,0.5,1.5,,,76.0,254.0,28.00725,5.0,Mississippi,2019.0,2019.0,BUF,96.0,24.0,0.09375
2024,8,00-0035689,D.Knox,TE,BUF,SEA,0,0,0.0,0,0.0,0.0,0.0,0,0.0,0,2,2,50.0,0,5.0,7.0,,,76.0,254.0,28.00725,5.0,Mississippi,2019.0,2019.0,BUF,96.0,,0.0625
2024,9,00-0035689,D.Knox,TE,BUF,MIA,0,0,0.0,0,0.0,0.0,0.0,0,0.0,0,2,1,5.0,0,0.5,1.5,,,76.0,254.0,28.00725,5.0,Mississippi,2019.0,2019.0,BUF,96.0,3.0,0.055555556
2024,10,00-0035689,D.Knox,TE,BUF,IND,0,0,0.0,0,0.0,0.0,0.0,0,0.0,0,3,2,40.0,0,4.0,6.0,,,76.0,254.0,28.00725,5.0,Mississippi,2019.0,2019.0,BUF,96.0,,0.08571429
2024,11,00-0035689,D.Knox,TE,BUF,KC,0,0,0.0,0,0.0,0.0,0.0,0,0.0,0,6,4,40.0,0,4.0,8.0,,,76.0,254.0,28.00725,5.0,Mississippi,2019.0,2019.0,BUF,96.0,9.0,0.15789473
2024,13,00-0035689,D.Knox,TE,BUF,SF,0,0,0.0,0,0.0,0.0,0.0,0,0.0,0,2,2,56.0,0,5.6,7.6,,,76.0,254.0,28.00725,5.0,Mississippi,2019.0,2019.0,BUF,96.0,25.0,0.11111111
2024,14,00-0035689,D.Knox,TE,BUF,LA,0,0,0.0,0,0.0,0.0,0.0,0,0.0,0,1,1,5.0,0,0.5,1.5,,,76.0,254.0,28.00725,5.0,Mississippi,2019.0,2019.0,BUF,96.0,,0.027027028
2024,15,00-0035689,D.Knox,TE,BUF,DET,0,0,0.0,0,0.0,0.0,0.0,0,0.0,0,3,2,42.0,0,4.2,6.2,,,76.0,254.0,28.00725,5.0,Mississippi,2019.0,2019.0,BUF,96.0,,0.09375
2024,16,00-0035689,D.Knox,TE,BUF,NE,0,0,0.0,0,0.0,0.0,0.0,0,0.0,0,2,2,22.0,0,2.2,4.2,,,76.0,254.0,28.00725,5.0,Mississippi,2019.0,2019.0,BUF,96.0,3.0,0.074074075
2024,17,00-0035689,D.Knox,TE,BUF,NYJ,0,0,0.0,0,0.0,0.0,0.0,0,0.0,0,3,1,4.0,0,0.4,1.4,,,76.0,254.0,28.00725,5.0,Mississippi,2019.0,2019.0,BUF,96.0,26.0,0.11111111
2024,19,00-0035689,D.Knox,TE,BUF,DEN,0,0,0.0,0,0.0,0.0,0.0,0,0.0,0,3,2,38.0,0,3.8,5.8,,,76.0,254.0,28.00725,5.0,Mississippi,2019.0,2019.0,BUF,96.0,24.0,0.12
2024,20,00-0035689,D.Knox,TE,BUF,BAL,0,0,0.0,0,0.0,0.0,0.0,0,0.0,0,2,1,0.0,0,0.0,1.0,,,76.0,254.0,28.00725,5.0,Mississippi,2019.0,2019.0,BUF,96.0,2.0,0.0952381
2024,21,00-0035689,D.Knox,TE,BUF,KC,0,0,0.0,0,0.0,0.0,0.0,0,0.0,0,1,1,7.0,0,0.7,1.7,,,76.0,254.0,28.00725,5.0,Mississippi,2019.0,2019.0,BUF,96.0,,0.032258064
2024,1,00-0035700,J.Jacobs,RB,GB,PHI,0,0,0.0,0,0.0,0.0,0.0,16,84.0,0,3,2,20.0,0,10.4,12.4,,,70.0,220.0,26.745,5.0,Alabama,2019.0,2019.0,OAK,24.0,,0.09375
2024,2,00-0035700,J.Jacobs,RB,GB,IND,0,0,0.0,0,0.0,0.0,0.0,32,151.0,0,0,0,0.0,0,13.1,13.1,,,70.0,220.0,26.745,5.0,Alabama,2019.0,2019.0,OAK,24.0,6.0,
2024,3,00-0035700,J.Jacobs,RB,GB,TEN,0,0,0.0,0,0.0,0.0,0.0,14,43.0,0,1,1,5.0,0,4.8,5.8,,,70.0,220.0,26.745,5.0,Alabama,2019.0,2019.0,OAK,24.0,,0.05263158
2024,4,00-0035700,J.Jacobs,RB,GB,MIN,0,0,0.0,0,0.0,0.0,0.0,9,51.0,0,6,4,27.0,0,7.8,11.8,,,70.0,220.0,26.745,5.0,Alabama,2019.0,2019.0,OAK,24.0,-2.0,0.11111111
2024,5,00-0035700,J.Jacobs,RB,GB,LA,0,0,0.0,0,0.0,0.0,0.0,19,73.0,1,1,1,21.0,0,15.4,16.4,,,70.0,220.0,26.745,5.0,Alabama,2019.0,2019.0,OAK,24.0,,0.04
2024,6,00-0035700,J.Jacobs,RB,GB,ARI,0,0,0.0,0,0.0,0.0,0.0,18,62.0,0,3,3,28.0,0,9.0,12.0,,,70.0,220.0,26.745,5.0,Alabama,2019.0,2019.0,OAK,24.0,21.0,0.09677419
2024,7,00-0035700,J.Jacobs,RB,GB,HOU,0,0,0.0,0,0.0,0.0,0.0,12,76.0,0,5,5,16.0,1,15.2,20.2,,,70.0,220.0,26.745,5.0,Alabama,2019.0,2019.0,OAK,24.0,2.0,0.15151516
2024,8,00-0035700,J.Jacobs,RB,GB,JAX,0,0,0.0,0,0.0,0.0,0.0,25,127.0,2,2,1,-2.0,0,24.5,25.5,,,70.0,220.0,26.745,5.0,Alabama,2019.0,2019.0,OAK,24.0,,0.074074075
2024,9,00-0035700,J.Jacobs,RB,GB,DET,0,0,0.0,0,0.0,0.0,0.0,13,95.0,0,3,2,13.0,0,10.8,12.8,,,70.0,220.0,26.745,5.0,Alabama,2019.0,2019.0,OAK,24.0,-10.0,0.08108108
2024,11,00-0035700,J.Jacobs,RB,GB,CHI,0,0,0.0,0,0.0,0.0,0.0,18,76.0,1,5,4,58.0,0,19.4,23.4,,,70.0,220.0,26.745,5.0,Alabama,2019.0,2019.0,OAK,24.0,,0.29411766
2024,12,00-0035700,J.Jacobs,RB,GB,SF,0,0,0.0,0,0.0,0.0,0.0,26,106.0,3,1,0,0.0,0,28.6,28.6,,,70.0,220.0,26.745,5.0,Alabama,2019.0,2019.0,OAK,24.0,28.0,0.045454547
2024,13,00-0035700,J.Jacobs,RB,GB,MIA,0,0,0.0,0,0.0,0.0,0.0,19,43.0,1,4,4,74.0,0,17.7,21.7,,,70.0,220.0,26.745,5.0,Alabama,2019.0,2019.0,OAK,24.0,13.0,0.14285715
2024,14,00-0035700,J.Jacobs,RB,GB,DET,0,0,0.0,0,0.0,0.0,0.0,18,66.0,3,0,0,0.0,0,24.6,24.6,,,70.0,220.0,26.745,5.0,Alabama,2019.0,2019.0,OAK,24.0,,
2024,15,00-0035700,J.Jacobs,RB,GB,SEA,0,0,0.0,0,0.0,0.0,0.0,26,94.0,1,4,4,42.0,0,17.6,21.6,,,70.0,220.0,26.745,5.0,Alabama,2019.0,2019.0,OAK,24.0,,0.15384616
2024,16,00-0035700,J.Jacobs,RB,GB,NO,0,0,0.0,0,0.0,0.0,0.0,13,69.0,1,4,4,38.0,0,16.7,20.7,,,70.0,220.0,26.745,5.0,Alabama,2019.0,2019.0,OAK,24.0,34.0,0.14814815
2024,17,00-0035700,J.Jacobs,RB,GB,MIN,0,0,0.0,0,0.0,0.0,0.0,17,69.0,1,0,0,0.0,0,10.9,10.9,,,70.0,220.0,26.745,5.0,Alabama,2019.0,2019.0,OAK,24.0,,
2024,18,00-0035700,J.Jacobs,RB,GB,CHI,0,0,0.0,0,0.0,0.0,0.0,6,44.0,1,1,1,2.0,0,10.6,11.6,,,70.0,220.0,26.745,5.0,Alabama,2019.0,2019.0,OAK,24.0,-2.0,0.04
2024,19,00-0035700,J.Jacobs,RB,GB,PHI,0,0,0.0,0,0.0,0.0,0.0,18,81.0,1,3,3,40.0,0,18.1,21.1,,,70.0,220.0,26.745,5.0,Alabama,2019.0,2019.0,OAK,24.0,,0.09090909
2024,7,00-0035704,D.Lock,QB,NYG,PHI,3,8,6.0,0,0.0,1.0,6.0,1,13.0,0,0,0,0.0,0,1.54,1.54,,,76.0,228.0,27.98794117647059,5.0,Missouri,2019.0,2019.0,DEN,42.0,-25.0,
2024,12,00-0035704,D.Lock,QB,NYG,TB,1,1,3.0,0,0.0,0.0,-0.0,0,0.0,0,0,0,0.0,0,0.12,0.12,,,76.0,228.0,27.98794117647059,5.0,Missouri,2019.0,2019.0,DEN,42.0,-23.0,
2024,13,00-0035704,D.Lock,QB,NYG,DAL,21,32,178.0,0,1.0,6.0,47.0,4,57.0,1,0,0,0.0,0,14.82,14.82,,,76.0,228.0,27.98794117647059,5.0,Missouri,2019.0,2019.0,DEN,42.0,,
2024,14,00-0035704,D.Lock,QB,NYG,NO,21,49,227.0,0,1.0,2.0,14.0,5,59.0,0,0,0,0.0,0,14.98,14.98,,,76.0,228.0,27.98794117647059,5.0,Missouri,2019.0,2019.0,DEN,42.0,-3.0,
2024,16,00-0035704,D.Lock,QB,NYG,ATL,22,39,210.0,1,2.0,3.0,21.0,1,1.0,0,0,0,0.0,0,6.5,6.5,,,76.0,228.0,27.98794117647059,5.0,Missouri,2019.0,2019.0,DEN,42.0,,
2024,17,00-0035704,D.Lock,QB,NYG,IND,17,23,309.0,4,0.0,0.0,-0.0,5,0.0,1,0,0,0.0,0,34.36,34.36,,,76.0,228.0,27.98794117647059,5.0,Missouri,2019.0,2019.0,DEN,42.0,12.0,
2024,18,00-0035704,D.Lock,QB,NYG,PHI,22,29,138.0,1,1.0,0.0,-0.0,2,3.0,0,0,0,0.0,0,7.82,7.82,,,76.0,228.0,27.98794117647059,5.0,Missouri,2019.0,2019.0,DEN,42.0,,
2024,1,00-0035710,D.Jones,QB,NYG,MIN,22,42,186.0,0,2.0,5.0,20.0,6,15.0,0,0,0,0.0,0,4.94,4.94,,,77.0,220.0,27.456777777777777,5.0,Duke,2019.0,2019.0,NYG,6.0,-22.0,
2024,2,00-0035710,D.Jones,QB,NYG,WAS,16,28,178.0,2,0.0,1.0,3.0,5,32.0,0,0,0,0.0,0,18.32,18.32,,,77.0,220.0,27.456777777777777,5.0,Duke,2019.0,2019.0,NYG,6.0,,
2024,3,00-0035710,D.Jones,QB,NYG,CLE,24,34,236.0,2,0.0,2.0,8.0,8,20.0,0,0,0,0.0,0,19.44,19.44,,,77.0,220.0,27.456777777777777,5.0,Duke,2019.0,2019.0,NYG,6.0,,
2024,4,00-0035710,D.Jones,QB,NYG,DAL,29,40,281.0,0,1.0,1.0,4.0,4,3.0,0,0,0,0.0,0,9.54,9.54,,,77.0,220.0,27.456777777777777,5.0,Duke,2019.0,2019.0,NYG,6.0,-5.0,
2024,5,00-0035710,D.Jones,QB,NYG,SEA,23,34,257.0,2,0.0,3.0,12.0,11,38.0,0,0,0,0.0,0,22.08,22.08,,,77.0,220.0,27.456777777777777,5.0,Duke,2019.0,2019.0,NYG,6.0,,
2024,6,00-0035710,D.Jones,QB,NYG,CIN,22,41,205.0,0,1.0,2.0,15.0,11,56.0,0,0,0,0.0,0,11.8,11.8,,,77.0,220.0,27.456777777777777,5.0,Duke,2019.0,2019.0,NYG,6.0,-10.0,
2024,7,00-0035710,D.Jones,QB,NYG,PHI,14,21,99.0,0,0.0,7.0,56.0,5,20.0,0,0,0,0.0,0,5.96,5.96,,,77.0,220.0,27.456777777777777,5.0,Duke,2019.0,2019.0,NYG,6.0,-25.0,
2024,8,00-0035710,D.Jones,QB,NYG,PIT,24,38,264.0,0,1.0,4.0,27.0,3,1.0,0,0,0,0.0,0,6.66,6.66,,,77.0,220.0,27.456777777777777,5.0,Duke,2019.0,2019.0,NYG,6.0,,
2024,9,00-0035710,D.Jones,QB,NYG,WAS,20,26,174.0,2,0.0,2.0,12.0,7,54.0,1,0,0,0.0,0,24.36,24.36,,,77.0,220.0,27.456777777777777,5.0,Duke,2019.0,2019.0,NYG,6.0,-5.0,
2024,10,00-0035710,D.Jones,QB,NYG,CAR,22,37,190.0,0,2.0,2.0,15.0,7,26.0,1,0,0,0.0,0,12.2,12.2,,,77.0,220.0,27.456777777777777,5.0,Duke,2019.0,2019.0,NYG,6.0,,
2024,1,00-0035719,D.Samuel,WR,SF,NYJ,0,0,0.0,0,0.0,1.0,4.0,8,23.0,1,9,5,54.0,0,13.7,18.7,,,72.0,214.0,28.81170588235294,5.0,South Carolina,2019.0,2019.0,SF,36.0,13.0,0.31034482
2024,2,00-0035719,D.Samuel,WR,SF,MIN,0,0,0.0,0,0.0,0.0,0.0,2,-10.0,0,10,8,110.0,0,10.0,18.0,,,72.0,214.0,28.81170588235294,5.0,South Carolina,2019.0,2019.0,SF,36.0,,0.2777778
2024,4,00-0035719,D.Samuel,WR,SF,NE,0,0,0.0,0,0.0,0.0,0.0,2,14.0,0,5,3,58.0,0,7.2,10.2,,,72.0,214.0,28.81170588235294,5.0,South Carolina,2019.0,2019.0,SF,36.0,17.0,0.1923077
2024,5,00-0035719,D.Samuel,WR,SF,ARI,0,0,0.0,0,0.0,0.0,0.0,3,9.0,0,3,1,11.0,0,2.0,3.0,,,72.0,214.0,28.81170588235294,5.0,South Carolina,2019.0,2019.0,SF,36.0,-1.0,0.09375
2024,6,00-0035719,D.Samuel,WR,SF,SEA,0,0,0.0,0,0.0,0.0,0.0,4,15.0,0,5,3,102.0,1,17.7,20.7,,,72.0,214.0,28.81170588235294,5.0,South Carolina,2019.0,2019.0,SF,36.0,,0.18518518
2024,8,00-0035719,D.Samuel,WR,SF,DAL,0,0,0.0,0,0.0,0.0,0.0,4,15.0,0,7,4,71.0,0,8.6,12.6,,,72.0,214.0,28.81170588235294,5.0,South Carolina,2019.0,2019.0,SF,36.0,6.0,0.28
2024,10,00-0035719,D.Samuel,WR,SF,TB,0,0,0.0,0,0.0,0.0,0.0,3,14.0,0,6,5,62.0,0,7.6,12.6,,,72.0,214.0,28.81170588235294,5.0,South Carolina,2019.0,2019.0,SF,36.0,,0.1764706
2024,11,00-0035719,D.Samuel,WR,SF,SEA,0,0,0.0,0,0.0,0.0,0.0,1,-1.0,0,7,4,22.0,0,2.1,6.1,,,72.0,214.0,28.81170588235294,5.0,South Carolina,2019.0,2019.0,SF,36.0,-3.0,0.25
2024,12,00-0035719,D.Samuel,WR,SF,GB,0,0,0.0,0,0.0,0.0,0.0,0,0.0,0,4,1,21.0,0,2.1,3.1,,,72.0,214.0,28.81170588235294,5.0,South Carolina,2019.0,2019.0,SF,36.0,,0.15384616
2024,13,00-0035719,D.Samuel,WR,SF,BUF,0,0,0.0,0,0.0,0.0,0.0,0,0.0,0,5,4,20.0,0,2.0,6.0,,,72.0,214.0,28.81170588235294,5.0,South Carolina,2019.0,2019.0,SF,36.0,,0.29411766
2024,14,00-0035719,D.Samuel,WR,SF,CHI,0,0,0.0,0,0.0,0.0,0.0,5,13.0,0,3,2,22.0,0,3.5,5.5,,,72.0,214.0,28.81170588235294,5.0,South Carolina,2019.0,2019.0,SF,36.0,25.0,0.115384616
2024,15,00-0035719,D.Samuel,WR,SF,LA,0,0,0.0,0,0.0,0.0,0.0,2,3.0,0,7,3,16.0,0,1.9,4.9,,,72.0,214.0,28.81170588235294,5.0,South Carolina,2019.0,2019.0,SF,36.0,-6.0,0.22580644
2024,16,00-0035719,D.Samuel,WR,SF,MIA,0,0,0.0,0,0.0,0.0,0.0,5,25.0,0,9,7,96.0,1,18.1,25.1,,,72.0,214.0,28.81170588235294,5.0,South Carolina,2019.0,2019.0,SF,36.0,,0.24324325
2024,17,00-0035719,D.Samuel,WR,SF,DET,0,0,0.0,0,0.0,0.0,0.0,3,16.0,0,1,1,5.0,1,8.1,9.1,,,72.0,214.0,28.81170588235294,5.0,South Carolina,2019.0,2019.0,SF,36.0,-6.0,0.027777778
2024,10,00-0035795,J.Pierre,CB,PIT,WAS,0,0,0.0,0,0.0,0.0,0.0,0,0.0,0,1,0,0.0,0,0.0,0.0,,,74.0,185.0,28.15929411764706,4.0,Florida Atlantic,2020.0,2020.0,,,,0.03846154
2024,2,00-0035806,J.Hasty,RB,NE,SEA,0,0,0.0,0,0.0,0.0,0.0,1,2.0,0,0,0,0.0,0,0.2,0.2,,,68.0,205.0,28.14629411764706,4.0,Baylor,2020.0,2020.0,,,-3.0,
2024,3,00-0035806,J.Hasty,RB,NE,NYJ,0,0,0.0,0,0.0,0.0,0.0,1,5.0,0,0,0,0.0,0,0.5,0.5,,,68.0,205.0,28.14629411764706,4.0,Baylor,2020.0,2020.0,,,,
2024,4,00-0035806,J.Hasty,RB,NE,SF,0,0,0.0,0,0.0,0.0,0.0,3,15.0,0,1,0,0.0,0,1.5,1.5,,,68.0,205.0,28.14629411764706,4.0,Baylor,2020.0,2020.0,,,,0.03125
2024,6,00-0035806,J.Hasty,RB,NE,HOU,0,0,0.0,0,0.0,0.0,0.0,3,12.0,0,2,1,9.0,0,2.1,3.1,,,68.0,205.0,28.14629411764706,4.0,Baylor,2020.0,2020.0,,,-20.0,0.06451613
2024,7,00-0035806,J.Hasty,RB,NE,JAX,0,0,0.0,0,0.0,0.0,0.0,2,-2.0,0,5,5,49.0,1,10.7,15.7,,,68.0,205.0,28.14629411764706,4.0,Baylor,2020.0,2020.0,,,,0.1388889
2024,9,00-0035806,J.Hasty,RB,NE,TEN,0,0,0.0,0,0.0,0.0,0.0,1,0.0,0,1,1,-3.0,0,-0.3,0.7,,,68.0,205.0,28.14629411764706,4.0,Baylor,2020.0,2020.0,,,,0.025641026
2024,10,00-0035806,J.Hasty,RB,NE,CHI,0,0,0.0,0,0.0,0.0,0.0,6,20.0,0,1,1,4.0,0,2.4,3.4,,,68.0,205.0,28.14629411764706,4.0,Baylor,2020.0,2020.0,,,,0.04347826
2024,11,00-0035806,J.Hasty,RB,NE,LA,0,0,0.0,0,0.0,0.0,0.0,2,2.0,0,0,0,0.0,0,0.2,0.2,,,68.0,205.0,28.14629411764706,4.0,Baylor,2020.0,2020.0,,,-6.0,
2024,12,00-0035806,J.Hasty,RB,NE,MIA,0,0,0.0,0,0.0,0.0,0.0,1,15.0,0,2,2,0.0,0,1.5,3.5,,,68.0,205.0,28.14629411764706,4.0,Baylor,2020.0,2020.0,,,,0.054054055
2024,18,00-0035860,T.Jones,RB,ARI,SF,0,0,0.0,0,0.0,0.0,0.0,4,55.0,1,0,0,0.0,0,11.5,11.5,,,71.0,225.0,27.01925,4.0,Notre Dame,2020.0,2020.0,,,23.0,
2024,9,00-0035891,C.White,WR,SEA,LA,0,0,0.0,0,0.0,0.0,0.0,0,0.0,0,3,2,44.0,0,4.4,6.4,,,75.0,210.0,25.941176470588236,4.0,Michigan State,2020.0,2020.0,,,-6.0,0.0882353
2024,5,00-0035924,J.Ward,RB,PIT,DAL,0,0,0.0,0,0.0,0.0,0.0,2,9.0,0,0,0,0.0,0,0.9,0.9,,,72.0,202.0,27.11261111111111,4.0,Central Michigan,2020.0,2020.0,,,-3.0,
2024,6,00-0035924,J.Ward,RB,PIT,LV,0,0,0.0,0,0.0,0.0,0.0,3,13.0,0,0,0,0.0,0,1.3,1.3,,,72.0,202.0,27.11261111111111,4.0,Central Michigan,2020.0,2020.0,,,,
2024,6,00-0035973,P.Taylor,RB,SF,SEA,0,0,0.0,0,0.0,0.0,0.0,5,16.0,0,1,1,12.0,0,2.8,3.8,,,73.0,223.0,26.52558823529412,4.0,Memphis,2020.0,2020.0,,,,0.037037037
2024,8,00-0035973,P.Taylor,RB,SF,DAL,0,0,0.0,0,0.0,0.0,0.0,2,9.0,0,0,0,0.0,0,0.9,0.9,,,73.0,223.0,26.52558823529412,4.0,Memphis,2020.0,2020.0,,,6.0,
2024,14,00-0035973,P.Taylor,RB,SF,CHI,0,0,0.0,0,0.0,0.0,0.0,7,25.0,1,1,0,0.0,0,8.5,8.5,,,73.0,223.0,26.52558823529412,4.0,Memphis,2020.0,2020.0,,,25.0,0.03846154
2024,16,00-0035973,P.Taylor,RB,SF,MIA,0,0,0.0,0,0.0,0.0,0.0,8,24.0,0,5,1,1.0,0,2.5,3.5,,,73.0,223.0,26.52558823529412,4.0,Memphis,2020.0,2020.0,,,,0.13513513
2024,18,00-0035973,P.Taylor,RB,SF,ARI,0,0,0.0,0,0.0,0.0,0.0,17,109.0,0,4,1,12.0,0,12.1,13.1,,,73.0,223.0,26.52558823529412,4.0,Memphis,2020.0,2020.0,,,,0.0952381
2024,13,00-0035976,D.Chisena,WR,CAR,TB,0,0,0.0,0,0.0,0.0,0.0,0,0.0,0,1,1,6.0,0,0.6,1.6,,,75.0,202.0,27.695823529411765,4.0,Penn State,2020.0,2020.0,,,-3.0,0.024390243
2024,16,00-0035976,D.Chisena,WR,CAR,ARI,0,0,0.0,0,0.0,0.0,0.0,0,0.0,0,2,1,23.0,0,2.3,3.3,,,75.0,202.0,27.695823529411765,4.0,Penn State,2020.0,2020.0,,,6.0,0.083333336
2024,17,00-0035976,D.Chisena,WR,CAR,TB,0,0,0.0,0,0.0,0.0,0.0,0,0.0,0,1,1,8.0,0,0.8,1.8,,,75.0,202.0,27.695823529411765,4.0,Penn State,2020.0,2020.0,,,,0.045454547
2024,4,00-0035993,T.Huntley,QB,MIA,TEN,14,22,96.0,0,0.0,2.0,18.0,8,40.0,1,0,0,0.0,0,11.84,11.84,,,73.0,205.0,26.761705882352942,4.0,Utah,2020.0,2020.0,,,-19.0,
2024,5,00-0035993,T.Huntley,QB,MIA,NE,18,31,194.0,0,1.0,3.0,15.0,3,7.0,0,0,0,0.0,0,6.46,6.46,,,73.0,205.0,26.761705882352942,4.0,Utah,2020.0,2020.0,,,,
2024,7,00-0035993,T.Huntley,QB,MIA,IND,7,13,87.0,1,0.0,2.0,12.0,5,20.0,0,0,0,0.0,0,9.48,9.48,,,73.0,205.0,26.761705882352942,4.0,Utah,2020.0,2020.0,,,,
2024,17,00-0035993,T.Huntley,QB,MIA,CLE,22,26,225.0,1,0.0,4.0,19.0,7,52.0,1,0,0,0.0,0,24.2,24.2,,,73.0,205.0,26.761705882352942,4.0,Utah,2020.0,2020.0,,,,
2024,18,00-0035993,T.Huntley,QB,MIA,NYJ,25,41,227.0,1,2.0,4.0,28.0,3,16.0,0,0,0,0.0,0,8.68,8.68,,,73.0,205.0,26.761705882352942,4.0,Utah,2020.0,2020.0,,,,
2024,8,00-0036037,S.Franklin,SS,CAR,DEN,0,0,0.0,0,0.0,0.0,0.0,0,0.0,0,1,0,0.0,0,0.0,0.0,,,75.0,210.0,28.760823529411763,4.0,Temple,2020.0,2020.0,,,,0.028571429
2024,1,00-0036040,J.Johnson,TE,NO,CAR,0,0,0.0,0,0.0,0.0,0.0,0,0.0,0,3,2,26.0,1,8.6,10.6,,,76.0,231.0,28.146235294117645,4.0,Oregon,2020.0,2020.0,,,37.0,0.125
2024,4,00-0036040,J.Johnson,TE,NO,ATL,0,0,0.0,0,0.0,0.0,0.0,0,0.0,0,3,2,13.0,0,1.3,3.3,,,76.0,231.0,28.146235294117645,4.0,Oregon,2020.0,2020.0,,,,0.083333336
2024,5,00-0036040,J.Johnson,TE,NO,KC,0,0,0.0,0,0.0,0.0,0.0,0,0.0,0,5,5,31.0,0,3.1,8.1,,,76.0,231.0,28.146235294117645,4.0,Oregon,2020.0,2020.0,,,,0.15625
2024,6,00-0036040,J.Johnson,TE,NO,TB,0,0,0.0,0,0.0,0.0,0.0,0,0.0,0,3,3,48.0,0,4.8,7.8,,,76.0,231.0,28.146235294117645,4.0,Oregon,2020.0,2020.0,,,-24.0,0.078947365
2024,7,00-0036040,J.Johnson,TE,NO,DEN,0,0,0.0,0,0.0,0.0,0.0,0,0.0,0,6,3,18.0,0,1.8,4.8,,,76.0,231.0,28.146235294117645,4.0,Oregon,2020.0,2020.0,,,-23.0,0.15384616
2024,8,00-0036040,J.Johnson,TE,NO,LAC,0,0,0.0,0,0.0,0.0,0.0,0,0.0,0,4,3,48.0,0,4.8,7.8,,,76.0,231.0,28.146235294117645,4.0,Oregon,2020.0,2020.0,,,,0.10526316
2024,9,00-0036040,J.Johnson,TE,NO,CAR,0,0,0.0,0,0.0,0.0,0.0,0,0.0,0,2,2,41.0,0,4.1,6.1,,,76.0,231.0,28.146235294117645,4.0,Oregon,2020.0,2020.0,,,,0.071428575
2024,10,00-0036040,J.Johnson,TE,NO,ATL,0,0,0.0,0,0.0,0.0,0.0,0,0.0,0,3,2,22.0,0,2.2,4.2,,,76.0,231.0,28.146235294117645,4.0,Oregon,2020.0,2020.0,,,3.0,0.14285715
2024,11,00-0036040,J.Johnson,TE,NO,CLE,0,0,0.0,0,0.0,0.0,0.0,0,0.0,0,3,3,30.0,1,9.0,12.0,,,76.0,231.0,28.146235294117645,4.0,Oregon,2020.0,2020.0,,,21.0,0.10714286
2024,13,00-0036040,J.Johnson,TE,NO,LA,0,0,0.0,0,0.0,0.0,0.0,0,0.0,0,7,5,36.0,0,3.6,8.6,,,76.0,231.0,28.146235294117645,4.0,Oregon,2020.0,2020.0,,,-7.0,0.20588236
2024,14,00-0036040,J.Johnson,TE,NO,NYG,0,0,0.0,0,0.0,0.0,0.0,0,0.0,0,5,4,50.0,1,11.0,15.0,,,76.0,231.0,28.146235294117645,4.0,Oregon,2020.0,2020.0,,,,0.16129032
2024,15,00-0036040,J.Johnson,TE,NO,WAS,0,0,0.0,0,0.0,0.0,0.0,0,0.0,0,3,2,12.0,0,1.2,3.2,,,76.0,231.0,28.146235294117645,4.0,Oregon,2020.0,2020.0,,,-1.0,0.10344828
2024,16,00-0036040,J.Johnson,TE,NO,GB,0,0,0.0,0,0.0,0.0,0.0,0,0.0,0,2,2,27.0,0,2.7,4.7,,,76.0,231.0,28.146235294117645,4.0,Oregon,2020.0,2020.0,,,,0.071428575
2024,17,00-0036040,J.Johnson,TE,NO,LV,0,0,0.0,0,0.0,0.0,0.0,0,0.0,0,10,6,66.0,0,6.6,12.6,,,76.0,231.0,28.146235294117645,4.0,Oregon,2020.0,2020.0,,,-15.0,0.29411766
2024,18,00-0036040,J.Johnson,TE,NO,TB,0,0,0.0,0,0.0,0.0,0.0,0,0.0,0,7,6,80.0,0,8.0,14.0,,,76.0,231.0,28.146235294117645,4.0,Oregon,2020.0,2020.0,,,,0.17948718
2024,3,00-0036096,J.Taylor,RB,HOU,MIN,0,0,0.0,0,0.0,0.0,0.0,1,3.0,0,2,2,0.0,0,0.3,2.3,,,66.0,185.0,26.85484210526316,4.0,Arizona,2020.0,2020.0,,,,0.046511628
2024,4,00-0036096,J.Taylor,RB,HOU,JAX,0,0,0.0,0,0.0,0.0,0.0,6,18.0,0,1,0,0.0,0,1.8,1.8,,,66.0,185.0,26.85484210526316,4.0,Arizona,2020.0,2020.0,,,4.0,0.025641026
2024,9,00-0036096,J.Taylor,RB,HOU,NYJ,0,0,0.0,0,0.0,0.0,0.0,3,23.0,0,0,0,0.0,0,2.3,2.3,,,66.0,185.0,26.85484210526316,4.0,Arizona,2020.0,2020.0,,,,
2024,4,00-0036133,J.Proche,WR,CLE,LV,0,0,0.0,0,0.0,0.0,0.0,0,0.0,0,1,1,3.0,0,0.3,1.3,,,71.0,193.0,28.12894117647059,4.0,Southern Methodist,2020.0,2020.0,BAL,201.0,,0.03125
2024,14,00-0036133,J.Proche,WR,CLE,PIT,0,0,0.0,0,0.0,0.0,0.0,0,0.0,0,2,2,18.0,0,1.8,3.8,,,71.0,193.0,28.12894117647059,4.0,Southern Methodist,2020.0,2020.0,BAL,201.0,,0.054054055
2024,1,00-0036139,R.Dowdle,RB,DAL,CLE,0,0,0.0,0,0.0,0.0,0.0,8,26.0,0,1,1,6.0,0,3.2,4.2,,,72.0,215.0,26.401882352941175,4.0,South Carolina,2020.0,2020.0,,,,0.032258064
2024,2,00-0036139,R.Dowdle,RB,DAL,NO,0,0,0.0,0,0.0,0.0,0.0,7,30.0,0,5,4,29.0,0,5.9,9.9,,,72.0,215.0,26.401882352941175,4.0,South Carolina,2020.0,2020.0,,,-25.0,0.12195122
2024,3,00-0036139,R.Dowdle,RB,DAL,BAL,0,0,0.0,0,0.0,0.0,0.0,8,32.0,0,5,3,24.0,0,5.6,8.6,,,72.0,215.0,26.401882352941175,4.0,South Carolina,2020.0,2020.0,,,-3.0,0.1
2024,4,00-0036139,R.Dowdle,RB,DAL,NYG,0,0,0.0,0,0.0,0.0,0.0,11,46.0,0,1,1,15.0,1,12.1,13.1,,,72.0,215.0,26.401882352941175,4.0,South Carolina,2020.0,2020.0,,,,0.03846154
2024,5,00-0036139,R.Dowdle,RB,DAL,PIT,0,0,0.0,0,0.0,0.0,0.0,20,87.0,0,2,2,27.0,1,17.4,19.4,,,72.0,215.0,26.401882352941175,4.0,South Carolina,2020.0,2020.0,,,,0.048780486
2024,6,00-0036139,R.Dowdle,RB,DAL,DET,0,0,0.0,0,0.0,0.0,0.0,5,25.0,0,6,5,30.0,0,5.5,10.5,,,72.0,215.0,26.401882352941175,4.0,South Carolina,2020.0,2020.0,,,-38.0,0.13953489
2024,9,00-0036139,R.Dowdle,RB,DAL,ATL,0,0,0.0,0,0.0,0.0,0.0,12,75.0,0,6,5,32.0,1,16.7,21.7,,,72.0,215.0,26.401882352941175,4.0,South Carolina,2020.0,2020.0,,,,0.125
2024,10,00-0036139,R.Dowdle,RB,DAL,PHI,0,0,0.0,0,0.0,0.0,0.0,12,53.0,0,3,3,3.0,0,5.6,8.6,,,72.0,215.0,26.401882352941175,4.0,South Carolina,2020.0,2020.0,,,-28.0,0.10344828
2024,11,00-0036139,R.Dowdle,RB,DAL,HOU,0,0,0.0,0,0.0,0.0,0.0,10,28.0,0,5,2,6.0,0,3.4,5.4,,,72.0,215.0,26.401882352941175,4.0,South Carolina,2020.0,2020.0,,,-24.0,0.09259259
2024,12,00-0036139,R.Dowdle,RB,DAL,WAS,0,0,0.0,0,0.0,0.0,0.0,19,86.0,0,3,3,12.0,0,7.8,10.8,,,72.0,215.0,26.401882352941175,4.0,South Carolina,2020.0,2020.0,,,,0.09375
2024,13,00-0036139,R.Dowdle,RB,DAL,NYG,0,0,0.0,0,0.0,0.0,0.0,22,112.0,1,3,3,11.0,0,18.3,21.3,,,72.0,215.0,26.401882352941175,4.0,South Carolina,2020.0,2020.0,,,7.0,0.083333336
2024,14,00-0036139,R.Dowdle,RB,DAL,CIN,0,0,0.0,0,0.0,0.0,0.0,18,131.0,0,2,1,10.0,0,14.1,15.1,,,72.0,215.0,26.401882352941175,4.0,South Carolina,2020.0,2020.0,,,-7.0,0.06451613
2024,15,00-0036139,R.Dowdle,RB,DAL,CAR,0,0,0.0,0,0.0,0.0,0.0,25,149.0,0,0,0,0.0,0,14.9,14.9,,,72.0,215.0,26.401882352941175,4.0,South Carolina,2020.0,2020.0,,,,
2024,16,00-0036139,R.Dowdle,RB,DAL,TB,0,0,0.0,0,0.0,0.0,0.0,13,23.0,0,3,3,28.0,0,5.1,8.1,,,72.0,215.0,26.401882352941175,4.0,South Carolina,2020.0,2020.0,,,2.0,0.09090909
2024,17,00-0036139,R.Dowdle,RB,DAL,PHI,0,0,0.0,0,0.0,0.0,0.0,23,104.0,0,1,1,4.0,0,8.8,9.8,,,72.0,215.0,26.401882352941175,4.0,South Carolina,2020.0,2020.0,,,,0.03448276
2024,18,00-0036139,R.Dowdle,RB,DAL,WAS,0,0,0.0,0,0.0,0.0,0.0,22,72.0,1,3,2,12.0,0,14.4,16.4,,,72.0,215.0,26.401882352941175,4.0,South Carolina,2020.0,2020.0,,,-4.0,0.09090909
2024,1,00-0036158,J.Dobbins,RB,LAC,LV,0,0,0.0,0,0.0,0.0,0.0,10,135.0,1,3,3,4.0,0,19.9,22.9,,,70.0,214.0,25.904944444444443,4.0,Ohio State,2020.0,2020.0,BAL,55.0,12.0,0.12
2024,2,00-0036158,J.Dobbins,RB,LAC,CAR,0,0,0.0,0,0.0,0.0,0.0,17,131.0,1,1,1,0.0,0,19.1,20.1,,,70.0,214.0,25.904944444444443,4.0,Ohio State,2020.0,2020.0,BAL,55.0,,0.05263158
2024,3,00-0036158,J.Dobbins,RB,LAC,PIT,0,0,0.0,0,0.0,0.0,0.0,15,44.0,0,3,3,10.0,0,5.4,8.4,,,70.0,214.0,25.904944444444443,4.0,Ohio State,2020.0,2020.0,BAL,55.0,,0.15789473
2024,4,00-0036158,J.Dobbins,RB,LAC,KC,0,0,0.0,0,0.0,0.0,0.0,14,32.0,0,4,3,30.0,0,6.2,9.2,,,70.0,214.0,25.904944444444443,4.0,Ohio State,2020.0,2020.0,BAL,55.0,-7.0,0.14814815
2024,6,00-0036158,J.Dobbins,RB,LAC,DEN,0,0,0.0,0,0.0,0.0,0.0,25,96.0,1,2,2,6.0,0,16.2,18.2,,,70.0,214.0,25.904944444444443,4.0,Ohio State,2020.0,2020.0,BAL,55.0,,0.06451613
2024,7,00-0036158,J.Dobbins,RB,LAC,ARI,0,0,0.0,0,0.0,0.0,0.0,14,40.0,0,3,3,26.0,0,6.6,9.6,,,70.0,214.0,25.904944444444443,4.0,Ohio State,2020.0,2020.0,BAL,55.0,,0.08108108
2024,8,00-0036158,J.Dobbins,RB,LAC,NO,0,0,0.0,0,0.0,0.0,0.0,17,57.0,1,7,4,11.0,0,12.8,16.8,,,70.0,214.0,25.904944444444443,4.0,Ohio State,2020.0,2020.0,BAL,55.0,18.0,0.23333333
2024,9,00-0036158,J.Dobbins,RB,LAC,CLE,0,0,0.0,0,0.0,0.0,0.0,14,85.0,2,2,2,20.0,0,22.5,24.5,,,70.0,214.0,25.904944444444443,4.0,Ohio State,2020.0,2020.0,BAL,55.0,,0.07692308
2024,10,00-0036158,J.Dobbins,RB,LAC,TEN,0,0,0.0,0,0.0,0.0,0.0,15,50.0,0,3,3,5.0,0,5.5,8.5,,,70.0,214.0,25.904944444444443,4.0,Ohio State,2020.0,2020.0,BAL,55.0,10.0,0.16666667
2024,11,00-0036158,J.Dobbins,RB,LAC,CIN,0,0,0.0,0,0.0,0.0,0.0,11,56.0,2,1,1,3.0,0,17.9,18.9,,,70.0,214.0,25.904944444444443,4.0,Ohio State,2020.0,2020.0,BAL,55.0,7.0,0.030303031
2024,12,00-0036158,J.Dobbins,RB,LAC,BAL,0,0,0.0,0,0.0,0.0,0.0,6,40.0,0,5,3,19.0,0,5.9,8.9,,,70.0,214.0,25.904944444444443,4.0,Ohio State,2020.0,2020.0,BAL,55.0,-7.0,0.1388889
2024,17,00-0036158,J.Dobbins,RB,LAC,NE,0,0,0.0,0,0.0,0.0,0.0,19,76.0,1,1,1,7.0,0,14.3,15.3,,,70.0,214.0,25.904944444444443,4.0,Ohio State,2020.0,2020.0,BAL,55.0,,0.025
2024,18,00-0036158,J.Dobbins,RB,LAC,LV,0,0,0.0,0,0.0,0.0,0.0,18,63.0,0,3,3,12.0,0,7.5,10.5,,,70.0,214.0,25.904944444444443,4.0,Ohio State,2020.0,2020.0,BAL,55.0,,0.08571429
2024,19,00-0036158,J.Dobbins,RB,LAC,HOU,0,0,0.0,0,0.0,0.0,0.0,9,26.0,0,1,0,0.0,0,2.6,2.6,,,70.0,214.0,25.904944444444443,4.0,Ohio State,2020.0,2020.0,BAL,55.0,,0.03125
2024,6,00-0036165,I.Hodgins,WR,NYG,CIN,0,0,0.0,0,0.0,0.0,0.0,0,0.0,0,1,1,5.0,0,0.5,1.5,,,75.0,209.0,26.044,4.0,Oregon State,2020.0,2020.0,BUF,207.0,-10.0,0.027777778
2024,10,00-0036165,I.Hodgins,WR,NYG,CAR,0,0,0.0,0,0.0,0.0,0.0,0,0.0,0,1,1,7.0,0,0.7,1.7,,,75.0,209.0,26.044,4.0,Oregon State,2020.0,2020.0,BUF,207.0,,0.03125
2024,15,00-0036176,M.Kinsey,WR,TEN,CIN,0,0,0.0,0,0.0,0.0,0.0,0,0.0,0,1,1,11.0,0,1.1,2.1,,,71.0,195.0,26.196941176470588,4.0,Berry,2020.0,2020.0,,,-10.0,0.027027028
2024,16,00-0036176,M.Kinsey,WR,TEN,IND,0,0,0.0,0,0.0,0.0,0.0,0,0.0,0,1,1,6.0,0,0.6,1.6,,,71.0,195.0,26.196941176470588,4.0,Berry,2020.0,2020.0,,,,0.030303031
2024,6,00-0036182,N.Westbrook-Ikhine,WR,TEN,IND,0,0,0.0,0,0.0,0.0,0.0,0,0.0,0,2,1,9.0,1,6.9,7.9,,,74.0,215.0,27.637,4.0,Indiana,2020.0,2020.0,,,-3.0,0.074074075
2024,7,00-0036182,N.Westbrook-Ikhine,WR,TEN,BUF,0,0,0.0,0,0.0,0.0,0.0,0,0.0,0,4,2,10.0,1,7.0,9.0,,,74.0,215.0,27.637,4.0,Indiana,2020.0,2020.0,,,,0.10526316
2024,8,00-0036182,N.Westbrook-Ikhine,WR,TEN,DET,0,0,0.0,0,0.0,0.0,0.0,0,0.0,0,4,2,39.0,1,9.9,11.9,,,74.0,215.0,27.637,4.0,Indiana,2020.0,2020.0,,,,0.10526316
2024,9,00-0036182,N.Westbrook-Ikhine,WR,TEN,NE,0,0,0.0,0,0.0,0.0,0.0,0,0.0,0,6,5,50.0,1,11.0,16.0,,,74.0,215.0,27.637,4.0,Indiana,2020.0,2020.0,,,3.0,0.22222222
2024,10,00-0036182,N.Westbrook-Ikhine,WR,TEN,LAC,0,0,0.0,0,0.0,0.0,0.0,0,0.0,0,3,3,31.0,0,3.1,6.1,,,74.0,215.0,27.637,4.0,Indiana,2020.0,2020.0,,,,0.13043478
2024,11,00-0036182,N.Westbrook-Ikhine,WR,TEN,MIN,0,0,0.0,0,0.0,0.0,0.0,0,0.0,0,6,2,117.0,1,17.7,19.7,,,74.0,215.0,27.637,4.0,Indiana,2020.0,2020.0,,,-10.0,0.20689656
2024,12,00-0036182,N.Westbrook-Ikhine,WR,TEN,HOU,0,0,0.0,0,0.0,0.0,0.0,0,0.0,0,5,2,48.0,1,10.8,12.8,,,74.0,215.0,27.637,4.0,Indiana,2020.0,2020.0,,,,0.2
2024,13,00-0036182,N.Westbrook-Ikhine,WR,TEN,WAS,0,0,0.0,0,0.0,0.0,0.0,0,0.0,0,8,3,61.0,2,18.1,21.1,,,74.0,215.0,27.637,4.0,Indiana,2020.0,2020.0,,,,0.22222222
2024,14,00-0036182,N.Westbrook-Ikhine,WR,TEN,JAX,0,0,0.0,0,0.0,0.0,0.0,0,0.0,0,2,1,19.0,0,1.9,2.9,,,74.0,215.0,27.637,4.0,Indiana,2020.0,2020.0,,,-4.0,0.0625
2024,15,00-0036182,N.Westbrook-Ikhine,WR,TEN,CIN,0,0,0.0,0,0.0,0.0,0.0,0,0.0,0,3,2,9.0,0,0.9,2.9,,,74.0,215.0,27.637,4.0,Indiana,2020.0,2020.0,,,-10.0,0.08108108
2024,16,00-0036182,N.Westbrook-Ikhine,WR,TEN,IND,0,0,0.0,0,0.0,0.0,0.0,0,0.0,0,4,2,17.0,1,7.7,9.7,,,74.0,215.0,27.637,4.0,Indiana,2020.0,2020.0,,,,0.121212125
2024,17,00-0036182,N.Westbrook-Ikhine,WR,TEN,JAX,0,0,0.0,0,0.0,0.0,0.0,0,0.0,0,6,3,37.0,0,3.7,6.7,,,74.0,215.0,27.637,4.0,Indiana,2020.0,2020.0,,,,0.2
2024,18,00-0036182,N.Westbrook-Ikhine,WR,TEN,HOU,0,0,0.0,0,0.0,0.0,0.0,0,0.0,0,7,4,50.0,0,5.0,9.0,,,74.0,215.0,27.637,4.0,Indiana,2020.0,2020.0,,,-9.0,0.26923078
2024,6,00-0036183,K.Wilkerson,WR,LV,PIT,0,0,0.0,0,0.0,0.0,0.0,0,0.0,0,3,2,18.0,1,7.8,9.8,,,73.0,214.0,27.822705882352942,4.0,Southeast Missouri,2020.0,2020.0,,,-19.0,0.08108108
2024,17,00-0036187,R.Gilliam,FB,BUF,NYJ,0,0,0.0,0,0.0,0.0,0.0,2,3.0,0,0,0,0.0,0,0.3,0.3,,,72.0,255.0,27.243299999999998,4.0,Toledo,2020.0,2020.0,,,26.0,
2024,18,00-0036187,R.Gilliam,FB,BUF,NE,0,0,0.0,0,0.0,0.0,0.0,1,4.0,0,0,0,0.0,0,0.4,0.4,,,72.0,255.0,27.243299999999998,4.0,Toledo,2020.0,2020.0,,,,
2024,1,00-0036196,G.Davis,WR,JAX,MIA,0,0,0.0,0,0.0,0.0,0.0,0,0.0,0,3,3,62.0,0,6.2,9.2,,,74.0,213.0,25.685176470588235,4.0,Central Florida,2020.0,2020.0,BUF,128.0,,0.15789473
2024,2,00-0036196,G.Davis,WR,JAX,CLE,0,0,0.0,0,0.0,0.0,0.0,0,0.0,0,7,3,43.0,0,4.3,7.3,,,74.0,213.0,25.685176470588235,4.0,Central Florida,2020.0,2020.0,BUF,128.0,-5.0,0.25925925
2024,3,00-0036196,G.Davis,WR,JAX,BUF,0,0,0.0,0,0.0,0.0,0.0,0,0.0,0,6,2,18.0,0,1.8,3.8,,,74.0,213.0,25.685176470588235,4.0,Central Florida,2020.0,2020.0,BUF,128.0,,0.13636364
2024,4,00-0036196,G.Davis,WR,JAX,HOU,0,0,0.0,0,0.0,0.0,0.0,0,0.0,0,5,1,-2.0,0,-0.2,0.8,,,74.0,213.0,25.685176470588235,4.0,Central Florida,2020.0,2020.0,BUF,128.0,,0.15625
2024,5,00-0036196,G.Davis,WR,JAX,IND,0,0,0.0,0,0.0,0.0,0.0,0,0.0,0,4,3,38.0,0,1.8,4.8,,,74.0,213.0,25.685176470588235,4.0,Central Florida,2020.0,2020.0,BUF,128.0,3.0,0.11764706
2024,6,00-0036196,G.Davis,WR,JAX,CHI,0,0,0.0,0,0.0,0.0,0.0,0,0.0,0,8,5,45.0,2,16.5,21.5,,,74.0,213.0,25.685176470588235,4.0,Central Florida,2020.0,2020.0,BUF,128.0,,0.22857143
2024,7,00-0036196,G.Davis,WR,JAX,NE,0,0,0.0,0,0.0,0.0,0.0,0,0.0,0,2,1,13.0,0,1.3,2.3,,,74.0,213.0,25.685176470588235,4.0,Central Florida,2020.0,2020.0,BUF,128.0,16.0,0.1
2024,10,00-0036196,G.Davis,WR,JAX,MIN,0,0,0.0,0,0.0,0.0,0.0,0,0.0,0,4,1,19.0,0,1.9,2.9,,,74.0,213.0,25.685176470588235,4.0,Central Florida,2020.0,2020.0,BUF,128.0,-5.0,0.1904762
2024,11,00-0036196,G.Davis,WR,JAX,DET,0,0,0.0,0,0.0,0.0,0.0,0,0.0,0,3,1,3.0,0,0.3,1.3,,,74.0,213.0,25.685176470588235,4.0,Central Florida,2020.0,2020.0,BUF,128.0,,0.10714286
2024,1,00-0036212,T.Tagovailoa,QB,MIA,JAX,23,37,338.0,1,0.0,3.0,19.0,1,11.0,0,0,0,0.0,0,18.62,18.62,,,73.0,218.0,26.687823529411762,4.0,Alabama,2020.0,2020.0,MIA,5.0,3.0,
2024,2,00-0036212,T.Tagovailoa,QB,MIA,BUF,17,25,145.0,1,3.0,1.0,6.0,2,17.0,0,0,0,0.0,0,5.5,5.5,,,73.0,218.0,26.687823529411762,4.0,Alabama,2020.0,2020.0,MIA,5.0,-21.0,
2024,8,00-0036212,T.Tagovailoa,QB,MIA,ARI,28,38,234.0,1,0.0,1.0,7.0,3,13.0,0,0,0,0.0,0,14.66,14.66,,,73.0,218.0,26.687823529411762,4.0,Alabama,2020.0,2020.0,MIA,5.0,-1.0,
2024,9,00-0036212,T.Tagovailoa,QB,MIA,BUF,25,28,231.0,2,0.0,1.0,7.0,2,3.0,0,0,0,0.0,0,17.54,17.54,,,73.0,218.0,26.687823529411762,4.0,Alabama,2020.0,2020.0,MIA,5.0,,
2024,10,00-0036212,T.Tagovailoa,QB,MIA,LA,20,28,207.0,1,1.0,3.0,36.0,1,-1.0,0,0,0,0.0,0,8.18,8.18,,,73.0,218.0,26.687823529411762,4.0,Alabama,2020.0,2020.0,MIA,5.0,,
2024,11,00-0036212,T.Tagovailoa,QB,MIA,LV,28,36,288.0,3,0.0,2.0,17.0,0,0.0,0,0,0,0.0,0,23.52,23.52,,,73.0,218.0,26.687823529411762,4.0,Alabama,2020.0,2020.0,MIA,5.0,15.0,
2024,12,00-0036212,T.Tagovailoa,QB,MIA,NE,29,40,317.0,4,0.0,2.0,9.0,3,-2.0,0,0,0,0.0,0,28.48,28.48,,,73.0,218.0,26.687823529411762,4.0,Alabama,2020.0,2020.0,MIA,5.0,19.0,
2024,13,00-0036212,T.Tagovailoa,QB,MIA,GB,37,46,365.0,2,0.0,5.0,29.0,2,6.0,0,0,0,0.0,0,25.2,25.2,,,73.0,218.0,26.687823529411762,4.0,Alabama,2020.0,2020.0,MIA,5.0,,
2024,14,00-0036212,T.Tagovailoa,QB,MIA,NYJ,33,47,331.0,2,0.0,0.0,-0.0,1,3.0,0,0,0,0.0,0,23.54,23.54,,,73.0,218.0,26.687823529411762,4.0,Alabama,2020.0,2020.0,MIA,5.0,6.0,
2024,15,00-0036212,T.Tagovailoa,QB,MIA,HOU,29,40,196.0,1,3.0,3.0,24.0,0,0.0,0,0,0,0.0,0,3.84,3.84,,,73.0,218.0,26.687823529411762,4.0,Alabama,2020.0,2020.0,MIA,5.0,,
2024,16,00-0036212,T.Tagovailoa,QB,MIA,SF,22,34,215.0,1,0.0,0.0,-0.0,2,-1.0,0,0,0,0.0,0,12.5,12.5,,,73.0,218.0,26.687823529411762,4.0,Alabama,2020.0,2020.0,MIA,5.0,12.0,
2024,1,00-0036223,J.Taylor,RB,IND,HOU,0,0,0.0,0,0.0,0.0,0.0,16,48.0,1,0,0,0.0,0,10.8,10.8,,,70.0,221.0,25.795117647058824,4.0,Wisconsin,2020.0,2020.0,IND,41.0,-2.0,
2024,2,00-0036223,J.Taylor,RB,IND,GB,0,0,0.0,0,0.0,0.0,0.0,12,103.0,0,4,2,32.0,0,13.5,15.5,,,70.0,221.0,25.795117647058824,4.0,Wisconsin,2020.0,2020.0,IND,41.0,,0.12903225
2024,3,00-0036223,J.Taylor,RB,IND,CHI,0,0,0.0,0,0.0,0.0,0.0,23,110.0,2,2,1,25.0,0,25.5,26.5,,,70.0,221.0,25.795117647058824,4.0,Wisconsin,2020.0,2020.0,IND,41.0,5.0,0.11111111
2024,4,00-0036223,J.Taylor,RB,IND,PIT,0,0,0.0,0,0.0,0.0,0.0,21,88.0,1,4,3,20.0,0,16.8,19.8,,,70.0,221.0,25.795117647058824,4.0,Wisconsin,2020.0,2020.0,IND,41.0,3.0,0.14285715
2024,8,00-0036223,J.Taylor,RB,IND,HOU,0,0,0.0,0,0.0,0.0,0.0,20,105.0,1,1,1,12.0,0,17.7,18.7,,,70.0,221.0,25.795117647058824,4.0,Wisconsin,2020.0,2020.0,IND,41.0,,0.032258064
2024,9,00-0036223,J.Taylor,RB,IND,MIN,0,0,0.0,0,0.0,0.0,0.0,13,48.0,0,5,3,11.0,0,5.9,8.9,,,70.0,221.0,25.795117647058824,4.0,Wisconsin,2020.0,2020.0,IND,41.0,,0.18518518
2024,10,00-0036223,J.Taylor,RB,IND,BUF,0,0,0.0,0,0.0,0.0,0.0,21,114.0,0,4,2,8.0,0,12.2,14.2,,,70.0,221.0,25.795117647058824,4.0,Wisconsin,2020.0,2020.0,IND,41.0,-10.0,0.114285715
2024,11,00-0036223,J.Taylor,RB,IND,NYJ,0,0,0.0,0,0.0,0.0,0.0,24,57.0,0,2,1,3.0,0,6.0,7.0,,,70.0,221.0,25.795117647058824,4.0,Wisconsin,2020.0,2020.0,IND,41.0,,0.071428575
2024,12,00-0036223,J.Taylor,RB,IND,DET,0,0,0.0,0,0.0,0.0,0.0,11,35.0,0,0,0,0.0,0,3.5,3.5,,,70.0,221.0,25.795117647058824,4.0,Wisconsin,2020.0,2020.0,IND,41.0,-18.0,
2024,13,00-0036223,J.Taylor,RB,IND,NE,0,0,0.0,0,0.0,0.0,0.0,25,96.0,0,1,1,7.0,1,16.3,17.3,,,70.0,221.0,25.795117647058824,4.0,Wisconsin,2020.0,2020.0,IND,41.0,,0.041666668
2024,15,00-0036223,J.Taylor,RB,IND,DEN,0,0,0.0,0,0.0,0.0,0.0,22,107.0,0,2,1,4.0,0,11.1,12.1,,,70.0,221.0,25.795117647058824,4.0,Wisconsin,2020.0,2020.0,IND,41.0,,0.055555556
2024,16,00-0036223,J.Taylor,RB,IND,TEN,0,0,0.0,0,0.0,0.0,0.0,29,218.0,3,0,0,0.0,0,39.8,39.8,,,70.0,221.0,25.795117647058824,4.0,Wisconsin,2020.0,2020.0,IND,41.0,8.0,
2024,17,00-0036223,J.Taylor,RB,IND,NYG,0,0,0.0,0,0.0,0.0,0.0,32,125.0,2,4,2,11.0,0,25.6,27.6,,,70.0,221.0,25.795117647058824,4.0,Wisconsin,2020.0,2020.0,IND,41.0,,0.10810811
2024,18,00-0036223,J.Taylor,RB,IND,JAX,0,0,0.0,0,0.0,0.0,0.0,34,177.0,1,2,1,3.0,0,24.0,25.0,,,70.0,221.0,25.795117647058824,4.0,Wisconsin,2020.0,2020.0,IND,41.0,3.0,0.051282052
2024,2,00-0036232,H.Bryant,TE,LV,BAL,0,0,0.0,0,0.0,0.0,0.0,0,0.0,0,1,0,0.0,0,0.0,0.0,,,77.0,240.0,26.541411764705884,4.0,Florida Atlantic,2020.0,2020.0,CLE,115.0,,0.027777778
2024,4,00-0036232,H.Bryant,TE,LV,CLE,0,0,0.0,0,0.0,0.0,0.0,0,0.0,0,2,2,21.0,0,2.1,4.1,,,77.0,240.0,26.541411764705884,4.0,Florida Atlantic,2020.0,2020.0,CLE,115.0,4.0,0.083333336
2024,6,00-0036232,H.Bryant,TE,LV,PIT,0,0,0.0,0,0.0,0.0,0.0,0,0.0,0,5,3,24.0,0,2.4,5.4,,,77.0,240.0,26.541411764705884,4.0,Florida Atlantic,2020.0,2020.0,CLE,115.0,-19.0,0.13513513
2024,7,00-0036232,H.Bryant,TE,LV,LA,0,0,0.0,0,0.0,0.0,0.0,0,0.0,0,2,2,19.0,0,1.9,3.9,,,77.0,240.0,26.541411764705884,4.0,Florida Atlantic,2020.0,2020.0,CLE,115.0,,0.057142857
2024,9,00-0036232,H.Bryant,TE,LV,CIN,0,0,0.0,0,0.0,0.0,0.0,0,0.0,0,2,2,22.0,0,2.2,4.2,,,77.0,240.0,26.541411764705884,4.0,Florida Atlantic,2020.0,2020.0,CLE,115.0,,0.0625
2024,1,00-0036244,C.Parkinson,TE,LA,DET,0,0,0.0,0,0.0,0.0,0.0,0,0.0,0,5,4,47.0,0,4.7,8.7,,,79.0,251.0,25.855947368421052,4.0,Stanford,2020.0,2020.0,SEA,133.0,,0.104166664
2024,2,00-0036244,C.Parkinson,TE,LA,ARI,0,0,0.0,0,0.0,0.0,0.0,0,0.0,0,2,1,12.0,0,1.2,2.2,,,79.0,251.0,25.855947368421052,4.0,Stanford,2020.0,2020.0,SEA,133.0,,0.074074075
2024,3,00-0036244,C.Parkinson,TE,LA,SF,0,0,0.0,0,0.0,0.0,0.0,0,0.0,0,5,3,21.0,0,2.1,5.1,,,79.0,251.0,25.855947368421052,4.0,Stanford,2020.0,2020.0,SEA,133.0,3.0,0.2173913
2024,4,00-0036244,C.Parkinson,TE,LA,CHI,0,0,0.0,0,0.0,0.0,0.0,0,0.0,0,7,4,33.0,0,3.3,7.3,,,79.0,251.0,25.855947368421052,4.0,Stanford,2020.0,2020.0,SEA,133.0,,0.2413793
2024,5,00-0036244,C.Parkinson,TE,LA,GB,0,0,0.0,0,0.0,0.0,0.0,0,0.0,0,13,7,52.0,0,5.2,12.2,,,79.0,251.0,25.855947368421052,4.0,Stanford,2020.0,2020.0,SEA,133.0,-5.0,0.2888889
2024,7,00-0036244,C.Parkinson,TE,LA,LV,0,0,0.0,0,0.0,0.0,0.0,0,0.0,0,2,2,32.0,0,3.2,5.2,,,79.0,251.0,25.855947368421052,4.0,Stanford,2020.0,2020.0,SEA,133.0,5.0,0.09090909
2024,8,00-0036244,C.Parkinson,TE,LA,MIN,0,0,0.0,0,0.0,0.0,0.0,0,0.0,0,2,2,17.0,0,1.7,3.7,,,79.0,251.0,25.855947368421052,4.0,Stanford,2020.0,2020.0,SEA,133.0,10.0,0.05882353
2024,11,00-0036244,C.Parkinson,TE,LA,NE,0,0,0.0,0,0.0,0.0,0.0,0,0.0,0,1,1,19.0,1,7.9,8.9,,,79.0,251.0,25.855947368421052,4.0,Stanford,2020.0,2020.0,SEA,133.0,,0.037037037
2024,12,00-0036244,C.Parkinson,TE,LA,PHI,0,0,0.0,0,0.0,0.0,0.0,0,0.0,0,2,1,10.0,0,1.0,2.0,,,79.0,251.0,25.855947368421052,4.0,Stanford,2020.0,2020.0,SEA,133.0,-17.0,0.05882353
2024,13,00-0036244,C.Parkinson,TE,LA,NO,0,0,0.0,0,0.0,0.0,0.0,0,0.0,0,1,1,13.0,0,1.3,2.3,,,79.0,251.0,25.855947368421052,4.0,Stanford,2020.0,2020.0,SEA,133.0,,0.04347826
2024,14,00-0036244,C.Parkinson,TE,LA,BUF,0,0,0.0,0,0.0,0.0,0.0,0,0.0,0,1,1,11.0,0,1.1,2.1,,,79.0,251.0,25.855947368421052,4.0,Stanford,2020.0,2020.0,SEA,133.0,2.0,0.033333335
2024,15,00-0036244,C.Parkinson,TE,LA,SF,0,0,0.0,0,0.0,0.0,0.0,0,0.0,0,5,2,21.0,0,2.1,4.1,,,79.0,251.0,25.855947368421052,4.0,Stanford,2020.0,2020.0,SEA,133.0,,0.1923077
2024,16,00-0036244,C.Parkinson,TE,LA,NYJ,0,0,0.0,0,0.0,0.0,0.0,0,0.0,0,1,0,0.0,0,0.0,0.0,,,79.0,251.0,25.855947368421052,4.0,Stanford,2020.0,2020.0,SEA,133.0,,0.05263158
2024,17,00-0036244,C.Parkinson,TE,LA,ARI,0,0,0.0,0,0.0,0.0,0.0,0,0.0,0,1,0,0.0,0,0.0,0.0,,,79.0,251.0,25.855947368421052,4.0,Stanford,2020.0,2020.0,SEA,133.0,4.0,0.035714287
2024,18,00-0036244,C.Parkinson,TE,LA,SEA,0,0,0.0,0,0.0,0.0,0.0,0,0.0,0,1,1,6.0,0,0.6,1.6,,,79.0,251.0,25.855947368421052,4.0,Stanford,2020.0,2020.0,SEA,133.0,-5.0,0.025
2024,19,00-0036244,C.Parkinson,TE,LA,MIN,0,0,0.0,0,0.0,0.0,0.0,0,0.0,0,2,2,13.0,0,1.3,3.3,,,79.0,251.0,25.855947368421052,4.0,Stanford,2020.0,2020.0,SEA,133.0,18.0,0.07692308
2024,20,00-0036244,C.Parkinson,TE,LA,PHI,0,0,0.0,0,0.0,0.0,0.0,0,0.0,0,2,2,9.0,1,6.9,8.9,,,79.0,251.0,25.855947368421052,4.0,Stanford,2020.0,2020.0,SEA,133.0,,0.045454547
2024,1,00-0036251,Z.Moss,RB,CIN,NE,0,0,0.0,0,0.0,0.0,0.0,9,44.0,1,4,2,17.0,0,12.1,14.1,,,70.0,215.0,26.89194117647059,4.0,Utah,2020.0,2020.0,BUF,86.0,-6.0,0.13793103
2024,2,00-0036251,Z.Moss,RB,CIN,KC,0,0,0.0,0,0.0,0.0,0.0,12,34.0,0,1,1,13.0,0,4.7,5.7,,,70.0,215.0,26.89194117647059,4.0,Utah,2020.0,2020.0,BUF,86.0,,0.029411765
2024,3,00-0036251,Z.Moss,RB,CIN,WAS,0,0,0.0,0,0.0,0.0,0.0,12,58.0,1,6,5,39.0,0,15.7,20.7,,,70.0,215.0,26.89194117647059,4.0,Utah,2020.0,2020.0,BUF,86.0,-5.0,0.15789473
2024,4,00-0036251,Z.Moss,RB,CIN,CAR,0,0,0.0,0,0.0,0.0,0.0,15,51.0,0,4,4,27.0,1,13.8,17.8,,,70.0,215.0,26.89194117647059,4.0,Utah,2020.0,2020.0,BUF,86.0,,0.13333334
2024,5,00-0036251,Z.Moss,RB,CIN,BAL,0,0,0.0,0,0.0,0.0,0.0,9,24.0,0,4,3,28.0,0,5.2,8.2,,,70.0,215.0,26.89194117647059,4.0,Utah,2020.0,2020.0,BUF,86.0,-3.0,0.102564104
2024,6,00-0036251,Z.Moss,RB,CIN,NYG,0,0,0.0,0,0.0,0.0,0.0,6,13.0,0,1,1,2.0,0,-0.5,0.5,,,70.0,215.0,26.89194117647059,4.0,Utah,2020.0,2020.0,BUF,86.0,,0.04347826
2024,7,00-0036251,Z.Moss,RB,CIN,CLE,0,0,0.0,0,0.0,0.0,0.0,6,7.0,0,3,3,33.0,0,4.0,7.0,,,70.0,215.0,26.89194117647059,4.0,Utah,2020.0,2020.0,BUF,86.0,,0.125
2024,8,00-0036251,Z.Moss,RB,CIN,PHI,0,0,0.0,0,0.0,0.0,0.0,5,11.0,0,4,4,28.0,0,3.9,7.9,,,70.0,215.0,26.89194117647059,4.0,Utah,2020.0,2020.0,BUF,86.0,-20.0,0.11111111
2024,1,00-0036252,M.Pittman,WR,IND,HOU,0,0,0.0,0,0.0,0.0,0.0,0,0.0,0,8,4,31.0,0,3.1,7.1,,,76.0,220.0,27.084588235294117,4.0,Southern California,2020.0,2020.0,IND,34.0,-2.0,0.42105263
2024,2,00-0036252,M.Pittman,WR,IND,GB,0,0,0.0,0,0.0,0.0,0.0,0,0.0,0,7,3,21.0,0,2.1,5.1,,,76.0,220.0,27.084588235294117,4.0,Southern California,2020.0,2020.0,IND,34.0,,0.22580644
2024,3,00-0036252,M.Pittman,WR,IND,CHI,0,0,0.0,0,0.0,0.0,0.0,0,0.0,0,5,4,36.0,0,3.6,7.6,,,76.0,220.0,27.084588235294117,4.0,Southern California,2020.0,2020.0,IND,34.0,5.0,0.2777778
2024,4,00-0036252,M.Pittman,WR,IND,PIT,0,0,0.0,0,0.0,0.0,0.0,0,0.0,0,9,6,113.0,0,11.3,17.3,,,76.0,220.0,27.084588235294117,4.0,Southern California,2020.0,2020.0,IND,34.0,3.0,0.32142857
2024,5,00-0036252,M.Pittman,WR,IND,JAX,0,0,0.0,0,0.0,0.0,0.0,0,0.0,0,8,5,37.0,1,9.7,14.7,,,76.0,220.0,27.084588235294117,4.0,Southern California,2020.0,2020.0,IND,34.0,,0.17777778
2024,6,00-0036252,M.Pittman,WR,IND,TEN,0,0,0.0,0,0.0,0.0,0.0,0,0.0,0,5,3,35.0,1,9.5,12.5,,,76.0,220.0,27.084588235294117,4.0,Southern California,2020.0,2020.0,IND,34.0,,0.1388889
2024,7,00-0036252,M.Pittman,WR,IND,MIA,0,0,0.0,0,0.0,0.0,0.0,0,0.0,0,5,3,63.0,0,6.3,9.3,,,76.0,220.0,27.084588235294117,4.0,Southern California,2020.0,2020.0,IND,34.0,6.0,0.22727273
2024,8,00-0036252,M.Pittman,WR,IND,HOU,0,0,0.0,0,0.0,0.0,0.0,0,0.0,0,6,1,16.0,0,1.6,2.6,,,76.0,220.0,27.084588235294117,4.0,Southern California,2020.0,2020.0,IND,34.0,,0.19354838
2024,9,00-0036252,M.Pittman,WR,IND,MIN,0,0,0.0,0,0.0,0.0,0.0,0,0.0,0,4,1,14.0,0,1.4,2.4,,,76.0,220.0,27.084588235294117,4.0,Southern California,2020.0,2020.0,IND,34.0,,0.14814815
2024,11,00-0036252,M.Pittman,WR,IND,NYJ,0,0,0.0,0,0.0,0.0,0.0,0,0.0,0,8,5,46.0,0,4.6,9.6,,,76.0,220.0,27.084588235294117,4.0,Southern California,2020.0,2020.0,IND,34.0,,0.2857143
2024,12,00-0036252,M.Pittman,WR,IND,DET,0,0,0.0,0,0.0,0.0,0.0,0,0.0,0,7,6,96.0,0,9.6,15.6,,,76.0,220.0,27.084588235294117,4.0,Southern California,2020.0,2020.0,IND,34.0,-18.0,0.28
2024,13,00-0036252,M.Pittman,WR,IND,NE,0,0,0.0,0,0.0,0.0,0.0,0,0.0,0,7,5,42.0,0,4.2,9.2,,,76.0,220.0,27.084588235294117,4.0,Southern California,2020.0,2020.0,IND,34.0,,0.29166666
2024,15,00-0036252,M.Pittman,WR,IND,DEN,0,0,0.0,0,0.0,0.0,0.0,0,0.0,0,9,6,58.0,0,3.8,9.8,,,76.0,220.0,27.084588235294117,4.0,Southern California,2020.0,2020.0,IND,34.0,,0.25
2024,16,00-0036252,M.Pittman,WR,IND,TEN,0,0,0.0,0,0.0,0.0,0.0,0,0.0,0,3,2,19.0,0,1.9,3.9,,,76.0,220.0,27.084588235294117,4.0,Southern California,2020.0,2020.0,IND,34.0,8.0,0.27272728
2024,17,00-0036252,M.Pittman,WR,IND,NYG,0,0,0.0,0,0.0,0.0,0.0,0,0.0,0,10,9,109.0,1,16.9,25.9,,,76.0,220.0,27.084588235294117,4.0,Southern California,2020.0,2020.0,IND,34.0,,0.27027026
2024,18,00-0036252,M.Pittman,WR,IND,JAX,0,0,0.0,0,0.0,0.0,0.0,0,0.0,0,10,6,72.0,0,7.2,13.2,,,76.0,220.0,27.084588235294117,4.0,Southern California,2020.0,2020.0,IND,34.0,3.0,0.25641027
2024,14,00-0036254,C.Johnson,WR,CHI,SF,0,0,0.0,0,0.0,0.0,0.0,0,0.0,0,1,1,6.0,0,0.6,1.6,,,78.0,215.0,27.124470588235294,4.0,Texas,2020.0,2020.0,JAX,165.0,,0.041666668
2024,16,00-0036254,C.Johnson,WR,CHI,DET,0,0,0.0,0,0.0,0.0,0.0,0,0.0,0,1,0,0.0,0,0.0,0.0,,,78.0,215.0,27.124470588235294,4.0,Texas,2020.0,2020.0,JAX,165.0,-17.0,0.027027028
2024,1,00-0036259,J.Jennings,WR,SF,NYJ,0,0,0.0,0,0.0,0.0,0.0,0,0.0,0,5,5,64.0,0,6.4,11.4,,,75.0,214.0,27.327764705882352,4.0,Tennessee,2020.0,2020.0,SF,217.0,13.0,0.1724138
2024,2,00-0036259,J.Jennings,WR,SF,MIN,0,0,0.0,0,0.0,0.0,0.0,0,0.0,0,4,2,37.0,0,3.7,5.7,,,75.0,214.0,27.327764705882352,4.0,Tennessee,2020.0,2020.0,SF,217.0,,0.11111111
2024,3,00-0036259,J.Jennings,WR,SF,LA,0,0,0.0,0,0.0,0.0,0.0,0,0.0,0,12,11,175.0,3,35.5,46.5,,,75.0,214.0,27.327764705882352,4.0,Tennessee,2020.0,2020.0,SF,217.0,,0.4
2024,4,00-0036259,J.Jennings,WR,SF,NE,0,0,0.0,0,0.0,0.0,0.0,0,0.0,0,6,3,88.0,0,8.8,11.8,,,75.0,214.0,27.327764705882352,4.0,Tennessee,2020.0,2020.0,SF,217.0,17.0,0.23076923
2024,5,00-0036259,J.Jennings,WR,SF,ARI,0,0,0.0,0,0.0,0.0,0.0,0,0.0,0,4,1,13.0,0,1.3,2.3,,,75.0,214.0,27.327764705882352,4.0,Tennessee,2020.0,2020.0,SF,217.0,-1.0,0.125
2024,6,00-0036259,J.Jennings,WR,SF,SEA,0,0,0.0,0,0.0,0.0,0.0,0,0.0,0,5,3,27.0,0,2.7,5.7,,,75.0,214.0,27.327764705882352,4.0,Tennessee,2020.0,2020.0,SF,217.0,,0.18518518
2024,10,00-0036259,J.Jennings,WR,SF,TB,0,0,0.0,0,0.0,0.0,0.0,0,0.0,0,11,7,93.0,0,9.3,16.3,,,75.0,214.0,27.327764705882352,4.0,Tennessee,2020.0,2020.0,SF,217.0,,0.32352942
2024,11,00-0036259,J.Jennings,WR,SF,SEA,0,0,0.0,0,0.0,0.0,0.0,0,0.0,0,11,10,91.0,1,15.1,25.1,,,75.0,214.0,27.327764705882352,4.0,Tennessee,2020.0,2020.0,SF,217.0,-3.0,0.39285713
2024,12,00-0036259,J.Jennings,WR,SF,GB,0,0,0.0,0,0.0,0.0,0.0,0,0.0,0,7,5,40.0,0,4.0,9.0,,,75.0,214.0,27.327764705882352,4.0,Tennessee,2020.0,2020.0,SF,217.0,,0.26923078
2024,13,00-0036259,J.Jennings,WR,SF,BUF,0,0,0.0,0,0.0,0.0,0.0,0,0.0,0,5,3,56.0,0,5.6,8.6,,,75.0,214.0,27.327764705882352,4.0,Tennessee,2020.0,2020.0,SF,217.0,,0.29411766
2024,14,00-0036259,J.Jennings,WR,SF,CHI,0,0,0.0,0,0.0,0.0,0.0,0,0.0,0,8,7,90.0,2,21.0,28.0,,,75.0,214.0,27.327764705882352,4.0,Tennessee,2020.0,2020.0,SF,217.0,25.0,0.30769232
2024,15,00-0036259,J.Jennings,WR,SF,LA,0,0,0.0,0,0.0,0.0,0.0,0,0.0,0,9,2,31.0,0,3.1,5.1,,,75.0,214.0,27.327764705882352,4.0,Tennessee,2020.0,2020.0,SF,217.0,-6.0,0.29032257
2024,16,00-0036259,J.Jennings,WR,SF,MIA,0,0,0.0,0,0.0,0.0,0.0,0,0.0,0,6,4,51.0,0,5.1,9.1,,,75.0,214.0,27.327764705882352,4.0,Tennessee,2020.0,2020.0,SF,217.0,,0.16216215
2024,17,00-0036259,J.Jennings,WR,SF,DET,0,0,0.0,0,0.0,0.0,0.0,0,0.0,0,10,7,67.0,0,6.7,13.7,,,75.0,214.0,27.327764705882352,4.0,Tennessee,2020.0,2020.0,SF,217.0,-6.0,0.2777778
2024,18,00-0036259,J.Jennings,WR,SF,ARI,0,0,0.0,0,0.0,0.0,0.0,0,0.0,0,10,7,52.0,0,5.2,12.2,,,75.0,214.0,27.327764705882352,4.0,Tennessee,2020.0,2020.0,SF,217.0,,0.23809524
2024,1,00-0036261,B.Aiyuk,WR,SF,NYJ,0,0,0.0,0,0.0,0.0,0.0,0,0.0,0,5,2,28.0,0,2.8,4.8,,,72.0,206.0,26.64329411764706,4.0,Arizona State,2020.0,2020.0,SF,25.0,13.0,0.1724138
2024,2,00-0036261,B.Aiyuk,WR,SF,MIN,0,0,0.0,0,0.0,0.0,0.0,0,0.0,0,5,4,43.0,0,4.3,8.3,,,72.0,206.0,26.64329411764706,4.0,Arizona State,2020.0,2020.0,SF,25.0,,0.1388889
2024,3,00-0036261,B.Aiyuk,WR,SF,LA,0,0,0.0,0,0.0,0.0,0.0,0,0.0,0,10,5,48.0,0,4.8,9.8,,,72.0,206.0,26.64329411764706,4.0,Arizona State,2020.0,2020.0,SF,25.0,,0.33333334
2024,4,00-0036261,B.Aiyuk,WR,SF,NE,0,0,0.0,0,0.0,0.0,0.0,0,0.0,0,5,2,48.0,0,4.8,6.8,,,72.0,206.0,26.64329411764706,4.0,Arizona State,2020.0,2020.0,SF,25.0,17.0,0.1923077
2024,5,00-0036261,B.Aiyuk,WR,SF,ARI,0,0,0.0,0,0.0,0.0,0.0,0,0.0,0,12,8,147.0,0,14.7,22.7,,,72.0,206.0,26.64329411764706,4.0,Arizona State,2020.0,2020.0,SF,25.0,-1.0,0.375
2024,6,00-0036261,B.Aiyuk,WR,SF,SEA,0,0,0.0,0,0.0,0.0,0.0,0,0.0,0,4,2,37.0,0,3.7,5.7,,,72.0,206.0,26.64329411764706,4.0,Arizona State,2020.0,2020.0,SF,25.0,,0.14814815
2024,7,00-0036261,B.Aiyuk,WR,SF,KC,0,0,0.0,0,0.0,0.0,0.0,0,0.0,0,6,2,23.0,0,2.3,4.3,,,72.0,206.0,26.64329411764706,4.0,Arizona State,2020.0,2020.0,SF,25.0,-10.0,0.19354838
2024,1,00-0036264,J.Love,QB,GB,PHI,17,34,260.0,2,1.0,1.0,5.0,0,0.0,0,0,0,0.0,0,16.4,16.4,,,76.0,220.0,26.022222222222222,4.0,Utah State,2020.0,2020.0,GB,26.0,,
2024,4,00-0036264,J.Love,QB,GB,MIN,32,54,389.0,4,3.0,1.0,10.0,1,6.0,0,0,0,0.0,0,28.16,28.16,,,76.0,220.0,26.022222222222222,4.0,Utah State,2020.0,2020.0,GB,26.0,-2.0,
2024,5,00-0036264,J.Love,QB,GB,LA,15,26,224.0,2,1.0,2.0,27.0,3,10.0,0,0,0,0.0,0,15.96,15.96,,,76.0,220.0,26.022222222222222,4.0,Utah State,2020.0,2020.0,GB,26.0,,
2024,6,00-0036264,J.Love,QB,GB,ARI,22,32,258.0,4,1.0,0.0,-0.0,5,13.0,0,0,0,0.0,0,25.62,25.62,,,76.0,220.0,26.022222222222222,4.0,Utah State,2020.0,2020.0,GB,26.0,21.0,
2024,7,00-0036264,J.Love,QB,GB,HOU,24,33,220.0,3,2.0,3.0,25.0,0,0.0,0,0,0,0.0,0,16.8,16.8,,,76.0,220.0,26.022222222222222,4.0,Utah State,2020.0,2020.0,GB,26.0,2.0,
2024,8,00-0036264,J.Love,QB,GB,JAX,14,22,196.0,0,1.0,0.0,-0.0,1,-1.0,0,0,0,0.0,0,5.74,5.74,,,76.0,220.0,26.022222222222222,4.0,Utah State,2020.0,2020.0,GB,26.0,,
2024,9,00-0036264,J.Love,QB,GB,DET,23,39,273.0,0,1.0,0.0,-0.0,3,0.0,0,0,0,0.0,0,10.92,10.92,,,76.0,220.0,26.022222222222222,4.0,Utah State,2020.0,2020.0,GB,26.0,-10.0,
2024,11,00-0036264,J.Love,QB,GB,CHI,13,17,261.0,1,1.0,1.0,1.0,4,18.0,1,0,0,0.0,0,20.24,20.24,,,76.0,220.0,26.022222222222222,4.0,Utah State,2020.0,2020.0,GB,26.0,,
2024,12,00-0036264,J.Love,QB,GB,SF,13,23,163.0,2,0.0,2.0,7.0,1,2.0,0,0,0,0.0,0,14.72,14.72,,,76.0,220.0,26.022222222222222,4.0,Utah State,2020.0,2020.0,GB,26.0,28.0,
2024,13,00-0036264,J.Love,QB,GB,MIA,21,28,274.0,2,0.0,0.0,-0.0,0,0.0,0,0,0,0.0,0,18.96,18.96,,,76.0,220.0,26.022222222222222,4.0,Utah State,2020.0,2020.0,GB,26.0,13.0,
2024,14,00-0036264,J.Love,QB,GB,DET,12,20,206.0,1,0.0,1.0,7.0,4,23.0,0,0,0,0.0,0,14.54,14.54,,,76.0,220.0,26.022222222222222,4.0,Utah State,2020.0,2020.0,GB,26.0,,
2024,15,00-0036264,J.Love,QB,GB,SEA,20,27,229.0,2,0.0,0.0,-0.0,1,4.0,0,0,0,0.0,0,17.56,17.56,,,76.0,220.0,26.022222222222222,4.0,Utah State,2020.0,2020.0,GB,26.0,,
2024,16,00-0036264,J.Love,QB,GB,NO,16,28,182.0,1,0.0,0.0,-0.0,1,2.0,0,0,0,0.0,0,11.48,11.48,,,76.0,220.0,26.022222222222222,4.0,Utah State,2020.0,2020.0,GB,26.0,34.0,
2024,17,00-0036264,J.Love,QB,GB,MIN,19,30,185.0,1,0.0,3.0,18.0,1,6.0,0,0,0,0.0,0,14.0,14.0,,,76.0,220.0,26.022222222222222,4.0,Utah State,2020.0,2020.0,GB,26.0,,
2024,18,00-0036264,J.Love,QB,GB,CHI,7,12,69.0,0,0.0,0.0,-0.0,0,0.0,0,0,0,0.0,0,2.76,2.76,,,76.0,220.0,26.022222222222222,4.0,Utah State,2020.0,2020.0,GB,26.0,-2.0,
2024,19,00-0036264,J.Love,QB,GB,PHI,20,33,212.0,0,3.0,2.0,17.0,2,10.0,0,0,0,0.0,0,3.48,3.48,,,76.0,220.0,26.022222222222222,4.0,Utah State,2020.0,2020.0,GB,26.0,,
2024,1,00-0036268,L.Shenault,WR,SEA,DEN,0,0,0.0,0,0.0,0.0,0.0,1,1.0,0,1,1,0.0,0,0.1,1.1,,,73.0,220.0,26.09888888888889,4.0,Colorado,2020.0,2020.0,JAX,42.0,6.0,0.04
2024,2,00-0036268,L.Shenault,WR,SEA,NE,0,0,0.0,0,0.0,0.0,0.0,0,0.0,0,1,1,6.0,0,0.6,1.6,,,73.0,220.0,26.09888888888889,4.0,Colorado,2020.0,2020.0,JAX,42.0,,0.023255814
2024,3,00-0036268,L.Shenault,WR,SEA,MIA,0,0,0.0,0,0.0,0.0,0.0,0,0.0,0,1,1,2.0,0,0.2,1.2,,,73.0,220.0,26.09888888888889,4.0,Colorado,2020.0,2020.0,JAX,42.0,21.0,0.030303031
2024,4,00-0036268,L.Shenault,WR,SEA,DET,0,0,0.0,0,0.0,0.0,0.0,0,0.0,0,1,1,18.0,0,1.8,2.8,,,73.0,220.0,26.09888888888889,4.0,Colorado,2020.0,2020.0,JAX,42.0,,0.018867925
2024,6,00-0036268,L.Shenault,WR,SEA,SF,0,0,0.0,0,0.0,0.0,0.0,0,0.0,0,0,0,0.0,0,6.0,6.0,,,73.0,220.0,26.09888888888889,4.0,Colorado,2020.0,2020.0,JAX,42.0,-12.0,
2024,8,00-0036268,L.Shenault,WR,SEA,BUF,0,0,0.0,0,0.0,0.0,0.0,0,0.0,0,1,1,10.0,0,1.0,2.0,,,73.0,220.0,26.09888888888889,4.0,Colorado,2020.0,2020.0,JAX,42.0,-21.0,0.037037037
2024,1,00-0036275,D.Swift,RB,CHI,TEN,0,0,0.0,0,0.0,0.0,0.0,10,30.0,0,1,0,0.0,0,5.0,5.0,,,69.0,211.0,25.815823529411766,4.0,Georgia,2020.0,2020.0,DET,35.0,7.0,0.03448276
2024,2,00-0036275,D.Swift,RB,CHI,HOU,0,0,0.0,0,0.0,0.0,0.0,14,18.0,0,5,4,24.0,0,4.2,8.2,,,69.0,211.0,25.815823529411766,4.0,Georgia,2020.0,2020.0,DET,35.0,,0.14705883
2024,3,00-0036275,D.Swift,RB,CHI,IND,0,0,0.0,0,0.0,0.0,0.0,13,20.0,0,4,2,22.0,0,4.2,6.2,,,69.0,211.0,25.815823529411766,4.0,Georgia,2020.0,2020.0,DET,35.0,,0.083333336
2024,4,00-0036275,D.Swift,RB,CHI,LA,0,0,0.0,0,0.0,0.0,0.0,16,93.0,1,7,7,72.0,0,22.5,29.5,,,69.0,211.0,25.815823529411766,4.0,Georgia,2020.0,2020.0,DET,35.0,6.0,0.3181818
2024,5,00-0036275,D.Swift,RB,CHI,CAR,0,0,0.0,0,0.0,0.0,0.0,21,73.0,1,2,2,47.0,0,18.0,20.0,,,69.0,211.0,25.815823529411766,4.0,Georgia,2020.0,2020.0,DET,35.0,26.0,0.071428575
2024,6,00-0036275,D.Swift,RB,CHI,JAX,0,0,0.0,0,0.0,0.0,0.0,17,91.0,1,4,4,28.0,0,17.9,21.9,,,69.0,211.0,25.815823529411766,4.0,Georgia,2020.0,2020.0,DET,35.0,19.0,0.15384616
2024,8,00-0036275,D.Swift,RB,CHI,WAS,0,0,0.0,0,0.0,0.0,0.0,18,129.0,1,0,0,0.0,0,18.9,18.9,,,69.0,211.0,25.815823529411766,4.0,Georgia,2020.0,2020.0,DET,35.0,,
2024,9,00-0036275,D.Swift,RB,CHI,ARI,0,0,0.0,0,0.0,0.0,0.0,16,51.0,0,6,6,31.0,0,8.2,14.2,,,69.0,211.0,25.815823529411766,4.0,Georgia,2020.0,2020.0,DET,35.0,,0.16666667
2024,10,00-0036275,D.Swift,RB,CHI,NE,0,0,0.0,0,0.0,0.0,0.0,16,59.0,0,1,1,6.0,0,6.5,7.5,,,69.0,211.0,25.815823529411766,4.0,Georgia,2020.0,2020.0,DET,35.0,-16.0,0.03846154
2024,11,00-0036275,D.Swift,RB,CHI,GB,0,0,0.0,0,0.0,0.0,0.0,14,71.0,1,2,2,13.0,0,14.4,16.4,,,69.0,211.0,25.815823529411766,4.0,Georgia,2020.0,2020.0,DET,35.0,-1.0,0.06451613
2024,12,00-0036275,D.Swift,RB,CHI,MIN,0,0,0.0,0,0.0,0.0,0.0,13,30.0,0,4,3,35.0,0,6.5,9.5,,,69.0,211.0,25.815823529411766,4.0,Georgia,2020.0,2020.0,DET,35.0,-3.0,0.08510638
2024,13,00-0036275,D.Swift,RB,CHI,DET,0,0,0.0,0,0.0,0.0,0.0,11,39.0,0,3,2,35.0,0,7.4,9.4,,,69.0,211.0,25.815823529411766,4.0,Georgia,2020.0,2020.0,DET,35.0,,0.083333336
2024,14,00-0036275,D.Swift,RB,CHI,SF,0,0,0.0,0,0.0,0.0,0.0,14,38.0,0,2,1,2.0,0,4.0,5.0,,,69.0,211.0,25.815823529411766,4.0,Georgia,2020.0,2020.0,DET,35.0,,0.083333336
2024,15,00-0036275,D.Swift,RB,CHI,MIN,0,0,0.0,0,0.0,0.0,0.0,19,79.0,0,1,1,10.0,0,8.9,9.9,,,69.0,211.0,25.815823529411766,4.0,Georgia,2020.0,2020.0,DET,35.0,,0.032258064
2024,16,00-0036275,D.Swift,RB,CHI,DET,0,0,0.0,0,0.0,0.0,0.0,9,20.0,0,3,3,33.0,0,5.3,8.3,,,69.0,211.0,25.815823529411766,4.0,Georgia,2020.0,2020.0,DET,35.0,-17.0,0.08108108
2024,17,00-0036275,D.Swift,RB,CHI,SEA,0,0,0.0,0,0.0,0.0,0.0,12,53.0,0,5,4,28.0,0,8.1,12.1,,,69.0,211.0,25.815823529411766,4.0,Georgia,2020.0,2020.0,DET,35.0,-3.0,0.1923077
2024,18,00-0036275,D.Swift,RB,CHI,GB,0,0,0.0,0,0.0,0.0,0.0,20,65.0,1,2,0,0.0,0,12.5,12.5,,,69.0,211.0,25.815823529411766,4.0,Georgia,2020.0,2020.0,DET,35.0,,0.083333336
2024,1,00-0036290,C.Kmet,TE,CHI,TEN,0,0,0.0,0,0.0,0.0,0.0,0,0.0,0,1,1,4.0,0,0.4,1.4,,,78.0,258.0,25.66523529411765,4.0,Notre Dame,2020.0,2020.0,CHI,43.0,7.0,0.03448276
2024,2,00-0036290,C.Kmet,TE,CHI,HOU,0,0,0.0,0,0.0,0.0,0.0,0,0.0,0,5,4,27.0,0,2.7,6.7,,,78.0,258.0,25.66523529411765,4.0,Notre Dame,2020.0,2020.0,CHI,43.0,,0.14705883
2024,3,00-0036290,C.Kmet,TE,CHI,IND,0,0,0.0,0,0.0,0.0,0.0,0,0.0,0,11,10,97.0,1,15.7,25.7,,,78.0,258.0,25.66523529411765,4.0,Notre Dame,2020.0,2020.0,CHI,43.0,,0.22916667
2024,4,00-0036290,C.Kmet,TE,CHI,LA,0,0,0.0,0,0.0,0.0,0.0,0,0.0,0,3,3,34.0,0,3.4,6.4,,,78.0,258.0,25.66523529411765,4.0,Notre Dame,2020.0,2020.0,CHI,43.0,6.0,0.13636364
2024,5,00-0036290,C.Kmet,TE,CHI,CAR,0,0,0.0,0,0.0,0.0,0.0,0,0.0,0,4,3,57.0,0,5.7,8.7,,,78.0,258.0,25.66523529411765,4.0,Notre Dame,2020.0,2020.0,CHI,43.0,26.0,0.14285715
2024,6,00-0036290,C.Kmet,TE,CHI,JAX,0,0,0.0,0,0.0,0.0,0.0,0,0.0,0,5,5,70.0,2,19.0,24.0,,,78.0,258.0,25.66523529411765,4.0,Notre Dame,2020.0,2020.0,CHI,43.0,19.0,0.1923077
2024,8,00-0036290,C.Kmet,TE,CHI,WAS,0,0,0.0,0,0.0,0.0,0.0,0,0.0,0,1,1,14.0,0,3.4,4.4,,,78.0,258.0,25.66523529411765,4.0,Notre Dame,2020.0,2020.0,CHI,43.0,,0.04761905
2024,10,00-0036290,C.Kmet,TE,CHI,NE,0,0,0.0,0,0.0,0.0,0.0,0,0.0,0,4,2,13.0,0,1.3,3.3,,,78.0,258.0,25.66523529411765,4.0,Notre Dame,2020.0,2020.0,CHI,43.0,-16.0,0.15384616
2024,11,00-0036290,C.Kmet,TE,CHI,GB,0,0,0.0,0,0.0,0.0,0.0,0,0.0,0,3,3,42.0,0,4.2,7.2,,,78.0,258.0,25.66523529411765,4.0,Notre Dame,2020.0,2020.0,CHI,43.0,-1.0,0.09677419
2024,12,00-0036290,C.Kmet,TE,CHI,MIN,0,0,0.0,0,0.0,0.0,0.0,0,0.0,0,10,7,64.0,0,6.4,13.4,,,78.0,258.0,25.66523529411765,4.0,Notre Dame,2020.0,2020.0,CHI,43.0,-3.0,0.21276596
2024,13,00-0036290,C.Kmet,TE,CHI,DET,0,0,0.0,0,0.0,0.0,0.0,0,0.0,0,3,3,26.0,0,2.6,5.6,,,78.0,258.0,25.66523529411765,4.0,Notre Dame,2020.0,2020.0,CHI,43.0,,0.083333336
2024,15,00-0036290,C.Kmet,TE,CHI,MIN,0,0,0.0,0,0.0,0.0,0.0,0,0.0,0,1,1,14.0,0,1.4,2.4,,,78.0,258.0,25.66523529411765,4.0,Notre Dame,2020.0,2020.0,CHI,43.0,,0.032258064
2024,16,00-0036290,C.Kmet,TE,CHI,DET,0,0,0.0,0,0.0,0.0,0.0,0,0.0,0,2,2,9.0,1,6.9,8.9,,,78.0,258.0,25.66523529411765,4.0,Notre Dame,2020.0,2020.0,CHI,43.0,-17.0,0.054054055
2024,18,00-0036290,C.Kmet,TE,CHI,GB,0,0,0.0,0,0.0,0.0,0.0,0,0.0,0,2,2,3.0,0,0.3,2.3,,,78.0,258.0,25.66523529411765,4.0,Notre Dame,2020.0,2020.0,CHI,43.0,,0.083333336
2024,14,00-0036297,D.Evans,RB,CHI,SF,0,0,0.0,0,0.0,0.0,0.0,3,3.0,0,0,0,0.0,0,0.3,0.3,,,70.0,200.0,26.330823529411767,4.0,Appalachian State,2020.0,2020.0,TEN,93.0,,
2024,1,00-0036309,D.Mooney,WR,ATL,PIT,0,0,0.0,0,0.0,0.0,0.0,0,0.0,0,3,1,15.0,0,1.5,2.5,,,71.0,172.0,27.021058823529412,4.0,Tulane,2020.0,2020.0,CHI,173.0,-8.0,0.13043478
2024,2,00-0036309,D.Mooney,WR,ATL,PHI,0,0,0.0,0,0.0,0.0,0.0,0,0.0,0,7,3,88.0,1,14.8,17.8,,,71.0,172.0,27.021058823529412,4.0,Tulane,2020.0,2020.0,CHI,173.0,,0.2413793
2024,3,00-0036309,D.Mooney,WR,ATL,KC,0,0,0.0,0,0.0,0.0,0.0,0,0.0,0,8,8,66.0,0,6.6,14.6,,,71.0,172.0,27.021058823529412,4.0,Tulane,2020.0,2020.0,CHI,173.0,-5.0,0.2962963
2024,4,00-0036309,D.Mooney,WR,ATL,NO,0,0,0.0,0,0.0,0.0,0.0,0,0.0,0,6,3,56.0,0,5.6,8.6,,,71.0,172.0,27.021058823529412,4.0,Tulane,2020.0,2020.0,CHI,173.0,2.0,0.1764706
2024,5,00-0036309,D.Mooney,WR,ATL,TB,0,1,0.0,0,0.0,0.0,-0.0,0,0.0,0,16,9,105.0,2,22.5,31.5,,,71.0,172.0,27.021058823529412,4.0,Tulane,2020.0,2020.0,CHI,173.0,6.0,0.2962963
2024,6,00-0036309,D.Mooney,WR,ATL,CAR,0,0,0.0,0,0.0,0.0,0.0,0,0.0,0,5,3,38.0,0,3.8,6.8,,,71.0,172.0,27.021058823529412,4.0,Tulane,2020.0,2020.0,CHI,173.0,,0.1724138
2024,7,00-0036309,D.Mooney,WR,ATL,SEA,0,0,0.0,0,0.0,0.0,0.0,0,0.0,0,8,5,46.0,0,4.6,9.6,,,71.0,172.0,27.021058823529412,4.0,Tulane,2020.0,2020.0,CHI,173.0,-20.0,0.22222222
2024,8,00-0036309,D.Mooney,WR,ATL,TB,0,0,0.0,0,0.0,0.0,0.0,0,0.0,0,6,4,86.0,1,14.6,18.6,,,71.0,172.0,27.021058823529412,4.0,Tulane,2020.0,2020.0,CHI,173.0,,0.21428572
2024,9,00-0036309,D.Mooney,WR,ATL,DAL,0,0,0.0,0,0.0,0.0,0.0,0,0.0,0,9,5,88.0,1,14.8,19.8,,,71.0,172.0,27.021058823529412,4.0,Tulane,2020.0,2020.0,CHI,173.0,6.0,0.375
2024,10,00-0036309,D.Mooney,WR,ATL,NO,0,0,0.0,0,0.0,0.0,0.0,0,0.0,0,9,5,96.0,0,9.6,14.6,,,71.0,172.0,27.021058823529412,4.0,Tulane,2020.0,2020.0,CHI,173.0,,0.24324325
2024,11,00-0036309,D.Mooney,WR,ATL,DEN,0,0,0.0,0,0.0,0.0,0.0,0,0.0,0,4,2,27.0,0,2.7,4.7,,,71.0,172.0,27.021058823529412,4.0,Tulane,2020.0,2020.0,CHI,173.0,,0.13793103
2024,13,00-0036309,D.Mooney,WR,ATL,LAC,0,0,0.0,0,0.0,0.0,0.0,0,0.0,0,6,3,20.0,0,2.0,5.0,,,71.0,172.0,27.021058823529412,4.0,Tulane,2020.0,2020.0,CHI,173.0,-4.0,0.15789473
2024,14,00-0036309,D.Mooney,WR,ATL,MIN,0,0,0.0,0,0.0,0.0,0.0,0,0.0,0,7,6,142.0,0,14.2,20.2,,,71.0,172.0,27.021058823529412,4.0,Tulane,2020.0,2020.0,CHI,173.0,,0.1891892
2024,15,00-0036309,D.Mooney,WR,ATL,LV,0,0,0.0,0,0.0,0.0,0.0,0,0.0,0,1,0,0.0,0,0.0,0.0,,,71.0,172.0,27.021058823529412,4.0,Tulane,2020.0,2020.0,CHI,173.0,,0.0625
2024,16,00-0036309,D.Mooney,WR,ATL,NYG,0,0,0.0,0,0.0,0.0,0.0,0,0.0,0,6,5,82.0,0,8.2,13.2,,,71.0,172.0,27.021058823529412,4.0,Tulane,2020.0,2020.0,CHI,173.0,27.0,0.23076923
2024,17,00-0036309,D.Mooney,WR,ATL,WAS,0,0,0.0,0,0.0,0.0,0.0,0,0.0,0,5,2,37.0,0,3.7,5.7,,,71.0,172.0,27.021058823529412,4.0,Tulane,2020.0,2020.0,CHI,173.0,,0.14285715
2024,1,00-0036322,J.Jefferson,WR,MIN,NYG,0,0,0.0,0,0.0,0.0,0.0,0,0.0,0,6,4,59.0,1,11.9,15.9,,,73.0,192.0,25.408722222222224,4.0,Louisiana State,2020.0,2020.0,MIN,22.0,,0.26086956
2024,2,00-0036322,J.Jefferson,WR,MIN,SF,0,0,0.0,0,0.0,0.0,0.0,0,0.0,0,7,4,133.0,1,19.3,23.3,,,73.0,192.0,25.408722222222224,4.0,Louisiana State,2020.0,2020.0,MIN,22.0,6.0,0.29166666
2024,3,00-0036322,J.Jefferson,WR,MIN,HOU,0,0,0.0,0,0.0,0.0,0.0,0,0.0,0,8,6,81.0,1,14.1,20.1,,,73.0,192.0,25.408722222222224,4.0,Louisiana State,2020.0,2020.0,MIN,22.0,27.0,0.32
2024,4,00-0036322,J.Jefferson,WR,MIN,GB,0,0,0.0,0,0.0,0.0,0.0,0,0.0,0,8,6,85.0,1,14.5,20.5,,,73.0,192.0,25.408722222222224,4.0,Louisiana State,2020.0,2020.0,MIN,22.0,,0.2962963
2024,5,00-0036322,J.Jefferson,WR,MIN,NYJ,0,0,0.0,0,0.0,0.0,0.0,0,0.0,0,14,6,92.0,0,9.2,15.2,,,73.0,192.0,25.408722222222224,4.0,Louisiana State,2020.0,2020.0,MIN,22.0,6.0,0.5
2024,7,00-0036322,J.Jefferson,WR,MIN,DET,0,0,0.0,0,0.0,0.0,0.0,1,3.0,0,8,7,81.0,1,14.4,21.4,,,73.0,192.0,25.408722222222224,4.0,Louisiana State,2020.0,2020.0,MIN,22.0,-2.0,0.30769232
2024,8,00-0036322,J.Jefferson,WR,MIN,LA,0,0,0.0,0,0.0,0.0,0.0,0,0.0,0,9,8,115.0,0,11.5,19.5,,,73.0,192.0,25.408722222222224,4.0,Louisiana State,2020.0,2020.0,MIN,22.0,,0.39130434
2024,9,00-0036322,J.Jefferson,WR,MIN,IND,1,1,22.0,0,0.0,0.0,-0.0,0,0.0,0,9,7,137.0,0,14.58,21.58,,,73.0,192.0,25.408722222222224,4.0,Louisiana State,2020.0,2020.0,MIN,22.0,8.0,0.27272728
2024,10,00-0036322,J.Jefferson,WR,MIN,JAX,0,0,0.0,0,0.0,0.0,0.0,0,0.0,0,9,5,48.0,0,4.8,9.8,,,73.0,192.0,25.408722222222224,4.0,Louisiana State,2020.0,2020.0,MIN,22.0,,0.24324325
2024,11,00-0036322,J.Jefferson,WR,MIN,TEN,0,0,0.0,0,0.0,0.0,0.0,0,0.0,0,8,6,81.0,0,8.1,14.1,,,73.0,192.0,25.408722222222224,4.0,Louisiana State,2020.0,2020.0,MIN,22.0,,0.26666668
2024,12,00-0036322,J.Jefferson,WR,MIN,CHI,0,0,0.0,0,0.0,0.0,0.0,0,0.0,0,5,2,27.0,0,2.7,4.7,,,73.0,192.0,25.408722222222224,4.0,Louisiana State,2020.0,2020.0,MIN,22.0,,0.15625
2024,13,00-0036322,J.Jefferson,WR,MIN,ARI,0,0,0.0,0,0.0,0.0,0.0,0,0.0,0,9,7,99.0,0,9.9,16.9,,,73.0,192.0,25.408722222222224,4.0,Louisiana State,2020.0,2020.0,MIN,22.0,1.0,0.3
2024,14,00-0036322,J.Jefferson,WR,MIN,ATL,0,0,0.0,0,0.0,0.0,0.0,0,0.0,0,7,7,132.0,2,25.2,32.2,,,73.0,192.0,25.408722222222224,4.0,Louisiana State,2020.0,2020.0,MIN,22.0,21.0,0.25
2024,15,00-0036322,J.Jefferson,WR,MIN,CHI,0,0,0.0,0,0.0,0.0,0.0,0,0.0,0,14,7,73.0,1,13.3,20.3,,,73.0,192.0,25.408722222222224,4.0,Louisiana State,2020.0,2020.0,MIN,22.0,18.0,0.3783784
2024,16,00-0036322,J.Jefferson,WR,MIN,SEA,0,0,0.0,0,0.0,0.0,0.0,0,0.0,0,13,10,144.0,2,26.4,36.4,,,73.0,192.0,25.408722222222224,4.0,Louisiana State,2020.0,2020.0,MIN,22.0,,0.37142858
2024,17,00-0036322,J.Jefferson,WR,MIN,GB,0,0,0.0,0,0.0,0.0,0.0,0,0.0,0,11,8,92.0,0,9.2,17.2,,,73.0,192.0,25.408722222222224,4.0,Louisiana State,2020.0,2020.0,MIN,22.0,2.0,0.2682927
2024,18,00-0036322,J.Jefferson,WR,MIN,DET,0,0,0.0,0,0.0,0.0,0.0,0,0.0,0,9,3,54.0,0,5.4,8.4,,,73.0,192.0,25.408722222222224,4.0,Louisiana State,2020.0,2020.0,MIN,22.0,,0.23684211
2024,19,00-0036322,J.Jefferson,WR,MIN,LA,0,0,0.0,0,0.0,0.0,0.0,0,0.0,0,8,5,58.0,0,5.8,10.8,,,73.0,192.0,25.408722222222224,4.0,Louisiana State,2020.0,2020.0,MIN,22.0,,0.2
2024,1,00-0036328,A.Gibson,RB,NE,CIN,0,0,0.0,0,0.0,0.0,0.0,7,18.0,0,0,0,0.0,0,1.8,1.8,,,72.0,221.0,26.36935294117647,4.0,Memphis,2020.0,2020.0,WAS,66.0,,
2024,2,00-0036328,A.Gibson,RB,NE,SEA,0,0,0.0,0,0.0,0.0,0.0,11,96.0,0,1,1,7.0,0,10.3,11.3,,,72.0,221.0,26.36935294117647,4.0,Memphis,2020.0,2020.0,WAS,66.0,-3.0,0.041666668
2024,3,00-0036328,A.Gibson,RB,NE,NYJ,0,0,0.0,0,0.0,0.0,0.0,5,29.0,0,3,3,8.0,0,3.7,6.7,,,72.0,221.0,26.36935294117647,4.0,Memphis,2020.0,2020.0,WAS,66.0,,0.125
2024,4,00-0036328,A.Gibson,RB,NE,SF,0,0,0.0,0,0.0,0.0,0.0,6,12.0,0,4,3,67.0,0,7.9,10.9,,,72.0,221.0,26.36935294117647,4.0,Memphis,2020.0,2020.0,WAS,66.0,,0.125
2024,5,00-0036328,A.Gibson,RB,NE,MIA,0,0,0.0,0,0.0,0.0,0.0,6,52.0,0,1,1,4.0,0,5.6,6.6,,,72.0,221.0,26.36935294117647,4.0,Memphis,2020.0,2020.0,WAS,66.0,-5.0,0.033333335
2024,6,00-0036328,A.Gibson,RB,NE,HOU,0,0,0.0,0,0.0,0.0,0.0,13,19.0,0,4,3,24.0,0,4.3,7.3,,,72.0,221.0,26.36935294117647,4.0,Memphis,2020.0,2020.0,WAS,66.0,-20.0,0.12903225
2024,7,00-0036328,A.Gibson,RB,NE,JAX,0,0,0.0,0,0.0,0.0,0.0,3,4.0,0,1,1,9.0,0,1.3,2.3,,,72.0,221.0,26.36935294117647,4.0,Memphis,2020.0,2020.0,WAS,66.0,,0.027777778
2024,8,00-0036328,A.Gibson,RB,NE,NYJ,0,0,0.0,0,0.0,0.0,0.0,5,7.0,0,0,0,0.0,0,0.7,0.7,,,72.0,221.0,26.36935294117647,4.0,Memphis,2020.0,2020.0,WAS,66.0,3.0,
2024,9,00-0036328,A.Gibson,RB,NE,TEN,0,0,0.0,0,0.0,0.0,0.0,1,-1.0,0,1,1,12.0,0,1.1,2.1,,,72.0,221.0,26.36935294117647,4.0,Memphis,2020.0,2020.0,WAS,66.0,,0.025641026
2024,10,00-0036328,A.Gibson,RB,NE,CHI,0,0,0.0,0,0.0,0.0,0.0,5,26.0,0,0,0,0.0,0,2.6,2.6,,,72.0,221.0,26.36935294117647,4.0,Memphis,2020.0,2020.0,WAS,66.0,,
2024,11,00-0036328,A.Gibson,RB,NE,LA,0,0,0.0,0,0.0,0.0,0.0,4,18.0,0,1,1,2.0,0,2.0,3.0,,,72.0,221.0,26.36935294117647,4.0,Memphis,2020.0,2020.0,WAS,66.0,-6.0,0.027027028
2024,12,00-0036328,A.Gibson,RB,NE,MIA,0,0,0.0,0,0.0,0.0,0.0,6,31.0,0,2,1,14.0,0,4.5,5.5,,,72.0,221.0,26.36935294117647,4.0,Memphis,2020.0,2020.0,WAS,66.0,,0.054054055
2024,13,00-0036328,A.Gibson,RB,NE,IND,0,0,0.0,0,0.0,0.0,0.0,7,62.0,1,0,0,0.0,0,12.2,12.2,,,72.0,221.0,26.36935294117647,4.0,Memphis,2020.0,2020.0,WAS,66.0,-1.0,
2024,15,00-0036328,A.Gibson,RB,NE,ARI,0,0,0.0,0,0.0,0.0,0.0,7,33.0,0,2,2,31.0,0,6.4,8.4,,,72.0,221.0,26.36935294117647,4.0,Memphis,2020.0,2020.0,WAS,66.0,,0.08695652
2024,16,00-0036328,A.Gibson,RB,NE,BUF,0,0,0.0,0,0.0,0.0,0.0,10,28.0,0,2,2,8.0,0,3.6,5.6,,,72.0,221.0,26.36935294117647,4.0,Memphis,2020.0,2020.0,WAS,66.0,,0.06451613
2024,17,00-0036328,A.Gibson,RB,NE,LAC,0,0,0.0,0,0.0,0.0,0.0,12,63.0,0,1,0,0.0,0,6.3,6.3,,,72.0,221.0,26.36935294117647,4.0,Memphis,2020.0,2020.0,WAS,66.0,-33.0,0.04347826
2024,18,00-0036328,A.Gibson,RB,NE,BUF,0,0,0.0,0,0.0,0.0,0.0,12,41.0,0,6,4,20.0,0,6.1,10.1,,,72.0,221.0,26.36935294117647,4.0,Memphis,2020.0,2020.0,WAS,66.0,7.0,0.21428572
2024,15,00-0036329,A.Davis,SS,NYJ,JAX,0,0,0.0,0,0.0,0.0,0.0,1,21.0,0,0,0,0.0,0,2.1,2.1,,,73.0,200.0,28.071882352941174,4.0,California,2020.0,2020.0,NYJ,68.0,,
2024,1,00-0036331,D.Duvernay,WR,JAX,MIA,0,0,0.0,0,0.0,0.0,0.0,1,3.0,0,0,0,0.0,0,0.3,0.3,,,71.0,210.0,27.150000000000002,4.0,Texas,2020.0,2020.0,BAL,92.0,,
2024,2,00-0036331,D.Duvernay,WR,JAX,CLE,0,0,0.0,0,0.0,0.0,0.0,1,4.0,0,0,0,0.0,0,0.4,0.4,,,71.0,210.0,27.150000000000002,4.0,Texas,2020.0,2020.0,BAL,92.0,-5.0,
2024,3,00-0036331,D.Duvernay,WR,JAX,BUF,0,0,0.0,0,0.0,0.0,0.0,0,0.0,0,1,1,-1.0,0,-0.1,0.9,,,71.0,210.0,27.150000000000002,4.0,Texas,2020.0,2020.0,BAL,92.0,,0.022727273
2024,5,00-0036331,D.Duvernay,WR,JAX,IND,0,0,0.0,0,0.0,0.0,0.0,1,3.0,0,0,0,0.0,0,0.3,0.3,,,71.0,210.0,27.150000000000002,4.0,Texas,2020.0,2020.0,BAL,92.0,3.0,
2024,11,00-0036331,D.Duvernay,WR,JAX,DET,0,0,0.0,0,0.0,0.0,0.0,0,0.0,0,2,0,0.0,0,0.0,0.0,,,71.0,210.0,27.150000000000002,4.0,Texas,2020.0,2020.0,BAL,92.0,,0.071428575
2024,13,00-0036331,D.Duvernay,WR,JAX,HOU,0,0,0.0,0,0.0,0.0,0.0,0,0.0,0,4,2,23.0,0,2.3,4.3,,,71.0,210.0,27.150000000000002,4.0,Texas,2020.0,2020.0,BAL,92.0,-3.0,0.0952381
2024,14,00-0036331,D.Duvernay,WR,JAX,TEN,0,0,0.0,0,0.0,0.0,0.0,1,-7.0,0,3,3,8.0,0,0.1,3.1,,,71.0,210.0,27.150000000000002,4.0,Texas,2020.0,2020.0,BAL,92.0,,0.1
2024,15,00-0036331,D.Duvernay,WR,JAX,NYJ,0,0,0.0,0,0.0,0.0,0.0,0,0.0,0,4,3,42.0,0,4.2,7.2,,,71.0,210.0,27.150000000000002,4.0,Texas,2020.0,2020.0,BAL,92.0,-7.0,0.093023255
2024,16,00-0036331,D.Duvernay,WR,JAX,LV,0,0,0.0,0,0.0,0.0,0.0,0,0.0,0,1,1,3.0,0,0.3,1.3,,,71.0,210.0,27.150000000000002,4.0,Texas,2020.0,2020.0,BAL,92.0,,0.028571429
2024,17,00-0036331,D.Duvernay,WR,JAX,TEN,0,0,0.0,0,0.0,0.0,0.0,0,0.0,0,1,1,4.0,0,0.4,1.4,,,71.0,210.0,27.150000000000002,4.0,Texas,2020.0,2020.0,BAL,92.0,7.0,0.04761905
2024,3,00-0036332,J.Deguara,TE,JAX,BUF,0,0,0.0,0,0.0,0.0,0.0,0,0.0,0,1,1,8.0,0,0.8,1.8,,,74.0,240.0,27.72494117647059,4.0,Cincinnati,2020.0,2020.0,GB,94.0,,0.022727273
2024,5,00-0036332,J.Deguara,TE,JAX,IND,0,0,0.0,0,0.0,0.0,0.0,0,0.0,0,1,1,2.0,0,0.2,1.2,,,74.0,240.0,27.72494117647059,4.0,Cincinnati,2020.0,2020.0,GB,94.0,3.0,0.029411765
2024,16,00-0036332,J.Deguara,TE,JAX,LV,0,0,0.0,0,0.0,0.0,0.0,0,0.0,0,1,1,4.0,0,0.4,1.4,,,74.0,240.0,27.72494117647059,4.0,Cincinnati,2020.0,2020.0,GB,94.0,,0.028571429
2024,1,00-0036345,K.Osborn,WR,NE,CIN,0,0,0.0,0,0.0,0.0,0.0,0,0.0,0,6,3,21.0,0,2.1,5.1,,,72.0,200.0,27.4353,4.0,Miami,2020.0,2020.0,MIN,176.0,,0.26086956
2024,2,00-0036345,K.Osborn,WR,NE,SEA,0,0,0.0,0,0.0,0.0,0.0,0,0.0,0,2,1,7.0,0,0.7,1.7,,,72.0,200.0,27.4353,4.0,Miami,2020.0,2020.0,MIN,176.0,-3.0,0.083333336
2024,4,00-0036345,K.Osborn,WR,NE,SF,0,0,0.0,0,0.0,0.0,0.0,0,0.0,0,5,1,3.0,0,0.3,1.3,,,72.0,200.0,27.4353,4.0,Miami,2020.0,2020.0,MIN,176.0,,0.15625
2024,7,00-0036345,K.Osborn,WR,NE,JAX,0,0,0.0,0,0.0,0.0,0.0,0,0.0,0,3,2,26.0,1,8.6,10.6,,,72.0,200.0,27.4353,4.0,Miami,2020.0,2020.0,MIN,176.0,,0.083333336
2024,8,00-0036345,K.Osborn,WR,NE,NYJ,0,0,0.0,0,0.0,0.0,0.0,0,0.0,0,1,0,0.0,0,0.0,0.0,,,72.0,200.0,27.4353,4.0,Miami,2020.0,2020.0,MIN,176.0,3.0,0.03448276
2024,10,00-0036345,K.Osborn,WR,NE,CHI,0,0,0.0,0,0.0,0.0,0.0,0,0.0,0,1,0,0.0,0,0.0,0.0,,,72.0,200.0,27.4353,4.0,Miami,2020.0,2020.0,MIN,176.0,,0.04347826
2024,1,00-0036355,J.Herbert,QB,LAC,LV,17,26,144.0,1,0.0,1.0,4.0,4,6.0,0,0,0,0.0,0,10.36,10.36,,,78.0,237.0,26.677,4.0,Oregon,2020.0,2020.0,LAC,6.0,12.0,
2024,2,00-0036355,J.Herbert,QB,LAC,CAR,14,20,130.0,2,1.0,1.0,-0.0,6,18.0,0,0,0,0.0,0,11.0,11.0,,,78.0,237.0,26.677,4.0,Oregon,2020.0,2020.0,LAC,6.0,,
2024,3,00-0036355,J.Herbert,QB,LAC,PIT,12,18,125.0,1,0.0,2.0,16.0,1,0.0,0,0,0,0.0,0,9.0,9.0,,,78.0,237.0,26.677,4.0,Oregon,2020.0,2020.0,LAC,6.0,,
2024,4,00-0036355,J.Herbert,QB,LAC,KC,16,27,179.0,1,0.0,2.0,10.0,3,0.0,0,0,0,0.0,0,11.16,11.16,,,78.0,237.0,26.677,4.0,Oregon,2020.0,2020.0,LAC,6.0,-7.0,
2024,6,00-0036355,J.Herbert,QB,LAC,DEN,21,34,237.0,1,0.0,3.0,15.0,4,2.0,0,0,0,0.0,0,13.68,13.68,,,78.0,237.0,26.677,4.0,Oregon,2020.0,2020.0,LAC,6.0,,
2024,7,00-0036355,J.Herbert,QB,LAC,ARI,27,39,349.0,0,0.0,3.0,13.0,2,8.0,0,0,0,0.0,0,14.76,14.76,,,78.0,237.0,26.677,4.0,Oregon,2020.0,2020.0,LAC,6.0,,
2024,8,00-0036355,J.Herbert,QB,LAC,NO,20,32,279.0,2,0.0,3.0,23.0,4,49.0,0,0,0,0.0,0,24.06,24.06,,,78.0,237.0,26.677,4.0,Oregon,2020.0,2020.0,LAC,6.0,18.0,
2024,9,00-0036355,J.Herbert,QB,LAC,CLE,18,27,282.0,2,0.0,6.0,36.0,3,2.0,0,0,0,0.0,0,19.48,19.48,,,78.0,237.0,26.677,4.0,Oregon,2020.0,2020.0,LAC,6.0,,
2024,10,00-0036355,J.Herbert,QB,LAC,TEN,14,18,164.0,1,0.0,0.0,-0.0,9,32.0,1,0,0,0.0,0,19.76,19.76,,,78.0,237.0,26.677,4.0,Oregon,2020.0,2020.0,LAC,6.0,10.0,
2024,11,00-0036355,J.Herbert,QB,LAC,CIN,17,36,297.0,2,0.0,2.0,17.0,5,65.0,0,0,0,0.0,0,24.38,24.38,,,78.0,237.0,26.677,4.0,Oregon,2020.0,2020.0,LAC,6.0,7.0,
2024,12,00-0036355,J.Herbert,QB,LAC,BAL,21,36,218.0,0,0.0,4.0,16.0,4,29.0,1,0,0,0.0,0,17.62,17.62,,,78.0,237.0,26.677,4.0,Oregon,2020.0,2020.0,LAC,6.0,-7.0,
2024,13,00-0036355,J.Herbert,QB,LAC,ATL,16,23,147.0,0,0.0,5.0,19.0,5,1.0,0,0,0,0.0,0,7.98,7.98,,,78.0,237.0,26.677,4.0,Oregon,2020.0,2020.0,LAC,6.0,,
2024,14,00-0036355,J.Herbert,QB,LAC,KC,21,30,213.0,1,0.0,3.0,19.0,4,12.0,0,0,0,0.0,0,13.72,13.72,,,78.0,237.0,26.677,4.0,Oregon,2020.0,2020.0,LAC,6.0,,
2024,15,00-0036355,J.Herbert,QB,LAC,TB,21,33,195.0,2,1.0,3.0,25.0,0,0.0,0,0,0,0.0,0,13.8,13.8,,,78.0,237.0,26.677,4.0,Oregon,2020.0,2020.0,LAC,6.0,-23.0,
2024,16,00-0036355,J.Herbert,QB,LAC,DEN,23,31,284.0,2,1.0,2.0,21.0,8,28.0,0,0,0,0.0,0,22.16,22.16,,,78.0,237.0,26.677,4.0,Oregon,2020.0,2020.0,LAC,6.0,7.0,
2024,17,00-0036355,J.Herbert,QB,LAC,NE,26,38,281.0,3,0.0,0.0,-0.0,3,12.0,0,0,0,0.0,0,24.44,24.44,,,78.0,237.0,26.677,4.0,Oregon,2020.0,2020.0,LAC,6.0,,
2024,18,00-0036355,J.Herbert,QB,LAC,LV,28,36,346.0,2,0.0,1.0,10.0,4,42.0,0,0,0,0.0,0,28.04,28.04,,,78.0,237.0,26.677,4.0,Oregon,2020.0,2020.0,LAC,6.0,,
2024,19,00-0036355,J.Herbert,QB,LAC,HOU,14,32,242.0,1,4.0,4.0,31.0,0,0.0,0,0,0,0.0,0,5.68,5.68,,,78.0,237.0,26.677,4.0,Oregon,2020.0,2020.0,LAC,6.0,,
2024,1,00-0036358,C.Lamb,WR,DAL,CLE,0,0,0.0,0,0.0,0.0,0.0,3,25.0,0,10,5,61.0,0,8.6,13.6,,,74.0,189.0,25.586,4.0,Oklahoma,2020.0,2020.0,DAL,17.0,,0.32258064
2024,2,00-0036358,C.Lamb,WR,DAL,NO,0,0,0.0,0,0.0,0.0,0.0,0,0.0,0,7,4,90.0,1,15.0,19.0,,,74.0,189.0,25.586,4.0,Oklahoma,2020.0,2020.0,DAL,17.0,-25.0,0.17073171
2024,3,00-0036358,C.Lamb,WR,DAL,BAL,0,0,0.0,0,0.0,0.0,0.0,0,0.0,0,7,4,67.0,0,4.7,8.7,,,74.0,189.0,25.586,4.0,Oklahoma,2020.0,2020.0,DAL,17.0,-3.0,0.14
2024,4,00-0036358,C.Lamb,WR,DAL,NYG,0,0,0.0,0,0.0,0.0,0.0,3,8.0,0,8,7,98.0,1,16.6,23.6,,,74.0,189.0,25.586,4.0,Oklahoma,2020.0,2020.0,DAL,17.0,,0.30769232
2024,5,00-0036358,C.Lamb,WR,DAL,PIT,0,0,0.0,0,0.0,0.0,0.0,1,2.0,0,9,5,62.0,0,6.4,11.4,,,74.0,189.0,25.586,4.0,Oklahoma,2020.0,2020.0,DAL,17.0,,0.2195122
2024,6,00-0036358,C.Lamb,WR,DAL,DET,0,0,0.0,0,0.0,0.0,0.0,1,2.0,0,14,7,89.0,0,9.1,16.1,,,74.0,189.0,25.586,4.0,Oklahoma,2020.0,2020.0,DAL,17.0,-38.0,0.3255814
2024,8,00-0036358,C.Lamb,WR,DAL,SF,0,0,0.0,0,0.0,0.0,0.0,0,0.0,0,17,13,146.0,2,26.6,39.6,,,74.0,189.0,25.586,4.0,Oklahoma,2020.0,2020.0,DAL,17.0,,0.45945945
2024,9,00-0036358,C.Lamb,WR,DAL,ATL,0,0,0.0,0,0.0,0.0,0.0,2,15.0,0,12,8,47.0,0,8.2,16.2,,,74.0,189.0,25.586,4.0,Oklahoma,2020.0,2020.0,DAL,17.0,,0.25
2024,10,00-0036358,C.Lamb,WR,DAL,PHI,0,0,0.0,0,0.0,0.0,0.0,1,3.0,0,10,6,21.0,0,2.4,8.4,,,74.0,189.0,25.586,4.0,Oklahoma,2020.0,2020.0,DAL,17.0,-28.0,0.3448276
2024,11,00-0036358,C.Lamb,WR,DAL,HOU,0,0,0.0,0,0.0,0.0,0.0,1,13.0,0,12,8,93.0,0,10.6,18.6,,,74.0,189.0,25.586,4.0,Oklahoma,2020.0,2020.0,DAL,17.0,-24.0,0.22222222
2024,12,00-0036358,C.Lamb,WR,DAL,WAS,0,0,0.0,0,0.0,0.0,0.0,1,1.0,0,12,10,67.0,0,6.8,16.8,,,74.0,189.0,25.586,4.0,Oklahoma,2020.0,2020.0,DAL,17.0,,0.375
2024,13,00-0036358,C.Lamb,WR,DAL,NYG,0,0,0.0,0,0.0,0.0,0.0,0,0.0,0,6,2,39.0,0,3.9,5.9,,,74.0,189.0,25.586,4.0,Oklahoma,2020.0,2020.0,DAL,17.0,7.0,0.16666667
2024,14,00-0036358,C.Lamb,WR,DAL,CIN,0,0,0.0,0,0.0,0.0,0.0,1,1.0,0,7,6,93.0,1,15.4,21.4,,,74.0,189.0,25.586,4.0,Oklahoma,2020.0,2020.0,DAL,17.0,-7.0,0.22580644
2024,15,00-0036358,C.Lamb,WR,DAL,CAR,0,0,0.0,0,0.0,0.0,0.0,0,0.0,0,13,9,116.0,1,17.6,26.6,,,74.0,189.0,25.586,4.0,Oklahoma,2020.0,2020.0,DAL,17.0,,0.4642857
2024,16,00-0036358,C.Lamb,WR,DAL,TB,0,0,0.0,0,0.0,0.0,0.0,0,0.0,0,8,7,105.0,0,10.5,17.5,,,74.0,189.0,25.586,4.0,Oklahoma,2020.0,2020.0,DAL,17.0,2.0,0.24242425
2024,17,00-0036360,C.Edwards-Helaire,RB,NO,LV,0,0,0.0,0,0.0,0.0,0.0,5,20.0,0,4,2,10.0,0,3.0,5.0,,,67.0,209.0,25.57929411764706,4.0,Louisiana State,2020.0,2020.0,KC,32.0,-15.0,0.11764706
2024,18,00-0036360,C.Edwards-Helaire,RB,NO,TB,0,0,0.0,0,0.0,0.0,0.0,8,26.0,0,1,1,14.0,0,4.0,5.0,,,67.0,209.0,25.57929411764706,4.0,Louisiana State,2020.0,2020.0,KC,32.0,,0.025641026
2024,18,00-0036370,J.Kelley,RB,TEN,HOU,0,0,0.0,0,0.0,0.0,0.0,1,2.0,0,0,0,0.0,0,0.2,0.2,,,71.0,219.0,27.02116666666667,4.0,UCLA,2020.0,2020.0,LAC,112.0,-9.0,
2024,7,00-0036387,J.Reagor,WR,LAC,ARI,0,0,0.0,0,0.0,0.0,0.0,1,-1.0,0,1,1,41.0,0,2.0,3.0,,,71.0,195.0,25.860722222222222,4.0,Texas Christian,2020.0,2020.0,PHI,21.0,,0.027027028
2024,8,00-0036387,J.Reagor,WR,LAC,NO,0,0,0.0,0,0.0,0.0,0.0,0,0.0,0,2,2,35.0,0,3.5,5.5,,,71.0,195.0,25.860722222222222,4.0,Texas Christian,2020.0,2020.0,PHI,21.0,18.0,0.06666667
2024,9,00-0036387,J.Reagor,WR,LAC,CLE,0,0,0.0,0,0.0,0.0,0.0,0,0.0,0,2,1,0.0,0,0.0,1.0,,,71.0,195.0,25.860722222222222,4.0,Texas Christian,2020.0,2020.0,PHI,21.0,,0.07692308
2024,10,00-0036387,J.Reagor,WR,LAC,TEN,0,0,0.0,0,0.0,0.0,0.0,2,-2.0,0,1,0,0.0,0,-0.2,-0.2,,,71.0,195.0,25.860722222222222,4.0,Texas Christian,2020.0,2020.0,PHI,21.0,10.0,0.055555556
2024,11,00-0036387,J.Reagor,WR,LAC,CIN,0,0,0.0,0,0.0,0.0,0.0,0,0.0,0,1,0,0.0,0,0.0,0.0,,,71.0,195.0,25.860722222222222,4.0,Texas Christian,2020.0,2020.0,PHI,21.0,7.0,0.030303031
2024,12,00-0036387,J.Reagor,WR,LAC,BAL,0,0,0.0,0,0.0,0.0,0.0,0,0.0,0,4,2,20.0,0,2.0,4.0,,,71.0,195.0,25.860722222222222,4.0,Texas Christian,2020.0,2020.0,PHI,21.0,-7.0,0.11111111
2024,14,00-0036387,J.Reagor,WR,LAC,KC,0,0,0.0,0,0.0,0.0,0.0,0,0.0,0,1,1,4.0,0,0.4,1.4,,,71.0,195.0,25.860722222222222,4.0,Texas Christian,2020.0,2020.0,PHI,21.0,,0.03448276
2024,1,00-0036389,J.Hurts,QB,PHI,GB,20,34,278.0,2,2.0,2.0,12.0,13,33.0,0,0,0,0.0,0,16.42,16.42,,,73.0,218.0,26.29647619047619,4.0,Oklahoma,2020.0,2020.0,PHI,53.0,5.0,
2024,2,00-0036389,J.Hurts,QB,PHI,ATL,23,30,183.0,1,1.0,1.0,4.0,13,85.0,1,0,0,0.0,0,23.82,23.82,,,73.0,218.0,26.29647619047619,4.0,Oklahoma,2020.0,2020.0,PHI,53.0,-1.0,
2024,3,00-0036389,J.Hurts,QB,PHI,NO,29,38,311.0,0,1.0,4.0,23.0,8,25.0,0,0,0,0.0,0,10.94,10.94,,,73.0,218.0,26.29647619047619,4.0,Oklahoma,2020.0,2020.0,PHI,53.0,,
2024,4,00-0036389,J.Hurts,QB,PHI,TB,18,30,158.0,1,0.0,6.0,44.0,8,20.0,1,0,0,0.0,0,16.32,16.32,,,73.0,218.0,26.29647619047619,4.0,Oklahoma,2020.0,2020.0,PHI,53.0,,
2024,6,00-0036389,J.Hurts,QB,PHI,CLE,16,25,264.0,2,0.0,1.0,8.0,14,33.0,0,0,0,0.0,0,21.86,21.86,,,73.0,218.0,26.29647619047619,4.0,Oklahoma,2020.0,2020.0,PHI,53.0,4.0,
2024,7,00-0036389,J.Hurts,QB,PHI,NYG,10,14,114.0,1,0.0,4.0,36.0,7,22.0,2,0,0,0.0,0,22.76,22.76,,,73.0,218.0,26.29647619047619,4.0,Oklahoma,2020.0,2020.0,PHI,53.0,,
2024,8,00-0036389,J.Hurts,QB,PHI,CIN,16,20,236.0,1,0.0,0.0,-0.0,10,37.0,3,0,0,0.0,0,35.14,35.14,,,73.0,218.0,26.29647619047619,4.0,Oklahoma,2020.0,2020.0,PHI,53.0,,
2024,9,00-0036389,J.Hurts,QB,PHI,JAX,18,24,230.0,2,0.0,3.0,20.0,13,67.0,1,0,0,0.0,0,29.9,29.9,,,73.0,218.0,26.29647619047619,4.0,Oklahoma,2020.0,2020.0,PHI,53.0,5.0,
2024,10,00-0036389,J.Hurts,QB,PHI,DAL,14,20,202.0,2,1.0,5.0,46.0,7,56.0,2,0,0,0.0,0,29.68,29.68,,,73.0,218.0,26.29647619047619,4.0,Oklahoma,2020.0,2020.0,PHI,53.0,,
2024,11,00-0036389,J.Hurts,QB,PHI,WAS,18,28,221.0,0,0.0,2.0,15.0,10,39.0,1,0,0,0.0,0,18.74,18.74,,,73.0,218.0,26.29647619047619,4.0,Oklahoma,2020.0,2020.0,PHI,53.0,8.0,
2024,12,00-0036389,J.Hurts,QB,PHI,LA,15,22,179.0,1,0.0,1.0,12.0,12,39.0,0,0,0,0.0,0,15.06,15.06,,,73.0,218.0,26.29647619047619,4.0,Oklahoma,2020.0,2020.0,PHI,53.0,,
2024,13,00-0036389,J.Hurts,QB,PHI,BAL,11,19,118.0,1,0.0,2.0,6.0,9,29.0,1,0,0,0.0,0,17.62,17.62,,,73.0,218.0,26.29647619047619,4.0,Oklahoma,2020.0,2020.0,PHI,53.0,,
2024,14,00-0036389,J.Hurts,QB,PHI,CAR,14,21,108.0,2,0.0,4.0,25.0,8,59.0,1,0,0,0.0,0,24.22,24.22,,,73.0,218.0,26.29647619047619,4.0,Oklahoma,2020.0,2020.0,PHI,53.0,6.0,
2024,15,00-0036389,J.Hurts,QB,PHI,PIT,25,32,290.0,2,0.0,3.0,20.0,15,45.0,1,0,0,0.0,0,28.1,28.1,,,73.0,218.0,26.29647619047619,4.0,Oklahoma,2020.0,2020.0,PHI,53.0,14.0,
2024,16,00-0036389,J.Hurts,QB,PHI,WAS,1,4,11.0,0,0.0,0.0,-0.0,3,41.0,0,0,0,0.0,0,4.54,4.54,,,73.0,218.0,26.29647619047619,4.0,Oklahoma,2020.0,2020.0,PHI,53.0,,
2024,19,00-0036389,J.Hurts,QB,PHI,GB,13,21,131.0,2,0.0,2.0,10.0,6,36.0,0,0,0,0.0,0,16.84,16.84,,,73.0,218.0,26.29647619047619,4.0,Oklahoma,2020.0,2020.0,PHI,53.0,12.0,
2024,20,00-0036389,J.Hurts,QB,PHI,LA,15,20,128.0,0,0.0,7.0,63.0,7,70.0,1,0,0,0.0,0,18.12,18.12,,,73.0,218.0,26.29647619047619,4.0,Oklahoma,2020.0,2020.0,PHI,53.0,6.0,
2024,21,00-0036389,J.Hurts,QB,PHI,WAS,20,28,246.0,1,0.0,2.0,16.0,10,16.0,3,0,0,0.0,0,33.44,33.44,,,73.0,218.0,26.29647619047619,4.0,Oklahoma,2020.0,2020.0,PHI,53.0,32.0,
2024,22,00-0036389,J.Hurts,QB,PHI,KC,17,22,221.0,2,1.0,2.0,11.0,11,72.0,1,0,0,0.0,0,28.04,28.04,,,73.0,218.0,26.29647619047619,4.0,Oklahoma,2020.0,2020.0,PHI,53.0,18.0,
2024,1,00-0036407,J.Jeudy,WR,CLE,DAL,0,0,0.0,0,0.0,0.0,0.0,0,0.0,0,8,3,25.0,1,8.5,11.5,,,73.0,192.0,25.538941176470587,4.0,Alabama,2020.0,2020.0,DEN,15.0,-16.0,0.18604651
2024,2,00-0036407,J.Jeudy,WR,CLE,JAX,0,0,0.0,0,0.0,0.0,0.0,0,0.0,0,6,5,73.0,0,7.3,12.3,,,73.0,192.0,25.538941176470587,4.0,Alabama,2020.0,2020.0,DEN,15.0,,0.18181819
2024,3,00-0036407,J.Jeudy,WR,CLE,NYG,0,0,0.0,0,0.0,0.0,0.0,0,0.0,0,7,4,27.0,0,4.7,8.7,,,73.0,192.0,25.538941176470587,4.0,Alabama,2020.0,2020.0,DEN,15.0,-6.0,0.2
2024,4,00-0036407,J.Jeudy,WR,CLE,LV,0,0,0.0,0,0.0,0.0,0.0,0,0.0,0,9,6,72.0,0,7.2,13.2,,,73.0,192.0,25.538941176470587,4.0,Alabama,2020.0,2020.0,DEN,15.0,,0.28125
2024,5,00-0036407,J.Jeudy,WR,CLE,WAS,0,0,0.0,0,0.0,0.0,0.0,0,0.0,0,3,1,16.0,0,1.6,2.6,,,73.0,192.0,25.538941176470587,4.0,Alabama,2020.0,2020.0,DEN,15.0,,0.10714286
2024,6,00-0036407,J.Jeudy,WR,CLE,PHI,0,0,0.0,0,0.0,0.0,0.0,0,0.0,0,3,1,35.0,0,3.5,4.5,,,73.0,192.0,25.538941176470587,4.0,Alabama,2020.0,2020.0,DEN,15.0,,0.13043478
2024,7,00-0036407,J.Jeudy,WR,CLE,CIN,0,0,0.0,0,0.0,0.0,0.0,0,0.0,0,6,1,18.0,0,1.8,2.8,,,73.0,192.0,25.538941176470587,4.0,Alabama,2020.0,2020.0,DEN,15.0,-7.0,0.125
2024,8,00-0036407,J.Jeudy,WR,CLE,BAL,0,0,0.0,0,0.0,0.0,0.0,0,0.0,0,8,5,79.0,0,7.9,12.9,,,73.0,192.0,25.538941176470587,4.0,Alabama,2020.0,2020.0,DEN,15.0,5.0,0.19512194
2024,9,00-0036407,J.Jeudy,WR,CLE,LAC,0,0,0.0,0,0.0,0.0,0.0,0,0.0,0,11,7,73.0,0,7.3,14.3,,,73.0,192.0,25.538941176470587,4.0,Alabama,2020.0,2020.0,DEN,15.0,-17.0,0.23913044
2024,11,00-0036407,J.Jeudy,WR,CLE,NO,0,0,0.0,0,0.0,0.0,0.0,0,0.0,0,11,6,142.0,1,20.2,26.2,,,73.0,192.0,25.538941176470587,4.0,Alabama,2020.0,2020.0,DEN,15.0,,0.24444444
2024,12,00-0036407,J.Jeudy,WR,CLE,PIT,0,0,0.0,0,0.0,0.0,0.0,0,0.0,0,6,6,85.0,0,8.5,14.5,,,73.0,192.0,25.538941176470587,4.0,Alabama,2020.0,2020.0,DEN,15.0,5.0,0.22222222
2024,13,00-0036407,J.Jeudy,WR,CLE,DEN,0,0,0.0,0,0.0,0.0,0.0,0,0.0,0,13,9,235.0,1,31.5,40.5,,,73.0,192.0,25.538941176470587,4.0,Alabama,2020.0,2020.0,DEN,15.0,,0.22807017
2024,14,00-0036407,J.Jeudy,WR,CLE,PIT,0,0,0.0,0,0.0,0.0,0.0,0,0.0,0,6,5,64.0,1,12.4,17.4,,,73.0,192.0,25.538941176470587,4.0,Alabama,2020.0,2020.0,DEN,15.0,,0.16216215
2024,15,00-0036407,J.Jeudy,WR,CLE,KC,0,0,0.0,0,0.0,0.0,0.0,0,0.0,0,14,11,108.0,0,10.8,21.8,,,73.0,192.0,25.538941176470587,4.0,Alabama,2020.0,2020.0,DEN,15.0,-14.0,0.4375
2024,16,00-0036407,J.Jeudy,WR,CLE,CIN,0,0,0.0,0,0.0,0.0,0.0,0,0.0,0,3,2,20.0,0,2.0,4.0,,,73.0,192.0,25.538941176470587,4.0,Alabama,2020.0,2020.0,DEN,15.0,,0.09677419
2024,17,00-0036407,J.Jeudy,WR,CLE,MIA,0,0,0.0,0,0.0,0.0,0.0,0,0.0,0,18,12,94.0,0,9.4,21.4,,,73.0,192.0,25.538941176470587,4.0,Alabama,2020.0,2020.0,DEN,15.0,-17.0,0.41860464
2024,18,00-0036407,J.Jeudy,WR,CLE,BAL,0,0,0.0,0,0.0,0.0,0.0,0,0.0,0,13,6,63.0,0,6.3,12.3,,,73.0,192.0,25.538941176470587,4.0,Alabama,2020.0,2020.0,DEN,15.0,,0.3939394
2024,3,00-0036410,T.Higgins,WR,CIN,WAS,0,0,0.0,0,0.0,0.0,0.0,0,0.0,0,6,3,39.0,0,3.9,6.9,,,76.0,210.0,25.799529411764706,4.0,Clemson,2020.0,2020.0,CIN,33.0,-5.0,0.15789473
2024,4,00-0036410,T.Higgins,WR,CIN,CAR,0,0,0.0,0,0.0,0.0,0.0,0,0.0,0,10,6,60.0,0,6.0,12.0,,,76.0,210.0,25.799529411764706,4.0,Clemson,2020.0,2020.0,CIN,33.0,,0.33333334
2024,5,00-0036410,T.Higgins,WR,CIN,BAL,0,0,0.0,0,0.0,0.0,0.0,0,0.0,0,14,9,83.0,2,20.3,29.3,,,76.0,210.0,25.799529411764706,4.0,Clemson,2020.0,2020.0,CIN,33.0,-3.0,0.35897437
2024,6,00-0036410,T.Higgins,WR,CIN,NYG,0,0,0.0,0,0.0,0.0,0.0,0,0.0,0,7,7,77.0,0,7.7,14.7,,,76.0,210.0,25.799529411764706,4.0,Clemson,2020.0,2020.0,CIN,33.0,,0.3043478
2024,7,00-0036410,T.Higgins,WR,CIN,CLE,0,0,0.0,0,0.0,0.0,0.0,0,0.0,0,8,4,82.0,1,14.2,18.2,,,76.0,210.0,25.799529411764706,4.0,Clemson,2020.0,2020.0,CIN,33.0,,0.33333334
2024,11,00-0036410,T.Higgins,WR,CIN,LAC,0,0,0.0,0,0.0,0.0,0.0,0,0.0,0,13,9,148.0,1,20.8,29.8,,,76.0,210.0,25.799529411764706,4.0,Clemson,2020.0,2020.0,CIN,33.0,,0.2826087
2024,13,00-0036410,T.Higgins,WR,CIN,PIT,0,0,0.0,0,0.0,0.0,0.0,0,0.0,0,10,5,69.0,1,12.9,17.9,,,76.0,210.0,25.799529411764706,4.0,Clemson,2020.0,2020.0,CIN,33.0,-6.0,0.27027026
2024,14,00-0036410,T.Higgins,WR,CIN,DAL,0,0,0.0,0,0.0,0.0,0.0,0,0.0,0,5,2,23.0,0,2.3,4.3,,,76.0,210.0,25.799529411764706,4.0,Clemson,2020.0,2020.0,CIN,33.0,,0.11627907
2024,15,00-0036410,T.Higgins,WR,CIN,TEN,0,0,0.0,0,0.0,0.0,0.0,0,0.0,0,8,5,88.0,1,14.8,19.8,,,76.0,210.0,25.799529411764706,4.0,Clemson,2020.0,2020.0,CIN,33.0,,0.22857143
2024,16,00-0036410,T.Higgins,WR,CIN,CLE,0,0,0.0,0,0.0,0.0,0.0,0,0.0,0,11,8,58.0,1,11.8,19.8,,,76.0,210.0,25.799529411764706,4.0,Clemson,2020.0,2020.0,CIN,33.0,18.0,0.39285713
2024,17,00-0036410,T.Higgins,WR,CIN,DEN,0,0,0.0,0,0.0,0.0,0.0,0,0.0,0,12,11,131.0,3,29.1,40.1,,,76.0,210.0,25.799529411764706,4.0,Clemson,2020.0,2020.0,CIN,33.0,6.0,0.24489796
2024,18,00-0036410,T.Higgins,WR,CIN,PIT,0,0,0.0,0,0.0,0.0,0.0,0,0.0,0,5,4,53.0,0,5.3,9.3,,,76.0,210.0,25.799529411764706,4.0,Clemson,2020.0,2020.0,CIN,33.0,,0.10869565
2024,2,00-0036414,C.Akers,RB,HOU,CHI,0,0,0.0,0,0.0,0.0,0.0,7,32.0,0,1,1,3.0,0,1.5,2.5,,,70.0,212.0,25.387947368421052,4.0,Florida State,2020.0,2020.0,LA,52.0,6.0,0.029411765
2024,3,00-0036414,C.Akers,RB,HOU,MIN,0,0,0.0,0,0.0,0.0,0.0,9,21.0,0,3,1,8.0,1,8.9,9.9,,,70.0,212.0,25.387947368421052,4.0,Florida State,2020.0,2020.0,LA,52.0,,0.069767445
2024,4,00-0036414,C.Akers,RB,HOU,JAX,0,0,0.0,0,0.0,0.0,0.0,13,53.0,0,0,0,0.0,0,5.3,5.3,,,70.0,212.0,25.387947368421052,4.0,Florida State,2020.0,2020.0,LA,52.0,4.0,
2024,5,00-0036414,C.Akers,RB,HOU,BUF,0,0,0.0,0,0.0,0.0,0.0,9,42.0,1,3,2,5.0,0,10.7,12.7,,,70.0,212.0,25.387947368421052,4.0,Florida State,2020.0,2020.0,LA,52.0,3.0,0.08571429
2024,6,00-0036414,C.Akers,RB,HOU,NE,0,0,0.0,0,0.0,0.0,0.0,2,-1.0,0,0,0,0.0,0,-0.1,-0.1,,,70.0,212.0,25.387947368421052,4.0,Florida State,2020.0,2020.0,LA,52.0,,
2024,9,00-0036414,C.Akers,RB,MIN,IND,0,0,0.0,0,0.0,0.0,0.0,6,46.0,0,2,2,7.0,0,5.3,7.3,,,70.0,212.0,25.387947368421052,4.0,Florida State,2020.0,2020.0,LA,52.0,8.0,0.060606062
2024,10,00-0036414,C.Akers,RB,MIN,JAX,0,0,0.0,0,0.0,0.0,0.0,13,38.0,0,1,1,9.0,0,4.7,5.7,,,70.0,212.0,25.387947368421052,4.0,Florida State,2020.0,2020.0,LA,52.0,,0.027027028
2024,11,00-0036414,C.Akers,RB,MIN,TEN,0,0,0.0,0,0.0,0.0,0.0,10,25.0,0,2,2,11.0,1,9.6,11.6,,,70.0,212.0,25.387947368421052,4.0,Florida State,2020.0,2020.0,LA,52.0,,0.06666667
2024,12,00-0036414,C.Akers,RB,MIN,CHI,0,0,0.0,0,0.0,0.0,0.0,3,19.0,0,1,1,6.0,0,2.5,3.5,,,70.0,212.0,25.387947368421052,4.0,Florida State,2020.0,2020.0,LA,52.0,,0.03125
2024,13,00-0036414,C.Akers,RB,MIN,ARI,0,0,0.0,0,0.0,0.0,0.0,4,22.0,0,0,0,0.0,0,2.2,2.2,,,70.0,212.0,25.387947368421052,4.0,Florida State,2020.0,2020.0,LA,52.0,1.0,
2024,14,00-0036414,C.Akers,RB,MIN,ATL,0,0,0.0,0,0.0,0.0,0.0,5,37.0,0,0,0,0.0,0,3.7,3.7,,,70.0,212.0,25.387947368421052,4.0,Florida State,2020.0,2020.0,LA,52.0,21.0,
2024,15,00-0036414,C.Akers,RB,MIN,CHI,0,0,0.0,0,0.0,0.0,0.0,10,24.0,1,0,0,0.0,0,8.4,8.4,,,70.0,212.0,25.387947368421052,4.0,Florida State,2020.0,2020.0,LA,52.0,18.0,
2024,16,00-0036414,C.Akers,RB,MIN,SEA,0,0,0.0,0,0.0,0.0,0.0,1,3.0,0,0,0,0.0,0,0.3,0.3,,,70.0,212.0,25.387947368421052,4.0,Florida State,2020.0,2020.0,LA,52.0,,
2024,17,00-0036414,C.Akers,RB,MIN,GB,0,0,0.0,0,0.0,0.0,0.0,6,18.0,0,3,2,15.0,1,9.3,11.3,,,70.0,212.0,25.387947368421052,4.0,Florida State,2020.0,2020.0,LA,52.0,2.0,0.07317073
2024,18,00-0036414,C.Akers,RB,MIN,DET,0,0,0.0,0,0.0,0.0,0.0,6,65.0,0,2,2,4.0,0,6.9,8.9,,,70.0,212.0,25.387947368421052,4.0,Florida State,2020.0,2020.0,LA,52.0,,0.05263158
2024,19,00-0036414,C.Akers,RB,MIN,LA,0,0,0.0,0,0.0,0.0,0.0,5,39.0,0,0,0,0.0,0,3.9,3.9,,,70.0,212.0,25.387947368421052,4.0,Florida State,2020.0,2020.0,LA,52.0,,
2024,1,00-0036415,V.Jefferson,WR,PIT,ATL,0,0,0.0,0,0.0,0.0,0.0,0,0.0,0,2,1,1.0,0,0.1,1.1,,,73.0,197.0,28.29261111111111,4.0,Florida,2020.0,2020.0,LA,57.0,,0.09090909
2024,2,00-0036415,V.Jefferson,WR,PIT,DEN,0,0,0.0,0,0.0,0.0,0.0,0,0.0,0,3,2,14.0,0,1.4,3.4,,,73.0,197.0,28.29261111111111,4.0,Florida,2020.0,2020.0,LA,57.0,,0.16666667
2024,4,00-0036415,V.Jefferson,WR,PIT,IND,0,0,0.0,0,0.0,0.0,0.0,0,0.0,0,3,2,21.0,0,2.1,4.1,,,73.0,197.0,28.29261111111111,4.0,Florida,2020.0,2020.0,LA,57.0,,0.09375
2024,5,00-0036415,V.Jefferson,WR,PIT,DAL,0,0,0.0,0,0.0,0.0,0.0,0,0.0,0,5,3,26.0,0,2.6,5.6,,,73.0,197.0,28.29261111111111,4.0,Florida,2020.0,2020.0,LA,57.0,-3.0,0.1923077
2024,7,00-0036415,V.Jefferson,WR,PIT,NYJ,0,0,0.0,0,0.0,0.0,0.0,0,0.0,0,3,2,15.0,1,7.5,9.5,,,73.0,197.0,28.29261111111111,4.0,Florida,2020.0,2020.0,LA,57.0,22.0,0.11111111
2024,8,00-0036415,V.Jefferson,WR,PIT,NYG,0,0,0.0,0,0.0,0.0,0.0,0,0.0,0,5,4,62.0,0,6.2,10.2,,,73.0,197.0,28.29261111111111,4.0,Florida,2020.0,2020.0,LA,57.0,8.0,0.18518518
2024,10,00-0036415,V.Jefferson,WR,PIT,WAS,0,0,0.0,0,0.0,0.0,0.0,0,0.0,0,2,0,0.0,0,0.0,0.0,,,73.0,197.0,28.29261111111111,4.0,Florida,2020.0,2020.0,LA,57.0,,0.07692308
2024,11,00-0036415,V.Jefferson,WR,PIT,BAL,0,0,0.0,0,0.0,0.0,0.0,0,0.0,0,1,0,0.0,0,0.0,0.0,,,73.0,197.0,28.29261111111111,4.0,Florida,2020.0,2020.0,LA,57.0,2.0,0.03125
2024,12,00-0036415,V.Jefferson,WR,PIT,CLE,0,0,0.0,0,0.0,0.0,0.0,0,0.0,0,2,2,39.0,0,3.9,5.9,,,73.0,197.0,28.29261111111111,4.0,Florida,2020.0,2020.0,LA,57.0,,0.08
2024,13,00-0036415,V.Jefferson,WR,PIT,CIN,0,0,0.0,0,0.0,0.0,0.0,0,0.0,0,3,1,43.0,0,4.3,5.3,,,73.0,197.0,28.29261111111111,4.0,Florida,2020.0,2020.0,LA,57.0,,0.083333336
2024,14,00-0036415,V.Jefferson,WR,PIT,CLE,0,0,0.0,0,0.0,0.0,0.0,0,0.0,0,1,1,10.0,1,7.0,8.0,,,73.0,197.0,28.29261111111111,4.0,Florida,2020.0,2020.0,LA,57.0,13.0,0.041666668
2024,15,00-0036415,V.Jefferson,WR,PIT,PHI,0,0,0.0,0,0.0,0.0,0.0,0,0.0,0,2,1,0.0,0,0.0,1.0,,,73.0,197.0,28.29261111111111,4.0,Florida,2020.0,2020.0,LA,57.0,,0.0952381
2024,16,00-0036415,V.Jefferson,WR,PIT,BAL,0,0,0.0,0,0.0,0.0,0.0,0,0.0,0,3,2,27.0,0,2.7,4.7,,,73.0,197.0,28.29261111111111,4.0,Florida,2020.0,2020.0,LA,57.0,,0.115384616
2024,17,00-0036415,V.Jefferson,WR,PIT,KC,0,0,0.0,0,0.0,0.0,0.0,0,0.0,0,1,0,0.0,0,0.0,0.0,,,73.0,197.0,28.29261111111111,4.0,Florida,2020.0,2020.0,LA,57.0,-19.0,0.028571429
2024,18,00-0036415,V.Jefferson,WR,PIT,CIN,0,0,0.0,0,0.0,0.0,0.0,0,0.0,0,4,3,18.0,0,1.8,4.8,,,73.0,197.0,28.29261111111111,4.0,Florida,2020.0,2020.0,LA,57.0,-2.0,0.13793103
2024,19,00-0036415,V.Jefferson,WR,PIT,BAL,0,0,0.0,0,0.0,0.0,0.0,0,0.0,0,2,2,37.0,1,9.7,11.7,,,73.0,197.0,28.29261111111111,4.0,Florida,2020.0,2020.0,LA,57.0,,0.07692308
2024,1,00-0036422,A.Trautman,TE,DEN,SEA,0,0,0.0,0,0.0,0.0,0.0,0,0.0,0,1,0,0.0,0,0.0,0.0,,,77.0,253.0,27.75661111111111,4.0,Dayton,2020.0,2020.0,NO,105.0,,0.023809524
2024,3,00-0036422,A.Trautman,TE,DEN,TB,0,0,0.0,0,0.0,0.0,0.0,0,0.0,0,1,1,13.0,0,1.3,2.3,,,77.0,253.0,27.75661111111111,4.0,Dayton,2020.0,2020.0,NO,105.0,,0.029411765
2024,5,00-0036422,A.Trautman,TE,DEN,LV,0,0,0.0,0,0.0,0.0,0.0,0,0.0,0,1,1,19.0,0,1.9,2.9,,,77.0,253.0,27.75661111111111,4.0,Dayton,2020.0,2020.0,NO,105.0,16.0,0.03846154
2024,7,00-0036422,A.Trautman,TE,DEN,NO,0,0,0.0,0,0.0,0.0,0.0,0,0.0,0,3,0,0.0,0,0.0,0.0,,,77.0,253.0,27.75661111111111,4.0,Dayton,2020.0,2020.0,NO,105.0,,0.12
2024,8,00-0036422,A.Trautman,TE,DEN,CAR,0,0,0.0,0,0.0,0.0,0.0,0,0.0,0,4,4,85.0,1,14.5,18.5,,,77.0,253.0,27.75661111111111,4.0,Dayton,2020.0,2020.0,NO,105.0,14.0,0.10526316
2024,9,00-0036422,A.Trautman,TE,DEN,BAL,0,0,0.0,0,0.0,0.0,0.0,0,0.0,0,1,1,4.0,0,0.4,1.4,,,77.0,253.0,27.75661111111111,4.0,Dayton,2020.0,2020.0,NO,105.0,,0.030303031
2024,10,00-0036422,A.Trautman,TE,DEN,KC,0,0,0.0,0,0.0,0.0,0.0,0,0.0,0,1,1,34.0,0,3.4,4.4,,,77.0,253.0,27.75661111111111,4.0,Dayton,2020.0,2020.0,NO,105.0,,0.035714287
2024,11,00-0036422,A.Trautman,TE,DEN,ATL,0,0,0.0,0,0.0,0.0,0.0,0,0.0,0,1,0,0.0,0,0.0,0.0,,,77.0,253.0,27.75661111111111,4.0,Dayton,2020.0,2020.0,NO,105.0,32.0,0.03125
2024,12,00-0036422,A.Trautman,TE,DEN,LV,0,0,0.0,0,0.0,0.0,0.0,0,0.0,0,2,1,3.0,0,0.3,1.3,,,77.0,253.0,27.75661111111111,4.0,Dayton,2020.0,2020.0,NO,105.0,,0.051282052
2024,13,00-0036422,A.Trautman,TE,DEN,CLE,0,0,0.0,0,0.0,0.0,0.0,0,0.0,0,1,0,0.0,0,0.0,0.0,,,77.0,253.0,27.75661111111111,4.0,Dayton,2020.0,2020.0,NO,105.0,9.0,0.032258064
2024,15,00-0036422,A.Trautman,TE,DEN,IND,0,0,0.0,0,0.0,0.0,0.0,0,0.0,0,2,2,20.0,1,8.0,10.0,,,77.0,253.0,27.75661111111111,4.0,Dayton,2020.0,2020.0,NO,105.0,18.0,0.0625
2024,16,00-0036422,A.Trautman,TE,DEN,LAC,0,0,0.0,0,0.0,0.0,0.0,0,0.0,0,1,1,5.0,0,0.5,1.5,,,77.0,253.0,27.75661111111111,4.0,Dayton,2020.0,2020.0,NO,105.0,,0.025641026
2024,17,00-0036422,A.Trautman,TE,DEN,CIN,0,0,0.0,0,0.0,0.0,0.0,0,0.0,0,3,1,5.0,0,0.5,1.5,,,77.0,253.0,27.75661111111111,4.0,Dayton,2020.0,2020.0,NO,105.0,,0.09677419
2024,19,00-0036422,A.Trautman,TE,DEN,BUF,0,0,0.0,0,0.0,0.0,0.0,0,0.0,0,1,1,2.0,0,0.2,1.2,,,77.0,253.0,27.75661111111111,4.0,Dayton,2020.0,2020.0,NO,105.0,,0.04347826
2024,1,00-0036425,D.Dallas,RB,ARI,BUF,0,0,0.0,0,0.0,0.0,0.0,0,0.0,0,0,0,0.0,0,6.0,6.0,,,70.0,214.0,26.140647058823532,4.0,Miami,2020.0,2020.0,SEA,144.0,,
2024,9,00-0036425,D.Dallas,RB,ARI,CHI,0,0,0.0,0,0.0,0.0,0.0,1,2.0,0,0,0,0.0,0,0.2,0.2,,,70.0,214.0,26.140647058823532,4.0,Miami,2020.0,2020.0,SEA,144.0,20.0,
2024,10,00-0036425,D.Dallas,RB,ARI,NYJ,0,0,0.0,0,0.0,0.0,0.0,3,10.0,0,0,0,0.0,0,1.0,1.0,,,70.0,214.0,26.140647058823532,4.0,Miami,2020.0,2020.0,SEA,144.0,25.0,
2024,15,00-0036425,D.Dallas,RB,ARI,NE,0,0,0.0,0,0.0,0.0,0.0,4,15.0,0,0,0,0.0,0,1.5,1.5,,,70.0,214.0,26.140647058823532,4.0,Miami,2020.0,2020.0,SEA,144.0,13.0,
2024,16,00-0036425,D.Dallas,RB,ARI,CAR,0,0,0.0,0,0.0,0.0,0.0,0,0.0,0,1,1,1.0,1,6.1,7.1,,,70.0,214.0,26.140647058823532,4.0,Miami,2020.0,2020.0,SEA,144.0,,0.03448276
2024,17,00-0036425,D.Dallas,RB,ARI,LA,0,0,0.0,0,0.0,0.0,0.0,0,0.0,0,1,1,5.0,0,0.5,1.5,,,70.0,214.0,26.140647058823532,4.0,Miami,2020.0,2020.0,SEA,144.0,,0.022222223
2024,18,00-0036425,D.Dallas,RB,ARI,SF,0,0,0.0,0,0.0,0.0,0.0,1,22.0,0,1,1,5.0,0,2.7,3.7,,,70.0,214.0,26.140647058823532,4.0,Miami,2020.0,2020.0,SEA,144.0,23.0,0.03125
2024,1,00-0036427,T.Johnson,WR,LA,DET,0,0,0.0,0,0.0,0.0,0.0,0,0.0,0,7,5,79.0,0,7.9,12.9,,,73.0,205.0,26.225684210526317,4.0,Minnesota,2020.0,2020.0,TB,161.0,,0.14583333
2024,2,00-0036427,T.Johnson,WR,LA,ARI,0,0,0.0,0,0.0,0.0,0.0,0,0.0,0,3,2,20.0,0,2.0,4.0,,,73.0,205.0,26.225684210526317,4.0,Minnesota,2020.0,2020.0,TB,161.0,,0.11111111
2024,3,00-0036427,T.Johnson,WR,LA,SF,0,0,0.0,0,0.0,0.0,0.0,0,0.0,0,4,3,20.0,0,2.0,5.0,,,73.0,205.0,26.225684210526317,4.0,Minnesota,2020.0,2020.0,TB,161.0,3.0,0.17391305
2024,4,00-0036427,T.Johnson,WR,LA,CHI,0,0,0.0,0,0.0,0.0,0.0,0,0.0,0,1,0,0.0,0,0.0,0.0,,,73.0,205.0,26.225684210526317,4.0,Minnesota,2020.0,2020.0,TB,161.0,,0.03448276
2024,7,00-0036427,T.Johnson,WR,LA,LV,0,0,0.0,0,0.0,0.0,0.0,0,0.0,0,7,4,57.0,0,5.7,9.7,,,73.0,205.0,26.225684210526317,4.0,Minnesota,2020.0,2020.0,TB,161.0,5.0,0.3181818
2024,8,00-0036427,T.Johnson,WR,LA,MIN,0,0,0.0,0,0.0,0.0,0.0,0,0.0,0,1,1,6.0,0,0.6,1.6,,,73.0,205.0,26.225684210526317,4.0,Minnesota,2020.0,2020.0,TB,161.0,10.0,0.029411765
2024,9,00-0036427,T.Johnson,WR,LA,SEA,0,0,0.0,0,0.0,0.0,0.0,0,0.0,0,5,3,38.0,0,3.8,6.8,,,73.0,205.0,26.225684210526317,4.0,Minnesota,2020.0,2020.0,TB,161.0,,0.11904762
2024,10,00-0036427,T.Johnson,WR,LA,MIA,0,0,0.0,0,0.0,0.0,0.0,0,0.0,0,4,3,25.0,0,2.5,5.5,,,73.0,205.0,26.225684210526317,4.0,Minnesota,2020.0,2020.0,TB,161.0,-8.0,0.09090909
2024,12,00-0036427,T.Johnson,WR,LA,PHI,0,0,0.0,0,0.0,0.0,0.0,0,0.0,0,1,1,11.0,0,1.1,2.1,,,73.0,205.0,26.225684210526317,4.0,Minnesota,2020.0,2020.0,TB,161.0,-17.0,0.029411765
2024,13,00-0036427,T.Johnson,WR,LA,NO,0,0,0.0,0,0.0,0.0,0.0,0,0.0,0,1,0,0.0,0,0.0,0.0,,,73.0,205.0,26.225684210526317,4.0,Minnesota,2020.0,2020.0,TB,161.0,,0.04347826
2024,18,00-0036427,T.Johnson,WR,LA,SEA,0,0,0.0,0,0.0,0.0,0.0,0,0.0,0,7,4,35.0,1,9.5,13.5,,,73.0,205.0,26.225684210526317,4.0,Minnesota,2020.0,2020.0,TB,161.0,-5.0,0.175
2024,1,00-0036429,C.Woerner,TE,ATL,PIT,0,0,0.0,0,0.0,0.0,0.0,0,0.0,0,2,1,4.0,0,0.4,1.4,,,77.0,245.0,27.056588235294118,4.0,Georgia,2020.0,2020.0,SF,190.0,-8.0,0.08695652
2024,8,00-0036429,C.Woerner,TE,ATL,TB,0,0,0.0,0,0.0,0.0,0.0,0,0.0,0,1,1,13.0,0,1.3,2.3,,,77.0,245.0,27.056588235294118,4.0,Georgia,2020.0,2020.0,SF,190.0,,0.035714287
2024,10,00-0036429,C.Woerner,TE,ATL,NO,0,0,0.0,0,0.0,0.0,0.0,0,0.0,0,1,0,0.0,0,0.0,0.0,,,77.0,245.0,27.056588235294118,4.0,Georgia,2020.0,2020.0,SF,190.0,,0.027027028
2024,13,00-0036429,C.Woerner,TE,ATL,LAC,0,0,0.0,0,0.0,0.0,0.0,0,0.0,0,1,1,5.0,0,0.5,1.5,,,77.0,245.0,27.056588235294118,4.0,Georgia,2020.0,2020.0,SF,190.0,-4.0,0.02631579
2024,14,00-0036429,C.Woerner,TE,ATL,MIN,0,0,0.0,0,0.0,0.0,0.0,0,0.0,0,1,1,11.0,0,1.1,2.1,,,77.0,245.0,27.056588235294118,4.0,Georgia,2020.0,2020.0,SF,190.0,,0.027027028
2024,15,00-0036429,C.Woerner,TE,ATL,LV,0,0,0.0,0,0.0,0.0,0.0,0,0.0,0,3,2,7.0,0,0.7,2.7,,,77.0,245.0,27.056588235294118,4.0,Georgia,2020.0,2020.0,SF,190.0,,0.1875
2024,16,00-0036429,C.Woerner,TE,ATL,NYG,0,0,0.0,0,0.0,0.0,0.0,0,0.0,0,2,0,0.0,0,0.0,0.0,,,77.0,245.0,27.056588235294118,4.0,Georgia,2020.0,2020.0,SF,190.0,27.0,0.07692308
2024,17,00-0036429,C.Woerner,TE,ATL,WAS,0,0,0.0,0,0.0,0.0,0.0,0,0.0,0,1,1,6.0,0,0.6,1.6,,,77.0,245.0,27.056588235294118,4.0,Georgia,2020.0,2020.0,SF,190.0,,0.028571429
2024,13,00-0036438,S.Sullivan,TE,CAR,TB,0,0,0.0,0,0.0,0.0,0.0,0,0.0,0,1,0,0.0,0,0.0,0.0,,,77.0,242.0,27.976333333333333,4.0,Louisiana State,2020.0,2020.0,SEA,251.0,-3.0,0.024390243
2024,1,00-0036442,J.Burrow,QB,CIN,NE,21,29,164.0,0,0.0,3.0,10.0,4,15.0,0,0,0,0.0,0,8.06,8.06,,,76.0,216.0,27.90494117647059,4.0,Louisiana State,2020.0,2020.0,CIN,1.0,-6.0,
2024,2,00-0036442,J.Burrow,QB,CIN,KC,23,36,258.0,2,0.0,3.0,12.0,6,9.0,0,0,0,0.0,0,17.22,17.22,,,76.0,216.0,27.90494117647059,4.0,Louisiana State,2020.0,2020.0,CIN,1.0,,
2024,3,00-0036442,J.Burrow,QB,CIN,WAS,29,38,324.0,3,0.0,2.0,12.0,1,4.0,0,0,0,0.0,0,25.36,25.36,,,76.0,216.0,27.90494117647059,4.0,Louisiana State,2020.0,2020.0,CIN,1.0,-5.0,
2024,4,00-0036442,J.Burrow,QB,CIN,CAR,22,31,232.0,2,1.0,0.0,-0.0,1,10.0,0,0,0,0.0,0,16.28,16.28,,,76.0,216.0,27.90494117647059,4.0,Louisiana State,2020.0,2020.0,CIN,1.0,,
2024,5,00-0036442,J.Burrow,QB,CIN,BAL,30,39,392.0,5,1.0,3.0,21.0,2,1.0,0,0,0,0.0,0,33.78,33.78,,,76.0,216.0,27.90494117647059,4.0,Louisiana State,2020.0,2020.0,CIN,1.0,-3.0,
2024,6,00-0036442,J.Burrow,QB,CIN,NYG,19,28,208.0,0,0.0,4.0,25.0,4,55.0,1,0,0,0.0,0,19.82,19.82,,,76.0,216.0,27.90494117647059,4.0,Louisiana State,2020.0,2020.0,CIN,1.0,,
2024,7,00-0036442,J.Burrow,QB,CIN,CLE,15,25,181.0,2,0.0,3.0,17.0,3,-3.0,0,0,0,0.0,0,14.94,14.94,,,76.0,216.0,27.90494117647059,4.0,Louisiana State,2020.0,2020.0,CIN,1.0,,
2024,8,00-0036442,J.Burrow,QB,CIN,PHI,26,37,234.0,1,1.0,1.0,12.0,3,15.0,0,0,0,0.0,0,12.86,12.86,,,76.0,216.0,27.90494117647059,4.0,Louisiana State,2020.0,2020.0,CIN,1.0,-20.0,
2024,9,00-0036442,J.Burrow,QB,CIN,LV,27,39,251.0,5,1.0,1.0,8.0,3,11.0,0,0,0,0.0,0,29.14,29.14,,,76.0,216.0,27.90494117647059,4.0,Louisiana State,2020.0,2020.0,CIN,1.0,17.0,
2024,10,00-0036442,J.Burrow,QB,CIN,BAL,34,56,428.0,4,0.0,3.0,7.0,2,6.0,0,0,0,0.0,0,33.72,33.72,,,76.0,216.0,27.90494117647059,4.0,Louisiana State,2020.0,2020.0,CIN,1.0,,
2024,11,00-0036442,J.Burrow,QB,CIN,LAC,28,50,356.0,3,0.0,3.0,14.0,2,28.0,0,0,0,0.0,0,29.04,29.04,,,76.0,216.0,27.90494117647059,4.0,Louisiana State,2020.0,2020.0,CIN,1.0,,
2024,13,00-0036442,J.Burrow,QB,CIN,PIT,28,38,309.0,3,1.0,4.0,27.0,2,9.0,0,0,0,0.0,0,19.26,19.26,,,76.0,216.0,27.90494117647059,4.0,Louisiana State,2020.0,2020.0,CIN,1.0,-6.0,
2024,14,00-0036442,J.Burrow,QB,CIN,DAL,33,44,369.0,3,1.0,2.0,10.0,2,-2.0,0,0,0,0.0,0,24.56,24.56,,,76.0,216.0,27.90494117647059,4.0,Louisiana State,2020.0,2020.0,CIN,1.0,,
2024,15,00-0036442,J.Burrow,QB,CIN,TEN,26,37,271.0,3,2.0,1.0,2.0,0,0.0,0,0,0,0.0,0,16.84,16.84,,,76.0,216.0,27.90494117647059,4.0,Louisiana State,2020.0,2020.0,CIN,1.0,,
2024,16,00-0036442,J.Burrow,QB,CIN,CLE,23,30,252.0,3,0.0,4.0,42.0,2,19.0,0,0,0,0.0,0,21.98,21.98,,,76.0,216.0,27.90494117647059,4.0,Louisiana State,2020.0,2020.0,CIN,1.0,18.0,
2024,17,00-0036442,J.Burrow,QB,CIN,DEN,39,49,412.0,3,0.0,7.0,28.0,4,25.0,1,0,0,0.0,0,36.98,36.98,,,76.0,216.0,27.90494117647059,4.0,Louisiana State,2020.0,2020.0,CIN,1.0,6.0,
2024,18,00-0036442,J.Burrow,QB,CIN,PIT,37,46,277.0,1,1.0,4.0,31.0,1,-1.0,0,0,0,0.0,0,12.98,12.98,,,76.0,216.0,27.90494117647059,4.0,Louisiana State,2020.0,2020.0,CIN,1.0,,
2024,14,00-0036450,K.Vaughn,RB,SF,CHI,0,0,0.0,0,0.0,0.0,0.0,2,4.0,0,0,0,0.0,0,0.4,0.4,,,70.0,215.0,27.5036,4.0,Vanderbilt,2020.0,2020.0,TB,76.0,25.0,
2024,16,00-0036463,C.Blair,WR,ATL,NYG,0,0,0.0,0,0.0,0.0,0.0,0,0.0,0,1,1,17.0,0,1.7,2.7,,,74.0,200.0,27.08394117647059,4.0,Alcorn State,2020.0,2021.0,,,27.0,0.03846154
2024,17,00-0036463,C.Blair,WR,ATL,WAS,0,0,0.0,0,0.0,0.0,0.0,0,0.0,0,1,0,0.0,0,0.0,0.0,,,74.0,200.0,27.08394117647059,4.0,Alcorn State,2020.0,2021.0,,,,0.028571429
2024,8,00-0036497,T.Jones,WR,JAX,GB,0,0,0.0,0,0.0,0.0,0.0,0,0.0,0,2,1,20.0,0,2.0,3.0,,,73.0,202.0,26.479176470588236,3.0,Southern Mississippi,2021.0,2021.0,,,-3.0,0.06666667
2024,9,00-0036497,T.Jones,WR,JAX,PHI,0,0,0.0,0,0.0,0.0,0.0,0,0.0,0,2,1,10.0,0,1.0,2.0,,,73.0,202.0,26.479176470588236,3.0,Southern Mississippi,2021.0,2021.0,,,,0.06666667
2024,17,00-0036497,T.Jones,WR,JAX,TEN,0,0,0.0,0,0.0,0.0,0.0,0,0.0,0,1,1,11.0,0,1.1,2.1,,,73.0,202.0,26.479176470588236,3.0,Southern Mississippi,2021.0,2021.0,,,7.0,0.04761905
2024,9,00-0036510,K.Yeboah,TE,NYJ,HOU,0,0,0.0,0,0.0,0.0,0.0,0,0.0,0,1,1,12.0,0,1.2,2.2,,,76.0,240.0,26.01841176470588,3.0,Mississippi,2021.0,2021.0,,,8.0,0.03125
2024,10,00-0036510,K.Yeboah,TE,NYJ,ARI,0,0,0.0,0,0.0,0.0,0.0,0,0.0,0,1,1,4.0,0,0.4,1.4,,,76.0,240.0,26.01841176470588,3.0,Mississippi,2021.0,2021.0,,,,0.030303031
2024,11,00-0036510,K.Yeboah,TE,NYJ,IND,0,0,0.0,0,0.0,0.0,0.0,0,0.0,0,1,1,11.0,1,7.1,8.1,,,76.0,240.0,26.01841176470588,3.0,Mississippi,2021.0,2021.0,,,-1.0,0.03448276
2024,16,00-0036510,K.Yeboah,TE,NYJ,LA,0,0,0.0,0,0.0,0.0,0.0,0,0.0,0,1,0,0.0,0,0.0,0.0,,,76.0,240.0,26.01841176470588,3.0,Mississippi,2021.0,2021.0,,,-10.0,0.023809524
2024,17,00-0036510,K.Yeboah,TE,NYJ,BUF,0,0,0.0,0,0.0,0.0,0.0,0,0.0,0,2,0,0.0,0,0.0,0.0,,,76.0,240.0,26.01841176470588,3.0,Mississippi,2021.0,2021.0,,,,0.06451613
2024,18,00-0036510,K.Yeboah,TE,NYJ,MIA,0,0,0.0,0,0.0,0.0,0.0,0,0.0,0,2,2,20.0,0,2.0,4.0,,,76.0,240.0,26.01841176470588,3.0,Mississippi,2021.0,2021.0,,,12.0,0.057142857
2024,1,00-0036527,D.Turner,WR,LV,LAC,0,0,0.0,0,0.0,0.0,0.0,0,0.0,0,1,1,9.0,0,0.9,1.9,,,69.0,205.0,27.800764705882354,3.0,Pittsburgh,2021.0,2021.0,,,,0.03125
2024,2,00-0036527,D.Turner,WR,LV,BAL,0,0,0.0,0,0.0,0.0,0.0,1,2.0,0,0,0,0.0,0,0.2,0.2,,,69.0,205.0,27.800764705882354,3.0,Pittsburgh,2021.0,2021.0,,,,
2024,4,00-0036527,D.Turner,WR,LV,CLE,0,0,0.0,0,0.0,0.0,0.0,1,18.0,1,1,0,0.0,0,7.8,7.8,,,69.0,205.0,27.800764705882354,3.0,Pittsburgh,2021.0,2021.0,,,4.0,0.041666668
2024,5,00-0036527,D.Turner,WR,LV,DEN,0,0,0.0,0,0.0,0.0,0.0,1,5.0,0,4,1,12.0,0,1.7,2.7,,,69.0,205.0,27.800764705882354,3.0,Pittsburgh,2021.0,2021.0,,,,0.11111111
2024,6,00-0036527,D.Turner,WR,LV,PIT,0,0,0.0,0,0.0,0.0,0.0,0,0.0,0,4,2,37.0,0,3.7,5.7,,,69.0,205.0,27.800764705882354,3.0,Pittsburgh,2021.0,2021.0,,,-19.0,0.10810811
2024,7,00-0036527,D.Turner,WR,LV,LA,0,0,0.0,0,0.0,0.0,0.0,1,4.0,0,7,2,13.0,0,1.7,3.7,,,69.0,205.0,27.800764705882354,3.0,Pittsburgh,2021.0,2021.0,,,,0.2
2024,8,00-0036527,D.Turner,WR,LV,KC,0,0,0.0,0,0.0,0.0,0.0,1,4.0,0,4,4,28.0,1,9.2,13.2,,,69.0,205.0,27.800764705882354,3.0,Pittsburgh,2021.0,2021.0,,,-7.0,0.14814815
2024,11,00-0036527,D.Turner,WR,LV,MIA,0,0,0.0,0,0.0,0.0,0.0,0,0.0,0,3,3,29.0,0,2.9,5.9,,,69.0,205.0,27.800764705882354,3.0,Pittsburgh,2021.0,2021.0,,,,0.07692308
2024,12,00-0036527,D.Turner,WR,LV,DEN,0,0,0.0,0,0.0,0.0,0.0,0,0.0,0,4,2,5.0,0,0.5,2.5,,,69.0,205.0,27.800764705882354,3.0,Pittsburgh,2021.0,2021.0,,,-10.0,0.08695652
2024,13,00-0036527,D.Turner,WR,LV,KC,0,0,0.0,0,0.0,0.0,0.0,0,0.0,0,1,1,25.0,0,2.5,3.5,,,69.0,205.0,27.800764705882354,3.0,Pittsburgh,2021.0,2021.0,,,,0.029411765
2024,11,00-0036534,S.Zylstra,TE,DET,JAX,0,0,0.0,0,0.0,0.0,0.0,0,0.0,0,1,1,22.0,0,2.2,3.2,,,76.0,215.0,27.98911111111111,3.0,Minn. State-Mankato,2021.0,2021.0,,,46.0,0.032258064
2024,1,00-0036550,R.Bateman,WR,BAL,KC,0,0,0.0,0,0.0,0.0,0.0,0,0.0,0,5,2,53.0,0,5.3,7.3,,,73.0,210.0,24.954526315789476,3.0,Minnesota,2021.0,2021.0,BAL,27.0,,0.125
2024,2,00-0036550,R.Bateman,WR,BAL,LV,0,0,0.0,0,0.0,0.0,0.0,0,0.0,0,4,3,40.0,0,4.0,7.0,,,73.0,210.0,24.954526315789476,3.0,Minnesota,2021.0,2021.0,BAL,27.0,-3.0,0.12903225
2024,3,00-0036550,R.Bateman,WR,BAL,DAL,0,0,0.0,0,0.0,0.0,0.0,0,0.0,0,4,3,28.0,1,8.8,11.8,,,73.0,210.0,24.954526315789476,3.0,Minnesota,2021.0,2021.0,BAL,27.0,,0.26666668
2024,4,00-0036550,R.Bateman,WR,BAL,BUF,0,0,0.0,0,0.0,0.0,0.0,0,0.0,0,1,1,23.0,0,2.3,3.3,,,73.0,210.0,24.954526315789476,3.0,Minnesota,2021.0,2021.0,BAL,27.0,25.0,0.055555556
2024,5,00-0036550,R.Bateman,WR,BAL,CIN,0,0,0.0,0,0.0,0.0,0.0,0,0.0,0,8,4,58.0,1,11.8,15.8,,,73.0,210.0,24.954526315789476,3.0,Minnesota,2021.0,2021.0,BAL,27.0,,0.19512194
2024,6,00-0036550,R.Bateman,WR,BAL,WAS,0,0,0.0,0,0.0,0.0,0.0,0,0.0,0,4,4,71.0,0,7.1,11.1,,,73.0,210.0,24.954526315789476,3.0,Minnesota,2021.0,2021.0,BAL,27.0,7.0,0.16
2024,7,00-0036550,R.Bateman,WR,BAL,TB,0,0,0.0,0,0.0,0.0,0.0,0,0.0,0,4,4,121.0,1,18.1,22.1,,,73.0,210.0,24.954526315789476,3.0,Minnesota,2021.0,2021.0,BAL,27.0,,0.1904762
2024,8,00-0036550,R.Bateman,WR,BAL,CLE,0,0,0.0,0,0.0,0.0,0.0,0,0.0,0,5,1,28.0,0,2.8,3.8,,,73.0,210.0,24.954526315789476,3.0,Minnesota,2021.0,2021.0,BAL,27.0,,0.14285715
2024,9,00-0036550,R.Bateman,WR,BAL,DEN,0,0,0.0,0,0.0,0.0,0.0,0,0.0,0,4,3,25.0,0,2.5,5.5,,,73.0,210.0,24.954526315789476,3.0,Minnesota,2021.0,2021.0,BAL,27.0,31.0,0.21052632
2024,10,00-0036550,R.Bateman,WR,BAL,CIN,0,0,0.0,0,0.0,0.0,0.0,0,0.0,0,8,6,54.0,1,11.4,17.4,,,73.0,210.0,24.954526315789476,3.0,Minnesota,2021.0,2021.0,BAL,27.0,1.0,0.25
2024,11,00-0036550,R.Bateman,WR,BAL,PIT,0,0,0.0,0,0.0,0.0,0.0,0,0.0,0,5,2,30.0,0,3.0,5.0,,,73.0,210.0,24.954526315789476,3.0,Minnesota,2021.0,2021.0,BAL,27.0,,0.16129032
2024,12,00-0036550,R.Bateman,WR,BAL,LAC,0,0,0.0,0,0.0,0.0,0.0,0,0.0,0,3,2,43.0,1,10.3,12.3,,,73.0,210.0,24.954526315789476,3.0,Minnesota,2021.0,2021.0,BAL,27.0,,0.14285715
2024,15,00-0036550,R.Bateman,WR,BAL,NYG,0,0,0.0,0,0.0,0.0,0.0,0,0.0,0,5,3,80.0,2,20.0,23.0,,,73.0,210.0,24.954526315789476,3.0,Minnesota,2021.0,2021.0,BAL,27.0,,0.20833333
2024,16,00-0036550,R.Bateman,WR,BAL,PIT,0,0,0.0,0,0.0,0.0,0.0,0,0.0,0,3,1,14.0,1,7.4,8.4,,,73.0,210.0,24.954526315789476,3.0,Minnesota,2021.0,2021.0,BAL,27.0,17.0,0.13043478
2024,17,00-0036550,R.Bateman,WR,BAL,HOU,0,0,0.0,0,0.0,0.0,0.0,0,0.0,0,1,1,12.0,0,1.2,2.2,,,73.0,210.0,24.954526315789476,3.0,Minnesota,2021.0,2021.0,BAL,27.0,,0.0625
2024,18,00-0036550,R.Bateman,WR,BAL,CLE,0,0,0.0,0,0.0,0.0,0.0,0,0.0,0,8,5,76.0,1,13.6,18.6,,,73.0,210.0,24.954526315789476,3.0,Minnesota,2021.0,2021.0,BAL,27.0,25.0,0.26666668
2024,19,00-0036550,R.Bateman,WR,BAL,PIT,0,0,0.0,0,0.0,0.0,0.0,0,0.0,0,2,2,24.0,1,8.4,10.4,,,73.0,210.0,24.954526315789476,3.0,Minnesota,2021.0,2021.0,BAL,27.0,14.0,0.10526316
2024,20,00-0036550,R.Bateman,WR,BAL,BUF,0,0,0.0,0,0.0,0.0,0.0,0,0.0,0,5,4,66.0,1,12.6,16.6,,,73.0,210.0,24.954526315789476,3.0,Minnesota,2021.0,2021.0,BAL,27.0,,0.2
2024,1,00-0036554,N.Collins,WR,HOU,IND,0,0,0.0,0,0.0,0.0,0.0,0,0.0,0,8,6,117.0,0,11.7,17.7,,,76.0,222.0,25.653,3.0,Michigan,2021.0,2021.0,HOU,89.0,,0.2580645
2024,2,00-0036554,N.Collins,WR,HOU,CHI,0,0,0.0,0,0.0,0.0,0.0,0,0.0,0,10,8,135.0,1,19.5,27.5,,,76.0,222.0,25.653,3.0,Michigan,2021.0,2021.0,HOU,89.0,6.0,0.29411766
2024,3,00-0036554,N.Collins,WR,HOU,MIN,0,0,0.0,0,0.0,0.0,0.0,0,0.0,0,10,4,86.0,0,8.6,12.6,,,76.0,222.0,25.653,3.0,Michigan,2021.0,2021.0,HOU,89.0,,0.23255815
2024,4,00-0036554,N.Collins,WR,HOU,JAX,0,0,0.0,0,0.0,0.0,0.0,0,0.0,0,15,12,151.0,1,21.1,33.1,,,76.0,222.0,25.653,3.0,Michigan,2021.0,2021.0,HOU,89.0,4.0,0.3846154
2024,5,00-0036554,N.Collins,WR,HOU,BUF,0,0,0.0,0,0.0,0.0,0.0,0,0.0,0,2,2,78.0,1,13.8,15.8,,,76.0,222.0,25.653,3.0,Michigan,2021.0,2021.0,HOU,89.0,3.0,0.057142857
2024,11,00-0036554,N.Collins,WR,HOU,DAL,0,0,0.0,0,0.0,0.0,0.0,0,0.0,0,7,4,54.0,0,5.4,9.4,,,76.0,222.0,25.653,3.0,Michigan,2021.0,2021.0,HOU,89.0,,0.21212122
2024,12,00-0036554,N.Collins,WR,HOU,TEN,0,0,0.0,0,0.0,0.0,0.0,0,0.0,0,9,5,92.0,1,15.2,20.2,,,76.0,222.0,25.653,3.0,Michigan,2021.0,2021.0,HOU,89.0,-5.0,0.29032257
2024,13,00-0036554,N.Collins,WR,HOU,JAX,0,0,0.0,0,0.0,0.0,0.0,0,0.0,0,11,8,119.0,0,11.9,19.9,,,76.0,222.0,25.653,3.0,Michigan,2021.0,2021.0,HOU,89.0,,0.33333334
2024,15,00-0036554,N.Collins,WR,HOU,MIA,0,0,0.0,0,0.0,0.0,0.0,0,0.0,0,6,4,17.0,2,13.7,17.7,,,76.0,222.0,25.653,3.0,Michigan,2021.0,2021.0,HOU,89.0,8.0,0.24
2024,16,00-0036554,N.Collins,WR,HOU,KC,0,0,0.0,0,0.0,0.0,0.0,0,0.0,0,10,7,60.0,0,6.0,13.0,,,76.0,222.0,25.653,3.0,Michigan,2021.0,2021.0,HOU,89.0,,0.27027026
2024,17,00-0036554,N.Collins,WR,HOU,BAL,0,0,0.0,0,0.0,0.0,0.0,0,0.0,0,6,3,59.0,0,5.9,8.9,,,76.0,222.0,25.653,3.0,Michigan,2021.0,2021.0,HOU,89.0,-29.0,0.19354838
2024,18,00-0036554,N.Collins,WR,HOU,TEN,0,0,0.0,0,0.0,0.0,0.0,0,0.0,0,5,5,38.0,1,9.8,14.8,,,76.0,222.0,25.653,3.0,Michigan,2021.0,2021.0,HOU,89.0,,0.17857143
2024,19,00-0036554,N.Collins,WR,HOU,LAC,0,0,0.0,0,0.0,0.0,0.0,0,0.0,0,8,7,122.0,1,18.2,25.2,,,76.0,222.0,25.653,3.0,Michigan,2021.0,2021.0,HOU,89.0,20.0,0.25
2024,20,00-0036554,N.Collins,WR,HOU,KC,0,0,0.0,0,0.0,0.0,0.0,0,0.0,0,8,5,81.0,0,8.1,13.1,,,76.0,222.0,25.653,3.0,Michigan,2021.0,2021.0,HOU,89.0,,0.2857143
2024,1,00-0036555,C.Hubbard,RB,CAR,NO,0,0,0.0,0,0.0,0.0,0.0,6,14.0,0,0,0,0.0,0,1.4,1.4,,,73.0,207.0,25.407,3.0,Oklahoma State,2021.0,2021.0,CAR,126.0,,
2024,2,00-0036555,C.Hubbard,RB,CAR,LAC,0,0,0.0,0,0.0,0.0,0.0,10,64.0,0,5,4,12.0,0,7.6,11.6,,,73.0,207.0,25.407,3.0,Oklahoma State,2021.0,2021.0,CAR,126.0,-23.0,0.1923077
2024,3,00-0036555,C.Hubbard,RB,CAR,LV,0,0,0.0,0,0.0,0.0,0.0,21,114.0,0,5,5,55.0,1,22.9,27.9,,,73.0,207.0,25.407,3.0,Oklahoma State,2021.0,2021.0,CAR,126.0,,0.13513513
2024,4,00-0036555,C.Hubbard,RB,CAR,CIN,0,0,0.0,0,0.0,0.0,0.0,18,104.0,1,4,4,17.0,0,18.1,22.1,,,73.0,207.0,25.407,3.0,Oklahoma State,2021.0,2021.0,CAR,126.0,-10.0,0.1
2024,5,00-0036555,C.Hubbard,RB,CAR,CHI,0,0,0.0,0,0.0,0.0,0.0,13,97.0,1,4,4,-2.0,0,13.5,17.5,,,73.0,207.0,25.407,3.0,Oklahoma State,2021.0,2021.0,CAR,126.0,,0.121212125
2024,6,00-0036555,C.Hubbard,RB,CAR,ATL,0,0,0.0,0,0.0,0.0,0.0,18,92.0,0,6,5,11.0,0,10.3,15.3,,,73.0,207.0,25.407,3.0,Oklahoma State,2021.0,2021.0,CAR,126.0,-18.0,0.16216215
2024,7,00-0036555,C.Hubbard,RB,CAR,WAS,0,0,0.0,0,0.0,0.0,0.0,17,52.0,1,0,0,0.0,0,11.2,11.2,,,73.0,207.0,25.407,3.0,Oklahoma State,2021.0,2021.0,CAR,126.0,,
2024,8,00-0036555,C.Hubbard,RB,CAR,DEN,0,0,0.0,0,0.0,0.0,0.0,15,56.0,0,2,2,15.0,0,7.1,9.1,,,73.0,207.0,25.407,3.0,Oklahoma State,2021.0,2021.0,CAR,126.0,,0.057142857
2024,9,00-0036555,C.Hubbard,RB,CAR,NO,0,0,0.0,0,0.0,0.0,0.0,15,72.0,2,3,2,0.0,0,19.2,21.2,,,73.0,207.0,25.407,3.0,Oklahoma State,2021.0,2021.0,CAR,126.0,1.0,0.125
2024,10,00-0036555,C.Hubbard,RB,CAR,NYG,0,0,0.0,0,0.0,0.0,0.0,28,153.0,1,6,4,16.0,0,20.9,24.9,,,73.0,207.0,25.407,3.0,Oklahoma State,2021.0,2021.0,CAR,126.0,3.0,0.24
2024,12,00-0036555,C.Hubbard,RB,CAR,KC,0,0,0.0,0,0.0,0.0,0.0,16,58.0,1,5,1,2.0,0,14.0,15.0,,,73.0,207.0,25.407,3.0,Oklahoma State,2021.0,2021.0,CAR,126.0,-3.0,0.15151516
2024,13,00-0036555,C.Hubbard,RB,CAR,TB,0,0,0.0,0,0.0,0.0,0.0,12,43.0,0,0,0,0.0,0,2.3,2.3,,,73.0,207.0,25.407,3.0,Oklahoma State,2021.0,2021.0,CAR,126.0,-3.0,
2024,14,00-0036555,C.Hubbard,RB,CAR,PHI,0,0,0.0,0,0.0,0.0,0.0,26,92.0,1,5,4,15.0,0,16.7,20.7,,,73.0,207.0,25.407,3.0,Oklahoma State,2021.0,2021.0,CAR,126.0,,0.15151516
2024,15,00-0036555,C.Hubbard,RB,CAR,DAL,0,0,0.0,0,0.0,0.0,0.0,10,32.0,0,4,4,17.0,0,4.9,8.9,,,73.0,207.0,25.407,3.0,Oklahoma State,2021.0,2021.0,CAR,126.0,-16.0,0.14814815
2024,16,00-0036555,C.Hubbard,RB,CAR,ARI,0,0,0.0,0,0.0,0.0,0.0,25,152.0,2,5,4,13.0,0,28.5,32.5,,,73.0,207.0,25.407,3.0,Oklahoma State,2021.0,2021.0,CAR,126.0,6.0,0.20833333
2024,1,00-0036556,B.Jordan,TE,HOU,IND,0,0,0.0,0,0.0,0.0,0.0,0,0.0,0,2,1,3.0,0,0.3,1.3,,,75.0,245.0,24.325157894736844,3.0,Miami,2021.0,2021.0,HOU,147.0,,0.06451613
2024,2,00-0036556,B.Jordan,TE,HOU,CHI,0,0,0.0,0,0.0,0.0,0.0,0,0.0,0,1,1,4.0,0,0.4,1.4,,,75.0,245.0,24.325157894736844,3.0,Miami,2021.0,2021.0,HOU,147.0,6.0,0.029411765
2024,5,00-0036563,D.Lenoir,CB,SF,SF,0,0,0.0,0,0.0,0.0,0.0,0,0.0,0,0,0,0.0,0,6.0,6.0,,,70.0,202.0,25.08823529411765,3.0,Oregon,2021.0,2021.0,SF,172.0,-1.0,
2024,9,00-0036590,Q.Morris,TE,BUF,MIA,0,0,0.0,0,0.0,0.0,0.0,0,0.0,0,1,1,2.0,1,6.2,7.2,,,74.0,251.0,25.822300000000002,3.0,Bowling Green,2021.0,2021.0,,,3.0,0.027777778
2024,11,00-0036590,Q.Morris,TE,BUF,KC,0,0,0.0,0,0.0,0.0,0.0,0,0.0,0,1,0,0.0,0,0.0,0.0,,,74.0,251.0,25.822300000000002,3.0,Bowling Green,2021.0,2021.0,,,9.0,0.02631579
2024,13,00-0036590,Q.Morris,TE,BUF,SF,0,0,0.0,0,0.0,0.0,0.0,0,0.0,0,1,1,14.0,0,1.4,2.4,,,74.0,251.0,25.822300000000002,3.0,Bowling Green,2021.0,2021.0,,,25.0,0.055555556
2024,17,00-0036590,Q.Morris,TE,BUF,NYJ,0,0,0.0,0,0.0,0.0,0.0,0,0.0,0,1,0,0.0,0,0.0,0.0,,,74.0,251.0,25.822300000000002,3.0,Bowling Green,2021.0,2021.0,,,26.0,0.037037037
2024,18,00-0036590,Q.Morris,TE,BUF,NE,0,0,0.0,0,0.0,0.0,0.0,0,0.0,0,4,3,20.0,0,2.0,5.0,,,74.0,251.0,25.822300000000002,3.0,Bowling Green,2021.0,2021.0,,,,0.12903225
2024,1,00-0036613,J.Waddle,WR,MIA,JAX,0,0,0.0,0,0.0,0.0,0.0,1,3.0,0,5,5,109.0,0,11.2,16.2,,,70.0,182.0,25.954,3.0,Alabama,2021.0,2021.0,MIA,6.0,3.0,0.1388889
2024,2,00-0036613,J.Waddle,WR,MIA,BUF,0,0,0.0,0,0.0,0.0,0.0,1,4.0,0,4,4,41.0,0,4.5,8.5,,,70.0,182.0,25.954,3.0,Alabama,2021.0,2021.0,MIA,6.0,-21.0,0.10810811
2024,3,00-0036613,J.Waddle,WR,MIA,SEA,0,0,0.0,0,0.0,0.0,0.0,0,0.0,0,5,4,26.0,0,2.6,6.6,,,70.0,182.0,25.954,3.0,Alabama,2021.0,2021.0,MIA,6.0,,0.16129032
2024,4,00-0036613,J.Waddle,WR,MIA,TEN,0,0,0.0,0,0.0,0.0,0.0,0,0.0,0,6,4,36.0,0,3.6,7.6,,,70.0,182.0,25.954,3.0,Alabama,2021.0,2021.0,MIA,6.0,-19.0,0.2857143
2024,5,00-0036613,J.Waddle,WR,MIA,NE,0,0,0.0,0,0.0,0.0,0.0,0,0.0,0,8,4,46.0,0,4.6,8.6,,,70.0,182.0,25.954,3.0,Alabama,2021.0,2021.0,MIA,6.0,,0.2580645
2024,7,00-0036613,J.Waddle,WR,MIA,IND,0,0,0.0,0,0.0,0.0,0.0,0,0.0,0,2,1,11.0,0,1.1,2.1,,,70.0,182.0,25.954,3.0,Alabama,2021.0,2021.0,MIA,6.0,,0.09090909
2024,8,00-0036613,J.Waddle,WR,MIA,ARI,0,0,0.0,0,0.0,0.0,0.0,0,0.0,0,6,4,45.0,0,4.5,8.5,,,70.0,182.0,25.954,3.0,Alabama,2021.0,2021.0,MIA,6.0,-1.0,0.15789473
2024,9,00-0036613,J.Waddle,WR,MIA,BUF,0,0,0.0,0,0.0,0.0,0.0,0,0.0,0,2,2,-4.0,1,5.6,7.6,,,70.0,182.0,25.954,3.0,Alabama,2021.0,2021.0,MIA,6.0,,0.074074075
2024,10,00-0036613,J.Waddle,WR,MIA,LA,0,0,0.0,0,0.0,0.0,0.0,1,-1.0,0,6,3,57.0,0,5.6,8.6,,,70.0,182.0,25.954,3.0,Alabama,2021.0,2021.0,MIA,6.0,,0.21428572
2024,11,00-0036613,J.Waddle,WR,MIA,LV,0,0,0.0,0,0.0,0.0,0.0,0,0.0,0,3,2,37.0,0,3.7,5.7,,,70.0,182.0,25.954,3.0,Alabama,2021.0,2021.0,MIA,6.0,15.0,0.08571429
2024,12,00-0036613,J.Waddle,WR,MIA,NE,0,0,0.0,0,0.0,0.0,0.0,0,0.0,0,9,8,144.0,1,20.4,28.4,,,70.0,182.0,25.954,3.0,Alabama,2021.0,2021.0,MIA,6.0,19.0,0.225
2024,13,00-0036613,J.Waddle,WR,MIA,GB,0,0,0.0,0,0.0,0.0,0.0,0,0.0,0,4,4,53.0,0,7.3,11.3,,,70.0,182.0,25.954,3.0,Alabama,2021.0,2021.0,MIA,6.0,,0.08695652
2024,14,00-0036613,J.Waddle,WR,MIA,NYJ,0,0,0.0,0,0.0,0.0,0.0,0,0.0,0,12,9,99.0,0,11.9,20.9,,,70.0,182.0,25.954,3.0,Alabama,2021.0,2021.0,MIA,6.0,6.0,0.26666668
2024,15,00-0036613,J.Waddle,WR,MIA,HOU,0,0,0.0,0,0.0,0.0,0.0,0,0.0,0,2,0,0.0,0,0.0,0.0,,,70.0,182.0,25.954,3.0,Alabama,2021.0,2021.0,MIA,6.0,,0.051282052
2024,18,00-0036613,J.Waddle,WR,MIA,NYJ,0,0,0.0,0,0.0,0.0,0.0,1,6.0,0,9,4,44.0,0,5.0,9.0,,,70.0,182.0,25.954,3.0,Alabama,2021.0,2021.0,MIA,6.0,,0.24324325
2024,3,00-0036620,D.Eskridge,WR,MIA,SEA,0,0,0.0,0,0.0,0.0,0.0,0,0.0,0,1,1,30.0,0,3.0,4.0,,,69.0,190.0,27.62964705882353,3.0,Western Michigan,2021.0,2021.0,SEA,56.0,,0.032258064
2024,8,00-0036620,D.Eskridge,WR,MIA,ARI,0,0,0.0,0,0.0,0.0,0.0,0,0.0,0,1,1,6.0,0,0.6,1.6,,,69.0,190.0,27.62964705882353,3.0,Western Michigan,2021.0,2021.0,SEA,56.0,-1.0,0.02631579
2024,17,00-0036620,D.Eskridge,WR,MIA,CLE,0,0,0.0,0,0.0,0.0,0.0,0,0.0,0,1,1,8.0,0,0.8,1.8,,,69.0,190.0,27.62964705882353,3.0,Western Michigan,2021.0,2021.0,SEA,56.0,,0.041666668
2024,2,00-0036626,D.Brown,WR,WAS,NYG,0,0,0.0,0,0.0,0.0,0.0,0,0.0,0,4,2,17.0,0,1.7,3.7,,,72.0,185.0,25.042650000000002,3.0,North Carolina,2021.0,2021.0,WAS,82.0,3.0,0.13793103
2024,3,00-0036626,D.Brown,WR,WAS,CIN,0,0,0.0,0,0.0,0.0,0.0,0,0.0,0,2,2,16.0,0,1.6,3.6,,,72.0,185.0,25.042650000000002,3.0,North Carolina,2021.0,2021.0,WAS,82.0,,0.08695652
2024,4,00-0036626,D.Brown,WR,WAS,ARI,0,0,0.0,0,0.0,0.0,0.0,0,0.0,0,1,1,4.0,0,0.4,1.4,,,72.0,185.0,25.042650000000002,3.0,North Carolina,2021.0,2021.0,WAS,82.0,,0.033333335
2024,5,00-0036626,D.Brown,WR,WAS,CLE,0,0,0.0,0,0.0,0.0,0.0,0,0.0,0,2,2,57.0,1,11.7,13.7,,,72.0,185.0,25.042650000000002,3.0,North Carolina,2021.0,2021.0,WAS,82.0,21.0,0.074074075
2024,6,00-0036626,D.Brown,WR,WAS,BAL,0,0,0.0,0,0.0,0.0,0.0,0,0.0,0,1,1,11.0,0,1.1,2.1,,,72.0,185.0,25.042650000000002,3.0,North Carolina,2021.0,2021.0,WAS,82.0,,0.030303031
2024,7,00-0036626,D.Brown,WR,WAS,CAR,0,0,0.0,0,0.0,0.0,0.0,0,0.0,0,3,1,23.0,0,2.3,3.3,,,72.0,185.0,25.042650000000002,3.0,North Carolina,2021.0,2021.0,WAS,82.0,33.0,0.12
2024,8,00-0036626,D.Brown,WR,WAS,CHI,0,0,0.0,0,0.0,0.0,0.0,0,0.0,0,1,1,6.0,0,0.6,1.6,,,72.0,185.0,25.042650000000002,3.0,North Carolina,2021.0,2021.0,WAS,82.0,3.0,0.029411765
2024,9,00-0036626,D.Brown,WR,WAS,NYG,0,0,0.0,0,0.0,0.0,0.0,0,0.0,0,1,1,24.0,0,2.4,3.4,,,72.0,185.0,25.042650000000002,3.0,North Carolina,2021.0,2021.0,WAS,82.0,,0.05263158
2024,10,00-0036626,D.Brown,WR,WAS,PIT,0,0,0.0,0,0.0,0.0,0.0,0,0.0,0,3,2,-13.0,0,-1.3,0.7,,,72.0,185.0,25.042650000000002,3.0,North Carolina,2021.0,2021.0,WAS,82.0,-1.0,0.09375
2024,11,00-0036626,D.Brown,WR,WAS,PHI,0,0,0.0,0,0.0,0.0,0.0,0,0.0,0,2,1,4.0,0,0.4,1.4,,,72.0,185.0,25.042650000000002,3.0,North Carolina,2021.0,2021.0,WAS,82.0,,0.0625
2024,12,00-0036626,D.Brown,WR,WAS,DAL,0,0,0.0,0,0.0,0.0,0.0,1,14.0,0,2,2,22.0,0,3.6,5.6,,,72.0,185.0,25.042650000000002,3.0,North Carolina,2021.0,2021.0,WAS,82.0,-8.0,0.05882353
2024,13,00-0036626,D.Brown,WR,WAS,TEN,0,0,0.0,0,0.0,0.0,0.0,1,4.0,0,5,4,35.0,0,3.9,7.9,,,72.0,185.0,25.042650000000002,3.0,North Carolina,2021.0,2021.0,WAS,82.0,23.0,0.16666667
2024,15,00-0036626,D.Brown,WR,WAS,NO,0,0,0.0,0,0.0,0.0,0.0,0,0.0,0,4,3,30.0,0,3.0,6.0,,,72.0,185.0,25.042650000000002,3.0,North Carolina,2021.0,2021.0,WAS,82.0,,0.12903225
2024,16,00-0036626,D.Brown,WR,WAS,PHI,0,0,0.0,0,0.0,0.0,0.0,0,0.0,0,5,4,56.0,0,3.6,7.6,,,72.0,185.0,25.042650000000002,3.0,North Carolina,2021.0,2021.0,WAS,82.0,3.0,0.1388889
2024,18,00-0036626,D.Brown,WR,WAS,DAL,0,1,0.0,0,0.0,0.0,-0.0,1,8.0,0,4,3,16.0,0,2.4,5.4,,,72.0,185.0,25.042650000000002,3.0,North Carolina,2021.0,2021.0,WAS,82.0,,0.13333334
2024,19,00-0036626,D.Brown,WR,WAS,TB,0,0,0.0,0,0.0,0.0,0.0,0,0.0,0,5,5,89.0,1,14.9,19.9,,,72.0,185.0,25.042650000000002,3.0,North Carolina,2021.0,2021.0,WAS,82.0,,0.15625
2024,20,00-0036626,D.Brown,WR,WAS,DET,0,0,0.0,0,0.0,0.0,0.0,0,0.0,0,8,6,98.0,0,9.8,15.8,,,72.0,185.0,25.042650000000002,3.0,North Carolina,2021.0,2021.0,WAS,82.0,,0.27586207
2024,21,00-0036626,D.Brown,WR,WAS,PHI,0,0,0.0,0,0.0,0.0,0.0,0,0.0,0,5,3,42.0,0,2.2,5.2,,,72.0,185.0,25.042650000000002,3.0,North Carolina,2021.0,2021.0,WAS,82.0,,0.10638298
2024,1,00-0036628,J.Bates,TE,WAS,TB,0,0,0.0,0,0.0,0.0,0.0,0,0.0,0,1,0,0.0,0,0.0,0.0,,,78.0,256.0,27.027499999999996,3.0,Boise State,2021.0,2021.0,WAS,124.0,,0.041666668
2024,2,00-0036628,J.Bates,TE,WAS,NYG,0,0,0.0,0,0.0,0.0,0.0,0,0.0,0,1,1,5.0,0,0.5,1.5,,,78.0,256.0,27.027499999999996,3.0,Boise State,2021.0,2021.0,WAS,124.0,3.0,0.03448276
2024,4,00-0036628,J.Bates,TE,WAS,ARI,0,0,0.0,0,0.0,0.0,0.0,0,0.0,0,1,1,9.0,0,0.9,1.9,,,78.0,256.0,27.027499999999996,3.0,Boise State,2021.0,2021.0,WAS,124.0,,0.033333335
2024,8,00-0036628,J.Bates,TE,WAS,CHI,0,0,0.0,0,0.0,0.0,0.0,0,0.0,0,2,1,20.0,0,2.0,3.0,,,78.0,256.0,27.027499999999996,3.0,Boise State,2021.0,2021.0,WAS,124.0,3.0,0.05882353
2024,11,00-0036628,J.Bates,TE,WAS,PHI,0,0,0.0,0,0.0,0.0,0.0,0,0.0,0,3,2,17.0,0,1.7,3.7,,,78.0,256.0,27.027499999999996,3.0,Boise State,2021.0,2021.0,WAS,124.0,,0.09375
2024,12,00-0036628,J.Bates,TE,WAS,DAL,0,0,0.0,0,0.0,0.0,0.0,0,0.0,0,1,1,13.0,0,-0.7,0.3,,,78.0,256.0,27.027499999999996,3.0,Boise State,2021.0,2021.0,WAS,124.0,-8.0,0.029411765
2024,15,00-0036628,J.Bates,TE,WAS,NO,0,0,0.0,0,0.0,0.0,0.0,0,0.0,0,1,1,6.0,0,0.6,1.6,,,78.0,256.0,27.027499999999996,3.0,Boise State,2021.0,2021.0,WAS,124.0,,0.032258064
2024,16,00-0036628,J.Bates,TE,WAS,PHI,0,0,0.0,0,0.0,0.0,0.0,0,0.0,0,1,0,0.0,0,0.0,0.0,,,78.0,256.0,27.027499999999996,3.0,Boise State,2021.0,2021.0,WAS,124.0,3.0,0.027777778
2024,17,00-0036628,J.Bates,TE,WAS,ATL,0,0,0.0,0,0.0,0.0,0.0,0,0.0,0,1,1,14.0,0,1.4,2.4,,,78.0,256.0,27.027499999999996,3.0,Boise State,2021.0,2021.0,WAS,124.0,6.0,0.028571429
2024,18,00-0036628,J.Bates,TE,WAS,DAL,0,0,0.0,0,0.0,0.0,0.0,0,0.0,0,1,0,0.0,0,0.0,0.0,,,78.0,256.0,27.027499999999996,3.0,Boise State,2021.0,2021.0,WAS,124.0,,0.033333335
2024,19,00-0036628,J.Bates,TE,WAS,TB,0,0,0.0,0,0.0,0.0,0.0,0,0.0,0,1,0,0.0,0,0.0,0.0,,,78.0,256.0,27.027499999999996,3.0,Boise State,2021.0,2021.0,WAS,124.0,,0.03125
2024,20,00-0036628,J.Bates,TE,WAS,DET,0,0,0.0,0,0.0,0.0,0.0,0,0.0,0,2,1,20.0,0,2.0,3.0,,,78.0,256.0,27.027499999999996,3.0,Boise State,2021.0,2021.0,WAS,124.0,,0.06896552
2024,21,00-0036628,J.Bates,TE,WAS,PHI,0,0,0.0,0,0.0,0.0,0.0,0,0.0,0,2,2,11.0,0,1.1,3.1,,,78.0,256.0,27.027499999999996,3.0,Boise State,2021.0,2021.0,WAS,124.0,,0.04255319
2024,5,00-0036630,T.Wallace,WR,BAL,CIN,0,0,0.0,0,0.0,0.0,0.0,0,0.0,0,2,2,31.0,0,3.1,5.1,,,71.0,190.0,25.502,3.0,Oklahoma State,2021.0,2021.0,BAL,131.0,,0.048780486
2024,10,00-0036630,T.Wallace,WR,BAL,CIN,0,0,0.0,0,0.0,0.0,0.0,0,0.0,0,3,3,115.0,1,17.5,20.5,,,71.0,190.0,25.502,3.0,Oklahoma State,2021.0,2021.0,BAL,131.0,1.0,0.09375
2024,11,00-0036630,T.Wallace,WR,BAL,PIT,0,0,0.0,0,0.0,0.0,0.0,0,0.0,0,1,1,8.0,0,0.8,1.8,,,71.0,190.0,25.502,3.0,Oklahoma State,2021.0,2021.0,BAL,131.0,,0.032258064
2024,12,00-0036630,T.Wallace,WR,BAL,LAC,0,0,0.0,0,0.0,0.0,0.0,0,0.0,0,1,1,15.0,0,1.5,2.5,,,71.0,190.0,25.502,3.0,Oklahoma State,2021.0,2021.0,BAL,131.0,,0.04761905
2024,13,00-0036630,T.Wallace,WR,BAL,PHI,0,0,0.0,0,0.0,0.0,0.0,0,0.0,0,2,2,14.0,0,1.4,3.4,,,71.0,190.0,25.502,3.0,Oklahoma State,2021.0,2021.0,BAL,131.0,-5.0,0.057142857
2024,15,00-0036630,T.Wallace,WR,BAL,NYG,0,0,0.0,0,0.0,0.0,0.0,0,0.0,0,1,1,8.0,0,0.8,1.8,,,71.0,190.0,25.502,3.0,Oklahoma State,2021.0,2021.0,BAL,131.0,,0.041666668
2024,17,00-0036630,T.Wallace,WR,BAL,HOU,0,0,0.0,0,0.0,0.0,0.0,0,0.0,0,1,1,2.0,0,0.2,1.2,,,71.0,190.0,25.502,3.0,Oklahoma State,2021.0,2021.0,BAL,131.0,,0.0625
2024,18,00-0036630,T.Wallace,WR,BAL,CLE,0,0,0.0,0,0.0,0.0,0.0,0,0.0,0,1,0,0.0,0,0.0,0.0,,,71.0,190.0,25.502,3.0,Oklahoma State,2021.0,2021.0,BAL,131.0,25.0,0.033333335
2024,19,00-0036630,T.Wallace,WR,BAL,PIT,0,0,0.0,0,0.0,0.0,0.0,0,0.0,0,2,1,21.0,0,2.1,3.1,,,71.0,190.0,25.502,3.0,Oklahoma State,2021.0,2021.0,BAL,131.0,14.0,0.10526316
2024,20,00-0036630,T.Wallace,WR,BAL,BUF,0,0,0.0,0,0.0,0.0,0.0,0,0.0,0,1,1,27.0,0,2.7,3.7,,,71.0,190.0,25.502,3.0,Oklahoma State,2021.0,2021.0,BAL,131.0,,0.04
2024,17,00-0036635,I.Smith-Marsette,WR,NYG,IND,0,0,0.0,0,0.0,0.0,0.0,0,0.0,0,0,0,0.0,0,6.0,6.0,,,73.0,179.0,25.189823529411765,3.0,Iowa,2021.0,2021.0,MIN,157.0,12.0,
2024,1,00-0036637,N.Gray,TE,KC,BAL,0,0,0.0,0,0.0,0.0,0.0,0,0.0,0,3,3,37.0,0,3.7,6.7,,,75.0,240.0,25.5597,3.0,Duke,2021.0,2021.0,KC,162.0,7.0,0.11111111
2024,3,00-0036637,N.Gray,TE,KC,ATL,0,0,0.0,0,0.0,0.0,0.0,0,0.0,0,2,1,13.0,0,1.3,2.3,,,75.0,240.0,25.5597,3.0,Duke,2021.0,2021.0,KC,162.0,,0.055555556
2024,4,00-0036637,N.Gray,TE,KC,LAC,0,0,0.0,0,0.0,0.0,0.0,0,0.0,0,4,4,40.0,0,4.0,8.0,,,75.0,240.0,25.5597,3.0,Duke,2021.0,2021.0,KC,162.0,,0.14285715
2024,5,00-0036637,N.Gray,TE,KC,NO,0,0,0.0,0,0.0,0.0,0.0,0,0.0,0,2,2,29.0,0,2.9,4.9,,,75.0,240.0,25.5597,3.0,Duke,2021.0,2021.0,KC,162.0,13.0,0.05882353
2024,7,00-0036637,N.Gray,TE,KC,SF,0,0,0.0,0,0.0,0.0,0.0,0,0.0,0,4,4,66.0,0,6.6,10.6,,,75.0,240.0,25.5597,3.0,Duke,2021.0,2021.0,KC,162.0,,0.16
2024,8,00-0036637,N.Gray,TE,KC,LV,0,0,0.0,0,0.0,0.0,0.0,0,0.0,0,3,3,23.0,0,2.3,5.3,,,75.0,240.0,25.5597,3.0,Duke,2021.0,2021.0,KC,162.0,,0.08571429
2024,9,00-0036637,N.Gray,TE,KC,TB,0,0,0.0,0,0.0,0.0,0.0,0,0.0,0,1,0,0.0,0,0.0,0.0,,,75.0,240.0,25.5597,3.0,Duke,2021.0,2021.0,KC,162.0,6.0,0.023809524
2024,10,00-0036637,N.Gray,TE,KC,DEN,0,0,0.0,0,0.0,0.0,0.0,0,0.0,0,2,2,18.0,0,1.8,3.8,,,75.0,240.0,25.5597,3.0,Duke,2021.0,2021.0,KC,162.0,2.0,0.05
2024,11,00-0036637,N.Gray,TE,KC,BUF,0,0,0.0,0,0.0,0.0,0.0,0,0.0,0,5,4,23.0,2,14.3,18.3,,,75.0,240.0,25.5597,3.0,Duke,2021.0,2021.0,KC,162.0,,0.16129032
2024,12,00-0036637,N.Gray,TE,KC,CAR,0,0,0.0,0,0.0,0.0,0.0,0,0.0,0,4,4,66.0,2,18.6,22.6,,,75.0,240.0,25.5597,3.0,Duke,2021.0,2021.0,KC,162.0,,0.11111111
2024,13,00-0036637,N.Gray,TE,KC,LV,0,0,0.0,0,0.0,0.0,0.0,0,0.0,0,6,4,58.0,0,5.8,9.8,,,75.0,240.0,25.5597,3.0,Duke,2021.0,2021.0,KC,162.0,2.0,0.13333334
2024,14,00-0036637,N.Gray,TE,KC,LAC,0,0,0.0,0,0.0,0.0,0.0,0,0.0,0,5,4,26.0,0,2.6,6.6,,,75.0,240.0,25.5597,3.0,Duke,2021.0,2021.0,KC,162.0,2.0,0.1388889
2024,15,00-0036637,N.Gray,TE,KC,CLE,0,0,0.0,0,0.0,0.0,0.0,0,0.0,0,5,2,21.0,1,8.1,10.1,,,75.0,240.0,25.5597,3.0,Duke,2021.0,2021.0,KC,162.0,,0.13157895
2024,16,00-0036637,N.Gray,TE,KC,HOU,0,0,0.0,0,0.0,0.0,0.0,0,0.0,0,1,1,10.0,0,1.0,2.0,,,75.0,240.0,25.5597,3.0,Duke,2021.0,2021.0,KC,162.0,8.0,0.024390243
2024,17,00-0036637,N.Gray,TE,KC,PIT,0,0,0.0,0,0.0,0.0,0.0,0,0.0,0,1,1,6.0,0,0.6,1.6,,,75.0,240.0,25.5597,3.0,Duke,2021.0,2021.0,KC,162.0,,0.02631579
2024,18,00-0036637,N.Gray,TE,KC,DEN,0,0,0.0,0,0.0,0.0,0.0,1,-4.0,0,1,1,1.0,0,-0.3,0.7,,,75.0,240.0,25.5597,3.0,Duke,2021.0,2021.0,KC,162.0,,0.05882353
2024,20,00-0036637,N.Gray,TE,KC,HOU,0,0,0.0,0,0.0,0.0,0.0,0,0.0,0,3,3,13.0,0,1.3,4.3,,,75.0,240.0,25.5597,3.0,Duke,2021.0,2021.0,KC,162.0,9.0,0.125
2024,22,00-0036637,N.Gray,TE,KC,PHI,0,0,0.0,0,0.0,0.0,0.0,0,0.0,0,1,1,2.0,0,0.2,1.2,,,75.0,240.0,25.5597,3.0,Duke,2021.0,2021.0,KC,162.0,,0.03125
2024,11,00-0036640,Z.Davidson,TE,BUF,KC,0,0,0.0,0,0.0,0.0,0.0,0,0.0,0,1,1,5.0,0,0.5,1.5,,,79.0,245.0,26.3425,3.0,Central Missouri,2021.0,2021.0,MIN,168.0,9.0,0.02631579
2024,13,00-0036640,Z.Davidson,TE,BUF,SF,0,0,0.0,0,0.0,0.0,0.0,0,0.0,0,1,0,0.0,0,0.0,0.0,,,79.0,245.0,26.3425,3.0,Central Missouri,2021.0,2021.0,MIN,168.0,25.0,0.055555556
2024,3,00-0036646,S.Fehoko,WR,LAC,PIT,0,0,0.0,0,0.0,0.0,0.0,0,0.0,0,3,1,17.0,0,1.7,2.7,,,76.0,227.0,27.019222222222222,3.0,Stanford,2021.0,2021.0,DAL,179.0,,0.15789473
2024,6,00-0036646,S.Fehoko,WR,LAC,DEN,0,0,0.0,0,0.0,0.0,0.0,0,0.0,0,4,2,44.0,0,4.4,6.4,,,76.0,227.0,27.019222222222222,3.0,Stanford,2021.0,2021.0,DAL,179.0,,0.12903225
2024,7,00-0036646,S.Fehoko,WR,LAC,ARI,0,0,0.0,0,0.0,0.0,0.0,0,0.0,0,6,3,45.0,0,4.5,7.5,,,76.0,227.0,27.019222222222222,3.0,Stanford,2021.0,2021.0,DAL,179.0,,0.16216215
2024,8,00-0036646,S.Fehoko,WR,LAC,NO,0,0,0.0,0,0.0,0.0,0.0,0,0.0,0,2,0,0.0,0,0.0,0.0,,,76.0,227.0,27.019222222222222,3.0,Stanford,2021.0,2021.0,DAL,179.0,18.0,0.06666667
2024,9,00-0036646,S.Fehoko,WR,LAC,CLE,0,0,0.0,0,0.0,0.0,0.0,0,0.0,0,1,0,0.0,0,0.0,0.0,,,76.0,227.0,27.019222222222222,3.0,Stanford,2021.0,2021.0,DAL,179.0,,0.03846154
2024,16,00-0036670,J.Jefferson,RB,DET,CHI,0,0,0.0,0,0.0,0.0,0.0,3,13.0,0,1,1,10.0,0,2.3,3.3,,,70.0,209.0,24.57788888888889,3.0,Oregon State,2021.0,2021.0,DET,257.0,,0.03125
2024,17,00-0036670,J.Jefferson,RB,DET,SF,0,0,0.0,0,0.0,0.0,0.0,3,9.0,0,0,0,0.0,0,0.9,0.9,,,70.0,209.0,24.57788888888889,3.0,Oregon State,2021.0,2021.0,DET,257.0,,
2024,2,00-0036727,A.Prentice,FB,NO,DAL,0,0,0.0,0,0.0,0.0,0.0,0,0.0,0,1,0,0.0,0,0.0,0.0,,,72.0,245.0,27.803941176470587,3.0,South Carolina,2021.0,2021.0,,,,0.06666667
2024,8,00-0036727,A.Prentice,FB,NO,LAC,0,0,0.0,0,0.0,0.0,0.0,0,0.0,0,1,0,0.0,0,0.0,0.0,,,72.0,245.0,27.803941176470587,3.0,South Carolina,2021.0,2021.0,,,,0.02631579
2024,9,00-0036727,A.Prentice,FB,NO,CAR,0,0,0.0,0,0.0,0.0,0.0,0,0.0,0,1,0,0.0,0,0.0,0.0,,,72.0,245.0,27.803941176470587,3.0,South Carolina,2021.0,2021.0,,,,0.035714287
2024,17,00-0036727,A.Prentice,FB,NO,LV,0,0,0.0,0,0.0,0.0,0.0,0,0.0,0,1,0,0.0,0,0.0,0.0,,,72.0,245.0,27.803941176470587,3.0,South Carolina,2021.0,2021.0,,,-15.0,0.029411765
2024,4,00-0036741,J.Stoll,TE,PHI,TB,0,0,0.0,0,0.0,0.0,0.0,0,0.0,0,2,1,4.0,0,0.4,1.4,,,76.0,260.0,26.779235294117647,3.0,Nebraska,2021.0,2021.0,,,,0.06896552
2024,8,00-0036741,J.Stoll,TE,PHI,CIN,0,0,0.0,0,0.0,0.0,0.0,0,0.0,0,1,1,6.0,0,0.6,1.6,,,76.0,260.0,26.779235294117647,3.0,Nebraska,2021.0,2021.0,,,,0.05263158
2024,1,00-0036754,B.Wright,TE,DET,LA,0,0,0.0,0,0.0,0.0,0.0,0,0.0,0,1,1,2.0,0,0.2,1.2,,,77.0,255.0,25.9605,3.0,Notre Dame,2021.0,2021.0,,,6.0,0.035714287
2024,3,00-0036754,B.Wright,TE,DET,ARI,0,0,0.0,0,0.0,0.0,0.0,0,0.0,0,5,4,34.0,0,3.4,7.4,,,77.0,255.0,25.9605,3.0,Notre Dame,2021.0,2021.0,,,,0.22727273
2024,4,00-0036754,B.Wright,TE,DET,SEA,0,0,0.0,0,0.0,0.0,0.0,0,0.0,0,2,2,13.0,0,1.3,3.3,,,77.0,255.0,25.9605,3.0,Notre Dame,2021.0,2021.0,,,13.0,0.10526316
2024,6,00-0036754,B.Wright,TE,DET,DAL,0,0,0.0,0,0.0,0.0,0.0,0,0.0,0,1,0,0.0,0,0.0,0.0,,,77.0,255.0,25.9605,3.0,Notre Dame,2021.0,2021.0,,,,0.037037037
2024,8,00-0036754,B.Wright,TE,DET,TEN,0,0,0.0,0,0.0,0.0,0.0,0,0.0,0,1,1,8.0,1,6.8,7.8,,,77.0,255.0,25.9605,3.0,Notre Dame,2021.0,2021.0,,,38.0,0.055555556
2024,9,00-0036754,B.Wright,TE,DET,GB,0,0,0.0,0,0.0,0.0,0.0,0,0.0,0,1,1,1.0,0,0.1,1.1,,,77.0,255.0,25.9605,3.0,Notre Dame,2021.0,2021.0,,,,0.05
2024,11,00-0036754,B.Wright,TE,DET,JAX,0,0,0.0,0,0.0,0.0,0.0,0,0.0,0,1,1,5.0,1,6.5,7.5,,,77.0,255.0,25.9605,3.0,Notre Dame,2021.0,2021.0,,,46.0,0.032258064
2024,12,00-0036754,B.Wright,TE,DET,IND,0,0,0.0,0,0.0,0.0,0.0,0,0.0,0,2,2,24.0,0,2.4,4.4,,,77.0,255.0,25.9605,3.0,Notre Dame,2021.0,2021.0,,,,0.060606062
2024,13,00-0036754,B.Wright,TE,DET,CHI,0,0,0.0,0,0.0,0.0,0.0,0,0.0,0,1,1,13.0,0,1.3,2.3,,,77.0,255.0,25.9605,3.0,Notre Dame,2021.0,2021.0,,,3.0,0.032258064
2024,14,00-0036754,B.Wright,TE,DET,GB,0,0,0.0,0,0.0,0.0,0.0,0,0.0,0,1,0,0.0,0,0.0,0.0,,,77.0,255.0,25.9605,3.0,Notre Dame,2021.0,2021.0,,,3.0,0.025
2024,4,00-0036825,F.Franks,TE,CAR,CIN,0,0,0.0,0,0.0,0.0,0.0,0,0.0,0,1,0,0.0,0,0.0,0.0,,,78.0,245.0,26.874470588235294,3.0,Arkansas,2021.0,2021.0,,,-10.0,0.025
2024,13,00-0036825,F.Franks,TE,CAR,TB,0,0,0.0,0,0.0,0.0,0.0,0,0.0,0,1,0,0.0,0,0.0,0.0,,,78.0,245.0,26.874470588235294,3.0,Arkansas,2021.0,2021.0,,,-3.0,0.024390243
2024,18,00-0036825,F.Franks,TE,CAR,ATL,0,0,0.0,0,0.0,0.0,0.0,0,0.0,0,1,1,12.0,0,1.2,2.2,,,78.0,245.0,26.874470588235294,3.0,Arkansas,2021.0,2021.0,,,,0.028571429
2024,9,00-0036841,A.Trammell,WR,JAX,PHI,0,0,0.0,0,0.0,0.0,0.0,0,0.0,0,3,2,40.0,0,4.0,6.0,,,70.0,185.0,26.342352941176472,3.0,Rice,2021.0,2021.0,,,,0.1
2024,13,00-0036842,K.Nwangwu,RB,NYJ,SEA,0,0,0.0,0,0.0,0.0,0.0,0,0.0,0,0,0,0.0,0,6.0,6.0,,,73.0,205.0,26.738411764705884,3.0,Iowa State,2021.0,2021.0,MIN,119.0,-5.0,
2024,2,00-0036849,T.Atwell,WR,LA,ARI,0,0,0.0,0,0.0,0.0,0.0,0,0.0,0,4,3,48.0,0,4.8,7.8,,,69.0,153.0,25.10857894736842,3.0,Louisville,2021.0,2021.0,LA,57.0,,0.14814815
2024,3,00-0036849,T.Atwell,WR,LA,SF,0,1,0.0,0,0.0,0.0,-0.0,0,0.0,0,5,4,93.0,0,9.3,13.3,,,69.0,153.0,25.10857894736842,3.0,Louisville,2021.0,2021.0,LA,57.0,3.0,0.2173913
2024,4,00-0036849,T.Atwell,WR,LA,CHI,0,0,0.0,0,0.0,0.0,0.0,0,0.0,0,6,4,82.0,0,8.2,12.2,,,69.0,153.0,25.10857894736842,3.0,Louisville,2021.0,2021.0,LA,57.0,,0.20689656
2024,5,00-0036849,T.Atwell,WR,LA,GB,0,0,0.0,0,0.0,0.0,0.0,1,7.0,0,10,6,58.0,0,6.5,12.5,,,69.0,153.0,25.10857894736842,3.0,Louisville,2021.0,2021.0,LA,57.0,-5.0,0.22222222
2024,7,00-0036849,T.Atwell,WR,LA,LV,0,0,0.0,0,0.0,0.0,0.0,0,0.0,0,9,6,51.0,0,5.1,11.1,,,69.0,153.0,25.10857894736842,3.0,Louisville,2021.0,2021.0,LA,57.0,5.0,0.4090909
2024,8,00-0036849,T.Atwell,WR,LA,MIN,0,0,0.0,0,0.0,0.0,0.0,0,0.0,0,2,1,18.0,0,1.8,2.8,,,69.0,153.0,25.10857894736842,3.0,Louisville,2021.0,2021.0,LA,57.0,10.0,0.05882353
2024,9,00-0036849,T.Atwell,WR,LA,SEA,0,0,0.0,0,0.0,0.0,0.0,0,0.0,0,3,1,16.0,0,1.6,2.6,,,69.0,153.0,25.10857894736842,3.0,Louisville,2021.0,2021.0,LA,57.0,,0.071428575
2024,10,00-0036849,T.Atwell,WR,LA,MIA,0,0,0.0,0,0.0,0.0,0.0,0,0.0,0,1,1,6.0,0,0.6,1.6,,,69.0,153.0,25.10857894736842,3.0,Louisville,2021.0,2021.0,LA,57.0,-8.0,0.022727273
2024,11,00-0036849,T.Atwell,WR,LA,NE,0,0,0.0,0,0.0,0.0,0.0,0,0.0,0,2,1,21.0,0,2.1,3.1,,,69.0,153.0,25.10857894736842,3.0,Louisville,2021.0,2021.0,LA,57.0,,0.074074075
2024,12,00-0036849,T.Atwell,WR,LA,PHI,0,0,0.0,0,0.0,0.0,0.0,0,0.0,0,3,3,30.0,0,3.0,6.0,,,69.0,153.0,25.10857894736842,3.0,Louisville,2021.0,2021.0,LA,57.0,-17.0,0.0882353
2024,13,00-0036849,T.Atwell,WR,LA,NO,0,0,0.0,0,0.0,0.0,0.0,1,0.0,0,2,2,39.0,0,3.9,5.9,,,69.0,153.0,25.10857894736842,3.0,Louisville,2021.0,2021.0,LA,57.0,,0.08695652
2024,14,00-0036849,T.Atwell,WR,LA,BUF,0,0,0.0,0,0.0,0.0,0.0,0,0.0,0,3,3,45.0,0,4.5,7.5,,,69.0,153.0,25.10857894736842,3.0,Louisville,2021.0,2021.0,LA,57.0,2.0,0.1
2024,15,00-0036849,T.Atwell,WR,LA,SF,0,0,0.0,0,0.0,0.0,0.0,0,0.0,0,2,1,6.0,0,0.6,1.6,,,69.0,153.0,25.10857894736842,3.0,Louisville,2021.0,2021.0,LA,57.0,,0.07692308
2024,16,00-0036849,T.Atwell,WR,LA,NYJ,0,0,0.0,0,0.0,0.0,0.0,0,0.0,0,2,1,12.0,0,1.2,2.2,,,69.0,153.0,25.10857894736842,3.0,Louisville,2021.0,2021.0,LA,57.0,,0.10526316
2024,18,00-0036849,T.Atwell,WR,LA,SEA,0,0,0.0,0,0.0,0.0,0.0,0,0.0,0,8,5,37.0,0,3.7,8.7,,,69.0,153.0,25.10857894736842,3.0,Louisville,2021.0,2021.0,LA,57.0,-5.0,0.2
2024,20,00-0036849,T.Atwell,WR,LA,PHI,0,0,0.0,0,0.0,0.0,0.0,0,0.0,0,1,1,18.0,0,1.8,2.8,,,69.0,153.0,25.10857894736842,3.0,Louisville,2021.0,2021.0,LA,57.0,,0.022727273
2024,11,00-0036862,B.Skowronek,WR,PIT,BAL,0,0,0.0,0,0.0,0.0,0.0,0,0.0,0,1,1,4.0,0,0.4,1.4,,,75.0,220.0,27.372777777777777,3.0,Notre Dame,2021.0,2021.0,LA,249.0,2.0,0.03125
2024,13,00-0036862,B.Skowronek,WR,PIT,CIN,0,0,0.0,0,0.0,0.0,0.0,0,0.0,0,1,1,23.0,0,2.3,3.3,,,75.0,220.0,27.372777777777777,3.0,Notre Dame,2021.0,2021.0,LA,249.0,,0.027777778
2024,15,00-0036862,B.Skowronek,WR,PIT,PHI,0,0,0.0,0,0.0,0.0,0.0,0,0.0,0,1,1,17.0,0,1.7,2.7,,,75.0,220.0,27.372777777777777,3.0,Notre Dame,2021.0,2021.0,LA,249.0,,0.04761905
2024,16,00-0036862,B.Skowronek,WR,PIT,BAL,0,0,0.0,0,0.0,0.0,0.0,0,0.0,0,2,2,25.0,0,2.5,4.5,,,75.0,220.0,27.372777777777777,3.0,Notre Dame,2021.0,2021.0,LA,249.0,,0.07692308
2024,1,00-0036875,R.Stevenson,RB,NE,CIN,0,0,0.0,0,0.0,0.0,0.0,25,120.0,1,3,3,6.0,0,18.6,21.6,,,72.0,246.0,26.698,3.0,Oklahoma,2021.0,2021.0,NE,120.0,,0.13043478
2024,2,00-0036875,R.Stevenson,RB,NE,SEA,0,0,0.0,0,0.0,0.0,0.0,21,81.0,1,5,2,9.0,0,15.0,17.0,,,72.0,246.0,26.698,3.0,Oklahoma,2021.0,2021.0,NE,120.0,-3.0,0.20833333
2024,3,00-0036875,R.Stevenson,RB,NE,NYJ,0,0,0.0,0,0.0,0.0,0.0,6,23.0,0,0,0,0.0,0,0.3,0.3,,,72.0,246.0,26.698,3.0,Oklahoma,2021.0,2021.0,NE,120.0,,
2024,4,00-0036875,R.Stevenson,RB,NE,SF,0,0,0.0,0,0.0,0.0,0.0,13,43.0,0,5,4,19.0,0,4.2,8.2,,,72.0,246.0,26.698,3.0,Oklahoma,2021.0,2021.0,NE,120.0,,0.15625
2024,5,00-0036875,R.Stevenson,RB,NE,MIA,0,0,0.0,0,0.0,0.0,0.0,12,89.0,1,4,4,3.0,0,15.2,19.2,,,72.0,246.0,26.698,3.0,Oklahoma,2021.0,2021.0,NE,120.0,-5.0,0.13333334
2024,7,00-0036875,R.Stevenson,RB,NE,JAX,0,0,0.0,0,0.0,0.0,0.0,7,18.0,0,3,2,7.0,0,2.5,4.5,,,72.0,246.0,26.698,3.0,Oklahoma,2021.0,2021.0,NE,120.0,,0.083333336
2024,8,00-0036875,R.Stevenson,RB,NE,NYJ,0,0,0.0,0,0.0,0.0,0.0,20,48.0,2,3,3,17.0,0,20.5,23.5,,,72.0,246.0,26.698,3.0,Oklahoma,2021.0,2021.0,NE,120.0,3.0,0.10344828
2024,9,00-0036875,R.Stevenson,RB,NE,TEN,0,0,0.0,0,0.0,0.0,0.0,10,16.0,1,5,5,38.0,1,17.4,22.4,,,72.0,246.0,26.698,3.0,Oklahoma,2021.0,2021.0,NE,120.0,,0.12820514
2024,10,00-0036875,R.Stevenson,RB,NE,CHI,0,0,0.0,0,0.0,0.0,0.0,20,74.0,0,1,1,3.0,0,7.7,8.7,,,72.0,246.0,26.698,3.0,Oklahoma,2021.0,2021.0,NE,120.0,,0.04347826
2024,11,00-0036875,R.Stevenson,RB,NE,LA,0,0,0.0,0,0.0,0.0,0.0,20,73.0,0,4,4,16.0,0,8.9,12.9,,,72.0,246.0,26.698,3.0,Oklahoma,2021.0,2021.0,NE,120.0,-6.0,0.10810811
2024,12,00-0036875,R.Stevenson,RB,NE,MIA,0,0,0.0,0,0.0,0.0,0.0,8,13.0,0,2,0,0.0,0,3.3,3.3,,,72.0,246.0,26.698,3.0,Oklahoma,2021.0,2021.0,NE,120.0,,0.054054055
2024,13,00-0036875,R.Stevenson,RB,NE,IND,0,0,0.0,0,0.0,0.0,0.0,18,73.0,0,3,3,21.0,0,9.4,12.4,,,72.0,246.0,26.698,3.0,Oklahoma,2021.0,2021.0,NE,120.0,-1.0,0.1
2024,15,00-0036875,R.Stevenson,RB,NE,ARI,0,0,0.0,0,0.0,0.0,0.0,13,69.0,0,1,1,16.0,0,8.5,9.5,,,72.0,246.0,26.698,3.0,Oklahoma,2021.0,2021.0,NE,120.0,,0.04347826
2024,16,00-0036875,R.Stevenson,RB,NE,BUF,0,0,0.0,0,0.0,0.0,0.0,12,60.0,1,1,1,13.0,0,11.3,12.3,,,72.0,246.0,26.698,3.0,Oklahoma,2021.0,2021.0,NE,120.0,,0.032258064
2024,17,00-0036875,R.Stevenson,RB,NE,LAC,0,0,0.0,0,0.0,0.0,0.0,2,1.0,0,1,0,0.0,0,0.1,0.1,,,72.0,246.0,26.698,3.0,Oklahoma,2021.0,2021.0,NE,120.0,-33.0,0.04347826
2024,1,00-0036876,K.Granson,TE,IND,HOU,0,0,0.0,0,0.0,0.0,0.0,0,0.0,0,1,0,0.0,0,0.0,0.0,,,75.0,235.0,26.61094117647059,3.0,Southern Methodist,2021.0,2021.0,IND,127.0,-2.0,0.05263158
2024,2,00-0036876,K.Granson,TE,IND,GB,0,0,0.0,0,0.0,0.0,0.0,0,0.0,0,2,1,9.0,0,0.9,1.9,,,75.0,235.0,26.61094117647059,3.0,Southern Methodist,2021.0,2021.0,IND,127.0,,0.06451613
2024,3,00-0036876,K.Granson,TE,IND,CHI,0,0,0.0,0,0.0,0.0,0.0,0,0.0,0,1,1,40.0,0,4.0,5.0,,,75.0,235.0,26.61094117647059,3.0,Southern Methodist,2021.0,2021.0,IND,127.0,5.0,0.055555556
2024,6,00-0036876,K.Granson,TE,IND,TEN,0,0,0.0,0,0.0,0.0,0.0,0,0.0,0,1,0,0.0,0,0.0,0.0,,,75.0,235.0,26.61094117647059,3.0,Southern Methodist,2021.0,2021.0,IND,127.0,,0.027777778
2024,7,00-0036876,K.Granson,TE,IND,MIA,0,0,0.0,0,0.0,0.0,0.0,0,0.0,0,2,0,0.0,0,0.0,0.0,,,75.0,235.0,26.61094117647059,3.0,Southern Methodist,2021.0,2021.0,IND,127.0,6.0,0.09090909
2024,8,00-0036876,K.Granson,TE,IND,HOU,0,0,0.0,0,0.0,0.0,0.0,0,0.0,0,2,1,4.0,0,0.4,1.4,,,75.0,235.0,26.61094117647059,3.0,Southern Methodist,2021.0,2021.0,IND,127.0,,0.06451613
2024,9,00-0036876,K.Granson,TE,IND,MIN,0,0,0.0,0,0.0,0.0,0.0,0,0.0,0,1,1,22.0,0,2.2,3.2,,,75.0,235.0,26.61094117647059,3.0,Southern Methodist,2021.0,2021.0,IND,127.0,,0.037037037
2024,10,00-0036876,K.Granson,TE,IND,BUF,0,0,0.0,0,0.0,0.0,0.0,0,0.0,0,2,2,15.0,0,1.5,3.5,,,75.0,235.0,26.61094117647059,3.0,Southern Methodist,2021.0,2021.0,IND,127.0,-10.0,0.057142857
2024,11,00-0036876,K.Granson,TE,IND,NYJ,0,0,0.0,0,0.0,0.0,0.0,0,0.0,0,2,1,4.0,0,0.4,1.4,,,75.0,235.0,26.61094117647059,3.0,Southern Methodist,2021.0,2021.0,IND,127.0,,0.071428575
2024,12,00-0036876,K.Granson,TE,IND,DET,0,0,0.0,0,0.0,0.0,0.0,0,0.0,0,2,0,0.0,0,0.0,0.0,,,75.0,235.0,26.61094117647059,3.0,Southern Methodist,2021.0,2021.0,IND,127.0,-18.0,0.08
2024,13,00-0036876,K.Granson,TE,IND,NE,0,0,0.0,0,0.0,0.0,0.0,0,0.0,0,3,0,0.0,0,0.0,0.0,,,75.0,235.0,26.61094117647059,3.0,Southern Methodist,2021.0,2021.0,IND,127.0,,0.125
2024,15,00-0036876,K.Granson,TE,IND,DEN,0,0,0.0,0,0.0,0.0,0.0,0,0.0,0,4,3,47.0,0,4.7,7.7,,,75.0,235.0,26.61094117647059,3.0,Southern Methodist,2021.0,2021.0,IND,127.0,,0.11111111
2024,17,00-0036876,K.Granson,TE,IND,NYG,0,0,0.0,0,0.0,0.0,0.0,0,0.0,0,4,3,34.0,0,3.4,6.4,,,75.0,235.0,26.61094117647059,3.0,Southern Methodist,2021.0,2021.0,IND,127.0,,0.10810811
2024,18,00-0036876,K.Granson,TE,IND,JAX,0,0,0.0,0,0.0,0.0,0.0,0,0.0,0,4,1,7.0,0,0.7,1.7,,,75.0,235.0,26.61094117647059,3.0,Southern Methodist,2021.0,2021.0,IND,127.0,3.0,0.102564104
2024,6,00-0036877,J.Darden,WR,CLE,PHI,0,0,0.0,0,0.0,0.0,0.0,0,0.0,0,1,1,6.0,0,0.6,1.6,,,68.0,174.0,25.812470588235296,3.0,North Texas,2021.0,2021.0,TB,129.0,,0.04347826
2024,13,00-0036880,P.Sewell,T,DET,CHI,0,0,0.0,0,0.0,1.0,1.0,0,0.0,0,0,0,0.0,0,0.0,0.0,,,77.0,325.0,24.093222222222224,3.0,Oregon,2021.0,2021.0,DET,7.0,3.0,
2024,2,00-0036887,L.Farrell,TE,JAX,CLE,0,0,0.0,0,0.0,0.0,0.0,0,0.0,0,2,2,13.0,0,1.3,3.3,,,77.0,258.0,27.06235294117647,3.0,Ohio State,2021.0,2021.0,JAX,145.0,-5.0,0.074074075
2024,3,00-0036887,L.Farrell,TE,JAX,BUF,0,0,0.0,0,0.0,0.0,0.0,0,0.0,0,2,1,1.0,0,0.1,1.1,,,77.0,258.0,27.06235294117647,3.0,Ohio State,2021.0,2021.0,JAX,145.0,,0.045454547
2024,4,00-0036887,L.Farrell,TE,JAX,HOU,0,0,0.0,0,0.0,0.0,0.0,0,0.0,0,1,0,0.0,0,0.0,0.0,,,77.0,258.0,27.06235294117647,3.0,Ohio State,2021.0,2021.0,JAX,145.0,,0.03125
2024,5,00-0036887,L.Farrell,TE,JAX,IND,0,0,0.0,0,0.0,0.0,0.0,0,0.0,0,2,2,17.0,0,1.7,3.7,,,77.0,258.0,27.06235294117647,3.0,Ohio State,2021.0,2021.0,JAX,145.0,3.0,0.05882353
2024,9,00-0036887,L.Farrell,TE,JAX,PHI,0,0,0.0,0,0.0,0.0,0.0,0,0.0,0,1,1,5.0,0,0.5,1.5,,,77.0,258.0,27.06235294117647,3.0,Ohio State,2021.0,2021.0,JAX,145.0,,0.033333335
2024,10,00-0036887,L.Farrell,TE,JAX,MIN,0,0,0.0,0,0.0,0.0,0.0,0,0.0,0,2,2,16.0,0,1.6,3.6,,,77.0,258.0,27.06235294117647,3.0,Ohio State,2021.0,2021.0,JAX,145.0,-5.0,0.0952381
2024,11,00-0036887,L.Farrell,TE,JAX,DET,0,0,0.0,0,0.0,0.0,0.0,0,0.0,0,2,1,3.0,0,0.3,1.3,,,77.0,258.0,27.06235294117647,3.0,Ohio State,2021.0,2021.0,JAX,145.0,,0.071428575
2024,13,00-0036887,L.Farrell,TE,JAX,HOU,0,0,0.0,0,0.0,0.0,0.0,0,0.0,0,1,0,0.0,0,0.0,0.0,,,77.0,258.0,27.06235294117647,3.0,Ohio State,2021.0,2021.0,JAX,145.0,-3.0,0.023809524
2024,16,00-0036887,L.Farrell,TE,JAX,LV,0,0,0.0,0,0.0,0.0,0.0,0,0.0,0,3,2,8.0,0,0.8,2.8,,,77.0,258.0,27.06235294117647,3.0,Ohio State,2021.0,2021.0,JAX,145.0,,0.08571429
2024,18,00-0036887,L.Farrell,TE,JAX,IND,0,0,0.0,0,0.0,0.0,0.0,0,0.0,0,1,1,4.0,0,0.4,1.4,,,77.0,258.0,27.06235294117647,3.0,Ohio State,2021.0,2021.0,JAX,145.0,,0.032258064
2024,1,00-0036893,N.Harris,RB,PIT,ATL,0,0,0.0,0,0.0,0.0,0.0,20,70.0,0,2,1,9.0,0,7.9,8.9,,,73.0,230.0,26.674555555555557,3.0,Alabama,2021.0,2021.0,PIT,24.0,,0.09090909
2024,2,00-0036893,N.Harris,RB,PIT,DEN,0,0,0.0,0,0.0,0.0,0.0,17,69.0,0,2,1,5.0,0,7.4,8.4,,,73.0,230.0,26.674555555555557,3.0,Alabama,2021.0,2021.0,PIT,24.0,,0.11111111
2024,3,00-0036893,N.Harris,RB,PIT,LAC,0,0,0.0,0,0.0,0.0,0.0,18,70.0,0,5,5,16.0,0,8.6,13.6,,,73.0,230.0,26.674555555555557,3.0,Alabama,2021.0,2021.0,PIT,24.0,10.0,0.16129032
2024,4,00-0036893,N.Harris,RB,PIT,IND,0,0,0.0,0,0.0,0.0,0.0,13,19.0,0,6,3,54.0,0,7.3,10.3,,,73.0,230.0,26.674555555555557,3.0,Alabama,2021.0,2021.0,PIT,24.0,,0.1875
2024,5,00-0036893,N.Harris,RB,PIT,DAL,0,0,0.0,0,0.0,0.0,0.0,14,42.0,0,2,2,35.0,0,7.7,9.7,,,73.0,230.0,26.674555555555557,3.0,Alabama,2021.0,2021.0,PIT,24.0,-3.0,0.07692308
2024,6,00-0036893,N.Harris,RB,PIT,LV,0,0,0.0,0,0.0,0.0,0.0,14,106.0,1,2,2,16.0,0,18.2,20.2,,,73.0,230.0,26.674555555555557,3.0,Alabama,2021.0,2021.0,PIT,24.0,,0.08695652
2024,7,00-0036893,N.Harris,RB,PIT,NYJ,0,0,0.0,0,0.0,0.0,0.0,21,102.0,1,1,0,0.0,0,16.2,16.2,,,73.0,230.0,26.674555555555557,3.0,Alabama,2021.0,2021.0,PIT,24.0,22.0,0.037037037
2024,8,00-0036893,N.Harris,RB,PIT,NYG,0,0,0.0,0,0.0,0.0,0.0,19,114.0,0,4,3,17.0,0,13.1,16.1,,,73.0,230.0,26.674555555555557,3.0,Alabama,2021.0,2021.0,PIT,24.0,8.0,0.14814815
2024,10,00-0036893,N.Harris,RB,PIT,WAS,0,0,0.0,0,0.0,0.0,0.0,21,53.0,1,0,0,0.0,0,11.3,11.3,,,73.0,230.0,26.674555555555557,3.0,Alabama,2021.0,2021.0,PIT,24.0,,
2024,11,00-0036893,N.Harris,RB,PIT,BAL,0,0,0.0,0,0.0,0.0,0.0,18,63.0,0,5,4,30.0,0,9.3,13.3,,,73.0,230.0,26.674555555555557,3.0,Alabama,2021.0,2021.0,PIT,24.0,2.0,0.15625
2024,12,00-0036893,N.Harris,RB,PIT,CLE,0,0,0.0,0,0.0,0.0,0.0,16,41.0,0,2,2,13.0,0,5.4,7.4,,,73.0,230.0,26.674555555555557,3.0,Alabama,2021.0,2021.0,PIT,24.0,,0.08
2024,13,00-0036893,N.Harris,RB,PIT,CIN,0,0,0.0,0,0.0,0.0,0.0,16,75.0,1,6,6,54.0,0,18.9,24.9,,,73.0,230.0,26.674555555555557,3.0,Alabama,2021.0,2021.0,PIT,24.0,,0.16666667
2024,14,00-0036893,N.Harris,RB,PIT,CLE,0,0,0.0,0,0.0,0.0,0.0,16,53.0,1,0,0,0.0,0,11.3,11.3,,,73.0,230.0,26.674555555555557,3.0,Alabama,2021.0,2021.0,PIT,24.0,13.0,
2024,15,00-0036893,N.Harris,RB,PIT,PHI,0,0,0.0,0,0.0,0.0,0.0,6,14.0,0,1,1,7.0,0,2.1,3.1,,,73.0,230.0,26.674555555555557,3.0,Alabama,2021.0,2021.0,PIT,24.0,,0.04761905
2024,16,00-0036893,N.Harris,RB,PIT,BAL,0,0,0.0,0,0.0,0.0,0.0,9,42.0,0,1,0,0.0,0,4.2,4.2,,,73.0,230.0,26.674555555555557,3.0,Alabama,2021.0,2021.0,PIT,24.0,,0.03846154
2024,17,00-0036893,N.Harris,RB,PIT,KC,0,0,0.0,0,0.0,0.0,0.0,13,74.0,0,4,2,7.0,0,8.1,10.1,,,73.0,230.0,26.674555555555557,3.0,Alabama,2021.0,2021.0,PIT,24.0,-19.0,0.114285715
2024,18,00-0036893,N.Harris,RB,PIT,CIN,0,0,0.0,0,0.0,0.0,0.0,12,36.0,1,5,4,20.0,0,11.6,15.6,,,73.0,230.0,26.674555555555557,3.0,Alabama,2021.0,2021.0,PIT,24.0,-2.0,0.1724138
2024,19,00-0036893,N.Harris,RB,PIT,BAL,0,0,0.0,0,0.0,0.0,0.0,6,17.0,0,3,3,41.0,0,5.8,8.8,,,73.0,230.0,26.674555555555557,3.0,Alabama,2021.0,2021.0,PIT,24.0,,0.115384616
2024,1,00-0036894,P.Freiermuth,TE,PIT,ATL,0,0,0.0,0,0.0,0.0,0.0,0,0.0,0,4,4,27.0,0,2.7,6.7,,,77.0,258.0,26.044888888888888,3.0,Penn State,2021.0,2021.0,PIT,55.0,,0.18181819
2024,2,00-0036894,P.Freiermuth,TE,PIT,DEN,0,0,0.0,0,0.0,0.0,0.0,0,0.0,0,4,4,39.0,0,3.9,7.9,,,77.0,258.0,26.044888888888888,3.0,Penn State,2021.0,2021.0,PIT,55.0,,0.22222222
2024,3,00-0036894,P.Freiermuth,TE,PIT,LAC,0,0,0.0,0,0.0,0.0,0.0,0,0.0,0,5,4,33.0,0,3.3,7.3,,,77.0,258.0,26.044888888888888,3.0,Penn State,2021.0,2021.0,PIT,55.0,10.0,0.16129032
2024,4,00-0036894,P.Freiermuth,TE,PIT,IND,0,0,0.0,0,0.0,0.0,0.0,0,0.0,0,7,5,57.0,1,11.7,16.7,,,77.0,258.0,26.044888888888888,3.0,Penn State,2021.0,2021.0,PIT,55.0,,0.21875
2024,5,00-0036894,P.Freiermuth,TE,PIT,DAL,0,0,0.0,0,0.0,0.0,0.0,0,0.0,0,3,3,22.0,1,6.2,9.2,,,77.0,258.0,26.044888888888888,3.0,Penn State,2021.0,2021.0,PIT,55.0,-3.0,0.115384616
2024,6,00-0036894,P.Freiermuth,TE,PIT,LV,0,0,0.0,0,0.0,0.0,0.0,0,0.0,0,3,2,16.0,0,1.6,3.6,,,77.0,258.0,26.044888888888888,3.0,Penn State,2021.0,2021.0,PIT,55.0,,0.13043478
2024,7,00-0036894,P.Freiermuth,TE,PIT,NYJ,0,0,0.0,0,0.0,0.0,0.0,0,0.0,0,3,2,51.0,0,5.1,7.1,,,77.0,258.0,26.044888888888888,3.0,Penn State,2021.0,2021.0,PIT,55.0,22.0,0.11111111
2024,8,00-0036894,P.Freiermuth,TE,PIT,NYG,0,0,0.0,0,0.0,0.0,0.0,0,0.0,0,2,2,19.0,0,1.9,3.9,,,77.0,258.0,26.044888888888888,3.0,Penn State,2021.0,2021.0,PIT,55.0,8.0,0.074074075
2024,10,00-0036894,P.Freiermuth,TE,PIT,WAS,0,0,0.0,0,0.0,0.0,0.0,0,0.0,0,3,3,17.0,1,7.7,10.7,,,77.0,258.0,26.044888888888888,3.0,Penn State,2021.0,2021.0,PIT,55.0,,0.115384616
2024,11,00-0036894,P.Freiermuth,TE,PIT,BAL,0,0,0.0,0,0.0,0.0,0.0,0,0.0,0,2,2,14.0,0,1.4,3.4,,,77.0,258.0,26.044888888888888,3.0,Penn State,2021.0,2021.0,PIT,55.0,2.0,0.0625
2024,12,00-0036894,P.Freiermuth,TE,PIT,CLE,0,0,0.0,0,0.0,0.0,0.0,0,0.0,0,4,4,59.0,0,5.9,9.9,,,77.0,258.0,26.044888888888888,3.0,Penn State,2021.0,2021.0,PIT,55.0,,0.16
2024,13,00-0036894,P.Freiermuth,TE,PIT,CIN,0,0,0.0,0,0.0,0.0,0.0,0,0.0,0,7,6,68.0,1,12.8,18.8,,,77.0,258.0,26.044888888888888,3.0,Penn State,2021.0,2021.0,PIT,55.0,,0.19444445
2024,14,00-0036894,P.Freiermuth,TE,PIT,CLE,0,0,0.0,0,0.0,0.0,0.0,0,0.0,0,3,3,48.0,1,10.8,13.8,,,77.0,258.0,26.044888888888888,3.0,Penn State,2021.0,2021.0,PIT,55.0,13.0,0.125
2024,15,00-0036894,P.Freiermuth,TE,PIT,PHI,0,0,0.0,0,0.0,0.0,0.0,0,0.0,0,6,3,22.0,1,8.2,11.2,,,77.0,258.0,26.044888888888888,3.0,Penn State,2021.0,2021.0,PIT,55.0,,0.2857143
2024,16,00-0036894,P.Freiermuth,TE,PIT,BAL,0,0,0.0,0,0.0,0.0,0.0,0,0.0,0,3,3,16.0,0,1.6,4.6,,,77.0,258.0,26.044888888888888,3.0,Penn State,2021.0,2021.0,PIT,55.0,,0.115384616
2024,17,00-0036894,P.Freiermuth,TE,PIT,KC,0,0,0.0,0,0.0,0.0,0.0,0,0.0,0,8,7,60.0,0,4.0,11.0,,,77.0,258.0,26.044888888888888,3.0,Penn State,2021.0,2021.0,PIT,55.0,-19.0,0.22857143
2024,18,00-0036894,P.Freiermuth,TE,PIT,CIN,0,0,0.0,0,0.0,0.0,0.0,0,0.0,0,11,8,85.0,1,14.5,22.5,,,77.0,258.0,26.044888888888888,3.0,Penn State,2021.0,2021.0,PIT,55.0,-2.0,0.37931034
2024,19,00-0036894,P.Freiermuth,TE,PIT,BAL,0,0,0.0,0,0.0,0.0,0.0,0,0.0,0,4,3,15.0,0,1.5,4.5,,,77.0,258.0,26.044888888888888,3.0,Penn State,2021.0,2021.0,PIT,55.0,,0.15384616
2024,3,00-0036898,D.Mills,QB,HOU,MIN,7,12,79.0,0,0.0,1.0,7.0,0,0.0,0,0,0,0.0,0,3.16,3.16,,,76.0,225.0,26.06084210526316,3.0,Stanford,2021.0,2021.0,HOU,67.0,,
2024,6,00-0036898,D.Mills,QB,HOU,NE,0,1,0.0,0,0.0,0.0,-0.0,0,0.0,0,0,0,0.0,0,0.0,0.0,,,76.0,225.0,26.06084210526316,3.0,Stanford,2021.0,2021.0,HOU,67.0,,
2024,17,00-0036898,D.Mills,QB,HOU,BAL,1,1,5.0,0,0.0,0.0,-0.0,0,0.0,0,0,0,0.0,0,0.2,0.2,,,76.0,225.0,26.06084210526316,3.0,Stanford,2021.0,2021.0,HOU,67.0,-29.0,
2024,18,00-0036898,D.Mills,QB,HOU,TEN,12,22,128.0,0,0.0,1.0,11.0,3,11.0,0,0,0,0.0,0,6.22,6.22,,,76.0,225.0,26.06084210526316,3.0,Stanford,2021.0,2021.0,HOU,67.0,,
2024,1,00-0036900,J.Chase,WR,CIN,NE,0,0,0.0,0,0.0,0.0,0.0,0,0.0,0,6,6,62.0,0,6.2,12.2,,,72.0,200.0,24.682529411764705,3.0,Louisiana State,2021.0,2021.0,CIN,5.0,-6.0,0.20689656
2024,2,00-0036900,J.Chase,WR,CIN,KC,0,0,0.0,0,0.0,0.0,0.0,0,0.0,0,5,4,35.0,0,3.5,7.5,,,72.0,200.0,24.682529411764705,3.0,Louisiana State,2021.0,2021.0,CIN,5.0,,0.14705883
2024,3,00-0036900,J.Chase,WR,CIN,WAS,0,0,0.0,0,0.0,0.0,0.0,0,0.0,0,7,6,118.0,2,23.8,29.8,,,72.0,200.0,24.682529411764705,3.0,Louisiana State,2021.0,2021.0,CIN,5.0,-5.0,0.18421052
2024,4,00-0036900,J.Chase,WR,CIN,CAR,0,0,0.0,0,0.0,0.0,0.0,0,0.0,0,6,3,85.0,1,14.5,17.5,,,72.0,200.0,24.682529411764705,3.0,Louisiana State,2021.0,2021.0,CIN,5.0,,0.2
2024,5,00-0036900,J.Chase,WR,CIN,BAL,0,0,0.0,0,0.0,0.0,0.0,0,0.0,0,12,10,193.0,2,31.3,41.3,,,72.0,200.0,24.682529411764705,3.0,Louisiana State,2021.0,2021.0,CIN,5.0,-3.0,0.30769232
2024,6,00-0036900,J.Chase,WR,CIN,NYG,0,0,0.0,0,0.0,0.0,0.0,0,0.0,0,6,5,72.0,0,7.2,12.2,,,72.0,200.0,24.682529411764705,3.0,Louisiana State,2021.0,2021.0,CIN,5.0,,0.26086956
2024,7,00-0036900,J.Chase,WR,CIN,CLE,0,0,0.0,0,0.0,0.0,0.0,1,11.0,0,6,5,55.0,1,12.6,17.6,,,72.0,200.0,24.682529411764705,3.0,Louisiana State,2021.0,2021.0,CIN,5.0,,0.25
2024,8,00-0036900,J.Chase,WR,CIN,PHI,0,0,0.0,0,0.0,0.0,0.0,0,0.0,0,11,9,54.0,1,11.4,20.4,,,72.0,200.0,24.682529411764705,3.0,Louisiana State,2021.0,2021.0,CIN,5.0,-20.0,0.30555555
2024,9,00-0036900,J.Chase,WR,CIN,LV,0,0,0.0,0,0.0,0.0,0.0,0,0.0,0,11,7,43.0,0,4.3,11.3,,,72.0,200.0,24.682529411764705,3.0,Louisiana State,2021.0,2021.0,CIN,5.0,17.0,0.2972973
2024,10,00-0036900,J.Chase,WR,CIN,BAL,0,0,0.0,0,0.0,0.0,0.0,0,0.0,0,17,11,264.0,3,44.4,55.4,,,72.0,200.0,24.682529411764705,3.0,Louisiana State,2021.0,2021.0,CIN,5.0,,0.3148148
2024,11,00-0036900,J.Chase,WR,CIN,LAC,0,0,0.0,0,0.0,0.0,0.0,0,0.0,0,13,7,75.0,2,19.5,26.5,,,72.0,200.0,24.682529411764705,3.0,Louisiana State,2021.0,2021.0,CIN,5.0,,0.2826087
2024,13,00-0036900,J.Chase,WR,CIN,PIT,0,0,0.0,0,0.0,0.0,0.0,0,0.0,0,9,6,86.0,1,14.6,20.6,,,72.0,200.0,24.682529411764705,3.0,Louisiana State,2021.0,2021.0,CIN,5.0,-6.0,0.24324325
2024,14,00-0036900,J.Chase,WR,CIN,DAL,0,0,0.0,0,0.0,0.0,0.0,1,14.0,0,18,14,177.0,2,31.1,45.1,,,72.0,200.0,24.682529411764705,3.0,Louisiana State,2021.0,2021.0,CIN,5.0,,0.41860464
2024,15,00-0036900,J.Chase,WR,CIN,TEN,0,0,0.0,0,0.0,0.0,0.0,0,0.0,0,11,9,94.0,0,9.4,18.4,,,72.0,200.0,24.682529411764705,3.0,Louisiana State,2021.0,2021.0,CIN,5.0,,0.31428573
2024,16,00-0036900,J.Chase,WR,CIN,CLE,0,0,0.0,0,0.0,0.0,0.0,1,7.0,0,8,6,97.0,1,16.4,22.4,,,72.0,200.0,24.682529411764705,3.0,Louisiana State,2021.0,2021.0,CIN,5.0,18.0,0.2857143
2024,17,00-0036900,J.Chase,WR,CIN,DEN,0,0,0.0,0,0.0,0.0,0.0,0,0.0,0,15,9,102.0,0,10.2,19.2,,,72.0,200.0,24.682529411764705,3.0,Louisiana State,2021.0,2021.0,CIN,5.0,6.0,0.30612245
2024,18,00-0036900,J.Chase,WR,CIN,PIT,0,0,0.0,0,0.0,0.0,0.0,0,0.0,0,14,10,96.0,1,15.6,25.6,,,72.0,200.0,24.682529411764705,3.0,Louisiana State,2021.0,2021.0,CIN,5.0,,0.3043478
2024,1,00-0036906,K.Herbert,RB,CHI,TEN,0,0,0.0,0,0.0,0.0,0.0,2,4.0,0,0,0,0.0,0,0.4,0.4,,,69.0,212.0,26.5469375,3.0,Virginia Tech,2021.0,2021.0,CHI,217.0,7.0,
2024,2,00-0036906,K.Herbert,RB,CHI,HOU,0,0,0.0,0,0.0,0.0,0.0,2,3.0,1,2,2,4.0,0,6.7,8.7,,,69.0,212.0,26.5469375,3.0,Virginia Tech,2021.0,2021.0,CHI,217.0,,0.05882353
2024,3,00-0036906,K.Herbert,RB,CHI,IND,0,0,0.0,0,0.0,0.0,0.0,4,9.0,0,0,0,0.0,0,0.9,0.9,,,69.0,212.0,26.5469375,3.0,Virginia Tech,2021.0,2021.0,CHI,217.0,,
2024,13,00-0036906,K.Herbert,RB,CIN,PIT,0,0,0.0,0,0.0,0.0,0.0,1,14.0,0,0,0,0.0,0,1.4,1.4,,,69.0,212.0,26.5469375,3.0,Virginia Tech,2021.0,2021.0,CHI,217.0,-6.0,
2024,14,00-0036906,K.Herbert,RB,CIN,DAL,0,0,0.0,0,0.0,0.0,0.0,2,4.0,0,1,1,7.0,0,1.1,2.1,,,69.0,212.0,26.5469375,3.0,Virginia Tech,2021.0,2021.0,CHI,217.0,,0.023255814
2024,15,00-0036906,K.Herbert,RB,CIN,TEN,0,0,0.0,0,0.0,0.0,0.0,1,4.0,0,0,0,0.0,0,0.4,0.4,,,69.0,212.0,26.5469375,3.0,Virginia Tech,2021.0,2021.0,CHI,217.0,,
2024,17,00-0036906,K.Herbert,RB,CIN,DEN,0,0,0.0,0,0.0,0.0,0.0,4,23.0,0,0,0,0.0,0,2.3,2.3,,,69.0,212.0,26.5469375,3.0,Virginia Tech,2021.0,2021.0,CHI,217.0,6.0,
2024,18,00-0036906,K.Herbert,RB,CIN,PIT,0,0,0.0,0,0.0,0.0,0.0,20,69.0,0,8,7,14.0,0,8.3,15.3,,,69.0,212.0,26.5469375,3.0,Virginia Tech,2021.0,2021.0,CHI,217.0,,0.17391305
2024,1,00-0036912,D.Smith,WR,PHI,GB,0,0,0.0,0,0.0,0.0,0.0,0,0.0,0,8,7,84.0,0,8.4,15.4,,,72.0,165.0,26.02542857142857,3.0,Alabama,2021.0,2021.0,PHI,10.0,5.0,0.27586207
2024,2,00-0036912,D.Smith,WR,PHI,ATL,0,0,0.0,0,0.0,0.0,0.0,0,0.0,0,10,7,76.0,1,13.6,20.6,,,72.0,165.0,26.02542857142857,3.0,Alabama,2021.0,2021.0,PHI,10.0,-1.0,0.3448276
2024,3,00-0036912,D.Smith,WR,PHI,NO,0,0,0.0,0,0.0,0.0,0.0,0,0.0,0,10,7,79.0,0,7.9,14.9,,,72.0,165.0,26.02542857142857,3.0,Alabama,2021.0,2021.0,PHI,10.0,,0.2777778
2024,6,00-0036912,D.Smith,WR,PHI,CLE,0,0,0.0,0,0.0,0.0,0.0,0,0.0,0,4,3,64.0,1,12.4,15.4,,,72.0,165.0,26.02542857142857,3.0,Alabama,2021.0,2021.0,PHI,10.0,4.0,0.16666667
2024,7,00-0036912,D.Smith,WR,PHI,NYG,0,0,0.0,0,0.0,0.0,0.0,0,0.0,0,2,1,-2.0,0,-0.2,0.8,,,72.0,165.0,26.02542857142857,3.0,Alabama,2021.0,2021.0,PHI,10.0,,0.14285715
2024,8,00-0036912,D.Smith,WR,PHI,CIN,0,0,0.0,0,0.0,0.0,0.0,0,0.0,0,7,6,85.0,1,14.5,20.5,,,72.0,165.0,26.02542857142857,3.0,Alabama,2021.0,2021.0,PHI,10.0,,0.36842105
2024,9,00-0036912,D.Smith,WR,PHI,JAX,0,0,0.0,0,0.0,0.0,0.0,0,0.0,0,6,4,87.0,1,14.7,18.7,,,72.0,165.0,26.02542857142857,3.0,Alabama,2021.0,2021.0,PHI,10.0,5.0,0.26086956
2024,10,00-0036912,D.Smith,WR,PHI,DAL,0,0,0.0,0,0.0,0.0,0.0,0,0.0,0,3,2,14.0,0,1.4,3.4,,,72.0,165.0,26.02542857142857,3.0,Alabama,2021.0,2021.0,PHI,10.0,,0.15
2024,11,00-0036912,D.Smith,WR,PHI,WAS,0,0,0.0,0,0.0,0.0,0.0,0,0.0,0,6,4,29.0,0,2.9,6.9,,,72.0,165.0,26.02542857142857,3.0,Alabama,2021.0,2021.0,PHI,10.0,8.0,0.24
2024,14,00-0036912,D.Smith,WR,PHI,CAR,0,0,0.0,0,0.0,0.0,0.0,0,0.0,0,6,4,37.0,1,9.7,13.7,,,72.0,165.0,26.02542857142857,3.0,Alabama,2021.0,2021.0,PHI,10.0,6.0,0.31578946
2024,15,00-0036912,D.Smith,WR,PHI,PIT,0,0,0.0,0,0.0,0.0,0.0,1,1.0,0,12,11,109.0,1,17.0,28.0,,,72.0,165.0,26.02542857142857,3.0,Alabama,2021.0,2021.0,PHI,10.0,14.0,0.38709676
2024,16,00-0036912,D.Smith,WR,PHI,WAS,0,0,0.0,0,0.0,0.0,0.0,0,0.0,0,8,6,51.0,0,5.1,11.1,,,72.0,165.0,26.02542857142857,3.0,Alabama,2021.0,2021.0,PHI,10.0,,0.32
2024,17,00-0036912,D.Smith,WR,PHI,DAL,0,0,0.0,0,0.0,0.0,0.0,0,0.0,0,7,6,120.0,2,24.0,30.0,,,72.0,165.0,26.02542857142857,3.0,Alabama,2021.0,2021.0,PHI,10.0,34.0,0.3888889
2024,19,00-0036912,D.Smith,WR,PHI,GB,0,0,0.0,0,0.0,0.0,0.0,0,0.0,0,4,4,55.0,0,5.5,9.5,,,72.0,165.0,26.02542857142857,3.0,Alabama,2021.0,2021.0,PHI,10.0,12.0,0.22222222
2024,20,00-0036912,D.Smith,WR,PHI,LA,0,0,0.0,0,0.0,0.0,0.0,0,0.0,0,4,4,21.0,0,2.1,6.1,,,72.0,165.0,26.02542857142857,3.0,Alabama,2021.0,2021.0,PHI,10.0,6.0,0.2
2024,21,00-0036912,D.Smith,WR,PHI,WAS,0,0,0.0,0,0.0,0.0,0.0,0,0.0,0,4,4,45.0,0,4.5,8.5,,,72.0,165.0,26.02542857142857,3.0,Alabama,2021.0,2021.0,PHI,10.0,32.0,0.16666667
2024,22,00-0036912,D.Smith,WR,PHI,KC,0,0,0.0,0,0.0,0.0,0.0,0,0.0,0,5,4,69.0,1,12.9,16.9,,,72.0,165.0,26.02542857142857,3.0,Alabama,2021.0,2021.0,PHI,10.0,18.0,0.2173913
2024,11,00-0036913,K.Toney,WR,CLE,NO,0,0,0.0,0,0.0,0.0,0.0,1,-7.0,0,0,0,0.0,0,-0.7,-0.7,,,72.0,193.0,25.745714285714286,3.0,Florida,2021.0,2021.0,NYG,20.0,,
2024,13,00-0036913,K.Toney,WR,CLE,DEN,0,0,0.0,0,0.0,0.0,0.0,1,3.0,0,1,0,0.0,0,0.3,0.3,,,72.0,193.0,25.745714285714286,3.0,Florida,2021.0,2021.0,NYG,20.0,,0.01754386
2024,1,00-0036919,K.Gainwell,RB,PHI,GB,0,0,0.0,0,0.0,0.0,0.0,1,2.0,0,1,1,10.0,0,1.2,2.2,,,69.0,191.0,25.696999999999996,3.0,Memphis,2021.0,2021.0,PHI,150.0,5.0,0.03448276
2024,2,00-0036919,K.Gainwell,RB,PHI,ATL,0,0,0.0,0,0.0,0.0,0.0,2,6.0,0,0,0,0.0,0,0.6,0.6,,,69.0,191.0,25.696999999999996,3.0,Memphis,2021.0,2021.0,PHI,150.0,-1.0,
2024,3,00-0036919,K.Gainwell,RB,PHI,NO,0,0,0.0,0,0.0,0.0,0.0,0,0.0,0,3,2,12.0,0,1.2,3.2,,,69.0,191.0,25.696999999999996,3.0,Memphis,2021.0,2021.0,PHI,150.0,,0.083333336
2024,4,00-0036919,K.Gainwell,RB,PHI,TB,0,0,0.0,0,0.0,0.0,0.0,2,9.0,0,1,0,0.0,0,0.9,0.9,,,69.0,191.0,25.696999999999996,3.0,Memphis,2021.0,2021.0,PHI,150.0,,0.03448276
2024,6,00-0036919,K.Gainwell,RB,PHI,CLE,0,0,0.0,0,0.0,0.0,0.0,3,23.0,0,1,0,0.0,0,2.3,2.3,,,69.0,191.0,25.696999999999996,3.0,Memphis,2021.0,2021.0,PHI,150.0,4.0,0.041666668
2024,7,00-0036919,K.Gainwell,RB,PHI,NYG,0,0,0.0,0,0.0,0.0,0.0,13,56.0,0,1,1,11.0,0,6.7,7.7,,,69.0,191.0,25.696999999999996,3.0,Memphis,2021.0,2021.0,PHI,150.0,,0.071428575
2024,8,00-0036919,K.Gainwell,RB,PHI,CIN,0,0,0.0,0,0.0,0.0,0.0,5,19.0,0,1,0,0.0,0,1.9,1.9,,,69.0,191.0,25.696999999999996,3.0,Memphis,2021.0,2021.0,PHI,150.0,,0.05263158
2024,9,00-0036919,K.Gainwell,RB,PHI,JAX,0,0,0.0,0,0.0,0.0,0.0,5,9.0,0,1,1,1.0,0,1.0,2.0,,,69.0,191.0,25.696999999999996,3.0,Memphis,2021.0,2021.0,PHI,150.0,5.0,0.04347826
2024,10,00-0036919,K.Gainwell,RB,PHI,DAL,0,0,0.0,0,0.0,0.0,0.0,7,30.0,0,1,1,9.0,0,3.9,4.9,,,69.0,191.0,25.696999999999996,3.0,Memphis,2021.0,2021.0,PHI,150.0,,0.05
2024,11,00-0036919,K.Gainwell,RB,PHI,WAS,0,0,0.0,0,0.0,0.0,0.0,4,43.0,0,1,1,6.0,0,4.9,5.9,,,69.0,191.0,25.696999999999996,3.0,Memphis,2021.0,2021.0,PHI,150.0,8.0,0.04
2024,12,00-0036919,K.Gainwell,RB,PHI,LA,0,0,0.0,0,0.0,0.0,0.0,5,22.0,1,0,0,0.0,0,8.2,8.2,,,69.0,191.0,25.696999999999996,3.0,Memphis,2021.0,2021.0,PHI,150.0,,
2024,14,00-0036919,K.Gainwell,RB,PHI,CAR,0,0,0.0,0,0.0,0.0,0.0,3,26.0,0,2,2,7.0,0,3.3,5.3,,,69.0,191.0,25.696999999999996,3.0,Memphis,2021.0,2021.0,PHI,150.0,6.0,0.10526316
2024,15,00-0036919,K.Gainwell,RB,PHI,PIT,0,0,0.0,0,0.0,0.0,0.0,7,20.0,0,3,3,40.0,0,6.0,9.0,,,69.0,191.0,25.696999999999996,3.0,Memphis,2021.0,2021.0,PHI,150.0,14.0,0.09677419
2024,16,00-0036919,K.Gainwell,RB,PHI,WAS,0,0,0.0,0,0.0,0.0,0.0,4,7.0,0,1,1,6.0,0,1.3,2.3,,,69.0,191.0,25.696999999999996,3.0,Memphis,2021.0,2021.0,PHI,150.0,,0.04
2024,17,00-0036919,K.Gainwell,RB,PHI,DAL,0,0,0.0,0,0.0,0.0,0.0,3,4.0,0,1,1,5.0,0,0.9,1.9,,,69.0,191.0,25.696999999999996,3.0,Memphis,2021.0,2021.0,PHI,150.0,34.0,0.055555556
2024,18,00-0036919,K.Gainwell,RB,PHI,NYG,0,0,0.0,0,0.0,0.0,0.0,11,14.0,0,4,2,9.0,0,2.3,4.3,,,69.0,191.0,25.696999999999996,3.0,Memphis,2021.0,2021.0,PHI,150.0,7.0,0.09756097
2024,19,00-0036919,K.Gainwell,RB,PHI,GB,0,0,0.0,0,0.0,0.0,0.0,3,14.0,0,0,0,0.0,0,1.4,1.4,,,69.0,191.0,25.696999999999996,3.0,Memphis,2021.0,2021.0,PHI,150.0,12.0,
2024,20,00-0036919,K.Gainwell,RB,PHI,LA,0,0,0.0,0,0.0,0.0,0.0,1,10.0,0,1,1,10.0,0,2.0,3.0,,,69.0,191.0,25.696999999999996,3.0,Memphis,2021.0,2021.0,PHI,150.0,6.0,0.05
2024,21,00-0036919,K.Gainwell,RB,PHI,WAS,0,0,0.0,0,0.0,0.0,0.0,3,8.0,0,2,2,16.0,0,2.4,4.4,,,69.0,191.0,25.696999999999996,3.0,Memphis,2021.0,2021.0,PHI,150.0,32.0,0.083333336
2024,22,00-0036919,K.Gainwell,RB,PHI,KC,0,0,0.0,0,0.0,0.0,0.0,6,10.0,0,0,0,0.0,0,1.0,1.0,,,69.0,191.0,25.696999999999996,3.0,Memphis,2021.0,2021.0,PHI,150.0,18.0,
2024,16,00-0036924,M.Carter,RB,ARI,CAR,0,0,0.0,0,0.0,0.0,0.0,5,18.0,0,5,5,30.0,0,4.8,9.8,,,68.0,200.0,25.502764705882356,3.0,North Carolina,2021.0,2021.0,NYJ,107.0,,0.1724138
2024,17,00-0036924,M.Carter,RB,ARI,LA,0,0,0.0,0,0.0,0.0,0.0,13,70.0,0,2,2,11.0,0,8.1,10.1,,,68.0,200.0,25.502764705882356,3.0,North Carolina,2021.0,2021.0,NYJ,107.0,,0.044444446
2024,18,00-0036924,M.Carter,RB,ARI,SF,0,0,0.0,0,0.0,0.0,0.0,17,43.0,1,4,4,16.0,0,11.9,15.9,,,68.0,200.0,25.502764705882356,3.0,North Carolina,2021.0,2021.0,NYJ,107.0,23.0,0.125
2024,1,00-0036928,K.Trask,QB,TB,WAS,0,0,0.0,0,0.0,0.0,0.0,2,-2.0,0,0,0,0.0,0,-0.2,-0.2,,,77.0,240.0,26.68188888888889,3.0,Florida,2021.0,2021.0,TB,64.0,17.0,
2024,13,00-0036928,K.Trask,QB,TB,CAR,1,1,5.0,0,0.0,0.0,-0.0,0,0.0,0,0,0,0.0,0,0.2,0.2,,,77.0,240.0,26.68188888888889,3.0,Florida,2021.0,2021.0,TB,64.0,,
2024,17,00-0036928,K.Trask,QB,TB,CAR,0,0,0.0,0,0.0,0.0,0.0,3,-2.0,0,0,0,0.0,0,-0.2,-0.2,,,77.0,240.0,26.68188888888889,3.0,Florida,2021.0,2021.0,TB,64.0,34.0,
2024,1,00-0036945,J.Fields,QB,PIT,ATL,17,23,156.0,0,0.0,2.0,23.0,14,57.0,0,0,0,0.0,0,11.94,11.94,,,75.0,223.0,25.68627777777778,3.0,Ohio State,2021.0,2021.0,CHI,11.0,,
2024,2,00-0036945,J.Fields,QB,PIT,DEN,13,20,117.0,1,0.0,2.0,7.0,8,27.0,0,0,0,0.0,0,11.38,11.38,,,75.0,223.0,25.68627777777778,3.0,Ohio State,2021.0,2021.0,CHI,11.0,,
2024,3,00-0036945,J.Fields,QB,PIT,LAC,25,32,245.0,1,1.0,2.0,13.0,6,6.0,1,0,0,0.0,0,18.4,18.4,,,75.0,223.0,25.68627777777778,3.0,Ohio State,2021.0,2021.0,CHI,11.0,10.0,
2024,4,00-0036945,J.Fields,QB,PIT,IND,22,34,312.0,1,0.0,4.0,30.0,10,55.0,2,0,0,0.0,0,31.98,31.98,,,75.0,223.0,25.68627777777778,3.0,Ohio State,2021.0,2021.0,CHI,11.0,,
2024,5,00-0036945,J.Fields,QB,PIT,DAL,15,27,131.0,2,0.0,3.0,16.0,6,27.0,0,0,0,0.0,0,15.94,15.94,,,75.0,223.0,25.68627777777778,3.0,Ohio State,2021.0,2021.0,CHI,11.0,-3.0,
2024,6,00-0036945,J.Fields,QB,PIT,LV,14,24,145.0,0,0.0,3.0,35.0,11,59.0,2,0,0,0.0,0,23.7,23.7,,,75.0,223.0,25.68627777777778,3.0,Ohio State,2021.0,2021.0,CHI,11.0,,
2024,11,00-0036945,J.Fields,QB,PIT,BAL,0,0,0.0,0,0.0,0.0,0.0,2,17.0,0,0,0,0.0,0,1.7,1.7,,,75.0,223.0,25.68627777777778,3.0,Ohio State,2021.0,2021.0,CHI,11.0,2.0,
2024,12,00-0036945,J.Fields,QB,PIT,CLE,0,1,0.0,0,0.0,0.0,-0.0,3,26.0,0,0,0,0.0,0,2.6,2.6,,,75.0,223.0,25.68627777777778,3.0,Ohio State,2021.0,2021.0,CHI,11.0,,
2024,13,00-0036945,J.Fields,QB,PIT,CIN,0,0,0.0,0,0.0,0.0,0.0,1,7.0,0,0,0,0.0,0,0.7,0.7,,,75.0,223.0,25.68627777777778,3.0,Ohio State,2021.0,2021.0,CHI,11.0,,
2024,15,00-0036945,J.Fields,QB,PIT,PHI,0,0,0.0,0,0.0,0.0,0.0,1,8.0,0,0,0,0.0,0,0.8,0.8,,,75.0,223.0,25.68627777777778,3.0,Ohio State,2021.0,2021.0,CHI,11.0,,
2024,19,00-0036945,J.Fields,QB,PIT,BAL,0,1,0.0,0,0.0,0.0,-0.0,0,0.0,0,0,0,0.0,0,0.0,0.0,,,75.0,223.0,25.68627777777778,3.0,Ohio State,2021.0,2021.0,CHI,11.0,,
2024,13,00-0036955,T.Marshall,WR,LV,KC,0,0,0.0,0,0.0,0.0,0.0,0,0.0,0,1,0,0.0,0,0.0,0.0,,,74.0,200.0,24.411,3.0,Louisiana State,2021.0,2021.0,CAR,59.0,,0.029411765
2024,14,00-0036955,T.Marshall,WR,LV,TB,0,0,0.0,0,0.0,0.0,0.0,0,0.0,0,1,1,6.0,0,0.6,1.6,,,74.0,200.0,24.411,3.0,Louisiana State,2021.0,2021.0,CAR,59.0,,0.028571429
2024,15,00-0036955,T.Marshall,WR,LV,ATL,0,0,0.0,0,0.0,0.0,0.0,0,0.0,0,1,1,7.0,0,0.7,1.7,,,74.0,200.0,24.411,3.0,Louisiana State,2021.0,2021.0,CAR,59.0,-6.0,0.029411765
2024,16,00-0036955,T.Marshall,WR,LV,JAX,0,0,0.0,0,0.0,0.0,0.0,0,0.0,0,1,0,0.0,0,0.0,0.0,,,74.0,200.0,24.411,3.0,Louisiana State,2021.0,2021.0,CAR,59.0,5.0,0.027027028
2024,17,00-0036955,T.Marshall,WR,LV,NO,0,0,0.0,0,0.0,0.0,0.0,0,0.0,0,2,1,28.0,0,2.8,3.8,,,74.0,200.0,24.411,3.0,Louisiana State,2021.0,2021.0,CAR,59.0,,0.057142857
2024,1,00-0036963,A.St. Brown,WR,DET,LA,0,0,0.0,0,0.0,0.0,0.0,0,0.0,0,6,3,13.0,0,1.3,4.3,,,72.0,195.0,25.054166666666667,3.0,Southern California,2021.0,2021.0,DET,112.0,6.0,0.21428572
2024,2,00-0036963,A.St. Brown,WR,DET,TB,0,0,0.0,0,0.0,0.0,0.0,0,0.0,0,18,11,119.0,0,11.9,22.9,,,72.0,195.0,25.054166666666667,3.0,Southern California,2021.0,2021.0,DET,112.0,-4.0,0.33962265
2024,3,00-0036963,A.St. Brown,WR,DET,ARI,0,0,0.0,0,0.0,0.0,0.0,0,0.0,0,8,7,75.0,1,13.5,20.5,,,72.0,195.0,25.054166666666667,3.0,Southern California,2021.0,2021.0,DET,112.0,,0.36363637
2024,4,00-0036963,A.St. Brown,WR,DET,SEA,1,1,7.0,1,0.0,0.0,-0.0,0,0.0,0,6,6,45.0,1,14.78,20.78,,,72.0,195.0,25.054166666666667,3.0,Southern California,2021.0,2021.0,DET,112.0,13.0,0.31578946
2024,6,00-0036963,A.St. Brown,WR,DET,DAL,0,0,0.0,0,0.0,0.0,0.0,0,0.0,0,4,4,37.0,1,9.7,13.7,,,72.0,195.0,25.054166666666667,3.0,Southern California,2021.0,2021.0,DET,112.0,,0.14814815
2024,7,00-0036963,A.St. Brown,WR,DET,MIN,0,0,0.0,0,0.0,0.0,0.0,0,0.0,0,8,8,112.0,1,17.2,25.2,,,72.0,195.0,25.054166666666667,3.0,Southern California,2021.0,2021.0,DET,112.0,,0.32
2024,8,00-0036963,A.St. Brown,WR,DET,TEN,0,0,0.0,0,0.0,0.0,0.0,0,0.0,0,2,2,7.0,1,6.7,8.7,,,72.0,195.0,25.054166666666667,3.0,Southern California,2021.0,2021.0,DET,112.0,38.0,0.11111111
2024,9,00-0036963,A.St. Brown,WR,DET,GB,0,0,0.0,0,0.0,0.0,0.0,0,0.0,0,7,7,56.0,1,11.6,18.6,,,72.0,195.0,25.054166666666667,3.0,Southern California,2021.0,2021.0,DET,112.0,,0.35
2024,10,00-0036963,A.St. Brown,WR,DET,HOU,0,0,0.0,0,0.0,0.0,0.0,0,0.0,0,8,6,60.0,1,12.0,18.0,,,72.0,195.0,25.054166666666667,3.0,Southern California,2021.0,2021.0,DET,112.0,,0.33333334
2024,11,00-0036963,A.St. Brown,WR,DET,JAX,0,0,0.0,0,0.0,0.0,0.0,1,-4.0,0,11,11,161.0,2,27.7,38.7,,,72.0,195.0,25.054166666666667,3.0,Southern California,2021.0,2021.0,DET,112.0,46.0,0.3548387
2024,12,00-0036963,A.St. Brown,WR,DET,IND,0,0,0.0,0,0.0,0.0,0.0,0,0.0,0,7,6,62.0,0,6.2,12.2,,,72.0,195.0,25.054166666666667,3.0,Southern California,2021.0,2021.0,DET,112.0,,0.21212122
2024,13,00-0036963,A.St. Brown,WR,DET,CHI,0,0,0.0,0,0.0,0.0,0.0,0,0.0,0,7,5,73.0,0,7.3,12.3,,,72.0,195.0,25.054166666666667,3.0,Southern California,2021.0,2021.0,DET,112.0,3.0,0.22580644
2024,14,00-0036963,A.St. Brown,WR,DET,GB,0,0,0.0,0,0.0,0.0,0.0,1,10.0,0,6,5,43.0,0,5.3,10.3,,,72.0,195.0,25.054166666666667,3.0,Southern California,2021.0,2021.0,DET,112.0,3.0,0.15
2024,15,00-0036963,A.St. Brown,WR,DET,BUF,0,0,0.0,0,0.0,0.0,0.0,0,0.0,0,18,14,193.0,1,23.3,37.3,,,72.0,195.0,25.054166666666667,3.0,Southern California,2021.0,2021.0,DET,112.0,-6.0,0.33333334
2024,16,00-0036963,A.St. Brown,WR,DET,CHI,0,0,0.0,0,0.0,0.0,0.0,0,0.0,0,8,6,70.0,1,13.0,19.0,,,72.0,195.0,25.054166666666667,3.0,Southern California,2021.0,2021.0,DET,112.0,,0.25
2024,17,00-0036963,A.St. Brown,WR,DET,SF,0,0,0.0,0,0.0,0.0,0.0,0,0.0,0,10,8,60.0,1,12.0,20.0,,,72.0,195.0,25.054166666666667,3.0,Southern California,2021.0,2021.0,DET,112.0,,0.3030303
2024,18,00-0036963,A.St. Brown,WR,DET,MIN,0,0,0.0,0,0.0,0.0,0.0,0,0.0,0,7,6,77.0,0,7.7,13.7,,,72.0,195.0,25.054166666666667,3.0,Southern California,2021.0,2021.0,DET,112.0,22.0,0.21875
2024,20,00-0036963,A.St. Brown,WR,DET,WAS,0,0,0.0,0,0.0,0.0,0.0,0,0.0,0,10,8,137.0,0,13.7,21.7,,,72.0,195.0,25.054166666666667,3.0,Southern California,2021.0,2021.0,DET,112.0,-14.0,0.25641027
2024,1,00-0036970,K.Pitts,TE,ATL,PIT,0,0,0.0,0,0.0,0.0,0.0,0,0.0,0,3,3,26.0,1,8.6,11.6,,,78.0,250.0,24.083176470588235,3.0,Florida,2021.0,2021.0,ATL,4.0,-8.0,0.13043478
2024,2,00-0036970,K.Pitts,TE,ATL,PHI,0,0,0.0,0,0.0,0.0,0.0,0,0.0,0,4,3,20.0,0,2.0,5.0,,,78.0,250.0,24.083176470588235,3.0,Florida,2021.0,2021.0,ATL,4.0,,0.13793103
2024,3,00-0036970,K.Pitts,TE,ATL,KC,0,0,0.0,0,0.0,0.0,0.0,0,0.0,0,5,2,59.0,0,5.9,7.9,,,78.0,250.0,24.083176470588235,3.0,Florida,2021.0,2021.0,ATL,4.0,-5.0,0.18518518
2024,4,00-0036970,K.Pitts,TE,ATL,NO,0,0,0.0,0,0.0,0.0,0.0,0,0.0,0,3,0,0.0,0,0.0,0.0,,,78.0,250.0,24.083176470588235,3.0,Florida,2021.0,2021.0,ATL,4.0,2.0,0.0882353
2024,5,00-0036970,K.Pitts,TE,ATL,TB,0,0,0.0,0,0.0,0.0,0.0,0,0.0,0,8,7,88.0,0,8.8,15.8,,,78.0,250.0,24.083176470588235,3.0,Florida,2021.0,2021.0,ATL,4.0,6.0,0.14814815
2024,6,00-0036970,K.Pitts,TE,ATL,CAR,0,0,0.0,0,0.0,0.0,0.0,0,0.0,0,5,3,70.0,0,7.0,10.0,,,78.0,250.0,24.083176470588235,3.0,Florida,2021.0,2021.0,ATL,4.0,,0.1724138
2024,7,00-0036970,K.Pitts,TE,ATL,SEA,0,0,0.0,0,0.0,0.0,0.0,0,0.0,0,9,7,65.0,0,6.5,13.5,,,78.0,250.0,24.083176470588235,3.0,Florida,2021.0,2021.0,ATL,4.0,-20.0,0.25
2024,8,00-0036970,K.Pitts,TE,ATL,TB,0,0,0.0,0,0.0,0.0,0.0,0,0.0,0,5,4,91.0,2,21.1,25.1,,,78.0,250.0,24.083176470588235,3.0,Florida,2021.0,2021.0,ATL,4.0,,0.17857143
2024,9,00-0036970,K.Pitts,TE,ATL,DAL,0,0,0.0,0,0.0,0.0,0.0,0,0.0,0,1,1,11.0,0,1.1,2.1,,,78.0,250.0,24.083176470588235,3.0,Florida,2021.0,2021.0,ATL,4.0,6.0,0.041666668
2024,10,00-0036970,K.Pitts,TE,ATL,NO,0,0,0.0,0,0.0,0.0,0.0,0,0.0,0,6,4,55.0,0,5.5,9.5,,,78.0,250.0,24.083176470588235,3.0,Florida,2021.0,2021.0,ATL,4.0,,0.16216215
2024,11,00-0036970,K.Pitts,TE,ATL,DEN,0,0,0.0,0,0.0,0.0,0.0,0,0.0,0,3,1,9.0,0,0.9,1.9,,,78.0,250.0,24.083176470588235,3.0,Florida,2021.0,2021.0,ATL,4.0,,0.10344828
2024,13,00-0036970,K.Pitts,TE,ATL,LAC,0,0,0.0,0,0.0,0.0,0.0,0,0.0,0,2,0,0.0,0,0.0,0.0,,,78.0,250.0,24.083176470588235,3.0,Florida,2021.0,2021.0,ATL,4.0,-4.0,0.05263158
2024,14,00-0036970,K.Pitts,TE,ATL,MIN,0,0,0.0,0,0.0,0.0,0.0,0,0.0,0,6,1,14.0,0,1.4,2.4,,,78.0,250.0,24.083176470588235,3.0,Florida,2021.0,2021.0,ATL,4.0,,0.16216215
2024,15,00-0036970,K.Pitts,TE,ATL,LV,0,0,0.0,0,0.0,0.0,0.0,0,0.0,0,4,4,28.0,0,2.8,6.8,,,78.0,250.0,24.083176470588235,3.0,Florida,2021.0,2021.0,ATL,4.0,,0.25
2024,16,00-0036970,K.Pitts,TE,ATL,NYG,0,0,0.0,0,0.0,0.0,0.0,0,0.0,0,2,1,7.0,0,0.7,1.7,,,78.0,250.0,24.083176470588235,3.0,Florida,2021.0,2021.0,ATL,4.0,27.0,0.07692308
2024,17,00-0036970,K.Pitts,TE,ATL,WAS,0,0,0.0,0,0.0,0.0,0.0,0,0.0,0,5,4,44.0,1,10.4,14.4,,,78.0,250.0,24.083176470588235,3.0,Florida,2021.0,2021.0,ATL,4.0,,0.14285715
2024,18,00-0036970,K.Pitts,TE,ATL,CAR,0,0,0.0,0,0.0,0.0,0.0,0,0.0,0,3,2,15.0,0,1.5,3.5,,,78.0,250.0,24.083176470588235,3.0,Florida,2021.0,2021.0,ATL,4.0,-6.0,0.08108108
2024,1,00-0036971,T.Lawrence,QB,JAX,MIA,12,21,162.0,1,0.0,3.0,23.0,1,8.0,0,0,0,0.0,0,11.28,11.28,,,78.0,220.0,25.08564705882353,3.0,Clemson,2021.0,2021.0,JAX,1.0,,
2024,2,00-0036971,T.Lawrence,QB,JAX,CLE,14,30,220.0,0,0.0,4.0,24.0,2,45.0,0,0,0,0.0,0,13.3,13.3,,,78.0,220.0,25.08564705882353,3.0,Clemson,2021.0,2021.0,JAX,1.0,-5.0,
2024,3,00-0036971,T.Lawrence,QB,JAX,BUF,21,38,178.0,1,1.0,4.0,36.0,2,3.0,0,0,0,0.0,0,9.42,9.42,,,78.0,220.0,25.08564705882353,3.0,Clemson,2021.0,2021.0,JAX,1.0,,
2024,4,00-0036971,T.Lawrence,QB,JAX,HOU,18,33,169.0,2,0.0,1.0,14.0,3,5.0,0,0,0,0.0,0,15.26,15.26,,,78.0,220.0,25.08564705882353,3.0,Clemson,2021.0,2021.0,JAX,1.0,,
2024,5,00-0036971,T.Lawrence,QB,JAX,IND,28,34,371.0,2,1.0,0.0,-0.0,2,4.0,0,0,0,0.0,0,21.24,21.24,,,78.0,220.0,25.08564705882353,3.0,Clemson,2021.0,2021.0,JAX,1.0,3.0,
2024,6,00-0036971,T.Lawrence,QB,JAX,CHI,23,35,234.0,2,1.0,3.0,20.0,4,17.0,0,0,0,0.0,0,17.06,17.06,,,78.0,220.0,25.08564705882353,3.0,Clemson,2021.0,2021.0,JAX,1.0,,
2024,7,00-0036971,T.Lawrence,QB,JAX,NE,15,20,193.0,1,0.0,0.0,-0.0,2,13.0,0,0,0,0.0,0,15.02,15.02,,,78.0,220.0,25.08564705882353,3.0,Clemson,2021.0,2021.0,JAX,1.0,16.0,
2024,8,00-0036971,T.Lawrence,QB,JAX,GB,21,32,308.0,2,1.0,1.0,9.0,4,10.0,1,0,0,0.0,0,23.32,23.32,,,78.0,220.0,25.08564705882353,3.0,Clemson,2021.0,2021.0,JAX,1.0,-3.0,
2024,9,00-0036971,T.Lawrence,QB,JAX,PHI,16,31,169.0,0,2.0,2.0,14.0,5,8.0,2,0,0,0.0,0,19.56,19.56,,,78.0,220.0,25.08564705882353,3.0,Clemson,2021.0,2021.0,JAX,1.0,,
2024,13,00-0036971,T.Lawrence,QB,JAX,HOU,4,10,41.0,0,1.0,0.0,-0.0,1,6.0,0,0,0,0.0,0,0.24,0.24,,,78.0,220.0,25.08564705882353,3.0,Clemson,2021.0,2021.0,JAX,1.0,-3.0,
2024,3,00-0036972,M.Jones,QB,JAX,BUF,5,8,22.0,0,0.0,1.0,17.0,0,0.0,0,0,0,0.0,0,-1.12,-1.12,,,75.0,214.0,26.169882352941176,3.0,Alabama,2021.0,2021.0,NE,15.0,,
2024,6,00-0036972,M.Jones,QB,JAX,CHI,1,1,6.0,0,0.0,1.0,10.0,0,0.0,0,0,0,0.0,0,0.24,0.24,,,75.0,214.0,26.169882352941176,3.0,Alabama,2021.0,2021.0,NE,15.0,,
2024,10,00-0036972,M.Jones,QB,JAX,MIN,14,22,111.0,0,2.0,3.0,24.0,5,8.0,1,0,0,0.0,0,5.24,5.24,,,75.0,214.0,26.169882352941176,3.0,Alabama,2021.0,2021.0,NE,15.0,-5.0,
2024,11,00-0036972,M.Jones,QB,JAX,DET,17,29,138.0,0,1.0,1.0,9.0,2,7.0,0,0,0,0.0,0,4.22,4.22,,,75.0,214.0,26.169882352941176,3.0,Alabama,2021.0,2021.0,NE,15.0,,
2024,13,00-0036972,M.Jones,QB,JAX,HOU,20,32,235.0,2,0.0,0.0,-0.0,3,6.0,0,0,0,0.0,0,20.0,20.0,,,75.0,214.0,26.169882352941176,3.0,Alabama,2021.0,2021.0,NE,15.0,-3.0,
2024,14,00-0036972,M.Jones,QB,JAX,TEN,23,31,220.0,0,2.0,1.0,-0.0,3,3.0,0,0,0,0.0,0,5.1,5.1,,,75.0,214.0,26.169882352941176,3.0,Alabama,2021.0,2021.0,NE,15.0,,
2024,15,00-0036972,M.Jones,QB,JAX,NYJ,31,46,294.0,2,2.0,2.0,9.0,4,29.0,0,0,0,0.0,0,18.66,18.66,,,75.0,214.0,26.169882352941176,3.0,Alabama,2021.0,2021.0,NE,15.0,-7.0,
2024,16,00-0036972,M.Jones,QB,JAX,LV,25,39,247.0,1,0.0,1.0,11.0,0,0.0,0,0,0,0.0,0,13.88,13.88,,,75.0,214.0,26.169882352941176,3.0,Alabama,2021.0,2021.0,NE,15.0,,
2024,17,00-0036972,M.Jones,QB,JAX,TEN,15,22,174.0,2,0.0,2.0,1.0,6,22.0,0,0,0,0.0,0,17.16,17.16,,,75.0,214.0,26.169882352941176,3.0,Alabama,2021.0,2021.0,NE,15.0,7.0,
2024,18,00-0036972,M.Jones,QB,JAX,IND,20,32,225.0,1,1.0,2.0,19.0,5,17.0,0,0,0,0.0,0,12.7,12.7,,,75.0,214.0,26.169882352941176,3.0,Alabama,2021.0,2021.0,NE,15.0,,
2024,1,00-0036973,T.Etienne,RB,JAX,MIA,0,0,0.0,0,0.0,0.0,0.0,12,44.0,1,3,2,15.0,0,9.9,11.9,,,70.0,200.0,25.77835294117647,3.0,Clemson,2021.0,2021.0,JAX,25.0,,0.15789473
2024,2,00-0036973,T.Etienne,RB,JAX,CLE,0,0,0.0,0,0.0,0.0,0.0,13,52.0,1,4,3,6.0,0,11.8,14.8,,,70.0,200.0,25.77835294117647,3.0,Clemson,2021.0,2021.0,JAX,25.0,-5.0,0.14814815
2024,3,00-0036973,T.Etienne,RB,JAX,BUF,0,0,0.0,0,0.0,0.0,0.0,11,68.0,0,6,4,17.0,0,8.5,12.5,,,70.0,200.0,25.77835294117647,3.0,Clemson,2021.0,2021.0,JAX,25.0,,0.13636364
2024,4,00-0036973,T.Etienne,RB,JAX,HOU,0,0,0.0,0,0.0,0.0,0.0,11,50.0,0,2,1,10.0,0,6.0,7.0,,,70.0,200.0,25.77835294117647,3.0,Clemson,2021.0,2021.0,JAX,25.0,,0.0625
2024,5,00-0036973,T.Etienne,RB,JAX,IND,0,0,0.0,0,0.0,0.0,0.0,6,17.0,0,7,6,43.0,0,6.0,12.0,,,70.0,200.0,25.77835294117647,3.0,Clemson,2021.0,2021.0,JAX,25.0,3.0,0.20588236
2024,6,00-0036973,T.Etienne,RB,JAX,CHI,0,0,0.0,0,0.0,0.0,0.0,3,-1.0,0,1,0,0.0,0,-0.1,-0.1,,,70.0,200.0,25.77835294117647,3.0,Clemson,2021.0,2021.0,JAX,25.0,,0.028571429
2024,9,00-0036973,T.Etienne,RB,JAX,PHI,0,0,0.0,0,0.0,0.0,0.0,3,24.0,0,3,2,6.0,0,3.0,5.0,,,70.0,200.0,25.77835294117647,3.0,Clemson,2021.0,2021.0,JAX,25.0,,0.1
2024,10,00-0036973,T.Etienne,RB,JAX,MIN,0,0,0.0,0,0.0,0.0,0.0,11,44.0,0,1,1,-1.0,0,4.3,5.3,,,70.0,200.0,25.77835294117647,3.0,Clemson,2021.0,2021.0,JAX,25.0,-5.0,0.04761905
2024,11,00-0036973,T.Etienne,RB,JAX,DET,0,0,0.0,0,0.0,0.0,0.0,12,27.0,0,3,3,6.0,0,3.3,6.3,,,70.0,200.0,25.77835294117647,3.0,Clemson,2021.0,2021.0,JAX,25.0,,0.10714286
2024,13,00-0036973,T.Etienne,RB,JAX,HOU,0,0,0.0,0,0.0,0.0,0.0,13,46.0,0,3,3,12.0,0,5.8,8.8,,,70.0,200.0,25.77835294117647,3.0,Clemson,2021.0,2021.0,JAX,25.0,-3.0,0.071428575
2024,14,00-0036973,T.Etienne,RB,JAX,TEN,0,0,0.0,0,0.0,0.0,0.0,4,20.0,0,4,4,50.0,0,7.0,11.0,,,70.0,200.0,25.77835294117647,3.0,Clemson,2021.0,2021.0,JAX,25.0,,0.13333334
2024,15,00-0036973,T.Etienne,RB,JAX,NYJ,0,0,0.0,0,0.0,0.0,0.0,14,65.0,0,5,4,20.0,0,8.5,12.5,,,70.0,200.0,25.77835294117647,3.0,Clemson,2021.0,2021.0,JAX,25.0,-7.0,0.11627907
2024,16,00-0036973,T.Etienne,RB,JAX,LV,0,0,0.0,0,0.0,0.0,0.0,9,22.0,0,3,2,15.0,0,3.7,5.7,,,70.0,200.0,25.77835294117647,3.0,Clemson,2021.0,2021.0,JAX,25.0,,0.08571429
2024,17,00-0036973,T.Etienne,RB,JAX,TEN,0,0,0.0,0,0.0,0.0,0.0,15,49.0,0,2,1,26.0,0,7.5,8.5,,,70.0,200.0,25.77835294117647,3.0,Clemson,2021.0,2021.0,JAX,25.0,7.0,0.0952381
2024,18,00-0036973,T.Etienne,RB,JAX,IND,0,0,0.0,0,0.0,0.0,0.0,13,31.0,0,5,3,29.0,0,6.0,9.0,,,70.0,200.0,25.77835294117647,3.0,Clemson,2021.0,2021.0,JAX,25.0,,0.16129032
2024,1,00-0036980,E.Moore,WR,CLE,DAL,0,0,0.0,0,0.0,0.0,0.0,0,0.0,0,6,3,9.0,0,0.9,3.9,,,70.0,184.0,24.613529411764706,3.0,Mississippi,2021.0,2021.0,NYJ,34.0,-16.0,0.13953489
2024,2,00-0036980,E.Moore,WR,CLE,JAX,0,0,0.0,0,0.0,0.0,0.0,0,0.0,0,8,6,44.0,0,4.4,10.4,,,70.0,184.0,24.613529411764706,3.0,Mississippi,2021.0,2021.0,NYJ,34.0,,0.24242425
2024,3,00-0036980,E.Moore,WR,CLE,NYG,0,0,0.0,0,0.0,0.0,0.0,0,0.0,0,3,2,17.0,0,1.7,3.7,,,70.0,184.0,24.613529411764706,3.0,Mississippi,2021.0,2021.0,NYJ,34.0,-6.0,0.08571429
2024,4,00-0036980,E.Moore,WR,CLE,LV,0,0,0.0,0,0.0,0.0,0.0,0,0.0,0,1,1,11.0,0,1.1,2.1,,,70.0,184.0,24.613529411764706,3.0,Mississippi,2021.0,2021.0,NYJ,34.0,,0.03125
2024,5,00-0036980,E.Moore,WR,CLE,WAS,0,0,0.0,0,0.0,0.0,0.0,0,0.0,0,4,3,11.0,0,1.1,4.1,,,70.0,184.0,24.613529411764706,3.0,Mississippi,2021.0,2021.0,NYJ,34.0,,0.14285715
2024,6,00-0036980,E.Moore,WR,CLE,PHI,0,0,0.0,0,0.0,0.0,0.0,0,0.0,0,1,1,3.0,0,0.3,1.3,,,70.0,184.0,24.613529411764706,3.0,Mississippi,2021.0,2021.0,NYJ,34.0,,0.04347826
2024,7,00-0036980,E.Moore,WR,CLE,CIN,0,0,0.0,0,0.0,0.0,0.0,0,0.0,0,6,6,41.0,0,4.1,10.1,,,70.0,184.0,24.613529411764706,3.0,Mississippi,2021.0,2021.0,NYJ,34.0,-7.0,0.125
2024,8,00-0036980,E.Moore,WR,CLE,BAL,0,0,0.0,0,0.0,0.0,0.0,0,0.0,0,12,8,85.0,0,8.5,16.5,,,70.0,184.0,24.613529411764706,3.0,Mississippi,2021.0,2021.0,NYJ,34.0,5.0,0.29268292
2024,9,00-0036980,E.Moore,WR,CLE,LAC,0,0,0.0,0,0.0,0.0,0.0,0,0.0,0,9,3,28.0,0,2.8,5.8,,,70.0,184.0,24.613529411764706,3.0,Mississippi,2021.0,2021.0,NYJ,34.0,-17.0,0.19565217
2024,11,00-0036980,E.Moore,WR,CLE,NO,0,0,0.0,0,0.0,0.0,0.0,0,0.0,0,8,6,66.0,1,12.6,18.6,,,70.0,184.0,24.613529411764706,3.0,Mississippi,2021.0,2021.0,NYJ,34.0,,0.17777778
2024,12,00-0036980,E.Moore,WR,CLE,PIT,0,0,0.0,0,0.0,0.0,0.0,0,0.0,0,5,3,21.0,0,2.1,5.1,,,70.0,184.0,24.613529411764706,3.0,Mississippi,2021.0,2021.0,NYJ,34.0,5.0,0.18518518
2024,13,00-0036980,E.Moore,WR,CLE,DEN,0,0,0.0,0,0.0,0.0,0.0,1,1.0,0,14,8,111.0,0,11.2,19.2,,,70.0,184.0,24.613529411764706,3.0,Mississippi,2021.0,2021.0,NYJ,34.0,,0.24561404
2024,14,00-0036980,E.Moore,WR,CLE,PIT,0,0,0.0,0,0.0,0.0,0.0,0,0.0,0,4,3,34.0,0,3.4,6.4,,,70.0,184.0,24.613529411764706,3.0,Mississippi,2021.0,2021.0,NYJ,34.0,,0.10810811
2024,15,00-0036980,E.Moore,WR,CLE,KC,0,0,0.0,0,0.0,0.0,0.0,0,0.0,0,6,2,-1.0,0,-0.1,1.9,,,70.0,184.0,24.613529411764706,3.0,Mississippi,2021.0,2021.0,NYJ,34.0,-14.0,0.1875
2024,16,00-0036980,E.Moore,WR,CLE,CIN,0,0,0.0,0,0.0,0.0,0.0,0,0.0,0,5,2,21.0,0,2.1,4.1,,,70.0,184.0,24.613529411764706,3.0,Mississippi,2021.0,2021.0,NYJ,34.0,,0.16129032
2024,17,00-0036980,E.Moore,WR,CLE,MIA,0,0,0.0,0,0.0,0.0,0.0,0,0.0,0,5,1,1.0,0,0.1,1.1,,,70.0,184.0,24.613529411764706,3.0,Mississippi,2021.0,2021.0,NYJ,34.0,-17.0,0.11627907
2024,18,00-0036980,E.Moore,WR,CLE,BAL,0,0,0.0,0,0.0,0.0,0.0,0,0.0,0,5,3,36.0,0,3.6,6.6,,,70.0,184.0,24.613529411764706,3.0,Mississippi,2021.0,2021.0,NYJ,34.0,,0.15151516
2024,2,00-0036984,T.Sermon,RB,IND,GB,0,0,0.0,0,0.0,0.0,0.0,2,0.0,0,1,1,7.0,0,0.7,1.7,,,72.0,215.0,25.76494117647059,3.0,Ohio State,2021.0,2021.0,SF,88.0,,0.032258064
2024,3,00-0036984,T.Sermon,RB,IND,CHI,0,0,0.0,0,0.0,0.0,0.0,2,16.0,1,0,0,0.0,0,7.6,7.6,,,72.0,215.0,25.76494117647059,3.0,Ohio State,2021.0,2021.0,SF,88.0,5.0,
2024,4,00-0036984,T.Sermon,RB,IND,PIT,0,0,0.0,0,0.0,0.0,0.0,5,8.0,0,0,0,0.0,0,0.8,0.8,,,72.0,215.0,25.76494117647059,3.0,Ohio State,2021.0,2021.0,SF,88.0,3.0,
2024,5,00-0036984,T.Sermon,RB,IND,JAX,0,0,0.0,0,0.0,0.0,0.0,10,38.0,1,6,6,25.0,0,12.3,18.3,,,72.0,215.0,25.76494117647059,3.0,Ohio State,2021.0,2021.0,SF,88.0,,0.13333334
2024,6,00-0036984,T.Sermon,RB,IND,TEN,0,0,0.0,0,0.0,0.0,0.0,18,29.0,0,0,0,0.0,0,2.9,2.9,,,72.0,215.0,25.76494117647059,3.0,Ohio State,2021.0,2021.0,SF,88.0,,
2024,7,00-0036984,T.Sermon,RB,IND,MIA,0,0,0.0,0,0.0,0.0,0.0,8,36.0,0,1,1,13.0,0,4.9,5.9,,,72.0,215.0,25.76494117647059,3.0,Ohio State,2021.0,2021.0,SF,88.0,6.0,0.045454547
2024,8,00-0036984,T.Sermon,RB,IND,HOU,0,0,0.0,0,0.0,0.0,0.0,0,0.0,0,1,1,14.0,0,1.4,2.4,,,72.0,215.0,25.76494117647059,3.0,Ohio State,2021.0,2021.0,SF,88.0,,0.032258064
2024,9,00-0036984,T.Sermon,RB,IND,MIN,0,0,0.0,0,0.0,0.0,0.0,2,4.0,0,2,1,9.0,0,1.3,2.3,,,72.0,215.0,25.76494117647059,3.0,Ohio State,2021.0,2021.0,SF,88.0,,0.074074075
2024,10,00-0036984,T.Sermon,RB,IND,BUF,0,0,0.0,0,0.0,0.0,0.0,0,0.0,0,1,1,4.0,0,0.4,1.4,,,72.0,215.0,25.76494117647059,3.0,Ohio State,2021.0,2021.0,SF,88.0,-10.0,0.028571429
2024,11,00-0036984,T.Sermon,RB,IND,NYJ,0,0,0.0,0,0.0,0.0,0.0,0,0.0,0,1,1,3.0,0,0.3,1.3,,,72.0,215.0,25.76494117647059,3.0,Ohio State,2021.0,2021.0,SF,88.0,,0.035714287
2024,15,00-0036984,T.Sermon,RB,IND,DEN,0,0,0.0,0,0.0,0.0,0.0,1,3.0,0,2,2,9.0,0,1.2,3.2,,,72.0,215.0,25.76494117647059,3.0,Ohio State,2021.0,2021.0,SF,88.0,,0.055555556
2024,16,00-0036984,T.Sermon,RB,IND,TEN,0,0,0.0,0,0.0,0.0,0.0,8,25.0,0,0,0,0.0,0,2.5,2.5,,,72.0,215.0,25.76494117647059,3.0,Ohio State,2021.0,2021.0,SF,88.0,8.0,
2024,17,00-0036984,T.Sermon,RB,IND,NYG,0,0,0.0,0,0.0,0.0,0.0,0,0.0,0,1,1,10.0,0,1.0,2.0,,,72.0,215.0,25.76494117647059,3.0,Ohio State,2021.0,2021.0,SF,88.0,,0.027027028
2024,18,00-0036984,T.Sermon,RB,IND,JAX,0,0,0.0,0,0.0,0.0,0.0,0,0.0,0,3,1,5.0,0,0.5,1.5,,,72.0,215.0,25.76494117647059,3.0,Ohio State,2021.0,2021.0,SF,88.0,3.0,0.07692308
2024,1,00-0036988,J.Palmer,WR,LAC,LV,0,0,0.0,0,0.0,0.0,0.0,0,0.0,0,4,2,15.0,0,1.5,3.5,,,73.0,210.0,25.141111111111112,3.0,Tennessee,2021.0,2021.0,LAC,77.0,12.0,0.16
2024,2,00-0036988,J.Palmer,WR,LAC,CAR,0,0,0.0,0,0.0,0.0,0.0,0,0.0,0,2,2,19.0,0,1.9,3.9,,,73.0,210.0,25.141111111111112,3.0,Tennessee,2021.0,2021.0,LAC,77.0,,0.10526316
2024,4,00-0036988,J.Palmer,WR,LAC,KC,0,0,0.0,0,0.0,0.0,0.0,0,0.0,0,4,3,36.0,0,3.6,6.6,,,73.0,210.0,25.141111111111112,3.0,Tennessee,2021.0,2021.0,LAC,77.0,-7.0,0.14814815
2024,6,00-0036988,J.Palmer,WR,LAC,DEN,0,0,0.0,0,0.0,0.0,0.0,0,0.0,0,3,2,38.0,0,3.8,5.8,,,73.0,210.0,25.141111111111112,3.0,Tennessee,2021.0,2021.0,LAC,77.0,,0.09677419
2024,7,00-0036988,J.Palmer,WR,LAC,ARI,0,0,0.0,0,0.0,0.0,0.0,0,0.0,0,5,4,63.0,0,6.3,10.3,,,73.0,210.0,25.141111111111112,3.0,Tennessee,2021.0,2021.0,LAC,77.0,,0.13513513
2024,8,00-0036988,J.Palmer,WR,LAC,NO,0,0,0.0,0,0.0,0.0,0.0,0,0.0,0,4,2,72.0,0,7.2,9.2,,,73.0,210.0,25.141111111111112,3.0,Tennessee,2021.0,2021.0,LAC,77.0,18.0,0.13333334
2024,9,00-0036988,J.Palmer,WR,LAC,CLE,0,0,0.0,0,0.0,0.0,0.0,0,0.0,0,4,2,63.0,1,12.3,14.3,,,73.0,210.0,25.141111111111112,3.0,Tennessee,2021.0,2021.0,LAC,77.0,,0.15384616
2024,10,00-0036988,J.Palmer,WR,LAC,TEN,0,0,0.0,0,0.0,0.0,0.0,0,0.0,0,2,1,36.0,0,3.6,4.6,,,73.0,210.0,25.141111111111112,3.0,Tennessee,2021.0,2021.0,LAC,77.0,10.0,0.11111111
2024,11,00-0036988,J.Palmer,WR,LAC,CIN,0,0,0.0,0,0.0,0.0,0.0,0,0.0,0,4,2,23.0,0,2.3,4.3,,,73.0,210.0,25.141111111111112,3.0,Tennessee,2021.0,2021.0,LAC,77.0,7.0,0.121212125
2024,12,00-0036988,J.Palmer,WR,LAC,BAL,0,0,0.0,0,0.0,0.0,0.0,0,0.0,0,8,3,38.0,0,3.8,6.8,,,73.0,210.0,25.141111111111112,3.0,Tennessee,2021.0,2021.0,LAC,77.0,-7.0,0.22222222
2024,13,00-0036988,J.Palmer,WR,LAC,ATL,0,0,0.0,0,0.0,0.0,0.0,0,0.0,0,1,1,11.0,0,3.1,4.1,,,73.0,210.0,25.141111111111112,3.0,Tennessee,2021.0,2021.0,LAC,77.0,,0.041666668
2024,14,00-0036988,J.Palmer,WR,LAC,KC,0,0,0.0,0,0.0,0.0,0.0,0,0.0,0,9,6,78.0,0,7.8,13.8,,,73.0,210.0,25.141111111111112,3.0,Tennessee,2021.0,2021.0,LAC,77.0,,0.31034482
2024,15,00-0036988,J.Palmer,WR,LAC,TB,0,0,0.0,0,0.0,0.0,0.0,0,0.0,0,3,2,10.0,0,1.0,3.0,,,73.0,210.0,25.141111111111112,3.0,Tennessee,2021.0,2021.0,LAC,77.0,-23.0,0.09375
2024,16,00-0036988,J.Palmer,WR,LAC,DEN,0,0,0.0,0,0.0,0.0,0.0,0,0.0,0,6,3,41.0,0,6.1,9.1,,,73.0,210.0,25.141111111111112,3.0,Tennessee,2021.0,2021.0,LAC,77.0,7.0,0.2
2024,17,00-0036988,J.Palmer,WR,LAC,NE,0,0,0.0,0,0.0,0.0,0.0,0,0.0,0,6,4,41.0,0,4.1,8.1,,,73.0,210.0,25.141111111111112,3.0,Tennessee,2021.0,2021.0,LAC,77.0,,0.15
2024,12,00-0036990,D.Deablo,MLB,LV,DEN,0,0,0.0,0,0.0,0.0,0.0,0,0.0,0,1,1,34.0,0,3.4,4.4,,,75.0,223.0,26.223764705882353,3.0,Virginia Tech,2021.0,2021.0,LV,80.0,-10.0,0.02173913
2024,1,00-0036997,J.Williams,RB,DEN,SEA,0,0,0.0,0,0.0,0.0,0.0,8,23.0,0,2,1,0.0,0,2.3,3.3,,,70.0,220.0,24.53972222222222,3.0,North Carolina,2021.0,2021.0,DEN,35.0,,0.04761905
2024,2,00-0036997,J.Williams,RB,DEN,PIT,0,0,0.0,0,0.0,0.0,0.0,11,17.0,0,5,5,48.0,0,6.5,11.5,,,70.0,220.0,24.53972222222222,3.0,North Carolina,2021.0,2021.0,DEN,35.0,-7.0,0.15151516
2024,3,00-0036997,J.Williams,RB,DEN,TB,0,0,0.0,0,0.0,0.0,0.0,5,12.0,0,4,4,29.0,0,2.1,6.1,,,70.0,220.0,24.53972222222222,3.0,North Carolina,2021.0,2021.0,DEN,35.0,,0.11764706
2024,4,00-0036997,J.Williams,RB,DEN,NYJ,0,0,0.0,0,0.0,0.0,0.0,16,77.0,0,3,2,3.0,0,8.0,10.0,,,70.0,220.0,24.53972222222222,3.0,North Carolina,2021.0,2021.0,DEN,35.0,,0.12
2024,5,00-0036997,J.Williams,RB,DEN,LV,0,0,0.0,0,0.0,0.0,0.0,13,61.0,0,6,5,50.0,0,11.1,16.1,,,70.0,220.0,24.53972222222222,3.0,North Carolina,2021.0,2021.0,DEN,35.0,16.0,0.23076923
2024,6,00-0036997,J.Williams,RB,DEN,LAC,0,0,0.0,0,0.0,0.0,0.0,6,23.0,0,6,3,13.0,0,1.6,4.6,,,70.0,220.0,24.53972222222222,3.0,North Carolina,2021.0,2021.0,DEN,35.0,-7.0,0.1875
2024,7,00-0036997,J.Williams,RB,DEN,NO,0,0,0.0,0,0.0,0.0,0.0,14,88.0,2,3,3,23.0,0,23.1,26.1,,,70.0,220.0,24.53972222222222,3.0,North Carolina,2021.0,2021.0,DEN,35.0,,0.12
2024,8,00-0036997,J.Williams,RB,DEN,CAR,0,0,0.0,0,0.0,0.0,0.0,17,44.0,0,5,4,8.0,0,5.2,9.2,,,70.0,220.0,24.53972222222222,3.0,North Carolina,2021.0,2021.0,DEN,35.0,14.0,0.13157895
2024,9,00-0036997,J.Williams,RB,DEN,BAL,0,0,0.0,0,0.0,0.0,0.0,12,42.0,0,3,2,42.0,0,8.4,10.4,,,70.0,220.0,24.53972222222222,3.0,North Carolina,2021.0,2021.0,DEN,35.0,,0.09090909
2024,10,00-0036997,J.Williams,RB,DEN,KC,0,0,0.0,0,0.0,0.0,0.0,1,1.0,0,2,2,6.0,0,0.7,2.7,,,70.0,220.0,24.53972222222222,3.0,North Carolina,2021.0,2021.0,DEN,35.0,,0.071428575
2024,11,00-0036997,J.Williams,RB,DEN,ATL,0,0,0.0,0,0.0,0.0,0.0,9,59.0,1,5,4,28.0,0,14.7,18.7,,,70.0,220.0,24.53972222222222,3.0,North Carolina,2021.0,2021.0,DEN,35.0,32.0,0.15625
2024,12,00-0036997,J.Williams,RB,DEN,LV,0,0,0.0,0,0.0,0.0,0.0,8,-2.0,0,4,2,6.0,0,0.4,2.4,,,70.0,220.0,24.53972222222222,3.0,North Carolina,2021.0,2021.0,DEN,35.0,,0.102564104
2024,13,00-0036997,J.Williams,RB,DEN,CLE,0,0,0.0,0,0.0,0.0,0.0,4,1.0,1,2,1,3.0,0,6.4,7.4,,,70.0,220.0,24.53972222222222,3.0,North Carolina,2021.0,2021.0,DEN,35.0,9.0,0.06451613
2024,15,00-0036997,J.Williams,RB,DEN,IND,0,0,0.0,0,0.0,0.0,0.0,6,15.0,0,3,2,8.0,0,2.3,4.3,,,70.0,220.0,24.53972222222222,3.0,North Carolina,2021.0,2021.0,DEN,35.0,18.0,0.09375
2024,16,00-0036997,J.Williams,RB,DEN,LAC,0,0,0.0,0,0.0,0.0,0.0,4,24.0,0,11,7,29.0,0,5.3,12.3,,,70.0,220.0,24.53972222222222,3.0,North Carolina,2021.0,2021.0,DEN,35.0,,0.2820513
2024,17,00-0036997,J.Williams,RB,DEN,CIN,0,0,0.0,0,0.0,0.0,0.0,0,0.0,0,2,2,0.0,0,0.0,2.0,,,70.0,220.0,24.53972222222222,3.0,North Carolina,2021.0,2021.0,DEN,35.0,,0.06451613
2024,18,00-0036997,J.Williams,RB,DEN,KC,0,0,0.0,0,0.0,0.0,0.0,5,28.0,0,4,3,50.0,0,7.8,10.8,,,70.0,220.0,24.53972222222222,3.0,North Carolina,2021.0,2021.0,DEN,35.0,38.0,0.13793103
2024,19,00-0036997,J.Williams,RB,DEN,BUF,0,0,0.0,0,0.0,0.0,0.0,7,29.0,0,2,2,14.0,0,4.3,6.3,,,70.0,220.0,24.53972222222222,3.0,North Carolina,2021.0,2021.0,DEN,35.0,,0.08695652
2024,5,00-0037004,H.Long,TE,LA,GB,0,0,0.0,0,0.0,0.0,0.0,0,0.0,0,2,2,16.0,0,1.6,3.6,,,77.0,253.0,26.24194736842105,3.0,Boston College,2021.0,2021.0,MIA,81.0,-5.0,0.044444446
2024,7,00-0037004,H.Long,TE,LA,LV,0,0,0.0,0,0.0,0.0,0.0,0,0.0,0,1,1,5.0,0,0.5,1.5,,,77.0,253.0,26.24194736842105,3.0,Boston College,2021.0,2021.0,MIA,81.0,5.0,0.045454547
2024,8,00-0037004,H.Long,TE,LA,MIN,0,0,0.0,0,0.0,0.0,0.0,0,0.0,0,1,1,18.0,0,1.8,2.8,,,77.0,253.0,26.24194736842105,3.0,Boston College,2021.0,2021.0,MIA,81.0,10.0,0.029411765
2024,9,00-0037004,H.Long,TE,LA,SEA,0,0,0.0,0,0.0,0.0,0.0,0,0.0,0,1,1,4.0,0,0.4,1.4,,,77.0,253.0,26.24194736842105,3.0,Boston College,2021.0,2021.0,MIA,81.0,,0.023809524
2024,13,00-0037004,H.Long,TE,LA,NO,0,0,0.0,0,0.0,0.0,0.0,0,0.0,0,1,0,0.0,0,0.0,0.0,,,77.0,253.0,26.24194736842105,3.0,Boston College,2021.0,2021.0,MIA,81.0,,0.04347826
2024,14,00-0037004,H.Long,TE,LA,BUF,0,0,0.0,0,0.0,0.0,0.0,0,0.0,0,1,0,0.0,0,6.0,6.0,,,77.0,253.0,26.24194736842105,3.0,Boston College,2021.0,2021.0,MIA,81.0,2.0,0.033333335
2024,15,00-0037004,H.Long,TE,LA,SF,0,0,0.0,0,0.0,0.0,0.0,0,0.0,0,2,2,17.0,0,1.7,3.7,,,77.0,253.0,26.24194736842105,3.0,Boston College,2021.0,2021.0,MIA,81.0,,0.07692308
2024,19,00-0037004,H.Long,TE,LA,MIN,0,0,0.0,0,0.0,0.0,0.0,0,0.0,0,2,1,13.0,0,1.3,2.3,,,77.0,253.0,26.24194736842105,3.0,Boston College,2021.0,2021.0,MIA,81.0,18.0,0.07692308
2024,2,00-0037005,T.Tremble,TE,CAR,LAC,0,0,0.0,0,0.0,0.0,0.0,0,0.0,0,4,3,23.0,0,2.3,5.3,,,76.0,248.0,24.429470588235294,3.0,Notre Dame,2021.0,2021.0,CAR,83.0,-23.0,0.15384616
2024,3,00-0037005,T.Tremble,TE,CAR,LV,0,0,0.0,0,0.0,0.0,0.0,0,0.0,0,3,3,29.0,0,2.9,5.9,,,76.0,248.0,24.429470588235294,3.0,Notre Dame,2021.0,2021.0,CAR,83.0,,0.08108108
2024,5,00-0037005,T.Tremble,TE,CAR,CHI,0,0,0.0,0,0.0,0.0,0.0,0,0.0,0,2,1,7.0,0,-1.3,-0.3,,,76.0,248.0,24.429470588235294,3.0,Notre Dame,2021.0,2021.0,CAR,83.0,,0.060606062
2024,8,00-0037005,T.Tremble,TE,CAR,DEN,0,0,0.0,0,0.0,0.0,0.0,0,0.0,0,3,2,13.0,0,1.3,3.3,,,76.0,248.0,24.429470588235294,3.0,Notre Dame,2021.0,2021.0,CAR,83.0,,0.08571429
2024,12,00-0037005,T.Tremble,TE,CAR,KC,0,0,0.0,0,0.0,0.0,0.0,0,0.0,0,2,1,5.0,0,0.5,1.5,,,76.0,248.0,24.429470588235294,3.0,Notre Dame,2021.0,2021.0,CAR,83.0,-3.0,0.060606062
2024,13,00-0037005,T.Tremble,TE,CAR,TB,0,0,0.0,0,0.0,0.0,0.0,0,0.0,0,8,5,77.0,0,7.7,12.7,,,76.0,248.0,24.429470588235294,3.0,Notre Dame,2021.0,2021.0,CAR,83.0,-3.0,0.19512194
2024,14,00-0037005,T.Tremble,TE,CAR,PHI,0,0,0.0,0,0.0,0.0,0.0,0,0.0,0,2,1,3.0,1,6.3,7.3,,,76.0,248.0,24.429470588235294,3.0,Notre Dame,2021.0,2021.0,CAR,83.0,,0.060606062
2024,15,00-0037005,T.Tremble,TE,CAR,DAL,0,0,0.0,0,0.0,0.0,0.0,0,0.0,0,2,2,15.0,0,1.5,3.5,,,76.0,248.0,24.429470588235294,3.0,Notre Dame,2021.0,2021.0,CAR,83.0,-16.0,0.074074075
2024,16,00-0037005,T.Tremble,TE,CAR,ARI,0,0,0.0,0,0.0,0.0,0.0,0,0.0,0,3,3,32.0,0,3.2,6.2,,,76.0,248.0,24.429470588235294,3.0,Notre Dame,2021.0,2021.0,CAR,83.0,6.0,0.125
2024,18,00-0037005,T.Tremble,TE,CAR,ATL,0,0,0.0,0,0.0,0.0,0.0,0,0.0,0,3,2,30.0,1,9.0,11.0,,,76.0,248.0,24.429470588235294,3.0,Notre Dame,2021.0,2021.0,CAR,83.0,,0.08571429
2024,10,00-0037012,T.Lance,QB,DAL,PHI,4,6,21.0,0,1.0,2.0,7.0,3,17.0,0,0,0,0.0,0,0.54,0.54,,,76.0,226.0,24.49905882352941,3.0,North Dakota State,2021.0,2021.0,SF,3.0,-28.0,
2024,12,00-0037012,T.Lance,QB,DAL,WAS,0,0,0.0,0,0.0,0.0,0.0,1,-3.0,0,0,0,0.0,0,-0.3,-0.3,,,76.0,226.0,24.49905882352941,3.0,North Dakota State,2021.0,2021.0,SF,3.0,,
2024,17,00-0037012,T.Lance,QB,DAL,PHI,1,1,1.0,0,0.0,0.0,-0.0,1,1.0,0,0,0,0.0,0,0.14,0.14,,,76.0,226.0,24.49905882352941,3.0,North Dakota State,2021.0,2021.0,SF,3.0,,
2024,18,00-0037012,T.Lance,QB,DAL,WAS,20,34,244.0,0,0.0,2.0,16.0,6,26.0,0,0,0,0.0,0,12.36,12.36,,,76.0,226.0,24.49905882352941,3.0,North Dakota State,2021.0,2021.0,SF,3.0,-4.0,
2024,15,00-0037077,S.Howell,QB,SEA,GB,5,14,24.0,0,1.0,4.0,21.0,1,2.0,0,0,0,0.0,0,-0.84,-0.84,,,73.0,225.0,24.139588235294116,2.0,North Carolina,2022.0,2022.0,WAS,144.0,-17.0,
2024,2,00-0037085,T.Badie,RB,DEN,PIT,0,0,0.0,0,0.0,0.0,0.0,1,16.0,0,1,1,2.0,0,1.8,2.8,,,68.0,194.0,25.752555555555556,2.0,Missouri,2022.0,2022.0,BAL,196.0,-7.0,0.030303031
2024,3,00-0037085,T.Badie,RB,DEN,TB,0,0,0.0,0,0.0,0.0,0.0,9,70.0,0,0,0,0.0,0,7.0,7.0,,,68.0,194.0,25.752555555555556,2.0,Missouri,2022.0,2022.0,BAL,196.0,,
2024,4,00-0037085,T.Badie,RB,DEN,NYJ,0,0,0.0,0,0.0,0.0,0.0,1,0.0,0,2,2,-4.0,0,-2.4,-0.4,,,68.0,194.0,25.752555555555556,2.0,Missouri,2022.0,2022.0,BAL,196.0,,0.08
2024,19,00-0037085,T.Badie,RB,DEN,BUF,0,0,0.0,0,0.0,0.0,0.0,2,8.0,0,0,0,0.0,0,0.8,0.8,,,68.0,194.0,25.752555555555556,2.0,Missouri,2022.0,2022.0,BAL,196.0,,
2024,1,00-0037086,G.Calcaterra,TE,PHI,GB,0,0,0.0,0,0.0,0.0,0.0,0,0.0,0,1,1,11.0,0,1.1,2.1,,,76.0,221.0,25.970714285714287,2.0,Southern Methodist,2022.0,2022.0,PHI,198.0,5.0,0.03448276
2024,2,00-0037086,G.Calcaterra,TE,PHI,ATL,0,0,0.0,0,0.0,0.0,0.0,0,0.0,0,2,2,19.0,0,1.9,3.9,,,76.0,221.0,25.970714285714287,2.0,Southern Methodist,2022.0,2022.0,PHI,198.0,-1.0,0.06896552
2024,4,00-0037086,G.Calcaterra,TE,PHI,TB,0,0,0.0,0,0.0,0.0,0.0,0,0.0,0,2,1,26.0,0,2.6,3.6,,,76.0,221.0,25.970714285714287,2.0,Southern Methodist,2022.0,2022.0,PHI,198.0,,0.06896552
2024,6,00-0037086,G.Calcaterra,TE,PHI,CLE,0,0,0.0,0,0.0,0.0,0.0,0,0.0,0,4,4,67.0,0,6.7,10.7,,,76.0,221.0,25.970714285714287,2.0,Southern Methodist,2022.0,2022.0,PHI,198.0,4.0,0.16666667
2024,7,00-0037086,G.Calcaterra,TE,PHI,NYG,0,0,0.0,0,0.0,0.0,0.0,0,0.0,0,1,1,5.0,0,0.5,1.5,,,76.0,221.0,25.970714285714287,2.0,Southern Methodist,2022.0,2022.0,PHI,198.0,,0.071428575
2024,8,00-0037086,G.Calcaterra,TE,PHI,CIN,0,0,0.0,0,0.0,0.0,0.0,0,0.0,0,3,3,58.0,0,5.8,8.8,,,76.0,221.0,25.970714285714287,2.0,Southern Methodist,2022.0,2022.0,PHI,198.0,,0.15789473
2024,9,00-0037086,G.Calcaterra,TE,PHI,JAX,0,0,0.0,0,0.0,0.0,0.0,0,0.0,0,5,5,30.0,0,3.0,8.0,,,76.0,221.0,25.970714285714287,2.0,Southern Methodist,2022.0,2022.0,PHI,198.0,5.0,0.2173913
2024,10,00-0037086,G.Calcaterra,TE,PHI,DAL,0,0,0.0,0,0.0,0.0,0.0,0,0.0,0,1,0,0.0,0,0.0,0.0,,,76.0,221.0,25.970714285714287,2.0,Southern Methodist,2022.0,2022.0,PHI,198.0,,0.05
2024,12,00-0037086,G.Calcaterra,TE,PHI,LA,0,0,0.0,0,0.0,0.0,0.0,0,0.0,0,1,0,0.0,0,0.0,0.0,,,76.0,221.0,25.970714285714287,2.0,Southern Methodist,2022.0,2022.0,PHI,198.0,,0.05263158
2024,14,00-0037086,G.Calcaterra,TE,PHI,CAR,0,0,0.0,0,0.0,0.0,0.0,0,0.0,0,3,3,16.0,1,7.6,10.6,,,76.0,221.0,25.970714285714287,2.0,Southern Methodist,2022.0,2022.0,PHI,198.0,6.0,0.15789473
2024,15,00-0037086,G.Calcaterra,TE,PHI,PIT,0,0,0.0,0,0.0,0.0,0.0,0,0.0,0,1,1,22.0,0,2.2,3.2,,,76.0,221.0,25.970714285714287,2.0,Southern Methodist,2022.0,2022.0,PHI,198.0,14.0,0.032258064
2024,17,00-0037086,G.Calcaterra,TE,PHI,DAL,0,0,0.0,0,0.0,0.0,0.0,0,0.0,0,2,1,34.0,0,3.4,4.4,,,76.0,221.0,25.970714285714287,2.0,Southern Methodist,2022.0,2022.0,PHI,198.0,34.0,0.11111111
2024,18,00-0037086,G.Calcaterra,TE,PHI,NYG,0,0,0.0,0,0.0,0.0,0.0,0,0.0,0,4,2,10.0,0,1.0,3.0,,,76.0,221.0,25.970714285714287,2.0,Southern Methodist,2022.0,2022.0,PHI,198.0,7.0,0.09756097
2024,19,00-0037086,G.Calcaterra,TE,PHI,GB,0,0,0.0,0,0.0,0.0,0.0,0,0.0,0,1,1,4.0,0,0.4,1.4,,,76.0,221.0,25.970714285714287,2.0,Southern Methodist,2022.0,2022.0,PHI,198.0,12.0,0.055555556
2024,2,00-0037091,B.Melton,WR,GB,IND,0,0,0.0,0,0.0,0.0,0.0,2,8.0,0,0,0,0.0,0,0.8,0.8,,,71.0,195.0,25.482833333333332,2.0,Rutgers,2022.0,2022.0,SEA,229.0,6.0,
2024,4,00-0037091,B.Melton,WR,GB,MIN,0,0,0.0,0,0.0,0.0,0.0,0,0.0,0,3,1,28.0,0,2.8,3.8,,,71.0,195.0,25.482833333333332,2.0,Rutgers,2022.0,2022.0,SEA,229.0,-2.0,0.055555556
2024,5,00-0037091,B.Melton,WR,GB,LA,0,0,0.0,0,0.0,0.0,0.0,0,0.0,0,2,1,12.0,0,1.2,2.2,,,71.0,195.0,25.482833333333332,2.0,Rutgers,2022.0,2022.0,SEA,229.0,,0.08
2024,6,00-0037091,B.Melton,WR,GB,ARI,0,0,0.0,0,0.0,0.0,0.0,2,27.0,0,2,1,6.0,0,3.3,4.3,,,71.0,195.0,25.482833333333332,2.0,Rutgers,2022.0,2022.0,SEA,229.0,21.0,0.06451613
2024,7,00-0037091,B.Melton,WR,GB,HOU,0,0,0.0,0,0.0,0.0,0.0,1,-1.0,0,1,1,8.0,0,0.7,1.7,,,71.0,195.0,25.482833333333332,2.0,Rutgers,2022.0,2022.0,SEA,229.0,2.0,0.030303031
2024,8,00-0037091,B.Melton,WR,GB,JAX,0,0,0.0,0,0.0,0.0,0.0,0,0.0,0,1,0,0.0,0,0.0,0.0,,,71.0,195.0,25.482833333333332,2.0,Rutgers,2022.0,2022.0,SEA,229.0,,0.037037037
2024,9,00-0037091,B.Melton,WR,GB,DET,0,0,0.0,0,0.0,0.0,0.0,0,0.0,0,2,1,19.0,0,1.9,2.9,,,71.0,195.0,25.482833333333332,2.0,Rutgers,2022.0,2022.0,SEA,229.0,-10.0,0.054054055
2024,12,00-0037091,B.Melton,WR,GB,SF,0,0,0.0,0,0.0,0.0,0.0,1,5.0,0,1,0,0.0,0,0.5,0.5,,,71.0,195.0,25.482833333333332,2.0,Rutgers,2022.0,2022.0,SEA,229.0,28.0,0.045454547
2024,16,00-0037091,B.Melton,WR,GB,NO,0,0,0.0,0,0.0,0.0,0.0,1,14.0,0,1,0,0.0,0,1.4,1.4,,,71.0,195.0,25.482833333333332,2.0,Rutgers,2022.0,2022.0,SEA,229.0,34.0,0.037037037
2024,17,00-0037091,B.Melton,WR,GB,MIN,0,0,0.0,0,0.0,0.0,0.0,0,0.0,0,4,3,18.0,0,1.8,4.8,,,71.0,195.0,25.482833333333332,2.0,Rutgers,2022.0,2022.0,SEA,229.0,,0.13793103
2024,18,00-0037091,B.Melton,WR,GB,CHI,0,0,0.0,0,0.0,0.0,0.0,1,1.0,0,0,0,0.0,0,0.1,0.1,,,71.0,195.0,25.482833333333332,2.0,Rutgers,2022.0,2022.0,SEA,229.0,-2.0,
2024,19,00-0037091,B.Melton,WR,GB,PHI,0,0,0.0,0,0.0,0.0,0.0,0,0.0,0,3,1,16.0,0,1.6,2.6,,,71.0,195.0,25.482833333333332,2.0,Rutgers,2022.0,2022.0,SEA,229.0,,0.09090909
2024,1,00-0037093,D.Young,WR,SEA,DEN,0,0,0.0,0,0.0,0.0,0.0,0,0.0,0,1,0,0.0,0,0.0,0.0,,,74.0,210.0,25.426411764705882,2.0,Lenoir-Rhyne,2022.0,2022.0,SEA,233.0,6.0,0.04
2024,2,00-0037120,T.Goodson,RB,IND,GB,0,0,0.0,0,0.0,0.0,0.0,0,0.0,0,1,1,2.0,0,0.2,1.2,,,69.0,199.0,23.98535294117647,2.0,Iowa,2022.0,2022.0,,,,0.032258064
2024,5,00-0037120,T.Goodson,RB,IND,JAX,0,0,0.0,0,0.0,0.0,0.0,5,26.0,0,3,3,31.0,0,5.7,8.7,,,69.0,199.0,23.98535294117647,2.0,Iowa,2022.0,2022.0,,,,0.06666667
2024,6,00-0037120,T.Goodson,RB,IND,TEN,0,0,0.0,0,0.0,0.0,0.0,8,51.0,0,5,4,14.0,0,6.5,10.5,,,69.0,199.0,23.98535294117647,2.0,Iowa,2022.0,2022.0,,,,0.1388889
2024,7,00-0037120,T.Goodson,RB,IND,MIA,0,0,0.0,0,0.0,0.0,0.0,14,51.0,1,0,0,0.0,0,11.1,11.1,,,69.0,199.0,23.98535294117647,2.0,Iowa,2022.0,2022.0,,,6.0,
2024,8,00-0037120,T.Goodson,RB,IND,HOU,0,0,0.0,0,0.0,0.0,0.0,0,0.0,0,1,0,0.0,0,0.0,0.0,,,69.0,199.0,23.98535294117647,2.0,Iowa,2022.0,2022.0,,,,0.032258064
2024,10,00-0037120,T.Goodson,RB,IND,BUF,0,0,0.0,0,0.0,0.0,0.0,0,0.0,0,3,2,9.0,1,6.9,8.9,,,69.0,199.0,23.98535294117647,2.0,Iowa,2022.0,2022.0,,,-10.0,0.08571429
2024,15,00-0037120,T.Goodson,RB,IND,DEN,0,0,0.0,0,0.0,0.0,0.0,1,3.0,0,0,0,0.0,0,0.3,0.3,,,69.0,199.0,23.98535294117647,2.0,Iowa,2022.0,2022.0,,,,
2024,16,00-0037120,T.Goodson,RB,IND,TEN,0,0,0.0,0,0.0,0.0,0.0,4,22.0,0,0,0,0.0,0,2.2,2.2,,,69.0,199.0,23.98535294117647,2.0,Iowa,2022.0,2022.0,,,8.0,
2024,18,00-0037120,T.Goodson,RB,IND,JAX,0,0,0.0,0,0.0,0.0,0.0,0,0.0,0,2,1,5.0,0,0.5,1.5,,,69.0,199.0,23.98535294117647,2.0,Iowa,2022.0,2022.0,,,3.0,0.051282052
2024,18,00-0037129,J.Blackwell,CB,CHI,CHI,0,0,0.0,0,0.0,0.0,0.0,0,0.0,0,0,0,0.0,0,6.0,6.0,,,71.0,175.0,25.594058823529412,2.0,Duke,2022.0,2022.0,,,,
2024,2,00-0037132,B.Covey,WR,PHI,ATL,0,0,0.0,0,0.0,0.0,0.0,0,0.0,0,6,6,23.0,0,2.3,8.3,,,68.0,170.0,27.68466666666667,2.0,Utah,2022.0,2022.0,,,-1.0,0.20689656
2024,3,00-0037132,B.Covey,WR,PHI,NO,0,0,0.0,0,0.0,0.0,0.0,0,0.0,0,1,1,11.0,0,1.1,2.1,,,68.0,170.0,27.68466666666667,2.0,Utah,2022.0,2022.0,,,,0.027777778
2024,13,00-0037132,B.Covey,WR,PHI,BAL,0,0,0.0,0,0.0,0.0,0.0,0,0.0,0,1,0,0.0,0,0.0,0.0,,,68.0,170.0,27.68466666666667,2.0,Utah,2022.0,2022.0,,,,0.05882353
2024,7,00-0037156,I.Charles,WR,NYJ,PIT,0,0,0.0,0,0.0,0.0,0.0,0,0.0,0,1,0,0.0,0,0.0,0.0,,,76.0,219.0,27.56535294117647,2.0,"Indiana, Pa.",2022.0,2022.0,,,,0.025641026
2024,1,00-0037197,I.Pacheco,RB,KC,BAL,0,0,0.0,0,0.0,0.0,0.0,15,45.0,1,3,2,33.0,0,13.8,15.8,,,70.0,215.0,25.72135,2.0,Rutgers,2022.0,2022.0,KC,251.0,7.0,0.11111111
2024,2,00-0037197,I.Pacheco,RB,KC,CIN,0,0,0.0,0,0.0,0.0,0.0,19,90.0,0,5,5,21.0,0,11.1,16.1,,,70.0,215.0,25.72135,2.0,Rutgers,2022.0,2022.0,KC,251.0,1.0,0.2173913
2024,13,00-0037197,I.Pacheco,RB,KC,LV,0,0,0.0,0,0.0,0.0,0.0,7,44.0,0,1,1,5.0,0,4.9,5.9,,,70.0,215.0,25.72135,2.0,Rutgers,2022.0,2022.0,KC,251.0,2.0,0.022222223
2024,14,00-0037197,I.Pacheco,RB,KC,LAC,0,0,0.0,0,0.0,0.0,0.0,14,55.0,0,4,2,6.0,0,6.1,8.1,,,70.0,215.0,25.72135,2.0,Rutgers,2022.0,2022.0,KC,251.0,2.0,0.11111111
2024,15,00-0037197,I.Pacheco,RB,KC,CLE,0,0,0.0,0,0.0,0.0,0.0,13,32.0,0,1,1,15.0,0,4.7,5.7,,,70.0,215.0,25.72135,2.0,Rutgers,2022.0,2022.0,KC,251.0,,0.02631579
2024,16,00-0037197,I.Pacheco,RB,KC,HOU,0,0,0.0,0,0.0,0.0,0.0,9,26.0,0,2,1,-1.0,0,2.5,3.5,,,70.0,215.0,25.72135,2.0,Rutgers,2022.0,2022.0,KC,251.0,8.0,0.048780486
2024,17,00-0037197,I.Pacheco,RB,KC,PIT,0,0,0.0,0,0.0,0.0,0.0,6,18.0,0,0,0,0.0,0,1.8,1.8,,,70.0,215.0,25.72135,2.0,Rutgers,2022.0,2022.0,KC,251.0,,
2024,20,00-0037197,I.Pacheco,RB,KC,HOU,0,0,0.0,0,0.0,0.0,0.0,5,18.0,0,1,0,0.0,0,1.8,1.8,,,70.0,215.0,25.72135,2.0,Rutgers,2022.0,2022.0,KC,251.0,9.0,0.041666668
2024,21,00-0037197,I.Pacheco,RB,KC,BUF,0,0,0.0,0,0.0,0.0,0.0,5,12.0,0,2,2,12.0,0,2.4,4.4,,,70.0,215.0,25.72135,2.0,Rutgers,2022.0,2022.0,KC,251.0,3.0,0.08
2024,22,00-0037197,I.Pacheco,RB,KC,PHI,0,0,0.0,0,0.0,0.0,0.0,3,7.0,0,2,1,5.0,0,1.2,2.2,,,70.0,215.0,25.72135,2.0,Rutgers,2022.0,2022.0,KC,251.0,,0.0625
2024,11,00-0037207,M.Caliendo,G,KC,BUF,0,0,0.0,0,0.0,0.0,0.0,0,0.0,0,1,1,5.0,0,0.5,1.5,,,76.0,300.0,27.08195,2.0,Western Michigan,2022.0,2022.0,,,,0.032258064
2024,10,00-0037216,J.Ross,WR,KC,DEN,0,0,0.0,0,0.0,0.0,0.0,0,0.0,0,1,0,0.0,0,0.0,0.0,,,76.0,205.0,24.93275,2.0,Clemson,2022.0,2022.0,,,2.0,0.025
2024,1,00-0037228,J.Warren,RB,PIT,ATL,0,0,0.0,0,0.0,0.0,0.0,2,7.0,0,2,2,13.0,0,2.0,4.0,,,68.0,225.0,26.025777777777776,2.0,Oklahoma State,2022.0,2022.0,,,,0.09090909
2024,2,00-0037228,J.Warren,RB,PIT,DEN,0,0,0.0,0,0.0,0.0,0.0,9,42.0,0,2,2,19.0,0,6.1,8.1,,,68.0,225.0,26.025777777777776,2.0,Oklahoma State,2022.0,2022.0,,,,0.11111111
2024,3,00-0037228,J.Warren,RB,PIT,LAC,0,0,0.0,0,0.0,0.0,0.0,3,5.0,0,1,1,-4.0,0,0.1,1.1,,,68.0,225.0,26.025777777777776,2.0,Oklahoma State,2022.0,2022.0,,,10.0,0.032258064
2024,6,00-0037228,J.Warren,RB,PIT,LV,0,0,0.0,0,0.0,0.0,0.0,6,7.0,0,3,3,11.0,0,1.8,4.8,,,68.0,225.0,26.025777777777776,2.0,Oklahoma State,2022.0,2022.0,,,,0.13043478
2024,7,00-0037228,J.Warren,RB,PIT,NYJ,0,0,0.0,0,0.0,0.0,0.0,12,44.0,0,3,2,15.0,0,5.9,7.9,,,68.0,225.0,26.025777777777776,2.0,Oklahoma State,2022.0,2022.0,,,22.0,0.11111111
2024,8,00-0037228,J.Warren,RB,PIT,NYG,0,0,0.0,0,0.0,0.0,0.0,9,46.0,0,3,2,13.0,0,5.9,7.9,,,68.0,225.0,26.025777777777776,2.0,Oklahoma State,2022.0,2022.0,,,8.0,0.11111111
2024,10,00-0037228,J.Warren,RB,PIT,WAS,0,0,0.0,0,0.0,0.0,0.0,14,66.0,0,2,2,29.0,0,7.5,9.5,,,68.0,225.0,26.025777777777776,2.0,Oklahoma State,2022.0,2022.0,,,,0.07692308
2024,11,00-0037228,J.Warren,RB,PIT,BAL,0,0,0.0,0,0.0,0.0,0.0,9,41.0,0,4,4,27.0,0,6.8,10.8,,,68.0,225.0,26.025777777777776,2.0,Oklahoma State,2022.0,2022.0,,,2.0,0.125
2024,12,00-0037228,J.Warren,RB,PIT,CLE,0,0,0.0,0,0.0,0.0,0.0,11,45.0,1,4,3,19.0,0,12.4,15.4,,,68.0,225.0,26.025777777777776,2.0,Oklahoma State,2022.0,2022.0,,,,0.16
2024,13,00-0037228,J.Warren,RB,PIT,CIN,0,0,0.0,0,0.0,0.0,0.0,3,9.0,0,4,4,55.0,0,6.4,10.4,,,68.0,225.0,26.025777777777776,2.0,Oklahoma State,2022.0,2022.0,,,,0.11111111
2024,14,00-0037228,J.Warren,RB,PIT,CLE,0,0,0.0,0,0.0,0.0,0.0,9,47.0,0,5,2,25.0,0,7.2,9.2,,,68.0,225.0,26.025777777777776,2.0,Oklahoma State,2022.0,2022.0,,,13.0,0.20833333
2024,15,00-0037228,J.Warren,RB,PIT,PHI,0,0,0.0,0,0.0,0.0,0.0,4,12.0,0,2,1,3.0,0,1.5,2.5,,,68.0,225.0,26.025777777777776,2.0,Oklahoma State,2022.0,2022.0,,,,0.0952381
2024,16,00-0037228,J.Warren,RB,PIT,BAL,0,0,0.0,0,0.0,0.0,0.0,12,48.0,0,5,5,44.0,0,9.2,14.2,,,68.0,225.0,26.025777777777776,2.0,Oklahoma State,2022.0,2022.0,,,,0.1923077
2024,17,00-0037228,J.Warren,RB,PIT,KC,0,0,0.0,0,0.0,0.0,0.0,11,71.0,0,6,5,41.0,0,11.2,16.2,,,68.0,225.0,26.025777777777776,2.0,Oklahoma State,2022.0,2022.0,,,-19.0,0.17142858
2024,18,00-0037228,J.Warren,RB,PIT,CIN,0,0,0.0,0,0.0,0.0,0.0,6,21.0,0,1,0,0.0,0,2.1,2.1,,,68.0,225.0,26.025777777777776,2.0,Oklahoma State,2022.0,2022.0,,,-2.0,0.03448276
2024,19,00-0037228,J.Warren,RB,PIT,BAL,0,0,0.0,0,0.0,0.0,0.0,2,6.0,0,5,4,19.0,0,2.5,6.5,,,68.0,225.0,26.025777777777776,2.0,Oklahoma State,2022.0,2022.0,,,,0.1923077
2024,10,00-0037231,K.Austin,WR,NO,ATL,0,0,0.0,0,0.0,0.0,0.0,0,0.0,0,2,2,36.0,0,3.6,5.6,,,74.0,215.0,24.603529411764704,2.0,Notre Dame,2022.0,2022.0,,,3.0,0.0952381
2024,11,00-0037231,K.Austin,WR,NO,CLE,0,0,0.0,0,0.0,0.0,0.0,0,0.0,0,2,1,18.0,0,1.8,2.8,,,74.0,215.0,24.603529411764704,2.0,Notre Dame,2022.0,2022.0,,,21.0,0.071428575
2024,13,00-0037231,K.Austin,WR,NO,LA,0,0,0.0,0,0.0,0.0,0.0,1,9.0,0,3,3,31.0,0,4.0,7.0,,,74.0,215.0,24.603529411764704,2.0,Notre Dame,2022.0,2022.0,,,-7.0,0.0882353
2024,14,00-0037231,K.Austin,WR,NO,NYG,0,0,0.0,0,0.0,0.0,0.0,0,0.0,0,5,1,5.0,0,0.5,1.5,,,74.0,215.0,24.603529411764704,2.0,Notre Dame,2022.0,2022.0,,,,0.16129032
2024,15,00-0037231,K.Austin,WR,NO,WAS,0,0,0.0,0,0.0,0.0,0.0,0,0.0,0,3,1,8.0,0,0.8,1.8,,,74.0,215.0,24.603529411764704,2.0,Notre Dame,2022.0,2022.0,,,-1.0,0.10344828
2024,16,00-0037231,K.Austin,WR,NO,GB,0,0,0.0,0,0.0,0.0,0.0,0,0.0,0,4,1,17.0,0,1.7,2.7,,,74.0,215.0,24.603529411764704,2.0,Notre Dame,2022.0,2022.0,,,,0.14285715
2024,17,00-0037231,K.Austin,WR,NO,LV,0,0,0.0,0,0.0,0.0,0.0,0,0.0,0,2,1,23.0,0,2.3,3.3,,,74.0,215.0,24.603529411764704,2.0,Notre Dame,2022.0,2022.0,,,-15.0,0.05882353
2024,18,00-0037231,K.Austin,WR,NO,TB,0,0,0.0,0,0.0,0.0,0.0,0,0.0,0,1,1,13.0,0,1.3,2.3,,,74.0,215.0,24.603529411764704,2.0,Notre Dame,2022.0,2022.0,,,,0.025641026
2024,1,00-0037238,D.London,WR,ATL,PIT,0,0,0.0,0,0.0,0.0,0.0,0,0.0,0,3,2,15.0,0,1.5,3.5,,,76.0,210.0,23.28658823529412,2.0,Southern California,2022.0,2022.0,ATL,8.0,-8.0,0.13043478
2024,2,00-0037238,D.London,WR,ATL,PHI,0,0,0.0,0,0.0,0.0,0.0,0,0.0,0,7,6,54.0,1,11.4,17.4,,,76.0,210.0,23.28658823529412,2.0,Southern California,2022.0,2022.0,ATL,8.0,,0.2413793
2024,3,00-0037238,D.London,WR,ATL,KC,0,0,0.0,0,0.0,0.0,0.0,0,0.0,0,9,6,67.0,1,12.7,18.7,,,76.0,210.0,23.28658823529412,2.0,Southern California,2022.0,2022.0,ATL,8.0,-5.0,0.33333334
2024,4,00-0037238,D.London,WR,ATL,NO,0,0,0.0,0,0.0,0.0,0.0,0,0.0,0,12,6,64.0,0,6.4,12.4,,,76.0,210.0,23.28658823529412,2.0,Southern California,2022.0,2022.0,ATL,8.0,2.0,0.3529412
2024,5,00-0037238,D.London,WR,ATL,TB,0,0,0.0,0,0.0,0.0,0.0,0,0.0,0,13,12,154.0,1,21.4,33.4,,,76.0,210.0,23.28658823529412,2.0,Southern California,2022.0,2022.0,ATL,8.0,6.0,0.24074075
2024,6,00-0037238,D.London,WR,ATL,CAR,0,0,0.0,0,0.0,0.0,0.0,0,0.0,0,10,6,74.0,1,13.4,19.4,,,76.0,210.0,23.28658823529412,2.0,Southern California,2022.0,2022.0,ATL,8.0,,0.3448276
2024,7,00-0037238,D.London,WR,ATL,SEA,0,0,0.0,0,0.0,0.0,0.0,0,0.0,0,8,6,63.0,1,12.3,18.3,,,76.0,210.0,23.28658823529412,2.0,Southern California,2022.0,2022.0,ATL,8.0,-20.0,0.22222222
2024,8,00-0037238,D.London,WR,ATL,TB,0,0,0.0,0,0.0,0.0,0.0,0,0.0,0,6,4,34.0,0,3.4,7.4,,,76.0,210.0,23.28658823529412,2.0,Southern California,2022.0,2022.0,ATL,8.0,,0.21428572
2024,9,00-0037238,D.London,WR,ATL,DAL,0,0,0.0,0,0.0,0.0,0.0,0,0.0,0,2,2,27.0,1,8.7,10.7,,,76.0,210.0,23.28658823529412,2.0,Southern California,2022.0,2022.0,ATL,8.0,6.0,0.083333336
2024,10,00-0037238,D.London,WR,ATL,NO,0,0,0.0,0,0.0,0.0,0.0,0,0.0,0,13,8,97.0,0,9.7,17.7,,,76.0,210.0,23.28658823529412,2.0,Southern California,2022.0,2022.0,ATL,8.0,,0.35135135
2024,11,00-0037238,D.London,WR,ATL,DEN,0,0,0.0,0,0.0,0.0,0.0,0,0.0,0,7,3,61.0,0,6.1,9.1,,,76.0,210.0,23.28658823529412,2.0,Southern California,2022.0,2022.0,ATL,8.0,,0.2413793
2024,13,00-0037238,D.London,WR,ATL,LAC,0,0,0.0,0,0.0,0.0,0.0,1,-3.0,0,16,9,86.0,0,8.3,17.3,,,76.0,210.0,23.28658823529412,2.0,Southern California,2022.0,2022.0,ATL,8.0,-4.0,0.42105263
2024,14,00-0037238,D.London,WR,ATL,MIN,0,0,0.0,0,0.0,0.0,0.0,0,0.0,0,10,5,70.0,0,7.0,12.0,,,76.0,210.0,23.28658823529412,2.0,Southern California,2022.0,2022.0,ATL,8.0,,0.27027026
2024,15,00-0037238,D.London,WR,ATL,LV,0,0,0.0,0,0.0,0.0,0.0,0,0.0,0,3,3,53.0,1,11.3,14.3,,,76.0,210.0,23.28658823529412,2.0,Southern California,2022.0,2022.0,ATL,8.0,,0.1875
2024,16,00-0037238,D.London,WR,ATL,NYG,0,0,0.0,0,0.0,0.0,0.0,0,0.0,0,8,5,59.0,0,5.9,10.9,,,76.0,210.0,23.28658823529412,2.0,Southern California,2022.0,2022.0,ATL,8.0,27.0,0.30769232
2024,17,00-0037238,D.London,WR,ATL,WAS,0,0,0.0,0,0.0,0.0,0.0,0,0.0,0,13,7,106.0,0,10.6,17.6,,,76.0,210.0,23.28658823529412,2.0,Southern California,2022.0,2022.0,ATL,8.0,,0.37142858
2024,18,00-0037238,D.London,WR,ATL,CAR,0,0,0.0,0,0.0,0.0,0.0,0,0.0,0,18,10,187.0,2,30.7,40.7,,,76.0,210.0,23.28658823529412,2.0,Southern California,2022.0,2022.0,ATL,8.0,-6.0,0.4864865
2024,1,00-0037239,C.Olave,WR,NO,CAR,0,0,0.0,0,0.0,0.0,0.0,0,0.0,0,2,2,11.0,0,1.1,3.1,,,72.0,185.0,24.359823529411766,2.0,Ohio State,2022.0,2022.0,NO,11.0,37.0,0.083333336
2024,2,00-0037239,C.Olave,WR,NO,DAL,0,0,0.0,0,0.0,0.0,0.0,1,7.0,0,6,4,81.0,0,8.8,12.8,,,72.0,185.0,24.359823529411766,2.0,Ohio State,2022.0,2022.0,NO,11.0,,0.4
2024,3,00-0037239,C.Olave,WR,NO,PHI,0,0,0.0,0,0.0,0.0,0.0,0,0.0,0,6,6,86.0,1,14.6,20.6,,,72.0,185.0,24.359823529411766,2.0,Ohio State,2022.0,2022.0,NO,11.0,-3.0,0.26086956
2024,4,00-0037239,C.Olave,WR,NO,ATL,0,0,0.0,0,0.0,0.0,0.0,0,0.0,0,10,8,87.0,0,8.7,16.7,,,72.0,185.0,24.359823529411766,2.0,Ohio State,2022.0,2022.0,NO,11.0,,0.2777778
2024,5,00-0037239,C.Olave,WR,NO,KC,0,0,0.0,0,0.0,0.0,0.0,0,0.0,0,4,2,10.0,0,1.0,3.0,,,72.0,185.0,24.359823529411766,2.0,Ohio State,2022.0,2022.0,NO,11.0,,0.125
2024,6,00-0037239,C.Olave,WR,NO,TB,0,0,0.0,0,0.0,0.0,0.0,0,0.0,0,1,1,5.0,0,-1.5,-0.5,,,72.0,185.0,24.359823529411766,2.0,Ohio State,2022.0,2022.0,NO,11.0,-24.0,0.02631579
2024,8,00-0037239,C.Olave,WR,NO,LAC,0,0,0.0,0,0.0,0.0,0.0,0,0.0,0,14,8,107.0,0,10.7,18.7,,,72.0,185.0,24.359823529411766,2.0,Ohio State,2022.0,2022.0,NO,11.0,,0.36842105
2024,9,00-0037239,C.Olave,WR,NO,CAR,0,0,0.0,0,0.0,0.0,0.0,0,0.0,0,1,1,13.0,0,1.3,2.3,,,72.0,185.0,24.359823529411766,2.0,Ohio State,2022.0,2022.0,NO,11.0,,0.035714287
2024,1,00-0037240,J.Williams,WR,DET,LA,0,0,0.0,0,0.0,0.0,0.0,1,13.0,0,9,5,121.0,1,19.4,24.4,,,73.0,189.0,23.63322222222222,2.0,Alabama,2022.0,2022.0,DET,12.0,6.0,0.32142857
2024,2,00-0037240,J.Williams,WR,DET,TB,0,0,0.0,0,0.0,0.0,0.0,1,15.0,0,11,5,79.0,0,9.4,14.4,,,73.0,189.0,23.63322222222222,2.0,Alabama,2022.0,2022.0,DET,12.0,-4.0,0.20754717
2024,3,00-0037240,J.Williams,WR,DET,ARI,0,0,0.0,0,0.0,0.0,0.0,1,-7.0,0,3,1,9.0,0,0.2,1.2,,,73.0,189.0,23.63322222222222,2.0,Alabama,2022.0,2022.0,DET,12.0,,0.13636364
2024,4,00-0037240,J.Williams,WR,DET,SEA,0,0,0.0,0,0.0,0.0,0.0,0,0.0,0,2,2,80.0,1,14.0,16.0,,,73.0,189.0,23.63322222222222,2.0,Alabama,2022.0,2022.0,DET,12.0,13.0,0.10526316
2024,6,00-0037240,J.Williams,WR,DET,DAL,0,0,0.0,0,0.0,0.0,0.0,1,11.0,0,4,3,76.0,1,14.7,17.7,,,73.0,189.0,23.63322222222222,2.0,Alabama,2022.0,2022.0,DET,12.0,,0.14814815
2024,7,00-0037240,J.Williams,WR,DET,MIN,0,0,0.0,0,0.0,0.0,0.0,0,0.0,0,1,1,-4.0,0,-0.4,0.6,,,73.0,189.0,23.63322222222222,2.0,Alabama,2022.0,2022.0,DET,12.0,,0.04
2024,10,00-0037240,J.Williams,WR,DET,HOU,0,0,0.0,0,0.0,0.0,0.0,0,0.0,0,5,3,53.0,0,5.3,8.3,,,73.0,189.0,23.63322222222222,2.0,Alabama,2022.0,2022.0,DET,12.0,,0.20833333
2024,11,00-0037240,J.Williams,WR,DET,JAX,0,0,0.0,0,0.0,0.0,0.0,1,2.0,0,6,4,124.0,1,18.6,22.6,,,73.0,189.0,23.63322222222222,2.0,Alabama,2022.0,2022.0,DET,12.0,46.0,0.19354838
2024,12,00-0037240,J.Williams,WR,DET,IND,0,0,0.0,0,0.0,0.0,0.0,1,4.0,0,7,5,64.0,0,6.8,11.8,,,73.0,189.0,23.63322222222222,2.0,Alabama,2022.0,2022.0,DET,12.0,,0.21212122
2024,13,00-0037240,J.Williams,WR,DET,CHI,0,0,0.0,0,0.0,0.0,0.0,2,18.0,0,7,5,28.0,0,4.6,9.6,,,73.0,189.0,23.63322222222222,2.0,Alabama,2022.0,2022.0,DET,12.0,3.0,0.22580644
2024,14,00-0037240,J.Williams,WR,DET,GB,0,0,0.0,0,0.0,0.0,0.0,0,0.0,0,8,5,80.0,0,8.0,13.0,,,73.0,189.0,23.63322222222222,2.0,Alabama,2022.0,2022.0,DET,12.0,3.0,0.2
2024,15,00-0037240,J.Williams,WR,DET,BUF,0,0,0.0,0,0.0,0.0,0.0,0,0.0,0,5,3,37.0,1,9.7,12.7,,,73.0,189.0,23.63322222222222,2.0,Alabama,2022.0,2022.0,DET,12.0,-6.0,0.09259259
2024,16,00-0037240,J.Williams,WR,DET,CHI,0,0,0.0,0,0.0,0.0,0.0,1,7.0,0,7,5,143.0,1,21.0,26.0,,,73.0,189.0,23.63322222222222,2.0,Alabama,2022.0,2022.0,DET,12.0,,0.21875
2024,17,00-0037240,J.Williams,WR,DET,SF,0,0,0.0,0,0.0,0.0,0.0,2,-2.0,1,8,5,77.0,1,19.5,24.5,,,73.0,189.0,23.63322222222222,2.0,Alabama,2022.0,2022.0,DET,12.0,,0.24242425
2024,18,00-0037240,J.Williams,WR,DET,MIN,0,0,0.0,0,0.0,0.0,0.0,0,0.0,0,8,6,34.0,0,3.4,9.4,,,73.0,189.0,23.63322222222222,2.0,Alabama,2022.0,2022.0,DET,12.0,22.0,0.25
2024,20,00-0037240,J.Williams,WR,DET,WAS,0,1,0.0,0,1.0,0.0,-0.0,1,61.0,1,4,1,19.0,0,12.0,13.0,,,73.0,189.0,23.63322222222222,2.0,Alabama,2022.0,2022.0,DET,12.0,-14.0,0.102564104
2024,3,00-0037243,T.Smith,G,DAL,BAL,0,0,0.0,0,0.0,0.0,0.0,0,0.0,0,1,1,0.0,0,0.0,1.0,,,78.0,332.0,23.598411764705883,2.0,Tulsa,2022.0,2022.0,DAL,24.0,-3.0,0.02
2024,1,00-0037247,G.Pickens,WR,PIT,ATL,0,0,0.0,0,0.0,0.0,0.0,1,-10.0,0,7,6,85.0,0,7.5,13.5,,,75.0,200.0,23.687555555555555,2.0,Georgia,2022.0,2022.0,PIT,52.0,,0.3181818
2024,2,00-0037247,G.Pickens,WR,PIT,DEN,0,0,0.0,0,0.0,0.0,0.0,0,0.0,0,4,2,29.0,0,2.9,4.9,,,75.0,200.0,23.687555555555555,2.0,Georgia,2022.0,2022.0,PIT,52.0,,0.22222222
2024,3,00-0037247,G.Pickens,WR,PIT,LAC,0,0,0.0,0,0.0,0.0,0.0,0,0.0,0,7,5,57.0,0,5.7,10.7,,,75.0,200.0,23.687555555555555,2.0,Georgia,2022.0,2022.0,PIT,52.0,10.0,0.22580644
2024,4,00-0037247,G.Pickens,WR,PIT,IND,0,0,0.0,0,0.0,0.0,0.0,0,0.0,0,11,7,113.0,0,9.3,16.3,,,75.0,200.0,23.687555555555555,2.0,Georgia,2022.0,2022.0,PIT,52.0,,0.34375
2024,5,00-0037247,G.Pickens,WR,PIT,DAL,0,0,0.0,0,0.0,0.0,0.0,0,0.0,0,7,3,26.0,0,2.6,5.6,,,75.0,200.0,23.687555555555555,2.0,Georgia,2022.0,2022.0,PIT,52.0,-3.0,0.26923078
2024,6,00-0037247,G.Pickens,WR,PIT,LV,0,0,0.0,0,0.0,0.0,0.0,0,0.0,0,8,3,53.0,0,5.3,8.3,,,75.0,200.0,23.687555555555555,2.0,Georgia,2022.0,2022.0,PIT,52.0,,0.3478261
2024,7,00-0037247,G.Pickens,WR,PIT,NYJ,0,0,0.0,0,0.0,0.0,0.0,0,0.0,0,9,5,111.0,1,17.1,22.1,,,75.0,200.0,23.687555555555555,2.0,Georgia,2022.0,2022.0,PIT,52.0,22.0,0.33333334
2024,8,00-0037247,G.Pickens,WR,PIT,NYG,0,0,0.0,0,0.0,0.0,0.0,0,0.0,0,5,4,74.0,0,7.4,11.4,,,75.0,200.0,23.687555555555555,2.0,Georgia,2022.0,2022.0,PIT,52.0,8.0,0.18518518
2024,10,00-0037247,G.Pickens,WR,PIT,WAS,0,0,0.0,0,0.0,0.0,0.0,1,4.0,0,7,5,91.0,1,15.5,20.5,,,75.0,200.0,23.687555555555555,2.0,Georgia,2022.0,2022.0,PIT,52.0,,0.26923078
2024,11,00-0037247,G.Pickens,WR,PIT,BAL,0,0,0.0,0,0.0,0.0,0.0,0,0.0,0,12,8,89.0,0,8.9,16.9,,,75.0,200.0,23.687555555555555,2.0,Georgia,2022.0,2022.0,PIT,52.0,2.0,0.375
2024,12,00-0037247,G.Pickens,WR,PIT,CLE,0,0,0.0,0,0.0,0.0,0.0,0,0.0,0,7,4,48.0,0,4.8,8.8,,,75.0,200.0,23.687555555555555,2.0,Georgia,2022.0,2022.0,PIT,52.0,,0.28
2024,13,00-0037247,G.Pickens,WR,PIT,CIN,0,0,0.0,0,0.0,0.0,0.0,0,0.0,0,6,3,74.0,1,13.4,16.4,,,75.0,200.0,23.687555555555555,2.0,Georgia,2022.0,2022.0,PIT,52.0,,0.16666667
2024,17,00-0037247,G.Pickens,WR,PIT,KC,0,0,0.0,0,0.0,0.0,0.0,0,0.0,0,7,3,50.0,0,5.0,8.0,,,75.0,200.0,23.687555555555555,2.0,Georgia,2022.0,2022.0,PIT,52.0,-19.0,0.2
2024,18,00-0037247,G.Pickens,WR,PIT,CIN,0,0,0.0,0,0.0,0.0,0.0,0,0.0,0,6,1,0.0,0,0.0,1.0,,,75.0,200.0,23.687555555555555,2.0,Georgia,2022.0,2022.0,PIT,52.0,-2.0,0.20689656
2024,19,00-0037247,G.Pickens,WR,PIT,BAL,0,0,0.0,0,0.0,0.0,0.0,0,0.0,0,5,5,87.0,1,14.7,19.7,,,75.0,200.0,23.687555555555555,2.0,Georgia,2022.0,2022.0,PIT,52.0,,0.1923077
2024,1,00-0037248,J.Cook,RB,BUF,ARI,0,0,0.0,0,0.0,0.0,0.0,19,71.0,0,3,3,32.0,0,10.3,13.3,,,71.0,190.0,25.14605,2.0,Georgia,2022.0,2022.0,BUF,63.0,6.0,0.13043478
2024,2,00-0037248,J.Cook,RB,BUF,MIA,0,0,0.0,0,0.0,0.0,0.0,11,78.0,2,1,1,17.0,1,27.5,28.5,,,71.0,190.0,25.14605,2.0,Georgia,2022.0,2022.0,BUF,63.0,,0.055555556
2024,3,00-0037248,J.Cook,RB,BUF,JAX,0,0,0.0,0,0.0,0.0,0.0,11,39.0,1,5,4,48.0,0,14.7,18.7,,,71.0,190.0,25.14605,2.0,Georgia,2022.0,2022.0,BUF,63.0,37.0,0.16666667
2024,4,00-0037248,J.Cook,RB,BUF,BAL,0,0,0.0,0,0.0,0.0,0.0,9,39.0,0,1,1,9.0,0,4.8,5.8,,,71.0,190.0,25.14605,2.0,Georgia,2022.0,2022.0,BUF,63.0,,0.037037037
2024,5,00-0037248,J.Cook,RB,BUF,HOU,0,0,0.0,0,0.0,0.0,0.0,20,82.0,1,3,2,17.0,0,15.9,17.9,,,71.0,190.0,25.14605,2.0,Georgia,2022.0,2022.0,BUF,63.0,,0.10344828
2024,7,00-0037248,J.Cook,RB,BUF,TEN,0,0,0.0,0,0.0,0.0,0.0,12,32.0,1,0,0,0.0,0,9.2,9.2,,,71.0,190.0,25.14605,2.0,Georgia,2022.0,2022.0,BUF,63.0,24.0,
2024,8,00-0037248,J.Cook,RB,BUF,SEA,0,0,0.0,0,0.0,0.0,0.0,17,111.0,2,3,3,22.0,0,25.3,28.3,,,71.0,190.0,25.14605,2.0,Georgia,2022.0,2022.0,BUF,63.0,,0.09375
2024,9,00-0037248,J.Cook,RB,BUF,MIA,0,0,0.0,0,0.0,0.0,0.0,10,44.0,0,6,5,25.0,0,6.9,11.9,,,71.0,190.0,25.14605,2.0,Georgia,2022.0,2022.0,BUF,63.0,3.0,0.16666667
2024,10,00-0037248,J.Cook,RB,BUF,IND,0,0,0.0,0,0.0,0.0,0.0,19,80.0,1,3,1,5.0,0,14.5,15.5,,,71.0,190.0,25.14605,2.0,Georgia,2022.0,2022.0,BUF,63.0,,0.08571429
2024,11,00-0037248,J.Cook,RB,BUF,KC,0,0,0.0,0,0.0,0.0,0.0,9,20.0,2,6,5,7.0,0,14.7,19.7,,,71.0,190.0,25.14605,2.0,Georgia,2022.0,2022.0,BUF,63.0,9.0,0.15789473
2024,13,00-0037248,J.Cook,RB,BUF,SF,0,0,0.0,0,0.0,0.0,0.0,14,107.0,1,1,1,13.0,0,18.0,19.0,,,71.0,190.0,25.14605,2.0,Georgia,2022.0,2022.0,BUF,63.0,25.0,0.055555556
2024,14,00-0037248,J.Cook,RB,BUF,LA,0,0,0.0,0,0.0,0.0,0.0,6,20.0,0,2,2,9.0,0,2.9,4.9,,,71.0,190.0,25.14605,2.0,Georgia,2022.0,2022.0,BUF,63.0,,0.054054055
2024,15,00-0037248,J.Cook,RB,BUF,DET,0,0,0.0,0,0.0,0.0,0.0,14,105.0,2,1,1,28.0,0,25.3,26.3,,,71.0,190.0,25.14605,2.0,Georgia,2022.0,2022.0,BUF,63.0,,0.03125
2024,16,00-0037248,J.Cook,RB,BUF,NE,0,0,0.0,0,0.0,0.0,0.0,11,100.0,1,3,3,26.0,1,24.6,27.6,,,71.0,190.0,25.14605,2.0,Georgia,2022.0,2022.0,BUF,63.0,3.0,0.11111111
2024,17,00-0037248,J.Cook,RB,BUF,NYJ,0,0,0.0,0,0.0,0.0,0.0,15,53.0,1,0,0,0.0,0,11.3,11.3,,,71.0,190.0,25.14605,2.0,Georgia,2022.0,2022.0,BUF,63.0,26.0,
2024,18,00-0037248,J.Cook,RB,BUF,NE,0,0,0.0,0,0.0,0.0,0.0,10,28.0,1,0,0,0.0,0,8.8,8.8,,,71.0,190.0,25.14605,2.0,Georgia,2022.0,2022.0,BUF,63.0,,
2024,19,00-0037248,J.Cook,RB,BUF,DEN,0,0,0.0,0,0.0,0.0,0.0,23,120.0,1,0,0,0.0,0,18.0,18.0,,,71.0,190.0,25.14605,2.0,Georgia,2022.0,2022.0,BUF,63.0,24.0,
2024,20,00-0037248,J.Cook,RB,BUF,BAL,0,0,0.0,0,0.0,0.0,0.0,17,67.0,0,3,3,15.0,0,8.2,11.2,,,71.0,190.0,25.14605,2.0,Georgia,2022.0,2022.0,BUF,63.0,2.0,0.14285715
2024,21,00-0037248,J.Cook,RB,BUF,KC,0,0,0.0,0,0.0,0.0,0.0,13,85.0,2,3,3,49.0,0,25.4,28.4,,,71.0,190.0,25.14605,2.0,Georgia,2022.0,2022.0,BUF,63.0,,0.09677419
2024,1,00-0037252,G.Dulcich,TE,DEN,SEA,0,0,0.0,0,0.0,0.0,0.0,0,0.0,0,3,2,12.0,0,1.2,3.2,,,76.0,250.0,24.616444444444443,2.0,UCLA,2022.0,2022.0,DEN,80.0,,0.071428575
2024,2,00-0037252,G.Dulcich,TE,DEN,PIT,0,0,0.0,0,0.0,0.0,0.0,0,0.0,0,8,3,16.0,0,1.6,4.6,,,76.0,250.0,24.616444444444443,2.0,UCLA,2022.0,2022.0,DEN,80.0,-7.0,0.24242425
2024,4,00-0037252,G.Dulcich,TE,DEN,NYJ,0,0,0.0,0,0.0,0.0,0.0,0,0.0,0,1,0,0.0,0,0.0,0.0,,,76.0,250.0,24.616444444444443,2.0,UCLA,2022.0,2022.0,DEN,80.0,,0.04
2024,11,00-0037253,M.Jones,CB,NE,LA,0,0,0.0,0,0.0,0.0,0.0,1,5.0,0,0,0,0.0,0,0.5,0.5,,,68.0,185.0,26.038117647058826,2.0,Houston,2022.0,2022.0,NE,85.0,-6.0,
2024,15,00-0037253,M.Jones,CB,NE,ARI,0,0,0.0,0,0.0,0.0,0.0,0,0.0,0,1,1,18.0,0,1.8,2.8,,,68.0,185.0,26.038117647058826,2.0,Houston,2022.0,2022.0,NE,85.0,,0.04347826
2024,1,00-0037256,R.White,RB,TB,WAS,0,0,0.0,0,0.0,0.0,0.0,15,31.0,0,6,6,75.0,0,10.6,16.6,,,72.0,210.0,25.82766666666667,2.0,Arizona State,2022.0,2022.0,TB,91.0,17.0,0.2
2024,2,00-0037256,R.White,RB,TB,DET,0,0,0.0,0,0.0,0.0,0.0,10,18.0,0,1,1,5.0,0,2.3,3.3,,,72.0,210.0,25.82766666666667,2.0,Arizona State,2022.0,2022.0,TB,91.0,,0.05263158
2024,3,00-0037256,R.White,RB,TB,DEN,0,0,0.0,0,0.0,0.0,0.0,6,17.0,0,6,5,18.0,0,3.5,8.5,,,72.0,210.0,25.82766666666667,2.0,Arizona State,2022.0,2022.0,TB,91.0,-19.0,0.1875
2024,4,00-0037256,R.White,RB,TB,PHI,0,0,0.0,0,0.0,0.0,0.0,10,49.0,0,3,2,35.0,0,8.4,10.4,,,72.0,210.0,25.82766666666667,2.0,Arizona State,2022.0,2022.0,TB,91.0,17.0,0.06382979
2024,5,00-0037256,R.White,RB,TB,ATL,0,0,0.0,0,0.0,0.0,0.0,10,72.0,0,3,3,-6.0,0,6.6,9.6,,,72.0,210.0,25.82766666666667,2.0,Arizona State,2022.0,2022.0,TB,91.0,,0.125
2024,7,00-0037256,R.White,RB,TB,BAL,0,0,0.0,0,0.0,0.0,0.0,10,40.0,0,6,6,71.0,2,23.1,29.1,,,72.0,210.0,25.82766666666667,2.0,Arizona State,2022.0,2022.0,TB,91.0,-10.0,0.13333334
2024,8,00-0037256,R.White,RB,TB,ATL,0,0,0.0,0,0.0,0.0,0.0,6,29.0,0,6,5,38.0,1,10.7,15.7,,,72.0,210.0,25.82766666666667,2.0,Arizona State,2022.0,2022.0,TB,91.0,-5.0,0.13043478
2024,9,00-0037256,R.White,RB,TB,KC,0,0,0.0,0,0.0,0.0,0.0,3,19.0,1,3,3,16.0,0,9.5,12.5,,,72.0,210.0,25.82766666666667,2.0,Arizona State,2022.0,2022.0,TB,91.0,,0.09677419
2024,10,00-0037256,R.White,RB,TB,SF,0,0,0.0,0,0.0,0.0,0.0,10,31.0,0,7,6,39.0,1,13.0,19.0,,,72.0,210.0,25.82766666666667,2.0,Arizona State,2022.0,2022.0,TB,91.0,-3.0,0.2413793
2024,12,00-0037256,R.White,RB,TB,NYG,0,0,0.0,0,0.0,0.0,0.0,12,37.0,1,1,1,10.0,0,10.7,11.7,,,72.0,210.0,25.82766666666667,2.0,Arizona State,2022.0,2022.0,TB,91.0,,0.033333335
2024,13,00-0037256,R.White,RB,TB,CAR,0,0,0.0,0,0.0,0.0,0.0,11,76.0,0,1,1,2.0,0,7.8,8.8,,,72.0,210.0,25.82766666666667,2.0,Arizona State,2022.0,2022.0,TB,91.0,,0.029411765
2024,14,00-0037256,R.White,RB,TB,LV,0,0,0.0,0,0.0,0.0,0.0,17,90.0,1,3,2,19.0,1,22.9,24.9,,,72.0,210.0,25.82766666666667,2.0,Arizona State,2022.0,2022.0,TB,91.0,15.0,0.10714286
2024,15,00-0037256,R.White,RB,TB,LAC,0,0,0.0,0,0.0,0.0,0.0,15,64.0,0,2,2,17.0,1,12.1,14.1,,,72.0,210.0,25.82766666666667,2.0,Arizona State,2022.0,2022.0,TB,91.0,,0.07692308
2024,16,00-0037256,R.White,RB,TB,DAL,0,0,0.0,0,0.0,0.0,0.0,3,10.0,0,8,7,50.0,0,4.0,11.0,,,72.0,210.0,25.82766666666667,2.0,Arizona State,2022.0,2022.0,TB,91.0,,0.18604651
2024,17,00-0037256,R.White,RB,TB,CAR,0,0,0.0,0,0.0,0.0,0.0,6,30.0,0,1,1,4.0,0,3.4,4.4,,,72.0,210.0,25.82766666666667,2.0,Arizona State,2022.0,2022.0,TB,91.0,34.0,0.03125
2024,19,00-0037256,R.White,RB,TB,WAS,0,0,0.0,0,0.0,0.0,0.0,1,1.0,0,2,2,14.0,0,1.5,3.5,,,72.0,210.0,25.82766666666667,2.0,Arizona State,2022.0,2022.0,TB,91.0,-3.0,0.11764706
2024,2,00-0037257,D.Bell,WR,CLE,JAX,0,0,0.0,0,0.0,0.0,0.0,0,0.0,0,3,3,27.0,0,2.7,5.7,,,73.0,205.0,23.89629411764706,2.0,Purdue,2022.0,2022.0,CLE,99.0,,0.09090909
2024,1,00-0037258,D.Pierce,RB,HOU,IND,0,0,0.0,0,0.0,0.0,0.0,3,16.0,0,0,0,0.0,0,1.6,1.6,,,70.0,215.0,24.730263157894736,2.0,Florida,2022.0,2022.0,HOU,107.0,,
2024,6,00-0037258,D.Pierce,RB,HOU,NE,0,0,0.0,0,0.0,0.0,0.0,8,76.0,1,1,1,1.0,0,13.7,14.7,,,70.0,215.0,24.730263157894736,2.0,Florida,2022.0,2022.0,HOU,107.0,,0.032258064
2024,7,00-0037258,D.Pierce,RB,HOU,GB,0,0,0.0,0,0.0,0.0,0.0,2,2.0,0,0,0,0.0,0,0.2,0.2,,,70.0,215.0,24.730263157894736,2.0,Florida,2022.0,2022.0,HOU,107.0,,
2024,8,00-0037258,D.Pierce,RB,HOU,IND,0,0,0.0,0,0.0,0.0,0.0,1,4.0,0,0,0,0.0,0,0.4,0.4,,,70.0,215.0,24.730263157894736,2.0,Florida,2022.0,2022.0,HOU,107.0,3.0,
2024,11,00-0037258,D.Pierce,RB,HOU,DAL,0,0,0.0,0,0.0,0.0,0.0,1,2.0,0,0,0,0.0,0,0.2,0.2,,,70.0,215.0,24.730263157894736,2.0,Florida,2022.0,2022.0,HOU,107.0,,
2024,13,00-0037258,D.Pierce,RB,HOU,JAX,0,0,0.0,0,0.0,0.0,0.0,0,0.0,0,1,1,1.0,0,0.1,1.1,,,70.0,215.0,24.730263157894736,2.0,Florida,2022.0,2022.0,HOU,107.0,,0.030303031
2024,16,00-0037258,D.Pierce,RB,HOU,KC,0,0,0.0,0,0.0,0.0,0.0,1,4.0,0,0,0,0.0,0,0.4,0.4,,,70.0,215.0,24.730263157894736,2.0,Florida,2022.0,2022.0,HOU,107.0,,
2024,17,00-0037258,D.Pierce,RB,HOU,BAL,0,0,0.0,0,0.0,0.0,0.0,5,13.0,0,0,0,0.0,0,1.3,1.3,,,70.0,215.0,24.730263157894736,2.0,Florida,2022.0,2022.0,HOU,107.0,-29.0,
2024,18,00-0037258,D.Pierce,RB,HOU,TEN,0,0,0.0,0,0.0,0.0,0.0,19,176.0,1,2,0,0.0,0,23.6,23.6,,,70.0,215.0,24.730263157894736,2.0,Florida,2022.0,2022.0,HOU,107.0,,0.071428575
2024,19,00-0037258,D.Pierce,RB,HOU,LAC,0,0,0.0,0,0.0,0.0,0.0,2,15.0,0,0,0,0.0,0,1.5,1.5,,,70.0,215.0,24.730263157894736,2.0,Florida,2022.0,2022.0,HOU,107.0,20.0,
2024,20,00-0037258,D.Pierce,RB,HOU,KC,0,0,0.0,0,0.0,0.0,0.0,4,10.0,0,1,0,0.0,0,1.0,1.0,,,70.0,215.0,24.730263157894736,2.0,Florida,2022.0,2022.0,HOU,107.0,,0.035714287
2024,1,00-0037261,K.Shakir,WR,BUF,ARI,0,0,0.0,0,0.0,0.0,0.0,0,0.0,0,3,3,42.0,1,10.2,13.2,,,72.0,190.0,24.787399999999998,2.0,Boise State,2022.0,2022.0,BUF,148.0,6.0,0.13043478
2024,2,00-0037261,K.Shakir,WR,BUF,MIA,0,0,0.0,0,0.0,0.0,0.0,1,2.0,0,5,5,54.0,0,5.6,10.6,,,72.0,190.0,24.787399999999998,2.0,Boise State,2022.0,2022.0,BUF,148.0,,0.2777778
2024,3,00-0037261,K.Shakir,WR,BUF,JAX,0,0,0.0,0,0.0,0.0,0.0,0,0.0,0,6,6,72.0,1,13.2,19.2,,,72.0,190.0,24.787399999999998,2.0,Boise State,2022.0,2022.0,BUF,148.0,37.0,0.2
2024,4,00-0037261,K.Shakir,WR,BUF,BAL,0,0,0.0,0,0.0,0.0,0.0,0,0.0,0,5,4,62.0,0,6.2,10.2,,,72.0,190.0,24.787399999999998,2.0,Boise State,2022.0,2022.0,BUF,148.0,,0.18518518
2024,6,00-0037261,K.Shakir,WR,BUF,NYJ,0,0,0.0,0,0.0,0.0,0.0,0,0.0,0,2,2,19.0,0,1.9,3.9,,,72.0,190.0,24.787399999999998,2.0,Boise State,2022.0,2022.0,BUF,148.0,,0.08695652
2024,7,00-0037261,K.Shakir,WR,BUF,TEN,0,0,0.0,0,0.0,0.0,0.0,0,0.0,0,7,7,65.0,0,6.5,13.5,,,72.0,190.0,24.787399999999998,2.0,Boise State,2022.0,2022.0,BUF,148.0,24.0,0.21875
2024,8,00-0037261,K.Shakir,WR,BUF,SEA,0,0,0.0,0,0.0,0.0,0.0,1,2.0,0,10,9,107.0,0,10.9,19.9,,,72.0,190.0,24.787399999999998,2.0,Boise State,2022.0,2022.0,BUF,148.0,,0.3125
2024,9,00-0037261,K.Shakir,WR,BUF,MIA,0,0,0.0,0,0.0,0.0,0.0,0,0.0,0,7,6,50.0,0,5.0,11.0,,,72.0,190.0,24.787399999999998,2.0,Boise State,2022.0,2022.0,BUF,148.0,3.0,0.19444445
2024,10,00-0037261,K.Shakir,WR,BUF,IND,0,0,0.0,0,0.0,0.0,0.0,0,0.0,0,9,6,58.0,0,5.8,11.8,,,72.0,190.0,24.787399999999998,2.0,Boise State,2022.0,2022.0,BUF,148.0,,0.25714287
2024,11,00-0037261,K.Shakir,WR,BUF,KC,0,0,0.0,0,0.0,0.0,0.0,0,0.0,0,12,8,70.0,0,7.0,15.0,,,72.0,190.0,24.787399999999998,2.0,Boise State,2022.0,2022.0,BUF,148.0,9.0,0.31578946
2024,13,00-0037261,K.Shakir,WR,BUF,SF,0,0,0.0,0,0.0,0.0,0.0,0,0.0,0,7,4,30.0,0,3.0,7.0,,,72.0,190.0,24.787399999999998,2.0,Boise State,2022.0,2022.0,BUF,148.0,25.0,0.3888889
2024,14,00-0037261,K.Shakir,WR,BUF,LA,0,0,0.0,0,0.0,0.0,0.0,0,0.0,0,8,5,106.0,1,16.6,21.6,,,72.0,190.0,24.787399999999998,2.0,Boise State,2022.0,2022.0,BUF,148.0,,0.21621622
2024,15,00-0037261,K.Shakir,WR,BUF,DET,0,0,0.0,0,0.0,0.0,0.0,0,0.0,0,7,6,39.0,1,9.9,15.9,,,72.0,190.0,24.787399999999998,2.0,Boise State,2022.0,2022.0,BUF,148.0,,0.21875
2024,16,00-0037261,K.Shakir,WR,BUF,NE,0,0,0.0,0,0.0,0.0,0.0,0,0.0,0,6,2,22.0,0,2.2,4.2,,,72.0,190.0,24.787399999999998,2.0,Boise State,2022.0,2022.0,BUF,148.0,3.0,0.22222222
2024,17,00-0037261,K.Shakir,WR,BUF,NYJ,0,0,0.0,0,0.0,0.0,0.0,0,0.0,0,6,3,25.0,0,2.5,5.5,,,72.0,190.0,24.787399999999998,2.0,Boise State,2022.0,2022.0,BUF,148.0,26.0,0.22222222
2024,19,00-0037261,K.Shakir,WR,BUF,DEN,0,0,0.0,0,0.0,0.0,0.0,0,0.0,0,6,6,61.0,0,6.1,12.1,,,72.0,190.0,24.787399999999998,2.0,Boise State,2022.0,2022.0,BUF,148.0,24.0,0.24
2024,20,00-0037261,K.Shakir,WR,BUF,BAL,0,0,0.0,0,0.0,0.0,0.0,0,0.0,0,7,6,67.0,0,6.7,12.7,,,72.0,190.0,24.787399999999998,2.0,Boise State,2022.0,2022.0,BUF,148.0,2.0,0.33333334
2024,21,00-0037261,K.Shakir,WR,BUF,KC,0,0,0.0,0,0.0,0.0,0.0,0,0.0,0,7,6,46.0,0,4.6,10.6,,,72.0,190.0,24.787399999999998,2.0,Boise State,2022.0,2022.0,BUF,148.0,,0.22580644
2024,1,00-0037263,T.Allgeier,RB,ATL,PIT,0,0,0.0,0,0.0,0.0,0.0,3,21.0,0,0,0,0.0,0,2.1,2.1,,,70.0,220.0,24.55970588235294,2.0,Brigham Young,2022.0,2022.0,ATL,151.0,-8.0,
2024,2,00-0037263,T.Allgeier,RB,ATL,PHI,0,0,0.0,0,0.0,0.0,0.0,9,53.0,0,1,1,12.0,0,6.5,7.5,,,70.0,220.0,24.55970588235294,2.0,Brigham Young,2022.0,2022.0,ATL,151.0,,0.03448276
2024,3,00-0037263,T.Allgeier,RB,ATL,KC,0,0,0.0,0,0.0,0.0,0.0,7,32.0,0,0,0,0.0,0,3.2,3.2,,,70.0,220.0,24.55970588235294,2.0,Brigham Young,2022.0,2022.0,ATL,151.0,-5.0,
2024,4,00-0037263,T.Allgeier,RB,ATL,NO,0,0,0.0,0,0.0,0.0,0.0,8,60.0,0,2,2,20.0,0,8.0,10.0,,,70.0,220.0,24.55970588235294,2.0,Brigham Young,2022.0,2022.0,ATL,151.0,2.0,0.05882353
2024,5,00-0037263,T.Allgeier,RB,ATL,TB,0,0,0.0,0,0.0,0.0,0.0,6,12.0,0,3,3,13.0,0,2.5,5.5,,,70.0,220.0,24.55970588235294,2.0,Brigham Young,2022.0,2022.0,ATL,151.0,6.0,0.055555556
2024,6,00-0037263,T.Allgeier,RB,ATL,CAR,0,0,0.0,0,0.0,0.0,0.0,18,105.0,1,1,1,3.0,0,18.8,19.8,,,70.0,220.0,24.55970588235294,2.0,Brigham Young,2022.0,2022.0,ATL,151.0,,0.03448276
2024,7,00-0037263,T.Allgeier,RB,ATL,SEA,0,0,0.0,0,0.0,0.0,0.0,5,36.0,0,1,1,9.0,0,4.5,5.5,,,70.0,220.0,24.55970588235294,2.0,Brigham Young,2022.0,2022.0,ATL,151.0,-20.0,0.027777778
2024,8,00-0037263,T.Allgeier,RB,ATL,TB,0,0,0.0,0,0.0,0.0,0.0,12,33.0,0,0,0,0.0,0,3.3,3.3,,,70.0,220.0,24.55970588235294,2.0,Brigham Young,2022.0,2022.0,ATL,151.0,,
2024,9,00-0037263,T.Allgeier,RB,ATL,DAL,0,0,0.0,0,0.0,0.0,0.0,6,18.0,1,0,0,0.0,0,7.8,7.8,,,70.0,220.0,24.55970588235294,2.0,Brigham Young,2022.0,2022.0,ATL,151.0,6.0,
2024,10,00-0037263,T.Allgeier,RB,ATL,NO,0,0,0.0,0,0.0,0.0,0.0,11,59.0,0,0,0,0.0,0,5.9,5.9,,,70.0,220.0,24.55970588235294,2.0,Brigham Young,2022.0,2022.0,ATL,151.0,,
2024,11,00-0037263,T.Allgeier,RB,ATL,DEN,0,0,0.0,0,0.0,0.0,0.0,0,0.0,0,1,1,-1.0,0,-0.1,0.9,,,70.0,220.0,24.55970588235294,2.0,Brigham Young,2022.0,2022.0,ATL,151.0,,0.03448276
2024,13,00-0037263,T.Allgeier,RB,ATL,LAC,0,0,0.0,0,0.0,0.0,0.0,8,16.0,0,1,1,6.0,0,2.2,3.2,,,70.0,220.0,24.55970588235294,2.0,Brigham Young,2022.0,2022.0,ATL,151.0,-4.0,0.02631579
2024,14,00-0037263,T.Allgeier,RB,ATL,MIN,0,0,0.0,0,0.0,0.0,0.0,9,63.0,1,0,0,0.0,0,12.3,12.3,,,70.0,220.0,24.55970588235294,2.0,Brigham Young,2022.0,2022.0,ATL,151.0,,
2024,15,00-0037263,T.Allgeier,RB,ATL,LV,0,0,0.0,0,0.0,0.0,0.0,12,43.0,0,0,0,0.0,0,4.3,4.3,,,70.0,220.0,24.55970588235294,2.0,Brigham Young,2022.0,2022.0,ATL,151.0,,
2024,16,00-0037263,T.Allgeier,RB,ATL,NYG,0,0,0.0,0,0.0,0.0,0.0,11,22.0,0,1,1,9.0,0,3.1,4.1,,,70.0,220.0,24.55970588235294,2.0,Brigham Young,2022.0,2022.0,ATL,151.0,27.0,0.03846154
2024,17,00-0037263,T.Allgeier,RB,ATL,WAS,0,0,0.0,0,0.0,0.0,0.0,3,19.0,0,0,0,0.0,0,1.9,1.9,,,70.0,220.0,24.55970588235294,2.0,Brigham Young,2022.0,2022.0,ATL,151.0,,
2024,18,00-0037263,T.Allgeier,RB,ATL,CAR,0,0,0.0,0,0.0,0.0,0.0,9,52.0,0,2,2,17.0,0,6.9,8.9,,,70.0,220.0,24.55970588235294,2.0,Brigham Young,2022.0,2022.0,ATL,151.0,-6.0,0.054054055
2024,1,00-0037267,J.Ford,RB,CLE,DAL,0,0,0.0,0,0.0,0.0,0.0,12,44.0,1,7,6,25.0,0,12.9,18.9,,,70.0,220.0,25.15294117647059,2.0,Cincinnati,2022.0,2022.0,CLE,156.0,-16.0,0.1627907
2024,2,00-0037267,J.Ford,RB,CLE,JAX,0,0,0.0,0,0.0,0.0,0.0,7,64.0,0,2,1,0.0,0,6.4,7.4,,,70.0,220.0,25.15294117647059,2.0,Cincinnati,2022.0,2022.0,CLE,156.0,,0.060606062
2024,3,00-0037267,J.Ford,RB,CLE,NYG,0,0,0.0,0,0.0,0.0,0.0,10,37.0,0,4,3,33.0,0,7.0,10.0,,,70.0,220.0,25.15294117647059,2.0,Cincinnati,2022.0,2022.0,CLE,156.0,-6.0,0.114285715
2024,4,00-0037267,J.Ford,RB,CLE,LV,0,0,0.0,0,0.0,0.0,0.0,10,58.0,0,7,7,27.0,0,8.5,15.5,,,70.0,220.0,25.15294117647059,2.0,Cincinnati,2022.0,2022.0,CLE,156.0,,0.21875
2024,5,00-0037267,J.Ford,RB,CLE,WAS,0,0,0.0,0,0.0,0.0,0.0,9,47.0,0,3,3,2.0,0,4.9,7.9,,,70.0,220.0,25.15294117647059,2.0,Cincinnati,2022.0,2022.0,CLE,156.0,,0.10714286
2024,6,00-0037267,J.Ford,RB,CLE,PHI,0,0,0.0,0,0.0,0.0,0.0,2,14.0,0,0,0,0.0,0,1.4,1.4,,,70.0,220.0,25.15294117647059,2.0,Cincinnati,2022.0,2022.0,CLE,156.0,,
2024,9,00-0037267,J.Ford,RB,CLE,LAC,0,0,0.0,0,0.0,0.0,0.0,2,5.0,0,3,1,2.0,0,0.7,1.7,,,70.0,220.0,25.15294117647059,2.0,Cincinnati,2022.0,2022.0,CLE,156.0,-17.0,0.06521739
2024,11,00-0037267,J.Ford,RB,CLE,NO,0,0,0.0,0,0.0,0.0,0.0,5,10.0,0,4,4,29.0,0,3.9,7.9,,,70.0,220.0,25.15294117647059,2.0,Cincinnati,2022.0,2022.0,CLE,156.0,,0.08888889
2024,12,00-0037267,J.Ford,RB,CLE,PIT,0,0,0.0,0,0.0,0.0,0.0,4,19.0,0,1,1,8.0,0,2.7,3.7,,,70.0,220.0,25.15294117647059,2.0,Cincinnati,2022.0,2022.0,CLE,156.0,5.0,0.037037037
2024,13,00-0037267,J.Ford,RB,CLE,DEN,0,0,0.0,0,0.0,0.0,0.0,9,41.0,0,1,1,21.0,0,6.2,7.2,,,70.0,220.0,25.15294117647059,2.0,Cincinnati,2022.0,2022.0,CLE,156.0,,0.01754386
2024,14,00-0037267,J.Ford,RB,CLE,PIT,0,0,0.0,0,0.0,0.0,0.0,10,28.0,0,4,3,19.0,0,4.7,7.7,,,70.0,220.0,25.15294117647059,2.0,Cincinnati,2022.0,2022.0,CLE,156.0,,0.10810811
2024,15,00-0037267,J.Ford,RB,CLE,KC,0,0,0.0,0,0.0,0.0,0.0,7,84.0,1,2,2,20.0,0,16.4,18.4,,,70.0,220.0,25.15294117647059,2.0,Cincinnati,2022.0,2022.0,CLE,156.0,-14.0,0.0625
2024,16,00-0037267,J.Ford,RB,CLE,CIN,0,0,0.0,0,0.0,0.0,0.0,11,92.0,1,5,5,39.0,0,19.1,24.1,,,70.0,220.0,25.15294117647059,2.0,Cincinnati,2022.0,2022.0,CLE,156.0,,0.16129032
2024,17,00-0037267,J.Ford,RB,CLE,MIA,0,0,0.0,0,0.0,0.0,0.0,6,22.0,0,0,0,0.0,0,2.2,2.2,,,70.0,220.0,25.15294117647059,2.0,Cincinnati,2022.0,2022.0,CLE,156.0,-17.0,
2024,1,00-0037276,T.Chandler,RB,MIN,NYG,0,0,0.0,0,0.0,0.0,0.0,8,17.0,0,3,3,25.0,0,4.2,7.2,,,71.0,210.0,26.503777777777778,2.0,North Carolina,2022.0,2022.0,MIN,169.0,,0.13043478
2024,2,00-0037276,T.Chandler,RB,MIN,SF,0,0,0.0,0,0.0,1.0,1.0,10,82.0,0,0,0,0.0,0,8.2,8.2,,,71.0,210.0,26.503777777777778,2.0,North Carolina,2022.0,2022.0,MIN,169.0,6.0,
2024,3,00-0037276,T.Chandler,RB,MIN,HOU,0,0,0.0,0,0.0,0.0,0.0,7,13.0,0,0,0,0.0,0,1.3,1.3,,,71.0,210.0,26.503777777777778,2.0,North Carolina,2022.0,2022.0,MIN,169.0,27.0,
2024,4,00-0037276,T.Chandler,RB,MIN,GB,0,0,0.0,0,0.0,0.0,0.0,3,5.0,0,1,1,8.0,0,1.3,2.3,,,71.0,210.0,26.503777777777778,2.0,North Carolina,2022.0,2022.0,MIN,169.0,,0.037037037
2024,5,00-0037276,T.Chandler,RB,MIN,NYJ,0,0,0.0,0,0.0,0.0,0.0,14,30.0,0,2,2,9.0,0,3.9,5.9,,,71.0,210.0,26.503777777777778,2.0,North Carolina,2022.0,2022.0,MIN,169.0,6.0,0.071428575
2024,7,00-0037276,T.Chandler,RB,MIN,DET,0,0,0.0,0,0.0,0.0,0.0,2,4.0,0,0,0,0.0,0,0.4,0.4,,,71.0,210.0,26.503777777777778,2.0,North Carolina,2022.0,2022.0,MIN,169.0,-2.0,
2024,10,00-0037276,T.Chandler,RB,MIN,JAX,0,0,0.0,0,0.0,0.0,0.0,4,18.0,0,0,0,0.0,0,1.8,1.8,,,71.0,210.0,26.503777777777778,2.0,North Carolina,2022.0,2022.0,MIN,169.0,,
2024,13,00-0037276,T.Chandler,RB,MIN,ARI,0,0,0.0,0,0.0,0.0,0.0,2,2.0,0,0,0,0.0,0,0.2,0.2,,,71.0,210.0,26.503777777777778,2.0,North Carolina,2022.0,2022.0,MIN,169.0,1.0,
2024,15,00-0037276,T.Chandler,RB,MIN,CHI,0,0,0.0,0,0.0,0.0,0.0,1,4.0,0,0,0,0.0,0,0.4,0.4,,,71.0,210.0,26.503777777777778,2.0,North Carolina,2022.0,2022.0,MIN,169.0,18.0,
2024,17,00-0037276,T.Chandler,RB,MIN,GB,0,0,0.0,0,0.0,0.0,0.0,5,7.0,0,0,0,0.0,0,0.7,0.7,,,71.0,210.0,26.503777777777778,2.0,North Carolina,2022.0,2022.0,MIN,169.0,2.0,
2024,20,00-0037284,M.Araiza,P,KC,HOU,0,0,0.0,0,0.0,0.0,0.0,1,-18.0,0,0,0,0.0,0,-1.8,-1.8,,,74.0,200.0,24.5139,2.0,San Diego State,2022.0,2022.0,BUF,180.0,9.0,
2024,11,00-0037287,V.Lowe,T,NE,LA,0,0,0.0,0,0.0,0.0,0.0,0,0.0,0,1,1,4.0,1,6.4,7.4,,,77.0,320.0,25.553411764705885,2.0,Illinois,2022.0,2022.0,MIN,184.0,-6.0,0.027027028
2024,1,00-0037291,J.Nailor,WR,MIN,NYG,0,0,0.0,0,0.0,0.0,0.0,0,0.0,0,1,1,21.0,1,8.1,9.1,,,72.0,191.0,25.698833333333333,2.0,Michigan State,2022.0,2022.0,MIN,191.0,,0.04347826
2024,2,00-0037291,J.Nailor,WR,MIN,SF,0,0,0.0,0,0.0,0.0,0.0,0,0.0,0,4,3,54.0,1,11.4,14.4,,,72.0,191.0,25.698833333333333,2.0,Michigan State,2022.0,2022.0,MIN,191.0,6.0,0.16666667
2024,3,00-0037291,J.Nailor,WR,MIN,HOU,0,0,0.0,0,0.0,0.0,0.0,1,3.0,0,4,3,31.0,1,9.4,12.4,,,72.0,191.0,25.698833333333333,2.0,Michigan State,2022.0,2022.0,MIN,191.0,27.0,0.16
2024,4,00-0037291,J.Nailor,WR,MIN,GB,0,0,0.0,0,0.0,0.0,0.0,1,0.0,0,2,1,31.0,0,3.1,4.1,,,72.0,191.0,25.698833333333333,2.0,Michigan State,2022.0,2022.0,MIN,191.0,,0.074074075
2024,7,00-0037291,J.Nailor,WR,MIN,DET,0,0,0.0,0,0.0,0.0,0.0,0,0.0,0,5,4,76.0,0,7.6,11.6,,,72.0,191.0,25.698833333333333,2.0,Michigan State,2022.0,2022.0,MIN,191.0,-2.0,0.1923077
2024,8,00-0037291,J.Nailor,WR,MIN,LA,0,0,0.0,0,0.0,0.0,0.0,0,0.0,0,4,2,16.0,0,1.6,3.6,,,72.0,191.0,25.698833333333333,2.0,Michigan State,2022.0,2022.0,MIN,191.0,,0.17391305
2024,9,00-0037291,J.Nailor,WR,MIN,IND,0,0,0.0,0,0.0,0.0,0.0,0,0.0,0,1,1,7.0,1,6.7,7.7,,,72.0,191.0,25.698833333333333,2.0,Michigan State,2022.0,2022.0,MIN,191.0,8.0,0.030303031
2024,10,00-0037291,J.Nailor,WR,MIN,JAX,0,0,0.0,0,0.0,0.0,0.0,1,-7.0,0,3,1,11.0,0,0.4,1.4,,,72.0,191.0,25.698833333333333,2.0,Michigan State,2022.0,2022.0,MIN,191.0,,0.08108108
2024,11,00-0037291,J.Nailor,WR,MIN,TEN,0,0,0.0,0,0.0,0.0,0.0,0,0.0,0,2,0,0.0,0,0.0,0.0,,,72.0,191.0,25.698833333333333,2.0,Michigan State,2022.0,2022.0,MIN,191.0,,0.06666667
2024,12,00-0037291,J.Nailor,WR,MIN,CHI,0,0,0.0,0,0.0,0.0,0.0,0,0.0,0,2,1,5.0,1,6.5,7.5,,,72.0,191.0,25.698833333333333,2.0,Michigan State,2022.0,2022.0,MIN,191.0,,0.0625
2024,13,00-0037291,J.Nailor,WR,MIN,ARI,0,0,0.0,0,0.0,0.0,0.0,0,0.0,0,2,1,18.0,0,1.8,2.8,,,72.0,191.0,25.698833333333333,2.0,Michigan State,2022.0,2022.0,MIN,191.0,1.0,0.06666667
2024,15,00-0037291,J.Nailor,WR,MIN,CHI,0,0,0.0,0,0.0,0.0,0.0,0,0.0,0,1,1,5.0,0,0.5,1.5,,,72.0,191.0,25.698833333333333,2.0,Michigan State,2022.0,2022.0,MIN,191.0,18.0,0.027027028
2024,16,00-0037291,J.Nailor,WR,MIN,SEA,0,0,0.0,0,0.0,0.0,0.0,0,0.0,0,2,1,5.0,0,0.5,1.5,,,72.0,191.0,25.698833333333333,2.0,Michigan State,2022.0,2022.0,MIN,191.0,,0.057142857
2024,17,00-0037291,J.Nailor,WR,MIN,GB,0,0,0.0,0,0.0,0.0,0.0,0,0.0,0,5,5,81.0,1,14.1,19.1,,,72.0,191.0,25.698833333333333,2.0,Michigan State,2022.0,2022.0,MIN,191.0,2.0,0.12195122
2024,18,00-0037291,J.Nailor,WR,MIN,DET,0,0,0.0,0,0.0,0.0,0.0,0,0.0,0,4,3,53.0,0,5.3,8.3,,,72.0,191.0,25.698833333333333,2.0,Michigan State,2022.0,2022.0,MIN,191.0,,0.10526316
2024,19,00-0037291,J.Nailor,WR,MIN,LA,0,0,0.0,0,0.0,0.0,0.0,0,0.0,0,5,3,33.0,0,3.3,6.3,,,72.0,191.0,25.698833333333333,2.0,Michigan State,2022.0,2022.0,MIN,191.0,,0.125
2024,2,00-0037292,A.Ogletree,TE,IND,GB,0,0,0.0,0,0.0,0.0,0.0,0,0.0,0,2,1,12.0,0,1.2,2.2,,,77.0,250.0,26.27423529411765,2.0,Youngstown State,2022.0,2022.0,IND,192.0,,0.06451613
2024,4,00-0037292,A.Ogletree,TE,IND,PIT,0,0,0.0,0,0.0,0.0,0.0,0,0.0,0,1,1,15.0,1,7.5,8.5,,,77.0,250.0,26.27423529411765,2.0,Youngstown State,2022.0,2022.0,IND,192.0,3.0,0.035714287
2024,5,00-0037292,A.Ogletree,TE,IND,JAX,0,0,0.0,0,0.0,0.0,0.0,0,0.0,0,1,1,5.0,0,0.5,1.5,,,77.0,250.0,26.27423529411765,2.0,Youngstown State,2022.0,2022.0,IND,192.0,,0.022222223
2024,6,00-0037292,A.Ogletree,TE,IND,TEN,0,0,0.0,0,0.0,0.0,0.0,0,0.0,0,2,2,24.0,0,2.4,4.4,,,77.0,250.0,26.27423529411765,2.0,Youngstown State,2022.0,2022.0,IND,192.0,,0.055555556
2024,7,00-0037292,A.Ogletree,TE,IND,MIA,0,0,0.0,0,0.0,0.0,0.0,0,0.0,0,1,0,0.0,0,0.0,0.0,,,77.0,250.0,26.27423529411765,2.0,Youngstown State,2022.0,2022.0,IND,192.0,6.0,0.045454547
2024,10,00-0037292,A.Ogletree,TE,IND,BUF,0,0,0.0,0,0.0,0.0,0.0,0,0.0,0,1,1,2.0,0,0.2,1.2,,,77.0,250.0,26.27423529411765,2.0,Youngstown State,2022.0,2022.0,IND,192.0,-10.0,0.028571429
2024,11,00-0037292,A.Ogletree,TE,IND,NYJ,0,0,0.0,0,0.0,0.0,0.0,0,0.0,0,1,1,8.0,0,0.8,1.8,,,77.0,250.0,26.27423529411765,2.0,Youngstown State,2022.0,2022.0,IND,192.0,,0.035714287
2024,12,00-0037292,A.Ogletree,TE,IND,DET,0,0,0.0,0,0.0,0.0,0.0,0,0.0,0,1,0,0.0,0,0.0,0.0,,,77.0,250.0,26.27423529411765,2.0,Youngstown State,2022.0,2022.0,IND,192.0,-18.0,0.04
2024,13,00-0037292,A.Ogletree,TE,IND,NE,0,0,0.0,0,0.0,0.0,0.0,0,0.0,0,2,1,22.0,0,2.2,3.2,,,77.0,250.0,26.27423529411765,2.0,Youngstown State,2022.0,2022.0,IND,192.0,,0.083333336
2024,16,00-0037292,A.Ogletree,TE,IND,TEN,0,0,0.0,0,0.0,0.0,0.0,0,0.0,0,1,0,0.0,0,0.0,0.0,,,77.0,250.0,26.27423529411765,2.0,Youngstown State,2022.0,2022.0,IND,192.0,8.0,0.09090909
2024,18,00-0037292,A.Ogletree,TE,IND,JAX,0,0,0.0,0,0.0,0.0,0.0,0,0.0,0,1,1,21.0,0,2.1,3.1,,,77.0,250.0,26.27423529411765,2.0,Youngstown State,2022.0,2022.0,IND,192.0,3.0,0.025641026
2024,13,00-0037300,M.Woods,WR,CLE,DEN,0,0,0.0,0,0.0,0.0,0.0,0,0.0,0,5,3,43.0,0,4.3,7.3,,,73.0,196.0,24.635470588235293,2.0,Oklahoma,2022.0,2022.0,CLE,202.0,,0.0877193
2024,14,00-0037300,M.Woods,WR,CLE,PIT,0,0,0.0,0,0.0,0.0,0.0,0,0.0,0,3,1,12.0,0,1.2,2.2,,,73.0,196.0,24.635470588235293,2.0,Oklahoma,2022.0,2022.0,CLE,202.0,,0.08108108
2024,15,00-0037300,M.Woods,WR,CLE,KC,0,0,0.0,0,0.0,0.0,0.0,0,0.0,0,3,2,7.0,0,0.7,2.7,,,73.0,196.0,24.635470588235293,2.0,Oklahoma,2022.0,2022.0,CLE,202.0,-14.0,0.09375
2024,16,00-0037300,M.Woods,WR,CLE,CIN,0,0,0.0,0,0.0,0.0,0.0,0,0.0,0,3,0,0.0,0,0.0,0.0,,,73.0,196.0,24.635470588235293,2.0,Oklahoma,2022.0,2022.0,CLE,202.0,,0.09677419
2024,17,00-0037300,M.Woods,WR,CLE,MIA,0,0,0.0,0,0.0,0.0,0.0,0,0.0,0,3,1,3.0,0,0.3,1.3,,,73.0,196.0,24.635470588235293,2.0,Oklahoma,2022.0,2022.0,CLE,202.0,-17.0,0.069767445
2024,3,00-0037304,C.Heyward,TE,PIT,LAC,0,0,0.0,0,0.0,0.0,0.0,0,0.0,0,1,1,2.0,0,0.2,1.2,,,72.0,230.0,25.801277777777777,2.0,Michigan State,2022.0,2022.0,PIT,208.0,10.0,0.032258064
2024,5,00-0037304,C.Heyward,TE,PIT,DAL,0,0,0.0,0,0.0,0.0,0.0,0,0.0,0,4,2,23.0,1,8.3,10.3,,,72.0,230.0,25.801277777777777,2.0,Michigan State,2022.0,2022.0,PIT,208.0,-3.0,0.15384616
2024,6,00-0037304,C.Heyward,TE,PIT,LV,0,0,0.0,0,0.0,0.0,0.0,0,0.0,0,1,1,4.0,0,0.4,1.4,,,72.0,230.0,25.801277777777777,2.0,Michigan State,2022.0,2022.0,PIT,208.0,,0.04347826
2024,16,00-0037304,C.Heyward,TE,PIT,BAL,0,0,0.0,0,0.0,0.0,0.0,0,0.0,0,1,1,3.0,0,0.3,1.3,,,72.0,230.0,25.801277777777777,2.0,Michigan State,2022.0,2022.0,PIT,208.0,,0.03846154
2024,17,00-0037304,C.Heyward,TE,PIT,KC,0,0,0.0,0,0.0,0.0,0.0,0,0.0,0,1,1,8.0,0,0.8,1.8,,,72.0,230.0,25.801277777777777,2.0,Michigan State,2022.0,2022.0,PIT,208.0,-19.0,0.028571429
2024,12,00-0037306,J.FitzPatrick,TE,GB,SF,0,0,0.0,0,0.0,0.0,0.0,0,0.0,0,1,1,2.0,0,0.2,1.2,,,79.0,250.0,24.672444444444444,2.0,Georgia,2022.0,2022.0,ATL,213.0,28.0,0.045454547
2024,18,00-0037324,C.Oladokun,QB,KC,DEN,0,0,0.0,0,0.0,1.0,5.0,1,5.0,0,0,0,0.0,0,0.5,0.5,,,73.0,195.0,27.259200000000003,2.0,South Dakota State,2022.0,2022.0,PIT,241.0,,
2024,2,00-0037327,S.Thompson,QB,MIA,BUF,8,14,80.0,0,0.0,1.0,7.0,1,4.0,0,0,0,0.0,0,3.6,3.6,,,74.0,221.0,27.429764705882352,2.0,Kansas State,2022.0,2022.0,MIA,247.0,-21.0,
2024,3,00-0037327,S.Thompson,QB,MIA,SEA,13,19,107.0,0,0.0,5.0,37.0,0,0.0,0,0,0,0.0,0,4.28,4.28,,,74.0,221.0,27.429764705882352,2.0,Kansas State,2022.0,2022.0,MIA,247.0,,
2024,3,00-0037348,T.Conner,WR,MIA,SEA,0,0,0.0,0,0.0,0.0,0.0,0,0.0,0,2,1,1.0,0,0.1,1.1,,,75.0,223.0,26.638529411764708,2.0,Idaho State,2022.0,2022.0,,,,0.06451613
2024,4,00-0037348,T.Conner,WR,MIA,TEN,0,0,0.0,0,0.0,0.0,0.0,0,0.0,0,2,2,15.0,0,1.5,3.5,,,75.0,223.0,26.638529411764708,2.0,Idaho State,2022.0,2022.0,,,-19.0,0.0952381
2024,5,00-0037382,B.Johnson,WR,PIT,DAL,0,0,0.0,0,0.0,0.0,0.0,0,0.0,0,1,1,9.0,0,0.9,1.9,,,74.0,186.0,26.293999999999997,2.0,Central Florida,2022.0,2022.0,,,-3.0,0.03846154
2024,9,00-0037422,K.Pryor,WR,CIN,LV,0,0,0.0,0,0.0,0.0,0.0,0,0.0,0,1,1,9.0,0,0.9,1.9,,,71.0,189.0,26.831647058823528,2.0,Wisconsin,2022.0,2022.0,,,17.0,0.027027028
2024,16,00-0037429,R.Blackshear,RB,CAR,ARI,0,0,0.0,0,0.0,0.0,0.0,3,13.0,0,0,0,0.0,0,1.3,1.3,,,69.0,194.0,26.42264705882353,2.0,Virginia Tech,2022.0,2022.0,,,6.0,
2024,17,00-0037429,R.Blackshear,RB,CAR,TB,0,0,0.0,0,0.0,0.0,0.0,8,20.0,0,0,0,0.0,0,2.0,2.0,,,69.0,194.0,26.42264705882353,2.0,Virginia Tech,2022.0,2022.0,,,,
2024,18,00-0037429,R.Blackshear,RB,CAR,ATL,0,0,0.0,0,0.0,0.0,0.0,4,47.0,0,0,0,0.0,0,4.7,4.7,,,69.0,194.0,26.42264705882353,2.0,Virginia Tech,2022.0,2022.0,,,,
2024,4,00-0037450,T.McAllister,RB,LV,CLE,0,0,0.0,0,0.0,0.0,0.0,2,11.0,0,0,0,0.0,0,1.1,1.1,,,70.0,174.0,26.585176470588234,2.0,"Charleston, W. Va.",2022.0,2022.0,,,4.0,
2024,6,00-0037475,S.Smartt,TE,LAC,DEN,0,0,0.0,0,0.0,0.0,0.0,0,0.0,0,1,1,10.0,0,1.0,2.0,,,76.0,232.0,26.1075,2.0,Old Dominion,2022.0,2022.0,,,,0.032258064
2024,7,00-0037475,S.Smartt,TE,LAC,ARI,0,0,0.0,0,0.0,0.0,0.0,0,0.0,0,2,1,31.0,0,3.1,4.1,,,76.0,232.0,26.1075,2.0,Old Dominion,2022.0,2022.0,,,,0.054054055
2024,13,00-0037475,S.Smartt,TE,LAC,ATL,0,0,0.0,0,0.0,0.0,0.0,0,0.0,0,2,1,3.0,0,0.3,1.3,,,76.0,232.0,26.1075,2.0,Old Dominion,2022.0,2022.0,,,,0.083333336
2024,14,00-0037475,S.Smartt,TE,LAC,KC,0,0,0.0,0,0.0,0.0,0.0,0,0.0,0,3,3,54.0,0,5.4,8.4,,,76.0,232.0,26.1075,2.0,Old Dominion,2022.0,2022.0,,,,0.10344828
2024,15,00-0037475,S.Smartt,TE,LAC,TB,0,0,0.0,0,0.0,0.0,0.0,0,0.0,0,6,5,50.0,0,3.0,8.0,,,76.0,232.0,26.1075,2.0,Old Dominion,2022.0,2022.0,,,-23.0,0.1875
2024,16,00-0037475,S.Smartt,TE,LAC,DEN,0,0,0.0,0,0.0,0.0,0.0,0,0.0,0,3,3,37.0,0,3.7,6.7,,,76.0,232.0,26.1075,2.0,Old Dominion,2022.0,2022.0,,,7.0,0.1
2024,17,00-0037475,S.Smartt,TE,LAC,NE,0,0,0.0,0,0.0,0.0,0.0,0,0.0,0,2,2,23.0,0,2.3,4.3,,,76.0,232.0,26.1075,2.0,Old Dominion,2022.0,2022.0,,,,0.05
2024,9,00-0037487,D.Thompkins,WR,CAR,NO,0,0,0.0,0,0.0,0.0,0.0,1,-2.0,0,0,0,0.0,0,-0.2,-0.2,,,68.0,155.0,24.89942857142857,2.0,Utah State,2022.0,2022.0,,,1.0,
2024,12,00-0037487,D.Thompkins,WR,CAR,KC,0,0,0.0,0,0.0,0.0,0.0,0,0.0,0,3,3,13.0,0,1.3,4.3,,,68.0,155.0,24.89942857142857,2.0,Utah State,2022.0,2022.0,,,-3.0,0.09090909
2024,14,00-0037487,D.Thompkins,WR,CAR,PHI,0,0,0.0,0,0.0,0.0,0.0,0,0.0,0,1,1,7.0,0,0.7,1.7,,,68.0,155.0,24.89942857142857,2.0,Utah State,2022.0,2022.0,,,,0.030303031
2024,16,00-0037487,D.Thompkins,WR,CAR,ARI,0,0,0.0,0,0.0,0.0,0.0,1,9.0,0,0,0,0.0,0,0.9,0.9,,,68.0,155.0,24.89942857142857,2.0,Utah State,2022.0,2022.0,,,6.0,
2024,17,00-0037491,J.Russell,ILB,TB,TB,0,0,0.0,0,0.0,0.0,0.0,0,0.0,0,0,0,0.0,0,6.0,6.0,,,73.0,225.0,26.0795,2.0,Memphis,2022.0,2022.0,,,34.0,
2024,12,00-0037509,S.McCormick,RB,LV,DEN,0,0,0.0,0,0.0,0.0,0.0,5,33.0,0,0,0,0.0,0,3.3,3.3,,,69.0,205.0,24.156764705882352,2.0,Texas-San Antonio,2022.0,2022.0,,,-10.0,
2024,13,00-0037509,S.McCormick,RB,LV,KC,0,0,0.0,0,0.0,0.0,0.0,12,64.0,0,2,2,1.0,0,6.5,8.5,,,69.0,205.0,24.156764705882352,2.0,Texas-San Antonio,2022.0,2022.0,,,,0.05882353
2024,14,00-0037509,S.McCormick,RB,LV,TB,0,0,0.0,0,0.0,0.0,0.0,15,78.0,0,3,2,11.0,0,8.9,10.9,,,69.0,205.0,24.156764705882352,2.0,Texas-San Antonio,2022.0,2022.0,,,,0.08571429
2024,15,00-0037509,S.McCormick,RB,LV,ATL,0,0,0.0,0,0.0,0.0,0.0,7,8.0,0,2,2,17.0,0,2.5,4.5,,,69.0,205.0,24.156764705882352,2.0,Texas-San Antonio,2022.0,2022.0,,,-6.0,0.05882353
2024,18,00-0037524,T.Martin,WR,TEN,HOU,0,0,0.0,0,0.0,0.0,0.0,0,0.0,0,2,1,49.0,1,10.9,11.9,,,75.0,186.0,26.903352941176472,2.0,Oklahoma State,2022.0,2022.0,,,-9.0,0.07692308
2024,1,00-0037525,J.Mason,RB,SF,NYJ,0,0,0.0,0,0.0,0.0,0.0,28,147.0,1,1,1,5.0,0,21.2,22.2,,,71.0,218.0,25.45776470588235,2.0,Georgia Tech,2022.0,2022.0,,,13.0,0.03448276
2024,2,00-0037525,J.Mason,RB,SF,MIN,0,0,0.0,0,0.0,0.0,0.0,20,100.0,1,1,1,4.0,0,16.4,17.4,,,71.0,218.0,25.45776470588235,2.0,Georgia Tech,2022.0,2022.0,,,,0.027777778
2024,3,00-0037525,J.Mason,RB,SF,LA,0,0,0.0,0,0.0,0.0,0.0,19,77.0,0,2,2,11.0,0,8.8,10.8,,,71.0,218.0,25.45776470588235,2.0,Georgia Tech,2022.0,2022.0,,,,0.06666667
2024,4,00-0037525,J.Mason,RB,SF,NE,0,0,0.0,0,0.0,0.0,0.0,24,123.0,1,3,2,37.0,0,22.0,24.0,,,71.0,218.0,25.45776470588235,2.0,Georgia Tech,2022.0,2022.0,,,17.0,0.115384616
2024,5,00-0037525,J.Mason,RB,SF,ARI,0,0,0.0,0,0.0,0.0,0.0,14,89.0,0,1,1,9.0,0,7.8,8.8,,,71.0,218.0,25.45776470588235,2.0,Georgia Tech,2022.0,2022.0,,,-1.0,0.03125
2024,6,00-0037525,J.Mason,RB,SF,SEA,0,0,0.0,0,0.0,0.0,0.0,9,73.0,0,2,1,9.0,0,8.2,9.2,,,71.0,218.0,25.45776470588235,2.0,Georgia Tech,2022.0,2022.0,,,,0.074074075
2024,7,00-0037525,J.Mason,RB,SF,KC,0,0,0.0,0,0.0,0.0,0.0,14,58.0,0,2,2,11.0,0,6.9,8.9,,,71.0,218.0,25.45776470588235,2.0,Georgia Tech,2022.0,2022.0,,,-10.0,0.06451613
2024,8,00-0037525,J.Mason,RB,SF,DAL,0,0,0.0,0,0.0,0.0,0.0,6,18.0,0,0,0,0.0,0,1.8,1.8,,,71.0,218.0,25.45776470588235,2.0,Georgia Tech,2022.0,2022.0,,,6.0,
2024,10,00-0037525,J.Mason,RB,SF,TB,0,0,0.0,0,0.0,0.0,0.0,1,5.0,0,0,0,0.0,0,0.5,0.5,,,71.0,218.0,25.45776470588235,2.0,Georgia Tech,2022.0,2022.0,,,,
2024,11,00-0037525,J.Mason,RB,SF,SEA,0,0,0.0,0,0.0,0.0,0.0,2,13.0,0,0,0,0.0,0,1.3,1.3,,,71.0,218.0,25.45776470588235,2.0,Georgia Tech,2022.0,2022.0,,,-3.0,
2024,12,00-0037525,J.Mason,RB,SF,GB,0,0,0.0,0,0.0,0.0,0.0,3,8.0,0,2,1,5.0,0,1.3,2.3,,,71.0,218.0,25.45776470588235,2.0,Georgia Tech,2022.0,2022.0,,,,0.07692308
2024,13,00-0037525,J.Mason,RB,SF,BUF,0,0,0.0,0,0.0,0.0,0.0,13,78.0,0,0,0,0.0,0,7.8,7.8,,,71.0,218.0,25.45776470588235,2.0,Georgia Tech,2022.0,2022.0,,,,
2024,5,00-0037539,L.Krull,TE,DEN,LV,0,0,0.0,0,0.0,0.0,0.0,0,0.0,0,1,1,5.0,0,0.5,1.5,,,78.0,260.0,26.330277777777777,2.0,Pittsburgh,2022.0,2022.0,,,16.0,0.03846154
2024,6,00-0037539,L.Krull,TE,DEN,LAC,0,0,0.0,0,0.0,0.0,0.0,0,0.0,0,4,2,11.0,0,1.1,3.1,,,78.0,260.0,26.330277777777777,2.0,Pittsburgh,2022.0,2022.0,,,-7.0,0.125
2024,7,00-0037539,L.Krull,TE,DEN,NO,0,0,0.0,0,0.0,0.0,0.0,0,0.0,0,4,3,41.0,0,4.1,7.1,,,78.0,260.0,26.330277777777777,2.0,Pittsburgh,2022.0,2022.0,,,,0.16
2024,8,00-0037539,L.Krull,TE,DEN,CAR,0,0,0.0,0,0.0,0.0,0.0,0,0.0,0,2,2,18.0,0,1.8,3.8,,,78.0,260.0,26.330277777777777,2.0,Pittsburgh,2022.0,2022.0,,,14.0,0.05263158
2024,9,00-0037539,L.Krull,TE,DEN,BAL,0,0,0.0,0,0.0,0.0,0.0,0,0.0,0,1,0,0.0,0,0.0,0.0,,,78.0,260.0,26.330277777777777,2.0,Pittsburgh,2022.0,2022.0,,,,0.030303031
2024,10,00-0037539,L.Krull,TE,DEN,KC,0,0,0.0,0,0.0,0.0,0.0,0,0.0,0,2,2,21.0,0,2.1,4.1,,,78.0,260.0,26.330277777777777,2.0,Pittsburgh,2022.0,2022.0,,,,0.071428575
2024,13,00-0037539,L.Krull,TE,DEN,CLE,0,0,0.0,0,0.0,0.0,0.0,0,0.0,0,3,3,24.0,0,2.4,5.4,,,78.0,260.0,26.330277777777777,2.0,Pittsburgh,2022.0,2022.0,,,9.0,0.09677419
2024,15,00-0037539,L.Krull,TE,DEN,IND,0,0,0.0,0,0.0,0.0,0.0,0,0.0,0,2,2,8.0,0,0.8,2.8,,,78.0,260.0,26.330277777777777,2.0,Pittsburgh,2022.0,2022.0,,,18.0,0.0625
2024,16,00-0037539,L.Krull,TE,DEN,LAC,0,0,0.0,0,0.0,0.0,0.0,0,0.0,0,3,3,21.0,0,2.1,5.1,,,78.0,260.0,26.330277777777777,2.0,Pittsburgh,2022.0,2022.0,,,,0.07692308
2024,17,00-0037539,L.Krull,TE,DEN,CIN,0,0,0.0,0,0.0,0.0,0.0,0,0.0,0,1,1,3.0,0,0.3,1.3,,,78.0,260.0,26.330277777777777,2.0,Pittsburgh,2022.0,2022.0,,,,0.032258064
2024,19,00-0037539,L.Krull,TE,DEN,BUF,0,0,0.0,0,0.0,0.0,0.0,0,0.0,0,1,1,2.0,0,0.2,1.2,,,78.0,260.0,26.330277777777777,2.0,Pittsburgh,2022.0,2022.0,,,,0.04347826
2024,1,00-0037545,R.Shaheed,WR,NO,CAR,0,0,0.0,0,0.0,0.0,0.0,0,0.0,0,5,3,73.0,1,13.3,16.3,,,72.0,180.0,26.183176470588233,2.0,Weber State,2022.0,2022.0,,,37.0,0.20833333
2024,2,00-0037545,R.Shaheed,WR,NO,DAL,0,0,0.0,0,0.0,0.0,0.0,3,13.0,0,4,4,96.0,1,16.9,20.9,,,72.0,180.0,26.183176470588233,2.0,Weber State,2022.0,2022.0,,,,0.26666668
2024,3,00-0037545,R.Shaheed,WR,NO,PHI,0,0,0.0,0,0.0,0.0,0.0,0,0.0,0,5,0,0.0,0,0.0,0.0,,,72.0,180.0,26.183176470588233,2.0,Weber State,2022.0,2022.0,,,-3.0,0.2173913
2024,4,00-0037545,R.Shaheed,WR,NO,ATL,0,0,0.0,0,0.0,0.0,0.0,2,14.0,0,11,8,83.0,0,9.7,17.7,,,72.0,180.0,26.183176470588233,2.0,Weber State,2022.0,2022.0,,,,0.30555555
2024,5,00-0037545,R.Shaheed,WR,NO,KC,0,0,0.0,0,0.0,0.0,0.0,0,0.0,0,9,4,86.0,1,14.6,18.6,,,72.0,180.0,26.183176470588233,2.0,Weber State,2022.0,2022.0,,,,0.28125
2024,6,00-0037545,R.Shaheed,WR,NO,TB,0,0,0.0,0,0.0,0.0,0.0,1,2.0,0,7,1,11.0,0,7.3,8.3,,,72.0,180.0,26.183176470588233,2.0,Weber State,2022.0,2022.0,,,-24.0,0.18421052
2024,1,00-0037557,R.Rivers,RB,LA,DET,0,0,0.0,0,0.0,0.0,0.0,2,16.0,0,0,0,0.0,0,1.6,1.6,,,69.0,190.0,25.790263157894735,2.0,Fresno State,2022.0,2022.0,,,,
2024,2,00-0037557,R.Rivers,RB,LA,ARI,0,0,0.0,0,0.0,0.0,0.0,0,0.0,0,1,1,0.0,0,0.0,1.0,,,69.0,190.0,25.790263157894735,2.0,Fresno State,2022.0,2022.0,,,,0.037037037
2024,3,00-0037557,R.Rivers,RB,LA,SF,0,0,0.0,0,0.0,0.0,0.0,2,9.0,0,0,0,0.0,0,0.9,0.9,,,69.0,190.0,25.790263157894735,2.0,Fresno State,2022.0,2022.0,,,3.0,
2024,4,00-0037557,R.Rivers,RB,LA,CHI,0,0,0.0,0,0.0,0.0,0.0,6,26.0,0,0,0,0.0,0,2.6,2.6,,,69.0,190.0,25.790263157894735,2.0,Fresno State,2022.0,2022.0,,,,
2024,18,00-0037557,R.Rivers,RB,LA,SEA,0,0,0.0,0,0.0,0.0,0.0,12,48.0,0,5,4,34.0,0,8.2,12.2,,,69.0,190.0,25.790263157894735,2.0,Fresno State,2022.0,2022.0,,,-5.0,0.125
2024,19,00-0037557,R.Rivers,RB,LA,MIN,0,0,0.0,0,0.0,0.0,0.0,3,8.0,0,0,0,0.0,0,0.8,0.8,,,69.0,190.0,25.790263157894735,2.0,Fresno State,2022.0,2022.0,,,18.0,
2024,9,00-0037569,P.Hendershot,TE,KC,TB,0,0,0.0,0,0.0,0.0,0.0,0,0.0,0,1,1,9.0,0,0.9,1.9,,,76.0,245.0,25.57895,2.0,Indiana,2022.0,2022.0,,,6.0,0.023809524
2024,10,00-0037569,P.Hendershot,TE,KC,DEN,0,0,0.0,0,0.0,0.0,0.0,0,0.0,0,1,1,6.0,0,0.6,1.6,,,76.0,245.0,25.57895,2.0,Indiana,2022.0,2022.0,,,2.0,0.025
2024,11,00-0037569,P.Hendershot,TE,KC,BUF,0,0,0.0,0,0.0,0.0,0.0,0,0.0,0,1,1,11.0,0,1.1,2.1,,,76.0,245.0,25.57895,2.0,Indiana,2022.0,2022.0,,,,0.032258064
2024,18,00-0037569,P.Hendershot,TE,KC,DEN,0,0,0.0,0,0.0,0.0,0.0,0,0.0,0,2,2,25.0,0,2.5,4.5,,,76.0,245.0,25.57895,2.0,Indiana,2022.0,2022.0,,,,0.11764706
2024,11,00-0037578,J.Thomas,FS,DAL,HOU,0,0,0.0,0,0.0,0.0,0.0,0,0.0,0,1,1,4.0,0,0.4,1.4,,,75.0,217.0,24.373117647058823,2.0,Georgia Tech,2022.0,2022.0,,,-24.0,0.018518519
2024,12,00-0037578,J.Thomas,FS,DAL,WAS,0,0,0.0,0,0.0,0.0,0.0,0,0.0,0,0,0,0.0,0,6.0,6.0,,,75.0,217.0,24.373117647058823,2.0,Georgia Tech,2022.0,2022.0,,,,
2024,6,00-0037594,J.Chestnut,RB,TEN,IND,0,0,0.0,0,0.0,0.0,0.0,1,2.0,0,0,0,0.0,0,0.2,0.2,,,71.0,215.0,24.03676470588235,2.0,Sacred Heart,2022.0,2022.0,,,-3.0,
2024,7,00-0037594,J.Chestnut,RB,TEN,BUF,0,0,0.0,0,0.0,0.0,0.0,3,15.0,0,1,1,9.0,0,2.4,3.4,,,71.0,215.0,24.03676470588235,2.0,Sacred Heart,2022.0,2022.0,,,,0.02631579
2024,8,00-0037594,J.Chestnut,RB,TEN,DET,0,0,0.0,0,0.0,0.0,0.0,7,32.0,0,0,0,0.0,0,3.2,3.2,,,71.0,215.0,24.03676470588235,2.0,Sacred Heart,2022.0,2022.0,,,,
2024,9,00-0037594,J.Chestnut,RB,TEN,NE,0,0,0.0,0,0.0,0.0,0.0,5,22.0,0,0,0,0.0,0,2.2,2.2,,,71.0,215.0,24.03676470588235,2.0,Sacred Heart,2022.0,2022.0,,,3.0,
2024,12,00-0037594,J.Chestnut,RB,TEN,HOU,0,0,0.0,0,0.0,0.0,0.0,1,3.0,0,1,1,2.0,0,0.5,1.5,,,71.0,215.0,24.03676470588235,2.0,Sacred Heart,2022.0,2022.0,,,,0.04
2024,17,00-0037594,J.Chestnut,RB,TEN,JAX,0,0,0.0,0,0.0,0.0,0.0,3,17.0,0,1,0,0.0,0,1.7,1.7,,,71.0,215.0,24.03676470588235,2.0,Sacred Heart,2022.0,2022.0,,,,0.033333335
2024,18,00-0037594,J.Chestnut,RB,TEN,HOU,0,0,0.0,0,0.0,0.0,0.0,2,11.0,0,0,0,0.0,0,1.1,1.1,,,71.0,215.0,24.03676470588235,2.0,Sacred Heart,2022.0,2022.0,,,-9.0,
2024,4,00-0037609,A.Shampklin,RB,PIT,IND,0,0,0.0,0,0.0,0.0,0.0,1,5.0,0,0,0,0.0,0,0.5,0.5,,,70.0,194.0,25.064777777777778,2.0,Harvard,2022.0,2022.0,,,,
2024,5,00-0037609,A.Shampklin,RB,PIT,DAL,0,0,0.0,0,0.0,0.0,0.0,4,14.0,0,0,0,0.0,0,1.4,1.4,,,70.0,194.0,25.064777777777778,2.0,Harvard,2022.0,2022.0,,,-3.0,
2024,6,00-0037609,A.Shampklin,RB,PIT,LV,0,0,0.0,0,0.0,0.0,0.0,1,-2.0,0,0,0,0.0,0,-0.2,-0.2,,,70.0,194.0,25.064777777777778,2.0,Harvard,2022.0,2022.0,,,,
2024,4,00-0037614,J.Metchie,WR,HOU,JAX,0,0,0.0,0,0.0,0.0,0.0,0,0.0,0,1,1,7.0,0,0.7,1.7,,,72.0,195.0,24.319631578947366,2.0,Alabama,2022.0,2022.0,HOU,44.0,4.0,0.025641026
2024,8,00-0037614,J.Metchie,WR,HOU,IND,0,0,0.0,0,0.0,0.0,0.0,0,0.0,0,4,3,29.0,0,2.9,5.9,,,72.0,195.0,24.319631578947366,2.0,Alabama,2022.0,2022.0,HOU,44.0,3.0,0.11111111
2024,9,00-0037614,J.Metchie,WR,HOU,NYJ,0,0,0.0,0,0.0,0.0,0.0,0,0.0,0,2,0,0.0,0,0.0,0.0,,,72.0,195.0,24.319631578947366,2.0,Alabama,2022.0,2022.0,HOU,44.0,,0.06896552
2024,10,00-0037614,J.Metchie,WR,HOU,DET,0,0,0.0,0,0.0,0.0,0.0,0,0.0,0,6,5,74.0,1,13.4,18.4,,,72.0,195.0,24.319631578947366,2.0,Alabama,2022.0,2022.0,HOU,44.0,-3.0,0.1875
2024,11,00-0037614,J.Metchie,WR,HOU,DAL,0,0,0.0,0,0.0,0.0,0.0,0,0.0,0,3,3,33.0,0,3.3,6.3,,,72.0,195.0,24.319631578947366,2.0,Alabama,2022.0,2022.0,HOU,44.0,,0.09090909
2024,12,00-0037614,J.Metchie,WR,HOU,TEN,0,0,0.0,0,0.0,0.0,0.0,0,0.0,0,3,1,6.0,0,0.6,1.6,,,72.0,195.0,24.319631578947366,2.0,Alabama,2022.0,2022.0,HOU,44.0,-5.0,0.09677419
2024,13,00-0037614,J.Metchie,WR,HOU,JAX,0,0,0.0,0,0.0,0.0,0.0,0,0.0,0,2,2,16.0,0,1.6,3.6,,,72.0,195.0,24.319631578947366,2.0,Alabama,2022.0,2022.0,HOU,44.0,,0.060606062
2024,15,00-0037614,J.Metchie,WR,HOU,MIA,0,0,0.0,0,0.0,0.0,0.0,0,0.0,0,4,2,17.0,0,1.7,3.7,,,72.0,195.0,24.319631578947366,2.0,Alabama,2022.0,2022.0,HOU,44.0,8.0,0.16
2024,17,00-0037614,J.Metchie,WR,HOU,BAL,0,0,0.0,0,0.0,0.0,0.0,0,0.0,0,8,5,48.0,0,4.8,9.8,,,72.0,195.0,24.319631578947366,2.0,Alabama,2022.0,2022.0,HOU,44.0,-29.0,0.2580645
2024,18,00-0037614,J.Metchie,WR,HOU,TEN,0,0,0.0,0,0.0,0.0,0.0,0,0.0,0,4,2,24.0,0,2.4,4.4,,,72.0,195.0,24.319631578947366,2.0,Alabama,2022.0,2022.0,HOU,44.0,,0.14285715
2024,19,00-0037614,J.Metchie,WR,HOU,LAC,0,0,0.0,0,0.0,0.0,0.0,0,0.0,0,8,4,28.0,0,0.8,4.8,,,72.0,195.0,24.319631578947366,2.0,Alabama,2022.0,2022.0,HOU,44.0,20.0,0.25
2024,20,00-0037614,J.Metchie,WR,HOU,KC,0,0,0.0,0,0.0,0.0,0.0,0,0.0,0,2,2,35.0,0,3.5,5.5,,,72.0,195.0,24.319631578947366,2.0,Alabama,2022.0,2022.0,HOU,44.0,,0.071428575
2024,2,00-0037617,H.Haskins,RB,LAC,CAR,0,0,0.0,0,0.0,0.0,0.0,3,11.0,0,0,0,0.0,0,1.1,1.1,,,74.0,220.0,24.96311111111111,2.0,Michigan,2022.0,2022.0,TEN,131.0,,
2024,6,00-0037617,H.Haskins,RB,LAC,DEN,0,0,0.0,0,0.0,0.0,0.0,2,5.0,0,0,0,0.0,0,0.5,0.5,,,74.0,220.0,24.96311111111111,2.0,Michigan,2022.0,2022.0,TEN,131.0,,
2024,7,00-0037617,H.Haskins,RB,LAC,ARI,0,0,0.0,0,0.0,0.0,0.0,2,2.0,0,0,0,0.0,0,0.2,0.2,,,74.0,220.0,24.96311111111111,2.0,Michigan,2022.0,2022.0,TEN,131.0,,
2024,8,00-0037617,H.Haskins,RB,LAC,NO,0,0,0.0,0,0.0,0.0,0.0,1,0.0,0,0,0,0.0,0,0.0,0.0,,,74.0,220.0,24.96311111111111,2.0,Michigan,2022.0,2022.0,TEN,131.0,18.0,
2024,10,00-0037617,H.Haskins,RB,LAC,TEN,0,0,0.0,0,0.0,0.0,0.0,2,4.0,1,0,0,0.0,0,6.4,6.4,,,74.0,220.0,24.96311111111111,2.0,Michigan,2022.0,2022.0,TEN,131.0,10.0,
2024,11,00-0037617,H.Haskins,RB,LAC,CIN,0,0,0.0,0,0.0,0.0,0.0,2,1.0,0,0,0,0.0,0,0.1,0.1,,,74.0,220.0,24.96311111111111,2.0,Michigan,2022.0,2022.0,TEN,131.0,7.0,
2024,12,00-0037617,H.Haskins,RB,LAC,BAL,0,0,0.0,0,0.0,0.0,0.0,1,3.0,0,0,0,0.0,0,0.3,0.3,,,74.0,220.0,24.96311111111111,2.0,Michigan,2022.0,2022.0,TEN,131.0,-7.0,
2024,13,00-0037617,H.Haskins,RB,LAC,ATL,0,0,0.0,0,0.0,0.0,0.0,1,0.0,0,0,0,0.0,0,-2.0,-2.0,,,74.0,220.0,24.96311111111111,2.0,Michigan,2022.0,2022.0,TEN,131.0,,
2024,16,00-0037617,H.Haskins,RB,LAC,DEN,0,0,0.0,0,0.0,0.0,0.0,0,0.0,0,2,2,39.0,1,9.9,11.9,,,74.0,220.0,24.96311111111111,2.0,Michigan,2022.0,2022.0,TEN,131.0,7.0,0.06666667
2024,17,00-0037617,H.Haskins,RB,LAC,NE,0,0,0.0,0,0.0,0.0,0.0,8,30.0,0,1,1,10.0,0,4.0,5.0,,,74.0,220.0,24.96311111111111,2.0,Michigan,2022.0,2022.0,TEN,131.0,,0.025
2024,18,00-0037617,H.Haskins,RB,LAC,LV,0,0,0.0,0,0.0,0.0,0.0,12,33.0,1,0,0,0.0,0,9.3,9.3,,,74.0,220.0,24.96311111111111,2.0,Michigan,2022.0,2022.0,TEN,131.0,,
2024,19,00-0037617,H.Haskins,RB,LAC,HOU,0,0,0.0,0,0.0,0.0,0.0,1,5.0,0,1,0,0.0,0,0.5,0.5,,,74.0,220.0,24.96311111111111,2.0,Michigan,2022.0,2022.0,TEN,131.0,,0.03125
2024,11,00-0037654,T.Fisk,TE,LAC,CIN,0,0,0.0,0,0.0,0.0,0.0,0,0.0,0,2,1,6.0,0,0.6,1.6,,,76.0,285.0,25.814555555555554,2.0,Stanford,2022.0,2022.0,,,7.0,0.060606062
2024,12,00-0037654,T.Fisk,TE,LAC,BAL,0,0,0.0,0,0.0,0.0,0.0,0,0.0,0,1,1,7.0,0,0.7,1.7,,,76.0,285.0,25.814555555555554,2.0,Stanford,2022.0,2022.0,,,-7.0,0.027777778
2024,13,00-0037654,T.Fisk,TE,LAC,ATL,0,0,0.0,0,0.0,0.0,0.0,0,0.0,0,1,1,1.0,0,0.1,1.1,,,76.0,285.0,25.814555555555554,2.0,Stanford,2022.0,2022.0,,,,0.041666668
2024,14,00-0037654,T.Fisk,TE,LAC,KC,0,0,0.0,0,0.0,0.0,0.0,0,0.0,0,1,1,0.0,0,0.0,1.0,,,76.0,285.0,25.814555555555554,2.0,Stanford,2022.0,2022.0,,,,0.03448276
2024,15,00-0037654,T.Fisk,TE,LAC,TB,0,0,0.0,0,0.0,0.0,0.0,0,0.0,0,1,1,7.0,0,0.7,1.7,,,76.0,285.0,25.814555555555554,2.0,Stanford,2022.0,2022.0,,,-23.0,0.03125
2024,16,00-0037654,T.Fisk,TE,LAC,DEN,0,0,0.0,0,0.0,0.0,0.0,0,0.0,0,1,1,10.0,0,1.0,2.0,,,76.0,285.0,25.814555555555554,2.0,Stanford,2022.0,2022.0,,,7.0,0.033333335
2024,17,00-0037654,T.Fisk,TE,LAC,NE,0,0,0.0,0,0.0,0.0,0.0,0,0.0,0,1,1,8.0,0,0.8,1.8,,,76.0,285.0,25.814555555555554,2.0,Stanford,2022.0,2022.0,,,,0.025
2024,19,00-0037654,T.Fisk,TE,LAC,HOU,0,0,0.0,0,0.0,0.0,0.0,0,0.0,0,1,1,15.0,0,1.5,2.5,,,76.0,285.0,25.814555555555554,2.0,Stanford,2022.0,2022.0,,,,0.03125
2024,1,00-0037664,A.Pierce,WR,IND,HOU,0,0,0.0,0,0.0,0.0,0.0,0,0.0,0,3,3,125.0,1,18.5,21.5,,,75.0,213.0,24.51105882352941,2.0,Cincinnati,2022.0,2022.0,IND,53.0,-2.0,0.15789473
2024,2,00-0037664,A.Pierce,WR,IND,GB,0,0,0.0,0,0.0,0.0,0.0,0,0.0,0,7,5,56.0,1,11.6,16.6,,,75.0,213.0,24.51105882352941,2.0,Cincinnati,2022.0,2022.0,IND,53.0,,0.22580644
2024,3,00-0037664,A.Pierce,WR,IND,CHI,0,0,0.0,0,0.0,0.0,0.0,0,0.0,0,2,1,44.0,0,4.4,5.4,,,75.0,213.0,24.51105882352941,2.0,Cincinnati,2022.0,2022.0,IND,53.0,5.0,0.11111111
2024,4,00-0037664,A.Pierce,WR,IND,PIT,0,0,0.0,0,0.0,0.0,0.0,0,0.0,0,2,1,9.0,0,0.9,1.9,,,75.0,213.0,24.51105882352941,2.0,Cincinnati,2022.0,2022.0,IND,53.0,3.0,0.071428575
2024,5,00-0037664,A.Pierce,WR,IND,JAX,0,0,0.0,0,0.0,0.0,0.0,0,0.0,0,3,3,134.0,1,19.4,22.4,,,75.0,213.0,24.51105882352941,2.0,Cincinnati,2022.0,2022.0,IND,53.0,,0.06666667
2024,6,00-0037664,A.Pierce,WR,IND,TEN,0,0,0.0,0,0.0,0.0,0.0,0,0.0,0,4,0,0.0,0,0.0,0.0,,,75.0,213.0,24.51105882352941,2.0,Cincinnati,2022.0,2022.0,IND,53.0,,0.11111111
2024,7,00-0037664,A.Pierce,WR,IND,MIA,0,0,0.0,0,0.0,0.0,0.0,0,0.0,0,5,2,15.0,0,1.5,3.5,,,75.0,213.0,24.51105882352941,2.0,Cincinnati,2022.0,2022.0,IND,53.0,6.0,0.22727273
2024,8,00-0037664,A.Pierce,WR,IND,HOU,0,0,0.0,0,0.0,0.0,0.0,0,0.0,0,4,1,11.0,0,1.1,2.1,,,75.0,213.0,24.51105882352941,2.0,Cincinnati,2022.0,2022.0,IND,53.0,,0.12903225
2024,9,00-0037664,A.Pierce,WR,IND,MIN,0,0,0.0,0,0.0,0.0,0.0,0,0.0,0,3,3,41.0,0,4.1,7.1,,,75.0,213.0,24.51105882352941,2.0,Cincinnati,2022.0,2022.0,IND,53.0,,0.11111111
2024,10,00-0037664,A.Pierce,WR,IND,BUF,0,0,0.0,0,0.0,0.0,0.0,0,0.0,0,7,4,81.0,1,14.1,18.1,,,75.0,213.0,24.51105882352941,2.0,Cincinnati,2022.0,2022.0,IND,53.0,-10.0,0.2
2024,11,00-0037664,A.Pierce,WR,IND,NYJ,0,0,0.0,0,0.0,0.0,0.0,0,0.0,0,4,3,74.0,0,7.4,10.4,,,75.0,213.0,24.51105882352941,2.0,Cincinnati,2022.0,2022.0,IND,53.0,,0.14285715
2024,12,00-0037664,A.Pierce,WR,IND,DET,0,0,0.0,0,0.0,0.0,0.0,0,0.0,0,4,1,39.0,0,3.9,4.9,,,75.0,213.0,24.51105882352941,2.0,Cincinnati,2022.0,2022.0,IND,53.0,-18.0,0.16
2024,13,00-0037664,A.Pierce,WR,IND,NE,0,0,0.0,0,0.0,0.0,0.0,0,0.0,0,6,2,16.0,1,7.6,9.6,,,75.0,213.0,24.51105882352941,2.0,Cincinnati,2022.0,2022.0,IND,53.0,,0.25
2024,15,00-0037664,A.Pierce,WR,IND,DEN,0,0,0.0,0,0.0,0.0,0.0,0,0.0,0,4,0,0.0,0,0.0,0.0,,,75.0,213.0,24.51105882352941,2.0,Cincinnati,2022.0,2022.0,IND,53.0,,0.11111111
2024,17,00-0037664,A.Pierce,WR,IND,NYG,0,0,0.0,0,0.0,0.0,0.0,0,0.0,0,9,6,122.0,1,18.2,24.2,,,75.0,213.0,24.51105882352941,2.0,Cincinnati,2022.0,2022.0,IND,53.0,,0.24324325
2024,18,00-0037664,A.Pierce,WR,IND,JAX,0,0,0.0,0,0.0,0.0,0.0,0,0.0,0,2,2,57.0,1,11.7,13.7,,,75.0,213.0,24.51105882352941,2.0,Cincinnati,2022.0,2022.0,IND,53.0,3.0,0.051282052
2024,1,00-0037666,J.Tolbert,WR,DAL,CLE,0,0,0.0,0,0.0,0.0,0.0,0,0.0,0,2,1,12.0,0,1.2,2.2,,,73.0,195.0,25.695529411764706,2.0,South Alabama,2022.0,2022.0,DAL,88.0,,0.06451613
2024,2,00-0037666,J.Tolbert,WR,DAL,NO,0,0,0.0,0,0.0,0.0,0.0,0,0.0,0,9,6,82.0,0,8.2,14.2,,,73.0,195.0,25.695529411764706,2.0,South Alabama,2022.0,2022.0,DAL,88.0,-25.0,0.2195122
2024,3,00-0037666,J.Tolbert,WR,DAL,BAL,0,0,0.0,0,0.0,0.0,0.0,0,0.0,0,5,3,42.0,1,10.2,13.2,,,73.0,195.0,25.695529411764706,2.0,South Alabama,2022.0,2022.0,DAL,88.0,-3.0,0.1
2024,4,00-0037666,J.Tolbert,WR,DAL,NYG,0,0,0.0,0,0.0,0.0,0.0,0,0.0,0,3,3,24.0,0,2.4,5.4,,,73.0,195.0,25.695529411764706,2.0,South Alabama,2022.0,2022.0,DAL,88.0,,0.115384616
2024,5,00-0037666,J.Tolbert,WR,DAL,PIT,0,0,0.0,0,0.0,0.0,0.0,0,0.0,0,10,7,87.0,1,14.7,21.7,,,73.0,195.0,25.695529411764706,2.0,South Alabama,2022.0,2022.0,DAL,88.0,,0.24390244
2024,6,00-0037666,J.Tolbert,WR,DAL,DET,0,0,0.0,0,0.0,0.0,0.0,0,0.0,0,5,4,43.0,0,4.3,8.3,,,73.0,195.0,25.695529411764706,2.0,South Alabama,2022.0,2022.0,DAL,88.0,-38.0,0.11627907
2024,8,00-0037666,J.Tolbert,WR,DAL,SF,0,0,0.0,0,0.0,0.0,0.0,0,0.0,0,3,3,44.0,0,4.4,7.4,,,73.0,195.0,25.695529411764706,2.0,South Alabama,2022.0,2022.0,DAL,88.0,,0.08108108
2024,9,00-0037666,J.Tolbert,WR,DAL,ATL,0,0,0.0,0,0.0,0.0,0.0,0,0.0,0,6,3,19.0,1,7.9,10.9,,,73.0,195.0,25.695529411764706,2.0,South Alabama,2022.0,2022.0,DAL,88.0,,0.125
2024,10,00-0037666,J.Tolbert,WR,DAL,PHI,0,0,0.0,0,0.0,0.0,0.0,0,0.0,0,5,3,14.0,0,1.4,4.4,,,73.0,195.0,25.695529411764706,2.0,South Alabama,2022.0,2022.0,DAL,88.0,-28.0,0.1724138
2024,11,00-0037666,J.Tolbert,WR,DAL,HOU,0,0,0.0,0,0.0,0.0,0.0,0,0.0,0,5,2,21.0,0,2.1,4.1,,,73.0,195.0,25.695529411764706,2.0,South Alabama,2022.0,2022.0,DAL,88.0,-24.0,0.09259259
2024,12,00-0037666,J.Tolbert,WR,DAL,WAS,0,0,0.0,0,0.0,0.0,0.0,0,0.0,0,4,2,22.0,1,8.2,10.2,,,73.0,195.0,25.695529411764706,2.0,South Alabama,2022.0,2022.0,DAL,88.0,,0.125
2024,13,00-0037666,J.Tolbert,WR,DAL,NYG,0,0,0.0,0,0.0,0.0,0.0,0,0.0,0,4,2,41.0,0,4.1,6.1,,,73.0,195.0,25.695529411764706,2.0,South Alabama,2022.0,2022.0,DAL,88.0,7.0,0.11111111
2024,14,00-0037666,J.Tolbert,WR,DAL,CIN,0,0,0.0,0,0.0,0.0,0.0,0,0.0,0,3,0,0.0,0,0.0,0.0,,,73.0,195.0,25.695529411764706,2.0,South Alabama,2022.0,2022.0,DAL,88.0,-7.0,0.09677419
2024,15,00-0037666,J.Tolbert,WR,DAL,CAR,0,0,0.0,0,0.0,0.0,0.0,0,0.0,0,2,1,11.0,1,7.1,8.1,,,73.0,195.0,25.695529411764706,2.0,South Alabama,2022.0,2022.0,DAL,88.0,,0.071428575
2024,16,00-0037666,J.Tolbert,WR,DAL,TB,0,0,0.0,0,0.0,0.0,0.0,0,0.0,0,3,2,20.0,1,8.0,10.0,,,73.0,195.0,25.695529411764706,2.0,South Alabama,2022.0,2022.0,DAL,88.0,2.0,0.09090909
2024,17,00-0037666,J.Tolbert,WR,DAL,PHI,0,0,0.0,0,0.0,0.0,0.0,0,0.0,0,4,3,30.0,1,9.0,12.0,,,73.0,195.0,25.695529411764706,2.0,South Alabama,2022.0,2022.0,DAL,88.0,,0.13793103
2024,18,00-0037666,J.Tolbert,WR,DAL,WAS,0,0,0.0,0,0.0,0.0,0.0,0,0.0,0,6,4,98.0,0,9.8,13.8,,,73.0,195.0,25.695529411764706,2.0,South Alabama,2022.0,2022.0,DAL,88.0,-4.0,0.18181819
2024,1,00-0037740,G.Wilson,WR,NYJ,SF,0,0,0.0,0,0.0,0.0,0.0,0,0.0,0,11,6,60.0,0,6.0,12.0,,,72.0,192.0,24.290941176470586,2.0,Ohio State,2022.0,2022.0,NYJ,10.0,,0.37931034
2024,2,00-0037740,G.Wilson,WR,NYJ,TEN,0,0,0.0,0,0.0,0.0,0.0,1,5.0,0,6,4,57.0,0,6.2,10.2,,,72.0,192.0,24.290941176470586,2.0,Ohio State,2022.0,2022.0,NYJ,10.0,,0.20689656
2024,3,00-0037740,G.Wilson,WR,NYJ,NE,0,0,0.0,0,0.0,0.0,0.0,0,0.0,0,9,5,33.0,1,9.3,14.3,,,72.0,192.0,24.290941176470586,2.0,Ohio State,2022.0,2022.0,NYJ,10.0,21.0,0.2647059
2024,4,00-0037740,G.Wilson,WR,NYJ,DEN,0,0,0.0,0,0.0,0.0,0.0,0,0.0,0,8,5,41.0,0,2.1,7.1,,,72.0,192.0,24.290941176470586,2.0,Ohio State,2022.0,2022.0,NYJ,10.0,-1.0,0.19512194
2024,5,00-0037740,G.Wilson,WR,NYJ,MIN,0,0,0.0,0,0.0,0.0,0.0,0,0.0,0,22,13,101.0,1,16.1,29.1,,,72.0,192.0,24.290941176470586,2.0,Ohio State,2022.0,2022.0,NYJ,10.0,,0.43137255
2024,6,00-0037740,G.Wilson,WR,NYJ,BUF,0,0,0.0,0,0.0,0.0,0.0,0,0.0,0,10,8,107.0,1,16.7,24.7,,,72.0,192.0,24.290941176470586,2.0,Ohio State,2022.0,2022.0,NYJ,10.0,-3.0,0.29411766
2024,7,00-0037740,G.Wilson,WR,NYJ,PIT,0,0,0.0,0,0.0,0.0,0.0,0,0.0,0,9,5,61.0,0,8.1,13.1,,,72.0,192.0,24.290941176470586,2.0,Ohio State,2022.0,2022.0,NYJ,10.0,,0.23076923
2024,8,00-0037740,G.Wilson,WR,NYJ,NE,0,0,0.0,0,0.0,0.0,0.0,0,0.0,0,8,5,113.0,0,11.3,16.3,,,72.0,192.0,24.290941176470586,2.0,Ohio State,2022.0,2022.0,NYJ,10.0,,0.32
2024,9,00-0037740,G.Wilson,WR,NYJ,HOU,0,0,0.0,0,0.0,0.0,0.0,0,0.0,0,10,9,90.0,2,21.0,30.0,,,72.0,192.0,24.290941176470586,2.0,Ohio State,2022.0,2022.0,NYJ,10.0,8.0,0.3125
2024,10,00-0037740,G.Wilson,WR,NYJ,ARI,0,0,0.0,0,0.0,0.0,0.0,0,0.0,0,6,5,41.0,0,4.1,9.1,,,72.0,192.0,24.290941176470586,2.0,Ohio State,2022.0,2022.0,NYJ,10.0,,0.18181819
2024,11,00-0037740,G.Wilson,WR,NYJ,IND,0,0,0.0,0,0.0,0.0,0.0,0,0.0,0,8,4,18.0,0,1.8,5.8,,,72.0,192.0,24.290941176470586,2.0,Ohio State,2022.0,2022.0,NYJ,10.0,-1.0,0.27586207
2024,13,00-0037740,G.Wilson,WR,NYJ,SEA,0,0,0.0,0,0.0,0.0,0.0,0,0.0,0,10,5,41.0,0,4.1,9.1,,,72.0,192.0,24.290941176470586,2.0,Ohio State,2022.0,2022.0,NYJ,10.0,-5.0,0.2631579
2024,14,00-0037740,G.Wilson,WR,NYJ,MIA,0,0,0.0,0,0.0,0.0,0.0,0,0.0,0,10,7,114.0,0,11.4,18.4,,,72.0,192.0,24.290941176470586,2.0,Ohio State,2022.0,2022.0,NYJ,10.0,,0.25641027
2024,15,00-0037740,G.Wilson,WR,NYJ,JAX,0,0,0.0,0,0.0,0.0,0.0,0,0.0,0,6,3,56.0,1,11.6,14.6,,,72.0,192.0,24.290941176470586,2.0,Ohio State,2022.0,2022.0,NYJ,10.0,,0.21428572
2024,16,00-0037740,G.Wilson,WR,NYJ,LA,0,0,0.0,0,0.0,0.0,0.0,0,0.0,0,7,6,54.0,0,5.4,11.4,,,72.0,192.0,24.290941176470586,2.0,Ohio State,2022.0,2022.0,NYJ,10.0,-10.0,0.16666667
2024,17,00-0037740,G.Wilson,WR,NYJ,BUF,0,0,0.0,0,0.0,0.0,0.0,0,0.0,0,8,7,66.0,1,10.6,17.6,,,72.0,192.0,24.290941176470586,2.0,Ohio State,2022.0,2022.0,NYJ,10.0,,0.2580645
2024,18,00-0037740,G.Wilson,WR,NYJ,MIA,0,0,0.0,0,0.0,0.0,0.0,1,0.0,0,5,4,51.0,0,5.1,9.1,,,72.0,192.0,24.290941176470586,2.0,Ohio State,2022.0,2022.0,NYJ,10.0,12.0,0.14285715
2024,1,00-0037741,J.Dotson,WR,PHI,GB,0,0,0.0,0,0.0,0.0,0.0,0,0.0,0,1,0,0.0,0,0.0,0.0,,,71.0,182.0,24.673000000000002,2.0,Penn State,2022.0,2022.0,WAS,16.0,5.0,0.03448276
2024,2,00-0037741,J.Dotson,WR,PHI,ATL,0,0,0.0,0,0.0,0.0,0.0,0,0.0,0,1,1,6.0,0,0.6,1.6,,,71.0,182.0,24.673000000000002,2.0,Penn State,2022.0,2022.0,WAS,16.0,-1.0,0.03448276
2024,3,00-0037741,J.Dotson,WR,PHI,NO,0,0,0.0,0,0.0,0.0,0.0,0,0.0,0,3,2,8.0,0,0.8,2.8,,,71.0,182.0,24.673000000000002,2.0,Penn State,2022.0,2022.0,WAS,16.0,,0.083333336
2024,4,00-0037741,J.Dotson,WR,PHI,TB,0,0,0.0,0,0.0,0.0,0.0,0,0.0,0,4,2,11.0,0,1.1,3.1,,,71.0,182.0,24.673000000000002,2.0,Penn State,2022.0,2022.0,WAS,16.0,,0.13793103
2024,6,00-0037741,J.Dotson,WR,PHI,CLE,0,0,0.0,0,0.0,0.0,0.0,1,13.0,0,3,1,10.0,0,2.3,3.3,,,71.0,182.0,24.673000000000002,2.0,Penn State,2022.0,2022.0,WAS,16.0,4.0,0.125
2024,7,00-0037741,J.Dotson,WR,PHI,NYG,0,0,0.0,0,0.0,0.0,0.0,0,0.0,0,1,0,0.0,0,0.0,0.0,,,71.0,182.0,24.673000000000002,2.0,Penn State,2022.0,2022.0,WAS,16.0,,0.071428575
2024,9,00-0037741,J.Dotson,WR,PHI,JAX,0,0,0.0,0,0.0,0.0,0.0,0,0.0,0,1,1,36.0,0,3.6,4.6,,,71.0,182.0,24.673000000000002,2.0,Penn State,2022.0,2022.0,WAS,16.0,5.0,0.04347826
2024,10,00-0037741,J.Dotson,WR,PHI,DAL,0,0,0.0,0,0.0,0.0,0.0,0,0.0,0,1,1,27.0,0,2.7,3.7,,,71.0,182.0,24.673000000000002,2.0,Penn State,2022.0,2022.0,WAS,16.0,,0.05
2024,11,00-0037741,J.Dotson,WR,PHI,WAS,0,0,0.0,0,0.0,0.0,0.0,0,0.0,0,2,1,8.0,0,0.8,1.8,,,71.0,182.0,24.673000000000002,2.0,Penn State,2022.0,2022.0,WAS,16.0,8.0,0.08
2024,12,00-0037741,J.Dotson,WR,PHI,LA,0,0,0.0,0,0.0,0.0,0.0,0,0.0,0,1,1,4.0,0,0.4,1.4,,,71.0,182.0,24.673000000000002,2.0,Penn State,2022.0,2022.0,WAS,16.0,,0.05263158
2024,13,00-0037741,J.Dotson,WR,PHI,BAL,0,0,0.0,0,0.0,0.0,0.0,0,0.0,0,1,1,7.0,0,0.7,1.7,,,71.0,182.0,24.673000000000002,2.0,Penn State,2022.0,2022.0,WAS,16.0,,0.05882353
2024,14,00-0037741,J.Dotson,WR,PHI,CAR,0,0,0.0,0,0.0,0.0,0.0,0,0.0,0,2,1,5.0,0,0.5,1.5,,,71.0,182.0,24.673000000000002,2.0,Penn State,2022.0,2022.0,WAS,16.0,6.0,0.10526316
2024,15,00-0037741,J.Dotson,WR,PHI,PIT,0,0,0.0,0,0.0,0.0,0.0,0,0.0,0,1,0,0.0,0,0.0,0.0,,,71.0,182.0,24.673000000000002,2.0,Penn State,2022.0,2022.0,WAS,16.0,14.0,0.032258064
2024,18,00-0037741,J.Dotson,WR,PHI,NYG,0,0,0.0,0,0.0,0.0,0.0,0,0.0,0,11,7,94.0,0,9.4,16.4,,,71.0,182.0,24.673000000000002,2.0,Penn State,2022.0,2022.0,WAS,16.0,7.0,0.2682927
2024,19,00-0037741,J.Dotson,WR,PHI,GB,0,0,0.0,0,0.0,0.0,0.0,0,0.0,0,2,1,11.0,1,7.1,8.1,,,71.0,182.0,24.673000000000002,2.0,Penn State,2022.0,2022.0,WAS,16.0,12.0,0.11111111
2024,22,00-0037741,J.Dotson,WR,PHI,KC,0,0,0.0,0,0.0,0.0,0.0,0,0.0,0,3,2,42.0,0,4.2,6.2,,,71.0,182.0,24.673000000000002,2.0,Penn State,2022.0,2022.0,WAS,16.0,18.0,0.13043478
2024,1,00-0037742,T.Burks,WR,TEN,CHI,0,0,0.0,0,0.0,0.0,0.0,2,1.0,0,2,1,2.0,0,0.3,1.3,,,74.0,225.0,24.63094117647059,2.0,Arkansas,2022.0,2022.0,TEN,18.0,,0.074074075
2024,2,00-0037742,T.Burks,WR,TEN,NYJ,0,0,0.0,0,0.0,0.0,0.0,0,0.0,0,1,0,0.0,0,0.0,0.0,,,74.0,225.0,24.63094117647059,2.0,Arkansas,2022.0,2022.0,TEN,18.0,-7.0,0.037037037
2024,3,00-0037742,T.Burks,WR,TEN,GB,0,0,0.0,0,0.0,0.0,0.0,0,0.0,0,3,1,9.0,0,0.9,1.9,,,74.0,225.0,24.63094117647059,2.0,Arkansas,2022.0,2022.0,TEN,18.0,-16.0,0.0882353
2024,4,00-0037742,T.Burks,WR,TEN,MIA,0,0,0.0,0,0.0,0.0,0.0,0,0.0,0,1,1,13.0,0,1.3,2.3,,,74.0,225.0,24.63094117647059,2.0,Arkansas,2022.0,2022.0,TEN,18.0,,0.055555556
2024,6,00-0037742,T.Burks,WR,TEN,IND,0,0,0.0,0,0.0,0.0,0.0,0,0.0,0,1,1,10.0,0,1.0,2.0,,,74.0,225.0,24.63094117647059,2.0,Arkansas,2022.0,2022.0,TEN,18.0,-3.0,0.037037037
2024,1,00-0037744,T.McBride,TE,ARI,BUF,0,0,0.0,0,0.0,0.0,0.0,0,0.0,0,9,5,30.0,0,3.0,8.0,,,76.0,245.0,24.958,2.0,Colorado State,2022.0,2022.0,ARI,55.0,,0.29032257
2024,2,00-0037744,T.McBride,TE,ARI,LA,0,0,0.0,0,0.0,0.0,0.0,0,0.0,0,6,6,67.0,0,6.7,12.7,,,76.0,245.0,24.958,2.0,Colorado State,2022.0,2022.0,ARI,55.0,31.0,0.2857143
2024,3,00-0037744,T.McBride,TE,ARI,DET,0,0,0.0,0,0.0,0.0,0.0,0,0.0,0,6,3,25.0,0,2.5,5.5,,,76.0,245.0,24.958,2.0,Colorado State,2022.0,2022.0,ARI,55.0,-7.0,0.1764706
2024,5,00-0037744,T.McBride,TE,ARI,SF,0,0,0.0,0,0.0,0.0,0.0,0,0.0,0,9,6,53.0,0,5.3,11.3,,,76.0,245.0,24.958,2.0,Colorado State,2022.0,2022.0,ARI,55.0,,0.3
2024,6,00-0037744,T.McBride,TE,ARI,GB,0,0,0.0,0,0.0,0.0,0.0,0,0.0,0,8,8,96.0,0,9.6,17.6,,,76.0,245.0,24.958,2.0,Colorado State,2022.0,2022.0,ARI,55.0,,0.25
2024,7,00-0037744,T.McBride,TE,ARI,LAC,0,0,0.0,0,0.0,0.0,0.0,0,0.0,0,7,5,51.0,0,5.1,10.1,,,76.0,245.0,24.958,2.0,Colorado State,2022.0,2022.0,ARI,55.0,2.0,0.28
2024,8,00-0037744,T.McBride,TE,ARI,MIA,0,0,0.0,0,0.0,0.0,0.0,0,0.0,0,11,9,124.0,0,12.4,21.4,,,76.0,245.0,24.958,2.0,Colorado State,2022.0,2022.0,ARI,55.0,,0.33333334
2024,9,00-0037744,T.McBride,TE,ARI,CHI,0,0,0.0,0,0.0,0.0,0.0,1,2.0,1,4,3,35.0,0,9.7,12.7,,,76.0,245.0,24.958,2.0,Colorado State,2022.0,2022.0,ARI,55.0,20.0,0.21052632
2024,10,00-0037744,T.McBride,TE,ARI,NYJ,0,0,0.0,0,0.0,0.0,0.0,0,0.0,0,5,4,71.0,0,7.1,11.1,,,76.0,245.0,24.958,2.0,Colorado State,2022.0,2022.0,ARI,55.0,25.0,0.20833333
2024,12,00-0037744,T.McBride,TE,ARI,SEA,0,0,0.0,0,0.0,0.0,0.0,0,0.0,0,15,12,133.0,0,13.3,25.3,,,76.0,245.0,24.958,2.0,Colorado State,2022.0,2022.0,ARI,55.0,,0.44117647
2024,13,00-0037744,T.McBride,TE,ARI,MIN,0,0,0.0,0,0.0,0.0,0.0,0,0.0,0,12,12,96.0,0,9.6,21.6,,,76.0,245.0,24.958,2.0,Colorado State,2022.0,2022.0,ARI,55.0,,0.27906978
2024,14,00-0037744,T.McBride,TE,ARI,SEA,0,0,0.0,0,0.0,0.0,0.0,0,0.0,0,14,7,70.0,0,7.0,14.0,,,76.0,245.0,24.958,2.0,Colorado State,2022.0,2022.0,ARI,55.0,-12.0,0.36842105
2024,15,00-0037744,T.McBride,TE,ARI,NE,0,0,0.0,0,0.0,0.0,0.0,0,0.0,0,10,9,87.0,0,8.7,17.7,,,76.0,245.0,24.958,2.0,Colorado State,2022.0,2022.0,ARI,55.0,13.0,0.32258064
2024,16,00-0037744,T.McBride,TE,ARI,CAR,0,0,0.0,0,0.0,0.0,0.0,0,0.0,0,4,3,20.0,0,2.0,5.0,,,76.0,245.0,24.958,2.0,Colorado State,2022.0,2022.0,ARI,55.0,,0.13793103
2024,17,00-0037744,T.McBride,TE,ARI,LA,0,0,0.0,0,0.0,0.0,0.0,0,0.0,0,16,12,123.0,1,18.3,30.3,,,76.0,245.0,24.958,2.0,Colorado State,2022.0,2022.0,ARI,55.0,,0.35555556
2024,18,00-0037744,T.McBride,TE,ARI,SF,0,0,0.0,0,0.0,0.0,0.0,0,0.0,0,11,7,65.0,1,12.5,19.5,,,76.0,245.0,24.958,2.0,Colorado State,2022.0,2022.0,ARI,55.0,23.0,0.34375
2024,1,00-0037745,V.Jones,RB,CHI,TEN,0,0,0.0,0,0.0,0.0,0.0,2,11.0,0,1,1,8.0,0,1.9,2.9,,,72.0,200.0,27.4921875,2.0,Tennessee,2022.0,2022.0,CHI,71.0,7.0,0.03448276
2024,17,00-0037745,V.Jones,RB,CAR,TB,0,0,0.0,0,0.0,0.0,0.0,1,0.0,0,0,0,0.0,0,0.0,0.0,,,72.0,200.0,27.4921875,2.0,Tennessee,2022.0,2022.0,CHI,71.0,,
2024,1,00-0037746,B.Robinson,RB,WAS,TB,0,0,0.0,0,0.0,0.0,0.0,12,40.0,1,4,3,49.0,0,14.9,17.9,,,73.0,228.0,25.6558,2.0,Alabama,2022.0,2022.0,WAS,98.0,,0.16666667
2024,2,00-0037746,B.Robinson,RB,WAS,NYG,0,0,0.0,0,0.0,0.0,0.0,17,133.0,0,3,1,3.0,0,13.6,14.6,,,73.0,228.0,25.6558,2.0,Alabama,2022.0,2022.0,WAS,98.0,3.0,0.10344828
2024,3,00-0037746,B.Robinson,RB,WAS,CIN,0,0,0.0,0,0.0,0.0,0.0,16,33.0,1,1,1,4.0,0,9.7,10.7,,,73.0,228.0,25.6558,2.0,Alabama,2022.0,2022.0,WAS,98.0,,0.04347826
2024,4,00-0037746,B.Robinson,RB,WAS,ARI,0,0,0.0,0,0.0,0.0,0.0,21,101.0,1,3,3,12.0,0,17.3,20.3,,,73.0,228.0,25.6558,2.0,Alabama,2022.0,2022.0,WAS,98.0,,0.1
2024,5,00-0037746,B.Robinson,RB,WAS,CLE,0,0,0.0,0,0.0,0.0,0.0,7,18.0,2,0,0,0.0,0,13.8,13.8,,,73.0,228.0,25.6558,2.0,Alabama,2022.0,2022.0,WAS,98.0,21.0,
2024,7,00-0037746,B.Robinson,RB,WAS,CAR,0,0,0.0,0,0.0,0.0,0.0,12,71.0,1,0,0,0.0,0,13.1,13.1,,,73.0,228.0,25.6558,2.0,Alabama,2022.0,2022.0,WAS,98.0,33.0,
2024,8,00-0037746,B.Robinson,RB,WAS,CHI,0,0,0.0,0,0.0,0.0,0.0,16,65.0,0,1,1,11.0,0,7.6,8.6,,,73.0,228.0,25.6558,2.0,Alabama,2022.0,2022.0,WAS,98.0,3.0,0.029411765
2024,11,00-0037746,B.Robinson,RB,WAS,PHI,0,0,0.0,0,0.0,0.0,0.0,16,63.0,1,1,1,9.0,0,13.2,14.2,,,73.0,228.0,25.6558,2.0,Alabama,2022.0,2022.0,WAS,98.0,,0.03125
2024,12,00-0037746,B.Robinson,RB,WAS,DAL,0,0,0.0,0,0.0,0.0,0.0,5,13.0,0,2,1,11.0,0,2.4,3.4,,,73.0,228.0,25.6558,2.0,Alabama,2022.0,2022.0,WAS,98.0,-8.0,0.05882353
2024,13,00-0037746,B.Robinson,RB,WAS,TEN,0,0,0.0,0,0.0,0.0,0.0,16,103.0,1,1,1,6.0,0,16.9,17.9,,,73.0,228.0,25.6558,2.0,Alabama,2022.0,2022.0,WAS,98.0,23.0,0.033333335
2024,15,00-0037746,B.Robinson,RB,WAS,NO,0,0,0.0,0,0.0,0.0,0.0,21,65.0,0,3,3,22.0,0,8.7,11.7,,,73.0,228.0,25.6558,2.0,Alabama,2022.0,2022.0,WAS,98.0,,0.09677419
2024,16,00-0037746,B.Robinson,RB,WAS,PHI,0,0,0.0,0,0.0,0.0,0.0,10,24.0,0,3,2,17.0,0,0.1,2.1,,,73.0,228.0,25.6558,2.0,Alabama,2022.0,2022.0,WAS,98.0,3.0,0.083333336
2024,17,00-0037746,B.Robinson,RB,WAS,ATL,0,0,0.0,0,0.0,0.0,0.0,13,60.0,0,2,2,9.0,0,6.9,8.9,,,73.0,228.0,25.6558,2.0,Alabama,2022.0,2022.0,WAS,98.0,6.0,0.057142857
2024,18,00-0037746,B.Robinson,RB,WAS,DAL,0,0,0.0,0,0.0,0.0,0.0,5,10.0,0,1,1,6.0,0,1.6,2.6,,,73.0,228.0,25.6558,2.0,Alabama,2022.0,2022.0,WAS,98.0,,0.033333335
2024,19,00-0037746,B.Robinson,RB,WAS,TB,0,0,0.0,0,0.0,0.0,0.0,10,16.0,0,5,4,22.0,0,3.8,7.8,,,73.0,228.0,25.6558,2.0,Alabama,2022.0,2022.0,WAS,98.0,,0.15625
2024,20,00-0037746,B.Robinson,RB,WAS,DET,0,0,0.0,0,0.0,0.0,0.0,15,77.0,2,0,0,0.0,0,19.7,19.7,,,73.0,228.0,25.6558,2.0,Alabama,2022.0,2022.0,WAS,98.0,,
2024,21,00-0037746,B.Robinson,RB,WAS,PHI,0,0,0.0,0,0.0,0.0,0.0,11,36.0,0,0,0,0.0,0,3.6,3.6,,,73.0,228.0,25.6558,2.0,Alabama,2022.0,2022.0,WAS,98.0,,
2024,1,00-0037801,K.Turpin,WR,DAL,CLE,0,0,0.0,0,0.0,0.0,0.0,0,0.0,0,1,0,0.0,0,6.0,6.0,,,69.0,153.0,28.266411764705882,5.0,Texas Christian,2019.0,2022.0,,,,0.032258064
2024,2,00-0037801,K.Turpin,WR,DAL,NO,0,0,0.0,0,0.0,0.0,0.0,1,2.0,0,4,2,4.0,0,0.6,2.6,,,69.0,153.0,28.266411764705882,5.0,Texas Christian,2019.0,2022.0,,,-25.0,0.09756097
2024,3,00-0037801,K.Turpin,WR,DAL,BAL,0,0,0.0,0,0.0,0.0,0.0,1,1.0,0,3,3,51.0,1,11.2,14.2,,,69.0,153.0,28.266411764705882,5.0,Texas Christian,2019.0,2022.0,,,-3.0,0.06
2024,5,00-0037801,K.Turpin,WR,DAL,PIT,0,0,0.0,0,0.0,0.0,0.0,1,-6.0,0,5,4,50.0,0,4.4,8.4,,,69.0,153.0,28.266411764705882,5.0,Texas Christian,2019.0,2022.0,,,,0.12195122
2024,6,00-0037801,K.Turpin,WR,DAL,DET,0,0,0.0,0,0.0,0.0,0.0,1,6.0,0,7,4,24.0,0,1.0,5.0,,,69.0,153.0,28.266411764705882,5.0,Texas Christian,2019.0,2022.0,,,-38.0,0.1627907
2024,8,00-0037801,K.Turpin,WR,DAL,SF,0,0,0.0,0,0.0,0.0,0.0,1,11.0,0,4,1,16.0,0,2.7,3.7,,,69.0,153.0,28.266411764705882,5.0,Texas Christian,2019.0,2022.0,,,,0.10810811
2024,9,00-0037801,K.Turpin,WR,DAL,ATL,0,0,0.0,0,0.0,0.0,0.0,0,0.0,0,4,3,36.0,0,3.6,6.6,,,69.0,153.0,28.266411764705882,5.0,Texas Christian,2019.0,2022.0,,,,0.083333336
2024,11,00-0037801,K.Turpin,WR,DAL,HOU,0,0,0.0,0,0.0,0.0,0.0,0,0.0,0,3,3,86.0,1,14.6,17.6,,,69.0,153.0,28.266411764705882,5.0,Texas Christian,2019.0,2022.0,,,-24.0,0.055555556
2024,12,00-0037801,K.Turpin,WR,DAL,WAS,0,0,0.0,0,0.0,0.0,0.0,0,0.0,0,1,1,8.0,0,6.8,7.8,,,69.0,153.0,28.266411764705882,5.0,Texas Christian,2019.0,2022.0,,,,0.03125
2024,13,00-0037801,K.Turpin,WR,DAL,NYG,0,0,0.0,0,0.0,0.0,0.0,1,2.0,0,5,4,53.0,0,5.5,9.5,,,69.0,153.0,28.266411764705882,5.0,Texas Christian,2019.0,2022.0,,,7.0,0.1388889
2024,14,00-0037801,K.Turpin,WR,DAL,CIN,0,0,0.0,0,0.0,0.0,0.0,2,15.0,0,4,1,16.0,0,3.1,4.1,,,69.0,153.0,28.266411764705882,5.0,Texas Christian,2019.0,2022.0,,,-7.0,0.12903225
2024,15,00-0037801,K.Turpin,WR,DAL,CAR,0,0,0.0,0,0.0,0.0,0.0,2,27.0,0,1,0,0.0,0,2.7,2.7,,,69.0,153.0,28.266411764705882,5.0,Texas Christian,2019.0,2022.0,,,,0.035714287
2024,16,00-0037801,K.Turpin,WR,DAL,TB,0,0,0.0,0,0.0,0.0,0.0,3,11.0,0,1,1,7.0,0,1.8,2.8,,,69.0,153.0,28.266411764705882,5.0,Texas Christian,2019.0,2022.0,,,2.0,0.030303031
2024,17,00-0037801,K.Turpin,WR,DAL,PHI,0,0,0.0,0,0.0,0.0,0.0,2,18.0,0,4,1,16.0,0,3.4,4.4,,,69.0,153.0,28.266411764705882,5.0,Texas Christian,2019.0,2022.0,,,,0.13793103
2024,18,00-0037801,K.Turpin,WR,DAL,WAS,0,0,0.0,0,0.0,0.0,0.0,1,5.0,0,5,3,53.0,0,5.8,8.8,,,69.0,153.0,28.266411764705882,5.0,Texas Christian,2019.0,2022.0,,,-4.0,0.15151516
2024,2,00-0037805,J.Ruckert,TE,NYJ,TEN,0,0,0.0,0,0.0,0.0,0.0,0,0.0,0,3,0,0.0,0,0.0,0.0,,,77.0,250.0,24.23605882352941,2.0,Ohio State,2022.0,2022.0,NYJ,101.0,,0.10344828
2024,3,00-0037805,J.Ruckert,TE,NYJ,NE,0,0,0.0,0,0.0,0.0,0.0,0,0.0,0,2,2,15.0,0,1.5,3.5,,,77.0,250.0,24.23605882352941,2.0,Ohio State,2022.0,2022.0,NYJ,101.0,21.0,0.05882353
2024,4,00-0037805,J.Ruckert,TE,NYJ,DEN,0,0,0.0,0,0.0,0.0,0.0,0,0.0,0,2,2,10.0,0,1.0,3.0,,,77.0,250.0,24.23605882352941,2.0,Ohio State,2022.0,2022.0,NYJ,101.0,-1.0,0.048780486
2024,6,00-0037805,J.Ruckert,TE,NYJ,BUF,0,0,0.0,0,0.0,0.0,0.0,0,0.0,0,3,2,7.0,0,0.7,2.7,,,77.0,250.0,24.23605882352941,2.0,Ohio State,2022.0,2022.0,NYJ,101.0,-3.0,0.0882353
2024,8,00-0037805,J.Ruckert,TE,NYJ,NE,0,0,0.0,0,0.0,0.0,0.0,0,0.0,0,3,3,14.0,0,1.4,4.4,,,77.0,250.0,24.23605882352941,2.0,Ohio State,2022.0,2022.0,NYJ,101.0,,0.12
2024,9,00-0037805,J.Ruckert,TE,NYJ,HOU,0,0,0.0,0,0.0,0.0,0.0,0,0.0,0,1,1,4.0,0,0.4,1.4,,,77.0,250.0,24.23605882352941,2.0,Ohio State,2022.0,2022.0,NYJ,101.0,8.0,0.03125
2024,10,00-0037805,J.Ruckert,TE,NYJ,ARI,0,0,0.0,0,0.0,0.0,0.0,0,0.0,0,2,2,17.0,0,1.7,3.7,,,77.0,250.0,24.23605882352941,2.0,Ohio State,2022.0,2022.0,NYJ,101.0,,0.060606062
2024,11,00-0037805,J.Ruckert,TE,NYJ,IND,0,0,0.0,0,0.0,0.0,0.0,0,0.0,0,2,1,6.0,0,0.6,1.6,,,77.0,250.0,24.23605882352941,2.0,Ohio State,2022.0,2022.0,NYJ,101.0,-1.0,0.06896552
2024,13,00-0037805,J.Ruckert,TE,NYJ,SEA,0,0,0.0,0,0.0,0.0,0.0,0,0.0,0,2,1,3.0,0,0.3,1.3,,,77.0,250.0,24.23605882352941,2.0,Ohio State,2022.0,2022.0,NYJ,101.0,-5.0,0.05263158
2024,14,00-0037805,J.Ruckert,TE,NYJ,MIA,0,0,0.0,0,0.0,0.0,0.0,0,0.0,0,1,0,0.0,0,0.0,0.0,,,77.0,250.0,24.23605882352941,2.0,Ohio State,2022.0,2022.0,NYJ,101.0,,0.025641026
2024,15,00-0037805,J.Ruckert,TE,NYJ,JAX,0,0,0.0,0,0.0,0.0,0.0,0,0.0,0,3,1,12.0,0,1.2,2.2,,,77.0,250.0,24.23605882352941,2.0,Ohio State,2022.0,2022.0,NYJ,101.0,,0.10714286
2024,16,00-0037805,J.Ruckert,TE,NYJ,LA,0,0,0.0,0,0.0,0.0,0.0,0,0.0,0,2,2,12.0,0,1.2,3.2,,,77.0,250.0,24.23605882352941,2.0,Ohio State,2022.0,2022.0,NYJ,101.0,-10.0,0.04761905
2024,18,00-0037805,J.Ruckert,TE,NYJ,MIA,0,0,0.0,0,0.0,0.0,0.0,0,0.0,0,2,1,5.0,0,0.5,1.5,,,77.0,250.0,24.23605882352941,2.0,Ohio State,2022.0,2022.0,NYJ,101.0,12.0,0.057142857
2024,1,00-0037809,C.Okonkwo,TE,TEN,CHI,0,0,0.0,0,0.0,0.0,0.0,0,0.0,0,2,2,15.0,1,7.5,9.5,,,75.0,250.0,25.17017647058824,2.0,Maryland,2022.0,2022.0,TEN,143.0,,0.074074075
2024,2,00-0037809,C.Okonkwo,TE,TEN,NYJ,0,0,0.0,0,0.0,0.0,0.0,0,0.0,0,3,3,16.0,0,1.6,4.6,,,75.0,250.0,25.17017647058824,2.0,Maryland,2022.0,2022.0,TEN,143.0,-7.0,0.11111111
2024,3,00-0037809,C.Okonkwo,TE,TEN,GB,0,0,0.0,0,0.0,0.0,0.0,0,0.0,0,2,2,15.0,0,1.5,3.5,,,75.0,250.0,25.17017647058824,2.0,Maryland,2022.0,2022.0,TEN,143.0,-16.0,0.05882353
2024,4,00-0037809,C.Okonkwo,TE,TEN,MIA,0,0,0.0,0,0.0,0.0,0.0,0,0.0,0,3,1,5.0,0,0.5,1.5,,,75.0,250.0,25.17017647058824,2.0,Maryland,2022.0,2022.0,TEN,143.0,,0.16666667
2024,6,00-0037809,C.Okonkwo,TE,TEN,IND,0,0,0.0,0,0.0,0.0,0.0,0,0.0,0,3,3,6.0,0,0.6,3.6,,,75.0,250.0,25.17017647058824,2.0,Maryland,2022.0,2022.0,TEN,143.0,-3.0,0.11111111
2024,7,00-0037809,C.Okonkwo,TE,TEN,BUF,0,0,0.0,0,0.0,0.0,0.0,0,0.0,0,4,4,50.0,0,5.0,9.0,,,75.0,250.0,25.17017647058824,2.0,Maryland,2022.0,2022.0,TEN,143.0,,0.10526316
2024,8,00-0037809,C.Okonkwo,TE,TEN,DET,0,0,0.0,0,0.0,0.0,0.0,0,0.0,0,5,2,14.0,0,-0.6,1.4,,,75.0,250.0,25.17017647058824,2.0,Maryland,2022.0,2022.0,TEN,143.0,,0.13157895
2024,9,00-0037809,C.Okonkwo,TE,TEN,NE,0,0,0.0,0,0.0,0.0,0.0,0,0.0,0,4,3,38.0,0,3.8,6.8,,,75.0,250.0,25.17017647058824,2.0,Maryland,2022.0,2022.0,TEN,143.0,3.0,0.14814815
2024,10,00-0037809,C.Okonkwo,TE,TEN,LAC,0,0,0.0,0,0.0,0.0,0.0,0,0.0,0,1,1,14.0,0,1.4,2.4,,,75.0,250.0,25.17017647058824,2.0,Maryland,2022.0,2022.0,TEN,143.0,,0.04347826
2024,11,00-0037809,C.Okonkwo,TE,TEN,MIN,0,0,0.0,0,0.0,0.0,0.0,0,0.0,0,4,2,19.0,0,1.9,3.9,,,75.0,250.0,25.17017647058824,2.0,Maryland,2022.0,2022.0,TEN,143.0,-10.0,0.13793103
2024,12,00-0037809,C.Okonkwo,TE,TEN,HOU,0,0,0.0,0,0.0,0.0,0.0,0,0.0,0,1,1,70.0,1,13.0,14.0,,,75.0,250.0,25.17017647058824,2.0,Maryland,2022.0,2022.0,TEN,143.0,,0.04
2024,13,00-0037809,C.Okonkwo,TE,TEN,WAS,0,0,0.0,0,0.0,0.0,0.0,0,0.0,0,6,3,27.0,0,2.7,5.7,,,75.0,250.0,25.17017647058824,2.0,Maryland,2022.0,2022.0,TEN,143.0,,0.16666667
2024,14,00-0037809,C.Okonkwo,TE,TEN,JAX,0,0,0.0,0,0.0,0.0,0.0,0,0.0,0,4,3,8.0,0,0.8,3.8,,,75.0,250.0,25.17017647058824,2.0,Maryland,2022.0,2022.0,TEN,143.0,-4.0,0.125
2024,15,00-0037809,C.Okonkwo,TE,TEN,CIN,0,0,0.0,0,0.0,0.0,0.0,0,0.0,0,10,8,59.0,0,5.9,13.9,,,75.0,250.0,25.17017647058824,2.0,Maryland,2022.0,2022.0,TEN,143.0,-10.0,0.27027026
2024,16,00-0037809,C.Okonkwo,TE,TEN,IND,0,0,0.0,0,0.0,0.0,0.0,0,0.0,0,11,9,81.0,0,10.1,19.1,,,75.0,250.0,25.17017647058824,2.0,Maryland,2022.0,2022.0,TEN,143.0,,0.33333334
2024,17,00-0037809,C.Okonkwo,TE,TEN,JAX,0,0,0.0,0,0.0,0.0,0.0,1,17.0,0,7,5,42.0,0,5.9,10.9,,,75.0,250.0,25.17017647058824,2.0,Maryland,2022.0,2022.0,TEN,143.0,,0.23333333
2024,1,00-0037816,R.Doubs,WR,GB,PHI,0,0,0.0,0,0.0,0.0,0.0,0,0.0,0,7,4,50.0,0,5.0,9.0,,,74.0,200.0,24.576666666666668,2.0,Nevada,2022.0,2022.0,GB,132.0,,0.21875
2024,2,00-0037816,R.Doubs,WR,GB,IND,0,0,0.0,0,0.0,0.0,0.0,0,0.0,0,3,3,62.0,0,6.2,9.2,,,74.0,200.0,24.576666666666668,2.0,Nevada,2022.0,2022.0,GB,132.0,6.0,0.23076923
2024,3,00-0037816,R.Doubs,WR,GB,TEN,0,0,0.0,0,0.0,0.0,0.0,0,0.0,0,2,1,18.0,0,1.8,2.8,,,74.0,200.0,24.576666666666668,2.0,Nevada,2022.0,2022.0,GB,132.0,,0.10526316
2024,4,00-0037816,R.Doubs,WR,GB,MIN,0,0,0.0,0,0.0,0.0,0.0,0,0.0,0,8,4,39.0,0,3.9,7.9,,,74.0,200.0,24.576666666666668,2.0,Nevada,2022.0,2022.0,GB,132.0,-2.0,0.14814815
2024,6,00-0037816,R.Doubs,WR,GB,ARI,0,0,0.0,0,0.0,0.0,0.0,0,0.0,0,4,3,49.0,2,16.9,19.9,,,74.0,200.0,24.576666666666668,2.0,Nevada,2022.0,2022.0,GB,132.0,21.0,0.12903225
2024,7,00-0037816,R.Doubs,WR,GB,HOU,0,0,0.0,0,0.0,0.0,0.0,0,0.0,0,10,8,94.0,0,9.4,17.4,,,74.0,200.0,24.576666666666668,2.0,Nevada,2022.0,2022.0,GB,132.0,2.0,0.3030303
2024,8,00-0037816,R.Doubs,WR,GB,JAX,0,0,0.0,0,0.0,0.0,0.0,0,0.0,0,6,3,72.0,0,7.2,10.2,,,74.0,200.0,24.576666666666668,2.0,Nevada,2022.0,2022.0,GB,132.0,,0.22222222
2024,9,00-0037816,R.Doubs,WR,GB,DET,0,0,0.0,0,0.0,0.0,0.0,0,0.0,0,5,4,28.0,0,2.8,6.8,,,74.0,200.0,24.576666666666668,2.0,Nevada,2022.0,2022.0,GB,132.0,-10.0,0.13513513
2024,11,00-0037816,R.Doubs,WR,GB,CHI,0,0,0.0,0,0.0,0.0,0.0,0,0.0,0,2,1,17.0,0,1.7,2.7,,,74.0,200.0,24.576666666666668,2.0,Nevada,2022.0,2022.0,GB,132.0,,0.11764706
2024,12,00-0037816,R.Doubs,WR,GB,SF,0,0,0.0,0,0.0,0.0,0.0,0,0.0,0,6,3,54.0,0,5.4,8.4,,,74.0,200.0,24.576666666666668,2.0,Nevada,2022.0,2022.0,GB,132.0,28.0,0.27272728
2024,15,00-0037816,R.Doubs,WR,GB,SEA,0,0,0.0,0,0.0,0.0,0.0,0,0.0,0,5,3,40.0,2,16.0,19.0,,,74.0,200.0,24.576666666666668,2.0,Nevada,2022.0,2022.0,GB,132.0,,0.1923077
2024,16,00-0037816,R.Doubs,WR,GB,NO,0,0,0.0,0,0.0,0.0,0.0,0,0.0,0,3,2,20.0,0,2.0,4.0,,,74.0,200.0,24.576666666666668,2.0,Nevada,2022.0,2022.0,GB,132.0,34.0,0.11111111
2024,17,00-0037816,R.Doubs,WR,GB,MIN,0,0,0.0,0,0.0,0.0,0.0,0,0.0,0,11,7,58.0,0,7.8,14.8,,,74.0,200.0,24.576666666666668,2.0,Nevada,2022.0,2022.0,GB,132.0,,0.37931034
2024,19,00-0037816,R.Doubs,WR,GB,PHI,0,0,0.0,0,0.0,0.0,0.0,0,0.0,0,2,2,13.0,0,1.3,3.3,,,74.0,200.0,24.576666666666668,2.0,Nevada,2022.0,2022.0,GB,132.0,,0.060606062
2024,17,00-0037827,T.Davis-Price,RB,PHI,DAL,0,0,0.0,0,0.0,0.0,0.0,3,7.0,0,0,0,0.0,0,0.7,0.7,,,73.0,223.0,24.084333333333333,2.0,Louisiana State,2022.0,2022.0,SF,93.0,34.0,
2024,1,00-0037834,B.Purdy,QB,SF,NYJ,19,29,231.0,0,0.0,2.0,6.0,1,11.0,0,0,0,0.0,0,10.34,10.34,,,73.0,212.0,24.863764705882353,2.0,Iowa State,2022.0,2022.0,SF,262.0,13.0,
2024,2,00-0037834,B.Purdy,QB,SF,MIN,28,36,319.0,1,1.0,6.0,25.0,2,12.0,0,0,0,0.0,0,13.96,13.96,,,73.0,212.0,24.863764705882353,2.0,Iowa State,2022.0,2022.0,SF,262.0,,
2024,3,00-0037834,B.Purdy,QB,SF,LA,22,30,292.0,3,0.0,1.0,4.0,10,41.0,0,0,0,0.0,0,25.78,25.78,,,73.0,212.0,24.863764705882353,2.0,Iowa State,2022.0,2022.0,SF,262.0,,
2024,4,00-0037834,B.Purdy,QB,SF,NE,15,27,288.0,1,1.0,1.0,5.0,5,11.0,0,0,0,0.0,0,14.62,14.62,,,73.0,212.0,24.863764705882353,2.0,Iowa State,2022.0,2022.0,SF,262.0,17.0,
2024,5,00-0037834,B.Purdy,QB,SF,ARI,19,35,244.0,1,2.0,2.0,13.0,4,33.0,0,0,0,0.0,0,13.06,13.06,,,73.0,212.0,24.863764705882353,2.0,Iowa State,2022.0,2022.0,SF,262.0,-1.0,
2024,6,00-0037834,B.Purdy,QB,SF,SEA,18,28,255.0,3,0.0,0.0,-0.0,4,19.0,0,0,0,0.0,0,24.1,24.1,,,73.0,212.0,24.863764705882353,2.0,Iowa State,2022.0,2022.0,SF,262.0,,
2024,7,00-0037834,B.Purdy,QB,SF,KC,17,31,212.0,0,3.0,1.0,3.0,8,27.0,2,0,0,0.0,0,17.18,17.18,,,73.0,212.0,24.863764705882353,2.0,Iowa State,2022.0,2022.0,SF,262.0,-10.0,
2024,8,00-0037834,B.Purdy,QB,SF,DAL,18,26,260.0,1,0.0,2.0,14.0,8,56.0,1,0,0,0.0,0,26.0,26.0,,,73.0,212.0,24.863764705882353,2.0,Iowa State,2022.0,2022.0,SF,262.0,6.0,
2024,10,00-0037834,B.Purdy,QB,SF,TB,25,36,353.0,2,0.0,3.0,15.0,4,17.0,0,0,0,0.0,0,23.82,23.82,,,73.0,212.0,24.863764705882353,2.0,Iowa State,2022.0,2022.0,SF,262.0,,
2024,11,00-0037834,B.Purdy,QB,SF,SEA,21,28,159.0,1,1.0,2.0,13.0,5,40.0,1,0,0,0.0,0,18.36,18.36,,,73.0,212.0,24.863764705882353,2.0,Iowa State,2022.0,2022.0,SF,262.0,-3.0,
2024,13,00-0037834,B.Purdy,QB,SF,BUF,11,18,94.0,0,0.0,2.0,8.0,2,4.0,0,0,0,0.0,0,2.16,2.16,,,73.0,212.0,24.863764705882353,2.0,Iowa State,2022.0,2022.0,SF,262.0,,
2024,14,00-0037834,B.Purdy,QB,SF,CHI,20,25,325.0,2,0.0,1.0,4.0,5,11.0,0,0,0,0.0,0,22.1,22.1,,,73.0,212.0,24.863764705882353,2.0,Iowa State,2022.0,2022.0,SF,262.0,25.0,
2024,15,00-0037834,B.Purdy,QB,SF,LA,14,31,142.0,0,1.0,3.0,14.0,1,3.0,0,0,0,0.0,0,3.98,3.98,,,73.0,212.0,24.863764705882353,2.0,Iowa State,2022.0,2022.0,SF,262.0,-6.0,
2024,16,00-0037834,B.Purdy,QB,SF,MIA,26,40,313.0,2,1.0,3.0,20.0,4,26.0,0,0,0,0.0,0,21.12,21.12,,,73.0,212.0,24.863764705882353,2.0,Iowa State,2022.0,2022.0,SF,262.0,,
2024,17,00-0037834,B.Purdy,QB,SF,DET,27,35,377.0,3,2.0,2.0,12.0,3,12.0,1,0,0,0.0,0,30.28,30.28,,,73.0,212.0,24.863764705882353,2.0,Iowa State,2022.0,2022.0,SF,262.0,-6.0,
2024,1,00-0037837,C.Austin,WR,PIT,ATL,0,0,0.0,0,0.0,0.0,0.0,0,0.0,0,2,1,7.0,0,0.7,1.7,,,69.0,162.0,25.63422222222222,2.0,Memphis,2022.0,2022.0,PIT,138.0,,0.09090909
2024,2,00-0037837,C.Austin,WR,PIT,DEN,0,0,0.0,0,0.0,0.0,0.0,0,0.0,0,2,1,6.0,0,0.6,1.6,,,69.0,162.0,25.63422222222222,2.0,Memphis,2022.0,2022.0,PIT,138.0,,0.11111111
2024,3,00-0037837,C.Austin,WR,PIT,LAC,0,0,0.0,0,0.0,0.0,0.0,0,0.0,0,5,4,95.0,1,15.5,19.5,,,69.0,162.0,25.63422222222222,2.0,Memphis,2022.0,2022.0,PIT,138.0,10.0,0.16129032
2024,4,00-0037837,C.Austin,WR,PIT,IND,0,0,0.0,0,0.0,0.0,0.0,0,0.0,0,1,1,17.0,0,1.7,2.7,,,69.0,162.0,25.63422222222222,2.0,Memphis,2022.0,2022.0,PIT,138.0,,0.03125
2024,5,00-0037837,C.Austin,WR,PIT,DAL,0,0,0.0,0,0.0,0.0,0.0,0,0.0,0,2,1,6.0,0,0.6,1.6,,,69.0,162.0,25.63422222222222,2.0,Memphis,2022.0,2022.0,PIT,138.0,-3.0,0.07692308
2024,6,00-0037837,C.Austin,WR,PIT,LV,0,0,0.0,0,0.0,0.0,0.0,0,0.0,0,5,2,36.0,0,3.6,5.6,,,69.0,162.0,25.63422222222222,2.0,Memphis,2022.0,2022.0,PIT,138.0,,0.2173913
2024,7,00-0037837,C.Austin,WR,PIT,NYJ,0,0,0.0,0,0.0,0.0,0.0,0,0.0,0,4,1,36.0,0,3.6,4.6,,,69.0,162.0,25.63422222222222,2.0,Memphis,2022.0,2022.0,PIT,138.0,22.0,0.14814815
2024,8,00-0037837,C.Austin,WR,PIT,NYG,0,0,0.0,0,0.0,0.0,0.0,0,0.0,0,4,3,54.0,1,17.4,20.4,,,69.0,162.0,25.63422222222222,2.0,Memphis,2022.0,2022.0,PIT,138.0,8.0,0.14814815
2024,10,00-0037837,C.Austin,WR,PIT,WAS,0,0,0.0,0,0.0,0.0,0.0,0,0.0,0,6,2,20.0,0,2.0,4.0,,,69.0,162.0,25.63422222222222,2.0,Memphis,2022.0,2022.0,PIT,138.0,,0.23076923
2024,11,00-0037837,C.Austin,WR,PIT,BAL,0,0,0.0,0,0.0,0.0,0.0,0,0.0,0,2,1,-1.0,0,-0.1,0.9,,,69.0,162.0,25.63422222222222,2.0,Memphis,2022.0,2022.0,PIT,138.0,2.0,0.0625
2024,12,00-0037837,C.Austin,WR,PIT,CLE,0,0,0.0,0,0.0,0.0,0.0,0,0.0,0,3,3,78.0,1,13.8,16.8,,,69.0,162.0,25.63422222222222,2.0,Memphis,2022.0,2022.0,PIT,138.0,,0.12
2024,13,00-0037837,C.Austin,WR,PIT,CIN,0,0,0.0,0,0.0,0.0,0.0,0,0.0,0,2,2,29.0,1,8.9,10.9,,,69.0,162.0,25.63422222222222,2.0,Memphis,2022.0,2022.0,PIT,138.0,,0.055555556
2024,14,00-0037837,C.Austin,WR,PIT,CLE,0,0,0.0,0,0.0,0.0,0.0,0,0.0,0,4,1,4.0,0,0.4,1.4,,,69.0,162.0,25.63422222222222,2.0,Memphis,2022.0,2022.0,PIT,138.0,13.0,0.16666667
2024,15,00-0037837,C.Austin,WR,PIT,PHI,0,0,0.0,0,0.0,0.0,0.0,0,0.0,0,5,5,65.0,0,6.5,11.5,,,69.0,162.0,25.63422222222222,2.0,Memphis,2022.0,2022.0,PIT,138.0,,0.23809524
2024,16,00-0037837,C.Austin,WR,PIT,BAL,0,0,0.0,0,0.0,0.0,0.0,0,0.0,0,5,4,65.0,0,6.5,10.5,,,69.0,162.0,25.63422222222222,2.0,Memphis,2022.0,2022.0,PIT,138.0,,0.1923077
2024,17,00-0037837,C.Austin,WR,PIT,KC,0,0,0.0,0,0.0,0.0,0.0,0,0.0,0,5,4,31.0,0,3.1,7.1,,,69.0,162.0,25.63422222222222,2.0,Memphis,2022.0,2022.0,PIT,138.0,-19.0,0.14285715
2024,18,00-0037837,C.Austin,WR,PIT,CIN,0,0,0.0,0,0.0,0.0,0.0,0,0.0,0,1,0,0.0,0,0.0,0.0,,,69.0,162.0,25.63422222222222,2.0,Memphis,2022.0,2022.0,PIT,138.0,-2.0,0.03448276
2024,19,00-0037837,C.Austin,WR,PIT,BAL,0,0,0.0,0,0.0,0.0,0.0,0,0.0,0,2,1,25.0,0,2.5,3.5,,,69.0,162.0,25.63422222222222,2.0,Memphis,2022.0,2022.0,PIT,138.0,,0.07692308
2024,1,00-0037838,I.Likely,TE,BAL,KC,0,0,0.0,0,0.0,0.0,0.0,0,0.0,0,12,9,111.0,1,17.1,26.1,,,76.0,240.0,24.568473684210527,2.0,Coastal Carolina,2022.0,2022.0,BAL,139.0,,0.3
2024,2,00-0037838,I.Likely,TE,BAL,LV,0,0,0.0,0,0.0,0.0,0.0,0,0.0,0,3,2,26.0,0,2.6,4.6,,,76.0,240.0,24.568473684210527,2.0,Coastal Carolina,2022.0,2022.0,BAL,139.0,-3.0,0.09677419
2024,3,00-0037838,I.Likely,TE,BAL,DAL,0,0,0.0,0,0.0,0.0,0.0,0,0.0,0,1,1,4.0,0,0.4,1.4,,,76.0,240.0,24.568473684210527,2.0,Coastal Carolina,2022.0,2022.0,BAL,139.0,,0.06666667
2024,4,00-0037838,I.Likely,TE,BAL,BUF,0,0,0.0,0,0.0,0.0,0.0,0,0.0,0,2,1,26.0,0,2.6,3.6,,,76.0,240.0,24.568473684210527,2.0,Coastal Carolina,2022.0,2022.0,BAL,139.0,25.0,0.11111111
2024,5,00-0037838,I.Likely,TE,BAL,CIN,0,0,0.0,0,0.0,0.0,0.0,0,0.0,0,3,3,13.0,2,13.3,16.3,,,76.0,240.0,24.568473684210527,2.0,Coastal Carolina,2022.0,2022.0,BAL,139.0,,0.07317073
2024,6,00-0037838,I.Likely,TE,BAL,WAS,0,0,0.0,0,0.0,0.0,0.0,0,0.0,0,4,2,27.0,0,2.7,4.7,,,76.0,240.0,24.568473684210527,2.0,Coastal Carolina,2022.0,2022.0,BAL,139.0,7.0,0.16
2024,7,00-0037838,I.Likely,TE,BAL,TB,0,0,0.0,0,0.0,0.0,0.0,0,0.0,0,4,2,17.0,0,1.7,3.7,,,76.0,240.0,24.568473684210527,2.0,Coastal Carolina,2022.0,2022.0,BAL,139.0,,0.1904762
2024,8,00-0037838,I.Likely,TE,BAL,CLE,0,0,0.0,0,0.0,0.0,0.0,0,0.0,0,4,4,47.0,0,4.7,8.7,,,76.0,240.0,24.568473684210527,2.0,Coastal Carolina,2022.0,2022.0,BAL,139.0,,0.114285715
2024,9,00-0037838,I.Likely,TE,BAL,DEN,0,0,0.0,0,0.0,0.0,0.0,0,0.0,0,1,0,0.0,0,0.0,0.0,,,76.0,240.0,24.568473684210527,2.0,Coastal Carolina,2022.0,2022.0,BAL,139.0,31.0,0.05263158
2024,11,00-0037838,I.Likely,TE,BAL,PIT,0,0,0.0,0,0.0,0.0,0.0,0,0.0,0,5,4,75.0,0,5.5,9.5,,,76.0,240.0,24.568473684210527,2.0,Coastal Carolina,2022.0,2022.0,BAL,139.0,,0.16129032
2024,13,00-0037838,I.Likely,TE,BAL,PHI,0,0,0.0,0,0.0,0.0,0.0,0,0.0,0,8,5,38.0,1,9.8,14.8,,,76.0,240.0,24.568473684210527,2.0,Coastal Carolina,2022.0,2022.0,BAL,139.0,-5.0,0.22857143
2024,15,00-0037838,I.Likely,TE,BAL,NYG,0,0,0.0,0,0.0,0.0,0.0,0,0.0,0,2,2,17.0,0,1.7,3.7,,,76.0,240.0,24.568473684210527,2.0,Coastal Carolina,2022.0,2022.0,BAL,139.0,,0.083333336
2024,16,00-0037838,I.Likely,TE,BAL,PIT,0,0,0.0,0,0.0,0.0,0.0,0,0.0,0,3,3,29.0,1,8.9,11.9,,,76.0,240.0,24.568473684210527,2.0,Coastal Carolina,2022.0,2022.0,BAL,139.0,17.0,0.13043478
2024,17,00-0037838,I.Likely,TE,BAL,HOU,0,0,0.0,0,0.0,0.0,0.0,0,0.0,0,1,1,9.0,1,6.9,7.9,,,76.0,240.0,24.568473684210527,2.0,Coastal Carolina,2022.0,2022.0,BAL,139.0,,0.0625
2024,18,00-0037838,I.Likely,TE,BAL,CLE,0,0,0.0,0,0.0,0.0,0.0,0,0.0,0,5,3,38.0,0,3.8,6.8,,,76.0,240.0,24.568473684210527,2.0,Coastal Carolina,2022.0,2022.0,BAL,139.0,25.0,0.16666667
2024,19,00-0037838,I.Likely,TE,BAL,PIT,0,0,0.0,0,0.0,0.0,0.0,0,0.0,0,4,3,53.0,0,5.3,8.3,,,76.0,240.0,24.568473684210527,2.0,Coastal Carolina,2022.0,2022.0,BAL,139.0,14.0,0.21052632
2024,20,00-0037838,I.Likely,TE,BAL,BUF,0,0,0.0,0,0.0,0.0,0.0,0,0.0,0,5,4,73.0,1,13.3,17.3,,,76.0,240.0,24.568473684210527,2.0,Coastal Carolina,2022.0,2022.0,BAL,139.0,,0.2
2024,1,00-0037840,K.Williams,RB,LA,DET,0,0,0.0,0,0.0,0.0,0.0,18,50.0,1,3,3,4.0,0,11.4,14.4,,,69.0,199.0,24.221526315789475,2.0,Notre Dame,2022.0,2022.0,LA,164.0,,0.0625
2024,2,00-0037840,K.Williams,RB,LA,ARI,0,0,0.0,0,0.0,0.0,0.0,12,25.0,1,5,4,27.0,0,11.2,15.2,,,69.0,199.0,24.221526315789475,2.0,Notre Dame,2022.0,2022.0,LA,164.0,,0.18518518
2024,3,00-0037840,K.Williams,RB,LA,SF,0,0,0.0,0,0.0,0.0,0.0,24,89.0,2,2,2,27.0,1,29.6,31.6,,,69.0,199.0,24.221526315789475,2.0,Notre Dame,2022.0,2022.0,LA,164.0,3.0,0.08695652
2024,4,00-0037840,K.Williams,RB,LA,CHI,0,0,0.0,0,0.0,0.0,0.0,19,94.0,1,4,4,10.0,0,16.4,20.4,,,69.0,199.0,24.221526315789475,2.0,Notre Dame,2022.0,2022.0,LA,164.0,,0.13793103
2024,5,00-0037840,K.Williams,RB,LA,GB,0,0,0.0,0,0.0,0.0,0.0,22,102.0,1,1,1,3.0,0,14.5,15.5,,,69.0,199.0,24.221526315789475,2.0,Notre Dame,2022.0,2022.0,LA,164.0,-5.0,0.022222223
2024,7,00-0037840,K.Williams,RB,LA,LV,0,0,0.0,0,0.0,0.0,0.0,21,76.0,2,0,0,0.0,0,19.6,19.6,,,69.0,199.0,24.221526315789475,2.0,Notre Dame,2022.0,2022.0,LA,164.0,5.0,
2024,8,00-0037840,K.Williams,RB,LA,MIN,0,0,0.0,0,0.0,0.0,0.0,23,97.0,0,7,5,19.0,1,17.6,22.6,,,69.0,199.0,24.221526315789475,2.0,Notre Dame,2022.0,2022.0,LA,164.0,10.0,0.20588236
2024,9,00-0037840,K.Williams,RB,LA,SEA,0,0,0.0,0,0.0,0.0,0.0,22,69.0,0,3,1,26.0,0,9.5,10.5,,,69.0,199.0,24.221526315789475,2.0,Notre Dame,2022.0,2022.0,LA,164.0,,0.071428575
2024,10,00-0037840,K.Williams,RB,LA,MIA,0,0,0.0,0,0.0,0.0,0.0,15,62.0,0,6,5,20.0,0,6.2,11.2,,,69.0,199.0,24.221526315789475,2.0,Notre Dame,2022.0,2022.0,LA,164.0,-8.0,0.13636364
2024,11,00-0037840,K.Williams,RB,LA,NE,0,0,0.0,0,0.0,0.0,0.0,15,86.0,0,0,0,0.0,0,8.6,8.6,,,69.0,199.0,24.221526315789475,2.0,Notre Dame,2022.0,2022.0,LA,164.0,,
2024,12,00-0037840,K.Williams,RB,LA,PHI,0,0,0.0,0,0.0,0.0,0.0,16,72.0,1,0,0,0.0,0,11.2,11.2,,,69.0,199.0,24.221526315789475,2.0,Notre Dame,2022.0,2022.0,LA,164.0,-17.0,
2024,13,00-0037840,K.Williams,RB,LA,NO,0,0,0.0,0,0.0,0.0,0.0,15,104.0,1,1,1,9.0,0,17.3,18.3,,,69.0,199.0,24.221526315789475,2.0,Notre Dame,2022.0,2022.0,LA,164.0,,0.04347826
2024,14,00-0037840,K.Williams,RB,LA,BUF,0,0,0.0,0,0.0,0.0,0.0,29,87.0,2,2,2,10.0,0,21.7,23.7,,,69.0,199.0,24.221526315789475,2.0,Notre Dame,2022.0,2022.0,LA,164.0,2.0,0.06666667
2024,15,00-0037840,K.Williams,RB,LA,SF,0,0,0.0,0,0.0,0.0,0.0,29,108.0,0,2,2,4.0,0,11.2,13.2,,,69.0,199.0,24.221526315789475,2.0,Notre Dame,2022.0,2022.0,LA,164.0,,0.07692308
2024,16,00-0037840,K.Williams,RB,LA,NYJ,0,0,0.0,0,0.0,0.0,0.0,23,122.0,1,1,1,7.0,0,18.9,19.9,,,69.0,199.0,24.221526315789475,2.0,Notre Dame,2022.0,2022.0,LA,164.0,,0.05263158
2024,17,00-0037840,K.Williams,RB,LA,ARI,0,0,0.0,0,0.0,0.0,0.0,13,56.0,1,3,3,16.0,0,13.2,16.2,,,69.0,199.0,24.221526315789475,2.0,Notre Dame,2022.0,2022.0,LA,164.0,4.0,0.10714286
2024,19,00-0037840,K.Williams,RB,LA,MIN,0,0,0.0,0,0.0,0.0,0.0,16,76.0,0,3,3,16.0,1,15.2,18.2,,,69.0,199.0,24.221526315789475,2.0,Notre Dame,2022.0,2022.0,LA,164.0,18.0,0.115384616
2024,20,00-0037840,K.Williams,RB,LA,PHI,0,0,0.0,0,0.0,0.0,0.0,19,106.0,0,2,1,-1.0,0,8.5,9.5,,,69.0,199.0,24.221526315789475,2.0,Notre Dame,2022.0,2022.0,LA,164.0,,0.045454547
2024,1,00-0038040,Z.White,RB,LV,LAC,0,0,0.0,0,0.0,0.0,0.0,13,44.0,0,2,2,2.0,0,2.6,4.6,,,72.0,215.0,25.136764705882353,2.0,Georgia,2022.0,2022.0,LV,122.0,,0.0625
2024,2,00-0038040,Z.White,RB,LV,BAL,0,0,0.0,0,0.0,0.0,0.0,9,24.0,0,4,3,14.0,0,3.8,6.8,,,72.0,215.0,25.136764705882353,2.0,Georgia,2022.0,2022.0,LV,122.0,,0.11111111
2024,3,00-0038040,Z.White,RB,LV,CAR,0,0,0.0,0,0.0,0.0,0.0,10,34.0,0,0,0,0.0,0,3.4,3.4,,,72.0,215.0,25.136764705882353,2.0,Georgia,2022.0,2022.0,LV,122.0,-14.0,
2024,4,00-0038040,Z.White,RB,LV,CLE,0,0,0.0,0,0.0,0.0,0.0,17,50.0,0,1,0,0.0,0,3.0,3.0,,,72.0,215.0,25.136764705882353,2.0,Georgia,2022.0,2022.0,LV,122.0,4.0,0.041666668
2024,7,00-0038040,Z.White,RB,LV,LA,0,0,0.0,0,0.0,0.0,0.0,3,13.0,0,1,1,14.0,0,2.7,3.7,,,72.0,215.0,25.136764705882353,2.0,Georgia,2022.0,2022.0,LV,122.0,,0.028571429
2024,8,00-0038040,Z.White,RB,LV,KC,0,0,0.0,0,0.0,0.0,0.0,2,-1.0,0,0,0,0.0,0,-0.1,-0.1,,,72.0,215.0,25.136764705882353,2.0,Georgia,2022.0,2022.0,LV,122.0,-7.0,
2024,9,00-0038040,Z.White,RB,LV,CIN,0,0,0.0,0,0.0,0.0,0.0,6,10.0,1,0,0,0.0,0,7.0,7.0,,,72.0,215.0,25.136764705882353,2.0,Georgia,2022.0,2022.0,LV,122.0,,
2024,11,00-0038040,Z.White,RB,LV,MIA,0,0,0.0,0,0.0,0.0,0.0,5,9.0,0,0,0,0.0,0,0.9,0.9,,,72.0,215.0,25.136764705882353,2.0,Georgia,2022.0,2022.0,LV,122.0,,
2024,1,00-0038041,J.Ferguson,TE,DAL,CLE,0,0,0.0,0,0.0,0.0,0.0,0,0.0,0,5,3,15.0,0,1.5,4.5,,,77.0,250.0,25.805,2.0,Wisconsin,2022.0,2022.0,DAL,129.0,,0.16129032
2024,3,00-0038041,J.Ferguson,TE,DAL,BAL,0,0,0.0,0,0.0,0.0,0.0,0,0.0,0,11,6,95.0,0,9.5,15.5,,,77.0,250.0,25.805,2.0,Wisconsin,2022.0,2022.0,DAL,129.0,-3.0,0.22
2024,4,00-0038041,J.Ferguson,TE,DAL,NYG,0,0,0.0,0,0.0,0.0,0.0,0,0.0,0,7,7,49.0,0,4.9,11.9,,,77.0,250.0,25.805,2.0,Wisconsin,2022.0,2022.0,DAL,129.0,,0.26923078
2024,5,00-0038041,J.Ferguson,TE,DAL,PIT,0,0,0.0,0,0.0,0.0,0.0,0,0.0,0,7,6,70.0,0,7.0,13.0,,,77.0,250.0,25.805,2.0,Wisconsin,2022.0,2022.0,DAL,129.0,,0.17073171
2024,6,00-0038041,J.Ferguson,TE,DAL,DET,0,0,0.0,0,0.0,0.0,0.0,0,0.0,0,4,3,11.0,0,1.1,4.1,,,77.0,250.0,25.805,2.0,Wisconsin,2022.0,2022.0,DAL,129.0,-38.0,0.093023255
2024,8,00-0038041,J.Ferguson,TE,DAL,SF,0,0,0.0,0,0.0,0.0,0.0,0,0.0,0,8,6,23.0,0,2.3,8.3,,,77.0,250.0,25.805,2.0,Wisconsin,2022.0,2022.0,DAL,129.0,,0.21621622
2024,9,00-0038041,J.Ferguson,TE,DAL,ATL,0,0,0.0,0,0.0,0.0,0.0,0,0.0,0,10,7,71.0,0,7.1,14.1,,,77.0,250.0,25.805,2.0,Wisconsin,2022.0,2022.0,DAL,129.0,,0.20833333
2024,10,00-0038041,J.Ferguson,TE,DAL,PHI,0,0,0.0,0,0.0,0.0,0.0,0,0.0,0,5,4,24.0,0,0.4,4.4,,,77.0,250.0,25.805,2.0,Wisconsin,2022.0,2022.0,DAL,129.0,-28.0,0.1724138
2024,11,00-0038041,J.Ferguson,TE,DAL,HOU,0,0,0.0,0,0.0,0.0,0.0,0,0.0,0,1,1,11.0,0,1.1,2.1,,,77.0,250.0,25.805,2.0,Wisconsin,2022.0,2022.0,DAL,129.0,-24.0,0.018518519
2024,14,00-0038041,J.Ferguson,TE,DAL,CIN,0,0,0.0,0,0.0,0.0,0.0,0,0.0,0,6,3,32.0,0,3.2,6.2,,,77.0,250.0,25.805,2.0,Wisconsin,2022.0,2022.0,DAL,129.0,-7.0,0.19354838
2024,15,00-0038041,J.Ferguson,TE,DAL,CAR,0,0,0.0,0,0.0,0.0,0.0,0,0.0,0,4,2,23.0,0,2.3,4.3,,,77.0,250.0,25.805,2.0,Wisconsin,2022.0,2022.0,DAL,129.0,,0.14285715
2024,16,00-0038041,J.Ferguson,TE,DAL,TB,0,0,0.0,0,0.0,0.0,0.0,0,0.0,0,9,6,40.0,0,4.0,10.0,,,77.0,250.0,25.805,2.0,Wisconsin,2022.0,2022.0,DAL,129.0,2.0,0.27272728
2024,17,00-0038041,J.Ferguson,TE,DAL,PHI,0,0,0.0,0,0.0,0.0,0.0,0,0.0,0,5,3,18.0,0,-0.2,2.8,,,77.0,250.0,25.805,2.0,Wisconsin,2022.0,2022.0,DAL,129.0,,0.1724138
2024,18,00-0038041,J.Ferguson,TE,DAL,WAS,0,0,0.0,0,0.0,0.0,0.0,0,0.0,0,4,2,12.0,0,1.2,3.2,,,77.0,250.0,25.805,2.0,Wisconsin,2022.0,2022.0,DAL,129.0,-4.0,0.121212125
2024,2,00-0038046,C.Kolar,TE,BAL,LV,0,0,0.0,0,0.0,0.0,0.0,0,0.0,0,1,1,4.0,0,0.4,1.4,,,78.0,255.0,25.753947368421052,2.0,Iowa State,2022.0,2022.0,BAL,128.0,-3.0,0.032258064
2024,3,00-0038046,C.Kolar,TE,BAL,DAL,0,0,0.0,0,0.0,0.0,0.0,0,0.0,0,1,1,30.0,0,3.0,4.0,,,78.0,255.0,25.753947368421052,2.0,Iowa State,2022.0,2022.0,BAL,128.0,,0.06666667
2024,5,00-0038046,C.Kolar,TE,BAL,CIN,0,0,0.0,0,0.0,0.0,0.0,1,2.0,0,4,3,64.0,1,12.6,15.6,,,78.0,255.0,25.753947368421052,2.0,Iowa State,2022.0,2022.0,BAL,128.0,,0.09756097
2024,7,00-0038046,C.Kolar,TE,BAL,TB,0,0,0.0,0,0.0,0.0,0.0,0,0.0,0,1,1,14.0,0,1.4,2.4,,,78.0,255.0,25.753947368421052,2.0,Iowa State,2022.0,2022.0,BAL,128.0,,0.04761905
2024,8,00-0038046,C.Kolar,TE,BAL,CLE,0,0,0.0,0,0.0,0.0,0.0,0,0.0,0,2,1,9.0,0,0.9,1.9,,,78.0,255.0,25.753947368421052,2.0,Iowa State,2022.0,2022.0,BAL,128.0,,0.057142857
2024,10,00-0038046,C.Kolar,TE,BAL,CIN,0,0,0.0,0,0.0,0.0,0.0,0,0.0,0,1,1,4.0,0,0.4,1.4,,,78.0,255.0,25.753947368421052,2.0,Iowa State,2022.0,2022.0,BAL,128.0,1.0,0.03125
2024,12,00-0038046,C.Kolar,TE,BAL,LAC,0,0,0.0,0,0.0,0.0,0.0,0,0.0,0,1,1,6.0,0,0.6,1.6,,,78.0,255.0,25.753947368421052,2.0,Iowa State,2022.0,2022.0,BAL,128.0,,0.04761905
2024,4,00-0038090,S.Moore,WR,KC,LAC,0,0,0.0,0,0.0,0.0,0.0,0,0.0,0,2,0,0.0,0,0.0,0.0,,,70.0,195.0,24.1936,2.0,Western Michigan,2022.0,2022.0,KC,54.0,,0.071428575
2024,7,00-0038090,S.Moore,WR,KC,SF,0,0,0.0,0,0.0,0.0,0.0,0,0.0,0,1,0,0.0,0,0.0,0.0,,,70.0,195.0,24.1936,2.0,Western Michigan,2022.0,2022.0,KC,54.0,,0.04
2024,3,00-0038092,E.Ezukanma,WR,MIA,SEA,0,0,0.0,0,0.0,0.0,0.0,0,0.0,0,2,0,0.0,0,0.0,0.0,,,74.0,220.0,24.787647058823527,2.0,Texas Tech,2022.0,2022.0,MIA,125.0,,0.06451613
2024,1,00-0038098,P.Strong,RB,CLE,DAL,0,0,0.0,0,0.0,0.0,0.0,2,10.0,0,3,2,20.0,0,3.0,5.0,,,71.0,205.0,25.908529411764704,2.0,South Dakota State,2022.0,2022.0,NE,127.0,-16.0,0.069767445
2024,2,00-0038098,P.Strong,RB,CLE,JAX,0,0,0.0,0,0.0,0.0,0.0,1,-5.0,0,2,1,10.0,0,0.5,1.5,,,71.0,205.0,25.908529411764704,2.0,South Dakota State,2022.0,2022.0,NE,127.0,,0.060606062
2024,5,00-0038098,P.Strong,RB,CLE,WAS,0,0,0.0,0,0.0,0.0,0.0,1,2.0,0,1,0,0.0,0,0.2,0.2,,,71.0,205.0,25.908529411764704,2.0,South Dakota State,2022.0,2022.0,NE,127.0,,0.035714287
2024,6,00-0038098,P.Strong,RB,CLE,PHI,0,0,0.0,0,0.0,0.0,0.0,8,43.0,0,3,2,35.0,0,7.8,9.8,,,71.0,205.0,25.908529411764704,2.0,South Dakota State,2022.0,2022.0,NE,127.0,,0.13043478
2024,7,00-0038098,P.Strong,RB,CLE,CIN,0,0,0.0,0,0.0,0.0,0.0,3,6.0,0,3,1,9.0,0,1.5,2.5,,,71.0,205.0,25.908529411764704,2.0,South Dakota State,2022.0,2022.0,NE,127.0,-7.0,0.0625
2024,8,00-0038098,P.Strong,RB,CLE,BAL,0,0,0.0,0,0.0,0.0,0.0,0,0.0,0,1,1,3.0,0,0.3,1.3,,,71.0,205.0,25.908529411764704,2.0,South Dakota State,2022.0,2022.0,NE,127.0,5.0,0.024390243
2024,9,00-0038098,P.Strong,RB,CLE,LAC,0,0,0.0,0,0.0,0.0,0.0,2,8.0,0,0,0,0.0,0,0.8,0.8,,,71.0,205.0,25.908529411764704,2.0,South Dakota State,2022.0,2022.0,NE,127.0,-17.0,
2024,11,00-0038098,P.Strong,RB,CLE,NO,0,0,0.0,0,0.0,0.0,0.0,2,5.0,0,0,0,0.0,0,0.5,0.5,,,71.0,205.0,25.908529411764704,2.0,South Dakota State,2022.0,2022.0,NE,127.0,,
2024,14,00-0038098,P.Strong,RB,CLE,PIT,0,0,0.0,0,0.0,0.0,0.0,0,0.0,0,2,2,9.0,0,0.9,2.9,,,71.0,205.0,25.908529411764704,2.0,South Dakota State,2022.0,2022.0,NE,127.0,,0.054054055
2024,16,00-0038098,P.Strong,RB,CLE,CIN,0,0,0.0,0,0.0,0.0,0.0,2,6.0,0,2,2,3.0,0,0.9,2.9,,,71.0,205.0,25.908529411764704,2.0,South Dakota State,2022.0,2022.0,NE,127.0,,0.06451613
2024,17,00-0038098,P.Strong,RB,CLE,MIA,0,0,0.0,0,0.0,0.0,0.0,5,33.0,0,5,3,15.0,0,4.8,7.8,,,71.0,205.0,25.908529411764704,2.0,South Dakota State,2022.0,2022.0,NE,127.0,-17.0,0.11627907
2024,7,00-0038102,K.Pickett,QB,PHI,NYG,0,1,0.0,0,0.0,1.0,8.0,0,0.0,0,0,0,0.0,0,0.0,0.0,,,75.0,220.0,26.466333333333335,2.0,Pittsburgh,2022.0,2022.0,PIT,20.0,,
2024,10,00-0038102,K.Pickett,QB,PHI,DAL,1,2,5.0,0,0.0,0.0,-0.0,1,1.0,0,0,0,0.0,0,0.3,0.3,,,75.0,220.0,26.466333333333335,2.0,Pittsburgh,2022.0,2022.0,PIT,20.0,,
2024,12,00-0038102,K.Pickett,QB,PHI,LA,0,0,0.0,0,0.0,0.0,0.0,2,-2.0,0,0,0,0.0,0,-0.2,-0.2,,,75.0,220.0,26.466333333333335,2.0,Pittsburgh,2022.0,2022.0,PIT,20.0,,
2024,16,00-0038102,K.Pickett,QB,PHI,WAS,14,24,143.0,1,1.0,3.0,25.0,3,13.0,0,0,0,0.0,0,9.02,9.02,,,75.0,220.0,26.466333333333335,2.0,Pittsburgh,2022.0,2022.0,PIT,20.0,,
2024,17,00-0038102,K.Pickett,QB,PHI,DAL,10,15,143.0,1,0.0,0.0,-0.0,3,3.0,1,0,0,0.0,0,16.02,16.02,,,75.0,220.0,26.466333333333335,2.0,Pittsburgh,2022.0,2022.0,PIT,20.0,34.0,
2024,21,00-0038102,K.Pickett,QB,PHI,WAS,0,0,0.0,0,0.0,0.0,0.0,2,-3.0,0,0,0,0.0,0,-0.3,-0.3,,,75.0,220.0,26.466333333333335,2.0,Pittsburgh,2022.0,2022.0,PIT,20.0,32.0,
2024,22,00-0038102,K.Pickett,QB,PHI,KC,0,1,0.0,0,0.0,0.0,-0.0,3,-4.0,0,0,0,0.0,0,-0.4,-0.4,,,75.0,220.0,26.466333333333335,2.0,Pittsburgh,2022.0,2022.0,PIT,20.0,18.0,
2024,1,00-0038104,T.Thornton,WR,NE,CIN,0,0,0.0,0,0.0,0.0,0.0,0,0.0,0,3,2,27.0,0,2.7,4.7,,,74.0,180.0,24.281428571428574,2.0,Baylor,2022.0,2022.0,NE,50.0,,0.13043478
2024,3,00-0038104,T.Thornton,WR,NE,NYJ,0,0,0.0,0,0.0,0.0,0.0,0,0.0,0,1,0,0.0,0,0.0,0.0,,,74.0,180.0,24.281428571428574,2.0,Baylor,2022.0,2022.0,NE,50.0,,0.041666668
2024,4,00-0038104,T.Thornton,WR,NE,SF,0,0,0.0,0,0.0,0.0,0.0,0,0.0,0,1,0,0.0,0,0.0,0.0,,,74.0,180.0,24.281428571428574,2.0,Baylor,2022.0,2022.0,NE,50.0,,0.03125
2024,8,00-0038104,T.Thornton,WR,NE,NYJ,0,0,0.0,0,0.0,0.0,0.0,0,0.0,0,3,2,20.0,0,2.0,4.0,,,74.0,180.0,24.281428571428574,2.0,Baylor,2022.0,2022.0,NE,50.0,3.0,0.10344828
2024,18,00-0038108,B.Zappe,QB,CLE,BAL,16,31,170.0,1,2.0,1.0,5.0,2,2.0,0,0,0,0.0,0,7.0,7.0,,,73.0,220.0,25.53725,2.0,Western Kentucky,2022.0,2022.0,NE,137.0,,
2024,1,00-0038115,D.Bellinger,TE,NYG,MIN,0,0,0.0,0,0.0,0.0,0.0,0,0.0,0,1,1,3.0,0,0.3,1.3,,,78.0,255.0,24.122,2.0,San Diego State,2022.0,2022.0,NYG,112.0,-22.0,0.02631579
2024,3,00-0038115,D.Bellinger,TE,NYG,CLE,0,0,0.0,0,0.0,0.0,0.0,0,0.0,0,1,1,17.0,0,1.7,2.7,,,78.0,255.0,24.122,2.0,San Diego State,2022.0,2022.0,NYG,112.0,,0.030303031
2024,7,00-0038115,D.Bellinger,TE,NYG,PHI,0,0,0.0,0,0.0,0.0,0.0,0,0.0,0,1,1,11.0,0,1.1,2.1,,,78.0,255.0,24.122,2.0,San Diego State,2022.0,2022.0,NYG,112.0,-25.0,0.037037037
2024,14,00-0038115,D.Bellinger,TE,NYG,NO,0,0,0.0,0,0.0,0.0,0.0,0,0.0,0,7,5,45.0,0,4.5,9.5,,,78.0,255.0,24.122,2.0,San Diego State,2022.0,2022.0,NYG,112.0,-3.0,0.1521739
2024,15,00-0038115,D.Bellinger,TE,NYG,BAL,0,0,0.0,0,0.0,0.0,0.0,0,0.0,0,3,3,35.0,0,3.5,6.5,,,78.0,255.0,24.122,2.0,San Diego State,2022.0,2022.0,NYG,112.0,-21.0,0.0882353
2024,16,00-0038115,D.Bellinger,TE,NYG,ATL,0,0,0.0,0,0.0,0.0,0.0,0,0.0,0,2,1,5.0,0,0.5,1.5,,,78.0,255.0,24.122,2.0,San Diego State,2022.0,2022.0,NYG,112.0,,0.054054055
2024,18,00-0038115,D.Bellinger,TE,NYG,PHI,0,0,0.0,0,0.0,0.0,0.0,0,0.0,0,2,2,9.0,0,0.9,2.9,,,78.0,255.0,24.122,2.0,San Diego State,2022.0,2022.0,NYG,112.0,,0.071428575
2024,1,00-0038117,W.Robinson,WR,NYG,MIN,0,0,0.0,0,0.0,0.0,0.0,1,14.0,0,12,6,44.0,0,5.8,11.8,,,68.0,185.0,23.83464705882353,2.0,Kentucky,2022.0,2022.0,NYG,43.0,-22.0,0.31578946
2024,2,00-0038117,W.Robinson,WR,NYG,WAS,0,0,0.0,0,0.0,0.0,0.0,0,0.0,0,4,2,18.0,1,7.8,9.8,,,68.0,185.0,23.83464705882353,2.0,Kentucky,2022.0,2022.0,NYG,43.0,,0.14814815
2024,3,00-0038117,W.Robinson,WR,NYG,CLE,0,0,0.0,0,0.0,0.0,0.0,0,0.0,0,8,7,61.0,0,6.1,13.1,,,68.0,185.0,23.83464705882353,2.0,Kentucky,2022.0,2022.0,NYG,43.0,,0.24242425
2024,4,00-0038117,W.Robinson,WR,NYG,DAL,0,0,0.0,0,0.0,0.0,0.0,0,0.0,0,14,11,71.0,0,7.1,18.1,,,68.0,185.0,23.83464705882353,2.0,Kentucky,2022.0,2022.0,NYG,43.0,-5.0,0.36842105
2024,5,00-0038117,W.Robinson,WR,NYG,SEA,0,0,0.0,0,0.0,0.0,0.0,1,4.0,0,9,6,36.0,1,10.0,16.0,,,68.0,185.0,23.83464705882353,2.0,Kentucky,2022.0,2022.0,NYG,43.0,,0.29032257
2024,6,00-0038117,W.Robinson,WR,NYG,CIN,0,0,0.0,0,0.0,0.0,0.0,0,0.0,0,11,5,50.0,0,5.0,10.0,,,68.0,185.0,23.83464705882353,2.0,Kentucky,2022.0,2022.0,NYG,43.0,-10.0,0.30555555
2024,7,00-0038117,W.Robinson,WR,NYG,PHI,0,0,0.0,0,0.0,0.0,0.0,0,0.0,0,9,6,23.0,0,2.3,8.3,,,68.0,185.0,23.83464705882353,2.0,Kentucky,2022.0,2022.0,NYG,43.0,-25.0,0.33333334
2024,8,00-0038117,W.Robinson,WR,NYG,PIT,0,0,0.0,0,0.0,0.0,0.0,0,0.0,0,5,5,30.0,0,3.0,8.0,,,68.0,185.0,23.83464705882353,2.0,Kentucky,2022.0,2022.0,NYG,43.0,,0.13513513
2024,9,00-0038117,W.Robinson,WR,NYG,WAS,0,0,0.0,0,0.0,0.0,0.0,0,0.0,0,4,3,10.0,0,1.0,4.0,,,68.0,185.0,23.83464705882353,2.0,Kentucky,2022.0,2022.0,NYG,43.0,-5.0,0.15384616
2024,10,00-0038117,W.Robinson,WR,NYG,CAR,0,0,0.0,0,0.0,0.0,0.0,0,0.0,0,8,5,51.0,0,5.1,10.1,,,68.0,185.0,23.83464705882353,2.0,Kentucky,2022.0,2022.0,NYG,43.0,,0.25
2024,12,00-0038117,W.Robinson,WR,NYG,TB,0,0,0.0,0,0.0,0.0,0.0,1,0.0,0,5,5,47.0,0,4.7,9.7,,,68.0,185.0,23.83464705882353,2.0,Kentucky,2022.0,2022.0,NYG,43.0,-23.0,0.16666667
2024,13,00-0038117,W.Robinson,WR,NYG,DAL,0,0,0.0,0,0.0,0.0,0.0,0,0.0,0,2,2,6.0,0,0.6,2.6,,,68.0,185.0,23.83464705882353,2.0,Kentucky,2022.0,2022.0,NYG,43.0,,0.0625
2024,14,00-0038117,W.Robinson,WR,NYG,NO,0,0,0.0,0,0.0,0.0,0.0,0,0.0,0,11,4,38.0,0,3.8,7.8,,,68.0,185.0,23.83464705882353,2.0,Kentucky,2022.0,2022.0,NYG,43.0,-3.0,0.23913044
2024,15,00-0038117,W.Robinson,WR,NYG,BAL,0,0,0.0,0,0.0,0.0,0.0,0,0.0,0,9,4,38.0,0,3.8,7.8,,,68.0,185.0,23.83464705882353,2.0,Kentucky,2022.0,2022.0,NYG,43.0,-21.0,0.2647059
2024,16,00-0038117,W.Robinson,WR,NYG,ATL,0,0,0.0,0,0.0,0.0,0.0,0,0.0,0,12,7,62.0,0,6.2,13.2,,,68.0,185.0,23.83464705882353,2.0,Kentucky,2022.0,2022.0,NYG,43.0,,0.3243243
2024,17,00-0038117,W.Robinson,WR,NYG,IND,0,0,0.0,0,0.0,0.0,0.0,0,0.0,0,6,5,71.0,1,13.1,18.1,,,68.0,185.0,23.83464705882353,2.0,Kentucky,2022.0,2022.0,NYG,43.0,12.0,0.27272728
2024,18,00-0038117,W.Robinson,WR,NYG,PHI,0,0,0.0,0,0.0,0.0,0.0,0,0.0,0,11,10,43.0,0,4.3,14.3,,,68.0,185.0,23.83464705882353,2.0,Kentucky,2022.0,2022.0,NYG,43.0,,0.39285713
2024,1,00-0038120,B.Hall,RB,NYJ,SF,0,0,0.0,0,0.0,0.0,0.0,16,54.0,1,6,5,39.0,0,13.3,18.3,,,71.0,220.0,23.43394117647059,2.0,Iowa State,2022.0,2022.0,NYJ,36.0,,0.20689656
2024,2,00-0038120,B.Hall,RB,NYJ,TEN,0,0,0.0,0,0.0,0.0,0.0,14,62.0,0,8,7,52.0,1,17.4,24.4,,,71.0,220.0,23.43394117647059,2.0,Iowa State,2022.0,2022.0,NYJ,36.0,,0.27586207
2024,3,00-0038120,B.Hall,RB,NYJ,NE,0,0,0.0,0,0.0,0.0,0.0,16,54.0,1,5,4,29.0,0,14.3,18.3,,,71.0,220.0,23.43394117647059,2.0,Iowa State,2022.0,2022.0,NYJ,36.0,21.0,0.14705883
2024,4,00-0038120,B.Hall,RB,NYJ,DEN,0,0,0.0,0,0.0,0.0,0.0,10,4.0,0,5,2,14.0,0,1.8,3.8,,,71.0,220.0,23.43394117647059,2.0,Iowa State,2022.0,2022.0,NYJ,36.0,-1.0,0.12195122
2024,5,00-0038120,B.Hall,RB,NYJ,MIN,0,0,0.0,0,0.0,0.0,0.0,9,23.0,0,4,3,14.0,0,3.7,6.7,,,71.0,220.0,23.43394117647059,2.0,Iowa State,2022.0,2022.0,NYJ,36.0,,0.078431375
2024,6,00-0038120,B.Hall,RB,NYJ,BUF,0,0,0.0,0,0.0,0.0,0.0,18,113.0,0,6,5,56.0,0,16.9,21.9,,,71.0,220.0,23.43394117647059,2.0,Iowa State,2022.0,2022.0,NYJ,36.0,-3.0,0.1764706
2024,7,00-0038120,B.Hall,RB,NYJ,PIT,0,0,0.0,0,0.0,0.0,0.0,12,38.0,1,9,6,103.0,0,20.1,26.1,,,71.0,220.0,23.43394117647059,2.0,Iowa State,2022.0,2022.0,NYJ,36.0,,0.23076923
2024,8,00-0038120,B.Hall,RB,NYJ,NE,0,0,0.0,0,0.0,0.0,0.0,16,80.0,0,3,1,9.0,0,8.9,9.9,,,71.0,220.0,23.43394117647059,2.0,Iowa State,2022.0,2022.0,NYJ,36.0,,0.12
2024,9,00-0038120,B.Hall,RB,NYJ,HOU,0,0,0.0,0,0.0,0.0,0.0,15,74.0,0,4,2,11.0,0,8.5,10.5,,,71.0,220.0,23.43394117647059,2.0,Iowa State,2022.0,2022.0,NYJ,36.0,8.0,0.125
2024,10,00-0038120,B.Hall,RB,NYJ,ARI,0,0,0.0,0,0.0,0.0,0.0,10,52.0,0,4,4,31.0,0,8.3,12.3,,,71.0,220.0,23.43394117647059,2.0,Iowa State,2022.0,2022.0,NYJ,36.0,,0.121212125
2024,11,00-0038120,B.Hall,RB,NYJ,IND,0,0,0.0,0,0.0,0.0,0.0,16,78.0,1,7,7,43.0,1,24.1,31.1,,,71.0,220.0,23.43394117647059,2.0,Iowa State,2022.0,2022.0,NYJ,36.0,-1.0,0.2413793
2024,13,00-0038120,B.Hall,RB,NYJ,SEA,0,0,0.0,0,0.0,0.0,0.0,12,60.0,0,1,0,0.0,0,6.0,6.0,,,71.0,220.0,23.43394117647059,2.0,Iowa State,2022.0,2022.0,NYJ,36.0,-5.0,0.02631579
2024,15,00-0038120,B.Hall,RB,NYJ,JAX,0,0,0.0,0,0.0,0.0,0.0,9,30.0,1,2,2,21.0,0,11.1,13.1,,,71.0,220.0,23.43394117647059,2.0,Iowa State,2022.0,2022.0,NYJ,36.0,,0.071428575
2024,16,00-0038120,B.Hall,RB,NYJ,LA,0,0,0.0,0,0.0,0.0,0.0,14,52.0,0,6,5,38.0,0,9.0,14.0,,,71.0,220.0,23.43394117647059,2.0,Iowa State,2022.0,2022.0,NYJ,36.0,-10.0,0.14285715
2024,17,00-0038120,B.Hall,RB,NYJ,BUF,0,0,0.0,0,0.0,0.0,0.0,10,45.0,0,1,1,8.0,0,5.3,6.3,,,71.0,220.0,23.43394117647059,2.0,Iowa State,2022.0,2022.0,NYJ,36.0,,0.032258064
2024,18,00-0038120,B.Hall,RB,NYJ,MIA,0,0,0.0,0,0.0,0.0,0.0,12,57.0,0,5,3,15.0,1,15.2,18.2,,,71.0,220.0,23.43394117647059,2.0,Iowa State,2022.0,2022.0,NYJ,36.0,12.0,0.14285715
2024,9,00-0038122,D.Ridder,QB,LV,CIN,11,16,74.0,1,0.0,4.0,34.0,1,2.0,0,0,0,0.0,0,5.16,5.16,,,75.0,215.0,25.186294117647062,2.0,Cincinnati,2022.0,2022.0,ATL,74.0,,
2024,12,00-0038122,D.Ridder,QB,LV,DEN,5,10,64.0,0,0.0,2.0,16.0,1,3.0,0,0,0,0.0,0,0.86,0.86,,,75.0,215.0,25.186294117647062,2.0,Cincinnati,2022.0,2022.0,ATL,74.0,-10.0,
2024,14,00-0038122,D.Ridder,QB,LV,TB,12,18,101.0,0,0.0,1.0,-0.0,2,3.0,0,0,0,0.0,0,4.34,4.34,,,75.0,215.0,25.186294117647062,2.0,Cincinnati,2022.0,2022.0,ATL,74.0,,
2024,15,00-0038122,D.Ridder,QB,LV,ATL,23,39,208.0,1,2.0,3.0,14.0,5,28.0,0,0,0,0.0,0,11.12,11.12,,,75.0,215.0,25.186294117647062,2.0,Cincinnati,2022.0,2022.0,ATL,74.0,-6.0,
2024,18,00-0038122,D.Ridder,QB,LV,LAC,1,2,11.0,0,0.0,0.0,-0.0,0,0.0,0,0,0,0.0,0,0.44,0.44,,,75.0,215.0,25.186294117647062,2.0,Cincinnati,2022.0,2022.0,ATL,74.0,-14.0,
2024,18,00-0038123,D.Belton,SS,NYG,PHI,0,0,0.0,0,0.0,0.0,0.0,1,10.0,0,0,0,0.0,0,1.0,1.0,,,73.0,205.0,23.913941176470587,2.0,Iowa,2022.0,2022.0,NYG,114.0,,
2024,1,00-0038124,C.Watson,WR,GB,PHI,0,0,0.0,0,0.0,0.0,0.0,0,0.0,0,5,3,13.0,1,7.3,10.3,,,76.0,208.0,25.499333333333333,2.0,North Dakota State,2022.0,2022.0,GB,34.0,,0.15625
2024,3,00-0038124,C.Watson,WR,GB,TEN,0,0,0.0,0,0.0,0.0,0.0,0,0.0,0,2,2,67.0,0,6.7,8.7,,,76.0,208.0,25.499333333333333,2.0,North Dakota State,2022.0,2022.0,GB,34.0,,0.10526316
2024,4,00-0038124,C.Watson,WR,GB,MIN,0,0,0.0,0,0.0,0.0,0.0,0,0.0,0,1,0,0.0,0,0.0,0.0,,,76.0,208.0,25.499333333333333,2.0,North Dakota State,2022.0,2022.0,GB,34.0,-2.0,0.018518519
2024,6,00-0038124,C.Watson,WR,GB,ARI,0,0,0.0,0,0.0,0.0,0.0,0,0.0,0,4,3,68.0,1,12.8,15.8,,,76.0,208.0,25.499333333333333,2.0,North Dakota State,2022.0,2022.0,GB,34.0,21.0,0.12903225
2024,7,00-0038124,C.Watson,WR,GB,HOU,0,0,0.0,0,0.0,0.0,0.0,1,-4.0,0,2,1,9.0,0,0.5,1.5,,,76.0,208.0,25.499333333333333,2.0,North Dakota State,2022.0,2022.0,GB,34.0,2.0,0.060606062
2024,8,00-0038124,C.Watson,WR,GB,JAX,0,0,0.0,0,0.0,0.0,0.0,0,0.0,0,6,4,39.0,0,3.9,7.9,,,76.0,208.0,25.499333333333333,2.0,North Dakota State,2022.0,2022.0,GB,34.0,,0.22222222
2024,9,00-0038124,C.Watson,WR,GB,DET,0,0,0.0,0,0.0,0.0,0.0,0,0.0,0,7,3,37.0,0,5.7,8.7,,,76.0,208.0,25.499333333333333,2.0,North Dakota State,2022.0,2022.0,GB,34.0,-10.0,0.1891892
2024,11,00-0038124,C.Watson,WR,GB,CHI,0,0,0.0,0,0.0,0.0,0.0,0,0.0,0,4,4,150.0,0,15.0,19.0,,,76.0,208.0,25.499333333333333,2.0,North Dakota State,2022.0,2022.0,GB,34.0,,0.23529412
2024,12,00-0038124,C.Watson,WR,GB,SF,0,0,0.0,0,0.0,0.0,0.0,1,4.0,0,3,0,0.0,0,0.4,0.4,,,76.0,208.0,25.499333333333333,2.0,North Dakota State,2022.0,2022.0,GB,34.0,28.0,0.13636364
2024,13,00-0038124,C.Watson,WR,GB,MIA,0,0,0.0,0,0.0,0.0,0.0,0,0.0,0,4,2,67.0,0,6.7,8.7,,,76.0,208.0,25.499333333333333,2.0,North Dakota State,2022.0,2022.0,GB,34.0,13.0,0.14285715
2024,14,00-0038124,C.Watson,WR,GB,DET,0,0,0.0,0,0.0,0.0,0.0,0,0.0,0,7,4,114.0,0,9.4,13.4,,,76.0,208.0,25.499333333333333,2.0,North Dakota State,2022.0,2022.0,GB,34.0,,0.36842105
2024,15,00-0038124,C.Watson,WR,GB,SEA,0,0,0.0,0,0.0,0.0,0.0,0,0.0,0,6,3,56.0,0,5.6,8.6,,,76.0,208.0,25.499333333333333,2.0,North Dakota State,2022.0,2022.0,GB,34.0,,0.23076923
2024,16,00-0038124,C.Watson,WR,GB,NO,0,0,0.0,0,0.0,0.0,0.0,2,23.0,0,1,0,0.0,0,2.3,2.3,,,76.0,208.0,25.499333333333333,2.0,North Dakota State,2022.0,2022.0,GB,34.0,34.0,0.037037037
2024,18,00-0038124,C.Watson,WR,GB,CHI,0,0,0.0,0,0.0,0.0,0.0,0,0.0,0,1,0,0.0,0,0.0,0.0,,,76.0,208.0,25.499333333333333,2.0,North Dakota State,2022.0,2022.0,GB,34.0,-2.0,0.04
2024,1,00-0038128,M.Willis,QB,GB,PHI,0,1,0.0,0,0.0,1.0,4.0,0,0.0,0,0,0,0.0,0,0.0,0.0,,,73.0,215.0,25.46366666666667,2.0,Liberty,2022.0,2022.0,TEN,86.0,,
2024,2,00-0038128,M.Willis,QB,GB,IND,12,14,122.0,1,0.0,0.0,-0.0,6,41.0,0,0,0,0.0,0,12.98,12.98,,,73.0,215.0,25.46366666666667,2.0,Liberty,2022.0,2022.0,TEN,86.0,6.0,
2024,3,00-0038128,M.Willis,QB,GB,TEN,13,19,202.0,1,0.0,3.0,12.0,6,73.0,1,0,0,0.0,0,25.38,25.38,,,73.0,215.0,25.46366666666667,2.0,Liberty,2022.0,2022.0,TEN,86.0,,
2024,8,00-0038128,M.Willis,QB,GB,JAX,4,5,56.0,1,0.0,1.0,-0.0,4,23.0,0,0,0,0.0,0,8.54,8.54,,,73.0,215.0,25.46366666666667,2.0,Liberty,2022.0,2022.0,TEN,86.0,,
2024,16,00-0038128,M.Willis,QB,GB,NO,1,2,34.0,0,0.0,0.0,-0.0,3,-2.0,0,0,0,0.0,0,1.16,1.16,,,73.0,215.0,25.46366666666667,2.0,Liberty,2022.0,2022.0,TEN,86.0,34.0,
2024,18,00-0038128,M.Willis,QB,GB,CHI,10,13,136.0,0,0.0,3.0,21.0,1,3.0,0,0,0,0.0,0,3.74,3.74,,,73.0,215.0,25.46366666666667,2.0,Liberty,2022.0,2022.0,TEN,86.0,-2.0,
2024,1,00-0038129,C.Otton,TE,TB,WAS,0,0,0.0,0,0.0,0.0,0.0,0,0.0,0,2,1,5.0,0,0.5,1.5,,,77.0,250.0,25.573111111111114,2.0,Washington,2022.0,2022.0,TB,106.0,17.0,0.06666667
2024,2,00-0038129,C.Otton,TE,TB,DET,0,0,0.0,0,0.0,0.0,0.0,1,-4.0,0,2,0,0.0,0,-0.4,-0.4,,,77.0,250.0,25.573111111111114,2.0,Washington,2022.0,2022.0,TB,106.0,,0.10526316
2024,3,00-0038129,C.Otton,TE,TB,DEN,0,0,0.0,0,0.0,0.0,0.0,0,0.0,0,8,7,47.0,0,2.7,9.7,,,77.0,250.0,25.573111111111114,2.0,Washington,2022.0,2022.0,TB,106.0,-19.0,0.25
2024,4,00-0038129,C.Otton,TE,TB,PHI,0,0,0.0,0,0.0,0.0,0.0,0,0.0,0,9,6,52.0,0,5.2,11.2,,,77.0,250.0,25.573111111111114,2.0,Washington,2022.0,2022.0,TB,106.0,17.0,0.19148937
2024,5,00-0038129,C.Otton,TE,TB,ATL,0,0,0.0,0,0.0,0.0,0.0,0,0.0,0,4,3,44.0,0,4.4,7.4,,,77.0,250.0,25.573111111111114,2.0,Washington,2022.0,2022.0,TB,106.0,,0.16666667
2024,6,00-0038129,C.Otton,TE,TB,NO,0,0,0.0,0,0.0,0.0,0.0,0,0.0,0,6,2,15.0,1,7.5,9.5,,,77.0,250.0,25.573111111111114,2.0,Washington,2022.0,2022.0,TB,106.0,,0.16666667
2024,7,00-0038129,C.Otton,TE,TB,BAL,0,0,0.0,0,0.0,0.0,0.0,0,0.0,0,10,8,100.0,0,10.0,18.0,,,77.0,250.0,25.573111111111114,2.0,Washington,2022.0,2022.0,TB,106.0,-10.0,0.22222222
2024,8,00-0038129,C.Otton,TE,TB,ATL,0,0,0.0,0,0.0,0.0,0.0,0,0.0,0,10,9,81.0,2,20.1,29.1,,,77.0,250.0,25.573111111111114,2.0,Washington,2022.0,2022.0,TB,106.0,-5.0,0.2173913
2024,9,00-0038129,C.Otton,TE,TB,KC,0,0,0.0,0,0.0,0.0,0.0,0,0.0,0,11,8,77.0,1,13.7,21.7,,,77.0,250.0,25.573111111111114,2.0,Washington,2022.0,2022.0,TB,106.0,,0.3548387
2024,10,00-0038129,C.Otton,TE,TB,SF,0,0,0.0,0,0.0,0.0,0.0,0,0.0,0,8,5,35.0,0,3.5,8.5,,,77.0,250.0,25.573111111111114,2.0,Washington,2022.0,2022.0,TB,106.0,-3.0,0.27586207
2024,12,00-0038129,C.Otton,TE,TB,NYG,0,0,0.0,0,0.0,0.0,0.0,0,0.0,0,3,1,30.0,0,3.0,4.0,,,77.0,250.0,25.573111111111114,2.0,Washington,2022.0,2022.0,TB,106.0,,0.1
2024,13,00-0038129,C.Otton,TE,TB,CAR,0,0,0.0,0,0.0,0.0,0.0,0,0.0,0,7,4,20.0,0,2.0,6.0,,,77.0,250.0,25.573111111111114,2.0,Washington,2022.0,2022.0,TB,106.0,,0.20588236
2024,14,00-0038129,C.Otton,TE,TB,LV,0,0,0.0,0,0.0,0.0,0.0,0,0.0,0,4,3,70.0,0,7.0,10.0,,,77.0,250.0,25.573111111111114,2.0,Washington,2022.0,2022.0,TB,106.0,15.0,0.14285715
2024,15,00-0038129,C.Otton,TE,TB,LAC,0,0,0.0,0,0.0,0.0,0.0,0,0.0,0,3,2,24.0,0,2.4,4.4,,,77.0,250.0,25.573111111111114,2.0,Washington,2022.0,2022.0,TB,106.0,,0.115384616
2024,19,00-0038129,C.Otton,TE,TB,WAS,0,0,0.0,0,0.0,0.0,0.0,0,0.0,0,2,2,32.0,0,3.2,5.2,,,77.0,250.0,25.573111111111114,2.0,Washington,2022.0,2022.0,TB,106.0,-3.0,0.11764706
2024,1,00-0038134,K.Walker,RB,SEA,DEN,0,0,0.0,0,0.0,0.0,0.0,20,103.0,1,3,2,6.0,0,16.9,18.9,,,69.0,210.0,24.046470588235294,2.0,Michigan State,2022.0,2022.0,SEA,41.0,6.0,0.12
2024,4,00-0038134,K.Walker,RB,SEA,DET,0,0,0.0,0,0.0,0.0,0.0,12,80.0,3,5,4,36.0,0,29.6,33.6,,,69.0,210.0,24.046470588235294,2.0,Michigan State,2022.0,2022.0,SEA,41.0,,0.094339624
2024,5,00-0038134,K.Walker,RB,SEA,NYG,0,0,0.0,0,0.0,0.0,0.0,5,19.0,0,8,7,57.0,0,7.6,14.6,,,69.0,210.0,24.046470588235294,2.0,Michigan State,2022.0,2022.0,SEA,41.0,-9.0,0.20512821
2024,6,00-0038134,K.Walker,RB,SEA,SF,0,0,0.0,0,0.0,0.0,0.0,14,32.0,1,8,8,37.0,0,12.9,20.9,,,69.0,210.0,24.046470588235294,2.0,Michigan State,2022.0,2022.0,SEA,41.0,-12.0,0.16666667
2024,7,00-0038134,K.Walker,RB,SEA,ATL,0,0,0.0,0,0.0,0.0,0.0,14,69.0,1,2,2,24.0,1,21.3,23.3,,,69.0,210.0,24.046470588235294,2.0,Michigan State,2022.0,2022.0,SEA,41.0,,0.071428575
2024,8,00-0038134,K.Walker,RB,SEA,BUF,0,0,0.0,0,0.0,0.0,0.0,9,12.0,0,5,4,33.0,0,4.5,8.5,,,69.0,210.0,24.046470588235294,2.0,Michigan State,2022.0,2022.0,SEA,41.0,-21.0,0.18518518
2024,9,00-0038134,K.Walker,RB,SEA,LA,0,0,0.0,0,0.0,0.0,0.0,25,83.0,0,3,3,24.0,0,10.7,13.7,,,69.0,210.0,24.046470588235294,2.0,Michigan State,2022.0,2022.0,SEA,41.0,-6.0,0.0882353
2024,11,00-0038134,K.Walker,RB,SEA,SF,0,0,0.0,0,0.0,0.0,0.0,14,54.0,1,2,2,5.0,0,11.9,13.9,,,69.0,210.0,24.046470588235294,2.0,Michigan State,2022.0,2022.0,SEA,41.0,,0.06451613
2024,12,00-0038134,K.Walker,RB,SEA,ARI,0,0,0.0,0,0.0,0.0,0.0,16,41.0,0,6,4,52.0,0,9.3,13.3,,,69.0,210.0,24.046470588235294,2.0,Michigan State,2022.0,2022.0,SEA,41.0,10.0,0.21428572
2024,13,00-0038134,K.Walker,RB,SEA,NYJ,0,0,0.0,0,0.0,0.0,0.0,16,49.0,0,3,2,-3.0,0,4.6,6.6,,,69.0,210.0,24.046470588235294,2.0,Michigan State,2022.0,2022.0,SEA,41.0,,0.10344828
2024,16,00-0038134,K.Walker,RB,SEA,MIN,0,0,0.0,0,0.0,0.0,0.0,8,31.0,0,8,8,28.0,0,5.9,13.9,,,69.0,210.0,24.046470588235294,2.0,Michigan State,2022.0,2022.0,SEA,41.0,-3.0,0.1904762
2024,5,00-0038359,X.Smith,WR,LA,GB,0,0,0.0,0,0.0,0.0,0.0,0,0.0,0,2,2,6.0,0,0.6,2.6,,,69.0,170.0,27.150947368421054,1.0,Florida A&amp;M,2023.0,2023.0,,,-5.0,0.044444446
2024,7,00-0038359,X.Smith,WR,LA,LV,0,0,0.0,0,0.0,0.0,0.0,2,30.0,0,0,0,0.0,0,3.0,3.0,,,69.0,170.0,27.150947368421054,1.0,Florida A&amp;M,2023.0,2023.0,,,5.0,
2024,18,00-0038359,X.Smith,WR,LA,SEA,0,0,0.0,0,0.0,0.0,0.0,2,6.0,0,0,0,0.0,0,0.6,0.6,,,69.0,170.0,27.150947368421054,1.0,Florida A&amp;M,2023.0,2023.0,,,-5.0,
2024,1,00-0038393,D.Wicks,WR,GB,PHI,0,0,0.0,0,0.0,0.0,0.0,0,0.0,0,3,0,0.0,0,0.0,0.0,,,73.0,208.0,23.402,1.0,Virginia,2023.0,2023.0,GB,159.0,,0.09375
2024,2,00-0038393,D.Wicks,WR,GB,IND,0,0,0.0,0,0.0,0.0,0.0,0,0.0,0,4,3,26.0,1,8.6,11.6,,,73.0,208.0,23.402,1.0,Virginia,2023.0,2023.0,GB,159.0,6.0,0.30769232
2024,3,00-0038393,D.Wicks,WR,GB,TEN,0,0,0.0,0,0.0,0.0,0.0,0,0.0,0,2,0,0.0,0,0.0,0.0,,,73.0,208.0,23.402,1.0,Virginia,2023.0,2023.0,GB,159.0,,0.10526316
2024,4,00-0038393,D.Wicks,WR,GB,MIN,0,0,0.0,0,0.0,0.0,0.0,0,0.0,0,13,5,78.0,2,19.8,24.8,,,73.0,208.0,23.402,1.0,Virginia,2023.0,2023.0,GB,159.0,-2.0,0.24074075
2024,5,00-0038393,D.Wicks,WR,GB,LA,0,0,0.0,0,0.0,0.0,0.0,0,0.0,0,7,2,20.0,0,2.0,4.0,,,73.0,208.0,23.402,1.0,Virginia,2023.0,2023.0,GB,159.0,,0.28
2024,6,00-0038393,D.Wicks,WR,GB,ARI,0,0,0.0,0,0.0,0.0,0.0,0,0.0,0,3,1,9.0,0,0.9,1.9,,,73.0,208.0,23.402,1.0,Virginia,2023.0,2023.0,GB,159.0,21.0,0.09677419
2024,7,00-0038393,D.Wicks,WR,GB,HOU,0,0,0.0,0,0.0,0.0,0.0,0,0.0,0,6,3,48.0,1,10.8,13.8,,,73.0,208.0,23.402,1.0,Virginia,2023.0,2023.0,GB,159.0,2.0,0.18181819
2024,8,00-0038393,D.Wicks,WR,GB,JAX,0,0,0.0,0,0.0,0.0,0.0,0,0.0,0,2,2,11.0,0,1.1,3.1,,,73.0,208.0,23.402,1.0,Virginia,2023.0,2023.0,GB,159.0,,0.074074075
2024,9,00-0038393,D.Wicks,WR,GB,DET,0,0,0.0,0,0.0,0.0,0.0,0,0.0,0,3,0,0.0,0,0.0,0.0,,,73.0,208.0,23.402,1.0,Virginia,2023.0,2023.0,GB,159.0,-10.0,0.08108108
2024,11,00-0038393,D.Wicks,WR,GB,CHI,0,0,0.0,0,0.0,0.0,0.0,0,0.0,0,1,0,0.0,0,0.0,0.0,,,73.0,208.0,23.402,1.0,Virginia,2023.0,2023.0,GB,159.0,,0.05882353
2024,12,00-0038393,D.Wicks,WR,GB,SF,0,0,0.0,0,0.0,0.0,0.0,0,0.0,0,2,1,25.0,0,2.5,3.5,,,73.0,208.0,23.402,1.0,Virginia,2023.0,2023.0,GB,159.0,28.0,0.09090909
2024,13,00-0038393,D.Wicks,WR,GB,MIA,0,0,0.0,0,0.0,0.0,0.0,0,0.0,0,5,4,30.0,0,3.0,7.0,,,73.0,208.0,23.402,1.0,Virginia,2023.0,2023.0,GB,159.0,13.0,0.17857143
2024,14,00-0038393,D.Wicks,WR,GB,DET,0,0,0.0,0,0.0,0.0,0.0,0,0.0,0,5,4,49.0,0,4.9,8.9,,,73.0,208.0,23.402,1.0,Virginia,2023.0,2023.0,GB,159.0,,0.2631579
2024,15,00-0038393,D.Wicks,WR,GB,SEA,0,0,0.0,0,0.0,0.0,0.0,0,0.0,0,2,2,14.0,0,1.4,3.4,,,73.0,208.0,23.402,1.0,Virginia,2023.0,2023.0,GB,159.0,,0.07692308
2024,16,00-0038393,D.Wicks,WR,GB,NO,0,0,0.0,0,0.0,0.0,0.0,0,0.0,0,7,3,13.0,1,7.3,10.3,,,73.0,208.0,23.402,1.0,Virginia,2023.0,2023.0,GB,159.0,34.0,0.25925925
2024,17,00-0038393,D.Wicks,WR,GB,MIN,0,0,0.0,0,0.0,0.0,0.0,0,0.0,0,5,4,43.0,0,4.3,8.3,,,73.0,208.0,23.402,1.0,Virginia,2023.0,2023.0,GB,159.0,,0.1724138
2024,18,00-0038393,D.Wicks,WR,GB,CHI,0,0,0.0,0,0.0,0.0,0.0,0,0.0,0,6,5,49.0,0,4.9,9.9,,,73.0,208.0,23.402,1.0,Virginia,2023.0,2023.0,GB,159.0,-2.0,0.24
2024,19,00-0038393,D.Wicks,WR,GB,PHI,0,0,0.0,0,0.0,0.0,0.0,0,0.0,0,6,2,39.0,0,3.9,5.9,,,73.0,208.0,23.402,1.0,Virginia,2023.0,2023.0,GB,159.0,,0.18181819
2024,5,00-0038394,W.Mallory,TE,IND,JAX,0,0,0.0,0,0.0,0.0,0.0,0,0.0,0,1,1,7.0,0,0.7,1.7,,,76.0,245.0,25.37341176470588,1.0,Miami,2023.0,2023.0,IND,162.0,,0.022222223
2024,6,00-0038394,W.Mallory,TE,IND,TEN,0,0,0.0,0,0.0,0.0,0.0,0,0.0,0,1,0,0.0,0,0.0,0.0,,,76.0,245.0,25.37341176470588,1.0,Miami,2023.0,2023.0,IND,162.0,,0.027777778
2024,7,00-0038394,W.Mallory,TE,IND,MIA,0,0,0.0,0,0.0,0.0,0.0,0,0.0,0,1,1,5.0,0,0.5,1.5,,,76.0,245.0,25.37341176470588,1.0,Miami,2023.0,2023.0,IND,162.0,6.0,0.045454547
2024,8,00-0038394,W.Mallory,TE,IND,HOU,0,0,0.0,0,0.0,0.0,0.0,0,0.0,0,2,0,0.0,0,0.0,0.0,,,76.0,245.0,25.37341176470588,1.0,Miami,2023.0,2023.0,IND,162.0,,0.06451613
2024,10,00-0038394,W.Mallory,TE,IND,BUF,0,0,0.0,0,0.0,0.0,0.0,0,0.0,0,1,1,10.0,0,1.0,2.0,,,76.0,245.0,25.37341176470588,1.0,Miami,2023.0,2023.0,IND,162.0,-10.0,0.028571429
2024,13,00-0038394,W.Mallory,TE,IND,NE,0,0,0.0,0,0.0,0.0,0.0,0,0.0,0,1,1,7.0,0,0.7,1.7,,,76.0,245.0,25.37341176470588,1.0,Miami,2023.0,2023.0,IND,162.0,,0.041666668
2024,15,00-0038394,W.Mallory,TE,IND,DEN,0,0,0.0,0,0.0,0.0,0.0,0,0.0,0,1,0,0.0,0,0.0,0.0,,,76.0,245.0,25.37341176470588,1.0,Miami,2023.0,2023.0,IND,162.0,,0.027777778
2024,1,00-0038396,E.Gray,RB,NYG,MIN,0,0,0.0,0,0.0,0.0,0.0,2,6.0,0,1,1,9.0,0,1.5,2.5,,,70.0,210.0,25.00635294117647,1.0,Oklahoma,2023.0,2023.0,NYG,172.0,-22.0,0.02631579
2024,3,00-0038396,E.Gray,RB,NYG,CLE,0,0,0.0,0,0.0,0.0,0.0,1,0.0,0,0,0,0.0,0,0.0,0.0,,,70.0,210.0,25.00635294117647,1.0,Oklahoma,2023.0,2023.0,NYG,172.0,,
2024,4,00-0038396,E.Gray,RB,NYG,DAL,0,0,0.0,0,0.0,0.0,0.0,1,1.0,0,0,0,0.0,0,0.1,0.1,,,70.0,210.0,25.00635294117647,1.0,Oklahoma,2023.0,2023.0,NYG,172.0,-5.0,
2024,5,00-0038396,E.Gray,RB,NYG,SEA,0,0,0.0,0,0.0,0.0,0.0,4,4.0,0,4,3,50.0,0,3.4,6.4,,,70.0,210.0,25.00635294117647,1.0,Oklahoma,2023.0,2023.0,NYG,172.0,,0.12903225
2024,6,00-0038396,E.Gray,RB,NYG,CIN,0,0,0.0,0,0.0,0.0,0.0,3,13.0,0,0,0,0.0,0,1.3,1.3,,,70.0,210.0,25.00635294117647,1.0,Oklahoma,2023.0,2023.0,NYG,172.0,-10.0,
2024,7,00-0038396,E.Gray,RB,NYG,PHI,0,0,0.0,0,0.0,0.0,0.0,1,2.0,0,1,1,7.0,0,0.9,1.9,,,70.0,210.0,25.00635294117647,1.0,Oklahoma,2023.0,2023.0,NYG,172.0,-25.0,0.037037037
2024,8,00-0038396,E.Gray,RB,NYG,PIT,0,0,0.0,0,0.0,0.0,0.0,0,0.0,0,1,1,3.0,0,0.3,1.3,,,70.0,210.0,25.00635294117647,1.0,Oklahoma,2023.0,2023.0,NYG,172.0,,0.027027028
2024,12,00-0038396,E.Gray,RB,NYG,TB,0,0,0.0,0,0.0,0.0,0.0,1,-1.0,0,2,2,7.0,0,0.6,2.6,,,70.0,210.0,25.00635294117647,1.0,Oklahoma,2023.0,2023.0,NYG,172.0,-23.0,0.06666667
2024,16,00-0038396,E.Gray,RB,NYG,ATL,0,0,0.0,0,0.0,0.0,0.0,0,0.0,0,1,1,2.0,0,0.2,1.2,,,70.0,210.0,25.00635294117647,1.0,Oklahoma,2023.0,2023.0,NYG,172.0,,0.027027028
2024,18,00-0038396,E.Gray,RB,NYG,PHI,0,0,0.0,0,0.0,0.0,0.0,1,6.0,0,1,1,4.0,0,1.0,2.0,,,70.0,210.0,25.00635294117647,1.0,Oklahoma,2023.0,2023.0,NYG,172.0,,0.035714287
2024,17,00-0038400,T.McKee,QB,PHI,DAL,3,4,54.0,2,0.0,0.0,-0.0,2,-2.0,0,0,0,0.0,0,9.96,9.96,,,78.0,230.0,24.57442857142857,1.0,Stanford,2023.0,2023.0,PHI,188.0,34.0,
2024,18,00-0038400,T.McKee,QB,PHI,NYG,27,41,269.0,2,0.0,2.0,17.0,3,1.0,0,0,0,0.0,0,18.86,18.86,,,78.0,230.0,24.57442857142857,1.0,Stanford,2023.0,2023.0,PHI,188.0,7.0,
2024,5,00-0038416,T.Bagent,QB,CHI,CAR,0,0,0.0,0,0.0,0.0,0.0,3,-4.0,0,0,0,0.0,0,-0.4,-0.4,,,75.0,210.0,24.416823529411765,1.0,Shepherd,2023.0,2023.0,,,26.0,
2024,6,00-0038416,T.Bagent,QB,CHI,JAX,0,0,0.0,0,0.0,0.0,0.0,3,-3.0,0,0,0,0.0,0,-0.3,-0.3,,,75.0,210.0,24.416823529411765,1.0,Shepherd,2023.0,2023.0,,,19.0,
2024,14,00-0038416,T.Bagent,QB,CHI,SF,1,1,6.0,0,0.0,0.0,-0.0,0,0.0,0,0,0,0.0,0,0.24,0.24,,,75.0,210.0,24.416823529411765,1.0,Shepherd,2023.0,2023.0,,,,
2024,15,00-0038416,T.Bagent,QB,CHI,MIN,1,1,5.0,0,0.0,0.0,-0.0,0,0.0,0,0,0,0.0,0,0.2,0.2,,,75.0,210.0,24.416823529411765,1.0,Shepherd,2023.0,2023.0,,,,
2024,17,00-0038454,K.Mitchell,RB,BAL,HOU,0,0,0.0,0,0.0,0.0,0.0,11,20.0,0,1,1,28.0,0,4.8,5.8,,,68.0,184.0,22.819000000000003,1.0,East Carolina,2023.0,2023.0,,,,0.0625
2024,18,00-0038454,K.Mitchell,RB,BAL,CLE,0,0,0.0,0,0.0,0.0,0.0,4,10.0,0,0,0,0.0,0,1.0,1.0,,,68.0,184.0,22.819000000000003,1.0,East Carolina,2023.0,2023.0,,,25.0,
2024,4,00-0038465,M.Heath,WR,GB,MIN,0,0,0.0,0,0.0,0.0,0.0,0,0.0,0,2,2,12.0,0,1.2,3.2,,,74.0,215.0,24.612222222222222,1.0,Mississippi,2023.0,2023.0,,,-2.0,0.037037037
2024,5,00-0038465,M.Heath,WR,GB,LA,0,0,0.0,0,0.0,0.0,0.0,0,0.0,0,3,2,14.0,0,1.4,3.4,,,74.0,215.0,24.612222222222222,1.0,Mississippi,2023.0,2023.0,,,,0.12
2024,12,00-0038465,M.Heath,WR,GB,SF,0,0,0.0,0,0.0,0.0,0.0,0,0.0,0,2,2,15.0,1,7.5,9.5,,,74.0,215.0,24.612222222222222,1.0,Mississippi,2023.0,2023.0,,,28.0,0.09090909
2024,17,00-0038465,M.Heath,WR,GB,MIN,0,0,0.0,0,0.0,0.0,0.0,0,0.0,0,1,1,3.0,1,6.3,7.3,,,74.0,215.0,24.612222222222222,1.0,Mississippi,2023.0,2023.0,,,,0.03448276
2024,18,00-0038465,M.Heath,WR,GB,CHI,0,0,0.0,0,0.0,0.0,0.0,0,0.0,0,5,3,53.0,0,5.3,8.3,,,74.0,215.0,24.612222222222222,1.0,Mississippi,2023.0,2023.0,,,-2.0,0.2
2024,19,00-0038465,M.Heath,WR,GB,PHI,0,0,0.0,0,0.0,0.0,0.0,0,0.0,0,4,0,0.0,0,0.0,0.0,,,74.0,215.0,24.612222222222222,1.0,Mississippi,2023.0,2023.0,,,,0.121212125
2024,12,00-0038476,T.DeVito,QB,NYG,TB,21,31,189.0,0,0.0,4.0,23.0,7,32.0,0,0,0,0.0,0,10.76,10.76,,,74.0,210.0,26.24935294117647,1.0,Illinois,2023.0,2023.0,,,-23.0,
2024,15,00-0038476,T.DeVito,QB,NYG,BAL,10,13,68.0,0,0.0,2.0,8.0,1,0.0,0,0,0,0.0,0,2.72,2.72,,,74.0,210.0,26.24935294117647,1.0,Illinois,2023.0,2023.0,,,-21.0,
2024,5,00-0038477,B.Ford-Wheaton,WR,NYG,NYG,0,0,0.0,0,0.0,0.0,0.0,0,0.0,0,0,0,0.0,0,6.0,6.0,,,75.0,224.0,24.661470588235293,1.0,West Virginia,2023.0,2023.0,,,,
2024,9,00-0038489,B.VanSumeren,FB,PHI,JAX,0,0,0.0,0,0.0,0.0,0.0,0,0.0,0,1,1,0.0,0,0.0,1.0,,,74.0,235.0,24.55242857142857,1.0,Michigan State,2023.0,2023.0,,,5.0,0.04347826
2024,3,00-0038496,X.Gipson,WR,NYJ,NE,0,0,0.0,0,0.0,0.0,0.0,0,0.0,0,2,2,16.0,0,1.6,3.6,,,69.0,180.0,23.66394117647059,1.0,Stephen F. Austin,2023.0,2023.0,,,21.0,0.05882353
2024,4,00-0038496,X.Gipson,WR,NYJ,DEN,0,0,0.0,0,0.0,0.0,0.0,0,0.0,0,4,1,6.0,0,0.6,1.6,,,69.0,180.0,23.66394117647059,1.0,Stephen F. Austin,2023.0,2023.0,,,-1.0,0.09756097
2024,8,00-0038496,X.Gipson,WR,NYJ,NE,0,0,0.0,0,0.0,0.0,0.0,0,0.0,0,1,1,1.0,1,6.1,7.1,,,69.0,180.0,23.66394117647059,1.0,Stephen F. Austin,2023.0,2023.0,,,,0.04
2024,10,00-0038496,X.Gipson,WR,NYJ,ARI,0,0,0.0,0,0.0,0.0,0.0,0,0.0,0,1,0,0.0,0,0.0,0.0,,,69.0,180.0,23.66394117647059,1.0,Stephen F. Austin,2023.0,2023.0,,,,0.030303031
2024,11,00-0038496,X.Gipson,WR,NYJ,IND,0,0,0.0,0,0.0,0.0,0.0,0,0.0,0,1,1,17.0,0,1.7,2.7,,,69.0,180.0,23.66394117647059,1.0,Stephen F. Austin,2023.0,2023.0,,,-1.0,0.03448276
2024,13,00-0038496,X.Gipson,WR,NYJ,SEA,0,0,0.0,0,0.0,0.0,0.0,0,0.0,0,1,1,-1.0,0,-0.1,0.9,,,69.0,180.0,23.66394117647059,1.0,Stephen F. Austin,2023.0,2023.0,,,-5.0,0.02631579
2024,18,00-0038496,X.Gipson,WR,NYJ,MIA,0,0,0.0,0,0.0,0.0,0.0,1,5.0,0,0,0,0.0,0,0.5,0.5,,,69.0,180.0,23.66394117647059,1.0,Stephen F. Austin,2023.0,2023.0,,,12.0,
2024,17,00-0038498,E.Jenkins,TE,PHI,DAL,0,0,0.0,0,0.0,0.0,0.0,0,0.0,0,1,0,0.0,0,0.0,0.0,,,78.0,243.0,26.055619047619047,1.0,Georgia Tech,2023.0,2023.0,,,34.0,0.055555556
2024,18,00-0038498,E.Jenkins,TE,PHI,NYG,0,0,0.0,0,0.0,0.0,0.0,0,0.0,0,1,1,7.0,1,6.7,7.7,,,78.0,243.0,26.055619047619047,1.0,Georgia Tech,2023.0,2023.0,,,7.0,0.024390243
2024,2,00-0038507,G.DuBose,WR,MIA,BUF,0,0,0.0,0,0.0,0.0,0.0,0,0.0,0,3,1,13.0,0,1.3,2.3,,,74.0,200.0,23.38594117647059,1.0,North Carolina-Charlotte,2023.0,2023.0,GB,256.0,-21.0,0.08108108
2024,15,00-0038507,G.DuBose,WR,MIA,HOU,0,0,0.0,0,0.0,0.0,0.0,0,0.0,0,1,1,-2.0,0,-0.2,0.8,,,74.0,200.0,23.38594117647059,1.0,North Carolina-Charlotte,2023.0,2023.0,GB,256.0,,0.025641026
2024,18,00-0038519,N.Remigio,WR,KC,DEN,0,0,0.0,0,0.0,0.0,0.0,0,0.0,0,6,2,48.0,0,4.8,6.8,,,69.0,185.0,25.04495,1.0,Fresno State,2023.0,2023.0,,,,0.3529412
2024,1,00-0038542,B.Robinson,RB,ATL,PIT,0,0,0.0,0,0.0,0.0,0.0,18,68.0,0,5,5,43.0,0,11.1,16.1,,,71.0,214.0,22.766294117647057,1.0,Texas,2023.0,2023.0,ATL,8.0,-8.0,0.2173913
2024,2,00-0038542,B.Robinson,RB,ATL,PHI,0,0,0.0,0,0.0,0.0,0.0,14,97.0,0,5,4,25.0,0,12.2,16.2,,,71.0,214.0,22.766294117647057,1.0,Texas,2023.0,2023.0,ATL,8.0,,0.1724138
2024,3,00-0038542,B.Robinson,RB,ATL,KC,0,0,0.0,0,0.0,0.0,0.0,16,31.0,1,2,2,21.0,0,11.2,13.2,,,71.0,214.0,22.766294117647057,1.0,Texas,2023.0,2023.0,ATL,8.0,-5.0,0.074074075
2024,4,00-0038542,B.Robinson,RB,ATL,NO,0,0,0.0,0,0.0,0.0,0.0,7,28.0,0,4,4,46.0,0,7.4,11.4,,,71.0,214.0,22.766294117647057,1.0,Texas,2023.0,2023.0,ATL,8.0,2.0,0.11764706
2024,5,00-0038542,B.Robinson,RB,ATL,TB,0,0,0.0,0,0.0,0.0,0.0,12,61.0,0,3,3,16.0,0,7.7,10.7,,,71.0,214.0,22.766294117647057,1.0,Texas,2023.0,2023.0,ATL,8.0,6.0,0.055555556
2024,6,00-0038542,B.Robinson,RB,ATL,CAR,0,0,0.0,0,0.0,0.0,0.0,15,95.0,2,4,3,10.0,0,22.5,25.5,,,71.0,214.0,22.766294117647057,1.0,Texas,2023.0,2023.0,ATL,8.0,,0.13793103
2024,7,00-0038542,B.Robinson,RB,ATL,SEA,0,0,0.0,0,0.0,0.0,0.0,21,103.0,1,5,3,40.0,0,20.3,23.3,,,71.0,214.0,22.766294117647057,1.0,Texas,2023.0,2023.0,ATL,8.0,-20.0,0.1388889
2024,8,00-0038542,B.Robinson,RB,ATL,TB,0,0,0.0,0,0.0,0.0,0.0,13,63.0,0,7,7,43.0,1,16.6,23.6,,,71.0,214.0,22.766294117647057,1.0,Texas,2023.0,2023.0,ATL,8.0,,0.25
2024,9,00-0038542,B.Robinson,RB,ATL,DAL,0,0,0.0,0,0.0,0.0,0.0,19,86.0,0,7,7,59.0,0,14.5,21.5,,,71.0,214.0,22.766294117647057,1.0,Texas,2023.0,2023.0,ATL,8.0,6.0,0.29166666
2024,10,00-0038542,B.Robinson,RB,ATL,NO,0,0,0.0,0,0.0,0.0,0.0,20,116.0,2,4,3,28.0,0,26.4,29.4,,,71.0,214.0,22.766294117647057,1.0,Texas,2023.0,2023.0,ATL,8.0,,0.10810811
2024,11,00-0038542,B.Robinson,RB,ATL,DEN,0,0,0.0,0,0.0,0.0,0.0,12,35.0,0,4,4,28.0,0,6.3,10.3,,,71.0,214.0,22.766294117647057,1.0,Texas,2023.0,2023.0,ATL,8.0,,0.13793103
2024,13,00-0038542,B.Robinson,RB,ATL,LAC,0,0,0.0,0,0.0,0.0,0.0,26,102.0,1,6,6,33.0,0,19.5,25.5,,,71.0,214.0,22.766294117647057,1.0,Texas,2023.0,2023.0,ATL,8.0,-4.0,0.15789473
2024,14,00-0038542,B.Robinson,RB,ATL,MIN,0,0,0.0,0,0.0,0.0,0.0,22,92.0,1,2,2,9.0,0,18.1,20.1,,,71.0,214.0,22.766294117647057,1.0,Texas,2023.0,2023.0,ATL,8.0,,0.054054055
2024,15,00-0038542,B.Robinson,RB,ATL,LV,0,0,0.0,0,0.0,0.0,0.0,22,125.0,0,2,1,10.0,0,13.5,14.5,,,71.0,214.0,22.766294117647057,1.0,Texas,2023.0,2023.0,ATL,8.0,,0.125
2024,16,00-0038542,B.Robinson,RB,ATL,NYG,0,0,0.0,0,0.0,0.0,0.0,22,94.0,2,2,2,9.0,0,22.3,24.3,,,71.0,214.0,22.766294117647057,1.0,Texas,2023.0,2023.0,ATL,8.0,27.0,0.07692308
2024,17,00-0038542,B.Robinson,RB,ATL,WAS,0,0,0.0,0,0.0,0.0,0.0,17,90.0,2,5,3,8.0,0,21.8,24.8,,,71.0,214.0,22.766294117647057,1.0,Texas,2023.0,2023.0,ATL,8.0,,0.14285715
2024,18,00-0038542,B.Robinson,RB,ATL,CAR,0,0,0.0,0,0.0,0.0,0.0,28,170.0,2,5,2,3.0,0,29.3,31.3,,,71.0,214.0,22.766294117647057,1.0,Texas,2023.0,2023.0,ATL,8.0,-6.0,0.13513513
2024,1,00-0038543,J.Smith-Njigba,WR,SEA,DEN,0,0,0.0,0,0.0,0.0,0.0,0,0.0,0,2,2,19.0,0,1.9,3.9,,,72.0,198.0,22.727,1.0,Ohio State,2023.0,2023.0,SEA,20.0,6.0,0.08
2024,2,00-0038543,J.Smith-Njigba,WR,SEA,NE,0,0,0.0,0,0.0,0.0,0.0,0,0.0,0,16,12,117.0,0,11.7,23.7,,,72.0,198.0,22.727,1.0,Ohio State,2023.0,2023.0,SEA,20.0,,0.37209302
2024,3,00-0038543,J.Smith-Njigba,WR,SEA,MIA,0,0,0.0,0,0.0,0.0,0.0,0,0.0,0,3,3,39.0,0,3.9,6.9,,,72.0,198.0,22.727,1.0,Ohio State,2023.0,2023.0,SEA,20.0,21.0,0.09090909
2024,4,00-0038543,J.Smith-Njigba,WR,SEA,DET,0,0,0.0,0,0.0,0.0,0.0,0,0.0,0,12,8,51.0,0,5.1,13.1,,,72.0,198.0,22.727,1.0,Ohio State,2023.0,2023.0,SEA,20.0,,0.2264151
2024,5,00-0038543,J.Smith-Njigba,WR,SEA,NYG,0,0,0.0,0,0.0,0.0,0.0,0,0.0,0,7,4,31.0,1,9.1,13.1,,,72.0,198.0,22.727,1.0,Ohio State,2023.0,2023.0,SEA,20.0,-9.0,0.17948718
2024,6,00-0038543,J.Smith-Njigba,WR,SEA,SF,0,0,0.0,0,0.0,0.0,0.0,0,0.0,0,9,5,53.0,0,5.3,10.3,,,72.0,198.0,22.727,1.0,Ohio State,2023.0,2023.0,SEA,20.0,-12.0,0.1875
2024,7,00-0038543,J.Smith-Njigba,WR,SEA,ATL,1,1,35.0,0,0.0,0.0,-0.0,0,0.0,0,6,3,9.0,0,2.3,5.3,,,72.0,198.0,22.727,1.0,Ohio State,2023.0,2023.0,SEA,20.0,,0.21428572
2024,8,00-0038543,J.Smith-Njigba,WR,SEA,BUF,0,0,0.0,0,0.0,0.0,0.0,0,0.0,0,7,6,69.0,0,6.9,12.9,,,72.0,198.0,22.727,1.0,Ohio State,2023.0,2023.0,SEA,20.0,-21.0,0.25925925
2024,9,00-0038543,J.Smith-Njigba,WR,SEA,LA,0,0,0.0,0,0.0,0.0,0.0,0,0.0,0,13,7,180.0,2,30.0,37.0,,,72.0,198.0,22.727,1.0,Ohio State,2023.0,2023.0,SEA,20.0,-6.0,0.38235295
2024,11,00-0038543,J.Smith-Njigba,WR,SEA,SF,0,0,0.0,0,0.0,0.0,0.0,1,8.0,0,11,10,110.0,0,11.8,21.8,,,72.0,198.0,22.727,1.0,Ohio State,2023.0,2023.0,SEA,20.0,,0.3548387
2024,12,00-0038543,J.Smith-Njigba,WR,SEA,ARI,0,0,0.0,0,0.0,0.0,0.0,0,0.0,0,7,6,77.0,1,13.7,19.7,,,72.0,198.0,22.727,1.0,Ohio State,2023.0,2023.0,SEA,20.0,10.0,0.25
2024,13,00-0038543,J.Smith-Njigba,WR,SEA,NYJ,0,0,0.0,0,0.0,0.0,0.0,1,5.0,0,4,4,74.0,0,7.9,11.9,,,72.0,198.0,22.727,1.0,Ohio State,2023.0,2023.0,SEA,20.0,,0.13793103
2024,14,00-0038543,J.Smith-Njigba,WR,SEA,ARI,0,0,0.0,0,0.0,0.0,0.0,1,4.0,0,5,5,82.0,1,14.6,19.6,,,72.0,198.0,22.727,1.0,Ohio State,2023.0,2023.0,SEA,20.0,,0.1724138
2024,15,00-0038543,J.Smith-Njigba,WR,SEA,GB,0,0,0.0,0,0.0,0.0,0.0,0,0.0,0,12,10,83.0,0,8.3,18.3,,,72.0,198.0,22.727,1.0,Ohio State,2023.0,2023.0,SEA,20.0,-17.0,0.38709676
2024,16,00-0038543,J.Smith-Njigba,WR,SEA,MIN,0,0,0.0,0,0.0,0.0,0.0,1,5.0,0,12,8,95.0,1,16.0,24.0,,,72.0,198.0,22.727,1.0,Ohio State,2023.0,2023.0,SEA,20.0,-3.0,0.2857143
2024,17,00-0038543,J.Smith-Njigba,WR,SEA,CHI,0,0,0.0,0,0.0,0.0,0.0,0,0.0,0,6,3,32.0,0,3.2,6.2,,,72.0,198.0,22.727,1.0,Ohio State,2023.0,2023.0,SEA,20.0,,0.27272728
2024,18,00-0038543,J.Smith-Njigba,WR,SEA,LA,0,0,0.0,0,0.0,0.0,0.0,1,4.0,0,5,4,9.0,0,1.3,5.3,,,72.0,198.0,22.727,1.0,Ohio State,2023.0,2023.0,SEA,20.0,,0.18518518
2024,1,00-0038544,Q.Johnston,WR,LAC,LV,0,0,0.0,0,0.0,0.0,0.0,0,0.0,0,5,3,38.0,0,3.8,6.8,,,76.0,201.0,23.18338888888889,1.0,Texas Christian,2023.0,2023.0,LAC,21.0,12.0,0.2
2024,2,00-0038544,Q.Johnston,WR,LAC,CAR,0,0,0.0,0,0.0,0.0,0.0,0,0.0,0,6,5,51.0,2,17.1,22.1,,,76.0,201.0,23.18338888888889,1.0,Texas Christian,2023.0,2023.0,LAC,21.0,,0.31578946
2024,3,00-0038544,Q.Johnston,WR,LAC,PIT,0,0,0.0,0,0.0,0.0,0.0,0,0.0,0,2,2,44.0,1,10.4,12.4,,,76.0,201.0,23.18338888888889,1.0,Texas Christian,2023.0,2023.0,LAC,21.0,,0.10526316
2024,4,00-0038544,Q.Johnston,WR,LAC,KC,0,0,0.0,0,0.0,0.0,0.0,1,4.0,0,5,1,9.0,0,1.3,2.3,,,76.0,201.0,23.18338888888889,1.0,Texas Christian,2023.0,2023.0,LAC,21.0,-7.0,0.18518518
2024,6,00-0038544,Q.Johnston,WR,LAC,DEN,0,0,0.0,0,0.0,0.0,0.0,1,0.0,0,4,3,22.0,0,2.2,5.2,,,76.0,201.0,23.18338888888889,1.0,Texas Christian,2023.0,2023.0,LAC,21.0,,0.12903225
2024,9,00-0038544,Q.Johnston,WR,LAC,CLE,0,0,0.0,0,0.0,0.0,0.0,1,2.0,0,5,4,118.0,1,18.0,22.0,,,76.0,201.0,23.18338888888889,1.0,Texas Christian,2023.0,2023.0,LAC,21.0,,0.1923077
2024,10,00-0038544,Q.Johnston,WR,LAC,TEN,0,0,0.0,0,0.0,0.0,0.0,0,0.0,0,2,2,24.0,1,8.4,10.4,,,76.0,201.0,23.18338888888889,1.0,Texas Christian,2023.0,2023.0,LAC,21.0,10.0,0.11111111
2024,11,00-0038544,Q.Johnston,WR,LAC,CIN,0,0,0.0,0,0.0,0.0,0.0,0,0.0,0,8,2,48.0,1,10.8,12.8,,,76.0,201.0,23.18338888888889,1.0,Texas Christian,2023.0,2023.0,LAC,21.0,7.0,0.24242425
2024,12,00-0038544,Q.Johnston,WR,LAC,BAL,0,0,0.0,0,0.0,0.0,0.0,0,0.0,0,5,0,0.0,0,0.0,0.0,,,76.0,201.0,23.18338888888889,1.0,Texas Christian,2023.0,2023.0,LAC,21.0,-7.0,0.1388889
2024,13,00-0038544,Q.Johnston,WR,LAC,ATL,0,0,0.0,0,0.0,0.0,0.0,0,0.0,0,4,2,12.0,0,1.2,3.2,,,76.0,201.0,23.18338888888889,1.0,Texas Christian,2023.0,2023.0,LAC,21.0,,0.16666667
2024,14,00-0038544,Q.Johnston,WR,LAC,KC,0,0,0.0,0,0.0,0.0,0.0,0,0.0,0,7,5,48.0,1,10.8,15.8,,,76.0,201.0,23.18338888888889,1.0,Texas Christian,2023.0,2023.0,LAC,21.0,,0.2413793
2024,15,00-0038544,Q.Johnston,WR,LAC,TB,0,0,0.0,0,0.0,0.0,0.0,0,0.0,0,10,5,45.0,1,10.5,15.5,,,76.0,201.0,23.18338888888889,1.0,Texas Christian,2023.0,2023.0,LAC,21.0,-23.0,0.3125
2024,16,00-0038544,Q.Johnston,WR,LAC,DEN,0,0,0.0,0,0.0,0.0,0.0,0,0.0,0,6,3,18.0,0,1.8,4.8,,,76.0,201.0,23.18338888888889,1.0,Texas Christian,2023.0,2023.0,LAC,21.0,7.0,0.2
2024,17,00-0038544,Q.Johnston,WR,LAC,NE,0,0,0.0,0,0.0,0.0,0.0,0,0.0,0,8,5,48.0,0,4.8,9.8,,,76.0,201.0,23.18338888888889,1.0,Texas Christian,2023.0,2023.0,LAC,21.0,,0.2
2024,18,00-0038544,Q.Johnston,WR,LAC,LV,0,0,0.0,0,0.0,0.0,0.0,0,0.0,0,14,13,186.0,0,18.6,31.6,,,76.0,201.0,23.18338888888889,1.0,Texas Christian,2023.0,2023.0,LAC,21.0,,0.4
2024,19,00-0038544,Q.Johnston,WR,LAC,HOU,0,0,0.0,0,0.0,0.0,0.0,0,0.0,0,5,0,0.0,0,0.0,0.0,,,76.0,201.0,23.18338888888889,1.0,Texas Christian,2023.0,2023.0,LAC,21.0,,0.15625
2024,2,00-0038547,L.Schoonmaker,TE,DAL,NO,0,0,0.0,0,0.0,0.0,0.0,0,0.0,0,6,6,43.0,0,4.3,10.3,,,77.0,250.0,26.111588235294118,1.0,Michigan,2023.0,2023.0,DAL,58.0,-25.0,0.14634146
2024,3,00-0038547,L.Schoonmaker,TE,DAL,BAL,0,0,0.0,0,0.0,0.0,0.0,0,0.0,0,2,1,5.0,0,0.5,1.5,,,77.0,250.0,26.111588235294118,1.0,Michigan,2023.0,2023.0,DAL,58.0,-3.0,0.04
2024,5,00-0038547,L.Schoonmaker,TE,DAL,PIT,0,0,0.0,0,0.0,0.0,0.0,0,0.0,0,2,1,8.0,0,0.8,1.8,,,77.0,250.0,26.111588235294118,1.0,Michigan,2023.0,2023.0,DAL,58.0,,0.048780486
2024,10,00-0038547,L.Schoonmaker,TE,DAL,PHI,0,0,0.0,0,0.0,0.0,0.0,0,0.0,0,1,0,0.0,0,0.0,0.0,,,77.0,250.0,26.111588235294118,1.0,Michigan,2023.0,2023.0,DAL,58.0,-28.0,0.03448276
2024,11,00-0038547,L.Schoonmaker,TE,DAL,HOU,0,0,0.0,0,0.0,0.0,0.0,0,0.0,0,10,6,56.0,0,5.6,11.6,,,77.0,250.0,26.111588235294118,1.0,Michigan,2023.0,2023.0,DAL,58.0,-24.0,0.18518518
2024,12,00-0038547,L.Schoonmaker,TE,DAL,WAS,0,0,0.0,0,0.0,0.0,0.0,0,0.0,0,4,3,55.0,1,11.5,14.5,,,77.0,250.0,26.111588235294118,1.0,Michigan,2023.0,2023.0,DAL,58.0,,0.125
2024,13,00-0038547,L.Schoonmaker,TE,DAL,NYG,0,0,0.0,0,0.0,0.0,0.0,0,0.0,0,6,5,33.0,0,3.3,8.3,,,77.0,250.0,26.111588235294118,1.0,Michigan,2023.0,2023.0,DAL,58.0,7.0,0.16666667
2024,14,00-0038547,L.Schoonmaker,TE,DAL,CIN,0,0,0.0,0,0.0,0.0,0.0,0,0.0,0,2,2,22.0,0,2.2,4.2,,,77.0,250.0,26.111588235294118,1.0,Michigan,2023.0,2023.0,DAL,58.0,-7.0,0.06451613
2024,16,00-0038547,L.Schoonmaker,TE,DAL,TB,0,0,0.0,0,0.0,0.0,0.0,0,0.0,0,1,1,3.0,0,0.3,1.3,,,77.0,250.0,26.111588235294118,1.0,Michigan,2023.0,2023.0,DAL,58.0,2.0,0.030303031
2024,18,00-0038547,L.Schoonmaker,TE,DAL,WAS,0,0,0.0,0,0.0,0.0,0.0,0,0.0,0,2,2,16.0,0,1.6,3.6,,,77.0,250.0,26.111588235294118,1.0,Michigan,2023.0,2023.0,DAL,58.0,-4.0,0.060606062
2024,6,00-0038550,H.Hooker,QB,DET,DAL,1,2,19.0,0,0.0,1.0,9.0,1,-1.0,0,0,0,0.0,0,0.66,0.66,,,75.0,218.0,26.831,1.0,Tennessee,2023.0,2023.0,DET,68.0,,
2024,8,00-0038550,H.Hooker,QB,DET,TEN,2,3,6.0,0,0.0,0.0,-0.0,0,0.0,0,0,0,0.0,0,0.24,0.24,,,75.0,218.0,26.831,1.0,Tennessee,2023.0,2023.0,DET,68.0,38.0,
2024,11,00-0038550,H.Hooker,QB,DET,JAX,3,4,37.0,0,0.0,0.0,-0.0,4,3.0,0,0,0,0.0,0,1.78,1.78,,,75.0,218.0,26.831,1.0,Tennessee,2023.0,2023.0,DET,68.0,46.0,
2024,7,00-0038551,K.Miller,RB,NO,DEN,0,0,0.0,0,0.0,0.0,0.0,6,36.0,0,3,2,1.0,0,3.7,5.7,,,72.0,220.0,22.40494117647059,1.0,Texas Christian,2023.0,2023.0,NO,71.0,-23.0,0.07692308
2024,8,00-0038551,K.Miller,RB,NO,LAC,0,0,0.0,0,0.0,0.0,0.0,3,16.0,0,0,0,0.0,0,1.6,1.6,,,72.0,220.0,22.40494117647059,1.0,Texas Christian,2023.0,2023.0,NO,71.0,,
2024,14,00-0038551,K.Miller,RB,NO,NYG,0,0,0.0,0,0.0,0.0,0.0,10,32.0,1,1,0,0.0,0,9.2,9.2,,,72.0,220.0,22.40494117647059,1.0,Texas Christian,2023.0,2023.0,NO,71.0,,0.032258064
2024,15,00-0038551,K.Miller,RB,NO,WAS,0,0,0.0,0,0.0,0.0,0.0,9,46.0,0,1,0,0.0,0,4.6,4.6,,,72.0,220.0,22.40494117647059,1.0,Texas Christian,2023.0,2023.0,NO,71.0,-1.0,0.03448276
2024,16,00-0038551,K.Miller,RB,NO,GB,0,0,0.0,0,0.0,0.0,0.0,8,15.0,0,2,2,16.0,0,3.1,5.1,,,72.0,220.0,22.40494117647059,1.0,Texas Christian,2023.0,2023.0,NO,71.0,,0.071428575
2024,17,00-0038551,K.Miller,RB,NO,LV,0,0,0.0,0,0.0,0.0,0.0,3,3.0,0,1,1,16.0,0,1.9,2.9,,,72.0,220.0,22.40494117647059,1.0,Texas Christian,2023.0,2023.0,NO,71.0,-15.0,0.029411765
2024,1,00-0038555,T.Bigsby,RB,JAX,MIA,0,0,0.0,0,0.0,0.0,0.0,12,73.0,0,0,0,0.0,0,7.3,7.3,,,71.0,213.0,22.186235294117647,1.0,Auburn,2023.0,2023.0,JAX,88.0,,
2024,3,00-0038555,T.Bigsby,RB,JAX,BUF,0,0,0.0,0,0.0,0.0,0.0,2,9.0,0,0,0,0.0,0,0.9,0.9,,,71.0,213.0,22.186235294117647,1.0,Auburn,2023.0,2023.0,JAX,88.0,,
2024,4,00-0038555,T.Bigsby,RB,JAX,HOU,0,0,0.0,0,0.0,0.0,0.0,7,90.0,0,0,0,0.0,0,9.0,9.0,,,71.0,213.0,22.186235294117647,1.0,Auburn,2023.0,2023.0,JAX,88.0,,
2024,5,00-0038555,T.Bigsby,RB,JAX,IND,0,0,0.0,0,0.0,0.0,0.0,13,101.0,2,1,1,28.0,0,24.9,25.9,,,71.0,213.0,22.186235294117647,1.0,Auburn,2023.0,2023.0,JAX,88.0,3.0,0.029411765
2024,6,00-0038555,T.Bigsby,RB,JAX,CHI,0,0,0.0,0,0.0,0.0,0.0,7,24.0,0,0,0,0.0,0,2.4,2.4,,,71.0,213.0,22.186235294117647,1.0,Auburn,2023.0,2023.0,JAX,88.0,,
2024,7,00-0038555,T.Bigsby,RB,JAX,NE,0,0,0.0,0,0.0,0.0,0.0,26,118.0,2,1,0,0.0,0,23.8,23.8,,,71.0,213.0,22.186235294117647,1.0,Auburn,2023.0,2023.0,JAX,88.0,16.0,0.05
2024,8,00-0038555,T.Bigsby,RB,JAX,GB,0,0,0.0,0,0.0,0.0,0.0,18,78.0,0,3,2,8.0,0,8.6,10.6,,,71.0,213.0,22.186235294117647,1.0,Auburn,2023.0,2023.0,JAX,88.0,-3.0,0.1
2024,9,00-0038555,T.Bigsby,RB,JAX,PHI,0,0,0.0,0,0.0,0.0,0.0,8,22.0,0,0,0,0.0,0,2.2,2.2,,,71.0,213.0,22.186235294117647,1.0,Auburn,2023.0,2023.0,JAX,88.0,,
2024,10,00-0038555,T.Bigsby,RB,JAX,MIN,0,0,0.0,0,0.0,0.0,0.0,2,4.0,0,0,0,0.0,0,0.4,0.4,,,71.0,213.0,22.186235294117647,1.0,Auburn,2023.0,2023.0,JAX,88.0,-5.0,
2024,13,00-0038555,T.Bigsby,RB,JAX,HOU,0,0,0.0,0,0.0,0.0,0.0,7,28.0,0,1,1,7.0,0,3.5,4.5,,,71.0,213.0,22.186235294117647,1.0,Auburn,2023.0,2023.0,JAX,88.0,-3.0,0.023809524
2024,14,00-0038555,T.Bigsby,RB,JAX,TEN,0,0,0.0,0,0.0,0.0,0.0,18,55.0,1,2,1,7.0,0,12.2,13.2,,,71.0,213.0,22.186235294117647,1.0,Auburn,2023.0,2023.0,JAX,88.0,,0.06666667
2024,15,00-0038555,T.Bigsby,RB,JAX,NYJ,0,0,0.0,0,0.0,0.0,0.0,11,42.0,0,1,0,0.0,0,4.2,4.2,,,71.0,213.0,22.186235294117647,1.0,Auburn,2023.0,2023.0,JAX,88.0,-7.0,0.023255814
2024,16,00-0038555,T.Bigsby,RB,JAX,LV,0,0,0.0,0,0.0,0.0,0.0,12,50.0,1,1,1,1.0,0,9.1,10.1,,,71.0,213.0,22.186235294117647,1.0,Auburn,2023.0,2023.0,JAX,88.0,,0.028571429
2024,17,00-0038555,T.Bigsby,RB,JAX,TEN,0,0,0.0,0,0.0,0.0,0.0,11,33.0,0,1,0,0.0,0,3.3,3.3,,,71.0,213.0,22.186235294117647,1.0,Auburn,2023.0,2023.0,JAX,88.0,7.0,0.04761905
2024,18,00-0038555,T.Bigsby,RB,JAX,IND,0,0,0.0,0,0.0,0.0,0.0,14,39.0,1,1,1,3.0,0,10.2,11.2,,,71.0,213.0,22.186235294117647,1.0,Auburn,2023.0,2023.0,JAX,88.0,,0.032258064
2024,1,00-0038558,D.Washington,TE,PIT,ATL,0,0,0.0,0,0.0,0.0,0.0,0,0.0,0,1,1,5.0,0,0.5,1.5,,,79.0,265.0,23.233166666666666,1.0,Georgia,2023.0,2023.0,PIT,93.0,,0.045454547
2024,2,00-0038558,D.Washington,TE,PIT,DEN,0,0,0.0,0,0.0,0.0,0.0,0,0.0,0,1,1,5.0,1,6.5,7.5,,,79.0,265.0,23.233166666666666,1.0,Georgia,2023.0,2023.0,PIT,93.0,,0.055555556
2024,4,00-0038558,D.Washington,TE,PIT,IND,0,0,0.0,0,0.0,0.0,0.0,0,0.0,0,2,2,31.0,0,3.1,5.1,,,79.0,265.0,23.233166666666666,1.0,Georgia,2023.0,2023.0,PIT,93.0,,0.0625
2024,5,00-0038558,D.Washington,TE,PIT,DAL,0,0,0.0,0,0.0,0.0,0.0,0,0.0,0,2,1,5.0,0,0.5,1.5,,,79.0,265.0,23.233166666666666,1.0,Georgia,2023.0,2023.0,PIT,93.0,-3.0,0.07692308
2024,6,00-0038558,D.Washington,TE,PIT,LV,0,0,0.0,0,0.0,0.0,0.0,0,0.0,0,1,1,9.0,0,0.9,1.9,,,79.0,265.0,23.233166666666666,1.0,Georgia,2023.0,2023.0,PIT,93.0,,0.04347826
2024,7,00-0038558,D.Washington,TE,PIT,NYJ,0,0,0.0,0,0.0,0.0,0.0,0,0.0,0,4,4,36.0,0,3.6,7.6,,,79.0,265.0,23.233166666666666,1.0,Georgia,2023.0,2023.0,PIT,93.0,22.0,0.14814815
2024,8,00-0038558,D.Washington,TE,PIT,NYG,0,0,0.0,0,0.0,0.0,0.0,0,0.0,0,1,1,29.0,0,2.9,3.9,,,79.0,265.0,23.233166666666666,1.0,Georgia,2023.0,2023.0,PIT,93.0,8.0,0.037037037
2024,10,00-0038558,D.Washington,TE,PIT,WAS,0,0,0.0,0,0.0,0.0,0.0,0,0.0,0,3,1,6.0,0,0.6,1.6,,,79.0,265.0,23.233166666666666,1.0,Georgia,2023.0,2023.0,PIT,93.0,,0.115384616
2024,11,00-0038558,D.Washington,TE,PIT,BAL,0,0,0.0,0,0.0,0.0,0.0,0,0.0,0,4,2,42.0,0,4.2,6.2,,,79.0,265.0,23.233166666666666,1.0,Georgia,2023.0,2023.0,PIT,93.0,2.0,0.125
2024,12,00-0038558,D.Washington,TE,PIT,CLE,0,0,0.0,0,0.0,0.0,0.0,0,0.0,0,3,3,14.0,0,1.4,4.4,,,79.0,265.0,23.233166666666666,1.0,Georgia,2023.0,2023.0,PIT,93.0,,0.12
2024,13,00-0038558,D.Washington,TE,PIT,CIN,0,0,0.0,0,0.0,0.0,0.0,0,0.0,0,1,1,10.0,0,1.0,2.0,,,79.0,265.0,23.233166666666666,1.0,Georgia,2023.0,2023.0,PIT,93.0,,0.027777778
2024,14,00-0038558,D.Washington,TE,PIT,CLE,0,0,0.0,0,0.0,0.0,0.0,0,0.0,0,1,0,0.0,0,0.0,0.0,,,79.0,265.0,23.233166666666666,1.0,Georgia,2023.0,2023.0,PIT,93.0,13.0,0.041666668
2024,17,00-0038558,D.Washington,TE,PIT,KC,0,0,0.0,0,0.0,0.0,0.0,0,0.0,0,1,1,8.0,0,0.8,1.8,,,79.0,265.0,23.233166666666666,1.0,Georgia,2023.0,2023.0,PIT,93.0,-19.0,0.028571429
2024,19,00-0038558,D.Washington,TE,PIT,BAL,0,0,0.0,0,0.0,0.0,0.0,0,0.0,0,3,1,9.0,0,0.9,1.9,,,79.0,265.0,23.233166666666666,1.0,Georgia,2023.0,2023.0,PIT,93.0,,0.115384616
2024,1,00-0038559,M.Wilson,WR,ARI,BUF,0,0,0.0,0,0.0,0.0,0.0,0,0.0,0,2,1,5.0,1,6.5,7.5,,,74.0,209.0,24.70329411764706,1.0,Stanford,2023.0,2023.0,ARI,94.0,,0.06451613
2024,2,00-0038559,M.Wilson,WR,ARI,LA,0,0,0.0,0,0.0,0.0,0.0,0,0.0,0,2,2,31.0,0,3.1,5.1,,,74.0,209.0,24.70329411764706,1.0,Stanford,2023.0,2023.0,ARI,94.0,31.0,0.0952381
2024,3,00-0038559,M.Wilson,WR,ARI,DET,0,0,0.0,0,0.0,0.0,0.0,0,0.0,0,9,8,64.0,0,6.4,14.4,,,74.0,209.0,24.70329411764706,1.0,Stanford,2023.0,2023.0,ARI,94.0,-7.0,0.2647059
2024,4,00-0038559,M.Wilson,WR,ARI,WAS,0,0,0.0,0,0.0,0.0,0.0,0,0.0,0,7,3,38.0,0,1.8,4.8,,,74.0,209.0,24.70329411764706,1.0,Stanford,2023.0,2023.0,ARI,94.0,-28.0,0.3181818
2024,5,00-0038559,M.Wilson,WR,ARI,SF,0,0,0.0,0,0.0,0.0,0.0,0,0.0,0,6,5,78.0,0,7.8,12.8,,,74.0,209.0,24.70329411764706,1.0,Stanford,2023.0,2023.0,ARI,94.0,,0.2
2024,6,00-0038559,M.Wilson,WR,ARI,GB,0,0,0.0,0,0.0,0.0,0.0,0,0.0,0,4,2,21.0,1,8.1,10.1,,,74.0,209.0,24.70329411764706,1.0,Stanford,2023.0,2023.0,ARI,94.0,,0.125
2024,7,00-0038559,M.Wilson,WR,ARI,LAC,0,0,0.0,0,0.0,0.0,0.0,0,0.0,0,3,1,15.0,0,1.5,2.5,,,74.0,209.0,24.70329411764706,1.0,Stanford,2023.0,2023.0,ARI,94.0,2.0,0.12
2024,8,00-0038559,M.Wilson,WR,ARI,MIA,0,0,0.0,0,0.0,0.0,0.0,0,0.0,0,6,5,31.0,1,9.1,14.1,,,74.0,209.0,24.70329411764706,1.0,Stanford,2023.0,2023.0,ARI,94.0,,0.18181819
2024,9,00-0038559,M.Wilson,WR,ARI,CHI,0,0,0.0,0,0.0,0.0,0.0,0,0.0,0,1,0,0.0,0,0.0,0.0,,,74.0,209.0,24.70329411764706,1.0,Stanford,2023.0,2023.0,ARI,94.0,20.0,0.05263158
2024,10,00-0038559,M.Wilson,WR,ARI,NYJ,0,0,0.0,0,0.0,0.0,0.0,0,0.0,0,4,3,24.0,0,2.4,5.4,,,74.0,209.0,24.70329411764706,1.0,Stanford,2023.0,2023.0,ARI,94.0,25.0,0.16666667
2024,12,00-0038559,M.Wilson,WR,ARI,SEA,0,0,0.0,0,0.0,0.0,0.0,0,0.0,0,4,2,54.0,0,5.4,7.4,,,74.0,209.0,24.70329411764706,1.0,Stanford,2023.0,2023.0,ARI,94.0,,0.11764706
2024,13,00-0038559,M.Wilson,WR,ARI,MIN,0,0,0.0,0,0.0,0.0,0.0,0,0.0,0,7,5,55.0,0,5.5,10.5,,,74.0,209.0,24.70329411764706,1.0,Stanford,2023.0,2023.0,ARI,94.0,,0.1627907
2024,14,00-0038559,M.Wilson,WR,ARI,SEA,0,0,0.0,0,0.0,0.0,0.0,0,0.0,0,3,2,57.0,1,11.7,13.7,,,74.0,209.0,24.70329411764706,1.0,Stanford,2023.0,2023.0,ARI,94.0,-12.0,0.078947365
2024,15,00-0038559,M.Wilson,WR,ARI,NE,0,0,0.0,0,0.0,0.0,0.0,0,0.0,0,2,2,9.0,0,0.9,2.9,,,74.0,209.0,24.70329411764706,1.0,Stanford,2023.0,2023.0,ARI,94.0,13.0,0.06451613
2024,16,00-0038559,M.Wilson,WR,ARI,CAR,0,0,0.0,0,0.0,0.0,0.0,0,0.0,0,5,2,44.0,0,4.4,6.4,,,74.0,209.0,24.70329411764706,1.0,Stanford,2023.0,2023.0,ARI,94.0,,0.1724138
2024,17,00-0038559,M.Wilson,WR,ARI,LA,0,0,0.0,0,0.0,0.0,0.0,1,7.0,0,6,4,22.0,0,2.9,6.9,,,74.0,209.0,24.70329411764706,1.0,Stanford,2023.0,2023.0,ARI,94.0,,0.13333334
2024,1,00-0038563,T.Tucker,WR,LV,LAC,0,0,0.0,0,0.0,0.0,0.0,0,0.0,0,3,2,22.0,0,2.2,4.2,,,69.0,185.0,23.666588235294117,1.0,Cincinnati,2023.0,2023.0,LV,100.0,,0.09375
2024,2,00-0038563,T.Tucker,WR,LV,BAL,0,0,0.0,0,0.0,0.0,0.0,0,0.0,0,2,2,13.0,0,1.3,3.3,,,69.0,185.0,23.666588235294117,1.0,Cincinnati,2023.0,2023.0,LV,100.0,,0.055555556
2024,3,00-0038563,T.Tucker,WR,LV,CAR,0,0,0.0,0,0.0,0.0,0.0,0,0.0,0,9,7,96.0,1,15.6,22.6,,,69.0,185.0,23.666588235294117,1.0,Cincinnati,2023.0,2023.0,LV,100.0,-14.0,0.23076923
2024,4,00-0038563,T.Tucker,WR,LV,CLE,0,0,0.0,0,0.0,0.0,0.0,1,3.0,1,6,5,41.0,0,10.4,15.4,,,69.0,185.0,23.666588235294117,1.0,Cincinnati,2023.0,2023.0,LV,100.0,4.0,0.25
2024,5,00-0038563,T.Tucker,WR,LV,DEN,0,0,0.0,0,0.0,0.0,0.0,2,8.0,0,5,2,18.0,0,2.6,4.6,,,69.0,185.0,23.666588235294117,1.0,Cincinnati,2023.0,2023.0,LV,100.0,,0.1388889
2024,6,00-0038563,T.Tucker,WR,LV,PIT,0,0,0.0,0,0.0,0.0,0.0,0,0.0,0,2,0,0.0,0,0.0,0.0,,,69.0,185.0,23.666588235294117,1.0,Cincinnati,2023.0,2023.0,LV,100.0,-19.0,0.054054055
2024,7,00-0038563,T.Tucker,WR,LV,LA,0,0,0.0,0,0.0,0.0,0.0,1,11.0,0,8,3,36.0,0,4.7,7.7,,,69.0,185.0,23.666588235294117,1.0,Cincinnati,2023.0,2023.0,LV,100.0,,0.22857143
2024,8,00-0038563,T.Tucker,WR,LV,KC,0,0,0.0,0,0.0,0.0,0.0,1,7.0,0,3,2,26.0,0,3.3,5.3,,,69.0,185.0,23.666588235294117,1.0,Cincinnati,2023.0,2023.0,LV,100.0,-7.0,0.11111111
2024,9,00-0038563,T.Tucker,WR,LV,CIN,0,0,0.0,0,0.0,0.0,0.0,0,0.0,0,6,2,5.0,0,0.5,2.5,,,69.0,185.0,23.666588235294117,1.0,Cincinnati,2023.0,2023.0,LV,100.0,,0.1875
2024,11,00-0038563,T.Tucker,WR,LV,MIA,0,0,0.0,0,0.0,0.0,0.0,1,7.0,0,4,3,28.0,0,3.5,6.5,,,69.0,185.0,23.666588235294117,1.0,Cincinnati,2023.0,2023.0,LV,100.0,,0.102564104
2024,12,00-0038563,T.Tucker,WR,LV,DEN,0,0,0.0,0,0.0,0.0,0.0,0,0.0,0,8,7,82.0,0,8.2,15.2,,,69.0,185.0,23.666588235294117,1.0,Cincinnati,2023.0,2023.0,LV,100.0,-10.0,0.17391305
2024,13,00-0038563,T.Tucker,WR,LV,KC,0,0,0.0,0,0.0,0.0,0.0,1,11.0,0,1,1,58.0,1,12.9,13.9,,,69.0,185.0,23.666588235294117,1.0,Cincinnati,2023.0,2023.0,LV,100.0,,0.029411765
2024,14,00-0038563,T.Tucker,WR,LV,TB,0,0,0.0,0,0.0,0.0,0.0,0,0.0,0,5,2,7.0,0,0.7,2.7,,,69.0,185.0,23.666588235294117,1.0,Cincinnati,2023.0,2023.0,LV,100.0,,0.14285715
2024,15,00-0038563,T.Tucker,WR,LV,ATL,0,0,0.0,0,0.0,0.0,0.0,0,0.0,0,3,2,18.0,0,1.8,3.8,,,69.0,185.0,23.666588235294117,1.0,Cincinnati,2023.0,2023.0,LV,100.0,-6.0,0.0882353
2024,16,00-0038563,T.Tucker,WR,LV,JAX,0,0,0.0,0,0.0,0.0,0.0,1,-8.0,0,4,2,41.0,0,3.3,5.3,,,69.0,185.0,23.666588235294117,1.0,Cincinnati,2023.0,2023.0,LV,100.0,5.0,0.10810811
2024,17,00-0038563,T.Tucker,WR,LV,NO,0,0,0.0,0,0.0,0.0,0.0,1,5.0,0,8,2,24.0,1,8.9,10.9,,,69.0,185.0,23.666588235294117,1.0,Cincinnati,2023.0,2023.0,LV,100.0,,0.22857143
2024,18,00-0038563,T.Tucker,WR,LV,LAC,0,0,0.0,0,0.0,0.0,0.0,0,0.0,0,4,3,24.0,0,2.4,5.4,,,69.0,185.0,23.666588235294117,1.0,Cincinnati,2023.0,2023.0,LV,100.0,-14.0,0.11764706
2024,1,00-0038573,D.Davis,WR,LAC,LV,0,0,0.0,0,0.0,0.0,0.0,2,9.0,0,0,0,0.0,0,0.9,0.9,,,68.0,175.0,24.16916666666667,1.0,Texas Christian,2023.0,2023.0,LAC,125.0,12.0,
2024,3,00-0038573,D.Davis,WR,LAC,PIT,0,0,0.0,0,0.0,0.0,0.0,1,8.0,0,0,0,0.0,0,0.8,0.8,,,68.0,175.0,24.16916666666667,1.0,Texas Christian,2023.0,2023.0,LAC,125.0,,
2024,6,00-0038573,D.Davis,WR,LAC,DEN,0,0,0.0,0,0.0,0.0,0.0,2,14.0,0,2,1,8.0,0,2.2,3.2,,,68.0,175.0,24.16916666666667,1.0,Texas Christian,2023.0,2023.0,LAC,125.0,,0.06451613
2024,10,00-0038573,D.Davis,WR,LAC,TEN,0,0,0.0,0,0.0,0.0,0.0,1,6.0,0,1,1,17.0,0,2.3,3.3,,,68.0,175.0,24.16916666666667,1.0,Texas Christian,2023.0,2023.0,LAC,125.0,10.0,0.055555556
2024,11,00-0038573,D.Davis,WR,LAC,CIN,0,0,0.0,0,0.0,0.0,0.0,1,6.0,0,2,1,14.0,0,2.0,3.0,,,68.0,175.0,24.16916666666667,1.0,Texas Christian,2023.0,2023.0,LAC,125.0,7.0,0.060606062
2024,12,00-0038573,D.Davis,WR,LAC,BAL,0,0,0.0,0,0.0,0.0,0.0,0,0.0,0,2,2,4.0,0,0.4,2.4,,,68.0,175.0,24.16916666666667,1.0,Texas Christian,2023.0,2023.0,LAC,125.0,-7.0,0.055555556
2024,13,00-0038573,D.Davis,WR,LAC,ATL,0,0,0.0,0,0.0,0.0,0.0,1,3.0,0,1,1,3.0,0,0.6,1.6,,,68.0,175.0,24.16916666666667,1.0,Texas Christian,2023.0,2023.0,LAC,125.0,,0.041666668
2024,14,00-0038573,D.Davis,WR,LAC,KC,0,0,0.0,0,0.0,0.0,0.0,1,0.0,0,4,2,1.0,0,0.1,2.1,,,68.0,175.0,24.16916666666667,1.0,Texas Christian,2023.0,2023.0,LAC,125.0,,0.13793103
2024,16,00-0038573,D.Davis,WR,LAC,DEN,0,0,0.0,0,0.0,0.0,0.0,1,-3.0,0,2,2,31.0,1,8.8,10.8,,,68.0,175.0,24.16916666666667,1.0,Texas Christian,2023.0,2023.0,LAC,125.0,7.0,0.06666667
2024,17,00-0038573,D.Davis,WR,LAC,NE,0,0,0.0,0,0.0,0.0,0.0,1,-3.0,0,2,2,29.0,1,8.6,10.6,,,68.0,175.0,24.16916666666667,1.0,Texas Christian,2023.0,2023.0,LAC,125.0,,0.05
2024,18,00-0038573,D.Davis,WR,LAC,LV,0,0,0.0,0,0.0,0.0,0.0,1,-1.0,0,1,1,5.0,0,0.4,1.4,,,68.0,175.0,24.16916666666667,1.0,Texas Christian,2023.0,2023.0,LAC,125.0,,0.028571429
2024,19,00-0038573,D.Davis,WR,LAC,HOU,0,0,0.0,0,0.0,0.0,0.0,1,-3.0,0,1,1,4.0,0,0.1,1.1,,,68.0,175.0,24.16916666666667,1.0,Texas Christian,2023.0,2023.0,LAC,125.0,,0.03125
2024,1,00-0038576,C.Jones,WR,CIN,NE,0,0,0.0,0,0.0,0.0,0.0,0,0.0,0,1,1,5.0,0,0.5,1.5,,,72.0,188.0,26.02141176470588,1.0,Purdue,2023.0,2023.0,CIN,131.0,-6.0,0.03448276
2024,7,00-0038576,C.Jones,WR,CIN,CLE,0,0,0.0,0,0.0,0.0,0.0,0,0.0,0,0,0,0.0,0,6.0,6.0,,,72.0,188.0,26.02141176470588,1.0,Purdue,2023.0,2023.0,CIN,131.0,,
2024,3,00-0038579,A.O'Connell,QB,LV,CAR,9,12,82.0,1,0.0,1.0,12.0,0,0.0,0,0,0,0.0,0,7.28,7.28,,,75.0,210.0,26.182764705882356,1.0,Purdue,2023.0,2023.0,LV,135.0,-14.0,
2024,5,00-0038579,A.O'Connell,QB,LV,DEN,10,20,94.0,0,1.0,1.0,7.0,0,0.0,0,0,0,0.0,0,1.76,1.76,,,75.0,210.0,26.182764705882356,1.0,Purdue,2023.0,2023.0,LV,135.0,,
2024,6,00-0038579,A.O'Connell,QB,LV,PIT,27,40,227.0,1,1.0,1.0,9.0,0,0.0,0,0,0,0.0,0,11.08,11.08,,,75.0,210.0,26.182764705882356,1.0,Purdue,2023.0,2023.0,LV,135.0,-19.0,
2024,7,00-0038579,A.O'Connell,QB,LV,LA,6,10,52.0,0,0.0,0.0,-0.0,0,0.0,0,0,0,0.0,0,2.08,2.08,,,75.0,210.0,26.182764705882356,1.0,Purdue,2023.0,2023.0,LV,135.0,,
2024,13,00-0038579,A.O'Connell,QB,LV,KC,23,35,340.0,2,0.0,3.0,22.0,1,0.0,0,0,0,0.0,0,19.6,19.6,,,75.0,210.0,26.182764705882356,1.0,Purdue,2023.0,2023.0,LV,135.0,,
2024,14,00-0038579,A.O'Connell,QB,LV,TB,11,19,104.0,0,1.0,1.0,10.0,6,6.0,1,0,0,0.0,0,6.76,6.76,,,75.0,210.0,26.182764705882356,1.0,Purdue,2023.0,2023.0,LV,135.0,,
2024,16,00-0038579,A.O'Connell,QB,LV,JAX,24,38,257.0,0,0.0,2.0,12.0,7,12.0,0,0,0,0.0,0,11.48,11.48,,,75.0,210.0,26.182764705882356,1.0,Purdue,2023.0,2023.0,LV,135.0,5.0,
2024,17,00-0038579,A.O'Connell,QB,LV,NO,20,35,242.0,2,0.0,1.0,10.0,3,-1.0,0,0,0,0.0,0,17.58,17.58,,,75.0,210.0,26.182764705882356,1.0,Purdue,2023.0,2023.0,LV,135.0,,
2024,18,00-0038579,A.O'Connell,QB,LV,LAC,24,34,214.0,2,1.0,0.0,-0.0,4,13.0,0,0,0,0.0,0,15.86,15.86,,,75.0,210.0,26.182764705882356,1.0,Purdue,2023.0,2023.0,LV,135.0,-14.0,
2024,2,00-0038582,C.Tune,QB,ARI,LA,0,0,0.0,0,0.0,0.0,0.0,1,-6.0,0,0,0,0.0,0,-2.6,-2.6,,,75.0,220.0,25.626,1.0,Houston,2023.0,2023.0,ARI,139.0,31.0,
2024,7,00-0038582,C.Tune,QB,ARI,LAC,0,0,0.0,0,0.0,0.0,0.0,3,2.0,0,0,0,0.0,0,0.2,0.2,,,75.0,220.0,25.626,1.0,Houston,2023.0,2023.0,ARI,139.0,2.0,
2024,10,00-0038582,C.Tune,QB,ARI,NYJ,0,0,0.0,0,0.0,0.0,0.0,1,-1.0,0,0,0,0.0,0,-0.1,-0.1,,,75.0,220.0,25.626,1.0,Houston,2023.0,2023.0,ARI,139.0,25.0,
2024,15,00-0038582,C.Tune,QB,ARI,NE,2,2,8.0,0,0.0,0.0,-0.0,1,-1.0,0,0,0,0.0,0,0.22,0.22,,,75.0,220.0,25.626,1.0,Houston,2023.0,2023.0,ARI,139.0,13.0,
2024,18,00-0038582,C.Tune,QB,ARI,SF,0,0,0.0,0,0.0,0.0,0.0,1,2.0,0,0,0,0.0,0,0.2,0.2,,,75.0,220.0,25.626,1.0,Houston,2023.0,2023.0,ARI,139.0,23.0,
2024,7,00-0038583,D.Thompson-Robinson,QB,CLE,CIN,11,24,82.0,0,2.0,1.0,3.0,3,44.0,0,0,0,0.0,0,3.68,3.68,,,74.0,205.0,24.980470588235296,1.0,UCLA,2023.0,2023.0,CLE,140.0,-7.0,
2024,11,00-0038583,D.Thompson-Robinson,QB,CLE,NO,0,1,0.0,0,0.0,0.0,-0.0,0,0.0,0,0,0,0.0,0,0.0,0.0,,,74.0,205.0,24.980470588235296,1.0,UCLA,2023.0,2023.0,CLE,140.0,,
2024,15,00-0038583,D.Thompson-Robinson,QB,CLE,KC,4,9,18.0,0,1.0,0.0,-0.0,3,16.0,0,0,0,0.0,0,0.32,0.32,,,74.0,205.0,24.980470588235296,1.0,UCLA,2023.0,2023.0,CLE,140.0,-14.0,
2024,16,00-0038583,D.Thompson-Robinson,QB,CLE,CIN,20,34,157.0,0,2.0,5.0,32.0,9,49.0,0,0,0,0.0,0,7.18,7.18,,,74.0,205.0,24.980470588235296,1.0,UCLA,2023.0,2023.0,CLE,140.0,,
2024,17,00-0038583,D.Thompson-Robinson,QB,CLE,MIA,24,47,170.0,0,1.0,1.0,8.0,4,10.0,0,0,0,0.0,0,3.8,3.8,,,74.0,205.0,24.980470588235296,1.0,UCLA,2023.0,2023.0,CLE,140.0,-17.0,
2024,18,00-0038583,D.Thompson-Robinson,QB,CLE,BAL,2,3,13.0,0,0.0,1.0,4.0,2,3.0,0,0,0,0.0,0,0.82,0.82,,,74.0,205.0,24.980470588235296,1.0,UCLA,2023.0,2023.0,CLE,140.0,,
2024,2,00-0038589,J.Whyle,TE,TEN,NYJ,0,0,0.0,0,0.0,0.0,0.0,0,0.0,0,2,2,13.0,0,1.3,3.3,,,79.0,250.0,25.17017647058824,1.0,Cincinnati,2023.0,2023.0,TEN,147.0,-7.0,0.074074075
2024,3,00-0038589,J.Whyle,TE,TEN,GB,0,0,0.0,0,0.0,0.0,0.0,0,0.0,0,5,4,43.0,0,4.3,8.3,,,79.0,250.0,25.17017647058824,1.0,Cincinnati,2023.0,2023.0,TEN,147.0,-16.0,0.14705883
2024,4,00-0038589,J.Whyle,TE,TEN,MIA,0,0,0.0,0,0.0,0.0,0.0,0,0.0,0,1,1,5.0,0,0.5,1.5,,,79.0,250.0,25.17017647058824,1.0,Cincinnati,2023.0,2023.0,TEN,147.0,,0.055555556
2024,6,00-0038589,J.Whyle,TE,TEN,IND,0,0,0.0,0,0.0,0.0,0.0,0,0.0,0,1,1,2.0,0,0.2,1.2,,,79.0,250.0,25.17017647058824,1.0,Cincinnati,2023.0,2023.0,TEN,147.0,-3.0,0.037037037
2024,7,00-0038589,J.Whyle,TE,TEN,BUF,0,0,0.0,0,0.0,0.0,0.0,0,0.0,0,4,3,34.0,0,3.4,6.4,,,79.0,250.0,25.17017647058824,1.0,Cincinnati,2023.0,2023.0,TEN,147.0,,0.10526316
2024,8,00-0038589,J.Whyle,TE,TEN,DET,0,0,0.0,0,0.0,0.0,0.0,0,0.0,0,2,2,33.0,0,3.3,5.3,,,79.0,250.0,25.17017647058824,1.0,Cincinnati,2023.0,2023.0,TEN,147.0,,0.05263158
2024,9,00-0038589,J.Whyle,TE,TEN,NE,0,0,0.0,0,0.0,0.0,0.0,0,0.0,0,2,1,12.0,0,1.2,2.2,,,79.0,250.0,25.17017647058824,1.0,Cincinnati,2023.0,2023.0,TEN,147.0,3.0,0.074074075
2024,10,00-0038589,J.Whyle,TE,TEN,LAC,0,0,0.0,0,0.0,0.0,0.0,0,0.0,0,1,0,0.0,0,0.0,0.0,,,79.0,250.0,25.17017647058824,1.0,Cincinnati,2023.0,2023.0,TEN,147.0,,0.04347826
2024,11,00-0038589,J.Whyle,TE,TEN,MIN,0,0,0.0,0,0.0,0.0,0.0,0,0.0,0,1,1,6.0,0,0.6,1.6,,,79.0,250.0,25.17017647058824,1.0,Cincinnati,2023.0,2023.0,TEN,147.0,-10.0,0.03448276
2024,13,00-0038589,J.Whyle,TE,TEN,WAS,0,0,0.0,0,0.0,0.0,0.0,0,0.0,0,3,1,3.0,0,0.3,1.3,,,79.0,250.0,25.17017647058824,1.0,Cincinnati,2023.0,2023.0,TEN,147.0,,0.083333336
2024,14,00-0038589,J.Whyle,TE,TEN,JAX,0,0,0.0,0,0.0,0.0,0.0,0,0.0,0,2,2,31.0,0,3.1,5.1,,,79.0,250.0,25.17017647058824,1.0,Cincinnati,2023.0,2023.0,TEN,147.0,-4.0,0.0625
2024,15,00-0038589,J.Whyle,TE,TEN,CIN,0,0,0.0,0,0.0,0.0,0.0,0,0.0,0,5,5,37.0,1,9.7,14.7,,,79.0,250.0,25.17017647058824,1.0,Cincinnati,2023.0,2023.0,TEN,147.0,-10.0,0.13513513
2024,17,00-0038589,J.Whyle,TE,TEN,JAX,0,0,0.0,0,0.0,0.0,0.0,0,0.0,0,1,0,0.0,0,0.0,0.0,,,79.0,250.0,25.17017647058824,1.0,Cincinnati,2023.0,2023.0,TEN,147.0,,0.033333335
2024,18,00-0038589,J.Whyle,TE,TEN,HOU,0,0,0.0,0,0.0,0.0,0.0,0,0.0,0,7,5,29.0,0,4.9,9.9,,,79.0,250.0,25.17017647058824,1.0,Cincinnati,2023.0,2023.0,TEN,147.0,-9.0,0.26923078
2024,1,00-0038597,C.Brown,RB,CIN,NE,0,0,0.0,0,0.0,0.0,0.0,3,11.0,0,3,3,12.0,0,2.3,5.3,,,70.0,205.0,24.62764705882353,1.0,Illinois,2023.0,2023.0,CIN,163.0,-6.0,0.10344828
2024,2,00-0038597,C.Brown,RB,CIN,KC,0,0,0.0,0,0.0,0.0,0.0,4,31.0,0,0,0,0.0,0,3.1,3.1,,,70.0,205.0,24.62764705882353,1.0,Illinois,2023.0,2023.0,CIN,163.0,,
2024,3,00-0038597,C.Brown,RB,CIN,WAS,0,0,0.0,0,0.0,0.0,0.0,7,62.0,0,3,2,7.0,0,6.9,8.9,,,70.0,205.0,24.62764705882353,1.0,Illinois,2023.0,2023.0,CIN,163.0,-5.0,0.078947365
2024,4,00-0038597,C.Brown,RB,CIN,CAR,0,0,0.0,0,0.0,0.0,0.0,15,80.0,2,3,2,12.0,0,21.2,23.2,,,70.0,205.0,24.62764705882353,1.0,Illinois,2023.0,2023.0,CIN,163.0,,0.1
2024,5,00-0038597,C.Brown,RB,CIN,BAL,0,0,0.0,0,0.0,0.0,0.0,12,46.0,0,3,3,8.0,1,13.4,16.4,,,70.0,205.0,24.62764705882353,1.0,Illinois,2023.0,2023.0,CIN,163.0,-3.0,0.07692308
2024,6,00-0038597,C.Brown,RB,CIN,NYG,0,0,0.0,0,0.0,0.0,0.0,10,53.0,1,3,2,11.0,0,12.4,14.4,,,70.0,205.0,24.62764705882353,1.0,Illinois,2023.0,2023.0,CIN,163.0,,0.13043478
2024,7,00-0038597,C.Brown,RB,CIN,CLE,0,0,0.0,0,0.0,0.0,0.0,15,44.0,0,2,2,9.0,0,5.3,7.3,,,70.0,205.0,24.62764705882353,1.0,Illinois,2023.0,2023.0,CIN,163.0,,0.083333336
2024,8,00-0038597,C.Brown,RB,CIN,PHI,0,0,0.0,0,0.0,0.0,0.0,12,32.0,1,4,2,2.0,0,9.4,11.4,,,70.0,205.0,24.62764705882353,1.0,Illinois,2023.0,2023.0,CIN,163.0,-20.0,0.11111111
2024,9,00-0038597,C.Brown,RB,CIN,LV,0,0,0.0,0,0.0,0.0,0.0,27,120.0,0,5,5,37.0,1,21.7,26.7,,,70.0,205.0,24.62764705882353,1.0,Illinois,2023.0,2023.0,CIN,163.0,17.0,0.13513513
2024,10,00-0038597,C.Brown,RB,CIN,BAL,0,0,0.0,0,0.0,0.0,0.0,13,42.0,1,11,9,52.0,0,13.4,22.4,,,70.0,205.0,24.62764705882353,1.0,Illinois,2023.0,2023.0,CIN,163.0,,0.2037037
2024,11,00-0038597,C.Brown,RB,CIN,LAC,0,0,0.0,0,0.0,0.0,0.0,22,86.0,0,7,5,57.0,0,14.3,19.3,,,70.0,205.0,24.62764705882353,1.0,Illinois,2023.0,2023.0,CIN,163.0,,0.1521739
2024,13,00-0038597,C.Brown,RB,CIN,PIT,0,0,0.0,0,0.0,0.0,0.0,12,70.0,1,3,3,30.0,0,16.0,19.0,,,70.0,205.0,24.62764705882353,1.0,Illinois,2023.0,2023.0,CIN,163.0,-6.0,0.08108108
2024,14,00-0038597,C.Brown,RB,CIN,DAL,0,0,0.0,0,0.0,0.0,0.0,14,58.0,0,8,6,65.0,1,18.3,24.3,,,70.0,205.0,24.62764705882353,1.0,Illinois,2023.0,2023.0,CIN,163.0,,0.18604651
2024,15,00-0038597,C.Brown,RB,CIN,TEN,0,0,0.0,0,0.0,0.0,0.0,25,97.0,1,3,3,16.0,1,23.3,26.3,,,70.0,205.0,24.62764705882353,1.0,Illinois,2023.0,2023.0,CIN,163.0,,0.08571429
2024,16,00-0038597,C.Brown,RB,CIN,CLE,0,0,0.0,0,0.0,0.0,0.0,18,91.0,0,3,3,18.0,0,10.9,13.9,,,70.0,205.0,24.62764705882353,1.0,Illinois,2023.0,2023.0,CIN,163.0,18.0,0.10714286
2024,17,00-0038597,C.Brown,RB,CIN,DEN,0,0,0.0,0,0.0,0.0,0.0,20,67.0,0,4,4,24.0,0,9.1,13.1,,,70.0,205.0,24.62764705882353,1.0,Illinois,2023.0,2023.0,CIN,163.0,6.0,0.08163265
2024,1,00-0038606,P.Washington,WR,JAX,MIA,0,0,0.0,0,0.0,0.0,0.0,0,0.0,0,1,1,3.0,0,0.3,1.3,,,70.0,212.0,22.629882352941177,1.0,Penn State,2023.0,2023.0,JAX,185.0,,0.05263158
2024,2,00-0038606,P.Washington,WR,JAX,CLE,0,0,0.0,0,0.0,0.0,0.0,0,0.0,0,1,0,0.0,0,0.0,0.0,,,70.0,212.0,22.629882352941177,1.0,Penn State,2023.0,2023.0,JAX,185.0,-5.0,0.037037037
2024,3,00-0038606,P.Washington,WR,JAX,BUF,0,0,0.0,0,0.0,0.0,0.0,0,0.0,0,3,2,18.0,0,1.8,3.8,,,70.0,212.0,22.629882352941177,1.0,Penn State,2023.0,2023.0,JAX,185.0,,0.06818182
2024,7,00-0038606,P.Washington,WR,JAX,JAX,0,0,0.0,0,0.0,0.0,0.0,0,0.0,0,0,0,0.0,0,6.0,6.0,,,70.0,212.0,22.629882352941177,1.0,Penn State,2023.0,2023.0,JAX,185.0,16.0,
2024,8,00-0038606,P.Washington,WR,JAX,GB,0,0,0.0,0,0.0,0.0,0.0,0,0.0,0,4,3,46.0,0,4.6,7.6,,,70.0,212.0,22.629882352941177,1.0,Penn State,2023.0,2023.0,JAX,185.0,-3.0,0.13333334
2024,9,00-0038606,P.Washington,WR,JAX,PHI,0,0,0.0,0,0.0,0.0,0.0,0,0.0,0,6,3,41.0,0,4.1,7.1,,,70.0,212.0,22.629882352941177,1.0,Penn State,2023.0,2023.0,JAX,185.0,,0.2
2024,11,00-0038606,P.Washington,WR,JAX,DET,0,0,0.0,0,0.0,0.0,0.0,0,0.0,0,3,1,10.0,0,1.0,2.0,,,70.0,212.0,22.629882352941177,1.0,Penn State,2023.0,2023.0,JAX,185.0,,0.10714286
2024,13,00-0038606,P.Washington,WR,JAX,HOU,0,0,0.0,0,0.0,0.0,0.0,0,0.0,0,12,6,103.0,1,18.3,24.3,,,70.0,212.0,22.629882352941177,1.0,Penn State,2023.0,2023.0,JAX,185.0,-3.0,0.2857143
2024,14,00-0038606,P.Washington,WR,JAX,TEN,0,0,0.0,0,0.0,0.0,0.0,0,0.0,0,2,2,15.0,0,1.5,3.5,,,70.0,212.0,22.629882352941177,1.0,Penn State,2023.0,2023.0,JAX,185.0,,0.06666667
2024,15,00-0038606,P.Washington,WR,JAX,NYJ,0,0,0.0,0,0.0,0.0,0.0,0,0.0,0,6,3,54.0,0,5.4,8.4,,,70.0,212.0,22.629882352941177,1.0,Penn State,2023.0,2023.0,JAX,185.0,-7.0,0.13953489
2024,16,00-0038606,P.Washington,WR,JAX,LV,0,0,0.0,0,0.0,0.0,0.0,0,0.0,0,6,6,54.0,0,5.4,11.4,,,70.0,212.0,22.629882352941177,1.0,Penn State,2023.0,2023.0,JAX,185.0,,0.17142858
2024,17,00-0038606,P.Washington,WR,JAX,TEN,0,0,0.0,0,0.0,0.0,0.0,0,0.0,0,3,3,31.0,1,9.1,12.1,,,70.0,212.0,22.629882352941177,1.0,Penn State,2023.0,2023.0,JAX,185.0,7.0,0.14285715
2024,18,00-0038606,P.Washington,WR,JAX,IND,0,0,0.0,0,0.0,0.0,0.0,0,0.0,0,4,2,15.0,1,7.5,9.5,,,70.0,212.0,22.629882352941177,1.0,Penn State,2023.0,2023.0,JAX,185.0,,0.12903225
2024,3,00-0038608,K.Boutte,WR,NE,NYJ,0,0,0.0,0,0.0,0.0,0.0,0,0.0,0,2,1,2.0,0,0.2,1.2,,,71.0,205.0,22.498117647058823,1.0,Louisiana State,2023.0,2023.0,NE,187.0,,0.083333336
2024,4,00-0038608,K.Boutte,WR,NE,SF,0,0,0.0,0,0.0,0.0,0.0,0,0.0,0,1,1,11.0,0,1.1,2.1,,,71.0,205.0,22.498117647058823,1.0,Louisiana State,2023.0,2023.0,NE,187.0,,0.03125
2024,5,00-0038608,K.Boutte,WR,NE,MIA,0,0,0.0,0,0.0,0.0,0.0,0,0.0,0,2,2,34.0,0,3.4,5.4,,,71.0,205.0,22.498117647058823,1.0,Louisiana State,2023.0,2023.0,NE,187.0,-5.0,0.06666667
2024,6,00-0038608,K.Boutte,WR,NE,HOU,0,0,0.0,0,0.0,0.0,0.0,0,0.0,0,3,3,59.0,1,11.9,14.9,,,71.0,205.0,22.498117647058823,1.0,Louisiana State,2023.0,2023.0,NE,187.0,-20.0,0.09677419
2024,7,00-0038608,K.Boutte,WR,NE,JAX,0,0,0.0,0,0.0,0.0,0.0,0,0.0,0,2,1,33.0,0,3.3,4.3,,,71.0,205.0,22.498117647058823,1.0,Louisiana State,2023.0,2023.0,NE,187.0,,0.055555556
2024,8,00-0038608,K.Boutte,WR,NE,NYJ,0,0,0.0,0,0.0,0.0,0.0,0,0.0,0,6,3,46.0,0,4.6,7.6,,,71.0,205.0,22.498117647058823,1.0,Louisiana State,2023.0,2023.0,NE,187.0,3.0,0.20689656
2024,9,00-0038608,K.Boutte,WR,NE,TEN,0,0,0.0,0,0.0,0.0,0.0,0,0.0,0,6,2,18.0,0,1.8,3.8,,,71.0,205.0,22.498117647058823,1.0,Louisiana State,2023.0,2023.0,NE,187.0,,0.15384616
2024,10,00-0038608,K.Boutte,WR,NE,CHI,0,0,0.0,0,0.0,0.0,0.0,0,0.0,0,6,4,47.0,0,4.7,8.7,,,71.0,205.0,22.498117647058823,1.0,Louisiana State,2023.0,2023.0,NE,187.0,,0.26086956
2024,11,00-0038608,K.Boutte,WR,NE,LA,0,0,0.0,0,0.0,0.0,0.0,0,0.0,0,6,4,33.0,0,3.3,7.3,,,71.0,205.0,22.498117647058823,1.0,Louisiana State,2023.0,2023.0,NE,187.0,-6.0,0.16216215
2024,12,00-0038608,K.Boutte,WR,NE,MIA,0,0,0.0,0,0.0,0.0,0.0,0,0.0,0,4,1,6.0,0,0.6,1.6,,,71.0,205.0,22.498117647058823,1.0,Louisiana State,2023.0,2023.0,NE,187.0,,0.10810811
2024,13,00-0038608,K.Boutte,WR,NE,IND,0,0,0.0,0,0.0,0.0,0.0,0,0.0,0,6,3,41.0,0,6.1,9.1,,,71.0,205.0,22.498117647058823,1.0,Louisiana State,2023.0,2023.0,NE,187.0,-1.0,0.2
2024,15,00-0038608,K.Boutte,WR,NE,ARI,0,0,0.0,0,0.0,0.0,0.0,0,0.0,0,5,2,19.0,0,1.9,3.9,,,71.0,205.0,22.498117647058823,1.0,Louisiana State,2023.0,2023.0,NE,187.0,,0.2173913
2024,16,00-0038608,K.Boutte,WR,NE,BUF,0,0,0.0,0,0.0,0.0,0.0,0,0.0,0,7,5,95.0,1,15.5,20.5,,,71.0,205.0,22.498117647058823,1.0,Louisiana State,2023.0,2023.0,NE,187.0,,0.22580644
2024,17,00-0038608,K.Boutte,WR,NE,LAC,0,0,0.0,0,0.0,0.0,0.0,0,0.0,0,5,4,28.0,0,2.8,6.8,,,71.0,205.0,22.498117647058823,1.0,Louisiana State,2023.0,2023.0,NE,187.0,-33.0,0.2173913
2024,18,00-0038608,K.Boutte,WR,NE,BUF,0,0,0.0,0,0.0,0.0,0.0,0,0.0,0,7,7,117.0,1,17.7,24.7,,,71.0,205.0,22.498117647058823,1.0,Louisiana State,2023.0,2023.0,NE,187.0,7.0,0.25
2024,9,00-0038611,C.Rodriguez,RB,WAS,NYG,0,0,0.0,0,0.0,0.0,0.0,11,52.0,0,0,0,0.0,0,5.2,5.2,,,71.0,224.0,25.14115,1.0,Kentucky,2023.0,2023.0,WAS,193.0,,
2024,10,00-0038611,C.Rodriguez,RB,WAS,PIT,0,0,0.0,0,0.0,0.0,0.0,2,4.0,0,0,0,0.0,0,0.4,0.4,,,71.0,224.0,25.14115,1.0,Kentucky,2023.0,2023.0,WAS,193.0,-1.0,
2024,13,00-0038611,C.Rodriguez,RB,WAS,TEN,0,0,0.0,0,0.0,0.0,0.0,13,94.0,1,0,0,0.0,0,15.4,15.4,,,71.0,224.0,25.14115,1.0,Kentucky,2023.0,2023.0,WAS,193.0,23.0,
2024,15,00-0038611,C.Rodriguez,RB,WAS,NO,0,0,0.0,0,0.0,0.0,0.0,1,2.0,0,0,0,0.0,0,0.2,0.2,,,71.0,224.0,25.14115,1.0,Kentucky,2023.0,2023.0,WAS,193.0,,
2024,16,00-0038611,C.Rodriguez,RB,WAS,PHI,0,0,0.0,0,0.0,0.0,0.0,3,5.0,0,0,0,0.0,0,0.5,0.5,,,71.0,224.0,25.14115,1.0,Kentucky,2023.0,2023.0,WAS,193.0,3.0,
2024,17,00-0038611,C.Rodriguez,RB,WAS,ATL,0,0,0.0,0,0.0,0.0,0.0,5,16.0,1,1,1,12.0,0,8.8,9.8,,,71.0,224.0,25.14115,1.0,Kentucky,2023.0,2023.0,WAS,193.0,6.0,0.028571429
2024,1,00-0038614,S.Matlock,FB,LAC,LV,0,0,0.0,0,0.0,0.0,0.0,0,0.0,0,1,0,0.0,0,0.0,0.0,,,76.0,300.0,24.37438888888889,1.0,Boise State,2023.0,2023.0,LAC,200.0,12.0,0.04
2024,4,00-0038614,S.Matlock,FB,LAC,KC,0,0,0.0,0,0.0,0.0,0.0,0,0.0,0,1,1,7.0,0,0.7,1.7,,,76.0,300.0,24.37438888888889,1.0,Boise State,2023.0,2023.0,LAC,200.0,-7.0,0.037037037
2024,8,00-0038614,S.Matlock,FB,LAC,NO,0,0,0.0,0,0.0,0.0,0.0,0,0.0,0,1,1,9.0,0,0.9,1.9,,,76.0,300.0,24.37438888888889,1.0,Boise State,2023.0,2023.0,LAC,200.0,18.0,0.033333335
2024,13,00-0038614,S.Matlock,FB,LAC,ATL,0,0,0.0,0,0.0,0.0,0.0,0,0.0,0,1,1,2.0,0,0.2,1.2,,,76.0,300.0,24.37438888888889,1.0,Boise State,2023.0,2023.0,LAC,200.0,,0.041666668
2024,16,00-0038614,S.Matlock,FB,LAC,DEN,0,0,0.0,0,0.0,0.0,0.0,0,0.0,0,1,1,10.0,0,1.0,2.0,,,76.0,300.0,24.37438888888889,1.0,Boise State,2023.0,2023.0,LAC,200.0,7.0,0.033333335
2024,1,00-0038618,X.Hutchinson,WR,HOU,IND,0,0,0.0,0,0.0,0.0,0.0,0,0.0,0,1,1,3.0,0,0.3,1.3,,,75.0,210.0,24.448263157894736,1.0,Iowa State,2023.0,2023.0,HOU,205.0,,0.032258064
2024,2,00-0038618,X.Hutchinson,WR,HOU,CHI,0,0,0.0,0,0.0,0.0,0.0,0,0.0,0,1,0,0.0,0,0.0,0.0,,,75.0,210.0,24.448263157894736,1.0,Iowa State,2023.0,2023.0,HOU,205.0,6.0,0.029411765
2024,3,00-0038618,X.Hutchinson,WR,HOU,MIN,0,0,0.0,0,0.0,0.0,0.0,0,0.0,0,1,0,0.0,0,0.0,0.0,,,75.0,210.0,24.448263157894736,1.0,Iowa State,2023.0,2023.0,HOU,205.0,,0.023255814
2024,5,00-0038618,X.Hutchinson,WR,HOU,BUF,0,0,0.0,0,0.0,0.0,0.0,0,0.0,0,3,2,31.0,0,3.1,5.1,,,75.0,210.0,24.448263157894736,1.0,Iowa State,2023.0,2023.0,HOU,205.0,3.0,0.08571429
2024,6,00-0038618,X.Hutchinson,WR,HOU,NE,0,0,0.0,0,0.0,0.0,0.0,0,0.0,0,2,0,0.0,0,0.0,0.0,,,75.0,210.0,24.448263157894736,1.0,Iowa State,2023.0,2023.0,HOU,205.0,,0.06451613
2024,7,00-0038618,X.Hutchinson,WR,HOU,GB,0,0,0.0,0,0.0,0.0,0.0,0,0.0,0,1,1,11.0,0,1.1,2.1,,,75.0,210.0,24.448263157894736,1.0,Iowa State,2023.0,2023.0,HOU,205.0,,0.05263158
2024,8,00-0038618,X.Hutchinson,WR,HOU,IND,0,0,0.0,0,0.0,0.0,0.0,0,0.0,0,1,1,19.0,0,1.9,2.9,,,75.0,210.0,24.448263157894736,1.0,Iowa State,2023.0,2023.0,HOU,205.0,3.0,0.027777778
2024,9,00-0038618,X.Hutchinson,WR,HOU,NYJ,0,0,0.0,0,0.0,0.0,0.0,0,0.0,0,3,0,0.0,0,0.0,0.0,,,75.0,210.0,24.448263157894736,1.0,Iowa State,2023.0,2023.0,HOU,205.0,,0.10344828
2024,10,00-0038618,X.Hutchinson,WR,HOU,DET,0,0,0.0,0,0.0,0.0,0.0,0,0.0,0,4,2,6.0,0,0.6,2.6,,,75.0,210.0,24.448263157894736,1.0,Iowa State,2023.0,2023.0,HOU,205.0,-3.0,0.125
2024,12,00-0038618,X.Hutchinson,WR,HOU,TEN,0,0,0.0,0,0.0,0.0,0.0,0,0.0,0,1,0,0.0,0,0.0,0.0,,,75.0,210.0,24.448263157894736,1.0,Iowa State,2023.0,2023.0,HOU,205.0,-5.0,0.032258064
2024,15,00-0038618,X.Hutchinson,WR,HOU,MIA,0,0,0.0,0,0.0,0.0,0.0,0,0.0,0,1,1,13.0,0,1.3,2.3,,,75.0,210.0,24.448263157894736,1.0,Iowa State,2023.0,2023.0,HOU,205.0,8.0,0.04
2024,16,00-0038618,X.Hutchinson,WR,HOU,KC,0,0,0.0,0,0.0,0.0,0.0,0,0.0,0,1,1,8.0,0,0.8,1.8,,,75.0,210.0,24.448263157894736,1.0,Iowa State,2023.0,2023.0,HOU,205.0,,0.027027028
2024,17,00-0038618,X.Hutchinson,WR,HOU,BAL,0,0,0.0,0,0.0,0.0,0.0,0,0.0,0,4,2,21.0,0,2.1,4.1,,,75.0,210.0,24.448263157894736,1.0,Iowa State,2023.0,2023.0,HOU,205.0,-29.0,0.12903225
2024,18,00-0038618,X.Hutchinson,WR,HOU,TEN,0,0,0.0,0,0.0,0.0,0.0,0,0.0,0,2,1,5.0,0,0.5,1.5,,,75.0,210.0,24.448263157894736,1.0,Iowa State,2023.0,2023.0,HOU,205.0,,0.071428575
2024,19,00-0038618,X.Hutchinson,WR,HOU,LAC,0,0,0.0,0,0.0,0.0,0.0,0,0.0,0,1,1,34.0,0,3.4,4.4,,,75.0,210.0,24.448263157894736,1.0,Iowa State,2023.0,2023.0,HOU,205.0,20.0,0.03125
2024,20,00-0038618,X.Hutchinson,WR,HOU,KC,0,0,0.0,0,0.0,0.0,0.0,0,0.0,0,6,4,52.0,0,5.2,9.2,,,75.0,210.0,24.448263157894736,1.0,Iowa State,2023.0,2023.0,HOU,205.0,,0.21428572
2024,1,00-0038619,A.Iosivas,WR,CIN,NE,0,0,0.0,0,0.0,0.0,0.0,0,0.0,0,6,3,26.0,0,2.6,5.6,,,75.0,200.0,25.060411764705883,1.0,Princeton,2023.0,2023.0,CIN,206.0,-6.0,0.20689656
2024,2,00-0038619,A.Iosivas,WR,CIN,KC,0,0,0.0,0,0.0,0.0,0.0,0,0.0,0,4,2,7.0,2,12.7,14.7,,,75.0,200.0,25.060411764705883,1.0,Princeton,2023.0,2023.0,CIN,206.0,,0.11764706
2024,3,00-0038619,A.Iosivas,WR,CIN,WAS,0,0,0.0,0,0.0,0.0,0.0,0,0.0,0,7,5,52.0,1,11.2,16.2,,,75.0,200.0,25.060411764705883,1.0,Princeton,2023.0,2023.0,CIN,206.0,-5.0,0.18421052
2024,4,00-0038619,A.Iosivas,WR,CIN,CAR,0,0,0.0,0,0.0,0.0,0.0,0,0.0,0,1,1,29.0,0,2.9,3.9,,,75.0,200.0,25.060411764705883,1.0,Princeton,2023.0,2023.0,CIN,206.0,,0.033333335
2024,5,00-0038619,A.Iosivas,WR,CIN,BAL,0,0,0.0,0,0.0,0.0,0.0,0,0.0,0,2,1,39.0,0,3.9,4.9,,,75.0,200.0,25.060411764705883,1.0,Princeton,2023.0,2023.0,CIN,206.0,-3.0,0.051282052
2024,6,00-0038619,A.Iosivas,WR,CIN,NYG,0,0,0.0,0,0.0,0.0,0.0,0,0.0,0,3,2,36.0,0,3.6,5.6,,,75.0,200.0,25.060411764705883,1.0,Princeton,2023.0,2023.0,CIN,206.0,,0.13043478
2024,7,00-0038619,A.Iosivas,WR,CIN,CLE,0,0,0.0,0,0.0,0.0,0.0,0,0.0,0,1,0,0.0,0,0.0,0.0,,,75.0,200.0,25.060411764705883,1.0,Princeton,2023.0,2023.0,CIN,206.0,,0.041666668
2024,8,00-0038619,A.Iosivas,WR,CIN,PHI,0,0,0.0,0,0.0,0.0,0.0,0,0.0,0,3,0,0.0,0,0.0,0.0,,,75.0,200.0,25.060411764705883,1.0,Princeton,2023.0,2023.0,CIN,206.0,-20.0,0.083333336
2024,9,00-0038619,A.Iosivas,WR,CIN,LV,0,0,0.0,0,0.0,0.0,0.0,0,0.0,0,4,1,10.0,1,7.0,8.0,,,75.0,200.0,25.060411764705883,1.0,Princeton,2023.0,2023.0,CIN,206.0,17.0,0.10810811
2024,10,00-0038619,A.Iosivas,WR,CIN,BAL,0,0,0.0,0,0.0,0.0,0.0,0,0.0,0,4,2,29.0,0,2.9,4.9,,,75.0,200.0,25.060411764705883,1.0,Princeton,2023.0,2023.0,CIN,206.0,,0.074074075
2024,11,00-0038619,A.Iosivas,WR,CIN,LAC,0,0,0.0,0,0.0,0.0,0.0,0,0.0,0,3,3,46.0,0,4.6,7.6,,,75.0,200.0,25.060411764705883,1.0,Princeton,2023.0,2023.0,CIN,206.0,,0.06521739
2024,13,00-0038619,A.Iosivas,WR,CIN,PIT,0,0,0.0,0,0.0,0.0,0.0,0,0.0,0,4,3,35.0,1,9.5,12.5,,,75.0,200.0,25.060411764705883,1.0,Princeton,2023.0,2023.0,CIN,206.0,-6.0,0.10810811
2024,14,00-0038619,A.Iosivas,WR,CIN,DAL,0,0,0.0,0,0.0,0.0,0.0,0,0.0,0,5,4,41.0,0,4.1,8.1,,,75.0,200.0,25.060411764705883,1.0,Princeton,2023.0,2023.0,CIN,206.0,,0.11627907
2024,15,00-0038619,A.Iosivas,WR,CIN,TEN,0,0,0.0,0,0.0,0.0,0.0,0,0.0,0,4,1,5.0,0,0.5,1.5,,,75.0,200.0,25.060411764705883,1.0,Princeton,2023.0,2023.0,CIN,206.0,,0.114285715
2024,16,00-0038619,A.Iosivas,WR,CIN,CLE,0,0,0.0,0,0.0,0.0,0.0,0,0.0,0,3,3,53.0,1,11.3,14.3,,,75.0,200.0,25.060411764705883,1.0,Princeton,2023.0,2023.0,CIN,206.0,18.0,0.10714286
2024,17,00-0038619,A.Iosivas,WR,CIN,DEN,0,0,0.0,0,0.0,0.0,0.0,0,0.0,0,4,3,59.0,0,5.9,8.9,,,75.0,200.0,25.060411764705883,1.0,Princeton,2023.0,2023.0,CIN,206.0,6.0,0.08163265
2024,18,00-0038619,A.Iosivas,WR,CIN,PIT,0,0,0.0,0,0.0,0.0,0.0,0,0.0,0,3,2,12.0,0,1.2,3.2,,,75.0,200.0,25.060411764705883,1.0,Princeton,2023.0,2023.0,CIN,206.0,,0.06521739
2024,1,00-0038621,D.Douglas,WR,NE,CIN,0,0,0.0,0,0.0,0.0,0.0,0,0.0,0,3,2,12.0,0,1.2,3.2,,,68.0,170.0,23.908117647058823,1.0,Liberty,2023.0,2023.0,NE,210.0,,0.13043478
2024,3,00-0038621,D.Douglas,WR,NE,NYJ,0,0,0.0,0,0.0,0.0,0.0,1,9.0,0,9,7,69.0,0,7.8,14.8,,,68.0,170.0,23.908117647058823,1.0,Liberty,2023.0,2023.0,NE,210.0,,0.375
2024,4,00-0038621,D.Douglas,WR,NE,SF,0,0,0.0,0,0.0,0.0,0.0,0,0.0,0,3,3,13.0,0,1.3,4.3,,,68.0,170.0,23.908117647058823,1.0,Liberty,2023.0,2023.0,NE,210.0,,0.09375
2024,5,00-0038621,D.Douglas,WR,NE,MIA,0,0,0.0,0,0.0,0.0,0.0,0,0.0,0,9,6,59.0,0,5.9,11.9,,,68.0,170.0,23.908117647058823,1.0,Liberty,2023.0,2023.0,NE,210.0,-5.0,0.3
2024,6,00-0038621,D.Douglas,WR,NE,HOU,0,0,0.0,0,0.0,0.0,0.0,0,0.0,0,9,6,92.0,1,15.2,21.2,,,68.0,170.0,23.908117647058823,1.0,Liberty,2023.0,2023.0,NE,210.0,-20.0,0.29032257
2024,7,00-0038621,D.Douglas,WR,NE,JAX,0,0,0.0,0,0.0,0.0,0.0,0,0.0,0,3,2,14.0,0,1.4,3.4,,,68.0,170.0,23.908117647058823,1.0,Liberty,2023.0,2023.0,NE,210.0,,0.083333336
2024,8,00-0038621,D.Douglas,WR,NE,NYJ,0,0,0.0,0,0.0,0.0,0.0,0,0.0,0,3,2,12.0,0,1.2,3.2,,,68.0,170.0,23.908117647058823,1.0,Liberty,2023.0,2023.0,NE,210.0,3.0,0.10344828
2024,9,00-0038621,D.Douglas,WR,NE,TEN,0,0,0.0,0,0.0,0.0,0.0,0,0.0,0,9,7,35.0,0,3.5,10.5,,,68.0,170.0,23.908117647058823,1.0,Liberty,2023.0,2023.0,NE,210.0,,0.23076923
2024,10,00-0038621,D.Douglas,WR,NE,CHI,0,0,0.0,0,0.0,0.0,0.0,0,0.0,0,5,4,50.0,0,5.0,9.0,,,68.0,170.0,23.908117647058823,1.0,Liberty,2023.0,2023.0,NE,210.0,,0.2173913
2024,11,00-0038621,D.Douglas,WR,NE,LA,0,0,0.0,0,0.0,0.0,0.0,0,0.0,0,6,4,59.0,0,5.9,9.9,,,68.0,170.0,23.908117647058823,1.0,Liberty,2023.0,2023.0,NE,210.0,-6.0,0.16216215
2024,12,00-0038621,D.Douglas,WR,NE,MIA,0,0,0.0,0,0.0,0.0,0.0,1,1.0,0,7,5,62.0,0,6.3,11.3,,,68.0,170.0,23.908117647058823,1.0,Liberty,2023.0,2023.0,NE,210.0,,0.1891892
2024,13,00-0038621,D.Douglas,WR,NE,IND,0,0,0.0,0,0.0,0.0,0.0,0,0.0,0,4,4,20.0,0,2.0,6.0,,,68.0,170.0,23.908117647058823,1.0,Liberty,2023.0,2023.0,NE,210.0,-1.0,0.13333334
2024,15,00-0038621,D.Douglas,WR,NE,ARI,0,0,0.0,0,0.0,0.0,0.0,0,0.0,0,3,3,11.0,1,7.1,10.1,,,68.0,170.0,23.908117647058823,1.0,Liberty,2023.0,2023.0,NE,210.0,,0.13043478
2024,16,00-0038621,D.Douglas,WR,NE,BUF,0,0,0.0,0,0.0,0.0,0.0,1,6.0,0,5,4,33.0,0,3.9,7.9,,,68.0,170.0,23.908117647058823,1.0,Liberty,2023.0,2023.0,NE,210.0,,0.16129032
2024,17,00-0038621,D.Douglas,WR,NE,LAC,0,0,0.0,0,0.0,0.0,0.0,0,0.0,0,5,4,46.0,1,10.6,14.6,,,68.0,170.0,23.908117647058823,1.0,Liberty,2023.0,2023.0,NE,210.0,-33.0,0.2173913
2024,18,00-0038621,D.Douglas,WR,NE,BUF,0,0,0.0,0,0.0,0.0,0.0,0,0.0,0,4,3,34.0,0,3.4,6.4,,,68.0,170.0,23.908117647058823,1.0,Liberty,2023.0,2023.0,NE,210.0,7.0,0.14285715
2024,1,00-0038622,D.Vaughn,RB,DAL,CLE,0,0,0.0,0,0.0,0.0,0.0,1,4.0,0,0,0,0.0,0,0.4,0.4,,,66.0,176.0,23.015117647058823,1.0,Kansas State,2023.0,2023.0,DAL,212.0,,
2024,2,00-0038622,D.Vaughn,RB,DAL,NO,0,0,0.0,0,0.0,0.0,0.0,4,11.0,0,1,1,6.0,0,1.7,2.7,,,66.0,176.0,23.015117647058823,1.0,Kansas State,2023.0,2023.0,DAL,212.0,-25.0,0.024390243
2024,3,00-0038622,D.Vaughn,RB,DAL,BAL,0,0,0.0,0,0.0,0.0,0.0,2,5.0,0,2,1,8.0,0,1.3,2.3,,,66.0,176.0,23.015117647058823,1.0,Kansas State,2023.0,2023.0,DAL,212.0,-3.0,0.04
2024,11,00-0038622,D.Vaughn,RB,DAL,HOU,0,0,0.0,0,0.0,0.0,0.0,4,13.0,0,2,1,4.0,0,1.7,2.7,,,66.0,176.0,23.015117647058823,1.0,Kansas State,2023.0,2023.0,DAL,212.0,-24.0,0.037037037
2024,18,00-0038622,D.Vaughn,RB,DAL,WAS,0,0,0.0,0,0.0,0.0,0.0,6,37.0,0,0,0,0.0,0,3.7,3.7,,,66.0,176.0,23.015117647058823,1.0,Kansas State,2023.0,2023.0,DAL,212.0,-4.0,
2024,3,00-0038636,K.McIntosh,RB,SEA,MIA,0,0,0.0,0,0.0,0.0,0.0,3,11.0,0,0,0,0.0,0,1.1,1.1,,,72.0,210.0,24.679000000000002,1.0,Georgia,2023.0,2023.0,SEA,237.0,21.0,
2024,7,00-0038636,K.McIntosh,RB,SEA,ATL,0,0,0.0,0,0.0,0.0,0.0,1,5.0,0,0,0,0.0,0,0.5,0.5,,,72.0,210.0,24.679000000000002,1.0,Georgia,2023.0,2023.0,SEA,237.0,,
2024,14,00-0038636,K.McIntosh,RB,SEA,ARI,0,0,0.0,0,0.0,0.0,0.0,7,38.0,0,2,2,7.0,0,4.5,6.5,,,72.0,210.0,24.679000000000002,1.0,Georgia,2023.0,2023.0,SEA,237.0,,0.06896552
2024,15,00-0038636,K.McIntosh,RB,SEA,GB,0,0,0.0,0,0.0,0.0,0.0,3,9.0,0,0,0,0.0,0,0.9,0.9,,,72.0,210.0,24.679000000000002,1.0,Georgia,2023.0,2023.0,SEA,237.0,-17.0,
2024,16,00-0038636,K.McIntosh,RB,SEA,MIN,0,0,0.0,0,0.0,0.0,0.0,3,14.0,0,1,1,15.0,0,2.9,3.9,,,72.0,210.0,24.679000000000002,1.0,Georgia,2023.0,2023.0,SEA,237.0,-3.0,0.023809524
2024,17,00-0038636,K.McIntosh,RB,SEA,CHI,0,0,0.0,0,0.0,0.0,0.0,7,46.0,0,0,0,0.0,0,4.6,4.6,,,72.0,210.0,24.679000000000002,1.0,Georgia,2023.0,2023.0,SEA,237.0,,
2024,18,00-0038636,K.McIntosh,RB,SEA,LA,0,0,0.0,0,0.0,0.0,0.0,7,49.0,0,1,0,0.0,0,4.9,4.9,,,72.0,210.0,24.679000000000002,1.0,Georgia,2023.0,2023.0,SEA,237.0,,0.037037037
2024,1,00-0038640,J.Brooks,WR,DAL,CLE,0,0,0.0,0,0.0,0.0,0.0,0,0.0,0,1,1,18.0,0,1.8,2.8,,,74.0,205.0,24.504529411764707,1.0,South Carolina,2023.0,2023.0,DAL,244.0,,0.032258064
2024,2,00-0038640,J.Brooks,WR,DAL,NO,0,0,0.0,0,0.0,0.0,0.0,0,0.0,0,3,1,10.0,0,1.0,2.0,,,74.0,205.0,24.504529411764707,1.0,South Carolina,2023.0,2023.0,DAL,244.0,-25.0,0.07317073
2024,3,00-0038640,J.Brooks,WR,DAL,BAL,0,0,0.0,0,0.0,0.0,0.0,0,0.0,0,3,1,24.0,0,2.4,3.4,,,74.0,205.0,24.504529411764707,1.0,South Carolina,2023.0,2023.0,DAL,244.0,-3.0,0.06
2024,5,00-0038640,J.Brooks,WR,DAL,PIT,0,0,0.0,0,0.0,0.0,0.0,0,0.0,0,1,1,10.0,0,1.0,2.0,,,74.0,205.0,24.504529411764707,1.0,South Carolina,2023.0,2023.0,DAL,244.0,,0.024390243
2024,6,00-0038640,J.Brooks,WR,DAL,DET,0,0,0.0,0,0.0,0.0,0.0,0,0.0,0,6,1,15.0,0,1.5,2.5,,,74.0,205.0,24.504529411764707,1.0,South Carolina,2023.0,2023.0,DAL,244.0,-38.0,0.13953489
2024,8,00-0038640,J.Brooks,WR,DAL,SF,0,0,0.0,0,0.0,0.0,0.0,0,0.0,0,1,0,0.0,0,0.0,0.0,,,74.0,205.0,24.504529411764707,1.0,South Carolina,2023.0,2023.0,DAL,244.0,,0.027027028
2024,9,00-0038640,J.Brooks,WR,DAL,ATL,0,0,0.0,0,0.0,0.0,0.0,0,0.0,0,5,2,26.0,0,2.6,4.6,,,74.0,205.0,24.504529411764707,1.0,South Carolina,2023.0,2023.0,DAL,244.0,,0.104166664
2024,10,00-0038640,J.Brooks,WR,DAL,PHI,0,0,0.0,0,0.0,0.0,0.0,0,0.0,0,4,1,4.0,0,0.4,1.4,,,74.0,205.0,24.504529411764707,1.0,South Carolina,2023.0,2023.0,DAL,244.0,-28.0,0.13793103
2024,12,00-0038640,J.Brooks,WR,DAL,WAS,0,0,0.0,0,0.0,0.0,0.0,0,0.0,0,3,1,41.0,0,4.1,5.1,,,74.0,205.0,24.504529411764707,1.0,South Carolina,2023.0,2023.0,DAL,244.0,,0.09375
2024,13,00-0038640,J.Brooks,WR,DAL,NYG,0,0,0.0,0,0.0,0.0,0.0,0,0.0,0,1,1,0.0,0,0.0,1.0,,,74.0,205.0,24.504529411764707,1.0,South Carolina,2023.0,2023.0,DAL,244.0,7.0,0.027777778
2024,15,00-0038640,J.Brooks,WR,DAL,CAR,0,0,0.0,0,0.0,0.0,0.0,0,0.0,0,1,1,17.0,1,7.7,8.7,,,74.0,205.0,24.504529411764707,1.0,South Carolina,2023.0,2023.0,DAL,244.0,,0.035714287
2024,17,00-0038640,J.Brooks,WR,DAL,PHI,0,0,0.0,0,0.0,0.0,0.0,0,0.0,0,1,1,12.0,0,1.2,2.2,,,74.0,205.0,24.504529411764707,1.0,South Carolina,2023.0,2023.0,DAL,244.0,,0.03448276
2024,18,00-0038643,B.Willis,TE,SF,ARI,0,0,0.0,0,0.0,0.0,0.0,0,0.0,0,2,0,0.0,0,0.0,0.0,,,76.0,235.0,24.989588235294118,1.0,Oklahoma,2023.0,2023.0,SF,247.0,,0.04761905
2024,3,00-0038647,R.Bell,WR,SF,LA,0,0,0.0,0,0.0,0.0,0.0,0,0.0,0,3,1,12.0,0,1.2,2.2,,,72.0,190.0,24.77605882352941,1.0,Michigan,2023.0,2023.0,SF,253.0,,0.1
2024,7,00-0038647,R.Bell,WR,SF,KC,0,0,0.0,0,0.0,0.0,0.0,0,0.0,0,2,1,10.0,0,1.0,2.0,,,72.0,190.0,24.77605882352941,1.0,Michigan,2023.0,2023.0,SF,253.0,-10.0,0.06451613
2024,8,00-0038647,R.Bell,WR,SF,DAL,0,0,0.0,0,0.0,0.0,0.0,0,0.0,0,1,0,0.0,0,0.0,0.0,,,72.0,190.0,24.77605882352941,1.0,Michigan,2023.0,2023.0,SF,253.0,6.0,0.04
2024,1,00-0038678,J.Mims,RB,NO,CAR,0,0,0.0,0,0.0,0.0,0.0,4,11.0,0,0,0,0.0,0,1.1,1.1,,,72.0,205.0,25.39194117647059,1.0,Fresno State,2023.0,2023.0,,,37.0,
2024,6,00-0038678,J.Mims,RB,NO,TB,0,0,0.0,0,0.0,0.0,0.0,1,5.0,0,4,2,13.0,0,1.8,3.8,,,72.0,205.0,25.39194117647059,1.0,Fresno State,2023.0,2023.0,,,-24.0,0.10526316
2024,9,00-0038678,J.Mims,RB,NO,CAR,0,0,0.0,0,0.0,0.0,0.0,5,13.0,0,1,1,25.0,0,3.8,4.8,,,72.0,205.0,25.39194117647059,1.0,Fresno State,2023.0,2023.0,,,,0.035714287
2024,10,00-0038678,J.Mims,RB,NO,ATL,0,0,0.0,0,0.0,0.0,0.0,2,10.0,0,2,1,4.0,0,1.4,2.4,,,72.0,205.0,25.39194117647059,1.0,Fresno State,2023.0,2023.0,,,3.0,0.0952381
2024,11,00-0038678,J.Mims,RB,NO,CLE,0,0,0.0,0,0.0,0.0,0.0,2,3.0,0,0,0,0.0,0,0.3,0.3,,,72.0,205.0,25.39194117647059,1.0,Fresno State,2023.0,2023.0,,,21.0,
2024,16,00-0038678,J.Mims,RB,NO,GB,0,0,0.0,0,0.0,0.0,0.0,4,16.0,0,8,5,16.0,0,3.2,8.2,,,72.0,205.0,25.39194117647059,1.0,Fresno State,2023.0,2023.0,,,,0.2857143
2024,18,00-0038678,J.Mims,RB,NO,TB,0,0,0.0,0,0.0,0.0,0.0,2,12.0,0,3,3,13.0,0,2.5,5.5,,,72.0,205.0,25.39194117647059,1.0,Fresno State,2023.0,2023.0,,,,0.07692308
2024,17,00-0038679,T.Shavers,WR,BUF,NYJ,0,0,0.0,0,0.0,0.0,0.0,0,0.0,0,1,1,69.0,1,12.9,13.9,,,76.0,210.0,25.2502,1.0,San Diego State,2023.0,2023.0,,,26.0,0.037037037
2024,3,00-0038685,C.Brooks,RB,GB,TEN,0,0,0.0,0,0.0,0.0,0.0,3,3.0,0,0,0,0.0,0,0.3,0.3,,,73.0,230.0,24.831222222222223,1.0,Brigham Young,2023.0,2023.0,,,,
2024,6,00-0038685,C.Brooks,RB,GB,ARI,0,0,0.0,0,0.0,0.0,0.0,4,21.0,0,0,0,0.0,0,2.1,2.1,,,73.0,230.0,24.831222222222223,1.0,Brigham Young,2023.0,2023.0,,,21.0,
2024,8,00-0038685,C.Brooks,RB,GB,JAX,0,0,0.0,0,0.0,0.0,0.0,4,16.0,0,1,1,1.0,0,1.7,2.7,,,73.0,230.0,24.831222222222223,1.0,Brigham Young,2023.0,2023.0,,,,0.037037037
2024,9,00-0038685,C.Brooks,RB,GB,DET,0,0,0.0,0,0.0,0.0,0.0,2,13.0,0,4,3,28.0,0,4.1,7.1,,,73.0,230.0,24.831222222222223,1.0,Brigham Young,2023.0,2023.0,,,-10.0,0.10810811
2024,11,00-0038685,C.Brooks,RB,GB,CHI,0,0,0.0,0,0.0,0.0,0.0,0,0.0,0,2,2,13.0,0,1.3,3.3,,,73.0,230.0,24.831222222222223,1.0,Brigham Young,2023.0,2023.0,,,,0.11764706
2024,12,00-0038685,C.Brooks,RB,GB,SF,0,0,0.0,0,0.0,0.0,0.0,4,11.0,0,1,1,15.0,0,2.6,3.6,,,73.0,230.0,24.831222222222223,1.0,Brigham Young,2023.0,2023.0,,,28.0,0.045454547
2024,13,00-0038685,C.Brooks,RB,GB,MIA,0,0,0.0,0,0.0,0.0,0.0,3,28.0,0,2,2,1.0,0,2.9,4.9,,,73.0,230.0,24.831222222222223,1.0,Brigham Young,2023.0,2023.0,,,13.0,0.071428575
2024,14,00-0038685,C.Brooks,RB,GB,DET,0,0,0.0,0,0.0,0.0,0.0,1,3.0,0,0,0,0.0,0,0.3,0.3,,,73.0,230.0,24.831222222222223,1.0,Brigham Young,2023.0,2023.0,,,,
2024,15,00-0038685,C.Brooks,RB,GB,SEA,0,0,0.0,0,0.0,0.0,0.0,1,6.0,0,1,1,9.0,0,1.5,2.5,,,73.0,230.0,24.831222222222223,1.0,Brigham Young,2023.0,2023.0,,,,0.03846154
2024,16,00-0038685,C.Brooks,RB,GB,NO,0,0,0.0,0,0.0,0.0,0.0,6,23.0,1,1,1,2.0,0,8.5,9.5,,,73.0,230.0,24.831222222222223,1.0,Brigham Young,2023.0,2023.0,,,34.0,0.037037037
2024,18,00-0038685,C.Brooks,RB,GB,CHI,0,0,0.0,0,0.0,0.0,0.0,8,59.0,0,1,0,0.0,0,5.9,5.9,,,73.0,230.0,24.831222222222223,1.0,Brigham Young,2023.0,2023.0,,,-2.0,0.04
2024,19,00-0038685,C.Brooks,RB,GB,PHI,0,0,0.0,0,0.0,0.0,0.0,0,0.0,0,3,2,9.0,0,0.9,2.9,,,73.0,230.0,24.831222222222223,1.0,Brigham Young,2023.0,2023.0,,,,0.09090909
2024,1,00-0038705,E.Demercado,RB,ARI,BUF,0,0,0.0,0,0.0,0.0,0.0,0,0.0,0,2,2,26.0,0,2.6,4.6,,,69.0,210.0,25.79564705882353,1.0,Texas Christian,2023.0,2023.0,,,,0.06451613
2024,2,00-0038705,E.Demercado,RB,ARI,LA,0,0,0.0,0,0.0,0.0,0.0,2,46.0,0,0,0,0.0,0,4.6,4.6,,,69.0,210.0,25.79564705882353,1.0,Texas Christian,2023.0,2023.0,,,31.0,
2024,3,00-0038705,E.Demercado,RB,ARI,DET,0,0,0.0,0,0.0,0.0,0.0,2,7.0,0,0,0,0.0,0,0.7,0.7,,,69.0,210.0,25.79564705882353,1.0,Texas Christian,2023.0,2023.0,,,-7.0,
2024,4,00-0038705,E.Demercado,RB,ARI,WAS,0,0,0.0,0,0.0,0.0,0.0,4,24.0,0,1,1,0.0,0,2.4,3.4,,,69.0,210.0,25.79564705882353,1.0,Texas Christian,2023.0,2023.0,,,-28.0,0.045454547
2024,5,00-0038705,E.Demercado,RB,ARI,SF,0,0,0.0,0,0.0,0.0,0.0,0,0.0,0,1,1,0.0,0,0.0,1.0,,,69.0,210.0,25.79564705882353,1.0,Texas Christian,2023.0,2023.0,,,,0.033333335
2024,6,00-0038705,E.Demercado,RB,ARI,GB,0,0,0.0,0,0.0,0.0,0.0,4,25.0,0,7,5,39.0,0,6.4,11.4,,,69.0,210.0,25.79564705882353,1.0,Texas Christian,2023.0,2023.0,,,,0.21875
2024,7,00-0038705,E.Demercado,RB,ARI,LAC,0,0,0.0,0,0.0,0.0,0.0,1,14.0,0,0,0,0.0,0,1.4,1.4,,,69.0,210.0,25.79564705882353,1.0,Texas Christian,2023.0,2023.0,,,2.0,
2024,8,00-0038705,E.Demercado,RB,ARI,MIA,0,0,0.0,0,0.0,0.0,0.0,0,0.0,0,1,0,0.0,0,0.0,0.0,,,69.0,210.0,25.79564705882353,1.0,Texas Christian,2023.0,2023.0,,,,0.030303031
2024,9,00-0038705,E.Demercado,RB,ARI,CHI,0,0,0.0,0,0.0,0.0,0.0,4,59.0,1,2,2,21.0,0,14.0,16.0,,,69.0,210.0,25.79564705882353,1.0,Texas Christian,2023.0,2023.0,,,20.0,0.10526316
2024,10,00-0038705,E.Demercado,RB,ARI,NYJ,0,0,0.0,0,0.0,0.0,0.0,3,22.0,0,0,0,0.0,0,2.2,2.2,,,69.0,210.0,25.79564705882353,1.0,Texas Christian,2023.0,2023.0,,,25.0,
2024,12,00-0038705,E.Demercado,RB,ARI,SEA,0,0,0.0,0,0.0,0.0,0.0,1,14.0,0,0,0,0.0,0,1.4,1.4,,,69.0,210.0,25.79564705882353,1.0,Texas Christian,2023.0,2023.0,,,,
2024,13,00-0038705,E.Demercado,RB,ARI,MIN,0,0,0.0,0,0.0,0.0,0.0,3,12.0,0,2,1,3.0,0,1.5,2.5,,,69.0,210.0,25.79564705882353,1.0,Texas Christian,2023.0,2023.0,,,,0.046511628
2024,14,00-0038705,E.Demercado,RB,ARI,SEA,0,0,0.0,0,0.0,0.0,0.0,0,0.0,0,4,4,15.0,0,1.5,5.5,,,69.0,210.0,25.79564705882353,1.0,Texas Christian,2023.0,2023.0,,,-12.0,0.10526316
2024,4,00-0038710,B.Whiteheart,TE,CLE,LV,0,0,0.0,0,0.0,0.0,0.0,0,0.0,0,3,3,13.0,1,7.3,10.3,,,76.0,243.0,24.627352941176472,1.0,Wake Forest,2023.0,2023.0,,,,0.09375
2024,12,00-0038710,B.Whiteheart,TE,CLE,PIT,0,0,0.0,0,0.0,0.0,0.0,0,0.0,0,1,1,29.0,0,2.9,3.9,,,76.0,243.0,24.627352941176472,1.0,Wake Forest,2023.0,2023.0,,,5.0,0.037037037
2024,13,00-0038710,B.Whiteheart,TE,CLE,DEN,0,0,0.0,0,0.0,0.0,0.0,0,0.0,0,1,0,0.0,0,0.0,0.0,,,76.0,243.0,24.627352941176472,1.0,Wake Forest,2023.0,2023.0,,,,0.01754386
2024,14,00-0038710,B.Whiteheart,TE,CLE,PIT,0,0,0.0,0,0.0,0.0,0.0,0,0.0,0,1,0,0.0,0,0.0,0.0,,,76.0,243.0,24.627352941176472,1.0,Wake Forest,2023.0,2023.0,,,,0.027027028
2024,15,00-0038710,B.Whiteheart,TE,CLE,KC,0,0,0.0,0,0.0,0.0,0.0,0,0.0,0,1,0,0.0,0,0.0,0.0,,,76.0,243.0,24.627352941176472,1.0,Wake Forest,2023.0,2023.0,,,-14.0,0.03125
2024,17,00-0038710,B.Whiteheart,TE,CLE,MIA,0,0,0.0,0,0.0,0.0,0.0,0,0.0,0,1,1,8.0,0,0.8,1.8,,,76.0,243.0,24.627352941176472,1.0,Wake Forest,2023.0,2023.0,,,-17.0,0.023255814
2024,18,00-0038710,B.Whiteheart,TE,CLE,BAL,0,0,0.0,0,0.0,0.0,0.0,0,0.0,0,1,1,1.0,0,0.1,1.1,,,76.0,243.0,24.627352941176472,1.0,Wake Forest,2023.0,2023.0,,,,0.030303031
2024,1,00-0038720,J.Hill,TE,MIA,JAX,0,0,0.0,0,0.0,0.0,0.0,0,0.0,0,1,1,6.0,0,0.6,1.6,,,76.0,250.0,24.333176470588235,1.0,Campbell,2023.0,2023.0,,,3.0,0.027777778
2024,2,00-0038720,J.Hill,TE,MIA,BUF,0,0,0.0,0,0.0,0.0,0.0,0,0.0,0,2,0,0.0,0,0.0,0.0,,,76.0,250.0,24.333176470588235,1.0,Campbell,2023.0,2023.0,,,-21.0,0.054054055
2024,3,00-0038720,J.Hill,TE,MIA,SEA,0,0,0.0,0,0.0,0.0,0.0,0,0.0,0,2,2,24.0,0,2.4,4.4,,,76.0,250.0,24.333176470588235,1.0,Campbell,2023.0,2023.0,,,,0.06451613
2024,7,00-0038720,J.Hill,TE,MIA,IND,0,0,0.0,0,0.0,0.0,0.0,0,0.0,0,2,1,4.0,0,0.4,1.4,,,76.0,250.0,24.333176470588235,1.0,Campbell,2023.0,2023.0,,,,0.09090909
2024,8,00-0038720,J.Hill,TE,MIA,ARI,0,0,0.0,0,0.0,0.0,0.0,0,0.0,0,3,3,11.0,0,1.1,4.1,,,76.0,250.0,24.333176470588235,1.0,Campbell,2023.0,2023.0,,,-1.0,0.078947365
2024,10,00-0038720,J.Hill,TE,MIA,LA,0,0,0.0,0,0.0,0.0,0.0,0,0.0,0,1,0,0.0,0,0.0,0.0,,,76.0,250.0,24.333176470588235,1.0,Campbell,2023.0,2023.0,,,,0.035714287
2024,11,00-0038720,J.Hill,TE,MIA,LV,0,0,0.0,0,0.0,0.0,0.0,0,0.0,0,3,2,28.0,0,2.8,4.8,,,76.0,250.0,24.333176470588235,1.0,Campbell,2023.0,2023.0,,,15.0,0.08571429
2024,12,00-0038720,J.Hill,TE,MIA,NE,0,0,0.0,0,0.0,0.0,0.0,0,0.0,0,2,1,8.0,0,0.8,1.8,,,76.0,250.0,24.333176470588235,1.0,Campbell,2023.0,2023.0,,,19.0,0.05
2024,13,00-0038720,J.Hill,TE,MIA,GB,0,0,0.0,0,0.0,0.0,0.0,0,0.0,0,1,1,5.0,0,0.5,1.5,,,76.0,250.0,24.333176470588235,1.0,Campbell,2023.0,2023.0,,,,0.02173913
2024,14,00-0038720,J.Hill,TE,MIA,NYJ,0,0,0.0,0,0.0,0.0,0.0,0,0.0,0,1,1,14.0,0,1.4,2.4,,,76.0,250.0,24.333176470588235,1.0,Campbell,2023.0,2023.0,,,6.0,0.022222223
2024,18,00-0038720,J.Hill,TE,MIA,NYJ,0,0,0.0,0,0.0,0.0,0.0,0,0.0,0,1,0,0.0,0,0.0,0.0,,,76.0,250.0,24.333176470588235,1.0,Campbell,2023.0,2023.0,,,,0.027027028
2024,20,00-0038728,J.Wayne,WR,HOU,KC,0,0,0.0,0,0.0,0.0,0.0,0,0.0,0,2,0,0.0,0,0.0,0.0,,,75.0,210.0,24.132333333333335,1.0,Pittsburgh,2023.0,2023.0,,,,0.071428575
2024,1,00-0038738,H.Luepke,FB,DAL,CLE,0,0,0.0,0,0.0,0.0,0.0,0,0.0,0,2,2,18.0,0,1.8,3.8,,,73.0,236.0,24.693529411764708,1.0,North Dakota State,2023.0,2023.0,,,,0.06451613
2024,3,00-0038738,H.Luepke,FB,DAL,BAL,0,0,0.0,0,0.0,0.0,0.0,0,0.0,0,3,2,41.0,0,4.1,6.1,,,73.0,236.0,24.693529411764708,1.0,North Dakota State,2023.0,2023.0,,,-3.0,0.06
2024,4,00-0038738,H.Luepke,FB,DAL,NYG,0,0,0.0,0,0.0,0.0,0.0,2,8.0,0,2,2,14.0,0,2.2,4.2,,,73.0,236.0,24.693529411764708,1.0,North Dakota State,2023.0,2023.0,,,,0.07692308
2024,5,00-0038738,H.Luepke,FB,DAL,PIT,0,0,0.0,0,0.0,0.0,0.0,2,6.0,0,1,1,18.0,0,2.4,3.4,,,73.0,236.0,24.693529411764708,1.0,North Dakota State,2023.0,2023.0,,,,0.024390243
2024,8,00-0038738,H.Luepke,FB,DAL,SF,0,0,0.0,0,0.0,0.0,0.0,1,0.0,0,0,0,0.0,0,0.0,0.0,,,73.0,236.0,24.693529411764708,1.0,North Dakota State,2023.0,2023.0,,,,
2024,9,00-0038738,H.Luepke,FB,DAL,ATL,0,0,0.0,0,0.0,0.0,0.0,1,5.0,0,2,2,4.0,0,0.9,2.9,,,73.0,236.0,24.693529411764708,1.0,North Dakota State,2023.0,2023.0,,,,0.041666668
2024,10,00-0038738,H.Luepke,FB,DAL,PHI,0,0,0.0,0,0.0,0.0,0.0,0,0.0,0,1,0,0.0,0,0.0,0.0,,,73.0,236.0,24.693529411764708,1.0,North Dakota State,2023.0,2023.0,,,-28.0,0.03448276
2024,12,00-0038738,H.Luepke,FB,DAL,WAS,0,0,0.0,0,0.0,0.0,0.0,0,0.0,0,1,1,10.0,0,1.0,2.0,,,73.0,236.0,24.693529411764708,1.0,North Dakota State,2023.0,2023.0,,,,0.03125
2024,13,00-0038738,H.Luepke,FB,DAL,NYG,0,0,0.0,0,0.0,0.0,0.0,3,4.0,0,0,0,0.0,0,0.4,0.4,,,73.0,236.0,24.693529411764708,1.0,North Dakota State,2023.0,2023.0,,,7.0,
2024,14,00-0038738,H.Luepke,FB,DAL,CIN,0,0,0.0,0,0.0,0.0,0.0,0,0.0,0,1,1,5.0,0,0.5,1.5,,,73.0,236.0,24.693529411764708,1.0,North Dakota State,2023.0,2023.0,,,-7.0,0.032258064
2024,16,00-0038738,H.Luepke,FB,DAL,TB,0,0,0.0,0,0.0,0.0,0.0,0,0.0,0,2,0,0.0,0,0.0,0.0,,,73.0,236.0,24.693529411764708,1.0,North Dakota State,2023.0,2023.0,,,2.0,0.060606062
2024,17,00-0038738,H.Luepke,FB,DAL,PHI,0,0,0.0,0,0.0,0.0,0.0,0,0.0,0,1,1,1.0,0,0.1,1.1,,,73.0,236.0,24.693529411764708,1.0,North Dakota State,2023.0,2023.0,,,,0.03448276
2024,18,00-0038738,H.Luepke,FB,DAL,WAS,0,0,0.0,0,0.0,0.0,0.0,3,15.0,0,0,0,0.0,0,1.5,1.5,,,73.0,236.0,24.693529411764708,1.0,North Dakota State,2023.0,2023.0,,,-4.0,
2024,2,00-0038752,J.Bobo,WR,SEA,NE,0,0,0.0,0,0.0,0.0,0.0,0,0.0,0,2,2,15.0,0,1.5,3.5,,,76.0,215.0,26.258764705882353,1.0,UCLA,2023.0,2023.0,,,,0.046511628
2024,4,00-0038752,J.Bobo,WR,SEA,DET,0,0,0.0,0,0.0,0.0,0.0,0,0.0,0,3,3,30.0,0,3.0,6.0,,,76.0,215.0,26.258764705882353,1.0,UCLA,2023.0,2023.0,,,,0.056603774
2024,5,00-0038752,J.Bobo,WR,SEA,NYG,0,0,0.0,0,0.0,0.0,0.0,0,0.0,0,1,1,3.0,0,0.3,1.3,,,76.0,215.0,26.258764705882353,1.0,UCLA,2023.0,2023.0,,,-9.0,0.025641026
2024,6,00-0038752,J.Bobo,WR,SEA,SF,0,0,0.0,0,0.0,0.0,0.0,0,0.0,0,4,2,18.0,0,1.8,3.8,,,76.0,215.0,26.258764705882353,1.0,UCLA,2023.0,2023.0,,,-12.0,0.083333336
2024,7,00-0038752,J.Bobo,WR,SEA,ATL,0,0,0.0,0,0.0,0.0,0.0,0,0.0,0,1,0,0.0,0,0.0,0.0,,,76.0,215.0,26.258764705882353,1.0,UCLA,2023.0,2023.0,,,,0.035714287
2024,8,00-0038752,J.Bobo,WR,SEA,BUF,0,0,0.0,0,0.0,0.0,0.0,0,0.0,0,1,1,15.0,0,1.5,2.5,,,76.0,215.0,26.258764705882353,1.0,UCLA,2023.0,2023.0,,,-21.0,0.037037037
2024,9,00-0038752,J.Bobo,WR,SEA,LA,0,0,0.0,0,0.0,0.0,0.0,0,0.0,0,1,0,0.0,0,0.0,0.0,,,76.0,215.0,26.258764705882353,1.0,UCLA,2023.0,2023.0,,,-6.0,0.029411765
2024,12,00-0038752,J.Bobo,WR,SEA,ARI,0,0,0.0,0,0.0,0.0,0.0,0,0.0,0,1,1,8.0,0,0.8,1.8,,,76.0,215.0,26.258764705882353,1.0,UCLA,2023.0,2023.0,,,10.0,0.035714287
2024,15,00-0038752,J.Bobo,WR,SEA,GB,0,0,0.0,0,0.0,0.0,0.0,0,0.0,0,1,1,8.0,0,0.8,1.8,,,76.0,215.0,26.258764705882353,1.0,UCLA,2023.0,2023.0,,,-17.0,0.032258064
2024,16,00-0038752,J.Bobo,WR,SEA,MIN,0,0,0.0,0,0.0,0.0,0.0,0,0.0,0,1,1,6.0,0,0.6,1.6,,,76.0,215.0,26.258764705882353,1.0,UCLA,2023.0,2023.0,,,-3.0,0.023809524
2024,18,00-0038752,J.Bobo,WR,SEA,LA,0,0,0.0,0,0.0,0.0,0.0,0,0.0,0,1,1,4.0,1,6.4,7.4,,,76.0,215.0,26.258764705882353,1.0,UCLA,2023.0,2023.0,,,,0.037037037
2024,2,00-0038783,N.Adkins,TE,DEN,PIT,0,0,0.0,0,0.0,0.0,0.0,0,0.0,0,1,0,0.0,0,0.0,0.0,,,75.0,252.0,25.33638888888889,1.0,South Carolina,2023.0,2023.0,,,-7.0,0.030303031
2024,3,00-0038783,N.Adkins,TE,DEN,TB,0,0,0.0,0,0.0,0.0,0.0,0,0.0,0,1,1,6.0,0,0.6,1.6,,,75.0,252.0,25.33638888888889,1.0,South Carolina,2023.0,2023.0,,,,0.029411765
2024,4,00-0038783,N.Adkins,TE,DEN,NYJ,0,0,0.0,0,0.0,0.0,0.0,0,0.0,0,1,1,0.0,0,0.0,1.0,,,75.0,252.0,25.33638888888889,1.0,South Carolina,2023.0,2023.0,,,,0.04
2024,5,00-0038783,N.Adkins,TE,DEN,LV,0,0,0.0,0,0.0,0.0,0.0,0,0.0,0,1,1,8.0,0,0.8,1.8,,,75.0,252.0,25.33638888888889,1.0,South Carolina,2023.0,2023.0,,,16.0,0.03846154
2024,6,00-0038783,N.Adkins,TE,DEN,LAC,0,0,0.0,0,0.0,0.0,0.0,0,0.0,0,1,1,5.0,0,0.5,1.5,,,75.0,252.0,25.33638888888889,1.0,South Carolina,2023.0,2023.0,,,-7.0,0.03125
2024,8,00-0038783,N.Adkins,TE,DEN,CAR,0,0,0.0,0,0.0,0.0,0.0,0,0.0,0,1,1,3.0,1,6.3,7.3,,,75.0,252.0,25.33638888888889,1.0,South Carolina,2023.0,2023.0,,,14.0,0.02631579
2024,11,00-0038783,N.Adkins,TE,DEN,ATL,0,0,0.0,0,0.0,0.0,0.0,0,0.0,0,1,1,12.0,1,7.2,8.2,,,75.0,252.0,25.33638888888889,1.0,South Carolina,2023.0,2023.0,,,32.0,0.03125
2024,13,00-0038783,N.Adkins,TE,DEN,CLE,0,0,0.0,0,0.0,0.0,0.0,0,0.0,0,1,1,16.0,0,1.6,2.6,,,75.0,252.0,25.33638888888889,1.0,South Carolina,2023.0,2023.0,,,9.0,0.032258064
2024,15,00-0038783,N.Adkins,TE,DEN,IND,0,0,0.0,0,0.0,0.0,0.0,0,0.0,0,1,1,15.0,1,7.5,8.5,,,75.0,252.0,25.33638888888889,1.0,South Carolina,2023.0,2023.0,,,18.0,0.03125
2024,16,00-0038783,N.Adkins,TE,DEN,LAC,0,0,0.0,0,0.0,0.0,0.0,0,0.0,0,2,2,18.0,0,1.8,3.8,,,75.0,252.0,25.33638888888889,1.0,South Carolina,2023.0,2023.0,,,,0.051282052
2024,17,00-0038783,N.Adkins,TE,DEN,CIN,0,0,0.0,0,0.0,0.0,0.0,0,0.0,0,1,1,7.0,0,0.7,1.7,,,75.0,252.0,25.33638888888889,1.0,South Carolina,2023.0,2023.0,,,,0.032258064
2024,18,00-0038783,N.Adkins,TE,DEN,KC,0,0,0.0,0,0.0,0.0,0.0,0,0.0,0,3,3,25.0,0,2.5,5.5,,,75.0,252.0,25.33638888888889,1.0,South Carolina,2023.0,2023.0,,,38.0,0.10344828
2024,1,00-0038794,J.McLaughlin,RB,DEN,SEA,0,0,0.0,0,0.0,0.0,0.0,10,27.0,0,5,5,1.0,0,0.8,5.8,,,67.0,183.0,24.15361111111111,1.0,Youngstown State,2023.0,2023.0,,,,0.11904762
2024,2,00-0038794,J.McLaughlin,RB,DEN,PIT,0,0,0.0,0,0.0,0.0,0.0,3,6.0,0,0,0,0.0,0,0.6,0.6,,,67.0,183.0,24.15361111111111,1.0,Youngstown State,2023.0,2023.0,,,-7.0,
2024,3,00-0038794,J.McLaughlin,RB,DEN,TB,0,0,0.0,0,0.0,0.0,0.0,5,7.0,1,1,1,7.0,0,7.4,8.4,,,67.0,183.0,24.15361111111111,1.0,Youngstown State,2023.0,2023.0,,,,0.029411765
2024,4,00-0038794,J.McLaughlin,RB,DEN,NYJ,0,0,0.0,0,0.0,0.0,0.0,9,46.0,0,1,1,0.0,0,4.6,5.6,,,67.0,183.0,24.15361111111111,1.0,Youngstown State,2023.0,2023.0,,,,0.04
2024,5,00-0038794,J.McLaughlin,RB,DEN,LV,0,0,0.0,0,0.0,0.0,0.0,6,22.0,0,4,3,3.0,1,8.5,11.5,,,67.0,183.0,24.15361111111111,1.0,Youngstown State,2023.0,2023.0,,,16.0,0.15384616
2024,6,00-0038794,J.McLaughlin,RB,DEN,LAC,0,0,0.0,0,0.0,0.0,0.0,3,8.0,0,2,2,17.0,0,2.5,4.5,,,67.0,183.0,24.15361111111111,1.0,Youngstown State,2023.0,2023.0,,,-7.0,0.0625
2024,7,00-0038794,J.McLaughlin,RB,DEN,NO,0,0,0.0,0,0.0,0.0,0.0,4,35.0,0,0,0,0.0,0,3.5,3.5,,,67.0,183.0,24.15361111111111,1.0,Youngstown State,2023.0,2023.0,,,,
2024,8,00-0038794,J.McLaughlin,RB,DEN,CAR,0,0,0.0,0,0.0,0.0,0.0,8,47.0,0,1,1,9.0,1,11.6,12.6,,,67.0,183.0,24.15361111111111,1.0,Youngstown State,2023.0,2023.0,,,14.0,0.02631579
2024,9,00-0038794,J.McLaughlin,RB,DEN,BAL,0,0,0.0,0,0.0,0.0,0.0,5,10.0,0,3,3,10.0,0,2.0,5.0,,,67.0,183.0,24.15361111111111,1.0,Youngstown State,2023.0,2023.0,,,,0.09090909
2024,10,00-0038794,J.McLaughlin,RB,DEN,KC,0,0,0.0,0,0.0,0.0,0.0,2,12.0,0,0,0,0.0,0,1.2,1.2,,,67.0,183.0,24.15361111111111,1.0,Youngstown State,2023.0,2023.0,,,,
2024,11,00-0038794,J.McLaughlin,RB,DEN,ATL,0,0,0.0,0,0.0,0.0,0.0,4,19.0,0,0,0,0.0,0,1.9,1.9,,,67.0,183.0,24.15361111111111,1.0,Youngstown State,2023.0,2023.0,,,32.0,
2024,12,00-0038794,J.McLaughlin,RB,DEN,LV,0,0,0.0,0,0.0,0.0,0.0,7,44.0,0,1,0,0.0,0,4.4,4.4,,,67.0,183.0,24.15361111111111,1.0,Youngstown State,2023.0,2023.0,,,,0.025641026
2024,13,00-0038794,J.McLaughlin,RB,DEN,CLE,0,0,0.0,0,0.0,0.0,0.0,14,84.0,0,2,1,0.0,0,8.4,9.4,,,67.0,183.0,24.15361111111111,1.0,Youngstown State,2023.0,2023.0,,,9.0,0.06451613
2024,15,00-0038794,J.McLaughlin,RB,DEN,IND,0,0,0.0,0,0.0,0.0,0.0,7,21.0,0,3,3,13.0,0,3.4,6.4,,,67.0,183.0,24.15361111111111,1.0,Youngstown State,2023.0,2023.0,,,18.0,0.09375
2024,17,00-0038794,J.McLaughlin,RB,DEN,CIN,0,0,0.0,0,0.0,0.0,0.0,10,69.0,0,2,2,7.0,0,7.6,9.6,,,67.0,183.0,24.15361111111111,1.0,Youngstown State,2023.0,2023.0,,,,0.06451613
2024,18,00-0038794,J.McLaughlin,RB,DEN,KC,0,0,0.0,0,0.0,0.0,0.0,16,39.0,0,2,2,9.0,0,4.8,6.8,,,67.0,183.0,24.15361111111111,1.0,Youngstown State,2023.0,2023.0,,,38.0,0.06896552
2024,19,00-0038794,J.McLaughlin,RB,DEN,BUF,0,0,0.0,0,0.0,0.0,0.0,2,-2.0,0,1,1,0.0,0,-0.2,0.8,,,67.0,183.0,24.15361111111111,1.0,Youngstown State,2023.0,2023.0,,,,0.04347826
2024,1,00-0038797,E.Wilson,RB,GB,PHI,0,0,0.0,0,0.0,0.0,0.0,4,46.0,0,3,2,2.0,0,4.8,6.8,,,71.0,220.0,25.51022222222222,1.0,Fort Valley State,2023.0,2023.0,,,,0.09375
2024,2,00-0038797,E.Wilson,RB,GB,IND,0,0,0.0,0,0.0,0.0,0.0,5,9.0,0,0,0,0.0,0,0.9,0.9,,,71.0,220.0,25.51022222222222,1.0,Fort Valley State,2023.0,2023.0,,,6.0,
2024,3,00-0038797,E.Wilson,RB,GB,TEN,0,0,0.0,0,0.0,0.0,0.0,12,50.0,0,2,2,35.0,1,14.5,16.5,,,71.0,220.0,25.51022222222222,1.0,Fort Valley State,2023.0,2023.0,,,,0.10526316
2024,4,00-0038797,E.Wilson,RB,GB,MIN,0,0,0.0,0,0.0,0.0,0.0,8,27.0,0,1,0,0.0,0,2.7,2.7,,,71.0,220.0,25.51022222222222,1.0,Fort Valley State,2023.0,2023.0,,,-2.0,0.018518519
2024,5,00-0038797,E.Wilson,RB,GB,LA,0,0,0.0,0,0.0,0.0,0.0,6,24.0,0,1,1,-9.0,0,1.5,2.5,,,71.0,220.0,25.51022222222222,1.0,Fort Valley State,2023.0,2023.0,,,,0.04
2024,6,00-0038797,E.Wilson,RB,GB,ARI,0,0,0.0,0,0.0,0.0,0.0,7,54.0,0,2,1,19.0,0,7.3,8.3,,,71.0,220.0,25.51022222222222,1.0,Fort Valley State,2023.0,2023.0,,,21.0,0.06451613
2024,7,00-0038797,E.Wilson,RB,GB,HOU,0,0,0.0,0,0.0,0.0,0.0,5,11.0,0,0,0,0.0,0,1.1,1.1,,,71.0,220.0,25.51022222222222,1.0,Fort Valley State,2023.0,2023.0,,,2.0,
2024,8,00-0038797,E.Wilson,RB,GB,JAX,0,0,0.0,0,0.0,0.0,0.0,4,5.0,0,2,2,-2.0,0,0.3,2.3,,,71.0,220.0,25.51022222222222,1.0,Fort Valley State,2023.0,2023.0,,,,0.074074075
2024,9,00-0038797,E.Wilson,RB,GB,DET,0,0,0.0,0,0.0,0.0,0.0,4,28.0,1,1,1,1.0,0,8.9,9.9,,,71.0,220.0,25.51022222222222,1.0,Fort Valley State,2023.0,2023.0,,,-10.0,0.027027028
2024,11,00-0038797,E.Wilson,RB,GB,CHI,0,0,0.0,0,0.0,0.0,0.0,2,17.0,0,0,0,0.0,0,1.7,1.7,,,71.0,220.0,25.51022222222222,1.0,Fort Valley State,2023.0,2023.0,,,,
2024,12,00-0038797,E.Wilson,RB,GB,SF,0,0,0.0,0,0.0,0.0,0.0,9,41.0,0,0,0,0.0,0,4.1,4.1,,,71.0,220.0,25.51022222222222,1.0,Fort Valley State,2023.0,2023.0,,,28.0,
2024,13,00-0038797,E.Wilson,RB,GB,MIA,0,0,0.0,0,0.0,0.0,0.0,2,20.0,0,0,0,0.0,0,2.0,2.0,,,71.0,220.0,25.51022222222222,1.0,Fort Valley State,2023.0,2023.0,,,13.0,
2024,14,00-0038797,E.Wilson,RB,GB,DET,0,0,0.0,0,0.0,0.0,0.0,1,7.0,0,0,0,0.0,0,0.7,0.7,,,71.0,220.0,25.51022222222222,1.0,Fort Valley State,2023.0,2023.0,,,,
2024,15,00-0038797,E.Wilson,RB,GB,SEA,0,0,0.0,0,0.0,0.0,0.0,3,9.0,0,0,0,0.0,0,0.9,0.9,,,71.0,220.0,25.51022222222222,1.0,Fort Valley State,2023.0,2023.0,,,,
2024,16,00-0038797,E.Wilson,RB,GB,NO,0,0,0.0,0,0.0,0.0,0.0,11,52.0,1,1,1,4.0,0,11.6,12.6,,,71.0,220.0,25.51022222222222,1.0,Fort Valley State,2023.0,2023.0,,,34.0,0.037037037
2024,17,00-0038797,E.Wilson,RB,GB,MIN,0,0,0.0,0,0.0,0.0,0.0,6,29.0,1,0,0,0.0,0,8.9,8.9,,,71.0,220.0,25.51022222222222,1.0,Fort Valley State,2023.0,2023.0,,,,
2024,18,00-0038797,E.Wilson,RB,GB,CHI,0,0,0.0,0,0.0,0.0,0.0,14,73.0,1,1,1,-2.0,0,13.1,14.1,,,71.0,220.0,25.51022222222222,1.0,Fort Valley State,2023.0,2023.0,,,-2.0,0.04
2024,19,00-0038797,E.Wilson,RB,GB,PHI,0,0,0.0,0,0.0,0.0,0.0,3,6.0,0,3,1,23.0,0,2.9,3.9,,,71.0,220.0,25.51022222222222,1.0,Fort Valley State,2023.0,2023.0,,,,0.09090909
2024,6,00-0038809,B.Sims,TE,GB,ARI,0,0,0.0,0,0.0,0.0,0.0,0,0.0,0,2,2,38.0,0,3.8,5.8,,,77.0,258.0,24.486333333333334,1.0,Baylor,2023.0,2023.0,,,21.0,0.06451613
2024,7,00-0038809,B.Sims,TE,GB,HOU,0,0,0.0,0,0.0,0.0,0.0,0,0.0,0,1,1,2.0,0,0.2,1.2,,,77.0,258.0,24.486333333333334,1.0,Baylor,2023.0,2023.0,,,2.0,0.030303031
2024,8,00-0038809,B.Sims,TE,GB,JAX,0,0,0.0,0,0.0,0.0,0.0,0,0.0,0,1,0,0.0,0,0.0,0.0,,,77.0,258.0,24.486333333333334,1.0,Baylor,2023.0,2023.0,,,,0.037037037
2024,14,00-0038809,B.Sims,TE,GB,DET,0,0,0.0,0,0.0,0.0,0.0,0,0.0,0,1,1,2.0,0,0.2,1.2,,,77.0,258.0,24.486333333333334,1.0,Baylor,2023.0,2023.0,,,,0.05263158
2024,8,00-0038821,R.Jarrett,WR,TB,ATL,0,0,0.0,0,0.0,0.0,0.0,0,0.0,0,3,3,58.0,0,5.8,8.8,,,72.0,190.0,23.793444444444443,1.0,Maryland,2023.0,2023.0,,,-5.0,0.06521739
2024,9,00-0038821,R.Jarrett,WR,TB,KC,0,0,0.0,0,0.0,0.0,0.0,0,0.0,0,1,1,9.0,0,0.9,1.9,,,72.0,190.0,23.793444444444443,1.0,Maryland,2023.0,2023.0,,,,0.032258064
2024,10,00-0038821,R.Jarrett,WR,TB,SF,0,0,0.0,0,0.0,0.0,0.0,0,0.0,0,4,2,10.0,0,1.0,3.0,,,72.0,190.0,23.793444444444443,1.0,Maryland,2023.0,2023.0,,,-3.0,0.13793103
2024,12,00-0038821,R.Jarrett,WR,TB,NYG,0,0,0.0,0,0.0,0.0,0.0,0,0.0,0,1,1,30.0,0,3.0,4.0,,,72.0,190.0,23.793444444444443,1.0,Maryland,2023.0,2023.0,,,,0.033333335
2024,16,00-0038821,R.Jarrett,WR,TB,DAL,0,0,0.0,0,0.0,0.0,0.0,0,0.0,0,1,1,6.0,0,0.6,1.6,,,72.0,190.0,23.793444444444443,1.0,Maryland,2023.0,2023.0,,,,0.023255814
2024,17,00-0038821,R.Jarrett,WR,TB,CAR,0,0,0.0,0,0.0,0.0,0.0,0,0.0,0,1,1,11.0,0,1.1,2.1,,,72.0,190.0,23.793444444444443,1.0,Maryland,2023.0,2023.0,,,34.0,0.03125
2024,6,00-0038824,R.Miller,WR,TB,NO,0,0,0.0,0,0.0,0.0,0.0,0,0.0,0,1,1,39.0,0,3.9,4.9,,,74.0,209.0,24.721500000000002,1.0,Furman,2023.0,2023.0,,,,0.027777778
2024,8,00-0038824,R.Miller,WR,TB,ATL,0,0,0.0,0,0.0,0.0,0.0,0,0.0,0,5,3,19.0,0,1.9,4.9,,,74.0,209.0,24.721500000000002,1.0,Furman,2023.0,2023.0,,,-5.0,0.10869565
2024,9,00-0038824,R.Miller,WR,TB,KC,0,0,0.0,0,0.0,0.0,0.0,0,0.0,0,3,1,1.0,1,6.1,7.1,,,74.0,209.0,24.721500000000002,1.0,Furman,2023.0,2023.0,,,,0.09677419
2024,10,00-0038824,R.Miller,WR,TB,SF,0,0,0.0,0,0.0,0.0,0.0,0,0.0,0,3,1,11.0,0,1.1,2.1,,,74.0,209.0,24.721500000000002,1.0,Furman,2023.0,2023.0,,,-3.0,0.10344828
2024,12,00-0038824,R.Miller,WR,TB,NYG,0,0,0.0,0,0.0,0.0,0.0,0,0.0,0,1,1,14.0,0,1.4,2.4,,,74.0,209.0,24.721500000000002,1.0,Furman,2023.0,2023.0,,,,0.033333335
2024,15,00-0038824,R.Miller,WR,TB,LAC,0,0,0.0,0,0.0,0.0,0.0,0,0.0,0,1,1,1.0,0,0.1,1.1,,,74.0,209.0,24.721500000000002,1.0,Furman,2023.0,2023.0,,,,0.03846154
2024,16,00-0038824,R.Miller,WR,TB,DAL,0,0,0.0,0,0.0,0.0,0.0,0,0.0,0,2,2,17.0,1,7.7,9.7,,,74.0,209.0,24.721500000000002,1.0,Furman,2023.0,2023.0,,,,0.046511628
2024,17,00-0038824,R.Miller,WR,TB,CAR,0,0,0.0,0,0.0,0.0,0.0,0,0.0,0,4,2,26.0,0,2.6,4.6,,,74.0,209.0,24.721500000000002,1.0,Furman,2023.0,2023.0,,,34.0,0.125
2024,5,00-0038840,B.Tremayne,WR,WAS,CLE,0,0,0.0,0,0.0,0.0,0.0,0,0.0,0,1,1,-2.0,0,-0.2,0.8,,,76.0,212.0,24.996000000000002,1.0,Stanford,2023.0,2023.0,,,21.0,0.037037037
2024,8,00-0038920,J.Shenker,TE,LV,KC,0,0,0.0,0,0.0,0.0,0.0,0,0.0,0,1,1,7.0,0,0.7,1.7,,,76.0,249.0,26.17994117647059,1.0,Auburn,2023.0,2023.0,,,-7.0,0.037037037
2024,1,00-0038933,D.Kincaid,TE,BUF,ARI,0,0,0.0,0,0.0,0.0,0.0,0,0.0,0,2,1,11.0,0,1.1,2.1,,,76.0,240.0,25.083199999999998,1.0,Utah,2023.0,2023.0,BUF,25.0,6.0,0.08695652
2024,2,00-0038933,D.Kincaid,TE,BUF,MIA,0,0,0.0,0,0.0,0.0,0.0,0,0.0,0,4,4,33.0,0,3.3,7.3,,,76.0,240.0,25.083199999999998,1.0,Utah,2023.0,2023.0,BUF,25.0,,0.22222222
2024,3,00-0038933,D.Kincaid,TE,BUF,JAX,0,0,0.0,0,0.0,0.0,0.0,0,0.0,0,5,3,41.0,1,10.1,13.1,,,76.0,240.0,25.083199999999998,1.0,Utah,2023.0,2023.0,BUF,25.0,37.0,0.16666667
2024,4,00-0038933,D.Kincaid,TE,BUF,BAL,0,0,0.0,0,0.0,0.0,0.0,0,0.0,0,7,5,47.0,0,4.7,9.7,,,76.0,240.0,25.083199999999998,1.0,Utah,2023.0,2023.0,BUF,25.0,,0.25925925
2024,5,00-0038933,D.Kincaid,TE,BUF,HOU,0,0,0.0,0,0.0,0.0,0.0,0,0.0,0,6,2,34.0,0,3.4,5.4,,,76.0,240.0,25.083199999999998,1.0,Utah,2023.0,2023.0,BUF,25.0,,0.20689656
2024,6,00-0038933,D.Kincaid,TE,BUF,NYJ,0,0,0.0,0,0.0,0.0,0.0,0,0.0,0,7,6,51.0,0,5.1,11.1,,,76.0,240.0,25.083199999999998,1.0,Utah,2023.0,2023.0,BUF,25.0,,0.3043478
2024,7,00-0038933,D.Kincaid,TE,BUF,TEN,0,0,0.0,0,0.0,0.0,0.0,0,0.0,0,6,3,52.0,0,5.2,8.2,,,76.0,240.0,25.083199999999998,1.0,Utah,2023.0,2023.0,BUF,25.0,24.0,0.1875
2024,8,00-0038933,D.Kincaid,TE,BUF,SEA,0,0,0.0,0,0.0,0.0,0.0,0,0.0,0,7,4,31.0,1,9.1,13.1,,,76.0,240.0,25.083199999999998,1.0,Utah,2023.0,2023.0,BUF,25.0,,0.21875
2024,9,00-0038933,D.Kincaid,TE,BUF,MIA,0,0,0.0,0,0.0,0.0,0.0,0,0.0,0,10,4,32.0,0,3.2,7.2,,,76.0,240.0,25.083199999999998,1.0,Utah,2023.0,2023.0,BUF,25.0,3.0,0.2777778
2024,10,00-0038933,D.Kincaid,TE,BUF,IND,0,0,0.0,0,0.0,0.0,0.0,0,0.0,0,5,2,24.0,0,2.4,4.4,,,76.0,240.0,25.083199999999998,1.0,Utah,2023.0,2023.0,BUF,25.0,,0.14285715
2024,15,00-0038933,D.Kincaid,TE,BUF,DET,0,0,0.0,0,0.0,0.0,0.0,0,0.0,0,7,4,53.0,0,5.3,9.3,,,76.0,240.0,25.083199999999998,1.0,Utah,2023.0,2023.0,BUF,25.0,,0.21875
2024,16,00-0038933,D.Kincaid,TE,BUF,NE,0,0,0.0,0,0.0,0.0,0.0,0,0.0,0,7,4,15.0,0,1.5,5.5,,,76.0,240.0,25.083199999999998,1.0,Utah,2023.0,2023.0,BUF,25.0,3.0,0.25925925
2024,17,00-0038933,D.Kincaid,TE,BUF,NYJ,0,0,0.0,0,0.0,0.0,0.0,0,0.0,0,2,2,24.0,0,2.4,4.4,,,76.0,240.0,25.083199999999998,1.0,Utah,2023.0,2023.0,BUF,25.0,26.0,0.074074075
2024,19,00-0038933,D.Kincaid,TE,BUF,DEN,0,0,0.0,0,0.0,0.0,0.0,0,0.0,0,3,3,47.0,0,4.7,7.7,,,76.0,240.0,25.083199999999998,1.0,Utah,2023.0,2023.0,BUF,25.0,24.0,0.12
2024,20,00-0038933,D.Kincaid,TE,BUF,BAL,0,0,0.0,0,0.0,0.0,0.0,0,0.0,0,2,1,11.0,0,1.1,2.1,,,76.0,240.0,25.083199999999998,1.0,Utah,2023.0,2023.0,BUF,25.0,2.0,0.0952381
2024,21,00-0038933,D.Kincaid,TE,BUF,KC,0,0,0.0,0,0.0,0.0,0.0,0,0.0,0,4,2,13.0,0,1.3,3.3,,,76.0,240.0,25.083199999999998,1.0,Utah,2023.0,2023.0,BUF,25.0,,0.12903225
2024,2,00-0038935,B.Strange,TE,JAX,CLE,0,0,0.0,0,0.0,0.0,0.0,0,0.0,0,6,3,65.0,0,6.5,9.5,,,76.0,247.0,23.859,1.0,Penn State,2023.0,2023.0,JAX,61.0,-5.0,0.22222222
2024,3,00-0038935,B.Strange,TE,JAX,BUF,0,0,0.0,0,0.0,0.0,0.0,0,0.0,0,5,2,12.0,1,7.2,9.2,,,76.0,247.0,23.859,1.0,Penn State,2023.0,2023.0,JAX,61.0,,0.11363637
2024,4,00-0038935,B.Strange,TE,JAX,HOU,0,0,0.0,0,0.0,0.0,0.0,0,0.0,0,3,3,19.0,0,1.9,4.9,,,76.0,247.0,23.859,1.0,Penn State,2023.0,2023.0,JAX,61.0,,0.09375
2024,5,00-0038935,B.Strange,TE,JAX,IND,0,0,0.0,0,0.0,0.0,0.0,0,0.0,0,4,4,24.0,1,8.4,12.4,,,76.0,247.0,23.859,1.0,Penn State,2023.0,2023.0,JAX,61.0,3.0,0.11764706
2024,6,00-0038935,B.Strange,TE,JAX,CHI,0,0,0.0,0,0.0,0.0,0.0,0,0.0,0,2,1,11.0,0,1.1,2.1,,,76.0,247.0,23.859,1.0,Penn State,2023.0,2023.0,JAX,61.0,,0.057142857
2024,8,00-0038935,B.Strange,TE,JAX,GB,0,0,0.0,0,0.0,0.0,0.0,0,0.0,0,5,5,59.0,0,5.9,10.9,,,76.0,247.0,23.859,1.0,Penn State,2023.0,2023.0,JAX,61.0,-3.0,0.16666667
2024,10,00-0038935,B.Strange,TE,JAX,MIN,0,0,0.0,0,0.0,0.0,0.0,0,0.0,0,3,2,25.0,0,2.5,4.5,,,76.0,247.0,23.859,1.0,Penn State,2023.0,2023.0,JAX,61.0,-5.0,0.14285715
2024,11,00-0038935,B.Strange,TE,JAX,DET,0,0,0.0,0,0.0,0.0,0.0,0,0.0,0,1,1,6.0,0,0.6,1.6,,,76.0,247.0,23.859,1.0,Penn State,2023.0,2023.0,JAX,61.0,,0.035714287
2024,13,00-0038935,B.Strange,TE,JAX,HOU,0,0,0.0,0,0.0,0.0,0.0,0,0.0,0,2,1,14.0,0,1.4,2.4,,,76.0,247.0,23.859,1.0,Penn State,2023.0,2023.0,JAX,61.0,-3.0,0.04761905
2024,14,00-0038935,B.Strange,TE,JAX,TEN,0,0,0.0,0,0.0,0.0,0.0,0,0.0,0,1,1,21.0,0,2.1,3.1,,,76.0,247.0,23.859,1.0,Penn State,2023.0,2023.0,JAX,61.0,,0.033333335
2024,15,00-0038935,B.Strange,TE,JAX,NYJ,0,0,0.0,0,0.0,0.0,0.0,0,0.0,0,12,11,73.0,0,7.3,18.3,,,76.0,247.0,23.859,1.0,Penn State,2023.0,2023.0,JAX,61.0,-7.0,0.27906978
2024,16,00-0038935,B.Strange,TE,JAX,LV,0,0,0.0,0,0.0,0.0,0.0,0,0.0,0,4,2,22.0,0,0.2,2.2,,,76.0,247.0,23.859,1.0,Penn State,2023.0,2023.0,JAX,61.0,,0.114285715
2024,17,00-0038935,B.Strange,TE,JAX,TEN,0,0,0.0,0,0.0,0.0,0.0,0,0.0,0,1,0,0.0,0,0.0,0.0,,,76.0,247.0,23.859,1.0,Penn State,2023.0,2023.0,JAX,61.0,7.0,0.04761905
2024,18,00-0038935,B.Strange,TE,JAX,IND,0,0,0.0,0,0.0,0.0,0.0,0,0.0,0,4,4,60.0,0,6.0,10.0,,,76.0,247.0,23.859,1.0,Penn State,2023.0,2023.0,JAX,61.0,,0.12903225
2024,1,00-0038938,J.Hyatt,WR,NYG,MIN,0,0,0.0,0,0.0,0.0,0.0,0,0.0,0,1,0,0.0,0,0.0,0.0,,,72.0,185.0,23.114470588235296,1.0,Tennessee,2023.0,2023.0,NYG,73.0,-22.0,0.02631579
2024,3,00-0038938,J.Hyatt,WR,NYG,CLE,0,0,0.0,0,0.0,0.0,0.0,0,0.0,0,1,0,0.0,0,0.0,0.0,,,72.0,185.0,23.114470588235296,1.0,Tennessee,2023.0,2023.0,NYG,73.0,,0.030303031
2024,4,00-0038938,J.Hyatt,WR,NYG,DAL,0,0,0.0,0,0.0,0.0,0.0,0,0.0,0,1,0,0.0,0,0.0,0.0,,,72.0,185.0,23.114470588235296,1.0,Tennessee,2023.0,2023.0,NYG,73.0,-5.0,0.02631579
2024,6,00-0038938,J.Hyatt,WR,NYG,CIN,0,0,0.0,0,0.0,0.0,0.0,0,0.0,0,4,1,6.0,0,0.6,1.6,,,72.0,185.0,23.114470588235296,1.0,Tennessee,2023.0,2023.0,NYG,73.0,-10.0,0.11111111
2024,7,00-0038938,J.Hyatt,WR,NYG,PHI,0,0,0.0,0,0.0,0.0,0.0,0,0.0,0,1,0,0.0,0,0.0,0.0,,,72.0,185.0,23.114470588235296,1.0,Tennessee,2023.0,2023.0,NYG,73.0,-25.0,0.037037037
2024,10,00-0038938,J.Hyatt,WR,NYG,CAR,0,0,0.0,0,0.0,0.0,0.0,0,0.0,0,4,4,39.0,0,3.9,7.9,,,72.0,185.0,23.114470588235296,1.0,Tennessee,2023.0,2023.0,NYG,73.0,,0.125
2024,13,00-0038938,J.Hyatt,WR,NYG,DAL,0,0,0.0,0,0.0,0.0,0.0,0,0.0,0,2,2,8.0,0,0.8,2.8,,,72.0,185.0,23.114470588235296,1.0,Tennessee,2023.0,2023.0,NYG,73.0,,0.0625
2024,14,00-0038938,J.Hyatt,WR,NYG,NO,0,0,0.0,0,0.0,0.0,0.0,0,0.0,0,2,0,0.0,0,0.0,0.0,,,72.0,185.0,23.114470588235296,1.0,Tennessee,2023.0,2023.0,NYG,73.0,-3.0,0.04347826
2024,16,00-0038938,J.Hyatt,WR,NYG,ATL,0,0,0.0,0,0.0,0.0,0.0,0,0.0,0,2,1,9.0,0,0.9,1.9,,,72.0,185.0,23.114470588235296,1.0,Tennessee,2023.0,2023.0,NYG,73.0,,0.054054055
2024,18,00-0038938,J.Hyatt,WR,NYG,PHI,0,0,0.0,0,0.0,0.0,0.0,0,0.0,0,1,0,0.0,0,0.0,0.0,,,72.0,185.0,23.114470588235296,1.0,Tennessee,2023.0,2023.0,NYG,73.0,,0.035714287
2024,15,00-0038941,T.Scott,WR,CHI,MIN,0,0,0.0,0,0.0,0.0,0.0,0,0.0,0,1,1,5.0,0,0.5,1.5,,,71.0,185.0,23.072470588235294,1.0,Cincinnati,2023.0,2023.0,CHI,133.0,,0.032258064
2024,3,00-0038951,S.Tucker,RB,TB,DEN,0,0,0.0,0,0.0,0.0,0.0,1,4.0,0,0,0,0.0,0,0.4,0.4,,,70.0,210.0,23.043222222222223,1.0,Syracuse,2023.0,2023.0,,,-19.0,
2024,4,00-0038951,S.Tucker,RB,TB,PHI,0,0,0.0,0,0.0,0.0,0.0,1,3.0,0,1,1,14.0,0,1.7,2.7,,,70.0,210.0,23.043222222222223,1.0,Syracuse,2023.0,2023.0,,,17.0,0.021276595
2024,6,00-0038951,S.Tucker,RB,TB,NO,0,0,0.0,0,0.0,0.0,0.0,14,136.0,1,3,3,56.0,1,31.2,34.2,,,70.0,210.0,23.043222222222223,1.0,Syracuse,2023.0,2023.0,,,,0.083333336
2024,7,00-0038951,S.Tucker,RB,TB,BAL,0,0,0.0,0,0.0,0.0,0.0,5,29.0,0,2,1,9.0,0,3.8,4.8,,,70.0,210.0,23.043222222222223,1.0,Syracuse,2023.0,2023.0,,,-10.0,0.044444446
2024,8,00-0038951,S.Tucker,RB,TB,ATL,0,0,0.0,0,0.0,0.0,0.0,2,3.0,0,1,1,12.0,0,1.5,2.5,,,70.0,210.0,23.043222222222223,1.0,Syracuse,2023.0,2023.0,,,-5.0,0.02173913
2024,9,00-0038951,S.Tucker,RB,TB,KC,0,0,0.0,0,0.0,0.0,0.0,3,11.0,0,1,1,6.0,0,1.7,2.7,,,70.0,210.0,23.043222222222223,1.0,Syracuse,2023.0,2023.0,,,,0.032258064
2024,12,00-0038951,S.Tucker,RB,TB,NYG,0,0,0.0,0,0.0,0.0,0.0,4,3.0,1,1,1,7.0,0,7.0,8.0,,,70.0,210.0,23.043222222222223,1.0,Syracuse,2023.0,2023.0,,,,0.033333335
2024,14,00-0038951,S.Tucker,RB,TB,LV,0,0,0.0,0,0.0,0.0,0.0,3,47.0,0,2,0,0.0,0,4.7,4.7,,,70.0,210.0,23.043222222222223,1.0,Syracuse,2023.0,2023.0,,,15.0,0.071428575
2024,15,00-0038951,S.Tucker,RB,TB,LAC,0,0,0.0,0,0.0,0.0,0.0,7,17.0,0,0,0,0.0,0,1.7,1.7,,,70.0,210.0,23.043222222222223,1.0,Syracuse,2023.0,2023.0,,,,
2024,17,00-0038951,S.Tucker,RB,TB,CAR,0,0,0.0,0,0.0,0.0,0.0,8,39.0,0,1,1,5.0,0,4.4,5.4,,,70.0,210.0,23.043222222222223,1.0,Syracuse,2023.0,2023.0,,,34.0,0.03125
2024,18,00-0038951,S.Tucker,RB,TB,NO,0,0,0.0,0,0.0,0.0,0.0,2,16.0,0,0,0,0.0,0,1.6,1.6,,,70.0,210.0,23.043222222222223,1.0,Syracuse,2023.0,2023.0,,,8.0,
2024,1,00-0038976,M.Mims,WR,DEN,SEA,0,0,0.0,0,0.0,0.0,0.0,0,0.0,0,1,0,0.0,0,0.0,0.0,,,71.0,182.0,22.64238888888889,1.0,Oklahoma,2023.0,2023.0,DEN,63.0,,0.023809524
2024,2,00-0038976,M.Mims,WR,DEN,PIT,0,0,0.0,0,0.0,0.0,0.0,0,0.0,0,2,1,10.0,0,1.0,2.0,,,71.0,182.0,22.64238888888889,1.0,Oklahoma,2023.0,2023.0,DEN,63.0,-7.0,0.060606062
2024,3,00-0038976,M.Mims,WR,DEN,TB,0,0,0.0,0,0.0,0.0,0.0,0,0.0,0,1,1,9.0,0,0.9,1.9,,,71.0,182.0,22.64238888888889,1.0,Oklahoma,2023.0,2023.0,DEN,63.0,,0.029411765
2024,5,00-0038976,M.Mims,WR,DEN,LV,0,0,0.0,0,0.0,0.0,0.0,1,17.0,0,1,1,7.0,0,2.4,3.4,,,71.0,182.0,22.64238888888889,1.0,Oklahoma,2023.0,2023.0,DEN,63.0,16.0,0.03846154
2024,6,00-0038976,M.Mims,WR,DEN,LAC,0,0,0.0,0,0.0,0.0,0.0,0,0.0,0,3,0,0.0,0,0.0,0.0,,,71.0,182.0,22.64238888888889,1.0,Oklahoma,2023.0,2023.0,DEN,63.0,-7.0,0.09375
2024,7,00-0038976,M.Mims,WR,DEN,NO,0,0,0.0,0,0.0,0.0,0.0,0,0.0,0,3,2,18.0,0,1.8,3.8,,,71.0,182.0,22.64238888888889,1.0,Oklahoma,2023.0,2023.0,DEN,63.0,,0.12
2024,8,00-0038976,M.Mims,WR,DEN,CAR,0,0,0.0,0,0.0,0.0,0.0,0,0.0,0,2,1,8.0,0,0.8,1.8,,,71.0,182.0,22.64238888888889,1.0,Oklahoma,2023.0,2023.0,DEN,63.0,14.0,0.05263158
2024,9,00-0038976,M.Mims,WR,DEN,BAL,0,0,0.0,0,0.0,0.0,0.0,0,0.0,0,2,1,4.0,0,0.4,1.4,,,71.0,182.0,22.64238888888889,1.0,Oklahoma,2023.0,2023.0,DEN,63.0,,0.060606062
2024,10,00-0038976,M.Mims,WR,DEN,KC,0,0,0.0,0,0.0,0.0,0.0,3,17.0,0,4,4,13.0,0,3.0,7.0,,,71.0,182.0,22.64238888888889,1.0,Oklahoma,2023.0,2023.0,DEN,63.0,,0.14285715
2024,11,00-0038976,M.Mims,WR,DEN,ATL,0,0,0.0,0,0.0,0.0,0.0,3,4.0,0,2,2,49.0,1,11.3,13.3,,,71.0,182.0,22.64238888888889,1.0,Oklahoma,2023.0,2023.0,DEN,63.0,32.0,0.0625
2024,12,00-0038976,M.Mims,WR,DEN,LV,0,0,0.0,0,0.0,0.0,0.0,2,-2.0,0,5,3,44.0,0,4.2,7.2,,,71.0,182.0,22.64238888888889,1.0,Oklahoma,2023.0,2023.0,DEN,63.0,,0.12820514
2024,13,00-0038976,M.Mims,WR,DEN,CLE,0,0,0.0,0,0.0,0.0,0.0,1,4.0,0,4,3,105.0,1,16.9,19.9,,,71.0,182.0,22.64238888888889,1.0,Oklahoma,2023.0,2023.0,DEN,63.0,9.0,0.12903225
2024,15,00-0038976,M.Mims,WR,DEN,IND,0,0,0.0,0,0.0,0.0,0.0,1,0.0,0,4,4,20.0,0,2.0,6.0,,,71.0,182.0,22.64238888888889,1.0,Oklahoma,2023.0,2023.0,DEN,63.0,18.0,0.125
2024,16,00-0038976,M.Mims,WR,DEN,LAC,0,0,0.0,0,0.0,0.0,0.0,1,3.0,0,5,3,62.0,0,6.5,9.5,,,71.0,182.0,22.64238888888889,1.0,Oklahoma,2023.0,2023.0,DEN,63.0,,0.12820514
2024,17,00-0038976,M.Mims,WR,DEN,CIN,0,0,0.0,0,0.0,0.0,0.0,1,-1.0,0,8,8,103.0,2,22.2,30.2,,,71.0,182.0,22.64238888888889,1.0,Oklahoma,2023.0,2023.0,DEN,63.0,,0.2580645
2024,18,00-0038976,M.Mims,WR,DEN,KC,0,0,0.0,0,0.0,0.0,0.0,0,0.0,0,5,5,51.0,2,17.1,22.1,,,71.0,182.0,22.64238888888889,1.0,Oklahoma,2023.0,2023.0,DEN,63.0,38.0,0.1724138
2024,19,00-0038976,M.Mims,WR,DEN,BUF,0,0,0.0,0,0.0,0.0,0.0,2,1.0,0,4,2,12.0,0,1.3,3.3,,,71.0,182.0,22.64238888888889,1.0,Oklahoma,2023.0,2023.0,DEN,63.0,,0.17391305
2024,1,00-0038977,T.Dell,WR,HOU,IND,0,0,0.0,0,0.0,0.0,0.0,2,19.0,0,7,3,40.0,0,5.9,8.9,,,70.0,165.0,25.039684210526318,1.0,Houston,2023.0,2023.0,HOU,69.0,,0.22580644
2024,2,00-0038977,T.Dell,WR,HOU,CHI,0,0,0.0,0,0.0,0.0,0.0,3,16.0,0,4,1,-3.0,0,1.3,2.3,,,70.0,165.0,25.039684210526318,1.0,Houston,2023.0,2023.0,HOU,69.0,6.0,0.11764706
2024,3,00-0038977,T.Dell,WR,HOU,MIN,0,0,0.0,0,0.0,0.0,0.0,0,0.0,0,6,5,62.0,0,6.2,11.2,,,70.0,165.0,25.039684210526318,1.0,Houston,2023.0,2023.0,HOU,69.0,,0.13953489
2024,5,00-0038977,T.Dell,WR,HOU,BUF,0,0,0.0,0,0.0,0.0,0.0,1,-5.0,0,4,4,38.0,0,3.3,7.3,,,70.0,165.0,25.039684210526318,1.0,Houston,2023.0,2023.0,HOU,69.0,3.0,0.114285715
2024,6,00-0038977,T.Dell,WR,HOU,NE,0,0,0.0,0,0.0,0.0,0.0,0,0.0,0,9,7,57.0,1,11.7,18.7,,,70.0,165.0,25.039684210526318,1.0,Houston,2023.0,2023.0,HOU,69.0,,0.29032257
2024,7,00-0038977,T.Dell,WR,HOU,GB,0,0,0.0,0,0.0,0.0,0.0,0,0.0,0,4,0,0.0,0,0.0,0.0,,,70.0,165.0,25.039684210526318,1.0,Houston,2023.0,2023.0,HOU,69.0,,0.21052632
2024,8,00-0038977,T.Dell,WR,HOU,IND,0,0,0.0,0,0.0,0.0,0.0,0,0.0,0,4,4,35.0,1,9.5,13.5,,,70.0,165.0,25.039684210526318,1.0,Houston,2023.0,2023.0,HOU,69.0,3.0,0.11111111
2024,9,00-0038977,T.Dell,WR,HOU,NYJ,0,0,0.0,0,0.0,0.0,0.0,0,0.0,0,9,6,126.0,0,12.6,18.6,,,70.0,165.0,25.039684210526318,1.0,Houston,2023.0,2023.0,HOU,69.0,,0.31034482
2024,10,00-0038977,T.Dell,WR,HOU,DET,0,0,0.0,0,0.0,0.0,0.0,1,-6.0,0,9,5,39.0,0,3.3,8.3,,,70.0,165.0,25.039684210526318,1.0,Houston,2023.0,2023.0,HOU,69.0,-3.0,0.28125
2024,11,00-0038977,T.Dell,WR,HOU,DAL,0,0,0.0,0,0.0,0.0,0.0,1,4.0,0,7,4,54.0,0,5.8,9.8,,,70.0,165.0,25.039684210526318,1.0,Houston,2023.0,2023.0,HOU,69.0,,0.21212122
2024,12,00-0038977,T.Dell,WR,HOU,TEN,0,0,0.0,0,0.0,0.0,0.0,0,0.0,0,5,3,72.0,0,7.2,10.2,,,70.0,165.0,25.039684210526318,1.0,Houston,2023.0,2023.0,HOU,69.0,-5.0,0.16129032
2024,13,00-0038977,T.Dell,WR,HOU,JAX,0,0,0.0,0,0.0,0.0,0.0,0,0.0,0,4,1,23.0,0,2.3,3.3,,,70.0,165.0,25.039684210526318,1.0,Houston,2023.0,2023.0,HOU,69.0,,0.121212125
2024,15,00-0038977,T.Dell,WR,HOU,MIA,0,0,0.0,0,0.0,0.0,0.0,1,15.0,0,2,2,26.0,0,4.1,6.1,,,70.0,165.0,25.039684210526318,1.0,Houston,2023.0,2023.0,HOU,69.0,8.0,0.08
2024,16,00-0038977,T.Dell,WR,HOU,KC,0,0,0.0,0,0.0,0.0,0.0,0,0.0,0,7,6,98.0,1,15.8,21.8,,,70.0,165.0,25.039684210526318,1.0,Houston,2023.0,2023.0,HOU,69.0,,0.1891892
2024,1,00-0038979,C.Tillman,WR,CLE,DAL,0,0,0.0,0,0.0,0.0,0.0,0,0.0,0,1,1,3.0,0,0.3,1.3,,,75.0,215.0,24.550529411764703,1.0,Tennessee,2023.0,2023.0,CLE,74.0,-16.0,0.023255814
2024,2,00-0038979,C.Tillman,WR,CLE,JAX,0,0,0.0,0,0.0,0.0,0.0,0,0.0,0,2,1,2.0,0,0.2,1.2,,,75.0,215.0,24.550529411764703,1.0,Tennessee,2023.0,2023.0,CLE,74.0,,0.060606062
2024,3,00-0038979,C.Tillman,WR,CLE,NYG,0,0,0.0,0,0.0,0.0,0.0,0,0.0,0,2,1,4.0,0,0.4,1.4,,,75.0,215.0,24.550529411764703,1.0,Tennessee,2023.0,2023.0,CLE,74.0,-6.0,0.057142857
2024,6,00-0038979,C.Tillman,WR,CLE,PHI,0,0,0.0,0,0.0,0.0,0.0,1,-5.0,0,0,0,0.0,0,-0.5,-0.5,,,75.0,215.0,24.550529411764703,1.0,Tennessee,2023.0,2023.0,CLE,74.0,,
2024,7,00-0038979,C.Tillman,WR,CLE,CIN,0,0,0.0,0,0.0,0.0,0.0,0,0.0,0,12,8,81.0,0,10.1,18.1,,,75.0,215.0,24.550529411764703,1.0,Tennessee,2023.0,2023.0,CLE,74.0,-7.0,0.25
2024,8,00-0038979,C.Tillman,WR,CLE,BAL,0,0,0.0,0,0.0,0.0,0.0,0,0.0,0,9,7,99.0,2,21.9,28.9,,,75.0,215.0,24.550529411764703,1.0,Tennessee,2023.0,2023.0,CLE,74.0,5.0,0.2195122
2024,9,00-0038979,C.Tillman,WR,CLE,LAC,0,0,0.0,0,0.0,0.0,0.0,0,0.0,0,11,6,75.0,1,13.5,19.5,,,75.0,215.0,24.550529411764703,1.0,Tennessee,2023.0,2023.0,CLE,74.0,-17.0,0.23913044
2024,11,00-0038979,C.Tillman,WR,CLE,NO,0,0,0.0,0,0.0,0.0,0.0,0,0.0,0,8,3,47.0,0,4.7,7.7,,,75.0,215.0,24.550529411764703,1.0,Tennessee,2023.0,2023.0,CLE,74.0,,0.17777778
2024,12,00-0038979,C.Tillman,WR,CLE,PIT,0,0,0.0,0,0.0,0.0,0.0,0,0.0,0,4,2,28.0,0,0.8,2.8,,,75.0,215.0,24.550529411764703,1.0,Tennessee,2023.0,2023.0,CLE,74.0,5.0,0.14814815
2024,2,00-0038981,W.Morris,T,KC,CIN,0,0,0.0,0,0.0,0.0,0.0,0,0.0,0,1,1,1.0,1,6.1,7.1,,,78.0,310.0,24.1115,1.0,Oklahoma,2023.0,2023.0,KC,92.0,1.0,0.04347826
2024,1,00-0038994,J.Addison,WR,MIN,NYG,0,0,0.0,0,0.0,0.0,0.0,0,0.0,0,4,3,35.0,0,3.5,6.5,,,71.0,175.0,22.791222222222224,1.0,Southern California,2023.0,2023.0,MIN,23.0,,0.17391305
2024,4,00-0038994,J.Addison,WR,MIN,GB,0,0,0.0,0,0.0,0.0,0.0,1,7.0,1,4,3,72.0,1,19.9,22.9,,,71.0,175.0,22.791222222222224,1.0,Southern California,2023.0,2023.0,MIN,23.0,,0.14814815
2024,5,00-0038994,J.Addison,WR,MIN,NYJ,0,0,0.0,0,0.0,0.0,0.0,0,0.0,0,8,3,36.0,0,3.6,6.6,,,71.0,175.0,22.791222222222224,1.0,Southern California,2023.0,2023.0,MIN,23.0,6.0,0.2857143
2024,7,00-0038994,J.Addison,WR,MIN,DET,0,0,0.0,0,0.0,0.0,0.0,0,0.0,0,4,3,66.0,0,6.6,9.6,,,71.0,175.0,22.791222222222224,1.0,Southern California,2023.0,2023.0,MIN,23.0,-2.0,0.15384616
2024,8,00-0038994,J.Addison,WR,MIN,LA,0,0,0.0,0,0.0,0.0,0.0,0,0.0,0,3,2,22.0,0,2.2,4.2,,,71.0,175.0,22.791222222222224,1.0,Southern California,2023.0,2023.0,MIN,23.0,,0.13043478
2024,9,00-0038994,J.Addison,WR,MIN,IND,0,0,0.0,0,0.0,0.0,0.0,1,9.0,0,5,5,42.0,1,11.1,16.1,,,71.0,175.0,22.791222222222224,1.0,Southern California,2023.0,2023.0,MIN,23.0,8.0,0.15151516
2024,10,00-0038994,J.Addison,WR,MIN,JAX,0,0,0.0,0,0.0,0.0,0.0,1,4.0,0,5,2,25.0,0,2.9,4.9,,,71.0,175.0,22.791222222222224,1.0,Southern California,2023.0,2023.0,MIN,23.0,,0.13513513
2024,11,00-0038994,J.Addison,WR,MIN,TEN,0,0,0.0,0,0.0,0.0,0.0,0,0.0,0,8,3,61.0,1,12.1,15.1,,,71.0,175.0,22.791222222222224,1.0,Southern California,2023.0,2023.0,MIN,23.0,,0.26666668
2024,12,00-0038994,J.Addison,WR,MIN,CHI,0,0,0.0,0,0.0,0.0,0.0,0,0.0,0,9,8,162.0,1,22.2,30.2,,,71.0,175.0,22.791222222222224,1.0,Southern California,2023.0,2023.0,MIN,23.0,,0.28125
2024,13,00-0038994,J.Addison,WR,MIN,ARI,0,0,0.0,0,0.0,0.0,0.0,0,0.0,0,6,4,54.0,0,5.4,9.4,,,71.0,175.0,22.791222222222224,1.0,Southern California,2023.0,2023.0,MIN,23.0,1.0,0.2
2024,14,00-0038994,J.Addison,WR,MIN,ATL,0,0,0.0,0,0.0,0.0,0.0,0,0.0,0,12,8,133.0,3,31.3,39.3,,,71.0,175.0,22.791222222222224,1.0,Southern California,2023.0,2023.0,MIN,23.0,21.0,0.42857143
2024,15,00-0038994,J.Addison,WR,MIN,CHI,0,0,0.0,0,0.0,0.0,0.0,0,0.0,0,9,7,63.0,0,6.3,13.3,,,71.0,175.0,22.791222222222224,1.0,Southern California,2023.0,2023.0,MIN,23.0,18.0,0.24324325
2024,16,00-0038994,J.Addison,WR,MIN,SEA,0,0,0.0,0,0.0,0.0,0.0,0,0.0,0,8,5,35.0,1,9.5,14.5,,,71.0,175.0,22.791222222222224,1.0,Southern California,2023.0,2023.0,MIN,23.0,,0.22857143
2024,17,00-0038994,J.Addison,WR,MIN,GB,0,0,0.0,0,0.0,0.0,0.0,0,0.0,0,8,6,69.0,1,12.9,18.9,,,71.0,175.0,22.791222222222224,1.0,Southern California,2023.0,2023.0,MIN,23.0,2.0,0.19512194
2024,18,00-0038994,J.Addison,WR,MIN,DET,0,0,0.0,0,0.0,0.0,0.0,0,0.0,0,6,1,0.0,0,0.0,1.0,,,71.0,175.0,22.791222222222224,1.0,Southern California,2023.0,2023.0,MIN,23.0,,0.15789473
2024,19,00-0038994,J.Addison,WR,MIN,LA,0,0,0.0,0,0.0,0.0,0.0,0,0.0,0,8,3,29.0,0,2.9,5.9,,,71.0,175.0,22.791222222222224,1.0,Southern California,2023.0,2023.0,MIN,23.0,,0.2
2024,1,00-0038996,T.Kraft,TE,GB,PHI,0,0,0.0,0,0.0,0.0,0.0,0,0.0,0,3,2,37.0,0,3.7,5.7,,,77.0,255.0,24.018055555555556,1.0,South Dakota State,2023.0,2023.0,GB,78.0,,0.09375
2024,2,00-0038996,T.Kraft,TE,GB,IND,0,0,0.0,0,0.0,0.0,0.0,0,0.0,0,2,2,16.0,0,1.6,3.6,,,77.0,255.0,24.018055555555556,1.0,South Dakota State,2023.0,2023.0,GB,78.0,6.0,0.15384616
2024,3,00-0038996,T.Kraft,TE,GB,TEN,0,0,0.0,0,0.0,0.0,0.0,0,0.0,0,3,2,24.0,0,2.4,4.4,,,77.0,255.0,24.018055555555556,1.0,South Dakota State,2023.0,2023.0,GB,78.0,,0.15789473
2024,4,00-0038996,T.Kraft,TE,GB,MIN,0,0,0.0,0,0.0,0.0,0.0,0,0.0,0,9,6,53.0,1,11.3,17.3,,,77.0,255.0,24.018055555555556,1.0,South Dakota State,2023.0,2023.0,GB,78.0,-2.0,0.16666667
2024,5,00-0038996,T.Kraft,TE,GB,LA,0,0,0.0,0,0.0,0.0,0.0,0,0.0,0,5,4,88.0,2,20.8,24.8,,,77.0,255.0,24.018055555555556,1.0,South Dakota State,2023.0,2023.0,GB,78.0,,0.2
2024,6,00-0038996,T.Kraft,TE,GB,ARI,0,0,0.0,0,0.0,0.0,0.0,1,2.0,0,4,2,13.0,0,1.5,3.5,,,77.0,255.0,24.018055555555556,1.0,South Dakota State,2023.0,2023.0,GB,78.0,21.0,0.12903225
2024,7,00-0038996,T.Kraft,TE,GB,HOU,0,0,0.0,0,0.0,0.0,0.0,0,0.0,0,4,3,33.0,1,9.3,12.3,,,77.0,255.0,24.018055555555556,1.0,South Dakota State,2023.0,2023.0,GB,78.0,2.0,0.121212125
2024,8,00-0038996,T.Kraft,TE,GB,JAX,0,0,0.0,0,0.0,0.0,0.0,0,0.0,0,3,3,78.0,1,13.8,16.8,,,77.0,255.0,24.018055555555556,1.0,South Dakota State,2023.0,2023.0,GB,78.0,,0.11111111
2024,9,00-0038996,T.Kraft,TE,GB,DET,0,0,0.0,0,0.0,0.0,0.0,1,2.0,0,6,4,34.0,0,3.6,7.6,,,77.0,255.0,24.018055555555556,1.0,South Dakota State,2023.0,2023.0,GB,78.0,-10.0,0.16216215
2024,11,00-0038996,T.Kraft,TE,GB,CHI,0,0,0.0,0,0.0,0.0,0.0,0,0.0,0,1,0,0.0,0,0.0,0.0,,,77.0,255.0,24.018055555555556,1.0,South Dakota State,2023.0,2023.0,GB,78.0,,0.05882353
2024,12,00-0038996,T.Kraft,TE,GB,SF,0,0,0.0,0,0.0,0.0,0.0,0,0.0,0,2,2,26.0,1,8.6,10.6,,,77.0,255.0,24.018055555555556,1.0,South Dakota State,2023.0,2023.0,GB,78.0,28.0,0.09090909
2024,13,00-0038996,T.Kraft,TE,GB,MIA,0,0,0.0,0,0.0,0.0,0.0,0,0.0,0,7,6,78.0,0,7.8,13.8,,,77.0,255.0,24.018055555555556,1.0,South Dakota State,2023.0,2023.0,GB,78.0,13.0,0.25
2024,14,00-0038996,T.Kraft,TE,GB,DET,0,0,0.0,0,0.0,0.0,0.0,0,0.0,0,5,3,41.0,1,10.1,13.1,,,77.0,255.0,24.018055555555556,1.0,South Dakota State,2023.0,2023.0,GB,78.0,,0.2631579
2024,15,00-0038996,T.Kraft,TE,GB,SEA,0,0,0.0,0,0.0,0.0,0.0,0,0.0,0,2,2,34.0,0,3.4,5.4,,,77.0,255.0,24.018055555555556,1.0,South Dakota State,2023.0,2023.0,GB,78.0,,0.07692308
2024,16,00-0038996,T.Kraft,TE,GB,NO,0,0,0.0,0,0.0,0.0,0.0,1,2.0,0,4,3,63.0,0,6.5,9.5,,,77.0,255.0,24.018055555555556,1.0,South Dakota State,2023.0,2023.0,GB,78.0,34.0,0.14814815
2024,17,00-0038996,T.Kraft,TE,GB,MIN,0,0,0.0,0,0.0,0.0,0.0,0,0.0,0,3,2,53.0,0,5.3,7.3,,,77.0,255.0,24.018055555555556,1.0,South Dakota State,2023.0,2023.0,GB,78.0,,0.10344828
2024,18,00-0038996,T.Kraft,TE,GB,CHI,0,0,0.0,0,0.0,0.0,0.0,0,0.0,0,7,4,36.0,0,3.6,7.6,,,77.0,255.0,24.018055555555556,1.0,South Dakota State,2023.0,2023.0,GB,78.0,-2.0,0.28
2024,19,00-0038996,T.Kraft,TE,GB,PHI,0,0,0.0,0,0.0,0.0,0.0,2,10.0,0,5,5,26.0,0,3.6,8.6,,,77.0,255.0,24.018055555555556,1.0,South Dakota State,2023.0,2023.0,GB,78.0,,0.15151516
2024,3,00-0038997,J.Downs,WR,IND,CHI,0,0,0.0,0,0.0,0.0,0.0,0,0.0,0,5,3,22.0,0,2.2,5.2,,,69.0,175.0,23.232411764705883,1.0,North Carolina,2023.0,2023.0,IND,79.0,5.0,0.2777778
2024,4,00-0038997,J.Downs,WR,IND,PIT,0,0,0.0,0,0.0,0.0,0.0,0,0.0,0,9,8,82.0,1,14.2,22.2,,,69.0,175.0,23.232411764705883,1.0,North Carolina,2023.0,2023.0,IND,79.0,3.0,0.32142857
2024,5,00-0038997,J.Downs,WR,IND,JAX,0,0,0.0,0,0.0,0.0,0.0,0,0.0,0,12,9,69.0,0,6.9,15.9,,,69.0,175.0,23.232411764705883,1.0,North Carolina,2023.0,2023.0,IND,79.0,,0.26666668
2024,6,00-0038997,J.Downs,WR,IND,TEN,0,0,0.0,0,0.0,0.0,0.0,1,-1.0,0,9,7,66.0,1,12.5,19.5,,,69.0,175.0,23.232411764705883,1.0,North Carolina,2023.0,2023.0,IND,79.0,,0.25
2024,7,00-0038997,J.Downs,WR,IND,MIA,0,0,0.0,0,0.0,0.0,0.0,0,0.0,0,3,1,3.0,0,0.3,1.3,,,69.0,175.0,23.232411764705883,1.0,North Carolina,2023.0,2023.0,IND,79.0,6.0,0.13636364
2024,8,00-0038997,J.Downs,WR,IND,HOU,0,0,0.0,0,0.0,0.0,0.0,0,0.0,0,9,4,109.0,1,16.9,20.9,,,69.0,175.0,23.232411764705883,1.0,North Carolina,2023.0,2023.0,IND,79.0,,0.29032257
2024,9,00-0038997,J.Downs,WR,IND,MIN,0,0,0.0,0,0.0,0.0,0.0,0,0.0,0,9,6,60.0,0,6.0,12.0,,,69.0,175.0,23.232411764705883,1.0,North Carolina,2023.0,2023.0,IND,79.0,,0.33333334
2024,10,00-0038997,J.Downs,WR,IND,BUF,0,0,0.0,0,0.0,0.0,0.0,0,0.0,0,10,7,72.0,0,7.2,14.2,,,69.0,175.0,23.232411764705883,1.0,North Carolina,2023.0,2023.0,IND,79.0,-10.0,0.2857143
2024,11,00-0038997,J.Downs,WR,IND,NYJ,0,0,0.0,0,0.0,0.0,0.0,0,0.0,0,5,5,84.0,1,14.4,19.4,,,69.0,175.0,23.232411764705883,1.0,North Carolina,2023.0,2023.0,IND,79.0,,0.17857143
2024,12,00-0038997,J.Downs,WR,IND,DET,0,0,0.0,0,0.0,0.0,0.0,0,0.0,0,7,3,27.0,0,2.7,5.7,,,69.0,175.0,23.232411764705883,1.0,North Carolina,2023.0,2023.0,IND,79.0,-18.0,0.28
2024,15,00-0038997,J.Downs,WR,IND,DEN,0,0,0.0,0,0.0,0.0,0.0,0,0.0,0,8,3,32.0,0,3.2,6.2,,,69.0,175.0,23.232411764705883,1.0,North Carolina,2023.0,2023.0,IND,79.0,,0.22222222
2024,16,00-0038997,J.Downs,WR,IND,TEN,0,0,0.0,0,0.0,0.0,0.0,0,0.0,0,4,3,61.0,1,12.1,15.1,,,69.0,175.0,23.232411764705883,1.0,North Carolina,2023.0,2023.0,IND,79.0,8.0,0.36363637
2024,17,00-0038997,J.Downs,WR,IND,NYG,0,0,0.0,0,0.0,0.0,0.0,0,0.0,0,4,3,22.0,0,2.2,5.2,,,69.0,175.0,23.232411764705883,1.0,North Carolina,2023.0,2023.0,IND,79.0,,0.10810811
2024,18,00-0038997,J.Downs,WR,IND,JAX,0,0,0.0,0,0.0,0.0,0.0,0,0.0,0,13,10,94.0,0,9.4,19.4,,,69.0,175.0,23.232411764705883,1.0,North Carolina,2023.0,2023.0,IND,79.0,3.0,0.33333334
2024,1,00-0038998,J.Haener,QB,NO,CAR,0,1,0.0,0,0.0,0.0,-0.0,0,0.0,0,0,0,0.0,0,0.0,0.0,,,73.0,195.0,25.66029411764706,1.0,Fresno State,2023.0,2023.0,NO,127.0,37.0,
2024,2,00-0038998,J.Haener,QB,NO,DAL,0,0,0.0,0,0.0,0.0,0.0,3,-3.0,0,0,0,0.0,0,-0.3,-0.3,,,73.0,195.0,25.66029411764706,1.0,Fresno State,2023.0,2023.0,NO,127.0,,
2024,5,00-0038998,J.Haener,QB,NO,KC,2,7,17.0,0,0.0,0.0,-0.0,2,11.0,0,0,0,0.0,0,1.78,1.78,,,73.0,195.0,25.66029411764706,1.0,Fresno State,2023.0,2023.0,NO,127.0,,
2024,7,00-0038998,J.Haener,QB,NO,DEN,3,4,38.0,1,0.0,0.0,-0.0,0,0.0,0,0,0,0.0,0,5.52,5.52,,,73.0,195.0,25.66029411764706,1.0,Fresno State,2023.0,2023.0,NO,127.0,-23.0,
2024,8,00-0038998,J.Haener,QB,NO,LAC,9,17,122.0,0,0.0,2.0,16.0,2,10.0,0,0,0,0.0,0,5.88,5.88,,,73.0,195.0,25.66029411764706,1.0,Fresno State,2023.0,2023.0,NO,127.0,,
2024,11,00-0038998,J.Haener,QB,NO,CLE,0,0,0.0,0,0.0,0.0,0.0,2,-2.0,0,0,0,0.0,0,-0.2,-0.2,,,73.0,195.0,25.66029411764706,1.0,Fresno State,2023.0,2023.0,NO,127.0,21.0,
2024,14,00-0038998,J.Haener,QB,NO,NYG,0,0,0.0,0,0.0,1.0,10.0,1,-1.0,0,0,0,0.0,0,-0.1,-0.1,,,73.0,195.0,25.66029411764706,1.0,Fresno State,2023.0,2023.0,NO,127.0,,
2024,15,00-0038998,J.Haener,QB,NO,WAS,4,10,49.0,0,1.0,3.0,29.0,1,7.0,0,0,0,0.0,0,0.66,0.66,,,73.0,195.0,25.66029411764706,1.0,Fresno State,2023.0,2023.0,NO,127.0,-1.0,
2024,3,00-0039021,R.Johnson,RB,CHI,IND,0,0,0.0,0,0.0,0.0,0.0,8,30.0,0,5,4,32.0,0,6.2,10.2,,,72.0,222.0,23.767882352941175,1.0,Texas,2023.0,2023.0,CHI,115.0,,0.104166664
2024,4,00-0039021,R.Johnson,RB,CHI,LA,0,0,0.0,0,0.0,0.0,0.0,7,26.0,1,0,0,0.0,0,8.6,8.6,,,72.0,222.0,23.767882352941175,1.0,Texas,2023.0,2023.0,CHI,115.0,6.0,
2024,5,00-0039021,R.Johnson,RB,CHI,CAR,0,0,0.0,0,0.0,0.0,0.0,10,25.0,2,0,0,0.0,0,14.5,14.5,,,72.0,222.0,23.767882352941175,1.0,Texas,2023.0,2023.0,CHI,115.0,26.0,
2024,6,00-0039021,R.Johnson,RB,CHI,JAX,0,0,0.0,0,0.0,0.0,0.0,5,8.0,0,3,2,25.0,0,3.3,5.3,,,72.0,222.0,23.767882352941175,1.0,Texas,2023.0,2023.0,CHI,115.0,19.0,0.115384616
2024,8,00-0039021,R.Johnson,RB,CHI,WAS,0,0,0.0,0,0.0,0.0,0.0,2,6.0,1,0,0,0.0,0,6.6,6.6,,,72.0,222.0,23.767882352941175,1.0,Texas,2023.0,2023.0,CHI,115.0,,
2024,9,00-0039021,R.Johnson,RB,CHI,ARI,0,0,0.0,0,0.0,0.0,0.0,3,13.0,0,3,2,8.0,0,2.1,4.1,,,72.0,222.0,23.767882352941175,1.0,Texas,2023.0,2023.0,CHI,115.0,,0.083333336
2024,10,00-0039021,R.Johnson,RB,CHI,NE,0,0,0.0,0,0.0,0.0,0.0,1,-4.0,0,2,1,5.0,0,0.1,1.1,,,72.0,222.0,23.767882352941175,1.0,Texas,2023.0,2023.0,CHI,115.0,-16.0,0.07692308
2024,11,00-0039021,R.Johnson,RB,CHI,GB,0,0,0.0,0,0.0,0.0,0.0,10,33.0,1,1,1,8.0,0,10.1,11.1,,,72.0,222.0,23.767882352941175,1.0,Texas,2023.0,2023.0,CHI,115.0,-1.0,0.032258064
2024,12,00-0039021,R.Johnson,RB,CHI,MIN,0,0,0.0,0,0.0,0.0,0.0,2,2.0,1,1,1,10.0,0,7.2,8.2,,,72.0,222.0,23.767882352941175,1.0,Texas,2023.0,2023.0,CHI,115.0,-3.0,0.021276595
2024,16,00-0039021,R.Johnson,RB,CHI,DET,0,0,0.0,0,0.0,0.0,0.0,1,3.0,0,0,0,0.0,0,0.3,0.3,,,72.0,222.0,23.767882352941175,1.0,Texas,2023.0,2023.0,CHI,115.0,-17.0,
2024,17,00-0039021,R.Johnson,RB,CHI,SEA,0,0,0.0,0,0.0,0.0,0.0,4,5.0,0,0,0,0.0,0,0.5,0.5,,,72.0,222.0,23.767882352941175,1.0,Texas,2023.0,2023.0,CHI,115.0,-3.0,
2024,18,00-0039021,R.Johnson,RB,CHI,GB,0,0,0.0,0,0.0,0.0,0.0,2,3.0,0,5,5,16.0,0,1.9,6.9,,,72.0,222.0,23.767882352941175,1.0,Texas,2023.0,2023.0,CHI,115.0,,0.20833333
2024,1,00-0039032,T.Spears,RB,TEN,CHI,0,0,0.0,0,0.0,0.0,0.0,4,21.0,0,4,4,11.0,0,3.2,7.2,,,71.0,195.0,23.401588235294117,1.0,Tulane,2023.0,2023.0,TEN,81.0,,0.14814815
2024,2,00-0039032,T.Spears,RB,TEN,NYJ,0,0,0.0,0,0.0,0.0,0.0,6,20.0,0,2,2,11.0,0,3.1,5.1,,,71.0,195.0,23.401588235294117,1.0,Tulane,2023.0,2023.0,TEN,81.0,-7.0,0.074074075
2024,3,00-0039032,T.Spears,RB,TEN,GB,0,0,0.0,0,0.0,0.0,0.0,2,7.0,0,4,4,54.0,0,6.1,10.1,,,71.0,195.0,23.401588235294117,1.0,Tulane,2023.0,2023.0,TEN,81.0,-16.0,0.11764706
2024,4,00-0039032,T.Spears,RB,TEN,MIA,0,0,0.0,0,0.0,0.0,0.0,15,39.0,1,2,2,0.0,0,9.9,11.9,,,71.0,195.0,23.401588235294117,1.0,Tulane,2023.0,2023.0,TEN,81.0,,0.11111111
2024,6,00-0039032,T.Spears,RB,TEN,IND,0,0,0.0,0,0.0,0.0,0.0,6,27.0,0,0,0,0.0,0,2.7,2.7,,,71.0,195.0,23.401588235294117,1.0,Tulane,2023.0,2023.0,TEN,81.0,-3.0,
2024,10,00-0039032,T.Spears,RB,TEN,LAC,0,0,0.0,0,0.0,0.0,0.0,7,47.0,0,3,3,4.0,0,5.1,8.1,,,71.0,195.0,23.401588235294117,1.0,Tulane,2023.0,2023.0,TEN,81.0,,0.13043478
2024,11,00-0039032,T.Spears,RB,TEN,MIN,0,0,0.0,0,0.0,0.0,0.0,3,0.0,0,3,2,8.0,0,0.8,2.8,,,71.0,195.0,23.401588235294117,1.0,Tulane,2023.0,2023.0,TEN,81.0,-10.0,0.10344828
2024,13,00-0039032,T.Spears,RB,TEN,WAS,0,0,0.0,0,0.0,0.0,0.0,1,3.0,0,0,0,0.0,0,0.3,0.3,,,71.0,195.0,23.401588235294117,1.0,Tulane,2023.0,2023.0,TEN,81.0,,
2024,14,00-0039032,T.Spears,RB,TEN,JAX,0,0,0.0,0,0.0,0.0,0.0,6,21.0,0,2,1,2.0,0,2.3,3.3,,,71.0,195.0,23.401588235294117,1.0,Tulane,2023.0,2023.0,TEN,81.0,-4.0,0.0625
2024,15,00-0039032,T.Spears,RB,TEN,CIN,0,0,0.0,0,0.0,0.0,0.0,4,5.0,1,7,6,87.0,1,21.2,27.2,,,71.0,195.0,23.401588235294117,1.0,Tulane,2023.0,2023.0,TEN,81.0,-10.0,0.1891892
2024,16,00-0039032,T.Spears,RB,TEN,IND,0,0,0.0,0,0.0,0.0,0.0,10,27.0,2,4,3,39.0,0,18.6,21.6,,,71.0,195.0,23.401588235294117,1.0,Tulane,2023.0,2023.0,TEN,81.0,,0.121212125
2024,17,00-0039032,T.Spears,RB,TEN,JAX,0,0,0.0,0,0.0,0.0,0.0,20,95.0,0,4,3,8.0,0,10.3,13.3,,,71.0,195.0,23.401588235294117,1.0,Tulane,2023.0,2023.0,TEN,81.0,,0.13333334
2024,1,00-0039040,D.Achane,RB,MIA,JAX,0,0,0.0,0,0.0,0.0,0.0,10,24.0,1,7,7,76.0,0,16.0,23.0,,,69.0,185.0,23.071117647058824,1.0,Texas A&amp;M,2023.0,2023.0,MIA,84.0,3.0,0.19444445
2024,2,00-0039040,D.Achane,RB,MIA,BUF,0,0,0.0,0,0.0,0.0,0.0,22,96.0,0,7,7,69.0,1,22.5,29.5,,,69.0,185.0,23.071117647058824,1.0,Texas A&amp;M,2023.0,2023.0,MIA,84.0,-21.0,0.1891892
2024,3,00-0039040,D.Achane,RB,MIA,SEA,0,0,0.0,0,0.0,0.0,0.0,11,30.0,0,5,3,28.0,0,5.8,8.8,,,69.0,185.0,23.071117647058824,1.0,Texas A&amp;M,2023.0,2023.0,MIA,84.0,,0.16129032
2024,4,00-0039040,D.Achane,RB,MIA,TEN,0,0,0.0,0,0.0,0.0,0.0,10,15.0,0,3,3,14.0,0,2.9,5.9,,,69.0,185.0,23.071117647058824,1.0,Texas A&amp;M,2023.0,2023.0,MIA,84.0,-19.0,0.14285715
2024,5,00-0039040,D.Achane,RB,MIA,NE,0,0,0.0,0,0.0,0.0,0.0,3,18.0,0,1,1,-1.0,0,1.7,2.7,,,69.0,185.0,23.071117647058824,1.0,Texas A&amp;M,2023.0,2023.0,MIA,84.0,,0.032258064
2024,7,00-0039040,D.Achane,RB,MIA,IND,0,0,0.0,0,0.0,0.0,0.0,15,77.0,0,3,2,8.0,0,8.5,10.5,,,69.0,185.0,23.071117647058824,1.0,Texas A&amp;M,2023.0,2023.0,MIA,84.0,,0.13636364
2024,8,00-0039040,D.Achane,RB,MIA,ARI,0,0,0.0,0,0.0,0.0,0.0,10,97.0,0,8,6,50.0,1,20.7,26.7,,,69.0,185.0,23.071117647058824,1.0,Texas A&amp;M,2023.0,2023.0,MIA,84.0,-1.0,0.21052632
2024,9,00-0039040,D.Achane,RB,MIA,BUF,0,0,0.0,0,0.0,0.0,0.0,12,63.0,1,8,8,58.0,1,24.1,32.1,,,69.0,185.0,23.071117647058824,1.0,Texas A&amp;M,2023.0,2023.0,MIA,84.0,,0.2962963
2024,10,00-0039040,D.Achane,RB,MIA,LA,0,0,0.0,0,0.0,0.0,0.0,12,37.0,0,5,5,15.0,0,5.2,10.2,,,69.0,185.0,23.071117647058824,1.0,Texas A&amp;M,2023.0,2023.0,MIA,84.0,,0.17857143
2024,11,00-0039040,D.Achane,RB,MIA,LV,0,0,0.0,0,0.0,0.0,0.0,17,73.0,1,4,4,32.0,0,16.5,20.5,,,69.0,185.0,23.071117647058824,1.0,Texas A&amp;M,2023.0,2023.0,MIA,84.0,15.0,0.114285715
2024,12,00-0039040,D.Achane,RB,MIA,NE,0,0,0.0,0,0.0,0.0,0.0,10,32.0,0,4,3,24.0,2,17.6,20.6,,,69.0,185.0,23.071117647058824,1.0,Texas A&amp;M,2023.0,2023.0,MIA,84.0,19.0,0.1
2024,13,00-0039040,D.Achane,RB,MIA,GB,0,0,0.0,0,0.0,0.0,0.0,7,14.0,0,9,8,56.0,1,13.0,21.0,,,69.0,185.0,23.071117647058824,1.0,Texas A&amp;M,2023.0,2023.0,MIA,84.0,,0.19565217
2024,14,00-0039040,D.Achane,RB,MIA,NYJ,0,0,0.0,0,0.0,0.0,0.0,14,24.0,1,7,6,45.0,0,12.9,18.9,,,69.0,185.0,23.071117647058824,1.0,Texas A&amp;M,2023.0,2023.0,MIA,84.0,6.0,0.15555556
2024,15,00-0039040,D.Achane,RB,MIA,HOU,0,0,0.0,0,0.0,0.0,0.0,12,41.0,0,7,7,35.0,0,7.6,14.6,,,69.0,185.0,23.071117647058824,1.0,Texas A&amp;M,2023.0,2023.0,MIA,84.0,,0.17948718
2024,16,00-0039040,D.Achane,RB,MIA,SF,0,0,0.0,0,0.0,0.0,0.0,17,120.0,1,7,6,70.0,0,25.0,31.0,,,69.0,185.0,23.071117647058824,1.0,Texas A&amp;M,2023.0,2023.0,MIA,84.0,12.0,0.22580644
2024,17,00-0039040,D.Achane,RB,MIA,CLE,0,0,0.0,0,0.0,0.0,0.0,10,25.0,0,2,2,13.0,0,3.8,5.8,,,69.0,185.0,23.071117647058824,1.0,Texas A&amp;M,2023.0,2023.0,MIA,84.0,,0.083333336
2024,18,00-0039040,D.Achane,RB,MIA,NYJ,0,0,0.0,0,0.0,0.0,0.0,11,121.0,1,0,0,0.0,0,18.1,18.1,,,69.0,185.0,23.071117647058824,1.0,Texas A&amp;M,2023.0,2023.0,MIA,84.0,,
2024,1,00-0039041,E.Higgins,TE,ARI,BUF,0,0,0.0,0,0.0,0.0,0.0,0,0.0,0,2,2,12.0,0,1.2,3.2,,,75.0,234.0,24.027117647058823,1.0,Stanford,2023.0,2023.0,MIA,197.0,,0.06451613
2024,2,00-0039041,E.Higgins,TE,ARI,LA,0,0,0.0,0,0.0,0.0,0.0,0,0.0,0,1,1,18.0,1,7.8,8.8,,,75.0,234.0,24.027117647058823,1.0,Stanford,2023.0,2023.0,MIA,197.0,31.0,0.04761905
2024,3,00-0039041,E.Higgins,TE,ARI,DET,0,0,0.0,0,0.0,0.0,0.0,0,0.0,0,1,1,11.0,0,1.1,2.1,,,75.0,234.0,24.027117647058823,1.0,Stanford,2023.0,2023.0,MIA,197.0,-7.0,0.029411765
2024,4,00-0039041,E.Higgins,TE,ARI,WAS,0,0,0.0,0,0.0,0.0,0.0,0,0.0,0,3,2,12.0,0,1.2,3.2,,,75.0,234.0,24.027117647058823,1.0,Stanford,2023.0,2023.0,MIA,197.0,-28.0,0.13636364
2024,5,00-0039041,E.Higgins,TE,ARI,SF,0,0,0.0,0,0.0,0.0,0.0,0,0.0,0,1,1,2.0,1,6.2,7.2,,,75.0,234.0,24.027117647058823,1.0,Stanford,2023.0,2023.0,MIA,197.0,,0.033333335
2024,7,00-0039041,E.Higgins,TE,ARI,LAC,0,0,0.0,0,0.0,0.0,0.0,0,0.0,0,1,1,1.0,0,0.1,1.1,,,75.0,234.0,24.027117647058823,1.0,Stanford,2023.0,2023.0,MIA,197.0,2.0,0.04
2024,8,00-0039041,E.Higgins,TE,ARI,MIA,0,0,0.0,0,0.0,0.0,0.0,0,0.0,0,2,2,13.0,0,1.3,3.3,,,75.0,234.0,24.027117647058823,1.0,Stanford,2023.0,2023.0,MIA,197.0,,0.060606062
2024,9,00-0039041,E.Higgins,TE,ARI,CHI,0,0,0.0,0,0.0,0.0,0.0,0,0.0,0,2,2,34.0,0,3.4,5.4,,,75.0,234.0,24.027117647058823,1.0,Stanford,2023.0,2023.0,MIA,197.0,20.0,0.10526316
2024,10,00-0039041,E.Higgins,TE,ARI,NYJ,0,0,0.0,0,0.0,0.0,0.0,0,0.0,0,2,2,13.0,0,1.3,3.3,,,75.0,234.0,24.027117647058823,1.0,Stanford,2023.0,2023.0,MIA,197.0,25.0,0.083333336
2024,12,00-0039041,E.Higgins,TE,ARI,SEA,0,0,0.0,0,0.0,0.0,0.0,0,0.0,0,2,1,5.0,0,0.5,1.5,,,75.0,234.0,24.027117647058823,1.0,Stanford,2023.0,2023.0,MIA,197.0,,0.05882353
2024,13,00-0039041,E.Higgins,TE,ARI,MIN,0,0,0.0,0,0.0,0.0,0.0,0,0.0,0,2,2,23.0,0,2.3,4.3,,,75.0,234.0,24.027117647058823,1.0,Stanford,2023.0,2023.0,MIA,197.0,,0.046511628
2024,15,00-0039041,E.Higgins,TE,ARI,NE,0,0,0.0,0,0.0,0.0,0.0,0,0.0,0,1,1,5.0,0,0.5,1.5,,,75.0,234.0,24.027117647058823,1.0,Stanford,2023.0,2023.0,MIA,197.0,13.0,0.032258064
2024,16,00-0039041,E.Higgins,TE,ARI,CAR,0,0,0.0,0,0.0,0.0,0.0,0,0.0,0,1,0,0.0,0,0.0,0.0,,,75.0,234.0,24.027117647058823,1.0,Stanford,2023.0,2023.0,MIA,197.0,,0.03448276
2024,17,00-0039041,E.Higgins,TE,ARI,LA,0,0,0.0,0,0.0,0.0,0.0,0,0.0,0,3,2,23.0,0,2.3,4.3,,,75.0,234.0,24.027117647058823,1.0,Stanford,2023.0,2023.0,MIA,197.0,,0.06666667
2024,3,00-0039050,P.Durham,TE,TB,DEN,0,0,0.0,0,0.0,0.0,0.0,0,0.0,0,1,1,8.0,0,0.8,1.8,,,77.0,255.0,24.40405555555556,1.0,Purdue,2023.0,2023.0,TB,171.0,-19.0,0.03125
2024,12,00-0039050,P.Durham,TE,TB,NYG,0,0,0.0,0,0.0,0.0,0.0,0,0.0,0,1,1,26.0,0,2.6,3.6,,,77.0,255.0,24.40405555555556,1.0,Purdue,2023.0,2023.0,TB,171.0,,0.033333335
2024,16,00-0039050,P.Durham,TE,TB,DAL,0,0,0.0,0,0.0,0.0,0.0,0,0.0,0,7,5,29.0,0,2.9,7.9,,,77.0,255.0,24.40405555555556,1.0,Purdue,2023.0,2023.0,TB,171.0,,0.1627907
2024,17,00-0039050,P.Durham,TE,TB,CAR,0,0,0.0,0,0.0,0.0,0.0,0,0.0,0,3,2,36.0,1,9.6,11.6,,,77.0,255.0,24.40405555555556,1.0,Purdue,2023.0,2023.0,TB,171.0,34.0,0.09375
2024,18,00-0039050,P.Durham,TE,TB,NO,0,0,0.0,0,0.0,0.0,0.0,0,0.0,0,2,2,16.0,1,7.6,9.6,,,77.0,255.0,24.40405555555556,1.0,Purdue,2023.0,2023.0,TB,171.0,8.0,0.06451613
2024,1,00-0039052,T.Palmer,WR,TB,WAS,0,0,0.0,0,0.0,0.0,0.0,0,0.0,0,2,1,19.0,0,1.9,2.9,,,73.0,190.0,23.607166666666664,1.0,Nebraska,2023.0,2023.0,TB,191.0,17.0,0.06666667
2024,3,00-0039052,T.Palmer,WR,TB,DEN,0,0,0.0,0,0.0,0.0,0.0,0,0.0,0,1,0,0.0,0,0.0,0.0,,,73.0,190.0,23.607166666666664,1.0,Nebraska,2023.0,2023.0,TB,191.0,-19.0,0.03125
2024,4,00-0039052,T.Palmer,WR,TB,PHI,0,0,0.0,0,0.0,0.0,0.0,0,0.0,0,3,3,26.0,1,8.6,11.6,,,73.0,190.0,23.607166666666664,1.0,Nebraska,2023.0,2023.0,TB,191.0,17.0,0.06382979
2024,7,00-0039052,T.Palmer,WR,TB,BAL,0,0,0.0,0,0.0,0.0,0.0,0,0.0,0,3,1,16.0,0,1.6,2.6,,,73.0,190.0,23.607166666666664,1.0,Nebraska,2023.0,2023.0,TB,191.0,-10.0,0.06666667
2024,8,00-0039052,T.Palmer,WR,TB,ATL,0,0,0.0,0,0.0,0.0,0.0,0,0.0,0,2,2,29.0,0,2.9,4.9,,,73.0,190.0,23.607166666666664,1.0,Nebraska,2023.0,2023.0,TB,191.0,-5.0,0.04347826
2024,9,00-0039052,T.Palmer,WR,TB,KC,0,0,0.0,0,0.0,0.0,0.0,0,0.0,0,4,2,33.0,0,3.3,5.3,,,73.0,190.0,23.607166666666664,1.0,Nebraska,2023.0,2023.0,TB,191.0,,0.12903225
2024,10,00-0039052,T.Palmer,WR,TB,SF,0,0,0.0,0,0.0,0.0,0.0,0,0.0,0,1,0,0.0,0,0.0,0.0,,,73.0,190.0,23.607166666666664,1.0,Nebraska,2023.0,2023.0,TB,191.0,-3.0,0.03448276
2024,12,00-0039052,T.Palmer,WR,TB,NYG,0,0,0.0,0,0.0,0.0,0.0,0,0.0,0,1,1,18.0,0,1.8,2.8,,,73.0,190.0,23.607166666666664,1.0,Nebraska,2023.0,2023.0,TB,191.0,,0.033333335
2024,13,00-0039052,T.Palmer,WR,TB,CAR,0,0,0.0,0,0.0,0.0,0.0,0,0.0,0,1,0,0.0,0,0.0,0.0,,,73.0,190.0,23.607166666666664,1.0,Nebraska,2023.0,2023.0,TB,191.0,,0.029411765
2024,16,00-0039052,T.Palmer,WR,TB,DAL,0,0,0.0,0,0.0,0.0,0.0,0,0.0,0,4,2,31.0,0,3.1,5.1,,,73.0,190.0,23.607166666666664,1.0,Nebraska,2023.0,2023.0,TB,191.0,,0.093023255
2024,1,00-0039062,J.Mingo,WR,CAR,NO,0,0,0.0,0,0.0,0.0,0.0,1,3.0,0,5,2,40.0,0,2.3,4.3,,,74.0,225.0,23.549500000000002,1.0,Mississippi,2023.0,2023.0,CAR,39.0,,0.1724138
2024,2,00-0039062,J.Mingo,WR,CAR,LAC,0,0,0.0,0,0.0,0.0,0.0,0,0.0,0,2,1,1.0,0,0.1,1.1,,,74.0,225.0,23.549500000000002,1.0,Mississippi,2023.0,2023.0,CAR,39.0,-23.0,0.07692308
2024,3,00-0039062,J.Mingo,WR,CAR,LV,0,0,0.0,0,0.0,0.0,0.0,1,2.0,0,4,3,18.0,0,2.0,5.0,,,74.0,225.0,23.549500000000002,1.0,Mississippi,2023.0,2023.0,CAR,39.0,,0.10810811
2024,4,00-0039062,J.Mingo,WR,CAR,CIN,0,0,0.0,0,0.0,0.0,0.0,0,0.0,0,5,3,24.0,0,2.4,5.4,,,74.0,225.0,23.549500000000002,1.0,Mississippi,2023.0,2023.0,CAR,39.0,-10.0,0.125
2024,5,00-0039062,J.Mingo,WR,CAR,CHI,0,0,0.0,0,0.0,0.0,0.0,0,0.0,0,5,2,37.0,0,3.7,5.7,,,74.0,225.0,23.549500000000002,1.0,Mississippi,2023.0,2023.0,CAR,39.0,,0.15151516
2024,6,00-0039062,J.Mingo,WR,CAR,ATL,0,0,0.0,0,0.0,0.0,0.0,0,0.0,0,1,1,1.0,0,0.1,1.1,,,74.0,225.0,23.549500000000002,1.0,Mississippi,2023.0,2023.0,CAR,39.0,-18.0,0.027027028
2024,8,00-0039062,J.Mingo,WR,CAR,DEN,0,0,0.0,0,0.0,0.0,0.0,0,0.0,0,3,0,0.0,0,0.0,0.0,,,74.0,225.0,23.549500000000002,1.0,Mississippi,2023.0,2023.0,CAR,39.0,,0.08571429
2024,9,00-0039062,J.Mingo,WR,CAR,NO,0,0,0.0,0,0.0,0.0,0.0,0,0.0,0,1,0,0.0,0,0.0,0.0,,,74.0,225.0,23.549500000000002,1.0,Mississippi,2023.0,2023.0,CAR,39.0,1.0,0.041666668
2024,11,00-0039062,J.Mingo,WR,DAL,HOU,0,0,0.0,0,0.0,0.0,0.0,0,0.0,0,4,0,0.0,0,0.0,0.0,,,74.0,225.0,23.549500000000002,1.0,Mississippi,2023.0,2023.0,CAR,39.0,-24.0,0.074074075
2024,12,00-0039062,J.Mingo,WR,DAL,WAS,0,0,0.0,0,0.0,0.0,0.0,0,0.0,0,2,1,8.0,0,0.8,1.8,,,74.0,225.0,23.549500000000002,1.0,Mississippi,2023.0,2023.0,CAR,39.0,,0.0625
2024,13,00-0039062,J.Mingo,WR,DAL,NYG,0,0,0.0,0,0.0,0.0,0.0,0,0.0,0,4,1,2.0,0,0.2,1.2,,,74.0,225.0,23.549500000000002,1.0,Mississippi,2023.0,2023.0,CAR,39.0,7.0,0.11111111
2024,14,00-0039062,J.Mingo,WR,DAL,CIN,0,0,0.0,0,0.0,0.0,0.0,0,0.0,0,1,0,0.0,0,0.0,0.0,,,74.0,225.0,23.549500000000002,1.0,Mississippi,2023.0,2023.0,CAR,39.0,-7.0,0.032258064
2024,17,00-0039062,J.Mingo,WR,DAL,PHI,0,0,0.0,0,0.0,0.0,0.0,0,0.0,0,3,1,12.0,0,1.2,2.2,,,74.0,225.0,23.549500000000002,1.0,Mississippi,2023.0,2023.0,CAR,39.0,,0.10344828
2024,18,00-0039062,J.Mingo,WR,DAL,WAS,0,0,0.0,0,0.0,0.0,0.0,0,0.0,0,2,2,24.0,0,2.4,4.4,,,74.0,225.0,23.549500000000002,1.0,Mississippi,2023.0,2023.0,CAR,39.0,-4.0,0.060606062
2024,1,00-0039064,Z.Flowers,WR,BAL,KC,0,0,0.0,0,0.0,0.0,0.0,2,14.0,0,10,6,37.0,0,5.1,11.1,,,69.0,172.0,24.168736842105265,1.0,Boston College,2023.0,2023.0,BAL,22.0,,0.25
2024,2,00-0039064,Z.Flowers,WR,BAL,LV,0,0,0.0,0,0.0,0.0,0.0,0,0.0,0,11,7,91.0,1,15.1,22.1,,,69.0,172.0,24.168736842105265,1.0,Boston College,2023.0,2023.0,BAL,22.0,-3.0,0.3548387
2024,3,00-0039064,Z.Flowers,WR,BAL,DAL,0,0,0.0,0,0.0,0.0,0.0,1,3.0,0,4,3,20.0,0,2.3,5.3,,,69.0,172.0,24.168736842105265,1.0,Boston College,2023.0,2023.0,BAL,22.0,,0.26666668
2024,4,00-0039064,Z.Flowers,WR,BAL,BUF,0,0,0.0,0,0.0,0.0,0.0,0,0.0,0,2,1,10.0,0,1.0,2.0,,,69.0,172.0,24.168736842105265,1.0,Boston College,2023.0,2023.0,BAL,22.0,25.0,0.11111111
2024,5,00-0039064,Z.Flowers,WR,BAL,CIN,0,0,0.0,0,0.0,0.0,0.0,1,9.0,0,12,7,111.0,0,12.0,19.0,,,69.0,172.0,24.168736842105265,1.0,Boston College,2023.0,2023.0,BAL,22.0,,0.29268292
2024,6,00-0039064,Z.Flowers,WR,BAL,WAS,0,0,0.0,0,0.0,0.0,0.0,1,2.0,0,9,9,132.0,0,13.4,22.4,,,69.0,172.0,24.168736842105265,1.0,Boston College,2023.0,2023.0,BAL,22.0,7.0,0.36
2024,7,00-0039064,Z.Flowers,WR,BAL,TB,0,0,0.0,0,0.0,0.0,0.0,1,19.0,0,1,1,11.0,0,3.0,4.0,,,69.0,172.0,24.168736842105265,1.0,Boston College,2023.0,2023.0,BAL,22.0,,0.04761905
2024,8,00-0039064,Z.Flowers,WR,BAL,CLE,0,0,0.0,0,0.0,0.0,0.0,0,0.0,0,12,7,115.0,0,11.5,18.5,,,69.0,172.0,24.168736842105265,1.0,Boston College,2023.0,2023.0,BAL,22.0,,0.34285715
2024,9,00-0039064,Z.Flowers,WR,BAL,DEN,0,0,0.0,0,0.0,0.0,0.0,0,0.0,0,6,5,127.0,2,24.7,29.7,,,69.0,172.0,24.168736842105265,1.0,Boston College,2023.0,2023.0,BAL,22.0,31.0,0.31578946
2024,10,00-0039064,Z.Flowers,WR,BAL,CIN,0,0,0.0,0,0.0,0.0,0.0,0,0.0,0,6,4,34.0,0,3.4,7.4,,,69.0,172.0,24.168736842105265,1.0,Boston College,2023.0,2023.0,BAL,22.0,1.0,0.1875
2024,11,00-0039064,Z.Flowers,WR,BAL,PIT,0,0,0.0,0,0.0,0.0,0.0,0,0.0,0,6,2,39.0,1,9.9,11.9,,,69.0,172.0,24.168736842105265,1.0,Boston College,2023.0,2023.0,BAL,22.0,,0.19354838
2024,12,00-0039064,Z.Flowers,WR,BAL,LAC,0,0,0.0,0,0.0,0.0,0.0,0,0.0,0,8,5,62.0,0,6.2,11.2,,,69.0,172.0,24.168736842105265,1.0,Boston College,2023.0,2023.0,BAL,22.0,,0.3809524
2024,13,00-0039064,Z.Flowers,WR,BAL,PHI,0,0,0.0,0,0.0,0.0,0.0,1,-3.0,0,7,3,74.0,0,7.1,10.1,,,69.0,172.0,24.168736842105265,1.0,Boston College,2023.0,2023.0,BAL,22.0,-5.0,0.2
2024,15,00-0039064,Z.Flowers,WR,BAL,NYG,0,0,0.0,0,0.0,0.0,0.0,0,0.0,0,7,6,53.0,0,5.3,11.3,,,69.0,172.0,24.168736842105265,1.0,Boston College,2023.0,2023.0,BAL,22.0,,0.29166666
2024,16,00-0039064,Z.Flowers,WR,BAL,PIT,0,0,0.0,0,0.0,0.0,0.0,1,3.0,0,8,5,100.0,0,10.3,15.3,,,69.0,172.0,24.168736842105265,1.0,Boston College,2023.0,2023.0,BAL,22.0,17.0,0.3478261
2024,17,00-0039064,Z.Flowers,WR,BAL,HOU,0,0,0.0,0,0.0,0.0,0.0,0,0.0,0,5,2,31.0,0,3.1,5.1,,,69.0,172.0,24.168736842105265,1.0,Boston College,2023.0,2023.0,BAL,22.0,,0.3125
2024,18,00-0039064,Z.Flowers,WR,BAL,CLE,0,0,0.0,0,0.0,0.0,0.0,1,9.0,0,2,1,12.0,0,2.1,3.1,,,69.0,172.0,24.168736842105265,1.0,Boston College,2023.0,2023.0,BAL,22.0,25.0,0.06666667
2024,1,00-0039065,S.LaPorta,TE,DET,LA,0,0,0.0,0,0.0,0.0,0.0,0,0.0,0,5,4,45.0,0,4.5,8.5,,,75.0,249.0,23.83311111111111,1.0,Iowa,2023.0,2023.0,DET,34.0,6.0,0.17857143
2024,2,00-0039065,S.LaPorta,TE,DET,TB,0,0,0.0,0,0.0,0.0,0.0,0,0.0,0,3,2,13.0,0,1.3,3.3,,,75.0,249.0,23.83311111111111,1.0,Iowa,2023.0,2023.0,DET,34.0,-4.0,0.056603774
2024,3,00-0039065,S.LaPorta,TE,DET,ARI,0,0,0.0,0,0.0,0.0,0.0,0,0.0,0,2,2,36.0,0,3.6,5.6,,,75.0,249.0,23.83311111111111,1.0,Iowa,2023.0,2023.0,DET,34.0,,0.09090909
2024,4,00-0039065,S.LaPorta,TE,DET,SEA,0,0,0.0,0,0.0,0.0,0.0,0,0.0,0,4,4,53.0,0,5.3,9.3,,,75.0,249.0,23.83311111111111,1.0,Iowa,2023.0,2023.0,DET,34.0,13.0,0.21052632
2024,6,00-0039065,S.LaPorta,TE,DET,DAL,0,0,0.0,0,0.0,0.0,0.0,0,0.0,0,1,1,52.0,1,11.2,12.2,,,75.0,249.0,23.83311111111111,1.0,Iowa,2023.0,2023.0,DET,34.0,,0.037037037
2024,7,00-0039065,S.LaPorta,TE,DET,MIN,0,0,0.0,0,0.0,0.0,0.0,0,0.0,0,2,1,25.0,0,2.5,3.5,,,75.0,249.0,23.83311111111111,1.0,Iowa,2023.0,2023.0,DET,34.0,,0.08
2024,8,00-0039065,S.LaPorta,TE,DET,TEN,0,0,0.0,0,0.0,0.0,0.0,0,0.0,0,6,6,48.0,1,10.8,16.8,,,75.0,249.0,23.83311111111111,1.0,Iowa,2023.0,2023.0,DET,34.0,38.0,0.33333334
2024,9,00-0039065,S.LaPorta,TE,DET,GB,0,0,0.0,0,0.0,0.0,0.0,0,0.0,0,3,2,28.0,0,2.8,4.8,,,75.0,249.0,23.83311111111111,1.0,Iowa,2023.0,2023.0,DET,34.0,,0.15
2024,10,00-0039065,S.LaPorta,TE,DET,HOU,0,0,0.0,0,0.0,0.0,0.0,0,0.0,0,6,3,66.0,1,12.6,15.6,,,75.0,249.0,23.83311111111111,1.0,Iowa,2023.0,2023.0,DET,34.0,,0.25
2024,12,00-0039065,S.LaPorta,TE,DET,IND,0,0,0.0,0,0.0,0.0,0.0,0,0.0,0,6,3,19.0,0,1.9,4.9,,,75.0,249.0,23.83311111111111,1.0,Iowa,2023.0,2023.0,DET,34.0,,0.18181819
2024,13,00-0039065,S.LaPorta,TE,DET,CHI,0,0,0.0,0,0.0,0.0,0.0,0,0.0,0,6,3,6.0,2,12.6,15.6,,,75.0,249.0,23.83311111111111,1.0,Iowa,2023.0,2023.0,DET,34.0,3.0,0.19354838
2024,14,00-0039065,S.LaPorta,TE,DET,GB,0,0,0.0,0,0.0,0.0,0.0,0,0.0,0,7,5,54.0,0,5.4,10.4,,,75.0,249.0,23.83311111111111,1.0,Iowa,2023.0,2023.0,DET,34.0,3.0,0.175
2024,15,00-0039065,S.LaPorta,TE,DET,BUF,0,0,0.0,0,0.0,0.0,0.0,0,0.0,0,10,7,111.0,0,11.1,18.1,,,75.0,249.0,23.83311111111111,1.0,Iowa,2023.0,2023.0,DET,34.0,-6.0,0.18518518
2024,16,00-0039065,S.LaPorta,TE,DET,CHI,0,0,0.0,0,0.0,0.0,0.0,0,0.0,0,7,4,43.0,1,10.3,14.3,,,75.0,249.0,23.83311111111111,1.0,Iowa,2023.0,2023.0,DET,34.0,,0.21875
2024,17,00-0039065,S.LaPorta,TE,DET,SF,0,0,0.0,0,0.0,0.0,0.0,0,0.0,0,8,6,64.0,1,12.4,18.4,,,75.0,249.0,23.83311111111111,1.0,Iowa,2023.0,2023.0,DET,34.0,,0.24242425
2024,18,00-0039065,S.LaPorta,TE,DET,MIN,0,0,0.0,0,0.0,0.0,0.0,0,0.0,0,7,7,63.0,0,6.3,13.3,,,75.0,249.0,23.83311111111111,1.0,Iowa,2023.0,2023.0,DET,34.0,22.0,0.21875
2024,20,00-0039065,S.LaPorta,TE,DET,WAS,0,0,0.0,0,0.0,0.0,0.0,0,0.0,0,7,6,51.0,1,11.1,17.1,,,75.0,249.0,23.83311111111111,1.0,Iowa,2023.0,2023.0,DET,34.0,-14.0,0.17948718
2024,1,00-0039066,M.Mayer,TE,LV,LAC,0,0,0.0,0,0.0,0.0,0.0,0,0.0,0,3,2,3.0,0,0.3,2.3,,,76.0,265.0,23.338117647058823,1.0,Notre Dame,2023.0,2023.0,LV,35.0,,0.09375
2024,2,00-0039066,M.Mayer,TE,LV,BAL,0,0,0.0,0,0.0,0.0,0.0,0,0.0,0,1,1,11.0,0,1.1,2.1,,,76.0,265.0,23.338117647058823,1.0,Notre Dame,2023.0,2023.0,LV,35.0,,0.027777778
2024,3,00-0039066,M.Mayer,TE,LV,CAR,0,0,0.0,0,0.0,0.0,0.0,0,0.0,0,3,1,7.0,0,0.7,1.7,,,76.0,265.0,23.338117647058823,1.0,Notre Dame,2023.0,2023.0,LV,35.0,-14.0,0.07692308
2024,11,00-0039066,M.Mayer,TE,LV,MIA,0,0,0.0,0,0.0,0.0,0.0,0,0.0,0,3,1,5.0,0,0.5,1.5,,,76.0,265.0,23.338117647058823,1.0,Notre Dame,2023.0,2023.0,LV,35.0,,0.07692308
2024,12,00-0039066,M.Mayer,TE,LV,DEN,0,0,0.0,0,0.0,0.0,0.0,0,0.0,0,2,2,11.0,0,1.1,3.1,,,76.0,265.0,23.338117647058823,1.0,Notre Dame,2023.0,2023.0,LV,35.0,-10.0,0.04347826
2024,13,00-0039066,M.Mayer,TE,LV,KC,0,0,0.0,0,0.0,0.0,0.0,0,0.0,0,2,1,5.0,0,0.5,1.5,,,76.0,265.0,23.338117647058823,1.0,Notre Dame,2023.0,2023.0,LV,35.0,,0.05882353
2024,14,00-0039066,M.Mayer,TE,LV,TB,0,0,0.0,0,0.0,0.0,0.0,0,0.0,0,9,7,68.0,0,6.8,13.8,,,76.0,265.0,23.338117647058823,1.0,Notre Dame,2023.0,2023.0,LV,35.0,,0.25714287
2024,15,00-0039066,M.Mayer,TE,LV,ATL,0,0,0.0,0,0.0,0.0,0.0,0,0.0,0,2,1,11.0,0,1.1,2.1,,,76.0,265.0,23.338117647058823,1.0,Notre Dame,2023.0,2023.0,LV,35.0,-6.0,0.05882353
2024,16,00-0039066,M.Mayer,TE,LV,JAX,0,0,0.0,0,0.0,0.0,0.0,0,0.0,0,1,0,0.0,0,0.0,0.0,,,76.0,265.0,23.338117647058823,1.0,Notre Dame,2023.0,2023.0,LV,35.0,5.0,0.027027028
2024,17,00-0039066,M.Mayer,TE,LV,NO,0,0,0.0,0,0.0,0.0,0.0,0,0.0,0,2,1,14.0,0,1.4,2.4,,,76.0,265.0,23.338117647058823,1.0,Notre Dame,2023.0,2023.0,LV,35.0,,0.057142857
2024,18,00-0039066,M.Mayer,TE,LV,LAC,0,0,0.0,0,0.0,0.0,0.0,0,0.0,0,4,4,21.0,0,2.1,6.1,,,76.0,265.0,23.338117647058823,1.0,Notre Dame,2023.0,2023.0,LV,35.0,-14.0,0.11764706
2024,1,00-0039067,R.Rice,WR,KC,BAL,0,0,0.0,0,0.0,0.0,0.0,0,0.0,0,9,7,103.0,0,10.3,17.3,,,73.0,203.0,24.5796,1.0,Southern Methodist,2023.0,2023.0,KC,55.0,7.0,0.33333334
2024,2,00-0039067,R.Rice,WR,KC,CIN,0,0,0.0,0,0.0,0.0,0.0,0,0.0,0,6,5,75.0,1,13.5,18.5,,,73.0,203.0,24.5796,1.0,Southern Methodist,2023.0,2023.0,KC,55.0,1.0,0.26086956
2024,3,00-0039067,R.Rice,WR,KC,ATL,0,0,0.0,0,0.0,0.0,0.0,1,1.0,0,14,12,110.0,1,17.1,29.1,,,73.0,203.0,24.5796,1.0,Southern Methodist,2023.0,2023.0,KC,55.0,,0.3888889
2024,1,00-0039074,D.Allen,TE,LA,DET,0,0,0.0,0,0.0,0.0,0.0,0,0.0,0,1,0,0.0,0,0.0,0.0,,,78.0,250.0,23.780736842105263,1.0,Clemson,2023.0,2023.0,LA,175.0,,0.020833334
2024,5,00-0039074,D.Allen,TE,LA,GB,0,0,0.0,0,0.0,0.0,0.0,0,0.0,0,1,0,0.0,0,0.0,0.0,,,78.0,250.0,23.780736842105263,1.0,Clemson,2023.0,2023.0,LA,175.0,-5.0,0.022222223
2024,9,00-0039074,D.Allen,TE,LA,SEA,0,0,0.0,0,0.0,0.0,0.0,0,0.0,0,3,1,5.0,0,0.5,1.5,,,78.0,250.0,23.780736842105263,1.0,Clemson,2023.0,2023.0,LA,175.0,,0.071428575
2024,10,00-0039074,D.Allen,TE,LA,MIA,0,0,0.0,0,0.0,0.0,0.0,0,0.0,0,6,5,34.0,0,3.4,8.4,,,78.0,250.0,23.780736842105263,1.0,Clemson,2023.0,2023.0,LA,175.0,-8.0,0.13636364
2024,12,00-0039074,D.Allen,TE,LA,PHI,0,0,0.0,0,0.0,0.0,0.0,0,0.0,0,1,0,0.0,0,0.0,0.0,,,78.0,250.0,23.780736842105263,1.0,Clemson,2023.0,2023.0,LA,175.0,-17.0,0.029411765
2024,17,00-0039074,D.Allen,TE,LA,ARI,0,0,0.0,0,0.0,0.0,0.0,0,0.0,0,1,0,0.0,0,0.0,0.0,,,78.0,250.0,23.780736842105263,1.0,Clemson,2023.0,2023.0,LA,175.0,4.0,0.035714287
2024,19,00-0039074,D.Allen,TE,LA,MIN,0,0,0.0,0,0.0,0.0,0.0,0,0.0,0,2,1,13.0,1,7.3,8.3,,,78.0,250.0,23.780736842105263,1.0,Clemson,2023.0,2023.0,LA,175.0,18.0,0.07692308
2024,1,00-0039075,P.Nacua,WR,LA,DET,0,0,0.0,0,0.0,0.0,0.0,1,7.0,0,4,4,35.0,0,4.2,8.2,,,74.0,205.0,23.465842105263157,1.0,Brigham Young,2023.0,2023.0,LA,177.0,,0.083333336
2024,8,00-0039075,P.Nacua,WR,LA,MIN,0,0,0.0,0,0.0,0.0,0.0,2,5.0,0,9,7,106.0,0,11.1,18.1,,,74.0,205.0,23.465842105263157,1.0,Brigham Young,2023.0,2023.0,LA,177.0,10.0,0.2647059
2024,9,00-0039075,P.Nacua,WR,LA,SEA,0,0,0.0,0,0.0,0.0,0.0,0,0.0,0,4,1,11.0,0,1.1,2.1,,,74.0,205.0,23.465842105263157,1.0,Brigham Young,2023.0,2023.0,LA,177.0,,0.0952381
2024,10,00-0039075,P.Nacua,WR,LA,MIA,0,0,0.0,0,0.0,0.0,0.0,0,0.0,0,14,9,98.0,0,9.8,18.8,,,74.0,205.0,23.465842105263157,1.0,Brigham Young,2023.0,2023.0,LA,177.0,-8.0,0.3181818
2024,11,00-0039075,P.Nacua,WR,LA,NE,0,0,0.0,0,0.0,0.0,0.0,0,0.0,0,9,7,123.0,1,18.3,25.3,,,74.0,205.0,23.465842105263157,1.0,Brigham Young,2023.0,2023.0,LA,177.0,,0.33333334
2024,12,00-0039075,P.Nacua,WR,LA,PHI,0,0,0.0,0,0.0,0.0,0.0,0,0.0,0,13,9,117.0,0,11.7,20.7,,,74.0,205.0,23.465842105263157,1.0,Brigham Young,2023.0,2023.0,LA,177.0,-17.0,0.38235295
2024,13,00-0039075,P.Nacua,WR,LA,NO,0,0,0.0,0,0.0,0.0,0.0,1,7.0,0,8,5,56.0,1,12.3,17.3,,,74.0,205.0,23.465842105263157,1.0,Brigham Young,2023.0,2023.0,LA,177.0,,0.3478261
2024,14,00-0039075,P.Nacua,WR,LA,BUF,0,0,0.0,0,0.0,0.0,0.0,5,16.0,1,14,12,162.0,1,29.8,41.8,,,74.0,205.0,23.465842105263157,1.0,Brigham Young,2023.0,2023.0,LA,177.0,2.0,0.46666667
2024,15,00-0039075,P.Nacua,WR,LA,SF,0,0,0.0,0,0.0,0.0,0.0,2,11.0,0,8,7,97.0,0,10.8,17.8,,,74.0,205.0,23.465842105263157,1.0,Brigham Young,2023.0,2023.0,LA,177.0,,0.30769232
2024,16,00-0039075,P.Nacua,WR,LA,NYJ,0,0,0.0,0,0.0,0.0,0.0,0,0.0,0,9,8,56.0,0,5.6,13.6,,,74.0,205.0,23.465842105263157,1.0,Brigham Young,2023.0,2023.0,LA,177.0,,0.47368422
2024,17,00-0039075,P.Nacua,WR,LA,ARI,0,0,0.0,0,0.0,0.0,0.0,0,0.0,0,14,10,129.0,0,12.9,22.9,,,74.0,205.0,23.465842105263157,1.0,Brigham Young,2023.0,2023.0,LA,177.0,4.0,0.5
2024,19,00-0039075,P.Nacua,WR,LA,MIN,0,0,0.0,0,0.0,0.0,0.0,1,7.0,0,9,5,44.0,0,5.1,10.1,,,74.0,205.0,23.465842105263157,1.0,Brigham Young,2023.0,2023.0,LA,177.0,18.0,0.34615386
2024,20,00-0039075,P.Nacua,WR,LA,PHI,0,0,0.0,0,0.0,0.0,0.0,0,0.0,0,14,6,97.0,0,9.7,15.7,,,74.0,205.0,23.465842105263157,1.0,Brigham Young,2023.0,2023.0,LA,177.0,,0.3181818
2024,1,00-0039139,J.Gibbs,RB,DET,LA,0,0,0.0,0,0.0,0.0,0.0,11,40.0,1,6,4,34.0,0,13.4,17.4,,,69.0,200.0,22.650444444444446,1.0,Alabama,2023.0,2023.0,DET,12.0,6.0,0.21428572
2024,2,00-0039139,J.Gibbs,RB,DET,TB,0,0,0.0,0,0.0,0.0,0.0,13,84.0,0,7,7,22.0,0,10.6,17.6,,,69.0,200.0,22.650444444444446,1.0,Alabama,2023.0,2023.0,DET,12.0,-4.0,0.13207547
2024,3,00-0039139,J.Gibbs,RB,DET,ARI,0,0,0.0,0,0.0,0.0,0.0,16,83.0,0,0,0,0.0,0,8.3,8.3,,,69.0,200.0,22.650444444444446,1.0,Alabama,2023.0,2023.0,DET,12.0,,
2024,4,00-0039139,J.Gibbs,RB,DET,SEA,0,0,0.0,0,0.0,0.0,0.0,14,78.0,2,0,0,0.0,0,19.8,19.8,,,69.0,200.0,22.650444444444446,1.0,Alabama,2023.0,2023.0,DET,12.0,13.0,
2024,6,00-0039139,J.Gibbs,RB,DET,DAL,0,0,0.0,0,0.0,0.0,0.0,12,63.0,0,5,3,28.0,0,9.1,12.1,,,69.0,200.0,22.650444444444446,1.0,Alabama,2023.0,2023.0,DET,12.0,,0.18518518
2024,7,00-0039139,J.Gibbs,RB,DET,MIN,0,0,0.0,0,0.0,0.0,0.0,15,116.0,2,4,4,44.0,0,28.0,32.0,,,69.0,200.0,22.650444444444446,1.0,Alabama,2023.0,2023.0,DET,12.0,,0.16
2024,8,00-0039139,J.Gibbs,RB,DET,TEN,0,0,0.0,0,0.0,0.0,0.0,11,127.0,1,1,1,6.0,0,19.3,20.3,,,69.0,200.0,22.650444444444446,1.0,Alabama,2023.0,2023.0,DET,12.0,38.0,0.055555556
2024,9,00-0039139,J.Gibbs,RB,DET,GB,0,0,0.0,0,0.0,0.0,0.0,11,65.0,1,2,1,11.0,0,13.6,14.6,,,69.0,200.0,22.650444444444446,1.0,Alabama,2023.0,2023.0,DET,12.0,,0.1
2024,10,00-0039139,J.Gibbs,RB,DET,HOU,0,0,0.0,0,0.0,0.0,0.0,19,71.0,0,3,2,37.0,0,10.8,12.8,,,69.0,200.0,22.650444444444446,1.0,Alabama,2023.0,2023.0,DET,12.0,,0.125
2024,11,00-0039139,J.Gibbs,RB,DET,JAX,0,0,0.0,0,0.0,0.0,0.0,11,69.0,1,1,1,54.0,0,18.3,19.3,,,69.0,200.0,22.650444444444446,1.0,Alabama,2023.0,2023.0,DET,12.0,46.0,0.032258064
2024,12,00-0039139,J.Gibbs,RB,DET,IND,0,0,0.0,0,0.0,0.0,0.0,21,90.0,2,3,3,9.0,0,21.9,24.9,,,69.0,200.0,22.650444444444446,1.0,Alabama,2023.0,2023.0,DET,12.0,,0.09090909
2024,13,00-0039139,J.Gibbs,RB,DET,CHI,0,0,0.0,0,0.0,0.0,0.0,9,87.0,0,4,2,17.0,0,8.4,10.4,,,69.0,200.0,22.650444444444446,1.0,Alabama,2023.0,2023.0,DET,12.0,3.0,0.12903225
2024,14,00-0039139,J.Gibbs,RB,DET,GB,0,0,0.0,0,0.0,0.0,0.0,15,43.0,0,6,6,30.0,1,13.3,19.3,,,69.0,200.0,22.650444444444446,1.0,Alabama,2023.0,2023.0,DET,12.0,3.0,0.15
2024,15,00-0039139,J.Gibbs,RB,DET,BUF,0,0,0.0,0,0.0,0.0,0.0,8,31.0,1,7,5,83.0,1,23.4,28.4,,,69.0,200.0,22.650444444444446,1.0,Alabama,2023.0,2023.0,DET,12.0,-6.0,0.12962963
2024,16,00-0039139,J.Gibbs,RB,DET,CHI,0,0,0.0,0,0.0,0.0,0.0,23,109.0,1,5,4,45.0,0,21.4,25.4,,,69.0,200.0,22.650444444444446,1.0,Alabama,2023.0,2023.0,DET,12.0,,0.15625
2024,17,00-0039139,J.Gibbs,RB,DET,SF,0,0,0.0,0,0.0,0.0,0.0,18,117.0,1,4,4,46.0,0,22.3,26.3,,,69.0,200.0,22.650444444444446,1.0,Alabama,2023.0,2023.0,DET,12.0,,0.121212125
2024,18,00-0039139,J.Gibbs,RB,DET,MIN,0,0,0.0,0,0.0,0.0,0.0,23,139.0,3,5,5,31.0,1,41.0,46.0,,,69.0,200.0,22.650444444444446,1.0,Alabama,2023.0,2023.0,DET,12.0,22.0,0.15625
2024,20,00-0039139,J.Gibbs,RB,DET,WAS,0,0,0.0,0,0.0,0.0,0.0,14,105.0,2,11,6,70.0,0,29.5,35.5,,,69.0,200.0,22.650444444444446,1.0,Alabama,2023.0,2023.0,DET,12.0,-14.0,0.2820513
2024,1,00-0039144,L.Musgrave,TE,GB,PHI,0,0,0.0,0,0.0,0.0,0.0,0,0.0,0,2,0,0.0,0,0.0,0.0,,,78.0,252.0,24.18783333333333,1.0,Oregon State,2023.0,2023.0,GB,42.0,,0.0625
2024,2,00-0039144,L.Musgrave,TE,GB,IND,0,0,0.0,0,0.0,0.0,0.0,0,0.0,0,1,1,6.0,0,0.6,1.6,,,78.0,252.0,24.18783333333333,1.0,Oregon State,2023.0,2023.0,GB,42.0,6.0,0.07692308
2024,3,00-0039144,L.Musgrave,TE,GB,TEN,0,0,0.0,0,0.0,0.0,0.0,0,0.0,0,1,1,3.0,0,0.3,1.3,,,78.0,252.0,24.18783333333333,1.0,Oregon State,2023.0,2023.0,GB,42.0,,0.05263158
2024,4,00-0039144,L.Musgrave,TE,GB,MIN,0,0,0.0,0,0.0,0.0,0.0,0,0.0,0,3,3,13.0,0,1.3,4.3,,,78.0,252.0,24.18783333333333,1.0,Oregon State,2023.0,2023.0,GB,42.0,-2.0,0.055555556
2024,16,00-0039144,L.Musgrave,TE,GB,NO,0,0,0.0,0,0.0,0.0,0.0,0,0.0,0,1,0,0.0,0,0.0,0.0,,,78.0,252.0,24.18783333333333,1.0,Oregon State,2023.0,2023.0,GB,42.0,34.0,0.037037037
2024,17,00-0039144,L.Musgrave,TE,GB,MIN,0,0,0.0,0,0.0,0.0,0.0,0,0.0,0,1,1,4.0,0,0.4,1.4,,,78.0,252.0,24.18783333333333,1.0,Oregon State,2023.0,2023.0,GB,42.0,,0.03448276
2024,18,00-0039144,L.Musgrave,TE,GB,CHI,0,0,0.0,0,0.0,0.0,0.0,0,0.0,0,1,1,19.0,0,1.9,2.9,,,78.0,252.0,24.18783333333333,1.0,Oregon State,2023.0,2023.0,GB,42.0,-2.0,0.04
2024,1,00-0039146,J.Reed,WR,GB,PHI,0,0,0.0,0,0.0,0.0,0.0,1,33.0,1,6,4,138.0,1,29.1,33.1,,,71.0,190.0,24.5355,1.0,Michigan State,2023.0,2023.0,GB,50.0,,0.1875
2024,2,00-0039146,J.Reed,WR,GB,IND,0,0,0.0,0,0.0,0.0,0.0,2,37.0,0,2,2,9.0,0,4.6,6.6,,,71.0,190.0,24.5355,1.0,Michigan State,2023.0,2023.0,GB,50.0,6.0,0.15384616
2024,3,00-0039146,J.Reed,WR,GB,TEN,0,0,0.0,0,0.0,0.0,0.0,2,19.0,0,6,4,50.0,0,6.9,10.9,,,71.0,190.0,24.5355,1.0,Michigan State,2023.0,2023.0,GB,50.0,,0.31578946
2024,4,00-0039146,J.Reed,WR,GB,MIN,0,0,0.0,0,0.0,0.0,0.0,1,2.0,0,8,7,139.0,1,20.1,27.1,,,71.0,190.0,24.5355,1.0,Michigan State,2023.0,2023.0,GB,50.0,-2.0,0.14814815
2024,5,00-0039146,J.Reed,WR,GB,LA,0,0,0.0,0,0.0,0.0,0.0,2,19.0,0,6,4,78.0,0,9.7,13.7,,,71.0,190.0,24.5355,1.0,Michigan State,2023.0,2023.0,GB,50.0,,0.24
2024,6,00-0039146,J.Reed,WR,GB,ARI,0,0,0.0,0,0.0,0.0,0.0,1,0.0,0,6,6,28.0,1,8.8,14.8,,,71.0,190.0,24.5355,1.0,Michigan State,2023.0,2023.0,GB,50.0,21.0,0.19354838
2024,7,00-0039146,J.Reed,WR,GB,HOU,0,0,0.0,0,0.0,0.0,0.0,1,0.0,0,4,2,10.0,0,1.0,3.0,,,71.0,190.0,24.5355,1.0,Michigan State,2023.0,2023.0,GB,50.0,2.0,0.121212125
2024,8,00-0039146,J.Reed,WR,GB,JAX,0,0,0.0,0,0.0,0.0,0.0,1,0.0,0,3,2,55.0,0,5.5,7.5,,,71.0,190.0,24.5355,1.0,Michigan State,2023.0,2023.0,GB,50.0,,0.11111111
2024,9,00-0039146,J.Reed,WR,GB,DET,0,0,0.0,0,0.0,0.0,0.0,0,0.0,0,6,5,113.0,0,11.3,16.3,,,71.0,190.0,24.5355,1.0,Michigan State,2023.0,2023.0,GB,50.0,-10.0,0.16216215
2024,11,00-0039146,J.Reed,WR,GB,CHI,0,0,0.0,0,0.0,0.0,0.0,1,-5.0,0,2,2,23.0,1,7.8,9.8,,,71.0,190.0,24.5355,1.0,Michigan State,2023.0,2023.0,GB,50.0,,0.11764706
2024,12,00-0039146,J.Reed,WR,GB,SF,0,0,0.0,0,0.0,0.0,0.0,0,0.0,0,3,3,26.0,0,2.6,5.6,,,71.0,190.0,24.5355,1.0,Michigan State,2023.0,2023.0,GB,50.0,28.0,0.13636364
2024,13,00-0039146,J.Reed,WR,GB,MIA,0,0,0.0,0,0.0,0.0,0.0,1,23.0,0,6,3,24.0,2,16.7,19.7,,,71.0,190.0,24.5355,1.0,Michigan State,2023.0,2023.0,GB,50.0,13.0,0.21428572
2024,14,00-0039146,J.Reed,WR,GB,DET,0,0,0.0,0,0.0,0.0,0.0,0,0.0,0,1,0,0.0,0,0.0,0.0,,,71.0,190.0,24.5355,1.0,Michigan State,2023.0,2023.0,GB,50.0,,0.05263158
2024,15,00-0039146,J.Reed,WR,GB,SEA,0,0,0.0,0,0.0,0.0,0.0,3,27.0,0,6,5,34.0,0,6.1,11.1,,,71.0,190.0,24.5355,1.0,Michigan State,2023.0,2023.0,GB,50.0,,0.23076923
2024,16,00-0039146,J.Reed,WR,GB,NO,0,0,0.0,0,0.0,0.0,0.0,1,5.0,0,4,3,76.0,0,8.1,11.1,,,71.0,190.0,24.5355,1.0,Michigan State,2023.0,2023.0,GB,50.0,34.0,0.14814815
2024,17,00-0039146,J.Reed,WR,GB,MIN,0,0,0.0,0,0.0,0.0,0.0,0,0.0,0,4,1,6.0,0,0.6,1.6,,,71.0,190.0,24.5355,1.0,Michigan State,2023.0,2023.0,GB,50.0,,0.13793103
2024,18,00-0039146,J.Reed,WR,GB,CHI,0,0,0.0,0,0.0,0.0,0.0,3,3.0,0,2,2,48.0,0,3.1,5.1,,,71.0,190.0,24.5355,1.0,Michigan State,2023.0,2023.0,GB,50.0,-2.0,0.08
2024,19,00-0039146,J.Reed,WR,GB,PHI,0,0,0.0,0,0.0,0.0,0.0,0,0.0,0,4,4,46.0,0,4.6,8.6,,,71.0,190.0,24.5355,1.0,Michigan State,2023.0,2023.0,GB,50.0,,0.121212125
2024,1,00-0039150,B.Young,QB,CAR,NO,13,30,161.0,0,2.0,4.0,26.0,4,12.0,1,0,0,0.0,0,9.64,9.64,,,70.0,194.0,23.285117647058822,1.0,Alabama,2023.0,2023.0,CAR,1.0,,
2024,2,00-0039150,B.Young,QB,CAR,LAC,18,26,84.0,0,1.0,2.0,15.0,1,6.0,0,0,0,0.0,0,1.96,1.96,,,70.0,194.0,23.285117647058822,1.0,Alabama,2023.0,2023.0,CAR,1.0,-23.0,
2024,5,00-0039150,B.Young,QB,CAR,CHI,4,7,58.0,0,0.0,1.0,2.0,1,8.0,0,0,0,0.0,0,3.12,3.12,,,70.0,194.0,23.285117647058822,1.0,Alabama,2023.0,2023.0,CAR,1.0,,
2024,7,00-0039150,B.Young,QB,CAR,WAS,2,2,-4.0,0,0.0,0.0,-0.0,0,0.0,0,0,0,0.0,0,-0.16,-0.16,,,70.0,194.0,23.285117647058822,1.0,Alabama,2023.0,2023.0,CAR,1.0,,
2024,8,00-0039150,B.Young,QB,CAR,DEN,24,37,224.0,2,2.0,2.0,9.0,3,6.0,0,0,0,0.0,0,13.56,13.56,,,70.0,194.0,23.285117647058822,1.0,Alabama,2023.0,2023.0,CAR,1.0,,
2024,9,00-0039150,B.Young,QB,CAR,NO,16,26,171.0,1,1.0,1.0,5.0,4,9.0,0,0,0,0.0,0,9.74,9.74,,,70.0,194.0,23.285117647058822,1.0,Alabama,2023.0,2023.0,CAR,1.0,1.0,
2024,10,00-0039150,B.Young,QB,CAR,NYG,15,25,126.0,1,0.0,1.0,8.0,2,30.0,0,0,0,0.0,0,12.04,12.04,,,70.0,194.0,23.285117647058822,1.0,Alabama,2023.0,2023.0,CAR,1.0,3.0,
2024,12,00-0039150,B.Young,QB,CAR,KC,21,35,263.0,1,0.0,2.0,14.0,3,20.0,0,0,0,0.0,0,16.52,16.52,,,70.0,194.0,23.285117647058822,1.0,Alabama,2023.0,2023.0,CAR,1.0,-3.0,
2024,13,00-0039150,B.Young,QB,CAR,TB,26,46,298.0,1,0.0,1.0,9.0,3,17.0,1,0,0,0.0,0,23.62,23.62,,,70.0,194.0,23.285117647058822,1.0,Alabama,2023.0,2023.0,CAR,1.0,-3.0,
2024,14,00-0039150,B.Young,QB,CAR,PHI,19,34,191.0,1,1.0,1.0,7.0,7,29.0,0,0,0,0.0,0,12.54,12.54,,,70.0,194.0,23.285117647058822,1.0,Alabama,2023.0,2023.0,CAR,1.0,,
2024,15,00-0039150,B.Young,QB,CAR,DAL,19,28,219.0,1,2.0,6.0,44.0,3,12.0,1,0,0,0.0,0,11.96,11.96,,,70.0,194.0,23.285117647058822,1.0,Alabama,2023.0,2023.0,CAR,1.0,-16.0,
2024,16,00-0039150,B.Young,QB,CAR,ARI,17,26,158.0,2,0.0,3.0,9.0,5,68.0,1,0,0,0.0,0,27.12,27.12,,,70.0,194.0,23.285117647058822,1.0,Alabama,2023.0,2023.0,CAR,1.0,6.0,
2024,17,00-0039150,B.Young,QB,CAR,TB,15,28,203.0,2,0.0,5.0,38.0,2,8.0,0,0,0,0.0,0,16.92,16.92,,,70.0,194.0,23.285117647058822,1.0,Alabama,2023.0,2023.0,CAR,1.0,,
2024,18,00-0039150,B.Young,QB,CAR,ATL,25,34,251.0,3,0.0,0.0,-0.0,5,24.0,2,0,0,0.0,0,36.44,36.44,,,70.0,194.0,23.285117647058822,1.0,Alabama,2023.0,2023.0,CAR,1.0,,
2024,1,00-0039152,W.Levis,QB,TEN,CHI,19,32,127.0,1,2.0,3.0,23.0,4,36.0,0,0,0,0.0,0,6.68,6.68,,,76.0,232.0,25.370058823529412,1.0,Kentucky,2023.0,2023.0,TEN,33.0,,
2024,2,00-0039152,W.Levis,QB,TEN,NYJ,19,28,192.0,1,1.0,4.0,22.0,4,38.0,0,0,0,0.0,0,11.48,11.48,,,76.0,232.0,25.370058823529412,1.0,Kentucky,2023.0,2023.0,TEN,33.0,-7.0,
2024,3,00-0039152,W.Levis,QB,TEN,GB,26,34,260.0,2,2.0,8.0,56.0,3,12.0,0,0,0,0.0,0,13.6,13.6,,,76.0,232.0,25.370058823529412,1.0,Kentucky,2023.0,2023.0,TEN,33.0,-16.0,
2024,4,00-0039152,W.Levis,QB,TEN,MIA,3,4,25.0,0,1.0,0.0,-0.0,2,5.0,0,0,0,0.0,0,-0.5,-0.5,,,76.0,232.0,25.370058823529412,1.0,Kentucky,2023.0,2023.0,TEN,33.0,,
2024,6,00-0039152,W.Levis,QB,TEN,IND,16,27,95.0,1,1.0,0.0,-0.0,3,15.0,0,0,0,0.0,0,7.3,7.3,,,76.0,232.0,25.370058823529412,1.0,Kentucky,2023.0,2023.0,TEN,33.0,-3.0,
2024,10,00-0039152,W.Levis,QB,TEN,LAC,18,23,175.0,2,0.0,7.0,18.0,5,41.0,0,0,0,0.0,0,19.1,19.1,,,76.0,232.0,25.370058823529412,1.0,Kentucky,2023.0,2023.0,TEN,33.0,,
2024,11,00-0039152,W.Levis,QB,TEN,MIN,17,31,295.0,1,1.0,5.0,34.0,7,18.0,0,0,0,0.0,0,15.6,15.6,,,76.0,232.0,25.370058823529412,1.0,Kentucky,2023.0,2023.0,TEN,33.0,-10.0,
2024,12,00-0039152,W.Levis,QB,TEN,HOU,18,24,278.0,2,1.0,8.0,41.0,8,10.0,0,0,0,0.0,0,16.12,16.12,,,76.0,232.0,25.370058823529412,1.0,Kentucky,2023.0,2023.0,TEN,33.0,,
2024,13,00-0039152,W.Levis,QB,TEN,WAS,18,37,212.0,2,0.0,2.0,2.0,2,-3.0,0,0,0,0.0,0,16.18,16.18,,,76.0,232.0,25.370058823529412,1.0,Kentucky,2023.0,2023.0,TEN,33.0,,
2024,14,00-0039152,W.Levis,QB,TEN,JAX,19,32,168.0,0,0.0,2.0,22.0,1,3.0,0,0,0,0.0,0,7.02,7.02,,,76.0,232.0,25.370058823529412,1.0,Kentucky,2023.0,2023.0,TEN,33.0,-4.0,
2024,15,00-0039152,W.Levis,QB,TEN,CIN,8,12,89.0,0,3.0,1.0,7.0,2,0.0,0,0,0,0.0,0,-4.44,-4.44,,,76.0,232.0,25.370058823529412,1.0,Kentucky,2023.0,2023.0,TEN,33.0,-10.0,
2024,18,00-0039152,W.Levis,QB,TEN,HOU,9,17,175.0,1,0.0,1.0,8.0,4,8.0,0,0,0,0.0,0,11.8,11.8,,,76.0,232.0,25.370058823529412,1.0,Kentucky,2023.0,2023.0,TEN,33.0,-9.0,
2024,1,00-0039163,C.Stroud,QB,HOU,IND,24,32,234.0,2,0.0,4.0,30.0,4,13.0,0,0,0,0.0,0,18.66,18.66,,,75.0,218.0,23.109473684210524,1.0,Ohio State,2023.0,2023.0,HOU,2.0,,
2024,2,00-0039163,C.Stroud,QB,HOU,CHI,23,36,260.0,1,0.0,3.0,25.0,1,-1.0,0,0,0,0.0,0,14.3,14.3,,,75.0,218.0,23.109473684210524,1.0,Ohio State,2023.0,2023.0,HOU,2.0,6.0,
2024,3,00-0039163,C.Stroud,QB,HOU,MIN,20,31,215.0,1,2.0,4.0,42.0,3,12.0,0,0,0,0.0,0,9.8,9.8,,,75.0,218.0,23.109473684210524,1.0,Ohio State,2023.0,2023.0,HOU,2.0,,
2024,4,00-0039163,C.Stroud,QB,HOU,JAX,27,40,345.0,2,0.0,2.0,11.0,3,17.0,0,0,0,0.0,0,23.5,23.5,,,75.0,218.0,23.109473684210524,1.0,Ohio State,2023.0,2023.0,HOU,2.0,4.0,
2024,5,00-0039163,C.Stroud,QB,HOU,BUF,28,38,331.0,1,1.0,1.0,-0.0,3,27.0,0,0,0,0.0,0,15.94,15.94,,,75.0,218.0,23.109473684210524,1.0,Ohio State,2023.0,2023.0,HOU,2.0,3.0,
2024,6,00-0039163,C.Stroud,QB,HOU,NE,20,31,192.0,3,1.0,2.0,16.0,3,7.0,0,0,0,0.0,0,18.38,18.38,,,75.0,218.0,23.109473684210524,1.0,Ohio State,2023.0,2023.0,HOU,2.0,,
2024,7,00-0039163,C.Stroud,QB,HOU,GB,10,21,86.0,0,0.0,4.0,31.0,5,19.0,0,0,0,0.0,0,5.34,5.34,,,75.0,218.0,23.109473684210524,1.0,Ohio State,2023.0,2023.0,HOU,2.0,,
2024,8,00-0039163,C.Stroud,QB,HOU,IND,25,37,285.0,1,0.0,2.0,18.0,1,-10.0,0,0,0,0.0,0,12.4,12.4,,,75.0,218.0,23.109473684210524,1.0,Ohio State,2023.0,2023.0,HOU,2.0,3.0,
2024,9,00-0039163,C.Stroud,QB,HOU,NYJ,11,30,191.0,0,0.0,8.0,56.0,8,59.0,0,1,0,0.0,0,11.54,11.54,,,75.0,218.0,23.109473684210524,1.0,Ohio State,2023.0,2023.0,HOU,2.0,,0.03448276
2024,10,00-0039163,C.Stroud,QB,HOU,DET,19,33,232.0,1,2.0,4.0,40.0,1,5.0,0,0,0,0.0,0,9.78,9.78,,,75.0,218.0,23.109473684210524,1.0,Ohio State,2023.0,2023.0,HOU,2.0,-3.0,
2024,11,00-0039163,C.Stroud,QB,HOU,DAL,23,34,257.0,0,1.0,1.0,7.0,3,26.0,0,0,0,0.0,0,10.88,10.88,,,75.0,218.0,23.109473684210524,1.0,Ohio State,2023.0,2023.0,HOU,2.0,,
2024,12,00-0039163,C.Stroud,QB,HOU,TEN,20,33,247.0,2,2.0,4.0,27.0,3,18.0,0,0,0,0.0,0,15.68,15.68,,,75.0,218.0,23.109473684210524,1.0,Ohio State,2023.0,2023.0,HOU,2.0,-5.0,
2024,13,00-0039163,C.Stroud,QB,HOU,JAX,22,34,242.0,1,0.0,2.0,24.0,5,7.0,0,0,0,0.0,0,14.38,14.38,,,75.0,218.0,23.109473684210524,1.0,Ohio State,2023.0,2023.0,HOU,2.0,,
2024,15,00-0039163,C.Stroud,QB,HOU,MIA,18,26,131.0,2,0.0,4.0,27.0,6,4.0,0,0,0,0.0,0,11.64,11.64,,,75.0,218.0,23.109473684210524,1.0,Ohio State,2023.0,2023.0,HOU,2.0,8.0,
2024,16,00-0039163,C.Stroud,QB,HOU,KC,23,39,244.0,2,2.0,2.0,17.0,2,23.0,0,0,0,0.0,0,16.06,16.06,,,75.0,218.0,23.109473684210524,1.0,Ohio State,2023.0,2023.0,HOU,2.0,,
2024,17,00-0039163,C.Stroud,QB,HOU,BAL,17,31,185.0,0,1.0,5.0,37.0,1,7.0,0,0,0,0.0,0,6.1,6.1,,,75.0,218.0,23.109473684210524,1.0,Ohio State,2023.0,2023.0,HOU,2.0,-29.0,
2024,18,00-0039163,C.Stroud,QB,HOU,TEN,6,6,50.0,1,0.0,0.0,-0.0,0,0.0,0,0,0,0.0,0,6.0,6.0,,,75.0,218.0,23.109473684210524,1.0,Ohio State,2023.0,2023.0,HOU,2.0,,
2024,19,00-0039163,C.Stroud,QB,HOU,LAC,22,33,282.0,1,1.0,3.0,21.0,6,42.0,0,0,0,0.0,0,17.48,17.48,,,75.0,218.0,23.109473684210524,1.0,Ohio State,2023.0,2023.0,HOU,2.0,20.0,
2024,20,00-0039163,C.Stroud,QB,HOU,KC,19,28,245.0,0,0.0,8.0,58.0,6,42.0,0,0,0,0.0,0,14.0,14.0,,,75.0,218.0,23.109473684210524,1.0,Ohio State,2023.0,2023.0,HOU,2.0,,
2024,1,00-0039164,A.Richardson,QB,IND,HOU,9,19,212.0,2,1.0,2.0,13.0,6,56.0,1,0,0,0.0,0,26.08,26.08,,,76.0,232.0,22.457588235294118,1.0,Florida,2023.0,2023.0,IND,4.0,-2.0,
2024,2,00-0039164,A.Richardson,QB,IND,GB,17,34,204.0,1,3.0,1.0,6.0,4,37.0,0,0,0,0.0,0,9.86,9.86,,,76.0,232.0,22.457588235294118,1.0,Florida,2023.0,2023.0,IND,4.0,,
2024,3,00-0039164,A.Richardson,QB,IND,CHI,10,20,167.0,0,2.0,1.0,11.0,8,24.0,0,0,0,0.0,0,5.08,5.08,,,76.0,232.0,22.457588235294118,1.0,Florida,2023.0,2023.0,IND,4.0,5.0,
2024,4,00-0039164,A.Richardson,QB,IND,PIT,3,4,71.0,0,0.0,0.0,-0.0,3,24.0,0,0,0,0.0,0,5.24,5.24,,,76.0,232.0,22.457588235294118,1.0,Florida,2023.0,2023.0,IND,4.0,3.0,
2024,7,00-0039164,A.Richardson,QB,IND,MIA,10,24,129.0,0,0.0,0.0,-0.0,14,56.0,0,0,0,0.0,0,8.76,8.76,,,76.0,232.0,22.457588235294118,1.0,Florida,2023.0,2023.0,IND,4.0,6.0,
2024,8,00-0039164,A.Richardson,QB,IND,HOU,10,32,175.0,1,1.0,5.0,35.0,6,45.0,0,0,0,0.0,0,11.5,11.5,,,76.0,232.0,22.457588235294118,1.0,Florida,2023.0,2023.0,IND,4.0,,
2024,11,00-0039164,A.Richardson,QB,IND,NYJ,20,30,272.0,1,0.0,2.0,31.0,10,32.0,2,0,0,0.0,0,28.08,28.08,,,76.0,232.0,22.457588235294118,1.0,Florida,2023.0,2023.0,IND,4.0,,
2024,12,00-0039164,A.Richardson,QB,IND,DET,11,28,172.0,0,0.0,0.0,-0.0,10,61.0,0,0,0,0.0,0,12.98,12.98,,,76.0,232.0,22.457588235294118,1.0,Florida,2023.0,2023.0,IND,4.0,-18.0,
2024,13,00-0039164,A.Richardson,QB,IND,NE,12,24,109.0,2,2.0,0.0,-0.0,9,48.0,1,0,0,0.0,0,21.16,21.16,,,76.0,232.0,22.457588235294118,1.0,Florida,2023.0,2023.0,IND,4.0,,
2024,15,00-0039164,A.Richardson,QB,IND,DEN,17,38,172.0,0,2.0,2.0,11.0,7,46.0,1,1,1,-1.0,0,13.38,14.38,,,76.0,232.0,22.457588235294118,1.0,Florida,2023.0,2023.0,IND,4.0,,0.027777778
2024,16,00-0039164,A.Richardson,QB,IND,TEN,7,11,131.0,1,1.0,1.0,8.0,9,70.0,1,0,0,0.0,0,20.24,20.24,,,76.0,232.0,22.457588235294118,1.0,Florida,2023.0,2023.0,IND,4.0,8.0,
2024,1,00-0039165,Z.Charbonnet,RB,SEA,DEN,0,0,0.0,0,0.0,0.0,0.0,8,12.0,0,3,2,29.0,1,10.1,12.1,,,73.0,220.0,23.827470588235293,1.0,UCLA,2023.0,2023.0,SEA,52.0,6.0,0.12
2024,2,00-0039165,Z.Charbonnet,RB,SEA,NE,0,0,0.0,0,0.0,0.0,0.0,14,38.0,1,5,5,31.0,0,12.9,17.9,,,73.0,220.0,23.827470588235293,1.0,UCLA,2023.0,2023.0,SEA,52.0,,0.11627907
2024,3,00-0039165,Z.Charbonnet,RB,SEA,MIA,0,0,0.0,0,0.0,0.0,0.0,18,91.0,2,4,3,16.0,0,22.7,25.7,,,73.0,220.0,23.827470588235293,1.0,UCLA,2023.0,2023.0,SEA,52.0,21.0,0.121212125
2024,4,00-0039165,Z.Charbonnet,RB,SEA,DET,0,0,0.0,0,0.0,0.0,0.0,2,15.0,0,5,5,39.0,0,5.4,10.4,,,73.0,220.0,23.827470588235293,1.0,UCLA,2023.0,2023.0,SEA,52.0,,0.094339624
2024,5,00-0039165,Z.Charbonnet,RB,SEA,NYG,0,0,0.0,0,0.0,0.0,0.0,2,11.0,0,5,3,19.0,0,3.0,6.0,,,73.0,220.0,23.827470588235293,1.0,UCLA,2023.0,2023.0,SEA,52.0,-9.0,0.12820514
2024,6,00-0039165,Z.Charbonnet,RB,SEA,SF,0,0,0.0,0,0.0,0.0,0.0,5,20.0,0,1,1,15.0,0,3.5,4.5,,,73.0,220.0,23.827470588235293,1.0,UCLA,2023.0,2023.0,SEA,52.0,-12.0,0.020833334
2024,7,00-0039165,Z.Charbonnet,RB,SEA,ATL,0,0,0.0,0,0.0,0.0,0.0,7,14.0,0,1,1,-5.0,0,0.9,1.9,,,73.0,220.0,23.827470588235293,1.0,UCLA,2023.0,2023.0,SEA,52.0,,0.035714287
2024,8,00-0039165,Z.Charbonnet,RB,SEA,BUF,0,0,0.0,0,0.0,0.0,0.0,3,4.0,1,4,3,20.0,0,8.4,11.4,,,73.0,220.0,23.827470588235293,1.0,UCLA,2023.0,2023.0,SEA,52.0,-21.0,0.14814815
2024,9,00-0039165,Z.Charbonnet,RB,SEA,LA,0,0,0.0,0,0.0,0.0,0.0,2,8.0,0,3,2,25.0,0,3.3,5.3,,,73.0,220.0,23.827470588235293,1.0,UCLA,2023.0,2023.0,SEA,52.0,-6.0,0.0882353
2024,11,00-0039165,Z.Charbonnet,RB,SEA,SF,0,0,0.0,0,0.0,0.0,0.0,4,3.0,0,2,2,2.0,0,0.5,2.5,,,73.0,220.0,23.827470588235293,1.0,UCLA,2023.0,2023.0,SEA,52.0,,0.06451613
2024,12,00-0039165,Z.Charbonnet,RB,SEA,ARI,0,0,0.0,0,0.0,0.0,0.0,6,22.0,0,0,0,0.0,0,2.2,2.2,,,73.0,220.0,23.827470588235293,1.0,UCLA,2023.0,2023.0,SEA,52.0,10.0,
2024,13,00-0039165,Z.Charbonnet,RB,SEA,NYJ,0,0,0.0,0,0.0,0.0,0.0,4,28.0,1,3,2,13.0,0,10.1,12.1,,,73.0,220.0,23.827470588235293,1.0,UCLA,2023.0,2023.0,SEA,52.0,,0.10344828
2024,14,00-0039165,Z.Charbonnet,RB,SEA,ARI,0,0,0.0,0,0.0,0.0,0.0,22,134.0,2,7,7,59.0,0,31.3,38.3,,,73.0,220.0,23.827470588235293,1.0,UCLA,2023.0,2023.0,SEA,52.0,,0.2413793
2024,15,00-0039165,Z.Charbonnet,RB,SEA,GB,0,0,0.0,0,0.0,0.0,0.0,8,54.0,1,4,1,12.0,0,12.6,13.6,,,73.0,220.0,23.827470588235293,1.0,UCLA,2023.0,2023.0,SEA,52.0,-17.0,0.12903225
2024,16,00-0039165,Z.Charbonnet,RB,SEA,MIN,0,0,0.0,0,0.0,0.0,0.0,1,-1.0,0,2,2,14.0,0,1.3,3.3,,,73.0,220.0,23.827470588235293,1.0,UCLA,2023.0,2023.0,SEA,52.0,-3.0,0.04761905
2024,17,00-0039165,Z.Charbonnet,RB,SEA,CHI,0,0,0.0,0,0.0,0.0,0.0,15,57.0,0,3,3,19.0,0,7.6,10.6,,,73.0,220.0,23.827470588235293,1.0,UCLA,2023.0,2023.0,SEA,52.0,,0.13636364
2024,18,00-0039165,Z.Charbonnet,RB,SEA,LA,0,0,0.0,0,0.0,0.0,0.0,14,59.0,0,0,0,0.0,0,5.9,5.9,,,73.0,220.0,23.827470588235293,1.0,UCLA,2023.0,2023.0,SEA,52.0,,
2024,1,00-0039236,J.Wilson,WR,PHI,GB,0,0,0.0,0,0.0,0.0,0.0,0,0.0,0,1,0,0.0,0,0.0,0.0,,,78.0,237.0,23.64085714285714,0.0,Florida State,2024.0,2024.0,PHI,185.0,5.0,0.03448276
2024,2,00-0039236,J.Wilson,WR,PHI,ATL,0,0,0.0,0,0.0,0.0,0.0,0,0.0,0,1,0,0.0,0,0.0,0.0,,,78.0,237.0,23.64085714285714,0.0,Florida State,2024.0,2024.0,PHI,185.0,-1.0,0.03448276
2024,3,00-0039236,J.Wilson,WR,PHI,NO,0,0,0.0,0,0.0,0.0,0.0,0,0.0,0,2,1,9.0,0,0.9,1.9,,,78.0,237.0,23.64085714285714,0.0,Florida State,2024.0,2024.0,PHI,185.0,,0.055555556
2024,4,00-0039236,J.Wilson,WR,PHI,TB,0,0,0.0,0,0.0,0.0,0.0,0,0.0,0,2,0,0.0,0,0.0,0.0,,,78.0,237.0,23.64085714285714,0.0,Florida State,2024.0,2024.0,PHI,185.0,,0.06896552
2024,10,00-0039236,J.Wilson,WR,PHI,DAL,0,0,0.0,0,0.0,0.0,0.0,0,0.0,0,1,1,5.0,1,6.5,7.5,,,78.0,237.0,23.64085714285714,0.0,Florida State,2024.0,2024.0,PHI,185.0,,0.05
2024,12,00-0039236,J.Wilson,WR,PHI,LA,0,0,0.0,0,0.0,0.0,0.0,0,0.0,0,1,0,0.0,0,0.0,0.0,,,78.0,237.0,23.64085714285714,0.0,Florida State,2024.0,2024.0,PHI,185.0,,0.05263158
2024,14,00-0039236,J.Wilson,WR,PHI,CAR,0,0,0.0,0,0.0,0.0,0.0,0,0.0,0,1,0,0.0,0,0.0,0.0,,,78.0,237.0,23.64085714285714,0.0,Florida State,2024.0,2024.0,PHI,185.0,6.0,0.05263158
2024,15,00-0039236,J.Wilson,WR,PHI,PIT,0,0,0.0,0,0.0,0.0,0.0,0,0.0,0,1,0,0.0,0,0.0,0.0,,,78.0,237.0,23.64085714285714,0.0,Florida State,2024.0,2024.0,PHI,185.0,14.0,0.032258064
2024,18,00-0039236,J.Wilson,WR,PHI,NYG,0,0,0.0,0,0.0,0.0,0.0,0,0.0,0,5,3,24.0,0,2.4,5.4,,,78.0,237.0,23.64085714285714,0.0,Florida State,2024.0,2024.0,PHI,185.0,7.0,0.12195122
2024,22,00-0039236,J.Wilson,WR,PHI,KC,0,0,0.0,0,0.0,0.0,0.0,0,0.0,0,1,0,0.0,0,0.0,0.0,,,78.0,237.0,23.64085714285714,0.0,Florida State,2024.0,2024.0,PHI,185.0,18.0,0.04347826
2024,17,00-0039244,C.Collier,RB,LV,NO,0,0,0.0,0,0.0,0.0,0.0,3,6.0,0,0,0,0.0,0,0.6,0.6,,,71.0,195.0,24.620176470588234,0.0,Lock Haven,2024.0,2024.0,,,,
2024,18,00-0039244,C.Collier,RB,LV,LAC,0,0,0.0,0,0.0,0.0,0.0,2,6.0,0,2,1,-4.0,0,0.2,1.2,,,71.0,195.0,24.620176470588234,0.0,Lock Haven,2024.0,2024.0,,,-14.0,0.05882353
2024,14,00-0039299,G.Holani,RB,SEA,ARI,0,0,0.0,0,0.0,0.0,0.0,0,0.0,0,1,1,-1.0,0,-0.1,0.9,,,70.0,210.0,24.89247058823529,0.0,Boise State,2024.0,2024.0,,,,0.03448276
2024,15,00-0039299,G.Holani,RB,SEA,GB,0,0,0.0,0,0.0,0.0,0.0,3,10.0,0,0,0,0.0,0,1.0,1.0,,,70.0,210.0,24.89247058823529,0.0,Boise State,2024.0,2024.0,,,-17.0,
2024,14,00-0039316,B.Cupp,TE,KC,LAC,0,0,0.0,0,0.0,0.0,0.0,0,0.0,0,1,0,0.0,0,0.0,0.0,,,78.0,260.0,24.530350000000002,0.0,Texas Tech,2024.0,2024.0,,,2.0,0.027777778
2024,1,00-0039325,C.Steele,RB,KC,BAL,0,0,0.0,0,0.0,0.0,0.0,2,3.0,0,0,0,0.0,0,0.3,0.3,,,72.0,225.0,22.1375,0.0,UCLA,2024.0,2024.0,,,7.0,
2024,2,00-0039325,C.Steele,RB,KC,CIN,0,0,0.0,0,0.0,0.0,0.0,7,24.0,0,0,0,0.0,0,0.4,0.4,,,72.0,225.0,22.1375,0.0,UCLA,2024.0,2024.0,,,1.0,
2024,3,00-0039325,C.Steele,RB,KC,ATL,0,0,0.0,0,0.0,0.0,0.0,17,72.0,0,2,1,2.0,0,7.4,8.4,,,72.0,225.0,22.1375,0.0,UCLA,2024.0,2024.0,,,,0.055555556
2024,4,00-0039325,C.Steele,RB,KC,LAC,0,0,0.0,0,0.0,0.0,0.0,2,6.0,0,3,1,0.0,0,-1.4,-0.4,,,72.0,225.0,22.1375,0.0,UCLA,2024.0,2024.0,,,,0.10714286
2024,5,00-0039325,C.Steele,RB,KC,NO,0,0,0.0,0,0.0,0.0,0.0,5,12.0,0,0,0,0.0,0,1.2,1.2,,,72.0,225.0,22.1375,0.0,UCLA,2024.0,2024.0,,,13.0,
2024,7,00-0039325,C.Steele,RB,KC,SF,0,0,0.0,0,0.0,0.0,0.0,6,17.0,0,0,0,0.0,0,1.7,1.7,,,72.0,225.0,22.1375,0.0,UCLA,2024.0,2024.0,,,,
2024,8,00-0039325,C.Steele,RB,KC,LV,0,0,0.0,0,0.0,0.0,0.0,2,6.0,0,1,1,8.0,0,1.4,2.4,,,72.0,225.0,22.1375,0.0,UCLA,2024.0,2024.0,,,,0.028571429
2024,9,00-0039325,C.Steele,RB,KC,TB,0,0,0.0,0,0.0,0.0,0.0,3,9.0,0,0,0,0.0,0,0.9,0.9,,,72.0,225.0,22.1375,0.0,UCLA,2024.0,2024.0,,,6.0,
2024,10,00-0039325,C.Steele,RB,KC,DEN,0,0,0.0,0,0.0,0.0,0.0,2,3.0,0,0,0,0.0,0,0.3,0.3,,,72.0,225.0,22.1375,0.0,UCLA,2024.0,2024.0,,,2.0,
2024,11,00-0039325,C.Steele,RB,KC,BUF,0,0,0.0,0,0.0,0.0,0.0,1,2.0,0,1,1,5.0,0,0.7,1.7,,,72.0,225.0,22.1375,0.0,UCLA,2024.0,2024.0,,,,0.032258064
2024,12,00-0039325,C.Steele,RB,KC,CAR,0,0,0.0,0,0.0,0.0,0.0,1,4.0,0,2,1,9.0,0,1.3,2.3,,,72.0,225.0,22.1375,0.0,UCLA,2024.0,2024.0,,,,0.055555556
2024,18,00-0039325,C.Steele,RB,KC,DEN,0,0,0.0,0,0.0,0.0,0.0,8,25.0,0,2,2,2.0,0,2.7,4.7,,,72.0,225.0,22.1375,0.0,UCLA,2024.0,2024.0,,,,0.11764706
2024,1,00-0039337,M.Nabers,WR,NYG,MIN,0,0,0.0,0,0.0,0.0,0.0,0,0.0,0,7,5,66.0,0,6.6,11.6,,,72.0,195.0,21.277470588235293,0.0,Louisiana State,2024.0,2024.0,NYG,6.0,-22.0,0.18421052
2024,2,00-0039337,M.Nabers,WR,NYG,WAS,0,0,0.0,0,0.0,0.0,0.0,0,0.0,0,18,10,127.0,1,18.7,28.7,,,72.0,195.0,21.277470588235293,0.0,Louisiana State,2024.0,2024.0,NYG,6.0,,0.6666667
2024,3,00-0039337,M.Nabers,WR,NYG,CLE,0,1,0.0,0,0.0,0.0,-0.0,2,4.0,0,12,8,78.0,2,20.2,28.2,,,72.0,195.0,21.277470588235293,0.0,Louisiana State,2024.0,2024.0,NYG,6.0,,0.36363637
2024,4,00-0039337,M.Nabers,WR,NYG,DAL,0,0,0.0,0,0.0,0.0,0.0,1,-4.0,0,15,12,115.0,0,11.1,23.1,,,72.0,195.0,21.277470588235293,0.0,Louisiana State,2024.0,2024.0,NYG,6.0,-5.0,0.39473686
2024,7,00-0039337,M.Nabers,WR,NYG,PHI,0,0,0.0,0,0.0,0.0,0.0,0,0.0,0,8,4,41.0,0,4.1,8.1,,,72.0,195.0,21.277470588235293,0.0,Louisiana State,2024.0,2024.0,NYG,6.0,-25.0,0.2962963
2024,8,00-0039337,M.Nabers,WR,NYG,PIT,0,0,0.0,0,0.0,0.0,0.0,0,0.0,0,13,7,71.0,0,7.1,14.1,,,72.0,195.0,21.277470588235293,0.0,Louisiana State,2024.0,2024.0,NYG,6.0,,0.35135135
2024,9,00-0039337,M.Nabers,WR,NYG,WAS,0,0,0.0,0,0.0,0.0,0.0,0,0.0,0,11,9,59.0,0,5.9,14.9,,,72.0,195.0,21.277470588235293,0.0,Louisiana State,2024.0,2024.0,NYG,6.0,-5.0,0.42307693
2024,10,00-0039337,M.Nabers,WR,NYG,CAR,0,0,0.0,0,0.0,0.0,0.0,1,-2.0,0,10,6,50.0,0,4.8,10.8,,,72.0,195.0,21.277470588235293,0.0,Louisiana State,2024.0,2024.0,NYG,6.0,,0.3125
2024,12,00-0039337,M.Nabers,WR,NYG,TB,0,0,0.0,0,0.0,0.0,0.0,0,0.0,0,9,6,64.0,0,6.4,12.4,,,72.0,195.0,21.277470588235293,0.0,Louisiana State,2024.0,2024.0,NYG,6.0,-23.0,0.3
2024,13,00-0039337,M.Nabers,WR,NYG,DAL,0,0,0.0,0,0.0,0.0,0.0,1,4.0,0,13,8,69.0,0,7.3,15.3,,,72.0,195.0,21.277470588235293,0.0,Louisiana State,2024.0,2024.0,NYG,6.0,,0.40625
2024,14,00-0039337,M.Nabers,WR,NYG,NO,0,0,0.0,0,0.0,0.0,0.0,0,0.0,0,10,5,79.0,0,9.9,14.9,,,72.0,195.0,21.277470588235293,0.0,Louisiana State,2024.0,2024.0,NYG,6.0,-3.0,0.2173913
2024,15,00-0039337,M.Nabers,WR,NYG,BAL,0,0,0.0,0,0.0,0.0,0.0,0,0.0,0,14,10,82.0,1,14.2,24.2,,,72.0,195.0,21.277470588235293,0.0,Louisiana State,2024.0,2024.0,NYG,6.0,-21.0,0.4117647
2024,16,00-0039337,M.Nabers,WR,NYG,ATL,0,0,0.0,0,0.0,0.0,0.0,0,0.0,0,14,7,68.0,0,6.8,13.8,,,72.0,195.0,21.277470588235293,0.0,Louisiana State,2024.0,2024.0,NYG,6.0,,0.3783784
2024,17,00-0039337,M.Nabers,WR,NYG,IND,0,0,0.0,0,0.0,0.0,0.0,0,0.0,0,8,7,171.0,2,29.1,36.1,,,72.0,195.0,21.277470588235293,0.0,Louisiana State,2024.0,2024.0,NYG,6.0,12.0,0.36363637
2024,18,00-0039337,M.Nabers,WR,NYG,PHI,0,0,0.0,0,0.0,0.0,0.0,0,0.0,0,8,5,64.0,1,12.4,17.4,,,72.0,195.0,21.277470588235293,0.0,Louisiana State,2024.0,2024.0,NYG,6.0,,0.2857143
2024,1,00-0039338,B.Bowers,TE,LV,LAC,0,0,0.0,0,0.0,0.0,0.0,0,0.0,0,8,6,58.0,0,5.8,11.8,,,76.0,230.0,21.900764705882352,0.0,Georgia,2024.0,2024.0,LV,13.0,,0.25
2024,2,00-0039338,B.Bowers,TE,LV,BAL,0,0,0.0,0,0.0,0.0,0.0,0,0.0,0,9,9,98.0,0,9.8,18.8,,,76.0,230.0,21.900764705882352,0.0,Georgia,2024.0,2024.0,LV,13.0,,0.25
2024,3,00-0039338,B.Bowers,TE,LV,CAR,0,0,0.0,0,0.0,0.0,0.0,0,0.0,0,4,3,41.0,0,4.1,7.1,,,76.0,230.0,21.900764705882352,0.0,Georgia,2024.0,2024.0,LV,13.0,-14.0,0.102564104
2024,4,00-0039338,B.Bowers,TE,LV,CLE,0,0,0.0,0,0.0,0.0,0.0,1,12.0,0,3,2,19.0,0,3.1,5.1,,,76.0,230.0,21.900764705882352,0.0,Georgia,2024.0,2024.0,LV,13.0,4.0,0.125
2024,5,00-0039338,B.Bowers,TE,LV,DEN,0,0,0.0,0,0.0,0.0,0.0,0,0.0,0,12,8,97.0,1,15.7,23.7,,,76.0,230.0,21.900764705882352,0.0,Georgia,2024.0,2024.0,LV,13.0,,0.33333334
2024,6,00-0039338,B.Bowers,TE,LV,PIT,0,0,0.0,0,0.0,0.0,0.0,0,0.0,0,10,9,71.0,0,7.1,16.1,,,76.0,230.0,21.900764705882352,0.0,Georgia,2024.0,2024.0,LV,13.0,-19.0,0.27027026
2024,7,00-0039338,B.Bowers,TE,LV,LA,0,0,0.0,0,0.0,0.0,0.0,0,0.0,0,14,10,93.0,0,9.3,19.3,,,76.0,230.0,21.900764705882352,0.0,Georgia,2024.0,2024.0,LV,13.0,,0.4
2024,8,00-0039338,B.Bowers,TE,LV,KC,0,0,0.0,0,0.0,0.0,0.0,0,0.0,0,5,5,58.0,0,5.8,10.8,,,76.0,230.0,21.900764705882352,0.0,Georgia,2024.0,2024.0,LV,13.0,-7.0,0.18518518
2024,9,00-0039338,B.Bowers,TE,LV,CIN,0,0,0.0,0,0.0,0.0,0.0,0,0.0,0,8,5,45.0,1,10.5,15.5,,,76.0,230.0,21.900764705882352,0.0,Georgia,2024.0,2024.0,LV,13.0,,0.25
2024,11,00-0039338,B.Bowers,TE,LV,MIA,0,0,0.0,0,0.0,0.0,0.0,1,-3.0,0,16,13,126.0,1,18.3,31.3,,,76.0,230.0,21.900764705882352,0.0,Georgia,2024.0,2024.0,LV,13.0,,0.41025642
2024,12,00-0039338,B.Bowers,TE,LV,DEN,0,0,0.0,0,0.0,0.0,0.0,0,0.0,0,10,4,38.0,0,3.8,7.8,,,76.0,230.0,21.900764705882352,0.0,Georgia,2024.0,2024.0,LV,13.0,-10.0,0.2173913
2024,13,00-0039338,B.Bowers,TE,LV,KC,0,0,0.0,0,0.0,0.0,0.0,1,2.0,0,14,10,140.0,1,20.2,30.2,,,76.0,230.0,21.900764705882352,0.0,Georgia,2024.0,2024.0,LV,13.0,,0.4117647
2024,14,00-0039338,B.Bowers,TE,LV,TB,0,0,0.0,0,0.0,0.0,0.0,1,3.0,0,5,3,49.0,0,5.2,8.2,,,76.0,230.0,21.900764705882352,0.0,Georgia,2024.0,2024.0,LV,13.0,,0.14285715
2024,15,00-0039338,B.Bowers,TE,LV,ATL,0,0,0.0,0,0.0,0.0,0.0,0,0.0,0,6,3,35.0,0,3.5,6.5,,,76.0,230.0,21.900764705882352,0.0,Georgia,2024.0,2024.0,LV,13.0,-6.0,0.1764706
2024,16,00-0039338,B.Bowers,TE,LV,JAX,0,0,0.0,0,0.0,0.0,0.0,0,0.0,0,13,11,99.0,0,9.9,20.9,,,76.0,230.0,21.900764705882352,0.0,Georgia,2024.0,2024.0,LV,13.0,5.0,0.35135135
2024,17,00-0039338,B.Bowers,TE,LV,NO,0,0,0.0,0,0.0,0.0,0.0,1,-1.0,0,7,7,77.0,0,7.6,14.6,,,76.0,230.0,21.900764705882352,0.0,Georgia,2024.0,2024.0,LV,13.0,,0.2
2024,18,00-0039338,B.Bowers,TE,LV,LAC,0,0,0.0,0,0.0,0.0,0.0,0,0.0,0,9,4,50.0,1,11.0,15.0,,,76.0,230.0,21.900764705882352,0.0,Georgia,2024.0,2024.0,LV,13.0,-14.0,0.2647059
2024,1,00-0039342,X.Legette,WR,CAR,NO,0,0,0.0,0,0.0,0.0,0.0,0,0.0,0,7,4,35.0,0,3.5,7.5,,,75.0,227.0,23.76964705882353,0.0,South Carolina,2024.0,2024.0,CAR,32.0,,0.2413793
2024,3,00-0039342,X.Legette,WR,CAR,LV,0,0,0.0,0,0.0,0.0,0.0,0,0.0,0,3,2,42.0,0,4.2,6.2,,,75.0,227.0,23.76964705882353,0.0,South Carolina,2024.0,2024.0,CAR,32.0,,0.08108108
2024,4,00-0039342,X.Legette,WR,CAR,CIN,0,0,0.0,0,0.0,0.0,0.0,2,10.0,0,10,6,66.0,1,13.6,19.6,,,75.0,227.0,23.76964705882353,0.0,South Carolina,2024.0,2024.0,CAR,32.0,-10.0,0.25
2024,5,00-0039342,X.Legette,WR,CAR,CHI,0,0,0.0,0,0.0,0.0,0.0,0,0.0,0,1,1,8.0,0,0.8,1.8,,,75.0,227.0,23.76964705882353,0.0,South Carolina,2024.0,2024.0,CAR,32.0,,0.030303031
2024,6,00-0039342,X.Legette,WR,CAR,ATL,0,0,0.0,0,0.0,0.0,0.0,0,0.0,0,4,3,23.0,1,8.3,11.3,,,75.0,227.0,23.76964705882353,0.0,South Carolina,2024.0,2024.0,CAR,32.0,-18.0,0.10810811
2024,7,00-0039342,X.Legette,WR,CAR,WAS,0,0,0.0,0,0.0,0.0,0.0,1,6.0,0,3,2,3.0,0,0.9,2.9,,,75.0,227.0,23.76964705882353,0.0,South Carolina,2024.0,2024.0,CAR,32.0,,0.1764706
2024,8,00-0039342,X.Legette,WR,CAR,DEN,0,0,0.0,0,0.0,0.0,0.0,1,0.0,0,7,4,34.0,1,9.4,13.4,,,75.0,227.0,23.76964705882353,0.0,South Carolina,2024.0,2024.0,CAR,32.0,,0.2
2024,9,00-0039342,X.Legette,WR,CAR,NO,0,0,0.0,0,0.0,0.0,0.0,1,6.0,0,6,4,33.0,1,9.9,13.9,,,75.0,227.0,23.76964705882353,0.0,South Carolina,2024.0,2024.0,CAR,32.0,1.0,0.25
2024,10,00-0039342,X.Legette,WR,CAR,NYG,0,0,0.0,0,0.0,0.0,0.0,0,0.0,0,4,3,40.0,0,4.0,7.0,,,75.0,227.0,23.76964705882353,0.0,South Carolina,2024.0,2024.0,CAR,32.0,3.0,0.16
2024,12,00-0039342,X.Legette,WR,CAR,KC,0,0,0.0,0,0.0,0.0,0.0,0,0.0,0,6,4,56.0,0,5.6,9.6,,,75.0,227.0,23.76964705882353,0.0,South Carolina,2024.0,2024.0,CAR,32.0,-3.0,0.18181819
2024,13,00-0039342,X.Legette,WR,CAR,TB,0,0,0.0,0,0.0,0.0,0.0,0,0.0,0,8,4,53.0,0,5.3,9.3,,,75.0,227.0,23.76964705882353,0.0,South Carolina,2024.0,2024.0,CAR,32.0,-3.0,0.19512194
2024,14,00-0039342,X.Legette,WR,CAR,PHI,0,0,0.0,0,0.0,0.0,0.0,0,0.0,0,8,2,39.0,0,3.9,5.9,,,75.0,227.0,23.76964705882353,0.0,South Carolina,2024.0,2024.0,CAR,32.0,,0.24242425
2024,15,00-0039342,X.Legette,WR,CAR,DAL,0,0,0.0,0,0.0,0.0,0.0,1,2.0,0,3,2,7.0,0,0.9,2.9,,,75.0,227.0,23.76964705882353,0.0,South Carolina,2024.0,2024.0,CAR,32.0,-16.0,0.11111111
2024,17,00-0039342,X.Legette,WR,CAR,TB,0,0,0.0,0,0.0,0.0,0.0,0,0.0,0,9,5,28.0,0,2.8,7.8,,,75.0,227.0,23.76964705882353,0.0,South Carolina,2024.0,2024.0,CAR,32.0,,0.4090909
2024,18,00-0039342,X.Legette,WR,CAR,ATL,0,0,0.0,0,0.0,0.0,0.0,0,0.0,0,5,3,30.0,0,3.0,6.0,,,75.0,227.0,23.76964705882353,0.0,South Carolina,2024.0,2024.0,CAR,32.0,,0.14285715
2024,12,00-0039344,J.Brooks,RB,CAR,KC,0,0,0.0,0,0.0,0.0,0.0,2,7.0,0,0,0,0.0,0,0.7,0.7,,,72.0,207.0,21.297470588235296,0.0,Texas,2024.0,2024.0,CAR,46.0,-3.0,
2024,13,00-0039344,J.Brooks,RB,CAR,TB,0,0,0.0,0,0.0,0.0,0.0,6,18.0,0,3,3,23.0,0,4.1,7.1,,,72.0,207.0,21.297470588235296,0.0,Texas,2024.0,2024.0,CAR,46.0,-3.0,0.07317073
2024,14,00-0039344,J.Brooks,RB,CAR,PHI,0,0,0.0,0,0.0,0.0,0.0,1,-3.0,0,0,0,0.0,0,-0.3,-0.3,,,72.0,207.0,21.297470588235296,0.0,Texas,2024.0,2024.0,CAR,46.0,,
2024,1,00-0039355,L.McCaffrey,WR,WAS,TB,0,0,0.0,0,0.0,0.0,0.0,0,0.0,0,3,3,18.0,0,1.8,4.8,,,74.0,195.0,23.62425,0.0,Rice,2024.0,2024.0,WAS,100.0,,0.125
2024,3,00-0039355,L.McCaffrey,WR,WAS,CIN,0,0,0.0,0,0.0,0.0,0.0,0,0.0,0,3,3,44.0,0,4.4,7.4,,,74.0,195.0,23.62425,0.0,Rice,2024.0,2024.0,WAS,100.0,,0.13043478
2024,4,00-0039355,L.McCaffrey,WR,WAS,ARI,0,0,0.0,0,0.0,0.0,0.0,0,0.0,0,1,1,17.0,0,1.7,2.7,,,74.0,195.0,23.62425,0.0,Rice,2024.0,2024.0,WAS,100.0,,0.033333335
2024,5,00-0039355,L.McCaffrey,WR,WAS,CLE,0,0,0.0,0,0.0,0.0,0.0,0,0.0,0,3,3,19.0,0,1.9,4.9,,,74.0,195.0,23.62425,0.0,Rice,2024.0,2024.0,WAS,100.0,21.0,0.11111111
2024,6,00-0039355,L.McCaffrey,WR,WAS,BAL,0,0,0.0,0,0.0,0.0,0.0,0,0.0,0,1,1,5.0,0,0.5,1.5,,,74.0,195.0,23.62425,0.0,Rice,2024.0,2024.0,WAS,100.0,,0.030303031
2024,8,00-0039355,L.McCaffrey,WR,WAS,CHI,0,0,0.0,0,0.0,0.0,0.0,0,0.0,0,2,1,8.0,0,0.8,1.8,,,74.0,195.0,23.62425,0.0,Rice,2024.0,2024.0,WAS,100.0,3.0,0.05882353
2024,10,00-0039355,L.McCaffrey,WR,WAS,PIT,0,0,0.0,0,0.0,0.0,0.0,0,0.0,0,3,1,23.0,0,2.3,3.3,,,74.0,195.0,23.62425,0.0,Rice,2024.0,2024.0,WAS,100.0,-1.0,0.09375
2024,11,00-0039355,L.McCaffrey,WR,WAS,PHI,0,0,0.0,0,0.0,0.0,0.0,0,0.0,0,1,0,0.0,0,0.0,0.0,,,74.0,195.0,23.62425,0.0,Rice,2024.0,2024.0,WAS,100.0,,0.03125
2024,12,00-0039355,L.McCaffrey,WR,WAS,DAL,0,0,0.0,0,0.0,0.0,0.0,0,0.0,0,1,1,8.0,0,0.8,1.8,,,74.0,195.0,23.62425,0.0,Rice,2024.0,2024.0,WAS,100.0,-8.0,0.029411765
2024,13,00-0039355,L.McCaffrey,WR,WAS,TEN,0,0,0.0,0,0.0,0.0,0.0,0,0.0,0,2,2,13.0,0,1.3,3.3,,,74.0,195.0,23.62425,0.0,Rice,2024.0,2024.0,WAS,100.0,23.0,0.06666667
2024,15,00-0039355,L.McCaffrey,WR,WAS,NO,0,0,0.0,0,0.0,0.0,0.0,0,0.0,0,1,1,0.0,0,0.0,1.0,,,74.0,195.0,23.62425,0.0,Rice,2024.0,2024.0,WAS,100.0,,0.032258064
2024,16,00-0039355,L.McCaffrey,WR,WAS,PHI,0,0,0.0,0,0.0,0.0,0.0,0,0.0,0,3,1,13.0,0,1.3,2.3,,,74.0,195.0,23.62425,0.0,Rice,2024.0,2024.0,WAS,100.0,3.0,0.083333336
2024,21,00-0039355,L.McCaffrey,WR,WAS,PHI,0,0,0.0,0,0.0,0.0,0.0,0,0.0,0,1,0,0.0,0,0.0,0.0,,,74.0,195.0,23.62425,0.0,Rice,2024.0,2024.0,WAS,100.0,,0.021276595
2024,1,00-0039356,J.Sanders,TE,CAR,NO,0,0,0.0,0,0.0,0.0,0.0,0,0.0,0,1,1,4.0,0,0.4,1.4,,,76.0,243.0,21.615,0.0,Texas,2024.0,2024.0,CAR,101.0,,0.03448276
2024,2,00-0039356,J.Sanders,TE,CAR,LAC,0,0,0.0,0,0.0,0.0,0.0,0,0.0,0,2,2,8.0,0,0.8,2.8,,,76.0,243.0,21.615,0.0,Texas,2024.0,2024.0,CAR,101.0,-23.0,0.07692308
2024,3,00-0039356,J.Sanders,TE,CAR,LV,0,0,0.0,0,0.0,0.0,0.0,0,0.0,0,1,0,0.0,0,0.0,0.0,,,76.0,243.0,21.615,0.0,Texas,2024.0,2024.0,CAR,101.0,,0.027027028
2024,4,00-0039356,J.Sanders,TE,CAR,CIN,0,0,0.0,0,0.0,0.0,0.0,0,0.0,0,2,2,16.0,0,1.6,3.6,,,76.0,243.0,21.615,0.0,Texas,2024.0,2024.0,CAR,101.0,-10.0,0.05
2024,5,00-0039356,J.Sanders,TE,CAR,CHI,0,0,0.0,0,0.0,0.0,0.0,0,0.0,0,5,3,13.0,0,1.3,4.3,,,76.0,243.0,21.615,0.0,Texas,2024.0,2024.0,CAR,101.0,,0.15151516
2024,6,00-0039356,J.Sanders,TE,CAR,ATL,0,0,0.0,0,0.0,0.0,0.0,0,0.0,0,7,5,49.0,0,4.9,9.9,,,76.0,243.0,21.615,0.0,Texas,2024.0,2024.0,CAR,101.0,-18.0,0.1891892
2024,7,00-0039356,J.Sanders,TE,CAR,WAS,0,0,0.0,0,0.0,0.0,0.0,0,0.0,0,6,6,61.0,0,6.1,12.1,,,76.0,243.0,21.615,0.0,Texas,2024.0,2024.0,CAR,101.0,,0.3529412
2024,8,00-0039356,J.Sanders,TE,CAR,DEN,0,0,0.0,0,0.0,0.0,0.0,0,0.0,0,1,1,7.0,0,0.7,1.7,,,76.0,243.0,21.615,0.0,Texas,2024.0,2024.0,CAR,101.0,,0.028571429
2024,9,00-0039356,J.Sanders,TE,CAR,NO,0,0,0.0,0,0.0,0.0,0.0,0,0.0,0,5,4,87.0,0,8.7,12.7,,,76.0,243.0,21.615,0.0,Texas,2024.0,2024.0,CAR,101.0,1.0,0.20833333
2024,10,00-0039356,J.Sanders,TE,CAR,NYG,0,0,0.0,0,0.0,0.0,0.0,0,0.0,0,2,2,8.0,1,6.8,8.8,,,76.0,243.0,21.615,0.0,Texas,2024.0,2024.0,CAR,101.0,3.0,0.08
2024,12,00-0039356,J.Sanders,TE,CAR,KC,0,0,0.0,0,0.0,0.0,0.0,0,0.0,0,3,3,49.0,0,4.9,7.9,,,76.0,243.0,21.615,0.0,Texas,2024.0,2024.0,CAR,101.0,-3.0,0.09090909
2024,14,00-0039356,J.Sanders,TE,CAR,PHI,0,0,0.0,0,0.0,0.0,0.0,0,0.0,0,1,0,0.0,0,0.0,0.0,,,76.0,243.0,21.615,0.0,Texas,2024.0,2024.0,CAR,101.0,,0.030303031
2024,15,00-0039356,J.Sanders,TE,CAR,DAL,0,0,0.0,0,0.0,0.0,0.0,0,0.0,0,1,0,0.0,0,0.0,0.0,,,76.0,243.0,21.615,0.0,Texas,2024.0,2024.0,CAR,101.0,-16.0,0.037037037
2024,17,00-0039356,J.Sanders,TE,CAR,TB,0,0,0.0,0,0.0,0.0,0.0,0,0.0,0,1,1,5.0,0,0.5,1.5,,,76.0,243.0,21.615,0.0,Texas,2024.0,2024.0,CAR,101.0,,0.045454547
2024,18,00-0039356,J.Sanders,TE,CAR,ATL,0,0,0.0,0,0.0,0.0,0.0,0,0.0,0,5,3,35.0,0,3.5,6.5,,,76.0,243.0,21.615,0.0,Texas,2024.0,2024.0,CAR,101.0,,0.14285715
2024,2,00-0039359,C.Stover,TE,HOU,CHI,0,0,0.0,0,0.0,0.0,0.0,0,0.0,0,1,1,18.0,0,1.8,2.8,,,76.0,251.0,24.41815789473684,0.0,Ohio State,2024.0,2024.0,HOU,123.0,6.0,0.029411765
2024,4,00-0039359,C.Stover,TE,HOU,JAX,0,0,0.0,0,0.0,0.0,0.0,0,0.0,0,1,1,27.0,0,2.7,3.7,,,76.0,251.0,24.41815789473684,0.0,Ohio State,2024.0,2024.0,HOU,123.0,4.0,0.025641026
2024,5,00-0039359,C.Stover,TE,HOU,BUF,0,0,0.0,0,0.0,0.0,0.0,0,0.0,0,2,2,6.0,0,0.6,2.6,,,76.0,251.0,24.41815789473684,0.0,Ohio State,2024.0,2024.0,HOU,123.0,3.0,0.057142857
2024,6,00-0039359,C.Stover,TE,HOU,NE,0,0,0.0,0,0.0,0.0,0.0,0,0.0,0,1,0,0.0,0,0.0,0.0,,,76.0,251.0,24.41815789473684,0.0,Ohio State,2024.0,2024.0,HOU,123.0,,0.032258064
2024,7,00-0039359,C.Stover,TE,HOU,GB,0,0,0.0,0,0.0,0.0,0.0,0,0.0,0,1,1,15.0,0,1.5,2.5,,,76.0,251.0,24.41815789473684,0.0,Ohio State,2024.0,2024.0,HOU,123.0,,0.05263158
2024,8,00-0039359,C.Stover,TE,HOU,IND,0,0,0.0,0,0.0,0.0,0.0,0,0.0,0,3,2,19.0,0,1.9,3.9,,,76.0,251.0,24.41815789473684,0.0,Ohio State,2024.0,2024.0,HOU,123.0,3.0,0.083333336
2024,9,00-0039359,C.Stover,TE,HOU,NYJ,0,0,0.0,0,0.0,0.0,0.0,0,0.0,0,2,0,0.0,0,0.0,0.0,,,76.0,251.0,24.41815789473684,0.0,Ohio State,2024.0,2024.0,HOU,123.0,,0.06896552
2024,10,00-0039359,C.Stover,TE,HOU,DET,0,0,0.0,0,0.0,0.0,0.0,0,0.0,0,2,1,2.0,0,0.2,1.2,,,76.0,251.0,24.41815789473684,0.0,Ohio State,2024.0,2024.0,HOU,123.0,-3.0,0.0625
2024,11,00-0039359,C.Stover,TE,HOU,DAL,0,0,0.0,0,0.0,0.0,0.0,0,0.0,0,2,2,15.0,0,1.5,3.5,,,76.0,251.0,24.41815789473684,0.0,Ohio State,2024.0,2024.0,HOU,123.0,,0.060606062
2024,12,00-0039359,C.Stover,TE,HOU,TEN,0,0,0.0,0,0.0,0.0,0.0,0,0.0,0,4,3,26.0,1,8.6,11.6,,,76.0,251.0,24.41815789473684,0.0,Ohio State,2024.0,2024.0,HOU,123.0,-5.0,0.12903225
2024,13,00-0039359,C.Stover,TE,HOU,JAX,0,0,0.0,0,0.0,0.0,0.0,0,0.0,0,1,1,4.0,0,0.4,1.4,,,76.0,251.0,24.41815789473684,0.0,Ohio State,2024.0,2024.0,HOU,123.0,,0.030303031
2024,17,00-0039359,C.Stover,TE,HOU,BAL,0,0,0.0,0,0.0,0.0,0.0,0,0.0,0,1,1,1.0,0,0.1,1.1,,,76.0,251.0,24.41815789473684,0.0,Ohio State,2024.0,2024.0,HOU,123.0,-29.0,0.032258064
2024,18,00-0039359,C.Stover,TE,HOU,TEN,0,0,0.0,0,0.0,0.0,0.0,0,0.0,0,1,0,0.0,0,0.0,0.0,,,76.0,251.0,24.41815789473684,0.0,Ohio State,2024.0,2024.0,HOU,123.0,,0.035714287
2024,19,00-0039359,C.Stover,TE,HOU,LAC,0,0,0.0,0,0.0,0.0,0.0,0,0.0,0,4,4,28.0,0,2.8,6.8,,,76.0,251.0,24.41815789473684,0.0,Ohio State,2024.0,2024.0,HOU,123.0,20.0,0.125
2024,1,00-0039361,B.Irving,RB,TB,WAS,0,0,0.0,0,0.0,0.0,0.0,9,62.0,0,3,2,14.0,0,7.6,9.6,,,70.0,195.0,22.22738888888889,0.0,Oregon,2024.0,2024.0,TB,125.0,17.0,0.1
2024,2,00-0039361,B.Irving,RB,TB,DET,0,0,0.0,0,0.0,0.0,0.0,7,22.0,0,0,0,0.0,0,2.2,2.2,,,70.0,195.0,22.22738888888889,0.0,Oregon,2024.0,2024.0,TB,125.0,,
2024,3,00-0039361,B.Irving,RB,TB,DEN,0,0,0.0,0,0.0,0.0,0.0,9,70.0,0,3,3,14.0,0,8.4,11.4,,,70.0,195.0,22.22738888888889,0.0,Oregon,2024.0,2024.0,TB,125.0,-19.0,0.09375
2024,4,00-0039361,B.Irving,RB,TB,PHI,0,0,0.0,0,0.0,0.0,0.0,10,49.0,1,2,1,6.0,0,11.5,12.5,,,70.0,195.0,22.22738888888889,0.0,Oregon,2024.0,2024.0,TB,125.0,17.0,0.04255319
2024,5,00-0039361,B.Irving,RB,TB,ATL,0,0,0.0,0,0.0,0.0,0.0,9,44.0,0,2,2,12.0,0,3.6,5.6,,,70.0,195.0,22.22738888888889,0.0,Oregon,2024.0,2024.0,TB,125.0,,0.083333336
2024,6,00-0039361,B.Irving,RB,TB,NO,0,0,0.0,0,0.0,0.0,0.0,14,81.0,1,2,2,24.0,0,16.5,18.5,,,70.0,195.0,22.22738888888889,0.0,Oregon,2024.0,2024.0,TB,125.0,,0.055555556
2024,7,00-0039361,B.Irving,RB,TB,BAL,0,0,0.0,0,0.0,0.0,0.0,9,23.0,1,3,3,54.0,0,13.7,16.7,,,70.0,195.0,22.22738888888889,0.0,Oregon,2024.0,2024.0,TB,125.0,-10.0,0.06666667
2024,8,00-0039361,B.Irving,RB,TB,ATL,0,0,0.0,0,0.0,0.0,0.0,9,44.0,0,7,7,40.0,0,8.4,15.4,,,70.0,195.0,22.22738888888889,0.0,Oregon,2024.0,2024.0,TB,125.0,-5.0,0.1521739
2024,9,00-0039361,B.Irving,RB,TB,KC,0,0,0.0,0,0.0,0.0,0.0,7,24.0,0,3,3,10.0,0,3.4,6.4,,,70.0,195.0,22.22738888888889,0.0,Oregon,2024.0,2024.0,TB,125.0,,0.09677419
2024,10,00-0039361,B.Irving,RB,TB,SF,0,0,0.0,0,0.0,0.0,0.0,13,73.0,1,3,3,14.0,0,14.7,17.7,,,70.0,195.0,22.22738888888889,0.0,Oregon,2024.0,2024.0,TB,125.0,-3.0,0.10344828
2024,12,00-0039361,B.Irving,RB,TB,NYG,0,0,0.0,0,0.0,0.0,0.0,12,88.0,1,6,6,64.0,0,21.2,27.2,,,70.0,195.0,22.22738888888889,0.0,Oregon,2024.0,2024.0,TB,125.0,,0.2
2024,13,00-0039361,B.Irving,RB,TB,CAR,0,0,0.0,0,0.0,0.0,0.0,25,152.0,1,3,3,33.0,0,24.5,27.5,,,70.0,195.0,22.22738888888889,0.0,Oregon,2024.0,2024.0,TB,125.0,,0.0882353
2024,14,00-0039361,B.Irving,RB,TB,LV,0,0,0.0,0,0.0,0.0,0.0,4,3.0,0,1,1,15.0,0,1.8,2.8,,,70.0,195.0,22.22738888888889,0.0,Oregon,2024.0,2024.0,TB,125.0,15.0,0.035714287
2024,15,00-0039361,B.Irving,RB,TB,LAC,0,0,0.0,0,0.0,0.0,0.0,15,117.0,0,2,2,-4.0,0,11.3,13.3,,,70.0,195.0,22.22738888888889,0.0,Oregon,2024.0,2024.0,TB,125.0,,0.07692308
2024,16,00-0039361,B.Irving,RB,TB,DAL,0,0,0.0,0,0.0,0.0,0.0,16,68.0,1,3,3,24.0,0,15.2,18.2,,,70.0,195.0,22.22738888888889,0.0,Oregon,2024.0,2024.0,TB,125.0,,0.069767445
2024,17,00-0039361,B.Irving,RB,TB,CAR,0,0,0.0,0,0.0,0.0,0.0,20,113.0,0,4,4,77.0,0,19.0,23.0,,,70.0,195.0,22.22738888888889,0.0,Oregon,2024.0,2024.0,TB,125.0,34.0,0.125
2024,18,00-0039361,B.Irving,RB,TB,NO,0,0,0.0,0,0.0,0.0,0.0,19,89.0,1,5,2,-5.0,0,14.4,16.4,,,70.0,195.0,22.22738888888889,0.0,Oregon,2024.0,2024.0,TB,125.0,8.0,0.16129032
2024,19,00-0039361,B.Irving,RB,TB,WAS,0,0,0.0,0,0.0,0.0,0.0,17,77.0,0,2,2,6.0,1,14.3,16.3,,,70.0,195.0,22.22738888888889,0.0,Oregon,2024.0,2024.0,TB,125.0,-3.0,0.11764706
2024,2,00-0039363,I.Guerendo,RB,SF,MIN,0,0,0.0,0,0.0,0.0,0.0,1,0.0,0,0,0,0.0,0,0.0,0.0,,,72.0,225.0,24.36,0.0,Louisville,2024.0,2024.0,SF,129.0,,
2024,3,00-0039363,I.Guerendo,RB,SF,LA,0,0,0.0,0,0.0,0.0,0.0,5,19.0,0,0,0,0.0,0,1.9,1.9,,,72.0,225.0,24.36,0.0,Louisville,2024.0,2024.0,SF,129.0,,
2024,4,00-0039363,I.Guerendo,RB,SF,NE,0,0,0.0,0,0.0,0.0,0.0,1,0.0,0,0,0,0.0,0,0.0,0.0,,,72.0,225.0,24.36,0.0,Louisville,2024.0,2024.0,SF,129.0,17.0,
2024,5,00-0039363,I.Guerendo,RB,SF,ARI,0,0,0.0,0,0.0,0.0,0.0,5,22.0,0,0,0,0.0,0,2.2,2.2,,,72.0,225.0,24.36,0.0,Louisville,2024.0,2024.0,SF,129.0,-1.0,
2024,6,00-0039363,I.Guerendo,RB,SF,SEA,0,0,0.0,0,0.0,0.0,0.0,10,99.0,0,0,0,0.0,0,9.9,9.9,,,72.0,225.0,24.36,0.0,Louisville,2024.0,2024.0,SF,129.0,,
2024,7,00-0039363,I.Guerendo,RB,SF,KC,0,0,0.0,0,0.0,0.0,0.0,1,2.0,0,1,1,5.0,0,0.7,1.7,,,72.0,225.0,24.36,0.0,Louisville,2024.0,2024.0,SF,129.0,-10.0,0.032258064
2024,8,00-0039363,I.Guerendo,RB,SF,DAL,0,0,0.0,0,0.0,0.0,0.0,14,85.0,1,4,3,17.0,0,16.2,19.2,,,72.0,225.0,24.36,0.0,Louisville,2024.0,2024.0,SF,129.0,6.0,0.16
2024,10,00-0039363,I.Guerendo,RB,SF,TB,0,0,0.0,0,0.0,0.0,0.0,1,0.0,0,0,0,0.0,0,0.0,0.0,,,72.0,225.0,24.36,0.0,Louisville,2024.0,2024.0,SF,129.0,,
2024,13,00-0039363,I.Guerendo,RB,SF,BUF,0,0,0.0,0,0.0,0.0,0.0,4,19.0,1,1,1,-3.0,0,7.6,8.6,,,72.0,225.0,24.36,0.0,Louisville,2024.0,2024.0,SF,129.0,,0.05882353
2024,14,00-0039363,I.Guerendo,RB,SF,CHI,0,0,0.0,0,0.0,0.0,0.0,15,78.0,2,2,2,50.0,0,24.8,26.8,,,72.0,225.0,24.36,0.0,Louisville,2024.0,2024.0,SF,129.0,25.0,0.07692308
2024,15,00-0039363,I.Guerendo,RB,SF,LA,0,0,0.0,0,0.0,0.0,0.0,16,57.0,0,4,4,18.0,0,7.5,11.5,,,72.0,225.0,24.36,0.0,Louisville,2024.0,2024.0,SF,129.0,-6.0,0.12903225
2024,17,00-0039363,I.Guerendo,RB,SF,DET,0,0,0.0,0,0.0,0.0,0.0,9,34.0,0,4,4,65.0,0,9.9,13.9,,,72.0,225.0,24.36,0.0,Louisville,2024.0,2024.0,SF,129.0,-6.0,0.11111111
2024,18,00-0039363,I.Guerendo,RB,SF,ARI,0,0,0.0,0,0.0,0.0,0.0,2,5.0,0,0,0,0.0,0,0.5,0.5,,,72.0,225.0,24.36,0.0,Louisville,2024.0,2024.0,SF,129.0,,
2024,2,00-0039364,S.Vaki,RB,DET,TB,0,0,0.0,0,0.0,0.0,0.0,0,0.0,0,1,1,17.0,0,1.7,2.7,,,71.0,208.0,23.28838888888889,0.0,Utah,2024.0,2024.0,DET,132.0,-4.0,0.018867925
2024,6,00-0039364,S.Vaki,RB,DET,DAL,0,0,0.0,0,0.0,0.0,0.0,1,5.0,0,0,0,0.0,0,0.5,0.5,,,71.0,208.0,23.28838888888889,0.0,Utah,2024.0,2024.0,DET,132.0,,
2024,11,00-0039364,S.Vaki,RB,DET,JAX,0,0,0.0,0,0.0,0.0,0.0,5,9.0,0,0,0,0.0,0,0.9,0.9,,,71.0,208.0,23.28838888888889,0.0,Utah,2024.0,2024.0,DET,132.0,46.0,
2024,16,00-0039364,S.Vaki,RB,DET,CHI,0,0,0.0,0,0.0,0.0,0.0,0,0.0,0,2,2,20.0,0,2.0,4.0,,,71.0,208.0,23.28838888888889,0.0,Utah,2024.0,2024.0,DET,132.0,,0.0625
2024,7,00-0039365,J.Cowing,WR,SF,KC,0,0,0.0,0,0.0,0.0,0.0,0,0.0,0,3,2,50.0,0,5.0,7.0,,,69.0,170.0,23.754941176470588,0.0,Arizona,2024.0,2024.0,SF,135.0,-10.0,0.09677419
2024,14,00-0039365,J.Cowing,WR,SF,CHI,0,0,0.0,0,0.0,0.0,0.0,0,0.0,0,1,0,0.0,0,0.0,0.0,,,69.0,170.0,23.754941176470588,0.0,Arizona,2024.0,2024.0,SF,135.0,25.0,0.03846154
2024,18,00-0039365,J.Cowing,WR,SF,ARI,0,0,0.0,0,0.0,0.0,0.0,1,7.0,0,2,2,30.0,0,3.7,5.7,,,69.0,170.0,23.754941176470588,0.0,Arizona,2024.0,2024.0,SF,135.0,,0.04761905
2024,1,00-0039373,A.Estime,RB,DEN,SEA,0,0,0.0,0,0.0,0.0,0.0,2,14.0,0,0,0,0.0,0,1.4,1.4,,,71.0,227.0,21.174777777777777,0.0,Notre Dame,2024.0,2024.0,DEN,147.0,,
2024,6,00-0039373,A.Estime,RB,DEN,LAC,0,0,0.0,0,0.0,0.0,0.0,2,13.0,0,0,0,0.0,0,1.3,1.3,,,71.0,227.0,21.174777777777777,0.0,Notre Dame,2024.0,2024.0,DEN,147.0,-7.0,
2024,7,00-0039373,A.Estime,RB,DEN,NO,0,0,0.0,0,0.0,0.0,0.0,5,29.0,0,0,0,0.0,0,0.9,0.9,,,71.0,227.0,21.174777777777777,0.0,Notre Dame,2024.0,2024.0,DEN,147.0,,
2024,8,00-0039373,A.Estime,RB,DEN,CAR,0,0,0.0,0,0.0,0.0,0.0,1,4.0,0,0,0,0.0,0,0.4,0.4,,,71.0,227.0,21.174777777777777,0.0,Notre Dame,2024.0,2024.0,DEN,147.0,14.0,
2024,9,00-0039373,A.Estime,RB,DEN,BAL,0,0,0.0,0,0.0,0.0,0.0,5,35.0,0,0,0,0.0,0,3.5,3.5,,,71.0,227.0,21.174777777777777,0.0,Notre Dame,2024.0,2024.0,DEN,147.0,,
2024,10,00-0039373,A.Estime,RB,DEN,KC,0,0,0.0,0,0.0,0.0,0.0,14,53.0,0,0,0,0.0,0,5.3,5.3,,,71.0,227.0,21.174777777777777,0.0,Notre Dame,2024.0,2024.0,DEN,147.0,,
2024,11,00-0039373,A.Estime,RB,DEN,ATL,0,0,0.0,0,0.0,0.0,0.0,6,16.0,0,3,3,9.0,0,2.5,5.5,,,71.0,227.0,21.174777777777777,0.0,Notre Dame,2024.0,2024.0,DEN,147.0,32.0,0.09375
2024,12,00-0039373,A.Estime,RB,DEN,LV,0,0,0.0,0,0.0,0.0,0.0,3,15.0,0,0,0,0.0,0,1.5,1.5,,,71.0,227.0,21.174777777777777,0.0,Notre Dame,2024.0,2024.0,DEN,147.0,,
2024,13,00-0039373,A.Estime,RB,DEN,CLE,0,0,0.0,0,0.0,0.0,0.0,3,12.0,0,0,0,0.0,0,1.2,1.2,,,71.0,227.0,21.174777777777777,0.0,Notre Dame,2024.0,2024.0,DEN,147.0,9.0,
2024,15,00-0039373,A.Estime,RB,DEN,IND,0,0,0.0,0,0.0,0.0,0.0,5,13.0,0,1,1,5.0,0,1.8,2.8,,,71.0,227.0,21.174777777777777,0.0,Notre Dame,2024.0,2024.0,DEN,147.0,18.0,0.03125
2024,16,00-0039373,A.Estime,RB,DEN,LAC,0,0,0.0,0,0.0,0.0,0.0,9,48.0,1,0,0,0.0,0,10.8,10.8,,,71.0,227.0,21.174777777777777,0.0,Notre Dame,2024.0,2024.0,DEN,147.0,,
2024,17,00-0039373,A.Estime,RB,DEN,CIN,0,0,0.0,0,0.0,0.0,0.0,9,24.0,0,1,1,13.0,0,3.7,4.7,,,71.0,227.0,21.174777777777777,0.0,Notre Dame,2024.0,2024.0,DEN,147.0,,0.032258064
2024,18,00-0039373,A.Estime,RB,DEN,KC,0,0,0.0,0,0.0,0.0,0.0,12,34.0,1,0,0,0.0,0,9.4,9.4,,,71.0,227.0,21.174777777777777,0.0,Notre Dame,2024.0,2024.0,DEN,147.0,38.0,
2024,6,00-0039376,S.Rattler,QB,NO,TB,22,40,243.0,1,2.0,5.0,21.0,4,27.0,0,0,0,0.0,0,12.42,12.42,,,72.0,218.0,24.105176470588237,0.0,South Carolina,2024.0,2024.0,NO,150.0,-24.0,
2024,7,00-0039376,S.Rattler,QB,NO,DEN,25,35,172.0,0,0.0,6.0,36.0,5,34.0,0,0,0,0.0,0,6.28,6.28,,,72.0,218.0,24.105176470588237,0.0,South Carolina,2024.0,2024.0,NO,150.0,-23.0,
2024,8,00-0039376,S.Rattler,QB,NO,LAC,12,24,156.0,0,0.0,3.0,16.0,0,0.0,0,0,0,0.0,0,6.24,6.24,,,72.0,218.0,24.105176470588237,0.0,South Carolina,2024.0,2024.0,NO,150.0,,
2024,15,00-0039376,S.Rattler,QB,NO,WAS,10,21,135.0,1,0.0,0.0,-0.0,0,0.0,0,0,0,0.0,0,9.4,9.4,,,72.0,218.0,24.105176470588237,0.0,South Carolina,2024.0,2024.0,NO,150.0,-1.0,
2024,16,00-0039376,S.Rattler,QB,NO,GB,15,30,153.0,0,1.0,3.0,24.0,5,28.0,0,0,0,0.0,0,4.92,4.92,,,72.0,218.0,24.105176470588237,0.0,South Carolina,2024.0,2024.0,NO,150.0,,
2024,17,00-0039376,S.Rattler,QB,NO,LV,20,36,218.0,1,2.0,3.0,27.0,3,46.0,0,0,0,0.0,0,13.32,13.32,,,72.0,218.0,24.105176470588237,0.0,South Carolina,2024.0,2024.0,NO,150.0,-15.0,
2024,18,00-0039376,S.Rattler,QB,NO,TB,26,42,240.0,1,0.0,2.0,12.0,1,11.0,0,0,0,0.0,0,14.7,14.7,,,72.0,218.0,24.105176470588237,0.0,South Carolina,2024.0,2024.0,NO,150.0,,
2024,11,00-0039379,J.Thrash,WR,CLE,NO,0,0,0.0,0,0.0,0.0,0.0,0,0.0,0,1,1,11.0,0,1.1,2.1,,,72.0,185.0,23.882529411764704,0.0,Louisville,2024.0,2024.0,CLE,156.0,,0.022222223
2024,13,00-0039379,J.Thrash,WR,CLE,DEN,0,0,0.0,0,0.0,0.0,0.0,0,0.0,0,2,2,11.0,0,1.1,3.1,,,72.0,185.0,23.882529411764704,0.0,Louisville,2024.0,2024.0,CLE,156.0,,0.03508772
2024,15,00-0039379,J.Thrash,WR,CLE,KC,0,0,0.0,0,0.0,0.0,0.0,0,0.0,0,1,0,0.0,0,0.0,0.0,,,72.0,185.0,23.882529411764704,0.0,Louisville,2024.0,2024.0,CLE,156.0,-14.0,0.03125
2024,16,00-0039379,J.Thrash,WR,CLE,CIN,0,0,0.0,0,0.0,0.0,0.0,0,0.0,0,1,0,0.0,0,0.0,0.0,,,72.0,185.0,23.882529411764704,0.0,Louisville,2024.0,2024.0,CLE,156.0,,0.032258064
2024,17,00-0039379,J.Thrash,WR,CLE,MIA,0,0,0.0,0,0.0,0.0,0.0,0,0.0,0,1,0,0.0,0,0.0,0.0,,,72.0,185.0,23.882529411764704,0.0,Louisville,2024.0,2024.0,CLE,156.0,-17.0,0.023255814
2024,18,00-0039379,J.Thrash,WR,CLE,BAL,0,0,0.0,0,0.0,0.0,0.0,0,0.0,0,1,0,0.0,0,0.0,0.0,,,72.0,185.0,23.882529411764704,0.0,Louisville,2024.0,2024.0,CLE,156.0,,0.030303031
2024,1,00-0039384,T.Tracy,RB,NYG,MIN,0,0,0.0,0,0.0,0.0,0.0,2,2.0,0,3,1,5.0,0,0.7,1.7,,,71.0,210.0,24.95435294117647,0.0,Purdue,2024.0,2024.0,NYG,166.0,-22.0,0.078947365
2024,2,00-0039384,T.Tracy,RB,NYG,WAS,0,0,0.0,0,0.0,0.0,0.0,1,2.0,0,0,0,0.0,0,0.2,0.2,,,71.0,210.0,24.95435294117647,0.0,Purdue,2024.0,2024.0,NYG,166.0,,
2024,3,00-0039384,T.Tracy,RB,NYG,CLE,0,0,0.0,0,0.0,0.0,0.0,5,23.0,0,2,2,17.0,0,4.0,6.0,,,71.0,210.0,24.95435294117647,0.0,Purdue,2024.0,2024.0,NYG,166.0,,0.060606062
2024,4,00-0039384,T.Tracy,RB,NYG,DAL,0,0,0.0,0,0.0,0.0,0.0,4,2.0,0,1,1,19.0,0,2.1,3.1,,,71.0,210.0,24.95435294117647,0.0,Purdue,2024.0,2024.0,NYG,166.0,-5.0,0.02631579
2024,5,00-0039384,T.Tracy,RB,NYG,SEA,0,0,0.0,0,0.0,0.0,0.0,18,129.0,0,2,1,1.0,0,13.0,14.0,,,71.0,210.0,24.95435294117647,0.0,Purdue,2024.0,2024.0,NYG,166.0,,0.06451613
2024,6,00-0039384,T.Tracy,RB,NYG,CIN,0,0,0.0,0,0.0,0.0,0.0,17,50.0,1,6,6,57.0,0,16.7,22.7,,,71.0,210.0,24.95435294117647,0.0,Purdue,2024.0,2024.0,NYG,166.0,-10.0,0.16666667
2024,7,00-0039384,T.Tracy,RB,NYG,PHI,0,0,0.0,0,0.0,0.0,0.0,6,23.0,0,3,3,9.0,0,3.2,6.2,,,71.0,210.0,24.95435294117647,0.0,Purdue,2024.0,2024.0,NYG,166.0,-25.0,0.11111111
2024,8,00-0039384,T.Tracy,RB,NYG,PIT,0,0,0.0,0,0.0,0.0,0.0,20,145.0,1,3,2,5.0,0,21.0,23.0,,,71.0,210.0,24.95435294117647,0.0,Purdue,2024.0,2024.0,NYG,166.0,,0.08108108
2024,9,00-0039384,T.Tracy,RB,NYG,WAS,0,0,0.0,0,0.0,0.0,0.0,16,66.0,0,1,1,3.0,0,6.9,7.9,,,71.0,210.0,24.95435294117647,0.0,Purdue,2024.0,2024.0,NYG,166.0,-5.0,0.03846154
2024,10,00-0039384,T.Tracy,RB,NYG,CAR,0,0,0.0,0,0.0,0.0,0.0,18,103.0,1,2,1,1.0,0,14.4,15.4,,,71.0,210.0,24.95435294117647,0.0,Purdue,2024.0,2024.0,NYG,166.0,,0.0625
2024,12,00-0039384,T.Tracy,RB,NYG,TB,0,0,0.0,0,0.0,0.0,0.0,9,42.0,0,4,4,28.0,0,5.0,9.0,,,71.0,210.0,24.95435294117647,0.0,Purdue,2024.0,2024.0,NYG,166.0,-23.0,0.13333334
2024,13,00-0039384,T.Tracy,RB,NYG,DAL,0,0,0.0,0,0.0,0.0,0.0,9,32.0,1,3,2,33.0,0,12.5,14.5,,,71.0,210.0,24.95435294117647,0.0,Purdue,2024.0,2024.0,NYG,166.0,,0.09375
2024,14,00-0039384,T.Tracy,RB,NYG,NO,0,0,0.0,0,0.0,0.0,0.0,16,45.0,1,10,5,38.0,0,14.3,19.3,,,71.0,210.0,24.95435294117647,0.0,Purdue,2024.0,2024.0,NYG,166.0,-3.0,0.2173913
2024,15,00-0039384,T.Tracy,RB,NYG,BAL,0,0,0.0,0,0.0,0.0,0.0,10,31.0,0,4,1,4.0,0,3.5,4.5,,,71.0,210.0,24.95435294117647,0.0,Purdue,2024.0,2024.0,NYG,166.0,-21.0,0.11764706
2024,16,00-0039384,T.Tracy,RB,NYG,ATL,0,0,0.0,0,0.0,0.0,0.0,7,26.0,0,4,4,43.0,1,12.9,16.9,,,71.0,210.0,24.95435294117647,0.0,Purdue,2024.0,2024.0,NYG,166.0,,0.10810811
2024,17,00-0039384,T.Tracy,RB,NYG,IND,0,0,0.0,0,0.0,0.0,0.0,20,59.0,0,3,2,14.0,0,7.3,9.3,,,71.0,210.0,24.95435294117647,0.0,Purdue,2024.0,2024.0,NYG,166.0,12.0,0.13636364
2024,18,00-0039384,T.Tracy,RB,NYG,PHI,0,0,0.0,0,0.0,0.0,0.0,14,59.0,0,2,2,7.0,0,6.6,8.6,,,71.0,210.0,24.95435294117647,0.0,Purdue,2024.0,2024.0,NYG,166.0,,0.071428575
2024,1,00-0039386,B.Means,WR,NO,CAR,0,0,0.0,0,0.0,0.0,0.0,0,0.0,0,1,0,0.0,0,0.0,0.0,,,74.0,215.0,23.820470588235292,0.0,Pittsburgh,2024.0,2024.0,NO,170.0,37.0,0.041666668
2024,6,00-0039386,B.Means,WR,NO,TB,0,0,0.0,0,0.0,0.0,0.0,0,0.0,0,8,5,45.0,1,10.5,15.5,,,74.0,215.0,23.820470588235292,0.0,Pittsburgh,2024.0,2024.0,NO,170.0,-24.0,0.21052632
2024,7,00-0039386,B.Means,WR,NO,DEN,0,0,0.0,0,0.0,0.0,0.0,0,0.0,0,5,3,37.0,0,3.7,6.7,,,74.0,215.0,23.820470588235292,0.0,Pittsburgh,2024.0,2024.0,NO,170.0,-23.0,0.12820514
2024,8,00-0039386,B.Means,WR,NO,LAC,0,0,0.0,0,0.0,0.0,0.0,0,0.0,0,1,1,36.0,0,3.6,4.6,,,74.0,215.0,23.820470588235292,0.0,Pittsburgh,2024.0,2024.0,NO,170.0,,0.02631579
2024,6,00-0039391,K.Vidal,RB,LAC,DEN,0,0,0.0,0,0.0,0.0,0.0,4,11.0,0,2,2,40.0,1,11.1,13.1,,,68.0,215.0,23.208166666666667,0.0,Troy,2024.0,2024.0,LAC,181.0,,0.06451613
2024,7,00-0039391,K.Vidal,RB,LAC,ARI,0,0,0.0,0,0.0,0.0,0.0,3,10.0,0,1,1,9.0,0,1.9,2.9,,,68.0,215.0,23.208166666666667,0.0,Troy,2024.0,2024.0,LAC,181.0,,0.027027028
2024,8,00-0039391,K.Vidal,RB,LAC,NO,0,0,0.0,0,0.0,0.0,0.0,6,16.0,0,0,0,0.0,0,1.6,1.6,,,68.0,215.0,23.208166666666667,0.0,Troy,2024.0,2024.0,LAC,181.0,18.0,
2024,9,00-0039391,K.Vidal,RB,LAC,CLE,0,0,0.0,0,0.0,0.0,0.0,5,7.0,0,0,0,0.0,0,0.7,0.7,,,68.0,215.0,23.208166666666667,0.0,Troy,2024.0,2024.0,LAC,181.0,,
2024,13,00-0039391,K.Vidal,RB,LAC,ATL,0,0,0.0,0,0.0,0.0,0.0,4,20.0,0,0,0,0.0,0,2.0,2.0,,,68.0,215.0,23.208166666666667,0.0,Troy,2024.0,2024.0,LAC,181.0,,
2024,14,00-0039391,K.Vidal,RB,LAC,KC,0,0,0.0,0,0.0,0.0,0.0,8,34.0,0,1,0,0.0,0,3.4,3.4,,,68.0,215.0,23.208166666666667,0.0,Troy,2024.0,2024.0,LAC,181.0,,0.03448276
2024,15,00-0039391,K.Vidal,RB,LAC,TB,0,0,0.0,0,0.0,0.0,0.0,3,9.0,0,3,2,13.0,0,2.2,4.2,,,68.0,215.0,23.208166666666667,0.0,Troy,2024.0,2024.0,LAC,181.0,-23.0,0.09375
2024,16,00-0039391,K.Vidal,RB,LAC,DEN,0,0,0.0,0,0.0,0.0,0.0,5,24.0,0,0,0,0.0,0,2.4,2.4,,,68.0,215.0,23.208166666666667,0.0,Troy,2024.0,2024.0,LAC,181.0,7.0,
2024,17,00-0039391,K.Vidal,RB,LAC,NE,0,0,0.0,0,0.0,0.0,0.0,5,24.0,0,2,0,0.0,0,2.4,2.4,,,68.0,215.0,23.208166666666667,0.0,Troy,2024.0,2024.0,LAC,181.0,,0.05
2024,8,00-0039392,J.Jackson,WR,TEN,DET,0,0,0.0,0,0.0,0.0,0.0,0,0.0,0,1,0,0.0,0,0.0,0.0,,,69.0,185.0,24.485764705882353,0.0,Tulane,2024.0,2024.0,TEN,182.0,,0.02631579
2024,9,00-0039392,J.Jackson,WR,TEN,NE,0,0,0.0,0,0.0,0.0,0.0,1,-5.0,0,2,1,8.0,0,0.3,1.3,,,69.0,185.0,24.485764705882353,0.0,Tulane,2024.0,2024.0,TEN,182.0,3.0,0.074074075
2024,7,00-0039393,J.McClellan,RB,ATL,SEA,0,0,0.0,0,0.0,0.0,0.0,5,17.0,0,0,0,0.0,0,1.7,1.7,,,71.0,212.0,22.36670588235294,0.0,Alabama,2024.0,2024.0,ATL,186.0,-20.0,
2024,11,00-0039393,J.McClellan,RB,ATL,DEN,0,0,0.0,0,0.0,0.0,0.0,8,15.0,0,0,0,0.0,0,1.5,1.5,,,71.0,212.0,22.36670588235294,0.0,Alabama,2024.0,2024.0,ATL,186.0,,
2024,7,00-0039394,C.Washington,WR,ATL,SEA,0,0,0.0,0,0.0,0.0,0.0,0,0.0,0,1,1,14.0,0,1.4,2.4,,,72.0,200.0,23.669823529411765,0.0,Illinois,2024.0,2024.0,ATL,187.0,-20.0,0.027777778
2024,11,00-0039394,C.Washington,WR,ATL,DEN,0,0,0.0,0,0.0,0.0,0.0,0,0.0,0,1,0,0.0,0,0.0,0.0,,,72.0,200.0,23.669823529411765,0.0,Illinois,2024.0,2024.0,ATL,187.0,,0.03448276
2024,18,00-0039398,J.Milton,QB,NE,BUF,22,29,241.0,1,0.0,0.0,-0.0,10,16.0,1,0,0,0.0,0,19.24,19.24,,,77.0,235.0,24.666411764705884,0.0,Tennessee,2024.0,2024.0,NE,193.0,7.0,
2024,6,00-0039407,D.Laube,RB,LV,PIT,0,0,0.0,0,0.0,0.0,0.0,1,0.0,0,0,0,0.0,0,-2.0,-2.0,,,70.0,208.0,24.898647058823528,0.0,New Hampshire,2024.0,2024.0,LV,208.0,-19.0,
2024,6,00-0039410,R.Flournoy,WR,DAL,DET,0,0,0.0,0,0.0,0.0,0.0,0,0.0,0,1,1,12.0,0,-0.8,0.2,,,73.0,197.0,25.032999999999998,0.0,Southeast Missouri,2024.0,2024.0,DAL,216.0,-38.0,0.023255814
2024,9,00-0039410,R.Flournoy,WR,DAL,ATL,0,0,0.0,0,0.0,0.0,0.0,0,0.0,0,2,1,13.0,0,1.3,2.3,,,73.0,197.0,25.032999999999998,0.0,Southeast Missouri,2024.0,2024.0,DAL,216.0,,0.041666668
2024,11,00-0039410,R.Flournoy,WR,DAL,HOU,0,0,0.0,0,0.0,0.0,0.0,0,0.0,0,3,2,19.0,0,1.9,3.9,,,73.0,197.0,25.032999999999998,0.0,Southeast Missouri,2024.0,2024.0,DAL,216.0,-24.0,0.055555556
2024,14,00-0039410,R.Flournoy,WR,DAL,CIN,0,0,0.0,0,0.0,0.0,0.0,0,0.0,0,1,0,0.0,0,0.0,0.0,,,73.0,197.0,25.032999999999998,0.0,Southeast Missouri,2024.0,2024.0,DAL,216.0,-7.0,0.032258064
2024,16,00-0039410,R.Flournoy,WR,DAL,TB,0,0,0.0,0,0.0,0.0,0.0,0,0.0,0,3,3,41.0,0,4.1,7.1,,,73.0,197.0,25.032999999999998,0.0,Southeast Missouri,2024.0,2024.0,DAL,216.0,2.0,0.09090909
2024,17,00-0039410,R.Flournoy,WR,DAL,PHI,0,0,0.0,0,0.0,0.0,0.0,0,0.0,0,2,1,3.0,0,0.3,1.3,,,73.0,197.0,25.032999999999998,0.0,Southeast Missouri,2024.0,2024.0,DAL,216.0,,0.06896552
2024,18,00-0039410,R.Flournoy,WR,DAL,WAS,0,0,0.0,0,0.0,0.0,0.0,0,0.0,0,2,2,14.0,0,1.4,3.4,,,73.0,197.0,25.032999999999998,0.0,Southeast Missouri,2024.0,2024.0,DAL,216.0,-4.0,0.060606062
2024,9,00-0039420,J.Bell,TE,NE,TEN,0,0,0.0,0,0.0,0.0,0.0,0,0.0,0,1,1,1.0,0,0.1,1.1,,,74.0,239.0,23.39329411764706,0.0,Florida State,2024.0,2024.0,NE,231.0,,0.025641026
2024,11,00-0039420,J.Bell,TE,NE,LA,0,0,0.0,0,0.0,0.0,0.0,0,0.0,0,1,0,0.0,0,0.0,0.0,,,74.0,239.0,23.39329411764706,0.0,Florida State,2024.0,2024.0,NE,231.0,-6.0,0.027027028
2024,18,00-0039420,J.Bell,TE,NE,BUF,0,0,0.0,0,0.0,0.0,0.0,0,0.0,0,1,1,19.0,0,1.9,2.9,,,74.0,239.0,23.39329411764706,0.0,Florida State,2024.0,2024.0,NE,231.0,7.0,0.035714287
2024,1,00-0039424,D.Vele,WR,DEN,SEA,0,0,0.0,0,0.0,0.0,0.0,0,0.0,0,8,8,39.0,0,3.9,11.9,,,77.0,210.0,26.907833333333333,0.0,Utah,2024.0,2024.0,DEN,235.0,,0.1904762
2024,6,00-0039424,D.Vele,WR,DEN,LAC,0,0,0.0,0,0.0,0.0,0.0,0,0.0,0,6,4,78.0,0,7.8,11.8,,,77.0,210.0,26.907833333333333,0.0,Utah,2024.0,2024.0,DEN,235.0,-7.0,0.1875
2024,7,00-0039424,D.Vele,WR,DEN,NO,0,0,0.0,0,0.0,0.0,0.0,0,0.0,0,3,1,20.0,0,2.0,3.0,,,77.0,210.0,26.907833333333333,0.0,Utah,2024.0,2024.0,DEN,235.0,,0.12
2024,8,00-0039424,D.Vele,WR,DEN,CAR,0,0,0.0,0,0.0,0.0,0.0,0,0.0,0,3,3,28.0,0,2.8,5.8,,,77.0,210.0,26.907833333333333,0.0,Utah,2024.0,2024.0,DEN,235.0,14.0,0.078947365
2024,9,00-0039424,D.Vele,WR,DEN,BAL,0,0,0.0,0,0.0,0.0,0.0,0,0.0,0,3,2,11.0,0,1.1,3.1,,,77.0,210.0,26.907833333333333,0.0,Utah,2024.0,2024.0,DEN,235.0,,0.09090909
2024,10,00-0039424,D.Vele,WR,DEN,KC,0,0,0.0,0,0.0,0.0,0.0,0,0.0,0,4,4,39.0,1,9.9,13.9,,,77.0,210.0,26.907833333333333,0.0,Utah,2024.0,2024.0,DEN,235.0,,0.14285715
2024,11,00-0039424,D.Vele,WR,DEN,ATL,0,0,0.0,0,0.0,0.0,0.0,0,0.0,0,5,4,66.0,0,6.6,10.6,,,77.0,210.0,26.907833333333333,0.0,Utah,2024.0,2024.0,DEN,235.0,32.0,0.15625
2024,12,00-0039424,D.Vele,WR,DEN,LV,0,0,0.0,0,0.0,0.0,0.0,0,0.0,0,9,6,80.0,0,8.0,14.0,,,77.0,210.0,26.907833333333333,0.0,Utah,2024.0,2024.0,DEN,235.0,,0.23076923
2024,13,00-0039424,D.Vele,WR,DEN,CLE,0,0,0.0,0,0.0,0.0,0.0,0,0.0,0,4,1,16.0,0,1.6,2.6,,,77.0,210.0,26.907833333333333,0.0,Utah,2024.0,2024.0,DEN,235.0,9.0,0.12903225
2024,15,00-0039424,D.Vele,WR,DEN,IND,0,0,0.0,0,0.0,0.0,0.0,0,0.0,0,1,0,0.0,0,0.0,0.0,,,77.0,210.0,26.907833333333333,0.0,Utah,2024.0,2024.0,DEN,235.0,18.0,0.03125
2024,16,00-0039424,D.Vele,WR,DEN,LAC,0,0,0.0,0,0.0,0.0,0.0,0,0.0,0,3,2,21.0,1,8.1,10.1,,,77.0,210.0,26.907833333333333,0.0,Utah,2024.0,2024.0,DEN,235.0,,0.07692308
2024,17,00-0039424,D.Vele,WR,DEN,CIN,0,0,0.0,0,0.0,0.0,0.0,0,0.0,0,2,2,27.0,0,2.7,4.7,,,77.0,210.0,26.907833333333333,0.0,Utah,2024.0,2024.0,DEN,235.0,,0.06451613
2024,18,00-0039424,D.Vele,WR,DEN,KC,0,0,0.0,0,0.0,0.0,0.0,0,0.0,0,4,4,50.0,1,11.0,15.0,,,77.0,210.0,26.907833333333333,0.0,Utah,2024.0,2024.0,DEN,235.0,38.0,0.13793103
2024,19,00-0039424,D.Vele,WR,DEN,BUF,0,0,0.0,0,0.0,0.0,0.0,0,0.0,0,2,0,0.0,0,0.0,0.0,,,77.0,210.0,26.907833333333333,0.0,Utah,2024.0,2024.0,DEN,235.0,,0.08695652
2024,8,00-0039451,I.Williams,WR,DET,TEN,0,0,0.0,0,0.0,0.0,0.0,0,0.0,0,3,2,6.0,0,0.6,2.6,,,70.0,185.0,23.77375,0.0,Illinois,2024.0,2024.0,,,38.0,0.16666667
2024,18,00-0039458,B.Bates,TE,CLE,BAL,0,0,0.0,0,0.0,0.0,0.0,0,0.0,0,1,0,0.0,0,0.0,0.0,,,77.0,251.0,25.057294117647057,0.0,Kentucky,2024.0,2024.0,,,,0.030303031
2024,4,00-0039491,J.Coker,WR,CAR,CIN,0,0,0.0,0,0.0,0.0,0.0,0,0.0,0,1,0,0.0,0,0.0,0.0,,,75.0,213.0,23.019470588235293,0.0,Holy Cross,2024.0,2024.0,,,-10.0,0.025
2024,5,00-0039491,J.Coker,WR,CAR,CHI,0,0,0.0,0,0.0,0.0,0.0,0,0.0,0,4,4,68.0,0,6.8,10.8,,,75.0,213.0,23.019470588235293,0.0,Holy Cross,2024.0,2024.0,,,,0.121212125
2024,6,00-0039491,J.Coker,WR,CAR,ATL,0,0,0.0,0,0.0,0.0,0.0,0,0.0,0,3,3,30.0,0,3.0,6.0,,,75.0,213.0,23.019470588235293,0.0,Holy Cross,2024.0,2024.0,,,-18.0,0.08108108
2024,7,00-0039491,J.Coker,WR,CAR,WAS,0,0,0.0,0,0.0,0.0,0.0,0,0.0,0,1,1,10.0,0,1.0,2.0,,,75.0,213.0,23.019470588235293,0.0,Holy Cross,2024.0,2024.0,,,,0.05882353
2024,8,00-0039491,J.Coker,WR,CAR,DEN,0,0,0.0,0,0.0,0.0,0.0,0,0.0,0,6,4,78.0,1,13.8,17.8,,,75.0,213.0,23.019470588235293,0.0,Holy Cross,2024.0,2024.0,,,,0.17142858
2024,9,00-0039491,J.Coker,WR,CAR,NO,0,0,0.0,0,0.0,0.0,0.0,0,0.0,0,3,2,36.0,0,3.6,5.6,,,75.0,213.0,23.019470588235293,0.0,Holy Cross,2024.0,2024.0,,,1.0,0.125
2024,10,00-0039491,J.Coker,WR,CAR,NYG,0,0,0.0,0,0.0,0.0,0.0,0,0.0,0,8,3,41.0,0,4.1,7.1,,,75.0,213.0,23.019470588235293,0.0,Holy Cross,2024.0,2024.0,,,3.0,0.32
2024,15,00-0039491,J.Coker,WR,CAR,DAL,0,0,0.0,0,0.0,0.0,0.0,0,0.0,0,6,4,110.0,1,17.0,21.0,,,75.0,213.0,23.019470588235293,0.0,Holy Cross,2024.0,2024.0,,,-16.0,0.22222222
2024,16,00-0039491,J.Coker,WR,CAR,ARI,0,0,0.0,0,0.0,0.0,0.0,0,0.0,0,5,2,8.0,0,0.8,2.8,,,75.0,213.0,23.019470588235293,0.0,Holy Cross,2024.0,2024.0,,,6.0,0.20833333
2024,17,00-0039491,J.Coker,WR,CAR,TB,0,0,0.0,0,0.0,0.0,0.0,0,0.0,0,2,2,35.0,0,3.5,5.5,,,75.0,213.0,23.019470588235293,0.0,Holy Cross,2024.0,2024.0,,,,0.09090909
2024,18,00-0039491,J.Coker,WR,CAR,ATL,1,1,19.0,0,0.0,0.0,-0.0,0,0.0,0,7,7,62.0,0,6.96,13.96,,,75.0,213.0,23.019470588235293,0.0,Holy Cross,2024.0,2024.0,,,,0.2
2024,6,00-0039521,X.Weaver,WR,ARI,GB,0,0,0.0,0,0.0,0.0,0.0,0,0.0,0,1,0,0.0,0,0.0,0.0,,,73.0,180.0,24.068117647058823,0.0,Colorado,2024.0,2024.0,,,,0.03125
2024,18,00-0039521,X.Weaver,WR,ARI,SF,0,0,0.0,0,0.0,0.0,0.0,0,0.0,0,1,0,0.0,0,0.0,0.0,,,73.0,180.0,24.068117647058823,0.0,Colorado,2024.0,2024.0,,,23.0,0.03125
2024,2,00-0039530,B.Spann-Ford,TE,DAL,NO,0,0,0.0,0,0.0,0.0,0.0,0,0.0,0,1,0,0.0,0,0.0,0.0,,,79.0,270.0,24.866,0.0,Minnesota,2024.0,2024.0,,,-25.0,0.024390243
2024,5,00-0039530,B.Spann-Ford,TE,DAL,PIT,0,0,0.0,0,0.0,0.0,0.0,0,0.0,0,3,2,20.0,0,2.0,4.0,,,79.0,270.0,24.866,0.0,Minnesota,2024.0,2024.0,,,,0.07317073
2024,8,00-0039530,B.Spann-Ford,TE,DAL,SF,0,0,0.0,0,0.0,0.0,0.0,0,0.0,0,2,0,0.0,0,0.0,0.0,,,79.0,270.0,24.866,0.0,Minnesota,2024.0,2024.0,,,,0.054054055
2024,11,00-0039530,B.Spann-Ford,TE,DAL,HOU,0,0,0.0,0,0.0,0.0,0.0,0,0.0,0,5,4,42.0,0,4.2,8.2,,,79.0,270.0,24.866,0.0,Minnesota,2024.0,2024.0,,,-24.0,0.09259259
2024,12,00-0039530,B.Spann-Ford,TE,DAL,WAS,0,0,0.0,0,0.0,0.0,0.0,0,0.0,0,2,2,24.0,0,2.4,4.4,,,79.0,270.0,24.866,0.0,Minnesota,2024.0,2024.0,,,,0.0625
2024,15,00-0039530,B.Spann-Ford,TE,DAL,CAR,0,0,0.0,0,0.0,0.0,0.0,0,0.0,0,1,1,2.0,0,0.2,1.2,,,79.0,270.0,24.866,0.0,Minnesota,2024.0,2024.0,,,,0.035714287
2024,9,00-0039543,R.Keyton,WR,LV,CIN,0,0,0.0,0,0.0,0.0,0.0,0,0.0,0,2,1,7.0,0,0.7,1.7,,,74.0,197.0,24.145764705882353,0.0,Tennessee,2024.0,2024.0,,,,0.0625
2024,11,00-0039543,R.Keyton,WR,LV,MIA,0,0,0.0,0,0.0,0.0,0.0,0,0.0,0,1,0,0.0,0,0.0,0.0,,,74.0,197.0,24.145764705882353,0.0,Tennessee,2024.0,2024.0,,,,0.025641026
2024,16,00-0039573,B.Watson,RB,DEN,LAC,0,0,0.0,0,0.0,0.0,0.0,4,10.0,0,2,1,13.0,0,2.3,3.3,,,69.0,195.0,25.070722222222223,0.0,Memphis,2024.0,2024.0,,,,0.051282052
2024,1,00-0039589,K.Johnson,WR,TB,WAS,0,0,0.0,0,0.0,0.0,0.0,1,0.0,0,0,0,0.0,0,0.0,0.0,,,70.0,170.0,22.651722222222222,0.0,Barton College,2024.0,2024.0,,,17.0,
2024,4,00-0039589,K.Johnson,WR,TB,PHI,0,0,0.0,0,0.0,0.0,0.0,0,0.0,0,1,0,0.0,0,0.0,0.0,,,70.0,170.0,22.651722222222222,0.0,Barton College,2024.0,2024.0,,,17.0,0.021276595
2024,17,00-0039589,K.Johnson,WR,TB,CAR,0,0,0.0,0,0.0,0.0,0.0,1,11.0,0,0,0,0.0,0,1.1,1.1,,,70.0,170.0,22.651722222222222,0.0,Barton College,2024.0,2024.0,,,34.0,
2024,3,00-0039603,B.Brooks,RB,HOU,MIN,0,0,0.0,0,0.0,0.0,0.0,1,2.0,0,0,0,0.0,0,0.2,0.2,,,71.0,225.0,24.98484210526316,0.0,North Carolina,2024.0,2024.0,,,,
2024,9,00-0039611,M.Hayball,P,NO,CAR,0,0,0.0,0,0.0,0.0,0.0,1,11.0,0,0,0,0.0,0,1.1,1.1,,,72.0,187.0,27.653411764705883,0.0,Vanderbilt,2024.0,2024.0,,,,
2024,14,00-0039613,D.Holker,TE,NO,NYG,0,0,0.0,0,0.0,0.0,0.0,0,0.0,0,1,1,10.0,0,1.0,2.0,,,75.0,235.0,24.581529411764706,0.0,Colorado State,2024.0,2024.0,,,,0.032258064
2024,18,00-0039613,D.Holker,TE,NO,TB,0,0,0.0,0,0.0,0.0,0.0,0,0.0,0,3,2,11.0,0,1.1,3.1,,,75.0,235.0,24.581529411764706,0.0,Colorado State,2024.0,2024.0,,,,0.07692308
2024,9,00-0039614,J.Jackson,WR,NO,CAR,0,0,0.0,0,0.0,0.0,0.0,1,-1.0,0,0,0,0.0,0,-0.1,-0.1,,,67.0,170.0,24.454285714285714,0.0,Idaho,2024.0,2024.0,,,,
2024,18,00-0039617,J.Kibodi,RB,CLE,BAL,0,0,0.0,0,0.0,0.0,0.0,5,24.0,0,3,1,15.0,0,3.9,4.9,,,73.0,225.0,26.09246153846154,0.0,Louisiana-Lafayette,2024.0,2024.0,,,,0.09090909
2024,1,00-0039623,M.Tipton,WR,NO,CAR,0,0,0.0,0,0.0,0.0,0.0,0,0.0,0,1,1,6.0,0,0.6,1.6,,,71.0,187.0,24.107823529411768,0.0,Yale,2024.0,2024.0,,,37.0,0.041666668
2024,3,00-0039623,M.Tipton,WR,NO,PHI,0,0,0.0,0,0.0,0.0,0.0,0,0.0,0,3,2,11.0,0,1.1,3.1,,,71.0,187.0,24.107823529411768,0.0,Yale,2024.0,2024.0,,,-3.0,0.13043478
2024,4,00-0039623,M.Tipton,WR,NO,ATL,0,0,0.0,0,0.0,0.0,0.0,0,0.0,0,1,1,6.0,0,0.6,1.6,,,71.0,187.0,24.107823529411768,0.0,Yale,2024.0,2024.0,,,,0.027777778
2024,5,00-0039623,M.Tipton,WR,NO,KC,0,0,0.0,0,0.0,0.0,0.0,0,0.0,0,4,1,2.0,0,0.2,1.2,,,71.0,187.0,24.107823529411768,0.0,Yale,2024.0,2024.0,,,,0.125
2024,6,00-0039623,M.Tipton,WR,NO,TB,0,0,0.0,0,0.0,0.0,0.0,0,0.0,0,2,1,15.0,0,1.5,2.5,,,71.0,187.0,24.107823529411768,0.0,Yale,2024.0,2024.0,,,-24.0,0.05263158
2024,7,00-0039623,M.Tipton,WR,NO,DEN,0,0,0.0,0,0.0,0.0,0.0,0,0.0,0,9,6,45.0,0,4.5,10.5,,,71.0,187.0,24.107823529411768,0.0,Yale,2024.0,2024.0,,,-23.0,0.23076923
2024,8,00-0039623,M.Tipton,WR,NO,LAC,0,0,0.0,0,0.0,0.0,0.0,0,0.0,0,2,2,14.0,0,1.4,3.4,,,71.0,187.0,24.107823529411768,0.0,Yale,2024.0,2024.0,,,,0.05263158
2024,9,00-0039623,M.Tipton,WR,NO,CAR,0,0,0.0,0,0.0,0.0,0.0,0,0.0,0,3,0,0.0,0,0.0,0.0,,,71.0,187.0,24.107823529411768,0.0,Yale,2024.0,2024.0,,,,0.10714286
2024,16,00-0039623,M.Tipton,WR,NO,GB,0,0,0.0,0,0.0,0.0,0.0,0,0.0,0,1,0,0.0,0,0.0,0.0,,,71.0,187.0,24.107823529411768,0.0,Yale,2024.0,2024.0,,,,0.035714287
2024,10,00-0039631,C.Grandy,TE,CIN,BAL,0,0,0.0,0,0.0,0.0,0.0,0,0.0,0,1,1,0.0,0,0.0,1.0,,,77.0,260.0,24.964529411764705,0.0,Illinois State,2024.0,2024.0,,,,0.018518519
2024,15,00-0039631,C.Grandy,TE,CIN,TEN,0,0,0.0,0,0.0,0.0,0.0,0,0.0,0,2,2,12.0,0,1.2,3.2,,,77.0,260.0,24.964529411764705,0.0,Illinois State,2024.0,2024.0,,,,0.057142857
2024,17,00-0039631,C.Grandy,TE,CIN,DEN,0,0,0.0,0,0.0,0.0,0.0,0,0.0,0,1,1,7.0,0,0.7,1.7,,,77.0,260.0,24.964529411764705,0.0,Illinois State,2024.0,2024.0,,,6.0,0.020408163
2024,18,00-0039631,C.Grandy,TE,CIN,PIT,0,0,0.0,0,0.0,0.0,0.0,0,0.0,0,1,1,9.0,0,0.9,1.9,,,77.0,260.0,24.964529411764705,0.0,Illinois State,2024.0,2024.0,,,,0.02173913
2024,14,00-0039648,D.Martin-Robinson,TE,TEN,JAX,0,0,0.0,0,0.0,0.0,0.0,0,0.0,0,1,0,0.0,0,0.0,0.0,,,75.0,255.0,24.871764705882352,0.0,Temple,2024.0,2024.0,,,-4.0,0.03125
2024,16,00-0039648,D.Martin-Robinson,TE,TEN,IND,0,0,0.0,0,0.0,0.0,0.0,0,0.0,0,1,1,6.0,0,0.6,1.6,,,75.0,255.0,24.871764705882352,0.0,Temple,2024.0,2024.0,,,,0.030303031
2024,10,00-0039650,B.Oliver,WR,TEN,LAC,0,0,0.0,0,0.0,0.0,0.0,0,0.0,0,2,2,23.0,0,2.3,4.3,,,73.0,215.0,24.474764705882354,0.0,Youngstown State,2024.0,2024.0,,,,0.08695652
2024,11,00-0039650,B.Oliver,WR,TEN,MIN,0,0,0.0,0,0.0,0.0,0.0,0,0.0,0,1,1,33.0,0,3.3,4.3,,,73.0,215.0,24.474764705882354,0.0,Youngstown State,2024.0,2024.0,,,-10.0,0.03448276
2024,14,00-0039650,B.Oliver,WR,TEN,JAX,0,0,0.0,0,0.0,0.0,0.0,0,0.0,0,1,1,16.0,0,1.6,2.6,,,73.0,215.0,24.474764705882354,0.0,Youngstown State,2024.0,2024.0,,,-4.0,0.03125
2024,15,00-0039650,B.Oliver,WR,TEN,CIN,0,0,0.0,0,0.0,0.0,0.0,0,0.0,0,2,1,8.0,0,0.8,1.8,,,73.0,215.0,24.474764705882354,0.0,Youngstown State,2024.0,2024.0,,,-10.0,0.054054055
2024,18,00-0039650,B.Oliver,WR,TEN,HOU,0,0,0.0,0,0.0,0.0,0.0,0,0.0,0,3,1,15.0,0,1.5,2.5,,,73.0,215.0,24.474764705882354,0.0,Youngstown State,2024.0,2024.0,,,-9.0,0.115384616
2024,16,00-0039692,D.Pettus,FS,NE,BUF,0,0,0.0,0,0.0,0.0,0.0,1,2.0,0,0,0,0.0,0,0.2,0.2,,,71.0,205.0,23.42611764705882,0.0,Troy,2024.0,2024.0,,,,
2024,18,00-0039703,C.Schrader,RB,LA,SEA,0,0,0.0,0,0.0,0.0,0.0,1,3.0,0,1,1,6.0,0,0.9,1.9,,,69.0,214.0,25.187947368421053,0.0,Missouri,2024.0,2024.0,,,-5.0,0.025
2024,13,00-0039731,J.Latham,T,TEN,WAS,0,0,0.0,0,0.0,0.0,0.0,0,0.0,0,1,1,0.0,0,0.0,1.0,,,78.0,360.0,21.750588235294117,0.0,Alabama,2024.0,2024.0,TEN,7.0,,0.027777778
2024,1,00-0039732,B.Nix,QB,DEN,SEA,26,42,138.0,0,2.0,2.0,6.0,5,35.0,1,0,0,0.0,0,11.02,11.02,,,74.0,217.0,24.70388888888889,0.0,Oregon,2024.0,2024.0,DEN,12.0,,
2024,2,00-0039732,B.Nix,QB,DEN,PIT,20,35,246.0,0,2.0,2.0,15.0,4,25.0,0,0,0,0.0,0,8.34,8.34,,,74.0,217.0,24.70388888888889,0.0,Oregon,2024.0,2024.0,DEN,12.0,-7.0,
2024,3,00-0039732,B.Nix,QB,DEN,TB,25,36,216.0,0,0.0,0.0,-0.0,9,47.0,1,0,0,0.0,0,19.34,19.34,,,74.0,217.0,24.70388888888889,0.0,Oregon,2024.0,2024.0,DEN,12.0,,
2024,4,00-0039732,B.Nix,QB,DEN,NYJ,12,25,60.0,1,0.0,0.0,-0.0,5,3.0,0,0,0,0.0,0,6.7,6.7,,,74.0,217.0,24.70388888888889,0.0,Oregon,2024.0,2024.0,DEN,12.0,,
2024,5,00-0039732,B.Nix,QB,DEN,LV,19,27,206.0,2,0.0,3.0,26.0,8,9.0,1,0,0,0.0,0,23.14,23.14,,,74.0,217.0,24.70388888888889,0.0,Oregon,2024.0,2024.0,DEN,12.0,16.0,
2024,6,00-0039732,B.Nix,QB,DEN,LAC,19,33,216.0,2,1.0,2.0,10.0,6,61.0,0,0,0,0.0,0,20.74,20.74,,,74.0,217.0,24.70388888888889,0.0,Oregon,2024.0,2024.0,DEN,12.0,-7.0,
2024,7,00-0039732,B.Nix,QB,DEN,NO,16,26,164.0,0,0.0,0.0,-0.0,10,75.0,0,0,0,0.0,0,14.06,14.06,,,74.0,217.0,24.70388888888889,0.0,Oregon,2024.0,2024.0,DEN,12.0,,
2024,8,00-0039732,B.Nix,QB,DEN,CAR,28,37,284.0,3,0.0,2.0,17.0,5,4.0,1,0,0,0.0,0,29.76,29.76,,,74.0,217.0,24.70388888888889,0.0,Oregon,2024.0,2024.0,DEN,12.0,14.0,
2024,9,00-0039732,B.Nix,QB,DEN,BAL,19,33,223.0,0,1.0,4.0,28.0,6,36.0,0,1,1,2.0,1,16.72,17.72,,,74.0,217.0,24.70388888888889,0.0,Oregon,2024.0,2024.0,DEN,12.0,,0.030303031
2024,10,00-0039732,B.Nix,QB,DEN,KC,22,30,215.0,2,0.0,2.0,33.0,3,-5.0,0,0,0,0.0,0,16.1,16.1,,,74.0,217.0,24.70388888888889,0.0,Oregon,2024.0,2024.0,DEN,12.0,,
2024,11,00-0039732,B.Nix,QB,DEN,ATL,28,33,307.0,4,0.0,1.0,12.0,2,5.0,0,0,0,0.0,0,28.78,28.78,,,74.0,217.0,24.70388888888889,0.0,Oregon,2024.0,2024.0,DEN,12.0,32.0,
2024,12,00-0039732,B.Nix,QB,DEN,LV,25,42,273.0,2,0.0,1.0,11.0,1,5.0,0,0,0,0.0,0,19.42,19.42,,,74.0,217.0,24.70388888888889,0.0,Oregon,2024.0,2024.0,DEN,12.0,,
2024,13,00-0039732,B.Nix,QB,DEN,CLE,18,35,294.0,1,2.0,0.0,-0.0,3,4.0,0,0,0,0.0,0,12.16,12.16,,,74.0,217.0,24.70388888888889,0.0,Oregon,2024.0,2024.0,DEN,12.0,9.0,
2024,15,00-0039732,B.Nix,QB,DEN,IND,20,33,130.0,3,3.0,1.0,9.0,8,23.0,0,0,0,0.0,0,13.5,13.5,,,74.0,217.0,24.70388888888889,0.0,Oregon,2024.0,2024.0,DEN,12.0,18.0,
2024,16,00-0039732,B.Nix,QB,DEN,LAC,29,40,263.0,2,0.0,2.0,18.0,3,25.0,0,0,0,0.0,0,21.02,21.02,,,74.0,217.0,24.70388888888889,0.0,Oregon,2024.0,2024.0,DEN,12.0,,
2024,17,00-0039732,B.Nix,QB,DEN,CIN,24,31,219.0,3,1.0,2.0,13.0,7,31.0,0,0,0,0.0,0,21.86,21.86,,,74.0,217.0,24.70388888888889,0.0,Oregon,2024.0,2024.0,DEN,12.0,,
2024,18,00-0039732,B.Nix,QB,DEN,KC,26,29,321.0,4,0.0,0.0,-0.0,7,47.0,0,0,0,0.0,0,33.54,33.54,,,74.0,217.0,24.70388888888889,0.0,Oregon,2024.0,2024.0,DEN,12.0,38.0,
2024,19,00-0039732,B.Nix,QB,DEN,BUF,13,22,144.0,1,0.0,2.0,14.0,4,43.0,0,0,0,0.0,0,14.06,14.06,,,74.0,217.0,24.70388888888889,0.0,Oregon,2024.0,2024.0,DEN,12.0,,
2024,5,00-0039737,T.Reiman,TE,ARI,SF,0,0,0.0,0,0.0,0.0,0.0,0,0.0,0,1,1,5.0,0,0.5,1.5,,,76.0,270.0,23.13729411764706,0.0,Illinois,2024.0,2024.0,ARI,82.0,,0.033333335
2024,7,00-0039737,T.Reiman,TE,ARI,LAC,0,0,0.0,0,0.0,0.0,0.0,0,0.0,0,1,1,1.0,0,0.1,1.1,,,76.0,270.0,23.13729411764706,0.0,Illinois,2024.0,2024.0,ARI,82.0,2.0,0.04
2024,13,00-0039737,T.Reiman,TE,ARI,MIN,0,0,0.0,0,0.0,0.0,0.0,0,0.0,0,1,1,9.0,0,0.9,1.9,,,76.0,270.0,23.13729411764706,0.0,Illinois,2024.0,2024.0,ARI,82.0,,0.023255814
2024,14,00-0039737,T.Reiman,TE,ARI,SEA,0,0,0.0,0,0.0,0.0,0.0,0,0.0,0,1,1,14.0,0,1.4,2.4,,,76.0,270.0,23.13729411764706,0.0,Illinois,2024.0,2024.0,ARI,82.0,-12.0,0.02631579
2024,15,00-0039737,T.Reiman,TE,ARI,NE,0,0,0.0,0,0.0,0.0,0.0,0,0.0,0,3,2,8.0,0,0.8,2.8,,,76.0,270.0,23.13729411764706,0.0,Illinois,2024.0,2024.0,ARI,82.0,13.0,0.09677419
2024,2,00-0039738,B.Corum,RB,LA,ARI,0,0,0.0,0,0.0,0.0,0.0,8,28.0,0,0,0,0.0,0,2.8,2.8,,,68.0,213.0,23.972315789473683,0.0,Michigan,2024.0,2024.0,LA,83.0,,
2024,5,00-0039738,B.Corum,RB,LA,GB,0,0,0.0,0,0.0,0.0,0.0,5,25.0,0,1,1,8.0,0,3.3,4.3,,,68.0,213.0,23.972315789473683,0.0,Michigan,2024.0,2024.0,LA,83.0,-5.0,0.022222223
2024,7,00-0039738,B.Corum,RB,LA,LV,0,0,0.0,0,0.0,0.0,0.0,3,11.0,0,0,0,0.0,0,1.1,1.1,,,68.0,213.0,23.972315789473683,0.0,Michigan,2024.0,2024.0,LA,83.0,5.0,
2024,8,00-0039738,B.Corum,RB,LA,MIN,0,0,0.0,0,0.0,0.0,0.0,4,9.0,0,1,1,9.0,0,1.8,2.8,,,68.0,213.0,23.972315789473683,0.0,Michigan,2024.0,2024.0,LA,83.0,10.0,0.029411765
2024,9,00-0039738,B.Corum,RB,LA,SEA,0,0,0.0,0,0.0,0.0,0.0,1,-1.0,0,0,0,0.0,0,-0.1,-0.1,,,68.0,213.0,23.972315789473683,0.0,Michigan,2024.0,2024.0,LA,83.0,,
2024,10,00-0039738,B.Corum,RB,LA,MIA,0,0,0.0,0,0.0,0.0,0.0,2,8.0,0,1,1,7.0,0,1.5,2.5,,,68.0,213.0,23.972315789473683,0.0,Michigan,2024.0,2024.0,LA,83.0,-8.0,0.022727273
2024,11,00-0039738,B.Corum,RB,LA,NE,0,0,0.0,0,0.0,0.0,0.0,5,21.0,0,1,1,7.0,0,2.8,3.8,,,68.0,213.0,23.972315789473683,0.0,Michigan,2024.0,2024.0,LA,83.0,,0.037037037
2024,12,00-0039738,B.Corum,RB,LA,PHI,0,0,0.0,0,0.0,0.0,0.0,1,5.0,0,0,0,0.0,0,0.5,0.5,,,68.0,213.0,23.972315789473683,0.0,Michigan,2024.0,2024.0,LA,83.0,-17.0,
2024,13,00-0039738,B.Corum,RB,LA,NO,0,0,0.0,0,0.0,0.0,0.0,8,42.0,0,0,0,0.0,0,4.2,4.2,,,68.0,213.0,23.972315789473683,0.0,Michigan,2024.0,2024.0,LA,83.0,,
2024,14,00-0039738,B.Corum,RB,LA,BUF,0,0,0.0,0,0.0,0.0,0.0,8,34.0,0,0,0,0.0,0,3.4,3.4,,,68.0,213.0,23.972315789473683,0.0,Michigan,2024.0,2024.0,LA,83.0,2.0,
2024,15,00-0039738,B.Corum,RB,LA,SF,0,0,0.0,0,0.0,0.0,0.0,3,5.0,0,3,2,15.0,0,2.0,4.0,,,68.0,213.0,23.972315789473683,0.0,Michigan,2024.0,2024.0,LA,83.0,,0.115384616
2024,16,00-0039738,B.Corum,RB,LA,NYJ,0,0,0.0,0,0.0,0.0,0.0,5,14.0,0,0,0,0.0,0,1.4,1.4,,,68.0,213.0,23.972315789473683,0.0,Michigan,2024.0,2024.0,LA,83.0,,
2024,17,00-0039738,B.Corum,RB,LA,ARI,0,0,0.0,0,0.0,0.0,0.0,3,-4.0,0,0,0,0.0,0,-0.4,-0.4,,,68.0,213.0,23.972315789473683,0.0,Michigan,2024.0,2024.0,LA,83.0,4.0,
2024,18,00-0039738,B.Corum,RB,LA,SEA,0,0,0.0,0,0.0,0.0,0.0,2,10.0,0,1,1,12.0,0,2.2,3.2,,,68.0,213.0,23.972315789473683,0.0,Michigan,2024.0,2024.0,LA,83.0,-5.0,0.025
2024,7,00-0039746,W.Shipley,RB,PHI,NYG,0,0,0.0,0,0.0,0.0,0.0,8,15.0,0,0,0,0.0,0,1.5,1.5,,,71.0,210.0,22.23633333333333,0.0,Clemson,2024.0,2024.0,PHI,127.0,,
2024,8,00-0039746,W.Shipley,RB,PHI,CIN,0,0,0.0,0,0.0,0.0,0.0,2,-3.0,0,0,0,0.0,0,-0.3,-0.3,,,71.0,210.0,22.23633333333333,0.0,Clemson,2024.0,2024.0,PHI,127.0,,
2024,10,00-0039746,W.Shipley,RB,PHI,DAL,0,0,0.0,0,0.0,0.0,0.0,9,34.0,0,0,0,0.0,0,3.4,3.4,,,71.0,210.0,22.23633333333333,0.0,Clemson,2024.0,2024.0,PHI,127.0,,
2024,13,00-0039746,W.Shipley,RB,PHI,BAL,0,0,0.0,0,0.0,0.0,0.0,1,4.0,0,0,0,0.0,0,0.4,0.4,,,71.0,210.0,22.23633333333333,0.0,Clemson,2024.0,2024.0,PHI,127.0,,
2024,18,00-0039746,W.Shipley,RB,PHI,NYG,0,0,0.0,0,0.0,0.0,0.0,10,32.0,0,4,4,35.0,0,6.7,10.7,,,71.0,210.0,22.23633333333333,0.0,Clemson,2024.0,2024.0,PHI,127.0,7.0,0.09756097
2024,21,00-0039746,W.Shipley,RB,PHI,WAS,0,0,0.0,0,0.0,0.0,0.0,4,77.0,1,0,0,0.0,0,13.7,13.7,,,71.0,210.0,22.23633333333333,0.0,Clemson,2024.0,2024.0,PHI,127.0,32.0,
2024,9,00-0039747,A.Smith,WR,PHI,JAX,0,0,0.0,0,0.0,0.0,0.0,1,2.0,0,1,1,0.0,0,0.2,1.2,,,69.0,190.0,23.482,0.0,Texas A&amp;M,2024.0,2024.0,PHI,152.0,5.0,0.04347826
2024,10,00-0039747,A.Smith,WR,PHI,DAL,0,0,0.0,0,0.0,0.0,0.0,0,0.0,0,2,2,6.0,0,0.6,2.6,,,69.0,190.0,23.482,0.0,Texas A&amp;M,2024.0,2024.0,PHI,152.0,,0.1
2024,18,00-0039747,A.Smith,WR,PHI,NYG,0,0,0.0,0,0.0,0.0,0.0,1,4.0,0,6,4,35.0,1,9.9,13.9,,,69.0,190.0,23.482,0.0,Texas A&amp;M,2024.0,2024.0,PHI,152.0,7.0,0.14634146
2024,2,00-0039751,J.Whittington,WR,LA,ARI,0,0,0.0,0,0.0,0.0,0.0,0,0.0,0,2,2,22.0,0,2.2,4.2,,,73.0,204.0,24.122947368421052,0.0,Texas,2024.0,2024.0,LA,213.0,,0.074074075
2024,3,00-0039751,J.Whittington,WR,LA,SF,0,0,0.0,0,0.0,0.0,0.0,0,0.0,0,3,3,28.0,0,2.8,5.8,,,73.0,204.0,24.122947368421052,0.0,Texas,2024.0,2024.0,LA,213.0,3.0,0.13043478
2024,4,00-0039751,J.Whittington,WR,LA,CHI,0,0,0.0,0,0.0,0.0,0.0,0,0.0,0,8,6,62.0,0,6.2,12.2,,,73.0,204.0,24.122947368421052,0.0,Texas,2024.0,2024.0,LA,213.0,,0.27586207
2024,5,00-0039751,J.Whittington,WR,LA,GB,0,0,0.0,0,0.0,0.0,0.0,0,0.0,0,10,7,89.0,0,8.9,15.9,,,73.0,204.0,24.122947368421052,0.0,Texas,2024.0,2024.0,LA,213.0,-5.0,0.22222222
2024,17,00-0039751,J.Whittington,WR,LA,ARI,0,0,0.0,0,0.0,0.0,0.0,0,0.0,0,1,1,6.0,0,0.6,1.6,,,73.0,204.0,24.122947368421052,0.0,Texas,2024.0,2024.0,LA,213.0,4.0,0.035714287
2024,18,00-0039751,J.Whittington,WR,LA,SEA,0,0,0.0,0,0.0,0.0,0.0,2,12.0,0,4,3,86.0,0,9.8,12.8,,,73.0,204.0,24.122947368421052,0.0,Texas,2024.0,2024.0,LA,213.0,-5.0,0.1
2024,20,00-0039751,J.Whittington,WR,LA,PHI,0,0,0.0,0,0.0,0.0,0.0,0,0.0,0,1,1,12.0,0,1.2,2.2,,,73.0,204.0,24.122947368421052,0.0,Texas,2024.0,2024.0,LA,213.0,,0.022727273
2024,17,00-0039754,D.Culp,TE,TB,CAR,0,0,0.0,0,0.0,0.0,0.0,0,0.0,0,4,3,52.0,0,5.2,8.2,,,76.0,237.0,24.770888888888887,0.0,Washington,2024.0,2024.0,TB,246.0,34.0,0.125
2024,18,00-0039754,D.Culp,TE,TB,NO,0,0,0.0,0,0.0,0.0,0.0,0,0.0,0,2,2,36.0,0,3.6,5.6,,,76.0,237.0,24.770888888888887,0.0,Washington,2024.0,2024.0,TB,246.0,8.0,0.06451613
2024,6,00-0039757,T.Jennings,RB,NE,HOU,0,0,0.0,0,0.0,0.0,0.0,5,13.0,0,0,0,0.0,0,1.3,1.3,,,72.0,225.0,23.836823529411763,0.0,Florida A&amp;M,2024.0,2024.0,,,-20.0,
2024,18,00-0039757,T.Jennings,RB,NE,BUF,0,0,0.0,0,0.0,0.0,0.0,8,20.0,0,1,0,0.0,0,2.0,2.0,,,72.0,225.0,23.836823529411763,0.0,Florida A&amp;M,2024.0,2024.0,,,7.0,0.035714287
2024,15,00-0039792,D.Walker,WR,BAL,NYG,0,0,0.0,0,0.0,0.0,0.0,0,0.0,0,1,1,21.0,1,8.1,9.1,,,73.0,200.0,23.399473684210527,0.0,North Carolina,2024.0,2024.0,BAL,113.0,,0.041666668
2024,17,00-0039792,D.Walker,WR,BAL,HOU,0,0,0.0,0,0.0,0.0,0.0,0,0.0,0,2,0,0.0,0,0.0,0.0,,,73.0,200.0,23.399473684210527,0.0,North Carolina,2024.0,2024.0,BAL,113.0,,0.125
2024,3,00-0039793,A.Barner,TE,SEA,MIA,0,0,0.0,0,0.0,0.0,0.0,0,0.0,0,3,3,13.0,0,1.3,4.3,,,78.0,251.0,22.51329411764706,0.0,Michigan,2024.0,2024.0,SEA,121.0,21.0,0.09090909
2024,4,00-0039793,A.Barner,TE,SEA,DET,0,0,0.0,0,0.0,0.0,0.0,0,0.0,0,2,2,27.0,1,8.7,10.7,,,78.0,251.0,22.51329411764706,0.0,Michigan,2024.0,2024.0,SEA,121.0,,0.03773585
2024,5,00-0039793,A.Barner,TE,SEA,NYG,0,0,0.0,0,0.0,0.0,0.0,0,0.0,0,1,1,13.0,0,1.3,2.3,,,78.0,251.0,22.51329411764706,0.0,Michigan,2024.0,2024.0,SEA,121.0,-9.0,0.025641026
2024,6,00-0039793,A.Barner,TE,SEA,SF,0,0,0.0,0,0.0,0.0,0.0,0,0.0,0,1,1,13.0,0,1.3,2.3,,,78.0,251.0,22.51329411764706,0.0,Michigan,2024.0,2024.0,SEA,121.0,-12.0,0.020833334
2024,7,00-0039793,A.Barner,TE,SEA,ATL,0,0,0.0,0,0.0,0.0,0.0,0,0.0,0,1,1,5.0,0,0.5,1.5,,,78.0,251.0,22.51329411764706,0.0,Michigan,2024.0,2024.0,SEA,121.0,,0.035714287
2024,8,00-0039793,A.Barner,TE,SEA,BUF,0,0,0.0,0,0.0,0.0,0.0,0,0.0,0,2,2,34.0,0,3.4,5.4,,,78.0,251.0,22.51329411764706,0.0,Michigan,2024.0,2024.0,SEA,121.0,-21.0,0.074074075
2024,9,00-0039793,A.Barner,TE,SEA,LA,0,0,0.0,0,0.0,0.0,0.0,0,0.0,0,7,4,27.0,0,2.7,6.7,,,78.0,251.0,22.51329411764706,0.0,Michigan,2024.0,2024.0,SEA,121.0,-6.0,0.20588236
2024,11,00-0039793,A.Barner,TE,SEA,SF,0,0,0.0,0,0.0,0.0,0.0,0,0.0,0,4,2,15.0,0,1.5,3.5,,,78.0,251.0,22.51329411764706,0.0,Michigan,2024.0,2024.0,SEA,121.0,,0.12903225
2024,12,00-0039793,A.Barner,TE,SEA,ARI,0,0,0.0,0,0.0,0.0,0.0,0,0.0,0,4,3,19.0,0,1.9,4.9,,,78.0,251.0,22.51329411764706,0.0,Michigan,2024.0,2024.0,SEA,121.0,10.0,0.14285715
2024,13,00-0039793,A.Barner,TE,SEA,NYJ,0,0,0.0,0,0.0,0.0,0.0,0,0.0,0,2,2,14.0,1,7.4,9.4,,,78.0,251.0,22.51329411764706,0.0,Michigan,2024.0,2024.0,SEA,121.0,,0.06896552
2024,14,00-0039793,A.Barner,TE,SEA,ARI,0,0,0.0,0,0.0,0.0,0.0,0,0.0,0,1,1,13.0,0,1.3,2.3,,,78.0,251.0,22.51329411764706,0.0,Michigan,2024.0,2024.0,SEA,121.0,,0.03448276
2024,15,00-0039793,A.Barner,TE,SEA,GB,0,0,0.0,0,0.0,0.0,0.0,0,0.0,0,3,1,5.0,0,0.5,1.5,,,78.0,251.0,22.51329411764706,0.0,Michigan,2024.0,2024.0,SEA,121.0,-17.0,0.09677419
2024,16,00-0039793,A.Barner,TE,SEA,MIN,0,0,0.0,0,0.0,0.0,0.0,0,0.0,0,2,2,13.0,1,7.3,9.3,,,78.0,251.0,22.51329411764706,0.0,Michigan,2024.0,2024.0,SEA,121.0,-3.0,0.04761905
2024,18,00-0039793,A.Barner,TE,SEA,LA,0,0,0.0,0,0.0,0.0,0.0,0,0.0,0,5,5,34.0,1,9.4,14.4,,,78.0,251.0,22.51329411764706,0.0,Michigan,2024.0,2024.0,SEA,121.0,,0.18518518
2024,1,00-0039794,B.Allen,RB,NYJ,SF,0,0,0.0,0,0.0,0.0,0.0,1,8.0,0,1,1,9.0,0,1.7,2.7,,,73.0,235.0,20.794588235294118,0.0,Wisconsin,2024.0,2024.0,NYJ,134.0,,0.03448276
2024,2,00-0039794,B.Allen,RB,NYJ,TEN,0,0,0.0,0,0.0,0.0,0.0,7,33.0,1,4,2,23.0,1,17.6,19.6,,,73.0,235.0,20.794588235294118,0.0,Wisconsin,2024.0,2024.0,NYJ,134.0,,0.13793103
2024,3,00-0039794,B.Allen,RB,NYJ,NE,0,0,0.0,0,0.0,0.0,0.0,11,55.0,0,3,3,13.0,0,6.8,9.8,,,73.0,235.0,20.794588235294118,0.0,Wisconsin,2024.0,2024.0,NYJ,134.0,21.0,0.0882353
2024,4,00-0039794,B.Allen,RB,NYJ,DEN,0,0,0.0,0,0.0,0.0,0.0,8,34.0,0,1,1,12.0,0,4.6,5.6,,,73.0,235.0,20.794588235294118,0.0,Wisconsin,2024.0,2024.0,NYJ,134.0,-1.0,0.024390243
2024,5,00-0039794,B.Allen,RB,NYJ,MIN,0,0,0.0,0,0.0,0.0,0.0,5,13.0,0,2,1,15.0,0,2.8,3.8,,,73.0,235.0,20.794588235294118,0.0,Wisconsin,2024.0,2024.0,NYJ,134.0,,0.039215688
2024,6,00-0039794,B.Allen,RB,NYJ,BUF,0,0,0.0,0,0.0,0.0,0.0,3,8.0,0,2,0,0.0,0,0.8,0.8,,,73.0,235.0,20.794588235294118,0.0,Wisconsin,2024.0,2024.0,NYJ,134.0,-3.0,0.05882353
2024,7,00-0039794,B.Allen,RB,NYJ,PIT,0,0,0.0,0,0.0,0.0,0.0,2,4.0,0,1,1,2.0,0,0.6,1.6,,,73.0,235.0,20.794588235294118,0.0,Wisconsin,2024.0,2024.0,NYJ,134.0,,0.025641026
2024,8,00-0039794,B.Allen,RB,NYJ,NE,0,0,0.0,0,0.0,0.0,0.0,12,32.0,1,0,0,0.0,0,9.2,9.2,,,73.0,235.0,20.794588235294118,0.0,Wisconsin,2024.0,2024.0,NYJ,134.0,,
2024,9,00-0039794,B.Allen,RB,NYJ,HOU,0,0,0.0,0,0.0,0.0,0.0,4,9.0,0,1,0,0.0,0,0.9,0.9,,,73.0,235.0,20.794588235294118,0.0,Wisconsin,2024.0,2024.0,NYJ,134.0,8.0,0.03125
2024,10,00-0039794,B.Allen,RB,NYJ,ARI,0,0,0.0,0,0.0,0.0,0.0,7,27.0,0,1,1,7.0,0,3.4,4.4,,,73.0,235.0,20.794588235294118,0.0,Wisconsin,2024.0,2024.0,NYJ,134.0,,0.030303031
2024,11,00-0039794,B.Allen,RB,NYJ,IND,0,0,0.0,0,0.0,0.0,0.0,2,6.0,0,0,0,0.0,0,0.6,0.6,,,73.0,235.0,20.794588235294118,0.0,Wisconsin,2024.0,2024.0,NYJ,134.0,-1.0,
2024,13,00-0039794,B.Allen,RB,NYJ,SEA,0,0,0.0,0,0.0,0.0,0.0,5,11.0,0,2,2,16.0,0,2.7,4.7,,,73.0,235.0,20.794588235294118,0.0,Wisconsin,2024.0,2024.0,NYJ,134.0,-5.0,0.05263158
2024,14,00-0039794,B.Allen,RB,NYJ,MIA,0,0,0.0,0,0.0,0.0,0.0,11,43.0,0,5,4,38.0,0,8.1,12.1,,,73.0,235.0,20.794588235294118,0.0,Wisconsin,2024.0,2024.0,NYJ,134.0,,0.12820514
2024,15,00-0039794,B.Allen,RB,NYJ,JAX,0,0,0.0,0,0.0,0.0,0.0,2,5.0,0,0,0,0.0,0,0.5,0.5,,,73.0,235.0,20.794588235294118,0.0,Wisconsin,2024.0,2024.0,NYJ,134.0,,
2024,16,00-0039794,B.Allen,RB,NYJ,LA,0,0,0.0,0,0.0,0.0,0.0,2,5.0,0,1,1,5.0,0,1.0,2.0,,,73.0,235.0,20.794588235294118,0.0,Wisconsin,2024.0,2024.0,NYJ,134.0,-10.0,0.023809524
2024,17,00-0039794,B.Allen,RB,NYJ,BUF,0,0,0.0,0,0.0,0.0,0.0,6,26.0,0,0,0,0.0,0,2.6,2.6,,,73.0,235.0,20.794588235294118,0.0,Wisconsin,2024.0,2024.0,NYJ,134.0,,
2024,18,00-0039794,B.Allen,RB,NYJ,MIA,0,0,0.0,0,0.0,0.0,0.0,4,15.0,0,3,2,8.0,0,2.3,4.3,,,73.0,235.0,20.794588235294118,0.0,Wisconsin,2024.0,2024.0,NYJ,134.0,12.0,0.08571429
2024,15,00-0039796,R.Ali,RB,BAL,NYG,0,0,0.0,0,0.0,0.0,0.0,8,32.0,0,0,0,0.0,0,3.2,3.2,,,71.0,209.0,23.736157894736845,0.0,Marshall,2024.0,2024.0,BAL,165.0,,
2024,16,00-0039796,R.Ali,RB,BAL,PIT,0,0,0.0,0,0.0,0.0,0.0,1,2.0,0,0,0,0.0,0,0.2,0.2,,,71.0,209.0,23.736157894736845,0.0,Marshall,2024.0,2024.0,BAL,165.0,17.0,
2024,17,00-0039796,R.Ali,RB,BAL,HOU,0,0,0.0,0,0.0,0.0,0.0,1,-3.0,0,0,0,0.0,0,-0.3,-0.3,,,71.0,209.0,23.736157894736845,0.0,Marshall,2024.0,2024.0,BAL,165.0,,
2024,18,00-0039796,R.Ali,RB,BAL,CLE,0,0,0.0,0,0.0,0.0,0.0,0,0.0,0,2,0,0.0,0,0.0,0.0,,,71.0,209.0,23.736157894736845,0.0,Marshall,2024.0,2024.0,BAL,165.0,25.0,0.06666667
2024,3,00-0039798,I.Davis,RB,NYJ,NE,0,0,0.0,0,0.0,0.0,0.0,3,6.0,0,0,0,0.0,0,0.6,0.6,,,73.0,220.0,22.70564705882353,0.0,South Dakota State,2024.0,2024.0,NYJ,173.0,21.0,
2024,7,00-0039798,I.Davis,RB,NYJ,PIT,0,0,0.0,0,0.0,0.0,0.0,1,12.0,0,0,0,0.0,0,1.2,1.2,,,73.0,220.0,22.70564705882353,0.0,South Dakota State,2024.0,2024.0,NYJ,173.0,,
2024,10,00-0039798,I.Davis,RB,NYJ,ARI,0,0,0.0,0,0.0,0.0,0.0,0,0.0,0,1,1,10.0,0,1.0,2.0,,,73.0,220.0,22.70564705882353,0.0,South Dakota State,2024.0,2024.0,NYJ,173.0,,0.030303031
2024,13,00-0039798,I.Davis,RB,NYJ,SEA,0,0,0.0,0,0.0,0.0,0.0,1,4.0,0,3,3,28.0,1,9.2,12.2,,,73.0,220.0,22.70564705882353,0.0,South Dakota State,2024.0,2024.0,NYJ,173.0,-5.0,0.078947365
2024,14,00-0039798,I.Davis,RB,NYJ,MIA,0,0,0.0,0,0.0,0.0,0.0,10,40.0,1,6,3,27.0,0,12.7,15.7,,,73.0,220.0,22.70564705882353,0.0,South Dakota State,2024.0,2024.0,NYJ,173.0,,0.15384616
2024,15,00-0039798,I.Davis,RB,NYJ,JAX,0,0,0.0,0,0.0,0.0,0.0,5,24.0,0,1,1,2.0,0,2.6,3.6,,,73.0,220.0,22.70564705882353,0.0,South Dakota State,2024.0,2024.0,NYJ,173.0,,0.035714287
2024,16,00-0039798,I.Davis,RB,NYJ,LA,0,0,0.0,0,0.0,0.0,0.0,3,12.0,0,0,0,0.0,0,1.2,1.2,,,73.0,220.0,22.70564705882353,0.0,South Dakota State,2024.0,2024.0,NYJ,173.0,-10.0,
2024,17,00-0039798,I.Davis,RB,NYJ,BUF,0,0,0.0,0,0.0,0.0,0.0,3,35.0,0,1,1,8.0,0,4.3,5.3,,,73.0,220.0,22.70564705882353,0.0,South Dakota State,2024.0,2024.0,NYJ,173.0,,0.032258064
2024,18,00-0039798,I.Davis,RB,NYJ,MIA,0,0,0.0,0,0.0,0.0,0.0,4,41.0,0,0,0,0.0,0,4.1,4.1,,,73.0,220.0,22.70564705882353,0.0,South Dakota State,2024.0,2024.0,NYJ,173.0,12.0,
2024,2,00-0039810,J.Burton,WR,CIN,KC,0,0,0.0,0,0.0,0.0,0.0,0,0.0,0,2,1,47.0,0,4.7,5.7,,,72.0,200.0,23.357411764705883,0.0,Alabama,2024.0,2024.0,CIN,80.0,,0.05882353
2024,8,00-0039810,J.Burton,WR,CIN,PHI,0,0,0.0,0,0.0,0.0,0.0,0,0.0,0,3,1,41.0,0,4.1,5.1,,,72.0,200.0,23.357411764705883,0.0,Alabama,2024.0,2024.0,CIN,80.0,-20.0,0.083333336
2024,10,00-0039810,J.Burton,WR,CIN,BAL,0,0,0.0,0,0.0,0.0,0.0,0,0.0,0,5,1,11.0,0,1.1,2.1,,,72.0,200.0,23.357411764705883,0.0,Alabama,2024.0,2024.0,CIN,80.0,,0.09259259
2024,11,00-0039810,J.Burton,WR,CIN,LAC,0,0,0.0,0,0.0,0.0,0.0,0,0.0,0,4,1,8.0,0,0.8,1.8,,,72.0,200.0,23.357411764705883,0.0,Alabama,2024.0,2024.0,CIN,80.0,,0.08695652
2024,2,00-0039811,M.Lloyd,RB,GB,IND,0,0,0.0,0,0.0,0.0,0.0,6,15.0,0,1,1,3.0,0,1.8,2.8,,,69.0,210.0,23.845666666666666,0.0,Southern California,2024.0,2024.0,GB,88.0,6.0,0.07692308
2024,2,00-0039814,E.All,TE,CIN,KC,0,0,0.0,0,0.0,0.0,0.0,0,0.0,0,4,4,32.0,0,3.2,7.2,,,77.0,255.0,24.145823529411764,0.0,Iowa,2024.0,2024.0,CIN,115.0,,0.11764706
2024,3,00-0039814,E.All,TE,CIN,WAS,0,0,0.0,0,0.0,0.0,0.0,0,0.0,0,4,4,22.0,0,2.2,6.2,,,77.0,255.0,24.145823529411764,0.0,Iowa,2024.0,2024.0,CIN,115.0,-5.0,0.10526316
2024,4,00-0039814,E.All,TE,CIN,CAR,0,0,0.0,0,0.0,0.0,0.0,0,0.0,0,4,4,28.0,0,2.8,6.8,,,77.0,255.0,24.145823529411764,0.0,Iowa,2024.0,2024.0,CIN,115.0,,0.13333334
2024,5,00-0039814,E.All,TE,CIN,BAL,0,0,0.0,0,0.0,0.0,0.0,0,0.0,0,2,2,10.0,0,1.0,3.0,,,77.0,255.0,24.145823529411764,0.0,Iowa,2024.0,2024.0,CIN,115.0,-3.0,0.051282052
2024,6,00-0039814,E.All,TE,CIN,NYG,0,0,0.0,0,0.0,0.0,0.0,0,0.0,0,3,2,10.0,0,1.0,3.0,,,77.0,255.0,24.145823529411764,0.0,Iowa,2024.0,2024.0,CIN,115.0,,0.13043478
2024,7,00-0039814,E.All,TE,CIN,CLE,0,0,0.0,0,0.0,0.0,0.0,0,0.0,0,1,0,0.0,0,0.0,0.0,,,77.0,255.0,24.145823529411764,0.0,Iowa,2024.0,2024.0,CIN,115.0,,0.041666668
2024,8,00-0039814,E.All,TE,CIN,PHI,0,0,0.0,0,0.0,0.0,0.0,0,0.0,0,2,2,32.0,0,3.2,5.2,,,77.0,255.0,24.145823529411764,0.0,Iowa,2024.0,2024.0,CIN,115.0,-20.0,0.055555556
2024,9,00-0039814,E.All,TE,CIN,LV,0,0,0.0,0,0.0,0.0,0.0,0,0.0,0,2,2,24.0,0,2.4,4.4,,,77.0,255.0,24.145823529411764,0.0,Iowa,2024.0,2024.0,CIN,115.0,17.0,0.054054055
2024,15,00-0039816,A.Gould,WR,IND,DEN,0,0,0.0,0,0.0,0.0,0.0,0,0.0,0,1,1,23.0,0,2.3,3.3,,,68.0,172.0,23.58294117647059,0.0,Oregon State,2024.0,2024.0,IND,142.0,,0.027777778
2024,2,00-0039824,J.Wiley,TE,KC,CIN,0,0,0.0,0,0.0,0.0,0.0,0,0.0,0,1,1,7.0,0,0.7,1.7,,,78.0,260.0,24.0485,0.0,Texas Christian,2024.0,2024.0,KC,131.0,1.0,0.04347826
2024,7,00-0039825,J.Hicks,SS,KC,SF,0,0,0.0,0,0.0,0.0,0.0,1,1.0,0,0,0,0.0,0,0.1,0.1,,,73.0,212.0,22.263399999999997,0.0,Washington State,2024.0,2024.0,KC,133.0,,
2024,1,00-0039847,T.Johnson,TE,NYG,MIN,0,0,0.0,0,0.0,0.0,0.0,0,0.0,0,4,1,18.0,0,1.8,2.8,,,78.0,260.0,23.692235294117644,0.0,Penn State,2024.0,2024.0,NYG,107.0,-22.0,0.10526316
2024,3,00-0039847,T.Johnson,TE,NYG,CLE,0,0,0.0,0,0.0,0.0,0.0,0,0.0,0,3,1,13.0,0,1.3,2.3,,,78.0,260.0,23.692235294117644,0.0,Penn State,2024.0,2024.0,NYG,107.0,,0.09090909
2024,4,00-0039847,T.Johnson,TE,NYG,DAL,0,0,0.0,0,0.0,0.0,0.0,0,0.0,0,1,1,6.0,0,0.6,1.6,,,78.0,260.0,23.692235294117644,0.0,Penn State,2024.0,2024.0,NYG,107.0,-5.0,0.02631579
2024,5,00-0039847,T.Johnson,TE,NYG,SEA,0,0,0.0,0,0.0,0.0,0.0,0,0.0,0,5,5,48.0,0,4.8,9.8,,,78.0,260.0,23.692235294117644,0.0,Penn State,2024.0,2024.0,NYG,107.0,,0.16129032
2024,6,00-0039847,T.Johnson,TE,NYG,CIN,0,0,0.0,0,0.0,0.0,0.0,0,0.0,0,3,3,30.0,0,3.0,6.0,,,78.0,260.0,23.692235294117644,0.0,Penn State,2024.0,2024.0,NYG,107.0,-10.0,0.083333336
2024,8,00-0039847,T.Johnson,TE,NYG,PIT,0,0,0.0,0,0.0,0.0,0.0,0,0.0,0,4,3,35.0,0,3.5,6.5,,,78.0,260.0,23.692235294117644,0.0,Penn State,2024.0,2024.0,NYG,107.0,,0.10810811
2024,9,00-0039847,T.Johnson,TE,NYG,WAS,0,0,0.0,0,0.0,0.0,0.0,0,0.0,0,6,3,51.0,1,11.1,14.1,,,78.0,260.0,23.692235294117644,0.0,Penn State,2024.0,2024.0,NYG,107.0,-5.0,0.23076923
2024,10,00-0039847,T.Johnson,TE,NYG,CAR,0,0,0.0,0,0.0,0.0,0.0,0,0.0,0,6,4,37.0,0,3.7,7.7,,,78.0,260.0,23.692235294117644,0.0,Penn State,2024.0,2024.0,NYG,107.0,,0.1875
2024,12,00-0039847,T.Johnson,TE,NYG,TB,0,0,0.0,0,0.0,0.0,0.0,0,0.0,0,6,3,39.0,0,3.9,6.9,,,78.0,260.0,23.692235294117644,0.0,Penn State,2024.0,2024.0,NYG,107.0,-23.0,0.2
2024,13,00-0039847,T.Johnson,TE,NYG,DAL,0,0,0.0,0,0.0,0.0,0.0,0,0.0,0,5,5,54.0,0,5.4,10.4,,,78.0,260.0,23.692235294117644,0.0,Penn State,2024.0,2024.0,NYG,107.0,,0.15625
2024,1,00-0039849,M.Harrison,WR,ARI,BUF,0,0,0.0,0,0.0,0.0,0.0,0,0.0,0,3,1,4.0,0,0.4,1.4,,,76.0,205.0,22.23929411764706,0.0,Ohio State,2024.0,2024.0,ARI,4.0,,0.09677419
2024,2,00-0039849,M.Harrison,WR,ARI,LA,0,0,0.0,0,0.0,0.0,0.0,0,0.0,0,8,4,130.0,2,25.0,29.0,,,76.0,205.0,22.23929411764706,0.0,Ohio State,2024.0,2024.0,ARI,4.0,31.0,0.3809524
2024,3,00-0039849,M.Harrison,WR,ARI,DET,0,0,0.0,0,0.0,0.0,0.0,0,0.0,0,11,5,64.0,1,12.4,17.4,,,76.0,205.0,22.23929411764706,0.0,Ohio State,2024.0,2024.0,ARI,4.0,-7.0,0.32352942
2024,4,00-0039849,M.Harrison,WR,ARI,WAS,0,0,0.0,0,0.0,0.0,0.0,0,0.0,0,6,5,45.0,1,10.5,15.5,,,76.0,205.0,22.23929411764706,0.0,Ohio State,2024.0,2024.0,ARI,4.0,-28.0,0.27272728
2024,5,00-0039849,M.Harrison,WR,ARI,SF,0,0,0.0,0,0.0,0.0,0.0,0,0.0,0,7,2,36.0,0,3.6,5.6,,,76.0,205.0,22.23929411764706,0.0,Ohio State,2024.0,2024.0,ARI,4.0,,0.23333333
2024,6,00-0039849,M.Harrison,WR,ARI,GB,0,0,0.0,0,0.0,0.0,0.0,0,0.0,0,2,0,0.0,0,0.0,0.0,,,76.0,205.0,22.23929411764706,0.0,Ohio State,2024.0,2024.0,ARI,4.0,,0.0625
2024,7,00-0039849,M.Harrison,WR,ARI,LAC,0,0,0.0,0,0.0,0.0,0.0,0,0.0,0,6,3,21.0,0,2.1,5.1,,,76.0,205.0,22.23929411764706,0.0,Ohio State,2024.0,2024.0,ARI,4.0,2.0,0.24
2024,8,00-0039849,M.Harrison,WR,ARI,MIA,0,0,0.0,0,0.0,0.0,0.0,0,0.0,0,7,6,111.0,1,17.1,23.1,,,76.0,205.0,22.23929411764706,0.0,Ohio State,2024.0,2024.0,ARI,4.0,,0.21212122
2024,9,00-0039849,M.Harrison,WR,ARI,CHI,0,0,0.0,0,0.0,0.0,0.0,0,0.0,0,5,2,34.0,0,1.4,3.4,,,76.0,205.0,22.23929411764706,0.0,Ohio State,2024.0,2024.0,ARI,4.0,20.0,0.2631579
2024,10,00-0039849,M.Harrison,WR,ARI,NYJ,0,0,0.0,0,0.0,0.0,0.0,0,0.0,0,5,5,54.0,1,11.4,16.4,,,76.0,205.0,22.23929411764706,0.0,Ohio State,2024.0,2024.0,ARI,4.0,25.0,0.20833333
2024,12,00-0039849,M.Harrison,WR,ARI,SEA,0,0,0.0,0,0.0,0.0,0.0,0,0.0,0,6,3,47.0,0,4.7,7.7,,,76.0,205.0,22.23929411764706,0.0,Ohio State,2024.0,2024.0,ARI,4.0,,0.1764706
2024,13,00-0039849,M.Harrison,WR,ARI,MIN,0,0,0.0,0,0.0,0.0,0.0,0,0.0,0,12,5,60.0,1,12.0,17.0,,,76.0,205.0,22.23929411764706,0.0,Ohio State,2024.0,2024.0,ARI,4.0,,0.27906978
2024,14,00-0039849,M.Harrison,WR,ARI,SEA,0,0,0.0,0,0.0,0.0,0.0,0,0.0,0,8,4,49.0,0,4.9,8.9,,,76.0,205.0,22.23929411764706,0.0,Ohio State,2024.0,2024.0,ARI,4.0,-12.0,0.21052632
2024,15,00-0039849,M.Harrison,WR,ARI,NE,0,0,0.0,0,0.0,0.0,0.0,0,0.0,0,6,2,32.0,0,3.2,5.2,,,76.0,205.0,22.23929411764706,0.0,Ohio State,2024.0,2024.0,ARI,4.0,13.0,0.19354838
2024,16,00-0039849,M.Harrison,WR,ARI,CAR,0,0,0.0,0,0.0,0.0,0.0,0,0.0,0,8,4,39.0,0,3.9,7.9,,,76.0,205.0,22.23929411764706,0.0,Ohio State,2024.0,2024.0,ARI,4.0,,0.27586207
2024,17,00-0039849,M.Harrison,WR,ARI,LA,0,0,0.0,0,0.0,0.0,0.0,0,0.0,0,10,6,96.0,0,9.6,15.6,,,76.0,205.0,22.23929411764706,0.0,Ohio State,2024.0,2024.0,ARI,4.0,,0.22222222
2024,18,00-0039849,M.Harrison,WR,ARI,SF,0,0,0.0,0,0.0,0.0,0.0,0,0.0,0,6,5,63.0,1,12.3,17.3,,,76.0,205.0,22.23929411764706,0.0,Ohio State,2024.0,2024.0,ARI,4.0,23.0,0.1875
2024,3,00-0039851,D.Maye,QB,NE,NYJ,4,8,22.0,0,0.0,2.0,13.0,2,12.0,0,0,0,0.0,0,2.08,2.08,,,76.0,225.0,22.183176470588233,0.0,North Carolina,2024.0,2024.0,NE,3.0,,
2024,6,00-0039851,D.Maye,QB,NE,HOU,20,33,243.0,3,2.0,4.0,34.0,5,38.0,0,0,0,0.0,0,19.52,19.52,,,76.0,225.0,22.183176470588233,0.0,North Carolina,2024.0,2024.0,NE,3.0,-20.0,
2024,7,00-0039851,D.Maye,QB,NE,JAX,26,37,276.0,2,0.0,2.0,19.0,3,18.0,0,0,0,0.0,0,20.84,20.84,,,76.0,225.0,22.183176470588233,0.0,North Carolina,2024.0,2024.0,NE,3.0,,
2024,8,00-0039851,D.Maye,QB,NE,NYJ,3,6,23.0,0,0.0,1.0,8.0,3,46.0,1,0,0,0.0,0,11.52,11.52,,,76.0,225.0,22.183176470588233,0.0,North Carolina,2024.0,2024.0,NE,3.0,3.0,
2024,9,00-0039851,D.Maye,QB,NE,TEN,29,41,206.0,1,2.0,4.0,21.0,8,95.0,0,0,0,0.0,0,15.74,15.74,,,76.0,225.0,22.183176470588233,0.0,North Carolina,2024.0,2024.0,NE,3.0,,
2024,10,00-0039851,D.Maye,QB,NE,CHI,15,25,184.0,1,1.0,1.0,-0.0,4,24.0,0,0,0,0.0,0,11.76,11.76,,,76.0,225.0,22.183176470588233,0.0,North Carolina,2024.0,2024.0,NE,3.0,,
2024,11,00-0039851,D.Maye,QB,NE,LA,29,39,282.0,2,1.0,3.0,25.0,3,27.0,0,0,0,0.0,0,17.98,17.98,,,76.0,225.0,22.183176470588233,0.0,North Carolina,2024.0,2024.0,NE,3.0,-6.0,
2024,12,00-0039851,D.Maye,QB,NE,MIA,22,37,222.0,1,1.0,4.0,39.0,5,26.0,0,0,0,0.0,0,13.48,13.48,,,76.0,225.0,22.183176470588233,0.0,North Carolina,2024.0,2024.0,NE,3.0,,
2024,13,00-0039851,D.Maye,QB,NE,IND,24,30,238.0,1,1.0,4.0,16.0,5,59.0,0,0,0,0.0,0,19.42,19.42,,,76.0,225.0,22.183176470588233,0.0,North Carolina,2024.0,2024.0,NE,3.0,-1.0,
2024,15,00-0039851,D.Maye,QB,NE,ARI,19,23,202.0,1,1.0,2.0,7.0,4,14.0,1,0,0,0.0,0,17.48,17.48,,,76.0,225.0,22.183176470588233,0.0,North Carolina,2024.0,2024.0,NE,3.0,,
2024,16,00-0039851,D.Maye,QB,NE,BUF,22,36,261.0,2,1.0,2.0,8.0,6,30.0,0,0,0,0.0,0,17.44,17.44,,,76.0,225.0,22.183176470588233,0.0,North Carolina,2024.0,2024.0,NE,3.0,,
2024,17,00-0039851,D.Maye,QB,NE,LAC,12,22,117.0,1,0.0,4.0,30.0,6,32.0,0,0,0,0.0,0,9.88,9.88,,,76.0,225.0,22.183176470588233,0.0,North Carolina,2024.0,2024.0,NE,3.0,-33.0,
2024,18,00-0039851,D.Maye,QB,NE,BUF,0,1,0.0,0,0.0,1.0,9.0,0,0.0,0,0,0,0.0,0,0.0,0.0,,,76.0,225.0,22.183176470588233,0.0,North Carolina,2024.0,2024.0,NE,3.0,7.0,
2024,12,00-0039853,J.Baker,WR,NE,MIA,0,0,0.0,0,0.0,0.0,0.0,0,0.0,0,1,0,0.0,0,0.0,0.0,,,73.0,208.0,22.711588235294116,0.0,Central Florida,2024.0,2024.0,NE,110.0,,0.027027028
2024,16,00-0039853,J.Baker,WR,NE,BUF,0,0,0.0,0,0.0,0.0,0.0,0,0.0,0,1,0,0.0,0,0.0,0.0,,,73.0,208.0,22.711588235294116,0.0,Central Florida,2024.0,2024.0,NE,110.0,,0.032258064
2024,17,00-0039853,J.Baker,WR,NE,LAC,0,0,0.0,0,0.0,0.0,0.0,0,0.0,0,1,0,0.0,0,0.0,0.0,,,73.0,208.0,22.711588235294116,0.0,Central Florida,2024.0,2024.0,NE,110.0,-33.0,0.04347826
2024,18,00-0039853,J.Baker,WR,NE,BUF,0,0,0.0,0,0.0,0.0,0.0,0,0.0,0,1,1,12.0,0,1.2,2.2,,,73.0,208.0,22.711588235294116,0.0,Central Florida,2024.0,2024.0,NE,110.0,7.0,0.035714287
2024,1,00-0039855,J.McMillan,WR,TB,WAS,0,0,0.0,0,0.0,0.0,0.0,0,0.0,0,3,1,32.0,1,9.2,10.2,,,73.0,186.0,22.9255,0.0,Washington,2024.0,2024.0,TB,92.0,17.0,0.1
2024,2,00-0039855,J.McMillan,WR,TB,DET,0,0,0.0,0,0.0,0.0,0.0,0,0.0,0,2,1,21.0,0,2.1,3.1,,,73.0,186.0,22.9255,0.0,Washington,2024.0,2024.0,TB,92.0,,0.10526316
2024,3,00-0039855,J.McMillan,WR,TB,DEN,0,0,0.0,0,0.0,0.0,0.0,0,0.0,0,1,1,6.0,0,0.6,1.6,,,73.0,186.0,22.9255,0.0,Washington,2024.0,2024.0,TB,92.0,-19.0,0.03125
2024,6,00-0039855,J.McMillan,WR,TB,NO,0,0,0.0,0,0.0,0.0,0.0,0,0.0,0,1,0,0.0,0,0.0,0.0,,,73.0,186.0,22.9255,0.0,Washington,2024.0,2024.0,TB,92.0,,0.027777778
2024,7,00-0039855,J.McMillan,WR,TB,BAL,0,0,0.0,0,0.0,0.0,0.0,1,11.0,0,8,3,15.0,0,2.6,5.6,,,73.0,186.0,22.9255,0.0,Washington,2024.0,2024.0,TB,92.0,-10.0,0.17777778
2024,8,00-0039855,J.McMillan,WR,TB,ATL,0,0,0.0,0,0.0,0.0,0.0,1,17.0,0,7,4,35.0,0,5.2,9.2,,,73.0,186.0,22.9255,0.0,Washington,2024.0,2024.0,TB,92.0,-5.0,0.1521739
2024,12,00-0039855,J.McMillan,WR,TB,NYG,0,0,0.0,0,0.0,0.0,0.0,0,0.0,0,2,1,11.0,0,1.1,2.1,,,73.0,186.0,22.9255,0.0,Washington,2024.0,2024.0,TB,92.0,,0.06666667
2024,13,00-0039855,J.McMillan,WR,TB,CAR,0,0,0.0,0,0.0,0.0,0.0,0,0.0,0,3,2,25.0,0,2.5,4.5,,,73.0,186.0,22.9255,0.0,Washington,2024.0,2024.0,TB,92.0,,0.0882353
2024,14,00-0039855,J.McMillan,WR,TB,LV,0,0,0.0,0,0.0,0.0,0.0,0,0.0,0,7,4,59.0,2,17.9,21.9,,,73.0,186.0,22.9255,0.0,Washington,2024.0,2024.0,TB,92.0,15.0,0.25
2024,15,00-0039855,J.McMillan,WR,TB,LAC,0,0,0.0,0,0.0,0.0,0.0,0,0.0,0,6,5,75.0,1,13.5,18.5,,,73.0,186.0,22.9255,0.0,Washington,2024.0,2024.0,TB,92.0,,0.23076923
2024,16,00-0039855,J.McMillan,WR,TB,DAL,0,0,0.0,0,0.0,0.0,0.0,0,0.0,0,7,5,57.0,1,11.7,16.7,,,73.0,186.0,22.9255,0.0,Washington,2024.0,2024.0,TB,92.0,,0.1627907
2024,17,00-0039855,J.McMillan,WR,TB,CAR,0,0,0.0,0,0.0,0.0,0.0,1,9.0,0,5,5,51.0,2,18.0,23.0,,,73.0,186.0,22.9255,0.0,Washington,2024.0,2024.0,TB,92.0,34.0,0.15625
2024,18,00-0039855,J.McMillan,WR,TB,NO,0,0,0.0,0,0.0,0.0,0.0,1,6.0,0,6,5,74.0,1,14.0,19.0,,,73.0,186.0,22.9255,0.0,Washington,2024.0,2024.0,TB,92.0,8.0,0.19354838
2024,19,00-0039855,J.McMillan,WR,TB,WAS,0,0,0.0,0,0.0,0.0,0.0,0,0.0,0,4,2,41.0,0,4.1,6.1,,,73.0,186.0,22.9255,0.0,Washington,2024.0,2024.0,TB,92.0,-3.0,0.23529412
2024,2,00-0039868,T.Franklin,WR,DEN,PIT,0,0,0.0,0,0.0,0.0,0.0,0,0.0,0,1,0,0.0,0,0.0,0.0,,,75.0,187.0,21.755277777777778,0.0,Oregon,2024.0,2024.0,DEN,102.0,-7.0,0.030303031
2024,3,00-0039868,T.Franklin,WR,DEN,TB,0,0,0.0,0,0.0,0.0,0.0,0,0.0,0,5,2,11.0,0,1.1,3.1,,,75.0,187.0,21.755277777777778,0.0,Oregon,2024.0,2024.0,DEN,102.0,,0.14705883
2024,4,00-0039868,T.Franklin,WR,DEN,NYJ,0,0,0.0,0,0.0,0.0,0.0,0,0.0,0,4,2,-2.0,0,-0.2,1.8,,,75.0,187.0,21.755277777777778,0.0,Oregon,2024.0,2024.0,DEN,102.0,,0.16
2024,5,00-0039868,T.Franklin,WR,DEN,LV,0,0,0.0,0,0.0,0.0,0.0,0,0.0,0,2,1,20.0,0,2.0,3.0,,,75.0,187.0,21.755277777777778,0.0,Oregon,2024.0,2024.0,DEN,102.0,16.0,0.07692308
2024,6,00-0039868,T.Franklin,WR,DEN,LAC,0,0,0.0,0,0.0,0.0,0.0,1,5.0,0,3,2,31.0,1,9.6,11.6,,,75.0,187.0,21.755277777777778,0.0,Oregon,2024.0,2024.0,DEN,102.0,-7.0,0.09375
2024,7,00-0039868,T.Franklin,WR,DEN,NO,0,0,0.0,0,0.0,0.0,0.0,0,0.0,0,6,5,50.0,0,5.0,10.0,,,75.0,187.0,21.755277777777778,0.0,Oregon,2024.0,2024.0,DEN,102.0,,0.24
2024,8,00-0039868,T.Franklin,WR,DEN,CAR,0,0,0.0,0,0.0,0.0,0.0,1,3.0,0,2,1,6.0,0,0.9,1.9,,,75.0,187.0,21.755277777777778,0.0,Oregon,2024.0,2024.0,DEN,102.0,14.0,0.05263158
2024,9,00-0039868,T.Franklin,WR,DEN,BAL,0,0,0.0,0,0.0,0.0,0.0,0,0.0,0,4,1,19.0,0,1.9,2.9,,,75.0,187.0,21.755277777777778,0.0,Oregon,2024.0,2024.0,DEN,102.0,,0.121212125
2024,10,00-0039868,T.Franklin,WR,DEN,KC,0,0,0.0,0,0.0,0.0,0.0,0,0.0,0,3,1,9.0,0,0.9,1.9,,,75.0,187.0,21.755277777777778,0.0,Oregon,2024.0,2024.0,DEN,102.0,,0.10714286
2024,11,00-0039868,T.Franklin,WR,DEN,ATL,0,0,0.0,0,0.0,0.0,0.0,0,0.0,0,2,2,15.0,1,7.5,9.5,,,75.0,187.0,21.755277777777778,0.0,Oregon,2024.0,2024.0,DEN,102.0,32.0,0.0625
2024,12,00-0039868,T.Franklin,WR,DEN,LV,0,0,0.0,0,0.0,0.0,0.0,0,0.0,0,4,2,31.0,0,3.1,5.1,,,75.0,187.0,21.755277777777778,0.0,Oregon,2024.0,2024.0,DEN,102.0,,0.102564104
2024,13,00-0039868,T.Franklin,WR,DEN,CLE,0,0,0.0,0,0.0,0.0,0.0,0,0.0,0,5,2,28.0,0,2.8,4.8,,,75.0,187.0,21.755277777777778,0.0,Oregon,2024.0,2024.0,DEN,102.0,9.0,0.16129032
2024,15,00-0039868,T.Franklin,WR,DEN,IND,0,0,0.0,0,0.0,0.0,0.0,0,0.0,0,5,2,9.0,0,0.9,2.9,,,75.0,187.0,21.755277777777778,0.0,Oregon,2024.0,2024.0,DEN,102.0,18.0,0.15625
2024,16,00-0039868,T.Franklin,WR,DEN,LAC,0,0,0.0,0,0.0,0.0,0.0,0,0.0,0,3,2,25.0,0,2.5,4.5,,,75.0,187.0,21.755277777777778,0.0,Oregon,2024.0,2024.0,DEN,102.0,,0.07692308
2024,17,00-0039868,T.Franklin,WR,DEN,CIN,0,0,0.0,0,0.0,0.0,0.0,0,0.0,0,2,1,-1.0,0,-0.1,0.9,,,75.0,187.0,21.755277777777778,0.0,Oregon,2024.0,2024.0,DEN,102.0,,0.06451613
2024,18,00-0039868,T.Franklin,WR,DEN,KC,0,0,0.0,0,0.0,0.0,0.0,0,0.0,0,2,2,12.0,0,1.2,3.2,,,75.0,187.0,21.755277777777778,0.0,Oregon,2024.0,2024.0,DEN,102.0,38.0,0.06896552
2024,19,00-0039868,T.Franklin,WR,DEN,BUF,0,0,0.0,0,0.0,0.0,0.0,0,0.0,0,3,2,54.0,1,11.4,13.4,,,75.0,187.0,21.755277777777778,0.0,Oregon,2024.0,2024.0,DEN,102.0,,0.13043478
2024,2,00-0039874,J.Wright,RB,MIA,BUF,0,0,0.0,0,0.0,0.0,0.0,5,4.0,0,0,0,0.0,0,0.4,0.4,,,71.0,210.0,21.606235294117646,0.0,Tennessee,2024.0,2024.0,MIA,120.0,-21.0,
2024,3,00-0039874,J.Wright,RB,MIA,SEA,0,0,0.0,0,0.0,0.0,0.0,2,17.0,0,0,0,0.0,0,1.7,1.7,,,71.0,210.0,21.606235294117646,0.0,Tennessee,2024.0,2024.0,MIA,120.0,,
2024,4,00-0039874,J.Wright,RB,MIA,TEN,0,0,0.0,0,0.0,0.0,0.0,9,32.0,0,1,0,0.0,0,3.2,3.2,,,71.0,210.0,21.606235294117646,0.0,Tennessee,2024.0,2024.0,MIA,120.0,-19.0,0.04761905
2024,5,00-0039874,J.Wright,RB,MIA,NE,0,0,0.0,0,0.0,0.0,0.0,13,86.0,0,0,0,0.0,0,8.6,8.6,,,71.0,210.0,21.606235294117646,0.0,Tennessee,2024.0,2024.0,MIA,120.0,,
2024,7,00-0039874,J.Wright,RB,MIA,IND,0,0,0.0,0,0.0,0.0,0.0,5,33.0,0,0,0,0.0,0,3.3,3.3,,,71.0,210.0,21.606235294117646,0.0,Tennessee,2024.0,2024.0,MIA,120.0,,
2024,8,00-0039874,J.Wright,RB,MIA,ARI,0,0,0.0,0,0.0,0.0,0.0,2,18.0,0,0,0,0.0,0,1.8,1.8,,,71.0,210.0,21.606235294117646,0.0,Tennessee,2024.0,2024.0,MIA,120.0,-1.0,
2024,9,00-0039874,J.Wright,RB,MIA,BUF,0,0,0.0,0,0.0,0.0,0.0,6,18.0,0,0,0,0.0,0,1.8,1.8,,,71.0,210.0,21.606235294117646,0.0,Tennessee,2024.0,2024.0,MIA,120.0,,
2024,10,00-0039874,J.Wright,RB,MIA,LA,0,0,0.0,0,0.0,0.0,0.0,5,3.0,0,0,0,0.0,0,0.3,0.3,,,71.0,210.0,21.606235294117646,0.0,Tennessee,2024.0,2024.0,MIA,120.0,,
2024,11,00-0039874,J.Wright,RB,MIA,LV,0,0,0.0,0,0.0,0.0,0.0,5,4.0,0,1,1,2.0,0,0.6,1.6,,,71.0,210.0,21.606235294117646,0.0,Tennessee,2024.0,2024.0,MIA,120.0,15.0,0.028571429
2024,12,00-0039874,J.Wright,RB,MIA,NE,0,0,0.0,0,0.0,0.0,0.0,7,28.0,0,1,0,0.0,0,0.8,0.8,,,71.0,210.0,21.606235294117646,0.0,Tennessee,2024.0,2024.0,MIA,120.0,19.0,0.025
2024,14,00-0039874,J.Wright,RB,MIA,NYJ,0,0,0.0,0,0.0,0.0,0.0,2,7.0,0,3,2,6.0,0,1.3,3.3,,,71.0,210.0,21.606235294117646,0.0,Tennessee,2024.0,2024.0,MIA,120.0,6.0,0.06666667
2024,15,00-0039874,J.Wright,RB,MIA,HOU,0,0,0.0,0,0.0,0.0,0.0,1,3.0,0,0,0,0.0,0,0.3,0.3,,,71.0,210.0,21.606235294117646,0.0,Tennessee,2024.0,2024.0,MIA,120.0,,
2024,18,00-0039874,J.Wright,RB,MIA,NYJ,0,0,0.0,0,0.0,0.0,0.0,6,-4.0,0,0,0,0.0,0,-0.4,-0.4,,,71.0,210.0,21.606235294117646,0.0,Tennessee,2024.0,2024.0,MIA,120.0,,
2024,1,00-0039875,R.Davis,RB,BUF,ARI,0,0,0.0,0,0.0,0.0,0.0,3,13.0,0,1,1,14.0,0,2.7,3.7,,,68.0,216.0,24.9927,0.0,Kentucky,2024.0,2024.0,BUF,128.0,6.0,0.04347826
2024,2,00-0039875,R.Davis,RB,BUF,MIA,0,0,0.0,0,0.0,0.0,0.0,9,29.0,0,1,1,-1.0,0,2.8,3.8,,,68.0,216.0,24.9927,0.0,Kentucky,2024.0,2024.0,BUF,128.0,,0.055555556
2024,3,00-0039875,R.Davis,RB,BUF,JAX,0,0,0.0,0,0.0,0.0,0.0,7,22.0,1,1,1,1.0,0,8.3,9.3,,,68.0,216.0,24.9927,0.0,Kentucky,2024.0,2024.0,BUF,128.0,37.0,0.033333335
2024,4,00-0039875,R.Davis,RB,BUF,BAL,0,0,0.0,0,0.0,0.0,0.0,7,11.0,0,0,0,0.0,0,1.1,1.1,,,68.0,216.0,24.9927,0.0,Kentucky,2024.0,2024.0,BUF,128.0,,
2024,5,00-0039875,R.Davis,RB,BUF,HOU,0,0,0.0,0,0.0,0.0,0.0,0,0.0,0,2,1,4.0,0,0.4,1.4,,,68.0,216.0,24.9927,0.0,Kentucky,2024.0,2024.0,BUF,128.0,,0.06896552
2024,6,00-0039875,R.Davis,RB,BUF,NYJ,0,0,0.0,0,0.0,0.0,0.0,20,97.0,0,3,3,55.0,0,15.2,18.2,,,68.0,216.0,24.9927,0.0,Kentucky,2024.0,2024.0,BUF,128.0,,0.13043478
2024,7,00-0039875,R.Davis,RB,BUF,TEN,0,0,0.0,0,0.0,0.0,0.0,5,41.0,1,1,1,6.0,0,10.7,11.7,,,68.0,216.0,24.9927,0.0,Kentucky,2024.0,2024.0,BUF,128.0,24.0,0.03125
2024,8,00-0039875,R.Davis,RB,BUF,SEA,0,0,0.0,0,0.0,0.0,0.0,6,29.0,0,0,0,0.0,0,2.9,2.9,,,68.0,216.0,24.9927,0.0,Kentucky,2024.0,2024.0,BUF,128.0,,
2024,9,00-0039875,R.Davis,RB,BUF,MIA,0,0,0.0,0,0.0,0.0,0.0,4,20.0,0,2,2,70.0,1,15.0,17.0,,,68.0,216.0,24.9927,0.0,Kentucky,2024.0,2024.0,BUF,128.0,3.0,0.055555556
2024,10,00-0039875,R.Davis,RB,BUF,IND,0,0,0.0,0,0.0,0.0,0.0,3,6.0,0,0,0,0.0,0,0.6,0.6,,,68.0,216.0,24.9927,0.0,Kentucky,2024.0,2024.0,BUF,128.0,,
2024,11,00-0039875,R.Davis,RB,BUF,KC,0,0,0.0,0,0.0,0.0,0.0,5,11.0,0,0,0,0.0,0,1.1,1.1,,,68.0,216.0,24.9927,0.0,Kentucky,2024.0,2024.0,BUF,128.0,9.0,
2024,13,00-0039875,R.Davis,RB,BUF,SF,0,0,0.0,0,0.0,0.0,0.0,11,63.0,1,1,1,4.0,0,12.7,13.7,,,68.0,216.0,24.9927,0.0,Kentucky,2024.0,2024.0,BUF,128.0,25.0,0.055555556
2024,15,00-0039875,R.Davis,RB,BUF,DET,0,0,0.0,0,0.0,0.0,0.0,7,15.0,0,2,2,14.0,1,8.9,10.9,,,68.0,216.0,24.9927,0.0,Kentucky,2024.0,2024.0,BUF,128.0,,0.0625
2024,16,00-0039875,R.Davis,RB,BUF,NE,0,0,0.0,0,0.0,0.0,0.0,5,12.0,0,1,1,17.0,0,2.9,3.9,,,68.0,216.0,24.9927,0.0,Kentucky,2024.0,2024.0,BUF,128.0,3.0,0.037037037
2024,17,00-0039875,R.Davis,RB,BUF,NYJ,0,0,0.0,0,0.0,0.0,0.0,6,9.0,0,1,1,4.0,0,1.3,2.3,,,68.0,216.0,24.9927,0.0,Kentucky,2024.0,2024.0,BUF,128.0,26.0,0.037037037
2024,18,00-0039875,R.Davis,RB,BUF,NE,0,0,0.0,0,0.0,0.0,0.0,15,64.0,0,3,2,1.0,1,12.5,14.5,,,68.0,216.0,24.9927,0.0,Kentucky,2024.0,2024.0,BUF,128.0,,0.09677419
2024,19,00-0039875,R.Davis,RB,BUF,DEN,0,0,0.0,0,0.0,0.0,0.0,1,3.0,0,0,0,0.0,0,0.3,0.3,,,68.0,216.0,24.9927,0.0,Kentucky,2024.0,2024.0,BUF,128.0,24.0,
2024,20,00-0039875,R.Davis,RB,BUF,BAL,0,0,0.0,0,0.0,0.0,0.0,4,29.0,1,0,0,0.0,0,8.9,8.9,,,68.0,216.0,24.9927,0.0,Kentucky,2024.0,2024.0,BUF,128.0,2.0,
2024,21,00-0039875,R.Davis,RB,BUF,KC,0,0,0.0,0,0.0,0.0,0.0,2,4.0,0,0,0,0.0,0,0.4,0.4,,,68.0,216.0,24.9927,0.0,Kentucky,2024.0,2024.0,BUF,128.0,,
2024,4,00-0039880,M.Washington,WR,MIA,TEN,0,0,0.0,0,0.0,0.0,0.0,0,0.0,0,1,1,8.0,0,0.8,1.8,,,68.0,194.0,24.051176470588235,0.0,Virginia,2024.0,2024.0,MIA,184.0,-19.0,0.04761905
2024,7,00-0039880,M.Washington,WR,MIA,IND,0,0,0.0,0,0.0,0.0,0.0,0,0.0,0,3,2,9.0,0,0.9,2.9,,,68.0,194.0,24.051176470588235,0.0,Virginia,2024.0,2024.0,MIA,184.0,,0.13636364
2024,9,00-0039880,M.Washington,WR,MIA,BUF,0,0,0.0,0,0.0,0.0,0.0,1,9.0,0,0,0,0.0,0,0.9,0.9,,,68.0,194.0,24.051176470588235,0.0,Virginia,2024.0,2024.0,MIA,184.0,,
2024,10,00-0039880,M.Washington,WR,MIA,LA,0,0,0.0,0,0.0,0.0,0.0,1,18.0,1,2,1,17.0,0,9.5,10.5,,,68.0,194.0,24.051176470588235,0.0,Virginia,2024.0,2024.0,MIA,184.0,,0.071428575
2024,11,00-0039880,M.Washington,WR,MIA,LV,0,0,0.0,0,0.0,0.0,0.0,1,7.0,0,3,3,11.0,0,1.8,4.8,,,68.0,194.0,24.051176470588235,0.0,Virginia,2024.0,2024.0,MIA,184.0,15.0,0.08571429
2024,12,00-0039880,M.Washington,WR,MIA,NE,0,0,0.0,0,0.0,0.0,0.0,1,2.0,0,2,1,1.0,0,0.3,1.3,,,68.0,194.0,24.051176470588235,0.0,Virginia,2024.0,2024.0,MIA,184.0,19.0,0.05
2024,13,00-0039880,M.Washington,WR,MIA,GB,0,0,0.0,0,0.0,0.0,0.0,0,0.0,0,4,2,8.0,0,0.8,2.8,,,68.0,194.0,24.051176470588235,0.0,Virginia,2024.0,2024.0,MIA,184.0,,0.08695652
2024,14,00-0039880,M.Washington,WR,MIA,NYJ,0,0,0.0,0,0.0,0.0,0.0,0,0.0,0,1,0,0.0,0,0.0,0.0,,,68.0,194.0,24.051176470588235,0.0,Virginia,2024.0,2024.0,MIA,184.0,6.0,0.022222223
2024,15,00-0039880,M.Washington,WR,MIA,HOU,0,0,0.0,0,0.0,0.0,0.0,0,0.0,0,6,5,52.0,0,5.2,10.2,,,68.0,194.0,24.051176470588235,0.0,Virginia,2024.0,2024.0,MIA,184.0,,0.15384616
2024,16,00-0039880,M.Washington,WR,MIA,SF,0,0,0.0,0,0.0,0.0,0.0,0,0.0,0,4,3,28.0,0,2.8,5.8,,,68.0,194.0,24.051176470588235,0.0,Virginia,2024.0,2024.0,MIA,184.0,12.0,0.12903225
2024,17,00-0039880,M.Washington,WR,MIA,CLE,0,0,0.0,0,0.0,0.0,0.0,1,-11.0,0,5,4,41.0,0,3.0,7.0,,,68.0,194.0,24.051176470588235,0.0,Virginia,2024.0,2024.0,MIA,184.0,,0.20833333
2024,18,00-0039880,M.Washington,WR,MIA,NYJ,0,0,0.0,0,0.0,0.0,0.0,0,0.0,0,5,4,48.0,0,4.8,8.8,,,68.0,194.0,24.051176470588235,0.0,Virginia,2024.0,2024.0,MIA,184.0,,0.13513513
2024,1,00-0039890,A.Mitchell,WR,IND,HOU,0,0,0.0,0,0.0,0.0,0.0,0,0.0,0,5,1,2.0,0,0.2,1.2,,,74.0,196.0,22.077117647058824,0.0,Texas,2024.0,2024.0,IND,52.0,-2.0,0.2631579
2024,2,00-0039890,A.Mitchell,WR,IND,GB,0,0,0.0,0,0.0,0.0,0.0,0,0.0,0,4,1,30.0,0,3.0,4.0,,,74.0,196.0,22.077117647058824,0.0,Texas,2024.0,2024.0,IND,52.0,,0.12903225
2024,3,00-0039890,A.Mitchell,WR,IND,CHI,0,0,0.0,0,0.0,0.0,0.0,0,0.0,0,1,0,0.0,0,0.0,0.0,,,74.0,196.0,22.077117647058824,0.0,Texas,2024.0,2024.0,IND,52.0,5.0,0.055555556
2024,4,00-0039890,A.Mitchell,WR,IND,PIT,0,0,0.0,0,0.0,0.0,0.0,1,10.0,0,3,0,0.0,0,1.0,1.0,,,74.0,196.0,22.077117647058824,0.0,Texas,2024.0,2024.0,IND,52.0,3.0,0.10714286
2024,5,00-0039890,A.Mitchell,WR,IND,JAX,1,1,24.0,0,0.0,0.0,-0.0,1,4.0,0,7,4,38.0,0,5.16,9.16,,,74.0,196.0,22.077117647058824,0.0,Texas,2024.0,2024.0,IND,52.0,,0.15555556
2024,6,00-0039890,A.Mitchell,WR,IND,TEN,0,0,0.0,0,0.0,0.0,0.0,0,0.0,0,4,2,9.0,0,0.9,2.9,,,74.0,196.0,22.077117647058824,0.0,Texas,2024.0,2024.0,IND,52.0,,0.11111111
2024,7,00-0039890,A.Mitchell,WR,IND,MIA,0,0,0.0,0,0.0,0.0,0.0,0,0.0,0,3,2,30.0,0,3.0,5.0,,,74.0,196.0,22.077117647058824,0.0,Texas,2024.0,2024.0,IND,52.0,6.0,0.13636364
2024,8,00-0039890,A.Mitchell,WR,IND,HOU,0,0,0.0,0,0.0,0.0,0.0,0,0.0,0,4,1,9.0,0,0.9,1.9,,,74.0,196.0,22.077117647058824,0.0,Texas,2024.0,2024.0,IND,52.0,,0.12903225
2024,9,00-0039890,A.Mitchell,WR,IND,MIN,0,0,0.0,0,0.0,0.0,0.0,0,0.0,0,1,1,22.0,0,2.2,3.2,,,74.0,196.0,22.077117647058824,0.0,Texas,2024.0,2024.0,IND,52.0,,0.037037037
2024,10,00-0039890,A.Mitchell,WR,IND,BUF,0,0,0.0,0,0.0,0.0,0.0,0,0.0,0,6,6,71.0,0,7.1,13.1,,,74.0,196.0,22.077117647058824,0.0,Texas,2024.0,2024.0,IND,52.0,-10.0,0.17142858
2024,11,00-0039890,A.Mitchell,WR,IND,NYJ,0,0,0.0,0,0.0,0.0,0.0,1,2.0,0,2,1,33.0,0,3.5,4.5,,,74.0,196.0,22.077117647058824,0.0,Texas,2024.0,2024.0,IND,52.0,,0.071428575
2024,12,00-0039890,A.Mitchell,WR,IND,DET,0,0,0.0,0,0.0,0.0,0.0,0,0.0,0,3,1,10.0,0,1.0,2.0,,,74.0,196.0,22.077117647058824,0.0,Texas,2024.0,2024.0,IND,52.0,-18.0,0.12
2024,13,00-0039890,A.Mitchell,WR,IND,NE,0,0,0.0,0,0.0,0.0,0.0,0,0.0,0,2,0,0.0,0,0.0,0.0,,,74.0,196.0,22.077117647058824,0.0,Texas,2024.0,2024.0,IND,52.0,,0.083333336
2024,15,00-0039890,A.Mitchell,WR,IND,DEN,0,0,0.0,0,0.0,0.0,0.0,1,-10.0,0,4,0,0.0,0,-3.0,-3.0,,,74.0,196.0,22.077117647058824,0.0,Texas,2024.0,2024.0,IND,52.0,,0.11111111
2024,16,00-0039890,A.Mitchell,WR,IND,TEN,0,0,0.0,0,0.0,0.0,0.0,0,0.0,0,1,1,36.0,0,3.6,4.6,,,74.0,196.0,22.077117647058824,0.0,Texas,2024.0,2024.0,IND,52.0,8.0,0.09090909
2024,17,00-0039890,A.Mitchell,WR,IND,NYG,0,0,0.0,0,0.0,0.0,0.0,0,0.0,0,4,2,22.0,0,2.2,4.2,,,74.0,196.0,22.077117647058824,0.0,Texas,2024.0,2024.0,IND,52.0,,0.10810811
2024,18,00-0039890,A.Mitchell,WR,IND,JAX,0,0,0.0,0,0.0,0.0,0.0,0,0.0,0,1,0,0.0,0,0.0,0.0,,,74.0,196.0,22.077117647058824,0.0,Texas,2024.0,2024.0,IND,52.0,3.0,0.025641026
2024,1,00-0039893,B.Thomas,WR,JAX,MIA,0,0,0.0,0,0.0,0.0,0.0,0,0.0,0,4,4,47.0,1,10.7,14.7,,,74.0,205.0,22.079470588235296,0.0,Louisiana State,2024.0,2024.0,JAX,23.0,,0.21052632
2024,2,00-0039893,B.Thomas,WR,JAX,CLE,0,0,0.0,0,0.0,0.0,0.0,0,0.0,0,4,2,94.0,0,9.4,11.4,,,74.0,205.0,22.079470588235296,0.0,Louisiana State,2024.0,2024.0,JAX,23.0,-5.0,0.14814815
2024,3,00-0039893,B.Thomas,WR,JAX,BUF,0,0,0.0,0,0.0,0.0,0.0,0,0.0,0,9,5,48.0,0,4.8,9.8,,,74.0,205.0,22.079470588235296,0.0,Louisiana State,2024.0,2024.0,JAX,23.0,,0.20454545
2024,4,00-0039893,B.Thomas,WR,JAX,HOU,0,0,0.0,0,0.0,0.0,0.0,1,13.0,0,9,6,86.0,1,15.9,21.9,,,74.0,205.0,22.079470588235296,0.0,Louisiana State,2024.0,2024.0,JAX,23.0,,0.28125
2024,5,00-0039893,B.Thomas,WR,JAX,IND,0,0,0.0,0,0.0,0.0,0.0,0,0.0,0,8,5,122.0,1,18.2,23.2,,,74.0,205.0,22.079470588235296,0.0,Louisiana State,2024.0,2024.0,JAX,23.0,3.0,0.23529412
2024,6,00-0039893,B.Thomas,WR,JAX,CHI,0,0,0.0,0,0.0,0.0,0.0,0,0.0,0,6,3,27.0,0,2.7,5.7,,,74.0,205.0,22.079470588235296,0.0,Louisiana State,2024.0,2024.0,JAX,23.0,,0.17142858
2024,7,00-0039893,B.Thomas,WR,JAX,NE,0,0,0.0,0,0.0,0.0,0.0,2,2.0,0,5,5,89.0,1,17.1,22.1,,,74.0,205.0,22.079470588235296,0.0,Louisiana State,2024.0,2024.0,JAX,23.0,16.0,0.25
2024,8,00-0039893,B.Thomas,WR,JAX,GB,0,0,0.0,0,0.0,0.0,0.0,0,0.0,0,4,3,60.0,1,12.0,15.0,,,74.0,205.0,22.079470588235296,0.0,Louisiana State,2024.0,2024.0,JAX,23.0,-3.0,0.13333334
2024,9,00-0039893,B.Thomas,WR,JAX,PHI,0,0,0.0,0,0.0,0.0,0.0,0,0.0,0,4,2,22.0,0,4.2,6.2,,,74.0,205.0,22.079470588235296,0.0,Louisiana State,2024.0,2024.0,JAX,23.0,,0.13333334
2024,10,00-0039893,B.Thomas,WR,JAX,MIN,0,0,0.0,0,0.0,0.0,0.0,0,0.0,0,3,2,12.0,0,1.2,3.2,,,74.0,205.0,22.079470588235296,0.0,Louisiana State,2024.0,2024.0,JAX,23.0,-5.0,0.14285715
2024,11,00-0039893,B.Thomas,WR,JAX,DET,0,0,0.0,0,0.0,0.0,0.0,1,4.0,0,7,5,82.0,0,8.6,13.6,,,74.0,205.0,22.079470588235296,0.0,Louisiana State,2024.0,2024.0,JAX,23.0,,0.25
2024,13,00-0039893,B.Thomas,WR,JAX,HOU,0,0,0.0,0,0.0,0.0,0.0,1,11.0,0,10,4,76.0,1,14.7,18.7,,,74.0,205.0,22.079470588235296,0.0,Louisiana State,2024.0,2024.0,JAX,23.0,-3.0,0.23809524
2024,14,00-0039893,B.Thomas,WR,JAX,TEN,0,0,0.0,0,0.0,0.0,0.0,0,0.0,0,12,8,86.0,0,8.6,16.6,,,74.0,205.0,22.079470588235296,0.0,Louisiana State,2024.0,2024.0,JAX,23.0,,0.4
2024,15,00-0039893,B.Thomas,WR,JAX,NYJ,0,0,0.0,0,0.0,0.0,0.0,0,0.0,0,14,10,105.0,2,22.5,32.5,,,74.0,205.0,22.079470588235296,0.0,Louisiana State,2024.0,2024.0,JAX,23.0,-7.0,0.3255814
2024,16,00-0039893,B.Thomas,WR,JAX,LV,0,0,0.0,0,0.0,0.0,0.0,0,0.0,0,13,9,132.0,1,19.2,28.2,,,74.0,205.0,22.079470588235296,0.0,Louisiana State,2024.0,2024.0,JAX,23.0,,0.37142858
2024,17,00-0039893,B.Thomas,WR,JAX,TEN,0,0,0.0,0,0.0,0.0,0.0,1,18.0,0,10,7,91.0,1,16.9,23.9,,,74.0,205.0,22.079470588235296,0.0,Louisiana State,2024.0,2024.0,JAX,23.0,7.0,0.47619048
2024,18,00-0039893,B.Thomas,WR,JAX,IND,0,0,0.0,0,0.0,0.0,0.0,0,0.0,0,11,7,103.0,0,10.3,17.3,,,74.0,205.0,22.079470588235296,0.0,Louisiana State,2024.0,2024.0,JAX,23.0,,0.3548387
2024,1,00-0039894,X.Worthy,WR,KC,BAL,0,0,0.0,0,0.0,0.0,0.0,1,21.0,1,3,2,47.0,1,18.8,20.8,,,71.0,172.0,21.56795,0.0,Texas,2024.0,2024.0,KC,28.0,7.0,0.11111111
2024,2,00-0039894,X.Worthy,WR,KC,CIN,0,0,0.0,0,0.0,0.0,0.0,1,5.0,0,4,2,17.0,0,2.2,4.2,,,71.0,172.0,21.56795,0.0,Texas,2024.0,2024.0,KC,28.0,1.0,0.17391305
2024,3,00-0039894,X.Worthy,WR,KC,ATL,0,0,0.0,0,0.0,0.0,0.0,3,13.0,0,4,2,17.0,0,3.0,5.0,,,71.0,172.0,21.56795,0.0,Texas,2024.0,2024.0,KC,28.0,,0.11111111
2024,4,00-0039894,X.Worthy,WR,KC,LAC,0,0,0.0,0,0.0,0.0,0.0,0,0.0,0,4,3,73.0,1,13.3,16.3,,,71.0,172.0,21.56795,0.0,Texas,2024.0,2024.0,KC,28.0,,0.14285715
2024,5,00-0039894,X.Worthy,WR,KC,NO,0,0,0.0,0,0.0,0.0,0.0,1,3.0,1,6,3,25.0,0,8.8,11.8,,,71.0,172.0,21.56795,0.0,Texas,2024.0,2024.0,KC,28.0,13.0,0.1764706
2024,7,00-0039894,X.Worthy,WR,KC,SF,0,0,0.0,0,0.0,0.0,0.0,1,5.0,0,8,3,19.0,0,2.4,5.4,,,71.0,172.0,21.56795,0.0,Texas,2024.0,2024.0,KC,28.0,,0.32
2024,8,00-0039894,X.Worthy,WR,KC,LV,0,0,0.0,0,0.0,0.0,0.0,0,0.0,0,8,4,37.0,1,9.7,13.7,,,71.0,172.0,21.56795,0.0,Texas,2024.0,2024.0,KC,28.0,,0.22857143
2024,9,00-0039894,X.Worthy,WR,KC,TB,0,0,0.0,0,0.0,0.0,0.0,2,-10.0,0,2,0,0.0,0,-1.0,-1.0,,,71.0,172.0,21.56795,0.0,Texas,2024.0,2024.0,KC,28.0,6.0,0.04761905
2024,10,00-0039894,X.Worthy,WR,KC,DEN,0,0,0.0,0,0.0,0.0,0.0,0,0.0,0,4,1,11.0,0,1.1,2.1,,,71.0,172.0,21.56795,0.0,Texas,2024.0,2024.0,KC,28.0,2.0,0.1
2024,11,00-0039894,X.Worthy,WR,KC,BUF,0,0,0.0,0,0.0,0.0,0.0,1,7.0,0,5,4,61.0,1,12.8,16.8,,,71.0,172.0,21.56795,0.0,Texas,2024.0,2024.0,KC,28.0,,0.16129032
2024,12,00-0039894,X.Worthy,WR,KC,CAR,0,0,0.0,0,0.0,0.0,0.0,1,5.0,0,6,4,46.0,0,5.1,9.1,,,71.0,172.0,21.56795,0.0,Texas,2024.0,2024.0,KC,28.0,,0.16666667
2024,13,00-0039894,X.Worthy,WR,KC,LV,0,0,0.0,0,0.0,0.0,0.0,0,0.0,0,7,5,54.0,0,5.4,10.4,,,71.0,172.0,21.56795,0.0,Texas,2024.0,2024.0,KC,28.0,2.0,0.15555556
2024,14,00-0039894,X.Worthy,WR,KC,LAC,0,0,0.0,0,0.0,0.0,0.0,1,5.0,0,6,5,41.0,0,4.6,9.6,,,71.0,172.0,21.56795,0.0,Texas,2024.0,2024.0,KC,28.0,2.0,0.16666667
2024,15,00-0039894,X.Worthy,WR,KC,CLE,0,0,0.0,0,0.0,0.0,0.0,3,30.0,1,11,6,46.0,0,13.6,19.6,,,71.0,172.0,21.56795,0.0,Texas,2024.0,2024.0,KC,28.0,,0.28947368
2024,16,00-0039894,X.Worthy,WR,KC,HOU,0,0,0.0,0,0.0,0.0,0.0,3,10.0,0,11,7,65.0,1,13.5,20.5,,,71.0,172.0,21.56795,0.0,Texas,2024.0,2024.0,KC,28.0,8.0,0.2682927
2024,17,00-0039894,X.Worthy,WR,KC,PIT,0,0,0.0,0,0.0,0.0,0.0,2,10.0,0,9,8,79.0,1,14.9,22.9,,,71.0,172.0,21.56795,0.0,Texas,2024.0,2024.0,KC,28.0,,0.23684211
2024,20,00-0039894,X.Worthy,WR,KC,HOU,0,0,0.0,0,0.0,0.0,0.0,1,-8.0,0,6,5,45.0,0,3.7,8.7,,,71.0,172.0,21.56795,0.0,Texas,2024.0,2024.0,KC,28.0,9.0,0.25
2024,21,00-0039894,X.Worthy,WR,KC,BUF,0,0,0.0,0,0.0,0.0,0.0,2,16.0,0,7,6,85.0,1,16.1,22.1,,,71.0,172.0,21.56795,0.0,Texas,2024.0,2024.0,KC,28.0,3.0,0.28
2024,22,00-0039894,X.Worthy,WR,KC,PHI,0,0,0.0,0,0.0,0.0,0.0,0,0.0,0,8,8,157.0,2,27.7,35.7,,,71.0,172.0,21.56795,0.0,Texas,2024.0,2024.0,KC,28.0,,0.25
2024,1,00-0039901,K.Coleman,WR,BUF,ARI,0,0,0.0,0,0.0,0.0,0.0,0,0.0,0,5,4,51.0,0,5.1,9.1,,,76.0,215.0,21.50465,0.0,Florida State,2024.0,2024.0,BUF,33.0,6.0,0.2173913
2024,2,00-0039901,K.Coleman,WR,BUF,MIA,0,0,0.0,0,0.0,0.0,0.0,0,0.0,0,1,0,0.0,0,0.0,0.0,,,76.0,215.0,21.50465,0.0,Florida State,2024.0,2024.0,BUF,33.0,,0.055555556
2024,3,00-0039901,K.Coleman,WR,BUF,JAX,0,0,0.0,0,0.0,0.0,0.0,0,0.0,0,1,1,24.0,1,8.4,9.4,,,76.0,215.0,21.50465,0.0,Florida State,2024.0,2024.0,BUF,33.0,37.0,0.033333335
2024,4,00-0039901,K.Coleman,WR,BUF,BAL,0,0,0.0,0,0.0,0.0,0.0,0,0.0,0,4,3,51.0,0,5.1,8.1,,,76.0,215.0,21.50465,0.0,Florida State,2024.0,2024.0,BUF,33.0,,0.14814815
2024,5,00-0039901,K.Coleman,WR,BUF,HOU,0,0,0.0,0,0.0,0.0,0.0,0,0.0,0,5,1,49.0,1,10.9,11.9,,,76.0,215.0,21.50465,0.0,Florida State,2024.0,2024.0,BUF,33.0,,0.1724138
2024,6,00-0039901,K.Coleman,WR,BUF,NYJ,0,0,0.0,0,0.0,0.0,0.0,0,0.0,0,4,3,26.0,0,2.6,5.6,,,76.0,215.0,21.50465,0.0,Florida State,2024.0,2024.0,BUF,33.0,,0.17391305
2024,7,00-0039901,K.Coleman,WR,BUF,TEN,0,0,0.0,0,0.0,0.0,0.0,0,0.0,0,7,4,125.0,0,12.5,16.5,,,76.0,215.0,21.50465,0.0,Florida State,2024.0,2024.0,BUF,33.0,24.0,0.21875
2024,8,00-0039901,K.Coleman,WR,BUF,SEA,0,0,0.0,0,0.0,0.0,0.0,0,0.0,0,7,5,70.0,1,13.0,18.0,,,76.0,215.0,21.50465,0.0,Florida State,2024.0,2024.0,BUF,33.0,,0.21875
2024,9,00-0039901,K.Coleman,WR,BUF,MIA,0,0,0.0,0,0.0,0.0,0.0,0,0.0,0,2,1,21.0,0,4.1,5.1,,,76.0,215.0,21.50465,0.0,Florida State,2024.0,2024.0,BUF,33.0,3.0,0.055555556
2024,15,00-0039901,K.Coleman,WR,BUF,DET,0,0,0.0,0,0.0,0.0,0.0,0,0.0,0,2,1,64.0,0,6.4,7.4,,,76.0,215.0,21.50465,0.0,Florida State,2024.0,2024.0,BUF,33.0,,0.0625
2024,16,00-0039901,K.Coleman,WR,BUF,NE,0,0,0.0,0,0.0,0.0,0.0,0,0.0,0,2,1,17.0,0,1.7,2.7,,,76.0,215.0,21.50465,0.0,Florida State,2024.0,2024.0,BUF,33.0,3.0,0.074074075
2024,17,00-0039901,K.Coleman,WR,BUF,NYJ,0,0,0.0,0,0.0,0.0,0.0,0,0.0,0,7,3,27.0,1,8.7,11.7,,,76.0,215.0,21.50465,0.0,Florida State,2024.0,2024.0,BUF,33.0,26.0,0.25925925
2024,18,00-0039901,K.Coleman,WR,BUF,NE,0,0,0.0,0,0.0,0.0,0.0,1,9.0,0,10,2,31.0,0,4.0,6.0,,,76.0,215.0,21.50465,0.0,Florida State,2024.0,2024.0,BUF,33.0,,0.32258064
2024,19,00-0039901,K.Coleman,WR,BUF,DEN,0,0,0.0,0,0.0,0.0,0.0,0,0.0,0,3,1,5.0,0,2.5,3.5,,,76.0,215.0,21.50465,0.0,Florida State,2024.0,2024.0,BUF,33.0,24.0,0.12
2024,20,00-0039901,K.Coleman,WR,BUF,BAL,0,0,0.0,0,0.0,0.0,0.0,0,0.0,0,1,1,5.0,0,0.5,1.5,,,76.0,215.0,21.50465,0.0,Florida State,2024.0,2024.0,BUF,33.0,2.0,0.04761905
2024,21,00-0039901,K.Coleman,WR,BUF,KC,0,0,0.0,0,0.0,0.0,0.0,0,0.0,0,4,1,12.0,0,1.2,2.2,,,76.0,215.0,21.50465,0.0,Florida State,2024.0,2024.0,BUF,33.0,,0.12903225
2024,1,00-0039907,J.Polk,WR,NE,CIN,0,0,0.0,0,0.0,0.0,0.0,0,0.0,0,1,1,6.0,0,0.6,1.6,,,73.0,204.0,23.568529411764708,0.0,Washington,2024.0,2024.0,NE,37.0,,0.04347826
2024,2,00-0039907,J.Polk,WR,NE,SEA,0,0,0.0,0,0.0,0.0,0.0,1,0.0,0,3,2,12.0,1,7.2,9.2,,,73.0,204.0,23.568529411764708,0.0,Washington,2024.0,2024.0,NE,37.0,-3.0,0.125
2024,3,00-0039907,J.Polk,WR,NE,NYJ,0,0,0.0,0,0.0,0.0,0.0,0,0.0,0,2,2,13.0,0,1.3,3.3,,,73.0,204.0,23.568529411764708,0.0,Washington,2024.0,2024.0,NE,37.0,,0.083333336
2024,4,00-0039907,J.Polk,WR,NE,SF,0,0,0.0,0,0.0,0.0,0.0,0,0.0,0,7,3,30.0,0,3.0,6.0,,,73.0,204.0,23.568529411764708,0.0,Washington,2024.0,2024.0,NE,37.0,,0.21875
2024,5,00-0039907,J.Polk,WR,NE,MIA,0,0,0.0,0,0.0,0.0,0.0,0,0.0,0,6,1,13.0,0,1.3,2.3,,,73.0,204.0,23.568529411764708,0.0,Washington,2024.0,2024.0,NE,37.0,-5.0,0.2
2024,6,00-0039907,J.Polk,WR,NE,HOU,0,0,0.0,0,0.0,0.0,0.0,0,0.0,0,4,1,4.0,0,0.4,1.4,,,73.0,204.0,23.568529411764708,0.0,Washington,2024.0,2024.0,NE,37.0,-20.0,0.12903225
2024,7,00-0039907,J.Polk,WR,NE,JAX,0,0,0.0,0,0.0,0.0,0.0,0,0.0,0,3,0,0.0,0,0.0,0.0,,,73.0,204.0,23.568529411764708,0.0,Washington,2024.0,2024.0,NE,37.0,,0.083333336
2024,9,00-0039907,J.Polk,WR,NE,TEN,0,0,0.0,0,0.0,0.0,0.0,0,0.0,0,1,0,0.0,0,0.0,0.0,,,73.0,204.0,23.568529411764708,0.0,Washington,2024.0,2024.0,NE,37.0,,0.025641026
2024,10,00-0039907,J.Polk,WR,NE,CHI,0,0,0.0,0,0.0,0.0,0.0,0,0.0,0,1,1,2.0,1,6.2,7.2,,,73.0,204.0,23.568529411764708,0.0,Washington,2024.0,2024.0,NE,37.0,,0.04347826
2024,12,00-0039907,J.Polk,WR,NE,MIA,0,0,0.0,0,0.0,0.0,0.0,0,0.0,0,2,1,7.0,0,0.7,1.7,,,73.0,204.0,23.568529411764708,0.0,Washington,2024.0,2024.0,NE,37.0,,0.054054055
2024,13,00-0039907,J.Polk,WR,NE,IND,0,0,0.0,0,0.0,0.0,0.0,0,0.0,0,1,0,0.0,0,0.0,0.0,,,73.0,204.0,23.568529411764708,0.0,Washington,2024.0,2024.0,NE,37.0,-1.0,0.033333335
2024,15,00-0039907,J.Polk,WR,NE,ARI,0,0,0.0,0,0.0,0.0,0.0,0,0.0,0,1,0,0.0,0,0.0,0.0,,,73.0,204.0,23.568529411764708,0.0,Washington,2024.0,2024.0,NE,37.0,,0.04347826
2024,17,00-0039907,J.Polk,WR,NE,LAC,0,0,0.0,0,0.0,0.0,0.0,0,0.0,0,1,0,0.0,0,0.0,0.0,,,73.0,204.0,23.568529411764708,0.0,Washington,2024.0,2024.0,NE,37.0,-33.0,0.04347826
2024,1,00-0039910,J.Daniels,QB,WAS,TB,17,24,184.0,0,0.0,2.0,23.0,16,88.0,2,0,0,0.0,0,28.16,28.16,,,76.0,210.0,23.9118,0.0,Louisiana State,2024.0,2024.0,WAS,2.0,,
2024,2,00-0039910,J.Daniels,QB,WAS,NYG,23,29,226.0,0,0.0,5.0,16.0,10,44.0,0,0,0,0.0,0,13.44,13.44,,,76.0,210.0,23.9118,0.0,Louisiana State,2024.0,2024.0,WAS,2.0,3.0,
2024,3,00-0039910,J.Daniels,QB,WAS,CIN,21,23,254.0,2,0.0,2.0,6.0,12,39.0,1,0,0,0.0,0,28.06,28.06,,,76.0,210.0,23.9118,0.0,Louisiana State,2024.0,2024.0,WAS,2.0,,
2024,4,00-0039910,J.Daniels,QB,WAS,ARI,26,30,233.0,1,1.0,0.0,-0.0,8,47.0,1,0,0,0.0,0,24.02,24.02,,,76.0,210.0,23.9118,0.0,Louisiana State,2024.0,2024.0,WAS,2.0,,
2024,5,00-0039910,J.Daniels,QB,WAS,CLE,14,25,238.0,1,1.0,3.0,17.0,11,82.0,0,0,0,0.0,0,19.72,19.72,,,76.0,210.0,23.9118,0.0,Louisiana State,2024.0,2024.0,WAS,2.0,21.0,
2024,6,00-0039910,J.Daniels,QB,WAS,BAL,24,35,269.0,2,0.0,3.0,16.0,6,22.0,0,0,0,0.0,0,20.96,20.96,,,76.0,210.0,23.9118,0.0,Louisiana State,2024.0,2024.0,WAS,2.0,,
2024,7,00-0039910,J.Daniels,QB,WAS,CAR,2,2,6.0,0,0.0,0.0,-0.0,3,50.0,0,0,0,0.0,0,5.24,5.24,,,76.0,210.0,23.9118,0.0,Louisiana State,2024.0,2024.0,WAS,2.0,33.0,
2024,8,00-0039910,J.Daniels,QB,WAS,CHI,21,38,326.0,1,0.0,2.0,13.0,8,52.0,0,0,0,0.0,0,22.24,22.24,,,76.0,210.0,23.9118,0.0,Louisiana State,2024.0,2024.0,WAS,2.0,3.0,
2024,9,00-0039910,J.Daniels,QB,WAS,NYG,15,22,209.0,2,0.0,0.0,-0.0,8,35.0,0,0,0,0.0,0,19.86,19.86,,,76.0,210.0,23.9118,0.0,Louisiana State,2024.0,2024.0,WAS,2.0,,
2024,10,00-0039910,J.Daniels,QB,WAS,PIT,17,34,202.0,0,0.0,3.0,20.0,3,5.0,0,0,0,0.0,0,8.58,8.58,,,76.0,210.0,23.9118,0.0,Louisiana State,2024.0,2024.0,WAS,2.0,-1.0,
2024,11,00-0039910,J.Daniels,QB,WAS,PHI,22,32,191.0,1,1.0,3.0,20.0,7,18.0,0,0,0,0.0,0,13.44,13.44,,,76.0,210.0,23.9118,0.0,Louisiana State,2024.0,2024.0,WAS,2.0,,
2024,12,00-0039910,J.Daniels,QB,WAS,DAL,25,38,275.0,2,2.0,4.0,8.0,7,74.0,1,0,0,0.0,0,30.4,30.4,,,76.0,210.0,23.9118,0.0,Louisiana State,2024.0,2024.0,WAS,2.0,-8.0,
2024,13,00-0039910,J.Daniels,QB,WAS,TEN,25,30,206.0,3,1.0,2.0,10.0,9,34.0,1,0,0,0.0,0,27.64,27.64,,,76.0,210.0,23.9118,0.0,Louisiana State,2024.0,2024.0,WAS,2.0,23.0,
2024,15,00-0039910,J.Daniels,QB,WAS,NO,25,31,226.0,2,0.0,8.0,37.0,11,66.0,0,0,0,0.0,0,23.64,23.64,,,76.0,210.0,23.9118,0.0,Louisiana State,2024.0,2024.0,WAS,2.0,,
2024,16,00-0039910,J.Daniels,QB,WAS,PHI,24,39,258.0,5,2.0,1.0,3.0,9,81.0,0,0,0,0.0,0,34.42,34.42,,,76.0,210.0,23.9118,0.0,Louisiana State,2024.0,2024.0,WAS,2.0,3.0,
2024,17,00-0039910,J.Daniels,QB,WAS,ATL,24,36,227.0,3,1.0,5.0,31.0,16,127.0,0,0,0,0.0,0,31.78,31.78,,,76.0,210.0,23.9118,0.0,Louisiana State,2024.0,2024.0,WAS,2.0,6.0,
2024,18,00-0039910,J.Daniels,QB,WAS,DAL,6,12,38.0,0,0.0,4.0,18.0,4,27.0,0,0,0,0.0,0,4.22,4.22,,,76.0,210.0,23.9118,0.0,Louisiana State,2024.0,2024.0,WAS,2.0,,
2024,19,00-0039910,J.Daniels,QB,WAS,TB,24,35,268.0,2,0.0,1.0,-0.0,13,36.0,0,0,0,0.0,0,22.32,22.32,,,76.0,210.0,23.9118,0.0,Louisiana State,2024.0,2024.0,WAS,2.0,,
2024,20,00-0039910,J.Daniels,QB,WAS,DET,22,31,299.0,2,0.0,0.0,-0.0,16,51.0,0,0,0,0.0,0,25.06,25.06,,,76.0,210.0,23.9118,0.0,Louisiana State,2024.0,2024.0,WAS,2.0,,
2024,21,00-0039910,J.Daniels,QB,WAS,PHI,29,48,255.0,1,1.0,3.0,27.0,6,48.0,1,0,0,0.0,0,25.0,25.0,,,76.0,210.0,23.9118,0.0,Louisiana State,2024.0,2024.0,WAS,2.0,,
2024,7,00-0039912,B.Sinnott,TE,WAS,CAR,0,0,0.0,0,0.0,0.0,0.0,0,0.0,0,2,2,6.0,1,6.6,8.6,,,76.0,245.0,22.42515,0.0,Kansas State,2024.0,2024.0,WAS,53.0,33.0,0.08
2024,9,00-0039912,B.Sinnott,TE,WAS,NYG,0,0,0.0,0,0.0,0.0,0.0,0,0.0,0,1,1,12.0,0,1.2,2.2,,,76.0,245.0,22.42515,0.0,Kansas State,2024.0,2024.0,WAS,53.0,,0.05263158
2024,13,00-0039912,B.Sinnott,TE,WAS,TEN,0,0,0.0,0,0.0,0.0,0.0,0,0.0,0,1,1,3.0,0,0.3,1.3,,,76.0,245.0,22.42515,0.0,Kansas State,2024.0,2024.0,WAS,53.0,23.0,0.033333335
2024,15,00-0039912,B.Sinnott,TE,WAS,NO,0,0,0.0,0,0.0,0.0,0.0,0,0.0,0,1,1,7.0,0,0.7,1.7,,,76.0,245.0,22.42515,0.0,Kansas State,2024.0,2024.0,WAS,53.0,,0.032258064
2024,21,00-0039912,B.Sinnott,TE,WAS,PHI,0,0,0.0,0,0.0,0.0,0.0,0,0.0,0,1,1,23.0,0,2.3,3.3,,,76.0,245.0,22.42515,0.0,Kansas State,2024.0,2024.0,WAS,53.0,,0.021276595
2024,1,00-0039915,L.McConkey,WR,LAC,LV,0,0,0.0,0,0.0,0.0,0.0,0,0.0,0,7,5,39.0,1,9.9,14.9,,,72.0,185.0,23.00283333333333,0.0,Georgia,2024.0,2024.0,LAC,34.0,12.0,0.28
2024,2,00-0039915,L.McConkey,WR,LAC,CAR,0,0,0.0,0,0.0,0.0,0.0,0,0.0,0,4,2,26.0,0,2.6,4.6,,,72.0,185.0,23.00283333333333,0.0,Georgia,2024.0,2024.0,LAC,34.0,,0.21052632
2024,3,00-0039915,L.McConkey,WR,LAC,PIT,0,0,0.0,0,0.0,0.0,0.0,0,0.0,0,6,3,44.0,0,4.4,7.4,,,72.0,185.0,23.00283333333333,0.0,Georgia,2024.0,2024.0,LAC,34.0,,0.31578946
2024,4,00-0039915,L.McConkey,WR,LAC,KC,0,0,0.0,0,0.0,0.0,0.0,0,0.0,0,7,5,67.0,1,12.7,17.7,,,72.0,185.0,23.00283333333333,0.0,Georgia,2024.0,2024.0,LAC,34.0,-7.0,0.25925925
2024,6,00-0039915,L.McConkey,WR,LAC,DEN,0,0,0.0,0,0.0,0.0,0.0,0,0.0,0,8,4,43.0,0,4.3,8.3,,,72.0,185.0,23.00283333333333,0.0,Georgia,2024.0,2024.0,LAC,34.0,,0.2580645
2024,7,00-0039915,L.McConkey,WR,LAC,ARI,0,0,0.0,0,0.0,0.0,0.0,0,0.0,0,7,5,46.0,0,4.6,9.6,,,72.0,185.0,23.00283333333333,0.0,Georgia,2024.0,2024.0,LAC,34.0,,0.1891892
2024,8,00-0039915,L.McConkey,WR,LAC,NO,0,0,0.0,0,0.0,0.0,0.0,0,0.0,0,6,6,111.0,2,23.1,29.1,,,72.0,185.0,23.00283333333333,0.0,Georgia,2024.0,2024.0,LAC,34.0,18.0,0.2
2024,9,00-0039915,L.McConkey,WR,LAC,CLE,0,0,0.0,0,0.0,0.0,0.0,0,0.0,0,7,5,64.0,0,6.4,11.4,,,72.0,185.0,23.00283333333333,0.0,Georgia,2024.0,2024.0,LAC,34.0,,0.26923078
2024,10,00-0039915,L.McConkey,WR,LAC,TEN,0,0,0.0,0,0.0,0.0,0.0,0,0.0,0,2,2,52.0,0,5.2,7.2,,,72.0,185.0,23.00283333333333,0.0,Georgia,2024.0,2024.0,LAC,34.0,10.0,0.11111111
2024,11,00-0039915,L.McConkey,WR,LAC,CIN,0,0,0.0,0,0.0,0.0,0.0,0,0.0,0,9,6,123.0,0,12.3,18.3,,,72.0,185.0,23.00283333333333,0.0,Georgia,2024.0,2024.0,LAC,34.0,7.0,0.27272728
2024,12,00-0039915,L.McConkey,WR,LAC,BAL,0,0,0.0,0,0.0,0.0,0.0,0,0.0,0,6,6,83.0,0,8.3,14.3,,,72.0,185.0,23.00283333333333,0.0,Georgia,2024.0,2024.0,LAC,34.0,-7.0,0.16666667
2024,13,00-0039915,L.McConkey,WR,LAC,ATL,0,0,0.0,0,0.0,0.0,0.0,0,0.0,0,12,9,117.0,0,11.7,20.7,,,72.0,185.0,23.00283333333333,0.0,Georgia,2024.0,2024.0,LAC,34.0,,0.5
2024,15,00-0039915,L.McConkey,WR,LAC,TB,0,0,0.0,0,0.0,0.0,0.0,0,0.0,0,7,5,58.0,1,11.8,16.8,,,72.0,185.0,23.00283333333333,0.0,Georgia,2024.0,2024.0,LAC,34.0,-23.0,0.21875
2024,16,00-0039915,L.McConkey,WR,LAC,DEN,0,0,0.0,0,0.0,0.0,0.0,0,0.0,0,6,6,87.0,0,8.7,14.7,,,72.0,185.0,23.00283333333333,0.0,Georgia,2024.0,2024.0,LAC,34.0,7.0,0.2
2024,17,00-0039915,L.McConkey,WR,LAC,NE,0,0,0.0,0,0.0,0.0,0.0,0,0.0,0,10,8,94.0,2,21.4,29.4,,,72.0,185.0,23.00283333333333,0.0,Georgia,2024.0,2024.0,LAC,34.0,,0.25
2024,18,00-0039915,L.McConkey,WR,LAC,LV,0,0,0.0,0,0.0,0.0,0.0,0,0.0,0,8,5,95.0,0,11.5,16.5,,,72.0,185.0,23.00283333333333,0.0,Georgia,2024.0,2024.0,LAC,34.0,,0.22857143
2024,19,00-0039915,L.McConkey,WR,LAC,HOU,0,0,0.0,0,0.0,0.0,0.0,0,0.0,0,14,9,197.0,1,25.7,34.7,,,72.0,185.0,23.00283333333333,0.0,Georgia,2024.0,2024.0,LAC,34.0,,0.4375
2024,7,00-0039916,R.Pearsall,WR,SF,KC,0,0,0.0,0,0.0,0.0,0.0,0,0.0,0,5,3,21.0,0,2.1,5.1,,,73.0,190.0,24.16005882352941,0.0,Florida,2024.0,2024.0,SF,31.0,-10.0,0.16129032
2024,8,00-0039916,R.Pearsall,WR,SF,DAL,0,0,0.0,0,0.0,0.0,0.0,1,39.0,0,4,4,38.0,0,7.7,11.7,,,73.0,190.0,24.16005882352941,0.0,Florida,2024.0,2024.0,SF,31.0,6.0,0.16
2024,10,00-0039916,R.Pearsall,WR,SF,TB,0,0,0.0,0,0.0,0.0,0.0,0,0.0,0,6,4,73.0,1,13.3,17.3,,,73.0,190.0,24.16005882352941,0.0,Florida,2024.0,2024.0,SF,31.0,,0.1764706
2024,11,00-0039916,R.Pearsall,WR,SF,SEA,0,0,0.0,0,0.0,0.0,0.0,0,0.0,0,2,0,0.0,0,0.0,0.0,,,73.0,190.0,24.16005882352941,0.0,Florida,2024.0,2024.0,SF,31.0,-3.0,0.071428575
2024,13,00-0039916,R.Pearsall,WR,SF,BUF,0,0,0.0,0,0.0,0.0,0.0,0,0.0,0,1,0,0.0,0,0.0,0.0,,,73.0,190.0,24.16005882352941,0.0,Florida,2024.0,2024.0,SF,31.0,,0.05882353
2024,14,00-0039916,R.Pearsall,WR,SF,CHI,0,0,0.0,0,0.0,0.0,0.0,0,0.0,0,2,1,5.0,0,0.5,1.5,,,73.0,190.0,24.16005882352941,0.0,Florida,2024.0,2024.0,SF,31.0,25.0,0.07692308
2024,15,00-0039916,R.Pearsall,WR,SF,LA,0,0,0.0,0,0.0,0.0,0.0,0,0.0,0,4,1,16.0,0,1.6,2.6,,,73.0,190.0,24.16005882352941,0.0,Florida,2024.0,2024.0,SF,31.0,-6.0,0.12903225
2024,16,00-0039916,R.Pearsall,WR,SF,MIA,0,0,0.0,0,0.0,0.0,0.0,0,0.0,0,4,4,37.0,0,3.7,7.7,,,73.0,190.0,24.16005882352941,0.0,Florida,2024.0,2024.0,SF,31.0,,0.10810811
2024,17,00-0039916,R.Pearsall,WR,SF,DET,0,1,0.0,0,0.0,0.0,-0.0,2,6.0,0,10,8,141.0,1,20.7,28.7,,,73.0,190.0,24.16005882352941,0.0,Florida,2024.0,2024.0,SF,31.0,-6.0,0.2777778
2024,18,00-0039916,R.Pearsall,WR,SF,ARI,0,0,0.0,0,0.0,0.0,0.0,0,0.0,0,8,6,69.0,1,12.9,18.9,,,73.0,190.0,24.16005882352941,0.0,Florida,2024.0,2024.0,SF,31.0,,0.1904762
2024,7,00-0039917,M.Penix,QB,ATL,SEA,1,1,14.0,0,0.0,0.0,-0.0,0,0.0,0,0,0,0.0,0,0.56,0.56,,,75.0,213.0,24.49670588235294,0.0,Washington,2024.0,2024.0,ATL,8.0,-20.0,
2024,11,00-0039917,M.Penix,QB,ATL,DEN,2,4,24.0,0,0.0,1.0,-0.0,0,0.0,0,0,0,0.0,0,0.96,0.96,,,75.0,213.0,24.49670588235294,0.0,Washington,2024.0,2024.0,ATL,8.0,,
2024,16,00-0039917,M.Penix,QB,ATL,NYG,18,27,202.0,0,1.0,0.0,-0.0,4,3.0,0,0,0,0.0,0,6.38,6.38,,,75.0,213.0,24.49670588235294,0.0,Washington,2024.0,2024.0,ATL,8.0,27.0,
2024,17,00-0039917,M.Penix,QB,ATL,WAS,19,35,223.0,1,1.0,2.0,12.0,2,3.0,0,0,0,0.0,0,11.22,11.22,,,75.0,213.0,24.49670588235294,0.0,Washington,2024.0,2024.0,ATL,8.0,,
2024,18,00-0039917,M.Penix,QB,ATL,CAR,21,38,312.0,2,1.0,1.0,2.0,1,5.0,1,0,0,0.0,0,24.98,24.98,,,75.0,213.0,24.49670588235294,0.0,Washington,2024.0,2024.0,ATL,8.0,-6.0,
2024,1,00-0039918,C.Williams,QB,CHI,TEN,14,29,93.0,0,0.0,2.0,29.0,5,15.0,0,0,0,0.0,0,7.22,7.22,,,73.0,215.0,22.971176470588233,0.0,Southern California,2024.0,2024.0,CHI,1.0,7.0,
2024,2,00-0039918,C.Williams,QB,CHI,HOU,23,37,174.0,0,2.0,7.0,40.0,5,44.0,0,0,0,0.0,0,7.36,7.36,,,73.0,215.0,22.971176470588233,0.0,Southern California,2024.0,2024.0,CHI,1.0,,
2024,3,00-0039918,C.Williams,QB,CHI,IND,33,52,363.0,2,2.0,4.0,31.0,1,8.0,0,0,0,0.0,0,17.32,17.32,,,73.0,215.0,22.971176470588233,0.0,Southern California,2024.0,2024.0,CHI,1.0,,
2024,4,00-0039918,C.Williams,QB,CHI,LA,17,23,157.0,1,0.0,3.0,24.0,5,12.0,0,0,0,0.0,0,11.48,11.48,,,73.0,215.0,22.971176470588233,0.0,Southern California,2024.0,2024.0,CHI,1.0,6.0,
2024,5,00-0039918,C.Williams,QB,CHI,CAR,20,29,304.0,2,0.0,1.0,8.0,5,34.0,0,0,0,0.0,0,23.56,23.56,,,73.0,215.0,22.971176470588233,0.0,Southern California,2024.0,2024.0,CHI,1.0,26.0,
2024,6,00-0039918,C.Williams,QB,CHI,JAX,23,29,226.0,4,1.0,3.0,5.0,4,56.0,0,0,0,0.0,0,28.64,28.64,,,73.0,215.0,22.971176470588233,0.0,Southern California,2024.0,2024.0,CHI,1.0,19.0,
2024,8,00-0039918,C.Williams,QB,CHI,WAS,10,24,131.0,0,0.0,3.0,26.0,9,47.0,0,0,0,0.0,0,9.94,9.94,,,73.0,215.0,22.971176470588233,0.0,Southern California,2024.0,2024.0,CHI,1.0,,
2024,9,00-0039918,C.Williams,QB,CHI,ARI,22,41,217.0,0,0.0,6.0,45.0,4,5.0,0,0,0,0.0,0,9.18,9.18,,,73.0,215.0,22.971176470588233,0.0,Southern California,2024.0,2024.0,CHI,1.0,,
2024,10,00-0039918,C.Williams,QB,CHI,NE,16,30,120.0,0,0.0,9.0,51.0,2,15.0,0,0,0,0.0,0,6.3,6.3,,,73.0,215.0,22.971176470588233,0.0,Southern California,2024.0,2024.0,CHI,1.0,-16.0,
2024,11,00-0039918,C.Williams,QB,CHI,GB,23,31,231.0,0,0.0,3.0,19.0,9,70.0,0,0,0,0.0,0,16.24,16.24,,,73.0,215.0,22.971176470588233,0.0,Southern California,2024.0,2024.0,CHI,1.0,-1.0,
2024,12,00-0039918,C.Williams,QB,CHI,MIN,32,47,340.0,2,0.0,3.0,20.0,6,33.0,0,0,0,0.0,0,26.9,26.9,,,73.0,215.0,22.971176470588233,0.0,Southern California,2024.0,2024.0,CHI,1.0,-3.0,
2024,13,00-0039918,C.Williams,QB,CHI,DET,20,39,256.0,3,0.0,5.0,33.0,4,39.0,0,0,0,0.0,0,26.14,26.14,,,73.0,215.0,22.971176470588233,0.0,Southern California,2024.0,2024.0,CHI,1.0,,
2024,14,00-0039918,C.Williams,QB,CHI,SF,17,23,134.0,2,0.0,7.0,46.0,4,27.0,0,0,0,0.0,0,14.06,14.06,,,73.0,215.0,22.971176470588233,0.0,Southern California,2024.0,2024.0,CHI,1.0,,
2024,15,00-0039918,C.Williams,QB,CHI,MIN,18,31,191.0,1,0.0,2.0,25.0,4,3.0,0,0,0,0.0,0,9.94,9.94,,,73.0,215.0,22.971176470588233,0.0,Southern California,2024.0,2024.0,CHI,1.0,,
2024,16,00-0039918,C.Williams,QB,CHI,DET,26,40,334.0,2,0.0,2.0,11.0,6,34.0,0,0,0,0.0,0,22.76,22.76,,,73.0,215.0,22.971176470588233,0.0,Southern California,2024.0,2024.0,CHI,1.0,-17.0,
2024,17,00-0039918,C.Williams,QB,CHI,SEA,16,28,122.0,0,1.0,7.0,46.0,5,37.0,0,0,0,0.0,0,6.58,6.58,,,73.0,215.0,22.971176470588233,0.0,Southern California,2024.0,2024.0,CHI,1.0,-3.0,
2024,18,00-0039918,C.Williams,QB,CHI,GB,21,29,148.0,1,0.0,1.0,7.0,3,10.0,0,0,0,0.0,0,10.92,10.92,,,73.0,215.0,22.971176470588233,0.0,Southern California,2024.0,2024.0,CHI,1.0,,
2024,1,00-0039919,R.Odunze,WR,CHI,TEN,0,0,0.0,0,0.0,0.0,0.0,0,0.0,0,4,1,11.0,0,1.1,2.1,,,75.0,215.0,22.598823529411764,0.0,Washington,2024.0,2024.0,CHI,9.0,7.0,0.13793103
2024,2,00-0039919,R.Odunze,WR,CHI,HOU,0,0,0.0,0,0.0,0.0,0.0,0,0.0,0,5,2,33.0,0,3.3,5.3,,,75.0,215.0,22.598823529411764,0.0,Washington,2024.0,2024.0,CHI,9.0,,0.14705883
2024,3,00-0039919,R.Odunze,WR,CHI,IND,0,0,0.0,0,0.0,0.0,0.0,1,2.0,0,11,6,112.0,1,17.4,23.4,,,75.0,215.0,22.598823529411764,0.0,Washington,2024.0,2024.0,CHI,9.0,,0.22916667
2024,4,00-0039919,R.Odunze,WR,CHI,LA,0,0,0.0,0,0.0,0.0,0.0,0,0.0,0,3,1,10.0,0,1.0,2.0,,,75.0,215.0,22.598823529411764,0.0,Washington,2024.0,2024.0,CHI,9.0,6.0,0.13636364
2024,5,00-0039919,R.Odunze,WR,CHI,CAR,0,0,0.0,0,0.0,0.0,0.0,0,0.0,0,6,5,40.0,0,4.0,9.0,,,75.0,215.0,22.598823529411764,0.0,Washington,2024.0,2024.0,CHI,9.0,26.0,0.21428572
2024,6,00-0039919,R.Odunze,WR,CHI,JAX,0,0,0.0,0,0.0,0.0,0.0,0,0.0,0,2,2,40.0,0,4.0,6.0,,,75.0,215.0,22.598823529411764,0.0,Washington,2024.0,2024.0,CHI,9.0,19.0,0.07692308
2024,8,00-0039919,R.Odunze,WR,CHI,WAS,0,0,0.0,0,0.0,0.0,0.0,2,13.0,0,6,3,41.0,0,5.4,8.4,,,75.0,215.0,22.598823529411764,0.0,Washington,2024.0,2024.0,CHI,9.0,,0.2857143
2024,9,00-0039919,R.Odunze,WR,CHI,ARI,0,0,0.0,0,0.0,0.0,0.0,0,0.0,0,7,5,104.0,0,10.4,15.4,,,75.0,215.0,22.598823529411764,0.0,Washington,2024.0,2024.0,CHI,9.0,,0.19444445
2024,10,00-0039919,R.Odunze,WR,CHI,NE,0,0,0.0,0,0.0,0.0,0.0,0,0.0,0,6,3,23.0,0,2.3,5.3,,,75.0,215.0,22.598823529411764,0.0,Washington,2024.0,2024.0,CHI,9.0,-16.0,0.23076923
2024,11,00-0039919,R.Odunze,WR,CHI,GB,0,0,0.0,0,0.0,0.0,0.0,0,0.0,0,10,6,65.0,0,6.5,12.5,,,75.0,215.0,22.598823529411764,0.0,Washington,2024.0,2024.0,CHI,9.0,-1.0,0.32258064
2024,12,00-0039919,R.Odunze,WR,CHI,MIN,0,0,0.0,0,0.0,0.0,0.0,0,0.0,0,10,5,39.0,0,3.9,8.9,,,75.0,215.0,22.598823529411764,0.0,Washington,2024.0,2024.0,CHI,9.0,-3.0,0.21276596
2024,13,00-0039919,R.Odunze,WR,CHI,DET,0,0,0.0,0,0.0,0.0,0.0,0,0.0,0,6,2,25.0,0,2.5,4.5,,,75.0,215.0,22.598823529411764,0.0,Washington,2024.0,2024.0,CHI,9.0,,0.16666667
2024,14,00-0039919,R.Odunze,WR,CHI,SF,0,0,0.0,0,0.0,0.0,0.0,0,0.0,0,5,4,42.0,2,16.2,20.2,,,75.0,215.0,22.598823529411764,0.0,Washington,2024.0,2024.0,CHI,9.0,,0.20833333
2024,15,00-0039919,R.Odunze,WR,CHI,MIN,0,0,0.0,0,0.0,0.0,0.0,0,0.0,0,7,2,39.0,0,3.9,5.9,,,75.0,215.0,22.598823529411764,0.0,Washington,2024.0,2024.0,CHI,9.0,,0.22580644
2024,16,00-0039919,R.Odunze,WR,CHI,DET,0,0,0.0,0,0.0,0.0,0.0,0,0.0,0,7,4,77.0,0,5.7,9.7,,,75.0,215.0,22.598823529411764,0.0,Washington,2024.0,2024.0,CHI,9.0,-17.0,0.1891892
2024,17,00-0039919,R.Odunze,WR,CHI,SEA,0,0,0.0,0,0.0,0.0,0.0,0,0.0,0,4,1,15.0,0,1.5,2.5,,,75.0,215.0,22.598823529411764,0.0,Washington,2024.0,2024.0,CHI,9.0,-3.0,0.15384616
2024,18,00-0039919,R.Odunze,WR,CHI,GB,0,0,0.0,0,0.0,0.0,0.0,0,0.0,0,2,2,18.0,0,1.8,3.8,,,75.0,215.0,22.598823529411764,0.0,Washington,2024.0,2024.0,CHI,9.0,,0.083333336
2024,2,00-0039920,M.Corley,WR,NYJ,TEN,0,0,0.0,0,0.0,0.0,0.0,0,0.0,0,1,1,4.0,0,0.4,1.4,,,71.0,210.0,22.629058823529412,0.0,Western Kentucky,2024.0,2024.0,NYJ,65.0,,0.03448276
2024,9,00-0039920,M.Corley,WR,NYJ,HOU,0,0,0.0,0,0.0,0.0,0.0,1,18.0,0,0,0,0.0,0,1.8,1.8,,,71.0,210.0,22.629058823529412,0.0,Western Kentucky,2024.0,2024.0,NYJ,65.0,8.0,
2024,10,00-0039920,M.Corley,WR,NYJ,ARI,0,0,0.0,0,0.0,0.0,0.0,0,0.0,0,2,1,2.0,0,0.2,1.2,,,71.0,210.0,22.629058823529412,0.0,Western Kentucky,2024.0,2024.0,NYJ,65.0,,0.060606062
2024,11,00-0039920,M.Corley,WR,NYJ,IND,0,0,0.0,0,0.0,0.0,0.0,0,0.0,0,1,1,10.0,0,1.0,2.0,,,71.0,210.0,22.629058823529412,0.0,Western Kentucky,2024.0,2024.0,NYJ,65.0,-1.0,0.03448276
2024,13,00-0039920,M.Corley,WR,NYJ,SEA,0,0,0.0,0,0.0,0.0,0.0,1,8.0,0,2,0,0.0,0,0.8,0.8,,,71.0,210.0,22.629058823529412,0.0,Western Kentucky,2024.0,2024.0,NYJ,65.0,-5.0,0.05263158
2024,1,00-0039921,T.Benson,RB,ARI,BUF,0,0,0.0,0,0.0,0.0,0.0,3,13.0,0,1,1,5.0,0,1.8,2.8,,,73.0,215.0,22.29129411764706,0.0,Florida State,2024.0,2024.0,ARI,66.0,,0.032258064
2024,2,00-0039921,T.Benson,RB,ARI,LA,0,0,0.0,0,0.0,0.0,0.0,11,10.0,0,1,1,7.0,0,1.7,2.7,,,73.0,215.0,22.29129411764706,0.0,Florida State,2024.0,2024.0,ARI,66.0,31.0,0.04761905
2024,3,00-0039921,T.Benson,RB,ARI,DET,0,0,0.0,0,0.0,0.0,0.0,2,8.0,0,0,0,0.0,0,0.8,0.8,,,73.0,215.0,22.29129411764706,0.0,Florida State,2024.0,2024.0,ARI,66.0,-7.0,
2024,4,00-0039921,T.Benson,RB,ARI,WAS,0,0,0.0,0,0.0,0.0,0.0,9,50.0,0,0,0,0.0,0,5.0,5.0,,,73.0,215.0,22.29129411764706,0.0,Florida State,2024.0,2024.0,ARI,66.0,-28.0,
2024,6,00-0039921,T.Benson,RB,ARI,GB,0,0,0.0,0,0.0,0.0,0.0,5,26.0,0,0,0,0.0,0,2.6,2.6,,,73.0,215.0,22.29129411764706,0.0,Florida State,2024.0,2024.0,ARI,66.0,,
2024,8,00-0039921,T.Benson,RB,ARI,MIA,0,0,0.0,0,0.0,0.0,0.0,1,10.0,0,0,0,0.0,0,1.0,1.0,,,73.0,215.0,22.29129411764706,0.0,Florida State,2024.0,2024.0,ARI,66.0,,
2024,9,00-0039921,T.Benson,RB,ARI,CHI,0,0,0.0,0,0.0,0.0,0.0,8,37.0,1,1,1,18.0,0,11.5,12.5,,,73.0,215.0,22.29129411764706,0.0,Florida State,2024.0,2024.0,ARI,66.0,20.0,0.05263158
2024,10,00-0039921,T.Benson,RB,ARI,NYJ,0,0,0.0,0,0.0,0.0,0.0,10,62.0,0,2,2,25.0,0,8.7,10.7,,,73.0,215.0,22.29129411764706,0.0,Florida State,2024.0,2024.0,ARI,66.0,25.0,0.083333336
2024,12,00-0039921,T.Benson,RB,ARI,SEA,0,0,0.0,0,0.0,0.0,0.0,4,18.0,0,0,0,0.0,0,1.8,1.8,,,73.0,215.0,22.29129411764706,0.0,Florida State,2024.0,2024.0,ARI,66.0,,
2024,13,00-0039921,T.Benson,RB,ARI,MIN,0,0,0.0,0,0.0,0.0,0.0,3,20.0,0,0,0,0.0,0,2.0,2.0,,,73.0,215.0,22.29129411764706,0.0,Florida State,2024.0,2024.0,ARI,66.0,,
2024,14,00-0039921,T.Benson,RB,ARI,SEA,0,0,0.0,0,0.0,0.0,0.0,2,15.0,0,1,1,4.0,0,1.9,2.9,,,73.0,215.0,22.29129411764706,0.0,Florida State,2024.0,2024.0,ARI,66.0,-12.0,0.02631579
2024,15,00-0039921,T.Benson,RB,ARI,NE,0,0,0.0,0,0.0,0.0,0.0,5,22.0,0,0,0,0.0,0,2.2,2.2,,,73.0,215.0,22.29129411764706,0.0,Florida State,2024.0,2024.0,ARI,66.0,13.0,
